{"sensorType":"Leap","data":[[0,{"currentFrameRate":105.21,"devices":[],"gestures":[],"hands":[{"armBasis":[[0.996585,0.0712725,-0.0416902],[-0.065333,0.989399,0.129696],[0.0504921,-0.12653,0.990677]],"armWidth":63.703,"confidence":0.810441,"direction":[0.125283,0.341087,-0.931646],"elbow":[32.6958,289.826,363.742],"grabStrength":0,"id":628,"palmNormal":[0.093503,-0.938924,-0.331178],"palmPosition":[18.7069,337.99,43.465],"palmVelocity":[-22.7552,-68.0865,-193.676],"palmWidth":90.9658,"pinchStrength":0.735861,"r":[[0.995485,-0.0306073,0.0898503],[0.0226528,0.995841,0.0882517],[-0.0921778,-0.0858178,0.992038]],"s":0.92315,"sphereCenter":[26.2322,302.344,12.3631],"sphereRadius":45.9475,"stabilizedPalmPosition":[6.33187,384.715,182.406],"t":[14.3907,-49.1243,-145.666],"timeVisible":0.370403,"type":"right","wrist":[19.0666,323.979,96.3303]}],"id":4217453,"interactionBox":{"center":[0,200,0],"size":[235.247,235.247,147.751]},"pointables":[{"bases":[[[0.338265,0.924714,0.174588],[-0.885608,0.250071,0.391359],[0.318236,-0.287,0.903525]],[[0.210508,0.967267,-0.141704],[-0.972342,0.222169,0.072056],[0.10118,0.122617,0.987283]],[[0.210508,0.967267,-0.141704],[-0.964831,0.182222,-0.189463],[-0.157439,0.176604,0.971609]],[[0.210508,0.967267,-0.141704],[-0.683475,0.0419819,-0.728766],[-0.698962,0.250263,0.669941]]],"btipPosition":[8.16858,293.38,-6.38303],"carpPosition":[-8.50255,311.375,91.6802],"dipPosition":[-8.18529,299.236,9.29181],"direction":[0.157439,-0.176604,-0.971609],"extended":false,"handId":628,"id":6280,"length":52.1025,"mcpPosition":[-8.50255,311.375,91.6802],"pipPosition":[-13.5519,305.256,42.4106],"stabilizedTipPosition":[-10.3305,336.065,151.269],"timeVisible":0.370403,"tipPosition":[4.53736,294.832,-1.80082],"tipVelocity":[-38.8341,-84.7449,-180.567],"tool":false,"touchDistance":-0.524204,"touchZone":"hovering","type":0,"width":20.2446},{"bases":[[[0.994719,0.102242,-0.00902373],[-0.0987482,0.977279,0.187551],[0.0279943,-0.185669,0.982214]],[[0.994173,0.0886991,0.0612583],[-0.0900741,0.995733,0.0200564],[-0.059218,-0.0254573,0.99792]],[[0.994173,0.0886991,0.0612583],[-0.0790892,0.986325,-0.144597],[-0.0732463,0.13891,0.987593]],[[0.994173,0.0886991,0.0612583],[-0.0693153,0.961232,-0.266886],[-0.082556,0.261085,0.961779]]],"btipPosition":[2.63849,340.679,-66.0024],"carpPosition":[-1.02606,333.746,89.3934],"dipPosition":[1.22835,345.138,-49.5742],"direction":[0.0732462,-0.13891,-0.987593],"extended":true,"handId":628,"id":6281,"length":58.7918,"mcpPosition":[-3.08504,347.401,17.1516],"pipPosition":[-0.541571,348.495,-25.71],"stabilizedTipPosition":[-10.8481,391.415,64.299],"timeVisible":0.370403,"tipPosition":[2.88701,342.716,-62.1659],"tipVelocity":[-38.0568,-112.111,-195.485],"tool":false,"touchDistance":0.33213,"touchZone":"hovering","type":1,"width":19.3376},{"bases":[[[0.991517,-0.0918927,0.0919202],[0.071481,0.976181,0.204844],[-0.108554,-0.196536,0.974469]],[[0.990175,-0.0941931,0.103351],[0.135629,0.467021,-0.873783],[0.0340372,0.879215,0.475208]],[[0.990175,-0.0941931,0.103351],[0.0303843,-0.576508,-0.816526],[0.136494,0.811644,-0.567982]],[[0.990175,-0.0941931,0.103351],[-0.040997,-0.902163,-0.429443],[0.13369,0.420986,-0.897161]]],"btipPosition":[10.4421,277.121,31.1585],"carpPosition":[10.9027,336.763,89.0242],"dipPosition":[12.9537,285.03,14.3036],"direction":[-0.136494,-0.811644,0.567982],"extended":false,"handId":628,"id":6282,"length":66.9886,"mcpPosition":[18.4743,350.471,21.0556],"pipPosition":[16.8341,308.104,-1.84349],"stabilizedTipPosition":[-0.686823,327.665,180.725],"timeVisible":0.370403,"tipPosition":[10.9563,279.242,28.5898],"tipVelocity":[-39.8859,-74.1324,-191.735],"tool":false,"touchDistance":0.333333,"touchZone":"none","type":2,"width":18.9921},{"bases":[[[0.956507,-0.193138,0.218614],[0.138641,0.960359,0.241847],[-0.256658,-0.20102,0.945367]],[[0.961503,-0.189032,0.199445],[0.263134,0.424182,-0.866505],[0.0791966,0.885628,0.457593]],[[0.961503,-0.189032,0.199445],[0.0477226,-0.599903,-0.798648],[0.270618,0.777421,-0.567787]],[[0.961503,-0.189032,0.199445],[-0.0878812,-0.899211,-0.428599],[0.260362,0.394572,-0.881206]]],"btipPosition":[23.3512,280.809,42.0759],"carpPosition":[23.1739,336.68,89.5328],"dipPosition":[28.2145,288.179,25.6159],"direction":[-0.270618,-0.777421,0.567787],"extended":false,"handId":628,"id":6283,"length":64.4113,"mcpPosition":[39.2467,349.268,30.3308],"pipPosition":[35.7092,309.709,9.8912],"stabilizedTipPosition":[13.3427,333.322,187.727],"timeVisible":0.370403,"tipPosition":[24.2705,282.904,39.4042],"tipVelocity":[-35.7875,-74.1657,-183.8],"tool":false,"touchDistance":0.333333,"touchZone":"none","type":3,"width":18.0722},{"bases":[[[0.884229,-0.371113,0.283575],[0.262501,0.89707,0.35547],[-0.386306,-0.239878,0.890632]],[[0.88972,-0.367607,0.270674],[0.413822,0.399122,-0.818201],[0.192745,0.83998,0.50723]],[[0.88972,-0.367607,0.270674],[0.00986463,-0.577303,-0.816471],[0.456401,0.7291,-0.510011]],[[0.88972,-0.367607,0.270674],[-0.205589,-0.852049,-0.4814],[0.407593,0.372664,-0.83366]]],"btipPosition":[34.9465,292.942,45.7917],"carpPosition":[35.3139,329.408,91.0136],"dipPosition":[41.9703,299.364,31.4259],"direction":[-0.456401,-0.7291,0.510011],"extended":false,"handId":628,"id":6284,"length":50.4973,"mcpPosition":[57.708,343.314,39.3838],"pipPosition":[50.8945,313.621,21.4533],"stabilizedTipPosition":[24.0389,342.814,186.629],"timeVisible":0.370403,"tipPosition":[36.2143,294.636,43.3098],"tipVelocity":[-30.8282,-77.3655,-192.337],"tool":false,"touchDistance":0.333333,"touchZone":"none","type":4,"width":16.0532}],"r":[[0.995485,-0.0306073,0.0898503],[0.0226528,0.995841,0.0882517],[-0.0921778,-0.0858178,0.992038]],"s":0.92315,"t":[14.3907,-49.1243,-145.666],"timestamp":522953384323},false],[1,{"currentFrameRate":105.341,"devices":[],"gestures":[],"hands":[{"armBasis":[[0.996539,0.0706195,-0.0438509],[-0.0645502,0.989792,0.127062],[0.0523763,-0.123792,0.990925]],"armWidth":63.703,"confidence":0.815062,"direction":[0.126221,0.341828,-0.931247],"elbow":[32.8863,290.221,362.484],"grabStrength":0,"id":628,"palmNormal":[0.0934126,-0.93868,-0.331895],"palmPosition":[18.4399,337.692,42.1516],"palmVelocity":[-24.4728,-58.0083,-179.157],"palmWidth":90.9658,"pinchStrength":0.750125,"r":[[0.995418,-0.0322086,0.0900292],[0.0244763,0.99602,0.0857084],[-0.0924314,-0.0831121,0.992244]],"s":0.922928,"sphereCenter":[25.6904,302.093,10.9972],"sphereRadius":45.922,"stabilizedPalmPosition":[6.33779,384.692,182.337],"t":[14.1684,-49.5478,-147.122],"timeVisible":0.379652,"type":"right","wrist":[18.7485,323.636,95.0052]}],"id":4217454,"interactionBox":{"center":[0,200,0],"size":[235.247,235.247,147.751]},"pointables":[{"bases":[[[0.338484,0.92443,0.175665],[-0.885845,0.250093,0.39081],[0.317344,-0.287895,0.903554]],[[0.210944,0.967296,-0.140861],[-0.972484,0.222249,0.0698613],[0.0988827,0.122249,0.987561]],[[0.210944,0.967296,-0.140861],[-0.964952,0.183049,-0.188044],[-0.156109,0.175591,0.972007]],[[0.210944,0.967296,-0.140861],[-0.683199,0.0428329,-0.728975],[-0.699101,0.250009,0.669891]]],"btipPosition":[7.92202,293.111,-7.76881],"carpPosition":[-8.82165,311.047,90.3208],"dipPosition":[-8.4351,298.961,7.90487],"direction":[0.156109,-0.175591,-0.972007],"extended":false,"handId":628,"id":6280,"length":52.1025,"mcpPosition":[-8.82165,311.047,90.3208],"pipPosition":[-13.7563,304.946,41.0372],"stabilizedTipPosition":[-10.3123,336.013,151.074],"timeVisible":0.379652,"tipPosition":[4.28771,294.567,-3.19805],"tipVelocity":[-35.4354,-69.153,-171.938],"tool":false,"touchDistance":-0.520908,"touchZone":"hovering","type":0,"width":20.2446},{"bases":[[[0.994767,0.101851,-0.00808135],[-0.0985189,0.977158,0.188296],[0.027075,-0.186515,0.982079]],[[0.994225,0.0885611,0.0606052],[-0.0898734,0.995767,0.0192753],[-0.0586416,-0.0246108,0.997976]],[[0.994225,0.0885611,0.0606052],[-0.0790168,0.986277,-0.14496],[-0.0726114,0.139334,0.98758]],[[0.994225,0.0885611,0.0606052],[-0.0693547,0.961234,-0.26687],[-0.08189,0.261126,0.961825]]],"btipPosition":[2.34643,340.364,-67.3294],"carpPosition":[-1.33426,333.416,88.0594],"dipPosition":[0.947664,344.825,-50.9004],"direction":[0.0726114,-0.139334,-0.98758],"extended":true,"handId":628,"id":6281,"length":58.7918,"mcpPosition":[-3.32563,347.135,15.8275],"pipPosition":[-0.806914,348.192,-27.0365],"stabilizedTipPosition":[-10.7811,391.154,63.6331],"timeVisible":0.379652,"tipPosition":[2.60839,342.385,-63.4928],"tipVelocity":[-36.1567,-90.1499,-180.864],"tool":false,"touchDistance":0.332168,"touchZone":"hovering","type":1,"width":19.3376},{"bases":[[[0.991401,-0.0923678,0.0926947],[0.0716949,0.975978,0.205735],[-0.109471,-0.19732,0.974208]],[[0.989943,-0.0948461,0.104959],[0.137717,0.476491,-0.868326],[0.0323453,0.874049,0.484761]],[[0.989943,-0.0948461,0.104959],[0.0329324,-0.567051,-0.823024],[0.137578,0.818203,-0.558225]],[[0.989943,-0.0948461,0.104959],[-0.0396653,-0.898284,-0.437621],[0.13579,0.429057,-0.893012]]],"btipPosition":[10.2107,276.753,29.0399],"carpPosition":[10.596,336.43,87.703],"dipPosition":[12.7617,284.814,12.2629],"direction":[-0.137578,-0.818203,0.558225],"extended":false,"handId":628,"id":6282,"length":66.9886,"mcpPosition":[18.2315,350.192,19.7526],"pipPosition":[16.6729,308.074,-3.6068],"stabilizedTipPosition":[-0.678542,327.629,180.613],"timeVisible":0.379652,"tipPosition":[10.7244,278.9,26.5884],"tipVelocity":[-35.4346,-63.4229,-201.679],"tool":false,"touchDistance":0.333333,"touchZone":"none","type":2,"width":18.9921},{"bases":[[[0.956241,-0.193707,0.219272],[0.138817,0.960097,0.242783],[-0.257551,-0.20172,0.944974]],[[0.961433,-0.189433,0.199401],[0.262175,0.412101,-0.872604],[0.0831266,0.891228,0.445872]],[[0.961433,-0.189433,0.199401],[0.043622,-0.610793,-0.790587],[0.271556,0.768795,-0.578974]],[[0.961433,-0.189433,0.199401],[-0.0909226,-0.903143,-0.419602],[0.259574,0.385289,-0.885536]]],"btipPosition":[22.9132,280.676,41.704],"carpPosition":[22.8668,336.341,88.2221],"dipPosition":[27.7618,287.873,25.1631],"direction":[-0.271556,-0.768795,0.578974],"extended":false,"handId":628,"id":6283,"length":64.4113,"mcpPosition":[38.9955,348.973,29.0447],"pipPosition":[35.2824,309.164,9.1286],"stabilizedTipPosition":[13.3523,333.276,187.592],"timeVisible":0.379652,"tipPosition":[23.9155,282.647,38.5238],"tipVelocity":[-39.1416,-58.5768,-144.018],"tool":false,"touchDistance":0.333333,"touchZone":"none","type":3,"width":18.0722},{"bases":[[[0.883836,-0.371707,0.28402],[0.262554,0.896662,0.356458],[-0.387168,-0.24048,0.890096]],[[0.889644,-0.367993,0.270398],[0.413155,0.396399,-0.81986],[0.194517,0.8411,0.504692]],[[0.889644,-0.367993,0.270398],[0.00849604,-0.578687,-0.815505],[0.456576,0.727807,-0.511699]],[[0.889644,-0.367993,0.270398],[-0.20612,-0.851971,-0.481311],[0.40749,0.372461,-0.833801]]],"btipPosition":[34.6208,292.622,44.6415],"carpPosition":[35.0026,329.063,89.7071],"dipPosition":[41.6428,299.04,30.2733],"direction":[-0.456576,-0.727807,0.511699],"extended":false,"handId":628,"id":6284,"length":50.4973,"mcpPosition":[57.4466,343.004,38.1085],"pipPosition":[50.5705,313.271,20.2677],"stabilizedTipPosition":[24.0478,342.779,186.524],"timeVisible":0.379652,"tipPosition":[35.9257,294.309,42.0406],"tipVelocity":[-32.0724,-65.4013,-173.252],"tool":false,"touchDistance":0.333333,"touchZone":"none","type":4,"width":16.0532}],"r":[[0.995418,-0.0322086,0.0900292],[0.0244763,0.99602,0.0857084],[-0.0924314,-0.0831121,0.992244]],"s":0.922928,"t":[14.1684,-49.5478,-147.122],"timestamp":522953393572},false],[2,{"currentFrameRate":105.67,"devices":[],"gestures":[],"hands":[{"armBasis":[[0.997299,0.0609057,-0.0410547],[-0.0555031,0.990992,0.121881],[0.0481081,-0.119273,0.991695]],"armWidth":63.703,"confidence":0.818753,"direction":[0.125172,0.341478,-0.931517],"elbow":[31.7033,290.718,360.721],"grabStrength":0,"id":628,"palmNormal":[0.0848191,-0.939148,-0.332878],"palmPosition":[18.3083,337.007,40.1915],"palmVelocity":[-21.8704,-63.2543,-190.591],"palmWidth":90.9658,"pinchStrength":0.748492,"r":[[0.995381,-0.0350433,0.0893809],[0.0275453,0.996103,0.0837844],[-0.0919687,-0.0809354,0.992467]],"s":0.923275,"sphereCenter":[24.8858,301.417,8.97579],"sphereRadius":45.8846,"stabilizedPalmPosition":[6.34301,384.671,182.275],"t":[13.9915,-50.1022,-148.83],"timeVisible":0.388506,"type":"right","wrist":[18.7176,322.913,93.0343]}],"id":4217455,"interactionBox":{"center":[0,200,0],"size":[235.247,235.247,147.751]},"pointables":[{"bases":[[[0.346332,0.921659,0.174924],[-0.882323,0.256679,0.394488],[0.318684,-0.290964,0.902098]],[[0.217808,0.965723,-0.141205],[-0.970622,0.229486,0.0723109],[0.102237,0.121307,0.987336]],[[0.217808,0.965723,-0.141205],[-0.964551,0.190902,-0.182202],[-0.149001,0.175885,0.973069]],[[0.217808,0.965723,-0.141205],[-0.685972,0.0485587,-0.726006],[-0.694264,0.254993,0.673035]]],"btipPosition":[7.25313,292.525,-9.737],"carpPosition":[-8.96765,310.54,88.4511],"dipPosition":[-8.99081,298.491,6.01025],"direction":[0.149001,-0.175885,-0.973069],"extended":false,"handId":628,"id":6280,"length":52.1025,"mcpPosition":[-8.96765,310.54,88.4511],"pipPosition":[-14.0697,304.487,39.1788],"stabilizedTipPosition":[-10.2963,335.964,150.891],"timeVisible":0.388506,"tipPosition":[3.64441,294.013,-5.16105],"tipVelocity":[-45.5011,-67.5229,-185.057],"tool":false,"touchDistance":-0.526419,"touchZone":"hovering","type":0,"width":20.2446},{"bases":[[[0.995486,0.0941482,-0.0119649],[-0.0901965,0.977763,0.189326],[0.0295235,-0.187392,0.981841]],[[0.995173,0.0811043,0.0552507],[-0.0822668,0.996427,0.0190983],[-0.0535043,-0.0235514,0.99829]],[[0.995173,0.0811043,0.0552507],[-0.0723693,0.98678,-0.145013],[-0.0662814,0.140315,0.987886]],[[0.995173,0.0811043,0.0552507],[-0.0635617,0.961659,-0.26678],[-0.0747693,0.261981,0.962172]]],"btipPosition":[1.6892,339.782,-69.2235],"carpPosition":[-1.31617,332.853,86.1746],"dipPosition":[0.412058,344.257,-52.7886],"direction":[0.0662814,-0.140315,-0.987886],"extended":true,"handId":628,"id":6281,"length":58.7918,"mcpPosition":[-3.48762,346.636,13.9602],"pipPosition":[-1.18956,347.647,-28.9173],"stabilizedTipPosition":[-10.7244,390.92,63.032],"timeVisible":0.388506,"tipPosition":[1.99583,341.782,-65.389],"tipVelocity":[-45.6112,-83.4529,-189.775],"tool":false,"touchDistance":0.331698,"touchZone":"hovering","type":1,"width":19.3376},{"bases":[[[0.991015,-0.100108,0.0886966],[0.0800709,0.975252,0.206087],[-0.107133,-0.197134,0.974505]],[[0.989568,-0.102615,0.101121],[0.138069,0.475074,-0.869046],[0.041137,0.873942,0.484286]],[[0.989568,-0.102615,0.101121],[0.0252353,-0.567591,-0.822924],[0.14184,0.816891,-0.55908]],[[0.989568,-0.102615,0.101121],[-0.0484222,-0.897973,-0.437378],[0.135686,0.427919,-0.893574]]],"btipPosition":[9.54423,276.148,27.1467],"carpPosition":[10.6356,335.774,85.7729],"dipPosition":[12.0934,284.188,10.3591],"direction":[-0.14184,-0.816891,0.55908],"extended":false,"handId":628,"id":6282,"length":66.9886,"mcpPosition":[18.108,349.524,17.8017],"pipPosition":[16.1257,307.411,-5.53484],"stabilizedTipPosition":[-0.67137,327.596,180.509],"timeVisible":0.388506,"tipPosition":[10.0712,278.281,24.6258],"tipVelocity":[-46.2348,-64.8941,-205.042],"tool":false,"touchDistance":0.333333,"touchZone":"none","type":2,"width":18.9921},{"bases":[[[0.955574,-0.201259,0.215347],[0.147214,0.958826,0.242858],[-0.255357,-0.200366,0.945857]],[[0.960806,-0.196937,0.195112],[0.260742,0.40292,-0.877307],[0.0941597,0.893796,0.438478]],[[0.960806,-0.196937,0.195112],[0.0333943,-0.616463,-0.786676],[0.275204,0.762358,-0.585724]],[[0.960806,-0.196937,0.195112],[-0.100897,-0.903954,-0.415556],[0.25821,0.379582,-0.888394]]],"btipPosition":[22.2479,280.01,40.2404],"carpPosition":[22.9072,335.59,86.2431],"dipPosition":[27.071,287.101,23.646],"direction":[-0.275204,-0.762358,0.585724],"extended":false,"handId":628,"id":6283,"length":64.4113,"mcpPosition":[38.8985,348.138,27.0104],"pipPosition":[34.6926,308.214,7.42462],"stabilizedTipPosition":[13.3623,333.224,187.44],"timeVisible":0.388506,"tipPosition":[23.2965,281.915,36.7859],"tipVelocity":[-49.0698,-63.819,-150.159],"tool":false,"touchDistance":0.333333,"touchZone":"none","type":3,"width":18.0722},{"bases":[[[0.882049,-0.378737,0.280265],[0.270906,0.894357,0.355999],[-0.385487,-0.238083,0.891469]],[[0.887968,-0.374969,0.266293],[0.412566,0.393587,-0.82151],[0.203231,0.839338,0.504192]],[[0.887968,-0.374969,0.266293],[0.000574294,-0.578112,-0.815957],[0.459906,0.724697,-0.513129]],[[0.887968,-0.374969,0.266293],[-0.214559,-0.849898,-0.481287],[0.40679,0.370232,-0.835135]]],"btipPosition":[34.1518,291.798,42.5986],"carpPosition":[34.9921,328.217,87.6752],"dipPosition":[41.1617,298.178,28.2074],"direction":[-0.459906,-0.724697,0.513129],"extended":false,"handId":628,"id":6284,"length":50.4973,"mcpPosition":[57.3387,342.019,35.997],"pipPosition":[50.1545,312.349,18.1739],"stabilizedTipPosition":[24.0561,342.744,186.418],"timeVisible":0.388506,"tipPosition":[35.4639,293.479,39.9754],"tipVelocity":[-37.8167,-73.1369,-188.978],"tool":false,"touchDistance":0.333333,"touchZone":"none","type":4,"width":16.0532}],"r":[[0.995381,-0.0350433,0.0893809],[0.0275453,0.996103,0.0837844],[-0.0919687,-0.0809354,0.992467]],"s":0.923275,"t":[13.9915,-50.1022,-148.83],"timestamp":522953402426},false],[3,{"currentFrameRate":105.91,"devices":[],"gestures":[],"hands":[{"armBasis":[[0.997097,0.0641357,-0.041042],[-0.0586981,0.990767,0.122212],[0.0485012,-0.119448,0.991655]],"armWidth":63.703,"confidence":0.822105,"direction":[0.124721,0.344195,-0.930577],"elbow":[31.4247,290.026,359.285],"grabStrength":0,"id":628,"palmNormal":[0.0882954,-0.93803,-0.335118],"palmPosition":[17.9161,336.491,38.8008],"palmVelocity":[-27.8296,-61.644,-180.688],"palmWidth":90.9658,"pinchStrength":0.736814,"r":[[0.995356,-0.0366738,0.0890051],[0.0293043,0.99614,0.0827373],[-0.0916959,-0.0797449,0.992589]],"s":0.924199,"sphereCenter":[24.3045,301.082,7.50008],"sphereRadius":45.829,"stabilizedPalmPosition":[6.34799,384.651,182.213],"t":[13.707,-50.6376,-150.38],"timeVisible":0.397506,"type":"right","wrist":[18.3328,322.268,91.6091]}],"id":4217456,"interactionBox":{"center":[0,200,0],"size":[235.247,235.247,147.751]},"pointables":[{"bases":[[[0.343035,0.922407,0.177459],[-0.883503,0.252684,0.394428],[0.318982,-0.292088,0.901629]],[[0.214542,0.966802,-0.1388],[-0.971681,0.225679,0.0700348],[0.099034,0.119844,0.987841]],[[0.214542,0.966802,-0.1388],[-0.965398,0.188334,-0.18038],[-0.148251,0.172696,0.973755]],[[0.214542,0.966802,-0.1388],[-0.685316,0.0477515,-0.726679],[-0.695927,0.251025,0.67281]]],"btipPosition":[7.08773,292.071,-11.2575],"carpPosition":[-9.30624,309.812,86.9738],"dipPosition":[-9.19511,297.945,4.48443],"direction":[0.148251,-0.172696,-0.973755],"extended":false,"handId":628,"id":6280,"length":52.1025,"mcpPosition":[-9.30624,309.812,86.9738],"pipPosition":[-14.2485,303.831,37.6763],"stabilizedTipPosition":[-10.2814,335.917,150.718],"timeVisible":0.397506,"tipPosition":[3.45268,293.545,-6.70258],"tipVelocity":[-38.3265,-63.4806,-180.671],"tool":false,"touchDistance":-0.524937,"touchZone":"hovering","type":0,"width":20.2446},{"bases":[[[0.995167,0.0975874,-0.0109552],[-0.0936941,0.97698,0.191657],[0.0294063,-0.189704,0.981401]],[[0.994901,0.0846573,0.0548265],[-0.0859058,0.996086,0.0208262],[-0.0528488,-0.0254299,0.998279]],[[0.994901,0.0846573,0.0548265],[-0.0760802,0.986779,-0.143104],[-0.0662164,0.138203,0.988188]],[[0.994901,0.0846573,0.0548265],[-0.0672661,0.961971,-0.264741],[-0.0751537,0.259703,0.96276]]],"btipPosition":[1.26129,339.426,-70.6243],"carpPosition":[-1.72954,332.156,84.7582],"dipPosition":[-0.0224164,343.862,-54.1794],"direction":[0.0662164,-0.138203,-0.988188],"extended":true,"handId":628,"id":6281,"length":58.7918,"mcpPosition":[-3.89237,346.109,12.5762],"pipPosition":[-1.62247,347.201,-30.3009],"stabilizedTipPosition":[-10.6741,390.703,62.4735],"timeVisible":0.397506,"tipPosition":[1.57342,341.389,-66.7854],"tipVelocity":[-46.1884,-71.676,-180.335],"tool":false,"touchDistance":0.332086,"touchZone":"hovering","type":1,"width":19.3376},{"bases":[[[0.991284,-0.0969302,0.0892251],[0.0765678,0.975011,0.208546],[-0.10721,-0.199896,0.973934]],[[0.989752,-0.0996105,0.102319],[0.137448,0.470237,-0.871771],[0.0387234,0.876901,0.479109]],[[0.989752,-0.0996105,0.102319],[0.0270952,-0.572508,-0.819452],[0.140204,0.813826,-0.563942]],[[0.989752,-0.0996105,0.102319],[-0.045677,-0.899723,-0.434064],[0.135296,0.424942,-0.895053]]],"btipPosition":[9.29661,275.686,26.2021],"carpPosition":[10.2124,335.119,84.373],"dipPosition":[11.8384,283.67,9.38675],"direction":[-0.140204,-0.813826,0.563942],"extended":false,"handId":628,"id":6282,"length":66.9886,"mcpPosition":[17.6902,349.062,16.4417],"pipPosition":[15.8243,306.806,-6.64545],"stabilizedTipPosition":[-0.664264,327.563,180.402],"timeVisible":0.397506,"tipPosition":[9.85179,277.771,23.3205],"tipVelocity":[-41.1457,-61.5545,-177.756],"tool":false,"touchDistance":0.333333,"touchZone":"none","type":2,"width":18.9921},{"bases":[[[0.956091,-0.198513,0.215598],[0.143738,0.958725,0.245328],[-0.2554,-0.203566,0.945162]],[[0.961372,-0.194081,0.195183],[0.259375,0.401412,-0.878404],[0.0921322,0.895098,0.436246]],[[0.961372,-0.194081,0.195183],[0.0347542,-0.617843,-0.785533],[0.27305,0.761973,-0.587232]],[[0.961372,-0.194081,0.195183],[-0.0982325,-0.904329,-0.415378],[0.257127,0.380159,-0.888462]]],"btipPosition":[21.9981,279.538,39.0359],"carpPosition":[22.4843,334.976,84.8524],"dipPosition":[26.801,286.639,22.4403],"direction":[-0.27305,-0.761973,0.587232],"extended":false,"handId":628,"id":6283,"length":64.4113,"mcpPosition":[38.4783,347.724,25.6632],"pipPosition":[34.363,307.742,6.1771],"stabilizedTipPosition":[13.3731,333.166,187.271],"timeVisible":0.397506,"tipPosition":[23.0671,281.416,35.4345],"tipVelocity":[-43.3583,-60.618,-145.685],"tool":false,"touchDistance":0.333333,"touchZone":"none","type":3,"width":18.0722},{"bases":[[[0.883125,-0.376401,0.280023],[0.267563,0.894401,0.358408],[-0.385358,-0.241595,0.890579]],[[0.889138,-0.372514,0.265832],[0.411569,0.396891,-0.82042],[0.200111,0.838875,0.506206]],[[0.889138,-0.372514,0.265832],[0.00300095,-0.57612,-0.81736],[0.457629,0.727544,-0.511132]],[[0.889138,-0.372514,0.265832],[-0.211276,-0.849401,-0.483612],[0.40595,0.373834,-0.833938]]],"btipPosition":[33.9148,291.324,41.1199],"carpPosition":[34.5933,327.641,86.2758],"dipPosition":[40.9102,297.766,26.7493],"direction":[-0.457629,-0.727544,0.511132],"extended":false,"handId":628,"id":6284,"length":50.4973,"mcpPosition":[56.9324,341.647,34.6491],"pipPosition":[49.8585,311.993,16.7548],"stabilizedTipPosition":[24.0644,342.708,186.312],"timeVisible":0.397506,"tipPosition":[35.2266,293.015,38.4867],"tipVelocity":[-34.7676,-67.0775,-182.059],"tool":false,"touchDistance":0.333333,"touchZone":"none","type":4,"width":16.0532}],"r":[[0.995356,-0.0366738,0.0890051],[0.0293043,0.99614,0.0827373],[-0.0916959,-0.0797449,0.992589]],"s":0.924199,"t":[13.707,-50.6376,-150.38],"timestamp":522953411426},false],[4,{"currentFrameRate":106.125,"devices":[],"gestures":[],"hands":[{"armBasis":[[0.996959,0.0643657,-0.0439365],[-0.0581967,0.98986,0.12958],[0.0518314,-0.126629,0.990595]],"armWidth":63.703,"confidence":0.823685,"direction":[0.12648,0.343537,-0.930583],"elbow":[31.8506,287.621,357.07],"grabStrength":0,"id":628,"palmNormal":[0.0870037,-0.938344,-0.334577],"palmPosition":[17.5333,336,36.8653],"palmVelocity":[-31.8438,-59.6301,-189.976],"palmWidth":90.9658,"pinchStrength":0.730185,"r":[[0.995298,-0.038331,0.0889522],[0.0310524,0.996164,0.0818142],[-0.091747,-0.0786673,0.99267]],"s":0.925074,"sphereCenter":[23.601,300.617,5.57529],"sphereRadius":45.7735,"stabilizedPalmPosition":[6.35254,384.631,182.154],"t":[13.3733,-51.1505,-152.122],"timeVisible":0.406532,"type":"right","wrist":[17.8598,321.801,89.6806]}],"id":4217457,"interactionBox":{"center":[0,200,0],"size":[235.247,235.247,147.751]},"pointables":[{"bases":[[[0.344489,0.921867,0.177452],[-0.883524,0.254467,0.393233],[0.317352,-0.292247,0.902152]],[[0.216445,0.966346,-0.139023],[-0.971529,0.227247,0.0670092],[0.0963466,0.120561,0.988019]],[[0.216445,0.966346,-0.139023],[-0.965122,0.190306,-0.179789],[-0.147281,0.173089,0.973832]],[[0.216445,0.966346,-0.139023],[-0.683996,0.0484882,-0.727873],[-0.696636,0.252636,0.671471]]],"btipPosition":[6.71551,291.566,-13.1942],"carpPosition":[-9.79611,309.393,85.0174],"dipPosition":[-9.58393,297.477,2.51648],"direction":[0.147281,-0.173089,-0.973832],"extended":false,"handId":628,"id":6280,"length":52.1025,"mcpPosition":[-9.79611,309.393,85.0174],"pipPosition":[-14.6042,303.377,35.711],"stabilizedTipPosition":[-10.2683,335.875,150.56],"timeVisible":0.406532,"tipPosition":[3.06244,293.052,-8.66437],"tipVelocity":[-39.2446,-61.1596,-190.219],"tool":false,"touchDistance":-0.529934,"touchZone":"hovering","type":0,"width":20.2446},{"bases":[[[0.995355,0.0957789,-0.00978558],[-0.0921568,0.977237,0.191091],[0.0278653,-0.189302,0.981524]],[[0.995046,0.083193,0.0544296],[-0.0843434,0.996252,0.019187],[-0.0526293,-0.0236827,0.998333]],[[0.995046,0.083193,0.0544296],[-0.0745728,0.986653,-0.14476],[-0.0657461,0.139984,0.987969]],[[0.995046,0.083193,0.0544296],[-0.0658306,0.96163,-0.266334],[-0.0744982,0.261431,0.962343]]],"btipPosition":[0.895956,338.815,-72.5808],"carpPosition":[-2.17622,331.723,82.8007],"dipPosition":[-0.376552,343.281,-56.1429],"direction":[0.0657461,-0.139984,-0.987969],"extended":true,"handId":628,"id":6281,"length":58.7918,"mcpPosition":[-4.22572,345.646,10.6097],"pipPosition":[-1.96524,346.663,-32.2697],"stabilizedTipPosition":[-10.6312,390.509,61.9739],"timeVisible":0.406532,"tipPosition":[1.22246,340.767,-68.7453],"tipVelocity":[-44.5374,-70.3617,-190.41],"tool":false,"touchDistance":0.331639,"touchZone":"hovering","type":1,"width":19.3376},{"bases":[[[0.990997,-0.0986848,0.0904797],[0.0780806,0.974967,0.208189],[-0.10876,-0.199249,0.973895]],[[0.989387,-0.101449,0.10403],[0.139616,0.46531,-0.874068],[0.0402675,0.879315,0.474535]],[[0.989387,-0.101449,0.10403],[0.0267175,-0.576714,-0.816509],[0.14283,0.810622,-0.567883]],[[0.989387,-0.101449,0.10403],[-0.0471,-0.901181,-0.430877],[0.137462,0.421404,-0.896394]]],"btipPosition":[8.77413,275.227,24.6182],"carpPosition":[9.77155,334.664,82.4287],"dipPosition":[11.3566,283.144,7.77768],"direction":[-0.14283,-0.810622,0.567883],"extended":false,"handId":628,"id":6282,"length":66.9886,"mcpPosition":[17.3575,348.561,14.5001],"pipPosition":[15.4171,306.189,-8.36656],"stabilizedTipPosition":[-0.657483,327.529,180.294],"timeVisible":0.406532,"tipPosition":[9.3561,277.275,21.5235],"tipVelocity":[-45.4683,-59.0796,-177.305],"tool":false,"touchDistance":0.333333,"touchZone":"none","type":2,"width":18.9921},{"bases":[[[0.955466,-0.200145,0.216857],[0.145176,0.958577,0.24506],[-0.256922,-0.202664,0.944944]],[[0.9608,-0.195714,0.196367],[0.260984,0.399485,-0.878806],[0.0935493,0.895605,0.434903]],[[0.9608,-0.195714,0.196367],[0.0343677,-0.618742,-0.784842],[0.275106,0.760825,-0.587761]],[[0.9608,-0.195714,0.196367],[-0.0993927,-0.904359,-0.415037],[0.258815,0.37925,-0.88836]]],"btipPosition":[21.4998,279.031,37.193],"carpPosition":[22.0425,334.499,82.9231],"dipPosition":[26.3342,286.115,20.5993],"direction":[-0.275106,-0.760825,0.587761],"extended":false,"handId":628,"id":6283,"length":64.4113,"mcpPosition":[38.1318,347.19,23.7477],"pipPosition":[33.9532,307.186,4.32153],"stabilizedTipPosition":[13.3835,333.107,187.098],"timeVisible":0.406532,"tipPosition":[22.5825,280.899,33.5599],"tipVelocity":[-46.3974,-59.5303,-161.769],"tool":false,"touchDistance":0.333333,"touchZone":"none","type":3,"width":18.0722},{"bases":[[[0.882099,-0.377871,0.281274],[0.268746,0.894081,0.358321],[-0.386881,-0.240483,0.89022]],[[0.888249,-0.373926,0.266819],[0.412952,0.395582,-0.820357],[0.201204,0.838865,0.505789]],[[0.888249,-0.373926,0.266819],[0.00272172,-0.576552,-0.817056],[0.459353,0.726475,-0.511105]],[[0.888249,-0.373926,0.266819],[-0.212238,-0.8492,-0.483543],[0.407392,0.372878,-0.833663]]],"btipPosition":[33.449,290.799,39.2391],"carpPosition":[34.1364,327.143,84.3647],"dipPosition":[40.4693,297.225,24.8733],"direction":[-0.459353,-0.726475,0.511105],"extended":false,"handId":628,"id":6284,"length":50.4973,"mcpPosition":[56.5638,341.084,32.7589],"pipPosition":[49.4513,311.43,14.8794],"stabilizedTipPosition":[24.072,342.673,186.208],"timeVisible":0.406532,"tipPosition":[34.7711,292.486,36.5891],"tipVelocity":[-39.2256,-64.7486,-189.268],"tool":false,"touchDistance":0.333333,"touchZone":"none","type":4,"width":16.0532}],"r":[[0.995298,-0.038331,0.0889522],[0.0310524,0.996164,0.0818142],[-0.091747,-0.0786673,0.99267]],"s":0.925074,"t":[13.3733,-51.1505,-152.122],"timestamp":522953420452},false],[5,{"currentFrameRate":106.312,"devices":[],"gestures":[],"hands":[{"armBasis":[[0.996569,0.0680505,-0.0471169],[-0.0612732,0.98925,0.132778],[0.055646,-0.129435,0.990025]],"armWidth":63.703,"confidence":0.827599,"direction":[0.126845,0.343893,-0.930402],"elbow":[32.527,286.647,355.805],"grabStrength":0,"id":628,"palmNormal":[0.0897494,-0.93811,-0.334506],"palmPosition":[17.2139,335.786,35.7544],"palmVelocity":[-32.7816,-49.6908,-171.359],"palmWidth":90.9658,"pinchStrength":0.725288,"r":[[0.995246,-0.0391673,0.08917],[0.0319391,0.996195,0.0810928],[-0.0920069,-0.0778593,0.99271]],"s":0.926146,"sphereCenter":[23.0307,300.5,4.45578],"sphereRadius":45.7123,"stabilizedPalmPosition":[6.35667,384.612,182.099],"t":[13.0468,-51.5141,-153.549],"timeVisible":0.415595,"type":"right","wrist":[17.5066,321.585,88.5695]}],"id":4217458,"interactionBox":{"center":[0,200,0],"size":[235.247,235.247,147.751]},"pointables":[{"bases":[[[0.341987,0.922703,0.177943],[-0.884659,0.252272,0.392093],[0.316896,-0.291509,0.902551]],[[0.214204,0.966879,-0.138789],[-0.972435,0.224486,0.0630534],[0.0921212,0.121457,0.988313]],[[0.214204,0.966879,-0.138789],[-0.965727,0.188307,-0.178636],[-0.146584,0.172297,0.974077]],[[0.214204,0.966879,-0.138789],[-0.681819,0.0462569,-0.730057],[-0.699457,0.25101,0.669144]]],"btipPosition":[6.65217,291.302,-14.3105],"carpPosition":[-10.1126,309.109,83.8697],"dipPosition":[-9.71327,297.175,1.34572],"direction":[0.146584,-0.172297,-0.974077],"extended":false,"handId":628,"id":6280,"length":52.1025,"mcpPosition":[-10.1126,309.109,83.8697],"pipPosition":[-14.7098,303.048,34.5486],"stabilizedTipPosition":[-10.2569,335.838,150.421],"timeVisible":0.415595,"tipPosition":[2.95078,292.788,-9.82826],"tipVelocity":[-30.7979,-52.5646,-172.082],"tool":false,"touchDistance":-0.522207,"touchZone":"hovering","type":0,"width":20.2446},{"bases":[[[0.995128,0.0982298,-0.0084849],[-0.0948114,0.976997,0.191016],[0.0270532,-0.189281,0.98155]],[[0.99482,0.0859187,0.0543303],[-0.0870317,0.996035,0.0184587],[-0.0525289,-0.0230916,0.998352]],[[0.99482,0.0859187,0.0543303],[-0.0772359,0.98633,-0.145562],[-0.0660941,0.140612,0.987856]],[[0.99482,0.0859187,0.0543303],[-0.0684275,0.961224,-0.267145],[-0.0751763,0.262044,0.962123]]],"btipPosition":[0.602785,338.497,-73.7139],"carpPosition":[-2.5448,331.458,81.6639],"dipPosition":[-0.681305,342.973,-57.2798],"direction":[0.066094,-0.140612,-0.987856],"extended":true,"handId":628,"id":6281,"length":58.7918,"mcpPosition":[-4.53456,345.379,9.4709],"pipPosition":[-2.2784,346.371,-33.4093],"stabilizedTipPosition":[-10.5946,390.339,61.5328],"timeVisible":0.415595,"tipPosition":[0.932475,340.43,-69.8801],"tipVelocity":[-41.2518,-60.534,-172.377],"tool":false,"touchDistance":0.332304,"touchZone":"hovering","type":1,"width":19.3376},{"bases":[[[0.991118,-0.096249,0.0917657],[0.0754086,0.975146,0.208335],[-0.109537,-0.199565,0.973743]],[[0.98946,-0.0990769,0.105602],[0.139738,0.462106,-0.875746],[0.0379668,0.881273,0.471081]],[[0.98946,-0.0990769,0.105602],[0.0288821,-0.579593,-0.814394],[0.141894,0.808861,-0.570622]],[[0.98946,-0.0990769,0.105602],[-0.0445718,-0.902259,-0.428884],[0.137773,0.419657,-0.897166]]],"btipPosition":[8.58456,275.002,23.7666],"carpPosition":[9.39617,334.428,81.3076],"dipPosition":[11.1729,282.886,6.91151],"direction":[-0.141894,-0.808861,0.570622],"extended":false,"handId":628,"id":6282,"length":66.9886,"mcpPosition":[17.0363,348.348,13.3896],"pipPosition":[15.2068,305.881,-9.31061],"stabilizedTipPosition":[-0.650973,327.495,180.188],"timeVisible":0.415595,"tipPosition":[9.1801,277.026,20.5091],"tipVelocity":[-38.6458,-49.8519,-154.39],"tool":false,"touchDistance":0.333333,"touchZone":"none","type":2,"width":18.9921},{"bases":[[[0.955673,-0.197803,0.218092],[0.142497,0.958919,0.245294],[-0.257652,-0.203343,0.944599]],[[0.961045,-0.193338,0.197518],[0.260483,0.3946,-0.881158],[0.0924205,0.898282,0.42959]],[[0.961045,-0.193338,0.197518],[0.0351827,-0.623242,-0.781237],[0.274145,0.757753,-0.592162]],[[0.961045,-0.193338,0.197518],[-0.0977466,-0.906191,-0.411417],[0.258532,0.376083,-0.889788]]],"btipPosition":[21.2522,278.893,36.4954],"carpPosition":[21.6669,334.293,81.818],"dipPosition":[26.0814,285.917,19.875],"direction":[-0.274145,-0.757753,0.592162],"extended":false,"handId":628,"id":6283,"length":64.4113,"mcpPosition":[37.8019,347.027,22.6641],"pipPosition":[33.6737,306.903,3.47531],"stabilizedTipPosition":[13.3935,333.048,186.926],"timeVisible":0.415595,"tipPosition":[22.3621,280.713,32.6933],"tipVelocity":[-41.1649,-47.7181,-138.537],"tool":false,"touchDistance":0.333333,"touchZone":"none","type":3,"width":18.0722},{"bases":[[[0.88266,-0.375712,0.282405],[0.266077,0.894723,0.358712],[-0.387447,-0.241479,0.889704]],[[0.888911,-0.37169,0.267737],[0.412793,0.396578,-0.819956],[0.198591,0.839388,0.505953]],[[0.888911,-0.37169,0.267737],[0.0050552,-0.576482,-0.817094],[0.458051,0.727678,-0.510562]],[[0.888911,-0.37169,0.267737],[-0.209509,-0.849647,-0.483947],[0.40736,0.374093,-0.833134]]],"btipPosition":[33.2407,290.618,38.1538],"carpPosition":[33.777,326.967,83.275],"dipPosition":[40.2605,297.065,23.797],"direction":[-0.458051,-0.727678,0.510562],"extended":false,"handId":628,"id":6284,"length":50.4973,"mcpPosition":[56.2372,340.966,31.6991],"pipPosition":[49.217,311.293,13.8137],"stabilizedTipPosition":[24.0789,342.641,186.111],"timeVisible":0.415595,"tipPosition":[34.5645,292.308,35.4939],"tipVelocity":[-34.7433,-52.2329,-170.005],"tool":false,"touchDistance":0.333333,"touchZone":"none","type":4,"width":16.0532}],"r":[[0.995246,-0.0391673,0.08917],[0.0319391,0.996195,0.0810928],[-0.0920069,-0.0778593,0.99271]],"s":0.926146,"t":[13.0468,-51.5141,-153.549],"timestamp":522953429515},false],[6,{"currentFrameRate":106.496,"devices":[],"gestures":[],"hands":[{"armBasis":[[0.996672,0.0646351,-0.0496705],[-0.0576219,0.989632,0.131563],[0.0576591,-0.128263,0.990063]],"armWidth":63.703,"confidence":0.832211,"direction":[0.127367,0.344045,-0.930275],"elbow":[32.8985,286.839,355.15],"grabStrength":0,"id":628,"palmNormal":[0.086405,-0.938196,-0.335144],"palmPosition":[17.054,335.695,35.0985],"palmVelocity":[-28.6115,-38.7599,-144.071],"palmWidth":90.9658,"pinchStrength":0.723023,"r":[[0.995189,-0.0405093,0.0892067],[0.033322,0.996187,0.0806343],[-0.092133,-0.0772738,0.992744]],"s":0.927694,"sphereCenter":[22.4108,300.475,3.76551],"sphereRadius":45.6879,"stabilizedPalmPosition":[6.36035,384.595,182.048],"t":[12.8036,-51.7415,-154.59],"timeVisible":0.424647,"type":"right","wrist":[17.3347,321.461,87.9046]}],"id":4217459,"interactionBox":{"center":[0,200,0],"size":[235.247,235.247,147.751]},"pointables":[{"bases":[[[0.345173,0.92145,0.178282],[-0.883553,0.25497,0.392841],[0.316527,-0.29312,0.902159]],[[0.217305,0.966244,-0.138384],[-0.971776,0.227492,0.062443],[0.0918166,0.12091,0.988408]],[[0.217305,0.966244,-0.138384],[-0.96545,0.191873,-0.176327],[-0.143823,0.17192,0.974555]],[[0.217305,0.966244,-0.138384],[-0.681954,0.0488533,-0.729762],[-0.698368,0.252953,0.66955]]],"btipPosition":[6.33137,291.267,-14.9951],"carpPosition":[-10.329,309.08,83.2156],"dipPosition":[-10.0086,297.185,0.670582],"direction":[0.143823,-0.17192,-0.974555],"extended":false,"handId":628,"id":6280,"length":52.1025,"mcpPosition":[-10.329,309.08,83.2156],"pipPosition":[-14.911,303.046,33.8898],"stabilizedTipPosition":[-10.2474,335.805,150.3],"timeVisible":0.424647,"tipPosition":[2.62822,292.766,-10.5254],"tipVelocity":[-31.8999,-38.8154,-145.403],"tool":false,"touchDistance":-0.508556,"touchZone":"hovering","type":0,"width":20.2446},{"bases":[[[0.995443,0.0949246,-0.00909055],[-0.0914335,0.977189,0.191681],[0.0270785,-0.189977,0.981415]],[[0.995185,0.0828426,0.0523806],[-0.08392,0.996297,0.0187117],[-0.0506365,-0.0230174,0.998452]],[[0.995185,0.0828426,0.0523806],[-0.0744615,0.986543,-0.145564],[-0.0637346,0.140963,0.987961]],[[0.995185,0.0828426,0.0523806],[-0.0659564,0.96135,-0.267312],[-0.0725009,0.26257,0.962185]]],"btipPosition":[0.273349,338.474,-74.3572],"carpPosition":[-2.68838,331.404,81.0185],"dipPosition":[-0.965041,342.959,-57.9221],"direction":[0.0637346,-0.140963,-0.987961],"extended":true,"handId":628,"id":6281,"length":58.7918,"mcpPosition":[-4.68,345.377,8.83546],"pipPosition":[-2.50512,346.365,-34.049],"stabilizedTipPosition":[-10.564,390.192,61.15],"timeVisible":0.424647,"tipPosition":[0.624318,340.382,-70.5248],"tipVelocity":[-39.5909,-44.4791,-144.416],"tool":false,"touchDistance":0.332746,"touchZone":"hovering","type":1,"width":19.3376},{"bases":[[[0.990854,-0.0996017,0.0910429],[0.078791,0.974761,0.208885],[-0.10955,-0.199801,0.973693]],[[0.989174,-0.102468,0.105051],[0.140787,0.460651,-0.876344],[0.0414051,0.881647,0.47009]],[[0.989174,-0.102468,0.105051],[0.0263519,-0.580191,-0.814054],[0.144364,0.808009,-0.571209]],[[0.989174,-0.102468,0.105051],[-0.0478903,-0.902063,-0.428939],[0.138715,0.419265,-0.897204]]],"btipPosition":[8.19787,274.939,23.1836],"carpPosition":[9.26216,334.335,80.6561],"dipPosition":[10.8039,282.816,6.32786],"direction":[-0.144364,-0.808009,0.571209],"extended":false,"handId":628,"id":6282,"length":66.9886,"mcpPosition":[16.9032,348.271,12.7416],"pipPosition":[14.908,305.786,-9.91094],"stabilizedTipPosition":[-0.644776,327.462,180.083],"timeVisible":0.424647,"tipPosition":[8.8045,276.955,19.8559],"tipVelocity":[-39.6456,-38.0776,-129.564],"tool":false,"touchDistance":0.333333,"touchZone":"none","type":2,"width":18.9921},{"bases":[[[0.955155,-0.201115,0.21733],[0.145849,0.958288,0.245789],[-0.257697,-0.203069,0.944646]],[[0.960565,-0.196623,0.196609],[0.259831,0.38294,-0.886479],[0.0990131,0.902605,0.418928]],[[0.960565,-0.196623,0.196609],[0.0289361,-0.632555,-0.773975],[0.276547,0.749142,-0.60192]],[[0.960565,-0.196623,0.196609],[-0.103486,-0.909084,-0.403556],[0.258082,0.367296,-0.893581]]],"btipPosition":[20.7682,278.95,36.65],"carpPosition":[21.5327,334.159,81.1582],"dipPosition":[25.5889,285.811,19.9587],"direction":[-0.276547,-0.749142,0.60192],"extended":false,"handId":628,"id":6283,"length":64.4113,"mcpPosition":[37.6705,346.876,22.0013],"pipPosition":[33.2478,306.558,3.2888],"stabilizedTipPosition":[13.4044,332.981,186.728],"timeVisible":0.424647,"tipPosition":[21.9284,280.675,32.5412],"tipVelocity":[-44.6192,-33.9383,-96.095],"tool":false,"touchDistance":0.333333,"touchZone":"none","type":3,"width":18.0722},{"bases":[[[0.881593,-0.37882,0.281583],[0.269292,0.893611,0.359085],[-0.387654,-0.240739,0.889814]],[[0.88792,-0.374763,0.266742],[0.413389,0.395753,-0.820054],[0.201762,0.838411,0.50632]],[[0.88792,-0.374763,0.266742],[0.00254307,-0.575867,-0.817539],[0.459991,0.726588,-0.510371]],[[0.88792,-0.374763,0.266742],[-0.212597,-0.848559,-0.48451],[0.407923,0.373498,-0.833126]]],"btipPosition":[32.9354,290.466,37.4581],"carpPosition":[33.6193,326.791,82.6025],"dipPosition":[39.9648,296.902,23.1015],"direction":[-0.459991,-0.726588,0.510371],"extended":false,"handId":628,"id":6284,"length":50.4973,"mcpPosition":[56.0915,340.747,31.0202],"pipPosition":[48.9593,311.109,13.1219],"stabilizedTipPosition":[24.0851,342.61,186.02],"timeVisible":0.424647,"tipPosition":[34.2647,292.154,34.7917],"tipVelocity":[-34.3965,-42.5372,-144.301],"tool":false,"touchDistance":0.333333,"touchZone":"none","type":4,"width":16.0532}],"r":[[0.995189,-0.04050