{"sensorType":"Leap","data":[[0,{"currentFrameRate":110.441,"devices":[],"gestures":[],"hands":[{"armBasis":[[0.99985,0.00865083,-0.0149936],[-0.00714516,0.995189,0.0977163],[0.0157668,-0.0975945,0.995101]],"armWidth":63.703,"confidence":0.823895,"direction":[0.103476,0.0953639,-0.99005],"elbow":[36.9149,290.941,365.243],"grabStrength":0,"id":614,"palmNormal":[0.0068784,-0.995438,-0.095164],"palmPosition":[30.6953,318.157,41.9881],"palmVelocity":[-21.7109,88.4157,-205.252],"palmWidth":90.9658,"pinchStrength":0.585155,"r":[[0.832545,0.523655,-0.180703],[-0.550538,0.745959,-0.374771],[-0.0614535,0.411497,0.909337]],"s":1.09852,"sphereCenter":[31.5943,282.814,17.867],"sphereRadius":45.458,"stabilizedPalmPosition":[14.1291,326.977,205.595],"t":[101.909,-30.8385,-225.034],"timeVisible":1.8077,"type":"right","wrist":[32.659,317.284,96.6375]}],"id":4211807,"interactionBox":{"center":[0,200,0],"size":[235.247,235.247,147.751]},"pointables":[{"bases":[[[0.414267,0.907733,-0.0663609],[-0.843914,0.410401,0.345515],[0.34087,-0.0871325,0.936064]],[[0.305667,0.897111,-0.318999],[-0.941508,0.334711,0.0391387],[0.141884,0.288376,0.946947]],[[0.305667,0.897111,-0.318999],[-0.950139,0.265694,-0.163225],[-0.0616746,0.352986,0.933594]],[[0.305667,0.897111,-0.318999],[-0.833441,0.090103,-0.545214],[-0.460375,0.43252,0.77523]]],"btipPosition":[9.82568,269.754,-1.17537],"carpPosition":[4.03248,306.297,96.0426],"dipPosition":[-0.945868,279.874,16.963],"direction":[0.0616746,-0.352986,-0.933594],"extended":false,"handId":614,"id":6140,"length":52.1025,"mcpPosition":[4.03248,306.297,96.0426],"pipPosition":[-3.04814,291.906,48.7859],"stabilizedTipPosition":[-8.97358,273.585,141.966],"timeVisible":1.8077,"tipPosition":[7.67028,271.019,3.23057],"tipVelocity":[-4.01876,107.84,-212.878],"tool":false,"touchDistance":-0.554846,"touchZone":"hovering","type":0,"width":20.2446},{"bases":[[[0.997862,0.0130176,-0.0640425],[-0.0164428,0.998446,-0.0532502],[0.0632498,0.0541894,0.996525]],[[0.996765,0.0205587,0.0776919],[-0.0227487,0.999365,0.0274095],[-0.0770791,-0.0290882,0.996601]],[[0.996765,0.0205587,0.0776919],[-0.0111223,0.992712,-0.119994],[-0.0795926,0.118742,0.98973]],[[0.996765,0.0205587,0.0776919],[-0.00136944,0.970931,-0.239357],[-0.0803543,0.238476,0.967818]]],"btipPosition":[14.9791,317.073,-68.3989],"carpPosition":[13.0247,326.751,88.1476],"dipPosition":[13.6066,321.146,-51.8676],"direction":[0.0795926,-0.118742,-0.98973],"extended":true,"handId":614,"id":6141,"length":58.7918,"mcpPosition":[8.37268,322.766,14.8531],"pipPosition":[11.6833,324.015,-27.9518],"stabilizedTipPosition":[13.874,313.701,68.9391],"timeVisible":1.8077,"tipPosition":[14.6482,316.736,-64.4358],"tipVelocity":[-49.3514,110.471,-201.421],"tool":false,"touchDistance":-0.561174,"touchZone":"touching","type":1,"width":19.3376},{"bases":[[[0.985318,-0.150184,0.081203],[0.153887,0.98722,-0.0414193],[-0.0739447,0.0533072,0.995837]],[[0.982869,-0.148637,0.108978],[0.147921,0.283435,-0.947515],[0.109947,0.947403,0.300566]],[[0.982869,-0.148637,0.108978],[-0.0832211,-0.885484,-0.457156],[0.164448,0.440255,-0.882685]],[[0.982869,-0.148637,0.108978],[-0.167756,-0.96636,0.194952],[0.076335,-0.209894,-0.97474]]],"btipPosition":[18.8614,270.633,46.1538],"carpPosition":[25.111,328.577,86.6902],"dipPosition":[20.2955,266.69,27.8414],"direction":[-0.164448,-0.440255,0.882685],"extended":false,"handId":614,"id":6142,"length":66.9886,"mcpPosition":[30.2686,324.859,17.2312],"pipPosition":[24.9705,279.206,2.74767],"stabilizedTipPosition":[-2.91881,277.258,185.555],"timeVisible":1.8077,"tipPosition":[19.2554,269.58,41.2173],"tipVelocity":[10.4329,90.5232,-179.387],"tool":false,"touchDistance":0.333333,"touchZone":"none","type":2,"width":18.9921},{"bases":[[[0.949274,-0.214693,0.229753],[0.221455,0.975163,-0.00374564],[-0.223243,0.0544356,0.973242]],[[0.952829,-0.215562,0.213657],[0.258543,0.207758,-0.943394],[0.158971,0.954133,0.25369]],[[0.952829,-0.215562,0.213657],[-0.112385,-0.904509,-0.411381],[0.281932,0.367964,-0.886068]],[[0.952829,-0.215562,0.213657],[-0.259262,-0.944078,0.203716],[0.157795,-0.2495,-0.955432]]],"btipPosition":[33.4762,276.029,56.9351],"carpPosition":[37.3523,327.587,86.8286],"dipPosition":[36.4236,271.368,39.0885],"direction":[-0.281933,-0.367964,0.886068],"extended":false,"handId":614,"id":6143,"length":64.4113,"mcpPosition":[51.3325,324.178,25.881],"pipPosition":[44.2316,281.559,14.5492],"stabilizedTipPosition":[11.8856,279.274,196.706],"timeVisible":1.8077,"tipPosition":[34.2866,274.62,51.7644],"tipVelocity":[6.84242,110.869,-160.802],"tool":false,"touchDistance":0.333333,"touchZone":"none","type":3,"width":18.0722},{"bases":[[[0.867328,-0.365104,0.338291],[0.345807,0.930852,0.118033],[-0.357993,0.0146094,0.93361]],[[0.783489,-0.355674,0.50955],[0.587167,0.155308,-0.794427],[0.203419,0.921616,0.330522]],[[0.783489,-0.355674,0.50955],[-0.0994883,-0.881215,-0.462127],[0.61339,0.311377,-0.725808]],[[0.783489,-0.355674,0.50955],[-0.446462,-0.892549,0.0634716],[0.432223,-0.277224,-0.858097]]],"btipPosition":[43.0979,285.152,52.8386],"carpPosition":[48.978,319.889,89.6646],"dipPosition":[50.546,280.375,38.0517],"direction":[-0.61339,-0.311377,0.725808],"extended":false,"handId":614,"id":6144,"length":50.4973,"mcpPosition":[69.7308,319.043,35.5435],"pipPosition":[62.54,286.464,23.8596],"stabilizedTipPosition":[26.8777,287.538,202.982],"timeVisible":1.8077,"tipPosition":[45.1207,283.829,48.7659],"tipVelocity":[-5.88379,108.985,-185.601],"tool":false,"touchDistance":0.333333,"touchZone":"none","type":4,"width":16.0532}],"r":[[0.832545,0.523655,-0.180703],[-0.550538,0.745959,-0.374771],[-0.0614535,0.411497,0.909337]],"s":1.09852,"t":[101.909,-30.8385,-225.034],"timestamp":522887572469},false],[1,{"currentFrameRate":110.409,"devices":[],"gestures":[],"hands":[{"armBasis":[[0.99965,0.0178124,-0.0195836],[-0.0161604,0.996542,0.0815019],[0.0209676,-0.0811568,0.996481]],"armWidth":63.703,"confidence":0.738351,"direction":[0.101684,0.0981402,-0.989964],"elbow":[38.022,295.89,364.168],"grabStrength":0,"id":614,"palmNormal":[0.0177359,-0.995143,-0.0968319],"palmPosition":[30.3483,318.738,40.5438],"palmVelocity":[-26.2526,81.5759,-192.269],"palmWidth":90.9658,"pinchStrength":0.571175,"r":[[0.828421,0.530013,-0.181123],[-0.556606,0.742916,-0.371841],[-0.0625212,0.408855,0.910455]],"s":1.10159,"sphereCenter":[31.7766,283.474,16.429],"sphereRadius":45.5261,"stabilizedPalmPosition":[14.1307,326.976,205.579],"t":[101.606,-30.0944,-226.743],"timeVisible":1.81681,"type":"right","wrist":[32.3623,317.796,95.1902]}],"id":4211808,"interactionBox":{"center":[0,200,0],"size":[235.247,235.247,147.751]},"pointables":[{"bases":[[[0.404226,0.912336,-0.065146],[-0.848111,0.400535,0.346814],[0.342505,-0.0849405,0.935669]],[[0.296309,0.901225,-0.316219],[-0.944406,0.325857,0.0437498],[0.142471,0.285676,0.947677]],[[0.296309,0.901225,-0.316219],[-0.952771,0.255849,-0.163612],[-0.0665466,0.349764,0.934471]],[[0.296309,0.901225,-0.316219],[-0.831558,0.0805744,-0.549562],[-0.4698,0.425795,0.773296]]],"btipPosition":[10.0082,270.355,-2.64124],"carpPosition":[3.85764,306.496,94.5979],"dipPosition":[-0.983913,280.317,15.4518],"direction":[0.0665466,-0.349764,-0.934471],"extended":false,"handId":614,"id":6140,"length":52.1025,"mcpPosition":[3.85764,306.496,94.5979],"pipPosition":[-3.25225,292.24,47.3047],"stabilizedTipPosition":[-8.96495,273.584,141.892],"timeVisible":1.81681,"tipPosition":[7.79416,271.598,1.72894],"tipVelocity":[1.1089,95.117,-198.753],"tool":false,"touchDistance":-0.549839,"touchZone":"hovering","type":0,"width":20.2446},{"bases":[[[0.997611,0.0240801,-0.0647474],[-0.0274436,0.998292,-0.0515701],[0.063395,0.0532238,0.996568]],[[0.99653,0.0313777,0.0770932],[-0.0337504,0.99899,0.0296692],[-0.0760843,-0.0321682,0.996582]],[[0.99653,0.0313777,0.0770932],[-0.0220878,0.992705,-0.118527],[-0.0802499,0.116413,0.989953]],[[0.99653,0.0313777,0.0770932],[-0.0121191,0.971049,-0.238571],[-0.0823471,0.236809,0.96806]]],"btipPosition":[14.5698,317.671,-69.828],"carpPosition":[12.6188,327.061,86.7304],"dipPosition":[13.1632,321.715,-53.2925],"direction":[0.0802499,-0.116413,-0.989954],"extended":true,"handId":614,"id":6141,"length":58.7918,"mcpPosition":[7.95614,323.147,13.4328],"pipPosition":[11.224,324.528,-29.3713],"stabilizedTipPosition":[13.8776,313.748,67.6461],"timeVisible":1.81681,"tipPosition":[14.2424,317.344,-65.8701],"tipVelocity":[-48.3582,97.8204,-189.007],"tool":false,"touchDistance":-0.554812,"touchZone":"touching","type":1,"width":19.3376},{"bases":[[[0.986968,-0.13949,0.0802343],[0.143008,0.988918,-0.039882],[-0.073782,0.0508364,0.995978]],[[0.984599,-0.138058,0.107258],[0.142255,0.276035,-0.950562],[0.101626,0.951181,0.291423]],[[0.984599,-0.138058,0.107258],[-0.0759189,-0.890287,-0.449027],[0.157482,0.433968,-0.887057]],[[0.984599,-0.138058,0.107258],[-0.157376,-0.967104,0.199856],[0.0761376,-0.213658,-0.973937]]],"btipPosition":[19.025,271.318,45.2708],"carpPosition":[24.6833,329.022,85.2673],"dipPosition":[20.4554,267.304,26.9735],"direction":[-0.157482,-0.433968,0.887057],"extended":false,"handId":614,"id":6142,"length":66.9886,"mcpPosition":[29.8296,325.476,15.7984],"pipPosition":[24.9325,279.641,1.75548],"stabilizedTipPosition":[-2.91286,277.256,185.517],"timeVisible":1.81681,"tipPosition":[19.4224,270.204,40.1995],"tipVelocity":[12.4956,85.753,-156.383],"tool":false,"touchDistance":0.333333,"touchZone":"none","type":2,"width":18.9921},{"bases":[[[0.951745,-0.204638,0.228703],[0.210732,0.977541,-0.00227777],[-0.2231,0.0503629,0.973494]],[[0.955626,-0.205516,0.211052],[0.252489,0.202355,-0.946204],[0.151753,0.957505,0.245266]],[[0.955626,-0.205516,0.211052],[-0.106053,-0.908417,-0.40439],[0.274831,0.364063,-0.889902]],[[0.955626,-0.205516,0.211052],[-0.249267,-0.945936,0.207536],[0.156989,-0.250935,-0.955189]]],"btipPosition":[33.5839,276.847,55.9638],"carpPosition":[36.9348,328.166,85.3951],"dipPosition":[36.5163,272.16,38.1218],"direction":[-0.274831,-0.364063,0.889902],"extended":false,"handId":614,"id":6143,"length":64.4113,"mcpPosition":[50.9061,325.012,24.4317],"pipPosition":[44.1276,282.242,13.4763],"stabilizedTipPosition":[11.9029,279.271,196.594],"timeVisible":1.81681,"tipPosition":[34.3935,275.409,50.7243],"tipVelocity":[8.11862,104.834,-145.721],"tool":false,"touchDistance":0.333333,"touchZone":"none","type":3,"width":18.0722},{"bases":[[[0.871537,-0.35612,0.337048],[0.335654,0.934396,0.119337],[-0.357435,0.00912545,0.933894]],[[0.788702,-0.34804,0.506772],[0.581646,0.155491,-0.798442],[0.199091,0.924495,0.325072]],[[0.788702,-0.34804,0.506772],[-0.0957749,-0.883815,-0.457928],[0.60727,0.312633,-0.7304]],[[0.788702,-0.34804,0.506772],[-0.438308,-0.896358,0.0665496],[0.431087,-0.27461,-0.859508]]],"btipPosition":[43.0262,286.001,51.6742],"carpPosition":[48.6465,320.592,88.2098],"dipPosition":[50.4547,281.269,36.863],"direction":[-0.60727,-0.312633,0.7304],"extended":false,"handId":614,"id":6144,"length":50.4973,"mcpPosition":[69.3669,320.063,34.0723],"pipPosition":[62.3291,287.382,22.581],"stabilizedTipPosition":[26.8878,287.536,202.894],"timeVisible":1.81681,"tipPosition":[45.061,284.67,47.5352],"tipVelocity":[-6.57117,104.91,-169.721],"tool":false,"touchDistance":0.333333,"touchZone":"none","type":4,"width":16.0532}],"r":[[0.828421,0.530013,-0.181123],[-0.556606,0.742916,-0.371841],[-0.0625212,0.408855,0.910455]],"s":1.10159,"t":[101.606,-30.0944,-226.743],"timestamp":522887581583},false],[2,{"currentFrameRate":110.451,"devices":[],"gestures":[],"hands":[{"armBasis":[[0.999522,0.0212547,-0.0224564],[-0.0194604,0.996818,0.0773023],[0.024028,-0.0768284,0.996755]],"armWidth":63.703,"confidence":0.739942,"direction":[0.097998,0.103661,-0.989773],"elbow":[38.8078,297.425,362.677],"grabStrength":0,"id":614,"palmNormal":[0.0219085,-0.994544,-0.101991],"palmPosition":[30.1249,319.375,38.9913],"palmVelocity":[-25.8761,78.649,-186.956],"palmWidth":90.9658,"pinchStrength":0.561449,"r":[[0.824485,0.536009,-0.181434],[-0.562351,0.740315,-0.368368],[-0.0631302,0.405744,0.911804]],"s":1.10451,"sphereCenter":[31.7673,284.267,14.74],"sphereRadius":45.5785,"stabilizedPalmPosition":[14.1325,326.976,205.56],"t":[101.342,-29.404,-228.374],"timeVisible":1.82579,"type":"right","wrist":[32.322,318.163,93.6254]}],"id":4211809,"interactionBox":{"center":[0,200,0],"size":[235.247,235.247,147.751]},"pointables":[{"bases":[[[0.39989,0.914478,-0.0617804],[-0.848769,0.394911,0.35162],[0.345946,-0.088172,0.934102]],[[0.291799,0.904383,-0.31136],[-0.945149,0.322594,0.0512411],[0.146785,0.27933,0.948909]],[[0.291799,0.904383,-0.31136],[-0.954137,0.252463,-0.160885],[-0.0668944,0.344027,0.936574]],[[0.291799,0.904383,-0.31136],[-0.83084,0.0783853,-0.550964],[-0.473876,0.419462,0.77427]]],"btipPosition":[9.90933,271.256,-4.32733],"carpPosition":[3.86687,306.737,93.0677],"dipPosition":[-1.17811,281.07,13.7885],"direction":[0.0668944,-0.344027,-0.936574],"extended":false,"handId":614,"id":6140,"length":52.1025,"mcpPosition":[3.86687,306.737,93.0677],"pipPosition":[-3.45831,292.797,45.7131],"stabilizedTipPosition":[-8.95582,273.584,141.813],"timeVisible":1.82579,"tipPosition":[7.65355,272.481,0.0196594],"tipVelocity":[-2.88101,95.5067,-195.58],"tool":false,"touchDistance":-0.548401,"touchZone":"hovering","type":0,"width":20.2446},{"bases":[[[0.997275,0.0289284,-0.0678663],[-0.0321162,0.998408,-0.0463604],[0.0664171,0.0484137,0.996617]],[[0.996612,0.0355032,0.0741846],[-0.0382324,0.998631,0.0356987],[-0.0728156,-0.038414,0.996605]],[[0.996612,0.0355032,0.0741846],[-0.026924,0.993161,-0.113603],[-0.0777105,0.111221,0.990753]],[[0.996612,0.0355032,0.0741846],[-0.0171574,0.971929,-0.234648],[-0.0804329,0.232581,0.969245]]],"btipPosition":[14.0036,318.81,-71.3251],"carpPosition":[12.5094,327.381,85.2774],"dipPosition":[12.6297,322.783,-54.7694],"direction":[0.0777105,-0.111221,-0.990753],"extended":true,"handId":614,"id":6141,"length":58.7918,"mcpPosition":[7.62441,323.821,11.9763],"pipPosition":[10.7519,325.47,-30.8289],"stabilizedTipPosition":[13.8756,313.809,66.2486],"timeVisible":1.82579,"tipPosition":[13.6848,318.486,-67.3741],"tipVelocity":[-52.1548,105.288,-182.756],"tool":false,"touchDistance":-0.550051,"touchZone":"touching","type":1,"width":19.3376},{"bases":[[[0.987844,-0.135428,0.0763086],[0.138413,0.989746,-0.0352748],[-0.070749,0.0454082,0.99646]],[[0.985612,-0.134171,0.102797],[0.136571,0.273831,-0.952032],[0.0995865,0.952373,0.288215]],[[0.985612,-0.134171,0.102797],[-0.0748321,-0.891709,-0.44638],[0.151556,0.432265,-0.888919]],[[0.985612,-0.134171,0.102797],[-0.152615,-0.967826,0.200052],[0.0726483,-0.212862,-0.974378]]],"btipPosition":[19.0225,272.055,43.9708],"carpPosition":[24.56,329.404,83.7852],"dipPosition":[20.3873,268.056,25.6652],"direction":[-0.151556,-0.432265,0.888919],"extended":false,"handId":614,"id":6142,"length":66.9886,"mcpPosition":[29.4947,326.237,14.2827],"pipPosition":[24.6959,280.345,0.394279],"stabilizedTipPosition":[-2.90552,277.254,185.469],"timeVisible":1.82579,"tipPosition":[19.4026,270.919,38.8225],"tipVelocity":[8.53283,84.8398,-153.257],"tool":false,"touchDistance":0.333333,"touchZone":"none","type":2,"width":18.9921},{"bases":[[[0.953402,-0.201493,0.224555],[0.206311,0.978484,0.00205018],[-0.220136,0.0443734,0.974459]],[[0.957432,-0.202303,0.205905],[0.246555,0.202177,-0.947805],[0.150115,0.958226,0.24345]],[[0.957432,-0.202303,0.205905],[-0.10531,-0.908954,-0.403376],[0.268763,0.364521,-0.891566]],[[0.957432,-0.202303,0.205905],[-0.244637,-0.947306,0.206795],[0.15322,-0.248364,-0.956472]]],"btipPosition":[33.5907,277.566,54.5281],"carpPosition":[36.8156,328.603,83.8688],"dipPosition":[36.4527,272.927,36.6621],"direction":[-0.268763,-0.364521,0.891566],"extended":false,"handId":614,"id":6143,"length":64.4113,"mcpPosition":[50.6013,325.824,22.8449],"pipPosition":[43.896,283.022,11.9705],"stabilizedTipPosition":[11.924,279.269,196.456],"timeVisible":1.82579,"tipPosition":[34.3781,276.134,49.2617],"tipVelocity":[5.60798,98.3844,-149.768],"tool":false,"touchDistance":0.333333,"touchZone":"none","type":3,"width":18.0722},{"bases":[[[0.874234,-0.353888,0.332382],[0.331824,0.935284,0.123035],[-0.354412,0.00273112,0.935085]],[[0.793115,-0.347213,0.500413],[0.574639,0.154235,-0.803742],[0.201888,0.925016,0.321848]],[[0.793115,-0.347213,0.500413],[-0.0992959,-0.884316,-0.456209],[0.600924,0.312137,-0.73584]],[[0.793115,-0.347213,0.500413],[-0.43576,-0.897497,0.0679146],[0.425538,-0.271924,-0.863119]]],"btipPosition":[42.8958,286.793,50.2843],"carpPosition":[48.5705,321.068,86.6065],"dipPosition":[50.2288,282.107,35.4109],"direction":[-0.600924,-0.312137,0.73584],"extended":false,"handId":614,"id":6144,"length":50.4973,"mcpPosition":[69.1157,320.909,32.3998],"pipPosition":[61.979,288.21,21.0226],"stabilizedTipPosition":[26.8999,287.535,202.787],"timeVisible":1.82579,"tipPosition":[44.9205,285.455,46.0655],"tipVelocity":[-9.41918,100.636,-166.061],"tool":false,"touchDistance":0.333333,"touchZone":"none","type":4,"width":16.0532}],"r":[[0.824485,0.536009,-0.181434],[-0.562351,0.740315,-0.368368],[-0.0631302,0.405744,0.911804]],"s":1.10451,"t":[101.342,-29.404,-228.374],"timestamp":522887590563},false],[3,{"currentFrameRate":110.457,"devices":[],"gestures":[],"hands":[{"armBasis":[[0.999388,0.0244639,-0.0249998],[-0.0225164,0.996898,0.075417],[0.0267673,-0.0748079,0.996839]],"armWidth":63.703,"confidence":0.743445,"direction":[0.0948519,0.110137,-0.98938],"elbow":[39.4237,298.287,361.422],"grabStrength":0,"id":614,"palmNormal":[0.0256646,-0.993801,-0.108169],"palmPosition":[29.8461,320.018,37.7278],"palmVelocity":[-27.2425,76.5763,-173.94],"palmWidth":90.9658,"pinchStrength":0.549944,"r":[[0.820767,0.541679,-0.181451],[-0.567731,0.738186,-0.364366],[-0.0634247,0.402075,0.913407]],"s":1.1076,"sphereCenter":[31.6778,285.12,13.3134],"sphereRadius":45.6418,"stabilizedPalmPosition":[14.1347,326.975,205.536],"t":[101.071,-28.7372,-229.822],"timeVisible":1.83484,"type":"right","wrist":[32.1985,318.479,92.3471]}],"id":4211810,"interactionBox":{"center":[0,200,0],"size":[235.247,235.247,147.751]},"pointables":[{"bases":[[[0.396003,0.916463,-0.0572421],[-0.849394,0.389281,0.356357],[0.348871,-0.0924974,0.932595]],[[0.287805,0.907651,-0.305513],[-0.945709,0.319656,0.0587768],[0.151008,0.27201,0.950372]],[[0.287805,0.907651,-0.305513],[-0.955299,0.24956,-0.158506],[-0.0676244,0.337475,0.938902]],[[0.287805,0.907651,-0.305513],[-0.828828,0.0762406,-0.554284],[-0.479804,0.412743,0.774229]]],"btipPosition":[9.78381,272.206,-5.74968],"carpPosition":[3.78854,306.941,91.7968],"dipPosition":[-1.44234,281.863,12.3652],"direction":[0.0676244,-0.337475,-0.938902],"extended":false,"handId":614,"id":6140,"length":52.1025,"mcpPosition":[3.78854,306.941,91.7968],"pipPosition":[-3.74741,293.367,44.3692],"stabilizedTipPosition":[-8.94556,273.585,141.722],"timeVisible":1.83484,"tipPosition":[7.46816,273.415,-1.43969],"tipVelocity":[-6.88613,97.043,-185.035],"tool":false,"touchDistance":-0.543233,"touchZone":"hovering","type":0,"width":20.2446},{"bases":[[[0.996959,0.0334095,-0.0704066],[-0.0362962,0.998535,-0.0401277],[0.0689628,0.0425611,0.996711]],[[0.996645,0.0391165,0.0718892],[-0.0422815,0.998178,0.0430455],[-0.0700744,-0.0459407,0.996483]],[[0.996645,0.0391165,0.0718892],[-0.0312367,0.993699,-0.107639],[-0.0756467,0.105032,0.991588]],[[0.996645,0.0391165,0.0718892],[-0.0216009,0.972964,-0.229944],[-0.0789402,0.227619,0.970545]]],"btipPosition":[13.4396,320.085,-72.5364],"carpPosition":[12.3257,327.668,84.1102],"dipPosition":[12.0912,323.973,-55.9585],"direction":[0.0756467,-0.105032,-0.991588],"extended":true,"handId":614,"id":6141,"length":58.7918,"mcpPosition":[7.25349,324.538,10.8021],"pipPosition":[10.2633,326.511,-31.9978],"stabilizedTipPosition":[13.8663,313.899,64.5669],"timeVisible":1.83484,"tipPosition":[13.1261,319.761,-68.5938],"tipVelocity":[-54.7945,114.536,-169.151],"tool":false,"touchDistance":-0.541472,"touchZone":"touching","type":1,"width":19.3376},{"bases":[[[0.988592,-0.131866,0.0727793],[0.134297,0.9905,-0.0295607],[-0.0681898,0.0389976,0.99691]],[[0.986497,-0.130813,0.0985466],[0.131155,0.270601,-0.953716],[0.0980917,0.953762,0.284104]],[[0.986497,-0.130813,0.0985466],[-0.074182,-0.893331,-0.443234],[0.146016,0.429938,-0.890973]],[[0.986497,-0.130813,0.0985466],[-0.148395,-0.968522,0.19986],[0.0693002,-0.211785,-0.974856]]],"btipPosition":[18.9403,272.826,43.0173],"carpPosition":[24.3639,329.749,82.5975],"dipPosition":[20.2422,268.847,24.7026],"direction":[-0.146016,-0.429938,0.890973],"extended":false,"handId":614,"id":6142,"length":66.9886,"mcpPosition":[29.1201,327.029,13.0636],"pipPosition":[24.3933,281.07,-0.626668],"stabilizedTipPosition":[-2.89601,277.251,185.406],"timeVisible":1.83484,"tipPosition":[19.305,271.671,37.7688],"tipVelocity":[3.23357,85.1046,-140.145],"tool":false,"touchDistance":0.333333,"touchZone":"none","type":2,"width":18.9921},{"bases":[[[0.954827,-0.198981,0.220709],[0.202342,0.979286,0.00750892],[-0.217632,0.0374891,0.975311]],[[0.959084,-0.199707,0.200687],[0.240175,0.198565,-0.950204],[0.149913,0.959525,0.238405]],[[0.959084,-0.199707,0.200687],[-0.106039,-0.910619,-0.399411],[0.262514,0.361788,-0.894537]],[[0.959084,-0.199707,0.200687],[-0.240856,-0.948102,0.207583],[0.148816,-0.247426,-0.95741]]],"btipPosition":[33.5054,278.392,53.5739],"carpPosition":[36.6228,328.997,82.6427],"dipPosition":[36.2851,273.77,35.6904],"direction":[-0.262514,-0.361788,0.894537],"extended":false,"handId":614,"id":6143,"length":64.4113,"mcpPosition":[50.2516,326.65,21.5655],"pipPosition":[43.5554,283.79,10.9165],"stabilizedTipPosition":[11.9504,279.266,196.282],"timeVisible":1.83484,"tipPosition":[34.2732,276.938,48.2275],"tipVelocity":[0.884172,96.5619,-137.696],"tool":false,"touchDistance":0.333333,"touchZone":"none","type":3,"width":18.0722},{"bases":[[[0.876575,-0.352357,0.327813],[0.328362,0.935855,0.127883],[-0.351846,-0.00445754,0.936047]],[[0.797009,-0.347178,0.49421],[0.568158,0.153415,-0.808493],[0.204872,0.925166,0.319525]],[[0.797009,-0.347178,0.49421],[-0.103119,-0.88448,-0.45504],[0.595099,0.311709,-0.74074]],[[0.797009,-0.347178,0.49421],[-0.433861,-0.898365,0.068592],[0.420167,-0.269087,-0.866632]]],"btipPosition":[42.6932,287.59,49.1625],"carpPosition":[48.4157,321.494,85.302],"dipPosition":[49.9336,282.953,34.2285],"direction":[-0.595099,-0.311709,0.74074],"extended":false,"handId":614,"id":6144,"length":50.4973,"mcpPosition":[68.8121,321.752,31.0395],"pipPosition":[61.5699,289.048,19.7444],"stabilizedTipPosition":[26.9149,287.534,202.653],"timeVisible":1.83484,"tipPosition":[44.7056,286.244,44.8695],"tipVelocity":[-13.6496,97.5272,-154.91],"tool":false,"touchDistance":0.333333,"touchZone":"none","type":4,"width":16.0532}],"r":[[0.820767,0.541679,-0.181451],[-0.567731,0.738186,-0.364366],[-0.0634247,0.402075,0.913407]],"s":1.1076,"t":[101.071,-28.7372,-229.822],"timestamp":522887599605},false],[4,{"currentFrameRate":110.465,"devices":[],"gestures":[],"hands":[{"armBasis":[[0.999311,0.0298075,-0.0221257],[-0.0276998,0.995545,0.0901215],[0.0247135,-0.0894465,0.995685]],"armWidth":63.703,"confidence":0.747655,"direction":[0.0910049,0.117848,-0.988853],"elbow":[38.7702,294.512,359.603],"grabStrength":0,"id":614,"palmNormal":[0.0300472,-0.992846,-0.115558],"palmPosition":[29.5564,320.584,36.2415],"palmVelocity":[-28.5676,72.7487,-171.319],"palmWidth":90.9658,"pinchStrength":0.539763,"r":[[0.817123,0.547248,-0.181189],[-0.572965,0.736431,-0.359696],[-0.0634097,0.397731,0.915308]],"s":1.1107,"sphereCenter":[31.592,285.914,11.6219],"sphereRadius":45.7066,"stabilizedPalmPosition":[14.1373,326.974,205.508],"t":[100.791,-28.1205,-231.288],"timeVisible":1.84388,"type":"right","wrist":[32.0993,318.656,90.84]}],"id":4211811,"interactionBox":{"center":[0,200,0],"size":[235.247,235.247,147.751]},"pointables":[{"bases":[[[0.391428,0.918749,-0.0518159],[-0.850043,0.382574,0.362028],[0.352436,-0.097662,0.930726]],[[0.28316,0.911485,-0.298355],[-0.946292,0.316141,0.0677257],[0.156053,0.263154,0.952049]],[[0.28316,0.911485,-0.298355],[-0.956626,0.246216,-0.155705],[-0.0684626,0.329504,0.941669]],[[0.28316,0.911485,-0.298355],[-0.826065,0.0737348,-0.55873],[-0.487275,0.404671,0.773825]]],"btipPosition":[9.69,273.154,-7.41587],"carpPosition":[3.74313,306.986,90.2991],"dipPosition":[-1.71095,282.622,10.6896],"direction":[0.0684626,-0.329504,-0.941669],"extended":false,"handId":614,"id":6140,"length":52.1025,"mcpPosition":[3.74313,306.986,90.2991],"pipPosition":[-4.0446,293.854,42.7878],"stabilizedTipPosition":[-8.93418,273.586,141.619],"timeVisible":1.84388,"tipPosition":[7.29614,274.335,-3.14948],"tipVelocity":[-9.07444,97.8747,-184.908],"tool":false,"touchDistance":-0.542268,"touchZone":"hovering","type":0,"width":20.2446},{"bases":[[[0.996546,0.0387102,-0.0734684],[-0.0411987,0.998617,-0.0326634],[0.0721024,0.0355773,0.996763]],[[0.996677,0.0433737,0.0689417],[-0.0469396,0.997596,0.0509736],[-0.0665651,-0.0540403,0.996318]],[[0.996677,0.0433737,0.0689417],[-0.0363178,0.994275,-0.100493],[-0.0729058,0.0976557,0.992546]],[[0.996677,0.0433737,0.0689417],[-0.0269358,0.974315,-0.223571],[-0.0768681,0.220971,0.972246]]],"btipPosition":[12.786,321.38,-73.9587],"carpPosition":[12.1554,327.81,82.7368],"dipPosition":[11.473,325.155,-57.3517],"direction":[0.0729058,-0.0976557,-0.992546],"extended":true,"handId":614,"id":6141,"length":58.7918,"mcpPosition":[6.85225,325.193,9.42493],"pipPosition":[9.71128,327.514,-33.3679],"stabilizedTipPosition":[13.845,314.027,62.489],"timeVisible":1.84388,"tipPosition":[12.4846,321.045,-70.0215],"tipVelocity":[-59.3729,121.666,-165.694],"tool":false,"touchDistance":-0.536892,"touchZone":"touching","type":1,"width":19.3376},{"bases":[[[0.989449,-0.12765,0.0685253],[0.129465,0.991324,-0.0227222],[-0.0650302,0.0313541,0.997391]],[[0.987487,-0.126816,0.0937432],[0.125216,0.269146,-0.954925],[0.0958687,0.954714,0.281657]],[[0.987487,-0.126816,0.0937432],[-0.07291,-0.894215,-0.441661],[0.139836,0.429299,-0.892271]],[[0.987487,-0.126816,0.0937432],[-0.143335,-0.969629,0.198176],[0.0657643,-0.209133,-0.975673]]],"btipPosition":[18.8836,273.492,41.756],"carpPosition":[24.1783,329.96,81.1995],"dipPosition":[20.1191,269.563,23.426],"direction":[-0.139836,-0.429299,0.892271],"extended":false,"handId":614,"id":6142,"length":66.9886,"mcpPosition":[28.7141,327.773,11.6321],"pipPosition":[24.0945,281.768,-1.94023],"stabilizedTipPosition":[-2.88459,277.249,185.329],"timeVisible":1.84388,"tipPosition":[19.2313,272.331,36.4272],"tipVelocity":[0.147793,82.316,-140.086],"tool":false,"touchDistance":0.333333,"touchZone":"none","type":2,"width":18.9921},{"bases":[[[0.956501,-0.196009,0.216069],[0.197687,0.980165,0.0140379],[-0.214535,0.0292868,0.976277]],[[0.960898,-0.196594,0.195002],[0.233694,0.198009,-0.951935],[0.148533,0.960283,0.23621]],[[0.960898,-0.196594,0.195002],[-0.105646,-0.911239,-0.398098],[0.255957,0.36193,-0.896377]],[[0.960898,-0.196594,0.195002],[-0.236134,-0.94958,0.206248],[0.144622,-0.24423,-0.958872]]],"btipPosition":[33.451,279.077,52.2455],"carpPosition":[36.4408,329.267,81.1985],"dipPosition":[36.1524,274.515,34.3347],"direction":[-0.255957,-0.36193,0.896377],"extended":false,"handId":614,"id":6143,"length":64.4113,"mcpPosition":[49.8757,327.433,20.0608],"pipPosition":[43.2411,284.539,9.5099],"stabilizedTipPosition":[11.9803,279.265,196.081],"timeVisible":1.84388,"tipPosition":[34.1973,277.625,46.8528],"tipVelocity":[-1.56645,91.2672,-140.44],"tool":false,"touchDistance":0.333333,"touchZone":"none","type":3,"width":18.0722},{"bases":[[[0.879342,-0.350541,0.322301],[0.324316,0.936457,0.13367],[-0.348678,-0.0130143,0.937152]],[[0.801719,-0.347108,0.486583],[0.559922,0.151321,-0.81461],[0.209128,0.925537,0.31567]],[[0.801719,-0.347108,0.486583],[-0.108353,-0.885005,-0.452797],[0.587798,0.310293,-0.747136]],[[0.801719,-0.347108,0.486583],[-0.431779,-0.899265,0.0699217],[0.413297,-0.266154,-0.870832]]],"btipPosition":[42.4828,288.356,47.8935],"carpPosition":[48.2782,321.8,83.7634],"dipPosition":[49.6048,283.77,32.8872],"direction":[-0.587798,-0.310293,0.747136],"extended":false,"handId":614,"id":6144,"length":50.4973,"mcpPosition":[68.491,322.555,29.4369],"pipPosition":[61.0984,289.837,18.278],"stabilizedTipPosition":[26.9324,287.534,202.492],"timeVisible":1.84388,"tipPosition":[44.4846,286.997,43.499],"tipVelocity":[-17.1327,94.3797,-151.414],"tool":false,"touchDistance":0.333333,"touchZone":"none","type":4,"width":16.0532}],"r":[[0.817123,0.547248,-0.181189],[-0.572965,0.736431,-0.359696],[-0.0634097,0.397731,0.915308]],"s":1.1107,"t":[100.791,-28.1205,-231.288],"timestamp":522887608644},false],[5,{"currentFrameRate":110.377,"devices":[],"gestures":[],"hands":[{"armBasis":[[0.999304,0.027547,-0.0251403],[-0.0253982,0.996299,0.0821206],[0.0273094,-0.081425,0.996305]],"armWidth":63.703,"confidence":0.750819,"direction":[0.0887451,0.124322,-0.988265],"elbow":[39.2133,296.784,358.128],"grabStrength":0,"id":614,"palmNormal":[0.0290117,-0.992082,-0.122197],"palmPosition":[29.1706,321.054,34.6193],"palmVelocity":[-32.2937,66.6515,-172.641],"palmWidth":90.9658,"pinchStrength":0.528429,"r":[[0.814183,0.551801,-0.180616],[-0.577194,0.735547,-0.354706],[-0.0628756,0.393047,0.917366]],"s":1.11401,"sphereCenter":[31.1784,286.61,9.83224],"sphereRadius":45.7726,"stabilizedPalmPosition":[14.14,326.972,205.477],"t":[100.458,-27.5772,-232.833],"timeVisible":1.85309,"type":"right","wrist":[31.8418,318.763,89.1976]}],"id":4211812,"interactionBox":{"center":[0,200,0],"size":[235.247,235.247,147.751]},"pointables":[{"bases":[[[0.392008,0.918777,-0.0466674],[-0.848887,0.380807,0.366574],[0.354571,-0.104085,0.929218]],[[0.284135,0.913546,-0.291036],[-0.945139,0.317906,0.07516],[0.161184,0.253713,0.953755]],[[0.284135,0.913546,-0.291036],[-0.956266,0.248031,-0.155038],[-0.0694483,0.322359,0.944067]],[[0.284135,0.913546,-0.291036],[-0.822002,0.0758548,-0.564409],[-0.493537,0.399601,0.77249]]],"btipPosition":[9.34636,274.119,-9.20355],"carpPosition":[3.47542,307.118,88.6471],"dipPosition":[-2.20111,283.469,8.87067],"direction":[0.0694483,-0.322359,-0.944067],"extended":false,"handId":614,"id":6140,"length":52.1025,"mcpPosition":[3.47542,307.118,88.6471],"pipPosition":[-4.56836,294.457,41.0506],"stabilizedTipPosition":[-8.92156,273.588,141.5],"timeVisible":1.85309,"tipPosition":[6.85075,275.282,-4.98023],"tipVelocity":[-18.003,98.962,-187.673],"tool":false,"touchDistance":-0.543298,"touchZone":"hovering","type":0,"width":20.2446},{"bases":[[[0.996398,0.0384477,-0.0755836],[-0.040511,0.998842,-0.0259566],[0.074498,0.0289251,0.996802]],[[0.996866,0.0421702,0.0669312],[-0.0460949,0.997239,0.058219],[-0.0642913,-0.0611218,0.996058]],[[0.996866,0.0421702,0.0669312],[-0.035752,0.994897,-0.0943505],[-0.0705685,0.0916619,0.993287]],[[0.996866,0.0421702,0.0669312],[-0.026599,0.975487,-0.218445],[-0.0745024,0.215981,0.973551]]],"btipPosition":[12.1455,322.579,-75.5247],"carpPosition":[11.8856,327.985,81.2027],"dipPosition":[10.8729,326.268,-58.8954],"direction":[0.0705685,-0.0916619,-0.993287],"extended":true,"handId":614,"id":6141,"length":58.7918,"mcpPosition":[6.4063,325.858,7.88796],"pipPosition":[9.16767,328.483,-34.8937],"stabilizedTipPosition":[13.8068,314.208,59.9177],"timeVisible":1.85309,"tipPosition":[11.8503,322.245,-71.5943],"tipVelocity":[-61.9289,123.42,-166.727],"tool":false,"touchDistance":-0.534949,"touchZone":"touching","type":1,"width":19.3376},{"bases":[[[0.989511,-0.128843,0.0653227],[0.130171,0.991355,-0.0164704],[-0.0626359,0.0248007,0.997728]],[[0.987654,-0.128189,0.090045],[0.121625,0.265208,-0.956489],[0.0987303,0.955632,0.277525]],[[0.987654,-0.128189,0.090045],[-0.0762622,-0.895534,-0.438409],[0.136837,0.42613,-0.894253]],[[0.987654,-0.128189,0.090045],[-0.143887,-0.969608,0.197883],[0.061942,-0.208396,-0.976081]]],"btipPosition":[18.464,274.158,40.4471],"carpPosition":[23.9065,330.136,79.6511],"dipPosition":[19.6277,270.242,22.1094],"direction":[-0.136837,-0.42613,0.894253],"extended":false,"handId":614,"id":6142,"length":66.9886,"mcpPosition":[28.2754,328.406,10.0601],"pipPosition":[23.5178,282.357,-3.31313],"stabilizedTipPosition":[-2.87142,277.247,185.238],"timeVisible":1.85309,"tipPosition":[18.7932,272.976,35.0333],"tipVelocity":[-13.1519,79.575,-140.686],"tool":false,"touchDistance":0.333333,"touchZone":"none","type":2,"width":18.9921},{"bases":[[[0.956861,-0.198153,0.212489],[0.198471,0.979902,0.0200525],[-0.212192,0.0229854,0.976958]],[[0.961388,-0.198619,0.19048],[0.228388,0.189699,-0.95491],[0.15353,0.961543,0.227736]],[[0.961388,-0.198619,0.19048],[-0.111391,-0.913786,-0.390623],[0.251643,0.354323,-0.900628]],[[0.961388,-0.198619,0.19048],[-0.237447,-0.948579,0.209326],[0.139109,-0.246472,-0.959114]]],"btipPosition":[33.0312,279.835,51.1214],"carpPosition":[36.1684,329.433,79.6163],"dipPosition":[35.6296,275.231,33.2061],"direction":[-0.251643,-0.354323,0.900628],"extended":false,"handId":614,"id":6143,"length":64.4113,"mcpPosition":[49.4566,327.994,18.436],"pipPosition":[42.5988,285.044,8.26351],"stabilizedTipPosition":[12.0142,279.264,195.848],"timeVisible":1.85309,"tipPosition":[33.7581,278.327,45.622],"tipVelocity":[-14.6109,88.4437,-135.304],"tool":false,"touchDistance":0.333333,"touchZone":"none","type":3,"width":18.0722},{"bases":[[[0.879837,-0.353327,0.317879],[0.32535,0.935308,0.139091],[-0.34646,-0.0189551,0.937873]],[[0.803939,-0.351042,0.480053],[0.55352,0.146488,-0.819852],[0.217481,0.92483,0.312076]],[[0.803939,-0.351042,0.480053],[-0.117319,-0.884955,-0.450656],[0.583025,0.305981,-0.752634]],[[0.803939,-0.351042,0.480053],[-0.434437,-0.897904,0.0709468],[0.406136,-0.26559,-0.874366]]],"btipPosition":[42.0036,288.941,46.4873],"carpPosition":[48.0062,321.941,82.1035],"dipPosition":[49.0022,284.365,31.42],"direction":[-0.583025,-0.305981,0.752634],"extended":false,"handId":614,"id":6144,"length":50.4973,"mcpPosition":[68.0904,323.04,27.7352],"pipPosition":[60.4025,290.348,16.7034],"stabilizedTipPosition":[26.9515,287.534,202.309],"timeVisible":1.85309,"tipPosition":[43.9839,287.565,42.0149],"tipVelocity":[-27.7625,85.7979,-152.173],"tool":false,"touchDistance":0.333333,"touchZone":"none","type":4,"width":16.0532}],"r":[[0.814183,0.551801,-0.180616],[-0.577194,0.735547,-0.354706],[-0.0628756,0.393047,0.917366]],"s":1.11401,"t":[100.458,-27.5772,-232.833],"timestamp":522887617859},false],[6,{"currentFrameRate":110.382,"devices":[],"gestures":[],"hands":[{"armBasis":[[0.999428,0.0224953,-0.0252456],[-0.0204945,0.996829,0.076893],[0.0268952,-0.0763316,0.99672]],"armWidth":63.703,"confidence":0.756595,"direction":[0.0870754,0.129435,-0.987757],"elbow":[38.7663,297.948,356.48],"grabStrength":0,"id":614,"palmNormal":[0.0249933,-0.991495,-0.127721],"palmPosition":[28.7259,321.155,32.8781],"palmVelocity":[-36.9379,51.3253,-178.085],"palmWidth":90.9658,"pinchStrength":0.515617,"r":[[0.812157,0.555017,-0.179882],[-0.580164,0.735634,-0.349646],[-0.061732,0.388329,0.919451]],"s":1.11711,"sphereCenter":[30.551,286.92,7.96369],"sphereRadius":45.8058,"stabilizedPalmPosition":[14.1425,326.971,205.447],"t":[100.069,-27.2554,-234.476],"timeVisible":1.86214,"type":"right","wrist":[31.5066,318.552,87.437]}],"id":4211813,"interactionBox":{"center":[0,200,0],"size":[235.247,235.247,147.751]},"pointables":[{"bases":[[[0.395379,0.917536,-0.0424635],[-0.846645,0.381979,0.37052],[0.356186,-0.110545,0.927853]],[[0.288257,0.91445,-0.284059],[-0.943035,0.322569,0.081453],[0.166113,0.244398,0.955341]],[[0.288257,0.91445,-0.284059],[-0.954785,0.251944,-0.157831],[-0.0727615,0.316711,0.945727]],[[0.288257,0.91445,-0.284059],[-0.814453,0.0781384,-0.574944],[-0.503562,0.397084,0.7673]]],"btipPosition":[9.06768,274.735,-10.9806],"carpPosition":[3.09524,307.018,86.8844],"dipPosition":[-2.71435,284.026,6.97221],"direction":[0.0727615,-0.316711,-0.945727],"extended":false,"handId":614,"id":6140,"length":52.1025,"mcpPosition":[3.09524,307.018,86.8844],"pipPosition":[-5.19453,294.821,39.2088],"stabilizedTipPosition":[-8.9091,273.591,141.379],"timeVisible":1.86214,"tipPosition":[6.3638,275.911,-6.8345],"tipVelocity":[-23.1756,90.0239,-190.914],"tool":false,"touchDistance":-0.544376,"touchZone":"hovering","type":0,"width":20.2446},{"bases":[[[0.99637,0.0351057,-0.077548],[-0.0367876,0.999116,-0.0203669],[0.0767644,0.0231458,0.996781]],[[0.997157,0.0380414,0.0650429],[-0.0422378,0.997029,0.0644093],[-0.0623995,-0.0669734,0.995802]],[[0.997157,0.0380414,0.0650429],[-0.0321499,0.995482,-0.0893407],[-0.0681477,0.0869955,0.993875]],[[0.997157,0.0380414,0.0650429],[-0.0232595,0.976446,-0.214504],[-0.0716709,0.212381,0.974555]]],"btipPosition":[11.4732,323.338,-77.2095],"carpPosition":[11.5682,327.894,79.5367],"dipPosition":[10.249,326.966,-60.5631],"direction":[0.0681477,-0.0869955,-0.993875],"extended":true,"handId":614,"id":6141,"length":58.7918,"mcpPosition":[5.92218,326.191,6.22345],"pipPosition":[8.6023,329.068,-36.5472],"stabilizedTipPosition":[13.7519,314.417,57.1218],"timeVisible":1.86214,"tipPosition":[11.1832,323.011,-73.2856],"tipVelocity":[-64.9952,112.081,-171.967],"tool":false,"touchDistance":-0.535001,"touchZone":"touching","type":1,"width":19.3376},{"bases":[[[0.989156,-0.132933,0.0624496],[0.133885,0.990933,-0.0112951],[-0.0603818,0.0195336,0.997984]],[[0.987371,-0.132412,0.0869848],[0.118896,0.256455,-0.959216],[0.104704,0.957443,0.26896]],[[0.987371,-0.132412,0.0869848],[-0.0825118,-0.898504,-0.431142],[0.135244,0.418519,-0.898082]],[[0.987371,-0.132412,0.0869848],[-0.147553,-0.9685,0.20059],[0.0576842,-0.210892,-0.975806]]],"btipPosition":[17.8314,274.573,39.2652],"carpPosition":[23.5938,330.008,77.9706],"dipPosition":[18.9151,270.611,20.9327],"direction":[-0.135244,-0.418519,0.898082],"extended":false,"handId":614,"id":6142,"length":66.9886,"mcpPosition":[27.8054,328.645,8.36182],"pipPosition":[22.76,282.509,-4.59869],"stabilizedTipPosition":[-2.85773,277.244,185.14],"timeVisible":1.86214,"tipPosition":[18.1434,273.344,33.7337],"tipVelocity":[-29.3659,69.9445,-137.862],"tool":false,"touchDistance":0.333333,"touchZone":"none","type":2,"width":18.9921},{"bases":[[[0.956563,-0.202929,0.209303],[0.20222,0.979021,0.0250148],[-0.209988,0.018397,0.977531]],[[0.961151,-0.203299,0.186705],[0.225147,0.186125,-0.956382],[0.159682,0.961263,0.224666]],[[0.961151,-0.203299,0.186705],[-0.117893,-0.913965,-0.388291],[0.249581,0.351195,-0.902425]],[[0.961151,-0.203299,0.186705],[-0.241079,-0.947706,0.209127],[0.134426,-0.246013,-0.9599]]],"btipPosition":[32.4474,280.039,49.5759],"carpPosition":[35.8528,329.259,77.9052],"dipPosition":[34.9583,275.443,31.646],"direction":[-0.249581,-0.351195,0.902425],"extended":false,"handId":614,"id":6143,"length":64.4113,"mcpPosition":[49.003,328.107,16.689],"pipPosition":[41.8704,285.17,6.65364],"stabilizedTipPosition":[12.0455,279.263,195.624],"timeVisible":1.86214,"tipPosition":[33.1476,278.526,44.0641],"tipVelocity":[-28.9889,70.3092,-145.185],"tool":false,"touchDistance":0.333333,"touchZone":"none","type":3,"width":18.0722},{"bases":[[[0.87918,-0.35839,0.314005],[0.329187,0.933293,0.143528],[-0.344498,-0.0228207,0.93851]],[[0.804811,-0.356811,0.474305],[0.547355,0.137153,-0.825586],[0.229526,0.924053,0.305685]],[[0.804811,-0.356811,0.474305],[-0.129999,-0.88569,-0.445705],[0.57912,0.297049,-0.759198]],[[0.804811,-0.356811,0.474305],[-0.440441,-0.894703,0.0742809],[0.397858,-0.268685,-0.877221]]],"btipPosition":[41.3445,289.188,45.0756],"carpPosition":[47.6675,321.709,80.3252],"dipPosition":[48.2004,284.558,29.9592],"direction":[-0.57912,-0.297049,0.759198],"extended":false,"handId":614,"id":6144,"length":50.4973,"mcpPosition":[67.638,323.032,25.92],"pipPosition":[59.5243,290.367,15.1141],"stabilizedTipPosition":[26.9696,287.535,202.126],"timeVisible":1.86214,"tipPosition":[43.3049,287.766,40.5161],"tipVelocity":[-41.1962,69.2831,-153.566],"tool":false,"touchDistance":0.333333,"touchZone":"none","type":4,"width":16.0532}],"r":[[0.812157,0.555017,-0.179882],[-0.580164,0.735634,-0.349646],[-0.061732,0.388329,0.919451]],"s":1.11711,"t":[100.069,-27.25