{"sensorType":"Leap","data":[[0,{"currentFrameRate":95.9585,"devices":[],"gestures":[],"hands":[{"armBasis":[[0.99475,0.0331431,-0.0968152],[-0.0259695,0.996887,0.0744387],[0.098981,-0.0715337,0.992515]],"armWidth":63.703,"confidence":0.855472,"direction":[0.155565,0.320193,-0.934492],"elbow":[56.0745,304.881,363.704],"grabStrength":0,"id":615,"palmNormal":[0.066203,-0.947262,-0.313548],"palmPosition":[30.5299,337.285,42.709],"palmVelocity":[-4.81177,33.0764,-136.967],"palmWidth":90.9658,"pinchStrength":0.513979,"r":[[0.996208,-0.0047463,0.0868688],[-0.0024269,0.996606,0.0822838],[-0.0869645,-0.0821826,0.992816]],"s":1.00992,"sphereCenter":[31.7276,303.781,12.7333],"sphereRadius":44.3307,"stabilizedPalmPosition":[-3.40972,343.218,145.51],"t":[37.5279,-8.02823,-109.069],"timeVisible":0.379306,"type":"right","wrist":[29.3567,324.19,95.7968]}],"id":4212225,"interactionBox":{"center":[0,200,0],"size":[235.247,235.247,147.751]},"pointables":[{"bases":[[[0.367747,0.915004,0.165923],[-0.883527,0.288135,0.369267],[0.290072,-0.282395,0.914391]],[[0.260747,0.957507,-0.123253],[-0.964435,0.264081,0.0112411],[0.0433124,0.115939,0.992312]],[[0.260747,0.957507,-0.123253],[-0.950414,0.232184,-0.206889],[-0.16948,0.171088,0.97057]],[[0.260747,0.957507,-0.123253],[-0.703429,0.100993,-0.703554],[-0.66121,0.27015,0.699872]]],"btipPosition":[20.5352,294.556,-8.17472],"carpPosition":[1.44915,312.494,90.8044],"dipPosition":[5.06467,300.876,8.20043],"direction":[0.16948,-0.171088,-0.97057],"extended":false,"handId":615,"id":6150,"length":52.1025,"mcpPosition":[1.44915,312.494,90.8044],"pipPosition":[-0.712327,306.708,41.2838],"stabilizedTipPosition":[-23.3725,289.607,108.199],"timeVisible":0.379306,"tipPosition":[16.8615,295.172,-4.19326],"tipVelocity":[18.3947,47.0059,-150.379],"tool":false,"touchDistance":-0.447826,"touchZone":"hovering","type":0,"width":20.2446},{"bases":[[[0.997732,0.0666643,0.00926279],[-0.0672697,0.983279,0.169225],[0.00217339,-0.169465,0.985534]],[[0.997151,0.0604543,0.0451149],[-0.0575683,0.996368,-0.0627394],[-0.0487439,0.0599634,0.99701]],[[0.997151,0.0604543,0.0451149],[-0.0478353,0.969224,-0.241489],[-0.0583254,0.238642,0.969354]],[[0.997151,0.0604543,0.0451149],[-0.039603,0.928589,-0.368991],[-0.0642003,0.366153,0.928337]]],"btipPosition":[14.206,332.41,-66.293],"carpPosition":[9.7663,334.542,88.2959],"dipPosition":[13.1094,338.664,-50.436],"direction":[0.0583254,-0.238642,-0.969354],"extended":true,"handId":615,"id":6151,"length":58.7918,"mcpPosition":[9.60645,347.006,15.8099],"pipPosition":[11.7,344.431,-27.0126],"stabilizedTipPosition":[-25.6945,323.816,42.3274],"timeVisible":0.379306,"tipPosition":[14.0458,332.615,-62.2019],"tipVelocity":[12.6685,69.9987,-144.919],"tool":false,"touchDistance":-0.508148,"touchZone":"hovering","type":1,"width":19.3376},{"bases":[[[0.985604,-0.125452,0.113341],[0.102441,0.976434,0.189951],[-0.1345,-0.175606,0.975229]],[[0.983751,-0.12775,0.12615],[0.166938,0.392276,-0.904572],[0.0660731,0.910933,0.407228]],[[0.983751,-0.12775,0.12615],[-0.0470998,-0.861662,-0.505292],[0.17325,0.49114,-0.853678]],[[0.983751,-0.12775,0.12615],[-0.143305,-0.981995,0.123086],[0.108154,-0.139164,-0.984345]]],"btipPosition":[21.0408,294.132,43.2333],"carpPosition":[21.8005,337.127,88.1163],"dipPosition":[23.0726,291.517,24.7404],"direction":[-0.17325,-0.49114,0.853678],"extended":false,"handId":615,"id":6152,"length":66.9886,"mcpPosition":[31.1818,349.375,20.0947],"pipPosition":[27.9979,305.48,0.471315],"stabilizedTipPosition":[-13.4263,302.622,149.137],"timeVisible":0.379306,"tipPosition":[21.5554,293.945,39.2796],"tipVelocity":[10.2812,24.2079,-156.438],"tool":false,"touchDistance":0.333333,"touchZone":"none","type":2,"width":18.9921},{"bases":[[[0.944523,-0.223175,0.240975],[0.168257,0.958881,0.228555],[-0.282074,-0.17533,0.943236]],[[0.953908,-0.216835,0.207468],[0.276691,0.367789,-0.887791],[0.1162,0.904275,0.410833]],[[0.953908,-0.216835,0.207468],[-0.0839867,-0.856593,-0.509111],[0.288109,0.468221,-0.835322]],[[0.953908,-0.216835,0.207468],[-0.240379,-0.965954,0.0956624],[0.179661,-0.141124,-0.973553]]],"btipPosition":[35.1877,296.873,52.7721],"carpPosition":[34.0486,336.617,88.8727],"dipPosition":[38.5436,294.237,34.5871],"direction":[-0.288109,-0.468221,0.835322],"extended":false,"handId":615,"id":6153,"length":64.4113,"mcpPosition":[51.7131,347.596,29.8041],"pipPosition":[46.5227,307.205,11.4532],"stabilizedTipPosition":[1.82504,304.406,156.626],"timeVisible":0.379306,"tipPosition":[35.9962,296.61,48.9682],"tipVelocity":[8.53019,26.5655,-156.057],"tool":false,"touchDistance":0.333333,"touchZone":"none","type":3,"width":18.0722},{"bases":[[[0.864656,-0.397314,0.307426],[0.28753,0.893213,0.345682],[-0.411942,-0.210502,0.886563]],[[0.859724,-0.399776,0.31789],[0.461845,0.342684,-0.818088],[0.218116,0.850145,0.479248]],[[0.859724,-0.399776,0.31789],[-0.162602,-0.804231,-0.571641],[0.484185,0.439764,-0.756421]],[[0.859724,-0.399776,0.31789],[-0.416168,-0.909114,-0.0177803],[0.296106,-0.11701,-0.947961]]],"btipPosition":[47.4886,304.513,53.509],"carpPosition":[45.8889,328.945,90.7179],"dipPosition":[52.5911,302.497,37.1736],"direction":[-0.484185,-0.439764,0.756421],"extended":false,"handId":615,"id":6154,"length":50.4973,"mcpPosition":[69.769,341.148,39.3241],"pipPosition":[62.0587,311.096,22.3828],"stabilizedTipPosition":[15.8723,309.37,152.081],"timeVisible":0.379306,"tipPosition":[48.8959,304.043,49.8557],"tipVelocity":[4.19459,35.939,-145.619],"tool":false,"touchDistance":0.333333,"touchZone":"none","type":4,"width":16.0532}],"r":[[0.996208,-0.0047463,0.0868688],[-0.0024269,0.996606,0.0822838],[-0.0869645,-0.0821826,0.992816]],"s":1.00992,"t":[37.5279,-8.02823,-109.069],"timestamp":522891962963},false],[1,{"currentFrameRate":96.6888,"devices":[],"gestures":[],"hands":[{"armBasis":[[0.994934,0.0327889,-0.0950373],[-0.0250913,0.996391,0.0810885],[0.0973531,-0.0782931,0.992166]],"armWidth":63.703,"confidence":0.855887,"direction":[0.154342,0.317307,-0.935679],"elbow":[55.9134,303.523,362.152],"grabStrength":0,"id":615,"palmNormal":[0.0633771,-0.948256,-0.311118],"palmPosition":[30.7272,337.605,41.2137],"palmVelocity":[2.5239,33.8991,-145.564],"palmWidth":90.9658,"pinchStrength":0.515136,"r":[[0.996115,-0.00199026,0.0880382],[-0.00537704,0.996504,0.0833666],[-0.0878964,-0.0835161,0.992622]],"s":1.00967,"sphereCenter":[31.6781,304.033,11.3042],"sphereRadius":44.3201,"stabilizedPalmPosition":[-3.40762,343.217,145.504],"t":[37.5491,-7.57844,-110.986],"timeVisible":0.388171,"type":"right","wrist":[29.6351,324.657,94.3391]}],"id":4212226,"interactionBox":{"center":[0,200,0],"size":[235.247,235.247,147.751]},"pointables":[{"bases":[[[0.370188,0.914602,0.162677],[-0.88209,0.29116,0.370328],[0.291338,-0.280586,0.914546]],[[0.262832,0.956574,-0.126036],[-0.963775,0.266433,0.0123138],[0.0453591,0.118234,0.991949]],[[0.262832,0.956574,-0.126036],[-0.950336,0.234097,-0.205084],[-0.166673,0.173679,0.970595]],[[0.262832,0.956574,-0.126036],[-0.7035,0.1006,-0.703539],[-0.660309,0.273579,0.699391]]],"btipPosition":[20.5576,294.79,-9.51408],"carpPosition":[1.69038,313.011,89.4366],"dipPosition":[5.10808,301.191,6.84982],"direction":[0.166673,-0.173679,-0.970595],"extended":false,"handId":615,"id":6150,"length":52.1025,"mcpPosition":[1.69038,313.011,89.4366],"pipPosition":[-0.573232,307.111,39.934],"stabilizedTipPosition":[-23.3639,289.608,108.175],"timeVisible":0.388171,"tipPosition":[16.8803,295.431,-5.54168],"tipVelocity":[14.2393,41.984,-150.649],"tool":false,"touchDistance":-0.451506,"touchZone":"hovering","type":0,"width":20.2446},{"bases":[[[0.9979,0.0643982,0.00700062],[-0.0646632,0.983885,0.166701],[0.00384746,-0.166804,0.985983]],[[0.997384,0.0583123,0.0427197],[-0.0554807,0.99636,-0.0647134],[-0.0463379,0.062174,0.996989]],[[0.997384,0.0583123,0.0427197],[-0.0462332,0.968893,-0.243123],[-0.055568,0.240512,0.969054]],[[0.997384,0.0583123,0.0427197],[-0.0383966,0.928085,-0.370382],[-0.0612454,0.367773,0.927897]]],"btipPosition":[14.1489,332.537,-67.7552],"carpPosition":[10.0527,335.033,86.8511],"dipPosition":[13.1028,338.819,-51.9058],"direction":[0.055568,-0.240512,-0.969054],"extended":true,"handId":615,"id":6151,"length":58.7918,"mcpPosition":[9.76977,347.302,14.3321],"pipPosition":[11.76,344.631,-28.4896],"stabilizedTipPosition":[-25.6656,323.823,42.2496],"timeVisible":0.388171,"tipPosition":[14.0014,332.76,-63.6695],"tipVelocity":[7.84239,55.119,-150.399],"tool":false,"touchDistance":-0.507626,"touchZone":"hovering","type":1,"width":19.3376},{"bases":[[[0.985549,-0.127408,0.111624],[0.105075,0.976707,0.187092],[-0.132861,-0.172659,0.97598]],[[0.983687,-0.129702,0.124646],[0.166174,0.389848,-0.905762],[0.0688862,0.911699,0.405042]],[[0.983687,-0.129702,0.124646],[-0.049867,-0.862373,-0.503812],[0.172836,0.489378,-0.854773]],[[0.983687,-0.129702,0.124646],[-0.145228,-0.981494,0.124811],[0.106151,-0.140877,-0.98432]]],"btipPosition":[21.1322,294.435,41.84],"carpPosition":[22.0924,337.59,86.6394],"dipPosition":[23.1264,291.788,23.3476],"direction":[-0.172836,-0.489378,0.854773],"extended":false,"handId":615,"id":6152,"length":66.9886,"mcpPosition":[31.3594,349.633,18.5653],"pipPosition":[28.04,305.7,-0.952644],"stabilizedTipPosition":[-13.4251,302.621,149.133],"timeVisible":0.388171,"tipPosition":[21.6413,294.245,37.8914],"tipVelocity":[10.0255,26.6778,-156.633],"tool":false,"touchDistance":0.333333,"touchZone":"none","type":2,"width":18.9921},{"bases":[[[0.944512,-0.224691,0.239608],[0.17093,0.959106,0.225605],[-0.280501,-0.172131,0.944294]],[[0.953799,-0.218493,0.206223],[0.275851,0.364871,-0.889255],[0.119051,0.905058,0.408285]],[[0.953799,-0.218493,0.206223],[-0.0867968,-0.857511,-0.50709],[0.287634,0.465763,-0.836858]],[[0.953799,-0.218493,0.206223],[-0.242319,-0.965226,0.0980879],[0.17762,-0.143528,-0.973576]]],"btipPosition":[35.3054,297.188,51.3615],"carpPosition":[34.3409,337.054,87.3715],"dipPosition":[38.6231,294.507,33.176],"direction":[-0.287634,-0.465763,0.836858],"extended":false,"handId":615,"id":6153,"length":64.4113,"mcpPosition":[51.9068,347.833,28.2367],"pipPosition":[46.5891,307.406,9.99955],"stabilizedTipPosition":[1.82652,304.406,156.621],"timeVisible":0.388171,"tipPosition":[36.1086,296.916,47.5551],"tipVelocity":[9.54716,28.6665,-156.891],"tool":false,"touchDistance":0.333333,"touchZone":"none","type":3,"width":18.0722},{"bases":[[[0.864385,-0.398466,0.306697],[0.290298,0.893482,0.342661],[-0.410567,-0.207157,0.887987]],[[0.858992,-0.401117,0.318179],[0.462602,0.341762,-0.818045],[0.21939,0.849884,0.479129]],[[0.858992,-0.401117,0.318179],[-0.163153,-0.803512,-0.572494],[0.485298,0.439856,-0.755654]],[[0.858992,-0.401117,0.318179],[-0.417467,-0.908508,-0.0182838],[0.296402,-0.117123,-0.947854]]],"btipPosition":[47.6155,304.743,51.9088],"carpPosition":[46.1674,329.36,89.2129],"dipPosition":[52.7231,302.725,35.5751],"direction":[-0.485298,-0.439856,0.755654],"extended":false,"handId":615,"id":6154,"length":50.4973,"mcpPosition":[69.9679,341.369,37.7365],"pipPosition":[62.2125,311.326,20.7994],"stabilizedTipPosition":[15.8746,309.37,152.074],"timeVisible":0.388171,"tipPosition":[49.0194,304.3,48.3097],"tipVelocity":[6.97439,33.223,-155.066],"tool":false,"touchDistance":0.333333,"touchZone":"none","type":4,"width":16.0532}],"r":[[0.996115,-0.00199026,0.0880382],[-0.00537704,0.996504,0.0833666],[-0.0878964,-0.0835161,0.992622]],"s":1.00967,"t":[37.5491,-7.57844,-110.986],"timestamp":522891971828},false],[2,{"currentFrameRate":97.2338,"devices":[],"gestures":[],"hands":[{"armBasis":[[0.995571,0.0219971,-0.0914063],[-0.0165802,0.998084,0.0596044],[0.0925423,-0.0578249,0.994028]],"armWidth":63.703,"confidence":0.856225,"direction":[0.153488,0.319307,-0.935139],"elbow":[54.9232,309.058,360.853],"grabStrength":0,"id":615,"palmNormal":[0.0585713,-0.947628,-0.313959],"palmPosition":[30.9654,337.762,39.4463],"palmVelocity":[9.06366,29.1877,-158.634],"palmWidth":90.9658,"pinchStrength":0.519354,"r":[[0.996076,-0.000689961,0.0885011],[-0.00684414,0.996375,0.0847983],[-0.0882387,-0.0850713,0.99246]],"s":1.00945,"sphereCenter":[31.4582,304.339,9.39456],"sphereRadius":44.3112,"stabilizedPalmPosition":[-3.40583,343.217,145.498],"t":[37.6788,-7.27525,-112.829],"timeVisible":0.39736,"type":"right","wrist":[29.9435,324.667,92.5372]}],"id":4212227,"interactionBox":{"center":[0,200,0],"size":[235.247,235.247,147.751]},"pointables":[{"bases":[[[0.374493,0.912541,0.164391],[-0.879954,0.29388,0.37325],[0.292294,-0.284436,0.91305]],[[0.266993,0.955803,-0.123106],[-0.962538,0.270754,0.0145905],[0.0472772,0.114599,0.992286]],[[0.266993,0.955803,-0.123106],[-0.949791,0.23936,-0.201505],[-0.163132,0.170726,0.97172]],[[0.266993,0.955803,-0.123106],[-0.701808,0.105299,-0.70454],[-0.660439,0.274505,0.698905]]],"btipPosition":[20.5913,295.194,-11.3263],"carpPosition":[1.93754,313.155,87.6681],"dipPosition":[5.13882,301.617,5.02621],"direction":[0.163132,-0.170726,-0.97172],"extended":false,"handId":615,"id":6150,"length":52.1025,"mcpPosition":[1.93754,313.155,87.6681],"pipPosition":[-0.421797,307.436,38.1488],"stabilizedTipPosition":[-23.3562,289.609,108.153],"timeVisible":0.39736,"tipPosition":[16.884,295.857,-7.3812],"tipVelocity":[11.2661,42.6988,-163.743],"tool":false,"touchDistance":-0.461911,"touchZone":"hovering","type":0,"width":20.2446},{"bases":[[[0.998181,0.0601022,0.00480998],[-0.0600463,0.983674,0.169647],[0.00546472,-0.169627,0.985493]],[[0.997732,0.0539678,0.0402207],[-0.0514975,0.996862,-0.0601121],[-0.0433387,0.0579045,0.997381]],[[0.997732,0.0539678,0.0402207],[-0.0429111,0.970411,-0.237617],[-0.0518543,0.235353,0.970526]],[[0.997732,0.0539678,0.0402207],[-0.0356416,0.93054,-0.364451],[-0.0570956,0.362191,0.930354]]],"btipPosition":[14.0759,333.264,-69.5394],"carpPosition":[10.3882,335.148,85.1253],"dipPosition":[13.1007,339.45,-53.648],"direction":[0.0518543,-0.235353,-0.970526],"extended":true,"handId":615,"id":6151,"length":58.7918,"mcpPosition":[9.98625,347.624,12.6422],"pipPosition":[11.8477,345.137,-30.1962],"stabilizedTipPosition":[-25.6381,323.831,42.1744],"timeVisible":0.39736,"tipPosition":[13.9462,333.472,-65.459],"tipVelocity":[3.92787,61.1348,-162.336],"tool":false,"touchDistance":-0.511814,"touchZone":"hovering","type":1,"width":19.3376},{"bases":[[[0.985255,-0.131947,0.108918],[0.109707,0.975711,0.189613],[-0.131291,-0.174868,0.975799]],[[0.983346,-0.134351,0.122395],[0.166307,0.393563,-0.90413],[0.0733005,0.909427,0.409352]],[[0.983346,-0.134351,0.122395],[-0.0540184,-0.859073,-0.508994],[0.173531,0.493906,-0.852024]],[[0.983346,-0.134351,0.122395],[-0.148959,-0.981627,0.119246],[0.104126,-0.135492,-0.985292]]],"btipPosition":[21.174,294.532,39.8378],"carpPosition":[22.4382,337.654,84.8922],"dipPosition":[23.1302,291.987,21.3271],"direction":[-0.173531,-0.493906,0.852024],"extended":false,"handId":615,"id":6152,"length":66.9886,"mcpPosition":[31.5957,349.851,16.8308],"pipPosition":[28.0635,306.028,-2.8949],"stabilizedTipPosition":[-13.4242,302.621,149.13],"timeVisible":0.39736,"tipPosition":[21.6778,294.374,35.9189],"tipVelocity":[8.23013,22.9048,-173.879],"tool":false,"touchDistance":0.333333,"touchZone":"none","type":2,"width":18.9921},{"bases":[[[0.944103,-0.229417,0.236722],[0.175578,0.957719,0.22792],[-0.279002,-0.173617,0.944466]],[[0.953293,-0.223198,0.203509],[0.27546,0.366013,-0.888908],[0.123915,0.903448,0.410399]],[[0.953293,-0.223198,0.203509],[-0.0915229,-0.855537,-0.509588],[0.287848,0.467161,-0.836005]],[[0.953293,-0.223198,0.203509],[-0.246171,-0.964531,0.0952866],[0.175023,-0.140934,-0.974425]]],"btipPosition":[35.3819,297.275,49.4707],"carpPosition":[34.686,337.063,85.5937],"dipPosition":[38.6511,294.643,31.2694],"direction":[-0.287848,-0.467161,0.836005],"extended":false,"handId":615,"id":6153,"length":64.4113,"mcpPosition":[52.158,347.936,26.4481],"pipPosition":[46.623,307.581,8.11652],"stabilizedTipPosition":[1.82769,304.405,156.617],"timeVisible":0.39736,"tipPosition":[36.1797,297.014,45.6526],"tipVelocity":[8.86634,23.6534,-170.661],"tool":false,"touchDistance":0.333333,"touchZone":"none","type":3,"width":18.0722},{"bases":[[[0.863391,-0.403037,0.303508],[0.294939,0.891251,0.344504],[-0.409349,-0.207925,0.888369]],[[0.857712,-0.405843,0.315628],[0.462588,0.341273,-0.818257],[0.224369,0.847835,0.480452]],[[0.857712,-0.405843,0.315628],[-0.167896,-0.801352,-0.574148],[0.485943,0.439461,-0.755469]],[[0.857712,-0.405843,0.315628],[-0.421558,-0.906578,-0.0201285],[0.29431,-0.115791,-0.94867]]],"btipPosition":[47.7086,304.799,50.0224],"carpPosition":[46.4837,329.314,87.385],"dipPosition":[52.7802,302.803,33.6748],"direction":[-0.485943,-0.439461,0.755469],"extended":false,"handId":615,"id":6154,"length":50.4973,"mcpPosition":[70.2135,341.367,35.8865],"pipPosition":[62.2821,311.396,18.9026],"stabilizedTipPosition":[15.8765,309.37,152.068],"timeVisible":0.39736,"tipPosition":[49.1095,304.359,46.4098],"tipVelocity":[7.60512,25.7878,-169.198],"tool":false,"touchDistance":0.333333,"touchZone":"none","type":4,"width":16.0532}],"r":[[0.996076,-0.000689961,0.0885011],[-0.00684414,0.996375,0.0847983],[-0.0882387,-0.0850713,0.99246]],"s":1.00945,"t":[37.6788,-7.27525,-112.829],"timestamp":522891981017},false],[3,{"currentFrameRate":97.8884,"devices":[],"gestures":[],"hands":[{"armBasis":[[0.995506,0.0248674,-0.0913697],[-0.018862,0.99764,0.0660126],[0.0927957,-0.0639925,0.993627]],"armWidth":63.703,"confidence":0.86893,"direction":[0.152318,0.319234,-0.935355],"elbow":[54.9803,307.568,359.329],"grabStrength":0,"id":615,"palmNormal":[0.0594783,-0.947643,-0.313743],"palmPosition":[30.8939,337.923,38.0256],"palmVelocity":[4.41079,26.1742,-158.865],"palmWidth":90.9658,"pinchStrength":0.522832,"r":[[0.996058,0.000600119,0.0887074],[-0.00824935,0.996271,0.0858885],[-0.088325,-0.0862817,0.992348]],"s":1.00923,"sphereCenter":[31.2206,304.535,7.94358],"sphereRadius":44.3069,"stabilizedPalmPosition":[-3.40446,343.217,145.494],"t":[37.7079,-7.04297,-114.46],"timeVisible":0.406268,"type":"right","wrist":[29.9322,324.842,91.121]}],"id":4212228,"interactionBox":{"center":[0,200,0],"size":[235.247,235.247,147.751]},"pointables":[{"bases":[[[0.373504,0.913048,0.163825],[-0.880005,0.2929,0.373899],[0.293403,-0.28382,0.912886]],[[0.26592,0.956102,-0.123112],[-0.962823,0.269718,0.0149795],[0.0475274,0.114552,0.99228]],[[0.26592,0.956102,-0.123112],[-0.950352,0.238599,-0.199755],[-0.161612,0.170118,0.972081]],[[0.26592,0.956102,-0.123112],[-0.701125,0.104174,-0.705388],[-0.661597,0.273893,0.698049]]],"btipPosition":[20.553,295.37,-12.7079],"carpPosition":[1.93642,313.294,86.2784],"dipPosition":[5.07337,301.779,3.62455],"direction":[0.161612,-0.170118,-0.972081],"extended":false,"handId":615,"id":6150,"length":52.1025,"mcpPosition":[1.93642,313.294,86.2784],"pipPosition":[-0.435406,307.578,36.7594],"stabilizedTipPosition":[-23.3501,289.611,108.135],"timeVisible":0.406268,"tipPosition":[16.8392,296.039,-8.77668],"tipVelocity":[6.83726,36.3692,-161.531],"tool":false,"touchDistance":-0.464847,"touchZone":"hovering","type":0,"width":20.2446},{"bases":[[[0.998109,0.0613334,0.00396372],[-0.0611175,0.983647,0.169422],[0.00649236,-0.169344,0.985536]],[[0.997706,0.0552546,0.0391112],[-0.0528928,0.996853,-0.0590433],[-0.0422506,0.0568391,0.997489]],[[0.997706,0.0552546,0.0391112],[-0.0445276,0.970817,-0.235651],[-0.0509907,0.233369,0.97105]],[[0.997706,0.0552546,0.0391112],[-0.0373951,0.93144,-0.361969],[-0.0564302,0.359676,0.931369]]],"btipPosition":[13.891,333.528,-70.98],"carpPosition":[10.3578,335.297,83.7224],"dipPosition":[12.9272,339.672,-55.0713],"direction":[0.0509907,-0.233369,-0.97105],"extended":true,"handId":615,"id":6151,"length":58.7918,"mcpPosition":[9.88032,347.752,11.2363],"pipPosition":[11.695,345.311,-31.6068],"stabilizedTipPosition":[-25.6153,323.837,42.111],"timeVisible":0.406268,"tipPosition":[13.7703,333.742,-66.9069],"tipVelocity":[-2.71129,52.2793,-162.048],"tool":false,"touchDistance":-0.510516,"touchZone":"hovering","type":1,"width":19.3376},{"bases":[[[0.985507,-0.130702,0.108136],[0.108662,0.975898,0.189249],[-0.130265,-0.174756,0.975957]],[[0.983544,-0.133186,0.122074],[0.165674,0.395385,-0.903451],[0.072061,0.908808,0.410944]],[[0.983544,-0.133186,0.122074],[-0.0526375,-0.857618,-0.511587],[0.17283,0.496743,-0.850515]],[[0.983544,-0.133186,0.122074],[-0.147461,-0.982184,0.116493],[0.104384,-0.132577,-0.985661]]],"btipPosition":[21.1436,294.583,38.3006],"carpPosition":[22.4046,337.818,83.4786],"dipPosition":[23.1047,292.092,19.783],"direction":[-0.17283,-0.496743,0.850515],"extended":false,"handId":615,"id":6152,"length":66.9886,"mcpPosition":[31.4905,350.007,15.4062],"pipPosition":[28.018,306.214,-4.39618],"stabilizedTipPosition":[-13.4235,302.621,149.127],"timeVisible":0.406268,"tipPosition":[21.6489,294.446,34.4109],"tipVelocity":[5.09454,18.59,-173.57],"tool":false,"touchDistance":0.333333,"touchZone":"none","type":2,"width":18.9921},{"bases":[[[0.944581,-0.228187,0.236001],[0.174586,0.957998,0.227507],[-0.278003,-0.173696,0.944746]],[[0.953718,-0.221979,0.202847],[0.274329,0.366028,-0.889251],[0.123147,0.903742,0.409983]],[[0.953718,-0.221979,0.202847],[-0.0906434,-0.855426,-0.509931],[0.286715,0.467944,-0.835956]],[[0.953718,-0.221979,0.202847],[-0.244716,-0.96497,0.0945902],[0.174745,-0.139852,-0.974631]]],"btipPosition":[35.3579,297.404,48.0506],"carpPosition":[34.6536,337.242,84.1701],"dipPosition":[38.6219,294.792,29.8455],"direction":[-0.286715,-0.467944,0.835956],"extended":false,"handId":615,"id":6153,"length":64.4113,"mcpPosition":[52.0631,348.12,25.007],"pipPosition":[46.5624,307.751,6.694],"stabilizedTipPosition":[1.82854,304.405,156.615],"timeVisible":0.406268,"tipPosition":[36.1567,297.152,44.2241],"tipVelocity":[5.68323,21.2935,-167.626],"tool":false,"touchDistance":0.333333,"touchZone":"none","type":3,"width":18.0722},{"bases":[[[0.864139,-0.401888,0.302902],[0.294127,0.89171,0.34401],[-0.408355,-0.208181,0.888767]],[[0.857985,-0.404933,0.316055],[0.462679,0.341935,-0.81793],[0.223136,0.848004,0.480729]],[[0.857985,-0.404933,0.316055],[-0.166167,-0.800993,-0.575152],[0.486056,0.440954,-0.754526]],[[0.857985,-0.404933,0.316055],[-0.420199,-0.907176,-0.0215812],[0.295456,-0.11429,-0.948495]]],"btipPosition":[47.6513,304.946,48.5369],"carpPosition":[46.4623,329.508,85.9538],"dipPosition":[52.7426,302.977,32.1922],"direction":[-0.486056,-0.440954,0.754526],"extended":false,"handId":615,"id":6154,"length":50.4973,"mcpPosition":[70.1346,341.576,34.4322],"pipPosition":[62.2467,311.599,17.4386],"stabilizedTipPosition":[15.8778,309.37,152.064],"timeVisible":0.406268,"tipPosition":[49.0593,304.525,44.9412],"tipVelocity":[3.9216,23.4645,-168.513],"tool":false,"touchDistance":0.333333,"touchZone":"none","type":4,"width":16.0532}],"r":[[0.996058,0.000600119,0.0887074],[-0.00824935,0.996271,0.0858885],[-0.088325,-0.0862817,0.992348]],"s":1.00923,"t":[37.7079,-7.04297,-114.46],"timestamp":522891989925},false],[4,{"currentFrameRate":98.3311,"devices":[],"gestures":[],"hands":[{"armBasis":[[0.995226,0.0348995,-0.0911434],[-0.0285783,0.997154,0.0697617],[0.0933187,-0.0668239,0.993391]],"armWidth":63.703,"confidence":0.811384,"direction":[0.149455,0.31831,-0.936131],"elbow":[55.1935,307.029,357.706],"grabStrength":0,"id":615,"palmNormal":[0.0677302,-0.947837,-0.311477],"palmPosition":[30.8477,338.029,36.4351],"palmVelocity":[1.76443,21.9923,-162.346],"palmWidth":90.9658,"pinchStrength":0.52392,"r":[[0.996039,0.00341443,0.0888546],[-0.0111122,0.996209,0.0862831],[-0.0882231,-0.0869287,0.9923]],"s":1.00932,"sphereCenter":[31.2696,304.626,6.405],"sphereRadius":44.3172,"stabilizedPalmPosition":[-3.40339,343.217,145.491],"t":[37.6993,-6.87412,-116.071],"timeVisible":0.415558,"type":"right","wrist":[30.0042,325.067,89.5618]}],"id":4212229,"interactionBox":{"center":[0,200,0],"size":[235.247,235.247,147.751]},"pointables":[{"bases":[[[0.365527,0.916665,0.161602],[-0.882503,0.286098,0.373278],[0.295937,-0.279058,0.913536]],[[0.257955,0.958104,-0.124479],[-0.965044,0.261694,0.0143945],[0.0463668,0.116415,0.992118]],[[0.257955,0.958104,-0.124479],[-0.952573,0.230681,-0.198471],[-0.161441,0.169772,0.97217]],[[0.257955,0.958104,-0.124479],[-0.700329,0.0966664,-0.707245],[-0.665582,0.269614,0.695924]]],"btipPosition":[20.8719,295.359,-14.1821],"carpPosition":[2.10997,313.263,84.7495],"dipPosition":[5.29903,301.667,2.10067],"direction":[0.161441,-0.169772,-0.97217],"extended":false,"handId":615,"id":6150,"length":52.1025,"mcpPosition":[2.10997,313.263,84.7495],"pipPosition":[-0.203929,307.454,35.2386],"stabilizedTipPosition":[-23.3454,289.611,108.121],"timeVisible":0.415558,"tipPosition":[17.1546,296.004,-10.269],"tipVelocity":[13.9394,25.0514,-161.075],"tool":false,"touchDistance":-0.468979,"touchZone":"hovering","type":0,"width":20.2446},{"bases":[[[0.997536,0.0700581,0.00372303],[-0.0696944,0.983479,0.167071],[0.00804314,-0.166919,0.985938]],[[0.997199,0.0641274,0.0384944],[-0.0617464,0.996278,-0.0601447],[-0.0422081,0.0575994,0.997447]],[[0.997199,0.0641274,0.0384944],[-0.053278,0.970252,-0.236162],[-0.0524938,0.23345,0.970951]],[[0.997199,0.0641274,0.0384944],[-0.0458918,0.931002,-0.362116],[-0.05906,0.359336,0.931338]]],"btipPosition":[13.8373,333.357,-72.5873],"carpPosition":[10.3387,335.333,82.14],"dipPosition":[12.8285,339.495,-56.6791],"direction":[0.0524938,-0.23345,-0.970951],"extended":true,"handId":615,"id":6151,"length":58.7918,"mcpPosition":[9.74713,347.61,9.62425],"pipPosition":[11.56,345.136,-33.2171],"stabilizedTipPosition":[-25.5978,323.842,42.0614],"timeVisible":0.415558,"tipPosition":[13.7244,333.589,-68.5234],"tipVelocity":[-3.89299,32.2859,-165.144],"tool":false,"touchDistance":-0.511909,"touchZone":"hovering","type":1,"width":19.3376},{"bases":[[[0.986619,-0.12183,0.108356],[0.100148,0.977261,0.1869],[-0.128662,-0.173548,0.976385]],[[0.984627,-0.12436,0.122652],[0.162528,0.3951,-0.904146],[0.0639797,0.910182,0.409238]],[[0.984627,-0.12436,0.122652],[-0.0447119,-0.858257,-0.511269],[0.168848,0.497926,-0.850623]],[[0.984627,-0.12436,0.122652],[-0.138706,-0.983477,0.116333],[0.106158,-0.131558,-0.985608]]],"btipPosition":[21.4595,294.52,36.7654],"carpPosition":[22.3629,337.958,81.889],"dipPosition":[23.4539,292.048,18.2488],"direction":[-0.168848,-0.497926,0.850623],"extended":false,"handId":615,"id":6152,"length":66.9886,"mcpPosition":[31.3371,350.063,13.7867],"pipPosition":[28.254,306.203,-5.93346],"stabilizedTipPosition":[-13.423,302.621,149.126],"timeVisible":0.415558,"tipPosition":[21.9719,294.397,32.8767],"tipVelocity":[13.4806,11.5666,-171.217],"tool":false,"touchDistance":0.333333,"touchZone":"none","type":2,"width":18.9921},{"bases":[[[0.946556,-0.219362,0.236459],[0.166229,0.960029,0.225194],[-0.276406,-0.173853,0.945185]],[[0.955585,-0.213191,0.203485],[0.270739,0.362236,-0.8919],[0.116435,0.907378,0.403867]],[[0.955585,-0.213191,0.203485],[-0.0839587,-0.858764,-0.505446],[0.282502,0.465913,-0.838521]],[[0.955585,-0.213191,0.203485],[-0.236433,-0.966749,0.0974499],[0.175944,-0.141232,-0.974216]]],"btipPosition":[35.6149,297.583,46.7702],"carpPosition":[34.6166,337.491,82.5807],"dipPosition":[38.9014,294.945,28.5728],"direction":[-0.282502,-0.465913,0.838521],"extended":false,"handId":615,"id":6153,"length":64.4113,"mcpPosition":[51.9261,348.378,23.3901],"pipPosition":[46.7252,307.848,5.35029],"stabilizedTipPosition":[1.82923,304.405,156.612],"timeVisible":0.415558,"tipPosition":[36.4321,297.303,42.8414],"tipVelocity":[12.0411,20.521,-159.167],"tool":false,"touchDistance":0.333333,"touchZone":"none","type":3,"width":18.0722},{"bases":[[[0.867638,-0.393598,0.303783],[0.286352,0.895067,0.341845],[-0.406456,-0.209609,0.889302]],[[0.861229,-0.396802,0.317542],[0.460244,0.343955,-0.818456],[0.215545,0.851025,0.47885]],[[0.861229,-0.396802,0.317542],[-0.158556,-0.803415,-0.573921],[0.482851,0.443929,-0.754839]],[[0.861229,-0.396802,0.317542],[-0.412089,-0.91091,-0.0206205],[0.297434,-0.113097,-0.94802]]],"btipPosition":[47.8683,305.2,46.9983],"carpPosition":[46.4926,329.864,84.3819],"dipPosition":[52.9938,303.251,30.6619],"direction":[-0.482851,-0.443929,0.754839],"extended":false,"handId":615,"id":6154,"length":50.4973,"mcpPosition":[70.0547,342.015,32.8293],"pipPosition":[62.4352,311.932,15.902],"stabilizedTipPosition":[15.8789,309.369,152.06],"timeVisible":0.415558,"tipPosition":[49.2852,304.793,43.409],"tipVelocity":[9.64373,24.6971,-167.639],"tool":false,"touchDistance":0.333333,"touchZone":"none","type":4,"width":16.0532}],"r":[[0.996039,0.00341443,0.0888546],[-0.0111122,0.996209,0.0862831],[-0.0882231,-0.0869287,0.9923]],"s":1.00932,"t":[37.6993,-6.87412,-116.071],"timestamp":522891999215},false],[5,{"currentFrameRate":98.9769,"devices":[],"gestures":[],"hands":[{"armBasis":[[0.994995,0.0403756,-0.0914083],[-0.0336633,0.996703,0.0738197],[0.0940875,-0.0703731,0.993074]],"armWidth":63.703,"confidence":0.754188,"direction":[0.147202,0.318669,-0.936366],"elbow":[55.539,306.107,356.574],"grabStrength":0,"id":615,"palmNormal":[0.071671,-0.947627,-0.311234],"palmPosition":[30.8806,338.052,35.3838],"palmVelocity":[2.29627,16.7535,-150.665],"palmWidth":90.9658,"pinchStrength":0.523771,"r":[[0.996028,0.0065582,0.0887952],[-0.0142737,0.996146,0.0865368],[-0.0878855,-0.0874605,0.992284]],"s":1.0097,"sphereCenter":[31.2538,304.687,5.31606],"sphereRadius":44.3462,"stabilizedPalmPosition":[-3.40265,343.216,145.488],"t":[37.7115,-6.77824,-117.402],"timeVisible":0.424385,"type":"right","wrist":[30.1422,325.103,88.5154]}],"id":4212230,"interactionBox":{"center":[0,200,0],"size":[235.247,235.247,147.751]},"pointables":[{"bases":[[[0.361587,0.918335,0.160983],[-0.883434,0.282288,0.373975],[0.297991,-0.277442,0.91336]],[[0.254127,0.959224,-0.123731],[-0.965981,0.258072,0.0167012],[0.0479518,0.115278,0.992175]],[[0.254127,0.959224,-0.123731],[-0.954318,0.227902,-0.193231],[-0.157153,0.167184,0.97332]],[[0.254127,0.959224,-0.123731],[-0.700613,0.0943815,-0.707272],[-0.666754,0.266425,0.696029]]],"btipPosition":[20.8606,295.489,-15.2444],"carpPosition":[2.29654,313.174,83.7318],"dipPosition":[5.26034,301.723,1.04087],"direction":[0.157153,-0.167184,-0.97332],"extended":false,"handId":615,"id":6150,"length":52.1025,"mcpPosition":[2.29654,313.174,83.7318],"pipPosition":[-0.0964603,307.421,34.218],"stabilizedTipPosition":[-23.342,289.612,108.111],"timeVisible":0.424385,"tipPosition":[17.2216,296.114,-11.3267],"tipVelocity":[9.63698,21.7509,-150.056],"tool":false,"touchDistance":-0.46634,"touchZone":"hovering","type":0,"width":20.2446},{"bases":[[[0.997217,0.0744987,0.00280987],[-0.0739225,0.983213,0.166818],[0.00966506,-0.166562,0.985984]],[[0.996954,0.068685,0.0369587],[-0.0664857,0.996114,-0.0577643],[-0.0407827,0.0551311,0.997646]],[[0.996954,0.068685,0.0369587],[-0.0582498,0.970771,-0.23283],[-0.0518704,0.229968,0.971815]],[[0.996954,0.068685,0.0369587],[-0.0509415,0.932212,-0.35831],[-0.0590639,0.355335,0.932871]]],"btipPosition":[13.7277,333.536,-73.6784],"carpPosition":[10.4246,335.279,81.1078],"dipPosition":[12.7188,339.605,-57.744],"direction":[0.0518704,-0.229968,-0.971815],"extended":true,"handId":615,"id":6151,"length":58.7918,"mcpPosition":[9.71375,347.53,8.58876],"pipPosition":[11.4654,345.162,-34.2611],"stabilizedTipPosition":[-25.5854,323.846,42.0257],"timeVisible":0.424385,"tipPosition":[13.634,333.746,-69.6169],"tipVelocity":[-6.19544,28.5529,-153.741],"tool":false,"touchDistance":-0.505327,"touchZone":"hovering","type":1,"width":19.3376},{"bases":[[[0.987247,-0.117402,0.107514],[0.0959632,0.977757,0.186498],[-0.127018,-0.173803,0.976555]],[[0.985245,-0.119979,0.122053],[0.16025,0.396286,-0.904034],[0.0600969,0.910254,0.409666]],[[0.985245,-0.119979,0.122053],[-0.0409003,-0.857533,-0.512801],[0.166189,0.500243,-0.849787]],[[0.985245,-0.119979,0.122053],[-0.134035,-0.984358,0.114344],[0.106425,-0.129016,-0.985915]]],"btipPosition":[21.6764,294.42,35.6712],"carpPosition":[22.4368,337.958,80.8453],"dipPosition":[23.6758,291.996,17.1488],"direction":[-0.166189,-0.500243,0.849787],"extended":false,"handId":615,"id":6152,"length":66.9886,"mcpPosition":[31.2962,350.081,12.7312],"pipPosition":[28.4003,306.218,-7.00961],"stabilizedTipPosition":[-13.4226,302.621,149.125],"timeVisible":0.424385,"tipPosition":[22.1891,294.317,31.789],"tipVelocity":[16.5106,5.73511,-158.493],"tool":false,"touchDistance":0.333333,"touchZone":"none","type":2,"width":18.9921},{"bases":[[[0.947733,-0.21507,0.235683],[0.162154,0.960832,0.224739],[-0.274787,-0.174775,0.945487]],[[0.956684,-0.208886,0.202788],[0.268445,0.36337,-0.892132],[0.112667,0.907926,0.403704]],[[0.956684,-0.208886,0.202788],[-0.0800435,-0.858437,-0.506635],[0.27991,0.468458,-0.837972]],[[0.956684,-0.208886,0.202788],[-0.23164,-0.968094,0.0955888],[0.176351,-0.138422,-0.974546]]],"btipPosition":[35.8225,297.548,45.695],"carpPosition":[34.6931,337.546,81.5262],"dipPosition":[39.1165,294.962,27.4915],"direction":[-0.27991,-0.468458,0.837972],"extended":false,"handId":615,"id":6153,"length":64.4113,"mcpPosition":[51.9011,348.491,22.3167],"pipPosition":[46.8685,307.936,4.28414],"stabilizedTipPosition":[1.82974,304.405,156.611],"timeVisible":0.424385,"tipPosition":[36.6426,297.296,41.767],"tipVelocity":[15.193,14.2758,-149.12],"tool":false,"touchDistance":0.333333,"touchZone":"none","type":3,"width":18.0722},{"bases":[[[0.869652,-0.389634,0.303134],[0.282669,0.896443,0.341303],[-0.404726,-0.211128,0.889731]],[[0.862985,-0.393001,0.317501],[0.45833,0.344555,-0.819278],[0.212581,0.852544,0.47747]],[[0.862985,-0.393001,0.317501],[-0.155545,-0.804574,-0.57312],[0.48069,0.445209,-0.755464]],[[0.862985,-0.393001,0.317501],[-0.408184,-0.912675,-0.0202403],[0.29773,-0.112132,-0.948042]]],"btipPosition":[48.0219,305.301,45.9722],"carpPosition":[46.6044,329.972,83.3192],"dipPosition":[53.1524,303.369,29.6353],"direction":[-0.48069,-0.445209,0.755464],"extended":false,"handId":615,"id":6154,"length":50.4973,"mcpPosition":[70.0663,342.211,31.7417],"pipPosition":[62.5516,312.074,14.8633],"stabilizedTipPosition":[15.8797,309.369,152.058],"timeVisible":0.424385,"tipPosition":[49.4454,304.899,42.3657],"tipVelocity":[11.7729,21.2295,-153.763],"tool":false,"touchDistance":0.333333,"touchZone":"none","type":4,"width":16.0532}],"r":[[0.996028,0.0065582,0.0887952],[-0.0142737,0.996146,0.0865368],[-0.0878855,-0.0874605,0.992284]],"s":1.0097,"t":[37.7115,-6.77824,-117.402],"timestamp":522892008042},false],[6,{"currentFrameRate":99.4827,"devices":[],"gestures":[],"hands":[{"armBasis":[[0.994621,0.051027,-0.0901364],[-0.043861,0.995848,0.0797685],[0.0938325,-0.0753859,0.99273]],"armWidth":63.703,"confidence":0.761297,"direction":[0.144687,0.32084,-0.936017],"elbow":[55.478,304.848,355.437],"grabStrength":0,"id":615,"palmNormal":[0.080697,-0.946646,-0.312009],"palmPosition":[30.7941,338.197,34.351],"palmVelocity":[-0.976324,16.5687,-140.548],"palmWidth":90.9658,"pinchStrength":0.520924,"r":[[0.995985,0.0109228,0.0888519],[-0.0186765,0.996041,0.0869091],[-0.0875508,-0.0882196,0.992246]],"s":1.01048,"sphereCenter":[31.3026,304.932,4.21932],"sphereRadius":44.3774,"stabilizedPalmPosition":[-3.40208,343.216,145.486],"t":[37.6744,-6.65745,-118.584],"timeVisible":0.433443,"type":"right","wrist":[30.15,325.197,87.4711]}],"id":4212231,"interactionBox":{"center":[0,200,0],"size":[235.247,235.247,147.751]},"pointables":[{"bases":[[[0.352892,0.921541,0.161956],[-0.886228,0.273683,0.373762],[0.300113,-0.275427,0.913276]],[[0.24569,0.961688,-0.121628],[-0.968183,0.249605,0.0178324],[0.0475082,0.113377,0.992416]],[[0.24569,0.961688,-0.121628],[-0.956733,0.2204,-0.189961],[-0.155876,0.163037,0.974229]],[[0.24569,0.961688,-0.121628],[-0.700015,0.0892279,-0.708532],[-0.670534,0.259221,0.695118]]],"btipPosition":[21.0508,295.731,-16.3349],"carpPosition":[2.41964,313.012,82.6629],"dipPosition":[5.36206,301.796,-0.0709304],"direction":[0.155876,-0.163037,-0.974229],"extended":false,"handId":615,"id":6150,"length":52.1025,"mcpPosition":[2.41964,313.012,82.6629],"pipPosition":[0.048779,307.354,33.1371],"stabilizedTipPosition":[-23.3392,289.613,108.103],"timeVisible":0.433443,"tipPosition":[17.4589,296.321,-12.4253],"tipVelocity":[12.1521,21.9498,-142.015],"tool":false,"touchDistance":-0.46447,"touchZone":"hovering","type":0,"width":20.2446},{"bases":[[[0.996474,0.0838284,0.00338665],[-0.0832085,0.982333,0.167623],[0.0107247,-0.167314,0.985845]],[[0.996261,0.0780734,0.0370071],[-0.0760082,0.995629,-0.0542652],[-0.041082,0.0512494,0.997841]],[[0.996261,0.0780734,0.0370071],[-0.0676084,0.97114,-0.228729],[-0.0537967,0.225372,0.972786]],[[0.996261,0.0780734,0.0370071],[-0.0599914,0.93332,-0.353998],[-0.0621772,0.350454,0.934514]]],"btipPosition":[13.6794,333.867,-74.7738],"carpPosition":[10.3417,335.194,80.0621],"dipPosition":[12.6174,339.853,-58.8114],"direction":[0.0537967,-0.225372,-0.972786],"extended":true,"handId":615,"id":6151,"length":58.7918,"mcpPosition":[9.55294,347.5,7.55321],"pipPosition":[11.3174,345.299,-35.305],"stabilizedTipPosition":[-25.5755,323.848,41.9972],"timeVisible":0.433443,"tipPosition":[13.5939,334.059,-70.7179],"tipVelocity":[-6.32777,30.1856,-144.488],"tool":false,"touchDistance":-0.499463,"touchZone":"hovering","type":1,"width":19.3376},{"bases":[[[0.988249,-0.108247,0.107921],[0.0867109,0.978452,0.187386],[-0.12588,-0.175826,0.97634]],[[0.986232,-0.110894,0.122671],[0.157128,0.39721,-0.904176],[0.051541,0.911003,0.409166]],[[0.986232,-0.110894,0.122671],[-0.0326138,-0.857687,-0.513137],[0.162117,0.502071,-0.849495]],[[0.986232,-0.110894,0.122671],[-0.124884,-0.985722,0.112942],[0.108395,-0.126706,-0.986]]],"btipPosition":[21.9797,294.457,34.6663],"carpPosition":[22.3285,337.985,79.8081],"dipPosition":[24.0161,292.077,16.1424],"direction":[-0.162117,-0.502071,0.849495],"extended":false,"handId":615,"id":6152,"length":66.9886,"mcpPosition":[31.1085,350.249,11.7089],"pipPosition":[28.6249,306.35,-8.00779],"stabilizedTipPosition":[-13.4223,302.621,149.124],"timeVisible":0.433443,"tipPosition":[22.5013,294.355,30.743],"tipVelocity":[21.4562,5.58658,-145.375],"tool":false,"touchDistance":0.333333,"touchZone":"none","type":2,"width":18.9921},{"bases":[[[0.949586,-0.206392,0.235986],[0.153038,0.962114,0.225645],[-0.273617,-0.178155,0.945196]],[[0.958461,-0.200122,0.203235],[0.265204,0.363028,-0.89324],[0.104977,0.910034,0.401021]],[[0.958461,-0.200122,0.203235],[-0.0722933,-0.859723,-0.505619],[0.275911,0.469923,-0.838478]],[[0.958461,-0.200122,0.203235],[-0.222634,-0.970311,0.0944989],[0.17829,-0.13582,-0.974559]]],"btipPosition":[36.0619,297.717,44.8161],"carpPosition":[34.5877,337.687,80.4949],"dipPosition":[39.3922,295.18,26.6123],"direction":[-0.275911,-0.469923,0.838478],"extended":false,"handId":615,"id":6153,"length":64.4113,"mcpPosition":[51.7225,348.844,21.3036],"pipPosition":[47.0334,308.195,3.39096],"stabilizedTipPosition":[1.83019,304.405,156.609],"timeVisible":0.433443,"tipPosition":[36.9012,297.463,40.8032],"tipVelocity":[18.5499,15.8542,-134.741],"tool":false,"touchDistance":0.333333,"touchZone":"none","type":3,"width":18.0722},{"bases":[[[0.873108,-0.381737,0.303248],[0.274092,0.898756,0.342216],[-0.403182,-0.215674,0.889342]],[[0.866159,-0.385333,0.318257],[0.45625,0.349771,-0.818227],[0.203973,0.85392,0.478765]],[[0.866159,-0.385333,0.318257],[-0.146739,-0.804824,-0.575087],[0.477741,0.451416,-0.753649]],[[0.866159,-0.385333,0.318257],[-0.399254,-0.916549,-0.0231223],[0.300608,-0.107038,-0.947722]]],"btipPosition":[48.2088,305.559,44.8763],"carpPosition":[46.5685,330.224,82.2875],"dipPosition":[53.389,303.714,28.5449],"direction":[-0.477741,-0.451416,0.753649],"extended":false,"handId":615,"id":6154,"length":50.4973,"mcpPosition":[69.9409,342.727,30.7326],"pipPosition":[62.7305,312.541,13.8084],"stabilizedTipPosition":[15.8804,309.369,152.055],"timeVisible":0.433443,"tipPosition":[49.6436,305.191,41.2821],"tipVelocity":[14.569,23.8386,-144.675],"tool":false,"touchDistance":0.333333,"touchZone":"none","type":4,"width":16.0532}],"r":[[0.995985,0.0109228,0.0888519],[-0.0186765,0.996041,0.0869091],[-0.0875508,-0.0882196,0.992246]],"s":1.01048,"t"