{"sensorType":"Leap","data":[[0,{"currentFrameRate":102.126,"devices":[],"gestures":[],"hands":[{"armBasis":[[-0.739755,-0.637285,-0.215938],[-0.667934,0.734304,0.121083],[-0.0813999,-0.233804,0.96887]],"armWidth":63.703,"confidence":0.727555,"direction":[-0.388279,0.193898,-0.900912],"elbow":[-3.49147,244.42,355.304],"grabStrength":0,"id":616,"palmNormal":[0.579685,-0.708582,-0.40234],"palmPosition":[5.48205,320.109,42.1643],"palmVelocity":[52.8056,-74.6591,-196.302],"palmWidth":90.9658,"pinchStrength":1,"r":[[0.991405,-0.0272769,-0.127955],[0.0197762,0.998031,-0.0595284],[0.129327,0.0564863,0.989992]],"s":0.806224,"sphereCenter":[25.5611,294.148,7.91772],"sphereRadius":43.4507,"stabilizedPalmPosition":[-26.1312,352.018,154.146],"t":[40.8107,-39.8899,-137.535],"timeVisible":0.325509,"type":"left","wrist":[18.4806,307.531,93.7783]}],"id":4212693,"interactionBox":{"center":[0,200,0],"size":[235.247,235.247,147.751]},"pointables":[{"bases":[[[-0.882522,0.398598,0.249547],[0.468829,0.787241,0.400564],[0.0367902,-0.470501,0.881632]],[[-0.804883,0.567546,-0.173364],[0.587267,0.803779,-0.0951673],[-0.0853348,0.17841,0.980249]],[[-0.804883,0.567546,-0.173364],[0.496551,0.484125,-0.720458],[0.324963,0.665968,0.67148]],[[-0.804883,0.567546,-0.173364],[0.230955,0.0304776,-0.972487],[0.546648,0.822777,0.155609]]],"btipPosition":[26.8767,267.699,12.4306],"carpPosition":[46.4851,318.553,87.8784],"dipPosition":[39.6668,286.949,16.0714],"direction":[-0.324963,-0.665968,-0.67148],"extended":false,"handId":616,"id":6160,"length":52.1025,"mcpPosition":[46.4851,318.553,87.8784],"pipPosition":[50.7437,309.65,38.9598],"stabilizedTipPosition":[14.9285,298.663,80.5778],"timeVisible":0.325509,"tipPosition":[30.9308,273.337,12.5146],"tipVelocity":[61.1589,-75.0021,-177.929],"tool":false,"touchDistance":-0.396084,"touchZone":"hovering","type":0,"width":20.2446},{"bases":[[[-0.771406,-0.636278,0.00915281],[-0.612209,0.745995,0.262091],[0.17359,-0.196575,0.965]],[[-0.740727,-0.657062,0.139975],[-0.653537,0.753029,0.0764054],[0.155608,0.0348834,0.987203]],[[-0.740727,-0.657062,0.139975],[-0.671794,0.723153,-0.160448],[-0.00420113,0.212883,0.977069]],[[-0.740727,-0.657062,0.139975],[-0.660149,0.673251,-0.33307],[-0.12461,0.339119,0.932454]]],"btipPosition":[8.00224,331.032,-65.4963],"carpPosition":[25.2234,329.008,87.4179],"dipPosition":[5.87378,336.824,-49.569],"direction":[0.00420113,-0.212883,-0.977069],"extended":true,"handId":616,"id":6161,"length":58.7918,"mcpPosition":[12.4558,343.467,16.4422],"pipPosition":[5.77226,341.968,-25.9591],"stabilizedTipPosition":[-14.9045,365.781,32.2041],"timeVisible":0.325509,"tipPosition":[6.65699,333.108,-61.8132],"tipVelocity":[46.533,-30.1009,-191.378],"tool":false,"touchDistance":0.331322,"touchZone":"hovering","type":1,"width":19.3376},{"bases":[[[-0.625116,-0.774775,0.0946286],[-0.729851,0.623188,0.280988],[0.276674,-0.106585,0.955035]],[[-0.621788,-0.775985,0.105956],[-0.546297,0.332788,-0.768643],[-0.561195,0.535817,0.630842]],[[-0.621788,-0.775985,0.105956],[0.23169,-0.311486,-0.921572],[-0.74813,0.548474,-0.373467]],[[-0.621788,-0.775985,0.105956],[0.579009,-0.546562,-0.604995],[-0.527378,0.314829,-0.789148]]],"btipPosition":[53.6065,282.753,15.8382],"carpPosition":[14.6854,322.645,87.4071],"dipPosition":[43.6986,288.668,1.01251],"direction":[0.74813,-0.548474,0.373467],"extended":false,"handId":616,"id":6162,"length":66.9886,"mcpPosition":[-4.61242,330.08,20.794],"pipPosition":[22.4302,304.26,-9.60471],"stabilizedTipPosition":[20.0674,315.028,150.08],"timeVisible":0.325509,"tipPosition":[51.5864,284.077,13.995],"tipVelocity":[104.792,10.088,-270.668],"tool":false,"touchDistance":0.333333,"touchZone":"none","type":2,"width":18.9921},{"bases":[[[-0.520778,-0.826774,0.212685],[-0.763456,0.562526,0.317332],[0.382003,-0.00288347,0.924157]],[[-0.525453,-0.826676,0.201261],[-0.714458,0.300266,-0.631973],[-0.462005,0.475865,0.748401]],[[-0.525453,-0.826676,0.201261],[0.0260709,-0.252082,-0.967355],[-0.850423,0.503053,-0.15401]],[[-0.525453,-0.826676,0.201261],[0.464313,-0.476834,-0.746353],[-0.71296,0.298725,-0.634391]]],"btipPosition":[39.7456,273.238,12.8452],"carpPosition":[6.16166,313.825,88.0332],"dipPosition":[26.4282,278.818,0.9954],"direction":[0.850423,-0.503053,0.15401],"extended":false,"handId":616,"id":6163,"length":64.4113,"mcpPosition":[-17.7606,314.005,30.1595],"pipPosition":[2.87608,292.75,-3.26984],"stabilizedTipPosition":[7.46219,307.906,152.985],"timeVisible":0.325509,"tipPosition":[37.3215,274.505,11.7906],"tipVelocity":[100.133,-7.26698,-275],"tool":false,"touchDistance":0.333333,"touchZone":"none","type":3,"width":18.0722},{"bases":[[[-0.339713,-0.903056,0.262841],[-0.798393,0.424605,0.426941],[0.497155,0.0648132,0.865237]],[[-0.331786,-0.901914,0.276531],[-0.836806,0.146052,-0.527659],[-0.435515,0.406472,0.803186]],[[-0.331786,-0.901914,0.276531],[-0.0632653,-0.271202,-0.960441],[-0.941231,0.336155,-0.032921]],[[-0.331786,-0.901914,0.276531],[0.431244,-0.405722,-0.805865],[-0.839015,0.148122,-0.523558]]],"btipPosition":[22.3283,272.765,20.183],"carpPosition":[2.89039,300.016,89.0672],"dipPosition":[7.87022,275.317,11.1609],"direction":[0.941231,-0.336155,0.032921],"extended":false,"handId":616,"id":6164,"length":50.4973,"mcpPosition":[-25.9296,296.259,38.9097],"pipPosition":[-10.5342,281.89,10.5172],"stabilizedTipPosition":[-8.48799,309.956,153.554],"timeVisible":0.325509,"tipPosition":[19.8716,273.708,19.7769],"tipVelocity":[83.1174,-52.5942,-291.844],"tool":false,"touchDistance":0.333333,"touchZone":"none","type":4,"width":16.0532}],"r":[[0.991405,-0.0272769,-0.127955],[0.0197762,0.998031,-0.0595284],[0.129327,0.0564863,0.989992]],"s":0.806224,"t":[40.8107,-39.8899,-137.535],"timestamp":522896985234},false],[1,{"currentFrameRate":102.575,"devices":[],"gestures":[],"hands":[{"armBasis":[[-0.731679,-0.646559,-0.215885],[-0.676691,0.727097,0.115845],[-0.0820687,-0.230849,0.969522]],"armWidth":63.703,"confidence":0.732365,"direction":[-0.392051,0.191008,-0.899896],"elbow":[-2.94679,244.682,354.066],"grabStrength":0,"id":616,"palmNormal":[0.586086,-0.702133,-0.404367],"palmPosition":[5.9757,319.501,40.7918],"palmVelocity":[53.5424,-72.9305,-184.9],"palmWidth":90.9658,"pinchStrength":1,"r":[[0.991571,-0.0143359,-0.128766],[0.00717273,0.998409,-0.0559218],[0.129363,0.0545268,0.990097]],"s":0.804193,"sphereCenter":[26.4543,293.813,6.36568],"sphereRadius":43.4959,"stabilizedPalmPosition":[-26.0783,351.965,153.96],"t":[41.3041,-40.5465,-139.131],"timeVisible":0.334401,"type":"left","wrist":[19.2059,306.995,92.3643]}],"id":4212694,"interactionBox":{"center":[0,200,0],"size":[235.247,235.247,147.751]},"pointables":[{"bases":[[[-0.886046,0.389255,0.251799],[0.461564,0.791507,0.400593],[0.0433682,-0.471165,0.880978]],[[-0.811623,0.559062,-0.169463],[0.578859,0.808717,-0.104401],[-0.0786808,0.182829,0.979991]],[[-0.811623,0.559062,-0.169463],[0.486695,0.486663,-0.725457],[0.323104,0.671274,0.667079]],[[-0.811623,0.559062,-0.169463],[0.223958,0.0298511,-0.974142],[0.539547,0.828588,0.149434]]],"btipPosition":[27.3734,266.918,11.2815],"carpPosition":[47.0843,318.31,86.422],"dipPosition":[39.9974,286.305,14.7778],"direction":[-0.323104,-0.671274,-0.66708],"extended":false,"handId":616,"id":6160,"length":52.1025,"mcpPosition":[47.0843,318.31,86.422],"pipPosition":[51.0109,309.186,37.5163],"stabilizedTipPosition":[15.0229,298.495,80.1568],"timeVisible":0.334401,"tipPosition":[31.3944,272.593,11.3328],"tipVelocity":[58.5494,-77.5242,-165.708],"tool":false,"touchDistance":-0.402544,"touchZone":"hovering","type":0,"width":20.2446},{"bases":[[[-0.764844,-0.64414,0.0099122],[-0.619272,0.739382,0.264229],[0.17753,-0.195956,0.964409]],[[-0.733675,-0.664774,0.1407],[-0.661568,0.746088,0.0753661],[0.155076,0.037788,0.98718]],[[-0.733675,-0.664774,0.1407],[-0.679472,0.715876,-0.160743],[-0.00613432,0.213535,0.976916]],[[-0.733675,-0.664774,0.1407],[-0.667451,0.666227,-0.332641],[-0.127393,0.33796,0.932499]]],"btipPosition":[8.32226,330.405,-66.85],"carpPosition":[25.716,328.548,86.0168],"dipPosition":[6.14626,336.177,-50.9219],"direction":[0.00613432,-0.213535,-0.976916],"extended":true,"handId":616,"id":6161,"length":58.7918,"mcpPosition":[12.6587,342.96,15.0846],"pipPosition":[5.99803,341.337,-27.3157],"stabilizedTipPosition":[-14.8906,365.761,32.1455],"timeVisible":0.334401,"tipPosition":[6.96307,332.48,-63.1669],"tipVelocity":[43.3332,-41.221,-180.735],"tool":false,"touchDistance":0.332105,"touchZone":"hovering","type":1,"width":19.3376},{"bases":[[[-0.616974,-0.781237,0.0949254],[-0.735615,0.615356,0.28321],[0.279667,-0.104905,0.954348]],[[-0.613436,-0.782486,0.106829],[-0.559773,0.335387,-0.75774],[-0.557092,0.524625,0.643753]],[[-0.613436,-0.782486,0.106829],[0.221293,-0.300161,-0.927865],[-0.758107,0.545545,-0.357288]],[[-0.613436,-0.782486,0.106829],[0.577175,-0.53653,-0.615633],[-0.539042,0.315992,-0.780758]]],"btipPosition":[54.2609,282.668,13.2585],"carpPosition":[15.2436,322.077,86.0192],"dipPosition":[44.1339,288.605,-1.4096],"direction":[0.758107,-0.545545,0.357288],"extended":false,"handId":616,"id":6162,"length":66.9886,"mcpPosition":[-4.26306,329.394,19.454],"pipPosition":[22.5818,304.114,-11.5669],"stabilizedTipPosition":[20.0831,315.013,150.011],"timeVisible":0.334401,"tipPosition":[52.2064,284.006,11.5695],"tipVelocity":[94.7718,4.91732,-274.846],"tool":false,"touchDistance":0.333333,"touchZone":"none","type":2,"width":18.9921},{"bases":[[[-0.511873,-0.83231,0.212709],[-0.768525,0.55431,0.319547],[0.383869,-0.0000950559,0.923387]],[[-0.516515,-0.832247,0.201438],[-0.730316,0.305351,-0.611063],[-0.447047,0.462736,0.765522]],[[-0.516515,-0.832247,0.201438],[0.00587024,-0.238684,-0.97108],[-0.856258,0.500394,-0.128169]],[[-0.516515,-0.832247,0.201438],[0.455337,-0.466185,-0.758512],[-0.725177,0.300061,-0.619744]]],"btipPosition":[40.0004,273.043,9.75769],"carpPosition":[6.81169,313.169,86.6516],"dipPosition":[26.4548,278.648,-1.81851],"direction":[0.856258,-0.500394,0.128169],"extended":false,"handId":616,"id":6163,"length":64.4113,"mcpPosition":[-17.2275,313.175,28.826],"pipPosition":[2.74107,292.506,-5.36811],"stabilizedTipPosition":[7.47504,307.891,152.921],"timeVisible":0.334401,"tipPosition":[37.6029,274.324,8.96071],"tipVelocity":[79.1021,-11.075,-292.705],"tool":false,"touchDistance":0.333333,"touchZone":"none","type":3,"width":18.0722},{"bases":[[[-0.329938,-0.906798,0.26241],[-0.801831,0.415907,0.429056],[0.498205,0.0688462,0.864322]],[[-0.324324,-0.905967,0.272098],[-0.842939,0.146261,-0.517747],[-0.429264,0.397279,0.811111]],[[-0.324324,-0.905967,0.272098],[-0.0698825,-0.263913,-0.962012],[-0.943361,0.331018,-0.022282]],[[-0.324324,-0.905967,0.272098],[0.430135,-0.39743,-0.810576],[-0.842495,0.14585,-0.518584]]],"btipPosition":[22.9415,272.306,18.2701],"carpPosition":[3.68378,299.327,87.6752],"dipPosition":[8.42345,274.819,9.33375],"direction":[0.943361,-0.331018,0.022282],"extended":false,"handId":616,"id":6164,"length":50.4973,"mcpPosition":[-25.1971,295.336,37.5707],"pipPosition":[-10.0227,281.292,8.89806],"stabilizedTipPosition":[-8.47546,309.939,153.493],"timeVisible":0.334401,"tipPosition":[20.4846,273.228,17.854],"tipVelocity":[78.8481,-52.5928,-270.391],"tool":false,"touchDistance":0.333333,"touchZone":"none","type":4,"width":16.0532}],"r":[[0.991571,-0.0143359,-0.128766],[0.00717273,0.998409,-0.0559218],[0.129363,0.0545268,0.990097]],"s":0.804193,"t":[41.3041,-40.5465,-139.131],"timestamp":522896994126},false],[2,{"currentFrameRate":102.914,"devices":[],"gestures":[],"hands":[{"armBasis":[[-0.725803,-0.65265,-0.21739],[-0.682985,0.721404,0.114487],[-0.0821064,-0.231569,0.969347]],"armWidth":63.703,"confidence":0.735505,"direction":[-0.394676,0.188893,-0.899194],"elbow":[-2.37391,244.174,353.269],"grabStrength":0,"id":616,"palmNormal":[0.591216,-0.696928,-0.405901],"palmPosition":[6.39548,319.141,40.0735],"palmVelocity":[51.5291,-63.7572,-155.665],"palmWidth":90.9658,"pinchStrength":1,"r":[[0.991561,-0.00235545,-0.129622],[-0.00452966,0.998595,-0.0527962],[0.129565,0.0529378,0.990157]],"s":0.801236,"sphereCenter":[27.1707,293.596,5.50134],"sphereRadius":43.5352,"stabilizedPalmPosition":[-26.0195,351.905,153.753],"t":[41.7607,-41.0552,-140.288],"timeVisible":0.343475,"type":"left","wrist":[19.7889,306.681,91.6151]}],"id":4212695,"interactionBox":{"center":[0,200,0],"size":[235.247,235.247,147.751]},"pointables":[{"bases":[[[-0.888838,0.381825,0.253332],[0.455676,0.794728,0.400958],[0.048234,-0.471824,0.880373]],[[-0.816653,0.552463,-0.166921],[0.57201,0.813254,-0.106882],[-0.0767008,0.182766,0.98016]],[[-0.816653,0.552463,-0.166921],[0.48109,0.491896,-0.725666],[0.318796,0.672921,0.667493]],[[-0.816653,0.552463,-0.166921],[0.221006,0.0321849,-0.974741],[0.533136,0.832916,0.148382]]],"btipPosition":[28.0553,266.681,10.5138],"carpPosition":[47.5682,318.227,85.6523],"dipPosition":[40.5293,286.169,13.9856],"direction":[-0.318796,-0.672921,-0.667493],"extended":false,"handId":616,"id":6160,"length":52.1025,"mcpPosition":[47.5682,318.227,85.6523],"pipPosition":[51.3959,309.106,36.7381],"stabilizedTipPosition":[15.1297,298.312,79.6944],"timeVisible":0.343475,"tipPosition":[32.0028,272.339,10.5991],"tipVelocity":[62.0887,-62.6114,-143.455],"tool":false,"touchDistance":-0.402222,"touchZone":"hovering","type":0,"width":20.2446},{"bases":[[[-0.759627,-0.65028,0.010088],[-0.624872,0.734071,0.265847],[0.18028,-0.195641,0.963962]],[[-0.728097,-0.670828,0.140939],[-0.667993,0.740507,0.0737173],[0.153818,0.0404726,0.98727]],[[-0.728097,-0.670828,0.140939],[-0.685422,0.709955,-0.161744],[-0.00844278,0.214368,0.976716]],[[-0.728097,-0.670828,0.140939],[-0.672981,0.660479,-0.332963],[-0.130274,0.337279,0.932347]]],"btipPosition":[8.68075,330.003,-67.5454],"carpPosition":[26.1178,328.293,85.285],"dipPosition":[6.45553,335.764,-51.6199],"direction":[0.00844278,-0.214368,-0.976716],"extended":true,"handId":616,"id":6161,"length":58.7918,"mcpPosition":[12.8581,342.682,14.3856],"pipPosition":[6.25152,340.944,-28.0186],"stabilizedTipPosition":[-14.8756,365.738,32.0831],"timeVisible":0.343475,"tipPosition":[7.30986,332.082,-63.8645],"tipVelocity":[41.9305,-42.1459,-151.972],"tool":false,"touchDistance":0.332692,"touchZone":"hovering","type":1,"width":19.3376},{"bases":[[[-0.610557,-0.786283,0.0947608],[-0.74019,0.609092,0.284825],[0.281671,-0.103761,0.953884]],[[-0.606719,-0.787605,0.107564],[-0.576475,0.342778,-0.741741],[-0.547329,0.512036,0.662004]],[[-0.606719,-0.787605,0.107564],[0.204621,-0.285495,-0.936281],[-0.768129,0.54605,-0.334376]],[[-0.606719,-0.787605,0.107564],[0.571416,-0.526189,-0.629769],[-0.552609,0.320629,-0.769299]]],"btipPosition":[54.6447,282.755,10.8181],"carpPosition":[15.6977,321.739,85.2926],"dipPosition":[44.2628,288.779,-3.63474],"direction":[0.768129,-0.54605,0.334376],"extended":false,"handId":616,"id":6162,"length":66.9886,"mcpPosition":[-3.94863,328.976,18.7597],"pipPosition":[22.4258,304.302,-13.1406],"stabilizedTipPosition":[20.0972,315,149.948],"timeVisible":0.343475,"tipPosition":[52.566,284.116,9.37916],"tipVelocity":[78.4769,6.80541,-271.706],"tool":false,"touchDistance":0.333333,"touchZone":"none","type":2,"width":18.9921},{"bases":[[[-0.504904,-0.836646,0.212357],[-0.772564,0.547741,0.32113],[0.384988,0.00191981,0.922919]],[[-0.509467,-0.836609,0.201318],[-0.738414,0.304935,-0.601465],[-0.441802,0.455082,0.773118]],[[-0.509467,-0.836609,0.201318],[0.00208896,-0.235159,-0.971955],[-0.860488,0.494758,-0.121554]],[[-0.509467,-0.836609,0.201318],[0.458735,-0.462002,-0.759023],[-0.728015,0.294345,-0.619156]]],"btipPosition":[40.393,273.114,8.5267],"carpPosition":[7.33852,312.762,85.9247],"dipPosition":[26.7944,278.613,-3.03853],"direction":[0.860488,-0.494758,0.121554],"extended":false,"handId":616,"id":6163,"length":64.4113,"mcpPosition":[-16.7707,312.642,28.1285],"pipPosition":[2.96353,292.315,-6.40491],"stabilizedTipPosition":[7.48649,307.878,152.865],"timeVisible":0.343475,"tipPosition":[38.0127,274.337,7.63971],"tipVelocity":[68.8226,-6.58138,-249.207],"tool":false,"touchDistance":0.333333,"touchZone":"none","type":3,"width":18.0722},{"bases":[[[-0.322316,-0.909725,0.261749],[-0.804622,0.408947,0.430517],[0.498694,0.0718467,0.863795]],[[-0.319208,-0.909261,0.267116],[-0.849826,0.1499,-0.505298],[-0.419407,0.388297,0.820563]],[[-0.319208,-0.909261,0.267116],[-0.0800854,-0.254972,-0.963626],[-0.944295,0.328989,-0.00857059]],[[-0.319208,-0.909261,0.267116],[0.426208,-0.389487,-0.816484],[-0.846435,0.146782,-0.511862]]],"btipPosition":[23.2903,272.04,16.8433],"carpPosition":[4.32326,298.894,86.9359],"dipPosition":[8.70439,274.57,8.02281],"direction":[0.944295,-0.328989,0.00857059],"extended":false,"handId":616,"id":6164,"length":50.4973,"mcpPosition":[-24.5859,294.729,36.8619],"pipPosition":[-9.75996,281.003,7.85522],"stabilizedTipPosition":[-8.46305,309.923,153.432],"timeVisible":0.343475,"tipPosition":[20.8475,272.956,16.4619],"tipVelocity":[67.2006,-46.0351,-238.293],"tool":false,"touchDistance":0.333333,"touchZone":"none","type":4,"width":16.0532}],"r":[[0.991561,-0.00235545,-0.129622],[-0.00452966,0.998595,-0.0527962],[0.129565,0.0529378,0.990157]],"s":0.801236,"t":[41.7607,-41.0552,-140.288],"timestamp":522897003200},false],[3,{"currentFrameRate":103.288,"devices":[],"gestures":[],"hands":[{"armBasis":[[-0.715325,-0.663115,-0.22043],[-0.693706,0.711853,0.109716],[-0.0841595,-0.231395,0.969213]],"armWidth":63.703,"confidence":0.740797,"direction":[-0.397881,0.189322,-0.89769],"elbow":[-2.06184,243.579,352.028],"grabStrength":0,"id":616,"palmNormal":[0.599431,-0.687094,-0.410591],"palmPosition":[7.057,318.638,38.9561],"palmVelocity":[57.6079,-61.6422,-147.136],"palmWidth":90.9658,"pinchStrength":1,"r":[[0.991405,0.00985049,-0.130461],[-0.0163831,0.99866,-0.0490951],[0.129802,0.0508104,0.990237]],"s":0.798256,"sphereCenter":[28.3134,293.599,4.11691],"sphereRadius":43.5817,"stabilizedPalmPosition":[-25.9529,351.838,153.522],"t":[42.3198,-41.561,-141.425],"timeVisible":0.352448,"type":"left","wrist":[20.6552,306.039,90.4103]}],"id":4212696,"interactionBox":{"center":[0,200,0],"size":[235.247,235.247,147.751]},"pointables":[{"bases":[[[-0.893264,0.369229,0.256417],[0.44616,0.797931,0.405276],[0.0549637,-0.476421,0.877498]],[[-0.824258,0.542772,-0.161233],[0.561533,0.820142,-0.109762],[-0.0726582,0.18101,0.980794]],[[-0.824258,0.542772,-0.161233],[0.471655,0.500631,-0.725886],[0.313273,0.674364,0.66865]],[[-0.824258,0.542772,-0.161233],[0.214409,0.0356508,-0.976093],[0.524048,0.839123,0.145761]]],"btipPosition":[28.9692,266.312,9.3428],"carpPosition":[48.2829,317.965,84.491],"dipPosition":[41.2305,285.945,12.7532],"direction":[-0.313273,-0.674364,-0.668651],"extended":false,"handId":616,"id":6160,"length":52.1025,"mcpPosition":[48.2829,317.965,84.491],"pipPosition":[51.9089,308.932,35.5452],"stabilizedTipPosition":[15.2499,298.113,79.1924],"timeVisible":0.352448,"tipPosition":[32.8718,272.013,9.41239],"tipVelocity":[71.4843,-55.705,-140.338],"tool":false,"touchDistance":-0.40811,"touchZone":"hovering","type":0,"width":20.2446},{"bases":[[[-0.751477,-0.659724,0.0069021],[-0.633684,0.724649,0.270793],[0.18365,-0.199121,0.962613]],[[-0.719498,-0.680682,0.137822],[-0.677592,0.731541,0.0756133],[0.152291,0.0389835,0.987567]],[[-0.719498,-0.680682,0.137822],[-0.694396,0.701738,-0.159303],[-0.0117195,0.210321,0.977562]],[[-0.719498,-0.680682,0.137822],[-0.681323,0.653346,-0.330057],[-0.134618,0.331376,0.933846]]],"btipPosition":[9.24276,329.994,-68.5865],"carpPosition":[26.7087,327.765,84.2034],"dipPosition":[6.94334,335.654,-52.6354],"direction":[0.0117195,-0.210321,-0.977562],"extended":true,"handId":616,"id":6161,"length":58.7918,"mcpPosition":[13.2012,342.411,13.4032],"pipPosition":[6.66015,340.736,-29.0137],"stabilizedTipPosition":[-14.8598,365.715,32.0183],"timeVisible":0.352448,"tipPosition":[7.85447,332.051,-64.8979],"tipVelocity":[47.0799,-31.5901,-141.947],"tool":false,"touchDistance":0.332439,"touchZone":"hovering","type":1,"width":19.3376},{"bases":[[[-0.600644,-0.794364,0.0906258],[-0.747422,0.598135,0.289129],[0.28388,-0.105928,0.952991]],[[-0.596568,-0.795783,0.104095],[-0.593894,0.35049,-0.724187],[-0.539811,0.493849,0.681702]],[[-0.596568,-0.795783,0.104095],[0.189601,-0.265778,-0.945206],[-0.779845,0.544143,-0.309436]],[[-0.596568,-0.795783,0.104095],[0.568058,-0.510311,-0.645672],[-0.566936,0.326055,-0.756487]]],"btipPosition":[55.4037,283.078,7.87035],"carpPosition":[16.3709,321.082,84.1814],"dipPosition":[44.7527,289.204,-6.34176],"direction":[0.779845,-0.544143,0.309436],"extended":false,"handId":616,"id":6162,"length":66.9886,"mcpPosition":[-3.42959,328.47,17.7109],"pipPosition":[22.5826,304.673,-15.1386],"stabilizedTipPosition":[20.1096,314.988,149.893],"timeVisible":0.352448,"tipPosition":[53.2987,284.452,6.62327],"tipVelocity":[78.2606,15.5225,-285.574],"tool":false,"touchDistance":0.333333,"touchZone":"none","type":2,"width":18.9921},{"bases":[[[-0.494257,-0.844109,0.207823],[-0.778995,0.536171,0.325097],[0.385846,0.00121127,0.922562]],[[-0.498789,-0.844064,0.196889],[-0.745515,0.301956,-0.594164],[-0.44206,0.443146,0.779874]],[[-0.498789,-0.844064,0.196889],[0.00240644,-0.228513,-0.973538],[-0.86672,0.485117,-0.116011]],[[-0.498789,-0.844064,0.196889],[0.465254,-0.45241,-0.760831],[-0.731265,0.287891,-0.618361]]],"btipPosition":[41.3701,273.316,6.9218],"carpPosition":[8.12452,311.999,84.7676],"dipPosition":[27.7108,278.694,-4.62859],"direction":[0.86672,-0.485117,0.116011],"extended":false,"handId":616,"id":6163,"length":64.4113,"mcpPosition":[-16.0384,311.923,26.9937],"pipPosition":[3.70736,292.129,-7.84147],"stabilizedTipPosition":[7.49793,307.866,152.81],"timeVisible":0.352448,"tipPosition":[38.9922,274.484,5.95836],"tipVelocity":[79.3718,0.529151,-229.835],"tool":false,"touchDistance":0.333333,"touchZone":"none","type":3,"width":18.0722},{"bases":[[[-0.310726,-0.915205,0.256611],[-0.809217,0.396341,0.433684],[0.498616,0.0728974,0.863753]],[[-0.309863,-0.915078,0.258104],[-0.857725,0.151909,-0.491154],[-0.410236,0.373573,0.831955]],[[-0.309863,-0.915078,0.258104],[-0.0890066,-0.242355,-0.966096],[-0.946606,0.322331,0.006351]],[[-0.309863,-0.915078,0.258104],[0.425006,-0.376144,-0.823338],[-0.850502,0.145426,-0.505467]]],"btipPosition":[24.0456,271.848,14.804],"carpPosition":[5.28286,298.088,85.6988],"dipPosition":[9.38953,274.354,6.09367],"direction":[0.946606,-0.322331,-0.006351],"extended":false,"handId":616,"id":6164,"length":50.4973,"mcpPosition":[-23.6218,293.862,35.6273],"pipPosition":[-9.12001,280.657,6.21785],"stabilizedTipPosition":[-8.45083,309.907,153.373],"timeVisible":0.352448,"tipPosition":[21.6217,272.737,14.4502],"tipVelocity":[71.3554,-39.4672,-234.502],"tool":false,"touchDistance":0.333333,"touchZone":"none","type":4,"width":16.0532}],"r":[[0.991405,0.00985049,-0.130461],[-0.0163831,0.99866,-0.0490951],[0.129802,0.0508104,0.990237]],"s":0.798256,"t":[42.3198,-41.561,-141.425],"timestamp":522897012173},false],[4,{"currentFrameRate":103.494,"devices":[],"gestures":[],"hands":[{"armBasis":[[-0.70589,-0.670345,-0.228815],[-0.703044,0.702426,0.111024],[-0.0863017,-0.239238,0.967118]],"armWidth":63.703,"confidence":0.719147,"direction":[-0.399167,0.182131,-0.898607],"elbow":[-2.07369,241.037,350.303],"grabStrength":0,"id":616,"palmNormal":[0.609573,-0.679388,-0.408476],"palmPosition":[7.52436,317.929,37.7543],"palmVelocity":[55.5764,-65.8004,-142.195],"palmWidth":90.9658,"pinchStrength":1,"r":[[0.991155,0.0223388,-0.130813],[-0.0286407,0.998508,-0.046494],[0.129579,0.0498293,0.990316]],"s":0.79543,"sphereCenter":[29.324,293.135,2.91748],"sphereRadius":43.6239,"stabilizedPalmPosition":[-25.8731,351.757,153.246],"t":[42.833,-42.1681,-142.595],"timeVisible":0.361722,"type":"left","wrist":[21.2216,305.614,89.2508]}],"id":4212697,"interactionBox":{"center":[0,200,0],"size":[235.247,235.247,147.751]},"pointables":[{"bases":[[[-0.898711,0.357172,0.254455],[0.434373,0.804814,0.404468],[0.0603242,-0.474029,0.878441]],[[-0.832037,0.530516,-0.16207],[0.549975,0.82706,-0.11619],[-0.0724004,0.185809,0.979915]],[[-0.832037,0.530516,-0.16207],[0.463602,0.504592,-0.728327],[0.30461,0.681131,0.665788]],[[-0.832037,0.530516,-0.16207],[0.21093,0.0323554,-0.976966],[0.513052,0.847057,0.138823]]],"btipPosition":[29.9146,265.605,8.50537],"carpPosition":[48.6887,317.914,83.3498],"dipPosition":[41.9187,285.424,11.7535],"direction":[-0.30461,-0.681131,-0.665788],"extended":false,"handId":616,"id":6160,"length":52.1025,"mcpPosition":[48.6887,317.914,83.3498],"pipPosition":[52.3018,308.641,34.4478],"stabilizedTipPosition":[15.4063,297.862,78.5645],"timeVisible":0.361722,"tipPosition":[33.7387,271.335,8.53916],"tipVelocity":[78.2667,-60.1737,-127.379],"tool":false,"touchDistance":-0.408754,"touchZone":"hovering","type":0,"width":20.2446},{"bases":[[[-0.742197,-0.670146,0.00701593],[-0.644143,0.716209,0.26856],[0.184999,-0.194805,0.963237]],[[-0.710011,-0.690459,0.138386],[-0.68835,0.721954,0.0704044],[0.14852,0.0452702,0.987873]],[[-0.710011,-0.690459,0.138386],[-0.703981,0.69117,-0.163383],[-0.0171607,0.213425,0.976809]],[[-0.710011,-0.690459,0.138386],[-0.689931,0.642721,-0.333024],[-0.140996,0.331928,0.932708]]],"btipPosition":[9.81738,328.968,-69.7981],"carpPosition":[26.9801,327.412,83.0133],"dipPosition":[7.40902,334.638,-53.8665],"direction":[0.0171607,-0.213425,-0.976809],"extended":true,"handId":616,"id":6161,"length":58.7918,"mcpPosition":[13.3734,341.74,12.1671],"pipPosition":[6.99435,339.795,-30.2629],"stabilizedTipPosition":[-14.8381,365.683,31.93],"timeVisible":0.361722,"tipPosition":[8.40979,331.025,-66.1188],"tipVelocity":[50.5096,-53.7694,-138.901],"tool":false,"touchDistance":0.332275,"touchZone":"hovering","type":1,"width":19.3376},{"bases":[[[-0.589621,-0.802515,0.091202],[-0.756128,0.588152,0.286962],[0.283932,-0.100238,0.953591]],[[-0.585379,-0.803903,0.105223],[-0.606599,0.348158,-0.714719],[-0.53793,0.48221,0.691451]],[[-0.585379,-0.803903,0.105223],[0.183516,-0.257795,-0.948611],[-0.789717,0.535987,-0.298437]],[[-0.585379,-0.803903,0.105223],[0.571202,-0.501032,-0.650151],[-0.575378,0.320481,-0.752484]]],"btipPosition":[56.1146,283.081,5.77786],"carpPosition":[16.7367,320.585,82.9885],"dipPosition":[45.3049,289.102,-8.35906],"direction":[0.789717,-0.535987,0.298437],"extended":false,"handId":616,"id":6162,"length":66.9886,"mcpPosition":[-3.06733,327.576,16.4761],"pipPosition":[22.8542,304.34,-16.8433],"stabilizedTipPosition":[20.1211,314.978,149.843],"timeVisible":0.361722,"tipPosition":[54.007,284.417,4.55553],"tipVelocity":[76.7002,10.5159,-268.166],"tool":false,"touchDistance":0.333333,"touchZone":"none","type":2,"width":18.9921},{"bases":[[[-0.482722,-0.850557,0.208643],[-0.786886,0.525818,0.322997],[0.384435,0.00826043,0.923115]],[[-0.48721,-0.850596,0.197773],[-0.752179,0.29368,-0.589897],[-0.443682,0.436164,0.782884]],[[-0.48721,-0.850596,0.197773],[0.00448361,-0.228903,-0.973439],[-0.873274,0.473382,-0.115338]],[[-0.48721,-0.850596,0.197773],[0.47389,-0.447741,-0.758259],[-0.733522,0.275708,-0.621232]]],"btipPosition":[42.2473,273.128,5.5994],"carpPosition":[8.6172,311.388,83.5793],"dipPosition":[28.5458,278.278,-6.00462],"direction":[0.873274,-0.473382,0.115338],"extended":false,"handId":616,"id":6163,"length":64.4113,"mcpPosition":[-15.4574,310.871,25.7708],"pipPosition":[4.36083,291.388,-9.19885],"stabilizedTipPosition":[7.51124,307.851,152.746],"timeVisible":0.361722,"tipPosition":[39.8816,274.232,4.56802],"tipVelocity":[83.3606,-6.90942,-205.639],"tool":false,"touchDistance":0.333333,"touchZone":"none","type":3,"width":18.0722},{"bases":[[[-0.298287,-0.918994,0.257825],[-0.815311,0.385774,0.431794],[0.496279,0.0814094,0.864338]],[[-0.300046,-0.919277,0.254758],[-0.863893,0.148599,-0.481256],[-0.404551,0.364482,0.838744]],[[-0.300046,-0.919277,0.254758],[-0.0931423,-0.237554,-0.966898],[-0.949367,0.313842,0.0143466]],[[-0.300046,-0.919277,0.254758],[0.428342,-0.368461,-0.825081],[-0.852347,0.138438,-0.504321]]],"btipPosition":[24.7518,271.315,13.1868],"carpPosition":[5.96877,297.441,84.5316],"dipPosition":[10.0639,273.701,4.49625],"direction":[0.949367,-0.313842,-0.0143466],"extended":false,"handId":616,"id":6164,"length":50.4973,"mcpPosition":[-22.8004,292.722,34.4262],"pipPosition":[-8.49958,279.837,4.77678],"stabilizedTipPosition":[-8.43722,309.89,153.308],"timeVisible":0.361722,"tipPosition":[22.3473,272.165,12.8155],"tipVelocity":[72.4833,-45.38,-217.43],"tool":false,"touchDistance":0.333333,"touchZone":"none","type":4,"width":16.0532}],"r":[[0.991155,0.0223388,-0.130813],[-0.0286407,0.998508,-0.046494],[0.129579,0.0498293,0.990316]],"s":0.79543,"t":[42.833,-42.1681,-142.595],"timestamp":522897021447},false],[5,{"currentFrameRate":103.915,"devices":[],"gestures":[],"hands":[{"armBasis":[[-0.700037,-0.675473,-0.231699],[-0.708748,0.69687,0.109765],[-0.0873207,-0.241055,0.966575]],"armWidth":63.703,"confidence":0.722031,"direction":[-0.400181,0.179307,-0.898724],"elbow":[-1.88352,240.322,349.396],"grabStrength":0,"id":616,"palmNormal":[0.615002,-0.674511,-0.40842],"palmPosition":[7.91664,317.614,36.9919],"palmVelocity":[52.5639,-57.6564,-127.104],"palmWidth":90.9658,"pinchStrength":1,"r":[[0.990806,0.033873,-0.130981],[-0.0399894,0.998215,-0.0443507],[0.129245,0.0491808,0.990392]],"s":0.793219,"sphereCenter":[30.0055,293.01,2.11996],"sphereRadius":43.6488,"stabilizedPalmPosition":[-25.7875,351.671,152.952],"t":[43.2857,-42.6291,-143.56],"timeVisible":0.370552,"type":"left","wrist":[21.6868,305.39,88.4906]}],"id":4212698,"interactionBox":{"center":[0,200,0],"size":[235.247,235.247,147.751]},"pointables":[{"bases":[[[-0.901564,0.350109,0.254175],[0.427941,0.808034,0.404904],[0.0636215,-0.473819,0.878321]],[[-0.836428,0.523805,-0.161298],[0.543377,0.830989,-0.119156],[-0.071622,0.187311,0.979686]],[[-0.836428,0.523805,-0.161298],[0.458794,0.508166,-0.728886],[0.299828,0.683663,0.665363]],[[-0.836428,0.523805,-0.161298],[0.208489,0.0319132,-0.977504],[0.506874,0.85124,0.1359]]],"btipPosition":[30.5548,265.336,7.8551],"carpPosition":[49.0602,317.904,82.6053],"dipPosition":[42.4144,285.253,11.0348],"direction":[-0.299828,-0.683663,-0.665363],"extended":false,"handId":616,"id":6160,"length":52.1025,"mcpPosition":[49.0602,317.904,82.6053],"pipPosition":[52.6344,308.557,33.7147],"stabilizedTipPosition":[15.5863,297.581,77.86],"timeVisible":0.370552,"tipPosition":[34.3203,271.061,7.89137],"tipVelocity":[75.6927,-51.4526,-113.342],"tool":false,"touchDistance":-0.406202,"touchZone":"hovering","type":0,"width":20.2446},{"bases":[[[-0.736978,-0.675886,0.00648804],[-0.649796,0.711107,0.268501],[0.186089,-0.193663,0.963258]],[[-0.704598,-0.696023,0.138181],[-0.694264,0.716441,0.0686243],[0.146763,0.0475816,0.988027]],[[-0.704598,-0.696023,0.138181],[-0.709337,0.685481,-0.164183],[-0.0195545,0.2137,0.976704]],[[-0.704598,-0.696023,0.138181],[-0.694902,0.637352,-0.333007],[-0.143711,0.330658,0.932744]]],"btipPosition":[10.2155,328.622,-70.5553],"carpPosition":[27.2787,327.233,82.2622],"dipPosition":[7.76072,334.27,-54.6231],"direction":[0.0195545,-0.2137,-0.976704],"extended":true,"handId":616,"id":6161,"length":58.7918,"mcpPosition":[13.5918,341.477,11.4146],"pipPosition":[7.28821,339.434,-31.0221],"stabilizedTipPosition":[-14.8115,365.644,31.8223],"timeVisible":0.370552,"tipPosition":[8.81307,330.664,-66.8764],"tipVelocity":[48.717,-49.9961,-124.538],"tool":false,"touchDistance":0.33265,"touchZone":"hovering","type":1,"width":19.3376},{"bases":[[[-0.583416,-0.807093,0.0906995],[-0.760793,0.582178,0.286815],[0.28429,-0.0983288,0.953683]],[[-0.579084,-0.808478,0.105001],[-0.61325,0.347097,-0.709541],[-0.537203,0.475275,0.696797]],[[-0.579084,-0.808478,0.105001],[0.182288,-0.253933,-0.949889],[-0.794628,0.530925,-0.294424]],[[-0.579084,-0.808478,0.105001],[0.574973,-0.496309,-0.650448],[-0.577986,0.316291,-0.752258]]],"btipPosition":[56.595,283.247,4.63792],"carpPosition":[17.0886,320.327,82.2309],"dipPosition":[45.7364,289.19,-9.49473],"direction":[0.794628,-0.530925,0.294424],"extended":false,"handId":616,"id":6162,"length":66.9886,"mcpPosition":[-2.74041,327.185,15.7121],"pipPosition":[23.1461,304.283,-17.8649],"stabilizedTipPosition":[20.1314,314.968,149.798],"timeVisible":0.370552,"tipPosition":[54.5016,284.542,3.33984],"tipVelocity":[70.3343,12.2025,-230.564],"tool":false,"touchDistance":0.333333,"touchZone":"none","type":2,"width":18.9921},{"bases":[[[-0.476198,-0.854342,0.208172],[-0.791081,0.519596,0.322817],[0.383962,0.010956,0.923284]],[[-0.480675,-0.854411,0.197313],[-0.75499,0.288787,-0.588721],[-0.446029,0.431953,0.783885]],[[-0.480675,-0.854411,0.197313],[0.00965322,-0.230155,-0.973106],[-0.876846,0.465843,-0.118877]],[[-0.480675,-0.854411,0.197313],[0.482611,-0.44563,-0.75399],[-0.732146,0.267199,-0.626552]]],"btipPosition":[42.8782,273.195,4.97758],"carpPosition":[9.04044,311.068,82.8154],"dipPosition":[29.2025,278.186,-6.72579],"direction":[0.876846,-0.465843,0.118877],"extended":false,"handId":616,"id":6163,"length":64.4113,"mcpPosition":[-15.0045,310.382,24.9963],"pipPosition":[4.91856,291.087,-10.0181],"stabilizedTipPosition":[7.5268,307.835,152.674],"timeVisible":0.370552,"tipPosition":[40.5089,274.241,3.77978],"tipVelocity":[80.3249,-4.12306,-169.806],"tool":false,"touchDistance":0.333333,"touchZone":"none","type":3,"width":18.0722},{"bases":[[[-0.291259,-0.921361,0.257414],[-0.818466,0.379302,0.431559],[0.495259,0.0849887,0.864578]],[[-0.295259,-0.922019,0.250406],[-0.869355,0.150561,-0.470694],[-0.396287,0.356668,0.846017]],[[-0.295259,-0.922019,0.250406],[-0.0991553,-0.231104,-0.967863],[-0.950258,0.310599,0.0231876]],[[-0.295259,-0.922019,0.250406],[0.42891,-0.362112,-0.827594],[-0.853732,0.136952,-0.50238]]],"btipPosition":[25.0911,271.132,11.9401],"carpPosition":[6.4999,297.1,83.7623],"dipPosition":[10.3795,273.492,3.283],"direction":[0.950258,-0.310599,-0.0231876],"extended":false,"handId":616,"id":6164,"length":50.4973,"mcpPosition":[-22.2102,292.173,33.6429],"pipPosition":[-8.2015,279.565,3.7364],"stabilizedTipPosition":[-8.42404,309.873,153.245],"timeVisible":0.370552,"tipPosition":[22.7085,271.956,11.5552],"tipVelocity":[63.1163,-38.9017,-196.597],"tool":false,"touchDistance":0.333333,"touchZone":"none","type":4,"width":16.0532}],"r":[[0.990806,0.033873,-0.130981],[-0.0399894,0.998215,-0.0443507],[0.129245,0.0491808,0.990392]],"s":0.793219,"t":[43.2857,-42.6291,-143.56],"timestamp":522897030277},false],[6,{"currentFrameRate":104.189,"devices":[],"gestures":[],"hands":[{"armBasis":[[-0.70153,-0.674585,-0.229763],[-0.707756,0.697198,0.114004],[-0.0832849,-0.242593,0.966547]],"armWidth":63.703,"confidence":0.728145,"direction":[-0.398471,0.18165,-0.899013],"elbow":[-0.623853,239.314,348.317],"grabStrength":0,"id":616,"palmNormal":[0.615304,-0.673947,-0.408897],"palmPosition":[8.18609,317.149,35.9246],"palmVelocity":[46.2256,-55.861,-124.445],"palmWidth":90.9658,"pinchStrength":1,"r":[[0.990484,0.0430339,-0.130728],[-0.0489242,0.997911,-0.0421842],[0.12864,0.0481786,0.99052]],"s":0.79154,"sphereCenter":[30.3818,292.646,1.00473],"sphereRadius":43.6568,"stabilizedPalmPosition":[-25.6938,351.576,152.629],"t":[43.6468,-43.092,-144.577],"timeVisible":0.379636,"type":"left","wrist":[21.8571,304.796,87.419]}],"id":4212699,"interactionBox":{"center":[0,200,0],"size":[235.247,235.247,147.751]},"pointables":[{"bases":[[[-0.901795,0.350086,0.253389],[0.427728,0.80682,0.407542],[0.0617645,-0.475901,0.877327]],[[-0.83616,0.524431,-0.160651],[0.543999,0.830335,-0.120866],[-0.0700082,0.188457,0.979583]],[[-0.83616,0.524431,-0.160651],[0.458742,0.508123,-0.72895],[0.300653,0.683216,0.66545]],[[-0.83616,0.524431,-0.160651],[0.205588,0.0281262,-0.978234],[0.508498,0.850988,0.131335]]],"btipPosition":[30.5967,264.703,6.97027],"carpPosition":[49.2487,317.308,81.6114],"dipPosition":[42.4942,284.614,10.0432],"direction":[-0.300653,-0.683216,-0.66545],"extended":false,"handId":616,"id":6160,"length":52.1025,"mcpPosition":[49.2487,317.308,81.6114],"pipPosition":[52.7425,307.903,32.726],"stabilizedTipPosition":[15.7837,297.266,77.0791],"timeVisible":0.379636,"tipPosition":[34.3654,270.406,6.97121],"tipVelocity":[56.287,-56.5365,-109.68],"tool":false,"touchDistance":-0.407556,"touchZone":"hovering","type":0,"width":20.2446},{"bases":[[[-0.737411,-0.675434,0.00360716],[-0.649826,0.71089,0.269001],[0.184257,-0.196021,0.963133]],[[-0.705157,-0.695941,0.135719],[-0.694212,0.716589,0.0676048],[0.144303,0.0465455,0.988438]],[[-0.705157,-0.695941,0.135719],[-0.708732,0.686057,-0.164393],[-0.0212973,0.212111,0.977013]],[[-0.705157,-0.695941,0.135719],[-0.69411,0.638446,-0.332562],[-0.144795,0.328712,0.933265]]],"btipPosition":[10.7115,328.329,-71.591],"carpPosition":[27.4737,326.651,81.2514],"dipPosition":[8.23828,333.944,-55.6499],"direction":[0.0212973,-0.212111,-0.977013],"extended":true,"handId":616,"id":6161,"length":58.7918,"mcpPosition":[13.9216,341.068,10.413],"pipPosition":[7.72365,339.069,-32.0413],"stabilizedTipPosition":[-14.7777,365.596,31.6873],"timeVisible":0.379636,"tipPosition":[9.32918,330.362,-67.9105],"tipVelocity":[50.2181,-45.3141,-121.562],"tool":false,"touchDistance":0.332438,"touchZone":"hovering","type":1,"width":19.3376},{"bases":[[[-0.584081,-0.806934,0.0877854],[-0.760936,0.581989,0.286819],[0.282534,-0.100726,0.953954]],[[-0.579664,-0.808389,0.102456],[-0.615373,0.351865,-0.705342],[-0.53414,0.47191,0.701424]],[[-0.579664,-0.808389,0.102456],[0.181428,-0.250617,-0.950934],[-0.794401,0.532634,-0.291938]],[[-0.579664,-0.808389,0.102456],[0.576238,-0.495566,-0.649895],[-0.576141,0.317682,-0.753087]]],"btipPosition":[56.7196,282.926,3.29599],"carpPosition":[17.2794,319.751,81.186],"dipPosition":[45.8956,288.894,-10.8522],"direction":[0.794401,-0.532634,0.291938],"extended":false,"handId":616,"id":6162,"length":66.9886,"mcpPosition":[-2.42715,326.777,14.6482],"pipPosition":[23.3118,304.037,-19.1517],"stabilizedTipPosition":[20.1405,314.96,149.758],"timeVisible":0.379636,"tipPosition":[54.6571,284.195,1.92544],"tipVelocity":[54.9069,-0.776436,-207.747],"tool":false,"touchDistance":0.333333,"touchZone":"none","type":2,"width":18.9921},{"bases":[[[-0.477102,-0.854523,0.205338],[-0.791327,0.519343,0.322621],[0.382328,0.00856601,0.923987]],[[-0.481552,-0.854565,0.19449],[-0.75582,0.292594,-0.585768],[-0.44367,0.429078,0.786797]],[[-0.481552,-0.854565,0.19449],[0.0121161,-0.228385,-0.973495],[-0.876334,0.466432,-0.120333]],[[-0.481552,-0.854565,0.19449],[0.487585,-0.445628,-0.750784],[-0.728264,0.266711,-0.631266]]],"btipPosition":[42.9725,272.894,3.85109],"carpPosition":[9.22439,310.496,81.7346],"dipPosition":[29.3692,277.876,-7.94033],"direction":[0.876334,-0.466432,0.120333],"extended":false,"handId":616,"id":6163,"length":64.4113,"mcpPosition":[-14.7183,309.959,23.8715],"pipPosition":[5.09947,290.793,-11.2729],"stabilizedTipPosition":[7.54314,307.818,152.597],"timeVisible":0.379636,"tipPosition":[40.634,273.904,2.54627],"tipVelocity":[61.4737,-12.2227,-157.749],"tool":false,"touchDistance":0.333333,"touchZone":"none","type":3,"width":18.0722},{"bases":[[[-0.292293,-0.921774,0.254751],[-0.818993,0.378814,0.430987],[0.493776,0.0826649,0.865651]],[[-0.297532,-0.922601,0.245522],[-0.869819,0.155947,-0.468076],[-0.393559,0.352828,0.848896]],[[-0.297532,-0.922601,0.245522],[-0.0981489,-0.226247,-0.969112],[-0.949653,0.31244,0.0232364]],[[-0.297532,-0.922601,0.245522],[0.432387,-0.359502,-0.826922],[-0.851185,0.139876,-0.505884]]],"btipPosition":[25.1985,270.743,10.7178],"carpPosition":[6.67342,296.527,82.6445],"dipPosition":[10.5307,273.154,2.00029],"direction":[0.949653,-0.31244,-0.0232364],"extended":false,"handId":616,"id":6164,"length":50.4973,"mcpPosition":[-21.9507,291.735,32.4629],"pipPosition":[-8.03844,279.263,2.45464],"stabilizedTipPosition":[-8.41103,309.857,153.183],"timeVisible":0.379636,"tipPosition":[22.8142,271.545,10.239],"tipVelocity":[49.2266,-39.6206,-179.851],"tool":false,"touchDistance":0.333333,"touchZone":"none","type":4,"width":16.0532}],"r":[[0.990484,0.0430339,-0.130728],[-0.0489242,0.997911,-0.04218