{"sensorType":"Leap","data":[[0,{"currentFrameRate":96.0129,"devices":[],"gestures":[],"hands":[{"armBasis":[[0.997854,0.0628235,0.0184757],[-0.0646454,0.990063,0.124887],[-0.0104463,-0.125814,0.991999]],"armWidth":63.703,"confidence":0.811998,"direction":[0.173125,0.513698,-0.840322],"elbow":[11.4187,260.654,356.503],"grabStrength":0,"id":625,"palmNormal":[0.144155,-0.857234,-0.494337],"palmPosition":[16.7824,318.374,39.5394],"palmVelocity":[56.9959,-89.8398,-241.14],"palmWidth":90.9658,"pinchStrength":0.387972,"r":[[0.992117,-0.102665,-0.0718597],[0.0990654,0.993722,-0.0519958],[0.0767467,0.0444671,0.996059]],"s":1.01579,"sphereCenter":[21.6506,290.795,2.86373],"sphereRadius":45.9929,"stabilizedPalmPosition":[-14.3586,366.145,150.753],"t":[53.5773,-75.2564,-173.467],"timeVisible":0.361483,"type":"right","wrist":[14.2384,294.615,88.735]}],"id":4216051,"interactionBox":{"center":[0,200,0],"size":[235.247,235.247,147.751]},"pointables":[{"bases":[[[0.296899,0.881279,0.367692],[-0.916138,0.154275,0.369988],[0.269337,-0.446706,0.853177]],[[0.220991,0.964427,0.145064],[-0.972214,0.20607,0.111067],[0.0772226,-0.165578,0.983169]],[[0.220991,0.964427,0.145064],[-0.953632,0.244845,-0.175032],[-0.204324,-0.0996572,0.973817]],[[0.220991,0.964427,0.145064],[-0.779408,0.264054,-0.568154],[-0.586247,0.012493,0.810036]]],"btipPosition":[4.26238,293.956,-21.2789],"carpPosition":[-12.5652,282.588,79.9322],"dipPosition":[-9.45426,294.248,-2.3262],"direction":[0.204324,0.0996572,-0.973817],"extended":false,"handId":625,"id":6250,"length":52.1025,"mcpPosition":[-12.5652,282.588,79.9322],"pipPosition":[-16.419,290.851,30.8678],"stabilizedTipPosition":[-38.6519,345.193,137.55],"timeVisible":0.361483,"tipPosition":[0.514186,293.43,-17.2101],"tipVelocity":[92.3473,-44.497,-252.171],"tool":false,"touchDistance":-0.64767,"touchZone":"hovering","type":0,"width":20.2446},{"bases":[[[0.98953,0.121301,0.0782105],[-0.141509,0.921985,0.360443],[-0.0283869,-0.367737,0.929496]],[[0.98952,0.121178,0.078521],[-0.132849,0.977093,0.166256],[-0.0565759,-0.174945,0.982951]],[[0.98952,0.121178,0.078521],[-0.12089,0.99263,-0.00841939],[-0.0789626,-0.00116129,0.996877]],[[0.98952,0.121178,0.078521],[-0.10948,0.984194,-0.139196],[-0.0941474,0.129141,0.987147]]],"btipPosition":[2.3588,337.511,-69.1333],"carpPosition":[-5.67523,305.128,82.3999],"dipPosition":[0.750668,339.717,-52.2718],"direction":[0.0789626,0.00116129,-0.996877],"extended":true,"handId":625,"id":6251,"length":58.7918,"mcpPosition":[-3.58737,332.175,14.0354],"pipPosition":[-1.15738,339.689,-28.1833],"stabilizedTipPosition":[-25.9753,383.576,56.4066],"timeVisible":0.361483,"tipPosition":[2.28884,338.317,-65.1748],"tipVelocity":[45.0082,-37.2897,-224.11],"tool":false,"touchDistance":0.330619,"touchZone":"hovering","type":1,"width":19.3376},{"bases":[[[0.986125,-0.0884624,0.140469],[0.0272307,0.920921,0.388796],[-0.163755,-0.379577,0.910553]],[[0.984021,-0.0931574,0.151738],[0.17777,0.562008,-0.807802],[-0.0100251,0.821869,0.569588]],[[0.984021,-0.0931574,0.151738],[0.0450009,-0.69442,-0.718161],[0.172272,0.713514,-0.679132]],[[0.984021,-0.0931574,0.151738],[-0.0621592,-0.978325,-0.197527],[0.16685,0.184939,-0.968483]]],"btipPosition":[10.0236,271.503,29.9625],"carpPosition":[6.15075,308.39,83.4183],"dipPosition":[13.1582,274.977,11.7676],"direction":[-0.172272,-0.713514,0.679132],"extended":false,"handId":625,"id":6252,"length":66.9886,"mcpPosition":[17.5726,334.866,19.9078],"pipPosition":[18.0557,295.262,-7.53929],"stabilizedTipPosition":[-20.9102,323.791,138.923],"timeVisible":0.361483,"tipPosition":[10.952,272.783,24.6498],"tipVelocity":[70.6552,-85.1264,-257.78],"tool":false,"touchDistance":0.333333,"touchZone":"none","type":2,"width":18.9921},{"bases":[[[0.946402,-0.212526,0.243222],[0.0923813,0.899678,0.426667],[-0.309499,-0.381329,0.87109]],[[0.957997,-0.197141,0.208271],[0.28022,0.48908,-0.826001],[0.0609773,0.849668,0.52378]],[[0.957997,-0.197141,0.208271],[-0.00260692,-0.732203,-0.681082],[0.286766,0.651931,-0.701962]],[[0.957997,-0.197141,0.208271],[-0.158217,-0.969049,-0.189501],[0.239183,0.148589,-0.959538]]],"btipPosition":[22.6101,273.546,44.1554],"carpPosition":[18.3615,308.449,84.7382],"dipPosition":[27.0778,276.322,26.2322],"direction":[-0.286766,-0.651931,0.701962],"extended":false,"handId":625,"id":6253,"length":64.4113,"mcpPosition":[37.7434,332.329,30.1876],"pipPosition":[35.0197,294.377,6.79159],"stabilizedTipPosition":[-6.82403,323.783,148.425],"timeVisible":0.361483,"tipPosition":[23.9636,274.513,38.8484],"tipVelocity":[68.884,-91.1134,-262.745],"tool":false,"touchDistance":0.333333,"touchZone":"none","type":3,"width":18.0722},{"bases":[[[0.875859,-0.400944,0.268543],[0.210748,0.818423,0.534574],[-0.434116,-0.411616,0.801321]],[[0.890564,-0.386241,0.240237],[0.427594,0.530785,-0.731731],[0.155111,0.754377,0.637853]],[[0.890564,-0.386241,0.240237],[-0.0630867,-0.627937,-0.775703],[0.450462,0.675658,-0.583585]],[[0.890564,-0.386241,0.240237],[-0.299863,-0.89567,-0.328417],[0.342021,0.220438,-0.913471]]],"btipPosition":[35.5894,281.449,43.8047],"carpPosition":[30.6088,301.265,85.6527],"dipPosition":[41.4831,285.248,28.0636],"direction":[-0.450462,-0.675658,0.583585],"extended":false,"handId":625,"id":6254,"length":50.4973,"mcpPosition":[55.7744,325.126,39.2003],"pipPosition":[50.2913,298.459,16.6524],"stabilizedTipPosition":[7.5298,331.25,149.31],"timeVisible":0.361483,"tipPosition":[37.3307,282.868,39.5655],"tipVelocity":[64.1241,-89.8332,-261.378],"tool":false,"touchDistance":0.333333,"touchZone":"none","type":4,"width":16.0532}],"r":[[0.992117,-0.102665,-0.0718597],[0.0990654,0.993722,-0.0519958],[0.0767467,0.0444671,0.996059]],"s":1.01579,"t":[53.5773,-75.2564,-173.467],"timestamp":522935592688},false],[1,{"currentFrameRate":96.683,"devices":[],"gestures":[],"hands":[{"armBasis":[[0.997863,0.0627586,0.0181731],[-0.0645805,0.989591,0.128605],[-0.00991289,-0.129504,0.991529]],"armWidth":63.703,"confidence":0.818045,"direction":[0.171873,0.514984,-0.839792],"elbow":[12.0099,259.49,354.769],"grabStrength":0,"id":625,"palmNormal":[0.143061,-0.856489,-0.495944],"palmPosition":[17.1545,318.284,37.9659],"palmVelocity":[52.7172,-67.9446,-223.021],"palmWidth":90.9658,"pinchStrength":0.391724,"r":[[0.992467,-0.0982358,-0.0732049],[0.0951999,0.994491,-0.0438738],[0.0771115,0.0365742,0.996351]],"s":1.01464,"sphereCenter":[21.908,290.73,1.24911],"sphereRadius":45.961,"stabilizedPalmPosition":[-14.176,365.868,150.1],"t":[54.1049,-75.8036,-175.707],"timeVisible":0.370471,"type":"right","wrist":[14.6857,294.447,87.1277]}],"id":4216052,"interactionBox":{"center":[0,200,0],"size":[235.247,235.247,147.751]},"pointables":[{"bases":[[[0.297787,0.880601,0.368597],[-0.915468,0.153965,0.37177],[0.27063,-0.448148,0.852011]],[[0.221361,0.964237,0.145763],[-0.97207,0.206222,0.112038],[0.0779718,-0.166493,0.982955]],[[0.221361,0.964237,0.145763],[-0.953865,0.245176,-0.173292],[-0.202832,-0.100678,0.974024]],[[0.221361,0.964237,0.145763],[-0.771853,0.264591,-0.57813],[-0.596021,0.0154675,0.802819]]],"btipPosition":[4.83167,293.821,-22.6879],"carpPosition":[-12.1364,282.443,78.3507],"dipPosition":[-9.11366,294.183,-3.90407],"direction":[0.202832,0.100678,-0.974024],"extended":false,"handId":625,"id":6250,"length":52.1025,"mcpPosition":[-12.1364,282.443,78.3507],"pipPosition":[-16.0275,290.752,29.297],"stabilizedTipPosition":[-38.546,345.058,137.14],"timeVisible":0.370471,"tipPosition":[0.972297,293.399,-18.6818],"tipVelocity":[82.7861,-35.9084,-227.19],"tool":false,"touchDistance":-0.632955,"touchZone":"hovering","type":0,"width":20.2446},{"bases":[[[0.989697,0.120873,0.0767432],[-0.14062,0.921452,0.362149],[-0.026941,-0.36921,0.928956]],[[0.989711,0.121073,0.0762418],[-0.132302,0.977298,0.165485],[-0.0544751,-0.17387,0.983261]],[[0.989711,0.121073,0.0762418],[-0.120593,0.992642,-0.0108788],[-0.0769979,0.00157265,0.99703]],[[0.989711,0.121073,0.0762418],[-0.10934,0.9837,-0.142759],[-0.0922832,0.132954,0.986817]]],"btipPosition":[2.52282,337.29,-70.662],"carpPosition":[-5.23531,304.976,80.8427],"dipPosition":[0.94653,339.561,-53.8061],"direction":[0.0769979,-0.00157265,-0.99703],"extended":true,"handId":625,"id":6251,"length":58.7918,"mcpPosition":[-3.2538,332.131,12.518],"pipPosition":[-0.914045,339.599,-29.7139],"stabilizedTipPosition":[-25.9442,383.526,56.2704],"timeVisible":0.370471,"tipPosition":[2.45105,338.197,-66.703],"tipVelocity":[37.8923,-33.3323,-209.331],"tool":false,"touchDistance":0.331923,"touchZone":"hovering","type":1,"width":19.3376},{"bases":[[[0.986332,-0.0889876,0.138673],[0.0281669,0.920292,0.390217],[-0.162344,-0.380978,0.91022]],[[0.984263,-0.0936611,0.149845],[0.176501,0.562097,-0.808019],[-0.0085473,0.821751,0.569783]],[[0.984263,-0.0936611,0.149845],[0.0434244,-0.693774,-0.718882],[0.17129,0.714076,-0.678789]],[[0.984263,-0.0936611,0.149845],[-0.0627486,-0.977965,-0.199114],[0.165192,0.186578,-0.968453]]],"btipPosition":[10.3556,271.403,28.3943],"carpPosition":[6.59336,308.234,81.8465],"dipPosition":[13.4591,274.908,10.1999],"direction":[-0.17129,-0.714076,0.678789],"extended":false,"handId":625,"id":6252,"length":66.9886,"mcpPosition":[17.9168,334.807,18.3592],"pipPosition":[18.3287,295.208,-9.09723],"stabilizedTipPosition":[-20.6175,323.319,137.873],"timeVisible":0.370471,"tipPosition":[11.2721,272.686,23.094],"tipVelocity":[61.1912,-64.6148,-234.93],"tool":false,"touchDistance":0.333333,"touchZone":"none","type":2,"width":18.9921},{"bases":[[[0.946743,-0.213202,0.241295],[0.0933743,0.898969,0.427945],[-0.308155,-0.382623,0.871]],[[0.958283,-0.197767,0.206352],[0.278975,0.49013,-0.8258],[0.0621765,0.848917,0.524856]],[[0.958283,-0.197767,0.206352],[-0.00392231,-0.730997,-0.68237],[0.285793,0.653094,-0.701278]],[[0.958283,-0.197767,0.206352],[-0.158734,-0.968634,-0.191187],[0.23769,0.150456,-0.959618]]],"btipPosition":[22.972,273.431,42.5034],"carpPosition":[18.8064,308.287,83.146],"dipPosition":[27.4119,276.242,24.5787],"direction":[-0.285793,-0.653094,0.701278],"extended":false,"handId":625,"id":6253,"length":64.4113,"mcpPosition":[38.1041,332.248,28.6011],"pipPosition":[35.3268,294.329,5.15703],"stabilizedTipPosition":[-6.57382,323.379,147.532],"timeVisible":0.370471,"tipPosition":[24.3137,274.409,37.213],"tipVelocity":[60.84,-69.3884,-241.104],"tool":false,"touchDistance":0.333333,"touchZone":"none","type":3,"width":18.0722},{"bases":[[[0.876184,-0.401639,0.266434],[0.211897,0.817505,0.535523],[-0.432898,-0.412761,0.801391]],[[0.890932,-0.386805,0.237953],[0.42609,0.530697,-0.732672],[0.15712,0.754151,0.637628]],[[0.890932,-0.386805,0.237953],[-0.0647361,-0.626789,-0.776495],[0.449498,0.676401,-0.583467]],[[0.890932,-0.386805,0.237953],[-0.300322,-0.894862,-0.330194],[0.340656,0.222718,-0.913428]]],"btipPosition":[35.9342,281.302,42.1813],"carpPosition":[31.0529,301.097,84.0285],"dipPosition":[41.8045,285.14,26.4409],"direction":[-0.449498,-0.676401,0.583467],"extended":false,"handId":625,"id":6254,"length":50.4973,"mcpPosition":[56.1479,325.025,37.5721],"pipPosition":[50.5938,298.366,15.0321],"stabilizedTipPosition":[7.72412,330.93,148.587],"timeVisible":0.370471,"tipPosition":[37.6656,282.73,37.9468],"tipVelocity":[56.8949,-69.4096,-239.222],"tool":false,"touchDistance":0.333333,"touchZone":"none","type":4,"width":16.0532}],"r":[[0.992467,-0.0982358,-0.0732049],[0.0951999,0.994491,-0.0438738],[0.0771115,0.0365742,0.996351]],"s":1.01464,"t":[54.1049,-75.8036,-175.707],"timestamp":522935601676},false],[2,{"currentFrameRate":97.2368,"devices":[],"gestures":[],"hands":[{"armBasis":[[0.997828,0.0630831,0.0189749],[-0.0651119,0.988186,0.138743],[-0.00999837,-0.139678,0.990147]],"armWidth":63.703,"confidence":0.818189,"direction":[0.168997,0.518817,-0.838015],"elbow":[12.4778,256.584,352.221],"grabStrength":0,"id":625,"palmNormal":[0.141151,-0.85422,-0.500384],"palmPosition":[17.476,318.35,35.8926],"palmVelocity":[47.7904,-46.985,-223.87],"palmWidth":90.9658,"pinchStrength":0.397364,"r":[[0.992678,-0.094648,-0.0750441],[0.0921159,0.995078,-0.0365215],[0.0781314,0.0293413,0.996511]],"s":1.01312,"sphereCenter":[22.0616,290.903,-0.945071],"sphereRadius":45.9224,"stabilizedPalmPosition":[-14.0294,365.647,149.57],"t":[54.5294,-76.0443,-177.864],"timeVisible":0.379642,"type":"right","wrist":[15.1767,294.287,84.9527]}],"id":4216053,"interactionBox":{"center":[0,200,0],"size":[235.247,235.247,147.751]},"pointables":[{"bases":[[[0.299249,0.878846,0.371592],[-0.91412,0.152403,0.375709],[0.273559,-0.45211,0.848977]],[[0.221728,0.963727,0.148548],[-0.971798,0.205853,0.115039],[0.0802872,-0.169866,0.982191]],[[0.221728,0.963727,0.148548],[-0.954538,0.245643,-0.168867],[-0.199231,-0.104352,0.974381]],[[0.221728,0.963727,0.148548],[-0.76134,0.266283,-0.591147],[-0.60926,0.0179786,0.792766]]],"btipPosition":[5.36106,293.941,-24.5621],"carpPosition":[-11.6785,282.328,76.2154],"dipPosition":[-8.89403,294.362,-6.01344],"direction":[0.199231,0.104352,-0.974381],"extended":false,"handId":625,"id":6250,"length":52.1025,"mcpPosition":[-11.6785,282.328,76.2154],"pipPosition":[-15.6851,290.805,27.1998],"stabilizedTipPosition":[-38.4537,344.942,136.782],"timeVisible":0.379642,"tipPosition":[1.36156,293.655,-20.6403],"tipVelocity":[73.6266,-21.8293,-222.465],"tool":false,"touchDistance":-0.626916,"touchZone":"hovering","type":0,"width":20.2446},{"bases":[[[0.989984,0.120354,0.073799],[-0.139171,0.919798,0.366882],[-0.0237244,-0.373478,0.927336]],[[0.990027,0.121051,0.0720681],[-0.131584,0.977295,0.166075],[-0.0503283,-0.173901,0.983476]],[[0.990027,0.121051,0.0720681],[-0.120424,0.992637,-0.0129961],[-0.0731107,0.00418774,0.997315]],[[0.990027,0.121051,0.0720681],[-0.10953,0.983105,-0.146652],[-0.088603,0.137296,0.986559]]],"btipPosition":[2.42214,337.341,-72.6106],"carpPosition":[-4.76452,304.848,78.7867],"dipPosition":[0.908704,339.686,-55.7592],"direction":[0.0731107,-0.00418774,-0.997315],"extended":true,"handId":625,"id":6251,"length":58.7918,"mcpPosition":[-3.01959,332.318,10.5811],"pipPosition":[-0.857941,339.787,-31.6601],"stabilizedTipPosition":[-25.9214,383.489,56.1688],"timeVisible":0.379642,"tipPosition":[2.35144,338.398,-68.6472],"tipVelocity":[24.6974,-21.9852,-210.24],"tool":false,"touchDistance":0.331638,"touchZone":"hovering","type":1,"width":19.3376},{"bases":[[[0.9868,-0.0897889,0.134774],[0.0297139,0.918481,0.394347],[-0.159195,-0.385137,0.909025]],[[0.984802,-0.0944408,0.145759],[0.173576,0.564197,-0.807188],[-0.00600557,0.820221,0.572015]],[[0.984802,-0.0944408,0.145759],[0.0405548,-0.691,-0.721717],[0.168879,0.716659,-0.676668]],[[0.984802,-0.0944408,0.145759],[-0.0635156,-0.97694,-0.203848],[0.16165,0.191492,-0.968091]]],"btipPosition":[10.6235,271.467,26.22],"carpPosition":[7.06823,308.099,79.7636],"dipPosition":[13.6604,275.064,8.03251],"direction":[-0.168879,-0.716659,0.676668],"extended":false,"handId":625,"id":6252,"length":66.9886,"mcpPosition":[18.172,334.962,16.3597],"pipPosition":[18.4614,295.438,-11.2044],"stabilizedTipPosition":[-20.3902,322.956,137.049],"timeVisible":0.379642,"tipPosition":[11.5162,272.772,20.9402],"tipVelocity":[51.8009,-44.0006,-235.481],"tool":false,"touchDistance":0.333333,"touchZone":"none","type":2,"width":18.9921},{"bases":[[[0.947551,-0.214468,0.236962],[0.0950504,0.896974,0.431745],[-0.305144,-0.386577,0.870313]],[[0.958971,-0.198874,0.202049],[0.276047,0.492623,-0.8253],[0.0645963,0.847214,0.52731]],[[0.958971,-0.198874,0.202049],[-0.00648242,-0.727881,-0.685673],[0.28343,0.656231,-0.699306]],[[0.958971,-0.198874,0.202049],[-0.159332,-0.967549,-0.196118],[0.234495,0.155879,-0.959538]]],"btipPosition":[23.2799,273.425,40.2548],"carpPosition":[19.2858,308.145,81.0202],"dipPosition":[27.66,276.336,22.3315],"direction":[-0.28343,-0.656231,0.699306],"extended":false,"handId":625,"id":6253,"length":64.4113,"mcpPosition":[38.3949,332.353,26.5183],"pipPosition":[35.5095,294.51,2.96454],"stabilizedTipPosition":[-6.37637,323.064,146.819],"timeVisible":0.379642,"tipPosition":[24.5996,274.436,34.9899],"tipVelocity":[52.8135,-49.5257,-242.232],"tool":false,"touchDistance":0.333333,"touchZone":"none","type":3,"width":18.0722},{"bases":[[[0.877047,-0.403007,0.261483],[0.213937,0.814996,0.538528],[-0.430138,-0.416374,0.801008]],[[0.891735,-0.388003,0.232942],[0.422783,0.53062,-0.734641],[0.16144,0.753589,0.637213]],[[0.891735,-0.388003,0.232942],[-0.0684396,-0.624422,-0.778083],[0.447353,0.677901,-0.583374]],[[0.891735,-0.388003,0.232942],[-0.301328,-0.893088,-0.334059],[0.337653,0.2277,-0.913314]]],"btipPosition":[36.1963,281.268,40.0121],"carpPosition":[31.5341,300.949,81.8263],"dipPosition":[42.0148,285.191,24.2737],"direction":[-0.447353,-0.677901,0.583374],"extended":false,"handId":625,"id":6254,"length":50.4973,"mcpPosition":[56.469,325.086,35.392],"pipPosition":[50.7622,298.447,12.8667],"stabilizedTipPosition":[7.87875,330.677,148.005],"timeVisible":0.379642,"tipPosition":[37.9166,282.715,35.7637],"tipVelocity":[48.6333,-50.485,-238.456],"tool":false,"touchDistance":0.333333,"touchZone":"none","type":4,"width":16.0532}],"r":[[0.992678,-0.094648,-0.0750441],[0.0921159,0.995078,-0.0365215],[0.0781314,0.0293413,0.996511]],"s":1.01312,"t":[54.5294,-76.0443,-177.864],"timestamp":522935610847},false],[3,{"currentFrameRate":97.884,"devices":[],"gestures":[],"hands":[{"armBasis":[[0.998091,0.0598473,0.0152499],[-0.0613396,0.989359,0.131934],[-0.00719176,-0.132617,0.991141]],"armWidth":63.703,"confidence":0.818884,"direction":[0.167362,0.52222,-0.836227],"elbow":[13.7088,257.869,350.387],"grabStrength":0,"id":625,"palmNormal":[0.138994,-0.852217,-0.504387],"palmPosition":[17.8473,317.936,33.8879],"palmVelocity":[46.1049,-46.8238,-224.086],"palmWidth":90.9658,"pinchStrength":0.405177,"r":[[0.99278,-0.0919015,-0.0770875],[0.0898378,0.99551,-0.0298319],[0.079483,0.0226911,0.996578]],"s":1.01117,"sphereCenter":[22.1892,290.605,-3.06371],"sphereRadius":45.8642,"stabilizedPalmPosition":[-13.9155,365.477,149.157],"t":[54.9273,-76.3716,-179.945],"timeVisible":0.388565,"type":"right","wrist":[15.65,293.666,82.8506]}],"id":4216054,"interactionBox":{"center":[0,200,0],"size":[235.247,235.247,147.751]},"pointables":[{"bases":[[[0.301097,0.87695,0.374564],[-0.912993,0.151715,0.378716],[0.275288,-0.456005,0.846331]],[[0.222602,0.963178,0.150787],[-0.971516,0.206263,0.116675],[0.0812767,-0.172464,0.981657]],[[0.222602,0.963178,0.150787],[-0.954673,0.246708,-0.166537],[-0.197606,-0.106881,0.974438]],[[0.222602,0.963178,0.150787],[-0.747834,0.267926,-0.60742],[-0.625454,0.0224491,0.779938]]],"btipPosition":[6.07396,293.496,-26.3208],"carpPosition":[-11.2396,281.771,74.1318],"dipPosition":[-8.56001,294.021,-8.07228],"direction":[0.197606,0.106881,-0.974438],"extended":false,"handId":625,"id":6250,"length":52.1025,"mcpPosition":[-11.2396,281.771,74.1318],"pipPosition":[-15.2957,290.378,25.1429],"stabilizedTipPosition":[-38.3743,344.843,136.475],"timeVisible":0.388565,"tipPosition":[1.90356,293.374,-22.5016],"tipVelocity":[72.6731,-28.7455,-217.659],"tool":false,"touchDistance":-0.619974,"touchZone":"hovering","type":0,"width":20.2446},{"bases":[[[0.990293,0.119045,0.0717546],[-0.137292,0.918363,0.371161],[-0.0217119,-0.37741,0.925792]],[[0.990358,0.120278,0.068728],[-0.130263,0.977386,0.16658],[-0.0471379,-0.173927,0.98363]],[[0.990358,0.120278,0.068728],[-0.119527,0.992718,-0.0149519],[-0.070026,0.00659287,0.997523]],[[0.990358,0.120278,0.068728],[-0.108916,0.982637,-0.150208],[-0.0856014,0.141274,0.986263]]],"btipPosition":[2.47953,336.93,-74.509],"carpPosition":[-4.29626,304.274,76.7813],"dipPosition":[1.01737,339.343,-57.6626],"direction":[0.070026,-0.00659287,-0.997523],"extended":true,"handId":625,"id":6251,"length":58.7918,"mcpPosition":[-2.69935,332.032,8.68931],"pipPosition":[-0.674736,339.503,-33.5585],"stabilizedTipPosition":[-25.9051,383.462,56.095],"timeVisible":0.388565,"tipPosition":[2.41356,338.11,-70.5424],"tipVelocity":[20.0788,-28.0543,-210.961],"tool":false,"touchDistance":0.331666,"touchZone":"hovering","type":1,"width":19.3376},{"bases":[[[0.987053,-0.0913533,0.13184],[0.0316621,0.916759,0.398184],[-0.157241,-0.388855,0.907782]],[[0.985088,-0.0960277,0.142759],[0.172017,0.56601,-0.806252],[-0.00338036,0.818786,0.574088]],[[0.985088,-0.0960277,0.142759],[0.0378716,-0.688373,-0.724367],[0.167831,0.718972,-0.674472]],[[0.985088,-0.0960277,0.142759],[-0.0649277,-0.975884,-0.20841],[0.159329,0.196034,-0.967567]]],"btipPosition":[10.9081,271.053,24.1125],"carpPosition":[7.54225,307.509,77.7415],"dipPosition":[13.9014,274.736,5.93484],"direction":[-0.167831,-0.718972,0.674472],"extended":false,"handId":625,"id":6252,"length":66.9886,"mcpPosition":[18.5097,334.631,14.4243],"pipPosition":[18.6726,295.176,-13.2396],"stabilizedTipPosition":[-20.2211,322.686,136.43],"timeVisible":0.388565,"tipPosition":[11.7855,272.379,18.8546],"tipVelocity":[46.0697,-44.0358,-235.605],"tool":false,"touchDistance":0.333333,"touchZone":"none","type":2,"width":18.9921},{"bases":[[[0.947941,-0.216428,0.233597],[0.097073,0.895026,0.435321],[-0.303291,-0.389983,0.869441]],[[0.959277,-0.200711,0.198755],[0.274311,0.494059,-0.825021],[0.0673946,0.845944,0.528996]],[[0.959277,-0.200711,0.198755],[-0.00905661,-0.725127,-0.688555],[0.282323,0.658715,-0.697415]],[[0.959277,-0.200711,0.198755],[-0.160537,-0.966341,-0.201032],[0.232414,0.160938,-0.959209]]],"btipPosition":[23.5856,272.923,38.1221],"carpPosition":[19.763,307.536,78.9667],"dipPosition":[27.9269,275.929,20.205],"direction":[-0.282323,-0.658715,0.697415],"extended":false,"handId":625,"id":6253,"length":64.4113,"mcpPosition":[38.7561,331.958,24.5194],"pipPosition":[35.7457,294.172,0.890379],"stabilizedTipPosition":[-6.22651,322.825,146.273],"timeVisible":0.388565,"tipPosition":[24.8912,273.968,32.8817],"tipVelocity":[47.484,-50.6855,-241.31],"tool":false,"touchDistance":0.333333,"touchZone":"none","type":3,"width":18.0722},{"bases":[[[0.87731,-0.404999,0.257495],[0.216152,0.812474,0.541446],[-0.428493,-0.419358,0.800333]],[[0.892021,-0.389799,0.228813],[0.421197,0.533199,-0.733683],[0.163986,0.750836,0.639807]],[[0.892021,-0.389799,0.228813],[-0.0707097,-0.620342,-0.781137],[0.446429,0.680612,-0.580921]],[[0.892021,-0.389799,0.228813],[-0.302518,-0.891001,-0.338526],[0.33583,0.232753,-0.912713]]],"btipPosition":[36.5324,280.774,37.7855],"carpPosition":[32.0061,300.325,79.7105],"dipPosition":[42.3195,284.785,22.0574],"direction":[-0.446429,-0.680612,0.580921],"extended":false,"handId":625,"id":6254,"length":50.4973,"mcpPosition":[56.8457,324.635,33.3154],"pipPosition":[51.0488,298.093,10.6983],"stabilizedTipPosition":[7.99735,330.483,147.555],"timeVisible":0.388565,"tipPosition":[38.2362,282.243,33.5638],"tipVelocity":[45.4237,-51.1956,-241.405],"tool":false,"touchDistance":0.333333,"touchZone":"none","type":4,"width":16.0532}],"r":[[0.99278,-0.0919015,-0.0770875],[0.0898378,0.99551,-0.0298319],[0.079483,0.0226911,0.996578]],"s":1.01117,"t":[54.9273,-76.3716,-179.945],"timestamp":522935619770},false],[4,{"currentFrameRate":98.3811,"devices":[],"gestures":[],"hands":[{"armBasis":[[0.998124,0.0588445,0.0168938],[-0.0605889,0.989023,0.134765],[-0.00877821,-0.135536,0.990734]],"armWidth":63.703,"confidence":0.822287,"direction":[0.164458,0.52654,-0.834092],"elbow":[13.6614,256.656,347.942],"grabStrength":0,"id":625,"palmNormal":[0.137489,-0.849588,-0.509213],"palmPosition":[18.0595,317.762,31.6708],"palmVelocity":[39.6912,-39.0397,-228.974],"palmWidth":90.9658,"pinchStrength":0.419151,"r":[[0.992806,-0.0895683,-0.0794641],[0.0879606,0.995846,-0.0235141],[0.0812402,0.0163552,0.99656]],"s":1.00833,"sphereCenter":[22.0845,290.589,-5.41493],"sphereRadius":45.765,"stabilizedPalmPosition":[-13.8267,365.344,148.831],"t":[55.2324,-76.6221,-182.094],"timeVisible":0.397742,"type":"right","wrist":[16.0309,293.241,80.5155]}],"id":4216055,"interactionBox":{"center":[0,200,0],"size":[235.247,235.247,147.751]},"pointables":[{"bases":[[[0.302161,0.875087,0.37805],[-0.911756,0.149562,0.382535],[0.278209,-0.460276,0.843057]],[[0.222281,0.962848,0.153347],[-0.97154,0.205534,0.117753],[0.08186,-0.175157,0.981131]],[[0.222281,0.962848,0.153347],[-0.954827,0.246792,-0.165527],[-0.197223,-0.109627,0.97421]],[[0.222281,0.962848,0.153347],[-0.725949,0.268437,-0.633198],[-0.650837,0.0294253,0.758647]]],"btipPosition":[6.98015,293.175,-28.0949],"carpPosition":[-10.8852,281.385,71.8255],"dipPosition":[-8.24772,293.863,-10.3446],"direction":[0.197223,0.109627,-0.97421],"extended":false,"handId":625,"id":6250,"length":52.1025,"mcpPosition":[-10.8852,281.385,71.8255],"pipPosition":[-14.9704,290.126,22.8629],"stabilizedTipPosition":[-38.2995,344.751,136.189],"timeVisible":0.397742,"tipPosition":[2.51228,293.267,-24.4475],"tipVelocity":[75.7963,-29.3614,-214.351],"tool":false,"touchDistance":-0.61464,"touchZone":"hovering","type":0,"width":20.2446},{"bases":[[[0.990501,0.118902,0.0690583],[-0.136246,0.916416,0.376323],[-0.0185405,-0.382157,0.923911]],[[0.99058,0.120762,0.0645574],[-0.130004,0.977457,0.166361],[-0.0430119,-0.173187,0.983949]],[[0.99058,0.120762,0.0645574],[-0.11988,0.992636,-0.0173856],[-0.0661815,0.00948267,0.997763]],[[0.99058,0.120762,0.0645574],[-0.109678,0.98197,-0.153966],[-0.0819866,0.145435,0.985965]]],"btipPosition":[2.27292,336.708,-76.5992],"carpPosition":[-3.93776,303.875,74.5672],"dipPosition":[0.872502,339.192,-59.7579],"direction":[0.0661815,-0.00948267,-0.997763],"extended":true,"handId":625,"id":6251,"length":58.7918,"mcpPosition":[-2.57411,331.983,6.61355],"pipPosition":[-0.726705,339.421,-35.648],"stabilizedTipPosition":[-25.8933,383.442,56.0402],"timeVisible":0.397742,"tipPosition":[2.21092,338.033,-72.6251],"tipVelocity":[8.6211,-26.4828,-215.686],"tool":false,"touchDistance":0.331507,"touchZone":"hovering","type":1,"width":19.3376},{"bases":[[[0.987507,-0.0918022,0.128075],[0.0327973,0.914712,0.402773],[-0.154127,-0.393541,0.906295]],[[0.985606,-0.0964705,0.138831],[0.169053,0.568706,-0.804981],[-0.00129714,0.816864,0.576828]],[[0.985606,-0.0964705,0.138831],[0.0354775,-0.684892,-0.727781],[0.165294,0.72223,-0.671611]],[[0.985606,-0.0964705,0.138831],[-0.0652376,-0.97463,-0.214105],[0.155964,0.201966,-0.966894]]],"btipPosition":[11.0868,270.868,21.7532],"carpPosition":[7.90321,307.108,75.5045],"dipPosition":[14.0169,274.662,3.58814],"direction":[-0.165294,-0.72223,0.671611],"extended":false,"handId":625,"id":6252,"length":66.9886,"mcpPosition":[18.6535,334.557,12.291],"pipPosition":[18.716,295.194,-15.505],"stabilizedTipPosition":[-20.0939,322.483,135.957],"timeVisible":0.397742,"tipPosition":[11.942,272.225,16.52],"tipVelocity":[38.2025,-36.6066,-241.515],"tool":false,"touchDistance":0.333333,"touchZone":"none","type":2,"width":18.9921},{"bases":[[[0.948761,-0.217406,0.229318],[0.0983364,0.892804,0.43958],[-0.300303,-0.394506,0.868437]],[[0.959967,-0.201524,0.194553],[0.271423,0.497564,-0.823869],[0.0692267,0.843693,0.532343]],[[0.959967,-0.201524,0.194553],[-0.0109326,-0.72098,-0.692869],[0.279898,0.663005,-0.694321]],[[0.959967,-0.201524,0.194553],[-0.160548,-0.964994,-0.20739],[0.229536,0.167852,-0.958717]]],"btipPosition":[23.8026,272.654,35.6629],"carpPosition":[20.128,307.132,76.689],"dipPosition":[28.0901,275.79,17.755],"direction":[-0.279898,-0.663005,0.694321],"extended":false,"handId":625,"id":6253,"length":64.4113,"mcpPosition":[38.934,331.837,22.3046],"pipPosition":[35.8418,294.151,-1.47392],"stabilizedTipPosition":[-6.11133,322.641,145.847],"timeVisible":0.397742,"tipPosition":[25.0871,273.747,30.4643],"tipVelocity":[40.4524,-43.8035,-248.689],"tool":false,"touchDistance":0.333333,"touchZone":"none","type":3,"width":18.0722},{"bases":[[[0.87825,-0.406113,0.252484],[0.217786,0.809736,0.544882],[-0.425729,-0.423555,0.799597]],[[0.892797,-0.390836,0.223967],[0.418382,0.535198,-0.733839],[0.166944,0.748873,0.641342]],[[0.892797,-0.390836,0.223967],[-0.073157,-0.616398,-0.784029],[0.444479,0.683594,-0.578911]],[[0.892797,-0.390836,0.223967],[-0.302902,-0.888886,-0.343704],[0.333413,0.239018,-0.911979]]],"btipPosition":[36.7163,280.515,35.3664],"carpPosition":[32.375,299.92,77.3549],"dipPosition":[42.4618,284.634,19.6509],"direction":[-0.444479,-0.683594,0.578911],"extended":false,"handId":625,"id":6254,"length":50.4973,"mcpPosition":[57.0544,324.473,31.0024],"pipPosition":[51.153,298,8.33117],"stabilizedTipPosition":[8.08896,330.334,147.202],"timeVisible":0.397742,"tipPosition":[38.41,282.013,31.1555],"tipVelocity":[38.0465,-44.0241,-247.514],"tool":false,"touchDistance":0.333333,"touchZone":"none","type":4,"width":16.0532}],"r":[[0.992806,-0.0895683,-0.0794641],[0.0879606,0.995846,-0.0235141],[0.0812402,0.0163552,0.99656]],"s":1.00833,"t":[55.2324,-76.6221,-182.094],"timestamp":522935628947},false],[5,{"currentFrameRate":99.0045,"devices":[],"gestures":[],"hands":[{"armBasis":[[0.998167,0.0584644,0.0156272],[-0.0600746,0.988428,0.139285],[-0.00730314,-0.139969,0.990129]],"armWidth":63.703,"confidence":0.812813,"direction":[0.164206,0.52664,-0.834078],"elbow":[14.1126,255.429,346.735],"grabStrength":0,"id":625,"palmNormal":[0.135876,-0.849571,-0.509673],"palmPosition":[18.0899,317.746,30.634],"palmVelocity":[29.8562,-28.9336,-198.582],"palmWidth":90.9658,"pinchStrength":0.429498,"r":[[0.992781,-0.0879313,-0.0815762],[0.08671,0.996064,-0.018402],[0.0828732,0.0111957,0.996497]],"s":1.00511,"sphereCenter":[21.7922,290.582,-6.44449],"sphereRadius":45.6732,"stabilizedPalmPosition":[-13.7629,365.249,148.594],"t":[55.4001,-76.7553,-183.687],"timeVisible":0.406611,"type":"right","wrist":[16.0839,293.21,79.4719]}],"id":4216056,"interactionBox":{"center":[0,200,0],"size":[235.247,235.247,147.751]},"pointables":[{"bases":[[[0.303663,0.874571,0.37804],[-0.911152,0.150558,0.383582],[0.278553,-0.460932,0.842586]],[[0.223051,0.962901,0.151889],[-0.971512,0.206783,0.115778],[0.0800748,-0.173386,0.981593]],[[0.223051,0.962901,0.151889],[-0.954062,0.247612,-0.168685],[-0.200036,-0.107286,0.973897]],[[0.223051,0.962901,0.151889],[-0.702592,0.26681,-0.659679],[-0.675731,0.0404267,0.736039]]],"btipPosition":[7.77636,292.755,-28.5969],"carpPosition":[-10.8564,281.391,70.8069],"dipPosition":[-8.03396,293.7,-11.3756],"direction":[0.200036,0.107286,-0.973897],"extended":false,"handId":625,"id":6250,"length":52.1025,"mcpPosition":[-10.8564,281.391,70.8069],"pipPosition":[-14.8525,290.043,21.8212],"stabilizedTipPosition":[-38.2249,344.66,135.906],"timeVisible":0.406611,"tipPosition":[3.0471,293.053,-25.1237],"tipVelocity":[75.4909,-32.4297,-175.292],"tool":false,"touchDistance":-0.590865,"touchZone":"hovering","type":0,"width":20.2446},{"bases":[[[0.990724,0.117642,0.0680231],[-0.134694,0.916447,0.376806],[-0.0180112,-0.382473,0.923791]],[[0.990817,0.120041,0.062222],[-0.128721,0.978298,0.162368],[-0.0413808,-0.168886,0.984767]],[[0.990817,0.120041,0.062222],[-0.1188,0.992645,-0.0232909],[-0.0645602,0.0156851,0.997791]],[[0.990817,0.120041,0.062222],[-0.108738,0.980952,-0.160961],[-0.0803588,0.152717,0.984997]]],"btipPosition":[2.15673,336.268,-77.6276],"carpPosition":[-3.87798,303.871,73.5493],"dipPosition":[0.784118,338.877,-60.8028],"direction":[0.0645602,-0.0156851,-0.997791],"extended":true,"handId":625,"id":6251,"length":58.7918,"mcpPosition":[-2.55326,332.002,5.60443],"pipPosition":[-0.775912,339.256,-36.6922],"stabilizedTipPosition":[-25.8847,383.428,56],"timeVisible":0.406611,"tipPosition":[2.09511,337.708,-73.6555],"tipVelocity":[2.92606,-31.8743,-188.756],"tool":false,"touchDistance":0.332382,"touchZone":"hovering","type":1,"width":19.3376},{"bases":[[[0.98753,-0.0930797,0.126966],[0.0343759,0.914523,0.403072],[-0.153631,-0.393681,0.906318]],[[0.985675,-0.0976554,0.137506],[0.168651,0.565129,-0.80758],[0.00115607,0.819202,0.573504]],[[0.985675,-0.0976554,0.137506],[0.0334092,-0.686095,-0.726745],[0.165312,0.720928,-0.673004]],[[0.985675,-0.0976554,0.137506],[-0.0665271,-0.974328,-0.215077],[0.154979,0.202848,-0.966868]]],"btipPosition":[11.0167,270.766,20.9212],"carpPosition":[7.96803,307.089,74.4749],"dipPosition":[13.9283,274.577,2.75664],"direction":[-0.165312,-0.720928,0.673004],"extended":false,"handId":625,"id":6252,"length":66.9886,"mcpPosition":[18.6837,334.548,11.2597],"pipPosition":[18.628,295.072,-16.3761],"stabilizedTipPosition":[-20.0048,322.341,135.623],"timeVisible":0.406611,"tipPosition":[11.867,272.132,15.6822],"tipVelocity":[25.571,-29.6689,-201.456],"tool":false,"touchDistance":0.333333,"touchZone":"none","type":2,"width":18.9921},{"bases":[[[0.948739,-0.218673,0.228205],[0.0999277,0.89252,0.439799],[-0.299849,-0.39445,0.868619]],[[0.959916,-0.202807,0.193469],[0.271082,0.496306,-0.824739],[0.0712434,0.844127,0.53139]],[[0.959916,-0.202807,0.193469],[-0.0124049,-0.720315,-0.693536],[0.280013,0.663336,-0.693958]],[[0.959916,-0.202807,0.193469],[-0.161536,-0.964383,-0.209454],[0.229057,0.169806,-0.958488]]],"btipPosition":[23.756,272.551,34.6368],"carpPosition":[20.1941,307.097,75.646],"dipPosition":[28.0345,275.723,16.7332],"direction":[-0.280013,-0.663336,0.693958],"extended":false,"handId":625,"id":6253,"length":64.4113,"mcpPosition":[38.9717,331.799,21.2502],"pipPosition":[35.7894,294.094,-2.48572],"stabilizedTipPosition":[-6.02937,322.51,145.54],"timeVisible":0.406611,"tipPosition":[25.0346,273.664,29.4696],"tipVelocity":[27.9944,-34.8274,-212.594],"tool":false,"touchDistance":0.333333,"touchZone":"none","type":3,"width":18.0722},{"bases":[[[0.878018,-0.4073,0.251379],[0.219388,0.809264,0.54494],[-0.425386,-0.423317,0.799905]],[[0.892491,-0.392098,0.222976],[0.418162,0.533889,-0.734918],[0.169115,0.749148,0.640451]],[[0.892491,-0.392098,0.222976],[-0.0746424,-0.615901,-0.78428],[0.444846,0.68332,-0.578953]],[[0.892491,-0.392098,0.222976],[-0.303979,-0.888053,-0.344905],[0.333251,0.240044,-0.911769]]],"btipPosition":[36.6732,280.429,34.3182],"carpPosition":[32.4328,299.869,76.296],"dipPosition":[42.4158,284.565,18.6064],"direction":[-0.444846,-0.68332,0.578953],"extended":false,"handId":625,"id":6254,"length":50.4973,"mcpPosition":[57.0924,324.409,29.9256],"pipPosition":[51.1142,297.927,7.28582],"stabilizedTipPosition":[8.15438,330.227,146.947],"timeVisible":0.406611,"tipPosition":[38.3647,281.928,30.1192],"tipVelocity":[26.3895,-34.5944,-212.415],"tool":false,"touchDistance":0.333333,"touchZone":"none","type":4,"width":16.0532}],"r":[[0.992781,-0.0879313,-0.0815762],[0.08671,0.996064,-0.018402],[0.0828732,0.0111957,0.996497]],"s":1.00511,"t":[55.4001,-76.7553,-183.687],"timestamp":522935637816},false],[6,{"currentFrameRate":99.4344,"devices":[],"gestures":[],"hands":[{"armBasis":[[0.998271,0.0577962,0.0106873],[-0.0587187,0.988698,0.137945],[-0.00259387,-0.138334,0.990382]],"armWidth":63.703,"confidence":0.799034,"direction":[0.16202,0.52711,-0.834209],"elbow":[15.5971,256.075,345.786],"grabStrength":0,"id":625,"palmNormal":[0.133953,-0.849302,-0.51063],"palmPosition":[18.1721,317.983,29.6272],"palmVelocity":[23.9934,-13.6303,-173.577],"palmWidth":90.9658,"pinchStrength":0.433879,"r":[[0.992699,-0.0867012,-0.0838538],[0.0858059,0.99621,-0.0142292],[0.0847697,0.00693013,0.996376]],"s":1.00217,"sphereCenter":[21.7745,290.752,-7.46579],"sphereRadius":45.644,"stabilizedPalmPosition":[-13.7157,365.179,148.419],"t":[55.5251,-76.7034,-184.986],"timeVisible":0.415823,"type":"right","wrist":[16.2972,293.416,78.4546]}],"id":4216057,"interactionBox":{"center":[0,200,0],"size":[235.247,235.247,147.751]},"pointables":[{"bases":[[[0.305209,0.874169,0.377724],[-0.909946,0.150758,0.386355],[0.280795,-0.461628,0.841459]],[[0.223738,0.962843,0.151243],[-0.971167,0.207132,0.118034],[0.0823209,-0.173291,0.981424]],[[0.223738,0.962843,0.151243],[-0.954709,0.247735,-0.1648],[-0.196144,-0.107521,0.974662]],[[0.223738,0.962843,0.151243],[-0.694371,0.266361,-0.668507],[-0.683952,0.0445519,0.728165]]],"btipPosition":[7.90607,292.886,-29.3763],"carpPosition":[-10.6743,281.615,69.8609],"dipPosition":[-8.09662,293.928,-12.3392],"direction":[0.196144,0.107521,-0.974662],"extended":false,"handId":625,"id":6250,"length":52.1025,"mcpPosition":[-10.6743,281.615,69.8609],"pipPosition":[-14.7825,290.263,20.8836],"stabilizedTipPosition":[-38.154,344.574,135.636],"timeVisible":0.415823,"tipPosition":[3.15734,293.248,-25.9518],"tipVelocity":[56.9479,-18.677,-151.185],"tool":false,"touchDistance":-0.572438,"touchZone":"hovering","type":0,"width":20.2446},{"bases":[[[0.990978,0.117104,0.0651909],[-0.133128,0.916264,0.377805],[-0.0154898,-0.383075,0.923587]],[[0.991067,0.120001,0.0581953],[-0.127857,0.979027,0.158617],[-0.0379406,-0.164641,0.985624]],[[0.991067,0.120001,0.0581953],[-0.118452,0.992525,-0.0293796],[-0.0612859,0.0222237,0.997873]],[[0.991067,0.120001,0.0581953],[-0.108737,0.979704,-0.168393],[-0.0772216,0.160561,0.984]]],"btipPosition":[1.89217,336.058,-78.586],"carpPosition":[-3.67662,304.09,72.5976],"dipPosition":[0.573141,338.8,-61.7782],"direction":[0.0612859,-0.0222237,-0.997873],"extended":true,"handId":625,"id":6251,"length":58.7918,"mcpPosition":[-2.53735,332.266,4.66778],"pipPosition":[-0.907768,339.337,-37.6657],"stabilizedTipPosition":[-25.8779,383.416,55.968],"timeVisible":0.415823,"tipPosition":[1.83125,337.615,-74.6176],"tipVelocity":[-5.5615,-28.4141,-165.151],"tool":false,"touchDistance":0.332484,"touchZone":"hovering","type":1,"width":19.3376},{"bases":[[[0.987852,-0.0936559,0.124003],[0.0360169,0.914238,0.403573],[-0.151166,-0.394204,0.906505]],[[0.986041,-0.098201,0.134462],[0.166468,0.564762,-0.80829],[0.00343608,0.81939,0.573226]],[[0.986041,-0.098201,0.134462],[0.0309997,-0.685167,-0.727726],[0.163592,0.721736,-0.672559]],[[0.986041,-0.098201,0.134462],[-0.0673648,-0.973802,-0.217192],[0.152267,0.205102,-0.966824]]],"btipPosition":[11.0404,270.941,19.9237],"carpPosition":[8.17365,307.301,73.4905],"dipPosition":[13.9011,274.794,1.76001],"direction":[-0.163592,-0.721736,0.672559],"extended":false,"handId":625,"id":6252,"length":66.9886,"mcpPosition":[18.7174,334.797,10.2623],"pipPosition":[18.5518,295.313,-17.36],"stabilizedTipPosition":[-19.9403,322.238,135.379],"timeVisible":0.415823,"tipPosition":[11.8715,272.323,14.7188],"tipVelocity":[18.7735,-15.7433,-175.356],"tool":false,"touchDistance":0.333333,"touchZone":"none","type":2,"width":18.9921},{"bases":[[[0.949295,-0.219296,0.225273],[0.101665,0.892179,0.440093],[-0.297495,-0.394875,0.869235]],[[0.96038,-0.203411,0.190509],[0.2688,0.495557,-0.825936],[0.0735965,0.844421,0.5306]],[[0.96038,-0.203411,0.190509],[-0.0145977,-0.719358,-0.694487],[0.27831,0.66419,-0.693826]],[[0.96038,-0.203411,0.190509],[-0.162152,-0.963802,-0.211643],[0.226663,0.172366,-0.9586]]],"btipPosition":[23.8043,272.699,33.6117],"carpPosition":[20.4031,307.303,74.6258],"dipPosition":[28.0382,275.919,15.706],"direction":[-0.27831,-0.66419,0.693826],"extended":false,"handId":625,"id":6253,"length":64.4113,"mcpPosition":[39.0332,332.031,20.1914],"pipPosition":[35.7458,294.313,-3.50924],"stabilizedTipPosition":[-5.96925,322.414,145.314],"timeVisible":0.415823,"tipPosition":[25.0658,273.837,28.476],"tipVelocity":[21.3111,-20.2406,-184.235],"tool":false,"touchDistance":0.333333,"touchZone":"none","type":3,"width":18.0722},{"bases":[[[0.878548,-0.407904,0.24853],[0.221393,0.808794,0.544828],[-0.423247,-0.423635,0.800872]],[[0.892893,-0.39275,0.220205],[0.416259,0.533548,-0.736243],[0.171669,0.749049,0.639887]],[[0.892893,-0.39275,0.220205],[-0.0769924,-0.615022,-0.784742],[0.443638,0.683736,-0.579388]],[[0.892893,-0.39275,0.220205],[-0.305035,-0.88735,-0.34578],[0.331204,0.241574,-0.912111]]],"btipPosition":[36.7251,280.616,33.2356],"carpPosition":[32.6401,300.069,75.235],"dipPosition":[42.4324,284.779,17.5179],"direction":[-0.443638,-0.683736,0.579388],"extended":false,"handId":625,"id":6254,"length":50.4973,"mcpPosition":[57.1756,324.627,28.8087],"pipPosition":[51.1071,298.148,6.18882],"stabilizedTipPosition":[8.20229,330.149,146.759],"timeVisible":0.415823,"tipPosition":[38.4042,282.118,29.0495],"tipVelocity":[20.3295,-19.0412,-185.881],"tool":false,"touchDistance":0.333333,"touchZone":"none","type":4,"width":16.0532}],"r":[[0.992699,-0.0867012,-0.0838538],[0.0858059,0.99621,-0.0142292],[0.0847697,0.00693013,0