{"sensorType":"Leap","data":[[0,{"currentFrameRate":109.222,"devices":[],"gestures":[],"hands":[{"armBasis":[[0.995513,-0.0831547,-0.0451561],[0.0893403,0.98323,0.158987],[0.0311783,-0.162308,0.986247]],"armWidth":63.703,"confidence":0.824992,"direction":[0.234904,0.165017,-0.957909],"elbow":[14.1244,281.127,364.219],"grabStrength":0,"id":624,"palmNormal":[-0.0821115,-0.978593,-0.188716],"palmPosition":[10.6543,330.558,43.8264],"palmVelocity":[-10.3064,-22.8606,-106.446],"palmWidth":90.9658,"pinchStrength":0.853726,"r":[[0.992073,0.0739412,-0.101602],[-0.0785797,0.996004,-0.0424309],[0.0980589,0.0500785,0.99392]],"s":1.12461,"sphereCenter":[-4.11196,291.278,14.3109],"sphereRadius":47.5172,"stabilizedPalmPosition":[-17.7577,350.431,196.303],"t":[31.9686,-20.4272,-158.32],"timeVisible":0.596588,"type":"right","wrist":[5.70854,324.939,98.0033]}],"id":4215612,"interactionBox":{"center":[0,200,0],"size":[235.247,235.247,147.751]},"pointables":[{"bases":[[[0.50902,0.857991,0.0689226],[-0.834432,0.472218,0.284137],[0.21124,-0.202143,0.956303]],[[0.411473,0.876803,-0.248809],[-0.910771,0.40588,-0.0758862],[0.0344493,0.257833,0.965575]],[[0.411473,0.876803,-0.248809],[-0.905696,0.362805,-0.21929],[-0.102005,0.315577,0.943401]],[[0.411473,0.876803,-0.248809],[-0.787282,0.204385,-0.581733],[-0.459213,0.435251,0.77439]]],"btipPosition":[-11.0834,283.505,-5.38495],"carpPosition":[-23.5856,317.313,93.0774],"dipPosition":[-21.8278,293.689,12.7337],"direction":[0.102005,-0.315577,-0.943401],"extended":false,"handId":624,"id":6240,"length":52.1025,"mcpPosition":[-23.5856,317.313,93.0774],"pipPosition":[-25.3048,304.446,44.891],"stabilizedTipPosition":[-49.6366,302.369,149.745],"timeVisible":0.596588,"tipPosition":[-13.5415,284.892,-1.05493],"tipVelocity":[-10.9939,-16.8686,-104.314],"tool":false,"touchDistance":-0.460404,"touchZone":"touching","type":0,"width":20.2446},{"bases":[[[0.994235,-0.0935329,0.0524198],[0.0914309,0.99496,0.041161],[-0.0560055,-0.036131,0.997776]],[[0.995641,-0.0921011,0.0146854],[0.0932642,0.983589,-0.154451],[-0.000219257,0.155148,0.987891]],[[0.995641,-0.0921011,0.0146854],[0.0926103,0.957707,-0.272434],[0.0110272,0.272606,0.962062]],[[0.995641,-0.0921011,0.0146854],[0.0912314,0.92909,-0.358424],[0.0193672,0.358202,0.933443]]],"btipPosition":[-8.12666,320.504,-66.7454],"carpPosition":[-11.658,337.216,88.2633],"dipPosition":[-7.79585,326.623,-50.8012],"direction":[-0.0110272,-0.272606,-0.962062],"extended":true,"handId":624,"id":6241,"length":58.7918,"mcpPosition":[-7.5388,339.874,14.8769],"pipPosition":[-7.52939,333.21,-27.554],"stabilizedTipPosition":[-26.9051,330.752,85.6112],"timeVisible":0.596588,"tipPosition":[-7.95905,321.503,-62.9467],"tipVelocity":[-78.9349,-18.8048,-94.6862],"tool":false,"touchDistance":-0.463472,"touchZone":"touching","type":1,"width":19.3376},{"bases":[[[0.947276,-0.265791,0.178951],[0.25695,0.963789,0.0713266],[-0.191429,-0.0215845,0.981269]],[[0.945467,-0.265979,0.18801],[0.291838,0.435416,-0.851613],[0.144649,0.86004,0.489294]],[[0.945467,-0.265979,0.18801],[0.177733,-0.0624217,-0.982097],[0.272953,0.961956,-0.0117443]],[[0.945467,-0.265979,0.18801],[0.098094,-0.317902,-0.943036],[0.310597,0.910051,-0.274474]]],"btipPosition":[-6.57518,253.41,1.85373],"carpPosition":[0.637963,337.792,88.3841],"dipPosition":[-0.740008,270.507,-3.30281],"direction":[-0.272953,-0.961956,0.0117443],"extended":false,"handId":624,"id":6242,"length":66.9886,"mcpPosition":[13.99,339.297,19.9412],"pipPosition":[7.01973,297.854,-3.63669],"stabilizedTipPosition":[-36.4163,285.008,147.017],"timeVisible":0.596588,"tipPosition":[-4.99063,257.795,-0.295716],"tipVelocity":[25.4707,-37.9813,-86.1309],"tool":false,"touchDistance":0.333333,"touchZone":"none","type":2,"width":18.9921},{"bases":[[[0.886697,-0.337964,0.315513],[0.317739,0.941157,0.115174],[-0.335872,-0.00187377,0.941906]],[[0.902396,-0.337446,0.267977],[0.390678,0.378318,-0.839194],[0.181802,0.861978,0.473226]],[[0.902396,-0.337446,0.267977],[0.245421,-0.108689,-0.963304],[0.35419,0.935049,-0.0152645]],[[0.902396,-0.337446,0.267977],[0.145487,-0.346779,-0.926595],[0.405605,0.875142,-0.263838]]],"btipPosition":[8.13067,254.801,15.0584],"carpPosition":[12.6034,335.429,89.8306],"dipPosition":[15.707,271.148,10.1302],"direction":[-0.35419,-0.935049,0.0152645],"extended":false,"handId":624,"id":6243,"length":64.4113,"mcpPosition":[33.6368,335.546,30.8453],"pipPosition":[25.5161,297.044,9.70742],"stabilizedTipPosition":[-23.6169,283.778,167.775],"timeVisible":0.596588,"tipPosition":[10.4143,258.906,12.9079],"tipVelocity":[34.7161,-21.1652,-108.516],"tool":false,"touchDistance":0.333333,"touchZone":"none","type":3,"width":18.0722},{"bases":[[[0.777094,-0.486739,0.399011],[0.420855,0.873247,0.245605],[-0.467981,-0.0229328,0.883441]],[[0.704011,-0.485163,0.518639],[0.68768,0.283298,-0.668459],[0.177382,0.82726,0.533082]],[[0.704011,-0.485163,0.518639],[0.503457,-0.174129,-0.846292],[0.500899,0.856911,0.12167]],[[0.704011,-0.485163,0.518639],[0.357436,-0.388991,-0.849074],[0.613684,0.783137,-0.100439]]],"btipPosition":[23.436,268.105,22.5254],"carpPosition":[22.9472,326.269,93.2309],"dipPosition":[34.0111,281.6,20.7946],"direction":[-0.500899,-0.856911,-0.12167],"extended":false,"handId":624,"id":6244,"length":50.4973,"mcpPosition":[50.0759,327.599,42.018],"pipPosition":[43.8055,298.355,23.1737],"stabilizedTipPosition":[-5.90392,292.847,177.464],"timeVisible":0.596588,"tipPosition":[26.6293,271.408,21.4644],"tipVelocity":[22.711,-4.73341,-118.337],"tool":false,"touchDistance":-0.445741,"touchZone":"touching","type":4,"width":16.0532}],"r":[[0.992073,0.0739412,-0.101602],[-0.0785797,0.996004,-0.0424309],[0.0980589,0.0500785,0.99392]],"s":1.12461,"t":[31.9686,-20.4272,-158.32],"timestamp":522930355212},false],[1,{"currentFrameRate":109.396,"devices":[],"gestures":[],"hands":[{"armBasis":[[0.99609,-0.0753,-0.046202],[0.0819586,0.982864,0.165111],[0.0329774,-0.168252,0.985192]],"armWidth":63.703,"confidence":0.770126,"direction":[0.224234,0.167117,-0.960099],"elbow":[15.3029,279.345,362.618],"grabStrength":0,"id":624,"palmNormal":[-0.0765751,-0.979119,-0.188312],"palmPosition":[10.7724,330.436,42.4665],"palmVelocity":[-3.9088,-20.41,-119.29],"palmWidth":90.9658,"pinchStrength":0.850682,"r":[[0.990636,0.0829701,-0.108423],[-0.087765,0.995329,-0.0402193],[0.10458,0.0493585,0.993291]],"s":1.12586,"sphereCenter":[-3.53757,290.892,13.1753],"sphereRadius":47.4333,"stabilizedPalmPosition":[-17.757,350.43,196.299],"t":[31.9842,-20.5754,-159.494],"timeVisible":0.605419,"type":"right","wrist":[6.40141,324.761,96.687]}],"id":4215613,"interactionBox":{"center":[0,200,0],"size":[235.247,235.247,147.751]},"pointables":[{"bases":[[[0.503184,0.861785,0.0642823],[-0.83514,0.465808,0.292513],[0.22214,-0.200873,0.954099]],[[0.402518,0.880004,-0.252137],[-0.914324,0.399914,-0.0638803],[0.044618,0.256248,0.965581]],[[0.402518,0.880004,-0.252137],[-0.910461,0.356249,-0.210111],[-0.0950745,0.314134,0.944606]],[[0.402518,0.880004,-0.252137],[-0.794015,0.198567,-0.574552],[-0.455542,0.431468,0.778663]]],"btipPosition":[-11.2087,283.325,-6.55792],"carpPosition":[-22.8813,316.916,92.0457],"dipPosition":[-21.8672,293.421,11.6608],"direction":[0.0950745,-0.314134,-0.944606],"extended":false,"handId":624,"id":6240,"length":52.1025,"mcpPosition":[-22.8813,316.916,92.0457],"pipPosition":[-25.108,304.128,43.8591],"stabilizedTipPosition":[-49.6361,302.369,149.742],"timeVisible":0.605419,"tipPosition":[-13.5926,284.716,-2.20979],"tipVelocity":[-11.2528,-18.4429,-111.314],"tool":false,"touchDistance":-0.459947,"touchZone":"touching","type":0,"width":20.2446},{"bases":[[[0.995379,-0.0860433,0.0426176],[0.0843214,0.995608,0.040679],[-0.0459306,-0.0368975,0.998263]],[[0.996404,-0.0845905,0.00493829],[0.0843303,0.984279,-0.15519],[0.00826698,0.155049,0.987872]],[[0.996404,-0.0845905,0.00493829],[0.0826771,0.957792,-0.275315],[0.0185592,0.274733,0.961341]],[[0.996404,-0.0845905,0.00493829],[0.0806139,0.928384,-0.362774],[0.0261027,0.361868,0.931864]]],"btipPosition":[-9.02329,320.145,-67.8761],"carpPosition":[-11.1521,336.911,87.1232],"dipPosition":[-8.57743,326.326,-51.9589],"direction":[-0.0185592,-0.274733,-0.961342],"extended":true,"handId":624,"id":6241,"length":58.7918,"mcpPosition":[-7.77389,339.624,13.701],"pipPosition":[-8.12897,332.965,-28.7291],"stabilizedTipPosition":[-26.7628,330.679,84.4259],"timeVisible":0.605419,"tipPosition":[-8.82769,321.225,-64.1042],"tipVelocity":[-84.2311,-24.2712,-103.888],"tool":false,"touchDistance":-0.462512,"touchZone":"touching","type":1,"width":19.3376},{"bases":[[[0.950966,-0.258695,0.169531],[0.250359,0.965676,0.0692052],[-0.181615,-0.023368,0.983092]],[[0.949234,-0.258901,0.178676],[0.280203,0.437734,-0.854327],[0.142974,0.861022,0.488057]],[[0.949234,-0.258901,0.178676],[0.168678,-0.0605202,-0.983811],[0.265524,0.964006,-0.0137768]],[[0.949234,-0.258901,0.178676],[0.0914332,-0.3164,-0.944209],[0.30099,0.912612,-0.276666]]],"btipPosition":[-6.28543,253.168,0.624539],"carpPosition":[1.13978,337.579,87.1235],"dipPosition":[-0.630723,270.313,-4.57318],"direction":[-0.265524,-0.964006,0.0137768],"extended":false,"handId":624,"id":6242,"length":66.9886,"mcpPosition":[13.8074,339.209,18.5534],"pipPosition":[6.9178,297.718,-4.96484],"stabilizedTipPosition":[-36.3244,284.927,146.586],"timeVisible":0.605419,"tipPosition":[-4.75836,257.563,-1.52154],"tipVelocity":[26.1841,-34.7953,-100.757],"tool":false,"touchDistance":0.333333,"touchZone":"none","type":2,"width":18.9921},{"bases":[[[0.892277,-0.33137,0.306651],[0.311745,0.943489,0.112444],[-0.326583,-0.00473452,0.945157]],[[0.907856,-0.330691,0.25776],[0.377287,0.376145,-0.846268],[0.182898,0.865539,0.466251]],[[0.907856,-0.330691,0.25776],[0.234382,-0.109473,-0.965961],[0.347652,0.937368,-0.0218782]],[[0.907856,-0.330691,0.25776],[0.137473,-0.346012,-0.928104],[0.396104,0.87802,-0.268668]]],"btipPosition":[8.3915,254.58,14.0606],"carpPosition":[13.1364,335.306,88.4514],"dipPosition":[15.7903,270.98,9.04213],"direction":[-0.347652,-0.937368,0.0218782],"extended":false,"handId":624,"id":6243,"length":64.4113,"mcpPosition":[33.588,335.602,29.2626],"pipPosition":[25.4184,296.941,8.43622],"stabilizedTipPosition":[-23.5908,283.758,167.655],"timeVisible":0.605419,"tipPosition":[10.6322,258.709,11.8439],"tipVelocity":[32.0675,-21.8313,-110.359],"tool":false,"touchDistance":0.333333,"touchZone":"none","type":3,"width":18.0722},{"bases":[[[0.784625,-0.480997,0.391159],[0.416646,0.876314,0.241828],[-0.459097,-0.0267699,0.887983]],[[0.712953,-0.480031,0.511144],[0.678284,0.287233,-0.676334],[0.177844,0.828895,0.530381]],[[0.712953,-0.480031,0.511144],[0.495764,-0.170442,-0.851568],[0.495899,0.860535,0.116465]],[[0.712953,-0.480031,0.511144],[0.351847,-0.385639,-0.852928],[0.606549,0.787942,-0.106045]]],"btipPosition":[23.76,268.07,21.0713],"carpPosition":[23.5818,326.224,91.7462],"dipPosition":[34.2122,281.648,19.2439],"direction":[-0.495899,-0.860534,-0.116465],"extended":false,"handId":624,"id":6244,"length":50.4973,"mcpPosition":[50.1955,327.775,40.2701],"pipPosition":[43.9088,298.474,21.5212],"stabilizedTipPosition":[-5.90337,292.847,177.461],"timeVisible":0.605419,"tipPosition":[26.9078,271.397,19.987],"tipVelocity":[25.6225,-3.94165,-131.534],"tool":false,"touchDistance":-0.451645,"touchZone":"touching","type":4,"width":16.0532}],"r":[[0.990636,0.0829701,-0.108423],[-0.087765,0.995329,-0.0402193],[0.10458,0.0493585,0.993291]],"s":1.12586,"t":[31.9842,-20.5754,-159.494],"timestamp":522930364043},false],[2,{"currentFrameRate":109.358,"devices":[],"gestures":[],"hands":[{"armBasis":[[0.996665,-0.0665883,-0.0471772],[0.0738132,0.982124,0.173158],[0.0348036,-0.176063,0.983763]],"armWidth":63.703,"confidence":0.773184,"direction":[0.21558,0.170016,-0.961571],"elbow":[16.3347,277.026,361.005],"grabStrength":0,"id":624,"palmNormal":[-0.0702903,-0.97947,-0.18894],"palmPosition":[10.8527,330.324,41.2146],"palmVelocity":[-0.373875,-18.1108,-123.942],"palmWidth":90.9658,"pinchStrength":0.847056,"r":[[0.989076,0.0917798,-0.115348],[-0.0967247,0.994585,-0.0380182],[0.111234,0.0487599,0.992597]],"s":1.1267,"sphereCenter":[-2.80491,290.49,12.0963],"sphereRadius":47.3381,"stabilizedPalmPosition":[-17.7565,350.43,196.297],"t":[32.0321,-20.7057,-160.708],"timeVisible":0.614631,"type":"right","wrist":[6.94026,324.55,95.4597]}],"id":4215614,"interactionBox":{"center":[0,200,0],"size":[235.247,235.247,147.751]},"pointables":[{"bases":[[[0.496852,0.865652,0.061518],[-0.83653,0.458857,0.299446],[0.230988,-0.200242,0.952128]],[[0.393751,0.883479,-0.253823],[-0.917696,0.393696,-0.0532721],[0.0528642,0.253908,0.965783]],[[0.393751,0.883479,-0.253823],[-0.914818,0.349649,-0.202122],[-0.089822,0.311788,0.945897]],[[0.393751,0.883479,-0.253823],[-0.799518,0.192909,-0.56882],[-0.453576,0.426909,0.782315]]],"btipPosition":[-11.2783,283.193,-7.71123],"carpPosition":[-22.3143,316.48,91.0319],"dipPosition":[-21.8907,293.181,10.5929],"direction":[0.089822,-0.311788,-0.945897],"extended":false,"handId":624,"id":6240,"length":52.1025,"mcpPosition":[-22.3143,316.48,91.0319],"pipPosition":[-24.9525,303.809,42.8352],"stabilizedTipPosition":[-49.6356,302.369,149.74],"timeVisible":0.614631,"tipPosition":[-13.5893,284.586,-3.34921],"tipVelocity":[-9.89354,-18.0592,-114.604],"tool":false,"touchDistance":-0.45929,"touchZone":"touching","type":0,"width":20.2446},{"bases":[[[0.996323,-0.0782369,0.0349262],[0.07678,0.996193,0.0412727],[-0.0380223,-0.0384393,0.998537]],[[0.997048,-0.0767358,-0.00265669],[0.0753956,0.985007,-0.155164],[0.0145235,0.154506,0.987885]],[[0.997048,-0.0767358,-0.00265669],[0.0729734,0.957789,-0.278056],[0.0238814,0.277042,0.960561]],[[0.997048,-0.0767358,-0.00265669],[0.0703956,0.927389,-0.367415],[0.0306577,0.366144,0.930053]]],"btipPosition":[-9.70888,319.815,-68.9252],"carpPosition":[-10.7809,336.572,86.045],"dipPosition":[-9.18521,326.069,-53.0389],"direction":[-0.0238814,-0.277042,-0.960561],"extended":true,"handId":624,"id":6241,"length":58.7918,"mcpPosition":[-7.98435,339.399,12.6026],"pipPosition":[-8.60814,332.763,-29.828],"stabilizedTipPosition":[-26.6015,330.591,83.02],"timeVisible":0.614631,"tipPosition":[-9.49585,320.998,-65.1865],"tipVelocity":[-80.9404,-27.0109,-106.904],"tool":false,"touchDistance":-0.460437,"touchZone":"touching","type":1,"width":19.3376},{"bases":[[[0.954241,-0.251384,0.16196],[0.243261,0.967539,0.0684959],[-0.173921,-0.0259629,0.984417]],[[0.952574,-0.251615,0.171149],[0.270203,0.440665,-0.85604],[0.139973,0.861687,0.487753]],[[0.952574,-0.251615,0.171149],[0.161907,-0.0571491,-0.98515],[0.25766,0.966139,-0.0137005]],[[0.952574,-0.251615,0.171149],[0.0872094,-0.31311,-0.945704],[0.291542,0.915779,-0.276318]]],"btipPosition":[-5.91123,252.955,-0.632967],"carpPosition":[1.50498,337.338,85.9525],"dipPosition":[-0.434031,270.16,-5.82414],"direction":[-0.25766,-0.966139,0.0137005],"extended":false,"handId":624,"id":6242,"length":66.9886,"mcpPosition":[13.6359,339.148,17.29],"pipPosition":[6.89093,297.626,-6.21363],"stabilizedTipPosition":[-36.2481,284.859,146.228],"timeVisible":0.614631,"tipPosition":[-4.44265,257.36,-2.73906],"tipVelocity":[28.9858,-31.098,-110.723],"tool":false,"touchDistance":0.333333,"touchZone":"none","type":2,"width":18.9921},{"bases":[[[0.897175,-0.324682,0.299432],[0.305148,0.945786,0.111238],[-0.319316,-0.00842906,0.947611]],[[0.912489,-0.323811,0.250021],[0.367397,0.379791,-0.848987],[0.179955,0.866548,0.465522]],[[0.912489,-0.323811,0.250021],[0.227611,-0.105988,-0.967967],[0.339938,0.940166,-0.0230101]],[[0.912489,-0.323811,0.250021],[0.133102,-0.342911,-0.92989],[0.386844,0.881793,-0.269802]]],"btipPosition":[8.847,254.47,12.7268],"carpPosition":[13.5289,335.157,87.1862],"dipPosition":[16.0729,270.941,7.68711],"direction":[-0.339938,-0.940166,0.0230101],"extended":false,"handId":624,"id":6243,"length":64.4113,"mcpPosition":[33.5255,335.685,27.8437],"pipPosition":[25.4873,296.979,7.04985],"stabilizedTipPosition":[-23.5682,283.741,167.552],"timeVisible":0.614631,"tipPosition":[11.0286,258.618,10.5256],"tipVelocity":[35.7252,-18.5662,-120.151],"tool":false,"touchDistance":0.333333,"touchZone":"none","type":3,"width":18.0722},{"bases":[[[0.791353,-0.475253,0.384572],[0.411559,0.879287,0.239736],[-0.452085,-0.0314418,0.891421]],[[0.721023,-0.475022,0.50446],[0.669355,0.289275,-0.684313],[0.179136,0.831068,0.526532]],[[0.721023,-0.475022,0.50446],[0.488555,-0.167754,-0.856255],[0.491365,0.863836,0.11112]],[[0.721023,-0.475022,0.50446],[0.347167,-0.382405,-0.856295],[0.599667,0.79254,-0.110812]]],"btipPosition":[24.0037,268.05,19.8385],"carpPosition":[24.0704,326.154,90.39],"dipPosition":[34.3373,281.708,17.929],"direction":[-0.491365,-0.863836,-0.11112],"extended":false,"handId":624,"id":6244,"length":50.4973,"mcpPosition":[50.2777,327.977,38.7146],"pipPosition":[43.9452,298.599,20.1018],"stabilizedTipPosition":[-5.90288,292.846,177.459],"timeVisible":0.614631,"tipPosition":[27.1261,271.403,18.7097],"tipVelocity":[25.0268,-2.86848,-132.75],"tool":false,"touchDistance":-0.453589,"touchZone":"touching","type":4,"width":16.0532}],"r":[[0.989076,0.0917798,-0.115348],[-0.0967247,0.994585,-0.0380182],[0.111234,0.0487599,0.992597]],"s":1.1267,"t":[32.0321,-20.7057,-160.708],"timestamp":522930373255},false],[3,{"currentFrameRate":109.496,"devices":[],"gestures":[],"hands":[{"armBasis":[[0.997258,-0.0582475,-0.0456502],[0.0655873,0.981363,0.180625],[0.0342784,-0.183124,0.982492]],"armWidth":63.703,"confidence":0.775437,"direction":[0.207985,0.172139,-0.962866],"elbow":[16.7849,275.035,359.572],"grabStrength":0,"id":624,"palmNormal":[-0.0637898,-0.97991,-0.188965],"palmPosition":[11.0467,330.294,40.1035],"palmVelocity":[5.65705,-14.1134,-124.236],"palmWidth":90.9658,"pinchStrength":0.844434,"r":[[0.987422,0.100395,-0.122142],[-0.105491,0.993769,-0.0359828],[0.117769,0.0484152,0.99186]],"s":1.12738,"sphereCenter":[-2.01715,290.209,11.1385],"sphereRadius":47.2675,"stabilizedPalmPosition":[-17.7561,350.43,196.295],"t":[32.153,-20.7859,-161.87],"timeVisible":0.623518,"type":"right","wrist":[7.53219,324.465,94.37]}],"id":4215615,"interactionBox":{"center":[0,200,0],"size":[235.247,235.247,147.751]},"pointables":[{"bases":[[[0.4904,0.869517,0.0587217],[-0.83816,0.452111,0.305095],[0.238737,-0.198837,0.95051]],[[0.385047,0.886653,-0.256097],[-0.920933,0.387231,-0.0439807],[0.060173,0.252783,0.96565]],[[0.385047,0.886653,-0.256097],[-0.918843,0.342321,-0.196323],[-0.0864032,0.310907,0.946505]],[[0.385047,0.886653,-0.256097],[-0.804202,0.186213,-0.564432],[-0.452767,0.423286,0.784749]]],"btipPosition":[-11.1501,283.05,-8.68608],"carpPosition":[-21.686,316.167,90.1281],"dipPosition":[-21.7437,292.954,9.67498],"direction":[0.0864032,-0.310907,-0.946505],"extended":false,"handId":624,"id":6240,"length":52.1025,"mcpPosition":[-21.686,316.167,90.1281],"pipPosition":[-24.6889,303.552,41.938],"stabilizedTipPosition":[-49.6352,302.369,149.739],"timeVisible":0.623518,"tipPosition":[-13.4068,284.462,-4.32384],"tipVelocity":[-3.15619,-18.1075,-112.87],"tool":false,"touchDistance":-0.456121,"touchZone":"touching","type":0,"width":20.2446},{"bases":[[[0.997115,-0.0703905,0.0284211],[0.0691885,0.99675,0.0412676],[-0.0312336,-0.0391821,0.998744]],[[0.997584,-0.0688716,-0.00905395],[0.0666383,0.985636,-0.155178],[0.0196112,0.1542,0.987845]],[[0.997584,-0.0688716,-0.00905395],[0.0635984,0.957976,-0.279709],[0.0279375,0.278458,0.960042]],[[0.997584,-0.0688716,-0.00905395],[0.0606365,0.92697,-0.370203],[0.0338892,0.368759,0.928907]]],"btipPosition":[-10.143,319.583,-69.8751],"carpPosition":[-10.344,336.351,85.0765],"dipPosition":[-9.56414,325.881,-54.0084],"direction":[-0.0279375,-0.278458,-0.960042],"extended":true,"handId":624,"id":6241,"length":58.7918,"mcpPosition":[-8.04673,339.233,11.6189],"pipPosition":[-8.88906,332.61,-30.81],"stabilizedTipPosition":[-26.4446,330.5,81.6091],"timeVisible":0.623518,"tipPosition":[-9.9201,320.818,-66.1545],"tipVelocity":[-71.8346,-26.4537,-107.037],"tool":false,"touchDistance":-0.457043,"touchZone":"touching","type":1,"width":19.3376},{"bases":[[[0.957225,-0.24392,0.155639],[0.236064,0.969398,0.0673956],[-0.167316,-0.0277719,0.985512]],[[0.955586,-0.244174,0.16503],[0.261136,0.441935,-0.858196],[0.136617,0.863176,0.48607]],[[0.955586,-0.244174,0.16503],[0.156139,-0.0554713,-0.986176],[0.249953,0.968144,-0.0148824]],[[0.955586,-0.244174,0.16503],[0.0839608,-0.311212,-0.946624],[0.2825,0.918437,-0.276889]]],"btipPosition":[-5.39163,252.778,-1.63179],"carpPosition":[1.93462,337.214,84.9046],"dipPosition":[-0.0842928,270.033,-6.8337],"direction":[-0.249953,-0.968144,0.0148824],"extended":false,"handId":624,"id":6242,"length":66.9886,"mcpPosition":[13.6048,339.151,16.1657],"pipPosition":[7.02158,297.556,-7.25679],"stabilizedTipPosition":[-36.1869,284.806,145.944],"timeVisible":0.623518,"tipPosition":[-3.97292,257.196,-3.72826],"tipVelocity":[35.8005,-27.6949,-111.252],"tool":false,"touchDistance":0.333333,"touchZone":"none","type":2,"width":18.9921},{"bases":[[[0.901632,-0.317727,0.293443],[0.298396,0.948114,0.109725],[-0.31308,-0.0113692,0.949659]],[[0.9167,-0.316705,0.243636],[0.358532,0.382771,-0.851435],[0.176397,0.867862,0.464436]],[[0.9167,-0.316705,0.243636],[0.221959,-0.103407,-0.969557],[0.332258,0.94287,-0.0244976]],[[0.9167,-0.316705,0.243636],[0.129755,-0.340749,-0.931157],[0.377921,0.885205,-0.271271]]],"btipPosition":[9.44901,254.427,11.5886],"carpPosition":[13.9831,335.128,86.0591],"dipPosition":[16.5082,270.962,6.52156],"direction":[-0.332258,-0.94287,0.0244976],"extended":false,"handId":624,"id":6243,"length":64.4113,"mcpPosition":[33.5892,335.84,26.5884],"pipPosition":[25.71,297.074,5.8431],"stabilizedTipPosition":[-23.549,283.727,167.465],"timeVisible":0.623518,"tipPosition":[11.5771,258.593,9.39451],"tipVelocity":[43.2503,-14.3844,-122.494],"tool":false,"touchDistance":0.333333,"touchZone":"none","type":3,"width":18.0722},{"bases":[[[0.797556,-0.469167,0.379193],[0.40616,0.8824,0.237496],[-0.446025,-0.0354035,0.89432]],[[0.728437,-0.469567,0.498885],[0.66129,0.291548,-0.691155],[0.179095,0.833371,0.522894]],[[0.728437,-0.469567,0.498885],[0.482722,-0.164954,-0.860099],[0.486167,0.867351,0.106511]],[[0.728437,-0.469567,0.498885],[0.343868,-0.379228,-0.859035],[0.592565,0.797304,-0.114775]]],"btipPosition":[24.4234,268.1,18.7574],"carpPosition":[24.6159,326.206,89.19],"dipPosition":[34.6346,281.839,16.7796],"direction":[-0.486167,-0.867351,-0.106511],"extended":false,"handId":624,"id":6244,"length":50.4973,"mcpPosition":[50.4719,328.259,37.3465],"pipPosition":[44.1409,298.799,18.8623],"stabilizedTipPosition":[-5.90243,292.846,177.457],"timeVisible":0.623518,"tipPosition":[27.5114,271.478,17.6011],"tipVelocity":[30.1962,0.0105152,-130.213],"tool":false,"touchDistance":-0.453015,"touchZone":"touching","type":4,"width":16.0532}],"r":[[0.987422,0.100395,-0.122142],[-0.105491,0.993769,-0.0359828],[0.117769,0.0484152,0.99186]],"s":1.12738,"t":[32.153,-20.7859,-161.87],"timestamp":522930382142},false],[4,{"currentFrameRate":109.495,"devices":[],"gestures":[],"hands":[{"armBasis":[[0.997259,-0.0538814,-0.0507128],[0.0618423,0.983254,0.171429],[0.0406267,-0.174095,0.98389]],"armWidth":63.703,"confidence":0.767074,"direction":[0.205066,0.174028,-0.963152],"elbow":[18.6396,277.321,358.231],"grabStrength":0,"id":624,"palmNormal":[-0.058021,-0.980173,-0.189457],"palmPosition":[11.0477,330.198,38.3821],"palmVelocity":[4.11424,-13.1014,-142.099],"palmWidth":90.9658,"pinchStrength":0.84341,"r":[[0.985828,0.108533,-0.127922],[-0.113744,0.992923,-0.0341418],[0.123312,0.0482083,0.991196]],"s":1.12811,"sphereCenter":[-1.56099,289.994,9.46362],"sphereRadius":47.21,"stabilizedPalmPosition":[-17.7559,350.429,196.293],"t":[32.214,-20.8738,-163.311],"timeVisible":0.632651,"type":"right","wrist":[7.6733,324.314,92.6515]}],"id":4215616,"interactionBox":{"center":[0,200,0],"size":[235.247,235.247,147.751]},"pointables":[{"bases":[[[0.485064,0.872531,0.0583319],[-0.840387,0.446672,0.306975],[0.24179,-0.197924,0.949928]],[[0.379,0.8892,-0.256286],[-0.923336,0.381837,-0.0406378],[0.0617245,0.25204,0.965746]],[[0.379,0.8892,-0.256286],[-0.921292,0.336506,-0.194894],[-0.0870583,0.30998,0.946749]],[[0.379,0.8892,-0.256286],[-0.805922,0.181046,-0.56366],[-0.454807,0.420174,0.785242]]],"btipPosition":[-10.972,282.861,-10.3788],"carpPosition":[-21.5004,315.836,88.4601],"dipPosition":[-21.6132,292.692,7.99382],"direction":[0.0870583,-0.309979,-0.946749],"extended":false,"handId":624,"id":6240,"length":52.1025,"mcpPosition":[-21.5004,315.836,88.4601],"pipPosition":[-24.5807,303.258,40.2652],"stabilizedTipPosition":[-49.6349,302.369,149.738],"timeVisible":0.632651,"tipPosition":[-13.227,284.278,-6.02332],"tipVelocity":[2.81072,-19.3474,-132.936],"tool":false,"touchDistance":-0.464193,"touchZone":"touching","type":0,"width":20.2446},{"bases":[[[0.997588,-0.0641697,0.0264774],[0.0630323,0.997137,0.04176],[-0.0290813,-0.0399904,0.998777]],[[0.997977,-0.0626275,-0.0109339],[0.0601904,0.986138,-0.154628],[0.0204663,0.153657,0.987912]],[[0.997977,-0.0626275,-0.0109339],[0.0570577,0.95818,-0.280421],[0.0280387,0.27923,0.959815]],[[0.997977,-0.0626275,-0.0109339],[0.0540834,0.926736,-0.371799],[0.0334177,0.370456,0.928249]]],"btipPosition":[-10.283,319.361,-71.5407],"carpPosition":[-10.2946,336.094,83.3995],"dipPosition":[-9.7122,325.688,-55.6852],"direction":[-0.0280387,-0.27923,-0.959815],"extended":true,"handId":624,"id":6241,"length":58.7918,"mcpPosition":[-8.15563,339.035,9.93944],"pipPosition":[-9.03467,332.436,-32.4923],"stabilizedTipPosition":[-26.3073,330.419,80.3493],"timeVisible":0.632651,"tipPosition":[-10.0644,320.632,-67.8322],"tipVelocity":[-56.1818,-25.6571,-128.059],"tool":false,"touchDistance":-0.464694,"touchZone":"touching","type":1,"width":19.3376},{"bases":[[[0.959027,-0.238024,0.153663],[0.230125,0.970814,0.067553],[-0.165257,-0.0294235,0.985812]],[[0.95739,-0.238296,0.163153],[0.256718,0.443448,-0.858749],[0.132287,0.864042,0.485728]],[[0.95739,-0.238296,0.163153],[0.154784,-0.0535508,-0.986496],[0.243815,0.969715,-0.0143846]],[[0.95739,-0.238296,0.163153],[0.0844679,-0.309182,-0.947244],[0.276168,0.920664,-0.275879]]],"btipPosition":[-4.98969,252.585,-3.36917],"carpPosition":[1.97805,337.033,83.2048],"dipPosition":[0.198688,269.882,-8.55211],"direction":[-0.243815,-0.969715,0.0143846],"extended":false,"handId":624,"id":6242,"length":66.9886,"mcpPosition":[13.5046,339.085,14.445],"pipPosition":[7.13006,297.449,-8.96104],"stabilizedTipPosition":[-36.1372,284.762,145.713],"timeVisible":0.632651,"tipPosition":[-3.60514,257.013,-5.444],"tipVelocity":[37.2499,-25.5891,-133.076],"tool":false,"touchDistance":0.333333,"touchZone":"none","type":2,"width":18.9921},{"bases":[[[0.90416,-0.312261,0.291526],[0.29267,0.949894,0.10975],[-0.311189,-0.0139107,0.950246]],[[0.919424,-0.311081,0.240601],[0.352207,0.379165,-0.855677],[0.174957,0.871471,0.458178]],[[0.919424,-0.311081,0.240601],[0.218352,-0.10503,-0.970201],[0.327081,0.944562,-0.0286423]],[[0.919424,-0.311081,0.240601],[0.128609,-0.340319,-0.931473],[0.371644,0.887362,-0.272889]]],"btipPosition":[9.71394,254.232,10.2522],"carpPosition":[14.0415,335.022,84.335],"dipPosition":[16.6559,270.807,5.15494],"direction":[-0.327081,-0.944562,0.0286423],"extended":false,"handId":624,"id":6243,"length":64.4113,"mcpPosition":[33.5292,335.893,24.8275],"pipPosition":[25.7143,296.967,4.3617],"stabilizedTipPosition":[-23.5326,283.715,167.39],"timeVisible":0.632651,"tipPosition":[11.8228,258.421,7.99858],"tipVelocity":[38.4698,-16.0346,-129.331],"tool":false,"touchDistance":0.333333,"touchZone":"none","type":3,"width":18.0722},{"bases":[[[0.801197,-0.464402,0.377379],[0.401087,0.884777,0.237275],[-0.444087,-0.0387422,0.895146]],[[0.73286,-0.465333,0.496369],[0.656713,0.293048,-0.694874],[0.177888,0.835217,0.520353]],[[0.73286,-0.465333,0.496369],[0.480474,-0.16258,-0.861807],[0.481727,0.870076,0.104432]],[[0.73286,-0.465333,0.496369],[0.343808,-0.376272,-0.860358],[0.587123,0.801177,-0.115769]]],"btipPosition":[24.6542,268.068,17.1072],"carpPosition":[24.7359,326.166,87.4401],"dipPosition":[34.7716,281.874,15.1123],"direction":[-0.481727,-0.870076,-0.104432],"extended":false,"handId":624,"id":6244,"length":50.4973,"mcpPosition":[50.4795,328.411,35.5487],"pipPosition":[44.1911,298.887,17.1543],"stabilizedTipPosition":[-5.90202,292.846,177.455],"timeVisible":0.632651,"tipPosition":[27.7169,271.466,15.9414],"tipVelocity":[28.1716,-0.518747,-144.365],"tool":false,"touchDistance":-0.460859,"touchZone":"touching","type":4,"width":16.0532}],"r":[[0.985828,0.108533,-0.127922],[-0.113744,0.992923,-0.0341418],[0.123312,0.0482083,0.991196]],"s":1.12811,"t":[32.214,-20.8738,-163.311],"timestamp":522930391275},false],[5,{"currentFrameRate":109.628,"devices":[],"gestures":[],"hands":[{"armBasis":[[0.997415,-0.0508485,-0.050776],[0.0585788,0.984607,0.164677],[0.0416208,-0.167225,0.98504]],"armWidth":63.703,"confidence":0.771166,"direction":[0.1997,0.175528,-0.964007],"elbow":[19.3996,279.073,356.886],"grabStrength":0,"id":624,"palmNormal":[-0.0534494,-0.980408,-0.189587],"palmPosition":[11.2589,330.135,36.7139],"palmVelocity":[9.45499,-11.4782,-154.495],"palmWidth":90.9658,"pinchStrength":0.842424,"r":[[0.984231,0.116141,-0.133421],[-0.121464,0.992065,-0.0324462],[0.128594,0.0481404,0.990528]],"s":1.1287,"sphereCenter":[-0.9732,289.827,7.88061],"sphereRadius":47.14,"stabilizedPalmPosition":[-17.7557,350.429,196.292],"t":[32.3501,-20.9495,-164.866],"timeVisible":0.641537,"type":"right","wrist":[8.16495,324.212,90.9957]}],"id":4215617,"interactionBox":{"center":[0,200,0],"size":[235.247,235.247,147.751]},"pointables":[{"bases":[[[0.480479,0.875186,0.0564714],[-0.841441,0.441887,0.310986],[0.247216,-0.196939,0.948735]],[[0.372862,0.891378,-0.257718],[-0.925556,0.376964,-0.0352629],[0.0657179,0.251681,0.965576]],[[0.372862,0.891378,-0.257718],[-0.924001,0.331299,-0.190955],[-0.0848311,0.309332,0.947163]],[[0.372862,0.891378,-0.257718],[-0.808977,0.176256,-0.560794],[-0.454455,0.417587,0.786824]]],"btipPosition":[-10.7351,282.699,-11.9475],"carpPosition":[-20.9801,315.573,86.934],"dipPosition":[-21.3681,292.469,6.4621],"direction":[0.0848311,-0.309332,-0.947163],"extended":false,"handId":624,"id":6240,"length":52.1025,"mcpPosition":[-20.9801,315.573,86.934],"pipPosition":[-24.2597,303.013,38.7476],"stabilizedTipPosition":[-49.6347,302.368,149.737],"timeVisible":0.641537,"tipPosition":[-12.9795,284.121,-7.59288],"tipVelocity":[9.34531,-19.4725,-144.52],"tool":false,"touchDistance":-0.46951,"touchZone":"touching","type":0,"width":20.2446},{"bases":[[[0.998039,-0.0586456,0.0219006],[0.0576924,0.997456,0.0418751],[-0.0243007,-0.0405295,0.998883]],[[0.998249,-0.0570885,-0.0154795],[0.0540251,0.986537,-0.154357],[0.0240831,0.15325,0.987894]],[[0.998249,-0.0570885,-0.0154795],[0.0504531,0.958399,-0.280936],[0.0308738,0.279663,0.959602]],[[0.998249,-0.0570885,-0.0154795],[0.0472138,0.926683,-0.372867],[0.035631,0.371483,0.927756]]],"btipPosition":[-10.5117,319.191,-73.1031],"carpPosition":[-9.90998,335.895,81.8305],"dipPosition":[-9.90308,325.536,-57.2561],"direction":[-0.0308738,-0.279663,-0.959602],"extended":true,"handId":624,"id":6241,"length":58.7918,"mcpPosition":[-8.12266,338.876,8.36268],"pipPosition":[-9.15705,332.294,-34.0683],"stabilizedTipPosition":[-26.2016,330.354,79.3555],"timeVisible":0.641537,"tipPosition":[-10.2856,320.481,-69.4021],"tipVelocity":[-47.6462,-23.7526,-141.093],"tool":false,"touchDistance":-0.470023,"touchZone":"touching","type":1,"width":19.3376},{"bases":[[[0.961023,-0.232759,0.14919],[0.225045,0.972049,0.0668949],[-0.160591,-0.0307131,0.986543]],[[0.959431,-0.233044,0.158693],[0.250166,0.444048,-0.860371],[0.130037,0.865166,0.484333]],[[0.959431,-0.233044,0.158693],[0.150645,-0.0520544,-0.987217],[0.238326,0.971072,-0.0148357]],[[0.959431,-0.233044,0.158693],[0.0822008,-0.307191,-0.948091],[0.269696,0.922672,-0.275572]]],"btipPosition":[-4.55095,252.414,-4.9705],"carpPosition":[2.35622,336.902,81.5802],"dipPosition":[0.515829,269.748,-10.1477],"direction":[-0.238326,-0.971072,0.0148357],"extended":false,"handId":624,"id":6242,"length":66.9886,"mcpPosition":[13.5573,339.045,12.7694],"pipPosition":[7.29115,297.354,-10.5694],"stabilizedTipPosition":[-36.0987,284.729,145.534],"timeVisible":0.641537,"tipPosition":[-3.20132,256.852,-7.02906],"tipVelocity":[39.6883,-23.6068,-145.838],"tool":false,"touchDistance":0.333333,"touchZone":"none","type":2,"width":18.9921},{"bases":[[[0.907199,-0.307352,0.287272],[0.287896,0.951461,0.108798],[-0.306767,-0.0159966,0.95165]],[[0.922418,-0.306043,0.235549],[0.345083,0.379334,-0.858501],[0.173386,0.87318,0.455515]],[[0.922418,-0.306043,0.235549],[0.21362,-0.103783,-0.971388],[0.321732,0.946344,-0.0303542]],[[0.922418,-0.306043,0.235549],[0.125882,-0.338345,-0.932564],[0.365101,0.889865,-0.27357]]],"btipPosition":[10.1717,254.126,8.66302],"carpPosition":[14.4357,334.958,82.6546],"dipPosition":[16.9914,270.748,3.553],"direction":[-0.321732,-0.946344,0.0303542],"extended":false,"handId":624,"id":6243,"length":64.4113,"mcpPosition":[33.6465,335.96,23.0591],"pipPosition":[25.9017,296.957,2.71235],"stabilizedTipPosition":[-23.5193,283.706,167.33],"timeVisible":0.641537,"tipPosition":[12.2355,258.325,6.4264],"tipVelocity":[41.1544,-14.5906,-142.87],"tool":false,"touchDistance":0.333333,"touchZone":"none","type":3,"width":18.0722},{"bases":[[[0.805473,-0.460094,0.373532],[0.397253,0.886898,0.2358],[-0.439775,-0.0415439,0.897146]],[[0.738529,-0.461482,0.491538],[0.649136,0.28967,-0.703359],[0.182204,0.838526,0.513495]],[[0.738529,-0.461482,0.491538],[0.473264,-0.164421,-0.86544],[0.480205,0.87178,0.0969734]],[[0.738529,-0.461482,0.491538],[0.338842,-0.376241,-0.862339],[0.582891,0.803416,-0.121495]]],"btipPosition":[24.8116,268.035,15.7454],"carpPosition":[25.193,326.16,85.7072],"dipPosition":[34.8561,281.88,13.6518],"direction":[-0.480205,-0.87178,-0.0969734],"extended":false,"handId":624,"id":6244,"length":50.4973,"mcpPosition":[50.6867,328.568,33.6999],"pipPosition":[44.2458,298.926,15.548],"stabilizedTipPosition":[-5.90168,292.845,177.453],"timeVisible":0.641537,"tipPosition":[27.8916,271.45,14.4918],"tipVelocity":[24.8177,-1.09501,-147.474],"tool":false,"touchDistance":-0.463874,"touchZone":"touching","type":4,"width":16.0532}],"r":[[0.984231,0.116141,-0.133421],[-0.121464,0.992065,-0.0324462],[0.128594,0.0481404,0.990528]],"s":1.1287,"t":[32.3501,-20.9495,-164.866],"timestamp":522930400161},false],[6,{"currentFrameRate":109.634,"devices":[],"gestures":[],"hands":[{"armBasis":[[0.998087,-0.0404857,-0.0467335],[0.0474484,0.986128,0.159063],[0.0396454,-0.160976,0.986162]],"armWidth":63.703,"confidence":0.792109,"direction":[0.19237,0.175446,-0.965512],"elbow":[19.5003,281.108,355.1],"grabStrength":0,"id":624,"palmNormal":[-0.0419709,-0.981517,-0.186716],"palmPosition":[11.5313,330.375,34.5949],"palmVelocity":[15.126,-0.983489,-176.163],"palmWidth":90.9658,"pinchStrength":0.839043,"r":[[0.982429,0.12465,-0.138911],[-0.130183,0.990991,-0.0314492],[0.13374,0.0489805,0.989805]],"s":1.12947,"sphereCenter":[0.0758458,289.759,6.00262],"sphereRadius":47.056,"stabilizedPalmPosition":[-17.7555,350.429,196.291],"t":[32.5543,-20.8672,-166.703],"timeVisible":0.650647,"type":"right","wrist":[8.79891,324.56,88.9078]}],"id":4215618,"interactionBox":{"center":[0,200,0],"size":[235.247,235.247,147.751]},"pointables":[{"bases":[[[0.469598,0.88137,0.0516167],[-0.845345,0.431998,0.314277],[0.254696,-0.191218,0.947927]],[[0.359996,0.895308,-0.262348],[-0.930325,0.36559,-0.028961],[0.0699829,0.254495,0.964539]],[[0.359996,0.895308,-0.262348],[-0.929113,0.318558,-0.187803],[-0.0845683,0.311359,0.946522]],[[0.359996,0.895308,-0.262348],[-0.813339,0.163422,-0.558366],[-0.457036,0.414388,0.78702]]],"btipPosition":[-10.1713,282.531,-13.789],"carpPosition":[-20.2549,315.54,85.0234],"dipPosition":[-20.8647,292.227,4.62519],"direction":[0.0845683,-0.311359,-0.946522],"extended":false,"handId":624,"id":6240,"length":52.1025,"mcpPosition":[-20.2549,315.54,85.0234],"pipPosition":[-23.7474,302.84,36.8888],"stabilizedTipPosition":[-49.6345,302.368,149.736],"timeVisible":0.650647,"tipPosition":[-12.4001,283.973,-9.44716],"tipVelocity":[23.4993,-19.6912,-160.473],"tool":false,"touchDistance":-0.478499,"touchZone":"touching","type":0,"width":20.2446},{"bases":[[[0.998805,-0.0458991,0.0167631],[0.0452186,0.998218,0.0389402],[-0.0185206,-0.0381357,0.999101]],[[0.998801,-0.0444451,-0.0205048],[0.0406827,0.98674,-0.157126],[0.0272164,0.156103,0.987366]],[[0.998801,-0.0444451,-0.0205048],[0.0367803,0.957906,-0.284716],[0.0322959,0.283621,0.958392]],[[0.998801,-0.0444451,-0.0205048],[0.0334365,0.925482,-0.377313],[0.0357466,0.376175,0.925859]]],"btipPosition":[-10.669,318.809,-75.0576],"carpPosition":[-9.47122,335.988,79.8078],"dipPosition":[-10.0584,325.234,-59.2429],"direction":[-0.0322959,-0.283621,-0.958393],"extended":true,"handId":624,"id":6241,"length":58.7918,"mcpPosition":[-8.10903,338.793,6.32393],"pipPosition":[-9.278,332.088,-36.0844],"stabilizedTipPosition":[-26.1199,330.302,78.5695],"timeVisible":0.650647,"tipPosition":[-10.4456,320.14,-71.3714],"tipVelocity":[-39.2039,-28.231,-161.696],"tool":false,"touchDistance":-0.480783,"touchZone":"touching","type":1,"width":19.3376},{"bases":[[[0.964679,-0.220124,0.144706],[0.21301,0.975008,0.0631392],[-0.154988,-0.0300854,0.987458]],[[0.963137,-0.220404,0.154235],[0.239212,0.439419,-0.865845],[0.123062,0.870823,0.475945]],[[0.963137,-0.220404,0.154235],[0.145624,-0.0548985,-0.987816],[0.226186,0.973862,-0.0207786]],[[0.963137,-0.220404,0.154235],[0.0813184,-0.30798,-0.947911],[0.256425,0.925511,-0.278704]]],"btipPosition":[-3.58777,252.212,-6.49269],"carpPosition":[2.77969,337.15,79.4898],"dipPosition":[1.22969,269.6,-11.7287],"direction":[-0.226186,-0.973862,0.0207786],"extended":false,"handId":624,"id":6242,"length":66.9886,"mcpPosition":[13.59,339.249,10.6152],"pipPosition":[7.6599,297.286,-12.3194],"stabilizedTipPosition":[-36.064,284.7,145.376],"timeVisible":0.650647,"tipPosition":[-2.29049,256.678,-8.60624],"tipVelocity":[56.2629,-22.8189,-152.146],"tool":false,"touchDistance":0.333333,"touchZone":"none","type":2,"width":18.9921},{"bases":[[[0.912536,-0.295022,0.283267],[0.276338,0.955333,0.104762],[-0.301521,-0.0173219,0.953302]],[[0.927678,-0.293631,0.230638],[0.334198,0.377516,-0.863594],[0.166508,0.878216,0.448344]],[[0.927678,-0.293631,0.230638],[0.208522,-0.104976,-0.972368],[0.309729,0.950137,-0.0361555]],[[0.927678,-0.293631,0.230638],[0.124703,-0.338581,-0.932637],[0.351941,0.893949,-0.277477]]],"btipPosition":[11.1814,254.207,6.96419],"carpPosition":[14.8884,335.362,80.5053],"dipPosition":[17.7553,270.905,1.78118],"direction":[-0.309729,-0.950137,0.0361555],"extended":false,"handId":624,"id":6243,"length":64.4113,"mcpPosition":[33.7707,336.447,20.8064],"pipPosition":[26.3331,297.219,0.779872],"stabilizedTipPosition":[-23.5064,283.696,167.272],"timeVisible":0.650647,"tipPosition":[13.1761,258.429,4.70448],"tipVelocity":[58.7635,-7.54516,-155.479],"tool":false,"touchDistance":0.333333,"touchZone":"none","type":3,"width":18.0722},{"bases":[[[0.813218,-0.44881,0.370468],[0.387175,0.892508,0.231353],[-0.434479,-0.0447044,0.899572]],[[0.747763,-0.450756,0.487514],[0.639216,0.290119,-0.712204],[0.179593,0.844186,0.50507]],[[0.747763,-0.450756,0.487514],[0.467212,-0.164489,-0.86871],[0.471767,0.877361,0.0875995]],[[0.747763,-0.450756,0.487514],[0.336419,-0.375804,-0.863478],[0.572427,0.809686,-0.129369]]],"btipPosition":[25.5219,268.351,14.0384],"carpPosition":[25.7727,326.709,83.524],"dipPosition":[35.3861,282.304,11.809],"direction":[-0.471767,-0.877361,-0.0875995],"extended":false,"handId":624,"id":6244,"length":50.4973,"mcpPosition":[50.9594,329.301,31.376],"pipPosition":[44.6108,299.459,13.5219],"stabilizedTipPosition":[-5.90131,292.845,177.451],"timeVisible":0.650647,"tipPosition":[28.5696,271.796,12.7145],"tipVelocity":[38.2993,9.58179,-159.496],"tool":false,"touchDistance":-0.471894,"touchZone":"touching","type":4,