{"sensorType":"Leap","data":[[0,{"currentFrameRate":99.468,"devices":[],"gestures":[],"hands":[{"armBasis":[[-0.719458,-0.647133,-0.252187],[-0.685812,0.719304,0.110742],[-0.109734,-0.252627,0.961321]],"armWidth":63.703,"confidence":0.67372,"direction":[-0.419121,0.302938,-0.855901],"elbow":[-7.70943,233.231,346.556],"grabStrength":0,"id":620,"palmNormal":[0.563412,-0.652454,-0.506824],"palmPosition":[7.14339,320.253,37.8901],"palmVelocity":[64.6195,-8.04957,-237.48],"palmWidth":90.9658,"pinchStrength":1,"r":[[0.983269,0.0264033,-0.180234],[-0.00552968,0.99331,0.115347],[0.182074,-0.112421,0.976837]],"s":0.859897,"sphereCenter":[24.1405,296.658,2.31986],"sphereRadius":41.5654,"stabilizedPalmPosition":[-55.6144,334.744,215.793],"t":[72.2344,-16.2787,-199.032],"timeVisible":0.388584,"type":"left","wrist":[21.9109,301.422,87.0686]}],"id":4214391,"interactionBox":{"center":[0,200,0],"size":[235.247,235.247,147.751]},"pointables":[{"bases":[[[-0.872211,0.363162,0.32766],[0.484593,0.732607,0.477971],[0.0664652,-0.575674,0.814974]],[[-0.81695,0.574353,-0.0520662],[0.575174,0.80487,-0.146146],[0.0420327,0.149341,0.987892]],[[-0.81695,0.574353,-0.0520662],[0.412003,0.518077,-0.749567],[0.403541,0.63381,0.659878]],[[-0.81695,0.574353,-0.0520662],[0.24783,0.268116,-0.930964],[0.520742,0.773455,0.361379]]],"btipPosition":[21.6825,265.985,1.34685],"carpPosition":[49.7195,313.139,81.5952],"dipPosition":[33.8665,284.082,9.80218],"direction":[-0.403541,-0.63381,-0.659878],"extended":false,"handId":620,"id":6200,"length":52.1025,"mcpPosition":[49.7195,313.139,81.5952],"pipPosition":[47.6219,305.686,32.2951],"stabilizedTipPosition":[-16.48,287.806,145.846],"timeVisible":0.388584,"tipPosition":[24.652,271.297,2.71361],"tipVelocity":[103.492,-26.2213,-216.529],"tool":false,"touchDistance":-0.577806,"touchZone":"hovering","type":0,"width":20.2446},{"bases":[[[-0.772236,-0.63392,-0.0423882],[-0.600736,0.706837,0.373494],[0.206804,-0.31389,0.926664]],[[-0.710471,-0.686229,0.155951],[-0.67566,0.727136,0.121478],[0.196759,0.0190635,0.980267]],[[-0.710471,-0.686229,0.155951],[-0.700658,0.669113,-0.247722],[-0.0656453,0.285268,0.956197]],[[-0.710471,-0.686229,0.155951],[-0.656202,0.565962,-0.499086],[-0.254225,0.456921,0.852404]]],"btipPosition":[10.7487,331.103,-64.7497],"carpPosition":[28.4814,323.533,83.1753],"dipPosition":[6.40628,338.908,-50.1897],"direction":[0.0656453,-0.285268,-0.956197],"extended":true,"handId":620,"id":6201,"length":58.7918,"mcpPosition":[13.271,346.62,15.0192],"pipPosition":[4.82003,345.801,-27.0842],"stabilizedTipPosition":[-49.7797,348.294,125.585],"timeVisible":0.388584,"tipPosition":[9.09899,333.709,-61.0448],"tipVelocity":[50.8452,-10.7529,-243.161],"tool":false,"touchDistance":-0.638192,"touchZone":"hovering","type":1,"width":19.3376},{"bases":[[[-0.623395,-0.781647,0.0201507],[-0.717957,0.582426,0.381205],[0.309704,-0.223174,0.924271]],[[-0.625196,-0.780329,0.0147438],[-0.460585,0.353636,-0.814127],[-0.630073,0.51578,0.5805]],[[-0.625196,-0.780329,0.0147438],[0.397065,-0.334276,-0.854751],[-0.671915,0.528532,-0.518829]],[[-0.625196,-0.780329,0.0147438],[0.680586,-0.554334,-0.479078],[-0.382012,0.289483,-0.877648]]],"btipPosition":[52.9719,287.449,21.5468],"carpPosition":[17.9333,317.201,82.749],"dipPosition":[45.7951,292.888,5.05846],"direction":[0.671915,-0.528532,0.518829],"extended":false,"handId":620,"id":6202,"length":66.9886,"mcpPosition":[-3.66837,332.768,18.2816],"pipPosition":[26.6933,307.913,-9.69124],"stabilizedTipPosition":[-7.93194,295.449,211.132],"timeVisible":0.388584,"tipPosition":[51.8138,288.312,18.0158],"tipVelocity":[78.9138,39.0542,-262.019],"tool":false,"touchDistance":0.333333,"touchZone":"none","type":2,"width":18.9921},{"bases":[[[-0.515116,-0.847637,0.127151],[-0.750422,0.517682,0.41094],[0.414151,-0.116265,0.902752]],[[-0.521159,-0.845833,0.113844],[-0.620409,0.283861,-0.731106],[-0.586078,0.451652,0.672699]],[[-0.521159,-0.845833,0.113844],[0.277137,-0.293882,-0.914783],[-0.80721,0.445197,-0.387571]],[[-0.521159,-0.845833,0.113844],[0.654632,-0.481758,-0.582551],[-0.547586,0.229076,-0.804782]]],"btipPosition":[42.2412,278.854,21.7652],"carpPosition":[9.41423,308.356,82.5803],"dipPosition":[32.0128,283.133,6.73272],"direction":[0.80721,-0.445197,0.387571],"extended":false,"handId":620,"id":6203,"length":64.4113,"mcpPosition":[-16.5213,315.637,26.047],"pipPosition":[9.65743,295.462,-4.00091],"stabilizedTipPosition":[-22.5062,291.479,223.437],"timeVisible":0.388584,"tipPosition":[40.4971,279.55,19.1233],"tipVelocity":[80.9303,28.5505,-247.17],"tool":false,"touchDistance":0.333333,"touchZone":"none","type":3,"width":18.0722},{"bases":[[[-0.332601,-0.929202,0.161121],[-0.781849,0.367222,0.503845],[0.527341,-0.0416069,0.848634]],[[-0.305806,-0.93012,0.203369],[-0.797347,0.133461,-0.588579],[-0.520308,0.342147,0.782442]],[[-0.305806,-0.93012,0.203369],[0.121943,-0.250106,-0.960509],[-0.944252,0.26893,-0.189906]],[[-0.305806,-0.93012,0.203369],[0.598626,-0.353936,-0.718594],[-0.740358,0.0980082,-0.66503]]],"btipPosition":[25.1904,277.889,20.3351],"carpPosition":[6.1459,294.519,82.0161],"dipPosition":[12.4324,279.578,8.87515],"direction":[0.944252,-0.26893,0.189906],"extended":false,"handId":620,"id":6204,"length":50.4973,"mcpPosition":[-24.4239,296.931,32.8209],"pipPosition":[-6.03116,284.836,5.1618],"stabilizedTipPosition":[-40.704,291.463,219.348],"timeVisible":0.388584,"tipPosition":[22.581,278.091,17.0458],"tipVelocity":[83.2016,6.92419,-235.888],"tool":false,"touchDistance":0.333333,"touchZone":"none","type":4,"width":16.0532}],"r":[[0.983269,0.0264033,-0.180234],[-0.00552968,0.99331,0.115347],[0.182074,-0.112421,0.976837]],"s":0.859897,"t":[72.2344,-16.2787,-199.032],"timestamp":522915649611},false],[1,{"currentFrameRate":99.8775,"devices":[],"gestures":[],"hands":[{"armBasis":[[-0.714108,-0.651642,-0.255758],[-0.691389,0.713776,0.111825],[-0.109684,-0.256683,0.960252]],"armWidth":63.703,"confidence":0.673803,"direction":[-0.421598,0.300604,-0.855507],"elbow":[-7.09065,232.106,344.536],"grabStrength":0,"id":620,"palmNormal":[0.568445,-0.647445,-0.507628],"palmPosition":[7.59495,320.161,36.1818],"palmVelocity":[60.2523,-8.58038,-222.913],"palmWidth":90.9658,"pinchStrength":1,"r":[[0.983017,0.0329545,-0.180534],[-0.0121115,0.99325,0.115359],[0.183117,-0.111213,0.97678]],"s":0.859979,"sphereCenter":[24.7826,296.75,0.565768],"sphereRadius":41.5616,"stabilizedPalmPosition":[-55.5993,334.741,215.75],"t":[72.7326,-16.3948,-200.939],"timeVisible":0.397795,"type":"left","wrist":[22.5162,301.392,85.3372]}],"id":4214392,"interactionBox":{"center":[0,200,0],"size":[235.247,235.247,147.751]},"pointables":[{"bases":[[[-0.874989,0.355941,0.328178],[0.478896,0.735847,0.478736],[0.0710866,-0.576051,0.814317]],[[-0.821137,0.568342,-0.0521645],[0.569224,0.808904,-0.147166],[0.0414443,0.150536,0.987735]],[[-0.821137,0.568342,-0.0521645],[0.407788,0.520301,-0.75033],[0.399303,0.637396,0.659002]],[[-0.821137,0.568342,-0.0521645],[0.245246,0.26884,-0.93144],[0.515352,0.777633,0.360138]]],"btipPosition":[22.4943,265.899,-0.307995],"carpPosition":[50.2313,313.333,79.8736],"dipPosition":[34.5522,284.094,8.11828],"direction":[-0.399303,-0.637396,-0.659002],"extended":false,"handId":620,"id":6200,"length":52.1025,"mcpPosition":[50.2313,313.333,79.8736],"pipPosition":[48.1631,305.82,30.5813],"stabilizedTipPosition":[-16.3829,287.764,145.511],"timeVisible":0.397795,"tipPosition":[25.4367,271.216,1.05256],"tipVelocity":[98.3098,-20.8182,-206.408],"tool":false,"touchDistance":-0.573282,"touchZone":"hovering","type":0,"width":20.2446},{"bases":[[[-0.767246,-0.639909,-0.0430062],[-0.606211,0.701683,0.374365],[0.209383,-0.313301,0.926284]],[[-0.704941,-0.692004,0.155528],[-0.681722,0.721589,0.120678],[0.195737,0.0209562,0.980433]],[[-0.704941,-0.692004,0.155528],[-0.706166,0.664299,-0.245021],[-0.0662386,0.282554,0.956962]],[[-0.704941,-0.692004,0.155528],[-0.662065,0.563356,-0.494267],[-0.254417,0.451399,0.855284]]],"btipPosition":[11.0518,331.163,-66.5038],"carpPosition":[28.9126,323.558,81.468],"dipPosition":[6.70604,338.873,-51.8946],"direction":[0.0662386,-0.282554,-0.956962],"extended":true,"handId":620,"id":6201,"length":58.7918,"mcpPosition":[13.5125,346.601,13.3398],"pipPosition":[5.10546,345.701,-28.7707],"stabilizedTipPosition":[-49.7744,348.292,125.568],"timeVisible":0.397795,"tipPosition":[9.43215,333.715,-62.778],"tipVelocity":[45.7974,-6.57835,-228.053],"tool":false,"touchDistance":-0.628848,"touchZone":"hovering","type":1,"width":19.3376},{"bases":[[[-0.617243,-0.786535,0.0193478],[-0.722452,0.576348,0.38195],[0.311568,-0.221778,0.92398]],[[-0.618887,-0.785347,0.0144445],[-0.46502,0.351511,-0.812525],[-0.633036,0.509578,0.582748]],[[-0.618887,-0.785347,0.0144445],[0.400477,-0.331306,-0.854315],[-0.67572,0.52294,-0.519554]],[[-0.618887,-0.785347,0.0144445],[0.686297,-0.549593,-0.476386],[-0.382067,0.284916,-0.879118]]],"btipPosition":[53.575,287.838,19.7939],"carpPosition":[18.4144,317.144,81.0359],"dipPosition":[46.3971,293.191,3.27793],"direction":[0.67572,-0.52294,0.519554],"extended":false,"handId":620,"id":6202,"length":66.9886,"mcpPosition":[-3.31724,332.613,16.5888],"pipPosition":[27.1872,308.057,-11.4924],"stabilizedTipPosition":[-7.9209,295.447,211.096],"timeVisible":0.397795,"tipPosition":[52.4269,288.671,16.2453],"tipVelocity":[75.1447,39.3413,-242.131],"tool":false,"touchDistance":0.333333,"touchZone":"none","type":2,"width":18.9921},{"bases":[[[-0.508436,-0.851793,0.12626],[-0.754405,0.511317,0.411616],[0.415171,-0.114029,0.902569]],[[-0.514536,-0.850009,0.112863],[-0.626248,0.282609,-0.726599],[-0.585719,0.444541,0.677729]],[[-0.514536,-0.850009,0.112863],[0.280159,-0.29105,-0.914768],[-0.81041,0.439061,-0.387893]],[[-0.514536,-0.850009,0.112863],[0.661704,-0.477321,-0.578198],[-0.545345,0.222821,-0.808053]]],"btipPosition":[42.7588,279.194,19.9001],"carpPosition":[9.96496,308.232,80.8583],"dipPosition":[32.5723,283.357,4.80646],"direction":[0.81041,-0.439061,0.387893],"extended":false,"handId":620,"id":6203,"length":64.4113,"mcpPosition":[-16.0344,315.373,24.3365],"pipPosition":[10.1283,295.516,-5.9361],"stabilizedTipPosition":[-22.4937,291.477,223.396],"timeVisible":0.397795,"tipPosition":[41.062,279.847,17.2242],"tipVelocity":[74.2975,30.095,-235.087],"tool":false,"touchDistance":0.333333,"touchZone":"none","type":3,"width":18.0722},{"bases":[[[-0.325281,-0.931963,0.160116],[-0.784638,0.360511,0.504355],[0.527764,-0.0384245,0.848522]],[[-0.299675,-0.932734,0.200504],[-0.800946,0.131783,-0.584054],[-0.518344,0.335619,0.786562]],[[-0.299675,-0.932734,0.200504],[0.124714,-0.246658,-0.961044],[-0.945855,0.262995,-0.190242]],[[-0.299675,-0.932734,0.200504],[0.605505,-0.348357,-0.715549],[-0.737264,0.0930261,-0.66917]]],"btipPosition":[25.7337,277.989,18.5368],"carpPosition":[6.80518,294.371,80.2789],"dipPosition":[13.0291,279.592,7.00549],"direction":[0.945855,-0.262995,0.190242],"extended":false,"handId":620,"id":6204,"length":50.4973,"mcpPosition":[-23.7892,296.598,31.0904],"pipPosition":[-5.4658,284.734,3.28557],"stabilizedTipPosition":[-40.6838,291.459,219.283],"timeVisible":0.397795,"tipPosition":[23.1951,278.179,15.2998],"tipVelocity":[76.795,7.42225,-225.003],"tool":false,"touchDistance":0.333333,"touchZone":"none","type":4,"width":16.0532}],"r":[[0.983017,0.0329545,-0.180534],[-0.0121115,0.99325,0.115359],[0.183117,-0.111213,0.97678]],"s":0.859979,"t":[72.7326,-16.3948,-200.939],"timestamp":522915658822},false],[2,{"currentFrameRate":100.43,"devices":[],"gestures":[],"hands":[{"armBasis":[[-0.710375,-0.655181,-0.257109],[-0.695253,0.710061,0.111517],[-0.1095,-0.257975,0.959926]],"armWidth":63.703,"confidence":0.651834,"direction":[-0.421837,0.298703,-0.856055],"elbow":[-6.7857,231.861,343.167],"grabStrength":0,"id":620,"palmNormal":[0.572659,-0.644231,-0.506979],"palmPosition":[7.82832,320.204,34.8848],"palmVelocity":[51.0283,-4.92644,-202.045],"palmWidth":90.9658,"pinchStrength":1,"r":[[0.982799,0.0392478,-0.180462],[-0.0184635,0.993143,0.115442],[0.183755,-0.110124,0.976784]],"s":0.860264,"sphereCenter":[25.2211,296.919,-0.724055],"sphereRadius":41.5613,"stabilizedPalmPosition":[-55.5865,334.738,215.714],"t":[73.0984,-16.4312,-202.541],"timeVisible":0.406676,"type":"left","wrist":[22.7714,301.495,84.0564]}],"id":4214393,"interactionBox":{"center":[0,200,0],"size":[235.247,235.247,147.751]},"pointables":[{"bases":[[[-0.877374,0.351181,0.326936],[0.474244,0.738183,0.479769],[0.072853,-0.575984,0.814208]],[[-0.824153,0.563887,-0.0529477],[0.564935,0.811825,-0.14761],[0.040251,0.151565,0.987627]],[[-0.824153,0.563887,-0.0529477],[0.40566,0.522474,-0.749974],[0.395237,0.639572,0.659344]],[[-0.824153,0.563887,-0.0529477],[0.243485,0.268351,-0.932042],[0.511358,0.781037,0.35846]]],"btipPosition":[22.9861,265.946,-1.50767],"carpPosition":[50.4315,313.585,78.641],"dipPosition":[34.9505,284.22,6.87935],"direction":[-0.395237,-0.639572,-0.659344],"extended":false,"handId":620,"id":6200,"length":52.1025,"mcpPosition":[50.4315,313.585,78.641],"pipPosition":[48.4228,306.021,29.3541],"stabilizedTipPosition":[-16.2833,287.723,145.168],"timeVisible":0.406676,"tipPosition":[25.924,271.253,-0.152886],"tipVelocity":[85.9953,-13.1757,-187.319],"tool":false,"touchDistance":-0.562417,"touchZone":"hovering","type":0,"width":20.2446},{"bases":[[[-0.763782,-0.643942,-0.0444572],[-0.610502,0.698321,0.373677],[0.209581,-0.312549,0.926493]],[[-0.701446,-0.695814,0.154323],[-0.686078,0.717855,0.11824],[0.193055,0.0229385,0.98092]],[[-0.701446,-0.695814,0.154323],[-0.709505,0.661163,-0.243858],[-0.0676469,0.280546,0.957454]],[[-0.701446,-0.695814,0.154323],[-0.665645,0.562184,-0.490781],[-0.254734,0.446981,0.857507]]],"btipPosition":[11.3357,331.285,-67.8522],"carpPosition":[29.0565,323.696,80.2057],"dipPosition":[6.98458,338.92,-53.2051],"direction":[0.0676469,-0.280546,-0.957454],"extended":true,"handId":620,"id":6201,"length":58.7918,"mcpPosition":[13.6419,346.684,12.0622],"pipPosition":[5.34996,345.699,-30.0693],"stabilizedTipPosition":[-49.77,348.291,125.554],"timeVisible":0.406676,"tipPosition":[9.74737,333.785,-64.1092],"tipVelocity":[42.0061,-1.59401,-207.093],"tool":false,"touchDistance":-0.614392,"touchZone":"hovering","type":1,"width":19.3376},{"bases":[[[-0.613103,-0.789796,0.018077],[-0.72609,0.57237,0.381032],[0.311284,-0.220486,0.924385]],[[-0.614505,-0.788791,0.0138955],[-0.467242,0.349698,-0.812032],[-0.635664,0.50549,0.583448]],[[-0.614505,-0.788791,0.0138955],[0.405408,-0.330844,-0.852166],[-0.676778,0.518026,-0.523088]],[[-0.614505,-0.788791,0.0138955],[0.69216,-0.547509,-0.470263],[-0.378547,0.279361,-0.882417]]],"btipPosition":[53.8641,288.272,18.6131],"carpPosition":[18.5931,317.227,79.7546],"dipPosition":[46.7523,293.521,2.03518],"direction":[0.676778,-0.518026,0.523088],"extended":false,"handId":620,"id":6202,"length":66.9886,"mcpPosition":[-3.11878,332.606,15.2793],"pipPosition":[27.5123,308.248,-12.8356],"stabilizedTipPosition":[-7.90915,295.446,211.057],"timeVisible":0.406676,"tipPosition":[52.7472,289.063,15.0176],"tipVelocity":[64.0444,41.1969,-212.926],"tool":false,"touchDistance":0.333333,"touchZone":"none","type":2,"width":18.9921},{"bases":[[[-0.50412,-0.85452,0.125135],[-0.757745,0.50716,0.410623],[0.414349,-0.112183,0.903178]],[[-0.510166,-0.852775,0.111824],[-0.627812,0.280369,-0.726117],[-0.587863,0.440645,0.678417]],[[-0.510166,-0.852775,0.111824],[0.285522,-0.290566,-0.913263],[-0.8113,0.433988,-0.391723]],[[-0.510166,-0.852775,0.111824],[0.668325,-0.474898,-0.57255],[-0.541362,0.217362,-0.812208]]],"btipPosition":[43.0825,279.534,18.717],"carpPosition":[10.1912,308.271,79.5604],"dipPosition":[32.9704,283.594,3.54571],"direction":[0.8113,-0.433988,0.391723],"extended":false,"handId":620,"id":6203,"length":64.4113,"mcpPosition":[-15.7567,315.296,23.0004],"pipPosition":[10.5018,295.613,-7.30291],"stabilizedTipPosition":[-22.4807,291.474,223.353],"timeVisible":0.406676,"tipPosition":[41.4122,280.151,15.9517],"tipVelocity":[64.5439,31.5872,-207.976],"tool":false,"touchDistance":0.333333,"touchZone":"none","type":3,"width":18.0722},{"bases":[[[-0.320598,-0.933733,0.159249],[-0.787326,0.35616,0.503257],[0.526626,-0.0359625,0.849336]],[[-0.296037,-0.934399,0.198145],[-0.803403,0.131381,-0.580761],[-0.51663,0.331117,0.789592]],[[-0.296037,-0.934399,0.198145],[0.128481,-0.244512,-0.961096],[-0.946496,0.259062,-0.192437]],[[-0.296037,-0.934399,0.198145],[0.612851,-0.344924,-0.710944],[-0.73265,0.0890322,-0.674757]]],"btipPosition":[25.9727,278.173,17.2134],"carpPosition":[7.10569,294.393,78.9707],"dipPosition":[13.3475,279.707,5.58587],"direction":[0.946496,-0.259062,0.192437],"extended":false,"handId":620,"id":6204,"length":50.4973,"mcpPosition":[-23.4227,296.478,29.7349],"pipPosition":[-5.15991,284.773,1.82303],"stabilizedTipPosition":[-40.6654,291.455,219.224],"timeVisible":0.406676,"tipPosition":[23.5091,278.351,14.0191],"tipVelocity":[63.8085,10.5637,-205.048],"tool":false,"touchDistance":0.333333,"touchZone":"none","type":4,"width":16.0532}],"r":[[0.982799,0.0392478,-0.180462],[-0.0184635,0.993143,0.115442],[0.183755,-0.110124,0.976784]],"s":0.860264,"t":[73.0984,-16.4312,-202.541],"timestamp":522915667703},false],[3,{"currentFrameRate":100.891,"devices":[],"gestures":[],"hands":[{"armBasis":[[-0.711744,-0.654946,-0.253904],[-0.694509,0.71029,0.114652],[-0.105255,-0.257941,0.96041]],"armWidth":63.703,"confidence":0.655377,"direction":[-0.422803,0.299722,-0.855222],"elbow":[-5.08105,231.507,341.188],"grabStrength":0,"id":620,"palmNormal":[0.571671,-0.644041,-0.508334],"palmPosition":[8.33247,319.895,32.8116],"palmVelocity":[52.3694,-12.9981,-209.702],"palmWidth":90.9658,"pinchStrength":1,"r":[[0.982553,0.0442163,-0.180653],[-0.0234142,0.993008,0.1157],[0.184505,-0.109451,0.976718]],"s":0.860251,"sphereCenter":[25.6966,296.657,-2.87986],"sphereRadius":41.5477,"stabilizedPalmPosition":[-55.5749,334.735,215.681],"t":[73.5333,-16.604,-204.379],"timeVisible":0.415694,"type":"left","wrist":[23.3302,301.132,81.9461]}],"id":4214394,"interactionBox":{"center":[0,200,0],"size":[235.247,235.247,147.751]},"pointables":[{"bases":[[[-0.876769,0.351314,0.328412],[0.475242,0.737492,0.479845],[0.0736251,-0.576788,0.813569]],[[-0.823891,0.564406,-0.0514688],[0.56521,0.811574,-0.147939],[0.0417268,0.150976,0.987656]],[[-0.823891,0.564406,-0.0514688],[0.405073,0.522913,-0.749985],[0.396383,0.638755,0.659449]],[[-0.823891,0.564406,-0.0514688],[0.242189,0.268514,-0.932333],[0.512395,0.780606,0.357919]]],"btipPosition":[23.407,265.641,-3.63506],"carpPosition":[50.9894,313.213,76.5059],"dipPosition":[35.3957,283.905,4.7393],"direction":[-0.396383,-0.638755,-0.659449],"extended":false,"handId":620,"id":6200,"length":52.1025,"mcpPosition":[50.9894,313.213,76.5059],"pipPosition":[48.907,305.678,27.2176],"stabilizedTipPosition":[-16.1883,287.683,144.839],"timeVisible":0.415694,"tipPosition":[26.3486,270.927,-2.27309],"tipVelocity":[75.351,-18.908,-200.772],"tool":false,"touchDistance":-0.566463,"touchZone":"hovering","type":0,"width":20.2446},{"bases":[[[-0.764164,-0.643515,-0.0440665],[-0.609661,0.698276,0.375132],[0.210633,-0.313528,0.925923]],[[-0.701524,-0.695639,0.154759],[-0.685983,0.718008,0.117864],[0.193109,0.0234775,0.980896]],[[-0.701524,-0.695639,0.154759],[-0.709758,0.662478,-0.239516],[-0.0640918,0.277868,0.958479]],[[-0.701524,-0.695639,0.154759],[-0.667777,0.565832,-0.48364],[-0.248871,0.44263,0.861476]]],"btipPosition":[11.635,331.11,-69.9995],"carpPosition":[29.6216,323.334,78.1081],"dipPosition":[7.38405,338.671,-55.2846],"direction":[0.0640918,-0.277868,-0.958479],"extended":true,"handId":620,"id":6201,"length":58.7918,"mcpPosition":[14.1296,346.394,10.0065],"pipPosition":[5.83534,345.385,-32.124],"stabilizedTipPosition":[-49.7663,348.29,125.542],"timeVisible":0.415694,"tipPosition":[10.1179,333.553,-66.2263],"tipVelocity":[40.2842,-7.00244,-215.149],"tool":false,"touchDistance":-0.613262,"touchZone":"hovering","type":1,"width":19.3376},{"bases":[[[-0.613477,-0.789504,0.0181334],[-0.725303,0.572376,0.382519],[0.31238,-0.221515,0.92377]],[[-0.614489,-0.78878,0.0151311],[-0.476202,0.355552,-0.804248],[-0.628995,0.501407,0.594101]],[[-0.614489,-0.78878,0.0151311],[0.400727,-0.328587,-0.855248],[-0.679574,0.519477,-0.517998]],[[-0.614489,-0.78878,0.0151311],[0.692162,-0.548225,-0.469427],[-0.37857,0.277985,-0.882842]]],"btipPosition":[54.1074,288.169,15.916],"carpPosition":[19.1543,316.87,77.6646],"dipPosition":[46.9953,293.391,-0.669972],"direction":[0.679574,-0.519477,0.517998],"extended":false,"handId":620,"id":6202,"length":66.9886,"mcpPosition":[-2.63396,332.321,13.2322],"pipPosition":[27.6758,308.159,-15.3961],"stabilizedTipPosition":[-7.89867,295.445,211.023],"timeVisible":0.415694,"tipPosition":[53.0027,288.93,12.4903],"tipVelocity":[53.8489,26.5206,-236.68],"tool":false,"touchDistance":0.333333,"touchZone":"none","type":2,"width":18.9921},{"bases":[[[-0.504388,-0.854383,0.124988],[-0.756952,0.507154,0.41209],[0.415471,-0.113243,0.90253]],[[-0.510423,-0.852632,0.111746],[-0.630367,0.282606,-0.723029],[-0.584897,0.439492,0.68172]],[[-0.510423,-0.852632,0.111746],[0.286388,-0.29108,-0.912827],[-0.810833,0.433926,-0.392758]],[[-0.510423,-0.852632,0.111746],[0.670737,-0.476072,-0.568742],[-0.538127,0.215347,-0.81489]]],"btipPosition":[43.3629,279.339,16.6013],"carpPosition":[10.7476,307.918,77.4729],"dipPosition":[33.3112,283.361,1.37994],"direction":[0.810833,-0.433926,0.392758],"extended":false,"handId":620,"id":6203,"length":64.4113,"mcpPosition":[-15.2705,315.01,20.9535],"pipPosition":[10.8555,295.379,-9.49734],"stabilizedTipPosition":[-22.4688,291.472,223.314],"timeVisible":0.415694,"tipPosition":[41.7237,279.93,13.7657],"tipVelocity":[55.7662,16.6833,-215.652],"tool":false,"touchDistance":0.333333,"touchZone":"none","type":3,"width":18.0722},{"bases":[[[-0.320861,-0.933721,0.158787],[-0.786489,0.356082,0.50462],[0.527716,-0.0370287,0.848614]],[[-0.297332,-0.934446,0.195971],[-0.805265,0.135156,-0.577305],[-0.512973,0.32946,0.792663]],[[-0.297332,-0.934446,0.195971],[0.129798,-0.242909,-0.961326],[-0.94591,0.260396,-0.193514]],[[-0.297332,-0.934446,0.195971],[0.616457,-0.344625,-0.707965],[-0.729091,0.0896929,-0.678514]]],"btipPosition":[26.2561,277.906,15.136],"carpPosition":[7.65436,294.043,76.8742],"dipPosition":[13.6922,279.451,3.44371],"direction":[0.94591,-0.260396,0.193514],"extended":false,"handId":620,"id":6204,"length":50.4973,"mcpPosition":[-22.9372,296.189,27.6803],"pipPosition":[-4.80369,284.543,-0.340178],"stabilizedTipPosition":[-40.6493,291.452,219.172],"timeVisible":0.415694,"tipPosition":[23.8365,278.086,11.9427],"tipVelocity":[55.3332,-0.416345,-212.465],"tool":false,"touchDistance":0.333333,"touchZone":"none","type":4,"width":16.0532}],"r":[[0.982553,0.0442163,-0.180653],[-0.0234142,0.993008,0.1157],[0.184505,-0.109451,0.976718]],"s":0.860251,"t":[73.5333,-16.604,-204.379],"timestamp":522915676721},false],[4,{"currentFrameRate":101.296,"devices":[],"gestures":[],"hands":[{"armBasis":[[-0.706595,-0.660288,-0.254446],[-0.699574,0.705904,0.11089],[-0.106395,-0.256358,0.960708]],"armWidth":63.703,"confidence":0.660837,"direction":[-0.426895,0.297367,-0.85401],"elbow":[-4.53778,231.762,339.693],"grabStrength":0,"id":620,"palmNormal":[0.5744,-0.640239,-0.510058],"palmPosition":[8.93845,319.647,31.2828],"palmVelocity":[56.3279,-16.9701,-198.206],"palmWidth":90.9658,"pinchStrength":1,"r":[[0.982183,0.0494416,-0.181309],[-0.0285655,0.992839,0.115995],[0.185746,-0.108749,0.976561]],"s":0.860173,"sphereCenter":[26.3754,296.547,-4.48877],"sphereRadius":41.5369,"stabilizedPalmPosition":[-55.5635,334.733,215.648],"t":[74.0538,-16.8146,-206.062],"timeVisible":0.424784,"type":"left","wrist":[24.1812,300.961,80.3711]}],"id":4214395,"interactionBox":{"center":[0,200,0],"size":[235.247,235.247,147.751]},"pointables":[{"bases":[[[-0.878112,0.345661,0.330813],[0.471827,0.740295,0.478898],[0.0793629,-0.576613,0.813154]],[[-0.827591,0.559186,-0.0490366],[0.559646,0.815184,-0.149234],[0.0434755,0.150947,0.987585]],[[-0.827591,0.559186,-0.0490366],[0.399837,0.525926,-0.750688],[0.393985,0.640869,0.658835]],[[-0.827591,0.559186,-0.0490366],[0.23795,0.270356,-0.932892],[0.508403,0.783721,0.356802]]],"btipPosition":[24.2551,265.502,-5.22628],"carpPosition":[51.7495,313.217,74.8641],"dipPosition":[36.1504,283.839,3.12195],"direction":[-0.393985,-0.640869,-0.658835],"extended":false,"handId":620,"id":6200,"length":52.1025,"mcpPosition":[51.7495,313.217,74.8641],"pipPosition":[49.5799,305.684,25.5793],"stabilizedTipPosition":[-16.0928,287.643,144.511],"timeVisible":0.424784,"tipPosition":[27.1669,270.794,-3.86293],"tipVelocity":[79.6652,-17.4024,-193.833],"tool":false,"touchDistance":-0.562109,"touchZone":"hovering","type":0,"width":20.2446},{"bases":[[[-0.760206,-0.648301,-0.0423382],[-0.613076,0.694282,0.376976],[0.214999,-0.312536,0.925255]],[[-0.696648,-0.700137,0.156492],[-0.690605,0.71354,0.118004],[0.194282,0.0258667,0.980605]],[[-0.696648,-0.700137,0.156492],[-0.714782,0.658717,-0.234899],[-0.0613777,0.2755,0.95934]],[[-0.696648,-0.700137,0.156492],[-0.674207,0.564371,-0.476372],[-0.245206,0.437372,0.865205]]],"btipPosition":[11.8363,330.951,-71.605],"carpPosition":[30.3226,323.203,76.5254],"dipPosition":[7.64796,338.421,-56.8264],"direction":[0.0613777,-0.2755,-0.95934],"extended":true,"handId":620,"id":6201,"length":58.7918,"mcpPosition":[14.5094,346.19,8.47295],"pipPosition":[6.16483,345.079,-33.645],"stabilizedTipPosition":[-49.7632,348.289,125.532],"timeVisible":0.424784,"tipPosition":[10.3717,333.335,-67.8047],"tipVelocity":[35.7,-10.5583,-204.034],"tool":false,"touchDistance":-0.604131,"touchZone":"hovering","type":1,"width":19.3376},{"bases":[[[-0.608442,-0.793361,0.0194156],[-0.727903,0.567653,0.384613],[0.316159,-0.219882,0.922874]],[[-0.609161,-0.792857,0.0173104],[-0.486962,0.356732,-0.797252],[-0.625932,0.494085,0.603398]],[[-0.609161,-0.792857,0.0173104],[0.39848,-0.324883,-0.857709],[-0.685664,0.515585,-0.513844]],[[-0.609161,-0.792857,0.0173104],[0.695656,-0.544706,-0.468358],[-0.38077,0.273263,-0.883369]]],"btipPosition":[54.6516,288.41,13.8642],"carpPosition":[19.8952,316.673,76.1065],"dipPosition":[47.4981,293.544,-2.73168],"direction":[0.685664,-0.515585,0.513844],"extended":false,"handId":620,"id":6202,"length":66.9886,"mcpPosition":[-2.15668,332.01,11.7366],"pipPosition":[28.0054,308.201,-17.3397],"stabilizedTipPosition":[-7.88916,295.444,210.991],"timeVisible":0.424784,"tipPosition":[53.5532,289.138,10.5394],"tipVelocity":[55.2246,25.9128,-233.715],"tool":false,"touchDistance":0.333333,"touchZone":"none","type":2,"width":18.9921},{"bases":[[[-0.49867,-0.857591,0.125963],[-0.759064,0.502222,0.414241],[0.418511,-0.110955,0.901409]],[[-0.504734,-0.855877,0.112772],[-0.634733,0.279391,-0.720455],[-0.585113,0.435219,0.684271]],[[-0.504734,-0.855877,0.112772],[0.290498,-0.291406,-0.911424],[-0.812929,0.427267,-0.395713]],[[-0.504734,-0.855877,0.112772],[0.677275,-0.473594,-0.563034],[-0.535296,0.207805,-0.818703]]],"btipPosition":[43.9843,279.462,15.1708],"carpPosition":[11.5446,307.669,75.9331],"dipPosition":[33.9855,283.344,-0.121826],"direction":[0.812929,-0.427267,0.395713],"extended":false,"handId":620,"id":6203,"length":64.4113,"mcpPosition":[-14.6639,314.617,19.4839],"pipPosition":[11.4717,295.177,-11.081],"stabilizedTipPosition":[-22.4569,291.47,223.274],"timeVisible":0.424784,"tipPosition":[42.3688,280.005,12.1962],"tipVelocity":[59.6258,14.8349,-200.014],"tool":false,"touchDistance":0.333333,"touchZone":"none","type":3,"width":18.0722},{"bases":[[[-0.31456,-0.935783,0.159257],[-0.787408,0.350933,0.506789],[0.530133,-0.0340153,0.847232]],[[-0.291812,-0.936384,0.195017],[-0.809095,0.132923,-0.572448],[-0.510109,0.324834,0.796412]],[[-0.291812,-0.936384,0.195017],[0.131093,-0.241122,-0.9616],[-0.947449,0.255041,-0.193115]],[[-0.291812,-0.936384,0.195017],[0.621307,-0.34059,-0.705674],[-0.727203,0.0847591,-0.68117]]],"btipPosition":[26.8952,277.816,13.5844],"carpPosition":[8.53727,293.774,75.337],"dipPosition":[14.3639,279.276,1.84633],"direction":[0.947449,-0.255041,0.193115],"extended":false,"handId":620,"id":6204,"length":50.4973,"mcpPosition":[-22.1944,295.746,26.2232],"pipPosition":[-4.16216,284.263,-1.92977],"stabilizedTipPosition":[-40.6343,291.449,219.124],"timeVisible":0.424784,"tipPosition":[24.5151,277.977,10.4023],"tipVelocity":[59.7072,-3.63802,-201.219],"tool":false,"touchDistance":0.333333,"touchZone":"none","type":4,"width":16.0532}],"r":[[0.982183,0.0494416,-0.181309],[-0.0285655,0.992839,0.115995],[0.185746,-0.108749,0.976561]],"s":0.860173,"t":[74.0538,-16.8146,-206.062],"timestamp":522915685811},false],[5,{"currentFrameRate":101.728,"devices":[],"gestures":[],"hands":[{"armBasis":[[-0.703452,-0.663119,-0.255791],[-0.703028,0.702074,0.113328],[-0.104434,-0.259549,0.960067]],"armWidth":63.703,"confidence":0.669604,"direction":[-0.429111,0.293313,-0.854302],"elbow":[-3.46122,231.156,338.142],"grabStrength":0,"id":620,"palmNormal":[0.577752,-0.637891,-0.509213],"palmPosition":[9.34902,319.722,29.8791],"palmVelocity":[53.3859,-10.004,-186.604],"palmWidth":90.9658,"pinchStrength":1,"r":[[0.981782,0.0546784,-0.181973],[-0.0338101,0.992689,0.115866],[0.186978,-0.107603,0.976453]],"s":0.860384,"sphereCenter":[26.9335,296.697,-5.88263],"sphereRadius":41.5321,"stabilizedPalmPosition":[-55.5527,334.73,215.617],"t":[74.5193,-16.8821,-207.605],"timeVisible":0.433785,"type":"left","wrist":[24.7285,301.216,78.9928]}],"id":4214396,"interactionBox":{"center":[0,200,0],"size":[235.247,235.247,147.751]},"pointables":[{"bases":[[[-0.879879,0.341241,0.330707],[0.467864,0.743885,0.47722],[0.0831609,-0.574622,0.814183]],[[-0.830953,0.554166,-0.0491657],[0.554481,0.817708,-0.15461],[0.0454767,0.155735,0.986751]],[[-0.830953,0.554166,-0.0491657],[0.394575,0.52473,-0.7543],[0.392209,0.646188,0.654686]],[[-0.830953,0.554166,-0.0491657],[0.230074,0.261832,-0.937289],[0.506541,0.790154,0.345069]]],"btipPosition":[24.7325,265.334,-6.18694],"carpPosition":[52.2227,313.62,73.4459],"dipPosition":[36.5842,283.822,1.88676],"direction":[-0.392209,-0.646188,-0.654686],"extended":false,"handId":620,"id":6200,"length":52.1025,"mcpPosition":[52.2227,313.62,73.4459],"pipPosition":[49.9532,305.848,24.2027],"stabilizedTipPosition":[-15.9985,287.604,144.189],"timeVisible":0.433785,"tipPosition":[27.6901,270.656,-4.94223],"tipVelocity":[72.047,-16.6892,-171.84],"tool":false,"touchDistance":-0.549588,"touchZone":"hovering","type":0,"width":20.2446},{"bases":[[[-0.756502,-0.652727,-0.0406554],[-0.616818,0.691461,0.376054],[0.217349,-0.309562,0.925706]],[[-0.692429,-0.703867,0.158472],[-0.694997,0.709689,0.115419],[0.193705,0.0302183,0.980594]],[[-0.692429,-0.703867,0.158472],[-0.718903,0.65453,-0.234028],[-0.0609997,0.275973,0.959228]],[[-0.692429,-0.703867,0.158472],[-0.678935,0.561363,-0.473201],[-0.24411,0.43525,0.866584]]],"btipPosition":[12.0777,330.853,-73.0823],"carpPosition":[30.7399,323.486,75.1017],"dipPosition":[7.90808,338.287,-58.2801],"direction":[0.0609997,-0.275973,-0.959228],"extended":true,"handId":620,"id":6201,"length":58.7918,"mcpPosition":[14.7539,346.254,7.01609],"pipPosition":[6.43408,344.956,-35.1014],"stabilizedTipPosition":[-49.7607,348.289,125.524],"timeVisible":0.433785,"tipPosition":[10.6417,333.208,-69.2717],"tipVelocity":[33.3928,-10.8985,-192.908],"tool":false,"touchDistance":-0.594129,"touchZone":"hovering","type":1,"width":19.3376},{"bases":[[[-0.603871,-0.796798,0.0212763],[-0.730912,0.564191,0.383999],[0.317974,-0.216335,0.923088]],[[-0.604346,-0.796473,0.019894],[-0.494926,0.355737,-0.792779],[-0.624351,0.488959,0.609184]],[[-0.604346,-0.796473,0.019894],[0.398272,-0.323637,-0.858276],[-0.690033,0.510773,-0.512802]],[[-0.604346,-0.796473,0.019894],[0.699767,-0.542575,-0.464692],[-0.380909,0.266914,-0.885249]]],"btipPosition":[55.0302,288.888,12.171],"carpPosition":[20.3498,316.896,74.7015],"dipPosition":[47.8741,293.903,-4.46014],"direction":[0.690033,-0.510773,0.512802],"extended":false,"handId":620,"id":6202,"length":66.9886,"mcpPosition":[-1.82866,331.985,10.3166],"pipPosition":[28.2573,308.423,-19.0385],"stabilizedTipPosition":[-7.88038,295.444,210.962],"timeVisible":0.433785,"tipPosition":[53.9456,289.58,8.9117],"tipVelocity":[51.5923,32.5483,-221.438],"tool":false,"touchDistance":0.333333,"touchZone":"none","type":2,"width":18.9921},{"bases":[[[-0.493667,-0.860198,0.127876],[-0.76168,0.498638,0.413768],[0.419686,-0.106863,0.901357]],[[-0.499788,-0.858533,0.114601],[-0.637246,0.274862,-0.719978],[-0.586625,0.432866,0.684469]],[[-0.499788,-0.858533,0.114601],[0.295999,-0.293643,-0.908933],[-0.814,0.420352,-0.400884]],[[-0.499788,-0.858533,0.114601],[0.68421,-0.472465,-0.555548],[-0.531101,0.199245,-0.823549]]],"btipPosition":[44.4358,279.837,14.0159],"carpPosition":[12.0509,307.843,74.55],"dipPosition":[34.5153,283.559,-1.36723],"direction":[0.814,-0.420352,0.400884],"extended":false,"handId":620,"id":6203,"length":64.4113,"mcpPosition":[-14.2313,314.535,18.1041],"pipPosition":[11.9719,295.2,-12.4696],"stabilizedTipPosition":[-22.4446,291.468,223.234],"timeVisible":0.433785,"tipPosition":[42.843,280.335,10.9129],"tipVelocity":[57.5759,21.0707,-180.957],"tool":false,"touchDistance":0.333333,"touchZone":"none","type":3,"width":18.0722},{"bases":[[[-0.309092,-0.93727,0.161203],[-0.7891,0.347363,0.506617],[0.530833,-0.0293863,0.846967]],[[-0.287101,-0.937688,0.195743],[-0.81128,0.129375,-0.570164],[-0.509311,0.322496,0.797871]],[[-0.287101,-0.937688,0.195743],[0.134968,-0.241906,-0.960867],[-0.948344,0.249446,-0.196009]],[[-0.287101,-0.937688,0.195743],[0.627771,-0.33853,-0.700929],[-0.723517,0.0783557,-0.685845]]],"btipPosition":[27.366,278.006,12.3301],"carpPosition":[9.12291,293.931,73.9819],"dipPosition":[14.8982,279.357,0.511522],"direction":[0.948344,-0.249446,0.196009],"extended":false,"handId":620,"id":6204,"length":50.4973,"mcpPosition":[-21.6493,295.634,24.8834],"pipPosition":[-3.64529,284.234,-3.32116],"stabilizedTipPosition":[-40.6199,291.446,219.078],"timeVisible":0.433785,"tipPosition":[25.0252,278.14,9.13453],"tipVelocity":[58.1223,2.39656,-184.793],"tool":false,"touchDistance":0.333333,"touchZone":"none","type":4,"width":16.0532}],"r":[[0.981782,0.0546784,-0.181973],[-0.0338101,0.992689,0.115866],[0.186978,-0.107603,0.976453]],"s":0.860384,"t":[74.5193,-16.8821,-207.605],"timestamp":522915694812},false],[6,{"currentFrameRate":102.032,"devices":[],"gestures":[],"hands":[{"armBasis":[[-0.702777,-0.663565,-0.256486],[-0.703768,0.701173,0.114307],[-0.103991,-0.260839,0.959765]],"armWidth":63.703,"confidence":0.677515,"direction":[-0.431327,0.292021,-0.853628],"elbow":[-2.79233,230.853,337.142],"grabStrength":0,"id":620,"palmNormal":[0.577575,-0.637485,-0.509921],"palmPosition":[9.76856,319.706,28.9785],"palmVelocity":[51.18,-7.70233,-161.692],"palmWidth":90.9658,"pinchStrength":1,"r":[[0.981348,0.0591132,-0.182927],[-0.0382362,0.992557,0.115621],[0.188401,-0.10647,0.976304]],"s":0.86116,"sphereCenter":[27.3243,296.707,-6.81761],"sphereRadius":41.5407,"stabilizedPalmPosition":[-55.5414,334.728,215.585],"t":[74.9618,-16.9241,-208.827],"timeVisible":0.443003,"type":"left","wrist":[25.2778,301.261,78.0745]}],"id":4214397,"interactionBox":{"center":[0,200,0],"size":[235.247,235.247,147.751]},"pointables":[{"bases":[[[-0.87966,0.340267,0.332291],[0.467821,0.744927,0.475634],[0.08569,-0.573849,0.814466]],[[-0.831457,0.553427,-0.0489648],[0.553368,0.817039,-0.161959],[0.049626,0.161757,0.985582]],[[-0.831457,0.553427,-0.0489648],[0.389895,0.518435,-0.761056],[0.395804,0.651877,0.646835]],[[-0.831457,0.553427,-0.0489648],[0.219455,0.24618,-0.944052],[0.51041,0.795685,0.326141]]],"btipPosition":[24.8323,264.789,-6.40443],"carpPosition":[52.7427,313.699,72.4595],"dipPosition":[36.7746,283.406,1.2264],"direction":[-0.395804,-0.651877,-0.646835],"extended":false,"handId":620,"id":6200,"length":52.1025,"mcpPosition":[52.7427,313.699,72.4595],"pipPosition":[50.2661,305.626,23.2748],"stabilizedTipPosition":[-15.8986,287.561,143.848],"timeVisible":0.443003,"tipPosition":[27.8853,270.181,-5.376],"tipVelocity":[55.5278,-27.6714,-133.397],"tool":false,"touchDistance":-0.527753,"touchZone":"hovering","type":0,"width":20.2446},{"bases":[[[-0.755664,-0.653825,-0.0385344],[-0.616998,0.690894,0.376802],[0.219739,-0.308511,0.925492]],[[-0.690974,-0.704768,0.160801],[-0.696195,0.708675,0.114421],[0.194596,0.0328868,0.980332]],[[-0.690974,-0.704768,0.160801],[-0.720557,0.653679,-0.231305],[-0.0579042,0.275692,0.9595]],[[-0.690974,-0.704768,0.160801],[-0.682022,0.561861,-0.468143],[-0.239584,0.433145,0.868899]]],"btipPosition":[12.2212,330.754,-74.0503],"carpPosition":[31.2495,323.536,74.1529],"dipPosition":[8.12883,338.152,-59.2086],"direction":[0.0579042,-0.275692,-0.9595],"extended":true,"handId":620,"id":6201,"length":58.7918,"mcpPosition":[15.0877,346.227,6.08292],"pipPosition":[6.72963,344.814,-36.0233],"stabilizedTipPosition":[-49.7586,348.288,125.517],"timeVisible":0.443003,"tipPosition":[10.8301,333.085,-70.2237],"tipVelocity":[28.9368,-11.1104,-168.004],"tool":false,"touchDistance":-0.577434,"touchZone":"hovering","type":1,"width":19.3376},{"bases":[[[-0.6027,-0.797631,0.0231902],[-0.730895,0.56347,0.38509],[0.320226,-0.215144,0.922588]],[[-0.603018,-0.797417,0.0222729],[-0.501206,0.357002,-0.788253],[-0.620614,0.486494,0.614948]],[[-0.603018,-0.797417,0.0222729],[0.396689,-0.323971,-0.858883],[-0.692104,0.509087,-0.511687]],[[-0.603018,-0.797417,0.0222729],[0.701298,-0.543225,-0.461614],[-0.380198,0.262742,-0.886801]]],"btipPosition":[55.2567,289.085,11.004],"carpPosition":[20.8679,316.931,73.7798],"dipPosition":[48.1139,294.021,-5.65633],"direction":[0.692104,-0.509087,0.511687],"extended":false,"handId":620,"id":6202,"length":66.9886,"mcpPosition":[-1.46768,331.937,9.42988],"pipPosition":[28.4382,308.494,-20.203],"stabilizedTipPosition":[-7.87212,295.443,210.935],"timeVisible":0.443003,"tipPosition":[54.1941,289.746,7.7652],"tipVelocity":[44.113,28.8722,-195.069],"tool":false,"touchDistance":0.333333,"touchZone":"none","type":2,"width":18.9921},{"bases":[[[-0.492182,-0.860789,0.129608],[-0.761507,0.497897,0.414976],[0.421739,-0.105547,0.900553]],[[-0.498325,-0.859146,0.116364],[-0.639294,0.273464,-0.718694],[-0.585641,0.432534,0.685521]],[[-0.498325,-0.859146,0.116364],[0.298288,-0.29592,-0.907445],[-0.814062,0.417492,-0.403737]],[[-0.498325,-0.859146,0.116364],[0.687421,-0.473326,-0.550831],[-0.528323,0.194501,-0.826465]]],"btipPosition":[44.7438,279.96,13.2558],"carpPosition":[12.5815,307.866,73.6532],"dipPosition":[34.8752,283.594,-2.18174],"direction":[0.814062,-0.417492,0.403737],"extended":false,"handId":620,"id":6203,"length":64.4113,"mcpPosition":[-13.8292,314.476,17.2576],"pipPosition":[12.3301,295.156,-13.3631],"stabilizedTipPosition":[-22.4311,291.466,223.189],"timeVisible":0.443003,"tipPosition":[43.1561,280.432,10.0451],"tipVelocity":[51.167,18.3,-153.737],"tool":false,"touchDistance":0.333333,"touchZone":"none","type":3,"width":18.0722},{"bases":[[[-0.307429,-0.937575,0.162606],[-0.788518,0.346658,0.508004],[0.53266,-0.0279572,0.845867]],[[-0.286227,-0.937949,0.19577],[-0.813896,0.130185,-0.566237],[-0.505615,0.321409,0.800656]],[[-0.286227,-0.937949,0.19577],[0.135953,-0.242007,-0.960703],[-0.948468,0.248364,-0.196786]],[[-0.286227,-0.937949,0.19577],[0.631433,-0.338322,-0.697733],[-0.720671,0.0760945,-0.689088]]],"btipPosition":[27.6318,278.041,11.487],"carpPosition":[9.67194,293.949,73.1023],"dipPosition":[15.2131,279.352,-0.38748],"direction":[0.948468,-0.248364,0.196786],"extended":false,"handId":620,"id":6204,"length":50.4973,"mcpPosition":[-21.2062,295.57,24.0676],"pipPosition":[-3.33286,284.208,-4.23535],"stabilizedTipPosition":[-40.6058,291.443,219.032],"timeVisible":0.443003,"tipPosition":[25.3268,278.164,8.29006],"tipVelocity":[50.2585,2.49887,-159.033],"tool":false,"touchDistance":0.333333,"touchZone":"none","type":4,"width":16.0532}],"r":[[0.981348,0.0591132,-0.182927],[-0.0382362,0.992557,0.115621],[0.188401,-0.10647,0.976304]],"s