{"sensorType":"Leap","data":[[0,{"currentFrameRate":99.5204,"devices":[],"gestures":[],"hands":[{"armBasis":[[0.991775,-0.126183,0.0214538],[0.117482,0.963966,0.23868],[-0.050798,-0.234196,0.970861]],"armWidth":63.703,"confidence":0.678051,"direction":[0.141692,0.35136,-0.925457],"elbow":[7.12286,238.162,354.035],"grabStrength":0,"id":621,"palmNormal":[-0.0993321,-0.925124,-0.366442],"palmPosition":[20.5492,317.448,39.6955],"palmVelocity":[109.109,-59.5519,-332.928],"palmWidth":90.9658,"pinchStrength":0.889782,"r":[[0.85234,0.522012,0.0319396],[-0.507232,0.839997,-0.192668],[-0.127404,0.148018,0.980744]],"s":0.664237,"sphereCenter":[26.5928,279.635,7.63772],"sphereRadius":45.8988,"stabilizedPalmPosition":[-41.2751,347.559,213.386],"t":[92.3556,-37.1376,-237.093],"timeVisible":0.370513,"type":"right","wrist":[20.8347,301.379,91.9724]}],"id":4214766,"interactionBox":{"center":[0,200,0],"size":[235.247,235.247,147.751]},"pointables":[{"bases":[[[0.512821,0.838133,0.185872],[-0.803528,0.392374,0.447645],[0.302255,-0.378915,0.87468]],[[0.395847,0.91385,-0.0904665],[-0.917317,0.398088,0.00746773],[0.042838,0.0800304,0.995872]],[[0.395847,0.91385,-0.0904665],[-0.906722,0.373342,-0.196142],[-0.145469,0.15967,0.976393]],[[0.395847,0.91385,-0.0904665],[-0.852293,0.328921,-0.406704],[-0.34191,0.238096,0.90907]]],"btipPosition":[2.02744,279.28,-15.8092],"carpPosition":[-8.79309,294.288,88.4408],"dipPosition":[-5.97235,284.851,5.46064],"direction":[0.145469,-0.15967,-0.976393],"extended":false,"handId":621,"id":6210,"length":52.1025,"mcpPosition":[-8.79309,294.288,88.4408],"pipPosition":[-10.9309,290.294,38.7425],"stabilizedTipPosition":[-47.092,314.094,102.773],"timeVisible":0.370513,"tipPosition":[1.15315,279.498,-10.6174],"tipVelocity":[123.896,-40.5818,-349.784],"tool":false,"touchDistance":-0.717556,"touchZone":"hovering","type":0,"width":20.2446},{"bases":[[[0.994723,-0.0828131,-0.0605704],[0.0944224,0.969852,0.224658],[0.0401397,-0.229192,0.972553]],[[0.988518,-0.11808,0.0942856],[0.11782,0.993,0.00833639],[-0.0946099,0.00286809,0.99551]],[[0.988518,-0.11808,0.0942856],[0.127776,0.986288,-0.104446],[-0.0806598,0.115294,0.990051]],[[0.988518,-0.11808,0.0942856],[0.134126,0.973043,-0.187609],[-0.0695911,0.198101,0.977708]]],"btipPosition":[6.85504,325.535,-68.4339],"carpPosition":[2.60599,314.971,86.4794],"dipPosition":[5.66636,328.919,-51.7336],"direction":[0.0806598,-0.115294,-0.990051],"extended":true,"handId":621,"id":6211,"length":58.7918,"mcpPosition":[-0.346289,331.828,14.9481],"pipPosition":[3.7173,331.705,-27.8101],"stabilizedTipPosition":[-44.5415,364.823,96.3626],"timeVisible":0.370513,"tipPosition":[6.75037,324.686,-64.3145],"tipVelocity":[98.6058,11.6099,-340.419],"tool":false,"touchDistance":0.331184,"touchZone":"hovering","type":1,"width":19.3376},{"bases":[[[0.960231,-0.277131,0.0339767],[0.262091,0.936622,0.232481],[-0.0962511,-0.214331,0.972007]],[[0.958454,-0.280738,0.0505109],[0.224157,0.631775,-0.742034],[0.176405,0.722528,0.668457]],[[0.958454,-0.280738,0.0505109],[-0.111754,-0.532494,-0.839024],[0.262442,0.798521,-0.541745]],[[0.958454,-0.280738,0.0505109],[-0.25204,-0.916416,-0.310897],[0.13357,0.28525,-0.9491]]],"btipPosition":[3.09897,267.82,18.775],"carpPosition":[14.8564,315.748,85.5513],"dipPosition":[5.60834,273.18,0.944271],"direction":[-0.262442,-0.798521,0.541745],"extended":false,"handId":621,"id":6212,"length":66.9886,"mcpPosition":[21.5698,330.697,17.7544],"pipPosition":[13.0693,295.881,-14.4569],"stabilizedTipPosition":[-63.0184,309.539,185.006],"timeVisible":0.370513,"tipPosition":[3.6467,269.241,16.2472],"tipVelocity":[188.985,-85.4211,-357.632],"tool":false,"touchDistance":0.333333,"touchZone":"none","type":2,"width":18.9921},{"bases":[[[0.913093,-0.375464,0.159022],[0.326824,0.907119,0.265182],[-0.243818,-0.190163,0.950994]],[[0.910407,-0.377495,0.169283],[0.3639,0.536026,-0.761743],[0.196814,0.755098,0.625372]],[[0.910407,-0.377495,0.169283],[-0.0965019,-0.591659,-0.800392],[0.402302,0.712346,-0.57508]],[[0.910407,-0.377495,0.169283],[-0.321462,-0.903041,-0.28492],[0.260425,0.204975,-0.943485]]],"btipPosition":[17.3781,268.003,31.4402],"carpPosition":[26.9067,313.38,85.3786],"dipPosition":[22.2426,271.832,13.8169],"direction":[-0.402302,-0.712346,0.57508],"extended":false,"handId":621,"id":6213,"length":64.4113,"mcpPosition":[42.1754,325.288,25.8242],"pipPosition":[33.3842,291.56,-2.10975],"stabilizedTipPosition":[-47.2387,302.79,181.603],"timeVisible":0.370513,"tipPosition":[18.5066,269,27.4335],"tipVelocity":[179.974,-61.4817,-291.873],"tool":false,"touchDistance":0.333333,"touchZone":"none","type":3,"width":18.0722},{"bases":[[[0.8121,-0.539636,0.222005],[0.442031,0.81729,0.369657],[-0.380922,-0.202065,0.902257]],[[0.842272,-0.519921,0.142337],[0.44973,0.532191,-0.717297],[0.297188,0.668173,0.682074]],[[0.842272,-0.519921,0.142337],[-0.171589,-0.508908,-0.843546],[0.511014,0.686072,-0.517852]],[[0.842272,-0.519921,0.142337],[-0.443399,-0.818387,-0.365568],[0.306553,0.244796,-0.919837]]],"btipPosition":[33.836,274.397,35.5096],"carpPosition":[37.5343,303.936,85.9477],"dipPosition":[39.1186,278.615,19.6587],"direction":[-0.511014,-0.686072,0.517852],"extended":false,"handId":621,"id":6214,"length":50.4973,"mcpPosition":[59.6163,315.65,33.6441],"pipPosition":[49.1108,292.03,9.53288],"stabilizedTipPosition":[-28.5892,303.298,180.506],"timeVisible":0.370513,"tipPosition":[34.8299,275.611,32.9237],"tipVelocity":[180.931,-36.421,-348.443],"tool":false,"touchDistance":0.333333,"touchZone":"none","type":4,"width":16.0532}],"r":[[0.85234,0.522012,0.0319396],[-0.507232,0.839997,-0.192668],[-0.127404,0.148018,0.980744]],"s":0.664237,"t":[92.3556,-37.1376,-237.093],"timestamp":522919970337},false],[1,{"currentFrameRate":99.929,"devices":[],"gestures":[],"hands":[{"armBasis":[[0.993884,-0.109435,0.0148178],[0.103417,0.969383,0.222714],[-0.0387368,-0.21982,0.974771]],"armWidth":63.703,"confidence":0.688742,"direction":[0.138328,0.345313,-0.928237],"elbow":[11.1677,241.988,352.238],"grabStrength":0,"id":621,"palmNormal":[-0.0845915,-0.929703,-0.358464],"palmPosition":[21.2064,316.927,36.7028],"palmVelocity":[98.5441,-58.7225,-330.713],"palmWidth":90.9658,"pinchStrength":0.875759,"r":[[0.845223,0.533497,0.0312858],[-0.518357,0.832665,-0.194873],[-0.130015,0.148494,0.980329]],"s":0.670166,"sphereCenter":[28.1102,278.933,4.97027],"sphereRadius":46.0807,"stabilizedPalmPosition":[-41.0865,347.466,212.852],"t":[93.0653,-37.6311,-239.922],"timeVisible":0.379721,"type":"right","wrist":[21.6239,301.324,89.1198]}],"id":4214767,"interactionBox":{"center":[0,200,0],"size":[235.247,235.247,147.751]},"pointables":[{"bases":[[[0.499726,0.847383,0.179486],[-0.810298,0.384112,0.442577],[0.306089,-0.366605,0.878584]],[[0.383098,0.918711,-0.0959491],[-0.922587,0.385679,0.00923894],[0.0454935,0.084982,0.995343]],[[0.383098,0.918711,-0.0959491],[-0.912156,0.359883,-0.196102],[-0.14563,0.162647,0.975878]],[[0.383098,0.918711,-0.0959491],[-0.855732,0.313875,-0.411345],[-0.347791,0.239692,0.906416]]],"btipPosition":[2.94506,278.362,-18.5517],"carpPosition":[-7.88604,293.755,85.5922],"dipPosition":[-5.19233,283.97,2.65605],"direction":[0.14563,-0.162647,-0.975878],"extended":false,"handId":621,"id":6210,"length":52.1025,"mcpPosition":[-7.88604,293.755,85.5922],"pipPosition":[-10.1564,289.514,35.9203],"stabilizedTipPosition":[-46.6648,313.788,101.741],"timeVisible":0.379721,"tipPosition":[2.09951,278.608,-13.3754],"tipVelocity":[116.148,-56.8754,-335.676],"tool":false,"touchDistance":-0.715485,"touchZone":"hovering","type":0,"width":20.2446},{"bases":[[[0.995984,-0.0683094,-0.05787],[0.0793069,0.973105,0.216282],[0.0415394,-0.220003,0.974614]],[[0.990235,-0.101859,0.0951854],[0.101578,0.994797,0.00780645],[-0.0954853,0.00193852,0.995429]],[[0.990235,-0.101859,0.0951854],[0.111929,0.987913,-0.107242],[-0.0831114,0.116848,0.989666]],[[0.990235,-0.101859,0.0951854],[0.118686,0.974136,-0.192281],[-0.0731381,0.2017,0.976713]]],"btipPosition":[7.50738,324.42,-71.564],"carpPosition":[3.20385,314.59,83.471],"dipPosition":[6.25811,327.865,-54.8807],"direction":[0.0831114,-0.116848,-0.989666],"extended":true,"handId":621,"id":6211,"length":58.7918,"mcpPosition":[0.148623,330.772,11.7882],"pipPosition":[4.24981,330.688,-30.9665],"stabilizedTipPosition":[-44.3693,364.691,95.8167],"timeVisible":0.379721,"tipPosition":[7.42561,323.574,-67.4456],"tipVelocity":[90.4107,-25.1231,-340.402],"tool":false,"touchDistance":0.330614,"touchZone":"hovering","type":1,"width":19.3376},{"bases":[[[0.964229,-0.262288,0.0383188],[0.247441,0.942481,0.22473],[-0.0950586,-0.207209,0.973667]],[[0.962426,-0.265859,0.055282],[0.215596,0.624348,-0.750805],[0.165093,0.734512,0.658207]],[[0.962426,-0.265859,0.055282],[-0.103103,-0.546107,-0.831346],[0.251211,0.794409,-0.552999]],[[0.962426,-0.265859,0.055282],[-0.23801,-0.923905,-0.299585],[0.130723,0.275171,-0.952467]]],"btipPosition":[4.52037,266.849,16.5454],"carpPosition":[15.443,315.544,82.5604],"dipPosition":[6.97626,272.018,-1.34856],"direction":[-0.251211,-0.794409,0.552999],"extended":false,"handId":621,"id":6212,"length":66.9886,"mcpPosition":[22.0733,329.997,14.6477],"pipPosition":[14.1179,294.603,-17.0697],"stabilizedTipPosition":[-62.1655,309.02,182.845],"timeVisible":0.379721,"tipPosition":[5.06515,268.236,13.7393],"tipVelocity":[178.92,-92.3754,-325.742],"tool":false,"touchDistance":0.333333,"touchZone":"none","type":2,"width":18.9921},{"bases":[[[0.918315,-0.360218,0.164133],[0.312542,0.914247,0.257817],[-0.242929,-0.185459,0.95215]],[[0.915602,-0.362226,0.174543],[0.356723,0.531479,-0.768296],[0.185531,0.765717,0.615838]],[[0.915602,-0.362226,0.174543],[-0.087604,-0.603376,-0.79263],[0.392427,0.710443,-0.584185]],[[0.915602,-0.362226,0.174543],[-0.308074,-0.910936,-0.274382],[0.258386,0.197452,-0.945648]]],"btipPosition":[18.7594,267.404,29.1401],"carpPosition":[27.5281,313.357,82.4325],"dipPosition":[23.5858,271.093,11.4764],"direction":[-0.392427,-0.710443,0.584185],"extended":false,"handId":621,"id":6213,"length":64.4113,"mcpPosition":[42.7411,324.971,22.8056],"pipPosition":[34.4539,290.768,-4.70242],"stabilizedTipPosition":[-46.0623,302.184,178.859],"timeVisible":0.379721,"tipPosition":[19.8933,268.355,25.0245],"tipVelocity":[171.319,-63.4529,-280.376],"tool":false,"touchDistance":0.333333,"touchZone":"none","type":3,"width":18.0722},{"bases":[[[0.819678,-0.525337,0.228361],[0.428871,0.82709,0.363308],[-0.379734,-0.199858,0.903249]],[[0.849537,-0.506013,0.149121],[0.44295,0.530716,-0.72259],[0.286499,0.67992,0.675001]],[[0.849537,-0.506013,0.149121],[-0.16319,-0.520896,-0.837876],[0.501653,0.687472,-0.525097]],[[0.849537,-0.506013,0.149121],[-0.430878,-0.828678,-0.357262],[0.304353,0.239255,-0.922023]]],"btipPosition":[35.1273,274.066,33.0396],"carpPosition":[38.2957,304.08,83.1058],"dipPosition":[40.372,278.188,17.1511],"direction":[-0.501653,-0.687472,0.525097],"extended":false,"handId":621,"id":6214,"length":50.4973,"mcpPosition":[60.3088,315.666,30.7447],"pipPosition":[50.1811,291.631,6.88354],"stabilizedTipPosition":[-27.8988,302.997,178.899],"timeVisible":0.379721,"tipPosition":[36.127,275.249,30.3477],"tipVelocity":[169.274,-36.9597,-326.256],"tool":false,"touchDistance":0.333333,"touchZone":"none","type":4,"width":16.0532}],"r":[[0.845223,0.533497,0.0312858],[-0.518357,0.832665,-0.194873],[-0.130015,0.148494,0.980329]],"s":0.670166,"t":[93.0653,-37.6311,-239.922],"timestamp":522919979545},false],[2,{"currentFrameRate":100.496,"devices":[],"gestures":[],"hands":[{"armBasis":[[0.995201,-0.0971658,0.0115865],[0.0923838,0.971991,0.216098],[-0.0322593,-0.21399,0.976303]],"armWidth":63.703,"confidence":0.705204,"direction":[0.136247,0.347112,-0.927874],"elbow":[13.2548,243.387,351.131],"grabStrength":0,"id":621,"palmNormal":[-0.0728377,-0.930563,-0.358814],"palmPosition":[21.4741,316.756,35.1849],"palmVelocity":[80.0672,-48.0385,-287.658],"palmWidth":90.9658,"pinchStrength":0.862917,"r":[[0.838122,0.544594,0.0311232],[-0.52905,0.82545,-0.196823],[-0.132879,0.148496,0.979945]],"s":0.676083,"sphereCenter":[28.8953,278.969,3.42329],"sphereRadius":46.1753,"stabilizedPalmPosition":[-40.9317,347.39,212.413],"t":[93.5539,-37.963,-242.095],"timeVisible":0.388567,"type":"right","wrist":[21.9625,301.149,87.5999]}],"id":4214768,"interactionBox":{"center":[0,200,0],"size":[235.247,235.247,147.751]},"pointables":[{"bases":[[[0.4893,0.853186,0.180719],[-0.81573,0.374431,0.440893],[0.308497,-0.363147,0.879178]],[[0.373314,0.923014,-0.0931787],[-0.926496,0.376067,0.0133271],[0.0473425,0.0813545,0.99556]],[[0.373314,0.923014,-0.0931787],[-0.91604,0.350878,-0.194307],[-0.146653,0.157893,0.976505]],[[0.373314,0.923014,-0.0931787],[-0.857134,0.304746,-0.415272],[-0.354906,0.234893,0.904913]]],"btipPosition":[3.49181,278.295,-20.1338],"carpPosition":[-7.44835,293.233,84.0071],"dipPosition":[-4.81205,283.791,1.03873],"direction":[0.146653,-0.157893,-0.976505],"extended":false,"handId":621,"id":6210,"length":52.1025,"mcpPosition":[-7.44835,293.233,84.0071],"pipPosition":[-9.81095,289.173,34.3244],"stabilizedTipPosition":[-46.3023,313.531,100.861],"timeVisible":0.388567,"tipPosition":[2.63039,278.528,-14.9813],"tipVelocity":[100.273,-44.3143,-293.49],"tool":false,"touchDistance":-0.696124,"touchZone":"hovering","type":0,"width":20.2446},{"bases":[[[0.996844,-0.0565373,-0.055729],[0.0673483,0.973928,0.216629],[0.0420285,-0.219698,0.974662]],[[0.991413,-0.0897174,0.0951321],[0.0884892,0.995931,0.0170603],[-0.0962756,-0.00849566,0.995318]],[[0.991413,-0.0897174,0.0951321],[0.0991745,0.990048,-0.0998433],[-0.0852277,0.108421,0.990445]],[[0.991413,-0.0897174,0.0951321],[0.106287,0.976673,-0.186584],[-0.0761731,0.195094,0.977822]]],"btipPosition":[7.80388,324.77,-73.1579],"carpPosition":[3.3994,314.198,81.9137],"dipPosition":[6.50277,328.102,-56.4557],"direction":[0.0852277,-0.108421,-0.990445],"extended":true,"handId":621,"id":6211,"length":58.7918,"mcpPosition":[0.3082,330.357,10.2273],"pipPosition":[4.44333,330.722,-32.5226],"stabilizedTipPosition":[-44.2323,364.587,95.3807],"timeVisible":0.388567,"tipPosition":[7.73729,323.871,-69.0456],"tipVelocity":[74.6515,-8.41016,-296.916],"tool":false,"touchDistance":0.304122,"touchZone":"hovering","type":1,"width":19.3376},{"bases":[[[0.967172,-0.250897,0.0403559],[0.235813,0.945289,0.225434],[-0.0947086,-0.208517,0.973422]],[[0.965321,-0.254592,0.0577864],[0.209351,0.622648,-0.753977],[0.155976,0.739927,0.654354]],[[0.965321,-0.254592,0.0577864],[-0.0960592,-0.552196,-0.828162],[0.242752,0.793891,-0.557502]],[[0.965321,-0.254592,0.0577864],[-0.227,-0.92786,-0.295882],[0.128947,0.272503,-0.953475]]],"btipPosition":[5.39452,266.496,15.3644],"carpPosition":[15.6284,315.297,81.0297],"dipPosition":[7.81704,271.616,-2.54853],"direction":[-0.242752,-0.793891,0.557502],"extended":false,"handId":621,"id":6212,"length":66.9886,"mcpPosition":[22.2343,329.841,13.1341],"pipPosition":[14.7182,294.185,-18.3977],"stabilizedTipPosition":[-61.2663,308.474,180.58],"timeVisible":0.388567,"tipPosition":[5.94066,267.862,12.3003],"tipVelocity":[157.011,-78.5122,-273.859],"tool":false,"touchDistance":0.333333,"touchZone":"none","type":2,"width":18.9921},{"bases":[[[0.922146,-0.349388,0.166053],[0.301172,0.917819,0.258657],[-0.242779,-0.188509,0.95159]],[[0.919432,-0.351432,0.176468],[0.351407,0.532806,-0.769825],[0.176518,0.769813,0.613375]],[[0.919432,-0.351432,0.176468],[-0.0803803,-0.607215,-0.790461],[0.384947,0.71259,-0.586541]],[[0.919432,-0.351432,0.176468],[-0.297491,-0.915059,-0.272336],[0.257186,0.197896,-0.945882]]],"btipPosition":[19.5927,267.24,27.8499],"carpPosition":[27.7387,313.252,80.9274],"dipPosition":[24.3967,270.936,10.1818],"direction":[-0.384947,-0.71259,0.586541],"extended":false,"handId":621,"id":6213,"length":64.4113,"mcpPosition":[42.9423,325.057,21.3358],"pipPosition":[35.0576,290.671,-6.06228],"stabilizedTipPosition":[-44.8708,301.576,176.092],"timeVisible":0.388567,"tipPosition":[20.7341,268.181,23.6491],"tipVelocity":[150.294,-51.2557,-244.007],"tool":false,"touchDistance":0.333333,"touchZone":"none","type":3,"width":18.0722},{"bases":[[[0.825326,-0.515673,0.230038],[0.418293,0.832019,0.364383],[-0.379299,-0.204512,0.90239]],[[0.855,-0.496084,0.151246],[0.437832,0.534111,-0.723207],[0.27799,0.684563,0.673866]],[[0.855,-0.496084,0.151246],[-0.156489,-0.524806,-0.836714],[0.494456,0.691722,-0.526341]],[[0.855,-0.496084,0.151246],[-0.421001,-0.834193,-0.356202],[0.302875,0.240878,-0.922087]]],"btipPosition":[35.887,274.083,31.6715],"carpPosition":[38.6136,304.103,81.6224],"dipPosition":[41.1062,278.234,15.7819],"direction":[-0.494456,-0.691722,0.526341],"extended":false,"handId":621,"id":6214,"length":50.4973,"mcpPosition":[60.6014,315.959,29.3111],"pipPosition":[50.7745,291.76,5.49005],"stabilizedTipPosition":[-27.227,302.708,177.34],"timeVisible":0.388567,"tipPosition":[36.896,275.255,28.8825],"tipVelocity":[146.527,-26.2273,-279.83],"tool":false,"touchDistance":0.333333,"touchZone":"none","type":4,"width":16.0532}],"r":[[0.838122,0.544594,0.0311232],[-0.52905,0.82545,-0.196823],[-0.132879,0.148496,0.979945]],"s":0.676083,"t":[93.5539,-37.963,-242.095],"timestamp":522919988391},false],[3,{"currentFrameRate":100.932,"devices":[],"gestures":[],"hands":[{"armBasis":[[0.996001,-0.0889048,0.00886623],[0.0849292,0.972907,0.215033],[-0.0277435,-0.21342,0.976567]],"armWidth":63.703,"confidence":0.710464,"direction":[0.132478,0.348862,-0.927763],"elbow":[15.0248,243.481,350.195],"grabStrength":0,"id":621,"palmNormal":[-0.0656581,-0.930869,-0.359405],"palmPosition":[21.8449,316.729,34.1889],"palmVelocity":[69.252,-35.597,-238.55],"palmWidth":90.9658,"pinchStrength":0.845888,"r":[[0.831445,0.554748,0.0308795],[-0.538904,0.818729,-0.198155],[-0.135208,0.148114,0.979684]],"s":0.682843,"sphereCenter":[29.859,278.996,2.3981],"sphereRadius":46.4204,"stabilizedPalmPosition":[-40.7953,347.323,212.025],"t":[93.9837,-38.1426,-243.68],"timeVisible":0.397631,"type":"right","wrist":[22.5136,301.089,86.5922]}],"id":4214769,"interactionBox":{"center":[0,200,0],"size":[235.247,235.247,147.751]},"pointables":[{"bases":[[[0.482552,0.856997,0.180831],[-0.818287,0.367492,0.441992],[0.312332,-0.361256,0.878603]],[[0.367305,0.925764,-0.0897081],[-0.928465,0.370666,0.0236285],[0.0551261,0.074612,0.995688]],[[0.367305,0.925764,-0.0897081],[-0.919232,0.346619,-0.186728],[-0.141772,0.151049,0.978307]],[[0.367305,0.925764,-0.0897081],[-0.859405,0.300921,-0.413364],[-0.355682,0.228926,0.906136]]],"btipPosition":[3.56772,278.709,-21.2136],"carpPosition":[-6.83579,292.938,83.0238],"dipPosition":[-4.75431,284.066,-0.0124348],"direction":[0.141772,-0.151049,-0.978307],"extended":false,"handId":621,"id":6210,"length":52.1025,"mcpPosition":[-6.83579,292.938,83.0238],"pipPosition":[-9.58682,289.214,33.3346],"stabilizedTipPosition":[-45.9927,313.314,100.105],"timeVisible":0.397631,"tipPosition":[2.77164,278.879,-16.0598],"tipVelocity":[74.76,-20.4373,-245.125],"tool":false,"touchDistance":-0.670943,"touchZone":"hovering","type":0,"width":20.2446},{"bases":[[[0.997212,-0.048413,-0.0567851],[0.0596716,0.974289,0.217257],[0.044807,-0.22004,0.974461]],[[0.992433,-0.0813015,0.0920157],[0.0793371,0.996539,0.0248148],[-0.0937148,-0.0173268,0.995448]],[[0.992433,-0.0813015,0.0920157],[0.0899555,0.991483,-0.0941768],[-0.0835753,0.101741,0.991294]],[[0.992433,-0.0813015,0.0920157],[0.0970914,0.978355,-0.18274],[-0.0751671,0.190291,0.978846]]],"btipPosition":[7.8725,325.211,-74.1661],"carpPosition":[3.83948,313.991,80.9342],"dipPosition":[6.58857,328.461,-57.4464],"direction":[0.0835753,-0.101741,-0.991294],"extended":true,"handId":621,"id":6211,"length":58.7918,"mcpPosition":[0.543921,330.175,9.26263],"pipPosition":[4.56906,330.92,-33.4928],"stabilizedTipPosition":[-44.124,364.507,95.0343],"timeVisible":0.397631,"tipPosition":[7.83628,324.303,-70.0653],"tipVelocity":[56.2418,6.78224,-245.501],"tool":false,"touchDistance":0.287385,"touchZone":"hovering","type":1,"width":19.3376},{"bases":[[[0.969216,-0.243075,0.0391909],[0.228372,0.94701,0.22587],[-0.0920175,-0.209967,0.973369]],[[0.967375,-0.246865,0.0569454],[0.202966,0.620643,-0.757369],[0.151625,0.744218,0.650499]],[[0.967375,-0.246865,0.0569454],[-0.0936705,-0.55736,-0.82497],[0.235396,0.792722,-0.5623]],[[0.967375,-0.246865,0.0569454],[-0.220331,-0.930729,-0.291888],[0.125058,0.269818,-0.954756]]],"btipPosition":[6.12851,266.367,14.7233],"carpPosition":[16.0583,315.19,80.0386],"dipPosition":[8.47796,271.436,-3.21373],"direction":[-0.235396,-0.792722,0.5623],"extended":false,"handId":621,"id":6212,"length":66.9886,"mcpPosition":[22.4764,329.835,12.1467],"pipPosition":[15.17,293.973,-19.1993],"stabilizedTipPosition":[-60.2325,307.851,177.993],"timeVisible":0.397631,"tipPosition":[6.669,267.71,11.4245],"tipVelocity":[135.496,-61.1068,-217.918],"tool":false,"touchDistance":0.333333,"touchZone":"none","type":2,"width":18.9921},{"bases":[[[0.925119,-0.342017,0.164864],[0.293985,0.920048,0.259007],[-0.240267,-0.191145,0.951701]],[[0.922459,-0.34407,0.175175],[0.343373,0.523637,-0.779679],[0.176536,0.779372,0.601178]],[[0.922459,-0.34407,0.175175],[-0.0827249,-0.619304,-0.780781],[0.37713,0.705747,-0.599745]],[[0.922459,-0.34407,0.175175],[-0.293312,-0.919541,-0.261558],[0.251075,0.189895,-0.949158]]],"btipPosition":[20.2112,267.308,27.8097],"carpPosition":[28.1846,313.243,79.9226],"dipPosition":[24.901,270.855,10.0804],"direction":[-0.37713,-0.705747,0.599745],"extended":false,"handId":621,"id":6213,"length":64.4113,"mcpPosition":[43.2309,325.214,20.3239],"pipPosition":[35.3455,290.401,-6.52935],"stabilizedTipPosition":[-43.5056,300.886,172.948],"timeVisible":0.397631,"tipPosition":[21.3826,268.201,23.2814],"tipVelocity":[126.828,-36.0591,-178.257],"tool":false,"touchDistance":0.333333,"touchZone":"none","type":3,"width":18.0722},{"bases":[[[0.829716,-0.509127,0.228828],[0.411906,0.835126,0.364553],[-0.376703,-0.208219,0.902629]],[[0.858939,-0.489415,0.150653],[0.432304,0.535346,-0.725616],[0.274476,0.688387,0.671406]],[[0.858939,-0.489415,0.150653],[-0.154838,-0.528653,-0.834597],[0.488107,0.693541,-0.529861]],[[0.858939,-0.489415,0.150653],[-0.415611,-0.838145,-0.353243],[0.299151,0.240801,-0.923322]]],"btipPosition":[36.5695,274.208,30.8122],"carpPosition":[39.134,304.182,80.5999],"dipPosition":[41.7245,278.357,14.9013],"direction":[-0.488107,-0.693541,0.529861],"extended":false,"handId":621,"id":6214,"length":50.4973,"mcpPosition":[60.9714,316.253,28.2747],"pipPosition":[51.2687,291.919,4.54063],"stabilizedTipPosition":[-26.5148,302.406,175.694],"timeVisible":0.397631,"tipPosition":[37.5878,275.359,27.8985],"tipVelocity":[126.401,-15.1879,-228.869],"tool":false,"touchDistance":0.333333,"touchZone":"none","type":4,"width":16.0532}],"r":[[0.831445,0.554748,0.0308795],[-0.538904,0.818729,-0.198155],[-0.135208,0.148114,0.979684]],"s":0.682843,"t":[93.9837,-38.1426,-243.68],"timestamp":522919997455},false],[4,{"currentFrameRate":101.367,"devices":[],"gestures":[],"hands":[{"armBasis":[[0.996884,-0.0782887,0.00963358],[0.0746051,0.975466,0.207122],[-0.0256125,-0.205758,0.978268]],"armWidth":63.703,"confidence":0.719633,"direction":[0.126421,0.350795,-0.92788],"elbow":[16.4099,245.082,348.87],"grabStrength":0,"id":621,"palmNormal":[-0.0551546,-0.931452,-0.35966],"palmPosition":[22.3622,316.274,32.4125],"palmVelocity":[65.9639,-39.6919,-227.054],"palmWidth":90.9658,"pinchStrength":0.828118,"r":[[0.824669,0.564799,0.0303875],[-0.548765,0.811962,-0.198936],[-0.137032,0.147381,0.979541]],"s":0.690544,"sphereCenter":[31.0137,278.671,0.58963],"sphereRadius":46.6494,"stabilizedPalmPosition":[-40.6751,347.264,211.684],"t":[94.4573,-38.4601,-245.361],"timeVisible":0.406658,"type":"right","wrist":[23.3234,300.622,84.8079]}],"id":4214770,"interactionBox":{"center":[0,200,0],"size":[235.247,235.247,147.751]},"pointables":[{"bases":[[[0.472552,0.862677,0.180229],[-0.821773,0.357435,0.443766],[0.318407,-0.35781,0.877832]],[[0.35767,0.929824,-0.0865951],[-0.931733,0.361559,0.0338783],[0.0628101,0.0685663,0.995667]],[[0.35767,0.929824,-0.0865951],[-0.923997,0.338939,-0.177058],[-0.135282,0.143342,0.980384]],[[0.35767,0.929824,-0.0865951],[-0.864781,0.294792,-0.406511],[-0.352456,0.220283,0.909533]]],"btipPosition":[3.7907,278.658,-23.0924],"carpPosition":[-5.93264,292.119,81.2943],"dipPosition":[-4.45584,283.812,-1.81168],"direction":[0.135282,-0.143342,-0.980384],"extended":false,"handId":621,"id":6210,"length":52.1025,"mcpPosition":[-5.93264,292.119,81.2943],"pipPosition":[-9.06714,288.698,31.6062],"stabilizedTipPosition":[-45.7423,313.139,99.4861],"timeVisible":0.406658,"tipPosition":[3.08621,278.754,-17.9155],"tipVelocity":[61.5095,-17.8105,-234.381],"tool":false,"touchDistance":-0.660088,"touchZone":"hovering","type":0,"width":20.2446},{"bases":[[[0.997608,-0.0363741,-0.058783],[0.0483628,0.974852,0.217542],[0.0493919,-0.219865,0.974279]],[[0.993724,-0.0689535,0.0880753],[0.0663453,0.997277,0.0322085],[-0.0900564,-0.026163,0.995593]],[[0.993724,-0.0689535,0.0880753],[0.0767716,0.993095,-0.0887022],[-0.0813508,0.0949072,0.992157]],[[0.993724,-0.0689535,0.0880753],[0.0838821,0.980273,-0.178966],[-0.0739975,0.185231,0.979905]]],"btipPosition":[7.94901,325.138,-75.9398],"carpPosition":[4.48406,313.301,79.1923],"dipPosition":[6.68505,328.302,-59.202],"direction":[0.0813508,-0.0949072,-0.992157],"extended":true,"handId":621,"id":6211,"length":58.7918,"mcpPosition":[0.851286,329.472,7.53409],"pipPosition":[4.71929,330.596,-35.2276],"stabilizedTipPosition":[-44.0442,364.447,94.7768],"timeVisible":0.406658,"tipPosition":[7.94698,324.214,-71.8487],"tipVelocity":[43.2326,2.10223,-231.882],"tool":false,"touchDistance":0.257893,"touchZone":"hovering","type":1,"width":19.3376},{"bases":[[[0.972149,-0.231396,0.0371675],[0.217397,0.949604,0.22581],[-0.0875459,-0.211441,0.973462]],[[0.97035,-0.235295,0.0552957],[0.193609,0.619697,-0.760586],[0.144696,0.748741,0.646878]],[[0.97035,-0.235295,0.0552957],[-0.0895563,-0.562488,-0.821941],[0.224502,0.792618,-0.566883]],[[0.97035,-0.235295,0.0552957],[-0.210153,-0.934322,-0.287886],[0.119402,0.26773,-0.956067]]],"btipPosition":[7.19396,265.751,13.2805],"carpPosition":[16.6857,314.646,78.2729],"dipPosition":[9.43716,270.781,-4.68112],"direction":[-0.224502,-0.792618,0.566883],"extended":false,"handId":621,"id":6212,"length":66.9886,"mcpPosition":[22.792,329.394,10.3745],"pipPosition":[15.8195,293.314,-20.7969],"stabilizedTipPosition":[-59.0622,307.146,175.085],"timeVisible":0.406658,"tipPosition":[7.7183,267.073,9.79044],"tipVelocity":[129.942,-63.3488,-202.099],"tool":false,"touchDistance":0.333333,"touchZone":"none","type":2,"width":18.9921},{"bases":[[[0.929497,-0.330912,0.162886],[0.283395,0.923421,0.258805],[-0.236054,-0.194397,0.952097]],[[0.926996,-0.332913,0.172764],[0.332486,0.516204,-0.789295],[0.173585,0.789115,0.589207]],[[0.926996,-0.332913,0.172764],[-0.0829053,-0.631095,-0.771262],[0.365794,0.700634,-0.612623]],[[0.926996,-0.332913,0.172764],[-0.285441,-0.924987,-0.250844],[0.243314,0.183218,-0.952486]]],"btipPosition":[21.1879,266.946,26.9479],"carpPosition":[28.8344,312.847,78.132],"dipPosition":[25.7327,270.369,9.15642],"direction":[-0.365794,-0.700634,0.612623],"extended":false,"handId":621,"id":6213,"length":64.4113,"mcpPosition":[43.6169,325.02,18.5086],"pipPosition":[35.8633,289.772,-7.80994],"stabilizedTipPosition":[-41.9298,300.091,169.35],"timeVisible":0.406658,"tipPosition":[22.3643,267.794,22.1599],"tipVelocity":[120.682,-38.0488,-155.903],"tool":false,"touchDistance":0.333333,"touchZone":"none","type":3,"width":18.0722},{"bases":[[[0.836242,-0.499184,0.22697],[0.40254,0.839885,0.364081],[-0.372372,-0.213095,0.903288]],[[0.864518,-0.479559,0.150435],[0.422102,0.530287,-0.735272],[0.272833,0.699156,0.660866]],[[0.864518,-0.479559,0.150435],[-0.156097,-0.540704,-0.826603],[0.477746,0.691131,-0.542306]],[[0.864518,-0.479559,0.150435],[-0.409121,-0.84532,-0.34359],[0.291938,0.235494,-0.926992]]],"btipPosition":[37.4628,273.984,29.6372],"carpPosition":[39.8935,303.918,78.7839],"dipPosition":[42.4936,278.042,13.663],"direction":[-0.477746,-0.691131,0.542306],"extended":false,"handId":621,"id":6214,"length":50.4973,"mcpPosition":[61.4798,316.271,26.4205],"pipPosition":[51.8352,291.556,3.05901],"stabilizedTipPosition":[-25.7574,302.086,173.952],"timeVisible":0.406658,"tipPosition":[38.5235,275.098,26.4014],"tipVelocity":[117.977,-18.4793,-202.142],"tool":false,"touchDistance":0.333333,"touchZone":"none","type":4,"width":16.0532}],"r":[[0.824669,0.564799,0.0303875],[-0.548765,0.811962,-0.198936],[-0.137032,0.147381,0.979541]],"s":0.690544,"t":[94.4573,-38.4601,-245.361],"timestamp":522920006482},false],[5,{"currentFrameRate":101.723,"devices":[],"gestures":[],"hands":[{"armBasis":[[0.997691,-0.0671706,0.0100491],[0.0637388,0.977094,0.20304],[-0.0234572,-0.201931,0.979119]],"armWidth":63.703,"confidence":0.727014,"direction":[0.121385,0.34998,-0.928859],"elbow":[17.7249,246.015,347.373],"grabStrength":0,"id":621,"palmNormal":[-0.0447679,-0.932896,-0.357351],"palmPosition":[22.8596,316.034,30.6493],"palmVelocity":[62.741,-35.9442,-217.514],"palmWidth":90.9658,"pinchStrength":0.802403,"r":[[0.817842,0.574685,0.0295356],[-0.558498,0.805077,-0.19983],[-0.138618,0.146934,0.979385]],"s":0.69905,"sphereCenter":[31.9783,278.575,-1.08249],"sphereRadius":46.7933,"stabilizedPalmPosition":[-40.5678,347.212,211.378],"t":[94.9427,-38.7389,-247.083],"timeVisible":0.415804,"type":"right","wrist":[24.0566,300.521,83.0813]}],"id":4214771,"interactionBox":{"center":[0,200,0],"size":[235.247,235.247,147.751]},"pointables":[{"bases":[[[0.462743,0.868513,0.177637],[-0.825381,0.348995,0.443788],[0.323441,-0.351978,0.878349]],[[0.348578,0.933355,-0.0856852],[-0.934774,0.352871,0.0409835],[0.0684879,0.0658103,0.995479]],[[0.348578,0.933355,-0.0856852],[-0.928191,0.331053,-0.169896],[-0.130207,0.138754,0.98173]],[[0.348578,0.933355,-0.0856852],[-0.868407,0.287216,-0.404198],[-0.35265,0.215304,0.910649]]],"btipPosition":[4.16861,278.622,-24.8295],"carpPosition":[-5.10294,291.673,79.6197],"dipPosition":[-4.08247,283.659,-3.52269],"direction":[0.130207,-0.138754,-0.98173],"extended":false,"handId":621,"id":6210,"length":52.1025,"mcpPosition":[-5.10294,291.673,79.6197],"pipPosition":[-8.52078,288.389,29.9411],"stabilizedTipPosition":[-45.5364,312.996,98.9741],"timeVisible":0.415804,"tipPosition":[3.4915,278.672,-19.6488],"tipVelocity":[55.8579,-14.765,-221.826],"tool":false,"touchDistance":-0.64838,"touchZone":"hovering","type":0,"width":20.2446},{"bases":[[[0.997899,-0.0249917,-0.0597708],[0.037326,0.97587,0.215136],[0.052952,-0.216915,0.974753]],[[0.994721,-0.056876,0.0854095],[0.0538632,0.997856,0.0371763],[-0.0873408,-0.0323796,0.995652]],[[0.994721,-0.056876,0.0854095],[0.0641917,0.994268,-0.0855049],[-0.0800567,0.0905361,0.99267]],[[0.994721,-0.056876,0.0854095],[0.071352,0.981556,-0.177362],[-0.0737466,0.182519,0.980433]]],"btipPosition":[8.11706,325.008,-77.7355],"carpPosition":[5.06615,312.968,77.4555],"dipPosition":[6.85739,328.125,-60.9887],"direction":[0.0800567,-0.0905361,-0.99267],"extended":true,"handId":621,"id":6211,"length":58.7918,"mcpPosition":[1.17153,328.922,5.76236],"pipPosition":[4.9229,330.313,-37.0019],"stabilizedTipPosition":[-43.9854,364.403,94.5854],"timeVisible":0.415804,"tipPosition":[8.13728,324.071,-73.6514],"tipVelocity":[36.3434,-2.78367,-221.925],"tool":false,"touchDistance":0.227999,"touchZone":"hovering","type":1,"width":19.3376},{"bases":[[[0.974796,-0.220061,0.0366776],[0.206649,0.952597,0.223282],[-0.0840748,-0.210075,0.974064]],[[0.973039,-0.223981,0.0550252],[0.184227,0.611247,-0.7697],[0.138764,0.759085,0.63603]],[[0.973039,-0.223981,0.0550252],[-0.0864398,-0.575332,-0.813339],[0.21383,0.786654,-0.579182]],[[0.973039,-0.223981,0.0550252],[-0.200657,-0.939727,-0.276857],[0.113719,0.258352,-0.959334]]],"btipPosition":[8.21258,265.309,12.419],"carpPosition":[17.2505,314.452,76.5197],"dipPosition":[10.349,270.163,-5.60399],"direction":[-0.21383,-0.786654,0.579182],"extended":false,"handId":621,"id":6212,"length":66.9886,"mcpPosition":[23.1147,329.105,8.57931],"pipPosition":[16.428,292.527,-22.0694],"stabilizedTipPosition":[-57.6534,306.299,171.617],"timeVisible":0.415804,"tipPosition":[8.73002,266.59,8.57312],"tipVelocity":[124.026,-60.4019,-172.493],"tool":false,"touchDistance":0.333333,"touchZone":"none","type":2,"width":18.9921},{"bases":[[[0.933429,-0.319758,0.162682],[0.27298,0.927258,0.256269],[-0.232793,-0.1948,0.952817]],[[0.930937,-0.321782,0.172661],[0.323571,0.507661,-0.798487],[0.169286,0.79921,0.57672]],[[0.930937,-0.321782,0.172661],[-0.0813324,-0.643635,-0.760999],[0.356007,0.694399,-0.625355]],[[0.930937,-0.321782,0.172661],[-0.277363,-0.930598,-0.238866],[0.237541,0.174479,-0.955579]]],"btipPosition":[22.1391,266.803,26.1089],"carpPosition":[29.419,312.793,76.37],"dipPosition":[26.5761,270.062,8.25966],"direction":[-0.356007,-0.694399,0.625355],"extended":false,"handId":621,"id":6213,"length":64.4113,"mcpPosition":[43.9972,324.992,16.7014],"pipPosition":[36.4356,289.293,-9.05932],"stabilizedTipPosition":[-40.0612,299.157,165.12],"timeVisible":0.415804,"tipPosition":[23.3174,267.589,21.1306],"tipVelocity":[115.285,-32.9745,-138.445],"tool":false,"touchDistance":0.333333,"touchZone":"none","type":3,"width":18.0722},{"bases":[[[0.842191,-0.48894,0.227273],[0.393193,0.845359,0.361618],[-0.368937,-0.21519,0.904201]],[[0.869348,-0.469868,0.153161],[0.412875,0.520203,-0.747612],[0.271604,0.713171,0.646234]],[[0.869348,-0.469868,0.153161],[-0.157497,-0.557169,-0.815327],[0.468433,0.68468,-0.558376]],[[0.869348,-0.469868,0.153161],[-0.403152,-0.853517,-0.330118],[0.285837,0.22524,-0.931431]]],"btipPosition":[38.282,273.989,28.7398],"carpPosition":[40.5811,303.994,77.0314],"dipPosition":[43.2076,277.87,12.6892],"direction":[-0.468433,-0.68468,0.558376],"extended":false,"handId":621,"id":6214,"length":50.4973,"mcpPosition":[61.9683,316.468,24.6151],"pipPosition":[52.3671,291.258,1.77092],"stabilizedTipPosition":[-24.9111,301.733,172.019],"timeVisible":0.415804,"tipPosition":[39.3936,275.046,25.1649],"tipVelocity":[109.333,-14.4264,-173.722],"tool":false,"touchDistance":0.333333,"touchZone":"none","type":4,"width":16.0532}],"r":[[0.817842,0.574685,0.0295356],[-0.558498,0.805077,-0.19983],[-0.138618,0.146934,0.979385]],"s":0.69905,"t":[94.9427,-38.7389,-247.083],"timestamp":522920015628},false],[6,{"currentFrameRate":102.138,"devices":[],"gestures":[],"hands":[{"armBasis":[[0.998192,-0.0588057,0.0124268],[0.0551249,0.978113,0.20064],[-0.0239536,-0.199592,0.979586]],"armWidth":63.703,"confidence":0.740953,"direction":[0.112316,0.354857,-0.92815],"elbow":[18.7725,246.505,345.152],"grabStrength":0,"id":621,"palmNormal":[-0.03688,-0.931928,-0.360764],"palmPosition":[23.5751,316.083,28.3719],"palmVelocity":[67.3486,-24.5777,-227.296],"palmWidth":90.9658,"pinchStrength":0.777769,"r":[[0.811083,0.584243,0.0283662],[-0.568159,0.798429,-0.199265],[-0.139068,0.145504,0.979535]],"s":0.708374,"sphereCenter":[32.7506,279.058,-3.51407],"sphereRadius":46.8319,"stabilizedPalmPosition":[-40.4759,347.167,211.116],"t":[95.5432,-38.8536,-249.082],"timeVisible":0.4248,"type":"right","wrist":[25.2382,300.381,80.7347]}],"id":4214772,"interactionBox":{"center":[0,200,0],"size":[235.247,235.247,147.751]},"pointables":[{"bases":[[[0.454479,0.872706,0.178418],[-0.82649,0.338441,0.449857],[0.332209,-0.351911,0.875097]],[[0.339324,0.937123,-0.0816101],[-0.937475,0.344041,0.0527012],[0.0774646,0.0586246,0.99527]],[[0.339324,0.937123,-0.0816101],[-0.932662,0.323871,-0.158901],[-0.122478,0.130033,0.983916]],[[0.339324,0.937123,-0.0816101],[-0.873227,0.28155,-0.397748],[-0.349762,0.20623,0.913858]]],"btipPosition":[4.64769,279.052,-27.1838],"carpPosition":[-3.84485,291.235,77.4045],"dipPosition":[-3.53581,283.877,-5.80196],"direction":[0.122478,-0.130033,-0.983916],"extended":false,"handId":621,"id":6210,"length":52.1025,"mcpPosition":[-3.84485,291.235,77.4045],"pipPosition":[-7.71067,288.31,27.7363],"stabilizedTipPosition":[-45.3728,312.885,98.5634],"timeVisible":0.4248,"tipPosition":[3.98351,279.063,-22.0096],"tipVelocity":[55.6176,0.932155,-232.247],"tool":false,"touchDistance":-0.646931,"touchZone":"hovering","type":0,"width":20.2446},{"bases":[[[0.997749,-0.0141073,-0.0655554],[0.0281644,0.975371,0.218764],[0.0608546,-0.220118,0.973573]],[[0.995865,-0.0462872,0.0781627],[0.0427348,0.998003,0.0465267],[-0.0801601,-0.0429941,0.995854]],[[0.995865,-0.0462872,0.0781627],[0.0523959,0.995575,-0.0780024],[-0.0742063,0.0817753,0.993884]],[[0.995865,-0.0462872,0.0781627],[0.0591688,0.983405,-0.171502],[-0.0689272,0.175418,0.982078]]],"btipPosition":[8.02182,325.71,-79.904],"carpPosition":[6.08425,312.646,75.2663],"dipPosition":[6.84447,328.706,-63.1291],"direction":[0.0742063,-0.0817753,-0.993884],"extended":true,"handId":621,"id":6211,"length":58.7918,"mcpPosition":[1.6084,328.836,3.65998],"pipPosition":[5.05135,330.682,-39.1129],"stabilizedTipPosition":[-43.9441,364.373,94.4494],"timeVisible":0.4248,"tipPosition":[8.07904,324.767,-75.8354],"tipVelocity":[24.0396,18.5579,-226.978],"tool":false,"touchDistance":0.191965,"touchZone":"hovering","type":1,"width":19.3376},{"bases":[[[0.977279,-0.209785,0.0302536],[0.19777,0.953875,0.225853],[-0.0762389,-0.214739,0.973691]],[[0.975634,-0.213873,0.0489598],[0.171795,0.605858,-0.776802],[0.136475,0.766286,0.627838]],[[0.975634,-0.213873,0.0489598],[-0.0876021,-0.584308,-0.80679],[0.201158,0.782843,-0.588806]],[[0.975634,-0.213873,0.0489598],[-0.193257,-0.943338,-0.26975],[0.103878,0.253715,-0.961685]]],"btipPosition":[9.31751,265.294,10.9048],"carpPosition":[18.2465,314.264,74.2669],"dipPosition":[11.2691,270.061,-7.16241],"direction":[-0.201158,-0.782843,0.588806],"extended":false,"handId":621,"id":6212,"length":66.9886,"mcpPosition":[23.5641,329.242,6.35252],"pipPosition":[16.9878,292.316,-23.9015],"stabilizedTipPosition":[-56.1027,305.381,167.825],"timeVisible":0.4248,"tipPosition":[9.80958,266.554,6.71171],"tipVelocity":[122.399,-44.8867,-171.659],"tool":false,"touchDistance":0.333333,"touchZone":"none","type":2,"width":18.9921},{"bases":[[[0.9377,-0.310406,0.156098],[0.264555,0.929118,0.258362],[-0.22523,-0.200969,0.953353]],[[0.935313,-0.312474,0.165981],[0.308833,0.492067,-0.813936],[0.17266,0.812545,0.556739]],[[0.935313,-0.312474,0.165981],[-0.088568,-0.66094,-0.745194],[0.342557,0.682289,-0.645861]],[[0.935313,-0.312474,0.165981],[-0.273135,-0.935847,-0.222684],[0.224915,0.162944,-0.960657]]],"btipPosition":[23.1351,267.086,25.302],"carpPosition":[30.4309,312.735,74.0414],"dipPosition":[27.3363,270.13,7.35785],"direction":[-0.342557,-0.682289,0.645861],"extended":false,"handId":621,"id":6213,"length":64.4113,"mcpPosition":[44.5356,325.32,14.3392],"pipPosition":[36.8233,289.026,-10.529],"stabilizedTipPosition":[-37.9322,298.116,160.344],"timeVisible":0.4248,"tipPosition":[24.3167,267.813,19.9316],"tipVelocity":[112.375,-16.7852,-125.732],"tool":false,"touchDistance":0.333333,"touchZone":"none","type":3,"width":18.0722},{"bases":[[[0.848642,-0.480801,0.22054],[0.386236,0.848098,0.3627],[-0.361426,-0.222622,0.905434]],[[0.874766,-0.461512,0.147618],[0.401537,0.519929,-0.753951],[0.271207,0.718805,0.64013]],[[0.874766,-0.461512,0.147618],[-0.160173,-0.562945,-0.810825],[0.457307,0.685638,-0.566367]],[[0.874766,-0.461512,0.147618],[-0.397898,-0.858048,-0.324702],[0.276517,0.225301,-0.934226]]],"btipPosition":[39.3475,274.26,26.6615],"carpPosition":[41.6898,304.053,74.6045],"dipPosition":[44.1125,278.142,10.5628],"direction":[-0.457307,-0.685638,0.566366],"extended":false,"handId":621,"id":6214,"length":50.4973,"mcpPosition":[62.6416,316.958,22.1167],"pipPosition":[53.0545,291.549,-0.511726],"stabilizedTipPosition":[-24.0452,301.381,170.044],"timeVisible":0.4248,"tipPosition":[40.4581,275.299,22.9061],"tipVelocity":[110.706,-2.18952,-189.787],"tool":false,"touchDistance":0.333333,"touchZone":"none","type":4,"width":16.0532}],"r":[[0.811083,0.584243,0.0283662],[-0.568159,0.798429,-0.199265],[-0.139068,0.145504,0.979535]],"s":0