{"sensorType":"Leap","data":[[0,{"currentFrameRate":98.511,"devices":[],"gestures":[],"hands":[{"armBasis":[[0.746225,-0.665207,-0.0254514],[0.663807,0.740689,0.103632],[-0.0500854,-0.0942279,0.99429]],"armWidth":63.703,"confidence":0.779937,"direction":[0.518651,0.37426,-0.76872],"elbow":[-18.2568,271.309,350.94],"grabStrength":0,"id":607,"palmNormal":[-0.455433,-0.63999,-0.618865],"palmPosition":[15.7811,319.298,37.1503],"palmVelocity":[156.106,39.2143,-291.863],"palmWidth":90.9658,"pinchStrength":0.749264,"r":[[0.928811,0.140506,0.342883],[-0.14499,0.989352,-0.0126621],[-0.341011,-0.0379539,0.939293]],"s":0.956512,"sphereCenter":[8.73759,292.932,-0.786942],"sphereRadius":43.2114,"stabilizedPalmPosition":[-47.7942,316.465,144.676],"t":[113.31,5.08296,-191.21],"timeVisible":0.36159,"type":"right","wrist":[-4.73735,296.744,82.5535]}],"id":4209044,"interactionBox":{"center":[0,200,0],"size":[235.247,235.247,147.751]},"pointables":[{"bases":[[[0.799728,0.375416,0.468507],[-0.581076,0.680229,0.44681],[-0.150952,-0.629564,0.762143]],[[0.780515,0.621297,0.0691878],[-0.620533,0.783414,-0.0346529],[-0.0757324,-0.0158862,0.997002]],[[0.780515,0.621297,0.0691878],[-0.597674,0.774085,-0.208755],[-0.183256,0.121584,0.975518]],[[0.780515,0.621297,0.0691878],[-0.241978,0.402314,-0.882944],[-0.576406,0.672409,0.464352]]],"btipPosition":[-8.53939,288.595,-19.9722],"carpPosition":[-32.0517,307.679,73.8991],"dipPosition":[-22.0258,304.328,-9.10757],"direction":[0.183256,-0.121584,-0.975518],"extended":false,"handId":607,"id":6070,"length":52.1025,"mcpPosition":[-32.0517,307.679,73.8991],"pipPosition":[-28.2723,308.472,24.1444],"stabilizedTipPosition":[-68.4495,294.427,71.6438],"timeVisible":0.36159,"tipPosition":[-11.0583,292.823,-18.1151],"tipVelocity":[174.31,21.924,-283.436],"tool":false,"touchDistance":-0.6819,"touchZone":"hovering","type":0,"width":20.2446},{"bases":[[[0.8004,-0.598709,0.0301188],[0.508217,0.704353,0.495583],[-0.317924,-0.381357,0.868038]],[[0.729591,-0.657872,0.186819],[0.641466,0.753019,0.146573],[-0.237104,0.0129,0.971399]],[[0.729591,-0.657872,0.186819],[0.679134,0.729107,-0.0847356],[-0.0804658,0.188697,0.978733]],[[0.729591,-0.657872,0.186819],[0.683103,0.687986,-0.245041],[0.0326771,0.306397,0.951343]]],"btipPosition":[23.1873,336.484,-66.3914],"carpPosition":[-11.7661,318.783,79.0753],"dipPosition":[23.7455,341.718,-50.1415],"direction":[0.0804658,-0.188697,-0.978733],"extended":true,"handId":607,"id":6071,"length":58.7918,"mcpPosition":[11.6173,346.831,15.2311],"pipPosition":[21.8011,346.277,-26.4914],"stabilizedTipPosition":[-22.3067,330.88,0.654789],"timeVisible":0.36159,"tipPosition":[22.6469,336.683,-62.3853],"tipVelocity":[205.995,66.7211,-301.32],"tool":false,"touchDistance":-0.711925,"touchZone":"hovering","type":1,"width":19.3376},{"bases":[[[0.651644,-0.755972,0.062188],[0.629114,0.584451,0.512477],[-0.423764,-0.294829,0.856446]],[[0.645058,-0.760411,0.0753351],[0.562762,0.40606,-0.72001],[0.516913,0.506844,0.689863]],[[0.645058,-0.760411,0.0753351],[-0.372483,-0.398989,-0.837893],[0.667201,0.512428,-0.540611]],[[0.645058,-0.760411,0.0753351],[-0.684663,-0.618935,-0.38491],[0.339317,0.19671,-0.919875]]],"btipPosition":[-21.6609,290.792,19.4455],"carpPosition":[-0.966981,312.915,79.7743],"dipPosition":[-15.2862,294.488,2.16384],"direction":[-0.667201,-0.512428,0.540611],"extended":false,"handId":607,"id":6072,"length":66.9886,"mcpPosition":[28.5903,333.479,20.0377],"pipPosition":[3.68155,309.056,-13.2051],"stabilizedTipPosition":[-78.6451,290.432,110.68],"timeVisible":0.36159,"tipPosition":[-20.3034,291.516,15.1621],"tipVelocity":[170.135,24.5488,-297.563],"tool":false,"touchDistance":0.333333,"touchZone":"none","type":2,"width":18.9921},{"bases":[[[0.532889,-0.833012,0.148732],[0.660234,0.51925,0.542651],[-0.529264,-0.190974,0.826685]],[[0.51831,-0.837893,0.171141],[0.683852,0.285914,-0.671267],[0.513519,0.46496,0.721187]],[[0.51831,-0.837893,0.171141],[-0.342546,-0.386774,-0.856194],[0.783592,0.385151,-0.487485]],[[0.51831,-0.837893,0.171141],[-0.728364,-0.537383,-0.425095],[0.448153,0.0956781,-0.888822]]],"btipPosition":[-11.9548,283.181,26.4127],"carpPosition":[7.91094,304.444,80.2932],"dipPosition":[-3.58379,284.968,9.81038],"direction":[-0.783592,-0.385151,0.487485],"extended":false,"handId":607,"id":6073,"length":64.4113,"mcpPosition":[41.0552,316.403,28.5234],"pipPosition":[18.1175,295.635,-3.69035],"stabilizedTipPosition":[-72.7651,282.095,126.5],"timeVisible":0.36159,"tipPosition":[-10.1395,283.525,22.9966],"tipVelocity":[168.387,29.9703,-285.847],"tool":false,"touchDistance":0.333333,"touchZone":"none","type":3,"width":18.0722},{"bases":[[[0.351587,-0.923784,0.151693],[0.68571,0.364439,0.630068],[-0.637329,-0.117506,0.76158]],[[0.391362,-0.914453,0.103008],[0.735928,0.243808,-0.631639],[0.55249,0.323006,0.768389]],[[0.391362,-0.914453,0.103008],[-0.365736,-0.25728,-0.894452],[0.844437,0.312381,-0.435138]],[[0.391362,-0.914453,0.103008],[-0.774685,-0.387807,-0.499468],[0.496687,0.115674,-0.860187]]],"btipPosition":[4.23598,278.106,31.4057],"carpPosition":[11.8913,290.814,79.3853],"dipPosition":[12.795,280.099,16.5828],"direction":[-0.844437,-0.312381,0.435138],"extended":false,"handId":607,"id":6074,"length":50.4973,"mcpPosition":[48.8372,297.625,35.2367],"pipPosition":[29.3068,286.207,8.07429],"stabilizedTipPosition":[-53.4276,275.805,125.281],"timeVisible":0.36159,"tipPosition":[6.29987,278.293,27.8038],"tipVelocity":[167.142,40.548,-280.06],"tool":false,"touchDistance":0.333333,"touchZone":"none","type":4,"width":16.0532}],"r":[[0.928811,0.140506,0.342883],[-0.14499,0.989352,-0.0126621],[-0.341011,-0.0379539,0.939293]],"s":0.956512,"t":[113.31,5.08296,-191.21],"timestamp":522851124943},false],[1,{"currentFrameRate":99.0829,"devices":[],"gestures":[],"hands":[{"armBasis":[[0.750285,-0.660814,-0.0199372],[0.658544,0.744371,0.110596],[-0.0582431,-0.0961084,0.993665]],"armWidth":63.703,"confidence":0.781187,"direction":[0.514322,0.375939,-0.770806],"elbow":[-19.0183,271.095,348.469],"grabStrength":0,"id":607,"palmNormal":[-0.454245,-0.642943,-0.616673],"palmPosition":[16.9639,319.642,34.7567],"palmVelocity":[149.496,38.9622,-285.065],"palmWidth":90.9658,"pinchStrength":0.753414,"r":[[0.928117,0.143206,0.343644],[-0.147631,0.988952,-0.0134013],[-0.341767,-0.0382946,0.939004]],"s":0.958636,"sphereCenter":[9.92852,293.266,-3.14708],"sphereRadius":43.2523,"stabilizedPalmPosition":[-46.4511,316.531,142.396],"t":[114.506,5.49304,-193.683],"timeVisible":0.370554,"type":"right","wrist":[-3.29684,297.038,80.2511]}],"id":4209045,"interactionBox":{"center":[0,200,0],"size":[235.247,235.247,147.751]},"pointables":[{"bases":[[[0.79936,0.379902,0.465508],[-0.582997,0.677859,0.447908],[-0.145388,-0.629429,0.763336]],[[0.777711,0.625125,0.0662113],[-0.624565,0.780341,-0.0314146],[-0.0713054,-0.0169217,0.997311]],[[0.777711,0.625125,0.0662113],[-0.601483,0.770611,-0.21066],[-0.182712,0.124007,0.975315]],[[0.777711,0.625125,0.0662113],[-0.241074,0.393865,-0.886991],[-0.580559,0.673861,0.457014]]],"btipPosition":[-7.3226,288.679,-22.0359],"carpPosition":[-30.6926,307.828,71.6722],"dipPosition":[-20.9061,304.446,-11.3429],"direction":[0.182712,-0.124007,-0.975315],"extended":false,"handId":607,"id":6070,"length":52.1025,"mcpPosition":[-30.6926,307.828,71.6722],"pipPosition":[-27.1342,308.673,21.9021],"stabilizedTipPosition":[-66.9506,294.372,69.2865],"timeVisible":0.370554,"tipPosition":[-9.92744,292.902,-20.2417],"tipVelocity":[163.074,18.731,-270.079],"tool":false,"touchDistance":-0.673591,"touchZone":"hovering","type":0,"width":20.2446},{"bases":[[[0.803445,-0.59471,0.0282213],[0.506314,0.707425,0.493149],[-0.313245,-0.38193,0.869487]],[[0.733634,-0.653923,0.184839],[0.637412,0.756489,0.146392],[-0.235558,0.0104202,0.971805]],[[0.733634,-0.653923,0.184839],[0.674357,0.734129,-0.0793501],[-0.0838065,0.182861,0.97956]],[[0.733634,-0.653923,0.184839],[0.679049,0.695071,-0.236155],[0.0259511,0.298765,0.953974]]],"btipPosition":[24.2928,337.159,-68.8849],"carpPosition":[-10.4456,319.038,76.7707],"dipPosition":[24.7361,342.262,-52.5901],"direction":[0.0838065,-0.182861,-0.97956],"extended":true,"handId":607,"id":6071,"length":58.7918,"mcpPosition":[12.5935,347.129,12.8199],"pipPosition":[22.711,346.681,-28.92],"stabilizedTipPosition":[-19.7813,331.283,-2.90291],"timeVisible":0.370554,"tipPosition":[23.6889,337.295,-64.8701],"tipVelocity":[182.565,68.1562,-294.67],"tool":false,"touchDistance":-0.706314,"touchZone":"hovering","type":1,"width":19.3376},{"bases":[[[0.655573,-0.752669,0.0609465],[0.627856,0.588141,0.509791],[-0.419549,-0.295939,0.858137]],[[0.64905,-0.757126,0.0741223],[0.558588,0.408162,-0.722069],[0.516443,0.510063,0.687839]],[[0.64905,-0.757126,0.0741223],[-0.373049,-0.401677,-0.836355],[0.663,0.515185,-0.543154]],[[0.64905,-0.757126,0.0741223],[-0.682801,-0.622739,-0.382073],[0.335436,0.197374,-0.921155]]],"btipPosition":[-20.3885,290.933,17.1887],"carpPosition":[0.384525,313.224,77.4415],"dipPosition":[-14.0867,294.641,-0.117067],"direction":[-0.663,-0.515185,0.543154],"extended":false,"handId":607,"id":6072,"length":66.9886,"mcpPosition":[29.6478,333.866,17.587],"pipPosition":[4.76164,309.287,-15.5583],"stabilizedTipPosition":[-77.3666,290.461,108.593],"timeVisible":0.370554,"tipPosition":[-19.048,291.66,12.9122],"tipVelocity":[161.91,22.2183,-285.2],"tool":false,"touchDistance":0.333333,"touchZone":"none","type":2,"width":18.9921},{"bases":[[[0.537479,-0.830195,0.147959],[0.659395,0.52313,0.539938],[-0.525656,-0.192642,0.828598]],[[0.522805,-0.835184,0.170713],[0.679728,0.287576,-0.674737],[0.514437,0.468794,0.718044]],[[0.522805,-0.835184,0.170713],[-0.344407,-0.390133,-0.85392],[0.779781,0.387639,-0.491607]],[[0.522805,-0.835184,0.170713],[-0.727506,-0.541516,-0.421302],[0.444308,0.0960638,-0.890709]]],"btipPosition":[-10.6495,283.392,24.231],"carpPosition":[9.30588,304.798,77.9414],"dipPosition":[-2.35024,285.186,7.5934],"direction":[-0.779781,-0.387639,0.491607],"extended":false,"handId":607,"id":6073,"length":64.4113,"mcpPosition":[42.2242,316.862,26.0519],"pipPosition":[19.2455,295.922,-6.02148],"stabilizedTipPosition":[-71.4385,282.13,124.302],"timeVisible":0.370554,"tipPosition":[-8.83485,283.736,20.7597],"tipVelocity":[161.653,28.2607,-274.476],"tool":false,"touchDistance":0.333333,"touchZone":"none","type":3,"width":18.0722},{"bases":[[[0.356638,-0.921859,0.151605],[0.685917,0.368547,0.627447],[-0.634292,-0.119783,0.763758]],[[0.394446,-0.912899,0.105012],[0.732614,0.243431,-0.635625],[0.554698,0.327653,0.764823]],[[0.394446,-0.912899,0.105012],[-0.368932,-0.261989,-0.891768],[0.841607,0.313012,-0.440138]],[[0.394446,-0.912899,0.105012],[-0.775437,-0.391993,-0.495015],[0.493062,0.113826,-0.862515]]],"btipPosition":[5.55905,278.466,29.1943],"carpPosition":[13.3507,291.186,77.0361],"dipPosition":[14.0556,280.427,14.3313],"direction":[-0.841607,-0.313012,0.440138],"extended":false,"handId":607,"id":6074,"length":50.4973,"mcpPosition":[50.1205,298.13,32.7613],"pipPosition":[30.512,286.548,5.72499],"stabilizedTipPosition":[-52.0708,275.874,123.066],"timeVisible":0.370554,"tipPosition":[7.62271,278.636,25.5563],"tipVelocity":[161.355,40.2198,-271.212],"tool":false,"touchDistance":0.333333,"touchZone":"none","type":4,"width":16.0532}],"r":[[0.928117,0.143206,0.343644],[-0.147631,0.988952,-0.0134013],[-0.341767,-0.0382946,0.939004]],"s":0.958636,"t":[114.506,5.49304,-193.683],"timestamp":522851133907},false],[2,{"currentFrameRate":99.5117,"devices":[],"gestures":[],"hands":[{"armBasis":[[0.749326,-0.661843,-0.0217824],[0.660268,0.744224,0.10088],[-0.0505559,-0.0899744,0.99466]],"armWidth":63.703,"confidence":0.781511,"direction":[0.517771,0.37613,-0.7684],"elbow":[-16.4783,273.384,346.448],"grabStrength":0,"id":607,"palmNormal":[-0.451132,-0.643105,-0.618785],"palmPosition":[17.6324,320.283,32.5617],"palmVelocity":[127.973,47.5381,-272.004],"palmWidth":90.9658,"pinchStrength":0.758517,"r":[[0.927224,0.145432,0.345116],[-0.149802,0.988615,-0.0141314],[-0.343242,-0.038596,0.938454]],"s":0.960448,"sphereCenter":[10.7694,293.981,-5.38984],"sphereRadius":43.2767,"stabilizedPalmPosition":[-45.1955,316.605,140.244],"t":[115.439,6.01848,-196.017],"timeVisible":0.379761,"type":"right","wrist":[-2.83189,297.671,77.9612]}],"id":4209046,"interactionBox":{"center":[0,200,0],"size":[235.247,235.247,147.751]},"pointables":[{"bases":[[[0.797044,0.380191,0.469229],[-0.585325,0.677645,0.445188],[-0.148714,-0.629486,0.762648]],[[0.777274,0.625227,0.0702542],[-0.624681,0.780215,-0.0322124],[-0.0749535,-0.0188486,0.997009]],[[0.777274,0.625227,0.0702542],[-0.59973,0.770033,-0.217653],[-0.190181,0.127043,0.973494]],[[0.777274,0.625227,0.0702542],[-0.229629,0.385872,-0.893517],[-0.58576,0.678376,0.443499]]],"btipPosition":[-6.26295,289.19,-24.06],"carpPosition":[-30.1913,308.452,69.2547],"dipPosition":[-19.9682,305.062,-13.6833],"direction":[0.190181,-0.127043,-0.973494],"extended":false,"handId":607,"id":6070,"length":52.1025,"mcpPosition":[-30.1913,308.452,69.2547],"pipPosition":[-26.4508,309.392,19.4997],"stabilizedTipPosition":[-65.479,294.333,66.9601],"timeVisible":0.379761,"tipPosition":[-8.97357,293.431,-22.3648],"tipVelocity":[148.791,29.7417,-258.229],"tool":false,"touchDistance":-0.666018,"touchZone":"hovering","type":0,"width":20.2446},{"bases":[[[0.803522,-0.594417,0.0319631],[0.503752,0.707607,0.495505],[-0.317154,-0.382048,0.868017]],[[0.733227,-0.653525,0.187838],[0.635736,0.75686,0.151668],[-0.241286,0.0082086,0.970419]],[[0.733227,-0.653525,0.187838],[0.673606,0.735834,-0.0693132],[-0.0929196,0.177351,0.979751]],[[0.733227,-0.653525,0.187838],[0.679825,0.698561,-0.223272],[0.0146976,0.291406,0.956487]]],"btipPosition":[25.712,338.152,-71.088],"carpPosition":[-9.97241,319.668,74.4475],"dipPosition":[25.963,343.13,-54.7502],"direction":[0.0929196,-0.177351,-0.979751],"extended":true,"handId":607,"id":6071,"length":58.7918,"mcpPosition":[13.3543,347.768,10.6049],"pipPosition":[23.7177,347.415,-31.0756],"stabilizedTipPosition":[-17.3682,331.708,-6.31601],"timeVisible":0.379761,"tipPosition":[25.0414,338.246,-67.075],"tipVelocity":[173.265,78.3937,-278.866],"tool":false,"touchDistance":-0.696914,"touchZone":"hovering","type":1,"width":19.3376},{"bases":[[[0.655556,-0.75243,0.0639983],[0.62526,0.588368,0.512713],[-0.423435,-0.296096,0.856172]],[[0.648972,-0.756891,0.077146],[0.561946,0.408512,-0.71926],[0.512886,0.510132,0.690445]],[[0.648972,-0.756891,0.077146],[-0.368864,-0.401704,-0.838196],[0.665413,0.51551,-0.539884]],[[0.648972,-0.756891,0.077146],[-0.680763,-0.622972,-0.385316],[0.339702,0.197541,-0.919554]]],"btipPosition":[-19.6226,291.563,14.8044],"carpPosition":[0.856625,313.859,75.1688],"dipPosition":[-13.2407,295.274,-2.47123],"direction":[-0.665413,-0.51551,0.539884],"extended":false,"handId":607,"id":6072,"length":66.9886,"mcpPosition":[30.3909,334.511,15.4513],"pipPosition":[5.67623,309.929,-17.8195],"stabilizedTipPosition":[-76.1534,290.501,106.59],"timeVisible":0.379761,"tipPosition":[-18.2622,292.292,10.5458],"tipVelocity":[140.432,35.1689,-277.644],"tool":false,"touchDistance":0.333333,"touchZone":"none","type":2,"width":18.9921},{"bases":[[[0.537086,-0.83,0.15046],[0.656681,0.523368,0.543006],[-0.529441,-0.192837,0.826139]],[[0.522122,-0.835052,0.173425],[0.682051,0.28674,-0.672746],[0.51205,0.469541,0.719261]],[[0.522122,-0.835052,0.173425],[-0.341615,-0.391084,-0.854607],[0.781465,0.386965,-0.48946]],[[0.522122,-0.835052,0.173425],[-0.72592,-0.541859,-0.423591],[0.447693,0.0952738,-0.889097]]],"btipPosition":[-9.94295,284.042,22.0098],"carpPosition":[9.77862,305.436,75.7103],"dipPosition":[-1.58049,285.822,5.40235],"direction":[-0.781465,-0.386965,0.48946],"extended":false,"handId":607,"id":6073,"length":64.4113,"mcpPosition":[42.934,317.512,23.9747],"pipPosition":[20.0619,296.538,-8.15305],"stabilizedTipPosition":[-70.1546,282.177,122.154],"timeVisible":0.379761,"tipPosition":[-8.09994,284.381,18.4901],"tipVelocity":[138.326,40.0127,-264.964],"tool":false,"touchDistance":0.333333,"touchZone":"none","type":3,"width":18.0722},{"bases":[[[0.356264,-0.92173,0.153263],[0.682852,0.368794,0.630638],[-0.6378,-0.120018,0.760793]],[[0.392684,-0.91321,0.108845],[0.735776,0.24095,-0.632911],[0.551755,0.32862,0.766535]],[[0.392684,-0.91321,0.108845],[-0.365609,-0.263609,-0.892659],[0.843878,0.310738,-0.437393]],[[0.392684,-0.91321,0.108845],[-0.773773,-0.392032,-0.497581],[0.497066,0.111171,-0.860562]]],"btipPosition":[6.23496,279.175,27.0059],"carpPosition":[13.8326,291.826,74.8238],"dipPosition":[14.8005,281.09,12.1765],"direction":[-0.843878,-0.310738,0.437393],"extended":false,"handId":607,"id":6074,"length":50.4973,"mcpPosition":[50.8057,298.783,30.7208],"pipPosition":[31.3013,287.166,3.62393],"stabilizedTipPosition":[-50.7529,275.956,120.891],"timeVisible":0.379761,"tipPosition":[8.32398,279.325,23.3631],"tipVelocity":[137.221,50.1951,-261.593],"tool":false,"touchDistance":0.333333,"touchZone":"none","type":4,"width":16.0532}],"r":[[0.927224,0.145432,0.345116],[-0.149802,0.988615,-0.0141314],[-0.343242,-0.038596,0.938454]],"s":0.960448,"t":[115.439,6.01848,-196.017],"timestamp":522851143114},false],[3,{"currentFrameRate":100.08,"devices":[],"gestures":[],"hands":[{"armBasis":[[0.748959,-0.662291,-0.0207684],[0.660521,0.743733,0.10283],[-0.0526574,-0.0907336,0.994482]],"armWidth":63.703,"confidence":0.786877,"direction":[0.516218,0.374408,-0.770284],"elbow":[-16.0574,273.604,345.173],"grabStrength":0,"id":607,"palmNormal":[-0.453521,-0.64344,-0.616688],"palmPosition":[18.5293,320.617,31.25],"palmVelocity":[120.648,44.8601,-238.256],"palmWidth":90.9658,"pinchStrength":0.760486,"r":[[0.92672,0.147087,0.345767],[-0.151305,0.988374,-0.0149224],[-0.343942,-0.0384873,0.938202]],"s":0.96225,"sphereCenter":[11.528,294.332,-6.66397],"sphereRadius":43.3091,"stabilizedPalmPosition":[-44.0414,316.678,138.27],"t":[116.354,6.44849,-197.84],"timeVisible":0.388642,"type":"right","wrist":[-1.84372,298.095,76.7349]}],"id":4209047,"interactionBox":{"center":[0,200,0],"size":[235.247,235.247,147.751]},"pointables":[{"bases":[[[0.798723,0.379894,0.466606],[-0.583343,0.678986,0.445745],[-0.147483,-0.628218,0.763931]],[[0.778213,0.624379,0.0673504],[-0.623928,0.780901,-0.03013],[-0.0714065,-0.0185743,0.997274]],[[0.778213,0.624379,0.0673504],[-0.599204,0.770349,-0.217985],[-0.187988,0.129282,0.973625]],[[0.778213,0.624379,0.0673504],[-0.229274,0.382319,-0.895134],[-0.584652,0.681163,0.44068]]],"btipPosition":[-5.56206,289.479,-25.1821],"carpPosition":[-29.2127,308.896,68.0844],"dipPosition":[-19.2414,305.416,-14.8713],"direction":[0.187988,-0.129282,-0.973625],"extended":false,"handId":607,"id":6070,"length":52.1025,"mcpPosition":[-29.2127,308.896,68.0844],"pipPosition":[-25.6492,309.823,18.3162],"stabilizedTipPosition":[-64.1099,294.305,64.795],"timeVisible":0.388642,"tipPosition":[-8.28004,293.706,-23.5],"tipVelocity":[130.004,30.9764,-222.887],"tool":false,"touchDistance":-0.644808,"touchZone":"hovering","type":0,"width":20.2446},{"bases":[[[0.802884,-0.595343,0.0307167],[0.505897,0.707702,0.49318],[-0.315349,-0.380427,0.869385]],[[0.733152,-0.654011,0.186434],[0.636412,0.756443,0.150912],[-0.239725,0.00800778,0.970808]],[[0.733152,-0.654011,0.186434],[0.673511,0.736236,-0.0658661],[-0.0941827,0.173856,0.980257]],[[0.733152,-0.654011,0.186434],[0.679968,0.700356,-0.217128],[0.0114334,0.285957,0.958174]]],"btipPosition":[26.604,338.647,-72.4855],"carpPosition":[-8.96683,320.096,73.2084],"dipPosition":[26.7993,343.531,-56.1188],"direction":[0.0941827,-0.173856,-0.980257],"extended":true,"handId":607,"id":6071,"length":58.7918,"mcpPosition":[14.2271,348.076,9.26517],"pipPosition":[24.5235,347.732,-32.432],"stabilizedTipPosition":[-15.1992,332.105,-9.39109],"timeVisible":0.388642,"tipPosition":[25.9049,338.71,-68.4699],"tipVelocity":[153.103,71.5758,-245.673],"tool":false,"touchDistance":-0.676418,"touchZone":"hovering","type":1,"width":19.3376},{"bases":[[[0.654812,-0.753131,0.0633632],[0.627304,0.58834,0.51024],[-0.421557,-0.294363,0.857695]],[[0.648257,-0.757566,0.0765366],[0.560696,0.406938,-0.721125],[0.515154,0.510388,0.688564]],[[0.648257,-0.757566,0.0765366],[-0.371409,-0.402355,-0.836759],[0.664695,0.514008,-0.542196]],[[0.648257,-0.757566,0.0765366],[-0.682496,-0.622683,-0.382708],[0.337584,0.195857,-0.920694]]],"btipPosition":[-18.8023,291.92,13.6169],"carpPosition":[1.85703,314.275,73.9098],"dipPosition":[-12.4601,295.599,-3.68013],"direction":[-0.664695,-0.514008,0.542196],"extended":false,"handId":607,"id":6072,"length":66.9886,"mcpPosition":[31.2604,334.806,14.0861],"pipPosition":[6.43635,310.212,-19.0941],"stabilizedTipPosition":[-75.0322,290.544,104.741],"timeVisible":0.388642,"tipPosition":[-17.4517,292.642,9.36419],"tipVelocity":[127.103,36.3035,-238.718],"tool":false,"touchDistance":0.333333,"touchZone":"none","type":2,"width":18.9921},{"bases":[[[0.536475,-0.830434,0.150244],[0.658727,0.523345,0.540545],[-0.527516,-0.191019,0.827791]],[[0.521385,-0.835491,0.173528],[0.680133,0.284071,-0.675813],[0.515341,0.470381,0.716355]],[[0.521385,-0.835491,0.173528],[-0.345442,-0.392605,-0.852368],[0.780274,0.384468,-0.493312]],[[0.521385,-0.835491,0.173528],[-0.728231,-0.541655,-0.419869],[0.444789,0.0925447,-0.890841]]],"btipPosition":[-9.13166,284.416,20.9052],"carpPosition":[10.7702,305.841,74.44],"dipPosition":[-0.823428,286.145,4.26514],"direction":[-0.780274,-0.384468,0.493312],"extended":false,"handId":607,"id":6073,"length":64.4113,"mcpPosition":[43.8051,317.803,22.601],"pipPosition":[20.786,296.793,-9.39696],"stabilizedTipPosition":[-68.9437,282.228,120.132],"timeVisible":0.388642,"tipPosition":[-7.29005,284.741,17.3344],"tipVelocity":[125.191,40.2337,-227.025],"tool":false,"touchDistance":0.333333,"touchZone":"none","type":3,"width":18.0722},{"bases":[[[0.35555,-0.921941,0.153649],[0.684939,0.368866,0.628328],[-0.635958,-0.118162,0.762624]],[[0.390302,-0.913961,0.111082],[0.734679,0.236457,-0.635873],[0.554897,0.329792,0.763758]],[[0.390302,-0.913961,0.111082],[-0.369152,-0.265878,-0.890526],[0.84344,0.306568,-0.441163]],[[0.390302,-0.913961,0.111082],[-0.776292,-0.391554,-0.49402],[0.49501,0.106585,-0.862325]]],"btipPosition":[7.0339,279.586,25.8407],"carpPosition":[14.8055,292.225,73.5624],"dipPosition":[15.564,281.422,10.9809],"direction":[-0.84344,-0.306568,0.441163],"extended":false,"handId":607,"id":6074,"length":50.4973,"mcpPosition":[51.6718,299.075,29.3533],"pipPosition":[32.0563,287.417,2.35459],"stabilizedTipPosition":[-49.5117,276.04,118.845],"timeVisible":0.388642,"tipPosition":[9.12215,279.708,22.1787],"tipVelocity":[124.141,48.5754,-226.407],"tool":false,"touchDistance":0.333333,"touchZone":"none","type":4,"width":16.0532}],"r":[[0.92672,0.147087,0.345767],[-0.151305,0.988374,-0.0149224],[-0.343942,-0.0384873,0.938202]],"s":0.96225,"t":[116.354,6.44849,-197.84],"timestamp":522851151995},false],[4,{"currentFrameRate":100.477,"devices":[],"gestures":[],"hands":[{"armBasis":[[0.756041,-0.65387,-0.0292641],[0.65203,0.748508,0.120796],[-0.0570807,-0.110408,0.992246]],"armWidth":63.703,"confidence":0.788162,"direction":[0.517001,0.379159,-0.76743],"elbow":[-16.6874,268.554,342.698],"grabStrength":0,"id":607,"palmNormal":[-0.446286,-0.645653,-0.619646],"palmPosition":[19.137,321.089,29.5027],"palmVelocity":[105.442,46.6795,-224.876],"palmWidth":90.9658,"pinchStrength":0.761553,"r":[[0.9258,0.149598,0.347152],[-0.153871,0.987971,-0.015398],[-0.34528,-0.039161,0.937682]],"s":0.963925,"sphereCenter":[12.4642,294.885,-8.49738],"sphereRadius":43.3254,"stabilizedPalmPosition":[-42.9314,316.755,136.359],"t":[117.115,6.89931,-199.625],"timeVisible":0.397822,"type":"right","wrist":[-1.27974,298.357,74.8633]}],"id":4209048,"interactionBox":{"center":[0,200,0],"size":[235.247,235.247,147.751]},"pointables":[{"bases":[[[0.79398,0.384746,0.470708],[-0.590034,0.674231,0.444155],[-0.146479,-0.630384,0.762339]],[[0.773563,0.629634,0.0718421],[-0.629239,0.776599,-0.0308653],[-0.0752263,-0.0213296,0.996938]],[[0.773563,0.629634,0.0718421],[-0.603431,0.766471,-0.219985],[-0.193575,0.12682,0.972854]],[[0.773563,0.629634,0.0718421],[-0.226883,0.381015,-0.896299],[-0.591714,0.677044,0.437592]]],"btipPosition":[-4.4879,289.88,-27.0437],"carpPosition":[-28.6848,308.98,66.1075],"dipPosition":[-18.3324,305.721,-16.8053],"direction":[0.193575,-0.12682,-0.972854],"extended":false,"handId":607,"id":6070,"length":52.1025,"mcpPosition":[-28.6848,308.98,66.1075],"pipPosition":[-24.9307,310.044,16.356],"stabilizedTipPosition":[-62.7376,294.286,62.6192],"timeVisible":0.397822,"tipPosition":[-7.25545,294.068,-25.3679],"tipVelocity":[125.22,33.8629,-217.783],"tool":false,"touchDistance":-0.636835,"touchZone":"hovering","type":0,"width":20.2446},{"bases":[[[0.806873,-0.589779,0.0334],[0.498759,0.710465,0.496467],[-0.316535,-0.383927,0.867413]],[[0.737066,-0.649046,0.188343],[0.629934,0.760742,0.156381],[-0.244779,0.00338085,0.969573]],[[0.737066,-0.649046,0.188343],[0.667958,0.742017,-0.0569456],[-0.102794,0.167778,0.980451]],[[0.737066,-0.649046,0.188343],[0.675821,0.707648,-0.206158],[0.000525276,0.279238,0.960222]]],"btipPosition":[27.7291,339.581,-74.1976],"carpPosition":[-8.54045,320.313,71.3378],"dipPosition":[27.7381,344.351,-57.796],"direction":[0.102794,-0.167778,-0.980451],"extended":true,"handId":607,"id":6071,"length":58.7918,"mcpPosition":[14.7407,348.55,7.53962],"pipPosition":[25.2542,348.405,-34.1045],"stabilizedTipPosition":[-13.0555,332.533,-12.4389],"timeVisible":0.397822,"tipPosition":[26.9916,339.615,-70.1877],"tipVelocity":[143.27,79.2118,-228.909],"tool":false,"touchDistance":-0.662672,"touchZone":"hovering","type":1,"width":19.3376},{"bases":[[[0.659762,-0.748644,0.0651554],[0.62092,0.591926,0.513889],[-0.423288,-0.298589,0.855379]],[[0.653178,-0.753145,0.0782951],[0.561163,0.412052,-0.71785],[0.508384,0.512821,0.691781]],[[0.653178,-0.753145,0.0782951],[-0.364762,-0.403576,-0.839092],[0.663556,0.519518,-0.538325]],[[0.653178,-0.753145,0.0782951],[-0.676414,-0.626833,-0.386711],[0.340327,0.199631,-0.918871]]],"btipPosition":[-17.911,292.161,11.6481],"carpPosition":[2.32054,314.566,72.0786],"dipPosition":[-11.5173,295.911,-5.61478],"direction":[-0.663556,-0.519518,0.538325],"extended":false,"handId":607,"id":6072,"length":66.9886,"mcpPosition":[31.8446,335.392,12.4165],"pipPosition":[7.34682,310.681,-20.9187],"stabilizedTipPosition":[-73.9341,290.591,102.922],"timeVisible":0.397822,"tipPosition":[-16.5463,292.901,7.4126],"tipVelocity":[119.084,33.9973,-231.709],"tool":false,"touchDistance":0.333333,"touchZone":"none","type":2,"width":18.9921},{"bases":[[[0.541584,-0.826902,0.151395],[0.65266,0.527106,0.544237],[-0.529832,-0.19594,0.825158]],[[0.5263,-0.832139,0.174796],[0.68095,0.289365,-0.672737],[0.509231,0.473089,0.718938]],[[0.5263,-0.832139,0.174796],[-0.339358,-0.394051,-0.854143],[0.779644,0.390217,-0.489782]],[[0.5263,-0.832139,0.174796],[-0.722795,-0.5461,-0.423489],[0.447858,0.0965407,-0.888878]]],"btipPosition":[-8.23389,284.722,19.0162],"carpPosition":[11.2899,306.194,72.6359],"dipPosition":[0.131654,286.526,2.41286],"direction":[-0.779644,-0.390217,0.489782],"extended":false,"handId":607,"id":6073,"length":64.4113,"mcpPosition":[44.4697,318.464,20.9618],"pipPosition":[21.7236,297.332,-11.1515],"stabilizedTipPosition":[-67.7327,282.284,118.103],"timeVisible":0.397822,"tipPosition":[-6.37376,285.062,15.433],"tipVelocity":[117.943,38.8322,-220.833],"tool":false,"touchDistance":0.333333,"touchZone":"none","type":3,"width":18.0722},{"bases":[[[0.361288,-0.919672,0.153862],[0.67956,0.37268,0.631908],[-0.638489,-0.123742,0.759618]],[[0.394351,-0.911896,0.11372],[0.736127,0.239388,-0.633097],[0.550095,0.333375,0.765674]],[[0.394351,-0.911896,0.11372],[-0.364456,-0.268796,-0.891583],[0.843599,0.310151,-0.438346]],[[0.394351,-0.911896,0.11372],[-0.772278,-0.395929,-0.496816],[0.49807,0.108097,-0.860373]]],"btipPosition":[7.91297,280.069,24.0522],"carpPosition":[15.4239,292.608,71.7561],"dipPosition":[16.4958,281.932,9.22609],"direction":[-0.843599,-0.310151,0.438346],"extended":false,"handId":607,"id":6074,"length":50.4973,"mcpPosition":[52.437,299.781,27.7212],"pipPosition":[32.9912,287.996,0.654846],"stabilizedTipPosition":[-48.2602,276.134,116.776],"timeVisible":0.397822,"tipPosition":[10.0259,280.187,20.3828],"tipVelocity":[116.585,49.8923,-217.352],"tool":false,"touchDistance":0.333333,"touchZone":"none","type":4,"width":16.0532}],"r":[[0.9258,0.149598,0.347152],[-0.153871,0.987971,-0.015398],[-0.34528,-0.039161,0.937682]],"s":0.963925,"t":[117.115,6.89931,-199.625],"timestamp":522851161175},false],[5,{"currentFrameRate":101.005,"devices":[],"gestures":[],"hands":[{"armBasis":[[0.755934,-0.653628,-0.0365281],[0.652843,0.748535,0.116156],[-0.04858,-0.111653,0.992559]],"armWidth":63.703,"confidence":0.76599,"direction":[0.516207,0.378775,-0.768153],"elbow":[-13.5323,268.608,340.915],"grabStrength":0,"id":607,"palmNormal":[-0.44687,-0.646013,-0.618849],"palmPosition":[19.9506,321.455,27.6025],"palmVelocity":[101.698,45.1972,-221.934],"palmWidth":90.9658,"pinchStrength":0.762579,"r":[[0.925126,0.151655,0.348057],[-0.155936,0.98764,-0.0158573],[-0.346159,-0.0396048,0.937339]],"s":0.965406,"sphereCenter":[13.2438,295.26,-10.3838],"sphereRadius":43.3438,"stabilizedPalmPosition":[-41.9299,316.83,134.627],"t":[117.902,7.30769,-201.468],"timeVisible":0.4067,"type":"right","wrist":[-0.419194,298.746,72.9958]}],"id":4209049,"interactionBox":{"center":[0,200,0],"size":[235.247,235.247,147.751]},"pointables":[{"bases":[[[0.79443,0.385046,0.469703],[-0.589627,0.674436,0.444383],[-0.145676,-0.629981,0.762825]],[[0.773651,0.62963,0.0709308],[-0.629293,0.776596,-0.0298195],[-0.0738599,-0.0215664,0.997035]],[[0.773651,0.62963,0.0709308],[-0.603461,0.766326,-0.22041],[-0.193133,0.127716,0.972825]],[[0.773651,0.62963,0.0709308],[-0.226623,0.379512,-0.897002],[-0.591698,0.677892,0.436298]]],"btipPosition":[-3.72038,290.225,-28.863],"carpPosition":[-27.8337,309.363,64.2618],"dipPosition":[-17.5646,306.086,-18.6548],"direction":[0.193133,-0.127716,-0.972825],"extended":false,"handId":607,"id":6070,"length":52.1025,"mcpPosition":[-27.8337,309.363,64.2618],"pipPosition":[-24.1478,310.439,14.5054],"stabilizedTipPosition":[-61.486,294.276,60.6212],"timeVisible":0.4067,"tipPosition":[-6.50285,294.397,-27.1884],"tipVelocity":[114.7,35.3375,-214.503],"tool":false,"touchDistance":-0.628878,"touchZone":"hovering","type":0,"width":20.2446},{"bases":[[[0.806942,-0.589714,0.0329076],[0.499215,0.710762,0.495582],[-0.315641,-0.383478,0.867937]],[[0.737286,-0.648905,0.187966],[0.629801,0.760863,0.156327],[-0.244458,0.00312355,0.969655]],[[0.737286,-0.648905,0.187966],[0.667469,0.742657,-0.054272],[-0.104377,0.165476,0.980675]],[[0.737286,-0.648905,0.187966],[0.675577,0.709156,-0.201726],[-0.00239654,0.275715,0.961236]]],"btipPosition":[28.5935,340.062,-76.1345],"carpPosition":[-7.68474,320.699,69.4658],"dipPosition":[28.5525,344.772,-59.7156],"direction":[0.104377,-0.165476,-0.980675],"extended":true,"handId":607,"id":6071,"length":58.7918,"mcpPosition":[15.5307,348.904,5.62903],"pipPosition":[26.0304,348.77,-36.0186],"stabilizedTipPosition":[-11.1376,332.93,-15.1987],"timeVisible":0.4067,"tipPosition":[27.8425,340.097,-72.1283],"tipVelocity":[130.458,71.9846,-225.87],"tool":false,"touchDistance":-0.653731,"touchZone":"hovering","type":1,"width":19.3376},{"bases":[[[0.659872,-0.74857,0.0648964],[0.621401,0.59224,0.512946],[-0.422411,-0.298152,0.855964]],[[0.6533,-0.753065,0.0780472],[0.560537,0.411816,-0.718475],[0.508918,0.513128,0.69116]],[[0.6533,-0.753065,0.0780472],[-0.365469,-0.403964,-0.838598],[0.663047,0.519332,-0.539132]],[[0.6533,-0.753065,0.0780472],[-0.676746,-0.62707,-0.385745],[0.339432,0.199189,-0.919298]]],"btipPosition":[-17.1098,292.517,9.78822],"carpPosition":[3.17733,314.954,70.1988],"dipPosition":[-10.7329,296.259,-7.48263],"direction":[-0.663047,-0.519332,0.539132],"extended":false,"handId":607,"id":6072,"length":66.9886,"mcpPosition":[32.6402,335.75,10.4958],"pipPosition":[8.11672,311.023,-22.8095],"stabilizedTipPosition":[-72.9367,290.639,101.261],"timeVisible":0.4067,"tipPosition":[-15.7491,293.256,5.56027],"tipVelocity":[111.138,35.6019,-225.734],"tool":false,"touchDistance":0.333333,"touchZone":"none","type":2,"width":18.9921},{"bases":[[[0.541784,-0.826788,0.151297],[0.653175,0.527438,0.543297],[-0.528991,-0.195526,0.825795]],[[0.526419,-0.832047,0.174875],[0.680112,0.288659,-0.673887],[0.510226,0.473682,0.717841]],[[0.526419,-0.832047,0.174875],[-0.340561,-0.394811,-0.853312],[0.779039,0.389644,-0.491199]],[[0.526419,-0.832047,0.174875],[-0.723376,-0.546385,-0.422126],[0.446778,0.0957143,-0.88951]]],"btipPosition":[-7.43621,285.09,17.192],"carpPosition":[12.1478,306.583,70.7516],"dipPosition":[0.90916,286.878,0.576861],"direction":[-0.779039,-0.389644,0.491199],"extended":false,"handId":607,"id":6073,"length":64.4113,"mcpPosition":[45.2749,318.827,19.0376],"pipPosition":[22.4843,297.669,-13.0267],"stabilizedTipPosition":[-66.6171,282.342,116.225],"timeVisible":0.4067,"tipPosition":[-5.57558,285.425,13.5893],"tipVelocity":[110.176,39.4234,-216.747],"tool":false,"touchDistance":0.333333,"touchZone":"none","type":3,"width":18.0722},{"bases":[[[0.361497,-0.919568,0.153995],[0.680173,0.373061,0.631024],[-0.637719,-0.12337,0.760325]],[[0.392719,-0.912307,0.116049],[0.735397,0.235752,-0.635304],[0.552234,0.334838,0.763493]],[[0.392719,-0.912307,0.116049],[-0.367029,-0.27118,-0.889804],[0.843245,0.30685,-0.441341]],[[0.392719,-0.912307,0.116049],[-0.773905,-0.396008,-0.494215],[0.496832,0.104277,-0.861559]]],"btipPosition":[8.67872,280.514,22.2861],"carpPosition":[16.2816,292.996,69.875],"dipPosition":[17.2402,282.311,7.43957],"direction":[-0.843245,-0.30685,0.441341],"extended":false,"handId":607,"id":6074,"length":50.4973,"mcpPosition":[53.25,300.148,25.7991],"pipPosition":[33.7287,288.311,-1.19022],"stabilizedTipPosition":[-47.1001,276.229,114.848],"timeVisible":0.4067,"tipPosition":[10.7978,280.608,18.5877],"tipVelocity":[108.202,49.5098,-212.495],"tool":false,"touchDistance":0.333333,"touchZone":"none","type":4,"width":16.0532}],"r":[[0.925126,0.151655,0.348057],[-0.155936,0.98764,-0.0158573],[-0.346159,-0.0396048,0.937339]],"s":0.965406,"t":[117.902,7.30769,-201.468],"timestamp":522851170053},false],[6,{"currentFrameRate":101.322,"devices":[],"gestures":[],"hands":[{"armBasis":[[0.752464,-0.657871,-0.0317001],[0.657319,0.747051,0.099233],[-0.0416009,-0.0955063,0.994559]],"armWidth":63.703,"confidence":0.780477,"direction":[0.514442,0.376532,-0.770437],"elbow":[-10.6166,273.37,339.107],"grabStrength":0,"id":607,"palmNormal":[-0.450118,-0.64615,-0.616347],"palmPosition":[20.8788,321.746,25.1519],"palmVelocity":[101.295,41.3368,-233.961],"palmWidth":90.9658,"pinchStrength":0.764434,"r":[[0.924867,0.153055,0.348131],[-0.157217,0.987427,-0.0164466],[-0.346271,-0.0395212,0.937302]],"s":0.966859,"sphereCenter":[13.9886,295.565,-12.7763],"sphereRadius":43.3613,"stabilizedPalmPosition":[-40.9805,316.904,132.972],"t":[118.76,7.65756,-203.615],"timeVisible":0.415958,"type":"right","wrist":[0.612643,299.15,70.6479]}],"id":4209050,"interactionBox":{"center":[0,200,0],"size":[235.247,235.247,147.751]},"pointables":[{"bases":[[[0.796689,0.384271,0.4665],[-0.586882,0.676293,0.445193],[-0.144416,-0.628461,0.764317]],[[0.775162,0.628126,0.0676816],[-0.627852,0.777832,-0.0279193],[-0.0701818,-0.020852,0.997316]],[[0.775162,0.628126,0.0676816],[-0.602247,0.767057,-0.221183],[-0.190846,0.130691,0.972881]],[[0.775162,0.628126,0.0676816],[-0.226298,0.376089,-0.898524],[-0.589841,0.681186,0.433674]]],"btipPosition":[-3.00116,290.454,-31.0939],"carpPosition":[-26.8095,309.806,61.9854],"dipPosition":[-16.8019,306.392,-20.9471],"direction":[0.190846,-0.130691,-0.972881],"extended":false,"handId":607,"id":6070,"length":52.1025,"mcpPosition":[-26.8095,309.806,61.9854],"pipPosition":[-23.3072,310.847,12.2151],"stabilizedTipPosition":[-60.3145,294.273,58.728],"timeVisible":0.415958,"tipPosition":[-5.80343,294.624,-29.4351],"tipVelocity":[104.595,32.8947,-222.375],"tool":false,"touchDistance":-0.627999,"touchZone":"hovering","type":0,"width":20.2446},{"bases":[[[0.805906,-0.591218,0.0312526],[0.502189,0.710598,0.492805],[-0.313563,-0.38146,0.869578]],[[0.736641,-0.650023,0.18663],[0.631412,0.759904,0.154483],[-0.242238,0.00404253,0.970208]],[[0.736641,-0.650023,0.18663],[0.668227,0.742072,-0.0529338],[-0.104085,0.163705,0.981003]],[[0.736641,-0.650023,0.18663],[0.676275,0.709461,-0.198285],[-0.0035171,0.272279,0.962212]]],"btipPosition":[29.4201,340.388,-78.6636],"carpPosition":[-6.62199,321.112,67.1057],"dipPosition":[29.3601,345.039,-62.2281],"direction":[0.104085,-0.163705,-0.981003],"extended":true,"handId":607,"id":6071,"length":58.7918,"mcpPosition":[16.4406,349.168,3.14824],"pipPosition":[26.845,348.995,-38.5231],"stabilizedTipPosition":[-9.39208,333.297,-17.7683],"timeVisible":0.415958,"tipPosition":[28.6536,340.419,-74.6589],"tipVelocity":[118.747,61.2398,-239.06],"tool":false,"touchDistance":-0.654571,"touchZone":"hovering","type":1,"width":19.3376},{"bases":[[[0.658635,-0.749738,0.0639762],[0.624201,0.591868,0.509966],[-0.420206,-0.295947,0.857812]],[[0.652097,-0.754199,0.0771574],[0.559115,0.409682,-0.720799],[0.512016,0.51317,0.688837]],[[0.652097,-0.754199,0.0771574],[-0.368855,-0.404531,-0.83684],[0.662357,0.51724,-0.541984]],[[0.652097,-0.754199,0.0771574],[-0.679182,-0.626374,-0.38258],[0.336871,0.197075,-0.920695]]],"btipPosition":[-16.2912,292.853,7.49265],"carpPosition":[4.2313,315.346,67.8129],"dipPosition":[-9.96237,296.556,-9.80444],"direction":[-0.662357,-0.51724,0.541983],"extended":false,"handId":607,"id":6072,"length":66.9886,"mcpPosition":[33.5404,335.989,7.98096],"pipPosition":[8.86765,311.26,-25.2124],"stabilizedTipPosition":[-71.9904,290.688,99.6688],"timeVisible":0.415958,"tipPosition":[-14.9423,293.584,3.26819],"tipVelocity":[104.415,35.5252,-232.167],"tool":false,"touchDistance":0.333333,"touchZone":"none","type":2,"width":18.9921},{"bases":[[[0.540678,-0.827587,0.150886],[0.655949,0.527055,0.540319],[-0.526686,-0.193165,0.827822]],[[0.525202,-0.832833,0.174792],[0.677492,0.284923,-0.678103],[0.514944,0.474561,0.71388]],[[0.525202,-0.832833,0.174792],[-0.345958,-0.396625,-0.850295],[0.777481,0.386106,-0.496434]],[[0.525202,-0.832833,0.174792],[-0.726633,-0.545802,-0.417259],[0.442908,0.0921355,-0.89182]]],"btipPosition":[-6.63633,285.444,15.0288],"carpPosition":[13.1873,306.959,68.3502],"dipPosition":[1.63677,287.165,-1.62954],"direction":[-0.777481,-0.386106,0.496434],"extended":false,"handId":607,"id":6073,"length":64.4113,"mcpPosition":[46.1702,319.056,16.5093],"pipPosition":[23.1688,297.858,-15.3781],"stabilizedTipPosition":[-65.5462,282.403,114.407],"timeVisible":0.415958,"tipPosition":[-4.77664,285.761,11.3532],"tipVelocity":[102.984,38.6262,-221.806],"tool":false,"touchDistance":0.333333,"touchZone":"none","type":3,"width":18.0722},{"bases":[[[0.360222,-0.920014,0.154319],[0.682933,0.372768,0.628209],[-0.635486,-0.120905,0.762587]],[[0.388827,-0.913543,0.119383],[0.734101,0.228908,-0.639294],[0.556695,0.336214,0.759639]],[[0.388827,-0.913543,0.119383],[-0.371954,-0.274205,-0.886827],[0.84289,0.300417,-0.446414]],[[0.388827,-0.913543,0.119383],[-0.777473,-0.39488,-0.489495],[0.494317,0.0975116,-0.863795]]],"btipPosition":[9.45242,280.932,20.0363],"carpPosition":[17.2922,293.363,67.4823],"dipPosition":[17.9706,282.613,5.15121],"direction":[-0.84289,-0.300417,0.446414],"extended":false,"handId":607,"id":6074,"length":50.4973,"mcpPosition":[54.1311,300.372,23.2753],"pipPosition":[34.4521,288.487,-3.57779],"stabilizedTipPosition":[-45.9897,276.325,112.984],"timeVisible":0.415958,"tipPosition":[11.5746,280.982,16.308],"tipVelocity":[100.972,47.4659,-221.347],"tool":false,"touchDistance":0.333333,"touchZone":"none","type":4,"width":16.0532}],"r":[[0.924867,0.153055,0.348131],[-0.157217,0.987427,-0.0164466],[-0.346271,-0.0395212,0.937302]],"s":0.966859,"t":[118.76,7.65756,-203.615],"timestamp":5228511