{"sensorType":"Leap","data":[[0,{"currentFrameRate":105.347,"devices":[],"gestures":[],"hands":[{"armBasis":[[0.601908,-0.788224,-0.128104],[0.795344,0.577321,0.184741],[-0.0716599,-0.213083,0.974403]],"armWidth":63.703,"confidence":0.656225,"direction":[0.479664,0.30762,-0.821761],"elbow":[-31.4032,258.88,344.263],"grabStrength":0,"id":610,"palmNormal":[-0.65694,-0.494943,-0.568736],"palmPosition":[6.56473,337.059,34.1555],"palmVelocity":[54.6149,-90.5809,-188.225],"palmWidth":90.9658,"pinchStrength":1,"r":[[0.99173,-0.127704,0.0127737],[0.12772,0.99181,-0.000479141],[-0.0126079,0.00210664,0.999918]],"s":0.937634,"sphereCenter":[-9.24579,314.606,-6.15464],"sphereRadius":45.2133,"stabilizedPalmPosition":[-4.19636,355.743,84.6824],"t":[10.5237,-18.4206,-50.6436],"timeVisible":0.189907,"type":"right","wrist":[-12.0602,316.397,81.2443]}],"id":4209842,"interactionBox":{"center":[0,200,0],"size":[235.247,235.247,147.751]},"pointables":[{"bases":[[[0.91525,0.175709,0.362553],[-0.361535,0.755309,0.546627],[-0.177792,-0.631376,0.754821]],[[0.913716,0.40368,0.0465364],[-0.406129,0.911006,0.0716017],[-0.0134908,-0.0843234,0.996347]],[[0.913716,0.40368,0.0465364],[-0.3919,0.905691,-0.161675],[-0.107412,0.129487,0.985746]],[[0.913716,0.40368,0.0465364],[-0.24383,0.636277,-0.731915],[-0.325069,0.657415,0.679805]]],"btipPosition":[-25.4321,317.574,-22.3201],"carpPosition":[-37.3724,333.162,76.9082],"dipPosition":[-33.0378,332.956,-6.41441],"direction":[0.107412,-0.129487,-0.985746],"extended":false,"handId":610,"id":6100,"length":52.1025,"mcpPosition":[-37.3724,333.162,76.9082],"pipPosition":[-36.6991,337.37,27.1862],"stabilizedTipPosition":[-34.8801,335.425,3.04336],"timeVisible":0.189907,"tipPosition":[-27.4704,322.588,-18.9952],"tipVelocity":[61.6364,-134.726,-180.973],"tool":false,"touchDistance":0.224138,"touchZone":"hovering","type":0,"width":20.2446},{"bases":[[[0.653959,-0.749464,-0.103158],[0.705328,0.554692,0.441394],[-0.273588,-0.361414,0.891364]],[[0.577293,-0.81082,0.0964541],[0.730319,0.565554,0.383122],[-0.365193,-0.150732,0.918648]],[[0.577293,-0.81082,0.0964541],[0.796561,0.585196,0.151778],[-0.179509,-0.0107888,0.983697]],[[0.577293,-0.81082,0.0964541],[0.816122,0.576726,-0.0365051],[-0.0260285,0.0997924,0.994668]]],"btipPosition":[25.8811,371.187,-66.2567],"carpPosition":[-14.709,339.575,79.5199],"dipPosition":[25.4365,372.892,-49.2668],"direction":[0.179509,0.0107888,-0.983697],"extended":true,"handId":610,"id":6101,"length":58.7918,"mcpPosition":[5.41345,366.157,13.9601],"pipPosition":[21.0988,372.631,-25.4967],"stabilizedTipPosition":[13.0489,395.404,-14.3901],"timeVisible":0.189907,"tipPosition":[26.4572,372.17,-62.2148],"tipVelocity":[49.3664,-134.157,-199.584],"tool":false,"touchDistance":0.331379,"touchZone":"hovering","type":1,"width":19.3376},{"bases":[[[0.481096,-0.874909,-0.0555085],[0.799556,0.411931,0.437062],[-0.359524,-0.254651,0.897717]],[[0.47368,-0.87991,-0.0372272],[0.758305,0.428984,-0.490864],[0.447886,0.204283,0.870441]],[[0.47368,-0.87991,-0.0372272],[-0.0954597,-0.00927565,-0.99539],[0.875508,0.47505,-0.0883896]],[[0.47368,-0.87991,-0.0372272],[-0.592286,-0.286991,-0.752884],[0.651786,0.378675,-0.6571]]],"btipPosition":[-39.0246,318.904,-11.212],"carpPosition":[-5.38384,331.605,78.4899],"dipPosition":[-26.7795,326.018,-23.5569],"direction":[-0.875508,-0.47505,0.0883896],"extended":false,"handId":610,"id":6102,"length":66.9886,"mcpPosition":[19.6927,349.367,15.8747],"pipPosition":[-1.88979,339.523,-26.0697],"stabilizedTipPosition":[-43.3083,336.573,34.4766],"timeVisible":0.189907,"tipPosition":[-35.6991,320.84,-14.7813],"tipVelocity":[53.1955,-117.349,-169.569],"tool":false,"touchDistance":0.333333,"touchZone":"none","type":2,"width":18.9921},{"bases":[[[0.361294,-0.931394,0.0444144],[0.820016,0.340043,0.460374],[-0.443892,-0.12991,0.886613]],[[0.345201,-0.935441,0.0760684],[0.821963,0.262211,-0.505592],[0.453005,0.237056,0.859413]],[[0.345201,-0.935441,0.0760684],[-0.0891132,-0.113353,-0.98955],[0.934289,0.334815,-0.12249]],[[0.345201,-0.935441,0.0760684],[-0.616421,-0.287098,-0.733212],[0.707716,0.206215,-0.675731]]],"btipPosition":[-30.0205,305.914,-0.427732],"carpPosition":[1.51045,321.492,77.4686],"dipPosition":[-16.801,309.766,-13.0497],"direction":[-0.934289,-0.334815,0.12249],"extended":false,"handId":610,"id":6103,"length":64.4113,"mcpPosition":[29.3084,329.627,21.946],"pipPosition":[9.07374,319.039,-16.442],"stabilizedTipPosition":[-30.412,323.778,41.194],"timeVisible":0.189907,"tipPosition":[-26.3516,306.955,-4.26248],"tipVelocity":[58.6496,-107.959,-176.075],"tool":false,"touchDistance":0.333333,"touchZone":"none","type":3,"width":18.0722},{"bases":[[[0.166999,-0.983465,0.07005],[0.823768,0.178216,0.538187],[-0.541772,-0.032172,0.839909]],[[0.228624,-0.973121,-0.0277008],[0.854809,0.214282,-0.472636],[0.465868,0.0843771,0.880822]],[[0.228624,-0.973121,-0.0277008],[-0.0805198,0.00945499,-0.996708],[0.970179,0.230102,-0.0761938]],[[0.228624,-0.973121,-0.0277008],[-0.61812,-0.12312,-0.776382],[0.752103,0.194622,-0.629654]]],"btipPosition":[-14.6024,298.449,8.07445],"carpPosition":[2.39038,307.42,75.5605],"dipPosition":[-1.64201,301.803,-2.77588],"direction":[-0.970179,-0.230102,0.0761938],"extended":false,"handId":610,"id":6104,"length":50.4973,"mcpPosition":[33.7968,309.285,26.8711],"pipPosition":[17.3285,306.302,-4.26574],"stabilizedTipPosition":[-17.0925,316.873,54.1343],"timeVisible":0.189907,"tipPosition":[-11.3655,299.287,5.0232],"tipVelocity":[57.5181,-103.385,-169.1],"tool":false,"touchDistance":0.333333,"touchZone":"none","type":4,"width":16.0532}],"r":[[0.99173,-0.127704,0.0127737],[0.12772,0.99181,-0.000479141],[-0.0126079,0.00210664,0.999918]],"s":0.937634,"t":[10.5237,-18.4206,-50.6436],"timestamp":522860304566},false],[1,{"currentFrameRate":105.687,"devices":[],"gestures":[],"hands":[{"armBasis":[[0.603245,-0.78759,-0.125687],[0.794422,0.57941,0.182147],[-0.0706334,-0.209728,0.975205]],"armWidth":63.703,"confidence":0.674138,"direction":[0.481127,0.306512,-0.82132],"elbow":[-30.9347,258.969,343.336],"grabStrength":0,"id":610,"palmNormal":[-0.654675,-0.497456,-0.569155],"palmPosition":[6.83471,336.163,33.008],"palmVelocity":[48.1157,-93.5175,-172.466],"palmWidth":90.9658,"pinchStrength":1,"r":[[0.991709,-0.127732,0.0140752],[0.127784,0.991798,-0.0028825],[-0.0135916,0.00465718,0.999897]],"s":0.937224,"sphereCenter":[-8.82998,313.568,-7.26643],"sphereRadius":45.1978,"stabilizedPalmPosition":[-4.1705,355.697,84.5613],"t":[10.9089,-19.2918,-52.0312],"timeVisible":0.19874,"type":"right","wrist":[-11.8687,315.58,80.1003]}],"id":4209843,"interactionBox":{"center":[0,200,0],"size":[235.247,235.247,147.751]},"pointables":[{"bases":[[[0.91405,0.17819,0.364364],[-0.364201,0.755966,0.543942],[-0.178522,-0.629892,0.755888]],[[0.91268,0.40598,0.0468655],[-0.408392,0.910304,0.0675536],[-0.0152365,-0.0807943,0.996614]],[[0.91268,0.40598,0.0468655],[-0.394067,0.904636,-0.162313],[-0.108292,0.129672,0.985626]],[[0.91268,0.40598,0.0468655],[-0.244839,0.635,-0.732687],[-0.327215,0.657234,0.678951]]],"btipPosition":[-25.0921,316.524,-23.5549],"carpPosition":[-37.1998,332.289,75.6626],"dipPosition":[-32.7481,331.901,-7.66927],"direction":[0.108292,-0.129672,-0.985626],"extended":false,"handId":610,"id":6100,"length":52.1025,"mcpPosition":[-37.1998,332.289,75.6626],"pipPosition":[-36.4394,336.321,25.9273],"stabilizedTipPosition":[-34.5806,334.852,2.18744],"timeVisible":0.19874,"tipPosition":[-27.0937,321.454,-20.2034],"tipVelocity":[55.0262,-130.479,-169.987],"tool":false,"touchDistance":0.20348,"touchZone":"hovering","type":0,"width":20.2446},{"bases":[[[0.655529,-0.748549,-0.0997763],[0.703268,0.556988,0.44179],[-0.275127,-0.359776,0.891553]],[[0.578394,-0.809606,0.0999914],[0.728513,0.567793,0.383249],[-0.367055,-0.148824,0.918217]],[[0.578394,-0.809606,0.0999914],[0.795709,0.586932,0.149526],[-0.179745,-0.00692084,0.983689]],[[0.578394,-0.809606,0.0999914],[0.81538,0.577496,-0.0406597],[-0.0248263,0.105048,0.994157]]],"btipPosition":[26.2143,369.976,-67.4488],"carpPosition":[-14.5541,338.749,78.3142],"dipPosition":[25.7902,371.77,-50.4676],"direction":[0.179745,0.00692084,-0.983689],"extended":true,"handId":610,"id":6101,"length":58.7918,"mcpPosition":[5.68147,365.211,12.7405],"pipPosition":[21.4468,371.603,-26.6978],"stabilizedTipPosition":[13.1597,395.191,-14.807],"timeVisible":0.19874,"tipPosition":[26.796,370.985,-63.4101],"tipVelocity":[46.3632,-134.336,-182.182],"tool":false,"touchDistance":0.332241,"touchZone":"hovering","type":1,"width":19.3376},{"bases":[[[0.482772,-0.874186,-0.0522496],[0.797758,0.414384,0.438028],[-0.361266,-0.25315,0.897442]],[[0.475413,-0.879098,-0.0341985],[0.756684,0.428423,-0.493845],[0.448789,0.208903,0.868877]],[[0.475413,-0.879098,-0.0341985],[-0.0977683,-0.0141612,-0.995108],[0.874314,0.476431,-0.0926803]],[[0.475413,-0.879098,-0.0341985],[-0.592921,-0.291447,-0.750669],[0.649944,0.377154,-0.659793]]],"btipPosition":[-38.7067,317.754,-12.1088],"carpPosition":[-5.2125,330.793,77.326],"dipPosition":[-26.4962,324.84,-24.5043],"direction":[-0.874314,-0.476431,0.0926803],"extended":false,"handId":610,"id":6102,"length":66.9886,"mcpPosition":[19.9856,348.451,14.7299],"pipPosition":[-1.64045,338.384,-27.1391],"stabilizedTipPosition":[-43.2936,336.539,34.3791],"timeVisible":0.19874,"tipPosition":[-35.3897,319.684,-15.7363],"tipVelocity":[48.3026,-121.013,-151.538],"tool":false,"touchDistance":0.333333,"touchZone":"none","type":2,"width":18.9921},{"bases":[[[0.362826,-0.930645,0.0475152],[0.818288,0.342588,0.461561],[-0.445827,-0.128585,0.885835]],[[0.34666,-0.934646,0.0791449],[0.822496,0.262329,-0.504662],[0.450918,0.240042,0.859682]],[[0.34666,-0.934646,0.0791449],[-0.0869064,-0.116018,-0.989438],[0.933956,0.33612,-0.121446]],[[0.34666,-0.934646,0.0791449],[-0.614364,-0.290005,-0.733795],[0.70879,0.205754,-0.674746]]],"btipPosition":[-29.6253,304.868,-1.56133],"carpPosition":[1.7021,320.69,76.3456],"dipPosition":[-16.3858,308.712,-14.1649],"direction":[-0.933956,-0.33612,0.121446],"extended":false,"handId":610,"id":6103,"length":64.4113,"mcpPosition":[29.6213,328.743,20.8717],"pipPosition":[9.47981,318.02,-17.5283],"stabilizedTipPosition":[-30.4049,323.745,41.109],"timeVisible":0.19874,"tipPosition":[-25.9598,305.903,-5.37772],"tipVelocity":[55.0323,-110.84,-163.044],"tool":false,"touchDistance":0.333333,"touchZone":"none","type":3,"width":18.0722},{"bases":[[[0.168562,-0.982999,0.0728009],[0.822135,0.180953,0.539768],[-0.543765,-0.0311322,0.83866]],[[0.230246,-0.972822,-0.0245634],[0.855069,0.214298,-0.472158],[0.46459,0.0877091,0.881172]],[[0.230246,-0.972822,-0.0245634],[-0.0792957,0.00640207,-0.996831],[0.969896,0.231464,-0.0756666]],[[0.230246,-0.972822,-0.0245634],[-0.616695,-0.126339,-0.776998],[0.752778,0.194049,-0.629024]]],"btipPosition":[-14.2267,297.449,7.02608],"carpPosition":[2.6115,306.615,74.4732],"dipPosition":[-1.25468,300.793,-3.81339],"direction":[-0.969896,-0.231464,0.0756666],"extended":false,"handId":610,"id":6104,"length":50.4973,"mcpPosition":[34.1334,308.419,25.8563],"pipPosition":[17.7103,305.319,-5.29294],"stabilizedTipPosition":[-17.0806,316.835,54.0334],"timeVisible":0.19874,"tipPosition":[-10.9843,298.284,3.97716],"tipVelocity":[53.5503,-106.1,-155.4],"tool":false,"touchDistance":0.333333,"touchZone":"none","type":4,"width":16.0532}],"r":[[0.991709,-0.127732,0.0140752],[0.127784,0.991798,-0.0028825],[-0.0135916,0.00465718,0.999897]],"s":0.937224,"t":[10.9089,-19.2918,-52.0312],"timestamp":522860313399},false],[2,{"currentFrameRate":105.888,"devices":[],"gestures":[],"hands":[{"armBasis":[[0.605033,-0.786504,-0.12388],[0.793193,0.581896,0.17956],[-0.0691393,-0.2069,0.975916]],"armWidth":63.703,"confidence":0.690349,"direction":[0.482202,0.304665,-0.821377],"elbow":[-30.3026,259.333,342.619],"grabStrength":0,"id":610,"palmNormal":[-0.65242,-0.500835,-0.568782],"palmPosition":[7.11873,335.64,32.0673],"palmVelocity":[43.4677,-83.6151,-153.448],"palmWidth":90.9658,"pinchStrength":1,"r":[[0.991739,-0.127319,0.0156214],[0.127417,0.991834,-0.00544538],[-0.0148005,0.00739083,0.999863]],"s":0.936881,"sphereCenter":[-8.43844,312.927,-8.14926],"sphereRadius":45.1687,"stabilizedPalmPosition":[-4.14209,355.647,84.4292],"t":[11.2435,-19.9891,-53.1953],"timeVisible":0.207813,"type":"right","wrist":[-11.64,315.181,79.192]}],"id":4209844,"interactionBox":{"center":[0,200,0],"size":[235.247,235.247,147.751]},"pointables":[{"bases":[[[0.912901,0.181408,0.365653],[-0.366948,0.757084,0.54053],[-0.178774,-0.627626,0.757711]],[[0.911549,0.408543,0.0466014],[-0.410843,0.909575,0.0622979],[-0.0169361,-0.0759334,0.996969]],[[0.911549,0.408543,0.0466014],[-0.396431,0.903257,-0.164227],[-0.109187,0.131226,0.985321]],[[0.911549,0.408543,0.0466014],[-0.245819,0.632283,-0.734705],[-0.329624,0.658264,0.676784]]],"btipPosition":[-24.7177,315.736,-24.5313],"carpPosition":[-36.997,331.821,74.6429],"dipPosition":[-32.43,331.138,-8.69634],"direction":[0.109187,-0.131226,-0.985321],"extended":false,"handId":610,"id":6100,"length":52.1025,"mcpPosition":[-36.997,331.821,74.6429],"pipPosition":[-36.1518,335.611,24.8898],"stabilizedTipPosition":[-34.2765,334.267,1.31984],"timeVisible":0.207813,"tipPosition":[-26.6994,320.614,-21.1702],"tipVelocity":[50.8268,-118.246,-153.098],"tool":false,"touchDistance":0.187012,"touchZone":"hovering","type":0,"width":20.2446},{"bases":[[[0.657325,-0.747495,-0.0957835],[0.701154,0.560024,0.441311],[-0.276237,-0.357244,0.892227]],[[0.579875,-0.808029,0.104087],[0.726505,0.570677,0.382777],[-0.368695,-0.146343,0.917959]],[[0.579875,-0.808029,0.104087],[0.794577,0.589137,0.146847],[-0.179978,-0.00244763,0.983668]],[[0.579875,-0.808029,0.104087],[0.814358,0.578607,-0.0450969],[-0.023786,0.110915,0.993545]]],"btipPosition":[26.5375,369.064,-68.4713],"carpPosition":[-14.3708,338.338,77.3193],"dipPosition":[26.1312,370.958,-51.5005],"direction":[0.179978,0.00244763,-0.983667],"extended":true,"handId":610,"id":6101,"length":58.7918,"mcpPosition":[5.94645,364.614,11.696],"pipPosition":[21.7822,370.899,-27.7312],"stabilizedTipPosition":[13.2868,394.946,-15.2828],"timeVisible":0.207813,"tipPosition":[27.1212,370.094,-64.4388],"tipVelocity":[43.5205,-124.28,-163.044],"tool":false,"touchDistance":0.332425,"touchZone":"hovering","type":1,"width":19.3376},{"bases":[[[0.484736,-0.873333,-0.0481797],[0.795954,0.41761,0.438246],[-0.362614,-0.250782,0.897563]],[[0.477398,-0.878166,-0.0302472],[0.756137,0.428107,-0.494956],[0.447603,0.21342,0.868391]],[[0.477398,-0.878166,-0.0302472],[-0.0971476,-0.0185377,-0.995097],[0.8733,0.477996,-0.0941616]],[[0.477398,-0.878166,-0.0302472],[-0.591647,-0.295806,-0.749969],[0.64965,0.375929,-0.660781]]],"btipPosition":[-38.3188,316.955,-12.9807],"carpPosition":[-5.01022,330.399,76.3785],"dipPosition":[-26.1139,324.018,-25.3948],"direction":[-0.8733,-0.477996,0.0941616],"extended":false,"handId":610,"id":6102,"length":66.9886,"mcpPosition":[20.2819,347.891,13.774],"pipPosition":[-1.28697,337.607,-28.0717],"stabilizedTipPosition":[-43.2725,336.49,34.2424],"timeVisible":0.207813,"tipPosition":[-35.0147,318.872,-16.6087],"tipVelocity":[46.727,-112.054,-136.339],"tool":false,"touchDistance":0.333333,"touchZone":"none","type":2,"width":18.9921},{"bases":[[[0.3647,-0.929698,0.0515303],[0.816587,0.34594,0.462073],[-0.447415,-0.126439,0.885343]],[[0.348473,-0.933624,0.0831451],[0.822775,0.26219,-0.50428],[0.449008,0.244138,0.859528]],[[0.348473,-0.933624,0.0831451],[-0.0849684,-0.119805,-0.989155],[0.93346,0.337629,-0.121077]],[[0.348473,-0.933624,0.0831451],[-0.612434,-0.293943,-0.733841],[0.709571,0.204803,-0.674214]]],"btipPosition":[-29.2156,304.144,-2.44147],"carpPosition":[1.92785,320.307,75.448],"dipPosition":[-15.9615,307.97,-15.0351],"direction":[-0.93346,-0.337629,0.121077],"extended":false,"handId":610,"id":6103,"length":64.4113,"mcpPosition":[29.9465,328.225,20.0048],"pipPosition":[9.89029,317.32,-18.3883],"stabilizedTipPosition":[-30.3947,323.7,40.997],"timeVisible":0.207813,"tipPosition":[-25.555,305.17,-6.24192],"tipVelocity":[52.4026,-102.391,-144.717],"tool":false,"touchDistance":0.333333,"touchZone":"none","type":3,"width":18.0722},{"bases":[[[0.170494,-0.982377,0.0765919],[0.820612,0.184588,0.540853],[-0.54546,-0.0293602,0.837622]],[[0.232265,-0.972436,-0.0205221],[0.855301,0.214243,-0.471763],[0.463156,0.0920214,0.881486]],[[0.232265,-0.972436,-0.0205221],[-0.0779622,0.0024184,-0.996953],[0.969523,0.233157,-0.0752515]],[[0.232265,-0.972436,-0.0205221],[-0.61525,-0.130544,-0.777448],[0.75334,0.1932,-0.628612]]],"btipPosition":[-13.8206,296.788,6.21336],"carpPosition":[2.87106,306.227,73.6267],"dipPosition":[-0.838884,300.117,-4.61901],"direction":[-0.969523,-0.233157,0.0752515],"extended":false,"handId":610,"id":6104,"length":50.4973,"mcpPosition":[34.4912,307.929,25.0699],"pipPosition":[18.1188,304.676,-6.09044],"stabilizedTipPosition":[-17.0644,316.785,53.903],"timeVisible":0.207813,"tipPosition":[-10.5759,297.618,3.16906],"tipVelocity":[51.1881,-97.0117,-137.152],"tool":false,"touchDistance":0.333333,"touchZone":"none","type":4,"width":16.0532}],"r":[[0.991739,-0.127319,0.0156214],[0.127417,0.991834,-0.00544538],[-0.0148005,0.00739083,0.999863]],"s":0.936881,"t":[11.2435,-19.9891,-53.1953],"timestamp":522860322472},false],[3,{"currentFrameRate":106.015,"devices":[],"gestures":[],"hands":[{"armBasis":[[0.610151,-0.782269,-0.125581],[0.789768,0.587899,0.175049],[-0.0631066,-0.205987,0.976518]],"armWidth":63.703,"confidence":0.703861,"direction":[0.482718,0.30016,-0.822732],"elbow":[-28.4134,259.132,341.264],"grabStrength":0,"id":610,"palmNormal":[-0.648135,-0.509355,-0.566108],"palmPosition":[7.39301,334.884,30.4231],"palmVelocity":[39.6505,-83.2021,-160.529],"palmWidth":90.9658,"pinchStrength":1,"r":[[0.991891,-0.125864,0.0176006],[0.126038,0.991983,-0.00915822],[-0.0163068,0.0113023,0.999803]],"s":0.936568,"sphereCenter":[-7.94828,311.765,-9.63097],"sphereRadius":45.1546,"stabilizedPalmPosition":[-4.11262,355.594,84.2912],"t":[11.548,-20.7155,-54.5995],"timeVisible":0.217011,"type":"right","wrist":[-11.3791,314.734,77.6749]}],"id":4209845,"interactionBox":{"center":[0,200,0],"size":[235.247,235.247,147.751]},"pointables":[{"bases":[[[0.91091,0.189614,0.366455],[-0.372545,0.759725,0.532944],[-0.177352,-0.621985,0.76268]],[[0.90911,0.414098,0.0451895],[-0.416116,0.907778,0.0527907],[-0.0191615,-0.0667966,0.997583]],[[0.90911,0.414098,0.0451895],[-0.401231,0.89965,-0.17217],[-0.11195,0.13839,0.98403]],[[0.90911,0.414098,0.0451895],[-0.247418,0.624063,-0.741168],[-0.335117,0.662623,0.669797]]],"btipPosition":[-24.2018,314.306,-26.0831],"carpPosition":[-36.8149,331.193,72.9142],"dipPosition":[-32.0426,329.809,-10.4116],"direction":[0.11195,-0.13839,-0.98403],"extended":false,"handId":610,"id":6100,"length":52.1025,"mcpPosition":[-36.8149,331.193,72.9142],"pipPosition":[-35.8586,334.527,23.1305],"stabilizedTipPosition":[-33.9618,333.643,0.414387],"timeVisible":0.217011,"tipPosition":[-26.2073,319.177,-22.7643],"tipVelocity":[51.4008,-127.95,-158.608],"tool":false,"touchDistance":0.160523,"touchZone":"hovering","type":0,"width":20.2446},{"bases":[[[0.661674,-0.744665,-0.0875367],[0.696885,0.567701,0.438254],[-0.276658,-0.350984,0.894579]],[[0.584009,-0.803889,0.112679],[0.722316,0.577975,0.379742],[-0.370396,-0.140383,0.918205]],[[0.584009,-0.803889,0.112679],[0.791212,0.594749,0.142327],[-0.181431,0.00603226,0.983385]],[[0.584009,-0.803889,0.112679],[0.811366,0.582337,-0.050682],[-0.0248742,0.121022,0.992338]]],"btipPosition":[26.834,367.489,-70.3535],"carpPosition":[-14.232,337.858,75.5932],"dipPosition":[26.4091,369.557,-53.4033],"direction":[0.181431,-0.00603226,-0.983385],"extended":true,"handId":610,"id":6101,"length":58.7918,"mcpPosition":[6.11617,363.673,9.79691],"pipPosition":[22.025,369.702,-29.6408],"stabilizedTipPosition":[13.4299,394.659,-15.8274],"timeVisible":0.217011,"tipPosition":[27.4044,368.558,-66.3325],"tipVelocity":[40.2327,-136.184,-174.819],"tool":false,"touchDistance":0.331715,"touchZone":"hovering","type":1,"width":19.3376},{"bases":[[[0.489651,-0.871033,-0.0392915],[0.792473,0.42579,0.43668],[-0.363632,-0.244958,0.898759]],[[0.482285,-0.875755,-0.0213196],[0.755098,0.42793,-0.496693],[0.444104,0.223449,0.867665]],[[0.482285,-0.875755,-0.0213196],[-0.0942154,-0.0276586,-0.995168],[0.870933,0.481963,-0.095849]],[[0.482285,-0.875755,-0.0213196],[-0.58781,-0.305475,-0.749109],[0.649523,0.373816,-0.662104]]],"btipPosition":[-37.8249,315.556,-14.5885],"carpPosition":[-4.8255,329.963,74.7462],"dipPosition":[-25.6223,322.579,-27.0275],"direction":[-0.870933,-0.481963,0.095849],"extended":false,"handId":610,"id":6102,"length":66.9886,"mcpPosition":[20.5376,347.048,12.0583],"pipPosition":[-0.86267,336.281,-29.7523],"stabilizedTipPosition":[-43.2424,336.42,34.0542],"timeVisible":0.217011,"tipPosition":[-34.5255,317.457,-18.2108],"tipVelocity":[48.662,-123.535,-147.272],"tool":false,"touchDistance":0.333333,"touchZone":"none","type":2,"width":18.9921},{"bases":[[[0.36966,-0.927189,0.0605903],[0.813436,0.354445,0.461184],[-0.449081,-0.121195,0.885233]],[[0.353368,-0.93093,0.0922001],[0.822467,0.262204,-0.504774],[0.445734,0.254203,0.858313]],[[0.353368,-0.93093,0.0922001],[-0.0820178,-0.12901,-0.988246],[0.931882,0.341653,-0.121941]],[[0.353368,-0.93093,0.0922001],[-0.609056,-0.303752,-0.732656],[0.710057,0.202742,-0.674325]]],"btipPosition":[-28.6879,302.887,-3.88038],"carpPosition":[2.17035,319.901,73.9219],"dipPosition":[-15.4247,306.674,-16.4761],"direction":[-0.931882,-0.341653,0.121941],"extended":false,"handId":610,"id":6103,"length":64.4113,"mcpPosition":[30.2933,327.491,18.4857],"pipPosition":[10.3834,316.136,-19.8532],"stabilizedTipPosition":[-30.3798,323.637,40.8477],"timeVisible":0.217011,"tipPosition":[-25.0331,303.898,-7.66859],"tipVelocity":[53.8558,-112.236,-148.01],"tool":false,"touchDistance":0.333333,"touchZone":"none","type":3,"width":18.0722},{"bases":[[[0.175681,-0.980719,0.0855997],[0.818136,0.193809,0.541378],[-0.54753,-0.0250774,0.83641]],[[0.237508,-0.971321,-0.011198],[0.855056,0.214521,-0.472081],[0.460945,0.102548,0.881484]],[[0.237508,-0.971321,-0.011198],[-0.0761232,-0.00711873,-0.997073],[0.968398,0.237665,-0.0756308]],[[0.237508,-0.971321,-0.011198],[-0.61295,-0.140916,-0.777454],[0.75358,0.191515,-0.62884]]],"btipPosition":[-13.2799,295.693,4.89428],"carpPosition":[3.19572,305.812,72.2259],"dipPosition":[-0.294054,298.993,-5.94202],"direction":[-0.968398,-0.237665,0.0756308],"extended":false,"handId":610,"id":6104,"length":50.4973,"mcpPosition":[34.9359,307.265,23.7394],"pipPosition":[18.6416,303.64,-7.42087],"stabilizedTipPosition":[-17.0422,316.719,53.7339],"timeVisible":0.217011,"tipPosition":[-10.0338,296.512,1.85086],"tipVelocity":[53.3415,-103.384,-138.929],"tool":false,"touchDistance":0.333333,"touchZone":"none","type":4,"width":16.0532}],"r":[[0.991891,-0.125864,0.0176006],[0.126038,0.991983,-0.00915822],[-0.0163068,0.0113023,0.999803]],"s":0.936568,"t":[11.548,-20.7155,-54.5995],"timestamp":522860331670},false],[4,{"currentFrameRate":106.327,"devices":[],"gestures":[],"hands":[{"armBasis":[[0.610571,-0.782349,-0.12302],[0.789406,0.588742,0.173845],[-0.0635799,-0.203258,0.977059]],"armWidth":63.703,"confidence":0.724275,"direction":[0.482025,0.290887,-0.826461],"elbow":[-28.0198,259.558,339.735],"grabStrength":0,"id":610,"palmNormal":[-0.649215,-0.514856,-0.55986],"palmPosition":[7.87703,334.048,28.5128],"palmVelocity":[43.745,-86.2911,-175.596],"palmWidth":90.9658,"pinchStrength":1,"r":[[0.991993,-0.124825,0.0192237],[0.125108,0.99204,-0.0142919],[-0.0172867,0.0165825,0.999713]],"s":0.936368,"sphereCenter":[-7.55271,310.567,-11.2662],"sphereRadius":45.1346,"stabilizedPalmPosition":[-4.08363,355.542,84.1563],"t":[11.9422,-21.4967,-56.2568],"timeVisible":0.225843,"type":"right","wrist":[-10.8577,314.423,75.9999]}],"id":4209846,"interactionBox":{"center":[0,200,0],"size":[235.247,235.247,147.751]},"pointables":[{"bases":[[[0.91149,0.192762,0.363357],[-0.371291,0.765727,0.525171],[-0.176999,-0.613599,0.769524]],[[0.909445,0.413952,0.0394056],[-0.415432,0.908611,0.0429192],[-0.0180379,-0.055403,0.998301]],[[0.909445,0.413952,0.0394056],[-0.400972,0.898118,-0.180569],[-0.110138,0.148417,0.982773]],[[0.909445,0.413952,0.0394056],[-0.247487,0.614994,-0.748687],[-0.334155,0.671138,0.661751]]],"btipPosition":[-23.8124,312.855,-27.7105],"carpPosition":[-36.2851,330.852,71.0916],"dipPosition":[-31.6307,328.558,-12.2273],"direction":[0.110138,-0.148417,-0.982773],"extended":false,"handId":610,"id":6100,"length":52.1025,"mcpPosition":[-36.2851,330.852,71.0916],"pipPosition":[-35.3849,333.617,21.272],"stabilizedTipPosition":[-33.6564,333.015,-0.484061],"timeVisible":0.225843,"tipPosition":[-25.8011,317.746,-24.4462],"tipVelocity":[49.5842,-136.357,-166.865],"tool":false,"touchDistance":0.132678,"touchZone":"hovering","type":0,"width":20.2446},{"bases":[[[0.660944,-0.746128,-0.0802813],[0.697867,0.571783,0.431331],[-0.275925,-0.341112,0.898615]],[[0.583466,-0.803128,0.120634],[0.723191,0.581389,0.372802],[-0.369543,-0.130276,0.920036]],[[0.583466,-0.803128,0.120634],[0.792039,0.595555,0.134118],[-0.179558,0.017294,0.983595]],[[0.583466,-0.803128,0.120634],[0.811834,0.580838,-0.0596044],[-0.022199,0.132712,0.990906]]],"btipPosition":[27.191,365.525,-72.6298],"carpPosition":[-13.6935,337.526,73.673],"dipPosition":[26.8118,367.792,-55.7041],"direction":[0.179558,-0.017294,-0.983595],"extended":true,"handId":610,"id":6101,"length":58.7918,"mcpPosition":[6.60076,362.615,7.57987],"pipPosition":[22.473,368.21,-31.9365],"stabilizedTipPosition":[13.5853,394.333,-16.4286],"timeVisible":0.225843,"tipPosition":[27.766,366.632,-68.6246],"tipVelocity":[40.6062,-158.069,-197.397],"tool":false,"touchDistance":0.331351,"touchZone":"hovering","type":1,"width":19.3376},{"bases":[[[0.488871,-0.871823,-0.0304844],[0.793333,0.429781,0.431173],[-0.362805,-0.234972,0.901754]],[[0.481521,-0.876346,-0.0124539],[0.754455,0.421694,-0.502963],[0.446021,0.232791,0.864218]],[[0.481521,-0.876346,-0.0124539],[-0.0954553,-0.0383136,-0.994696],[0.871221,0.480156,-0.102101]],[[0.481521,-0.876346,-0.0124539],[-0.588482,-0.312755,-0.745569],[0.649482,0.366336,-0.666312]]],"btipPosition":[-37.4515,314.253,-16.2206],"carpPosition":[-4.29467,329.614,72.9002],"dipPosition":[-25.2497,321.135,-28.7386],"direction":[-0.871221,-0.480156,0.102101],"extended":false,"handId":610,"id":6102,"length":66.9886,"mcpPosition":[21.0108,346.003,10.0034],"pipPosition":[-0.481878,334.785,-31.6412],"stabilizedTipPosition":[-43.2048,336.33,33.8216],"timeVisible":0.225843,"tipPosition":[-34.1523,316.113,-19.8477],"tipVelocity":[46.9314,-131.022,-157.966],"tool":false,"touchDistance":0.333333,"touchZone":"none","type":2,"width":18.9921},{"bases":[[[0.368947,-0.926801,0.070132],[0.814264,0.358686,0.45642],[-0.448166,-0.111289,0.886996]],[[0.352687,-0.930187,0.101803],[0.821925,0.255948,-0.508852],[0.447271,0.26314,0.854814]],[[0.352687,-0.930187,0.101803],[-0.0835818,-0.139675,-0.986664],[0.932001,0.339474,-0.127008]],[[0.352687,-0.930187,0.101803],[-0.610344,-0.311142,-0.728471],[0.70929,0.194787,-0.67747]]],"btipPosition":[-28.2815,301.714,-5.38115],"carpPosition":[2.69173,319.538,72.1761],"dipPosition":[-15.0326,305.352,-18.0356],"direction":[-0.932001,-0.339474,0.127008],"extended":false,"handId":610,"id":6103,"length":64.4113,"mcpPosition":[30.7573,326.508,16.6295],"pipPosition":[10.7788,314.754,-21.5531],"stabilizedTipPosition":[-30.3608,323.559,40.666],"timeVisible":0.225843,"tipPosition":[-24.6396,302.678,-9.1734],"tipVelocity":[51.6368,-118.858,-154.345],"tool":false,"touchDistance":0.333333,"touchZone":"none","type":3,"width":18.0722},{"bases":[[[0.174952,-0.979892,0.0959365],[0.818921,0.198917,0.538331],[-0.546589,-0.0156175,0.837255]],[[0.236464,-0.97164,-0.000686512],[0.854233,0.208228,-0.476369],[0.463002,0.112058,0.879245]],[[0.236464,-0.97164,-0.000686512],[-0.0784256,-0.0183819,-0.99675],[0.96847,0.23575,-0.0805481]],[[0.236464,-0.97164,-0.000686512],[-0.614657,-0.149039,-0.774587],[0.752517,0.183584,-0.632468]]],"btipPosition":[-12.8827,294.601,3.48772],"carpPosition":[3.70328,305.43,70.6305],"dipPosition":[0.0848263,297.765,-7.41109],"direction":[-0.96847,-0.23575,0.0805481],"extended":false,"handId":610,"id":6104,"length":50.4973,"mcpPosition":[35.3889,306.336,22.095],"pipPosition":[19.0219,302.375,-8.98609],"stabilizedTipPosition":[-17.015,316.637,53.5334],"timeVisible":0.225843,"tipPosition":[-9.63996,295.382,0.427496],"tipVelocity":[50.951,-109.809,-144.862],"tool":false,"touchDistance":0.333333,"touchZone":"none","type":4,"width":16.0532}],"r":[[0.991993,-0.124825,0.0192237],[0.125108,0.99204,-0.0142919],[-0.0172867,0.0165825,0.999713]],"s":0.936368,"t":[11.9422,-21.4967,-56.2568],"timestamp":522860340502},false],[5,{"currentFrameRate":106.474,"devices":[],"gestures":[],"hands":[{"armBasis":[[0.611101,-0.782048,-0.122301],[0.788923,0.589172,0.174578],[-0.0644722,-0.203171,0.977018]],"armWidth":63.703,"confidence":0.730403,"direction":[0.481409,0.286638,-0.828302],"elbow":[-27.6296,258.845,338.33],"grabStrength":0,"id":610,"palmNormal":[-0.64981,-0.517476,-0.556745],"palmPosition":[8.47343,333.07,27.0051],"palmVelocity":[49.7553,-92.1144,-172.737],"palmWidth":90.9658,"pinchStrength":1,"r":[[0.992069,-0.124017,0.0204774],[0.124414,0.99204,-0.0194102],[-0.0179072,0.0218039,0.999602]],"s":0.936257,"sphereCenter":[-6.971,309.334,-12.635],"sphereRadius":45.1481,"stabilizedPalmPosition":[-4.0509,355.483,84.0074],"t":[12.4375,-22.3764,-57.8392],"timeVisible":0.234964,"type":"right","wrist":[-10.2267,313.686,74.605]}],"id":4209847,"interactionBox":{"center":[0,200,0],"size":[235.247,235.247,147.751]},"pointables":[{"bases":[[[0.911841,0.19434,0.361633],[-0.370661,0.768432,0.521654],[-0.176512,-0.609708,0.772722]],[[0.909508,0.414104,0.0362465],[-0.415354,0.908808,0.0393657],[-0.0166396,-0.0508585,0.998567]],[[0.909508,0.414104,0.0362465],[-0.401341,0.897484,-0.182887],[-0.108265,0.15179,0.982466]],[[0.909508,0.414104,0.0362465],[-0.246858,0.608214,-0.754412],[-0.334451,0.677196,0.6554]]],"btipPosition":[-23.308,311.617,-29.0203],"carpPosition":[-35.654,330.097,69.636],"dipPosition":[-31.1332,327.461,-13.6857],"direction":[0.108265,-0.15179,-0.982466],"extended":false,"handId":610,"id":6100,"length":52.1025,"mcpPosition":[-35.654,330.097,69.636],"pipPosition":[-34.8236,332.635,19.8032],"stabilizedTipPosition":[-33.3304,332.338,-1.43771],"timeVisible":0.234964,"tipPosition":[-25.2737,316.481,-25.8013],"tipVelocity":[51.1225,-135.194,-161.445],"tool":false,"touchDistance":0.110278,"touchZone":"hovering","type":0,"width":20.2446},{"bases":[[[0.66069,-0.746688,-0.0771085],[0.698369,0.573748,0.427894],[-0.275262,-0.336555,0.900534]],[[0.583325,-0.802681,0.124238],[0.72363,0.583044,0.369349],[-0.368906,-0.125548,0.920949]],[[0.583325,-0.802681,0.124238],[0.792571,0.595958,0.129092],[-0.177661,0.023165,0.983819]],[[0.583325,-0.802681,0.124238],[0.81201,0.57993,-0.0657312],[-0.0192885,0.139226,0.990073]]],"btipPosition":[27.6542,363.987,-74.3091],"carpPosition":[-13.0586,336.778,72.1653],"dipPosition":[27.3248,366.365,-57.3976],"direction":[0.177661,-0.023165,-0.983819],"extended":true,"handId":610,"id":6101,"length":58.7918,"mcpPosition":[7.1869,361.532,5.93101],"pipPosition":[23.0318,366.924,-33.6246],"stabilizedTipPosition":[13.7696,393.941,-17.14],"timeVisible":0.234964,"tipPosition":[28.235,365.115,-70.3138],"tipVelocity":[43.781,-160.249,-193.806],"tool":false,"touchDistance":0.331832,"touchZone":"hovering","type":1,"width":19.3376},{"bases":[[[0.488626,-0.872089,-0.0265422],[0.7938,0.431724,0.428364],[-0.362113,-0.230379,0.903216]],[[0.481266,-0.876534,-0.00842457],[0.753146,0.418398,-0.507656],[0.448502,0.237973,0.861519]],[[0.481266,-0.876534,-0.00842457],[-0.0977576,-0.0441186,-0.994232],[0.871106,0.479314,-0.106921]],[[0.481266,-0.876534,-0.00842457],[-0.589635,-0.316601,-0.74303],[0.648624,0.362563,-0.669205]]],"btipPosition":[-36.9677,313.024,-17.4772],"carpPosition":[-3.66241,328.86,71.4241],"dipPosition":[-24.782,319.835,-30.0495],"direction":[-0.871106,-0.479314,0.106921],"extended":false,"handId":610,"id":6102,"length":66.9886,"mcpPosition":[21.5948,344.929,8.42535],"pipPosition":[-0.0174594,333.462,-33.0891],"stabilizedTipPosition":[-43.1536,336.207,33.5145],"timeVisible":0.234964,"tipPosition":[-33.6712,314.865,-21.1201],"tipVelocity":[48.5152,-132.551,-152.737],"tool":false,"touchDistance":0.333333,"touchZone":"none","type":2,"width":18.9921},{"bases":[[[0.368773,-0.926533,0.0744469],[0.814734,0.36075,0.453948],[-0.447455,-0.106749,0.887913]],[[0.352535,-0.929758,0.106152],[0.82139,0.253088,-0.511141],[0.448372,0.267388,0.852917]],[[0.352535,-0.929758,0.106152],[-0.0847456,-0.144688,-0.985842],[0.931953,0.338548,-0.129801]],[[0.352535,-0.929758,0.106152],[-0.611211,-0.314667,-0.726227],[0.708618,0.19114,-0.67921]]],"btipPosition":[-27.7322,300.575,-6.67556],"carpPosition":[3.32086,318.779,70.7445],"dipPosition":[-14.4959,304.145,-19.3625],"direction":[-0.931953,-0.338548,0.129801],"extended":false,"handId":610,"id":6103,"length":64.4113,"mcpPosition":[31.3419,325.464,15.1405],"pipPosition":[11.3142,313.521,-22.9573],"stabilizedTipPosition":[-30.334,323.455,40.4287],"timeVisible":0.234964,"tipPosition":[-24.1026,301.517,-10.4648],"tipVelocity":[53.9335,-121.016,-151.121],"tool":false,"touchDistance":0.333333,"touchZone":"none","type":3,"width":18.0722},{"bases":[[[0.174785,-0.979446,0.100677],[0.819419,0.20139,0.536651],[-0.545896,-0.0113018,0.837777]],[[0.235874,-0.971773,0.00452143],[0.853353,0.2049,-0.47938],[0.464922,0.116931,0.877596]],[[0.235874,-0.971773,0.00452143],[-0.0806535,-0.0242129,-0.996448],[0.968431,0.234671,-0.0840881]],[[0.235874,-0.971773,0.00452143],[-0.616191,-0.153159,-0.772561],[0.751447,0.179441,-0.634924]]],"btipPosition":[-12.3473,293.504,2.26528],"carpPosition":[4.32757,304.664,69.2685],"dipPosition":[0.601815,296.597,-8.67586],"direction":[-0.968431,-0.234671,0.0840881],"extended":false,"handId":610,"id":6104,"length":50.4973,"mcpPosition":[35.973,305.319,20.7027],"pipPosition":[19.5381,301.185,-10.3201],"stabilizedTipPosition":[-16.9784,316.53,53.2758],"timeVisible":0.234964,"tipPosition":[-9.1067,294.266,-0.808763],"tipVelocity":[52.9746,-113.209,-142.149],"tool":false,"touchDistance":0.333333,"touchZone":"none","type":4,"width":16.0532}],"r":[[0.992069,-0.124017,0.0204774],[0.124414,0.99204,-0.0194102],[-0.0179072,0.0218039,0.999602]],"s":0.936257,"t":[12.4375,-22.3764,-57.8392],"timestamp":522860349623},false],[6,{"currentFrameRate":106.689,"devices":[],"gestures":[],"hands":[{"armBasis":[[0.60983,-0.784051,-0.115638],[0.790359,0.590851,0.161948],[-0.0586507,-0.190156,0.98]],"armWidth":63.703,"confidence":0.744921,"direction":[0.480247,0.285552,-0.829351],"elbow":[-25.4449,260.858,337.886],"grabStrength":0,"id":610,"palmNormal":[-0.649848,-0.51922,-0.555075],"palmPosition":[9.01694,331.499,25.6996],"palmVelocity":[52.7068,-114.826,-165.238],"palmWidth":90.9658,"pinchStrength":1,"r":[[0.992159,-0.123151,0.0213177],[0.12365,0.992038,-0.023911],[-0.0182033,0.0263594,0.999487]],"s":0.936479,"sphereCenter":[-6.40518,307.592,-13.8415],"sphereRadius":45.1527,"stabilizedPalmPosition":[-4.01027,355.408,83.8261],"t":[12.9569,-23.6019,-59.2832],"timeVisible":0.243944,"type":"right","wrist":[-9.61341,312.187,73.356]}],"id":4209848,"interactionBox":{"center":[0,200,0],"size":[235.247,235.247,147.751]},"pointables":[{"bases":[[[0.912013,0.195983,0.360309],[-0.370921,0.769043,0.520567],[-0.175071,-0.60841,0.774072]],[[0.909105,0.415138,0.0344754],[-0.416291,0.908401,0.038852],[-0.0151885,-0.0496724,0.99865]],[[0.909105,0.415138,0.0344754],[-0.402732,0.897048,-0.181968],[-0.106468,0.151544,0.9827]],[[0.909105,0.415138,0.0344754],[-0.247181,0.604206,-0.757521],[-0.335306,0.680144,0.6519]]],"btipPosition":[-22.8306,309.961,-30.2044],"carpPosition":[-35.063,328.562,68.3821],"dipPosition":[-30.6759,325.875,-14.9517],"direction":[0.106468,-0.151544,-0.9827],"extended":false,"handId":610,"id":6100,"length":52.1025,"mcpPosition":[-35.063,328.562,68.3821],"pipPosition":[-34.305,331.041,18.5451],"stabilizedTipPosition":[-32.9825,331.589,-2.44836],"timeVisible":0.243944,"tipPosition":[-24.7825,314.765,-27.0048],"tipVelocity":[51.5403,-148.183,-153.912],"tool":false,"touchDistance":0.0902289,"touchZone":"hovering","type":0,"width":20.2446},{"bases":[[[0.661389,-0.746145,-0.0763669],[0.698214,0.575296,0.426066],[-0.273973,-0.335116,0.901463]],[[0.584329,-0.801818,0.125088],[0.7234,0.58451,0.36748],[-0.367767,-0.124241,0.921581]],[[0.584329,-0.801818,0.125088],[0.792308,0.597019,0.125767],[-0.175522,0.0256187,0.984142]],[[0.584329,-0.801818,0.125088],[0.811352,0.580337,-0.0701258],[-0.0163647,0.142467,0.989664]]],"btipPosition":[27.9955,362.203,-75.6956],"carpPosition":[-12.472,335.271,70.875],"dipPosition":[27.716,364.636,-58.7911],"direction":[0.175522,-0.0256187,-0.984142],"extended":true,"handId":610,"id":6101,"length":58.7918,"mcpPosition":[7.67874,359.919,4.57241],"pipPosition":[23.4747,365.255,-35.0104],"stabilizedTipPosition":[13.9853,393.466,-17.9725],"timeVisible":0.243944,"tipPosition":[28.5848,363.336,-71.706],"tipVelocity":[42.5481,-170.387,-183.058],"tool":false,"touchDistance":0.332101,"touchZone":"hovering","type":1,"width":19.3376},{"bases":[[[0.48951,-0.871628,-0.0253812],[0.793794,0.433372,0.426709],[-0.360932,-0.229026,0.904033]],[[0.482193,-0.876034,-0.00729677],[0.747178,0.415588,-0.518663],[0.457399,0.244644,0.854947]],[[0.482193,-0.876034,-0.00729677],[-0.108571,-0.0514915,-0.992754],[0.869311,0.479492,-0.119941]],[[0.482193,-0.876034,-0.00729677],[-0.595338,-0.321557,-0.736324],[0.642699,0.359395,-0.676589]]],"btipPosition":[-36.7223,311.164,-17.9934],"carpPosition":[-3.06828,327.361,70.1393],"dipPosition":[-24.6479,317.915,-30.7045],"direction":[-0.869311,-0.479492,0.119941],"extended":false,"handId":610,"id":6102,"length":66.9886,"mcpPosition":[22.1065,343.336,7.08353],"pipPosition":[0.0655908,331.547,-34.1143],"stabilizedTipPosition":[-43.0801,336.019,33.0802],"timeVisible":0.243944,"tipPosition":[-33.4004,313.02,-21.8092],"tipVelocity":[41.9268,-153.417,-127.608],"tool":false,"touchDistance":0.333333,"touchZone":"none","type":2,"width":18.9921},{"bases":[[[0.369818,-0.926004,0.0758369],[0.814828,0.362469,0.452407],[-0.446419,-0.105514,0.888581]],[[0.353615,-0.929185,0.107569],[0.820433,0.252865,-0.512785],[0.449272,0.269582,0.851751]],[[0.353615,-0.929185,0.107569],[-0.0858983,-0.14677,-0.985434],[0.931439,0.339225,-0.131716]],[[0.353615,-0.929185,0.107569],[-0.611802,-0.316741,-0.724826],[0.707569,0.190499,-0.680482]]],"btipPosition":[-27.1995,298.9,-7.86143],"carpPosition":[3.92481,317.287,69.4717],"dipPosition":[-13.9827,302.458,-20.5722],"direction":[-0.931439,-0.339225,0.131716],"extended":false,"handId":610,"id":6103,"length":64.4113,"mcpPosition":[31.881,323.894,13.8258],"pipPosition":[11.8131,311.853,-24.22],"stabilizedTipPosition":[-30.2959,323.308,40.1125],"timeVisible":0.243944,"tipPosition":[-23.5836,299.836,-11.646],"tipVelocity":[55.2734,-139.054,-146.063],"tool":false,"touchDistance":0.333333,"touchZone":"none","type":3,"width":18.0722},{"bases":[[[0.175914,-0.979068,0.102371],[0.819766,0.203273,0.535409],[-0.545012,-0.0102658,0.838366]],[[0.23647,-0.971615,0.00682368],[0.852028,0.203979,-0.482121],[0.467045,0.119821,0.876078]],[[0.23647,-0.971615,0.00682368],[-0.0832808,-0.0272647,-0.996153],[0.968063,0.234992,-0.0873641]],[[0.23647,-0.971615,0.00682368],[-0.617831,-0.155779,-0.770726],[0.749912,0.178037,-0.63713]]],"btipPosition":[-11.8227,291.866,1.14005],"carpPosition":[4.94474,303.169,68.0216],"dipPosition":[1.0999,294.934,-9.83911],"direction":[-0.968063,-0.234992,0.0873641],"extended":false,"handId":610,"id":6104,"length":50.4973,"mcpPosition":[36.5389,303.764,19.4218],"pipPosition":[20.029,299.528,-11.5474],"stabilizedTipPosition":[-16.9278,316.381,52.9358],"timeVisible":0.243944,"tipPosition":[-8.58528,292.62,-1.94918],"tipVelocity":[54.2791,-132.371,-137.