{"sensorType":"Leap","data":[[0,{"currentFrameRate":109.995,"devices":[],"gestures":[],"hands":[{"armBasis":[[0.730215,-0.680207,-0.0640662],[0.682978,0.724263,0.0947832],[-0.0180713,-0.112968,0.993434]],"armWidth":63.703,"confidence":0.823614,"direction":[0.472569,0.290101,-0.832178],"elbow":[-3.85963,269.627,355.981],"grabStrength":0,"id":602,"palmNormal":[-0.525739,-0.665046,-0.530389],"palmPosition":[18.8695,318.153,39.3757],"palmVelocity":[15.528,59.6462,-143.812],"palmWidth":90.9658,"pinchStrength":0.675916,"r":[[0.95458,0.289158,0.0718723],[-0.27156,0.943584,-0.189482],[-0.122608,0.161358,0.97925]],"s":1.00654,"sphereCenter":[9.22581,287.932,5.00193],"sphereRadius":44.5703,"stabilizedPalmPosition":[-2.07577,319.518,101.316],"t":[45.5669,-25.8643,-106.397],"timeVisible":1.02126,"type":"right","wrist":[1.01833,300.12,87.8248]}],"id":4207204,"interactionBox":{"center":[0,200,0],"size":[235.247,235.247,147.751]},"pointables":[{"bases":[[[0.847065,0.374532,0.377102],[-0.518542,0.738024,0.431782],[-0.116595,-0.561291,0.819365]],[[0.809888,0.585877,-0.0287876],[-0.58611,0.810232,0.000445084],[0.0235854,0.0165122,0.999585]],[[0.809888,0.585877,-0.0287876],[-0.548936,0.739697,-0.389252],[-0.20676,0.331053,0.920682]],[[0.809888,0.585877,-0.0287876],[-0.234727,0.278717,-0.931247],[-0.537572,0.760963,0.363251]]],"btipPosition":[-7.98481,281.647,-9.43082],"carpPosition":[-26.4333,311.56,80.3347],"dipPosition":[-20.5626,299.451,-0.931708],"direction":[0.20676,-0.331053,-0.920682],"extended":false,"handId":602,"id":6020,"length":52.1025,"mcpPosition":[-26.4333,311.56,80.3347],"pipPosition":[-27.6103,310.736,30.4511],"stabilizedTipPosition":[-10.8842,279.033,24.0873],"timeVisible":1.02126,"tipPosition":[-10.7164,285.795,-6.64681],"tipVelocity":[37.3647,26.3722,-156.946],"tool":false,"touchDistance":-0.45127,"touchZone":"touching","type":0,"width":20.2446},{"bases":[[[0.776607,-0.629676,0.0197417],[0.571412,0.71725,0.398799],[-0.265274,-0.298429,0.916826]],[[0.710426,-0.675593,0.197152],[0.679951,0.731165,0.0553671],[-0.181556,0.0947194,0.978808]],[[0.710426,-0.675593,0.197152],[0.701836,0.70087,-0.127307],[-0.05217,0.228811,0.972072]],[[0.710426,-0.675593,0.197152],[0.702601,0.664688,-0.25405],[0.04059,0.319003,0.946884]]],"btipPosition":[22.4786,329.018,-66.0313],"carpPosition":[-5.39759,322.115,83.1049],"dipPosition":[23.172,334.467,-49.8575],"direction":[0.05217,-0.228811,-0.972072],"extended":true,"handId":602,"id":6021,"length":58.7918,"mcpPosition":[14.1133,344.064,15.6723],"pipPosition":[21.9113,339.996,-26.3684],"stabilizedTipPosition":[22.1569,322.623,-26.9785],"timeVisible":1.02126,"tipPosition":[21.9822,329.573,-62.0996],"tipVelocity":[33.0163,34.6003,-151.574],"tool":false,"touchDistance":-0.452522,"touchZone":"touching","type":1,"width":19.3376},{"bases":[[[0.62476,-0.777192,0.07515],[0.688517,0.593744,0.416427],[-0.368264,-0.208425,0.906058]],[[0.617318,-0.781181,0.093143],[0.460737,0.263021,-0.847668],[0.637683,0.566195,0.522287]],[[0.617318,-0.781181,0.093143],[-0.479341,-0.467364,-0.742834],[0.623819,0.413918,-0.662964]],[[0.617318,-0.781181,0.093143],[-0.732372,-0.613874,-0.294601],[0.287315,0.113647,-0.95107]]],"btipPosition":[-22.9862,289.195,31.8343],"carpPosition":[5.18829,315.843,83.484],"dipPosition":[-17.5884,291.33,13.9666],"direction":[-0.623819,-0.413918,0.662964],"extended":false,"handId":602,"id":6022,"length":66.9886,"mcpPosition":[30.8745,330.381,20.287],"pipPosition":[0.146069,303.097,-4.88071],"stabilizedTipPosition":[-32.7073,286.044,64.5745],"timeVisible":1.02126,"tipPosition":[-21.6044,289.738,27.3231],"tipVelocity":[34.4857,27.7074,-135.066],"tool":false,"touchDistance":0.333333,"touchZone":"none","type":2,"width":18.9921},{"bases":[[[0.510065,-0.841925,0.176057],[0.719304,0.529753,0.449403],[-0.471631,-0.102586,0.875809]],[[0.495361,-0.844675,0.202833],[0.555816,0.128745,-0.821275],[0.667597,0.519566,0.533259]],[[0.495361,-0.844675,0.202833],[-0.476381,-0.459396,-0.749678],[0.726415,0.274736,-0.629954]],[[0.495361,-0.844675,0.202833],[-0.779021,-0.535267,-0.326521],[0.384374,0.00373417,-0.92317]]],"btipPosition":[-13.8368,282.588,40.0589],"carpPosition":[13.7456,307.05,84.0342],"dipPosition":[-6.65711,282.658,22.815],"direction":[-0.726415,-0.274736,0.629954],"extended":false,"handId":602,"id":6023,"length":64.4113,"mcpPosition":[43.2807,313.474,29.1881],"pipPosition":[13.4607,290.266,5.36868],"stabilizedTipPosition":[-24.1004,277.362,71.3735],"timeVisible":1.02126,"tipPosition":[-12.1444,282.474,35.436],"tipVelocity":[38.6936,37.875,-126.898],"tool":false,"touchDistance":0.333333,"touchZone":"none","type":3,"width":18.0722},{"bases":[[[0.326142,-0.924019,0.199549],[0.745369,0.381196,0.546914],[-0.581426,-0.0296344,0.813059]],[[0.36035,-0.92059,0.150538],[0.635828,0.12432,-0.761753],[0.682547,0.370214,0.630135]],[[0.36035,-0.92059,0.150538],[-0.467947,-0.318005,-0.82456],[0.806953,0.226686,-0.54538]],[[0.36035,-0.92059,0.150538],[-0.813637,-0.389119,-0.43195],[0.456226,0.0331697,-0.889246]]],"btipPosition":[3.05157,276.853,40.5189],"carpPosition":[17.115,293.227,83.9391],"dipPosition":[10.9133,277.425,25.1953],"direction":[-0.806953,-0.226686,0.54538],"extended":false,"handId":602,"id":6024,"length":50.4973,"mcpPosition":[50.8201,294.944,36.8063],"pipPosition":[26.6922,281.857,14.5311],"stabilizedTipPosition":[-5.35971,269.077,69.9217],"timeVisible":1.02126,"tipPosition":[4.98076,276.758,36.391],"tipVelocity":[41.7624,51.6442,-122.242],"tool":false,"touchDistance":0.333333,"touchZone":"none","type":4,"width":16.0532}],"r":[[0.95458,0.289158,0.0718723],[-0.27156,0.943584,-0.189482],[-0.122608,0.161358,0.97925]],"s":1.00654,"t":[45.5669,-25.8643,-106.397],"timestamp":522832448032},false],[1,{"currentFrameRate":109.963,"devices":[],"gestures":[],"hands":[{"armBasis":[[0.731974,-0.67798,-0.0675124],[0.681115,0.725632,0.0976756],[-0.0172329,-0.11748,0.992926]],"armWidth":63.703,"confidence":0.828405,"direction":[0.474709,0.287638,-0.831815],"elbow":[-3.8506,268.879,354.991],"grabStrength":0,"id":602,"palmNormal":[-0.523305,-0.667655,-0.529518],"palmPosition":[18.7755,318.468,38.511],"palmVelocity":[8.34205,52.6119,-130.083],"palmWidth":90.9658,"pinchStrength":0.674265,"r":[[0.953385,0.293181,0.0714268],[-0.275173,0.941832,-0.192955],[-0.123843,0.164306,0.978604]],"s":1.00838,"sphereCenter":[9.25842,288.153,4.21472],"sphereRadius":44.57,"stabilizedPalmPosition":[-2.0682,319.518,101.293],"t":[45.5825,-25.3632,-107.604],"timeVisible":1.03041,"type":"right","wrist":[0.801041,300.59,86.9721]}],"id":4207205,"interactionBox":{"center":[0,200,0],"size":[235.247,235.247,147.751]},"pointables":[{"bases":[[[0.845456,0.376986,0.378268],[-0.520765,0.738949,0.427502],[-0.118358,-0.558423,0.82107]],[[0.809233,0.586795,-0.0285181],[-0.587148,0.809463,-0.00527852],[0.0199869,0.0210159,0.999579]],[[0.809233,0.586795,-0.0285181],[-0.548814,0.73775,-0.393102],[-0.209631,0.333762,0.919053]],[[0.809233,0.586795,-0.0285181],[-0.234168,0.277654,-0.931705],[-0.538802,0.760644,0.362095]]],"btipPosition":[-7.88751,281.745,-10.3252],"carpPosition":[-26.6422,311.967,79.3575],"dipPosition":[-20.494,299.542,-1.85309],"direction":[0.209631,-0.333762,-0.919053],"extended":false,"handId":602,"id":6020,"length":52.1025,"mcpPosition":[-26.6422,311.967,79.3575],"pipPosition":[-27.6396,310.919,29.4742],"stabilizedTipPosition":[-10.8842,279.034,24.0847],"timeVisible":1.03041,"tipPosition":[-10.6357,285.897,-7.55172],"tipVelocity":[29.7199,21.967,-140.65],"tool":false,"touchDistance":-0.447985,"touchZone":"touching","type":0,"width":20.2446},{"bases":[[[0.777333,-0.628617,0.0243936],[0.569309,0.719433,0.397874],[-0.26766,-0.295393,0.917116]],[[0.7108,-0.673915,0.201501],[0.678603,0.732392,0.0556756],[-0.185098,0.0971647,0.977905]],[[0.7108,-0.673915,0.201501],[0.701144,0.701729,-0.12639],[-0.056223,0.231119,0.9713]],[[0.7108,-0.673915,0.201501],[0.702457,0.665323,-0.252783],[0.0362912,0.321224,0.946308]]],"btipPosition":[22.747,329.04,-66.9381],"carpPosition":[-5.62819,322.559,82.152],"dipPosition":[23.3669,334.527,-50.7742],"direction":[0.056223,-0.231119,-0.9713],"extended":true,"handId":602,"id":6021,"length":58.7918,"mcpPosition":[14.0582,344.285,14.6982],"pipPosition":[22.0084,340.112,-27.3037],"stabilizedTipPosition":[22.1571,322.625,-26.9896],"timeVisible":1.03041,"tipPosition":[22.2436,329.605,-63.0129],"tipVelocity":[31.4764,25.9179,-137.033],"tool":false,"touchDistance":-0.449239,"touchZone":"touching","type":1,"width":19.3376},{"bases":[[[0.625505,-0.77612,0.0798873],[0.686515,0.596141,0.416309],[-0.37073,-0.205559,0.905707]],[[0.618011,-0.780053,0.0978782],[0.462919,0.260443,-0.847275],[0.635428,0.568935,0.522058]],[[0.618011,-0.780053,0.0978782],[-0.476523,-0.470705,-0.742538],[0.625291,0.412255,-0.662614]],[[0.618011,-0.780053,0.0978782],[-0.730703,-0.615874,-0.294571],[0.290061,0.110528,-0.950604]]],"btipPosition":[-23.0229,289.428,30.9532],"carpPosition":[4.96434,316.302,82.5861],"dipPosition":[-17.5735,291.505,13.0942],"direction":[-0.625291,-0.412255,0.662614],"extended":false,"handId":602,"id":6022,"length":66.9886,"mcpPosition":[30.8225,330.64,19.4136],"pipPosition":[0.202803,303.225,-5.74311],"stabilizedTipPosition":[-32.7058,286.045,64.5691],"timeVisible":1.03041,"tipPosition":[-21.6286,289.956,26.4465],"tipVelocity":[24.1276,26.6848,-124.209],"tool":false,"touchDistance":0.333333,"touchZone":"none","type":2,"width":18.9921},{"bases":[[[0.510587,-0.840627,0.180687],[0.717283,0.53231,0.449613],[-0.474138,-0.0999629,0.874758]],[[0.49594,-0.843276,0.207191],[0.557448,0.126232,-0.820559],[0.665804,0.522446,0.532687]],[[0.49594,-0.843276,0.207191],[-0.474305,-0.462927,-0.748821],[0.727378,0.273099,-0.629554]],[[0.49594,-0.843276,0.207191],[-0.777642,-0.53748,-0.326174],[0.386415,0.000642587,-0.922325]]],"btipPosition":[-13.8792,282.87,39.2836],"carpPosition":[13.531,307.522,83.1943],"dipPosition":[-6.66132,282.882,22.0555],"direction":[-0.727378,-0.273099,0.629554],"extended":false,"handId":602,"id":6023,"length":64.4113,"mcpPosition":[43.2231,313.782,28.4141],"pipPosition":[13.4831,290.446,4.62025],"stabilizedTipPosition":[-24.0965,277.363,71.3618],"timeVisible":1.03041,"tipPosition":[-12.1793,282.743,34.6661],"tipVelocity":[26.8977,35.5211,-115.046],"tool":false,"touchDistance":0.333333,"touchZone":"none","type":3,"width":18.0722},{"bases":[[[0.326698,-0.922867,0.203927],[0.74324,0.384145,0.547747],[-0.583835,-0.0273813,0.81141]],[[0.360884,-0.919598,0.155247],[0.637888,0.121957,-0.760412],[0.68034,0.373451,0.630613]],[[0.360884,-0.919598,0.155247],[-0.465167,-0.32177,-0.824672],[0.808321,0.225395,-0.543888]],[[0.360884,-0.919598,0.155247],[-0.811885,-0.391698,-0.432915],[0.458918,0.0301891,-0.887965]]],"btipPosition":[2.99907,277.161,39.7676],"carpPosition":[16.9179,293.703,83.1603],"dipPosition":[10.9072,277.681,24.466],"direction":[-0.808321,-0.225395,0.543888],"extended":false,"handId":602,"id":6024,"length":50.4973,"mcpPosition":[50.7627,295.29,36.123],"pipPosition":[26.7128,282.089,13.831],"stabilizedTipPosition":[-5.35451,269.081,69.9045],"timeVisible":1.03041,"tipPosition":[4.94162,277.053,35.6524],"tipVelocity":[28.8605,46.2759,-110.914],"tool":false,"touchDistance":0.333333,"touchZone":"none","type":4,"width":16.0532}],"r":[[0.953385,0.293181,0.0714268],[-0.275173,0.941832,-0.192955],[-0.123843,0.164306,0.978604]],"s":1.00838,"t":[45.5825,-25.3632,-107.604],"timestamp":522832457182},false],[2,{"currentFrameRate":110.077,"devices":[],"gestures":[],"hands":[{"armBasis":[[0.73275,-0.677015,-0.068755],[0.680299,0.726346,0.0980506],[-0.0164419,-0.118621,0.992804]],"armWidth":63.703,"confidence":0.83363,"direction":[0.474621,0.286452,-0.832274],"elbow":[-3.52892,268.867,354.333],"grabStrength":0,"id":602,"palmNormal":[-0.522781,-0.668971,-0.528373],"palmPosition":[18.8777,318.688,37.8559],"palmVelocity":[9.20258,45.0544,-114.788],"palmWidth":90.9658,"pinchStrength":0.672448,"r":[[0.952376,0.296551,0.0709766],[-0.278179,0.940303,-0.196079],[-0.124887,0.166996,0.978016]],"s":1.01003,"sphereCenter":[9.37552,288.343,3.60653],"sphereRadius":44.5784,"stabilizedPalmPosition":[-2.06083,319.517,101.27],"t":[45.6415,-25.0026,-108.535],"timeVisible":1.03929,"type":"right","wrist":[0.909195,300.886,86.3471]}],"id":4207206,"interactionBox":{"center":[0,200,0],"size":[235.247,235.247,147.751]},"pointables":[{"bases":[[[0.84515,0.378248,0.377691],[-0.521324,0.739369,0.426094],[-0.118084,-0.557012,0.822066]],[[0.808879,0.587243,-0.0293391],[-0.587658,0.809074,-0.00754366],[0.0193075,0.0233433,0.999541]],[[0.808879,0.587243,-0.0293391],[-0.549416,0.737119,-0.393444],[-0.209421,0.334368,0.91888]],[[0.808879,0.587243,-0.0293391],[-0.236212,0.278858,-0.930829],[-0.538441,0.759858,0.364276]]],"btipPosition":[-7.76781,281.89,-11.0176],"carpPosition":[-26.5408,312.231,78.7084],"dipPosition":[-20.3659,299.668,-2.49446],"direction":[0.209421,-0.334368,-0.91888],"extended":false,"handId":602,"id":6020,"length":52.1025,"mcpPosition":[-26.5408,312.231,78.7084],"pipPosition":[-27.5043,311.066,28.827],"stabilizedTipPosition":[-10.8842,279.034,24.0823],"timeVisible":1.03929,"tipPosition":[-10.5176,286.028,-8.23498],"tipVelocity":[25.3688,20.3013,-123.268],"tool":false,"touchDistance":-0.441729,"touchZone":"touching","type":0,"width":20.2446},{"bases":[[[0.777758,-0.628042,0.0256339],[0.568767,0.720542,0.396641],[-0.267578,-0.293911,0.917616]],[[0.711381,-0.673003,0.202493],[0.67776,0.73317,0.0557057],[-0.185952,0.0976134,0.977698]],[[0.711381,-0.673003,0.202493],[0.70045,0.702504,-0.125926],[-0.057503,0.231418,0.971154]],[[0.711381,-0.673003,0.202493],[0.701945,0.666122,-0.252099],[0.0347788,0.321477,0.946278]]],"btipPosition":[22.9282,329.183,-67.6277],"carpPosition":[-5.53438,322.842,81.4864],"dipPosition":[23.5222,334.674,-51.4642],"direction":[0.057503,-0.231418,-0.971154],"extended":true,"handId":602,"id":6021,"length":58.7918,"mcpPosition":[14.1459,344.459,13.9957],"pipPosition":[22.1327,340.266,-27.9973],"stabilizedTipPosition":[22.1573,322.627,-26.9992],"timeVisible":1.03929,"tipPosition":[22.4263,329.744,-63.7062],"tipVelocity":[28.2862,23.2757,-120.908],"tool":false,"touchDistance":-0.442994,"touchZone":"touching","type":1,"width":19.3376},{"bases":[[[0.626023,-0.775547,0.0813757],[0.686055,0.597363,0.415315],[-0.370707,-0.204168,0.906031]],[[0.618527,-0.779454,0.0993784],[0.462814,0.259179,-0.84772],[0.635002,0.570331,0.521052]],[[0.618527,-0.779454,0.0993784],[-0.476114,-0.472384,-0.741734],[0.625092,0.411467,-0.663291]],[[0.618527,-0.779454,0.0993784],[-0.730238,-0.616902,-0.293573],[0.290133,0.109013,-0.950757]]],"btipPosition":[-22.9016,289.605,30.3483],"carpPosition":[5.06236,316.593,81.9331],"dipPosition":[-17.4509,291.653,12.4864],"direction":[-0.625092,-0.411467,0.663291],"extended":false,"handId":602,"id":6022,"length":66.9886,"mcpPosition":[30.9189,330.834,18.738],"pipPosition":[0.31975,303.351,-6.37017],"stabilizedTipPosition":[-32.7045,286.045,64.5648],"timeVisible":1.03929,"tipPosition":[-21.5075,290.126,25.8429],"tipVelocity":[21.2922,24.6554,-108.997],"tool":false,"touchDistance":0.333333,"touchZone":"none","type":2,"width":18.9921},{"bases":[[[0.511136,-0.839949,0.182277],[0.716861,0.533614,0.448738],[-0.474183,-0.0986986,0.874877]],[[0.496605,-0.842543,0.208576],[0.556876,0.124951,-0.821143],[0.665787,0.523935,0.531244]],[[0.496605,-0.842543,0.208576],[-0.474556,-0.464763,-0.747524],[0.72676,0.272243,-0.630637]],[[0.496605,-0.842543,0.208576],[-0.777476,-0.538628,-0.324671],[0.385894,-0.000930019,-0.922542]]],"btipPosition":[-13.7449,283.075,38.7387],"carpPosition":[13.6349,307.82,82.5584],"dipPosition":[-6.53673,283.058,21.5066],"direction":[-0.72676,-0.272243,0.630637],"extended":false,"handId":602,"id":6023,"length":64.4113,"mcpPosition":[43.3298,314.001,27.7707],"pipPosition":[13.5906,290.598,4.0413],"stabilizedTipPosition":[-24.0932,277.365,71.3515],"timeVisible":1.03929,"tipPosition":[-12.0501,282.943,34.1225],"tipVelocity":[23.6321,31.9371,-100.494],"tool":false,"touchDistance":0.333333,"touchZone":"none","type":3,"width":18.0722},{"bases":[[[0.3273,-0.922272,0.205643],[0.742907,0.385645,0.547145],[-0.583921,-0.0263069,0.811384]],[[0.361288,-0.919098,0.157257],[0.637405,0.120338,-0.761074],[0.680577,0.375203,0.629315]],[[0.361288,-0.919098,0.157257],[-0.465391,-0.323879,-0.823719],[0.808011,0.224414,-0.544754]],[[0.361288,-0.919098,0.157257],[-0.811747,-0.393003,-0.431991],[0.458844,0.0284199,-0.888062]]],"btipPosition":[3.11635,277.387,39.2232],"carpPosition":[17.0313,294.003,82.5499],"dipPosition":[11.0232,277.876,23.9199],"direction":[-0.808011,-0.224414,0.544754],"extended":false,"handId":602,"id":6024,"length":50.4973,"mcpPosition":[50.881,295.528,35.5141],"pipPosition":[26.8228,282.264,13.268],"stabilizedTipPosition":[-5.34965,269.085,69.8883],"timeVisible":1.03929,"tipPosition":[5.06074,277.272,35.1106],"tipVelocity":[24.6004,40.3842,-97.4529],"tool":false,"touchDistance":0.333333,"touchZone":"none","type":4,"width":16.0532}],"r":[[0.952376,0.296551,0.0709766],[-0.278179,0.940303,-0.196079],[-0.124887,0.166996,0.978016]],"s":1.01003,"t":[45.6415,-25.0026,-108.535],"timestamp":522832466064},false],[3,{"currentFrameRate":110.003,"devices":[],"gestures":[],"hands":[{"armBasis":[[0.732647,-0.676967,-0.0703172],[0.68048,0.726584,0.094982],[-0.0132082,-0.117438,0.992992]],"armWidth":63.703,"confidence":0.831708,"direction":[0.475854,0.284725,-0.832163],"elbow":[-2.67198,269.703,353.268],"grabStrength":0,"id":602,"palmNormal":[-0.521817,-0.670244,-0.527713],"palmPosition":[18.9334,319.102,36.7289],"palmVelocity":[8.31569,45.0069,-116.868],"palmWidth":90.9658,"pinchStrength":0.670813,"r":[[0.951526,0.299316,0.0707732],[-0.280558,0.938966,-0.199075],[-0.12604,0.169569,0.977425]],"s":1.0114,"sphereCenter":[9.46782,288.729,2.52697],"sphereRadius":44.57,"stabilizedPalmPosition":[-2.05326,319.517,101.247],"t":[45.6988,-24.6153,-109.564],"timeVisible":1.04851,"type":"right","wrist":[0.893286,301.403,85.2311]}],"id":4207207,"interactionBox":{"center":[0,200,0],"size":[235.247,235.247,147.751]},"pointables":[{"bases":[[[0.844481,0.37926,0.378173],[-0.522143,0.74019,0.423657],[-0.119244,-0.55523,0.823104]],[[0.808877,0.587256,-0.0291076],[-0.587736,0.808972,-0.0114147],[0.0168439,0.0263407,0.999511]],[[0.808877,0.587256,-0.0291076],[-0.548881,0.736416,-0.395501],[-0.210825,0.335888,0.918004]],[[0.808877,0.587256,-0.0291076],[-0.236236,0.279256,-0.930703],[-0.538433,0.759701,0.364615]]],"btipPosition":[-7.60361,282.186,-12.1777],"carpPosition":[-26.5472,312.725,77.5248],"dipPosition":[-20.2015,299.961,-3.64669],"direction":[0.210825,-0.335888,-0.918004],"extended":false,"handId":602,"id":6020,"length":52.1025,"mcpPosition":[-26.5472,312.725,77.5248],"pipPosition":[-27.3878,311.41,27.6449],"stabilizedTipPosition":[-10.8842,279.035,24.08],"timeVisible":1.04851,"tipPosition":[-10.3712,286.328,-9.40071],"tipVelocity":[23.2502,23.5865,-123.923],"tool":false,"touchDistance":-0.443265,"touchZone":"touching","type":0,"width":20.2446},{"bases":[[[0.777851,-0.627815,0.0282233],[0.567996,0.721535,0.395941],[-0.268942,-0.291952,0.917842]],[[0.711338,-0.672351,0.204798],[0.677268,0.733601,0.0560146],[-0.187902,0.0988578,0.9772]],[[0.711338,-0.672351,0.204798],[0.700329,0.702686,-0.125582],[-0.0594733,0.232758,0.970715]],[[0.711338,-0.672351,0.204798],[0.702081,0.6661,-0.25178],[0.0328683,0.322885,0.945867]]],"btipPosition":[23.1795,329.434,-68.7796],"carpPosition":[-5.5474,323.346,80.3121],"dipPosition":[23.7409,334.949,-52.6232],"direction":[0.0594733,-0.232758,-0.970715],"extended":true,"handId":602,"id":6021,"length":58.7918,"mcpPosition":[14.2333,344.819,12.8048],"pipPosition":[22.3038,340.573,-29.1669],"stabilizedTipPosition":[22.1576,322.629,-27.0084],"timeVisible":1.04851,"tipPosition":[22.6831,330.004,-64.8642],"tipVelocity":[27.768,24.5347,-122.079],"tool":false,"touchDistance":-0.444331,"touchZone":"touching","type":1,"width":19.3376},{"bases":[[[0.626061,-0.775231,0.0840532],[0.685281,0.598423,0.415067],[-0.372072,-0.202257,0.9059]],[[0.618535,-0.779101,0.102058],[0.464039,0.257374,-0.8476],[0.634099,0.57163,0.520728]],[[0.618535,-0.779101,0.102058],[-0.474866,-0.474124,-0.741423],[0.626032,0.410133,-0.663231]],[[0.618535,-0.779101,0.102058],[-0.729641,-0.6177,-0.293379],[0.291613,0.106999,-0.950533]]],"btipPosition":[-22.8298,289.993,29.223],"carpPosition":[5.04996,317.101,80.7891],"dipPosition":[-17.3513,292.003,11.3654],"direction":[-0.626032,-0.410133,0.663231],"extended":false,"handId":602,"id":6022,"length":66.9886,"mcpPosition":[31.0018,331.208,17.6031],"pipPosition":[0.446078,303.663,-7.48951],"stabilizedTipPosition":[-32.7034,286.046,64.5608],"timeVisible":1.04851,"tipPosition":[-21.4292,290.504,24.7209],"tipVelocity":[17.7011,29.2642,-112.617],"tool":false,"touchDistance":0.333333,"touchZone":"none","type":2,"width":18.9921},{"bases":[[[0.511031,-0.839436,0.184917],[0.716049,0.534754,0.448678],[-0.475522,-0.0968786,0.874353]],[[0.496568,-0.84196,0.211007],[0.557577,0.123105,-0.820946],[0.665227,0.525309,0.530588]],[[0.496568,-0.84196,0.211007],[-0.473909,-0.466649,-0.746759],[0.727207,0.270819,-0.630735]],[[0.496568,-0.84196,0.211007],[-0.777081,-0.539532,-0.324114],[0.386736,-0.00302505,-0.922186]]],"btipPosition":[-13.6756,283.49,37.6854],"carpPosition":[13.6234,308.331,81.447],"dipPosition":[-6.45176,283.433,20.4599],"direction":[-0.727207,-0.270819,0.630735],"extended":false,"handId":602,"id":6023,"length":64.4113,"mcpPosition":[43.4021,314.398,26.6921],"pipPosition":[13.688,290.934,2.99194],"stabilizedTipPosition":[-24.09,277.367,71.3417],"timeVisible":1.04851,"tipPosition":[-11.979,283.349,33.0739],"tipVelocity":[19.2227,35.3045,-104.294],"tool":false,"touchDistance":0.333333,"touchZone":"none","type":3,"width":18.0722},{"bases":[[[0.327176,-0.921747,0.208178],[0.741973,0.387007,0.54745],[-0.585177,-0.0246503,0.810531]],[[0.361107,-0.91869,0.16003],[0.638503,0.11851,-0.76044],[0.679644,0.37678,0.629382]],[[0.361107,-0.91869,0.16003],[-0.464105,-0.325899,-0.823648],[0.808831,0.223154,-0.544053]],[[0.361107,-0.91869,0.16003],[-0.811008,-0.394098,-0.432381],[0.460292,0.02635,-0.887376]]],"btipPosition":[3.1726,277.807,38.1689],"carpPosition":[17.0227,294.515,81.4741],"dipPosition":[11.1044,278.261,22.8775],"direction":[-0.808831,-0.223154,0.544053],"extended":false,"handId":602,"id":6024,"length":50.4973,"mcpPosition":[50.9453,295.944,34.4878],"pipPosition":[26.92,282.624,12.2393],"stabilizedTipPosition":[-5.34497,269.089,69.8724],"timeVisible":1.04851,"tipPosition":[5.12408,277.684,34.0662],"tipVelocity":[19.5889,41.5912,-102.097],"tool":false,"touchDistance":0.333333,"touchZone":"none","type":4,"width":16.0532}],"r":[[0.951526,0.299316,0.0707732],[-0.280558,0.938966,-0.199075],[-0.12604,0.169569,0.977425]],"s":1.0114,"t":[45.6988,-24.6153,-109.564],"timestamp":522832475286},false],[4,{"currentFrameRate":110.084,"devices":[],"gestures":[],"hands":[{"armBasis":[[0.731487,-0.678122,-0.0712509],[0.681759,0.725627,0.0931144],[-0.0114413,-0.116688,0.993103]],"armWidth":63.703,"confidence":0.835678,"direction":[0.476103,0.283571,-0.832414],"elbow":[-1.94111,270.411,352.101],"grabStrength":0,"id":602,"palmNormal":[-0.52284,-0.66983,-0.527225],"palmPosition":[19.2034,319.553,35.5185],"palmVelocity":[14.2911,46.5129,-121.924],"palmWidth":90.9658,"pinchStrength":0.66892,"r":[[0.950927,0.30127,0.0705348],[-0.282204,0.937939,-0.201571],[-0.126885,0.171774,0.976931]],"s":1.01257,"sphereCenter":[9.67654,289.201,1.33141],"sphereRadius":44.569,"stabilizedPalmPosition":[-2.04577,319.517,101.224],"t":[45.8625,-24.1959,-110.684],"timeVisible":1.05745,"type":"right","wrist":[1.14723,301.908,84.0344]}],"id":4207208,"interactionBox":{"center":[0,200,0],"size":[235.247,235.247,147.751]},"pointables":[{"bases":[[[0.845073,0.37831,0.377801],[-0.52104,0.741165,0.42331],[-0.119871,-0.554577,0.823453]],[[0.809812,0.585963,-0.0291766],[-0.586464,0.809877,-0.0126251],[0.0162316,0.027335,0.999495]],[[0.809812,0.585963,-0.0291766],[-0.547862,0.737493,-0.394906],[-0.209883,0.335785,0.918258]],[[0.809812,0.585963,-0.0291766],[-0.237679,0.282198,-0.929448],[-0.536388,0.759613,0.367799]]],"btipPosition":[-7.38465,282.681,-13.4587],"carpPosition":[-26.2789,313.264,76.3261],"dipPosition":[-19.9347,300.454,-4.85315],"direction":[0.209883,-0.335785,-0.918258],"extended":false,"handId":602,"id":6020,"length":52.1025,"mcpPosition":[-26.2789,313.264,76.3261],"pipPosition":[-27.0889,311.899,26.4471],"stabilizedTipPosition":[-10.8842,279.035,24.0776],"timeVisible":1.05745,"tipPosition":[-10.1518,286.81,-10.6676],"tipVelocity":[23.9252,32.2481,-128.686],"tool":false,"touchDistance":-0.446229,"touchZone":"touching","type":0,"width":20.2446},{"bases":[[[0.776982,-0.628879,0.0284586],[0.569067,0.720979,0.395414],[-0.269186,-0.291035,0.918062]],[[0.710572,-0.673165,0.204784],[0.678071,0.732845,0.0561955],[-0.187904,0.098927,0.977193]],[[0.710572,-0.673165,0.204784],[0.701114,0.701949,-0.125325],[-0.0593833,0.23263,0.970751]],[[0.710572,-0.673165,0.204784],[0.702848,0.665391,-0.251515],[0.0330497,0.322651,0.945941]]],"btipPosition":[23.4758,329.882,-70.0061],"carpPosition":[-5.26383,323.858,79.1035],"dipPosition":[24.0404,335.393,-53.8485],"direction":[0.0593833,-0.23263,-0.970751],"extended":true,"handId":602,"id":6021,"length":58.7918,"mcpPosition":[14.5348,345.263,11.5801],"pipPosition":[22.6054,341.014,-30.3913],"stabilizedTipPosition":[22.1579,322.631,-27.0173],"timeVisible":1.05745,"tipPosition":[22.9916,330.455,-66.0941],"tipVelocity":[29.2588,31.4944,-126.198],"tool":false,"touchDistance":-0.446625,"touchZone":"touching","type":1,"width":19.3376},{"bases":[[[0.624998,-0.77605,0.0844022],[0.686185,0.597715,0.414593],[-0.372193,-0.201204,0.906084]],[[0.617468,-0.7799,0.102416],[0.464213,0.256188,-0.847865],[0.635012,0.571072,0.520227]],[[0.617468,-0.7799,0.102416],[-0.475662,-0.473909,-0.741051],[0.626481,0.40886,-0.663592]],[[0.617468,-0.7799,0.102416],[-0.730543,-0.616855,-0.292911],[0.291618,0.106044,-0.950639]]],"btipPosition":[-22.6032,290.498,28.0398],"carpPosition":[5.32493,317.598,79.5823],"dipPosition":[-17.1246,292.49,10.1801],"direction":[-0.626481,-0.40886,0.663592],"extended":false,"handId":602,"id":6022,"length":66.9886,"mcpPosition":[31.2852,331.632,16.3835],"pipPosition":[0.685534,304.113,-8.68501],"stabilizedTipPosition":[-32.7024,286.046,64.557],"timeVisible":1.05745,"tipPosition":[-21.2031,291.004,23.5393],"tipVelocity":[19.7889,36.5585,-118.02],"tool":false,"touchDistance":0.333333,"touchZone":"none","type":2,"width":18.9921},{"bases":[[[0.509897,-0.840036,0.185324],[0.71687,0.534024,0.448236],[-0.475502,-0.0957009,0.874493]],[[0.495529,-0.84251,0.211252],[0.557366,0.121892,-0.82127],[0.666179,0.524708,0.529988]],[[0.495529,-0.84251,0.211252],[-0.474886,-0.46643,-0.746275],[0.727279,0.26948,-0.631226]],[[0.495529,-0.84251,0.211252],[-0.777934,-0.538665,-0.32351],[0.386355,-0.0040321,-0.922342]]],"btipPosition":[-13.4513,283.984,36.5169],"carpPosition":[13.8863,308.816,80.2439],"dipPosition":[-6.23456,283.909,19.2884],"direction":[-0.727279,-0.26948,0.631226],"extended":false,"handId":602,"id":6023,"length":64.4113,"mcpPosition":[43.6638,314.81,25.4802],"pipPosition":[13.9071,291.372,1.80687],"stabilizedTipPosition":[-24.0872,277.368,71.3327],"timeVisible":1.05745,"tipPosition":[-11.7582,283.842,31.9107],"tipVelocity":[20.7751,40.6343,-111.528],"tool":false,"touchDistance":0.333333,"touchZone":"none","type":3,"width":18.0722},{"bases":[[[0.325932,-0.922078,0.208666],[0.742606,0.3863,0.547091],[-0.585068,-0.0233581,0.810648]],[[0.359773,-0.919108,0.160634],[0.638671,0.117083,-0.760521],[0.680193,0.376207,0.629131]],[[0.359773,-0.919108,0.160634],[-0.464563,-0.325762,-0.823444],[0.809163,0.221629,-0.544184]],[[0.359773,-0.919108,0.160634],[-0.811584,-0.393205,-0.432112],[0.46032,0.0250948,-0.887398]]],"btipPosition":[3.38361,278.284,36.9785],"carpPosition":[17.2664,294.995,80.2786],"dipPosition":[11.3159,278.717,21.6867],"direction":[-0.809163,-0.221629,0.544184],"extended":false,"handId":602,"id":6024,"length":50.4973,"mcpPosition":[51.1827,296.349,33.2855],"pipPosition":[27.138,283.051,11.0459],"stabilizedTipPosition":[-5.34068,269.093,69.8576],"timeVisible":1.05745,"tipPosition":[5.33377,278.158,32.8857],"tipVelocity":[20.6884,44.6695,-110.581],"tool":false,"touchDistance":0.333333,"touchZone":"none","type":4,"width":16.0532}],"r":[[0.950927,0.30127,0.0705348],[-0.282204,0.937939,-0.201571],[-0.126885,0.171774,0.976931]],"s":1.01257,"t":[45.8625,-24.1959,-110.684],"timestamp":522832484226},false],[5,{"currentFrameRate":110.093,"devices":[],"gestures":[],"hands":[{"armBasis":[[0.731678,-0.678041,-0.0700513],[0.681479,0.725319,0.0974614],[-0.0152733,-0.119049,0.992771]],"armWidth":63.703,"confidence":0.842362,"direction":[0.472166,0.28203,-0.835176],"elbow":[-2.23869,270.18,351.171],"grabStrength":0,"id":602,"palmNormal":[-0.526368,-0.669784,-0.523761],"palmPosition":[19.7122,319.882,34.5661],"palmVelocity":[25.8482,43.6665,-117.256],"palmWidth":90.9658,"pinchStrength":0.6669,"r":[[0.950591,0.302612,0.0692931],[-0.283495,0.937135,-0.203492],[-0.126516,0.173794,0.976621]],"s":1.0137,"sphereCenter":[9.95797,289.541,0.454841],"sphereRadius":44.5737,"stabilizedPalmPosition":[-2.03751,319.517,101.199],"t":[46.1988,-23.8219,-111.72],"timeVisible":1.06652,"type":"right","wrist":[1.884,302.314,83.1944]}],"id":4207209,"interactionBox":{"center":[0,200,0],"size":[235.247,235.247,147.751]},"pointables":[{"bases":[[[0.84747,0.377695,0.373017],[-0.517943,0.742293,0.42513],[-0.116319,-0.553487,0.824695]],[[0.810427,0.584862,-0.0338339],[-0.58547,0.810615,-0.0113282],[0.0208008,0.0289895,0.999363]],[[0.810427,0.584862,-0.0338339],[-0.549135,0.738263,-0.391687],[-0.204105,0.336013,0.919476]],[[0.810427,0.584862,-0.0338339],[-0.244284,0.284876,-0.926915],[-0.532479,0.759462,0.373744]]],"btipPosition":[-7.1896,283.025,-14.3447],"carpPosition":[-25.5674,313.695,75.6142],"dipPosition":[-19.6482,300.795,-5.6001],"direction":[0.204105,-0.336013,-0.919476],"extended":false,"handId":602,"id":6020,"length":52.1025,"mcpPosition":[-25.5674,313.695,75.6142],"pipPosition":[-26.6054,312.248,25.7416],"stabilizedTipPosition":[-10.8841,279.036,24.0748],"timeVisible":1.06652,"tipPosition":[-9.93337,287.142,-11.5232],"tipVelocity":[23.8991,33.8111,-119.151],"tool":false,"touchDistance":-0.44275,"touchZone":"touching","type":0,"width":20.2446},{"bases":[[[0.776343,-0.629807,0.0251878],[0.57198,0.720725,0.391655],[-0.264821,-0.289652,0.919767]],[[0.710965,-0.673738,0.201508],[0.678907,0.732302,0.0531008],[-0.183341,0.0990526,0.978046]],[[0.710965,-0.673738,0.201508],[0.70109,0.701405,-0.128467],[-0.0547861,0.232611,0.971026]],[[0.710965,-0.673738,0.201508],[0.70222,0.664848,-0.254685],[0.0376182,0.322575,0.945796]]],"btipPosition":[23.5083,330.185,-71.0046],"carpPosition":[-4.52527,324.266,78.2713],"dipPosition":[24.1508,335.695,-54.8494],"direction":[0.0547861,-0.232611,-0.971026],"extended":true,"handId":602,"id":6021,"length":58.7918,"mcpPosition":[14.9523,345.57,10.6224],"pipPosition":[22.827,341.316,-31.3856],"stabilizedTipPosition":[22.1583,322.633,-27.0258],"timeVisible":1.06652,"tipPosition":[23.0518,330.756,-67.0936],"tipVelocity":[22.708,32.019,-121.769],"tool":false,"touchDistance":-0.445281,"touchZone":"touching","type":1,"width":19.3376},{"bases":[[[0.624467,-0.776726,0.0820809],[0.689043,0.597339,0.410373],[-0.367778,-0.199707,0.908216]],[[0.617023,-0.780547,0.100143],[0.460127,0.254605,-0.850564],[0.638409,0.570896,0.516248]],[[0.617023,-0.780547,0.100143],[-0.480056,-0.474174,-0.738041],[0.623562,0.407314,-0.667283]],[[0.617023,-0.780547,0.100143],[-0.732791,-0.616282,-0.288469],[0.28688,0.104608,-0.952238]]],"btipPosition":[-22.1697,290.869,27.3384],"carpPosition":[6.05809,317.994,78.7029],"dipPosition":[-16.7801,292.834,9.44868],"direction":[-0.623562,-0.407314,0.667283],"extended":false,"handId":602,"id":6022,"length":66.9886,"mcpPosition":[31.7104,331.923,15.3554],"pipPosition":[0.947022,304.413,-9.52138],"stabilizedTipPosition":[-32.7012,286.047,64.553],"timeVisible":1.06652,"tipPosition":[-20.7925,291.368,22.8323],"tipVelocity":[26.9072,37.5704,-106.992],"tool":false,"touchDistance":0.333333,"touchZone":"none","type":2,"width":18.9921},{"bases":[[[0.509808,-0.840454,0.183667],[0.719822,0.533648,0.443932],[-0.471118,-0.0941123,0.877035]],[[0.495655,-0.842869,0.209519],[0.553068,0.120307,-0.824404],[0.669658,0.524498,0.525795]],[[0.495655,-0.842869,0.209519],[-0.479472,-0.466693,-0.743172],[0.724177,0.267898,-0.635451]],[[0.495655,-0.842869,0.209519],[-0.780292,-0.538091,-0.318751],[0.381405,-0.00549557,-0.924392]]],"btipPosition":[-12.9773,284.351,35.7869],"carpPosition":[14.6119,309.203,79.3305],"dipPosition":[-5.85304,284.249,18.5202],"direction":[-0.724177,-0.267898,0.635451],"extended":false,"handId":602,"id":6023,"length":64.4113,"mcpPosition":[44.1148,315.096,24.4077],"pipPosition":[14.2028,291.668,0.921643],"stabilizedTipPosition":[-24.0841,277.37,71.3231],"timeVisible":1.06652,"tipPosition":[-11.3104,284.205,31.1775],"tipVelocity":[28.8299,40.4021,-103.22],"tool":false,"touchDistance":0.333333,"touchZone":"none","type":3,"width":18.0722},{"bases":[[[0.325864,-0.922241,0.208048],[0.745884,0.386005,0.542823],[-0.580921,-0.0217069,0.81367]],[[0.359272,-0.919394,0.160118],[0.634475,0.114815,-0.764368],[0.684372,0.376207,0.624583]],[[0.359272,-0.919394,0.160118],[-0.469823,-0.326433,-0.820187],[0.806343,0.219443,-0.549231]],[[0.359272,-0.919394,0.160118],[-0.814568,-0.392666,-0.426956],[0.455414,0.0229664,-0.889984]]],"btipPosition":[3.84389,278.65,36.1924],"carpPosition":[17.9751,295.377,79.3637],"dipPosition":[11.6917,279.046,20.8561],"direction":[-0.806343,-0.219443,0.549231],"extended":false,"handId":602,"id":6024,"length":50.4973,"mcpPosition":[51.651,296.636,32.1955],"pipPosition":[27.4586,283.337,10.1166],"stabilizedTipPosition":[-5.33619,269.097,69.8424],"timeVisible":1.06652,"tipPosition":[5.77077,278.516,32.0909],"tipVelocity":[28.4055,43.2123,-104.29],"tool":false,"touchDistance":0.333333,"touchZone":"none","type":4,"width":16.0532}],"r":[[0.950591,0.302612,0.0692931],[-0.283495,0.937135,-0.203492],[-0.126516,0.173794,0.976621]],"s":1.0137,"t":[46.1988,-23.8219,-111.72],"timestamp":522832493294},false],[6,{"currentFrameRate":110.128,"devices":[],"gestures":[],"hands":[{"armBasis":[[0.730506,-0.679337,-0.0697232],[0.68276,0.724421,0.0951527],[-0.0141318,-0.117114,0.993018]],"armWidth":63.703,"confidence":0.843225,"direction":[0.471186,0.282749,-0.835486],"elbow":[-1.70355,270.882,350.523],"grabStrength":0,"id":602,"palmNormal":[-0.527797,-0.668542,-0.52391],"palmPosition":[19.8833,320.113,33.8498],"palmVelocity":[23.9568,38.7139,-106.853],"palmWidth":90.9658,"pinchStrength":0.665626,"r":[[0.950401,0.303482,0.0680975],[-0.28441,0.936599,-0.204679],[-0.125897,0.17516,0.976457]],"s":1.01476,"sphereCenter":[10.0273,289.881,-0.299728],"sphereRadius":44.5753,"stabilizedPalmPosition":[-2.02899,319.518,101.172],"t":[46.4524,-23.5193,-112.596],"timeVisible":1.07554,"type":"right","wrist":[2.11103,302.494,82.48]}],"id":4207210,"interactionBox":{"center":[0,200,0],"size":[235.247,235.247,147.751]},"pointables":[{"bases":[[[0.848391,0.376357,0.372276],[-0.516591,0.742193,0.426947],[-0.115616,-0.554532,0.824092]],[[0.811007,0.584047,-0.0340005],[-0.584629,0.81124,-0.00988532],[0.0218091,0.0278948,0.999373]],[[0.811007,0.584047,-0.0340005],[-0.549034,0.73974,-0.389033],[-0.202062,0.334176,0.920596]],[[0.811007,0.584047,-0.0340005],[-0.246526,0.288465,-0.92521],[-0.530558,0.758734,0.37793]]],"btipPosition":[-7.12779,283.377,-15.1386],"carpPosition":[-25.3407,313.912,74.9569],"dipPosition":[-19.5415,301.129,-6.29599],"direction":[0.202062,-0.334176,-0.920596],"extended":false,"handId":602,"id":6020,"length":52.1025,"mcpPosition":[-25.3407,313.912,74.9569],"pipPosition":[-26.429,312.52,25.0839],"stabilizedTipPosition":[-10.884,279.037,24.0717],"timeVisible":1.07554,"tipPosition":[-9.86552,287.479,-12.3021],"tipVelocity":[19.526,35.1144,-109.904],"tool":false,"touchDistance":-0.438378,"touchZone":"touching","type":0,"width":20.2446},{"bases":[[[0.775773,-0.630587,0.0231407],[0.57326,0.719625,0.391808],[-0.263722,-0.290688,0.919756]],[[0.710816,-0.674623,0.19906],[0.679322,0.731821,0.054404],[-0.182378,0.0965548,0.978476]],[[0.710816,-0.674623,0.19906],[0.701317,0.701408,-0.127204],[-0.0538078,0.230023,0.971697]],[[0.710816,-0.674623,0.19906],[0.702316,0.665182,-0.253544],[0.038635,0.320026,0.946621]]],"btipPosition":[23.5859,330.668,-71.7265],"carpPosition":[-4.28447,324.46,77.5973],"dipPosition":[24.2458,336.134,-55.5572],"direction":[0.0538078,-0.230023,-0.971697],"extended":true,"handId":602,"id":6021,"length":58.7918,"mcpPosition":[15.1123,345.84,9.94929],"pipPosition":[22.9456,341.693,-32.0772],"stabilizedTipPosition":[22.1586,322.635,-27.0348],"timeVisible":1.07554,"tipPosition":[23.1428,331.225,-67.8166],"tipVelocity":[18.9512,37.6358,-110.196],"tool":false,"touchDistance":-0.439866,"touchZone":"touching","type":1,"width":19.3376},{"bases":[[[0.623842,-0.77744,0.0800554],[0.690231,0.5961,0.410177],[-0.366609,-0.200629,0.908485]],[[0.616418,-0.781281,0.0981284],[0.459064,0.255319,-0.850925],[0.639757,0.569573,0.516041]],[[0.616418,-0.781281,0.0981284],[-0.481624,-0.472683,-0.737976],[0.62295,0.407641,-0.667654]],[[0.616418,-0.781281,0.0981284],[-0.733808,-0.615169,-0.288258],[0.285576,0.10568,-0.952511]]],"btipPosition":[-22.0389,291.15,26.6466],"carpPosition":[6.29348,318.176,78.0043],"dipPosition":[-16.6738,293.135,8.75182],"direction":[-0.62295,-0.407641,0.667654],"extended":false,"handId":602,"id":6022,"length":66.9886,"mcpPosition":[31.8643,332.17,14.638],"pipPosition":[1.03594,304.724,-10.2288],"stabilizedTipPosition":[-32.7,286.047,64.5487],"timeVisible":1.07554,"tipPosition":[-20.6683,291.654,22.1413],"tipVelocity":[23.3237,35.9531,-98.6973],"tool":false,"touchDistance":0.333333,"touchZone":"none","type":2,"width":18.9921},{"bases":[[[0.509273,-0.8412,0.181724],[0.721,0.532333,0.4436],[-0.469894,-0.0948909,0.877608]],[[0.495236,-0.843627,0.207451],[0.551744,0.120974,-0.825193],[0.671059,0.523125,0.525377]],[[0.495236,-0.843627,0.207451],[-0.481203,-0.465187,-0.742997],[0.723315,0.268133,-0.636333]],[[0.495236,-0.843627,0.207451],[-0.781326,-0.536912,-0.318207],[0.379831,-0.00449905,-0.925045]]],"btipPosition":[-12.8354,284.61,35.0826],"carpPosition":[14.8398,309.376,78.6068],"dipPosition":[-5.74052,284.526,17.8037],"direction":[-0.723315,-0.268133,0.636333],"extended":false,"handId":602,"id":6023,"length":64.4113,"mcpPosition":[44.2661,315.318,23.6481],"pipPosition":[14.2914,291.952,0.180702],"stabilizedTipPosition":[-24.081,277.371,71.3135],"timeVisible":1.07554,"tipPosition":[-11.1776,284.471,30.4757],"tipVelocity":[25.023,37.3029,-96.3968],"tool":false,"touchDistance":0.333333,"touchZone":"none","type":3,"width":18.0722},{"bases":[[[0.325287,-0.922845,0.206265],[0.747068,0.384526,0.542245],[-0.579722,-0.0222912,0.814509]],[[0.358398,-0.919994,0.158627],[0.632943,0.114553,-0.765677],[0.686247,0.374818,0.623359]],[[0.358398,-0.919994,0.158627],[-0.472092,-0.325189,-0.819379],[0.805407,0.218777,-0.550869]],[[0.358398,-0.919994,0.158627],[-0.815912,-0.391249,-0.425691],[0.453695,0.0231413,-0.890856]]],"btipPosition":[3.97064,278.913,35.4859],"carpPosition":[18.1897,295.548,78.6155],"dipPosition":[11.7888,279.312,20.1345],"direction":[-0.805407,-0.218777,0.550869],"extended":false,"handId":602,"id":6024,"length":50.4973,"mcpPosition":[51.7961,296.84,31.3986],"pipPosition":[27.5374,283.59,9.36305],"stabilizedTipPosition":[-5.33186,269.101,69.8276],"timeVisible":1.07554,"tipPosition":[5.88947,278.781,31.3816],"tipVelocity":[24.2507,39.3753,-97.2588],"tool":false,"touchDistance":0.333333,"touchZone":"none","type":4,"width":16.0532}],"r":[[0.950401,0.303482,0.0680975],[-0.28441,0.936599,-0.204679],[-0.125897,0.17516,0.976457]],"s":1.01476,"t":[46.4524,-23.5193,-112.596],"timestamp":522832502312},false],[7,{"currentFrameRate":110.178,"devices":[],"