{"sensorType":"Leap","data":[[0,{"currentFrameRate":103.048,"devices":[],"gestures":[],"hands":[{"armBasis":[[0.920728,-0.388421,-0.0372809],[0.385038,0.888878,0.248279],[-0.0632987,-0.242952,0.967971]],"armWidth":63.703,"confidence":0.712249,"direction":[0.476169,0.32523,-0.817],"elbow":[-17.5794,266.111,350.942],"grabStrength":0,"id":608,"palmNormal":[-0.266536,-0.832004,-0.486547],"palmPosition":[17.6757,349.08,41.0936],"palmVelocity":[54.0285,-26.5116,-263.395],"palmWidth":90.9658,"pinchStrength":0.785122,"r":[[0.924826,0.325944,0.196105],[-0.315703,0.945282,-0.0822955],[-0.212198,0.0141981,0.977123]],"s":1.11603,"sphereCenter":[17.7625,316.355,7.38534],"sphereRadius":44.2969,"stabilizedPalmPosition":[-34.3172,358.644,183.803],"t":[110.054,-4.53864,-220.548],"timeVisible":0.460742,"type":"right","wrist":[-0.493354,331.69,89.6596]}],"id":4209318,"interactionBox":{"center":[0,200,0],"size":[235.247,235.247,147.751]},"pointables":[{"bases":[[[0.668517,0.626777,0.400295],[-0.74104,0.606863,0.287363],[-0.0628123,-0.488741,0.870165]],[[0.635043,0.772451,0.00633204],[-0.771217,0.634454,-0.0518869],[-0.0440975,0.028067,0.998633]],[[0.635043,0.772451,0.00633204],[-0.722093,0.596514,-0.350361],[-0.274414,0.217922,0.936593]],[[0.635043,0.772451,0.00633204],[-0.256583,0.218658,-0.941464],[-0.728619,0.596245,0.337055]]],"btipPosition":[-0.280951,311.624,-11.2667],"carpPosition":[-28.8832,334.404,78.3808],"dipPosition":[-17.3287,325.575,-3.3805],"direction":[0.274414,-0.217922,-0.936593],"extended":false,"handId":608,"id":6080,"length":52.1025,"mcpPosition":[-28.8832,334.404,78.3808],"pipPosition":[-26.6825,333.003,28.5447],"stabilizedTipPosition":[-56.313,333,127.102],"timeVisible":0.460742,"tipPosition":[-4.40352,315.785,-9.37045],"tipVelocity":[46.3768,-29.4369,-257.944],"tool":false,"touchDistance":-0.649611,"touchZone":"hovering","type":0,"width":20.2446},{"bases":[[[0.90604,-0.388452,0.167919],[0.312348,0.881553,0.353982],[-0.285534,-0.268273,0.920054]],[[0.871273,-0.41434,0.263068],[0.412961,0.908548,0.0632749],[-0.265228,0.0535072,0.9627]],[[0.871273,-0.41434,0.263068],[0.463154,0.871463,-0.161372],[-0.162391,0.26244,0.951186]],[[0.871273,-0.41434,0.263068],[0.483812,0.81519,-0.318421],[-0.082516,0.404707,0.910716]]],"btipPosition":[25.9041,354.702,-65.9119],"carpPosition":[-11.8222,350.523,81.6474],"dipPosition":[24.4947,361.615,-50.3559],"direction":[0.162391,-0.26244,-0.951186],"extended":true,"handId":608,"id":6081,"length":58.7918,"mcpPosition":[9.17886,370.255,13.9774],"pipPosition":[20.5706,367.957,-27.3715],"stabilizedTipPosition":[-24.3549,368.742,66.2464],"timeVisible":0.460742,"tipPosition":[25.5118,355.677,-62.193],"tipVelocity":[71.7098,-41.8268,-267.755],"tool":false,"touchDistance":0.331158,"touchZone":"hovering","type":1,"width":19.3376},{"bases":[[[0.792521,-0.565678,0.227855],[0.454684,0.797085,0.397389],[-0.406414,-0.211337,0.888912]],[[0.793444,-0.565196,0.225831],[0.525706,0.449421,-0.722256],[0.306723,0.691791,0.653717]],[[0.793444,-0.565196,0.225831],[-0.259753,-0.650003,-0.71416],[0.550431,0.507986,-0.662552]],[[0.793444,-0.565196,0.225831],[-0.553936,-0.824321,-0.116835],[0.252192,-0.0323942,-0.967135]]],"btipPosition":[-6.90818,315.023,27.2559],"carpPosition":[-0.0890802,347.451,83.7528],"dipPosition":[-2.17026,314.415,9.0863],"direction":[-0.550431,-0.507986,0.662552],"extended":false,"handId":608,"id":6082,"length":66.9886,"mcpPosition":[28.2581,362.192,21.7517],"pipPosition":[13.4778,328.856,-9.74929],"stabilizedTipPosition":[-42.0665,323.38,143.862],"timeVisible":0.460742,"tipPosition":[-5.52011,315.044,22.5278],"tipVelocity":[42.306,-23.4218,-259.926],"tool":false,"touchDistance":0.333333,"touchZone":"none","type":2,"width":18.9921},{"bases":[[[0.68753,-0.64908,0.325573],[0.496957,0.74749,0.440787],[-0.529468,-0.141258,0.836486]],[[0.692489,-0.64772,0.317676],[0.640362,0.34907,-0.684169],[0.332259,0.677207,0.656502]],[[0.692489,-0.64772,0.317676],[-0.273595,-0.643236,-0.715118],[0.667536,0.408297,-0.622647]],[[0.692489,-0.64772,0.317676],[-0.635349,-0.756147,-0.156761],[0.341747,-0.0932797,-0.935151]]],"btipPosition":[3.78452,310.46,39.1699],"carpPosition":[10.3393,341.428,86.1662],"dipPosition":[10.168,308.718,21.7022],"direction":[-0.667536,-0.408297,0.622647],"extended":false,"handId":608,"id":6083,"length":64.4113,"mcpPosition":[43.4964,350.274,33.7826],"pipPosition":[28.6552,320.025,4.4582],"stabilizedTipPosition":[-29.9361,319.489,158.348],"timeVisible":0.460742,"tipPosition":[5.41543,310.183,35.3547],"tipVelocity":[40.1882,-24.28,-264.079],"tool":false,"touchDistance":0.333333,"touchZone":"none","type":3,"width":18.0722},{"bases":[[[0.530003,-0.775591,0.342863],[0.5491,0.621999,0.558217],[-0.646209,-0.107591,0.755538]],[[0.433635,-0.783013,0.445927],[0.813143,0.126795,-0.568086],[0.388278,0.608944,0.691685]],[[0.433635,-0.783013,0.445927],[-0.312577,-0.594859,-0.740566],[0.845137,0.181749,-0.502704]],[[0.433635,-0.783013,0.445927],[-0.765135,-0.581352,-0.276765],[0.475951,-0.221179,-0.851205]]],"btipPosition":[16.1976,314.08,44.3668],"carpPosition":[17.1897,329.111,88.1183],"dipPosition":[24.3993,310.268,29.6987],"direction":[-0.845137,-0.181749,0.502704],"extended":false,"handId":608,"id":6084,"length":50.4973,"mcpPosition":[54.6503,335.348,44.3199],"pipPosition":[40.9247,313.822,19.869],"stabilizedTipPosition":[-17.7369,324.378,163.844],"timeVisible":0.460742,"tipPosition":[18.3637,313.261,40.9473],"tipVelocity":[41.4192,-28.2739,-261.342],"tool":false,"touchDistance":0.333333,"touchZone":"none","type":4,"width":16.0532}],"r":[[0.924826,0.325944,0.196105],[-0.315703,0.945282,-0.0822955],[-0.212198,0.0141981,0.977123]],"s":1.11603,"t":[110.054,-4.53864,-220.548],"timestamp":522854275546},false],[1,{"currentFrameRate":103.385,"devices":[],"gestures":[],"hands":[{"armBasis":[[0.922421,-0.38378,-0.0430413],[0.381483,0.88817,0.256173],[-0.0600862,-0.252719,0.965672]],"armWidth":63.703,"confidence":0.720923,"direction":[0.48096,0.321158,-0.815803],"elbow":[-16.7903,263.776,348.197],"grabStrength":0,"id":608,"palmNormal":[-0.265679,-0.833355,-0.4847],"palmPosition":[17.8789,349.159,38.9961],"palmVelocity":[45.3425,-16.8086,-254.796],"palmWidth":90.9658,"pinchStrength":0.785814,"r":[[0.925527,0.323475,0.196886],[-0.312548,0.946079,-0.0851348],[-0.213809,0.0172583,0.976723]],"s":1.11624,"sphereCenter":[17.9647,316.419,5.35469],"sphereRadius":44.2808,"stabilizedPalmPosition":[-34.2984,358.641,183.751],"t":[110.372,-4.54067,-222.709],"timeVisible":0.469776,"type":"right","wrist":[-0.571326,331.992,87.5353]}],"id":4209319,"interactionBox":{"center":[0,200,0],"size":[235.247,235.247,147.751]},"pointables":[{"bases":[[[0.667692,0.627019,0.40129],[-0.741307,0.609399,0.281243],[-0.0682009,-0.485263,0.871705]],[[0.636663,0.771108,0.00728985],[-0.769544,0.635923,-0.0583445],[-0.0496257,0.0315359,0.99827]],[[0.636663,0.771108,0.00728985],[-0.719423,0.59734,-0.354422],[-0.277652,0.220403,0.935057]],[[0.636663,0.771108,0.00728985],[-0.249762,0.215141,-0.944105],[-0.729575,0.599255,0.329566]]],"btipPosition":[0.112883,311.609,-13.3005],"carpPosition":[-28.898,334.716,76.1013],"dipPosition":[-16.9572,325.63,-5.58949],"direction":[0.277652,-0.220403,-0.935057],"extended":false,"handId":608,"id":6080,"length":52.1025,"mcpPosition":[-28.898,334.716,76.1013],"pipPosition":[-26.4214,333.143,26.2833],"stabilizedTipPosition":[-56.288,332.991,127.037],"timeVisible":0.469776,"tipPosition":[-4.00364,315.721,-11.4524],"tipVelocity":[45.4537,-21.3068,-250.132],"tool":false,"touchDistance":-0.644094,"touchZone":"hovering","type":0,"width":20.2446},{"bases":[[[0.904412,-0.389554,0.174032],[0.312263,0.882304,0.352181],[-0.290743,-0.264173,0.919609]],[[0.869327,-0.414883,0.268595],[0.413577,0.908198,0.0642696],[-0.270602,0.0552134,0.961107]],[[0.869327,-0.414883,0.268595],[0.464728,0.871149,-0.158513],[-0.168222,0.262624,0.950121]],[[0.869327,-0.414883,0.268595],[0.486251,0.815258,-0.314506],[-0.0884909,0.404014,0.910463]]],"btipPosition":[26.7608,354.627,-68.0351],"carpPosition":[-11.8223,350.815,79.393],"dipPosition":[25.2493,361.528,-52.4834],"direction":[0.168222,-0.262624,-0.950121],"extended":true,"handId":608,"id":6081,"length":58.7918,"mcpPosition":[9.56179,370.245,11.7557],"pipPosition":[21.1844,367.874,-29.5247],"stabilizedTipPosition":[-24.3084,368.731,66.1266],"timeVisible":0.469776,"tipPosition":[26.3148,355.552,-64.3088],"tipVelocity":[77.363,-32.6869,-258.769],"tool":false,"touchDistance":0.331454,"touchZone":"hovering","type":1,"width":19.3376},{"bases":[[[0.790243,-0.566329,0.234069],[0.45421,0.797729,0.396638],[-0.411351,-0.207123,0.887632]],[[0.791142,-0.565873,0.232123],[0.530437,0.445836,-0.721018],[0.304516,0.693555,0.65288]],[[0.791142,-0.565873,0.232123],[-0.257058,-0.651996,-0.713318],[0.554991,0.504667,-0.661284]],[[0.791142,-0.565873,0.232123],[-0.554846,-0.823694,-0.116939],[0.257371,-0.0362767,-0.965632]]],"btipPosition":[-6.70151,315.089,25.1384],"carpPosition":[-0.106152,347.729,81.57],"dipPosition":[-1.86628,314.407,6.99711],"direction":[-0.554991,-0.504667,0.661284],"extended":false,"handId":608,"id":6082,"length":66.9886,"mcpPosition":[28.5853,362.175,19.6583],"pipPosition":[13.9114,328.755,-11.8024],"stabilizedTipPosition":[-42.0583,323.378,143.835],"timeVisible":0.469776,"tipPosition":[-5.29508,315.089,20.4404],"tipVelocity":[37.6367,-15.4717,-252.692],"tool":false,"touchDistance":0.333333,"touchZone":"none","type":2,"width":18.9921},{"bases":[[[0.684592,-0.64915,0.33157],[0.496164,0.74822,0.440441],[-0.533999,-0.137009,0.83431]],[[0.689382,-0.647887,0.324029],[0.644886,0.345145,-0.681907],[0.329962,0.679056,0.65575]],[[0.689382,-0.647887,0.324029],[-0.270865,-0.645407,-0.7142],[0.671852,0.404589,-0.620422]],[[0.689382,-0.647887,0.324029],[-0.636013,-0.755459,-0.157382],[0.346756,-0.0975902,-0.932864]]],"btipPosition":[3.91644,310.561,37.129],"carpPosition":[10.298,341.695,84.0597],"dipPosition":[10.3935,308.738,19.704],"direction":[-0.671852,-0.404589,0.620422],"extended":false,"handId":608,"id":6083,"length":64.4113,"mcpPosition":[43.7388,350.275,31.8125],"pipPosition":[29.0002,319.943,2.52164],"stabilizedTipPosition":[-29.929,319.487,158.323],"timeVisible":0.469776,"tipPosition":[5.56616,310.262,33.3274],"tipVelocity":[33.7967,-15.0714,-253.266],"tool":false,"touchDistance":0.333333,"touchZone":"none","type":3,"width":18.0722},{"bases":[[[0.526732,-0.775289,0.348541],[0.547463,0.623081,0.558618],[-0.65026,-0.103428,0.752639]],[[0.428744,-0.782116,0.452188],[0.818094,0.123768,-0.561607],[0.383276,0.610718,0.692909]],[[0.428744,-0.782116,0.452188],[-0.307027,-0.596876,-0.741264],[0.849655,0.178978,-0.496038]],[[0.428744,-0.782116,0.452188],[-0.764065,-0.580993,-0.28045],[0.482062,-0.225259,-0.846684]]],"btipPosition":[16.3401,314.161,42.2592],"carpPosition":[17.1143,329.372,86.0941],"dipPosition":[24.6471,310.28,27.669],"direction":[-0.849655,-0.178978,0.496038],"extended":false,"handId":608,"id":6084,"length":50.4973,"mcpPosition":[54.8097,335.368,42.4638],"pipPosition":[41.2609,313.779,17.9696],"stabilizedTipPosition":[-17.728,324.376,163.813],"timeVisible":0.469776,"tipPosition":[18.5049,313.328,38.9115],"tipVelocity":[35.0951,-18.4934,-253.072],"tool":false,"touchDistance":0.333333,"touchZone":"none","type":4,"width":16.0532}],"r":[[0.925527,0.323475,0.196886],[-0.312548,0.946079,-0.0851348],[-0.213809,0.0172583,0.976723]],"s":1.11624,"t":[110.372,-4.54067,-222.709],"timestamp":522854284580},false],[2,{"currentFrameRate":103.695,"devices":[],"gestures":[],"hands":[{"armBasis":[[0.922148,-0.383559,-0.0502568],[0.383215,0.888033,0.254055],[-0.0528155,-0.253536,0.965883]],"armWidth":63.703,"confidence":0.746331,"direction":[0.485007,0.318652,-0.814389],"elbow":[-14.9505,263.654,346.54],"grabStrength":0,"id":608,"palmNormal":[-0.265442,-0.833674,-0.484281],"palmPosition":[17.9929,349.129,37.3271],"palmVelocity":[36.2951,-13.0589,-235.305],"palmWidth":90.9658,"pinchStrength":0.78558,"r":[[0.926053,0.32118,0.198164],[-0.309545,0.946804,-0.0880054],[-0.215888,0.0201569,0.97621]],"s":1.11646,"sphereCenter":[18.0548,316.426,3.68523],"sphereRadius":44.2644,"stabilizedPalmPosition":[-34.2843,358.638,183.711],"t":[110.588,-4.55631,-224.624],"timeVisible":0.478836,"type":"right","wrist":[-0.694116,332.09,85.8207]}],"id":4209320,"interactionBox":{"center":[0,200,0],"size":[235.247,235.247,147.751]},"pointables":[{"bases":[[[0.667358,0.626337,0.402908],[-0.741167,0.611477,0.277068],[-0.0728309,-0.483526,0.872295]],[[0.638378,0.769669,0.00906],[-0.767791,0.637566,-0.0632993],[-0.0544959,0.0334527,0.997953]],[[0.638378,0.769669,0.00906],[-0.717098,0.59897,-0.356378],[-0.27972,0.221007,0.934298]],[[0.638378,0.769669,0.00906],[-0.245412,0.214678,-0.94535],[-0.729552,0.601267,0.325932]]],"btipPosition":[0.3564,311.583,-15.0103],"carpPosition":[-28.9674,334.854,74.2648],"dipPosition":[-16.7132,325.651,-7.38436],"direction":[0.27972,-0.221007,-0.934298],"extended":false,"handId":608,"id":6080,"length":52.1025,"mcpPosition":[-28.9674,334.854,74.2648],"pipPosition":[-26.2479,333.184,24.4626],"stabilizedTipPosition":[-56.2686,332.985,126.985],"timeVisible":0.478836,"tipPosition":[-3.74881,315.65,-13.173],"tipVelocity":[40.3281,-15.8838,-233.771],"tool":false,"touchDistance":-0.633959,"touchZone":"hovering","type":0,"width":20.2446},{"bases":[[[0.902856,-0.391148,0.178477],[0.312677,0.882283,0.351867],[-0.295099,-0.26188,0.918877]],[[0.867484,-0.416141,0.272579],[0.414476,0.907622,0.0665756],[-0.275103,0.0552241,0.959827]],[[0.867484,-0.416141,0.272579],[0.466287,0.871119,-0.154039],[-0.173347,0.260726,0.949723]],[[0.867484,-0.416141,0.272579],[0.488516,0.81608,-0.308814],[-0.093936,0.40105,0.911227]]],"btipPosition":[27.4423,354.661,-69.7249],"carpPosition":[-11.8714,350.922,77.5978],"dipPosition":[25.8378,361.512,-54.1602],"direction":[0.173347,-0.260726,-0.949723],"extended":true,"handId":608,"id":6081,"length":58.7918,"mcpPosition":[9.83311,370.184,10.0144],"pipPosition":[21.649,367.812,-31.2111],"stabilizedTipPosition":[-24.2639,368.72,66.0121],"timeVisible":0.478836,"tipPosition":[26.9418,355.533,-65.989],"tipVelocity":[76.1194,-22.962,-238.726],"tool":false,"touchDistance":0.331834,"touchZone":"hovering","type":1,"width":19.3376},{"bases":[[[0.788065,-0.56757,0.238362],[0.454259,0.797489,0.397064],[-0.415453,-0.204634,0.886298]],[[0.788942,-0.567136,0.236488],[0.534521,0.443599,-0.71938],[0.303081,0.693957,0.65312]],[[0.788942,-0.567136,0.236488],[-0.255194,-0.652522,-0.713506],[0.558969,0.502564,-0.659532]],[[0.788942,-0.567136,0.236488],[-0.556012,-0.822734,-0.118149],[0.261573,-0.0382778,-0.964424]]],"btipPosition":[-6.60303,315.08,23.4062],"carpPosition":[-0.170912,347.815,79.8289],"dipPosition":[-1.68886,314.361,5.28761],"direction":[-0.558969,-0.502564,0.659532],"extended":false,"handId":608,"id":6082,"length":66.9886,"mcpPosition":[28.8067,362.088,18.0101],"pipPosition":[14.202,328.648,-13.4621],"stabilizedTipPosition":[-42.0522,323.377,143.814],"timeVisible":0.478836,"tipPosition":[-5.1827,315.069,18.7351],"tipVelocity":[30.7986,-11.7447,-235.551],"tool":false,"touchDistance":0.333333,"touchZone":"none","type":2,"width":18.9921},{"bases":[[[0.681837,-0.64999,0.335575],[0.495927,0.747971,0.44113],[-0.537731,-0.134358,0.832342]],[[0.686202,-0.648872,0.328773],[0.650097,0.344279,-0.677382],[0.326345,0.678555,0.658074]],[[0.686202,-0.648872,0.328773],[-0.266691,-0.644923,-0.716205],[0.676759,0.403781,-0.615596]],[[0.686202,-0.648872,0.328773],[-0.636338,-0.754452,-0.160861],[0.352421,-0.0988278,-0.930609]]],"btipPosition":[3.98202,310.532,35.2854],"carpPosition":[10.2101,341.764,82.3725],"dipPosition":[10.5649,308.686,17.9025],"direction":[-0.676759,-0.403781,0.615596],"extended":false,"handId":608,"id":6083,"length":64.4113,"mcpPosition":[43.8846,350.178,30.2485],"pipPosition":[29.3075,319.868,0.853832],"stabilizedTipPosition":[-29.9238,319.486,158.305],"timeVisible":0.478836,"tipPosition":[5.63472,310.229,31.5507],"tipVelocity":[27.2047,-11.9614,-239.225],"tool":false,"touchDistance":0.333333,"touchZone":"none","type":3,"width":18.0722},{"bases":[[[0.523641,-0.775764,0.352123],[0.546472,0.62294,0.559745],[-0.653581,-0.10068,0.75013]],[[0.424191,-0.782178,0.456354],[0.822297,0.121606,-0.555913],[0.379328,0.611072,0.694767]],[[0.424191,-0.782178,0.456354],[-0.30263,-0.597409,-0.742642],[0.853509,0.176915,-0.490126]],[[0.424191,-0.782178,0.456354],[-0.763453,-0.579917,-0.284316],[0.487034,-0.227801,-0.843152]]],"btipPosition":[16.3886,314.132,40.5258],"carpPosition":[16.9917,329.431,84.4574],"dipPosition":[24.7813,310.206,25.9964],"direction":[-0.853509,-0.176915,0.490126],"extended":false,"handId":608,"id":6084,"length":50.4973,"mcpPosition":[54.8796,335.267,40.9726],"pipPosition":[41.4705,313.666,16.4127],"stabilizedTipPosition":[-17.7214,324.374,163.79],"timeVisible":0.478836,"tipPosition":[18.5501,313.288,37.2374],"tipVelocity":[27.4829,-14.5883,-235.595],"tool":false,"touchDistance":0.333333,"touchZone":"none","type":4,"width":16.0532}],"r":[[0.926053,0.32118,0.198164],[-0.309545,0.946804,-0.0880054],[-0.215888,0.0201569,0.97621]],"s":1.11646,"t":[110.588,-4.55631,-224.624],"timestamp":522854293640},false],[3,{"currentFrameRate":104.008,"devices":[],"gestures":[],"hands":[{"armBasis":[[0.921036,-0.386303,-0.0496307],[0.385707,0.886995,0.25391],[-0.0540639,-0.253003,0.965954]],"armWidth":63.703,"confidence":0.75416,"direction":[0.487085,0.314564,-0.814738],"elbow":[-15.1327,263.923,344.898],"grabStrength":0,"id":608,"palmNormal":[-0.268284,-0.833885,-0.482349],"palmPosition":[18.2638,349.052,35.6405],"palmVelocity":[34.5651,-11.8151,-221.97],"palmWidth":90.9658,"pinchStrength":0.783861,"r":[[0.926682,0.318711,0.199209],[-0.306362,0.947569,-0.0908593],[-0.217722,0.0231675,0.975736]],"s":1.11666,"sphereCenter":[18.1505,316.327,2.03069],"sphereRadius":44.2529,"stabilizedPalmPosition":[-34.2735,358.636,183.681],"t":[110.831,-4.60268,-226.425],"timeVisible":0.487862,"type":"right","wrist":[-0.539363,332.216,84.16]}],"id":4209321,"interactionBox":{"center":[0,200,0],"size":[235.247,235.247,147.751]},"pointables":[{"bases":[[[0.66945,0.624733,0.401927],[-0.738998,0.615156,0.274709],[-0.075628,-0.480927,0.873493]],[[0.641689,0.766914,0.00886258],[-0.764846,0.640731,-0.066885],[-0.0569736,0.0361408,0.997721]],[[0.641689,0.766914,0.00886258],[-0.715188,0.602503,-0.354254],[-0.277022,0.220982,0.935107]],[[0.641689,0.766914,0.00886258],[-0.244576,0.215566,-0.945364],[-0.726924,0.604462,0.325895]]],"btipPosition":[0.504121,311.583,-16.7218],"carpPosition":[-28.7899,335.062,72.5684],"dipPosition":[-16.504,325.726,-9.09672],"direction":[0.277022,-0.220982,-0.935107],"extended":false,"handId":608,"id":6080,"length":52.1025,"mcpPosition":[-28.7899,335.062,72.5684],"pipPosition":[-25.9467,333.258,22.7778],"stabilizedTipPosition":[-56.254,332.98,126.946],"timeVisible":0.487862,"tipPosition":[-3.56498,315.568,-14.8538],"tipVelocity":[34.1638,-10.9946,-221.624],"tool":false,"touchDistance":-0.624572,"touchZone":"hovering","type":0,"width":20.2446},{"bases":[[[0.901111,-0.394271,0.180416],[0.315844,0.881955,0.349855],[-0.297057,-0.258274,0.919267]],[[0.865618,-0.418834,0.274378],[0.41747,0.906265,0.06635],[-0.276449,0.0571105,0.95933]],[[0.865618,-0.418834,0.274378],[0.469158,0.869892,-0.152243],[-0.174914,0.260511,0.949494]],[[0.865618,-0.418834,0.274378],[0.49148,0.815442,-0.305781],[-0.0956674,0.399541,0.91171]]],"btipPosition":[27.9497,354.494,-71.4565],"carpPosition":[-11.6333,351.071,75.8763],"dipPosition":[26.3156,361.319,-55.8835],"direction":[0.174914,-0.260511,-0.949494],"extended":true,"handId":608,"id":6081,"length":58.7918,"mcpPosition":[10.2152,370.067,8.26418],"pipPosition":[22.089,367.614,-32.94],"stabilizedTipPosition":[-24.2223,368.71,65.9046],"timeVisible":0.487862,"tipPosition":[27.4123,355.334,-67.714],"tipVelocity":[70.4326,-21.9138,-225.763],"tool":false,"touchDistance":0.331817,"touchZone":"hovering","type":1,"width":19.3376},{"bases":[[[0.785557,-0.570076,0.240651],[0.457042,0.796717,0.395417],[-0.417149,-0.200635,0.886416]],[[0.786407,-0.569665,0.23884],[0.537155,0.43975,-0.719781],[0.305004,0.694335,0.651822]],[[0.786407,-0.569665,0.23884],[-0.256808,-0.653171,-0.712332],[0.561794,0.498847,-0.659953]],[[0.786407,-0.569665,0.23884],[-0.559087,-0.820824,-0.11692],[0.262651,-0.0415856,-0.963994]]],"btipPosition":[-6.45457,315.058,21.7629],"carpPosition":[0.0525376,347.923,78.1273],"dipPosition":[-1.52016,314.277,3.65236],"direction":[-0.561794,-0.498847,0.659953],"extended":false,"handId":608,"id":6082,"length":66.9886,"mcpPosition":[29.1484,361.917,16.3004],"pipPosition":[14.451,328.458,-15.1093],"stabilizedTipPosition":[-42.0477,323.376,143.799],"timeVisible":0.487862,"tipPosition":[-5.03483,315.029,17.1127],"tipVelocity":[26.9906,-9.61084,-220.772],"tool":false,"touchDistance":0.333333,"touchZone":"none","type":2,"width":18.9921},{"bases":[[[0.678904,-0.651815,0.337974],[0.498467,0.74715,0.439655],[-0.539091,-0.130015,0.832152]],[[0.682678,-0.650885,0.332114],[0.654088,0.341701,-0.67484],[0.325759,0.67793,0.659008]],[[0.682678,-0.650885,0.332114],[-0.265638,-0.644466,-0.717008],[0.680725,0.401264,-0.612863]],[[0.682678,-0.650885,0.332114],[-0.638528,-0.752362,-0.161967],[0.355291,-0.101493,-0.929229]]],"btipPosition":[4.12661,310.48,33.479],"carpPosition":[10.4068,341.837,80.6973],"dipPosition":[10.7631,308.585,16.1219],"direction":[-0.680725,-0.401264,0.612863],"extended":false,"handId":608,"id":6083,"length":64.4113,"mcpPosition":[44.1664,349.979,28.5852],"pipPosition":[29.6155,319.697,-0.851135],"stabilizedTipPosition":[-29.9201,319.485,158.291],"timeVisible":0.487862,"tipPosition":[5.77155,310.166,29.809],"tipVelocity":[24.5021,-10.5918,-228.285],"tool":false,"touchDistance":0.333333,"touchZone":"none","type":3,"width":18.0722},{"bases":[[[0.520191,-0.776913,0.354694],[0.548395,0.622232,0.55865],[-0.654725,-0.0960926,0.749735]],[[0.419397,-0.782627,0.460002],[0.825271,0.11759,-0.552359],[0.378199,0.611284,0.695196]],[[0.419397,-0.782627,0.460002],[-0.301214,-0.597983,-0.742756],[0.856374,0.17295,-0.48653]],[[0.419397,-0.782627,0.460002],[-0.764715,-0.57764,-0.285558],[0.489201,-0.232009,-0.840747]]],"btipPosition":[16.5468,314.06,38.786],"carpPosition":[17.137,329.482,82.8216],"dipPosition":[24.9768,310.062,24.298],"direction":[-0.856374,-0.17295,0.48653],"extended":false,"handId":608,"id":6084,"length":50.4973,"mcpPosition":[55.0912,335.053,39.3596],"pipPosition":[41.722,313.444,14.7846],"stabilizedTipPosition":[-17.7166,324.372,163.773],"timeVisible":0.487862,"tipPosition":[18.6913,313.2,35.5571],"tipVelocity":[25.0033,-13.2709,-223.513],"tool":false,"touchDistance":0.333333,"touchZone":"none","type":4,"width":16.0532}],"r":[[0.926682,0.318711,0.199209],[-0.306362,0.947569,-0.0908593],[-0.217722,0.0231675,0.975736]],"s":1.11666,"t":[110.831,-4.60268,-226.425],"timestamp":522854302666},false],[4,{"currentFrameRate":104.121,"devices":[],"gestures":[],"hands":[{"armBasis":[[0.920221,-0.388189,-0.0500324],[0.387615,0.886111,0.254089],[-0.0543002,-0.253211,0.965886]],"armWidth":63.703,"confidence":0.763651,"direction":[0.48882,0.311714,-0.814794],"elbow":[-15.1232,263.926,343.854],"grabStrength":0,"id":608,"palmNormal":[-0.27038,-0.833861,-0.481217],"palmPosition":[18.4346,348.973,34.6053],"palmVelocity":[29.9049,-10.869,-190.16],"palmWidth":90.9658,"pinchStrength":0.779959,"r":[[0.927334,0.316234,0.200121],[-0.303212,0.948324,-0.0935124],[-0.219351,0.0260381,0.975298]],"s":1.11709,"sphereCenter":[18.1663,316.281,0.989468],"sphereRadius":44.2404,"stabilizedPalmPosition":[-34.2649,358.635,183.657],"t":[111.038,-4.66574,-227.843],"timeVisible":0.497254,"type":"right","wrist":[-0.466035,332.274,83.1348]}],"id":4209322,"interactionBox":{"center":[0,200,0],"size":[235.247,235.247,147.751]},"pointables":[{"bases":[[[0.670979,0.623349,0.401527],[-0.73737,0.617873,0.272981],[-0.0779304,-0.479238,0.874218]],[[0.644174,0.764827,0.0088958],[-0.762524,0.64306,-0.0709281],[-0.0599683,0.0389068,0.997442]],[[0.644174,0.764827,0.0088958],[-0.714506,0.60586,-0.349878],[-0.272986,0.219026,0.936753]],[[0.644174,0.764827,0.0088958],[-0.247464,0.219403,-0.943729],[-0.723741,0.605724,0.330601]]],"btipPosition":[0.534728,311.608,-17.931],"carpPosition":[-28.6967,335.188,71.5115],"dipPosition":[-16.3989,325.78,-10.1958],"direction":[0.272986,-0.219026,-0.936753],"extended":false,"handId":608,"id":6080,"length":52.1025,"mcpPosition":[-28.6967,335.188,71.5115],"pipPosition":[-25.704,333.246,21.7349],"stabilizedTipPosition":[-56.243,332.976,126.916],"timeVisible":0.497254,"tipPosition":[-3.48107,315.503,-15.9735],"tipVelocity":[25.8857,-6.89996,-194.418],"tool":false,"touchDistance":-0.608206,"touchZone":"hovering","type":0,"width":20.2446},{"bases":[[[0.899727,-0.396728,0.181931],[0.318212,0.881565,0.348689],[-0.298719,-0.255832,0.919411]],[[0.864128,-0.420993,0.275766],[0.419495,0.905247,0.0674674],[-0.27804,0.0573822,0.958854]],[[0.864128,-0.420993,0.275766],[0.471079,0.869445,-0.148829],[-0.177108,0.258515,0.949633]],[[0.864128,-0.420993,0.275766],[0.493582,0.815943,-0.30102],[-0.0982822,0.396234,0.912874]]],"btipPosition":[28.377,354.487,-72.537],"carpPosition":[-11.4943,351.15,74.8091],"dipPosition":[26.6982,361.255,-56.9442],"direction":[0.177108,-0.258515,-0.949633],"extended":true,"handId":608,"id":6081,"length":58.7918,"mcpPosition":[10.4765,369.966,7.18641],"pipPosition":[22.4186,367.501,-33.9973],"stabilizedTipPosition":[-24.181,368.7,65.7981],"timeVisible":0.497254,"tipPosition":[27.7929,355.277,-68.7852],"tipVelocity":[63.0235,-16.3053,-194.11],"tool":false,"touchDistance":0.332361,"touchZone":"hovering","type":1,"width":19.3376},{"bases":[[[0.783578,-0.572078,0.242348],[0.459105,0.795971,0.394528],[-0.418603,-0.19788,0.886349]],[[0.784403,-0.571686,0.240598],[0.539329,0.437081,-0.719781],[0.306328,0.694359,0.651174]],[[0.784403,-0.571686,0.240598],[-0.257867,-0.653369,-0.711768],[0.564107,0.496271,-0.659923]],[[0.784403,-0.571686,0.240598],[-0.561406,-0.819306,-0.116451],[0.263696,-0.0437289,-0.963614]]],"btipPosition":[-6.37516,315.025,20.7399],"carpPosition":[0.179714,347.969,77.0765],"dipPosition":[-1.4211,314.203,2.63653],"direction":[-0.564107,-0.496271,0.659923],"extended":false,"handId":608,"id":6082,"length":66.9886,"mcpPosition":[29.377,361.771,15.2542],"pipPosition":[14.6158,328.312,-16.1243],"stabilizedTipPosition":[-42.0443,323.375,143.787],"timeVisible":0.497254,"tipPosition":[-4.95613,314.984,16.1095],"tipVelocity":[21.8514,-8.15682,-188.883],"tool":false,"touchDistance":0.333333,"touchZone":"none","type":2,"width":18.9921},{"bases":[[[0.676583,-0.653327,0.339705],[0.500337,0.746351,0.438888],[-0.540277,-0.126977,0.831852]],[[0.679752,-0.652568,0.3348],[0.657643,0.340197,-0.67214],[0.324719,0.677068,0.660407]],[[0.679752,-0.652568,0.3348],[-0.264222,-0.643708,-0.718211],[0.684195,0.399744,-0.609985]],[[0.679752,-0.652568,0.3348],[-0.640111,-0.750676,-0.163532],[0.358043,-0.103148,-0.92799]]],"btipPosition":[4.20587,310.421,32.3016],"carpPosition":[10.5128,341.856,79.6666],"dipPosition":[10.8938,308.494,14.9677],"direction":[-0.684195,-0.399744,0.609985],"extended":false,"handId":608,"id":6083,"length":64.4113,"mcpPosition":[44.3467,349.808,27.5732],"pipPosition":[29.8423,319.565,-1.92562],"stabilizedTipPosition":[-29.9172,319.484,158.281],"timeVisible":0.497254,"tipPosition":[5.84428,310.098,28.6871],"tipVelocity":[20.2879,-9.58936,-198.824],"tool":false,"touchDistance":0.333333,"touchZone":"none","type":3,"width":18.0722},{"bases":[[[0.517471,-0.77791,0.356481],[0.549768,0.621479,0.558138],[-0.655727,-0.0928383,0.749268]],[[0.415137,-0.783097,0.463056],[0.828497,0.115147,-0.548028],[0.375839,0.611147,0.696595]],[[0.415137,-0.783097,0.463056],[-0.298529,-0.598062,-0.743776],[0.859385,0.170533,-0.482054]],[[0.415137,-0.783097,0.463056],[-0.76522,-0.575848,-0.287814],[0.492037,-0.234858,-0.838297]]],"btipPosition":[16.6467,313.975,37.63],"carpPosition":[17.2032,329.485,81.8177],"dipPosition":[25.1256,309.928,23.1843],"direction":[-0.859385,-0.170533,0.482054],"extended":false,"handId":608,"id":6084,"length":50.4973,"mcpPosition":[55.2155,334.866,38.3829],"pipPosition":[41.9297,313.263,13.7584],"stabilizedTipPosition":[-17.713,324.371,163.76],"timeVisible":0.497254,"tipPosition":[18.7732,313.106,34.4694],"tipVelocity":[21.2557,-12.4133,-194.63],"tool":false,"touchDistance":0.333333,"touchZone":"none","type":4,"width":16.0532}],"r":[[0.927334,0.316234,0.200121],[-0.303212,0.948324,-0.0935124],[-0.219351,0.0260381,0.975298]],"s":1.11709,"t":[111.038,-4.66574,-227.843],"timestamp":522854312058},false],[5,{"currentFrameRate":104.583,"devices":[],"gestures":[],"hands":[{"armBasis":[[0.918648,-0.390757,-0.0582647],[0.392808,0.887597,0.240571],[-0.0422892,-0.243887,0.968881]],"armWidth":63.703,"confidence":0.76379,"direction":[0.491782,0.313352,-0.81238],"elbow":[-11.9372,265.875,342.732],"grabStrength":0,"id":608,"palmNormal":[-0.26752,-0.833496,-0.483443],"palmPosition":[18.5571,348.492,32.7739],"palmVelocity":[25.6844,-22.7238,-195.605],"palmWidth":90.9658,"pinchStrength":0.779975,"r":[[0.927616,0.314399,0.201695],[-0.300814,0.948877,-0.0956201],[-0.221447,0.0280261,0.97477]],"s":1.11748,"sphereCenter":[18.3696,315.96,-0.941976],"sphereRadius":44.2152,"stabilizedPalmPosition":[-34.2586,358.634,183.638],"t":[111.203,-4.93782,-229.468],"timeVisible":0.505951,"type":"right","wrist":[-0.522149,331.707,81.2036]}],"id":4209323,"interactionBox":{"center":[0,200,0],"size":[235.247,235.247,147.751]},"pointables":[{"bases":[[[0.668668,0.623525,0.405093],[-0.739141,0.616704,0.270826],[-0.0809558,-0.480513,0.873243]],[[0.643247,0.765561,0.0122804],[-0.762901,0.642207,-0.0745123],[-0.0649302,0.038561,0.997144]],[[0.643247,0.765561,0.0122804],[-0.714195,0.605715,-0.350763],[-0.275969,0.216857,0.936384]],[[0.643247,0.765561,0.0122804],[-0.244334,0.220445,-0.944301],[-0.725627,0.604418,0.328853]]],"btipPosition":[0.916289,311.147,-19.9043],"carpPosition":[-28.7086,334.605,69.4698],"dipPosition":[-16.0615,325.289,-12.21],"direction":[0.275969,-0.216857,-0.936384],"extended":false,"handId":608,"id":6080,"length":52.1025,"mcpPosition":[-28.7086,334.605,69.4698],"pipPosition":[-25.4683,332.681,19.708],"stabilizedTipPosition":[-56.2348,332.973,126.894],"timeVisible":0.505951,"tipPosition":[-3.10995,315.032,-17.9528],"tipVelocity":[30.3716,-19.3976,-203.37],"tool":false,"touchDistance":-0.60546,"touchZone":"hovering","type":0,"width":20.2446},{"bases":[[[0.899411,-0.396004,0.185042],[0.315838,0.881432,0.351175],[-0.302168,-0.257408,0.917843]],[[0.863502,-0.420412,0.2786],[0.417532,0.905751,0.0726784],[-0.282897,0.0535667,0.957653]],[[0.863502,-0.420412,0.2786],[0.469927,0.871244,-0.141786],[-0.18312,0.253354,0.949883]],[[0.863502,-0.420412,0.2786],[0.493301,0.819005,-0.29306],[-0.104969,0.390492,0.914602]]],"btipPosition":[29.0561,354.421,-74.3559],"carpPosition":[-11.537,350.581,72.8589],"dipPosition":[27.2631,361.091,-58.7335],"direction":[0.18312,-0.253354,-0.949883],"extended":true,"handId":608,"id":6081,"length":58.7918,"mcpPosition":[10.6875,369.514,5.35152],"pipPosition":[22.8382,367.213,-35.7806],"stabilizedTipPosition":[-24.1439,368.691,65.7021],"timeVisible":0.505951,"tipPosition":[28.4169,355.158,-70.5982],"tipVelocity":[66.2341,-14.6631,-197.91],"tool":false,"touchDistance":0.331775,"touchZone":"hovering","type":1,"width":19.3376},{"bases":[[[0.783209,-0.571561,0.244748],[0.456637,0.795928,0.397469],[-0.42198,-0.19954,0.884374]],[[0.784015,-0.571178,0.243055],[0.541897,0.4388,-0.7168],[0.302768,0.693693,0.653545]],[[0.784015,-0.571178,0.243055],[-0.254035,-0.6525,-0.713939],[0.56638,0.497994,-0.65667]],[[0.784015,-0.571178,0.243055],[-0.559966,-0.819756,-0.120159],[0.267878,-0.0418959,-0.962541]]],"btipPosition":[-6.15985,314.531,18.7436],"carpPosition":[0.131135,347.411,75.1693],"dipPosition":[-1.12722,313.744,0.66037],"direction":[-0.56638,-0.497994,0.65667],"extended":false,"handId":608,"id":6082,"length":66.9886,"mcpPosition":[29.564,361.328,13.4848],"pipPosition":[14.9743,327.901,-18.008],"stabilizedTipPosition":[-42.0418,323.374,143.778],"timeVisible":0.505951,"tipPosition":[-4.72657,314.497,14.1352],"tipVelocity":[23.1805,-20.8954,-199.584],"tool":false,"touchDistance":0.333333,"touchZone":"none","type":2,"width":18.9921},{"bases":[[[0.675908,-0.653059,0.341559],[0.497742,0.746292,0.441929],[-0.543508,-0.128695,0.82948]],[[0.678713,-0.652384,0.337259],[0.661211,0.342973,-0.667211],[0.319607,0.675844,0.664143]],[[0.678713,-0.652384,0.337259],[-0.25888,-0.642281,-0.721427],[0.687262,0.402332,-0.604814]],[[0.678713,-0.652384,0.337259],[-0.638304,-0.751134,-0.168422],[0.363203,-0.100963,-0.926224]]],"btipPosition":[4.40275,309.92,30.2335],"carpPosition":[10.4603,341.305,77.793],"dipPosition":[11.187,308.034,12.9325],"direction":[-0.687262,-0.402332,0.604814],"extended":false,"handId":608,"id":6083,"length":64.4113,"mcpPosition":[44.4966,349.365,25.8482],"pipPosition":[30.2205,319.176,-3.81754],"stabilizedTipPosition":[-29.9151,319.484,158.273],"timeVisible":0.505951,"tipPosition":[6.04677,309.602,26.6552],"tipVelocity":[21.5942,-22.1193,-208.986],"tool":false,"touchDistance":0.333333,"touchZone":"none","type":3,"width":18.0722},{"bases":[[[0.516865,-0.777836,0.357521],[0.546825,0.621311,0.561209],[-0.65866,-0.0945677,0.746474]],[[0.41302,-0.783246,0.464693],[0.832436,0.117706,-0.541476],[0.369412,0.610468,0.700617]],[[0.41302,-0.783246,0.464693],[-0.291674,-0.597133,-0.747234],[0.862752,0.173084,-0.47508]],[[0.41302,-0.783246,0.464693],[-0.762523,-0.576402,-0.293801],[0.497969,-0.232994,-0.835309]]],"btipPosition":[16.828,313.471,35.5986],"carpPosition":[17.1553,328.938,79.9545],"dipPosition":[25.4091,309.456,21.2044],"direction":[-0.862752,-0.173084,0.47508],"extended":false,"handId":608,"id":6084,"length":50.4973,"mcpPosition":[55.3376,334.42,36.6815],"pipPosition":[42.279,312.84,11.9149],"stabilizedTipPosition":[-17.7102,324.37,163.75],"timeVisible":0.505951,"tipPosition":[18.9534,312.612,32.495],"tipVelocity":[21.8661,-24.3476,-204.652],"tool":false,"touchDistance":0.333333,"touchZone":"none","type":4,"width":16.0532}],"r":[[0.927616,0.314399,0.201695],[-0.300814,0.948877,-0.0956201],[-0.221447,0.0280261,0.97477]],"s":1.11748,"t":[111.203,-4.93782,-229.468],"timestamp":522854320755},false],[6,{"currentFrameRate":104.809,"devices":[],"gestures":[],"hands":[{"armBasis":[[0.912949,-0.404263,-0.0556422],[0.405733,0.884651,0.229725],[-0.0436453,-0.232303,0.971664]],"armWidth":63.703,"confidence":0.766296,"direction":[0.493618,0.312386,-0.811638],"elbow":[-11.8785,268.665,341.073],"grabStrength":0,"id":608,"palmNormal":[-0.274299,-0.829703,-0.486161],"palmPosition":[19.0769,348.176,30.4096],"palmVelocity":[34.379,-26.0191,-213.272],"palmWidth":90.9658,"pinchStrength":0.77979,"r":[[0.928349,0.311357,0.203041],[-0.297439,0.949842,-0.0965947],[-0.222932,0.0292812,0.974394]],"s":1.11804,"sphereCenter":[18.5568,315.865,-3.45439],"sphereRadius":44.2026,"stabilizedPalmPosition":[-34.2529,358.632,183.622],"t":[111.545,-5.23161,-231.462],"timeVisible":0.515072,"type":"right","wrist":[-0.0973938,331.37,78.7941]}],"id":4209324,"interactionBox":{"center":[0,200,0],"size":[235.247,235.247,147.751]},"pointables":[{"bases":[[[0.673755,0.616913,0.406783],[-0.734158,0.621447,0.273524],[-0.0840536,-0.482931,0.871615]],[[0.649086,0.760583,0.0141484],[-0.757959,0.648204,-0.0730055],[-0.0646978,0.0366629,0.997231]],[[0.649086,0.760583,0.0141484],[-0.710231,0.612568,-0.346888],[-0.272504,0.215111,0.9378]],[[0.649086,0.760583,0.0141484],[-0.244139,0.225893,-0.943063],[-0.720474,0.608675,0.332312]]],"btipPosition":[1.10577,311.124,-22.4165],"carpPosition":[-28.2688,334.527,67.0912],"dipPosition":[-15.7514,325.365,-14.6412],"direction":[0.272504,-0.215111,-0.9378],"extended":false,"handId":608,"id":6080,"length":52.1025,"mcpPosition":[-28.2688,334.527,67.0912],"pipPosition":[-25.0401,332.697,17.3251],"stabilizedTipPosition":[-56.2283,332.971,126.876],"timeVisible":0.515072,"tipPosition":[-2.88282,315.026,-20.4383],"tipVelocity":[28.5505,-14.0315,-222.813],"tool":false,"touchDistance":-0.61065,"touchZone":"hovering","type":0,"width":20.2446},{"bases":[[[0.896452,-0.403592,0.182996],[0.322893,0.877727,0.354026],[-0.303503,-0.25828,0.917157]],[[0.860357,-0.428084,0.276639],[0.424008,0.902326,0.0776202],[-0.282847,0.0505163,0.957834]],[[0.860357,-0.428084,0.276639],[0.475902,0.86903,-0.135292],[-0.182492,0.248053,0.951402]],[[0.860357,-0.428084,0.276639],[0.498974,0.818128,-0.285818],[-0.103972,0.383941,0.917485]]],"btipPosition":[29.685,354.633,-76.7345],"carpPosition":[-10.9718,350.358,70.5236],"dipPosition":[27.9091,361.191,-61.0629],"direction":[0.182492,-0.248053,-0.951402],"extended":true,"handId":608,"id":6081,"length":58.7918,"mcpPosition":[11.3508,369.354,3.06666],"pipPosition":[23.4994,367.185,-38.0732],"stabilizedTipPosition":[-24.108,368.682,65.6087],"timeVisible":0.515072,"tipPosition":[29.0135,355.326,-72.97],"tipVelocity":[67.109,-4.92817,-215.024],"tool":false,"touchDistance":0.331283,"touchZone":"hovering","type":1,"width":19.3376},{"bases":[[[0.778937,-0.578454,0.242173],[0.463059,0.790976,0.399917],[-0.422886,-0.19937,0.883979]],[[0.77972,-0.578083,0.240533],[0.544896,0.437261,-0.715466],[0.308423,0.688929,0.655936]],[[0.77972,-0.578083,0.240533],[-0.259344,-0.647837,-0.716274],[0.569892,0.496112,-0.655054]],[[0.77972,-0.578083,0.240533],[-0.566301,-0.814979,-0.122934],[0.267096,-0.0403599,-0.962824]]],"btipPosition":[-5.91231,314.452,16.2604],"carpPosition":[0.673067,347.089,72.8144],"dipPosition":[-0.894376,313.693,-1.82817],"direction":[-0.569892,-0.496112,0.655054],"extended":false,"handId":608,"id":6082,"length":66.9886,"mcpPosition":[30.1691,360.995,11.1574],"pipPosition":[15.307,327.797,-20.4506],"stabilizedTipPosition":[-42.0397,323.374,143.771],"timeVisible":0.515072,"tipPosition":[-4.48718,314.423,11.6669],"tipVelocity":[24.1771,-17.3024,-219.802],"tool":false,"touchDistance":0.333333,"touchZone":"none","type":2,"width":18.9921},{"bases":[[[0.671078,-0.659458,0.338777],[0.50381,0.740868,0.444173],[-0.543902,-0.127395,0.829422]],[[0.673678,-0.65884,0.334796],[0.66376,0.340232,-0.666081],[0.324932,0.670949,0.666519]],[[0.673678,-0.65884,0.334796],[-0.263963,-0.637655,-0.723684],[0.690277,0.399156,-0.603484]],[[0.673678,-0.65884,0.334796],[-0.644202,-0.745529,-0.170851],[0.362164,-0.100578,-0.926672]]],"btipPosition":[4.62169,309.727,27.7187],"carpPosition":[10.9565,340.895,75.4091],"dipPosition":[11.3866,307.849,10.4093],"direction":[-0.690277,-0.399156,0.603484],"extended":false,"handId":608,"id":6083,"length":64.4113,"mcpPosition":[45.0175,348.873,23.4679],"pipPosition":[30.5035,318.903,-6.30392],"stabilizedTipPosition":[-29.9135,319.483,158.267],"timeVisible":0.515072,"tipPosition":[6.26026,309.406,24.1386],"tipVelocity":[22.1276,-21.7829,-227.577],"tool":false,"touchDistance":0.333333,"touchZone":"none","type":3,"width":18.0722},{"bases":[[[0.511086,-0.783058,0.354418],[0.552009,0.615094,0.562979],[-0.658845,-0.0920886,0.746621]],[[0.406873,-0.788026,0.462028],[0.833506,0.113296,-0.54077],[0.373794,0.605128,0.702921]],[[0.406873,-0.788026,0.462028],[-0.295933,-0.592217,-0.749468],[0.864221,0.168209,-0.47416]],[[0.406873,-0.788026,0.462028],[-0.766954,-0.569443,-0.295831],[0.496221,-0.233989,-0.836071]]],"btipPosition":[17.0871,313.159,33.0717],"carpPosition":[17.5572,328.469,77.5224],"dipPosition":[25.6381,309.127,18.6644],"direction":[-0.864221,-0.168209,0.47416],"extended":false,"handId":608,"id":6084,"length":50.4973,"mcpPosition":[55.7503,333.807,34.2409],"pipPosition":[42.5367,312.416,9.39284],"stabilizedTipPosition":[-17.7079,324.369,163.742],"timeVisible":0.515072,"tipPosition":[19.1975,312.293,29.9741],"tipVelocity":[23.4724,-27.1998,-224.847],"tool":false,"touchDistance":0.333333,"touchZone":"none","type":4,"width":16.0532}],"r":[[0.928349,0.311357,0.203041],[-0.297439,0.949842,-0.0965947],[-0.222932,0.0292812,0.974394]],"s":1.11804,"t":[111.545,-5.23161,-231.462],"timestamp":522854329876},