{"sensorType":"Leap","data":[[0,{"currentFrameRate":109.077,"devices":[],"gestures":[{"center":[16.6629,286.1,-103.856],"duration":144248,"handIds":[610],"id":1,"normal":[0.147198,0.0567291,0.987479],"pointableIds":[6101],"progress":1.06336,"radius":22.2768,"state":"update","type":"circle"}],"hands":[{"armBasis":[[0.821688,-0.56835,-0.0425054],[0.569893,0.818398,0.0737988],[-0.00715722,-0.0848631,0.996367]],"armWidth":63.703,"confidence":0.713134,"direction":[0.498123,0.257653,-0.827942],"elbow":[-29.6445,253.461,336.616],"grabStrength":0,"id":610,"palmNormal":[-0.392734,-0.784242,-0.480338],"palmPosition":[-8.40858,291.192,18.6915],"palmVelocity":[-5.39242,137.353,297.235],"palmWidth":90.9658,"pinchStrength":0.989042,"r":[[0.977507,0.180975,0.1083],[-0.151807,0.960219,-0.23438],[-0.146408,0.212668,0.966094]],"s":1.01734,"sphereCenter":[-8.2429,253.577,-13.3471],"sphereRadius":47.0408,"stabilizedPalmPosition":[-9.3496,283.805,0.921544],"t":[-3.77025,-66.676,-71.0206],"timeVisible":1.87988,"type":"right","wrist":[-27.7126,276.368,67.6689]}],"id":4210023,"interactionBox":{"center":[0,200,0],"size":[235.247,235.247,147.751]},"pointables":[{"bases":[[[0.759552,0.524599,0.384547],[-0.640924,0.70442,0.304975],[-0.110893,-0.47811,0.871271]],[[0.744458,0.667262,0.0233085],[-0.664362,0.74379,-0.0734826],[-0.0663688,0.0392194,0.997024]],[[0.744458,0.667262,0.0233085],[-0.615096,0.698998,-0.364772],[-0.259691,0.25722,0.930805]],[[0.744458,0.667262,0.0233085],[-0.0526957,0.0935219,-0.994222],[-0.665586,0.738928,0.104785]]],"btipPosition":[-27.9528,255.092,-26.8701],"carpPosition":[-55.6899,283.106,57.0653],"dipPosition":[-43.5258,272.381,-24.4184],"direction":[0.259691,-0.257221,-0.930805],"extended":false,"handId":610,"id":6100,"length":52.1025,"mcpPosition":[-55.6899,283.106,57.0653],"pipPosition":[-52.3778,281.148,7.30953],"stabilizedTipPosition":[-34.5503,253.66,-42.2275],"timeVisible":1.87988,"tipPosition":[-30.8281,259.049,-26.0729],"tipVelocity":[24.4645,106.289,280.779],"tool":false,"touchDistance":0.155995,"touchZone":"hovering","type":0,"width":20.2446},{"bases":[[[0.845729,-0.513155,0.146338],[0.441977,0.827301,0.346741],[-0.298997,-0.228571,0.926475]],[[0.750116,-0.55284,0.362896],[0.475214,0.832241,0.285564],[-0.459889,-0.0417532,0.886994]],[[0.750116,-0.55284,0.362896],[0.614025,0.786016,-0.0717808],[-0.245559,0.276671,0.929061]],[[0.750116,-0.55284,0.362896],[0.659372,0.667191,-0.346533],[-0.0505437,0.499224,0.864998]]],"btipPosition":[12.0904,300.033,-83.5323],"carpPosition":[-36.4505,296.641,59.932],"dipPosition":[11.227,308.561,-68.7573],"direction":[0.245559,-0.276671,-0.929061],"extended":true,"handId":610,"id":6101,"length":58.7918,"mcpPosition":[-14.4593,313.453,-8.21023],"pipPosition":[5.29336,315.246,-46.3075],"stabilizedTipPosition":[6.19684,299.592,-99.8015],"timeVisible":1.87988,"tipPosition":[12.79,303.099,-80.0746],"tipVelocity":[23.7093,57.708,312.278],"tool":false,"touchDistance":0.579549,"touchZone":"hovering","type":1,"width":19.3376},{"bases":[[[0.709737,-0.672784,0.208893],[0.571923,0.723417,0.386746],[-0.411313,-0.155017,0.898216]],[[0.702289,-0.675441,0.224878],[0.56637,0.338743,-0.751317],[0.431295,0.655006,0.620445]],[[0.702289,-0.675441,0.224878],[-0.120632,-0.42423,-0.897483],[0.701597,0.603165,-0.379412]],[[0.702289,-0.675441,0.224878],[-0.446133,-0.663742,-0.600343],[0.554757,0.321289,-0.767475]]],"btipPosition":[-47.6853,248.001,-5.58444],"carpPosition":[-25.2233,291.935,61.7585],"dipPosition":[-37.2631,254.037,-20.003],"direction":[-0.701597,-0.603165,0.379412],"extended":false,"handId":610,"id":6102,"length":66.9886,"mcpPosition":[3.46549,302.747,-0.891497],"pipPosition":[-17.3176,271.184,-30.7892],"stabilizedTipPosition":[-48.8931,245.318,-27.8997],"timeVisible":1.87988,"tipPosition":[-44.9755,249.601,-9.22311],"tipVelocity":[17.2766,111.952,310.335],"tool":false,"touchDistance":0.333333,"touchZone":"none","type":2,"width":18.9921},{"bases":[[[0.596326,-0.74087,0.309043],[0.607766,0.668191,0.429118],[-0.52442,-0.0680681,0.848735]],[[0.57488,-0.742999,0.342733],[0.670724,0.187994,-0.717487],[0.46866,0.642348,0.606421]],[[0.57488,-0.742999,0.342733],[-0.113675,-0.487328,-0.865788],[0.810303,0.458764,-0.364616]],[[0.57488,-0.742999,0.342733],[-0.485556,-0.646918,-0.58799],[0.658596,0.171607,-0.732668]]],"btipPosition":[-38.5331,244.15,7.46834],"carpPosition":[-15.6971,284.491,63.9229],"dipPosition":[-26.2312,247.356,-6.21718],"direction":[-0.810303,-0.458764,0.364616],"extended":false,"handId":610,"id":6103,"length":64.4113,"mcpPosition":[17.1438,288.753,10.7724],"pipPosition":[-3.79016,260.061,-16.3151],"stabilizedTipPosition":[-38.1918,239.968,-16.8149],"timeVisible":1.87988,"tipPosition":[-35.3177,244.983,3.9538],"tipVelocity":[14.8188,120.056,289.334],"tool":false,"touchDistance":0.333333,"touchZone":"none","type":3,"width":18.0722},{"bases":[[[0.422949,-0.84392,0.330019],[0.644382,0.536168,0.545248],[-0.637091,-0.017954,0.770579]],[[0.456347,-0.84176,0.288423],[0.719111,0.15799,-0.676697],[0.524048,0.516217,0.677417]],[[0.456347,-0.84176,0.288423],[-0.148346,-0.39158,-0.908107],[0.877349,0.371626,-0.303569]],[[0.456347,-0.84176,0.288423],[-0.541041,-0.519837,-0.661093],[0.706415,0.145639,-0.692653]]],"btipPosition":[-21.5337,244.339,14.9641],"carpPosition":[-10.6124,271.322,65.7091],"dipPosition":[-9.36065,246.848,3.02812],"direction":[-0.877349,-0.371626,0.303569],"extended":false,"handId":610,"id":6104,"length":50.4973,"mcpPosition":[26.3196,272.363,21.0388],"pipPosition":[7.79466,254.115,-2.90773],"stabilizedTipPosition":[-20.8405,239.308,-9.46566],"timeVisible":1.87988,"tipPosition":[-18.2979,244.91,11.797],"tipVelocity":[8.58684,131.82,312.239],"tool":false,"touchDistance":0.333333,"touchZone":"none","type":4,"width":16.0532}],"r":[[0.977507,0.180975,0.1083],[-0.151807,0.960219,-0.23438],[-0.146408,0.212668,0.966094]],"s":1.01734,"t":[-3.77025,-66.676,-71.0206],"timestamp":522861994538},false],[1,{"currentFrameRate":109.05,"devices":[],"gestures":[{"center":[16.6629,286.1,-103.856],"duration":144248,"handIds":[610],"id":1,"normal":[0.147198,0.0567291,0.987479],"pointableIds":[6101],"progress":1.06336,"radius":22.2768,"state":"update","type":"circle"}],"hands":[{"armBasis":[[0.822254,-0.567553,-0.0422203],[0.56908,0.819041,0.0729423],[-0.00681849,-0.0840038,0.996442]],"armWidth":63.703,"confidence":0.723059,"direction":[0.500616,0.253769,-0.827638],"elbow":[-29.7257,255.029,339.637],"grabStrength":0.011175,"id":610,"palmNormal":[-0.391073,-0.786649,-0.477751],"palmPosition":[-8.43359,292.295,21.6802],"palmVelocity":[-4.64186,132.4,304.796],"palmWidth":90.9658,"pinchStrength":0.993147,"r":[[0.976407,0.183338,0.114087],[-0.152241,0.959155,-0.238422],[-0.153139,0.215429,0.964437]],"s":1.01328,"sphereCenter":[-8.40475,254.605,-10.1907],"sphereRadius":46.8286,"stabilizedPalmPosition":[-9.3355,283.936,1.24108],"t":[-3.87222,-65.3535,-67.8836],"timeVisible":1.8891,"type":"right","wrist":[-27.8852,277.704,70.6689]}],"id":4210024,"interactionBox":{"center":[0,200,0],"size":[235.247,235.247,147.751]},"pointables":[{"bases":[[[0.758244,0.526634,0.384347],[-0.64202,0.705731,0.29959],[-0.113471,-0.47392,0.873226]],[[0.743664,0.66827,0.0194561],[-0.665116,0.742474,-0.0797046],[-0.0677099,0.046333,0.996629]],[[0.743664,0.66827,0.0194561],[-0.614842,0.695057,-0.372646],[-0.262551,0.265161,0.92777]],[[0.743664,0.66827,0.0194561],[-0.051311,0.0860674,-0.994967],[-0.666581,0.738923,0.0982948]]],"btipPosition":[-27.9064,255.743,-23.7137],"carpPosition":[-55.8312,284.383,59.9467],"dipPosition":[-43.5027,273.032,-21.4138],"direction":[0.262551,-0.265161,-0.92777],"extended":false,"handId":610,"id":6100,"length":52.1025,"mcpPosition":[-55.8312,284.383,59.9467],"pipPosition":[-52.4521,282.071,10.2106],"stabilizedTipPosition":[-34.5065,253.747,-41.9546],"timeVisible":1.8891,"tipPosition":[-30.8082,259.789,-22.9818],"tipVelocity":[18.8575,96.3179,296.988],"tool":false,"touchDistance":0.208019,"touchZone":"hovering","type":0,"width":20.2446},{"bases":[[[0.845389,-0.512238,0.151422],[0.440719,0.829074,0.344099],[-0.301801,-0.224163,0.926643]],[[0.750356,-0.550658,0.365708],[0.477869,0.83412,0.275473],[-0.456736,-0.0319421,0.889029]],[[0.750356,-0.550658,0.365708],[0.619567,0.778716,-0.0986842],[-0.230442,0.300629,0.925483]],[[0.750356,-0.550658,0.365708],[0.660534,0.646121,-0.382392],[-0.0257249,0.528492,0.848548]]],"btipPosition":[11.2187,299.504,-80.3895],"carpPosition":[-36.6038,297.937,62.8072],"dipPosition":[10.7793,308.532,-65.8954],"direction":[0.230442,-0.300629,-0.925483],"extended":true,"handId":610,"id":6101,"length":58.7918,"mcpPosition":[-14.4064,314.424,-5.34739],"pipPosition":[5.21088,315.796,-43.532],"stabilizedTipPosition":[6.24113,299.61,-99.5968],"timeVisible":1.8891,"tipPosition":[12.1929,302.838,-76.9995],"tipVelocity":[-6.4676,28.9597,318.348],"tool":false,"touchDistance":0.601101,"touchZone":"hovering","type":1,"width":19.3376},{"bases":[[[0.709241,-0.671595,0.214329],[0.570564,0.725415,0.385006],[-0.414045,-0.150773,0.897682]],[[0.701723,-0.674184,0.230349],[0.568597,0.335143,-0.75125],[0.429281,0.658145,0.618517]],[[0.701723,-0.674184,0.230349],[-0.117521,-0.428424,-0.895903],[0.70269,0.601605,-0.379866]],[[0.701723,-0.674184,0.230349],[-0.443816,-0.666577,-0.598917],[0.557326,0.318041,-0.766967]]],"btipPosition":[-47.635,248.966,-2.51846],"carpPosition":[-25.3812,293.242,64.691],"dipPosition":[-37.1645,254.941,-16.9275],"direction":[-0.70269,-0.601605,0.379866],"extended":false,"handId":610,"id":6102,"length":66.9886,"mcpPosition":[3.49819,303.758,2.07821],"pipPosition":[-17.1878,272.044,-27.7266],"stabilizedTipPosition":[-48.8694,245.35,-27.7575],"timeVisible":1.8891,"tipPosition":[-44.9159,250.551,-6.14513],"tipVelocity":[14.3046,109.501,316.643],"tool":false,"touchDistance":0.333333,"touchZone":"none","type":2,"width":18.9921},{"bases":[[[0.595537,-0.739224,0.314457],[0.606289,0.670403,0.427755],[-0.527019,-0.0640923,0.847433]],[[0.573904,-0.741201,0.348218],[0.672769,0.184288,-0.716533],[0.466922,0.645491,0.604421]],[[0.573904,-0.741201,0.348218],[-0.110188,-0.491239,-0.864027],[0.811476,0.457499,-0.363595]],[[0.573904,-0.741201,0.348218],[-0.482591,-0.649641,-0.587429],[0.66162,0.169081,-0.730528]]],"btipPosition":[-38.5446,245.163,10.5688],"carpPosition":[-15.8601,285.811,66.9208],"dipPosition":[-26.1862,248.322,-3.07676],"direction":[-0.811476,-0.457499,0.363595],"extended":false,"handId":610,"id":6103,"length":64.4113,"mcpPosition":[17.1436,289.824,13.8517],"pipPosition":[-3.71271,260.992,-13.1464],"stabilizedTipPosition":[-38.1817,239.992,-16.7167],"timeVisible":1.8891,"tipPosition":[-35.3177,245.99,7.08433],"tipVelocity":[10.7119,116.876,302.787],"tool":false,"touchDistance":0.333333,"touchZone":"none","type":3,"width":18.0722},{"bases":[[[0.42212,-0.842214,0.335396],[0.642577,0.538952,0.544634],[-0.63946,-0.0143836,0.76869]],[[0.455588,-0.840252,0.293967],[0.721232,0.154845,-0.675164],[0.521788,0.519616,0.676562]],[[0.455588,-0.840252,0.293967],[-0.144313,-0.395575,-0.907025],[0.878415,0.370807,-0.301478]],[[0.455588,-0.840252,0.293967],[-0.537604,-0.522912,-0.661472],[0.709522,0.143321,-0.689955]]],"btipPosition":[-21.5564,245.398,18.0935],"carpPosition":[-10.7779,272.652,68.7862],"dipPosition":[-9.3298,247.867,6.2041],"direction":[-0.878415,-0.370807,0.301478],"extended":false,"handId":610,"id":6104,"length":50.4973,"mcpPosition":[26.2915,273.486,24.2254],"pipPosition":[7.84637,255.118,0.309118],"stabilizedTipPosition":[-20.8296,239.342,-9.33645],"timeVisible":1.8891,"tipPosition":[-18.3142,245.966,14.9672],"tipVelocity":[5.86559,126.793,320.202],"tool":false,"touchDistance":0.333333,"touchZone":"none","type":4,"width":16.0532}],"r":[[0.976407,0.183338,0.114087],[-0.152241,0.959155,-0.238422],[-0.153139,0.215429,0.964437]],"s":1.01328,"t":[-3.87222,-65.3535,-67.8836],"timestamp":522862003756},false],[2,{"currentFrameRate":109.222,"devices":[],"gestures":[{"center":[16.6629,286.1,-103.856],"duration":144248,"handIds":[610],"id":1,"normal":[0.147198,0.0567291,0.987479],"pointableIds":[6101],"progress":1.06336,"radius":22.2768,"state":"update","type":"circle"}],"hands":[{"armBasis":[[0.820586,-0.570642,-0.031707],[0.57147,0.818499,0.0590044],[-0.00771825,-0.0665378,0.997754]],"armWidth":63.703,"confidence":0.708407,"direction":[0.503958,0.258744,-0.824062],"elbow":[-30.3088,260.647,343.565],"grabStrength":0.04697,"id":610,"palmNormal":[-0.385578,-0.78634,-0.482701],"palmPosition":[-8.57415,293.455,25.4114],"palmVelocity":[-7.68513,132.033,336.443],"palmWidth":90.9658,"pinchStrength":1,"r":[[0.975231,0.185897,0.119862],[-0.153047,0.958356,-0.241104],[-0.159691,0.216788,0.963069]],"s":1.00712,"sphereCenter":[-8.62048,256.008,-6.65997],"sphereRadius":46.548,"stabilizedPalmPosition":[-9.32637,284.05,1.53101],"t":[-3.99348,-64.1126,-64.4495],"timeVisible":1.89794,"type":"right","wrist":[-28.2254,278.607,74.2432]}],"id":4210025,"interactionBox":{"center":[0,200,0],"size":[235.247,235.247,147.751]},"pointables":[{"bases":[[[0.754218,0.528067,0.390257],[-0.646257,0.702174,0.298838],[-0.116221,-0.477595,0.870859]],[[0.740563,0.671575,0.023532],[-0.668202,0.739652,-0.0801341],[-0.0712215,0.0436202,0.996506]],[[0.740563,0.671575,0.023532],[-0.616478,0.692909,-0.373941],[-0.267435,0.26242,0.927154]],[[0.740563,0.671575,0.023532],[-0.0478489,0.0876293,-0.995003],[-0.670281,0.735737,0.0970292]]],"btipPosition":[-27.7873,256.884,-20.2039],"carpPosition":[-56.1403,285.22,63.3997],"dipPosition":[-43.4701,274.099,-17.9337],"direction":[0.267435,-0.26242,-0.927154],"extended":false,"handId":610,"id":6100,"length":52.1025,"mcpPosition":[-56.1403,285.22,63.3997],"pipPosition":[-52.586,283.044,13.6698],"stabilizedTipPosition":[-34.4735,253.822,-41.7182],"timeVisible":1.89794,"tipPosition":[-30.7063,260.954,-19.4908],"tipVelocity":[16.7894,104.624,323.768],"tool":false,"touchDistance":0.266402,"touchZone":"hovering","type":0,"width":20.2446},{"bases":[[[0.846532,-0.509593,0.153946],[0.435758,0.82945,0.349469],[-0.305777,-0.228753,0.924214]],[[0.752861,-0.548682,0.363521],[0.478829,0.835535,0.269452],[-0.451578,-0.0287959,0.891767]],[[0.752861,-0.548682,0.363521],[0.623104,0.772061,-0.125151],[-0.211993,0.320733,0.923141]],[[0.752861,-0.548682,0.363521],[0.658173,0.625163,-0.419499],[0.00291152,0.555084,0.831789]]],"btipPosition":[9.97858,299.666,-76.3818],"carpPosition":[-36.9799,298.836,66.411],"dipPosition":[10.0283,309.148,-62.1739],"direction":[0.211993,-0.320733,-0.923141],"extended":true,"handId":610,"id":6101,"length":58.7918,"mcpPosition":[-14.49,315.661,-1.56496],"pipPosition":[4.90573,316.898,-39.8672],"stabilizedTipPosition":[6.26381,299.624,-99.4366],"timeVisible":1.89794,"tipPosition":[11.2993,303.284,-73.0316],"tipVelocity":[-39.2082,29.2716,352.772],"tool":false,"touchDistance":0.633452,"touchZone":"hovering","type":1,"width":19.3376},{"bases":[[[0.710664,-0.669698,0.215548],[0.565782,0.726132,0.39067],[-0.418147,-0.155682,0.894939]],[[0.702894,-0.672434,0.231889],[0.572868,0.341932,-0.74492],[0.421619,0.656441,0.625558]],[[0.702894,-0.672434,0.231889],[-0.107112,-0.422356,-0.900079],[0.703184,0.607822,-0.368897]],[[0.702894,-0.672434,0.231889],[-0.434842,-0.664224,-0.608045],[0.562896,0.326556,-0.759282]]],"btipPosition":[-47.4666,249.989,0.522508],"carpPosition":[-25.7495,294.177,68.3361],"dipPosition":[-36.8915,256.124,-13.7421],"direction":[-0.703184,-0.607822,0.368897],"extended":false,"handId":610,"id":6102,"length":66.9886,"mcpPosition":[3.41604,305.036,5.91468],"pipPosition":[-16.9008,273.404,-24.2294],"stabilizedTipPosition":[-48.8495,245.382,-27.6275],"timeVisible":1.89794,"tipPosition":[-44.7547,251.621,-2.93146],"tipVelocity":[16.3202,112.278,324.988],"tool":false,"touchDistance":0.333333,"touchZone":"none","type":2,"width":18.9921},{"bases":[[[0.596698,-0.738129,0.314829],[0.601492,0.671097,0.433401],[-0.531187,-0.0692429,0.844421]],[[0.57488,-0.740314,0.348493],[0.675401,0.188911,-0.712844],[0.461895,0.645172,0.60861]],[[0.57488,-0.740314,0.348493],[-0.103936,-0.488526,-0.866337],[0.81161,0.461819,-0.357789]],[[0.57488,-0.740314,0.348493],[-0.476774,-0.649207,-0.592635],[0.66498,0.174542,-0.726179]]],"btipPosition":[-38.4774,246.241,13.9956],"carpPosition":[-16.2119,286.774,70.5881],"dipPosition":[-26.0562,249.502,0.431322],"direction":[-0.81161,-0.461819,0.357789],"extended":false,"handId":610,"id":6103,"length":64.4113,"mcpPosition":[17.0528,291.11,17.7077],"pipPosition":[-3.57896,262.291,-9.47751],"stabilizedTipPosition":[-38.1731,240.016,-16.6232],"timeVisible":1.89794,"tipPosition":[-35.2341,247.095,10.5311],"tipVelocity":[10.3125,118.94,326.241],"tool":false,"touchDistance":0.333333,"touchZone":"none","type":3,"width":18.0722},{"bases":[[[0.423567,-0.841852,0.334478],[0.63767,0.53935,0.549981],[-0.643404,-0.0196676,0.765275]],[[0.457161,-0.839617,0.293336],[0.723993,0.159761,-0.671052],[0.516563,0.519152,0.680914]],[[0.457161,-0.839617,0.293336],[-0.137626,-0.392631,-0.90934],[0.878671,0.375345,-0.295048]],[[0.457161,-0.839617,0.293336],[-0.531446,-0.52235,-0.66687],[0.71314,0.148975,-0.685009]]],"btipPosition":[-21.522,246.509,21.5719],"carpPosition":[-11.0894,273.628,72.4314],"dipPosition":[-9.23305,249.077,9.76772],"direction":[-0.878671,-0.375345,0.295048],"extended":false,"handId":610,"id":6104,"length":50.4973,"mcpPosition":[26.2085,274.768,28.0686],"pipPosition":[7.94812,256.416,3.99846],"stabilizedTipPosition":[-20.8203,239.376,-9.21296],"timeVisible":1.89794,"tipPosition":[-18.2649,247.108,18.479],"tipVelocity":[5.76907,127.177,340.548],"tool":false,"touchDistance":0.333333,"touchZone":"none","type":4,"width":16.0532}],"r":[[0.975231,0.185897,0.119862],[-0.153047,0.958356,-0.241104],[-0.159691,0.216788,0.963069]],"s":1.00712,"t":[-3.99348,-64.1126,-64.4495],"timestamp":522862012603},false],[3,{"currentFrameRate":109.268,"devices":[],"gestures":[{"center":[16.6629,286.1,-103.856],"duration":144248,"handIds":[610],"id":1,"normal":[0.147198,0.0567291,0.987479],"pointableIds":[6101],"progress":1.06336,"radius":22.2768,"state":"update","type":"circle"}],"hands":[{"armBasis":[[0.819641,-0.572005,-0.031593],[0.572718,0.816868,0.0687034],[-0.0134914,-0.074406,0.997137]],"armWidth":63.703,"confidence":0.709298,"direction":[0.508109,0.260622,-0.820915],"elbow":[-32.4373,260.475,347.977],"grabStrength":0.0947721,"id":610,"palmNormal":[-0.386164,-0.783017,-0.487608],"palmPosition":[-8.89974,295.551,30.1334],"palmVelocity":[-15.4831,159.442,387.361],"palmWidth":90.9658,"pinchStrength":1,"r":[[0.97428,0.187215,0.125415],[-0.152867,0.958018,-0.242555],[-0.16556,0.217145,0.961997]],"s":0.99852,"sphereCenter":[-9.22124,258.328,-2.14751],"sphereRadius":46.2743,"stabilizedPalmPosition":[-9.32193,284.17,1.82839],"t":[-4.21691,-62.4437,-60.3715],"timeVisible":1.90701,"type":"right","wrist":[-28.7956,280.559,78.8219]}],"id":4210026,"interactionBox":{"center":[0,200,0],"size":[235.247,235.247,147.751]},"pointables":[{"bases":[[[0.754338,0.523947,0.395541],[-0.645187,0.702985,0.299242],[-0.121273,-0.480928,0.868333]],[[0.741812,0.670138,0.0250977],[-0.666869,0.741105,-0.0777765],[-0.070721,0.0409586,0.996655]],[[0.741812,0.670138,0.0250977],[-0.615285,0.695023,-0.371979],[-0.266721,0.260496,0.927902]],[[0.741812,0.670138,0.0250977],[-0.0462401,0.0884502,-0.995007],[-0.669012,0.736947,0.0966006]]],"btipPosition":[-28.371,259.144,-15.7317],"carpPosition":[-56.645,287.31,67.8948],"dipPosition":[-44.0241,276.386,-13.4715],"direction":[0.266721,-0.260496,-0.927902],"extended":false,"handId":610,"id":6100,"length":52.1025,"mcpPosition":[-56.645,287.31,67.8948],"pipPosition":[-53.1157,285.266,18.1574],"stabilizedTipPosition":[-34.4509,253.906,-41.4796],"timeVisible":1.90701,"tipPosition":[-31.2215,263.242,-15.0228],"tipVelocity":[-5.43052,144.756,370.502],"tool":false,"touchDistance":0.340143,"touchZone":"hovering","type":0,"width":20.2446},{"bases":[[[0.844255,-0.51299,0.155163],[0.43702,0.826532,0.354764],[-0.310238,-0.231702,0.921991]],[[0.751627,-0.552231,0.360692],[0.484769,0.833322,0.265657],[-0.447276,-0.0248225,0.894052]],[[0.751627,-0.552231,0.360692],[0.632361,0.758807,-0.155987],[-0.187555,0.345331,0.919549]],[[0.751627,-0.552231,0.360692],[0.658188,0.592337,-0.464677],[0.0429579,0.586667,0.808688]]],"btipPosition":[8.37417,300.593,-71.2047],"carpPosition":[-37.453,300.85,71.0413],"dipPosition":[9.10793,310.614,-57.3914],"direction":[0.187555,-0.345331,-0.919549],"extended":true,"handId":610,"id":6101,"length":58.7918,"mcpPosition":[-14.6351,317.892,3.22886],"pipPosition":[4.57587,318.958,-35.1715],"stabilizedTipPosition":[6.27431,299.639,-99.2919],"timeVisible":1.90701,"tipPosition":[10.0441,304.472,-67.9727],"tipVelocity":[-72.4703,53.1918,410.277],"tool":false,"touchDistance":0.679735,"touchZone":"hovering","type":1,"width":19.3376},{"bases":[[[0.707624,-0.672914,0.215533],[0.566542,0.722619,0.396045],[-0.422253,-0.158142,0.892577]],[[0.699628,-0.675746,0.23214],[0.577994,0.344251,-0.739875],[0.420053,0.651812,0.631424]],[[0.699628,-0.675746,0.23214],[-0.101759,-0.415818,-0.903737],[0.707224,0.608657,-0.359681]],[[0.699628,-0.675746,0.23214],[-0.431822,-0.658737,-0.616113],[0.569255,0.330807,-0.752672]]],"btipPosition":[-47.8352,252.249,4.67381],"carpPosition":[-26.2456,296.146,72.9916],"dipPosition":[-37.1406,258.464,-9.46664],"direction":[-0.707224,-0.608657,0.359681],"extended":false,"handId":610,"id":6102,"length":66.9886,"mcpPosition":[3.20628,307.177,10.7348],"pipPosition":[-17.035,275.768,-19.6919],"stabilizedTipPosition":[-48.8321,245.423,-27.4821],"timeVisible":1.90701,"tipPosition":[-45.1151,253.906,1.34204],"tipVelocity":[1.41422,150.692,362.548],"tool":false,"touchDistance":0.333333,"touchZone":"none","type":2,"width":18.9921},{"bases":[[[0.593038,-0.741398,0.314061],[0.601902,0.667286,0.438684],[-0.534808,-0.0711221,0.841975]],[[0.571365,-0.743635,0.347201],[0.683507,0.197005,-0.702856],[0.454268,0.638902,0.620842]],[[0.571365,-0.743635,0.347201],[-0.0899996,-0.47728,-0.874131],[0.815746,0.4682,-0.339628]],[[0.571365,-0.743635,0.347201],[-0.467212,-0.642541,-0.607334],[0.674726,0.184793,-0.71456]]],"btipPosition":[-38.7357,248.2,17.5444],"carpPosition":[-16.7411,288.703,75.2501],"dipPosition":[-26.1325,251.652,4.19714],"direction":[-0.815746,-0.4682,0.339628],"extended":false,"handId":610,"id":6103,"length":64.4113,"mcpPosition":[16.7504,293.156,22.5228],"pipPosition":[-3.54075,264.618,-5.20873],"stabilizedTipPosition":[-38.1653,240.046,-16.5199],"timeVisible":1.90701,"tipPosition":[-35.5565,249.179,14.4571],"tipVelocity":[0.86435,147.093,345.745],"tool":false,"touchDistance":0.333333,"touchZone":"none","type":3,"width":18.0722},{"bases":[[[0.419496,-0.844642,0.332571],[0.637184,0.534926,0.554843],[-0.646544,-0.0208456,0.762592]],[[0.453293,-0.842337,0.291536],[0.726849,0.15998,-0.667905],[0.515961,0.514659,0.68477]],[[0.453293,-0.842337,0.291536],[-0.135061,-0.388198,-0.911625],[0.88107,0.373858,-0.289735]],[[0.453293,-0.842337,0.291536],[-0.529896,-0.517652,-0.671749],[0.716754,0.150015,-0.680999]]],"btipPosition":[-22.007,248.652,26.0444],"carpPosition":[-11.6686,275.532,77.0577],"dipPosition":[-9.65576,251.237,14.3093],"direction":[-0.88107,-0.373858,0.289735],"extended":false,"handId":610,"id":6104,"length":50.4973,"mcpPosition":[25.8114,276.741,32.8504],"pipPosition":[7.57231,258.548,8.64394],"stabilizedTipPosition":[-20.8132,239.419,-9.07395],"timeVisible":1.90701,"tipPosition":[-18.7352,249.259,22.9757],"tipVelocity":[-10.1682,157.457,383.209],"tool":false,"touchDistance":0.333333,"touchZone":"none","type":4,"width":16.0532}],"r":[[0.97428,0.187215,0.125415],[-0.152867,0.958018,-0.242555],[-0.16556,0.217145,0.961997]],"s":0.99852,"t":[-4.21691,-62.4437,-60.3715],"timestamp":522862021672},false],[4,{"currentFrameRate":109.339,"devices":[],"gestures":[{"center":[16.6629,286.1,-103.856],"duration":144248,"handIds":[610],"id":1,"normal":[0.147198,0.0567291,0.987479],"pointableIds":[6101],"progress":1.06336,"radius":22.2768,"state":"update","type":"circle"}],"hands":[{"armBasis":[[0.823889,-0.566004,-0.029114],[0.566321,0.820171,0.0812404],[-0.0221039,-0.0834209,0.996269]],"armWidth":63.703,"confidence":0.674226,"direction":[0.509638,0.260686,-0.819947],"elbow":[-35.2322,259.815,351.341],"grabStrength":0.143456,"id":610,"palmNormal":[-0.382444,-0.785035,-0.487294],"palmPosition":[-9.27784,297.298,33.7609],"palmVelocity":[-22.7558,168.854,391.442],"palmWidth":90.9658,"pinchStrength":1,"r":[[0.973309,0.1889,0.130334],[-0.153152,0.957569,-0.244142],[-0.170922,0.217665,0.960941]],"s":0.988338,"sphereCenter":[-9.71263,260.204,1.51502],"sphereRadius":45.9507,"stabilizedPalmPosition":[-9.32153,284.288,2.11688],"t":[-4.51767,-60.736,-56.5187],"timeVisible":1.91603,"type":"right","wrist":[-29.2658,282.333,82.4199]}],"id":4210027,"interactionBox":{"center":[0,200,0],"size":[235.247,235.247,147.751]},"pointables":[{"bases":[[[0.75165,0.526907,0.396725],[-0.648128,0.701578,0.296172],[-0.122279,-0.479747,0.868845]],[[0.739186,0.673104,0.0231346],[-0.669678,0.738211,-0.0810976],[-0.0716653,0.0444534,0.996438]],[[0.739186,0.673104,0.0231346],[-0.617428,0.690966,-0.375964],[-0.269048,0.263623,0.926345]],[[0.739186,0.673104,0.0231346],[-0.0435861,0.0820865,-0.995672],[-0.67209,0.734978,0.0900151]]],"btipPosition":[-28.632,260.579,-12.0061],"carpPosition":[-57.1044,288.98,71.4025],"dipPosition":[-44.3571,277.776,-9.89996],"direction":[0.269048,-0.263623,-0.926345],"extended":false,"handId":610,"id":6100,"length":52.1025,"mcpPosition":[-57.1044,288.98,71.4025],"pipPosition":[-53.528,286.762,21.6759],"stabilizedTipPosition":[-34.4344,253.986,-41.2545],"timeVisible":1.91603,"tipPosition":[-31.5053,264.725,-11.3682],"tipVelocity":[-12.4001,148.4,381.136],"tool":false,"touchDistance":0.394815,"touchZone":"hovering","type":0,"width":20.2446},{"bases":[[[0.845346,-0.510181,0.158451],[0.433544,0.828467,0.354517],[-0.312139,-0.230994,0.921526]],[[0.754001,-0.548947,0.360749],[0.485362,0.835646,0.257137],[-0.442614,-0.0187881,0.896516]],[[0.754001,-0.548947,0.360749],[0.635914,0.747634,-0.19146],[-0.164607,0.373767,0.9128]],[[0.754001,-0.548947,0.360749],[0.65202,0.558825,-0.512429],[0.0797005,0.621588,0.779279]]],"btipPosition":[6.6227,300.731,-67.0735],"carpPosition":[-37.962,302.584,74.5787],"dipPosition":[7.98407,311.349,-53.7626],"direction":[0.164607,-0.373767,-0.9128],"extended":true,"handId":610,"id":6101,"length":58.7918,"mcpPosition":[-15.0042,319.574,6.80047],"pipPosition":[4.00651,320.38,-31.7057],"stabilizedTipPosition":[6.2767,299.651,-99.1647],"timeVisible":1.91603,"tipPosition":[8.56775,304.854,-64.0194],"tipVelocity":[-101.552,46.9748,419.896],"tool":false,"touchDistance":0.70533,"touchZone":"hovering","type":1,"width":19.3376},{"bases":[[[0.709025,-0.670406,0.218722],[0.56326,0.725015,0.396347],[-0.42429,-0.157823,0.891667]],[[0.700937,-0.67325,0.235418],[0.579134,0.344605,-0.738818],[0.416283,0.654203,0.631448]],[[0.700937,-0.67325,0.235418],[-0.0970923,-0.417075,-0.903671],[0.706584,0.610559,-0.357711]],[[0.700937,-0.67325,0.235418],[-0.42713,-0.660585,-0.617404],[0.571181,0.332207,-0.750593]]],"btipPosition":[-48.0298,253.802,8.21842],"carpPosition":[-26.7461,297.917,76.5689],"dipPosition":[-37.2991,260.043,-5.88297],"direction":[-0.706584,-0.610559,0.357711],"extended":false,"handId":610,"id":6102,"length":66.9886,"mcpPosition":[2.84794,308.925,14.3757],"pipPosition":[-17.2117,277.401,-16.0523],"stabilizedTipPosition":[-48.8168,245.469,-27.3298],"timeVisible":1.91603,"tipPosition":[-45.3055,255.468,4.91639],"tipVelocity":[-4.65764,156.784,371.203],"tool":false,"touchDistance":0.333333,"touchZone":"none","type":2,"width":18.9921},{"bases":[[[0.594367,-0.739059,0.317049],[0.598665,0.669865,0.439183],[-0.536962,-0.07123,0.840594]],[[0.572997,-0.741273,0.349556],[0.686792,0.201571,-0.698346],[0.447204,0.640222,0.624599]],[[0.572997,-0.741273,0.349556],[-0.0791283,-0.474564,-0.876657],[0.815729,0.474662,-0.330579]],[[0.572997,-0.741273,0.349556],[-0.45744,-0.643169,-0.61407],[0.680017,0.191959,-0.707622]]],"btipPosition":[-38.8683,249.638,20.7003],"carpPosition":[-17.2257,290.506,78.8675],"dipPosition":[-26.1662,253.224,7.48257],"direction":[-0.815729,-0.474662,0.330579],"extended":false,"handId":610,"id":6103,"length":64.4113,"mcpPosition":[16.4007,294.966,26.2267],"pipPosition":[-3.57493,266.369,-1.6727],"stabilizedTipPosition":[-38.1582,240.079,-16.4112],"timeVisible":1.91603,"tipPosition":[-35.7231,250.692,17.8023],"tipVelocity":[-2.72177,151.434,347.799],"tool":false,"touchDistance":0.333333,"touchZone":"none","type":3,"width":18.0722},{"bases":[[[0.421083,-0.842789,0.335255],[0.634015,0.537817,0.555677],[-0.648624,-0.0214296,0.760807]],[[0.455016,-0.840453,0.294277],[0.72792,0.1607,-0.666565],[0.512926,0.517508,0.684903]],[[0.455016,-0.840453,0.294277],[-0.13118,-0.390127,-0.911369],[0.880768,0.376084,-0.287765]],[[0.455016,-0.840453,0.294277],[-0.525951,-0.520317,-0.672789],[0.718565,0.151355,-0.67879]]],"btipPosition":[-22.2548,250.341,29.7217],"carpPosition":[-12.1189,277.354,80.7127],"dipPosition":[-9.87234,252.949,18.0246],"direction":[-0.880768,-0.376084,0.287765],"extended":false,"handId":610,"id":6104,"length":50.4973,"mcpPosition":[25.4817,278.596,36.609],"pipPosition":[7.34983,260.303,12.3978],"stabilizedTipPosition":[-20.8075,239.466,-8.92621],"timeVisible":1.91603,"tipPosition":[-18.9762,250.957,26.6691],"tipVelocity":[-14.7096,165.797,390.219],"tool":false,"touchDistance":0.333333,"touchZone":"none","type":4,"width":16.0532}],"r":[[0.973309,0.1889,0.130334],[-0.153152,0.957569,-0.244142],[-0.170922,0.217665,0.960941]],"s":0.988338,"t":[-4.51767,-60.736,-56.5187],"timestamp":522862030691},false],[5,{"currentFrameRate":105.71,"devices":[],"gestures":[],"hands":[{"armBasis":[[0.769508,-0.637077,-0.0446018],[0.633621,0.752864,0.178101],[-0.0798852,-0.165311,0.983001]],"armWidth":63.703,"confidence":0.596842,"direction":[0.461018,0.305979,-0.83297],"elbow":[-28.0242,270.564,351.03],"grabStrength":0,"id":611,"palmNormal":[-0.497255,-0.688381,-0.52808],"palmPosition":[10.6787,333.744,37.1823],"palmVelocity":[58.436,-76.1319,-247.14],"palmWidth":90.9658,"pinchStrength":1,"r":[[0.99872,-0.0498689,0.00841827],[0.0498714,0.998756,-0.0000848368],[-0.00840356,0.000504559,0.999965]],"s":1.03845,"sphereCenter":[4.37285,302.708,0.835733],"sphereRadius":46.3158,"stabilizedPalmPosition":[-0.708381,348.524,82.3591],"t":[11.2337,-14.667,-44.148],"timeVisible":0.153723,"type":"right","wrist":[-6.46097,315.187,85.6904]}],"id":4210172,"interactionBox":{"center":[0,200,0],"size":[235.247,235.247,147.751]},"pointables":[{"bases":[[[0.830473,0.410776,0.376268],[-0.549049,0.717716,0.428286],[-0.0941241,-0.56227,0.82158]],[[0.7991,0.600948,0.0173594],[-0.600554,0.799247,-0.0232431],[-0.0278423,0.0081483,0.999579]],[[0.7991,0.600948,0.0173594],[-0.576742,0.774425,-0.260067],[-0.16973,0.197807,0.965435]],[[0.7991,0.600948,0.0173594],[-0.415674,0.573134,-0.70621],[-0.434345,0.557116,0.70779]]],"btipPosition":[-17.0169,305.266,-21.2222],"carpPosition":[-34.3544,325.451,78.1298],"dipPosition":[-27.1795,318.301,-4.66179],"direction":[0.16973,-0.197807,-0.965435],"extended":false,"handId":611,"id":6110,"length":52.1025,"mcpPosition":[-34.3544,325.451,78.1298],"pipPosition":[-32.965,325.044,28.2465],"stabilizedTipPosition":[-35.9155,324.356,19.9444],"timeVisible":0.153723,"tipPosition":[-20.511,309.269,-18.0294],"tipVelocity":[105.853,-101.709,-225.743],"tool":false,"touchDistance":0.297901,"touchZone":"hovering","type":0,"width":20.2446},{"bases":[[[0.801954,-0.596942,0.023004],[0.540865,0.74189,0.396313],[-0.253643,-0.305383,0.917827]],[[0.730128,-0.648043,0.216687],[0.567023,0.751563,0.337101],[-0.38131,-0.123261,0.916193]],[[0.730128,-0.648043,0.216687],[0.644148,0.758572,0.098189],[-0.228003,0.0678879,0.971291]],[[0.730128,-0.648043,0.216687],[0.676342,0.730556,-0.094074],[-0.0973379,0.21524,0.971698]]],"btipPosition":[28.4292,359.316,-66.0513],"carpPosition":[-13.7759,336.878,80.8741],"dipPosition":[26.7666,362.992,-49.4537],"direction":[0.228003,-0.0678879,-0.971291],"extended":true,"handId":611,"id":6111,"length":58.7918,"mcpPosition":[4.87953,359.339,13.3679],"pipPosition":[21.2571,364.633,-25.9835],"stabilizedTipPosition":[18.3282,378.15,-18.9809],"timeVisible":0.153723,"tipPosition":[28.7915,361.058,-62.0763],"tipVelocity":[27.7441,-88.912,-242.514],"tool":false,"touchDistance":0.331773,"touchZone":"hovering","type":1,"width":19.3376},{"bases":[[[0.65628,-0.750382,0.0788932],[0.662958,0.623405,0.414552],[-0.360254,-0.219759,0.9066]],[[0.649812,-0.754148,0.0949003],[0.603182,0.435659,-0.668111],[0.46251,0.491389,0.737985]],[[0.649812,-0.754148,0.0949003],[-0.161988,-0.259386,-0.952092],[0.742634,0.603308,-0.290715]],[[0.649812,-0.754148,0.0949003],[-0.532984,-0.541102,-0.650489],[0.541916,0.372115,-0.753563]]],"btipPosition":[-31.3931,298.558,4.91354],"carpPosition":[-2.94019,331.051,81.2881],"dipPosition":[-21.2121,305.549,-9.24364],"direction":[-0.742634,-0.603308,0.290715],"extended":false,"handId":611,"id":6112,"length":66.9886,"mcpPosition":[22.1873,346.379,18.0534],"pipPosition":[-0.0999009,322.7,-17.5083],"stabilizedTipPosition":[-32.546,316.559,32.343],"timeVisible":0.153723,"tipPosition":[-28.2013,300.632,-0.413938],"tipVelocity":[21.7488,-92.631,-116.715],"tool":false,"touchDistance":0.333333,"touchZone":"none","type":2,"width":18.9921},{"bases":[[[0.544256,-0.819388,0.17997],[0.69633,0.560877,0.447818],[-0.467878,-0.118409,0.875825]],[[0.526407,-0.823238,0.212547],[0.671505,0.249213,-0.697835],[0.521515,0.510071,0.683995]],[[0.526407,-0.823238,0.212547],[-0.208802,-0.367503,-0.90628],[0.824195,0.432691,-0.36535]],[[0.526407,-0.823238,0.212547],[-0.605164,-0.538376,-0.586453],[0.597221,0.180087,-0.781599]]],"btipPosition":[-22.0033,291.906,21.2001],"carpPosition":[5.97277,322.621,81.8819],"dipPosition":[-10.8478,295.27,6.60057],"direction":[-0.824195,-0.432691,0.36535],"extended":false,"handId":611,"id":6113,"length":64.4113,"mcpPosition":[35.2728,330.037,27.0348],"pipPosition":[11.978,307.253,-3.51765],"stabilizedTipPosition":[-22.2855,306.529,48.7965],"timeVisible":0.153723,"tipPosition":[-18.6243,292.721,15.9657],"tipVelocity":[33.8865,-72.4179,-167.786],"tool":false,"touchDistance":0.333333,"touchZone":"none","type":3,"width":18.0722},{"bases":[[[0.363861,-0.908919,0.203645],[0.728415,0.413925,0.545964],[-0.580531,-0.0503169,0.812682]],[[0.404243,-0.903036,0.145307],[0.724038,0.218862,-0.654116],[0.558888,0.36963,0.742306]],[[0.404243,-0.903036,0.145307],[-0.221898,-0.250945,-0.942225],[0.887327,0.348645,-0.301825]],[[0.404243,-0.903036,0.145307],[-0.642088,-0.393316,-0.658047],[0.651391,0.172711,-0.738824]]],"btipPosition":[-4.76784,289.006,27.1289],"carpPosition":[9.91082,308.949,81.8469],"dipPosition":[6.45707,291.982,14.3974],"direction":[-0.887327,-0.348645,0.301825],"extended":false,"handId":611,"id":6114,"length":50.4973,"mcpPosition":[43.5641,311.866,34.7359],"pipPosition":[23.8075,298.799,8.49561],"stabilizedTipPosition":[-4.27482,304.221,54.1505],"timeVisible":0.153723,"tipPosition":[-1.31696,289.742,22.4787],"tipVelocity":[35.3493,-69.459,-185.853],"tool":false,"touchDistance":0.333333,"touchZone":"none","type":4,"width":16.0532}],"r":[[0.99872,-0.0498689,0.00841827],[0.0498714,0.998756,-0.0000848368],[-0.00840356,0.000504559,0.999965]],"s":1.03845,"t":[11.2337,-14.667,-44.148],"timestamp":522863686070},false],[6,{"currentFrameRate":105.937,"devices":[],"gestures":[],"hands":[{"armBasis":[[0.775657,-0.629323,-0.0480514],[0.626269,0.757962,0.18243],[-0.0783867,-0.171596,0.982044]],"armWidth":63.703,"confidence":0.612251,"direction":[0.459767,0.306643,-0.833417],"elbow":[-27.0408,268.62,349.433],"grabStrength":0,"id":611,"palmNormal":[-0.491479,-0.693794,-0.526402],"palmPosition":[11.1795,333.462,35.8031],"palmVelocity":[57.634,-63.7758,-221.216],"palmWidth":90.9658,"pinchStrength":1,"r":[[0.998779,-0.0486158,0.00873352],[0.0486077,0.998817,0.00113603],[-0.00877842,-0.000710125,0.999961]],"s":1.04003,"sphereCenter":[5.07184,302.234,-0.380591],"sphereRadius":46.2636,"stabilizedPalmPosition":[-0.686477,348.496,82.2734],"t":[11.675,-15.0078,-45.8087],"timeVisible":0.162743,"type":"right","wrist":[-5.88208,314.938,84.3515]}],"id":4210173,"interactionBox":{"center":[0,200,0],"size":[235.247,235.247,147.751]},"pointables":[{"bases":[[[0.826935,0.41817,0.375915],[-0.55489,0.715029,0.425241],[-0.0909669,-0.560238,0.823322]],[[0.794748,0.606704,0.0168994],[-0.606181,0.794839,-0.027859],[-0.0303345,0.0118968,0.999469]],[[0.794748,0.606704,0.0168994],[-0.58169,0.769338,-0.264113],[-0.17324,0.200073,0.964344]],[[0.794748,0.606704,0.0168994],[-0.41626,0.565118,-0.712299],[-0.441705,0.559064,0.701673]]],"btipPosition":[-16.0878,304.476,-22.4431],"carpPosition":[-33.8415,324.97,76.7231],"dipPosition":[-26.4226,317.557,-6.0258],"direction":[0.17324,-0.200073,-0.964344],"extended":false,"handId":611,"id":6110,"length":52.1025,"mcpPosition":[-33.8415,324.97,76.7231],"pipPosition":[-32.3277,324.376,26.8453],"stabilizedTipPosition":[-35.6867,324.135,19.4383],"timeVisible":0.162743,"tipPosition":[-19.6023,308.451,-19.2753],"tipVelocity":[103.861,-97.5143,-201.881],"tool":false,"touchDistance":0.277004,"touchZone":"hovering","type":0,"width":20.2446},{"bases":[[[0.806333,-0.590892,0.0259535],[0.534853,0.74719,0.394512],[-0.252507,-0.304227,0.918524]],[[0.734493,-0.641949,0.220048],[0.562416,0.757288,0.33197],[-0.379747,-0.120071,0.917265]],[[0.734493,-0.641949,0.220048],[0.641418,0.762604,0.0837805],[-0.221592,0.0796062,0.971885]],[[0.734493,-0.641949,0.220048],[0.673043,0.730572,-0.11523],[-0.0867888,0.232737,0.968659]]],"btipPosition":[28.3675,358.193,-67.5306],"carpPosition":[-13.3518,336.559,79.4545],"dipPosition":[26.8851,362.168,-50.9849],"direction":[0.221592,-0.0796062,-0.971885],"extended":true,"handId":611,"id":6111,"length":58.7918,"mcpPosition":[5.22006,358.935,11.8971],"pipPosition":[21.5306,364.092,-27.5003],"stabilizedTipPosition":[18.3616,378.084,-19.1353],"timeVisible":0.162743,"tipPosition":[28.8238,360.096,-63.5602],"tipVelocity":[19.4942,-96.6085,-221.279],"tool":false,"touchDistance":0.332013,"touchZone":"hovering","type":1,"width":19.3376},{"bases":[[[0.661732,-0.745224,0.0821733],[0.6578,0.629675,0.413291],[-0.359737,-0.219434,0.906884]],[[0.655337,-0.748949,0.0980278],[0.596428,0.433456,-0.675566],[0.463474,0.50119,0.730754]],[[0.655337,-0.748949,0.0980278],[-0.166852,-0.270112,-0.948261],[0.736678,0.605074,-0.301978]],[[0.655337,-0.748949,0.0980278],[-0.532878,-0.550398,-0.642732],[0.535327,0.368969,-0.759794]]],"btipPosition":[-30.716,297.835,4.29234],"carpPosition":[-2.47367,330.814,79.9011],"dipPosition":[-20.6588,304.767,-9.9819],"direction":[-0.736678,-0.605074,0.301978],"extended":false,"handId":611,"id":6112,"length":66.9886,"mcpPosition":[22.6177,346.119,16.6464],"pipPosition":[0.284077,321.968,-18.5668],"stabilizedTipPosition":[-32.5239,316.468,32.176],"timeVisible":0.162743,"tipPosition":[-27.6088,299.854,-1.01754],"tipVelocity":[35.5472,-89.6158,-104.374],"tool":false,"touchDistance":0.333333,"touchZone":"none","type":2,"width":18.9921},{"bases":[[[0.550098,-0.814726,0.183342],[0.691594,0.567507,0.446804],[-0.468071,-0.118988,0.875643]],[[0.532226,-0.818602,0.215929],[0.666488,0.247863,-0.703106],[0.522043,0.518126,0.677508]],[[0.532226,-0.818602,0.215929],[-0.211041,-0.375288,-0.902563],[0.819876,0.434798,-0.372497]],[[0.532226,-0.818602,0.215929],[-0.60337,-0.545684,-0.581528],[0.593869,0.179219,-0.784347]]],"btipPosition":[-21.3045,291.372,20.4021],"carpPosition":[6.50085,322.453,80.5335],"dipPosition":[-10.2116,294.719,5.75131],"direction":[-0.819876,-0.434798,0.372497],"extended":false,"handId":611,"id":6113,"length":64.4113,"mcpPosition":[35.813,329.904,25.6979],"pipPosition":[12.4945,306.761,-4.56485],"stabilizedTipPosition":[-22.2803,306.508,48.7493],"timeVisible":0.162743,"tipPosition":[-17.9711,292.171,15.1976],"tipVelocity":[45.4376,-68.9031,-146.324],"tool":false,"touchDistance":0.333333,"touchZone":"none","type":3,"width"