{"sensorType":"Leap","data":[[0,{"currentFrameRate":99.4119,"devices":[],"gestures":[],"hands":[{"armBasis":[[0.747274,-0.660643,-0.0716413],[0.662204,0.731349,0.163137],[-0.0553807,-0.16935,0.983999]],"armWidth":63.703,"confidence":0.833351,"direction":[0.560527,0.306023,-0.769519],"elbow":[-20.3955,257.693,350.13],"grabStrength":0,"id":606,"palmNormal":[-0.451961,-0.665588,-0.593905],"palmPosition":[17.5735,322.238,38.6239],"palmVelocity":[81.253,-57.1554,-182.462],"palmWidth":90.9658,"pinchStrength":0.813747,"r":[[0.964122,0.124445,0.234483],[-0.120643,0.992226,-0.0305478],[-0.236462,0.00116314,0.97164]],"s":0.92829,"sphereCenter":[9.05316,295.765,0.928955],"sphereRadius":42.8786,"stabilizedPalmPosition":[-53.1022,344.082,194.625],"t":[108.329,-24.7494,-234.79],"timeVisible":0.49555,"type":"right","wrist":[-5.44667,303.405,84.521]}],"id":4208779,"interactionBox":{"center":[0,200,0],"size":[235.247,235.247,147.751]},"pointables":[{"bases":[[[0.792859,0.381126,0.475518],[-0.575103,0.726048,0.376977],[-0.201573,-0.572361,0.79484]],[[0.798775,0.597879,0.0670831],[-0.586647,0.798754,-0.133558],[-0.133434,0.0673284,0.988768]],[[0.798775,0.597879,0.0670831],[-0.572268,0.789461,-0.221948],[-0.185658,0.138897,0.972748]],[[0.798775,0.597879,0.0670831],[-0.302407,0.49539,-0.814333],[-0.520105,0.630182,0.576507]]],"btipPosition":[-6.86505,291.732,-21.9401],"carpPosition":[-32.0215,314.572,74.05],"dipPosition":[-19.0341,306.477,-8.45136],"direction":[0.185658,-0.138897,-0.972748],"extended":false,"handId":606,"id":6060,"length":52.1025,"mcpPosition":[-32.0215,314.572,74.05],"pipPosition":[-25.3626,311.212,24.7062],"stabilizedTipPosition":[-71.5525,318.441,108.797],"timeVisible":0.49555,"tipPosition":[-9.80066,295.426,-19.4252],"tipVelocity":[88.9918,-55.9689,-175.269],"tool":false,"touchDistance":-0.572394,"touchZone":"hovering","type":0,"width":20.2446},{"bases":[[[0.778194,-0.619647,0.102234],[0.511645,0.719929,0.468957],[-0.364189,-0.312632,0.877284]],[[0.7095,-0.661857,0.24198],[0.650188,0.747239,0.137436],[-0.27178,0.0598212,0.960498]],[[0.7095,-0.661857,0.24198],[0.692804,0.717948,-0.0676305],[-0.128967,0.215628,0.967921]],[[0.7095,-0.661857,0.24198],[0.70429,0.677748,-0.211265],[-0.0241742,0.320316,0.947002]]],"btipPosition":[30.3937,335.111,-66.0224],"carpPosition":[-11.5949,325.368,79.3207],"dipPosition":[29.9808,340.582,-49.8467],"direction":[0.128967,-0.215628,-0.967921],"extended":true,"handId":606,"id":6061,"length":58.7918,"mcpPosition":[15.1912,348.362,14.7965],"pipPosition":[26.8644,345.792,-26.4578],"stabilizedTipPosition":[-27.8644,359.025,51.7926],"timeVisible":0.49555,"tipPosition":[30.0879,335.833,-62.0944],"tipVelocity":[91.8466,-36.5892,-182.722],"tool":false,"touchDistance":-0.254127,"touchZone":"hovering","type":1,"width":19.3376},{"bases":[[[0.623134,-0.769779,0.138364],[0.627722,0.597768,0.498636],[-0.466549,-0.223863,0.855697]],[[0.614851,-0.773588,0.153358],[0.634938,0.370228,-0.678074],[0.467773,0.514288,0.718816]],[[0.614851,-0.773588,0.153358],[-0.251961,-0.376954,-0.891303],[0.747311,0.509379,-0.426685]],[[0.614851,-0.773588,0.153358],[-0.623912,-0.596079,-0.505395],[0.482382,0.215061,-0.849151]]],"btipPosition":[-21.3401,291.542,14.6079],"carpPosition":[-1.03317,319.231,80.8471],"dipPosition":[-12.2776,295.582,-1.34506],"direction":[-0.747311,-0.509379,0.426685],"extended":false,"handId":606,"id":6062,"length":66.9886,"mcpPosition":[31.5084,334.846,21.1628],"pipPosition":[8.96754,310.063,-13.4752],"stabilizedTipPosition":[-92.2758,317.592,168.801],"timeVisible":0.49555,"tipPosition":[-19.2681,292.531,11.368],"tipVelocity":[83.1912,-55.6261,-189.901],"tool":false,"touchDistance":0.333333,"touchZone":"none","type":2,"width":18.9921},{"bases":[[[0.498581,-0.837189,0.224793],[0.655446,0.533802,0.534271],[-0.567281,-0.119037,0.814876]],[[0.479309,-0.840705,0.251949],[0.743274,0.236184,-0.625908],[0.466697,0.48727,0.73808]],[[0.479309,-0.840705,0.251949],[-0.220243,-0.393106,-0.892727],[0.849562,0.372402,-0.373578]],[[0.479309,-0.840705,0.251949],[-0.653934,-0.533565,-0.536357],[0.585349,0.0923227,-0.805508]]],"btipPosition":[-12.2532,284.196,23.6788],"carpPosition":[7.53016,310.545,82.2852],"dipPosition":[-1.31941,285.921,8.63274],"direction":[-0.849562,-0.372402,0.373578],"extended":false,"handId":606,"id":6063,"length":64.4113,"mcpPosition":[43.0552,318,31.255],"pipPosition":[22.2089,296.234,-1.71336],"stabilizedTipPosition":[-85.5919,309.725,187.451],"timeVisible":0.49555,"tipPosition":[-9.80579,284.681,21.0492],"tipVelocity":[82.6294,-55.5305,-189.294],"tool":false,"touchDistance":0.333333,"touchZone":"none","type":3,"width":18.0722},{"bases":[[[0.314375,-0.921954,0.226208],[0.672304,0.384463,0.63261],[-0.670206,-0.0467963,0.740699]],[[0.342479,-0.919144,0.194632],[0.786265,0.166996,-0.594895],[0.514291,0.356772,0.779884]],[[0.342479,-0.919144,0.194632],[-0.255595,-0.290496,-0.922108],[0.90409,0.266056,-0.334418]],[[0.342479,-0.919144,0.194632],[-0.702404,-0.38807,-0.596682],[0.623968,0.0676405,-0.778517]]],"btipPosition":[3.32724,280.502,31.8841],"carpPosition":[11.0862,296.769,82.4363],"dipPosition":[14.0796,281.668,18.4686],"direction":[-0.90409,-0.266056,0.334418],"extended":false,"handId":606,"id":6064,"length":50.4973,"mcpPosition":[49.9379,299.482,39.4982],"pipPosition":[31.7578,286.87,11.9295],"stabilizedTipPosition":[-65.6172,303.55,185.047],"timeVisible":0.49555,"tipPosition":[6.13449,280.568,29.0427],"tipVelocity":[79.064,-52.9148,-185.655],"tool":false,"touchDistance":0.333333,"touchZone":"none","type":4,"width":16.0532}],"r":[[0.964122,0.124445,0.234483],[-0.120643,0.992226,-0.0305478],[-0.236462,0.00116314,0.97164]],"s":0.92829,"t":[108.329,-24.7494,-234.79],"timestamp":522848212618},false],[1,{"currentFrameRate":99.8103,"devices":[],"gestures":[],"hands":[{"armBasis":[[0.743134,-0.66604,-0.0643572],[0.666304,0.727701,0.162758],[-0.0615708,-0.163833,0.984565]],"armWidth":63.703,"confidence":0.837314,"direction":[0.557451,0.303932,-0.772576],"elbow":[-20.6857,258.498,348.571],"grabStrength":0,"id":606,"palmNormal":[-0.459163,-0.66243,-0.591909],"palmPosition":[18.7742,321.486,36.7943],"palmVelocity":[94.9253,-63.9677,-186.832],"palmWidth":90.9658,"pinchStrength":0.815232,"r":[[0.964469,0.123262,0.23368],[-0.119603,0.992374,-0.0298202],[-0.235574,0.000811754,0.971856]],"s":0.928285,"sphereCenter":[9.94519,295.021,-0.873116],"sphereRadius":42.9201,"stabilizedPalmPosition":[-52.628,343.933,193.584],"t":[109.265,-25.3849,-236.399],"timeVisible":0.504789,"type":"right","wrist":[-4.06604,302.721,82.8093]}],"id":4208780,"interactionBox":{"center":[0,200,0],"size":[235.247,235.247,147.751]},"pointables":[{"bases":[[[0.797793,0.376281,0.471103],[-0.568867,0.728675,0.381343],[-0.199789,-0.572228,0.795386]],[[0.802417,0.59342,0.0630897],[-0.5833,0.802248,-0.127117],[-0.126047,0.0652003,0.989879]],[[0.802417,0.59342,0.0630897],[-0.56923,0.792847,-0.217648],[-0.179177,0.138732,0.973986]],[[0.802417,0.59342,0.0630897],[-0.302747,0.495901,-0.813896],[-0.514268,0.633983,0.577576]]],"btipPosition":[-6.21356,291.227,-23.5985],"carpPosition":[-30.6439,314.043,72.5143],"dipPosition":[-18.2461,306.061,-10.0847],"direction":[0.179177,-0.138732,-0.973986],"extended":false,"handId":606,"id":6060,"length":52.1025,"mcpPosition":[-30.6439,314.043,72.5143],"pipPosition":[-24.3536,310.79,23.1151],"stabilizedTipPosition":[-70.7915,318.151,107.224],"timeVisible":0.504789,"tipPosition":[-9.10699,294.912,-21.0684],"tipVelocity":[84.7592,-54.9863,-176.281],"tool":false,"touchDistance":-0.568277,"touchZone":"hovering","type":0,"width":20.2446},{"bases":[[[0.775455,-0.623947,0.0967401],[0.518374,0.7166,0.466662],[-0.360496,-0.311728,0.879129]],[[0.70744,-0.665935,0.236769],[0.654813,0.743632,0.135025],[-0.265986,0.0595174,0.962138]],[[0.70744,-0.665935,0.236769],[0.695864,0.714907,-0.0684235],[-0.123702,0.213164,0.969154]],[[0.70744,-0.665935,0.236769],[0.706505,0.675538,-0.210946],[-0.0194699,0.31651,0.948389]]],"btipPosition":[31.133,334.537,-67.9302],"carpPosition":[-10.1276,324.723,77.6726],"dipPosition":[30.8004,339.944,-51.7307],"direction":[0.123702,-0.213164,-0.969154],"extended":true,"handId":606,"id":6061,"length":58.7918,"mcpPosition":[16.3869,347.651,13.0126],"pipPosition":[27.8113,345.094,-28.3121],"stabilizedTipPosition":[-27.2423,358.779,50.5677],"timeVisible":0.504789,"tipPosition":[30.8185,335.234,-64.0013],"tipVelocity":[89.0876,-44.1966,-189.228],"tool":false,"touchDistance":-0.285582,"touchZone":"hovering","type":1,"width":19.3376},{"bases":[[[0.619813,-0.773286,0.133643],[0.633971,0.59378,0.495486],[-0.462507,-0.222383,0.858273]],[[0.611594,-0.777073,0.148698],[0.632899,0.367746,-0.681324],[0.474755,0.510804,0.716719]],[[0.611594,-0.777073,0.148698],[-0.259147,-0.374334,-0.890346],[0.747527,0.505996,-0.430316]],[[0.611594,-0.777073,0.148698],[-0.630027,-0.59203,-0.50256],[0.478559,0.213679,-0.851659]]],"btipPosition":[-20.4496,291.026,12.9596],"carpPosition":[0.41009,318.528,79.1271],"dipPosition":[-11.4589,295.04,-3.04054],"direction":[-0.747527,-0.505996,0.430316],"extended":false,"handId":606,"id":6062,"length":66.9886,"mcpPosition":[32.6697,334.039,19.263],"pipPosition":[9.79238,309.425,-15.2739],"stabilizedTipPosition":[-91.8431,317.441,167.867],"timeVisible":0.504789,"tipPosition":[-18.3916,292.008,9.7081],"tipVelocity":[86.3938,-55.8791,-187.005],"tool":false,"touchDistance":0.333333,"touchZone":"none","type":2,"width":18.9921},{"bases":[[[0.495429,-0.84013,0.220754],[0.661567,0.529623,0.530876],[-0.562921,-0.116968,0.818192]],[[0.476221,-0.843588,0.24814],[0.740754,0.232813,-0.630145],[0.473812,0.483899,0.735761]],[[0.476221,-0.843588,0.24814],[-0.227748,-0.390894,-0.891814],[0.84932,0.368187,-0.378277]],[[0.476221,-0.843588,0.24814],[-0.66004,-0.529388,-0.533007],[0.581,0.0900465,-0.808907]]],"btipPosition":[-11.3511,283.626,21.9856],"carpPosition":[8.93514,309.794,80.5025],"dipPosition":[-0.498599,285.308,6.87605],"direction":[-0.84932,-0.368187,0.378277],"extended":false,"handId":606,"id":6063,"length":64.4113,"mcpPosition":[44.1871,317.119,29.2645],"pipPosition":[23.023,295.505,-3.60019],"stabilizedTipPosition":[-85.1663,309.583,186.514],"timeVisible":0.504789,"tipPosition":[-8.91515,284.099,19.3346],"tipVelocity":[86.274,-57.5742,-188.045],"tool":false,"touchDistance":0.333333,"touchZone":"none","type":3,"width":18.0722},{"bases":[[[0.310781,-0.923904,0.223196],[0.678221,0.380076,0.628934],[-0.665906,-0.0440849,0.744732]],[[0.338103,-0.921284,0.19215],[0.783816,0.162657,-0.599312],[0.520882,0.35324,0.777112]],[[0.338103,-0.921284,0.19215],[-0.26244,-0.288373,-0.920851],[0.903776,0.260915,-0.339282]],[[0.338103,-0.921284,0.19215],[-0.707932,-0.383504,-0.593091],[0.620096,0.0644967,-0.781871]]],"btipPosition":[4.24947,279.854,30.0805],"carpPosition":[12.4178,295.999,80.6157],"dipPosition":[14.9351,280.966,16.6072],"direction":[-0.903776,-0.260915,0.339282],"extended":false,"handId":606,"id":6064,"length":50.4973,"mcpPosition":[51.0202,298.555,37.4438],"pipPosition":[32.6071,286.068,9.97301],"stabilizedTipPosition":[-65.2654,303.436,184.279],"timeVisible":0.504789,"tipPosition":[7.0388,279.904,27.2224],"tipVelocity":[84.4243,-58.113,-188.743],"tool":false,"touchDistance":0.333333,"touchZone":"none","type":4,"width":16.0532}],"r":[[0.964469,0.123262,0.23368],[-0.119603,0.992374,-0.0298202],[-0.235574,0.000811754,0.971856]],"s":0.928285,"t":[109.265,-25.3849,-236.399],"timestamp":522848221857},false],[2,{"currentFrameRate":100.368,"devices":[],"gestures":[],"hands":[{"armBasis":[[0.742244,-0.667602,-0.0581602],[0.666378,0.726131,0.169337],[-0.0708175,-0.164446,0.983841]],"armWidth":63.703,"confidence":0.838757,"direction":[0.553217,0.300987,-0.776761],"elbow":[-21.6307,257.911,346.559],"grabStrength":0,"id":606,"palmNormal":[-0.46542,-0.661665,-0.587864],"palmPosition":[20.0755,320.924,34.7978],"palmVelocity":[108.949,-63.7838,-197.167],"palmWidth":90.9658,"pinchStrength":0.816463,"r":[[0.965143,0.121723,0.231693],[-0.118136,0.992564,-0.0293498],[-0.233543,0.00095549,0.972346]],"s":0.928505,"sphereCenter":[10.9248,294.424,-2.77641],"sphereRadius":42.9474,"stabilizedPalmPosition":[-52.1314,343.775,192.499],"t":[110.383,-25.9836,-238.201],"timeVisible":0.513666,"type":"right","wrist":[-2.51503,302.3,80.9926]}],"id":4208781,"interactionBox":{"center":[0,200,0],"size":[235.247,235.247,147.751]},"pointables":[{"bases":[[[0.802249,0.374202,0.465156],[-0.563787,0.731122,0.384193],[-0.19632,-0.570467,0.797512]],[[0.804904,0.590646,0.0571583],[-0.581437,0.804251,-0.122928],[-0.118576,0.0657109,0.990768]],[[0.804904,0.590646,0.0571583],[-0.567743,0.794535,-0.215366],[-0.17262,0.140898,0.974859]],[[0.804904,0.590646,0.0571583],[-0.30482,0.494183,-0.814167],[-0.509131,0.637903,0.577811]]],"btipPosition":[-5.40985,290.691,-25.3297],"carpPosition":[-29.1236,313.698,70.8627],"dipPosition":[-17.3222,305.616,-11.8104],"direction":[0.17262,-0.140898,-0.974859],"extended":false,"handId":606,"id":6060,"length":52.1025,"mcpPosition":[-29.1236,313.698,70.8627],"pipPosition":[-23.2062,310.419,21.4192],"stabilizedTipPosition":[-70.0962,317.885,105.788],"timeVisible":0.513666,"tipPosition":[-8.27896,294.376,-22.7933],"tipVelocity":[87.1729,-55.8138,-181.328],"tool":false,"touchDistance":-0.565732,"touchZone":"hovering","type":0,"width":20.2446},{"bases":[[[0.773973,-0.626451,0.0923314],[0.523962,0.715463,0.462143],[-0.35557,-0.309308,0.881986]],[[0.706859,-0.667978,0.232714],[0.657917,0.74169,0.130541],[-0.2598,0.0608325,0.963744]],[[0.706859,-0.667978,0.232714],[0.697358,0.713192,-0.0710591],[-0.118504,0.212514,0.969946]],[[0.706859,-0.667978,0.232714],[0.707193,0.6744,-0.21228],[-0.0151439,0.314626,0.949095]]],"btipPosition":[31.8964,333.943,-70.0462],"carpPosition":[-8.53663,324.315,75.8669],"dipPosition":[31.6377,339.317,-53.8347],"direction":[0.118504,-0.212514,-0.969946],"extended":true,"handId":606,"id":6061,"length":58.7918,"mcpPosition":[17.6155,347.065,10.9968],"pipPosition":[28.7742,344.452,-30.3969],"stabilizedTipPosition":[-26.6909,358.559,49.4768],"timeVisible":0.513666,"tipPosition":[31.5689,334.615,-66.1172],"tipVelocity":[88.7689,-50.6087,-202.48],"tool":false,"touchDistance":-0.317056,"touchZone":"hovering","type":1,"width":19.3376},{"bases":[[[0.618079,-0.775209,0.130496],[0.639334,0.59229,0.490351],[-0.457416,-0.219645,0.8617]],[[0.609942,-0.778951,0.145625],[0.62962,0.364775,-0.685943],[0.481195,0.510074,0.712935]],[[0.609942,-0.778951,0.145625],[-0.266202,-0.374493,-0.888196],[0.746396,0.502982,-0.435777]],[[0.609942,-0.778951,0.145625],[-0.635287,-0.590497,-0.497719],[0.47369,0.211066,-0.855026]]],"btipPosition":[-19.4119,290.563,11.2527],"carpPosition":[1.9896,318.086,77.2583],"dipPosition":[-10.5127,294.528,-4.8107],"direction":[-0.746396,-0.502982,0.435777],"extended":false,"handId":606,"id":6062,"length":66.9886,"mcpPosition":[33.8941,333.406,17.1552],"pipPosition":[10.7065,308.827,-17.1993],"stabilizedTipPosition":[-91.4106,317.291,166.936],"timeVisible":0.513666,"tipPosition":[-17.3723,291.534,7.98557],"tipVelocity":[94.0294,-55.2141,-188.883],"tool":false,"touchDistance":0.333333,"touchZone":"none","type":2,"width":18.9921},{"bases":[[[0.494064,-0.841511,0.218541],[0.666952,0.528087,0.525641],[-0.557741,-0.113944,0.822157]],[[0.474737,-0.84491,0.246479],[0.737102,0.228649,-0.635925],[0.480942,0.483577,0.731333]],[[0.474737,-0.84491,0.246479],[-0.23554,-0.391799,-0.88939],[0.848024,0.364171,-0.385012]],[[0.474737,-0.84491,0.246479],[-0.66565,-0.527893,-0.527484],[0.575791,0.0863479,-0.813025]]],"btipPosition":[-10.3018,283.162,20.2839],"carpPosition":[10.4941,309.325,78.5878],"dipPosition":[0.453438,284.775,5.0974],"direction":[-0.848024,-0.364171,0.385012],"extended":false,"handId":606,"id":6063,"length":64.4113,"mcpPosition":[45.4217,316.461,27.1016],"pipPosition":[23.9392,294.86,-5.56535],"stabilizedTipPosition":[-84.7377,309.439,185.574],"timeVisible":0.513666,"tipPosition":[-7.87142,283.613,17.5763],"tipVelocity":[94.2568,-56.6136,-189.578],"tool":false,"touchDistance":0.333333,"touchZone":"none","type":3,"width":18.0722},{"bases":[[[0.309154,-0.924653,0.222353],[0.683765,0.378618,0.62379],[-0.660976,-0.0408099,0.749297]],[[0.335659,-0.922243,0.191837],[0.780418,0.158212,-0.60491],[0.527523,0.352756,0.77284]],[[0.335659,-0.922243,0.191837],[-0.2696,-0.289187,-0.918524],[0.902579,0.256591,-0.345705]],[[0.335659,-0.922243,0.191837],[-0.713178,-0.381847,-0.587852],[0.615395,0.060504,-0.785893]]],"btipPosition":[5.34612,279.354,28.2425],"carpPosition":[13.9306,295.518,78.6964],"dipPosition":[15.9507,280.397,14.6998],"direction":[-0.902579,-0.256591,0.345705],"extended":false,"handId":606,"id":6064,"length":50.4973,"mcpPosition":[52.2472,297.884,35.2598],"pipPosition":[33.5994,285.414,7.94007],"stabilizedTipPosition":[-64.909,303.32,183.502],"timeVisible":0.513666,"tipPosition":[8.11695,279.385,25.3597],"tipVelocity":[94.47,-58.1147,-194.2],"tool":false,"touchDistance":0.333333,"touchZone":"none","type":4,"width":16.0532}],"r":[[0.965143,0.121723,0.231693],[-0.118136,0.992564,-0.0293498],[-0.233543,0.00095549,0.972346]],"s":0.928505,"t":[110.383,-25.9836,-238.201],"timestamp":522848230734},false],[3,{"currentFrameRate":100.771,"devices":[],"gestures":[],"hands":[{"armBasis":[[0.744534,-0.664849,-0.0603654],[0.664824,0.730205,0.157512],[-0.0606427,-0.157406,0.98567]],"armWidth":63.703,"confidence":0.844197,"direction":[0.554864,0.306958,-0.773241],"elbow":[-18.6881,259.261,345.445],"grabStrength":0,"id":606,"palmNormal":[-0.457312,-0.663889,-0.591707],"palmPosition":[20.3645,320.65,33.3486],"palmVelocity":[87.4294,-54.3923,-186.414],"palmWidth":90.9658,"pinchStrength":0.817971,"r":[[0.965256,0.121869,0.231148],[-0.118451,0.992546,-0.0286596],[-0.232918,0.000283964,0.972496]],"s":0.928685,"sphereCenter":[11.6453,294.123,-4.33078],"sphereRadius":42.972,"stabilizedPalmPosition":[-51.635,343.617,191.41],"t":[111.087,-26.4202,-239.827],"timeVisible":0.522808,"type":"right","wrist":[-2.31892,301.749,79.3854]}],"id":4208782,"interactionBox":{"center":[0,200,0],"size":[235.247,235.247,147.751]},"pointables":[{"bases":[[[0.796961,0.379291,0.470098],[-0.57134,0.725918,0.382901],[-0.196022,-0.573743,0.795233]],[[0.800161,0.596448,0.0631796],[-0.586877,0.800321,-0.122726],[-0.123764,0.0611223,0.990427]],[[0.800161,0.596448,0.0631796],[-0.572245,0.790727,-0.217455],[-0.179658,0.137845,0.974024]],[[0.800161,0.596448,0.0631796],[-0.301843,0.491469,-0.816914],[-0.518298,0.634593,0.573288]]],"btipPosition":[-4.53486,290.369,-26.897],"carpPosition":[-28.9619,312.966,69.1441],"dipPosition":[-16.6617,305.217,-13.4835],"direction":[0.179658,-0.137845,-0.974024],"extended":false,"handId":606,"id":6060,"length":52.1025,"mcpPosition":[-28.9619,312.966,69.1441],"pipPosition":[-22.7856,309.916,19.7175],"stabilizedTipPosition":[-69.4177,317.624,104.387],"timeVisible":0.522808,"tipPosition":[-7.46313,294.019,-24.3843],"tipVelocity":[88.0469,-50.6137,-179.318],"tool":false,"touchDistance":-0.561367,"touchZone":"hovering","type":0,"width":20.2446},{"bases":[[[0.778272,-0.62071,0.0949274],[0.516083,0.718416,0.466407],[-0.357701,-0.314001,0.879462]],[[0.710806,-0.663045,0.234789],[0.651313,0.746477,0.136251],[-0.265605,0.0560726,0.96245]],[[0.710806,-0.663045,0.234789],[0.691864,0.719235,-0.0634439],[-0.126802,0.207538,0.969974]],[[0.710806,-0.663045,0.234789],[0.702942,0.681492,-0.203571],[-0.0250301,0.309742,0.950491]]],"btipPosition":[32.7256,334.11,-71.4189],"carpPosition":[-8.48288,323.729,74.2774],"dipPosition":[32.2981,339.401,-55.1836],"direction":[0.126802,-0.207538,-0.969974],"extended":true,"handId":606,"id":6061,"length":58.7918,"mcpPosition":[17.826,346.824,9.59298],"pipPosition":[29.234,344.416,-31.7452],"stabilizedTipPosition":[-26.1691,358.355,48.4462],"timeVisible":0.522808,"tipPosition":[32.3422,334.753,-67.4927],"tipVelocity":[88.1255,-32.0195,-187.755],"tool":false,"touchDistance":-0.334192,"touchZone":"hovering","type":1,"width":19.3376},{"bases":[[[0.623331,-0.770743,0.131962],[0.632251,0.596067,0.494936],[-0.460127,-0.225076,0.85885]],[[0.615138,-0.774584,0.147054],[0.630427,0.37123,-0.681726],[0.473463,0.512062,0.716676]],[[0.615138,-0.774584,0.147054],[-0.258518,-0.374366,-0.890516],[0.744831,0.509774,-0.43053]],[[0.615138,-0.774584,0.147054],[-0.628037,-0.594163,-0.502535],[0.476629,0.216773,-0.851959]]],"btipPosition":[-18.767,290.037,9.51524],"carpPosition":[2.08355,317.578,75.7092],"dipPosition":[-9.81259,294.109,-6.49051],"direction":[-0.744832,-0.509774,0.43053],"extended":false,"handId":606,"id":6062,"length":66.9886,"mcpPosition":[34.1771,333.277,15.8049],"pipPosition":[11.3621,308.602,-18.73],"stabilizedTipPosition":[-90.9662,317.134,165.978],"timeVisible":0.522808,"tipPosition":[-16.7177,291.031,6.26021],"tipVelocity":[87.88,-55.0983,-188.804],"tool":false,"touchDistance":0.333333,"touchZone":"none","type":2,"width":18.9921},{"bases":[[[0.499378,-0.83819,0.219222],[0.66018,0.531999,0.530226],[-0.561056,-0.120057,0.819025]],[[0.479658,-0.841844,0.247441],[0.739087,0.235626,-0.631056],[0.472947,0.485571,0.735215]],[[0.479658,-0.841844,0.247441],[-0.2273,-0.391582,-0.891627],[0.847504,0.371433,-0.379177]],[[0.479658,-0.841844,0.247441],[-0.658628,-0.531753,-0.532398],[0.579773,0.0923976,-0.809522]]],"btipPosition":[-9.64306,282.696,18.5549],"carpPosition":[10.6481,308.879,77.0631],"dipPosition":[1.18654,284.422,3.43379],"direction":[-0.847504,-0.371433,0.379177],"extended":false,"handId":606,"id":6063,"length":64.4113,"mcpPosition":[45.7833,316.398,25.773],"pipPosition":[24.6578,294.708,-7.06737],"stabilizedTipPosition":[-84.2956,309.288,184.602],"timeVisible":0.522808,"tipPosition":[-7.20121,283.166,15.8557],"tipVelocity":[88.5994,-54.2592,-188.996],"tool":false,"touchDistance":0.333333,"touchZone":"none","type":3,"width":18.0722},{"bases":[[[0.315094,-0.922755,0.2219],[0.677636,0.382443,0.62813],[-0.664474,-0.0475532,0.745797]],[[0.340983,-0.920171,0.192398],[0.782438,0.164355,-0.600648],[0.521077,0.35535,0.776019]],[[0.340983,-0.920171,0.192398],[-0.262614,-0.289754,-0.920367],[0.902643,0.263303,-0.340451]],[[0.340983,-0.920171,0.192398],[-0.707149,-0.385921,-0.592458],[0.619412,0.065964,-0.78229]]],"btipPosition":[5.96549,279.009,26.6307],"carpPosition":[14.1898,295.099,77.1588],"dipPosition":[16.6393,280.146,13.1501],"direction":[-0.902643,-0.263303,0.340451],"extended":false,"handId":606,"id":6064,"length":50.4973,"mcpPosition":[52.7092,297.856,33.9252],"pipPosition":[34.2892,285.294,6.49309],"stabilizedTipPosition":[-64.5413,303.199,182.7],"timeVisible":0.522808,"tipPosition":[8.75247,279.06,23.7551],"tipVelocity":[87.5198,-51.7994,-188.787],"tool":false,"touchDistance":0.333333,"touchZone":"none","type":4,"width":16.0532}],"r":[[0.965256,0.121869,0.231148],[-0.118451,0.992546,-0.0286596],[-0.232918,0.000283964,0.972496]],"s":0.928685,"t":[111.087,-26.4202,-239.827],"timestamp":522848239876},false],[4,{"currentFrameRate":101.275,"devices":[],"gestures":[],"hands":[{"armBasis":[[0.746537,-0.662447,-0.0620248],[0.662398,0.731232,0.162876],[-0.0625418,-0.162678,0.984695]],"armWidth":63.703,"confidence":0.845262,"direction":[0.552823,0.305109,-0.775433],"elbow":[-17.9239,257.778,343.082],"grabStrength":0,"id":606,"palmNormal":[-0.458554,-0.665607,-0.588809],"palmPosition":[21.5196,320.477,31.1418],"palmVelocity":[98.9457,-44.8935,-203.145],"palmWidth":90.9658,"pinchStrength":0.819477,"r":[[0.965452,0.122175,0.230166],[-0.118787,0.992509,-0.0285718],[-0.231932,0.000243979,0.972732]],"s":0.928904,"sphereCenter":[12.7628,293.788,-6.44171],"sphereRadius":43.0049,"stabilizedPalmPosition":[-51.1668,343.469,190.384],"t":[112.017,-26.7252,-241.744],"timeVisible":0.531709,"type":"right","wrist":[-1.04212,301.689,77.285]}],"id":4208783,"interactionBox":{"center":[0,200,0],"size":[235.247,235.247,147.751]},"pointables":[{"bases":[[[0.797998,0.380807,0.467103],[-0.570639,0.726728,0.382411],[-0.193832,-0.57171,0.797231]],[[0.800211,0.596696,0.0601332],[-0.587453,0.80007,-0.121599],[-0.120668,0.0619791,0.990756]],[[0.800211,0.596696,0.0601332],[-0.572691,0.790059,-0.218702],[-0.178008,0.14057,0.973937]],[[0.800211,0.596696,0.0601332],[-0.301455,0.486889,-0.819795],[-0.518447,0.637882,0.569491]]],"btipPosition":[-3.49479,290.061,-28.885],"carpPosition":[-27.7146,312.87,67.0807],"dipPosition":[-15.6251,304.986,-15.5604],"direction":[0.178008,-0.14057,-0.973937],"extended":false,"handId":606,"id":6060,"length":52.1025,"mcpPosition":[-27.7146,312.87,67.0807],"pipPosition":[-21.6927,309.777,17.6377],"stabilizedTipPosition":[-68.7929,317.385,103.098],"timeVisible":0.531709,"tipPosition":[-6.42792,293.701,-26.3909],"tipVelocity":[95.857,-45.735,-191.92],"tool":false,"touchDistance":-0.563691,"touchZone":"hovering","type":0,"width":20.2446},{"bases":[[[0.778727,-0.620187,0.0946199],[0.516992,0.719824,0.463219],[-0.355392,-0.311803,0.881178]],[[0.711686,-0.662149,0.234651],[0.651168,0.747131,0.133325],[-0.263596,0.0579117,0.962893]],[[0.711686,-0.662149,0.234651],[0.6911,0.719852,-0.0647612],[-0.126033,0.208257,0.96992]],[[0.711686,-0.662149,0.234651],[0.702046,0.682355,-0.203771],[-0.0251884,0.309757,0.950482]]],"btipPosition":[33.7099,333.776,-73.7058],"carpPosition":[-7.2266,323.654,72.1343],"dipPosition":[33.2797,339.067,-57.4706],"direction":[0.126033,-0.208257,-0.96992],"extended":true,"handId":606,"id":6061,"length":58.7918,"mcpPosition":[18.9125,346.587,7.32369],"pipPosition":[30.2342,344.1,-34.0335],"stabilizedTipPosition":[-25.703,358.172,47.523],"timeVisible":0.531709,"tipPosition":[33.309,334.412,-69.7824],"tipVelocity":[94.2149,-33.5031,-206.571],"tool":false,"touchDistance":-0.36341,"touchZone":"hovering","type":1,"width":19.3376},{"bases":[[[0.623931,-0.770175,0.132437],[0.633275,0.597591,0.491781],[-0.457901,-0.222968,0.860588]],[[0.615771,-0.773982,0.147572],[0.628697,0.369744,-0.684127],[0.474938,0.514043,0.714278]],[[0.615771,-0.773982,0.147572],[-0.260381,-0.376659,-0.889005],[0.743658,0.508998,-0.433466]],[[0.615771,-0.773982,0.147572],[-0.628949,-0.595646,-0.499628],[0.474604,0.214841,-0.853577]]],"btipPosition":[-17.66,289.785,7.47021],"carpPosition":[3.34555,317.51,73.556],"dipPosition":[-8.74359,293.821,-8.56594],"direction":[-0.743658,-0.508998,0.433466],"extended":false,"handId":606,"id":6062,"length":66.9886,"mcpPosition":[35.2838,333.062,13.5304],"pipPosition":[12.3977,308.291,-20.8889],"stabilizedTipPosition":[-90.5352,316.983,165.05],"timeVisible":0.531709,"tipPosition":[-15.6187,290.772,4.20668],"tipVelocity":[97.5397,-48.0663,-200.156],"tool":false,"touchDistance":0.333333,"touchZone":"none","type":2,"width":18.9921},{"bases":[[[0.500221,-0.837435,0.220184],[0.661314,0.533626,0.527169],[-0.558966,-0.11809,0.820738]],[[0.480381,-0.841051,0.248732],[0.737441,0.233806,-0.633653],[0.474779,0.48782,0.732541]],[[0.480381,-0.841051,0.248732],[-0.229494,-0.394254,-0.889885],[0.846502,0.370401,-0.382409]],[[0.480381,-0.841051,0.248732],[-0.659841,-0.533398,-0.529241],[0.577792,0.0901136,-0.811194]]],"btipPosition":[-8.52258,282.482,16.5361],"carpPosition":[11.9165,308.818,74.9114],"dipPosition":[2.27001,284.165,1.38376],"direction":[-0.846502,-0.370401,0.382409],"extended":false,"handId":606,"id":6063,"length":64.4113,"mcpPosition":[46.9208,316.213,23.514],"pipPosition":[25.7136,294.423,-9.2069],"stabilizedTipPosition":[-83.8646,309.143,183.657],"timeVisible":0.531709,"tipPosition":[-6.08221,282.94,13.8101],"tipVelocity":[98.481,-46.3302,-199.5],"tool":false,"touchDistance":0.333333,"touchZone":"none","type":3,"width":18.0722},{"bases":[[[0.315974,-0.922056,0.223546],[0.679067,0.384335,0.625424],[-0.662592,-0.0458154,0.747578]],[[0.341003,-0.91964,0.194885],[0.781056,0.161803,-0.603134],[0.523133,0.357887,0.773465]],[[0.341003,-0.91964,0.194885],[-0.264805,-0.292886,-0.918747],[0.901995,0.261689,-0.3434]],[[0.341003,-0.91964,0.194885],[-0.708482,-0.387674,-0.589714],[0.617876,0.063021,-0.783746]]],"btipPosition":[7.0964,278.841,24.5763],"carpPosition":[15.4634,295.039,75.0347],"dipPosition":[17.7438,279.927,11.0706],"direction":[-0.901995,-0.261689,0.3434],"extended":false,"handId":606,"id":6064,"length":50.4973,"mcpPosition":[53.8737,297.695,31.6978],"pipPosition":[35.381,285.044,4.35595],"stabilizedTipPosition":[-64.1825,303.082,181.919],"timeVisible":0.531709,"tipPosition":[9.87749,278.878,21.6858],"tipVelocity":[98.0877,-43.1964,-200.393],"tool":false,"touchDistance":0.333333,"touchZone":"none","type":4,"width":16.0532}],"r":[[0.965452,0.122175,0.230166],[-0.118787,0.992509,-0.0285718],[-0.231932,0.000243979,0.972732]],"s":0.928904,"t":[112.017,-26.7252,-241.744],"timestamp":522848248777},false],[5,{"currentFrameRate":101.59,"devices":[],"gestures":[],"hands":[{"armBasis":[[0.74601,-0.662414,-0.0683814],[0.663107,0.729463,0.167845],[-0.0613015,-0.170559,0.983439]],"armWidth":63.703,"confidence":0.847357,"direction":[0.553102,0.296829,-0.778441],"elbow":[-16.7636,255.864,340.888],"grabStrength":0,"id":606,"palmNormal":[-0.462887,-0.667389,-0.583376],"palmPosition":[22.365,320.25,29.12],"palmVelocity":[96.8641,-39.1772,-207.563],"palmWidth":90.9658,"pinchStrength":0.821334,"r":[[0.965805,0.12176,0.228899],[-0.118056,0.992558,-0.0298612],[-0.230832,0.00181714,0.972992]],"s":0.929173,"sphereCenter":[13.4656,293.278,-8.25533],"sphereRadius":43.042,"stabilizedPalmPosition":[-50.7125,343.326,189.387],"t":[112.904,-26.991,-243.713],"timeVisible":0.540946,"type":"right","wrist":[-0.216624,301.903,75.4301]}],"id":4208784,"interactionBox":{"center":[0,200,0],"size":[235.247,235.247,147.751]},"pointables":[{"bases":[[[0.800682,0.380016,0.463138],[-0.566316,0.732295,0.378193],[-0.195435,-0.565095,0.801544]],[[0.803448,0.592805,0.0552559],[-0.583548,0.802496,-0.124391],[-0.118082,0.0676972,0.990694]],[[0.803448,0.592805,0.0552559],[-0.56854,0.791473,-0.224351],[-0.17673,0.148839,0.972941]],[[0.803448,0.592805,0.0552559],[-0.297095,0.479622,-0.82565],[-0.515951,0.64695,0.561471]]],"btipPosition":[-2.85973,289.559,-30.5511],"carpPosition":[-26.8485,313.147,65.1899],"dipPosition":[-14.9316,304.695,-17.4142],"direction":[0.17673,-0.148839,-0.972941],"extended":false,"handId":606,"id":6060,"length":52.1025,"mcpPosition":[-26.8485,313.147,65.1899],"pipPosition":[-20.9557,309.769,15.75],"stabilizedTipPosition":[-68.1972,317.156,101.866],"timeVisible":0.540946,"tipPosition":[-5.78733,293.224,-28.1036],"tipVelocity":[88.6569,-46.6776,-189.989],"tool":false,"touchDistance":-0.561293,"touchZone":"hovering","type":0,"width":20.2446},{"bases":[[[0.77572,-0.623462,0.097744],[0.521396,0.720423,0.457315],[-0.355536,-0.303785,0.883917]],[[0.708716,-0.664088,0.238135],[0.654873,0.744808,0.128075],[-0.262418,0.0651799,0.96275]],[[0.708716,-0.664088,0.238135],[0.694258,0.716499,-0.0680854],[-0.125409,0.213581,0.968843]],[[0.708716,-0.664088,0.238135],[0.705051,0.678663,-0.205719],[-0.024998,0.313694,0.949195]]],"btipPosition":[34.5803,332.886,-75.8526],"carpPosition":[-6.29783,323.862,70.1348],"dipPosition":[34.1533,338.245,-59.6393],"direction":[0.125409,-0.213581,-0.968843],"extended":true,"handId":606,"id":6061,"length":58.7918,"mcpPosition":[19.8518,346.205,5.12277],"pipPosition":[31.1229,343.406,-36.2283],"stabilizedTipPosition":[-25.2511,357.992,46.6246],"timeVisible":0.540946,"tipPosition":[34.152,333.529,-71.9358],"tipVelocity":[94.2417,-50.6696,-213.977],"tool":false,"touchDistance":-0.38768,"touchZone":"hovering","type":1,"width":19.3376},{"bases":[[[0.620226,-0.772391,0.136863],[0.637102,0.597803,0.486552],[-0.457625,-0.214576,0.862865]],[[0.612065,-0.776053,0.152049],[0.629556,0.361812,-0.687569],[0.478577,0.51656,0.710021]],[[0.612065,-0.776053,0.152049],[-0.263518,-0.381432,-0.886041],[0.745611,0.502247,-0.437965]],[[0.612065,-0.776053,0.152049],[-0.632654,-0.595881,-0.494646],[0.474475,0.206561,-0.855691]]],"btipPosition":[-17.0079,289.59,5.71101],"carpPosition":[4.24527,317.674,71.5829],"dipPosition":[-8.09392,293.471,-10.3648],"direction":[-0.745611,-0.502247,0.437965],"extended":false,"handId":606,"id":6062,"length":66.9886,"mcpPosition":[36.1644,332.641,11.3985],"pipPosition":[13.1029,307.749,-22.8157],"stabilizedTipPosition":[-90.1129,316.835,164.139],"timeVisible":0.540946,"tipPosition":[-14.9665,290.544,2.43642],"tipVelocity":[89.9598,-41.5799,-197.71],"tool":false,"touchDistance":0.333333,"touchZone":"none","type":2,"width":18.9921},{"bases":[[[0.496319,-0.838402,0.225279],[0.664873,0.533947,0.522345],[-0.558222,-0.109468,0.822439]],[[0.476275,-0.841747,0.254212],[0.737547,0.22503,-0.636699],[0.478735,0.490737,0.728004]],[[0.476275,-0.841747,0.254212],[-0.233172,-0.399663,-0.88651],[0.847817,0.362947,-0.386621]],[[0.476275,-0.841747,0.254212],[-0.663538,-0.533761,-0.52423],[0.576958,0.0809981,-0.812748]]],"btipPosition":[-7.90909,282.319,14.8523],"carpPosition":[12.7742,308.949,72.9858],"dipPosition":[2.86792,283.832,-0.329003],"direction":[-0.847817,-0.362947,0.386621],"extended":false,"handId":606,"id":6063,"length":64.4113,"mcpPosition":[47.7319,315.804,21.4819],"pipPosition":[26.3479,293.884,-11.0363],"stabilizedTipPosition":[-83.4418,309,182.729],"timeVisible":0.540946,"tipPosition":[-5.46368,282.738,12.092],"tipVelocity":[89.3719,-39.4673,-194.87],"tool":false,"touchDistance":0.333333,"touchZone":"none","type":3,"width":18.0722},{"bases":[[[0.31165,-0.922058,0.229529],[0.682028,0.385262,0.62162],[-0.661598,-0.0371828,0.748936]],[[0.336086,-0.920032,0.201463],[0.781083,0.152748,-0.605457],[0.526267,0.360845,0.769957]],[[0.336086,-0.920032,0.201463],[-0.267653,-0.298386,-0.916148],[0.903,0.253982,-0.346532]],[[0.336086,-0.920032,0.201463],[-0.711334,-0.388157,-0.585951],[0.617293,0.0536219,-0.784904]]],"btipPosition":[7.70622,278.663,22.8685],"carpPosition":[16.2512,295.153,73.2004],"dipPosition":[18.3435,279.587,9.34293],"direction":[-0.903,-0.253982,0.346532],"extended":false,"handId":606,"id":6064,"length":50.4973,"mcpPosition":[54.6038,297.309,29.7848],"pipPosition":[36.0004,284.553,2.56697],"stabilizedTipPosition":[-63.8298,302.968,181.15],"timeVisible":0.540946,"tipPosition":[10.4822,278.66,19.9703],"tipVelocity":[89.0165,-37.6252,-196.179],"tool":false,"touchDistance":0.333333,"touchZone":"none","type":4,"width":16.0532}],"r":[[0.965805,0.12176,0.228899],[-0.118056,0.992558,-0.0298612],[-0.230832,0.00181714,0.972992]],"s":0.929173,"t":[112.904,-26.991,-243.713],"timestamp":522848258014},false],[6,{"currentFrameRate":102.077,"devices":[],"gestures":[],"hands":[{"armBasis":[[0.746521,-0.661292,-0.0734754],[0.662467,0.72844,0.174677],[-0.0619902,-0.179075,0.98188]],"armWidth":63.703,"confidence":0.850178,"direction":[0.553688,0.297933,-0.777603],"elbow":[-16.1363,252.846,338.335],"grabStrength":0,"id":606,"palmNormal":[-0.463535,-0.665485,-0.585034],"palmPosition":[23.214,319.609,27.036],"palmVelocity":[96.5694,-48.1708,-215.031],"palmWidth":90.9658,"pinchStrength":0.822807,"r":[[0.966103,0.121086,0.227997],[-0.117227,0.992638,-0.0304458],[-0.230006,0.00268643,0.973186]],"s":0.92948,"sphereCenter":[14.3394,292.675,-10.3981],"sphereRadius":43.0754,"stabilizedPalmPosition":[-50.3019,343.194,188.486],"t":[113.772,-27.4445,-245.739],"timeVisible":0.54981,"type":"right","wrist":[0.596609,301.183,73.2975]}],"id":4208785,"interactionBox":{"center":[0,200,0],"size":[235.247,235.247,147.751]},"pointables":[{"bases":[[[0.801013,0.377975,0.464234],[-0.565529,0.732121,0.379706],[-0.196356,-0.566687,0.800193]],[[0.804278,0.59147,0.057451],[-0.582475,0.803796,-0.120972],[-0.11773,0.063831,0.990992]],[[0.804278,0.59147,0.057451],[-0.567079,0.792805,-0.223343],[-0.177648,0.14705,0.973045]],[[0.804278,0.59147,0.057451],[-0.293551,0.479496,-0.826989],[-0.516687,0.648264,0.559274]]],"btipPosition":[-1.99885,289.118,-32.6326],"carpPosition":[-26.0186,312.484,63.0755],"dipPosition":[-14.088,304.286,-19.547],"direction":[0.177648,-0.14705,-0.973045],"extended":false,"handId":606,"id":6060,"length":52.1025,"mcpPosition":[-26.0186,312.484,63.0755],"pipPosition":[-20.1434,309.298,13.6207],"stabilizedTipPosition":[-67.6747,316.953,100.783],"timeVisible":0.54981,"tipPosition":[-4.93495,292.768,-30.1948],"tipVelocity":[90.8302,-47.2785,-202.503],"tool":false,"touchDistance":-0.564897,"touchZone":"hovering","type":0,"width":20.2446},{"bases":[[[0.774928,-0.624634,0.0965376],[0.522145,0.718736,0.459111],[-0.356161,-0.305371,0.883118]],[[0.707843,-0.665495,0.236801],[0.655502,0.743772,0.130844],[-0.263202,0.0626063,0.962707]],[[0.707843,-0.665495,0.236801],[0.694847,0.716308,-0.0639509],[-0.127064,0.209808,0.969451]],[[0.707843,-0.665495,0.236801],[0.705844,0.679318,-0.200778],[-0.0272461,0.309264,0.950586]]],"btipPosition":[35.58,332.58,-77.9145],"carpPosition":[-5.45621,323.162,68.0508],"dipPosition":[35.1146,337.863,-61.6775],"direction":[0.127064,-0.209808,-0.969451],"extended":true,"handId":606,"id":6061,"length":58.7918,"mcpPosition":[20.7394,345.622,3.09747],"pipPosition":[32.0442,342.933,-38.2517],"stabilizedTipPosition":[-24.8417,357.829,45.8101],"timeVisible":0.54981,"tipPosition":[35.1239,333.2,-73.9999],"tipVelocity":[98.9968,-46.8281,-218.862],"tool":false,"touchDistance":-0.408092,"touchZone":"hovering","type":1,"width":19.3376},{"bases":[[[0.619241,-0.773461,0.135271],[0.637693,0.595908,0.4881],[-0.458135,-0.21599,0.862242]],[[0.611065,-0.77715,0.150457],[0.63029,0.362698,-0.686429],[0.478888,0.514284,0.711462]],[[0.611065,-0.77715,0.150457],[-0.26353,-0.378954,-0.8871],[0.746426,0.502426,-0.436368]],[[0.611065,-0.77715,0.150457],[-0.633126,-0.593923,-0.496394],[0.475132,0.208071,-0.854959]]],"btipPosition":[-16.1892,289.049,3.53072],"carpPosition":[5.0789,316.958,69.4876],"dipPosition":[-7.26287,292.958,-12.5314],"direction":[-0.746426,-0.502426,0.436368],"extended":false,"handId":606,"id":6062,"length":66.9886,"mcpPosition":[37.0336,332.023,9.3468],"pipPosition":[13.9571,307.241,-24.9368],"stabilizedTipPosition":[-89.7333,316.701,163.318],"timeVisible":0.54981,"tipPosition":[-14.1453,290.007,0.257855],"tipVelocity":[90.6976,-46.6709,-210.695],"tool":false,"touchDistance":0.333333,"touchZone":"none","type":2,"width":18.9921},{"bases":[[[0.495228,-0.839522,0.2235],[0.665376,0.531936,0.523754],[-0.558591,-0.110666,0.822027]],[[0.474875,-0.842951,0.252839],[0.73784,0.224759,-0.636456],[0.479673,0.488792,0.728695]],[[0.474875,-0.842951,0.252839],[-0.233908,-0.397861,-0.887127],[0.848399,0.362133,-0.386107]],[[0.474875,-0.842951,0.252839],[-0.664311,-0.531787,-0.525256],[0.577222,0.081467,-0.812513]]],"btipPosition":[-7.12637,281.765,12.7159],"carpPosition":[13.5967,308.219,70.873],"dipPosition":[3.65558,283.287,-2.46109],"direction":[-0.848399,-0.362133,0.386107],"extended":false,"handId":606,"id":6063,"length":64.4113,"mcpPosition":[48.5776,315.149,19.395],"pipPosition":[27.1517,293.316,-13.1542],"stabilizedTipPosition":[-83.062,308.871,181.892],"timeVisible":0.54981,"tipPosition":[-4.66945,282.177,9.91693],"tipVelocity":[89.1171,-45.6566,-207.351],"tool":false,"touchDistance":0.333333,"touchZone":"none","type":3,"width":18.0722},{"bases":[[[0.310456,-0.922961,0.227507],[0.68232,0.383003,0.622694],[-0.661858,-0.0380865,0.748661]],[[0.334382,-0.920959,0.200058],[0.781644,0.152416,-0.604815],[0.526518,0.358614,0.770828]],[[0.334382,-0.920959,0.200058],[-0.267636,-0.296332,-0.916819],[0.903637,0.253025,-0.34557]],[[0.334382,-0.920959,0.200058],[-0.711598,-0.385905,-0.587116],[0.617913,0.0539597,-0.784392]]],"btipPosition":[8.49488,278.072,20.6828],"carpPosition":[17.0568,294.419,71.0571],"dipPosition":[19.1429,279.002,7.16595],"direction":[-0.903637,-0.253025,0.34557],"extended":false,"handId":606,"id":6064,"length":50.4973,"mcpPosition":[55.4245,296.626,27.6574],"pipPosition":[36.8122,283.95,0.408818],"stabilizedTipPosition":[-63.5116,302.863,180.454],"timeVisible":0.54981,"tipPosition":[11.2706,278.068,17.7825],"tipVelocity":[89.08,-45.4431,-209.782],"tool":false,"touchDistance":0.333333,"touchZone":"none","type":4,"width":16.0532}],"r":[[0.966103,0.121086,0.227997],[-0.117227,0.992638,-0.0304458],[-0.230006,0.00268643,0.973186]],"s":0.92948,"t":[113.772,-27.4445,-245.739],"timestamp":522848266878},fals