{"sensorType":"Leap","data":[[0,{"currentFrameRate":101.866,"devices":[],"gestures":[],"hands":[{"armBasis":[[0.870744,-0.486326,-0.0727477],[0.489233,0.84187,0.22783],[-0.0495553,-0.233972,0.97098]],"armWidth":63.703,"confidence":0.799054,"direction":[0.466907,0.256508,-0.846287],"elbow":[-20.8958,253.126,354.152],"grabStrength":0,"id":609,"palmNormal":[-0.38413,-0.803171,-0.455368],"palmPosition":[9.95778,330.758,42.2968],"palmVelocity":[34.0527,-10.9381,-176.688],"palmWidth":90.9658,"pinchStrength":0.89533,"r":[[0.92905,0.337729,0.151014],[-0.33118,0.941159,-0.0673744],[-0.164882,0.0125815,0.986233]],"s":0.938529,"sphereCenter":[3.25047,298.746,8.32619],"sphereRadius":43.6211,"stabilizedPalmPosition":[-43.7855,344.711,209.499],"t":[59.7902,-13.6839,-183.456],"timeVisible":0.370509,"type":"right","wrist":[-7.51941,316.281,92.0578]}],"id":4209591,"interactionBox":{"center":[0,200,0],"size":[235.247,235.247,147.751]},"pointables":[{"bases":[[[0.755202,0.552062,0.353408],[-0.651462,0.69182,0.311419],[-0.0725721,-0.465416,0.882112]],[[0.716281,0.696152,-0.0481076],[-0.693851,0.703186,-0.155244],[-0.0742446,0.144578,0.986704]],[[0.716281,0.696152,-0.0481076],[-0.678322,0.678439,-0.282133],[-0.163769,0.234719,0.958168]],[[0.716281,0.696152,-0.0481076],[-0.395285,0.347968,-0.850099],[-0.575058,0.627926,0.524421]]],"btipPosition":[-13.2231,292.149,-12.0148],"carpPosition":[-35.9654,322.056,82.1567],"dipPosition":[-26.6779,306.841,0.255275],"direction":[0.163769,-0.234719,-0.958168],"extended":false,"handId":609,"id":6090,"length":52.1025,"mcpPosition":[-35.9654,322.056,82.1567],"pipPosition":[-32.2603,314.841,32.9159],"stabilizedTipPosition":[-59.2659,313.881,118.568],"timeVisible":0.370509,"tipPosition":[-16.6627,295.82,-9.49696],"tipVelocity":[40.2794,3.05703,-188.692],"tool":false,"touchDistance":-0.581153,"touchZone":"hovering","type":0,"width":20.2446},{"bases":[[[0.863606,-0.486997,0.130455],[0.428319,0.845188,0.319688],[-0.265946,-0.220208,0.938499]],[[0.815233,-0.514039,0.266757],[0.516032,0.853842,0.0683072],[-0.262881,0.0819687,0.96134]],[[0.815233,-0.514039,0.266757],[0.550102,0.831335,-0.0791832],[-0.181061,0.211296,0.960505]],[[0.815233,-0.514039,0.266757],[0.566905,0.802475,-0.186151],[-0.118377,0.302982,0.945616]]],"btipPosition":[20.2094,338.56,-65.4445],"carpPosition":[-17.0391,336.165,84.2343],"dipPosition":[18.1874,343.735,-49.2924],"direction":[0.181061,-0.211296,-0.960505],"extended":true,"handId":609,"id":6091,"length":58.7918,"mcpPosition":[2.52126,352.362,15.2077],"pipPosition":[13.8122,348.841,-26.0828],"stabilizedTipPosition":[-34.7382,349.029,79.7348],"timeVisible":0.370509,"tipPosition":[19.2561,338.454,-61.5364],"tipVelocity":[70.5786,33.8673,-176.924],"tool":false,"touchDistance":-0.605431,"touchZone":"hovering","type":1,"width":19.3376},{"bases":[[[0.733979,-0.649171,0.199627],[0.562213,0.745648,0.357667],[-0.381039,-0.150287,0.912263]],[[0.727335,-0.651654,0.215247],[0.570308,0.399458,-0.717762],[0.38175,0.64481,0.662183]],[[0.727335,-0.651654,0.215247],[-0.221074,-0.519399,-0.82544],[0.6497,0.552785,-0.521841]],[[0.727335,-0.651654,0.215247],[-0.564762,-0.746537,-0.351747],[0.389908,0.134274,-0.911012]]],"btipPosition":[-23.2506,292.976,22.226],"carpPosition":[-5.6369,331.803,85.8143],"dipPosition":[-15.9255,295.499,5.1108],"direction":[-0.6497,-0.552785,0.521841],"extended":false,"handId":609,"id":6092,"length":66.9886,"mcpPosition":[20.9404,342.285,22.1845],"pipPosition":[2.54477,311.214,-9.72451],"stabilizedTipPosition":[-60.7048,308.683,149.341],"timeVisible":0.370509,"tipPosition":[-21.8008,293.503,18.9358],"tipVelocity":[31.6978,-1.66667,-189.359],"tool":false,"touchDistance":0.333333,"touchZone":"none","type":2,"width":18.9921},{"bases":[[[0.625422,-0.718562,0.304164],[0.600783,0.692191,0.399915],[-0.497903,-0.0673786,0.864611]],[[0.607545,-0.720486,0.33435],[0.70791,0.300266,-0.6393],[0.360213,0.625093,0.692464]],[[0.607545,-0.720486,0.33435],[-0.164901,-0.526185,-0.834229],[0.776979,0.451697,-0.438489]],[[0.607545,-0.720486,0.33435],[-0.598596,-0.692008,-0.403495],[0.522085,0.045001,-0.851705]]],"btipPosition":[-12.0277,287.611,30.805],"carpPosition":[4.15203,324.663,87.8277],"dipPosition":[-2.27565,288.452,14.896],"direction":[-0.77698,-0.451697,0.438489],"extended":false,"handId":609,"id":6093,"length":64.4113,"mcpPosition":[35.3324,328.883,33.6829],"pipPosition":[19.2425,300.962,2.75218],"stabilizedTipPosition":[-53.2679,305.483,169.544],"timeVisible":0.370509,"tipPosition":[-10.0528,287.954,28.2576],"tipVelocity":[30.9663,-5.10535,-197.015],"tool":false,"touchDistance":0.333333,"touchZone":"none","type":3,"width":18.0722},{"bases":[[[0.45567,-0.825957,0.331903],[0.64438,0.563312,0.51716],[-0.614116,-0.0217825,0.788915]],[[0.425474,-0.826045,0.369623],[0.810019,0.165492,-0.562567],[0.403537,0.538759,0.739525]],[[0.425474,-0.826045,0.369623],[-0.179655,-0.477406,-0.860121],[0.886959,0.299554,-0.351527]],[[0.425474,-0.826045,0.369623],[-0.664822,-0.562417,-0.49163],[0.61399,-0.0365577,-0.788466]]],"btipPosition":[3.06429,288.664,38.2745],"carpPosition":[9.65268,311.674,89.6891],"dipPosition":[13.6447,288.034,24.6875],"direction":[-0.886959,-0.299554,0.351527],"extended":false,"handId":609,"id":6094,"length":50.4973,"mcpPosition":[45.2529,312.937,43.9559],"pipPosition":[30.9879,293.892,17.8139],"stabilizedTipPosition":[-31.5377,303.02,166.713],"timeVisible":0.370509,"tipPosition":[5.63244,288.131,36.0118],"tipVelocity":[24.2658,1.3233,-199.744],"tool":false,"touchDistance":0.333333,"touchZone":"none","type":4,"width":16.0532}],"r":[[0.92905,0.337729,0.151014],[-0.33118,0.941159,-0.0673744],[-0.164882,0.0125815,0.986233]],"s":0.938529,"t":[59.7902,-13.6839,-183.456],"timestamp":522857474847},false],[1,{"currentFrameRate":102.167,"devices":[],"gestures":[],"hands":[{"armBasis":[[0.870047,-0.48755,-0.0728946],[0.490809,0.842883,0.220577],[-0.0461009,-0.22769,0.972642]],"armWidth":63.703,"confidence":0.80735,"direction":[0.469981,0.26207,-0.842875],"elbow":[-19.858,254.404,352.408],"grabStrength":0,"id":609,"palmNormal":[-0.3796,-0.802084,-0.461049],"palmPosition":[10.2459,330.637,40.2559],"palmVelocity":[33.2749,-11.5471,-189.248],"palmWidth":90.9658,"pinchStrength":0.894435,"r":[[0.929045,0.336529,0.1537],[-0.33008,0.941609,-0.0664872],[-0.1671,0.0110365,0.985878]],"s":0.938901,"sphereCenter":[3.69583,298.901,6.04681],"sphereRadius":43.6064,"stabilizedPalmPosition":[-43.7795,344.709,209.48],"t":[60.0483,-13.7436,-184.999],"timeVisible":0.379722,"type":"right","wrist":[-7.41402,315.863,89.8648]}],"id":4209592,"interactionBox":{"center":[0,200,0],"size":[235.247,235.247,147.751]},"pointables":[{"bases":[[[0.751896,0.552602,0.35956],[-0.654981,0.68831,0.311815],[-0.0751793,-0.469958,0.879481]],[[0.714494,0.698442,-0.0409366],[-0.695116,0.702013,-0.154894],[-0.0794465,0.139127,0.987083]],[[0.714494,0.698442,-0.0409366],[-0.678963,0.67807,-0.281479],[-0.168839,0.22891,0.958694]],[[0.714494,0.698442,-0.0409366],[-0.39369,0.35299,-0.848768],[-0.578365,0.622556,0.527179]]],"btipPosition":[-12.5799,292.289,-14.4109],"carpPosition":[-35.832,321.601,79.8619],"dipPosition":[-26.1121,306.855,-2.07628],"direction":[0.168839,-0.22891,-0.958694],"extended":false,"handId":609,"id":6090,"length":52.1025,"mcpPosition":[-35.832,321.601,79.8619],"pipPosition":[-31.8673,314.658,30.6022],"stabilizedTipPosition":[-59.253,313.876,118.529],"timeVisible":0.379722,"tipPosition":[-16.0208,295.898,-11.8469],"tipVelocity":[48.0102,5.59413,-208.234],"tool":false,"touchDistance":-0.587089,"touchZone":"hovering","type":0,"width":20.2446},{"bases":[[[0.864481,-0.485019,0.132023],[0.42428,0.844899,0.325779],[-0.269555,-0.225615,0.936183]],[[0.815725,-0.512815,0.267609],[0.512351,0.855295,0.0772416],[-0.268495,0.0741017,0.960427]],[[0.815725,-0.512815,0.267609],[0.547466,0.833814,-0.0709579],[-0.186748,0.204389,0.960911]],[[0.815725,-0.512815,0.267609],[0.565005,0.805514,-0.178654],[-0.123946,0.296933,0.94682]]],"btipPosition":[21.0292,339.157,-67.4044],"carpPosition":[-16.9584,335.757,82.0952],"dipPosition":[18.912,344.229,-51.2317],"direction":[0.186748,-0.204389,-0.960911],"extended":true,"handId":609,"id":6091,"length":58.7918,"mcpPosition":[2.86735,352.351,13.239],"pipPosition":[14.3995,349.168,-28.0123],"stabilizedTipPosition":[-34.6792,349.02,79.5818],"timeVisible":0.379722,"tipPosition":[20.064,339.05,-63.5089],"tipVelocity":[75.067,41.8227,-186.807],"tool":false,"touchDistance":-0.602547,"touchZone":"hovering","type":1,"width":19.3376},{"bases":[[[0.735034,-0.647921,0.199806],[0.558301,0.745579,0.363884],[-0.384739,-0.155915,0.909762]],[[0.72833,-0.650499,0.215373],[0.572443,0.404862,-0.713019],[0.376621,0.642602,0.667247]],[[0.72833,-0.650499,0.215373],[-0.215592,-0.515888,-0.829083],[0.650426,0.557414,-0.51598]],[[0.72833,-0.650499,0.215373],[-0.560833,-0.746491,-0.358075],[0.393701,0.140008,-0.908514]]],"btipPosition":[-22.7508,292.854,19.8346],"carpPosition":[-5.55032,331.421,83.706],"dipPosition":[-15.3543,295.484,2.76636],"direction":[-0.650427,-0.557414,0.51598],"extended":false,"handId":609,"id":6092,"length":66.9886,"mcpPosition":[21.285,342.296,20.2507],"pipPosition":[3.13654,311.331,-11.9023],"stabilizedTipPosition":[-60.6999,308.681,149.325],"timeVisible":0.379722,"tipPosition":[-21.2851,293.402,16.5481],"tipVelocity":[38.5141,-4.15393,-208.694],"tool":false,"touchDistance":0.333333,"touchZone":"none","type":2,"width":18.9921},{"bases":[[[0.626213,-0.718153,0.303504],[0.59684,0.692033,0.406045],[-0.501637,-0.0731274,0.861982]],[[0.607973,-0.720299,0.333972],[0.710235,0.305393,-0.634273],[0.354874,0.622819,0.697252]],[[0.607973,-0.720299,0.333972],[-0.159167,-0.522678,-0.83754],[0.77784,0.456045,-0.432422]],[[0.607973,-0.720299,0.333972],[-0.59458,-0.691821,-0.409705],[0.526159,0.0505167,-0.848884]]],"btipPosition":[-11.5563,287.488,28.4366],"carpPosition":[4.25102,324.302,85.7293],"dipPosition":[-1.72819,288.431,12.5803],"direction":[-0.77784,-0.456045,0.432422],"extended":false,"handId":609,"id":6093,"length":64.4113,"mcpPosition":[35.6652,328.881,31.7491],"pipPosition":[19.8138,301.061,0.6045],"stabilizedTipPosition":[-53.2631,305.481,169.529],"timeVisible":0.379722,"tipPosition":[-9.56392,287.843,25.8837],"tipVelocity":[37.1546,-6.71496,-213.467],"tool":false,"touchDistance":0.333333,"touchZone":"none","type":3,"width":18.0722},{"bases":[[[0.456664,-0.826195,0.329938],[0.640295,0.562712,0.522856],[-0.617641,-0.0275118,0.785979]],[[0.422238,-0.826464,0.372387],[0.815562,0.16703,-0.554039],[0.395694,0.537641,0.74456]],[[0.422238,-0.826464,0.372387],[-0.170731,-0.475957,-0.862738],[0.890262,0.300702,-0.34207]],[[0.422238,-0.826464,0.372387],[-0.660022,-0.561885,-0.498654],[0.621359,-0.0352326,-0.782734]]],"btipPosition":[3.48429,288.637,35.8462],"carpPosition":[9.78266,311.32,87.5522],"dipPosition":[14.1917,288.029,22.3579],"direction":[-0.890262,-0.300702,0.34207],"extended":false,"handId":609,"id":6094,"length":50.4973,"mcpPosition":[45.5872,312.915,41.9893],"pipPosition":[31.5995,293.909,15.6692],"stabilizedTipPosition":[-31.535,303.019,166.703],"timeVisible":0.379722,"tipPosition":[6.07427,288.097,33.6052],"tipVelocity":[31.1253,0.270616,-216.931],"tool":false,"touchDistance":0.333333,"touchZone":"none","type":4,"width":16.0532}],"r":[[0.929045,0.336529,0.1537],[-0.33008,0.941609,-0.0664872],[-0.1671,0.0110365,0.985878]],"s":0.938901,"t":[60.0483,-13.7436,-184.999],"timestamp":522857484060},false],[2,{"currentFrameRate":102.628,"devices":[],"gestures":[],"hands":[{"armBasis":[[0.869947,-0.487858,-0.0720156],[0.491602,0.846386,0.204836],[-0.0389777,-0.213599,0.976143]],"armWidth":63.703,"confidence":0.813612,"direction":[0.475958,0.268764,-0.837394],"elbow":[-18.2333,257.841,351.066],"grabStrength":0,"id":609,"palmNormal":[-0.369476,-0.802952,-0.467713],"palmPosition":[10.3051,330.594,38.1942],"palmVelocity":[26.0635,-9.73685,-200.991],"palmWidth":90.9658,"pinchStrength":0.894446,"r":[[0.928259,0.336775,0.157854],[-0.330429,0.941544,-0.0656623],[-0.17074,0.00879215,0.985277]],"s":0.93915,"sphereCenter":[4.22958,299.046,3.76586],"sphereRadius":43.5892,"stabilizedPalmPosition":[-43.7752,344.708,209.466],"t":[60.207,-13.7951,-186.802],"timeVisible":0.388587,"type":"right","wrist":[-7.7121,315.498,87.5771]}],"id":4209593,"interactionBox":{"center":[0,200,0],"size":[235.247,235.247,147.751]},"pointables":[{"bases":[[[0.744494,0.556548,0.368758],[-0.662815,0.68236,0.308321],[-0.0800305,-0.473962,0.876901]],[[0.70986,0.703649,-0.0312553],[-0.698572,0.697681,-0.158863],[-0.0899775,0.134604,0.986806]],[[0.70986,0.703649,-0.0312553],[-0.681,0.674328,-0.28552],[-0.17983,0.223964,0.957863]],[[0.70986,0.703649,-0.0312553],[-0.388524,0.354168,-0.850655],[-0.587493,0.615989,0.524794]]],"btipPosition":[-11.7098,292.307,-16.8449],"carpPosition":[-36.0757,321.071,77.3299],"dipPosition":[-25.4556,306.72,-4.56611],"direction":[0.17983,-0.223964,-0.957863],"extended":false,"handId":609,"id":6090,"length":52.1025,"mcpPosition":[-36.0757,321.071,77.3299],"pipPosition":[-31.5854,314.354,28.0841],"stabilizedTipPosition":[-59.2415,313.871,118.495],"timeVisible":0.388587,"tipPosition":[-15.2005,295.872,-14.2865],"tipVelocity":[60.0992,3.55096,-226.607],"tool":false,"touchDistance":-0.593416,"touchZone":"hovering","type":0,"width":20.2446},{"bases":[[[0.866676,-0.47933,0.138254],[0.415112,0.846622,0.333037],[-0.276684,-0.231245,0.932723]],[[0.816941,-0.507977,0.273068],[0.504938,0.85877,0.0869021],[-0.278647,0.0668888,0.958061]],[[0.816941,-0.507977,0.273068],[0.541854,0.838196,-0.0618118],[-0.197486,0.19846,0.960007]],[[0.816941,-0.507977,0.273068],[0.560725,0.810346,-0.170078],[-0.134884,0.29206,0.946841]]],"btipPosition":[22.068,339.704,-69.3264],"carpPosition":[-17.3263,335.353,79.7956],"dipPosition":[19.764,344.693,-53.1534],"direction":[0.197486,-0.19846,-0.960007],"extended":true,"handId":609,"id":6091,"length":58.7918,"mcpPosition":[3.02379,352.361,11.1938],"pipPosition":[14.992,349.488,-29.9558],"stabilizedTipPosition":[-34.6119,349.01,79.4078],"timeVisible":0.388587,"tipPosition":[21.0755,339.598,-65.4473],"tipVelocity":[85.1688,46.6099,-194.939],"tool":false,"touchDistance":-0.599456,"touchZone":"hovering","type":1,"width":19.3376},{"bases":[[[0.737777,-0.643424,0.204183],[0.549483,0.748114,0.372013],[-0.392114,-0.162268,0.905492]],[[0.73095,-0.64611,0.219668],[0.576243,0.411921,-0.705879],[0.365589,0.642545,0.67341]],[[0.73095,-0.64611,0.219668],[-0.203976,-0.514025,-0.83317],[0.651234,0.564199,-0.507518]],[[0.73095,-0.64611,0.219668],[-0.552024,-0.749053,-0.366317],[0.401224,0.146498,-0.904189]]],"btipPosition":[-22.2216,292.657,17.3043],"carpPosition":[-5.90286,331.093,81.4967],"dipPosition":[-14.6838,295.409,0.317292],"direction":[-0.651234,-0.564199,0.507518],"extended":false,"handId":609,"id":6092,"length":66.9886,"mcpPosition":[21.4469,342.411,18.3391],"pipPosition":[3.83001,311.448,-14.1108],"stabilizedTipPosition":[-60.6958,308.68,149.311],"timeVisible":0.388587,"tipPosition":[-20.7268,293.23,14.0285],"tipVelocity":[45.2496,-8.20466,-228.924],"tool":false,"touchDistance":0.333333,"touchZone":"none","type":2,"width":18.9921},{"bases":[[[0.628497,-0.714843,0.306579],[0.58801,0.694679,0.414326],[-0.509152,-0.080131,0.856938]],[[0.609879,-0.717252,0.337041],[0.71406,0.31287,-0.626284],[0.343753,0.622625,0.702974]],[[0.609879,-0.717252,0.337041],[-0.147434,-0.520556,-0.841002],[0.778659,0.463219,-0.423224]],[[0.609879,-0.717252,0.337041],[-0.5857,-0.694436,-0.417988],[0.533857,0.0575174,-0.843617]]],"btipPosition":[-11.0763,287.34,25.9987],"carpPosition":[3.93011,324.036,83.5843],"dipPosition":[-1.10443,288.414,10.2408],"direction":[-0.778659,-0.463219,0.423224],"extended":false,"handId":609,"id":6093,"length":64.4113,"mcpPosition":[35.8149,329.054,29.92],"pipPosition":[20.4602,301.243,-1.48023],"stabilizedTipPosition":[-53.2591,305.479,169.516],"timeVisible":0.388587,"tipPosition":[-9.05869,287.716,23.4571],"tipVelocity":[42.7712,-8.50244,-229.456],"tool":false,"touchDistance":0.333333,"touchZone":"none","type":3,"width":18.0722},{"bases":[[[0.459491,-0.824201,0.330999],[0.631298,0.565211,0.531036],[-0.624765,-0.0350472,0.780026]],[[0.421577,-0.824828,0.376738],[0.82184,0.17197,-0.543144],[0.383213,0.538595,0.750375]],[[0.421577,-0.824828,0.376738],[-0.157169,-0.475639,-0.865486],[0.893068,0.305657,-0.330156]],[[0.421577,-0.824828,0.376738],[-0.65094,-0.564518,-0.507539],[0.631308,-0.0312669,-0.774902]]],"btipPosition":[3.86724,288.641,33.4741],"carpPosition":[9.53778,311.087,85.4086],"dipPosition":[14.7461,288.103,20.1208],"direction":[-0.893068,-0.305658,0.330156],"extended":false,"handId":609,"id":6094,"length":50.4973,"mcpPosition":[45.7553,313.119,40.1907],"pipPosition":[32.2088,294.079,13.6651],"stabilizedTipPosition":[-31.5329,303.018,166.696],"timeVisible":0.388587,"tipPosition":[6.49169,288.109,31.2522],"tipVelocity":[35.6038,0.825216,-229.711],"tool":false,"touchDistance":0.333333,"touchZone":"none","type":4,"width":16.0532}],"r":[[0.928259,0.336775,0.157854],[-0.330429,0.941544,-0.0656623],[-0.17074,0.00879215,0.985277]],"s":0.93915,"t":[60.207,-13.7951,-186.802],"timestamp":522857492925},false],[3,{"currentFrameRate":102.866,"devices":[],"gestures":[],"hands":[{"armBasis":[[0.868474,-0.490416,-0.0724234],[0.494326,0.845706,0.201057],[-0.0373525,-0.210413,0.976899]],"armWidth":63.703,"confidence":0.818903,"direction":[0.476055,0.271213,-0.83655],"elbow":[-17.4337,258.399,349.993],"grabStrength":0,"id":609,"palmNormal":[-0.369805,-0.801324,-0.470238],"palmPosition":[10.6713,330.44,36.9657],"palmVelocity":[29.8496,-11.6641,-181.715],"palmWidth":90.9658,"pinchStrength":0.89425,"r":[[0.927646,0.33679,0.161385],[-0.330636,0.941558,-0.0644086],[-0.173646,0.00638868,0.984787]],"s":0.93938,"sphereCenter":[4.54797,299.061,2.41622],"sphereRadius":43.5859,"stabilizedPalmPosition":[-43.7716,344.707,209.455],"t":[60.4694,-13.8976,-188.317],"timeVisible":0.397857,"type":"right","wrist":[-7.35119,315.196,86.301]}],"id":4209594,"interactionBox":{"center":[0,200,0],"size":[235.247,235.247,147.751]},"pointables":[{"bases":[[[0.744723,0.555083,0.370501],[-0.662536,0.68165,0.310482],[-0.0802085,-0.476693,0.875403]],[[0.710207,0.703404,-0.0287875],[-0.698226,0.698576,-0.156434],[-0.0899262,0.131201,0.987269]],[[0.710207,0.703404,-0.0287875],[-0.68063,0.675616,-0.283346],[-0.179858,0.220828,0.958586]],[[0.710207,0.703404,-0.0287875],[-0.388829,0.357844,-0.848976],[-0.586872,0.614142,0.527647]]],"btipPosition":[-11.363,292.369,-18.2174],"carpPosition":[-35.7127,320.813,76.0719],"dipPosition":[-25.0942,306.738,-5.87186],"direction":[0.179858,-0.220828,-0.958586],"extended":false,"handId":609,"id":6090,"length":52.1025,"mcpPosition":[-35.7127,320.813,76.0719],"pipPosition":[-31.2249,314.265,26.803],"stabilizedTipPosition":[-59.2304,313.866,118.461],"timeVisible":0.397857,"tipPosition":[-14.8409,295.906,-15.6282],"tipVelocity":[53.8149,4.1169,-204.027],"tool":false,"touchDistance":-0.582765,"touchZone":"hovering","type":0,"width":20.2446},{"bases":[[[0.866486,-0.480112,0.136728],[0.415457,0.8454,0.335699],[-0.276763,-0.234074,0.931993]],[[0.816787,-0.509145,0.271349],[0.504807,0.858406,0.0911505],[-0.279336,0.0625281,0.958155]],[[0.816787,-0.509145,0.271349],[0.541994,0.838349,-0.0584203],[-0.197741,0.194786,0.960706]],[[0.816787,-0.509145,0.271349],[0.560984,0.810718,-0.167429],[-0.134742,0.288976,0.947807]]],"btipPosition":[22.4759,339.967,-70.5235],"carpPosition":[-16.9575,335.079,78.5823],"dipPosition":[20.1744,344.903,-54.3339],"direction":[0.197741,-0.194786,-0.960706],"extended":true,"handId":609,"id":6091,"length":58.7918,"mcpPosition":[3.39843,352.295,10.0342],"pipPosition":[15.3962,349.61,-31.1195],"stabilizedTipPosition":[-34.534,348.999,79.2064],"timeVisible":0.397857,"tipPosition":[21.4887,339.873,-66.6519],"tipVelocity":[73.5976,41.1069,-176.296],"tool":false,"touchDistance":-0.585742,"touchZone":"hovering","type":1,"width":19.3376},{"bases":[[[0.737522,-0.644361,0.202141],[0.549788,0.746717,0.374362],[-0.392167,-0.164965,0.904982]],[[0.730698,-0.647091,0.217609],[0.576472,0.414059,-0.70444],[0.365734,0.640178,0.675582]],[[0.730698,-0.647091,0.217609],[-0.204078,-0.511205,-0.834878],[0.651485,0.565635,-0.505593]],[[0.730698,-0.647091,0.217609],[-0.552292,-0.747658,-0.368755],[0.401315,0.149264,-0.903696]]],"btipPosition":[-21.8666,292.582,15.9443],"carpPosition":[-5.53578,330.809,80.2698],"dipPosition":[-14.3271,295.386,-1.03339],"direction":[-0.651485,-0.565635,0.505593],"extended":false,"handId":609,"id":6092,"length":66.9886,"mcpPosition":[21.8176,342.315,17.1478],"pipPosition":[4.19381,311.467,-15.4068],"stabilizedTipPosition":[-60.6919,308.678,149.297],"timeVisible":0.397857,"tipPosition":[-20.3692,293.166,12.6649],"tipVelocity":[43.302,-7.79025,-205.711],"tool":false,"touchDistance":0.333333,"touchZone":"none","type":2,"width":18.9921},{"bases":[[[0.628215,-0.716058,0.304314],[0.588294,0.693133,0.416506],[-0.509172,-0.0826289,0.856689]],[[0.60951,-0.718565,0.334904],[0.714274,0.314463,-0.62524],[0.343961,0.620304,0.704921]],[[0.60951,-0.718565,0.334904],[-0.147581,-0.517903,-0.842613],[0.77892,0.464156,-0.421714]],[[0.60951,-0.718565,0.334904],[-0.585979,-0.692879,-0.420176],[0.533972,0.0598549,-0.843381]]],"btipPosition":[-10.7295,287.236,24.6318],"carpPosition":[4.29439,323.742,82.335],"dipPosition":[-0.75541,288.354,8.87826],"direction":[-0.77892,-0.464156,0.421714],"extended":false,"handId":609,"id":6093,"length":64.4113,"mcpPosition":[36.1804,328.916,28.6863],"pipPosition":[20.8165,301.208,-2.80094],"stabilizedTipPosition":[-53.2555,305.478,169.504],"timeVisible":0.397857,"tipPosition":[-8.70839,287.617,22.0834],"tipVelocity":[41.279,-8.95589,-206.339],"tool":false,"touchDistance":0.333333,"touchZone":"none","type":3,"width":18.0722},{"bases":[[[0.459164,-0.825426,0.328391],[0.631532,0.56328,0.532806],[-0.624768,-0.0372564,0.779921]],[[0.418821,-0.826132,0.376955],[0.823473,0.170572,-0.541107],[0.382728,0.53704,0.751736]],[[0.418821,-0.826132,0.376955],[-0.156336,-0.474519,-0.866251],[0.89451,0.303873,-0.327893]],[[0.418821,-0.826132,0.376955],[-0.651164,-0.562562,-0.509421],[0.632909,-0.0321034,-0.77356]]],"btipPosition":[4.1879,288.572,32.0744],"carpPosition":[9.89688,310.785,84.1183],"dipPosition":[15.0943,288.018,18.7443],"direction":[-0.89451,-0.303873,0.327893],"extended":false,"handId":609,"id":6094,"length":50.4973,"mcpPosition":[46.1145,312.944,38.9065],"pipPosition":[32.5852,293.96,12.3328],"stabilizedTipPosition":[-31.531,303.018,166.689],"timeVisible":0.397857,"tipPosition":[6.82327,288.028,29.836],"tipVelocity":[35.5114,-1.62954,-207.387],"tool":false,"touchDistance":0.333333,"touchZone":"none","type":4,"width":16.0532}],"r":[[0.927646,0.33679,0.161385],[-0.330636,0.941558,-0.0644086],[-0.173646,0.00638868,0.984787]],"s":0.93938,"t":[60.4694,-13.8976,-188.317],"timestamp":522857502195},false],[4,{"currentFrameRate":103.337,"devices":[],"gestures":[],"hands":[{"armBasis":[[0.86698,-0.492593,-0.0754841],[0.497274,0.845226,0.195732],[-0.032615,-0.207232,0.977748]],"armWidth":63.703,"confidence":0.827047,"direction":[0.477479,0.272391,-0.835355],"elbow":[-16.0877,259.101,349.288],"grabStrength":0,"id":609,"palmNormal":[-0.369552,-0.800293,-0.47219],"palmPosition":[10.8221,330.359,36.0849],"palmVelocity":[26.4369,-11.0211,-159.808],"palmWidth":90.9658,"pinchStrength":0.893729,"r":[[0.927137,0.336633,0.164607],[-0.330677,0.941627,-0.063179],[-0.176266,0.004144,0.984334]],"s":0.939594,"sphereCenter":[4.70744,299.088,1.45095],"sphereRadius":43.5871,"stabilizedPalmPosition":[-43.7688,344.706,209.446],"t":[60.676,-13.9897,-189.515],"timeVisible":0.406641,"type":"right","wrist":[-7.28401,315.039,85.3663]}],"id":4209595,"interactionBox":{"center":[0,200,0],"size":[235.247,235.247,147.751]},"pointables":[{"bases":[[[0.744479,0.554008,0.372593],[-0.662614,0.681492,0.310662],[-0.0818101,-0.478167,0.874451]],[[0.710748,0.702962,-0.026108],[-0.697494,0.699431,-0.155881],[-0.0913175,0.129002,0.987431]],[[0.710748,0.702962,-0.026108],[-0.679735,0.676763,-0.28276],[-0.1811,0.218717,0.958835]],[[0.710748,0.702962,-0.026108],[-0.38794,0.360737,-0.848157],[-0.586804,0.612955,0.5291]]],"btipPosition":[-11.1668,292.456,-19.2359],"carpPosition":[-35.6267,320.69,75.104],"dipPosition":[-24.8965,306.797,-6.85635],"direction":[0.1811,-0.218717,-0.958835],"extended":false,"handId":609,"id":6090,"length":52.1025,"mcpPosition":[-35.6267,320.69,75.104],"pipPosition":[-31.0696,314.253,25.827],"stabilizedTipPosition":[-59.2209,313.862,118.433],"timeVisible":0.406641,"tipPosition":[-14.6271,295.957,-16.6175],"tipVelocity":[45.3581,5.4729,-180.097],"tool":false,"touchDistance":-0.567982,"touchZone":"hovering","type":0,"width":20.2446},{"bases":[[[0.866001,-0.480849,0.137207],[0.415433,0.844576,0.337797],[-0.278311,-0.235533,0.931164]],[[0.816115,-0.510074,0.271628],[0.504691,0.858063,0.0949442],[-0.281502,0.059603,0.957708]],[[0.816115,-0.510074,0.271628],[0.542349,0.838335,-0.055245],[-0.199536,0.192403,0.960815]],[[0.816115,-0.510074,0.271628],[0.561618,0.810815,-0.164815],[-0.136172,0.287059,0.948185]]],"btipPosition":[22.8409,340.152,-71.367],"carpPosition":[-16.8672,334.941,77.6676],"dipPosition":[20.515,345.056,-55.1711],"direction":[0.199536,-0.192403,-0.960815],"extended":true,"handId":609,"id":6091,"length":58.7918,"mcpPosition":[3.60259,352.265,9.1805],"pipPosition":[15.6934,349.705,-31.954],"stabilizedTipPosition":[-34.4545,348.988,79.0011],"timeVisible":0.406641,"tipPosition":[21.8501,340.073,-67.5038],"tipVelocity":[64.8071,35.4982,-154.663],"tool":false,"touchDistance":-0.568133,"touchZone":"hovering","type":1,"width":19.3376},{"bases":[[[0.736844,-0.645137,0.202139],[0.549649,0.745748,0.376492],[-0.393634,-0.166311,0.904098]],[[0.729999,-0.647889,0.217583],[0.577843,0.415081,-0.702713],[0.364965,0.638708,0.677386]],[[0.729999,-0.647889,0.217583],[-0.203,-0.509539,-0.836159],[0.652605,0.566225,-0.503484]],[[0.729999,-0.647889,0.217583],[-0.552128,-0.746685,-0.370967],[0.402811,0.150671,-0.902796]]],"btipPosition":[-21.7019,292.556,14.9374],"carpPosition":[-5.45048,330.662,79.365],"dipPosition":[-14.1343,295.387,-2.02346],"direction":[-0.652605,-0.566225,0.503484],"extended":false,"handId":609,"id":6092,"length":66.9886,"mcpPosition":[22.0052,342.262,16.3047],"pipPosition":[4.41847,311.484,-16.3369],"stabilizedTipPosition":[-60.6886,308.677,149.286],"timeVisible":0.406641,"tipPosition":[-20.1969,293.146,11.6562],"tipVelocity":[36.8968,-6.30144,-181.096],"tool":false,"touchDistance":0.333333,"touchZone":"none","type":2,"width":18.9921},{"bases":[[[0.627341,-0.716949,0.304021],[0.58806,0.692068,0.418601],[-0.510518,-0.083823,0.855771]],[[0.608407,-0.719518,0.334866],[0.715702,0.315102,-0.623283],[0.342946,0.618874,0.70667]],[[0.608407,-0.719518,0.334866],[-0.146282,-0.516386,-0.843769],[0.780027,0.46437,-0.419426]],[[0.608407,-0.719518,0.334866],[-0.58568,-0.691804,-0.422358],[0.535556,0.0608413,-0.842305]]],"btipPosition":[-10.582,287.194,23.6255],"carpPosition":[4.37248,323.585,81.4328],"dipPosition":[-0.578329,288.33,7.89206],"direction":[-0.780027,-0.46437,0.419426],"extended":false,"handId":609,"id":6093,"length":64.4113,"mcpPosition":[36.3428,328.834,27.8416],"pipPosition":[21.0242,301.191,-3.72378],"stabilizedTipPosition":[-53.2525,305.477,169.494],"timeVisible":0.406641,"tipPosition":[-8.55193,287.574,21.0681],"tipVelocity":[34.9009,-7.71242,-181.512],"tool":false,"touchDistance":0.333333,"touchZone":"none","type":3,"width":18.0722},{"bases":[[[0.458191,-0.82626,0.327651],[0.631047,0.561989,0.534741],[-0.625972,-0.0382504,0.778907]],[[0.415055,-0.826962,0.379294],[0.826249,0.168106,-0.537636],[0.380843,0.53654,0.75305]],[[0.415055,-0.826962,0.379294],[-0.153847,-0.474691,-0.866602],[0.896694,0.301335,-0.324248]],[[0.415055,-0.826962,0.379294],[-0.650554,-0.561207,-0.511689],[0.63601,-0.034372,-0.770915]]],"btipPosition":[4.29608,288.573,31.0537],"carpPosition":[9.96482,310.622,83.2021],"dipPosition":[15.2559,287.98,17.7692],"direction":[-0.896694,-0.301335,0.324248],"extended":false,"handId":609,"id":6094,"length":50.4973,"mcpPosition":[46.2522,312.839,38.0491],"pipPosition":[32.7895,293.873,11.4289],"stabilizedTipPosition":[-31.5295,303.017,166.684],"timeVisible":0.406641,"tipPosition":[6.94546,288.012,28.811],"tipVelocity":[29.6488,-1.43185,-182.539],"tool":false,"touchDistance":0.333333,"touchZone":"none","type":4,"width":16.0532}],"r":[[0.927137,0.336633,0.164607],[-0.330677,0.941627,-0.063179],[-0.176266,0.004144,0.984334]],"s":0.939594,"t":[60.676,-13.9897,-189.515],"timestamp":522857510979},false],[5,{"currentFrameRate":103.648,"devices":[],"gestures":[],"hands":[{"armBasis":[[0.865229,-0.496056,-0.0728583],[0.500106,0.843532,0.195826],[-0.0356821,-0.205871,0.977928]],"armWidth":63.703,"confidence":0.827169,"direction":[0.476348,0.276118,-0.834777],"elbow":[-16.1143,259.011,346.866],"grabStrength":0,"id":609,"palmNormal":[-0.371573,-0.797251,-0.475736],"palmPosition":[11.5556,330.135,33.6633],"palmVelocity":[41.4928,-14.7881,-189.482],"palmWidth":90.9658,"pinchStrength":0.893761,"r":[[0.926881,0.336059,0.167199],[-0.330464,0.94184,-0.0610784],[-0.178,0.00135924,0.984029]],"s":0.939937,"sphereCenter":[5.28242,299.139,-1.14247],"sphereRadius":43.5782,"stabilizedPalmPosition":[-43.766,344.706,209.437],"t":[61.1461,-14.1474,-191.325],"timeVisible":0.415702,"type":"right","wrist":[-6.48268,314.581,82.8961]}],"id":4209596,"interactionBox":{"center":[0,200,0],"size":[235.247,235.247,147.751]},"pointables":[{"bases":[[[0.74596,0.550957,0.374152],[-0.661058,0.680793,0.315474],[-0.0809071,-0.482667,0.872059]],[[0.711779,0.702012,-0.0234514],[-0.696692,0.701347,-0.150774],[-0.0893979,0.123656,0.98829]],[[0.711779,0.702012,-0.0234514],[-0.679139,0.679298,-0.278072],[-0.179279,0.213852,0.960274]],[[0.711779,0.702012,-0.0234514],[-0.389042,0.366216,-0.8453],[-0.584823,0.61079,0.533777]]],"btipPosition":[-10.5802,292.576,-21.8255],"carpPosition":[-34.8358,320.328,72.7158],"dipPosition":[-24.2635,306.867,-9.33649],"direction":[0.179279,-0.213852,-0.960274],"extended":false,"handId":609,"id":6090,"length":52.1025,"mcpPosition":[-34.8358,320.328,72.7158],"pipPosition":[-30.3745,314.157,23.3959],"stabilizedTipPosition":[-59.2121,313.859,118.406],"timeVisible":0.415702,"tipPosition":[-14.0271,296.056,-19.1727],"tipVelocity":[51.037,7.27738,-208.518],"tool":false,"touchDistance":-0.577983,"touchZone":"hovering","type":0,"width":20.2446},{"bases":[[[0.865552,-0.482815,0.133075],[0.417273,0.842178,0.341496],[-0.276952,-0.240054,0.930415]],[[0.815858,-0.512683,0.267455],[0.505739,0.85689,0.0998352],[-0.280363,0.053811,0.958384]],[[0.815858,-0.512683,0.267455],[0.543314,0.837976,-0.051043],[-0.197952,0.186956,0.962217]],[[0.815858,-0.512683,0.267455],[0.562456,0.810954,-0.161233],[-0.134232,0.281975,0.949985]]],"btipPosition":[23.4368,340.548,-73.7529],"carpPosition":[-16.051,334.538,75.3203],"dipPosition":[21.144,345.365,-57.5262],"direction":[0.197952,-0.186956,-0.962217],"extended":true,"handId":609,"id":6091,"length":58.7918,"mcpPosition":[4.3188,352.194,6.88832],"pipPosition":[16.3607,349.883,-34.2752],"stabilizedTipPosition":[-34.3753,348.978,78.7952],"timeVisible":0.415702,"tipPosition":[22.4544,340.474,-69.8951],"tipVelocity":[65.3031,37.1603,-184.452],"tool":false,"touchDistance":-0.575335,"touchZone":"hovering","type":1,"width":19.3376},{"bases":[[[0.736275,-0.647257,0.197375],[0.551416,0.742954,0.379422],[-0.392224,-0.170523,0.903926]],[[0.729458,-0.65008,0.212809],[0.577227,0.418088,-0.701435],[0.367016,0.634507,0.680221]],[[0.729458,-0.65008,0.212809],[-0.205161,-0.504719,-0.838551],[0.652534,0.568027,-0.501543]],[[0.729458,-0.65008,0.212809],[-0.553852,-0.743904,-0.373972],[0.401421,0.154932,-0.902694]]],"btipPosition":[-21.0579,292.492,12.3648],"carpPosition":[-4.63746,330.233,76.9741],"dipPosition":[-13.5165,295.403,-4.59416],"direction":[-0.652534,-0.568027,0.501543],"extended":false,"handId":609,"id":6092,"length":66.9886,"mcpPosition":[22.7199,342.127,13.9258],"pipPosition":[5.03431,311.551,-18.8524],"stabilizedTipPosition":[-60.6855,308.676,149.276],"timeVisible":0.415702,"tipPosition":[-19.5558,293.099,9.07881],"tipVelocity":[46.1513,-5.9488,-209.479],"tool":false,"touchDistance":0.333333,"touchZone":"none","type":2,"width":18.9921},{"bases":[[[0.626854,-0.719449,0.299076],[0.589826,0.688997,0.421175],[-0.509077,-0.087613,0.856251]],[[0.607435,-0.722216,0.330797],[0.714588,0.314907,-0.624658],[0.346968,0.615823,0.707372]],[[0.607435,-0.722216,0.330797],[-0.150462,-0.513493,-0.844799],[0.77999,0.463388,-0.42058]],[[0.607435,-0.722216,0.330797],[-0.588476,-0.688841,-0.423313],[0.53359,0.0624693,-0.843433]]],"btipPosition":[-10.0077,287.11,21.1708],"carpPosition":[5.17898,323.131,78.9865],"dipPosition":[-0.0407185,288.277,5.41634],"direction":[-0.779989,-0.463388,0.42058],"extended":false,"handId":609,"id":6093,"length":64.4113,"mcpPosition":[37.059,328.618,25.3652],"pipPosition":[21.5608,301.11,-6.23147],"stabilizedTipPosition":[-53.2496,305.475,169.484],"timeVisible":0.415702,"tipPosition":[-7.93914,287.474,18.4896],"tipVelocity":[42.5095,-7.91465,-206.346],"tool":false,"touchDistance":0.333333,"touchZone":"none","type":3,"width":18.0722},{"bases":[[[0.45759,-0.82864,0.322438],[0.632836,0.558243,0.536547],[-0.624604,-0.0414683,0.77984]],[[0.412325,-0.8295,0.37672],[0.826664,0.16686,-0.537386],[0.382902,0.532999,0.754518]],[[0.412325,-0.8295,0.37672],[-0.155701,-0.471585,-0.867966],[0.897633,0.299228,-0.323601]],[[0.412325,-0.8295,0.37672],[-0.652486,-0.557462,-0.51332],[0.635806,-0.0341499,-0.771093]]],"btipPosition":[4.92007,288.451,28.413],"carpPosition":[10.7557,310.151,80.677],"dipPosition":[15.8764,287.862,15.1254],"direction":[-0.897633,-0.299228,0.323601],"extended":false,"handId":609,"id":6094,"length":50.4973,"mcpPosition":[46.9639,312.555,35.4699],"pipPosition":[33.4284,293.713,8.7978],"stabilizedTipPosition":[-31.5281,303.017,166.679],"timeVisible":0.415702,"tipPosition":[7.57865,287.882,26.1384],"tipVelocity":[40.4544,-4.73055,-212.634],"tool":false,"touchDistance":0.333333,"touchZone":"none","type":4,"width":16.0532}],"r":[[0.926881,0.336059,0.167199],[-0.330464,0.94184,-0.0610784],[-0.178,0.00135924,0.984029]],"s":0.939937,"t":[61.1461,-14.1474,-191.325],"timestamp":522857520040},false],[6,{"currentFrameRate":103.92,"devices":[],"gestures":[],"hands":[{"armBasis":[[0.864824,-0.496644,-0.0736539],[0.500831,0.843026,0.196151],[-0.0353247,-0.206524,0.977804]],"armWidth":63.703,"confidence":0.828943,"direction":[0.478239,0.277867,-0.833113],"elbow":[-15.8943,258.606,345.282],"grabStrength":0,"id":609,"palmNormal":[-0.370715,-0.796099,-0.478327],"palmPosition":[11.7905,330.012,32.1868],"palmVelocity":[37.1329,-14.4291,-181.866],"palmWidth":90.9658,"pinchStrength":0.894093,"r":[[0.926615,0.335475,0.169826],[-0.330227,0.942048,-0.0591214],[-0.179818,-0.00129851,0.983699]],"s":0.940187,"sphereCenter":[5.55505,299.143,-2.7139],"sphereRadius":43.5688,"stabilizedPalmPosition":[-43.7635,344.705,209.429],"t":[61.4986,-14.2878,-192.968],"timeVisible":0.424814,"type":"right","wrist":[-6.35916,314.353,81.3451]}],"id":4209597,"interactionBox":{"center":[0,200,0],"size":[235.247,235.247,147.751]},"pointables":[{"bases":[[[0.745267,0.549944,0.377013],[-0.661589,0.680243,0.315545],[-0.0829287,-0.484593,0.8708]],[[0.71202,0.701868,-0.0202073],[-0.696164,0.701895,-0.150661],[-0.0915609,0.121341,0.988379]],[[0.71202,0.701868,-0.0202073],[-0.67825,0.680044,-0.27842],[-0.181672,0.211946,0.960247]],[[0.71202,0.701868,-0.0202073],[-0.386908,0.368163,-0.845434],[-0.585943,0.609784,0.533698]]],"btipPosition":[-10.2172,292.581,-23.4273],"carpPosition":[-34.6886,320.128,71.1157],"dipPosition":[-23.9267,306.848,-10.9402],"direction":[0.181672,-0.211946,-0.960247],"extended":false,"handId":609,"id":6090,"length":52.1025,"mcpPosition":[-34.6886,320.128,71.1157],"pipPosition":[-30.1193,314.073,21.7913],"stabilizedTipPosition":[-59.2042,313.856,118.382],"timeVisible":0.424814,"tipPosition":[-13.6701,296.053,-20.7734],"tipVelocity":[47.744,5.24327,-199.451],"tool":false,"touchDistance":-0.572552,"touchZone":"hovering","type":0,"width":20.2446},{"bases":[[[0.865147,-0.483315,0.133892],[0.416719,0.841315,0.344288],[-0.279045,-0.242064,0.929268]],[[0.815148,-0.513472,0.268103],[0.505555,0.856575,0.103413],[-0.28275,0.0512438,0.957824]],[[0.815148,-0.513472,0.268103],[0.543601,0.837977,-0.0478804],[-0.200079,0.184771,0.9622]],[[0.815148,-0.513472,0.268103],[0.563036,0.811101,-0.158446],[-0.136101,0.280109,0.950271]]],"btipPosition":[23.9213,340.682,-75.1762],"carpPosition":[-15.9063,334.328,73.793],"dipPosition":[21.5966,345.466,-58.9446],"direction":[0.200079,-0.184771,-0.9622],"extended":true,"handId":609,"id":6091,"length":58.7918,"mcpPosition":[4.61748,352.132,5.44537],"pipPosition":[16.7619,349.931,-35.6941],"stabilizedTipPosition":[-34.3003,348.969,78.6002],"timeVisible":0.424814,"tipPosition":[22.9367,340.619,-71.3249],"tipVelocity":[61.7144,30.6881,-176.58],"tool":false,"touchDistance":-0.567468,"touchZone":"hovering","type":1,"width":19.3376},{"bases":[[[0.735692,-0.64787,0.197541],[0.550755,0.741975,0.382286],[-0.394242,-0.172447,0.902682]],[[0.728843,-0.650724,0.212947],[0.57892,0.419637,-0.699111],[0.365568,0.632821,0.682567]],[[0.728843,-0.650724,0.212947],[-0.203343,-0.502707,-0.840201],[0.653789,0.569073,-0.498715]],[[0.728843,-0.650724,0.212947],[-0.553172,-0.742924,-0.376915],[0.403471,0.156915,-0.901437]]],"btipPosition":[-20.7815,292.425,10.7226],"carpPosition":[-4.49736,330.017,75.4622],"dipPosition":[-13.2015,295.373,-6.21273],"direction":[-0.653789,-0.569073,0.498715],"extended":false,"handId":609,"id":6092,"length":66.9886,"mcpPosition":[23.0008,342.045,12.5006],"pipPosition":[5.38496,311.551,-20.3906],"stabilizedTipPosition":[-60.6826,308.675,149.266],"timeVisible":0.424814,"tipPosition":[-19.2698,293.039,7.43627],"tipVelocity":[42.0341,-6.08825,-201.195],"tool":false,"touchDistance":0.333333,"touchZone":"none","type":2,"width":18.9921},{"bases":[[[0.626031,-0.720263,0.298841],[0.589061,0.687916,0.424003],[-0.510971,-0.0894034,0.854936]],[[0.60627,-0.723128,0.330943],[0.716102,0.315413,-0.622666],[0.345883,0.614493,0.709058]],[[0.60627,-0.723128,0.330943],[-0.149024,-0.512078,-0.845912],[0.781172,0.463532,-0.418221]],[[0.60627,-0.723128,0.330943],[-0.587924,-0.687782,-0.425795],[0.535521,0.0635768,-0.842125]]],"btipPosition":[-9.77535,287.034,19.5818],"carpPosition":[5.31302,322.908,77.4802],"dipPosition":[0.227656,288.222,3.85173],"direction":[-0.781172,-0.463532,0.418221],"extended":false,"handId":609,"id":6093,"length":64.4113,"mcpPosition":[37.3117,328.507,23.9412],"pipPosition":[21.8619,301.059,-7.73075],"stabilizedTipPosition":[-53.2471,305.474,169.476],"timeVisible":0.424814,"tipPosition":[-7.68606,287.394,16.8653],"tipVelocity":[38.041,-7.87954,-197.308],"tool":false,"touchDistance":0.333333,"touchZone":"none","type":3,"width":18.0722},{"bases":[[[0.456691,-0.829466,0.321589],[0.631788,0.556895,0.539177],[-0.62632,-0.043061,0.778376]],[[0.408713,-0.830368,0.37874],[0.82878,0.163897,-0.535034],[0.3822,0.532567,0.755179]],[[0.408713,-0.830368,0.37874],[-0.154554,-0.471961,-0.867966],[0.899482,0.296213,-0.321233]],[[0.408713,-0.830368,0.37874],[-0.652292,-0.556019,-0.515129],[0.638333,-0.0365091,-0.768894]]],"btipPosition":[5.09199,288.43,26.8673],"carpPosition":[10.8831,309.923,79.1539],"dipPosition":[16.0919,287.801,13.6175],"direction":[-0.899482,-0.296213,0.321233],"extended":false,"handId":609,"id":6094,"length":50.4973,"mcpPosition":[47.1907,312.419,34.0317],"pipPosition":[33.68,293.593,7.33626],"stabilizedTipPosition":[-31.5269,303.016,166.674],"timeVisible":0.424814,"tipPosition":[7.77634,287.844,24.5474],"tipVelocity":[34.7692,-4.32459,-200.438],"tool":false,"touchDistance":0.333333,"touchZone":"none","type":4,"width":16.0532}],"r":[[0.926615,0.335475,0.169826],[-0.330227,0.942048,-0.0591214],[-0.179818,-0.00129851,0.983699]],"s":0.940187,"t":[61.4986,-14.2878,-192.968],"timestamp":522857529152}