{"sensorType":"Leap","data":[[0,{"currentFrameRate":98.0102,"devices":[],"gestures":[],"hands":[{"armBasis":[[0.827901,-0.556491,-0.0699779],[0.560415,0.815717,0.143319],[-0.0226737,-0.157871,0.987199]],"armWidth":63.703,"confidence":0.833673,"direction":[0.509703,0.249758,-0.8233],"elbow":[-10.5234,278.662,355.729],"grabStrength":0,"id":612,"palmNormal":[-0.399708,-0.77865,-0.483671],"palmPosition":[15.5813,335.783,40.4569],"palmVelocity":[93.8585,-59.5204,-167.477],"palmWidth":90.9658,"pinchStrength":0.71647,"r":[[0.957471,0.0837717,0.276101],[-0.0612902,0.994136,-0.0890869],[-0.281945,0.0683759,0.956991]],"s":0.97349,"sphereCenter":[14.8474,297.849,9.50515],"sphereRadius":45.8308,"stabilizedPalmPosition":[-25.3248,351.138,107.971],"t":[131.141,-33.0382,-195.916],"timeVisible":0.497427,"type":"right","wrist":[-4.40316,321.276,89.2559]}],"id":4210485,"interactionBox":{"center":[0,200,0],"size":[235.247,235.247,147.751]},"pointables":[{"bases":[[[0.763541,0.513559,0.391488],[-0.633308,0.713998,0.298545],[-0.126201,-0.475883,0.870407]],[[0.734477,0.676078,-0.0588463],[-0.676732,0.723173,-0.13804],[-0.0507698,0.14121,0.988677]],[[0.734477,0.676078,-0.0588463],[-0.644916,0.668362,-0.370642],[-0.211253,0.310179,0.92691]],[[0.734477,0.676078,-0.0588463],[-0.35908,0.313584,-0.879049],[-0.575852,0.666771,0.473086]]],"btipPosition":[-8.96813,295.199,-13.6192],"carpPosition":[-32.176,328.419,78.3841],"dipPosition":[-22.4416,310.8,-2.55021],"direction":[0.211253,-0.310179,-0.92691],"extended":false,"handId":612,"id":6120,"length":52.1025,"mcpPosition":[-32.176,328.419,78.3841],"pipPosition":[-29.6424,321.372,29.0449],"stabilizedTipPosition":[-42.7875,314.234,42.4392],"timeVisible":0.497427,"tipPosition":[-11.7294,299.065,-11.0764],"tipVelocity":[80.6055,-60.7464,-162.989],"tool":false,"touchDistance":-0.595261,"touchZone":"hovering","type":0,"width":20.2446},{"bases":[[[0.836628,-0.525502,0.1546],[0.450846,0.820895,0.350526],[-0.311112,-0.223559,0.923705]],[[0.761384,-0.558634,0.328972],[0.582715,0.812108,0.0304013],[-0.284144,0.16855,0.94385]],[[0.761384,-0.558634,0.328972],[0.630649,0.755818,-0.176126],[-0.150252,0.341565,0.92777]],[[0.761384,-0.558634,0.328972],[0.646341,0.693518,-0.318238],[-0.0503692,0.454929,0.889102]]],"btipPosition":[26.8108,334.85,-64.6563],"carpPosition":[-12.7668,341.671,81.4268],"dipPosition":[25.9504,342.621,-49.4695],"direction":[0.150252,-0.341565,-0.92777],"extended":true,"handId":612,"id":6121,"length":58.7918,"mcpPosition":[10.1155,358.114,13.4883],"pipPosition":[22.3197,350.875,-27.0509],"stabilizedTipPosition":[1.15381,349.734,-17.1471],"timeVisible":0.497427,"tipPosition":[26.5869,336.152,-60.924],"tipVelocity":[77.6398,-57.0588,-173.786],"tool":false,"touchDistance":-0.51858,"touchZone":"hovering","type":1,"width":19.3376},{"bases":[[[0.697705,-0.683065,0.215938],[0.578858,0.715128,0.391811],[-0.422056,-0.148371,0.894346]],[[0.689936,-0.685644,0.232122],[0.554434,0.294372,-0.778427],[0.465394,0.665761,0.583242]],[[0.689936,-0.685644,0.232122],[-0.31272,-0.57152,-0.758664],[0.652835,0.450841,-0.608727]],[[0.689936,-0.685644,0.232122],[-0.624882,-0.726001,-0.287131],[0.36539,0.0530533,-0.929341]]],"btipPosition":[-20.0402,301.254,27.6419],"carpPosition":[-1.62824,336.801,83.362],"dipPosition":[-13.1756,302.251,10.1823],"direction":[-0.652835,-0.450841,0.608727],"extended":false,"handId":612,"id":6122,"length":66.9886,"mcpPosition":[27.8099,347.149,20.9819],"pipPosition":[5.38374,315.068,-7.12307],"stabilizedTipPosition":[-52.4723,315.319,81.6394],"timeVisible":0.497427,"tipPosition":[-18.5008,301.286,23.1842],"tipVelocity":[84.47,-54.5012,-159.008],"tool":false,"touchDistance":0.333333,"touchZone":"none","type":2,"width":18.9921},{"bases":[[[0.582356,-0.749407,0.31504],[0.613477,0.659404,0.434548],[-0.533392,-0.059792,0.843752]],[[0.568209,-0.750714,0.336997],[0.675408,0.19153,-0.712138],[0.470067,0.632253,0.615868]],[[0.568209,-0.750714,0.336997],[-0.286878,-0.564556,-0.773936],[0.771259,0.343081,-0.536149]],[[0.568209,-0.750714,0.336997],[-0.670572,-0.659788,-0.339136],[0.47694,-0.0332807,-0.878305]]],"btipPosition":[-10.0966,295.841,36.5267],"carpPosition":[7.76598,329.218,85.6203],"dipPosition":[-1.18778,295.219,20.1208],"direction":[-0.771259,-0.343081,0.536149],"extended":false,"handId":612,"id":6123,"length":64.4113,"mcpPosition":[41.1688,332.962,32.7817],"pipPosition":[20.1719,304.721,5.27234],"stabilizedTipPosition":[-41.2958,309.368,90.9794],"timeVisible":0.497427,"tipPosition":[-8.1501,295.691,33.1161],"tipVelocity":[87.1994,-57.0379,-170.422],"tool":false,"touchDistance":0.333333,"touchZone":"none","type":3,"width":18.0722},{"bases":[[[0.407285,-0.849873,0.334418],[0.647036,0.526926,0.551083],[-0.644564,-0.00806716,0.764508]],[[0.448896,-0.847492,0.283285],[0.714339,0.149878,-0.683562],[0.536855,0.50921,0.672676]],[[0.448896,-0.847492,0.283285],[-0.341436,-0.455641,-0.822078],[0.825781,0.272304,-0.493899]],[[0.448896,-0.847492,0.283285],[-0.734545,-0.530498,-0.423102],[0.508857,-0.0181574,-0.860659]]],"btipPosition":[6.11024,293.433,43.8522],"carpPosition":[12.6384,315.977,87.4609],"dipPosition":[14.879,293.12,29.0211],"direction":[-0.825781,-0.272304,0.493899],"extended":false,"handId":612,"id":6124,"length":50.4973,"mcpPosition":[50.0036,316.445,43.1425],"pipPosition":[31.026,298.444,19.3636],"stabilizedTipPosition":[-22.8236,306.392,94.0757],"timeVisible":0.497427,"tipPosition":[8.25051,293.177,40.2503],"tipVelocity":[86.6254,-57.8722,-166.927],"tool":false,"touchDistance":0.333333,"touchZone":"none","type":4,"width":16.0532}],"r":[[0.957471,0.0837717,0.276101],[-0.0612902,0.994136,-0.0890869],[-0.281945,0.0683759,0.956991]],"s":0.97349,"t":[131.141,-33.0382,-195.916],"timestamp":522867092899},false],[1,{"currentFrameRate":98.7247,"devices":[],"gestures":[],"hands":[{"armBasis":[[0.827556,-0.557265,-0.0678678],[0.560858,0.815497,0.142838],[-0.0242525,-0.156271,0.987416]],"armWidth":63.703,"confidence":0.838439,"direction":[0.507671,0.252057,-0.823855],"elbow":[-10.1352,278.354,354.596],"grabStrength":0,"id":612,"palmNormal":[-0.40054,-0.777572,-0.484716],"palmPosition":[16.2753,335.175,39.2557],"palmVelocity":[90.0645,-62.2489,-159.566],"palmWidth":90.9658,"pinchStrength":0.714316,"r":[[0.957994,0.0821136,0.274782],[-0.0596681,0.994235,-0.0890836],[-0.280513,0.0689458,0.957371]],"s":0.973851,"sphereCenter":[15.4324,297.39,8.1783],"sphereRadius":45.8096,"stabilizedPalmPosition":[-24.7807,350.929,107.073],"t":[131.936,-33.6526,-197.212],"timeVisible":0.50614,"type":"right","wrist":[-3.58879,320.536,88.0644]}],"id":4210486,"interactionBox":{"center":[0,200,0],"size":[235.247,235.247,147.751]},"pointables":[{"bases":[[[0.764259,0.51286,0.391003],[-0.632882,0.712984,0.301851],[-0.123971,-0.478151,0.869484]],[[0.734116,0.676484,-0.0586837],[-0.677232,0.723164,-0.135611],[-0.0493009,0.139297,0.989023]],[[0.734116,0.676484,-0.0586837],[-0.646128,0.669363,-0.366705],[-0.208789,0.307121,0.928485]],[[0.734116,0.676484,-0.0586837],[-0.364397,0.319563,-0.874697],[-0.572965,0.663513,0.481105]]],"btipPosition":[-8.40682,294.752,-14.9858],"carpPosition":[-31.3899,327.696,77.2761],"dipPosition":[-21.8127,310.276,-3.72918],"direction":[0.208789,-0.307121,-0.928484],"extended":false,"handId":612,"id":6120,"length":52.1025,"mcpPosition":[-31.3899,327.696,77.2761],"pipPosition":[-28.9296,320.745,27.9196],"stabilizedTipPosition":[-42.3199,313.996,41.62],"timeVisible":0.50614,"tipPosition":[-11.1646,298.581,-12.3628],"tipVelocity":[76.7591,-58.7664,-160.025],"tool":false,"touchDistance":-0.58392,"touchZone":"hovering","type":0,"width":20.2446},{"bases":[[[0.837193,-0.525564,0.151294],[0.45135,0.820177,0.351559],[-0.308855,-0.226037,0.923859]],[[0.762758,-0.55907,0.325025],[0.582063,0.812527,0.0316483],[-0.281785,0.165045,0.945176]],[[0.762758,-0.55907,0.325025],[0.629227,0.757609,-0.173498],[-0.149245,0.336851,0.929654]],[[0.762758,-0.55907,0.325025],[0.644717,0.696588,-0.314811],[-0.050407,0.449674,0.891769]]],"btipPosition":[27.3078,334.664,-65.9355],"carpPosition":[-11.9788,340.948,80.307],"dipPosition":[26.4468,342.344,-50.7032],"direction":[0.149245,-0.336851,-0.929654],"extended":true,"handId":612,"id":6121,"length":58.7918,"mcpPosition":[10.7375,357.573,12.3571],"pipPosition":[22.8405,350.484,-28.2391],"stabilizedTipPosition":[1.6172,349.497,-17.9556],"timeVisible":0.50614,"tipPosition":[27.0696,335.921,-62.1896],"tipVelocity":[72.1339,-48.1787,-166.261],"tool":false,"touchDistance":-0.514087,"touchZone":"hovering","type":1,"width":19.3376},{"bases":[[[0.698476,-0.683339,0.212556],[0.579499,0.714354,0.392274],[-0.419896,-0.150818,0.894953]],[[0.690748,-0.685961,0.228746],[0.552482,0.296573,-0.778979],[0.466509,0.664456,0.583838]],[[0.690748,-0.685961,0.228746],[-0.314287,-0.569709,-0.759378],[0.651222,0.452647,-0.609114]],[[0.690748,-0.685961,0.228746],[-0.625275,-0.725514,-0.287508],[0.363177,0.0555662,-0.930062]]],"btipPosition":[-19.3627,300.666,26.4369],"carpPosition":[-0.833756,336.077,82.2036],"dipPosition":[-12.5397,301.709,8.96383],"direction":[-0.651222,-0.452647,0.609114],"extended":false,"handId":612,"id":6122,"length":66.9886,"mcpPosition":[28.4537,346.596,19.7812],"pipPosition":[5.97382,314.578,-8.35258],"stabilizedTipPosition":[-52.0554,315.146,80.9275],"timeVisible":0.50614,"tipPosition":[-17.8337,300.71,21.977],"tipVelocity":[82.3843,-57.6628,-153.57],"tool":false,"touchDistance":0.333333,"touchZone":"none","type":2,"width":18.9921},{"bases":[[[0.583386,-0.749978,0.311759],[0.61424,0.658536,0.434787],[-0.531385,-0.0621538,0.844847]],[[0.569153,-0.751358,0.333956],[0.674055,0.193772,-0.712813],[0.470867,0.630804,0.616742]],[[0.569153,-0.751358,0.333956],[-0.288032,-0.562613,-0.774922],[0.770132,0.344859,-0.536627]],[[0.569153,-0.751358,0.333956],[-0.670994,-0.659173,-0.339496],[0.475218,-0.0308573,-0.879327]]],"btipPosition":[-9.39186,295.233,35.2515],"carpPosition":[8.56869,328.492,84.4204],"dipPosition":[-0.515257,294.657,18.8265],"direction":[-0.770132,-0.344859,0.536627],"extended":false,"handId":612,"id":6123,"length":64.4113,"mcpPosition":[41.8458,332.384,31.5133],"pipPosition":[20.8132,304.208,3.96486],"stabilizedTipPosition":[-40.9326,309.215,90.3426],"timeVisible":0.50614,"tipPosition":[-7.45137,295.093,31.8396],"tipVelocity":[85.2843,-60.1143,-164.126],"tool":false,"touchDistance":0.333333,"touchZone":"none","type":3,"width":18.0722},{"bases":[[[0.408399,-0.850562,0.331291],[0.648125,0.525774,0.550905],[-0.642763,-0.0102709,0.765996]],[[0.449495,-0.848077,0.280571],[0.713752,0.152117,-0.68368],[0.537134,0.507569,0.673692]],[[0.449495,-0.848077,0.280571],[-0.341851,-0.453493,-0.823093],[0.825283,0.274063,-0.493759]],[[0.449495,-0.848077,0.280571],[-0.734881,-0.529639,-0.423595],[0.507842,-0.0157824,-0.861306]]],"btipPosition":[6.83537,292.814,42.4933],"carpPosition":[13.4506,315.248,86.2158],"dipPosition":[15.5866,292.542,27.6511],"direction":[-0.825283,-0.274063,0.493759],"extended":false,"handId":612,"id":6124,"length":50.4973,"mcpPosition":[50.7114,315.844,41.8112],"pipPosition":[31.7238,297.901,17.9963],"stabilizedTipPosition":[-22.4649,306.238,93.4527],"timeVisible":0.50614,"tipPosition":[8.96309,292.575,38.922],"tipVelocity":[85.5934,-61.0759,-164.077],"tool":false,"touchDistance":0.333333,"touchZone":"none","type":4,"width":16.0532}],"r":[[0.957994,0.0821136,0.274782],[-0.0596681,0.994235,-0.0890836],[-0.280513,0.0689458,0.957371]],"s":0.973851,"t":[131.936,-33.6526,-197.212],"timestamp":522867101612},false],[2,{"currentFrameRate":99.1977,"devices":[],"gestures":[],"hands":[{"armBasis":[[0.829426,-0.5543,-0.0693064],[0.557746,0.81481,0.158126],[-0.0311779,-0.16981,0.984984]],"armWidth":63.703,"confidence":0.843075,"direction":[0.507103,0.248539,-0.825272],"elbow":[-11.0435,274.201,351.869],"grabStrength":0,"id":612,"palmNormal":[-0.404097,-0.777193,-0.482365],"palmPosition":[17.2018,334.504,37.1201],"palmVelocity":[93.1837,-65.3407,-180.132],"palmWidth":90.9658,"pinchStrength":0.712711,"r":[[0.95856,0.0802337,0.273358],[-0.0577078,0.994315,-0.0894839],[-0.278984,0.0700008,0.957741]],"s":0.974193,"sphereCenter":[16.1296,296.709,6.10232],"sphereRadius":45.7855,"stabilizedPalmPosition":[-24.205,350.704,106.113],"t":[132.797,-34.2954,-198.928],"timeVisible":0.515289,"type":"right","wrist":[-2.62774,320.038,85.9942]}],"id":4210487,"interactionBox":{"center":[0,200,0],"size":[235.247,235.247,147.751]},"pointables":[{"bases":[[[0.766726,0.511015,0.38858],[-0.629862,0.715826,0.30144],[-0.124115,-0.475874,0.870712]],[[0.736468,0.673716,-0.0610059],[-0.674769,0.725225,-0.136877],[-0.0479733,0.141971,0.988708]],[[0.736468,0.673716,-0.0610059],[-0.644289,0.671088,-0.366788],[-0.20617,0.309433,0.928302]],[[0.736468,0.673716,-0.0610059],[-0.366877,0.32202,-0.872757],[-0.568345,0.66514,0.484328]]],"btipPosition":[-7.70309,294.077,-17.0761],"carpPosition":[-30.4226,327.272,75.2393],"dipPosition":[-21.0009,309.64,-5.74408],"direction":[0.20617,-0.309433,-0.928302],"extended":false,"handId":612,"id":6120,"length":52.1025,"mcpPosition":[-30.4226,327.272,75.2393],"pipPosition":[-28.0285,320.187,25.8985],"stabilizedTipPosition":[-41.8577,313.757,40.7984],"timeVisible":0.515289,"tipPosition":[-10.4561,297.899,-14.4126],"tipVelocity":[77.56,-62.6646,-178.555],"tool":false,"touchDistance":-0.584955,"touchZone":"hovering","type":0,"width":20.2446},{"bases":[[[0.835619,-0.528162,0.150949],[0.454822,0.819338,0.34903],[-0.308023,-0.223001,0.924874]],[[0.761625,-0.560975,0.324399],[0.584733,0.810704,0.0290935],[-0.279312,0.167528,0.945473]],[[0.761625,-0.560975,0.324399],[0.631133,0.755675,-0.175006],[-0.146965,0.338028,0.92959]],[[0.761625,-0.560975,0.324399],[0.64621,0.694848,-0.315591],[-0.048369,0.449992,0.891722]]],"btipPosition":[28.0692,333.814,-68.1194],"carpPosition":[-10.96,340.462,78.2082],"dipPosition":[27.243,341.5,-52.8879],"direction":[0.146965,-0.338028,-0.92959],"extended":true,"handId":612,"id":6121,"length":58.7918,"mcpPosition":[11.695,356.864,10.1837],"pipPosition":[23.6918,349.669,-30.4253],"stabilizedTipPosition":[2.06825,349.258,-18.757],"timeVisible":0.515289,"tipPosition":[27.8328,335.067,-64.3722],"tipVelocity":[75.4654,-60.5761,-186.436],"tool":false,"touchDistance":-0.523772,"touchZone":"hovering","type":1,"width":19.3376},{"bases":[[[0.69646,-0.685321,0.212788],[0.582672,0.713156,0.389746],[-0.418852,-0.147457,0.896002]],[[0.688754,-0.687881,0.228991],[0.55214,0.292992,-0.780575],[0.46985,0.66406,0.581606]],[[0.688754,-0.687881,0.228991],[-0.317609,-0.570217,-0.757613],[0.651722,0.449079,-0.611216]],[[0.688754,-0.687881,0.228991],[-0.628306,-0.723935,-0.28487],[0.361731,0.0523286,-0.930813]]],"btipPosition":[-18.5786,300.092,24.4372],"carpPosition":[0.171206,335.556,80.0957],"dipPosition":[-11.7827,301.075,6.95008],"direction":[-0.651722,-0.449079,0.611216],"extended":false,"handId":612,"id":6122,"length":66.9886,"mcpPosition":[29.3859,345.841,17.6001],"pipPosition":[6.74495,313.842,-10.4261],"stabilizedTipPosition":[-51.6206,314.962,80.1767],"timeVisible":0.515289,"tipPosition":[-17.0572,300.123,19.9758],"tipVelocity":[83.1175,-59.4885,-171.765],"tool":false,"touchDistance":0.333333,"touchZone":"none","type":2,"width":18.9921},{"bases":[[[0.581312,-0.751349,0.312332],[0.617293,0.657306,0.432317],[-0.530119,-0.0585103,0.845902]],[[0.566811,-0.752653,0.33502],[0.674369,0.190284,-0.713456],[0.473236,0.630322,0.61542]],[[0.566811,-0.752653,0.33502],[-0.290312,-0.563044,-0.773757],[0.771002,0.341314,-0.537644]],[[0.566811,-0.752653,0.33502],[-0.67359,-0.657522,-0.337554],[0.474344,-0.034337,-0.87967]]],"btipPosition":[-8.60243,294.641,33.1708],"carpPosition":[9.55102,327.943,82.3122],"dipPosition":[0.257848,294,16.7395],"direction":[-0.771002,-0.341314,0.537644],"extended":false,"handId":612,"id":6123,"length":64.4113,"mcpPosition":[42.7488,331.608,29.339],"pipPosition":[21.6104,303.453,1.84961],"stabilizedTipPosition":[-40.5535,309.053,89.6703],"timeVisible":0.515289,"tipPosition":[-6.66539,294.488,29.7714],"tipVelocity":[85.4489,-61.8482,-181.795],"tool":false,"touchDistance":0.333333,"touchZone":"none","type":3,"width":18.0722},{"bases":[[[0.40601,-0.851279,0.332384],[0.650918,0.524673,0.548657],[-0.641453,-0.00640595,0.767136]],[[0.446773,-0.84907,0.28191],[0.713536,0.148091,-0.684788],[0.539685,0.507098,0.672006]],[[0.446773,-0.84907,0.28191],[-0.34443,-0.45406,-0.821704],[0.825689,0.270017,-0.495307]],[[0.446773,-0.84907,0.28191],[-0.737372,-0.527916,-0.421411],[0.506633,-0.0195974,-0.861939]]],"btipPosition":[7.62139,292.19,40.4394],"carpPosition":[14.3898,314.687,84.1272],"dipPosition":[16.3518,291.852,25.5863],"direction":[-0.825688,-0.270017,0.495307],"extended":false,"handId":612,"id":6124,"length":50.4973,"mcpPosition":[51.5747,315.058,39.6565],"pipPosition":[32.497,297.132,15.9013],"stabilizedTipPosition":[-22.0912,306.073,92.7956],"timeVisible":0.515289,"tipPosition":[9.73972,291.937,36.8788],"tipVelocity":[85.5366,-63.5283,-180.974],"tool":false,"touchDistance":0.333333,"touchZone":"none","type":4,"width":16.0532}],"r":[[0.95856,0.0802337,0.273358],[-0.0577078,0.994315,-0.0894839],[-0.278984,0.0700008,0.957741]],"s":0.974193,"t":[132.797,-34.2954,-198.928],"timestamp":522867110761},false],[3,{"currentFrameRate":99.7584,"devices":[],"gestures":[],"hands":[{"armBasis":[[0.830405,-0.55275,-0.0699633],[0.556072,0.814379,0.166044],[-0.0348041,-0.176788,0.983633]],"armWidth":63.703,"confidence":0.800641,"direction":[0.506801,0.246717,-0.826005],"elbow":[-11.5239,272.059,350.432],"grabStrength":0,"id":612,"palmNormal":[-0.40594,-0.776989,-0.481144],"palmPosition":[17.6819,334.157,36.0135],"palmVelocity":[82.4432,-58.149,-164.825],"palmWidth":90.9658,"pinchStrength":0.711794,"r":[[0.959087,0.0784415,0.272027],[-0.0557968,0.994376,-0.0900143],[-0.277559,0.0711533,0.95807]],"s":0.974505,"sphereCenter":[16.4513,296.423,4.99703],"sphereRadius":45.7507,"stabilizedPalmPosition":[-23.6579,350.488,105.198],"t":[133.468,-34.7906,-200.339],"timeVisible":0.524214,"type":"right","wrist":[-2.12931,319.779,84.9215]}],"id":4210488,"interactionBox":{"center":[0,200,0],"size":[235.247,235.247,147.751]},"pointables":[{"bases":[[[0.768002,0.510053,0.387323],[-0.628293,0.717294,0.301226],[-0.124183,-0.474694,0.871346]],[[0.737683,0.672275,-0.0622057],[-0.67347,0.726231,-0.137937],[-0.0475558,0.143647,0.988486]],[[0.737683,0.672275,-0.0622057],[-0.643284,0.671908,-0.36705],[-0.204962,0.310783,0.928119]],[[0.737683,0.672275,-0.0622057],[-0.368317,0.323502,-0.871601],[-0.565832,0.665877,0.486253]]],"btipPosition":[-7.32212,293.71,-18.1592],"carpPosition":[-29.9208,327.052,74.1838],"dipPosition":[-20.5611,309.29,-6.78222],"direction":[0.204962,-0.310783,-0.928119],"extended":false,"handId":612,"id":6120,"length":52.1025,"mcpPosition":[-29.9208,327.052,74.1838],"pipPosition":[-27.5476,319.884,24.8541],"stabilizedTipPosition":[-41.4406,313.539,40.0522],"timeVisible":0.524214,"tipPosition":[-10.0812,297.533,-15.4746],"tipVelocity":[68.4651,-56.6619,-162.646],"tool":false,"touchDistance":-0.570885,"touchZone":"hovering","type":0,"width":20.2446},{"bases":[[[0.8348,-0.529507,0.15077],[0.456619,0.818897,0.347718],[-0.307584,-0.22143,0.925398]],[[0.761154,-0.561932,0.323846],[0.585666,0.810033,0.0290314],[-0.278639,0.167568,0.945664]],[[0.761154,-0.561932,0.323846],[0.631649,0.755586,-0.173521],[-0.147186,0.336633,0.930062]],[[0.761154,-0.561932,0.323846],[0.646699,0.695482,-0.313185],[-0.0492404,0.447813,0.89277]]],"btipPosition":[28.5565,333.516,-69.283],"carpPosition":[-10.4318,340.21,77.1206],"dipPosition":[27.7155,341.165,-54.0336],"direction":[0.147186,-0.336633,-0.930062],"extended":true,"handId":612,"id":6121,"length":58.7918,"mcpPosition":[12.191,356.497,9.05758],"pipPosition":[24.1589,349.299,-31.5596],"stabilizedTipPosition":[2.46544,349.047,-19.4672],"timeVisible":0.524214,"tipPosition":[28.2831,334.73,-65.5295],"tipVelocity":[69.6726,-53.4298,-171.026],"tool":false,"touchDistance":-0.517121,"touchZone":"hovering","type":1,"width":19.3376},{"bases":[[[0.695413,-0.686346,0.212907],[0.584315,0.712528,0.388434],[-0.418302,-0.145717,0.896543]],[[0.68772,-0.688873,0.229116],[0.551951,0.291136,-0.781403],[0.471584,0.663847,0.580444]],[[0.68772,-0.688873,0.229116],[-0.319336,-0.570474,-0.756693],[0.65197,0.447228,-0.612308]],[[0.68772,-0.688873,0.229116],[-0.629874,-0.72311,-0.283498],[0.36097,0.0506532,-0.931201]]],"btipPosition":[-18.1721,299.795,23.4015],"carpPosition":[0.692308,335.286,79.0034],"dipPosition":[-11.3906,300.747,5.90701],"direction":[-0.65197,-0.447228,0.612308],"extended":false,"handId":612,"id":6122,"length":66.9886,"mcpPosition":[29.8687,345.45,16.47],"pipPosition":[7.14419,313.461,-11.5002],"stabilizedTipPosition":[-51.2136,314.788,79.4697],"timeVisible":0.524214,"tipPosition":[-16.6546,299.819,18.9399],"tipVelocity":[72.7733,-52.5593,-156.627],"tool":false,"touchDistance":0.333333,"touchZone":"none","type":2,"width":18.9921},{"bases":[[[0.580237,-0.752056,0.312629],[0.618873,0.656662,0.431034],[-0.529454,-0.0566244,0.846447]],[[0.565199,-0.753346,0.336186],[0.675865,0.189187,-0.71233],[0.473029,0.629824,0.616088]],[[0.565199,-0.753346,0.336186],[-0.289626,-0.562785,-0.774202],[0.772442,0.34021,-0.536274]],[[0.565199,-0.753346,0.336186],[-0.674228,-0.656658,-0.337961],[0.47536,-0.0356509,-0.879069]]],"btipPosition":[-8.18438,294.316,31.9652],"carpPosition":[10.0604,327.659,81.2197],"dipPosition":[0.694879,293.65,15.5451],"direction":[-0.772442,-0.34021,0.536274],"extended":false,"handId":612,"id":6123,"length":64.4113,"mcpPosition":[43.2165,331.205,28.2124],"pipPosition":[22.0874,303.072,0.693169],"stabilizedTipPosition":[-40.2007,308.9,89.0401],"timeVisible":0.524214,"tipPosition":[-6.2434,294.165,28.6078],"tipVelocity":[75.056,-55.0901,-168.98],"tool":false,"touchDistance":0.333333,"touchZone":"none","type":3,"width":18.0722},{"bases":[[[0.404773,-0.851647,0.332949],[0.652364,0.524097,0.547489],[-0.640765,-0.00440514,0.767724]],[[0.445076,-0.849608,0.282974],[0.714224,0.146177,-0.684483],[0.540178,0.506753,0.67187]],[[0.445076,-0.849608,0.282974],[-0.344774,-0.454217,-0.821473],[0.826461,0.268056,-0.495083]],[[0.445076,-0.849608,0.282974],[-0.73833,-0.526973,-0.420913],[0.506731,-0.0215898,-0.861834]]],"btipPosition":[8.03432,291.868,39.3216],"carpPosition":[14.8769,314.396,83.0448],"dipPosition":[16.7664,291.496,24.4703],"direction":[-0.826461,-0.268056,0.495083],"extended":false,"handId":612,"id":6124,"length":50.4973,"mcpPosition":[52.0219,314.651,38.54],"pipPosition":[32.9267,296.737,14.7896],"stabilizedTipPosition":[-21.7424,305.918,92.1781],"timeVisible":0.524214,"tipPosition":[10.1453,291.612,35.7914],"tipVelocity":[74.8419,-56.2918,-165.769],"tool":false,"touchDistance":0.333333,"touchZone":"none","type":4,"width":16.0532}],"r":[[0.959087,0.0784415,0.272027],[-0.0557968,0.994376,-0.0900143],[-0.277559,0.0711533,0.95807]],"s":0.974505,"t":[133.468,-34.7906,-200.339],"timestamp":522867119686},false],[4,{"currentFrameRate":100.193,"devices":[],"gestures":[],"hands":[{"armBasis":[[0.830878,-0.552002,-0.0702575],[0.555253,0.814153,0.169849],[-0.0365568,-0.180135,0.982962]],"armWidth":63.703,"confidence":0.79505,"direction":[0.506653,0.245841,-0.826356],"elbow":[-11.7572,271.032,349.735],"grabStrength":0,"id":612,"palmNormal":[-0.406826,-0.77689,-0.480557],"palmPosition":[17.9127,333.989,35.4814],"palmVelocity":[66.5494,-47.0725,-135.198],"palmWidth":90.9658,"pinchStrength":0.710406,"r":[[0.959542,0.0768682,0.270871],[-0.0541036,0.994422,-0.0905406],[-0.27632,0.0722224,0.958348]],"s":0.974736,"sphereCenter":[16.5786,296.334,4.43349],"sphereRadius":45.7194,"stabilizedPalmPosition":[-23.1233,350.276,104.301],"t":[133.918,-35.1219,-201.31],"timeVisible":0.533347,"type":"right","wrist":[-1.88954,319.655,84.4056]}],"id":4210489,"interactionBox":{"center":[0,200,0],"size":[235.247,235.247,147.751]},"pointables":[{"bases":[[[0.768614,0.50959,0.386718],[-0.627537,0.717999,0.301123],[-0.124214,-0.474127,0.87165]],[[0.738291,0.671563,-0.0626868],[-0.672792,0.726677,-0.138896],[-0.0477245,0.144721,0.988321]],[[0.738291,0.671563,-0.0626868],[-0.642856,0.672501,-0.366713],[-0.204114,0.31104,0.92822]],[[0.738291,0.671563,-0.0626868],[-0.3703,0.325896,-0.869868],[-0.563742,0.665428,0.489286]]],"btipPosition":[-7.15013,293.553,-18.733],"carpPosition":[-29.6794,326.947,73.6763],"dipPosition":[-20.3402,309.122,-7.28495],"direction":[0.204114,-0.31104,-0.92822],"extended":false,"handId":612,"id":6120,"length":52.1025,"mcpPosition":[-29.6794,326.947,73.6763],"pipPosition":[-27.2977,319.724,24.3548],"stabilizedTipPosition":[-41.0533,313.335,39.3564],"timeVisible":0.533347,"tipPosition":[-9.91077,297.362,-16.0118],"tipVelocity":[55.0087,-45.7779,-134.395],"tool":false,"touchDistance":-0.550491,"touchZone":"hovering","type":0,"width":20.2446},{"bases":[[[0.834405,-0.530153,0.150684],[0.457483,0.818682,0.347086],[-0.307371,-0.220675,0.925649]],[[0.761104,-0.562348,0.323241],[0.585563,0.810053,0.0304972],[-0.278992,0.166066,0.945825]],[[0.761104,-0.562348,0.323241],[0.63134,0.756567,-0.170343],[-0.148761,0.333723,0.930859]],[[0.761104,-0.562348,0.323241],[0.646571,0.697441,-0.309066],[-0.051639,0.444229,0.894424]]],"btipPosition":[28.8892,333.535,-69.8789],"carpPosition":[-10.1777,340.089,76.5976],"dipPosition":[28.0071,341.123,-54.6012],"direction":[0.148761,-0.333723,-0.930859],"extended":true,"handId":612,"id":6121,"length":58.7918,"mcpPosition":[12.4295,356.32,8.51612],"pipPosition":[24.4125,349.187,-32.108],"stabilizedTipPosition":[2.8282,348.856,-20.116],"timeVisible":0.533347,"tipPosition":[28.5612,334.692,-66.1162],"tipVelocity":[60.1413,-38.4144,-141.42],"tool":false,"touchDistance":-0.502583,"touchZone":"hovering","type":1,"width":19.3376},{"bases":[[[0.69491,-0.686838,0.212965],[0.585104,0.712224,0.387802],[-0.418036,-0.144881,0.896803]],[[0.687224,-0.689349,0.229173],[0.551854,0.290243,-0.781803],[0.47242,0.663744,0.579882]],[[0.687224,-0.689349,0.229173],[-0.320171,-0.570597,-0.756247],[0.652084,0.446337,-0.612837]],[[0.687224,-0.689349,0.229173],[-0.630628,-0.722712,-0.282835],[0.360598,0.0498478,-0.931388]]],"btipPosition":[-17.9766,299.652,22.9038],"carpPosition":[0.942961,335.157,78.4781],"dipPosition":[-11.202,300.589,5.40578],"direction":[-0.652084,-0.446337,0.612837],"extended":false,"handId":612,"id":6122,"length":66.9886,"mcpPosition":[30.1007,345.262,15.9266],"pipPosition":[7.33597,313.278,-12.0165],"stabilizedTipPosition":[-50.8213,314.62,78.7866],"timeVisible":0.533347,"tipPosition":[-16.4609,299.673,18.4427],"tipVelocity":[58.4447,-42.3957,-128.258],"tool":false,"touchDistance":0.333333,"touchZone":"none","type":2,"width":18.9921},{"bases":[[[0.57972,-0.752395,0.312771],[0.619632,0.656351,0.430417],[-0.529132,-0.0557181,0.846708]],[[0.564094,-0.753697,0.337252],[0.678767,0.190689,-0.709163],[0.470184,0.62895,0.619151]],[[0.564094,-0.753697,0.337252],[-0.286191,-0.561584,-0.776349],[0.774527,0.341416,-0.532488]],[[0.564094,-0.753697,0.337252],[-0.673427,-0.656281,-0.340281],[0.477801,-0.0351637,-0.877764]]],"btipPosition":[-7.9358,294.119,31.1575],"carpPosition":[10.3053,327.522,80.6944],"dipPosition":[0.989054,293.462,14.7617],"direction":[-0.774527,-0.341416,0.532488],"extended":false,"handId":612,"id":6123,"length":64.4113,"mcpPosition":[43.4413,331.012,27.6707],"pipPosition":[22.4393,302.918,0.014646],"stabilizedTipPosition":[-39.8666,308.755,88.4397],"timeVisible":0.533347,"tipPosition":[-5.99691,293.988,27.8833],"tipVelocity":[62.0756,-45.706,-146.419],"tool":false,"touchDistance":0.333333,"touchZone":"none","type":3,"width":18.0722},{"bases":[[[0.404179,-0.851824,0.333221],[0.653059,0.523818,0.546927],[-0.640433,-0.00344355,0.768007]],[[0.443847,-0.849903,0.284016],[0.715858,0.14564,-0.682888],[0.539025,0.506413,0.673052]],[[0.443847,-0.849903,0.284016],[-0.343254,-0.454023,-0.822216],[0.827754,0.267448,-0.493249]],[[0.443847,-0.849903,0.284016],[-0.7382,-0.526461,-0.421782],[0.507997,-0.0224541,-0.861066]]],"btipPosition":[8.24296,291.711,38.6938],"carpPosition":[15.1111,314.256,82.5244],"dipPosition":[16.9969,291.324,23.8558],"direction":[-0.827754,-0.267448,0.493249],"extended":false,"handId":612,"id":6124,"length":50.4973,"mcpPosition":[52.2368,314.455,38.0032],"pipPosition":[33.1824,296.554,14.211],"stabilizedTipPosition":[-21.4098,305.77,91.5868],"timeVisible":0.533347,"tipPosition":[10.3472,291.46,35.2176],"tipVelocity":[60.5385,-45.5223,-138.697],"tool":false,"touchDistance":0.333333,"touchZone":"none","type":4,"width":16.0532}],"r":[[0.959542,0.0768682,0.270871],[-0.0541036,0.994422,-0.0905406],[-0.27632,0.0722224,0.958348]],"s":0.974736,"t":[133.918,-35.1219,-201.31],"timestamp":522867128819},false],[5,{"currentFrameRate":100.708,"devices":[],"gestures":[],"hands":[{"armBasis":[[0.830889,-0.551945,-0.0705639],[0.555188,0.813835,0.171579],[-0.0372747,-0.181739,0.98264]],"armWidth":63.703,"confidence":0.80039,"direction":[0.506285,0.245302,-0.826742],"elbow":[-11.7504,270.504,349.365],"grabStrength":0,"id":612,"palmNormal":[-0.407749,-0.776662,-0.480143],"palmPosition":[18.0913,333.87,35.1823],"palmVelocity":[53.8531,-37.8684,-107.457],"palmWidth":90.9658,"pinchStrength":0.708733,"r":[[0.95995,0.0754701,0.269814],[-0.0526082,0.994461,-0.0909918],[-0.275186,0.0731532,0.958604]],"s":0.974636,"sphereCenter":[16.6448,296.307,4.07914],"sphereRadius":45.6726,"stabilizedPalmPosition":[-22.622,350.076,103.461],"t":[134.233,-35.347,-201.946],"timeVisible":0.542277,"type":"right","wrist":[-1.68895,319.56,84.1224]}],"id":4210490,"interactionBox":{"center":[0,200,0],"size":[235.247,235.247,147.751]},"pointables":[{"bases":[[[0.769268,0.509066,0.386108],[-0.62678,0.718537,0.301417],[-0.123991,-0.473875,0.871819]],[[0.738834,0.670932,-0.0630446],[-0.672188,0.727097,-0.139618],[-0.0478343,0.145532,0.988196]],[[0.738834,0.670932,-0.0630446],[-0.64261,0.673282,-0.36571],[-0.20292,0.310712,0.928591]],[[0.738834,0.670932,-0.0630446],[-0.372821,0.329027,-0.867609],[-0.561363,0.664523,0.493234]]],"btipPosition":[-7.04201,293.469,-19.0975],"carpPosition":[-29.4804,326.871,73.4105],"dipPosition":[-20.1764,309.017,-7.55716],"direction":[0.20292,-0.310712,-0.928591],"extended":false,"handId":612,"id":6120,"length":52.1025,"mcpPosition":[-29.4804,326.871,73.4105],"pipPosition":[-27.0933,319.608,24.0953],"stabilizedTipPosition":[-40.7113,313.156,38.7407],"timeVisible":0.542277,"tipPosition":[-9.80273,297.258,-16.3308],"tipVelocity":[43.6976,-35.9942,-108.224],"tool":false,"touchDistance":-0.528925,"touchZone":"hovering","type":0,"width":20.2446},{"bases":[[[0.834098,-0.530769,0.150217],[0.458348,0.818391,0.34663],[-0.306917,-0.220272,0.925896]],[[0.761084,-0.562828,0.322454],[0.585342,0.810136,0.0324776],[-0.279511,0.164028,0.946028]],[[0.761084,-0.562828,0.322454],[0.630855,0.757914,-0.166098],[-0.150908,0.329836,0.931899]],[[0.761084,-0.562828,0.322454],[0.646326,0.700088,-0.303544],[-0.0549032,0.439433,0.896596]]],"btipPosition":[29.1967,333.679,-70.2493],"carpPosition":[-9.96657,339.999,76.3163],"dipPosition":[28.2589,341.185,-54.9345],"direction":[0.150908,-0.329836,-0.931899],"extended":true,"handId":612,"id":6121,"length":58.7918,"mcpPosition":[12.6071,356.2,8.21669],"pipPosition":[24.6124,349.155,-32.4161],"stabilizedTipPosition":[3.14817,348.692,-20.6863],"timeVisible":0.542277,"tipPosition":[28.7982,334.769,-66.4757],"tipVelocity":[52.7387,-24.1198,-113.897],"tool":false,"touchDistance":-0.486085,"touchZone":"hovering","type":1,"width":19.3376},{"bases":[[[0.694523,-0.687336,0.21262],[0.585914,0.711842,0.387279],[-0.417543,-0.144398,0.897111]],[[0.686849,-0.689837,0.228829],[0.551542,0.289676,-0.782233],[0.473328,0.663485,0.579438]],[[0.686849,-0.689837,0.228829],[-0.321128,-0.570487,-0.755924],[0.652008,0.445722,-0.613365]],[[0.686849,-0.689837,0.228829],[-0.631378,-0.722277,-0.282273],[0.36,0.0494016,-0.931643]]],"btipPosition":[-17.8328,299.559,22.6356],"carpPosition":[1.15151,335.058,78.1902],"dipPosition":[-11.0695,300.487,5.13281],"direction":[-0.652008,-0.445722,0.613365],"extended":false,"handId":612,"id":6122,"length":66.9886,"mcpPosition":[30.2749,345.13,15.6173],"pipPosition":[7.46635,313.158,-12.3044],"stabilizedTipPosition":[-50.4587,314.464,78.155],"timeVisible":0.542277,"tipPosition":[-16.32,299.578,18.1747],"tipVelocity":[46.8153,-33.7494,-101.498],"tool":false,"touchDistance":0.333333,"touchZone":"none","type":2,"width":18.9921},{"bases":[[[0.57935,-0.752786,0.312516],[0.620429,0.65595,0.429881],[-0.528603,-0.055158,0.847075]],[[0.563127,-0.754108,0.337948],[0.682216,0.19346,-0.705092],[0.466336,0.62761,0.623407]],[[0.563127,-0.754108,0.337948],[-0.281717,-0.559644,-0.779381],[0.776868,0.343685,-0.527596]],[[0.563127,-0.754108,0.337948],[-0.672202,-0.655882,-0.343458],[0.480658,-0.033759,-0.876258]]],"btipPosition":[-7.71107,293.95,30.4879],"carpPosition":[10.5095,327.417,80.4016],"dipPosition":[1.26716,293.319,14.1203],"direction":[-0.776868,-0.343685,0.527596],"extended":false,"handId":612,"id":6123,"length":64.4113,"mcpPosition":[43.6124,330.871,27.3549],"pipPosition":[22.7822,302.838,-0.491249],"stabilizedTipPosition":[-39.5673,308.624,87.9],"timeVisible":0.542277,"tipPosition":[-5.77854,293.847,27.3156],"tipVelocity":[52.3827,-38.2265,-126.733],"tool":false,"touchDistance":0.333333,"touchZone":"none","type":3,"width":18.0722},{"bases":[[[0.403746,-0.852075,0.333102],[0.653831,0.523412,0.546392],[-0.639917,-0.00281173,0.768439]],[[0.441805,-0.850337,0.285894],[0.721392,0.147301,-0.67668],[0.533294,0.505203,0.678504]],[[0.441805,-0.850337,0.285894],[-0.336384,-0.452455,-0.825912],[0.831657,0.268722,-0.485937]],[[0.441805,-0.850337,0.285894],[-0.736138,-0.525772,-0.426221],[0.512747,-0.0221507,-0.858254]]],"btipPosition":[8.45262,291.579,37.9909],"carpPosition":[15.3063,314.147,82.2307],"dipPosition":[17.2884,291.197,23.2013],"direction":[-0.831657,-0.268722,0.485937],"extended":false,"handId":612,"id":6124,"length":50.4973,"mcpPosition":[52.4021,314.31,37.6845],"pipPosition":[33.5503,296.451,13.6995],"stabilizedTipPosition":[-21.1136,305.637,91.0575],"timeVisible":0.542277,"tipPosition":[10.544,291.352,34.68],"tipVelocity":[51.0046,-37.1125,-121.996],"tool":false,"touchDistance":0.333333,"touchZone":"none","type":4,"width":16.0532}],"r":[[0.95995,0.0754701,0.269814],[-0.0526082,0.994461,-0.0909918],[-0.275186,0.0731532,0.958604]],"s":0.974636,"t":[134.233,-35.347,-201.946],"timestamp":522867137749},false],[6,{"currentFrameRate":101.091,"devices":[],"gestures":[],"hands":[{"armBasis":[[0.825392,-0.560195,-0.0700727],[0.563359,0.809174,0.166927],[-0.0368104,-0.177256,0.983476]],"armWidth":63.703,"confidence":0.800524,"direction":[0.500752,0.244897,-0.830225],"elbow":[-10.4178,271.041,349.087],"grabStrength":0,"id":612,"palmNormal":[-0.417381,-0.771957,-0.479453],"palmPosition":[18.9703,333.245,34.5612],"palmVelocity":[65.6019,-46.3514,-96.4283],"palmWidth":90.9658,"pinchStrength":0.705207,"r":[[0.960848,0.0728032,0.267341],[-0.050178,0.99463,-0.090517],[-0.272495,0.0735585,0.959341]],"s":0.974608,"sphereCenter":[16.9765,295.861,3.27995],"sphereRadius":45.6688,"stabilizedPalmPosition":[-22.0298,349.837,102.479],"t":[134.83,-35.7722,-202.574],"timeVisible":0.551429,"type":"right","wrist":[-0.48161,318.888,83.619]}],"id":4210491,"interactionBox":{"center":[0,200,0],"size":[235.247,235.247,147.751]},"pointables":[{"bases":[[[0.776174,0.502197,0.381251],[-0.619054,0.721754,0.309588],[-0.119695,-0.476309,0.871093]],[[0.74304,0.665916,-0.0666872],[-0.668107,0.732269,-0.131971],[-0.0390487,0.142614,0.989008]],[[0.74304,0.665916,-0.0666872],[-0.641421,0.680168,-0.354894],[-0.190971,0.306475,0.932525]],[[0.74304,0.665916,-0.0666872],[-0.382643,0.340969,-0.858676],[-0.549068,0.663548,0.508162]]],"btipPosition":[-7.00857,293.345,-19.8533],"carpPosition":[-28.3135,326.434,73.1786],"dipPosition":[-19.8553,308.87,-7.96364],"direction":[0.190971,-0.306475,-0.932525],"extended":false,"handId":612,"id":6120,"length":52.1025,"mcpPosition":[-28.3135,326.434,73.1786],"pipPosition":[-26.3648,319.316,23.8229],"stabilizedTipPosition":[-40.4106,312.997,38.1945],"timeVisible":0.551429,"tipPosition":[-9.69304,297.078,-16.9502],"tipVelocity":[34.5588,-29.9252,-98.6366],"tool":false,"touchDistance":-0.514497,"touchZone":"hovering","type":0,"width":20.2446},{"bases":[[[0.831626,-0.537161,0.14091],[0.467104,0.813839,0.345659],[-0.300353,-0.221639,0.92772]],[[0.759879,-0.569368,0.313693],[0.590319,0.806462,0.0337997],[-0.272226,0.159495,0.948923]],[[0.759879,-0.569368,0.313693],[0.633727,0.75633,-0.162343],[-0.144823,0.322157,0.935543]],[[0.759879,-0.569368,0.313693],[0.64815,0.700597,-0.298438],[-0.0498517,0.430097,0.901405]]],"btipPosition":[29.4511,333.734,-71.0319],"carpPosition":[-8.68322,339.414,75.9623],"dipPosition":[28.5996,341.08,-55.635],"direction":[0.144823,-0.322157,-0.935543],"extended":true,"handId":612,"id":6121,"length":58.7918,"mcpPosition":[13.4077,355.715,7.72855],"pipPosition":[25.1001,348.865,-33.0286],"stabilizedTipPosition":[3.43396,348.546,-21.1986],"timeVisible":0.551429,"tipPosition":[28.9882,334.731,-67.2393],"tipVelocity":[46.3969,-16.8567,-105.419],"tool":false,"touchDistance":-0.477267,"touchZone":"hovering","type":1,"width":19.3376},{"bases":[[[0.691505,-0.692983,0.203948],[0.594268,0.706245,0.38479],[-0.41069,-0.144884,0.90019]],[[0.683958,-0.695492,0.220209],[0.5467,0.288781,-0.785955],[0.483033,0.657948,0.57774]],[[0.683958,-0.695492,0.220209],[-0.331734,-0.565348,-0.755205],[0.649734,0.443477,-0.617393]],[[0.683958,-0.695492,0.220209],[-0.638886,-0.716762,-0.279422],[0.352173,0.0504242,-0.934575]]],"btipPosition":[-17.3024,299.234,22.2022],"carpPosition":[2.41579,334.388,77.7202],"dipPosition":[-10.6862,300.181,4.64434],"direction":[-0.649734,-0.443477,0.617393],"extended":false,"handId":612,"id":6122,"length":66.9886,"mcpPosition":[31.0612,344.494,14.9325],"pipPosition":[7.78501,312.789,-12.9074],"stabilizedTipPosition":[-50.0665,314.294,77.4764],"timeVisible":0.551429,"tipPosition":[-15.8285,299.26,17.7296],"tipVelocity":[48.8871,-34.1084,-86.8043],"tool":false,"touchDistance":0.333333,"touchZone":"none","type":2,"width":18.9921},{"bases":[[[0.576752,-0.758006,0.304604],[0.62876,0.649952,0.426877],[-0.521554,-0.0546795,0.851465]],[[0.560081,-0.75935,0.331206],[0.68096,0.194292,-0.706076],[0.471808,0.620998,0.625907]],[[0.560081,-0.75935,0.331206],[-0.287302,-0.553022,-0.782064],[0.777024,0.342862,-0.5279]],[[0.560081,-0.75935,0.331206],[-0.677895,-0.649893,-0.343653],[0.476201,-0.0320501,-0.878752]]],"btipPosition":[-7.08871,293.462,29.5757],"carpPosition":[11.7388,326.673,79.8208],"dipPosition":[1.80626,292.863,13.1615],"direction":[-0.777024,-0.342862,0.5279],"extended":false,"handId":612,"id":6123,"length":64.4113,"mcpPosition":[44.4002,330.097,26.4993],"pipPosition":[23.3257,302.359,-1.45853],"stabilizedTipPosition":[-39.2618,308.489,87.3505],"timeVisible":0.551429,"tipPosition":[-5.18235,293.383,26.4711],"tipVelocity":[56.1501,-42.2039,-119.525],"tool":false,"touchDistance":0.333333,"touchZone":"none","type":3,"width":18.0722},{"bases":[[[0.400641,-0.856141,0.326357],[0.662247,0.51674,0.542595],[-0.633179,-0.00125674,0.774004]],[[0.436419,-0.85465,0.281269],[0.7228,0.146857,-0.675272],[0.535815,0.498003,0.681832]],[[0.436419,-0.85465,0.281269],[-0.338521,-0.44561,-0.828756],[0.833632,0.26647,-0.48379]],[[0.436419,-0.85465,0.281269],[-0.74065,-0.51874,-0.42702],[0.510858,-0.0219617,-0.859385]]],"btipPosition":[9.11855,291,36.8556],"carpPosition":[16.4579,313.363,81.5581],"dipPosition":[17.9218,290.621,22.0465],"direction":[-0.833632,-0.26647,0.48379],"extended":false,"handId":612,"id":6124,"length":50.4973,"mcpPosition":[53.1632,313.436,36.6893],"pipPosition":[34.2223,295.832,12.5867],"stabilizedTipPosition":[-20.8137,305.5,90.5219],"timeVisible":0.551429,"tipPosition":[11.1738,290.792,33.6854],"tipVelocity":[56.837,-44.3757,-122.705],"tool":false,"touchDistance":0.333333,"touchZone":"none","type":4,"width":16.0532}],"r":[[0.960848,0.0728032,0.267341],[-0.050178,0.99463,-0.090517],[-0.272495,0.0735585,0.959341]],"s":0.974608,"t":[134.