{"sensorType":"Leap","data":[[0,{"currentFrameRate":107.302,"devices":[],"gestures":[],"hands":[{"armBasis":[[0.760461,-0.635986,-0.131225],[0.649371,0.745995,0.147678],[0.00397191,-0.197517,0.980291]],"armWidth":63.703,"confidence":0.805924,"direction":[0.485326,0.350027,-0.801212],"elbow":[-2.62493,256.067,350.068],"grabStrength":0,"id":605,"palmNormal":[-0.480457,-0.658847,-0.578863],"palmPosition":[14.8617,330.507,38.5511],"palmVelocity":[87.9348,-65.8086,-191.275],"palmWidth":90.9658,"pinchStrength":0.80984,"r":[[0.972109,0.0600386,0.226714],[-0.0718215,0.996443,0.0440784],[-0.223262,-0.059132,0.972963]],"s":0.996895,"sphereCenter":[10.3712,298.441,1.84175],"sphereRadius":45.8071,"stabilizedPalmPosition":[-28.4697,348.445,141.363],"t":[82.5417,7.37158,-173.297],"timeVisible":0.460936,"type":"right","wrist":[-3.69706,309.382,85.4602]}],"id":4208484,"interactionBox":{"center":[0,200,0],"size":[235.247,235.247,147.751]},"pointables":[{"bases":[[[0.818385,0.389642,0.422405],[-0.562435,0.693942,0.449567],[-0.117955,-0.605494,0.78706]],[[0.78429,0.619918,0.024302],[-0.620359,0.784058,0.0201925],[-0.00653644,-0.0309127,0.999501]],[[0.78429,0.619918,0.024302],[-0.596286,0.764049,-0.246315],[-0.171263,0.178692,0.968885]],[[0.78429,0.619918,0.024302],[-0.342171,0.464909,-0.816565],[-0.517501,0.632109,0.576742]]],"btipPosition":[-13.0922,300.711,-18.7686],"carpPosition":[-31.3643,320.049,77.6309],"dipPosition":[-25.2004,315.501,-5.27439],"direction":[0.171263,-0.178692,-0.968885],"extended":false,"handId":605,"id":6050,"length":52.1025,"mcpPosition":[-31.3643,320.049,77.6309],"pipPosition":[-31.0381,321.592,27.7515],"stabilizedTipPosition":[-55.8448,324.979,71.8918],"timeVisible":0.460936,"tipPosition":[-15.7293,304.952,-16.014],"tipVelocity":[89.5616,-89.1595,-182.614],"tool":false,"touchDistance":-0.578427,"touchZone":"hovering","type":0,"width":20.2446},{"bases":[[[0.80161,-0.597661,0.0149061],[0.527918,0.719328,0.451518],[-0.280578,-0.354073,0.892137]],[[0.72799,-0.65708,0.195644],[0.627628,0.753568,0.195496],[-0.275888,-0.0195275,0.960991]],[[0.72799,-0.65708,0.195644],[0.679851,0.728719,-0.0822815],[-0.0885044,0.192909,0.977217]],[[0.72799,-0.65708,0.195644],[0.683501,0.673346,-0.281835],[0.0534518,0.338896,0.939304]]],"btipPosition":[22.8214,347.734,-64.9521],"carpPosition":[-10.8904,331.303,81.5978],"dipPosition":[23.7344,353.523,-48.9078],"direction":[0.0885044,-0.192909,-0.977217],"extended":true,"handId":605,"id":6051,"length":58.7918,"mcpPosition":[9.74611,357.345,15.9811],"pipPosition":[21.5958,358.184,-25.2944],"stabilizedTipPosition":[-6.83412,365.755,-2.62399],"timeVisible":0.460936,"tipPosition":[23.0979,348.851,-61.25],"tipVelocity":[86.6422,-67.3742,-195.747],"tool":false,"touchDistance":0.331932,"touchZone":"hovering","type":1,"width":19.3376},{"bases":[[[0.654512,-0.753815,0.0581072],[0.649552,0.599983,0.467015],[-0.386907,-0.267923,0.882338]],[[0.651222,-0.756051,0.0655548],[0.563021,0.423417,-0.709736],[0.508839,0.499104,0.701411]],[[0.651222,-0.756051,0.0655548],[-0.372699,-0.393875,-0.840213],[0.661064,0.522733,-0.538279]],[[0.651222,-0.756051,0.0655548],[-0.69092,-0.626413,-0.360884],[0.313911,0.189722,-0.930304]]],"btipPosition":[-22.2889,301.67,19.4608],"carpPosition":[-0.0650226,325.458,82.0223],"dipPosition":[-16.3915,305.234,1.98314],"direction":[-0.661064,-0.522733,0.538279],"extended":false,"handId":605,"id":6052,"length":66.9886,"mcpPosition":[26.9215,344.146,20.4798],"pipPosition":[2.40176,320.095,-13.3195],"stabilizedTipPosition":[-63.2939,323.174,112.625],"timeVisible":0.460936,"tipPosition":[-21.0982,302.395,16.1821],"tipVelocity":[89.9405,-68.1915,-201.682],"tool":false,"touchDistance":0.333333,"touchZone":"none","type":2,"width":18.9921},{"bases":[[[0.539601,-0.828096,0.151945],[0.681989,0.535746,0.497862],[-0.493682,-0.165022,0.853842]],[[0.54082,-0.827686,0.149833],[0.651691,0.299689,-0.696768],[0.531801,0.474471,0.701473]],[[0.54082,-0.827686,0.149833],[-0.375142,-0.396778,-0.837756],[0.75285,0.396867,-0.525085]],[[0.54082,-0.827686,0.149833],[-0.742624,-0.553493,-0.377035],[0.394998,0.0926384,-0.913999]]],"btipPosition":[-12.2303,293.424,29.2402],"carpPosition":[8.83612,317.005,82.4292],"dipPosition":[-4.85209,295.155,12.1676],"direction":[-0.75285,-0.396867,0.525085],"extended":false,"handId":605,"id":6053,"length":64.4113,"mcpPosition":[39.7521,327.339,28.9588],"pipPosition":[15.9978,306.146,-2.3744],"stabilizedTipPosition":[-52.2403,314.924,121.487],"timeVisible":0.460936,"tipPosition":[-10.7645,293.932,26.0352],"tipVelocity":[88.7156,-68.5669,-187.469],"tool":false,"touchDistance":0.333333,"touchZone":"none","type":3,"width":18.0722},{"bases":[[[0.358684,-0.918692,0.165383],[0.711301,0.383727,0.588901],[-0.60448,-0.0935924,0.791103]],[[0.389405,-0.912636,0.124331],[0.70779,0.210119,-0.674451],[0.589404,0.350635,0.727776]],[[0.389405,-0.912636,0.124331],[-0.417429,-0.295192,-0.859427],[0.821046,0.282766,-0.49591]],[[0.389405,-0.912636,0.124331],[-0.805221,-0.402851,-0.43512],[0.447194,0.0693244,-0.891747]]],"btipPosition":[3.23522,289.659,35.2554],"carpPosition":[12.7895,303.352,81.7786],"dipPosition":[10.9414,290.854,19.8886],"direction":[-0.821046,-0.282766,0.49591],"extended":false,"handId":605,"id":6054,"length":50.4973,"mcpPosition":[47.8311,308.778,35.9185],"pipPosition":[26.9957,296.383,10.1918],"stabilizedTipPosition":[-38.0878,306.251,126.104],"timeVisible":0.460936,"tipPosition":[5.00513,289.644,31.7768],"tipVelocity":[88.3212,-61.7197,-192.017],"tool":false,"touchDistance":0.333333,"touchZone":"none","type":4,"width":16.0532}],"r":[[0.972109,0.0600386,0.226714],[-0.0718215,0.996443,0.0440784],[-0.223262,-0.059132,0.972963]],"s":0.996895,"t":[82.5417,7.37158,-173.297],"timestamp":522845062602},false],[1,{"currentFrameRate":107.24,"devices":[],"gestures":[],"hands":[{"armBasis":[[0.761935,-0.634825,-0.128265],[0.647653,0.747072,0.149763],[0.00074919,-0.197181,0.980367]],"armWidth":63.703,"confidence":0.78334,"direction":[0.48315,0.352426,-0.801475],"elbow":[-2.81095,255.613,349.037],"grabStrength":0,"id":605,"palmNormal":[-0.480119,-0.65885,-0.579139],"palmPosition":[15.4169,330.083,37.5027],"palmVelocity":[79.6145,-59.8449,-168.352],"palmWidth":90.9658,"pinchStrength":0.811999,"r":[[0.972166,0.0604098,0.22637],[-0.0720522,0.996451,0.0435185],[-0.222938,-0.0586177,0.973069]],"s":0.99681,"sphereCenter":[10.898,298.124,0.735186],"sphereRadius":45.7991,"stabilizedPalmPosition":[-28.1777,348.323,140.672],"t":[83.2066,6.86614,-174.619],"timeVisible":0.470374,"type":"right","wrist":[-3.01318,308.838,84.4084]}],"id":4208485,"interactionBox":{"center":[0,200,0],"size":[235.247,235.247,147.751]},"pointables":[{"bases":[[[0.818327,0.390624,0.421608],[-0.563074,0.691985,0.451778],[-0.115271,-0.607099,0.786221]],[[0.782942,0.621645,0.0236526],[-0.622078,0.782629,0.0225754],[-0.00447735,-0.0323891,0.999465]],[[0.782942,0.621645,0.0236526],[-0.598471,0.763044,-0.244124],[-0.169807,0.17698,0.969455]],[[0.782942,0.621645,0.0236526],[-0.345522,0.466163,-0.814436],[-0.517316,0.629484,0.579771]]],"btipPosition":[-12.6014,300.316,-19.8407],"carpPosition":[-30.7167,319.46,76.6474],"dipPosition":[-24.7052,315.044,-6.27559],"direction":[0.169807,-0.17698,-0.969455],"extended":false,"handId":605,"id":6050,"length":52.1025,"mcpPosition":[-30.7167,319.46,76.6474],"pipPosition":[-30.4933,321.077,26.7698],"stabilizedTipPosition":[-55.0827,324.578,70.2227],"timeVisible":0.470374,"tipPosition":[-15.2355,304.528,-17.0529],"tipVelocity":[78.8583,-76.0667,-162.392],"tool":false,"touchDistance":-0.564754,"touchZone":"hovering","type":0,"width":20.2446},{"bases":[[[0.802883,-0.596007,0.0124305],[0.527225,0.719651,0.451814],[-0.27823,-0.356201,0.892025]],[[0.729804,-0.655844,0.193017],[0.62638,0.754581,0.195591],[-0.273923,-0.0218411,0.961503]],[[0.729804,-0.655844,0.193017],[0.677855,0.730875,-0.0795838],[-0.0888765,0.188918,0.977963]],[[0.729804,-0.655844,0.193017],[0.681731,0.676968,-0.277411],[0.0512723,0.334041,0.941163]]],"btipPosition":[23.2417,347.617,-66.0165],"carpPosition":[-10.2592,330.751,80.597],"dipPosition":[24.1175,353.323,-49.9404],"direction":[0.0888765,-0.188918,-0.977963],"extended":true,"handId":605,"id":6051,"length":58.7918,"mcpPosition":[10.2046,356.95,14.9885],"pipPosition":[21.9699,357.888,-26.309],"stabilizedTipPosition":[-6.19188,365.398,-3.89023],"timeVisible":0.470374,"tipPosition":[23.4781,348.689,-62.2965],"tipVelocity":[74.347,-52.2448,-171.81],"tool":false,"touchDistance":0.332382,"touchZone":"hovering","type":1,"width":19.3376},{"bases":[[[0.65619,-0.752543,0.0556254],[0.649136,0.600533,0.466886],[-0.384757,-0.270258,0.882566]],[[0.652892,-0.754815,0.0631335],[0.561727,0.426586,-0.708863],[0.508129,0.498275,0.702515]],[[0.652892,-0.754815,0.0631335],[-0.3723,-0.392378,-0.84109],[0.65964,0.525637,-0.537198]],[[0.652892,-0.754815,0.0631335],[-0.689938,-0.627028,-0.361692],[0.312597,0.192588,-0.930158]]],"btipPosition":[-21.6954,301.206,18.3277],"carpPosition":[0.57905,324.928,80.9919],"dipPosition":[-15.8227,304.824,0.852877],"direction":[-0.65964,-0.525637,0.537198],"extended":false,"handId":605,"id":6052,"length":66.9886,"mcpPosition":[27.4156,343.778,19.4334],"pipPosition":[2.9301,319.767,-14.419],"stabilizedTipPosition":[-63.0167,323.038,111.991],"timeVisible":0.470374,"tipPosition":[-20.5065,301.943,15.0529],"tipVelocity":[82.0356,-62.3827,-178.33],"tool":false,"touchDistance":0.333333,"touchZone":"none","type":2,"width":18.9921},{"bases":[[[0.541604,-0.827226,0.149541],[0.681763,0.536312,0.497564],[-0.491798,-0.167531,0.85444]],[[0.542847,-0.826799,0.147377],[0.648429,0.301104,-0.699196],[0.533719,0.47512,0.699575]],[[0.542847,-0.826799,0.147377],[-0.37762,-0.397041,-0.836517],[0.750146,0.398449,-0.527749]],[[0.542847,-0.826799,0.147377],[-0.742698,-0.554536,-0.375352],[0.392067,0.0943026,-0.915091]]],"btipPosition":[-11.6419,292.965,28.3207],"carpPosition":[9.49856,316.493,81.3681],"dipPosition":[-4.31844,294.726,11.2277],"direction":[-0.750146,-0.398449,0.527749],"extended":false,"handId":605,"id":6053,"length":64.4113,"mcpPosition":[40.2966,326.984,27.8603],"pipPosition":[16.4566,305.761,-3.38812],"stabilizedTipPosition":[-51.921,314.762,120.754],"timeVisible":0.470374,"tipPosition":[-10.1615,293.471,25.0173],"tipVelocity":[80.7968,-62.6642,-161.876],"tool":false,"touchDistance":0.333333,"touchZone":"none","type":3,"width":18.0722},{"bases":[[[0.360901,-0.918223,0.163147],[0.711557,0.384197,0.588285],[-0.602858,-0.096225,0.792025]],[[0.390344,-0.912324,0.123682],[0.707504,0.211285,-0.674387],[0.589127,0.350748,0.727946]],[[0.390344,-0.912324,0.123682],[-0.4173,-0.29507,-0.859531],[0.820666,0.283901,-0.495892]],[[0.390344,-0.912324,0.123682],[-0.805069,-0.403411,-0.434885],[0.44665,0.0701824,-0.891952]]],"btipPosition":[3.8576,289.268,34.1073],"carpPosition":[13.4793,302.849,80.6868],"dipPosition":[11.5544,290.477,18.737],"direction":[-0.820666,-0.283901,0.495892],"extended":false,"handId":605,"id":6054,"length":50.4973,"mcpPosition":[48.4268,308.427,34.7733],"pipPosition":[27.6013,296.029,9.04056],"stabilizedTipPosition":[-37.8085,306.144,125.494],"timeVisible":0.470374,"tipPosition":[5.62961,289.249,30.6436],"tipVelocity":[81.8597,-55.8316,-171.926],"tool":false,"touchDistance":0.333333,"touchZone":"none","type":4,"width":16.0532}],"r":[[0.972166,0.0604098,0.22637],[-0.0720522,0.996451,0.0435185],[-0.222938,-0.0586177,0.973069]],"s":0.99681,"t":[83.2066,6.86614,-174.619],"timestamp":522845072040},false],[2,{"currentFrameRate":107.599,"devices":[],"gestures":[],"hands":[{"armBasis":[[0.760057,-0.637331,-0.126977],[0.649828,0.747211,0.139284],[0.00610884,-0.188377,0.982078]],"armWidth":63.703,"confidence":0.790631,"direction":[0.484779,0.353407,-0.800058],"elbow":[-1.21781,257.366,348.397],"grabStrength":0,"id":605,"palmNormal":[-0.478689,-0.658367,-0.580869],"palmPosition":[15.6584,329.514,36.4636],"palmVelocity":[65.9116,-61.4448,-155.589],"palmWidth":90.9658,"pinchStrength":0.813834,"r":[[0.972111,0.0607118,0.226526],[-0.0723099,0.996444,0.0432504],[-0.223095,-0.0584243,0.973044]],"s":0.996766,"sphereCenter":[11.2052,297.627,-0.364915],"sphereRadius":45.7914,"stabilizedPalmPosition":[-27.9115,348.209,140.039],"t":[83.6598,6.32877,-175.799],"timeVisible":0.479016,"type":"right","wrist":[-2.86675,308.214,83.307]}],"id":4208486,"interactionBox":{"center":[0,200,0],"size":[235.247,235.247,147.751]},"pointables":[{"bases":[[[0.817309,0.390401,0.423784],[-0.564237,0.691353,0.451296],[-0.116798,-0.607963,0.785328]],[[0.782692,0.62187,0.0259093],[-0.622374,0.782412,0.0219595],[-0.00661579,-0.0333128,0.999423]],[[0.782692,0.62187,0.0259093],[-0.598169,0.763062,-0.244808],[-0.172009,0.176111,0.969225]],[[0.782692,0.62187,0.0259093],[-0.344225,0.467176,-0.814405],[-0.518558,0.62851,0.579718]]],"btipPosition":[-12.2302,299.791,-20.9794],"carpPosition":[-30.5565,318.837,75.4975],"dipPosition":[-24.3631,314.497,-7.4155],"direction":[0.172009,-0.176111,-0.969225],"extended":false,"handId":605,"id":6050,"length":52.1025,"mcpPosition":[-30.5565,318.837,75.4975],"pipPosition":[-30.2263,320.5,25.622],"stabilizedTipPosition":[-54.4191,324.223,68.7636],"timeVisible":0.479016,"tipPosition":[-14.8724,303.989,-18.1833],"tipVelocity":[69.1271,-72.1602,-154.275],"tool":false,"touchDistance":-0.553697,"touchZone":"hovering","type":0,"width":20.2446},{"bases":[[[0.803019,-0.5958,0.0135299],[0.526052,0.719316,0.453711],[-0.280053,-0.357221,0.891046]],[[0.729685,-0.655787,0.193659],[0.625721,0.754595,0.197634],[-0.27574,-0.0230339,0.960956]],[[0.729685,-0.655787,0.193659],[0.677464,0.731756,-0.0746639],[-0.092748,0.185678,0.978224]],[[0.729685,-0.655787,0.193659],[0.682237,0.679185,-0.270668],[0.0459699,0.329624,0.942993]]],"btipPosition":[23.7866,347.275,-67.0524],"carpPosition":[-10.1106,330.129,79.5031],"dipPosition":[24.5718,352.905,-50.9451],"direction":[0.092748,-0.185678,-0.978224],"extended":true,"handId":605,"id":6051,"length":58.7918,"mcpPosition":[10.4873,356.403,13.9667],"pipPosition":[22.3306,357.392,-27.3073],"stabilizedTipPosition":[-5.66309,365.103,-4.93272],"timeVisible":0.479016,"tipPosition":[23.9728,348.304,-63.3146],"tipVelocity":[70.7108,-49.4147,-157.811],"tool":false,"touchDistance":0.332429,"touchZone":"hovering","type":1,"width":19.3376},{"bases":[[[0.656276,-0.752422,0.0562429],[0.647963,0.600216,0.468919],[-0.386583,-0.271297,0.881449]],[[0.652942,-0.754717,0.0637877],[0.563821,0.428095,-0.706286],[0.505739,0.497129,0.705047]],[[0.652942,-0.754717,0.0637877],[-0.369516,-0.390934,-0.842988],[0.661154,0.526851,-0.534138]],[[0.652942,-0.754717,0.0637877],[-0.68873,-0.626669,-0.364605],[0.315147,0.194133,-0.928975]]],"btipPosition":[-21.3945,300.651,17.0978],"carpPosition":[0.728396,324.308,79.9153],"dipPosition":[-15.4738,304.298,-0.354819],"direction":[-0.661154,-0.526851,0.534138],"extended":false,"handId":605,"id":6052,"length":66.9886,"mcpPosition":[27.6923,343.231,18.4347],"pipPosition":[3.32198,319.276,-15.5397],"stabilizedTipPosition":[-62.7629,322.91,111.407],"timeVisible":0.479016,"tipPosition":[-20.194,301.396,13.8279],"tipVelocity":[69.8496,-62.6726,-168.62],"tool":false,"touchDistance":0.333333,"touchZone":"none","type":2,"width":18.9921},{"bases":[[[0.541508,-0.827236,0.149832],[0.680541,0.535971,0.499599],[-0.493592,-0.16857,0.853201]],[[0.542805,-0.82679,0.147586],[0.650805,0.302998,-0.696165],[0.530863,0.473931,0.702548]],[[0.542805,-0.82679,0.147586],[-0.374358,-0.395489,-0.838716],[0.75181,0.400009,-0.524188]],[[0.542805,-0.82679,0.147586],[-0.741278,-0.554243,-0.378577],[0.394802,0.0960912,-0.913727]]],"btipPosition":[-11.3483,292.389,27.0751],"carpPosition":[9.6494,315.875,80.3018],"dipPosition":[-3.97379,294.184,10.0076],"direction":[-0.75181,-0.400009,0.524188],"extended":false,"handId":605,"id":6053,"length":64.4113,"mcpPosition":[40.5598,326.432,26.8715],"pipPosition":[16.8473,305.262,-4.50965],"stabilizedTipPosition":[-51.624,314.607,120.068],"timeVisible":0.479016,"tipPosition":[-9.85768,292.901,23.791],"tipVelocity":[68.7358,-63.4808,-156.989],"tool":false,"touchDistance":0.333333,"touchZone":"none","type":3,"width":18.0722},{"bases":[[[0.360802,-0.918297,0.162952],[0.710182,0.383768,0.590224],[-0.604536,-0.0972282,0.790622]],[[0.389433,-0.912564,0.124775],[0.709334,0.210736,-0.672634],[0.587527,0.350453,0.72938]],[[0.389433,-0.912564,0.124775],[-0.415336,-0.294904,-0.860539],[0.822094,0.283299,-0.493866]],[[0.389433,-0.912564,0.124775],[-0.804195,-0.40293,-0.436941],[0.449012,0.069816,-0.890794]]],"btipPosition":[4.09888,288.739,33.0062],"carpPosition":[13.6354,302.234,79.6146],"dipPosition":[11.8363,289.942,17.6559],"direction":[-0.822094,-0.283299,0.493866],"extended":false,"handId":605,"id":6054,"length":50.4973,"mcpPosition":[48.6802,307.87,33.7824],"pipPosition":[27.9112,295.482,7.99901],"stabilizedTipPosition":[-37.556,306.045,124.939],"timeVisible":0.479016,"tipPosition":[5.88696,288.714,29.542],"tipVelocity":[67.8389,-57.2994,-159.978],"tool":false,"touchDistance":0.333333,"touchZone":"none","type":4,"width":16.0532}],"r":[[0.972111,0.0607118,0.226526],[-0.0723099,0.996444,0.0432504],[-0.223095,-0.0584243,0.973044]],"s":0.996766,"t":[83.6598,6.32877,-175.799],"timestamp":522845080682},false],[3,{"currentFrameRate":107.71,"devices":[],"gestures":[],"hands":[{"armBasis":[[0.753242,-0.646721,-0.119906],[0.657731,0.741729,0.131258],[0.00405046,-0.177735,0.98407]],"armWidth":63.703,"confidence":0.800615,"direction":[0.48067,0.354138,-0.802211],"elbow":[-0.518584,258.93,347.044],"grabStrength":0,"id":605,"palmNormal":[-0.48834,-0.651735,-0.580315],"palmPosition":[16.6778,328.32,34.5324],"palmVelocity":[78.7288,-80.8041,-171.37],"palmWidth":90.9658,"pinchStrength":0.815799,"r":[[0.972533,0.0592937,0.225086],[-0.0709874,0.996497,0.0442122],[-0.221676,-0.0589761,0.973335]],"s":0.996941,"sphereCenter":[11.6357,296.76,-2.44797],"sphereRadius":45.7717,"stabilizedPalmPosition":[-27.6056,348.072,139.315],"t":[84.3961,5.46332,-177.355],"timeVisible":0.488099,"type":"right","wrist":[-1.61192,306.906,81.416]}],"id":4208487,"interactionBox":{"center":[0,200,0],"size":[235.247,235.247,147.751]},"pointables":[{"bases":[[[0.823661,0.382149,0.41898],[-0.55536,0.693026,0.459663],[-0.114705,-0.611291,0.783049]],[[0.787391,0.616042,0.0225226],[-0.616452,0.78678,0.0310586],[0.00141308,-0.0383394,0.999264]],[[0.787391,0.616042,0.0225226],[-0.594545,0.768555,-0.236305],[-0.162884,0.172674,0.971418]],[[0.787391,0.616042,0.0225226],[-0.347588,0.473849,-0.809104],[-0.509114,0.629253,0.587234]]],"btipPosition":[-11.8935,299.077,-22.8243],"carpPosition":[-29.287,317.772,73.8952],"dipPosition":[-23.8054,313.8,-9.08462],"direction":[0.162884,-0.172674,-0.971418],"extended":false,"handId":605,"id":6050,"length":52.1025,"mcpPosition":[-29.287,317.772,73.8952],"pipPosition":[-29.3576,319.686,24.0276],"stabilizedTipPosition":[-53.7884,323.878,67.3618],"timeVisible":0.488099,"tipPosition":[-14.4906,303.271,-19.9785],"tipVelocity":[61.8051,-73.8277,-166.56],"tool":false,"touchDistance":-0.553728,"touchZone":"hovering","type":0,"width":20.2446},{"bases":[[[0.798706,-0.60171,0.00364495],[0.535087,0.713017,0.453088],[-0.275227,-0.359934,0.891458]],[[0.726623,-0.662025,0.18369],[0.632664,0.749003,0.196801],[-0.267872,-0.0267867,0.963082]],[[0.726623,-0.662025,0.18369],[0.681613,0.728171,-0.0719061],[-0.086154,0.177454,0.980351]],[[0.726623,-0.662025,0.18369],[0.685128,0.678311,-0.265509],[0.0511745,0.318776,0.946448]]],"btipPosition":[24.2299,346.784,-68.9985],"carpPosition":[-8.72612,328.893,77.789],"dipPosition":[25.104,352.229,-52.8322],"direction":[0.086154,-0.177454,-0.980351],"extended":true,"handId":605,"id":6051,"length":58.7918,"mcpPosition":[11.5168,355.366,12.2223],"pipPosition":[23.0221,356.517,-29.143],"stabilizedTipPosition":[-5.18743,364.833,-5.88657],"timeVisible":0.488099,"tipPosition":[24.3833,347.721,-65.2338],"tipVelocity":[65.2721,-52.0031,-173.018],"tool":false,"touchDistance":0.331678,"touchZone":"hovering","type":1,"width":19.3376},{"bases":[[[0.651179,-0.757483,0.0467564],[0.656242,0.59295,0.466644],[-0.381199,-0.273185,0.883209]],[[0.647872,-0.759807,0.0543596],[0.561686,0.428295,-0.707865],[0.514559,0.489139,0.704253]],[[0.647872,-0.759807,0.0543596],[-0.378597,-0.383101,-0.842554],[0.661004,0.525287,-0.535861]],[[0.647872,-0.759807,0.0543596],[-0.696099,-0.619509,-0.362842],[0.309366,0.197235,-0.930264]]],"btipPosition":[-20.7376,299.836,15.2507],"carpPosition":[2.07292,322.991,78.0795],"dipPosition":[-14.9256,303.542,-2.22613],"direction":[-0.661004,-0.525287,0.535861],"extended":false,"handId":605,"id":6052,"length":66.9886,"mcpPosition":[28.6613,342.046,16.4762],"pipPosition":[3.86598,318.475,-17.46],"stabilizedTipPosition":[-62.496,322.774,110.79],"timeVisible":0.488099,"tipPosition":[-19.5543,300.594,11.9744],"tipVelocity":[69.7716,-69.7259,-178.403],"tool":false,"touchDistance":0.333333,"touchZone":"none","type":2,"width":18.9921},{"bases":[[[0.536649,-0.831957,0.140907],[0.688603,0.528305,0.496709],[-0.487682,-0.169529,0.856403]],[[0.537983,-0.83149,0.13856],[0.648235,0.303008,-0.698554],[0.538855,0.465629,0.702014]],[[0.537983,-0.83149,0.13856],[-0.38277,-0.387416,-0.838687],[0.75104,0.398163,-0.526693]],[[0.537983,-0.83149,0.13856],[-0.747973,-0.546672,-0.376412],[0.388729,0.0988643,-0.916032]]],"btipPosition":[-10.6553,291.435,25.0556],"carpPosition":[10.9347,314.491,78.3466],"dipPosition":[-3.39426,293.282,7.945],"direction":[-0.75104,-0.398163,0.526693],"extended":false,"handId":605,"id":6053,"length":64.4113,"mcpPosition":[41.4749,325.108,24.7158],"pipPosition":[17.4055,304.309,-6.64156],"stabilizedTipPosition":[-51.309,314.439,119.337],"timeVisible":0.488099,"tipPosition":[-9.18403,291.955,21.7755],"tipVelocity":[70.032,-74.6048,-175.375],"tool":false,"touchDistance":0.333333,"touchZone":"none","type":3,"width":18.0722},{"bases":[[[0.355395,-0.921765,0.155058],[0.71788,0.375407,0.586275],[-0.598618,-0.0970457,0.795134]],[[0.381944,-0.916471,0.119159],[0.704859,0.205479,-0.678934],[0.597739,0.343306,0.724465]],[[0.381944,-0.916471,0.119159],[-0.42627,-0.289097,-0.857156],[0.820008,0.276592,-0.501083]],[[0.381944,-0.916471,0.119159],[-0.81168,-0.394301,-0.430931],[0.44192,0.0678723,-0.894483]]],"btipPosition":[4.73688,287.737,31.0622],"carpPosition":[14.8145,300.825,77.5538],"dipPosition":[12.3521,288.907,15.6483],"direction":[-0.820008,-0.276592,0.501083],"extended":false,"handId":605,"id":6054,"length":50.4973,"mcpPosition":[49.5162,306.451,31.46],"pipPosition":[28.3862,294.315,5.85035],"stabilizedTipPosition":[-37.2896,305.936,124.349],"timeVisible":0.488099,"tipPosition":[6.5163,287.693,27.5382],"tipVelocity":[67.6475,-72.2065,-175.379],"tool":false,"touchDistance":0.333333,"touchZone":"none","type":4,"width":16.0532}],"r":[[0.972533,0.0592937,0.225086],[-0.0709874,0.996497,0.0442122],[-0.221676,-0.0589761,0.973335]],"s":0.996941,"t":[84.3961,5.46332,-177.355],"timestamp":522845089765},false],[4,{"currentFrameRate":107.883,"devices":[],"gestures":[],"hands":[{"armBasis":[[0.747316,-0.654277,-0.115935],[0.664454,0.734652,0.137067],[-0.00450821,-0.179466,0.983754]],"armWidth":63.703,"confidence":0.803441,"direction":[0.475484,0.351058,-0.806643],"elbow":[-1.58445,257.795,345.046],"grabStrength":0,"id":605,"palmNormal":[-0.501203,-0.645459,-0.576348],"palmPosition":[17.6274,327.571,32.4693],"palmVelocity":[86.1965,-81.5872,-187.508],"palmWidth":90.9658,"pinchStrength":0.818664,"r":[[0.973469,0.0560945,0.221837],[-0.0678129,0.996657,0.0455597],[-0.21854,-0.0593944,0.974019]],"s":0.997232,"sphereCenter":[11.7868,296.302,-4.54282],"sphereRadius":45.7238,"stabilizedPalmPosition":[-27.2874,347.928,138.564],"t":[85.2391,4.65597,-179.165],"timeVisible":0.497054,"type":"right","wrist":[-0.367563,306.237,79.5035]}],"id":4208488,"interactionBox":{"center":[0,200,0],"size":[235.247,235.247,147.751]},"pointables":[{"bases":[[[0.832,0.372858,0.410795],[-0.543275,0.697574,0.467164],[-0.112374,-0.611855,0.782947]],[[0.793673,0.608163,0.0148646],[-0.608229,0.79281,0.0388536],[0.0118445,-0.0398781,0.999134]],[[0.793673,0.608163,0.0148646],[-0.589183,0.774529,-0.230147],[-0.15148,0.173903,0.973042]],[[0.793673,0.608163,0.0148646],[-0.350478,0.477085,-0.80595],[-0.49724,0.634451,0.591797]]],"btipPosition":[-11.8048,298.618,-24.5673],"carpPosition":[-28.0112,317.4,72.3079],"dipPosition":[-23.4389,313.463,-10.7208],"direction":[0.15148,-0.173903,-0.973042],"extended":false,"handId":605,"id":6050,"length":52.1025,"mcpPosition":[-28.0112,317.4,72.3079],"pipPosition":[-28.6023,319.39,22.4468],"stabilizedTipPosition":[-53.2659,323.588,66.1821],"timeVisible":0.497054,"tipPosition":[-14.3605,302.842,-21.7],"tipVelocity":[49.5651,-66.7984,-173.486],"tool":false,"touchDistance":-0.552464,"touchZone":"hovering","type":0,"width":20.2446},{"bases":[[[0.792558,-0.609763,-0.00634182],[0.547183,0.70655,0.448751],[-0.269151,-0.359131,0.893634]],[[0.722066,-0.669622,0.173859],[0.641955,0.742198,0.192447],[-0.257905,-0.02735,0.965783]],[[0.722066,-0.669622,0.173859],[0.687546,0.722475,-0.0728651],[-0.0768167,0.172149,0.982071]],[[0.722066,-0.669622,0.173859],[0.68926,0.674684,-0.26405],[0.0595142,0.310496,0.94871]]],"btipPosition":[24.4154,346.429,-71.1426],"carpPosition":[-7.29752,328.304,76.0012],"dipPosition":[25.432,351.733,-54.9376],"direction":[0.0768167,-0.172149,-0.982071],"extended":true,"handId":605,"id":6051,"length":58.7918,"mcpPosition":[12.4985,354.718,10.2744],"pipPosition":[23.5758,355.892,-31.2069],"stabilizedTipPosition":[-4.81411,364.618,-6.65642],"timeVisible":0.497054,"tipPosition":[24.5453,347.279,-67.3562],"tipVelocity":[54.092,-49.6061,-190.905],"tool":false,"touchDistance":0.296091,"touchZone":"hovering","type":1,"width":19.3376},{"bases":[[[0.643936,-0.764133,0.0380422],[0.667255,0.585234,0.460729],[-0.374322,-0.271296,0.886725]],[[0.640673,-0.766451,0.0457128],[0.558831,0.424641,-0.712312],[0.526541,0.481905,0.700373]],[[0.640673,-0.766451,0.0457128],[-0.39092,-0.376852,-0.839741],[0.660847,0.52013,-0.54106]],[[0.640673,-0.766451,0.0457128],[-0.706056,-0.611491,-0.357162],[0.3017,0.196548,-0.932923]]],"btipPosition":[-20.2755,299.514,13.4721],"carpPosition":[3.44364,322.292,76.1614],"dipPosition":[-14.6075,303.206,-4.05471],"direction":[-0.660847,-0.52013,0.54106],"extended":false,"handId":605,"id":6052,"length":66.9886,"mcpPosition":[29.5524,341.215,14.3129],"pipPosition":[4.17965,317.993,-19.4364],"stabilizedTipPosition":[-62.2537,322.649,110.226],"timeVisible":0.497054,"tipPosition":[-19.116,300.27,10.1827],"tipVelocity":[63.7937,-60.6008,-184.281],"tool":false,"touchDistance":0.333333,"touchZone":"none","type":2,"width":18.9921},{"bases":[[[0.529688,-0.837656,0.133276],[0.699284,0.520199,0.490302],[-0.480034,-0.166509,0.861302]],[[0.531045,-0.837182,0.130838],[0.644536,0.298861,-0.703743],[0.550059,0.458049,0.698303]],[[0.531045,-0.837182,0.130838],[-0.394555,-0.380957,-0.83618],[0.749878,0.392426,-0.53262]],[[0.531045,-0.837182,0.130838],[-0.757127,-0.538144,-0.370351],[0.380461,0.0976124,-0.919631]]],"btipPosition":[-10.1616,290.979,23.1131],"carpPosition":[12.2211,313.703,76.3138],"dipPosition":[-3.05498,292.802,5.93532],"direction":[-0.749878,-0.392426,0.53262],"extended":false,"handId":605,"id":6053,"length":64.4113,"mcpPosition":[42.2825,324.13,22.3762],"pipPosition":[17.7126,303.67,-8.81539],"stabilizedTipPosition":[-51.0209,314.284,118.663],"timeVisible":0.497054,"tipPosition":[-8.71653,291.491,19.8268],"tipVelocity":[64.8742,-68.3231,-187.204],"tool":false,"touchDistance":0.333333,"touchZone":"none","type":3,"width":18.0722},{"bases":[[[0.347697,-0.925658,0.14921],[0.727981,0.366812,0.579217],[-0.590889,-0.0927702,0.801401]],[[0.372586,-0.920858,0.114889],[0.699322,0.197232,-0.687058],[0.610023,0.336333,0.717462]],[[0.372586,-0.920858,0.114889],[-0.439489,-0.284134,-0.852125],[0.81733,0.266998,-0.510572]],[[0.372586,-0.920858,0.114889],[-0.820895,-0.384788,-0.421983],[0.432795,0.0629133,-0.899294]]],"btipPosition":[5.20312,287.183,29.1108],"carpPosition":[15.9534,299.999,75.4496],"dipPosition":[12.6611,288.267,13.6139],"direction":[-0.81733,-0.266998,0.510572],"extended":false,"handId":605,"id":6054,"length":50.4973,"mcpPosition":[50.207,305.377,28.9926],"pipPosition":[28.6429,293.488,3.63043],"stabilizedTipPosition":[-37.0438,305.833,123.8],"timeVisible":0.497054,"tipPosition":[6.95641,287.113,25.5398],"tipVelocity":[62.2825,-69.9713,-187.593],"tool":false,"touchDistance":0.333333,"touchZone":"none","type":4,"width":16.0532}],"r":[[0.973469,0.0560945,0.221837],[-0.0678129,0.996657,0.0455597],[-0.21854,-0.0593944,0.974019]],"s":0.997232,"t":[85.2391,4.65597,-179.165],"timestamp":522845098720},false],[5,{"currentFrameRate":107.999,"devices":[],"gestures":[],"hands":[{"armBasis":[[0.742923,-0.65919,-0.116334],[0.669373,0.732165,0.125993],[0.00212261,-0.171474,0.985186]],"armWidth":63.703,"confidence":0.804793,"direction":[0.476482,0.355133,-0.804267],"elbow":[0.24974,259.268,344.159],"grabStrength":0,"id":605,"palmNormal":[-0.502859,-0.6403,-0.580646],"palmPosition":[17.7323,327.15,31.3392],"palmVelocity":[65.6133,-71.9086,-170.228],"palmWidth":90.9658,"pinchStrength":0.821168,"r":[[0.974227,0.0527266,0.21932],[-0.0647397,0.99675,0.0479484],[-0.216079,-0.0609113,0.974474]],"s":0.997528,"sphereCenter":[11.7483,296.273,-5.89749],"sphereRadius":45.6804,"stabilizedPalmPosition":[-26.9768,347.785,137.824],"t":[85.713,4.04187,-180.634],"timeVisible":0.506104,"type":"right","wrist":[-0.323213,305.553,78.2299]}],"id":4208489,"interactionBox":{"center":[0,200,0],"size":[235.247,235.247,147.751]},"pointables":[{"bases":[[[0.832948,0.367927,0.413314],[-0.541469,0.6959,0.471736],[-0.114061,-0.616728,0.778869]],[[0.795193,0.606069,0.0186728],[-0.606247,0.794087,0.0434886],[0.0115292,-0.0459021,0.998879]],[[0.795193,0.606069,0.0186728],[-0.586992,0.777153,-0.226876],[-0.152014,0.169449,0.973745]],[[0.795193,0.606069,0.0186728],[-0.348181,0.48161,-0.804252],[-0.496425,0.633034,0.593994]]],"btipPosition":[-11.7153,298.54,-25.8314],"carpPosition":[-27.9366,316.837,71.1064],"dipPosition":[-23.3304,313.351,-11.9335],"direction":[0.152014,-0.169449,-0.973745],"extended":false,"handId":605,"id":6050,"length":52.1025,"mcpPosition":[-27.9366,316.837,71.1064],"pipPosition":[-28.512,319.127,21.2581],"stabilizedTipPosition":[-52.8488,323.356,65.2293],"timeVisible":0.506104,"tipPosition":[-14.2905,302.757,-22.948],"tipVelocity":[38.7528,-50.983,-163.8],"tool":false,"touchDistance":-0.544336,"touchZone":"hovering","type":0,"width":20.2446},{"bases":[[[0.790943,-0.611803,-0.0103244],[0.549011,0.702112,0.453459],[-0.270179,-0.364328,0.891217]],[[0.720433,-0.672581,0.169148],[0.643614,0.739246,0.198182],[-0.258335,-0.0339111,0.96546]],[[0.720433,-0.672581,0.169148],[0.688954,0.722027,-0.0633982],[-0.0794889,0.162209,0.98355]],[[0.720433,-0.672581,0.169148],[0.691322,0.677037,-0.252379],[0.0552262,0.298758,0.95273]]],"btipPosition":[24.7504,346.891,-72.1832],"carpPosition":[-7.19447,327.66,74.8733],"dipPosition":[25.6937,351.994,-55.9096],"direction":[0.0794889,-0.162209,-0.98355],"extended":true,"handId":605,"id":6051,"length":58.7918,"mcpPosition":[12.6772,354.457,9.32427],"pipPosition":[23.7729,355.913,-32.1432],"stabilizedTipPosition":[-4.52508,364.457,-7.25605],"timeVisible":0.506104,"tipPosition":[24.814,347.651,-68.3734],"tipVelocity":[48.8661,-23.2585,-169.48],"tool":false,"touchDistance":0.27901,"touchZone":"hovering","type":1,"width":19.3376},{"bases":[[[0.641909,-0.766069,0.0330258],[0.668761,0.580403,0.464642],[-0.375116,-0.276171,0.884883]],[[0.638625,-0.76844,0.0407134],[0.560519,0.428275,-0.708801],[0.527235,0.475479,0.704232]],[[0.638625,-0.76844,0.0407134],[-0.391231,-0.369789,-0.84273],[0.662643,0.522261,-0.536794]],[[0.638625,-0.76844,0.0407134],[-0.707467,-0.607121,-0.361794],[0.302735,0.202247,-0.931369]]],"btipPosition":[-20.2369,299.323,12.0972],"carpPosition":[3.53075,321.62,74.9944],"dipPosition":[-14.5494,303.123,-5.4004],"direction":[-0.662643,-0.522261,0.536794],"extended":false,"handId":605,"id":6052,"length":66.9886,"mcpPosition":[29.6949,340.882,13.2744],"pipPosition":[4.28871,317.97,-20.6608],"stabilizedTipPosition":[-62.0486,322.543,109.742],"timeVisible":0.506104,"tipPosition":[-19.0711,300.101,8.80986],"tipVelocity":[47.5071,-48.9396,-175.149],"tool":false,"touchDistance":0.333333,"touchZone":"none","type":2,"width":18.9921},{"bases":[[[0.527459,-0.839919,0.127762],[0.700614,0.515088,0.493785],[-0.480549,-0.170939,0.860147]],[[0.528935,-0.839389,0.125115],[0.645742,0.302404,-0.70112],[0.550677,0.451639,0.701981]],[[0.528935,-0.839389,0.125115],[-0.394942,-0.37395,-0.839156],[0.751165,0.394446,-0.529305]],[[0.528935,-0.839389,0.125115],[-0.758318,-0.533653,-0.374391],[0.381028,0.103152,-0.918791]]],"btipPosition":[-10.1389,290.686,21.6904],"carpPosition":[12.2855,313.006,75.0905],"dipPosition":[-3.02167,292.613,4.52831],"direction":[-0.751165,-0.394446,0.529305],"extended":false,"handId":605,"id":6053,"length":64.4113,"mcpPosition":[42.379,323.711,21.2253],"pipPosition":[17.7816,303.537,-10.1306],"stabilizedTipPosition":[-50.7739,314.15,118.077],"timeVisible":0.506104,"tipPosition":[-8.69046,291.218,18.4047],"tipVelocity":[47.7437,-57.6572,-178.818],"tool":false,"touchDistance":0.333333,"touchZone":"none","type":3,"width":18.0722},{"bases":[[[0.345234,-0.927543,0.143101],[0.728898,0.36104,0.581685],[-0.591203,-0.0965118,0.800728]],[[0.368927,-0.922865,0.110508],[0.701501,0.198472,-0.684474],[0.609744,0.330043,0.720613]],[[0.368927,-0.922865,0.110508],[-0.438813,-0.277752,-0.854574],[0.819351,0.266783,-0.507436]],[[0.368927,-0.922865,0.110508],[-0.821683,-0.379407,-0.425308],[0.434429,0.0661052,-0.898277]]],"btipPosition":[5.19163,286.871,27.6458],"carpPosition":[15.9815,299.299,74.1359],"dipPosition":[12.6778,288.01,12.1666],"direction":[-0.819351,-0.266783,0.507436],"extended":false,"handId":605,"id":6054,"length":50.4973,"mcpPosition":[50.2534,304.894,27.7179],"pipPosition":[28.699,293.227,2.24436],"stabilizedTipPosition":[-36.8318,305.743,123.319],"timeVisible":0.506104,"tipPosition":[6.95153,286.809,24.1016],"tipVelocity":[44.9474,-59.7915,-180.373],"tool":false,"touchDistance":0.333333,"touchZone":"none","type":4,"width":16.0532}],"r":[[0.974227,0.0527266,0.21932],[-0.0647397,0.99675,0.0479484],[-0.216079,-0.0609113,0.974474]],"s":0.997528,"t":[85.713,4.04187,-180.634],"timestamp":522845107770},false],[6,{"currentFrameRate":108.061,"devices":[],"gestures":[],"hands":[{"armBasis":[[0.742637,-0.659332,-0.117355],[0.669676,0.732444,0.122723],[0.00504094,-0.169729,0.985478]],"armWidth":63.703,"confidence":0.811004,"direction":[0.478344,0.356995,-0.802335],"elbow":[1.12613,259.482,343.017],"grabStrength":0,"id":605,"palmNormal":[-0.500862,-0.639562,-0.583179],"palmPosition":[17.9289,326.996,30.2067],"palmVelocity":[53.3404,-56.6072,-157.331],"palmWidth":90.9658,"pinchStrength":0.825175,"r":[[0.9747,0.0500928,0.217833],[-0.0624458,0.996785,0.0501952],[-0.214618,-0.062528,0.974694]],"s":0.997476,"sphereCenter":[12.0031,296.289,-7.12283],"sphereRadius":45.6293,"stabilizedPalmPosition":[-26.6953,347.654,137.149],"t":[86.0482,3.65749,-181.936],"timeVisible":0.515246,"type":"right","wrist":[-0.234565,305.297,77.0087]}],"id":4208490,"interactionBox":{"center":[0,200,0],"size":[235.247,235.247,147.751]},"pointables":[{"bases":[[[0.831588,0.367743,0.416204],[-0.543214,0.694618,0.471619],[-0.115668,-0.618281,0.777399]],[[0.794551,0.606819,0.0214246],[-0.60713,0.793445,0.0428682],[0.00901401,-0.0470685,0.998851]],[[0.794551,0.606819,0.0214246],[-0.586911,0.776572,-0.229067],[-0.15564,0.169431,0.973175]],[[0.794551,0.606819,0.0214246],[-0.344728,0.479861,-0.806781],[-0.499851,0.633643,0.590462]]],"btipPosition":[-11.2867,298.322,-27.0006],"carpPosition":[-27.8373,316.574,69.8338],"dipPosition":[-22.9819,313.147,-13.1853],"direction":[0.15564,-0.169431,-0.973175],"extended":false,"handId":605,"id":6050,"length":52.1025,"mcpPosition":[-27.8373,316.574,69.8338],"pipPosition":[-28.2871,318.923,19.9868],"stabilizedTipPosition":[-52.5118,323.168,64.4574],"timeVisible":0.515246,"tipPosition":[-13.9059,302.548,-24.1435],"tipVelocity":[40.4548,-43.3339,-154.387],"tool":false,"touchDistance":-0.536058,"touchZone":"hovering","type":0,"width":20.2446},{"bases":[[[0.79141,-0.611214,-0.00939308],[0.547305,0.701648,0.456231],[-0.272264,-0.366207,0.889812]],[[0.720582,-0.67232,0.16955],[0.642491,0.739379,0.201307],[-0.260704,-0.036124,0.964743]],[[0.720582,-0.67232,0.16955],[0.688281,0.723149,-0.0576566],[-0.0838461,0.158244,0.983834]],[[0.720582,-0.67232,0.16955],[0.691599,0.679457,-0.245009],[0.0495224,0.293809,0.95458]]],"btipPosition":[25.2897,347.049,-73.285],"carpPosition":[-7.11294,327.406,73.6758],"dipPosition":[26.1356,352.068,-56.9798],"direction":[0.0838461,-0.158244,-0.983834],"extended":true,"handId":605,"id":6051,"length":58.7918,"mcpPosition":[12.9121,354.34,8.23013],"pipPosition":[24.1096,355.892,-33.2065],"stabilizedTipPosition":[-4.29441,364.333,-7.73476],"timeVisible":0.515246,"tipPosition":[25.3119,347.775,-69.4633],"tipVelocity":[51.0036,-12.5494,-155.636],"tool":false,"touchDistance":0.260768,"touchZone":"hovering","type":1,"width":19.3376},{"bases":[[[0.642374,-0.765669,0.0332724],[0.667113,0.580004,0.4675],[-0.377248,-0.278113,0.883367]],[[0.639065,-0.768061,0.040963],[0.562847,0.430691,-0.705485],[0.524213,0.473906,0.707541]],[[0.639065,-0.768061,0.040963],[-0.387802,-0.367748,-0.845205],[0.664233,0.524255,-0.532871]],[[0.639065,-0.768061,0.040963],[-0.705805,-0.606764,-0.365618],[0.305672,0.204741,-0.929863]]],"btipPosition":[-19.9574,299.184,10.7231],"carpPosition":[3.61629,321.372,73.8138],"dipPosition":[-14.2148,303.03,-6.74627],"direction":[-0.664233,-0.524255,0.532871],"extended":false,"handId":605,"id":6052,"length":66.9886,"mcpPosition":[29.9291,340.77,12.1995],"pipPosition":[4.66858,317.934,-21.8952],"stabilizedTipPosition":[-61.88,322.455,109.342],"timeVisible":0.515246,"tipPosition":[-18.7798,299.972,7.44367],"tipVelocity":[43.1813,-39.2456,-168.04],"tool":false,"touchDistance":0.333333,"touchZone":"none","type":2,"width":18.9921},{"bases":[[[0.527727,-0.83978,0.127567],[0.698937,0.514657,0.496604],[-0.482691,-0.17291,0.858552]],[[0.529428,-0.839164,0.124536],[0.648739,0.305875,-0.696834],[0.546666,0.449715,0.706338]],[[0.529428,-0.839164,0.124536],[-0.390303,-0.371274,-0.842508],[0.753239,0.39744,-0.524091]],[[0.529428,-0.839164,0.124536],[-0.756131,-0.533325,-0.37925],[0.384671,0.10662,-0.916875]]],"btipPosition":[-9.85956,290.507,20.2417],"carpPosition":[12.377,312.765,73.9167],"dipPosition":[-2.67428,292.498,3.11539],"direction":[-0.753239,-0.39744,0.524091],"extended":false,"handId":605,"id":6053,"length":64.4113,"mcpPosition":[42.6047,323.593,20.1514],"pipPosition":[18.1864,303.505,-11.3991],"stabilizedTipPosition":[-50.5695,314.038,117.588],"timeVisible":0.515246,"tipPosition":[-8.39858,291.055,16.9888],"tipVelocity":[43.4375,-46.6267,-172.905],"tool":false,"touchDistance":0.333333,"touchZone":"none","type":3,"width":18.0722},{"bases":[[[0.345527,-0.927563,0.142259],[0.7271,0.360463,0.584287],[-0.593242,-0.0984503,0.798981]],[[0.368213,-0.923062,0.111251],[0.704405,0.198868,-0.681369],[0.606822,0.329255,0.723436]],[[0.368213,-0.923062,0.111251],[-0.43542,-0.276928,-0.856574],[0.82148,0.26696,-0.503888]],[[0.368213,-0.923062,0.111251],[-0.82022,-0.378847,-0.428619],[0.437789,0.0665725,-0.89661]]],"btipPosition":[5.41756,286.763,26.3593],"carpPosition":[16.0854,299.062,72.9459],"dipPosition":[12.9616,287.91,10.9087],"direction":[-0.82148,-0.26696,0.503888],"extended":false,"handId":605,"id":6054,"length":50.4973,"mcpPosition":[50.4755,304.77,26.6292],"pipPosition":[29.0245,293.13,1.05589],"stabilizedTipPosition":[-36.6565,305.668,122.919],"timeVisible":0.515246,"tipPosition":[7.19222,286.698,22.8371],"tipVelocity":[39.7229,-46.3866,-169.142],"tool":false,"touchDistance":0.333333,"touchZone":"none","type":4,"width":16.0532}],"r":[[0.9747,0.0500928,0.217833],[-0.0624458,0.996785,0.0501952],[-0.214618,-0.062528,0.974694]],"s