{"sensorType":"Leap","data":[[0,{"currentFrameRate":100.524,"devices":[],"gestures":[],"hands":[{"armBasis":[[-0.840424,-0.507174,-0.190951],[-0.524097,0.850289,0.0482773],[-0.137879,-0.14065,0.980412]],"armWidth":63.703,"confidence":0.667908,"direction":[-0.2368,0.190189,-0.952761],"elbow":[-16.1203,266.021,355.635],"grabStrength":0,"id":604,"palmNormal":[0.481354,-0.828867,-0.285094],"palmPosition":[16.8236,314.684,37.5292],"palmVelocity":[74.4782,-36.49,-273.653],"palmWidth":90.9658,"pinchStrength":1,"r":[[0.995529,0.0344595,-0.0879472],[-0.0238821,0.992654,0.118606],[0.0913882,-0.115975,0.989039]],"s":0.794673,"sphereCenter":[37.4694,281.153,7.49386],"sphereRadius":43.7426,"stabilizedPalmPosition":[-16.3313,313.482,175.505],"t":[33.5241,2.20875,-139.632],"timeVisible":0.325184,"type":"left","wrist":[21.0971,303.987,90.9939]}],"id":4208192,"interactionBox":{"center":[0,200,0],"size":[235.247,235.247,147.751]},"pointables":[{"bases":[[[-0.81634,0.566761,0.111223],[0.556339,0.719879,0.415043],[-0.155163,-0.400694,0.902978]],[[-0.688845,0.678892,-0.254163],[0.721124,0.67753,-0.144684],[-0.0739786,0.282948,0.956278]],[[-0.688845,0.678892,-0.254163],[0.610482,0.354219,-0.708407],[0.390902,0.643144,0.658454]],[[-0.688845,0.678892,-0.254163],[0.578664,0.30379,-0.756875],[0.436624,0.668444,0.602114]]],"btipPosition":[31.3085,257.699,3.93574],"carpPosition":[51.157,309.382,88.1904],"dipPosition":[41.5243,273.339,18.0236],"direction":[-0.390902,-0.643144,-0.658454],"extended":false,"handId":604,"id":6040,"length":52.1025,"mcpPosition":[51.157,309.382,88.1904],"pipPosition":[54.8488,295.261,40.468],"stabilizedTipPosition":[13.4075,264.193,153.095],"timeVisible":0.325184,"tipPosition":[34.7132,261.958,7.22119],"tipVelocity":[41.5353,-48.7889,-274.909],"tool":false,"touchDistance":-0.519503,"touchZone":"hovering","type":0,"width":20.2446},{"bases":[[[-0.871712,-0.486723,-0.0567296],[-0.489637,0.860613,0.140005],[0.0193214,-0.149821,0.988524]],[[-0.850808,-0.506704,0.139199],[-0.521076,0.847755,-0.0989561],[0.0678655,0.156726,0.985308]],[[-0.850808,-0.506704,0.139199],[-0.517693,0.762835,-0.387398],[-0.0901102,0.401664,0.911343]],[[-0.850808,-0.506704,0.139199],[-0.484986,0.655228,-0.579193],[-0.202272,0.560292,0.803218]]],"btipPosition":[33.7058,308.388,-66.3517],"carpPosition":[32.4094,323.377,84.4156],"dipPosition":[30.2508,317.959,-52.6319],"direction":[0.0901102,-0.401664,-0.911343],"extended":true,"handId":604,"id":6041,"length":58.7918,"mcpPosition":[30.9883,334.396,11.7097],"pipPosition":[28.0734,327.665,-30.6102],"stabilizedTipPosition":[2.02941,303.647,76.0101],"timeVisible":0.325184,"tipPosition":[32.8505,310.469,-62.833],"tipVelocity":[60.4782,-31.9928,-283.033],"tool":false,"touchDistance":-0.588223,"touchZone":"hovering","type":1,"width":19.3376},{"bases":[[[-0.764758,-0.642024,0.0543145],[-0.629418,0.762438,0.150067],[0.137758,-0.0805786,0.987183]],[[-0.76313,-0.642905,0.0656183],[-0.470214,0.482736,-0.738826],[-0.443319,0.594675,0.670693]],[[-0.76313,-0.642905,0.0656183],[0.124028,-0.245354,-0.961467],[-0.634232,0.725586,-0.266975]],[[-0.76313,-0.642905,0.0656183],[0.436375,-0.587532,-0.681456],[-0.476665,0.491406,-0.728911]]],"btipPosition":[59.6888,266.107,3.49023],"carpPosition":[20.9494,319.002,83.3809],"dipPosition":[50.7337,275.339,-10.2038],"direction":[0.634232,-0.725586,0.266975],"extended":false,"handId":604,"id":6042,"length":66.9886,"mcpPosition":[11.3408,324.623,14.5255],"pipPosition":[32.7033,295.967,-17.7936],"stabilizedTipPosition":[26.035,263.387,179.377],"timeVisible":0.325184,"tipPosition":[57.8139,268.183,2.15267],"tipVelocity":[55.1899,-48.9485,-294.238],"tool":false,"touchDistance":0.333333,"touchZone":"none","type":2,"width":18.9921},{"bases":[[[-0.686512,-0.702521,0.187526],[-0.677736,0.711663,0.184957],[0.263392,0.000118259,0.964689]],[[-0.689374,-0.70248,0.176877],[-0.592908,0.406873,-0.694921],[-0.416201,0.583932,0.696993]],[[-0.689374,-0.70248,0.176877],[0.0470834,-0.287103,-0.956742],[-0.722874,0.651225,-0.230996]],[[-0.689374,-0.70248,0.176877],[0.423814,-0.589132,-0.687972],[-0.58749,0.399307,-0.703853]]],"btipPosition":[44.0131,260.324,11.3697],"carpPosition":[10.9233,311.908,83.3701],"dipPosition":[33.0393,267.783,-1.77761],"direction":[0.722874,-0.651225,0.230996],"extended":false,"handId":604,"id":6043,"length":64.4113,"mcpPosition":[-5.57115,311.901,22.9581],"pipPosition":[13.0196,285.818,-8.17496],"stabilizedTipPosition":[9.2588,265.223,192.468],"timeVisible":0.325184,"tipPosition":[41.3646,261.992,7.61391],"tipVelocity":[66.7929,-39.9978,-211.332],"tool":false,"touchDistance":0.333333,"touchZone":"none","type":3,"width":18.0722},{"bases":[[[-0.529931,-0.805651,0.264763],[-0.750313,0.590928,0.296369],[0.395226,0.0415999,0.917641]],[[-0.503758,-0.801382,0.322514],[-0.807038,0.303447,-0.506567],[-0.308088,0.515467,0.799609]],[[-0.503758,-0.801382,0.322514],[-0.172398,-0.27257,-0.946564],[-0.846467,0.53244,0.000847603]],[[-0.503758,-0.801382,0.322514],[0.314184,-0.517748,-0.795755],[-0.804684,0.299539,-0.512601]]],"btipPosition":[23.4453,262.813,12.0676],"carpPosition":[5.04765,299.019,84.7124],"dipPosition":[9.57881,267.975,3.23438],"direction":[0.846467,-0.53244,-0.000847603],"extended":false,"handId":604,"id":6044,"length":50.4973,"mcpPosition":[-17.8635,296.608,31.517],"pipPosition":[-6.97266,278.386,3.25096],"stabilizedTipPosition":[-4.7971,265.547,181.69],"timeVisible":0.325184,"tipPosition":[20.5239,263.979,10.4781],"tipVelocity":[67.7345,-28.3172,-239.023],"tool":false,"touchDistance":0.333333,"touchZone":"none","type":4,"width":16.0532}],"r":[[0.995529,0.0344595,-0.0879472],[-0.0238821,0.992654,0.118606],[0.0913882,-0.115975,0.989039]],"s":0.794673,"t":[33.5241,2.20875,-139.632],"timestamp":522842143982},false],[1,{"currentFrameRate":100.946,"devices":[],"gestures":[],"hands":[{"armBasis":[[-0.84219,-0.502517,-0.195432],[-0.521181,0.85159,0.0562622],[-0.138156,-0.149239,0.979102]],"armWidth":63.703,"confidence":0.67291,"direction":[-0.236647,0.185292,-0.953764],"elbow":[-15.789,263.678,352.873],"grabStrength":0,"id":604,"palmNormal":[0.479933,-0.831232,-0.280568],"palmPosition":[17.2381,314.37,35.0633],"palmVelocity":[66.4858,-35.9585,-273.001],"palmWidth":90.9658,"pinchStrength":1,"r":[[0.99556,0.0332105,-0.0880741],[-0.0227094,0.992794,0.117658],[0.091347,-0.115136,0.989141]],"s":0.797106,"sphereCenter":[37.905,280.74,5.20295],"sphereRadius":43.7119,"stabilizedPalmPosition":[-16.3276,313.482,175.49],"t":[34.0777,1.8761,-142.173],"timeVisible":0.334273,"type":"left","wrist":[21.503,303.962,88.5859]}],"id":4208193,"interactionBox":{"center":[0,200,0],"size":[235.247,235.247,147.751]},"pointables":[{"bases":[[[-0.815382,0.568721,0.108208],[0.557601,0.721248,0.410953],[-0.155673,-0.39542,0.905212]],[[-0.68856,0.678372,-0.256314],[0.721763,0.675348,-0.151535],[-0.0703039,0.289339,0.954641]],[[-0.68856,0.678372,-0.256314],[0.608921,0.348903,-0.712378],[0.393828,0.64659,0.653315]],[[-0.68856,0.678372,-0.256314],[0.580175,0.303272,-0.755926],[0.435066,0.669207,0.602395]]],"btipPosition":[31.4761,257.155,1.74328],"carpPosition":[51.5713,309.292,85.7477],"dipPosition":[41.6555,272.812,15.8377],"direction":[-0.393828,-0.64659,-0.653315],"extended":false,"handId":604,"id":6040,"length":52.1025,"mcpPosition":[51.5713,309.292,85.7477],"pipPosition":[55.0798,294.852,38.107],"stabilizedTipPosition":[13.4091,264.193,153.084],"timeVisible":0.334273,"tipPosition":[34.8701,261.391,5.03336],"tipVelocity":[34.8868,-51.7314,-265.535],"tool":false,"touchDistance":-0.52875,"touchZone":"hovering","type":0,"width":20.2446},{"bases":[[[-0.872526,-0.485586,-0.0538882],[-0.488188,0.862186,0.135306],[0.0192411,-0.144366,0.989337]],[[-0.851542,-0.504533,0.142557],[-0.519802,0.847938,-0.103958],[0.0684296,0.162626,0.984312]],[[-0.851542,-0.504533,0.142557],[-0.516867,0.76228,-0.389587],[-0.0878911,0.405433,0.90989]],[[-0.851542,-0.504533,0.142557],[-0.48505,0.654923,-0.579485],[-0.199006,0.562603,0.802418]]],"btipPosition":[34.015,307.523,-68.8372],"carpPosition":[32.8463,323.297,81.8983],"dipPosition":[30.6158,317.133,-55.1311],"direction":[0.0878911,-0.405433,-0.90989],"extended":true,"handId":604,"id":6041,"length":58.7918,"mcpPosition":[31.4311,333.915,9.13257],"pipPosition":[28.492,326.93,-33.1446],"stabilizedTipPosition":[2.03129,303.647,76.0016],"timeVisible":0.334273,"tipPosition":[33.2009,309.605,-65.3193],"tipVelocity":[53.5419,-49.2148,-280.48],"tool":false,"touchDistance":-0.595064,"touchZone":"hovering","type":1,"width":19.3376},{"bases":[[[-0.765811,-0.640445,0.0579987],[-0.62813,0.764301,0.145936],[0.137792,-0.0753283,0.987592]],[[-0.764177,-0.641268,0.0693398],[-0.469944,0.47991,-0.740837],[-0.441798,0.598716,0.668097]],[[-0.764177,-0.641268,0.0693398],[0.122829,-0.250215,-0.960367],[-0.633203,0.725374,-0.269975]],[[-0.764177,-0.641268,0.0693398],[0.434902,-0.591658,-0.678823],[-0.476333,0.488585,-0.73102]]],"btipPosition":[60.0072,265.539,1.22054],"carpPosition":[21.3789,318.936,80.8897],"dipPosition":[51.0583,274.718,-12.5131],"direction":[0.633203,-0.725374,0.269975],"extended":false,"handId":604,"id":6042,"length":66.9886,"mcpPosition":[11.7679,324.19,12.0057],"pipPosition":[33.0571,295.339,-20.1882],"stabilizedTipPosition":[26.0372,263.387,179.365],"timeVisible":0.334273,"tipPosition":[58.1313,267.611,-0.169109],"tipVelocity":[49.6517,-53.0897,-282.189],"tool":false,"touchDistance":0.333333,"touchZone":"none","type":2,"width":18.9921},{"bases":[[[-0.687642,-0.700332,0.191532],[-0.676526,0.7138,0.181114],[0.263555,0.00503427,0.964631]],[[-0.690409,-0.700346,0.181251],[-0.591587,0.40238,-0.698652],[-0.416366,0.589581,0.692122]],[[-0.690409,-0.700346,0.181251],[0.0486222,-0.294904,-0.954289],[-0.721784,0.650037,-0.237657]],[[-0.690409,-0.700346,0.181251],[0.424492,-0.595079,-0.682413],[-0.585784,0.394204,-0.708139]]],"btipPosition":[44.3659,259.842,9.40519],"carpPosition":[11.3411,311.858,80.9199],"dipPosition":[33.424,267.205,-3.82215],"direction":[0.721784,-0.650037,0.237657],"extended":false,"handId":604,"id":6043,"length":64.4113,"mcpPosition":[-5.16363,311.543,20.5115],"pipPosition":[13.4345,285.208,-10.404],"stabilizedTipPosition":[9.27593,265.221,192.37],"timeVisible":0.334273,"tipPosition":[41.7184,261.484,5.60992],"tipVelocity":[59.2708,-44.2742,-213.224],"tool":false,"touchDistance":0.333333,"touchZone":"none","type":3,"width":18.0722},{"bases":[[[-0.531219,-0.803291,0.269314],[-0.749283,0.593805,0.293206],[0.39545,0.0460358,0.917333]],[[-0.506281,-0.799025,0.324404],[-0.80304,0.299703,-0.515077],[-0.314335,0.521283,0.793384]],[[-0.506281,-0.799025,0.324404],[-0.160223,-0.282474,-0.9458],[-0.847354,0.530817,-0.0149891]],[[-0.506281,-0.799025,0.324404],[0.325795,-0.525519,-0.785931],[-0.798459,0.292213,-0.526378]]],"btipPosition":[23.9599,262.476,10.4749],"carpPosition":[5.44431,298.987,82.3347],"dipPosition":[10.2006,267.511,1.40424],"direction":[0.847354,-0.530817,0.0149891],"extended":false,"handId":604,"id":6044,"length":50.4973,"mcpPosition":[-17.4798,296.318,29.1571],"pipPosition":[-6.36816,277.891,1.11115],"stabilizedTipPosition":[-4.79422,265.546,181.67],"timeVisible":0.334273,"tipPosition":[20.9459,263.582,8.59282],"tipVelocity":[65.4069,-31.6403,-223.025],"tool":false,"touchDistance":0.333333,"touchZone":"none","type":4,"width":16.0532}],"r":[[0.99556,0.0332105,-0.0880741],[-0.0227094,0.992794,0.117658],[0.091347,-0.115136,0.989141]],"s":0.797106,"t":[34.0777,1.8761,-142.173],"timestamp":522842153071},false],[2,{"currentFrameRate":101.417,"devices":[],"gestures":[],"hands":[{"armBasis":[[-0.842583,-0.498626,-0.203534],[-0.519523,0.852121,0.0631416],[-0.141951,-0.158942,0.97703]],"armWidth":63.703,"confidence":0.681018,"direction":[-0.237956,0.181301,-0.954205],"elbow":[-16.4084,261.271,350.85],"grabStrength":0,"id":604,"palmNormal":[0.479191,-0.832622,-0.277698],"palmPosition":[17.5699,314.353,33.5617],"palmVelocity":[58.4404,-26.6302,-244.223],"palmWidth":90.9658,"pinchStrength":1,"r":[[0.995561,0.0320545,-0.0884916],[-0.0216565,0.993007,0.116055],[0.0915928,-0.113624,0.989293]],"s":0.79928,"sphereCenter":[38.2481,280.665,3.80943],"sphereRadius":43.6952,"stabilizedPalmPosition":[-16.3243,313.482,175.476],"t":[34.5204,1.70156,-144.194],"timeVisible":0.343226,"type":"left","wrist":[21.9082,304.174,87.1221]}],"id":4208194,"interactionBox":{"center":[0,200,0],"size":[235.247,235.247,147.751]},"pointables":[{"bases":[[[-0.814995,0.569512,0.106951],[0.558486,0.722775,0.40705],[-0.154518,-0.391475,0.907123]],[[-0.689245,0.677375,-0.257108],[0.721474,0.674221,-0.157802],[-0.0664564,0.29426,0.953412]],[[-0.689245,0.677375,-0.257108],[0.606524,0.345326,-0.716155],[0.396319,0.649549,0.648859]],[[-0.689245,0.677375,-0.257108],[0.579688,0.302695,-0.75653],[0.434629,0.670477,0.601298]]],"btipPosition":[31.6126,256.965,0.452052],"carpPosition":[51.9745,309.478,84.2175],"dipPosition":[41.7818,272.653,14.5208],"direction":[-0.396319,-0.649549,-0.648859],"extended":false,"handId":604,"id":6040,"length":52.1025,"mcpPosition":[51.9745,309.478,84.2175],"pipPosition":[55.291,294.794,36.6382],"stabilizedTipPosition":[13.4103,264.193,153.074],"timeVisible":0.343226,"tipPosition":[34.9968,261.187,3.73142],"tipVelocity":[29.4462,-43.1639,-232.553],"tool":false,"touchDistance":-0.523665,"touchZone":"hovering","type":0,"width":20.2446},{"bases":[[[-0.872799,-0.485457,-0.0505428],[-0.487645,0.862957,0.132317],[0.0206181,-0.140133,0.989918]],[[-0.851481,-0.503582,0.146236],[-0.519696,0.8476,-0.10719],[0.0699707,0.167269,0.983425]],[[-0.851481,-0.503582,0.146236],[-0.517382,0.761356,-0.390708],[-0.0854161,0.408341,0.908824]],[[-0.851481,-0.503582,0.146236],[-0.486372,0.654181,-0.579215],[-0.196018,0.564316,0.801951]]],"btipPosition":[34.1399,307.091,-70.3712],"carpPosition":[33.2495,323.474,80.3353],"dipPosition":[30.7918,316.73,-56.673],"direction":[0.0854161,-0.408341,-0.908824],"extended":true,"handId":604,"id":6041,"length":58.7918,"mcpPosition":[31.7331,333.781,7.52685],"pipPosition":[28.7278,326.597,-34.7122],"stabilizedTipPosition":[2.03303,303.648,75.9936],"timeVisible":0.343226,"tipPosition":[33.3572,309.175,-66.855],"tipVelocity":[43.0786,-48.7598,-250.698],"tool":false,"touchDistance":-0.586927,"touchZone":"hovering","type":1,"width":19.3376},{"bases":[[[-0.765983,-0.639878,0.0618521],[-0.627611,0.765175,0.143569],[0.139194,-0.0711523,0.987706]],[[-0.764329,-0.640655,0.0732225],[-0.471174,0.477359,-0.741704],[-0.440223,0.601406,0.666719]],[[-0.764329,-0.640655,0.0732225],[0.120792,-0.253796,-0.959686],[-0.633412,0.724671,-0.271369]],[[-0.764329,-0.640655,0.0732225],[0.433346,-0.594423,-0.677402],[-0.477506,0.486027,-0.73196]]],"btipPosition":[60.2615,265.364,-0.191377],"carpPosition":[21.7789,319.114,79.362],"dipPosition":[51.2906,274.495,-13.9427],"direction":[0.633412,-0.724671,0.271369],"extended":false,"handId":604,"id":6042,"length":66.9886,"mcpPosition":[12.0702,324.077,10.4701],"pipPosition":[33.2835,295.096,-21.6574],"stabilizedTipPosition":[26.0392,263.388,179.353],"timeVisible":0.343226,"tipPosition":[58.3804,267.432,-1.62464],"tipVelocity":[43.689,-44.2472,-248.283],"tool":false,"touchDistance":0.333333,"touchZone":"none","type":2,"width":18.9921},{"bases":[[[-0.687645,-0.699224,0.195527],[-0.675976,0.714845,0.179034],[0.264956,0.00905985,0.964218]],[[-0.69037,-0.69928,0.185463],[-0.591156,0.397489,-0.70181],[-0.417042,0.594146,0.687798]],[[-0.69037,-0.69928,0.185463],[0.0503456,-0.302173,-0.951923],[-0.721703,0.647841,-0.243817]],[[-0.69037,-0.69928,0.185463],[0.425797,-0.599998,-0.677273],[-0.584882,0.388599,-0.711972]]],"btipPosition":[44.6865,259.734,8.38357],"carpPosition":[11.7383,312.041,79.4371],"dipPosition":[33.7615,266.993,-4.91537],"direction":[0.721703,-0.647841,0.243817],"extended":false,"handId":604,"id":6043,"length":64.4113,"mcpPosition":[-4.85409,311.473,19.0546],"pipPosition":[13.7742,284.934,-11.6678],"stabilizedTipPosition":[9.29113,265.219,192.284],"timeVisible":0.343226,"tipPosition":[42.0297,261.349,4.52928],"tipVelocity":[52.9769,-36.2039,-186.632],"tool":false,"touchDistance":0.333333,"touchZone":"none","type":3,"width":18.0722},{"bases":[[[-0.53115,-0.801913,0.273523],[-0.748619,0.595361,0.291744],[0.396799,0.0498045,0.916554]],[[-0.507043,-0.797629,0.326642],[-0.801653,0.297193,-0.51868],[-0.316639,0.524846,0.790111]],[[-0.507043,-0.797629,0.326642],[-0.154792,-0.288541,-0.944872],[-0.847907,0.529652,-0.0228354]],[[-0.507043,-0.797629,0.326642],[0.331341,-0.530228,-0.78043],[-0.795689,0.287481,-0.533136]]],"btipPosition":[24.3204,262.427,9.48649],"carpPosition":[5.83847,299.178,80.9155],"dipPosition":[10.6089,267.381,0.299381],"direction":[0.847907,-0.529652,0.0228354],"extended":false,"handId":604,"id":6044,"length":50.4973,"mcpPosition":[-17.1639,296.291,27.7831],"pipPosition":[-5.97073,277.737,-0.147133],"stabilizedTipPosition":[-4.79135,265.546,181.651],"timeVisible":0.343226,"tipPosition":[21.2642,263.496,7.46124],"tipVelocity":[58.8697,-25.0613,-193.055],"tool":false,"touchDistance":0.333333,"touchZone":"none","type":4,"width":16.0532}],"r":[[0.995561,0.0320545,-0.0884916],[-0.0216565,0.993007,0.116055],[0.0915928,-0.113624,0.989293]],"s":0.79928,"t":[34.5204,1.70156,-144.194],"timestamp":522842162024},false],[3,{"currentFrameRate":101.732,"devices":[],"gestures":[],"hands":[{"armBasis":[[-0.841731,-0.49861,-0.207067],[-0.520643,0.85115,0.0668849],[-0.142896,-0.164107,0.976038]],"armWidth":63.703,"confidence":0.683335,"direction":[-0.237461,0.178562,-0.954844],"elbow":[-16.6377,260.105,349.824],"grabStrength":0,"id":604,"palmNormal":[0.481274,-0.832211,-0.275317],"palmPosition":[17.6232,314.447,32.7758],"palmVelocity":[43.6743,-16.3029,-199.632],"palmWidth":90.9658,"pinchStrength":1,"r":[[0.995563,0.0315248,-0.0886539],[-0.0212716,0.993218,0.114307],[0.0916562,-0.111914,0.989482]],"s":0.801284,"sphereCenter":[38.4814,280.82,3.10937],"sphereRadius":43.6864,"stabilizedPalmPosition":[-16.3214,313.482,175.464],"t":[34.7684,1.66135,-145.598],"timeVisible":0.352451,"type":"left","wrist":[21.9338,304.402,86.3638]}],"id":4208195,"interactionBox":{"center":[0,200,0],"size":[235.247,235.247,147.751]},"pointables":[{"bases":[[[-0.816341,0.567969,0.10487],[0.55652,0.724942,0.405888],[-0.154507,-0.389705,0.907886]],[[-0.691051,0.675096,-0.258253],[0.719838,0.675132,-0.161336],[-0.0654378,0.297392,0.95251]],[[-0.691051,0.675096,-0.258253],[0.604917,0.344601,-0.717862],[0.395631,0.6523,0.646514]],[[-0.691051,0.675096,-0.258253],[0.580194,0.305004,-0.755214],[0.431074,0.671728,0.602459]]],"btipPosition":[31.685,256.973,-0.192894],"carpPosition":[51.991,309.766,83.4748],"dipPosition":[41.771,272.69,13.9031],"direction":[-0.395631,-0.6523,-0.646514],"extended":false,"handId":604,"id":6040,"length":52.1025,"mcpPosition":[51.991,309.766,83.4748],"pipPosition":[55.2567,294.925,35.9405],"stabilizedTipPosition":[13.4114,264.193,153.067],"timeVisible":0.352451,"tipPosition":[35.0427,261.188,3.08861],"tipVelocity":[22.8075,-30.6162,-186.762],"tool":false,"touchDistance":-0.509212,"touchZone":"hovering","type":0,"width":20.2446},{"bases":[[[-0.871685,-0.487486,-0.0502251],[-0.489658,0.86219,0.129858],[0.0200006,-0.137789,0.99026]],[[-0.850439,-0.505123,0.146982],[-0.521547,0.846117,-0.109888],[0.0688573,0.170111,0.983016]],[[-0.850439,-0.505123,0.146982],[-0.519023,0.76004,-0.391094],[-0.0858381,0.408889,0.908538]],[[-0.850439,-0.505123,0.146982],[-0.488216,0.65374,-0.57816],[-0.195954,0.563449,0.802575]]],"btipPosition":[34.2318,307.035,-71.1751],"carpPosition":[33.2391,323.712,79.5427],"dipPosition":[30.8848,316.659,-57.4662],"direction":[0.0858381,-0.408889,-0.908538],"extended":true,"handId":604,"id":6041,"length":58.7918,"mcpPosition":[31.7681,333.846,6.70912],"pipPosition":[28.8106,326.539,-35.5124],"stabilizedTipPosition":[2.03466,303.648,75.9862],"timeVisible":0.352451,"tipPosition":[33.4748,309.105,-67.6549],"tipVelocity":[33.8011,-36.8906,-204.766],"tool":false,"touchDistance":-0.56859,"touchZone":"hovering","type":1,"width":19.3376},{"bases":[[[-0.764636,-0.641412,0.0626275],[-0.62942,0.764128,0.141207],[0.138427,-0.0685531,0.987997]],[[-0.762987,-0.642161,0.0740271],[-0.471844,0.474996,-0.742794],[-0.44183,0.601671,0.665416]],[[-0.762987,-0.642161,0.0740271],[0.121749,-0.25523,-0.959184],[-0.634844,0.722833,-0.27292]],[[-0.762987,-0.642161,0.0740271],[0.434977,-0.594756,-0.676062],[-0.478168,0.483627,-0.733117]]],"btipPosition":[60.4457,265.477,-0.876215],"carpPosition":[21.779,319.324,78.5689],"dipPosition":[51.4623,274.563,-14.6493],"direction":[0.634844,-0.722833,0.27292],"extended":false,"handId":604,"id":6042,"length":66.9886,"mcpPosition":[12.1238,324.105,9.65669],"pipPosition":[33.4145,295.112,-22.4081],"stabilizedTipPosition":[26.041,263.388,179.343],"timeVisible":0.352451,"tipPosition":[58.5575,267.538,-2.35199],"tipVelocity":[36.9501,-28.7228,-199.636],"tool":false,"touchDistance":0.333333,"touchZone":"none","type":2,"width":18.9921},{"bases":[[[-0.686293,-0.700275,0.196513],[-0.677708,0.713774,0.176744],[0.264035,0.01188,0.96444]],[[-0.688968,-0.70036,0.1866],[-0.590393,0.392954,-0.704999],[-0.420428,0.595889,0.68422]],[[-0.688968,-0.70036,0.1866],[0.0543174,-0.306621,-0.950281],[-0.722754,0.644577,-0.249294]],[[-0.688968,-0.70036,0.1866],[0.429631,-0.601975,-0.673085],[-0.58373,0.383564,-0.715638]]],"btipPosition":[44.9186,259.852,7.96364],"carpPosition":[11.7539,312.229,78.6511],"dipPosition":[34.0151,267.016,-5.40378],"direction":[0.722754,-0.644577,0.249294],"extended":false,"handId":604,"id":6043,"length":64.4113,"mcpPosition":[-4.78088,311.485,18.2547],"pipPosition":[13.9987,284.868,-12.3079],"stabilizedTipPosition":[9.30519,265.218,192.204],"timeVisible":0.352451,"tipPosition":[42.261,261.443,4.07236],"tipVelocity":[45.326,-23.1282,-147.546],"tool":false,"touchDistance":0.333333,"touchZone":"none","type":3,"width":18.0722},{"bases":[[[-0.529647,-0.802439,0.274893],[-0.750194,0.594393,0.289664],[0.395832,0.052803,0.916803]],[[-0.506346,-0.798153,0.326443],[-0.80007,0.293593,-0.523155],[-0.321716,0.526075,0.787238]],[[-0.506346,-0.798153,0.326443],[-0.147583,-0.292765,-0.944726],[-0.849607,0.526536,-0.0304467]],[[-0.506346,-0.798153,0.326443],[0.338725,-0.532224,-0.775889],[-0.793019,0.282294,-0.539844]]],"btipPosition":[24.5855,262.538,9.0764],"carpPosition":[5.88081,299.356,80.1539],"dipPosition":[10.92,267.403,-0.226298],"direction":[0.849607,-0.526536,0.0304467],"extended":false,"handId":604,"id":6044,"length":50.4973,"mcpPosition":[-17.0655,296.295,27.007],"pipPosition":[-5.69288,277.699,-0.821641],"stabilizedTipPosition":[-4.78831,265.546,181.631],"timeVisible":0.352451,"tipPosition":[21.4971,263.574,6.93491],"tipVelocity":[50.7423,-15.2709,-152.198],"tool":false,"touchDistance":0.333333,"touchZone":"none","type":4,"width":16.0532}],"r":[[0.995563,0.0315248,-0.0886539],[-0.0212716,0.993218,0.114307],[0.0916562,-0.111914,0.989482]],"s":0.801284,"t":[34.7684,1.66135,-145.598],"timestamp":522842171249},false],[4,{"currentFrameRate":102.195,"devices":[],"gestures":[],"hands":[{"armBasis":[[-0.839185,-0.504442,-0.20324],[-0.525484,0.84839,0.0640357],[-0.140125,-0.160537,0.977033]],"armWidth":63.703,"confidence":0.685076,"direction":[-0.238116,0.1769,-0.954991],"elbow":[-15.8104,261.272,349.088],"grabStrength":0,"id":604,"palmNormal":[0.485773,-0.829757,-0.274824],"palmPosition":[17.6655,314.606,31.7656],"palmVelocity":[33.0924,-7.01785,-176.218],"palmWidth":90.9658,"pinchStrength":1,"r":[[0.995537,0.0321515,-0.0887255],[-0.0220263,0.993371,0.112823],[0.0917648,-0.110366,0.989646]],"s":0.80314,"sphereCenter":[38.7618,281.136,2.1124],"sphereRadius":43.6804,"stabilizedPalmPosition":[-16.3192,313.482,175.454],"t":[34.9136,1.72062,-146.805],"timeVisible":0.361349,"type":"left","wrist":[22.0132,304.606,85.3591]}],"id":4208196,"interactionBox":{"center":[0,200,0],"size":[235.247,235.247,147.751]},"pointables":[{"bases":[[[-0.81938,0.563667,0.104386],[0.552536,0.728058,0.405753],[-0.152711,-0.390143,0.908002]],[[-0.694874,0.671209,-0.258126],[0.716147,0.678543,-0.163442],[-0.0654462,0.298428,0.952186]],[[-0.694874,0.671209,-0.258126],[0.602136,0.346809,-0.719135],[0.393169,0.655135,0.645148]],[[-0.694874,0.671209,-0.258126],[0.579088,0.309442,-0.754256],[0.426388,0.673591,0.603712]]],"btipPosition":[31.9303,257.144,-1.15732],"carpPosition":[52.0424,310.128,82.477],"dipPosition":[41.9067,272.904,12.968],"direction":[-0.393169,-0.655135,-0.645148],"extended":false,"handId":604,"id":6040,"length":52.1025,"mcpPosition":[52.0424,310.128,82.477],"pipPosition":[55.3084,295.235,34.9588],"stabilizedTipPosition":[13.4123,264.192,153.061],"timeVisible":0.361349,"tipPosition":[35.2491,261.364,2.12039],"tipVelocity":[23.3314,-16.7699,-165.243],"tool":false,"touchDistance":-0.50099,"touchZone":"hovering","type":0,"width":20.2446},{"bases":[[[-0.869067,-0.492132,-0.0502849],[-0.494273,0.85963,0.12935],[0.0204309,-0.137268,0.990323]],[[-0.847707,-0.509589,0.147348],[-0.526112,0.843176,-0.11073],[0.0678133,0.171388,0.982867]],[[-0.847707,-0.509589,0.147348],[-0.523267,0.757699,-0.389978],[-0.0870835,0.40769,0.908959]],[[-0.847707,-0.509589,0.147348],[-0.492398,0.652585,-0.575914],[-0.197323,0.56076,0.804122]]],"btipPosition":[34.2772,307.278,-72.2193],"carpPosition":[33.2178,323.973,78.5333],"dipPosition":[30.9067,316.856,-58.484],"direction":[0.0870835,-0.40769,-0.908959],"extended":true,"handId":604,"id":6041,"length":58.7918,"mcpPosition":[31.7151,334.069,5.69507],"pipPosition":[28.8024,326.707,-36.52],"stabilizedTipPosition":[2.03591,303.648,75.9804],"timeVisible":0.361349,"tipPosition":[33.5379,309.332,-68.6934],"tipVelocity":[25.8307,-19.7588,-180.81],"tool":false,"touchDistance":-0.555636,"touchZone":"hovering","type":1,"width":19.3376},{"bases":[[[-0.761236,-0.64544,0.0626644],[-0.633514,0.760831,0.140697],[0.138489,-0.0674051,0.988068]],[[-0.759583,-0.646176,0.0740872],[-0.474412,0.472515,-0.74274],[-0.444934,0.599321,0.665468]],[[-0.759583,-0.646176,0.0740872],[0.122964,-0.254523,-0.959217],[-0.638681,0.719496,-0.272788]],[[-0.759583,-0.646176,0.0740872],[0.438073,-0.592471,-0.676069],[-0.480755,0.481075,-0.733104]]],"btipPosition":[60.7511,265.853,-1.89866],"carpPosition":[21.7814,319.523,77.5579],"dipPosition":[51.7191,274.891,-15.6715],"direction":[0.638681,-0.719496,0.272788],"extended":false,"handId":604,"id":6042,"length":66.9886,"mcpPosition":[12.1219,324.225,8.64077],"pipPosition":[33.5622,295.345,-23.4265],"stabilizedTipPosition":[26.0425,263.388,179.334],"timeVisible":0.361349,"tipPosition":[58.8489,267.904,-3.40864],"tipVelocity":[35.8932,-9.7629,-176.593],"tool":false,"touchDistance":0.333333,"touchZone":"none","type":2,"width":18.9921},{"bases":[[[-0.682622,-0.70383,0.196598],[-0.681545,0.710236,0.176241],[0.263674,0.0136845,0.964515]],[[-0.685278,-0.703933,0.18674],[-0.591154,0.387892,-0.707161],[-0.425359,0.594994,0.681947]],[[-0.685278,-0.703933,0.18674],[0.0588862,-0.309129,-0.949195],[-0.725897,0.639466,-0.253291]],[[-0.685278,-0.703933,0.18674],[0.435085,-0.601332,-0.67015],[-0.584033,0.377991,-0.71835]]],"btipPosition":[45.2944,260.171,7.21079],"carpPosition":[11.7941,312.375,77.64],"dipPosition":[34.3852,267.232,-6.20729],"direction":[0.725897,-0.639466,0.253291],"extended":false,"handId":604,"id":6043,"length":64.4113,"mcpPosition":[-4.71803,311.518,17.2389],"pipPosition":[14.2818,284.941,-13.2221],"stabilizedTipPosition":[9.31751,265.216,192.135],"timeVisible":0.361349,"tipPosition":[42.6291,261.737,3.28324],"tipVelocity":[44.4461,-7.81293,-130.787],"tool":false,"touchDistance":0.333333,"touchZone":"none","type":3,"width":18.0722},{"bases":[[[-0.525459,-0.805128,0.275068],[-0.75343,0.590519,0.289189],[0.395267,0.0552875,0.916901]],[[-0.502825,-0.800845,0.325291],[-0.800302,0.289121,-0.525286],[-0.326624,0.524458,0.786295]],[[-0.502825,-0.800845,0.325291],[-0.14227,-0.294516,-0.944997],[-0.8526,0.521448,-0.0341538]],[[-0.502825,-0.800845,0.325291],[0.345113,-0.531028,-0.773891],[-0.792505,0.27687,-0.543396]]],"btipPosition":[24.9497,262.761,8.23029],"carpPosition":[5.98911,299.473,79.1464],"dipPosition":[11.2931,267.532,-1.13362],"direction":[0.8526,-0.521448,0.0341538],"extended":false,"handId":604,"id":6044,"length":50.4973,"mcpPosition":[-16.9244,296.268,25.9939],"pipPosition":[-5.37833,277.728,-1.80145],"stabilizedTipPosition":[-4.78528,265.546,181.611],"timeVisible":0.361349,"tipPosition":[21.8416,263.767,6.02722],"tipVelocity":[48.1366,-4.97802,-137.099],"tool":false,"touchDistance":0.333333,"touchZone":"none","type":4,"width":16.0532}],"r":[[0.995537,0.0321515,-0.0887255],[-0.0220263,0.993371,0.112823],[0.0917648,-0.110366,0.989646]],"s":0.80314,"t":[34.9136,1.72062,-146.805],"timestamp":522842180147},false],[5,{"currentFrameRate":102.569,"devices":[],"gestures":[],"hands":[{"armBasis":[[-0.840175,-0.504888,-0.197974],[-0.524935,0.848802,0.063074],[-0.136196,-0.156917,0.978176]],"armWidth":63.703,"confidence":0.691705,"direction":[-0.239014,0.178961,-0.954382],"elbow":[-14.4587,262.156,348.433],"grabStrength":0,"id":604,"palmNormal":[0.484593,-0.82974,-0.27695],"palmPosition":[17.9065,314.619,30.8266],"palmVelocity":[31.3212,-4.68699,-156.299],"palmWidth":90.9658,"pinchStrength":1,"r":[[0.995502,0.0324785,-0.0889976],[-0.0223973,0.993454,0.112019],[0.0920532,-0.109522,0.989713]],"s":0.804912,"sphereCenter":[38.9714,281.227,1.07892],"sphereRadius":43.6783,"stabilizedPalmPosition":[-16.3174,313.483,175.446],"t":[35.1067,1.75677,-147.878],"timeVisible":0.370385,"type":"left","wrist":[22.3044,304.513,84.396]}],"id":4208197,"interactionBox":{"center":[0,200,0],"size":[235.247,235.247,147.751]},"pointables":[{"bases":[[[-0.818671,0.564323,0.106386],[0.553757,0.726709,0.406506],[-0.152089,-0.391706,0.907433]],[[-0.694753,0.672334,-0.255511],[0.716559,0.677699,-0.165124],[-0.062141,0.297809,0.952601]],[[-0.694753,0.672334,-0.255511],[0.600341,0.346422,-0.720821],[0.396118,0.654186,0.644307]],[[-0.694753,0.672334,-0.255511],[0.577262,0.309315,-0.755706],[0.429054,0.672526,0.603011]]],"btipPosition":[31.8962,257.113,-2.11967],"carpPosition":[52.3361,310.009,81.4902],"dipPosition":[41.9349,272.848,11.9892],"direction":[-0.396118,-0.654186,-0.644307],"extended":false,"handId":604,"id":6040,"length":52.1025,"mcpPosition":[52.3361,310.009,81.4902],"pipPosition":[55.4372,295.147,33.9514],"stabilizedTipPosition":[13.4129,264.192,153.056],"timeVisible":0.370385,"tipPosition":[35.2251,261.32,1.11844],"tipVelocity":[16.3012,-13.2689,-149.174],"tool":false,"touchDistance":-0.493716,"touchZone":"hovering","type":0,"width":20.2446},{"bases":[[[-0.869638,-0.491129,-0.0502311],[-0.493226,0.859898,0.131542],[0.0214107,-0.13917,0.990037]],[[-0.847981,-0.509001,0.147802],[-0.52547,0.843827,-0.108795],[0.0693431,0.169922,0.983015]],[[-0.847981,-0.509001,0.147802],[-0.523269,0.75958,-0.3863],[-0.0843594,0.404916,0.910454]],[[-0.847981,-0.509001,0.147802],[-0.493283,0.655873,-0.571404],[-0.193905,0.557448,0.80725]]],"btipPosition":[34.319,307.512,-73.2332],"carpPosition":[33.5215,323.881,77.5943],"dipPosition":[31.0069,317.034,-59.4445],"direction":[0.0843594,-0.404916,-0.910454],"extended":true,"handId":604,"id":6041,"length":58.7918,"mcpPosition":[31.9468,334.117,4.77708],"pipPosition":[28.9684,326.818,-37.4443],"stabilizedTipPosition":[2.03686,303.648,75.976],"timeVisible":0.370385,"tipPosition":[33.6168,309.546,-69.6962],"tipVelocity":[20.3979,-7.56503,-161.535],"tool":false,"touchDistance":-0.54343,"touchZone":"hovering","type":1,"width":19.3376},{"bases":[[[-0.761839,-0.644763,0.0623045],[-0.632558,0.761223,0.142861],[0.139539,-0.0694256,0.98778]],[[-0.760171,-0.645524,0.0737448],[-0.475015,0.474735,-0.740937],[-0.443283,0.598269,0.667514]],[[-0.760171,-0.645524,0.0737448],[0.12121,-0.252408,-0.959999],[-0.638316,0.720825,-0.270117]],[[-0.760171,-0.645524,0.0737448],[0.436441,-0.591415,-0.678047],[-0.481309,0.483247,-0.73131]]],"btipPosition":[60.8964,265.888,-3.02126],"carpPosition":[22.0794,319.445,76.6234],"dipPosition":[51.854,274.966,-16.7604],"direction":[0.638316,-0.720825,0.270117],"extended":false,"handId":604,"id":6042,"length":66.9886,"mcpPosition":[12.3467,324.288,7.72636],"pipPosition":[33.7074,295.458,-24.4395],"stabilizedTipPosition":[26.0438,263.388,179.327],"timeVisible":0.370385,"tipPosition":[58.9912,267.944,-4.55687],"tipVelocity":[30.3611,-5.72544,-161.932],"tool":false,"touchDistance":0.333333,"touchZone":"none","type":2,"width":18.9921},{"bases":[[[-0.683134,-0.703489,0.196037],[-0.680601,0.710612,0.178362],[0.264783,0.0115779,0.964239]],[[-0.68579,-0.703571,0.186226],[-0.591026,0.389055,-0.706629],[-0.424711,0.594664,0.682639]],[[-0.68579,-0.703571,0.186226],[0.0589747,-0.308755,-0.949312],[-0.725406,0.640046,-0.253234]],[[-0.68579,-0.703571,0.186226],[0.434955,-0.601359,-0.670211],[-0.583529,0.378624,-0.718427]]],"btipPosition":[45.4637,260.222,6.26034],"carpPosition":[12.0848,312.307,76.7033],"dipPosition":[34.5639,267.294,-7.15917],"direction":[0.725406,-0.640046,0.253234],"extended":false,"handId":604,"id":6043,"length":64.4113,"mcpPosition":[-4.49678,311.582,16.3195],"pipPosition":[14.4741,285.02,-14.1724],"stabilizedTipPosition":[9.3282,265.215,192.075],"timeVisible":0.370385,"tipPosition":[42.8007,261.79,2.33201],"tipVelocity":[37.4286,-4.02637,-123.743],"tool":false,"touchDistance":0.333333,"touchZone":"none","type":3,"width":18.0722},{"bases":[[[-0.525989,-0.805099,0.274137],[-0.752483,0.590755,0.291165],[0.396364,0.0531338,0.916554]],[[-0.503933,-0.801082,0.322985],[-0.799406,0.290948,-0.525642],[-0.32711,0.523084,0.787008]],[[-0.503933,-0.801082,0.322985],[-0.140105,-0.293173,-0.945738],[-0.852304,0.521841,-0.0355035]],[[-0.503933,-0.801082,0.322985],[0.347065,-0.53022,-0.773571],[-0.790947,0.277731,-0.545223]]],"btipPosition":[25.1495,262.847,7.32848],"carpPosition":[6.26797,299.408,78.1919],"dipPosition":[11.5197,267.633,-2.06692],"direction":[0.852304,-0.521841,0.0355035],"extended":false,"handId":604,"id":6044,"length":50.4973,"mcpPosition":[-16.7092,296.328,25.0594],"pipPosition":[-5.14589,277.837,-2.76114],"stabilizedTipPosition":[-4.78231,265.546,181.591],"timeVisible":0.370385,"tipPosition":[22.0259,263.849,5.07177],"tipVelocity":[41.1548,-0.875087,-127.044],"tool":false,"touchDistance":0.333333,"touchZone":"none","type":4,"width":16.0532}],"r":[[0.995502,0.0324785,-0.0889976],[-0.0223973,0.993454,0.112019],[0.0920532,-0.109522,0.989713]],"s":0.804912,"t":[35.1067,1.75677,-147.878],"timestamp":522842189183},false],[6,{"currentFrameRate":102.825,"devices":[],"gestures":[],"hands":[{"armBasis":[[-0.839342,-0.507716,-0.194241],[-0.527261,0.847319,0.0636084],[-0.132289,-0.155805,0.978889]],"armWidth":63.703,"confidence":0.694246,"direction":[-0.238493,0.179282,-0.954452],"elbow":[-13.2978,262.556,347.998],"grabStrength":0,"id":604,"palmNormal":[0.487122,-0.828148,-0.277276],"palmPosition":[18.0418,314.762,30.2048],"palmVelocity":[26.6404,0.956997,-131.309],"palmWidth":90.9658,"pinchStrength":1,"r":[[0.995475,0.0332953,-0.0889993],[-0.0232539,0.993484,0.111571],[0.0921342,-0.108996,0.989763]],"s":0.8071,"sphereCenter":[39.2784,281.533,0.432935],"sphereRadius":43.6802,"stabilizedPalmPosition":[-16.3158,313.483,175.44],"t":[35.2709,1.84606,-148.725],"timeVisible":0.379625,"type":"left","wrist":[22.4108,304.613,83.7686]}],"id":4208198,"interactionBox":{"center":[0,200,0],"size":[235.247,235.247,147.751]},"pointables":[{"bases":[[[-0.820303,0.562003,0.106093],[0.551366,0.727789,0.407822],[-0.151984,-0.393034,0.906877]],[[-0.696354,0.670697,-0.255454],[0.715046,0.678919,-0.166668],[-0.0616495,0.298721,0.952347]],[[-0.696354,0.670697,-0.255454],[0.598431,0.346119,-0.722553],[0.396196,0.656024,0.642387]],[[-0.696354,0.670697,-0.255454],[0.575424,0.309025,-0.757226],[0.428927,0.674292,0.601126]]],"btipPosition":[31.9664,257.148,-2.58768],"carpPosition":[52.4305,310.193,80.9],"dipPosition":[42.0022,272.924,11.4771],"direction":[-0.396196,-0.656024,-0.642387],"extended":false,"handId":604,"id":6040,"length":52.1025,"mcpPosition":[52.4305,310.193,80.9],"pipPosition":[55.5071,295.286,33.3738],"stabilizedTipPosition":[13.4134,264.192,153.052],"timeVisible":0.379625,"tipPosition":[35.2947,261.381,0.578544],"tipVelocity":[13.8367,-8.20288,-121.82],"tool":false,"touchDistance":-0.47985,"touchZone":"hovering","type":0,"width":20.2446},{"bases":[[[-0.868255,-0.493423,-0.0516428],[-0.495684,0.85843,0.131891],[0.0207462,-0.140113,0.989918]],[[-0.846668,-0.511455,0.146855],[-0.527731,0.84245,-0.108526],[0.0682121,0.169386,0.983186]],[[-0.846668,-0.511455,0.146855],[-0.525358,0.75958,-0.383455],[-0.0845718,0.401811,0.911809]],[[-0.846668,-0.511455,0.146855],[-0.495693,0.65772,-0.56718],[-0.193498,0.553008,0.810395]]],"btipPosition":[34.4758,307.893,-73.9143],"carpPosition":[33.5827,324.018,76.9983],"dipPosition":[31.1706,317.339,-60.0719],"direction":[0.0845718,-0.401811,-0.911809],"extended":true,"handId":604,"id":6041,"length":58.7918,"mcpPosition":[32.0568,334.323,4.18979],"pipPosition":[29.127,327.048,-38.039],"stabilizedTipPosition":[2.03761,303.649,75.9725],"timeVisible":0.379625,"tipPosition":[33.808,309.889,-70.3608],"tipVelocity":[19.4832,5.59073,-136.502],"tool":false,"touchDistance":-0.527452,"touchZone":"hovering","type":1,"width":19.3376},{"bases":[[[-0.760161,-0.646879,0.0608511],[-0.634761,0.759368,0.142963],[0.138688,-0.0700486,0.987856]],[[-0.7585,-0.647649,0.0723113],[-0.47575,0.474487,-0.740624],[-0.445353,0.596165,0.668017]],[[-0.7585,-0.647649,0.0723113],[0.122536,-0.250725,-0.960272],[-0.640049,0.719505,-0.269535]],[[-0.7585,-0.647649,0.0723113],[0.438526,-0.58934,-0.678508],[-0.482051,0.482938,-0.731025]]],"btipPosition":[61.1929,266.183,-3.68531],"carpPosition":[22.1536,319.553,76.0108],"dipPosition":[52.1366,275.256,-17.4191],"direction":[0.640049,-0.719505,0.269535],"extended":false,"handId":604,"id":6042,"length":66.9886,"mcpPosition":[12.4802,324.438,7.1085],"pipPosition":[33.9407,295.711,-25.0816],"stabilizedTipPosition":[26.0449,263.388,179.321],"timeVisible":0.379625,"tipPosition":[59.2805,268.237,-5.25096],"tipVelocity":[30.7492,4.81922,-136.607],"tool":false,"touchDistance":0.333333,"touchZone":"none","type":2,"width":18.9921},{"bases":[[[-0.681438,-0.705529,0.194608],[-0.682704,0.708591,0.178363],[0.263737,0.0113164,0.964528]],[[-0.684093,-0.705607,0.184757],[-0.589655,0.385899,-0.709499],[-0.42933,0.594306,0.680056]],[[-0.684093,-0.705607,0.184757],[0.0650604,-0.311322,-0.948075],[-0.726487,0.636551,-0.25888]],[[-0.684093,-0.705607,0.184757],[0.440707,-0.601693,-0.66614],[-0.581201,0.374278,-0.72258]]],"btipPosition":[45.8153,260.513,5.96122],"carpPosition":[12.1782,312.388,76.073],"dipPosition":[34.9591,267.504,-7.53586],"direction":[0.726487,-0.636551,0.25888],"extended":false,"handId":604,"id":6043,"length":64.4113,"mcpPosition":[-4.33788,311.679,15.6711],"pipPosition":[14.8393,285.133,-14.7055],"stabilizedTipPosition":[9.3389,265.214,192.015],"timeVisible":0.379625,"tipPosition":[43.1536,262.057,1.96316],"tipVelocity":[37.9097,5.36711,-98.6317],"tool":false,"touchDistance":0.333333,"touchZone":"none","type":3,"width":18.0722},{"bases":[[[-0.524101,-0.806793,0.27277],[-0.754381,0.588427,0.290968],[0.395256,0.0532756,0.917025]],[[-0.502531,-0.802862,0.320743],[-0.79893,0.289459,-0.527186],[-0.330416,0.521178,0.786892]],[[-0.502531,-0.802862,0.320743],[-0.136098,-0.292902,-0.946407],[-0.85378,0.519251,-0.0379242]],[[-0.502531,-0.802862,0.320743],[0.351531,-0.528686,-0.772604],[-0.789866,0.275506,-0.547912]]],"btipPosition":[25.4675,263.058,6.74954],"carpPosition":[6.39469,299.471,77.5424],"dipPosition":[11.8564,267.806,-2.69219],"direction":[0.85378,-0.519251,0.0379242],"extended":false,"handId":604,"id":6044,"length":50.4973,"mcpPosition":[-16.5182,296.383,24.3827],"pipPosition":[-4.83809,277.959,-3.43375],"stabilizedTipPosition":[-4.77916,265.545,181.571],"timeVisible":0.379625,"tipPosition":[22.3383,264.047,4.45624],"tipVelocity":[39.3941,5.52336,-109.29],"tool":false,"touchDistance":0.333333,"touchZone":"none","type":4,"width":16.0532}],"r":[[0.995475,0.0332953,-0.0889993],[-0.0232539,0.993484,