{"sensorType":"Leap","data":[[0,{"currentFrameRate":101.748,"devices":[],"gestures":[],"hands":[{"armBasis":[[0.998545,-0.0487636,-0.0230041],[0.0497158,0.997845,0.042819],[0.0208665,-0.0439004,0.998818]],"armWidth":63.703,"confidence":0.502131,"direction":[0.223499,0.346426,-0.911064],"elbow":[9.45343,305.575,365.22],"grabStrength":0,"id":566,"palmNormal":[0.0224728,-0.936291,-0.350506],"palmPosition":[8.55782,332.524,43.2588],"palmVelocity":[88.8596,30.0681,-196.227],"palmWidth":90.9658,"pinchStrength":0.707499,"r":[[0.999445,-0.0327258,0.00622961],[0.0325067,0.998943,0.032508],[-0.00728688,-0.0322875,0.999452]],"s":1.03958,"sphereCenter":[21.5415,294.562,13.6687],"sphereRadius":47.8573,"stabilizedPalmPosition":[-39.5701,353.568,205.407],"t":[48.5283,-22.0449,-164.632],"timeVisible":0.460892,"type":"right","wrist":[3.82097,317.425,95.611]}],"id":4189456,"interactionBox":{"center":[0,200,0],"size":[235.247,235.247,147.751]},"pointables":[{"bases":[[[0.415626,0.881759,0.223062],[-0.881501,0.330093,0.33763],[0.224077,-0.336958,0.914467]],[[0.296268,0.943433,-0.148861],[-0.951886,0.304446,0.0350093],[0.0783492,0.131327,0.988238]],[[0.296268,0.943433,-0.148861],[-0.935062,0.254744,-0.246504],[-0.194638,0.212226,0.957641]],[[0.296268,0.943433,-0.148861],[-0.506165,0.0229183,-0.862132],[-0.809952,0.33077,0.484322]]],"btipPosition":[-2.79781,286.253,-4.53445],"carpPosition":[-24.4731,307.78,88.7574],"dipPosition":[-21.7486,293.992,6.79742],"direction":[0.194638,-0.212226,-0.957641],"extended":false,"handId":566,"id":5660,"length":52.1025,"mcpPosition":[-24.4731,307.78,88.7574],"pipPosition":[-28.3831,301.226,39.4401],"stabilizedTipPosition":[-51.3984,300.894,164.285],"timeVisible":0.460892,"tipPosition":[-6.79371,287.32,-1.88184],"tipVelocity":[43.4669,39.8134,-169.95],"tool":false,"touchDistance":-0.568899,"touchZone":"hovering","type":0,"width":20.2446},{"bases":[[[0.998137,0.0011234,0.0609952],[-0.013811,0.978033,0.207993],[-0.0594216,-0.208448,0.976227]],[[0.983509,-0.0242269,0.179227],[0.0225545,0.999681,0.0113635],[-0.179445,-0.00713372,0.983742]],[[0.983509,-0.0242269,0.179227],[0.0656505,0.971216,-0.228974],[-0.168521,0.236964,0.956791]],[[0.983509,-0.0242269,0.179227],[0.0954379,0.911299,-0.400532],[-0.153626,0.411032,0.898583]]],"btipPosition":[4.10963,332.213,-64.9097],"carpPosition":[-14.6644,329.322,87.613],"dipPosition":[1.48554,339.234,-49.561],"direction":[0.168521,-0.236964,-0.956791],"extended":true,"handId":566,"id":5661,"length":58.7918,"mcpPosition":[-10.2939,344.653,15.8115],"pipPosition":[-2.58658,344.96,-26.4411],"stabilizedTipPosition":[-33.1842,352.883,103.827],"timeVisible":0.460892,"tipPosition":[4.19679,333.153,-60.9464],"tipVelocity":[18.0318,26.2364,-198.671],"tool":false,"touchDistance":-0.605213,"touchZone":"hovering","type":1,"width":19.3376},{"bases":[[[0.968564,-0.193796,0.155969],[0.153834,0.959329,0.236693],[-0.195496,-0.205259,0.958984]],[[0.972332,-0.189591,0.136476],[0.201882,0.388034,-0.899263],[0.117535,0.901934,0.415573]],[[0.972332,-0.189591,0.136476],[-0.00638447,-0.605571,-0.795766],[0.233516,0.772877,-0.590027]],[[0.972332,-0.189591,0.136476],[-0.112013,-0.891072,-0.439822],[0.204997,0.412366,-0.887655]]],"btipPosition":[-5.01587,272.259,34.671],"carpPosition":[-2.49798,331.123,88.1348],"dipPosition":[-1.1646,280.006,17.9946],"direction":[-0.233516,-0.772877,0.590027],"extended":false,"handId":566,"id":5662,"length":66.9886,"mcpPosition":[11.1377,345.44,21.2463],"pipPosition":[5.474,301.978,1.22084],"stabilizedTipPosition":[-48.0254,294.386,185.893],"timeVisible":0.460892,"tipPosition":[-4.02706,274.189,30.5943],"tipVelocity":[61.2808,29.3625,-174.785],"tool":false,"touchDistance":0.333333,"touchZone":"none","type":2,"width":18.9921},{"bases":[[[0.914868,-0.293653,0.277101],[0.21633,0.935999,0.277681],[-0.340909,-0.194096,0.919841]],[[0.915838,-0.293097,0.274472],[0.359391,0.293422,-0.885857],[0.179106,0.909944,0.374063]],[[0.915838,-0.293097,0.274472],[0.0150279,-0.658038,-0.752835],[0.401267,0.693599,-0.598251]],[[0.915838,-0.293097,0.274472],[-0.160685,-0.893926,-0.418422],[0.367996,0.339103,-0.865788]]],"btipPosition":[5.00002,275.753,47.8959],"carpPosition":[9.63817,329.786,89.4675],"dipPosition":[11.8738,282.087,31.7238],"direction":[-0.401267,-0.693599,0.598251],"extended":false,"handId":566,"id":5663,"length":64.4113,"mcpPosition":[30.987,341.941,31.864],"pipPosition":[22.9867,301.296,15.1555],"stabilizedTipPosition":[-38.225,297.076,198.25],"timeVisible":0.460892,"tipPosition":[6.6988,277.243,43.7616],"tipVelocity":[71.4317,29.2946,-182.831],"tool":false,"touchDistance":0.333333,"touchZone":"none","type":3,"width":18.0722},{"bases":[[[0.820858,-0.464734,0.331985],[0.325017,0.858081,0.397568],[-0.469634,-0.218446,0.85541]],[[0.831764,-0.459423,0.311606],[0.483596,0.324038,-0.813101],[0.272585,0.827,0.491699]],[[0.831764,-0.459423,0.311606],[-0.0108788,-0.574704,-0.818289],[0.555022,0.677234,-0.483016]],[[0.831764,-0.459423,0.311606],[-0.254,-0.814081,-0.52226],[0.493611,0.355249,-0.793818]]],"btipPosition":[19.0902,285.357,47.7125],"carpPosition":[20.8602,321.292,91.5579],"dipPosition":[27.5962,291.479,34.0333],"direction":[-0.555022,-0.677234,0.483016],"extended":false,"handId":566,"id":5664,"length":50.4973,"mcpPosition":[48.0847,333.956,41.97],"pipPosition":[38.4489,304.721,24.5886],"stabilizedTipPosition":[-24.9748,308.147,204.309],"timeVisible":0.460892,"tipPosition":[21.1296,286.901,44.464],"tipVelocity":[76.5704,24.29,-197.977],"tool":false,"touchDistance":0.333333,"touchZone":"none","type":4,"width":16.0532}],"r":[[0.999445,-0.0327258,0.00622961],[0.0325067,0.998943,0.032508],[-0.00728688,-0.0322875,0.999452]],"s":1.03958,"t":[48.5283,-22.0449,-164.632],"timestamp":522569584767},false],[1,{"currentFrameRate":102.071,"devices":[],"gestures":[],"hands":[{"armBasis":[[0.998127,-0.057375,-0.0212263],[0.0582259,0.997423,0.0419148],[0.0187667,-0.0430722,0.998896]],"armWidth":63.703,"confidence":0.529666,"direction":[0.221603,0.359902,-0.90629],"elbow":[9.49762,304.835,364.105],"grabStrength":0,"id":566,"palmNormal":[0.0167253,-0.930664,-0.365492],"palmPosition":[9.03743,332.373,42.352],"palmVelocity":[78.6386,17.073,-169.024],"palmWidth":90.9658,"pinchStrength":0.709013,"r":[[0.999458,-0.0328575,0.00189167],[0.0327727,0.998866,0.0345256],[-0.00302395,-0.0344449,0.999402]],"s":1.03958,"sphereCenter":[21.5609,294.872,12.0772],"sphereRadius":47.8067,"stabilizedPalmPosition":[-39.5319,353.552,205.279],"t":[49.1895,-21.8534,-165.885],"timeVisible":0.470071,"type":"right","wrist":[4.43195,316.461,94.4747]}],"id":4189457,"interactionBox":{"center":[0,200,0],"size":[235.247,235.247,147.751]},"pointables":[{"bases":[[[0.420617,0.876148,0.235471],[-0.878633,0.328734,0.346322],[0.226022,-0.352561,0.908083]],[[0.300572,0.944327,-0.133806],[-0.950031,0.308828,0.0454533],[0.0842456,0.113458,0.989965]],[[0.300572,0.944327,-0.133806],[-0.934366,0.263401,-0.239959],[-0.191355,0.197148,0.961517]],[[0.300572,0.944327,-0.133806],[-0.497926,0.0357102,-0.866484],[-0.813466,0.327066,0.480938]]],"btipPosition":[-2.58199,287.023,-5.85151],"carpPosition":[-23.9334,307.058,87.5794],"dipPosition":[-21.6149,294.676,5.40118],"direction":[0.191355,-0.197148,-0.961517],"extended":false,"handId":566,"id":5660,"length":52.1025,"mcpPosition":[-23.9334,307.058,87.5794],"pipPosition":[-28.1376,301.396,38.176],"stabilizedTipPosition":[-51.33,300.876,164.027],"timeVisible":0.470071,"tipPosition":[-6.67064,288.088,-3.30682],"tipVelocity":[37.3206,51.5265,-163.115],"tool":false,"touchDistance":-0.560371,"touchZone":"hovering","type":0,"width":20.2446},{"bases":[[[0.99836,-0.00447336,0.0570767],[-0.00841798,0.974638,0.22363],[-0.0566295,-0.223744,0.973001]],[[0.984164,-0.0315232,0.174432],[0.0272069,0.999263,0.0270813],[-0.175157,-0.0219067,0.984297]],[[0.984164,-0.0315232,0.174432],[0.0689743,0.974608,-0.21303],[-0.163288,0.221688,0.961349]],[[0.984164,-0.0315232,0.174432],[0.0976485,0.917695,-0.385097],[-0.147936,0.396032,0.906241]]],"btipPosition":[4.13275,333.846,-65.8098],"carpPosition":[-14.0281,328.57,86.7405],"dipPosition":[1.60585,340.61,-50.3303],"direction":[0.163288,-0.221688,-0.961349],"extended":true,"handId":566,"id":5661,"length":58.7918,"mcpPosition":[-9.86301,345.026,15.1762],"pipPosition":[-2.33983,345.967,-27.1003],"stabilizedTipPosition":[-33.1791,352.88,103.804],"timeVisible":0.470071,"tipPosition":[4.23217,334.727,-61.8364],"tipVelocity":[14.3806,66.7856,-169.666],"tool":false,"touchDistance":-0.586076,"touchZone":"hovering","type":1,"width":19.3376},{"bases":[[[0.968239,-0.200747,0.149043],[0.159247,0.954701,0.251368],[-0.192753,-0.21965,0.956347]],[[0.971914,-0.196296,0.129809],[0.200212,0.399794,-0.894472],[0.123684,0.89534,0.427866]],[[0.971914,-0.196296,0.129809],[-0.0124855,-0.593827,-0.804496],[0.235003,0.78028,-0.5796]],[[0.971914,-0.196296,0.129809],[-0.117985,-0.883702,-0.452936],[0.203622,0.424899,-0.882042]]],"btipPosition":[-4.87346,272.317,32.9689],"carpPosition":[-1.85147,330.306,87.2431],"dipPosition":[-1.04802,280.3,16.3979],"direction":[-0.235003,-0.78028,0.5796],"extended":false,"handId":566,"id":5662,"length":66.9886,"mcpPosition":[11.5929,345.626,20.5384],"pipPosition":[5.63286,302.482,-0.0793988],"stabilizedTipPosition":[-47.7719,294.27,184.991],"timeVisible":0.470071,"tipPosition":[-3.88778,274.299,28.8877],"tipVelocity":[48.3221,24.595,-177.021],"tool":false,"touchDistance":0.333333,"touchZone":"none","type":2,"width":18.9921},{"bases":[[[0.914543,-0.302277,0.268776],[0.22179,0.930431,0.291732],[-0.338262,-0.20719,0.917961]],[[0.915554,-0.301653,0.266018],[0.357236,0.306052,-0.882448],[0.184778,0.902961,0.387968]],[[0.915554,-0.301653,0.266018],[0.00901639,-0.645857,-0.763405],[0.402093,0.701337,-0.588597]],[[0.915554,-0.301653,0.266018],[-0.166475,-0.886327,-0.4321],[0.366123,0.351326,-0.861698]]],"btipPosition":[5.23815,275.548,46.0878],"carpPosition":[10.2833,328.892,88.5065],"dipPosition":[12.077,282.11,29.9921],"direction":[-0.402093,-0.701337,0.588597],"extended":false,"handId":566,"id":5663,"length":64.4113,"mcpPosition":[31.4664,341.867,31.0208],"pipPosition":[23.2128,301.534,13.6911],"stabilizedTipPosition":[-38.0175,296.983,197.532],"timeVisible":0.470071,"tipPosition":[6.92315,277.097,41.9806],"tipVelocity":[58.4865,16.4773,-186.248],"tool":false,"touchDistance":0.333333,"touchZone":"none","type":3,"width":18.0722},{"bases":[[[0.819944,-0.473776,0.321292],[0.330573,0.850104,0.409931],[-0.467347,-0.22991,0.853656]],[[0.831029,-0.468065,0.300509],[0.481368,0.33449,-0.810186],[0.278703,0.817944,0.503282]],[[0.831029,-0.468065,0.300509],[-0.0174627,-0.56195,-0.826987],[0.555954,0.682003,-0.47517]],[[0.831029,-0.468065,0.300509],[-0.260235,-0.804662,-0.533664],[0.491597,0.365287,-0.790505]]],"btipPosition":[19.3711,285.097,46.0532],"carpPosition":[21.4734,320.314,90.4169],"dipPosition":[27.8424,291.392,32.431],"direction":[-0.555954,-0.682003,0.47517],"extended":false,"handId":566,"id":5664,"length":50.4973,"mcpPosition":[48.5654,333.642,40.9307],"pipPosition":[38.7133,304.728,23.1397],"stabilizedTipPosition":[-24.8572,308.092,203.9],"timeVisible":0.470071,"tipPosition":[21.3993,286.677,42.8068],"tipVelocity":[63.4924,10.8112,-192.775],"tool":false,"touchDistance":0.333333,"touchZone":"none","type":4,"width":16.0532}],"r":[[0.999458,-0.0328575,0.00189167],[0.0327727,0.998866,0.0345256],[-0.00302395,-0.0344449,0.999402]],"s":1.03958,"t":[49.1895,-21.8534,-165.885],"timestamp":522569593946},false],[2,{"currentFrameRate":102.525,"devices":[],"gestures":[],"hands":[{"armBasis":[[0.998813,-0.0418015,-0.024992],[0.0425819,0.998594,0.0315586],[0.0236377,-0.0325854,0.999189]],"armWidth":63.703,"confidence":0.548913,"direction":[0.216526,0.389591,-0.895173],"elbow":[11.149,304.928,362.719],"grabStrength":0,"id":566,"palmNormal":[0.0404031,-0.919716,-0.390499],"palmPosition":[9.19878,331.153,41.3594],"palmVelocity":[62.2081,-24.8605,-153.448],"palmWidth":90.9658,"pinchStrength":0.710046,"r":[[0.999602,-0.0282114,-0.000836702],[0.0282218,0.998736,0.041583],[-0.000337472,-0.0415901,0.999135]],"s":1.03952,"sphereCenter":[22.6277,294.828,10.1124],"sphereRadius":47.7784,"stabilizedPalmPosition":[-39.4955,353.535,205.157],"t":[49.6007,-22.3677,-167.007],"timeVisible":0.478958,"type":"right","wrist":[4.76854,313.724,93.01]}],"id":4189458,"interactionBox":{"center":[0,200,0],"size":[235.247,235.247,147.751]},"pointables":[{"bases":[[[0.398628,0.879171,0.261064],[-0.8876,0.298207,0.351055],[0.230786,-0.371661,0.899225]],[[0.278625,0.954495,-0.106334],[-0.957165,0.285059,0.0507551],[0.078757,0.0876379,0.993034]],[[0.278625,0.954495,-0.106334],[-0.939242,0.247699,-0.237634],[-0.200481,0.166084,0.965517]],[[0.278625,0.954495,-0.106334],[-0.488419,0.045494,-0.871422],[-0.826931,0.294736,0.47887]]],"btipPosition":[-1.08508,286.909,-7.94021],"carpPosition":[-23.3365,303.84,85.7319],"dipPosition":[-20.4331,293.805,3.26408],"direction":[0.200481,-0.166084,-0.965517],"extended":false,"handId":566,"id":5660,"length":52.1025,"mcpPosition":[-23.3365,303.84,85.7319],"pipPosition":[-27.2668,299.467,36.1752],"stabilizedTipPosition":[-51.2675,300.859,163.796],"timeVisible":0.478958,"tipPosition":[-5.26352,287.832,-5.46774],"tipVelocity":[70.7239,28.7236,-182.991],"tool":false,"touchDistance":-0.564165,"touchZone":"hovering","type":0,"width":20.2446},{"bases":[[[0.997948,0.0177144,0.0615314],[-0.0325874,0.967718,0.249922],[-0.0551178,-0.251414,0.966309]],[[0.984033,-0.012713,0.177534],[0.00309442,0.998517,0.0543507],[-0.177962,-0.0529335,0.982613]],[[0.984033,-0.012713,0.177534],[0.0461051,0.981608,-0.185259],[-0.171914,0.190486,0.96652]],[[0.984033,-0.012713,0.177534],[0.0766281,0.930534,-0.358098],[-0.160649,0.365985,0.91665]]],"btipPosition":[4.65091,335.507,-66.7666],"carpPosition":[-13.9448,325.596,85.5218],"dipPosition":[1.90685,341.759,-51.1093],"direction":[0.171914,-0.190486,-0.96652],"extended":true,"handId":566,"id":5661,"length":58.7918,"mcpPosition":[-9.89089,344.088,14.4498],"pipPosition":[-2.24726,346.361,-27.7543],"stabilizedTipPosition":[-33.1695,352.876,103.761],"timeVisible":0.478958,"tipPosition":[4.70317,336.281,-62.7742],"tipVelocity":[24.786,95.8185,-151.573],"tool":false,"touchDistance":-0.56954,"touchZone":"hovering","type":1,"width":19.3376},{"bases":[[[0.972162,-0.181649,0.148004],[0.135394,0.951026,0.277881],[-0.191233,-0.250106,0.949145]],[[0.97578,-0.176627,0.129055],[0.194176,0.427679,-0.882829],[0.100738,0.886506,0.451617]],[[0.97578,-0.176627,0.129055],[0.00479418,-0.572552,-0.819855],[0.218699,0.800617,-0.557838]],[[0.97578,-0.176627,0.129055],[-0.0951082,-0.873832,-0.476835],[0.196995,0.453012,-0.869467]]],"btipPosition":[-3.24944,271.062,30.3561],"carpPosition":[-1.8152,327.607,86.1274],"dipPosition":[0.4515,279.573,14.0214],"direction":[-0.218699,-0.800617,0.557838],"extended":false,"handId":566,"id":5662,"length":66.9886,"mcpPosition":[11.5232,345.052,19.925],"pipPosition":[6.66887,302.333,-1.83729],"stabilizedTipPosition":[-47.5584,294.17,184.245],"timeVisible":0.478958,"tipPosition":[-2.29382,273.169,26.3182],"tipVelocity":[83.9622,-16.7426,-207.138],"tool":false,"touchDistance":0.333333,"touchZone":"none","type":2,"width":18.9921},{"bases":[[[0.920433,-0.287646,0.264694],[0.19834,0.92716,0.31786],[-0.336845,-0.240069,0.910441]],[[0.921581,-0.286822,0.261573],[0.353202,0.340017,-0.871572],[0.161047,0.895612,0.414659]],[[0.921581,-0.286822,0.261573],[0.027814,-0.623315,-0.781476],[0.387187,0.727469,-0.566458]],[[0.921581,-0.286822,0.261573],[-0.143281,-0.877593,-0.457494],[0.360774,0.38414,-0.84987]]],"btipPosition":[6.78366,274.155,43.4338],"carpPosition":[10.3448,326.448,87.4079],"dipPosition":[13.5226,281.33,27.559],"direction":[-0.387187,-0.727469,0.566458],"extended":false,"handId":566,"id":5663,"length":64.4113,"mcpPosition":[31.4392,341.482,30.3931],"pipPosition":[24.2456,301.477,11.8712],"stabilizedTipPosition":[-37.8378,296.901,196.92],"timeVisible":0.478958,"tipPosition":[8.42614,275.863,39.4362],"tipVelocity":[89.1384,-26.2758,-215.226],"tool":false,"touchDistance":0.333333,"touchZone":"none","type":3,"width":18.0722},{"bases":[[[0.829752,-0.462712,0.312106],[0.308543,0.846257,0.434338],[-0.465095,-0.264095,0.84495]],[[0.84121,-0.455909,0.290712],[0.475325,0.367225,-0.799507],[0.257746,0.810736,0.525618]],[[0.84121,-0.455909,0.290712],[-0.00237378,-0.540758,-0.841175],[0.540704,0.706914,-0.455973]],[[0.84121,-0.455909,0.290712],[-0.239925,-0.796546,-0.554932],[0.484564,0.397065,-0.779446]]],"btipPosition":[20.6563,284.075,43.9221],"carpPosition":[21.729,318.09,89.1366],"dipPosition":[29.0065,290.917,30.4905],"direction":[-0.540704,-0.706914,0.455973],"extended":false,"handId":566,"id":5664,"length":50.4973,"mcpPosition":[48.6904,333.399,40.155],"pipPosition":[39.5792,304.74,21.5746],"stabilizedTipPosition":[-24.7529,308.043,203.541],"timeVisible":0.478958,"tipPosition":[22.6487,285.773,40.6932],"tipVelocity":[84.6799,-19.5263,-204.21],"tool":false,"touchDistance":0.333333,"touchZone":"none","type":4,"width":16.0532}],"r":[[0.999602,-0.0282114,-0.000836702],[0.0282218,0.998736,0.041583],[-0.000337472,-0.0415901,0.999135]],"s":1.03952,"t":[49.6007,-22.3677,-167.007],"timestamp":522569602833},false],[3,{"currentFrameRate":102.813,"devices":[],"gestures":[],"hands":[{"armBasis":[[0.989822,-0.140002,-0.0255447],[0.140521,0.989879,0.0198164],[0.0225118,-0.0232042,0.999477]],"armWidth":63.703,"confidence":0.212363,"direction":[0.234747,0.352782,-0.905781],"elbow":[10.972,304.643,360.594],"grabStrength":0,"id":566,"palmNormal":[-0.0590731,-0.924919,-0.375546],"palmPosition":[9.91913,327.037,38.7898],"palmVelocity":[66.7528,-143.129,-188.772],"palmWidth":90.9658,"pinchStrength":0.711926,"r":[[0.998994,-0.0443187,-0.00686839],[0.0445775,0.998048,0.043734],[0.00491675,-0.0439961,0.99902]],"s":1.04048,"sphereCenter":[18.6578,289.332,7.80108],"sphereRadius":47.7251,"stabilizedPalmPosition":[-39.4288,353.499,204.932],"t":[50.1665,-24.683,-168.853],"timeVisible":0.488136,"type":"right","wrist":[4.89538,310.907,90.8066]}],"id":4189459,"interactionBox":{"center":[0,200,0],"size":[235.247,235.247,147.751]},"pointables":[{"bases":[[[0.489073,0.839106,0.238134],[-0.846054,0.38997,0.363477],[0.21213,-0.379241,0.900653]],[[0.369411,0.920453,-0.127676],[-0.922831,0.379515,0.0659622],[0.10917,0.0934563,0.98962]],[[0.369411,0.920453,-0.127676],[-0.914873,0.336152,-0.223627],[-0.162919,0.199418,0.966276]],[[0.369411,0.920453,-0.127676],[-0.494752,0.078511,-0.86548],[-0.78661,0.382886,0.484399]]],"btipPosition":[-5.68848,283.331,-9.40052],"carpPosition":[-24.1984,303.751,84.2564],"dipPosition":[-24.0931,292.289,1.93314],"direction":[0.162919,-0.199418,-0.966276],"extended":false,"handId":566,"id":5660,"length":52.1025,"mcpPosition":[-24.1984,303.751,84.2564],"pipPosition":[-29.6464,299.087,34.8701],"stabilizedTipPosition":[-51.197,300.832,163.505],"timeVisible":0.488136,"tipPosition":[-9.74473,284.726,-6.92608],"tipVelocity":[-82.445,-73.7111,-175.419],"tool":false,"touchDistance":-0.55754,"touchZone":"hovering","type":0,"width":20.2446},{"bases":[[[0.9959,-0.0804216,0.0414132],[0.0685817,0.969804,0.234046],[-0.058985,-0.230246,0.971343]],[[0.981749,-0.107318,0.15701],[0.101624,0.993855,0.0438757],[-0.160754,-0.0271189,0.986622]],[[0.981749,-0.107318,0.15701],[0.136874,0.971893,-0.191545],[-0.132041,0.209539,0.968844]],[[0.981749,-0.107318,0.15701],[0.158267,0.918802,-0.3616],[-0.105455,0.37985,0.919018]]],"btipPosition":[3.52578,331.011,-69.4369],"carpPosition":[-12.709,324.463,83.4906],"dipPosition":[1.7245,337.499,-53.7391],"direction":[0.132041,-0.209539,-0.968844],"extended":true,"handId":566,"id":5661,"length":58.7918,"mcpPosition":[-8.37064,341.397,12.0483],"pipPosition":[-1.46612,342.562,-30.328],"stabilizedTipPosition":[-33.1603,352.871,103.718],"timeVisible":0.488136,"tipPosition":[3.65075,331.609,-65.4282],"tipVelocity":[-9.76153,-66.0449,-190.199],"tool":false,"touchDistance":-0.580834,"touchZone":"hovering","type":1,"width":19.3376},{"bases":[[[0.952394,-0.274931,0.131755],[0.234652,0.936955,0.258946],[-0.19464,-0.215702,0.956863]],[[0.956062,-0.270605,0.112778],[0.216559,0.392591,-0.893854],[0.197606,0.879002,0.433944]],[[0.956062,-0.270605,0.112778],[-0.0689934,-0.58157,-0.810565],[0.284931,0.767169,-0.574687]],[[0.956062,-0.270605,0.112778],[-0.190746,-0.866312,-0.461649],[0.222625,0.419853,-0.879865]]],"btipPosition":[-8.65866,268.26,29.0375],"carpPosition":[-0.42987,325.27,83.8212],"dipPosition":[-4.4762,276.148,12.5075],"direction":[-0.284931,-0.767169,0.574687],"extended":false,"handId":566,"id":5662,"length":66.9886,"mcpPosition":[13.1462,340.315,17.0805],"pipPosition":[3.62406,297.958,-3.83015],"stabilizedTipPosition":[-47.33,294.032,183.334],"timeVisible":0.488136,"tipPosition":[-7.58136,270.225,24.9657],"tipVelocity":[-100.645,-101.647,-190.784],"tool":false,"touchDistance":0.333333,"touchZone":"none","type":2,"width":18.9921},{"bases":[[[0.892953,-0.373521,0.251231],[0.295772,0.907565,0.298069],[-0.339343,-0.191854,0.92089]],[[0.894141,-0.372844,0.247991],[0.366266,0.290353,-0.88405],[0.257607,0.881296,0.396177]],[[0.894141,-0.372844,0.247991],[-0.0507603,-0.634642,-0.771138],[0.4449,0.676917,-0.586385]],[[0.894141,-0.372844,0.247991],[-0.239164,-0.865845,-0.439447],[0.378567,0.333617,-0.863358]]],"btipPosition":[1.93217,270.6,41.8806],"carpPosition":[11.5807,322.93,84.8797],"dipPosition":[9.00343,276.832,25.7539],"direction":[-0.4449,-0.676917,0.586385],"extended":false,"handId":566,"id":5663,"length":64.4113,"mcpPosition":[32.8315,334.944,27.2105],"pipPosition":[21.3248,295.579,9.51423],"stabilizedTipPosition":[-37.6333,296.779,196.136],"timeVisible":0.488136,"tipPosition":[3.6461,272.075,37.826],"tipVelocity":[-80.9924,-133.664,-204.147],"tool":false,"touchDistance":0.333333,"touchZone":"none","type":3,"width":18.0722},{"bases":[[[0.786449,-0.538003,0.303399],[0.399908,0.817881,0.413695],[-0.470714,-0.204019,0.858374]],[[0.798937,-0.532266,0.279986],[0.489388,0.304773,-0.817076],[0.34957,0.789814,0.503979]],[[0.798937,-0.532266,0.279986],[-0.0766286,-0.551844,-0.83042],[0.596513,0.641998,-0.481675]],[[0.798937,-0.532266,0.279986],[-0.330596,-0.777579,-0.534862],[0.5024,0.334759,-0.797202]]],"btipPosition":[16.7259,279.096,42.1047],"carpPosition":[22.1174,313.51,86.524],"dipPosition":[25.3833,284.864,28.3672],"direction":[-0.596513,-0.641998,0.481675],"extended":false,"handId":566,"id":5664,"length":50.4973,"mcpPosition":[49.4045,325.337,36.7643],"pipPosition":[37.0473,297.418,18.9487],"stabilizedTipPosition":[-24.6016,307.947,202.968],"timeVisible":0.488136,"tipPosition":[18.7955,280.533,38.7454],"tipVelocity":[-56.3659,-173.048,-204.619],"tool":false,"touchDistance":0.333333,"touchZone":"none","type":4,"width":16.0532}],"r":[[0.998994,-0.0443187,-0.00686839],[0.0445775,0.998048,0.043734],[0.00491675,-0.0439961,0.99902]],"s":1.04048,"t":[50.1665,-24.683,-168.853],"timestamp":522569612011},false],[4,{"currentFrameRate":103.221,"devices":[],"gestures":[],"hands":[{"armBasis":[[0.987215,-0.155923,-0.0330771],[0.155947,0.987764,-0.00186599],[0.0329634,-0.00331614,0.999451]],"armWidth":63.703,"confidence":0.091418,"direction":[0.237228,0.337774,-0.910841],"elbow":[12.7107,306.231,358.66],"grabStrength":0,"id":566,"palmNormal":[-0.0728571,-0.928779,-0.363401],"palmPosition":[8.92289,322.512,36.6466],"palmVelocity":[18.1326,-242.374,-202.835],"palmWidth":90.9658,"pinchStrength":0.715213,"r":[[0.998127,-0.0599727,-0.012095],[0.0604386,0.997255,0.042771],[0.00949676,-0.0434218,0.999012]],"s":1.04454,"sphereCenter":[16.1181,285.118,5.81763],"sphereRadius":47.6133,"stabilizedPalmPosition":[-39.2848,353.407,204.431],"t":[49.9513,-28.1028,-170.848],"timeVisible":0.497051,"type":"right","wrist":[3.81299,307.126,88.8799]}],"id":4189460,"interactionBox":{"center":[0,200,0],"size":[235.247,235.247,147.751]},"pointables":[{"bases":[[[0.501266,0.835242,0.22606],[-0.839617,0.40633,0.36047],[0.209225,-0.370495,0.904963]],[[0.381905,0.913508,-0.140182],[-0.917173,0.393286,0.0641849],[0.113765,0.104058,0.988043]],[[0.381905,0.913508,-0.140182],[-0.910584,0.345982,-0.226126],[-0.158068,0.214006,0.963958]],[[0.381905,0.913508,-0.140182],[-0.491542,0.0723215,-0.867846],[-0.782646,0.40034,0.476648]]],"btipPosition":[-7.37167,278.436,-10.8238],"carpPosition":[-25.3942,300.291,82.4941],"dipPosition":[-25.6835,287.803,0.328492],"direction":[0.158068,-0.214006,-0.963959],"extended":false,"handId":566,"id":5660,"length":52.1025,"mcpPosition":[-25.3942,300.291,82.4941],"pipPosition":[-31.0715,295.098,33.1865],"stabilizedTipPosition":[-51.0487,300.757,162.862],"timeVisible":0.497051,"tipPosition":[-11.4362,279.942,-8.40921],"tipVelocity":[-110.763,-200.314,-172.399],"tool":false,"touchDistance":-0.552095,"touchZone":"hovering","type":0,"width":20.2446},{"bases":[[[0.994797,-0.0936914,0.0400126],[0.0826144,0.971698,0.22131],[-0.0596149,-0.216852,0.974382]],[[0.98066,-0.118801,0.15554],[0.110631,0.992036,0.0602043],[-0.161453,-0.0418325,0.985993]],[[0.98066,-0.118801,0.15554],[0.144335,0.975716,-0.16476],[-0.132189,0.184023,0.973993]],[[0.98066,-0.118801,0.15554],[0.16494,0.929457,-0.330006],[-0.105362,0.349278,0.931077]]],"btipPosition":[2.69196,328.163,-72.0222],"carpPosition":[-13.6212,320.83,81.4322],"dipPosition":[0.892258,334.129,-56.1185],"direction":[0.132189,-0.184023,-0.973993],"extended":true,"handId":566,"id":5661,"length":58.7918,"mcpPosition":[-9.23652,336.779,9.76641],"pipPosition":[-2.30195,338.576,-32.5829],"stabilizedTipPosition":[-33.1452,352.861,103.645],"timeVisible":0.497051,"tipPosition":[2.56041,328.006,-67.8719],"tipVelocity":[-32.5674,-138.722,-215.934],"tool":false,"touchDistance":-0.589153,"touchZone":"hovering","type":1,"width":19.3376},{"bases":[[[0.948839,-0.286396,0.132969],[0.248278,0.936873,0.246227],[-0.195094,-0.200616,0.960048]],[[0.952472,-0.28242,0.114176],[0.219751,0.377434,-0.899585],[0.210967,0.88192,0.421558]],[[0.952472,-0.28242,0.114176],[-0.0772289,-0.586431,-0.806309],[0.294674,0.759169,-0.58037]],[[0.952472,-0.28242,0.114176],[-0.201813,-0.865763,-0.457958],[0.228186,0.41315,-0.881611]]],"btipPosition":[-10.5537,263.621,27.5078],"carpPosition":[-1.33126,321.47,81.7223],"dipPosition":[-6.2668,271.383,10.9449],"direction":[-0.294674,-0.759169,0.58037],"extended":false,"handId":566,"id":5662,"length":66.9886,"mcpPosition":[12.2764,335.463,14.7595],"pipPosition":[2.11044,292.966,-5.55431],"stabilizedTipPosition":[-46.9561,293.748,181.754],"timeVisible":0.497051,"tipPosition":[-9.43896,265.626,23.5074],"tipVelocity":[-130.397,-216.574,-185.788],"tool":false,"touchDistance":0.333333,"touchZone":"none","type":2,"width":18.9921},{"bases":[[[0.888354,-0.382602,0.253856],[0.309089,0.907144,0.285576],[-0.339546,-0.175229,0.924123]],[[0.889605,-0.381951,0.250434],[0.367814,0.274051,-0.888599],[0.27077,0.882615,0.384284]],[[0.889605,-0.381951,0.250434],[-0.061751,-0.643866,-0.762642],[0.452538,0.662985,-0.596372]],[[0.889605,-0.381951,0.250434],[-0.252465,-0.868162,-0.427265],[0.380612,0.316871,-0.86875]]],"btipPosition":[0.17504,266.247,40.4886],"carpPosition":[10.6485,318.978,82.7816],"dipPosition":[7.28449,272.166,24.2612],"direction":[-0.452538,-0.662985,0.596372],"extended":false,"handId":566,"id":5663,"length":64.4113,"mcpPosition":[31.912,329.951,24.91],"pipPosition":[19.8174,290.527,7.7449],"stabilizedTipPosition":[-37.2865,296.522,194.735],"timeVisible":0.497051,"tipPosition":[1.89194,267.64,36.4154],"tipVelocity":[-112.349,-232.462,-191.779],"tool":false,"touchDistance":0.333333,"touchZone":"none","type":3,"width":18.0722},{"bases":[[[0.779721,-0.544903,0.308409],[0.412277,0.817524,0.402099],[-0.471236,-0.186375,0.862091]],[[0.792532,-0.539506,0.284299],[0.490848,0.287694,-0.822375],[0.361885,0.791306,0.492822]],[[0.792532,-0.539506,0.284299],[-0.0868084,-0.561252,-0.82308],[0.60362,0.627638,-0.491644]],[[0.792532,-0.539506,0.284299],[-0.342825,-0.77971,-0.52395],[0.504345,0.317783,-0.802901]]],"btipPosition":[15.089,274.518,40.5746],"carpPosition":[21.0581,309.435,84.5218],"dipPosition":[23.78,279.994,26.7388],"direction":[-0.60362,-0.627638,0.491644],"extended":false,"handId":566,"id":5664,"length":50.4973,"mcpPosition":[48.3755,320.239,34.5466],"pipPosition":[35.583,292.267,17.1254],"stabilizedTipPosition":[-24.3018,307.716,201.777],"timeVisible":0.497051,"tipPosition":[17.1608,275.886,37.1916],"tipVelocity":[-90.7874,-267.823,-196.326],"tool":false,"touchDistance":0.333333,"touchZone":"none","type":4,"width":16.0532}],"r":[[0.998127,-0.0599727,-0.012095],[0.0604386,0.997255,0.042771],[0.00949676,-0.0434218,0.999012]],"s":1.04454,"t":[49.9513,-28.1028,-170.848],"timestamp":522569620926},false],[5,{"currentFrameRate":103.456,"devices":[],"gestures":[],"hands":[{"armBasis":[[0.991431,-0.128592,-0.0230148],[0.128628,0.991693,0.0000933461],[0.0228116,-0.00305289,0.999735]],"armWidth":63.703,"confidence":0.142858,"direction":[0.228755,0.352737,-0.90733],"elbow":[11.3186,306.158,358.154],"grabStrength":0,"id":566,"palmNormal":[-0.0452771,-0.92718,-0.371869],"palmPosition":[9.90443,322.982,36.2143],"palmVelocity":[42.8841,-160.162,-159.12],"palmWidth":90.9658,"pinchStrength":0.721299,"r":[[0.997646,-0.0666756,-0.0160047],[0.067319,0.996772,0.0437496],[0.013036,-0.0447241,0.998914]],"s":1.04907,"sphereCenter":[17.4614,286.667,4.86522],"sphereRadius":47.4808,"stabilizedPalmPosition":[-39.048,353.26,203.621],"t":[50.3345,-29.5779,-172.062],"timeVisible":0.506273,"type":"right","wrist":[5.16114,306.982,88.2977]}],"id":4189461,"interactionBox":{"center":[0,200,0],"size":[235.247,235.247,147.751]},"pointables":[{"bases":[[[0.476438,0.847364,0.234481],[-0.851633,0.37851,0.362563],[0.218469,-0.37243,0.901979]],[[0.35554,0.925435,-0.131004],[-0.928244,0.366009,0.0663289],[0.109332,0.0980209,0.989161]],[[0.35554,0.925435,-0.131004],[-0.919557,0.321245,-0.226312],[-0.167353,0.200928,0.965205]],[[0.35554,0.925435,-0.131004],[-0.483142,0.0619871,-0.873345],[-0.800103,0.373803,0.469155]]],"btipPosition":[-4.85639,278.873,-11.4439],"carpPosition":[-23.825,299.36,81.7969],"dipPosition":[-23.5767,287.619,-0.466918],"direction":[0.167353,-0.200928,-0.965205],"extended":false,"handId":566,"id":5660,"length":52.1025,"mcpPosition":[-23.825,299.36,81.7969],"pipPosition":[-29.2812,294.468,32.4336],"stabilizedTipPosition":[-50.826,300.651,161.948],"timeVisible":0.506273,"tipPosition":[-9.06501,280.29,-9.13012],"tipVelocity":[-6.11895,-135.215,-144.148],"tool":false,"touchDistance":-0.535125,"touchZone":"hovering","type":0,"width":20.2446},{"bases":[[[0.997034,-0.0651321,0.0409992],[0.054008,0.971647,0.230187],[-0.0548292,-0.22729,0.972282]],[[0.983626,-0.0914623,0.155288],[0.0786427,0.993118,0.0867921],[-0.162158,-0.0731587,0.984049]],[[0.983626,-0.0914623,0.155288],[0.112586,0.984676,-0.133184],[-0.140727,0.148486,0.97885]],[[0.983626,-0.0914623,0.155288],[0.134772,0.945359,-0.296871],[-0.11965,0.312939,0.942206]]],"btipPosition":[3.78987,331.167,-72.5826],"carpPosition":[-12.6519,320.241,80.9414],"dipPosition":[1.74611,336.512,-56.4887],"direction":[0.140727,-0.148486,-0.97885],"extended":true,"handId":566,"id":5661,"length":58.7918,"mcpPosition":[-8.61923,336.958,9.43004],"pipPosition":[-1.65441,340.1,-32.8358],"stabilizedTipPosition":[-33.1343,352.855,103.593],"timeVisible":0.506273,"tipPosition":[3.53969,330.692,-68.4352],"tipVelocity":[8.22629,-12.8776,-171.11],"tool":false,"touchDistance":-0.566321,"touchZone":"hovering","type":1,"width":19.3376},{"bases":[[[0.956546,-0.259922,0.132135],[0.220574,0.941421,0.255095],[-0.1907,-0.214865,0.957845]],[[0.960059,-0.255714,0.113566],[0.210409,0.392281,-0.895457],[0.184431,0.883587,0.430418]],[[0.960059,-0.255714,0.113566],[-0.0579894,-0.578923,-0.813317],[0.273723,0.774247,-0.570629]],[[0.960059,-0.255714,0.113566],[-0.175014,-0.86551,-0.469322],[0.218305,0.430701,-0.875694]]],"btipPosition":[-7.85524,263.542,26.3839],"carpPosition":[-0.386253,321.235,81.2598],"dipPosition":[-3.75395,271.633,9.93225],"direction":[-0.273723,-0.774247,0.570629],"extended":false,"handId":566,"id":5662,"length":66.9886,"mcpPosition":[12.9149,336.222,14.4507],"pipPosition":[4.02766,293.644,-6.29007],"stabilizedTipPosition":[-46.4583,293.396,179.775],"timeVisible":0.506273,"tipPosition":[-6.79126,265.646,22.4662],"tipVelocity":[-13.1232,-155.991,-167.093],"tool":false,"touchDistance":0.333333,"touchZone":"none","type":2,"width":18.9921},{"bases":[[[0.89869,-0.358932,0.252041],[0.28216,0.913116,0.294288],[-0.335772,-0.193357,0.921884]],[[0.90007,-0.35813,0.248228],[0.360319,0.29135,-0.886163],[0.24504,0.88705,0.391277]],[[0.90007,-0.35813,0.248228],[-0.0428412,-0.639633,-0.767486],[0.433635,0.680156,-0.591057]],[[0.90007,-0.35813,0.248228],[-0.227081,-0.8717,-0.434251],[0.371899,0.334488,-0.865915]]],"btipPosition":[2.78488,266.484,39.6534],"carpPosition":[11.6592,319.082,82.3187],"dipPosition":[9.73159,272.732,23.479],"direction":[-0.433635,-0.680156,0.591057],"extended":false,"handId":566,"id":5663,"length":64.4113,"mcpPosition":[32.6863,331.191,24.5873],"pipPosition":[21.7409,291.568,7.10988],"stabilizedTipPosition":[-36.8118,296.196,192.925],"timeVisible":0.506273,"tipPosition":[4.46309,267.947,35.5654],"tipVelocity":[-2.66843,-157.801,-163.038],"tool":false,"touchDistance":0.333333,"touchZone":"none","type":3,"width":18.0722},{"bases":[[[0.79473,-0.524805,0.304932],[0.387723,0.825479,0.410189],[-0.466985,-0.20776,0.859512]],[[0.807841,-0.518608,0.280069],[0.483112,0.310428,-0.81868],[0.337633,0.796668,0.501322]],[[0.807841,-0.518608,0.280069],[-0.0692909,-0.555445,-0.828661],[0.585313,0.650021,-0.484646]],[[0.807841,-0.518608,0.280069],[-0.319197,-0.784411,-0.531802],[0.495486,0.340214,-0.799217]]],"btipPosition":[17.4912,275.139,39.6937],"carpPosition":[22.3387,309.83,83.9922],"dipPosition":[26.0295,281.002,25.9214],"direction":[-0.585313,-0.650021,0.484646],"extended":false,"handId":566,"id":5664,"length":50.4973,"mcpPosition":[49.4097,321.874,34.1665],"pipPosition":[37.4744,293.712,16.4449],"stabilizedTipPosition":[-23.8647,307.404,200.126],"timeVisible":0.506273,"tipPosition":[19.5102,276.601,36.3436],"tipVelocity":[6.60572,-171.169,-167.625],"tool":false,"touchDistance":0.333333,"touchZone":"none","type":4,"width":16.0532}],"r":[[0.997646,-0.0666756,-0.0160047],[0.067319,0.996772,0.0437496],[0.013036,-0.0447241,0.998914]],"s":1.04907,"t":[50.3345,-29.5779,-172.062],"timestamp":522569630148},false],[6,{"currentFrameRate":103.884,"devices":[],"gestures":[],"hands":[{"armBasis":[[0.99486,-0.0994646,-0.0190027],[0.0996609,0.994974,0.00967685],[0.0179447,-0.0115209,0.999773]],"armWidth":63.703,"confidence":0.195265,"direction":[0.222212,0.353719,-0.908573],"elbow":[11.0318,305.128,357.202],"grabStrength":0,"id":566,"palmNormal":[-0.0198606,-0.930036,-0.366932],"palmPosition":[10.6698,324.076,35.1789],"palmVelocity":[54.7313,-83.4507,-147.856],"palmWidth":90.9658,"pinchStrength":0.725933,"r":[[0.997593,-0.0668251,-0.0184844],[0.067575,0.996767,0.0434618],[0.0155203,-0.0446063,0.998884]],"s":1.05268,"sphereCenter":[18.8594,288.069,3.96218],"sphereRadius":47.39,"stabilizedPalmPosition":[-38.8079,353.12,202.808],"t":[50.9088,-29.7684,-173.186],"timeVisible":0.515093,"type":"right","wrist":[6.18799,308.238,87.3349]}],"id":4189462,"interactionBox":{"center":[0,200,0],"size":[235.247,235.247,147.751]},"pointables":[{"bases":[[[0.45338,0.8608,0.231236],[-0.862349,0.358024,0.358012],[0.225389,-0.361722,0.904631]],[[0.331708,0.933709,-0.13475],[-0.937711,0.341971,0.061266],[0.103285,0.106034,0.988984]],[[0.331708,0.933709,-0.13475],[-0.926554,0.295591,-0.232647],[-0.177394,0.202023,0.963181]],[[0.331708,0.933709,-0.13475],[-0.472988,0.0410181,-0.880113],[-0.816243,0.355675,0.455239]]],"btipPosition":[-2.57851,279.325,-12.0459],"carpPosition":[-22.5688,299.825,80.7915],"dipPosition":[-21.6764,287.647,-1.3945],"direction":[0.177394,-0.202023,-0.963181],"extended":false,"handId":566,"id":5660,"length":52.1025,"mcpPosition":[-22.5688,299.825,80.7915],"pipPosition":[-27.7232,294.533,31.437],"stabilizedTipPosition":[-50.5603,300.533,160.909],"timeVisible":0.515093,"tipPosition":[-6.93674,280.696,-9.85331],"tipVelocity":[62.5825,-87.8882,-125.955],"tool":false,"touchDistance":-0.520099,"touchZone":"hovering","type":0,"width":20.2446},{"bases":[[[0.998267,-0.0387777,0.0442546],[0.027857,0.973952,0.225035],[-0.0518282,-0.223412,0.973345]],[[0.985306,-0.0647033,0.158065],[0.0511076,0.994754,0.0886164],[-0.16297,-0.079236,0.983444]],[[0.985306,-0.0647033,0.158065],[0.0856697,0.987852,-0.129653],[-0.147756,0.141289,0.97888]],[[0.985306,-0.0647033,0.158065],[0.109325,0.949959,-0.292618],[-0.131222,0.305599,0.943075]]],"btipPosition":[4.68002,332.187,-73.7372],"carpPosition":[-11.9434,320.986,79.8545],"dipPosition":[2.43861,337.407,-57.6285],"direction":[0.147756,-0.141289,-0.97888],"extended":true,"handId":566,"id":5661,"length":58.7918,"mcpPosition":[-8.13148,337.418,8.265],"pipPosition":[-1.13177,340.821,-33.9749],"stabilizedTipPosition":[-33.1257,352.851,103.553],"timeVisible":0.515093,"tipPosition":[4.38954,331.7,-69.6147],"tipVelocity":[31.8552,20.935,-160.154],"tool":false,"touchDistance":-0.55529,"touchZone":"hovering","type":1,"width":19.3376},{"bases":[[[0.962614,-0.234068,0.136335],[0.19508,0.948234,0.250592],[-0.187933,-0.214627,0.958445]],[[0.966059,-0.229885,0.117824],[0.202887,0.3929,-0.896921],[0.159896,0.890383,0.426205]],[[0.966059,-0.229885,0.117824],[-0.0402485,-0.584495,-0.810399],[0.255166,0.778151,-0.573909]],[[0.966059,-0.229885,0.117824],[-0.150817,-0.87224,-0.465244],[0.209723,0.431684,-0.877306]]],"btipPosition":[-5.49996,264.136,25.6119],"carpPosition":[0.290972,322.303,80.2032],"dipPosition":[-1.55989,272.246,9.13],"direction":[-0.255166,-0.778151,0.573909],"extended":false,"handId":566,"id":5662,"length":66.9886,"mcpPosition":[13.3992,337.273,13.3522],"pipPosition":[5.69417,294.368,-7.18556],"stabilizedTipPosition":[-45.939,293.056,177.816],"timeVisible":0.515093,"tipPosition":[-4.48029,266.243,21.6921],"tipVelocity":[61.3604,-95.5755,-145.83],"tool":false,"touchDistance":0.333333,"touchZone":"none","type":2,"width":18.9921},{"bases":[[[0.907003,-0.333912,0.25661],[0.257266,0.921763,0.290117],[-0.333408,-0.19712,0.921945]],[[0.908455,-0.333045,0.252567],[0.354929,0.295514,-0.886959],[0.22076,0.895406,0.386669]],[[0.908455,-0.333045,0.252567],[-0.0242054,-0.645157,-0.763666],[0.417281,0.687643,-0.594158]],[[0.908455,-0.333045,0.252567],[-0.203173,-0.879914,-0.429502],[0.365281,0.338868,-0.867028]]],"btipPosition":[5.02402,267.447,38.9522],"carpPosition":[12.3853,320.472,81.3089],"dipPosition":[11.8471,273.776,22.757],"direction":[-0.417281,-0.687643,0.594158],"extended":false,"handId":566,"id":5663,"length":64.4113,"mcpPosition":[33.2644,332.816,23.5736],"pipPosition":[23.4036,292.82,6.30202],"stabilizedTipPosition":[-36.3215,295.888,191.144],"timeVisible":0.515093,"tipPosition":[6.67122,268.922,34.8539],"tipVelocity":[65.7038,-85.1688,-140.637],"tool":false,"touchDistance":0.333333,"touchZone":"none","type":3,"width":18.0722},{"bases":[[[0.807259,-0.502164,0.310104],[0.364733,0.837545,0.406802],[-0.464007,-0.21529,0.859271]],[[0.820576,-0.495604,0.284659],[0.476723,0.318786,-0.819213],[0.31526,0.807931,0.497854]],[[0.820576,-0.495604,0.284659],[-0.0527226,-0.561574,-0.825745],[0.5691,0.662579,-0.486944]],[[0.820576,-0.495604,0.284659],[-0.297193,-0.79543,-0.528174],[0.488191,0.348808,-0.800001]]],"btipPosition":[19.5117,276.466,38.9604],"carpPosition":[23.2982,311.512,83.0639],"dipPosition":[27.9243,282.476,25.1746],"direction":[-0.5691,-0.662579,0.486944],"extended":false,"handId":566,"id":5664,"length":50.4973,"mcpPosition":[50.1966,323.992,33.2522],"pipPosition":[39.0522,295.432,15.6531],"stabilizedTipPosition":[-23.4201,307.114,198.514],"timeVisible":0.515093,"tipPosition":[21.493,277.96,35.6036],"tipVelocity":[65.7693,-83.3397,-144.917],"tool":false,"touchDistance":0.333333,"touchZone":"none","type":4,"width":16.0532}],"r":[[0.997593,-0.0668251,-0.0184844],[0.067575,0.996767,0.0434618],[0.0155203,-0.0446063,0.998884]],"s"