{"sensorType":"Leap","data":[[0,{"currentFrameRate":107.884,"devices":[],"gestures":[],"hands":[{"armBasis":[[0.988238,0.0578244,-0.141569],[-0.0529301,0.997871,0.0381001],[0.14347,-0.0301587,0.989195]],"armWidth":63.703,"confidence":0.66165,"direction":[0.0997473,0.276831,-0.955727],"elbow":[73.3961,307.746,361.985],"grabStrength":0,"id":562,"palmNormal":[0.078516,-0.959712,-0.269791],"palmPosition":[32.8343,326.32,41.3173],"palmVelocity":[18.8162,32.5365,-71.0433],"palmWidth":90.9658,"pinchStrength":0.61166,"r":[[0.979214,0.0291718,0.20072],[-0.0320674,0.999423,0.0111893],[-0.200278,-0.0173932,0.979585]],"s":1.06969,"sphereCenter":[52.6507,286.677,14.2111],"sphereRadius":50.6203,"stabilizedPalmPosition":[9.24822,335.082,101.16],"t":[25.0124,-9.85631,-63.2823],"timeVisible":0.334471,"type":"right","wrist":[34.6694,315.887,94.9731]}],"id":4188056,"interactionBox":{"center":[0,200,0],"size":[235.247,235.247,147.751]},"pointables":[{"bases":[[[0.348379,0.931778,0.102082],[-0.872325,0.282425,0.399106],[0.343048,-0.228089,0.911204]],[[0.196712,0.95004,-0.242337],[-0.966587,0.229345,0.114501],[0.164359,0.211717,0.963412]],[[0.196712,0.95004,-0.242337],[-0.966488,0.146313,-0.210934],[-0.164939,0.27571,0.946984]],[[0.196712,0.95004,-0.242337],[-0.754827,-0.0109982,-0.655832],[-0.625732,0.311933,0.714953]]],"btipPosition":[18.9664,275.944,-5.10381],"carpPosition":[6.90599,303.206,91.982],"dipPosition":[4.32596,283.243,11.6242],"direction":[0.164939,-0.27571,-0.946984],"extended":false,"handId":562,"id":5620,"length":52.1025,"mcpPosition":[6.90599,303.206,91.982],"pipPosition":[-1.29624,292.641,43.9036],"stabilizedTipPosition":[-12.9109,281.779,69.0117],"timeVisible":0.334471,"tipPosition":[15.9992,278.035,-0.979655],"tipVelocity":[28.0214,34.1381,-85.7166],"tool":false,"touchDistance":0.0203596,"touchZone":"hovering","type":0,"width":20.2446},{"bases":[[[0.994576,0.0939262,-0.0446716],[-0.087766,0.988378,0.12412],[0.0558106,-0.119526,0.991261]],[[0.990298,0.0730949,0.118184],[-0.0773413,0.996499,0.0317461],[-0.11545,-0.0405786,0.992484]],[[0.990298,0.0730949,0.118184],[-0.0382924,0.961093,-0.273557],[-0.133582,0.266377,0.954567]],[[0.990298,0.0730949,0.118184],[-0.00524353,0.86953,-0.493852],[-0.138863,0.488441,0.861477]]],"btipPosition":[20.8898,321.071,-65.3374],"carpPosition":[14.4362,325.316,87.979],"dipPosition":[18.5179,329.414,-50.6225],"direction":[0.133582,-0.266377,-0.954567],"extended":true,"handId":562,"id":5621,"length":58.7918,"mcpPosition":[10.3313,334.107,15.0718],"pipPosition":[15.29,335.85,-27.5564],"stabilizedTipPosition":[5.31085,319.582,-31.6121],"timeVisible":0.334471,"tipPosition":[21.045,322.146,-61.4952],"tipVelocity":[8.19892,79.2521,-81.8055],"tool":false,"touchDistance":-0.197485,"touchZone":"touching","type":1,"width":19.3376},{"bases":[[[0.993264,-0.0929656,0.0691615],[0.0828891,0.987164,0.136514],[-0.0809649,-0.129862,0.988221]],[[0.993561,-0.0924781,0.065456],[0.0904192,0.299076,-0.949936],[0.0682719,0.949738,0.305512]],[[0.993561,-0.0924781,0.065456],[-0.0115004,-0.657061,-0.75375],[0.112714,0.748143,-0.653894]],[[0.993561,-0.0924781,0.065456],[-0.0591924,-0.916301,-0.396091],[0.0966072,0.389666,-0.915875]]],"btipPosition":[23.7036,262.915,39.2088],"carpPosition":[26.3655,328.213,87.0625],"dipPosition":[25.5186,270.236,22.0022],"direction":[-0.112714,-0.748143,0.653894],"extended":false,"handId":562,"id":5622,"length":66.9886,"mcpPosition":[32.0127,337.27,18.1347],"pipPosition":[28.7229,291.505,3.4128],"stabilizedTipPosition":[-2.37187,273.823,94.8802],"timeVisible":0.334471,"tipPosition":[24.1687,264.797,34.8316],"tipVelocity":[34.7214,29.3271,-90.0867],"tool":false,"touchDistance":0.333333,"touchZone":"none","type":2,"width":18.9921},{"bases":[[[0.96143,-0.185213,0.203343],[0.151018,0.973357,0.172539],[-0.229882,-0.135176,0.963785]],[[0.96605,-0.18233,0.183036],[0.224771,0.24386,-0.943404],[0.127376,0.952517,0.276563]],[[0.96605,-0.18233,0.183036],[0.00882127,-0.68478,-0.728697],[0.258203,0.705572,-0.659924]],[[0.96605,-0.18233,0.183036],[-0.0993183,-0.916124,-0.388397],[0.2385,0.357032,-0.903131]]],"btipPosition":[35.7463,267.78,49.6572],"carpPosition":[38.6457,328.071,87.2201],"dipPosition":[40.2013,274.449,32.7876],"direction":[-0.258203,-0.705572,0.659924],"extended":false,"handId":562,"id":5623,"length":64.4113,"mcpPosition":[53.0417,336.537,26.8647],"pipPosition":[47.3521,293.99,14.5113],"stabilizedTipPosition":[12.6579,277.681,102.551],"timeVisible":0.334471,"tipPosition":[36.8608,269.434,45.4595],"tipVelocity":[32.6176,30.3869,-86.3758],"tool":false,"touchDistance":0.333333,"touchZone":"none","type":3,"width":18.0722},{"bases":[[[0.890105,-0.357877,0.282202],[0.277811,0.916908,0.286532],[-0.361296,-0.176645,0.915566]],[[0.899772,-0.352846,0.256729],[0.366619,0.292218,-0.883289],[0.236644,0.88888,0.39229]],[[0.899772,-0.352846,0.256729],[-0.0108377,-0.606231,-0.795215],[0.436225,0.71273,-0.549294]],[[0.899772,-0.352846,0.256729],[-0.192327,-0.84879,-0.49251],[0.391689,0.393771,-0.831579]]],"btipPosition":[48.083,278.921,46.9631],"carpPosition":[50.7834,320.825,88.835],"dipPosition":[54.8326,285.706,32.6332],"direction":[-0.436225,-0.71273,0.549294],"extended":false,"handId":562,"id":5624,"length":50.4973,"mcpPosition":[71.7277,331.065,35.7599],"pipPosition":[63.3624,299.643,21.8925],"stabilizedTipPosition":[24.6046,289.181,100.464],"timeVisible":0.334471,"tipPosition":[49.6277,280.668,43.4722],"tipVelocity":[30.9228,33.8208,-84.7483],"tool":false,"touchDistance":0.333333,"touchZone":"none","type":4,"width":16.0532}],"r":[[0.979214,0.0291718,0.20072],[-0.0320674,0.999423,0.0111893],[-0.200278,-0.0173932,0.979585]],"s":1.06969,"t":[25.0124,-9.85631,-63.2823],"timestamp":522554924400},false],[1,{"currentFrameRate":107.952,"devices":[],"gestures":[],"hands":[{"armBasis":[[0.987903,0.0582291,-0.143728],[-0.0526138,0.997707,0.0425688],[0.145877,-0.0344918,0.988701]],"armWidth":63.703,"confidence":0.681662,"direction":[0.0983947,0.276354,-0.956006],"elbow":[74.4375,307.352,360.779],"grabStrength":0,"id":562,"palmNormal":[0.0772991,-0.959887,-0.26952],"palmPosition":[33.1462,327.075,40.2433],"palmVelocity":[23.0725,46.4447,-83.9656],"palmWidth":90.9658,"pinchStrength":0.61211,"r":[[0.979115,0.0301899,0.201055],[-0.0335744,0.999346,0.013444],[-0.200518,-0.0199136,0.979488]],"s":1.0707,"sphereCenter":[52.6621,287.445,13.0841],"sphereRadius":50.544,"stabilizedPalmPosition":[9.2702,335.075,101.104],"t":[25.2577,-9.28688,-64.1872],"timeVisible":0.343612,"type":"right","wrist":[35.0613,316.662,93.9004]}],"id":4188057,"interactionBox":{"center":[0,200,0],"size":[235.247,235.247,147.751]},"pointables":[{"bases":[[[0.349296,0.93154,0.10112],[-0.871438,0.283293,0.400425],[0.344366,-0.227987,0.910733]],[[0.19697,0.949749,-0.243267],[-0.96629,0.230022,0.115646],[0.165791,0.212288,0.963041]],[[0.19697,0.949749,-0.243267],[-0.966893,0.14712,-0.208503],[-0.162236,0.276282,0.947284]],[[0.19697,0.949749,-0.243267],[-0.755515,-0.0110926,-0.655038],[-0.62482,0.312815,0.715365]]],"btipPosition":[19.1583,276.672,-6.12684],"carpPosition":[7.28278,304.003,90.9603],"dipPosition":[4.53912,283.991,10.6108],"direction":[0.162236,-0.276282,-0.947284],"extended":false,"handId":562,"id":5620,"length":52.1025,"mcpPosition":[7.28278,304.003,90.9603],"pipPosition":[-0.990926,293.408,42.9004],"stabilizedTipPosition":[-12.8762,281.775,68.9254],"timeVisible":0.343612,"tipPosition":[16.1908,278.766,-2.00833],"tipVelocity":[26.2133,46.9321,-92.9385],"tool":false,"touchDistance":0.00334604,"touchZone":"hovering","type":0,"width":20.2446},{"bases":[[[0.994577,0.0931068,-0.0463495],[-0.0867661,0.9885,0.123853],[0.057348,-0.11916,0.991218]],[[0.990726,0.0725691,0.114869],[-0.0766399,0.996564,0.0314223],[-0.112194,-0.0399344,0.992884]],[[0.990726,0.0725691,0.114869],[-0.0389775,0.961684,-0.271375],[-0.130161,0.264381,0.955595]],[[0.990726,0.0725691,0.114869],[-0.00701267,0.871605,-0.490158],[-0.135691,0.484807,0.864031]]],"btipPosition":[20.888,321.915,-66.4631],"carpPosition":[14.8241,326.105,86.9357],"dipPosition":[18.5702,330.196,-51.7046],"direction":[0.130161,-0.264381,-0.955595],"extended":true,"handId":562,"id":5621,"length":58.7918,"mcpPosition":[10.6062,334.869,14.0317],"pipPosition":[15.425,336.584,-28.6136],"stabilizedTipPosition":[6.14064,319.816,-33.3471],"timeVisible":0.343612,"tipPosition":[21.0592,322.989,-62.6145],"tipVelocity":[6.24264,82.4637,-93.0028],"tool":false,"touchDistance":-0.216079,"touchZone":"touching","type":1,"width":19.3376},{"bases":[[[0.993302,-0.0937366,0.0675635],[0.0839082,0.987154,0.135966],[-0.0794406,-0.129386,0.988407]],[[0.993596,-0.0932455,0.0638166],[0.089051,0.298575,-0.950223],[0.06955,0.94982,0.304966]],[[0.993596,-0.0932455,0.0638166],[-0.0132111,-0.656782,-0.753965],[0.112217,0.748293,-0.653807]],[[0.993596,-0.0932455,0.0638166],[-0.0604843,-0.915972,-0.396657],[0.0954407,0.390257,-0.915746]]],"btipPosition":[23.9605,263.641,38.153],"carpPosition":[26.7543,328.991,85.9983],"dipPosition":[25.7535,270.973,20.9489],"direction":[-0.112217,-0.748293,0.653807],"extended":false,"handId":562,"id":5622,"length":66.9886,"mcpPosition":[32.2952,338.016,17.0575],"pipPosition":[28.9437,292.246,2.36195],"stabilizedTipPosition":[-2.35149,273.817,94.8339],"timeVisible":0.343612,"tipPosition":[24.4189,265.531,33.7958],"tipVelocity":[32.7264,43.3437,-97.1387],"tool":false,"touchDistance":0.333333,"touchZone":"none","type":2,"width":18.9921},{"bases":[[[0.961614,-0.185903,0.201836],[0.152086,0.973307,0.171884],[-0.228402,-0.13459,0.964219]],[[0.966208,-0.183029,0.1815],[0.223399,0.24334,-0.943864],[0.128588,0.952516,0.276006]],[[0.966208,-0.183029,0.1815],[0.00723523,-0.6846,-0.728883],[0.257662,0.705565,-0.660142]],[[0.966208,-0.183029,0.1815],[-0.100475,-0.915867,-0.388705],[0.237375,0.357334,-0.903308]]],"btipPosition":[36.0244,268.507,48.58],"carpPosition":[39.0346,328.84,86.1358],"dipPosition":[40.4583,275.182,31.707],"direction":[-0.257662,-0.705565,0.660142],"extended":false,"handId":562,"id":5623,"length":64.4113,"mcpPosition":[53.3379,337.269,25.7532],"pipPosition":[47.5942,294.722,13.4247],"stabilizedTipPosition":[12.6743,277.676,102.512],"timeVisible":0.343612,"tipPosition":[37.1314,270.169,44.3974],"tipVelocity":[31.8586,44.0903,-95.1551],"tool":false,"touchDistance":0.333333,"touchZone":"none","type":3,"width":18.0722},{"bases":[[[0.89028,-0.358476,0.280884],[0.27902,0.916803,0.285692],[-0.359929,-0.175973,0.916234]],[[0.900043,-0.35339,0.255027],[0.364926,0.291258,-0.884306],[0.238226,0.888979,0.391106]],[[0.900043,-0.35339,0.255027],[-0.0128435,-0.606445,-0.795022],[0.435612,0.712278,-0.550365]],[[0.900043,-0.35339,0.255027],[-0.193755,-0.848657,-0.49218],[0.390361,0.39357,-0.832298]]],"btipPosition":[48.3683,279.65,45.8983],"carpPosition":[51.1691,321.584,87.7337],"dipPosition":[55.0951,286.433,31.556],"direction":[-0.435612,-0.712278,0.550365],"extended":false,"handId":562,"id":5624,"length":50.4973,"mcpPosition":[72.0341,331.785,34.6199],"pipPosition":[63.6129,300.36,20.7943],"stabilizedTipPosition":[24.6268,289.174,100.413],"timeVisible":0.343612,"tipPosition":[49.9074,281.398,42.4026],"tipVelocity":[30.8446,46.5913,-93.6663],"tool":false,"touchDistance":0.333333,"touchZone":"none","type":4,"width":16.0532}],"r":[[0.979115,0.0301899,0.201055],[-0.0335744,0.999346,0.013444],[-0.200518,-0.0199136,0.979488]],"s":1.0707,"t":[25.2577,-9.28688,-64.1872],"timestamp":522554933541},false],[2,{"currentFrameRate":108.139,"devices":[],"gestures":[],"hands":[{"armBasis":[[0.987889,0.0582415,-0.143817],[-0.0521524,0.99759,0.0457547],[0.146136,-0.0377001,0.988546]],"armWidth":63.703,"confidence":0.700108,"direction":[0.0976842,0.275878,-0.956216],"elbow":[74.795,306.956,360.113],"grabStrength":0,"id":562,"palmNormal":[0.0762441,-0.960062,-0.269199],"palmPosition":[33.3897,327.525,39.6173],"palmVelocity":[24.2316,47.5467,-80.236],"palmWidth":90.9658,"pinchStrength":0.61188,"r":[[0.979078,0.0308591,0.20113],[-0.0346126,0.999286,0.0151713],[-0.200518,-0.0218156,0.979447]],"s":1.07162,"sphereCenter":[52.6148,287.908,12.4216],"sphereRadius":50.4648,"stabilizedPalmPosition":[9.29481,335.067,101.041],"t":[25.5021,-8.77725,-64.9526],"timeVisible":0.352521,"type":"right","wrist":[35.3488,317.133,93.2768]}],"id":4188058,"interactionBox":{"center":[0,200,0],"size":[235.247,235.247,147.751]},"pointables":[{"bases":[[[0.350162,0.931294,0.100392],[-0.870811,0.284177,0.401163],[0.345071,-0.227895,0.910489]],[[0.197419,0.949458,-0.244039],[-0.966064,0.230722,0.116138],[0.166573,0.212829,0.962786]],[[0.197419,0.949458,-0.244039],[-0.967149,0.147967,-0.206709],[-0.160151,0.27683,0.947479]],[[0.197419,0.949458,-0.244039],[-0.755677,-0.0111896,-0.654849],[-0.624483,0.313694,0.715274]]],"btipPosition":[19.3146,277.098,-6.70977],"carpPosition":[7.55705,304.495,90.3692],"dipPosition":[4.70333,284.437,10.0258],"direction":[0.160151,-0.27683,-0.947479],"extended":false,"handId":562,"id":5620,"length":52.1025,"mcpPosition":[7.55705,304.495,90.3692],"pipPosition":[-0.755673,293.874,42.322],"stabilizedTipPosition":[-12.8762,281.775,68.9254],"timeVisible":0.352521,"tipPosition":[16.3435,279.195,-2.599],"tipVelocity":[23.9094,47.3116,-85.4654],"tool":false,"touchDistance":-0.0563776,"touchZone":"hovering","type":0,"width":20.2446},{"bases":[[[0.994607,0.0922682,-0.0473635],[-0.0858305,0.988622,0.123529],[0.0582224,-0.118798,0.99121]],[[0.991078,0.0720316,0.112141],[-0.0759222,0.996638,0.0308137],[-0.109545,-0.0390528,0.993214]],[[0.991078,0.0720316,0.112141],[-0.0394026,0.962119,-0.269766],[-0.127325,0.262941,0.956374]],[[0.991078,0.0720316,0.112141],[-0.00834724,0.873274,-0.487158],[-0.133021,0.481876,0.866084]]],"btipPosition":[20.8843,322.419,-67.1383],"carpPosition":[15.1127,326.589,86.3281],"dipPosition":[18.6121,330.65,-52.3447],"direction":[0.127325,-0.262941,-0.956374],"extended":true,"handId":562,"id":5621,"length":58.7918,"mcpPosition":[10.8304,335.327,13.4246],"pipPosition":[15.5354,337.004,-29.2349],"stabilizedTipPosition":[6.87336,320.048,-34.9128],"timeVisible":0.352521,"tipPosition":[21.0735,323.502,-63.2865],"tipVelocity":[4.74959,75.0815,-88.07],"tool":false,"touchDistance":-0.227198,"touchZone":"touching","type":1,"width":19.3376},{"bases":[[[0.99329,-0.0945271,0.066628],[0.0848544,0.98714,0.135475],[-0.0785773,-0.128912,0.988538]],[[0.993579,-0.0940416,0.0629095],[0.0883595,0.297654,-0.950576],[0.0706684,0.950031,0.304052]],[[0.993579,-0.0940416,0.0629095],[-0.0144555,-0.65697,-0.753778],[0.112216,0.748029,-0.654111]],[[0.993579,-0.0940416,0.0629095],[-0.0615678,-0.915872,-0.396722],[0.0949253,0.390301,-0.915781]]],"btipPosition":[24.1461,264.079,37.5767],"carpPosition":[27.0442,329.465,85.3778],"dipPosition":[25.9294,271.411,20.3719],"direction":[-0.112216,-0.748029,0.654111],"extended":false,"handId":562,"id":5622,"length":66.9886,"mcpPosition":[32.5249,338.457,16.4279],"pipPosition":[29.1196,292.677,1.77631],"stabilizedTipPosition":[-2.32894,273.81,94.7827],"timeVisible":0.352521,"tipPosition":[24.6024,265.971,33.2217],"tipVelocity":[29.4201,44.9194,-88.3113],"tool":false,"touchDistance":0.333333,"touchZone":"none","type":2,"width":18.9921},{"bases":[[[0.961659,-0.186611,0.20097],[0.153056,0.973252,0.171333],[-0.227567,-0.134004,0.964498]],[[0.966232,-0.183752,0.180642],[0.222649,0.242487,-0.94426],[0.129706,0.952594,0.275211]],[[0.966232,-0.183752,0.180642],[0.00601924,-0.684759,-0.728744],[0.257605,0.705223,-0.66053]],[[0.966232,-0.183752,0.180642],[-0.10149,-0.915767,-0.388678],[0.236846,0.35722,-0.903492]]],"btipPosition":[36.2236,268.942,47.9796],"carpPosition":[39.3246,329.304,85.5033],"dipPosition":[40.6476,275.615,31.1033],"direction":[-0.257605,-0.705223,0.66053],"extended":false,"handId":562,"id":5623,"length":64.4113,"mcpPosition":[53.5756,337.696,25.1032],"pipPosition":[47.7819,295.146,12.8102],"stabilizedTipPosition":[12.6929,277.67,102.468],"timeVisible":0.352521,"tipPosition":[37.3282,270.607,43.7994],"tipVelocity":[29.2018,45.3749,-87.6192],"tool":false,"touchDistance":0.333333,"touchZone":"none","type":3,"width":18.0722},{"bases":[[[0.89026,-0.359094,0.280159],[0.280055,0.916691,0.285039],[-0.359175,-0.175298,0.916659]],[[0.900199,-0.353916,0.253742],[0.363592,0.290148,-0.88522],[0.239671,0.889133,0.389872]],[[0.900199,-0.353916,0.253742],[-0.0145489,-0.60679,-0.794729],[0.435235,0.711723,-0.551381]],[[0.900199,-0.353916,0.253742],[-0.194985,-0.848576,-0.491834],[0.389387,0.393272,-0.832895]]],"btipPosition":[48.5832,280.077,45.306],"carpPosition":[51.4547,322.039,87.0923],"dipPosition":[55.2932,286.853,30.9534],"direction":[-0.435235,-0.711723,0.551381],"extended":false,"handId":562,"id":5624,"length":50.4973,"mcpPosition":[72.276,332.201,33.9538],"pipPosition":[63.8036,300.77,20.1719],"stabilizedTipPosition":[24.6512,289.167,100.358],"timeVisible":0.352521,"tipPosition":[50.1175,281.823,41.8016],"tipVelocity":[28.8968,46.89,-86.3386],"tool":false,"touchDistance":0.333333,"touchZone":"none","type":4,"width":16.0532}],"r":[[0.979078,0.0308591,0.20113],[-0.0346126,0.999286,0.0151713],[-0.200518,-0.0218156,0.979447]],"s":1.07162,"t":[25.5021,-8.77725,-64.9526],"timestamp":522554942450},false],[3,{"currentFrameRate":108.21,"devices":[],"gestures":[],"hands":[{"armBasis":[[0.988046,0.0562588,-0.143529],[-0.050136,0.997686,0.0459274],[0.145781,-0.0381824,0.98858]],"armWidth":63.703,"confidence":0.716376,"direction":[0.097886,0.275644,-0.956263],"elbow":[74.9098,307.095,359.582],"grabStrength":0,"id":562,"palmNormal":[0.0741986,-0.960224,-0.269191],"palmPosition":[33.6013,327.796,39.0774],"palmVelocity":[23.9516,42.6029,-74.4126],"palmWidth":90.9658,"pinchStrength":0.612238,"r":[[0.979076,0.0309992,0.201118],[-0.0350372,0.999249,0.016548],[-0.200454,-0.0232484,0.979427]],"s":1.07243,"sphereCenter":[52.5167,288.171,11.8437],"sphereRadius":50.3894,"stabilizedPalmPosition":[9.32277,335.059,100.97],"t":[25.7302,-8.38696,-65.6053],"timeVisible":0.361634,"type":"right","wrist":[35.5594,317.402,92.7365]}],"id":4188059,"interactionBox":{"center":[0,200,0],"size":[235.247,235.247,147.751]},"pointables":[{"bases":[[[0.352086,0.930586,0.100226],[-0.870084,0.285955,0.401477],[0.344949,-0.228559,0.910369]],[[0.199195,0.949031,-0.244257],[-0.965625,0.232563,0.116114],[0.167,0.212731,0.962734]],[[0.199195,0.949031,-0.244257],[-0.967057,0.150054,-0.205634],[-0.158501,0.277172,0.947657]],[[0.199195,0.949031,-0.244257],[-0.755589,-0.00997991,-0.65497],[-0.624025,0.315025,0.715089]]],"btipPosition":[19.4103,277.385,-7.23832],"carpPosition":[7.74102,304.82,89.8397],"dipPosition":[4.80972,284.756,9.49288],"direction":[0.158501,-0.277172,-0.947657],"extended":false,"handId":562,"id":5620,"length":52.1025,"mcpPosition":[7.74102,304.82,89.8397],"pipPosition":[-0.593026,294.204,41.7952],"stabilizedTipPosition":[-12.8762,281.775,68.9254],"timeVisible":0.361634,"tipPosition":[16.4364,279.487,-3.13299],"tipVelocity":[20.2627,43.1503,-77.8741],"tool":false,"touchDistance":-0.0652034,"touchZone":"hovering","type":0,"width":20.2446},{"bases":[[[0.994774,0.0902513,-0.0477381],[-0.0837815,0.988799,0.123523],[0.0583515,-0.118878,0.991193]],[[0.991436,0.0702526,0.110087],[-0.0739901,0.9968,0.0302369],[-0.107611,-0.0381233,0.993462]],[[0.991436,0.0702526,0.110087],[-0.0384532,0.962648,-0.268011],[-0.124804,0.261483,0.957105]],[[0.991436,0.0702526,0.110087],[-0.00827369,0.875073,-0.48392],[-0.130331,0.478865,0.86816]]],"btipPosition":[20.912,322.782,-67.7339],"carpPosition":[15.3399,326.899,85.795],"dipPosition":[18.6858,330.961,-52.9048],"direction":[0.124804,-0.261483,-0.957105],"extended":true,"handId":562,"id":5621,"length":58.7918,"mcpPosition":[11.0481,335.642,12.8928],"pipPosition":[15.6701,337.28,-29.7774],"stabilizedTipPosition":[7.53489,320.273,-36.3512],"timeVisible":0.361634,"tipPosition":[21.1176,323.876,-63.8786],"tipVelocity":[4.59884,64.9209,-81.519],"tool":false,"touchDistance":-0.236989,"touchZone":"touching","type":1,"width":19.3376},{"bases":[[[0.993121,-0.0965366,0.066261],[0.0869045,0.986972,0.135406],[-0.0784693,-0.128716,0.988572]],[[0.99341,-0.0960503,0.0625306],[0.0885927,0.297399,-0.950634],[0.0727122,0.94991,0.303948]],[[0.99341,-0.0960503,0.0625306],[-0.0159917,-0.656415,-0.754231],[0.11349,0.748261,-0.653625]],[[0.99341,-0.0960503,0.0625306],[-0.0634703,-0.915334,-0.397662],[0.0954319,0.391072,-0.915399]]],"btipPosition":[24.227,264.335,37.0207],"carpPosition":[27.2769,329.751,84.8401],"dipPosition":[26.0198,271.683,19.8231],"direction":[-0.11349,-0.748261,0.653625],"extended":false,"handId":562,"id":5622,"length":66.9886,"mcpPosition":[32.7501,338.729,15.8878],"pipPosition":[29.2462,292.955,1.24129],"stabilizedTipPosition":[-2.30425,273.803,94.7261],"timeVisible":0.361634,"tipPosition":[24.685,266.237,32.6856],"tipVelocity":[23.7861,40.3679,-80.6852],"tool":false,"touchDistance":0.333333,"touchZone":"none","type":2,"width":18.9921},{"bases":[[[0.961354,-0.188552,0.200618],[0.155091,0.972946,0.171238],[-0.227478,-0.133507,0.964588]],[[0.96592,-0.185705,0.180311],[0.22279,0.24186,-0.944388],[0.131768,0.952374,0.274991]],[[0.96592,-0.185705,0.180311],[0.00458409,-0.684226,-0.729255],[0.2588,0.705229,-0.660057]],[[0.96592,-0.185705,0.180311],[-0.103187,-0.915127,-0.389736],[0.237383,0.357849,-0.903102]]],"btipPosition":[36.3151,269.17,47.4212],"carpPosition":[39.5569,329.565,84.961],"dipPosition":[40.7492,275.854,30.5521],"direction":[-0.2588,-0.705229,0.660057],"extended":false,"handId":562,"id":5623,"length":64.4113,"mcpPosition":[53.8023,337.925,24.5553],"pipPosition":[47.9166,295.385,12.2721],"stabilizedTipPosition":[12.7132,277.665,102.419],"timeVisible":0.361634,"tipPosition":[37.4213,270.846,43.2575],"tipVelocity":[23.9564,39.7897,-80.2587],"tool":false,"touchDistance":0.333333,"touchZone":"none","type":3,"width":18.0722},{"bases":[[[0.889635,-0.360886,0.27984],[0.282018,0.916132,0.284899],[-0.359187,-0.174536,0.9168]],[[0.899653,-0.355686,0.253203],[0.363386,0.288528,-0.885834],[0.242023,0.888954,0.388826]],[[0.899653,-0.355686,0.253203],[-0.016376,-0.607017,-0.79452],[0.436298,0.710646,-0.551929]],[[0.899653,-0.355686,0.253203],[-0.196872,-0.848113,-0.491879],[0.389699,0.392672,-0.833032]]],"btipPosition":[48.6928,280.306,44.8014],"carpPosition":[51.6729,322.275,86.5458],"dipPosition":[55.4082,287.073,30.4464],"direction":[-0.436298,-0.710646,0.551929],"extended":false,"handId":562,"id":5624,"length":50.4973,"mcpPosition":[72.4949,332.393,33.3991],"pipPosition":[63.9394,300.968,19.6542],"stabilizedTipPosition":[24.6779,289.159,100.296],"timeVisible":0.361634,"tipPosition":[50.2324,282.049,41.2872],"tipVelocity":[24.253,40.7992,-77.7617],"tool":false,"touchDistance":0.333333,"touchZone":"none","type":4,"width":16.0532}],"r":[[0.979076,0.0309992,0.201118],[-0.0350372,0.999249,0.016548],[-0.200454,-0.0232484,0.979427]],"s":1.07243,"t":[25.7302,-8.38696,-65.6053],"timestamp":522554951563},false],[4,{"currentFrameRate":108.286,"devices":[],"gestures":[],"hands":[{"armBasis":[[0.988236,0.0523316,-0.143704],[-0.0458138,0.997782,0.0482986],[0.145913,-0.0411468,0.988441]],"armWidth":63.703,"confidence":0.72821,"direction":[0.0987933,0.2744,-0.956527],"elbow":[75.162,306.75,358.87],"grabStrength":0,"id":562,"palmNormal":[0.0696051,-0.960781,-0.268432],"palmPosition":[33.8452,328.216,38.3952],"palmVelocity":[24.7448,43.604,-74.5715],"palmWidth":90.9658,"pinchStrength":0.61284,"r":[[0.979119,0.0302295,0.201027],[-0.0344416,0.999254,0.0174881],[-0.200348,-0.0240466,0.97943]],"s":1.07313,"sphereCenter":[52.3329,288.516,11.1574],"sphereRadius":50.3066,"stabilizedPalmPosition":[9.3537,335.05,100.891],"t":[25.9661,-7.98161,-66.2728],"timeVisible":0.370731,"type":"right","wrist":[35.7761,317.857,92.0621]}],"id":4188060,"interactionBox":{"center":[0,200,0],"size":[235.247,235.247,147.751]},"pointables":[{"bases":[[[0.356469,0.929013,0.0993237],[-0.868579,0.290346,0.401584],[0.344238,-0.229423,0.91042]],[[0.203439,0.947863,-0.245291],[-0.964622,0.236948,0.115588],[0.167683,0.213098,0.962534]],[[0.203439,0.947863,-0.245291],[-0.966613,0.154578,-0.204363],[-0.155791,0.278677,0.947665]],[[0.203439,0.947863,-0.245291],[-0.75506,-0.00760346,-0.655611],[-0.623295,0.318587,0.714147]]],"btipPosition":[19.4238,277.815,-7.85972],"carpPosition":[7.89804,305.403,89.1866],"dipPosition":[4.8403,285.269,8.84944],"direction":[0.155791,-0.278677,-0.947664],"extended":false,"handId":562,"id":5620,"length":52.1025,"mcpPosition":[7.89804,305.403,89.1866],"pipPosition":[-0.470081,294.768,41.152],"stabilizedTipPosition":[-12.8762,281.775,68.9254],"timeVisible":0.370731,"tipPosition":[16.4399,279.934,-3.76875],"tipVelocity":[15.1793,44.8784,-75.3778],"tool":false,"touchDistance":-0.0756445,"touchZone":"touching","type":0,"width":20.2446},{"bases":[[[0.995166,0.0855636,-0.048203],[-0.0791121,0.98928,0.122745],[0.0581888,-0.118338,0.991267]],[[0.991968,0.0659334,0.107948],[-0.0694058,0.997175,0.0287286],[-0.105749,-0.0359901,0.993741]],[[0.991968,0.0659334,0.107948],[-0.0348868,0.962912,-0.267549],[-0.121585,0.261634,0.957478]],[[0.991968,0.0659334,0.107948],[-0.00576492,0.876084,-0.482125],[-0.12636,0.47763,0.869427]]],"btipPosition":[20.9569,323.212,-68.4563],"carpPosition":[15.5983,327.443,85.1207],"dipPosition":[18.7986,331.37,-53.6056],"direction":[0.121585,-0.261634,-0.957478],"extended":true,"handId":562,"id":5621,"length":58.7918,"mcpPosition":[11.3186,336.147,12.213],"pipPosition":[15.8606,337.692,-30.4691],"stabilizedTipPosition":[8.10737,320.487,-37.6218],"timeVisible":0.370731,"tipPosition":[21.1838,324.331,-64.6022],"tipVelocity":[5.16752,59.8843,-80.7821],"tool":false,"touchDistance":-0.248945,"touchZone":"touching","type":1,"width":19.3376},{"bases":[[[0.992686,-0.101121,0.06595],[0.0915682,0.986665,0.134562],[-0.0786776,-0.127538,0.988708]],[[0.992975,-0.10064,0.0622288],[0.0896064,0.296114,-0.95094],[0.0772763,0.949836,0.303052]],[[0.992975,-0.10064,0.0622288],[-0.0192695,-0.65643,-0.754141],[0.116746,0.747644,-0.653757]],[[0.992975,-0.10064,0.0622288],[-0.0677976,-0.914937,-0.397861],[0.0969764,0.390847,-0.915333]]],"btipPosition":[24.1713,264.766,36.3756],"carpPosition":[27.5482,330.238,84.1588],"dipPosition":[25.9932,272.109,19.1793],"direction":[-0.116746,-0.747644,0.653757],"extended":false,"handId":562,"id":5622,"length":66.9886,"mcpPosition":[33.0359,339.134,15.197],"pipPosition":[29.3121,293.364,0.593708],"stabilizedTipPosition":[-2.27843,273.796,94.6663],"timeVisible":0.370731,"tipPosition":[24.6364,266.672,32.0569],"tipVelocity":[15.7021,42.2689,-77.9679],"tool":false,"touchDistance":0.333333,"touchZone":"none","type":2,"width":18.9921},{"bases":[[[0.960542,-0.192877,0.200395],[0.159702,0.972351,0.170379],[-0.227716,-0.131652,0.964786]],[[0.965107,-0.190073,0.180113],[0.223481,0.239399,-0.944852],[0.136472,0.952135,0.273523]],[[0.965107,-0.190073,0.180113],[0.00109685,-0.684893,-0.728643],[0.261853,0.703416,-0.660787]],[[0.965107,-0.190073,0.180113],[-0.107525,-0.91483,-0.389261],[0.238761,0.356312,-0.903347]]],"btipPosition":[36.28,269.573,46.8132],"carpPosition":[39.8273,329.995,84.2751],"dipPosition":[40.7398,276.229,29.9395],"direction":[-0.261853,-0.703416,0.660787],"extended":false,"handId":562,"id":5623,"length":64.4113,"mcpPosition":[54.0876,338.239,23.8569],"pipPosition":[47.9917,295.71,11.6393],"stabilizedTipPosition":[12.7346,277.659,102.367],"timeVisible":0.370731,"tipPosition":[37.3937,271.243,42.6445],"tipVelocity":[16.429,40.8584,-76.5729],"tool":false,"touchDistance":0.333333,"touchZone":"none","type":3,"width":18.0722},{"bases":[[[0.88805,-0.364809,0.279787],[0.286408,0.915038,0.284036],[-0.359635,-0.172105,0.917084]],[[0.898175,-0.359627,0.252882],[0.363761,0.284879,-0.886861],[0.246898,0.888545,0.386689]],[[0.898175,-0.359627,0.252882],[-0.0197779,-0.607677,-0.793938],[0.439192,0.708094,-0.552913]],[[0.898175,-0.359627,0.252882],[-0.200808,-0.847286,-0.491713],[0.391097,0.390864,-0.833228]]],"btipPosition":[48.7025,280.636,44.1983],"carpPosition":[51.9097,322.65,85.861],"dipPosition":[55.442,287.371,29.84],"direction":[-0.439192,-0.708094,0.552913],"extended":false,"handId":562,"id":5624,"length":50.4973,"mcpPosition":[72.7576,332.627,32.6979],"pipPosition":[64.0298,301.217,19.0286],"stabilizedTipPosition":[24.7051,289.152,100.233],"timeVisible":0.370731,"tipPosition":[50.2545,282.374,40.6723],"tipVelocity":[17.9973,39.3129,-74.6072],"tool":false,"touchDistance":0.333333,"touchZone":"none","type":4,"width":16.0532}],"r":[[0.979119,0.0302295,0.201027],[-0.0344416,0.999254,0.0174881],[-0.200348,-0.0240466,0.97943]],"s":1.07313,"t":[25.9661,-7.98161,-66.2728],"timestamp":522554960660},false],[5,{"currentFrameRate":108.459,"devices":[],"gestures":[],"hands":[{"armBasis":[[0.98805,0.0491921,-0.146071],[-0.0424996,0.997914,0.0485912],[0.148156,-0.0418026,0.98808]],"armWidth":63.703,"confidence":0.734782,"direction":[0.100014,0.275589,-0.956058],"elbow":[75.8847,306.708,358.116],"grabStrength":0,"id":562,"palmNormal":[0.0666313,-0.960574,-0.269921],"palmPosition":[34.0148,328.441,37.7541],"palmVelocity":[23.1893,38.6039,-73.8603],"palmWidth":90.9658,"pinchStrength":0.613471,"r":[[0.979158,0.0289245,0.201032],[-0.0333277,0.999272,0.0185526],[-0.200349,-0.0248659,0.979409]],"s":1.07366,"sphereCenter":[52.1505,288.759,10.4351],"sphereRadius":50.215,"stabilizedPalmPosition":[9.38471,335.042,100.812],"t":[26.1689,-7.66651,-66.927],"timeVisible":0.37964,"type":"right","wrist":[35.8932,317.991,91.4053]}],"id":4188061,"interactionBox":{"center":[0,200,0],"size":[235.247,235.247,147.751]},"pointables":[{"bases":[[[0.3594,0.927711,0.100914],[-0.867791,0.292487,0.401733],[0.343176,-0.231955,0.91018]],[[0.206485,0.947573,-0.243863],[-0.964085,0.239583,0.114631],[0.167047,0.211435,0.963011]],[[0.206485,0.947573,-0.243863],[-0.966244,0.15823,-0.20331],[-0.154065,0.277611,0.948259]],[[0.206485,0.947573,-0.243863],[-0.753585,-0.0049548,-0.657332],[-0.624078,0.3195,0.713054]]],"btipPosition":[19.4935,278.141,-8.56456],"carpPosition":[7.97654,305.631,88.5003],"dipPosition":[4.89172,285.617,8.11902],"direction":[0.154065,-0.277611,-0.948259],"extended":false,"handId":562,"id":5620,"length":52.1025,"mcpPosition":[7.97654,305.631,88.5003],"pipPosition":[-0.359812,295.079,40.4419],"stabilizedTipPosition":[-12.8762,281.775,68.9254],"timeVisible":0.37964,"tipPosition":[16.4816,280.259,-4.49034],"tipVelocity":[13.0494,42.7694,-76.575],"tool":false,"touchDistance":-0.0874899,"touchZone":"touching","type":0,"width":20.2446},{"bases":[[[0.995452,0.0824585,-0.047715],[-0.0759948,0.989333,0.124276],[0.0574536,-0.120084,0.9911]],[[0.992302,0.0628165,0.106726],[-0.0662901,0.99737,0.029314],[-0.104603,-0.0361632,0.993856]],[[0.992302,0.0628165,0.106726],[-0.0324462,0.963574,-0.265465],[-0.119514,0.259959,0.958195]],[[0.992302,0.0628165,0.106726],[-0.00403632,0.877752,-0.479098],[-0.123774,0.47498,0.871249]]],"btipPosition":[21.0179,323.643,-69.1462],"carpPosition":[15.7487,327.652,84.4719],"dipPosition":[18.9037,331.756,-54.2644],"direction":[0.119514,-0.259959,-0.958195],"extended":true,"handId":562,"id":5621,"length":58.7918,"mcpPosition":[11.523,336.485,11.5765],"pipPosition":[16.0158,338.038,-31.1106],"stabilizedTipPosition":[8.59217,320.683,-38.7184],"timeVisible":0.37964,"tipPosition":[21.2623,324.792,-65.2956],"tipVelocity":[5.93471,56.4398,-79.6539],"tool":false,"touchDistance":-0.260325,"touchZone":"touching","type":1,"width":19.3376},{"bases":[[[0.992334,-0.104397,0.0661427],[0.094672,0.986155,0.136149],[-0.0794405,-0.128843,0.988478]],[[0.992623,-0.103916,0.0624573],[0.0909112,0.297111,-0.950505],[0.0802158,0.949171,0.304367]],[[0.992623,-0.103916,0.0624573],[-0.0209976,-0.65471,-0.755589],[0.119409,0.748703,-0.652062]],[[0.992623,-0.103916,0.0624573],[-0.0704643,-0.913676,-0.400288],[0.098662,0.392934,-0.914258]]],"btipPosition":[24.135,264.993,35.6197],"carpPosition":[27.7077,330.411,83.5187],"dipPosition":[25.9886,272.375,18.4436],"direction":[-0.119409,-0.748703,0.652062],"extended":false,"handId":562,"id":5622,"length":66.9886,"mcpPosition":[33.2487,339.398,14.5729],"pipPosition":[29.3832,293.659,-0.0937819],"stabilizedTipPosition":[-2.25445,273.789,94.61],"timeVisible":0.37964,"tipPosition":[24.6084,266.914,31.3187],"tipVelocity":[10.5428,37.9611,-79.6977],"tool":false,"touchDistance":0.333333,"touchZone":"none","type":2,"width":18.9921},{"bases":[[[0.959848,-0.196261,0.200432],[0.162747,0.971566,0.171968],[-0.228483,-0.132443,0.964497]],[[0.96443,-0.193439,0.180154],[0.224494,0.239565,-0.944569],[0.139558,0.951415,0.27447]],[[0.96443,-0.193439,0.180154],[-0.000869799,-0.683849,-0.729623],[0.264336,0.703514,-0.659693]],[[0.96443,-0.193439,0.180154],[-0.110254,-0.913787,-0.390944],[0.240246,0.357175,-0.902612]]],"btipPosition":[36.2523,269.77,46.1088],"carpPosition":[39.9859,330.128,83.6388],"dipPosition":[40.7399,276.441,29.2489],"direction":[-0.264336,-0.703514,0.659693],"extended":false,"handId":562,"id":5623,"length":64.4113,"mcpPosition":[54.2943,338.422,23.2389],"pipPosition":[48.0606,295.925,10.9789],"stabilizedTipPosition":[12.7544,277.654,102.319],"timeVisible":0.37964,"tipPosition":[37.3734,271.443,41.9395],"tipVelocity":[11.3064,35.847,-77.1549],"tool":false,"touchDistance":0.333333,"touchZone":"none","type":3,"width":18.0722},{"bases":[[[0.886779,-0.368086,0.279527],[0.289228,0.913669,0.28558],[-0.360513,-0.172399,0.916684]],[[0.896983,-0.362864,0.252488],[0.364783,0.284936,-0.886422],[0.249708,0.88721,0.387949]],[[0.896983,-0.362864,0.252488],[-0.0214078,-0.606143,-0.795068],[0.441546,0.707757,-0.551468]],[[0.896983,-0.362864,0.252488],[-0.203156,-0.845638,-0.493583],[0.392617,0.391441,-0.832241]]],"btipPosition":[48.7165,280.789,43.4882],"carpPosition":[52.0442,322.742,85.2175],"dipPosition":[55.4821,287.534,29.1469],"direction":[-0.441546,-0.707757,0.551468],"extended":false,"handId":562,"id":5624,"length":50.4973,"mcpPosition":[72.9431,332.736,32.0776],"pipPosition":[64.116,301.374,18.3637],"stabilizedTipPosition":[24.7294,289.145,100.176],"timeVisible":0.37964,"tipPosition":[50.2757,282.532,39.9694],"tipVelocity":[13.7078,33.3644,-75.8763],"tool":false,"touchDistance":0.333333,"touchZone":"none","type":4,"width":16.0532}],"r":[[0.979158,0.0289245,0.201032],[-0.0333277,0.999272,0.0185526],[-0.200349,-0.0248659,0.979409]],"s":1.07366,"t":[26.1689,-7.66651,-66.927],"timestamp":522554969569},false],[6,{"currentFrameRate":108.499,"devices":[],"gestures":[],"hands":[{"armBasis":[[0.987775,0.050836,-0.147363],[-0.0441491,0.997857,0.0483003],[0.149503,-0.0412039,0.987902]],"armWidth":63.703,"confidence":0.74457,"direction":[0.100677,0.278932,-0.955019],"elbow":[76.2591,306.847,357.662],"grabStrength":0,"id":562,"palmNormal":[0.0688901,-0.959546,-0.272993],"palmPosition":[34.073,328.591,37.381],"palmVelocity":[18.5074,32.4287,-64.6644],"palmWidth":90.9658,"pinchStrength":0.616915,"r":[[0.979125,0.0281382,0.201304],[-0.0328396,0.999259,0.0200528],[-0.200591,-0.026245,0.979324]],"s":1.07386,"sphereCenter":[51.9592,289.105,9.92747],"sphereRadius":50.054,"stabilizedPalmPosition":[9.41586,335.034,100.732],"t":[26.2994,-7.43393,-67.4407],"timeVisible":0.388783,"type":"right","wrist":[35.9041,317.969,90.9999]}],"id":4188062,"interactionBox":{"center":[0,200,0],"size":[235.247,235.247,147.751]},"pointables":[{"bases":[[[0.35742,0.928088,0.104422],[-0.868882,0.289435,0.401585],[0.342483,-0.234265,0.909849]],[[0.204606,0.948696,-0.241065],[-0.965114,0.236627,0.112083],[0.163375,0.209722,0.964015]],[[0.204606,0.948696,-0.241065],[-0.96653,0.156868,-0.203008],[-0.154778,0.274533,0.949039]],[[0.204606,0.948696,-0.241065],[-0.74673,-0.00794965,-0.66508],[-0.632875,0.316089,0.706793]]],"btipPosition":[19.9462,278.343,-8.97644],"carpPosition":[8.01593,305.562,88.0186],"dipPosition":[5.13862,285.738,7.56066],"direction":[0.154778,-0.274533,-0.949039],"extended":false,"handId":562,"id":5620,"length":52.1025,"mcpPosition":[8.01593,305.562,88.0186],"pipPosition":[-0.137206,295.096,39.9101],"stabilizedTipPosition":[-12.8762,281.775,68.9254],"timeVisible":0.388783,"tipPosition":[16.7869,280.445,-4.98796],"tipVelocity":[21.7561,36.446,-68.8276],"tool":false,"touchDistance":-0.0949161,"touchZone":"touching","type":0,"width":20.2446},{"bases":[[[0.995345,0.0845968,-0.0461741],[-0.0781261,0.988766,0.127431],[0.0564356,-0.12323,0.990772]],[[0.992209,0.0646755,0.106478],[-0.0683576,0.99717,0.0312984],[-0.104152,-0.0383332,0.993822]],[[0.992209,0.0646755,0.106478],[-0.0347289,0.964398,-0.262163],[-0.119643,0.256423,0.959131]],[[0.992209,0.0646755,0.106478],[-0.00637886,0.87994,-0.475041],[-0.124418,0.470661,0.873498]]],"btipPosition":[21.0881,324.087,-69.581],"carpPosition":[15.7492,327.612,84.0725],"dipPosition":[18.9629,332.126,-54.6608],"direction":[0.119643,-0.256423,-0.959131],"extended":true,"handId":562,"id":5621,"length":58.7918,"mcpPosition":[11.5984,336.676,11.2013],"pipPosition":[16.0718,338.322,-31.4843],"stabilizedTipPosition":[9.037,320.877,-39.7346],"timeVisible":0.388783,"tipPosition":[21.3399,325.272,-65.7348],"tipVelocity":[6.34164,53.7239,-70.4532],"tool":false,"touchDistance":-0.267424,"touchZone":"touching","type":1,"width":19.3376},{"bases":[[[0.992455,-0.102638,0.0670646],[0.0925315,0.985888,0.139511],[-0.0804373,-0.132253,0.987947]],[[0.992745,-0.102149,0.0634192],[0.0915151,0.299846,-0.949588],[0.0779839,0.948503,0.307019]],[[0.992745,-0.102149,0.0634192],[-0.0186921,-0.652166,-0.757846],[0.118773,0.751162,-0.649344]],[[0.992745,-0.102149,0.0634192],[-0.0680632,-0.912255,-0.403929],[0.0991156,0.396682,-0.912589]]],"btipPosition":[24.3179,265.109,35.0453],"carpPosition":[27.7039,330.398,83.1436],"dipPosition":[26.18,272.562,17.9005],"direction":[-0.118773,-0.751162,0.649344],"extended":false,"handId":562,"id":5622,"length":66.9886,"mcpPosition":[33.3144,339.622,14.2349],"pipPosition":[29.5565,293.916,-0.559575],"stabilizedTipPosition":[-2.2319,273.784,94.557],"timeVisible":0.388783,"tipPosition":[24.7938,267.05,30.7525],"tipVelocity":[13.2337,31.4401,-74.783],"tool":false,"touchDistance":0.333333,"touchZone":"none","type":2,"width":18.9921},{"bases":[[[0.959983,-0.195008,0.201009],[0.16059,0.971317,0.175369],[-0.229442,-0.136071,0.963764]],[[0.964565,-0.192124,0.18084],[0.225148,0.242007,-0.943791],[0.13756,0.951063,0.276688]],[[0.964565,-0.192124,0.18084],[0.00139839,-0.681667,-0.731662],[0.263842,0.705988,-0.657243]],[[0.964565,-0.192124,0.18084],[-0.107827,-0.912588,-0.394406],[0.240807,0.360931,-0.900967]]],"btipPosition":[36.4014,269.885,45.5967],"carpPosition":[39.9825,330.139,83.2786],"dipPosition":[40.8994,276.627,28.7676],"direction":[-0.263842,-0.705988,0.657243],"extended":false,"handId":562,"id":5623,"length":64.4113,"mcpPosition":[54.3509,338.661,22.9245],"pipPosition":[48.2064,296.179,10.5655],"stabilizedTipPosition":[12.7731,277.649,102.273],"timeVisible":0.388783,"tipPosition":[37.5278,271.575,41.4249],"tipVelocity":[12.7705,29.8683,-71.0536],"tool":false,"touchDistance":0.333333,"touchZone":"none","type":3,"width":18.0722},{"bases":[[[0.887157,-0.367237,0.279446],[0.287042,0.913299,0.288951],[-0.361331,-0.176132,0.915651]],[[0.89752,-0.361831,0.252064],[0.364679,0.287652,-0.885588],[0.247926,0.886755,0.390126]],[[0.89752,-0.361831,0.252064],[-0.0195057,-0.603623,-0.797031],[0.440543,0.710434,-0.548822]],[[0.89752,-0.361831,0.252064],[-0.20072,-0.844169,-0.497082],[0.392645,0.395547,-0.830285]]],"btipPosition":[48.8553,280.928,43.0165],"carpPosition":[52.0535,322.772,84.8483],"dipPosition":[55.6215,287.744,28.7088],"direction":[-0.440543,-0.710434,0.548822],"extended":false,"handId":562,"id":5624,"length":50.4973,"mcpPosition":[72.9998,332.982,31.7683],"pipPosition":[64.2357,301.636,17.9774],"stabilizedTipPosition":[24.7521,289.139,100.122],"timeVisible":0.388783,"tipPosition":[50.4177,282.69,39.4972],"tipVelocity":[14.1227,28.8114,-68.8842],"tool":false,"touchDistance":0.333333,"touchZone":"none","type":4,"width":16.0532}],"r":[[0.979125,0.0281382,0.201304],[-0.0328396,0.999259,0.0200528],[-0.200591,-0.026245,0.979324]],"s":1.07386,"t":[26.2994,-7.43393,-67.4407],"timestamp":522554978712},false],[7,{"curr