{"sensorType":"Leap","data":[[0,{"currentFrameRate":101.865,"devices":[],"gestures":[],"hands":[{"armBasis":[[0.992258,-0.0616285,-0.107821],[0.0611367,0.998098,-0.0078645],[0.1081,0.00121182,0.994139]],"armWidth":63.703,"confidence":0.696299,"direction":[0.162058,0.51145,-0.843894],"elbow":[61.942,323.359,358.715],"grabStrength":0,"id":564,"palmNormal":[0.0285596,-0.857271,-0.514073],"palmPosition":[34.1181,347.392,41.4202],"palmVelocity":[21.9656,-15.4085,-157.818],"palmWidth":90.9658,"pinchStrength":0.906832,"r":[[0.989818,0.0960754,0.105019],[-0.100724,0.994115,0.0398816],[-0.100569,-0.0500534,0.99367]],"s":1.15225,"sphereCenter":[32.2641,316.822,2.53438],"sphereRadius":44.5594,"stabilizedPalmPosition":[19.1602,334.072,162.497],"t":[15.206,14.0978,-122.168],"timeVisible":0.406808,"type":"right","wrist":[32.7627,323.032,90.3686]}],"id":4188735,"interactionBox":{"center":[0,200,0],"size":[235.247,235.247,147.751]},"pointables":[{"bases":[[[0.40299,0.842741,0.356912],[-0.869841,0.231433,0.435679],[0.284563,-0.48603,0.826316]],[[0.225986,0.971952,-0.0651166],[-0.971897,0.229488,0.0524515],[0.0659238,0.0514333,0.996498]],[[0.225986,0.971952,-0.0651166],[-0.970489,0.218863,-0.101241],[-0.0841501,0.0860741,0.992729]],[[0.225986,0.971952,-0.0651166],[-0.882029,0.17579,-0.437176],[-0.413468,0.156231,0.897015]]],"btipPosition":[13.6573,304.558,-21.2267],"carpPosition":[4.40474,313.714,83.3293],"dipPosition":[3.98325,308.213,-0.238932],"direction":[0.0841501,-0.0860741,-0.992729],"extended":false,"handId":564,"id":5640,"length":52.1025,"mcpPosition":[4.40474,313.714,83.3293],"pipPosition":[1.11486,311.147,33.5997],"stabilizedTipPosition":[-15.9646,294.283,109.864],"timeVisible":0.406808,"tipPosition":[11.6041,305.332,-16.4549],"tipVelocity":[35.655,11.1723,-179.627],"tool":false,"touchDistance":-0.507283,"touchZone":"hovering","type":0,"width":20.2446},{"bases":[[[0.999575,0.0275056,0.00966355],[-0.0291123,0.924053,0.381155],[0.00155425,-0.381274,0.924461]],[[0.997107,0.0536326,-0.0538659],[-0.0529455,0.998498,0.0141036],[0.0545414,-0.0112108,0.998449]],[[0.997107,0.0536326,-0.0538659],[-0.0626966,0.980949,-0.183871],[0.0429782,0.186716,0.981473]],[[0.997107,0.0536326,-0.0538659],[-0.0680834,0.945268,-0.319112],[0.033803,0.321856,0.946185]]],"btipPosition":[9.46054,353.981,-65.1677],"carpPosition":[13.5334,335.466,85.5888],"dipPosition":[10.0379,359.478,-49.0059],"direction":[-0.0429782,-0.186716,-0.981473],"extended":true,"handId":564,"id":5641,"length":58.7918,"mcpPosition":[13.4191,363.509,17.5947],"pipPosition":[11.0765,363.99,-25.2896],"stabilizedTipPosition":[-15.5664,334.935,62.8193],"timeVisible":0.406808,"tipPosition":[9.72548,355.432,-61.5135],"tipVelocity":[37.7502,-4.77831,-153.648],"tool":false,"touchDistance":-0.498616,"touchZone":"hovering","type":1,"width":19.3376},{"bases":[[[0.980814,-0.182193,0.0693526],[0.140338,0.906805,0.397505],[-0.135312,-0.380146,0.914975]],[[0.977773,-0.190094,0.0884503],[0.181753,0.558179,-0.809569],[0.104523,0.807651,0.580323]],[[0.977773,-0.190094,0.0884503],[0.0907596,0.00345917,-0.995867],[0.189002,0.98176,0.0206352]],[[0.977773,-0.190094,0.0884503],[0.0373574,-0.25716,-0.965646],[0.20631,0.947488,-0.244343]]],"btipPosition":[20.8075,279.483,-1.96881],"carpPosition":[25.6553,337.598,85.8107],"dipPosition":[24.6834,297.284,-6.55928],"direction":[-0.189002,-0.98176,-0.0206352],"extended":false,"handId":564,"id":5642,"length":66.9886,"mcpPosition":[35.0933,364.113,21.9917],"pipPosition":[30.0565,325.194,-5.97265],"stabilizedTipPosition":[-2.36544,281.362,99.4089],"timeVisible":0.406808,"tipPosition":[22.0004,284.391,-4.75258],"tipVelocity":[25.1324,-20.8018,-118.916],"tool":false,"touchDistance":-0.407566,"touchZone":"touching","type":2,"width":18.9921},{"bases":[[[0.936823,-0.303986,0.173079],[0.205669,0.87889,0.430409],[-0.282955,-0.36762,0.885885]],[[0.944131,-0.293934,0.14906],[0.278418,0.469336,-0.837978],[0.176351,0.832663,0.524951]],[[0.944131,-0.293934,0.14906],[0.129197,-0.0859889,-0.987884],[0.30319,0.95195,-0.0432094]],[[0.944131,-0.293934,0.14906],[0.049047,-0.321937,-0.94549],[0.3259,0.899977,-0.289534]]],"btipPosition":[33.2379,279.153,13.9451],"carpPosition":[37.8797,336.499,86.2656],"dipPosition":[39.3254,295.964,8.53692],"direction":[-0.30319,-0.95195,0.0432094],"extended":false,"handId":564,"id":5643,"length":64.4113,"mcpPosition":[55.5993,359.521,30.7886],"pipPosition":[47.7221,322.328,7.34025],"stabilizedTipPosition":[15.0037,281.583,95.8422],"timeVisible":0.406808,"tipPosition":[35.1039,283.604,10.936],"tipVelocity":[20.6649,-13.2997,-130.633],"tool":false,"touchDistance":0.333333,"touchZone":"none","type":3,"width":18.0722},{"bases":[[[0.850831,-0.485502,0.200936],[0.323064,0.784956,0.528653],[-0.414388,-0.384879,0.824712]],[[0.818399,-0.512238,0.260452],[0.50872,0.435023,-0.74294],[0.267259,0.740519,0.616607]],[[0.818399,-0.512238,0.260452],[0.263973,-0.067476,-0.962167],[0.510433,0.856189,0.0799945]],[[0.818399,-0.512238,0.260452],[0.125659,-0.282744,-0.950929],[0.560743,0.810967,-0.16703]]],"btipPosition":[44.3633,293.612,17.931],"carpPosition":[49.4325,328.194,86.2222],"dipPosition":[54.0261,307.587,15.0527],"direction":[-0.510433,-0.856189,-0.0799945],"extended":false,"handId":564,"id":5644,"length":50.4973,"mcpPosition":[73.4545,350.505,38.4138],"pipPosition":[64.0069,324.328,16.6168],"stabilizedTipPosition":[30.3122,284.782,126.392],"timeVisible":0.406808,"tipPosition":[47.2802,297.259,16.0137],"tipVelocity":[21.7444,-7.30543,-157.743],"tool":false,"touchDistance":-0.415431,"touchZone":"hovering","type":4,"width":16.0532}],"r":[[0.989818,0.0960754,0.105019],[-0.100724,0.994115,0.0398816],[-0.100569,-0.0500534,0.99367]],"s":1.15225,"t":[15.206,14.0978,-122.168],"timestamp":522561705205},false],[1,{"currentFrameRate":102.296,"devices":[],"gestures":[],"hands":[{"armBasis":[[0.992077,-0.06203,-0.109247],[0.0615337,0.998074,-0.00791209],[0.109527,0.00112703,0.993983]],"armWidth":63.703,"confidence":0.708919,"direction":[0.162052,0.512025,-0.843546],"elbow":[62.5028,323.266,357.789],"grabStrength":0,"id":564,"palmNormal":[0.0282291,-0.8569,-0.514709],"palmPosition":[34.2918,347.357,40.5545],"palmVelocity":[21.2662,-12.264,-141.118],"palmWidth":90.9658,"pinchStrength":0.901489,"r":[[0.989551,0.0966208,0.107017],[-0.101705,0.99388,0.0431039],[-0.102197,-0.0535377,0.993322]],"s":1.15276,"sphereCenter":[32.8286,316.642,1.70459],"sphereRadius":44.5425,"stabilizedPalmPosition":[19.1602,334.072,162.497],"t":[15.3835,14.0194,-123.225],"timeVisible":0.415759,"type":"right","wrist":[32.9383,322.962,89.4852]}],"id":4188736,"interactionBox":{"center":[0,200,0],"size":[235.247,235.247,147.751]},"pointables":[{"bases":[[[0.403289,0.842366,0.35746],[-0.869699,0.231356,0.436002],[0.284573,-0.486718,0.825908]],[[0.22645,0.971916,-0.0640263],[-0.971736,0.229931,0.0534918],[0.0667112,0.0501034,0.996514]],[[0.22645,0.971916,-0.0640263],[-0.970329,0.219383,-0.101649],[-0.0847482,0.085145,0.992758]],[[0.22645,0.971916,-0.0640263],[-0.8813,0.176458,-0.438376],[-0.414767,0.155696,0.896508]]],"btipPosition":[13.8405,304.611,-22.1019],"carpPosition":[4.57642,313.657,82.444],"dipPosition":[4.13602,308.254,-1.12596],"direction":[0.0847482,-0.085145,-0.992758],"extended":false,"handId":564,"id":5640,"length":52.1025,"mcpPosition":[4.57642,313.657,82.444],"pipPosition":[1.24725,311.156,32.7137],"stabilizedTipPosition":[-15.9641,294.283,109.861],"timeVisible":0.415759,"tipPosition":[11.7654,305.37,-17.3363],"tipVelocity":[31.2894,9.65161,-157.339],"tool":false,"touchDistance":-0.498056,"touchZone":"hovering","type":0,"width":20.2446},{"bases":[[[0.999584,0.0272189,0.0095073],[-0.0287865,0.92378,0.38184],[0.0016106,-0.381955,0.92418]],[[0.997028,0.053844,-0.0550991],[-0.0533912,0.998527,0.00965818],[0.055538,-0.00668767,0.998434]],[[0.997028,0.053844,-0.0550991],[-0.0635253,0.979222,-0.192586],[0.0435847,0.195514,0.979732]],[[0.997028,0.053844,-0.0550991],[-0.0690852,0.941393,-0.330161],[0.0340928,0.332986,0.942315]]],"btipPosition":[9.57215,353.372,-65.9091],"carpPosition":[13.7115,335.404,84.7179],"dipPosition":[10.1545,359.06,-49.8134],"direction":[-0.0435847,-0.195514,-0.979732],"extended":true,"handId":564,"id":5641,"length":58.7918,"mcpPosition":[13.5931,363.497,16.7445],"pipPosition":[11.2077,363.784,-26.1392],"stabilizedTipPosition":[-15.5645,334.936,62.8099],"timeVisible":0.415759,"tipPosition":[9.84134,355.063,-62.2896],"tipVelocity":[30.8753,-20.7199,-134.756],"tool":false,"touchDistance":-0.488437,"touchZone":"hovering","type":1,"width":19.3376},{"bases":[[[0.980775,-0.182518,0.0690453],[0.140662,0.906473,0.398148],[-0.135257,-0.380781,0.914719]],[[0.977734,-0.190437,0.0881487],[0.181326,0.555247,-0.811678],[0.105629,0.809589,0.577415]],[[0.977734,-0.190437,0.0881487],[0.0900015,0.00108487,-0.995941],[0.189569,0.981699,0.0182003]],[[0.977734,-0.190437,0.0881487],[0.0367217,-0.258309,-0.965364],[0.206611,0.947106,-0.245564]]],"btipPosition":[20.9074,279.378,-2.59014],"carpPosition":[25.8341,337.533,84.9392],"dipPosition":[24.789,297.171,-7.20354],"direction":[-0.189569,-0.981699,-0.0182003],"extended":false,"handId":564,"id":5642,"length":66.9886,"mcpPosition":[35.2682,364.092,21.1381],"pipPosition":[30.1782,325.08,-6.68613],"stabilizedTipPosition":[-2.3623,281.363,99.3955],"timeVisible":0.415759,"tipPosition":[22.0923,284.254,-5.32834],"tipVelocity":[21.3539,-18.3848,-105.548],"tool":false,"touchDistance":-0.404541,"touchZone":"touching","type":2,"width":18.9921},{"bases":[[[0.936768,-0.304375,0.172689],[0.205991,0.878516,0.431019],[-0.282902,-0.368193,0.885664]],[[0.944078,-0.294303,0.148667],[0.278164,0.468812,-0.838356],[0.177034,0.832827,0.524459]],[[0.944078,-0.294303,0.148667],[0.12839,-0.0871755,-0.987885],[0.303698,0.951728,-0.0445151]],[[0.944078,-0.294303,0.148667],[0.0481096,-0.323108,-0.945139],[0.326193,0.899437,-0.29088]]],"btipPosition":[33.363,279.129,13.1678],"carpPosition":[38.0582,336.43,85.3912],"dipPosition":[39.456,295.93,7.73445],"direction":[-0.303698,-0.951728,0.0445151],"extended":false,"handId":564,"id":5643,"length":64.4113,"mcpPosition":[55.7745,359.488,29.928],"pipPosition":[47.8668,322.287,6.50162],"stabilizedTipPosition":[15.0051,281.583,95.8365],"timeVisible":0.415759,"tipPosition":[35.2118,283.549,10.209],"tipVelocity":[18.8776,-10.4759,-118.841],"tool":false,"touchDistance":0.333333,"touchZone":"none","type":3,"width":18.0722},{"bases":[[[0.85073,-0.485888,0.200428],[0.323377,0.784476,0.529174],[-0.41435,-0.38537,0.824502]],[[0.818611,-0.512431,0.259405],[0.507031,0.432588,-0.745511],[0.269807,0.74181,0.61394]],[[0.818611,-0.512431,0.259405],[0.260481,-0.071295,-0.962843],[0.511885,0.855764,0.0751159]],[[0.818611,-0.512431,0.259405],[0.122005,-0.286198,-0.950371],[0.561241,0.809633,-0.171765]]],"btipPosition":[44.4103,293.554,17.3319],"carpPosition":[49.6088,328.122,85.3396],"dipPosition":[54.0817,307.506,14.372],"direction":[-0.511885,-0.855764,-0.0751159],"extended":false,"handId":564,"id":5644,"length":50.4973,"mcpPosition":[73.6285,350.462,37.5434],"pipPosition":[64.0909,324.239,15.8408],"stabilizedTipPosition":[30.3123,284.782,126.391],"timeVisible":0.415759,"tipPosition":[47.3164,297.181,15.389],"tipVelocity":[17.2967,-7.24337,-133.496],"tool":false,"touchDistance":-0.411489,"touchZone":"touching","type":4,"width":16.0532}],"r":[[0.989551,0.0966208,0.107017],[-0.101705,0.99388,0.0431039],[-0.102197,-0.0535377,0.993322]],"s":1.15276,"t":[15.3835,14.0194,-123.225],"timestamp":522561714156},false],[2,{"currentFrameRate":102.569,"devices":[],"gestures":[],"hands":[{"armBasis":[[0.992175,-0.0619184,-0.108416],[0.0613673,0.99808,-0.00841569],[0.108729,0.00169664,0.99407]],"armWidth":63.703,"confidence":0.712941,"direction":[0.162872,0.512272,-0.843238],"elbow":[62.3627,323.377,357.219],"grabStrength":0,"id":564,"palmNormal":[0.0290821,-0.856771,-0.514876],"palmPosition":[34.4163,347.326,39.9686],"palmVelocity":[19.0846,-9.76577,-119.341],"palmWidth":90.9658,"pinchStrength":0.897352,"r":[[0.989304,0.0971061,0.10885],[-0.102564,0.993676,0.0457029],[-0.103723,-0.0563781,0.993007]],"s":1.15226,"sphereCenter":[33.3824,316.453,1.16707],"sphereRadius":44.5191,"stabilizedPalmPosition":[19.1603,334.072,162.497],"t":[15.5345,13.9647,-124.047],"timeVisible":0.424989,"type":"right","wrist":[33.0136,322.919,88.8919]}],"id":4188737,"interactionBox":{"center":[0,200,0],"size":[235.247,235.247,147.751]},"pointables":[{"bases":[[[0.402621,0.842403,0.358123],[-0.870272,0.230991,0.435052],[0.283766,-0.486826,0.826122]],[[0.226519,0.971971,-0.0629427],[-0.971759,0.229912,0.0531462],[0.0661278,0.0491265,0.996601]],[[0.226519,0.971971,-0.0629427],[-0.970146,0.219401,-0.103347],[-0.0866401,0.0844736,0.992652]],[[0.226519,0.971971,-0.0629427],[-0.87993,0.176504,-0.441101],[-0.417628,0.155303,0.895247]]],"btipPosition":[14.0873,304.642,-22.7013],"carpPosition":[4.66274,313.607,81.8158],"dipPosition":[4.31594,308.276,-1.7549],"direction":[0.0866401,-0.0844736,-0.992652],"extended":false,"handId":564,"id":5640,"length":52.1025,"mcpPosition":[4.66274,313.607,81.8158],"pipPosition":[1.36268,311.155,32.0811],"stabilizedTipPosition":[-15.9636,294.284,109.859],"timeVisible":0.424989,"tipPosition":[11.9806,305.381,-17.9456],"tipVelocity":[29.5471,7.82368,-131.628],"tool":false,"touchDistance":-0.485677,"touchZone":"hovering","type":0,"width":20.2446},{"bases":[[[0.999564,0.0275181,0.0106681],[-0.0295063,0.923682,0.382023],[0.000658658,-0.382171,0.924091]],[[0.996984,0.0546391,-0.0551062],[-0.0544915,0.998505,0.00417909],[0.0552522,-0.00116367,0.998472]],[[0.996984,0.0546391,-0.0551062],[-0.064695,0.977376,-0.201374],[0.0428566,0.204332,0.977963]],[[0.996984,0.0546391,-0.0551062],[-0.0702101,0.937578,-0.340613],[0.0330556,0.343455,0.938587]]],"btipPosition":[9.76687,352.711,-66.4104],"carpPosition":[13.7887,335.357,84.1054],"dipPosition":[10.3315,358.578,-50.3783],"direction":[-0.0428566,-0.204332,-0.977963],"extended":true,"handId":564,"id":5641,"length":58.7918,"mcpPosition":[13.7402,363.465,16.1384],"pipPosition":[11.3671,363.515,-26.7469],"stabilizedTipPosition":[-15.5622,334.938,62.7985],"timeVisible":0.424989,"tipPosition":[10.0359,354.612,-62.8222],"tipVelocity":[28.0086,-33.7407,-112.634],"tool":false,"touchDistance":-0.475665,"touchZone":"touching","type":1,"width":19.3376},{"bases":[[[0.98075,-0.182239,0.0701351],[0.139928,0.906422,0.398522],[-0.136198,-0.381037,0.914473]],[[0.977682,-0.19018,0.0892741],[0.181858,0.553326,-0.81287],[0.105194,0.810964,0.575562]],[[0.977682,-0.19018,0.0892741],[0.0906501,-0.00146964,-0.995882],[0.189528,0.981748,0.015803]],[[0.977682,-0.19018,0.0892741],[0.0374277,-0.260467,-0.964757],[0.20673,0.946567,-0.247535]]],"btipPosition":[21.0691,279.294,-2.97652],"carpPosition":[25.9103,337.489,84.3412],"dipPosition":[24.953,297.078,-7.62696],"direction":[-0.189528,-0.981748,-0.015803],"extended":false,"handId":564,"id":5642,"length":66.9886,"mcpPosition":[35.4101,364.066,20.5572],"pipPosition":[30.341,324.988,-7.1777],"stabilizedTipPosition":[-2.35944,281.363,99.3833],"timeVisible":0.424989,"tipPosition":[22.2473,284.136,-5.68232],"tipVelocity":[20.2957,-15.8416,-87.9421],"tool":false,"touchDistance":0.333333,"touchZone":"none","type":2,"width":18.9921},{"bases":[[[0.93666,-0.304133,0.1737],[0.205228,0.878477,0.431463],[-0.283813,-0.368486,0.88525]],[[0.943996,-0.294051,0.149684],[0.278992,0.469124,-0.837906],[0.176167,0.83274,0.524889]],[[0.943996,-0.294051,0.149684],[0.129546,-0.0869248,-0.987756],[0.303462,0.951829,-0.0439636]],[[0.943996,-0.294051,0.149684],[0.0492779,-0.322917,-0.945143],[0.326256,0.899588,-0.290343]]],"btipPosition":[33.5402,279.105,12.565],"carpPosition":[38.1343,336.39,84.807],"dipPosition":[39.6343,295.909,7.1417],"direction":[-0.303462,-0.951829,0.0439636],"extended":false,"handId":564,"id":5643,"length":64.4113,"mcpPosition":[55.9076,359.466,29.3697],"pipPosition":[48.0386,322.269,5.92414],"stabilizedTipPosition":[15.0062,281.583,95.8318],"timeVisible":0.424989,"tipPosition":[35.3884,283.523,9.61864],"tipVelocity":[18.9743,-8.23907,-103.755],"tool":false,"touchDistance":0.333333,"touchZone":"none","type":3,"width":18.0722},{"bases":[[[0.850645,-0.485678,0.201296],[0.322528,0.784449,0.529731],[-0.415186,-0.385689,0.823933]],[[0.818634,-0.512121,0.259944],[0.50728,0.432568,-0.745353],[0.269267,0.742036,0.613904]],[[0.818634,-0.512121,0.259944],[0.260821,-0.0717324,-0.962718],[0.511675,0.855913,0.0748492]],[[0.818634,-0.512121,0.259944],[0.122372,-0.28668,-0.950179],[0.561127,0.809659,-0.172016]]],"btipPosition":[44.5625,293.524,16.8029],"carpPosition":[49.6874,328.085,84.7668],"dipPosition":[54.2319,307.476,13.8387],"direction":[-0.511675,-0.855913,-0.0748492],"extended":false,"handId":564,"id":5644,"length":50.4973,"mcpPosition":[73.7556,350.443,37.0036],"pipPosition":[64.237,324.212,15.3023],"stabilizedTipPosition":[30.3124,284.782,126.391],"timeVisible":0.424989,"tipPosition":[47.4491,297.139,14.8886],"tipVelocity":[17.0559,-6.11296,-112.155],"tool":false,"touchDistance":-0.406623,"touchZone":"touching","type":4,"width":16.0532}],"r":[[0.989304,0.0971061,0.10885],[-0.102564,0.993676,0.0457029],[-0.103723,-0.0563781,0.993007]],"s":1.15226,"t":[15.5345,13.9647,-124.047],"timestamp":522561723386},false],[3,{"currentFrameRate":103.019,"devices":[],"gestures":[],"hands":[{"armBasis":[[0.992038,-0.0651505,-0.107774],[0.0642567,0.997864,-0.0117493],[0.10831,0.00473057,0.994106]],"armWidth":63.703,"confidence":0.718151,"direction":[0.164185,0.511105,-0.843691],"elbow":[62.3193,324.077,356.218],"grabStrength":0,"id":564,"palmNormal":[0.0269432,-0.857303,-0.514107],"palmPosition":[34.549,347.159,38.9355],"palmVelocity":[17.9777,-12.2208,-118.626],"palmWidth":90.9658,"pinchStrength":0.889418,"r":[[0.989152,0.0970123,0.110306],[-0.102754,0.993567,0.0476018],[-0.104978,-0.0584197,0.992757]],"s":1.15136,"sphereCenter":[33.7098,316.133,0.215133],"sphereRadius":44.4957,"stabilizedPalmPosition":[19.1603,334.072,162.496],"t":[15.6764,13.854,-124.974],"timeVisible":0.433841,"type":"right","wrist":[33.0835,322.8,87.8807]}],"id":4188738,"interactionBox":{"center":[0,200,0],"size":[235.247,235.247,147.751]},"pointables":[{"bases":[[[0.404728,0.841709,0.357381],[-0.869701,0.233569,0.434816],[0.282515,-0.486797,0.826568]],[[0.229526,0.971284,-0.0626543],[-0.971031,0.23291,0.0533973],[0.0664568,0.0485832,0.996606]],[[0.229526,0.971284,-0.0626543],[-0.969319,0.222294,-0.104905],[-0.0879649,0.0848104,0.992507]],[[0.229526,0.971284,-0.0626543],[-0.877447,0.178634,-0.445171],[-0.421195,0.157154,0.893251]]],"btipPosition":[14.2463,304.56,-23.6537],"carpPosition":[4.7095,313.553,80.812],"dipPosition":[4.39144,308.237,-2.75398],"direction":[0.0879649,-0.0848104,-0.992507],"extended":false,"handId":564,"id":5640,"length":52.1025,"mcpPosition":[4.7095,313.553,80.812],"pipPosition":[1.39302,311.128,31.0771],"stabilizedTipPosition":[-15.9632,294.284,109.857],"timeVisible":0.433841,"tipPosition":[12.0705,305.28,-18.9161],"tipVelocity":[25.8221,3.50476,-125.448],"tool":false,"touchDistance":-0.47989,"touchZone":"touching","type":0,"width":20.2446},{"bases":[[[0.99963,0.0250139,0.0106763],[-0.027195,0.924095,0.381194],[-0.000330832,-0.381343,0.924434]],[[0.997043,0.0524903,-0.0561171],[-0.0526285,0.998614,-0.000985716],[0.0559875,0.00393616,0.998424]],[[0.997043,0.0524903,-0.0561171],[-0.0631481,0.975832,-0.2092],[0.0437798,0.212125,0.976261]],[[0.997043,0.0524903,-0.0561171],[-0.0688725,0.93431,-0.349744],[0.0340726,0.352575,0.935163]]],"btipPosition":[9.86974,352.012,-67.3569],"carpPosition":[13.89,335.281,83.0824],"dipPosition":[10.4517,358.034,-51.3833],"direction":[-0.0437798,-0.212125,-0.976261],"extended":true,"handId":564,"id":5641,"length":58.7918,"mcpPosition":[13.9143,363.329,15.0903],"pipPosition":[11.5096,363.16,-27.793],"stabilizedTipPosition":[-15.5592,334.94,62.7836],"timeVisible":0.433841,"tipPosition":[10.1477,354.059,-63.7958],"tipVelocity":[23.694,-44.8979,-111.5],"tool":false,"touchDistance":-0.470831,"touchZone":"touching","type":1,"width":19.3376},{"bases":[[[0.980286,-0.184642,0.0703309],[0.142195,0.906424,0.397714],[-0.137184,-0.379873,0.91481]],[[0.977212,-0.192525,0.0893962],[0.182595,0.547665,-0.816531],[0.108243,0.814246,0.570339]],[[0.977212,-0.192525,0.0893962],[0.0894011,-0.00867986,-0.995958],[0.192522,0.981254,0.00872985]],[[0.977212,-0.192525,0.0893962],[0.0355513,-0.266756,-0.963108],[0.209269,0.944339,-0.253832]]],"btipPosition":[20.9648,279.005,-3.45343],"carpPosition":[26.017,337.383,83.3167],"dipPosition":[24.8964,296.747,-8.22217],"direction":[-0.192522,-0.981254,-0.00872985],"extended":false,"handId":564,"id":5642,"length":66.9886,"mcpPosition":[35.5855,363.879,19.5092],"pipPosition":[30.3696,324.643,-7.97399],"stabilizedTipPosition":[-2.35697,281.363,99.3727],"timeVisible":0.433841,"tipPosition":[22.1519,283.81,-6.19192],"tipVelocity":[11.9458,-20.6845,-79.5511],"tool":false,"touchDistance":0.333333,"touchZone":"none","type":2,"width":18.9921},{"bases":[[[0.935887,-0.306332,0.174003],[0.207423,0.878344,0.430682],[-0.284766,-0.366977,0.885571]],[[0.94326,-0.296273,0.149939],[0.280153,0.467675,-0.838328],[0.178252,0.832768,0.524141]],[[0.94326,-0.296273,0.149939],[0.129259,-0.0883139,-0.98767],[0.305862,0.951011,-0.045007]],[[0.94326,-0.296273,0.149939],[0.0483733,-0.324126,-0.944776],[0.328511,0.898423,-0.291404]]],"btipPosition":[33.502,278.918,11.604],"carpPosition":[38.2381,336.254,83.7839],"dipPosition":[39.6383,295.7,6.16082],"direction":[-0.305862,-0.951011,0.045007],"extended":false,"handId":564,"id":5643,"length":64.4113,"mcpPosition":[56.0711,359.235,28.3265],"pipPosition":[48.109,322.038,4.91437],"stabilizedTipPosition":[15.007,281.583,95.8283],"timeVisible":0.433841,"tipPosition":[35.3553,283.32,8.67218],"tipVelocity":[12.9659,-11.8858,-105.198],"tool":false,"touchDistance":0.333333,"touchZone":"none","type":3,"width":18.0722},{"bases":[[[0.849414,-0.487635,0.20176],[0.324484,0.784111,0.529038],[-0.41618,-0.383904,0.824265]],[[0.817442,-0.513866,0.260248],[0.507931,0.429984,-0.746405],[0.27165,0.742331,0.612496]],[[0.817442,-0.513866,0.260248],[0.259883,-0.0741898,-0.962786],[0.514051,0.854656,0.0728994]],[[0.817442,-0.513866,0.260248],[0.120908,-0.288672,-0.949763],[0.563178,0.807843,-0.173843]]],"btipPosition":[44.537,293.301,15.8878],"carpPosition":[49.7703,327.92,83.7515],"dipPosition":[54.2418,307.222,12.8921],"direction":[-0.514051,-0.854656,-0.0728994],"extended":false,"handId":564,"id":5644,"length":50.4973,"mcpPosition":[73.8961,350.175,35.9691],"pipPosition":[64.2934,323.934,14.3175],"stabilizedTipPosition":[30.3125,284.782,126.39],"timeVisible":0.433841,"tipPosition":[47.4172,296.895,13.9875],"tipVelocity":[11.9078,-11.4953,-110.002],"tool":false,"touchDistance":-0.40813,"touchZone":"touching","type":4,"width":16.0532}],"r":[[0.989152,0.0970123,0.110306],[-0.102754,0.993567,0.0476018],[-0.104978,-0.0584197,0.992757]],"s":1.15136,"t":[15.6764,13.854,-124.974],"timestamp":522561732238},false],[4,{"currentFrameRate":103.324,"devices":[],"gestures":[],"hands":[{"armBasis":[[0.991721,-0.0692253,-0.108158],[0.0680792,0.997578,-0.0142574],[0.108883,0.00677601,0.994031]],"armWidth":63.703,"confidence":0.725843,"direction":[0.166422,0.510117,-0.843851],"elbow":[62.6777,324.539,354.685],"grabStrength":0,"id":564,"palmNormal":[0.0242123,-0.857641,-0.513679],"palmPosition":[34.8638,347.041,37.4116],"palmVelocity":[22.5818,-12.4414,-132.154],"palmWidth":90.9658,"pinchStrength":0.886718,"r":[[0.989085,0.0962527,0.111566],[-0.102216,0.993554,0.0490137],[-0.106129,-0.0598825,0.992548]],"s":1.14992,"sphereCenter":[34.2066,315.875,-1.24933],"sphereRadius":44.4744,"stabilizedPalmPosition":[19.1603,334.072,162.496],"t":[15.9047,13.7394,-126.2],"timeVisible":0.442943,"type":"right","wrist":[33.287,322.71,86.3677]}],"id":4188739,"interactionBox":{"center":[0,200,0],"size":[235.247,235.247,147.751]},"pointables":[{"bases":[[[0.407484,0.840459,0.35719],[-0.869108,0.236825,0.43424],[0.28037,-0.487383,0.826953]],[[0.23362,0.970372,-0.0616408],[-0.970073,0.236925,0.0531513],[0.0661808,0.0473789,0.996682]],[[0.23362,0.970372,-0.0616408],[-0.968174,0.226301,-0.106893],[-0.0897768,0.0846515,0.992358]],[[0.23362,0.970372,-0.0616408],[-0.875248,0.182259,-0.44802],[-0.423512,0.158618,0.891896]]],"btipPosition":[14.5511,304.598,-25.1443],"carpPosition":[4.88455,313.559,79.2884],"dipPosition":[4.64203,308.309,-4.27631],"direction":[0.0897768,-0.0846515,-0.992358],"extended":false,"handId":564,"id":5640,"length":52.1025,"mcpPosition":[4.88455,313.559,79.2884],"pipPosition":[1.58185,311.195,29.5497],"stabilizedTipPosition":[-15.9628,294.284,109.855],"timeVisible":0.442943,"tipPosition":[12.3223,305.289,-20.4156],"tipVelocity":[27.5672,3.92521,-136.293],"tool":false,"touchDistance":-0.482703,"touchZone":"touching","type":0,"width":20.2446},{"bases":[[[0.999706,0.0215171,0.011196],[-0.0241596,0.924369,0.380733],[-0.00215699,-0.380891,0.924617]],[[0.997188,0.0493056,-0.0564305],[-0.0497048,0.998748,-0.00569141],[0.0560792,0.00848027,0.99839]],[[0.997188,0.0493056,-0.0564305],[-0.0604081,0.974524,-0.215995],[0.0443431,0.218796,0.974762]],[[0.997188,0.0493056,-0.0564305],[-0.0662914,0.931557,-0.357501],[0.0349414,0.360237,0.932206]]],"btipPosition":[10.2216,351.467,-68.8114],"carpPosition":[14.1399,335.257,81.5532],"dipPosition":[10.8184,357.62,-52.8884],"direction":[-0.0443431,-0.218796,-0.974762],"extended":true,"handId":564,"id":5641,"length":58.7918,"mcpPosition":[14.2986,363.271,13.5476],"pipPosition":[11.8899,362.907,-29.3342],"stabilizedTipPosition":[-15.5552,334.943,62.7639],"timeVisible":0.442943,"tipPosition":[10.505,353.633,-65.273],"tipVelocity":[27.9452,-48.1365,-125.245],"tool":false,"touchDistance":-0.474073,"touchZone":"touching","type":1,"width":19.3376},{"bases":[[[0.979596,-0.18804,0.0709415],[0.145159,0.906113,0.397352],[-0.138999,-0.378946,0.91492]],[[0.976475,-0.195925,0.0900611],[0.184893,0.54583,-0.817242],[0.11096,0.814668,0.569214]],[[0.976475,-0.195925,0.0900611],[0.0896485,-0.0109915,-0.995913],[0.196114,0.980557,0.00683147]],[[0.976475,-0.195925,0.0900611],[0.0348238,-0.268893,-0.96254],[0.212802,0.943032,-0.255745]]],"btipPosition":[21.0491,278.898,-4.84077],"carpPosition":[26.2741,337.316,81.7929],"dipPosition":[25.047,296.615,-9.64545],"direction":[-0.196114,-0.980557,-0.00683147],"extended":false,"handId":564,"id":5642,"length":66.9886,"mcpPosition":[35.9692,363.748,17.9778],"pipPosition":[30.6223,324.491,-9.45124],"stabilizedTipPosition":[-2.35496,281.363,99.364],"timeVisible":0.442943,"tipPosition":[22.2446,283.663,-7.53749],"tipVelocity":[11.6659,-18.3991,-100.004],"tool":false,"touchDistance":0.333333,"touchZone":"none","type":2,"width":18.9921},{"bases":[[[0.934715,-0.309524,0.174649],[0.210271,0.877821,0.430368],[-0.28652,-0.365548,0.885596]],[[0.942188,-0.299431,0.150411],[0.282226,0.46714,-0.837932],[0.18064,0.831939,0.52464]],[[0.942188,-0.299431,0.150411],[0.129565,-0.0884137,-0.987621],[0.309022,0.950013,-0.0445065]],[[0.942188,-0.299431,0.150411],[0.0478076,-0.324159,-0.944794],[0.331657,0.897364,-0.291104]]],"btipPosition":[33.6117,278.803,10.0439],"carpPosition":[38.4909,336.145,82.2672],"dipPosition":[39.8067,295.565,4.60635],"direction":[-0.309022,-0.950013,0.0445065],"extended":false,"handId":564,"id":5643,"length":64.4113,"mcpPosition":[56.4337,359.036,26.8082],"pipPosition":[48.365,321.876,3.37376],"stabilizedTipPosition":[15.0076,281.583,95.8255],"timeVisible":0.442943,"tipPosition":[35.4574,283.173,7.20153],"tipVelocity":[13.1234,-12.2199,-123.51],"tool":false,"touchDistance":0.333333,"touchZone":"none","type":3,"width":18.0722},{"bases":[[[0.847594,-0.49051,0.202447],[0.326948,0.783225,0.528832],[-0.417959,-0.382044,0.824228]],[[0.815532,-0.516577,0.260875],[0.509767,0.427856,-0.746376],[0.273943,0.741679,0.612264]],[[0.815532,-0.516577,0.260875],[0.259992,-0.0756855,-0.96264],[0.517022,0.852889,0.0725816]],[[0.815532,-0.516577,0.260875],[0.120226,-0.289717,-0.949531],[0.566086,0.805737,-0.174168]]],"btipPosition":[44.6744,293.137,14.4033],"carpPosition":[49.9938,327.77,82.245],"dipPosition":[54.4293,307.022,11.402],"direction":[-0.517022,-0.852889,-0.0725816],"extended":false,"handId":564,"id":5644,"length":50.4973,"mcpPosition":[74.2228,349.917,34.4647],"pipPosition":[64.539,323.699,12.8213],"stabilizedTipPosition":[30.3125,284.782,126.39],"timeVisible":0.442943,"tipPosition":[47.5598,296.715,12.5152],"tipVelocity":[13.1429,-13.5546,-124.758],"tool":false,"touchDistance":-0.417936,"touchZone":"touching","type":4,"width":16.0532}],"r":[[0.989085,0.0962527,0.111566],[-0.102216,0.993554,0.0490137],[-0.106129,-0.0598825,0.992548]],"s":1.14992,"t":[15.9047,13.7394,-126.2],"timestamp":522561741340},false],[5,{"currentFrameRate":103.618,"devices":[],"gestures":[],"hands":[{"armBasis":[[0.992342,-0.0650917,-0.104975],[0.0641649,0.997865,-0.0121851],[0.105544,0.00535609,0.9944]],"armWidth":63.703,"confidence":0.504879,"direction":[0.168403,0.502235,-0.848175],"elbow":[61.7997,324.148,353.471],"grabStrength":0.00165628,"id":564,"palmNormal":[0.0279007,-0.862548,-0.505206],"palmPosition":[35.0135,346.559,35.8697],"palmVelocity":[20.8863,-23.6852,-142.51],"palmWidth":90.9658,"pinchStrength":0.883038,"r":[[0.988907,0.0962882,0.113101],[-0.102249,0.993594,0.0481333],[-0.107741,-0.0591639,0.992417]],"s":1.14817,"sphereCenter":[34.8869,314.875,-2.43609],"sphereRadius":44.4624,"stabilizedPalmPosition":[19.1603,334.072,162.496],"t":[16.0938,13.441,-127.584],"timeVisible":0.452038,"type":"right","wrist":[33.3106,322.702,85.0546]}],"id":4188740,"interactionBox":{"center":[0,200,0],"size":[235.247,235.247,147.751]},"pointables":[{"bases":[[[0.404397,0.844776,0.350453],[-0.871182,0.239164,0.428769],[0.278398,-0.478701,0.83267]],[[0.232481,0.970165,-0.0687917],[-0.970576,0.235978,0.0479318],[0.062735,0.0556243,0.996479]],[[0.232481,0.970165,-0.0687917],[-0.967999,0.223929,-0.113282],[-0.0944974,0.0929261,0.991179]],[[0.232481,0.970165,-0.0687917],[-0.87266,0.17684,-0.455183],[-0.429438,0.165853,0.887736]]],"btipPosition":[15.0916,303.598,-26.3229],"carpPosition":[4.95352,313.421,77.9622],"dipPosition":[5.04386,307.478,-5.55218],"direction":[0.0944974,-0.0929261,-0.991179],"extended":false,"handId":564,"id":5640,"length":52.1025,"mcpPosition":[4.95352,313.421,77.9622],"pipPosition":[1.82277,310.646,28.2336],"stabilizedTipPosition":[-15.9623,294.284,109.853],"timeVisible":0.452038,"tipPosition":[12.8059,304.287,-21.6152],"tipVelocity":[35.422,-26.4501,-135.116],"tool":false,"touchDistance":-0.48078,"touchZone":"touching","type":0,"width":20.2446},{"bases":[[[0.999611,0.0237845,0.0145972],[-0.0275067,0.927978,0.371617],[-0.00470715,-0.371874,0.928271]],[[0.997233,0.0511566,-0.0539307],[-0.0522801,0.99844,-0.0196301],[0.0528424,0.0223952,0.998352]],[[0.997233,0.0511566,-0.0539307],[-0.0623753,0.970528,-0.232778],[0.0404332,0.235498,0.971033]],[[0.997233,0.0511566,-0.0539307],[-0.0677221,0.924377,-0.375421],[0.0306471,0.378034,0.925284]]],"btipPosition":[10.7306,349.402,-70.3745],"carpPosition":[14.1545,335.16,80.0488],"dipPosition":[11.254,355.859,-54.5697],"direction":[-0.0404332,-0.235498,-0.971033],"extended":true,"handId":564,"id":5641,"length":58.7918,"mcpPosition":[14.5007,362.512,11.7745],"pipPosition":[12.2311,361.55,-31.1057],"stabilizedTipPosition":[-15.5453,334.949,62.7153],"timeVisible":0.452038,"tipPosition":[10.9889,351.727,-66.8844],"tipVelocity":[35.1932,-95.5748,-138.988],"tool":false,"touchDistance":-0.478854,"touchZone":"touching","type":1,"width":19.3376},{"bases":[[[0.979729,-0.185224,0.0763088],[0.141789,0.91025,0.389025],[-0.141517,-0.370319,0.918061]],[[0.976579,-0.192874,0.095355],[0.186435,0.537342,-0.822499],[0.1074,0.821013,0.560716]],[[0.976579,-0.192874,0.095355],[0.0927855,-0.022333,-0.995436],[0.194123,0.980969,-0.00391407]],[[0.976579,-0.192874,0.095355],[0.0383413,-0.28009,-0.959208],[0.211714,0.940399,-0.266135]]],"btipPosition":[21.4825,277.96,-5.63027],"carpPosition":[26.2833,337.248,80.3123],"dipPosition":[25.46,295.627,-10.6301],"direction":[-0.194123,-0.980969,0.00391407],"extended":false,"handId":564,"id":5642,"length":66.9886,"mcpPosition":[36.154,363.078,16.2781],"pipPosition":[30.9787,323.515,-10.7414],"stabilizedTipPosition":[-2.35221,281.363,99.3522],"timeVisible":0.452038,"tipPosition":[22.6688,282.672,-8.3424],"tipVelocity":[21.4923,-42.2194,-97.7149],"tool":false,"touchDistance":0.333333,"touchZone":"none","type":2,"width":18.9921},{"bases":[[[0.93473,-0.305789,0.181032],[0.20684,0.882422,0.42255],[-0.288958,-0.357526,0.888076]],[[0.94228,-0.295901,0.156687],[0.284228,0.459537,-0.841452],[0.176983,0.837418,0.517115]],[[0.94228,-0.295901,0.156687],[0.133266,-0.0978604,-0.986237],[0.307162,0.950193,-0.0527784]],[[0.94228,-0.295901,0.156687],[0.0518484,-0.333371,-0.941369],[0.330787,0.895157,-0.298787]]],"btipPosition":[34.0054,278.055,9.17229],"carpPosition":[38.5008,336.107,80.8421],"dipPosition":[40.1842,294.776,3.59123],"direction":[-0.307162,-0.950193,0.0527784],"extended":false,"handId":564,"id":5643,"length":64.4113,"mcpPosition":[56.5963,358.497,25.2279],"pipPosition":[48.6909,321.091,2.12956],"stabilizedTipPosition":[15.0084,281.583,95.8224],"timeVisible":0.452038,"tipPosition":[35.8474,282.396,6.30861],"tipVelocity":[21.3655,-31.9087,-116.848],"tool":false,"touchDistance":0.333333,"touchZone":"none","type":3,"width":18.0722},{"bases":[[[0.847893,-0.486683,0.210278],[0.32336,0.789042,0.522352],[-0.420138,-0.374903,0.826397]],[[0.815703,-0.512229,0.268794],[0.511528,0.421728,-0.748655],[0.270125,0.748176,0.606024]],[[0.815703,-0.512229,0.268794],[0.263593,-0.0844888,-0.960927],[0.514925,0.854683,0.0661023]],[[0.815703,-0.512229,0.268794],[0.124222,-0.298715,-0.946223],[0.564976,0.805227,-0.180032]]],"btipPosition":[45.0235,292.455,13.424],"carpPosition":[50.0215,327.758,80.9431],"dipPosition":[54.7593,306.331,10.3217],"direction":[-0.514925,-0.854683,-0.0661023],"extended":false,"handId":564,"id":5644,"length":50.4973,"mcpPosition":[74.3768,349.491,33.0371],"pipPosition":[64.8279,323.043,11.6142],"stabilizedTipPosition":[30.3126,284.782,126.389],"timeVisible":0.452038,"tipPosition":[47.9042,296.018,11.5173],"tipVelocity":[20.0003,-30.6359,-120.733],"tool":false,"touchDistance":-0.419514,"touchZone":"touching","type":4,"width":16.0532}],"r":[[0.988907,0.0962882,0.113101],[-0.102249,0.993594,0.0481333],[-0.107741,-0.0591639,0.992417]],"s":1.14817,"t":[16.0938,13.441,-127.584],"timestamp":522561750435},false],[6,{"currentFrameRate":103.995,"devices":[],"gestures":[],"hands":[{"armBasis":[[0.991977,-0.0641367,-0.108941],[0.0629841,0.997916,-0.0139924],[0.109612,0.00701855,0.99395]],"armWidth":63.703,"confidence":0.535168,"direction":[0.167704,0.498177,-0.850703],"elbow":[63.1452,324.553,351.95],"grabStrength":0.00850053,"id":564,"palmNormal":[0.0282718,-0.865,-0.500975],"palmPosition":[35.2239,346.274,34.3534],"palmVelocity":[21.6298,-25.9328,-150.056],"palmWidth":90.9658,"pinchStrength":0.881839,"r":[[0.98876,0.0965621,0.114149],[-0.102404,0.993657,0.0464618],[-0.108939,-0.0576289,0.992377]],"s":1.14641,"sphereCenter":[35.3944,314.271,-3.74902],"sphereRadius":44.4583,"stabilizedPalmPosition":[19.1604,334.072,162.496],"t":[16.2935,13.1495,-129.034],"timeVisible":0.460945,"type":"right","wrist":[33.5579,322.659,83.6556]}],"id":4188741,"interactionBox":{"center":[0,200,0],"size":[235.247,235.247,147.751]},"pointables":[{"bases":[[[0.403973,0.84676,0.346127],[-0.871162,0.240678,0.427961],[0.279075,-0.474417,0.834892]],[[0.232346,0.969927,-0.0725061],[-0.97057,0.236061,0.0476436],[0.0633267,0.0593025,0.996229]],[[0.232346,0.969927,-0.0725061],[-0.967995,0.223323,-0.114507],[-0.0948713,0.0967908,0.990773]],[[0.232346,0.969927,-0.0725061],[-0.87167,0.174575,-0.457946],[-0.431517,0.169603,0.886018]]],"btipPosition":[15.3741,303.097,-27.5976],"carpPosition":[5.20416,313.324,76.621],"dipPosition":[5.27772,307.065,-6.86713],"direction":[0.0948713,-0.0967908,-0.990773],"extended":false,"handId":564,"id":5640,"length":52.1025,"mcpPosition":[5.20416,313.324,76.621],"pipPosition":[2.04389,310.364,26.9049],"stabilizedTipPosition":[-15.9616,294.284,109.85],"timeVisible":0.460945,"tipPosition":[13.0546,303.777,-22.8998],"tipVelocity":[34.0717,-33.9349,-137.576],"tool":false,"touchDistance":-0.480295,"touchZone":"touching","type":0,"width":20.2446},{"bases":[[[0.9996,0.0245315,0.0140541],[-0.0279787,0.929774,0.367067],[-0.00406241,-0.367313,0.930088]],[[0.997126,0.0518237,-0.0552651],[-0.0534623,0.99816,-0.0285948],[0.0536816,0.0314672,0.998062]],[[0.997126,0.0518237,-0.0552651],[-0.0638147,0.967684,-0.243957],[0.0408365,0.246782,0.96821]],[[0.997126,0.0518237,-0.0552651],[-0.0692527,0.919281,-0.387462],[0.0307245,0.390176,0.920228]]],"btipPosition":[10.8728,348.115,-71.7931],"carpPosition":[14.3913,335.079,78.5969],"dipPosition":[11.3976,354.78,-56.0746],"direction":[-0.0408365,-0.246782,-0.96821],"extended":true,"handId":564,"id":5641,"length":58.7918,"mcpPosition":[14.6901,362.095,10.1889],"pipPosition":[12.3844,360.743,-32.6788],"stabilizedTipPosition":[-15.5249,334.96,62.6148],"timeVisible":0.460945,"tipPosition":[11.1261,350.561,-68.3391],"tipVelocity":[29.9707,-107.421,-145.113],"tool":false,"touchDistance":-0.480878,"touchZone":"touching","type":1,"width":19.3376},{"bases":[[[0.979887,-0.184185,0.0767999],[0.141336,0.912246,0.384489],[-0.140878,-0.365901,0.919929]],[[0.976753,-0.191735,0.0958655],[0.18571,0.533483,-0.825171],[0.107072,0.823792,0.556689]],[[0.976753,-0.191735,0.0958655],[0.092363,-0.0271436,-0.995355],[0.193447,0.981071,-0.00880338]],[[0.976753,-0.191735,0.0958655],[0.0381043,-0.284791,-0.957832],[0.210952,0.939219,-0.270865]]],"btipPosition":[21.7227,277.465,-6.80602],"carpPosition":[26.5188,337.176,78.845],"dipPosition":[25.6859,295.11,-11.8948],"direction":[-0.193447,-0.981071,0.00880338],"extended":false,"handId":564,"id":5642,"length":66.9886,"mcpPosition":[36.3449,362.697,14.6804],"pipPosition":[31.1854,323.001,-12.145],"stabilizedTipPosition":[-2.34884,281.363,99.3378],"timeVisible":0.460945,"tipPosition":[22.9025,282.16,-9.53039],"tipVelocity":[22.8831,-46.0037,-107.672],"tool":false,"touchDistance":0.333333,"touchZone":"none","type":2,"width":18.9921},{"bases":[[[0.935014,-0.304264,0.182134],[0.20642,0.884626,0.418123],[-0.28834,-0.353355,0.889944]],[[0.942583,-0.294441,0.157613],[0.28308,0.45397,-0.844853],[0.177208,0.840961,0.511255]],[[0.942583,-0.294441,0.157613],[0.131782,-0.105731,-0.985624],[0.306872,0.949803,-0.060858]],[[0.942583,-0.294441,0.157613],[0.050404,-0.34111,-0.938671],[0.330146,0.89272,-0.306684]]],"btipPosition":[34.2131,277.631,8.22135],"carpPosition":[38.7372,336.046,79.3752],"dipPosition":[40.3799,294.306,2.4928],"direction":[-0.306872,-0.949803,0.060858],"extended":false,"handId":564,"id":5643,"length":64.4113,"mcpPosition":[56.7941,358.174,23.6439],"pipPosition":[48.8786,320.611,0.807359],"stabilizedTipPosition":[15.0092,281.583,95.8187],"timeVisible":0.460945,"tipPosition":[36.0388,281.928,5.34416],"tipVelocity":[21.8133,-36.5097,-115.14],"tool":false,"touchDistance":0.333333,"touchZone":"none","type":3,"width":18.0722},{"bases":[[[0.848311,-0.485072,0.212304],[0.323046,0.791816,0.518332],[-0.419534,-0.371123,0.828407]],[[0.81629,-0.510263,0.270745],[0.510486,0.417896,-0.751509],[0.270324,0.751661,0.601607]],[[0.81629,-0.510263,0.270745],[0.262319,-0.090136,-0.960762],[0.514645,0.855282,0.0602747]],[[0.81629,-0.510263,0.270745],[0.122998,-0.304419,-0.944564],[0.564396,0.804339,-0.185732]]],"btipPosition":[45.2391,292.064,12.2449],"carpPosition":[50.2636,327.705,79.5122],"dipPosition":[54.9649,305.924,9.04437],"direction":[-0.514646,-0.855282,-0.0602747],"extended":false,"handId":564,"id":5644,"length":50.4973,"mcpPosition":[74.5839,349.219,31.4896],"pipPosition":[65.028,322.648,10.223],"stabilizedTipPosition":[30.3127,284.782,126.388],"timeVisible":0.460945,"tipPosition":[48.1013,295.607,10.3321],"tipVelocity":[21.0744,-34.3673,-124.593],"tool":false,"touchDistance":-0.423921,"touchZone":"touching","type":4,"wid