{"sensorType":"Leap","data":[[0,{"currentFrameRate":110.415,"devices":[],"gestures":[],"hands":[{"armBasis":[[-0.630579,-0.775391,0.0337455],[-0.77578,0.628406,-0.0571955],[-0.023143,0.0622453,0.997793]],"armWidth":63.703,"confidence":0.665214,"direction":[-0.552508,0.184518,-0.812827],"elbow":[29.4941,315.699,355.881],"grabStrength":0.267361,"id":558,"palmNormal":[0.556903,-0.643849,-0.524707],"palmPosition":[13.0447,311.737,38.4736],"palmVelocity":[-29.4406,15.1107,-133.569],"palmWidth":90.9658,"pinchStrength":1,"r":[[0.965482,-0.0514538,-0.255338],[-0.00394182,0.977296,-0.211842],[0.260441,0.205536,0.943359]],"s":0.909195,"sphereCenter":[29.2002,287.393,4.17252],"sphereRadius":40.5911,"stabilizedPalmPosition":[-10.2864,324.668,190.717],"t":[33.6863,-25.1604,-173.952],"timeVisible":1.33767,"type":"left","wrist":[35.741,298.897,86.5485]}],"id":4186594,"interactionBox":{"center":[0,200,0],"size":[235.247,235.247,147.751]},"pointables":[{"bases":[[[-0.855471,0.313073,0.412499],[0.465667,0.813544,0.348282],[0.226548,-0.490032,0.841751]],[[-0.875936,0.479782,0.0504509],[0.450042,0.850325,-0.272782],[0.173776,0.216234,0.960752]],[[-0.875936,0.479782,0.0504509],[0.230318,0.507782,-0.830127],[0.423898,0.715518,0.555287]],[[-0.875936,0.479782,0.0504509],[-0.0682937,-0.0197958,-0.997469],[0.477569,0.877164,-0.050106]]],"btipPosition":[27.0236,256.774,10.7529],"carpPosition":[61.3189,312.478,76.454],"dipPosition":[38.1975,277.297,9.58058],"direction":[-0.423898,-0.715518,-0.555287],"extended":false,"handId":558,"id":5580,"length":52.1025,"mcpPosition":[61.3189,312.478,76.454],"pipPosition":[52.6467,301.687,28.5084],"stabilizedTipPosition":[25.7862,261.164,124.102],"timeVisible":1.33767,"tipPosition":[29.1111,261.505,10.9962],"tipVelocity":[6.68437,32.0249,-170.95],"tool":false,"touchDistance":-0.485425,"touchZone":"touching","type":0,"width":20.2446},{"bases":[[[-0.704119,-0.701048,0.112907],[-0.616091,0.682204,0.393737],[0.353054,-0.207677,0.912263]],[[-0.653846,-0.721675,0.227311],[-0.755315,0.640252,-0.139919],[0.0445603,0.263177,0.963718]],[[-0.653846,-0.721675,0.227311],[-0.752512,0.588955,-0.294715],[-0.0788126,0.363753,0.928155]],[[-0.653846,-0.721675,0.227311],[-0.739787,0.546727,-0.39218],[-0.158749,0.424587,0.891361]]],"btipPosition":[16.2565,308.979,-66.0872],"carpPosition":[39.5215,321.05,80.0556],"dipPosition":[13.5449,316.231,-50.8619],"direction":[0.0788126,-0.363753,-0.928155],"extended":true,"handId":558,"id":5581,"length":58.7918,"mcpPosition":[13.5543,336.325,12.9586],"pipPosition":[11.6404,325.021,-28.4339],"stabilizedTipPosition":[12.3309,327.877,48.1896],"timeVisible":1.33767,"tipPosition":[15.4146,310.28,-62.4326],"tipVelocity":[-54.224,19.3743,-135.562],"tool":false,"touchDistance":-0.47301,"touchZone":"touching","type":1,"width":19.3376},{"bases":[[[-0.534532,-0.828619,0.166331],[-0.718361,0.549137,0.42709],[0.445233,-0.108808,0.888779]],[[-0.525476,-0.830638,0.184159],[-0.539842,0.158213,-0.826764],[-0.657606,0.533862,0.53155]],[[-0.525476,-0.830638,0.184159],[0.510907,-0.481147,-0.71237],[-0.68033,0.280246,-0.67721]],[[-0.525476,-0.830638,0.184159],[0.795359,-0.556447,-0.240354],[-0.302122,-0.0201722,-0.953056]]],"btipPosition":[55.3412,288.072,31.1147],"carpPosition":[29.6906,313.796,81.5633],"dipPosition":[49.6652,287.693,13.2097],"direction":[0.68033,-0.280246,0.677211],"extended":false,"handId":558,"id":5582,"length":66.9886,"mcpPosition":[-1.36417,321.386,19.5715],"pipPosition":[30.3242,295.66,-6.04261],"stabilizedTipPosition":[41.5083,301.719,186.08],"timeVisible":1.33767,"tipPosition":[54.43,287.898,26.9407],"tipVelocity":[-31.3723,17.109,-150.223],"tool":false,"touchDistance":0.333333,"touchZone":"none","type":2,"width":18.9921},{"bases":[[[-0.407502,-0.874622,0.262637],[-0.740156,0.484784,0.465997],[0.534894,0.00449747,0.844907]],[[-0.411702,-0.87463,0.255975],[-0.652857,0.0870899,-0.752458],[-0.63583,0.476903,0.606863]],[[-0.411702,-0.87463,0.255975],[0.433529,-0.435034,-0.789175],[-0.801595,0.213932,-0.558282]],[[-0.411702,-0.87463,0.255975],[0.795812,-0.481912,-0.366667],[-0.444055,-0.0527507,-0.894445]]],"btipPosition":[47.5447,277.73,35.4023],"carpPosition":[22.146,304.253,83.2516],"dipPosition":[39.2501,276.744,18.6949],"direction":[0.801595,-0.213932,0.558282],"extended":false,"handId":558,"id":5583,"length":64.4113,"mcpPosition":[-11.3508,303.971,30.3407],"pipPosition":[17.0503,282.669,3.23353],"stabilizedTipPosition":[30.6929,288.511,185.011],"timeVisible":1.33767,"tipPosition":[45.7678,277.465,31.7775],"tipVelocity":[-26.0589,19.0064,-142.199],"tool":false,"touchDistance":0.333333,"touchZone":"none","type":3,"width":18.0722},{"bases":[[[-0.214921,-0.93622,0.27803],[-0.744343,0.341327,0.573976],[0.632268,0.0835902,0.770228]],[[-0.186622,-0.931583,0.311971],[-0.811339,-0.0329198,-0.583648],[-0.553987,0.362035,0.749686]],[[-0.186622,-0.931583,0.311971],[0.309941,-0.357161,-0.88112],[-0.93226,0.0677439,-0.355389]],[[-0.186622,-0.931583,0.311971],[0.778513,-0.333923,-0.531425],[-0.59924,-0.143698,-0.787567]]],"btipPosition":[31.718,273.696,33.6069],"carpPosition":[20.2318,290.188,84.2374],"dipPosition":[21.3918,271.22,20.0354],"direction":[0.93226,-0.0677439,0.355389],"extended":false,"handId":558,"id":5584,"length":50.4973,"mcpPosition":[-16.4205,285.343,39.5875],"pipPosition":[3.16277,272.545,13.0863],"stabilizedTipPosition":[14.4105,284.835,180.855],"timeVisible":1.33767,"tipPosition":[29.5874,272.907,30.7575],"tipVelocity":[-26.1871,18.9485,-138.57],"tool":false,"touchDistance":0.333333,"touchZone":"none","type":4,"width":16.0532}],"r":[[0.965482,-0.0514538,-0.255338],[-0.00394182,0.977296,-0.211842],[0.260441,0.205536,0.943359]],"s":0.909195,"t":[33.6863,-25.1604,-173.952],"timestamp":522540134565},false],[1,{"currentFrameRate":110.473,"devices":[],"gestures":[],"hands":[{"armBasis":[[-0.634262,-0.772497,0.030986],[-0.772839,0.632446,-0.0522709],[-0.0207822,0.0571006,0.998152]],"armWidth":63.703,"confidence":0.668409,"direction":[-0.552603,0.182612,-0.813193],"elbow":[29.7934,314.79,354.431],"grabStrength":0.26557,"id":558,"palmNormal":[0.554299,-0.648109,-0.522213],"palmPosition":[12.7075,312.07,36.8875],"palmVelocity":[-31.6923,21.1698,-145.503],"palmWidth":90.9658,"pinchStrength":1,"r":[[0.964962,-0.0512289,-0.257341],[-0.00485791,0.9771,-0.212727],[0.262346,0.206524,0.942615]],"s":0.908125,"sphereCenter":[28.7664,287.532,2.64971],"sphereRadius":40.5873,"stabilizedPalmPosition":[-10.2862,324.668,190.716],"t":[33.3743,-24.9345,-175.308],"timeVisible":1.34662,"type":"left","wrist":[35.4031,299.377,85.0015]}],"id":4186595,"interactionBox":{"center":[0,200,0],"size":[235.247,235.247,147.751]},"pointables":[{"bases":[[[-0.854063,0.317816,0.411788],[0.468675,0.813584,0.344129],[0.225654,-0.486903,0.843805]],[[-0.87415,0.483283,0.0479521],[0.453083,0.847087,-0.277776],[0.174864,0.221092,0.959448]],[[-0.87415,0.483283,0.0479521],[0.232024,0.502327,-0.832966],[0.426646,0.717011,0.551242]],[[-0.87415,0.483283,0.0479521],[-0.0683478,-0.0246665,-0.997357],[0.480822,0.875117,-0.0545936]]],"btipPosition":[26.4978,256.876,9.42936],"carpPosition":[61.0171,312.826,74.8225],"dipPosition":[37.7478,277.352,8.15202],"direction":[-0.426646,-0.717011,-0.551242],"extended":false,"handId":558,"id":5580,"length":52.1025,"mcpPosition":[61.0171,312.826,74.8225],"pipPosition":[52.2906,301.792,26.9419],"stabilizedTipPosition":[25.7862,261.164,124.102],"timeVisible":1.34662,"tipPosition":[28.6126,261.622,9.62295],"tipVelocity":[-10.6645,26.0645,-165.389],"tool":false,"touchDistance":-0.485432,"touchZone":"touching","type":0,"width":20.2446},{"bases":[[[-0.706348,-0.698172,0.116742],[-0.613474,0.686057,0.39112],[0.353161,-0.204648,0.912906]],[[-0.656251,-0.718385,0.230774],[-0.753088,0.64258,-0.141241],[0.0468251,0.266483,0.962701]],[[-0.656251,-0.718385,0.230774],[-0.750667,0.590636,-0.296055],[-0.0763781,0.367521,0.926874]],[[-0.656251,-0.718385,0.230774],[-0.738183,0.547916,-0.393539],[-0.156268,0.428614,0.889871]]],"btipPosition":[15.7802,308.891,-67.6867],"carpPosition":[39.2515,321.487,78.4033],"dipPosition":[13.111,316.212,-52.4868],"direction":[0.0763781,-0.367521,-0.926874],"extended":true,"handId":558,"id":5581,"length":58.7918,"mcpPosition":[13.2766,336.539,11.2591],"pipPosition":[11.2654,325.093,-30.0899],"stabilizedTipPosition":[12.3324,327.867,48.1287],"timeVisible":1.34662,"tipPosition":[14.9704,310.198,-64.0332],"tipVelocity":[-53.6521,11.8835,-147.539],"tool":false,"touchDistance":-0.478123,"touchZone":"touching","type":1,"width":19.3376},{"bases":[[[-0.537139,-0.82606,0.170607],[-0.716156,0.553487,0.425173],[0.445647,-0.106196,0.888887]],[[-0.528749,-0.827894,0.187128],[-0.541797,0.159501,-0.825237],[-0.653361,0.537728,0.532886]],[[-0.528749,-0.827894,0.187128],[0.50657,-0.484701,-0.713058],[-0.681037,0.282235,-0.675671]],[[-0.528749,-0.827894,0.187128],[0.792528,-0.560483,-0.240329],[-0.303848,-0.0212306,-0.952484]]],"btipPosition":[54.8676,288.144,29.3779],"carpPosition":[29.3979,314.273,79.9529],"dipPosition":[49.1592,287.745,11.4836],"direction":[0.681037,-0.282235,0.675671],"extended":false,"handId":558,"id":5582,"length":66.9886,"mcpPosition":[-1.68575,321.68,17.9535],"pipPosition":[29.7981,295.768,-7.72496],"stabilizedTipPosition":[41.5084,301.719,186.08],"timeVisible":1.34662,"tipPosition":[53.9399,288.001,25.2925],"tipVelocity":[-37.488,14.4768,-162.133],"tool":false,"touchDistance":0.333333,"touchZone":"none","type":2,"width":18.9921},{"bases":[[[-0.410178,-0.872042,0.267015],[-0.738131,0.489387,0.464395],[0.535645,0.00660693,0.844417]],[[-0.41429,-0.872067,0.260507],[-0.655963,0.0876781,-0.749683],[-0.630933,0.481469,0.608368]],[[-0.41429,-0.872067,0.260507],[0.42718,-0.439053,-0.790411],[-0.803667,0.216176,-0.554425]],[[-0.41429,-0.872067,0.260507],[0.792006,-0.486455,-0.368902],[-0.448432,-0.0534902,-0.892215]]],"btipPosition":[47.0951,277.855,33.6574],"carpPosition":[21.8231,304.763,81.6916],"dipPosition":[38.7188,276.856,16.9917],"direction":[0.803667,-0.216176,0.554425],"extended":false,"handId":558,"id":5583,"length":64.4113,"mcpPosition":[-11.7208,304.349,28.8114],"pipPosition":[16.4615,282.843,1.63707],"stabilizedTipPosition":[30.6929,288.511,185.011],"timeVisible":1.34662,"tipPosition":[45.2907,277.618,30.1279],"tipVelocity":[-33.2405,17.5424,-156.331],"tool":false,"touchDistance":0.333333,"touchZone":"none","type":3,"width":18.0722},{"bases":[[[-0.21779,-0.934209,0.282526],[-0.742701,0.346443,0.573038],[0.633216,0.0850302,0.76929]],[[-0.18912,-0.929446,0.316804],[-0.812127,-0.0333078,-0.582529],[-0.551981,0.367453,0.748529]],[[-0.18912,-0.929446,0.316804],[0.307794,-0.362477,-0.879701],[-0.932468,0.0688587,-0.354629]],[[-0.18912,-0.929446,0.316804],[0.776879,-0.338945,-0.530637],[-0.600577,-0.145764,-0.786168]]],"btipPosition":[31.2504,273.956,32.1697],"carpPosition":[19.863,290.709,82.7439],"dipPosition":[20.9011,271.444,18.6223],"direction":[0.932468,-0.0688588,0.354629],"extended":false,"handId":558,"id":5584,"length":50.4973,"mcpPosition":[-16.8444,285.78,38.1483],"pipPosition":[2.66803,272.791,11.688],"stabilizedTipPosition":[14.4105,284.835,180.854],"timeVisible":1.34662,"tipPosition":[29.1102,273.159,29.326],"tipVelocity":[-33.4723,21.4484,-144.422],"tool":false,"touchDistance":0.333333,"touchZone":"none","type":4,"width":16.0532}],"r":[[0.964962,-0.0512289,-0.257341],[-0.00485791,0.9771,-0.212727],[0.262346,0.206524,0.942615]],"s":0.908125,"t":[33.3743,-24.9345,-175.308],"timestamp":522540143514},false],[2,{"currentFrameRate":110.475,"devices":[],"gestures":[],"hands":[{"armBasis":[[-0.635381,-0.771639,0.0293953],[-0.771974,0.633818,-0.0482714],[-0.0186168,0.0533631,0.998402]],"armWidth":63.703,"confidence":0.679413,"direction":[-0.553659,0.18123,-0.812784],"elbow":[30.1522,314.176,353.466],"grabStrength":0.263487,"id":558,"palmNormal":[0.553158,-0.649547,-0.521637],"palmPosition":[12.4205,312.377,35.861],"palmVelocity":[-31.7006,24.6924,-136.666],"palmWidth":90.9658,"pinchStrength":1,"r":[[0.964462,-0.0512763,-0.259198],[-0.00553539,0.976852,-0.213845],[0.264163,0.20768,0.941853]],"s":0.906884,"sphereCenter":[28.3927,287.76,1.62962],"sphereRadius":40.5808,"stabilizedPalmPosition":[-10.286,324.668,190.715],"t":[33.0748,-24.668,-176.499],"timeVisible":1.35567,"type":"left","wrist":[35.1774,299.772,83.9691]}],"id":4186596,"interactionBox":{"center":[0,200,0],"size":[235.247,235.247,147.751]},"pointables":[{"bases":[[[-0.85328,0.319203,0.412339],[0.469659,0.814024,0.341738],[0.22657,-0.485257,0.844507]],[[-0.873269,0.485213,0.0443743],[0.455845,0.845771,-0.277266],[0.172064,0.2219,0.959768]],[[-0.873269,0.485213,0.0443743],[0.236714,0.5021,-0.831783],[0.425872,0.715866,0.553325]],[[-0.873269,0.485213,0.0443743],[-0.0642711,-0.0244361,-0.997633],[0.48298,0.874055,-0.0525244]]],"btipPosition":[26.3813,257.258,8.19659],"carpPosition":[60.7849,313.183,73.7251],"dipPosition":[37.6817,277.708,6.96766],"direction":[-0.425872,-0.715866,-0.553325],"extended":false,"handId":558,"id":5580,"length":52.1025,"mcpPosition":[60.7849,313.183,73.7251],"pipPosition":[52.1982,302.11,25.8286],"stabilizedTipPosition":[25.7862,261.164,124.102],"timeVisible":1.35567,"tipPosition":[28.4606,261.947,8.46332],"tipVelocity":[-10.9219,30.3285,-157.017],"tool":false,"touchDistance":-0.483547,"touchZone":"touching","type":0,"width":20.2446},{"bases":[[[-0.706601,-0.697495,0.119228],[-0.612498,0.687254,0.390549],[0.354346,-0.202935,0.912829]],[[-0.656625,-0.717428,0.232681],[-0.752626,0.643307,-0.140393],[0.0489637,0.267307,0.962367]],[[-0.656625,-0.717428,0.232681],[-0.750524,0.591045,-0.2956],[-0.0745471,0.368731,0.926542]],[[-0.656625,-0.717428,0.232681],[-0.738181,0.548037,-0.393375],[-0.1547,0.430061,0.889447]]],"btipPosition":[15.3083,309.054,-68.736],"carpPosition":[39.0297,321.866,77.3187],"dipPosition":[12.6659,316.4,-53.5433],"direction":[0.0745471,-0.368731,-0.926542],"extended":true,"handId":558,"id":5581,"length":58.7918,"mcpPosition":[12.9676,336.791,10.1802],"pipPosition":[10.8645,325.31,-31.1544],"stabilizedTipPosition":[12.3337,327.858,48.067],"timeVisible":1.35567,"tipPosition":[14.526,310.355,-65.0802],"tipVelocity":[-53.052,13.7548,-138.885],"tool":false,"touchDistance":-0.474407,"touchZone":"touching","type":1,"width":19.3376},{"bases":[[[-0.537392,-0.825372,0.173121],[-0.715212,0.554818,0.425029],[0.446858,-0.104589,0.88847]],[[-0.52955,-0.827064,0.188526],[-0.544363,0.16088,-0.823278],[-0.650573,0.538594,0.535417]],[[-0.52955,-0.827064,0.188526],[0.503466,-0.485304,-0.714844],[-0.682714,0.283629,-0.673392]],[[-0.52955,-0.827064,0.188526],[0.791194,-0.561712,-0.24185],[-0.305922,-0.0210893,-0.951823]]],"btipPosition":[54.5116,288.335,28.1526],"carpPosition":[29.174,314.661,78.8977],"dipPosition":[48.7642,287.939,10.2707],"direction":[0.682714,-0.283629,0.673392],"extended":false,"handId":558,"id":5582,"length":66.9886,"mcpPosition":[-1.99409,321.956,16.9274],"pipPosition":[29.3554,296.002,-8.87301],"stabilizedTipPosition":[41.5084,301.719,186.079],"timeVisible":1.35567,"tipPosition":[53.5657,288.223,24.1375],"tipVelocity":[-38.2762,16.3499,-154.682],"tool":false,"touchDistance":0.333333,"touchZone":"none","type":2,"width":18.9921},{"bases":[[[-0.410321,-0.871227,0.269443],[-0.737169,0.490814,0.464418],[0.53686,0.00806481,0.843633]],[[-0.414324,-0.871263,0.263128],[-0.658536,0.0874259,-0.747453],[-0.628224,0.482967,0.609981]],[[-0.414324,-0.871263,0.263128],[0.423594,-0.440489,-0.791541],[-0.805546,0.216494,-0.551567]],[[-0.414324,-0.871263,0.263128],[0.790274,-0.487803,-0.370829],[-0.451445,-0.0543004,-0.890645]]],"btipPosition":[46.7792,278.099,32.5017],"carpPosition":[21.5959,305.159,80.6674],"dipPosition":[38.3466,277.085,15.8653],"direction":[0.805546,-0.216494,0.551567],"extended":false,"handId":558,"id":5583,"length":64.4113,"mcpPosition":[-12.024,304.654,27.8363],"pipPosition":[16.0373,283.081,0.589862],"stabilizedTipPosition":[30.693,288.511,185.01],"timeVisible":1.35567,"tipPosition":[44.958,277.872,29.0166],"tipVelocity":[-34.0981,20.0434,-148.24],"tool":false,"touchDistance":0.333333,"touchZone":"none","type":3,"width":18.0722},{"bases":[[[-0.217948,-0.933478,0.28481],[-0.741669,0.348103,0.573369],[0.63437,0.0862701,0.7682]],[[-0.188265,-0.928467,0.320163],[-0.814293,-0.0346861,-0.579416],[-0.549074,0.369791,0.749515]],[[-0.188265,-0.928467,0.320163],[0.304303,-0.365096,-0.879832],[-0.933786,0.068215,-0.35127]],[[-0.188265,-0.928467,0.320163],[0.775074,-0.340669,-0.53217],[-0.603172,-0.147961,-0.783767]]],"btipPosition":[30.9171,274.251,31.0992],"carpPosition":[19.6289,291.109,81.7521],"dipPosition":[20.5231,271.702,17.5931],"direction":[0.933786,-0.068215,0.35127],"extended":false,"handId":558,"id":5584,"length":50.4973,"mcpPosition":[-17.1454,286.108,37.2197],"pipPosition":[2.26426,273.036,10.7245],"stabilizedTipPosition":[14.4106,284.835,180.854],"timeVisible":1.35567,"tipPosition":[28.7639,273.453,28.289],"tipVelocity":[-34.7144,24.2768,-136.935],"tool":false,"touchDistance":0.333333,"touchZone":"none","type":4,"width":16.0532}],"r":[[0.964462,-0.0512763,-0.259198],[-0.00553539,0.976852,-0.213845],[0.264163,0.20768,0.941853]],"s":0.906884,"t":[33.0748,-24.668,-176.499],"timestamp":522540152561},false],[3,{"currentFrameRate":110.449,"devices":[],"gestures":[],"hands":[{"armBasis":[[-0.637233,-0.770112,0.0293552],[-0.770518,0.635885,-0.0441749],[-0.0153531,0.0507684,0.998592]],"armWidth":63.703,"confidence":0.676556,"direction":[-0.55534,0.182508,-0.81135],"elbow":[30.9407,313.771,352.635],"grabStrength":0.260746,"id":558,"palmNormal":[0.55051,-0.65058,-0.523149],"palmPosition":[12.2324,312.728,35.0384],"palmVelocity":[-28.6456,28.519,-123.84],"palmWidth":90.9658,"pinchStrength":1,"r":[[0.963907,-0.0517006,-0.261171],[-0.00578831,0.976663,-0.2147],[0.266177,0.208462,0.941113]],"s":0.905689,"sphereCenter":[28.0812,288.113,0.724306],"sphereRadius":40.5803,"stabilizedPalmPosition":[-10.2858,324.668,190.713],"t":[32.8309,-24.3596,-177.506],"timeVisible":1.36477,"type":"left","wrist":[35.085,300.067,83.0867]}],"id":4186597,"interactionBox":{"center":[0,200,0],"size":[235.247,235.247,147.751]},"pointables":[{"bases":[[[-0.851581,0.32087,0.414551],[0.472183,0.813001,0.340693],[0.227712,-0.485872,0.843846]],[[-0.871959,0.487488,0.0451909],[0.457714,0.844483,-0.278112],[0.173739,0.221818,0.959485]],[[-0.871959,0.487488,0.0451909],[0.237264,0.501515,-0.831979],[0.428244,0.714729,0.552964]],[[-0.871959,0.487488,0.0451909],[-0.065168,-0.024087,-0.997584],[0.485222,0.872797,-0.0527715]]],"btipPosition":[26.0733,257.575,7.284],"carpPosition":[60.6938,313.428,72.7803],"dipPosition":[37.4262,277.996,6.04928],"direction":[-0.428244,-0.714729,-0.552964],"extended":false,"handId":558,"id":5580,"length":52.1025,"mcpPosition":[60.6938,313.428,72.7803],"pipPosition":[52.0235,302.358,24.8979],"stabilizedTipPosition":[25.7862,261.164,124.102],"timeVisible":1.36477,"tipPosition":[28.1647,262.263,7.54165],"tipVelocity":[-16.9086,31.3705,-141.333],"tool":false,"touchDistance":-0.477234,"touchZone":"touching","type":0,"width":20.2446},{"bases":[[[-0.70772,-0.696073,0.120891],[-0.610104,0.688432,0.392217],[0.356237,-0.203824,0.911894]],[[-0.65782,-0.716044,0.233567],[-0.751324,0.645581,-0.136883],[0.0527724,0.265529,0.962657]],[[-0.65782,-0.716044,0.233567],[-0.749819,0.59336,-0.292737],[-0.0710231,0.367702,0.927228]],[[-0.65782,-0.716044,0.233567],[-0.737789,0.55025,-0.391015],[-0.151464,0.429541,0.890255]]],"btipPosition":[14.8011,309.518,-69.5984],"carpPosition":[38.9656,322.154,76.4304],"dipPosition":[12.2139,316.855,-54.3919],"direction":[0.0710231,-0.367702,-0.927228],"extended":true,"handId":558,"id":5581,"length":58.7918,"mcpPosition":[12.7644,337.145,9.36063],"pipPosition":[10.4977,325.741,-31.9864],"stabilizedTipPosition":[12.3349,327.848,47.9982],"timeVisible":1.36477,"tipPosition":[14.0581,310.8,-65.9347],"tipVelocity":[-53.4097,24.0116,-126.561],"tool":false,"touchDistance":-0.468189,"touchZone":"touching","type":1,"width":19.3376},{"bases":[[[-0.538638,-0.824304,0.174333],[-0.713,0.5562,0.426934],[0.448887,-0.105663,0.887319]],[[-0.531219,-0.825923,0.188831],[-0.547286,0.16438,-0.820644],[-0.646749,0.539287,0.539338]],[[-0.531219,-0.825923,0.188831],[0.49923,-0.485222,-0.717864],[-0.684526,0.287073,-0.670085]],[[-0.531219,-0.825923,0.188831],[0.788906,-0.563472,-0.245205],[-0.308922,-0.0187126,-0.950903]]],"btipPosition":[54.2188,288.543,27.068],"carpPosition":[29.0991,314.969,78.0331],"dipPosition":[48.415,288.191,9.20341],"direction":[0.684526,-0.287073,0.670085],"extended":false,"handId":558,"id":5582,"length":66.9886,"mcpPosition":[-2.21047,322.339,16.1431],"pipPosition":[28.9548,296.352,-9.84632],"stabilizedTipPosition":[41.5084,301.718,186.079],"timeVisible":1.36477,"tipPosition":[53.2513,288.462,23.1065],"tipVelocity":[-36.9804,18.4427,-144.723],"tool":false,"touchDistance":0.333333,"touchZone":"none","type":2,"width":18.9921},{"bases":[[[-0.411418,-0.870436,0.270326],[-0.734989,0.492234,0.466366],[0.539006,0.00681492,0.842275]],[[-0.415316,-0.870463,0.26421],[-0.663349,0.091052,-0.74275],[-0.622479,0.483739,0.615236]],[[-0.415316,-0.870463,0.26421],[0.416998,-0.440305,-0.795137],[-0.808471,0.220058,-0.545847]],[[-0.415316,-0.870463,0.26421],[0.78709,-0.489473,-0.375373],[-0.456072,-0.0520591,-0.888419]]],"btipPosition":[46.4659,278.326,31.3048],"carpPosition":[21.5062,305.482,79.8202],"dipPosition":[37.9469,277.354,14.71],"direction":[0.808471,-0.220058,0.545847],"extended":false,"handId":558,"id":5583,"length":64.4113,"mcpPosition":[-12.2481,305.055,27.0742],"pipPosition":[15.5566,283.448,-0.407004],"stabilizedTipPosition":[30.693,288.511,185.01],"timeVisible":1.36477,"tipPosition":[44.6344,278.127,27.9052],"tipVelocity":[-34.7945,21.6856,-143.316],"tool":false,"touchDistance":0.333333,"touchZone":"none","type":3,"width":18.0722},{"bases":[[[-0.219134,-0.933083,0.285195],[-0.739505,0.349512,0.575303],[0.636485,0.0848347,0.76661]],[[-0.188527,-0.927975,0.321434],[-0.816883,-0.0334995,-0.575829],[-0.545123,0.371133,0.751732]],[[-0.188527,-0.927975,0.321434],[0.29969,-0.366053,-0.881017],[-0.935224,0.0697648,-0.347116]],[[-0.188527,-0.927975,0.321434],[0.772334,-0.342264,-0.535122],[-0.606595,-0.14737,-0.781233]]],"btipPosition":[30.6263,274.574,30.1434],"carpPosition":[19.5132,291.436,80.9074],"dipPosition":[20.1733,272.035,16.6811],"direction":[0.935224,-0.0697648,0.347116],"extended":false,"handId":558,"id":5584,"length":50.4973,"mcpPosition":[-17.3836,286.518,36.4673],"pipPosition":[1.88635,273.399,9.89369],"stabilizedTipPosition":[14.4107,284.835,180.853],"timeVisible":1.36477,"tipPosition":[28.4561,273.783,27.3597],"tipVelocity":[-34.3638,27.4439,-127.786],"tool":false,"touchDistance":0.333333,"touchZone":"none","type":4,"width":16.0532}],"r":[[0.963907,-0.0517006,-0.261171],[-0.00578831,0.976663,-0.2147],[0.266177,0.208462,0.941113]],"s":0.905689,"t":[32.8309,-24.3596,-177.506],"timestamp":522540161661},false],[4,{"currentFrameRate":110.434,"devices":[],"gestures":[],"hands":[{"armBasis":[[-0.63452,-0.772216,0.032659],[-0.772826,0.633276,-0.041253],[-0.0111741,0.0514156,0.998615]],"armWidth":63.703,"confidence":0.679249,"direction":[-0.557703,0.180539,-0.810169],"elbow":[31.8992,314.308,351.212],"grabStrength":0.258323,"id":558,"palmNormal":[0.551871,-0.648423,-0.524391],"palmPosition":[11.9159,313.012,33.6588],"palmVelocity":[-30.361,29.2798,-131.604],"palmWidth":90.9658,"pinchStrength":1,"r":[[0.96339,-0.0513074,-0.26315],[-0.00681646,0.976513,-0.21535],[0.268018,0.209259,0.940413]],"s":0.904603,"sphereCenter":[27.8045,288.489,-0.727056],"sphereRadius":40.5827,"stabilizedPalmPosition":[-10.2854,324.668,190.71],"t":[32.5508,-24.0634,-178.699],"timeVisible":1.37385,"type":"left","wrist":[34.9155,300.43,81.6575]}],"id":4186598,"interactionBox":{"center":[0,200,0],"size":[235.247,235.247,147.751]},"pointables":[{"bases":[[[-0.851923,0.317598,0.416365],[0.469823,0.814722,0.339845],[0.231288,-0.485139,0.843295]],[[-0.873547,0.484561,0.0459921],[0.45452,0.845881,-0.279099],[0.174145,0.222902,0.95916]],[[-0.873547,0.484561,0.0459921],[0.234666,0.502053,-0.832391],[0.426435,0.71634,0.552278]],[[-0.873547,0.484561,0.0459921],[-0.0660391,-0.0243732,-0.997519],[0.482238,0.874418,-0.0532912]]],"btipPosition":[25.9431,257.888,5.85577],"carpPosition":[60.4524,313.889,71.3003],"dipPosition":[37.2262,278.348,4.60889],"direction":[-0.426435,-0.71634,-0.552278],"extended":false,"handId":558,"id":5580,"length":52.1025,"mcpPosition":[60.4524,313.889,71.3003],"pipPosition":[51.7619,302.765,23.4341],"stabilizedTipPosition":[25.7862,261.164,124.101],"timeVisible":1.37385,"tipPosition":[28.0216,262.595,6.09814],"tipVelocity":[-16.6843,32.5174,-145.821],"tool":false,"touchDistance":-0.479309,"touchZone":"touching","type":0,"width":20.2446},{"bases":[[[-0.704842,-0.698751,0.122245],[-0.611879,0.68607,0.39359],[0.35889,-0.202619,0.911122]],[[-0.654883,-0.718488,0.234316],[-0.753759,0.643366,-0.133894],[0.0545498,0.264303,0.962896]],[[-0.654883,-0.718488,0.234316],[-0.752477,0.59119,-0.290298],[-0.0700501,0.366428,0.927806]],[[-0.654883,-0.718488,0.234316],[-0.740477,0.548061,-0.389003],[-0.151074,0.428257,0.890939]]],"btipPosition":[14.233,309.914,-71.0111],"carpPosition":[38.6991,322.532,74.9968],"dipPosition":[11.6525,317.229,-55.7929],"direction":[0.0700501,-0.366428,-0.927806],"extended":true,"handId":558,"id":5581,"length":58.7918,"mcpPosition":[12.3027,337.435,7.98381],"pipPosition":[9.95977,326.083,-33.3735],"stabilizedTipPosition":[12.3357,327.837,47.9211],"timeVisible":1.37385,"tipPosition":[13.5181,311.177,-67.3418],"tipVelocity":[-55.8924,29.251,-134.497],"tool":false,"touchDistance":-0.470853,"touchZone":"touching","type":1,"width":19.3376},{"bases":[[[-0.535168,-0.826353,0.175316],[-0.714204,0.553446,0.428498],[0.451119,-0.104107,0.886371]],[[-0.528088,-0.827872,0.189079],[-0.550556,0.164258,-0.818479],[-0.646538,0.536327,0.542533]],[[-0.528088,-0.827872,0.189079],[0.498392,-0.482433,-0.720322],[-0.687553,0.286158,-0.667372]],[[-0.528088,-0.827872,0.189079],[0.790085,-0.560613,-0.24795],[-0.311271,-0.0184492,-0.950142]]],"btipPosition":[53.9471,288.939,25.4745],"carpPosition":[28.8631,315.31,76.6187],"dipPosition":[48.0992,288.592,7.62414],"direction":[0.687553,-0.286158,0.667372],"extended":false,"handId":558,"id":5582,"length":66.9886,"mcpPosition":[-2.60216,322.572,14.7949],"pipPosition":[28.5529,296.727,-11.3485],"stabilizedTipPosition":[41.5085,301.718,186.078],"timeVisible":1.37385,"tipPosition":[52.9615,288.877,21.5538],"tipVelocity":[-35.3332,25.4418,-153.124],"tool":false,"touchDistance":0.333333,"touchZone":"none","type":2,"width":18.9921},{"bases":[[[-0.407576,-0.872021,0.271038],[-0.735869,0.489392,0.467966],[0.54072,0.0087169,0.841158]],[[-0.411392,-0.87206,0.265079],[-0.667381,0.0901287,-0.739242],[-0.620773,0.481027,0.619075]],[[-0.411392,-0.87206,0.265079],[0.413788,-0.437825,-0.798178],[-0.812118,0.218677,-0.540966]],[[-0.411392,-0.87206,0.265079],[0.786754,-0.486595,-0.379794],[-0.460189,-0.0523082,-0.886279]]],"btipPosition":[46.2637,278.683,29.628],"carpPosition":[21.3097,305.794,78.4201],"dipPosition":[37.6678,277.706,13.0732],"direction":[0.812118,-0.218677,0.540966],"extended":false,"handId":558,"id":5583,"length":64.4113,"mcpPosition":[-12.552,305.249,25.744],"pipPosition":[15.1765,283.762,-1.90865],"stabilizedTipPosition":[30.6931,288.511,185.009],"timeVisible":1.37385,"tipPosition":[44.411,278.501,26.2879],"tipVelocity":[-31.8651,26.5318,-154.462],"tool":false,"touchDistance":0.333333,"touchZone":"none","type":3,"width":18.0722},{"bases":[[[-0.215027,-0.933945,0.285499],[-0.739623,0.346637,0.576889],[0.637747,0.0871147,0.765303]],[[-0.183432,-0.928537,0.322758],[-0.819644,-0.0367983,-0.571689],[-0.542712,0.369413,0.75432]],[[-0.183432,-0.928537,0.322758],[0.296651,-0.365308,-0.882354],[-0.937204,0.0661053,-0.34246]],[[-0.183432,-0.928537,0.322758],[0.771482,-0.339459,-0.538129],[-0.609236,-0.150292,-0.778617]]],"btipPosition":[30.4107,274.929,28.5933],"carpPosition":[19.3719,291.741,79.5092],"dipPosition":[19.9122,272.339,15.176],"direction":[0.937204,-0.0661053,0.34246],"extended":false,"handId":558,"id":5584,"length":50.4973,"mcpPosition":[-17.5982,286.691,35.1447],"pipPosition":[1.58654,273.632,8.47969],"stabilizedTipPosition":[14.4107,284.835,180.852],"timeVisible":1.37385,"tipPosition":[28.2329,274.139,25.8498],"tipVelocity":[-31.7412,30.3181,-139.335],"tool":false,"touchDistance":0.333333,"touchZone":"none","type":4,"width":16.0532}],"r":[[0.96339,-0.0513074,-0.26315],[-0.00681646,0.976513,-0.21535],[0.268018,0.209259,0.940413]],"s":0.904603,"t":[32.5508,-24.0634,-178.699],"timestamp":522540170744},false],[5,{"currentFrameRate":110.405,"devices":[],"gestures":[],"hands":[{"armBasis":[[-0.630327,-0.775519,0.0354578],[-0.776293,0.6292,-0.0384137],[-0.00748048,0.0517388,0.998633]],"armWidth":63.703,"confidence":0.686081,"direction":[-0.55979,0.177153,-0.809476],"elbow":[32.6568,314.608,350.09],"grabStrength":0.25499,"id":558,"palmNormal":[0.554977,-0.645266,-0.525008],"palmPosition":[11.5415,313.082,32.5604],"palmVelocity":[-33.3407,23.2945,-128.549],"palmWidth":90.9658,"pinchStrength":1,"r":[[0.962964,-0.049876,-0.264979],[-0.00883684,0.976377,-0.215894],[0.269487,0.21024,0.939774]],"s":0.903917,"sphereCenter":[27.5471,288.7,-1.87721],"sphereRadius":40.5993,"stabilizedPalmPosition":[-10.285,324.668,190.707],"t":[32.2235,-23.8802,-179.845],"timeVisible":1.38296,"type":"left","wrist":[34.676,300.642,80.5314]}],"id":4186599,"interactionBox":{"center":[0,200,0],"size":[235.247,235.247,147.751]},"pointables":[{"bases":[[[-0.853228,0.312676,0.417415],[0.46549,0.817506,0.339122],[0.235204,-0.483651,0.843066]],[[-0.876078,0.480033,0.0453392],[0.449983,0.847753,-0.280766],[0.173213,0.225571,0.958705]],[[-0.876078,0.480033,0.0453392],[0.231791,0.501741,-0.833384],[0.422801,0.7196,0.550831]],[[-0.876078,0.480033,0.0453392],[-0.0653861,-0.0251137,-0.997544],[0.477715,0.876891,-0.0533891]]],"btipPosition":[25.8873,257.946,4.76912],"carpPosition":[60.1205,314.248,70.1394],"dipPosition":[37.0646,278.463,3.51996],"direction":[-0.422801,-0.7196,-0.550831],"extended":false,"handId":558,"id":5580,"length":52.1025,"mcpPosition":[60.1205,314.248,70.1394],"pipPosition":[51.4764,302.991,22.2959],"stabilizedTipPosition":[25.7862,261.164,124.101],"timeVisible":1.38296,"tipPosition":[27.9523,262.698,4.9785],"tipVelocity":[-14.4964,25.6499,-138.483],"tool":false,"touchDistance":-0.476019,"touchZone":"touching","type":0,"width":20.2446},{"bases":[[[-0.700588,-0.702841,0.123253],[-0.615372,0.682542,0.394278],[0.36124,-0.20038,0.910689]],[[-0.65066,-0.722195,0.234683],[-0.757346,0.639704,-0.131171],[0.0553963,0.263084,0.963181]],[[-0.65066,-0.722195,0.234683],[-0.756118,0.587591,-0.288135],[-0.0701921,0.364926,0.928387]],[[-0.65066,-0.722195,0.234683],[-0.744016,0.544467,-0.387293],[-0.151924,0.426604,0.891588]]],"btipPosition":[13.6644,310.099,-72.1508],"carpPosition":[38.3217,322.765,73.8626],"dipPosition":[11.0694,317.385,-56.9216],"direction":[0.0701921,-0.364926,-0.928387],"extended":true,"handId":558,"id":5581,"length":58.7918,"mcpPosition":[11.7526,337.503,6.88148],"pipPosition":[9.37323,326.203,-34.4881],"stabilizedTipPosition":[12.3363,327.825,47.8339],"timeVisible":1.38296,"tipPosition":[12.9843,311.335,-68.4733],"tipVelocity":[-57.8066,26.5729,-131.822],"tool":false,"touchDistance":-0.469159,"touchZone":"touching","type":1,"width":19.3376},{"bases":[[[-0.530102,-0.829441,0.176125],[-0.716875,0.549327,0.429337],[0.45286,-0.101333,0.885805]],[[-0.52331,-0.830856,0.189277],[-0.553364,0.162424,-0.81695],[-0.648024,0.532257,0.544763]],[[-0.52331,-0.830856,0.189277],[0.499291,-0.478958,-0.722016],[-0.690547,0.283334,-0.665482]],[[-0.52331,-0.830856,0.189277],[0.79267,-0.556152,-0.249739],[-0.312764,-0.0193437,-0.949634]]],"btipPosition":[53.6776,289.214,24.2227],"carpPosition":[28.5303,315.486,75.4982],"dipPosition":[47.8017,288.851,6.38193],"direction":[0.690547,-0.283334,0.665482],"extended":false,"handId":558,"id":5582,"length":66.9886,"mcpPosition":[-3.05642,322.554,13.7139],"pipPosition":[28.1703,296.906,-12.5369],"stabilizedTipPosition":[41.5085,301.718,186.077],"timeVisible":1.38296,"tipPosition":[52.6777,289.164,20.3336],"tipVelocity":[-33.9353,26.6566,-148.706],"tool":false,"touchDistance":0.333333,"touchZone":"none","type":2,"width":18.9921},{"bases":[[[-0.402123,-0.874347,0.271689],[-0.738115,0.485153,0.468842],[0.541741,0.0120052,0.84046]],[[-0.405871,-0.874409,0.265853],[-0.669428,0.0863961,-0.737836],[-0.622202,0.477435,0.620419]],[[-0.405871,-0.874409,0.265853],[0.414025,-0.435244,-0.799466],[-0.814771,0.21441,-0.53868]],[[-0.405871,-0.874409,0.265853],[0.788373,-0.48212,-0.382137],[-0.462317,-0.0544928,-0.885039]]],"btipPosition":[46.102,278.929,28.4158],"carpPosition":[21.0349,305.926,77.3107],"dipPosition":[37.4664,277.911,11.8841],"direction":[0.814771,-0.21441,0.53868],"extended":false,"handId":558,"id":5583,"length":64.4113,"mcpPosition":[-12.8907,305.175,24.6783],"pipPosition":[14.9016,283.849,-3.0344],"stabilizedTipPosition":[30.6931,288.511,185.009],"timeVisible":1.38296,"tipPosition":[44.2302,278.745,25.0883],"tipVelocity":[-28.2285,26.363,-148.373],"tool":false,"touchDistance":0.333333,"touchZone":"none","type":3,"width":18.0722},{"bases":[[[-0.209197,-0.935143,0.285911],[-0.740893,0.342396,0.577791],[0.638211,0.0909572,0.764469]],[[-0.17685,-0.929388,0.323979],[-0.821518,-0.0419015,-0.568641],[-0.542063,0.366719,0.756099]],[[-0.17685,-0.929388,0.323979],[0.29541,-0.364113,-0.883264],[-0.93886,0.0604982,-0.338944]],[[-0.17685,-0.929388,0.323979],[0.771795,-0.335219,-0.540334],[-0.610783,-0.154488,-0.77658]]],"btipPosition":[30.2288,275.105,27.37],"carpPosition":[19.1807,291.862,78.4043],"dipPosition":[19.7036,272.443,13.9878],"direction":[0.93886,-0.0604982,0.338944],"extended":false,"handId":558,"id":5584,"length":50.4973,"mcpPosition":[-17.8163,286.589,34.0882],"pipPosition":[1.34554,273.626,7.36028],"stabilizedTipPosition":[14.4108,284.835,180.851],"timeVisible":1.38296,"tipPosition":[28.0451,274.31,24.6571],"tipVelocity":[-28.6651,26.7463,-137.694],"tool":false,"touchDistance":0.333333,"touchZone":"none","type":4,"width":16.0532}],"r":[[0.962964,-0.049876,-0.264979],[-0.00883684,0.976377,-0.215894],[0.269487,0.21024,0.939774]],"s":0.903917,"t":[32.2235,-23.8802,-179.845],"timestamp":522540179852},false],[6,{"currentFrameRate":110.433,"devices":[],"gestures":[],"hands":[{"armBasis":[[-0.621305,-0.782692,0.0370636],[-0.783529,0.620102,-0.0394528],[-0.0078962,0.0535526,0.998534]],"armWidth":63.703,"confidence":0.690496,"direction":[-0.563185,0.178379,-0.806848],"elbow":[32.4216,314.843,348.527],"grabStrength":0.252778,"id":558,"palmNormal":[0.560114,-0.635475,-0.531454],"palmPosition":[11.198,312.998,31.1758],"palmVelocity":[-34.659,14.3391,-135.468],"palmWidth":90.9658,"pinchStrength":1,"r":[[0.962602,-0.0464202,-0.266913],[-0.012439,0.9766,-0.214706],[0.270634,0.209996,0.939499]],"s":0.903795,"sphereCenter":[27.3617,289.117,-3.5156],"sphereRadius":40.6217,"stabilizedPalmPosition":[-10.2846,324.667,190.704],"t":[31.8881,-23.8305,-181.11],"timeVisible":1.39196,"type":"left","wrist":[34.553,300.388,78.9952]}],"id":4186600,"interactionBox":{"center":[0,200,0],"size":[235.247,235.247,147.751]},"pointables":[{"bases":[[[-0.855346,0.300899,0.421714],[0.458239,0.819167,0.344939],[0.241662,-0.488288,0.838555]],[[-0.880109,0.47241,0.0473057],[0.442644,0.852498,-0.278051],[0.171682,0.223776,0.959401]],[[-0.880109,0.47241,0.0473057],[0.226097,0.504656,-0.833188],[0.417479,0.722601,0.550962]],[[-0.880109,0.47241,0.0473057],[-0.0654317,-0.0220024,-0.997614],[0.470242,0.881104,-0.0502751]]],"btipPosition":[26.0417,257.913,3.1825],"carpPosition":[59.8422,314.327,68.6648],"dipPosition":[37.0441,278.528,2.00619],"direction":[-0.417479,-0.722601,-0.550962],"extended":false,"handId":558,"id":5580,"length":52.1025,"mcpPosition":[59.8422,314.327,68.6648],"pipPosition":[51.2745,303.159,20.7866],"stabilizedTipPosition":[25.7862,261.164,124.1],"timeVisible":1.39196,"tipPosition":[28.103,262.797,3.27208],"tipVelocity":[-7.03032,18.2902,-148.322],"tool":false,"touchDistance":-0.480299,"touchZone":"touching","type":0,"width":20.2446},{"bases":[[[-0.693467,-0.710619,0.118844],[-0.621142,0.673241,0.40116],[0.365082,-0.204373,0.908266]],[[-0.643358,-0.730345,0.229536],[-0.763545,0.633909,-0.123121],[0.0555845,0.254472,0.965482]],[[-0.643358,-0.730345,0.229536],[-0.762227,0.583114,-0.281047],[-0.0714158,0.355773,0.93184]],[[-0.643358,-0.730345,0.229536],[-0.749896,0.540847,-0.380972],[-0.154097,0.41723,0.895641]]],"btipPosition":[13.0883,310.978,-73.5842],"carpPosition":[37.9697,322.6,72.5025],"dipPosition":[10.4561,318.105,-58.2857],"direction":[0.0714158,-0.355773,-0.93184],"extended":true,"handId":558,"id":5581,"length":58.7918,"mcpPosition":[11.1178,337.632,5.69957],"pipPosition":[8.73044,326.702,-35.7688],"stabilizedTipPosition":[12.3364,327.812,47.7277],"timeVisible":1.39196,"tipPosition":[12.4237,312.167,-69.8928],"tipVelocity":[-59.7582,44.9834,-138.842],"tool":false,"touchDistance":-0.471838,"touchZone":"touching","type":1,"width":19.3376},{"bases":[[[-0.521649,-0.835986,0.17032],[-0.721273,0.538759,0.43532],[0.455683,-0.104237,0.884018]],[[-0.515081,-0.837391,0.182942],[-0.557318,0.165035,-0.813732],[-0.65122,0.521095,0.551699]],[[-0.515081,-0.837391,0.182942],[0.501564,-0.467535,-0.727904],[-0.695072,0.283173,-0.660824]],[[-0.515081,-0.837391,0.182942],[0.797206,-0.546434,-0.256656],[-0.314887,-0.0136433,-0.949031]]],"btipPosition":[53.5258,289.579,22.4687],"carpPosition":[28.2528,315.212,74.0976],"dipPosition":[47.61,289.322,4.63925],"direction":[0.695072,-0.283173,0.660824],"extended":false,"handId":558,"id":5582,"length":66.9886,"mcpPosition":[-3.53083,322.483,12.4378],"pipPosition":[27.8499,297.373,-14.1472],"stabilizedTipPosition":[41.5086,301.718,186.076],"timeVisible":1.39196,"tipPosition":[52.5093,289.564,18.6051],"tipVelocity":[-29.5236,31.203,-161.274],"tool":false,"touchDistance":0.333333,"touchZone":"none","type":2,"width":18.9921},{"bases":[[[-0.393039,-0.880433,0.26525],[-0.741805,0.474058,0.474335],[0.543364,0.0103317,0.839433]],[[-0.396767,-0.880483,0.259471],[-0.671569,0.0857428,-0.735964],[-0.625756,0.466259,0.625325]],[[-0.396767,-0.880483,0.259471],[0.417118,-0.424746,-0.803494],[-0.817673,0.21057,-0.53579]],[[-0.396767,-0.880483,0.259471],[0.792549,-0.471209,-0.387076],[-0.463079,-0.0520646,-0.884787]]],"btipPosition":[46.0733,279.233,26.7114],"carpPosition":[20.8545,305.566,75.8459],"dipPosition":[37.4234,278.26,10.1845],"direction":[0.817673,-0.21057,0.535791],"extended":false,"handId":558,"id":5583,"length":64.4113,"mcpPosition":[-13.1728,304.919,23.2778],"pipPosition":[14.7783,284.092,-4.65402],"stabilizedTipPosition":[30.6931,288.511,185.008],"timeVisible":1.39196,"tipPosition":[44.1973,279.05,23.3609],"tipVelocity":[-21.4478,28.7267,-159.565],"tool":false,"touchDistance":0.333333,"touchZone":"none","type":3,"width":18.0722},{"bases":[[[-0.199502,-0.939464,0.278578],[-0.742968,0.330385,0.582103],[0.638903,0.0908438,0.763905]],[[-0.166711,-0.93362,0.317114],[-0.822855,-0.0454615,-0.566429],[-0.543246,0.355369,0.760655]],[[-0.166711,-0.93362,0.317114],[0.295953,-0.354166,-0.887118],[-0.940542,0.0540415,-0.335351]],[[-0.166711,-0.93362,0.317114],[0.773303,-0.323334,-0.545396],[-0.611726,-0.154302,-0.775875]]],"btipPosition":[30.2382,275.249,25.5818],"carpPosition":[19.1393,291.475,76.8268],"dipPosition":[19.6968,272.59,12.2117],"direction":[0.940542,-0.0540415,0.335351],"extended":false,"handId":558,"id":5584,"length":50.4973,"mcpPosition":[-17.8978,286.209,32.5434],"pipPosition":[1.30584,273.647,5.6544],"stabilizedTipPosition":[14.4109,284.835,180.851],"timeVisible":1.39196,"tipPosition":[28.048,274.46,22.8765],"tipVelocity":[-20.6148,23.8238,-154.328],"tool":false,"touchDistance":0.333333,"touchZone":"none","type":4,"width":16.0532}],"r":[[0.962602,-0.0464202,-0.266913],[-0.012439,0.9766,-0.214706],[0.270634,0.209996,0.939499]],"s":0.903795,"t":