{"sensorType":"Leap","data":[[0,{"currentFrameRate":110.102,"devices":[],"gestures":[],"hands":[{"armBasis":[[0.994711,-0.0598624,-0.0834605],[0.0614057,0.997984,0.0160465],[0.0823316,-0.0210866,0.996382]],"armWidth":63.703,"confidence":0.678452,"direction":[0.21437,0.188442,-0.958402],"elbow":[47.4285,313.432,365.795],"grabStrength":0,"id":559,"palmNormal":[-0.0219481,-0.980036,-0.197605],"palmPosition":[29.2413,325.547,42.6808],"palmVelocity":[14.3911,-63.1802,-107.541],"palmWidth":90.9658,"pinchStrength":0.678889,"r":[[0.976629,0.203241,0.0699186],[-0.201183,0.978914,-0.0353933],[-0.0756377,0.0204997,0.996925]],"s":1.19195,"sphereCenter":[40.1091,284.164,19.0012],"sphereRadius":48.0234,"stabilizedPalmPosition":[-10.0536,315.531,162.314],"t":[57.2466,31.679,-156.23],"timeVisible":0.677947,"type":"right","wrist":[25.2049,319.124,96.8437]}],"id":4186999,"interactionBox":{"center":[0,200,0],"size":[235.247,235.247,147.751]},"pointables":[{"bases":[[[0.454405,0.887832,0.0726035],[-0.859732,0.415764,0.296651],[0.233191,-0.197219,0.952222]],[[0.333768,0.896988,-0.289849],[-0.938269,0.345747,-0.0104666],[0.0908259,0.27545,0.957015]],[[0.333768,0.896988,-0.289849],[-0.929702,0.262437,-0.25842],[-0.155732,0.355725,0.921524]],[[0.333768,0.896988,-0.289849],[-0.533447,-0.0737819,-0.842609],[-0.777196,0.435855,0.453869]]],"btipPosition":[15.3637,273.635,2.32898],"carpPosition":[-3.59636,309.704,92.1191],"dipPosition":[-2.82059,283.833,12.9483],"direction":[0.155732,-0.355725,-0.921524],"extended":false,"handId":559,"id":5590,"length":52.1025,"mcpPosition":[-3.59636,309.704,92.1191],"pipPosition":[-8.12896,295.958,44.3599],"stabilizedTipPosition":[-38.2449,267.688,144.237],"timeVisible":0.677947,"tipPosition":[11.0185,276.041,4.35608],"tipVelocity":[55.3051,-60.9785,-114.608],"tool":false,"touchDistance":-0.458486,"touchZone":"hovering","type":0,"width":20.2446},{"bases":[[[0.998636,-0.0308559,0.042113],[0.0287321,0.998329,0.0501377],[-0.0435897,-0.0488593,0.997854]],[[0.982313,-0.0374846,0.183456],[0.0543292,0.994667,-0.0876697],[-0.179192,0.0960861,0.979111]],[[0.982313,-0.0374846,0.183456],[0.0907057,0.952387,-0.291086],[-0.16381,0.302578,0.938942]],[[0.982313,-0.0374846,0.183456],[0.115864,0.891345,-0.438268],[-0.147095,0.451773,0.879923]]],"btipPosition":[24.373,314.805,-65.7746],"carpPosition":[6.9997,330.367,87.3899],"dipPosition":[21.8605,322.522,-50.7446],"direction":[0.16381,-0.302578,-0.938942],"extended":true,"handId":559,"id":5591,"length":58.7918,"mcpPosition":[10.2057,333.96,13.9977],"pipPosition":[17.9022,329.833,-28.056],"stabilizedTipPosition":[-11.1189,298.611,50.1541],"timeVisible":0.677947,"tipPosition":[24.3647,316.722,-62.2064],"tipVelocity":[4.265,-32.9441,-110.516],"tool":false,"touchDistance":-0.467917,"touchZone":"touching","type":1,"width":19.3376},{"bases":[[[0.963938,-0.206909,0.167371],[0.196186,0.977425,0.0784311],[-0.179821,-0.0427668,0.982769]],[[0.958115,-0.208098,0.196749],[0.242202,0.2222,-0.944439],[0.152818,0.952535,0.263295]],[[0.958115,-0.208098,0.196749],[-0.0329518,-0.76256,-0.646078],[0.28448,0.612534,-0.737478]],[[0.958115,-0.208098,0.196749],[-0.16436,-0.962172,-0.21728],[0.234522,0.175841,-0.956075]]],"btipPosition":[11.9203,268.084,45.0927],"carpPosition":[19.2352,331.719,87.4004],"dipPosition":[16.3263,271.388,27.1309],"direction":[-0.28448,-0.612534,0.737478],"extended":false,"handId":559,"id":5592,"length":66.9886,"mcpPosition":[31.7776,334.702,18.8528],"pipPosition":[24.4137,288.801,6.16531],"stabilizedTipPosition":[-29.2905,270.057,144.727],"timeVisible":0.677947,"tipPosition":[13.0806,268.821,40.208],"tipVelocity":[54.8968,-75.0965,-111.549],"tool":false,"touchDistance":0.333333,"touchZone":"none","type":2,"width":18.9921},{"bases":[[[0.909419,-0.284037,0.303778],[0.258721,0.958283,0.121477],[-0.325609,-0.0318799,0.944967]],[[0.916326,-0.283271,0.283027],[0.334305,0.152105,-0.93011],[0.220424,0.946901,0.234077]],[[0.916326,-0.283271,0.283027],[-0.0523163,-0.785432,-0.616733],[0.397001,0.550321,-0.734532]],[[0.916326,-0.283271,0.283027],[-0.227431,-0.949901,-0.214391],[0.329578,0.132083,-0.934843]]],"btipPosition":[24.734,272.097,56.8824],"carpPosition":[31.3401,330.105,88.7105],"dipPosition":[30.8902,274.564,39.4204],"direction":[-0.397001,-0.550321,0.734532],"extended":false,"handId":559,"id":5593,"length":64.4113,"mcpPosition":[51.7308,332.101,29.5335],"pipPosition":[41.885,289.805,19.0779],"stabilizedTipPosition":[-11.8702,273.686,153.934],"timeVisible":0.677947,"tipPosition":[26.4322,272.597,52.1017],"tipVelocity":[53.1054,-70.8309,-120.13],"tool":false,"touchDistance":0.333333,"touchZone":"none","type":3,"width":18.0722},{"bases":[[[0.810288,-0.440223,0.38683],[0.367229,0.895833,0.250252],[-0.456702,-0.0607207,0.887545]],[[0.837172,-0.435584,0.33077],[0.449531,0.203493,-0.869777],[0.311552,0.876845,0.366167]],[[0.837172,-0.435584,0.33077],[-0.0836608,-0.699633,-0.709587],[0.540503,0.566374,-0.622155]],[[0.837172,-0.435584,0.33077],[-0.321902,-0.881332,-0.345879],[0.442178,0.183084,-0.878043]]],"btipPosition":[39.5492,279.882,54.8236],"carpPosition":[42.2761,321.588,91.9223],"dipPosition":[47.1689,283.037,39.693],"direction":[-0.540503,-0.566374,0.622155],"extended":false,"handId":559,"id":5594,"length":50.4973,"mcpPosition":[68.751,325.108,40.4716],"pipPosition":[57.7377,294.112,27.5277],"stabilizedTipPosition":[2.2511,276.547,153.059],"timeVisible":0.677947,"tipPosition":[41.4972,280.601,51.4246],"tipVelocity":[47.5041,-60.6263,-129.096],"tool":false,"touchDistance":0.333333,"touchZone":"none","type":4,"width":16.0532}],"r":[[0.976629,0.203241,0.0699186],[-0.201183,0.978914,-0.0353933],[-0.0756377,0.0204997,0.996925]],"s":1.19195,"t":[57.2466,31.679,-156.23],"timestamp":522544167032},false],[1,{"currentFrameRate":110.193,"devices":[],"gestures":[],"hands":[{"armBasis":[[0.994921,-0.0548008,-0.0844329],[0.0557371,0.998407,0.00877109],[0.0838177,-0.0134326,0.996391]],"armWidth":63.703,"confidence":0.688382,"direction":[0.211956,0.195654,-0.957494],"elbow":[48.0462,314.997,365.027],"grabStrength":0,"id":559,"palmNormal":[-0.0138862,-0.979053,-0.203133],"palmPosition":[29.3572,325.386,41.9443],"palmVelocity":[14.0132,-50.8932,-100.753],"palmWidth":90.9658,"pinchStrength":0.678842,"r":[[0.975261,0.209691,0.0699719],[-0.207938,0.977633,-0.0315369],[-0.0750198,0.0162069,0.99705]],"s":1.19169,"sphereCenter":[40.4485,284.239,17.9993],"sphereRadius":47.9966,"stabilizedPalmPosition":[-9.97544,315.55,162.075],"t":[57.3335,31.3333,-156.991],"timeVisible":0.686861,"type":"right","wrist":[25.4214,318.623,96.0732]}],"id":4187000,"interactionBox":{"center":[0,200,0],"size":[235.247,235.247,147.751]},"pointables":[{"bases":[[[0.446995,0.891194,0.0772603],[-0.862938,0.406841,0.299698],[0.235657,-0.200634,0.950901]],[[0.325926,0.901367,-0.285149],[-0.941113,0.338016,-0.00721249],[0.0898839,0.270708,0.958456]],[[0.325926,0.901367,-0.285149],[-0.932201,0.256195,-0.255665],[-0.157394,0.349145,0.923756]],[[0.325926,0.901367,-0.285149],[-0.532482,-0.0742019,-0.843182],[-0.781175,0.426652,0.455778]]],"btipPosition":[15.8531,273.595,1.33606],"carpPosition":[-3.30374,308.988,91.3187],"dipPosition":[-2.42432,283.578,12.0001],"direction":[0.157394,-0.349145,-0.923756],"extended":false,"handId":559,"id":5590,"length":52.1025,"mcpPosition":[-3.30374,308.988,91.3187],"pipPosition":[-7.78934,295.479,43.4877],"stabilizedTipPosition":[-38.0655,267.717,143.732],"timeVisible":0.686861,"tipPosition":[11.5026,275.949,3.37828],"tipVelocity":[54.5407,-47.0908,-113.418],"tool":false,"touchDistance":-0.455711,"touchZone":"hovering","type":0,"width":20.2446},{"bases":[[[0.998896,-0.0227007,0.0411272],[0.0203897,0.998236,0.055766],[-0.0423206,-0.0548658,0.997596]],[[0.982927,-0.0302163,0.181499],[0.0458999,0.995505,-0.0828424],[-0.17818,0.0897588,0.979896]],[[0.982927,-0.0302163,0.181499],[0.0822747,0.954492,-0.286662],[-0.164577,0.296701,0.940682]],[[0.982927,-0.0302163,0.181499],[0.107675,0.89434,-0.434237],[-0.149201,0.446366,0.882324]]],"btipPosition":[24.4053,315.152,-66.5642],"carpPosition":[7.11433,329.766,86.6981],"dipPosition":[21.8568,322.776,-51.4932],"direction":[0.164577,-0.296701,-0.940682],"extended":true,"handId":559,"id":5591,"length":58.7918,"mcpPosition":[10.227,333.801,13.3248],"pipPosition":[17.88,329.946,-28.7626],"stabilizedTipPosition":[-11.0997,298.621,50.0917],"timeVisible":0.686861,"tipPosition":[24.3914,317.068,-62.9912],"tipVelocity":[3.83866,-14.0215,-104.255],"tool":false,"touchDistance":-0.461162,"touchZone":"touching","type":1,"width":19.3376},{"bases":[[[0.965785,-0.199745,0.165415],[0.188037,0.97858,0.0838047],[-0.178611,-0.0498331,0.982657]],[[0.959998,-0.201148,0.194789],[0.239443,0.229098,-0.943494],[0.145157,0.952394,0.268097]],[[0.959998,-0.201148,0.194789],[-0.0270117,-0.758943,-0.650597],[0.2787,0.61931,-0.734017]],[[0.959998,-0.201148,0.194789],[-0.156268,-0.962123,-0.223383],[0.232344,0.184008,-0.955069]]],"btipPosition":[12.5132,267.739,44.0577],"carpPosition":[19.3381,331.22,86.7063],"dipPosition":[16.8783,271.196,26.1149],"direction":[-0.2787,-0.61931,0.734017],"extended":false,"handId":559,"id":5592,"length":66.9886,"mcpPosition":[31.7961,334.696,18.1665],"pipPosition":[24.8014,288.803,5.24761],"stabilizedTipPosition":[-29.0259,270.048,144.079],"timeVisible":0.686861,"tipPosition":[13.6631,268.527,39.1903],"tipVelocity":[57.7734,-64.0981,-112.658],"tool":false,"touchDistance":0.333333,"touchZone":"none","type":2,"width":18.9921},{"bases":[[[0.912033,-0.278098,0.301426],[0.250768,0.959721,0.126691],[-0.324518,-0.0399581,0.945035]],[[0.918906,-0.277159,0.280704],[0.33224,0.160134,-0.929502],[0.212669,0.947386,0.239231]],[[0.918906,-0.277159,0.280704],[-0.0458489,-0.781802,-0.621838],[0.391803,0.558541,-0.73111]],[[0.918906,-0.277159,0.280704],[-0.219163,-0.950352,-0.220903],[0.327993,0.141469,-0.934027]]],"btipPosition":[25.3027,271.775,55.8248],"carpPosition":[31.4572,329.701,87.9974],"dipPosition":[31.4293,274.417,38.3781],"direction":[-0.391803,-0.558541,0.73111],"extended":false,"handId":559,"id":5593,"length":64.4113,"mcpPosition":[51.7796,332.203,28.8162],"pipPosition":[42.2802,289.886,18.1303],"stabilizedTipPosition":[-11.7198,273.681,153.536],"timeVisible":0.686861,"tipPosition":[26.9883,272.339,51.0776],"tipVelocity":[55.8098,-60.1667,-119.618],"tool":false,"touchDistance":0.333333,"touchZone":"none","type":3,"width":18.0722},{"bases":[[[0.814288,-0.435579,0.383674],[0.359908,0.897458,0.255022],[-0.455413,-0.0695743,0.887557]],[[0.840905,-0.43044,0.328026],[0.447335,0.211712,-0.868947],[0.304583,0.877439,0.370581]],[[0.840905,-0.43044,0.328026],[-0.0780266,-0.696224,-0.713571],[0.535529,0.574451,-0.619044]],[[0.840905,-0.43044,0.328026],[-0.314463,-0.881934,-0.351149],[0.440446,0.192131,-0.87698]]],"btipPosition":[40.039,279.731,53.8175],"carpPosition":[42.4671,321.258,91.1521],"dipPosition":[47.6288,283.041,38.7052],"direction":[-0.535529,-0.574451,0.619044],"extended":false,"handId":559,"id":5594,"length":50.4973,"mcpPosition":[68.8673,325.291,39.7006],"pipPosition":[58.1003,294.274,26.6007],"stabilizedTipPosition":[2.31461,276.554,152.894],"timeVisible":0.686861,"tipPosition":[41.9832,280.49,50.4212],"tipVelocity":[49.32,-47.6424,-124.549],"tool":false,"touchDistance":0.333333,"touchZone":"none","type":4,"width":16.0532}],"r":[[0.975261,0.209691,0.0699719],[-0.207938,0.977633,-0.0315369],[-0.0750198,0.0162069,0.99705]],"s":1.19169,"t":[57.3335,31.3333,-156.991],"timestamp":522544175946},false],[2,{"currentFrameRate":110.23,"devices":[],"gestures":[],"hands":[{"armBasis":[[0.995276,-0.0509506,-0.0826388],[0.0511562,0.998691,0.000370785],[0.0825117,-0.00459652,0.996579]],"armWidth":63.703,"confidence":0.698522,"direction":[0.209378,0.206063,-0.955876],"elbow":[47.9974,316.524,363.694],"grabStrength":0,"id":559,"palmNormal":[-0.00604188,-0.977252,-0.211995],"palmPosition":[29.5508,325.051,40.6199],"palmVelocity":[16.0698,-47.1327,-113.477],"palmWidth":90.9658,"pinchStrength":0.678735,"r":[[0.973793,0.216319,0.0702333],[-0.214946,0.976263,-0.0266386],[-0.0743286,0.0108442,0.997175]],"s":1.19095,"sphereCenter":[40.8846,284.196,16.2674],"sphereRadius":47.9566,"stabilizedPalmPosition":[-9.90189,315.568,161.849],"t":[57.4738,30.993,-158.033],"timeVisible":0.695867,"type":"right","wrist":[25.7252,317.765,94.6888]}],"id":4187001,"interactionBox":{"center":[0,200,0],"size":[235.247,235.247,147.751]},"pointables":[{"bases":[[[0.439731,0.894105,0.0849273],[-0.865951,0.396992,0.304181],[0.238254,-0.207301,0.948821]],[[0.318205,0.906562,-0.277293],[-0.943861,0.330327,-0.00317245],[0.0887215,0.262736,0.96078]],[[0.318205,0.906562,-0.277293],[-0.93458,0.250895,-0.252212],[-0.159074,0.339408,0.927091]],[[0.318205,0.906562,-0.277293],[-0.532285,-0.0711915,-0.843567],[-0.784486,0.416026,0.459895]]],"btipPosition":[16.4251,273.523,-0.434878],"carpPosition":[-2.92456,307.938,89.8738],"dipPosition":[-1.92985,283.257,10.3255],"direction":[0.159074,-0.339408,-0.927091],"extended":false,"handId":559,"id":5590,"length":52.1025,"mcpPosition":[-2.92456,307.938,89.8738],"pipPosition":[-7.35214,294.827,41.9268],"stabilizedTipPosition":[-37.9037,267.743,143.276],"timeVisible":0.695867,"tipPosition":[12.0614,275.821,1.634],"tipVelocity":[56.4601,-38.0895,-135.606],"tool":false,"touchDistance":-0.464705,"touchZone":"hovering","type":0,"width":20.2446},{"bases":[[[0.99909,-0.0148518,0.0399897],[0.0122392,0.997823,0.0648023],[-0.040865,-0.0642538,0.997097]],[[0.983521,-0.023704,0.179236],[0.0376768,0.996475,-0.0749596],[-0.176827,0.0804774,0.980946]],[[0.983521,-0.023704,0.179236],[0.0739845,0.957329,-0.279368],[-0.164965,0.288025,0.943307]],[[0.983521,-0.023704,0.179236],[0.0995695,0.898495,-0.427542],[-0.150908,0.438342,0.886049]]],"btipPosition":[24.4821,315.664,-67.9656],"carpPosition":[7.31772,328.842,85.4321],"dipPosition":[21.9044,323.151,-52.8309],"direction":[0.164965,-0.288025,-0.943307],"extended":true,"handId":559,"id":5591,"length":58.7918,"mcpPosition":[10.3233,333.567,12.0957],"pipPosition":[17.9182,330.111,-30.0369],"stabilizedTipPosition":[-11.0864,298.629,50.0483],"timeVisible":0.695867,"tipPosition":[24.4643,317.579,-64.3837],"tipVelocity":[4.92111,4.47805,-117.915],"tool":false,"touchDistance":-0.464179,"touchZone":"touching","type":1,"width":19.3376},{"bases":[[[0.96756,-0.193282,0.162696],[0.180071,0.979294,0.0925054],[-0.177207,-0.0602076,0.98233]],[[0.961817,-0.194999,0.19205],[0.236543,0.239271,-0.941699],[0.137678,0.95117,0.276261]],[[0.961817,-0.194999,0.19205],[-0.0213185,-0.752945,-0.657739],[0.272861,0.62853,-0.728352]],[[0.961817,-0.194999,0.19205],[-0.148381,-0.961142,-0.232784],[0.22998,0.195399,-0.953377]]],"btipPosition":[13.1771,267.222,42.2302],"carpPosition":[19.5291,330.397,85.4422],"dipPosition":[17.4977,270.893,24.3191],"direction":[-0.272861,-0.62853,0.728352],"extended":false,"handId":559,"id":5592,"length":66.9886,"mcpPosition":[31.8892,334.596,16.9252],"pipPosition":[25.2549,288.762,3.61291],"stabilizedTipPosition":[-28.7692,270.036,143.449],"timeVisible":0.695867,"tipPosition":[14.315,268.076,37.3851],"tipVelocity":[61.8418,-60.7674,-137.234],"tool":false,"touchDistance":0.333333,"touchZone":"none","type":2,"width":18.9921},{"bases":[[[0.91459,-0.273305,0.298042],[0.242998,0.960564,0.13516],[-0.323228,-0.0511929,0.944935]],[[0.921419,-0.272124,0.277373],[0.331371,0.177506,-0.926652],[0.202929,0.945748,0.253732]],[[0.921419,-0.272124,0.277373],[-0.0357151,-0.770118,-0.636901],[0.386926,0.576946,-0.71932]],[[0.921419,-0.272124,0.277373],[-0.207899,-0.948316,-0.239739],[0.328276,0.163235,-0.930371]]],"btipPosition":[25.9912,270.899,53.4993],"carpPosition":[31.6616,328.965,86.7082],"dipPosition":[32.1231,273.948,36.1209],"direction":[-0.386926,-0.576946,0.71932],"extended":false,"handId":559,"id":5593,"length":64.4113,"mcpPosition":[51.9032,332.171,27.5332],"pipPosition":[42.8389,289.927,16.1996],"stabilizedTipPosition":[-11.5722,273.673,153.144],"timeVisible":0.695867,"tipPosition":[27.6334,271.697,49.0211],"tipVelocity":[61.5167,-67.4826,-157.217],"tool":false,"touchDistance":0.333333,"touchZone":"none","type":3,"width":18.0722},{"bases":[[[0.818227,-0.432324,0.378948],[0.352774,0.89804,0.26282],[-0.453933,-0.081363,0.887313]],[[0.84457,-0.426508,0.323715],[0.444987,0.222838,-0.867369],[0.297804,0.876604,0.377993]],[[0.84457,-0.426508,0.323715],[-0.0725072,-0.690104,-0.720069],[0.530513,0.584677,-0.613766]],[[0.84457,-0.426508,0.323715],[-0.307068,-0.881083,-0.359725],[0.438646,0.20441,-0.875104]]],"btipPosition":[40.5985,279.359,52.0579],"carpPosition":[42.7436,320.585,89.7759],"dipPosition":[48.1573,282.881,36.9779],"direction":[-0.530513,-0.584677,0.613766],"extended":false,"handId":559,"id":5594,"length":50.4973,"mcpPosition":[69.058,325.302,38.3386],"pipPosition":[58.5307,294.314,24.9766],"stabilizedTipPosition":[2.37533,276.559,152.736],"timeVisible":0.695867,"tipPosition":[42.5383,280.175,48.6701],"tipVelocity":[52.621,-44.4056,-143.782],"tool":false,"touchDistance":0.333333,"touchZone":"none","type":4,"width":16.0532}],"r":[[0.973793,0.216319,0.0702333],[-0.214946,0.976263,-0.0266386],[-0.0743286,0.0108442,0.997175]],"s":1.19095,"t":[57.4738,30.993,-158.033],"timestamp":522544184952},false],[3,{"currentFrameRate":110.221,"devices":[],"gestures":[],"hands":[{"armBasis":[[0.995403,-0.0481314,-0.0828019],[0.0479874,0.998841,-0.00373025],[0.0828855,-0.000260341,0.996559]],"armWidth":63.703,"confidence":0.708957,"direction":[0.207788,0.212203,-0.954879],"elbow":[48.2556,317.195,362.81],"grabStrength":0,"id":559,"palmNormal":[-0.00116336,-0.976131,-0.217179],"palmPosition":[29.6406,324.858,39.779],"palmVelocity":[14.3556,-39.9798,-107.676],"palmWidth":90.9658,"pinchStrength":0.679392,"r":[[0.972366,0.222532,0.0705951],[-0.221541,0.97491,-0.0216612],[-0.0736442,0.00542287,0.99727]],"s":1.19031,"sphereCenter":[41.0436,284.187,15.1826],"sphereRadius":47.9199,"stabilizedPalmPosition":[-9.83641,315.583,161.647],"t":[57.5889,30.726,-158.975],"timeVisible":0.704955,"type":"right","wrist":[25.8825,317.265,93.8105]}],"id":4187002,"interactionBox":{"center":[0,200,0],"size":[235.247,235.247,147.751]},"pointables":[{"bases":[[[0.435201,0.89588,0.0894407],[-0.8678,0.390936,0.306745],[0.239841,-0.211112,0.94758]],[[0.313457,0.909653,-0.272535],[-0.945514,0.32558,-0.000782189],[0.0880204,0.257931,0.962145]],[[0.313457,0.909653,-0.272535],[-0.936107,0.247788,-0.249611],[-0.159529,0.333364,0.929203]],[[0.313457,0.909653,-0.272535],[-0.53187,-0.0695774,-0.843963],[-0.786676,0.409499,0.462008]]],"btipPosition":[16.732,273.501,-1.53961],"carpPosition":[-2.71933,307.317,88.9587],"dipPosition":[-1.67415,283.082,9.27016],"direction":[0.159529,-0.333364,-0.929203],"extended":false,"handId":559,"id":5590,"length":52.1025,"mcpPosition":[-2.71933,307.317,88.9587],"pipPosition":[-7.11193,294.446,40.9435],"stabilizedTipPosition":[-37.7658,267.765,142.887],"timeVisible":0.704955,"tipPosition":[12.3695,275.756,0.55168],"tipVelocity":[49.8203,-29.29,-131.371],"tool":false,"touchDistance":-0.462968,"touchZone":"hovering","type":0,"width":20.2446},{"bases":[[[0.999175,-0.00995224,0.039379],[0.00717319,0.997515,0.070094],[-0.0399788,-0.0697537,0.996763]],[[0.983974,-0.0195301,0.177238],[0.0326364,0.996918,-0.0713359],[-0.175299,0.0759771,0.981579]],[[0.983974,-0.0195301,0.177238],[0.0687854,0.958623,-0.276245],[-0.164509,0.284009,0.944603]],[[0.983974,-0.0195301,0.177238],[0.0943852,0.900359,-0.424788],[-0.151282,0.434709,0.887774]]],"btipPosition":[24.4424,315.875,-68.8385],"carpPosition":[7.41344,328.296,84.6226],"dipPosition":[21.8583,323.301,-53.6744],"direction":[0.164509,-0.284009,-0.944603],"extended":true,"handId":559,"id":5591,"length":58.7918,"mcpPosition":[10.3539,333.427,11.3107],"pipPosition":[17.8831,330.163,-30.849],"stabilizedTipPosition":[-11.0773,298.633,50.018],"timeVisible":0.704955,"tipPosition":[24.4294,317.818,-65.2582],"tipVelocity":[2.30358,9.25122,-111.656],"tool":false,"touchDistance":-0.459088,"touchZone":"touching","type":1,"width":19.3376},{"bases":[[[0.968626,-0.18919,0.161153],[0.175113,0.979698,0.0976091],[-0.176348,-0.0663267,0.982091]],[[0.962916,-0.19109,0.190468],[0.23479,0.245703,-0.940481],[0.132918,0.950324,0.281457]],[[0.962916,-0.19109,0.190468],[-0.0174395,-0.74856,-0.662838],[0.269238,0.634936,-0.724132]],[[0.962916,-0.19109,0.190468],[-0.143128,-0.960222,-0.239767],[0.228708,0.203614,-0.951963]]],"btipPosition":[13.5611,266.87,41.0422],"carpPosition":[19.6167,329.914,84.6344],"dipPosition":[17.8578,270.696,23.1577],"direction":[-0.269238,-0.634936,0.724132],"extended":false,"handId":559,"id":5592,"length":66.9886,"mcpPosition":[31.9169,334.54,16.1342],"pipPosition":[25.5119,288.746,2.57146],"stabilizedTipPosition":[-28.5326,270.023,142.867],"timeVisible":0.704955,"tipPosition":[14.6881,267.787,36.2488],"tipVelocity":[56.2498,-53.5766,-135.245],"tool":false,"touchDistance":0.333333,"touchZone":"none","type":2,"width":18.9921},{"bases":[[[0.916142,-0.2702,0.2961],[0.238158,0.961064,0.14013],[-0.322434,-0.0578608,0.944822]],[[0.922953,-0.268875,0.275433],[0.329785,0.18337,-0.926076],[0.198492,0.945559,0.257913]],[[0.922953,-0.268875,0.275433],[-0.0321414,-0.766912,-0.640947],[0.383568,0.582711,-0.716466]],[[0.922953,-0.268875,0.275433],[-0.203009,-0.947991,-0.245152],[0.327024,0.170349,-0.929536]]],"btipPosition":[26.3515,270.605,52.4032],"carpPosition":[31.7571,328.538,85.8863],"dipPosition":[32.46,273.787,35.0404],"direction":[-0.383568,-0.582711,0.716466],"extended":false,"handId":559,"id":5593,"length":64.4113,"mcpPosition":[51.949,332.161,26.7185],"pipPosition":[43.0828,289.925,15.1981],"stabilizedTipPosition":[-11.4342,273.664,152.776],"timeVisible":0.704955,"tipPosition":[27.9871,271.44,47.9287],"tipVelocity":[55.2983,-56.8252,-146.973],"tool":false,"touchDistance":0.333333,"touchZone":"none","type":3,"width":18.0722},{"bases":[[[0.820638,-0.430137,0.376211],[0.348325,0.898426,0.267398],[-0.453015,-0.088393,0.88711]],[[0.846738,-0.423946,0.321409],[0.443648,0.229253,-0.866383],[0.293616,0.876192,0.3822]],[[0.846738,-0.423946,0.321409],[-0.068877,-0.686414,-0.723942],[0.527532,0.590852,-0.610413]],[[0.846738,-0.423946,0.321409],[-0.302279,-0.880529,-0.365096],[0.437791,0.211986,-0.873728]]],"btipPosition":[40.9062,279.143,50.9594],"carpPosition":[42.8835,320.198,88.9036],"dipPosition":[48.4503,282.796,35.9032],"direction":[-0.527532,-0.590852,0.610413],"extended":false,"handId":559,"id":5594,"length":50.4973,"mcpPosition":[69.1447,325.322,37.4781],"pipPosition":[58.7655,294.349,23.9674],"stabilizedTipPosition":[2.4307,276.564,152.591],"timeVisible":0.704955,"tipPosition":[42.8456,279.996,47.5777],"tipVelocity":[47.3248,-37.7788,-137.272],"tool":false,"touchDistance":0.333333,"touchZone":"none","type":4,"width":16.0532}],"r":[[0.972366,0.222532,0.0705951],[-0.221541,0.97491,-0.0216612],[-0.0736442,0.00542287,0.99727]],"s":1.19031,"t":[57.5889,30.726,-158.975],"timestamp":522544194040},false],[4,{"currentFrameRate":100.874,"devices":[],"gestures":[],"hands":[{"armBasis":[[0.995463,-0.0345236,-0.0886632],[0.033575,0.999362,-0.0121681],[0.0890267,0.00913601,0.995987]],"armWidth":63.703,"confidence":0.737936,"direction":[0.200595,0.228784,-0.952586],"elbow":[50.0259,318.462,359.471],"grabStrength":0,"id":559,"palmNormal":[0.016475,-0.973,-0.230218],"palmPosition":[29.4307,324.377,36.6895],"palmVelocity":[0.646353,-26.1083,-111.294],"palmWidth":90.9658,"pinchStrength":0.690654,"r":[[0.970375,0.230962,0.0709091],[-0.230486,0.972961,-0.0149354],[-0.0724413,-0.00185063,0.997371]],"s":1.1894,"sphereCenter":[41.3507,284.218,11.4772],"sphereRadius":47.8738,"stabilizedPalmPosition":[-9.75196,315.602,161.378],"t":[57.5414,30.3523,-160.991],"timeVisible":0.732175,"type":"right","wrist":[25.9951,315.996,90.6259]}],"id":4187003,"interactionBox":{"center":[0,200,0],"size":[235.247,235.247,147.751]},"pointables":[{"bases":[[[0.418569,0.902653,0.100089],[-0.873977,0.370388,0.314605],[0.246908,-0.219159,0.943931]],[[0.295479,0.918982,-0.261083],[-0.95145,0.307736,0.00639782],[0.086224,0.246517,0.965295]],[[0.295479,0.918982,-0.261083],[-0.941546,0.233837,-0.24251],[-0.161811,0.317478,0.934358]],[[0.295479,0.918982,-0.261083],[-0.532433,-0.0685011,-0.843696],[-0.793226,0.388304,0.469056]]],"btipPosition":[17.3415,273.367,-5.26715],"carpPosition":[-2.43051,305.577,85.7289],"dipPosition":[-1.21788,282.453,5.70752],"direction":[0.161811,-0.317478,-0.934358],"extended":false,"handId":559,"id":5590,"length":52.1025,"mcpPosition":[-2.43051,305.577,85.7289],"pipPosition":[-6.73346,293.274,37.5565],"stabilizedTipPosition":[-37.5909,267.792,142.386],"timeVisible":0.732175,"tipPosition":[12.9511,275.5,-3.12519],"tipVelocity":[31.9764,-16.7521,-133.966],"tool":false,"touchDistance":-0.500349,"touchZone":"hovering","type":0,"width":20.2446},{"bases":[[[0.99931,0.0083595,0.0361824],[-0.0113558,0.99645,0.0834145],[-0.0353567,-0.0837678,0.995858]],[[0.985088,-0.0031739,0.172022],[0.0138223,0.998058,-0.0607392],[-0.171495,0.0622112,0.983219]],[[0.985088,-0.0031739,0.172022],[0.0495966,0.962626,-0.266256],[-0.164747,0.270817,0.948428]],[[0.985088,-0.0031739,0.172022],[0.0754665,0.906486,-0.415437],[-0.154617,0.422223,0.893208]]],"btipPosition":[23.8798,316.532,-72.0072],"carpPosition":[7.29151,326.798,81.643],"dipPosition":[21.2388,323.744,-56.7503],"direction":[0.164747,-0.270817,-0.948428],"extended":true,"handId":559,"id":5591,"length":58.7918,"mcpPosition":[9.89199,332.96,8.39766],"pipPosition":[17.2579,330.288,-33.8325],"stabilizedTipPosition":[-11.0651,298.64,49.976],"timeVisible":0.732175,"tipPosition":[23.8558,318.49,-68.4155],"tipVelocity":[-12.2658,17.3624,-114.123],"tool":false,"touchDistance":-0.488723,"touchZone":"touching","type":1,"width":19.3376},{"bases":[[[0.972542,-0.173028,0.15564],[0.156979,0.981437,0.110174],[-0.171814,-0.0827168,0.981651]],[[0.96702,-0.175405,0.184674],[0.227499,0.26882,-0.935938],[0.114524,0.947084,0.299859]],[[0.96702,-0.175405,0.184674],[-0.00270348,-0.732098,-0.681194],[0.254684,0.65823,-0.708427]],[[0.96702,-0.175405,0.184674],[-0.123138,-0.95667,-0.263854],[0.222954,0.232412,-0.946719]]],"btipPosition":[14.4985,265.698,36.6458],"carpPosition":[19.4622,328.645,81.6391],"dipPosition":[18.6871,270.064,18.8598],"direction":[-0.254684,-0.65823,0.708427],"extended":false,"handId":559,"id":5592,"length":66.9886,"mcpPosition":[31.4461,334.415,13.1695],"pipPosition":[25.9275,288.777,-1.27993],"stabilizedTipPosition":[-28.146,269.994,141.898],"timeVisible":0.732175,"tipPosition":[15.5605,266.871,32.1694],"tipVelocity":[42.133,-44.2078,-151.047],"tool":false,"touchDistance":0.333333,"touchZone":"none","type":2,"width":18.9921},{"bases":[[[0.922038,-0.256804,0.28965],[0.220505,0.96343,0.152249],[-0.318156,-0.0765103,0.944946]],[[0.928755,-0.255075,0.26898],[0.322877,0.20017,-0.925031],[0.182111,0.945975,0.268266]],[[0.928755,-0.255075,0.26898],[-0.0199077,-0.758887,-0.650918],[0.370159,0.599188,-0.709898]],[[0.928755,-0.255075,0.26898],[-0.185632,-0.948108,-0.258132],[0.320865,0.18981,-0.92791]]],"btipPosition":[27.175,269.879,48.6696],"carpPosition":[31.6304,327.482,82.8353],"dipPosition":[33.1685,273.424,31.3372],"direction":[-0.370159,-0.599189,0.709898],"extended":false,"handId":559,"id":5593,"length":64.4113,"mcpPosition":[51.5544,332.273,23.6597],"pipPosition":[43.4199,290.019,11.6768],"stabilizedTipPosition":[-11.2098,273.648,152.17],"timeVisible":0.732175,"tipPosition":[28.7802,270.813,44.1986],"tipVelocity":[39.1353,-36.1922,-140.719],"tool":false,"touchDistance":0.333333,"touchZone":"none","type":3,"width":18.0722},{"bases":[[[0.829825,-0.419566,0.367907],[0.332251,0.90119,0.278329],[-0.448331,-0.108727,0.88723]],[[0.855187,-0.412301,0.314107],[0.436717,0.24677,-0.865091],[0.279166,0.876991,0.391093]],[[0.855187,-0.412301,0.314107],[-0.0576609,-0.677925,-0.732866],[0.515102,0.608626,-0.603526]],[[0.855187,-0.412301,0.314107],[-0.285907,-0.880713,-0.377626],[0.432334,0.233136,-0.871054]]],"btipPosition":[41.5206,278.697,47.2603],"carpPosition":[42.9216,319.314,85.7066],"dipPosition":[48.9707,282.715,32.2501],"direction":[-0.515102,-0.608626,0.603526],"extended":false,"handId":559,"id":5594,"length":50.4973,"mcpPosition":[68.9113,325.617,34.2741],"pipPosition":[59.0428,294.616,20.449],"stabilizedTipPosition":[2.51019,276.57,152.379],"timeVisible":0.732175,"tipPosition":[43.4531,279.651,43.8683],"tipVelocity":[31.4531,-22.5645,-136.176],"tool":false,"touchDistance":0.333333,"touchZone":"none","type":4,"width":16.0532}],"r":[[0.970375,0.230962,0.0709091],[-0.230486,0.972961,-0.0149354],[-0.0724413,-0.00185063,0.997371]],"s":1.1894,"t":[57.5414,30.3523,-160.991],"timestamp":522544221260},false],[5,{"currentFrameRate":101.371,"devices":[],"gestures":[],"hands":[{"armBasis":[[0.995454,-0.0339262,-0.0889961],[0.0328168,0.999365,-0.0139005],[0.0894112,0.0109167,0.995935]],"armWidth":63.703,"confidence":0.74346,"direction":[0.19929,0.232396,-0.951985],"elbow":[50.1317,318.668,358.798],"grabStrength":0,"id":559,"palmNormal":[0.0179891,-0.972176,-0.233559],"palmPosition":[29.367,324.292,36.0568],"palmVelocity":[-1.47584,-21.588,-100.337],"palmWidth":90.9658,"pinchStrength":0.690416,"r":[[0.968656,0.237988,0.0711832],[-0.237971,0.971232,-0.00884814],[-0.0712412,-0.00836874,0.997424]],"s":1.18879,"sphereCenter":[41.293,284.244,10.6892],"sphereRadius":47.8656,"stabilizedPalmPosition":[-9.73108,315.607,161.311],"t":[57.4859,30.1231,-162.315],"timeVisible":0.741082,"type":"right","wrist":[25.9971,315.721,89.9674]}],"id":4187004,"interactionBox":{"center":[0,200,0],"size":[235.247,235.247,147.751]},"pointables":[{"bases":[[[0.417057,0.90305,0.102783],[-0.874338,0.367752,0.316688],[0.248186,-0.221944,0.942945]],[[0.293631,0.920406,-0.258136],[-0.951989,0.306022,0.0082523],[0.0865905,0.243319,0.966073]],[[0.293631,0.920406,-0.258136],[-0.942215,0.233108,-0.240608],[-0.161284,0.313869,0.935668]],[[0.293631,0.920406,-0.258136],[-0.532945,-0.0665525,-0.843529],[-0.793568,0.385258,0.470984]]],"btipPosition":[17.3293,273.412,-6.06321],"carpPosition":[-2.41449,305.268,85.0614],"dipPosition":[-1.23813,282.426,4.95656],"direction":[0.161284,-0.313869,-0.935668],"extended":false,"handId":559,"id":5590,"length":52.1025,"mcpPosition":[-2.41449,305.268,85.0614],"pipPosition":[-6.73573,293.125,36.8502],"stabilizedTipPosition":[-37.5492,267.798,142.266],"timeVisible":0.741082,"tipPosition":[12.9378,275.526,-3.90674],"tipVelocity":[22.8428,-11.3195,-121.512],"tool":false,"touchDistance":-0.490433,"touchZone":"hovering","type":0,"width":20.2446},{"bases":[[[0.999327,0.0100168,0.0352755],[-0.01305,0.996137,0.0868319],[-0.0342694,-0.0872339,0.995598]],[[0.985311,-0.00197643,0.170756],[0.0119932,0.998265,-0.0576498],[-0.170346,0.0588509,0.983625]],[[0.985311,-0.00197643,0.170756],[0.047538,0.963582,-0.263155],[-0.164017,0.267407,0.949522]],[[0.985311,-0.00197643,0.170756],[0.0732942,0.908041,-0.412418],[-0.154238,0.418876,0.894848]]],"btipPosition":[23.7008,316.793,-72.664],"carpPosition":[7.2659,326.521,81.039],"dipPosition":[21.0662,323.947,-57.3791],"direction":[0.164017,-0.267407,-0.949522],"extended":true,"handId":559,"id":5591,"length":58.7918,"mcpPosition":[9.78642,332.937,7.81276],"pipPosition":[17.1029,330.409,-34.4349],"stabilizedTipPosition":[-11.0617,298.642,49.9642],"timeVisible":0.741082,"tipPosition":[23.6767,318.739,-69.0657],"tipVelocity":[-14.3525,20.2134,-102.935],"tool":false,"touchDistance":-0.477939,"touchZone":"touching","type":1,"width":19.3376},{"bases":[[[0.972994,-0.171826,0.154137],[0.155337,0.981333,0.113383],[-0.170742,-0.0863775,0.981522]],[[0.967514,-0.174307,0.183122],[0.226066,0.272196,-0.935309],[0.113186,0.946323,0.302758]],[[0.967514,-0.174307,0.183122],[-0.00198377,-0.729538,-0.683938],[0.25281,0.661356,-0.706183]],[[0.967514,-0.174307,0.183122],[-0.121542,-0.95582,-0.267649],[0.221685,0.236697,-0.945955]]],"btipPosition":[14.5364,265.565,35.8279],"carpPosition":[19.4333,328.389,81.03],"dipPosition":[18.7012,270.012,18.0562],"direction":[-0.25281,-0.661356,0.706183],"extended":false,"handId":559,"id":5592,"length":66.9886,"mcpPosition":[31.3424,334.414,12.5694],"pipPosition":[25.8883,288.813,-2.01974],"stabilizedTipPosition":[-28.0458,269.986,141.645],"timeVisible":0.741082,"tipPosition":[15.5915,266.762,31.3613],"tipVelocity":[31.6548,-35.686,-134.83],"tool":false,"touchDistance":0.333333,"touchZone":"none","type":2,"width":18.9921},{"bases":[[[0.922766,-0.256149,0.287907],[0.218934,0.963296,0.155336],[-0.317129,-0.0803064,0.944976]],[[0.929473,-0.254334,0.267197],[0.321479,0.203231,-0.92485],[0.180918,0.945522,0.270661]],[[0.929473,-0.254334,0.267197],[-0.0192574,-0.756793,-0.65337],[0.368387,0.602145,-0.708317]],[[0.929473,-0.254334,0.267197],[-0.184109,-0.947498,-0.261442],[0.319662,0.19381,-0.927499]]],"btipPosition":[27.2098,269.742,47.8848],"carpPosition":[31.6046,327.244,82.2109],"dipPosition":[33.1808,273.362,30.5601],"direction":[-0.368387,-0.602145,0.708317],"extended":false,"handId":559,"id":5593,"length":64.4113,"mcpPosition":[51.4643,332.273,23.0333],"pipPosition":[43.3831,290.038,10.9435],"stabilizedTipPosition":[-11.1516,273.643,152.011],"timeVisible":0.741082,"tipPosition":[28.8087,270.696,43.4123],"tipVelocity":[29.3878,-30.0041,-126.346],"tool":false,"touchDistance":0.333333,"touchZone":"none","type":3,"width":18.0722},{"bases":[[[0.830916,-0.419342,0.365693],[0.330909,0.900824,0.281098],[-0.447301,-0.112557,0.887273]],[[0.856052,-0.411904,0.312267],[0.435534,0.249465,-0.864915],[0.278362,0.876415,0.392953]],[[0.856052,-0.411904,0.312267],[-0.0568605,-0.675503,-0.735162],[0.513753,0.611581,-0.601686]],[[0.856052,-0.411904,0.312267],[-0.284246,-0.879719,-0.381182],[0.431717,0.237551,-0.870167]]],"btipPosition":[41.5178,278.578,46.4779],"carpPosition":[42.9131,319.086,85.0436],"dipPosition":[48.9573,282.671,31.483],"direction":[-0.513753,-0.611581,0.601686],"extended":false,"handId":559,"id":5594,"length":50.4973,"mcpPosition":[68.843,325.611,33.6087],"pipPosition":[59.003,294.63,19.7179],"stabilizedTipPosition":[2.53008,276.571,152.326],"timeVisible":0.741082,"tipPosition":[43.4544,279.556,43.0803],"tipVelocity":[22.7318,-19.5398,-122.914],"tool":false,"touchDistance":0.333333,"touchZone":"none","type":4,"width":16.0532}],"r":[[0.968656,0.237988,0.0711832],[-0.237971,0.971232,-0.00884814],[-0.0712412,-0.00836874,0.997424]],"s":1.18879,"t":[57.4859,30.1231,-162.315],"timestamp":522544230167},false],[6,{"currentFrameRate":101.744,"devices":[],"gestures":[],"hands":[{"armBasis":[[0.995841,-0.0296472,-0.0861525],[0.0284285,0.999478,-0.0153388],[0.0865623,0.0128258,0.996164]],"armWidth":63.703,"confidence":0.748226,"direction":[0.195754,0.238788,-0.951137],"elbow":[49.5002,318.952,357.514],"grabStrength":0,"id":559,"palmNormal":[0.0230203,-0.970753,-0.238975],"palmPosition":[29.3307,324.378,34.7519],"palmVelocity":[-2.17133,-12.9807,-112.236],"palmWidth":90.9658,"pinchStrength":0.689624,"r":[[0.966995,0.24463,0.0712591],[-0.245059,0.969504,-0.00279655],[-0.0697701,-0.0147584,0.997454]],"s":1.18849,"sphereCenter":[41.3457,284.533,9.1262],"sphereRadius":47.8563,"stabilizedPalmPosition":[-9.7162,315.61,161.263],"t":[57.44,30.0515,-163.629],"timeVisible":0.750193,"type":"right","wrist":[26.1346,315.49,88.6217]}],"id":4187005,"interactionBox":{"center":[0,200,0],"size":[235.247,235.247,147.751]},"pointables":[{"bases":[[[0.412111,0.904849,0.106827],[-0.875697,0.360971,0.32071],[0.251633,-0.225716,0.941134]],[[0.287862,0.923524,-0.253454],[-0.953688,0.300557,0.0119964],[0.0872562,0.238263,0.967273]],[[0.287862,0.923524,-0.253454],[-0.944232,0.229519,-0.236107],[-0.159878,0.307285,0.938091]],[[0.287862,0.923524,-0.253454],[-0.534141,-0.0648368,-0.842905],[-0.794876,0.378021,0.474628]]],"btipPosition":[17.4654,273.692,-7.62956],"carpPosition":[-2.22787,304.901,83.7228],"dipPosition":[-1.13265,282.537,3.47549],"direction":[0.159878,-0.307285,-0.938091],"extended":false,"handId":559,"id":5590,"length":52.1025,"mcpPosition":[-2.22787,304.901,83.7228],"pipPosition":[-6.58233,293.011,35.4517],"stabilizedTipPosition":[-37.5191,267.803,142.178],"timeVisible":0.750193,"tipPosition":[13.0781,275.756,-5.43845],"tipVelocity":[20.4351,-0.849786,-134.9],"tool":false,"touchDistance":-0.492924,"touchZone":"hovering","type":0,"width":20.2446},{"bases":[[[0.999332,0.0155615,0.033052],[-0.0185577,0.995552,0.0923718],[-0.0314676,-0.0929235,0.995176]],[[0.985827,0.00281252,0.167743],[0.0061724,0.998574,-0.0530183],[-0.167653,0.0533023,0.984404]],[[0.985827,0.00281252,0.167743],[0.0412596,0.965086,-0.258665],[-0.162613,0.26192,0.951291]],[[0.985827,0.00281252,0.167743],[0.0668495,0.910468,-0.408142],[-0.153872,0.413571,0.897375]]],"btipPosition":[23.3942,317.383,-73.9953],"carpPosition":[7.32124,326.231,79.796],"dipPosition":[20.7659,324.448,-58.6672],"direction":[0.162613,-0.26192,-0.951291],"extended":true,"handId":559,"id":5591,"length":58.7918,"mcpPosition":[9.63568,333.066,6.60082],"pipPosition":[16.8365,330.777,-35.6803],"stabilizedTipPosition":[-11.0581,298.645,49.9514],"timeVisible":0.750193,"tipPosition":[23.3687,319.323,-70.3897],"tipVelocity":[-19.6629,31.9575,-114.615],"tool":false,"touchDistance":-0.478299,"touchZone":"touching","type":1,"width":19.3376},{"bases":[[[0.974317,-0.167083,0.150965],[0.149972,0.981568,0.118456],[-0.167975,-0.0927733,0.981416]],[[0.968933,-0.169749,0.179875],[0.222223,0.278271,-0.934442],[0.108566,0.945384,0.307348]],[[0.968933,-0.169749,0.179875],[0.000656924,-0.725513,-0.688208],[0.247324,0.666946,-0.702861]],[[0.968933,-0.169749,0.179875],[-0.116518,-0.954814,-0.273413],[0.218159,0.24396,-0.944929]]],"btipPosition":[14.8326,265.541,34.24],"carpPosition":[19.4777,328.17,79.7696],"dipPosition":[18.9311,270.125,16.4876],"direction":[-0.247324,-0.666946,0.702861],"extended":false,"handId":559,"id":5592,"length":66.9886,"mcpPosition":[31.1938,334.641,11.3164],"pipPosition":[25.9622,289.085,-3.49393],"stabilizedTipPosition":[-27.9684,269.98,141.448],"timeVisible":0.750193,"tipPosition":[15.8699,266.778,29.7837],"tipVelocity":[31.4279,-25.5438,-145.641],"tool":false,"touchDistance":0.333333,"touchZone":"none","type":2,"width":18.9921},{"bases":[[[0.924882,-0.25243,0.284381],[0.213768,0.963665,0.160164],[-0.314479,-0.0873414,0.945238]],[[0.931668,-0.250419,0.26322],[0.317003,0.206368,-0.925701],[0.177493,0.945887,0.27165]],[[0.931668,-0.250419,0.26322],[-0.0173146,-0.754286,-0.656317],[0.362897,0.606912,-0.707081]],[[0.931668,-0.250419,0.26322],[-0.179199,-0.946986,-0.266654],[0.316041,0.201265,-0.927152]]],"btipPosition":[27.4699,269.739,46.4891],"carpPosition":[31.6581,327.087,80.9163],"dipPosition":[33.3733,273.498,29.1708],"direction":[-0.362897,-0.606912,0.707081],"extended":false,"handId":559,"id":5593,"length":64.4113,"mcpPosition":[51.3517,332.557,21.7224],"pipPosition":[43.4236,290.307,9.58846],"stabilizedTipPosition":[-11.1065,273.64,151.888],"timeVisible":0.750193,"tipPosition":[29.0547,270.727,41.9736],"tipVelocity":[28.6824,-20.799,-133.75],"tool":false,"touchDistance":0.333333,"touchZone":"none","type":3,"width":18.0722},{"bases":[[[0.834149,-0.416575,0.361472],[0.32639,0.901144,0.285322],[-0.444596,-0.120021,0.887654]],[[0.858841,-0.408799,0.308668],[0.432628,0.256231,-0.864395],[0.274274,0.875916,0.396919]],[[0.858841,-0.408799,0.308668],[-0.0534576,-0.67082,-0.739691],[0.509446,0.618776,-0.597981]],[[0.858841,-0.408799,0.308668],[-0.278861,-0.878593,-0.387701],[0.429685,0.246897,-0.868569]]],"btipPosition":[41.7313,278.62,44.8501],"carpPosition":[43.0196,318.98,83.6782],"dipPosition":[49.1357,282.875,29.8828],"direction":[-0.509446,-0.618776,0.597981],"extended":false,"handId":559,"id":5594,"length":50.4973,"mcpPosition":[68.7927,325.937,32.2211],"pipPosition":[59.0972,294.974,18.1901],"stabilizedTipPosition":[2.54494,276.572,152.286],"timeVisible":0.750193,"tipPosition":[43.6637,279.654,41.4704],"tipVelocity":[22.6808,-11.7105,-138.187],"tool":false,"touchDistance":0.333333,"touchZone":"none","type":4,"width":16.0532}],"r":[[0.966995,0.24463,0.0712591],[-0.245059,0.969504,-0.00279655],[-0.0697701