{"sensorType":"Leap","data":[[0,{"currentFrameRate":106.284,"devices":[],"gestures":[],"hands":[{"armBasis":[[0.998941,0.00872041,-0.0451846],[-0.00826883,0.999914,0.0101716],[0.0452694,-0.00978718,0.998927]],"armWidth":63.703,"confidence":0.616277,"direction":[0.111099,0.500098,-0.858813],"elbow":[42.5831,303.254,360.563],"grabStrength":0,"id":553,"palmNormal":[0.0720046,-0.865942,-0.494934],"palmPosition":[29.1187,329.102,41.4164],"palmVelocity":[25.9867,-20.2689,-237.348],"palmWidth":90.9658,"pinchStrength":0.809291,"r":[[0.965975,0.250923,0.0626934],[-0.251995,0.96768,0.00968701],[-0.0582364,-0.0251558,0.997986]],"s":1.15843,"sphereCenter":[36.5734,295.403,3.05409],"sphereRadius":46.5079,"stabilizedPalmPosition":[10.5207,334.518,119.765],"t":[19.1868,-5.60312,-79.3943],"timeVisible":0.244117,"type":"right","wrist":[30.3636,305.896,90.925]}],"id":4183756,"interactionBox":{"center":[0,200,0],"size":[235.247,235.247,147.751]},"pointables":[{"bases":[[[0.356131,0.874864,0.328303],[-0.873269,0.186577,0.4501],[0.332523,-0.446992,0.830438]],[[0.204526,0.97882,-0.00892815],[-0.9709,0.204015,0.125426],[0.124591,-0.0169845,0.992063]],[[0.204526,0.97882,-0.00892815],[-0.977756,0.203854,-0.0493571],[-0.0464917,0.0188244,0.998741]],[[0.204526,0.97882,-0.00892815],[-0.886163,0.181276,-0.426444],[-0.415793,0.0951307,0.90447]]],"btipPosition":[7.607,292.62,-19.963],"carpPosition":[2.51141,294.64,84.751],"dipPosition":[-2.12146,294.846,1.19921],"direction":[0.0464917,-0.0188244,-0.998741],"extended":false,"handId":553,"id":5530,"length":52.1025,"mcpPosition":[2.51141,294.64,84.751],"pipPosition":[-3.7062,295.488,35.2428],"stabilizedTipPosition":[-19.3717,295.404,60.2961],"timeVisible":0.244117,"tipPosition":[6.63582,292.863,-15.0547],"tipVelocity":[39.9302,-19.1712,-247.699],"tool":false,"touchDistance":-0.178795,"touchZone":"hovering","type":0,"width":20.2446},{"bases":[[[0.99578,0.0907219,-0.0138587],[-0.0796489,0.929322,0.360577],[0.0455915,-0.357952,0.932626]],[[0.995192,0.0948185,-0.024547],[-0.09406,0.995102,0.0304043],[0.0273096,-0.0279492,0.999236]],[[0.995192,0.0948185,-0.024547],[-0.0968192,0.990242,-0.10023],[0.0148038,0.102124,0.994661]],[[0.995192,0.0948185,-0.024547],[-0.0977796,0.976341,-0.192867],[0.00567887,0.194339,0.980918]]],"btipPosition":[5.30363,338.714,-65.998],"carpPosition":[10.2846,316.973,86.3049],"dipPosition":[5.40063,342.033,-49.2429],"direction":[-0.0148038,-0.102124,-0.994661],"extended":true,"handId":553,"id":5531,"length":58.7918,"mcpPosition":[6.93132,343.3,17.7102],"pipPosition":[5.75835,344.501,-25.2079],"stabilizedTipPosition":[-13.493,336.464,0.0795202],"timeVisible":0.244117,"tipPosition":[5.46939,338.722,-62.1219],"tipVelocity":[25.6925,-1.22352,-235.769],"tool":false,"touchDistance":-0.284526,"touchZone":"hovering","type":1,"width":19.3376},{"bases":[[[0.991675,-0.118238,0.0510047],[0.0908665,0.923197,0.373431],[-0.0912411,-0.365688,0.926255]],[[0.98998,-0.124439,0.0667471],[0.130898,0.63138,-0.764347],[0.0529716,0.765425,0.641342]],[[0.98998,-0.124439,0.0667471],[0.075524,0.0671977,-0.994877],[0.119316,0.989949,0.0759225]],[[0.98998,-0.124439,0.0667471],[0.0376475,-0.222983,-0.974095],[0.136099,0.966847,-0.216064]]],"btipPosition":[20.1109,262.185,-7.40906],"carpPosition":[22.2484,319.87,86.2005],"dipPosition":[22.6678,280.35,-11.4683],"direction":[-0.119316,-0.989949,-0.0759225],"extended":false,"handId":553,"id":5532,"length":66.9886,"mcpPosition":[28.6124,345.377,21.5948],"pipPosition":[26.0598,308.493,-9.30987],"stabilizedTipPosition":[7.26614,273.316,13.522],"timeVisible":0.244117,"tipPosition":[20.9379,267.432,-10.3185],"tipVelocity":[58.2623,-55.0139,-158.351],"tool":false,"touchDistance":0.10976,"touchZone":"hovering","type":2,"width":18.9921},{"bases":[[[0.957748,-0.240019,0.158458],[0.15853,0.900262,0.405458],[-0.239971,-0.363206,0.900275]],[[0.961312,-0.234428,0.14465],[0.253746,0.549243,-0.796206],[0.107205,0.802107,0.587479]],[[0.961312,-0.234428,0.14465],[0.144136,-0.0194214,-0.989367],[0.234744,0.97194,0.0151194]],[[0.961312,-0.234428,0.14465],[0.0743327,-0.284874,-0.955679],[0.265245,0.929457,-0.256427]]],"btipPosition":[33.3083,262.194,8.15187],"carpPosition":[34.5248,319.556,86.4003],"dipPosition":[38.2628,279.555,3.36206],"direction":[-0.234744,-0.97194,-0.0151194],"extended":false,"handId":553,"id":5533,"length":64.4113,"mcpPosition":[49.5526,342.301,30.0221],"pipPosition":[44.764,306.473,3.78079],"stabilizedTipPosition":[14.1864,274.517,43.4474],"timeVisible":0.244117,"tipPosition":[34.9436,267.039,5.07382],"tipVelocity":[48.1279,-37.7081,-163.165],"tool":false,"touchDistance":0.333333,"touchZone":"none","type":3,"width":18.0722},{"bases":[[[0.88409,-0.425871,0.192404],[0.283737,0.816322,0.503102],[-0.37132,-0.390195,0.842538]],[[0.821379,-0.477638,0.311768],[0.541076,0.479527,-0.690862],[0.180481,0.736149,0.652312]],[[0.821379,-0.477638,0.311768],[0.334587,-0.039198,-0.941549],[0.46194,0.877682,0.127615]],[[0.821379,-0.477638,0.311768],[0.196173,-0.276684,-0.940724],[0.535587,0.833851,-0.133563]]],"btipPosition":[43.4622,277.063,14.187],"carpPosition":[46.5788,311.997,86.2815],"dipPosition":[52.6916,291.432,11.8854],"direction":[-0.46194,-0.877682,-0.127615],"extended":false,"handId":553,"id":5534,"length":50.4973,"mcpPosition":[68.1041,334.617,37.4398],"pipPosition":[61.7242,308.594,14.3807],"stabilizedTipPosition":[23.6477,283.57,68.5588],"timeVisible":0.244117,"tipPosition":[46.5673,281.017,12.0524],"tipVelocity":[19.6203,-22.8275,-176.107],"tool":false,"touchDistance":0.110145,"touchZone":"hovering","type":4,"width":16.0532}],"r":[[0.965975,0.250923,0.0626934],[-0.251995,0.96768,0.00968701],[-0.0582364,-0.0251558,0.997986]],"s":1.15843,"t":[19.1868,-5.60312,-79.3943],"timestamp":522510241919},false],[1,{"currentFrameRate":106.512,"devices":[],"gestures":[],"hands":[{"armBasis":[[0.998724,0.0114774,-0.0491757],[-0.0115683,0.999932,-0.00156399],[0.0491544,0.00213087,0.998789]],"armWidth":63.703,"confidence":0.626534,"direction":[0.106937,0.500638,-0.859026],"elbow":[43.9762,306.273,358.824],"grabStrength":0,"id":553,"palmNormal":[0.0752212,-0.865578,-0.495092],"palmPosition":[29.2507,328.898,39.7171],"palmVelocity":[22.8985,-20.9578,-224.23],"palmWidth":90.9658,"pinchStrength":0.79809,"r":[[0.964263,0.257162,0.0637492],[-0.258382,0.965974,0.0115544],[-0.0586087,-0.0276131,0.997899]],"s":1.16348,"sphereCenter":[36.8372,295.27,1.35559],"sphereRadius":46.5254,"stabilizedPalmPosition":[10.5219,334.518,119.76],"t":[19.3074,-5.79596,-81.1389],"timeVisible":0.253087,"type":"right","wrist":[30.708,305.698,89.2228]}],"id":4183757,"interactionBox":{"center":[0,200,0],"size":[235.247,235.247,147.751]},"pointables":[{"bases":[[[0.35253,0.876585,0.3276],[-0.873259,0.182323,0.451859],[0.336363,-0.445374,0.82976]],[[0.199444,0.979859,-0.00992346],[-0.971512,0.199048,0.128624],[0.128008,-0.0160125,0.991644]],[[0.199444,0.979859,-0.00992346],[-0.978932,0.198783,-0.0466613],[-0.0437489,0.0190207,0.998861]],[[0.199444,0.979859,-0.00992346],[-0.886866,0.176191,-0.427113],[-0.416763,0.0939861,0.904144]]],"btipPosition":[7.75277,292.258,-21.5849],"carpPosition":[2.89855,294.307,83.1046],"dipPosition":[-1.99837,294.457,-0.430358],"direction":[0.0437489,-0.0190207,-0.998861],"extended":false,"handId":553,"id":5530,"length":52.1025,"mcpPosition":[2.89855,294.307,83.1046],"pipPosition":[-3.48962,295.106,33.6173],"stabilizedTipPosition":[-19.3641,295.403,60.2725],"timeVisible":0.253087,"tipPosition":[6.7467,292.531,-16.6923],"tipVelocity":[33.2874,-25.1636,-229.44],"tool":false,"touchDistance":-0.205856,"touchZone":"hovering","type":0,"width":20.2446},{"bases":[[[0.995297,0.0955657,-0.0158601],[-0.083444,0.928922,0.360752],[0.0492083,-0.357732,0.932527]],[[0.994649,0.0997688,-0.0268328],[-0.0988831,0.994567,0.0325289],[0.0299324,-0.0297015,0.999111]],[[0.994649,0.0997688,-0.0268328],[-0.101988,0.989668,-0.100776],[0.0165013,0.102973,0.994547]],[[0.994649,0.0997688,-0.0268328],[-0.103098,0.9753,-0.195347],[0.00668048,0.197068,0.980367]]],"btipPosition":[5.14832,338.409,-67.6348],"carpPosition":[10.5661,316.677,84.6432],"dipPosition":[5.26243,341.775,-50.8891],"direction":[-0.0165013,-0.102973,-0.994547],"extended":true,"handId":553,"id":5531,"length":58.7918,"mcpPosition":[6.94679,342.988,16.0559],"pipPosition":[5.66117,344.264,-26.8569],"stabilizedTipPosition":[-13.4841,336.465,0.049258],"timeVisible":0.253087,"tipPosition":[5.32704,338.441,-63.7647],"tipVelocity":[14.0373,-9.84719,-221.243],"tool":false,"touchDistance":-0.308991,"touchZone":"hovering","type":1,"width":19.3376},{"bases":[[[0.992339,-0.113412,0.049008],[0.0871247,0.923626,0.373263],[-0.0875975,-0.366133,0.92643]],[[0.990745,-0.119484,0.0644066],[0.125268,0.622113,-0.772841],[0.0522743,0.773756,0.631323]],[[0.990745,-0.119484,0.0644066],[0.0714977,0.0560377,-0.995865],[0.115381,0.991253,0.0640619]],[[0.990745,-0.119484,0.0644066],[0.0352851,-0.231475,-0.972201],[0.131071,0.965475,-0.225116]]],"btipPosition":[20.3637,261.566,-8.11699],"carpPosition":[22.5154,319.632,84.5148],"dipPosition":[22.8261,279.704,-12.3462],"direction":[-0.115381,-0.991253,-0.0640619],"extended":false,"handId":553,"id":5532,"length":66.9886,"mcpPosition":[28.6253,345.17,19.8969],"pipPosition":[26.1063,307.884,-10.525],"stabilizedTipPosition":[7.62109,273.119,12.9346],"timeVisible":0.253087,"tipPosition":[21.1624,266.785,-11.0733],"tipVelocity":[49.3631,-59.0475,-137.797],"tool":false,"touchDistance":0.097309,"touchZone":"hovering","type":2,"width":18.9921},{"bases":[[[0.959222,-0.235357,0.156527],[0.154963,0.90102,0.405153],[-0.23639,-0.364375,0.90075]],[[0.962817,-0.229603,0.142356],[0.248245,0.544068,-0.801476],[0.10657,0.807014,0.580836]],[[0.962817,-0.229603,0.142356],[0.140269,-0.0254735,-0.989786],[0.230885,0.972951,0.00767991]],[[0.962817,-0.229603,0.142356],[0.0721295,-0.289335,-0.954506],[0.260347,0.929283,-0.262016]]],"btipPosition":[33.5795,261.845,7.0189],"carpPosition":[34.7936,319.378,84.6899],"dipPosition":[38.4426,279.203,2.1247],"direction":[-0.230885,-0.972951,-0.00767991],"extended":false,"handId":553,"id":5533,"length":64.4113,"mcpPosition":[49.5971,342.196,28.282],"pipPosition":[44.8368,306.149,2.33739],"stabilizedTipPosition":[14.3715,274.439,43.1086],"timeVisible":0.253087,"tipPosition":[35.1753,266.662,3.94497],"tipVelocity":[42.5871,-38.0597,-153.806],"tool":false,"touchDistance":0.333333,"touchZone":"none","type":3,"width":18.0722},{"bases":[[[0.886537,-0.421566,0.190618],[0.280774,0.81769,0.502543],[-0.367721,-0.392002,0.843276]],[[0.824363,-0.473609,0.310034],[0.535604,0.47537,-0.697962],[0.18318,0.74143,0.645544]],[[0.824363,-0.473609,0.310034],[0.328929,-0.0449616,-0.943284],[0.460687,0.879587,0.118719]],[[0.824363,-0.473609,0.310034],[0.192049,-0.281216,-0.940231],[0.532488,0.834633,-0.140868]]],"btipPosition":[43.5413,276.811,12.9484],"carpPosition":[46.884,311.878,84.5467],"dipPosition":[52.7173,291.193,10.521],"direction":[-0.460687,-0.879587,-0.118719],"extended":false,"handId":553,"id":5534,"length":50.4973,"mcpPosition":[68.2007,334.602,35.6622],"pipPosition":[61.7253,308.393,12.8424],"stabilizedTipPosition":[23.6731,283.566,68.4939],"timeVisible":0.253087,"tipPosition":[46.6092,280.751,10.8001],"tipVelocity":[16.2869,-24.1786,-166.577],"tool":false,"touchDistance":0.0890208,"touchZone":"hovering","type":4,"width":16.0532}],"r":[[0.964263,0.257162,0.0637492],[-0.258382,0.965974,0.0115544],[-0.0586087,-0.0276131,0.997899]],"s":1.16348,"t":[19.3074,-5.79596,-81.1389],"timestamp":522510250889},false],[2,{"currentFrameRate":106.703,"devices":[],"gestures":[],"hands":[{"armBasis":[[0.998667,0.0197609,-0.0476877],[-0.0202753,0.999741,-0.0103275],[0.0474713,0.0112806,0.998809]],"armWidth":63.703,"confidence":0.652634,"direction":[0.101878,0.502537,-0.858532],"elbow":[43.9485,308.665,357.112],"grabStrength":0,"id":553,"palmNormal":[0.0838354,-0.864289,-0.495959],"palmPosition":[29.4426,328.854,38.0235],"palmVelocity":[22.4519,-16.5359,-214.186],"palmWidth":90.9658,"pinchStrength":0.791667,"r":[[0.962339,0.264054,0.064645],[-0.265411,0.964045,0.0132379],[-0.0588251,-0.0298968,0.997821]],"s":1.16826,"sphereCenter":[37.6108,295.316,-0.378303],"sphereRadius":46.6328,"stabilizedPalmPosition":[10.5228,334.517,119.756],"t":[19.4637,-5.91442,-82.858],"timeVisible":0.262109,"type":"right","wrist":[31.1347,305.62,87.5059]}],"id":4183758,"interactionBox":{"center":[0,200,0],"size":[235.247,235.247,147.751]},"pointables":[{"bases":[[[0.343775,0.879736,0.328457],[-0.87501,0.173139,0.452084],[0.340846,-0.442818,0.829298]],[[0.188746,0.981967,-0.0107548],[-0.97308,0.18849,0.132617],[0.132252,-0.0145655,0.991109]],[[0.188746,0.981967,-0.0107548],[-0.981166,0.188111,-0.0439122],[-0.0410972,0.0188405,0.998978]],[[0.188746,0.981967,-0.0107548],[-0.887938,0.165974,-0.428973],[-0.419453,0.0905164,0.903253]]],"btipPosition":[8.055,291.925,-23.2682],"carpPosition":[3.44002,293.958,81.3778],"dipPosition":[-1.75909,294.042,-2.13449],"direction":[0.0410972,-0.0188405,-0.998977],"extended":false,"handId":553,"id":5530,"length":52.1025,"mcpPosition":[3.44002,293.958,81.3778],"pipPosition":[-3.15995,294.685,31.9172],"stabilizedTipPosition":[-19.3581,295.403,60.2539],"timeVisible":0.262109,"tipPosition":[7.03894,292.257,-18.3946],"tipVelocity":[32.904,-28.9885,-217.792],"tool":false,"touchDistance":-0.233991,"touchZone":"hovering","type":0,"width":20.2446},{"bases":[[[0.994291,0.105521,-0.0158149],[-0.0926987,0.927681,0.361682],[0.0528361,-0.358152,0.932167]],[[0.993584,0.10982,-0.0270229],[-0.108849,0.993438,0.0351073],[0.0307011,-0.0319406,0.999018]],[[0.993584,0.10982,-0.0270229],[-0.112004,0.98861,-0.10053],[0.015675,0.102912,0.994567]],[[0.993584,0.10982,-0.0270229],[-0.112998,0.97391,-0.1968],[0.00470543,0.198591,0.980071]]],"btipPosition":[5.21987,338.237,-69.3047],"carpPosition":[10.8838,316.402,82.9383],"dipPosition":[5.30024,341.629,-52.5641],"direction":[-0.015675,-0.102912,-0.994567],"extended":true,"handId":553,"id":5531,"length":58.7918,"mcpPosition":[6.99765,342.744,14.3774],"pipPosition":[5.67901,344.116,-28.5314],"stabilizedTipPosition":[-13.478,336.466,0.0277895],"timeVisible":0.262109,"tipPosition":[5.40209,338.288,-65.4398],"tipVelocity":[12.1203,-12.2126,-211.332],"tool":false,"touchDistance":-0.331492,"touchZone":"hovering","type":1,"width":19.3376},{"bases":[[[0.993425,-0.103541,0.0488449],[0.0779151,0.924077,0.37418],[-0.0838793,-0.367914,0.926069]],[[0.991925,-0.109528,0.0639446],[0.118395,0.618891,-0.776503],[0.0454744,0.777803,0.626861]],[[0.991925,-0.109528,0.0639446],[0.0700077,0.0524324,-0.996168],[0.105756,0.9926,0.0596768]],[[0.991925,-0.109528,0.0639446],[0.0368375,-0.23364,-0.971625],[0.121361,0.966135,-0.227718]]],"btipPosition":[21.1757,261.289,-9.40579],"carpPosition":[22.8029,319.477,82.8123],"dipPosition":[23.4557,279.439,-13.6839],"direction":[-0.105756,-0.9926,-0.0596768],"extended":false,"handId":553,"id":5532,"length":66.9886,"mcpPosition":[28.6535,345.138,18.2195],"pipPosition":[26.4622,307.658,-11.9874],"stabilizedTipPosition":[7.93636,272.948,12.4123],"timeVisible":0.262109,"tipPosition":[21.9151,266.469,-12.3054],"tipVelocity":[59.264,-51.1641,-139.53],"tool":false,"touchDistance":0.0756416,"touchZone":"hovering","type":2,"width":18.9921},{"bases":[[[0.961535,-0.225918,0.156244],[0.145978,0.902119,0.406044],[-0.232683,-0.367617,0.900398]],[[0.965105,-0.220057,0.141939],[0.241779,0.540651,-0.805754],[0.100572,0.811955,0.57499]],[[0.965105,-0.220057,0.141939],[0.138882,-0.0293862,-0.989873],[0.222,0.975044,0.00220117]],[[0.965105,-0.220057,0.141939],[0.0737433,-0.291706,-0.953661],[0.251265,0.93085,-0.2653]]],"btipPosition":[34.3205,261.707,5.81167],"carpPosition":[35.0831,319.345,82.9865],"dipPosition":[39.0139,279.094,0.85613],"direction":[-0.222,-0.975044,-0.00220117],"extended":false,"handId":553,"id":5533,"length":64.4113,"mcpPosition":[49.6545,342.366,26.6006],"pipPosition":[45.1621,306.098,0.91709],"stabilizedTipPosition":[14.5261,274.375,42.8259],"timeVisible":0.262109,"tipPosition":[35.8591,266.512,2.76044],"tipVelocity":[52.2781,-31.5916,-148.734],"tool":false,"touchDistance":0.333333,"touchZone":"none","type":3,"width":18.0722},{"bases":[[[0.890716,-0.412877,0.190153],[0.27262,0.819953,0.503344],[-0.363736,-0.396497,0.842904]],[[0.829107,-0.465634,0.309462],[0.529113,0.47468,-0.703363],[0.180614,0.746903,0.639933]],[[0.829107,-0.465634,0.309462],[0.325401,-0.0482079,-0.944346],[0.454638,0.883664,0.111548]],[[0.829107,-0.465634,0.309462],[0.191188,-0.284011,-0.939566],[0.525384,0.838166,-0.146452]]],"btipPosition":[44.0055,276.826,11.6933],"carpPosition":[47.2478,311.966,82.8352],"dipPosition":[53.059,291.269,9.16961],"direction":[-0.454638,-0.883664,-0.111548],"extended":false,"handId":553,"id":5534,"length":50.4973,"mcpPosition":[68.3335,334.951,33.9723],"pipPosition":[61.9488,308.548,11.3508],"stabilizedTipPosition":[23.692,283.563,68.4455],"timeVisible":0.262109,"tipPosition":[47.0224,280.769,9.53606],"tipVelocity":[25.1026,-16.6499,-159.697],"tool":false,"touchDistance":0.067733,"touchZone":"hovering","type":4,"width":16.0532}],"r":[[0.962339,0.264054,0.064645],[-0.265411,0.964045,0.0132379],[-0.0588251,-0.0298968,0.997821]],"s":1.16826,"t":[19.4637,-5.91442,-82.858],"timestamp":522510259911},false],[3,{"currentFrameRate":106.822,"devices":[],"gestures":[],"hands":[{"armBasis":[[0.998428,0.0292718,-0.0477989],[-0.0293977,0.999566,-0.00193272],[0.0477216,0.00333486,0.998855]],"armWidth":63.703,"confidence":0.66117,"direction":[0.0995837,0.50427,-0.857785],"elbow":[44.2954,306.624,355.541],"grabStrength":0,"id":553,"palmNormal":[0.0919312,-0.863046,-0.49669],"palmPosition":[29.6367,328.996,36.4602],"palmVelocity":[22.1099,-7.61296,-202.148],"palmWidth":90.9658,"pinchStrength":0.786131,"r":[[0.960295,0.271109,0.0658343],[-0.2726,0.962016,0.0146701],[-0.0593565,-0.032034,0.997723]],"s":1.17261,"sphereCenter":[38.3196,295.56,-1.96709],"sphereRadius":46.7127,"stabilizedPalmPosition":[10.5228,334.517,119.756],"t":[19.6389,-5.90267,-84.4991],"timeVisible":0.271254,"type":"right","wrist":[31.414,305.724,85.9217]}],"id":4183759,"interactionBox":{"center":[0,200,0],"size":[235.247,235.247,147.751]},"pointables":[{"bases":[[[0.335891,0.882159,0.33011],[-0.877345,0.16551,0.450413],[0.342699,-0.44091,0.829552]],[[0.179906,0.983622,-0.0110115],[-0.974576,0.179749,0.133758],[0.133546,-0.0133323,0.990953]],[[0.179906,0.983622,-0.0110115],[-0.982827,0.179271,-0.0437359],[-0.0410456,0.0186907,0.998982]],[[0.179906,0.983622,-0.0110115],[-0.888049,0.157591,-0.431895],[-0.423086,0.0874794,0.901857]]],"btipPosition":[8.46204,291.824,-24.8831],"carpPosition":[3.82837,293.842,79.7226],"dipPosition":[-1.43707,293.871,-3.78199],"direction":[0.0410456,-0.0186907,-0.998982],"extended":false,"handId":553,"id":5530,"length":52.1025,"mcpPosition":[3.82837,293.842,79.7226],"pipPosition":[-2.83617,294.508,30.2698],"stabilizedTipPosition":[-19.3533,295.402,60.2388],"timeVisible":0.271254,"tipPosition":[7.41642,292.208,-20.0243],"tipVelocity":[35.5389,-24.4843,-206.551],"tool":false,"touchDistance":-0.26103,"touchZone":"hovering","type":0,"width":20.2446},{"bases":[[[0.993428,0.113646,-0.0135985],[-0.101028,0.926507,0.362462],[0.0537913,-0.358706,0.931899]],[[0.99269,0.118058,-0.0250831],[-0.117071,0.992407,0.0377178],[0.0293455,-0.0345056,0.998974]],[[0.99269,0.118058,-0.0250831],[-0.12,0.987678,-0.100462],[0.0129136,0.102738,0.994625]],[[0.99269,0.118058,-0.0250831],[-0.120689,0.972625,-0.19858],[0.000952471,0.200156,0.979764]]],"btipPosition":[5.54031,338.308,-70.895],"carpPosition":[11.0854,316.345,81.3225],"dipPosition":[5.55658,341.727,-54.1596],"direction":[-0.0129136,-0.102738,-0.994625],"extended":true,"handId":553,"id":5531,"length":58.7918,"mcpPosition":[7.12905,342.728,12.7814],"pipPosition":[5.86863,344.21,-30.1255],"stabilizedTipPosition":[-13.4736,336.467,0.0123625],"timeVisible":0.271254,"tipPosition":[5.71838,338.378,-67.0352],"tipVelocity":[18.0507,-6.45592,-200.949],"tool":false,"touchDistance":-0.350548,"touchZone":"hovering","type":1,"width":19.3376},{"bases":[[[0.994132,-0.0954849,0.0508392],[0.0695824,0.924281,0.375316],[-0.0828267,-0.369576,0.925501]],[[0.992638,-0.10154,0.0660285],[0.114849,0.615943,-0.779374],[0.0384681,0.78122,0.62307]],[[0.992638,-0.10154,0.0660285],[0.071287,0.0490582,-0.996249],[0.0979201,0.993621,0.0559355]],[[0.992638,-0.10154,0.0660285],[0.0404692,-0.23577,-0.970966],[0.11416,0.96649,-0.229925]]],"btipPosition":[21.9743,261.245,-10.623],"carpPosition":[22.9793,319.517,81.225],"dipPosition":[24.119,279.402,-14.9426],"direction":[-0.0979201,-0.993621,-0.0559355],"extended":false,"handId":553,"id":5532,"length":66.9886,"mcpPosition":[28.7565,345.294,16.6718],"pipPosition":[26.9028,307.649,-13.3524],"stabilizedTipPosition":[8.21941,272.801,11.9442],"timeVisible":0.271254,"tipPosition":[22.6737,266.394,-13.4842],"tipVelocity":[66.1289,-38.2212,-138.031],"tool":false,"touchDistance":0.0551958,"touchZone":"hovering","type":2,"width":18.9921},{"bases":[[[0.963015,-0.218233,0.158042],[0.137755,0.902845,0.407301],[-0.231574,-0.370466,0.899516]],[[0.96659,-0.212289,0.143656],[0.2384,0.53863,-0.808111],[0.0941755,0.815359,0.571244]],[[0.96659,-0.212289,0.143656],[0.140106,-0.0317491,-0.989627],[0.214648,0.976691,-0.000945403]],[[0.96659,-0.212289,0.143656],[0.0772809,-0.293007,-0.952982],[0.244399,0.932245,-0.266812]]],"btipPosition":[35.0453,261.802,4.58824],"carpPosition":[35.2597,319.485,81.4251],"dipPosition":[39.6105,279.215,-0.395557],"direction":[-0.214648,-0.976691,0.000945403],"extended":false,"handId":553,"id":5533,"length":64.4113,"mcpPosition":[49.7616,342.685,25.0944],"pipPosition":[45.555,306.264,-0.421739],"stabilizedTipPosition":[14.6594,274.322,42.5826],"timeVisible":0.271254,"tipPosition":[36.5386,266.587,1.58367],"tipVelocity":[58.8881,-19.728,-144.77],"tool":false,"touchDistance":0.333333,"touchZone":"none","type":3,"width":18.0722},{"bases":[[[0.893652,-0.4058,0.191604],[0.264858,0.82161,0.504783],[-0.362265,-0.400353,0.841714]],[[0.83232,-0.459119,0.310569],[0.525231,0.474204,-0.706586],[0.177134,0.751226,0.635833]],[[0.83232,-0.459119,0.310569],[0.324578,-0.0504939,-0.94451],[0.449324,0.886939,0.106993]],[[0.83232,-0.459119,0.310569],[0.192608,-0.285825,-0.938726],[0.519755,0.841139,-0.149467]]],"btipPosition":[44.4809,277.021,10.5048],"carpPosition":[47.4846,312.206,81.2917],"dipPosition":[53.4374,291.516,7.92917],"direction":[-0.449324,-0.886939,-0.106993],"extended":false,"handId":553,"id":5534,"length":50.4973,"mcpPosition":[68.485,335.414,32.4978],"pipPosition":[62.2233,308.858,10.0213],"stabilizedTipPosition":[23.7066,283.561,68.4081],"timeVisible":0.271254,"tipPosition":[47.452,280.962,8.36292],"tipVelocity":[31.9062,-5.71276,-151.784],"tool":false,"touchDistance":0.0477258,"touchZone":"hovering","type":4,"width":16.0532}],"r":[[0.960295,0.271109,0.0658343],[-0.2726,0.962016,0.0146701],[-0.0593565,-0.032034,0.997723]],"s":1.17261,"t":[19.6389,-5.90267,-84.4991],"timestamp":522510269056},false],[4,{"currentFrameRate":107.032,"devices":[],"gestures":[],"hands":[{"armBasis":[[0.998392,0.0315277,-0.0471094],[-0.0315552,0.999502,0.000160468],[0.047091,0.00132633,0.99889]],"armWidth":63.703,"confidence":0.6769,"direction":[0.0989002,0.505974,-0.85686],"elbow":[44.3794,306.11,354.197],"grabStrength":0,"id":553,"palmNormal":[0.093973,-0.861983,-0.498152],"palmPosition":[29.8638,329.106,35.1472],"palmVelocity":[22.9971,-2.14939,-186.944],"palmWidth":90.9658,"pinchStrength":0.781259,"r":[[0.958498,0.277122,0.0669746],[-0.278748,0.960229,0.0161194],[-0.0598439,-0.0341194,0.997624]],"s":1.17637,"sphereCenter":[38.6824,295.764,-3.33904],"sphereRadius":46.7505,"stabilizedPalmPosition":[10.5228,334.517,119.756],"t":[19.8401,-5.84142,-85.9762],"timeVisible":0.280213,"type":"right","wrist":[31.6683,305.752,84.5688]}],"id":4183760,"interactionBox":{"center":[0,200,0],"size":[235.247,235.247,147.751]},"pointables":[{"bases":[[[0.333882,0.882289,0.331797],[-0.877893,0.162874,0.450307],[0.34326,-0.441631,0.828936]],[[0.177454,0.984078,-0.00998214],[-0.97481,0.177157,0.135505],[0.135116,-0.0143151,0.990726]],[[0.177454,0.984078,-0.00998214],[-0.983282,0.176871,-0.0432691],[-0.0408146,0.0174935,0.999014]],[[0.177454,0.984078,-0.00998214],[-0.88784,0.155707,-0.433008],[-0.42456,0.0857015,0.901335]]],"btipPosition":[8.6925,291.936,-26.2465],"carpPosition":[4.11055,293.823,78.3367],"dipPosition":[-1.24107,293.941,-5.15767],"direction":[0.0408146,-0.0174935,-0.999014],"extended":false,"handId":553,"id":5530,"length":52.1025,"mcpPosition":[4.11055,293.823,78.3367],"pipPosition":[-2.6323,294.538,28.8952],"stabilizedTipPosition":[-19.3497,295.402,60.2272],"timeVisible":0.280213,"tipPosition":[7.61462,292.34,-21.3976],"tipVelocity":[32.6125,-14.6455,-191.768],"tool":false,"touchDistance":-0.283754,"touchZone":"hovering","type":0,"width":20.2446},{"bases":[[[0.993192,0.115765,-0.0129556],[-0.103144,0.925658,0.36403],[0.0541343,-0.360216,0.931297]],[[0.992426,0.12032,-0.0247558],[-0.11924,0.992008,0.0412665],[0.0295231,-0.0380021,0.998841]],[[0.992426,0.12032,-0.0247558],[-0.122206,0.987501,-0.0995366],[0.0124701,0.101808,0.994726]],[[0.992426,0.12032,-0.0247558],[-0.12284,0.972151,-0.19958],[0.0000529552,0.201109,0.979569]]],"btipPosition":[5.7675,338.569,-72.1876],"carpPosition":[11.3194,316.338,79.9791],"dipPosition":[5.7684,342.004,-55.4555],"direction":[-0.0124701,-0.101808,-0.994726],"extended":true,"handId":553,"id":5531,"length":58.7918,"mcpPosition":[7.33778,342.832,11.4822],"pipPosition":[6.06973,344.464,-31.419],"stabilizedTipPosition":[-13.4705,336.467,0.00145945],"timeVisible":0.280213,"tipPosition":[5.94921,338.654,-68.3333],"tipVelocity":[19.9417,3.38815,-185.473],"tool":false,"touchDistance":-0.363227,"touchZone":"hovering","type":1,"width":19.3376},{"bases":[[[0.994308,-0.0934759,0.0511179],[0.067465,0.92377,0.376957],[-0.0824576,-0.371363,0.924819]],[[0.992774,-0.0997334,0.0667271],[0.114147,0.613397,-0.781482],[0.0370097,0.783452,0.620349]],[[0.992774,-0.0997334,0.0667271],[0.0716479,0.0465964,-0.996341],[0.0962592,0.993923,0.0534053]],[[0.992774,-0.0997334,0.0667271],[0.0414306,-0.236992,-0.970628],[0.112618,0.966379,-0.231147]]],"btipPosition":[22.3223,261.274,-11.682],"carpPosition":[23.2066,319.535,79.8924],"dipPosition":[24.4381,279.429,-16.0246],"direction":[-0.0962592,-0.993923,-0.0534053],"extended":false,"handId":553,"id":5532,"length":66.9886,"mcpPosition":[28.958,345.438,15.3868],"pipPosition":[27.1746,307.685,-14.5063],"stabilizedTipPosition":[8.45003,272.685,11.555],"timeVisible":0.280213,"tipPosition":[23.0091,266.393,-14.5011],"tipVelocity":[58.4623,-26.8885,-132.77],"tool":false,"touchDistance":0.0374578,"touchZone":"hovering","type":2,"width":18.9921},{"bases":[[[0.963403,-0.216476,0.158092],[0.135668,0.902422,0.408935],[-0.231191,-0.372521,0.898765]],[[0.966988,-0.210472,0.143654],[0.237079,0.53638,-0.809994],[0.0934282,0.817311,0.568571]],[[0.966988,-0.210472,0.143654],[0.139717,-0.0335358,-0.989623],[0.213106,0.977024,-0.00302199]],[[0.966988,-0.210472,0.143654],[0.0776475,-0.293562,-0.952781],[0.242705,0.932482,-0.267528]]],"btipPosition":[35.3563,261.874,3.49835],"carpPosition":[35.487,319.529,80.0979],"dipPosition":[39.8898,279.292,-1.49882],"direction":[-0.213106,-0.977024,0.00302199],"extended":false,"handId":553,"id":5533,"length":64.4113,"mcpPosition":[49.9649,342.858,23.8143],"pipPosition":[45.7917,306.35,-1.58251],"stabilizedTipPosition":[14.7659,274.28,42.3855],"timeVisible":0.280213,"tipPosition":[36.8298,266.637,0.539157],"tipVelocity":[52.0531,-12.0992,-138.541],"tool":false,"touchDistance":0.333333,"touchZone":"none","type":3,"width":18.0722},{"bases":[[[0.894422,-0.404247,0.191296],[0.262899,0.821286,0.506333],[-0.361793,-0.402583,0.840852]],[[0.833175,-0.457885,0.310099],[0.523671,0.473042,-0.708519],[0.17773,0.75271,0.633908]],[[0.833175,-0.457885,0.310099],[0.323663,-0.0509165,-0.944801],[0.448399,0.887552,0.105778]],[[0.833175,-0.457885,0.310099],[0.192712,-0.285197,-0.938895],[0.518345,0.842024,-0.149379]]],"btipPosition":[44.7175,277.141,9.31065],"carpPosition":[47.7272,312.276,79.9574],"dipPosition":[53.6497,291.651,6.73652],"direction":[-0.448399,-0.887552,-0.105778],"extended":false,"handId":553,"id":5534,"length":50.4973,"mcpPosition":[68.7002,335.614,31.2134],"pipPosition":[62.4175,309.006,8.80486],"stabilizedTipPosition":[23.7174,283.56,68.38],"timeVisible":0.280213,"tipPosition":[47.6563,281.072,7.21442],"tipVelocity":[30.231,-0.383844,-146.716],"tool":false,"touchDistance":0.0278287,"touchZone":"hovering","type":4,"width":16.0532}],"r":[[0.958498,0.277122,0.0669746],[-0.278748,0.960229,0.0161194],[-0.0598439,-0.0341194,0.997624]],"s":1.17637,"t":[19.8401,-5.84142,-85.9762],"timestamp":522510278015},false],[5,{"currentFrameRate":107.17,"devices":[],"gestures":[],"hands":[{"armBasis":[[0.998346,0.0298925,-0.0491022],[-0.0298554,0.999553,0.00148783],[0.0491248,-0.0000194018,0.998793]],"armWidth":63.703,"confidence":0.692251,"direction":[0.099412,0.500204,-0.860182],"elbow":[45.2071,306.696,352.641],"grabStrength":0,"id":553,"palmNormal":[0.0911219,-0.865409,-0.492712],"palmPosition":[30.1562,329.743,33.4703],"palmVelocity":[25.5443,17.8568,-186.33],"palmWidth":90.9658,"pinchStrength":0.776529,"r":[[0.957199,0.281486,0.0673486],[-0.283132,0.958946,0.0160978],[-0.0600524,-0.0344773,0.9976]],"s":1.17988,"sphereCenter":[38.8101,296.149,-4.80472],"sphereRadius":46.7596,"stabilizedPalmPosition":[10.5228,334.517,119.756],"t":[20.0869,-5.49225,-87.5532],"timeVisible":0.289291,"type":"right","wrist":[31.9469,306.701,83.0387]}],"id":4183761,"interactionBox":{"center":[0,200,0],"size":[235.247,235.247,147.751]},"pointables":[{"bases":[[[0.336618,0.883481,0.325805],[-0.87699,0.16815,0.450126],[0.342894,-0.437249,0.831407]],[[0.179989,0.983526,-0.0167323],[-0.974128,0.180581,0.13589],[0.136673,-0.00815933,0.990583]],[[0.179989,0.983526,-0.0167323],[-0.982848,0.179118,-0.043893],[-0.0401729,0.0243455,0.998896]],[[0.179989,0.983526,-0.0167323],[-0.887519,0.155037,-0.433904],[-0.424162,0.0929481,0.900804]]],"btipPosition":[8.82362,292.211,-27.6491],"carpPosition":[4.35057,294.808,76.9105],"dipPosition":[-1.10065,294.386,-6.57269],"direction":[0.0401729,-0.0243455,-0.998896],"extended":false,"handId":553,"id":5530,"length":52.1025,"mcpPosition":[4.35057,294.808,76.9105],"pipPosition":[-2.47001,295.215,27.4762],"stabilizedTipPosition":[-19.3469,295.401,60.2184],"timeVisible":0.289291,"tipPosition":[7.71808,292.662,-22.8081],"tipVelocity":[27.6521,-1.04146,-181.548],"tool":false,"touchDistance":-0.304794,"touchZone":"hovering","type":0,"width":20.2446},{"bases":[[[0.99349,0.112968,-0.0146831],[-0.100255,0.928249,0.358194],[0.054094,-0.35439,0.933532]],[[0.992696,0.1176,-0.0269094],[-0.116587,0.992508,0.036545],[0.0310054,-0.0331408,0.99897]],[[0.992696,0.1176,-0.0269094],[-0.119823,0.987046,-0.106689],[0.0140142,0.109134,0.993928]],[[0.992696,0.1176,-0.0269094],[-0.120629,0.970577,-0.208396],[0.00161019,0.21012,0.977674]]],"btipPosition":[5.94585,338.576,-73.8835],"carpPosition":[11.6223,317.313,78.4014],"dipPosition":[5.97336,342.165,-57.1838],"direction":[-0.0140142,-0.109134,-0.993928],"extended":true,"handId":553,"id":5531,"length":58.7918,"mcpPosition":[7.64371,343.379,9.74018],"pipPosition":[6.312,344.802,-33.1665],"stabilizedTipPosition":[-13.4683,336.468,-0.00656332],"timeVisible":0.289291,"tipPosition":[6.1389,338.714,-70.0361],"tipVelocity":[20.0465,3.74157,-186.07],"tool":false,"touchDistance":-0.380788,"touchZone":"hovering","type":1,"width":19.3376},{"bases":[[[0.994101,-0.0958603,0.0507286],[0.0703611,0.925978,0.370964],[-0.0825343,-0.365206,0.927261]],[[0.992533,-0.102133,0.0666835],[0.115112,0.603533,-0.788985],[0.0403357,0.79077,0.610783]],[[0.992533,-0.102133,0.0666835],[0.0706164,0.0353851,-0.996876],[0.0994543,0.994141,0.0423332]],[[0.992533,-0.102133,0.0666835],[0.039699,-0.246443,-0.968344],[0.115334,0.963761,-0.240549]]],"btipPosition":[22.3371,261.477,-12.5099],"carpPosition":[23.5182,320.478,78.2824],"dipPosition":[24.5038,279.583,-17.0291],"direction":[-0.0994543,-0.994141,-0.0423332],"extended":false,"handId":553,"id":5532,"length":66.9886,"mcpPosition":[29.2749,345.95,13.6065],"pipPosition":[27.3312,307.845,-15.8256],"stabilizedTipPosition":[8.62743,272.598,11.2454],"timeVisible":0.289291,"tipPosition":[23.0326,266.543,-15.3383],"tipVelocity":[43.0989,-13.6116,-122.509],"tool":false,"touchDistance":0.0229825,"touchZone":"hovering","type":2,"width":18.9921},{"bases":[[[0.962969,-0.218088,0.15852],[0.138539,0.904649,0.40301],[-0.231296,-0.366125,0.901363]],[[0.966844,-0.21169,0.142826],[0.235486,0.522732,-0.819328],[0.0987841,0.825796,0.55525]],[[0.966844,-0.21169,0.142826],[0.135404,-0.0492297,-0.989567],[0.216513,0.976096,-0.0189338]],[[0.966844,-0.21169,0.142826],[0.0730045,-0.306827,-0.948961],[0.244709,0.927925,-0.2812]]],"btipPosition":[35.3036,262.115,3.00467],"carpPosition":[35.7986,320.439,78.4758],"dipPosition":[39.8745,279.448,-2.24787],"direction":[-0.216513,-0.976096,0.0189338],"extended":false,"handId":553,"id":5533,"length":64.4113,"mcpPosition":[50.2832,343.367,22.0295],"pipPosition":[45.8707,306.481,-2.77224],"stabilizedTipPosition":[14.8479,274.249,42.2312],"timeVisible":0.289291,"tipPosition":[36.7817,266.827,-0.0395694],"tipVelocity":[36.3107,-2.00112,-117.053],"tool":false,"touchDistance":0.333333,"touchZone":"none","type":3,"width":18.0722},{"bases":[[[0.89351,-0.405454,0.192995],[0.265646,0.823792,0.500799],[-0.362038,-0.396201,0.843773]],[[0.832309,-0.458113,0.312081],[0.523633,0.465089,-0.713793],[0.181853,0.757512,0.626981]],[[0.832309,-0.458113,0.312081],[0.321844,-0.0589988,-0.944953],[0.451308,0.886934,0.0983357]],[[0.832309,-0.458113,0.312081],[0.190708,-0.29198,-0.937218],[0.520473,0.839571,-0.155651]]],"btipPosition":[44.7841,277.531,8.05205],"carpPosition":[48.0189,313.152,78.3696],"dipPosition":[53.753,291.999,5.36983],"direction":[-0.451308,-0.886934,-0.0983357],"extended":false,"handId":553,"id":5534,"length":50.4973,"mcpPosition":[69.0062,336.119,29.4563],"pipPosition":[62.5777,309.342,7.29265],"stabilizedTipPosition":[23.7256,283.559,68.3587],"timeVisible":0.289291,"tipPosition":[47.707,281.427,5.96959],"tipVelocity":[24.1578,11.3193,-145.24],"tool":false,"touchDistance":0.00643767,"touchZone":"hovering","type":4,"width":16.0532}],"r":[[0.957199,0.281486,0.0673486],[-0.283132,0.958946,0.0160978],[-0.0600524,-0.0344773,0.9976]],"s":1.17988,"t":[20.0869,-5.49225,-87.5532],"timestamp":522510287093},false],[6,{"currentFrameRate":107.336,"devices":[],"gestures":[],"hands":[{"armBasis":[[0.998238,0.02859,-0.052003],[-0.0285295,0.999591,0.00190648],[0.0520362,-0.000419496,0.998645]],"armWidth":63.703,"confidence":0.698134,"direction":[0.0996766,0.497221,-0.86188],"elbow":[46.2507,307.064,351.647],"grabStrength":0,"id":553,"palmNormal":[0.0891919,-0.867171,-0.489958],"palmPosition":[30.4187,330.061,32.4433],"palmVelocity":[26.5274,22.6418,-166.419],"palmWidth":90.9658,"pinchStrength":0.769902,"r":[[0.956258,0.284671,0.0673234],[-0.286286,0.958019,0.0154964],[-0.0600857,-0.0340923,0.997611]],"s":1.18277,"sphereCenter":[38.8969,296.368,-5.72551],"sphereRadius":46.741,"stabilizedPalmPosition":[10.5228,334.517,119.756],"t":[20.3415,-5.15873,-88.8552],"timeVisible":0.298306,"type":"right","wrist":[32.2046,307.177,82.0851]}],"id":4183762,"interactionBox":{"center":[0,200,0],"size":[235.247,235.247,147.751]},"pointables":[{"bases":[[[0.338456,0.883926,0.322679],[-0.87635,0.171201,0.450222],[0.342721,-0.43516,0.832573]],[[0.181623,0.983158,-0.0203282],[-0.973623,0.182688,0.136684],[0.138096,-0.00503294,0.990406]],[[0.181623,0.983158,-0.0203282],[-0.982549,0.180589,-0.0445621],[-0.0401406,0.028067,0.9988]],[[0.181623,0.983158,-0.0203282],[-0.886501,0.15475,-0.436082],[-0.425592,0.0972235,0.899677]]],"btipPosition":[9.01669,292.334,-28.5051],"carpPosition":[4.58228,295.314,76.0161],"dipPosition":[-0.941042,294.609,-7.45504],"direction":[0.0401406,-0.0280669,-0.9988],"extended":false,"handId":553,"id":5530,"length":52.1025,"mcpPosition":[4.58228,295.314,76.0161],"pipPosition":[-2.30929,295.566,26.5906],"stabilizedTipPosition":[-19.3448,295.401,60.2117],"timeVisible":0.298306,"tipPosition":[7.85287,292.82,-23.68],"tipVelocity":[25.7028,3.7068,-157.922],"tool":false,"touchDistance":-0.315579,"touchZone":"hovering","type":0,"width":20.2446},{"bases":[[[0.993681,0.111122,-0.0157832],[-0.0983117,0.92959,0.355244],[0.0541471,-0.351447,0.934641]],[[0.992846,0.115928,-0.0285922],[-0.114895,0.992744,0.0354757],[0.0324973,-0.0319368,0.998961]],[[0.992846,0.115928,-0.0285922],[-0.118406,0.986787,-0.110596],[0.0153932,0.11319,0.993454]],[[0.992846,0.115928,-0.0285922],[-0.119367,0.969444,-0.214313],[0.00287354,0.216193,0.976346]]],"btipPosition":[6.09644,338.604,-74.9036],"carpPosition":[11.8958,317.811,77.4283],"dipPosition":[6.14552,342.297,-58.2266],"direction":[-0.0153932,-0.11319,-0.993454],"extended":true,"handId":553,"id":5531,"length":58.7918,"mcpPosition":[7.91327,343.66,8.68553],"pipPosition":[6.51748,345.032,-34.2208],"stabilizedTipPosition":[-13.4667,336.468,-0.0123942],"timeVisible":0.298306,"tipPosition":[6.30483,338.779,-71.0636],"tipVelocity":[19.2788,4.28862,-166.181],"tool":false,"touchDistance":-0.386423,"touchZone":"hovering","type":1,"width":19.3376},{"bases":[[[0.993964,-0.0974933,0.0503077],[0.0723099,0.927052,0.367895],[-0.0825051,-0.362036,0.928506]],[[0.992346,-0.103892,0.0667487],[0.115744,0.594151,-0.795982],[0.0430371,0.797616,0.601628]],[[0.992346,-0.103892,0.0667487],[0.0697091,0.0251264,-0.997251],[0.101929,0.994271,0.0321763]],[[0.992346,-0.103892,0.0667487],[0.0383588,-0.254453,-0.966324],[0.117377,0.961488,-0.248521]]],"btipPosition":[22.3752,261.441,-12.7092],"carpPosition":[23.7972,320.953,77.2903],"dipPosition":[24.5803,279.504,-17.3782],"direction":[-0.101929,-0.994271,-0.0321763],"extended":false,"handId":553,"id":5532,"length":66.9886,"mcpPosition":[29.5519,346.205,12.5276],"pipPosition":[27.4781,307.77,-16.4634],"stabilizedTipPosition":[8.76238,272.532,11.0084],"timeVisible":0.298306,"tipPosition":[23.0797,266.473,-15.5696],"tipVelocity":[32.6801,-11.2726,-95.953],"tool":false,"touchDistance":0.0190862,"touchZone":"hovering","type":2,"width":18.9921},{"bases":[[[0.962691,-0.219313,0.158519],[0.140472,0.905704,0.39996],[-0.231288,-0.36277,0.90272]],[[0.966692,-0.212757,0.142268],[0.235136,0.518742,-0.82196],[0.101078,0.828035,0.551491]],[[0.966692,-0.212757,0.142268],[0.134029,-0.0527364,-0.989573],[0.218042,0.975681,-0.0224643]],[[0.966692,-0.212757,0.142268],[0.0714356,-0.309483,-0.948218],[0.24577,0.926798,-0.283976]]],"btipPosition":[35.4176,262.292,2.23611],"carpPosition":[36.0778,320.893,77.4747],"dipPosition":[40.0083,279.604,-3.06828],"direction":[-0.218042,-0.975681,0.0224643],"extended":false,"handId":553,"id":5533,"length":64.4113,"mcpPosition":[50.5618,343.611,20.9434],"pipPosition":[46.0469,306.625,-3.69042],"stabilizedTipPosition":[14.9095,274.227,42.1139],"timeVisible":0.298306,"tipPosition":[36.8828,266.971,-0.754132],"tipVelocity":[29.9425,3.78973,-108.672],"tool":false,"touchDistance":0.333333,"touchZone":"none","type":3,"width":18.0722},{"bases":[[[0.892919,-0.406439,0.193655],[0.267507,0.824935,0.497918],[-0.362126,-0.392796,0.845326]],[[0.831783,-0.458552,0.312839],[0.52321,0.459359,-0.717803],[0.185444,0.760736,0.622006]],[[0.831783,-0.458552,0.312839],[0.319991,-0.0644233,-0.945228],[0.45359,0.886329,0.0931461]],[[0.831783,-0.458552,0.312839],[0.188876,-0.296152,-0.93628],[0.52198,0.837869,-0.159724]]],"btipPosition":[44.8576,277.693,7.32322],"carpPosition":[48.2848,313.584,77.3832],"dipPosition":[53.8524,292.131,4.57082],"direction":[-0.45359,-0.886329,-0.0931461],"extended":false,"handId":553,"id":5534,"length":50.4973,"mcpPosition":[69.2772,336.354,28.3799],"pipPosition":[62.7217,309.462,6.39216],"stabilizedTipPosition":[23.7256,283.559,68.3587],"timeVisible":0.298306,"tipPosition":[47.7652,281.562,5.25758],"tipVelocity":[19.9366,12.9315,-128.026],"tool":