{"sensorType":"Leap","data":[[0,{"currentFrameRate":108.144,"devices":[],"gestures":[],"hands":[{"armBasis":[[0.998321,-0.0382857,-0.0434775],[0.0384303,0.999258,0.00249423],[0.0433498,-0.0041609,0.999051]],"armWidth":63.703,"confidence":0.55526,"direction":[0.155396,0.342725,-0.926494],"elbow":[38.2023,307.285,363.18],"grabStrength":0,"id":565,"palmNormal":[0.0163688,-0.938652,-0.344477],"palmPosition":[27.4337,323.149,40.8486],"palmVelocity":[-32.2512,-30.2108,-168.37],"palmWidth":90.9658,"pinchStrength":0.726109,"r":[[0.902628,0.426299,0.0594207],[-0.424812,0.90455,-0.036388],[-0.0692612,0.0076022,0.99757]],"s":1.03275,"sphereCenter":[34.8586,287.864,10.9141],"sphereRadius":45.829,"stabilizedPalmPosition":[-4.79252,341.946,139.916],"t":[43.0483,-22.4139,-123.649],"timeVisible":0.678019,"type":"right","wrist":[26.501,308.408,93.5081]}],"id":4189124,"interactionBox":{"center":[0,200,0],"size":[235.247,235.247,147.751]},"pointables":[{"bases":[[[0.413137,0.890995,0.188272],[-0.862874,0.316901,0.393729],[0.291147,-0.325119,0.89974]],[[0.247823,0.944222,-0.216861],[-0.960077,0.269338,0.07556],[0.129754,0.189477,0.973274]],[[0.247823,0.944222,-0.216861],[-0.954199,0.19917,-0.22324],[-0.167596,0.262252,0.950334]],[[0.247823,0.944222,-0.216861],[-0.44554,-0.0876897,-0.890957],[-0.860278,0.31742,0.398957]]],"btipPosition":[17.3614,272.373,-1.65739],"carpPosition":[-2.00429,298.195,88.6413],"dipPosition":[-2.76681,279.8,7.67715],"direction":[0.167596,-0.262252,-0.950334],"extended":false,"handId":565,"id":5650,"length":52.1025,"mcpPosition":[-2.00429,298.195,88.6413],"pipPosition":[-8.47959,288.739,40.0707],"stabilizedTipPosition":[7.14591,282.917,29.8625],"timeVisible":0.678019,"tipPosition":[12.7688,274.278,0.257363],"tipVelocity":[-31.1863,-22.4933,-174.986],"tool":false,"touchDistance":-0.469052,"touchZone":"touching","type":0,"width":20.2446},{"bases":[[[0.999786,0.0197243,-0.00623821],[-0.0180642,0.979341,0.201407],[0.0100819,-0.201252,0.979488]],[[0.994579,-0.00303047,0.103939],[0.00673282,0.999355,-0.0352879],[-0.103765,0.0357964,0.993957]],[[0.994579,-0.00303047,0.103939],[0.0309125,0.963001,-0.267719],[-0.0992824,0.269481,0.957874]],[[0.994579,-0.00303047,0.103939],[0.0477289,0.901361,-0.430429],[-0.0923826,0.433057,0.89662]]],"btipPosition":[14.9946,319.256,-66.5087],"carpPosition":[7.30224,319.9,86.6852],"dipPosition":[13.4166,326.653,-51.1935],"direction":[0.0992824,-0.269481,-0.957874],"extended":true,"handId":565,"id":5651,"length":58.7918,"mcpPosition":[6.56072,334.703,14.6439],"pipPosition":[11.0175,333.165,-28.0475],"stabilizedTipPosition":[-1.02064,339.679,10.3648],"timeVisible":0.678019,"tipPosition":[15.2432,321.586,-63.0058],"tipVelocity":[-94.1418,-13.4547,-164.563],"tool":false,"touchDistance":-0.476643,"touchZone":"touching","type":1,"width":19.3376},{"bases":[[[0.980289,-0.174892,0.0919085],[0.151447,0.96392,0.218909],[-0.126878,-0.200674,0.971407]],[[0.978407,-0.177697,0.105564],[0.165433,0.367101,-0.915352],[0.123903,0.91305,0.388571]],[[0.978407,-0.177697,0.105564],[-0.0659997,-0.752604,-0.655157],[0.195868,0.634043,-0.748081]],[[0.978407,-0.177697,0.105564],[-0.158527,-0.972889,-0.168391],[0.132625,0.14802,-0.980051]]],"btipPosition":[14.2597,271.119,39.5751],"carpPosition":[19.4405,321.926,86.3752],"dipPosition":[16.7513,273.9,21.1629],"direction":[-0.195868,-0.634043,0.748081],"extended":false,"handId":565,"id":5652,"length":66.9886,"mcpPosition":[28.2902,335.923,18.6201],"pipPosition":[22.3196,291.925,-0.104171],"stabilizedTipPosition":[-8.50469,288.355,89.3683],"timeVisible":0.678019,"tipPosition":[14.8857,271.716,34.7423],"tipVelocity":[-11.9752,-35.6858,-172.989],"tool":false,"touchDistance":0.333333,"touchZone":"none","type":2,"width":18.9921},{"bases":[[[0.936708,-0.27468,0.217092],[0.216976,0.942074,0.255771],[-0.274771,-0.192479,0.942047]],[[0.931752,-0.278009,0.233557],[0.312742,0.287676,-0.905226],[0.184472,0.91649,0.354988]],[[0.931752,-0.278009,0.233557],[-0.0776406,-0.780911,-0.619798],[0.354697,0.559365,-0.749201]],[[0.931752,-0.278009,0.233557],[-0.245187,-0.956179,-0.160016],[0.267808,0.0918298,-0.959086]]],"btipPosition":[25.8031,274.73,50.7118],"carpPosition":[31.6616,320.821,86.8988],"dipPosition":[30.8055,276.445,32.797],"direction":[-0.354697,-0.559365,0.749201],"extended":false,"handId":565,"id":5653,"length":64.4113,"mcpPosition":[48.8687,332.874,27.9047],"pipPosition":[40.6287,291.937,12.0482],"stabilizedTipPosition":[-2.99664,291.61,110.632],"timeVisible":0.678019,"tipPosition":[27.0257,275.165,46.2042],"tipVelocity":[-6.39083,-35.5267,-183.282],"tool":false,"touchDistance":0.333333,"touchZone":"none","type":3,"width":18.0722},{"bases":[[[0.849798,-0.446968,0.279399],[0.334893,0.867152,0.368639],[-0.407051,-0.219699,0.88659]],[[0.877606,-0.429472,0.212982],[0.380434,0.353625,-0.854529],[0.291681,0.830965,0.473729]],[[0.877606,-0.429472,0.212982],[-0.158505,-0.679259,-0.716577],[0.45242,0.595114,-0.664195]],[[0.877606,-0.429472,0.212982],[-0.365404,-0.886882,-0.282701],[0.310302,0.170276,-0.935264]]],"btipPosition":[42.2471,281.34,49.2537],"carpPosition":[43.1549,312.549,88.2913],"dipPosition":[47.5943,284.274,33.137],"direction":[-0.45242,-0.595114,0.664195],"extended":false,"handId":565,"id":5654,"length":50.4973,"mcpPosition":[66.7516,325.285,36.8959],"pipPosition":[56.4408,295.911,20.1496],"stabilizedTipPosition":[6.80074,297.539,128.257],"timeVisible":0.678019,"tipPosition":[43.5758,282.134,45.3039],"tipVelocity":[-10.7764,-25.4915,-182.578],"tool":false,"touchDistance":0.333333,"touchZone":"none","type":4,"width":16.0532}],"r":[[0.902628,0.426299,0.0594207],[-0.424812,0.90455,-0.036388],[-0.0692612,0.0076022,0.99757]],"s":1.03275,"t":[43.0483,-22.4139,-123.649],"timestamp":522565905799},false],[1,{"currentFrameRate":108.346,"devices":[],"gestures":[],"hands":[{"armBasis":[[0.998279,-0.0362916,-0.0460671],[0.0360756,0.999334,-0.00551305],[0.0462365,0.00384167,0.998923]],"armWidth":63.703,"confidence":0.577897,"direction":[0.149569,0.345226,-0.926525],"elbow":[39.0767,309.22,361.526],"grabStrength":0,"id":565,"palmNormal":[0.0182912,-0.937871,-0.346501],"palmPosition":[27.216,323.036,39.2556],"palmVelocity":[-30.1636,-25.4911,-171.436],"palmWidth":90.9658,"pinchStrength":0.725161,"r":[[0.901133,0.429899,0.0560919],[-0.428658,0.902858,-0.033154],[-0.0648959,0.00583191,0.997875]],"s":1.03284,"sphereCenter":[34.5399,287.858,9.20402],"sphereRadius":45.808,"stabilizedPalmPosition":[-4.7776,341.938,139.869],"t":[42.7783,-22.5906,-125.21],"timeVisible":0.686885,"type":"right","wrist":[26.5961,308.183,91.8882]}],"id":4189125,"interactionBox":{"center":[0,200,0],"size":[235.247,235.247,147.751]},"pointables":[{"bases":[[[0.410628,0.892187,0.188113],[-0.862157,0.31277,0.398574],[0.296767,-0.325849,0.897637]],[[0.243602,0.945704,-0.215178],[-0.960754,0.265653,0.0798743],[0.1327,0.187276,0.973303]],[[0.243602,0.945704,-0.215178],[-0.955948,0.196657,-0.217921],[-0.163773,0.258785,0.95195]],[[0.243602,0.945704,-0.215178],[-0.450062,-0.0863042,-0.888817],[-0.859129,0.313361,0.404601]]],"btipPosition":[17.1684,272.371,-3.34848],"carpPosition":[-1.89311,297.87,87.1388],"dipPosition":[-2.93299,279.703,6.11813],"direction":[0.163773,-0.258785,-0.95195],"extended":false,"handId":565,"id":5650,"length":52.1025,"mcpPosition":[-1.89311,297.87,87.1388],"pipPosition":[-8.51542,288.524,38.5668],"stabilizedTipPosition":[7.1613,282.891,29.774],"timeVisible":0.686885,"tipPosition":[12.5639,274.223,-1.37866],"tipVelocity":[-28.446,-17.119,-178.328],"tool":false,"touchDistance":-0.475391,"touchZone":"touching","type":0,"width":20.2446},{"bases":[[[0.999661,0.0235806,-0.0110549],[-0.0208389,0.978848,0.203527],[0.0156203,-0.203227,0.979007]],[[0.995162,0.000759099,0.0982428],[0.00255867,0.999431,-0.0336407],[-0.0982124,0.0337294,0.994594]],[[0.995162,0.000759099,0.0982428],[0.0254522,0.963839,-0.265268],[-0.0948915,0.266485,0.959156]],[[0.995162,0.000759099,0.0982428],[0.0415172,0.903047,-0.427531],[-0.0890423,0.429542,0.898646]]],"btipPosition":[14.2038,319.338,-68.0689],"carpPosition":[7.3205,319.615,85.1826],"dipPosition":[12.6829,326.675,-52.7191],"direction":[0.0948915,-0.266485,-0.959156],"extended":true,"handId":565,"id":5651,"length":58.7918,"mcpPosition":[6.17162,334.563,13.1767],"pipPosition":[10.3899,333.114,-29.5421],"stabilizedTipPosition":[-0.898501,339.525,9.74976],"timeVisible":0.686885,"tipPosition":[14.4644,321.626,-64.5514],"tipVelocity":[-92.3982,-7.74354,-167.413],"tool":false,"touchDistance":-0.480595,"touchZone":"touching","type":1,"width":19.3376},{"bases":[[[0.981388,-0.17131,0.0867809],[0.148814,0.964043,0.220172],[-0.121378,-0.20316,0.971593]],[[0.979582,-0.174153,0.100447],[0.159575,0.369621,-0.915378],[0.122288,0.912716,0.389865]],[[0.979582,-0.174153,0.100447],[-0.0662954,-0.751495,-0.6564],[0.189799,0.636338,-0.747696]],[[0.979582,-0.174153,0.100447],[-0.155611,-0.973141,-0.169653],[0.127294,0.150558,-0.980372]]],"btipPosition":[14.2353,270.958,37.9375],"carpPosition":[19.4493,321.688,84.8178],"dipPosition":[16.6268,273.786,19.5193],"direction":[-0.189799,-0.636338,0.747696],"extended":false,"handId":565,"id":5652,"length":66.9886,"mcpPosition":[27.9154,335.858,17.0498],"pipPosition":[22.0226,291.877,-1.73686],"stabilizedTipPosition":[-8.49011,288.344,89.3335],"timeVisible":0.686885,"tipPosition":[14.8355,271.568,33.1055],"tipVelocity":[-10.1785,-30.6113,-176.208],"tool":false,"touchDistance":0.333333,"touchZone":"none","type":2,"width":18.9921},{"bases":[[[0.9388,-0.271523,0.211967],[0.214604,0.942372,0.25667],[-0.269443,-0.195473,0.942969]],[[0.933951,-0.274895,0.228402],[0.307141,0.29055,-0.906226],[0.182755,0.916523,0.355791]],[[0.933951,-0.274895,0.228402],[-0.0776913,-0.779938,-0.621016],[0.348854,0.562253,-0.749781]],[[0.933951,-0.274895,0.228402],[-0.242258,-0.956773,-0.160922],[0.262766,0.0949611,-0.960175]]],"btipPosition":[25.8175,274.586,49.0356],"carpPosition":[31.6769,320.629,85.2797],"dipPosition":[30.7257,276.359,31.1004],"direction":[-0.348854,-0.562253,0.749781],"extended":false,"handId":565,"id":5653,"length":64.4113,"mcpPosition":[48.5503,332.87,26.2279],"pipPosition":[40.3871,291.931,10.3355],"stabilizedTipPosition":[-2.98479,291.603,110.606],"timeVisible":0.686885,"tipPosition":[27.0162,275.036,44.5244],"tipVelocity":[-4.88233,-29.902,-184.993],"tool":false,"touchDistance":0.333333,"touchZone":"none","type":3,"width":18.0722},{"bases":[[[0.852855,-0.444272,0.274338],[0.333356,0.867672,0.368808],[-0.401886,-0.223087,0.888099]],[[0.88043,-0.426413,0.2074],[0.374357,0.356621,-0.855966],[0.291033,0.83126,0.47361]],[[0.88043,-0.426413,0.2074],[-0.159576,-0.678327,-0.717223],[0.446518,0.598368,-0.665265]],[[0.88043,-0.426413,0.2074],[-0.363237,-0.88766,-0.283053],[0.304798,0.173873,-0.936411]]],"btipPosition":[42.2344,281.25,47.519],"carpPosition":[43.2085,312.399,86.5992],"dipPosition":[47.4868,284.246,31.3826],"direction":[-0.446518,-0.598368,0.665265],"extended":false,"handId":565,"id":5654,"length":50.4973,"mcpPosition":[66.5058,325.331,35.1163],"pipPosition":[56.2178,295.946,18.3743],"stabilizedTipPosition":[6.80824,297.536,128.24],"timeVisible":0.686885,"tipPosition":[43.5364,282.062,43.5632],"tipVelocity":[-8.90977,-20.9051,-186.263],"tool":false,"touchDistance":0.333333,"touchZone":"none","type":4,"width":16.0532}],"r":[[0.901133,0.429899,0.0560919],[-0.428658,0.902858,-0.033154],[-0.0648959,0.00583191,0.997875]],"s":1.03284,"t":[42.7783,-22.5906,-125.21],"timestamp":522565914665},false],[2,{"currentFrameRate":108.219,"devices":[],"gestures":[],"hands":[{"armBasis":[[0.998275,-0.0333598,-0.0483158],[0.0332557,0.999443,-0.00295741],[0.0483875,0.00134554,0.998828]],"armWidth":63.703,"confidence":0.598058,"direction":[0.144398,0.347133,-0.926633],"elbow":[39.6701,308.131,359.815],"grabStrength":0,"id":565,"palmNormal":[0.0191762,-0.937253,-0.348123],"palmPosition":[26.9477,322.708,37.5931],"palmVelocity":[-29.6389,-28.0918,-172.623],"palmWidth":90.9658,"pinchStrength":0.724401,"r":[[0.899735,0.433236,0.0527524],[-0.432225,0.901271,-0.0298649],[-0.0604828,0.00406957,0.998161]],"s":1.03302,"sphereCenter":[34.1153,287.619,7.43854],"sphereRadius":45.787,"stabilizedPalmPosition":[-4.76512,341.93,139.829],"t":[42.5092,-22.8427,-126.822],"timeVisible":0.696354,"type":"right","wrist":[26.6089,307.768,90.2035]}],"id":4189126,"interactionBox":{"center":[0,200,0],"size":[235.247,235.247,147.751]},"pointables":[{"bases":[[[0.40913,0.892963,0.187693],[-0.861139,0.309834,0.403041],[0.301747,-0.326526,0.895728]],[[0.240594,0.94679,-0.213782],[-0.961123,0.263132,0.0836882],[0.135488,0.185336,0.97329]],[[0.240594,0.94679,-0.213782],[-0.957452,0.195336,-0.212435],[-0.159372,0.255797,0.953503]],[[0.240594,0.94679,-0.213782],[-0.455176,-0.0844757,-0.886385],[-0.85728,0.310567,0.410632]]],"btipPosition":[16.8546,272.153,-5.11277],"carpPosition":[-1.87451,297.387,85.5679],"dipPosition":[-3.20351,279.419,4.49494],"direction":[0.159372,-0.255797,-0.953503],"extended":false,"handId":565,"id":5650,"length":52.1025,"mcpPosition":[-1.87451,297.387,85.5679],"pipPosition":[-8.63596,288.138,36.9965],"stabilizedTipPosition":[7.17239,282.872,29.7027],"timeVisible":0.696354,"tipPosition":[12.2501,273.958,-3.07893],"tipVelocity":[-29.4895,-19.2778,-179.637],"tool":false,"touchDistance":-0.482162,"touchZone":"touching","type":0,"width":20.2446},{"bases":[[[0.999534,0.0262465,-0.0156047],[-0.022489,0.978456,0.205229],[0.0206551,-0.204783,0.97859]],[[0.995694,0.00345395,0.0926407],[-0.000453895,0.999475,-0.0323853],[-0.092704,0.0322038,0.995173]],[[0.995694,0.00345395,0.0926407],[0.0211136,0.964595,-0.262891],[-0.0902688,0.263714,0.960368]],[[0.995694,0.00345395,0.0926407],[0.0363566,0.904703,-0.424488],[-0.0852785,0.426028,0.900682]]],"btipPosition":[13.373,319.189,-69.7045],"carpPosition":[7.27254,319.16,83.6052],"dipPosition":[11.9163,326.466,-54.3199],"direction":[0.0902688,-0.263714,-0.960368],"extended":true,"handId":565,"id":5651,"length":58.7918,"mcpPosition":[5.75336,334.222,11.63],"pipPosition":[9.73509,332.839,-31.1136],"stabilizedTipPosition":[-0.77976,339.366,9.10294],"timeVisible":0.696354,"tipPosition":[13.6496,321.428,-66.1702],"tipVelocity":[-90.6165,-10.4229,-168.695],"tool":false,"touchDistance":-0.485283,"touchZone":"touching","type":1,"width":19.3376},{"bases":[[[0.982225,-0.168852,0.0819934],[0.147277,0.964073,0.221071],[-0.116376,-0.205066,0.971805]],[[0.980487,-0.171726,0.095685],[0.154461,0.371887,-0.915337],[0.121603,0.912256,0.391155]],[[0.980487,-0.171726,0.095685],[-0.0672054,-0.75022,-0.657764],[0.18474,0.638498,-0.747122]],[[0.980487,-0.171726,0.095685],[-0.153752,-0.973187,-0.171079],[0.122498,0.153029,-0.9806]]],"btipPosition":[14.0981,270.583,36.2189],"carpPosition":[19.394,321.266,83.1881],"dipPosition":[16.3995,273.458,17.7963],"direction":[-0.18474,-0.638498,0.747122],"extended":false,"handId":565,"id":5652,"length":66.9886,"mcpPosition":[27.5112,335.569,15.4053],"pipPosition":[21.6514,291.61,-3.44346],"stabilizedTipPosition":[-8.47894,288.336,89.3058],"timeVisible":0.696354,"tipPosition":[14.6737,271.211,31.4124],"tipVelocity":[-12.0423,-32.8616,-177.755],"tool":false,"touchDistance":0.333333,"touchZone":"none","type":2,"width":18.9921},{"bases":[[[0.940478,-0.269381,0.207209],[0.213291,0.942517,0.257231],[-0.264591,-0.197724,0.943873]],[[0.935757,-0.272763,0.223515],[0.301908,0.29211,-0.907482],[0.182236,0.916664,0.355693]],[[0.935757,-0.272763,0.223515],[-0.0786572,-0.779297,-0.621699],[0.343761,0.564178,-0.750687]],[[0.935757,-0.272763,0.223515],[-0.240413,-0.957137,-0.161525],[0.257993,0.0974125,-0.961223]]],"btipPosition":[25.7164,274.231,47.3404],"carpPosition":[31.6263,320.238,83.5922],"dipPosition":[30.5355,276.05,29.3857],"direction":[-0.343761,-0.564178,0.750687],"extended":false,"handId":565,"id":5653,"length":64.4113,"mcpPosition":[48.1959,332.62,24.4837],"pipPosition":[40.0558,291.675,8.59572],"stabilizedTipPosition":[-2.97573,291.598,110.585],"timeVisible":0.696354,"tipPosition":[26.8932,274.694,42.8202],"tipVelocity":[-7.16244,-31.7572,-183.416],"tool":false,"touchDistance":0.333333,"touchZone":"none","type":3,"width":18.0722},{"bases":[[[0.855277,-0.442458,0.26969],[0.332754,0.867949,0.3687],[-0.397211,-0.2256,0.889566]],[[0.882623,-0.42432,0.202311],[0.369048,0.358892,-0.857321],[0.291171,0.831354,0.473361]],[[0.882623,-0.42432,0.202311],[-0.161136,-0.677394,-0.717755],[0.441602,0.600907,-0.666257]],[[0.882623,-0.42432,0.202311],[-0.362003,-0.88808,-0.283315],[0.299884,0.176824,-0.937445]]],"btipPosition":[42.1164,280.93,45.726],"carpPosition":[43.1856,312.037,84.8451],"dipPosition":[47.2841,283.977,29.5717],"direction":[-0.441602,-0.600907,0.666257],"extended":false,"handId":565,"id":5654,"length":50.4973,"mcpPosition":[66.2118,325.115,33.2772],"pipPosition":[55.919,295.726,16.544],"stabilizedTipPosition":[6.81385,297.534,128.227],"timeVisible":0.696354,"tipPosition":[43.3951,281.758,41.7678],"tipVelocity":[-10.5173,-24.254,-187.274],"tool":false,"touchDistance":0.333333,"touchZone":"none","type":4,"width":16.0532}],"r":[[0.899735,0.433236,0.0527524],[-0.432225,0.901271,-0.0298649],[-0.0604828,0.00406957,0.998161]],"s":1.03302,"t":[42.5092,-22.8427,-126.822],"timestamp":522565924134},false],[3,{"currentFrameRate":108.564,"devices":[],"gestures":[],"hands":[{"armBasis":[[0.997856,-0.0310581,-0.0576068],[0.0308257,0.999513,-0.0049194],[0.0577316,0.00313309,0.998327]],"armWidth":63.703,"confidence":0.616659,"direction":[0.1403,0.349171,-0.926496],"elbow":[42.0761,308.451,357.626],"grabStrength":0,"id":565,"palmNormal":[0.0207605,-0.936584,-0.349829],"palmPosition":[26.6129,322.638,35.5641],"palmVelocity":[-32.1052,-22.8398,-189.406],"palmWidth":90.9658,"pinchStrength":0.722013,"r":[[0.898375,0.436414,0.0496445],[-0.435608,0.899743,-0.0266196],[-0.0562844,0.00228888,0.998412]],"s":1.03334,"sphereCenter":[33.7156,287.626,5.32351],"sphereRadius":45.7764,"stabilizedPalmPosition":[-4.75627,341.925,139.8],"t":[42.2072,-23.0038,-128.643],"timeVisible":0.704943,"type":"right","wrist":[26.4927,307.605,88.1491]}],"id":4189127,"interactionBox":{"center":[0,200,0],"size":[235.247,235.247,147.751]},"pointables":[{"bases":[[[0.407138,0.89383,0.1879],[-0.860697,0.306605,0.406441],[0.305678,-0.327202,0.894147]],[[0.237802,0.947995,-0.211555],[-0.961625,0.260464,0.0862306],[0.136849,0.18293,0.973555]],[[0.237802,0.947995,-0.211555],[-0.958661,0.194028,-0.208141],[-0.156269,0.252305,0.954946]],[[0.237802,0.947995,-0.211555],[-0.460543,-0.0817179,-0.883868],[-0.85519,0.307615,0.41716]]],"btipPosition":[16.5311,272.222,-7.3059],"carpPosition":[-1.97548,297.149,83.5899],"dipPosition":[-3.47814,279.42,2.45455],"direction":[0.156269,-0.252305,-0.954946],"extended":false,"handId":565,"id":5650,"length":52.1025,"mcpPosition":[-1.97548,297.149,83.5899],"pipPosition":[-8.80481,288.02,35.0053],"stabilizedTipPosition":[7.17927,282.859,29.6524],"timeVisible":0.704943,"tipPosition":[11.9309,273.97,-5.19175],"tipVelocity":[-31.3019,-12.5355,-198.534],"tool":false,"touchDistance":-0.494649,"touchZone":"touching","type":0,"width":20.2446},{"bases":[[[0.999395,0.0292036,-0.0188769],[-0.0246689,0.978026,0.207019],[0.0245078,-0.206428,0.978155]],[[0.996054,0.00638753,0.0885156],[-0.00363761,0.999507,-0.0311936],[-0.0886712,0.0307485,0.995586]],[[0.996054,0.00638753,0.0885156],[0.0169931,0.965223,-0.260874],[-0.0871036,0.261349,0.961306]],[[0.996054,0.00638753,0.0885156],[0.031689,0.906053,-0.421975],[-0.0828952,0.423115,0.902276]]],"btipPosition":[12.6279,319.272,-71.7104],"carpPosition":[7.10126,318.952,81.6351],"dipPosition":[11.212,326.499,-56.2985],"direction":[0.0871036,-0.261349,-0.961306],"extended":true,"handId":565,"id":5651,"length":58.7918,"mcpPosition":[5.29871,334.135,9.69179],"pipPosition":[9.10722,332.814,-33.0696],"stabilizedTipPosition":[-0.685715,339.234,8.54747],"timeVisible":0.704943,"tipPosition":[12.9142,321.48,-68.1647],"tipVelocity":[-89.3074,-5.49928,-185.612],"tool":false,"touchDistance":-0.495082,"touchZone":"touching","type":1,"width":19.3376},{"bases":[[[0.982982,-0.166114,0.0784357],[0.14519,0.964114,0.222272],[-0.112544,-0.207102,0.971825]],[[0.981296,-0.16902,0.0921405],[0.150337,0.373913,-0.915198],[0.120234,0.911933,0.392329]],[[0.981296,-0.16902,0.0921405],[-0.0671799,-0.749227,-0.658897],[0.180401,0.640383,-0.746569]],[[0.981296,-0.16902,0.0921405],[-0.15146,-0.973317,-0.172376],[0.118817,0.155197,-0.980712]]],"btipPosition":[13.9103,270.474,34.1406],"carpPosition":[19.2151,321.094,81.1815],"dipPosition":[16.1425,273.39,15.716],"direction":[-0.180401,-0.640383,0.746569],"extended":false,"handId":565,"id":5652,"length":66.9886,"mcpPosition":[27.0649,335.539,13.3973],"pipPosition":[21.2711,291.595,-5.50811],"stabilizedTipPosition":[-8.47162,288.33,89.2868],"timeVisible":0.704943,"tipPosition":[14.4682,271.114,29.3383],"tipVelocity":[-15.1231,-27.2454,-194.714],"tool":false,"touchDistance":0.333333,"touchZone":"none","type":2,"width":18.9921},{"bases":[[[0.941946,-0.266984,0.203612],[0.211387,0.942688,0.258174],[-0.260871,-0.200145,0.944398]],[[0.937347,-0.270367,0.219733],[0.297529,0.293061,-0.908621],[0.181267,0.91707,0.355141]],[[0.937347,-0.270367,0.219733],[-0.0789056,-0.779051,-0.621975],[0.339345,0.565668,-0.751575]],[[0.937347,-0.270367,0.219733],[-0.23821,-0.957592,-0.16209],[0.254238,0.0995922,-0.962]]],"btipPosition":[25.5445,274.145,45.3222],"carpPosition":[31.4516,320.101,81.5431],"dipPosition":[30.2935,276.006,27.353],"direction":[-0.339345,-0.565668,0.751575],"extended":false,"handId":565,"id":5653,"length":64.4113,"mcpPosition":[47.7882,332.635,22.4017],"pipPosition":[39.6915,291.672,6.53838],"stabilizedTipPosition":[-2.96981,291.595,110.571],"timeVisible":0.704943,"tipPosition":[26.706,274.616,40.7802],"tipVelocity":[-11.0485,-25.7119,-197.126],"tool":false,"touchDistance":0.333333,"touchZone":"none","type":3,"width":18.0722},{"bases":[[[0.85746,-0.440419,0.266072],[0.331437,0.868276,0.369115],[-0.393589,-0.228315,0.890483]],[[0.884656,-0.421982,0.198283],[0.364667,0.36124,-0.85821],[0.290521,0.831527,0.473455]],[[0.884656,-0.421982,0.198283],[-0.16158,-0.676397,-0.718595],[0.437352,0.603671,-0.666562]],[[0.884656,-0.421982,0.198283],[-0.360108,-0.888533,-0.284307],[0.296153,0.180111,-0.938005]]],"btipPosition":[41.9302,280.865,43.5832],"carpPosition":[43.0389,311.932,82.7433],"dipPosition":[47.0335,283.969,27.4193],"direction":[-0.437352,-0.603671,0.666562],"extended":false,"handId":565,"id":5654,"length":50.4973,"mcpPosition":[65.8552,325.167,31.1222],"pipPosition":[55.5853,295.773,14.3856],"stabilizedTipPosition":[6.81749,297.532,128.218],"timeVisible":0.704943,"tipPosition":[43.1913,281.713,39.6238],"tipVelocity":[-13.9191,-19.4359,-203.756],"tool":false,"touchDistance":0.333333,"touchZone":"none","type":4,"width":16.0532}],"r":[[0.898375,0.436414,0.0496445],[-0.435608,0.899743,-0.0266196],[-0.0562844,0.00228888,0.998412]],"s":1.03334,"t":[42.2072,-23.0038,-128.643],"timestamp":522565932723},false],[4,{"currentFrameRate":108.539,"devices":[],"gestures":[],"hands":[{"armBasis":[[0.997898,-0.031744,-0.0564886],[0.031278,0.999469,-0.00911412],[0.0567479,0.00732812,0.998362]],"armWidth":63.703,"confidence":0.635635,"direction":[0.136769,0.351324,-0.92621],"elbow":[41.8944,309.383,355.987],"grabStrength":0,"id":565,"palmNormal":[0.0198466,-0.935781,-0.352024],"palmPosition":[26.4982,322.557,33.9503],"palmVelocity":[-26.5597,-18.8815,-185.157],"palmWidth":90.9658,"pinchStrength":0.719634,"r":[[0.897269,0.439006,0.0467065],[-0.438389,0.898484,-0.0232871],[-0.0521882,0.000419173,0.998637]],"s":1.03366,"sphereCenter":[33.4231,287.621,3.60417],"sphereRadius":45.7565,"stabilizedPalmPosition":[-4.74915,341.92,139.776],"t":[41.9989,-23.125,-130.36],"timeVisible":0.714202,"type":"right","wrist":[26.5765,307.405,86.5011]}],"id":4189128,"interactionBox":{"center":[0,200,0],"size":[235.247,235.247,147.751]},"pointables":[{"bases":[[[0.407473,0.893565,0.188433],[-0.859323,0.305338,0.410284],[0.30908,-0.329104,0.892278]],[[0.237597,0.948739,-0.208427],[-0.961425,0.260305,0.088905],[0.138602,0.179263,0.973989]],[[0.237597,0.948739,-0.208427],[-0.959299,0.195467,-0.203807],[-0.152619,0.248368,0.956567]],[[0.237597,0.948739,-0.208427],[-0.465837,-0.0769971,-0.881514],[-0.852375,0.306538,0.423663]]],"btipPosition":[16.3247,272.363,-9.10235],"carpPosition":[-1.90406,296.948,82.0225],"dipPosition":[-3.61866,279.536,0.810261],"direction":[0.152619,-0.248368,-0.956567],"extended":false,"handId":565,"id":5650,"length":52.1025,"mcpPosition":[-1.90406,296.948,82.0225],"pipPosition":[-8.82091,288.002,33.4163],"stabilizedTipPosition":[7.18427,282.849,29.6124],"timeVisible":0.714202,"tipPosition":[11.7194,274.052,-6.90969],"tipVelocity":[-28.3069,-4.89965,-196.202],"tool":false,"touchDistance":-0.49994,"touchZone":"touching","type":0,"width":20.2446},{"bases":[[[0.999308,0.0296469,-0.0224705],[-0.0242944,0.977545,0.209324],[0.0281717,-0.208633,0.977588]],[[0.996445,0.00678338,0.0839702],[-0.00431831,0.999555,-0.0295035],[-0.084133,0.029036,0.996031]],[[0.996445,0.00678338,0.0839702],[0.0152023,0.96591,-0.25843],[-0.0828607,0.258788,0.962374]],[[0.996445,0.00678338,0.0839702],[0.029139,0.907476,-0.419092],[-0.0790438,0.420049,0.904053]]],"btipPosition":[12.0509,319.428,-73.2951],"carpPosition":[7.1569,318.759,80.0839],"dipPosition":[10.7007,326.603,-57.853],"direction":[0.0828607,-0.258788,-0.962374],"extended":true,"handId":565,"id":5651,"length":58.7918,"mcpPosition":[5.08487,334.104,8.18229],"pipPosition":[8.69846,332.857,-34.5982],"stabilizedTipPosition":[-0.599643,339.108,8.00517],"timeVisible":0.714202,"tipPosition":[12.3545,321.605,-69.7379],"tipVelocity":[-81.2591,0.440764,-181.335],"tool":false,"touchDistance":-0.497574,"touchZone":"touching","type":1,"width":19.3376},{"bases":[[[0.983328,-0.165898,0.0744587],[0.145625,0.963666,0.223923],[-0.108902,-0.209347,0.971758]],[[0.981692,-0.168837,0.0881723],[0.146841,0.376005,-0.914909],[0.121317,0.911106,0.393913]],[[0.981692,-0.168837,0.0881723],[-0.06928,-0.747709,-0.660403],[0.177428,0.642204,-0.745717]],[[0.981692,-0.168837,0.0881723],[-0.151692,-0.972961,-0.174172],[0.115195,0.157608,-0.98076]]],"btipPosition":[13.8097,270.386,32.4549],"carpPosition":[19.2681,320.906,79.5908],"dipPosition":[15.9739,273.347,14.0293],"direction":[-0.177428,-0.642204,0.745717],"extended":false,"handId":565,"id":5652,"length":66.9886,"mcpPosition":[26.8639,335.508,11.8112],"pipPosition":[21.018,291.604,-7.17052],"stabilizedTipPosition":[-8.4661,288.326,89.272],"timeVisible":0.714202,"tipPosition":[14.35,271.04,27.6577],"tipVelocity":[-14.3999,-21.9404,-191.162],"tool":false,"touchDistance":0.333333,"touchZone":"none","type":2,"width":18.9921},{"bases":[[[0.94279,-0.267067,0.199556],[0.211961,0.942186,0.259534],[-0.257332,-0.202388,0.944891]],[[0.9383,-0.270454,0.215519],[0.293733,0.294354,-0.909438],[0.182522,0.91663,0.355633]],[[0.9383,-0.270454,0.215519],[-0.0810674,-0.777858,-0.623189],[0.336187,0.567267,-0.751789]],[[0.9383,-0.270454,0.215519],[-0.23835,-0.957299,-0.163612],[0.250565,0.102149,-0.962696]]],"btipPosition":[25.4775,274.03,43.6505],"carpPosition":[31.5063,319.918,79.9053],"dipPosition":[30.1579,275.938,25.6683],"direction":[-0.336187,-0.567267,0.751789],"extended":false,"handId":565,"id":5653,"length":64.4113,"mcpPosition":[47.6213,332.592,20.7331],"pipPosition":[39.4684,291.648,4.84779],"stabilizedTipPosition":[-2.96536,291.592,110.561],"timeVisible":0.714202,"tipPosition":[26.6225,274.516,39.1006],"tipVelocity":[-10.4555,-21.6485,-192.553],"tool":false,"touchDistance":0.333333,"touchZone":"none","type":3,"width":18.0722},{"bases":[[[0.858601,-0.440676,0.261931],[0.332446,0.867571,0.369866],[-0.390235,-0.230489,0.891399]],[[0.88567,-0.421971,0.193724],[0.360889,0.363094,-0.859024],[0.292143,0.830724,0.473867]],[[0.88567,-0.421971,0.193724],[-0.164091,-0.674757,-0.719567],[0.434353,0.605511,-0.666854]],[[0.88567,-0.421971,0.193724],[-0.360659,-0.88798,-0.285337],[0.292427,0.182846,-0.938645]]],"btipPosition":[41.8635,280.755,41.8336],"carpPosition":[43.1012,311.75,81.0445],"dipPosition":[46.9026,283.906,25.6587],"direction":[-0.434353,-0.605511,0.666854],"extended":false,"handId":565,"id":5654,"length":50.4973,"mcpPosition":[65.723,325.112,29.3704],"pipPosition":[55.3958,295.746,12.6193],"stabilizedTipPosition":[6.82022,297.531,128.211],"timeVisible":0.714202,"tipPosition":[43.1065,281.618,37.8709],"tipVelocity":[-12.4788,-16.9855,-199.672],"tool":false,"touchDistance":0.333333,"touchZone":"none","type":4,"width":16.0532}],"r":[[0.897269,0.439006,0.0467065],[-0.438389,0.898484,-0.0232871],[-0.0521882,0.000419173,0.998637]],"s":1.03366,"t":[41.9989,-23.125,-130.36],"timestamp":522565941982},false],[5,{"currentFrameRate":108.741,"devices":[],"gestures":[],"hands":[{"armBasis":[[0.998096,-0.0287164,-0.0545817],[0.0281918,0.999549,-0.0103566],[0.0548544,0.00879809,0.998456]],"armWidth":63.703,"confidence":0.651771,"direction":[0.134894,0.357062,-0.924289],"elbow":[41.1544,309.232,354.443],"grabStrength":0,"id":565,"palmNormal":[0.0234208,-0.933703,-0.357281],"palmPosition":[26.1821,322.303,32.4664],"palmVelocity":[-29.0514,-21.529,-180.518],"palmWidth":90.9658,"pinchStrength":0.716493,"r":[[0.896022,0.441748,0.0447699],[-0.44132,0.897137,-0.0195628],[-0.0488066,-0.00222912,0.998806]],"s":1.03405,"sphereCenter":[33.1629,287.567,1.92177],"sphereRadius":45.7403,"stabilizedPalmPosition":[-4.74385,341.917,139.757],"t":[41.7367,-23.3122,-131.96],"timeVisible":0.723035,"type":"right","wrist":[26.3476,306.857,84.9313]}],"id":4189129,"interactionBox":{"center":[0,200,0],"size":[235.247,235.247,147.751]},"pointables":[{"bases":[[[0.403982,0.894121,0.19325],[-0.860334,0.299582,0.412404],[0.310845,-0.332863,0.890268]],[[0.234453,0.950971,-0.201709],[-0.962489,0.256222,0.0892442],[0.136551,0.173219,0.975371]],[[0.234453,0.950971,-0.201709],[-0.960075,0.193935,-0.201607],[-0.152603,0.240923,0.958472]],[[0.234453,0.950971,-0.201709],[-0.470111,-0.0707051,-0.879771],[-0.850898,0.301091,0.430485]]],"btipPosition":[16.203,272.41,-11.0106],"carpPosition":[-2.09306,296.311,80.4078],"dipPosition":[-3.70582,279.455,-0.938398],"direction":[0.152603,-0.240923,-0.958472],"extended":false,"handId":565,"id":5650,"length":52.1025,"mcpPosition":[-2.09306,296.311,80.4078],"pipPosition":[-8.90754,287.667,31.7326],"stabilizedTipPosition":[7.18756,282.842,29.584],"timeVisible":0.723035,"tipPosition":[11.5952,274.032,-8.72834],"tipVelocity":[-24.138,-3.05044,-200.439],"tool":false,"touchDistance":-0.506352,"touchZone":"touching","type":0,"width":20.2446},{"bases":[[[0.99917,0.0337809,-0.0227834],[-0.0281076,0.976249,0.214819],[0.029499,-0.214001,0.976388]],[[0.996526,0.0105125,0.0826144],[-0.00850523,0.999661,-0.0246113],[-0.0828451,0.0238232,0.996278]],[[0.996526,0.0105125,0.0826144],[0.010748,0.96747,-0.252756],[-0.0825841,0.252765,0.963997]],[[0.996526,0.0105125,0.0826144],[0.0246409,0.910366,-0.41307],[-0.0795517,0.41367,0.906945]]],"btipPosition":[11.6224,319.712,-74.8027],"carpPosition":[6.87942,318.169,78.5873],"dipPosition":[10.2636,326.778,-59.3111],"direction":[0.0825841,-0.252765,-0.963997],"extended":true,"handId":565,"id":5651,"length":58.7918,"mcpPosition":[4.70976,333.909,6.77393],"pipPosition":[8.26804,332.886,-36.0171],"stabilizedTipPosition":[-0.531274,339.006,7.55025],"timeVisible":0.723035,"tipPosition":[11.9252,321.85,-71.2264],"tipVelocity":[-72.4679,8.22817,-178.106],"tool":false,"touchDistance":-0.498593,"touchZone":"touching","type":1,"width":19.3376},{"bases":[[[0.984022,-0.162367,0.0730543],[0.141873,0.962971,0.229259],[-0.107573,-0.215232,0.97062]],[[0.982404,-0.165393,0.0867667],[0.144883,0.381681,-0.912868],[0.117865,0.909376,0.398927]],[[0.982404,-0.165393,0.0867667],[-0.0665903,-0.744203,-0.664626],[0.174497,0.647153,-0.742121]],[[0.982404,-0.165393,0.0867667],[-0.14786,-0.972542,-0.17972],[0.114109,0.163728,-0.979884]]],"btipPosition":[13.7007,270.086,30.6836],"carpPosition":[18.9817,320.368,78.1004],"dipPosition":[15.8445,273.162,12.2745],"direction":[-0.174497,-0.647153,0.742121],"extended":false,"handId":565,"id":5652,"length":66.9886,"mcpPosition":[26.4849,335.38,10.4002],"pipPosition":[20.8052,291.56,-8.82312],"stabilizedTipPosition":[-8.46231,288.323,89.2615],"timeVisible":0.723035,"tipPosition":[14.2362,270.772,25.8959],"tipVelocity":[-13.9865,-24.3874,-193.578],"tool":false,"touchDistance":0.333333,"touchZone":"none","type":2,"width":18.9921},{"bases":[[[0.943953,-0.264398,0.197601],[0.208313,0.941558,0.264717],[-0.256043,-0.208718,0.943864]],[[0.93952,-0.267866,0.213423],[0.291803,0.299802,-0.908278],[0.179312,0.915624,0.359834]],[[0.93952,-0.267866,0.213423],[-0.0783433,-0.774707,-0.627449],[0.333413,0.572781,-0.748838]],[[0.93952,-0.267866,0.213423],[-0.234439,-0.957256,-0.169408],[0.249679,0.109127,-0.96216]]],"btipPosition":[25.3512,273.697,41.9337],"carpPosition":[31.2239,319.427,78.4035],"dipPosition":[30.015,275.736,23.9615],"direction":[-0.333413,-0.57278,0.748838],"extended":false,"handId":565,"id":5653,"length":64.4113,"mcpPosition":[47.2582,332.497,19.2956],"pipPosition":[39.2487,291.599,3.22266],"stabilizedTipPosition":[-2.96228,291.59,110.553],"timeVisible":0.723035,"tipPosition":[26.4938,274.222,37.3836],"tipVelocity":[-11.6111,-25.061,-192.973],"tool":false,"touchDistance":0.333333,"touchZone":"none","type":3,"width":18.0722},{"bases":[[[0.860492,-0.438692,0.259041],[0.329151,0.866808,0.37457],[-0.38886,-0.237051,0.890278]],[[0.887571,-0.419395,0.190591],[0.358562,0.369192,-0.857398],[0.289224,0.82934,0.478063]],[[0.887571,-0.419395,0.190591],[-0.161954,-0.671393,-0.723189],[0.431263,0.611015,-0.663832]],[[0.887571,-0.419395,0.190591],[-0.357193,-0.887808,-0.29019],[0.290912,0.189486,-0.937798]]],"btipPosition":[41.7243,280.511,40.1233],"carpPosition":[42.852,311.299,79.4913],"dipPosition":[46.7373,283.777,23.963],"direction":[-0.431263,-0.611015,0.663832],"extended":false,"handId":565,"id":5654,"length":50.4973,"mcpPosition":[65.3941,325.041,27.8821],"pipPosition":[55.1701,295.724,10.9827],"stabilizedTipPosition":[6.82208,297.53,128.207],"timeVisible":0.723035,"tipPosition":[42.9575,281.403,36.1632],"tipVelocity":[-13.5491,-19.0382,-197.936],"tool":false,"touchDistance":0.333333,"touchZone":"none","type":4,"width":16.0532}],"r":[[0.896022,0.441748,0.0447699],[-0.44132,0.897137,-0.0195628],[-0.0488066,-0.00222912,0.998806]],"s":1.03405,"t":[41.7367,-23.3122,-131.96],"timestamp":522565950815},false],[6,{"currentFrameRate":108.756,"devices":[],"gestures":[],"hands":[{"armBasis":[[0.998062,-0.0239926,-0.0574079],[0.0234843,0.999679,-0.0095134],[0.0576177,0.00814678,0.998305]],"armWidth":63.703,"confidence":0.666901,"direction":[0.132066,0.360745,-0.923267],"elbow":[41.7297,308.744,353.415],"grabStrength":0,"id":565,"palmNormal":[0.0277061,-0.932405,-0.360352],"palmPosition":[25.8754,322.16,31.5301],"palmVelocity":[-30.282,-19.8757,-158.658],"palmWidth":90.9658,"pinchStrength":0.711791,"r":[[0.894577,0.44481,0.0433203],[-0.444555,0.895611,-0.0158953],[-0.0458685,-0.0050387,0.998935]],"s":1.03462,"sphereCenter":[32.9095,287.563,0.864002],"sphereRadius":45.7237,"stabilizedPalmPosition":[-4.73937,341.914,139.741],"t":[41.4522,-23.4774,-133.228],"timeVisible":0.732202,"type":"right","wrist":[26.1771,306.545,83.9441]}],"id":4189130,"interactionBox":{"center":[0,200,0],"size":[235.247,235.247,147.751]},"pointables":[{"bases":[[[0.399706,0.895504,0.195722],[-0.861364,0.293912,0.414328],[0.313507,-0.334197,0.888834]],[[0.230351,0.952938,-0.1971],[-0.963775,0.251398,0.0890913],[0.134449,0.169438,0.976327]],[[0.230351,0.952938,-0.1971],[-0.961299,0.19138,-0.198188],[-0.15114,0.235125,0.960142]],[[0.230351,0.952938,-0.1971],[-0.476684,-0.066081,-0.876588],[-0.848358,0.295877,0.439028]]],"btipPosition":[16.0762,272.477,-12.3054],"carpPosition":[-2.21536,295.87,79.4176],"dipPosition":[-3.77311,279.4,-2.03326],"direction":[0.15114,-0.235125,-0.960142],"extended":false,"handId":565,"id":5650,"length":52.1025,"mcpPosition":[-2.21536,295.87,79.4176],"pipPosition":[-8.92494,287.415,30.6946],"stabilizedTipPosition":[7.18987,282.838,29.5629],"timeVisible":0.732202,"tipPosition":[11.4836,274.029,-9.90865],"tipVelocity":[-20.8457,-0.997965,-182.53],"tool":false,"touchDistance":-0.502782,"touchZone":"touching","type":0,"width":20.2446},{"bases":[[[0.998961,0.0388722,-0.0237748],[-0.0327658,0.975391,0.218036],[0.0316652,-0.21703,0.975651]],[[0.996639,0.0154975,0.0804437],[-0.0137611,0.999661,-0.0220949],[-0.0807589,0.0209136,0.996514]],[[0.996639,0.0154975,0.0804437],[0.00504865,0.968459,-0.249122],[-0.0817672,0.248691,0.965125]],[[0.996639,0.0154975,0.0804437],[0.0188071,0.912436,-0.408787],[-0.0797349,0.408926,0.909077]]],"btipPosition":[11.1227,319.849,-75.7511],"carpPosition":[6.64527,317.779,77.6585],"dipPosition":[9.76079,326.834,-60.2231],"direction":[0.0817672,-0.248691,-0.965125],"extended":true,"handId":565,"id":5651,"length":58.7918,"mcpPosition":[4.31629,333.741,5.89935],"pipPosition":[7.78497,332.843,-36.9019],"stabilizedTipPosition":[-0.471294,338.913,7.12857],"timeVisible":0.732202,"tipPosition":[11.428,321.95,-72.1586],"tipVelocity":[-67.4812,9.53797,-157.034],"tool":false,"touchDistance":-0.491168,"touchZone":"touching","type":1,"width":19.3376},{"bases":[[[0.984906,-0.157661,0.0714388],[0.137295,0.962919,0.232245],[-0.105406,-0.218931,0.97003]],[[0.983315,-0.160745,0.085167],[0.141939,0.385135,-0.91188],[0.113779,0.908753,0.401524]],[[0.983315,-0.160745,0.085167],[-0.0635861,-0.742357,-0.666981],[0.170438,0.650437,-0.740191]],[[0.983315,-0.160745,0.085167],[-0.143157,-0.972647,-0.182933],[0.112243,0.167689,-0.979429]]],"btipPosition":[13.651,269.878,29.6012],"carpPosition":[18.7358,320.04,77.1655],"dipPosition":[15.7597,273.029,11.2007],"direction":[-0.170438,-0.650437,0.740191],"extended":false,"handId":565,"id":5652,"length":66.9886,"mcpPosition":[26.0878,335.31,9.50641],"pipPosition":[20.605,291.52,-9.84208],"stabilizedTipPosition":[-8.45949,288.321,89.2535],"timeVisible":0.732202,"tipPosition":[14.1783,270.586,24.8204],"tipVelocity":[-11.8451,-23.3804,-172.46],"tool":false,"touchDistance":0.333333,"touchZone":"none","type":2,"width":18.9921},{"bases":[[[0.945489,-0.260297,0.195696],[0.203881,0.941724,0.267559],[-0.253936,-0.213075,0.943459]],[[0.941151,-0.263792,0.211304],[0.288867,0.303216,-0.908083],[0.175475,0.915682,0.361573]],[[0.941151,-0.263792,0.211304],[-0.0753952,-0.773285,-0.62956],[0.329471,0.576579,-0.747667]],[[0.941151,-0.263792,0.211304],[-0.229751,-0.957847,-0.172462],[0.247891,0.113766,-0.962085]]],"btipPosition":[25.2922,273.508,40.896],"carpPosition":[30.9829,319.159,77.452],"dipPosition":[29.9226,275.633,22.9252],"direction":[-0.329471,-0.576579,0.747667],"extended":false,"handId":565,"id":5653,"length":64.4113,"mcpPosition":[46.8852,332.503,18.3695],"pipPosition":[39.0472,291.602,2.21883],"stabilizedTipPosition":[-2.95997,291.589,110.547],"timeVisible":0.732202,"tipPosition":[26.427,274.057,36.3392],"tipVelocity":[-10.4007,-23.2124,-170.715],"tool":false,"touchDistance":0.333333,"touchZone":"none","type":3,"width":18.0722},{"bases":[[[0.862972,-0.435207,0.256659],[0.325217,0.867225,0.377034],[-0.386669,-0.2419,0.889928]],[[0.890001,-0.415445,0.187891],[0.355261,0.373529,-0.856893],[0.285809,0.829386,0.480033]],[[0.890001,-0.415445,0.187891],[-0.159684,-0.66998,-0.725002],[0.427081,0.615249,-0.662623]],[[0.890001,-0.415445,0.187891],[-0.353061,-0.888678,-0.292575],[0.288523,0.194055,-0.937602]]],"btipPosition":[41.6418,280.417,39.0561],"carpPosition":[42.6528,311.087,78.5004],"dipPosition":[46.6137,283.761,22.8992],"direction":[-0.427081,-0.615249,0.662623],"extended":false,"handId":565,"id":5654,"length":50.4973,"mcpPosition":[65.0679,325.11,26.9116],"pipPosition":[54.9646,295.791,9.9425],"stabilizedTipPosition":[6.82345,297.529,128.203],"timeVisible":0.732202,"tipPosition":[42.861,281.326,35.0938],"tipVelocity":[-12.5687,-16.0488,-175.177],"tool":false,"touchDistance":0.333333,"touchZone":"none","type":4,"width":16.0532}],"r":[[0.894577,0.44481,0.0433203],[-0.444