{"sensorType":"Leap","data":[[0,{"currentFrameRate":106.516,"devices":[],"gestures":[],"hands":[{"armBasis":[[0.979555,0.175929,-0.0975782],[-0.179915,0.983108,-0.0336063],[0.0900176,0.050475,0.99466]],"armWidth":63.703,"confidence":0.463336,"direction":[-0.00192817,0.431641,-0.902043],"elbow":[61.3829,304.039,358.018],"grabStrength":0.0836884,"id":561,"palmNormal":[0.201056,-0.883458,-0.423177],"palmPosition":[30.3837,308.513,38.3578],"palmVelocity":[63.2533,-33.6009,-249.861],"palmWidth":90.9658,"pinchStrength":0.451434,"r":[[0.933806,0.348444,0.0812038],[-0.357463,0.899055,0.252824],[0.0150884,-0.265116,0.964098]],"s":1.11929,"sphereCenter":[37.0462,279.118,4.33732],"sphereRadius":45.8341,"stabilizedPalmPosition":[-3.60533,304.421,143.767],"t":[37.7298,6.79403,-113.667],"timeVisible":0.289213,"type":"right","wrist":[37.0846,290.414,89.5312]}],"id":4187690,"interactionBox":{"center":[0,200,0],"size":[235.247,235.247,147.751]},"pointables":[{"bases":[[[0.213974,0.947723,0.236719],[-0.877521,0.0800255,0.472814],[0.429153,-0.308896,0.84877]],[[0.0903849,0.995907,-0.000810593],[-0.971725,0.0883685,0.218956],[0.218132,-0.0190027,0.975734]],[[0.0903849,0.995907,-0.000810593],[-0.994122,0.0901742,-0.0599166],[-0.0595982,0.00622138,0.998203]],[[0.0903849,0.995907,-0.000810593],[-0.807353,0.0727958,-0.585561],[-0.583105,0.0535803,0.810628]]],"btipPosition":[16.1325,273.689,-16.062],"carpPosition":[11.3436,274.207,85.6232],"dipPosition":[2.48936,274.943,2.90458],"direction":[0.0595982,-0.00622138,-0.998203],"extended":false,"handId":561,"id":5610,"length":52.1025,"mcpPosition":[11.3436,274.207,85.6232],"pipPosition":[0.457869,275.155,36.9298],"stabilizedTipPosition":[-30.1826,262.503,99.4344],"timeVisible":0.289213,"tipPosition":[13.0158,274.223,-12.0526],"tipVelocity":[122.552,3.03817,-288.417],"tool":false,"touchDistance":-0.485608,"touchZone":"hovering","type":0,"width":20.2446},{"bases":[[[0.965348,0.252064,-0.0675822],[-0.223511,0.932267,0.284466],[0.134708,-0.259504,0.956301]],[[0.970509,0.239902,-0.0236687],[-0.226509,0.941098,0.251054],[0.0825028,-0.238289,0.967684]],[[0.970509,0.239902,-0.0236687],[-0.23984,0.951015,-0.195057],[-0.0242854,0.194982,0.980506]],[[0.970509,0.239902,-0.0236687],[-0.216305,0.823272,-0.52482],[-0.106419,0.514462,0.850884]]],"btipPosition":[4.24443,313.385,-65.194],"carpPosition":[15.2912,297.563,84.9318],"dipPosition":[2.42667,322.173,-50.66],"direction":[0.0242853,-0.194982,-0.980506],"extended":true,"handId":561,"id":5611,"length":58.7918,"mcpPosition":[5.38341,316.65,14.5959],"pipPosition":[1.83984,326.884,-26.9671],"stabilizedTipPosition":[-26.7912,301.695,30.3305],"timeVisible":0.289213,"tipPosition":[3.75048,316.766,-61.794],"tipVelocity":[59.2846,71.6322,-236.096],"tool":false,"touchDistance":-0.492568,"touchZone":"hovering","type":1,"width":19.3376},{"bases":[[[0.998536,0.05204,0.0147412],[-0.0540783,0.955536,0.289872],[0.000999199,-0.290245,0.956952]],[[0.998151,0.0597981,-0.0109048],[-0.0388032,0.488766,-0.871551],[-0.0467872,0.870363,0.490183]],[[0.998151,0.0597981,-0.0109048],[0.0343847,-0.703416,-0.709946],[-0.0501241,0.708259,-0.704171]],[[0.998151,0.0597981,-0.0109048],[0.056231,-0.976526,-0.207928],[-0.0230826,0.206931,-0.978083]]],"btipPosition":[30.6306,256.653,32.0562],"carpPosition":[26.5871,302.372,84.0298],"dipPosition":[30.197,260.541,13.681],"direction":[0.0501241,-0.708259,0.704171],"extended":false,"handId":561,"id":5612,"length":66.9886,"mcpPosition":[26.5174,322.616,17.2829],"pipPosition":[28.772,280.676,-6.33779],"stabilizedTipPosition":[-7.65227,253.551,100.019],"timeVisible":0.289213,"tipPosition":[30.5269,257.64,26.0251],"tipVelocity":[128.353,-15.1251,-308.774],"tool":false,"touchDistance":0.333333,"touchZone":"none","type":2,"width":18.9921},{"bases":[[[0.989016,-0.0634206,0.13351],[0.0174602,0.947073,0.320542],[-0.146773,-0.31469,0.937778]],[[0.99461,-0.0492222,0.0912545],[0.1036,0.436528,-0.893706],[0.00415507,0.898343,0.439274]],[[0.99461,-0.0492222,0.0912545],[0.0243989,-0.744298,-0.667402],[0.100771,0.666031,-0.739085]],[[0.99461,-0.0492222,0.0912545],[-0.0318597,-0.982637,-0.182781],[0.0986669,0.178889,-0.978909]]],"btipPosition":[43.1132,261.899,44.0916],"carpPosition":[38.7413,304.106,83.686],"dipPosition":[44.9562,265.241,25.8065],"direction":[-0.100771,-0.666031,0.739085],"extended":false,"handId":561,"id":5613,"length":64.4113,"mcpPosition":[47.9327,323.813,24.9592],"pipPosition":[47.7471,283.686,5.33783],"stabilizedTipPosition":[6.96852,257.399,113.969],"timeVisible":0.289213,"tipPosition":[43.6944,262.721,38.2418],"tipVelocity":[120.762,-24.7116,-323.171],"tool":false,"touchDistance":0.333333,"touchZone":"none","type":3,"width":18.0722},{"bases":[[[0.94881,-0.255023,0.18634],[0.15804,0.894132,0.418988],[-0.273464,-0.368091,0.888665]],[[0.952905,-0.24933,0.172648],[0.278098,0.491307,-0.825396],[0.120973,0.834537,0.537507]],[[0.952905,-0.24933,0.172648],[-0.0402161,-0.668147,-0.742942],[0.300592,0.701009,-0.646707]],[[0.952905,-0.24933,0.172648],[-0.192106,-0.936762,-0.292526],[0.234665,0.245583,-0.940543]]],"btipPosition":[53.5407,272.558,41.981],"carpPosition":[51.8859,298.66,83.6444],"dipPosition":[57.5845,276.79,25.7734],"direction":[-0.300592,-0.701009,0.646707],"extended":false,"handId":561,"id":5614,"length":50.4973,"mcpPosition":[67.7386,319.998,32.1287],"pipPosition":[63.4622,290.497,13.128],"stabilizedTipPosition":[13.4756,263.851,134.154],"timeVisible":0.289213,"tipPosition":[54.8185,273.773,36.9319],"tipVelocity":[106.113,-7.18032,-307.948],"tool":false,"touchDistance":0.333333,"touchZone":"none","type":4,"width":16.0532}],"r":[[0.933806,0.348444,0.0812038],[-0.357463,0.899055,0.252824],[0.0150884,-0.265116,0.964098]],"s":1.11929,"t":[37.7298,6.79403,-113.667],"timestamp":522551268806},false],[1,{"currentFrameRate":106.627,"devices":[],"gestures":[],"hands":[{"armBasis":[[0.976957,0.187724,-0.101565],[-0.192415,0.98056,-0.0384588],[0.0923707,0.0571152,0.994085]],"armWidth":63.703,"confidence":0.489021,"direction":[-0.0078342,0.443597,-0.896192],"elbow":[62.6927,304.972,356.361],"grabStrength":0.086163,"id":561,"palmNormal":[0.213935,-0.874725,-0.434842],"palmPosition":[30.8162,308.238,37.0994],"palmVelocity":[58.7552,-32.5751,-218.406],"palmWidth":90.9658,"pinchStrength":0.460743,"r":[[0.929786,0.357723,0.0867929],[-0.367644,0.890698,0.267385],[0.0183433,-0.280519,0.959673]],"s":1.11712,"sphereCenter":[38.2164,279.313,2.68805],"sphereRadius":45.8832,"stabilizedPalmPosition":[-3.59246,304.423,143.728],"t":[38.1838,6.36688,-115.44],"timeVisible":0.298388,"type":"right","wrist":[37.7592,289.555,88.0299]}],"id":4187691,"interactionBox":{"center":[0,200,0],"size":[235.247,235.247,147.751]},"pointables":[{"bases":[[[0.20019,0.947459,0.249489],[-0.878753,0.0610264,0.473358],[0.433263,-0.314001,0.8448]],[[0.0730135,0.997307,0.00696892],[-0.971376,0.0695279,0.227144],[0.226048,-0.023354,0.973836]],[[0.0730135,0.997307,0.00696892],[-0.995654,0.073294,-0.0574566],[-0.0578126,-0.00274353,0.998324]],[[0.0730135,0.997307,0.00696892],[-0.790473,0.062129,-0.609337],[-0.608129,0.0389811,0.79288]]],"btipPosition":[17.1747,273.379,-17.288],"carpPosition":[12.2562,273.032,83.8913],"dipPosition":[2.94608,274.291,1.26333],"direction":[0.0578126,0.00274353,-0.998324],"extended":false,"handId":561,"id":5610,"length":52.1025,"mcpPosition":[12.2562,273.032,83.8913],"pipPosition":[0.975446,274.197,35.2927],"stabilizedTipPosition":[-30.0661,262.532,99.1373],"timeVisible":0.298388,"tipPosition":[13.922,274.002,-13.4414],"tipVelocity":[115.955,-9.64727,-248.121],"tool":false,"touchDistance":-0.485204,"touchZone":"hovering","type":0,"width":20.2446},{"bases":[[[0.961634,0.266845,-0.0636739],[-0.237043,0.925057,0.296784],[0.138097,-0.270304,0.95282]],[[0.966902,0.254328,-0.0204545],[-0.240762,0.935982,0.256847],[0.0844686,-0.243421,0.966236]],[[0.966902,0.254328,-0.0204545],[-0.253485,0.948362,-0.190668],[-0.0290941,0.189542,0.981441]],[[0.966902,0.254328,-0.0204545],[-0.227373,0.822492,-0.521353],[-0.115771,0.508748,0.853096]]],"btipPosition":[4.7621,313.516,-66.3534],"carpPosition":[15.8666,296.45,83.5145],"dipPosition":[2.7846,322.206,-51.7816],"direction":[0.0290941,-0.189542,-0.981441],"extended":true,"handId":561,"id":5611,"length":58.7918,"mcpPosition":[5.70958,316.331,13.4346],"pipPosition":[2.08157,326.786,-28.0661],"stabilizedTipPosition":[-26.682,301.743,30.0028],"timeVisible":0.298388,"tipPosition":[4.18476,316.919,-62.9359],"tipVelocity":[57.3681,54.9301,-205.207],"tool":false,"touchDistance":-0.488906,"touchZone":"hovering","type":1,"width":19.3376},{"bases":[[[0.997676,0.0662365,0.0159857],[-0.0679657,0.950693,0.302593],[0.00484518,-0.302976,0.952986]],[[0.997203,0.0741898,-0.00910834],[-0.0449187,0.497399,-0.866358],[-0.0597444,0.864344,0.49934]],[[0.997203,0.0741898,-0.00910834],[0.0451236,-0.694657,-0.717924],[-0.0595898,0.715505,-0.696061]],[[0.997203,0.0741898,-0.00910834],[0.0703681,-0.972884,-0.220328],[-0.0252075,0.219071,-0.975383]]],"btipPosition":[31.8009,256.458,30.2636],"carpPosition":[27.0923,301.433,82.683],"dipPosition":[31.3273,260.574,11.9391],"direction":[0.0595898,-0.715505,0.696061],"extended":false,"handId":561,"id":5612,"length":66.9886,"mcpPosition":[26.7543,322.565,16.2129],"pipPosition":[29.6333,280.915,-7.84913],"stabilizedTipPosition":[-7.36332,253.579,99.4756],"timeVisible":0.298388,"tipPosition":[31.6911,257.523,24.2945],"tipVelocity":[127.85,-15.2444,-276.772],"tool":false,"touchDistance":0.333333,"touchZone":"none","type":2,"width":18.9921},{"bases":[[[0.989781,-0.050928,0.133195],[0.00367647,0.942854,0.333187],[-0.142552,-0.329292,0.933405]],[[0.995172,-0.0361286,0.0912558],[0.0977344,0.44998,-0.887675],[-0.00899283,0.892308,0.451338]],[[0.995172,-0.0361286,0.0912558],[0.0355023,-0.734314,-0.677881],[0.0915012,0.677848,-0.729486]],[[0.995172,-0.0361286,0.0912558],[-0.0175217,-0.980246,-0.197004],[0.0965706,0.194454,-0.976146]]],"btipPosition":[44.211,261.706,42.1923],"carpPosition":[39.2202,303.347,82.3692],"dipPosition":[46.0149,265.338,23.9588],"direction":[-0.0915012,-0.677848,0.729486],"extended":false,"handId":561,"id":5613,"length":64.4113,"mcpPosition":[48.1473,323.968,23.9162],"pipPosition":[48.549,284.111,3.756],"stabilizedTipPosition":[7.12451,257.421,113.655],"timeVisible":0.298388,"tipPosition":[44.7799,262.628,36.4109],"tipVelocity":[120.179,-21.6682,-290.389],"tool":false,"touchDistance":0.333333,"touchZone":"none","type":3,"width":18.0722},{"bases":[[[0.952325,-0.24378,0.183436],[0.14497,0.890633,0.430994],[-0.268441,-0.383854,0.883513]],[[0.956482,-0.237632,0.169333],[0.270564,0.504979,-0.819629],[0.10926,0.829776,0.547298]],[[0.956482,-0.237632,0.169333],[-0.0307251,-0.659117,-0.751413],[0.29017,0.71351,-0.637735]],[[0.956482,-0.237632,0.169333],[-0.178325,-0.935383,-0.305384],[0.23096,0.261898,-0.937052]]],"btipPosition":[54.4875,272.546,40.3156],"carpPosition":[52.4422,298.091,82.2621],"dipPosition":[58.4674,277.059,24.1682],"direction":[-0.29017,-0.71351,0.637735],"extended":false,"handId":561,"id":5614,"length":50.4973,"mcpPosition":[68.0036,320.343,31.045],"pipPosition":[64.1413,291.011,11.6982],"stabilizedTipPosition":[13.5467,263.868,133.989],"timeVisible":0.298388,"tipPosition":[55.7353,273.849,35.3118],"tipVelocity":[104.85,-3.5707,-272.24],"tool":false,"touchDistance":0.333333,"touchZone":"none","type":4,"width":16.0532}],"r":[[0.929786,0.357723,0.0867929],[-0.367644,0.890698,0.267385],[0.0183433,-0.280519,0.959673]],"s":1.11712,"t":[38.1838,6.36688,-115.44],"timestamp":522551277981},false],[2,{"currentFrameRate":106.885,"devices":[],"gestures":[],"hands":[{"armBasis":[[0.974141,0.202402,-0.10041],[-0.206417,0.977965,-0.0312449],[0.0918738,0.0511634,0.994455]],"armWidth":63.703,"confidence":0.513329,"direction":[-0.0137823,0.447668,-0.894094],"elbow":[63.3703,303.85,354.543],"grabStrength":0.0881185,"id":561,"palmNormal":[0.226347,-0.869571,-0.438878],"palmPosition":[31.3823,308.863,35.2672],"palmVelocity":[60.1014,-4.62002,-215.092],"palmWidth":90.9658,"pinchStrength":0.472422,"r":[[0.925457,0.367563,0.0917937],[-0.378223,0.882437,0.279737],[0.0218187,-0.293603,0.955678]],"s":1.11426,"sphereCenter":[39.4072,280.091,0.710454],"sphereRadius":45.8942,"stabilizedPalmPosition":[-3.58161,304.424,143.694],"t":[38.6939,6.46585,-117.243],"timeVisible":0.307273,"type":"right","wrist":[38.571,290.04,86.1117]}],"id":4187692,"interactionBox":{"center":[0,200,0],"size":[235.247,235.247,147.751]},"pointables":[{"bases":[[[0.186775,0.948991,0.254029],[-0.879675,0.0464369,0.473303],[0.437364,-0.311864,0.843477]],[[0.0572582,0.998323,0.00847147],[-0.97084,0.0536993,0.233638],[0.232792,-0.0216022,0.972287]],[[0.0572582,0.998323,0.00847147],[-0.99666,0.0576535,-0.0578286],[-0.05822,-0.00513202,0.998291]],[[0.0572582,0.998323,0.00847147],[-0.771605,0.0496362,-0.634162],[-0.633519,0.0297744,0.773154]]],"btipPosition":[18.4939,273.735,-18.7538],"carpPosition":[13.304,273.179,81.8855],"dipPosition":[3.67122,274.432,-0.663998],"direction":[0.05822,0.00513202,-0.998291],"extended":false,"handId":561,"id":5610,"length":52.1025,"mcpPosition":[13.304,273.179,81.8855],"pipPosition":[1.6867,274.257,33.3642],"stabilizedTipPosition":[-29.9447,262.563,98.8315],"timeVisible":0.307273,"tipPosition":[15.0415,274.386,-15.09],"tipVelocity":[120.611,2.36238,-228.782],"tool":false,"touchDistance":-0.488595,"touchZone":"hovering","type":0,"width":20.2446},{"bases":[[[0.957809,0.280629,-0.062045],[-0.250116,0.920223,0.30105],[0.141579,-0.27283,0.951588]],[[0.963162,0.268206,-0.0196243],[-0.254649,0.933063,0.25406],[0.0864513,-0.239704,0.966989]],[[0.963162,0.268206,-0.0196243],[-0.266805,0.943888,-0.194655],[-0.0336847,0.192721,0.980675]],[[0.963162,0.268206,-0.0196243],[-0.238244,0.817158,-0.524875],[-0.124739,0.510214,0.850953]]],"btipPosition":[5.4034,313.637,-68.134],"carpPosition":[16.5851,296.647,81.6205],"dipPosition":[3.27274,322.352,-53.5989],"direction":[0.0336847,-0.192721,-0.980675],"extended":true,"handId":561,"id":5611,"length":58.7918,"mcpPosition":[6.17195,316.714,11.6312],"pipPosition":[2.45878,327.009,-29.9019],"stabilizedTipPosition":[-26.592,301.783,29.7328],"timeVisible":0.307273,"tipPosition":[4.75049,317.093,-64.7257],"tipVelocity":[60.3136,43.9025,-204.162],"tool":false,"touchDistance":-0.495185,"touchZone":"hovering","type":1,"width":19.3376},{"bases":[[[0.996641,0.0801739,0.0166819],[-0.0814169,0.948206,0.307045],[0.00879916,-0.307372,0.951549]],[[0.996071,0.0881757,-0.00817993],[-0.0513624,0.500015,-0.864492],[-0.0721371,0.861516,0.502579]],[[0.996071,0.0881757,-0.00817993],[0.0552128,-0.690606,-0.721121],[-0.0692344,0.717836,-0.692761]],[[0.996071,0.0881757,-0.00817993],[0.0840702,-0.970612,-0.225488],[-0.027822,0.223914,-0.974212]]],"btipPosition":[33.0931,257.102,28.2257],"carpPosition":[27.7398,301.791,80.8169],"dipPosition":[32.5705,261.309,9.92323],"direction":[0.0692344,-0.717836,0.692761],"extended":false,"handId":561,"id":5612,"length":66.9886,"mcpPosition":[27.1261,323.23,14.4469],"pipPosition":[30.6022,281.716,-9.77114],"stabilizedTipPosition":[-7.09368,253.609,98.9712],"timeVisible":0.307273,"tipPosition":[32.972,258.204,22.3057],"tipVelocity":[132.283,9.22095,-263.74],"tool":false,"touchDistance":0.333333,"touchZone":"none","type":2,"width":18.9921},{"bases":[[[0.990356,-0.0376418,0.133334],[-0.00968137,0.941229,0.337629],[-0.138207,-0.335664,0.931788]],[[0.995523,-0.0226748,0.0917581],[0.0919344,0.457737,-0.884322],[-0.0219492,0.888799,0.457772]],[[0.995523,-0.0226748,0.0917581],[0.0464827,-0.727839,-0.684171],[0.0822986,0.685373,-0.723526]],[[0.995523,-0.0226748,0.0917581],[-0.00337336,-0.978703,-0.205254],[0.094458,0.204025,-0.974398]]],"btipPosition":[45.4316,262.404,39.956],"carpPosition":[39.8398,303.877,80.5167],"dipPosition":[47.196,266.215,21.7552],"direction":[-0.0822986,-0.685373,0.723526],"extended":false,"handId":561,"id":5613,"length":64.4113,"mcpPosition":[48.4948,324.897,22.1651],"pipPosition":[49.4752,285.196,1.71744],"stabilizedTipPosition":[7.26886,257.442,113.364],"timeVisible":0.307273,"tipPosition":[45.9796,263.403,34.3512],"tipVelocity":[124.571,6.83158,-279.649],"tool":false,"touchDistance":0.333333,"touchZone":"none","type":3,"width":18.0722},{"bases":[[[0.955599,-0.231236,0.182651],[0.132301,0.890539,0.435244],[-0.263302,-0.391753,0.88159]],[[0.959738,-0.22486,0.168347],[0.263456,0.51269,-0.817153],[0.0974351,0.828605,0.551289]],[[0.959738,-0.22486,0.168347],[-0.0212154,-0.655635,-0.754779],[0.280094,0.720819,-0.634009]],[[0.959738,-0.22486,0.168347],[-0.164915,-0.936217,-0.310325],[0.227389,0.270068,-0.935605]]],"btipPosition":[55.5583,273.478,38.3161],"carpPosition":[53.1343,298.808,80.3899],"dipPosition":[59.4767,278.132,22.1935],"direction":[-0.280094,-0.720819,0.634009],"extended":false,"handId":561,"id":5614,"length":50.4973,"mcpPosition":[68.3979,321.518,29.2843],"pipPosition":[64.9535,292.227,9.79638],"stabilizedTipPosition":[13.6155,263.885,133.829],"timeVisible":0.307273,"tipPosition":[56.7807,274.825,33.3445],"tipVelocity":[108.672,26.8959,-259.248],"tool":false,"touchDistance":0.333333,"touchZone":"none","type":4,"width":16.0532}],"r":[[0.925457,0.367563,0.0917937],[-0.378223,0.882437,0.279737],[0.0218187,-0.293603,0.955678]],"s":1.11426,"t":[38.6939,6.46585,-117.243],"timestamp":522551286866},false],[3,{"currentFrameRate":106.979,"devices":[],"gestures":[],"hands":[{"armBasis":[[0.973033,0.210507,-0.0943047],[-0.214055,0.976387,-0.0291311],[0.0859457,0.0485319,0.995117]],"armWidth":63.703,"confidence":0.540079,"direction":[-0.0188706,0.452409,-0.891611],"elbow":[62.6668,303.903,352.912],"grabStrength":0.0887015,"id":561,"palmNormal":[0.232669,-0.8653,-0.443983],"palmPosition":[32.0436,309.845,33.5724],"palmVelocity":[63.4448,26.5294,-206.616],"palmWidth":90.9658,"pinchStrength":0.482227,"r":[[0.921331,0.376737,0.0960113],[-0.387941,0.874669,0.290611],[0.025506,-0.304996,0.952012]],"s":1.11129,"sphereCenter":[40.4139,281.227,-1.15674],"sphereRadius":45.9075,"stabilizedPalmPosition":[-3.57089,304.426,143.661],"t":[39.2796,7.00614,-118.992],"timeVisible":0.316448,"type":"right","wrist":[39.4677,290.803,84.3018]}],"id":4187693,"interactionBox":{"center":[0,200,0],"size":[235.247,235.247,147.751]},"pointables":[{"bases":[[[0.179492,0.949076,0.258915],[-0.879248,0.0367171,0.474947],[0.441254,-0.3129,0.841064]],[[0.0480027,0.998779,0.0116518],[-0.969611,0.0437928,0.2407],[0.239896,-0.0228519,0.97053]],[[0.0480027,0.998779,0.0116518],[-0.997089,0.0486068,-0.0587515],[-0.0592461,-0.00879762,0.998205]],[[0.0480027,0.998779,0.0116518],[-0.75797,0.0440213,-0.650803],[-0.650521,0.0224086,0.759158]]],"btipPosition":[19.5995,274.678,-20.1975],"carpPosition":[14.3313,273.762,80.0237],"dipPosition":[4.37899,275.202,-2.43526],"direction":[0.0592461,0.00879762,-0.998205],"extended":false,"handId":561,"id":5610,"length":52.1025,"mcpPosition":[14.3313,273.762,80.0237],"pipPosition":[2.3595,274.902,31.5901],"stabilizedTipPosition":[-29.8039,262.6,98.48],"timeVisible":0.316448,"tipPosition":[15.9915,275.325,-16.6616],"tipVelocity":[117.796,29.1563,-211.14],"tool":false,"touchDistance":-0.490856,"touchZone":"hovering","type":0,"width":20.2446},{"bases":[[[0.9554,0.288725,-0.0620326],[-0.257073,0.916509,0.306472],[0.14534,-0.276856,0.949856]],[[0.960851,0.276316,-0.0203505],[-0.262414,0.931155,0.253157],[0.0889008,-0.237906,0.967211]],[[0.960851,0.276316,-0.0203505],[-0.274848,0.941318,-0.195908],[-0.0349762,0.193832,0.980411]],[[0.960851,0.276316,-0.0203505],[-0.245396,0.814627,-0.525512],[-0.128629,0.509933,0.850543]]],"btipPosition":[5.95583,314.444,-69.7417],"carpPosition":[17.4216,297.257,79.8817],"dipPosition":[3.7587,323.154,-55.2135],"direction":[0.0349762,-0.193832,-0.980411],"extended":true,"handId":561,"id":5611,"length":58.7918,"mcpPosition":[6.73191,317.619,10.0198],"pipPosition":[2.91354,327.838,-31.5229],"stabilizedTipPosition":[-26.5081,301.821,29.4808],"timeVisible":0.316448,"tipPosition":[5.26279,317.918,-66.3311],"tipVelocity":[59.8196,56.143,-196.132],"tool":false,"touchDistance":-0.498138,"touchZone":"hovering","type":1,"width":19.3376},{"bases":[[[0.995985,0.0881651,0.0155358],[-0.0885973,0.945826,0.312352],[0.0128444,-0.312474,0.949839]],[[0.995315,0.0962517,-0.00914092],[-0.05664,0.503843,-0.861936],[-0.0783572,0.858416,0.506935]],[[0.995315,0.0962517,-0.00914092],[0.0596943,-0.686138,-0.725018],[-0.0760562,0.721076,-0.688669]],[[0.995315,0.0962517,-0.00914092],[0.0915368,-0.968537,-0.231422],[-0.0311281,0.229501,-0.97281]]],"btipPosition":[34.16,258.114,26.264],"carpPosition":[28.533,302.495,79.0884],"dipPosition":[33.5752,262.426,7.98783],"direction":[0.0760562,-0.721076,0.688669],"extended":false,"handId":561,"id":5612,"length":66.9886,"mcpPosition":[27.6371,324.29,12.8377],"pipPosition":[31.413,282.925,-11.5902],"stabilizedTipPosition":[-6.81858,253.646,98.4567],"timeVisible":0.316448,"tipPosition":[34.0215,259.255,20.3861],"tipVelocity":[127.38,38.1741,-249.621],"tool":false,"touchDistance":0.333333,"touchZone":"none","type":2,"width":18.9921},{"bases":[[[0.990845,-0.0303319,0.131552],[-0.0167577,0.939265,0.342783],[-0.13396,-0.34185,0.930158]],[[0.995801,-0.0151791,0.0902741],[0.0870169,0.463157,-0.881994],[-0.0284232,0.886146,0.462533]],[[0.995801,-0.0151791,0.0902741],[0.0514136,-0.723187,-0.688736],[0.0757395,0.690485,-0.71937]],[[0.995801,-0.0151791,0.0902741],[0.00429668,-0.977319,-0.211727],[0.0914405,0.211226,-0.973151]]],"btipPosition":[46.4682,263.438,37.9708],"carpPosition":[40.6152,304.68,78.7804],"dipPosition":[48.1762,267.383,19.7933],"direction":[-0.0757395,-0.690485,0.71937],"extended":false,"handId":561,"id":5613,"length":64.4113,"mcpPosition":[49.0042,326.088,20.5309],"pipPosition":[50.2738,286.506,-0.129411],"stabilizedTipPosition":[7.41698,257.468,113.067],"timeVisible":0.316448,"tipPosition":[46.9987,264.485,32.4189],"tipVelocity":[120.942,37.3049,-261.827],"tool":false,"touchDistance":0.333333,"touchZone":"none","type":3,"width":18.0722},{"bases":[[[0.957738,-0.224467,0.179865],[0.12579,0.889197,0.439893],[-0.258678,-0.398677,0.879854]],[[0.962009,-0.217638,0.164839],[0.256989,0.518022,-0.815849],[0.0921694,0.827216,0.554272]],[[0.962009,-0.217638,0.164839],[-0.0177714,-0.652407,-0.757661],[0.272438,0.725947,-0.631489]],[[0.962009,-0.217638,0.164839],[-0.157783,-0.935926,-0.314876],[0.222807,0.276905,-0.934709]]],"btipPosition":[56.5208,274.623,36.4615],"carpPosition":[53.9501,299.721,78.6048],"dipPosition":[60.3603,279.395,20.3544],"direction":[-0.272438,-0.725947,0.631489],"extended":false,"handId":561,"id":5614,"length":50.4973,"mcpPosition":[68.9456,322.832,27.5999],"pipPosition":[65.6874,293.59,8.00651],"stabilizedTipPosition":[13.6925,263.906,133.652],"timeVisible":0.316448,"tipPosition":[57.7062,276.003,31.5158],"tipVelocity":[107.07,55.0428,-243.2],"tool":false,"touchDistance":0.333333,"touchZone":"none","type":4,"width":16.0532}],"r":[[0.921331,0.376737,0.0960113],[-0.387941,0.874669,0.290611],[0.025506,-0.304996,0.952012]],"s":1.11129,"t":[39.2796,7.00614,-118.992],"timestamp":522551296041},false],[4,{"currentFrameRate":107.209,"devices":[],"gestures":[],"hands":[{"armBasis":[[0.972881,0.209974,-0.0970188],[-0.213662,0.976471,-0.02921],[0.0886027,0.0491471,0.994854]],"armWidth":63.703,"confidence":0.562243,"direction":[-0.0179818,0.454337,-0.890648],"elbow":[63.9003,304.357,352.012],"grabStrength":0.0874716,"id":561,"palmNormal":[0.232913,-0.864382,-0.445641],"palmPosition":[32.6092,310.243,32.7786],"palmVelocity":[63.4573,31.4775,-174.633],"palmWidth":90.9658,"pinchStrength":0.492794,"r":[[0.917953,0.383929,0.0998058],[-0.395674,0.868167,0.299547],[0.0283564,-0.31446,0.948847]],"s":1.10844,"sphereCenter":[40.9318,281.667,-2.00711],"sphereRadius":45.8887,"stabilizedPalmPosition":[-3.55959,304.427,143.626],"t":[39.8553,7.47542,-120.263],"timeVisible":0.325356,"type":"right","wrist":[39.9839,291.091,83.4734]}],"id":4187694,"interactionBox":{"center":[0,200,0],"size":[235.247,235.247,147.751]},"pointables":[{"bases":[[[0.179431,0.948482,0.261126],[-0.879671,0.0358537,0.47423],[0.440436,-0.314797,0.840785]],[[0.0474937,0.998792,0.0125856],[-0.968857,0.0429975,0.243859],[0.243023,-0.0237754,0.969729]],[[0.0474937,0.998792,0.0125856],[-0.996751,0.0482097,-0.0645183],[-0.0650471,-0.00948047,0.997837]],[[0.0474937,0.998792,0.0125856],[-0.7418,0.0437058,-0.669196],[-0.668938,0.0224466,0.74298]]],"btipPosition":[20.589,275.047,-20.6544],"carpPosition":[14.8483,274.063,79.1358],"dipPosition":[4.93765,275.572,-3.27068],"direction":[0.0650471,0.00948047,-0.997837],"extended":false,"handId":561,"id":5610,"length":52.1025,"mcpPosition":[14.8483,274.063,79.1358],"pipPosition":[2.72043,275.249,30.7421],"stabilizedTipPosition":[-29.6349,262.646,98.0643],"timeVisible":0.325356,"tipPosition":[16.7793,275.697,-17.2552],"tipVelocity":[112.941,32.525,-170.29],"tool":false,"touchDistance":-0.478263,"touchZone":"hovering","type":0,"width":20.2446},{"bases":[[[0.955509,0.288682,-0.0605454],[-0.257183,0.915892,0.308218],[0.14443,-0.278934,0.949387]],[[0.960858,0.276359,-0.0194619],[-0.262736,0.93127,0.252399],[0.0878768,-0.237406,0.967428]],[[0.960858,0.276359,-0.0194619],[-0.274716,0.941345,-0.195961],[-0.0358351,0.193637,0.980419]],[[0.960858,0.276359,-0.0194619],[-0.245087,0.815173,-0.52481],[-0.129171,0.509037,0.850997]]],"btipPosition":[6.61811,314.896,-70.5587],"carpPosition":[17.9431,297.557,79.0473],"dipPosition":[4.41174,323.591,-56.0228],"direction":[0.0358351,-0.193637,-0.980419],"extended":true,"handId":561,"id":5611,"length":58.7918,"mcpPosition":[7.32021,318.073,9.2199],"pipPosition":[3.54582,328.27,-32.332],"stabilizedTipPosition":[-26.4264,301.859,29.2388],"timeVisible":0.325356,"tipPosition":[5.93474,318.334,-67.1425],"tipVelocity":[63.709,54.5744,-167.658],"tool":false,"touchDistance":-0.488887,"touchZone":"hovering","type":1,"width":19.3376},{"bases":[[[0.995986,0.0879475,0.0166263],[-0.0887069,0.945166,0.314314],[0.0119286,-0.314527,0.949174]],[[0.995347,0.0960363,-0.00787786],[-0.0555776,0.505385,-0.861102],[-0.0787157,0.857533,0.508371]],[[0.995347,0.0960363,-0.00787786],[0.0602994,-0.684552,-0.726466],[-0.0751599,0.722611,-0.687157]],[[0.995347,0.0960363,-0.00787786],[0.0915446,-0.96797,-0.23378],[-0.0300769,0.231971,-0.972258]]],"btipPosition":[34.719,258.511,25.3749],"carpPosition":[29.0561,302.796,78.2754],"dipPosition":[34.1539,262.869,7.10906],"direction":[0.0751599,-0.722611,0.687157],"extended":false,"handId":561,"id":5612,"length":66.9886,"mcpPosition":[28.2241,324.734,12.0712],"pipPosition":[32.0172,283.412,-12.426],"stabilizedTipPosition":[-6.55218,253.684,97.9595],"timeVisible":0.325356,"tipPosition":[34.5878,259.668,19.5293],"tipVelocity":[109.928,40.2193,-208.771],"tool":false,"touchDistance":0.333333,"touchZone":"none","type":2,"width":18.9921},{"bases":[[[0.99072,-0.0307988,0.132382],[-0.016896,0.938526,0.344796],[-0.134863,-0.343833,0.929296]],[[0.995701,-0.0156176,0.0913029],[0.0880674,0.465121,-0.880856],[-0.02871,0.88511,0.464496]],[[0.995701,-0.0156176,0.0913029],[0.0520178,-0.721307,-0.690659],[0.0766438,0.692439,-0.717394]],[[0.995701,-0.0156176,0.0913029],[0.00435652,-0.976698,-0.214576],[0.0925265,0.214051,-0.97243]]],"btipPosition":[47.016,263.801,37.0715],"carpPosition":[41.139,304.979,77.9831],"dipPosition":[48.7443,267.799,18.9075],"direction":[-0.0766438,-0.692439,0.717394],"extended":false,"handId":561,"id":5613,"length":64.4113,"mcpPosition":[49.5845,326.511,19.7875],"pipPosition":[50.8669,286.976,-0.960488],"stabilizedTipPosition":[7.562,257.494,112.776],"timeVisible":0.325356,"tipPosition":[47.551,264.868,31.5622],"tipVelocity":[104.904,38.6031,-217.942],"tool":false,"touchDistance":0.333333,"touchZone":"none","type":3,"width":18.0722},{"bases":[[[0.957534,-0.225032,0.180246],[0.125555,0.888221,0.441926],[-0.259546,-0.400529,0.878756]],[[0.962001,-0.21787,0.164583],[0.256989,0.518789,-0.815362],[0.0922596,0.826674,0.555065]],[[0.962001,-0.21787,0.164583],[-0.0177065,-0.65127,-0.758639],[0.272473,0.726897,-0.63038]],[[0.962001,-0.21787,0.164583],[-0.157592,-0.935263,-0.316936],[0.222979,0.278955,-0.934058]]],"btipPosition":[57.0873,274.993,35.6681],"carpPosition":[54.4731,300.018,77.8088],"dipPosition":[60.9297,279.8,19.5723],"direction":[-0.272473,-0.726897,0.63038],"extended":false,"handId":561,"id":5614,"length":50.4973,"mcpPosition":[69.5189,323.236,26.8675],"pipPosition":[66.2576,294.013,7.24606],"stabilizedTipPosition":[13.7759,263.929,133.46],"timeVisible":0.325356,"tipPosition":[58.2615,276.38,30.7481],"tipVelocity":[95.2565,51.6009,-201.165],"tool":false,"touchDistance":0.333333,"touchZone":"none","type":4,"width":16.0532}],"r":[[0.917953,0.383929,0.0998058],[-0.395674,0.868167,0.299547],[0.0283564,-0.31446,0.948847]],"s":1.10844,"t":[39.8553,7.47542,-120.263],"timestamp":522551304949},false],[5,{"currentFrameRate":107.35,"devices":[],"gestures":[],"hands":[{"armBasis":[[0.972693,0.210136,-0.0985506],[-0.213993,0.976367,-0.0302409],[0.0898669,0.0505043,0.994672]],"armWidth":63.703,"confidence":0.582056,"direction":[-0.0180562,0.459504,-0.887992],"elbow":[64.6897,304.772,351.076],"grabStrength":0.0860418,"id":561,"palmNormal":[0.233972,-0.861535,-0.450571],"palmPosition":[33.0599,310.579,32.0004],"palmVelocity":[59.6729,33.0351,-150.133],"palmWidth":90.9658,"pinchStrength":0.50268,"r":[[0.915118,0.389695,0.103427],[-0.402017,0.862411,0.307619],[0.0306806,-0.323087,0.945872]],"s":1.10577,"sphereCenter":[41.329,282.204,-2.94509],"sphereRadius":45.8603,"stabilizedPalmPosition":[-3.54625,304.43,143.586],"t":[40.3684,7.87818,-121.288],"timeVisible":0.334415,"type":"right","wrist":[40.4321,291.139,82.5859]}],"id":4187695,"interactionBox":{"center":[0,200,0],"size":[235.247,235.247,147.751]},"pointables":[{"bases":[[[0.178366,0.947122,0.266729],[-0.879909,0.0322065,0.474049],[0.440392,-0.319252,0.839127]],[[0.0456916,0.998812,0.0169522],[-0.968351,0.040117,0.246349],[0.245376,-0.0276718,0.969033]],[[0.0456916,0.998812,0.0169522],[-0.996372,0.0467866,-0.0710924],[-0.071801,-0.0136424,0.997326]],[[0.0456916,0.998812,0.0169522],[-0.729103,0.0449444,-0.682926],[-0.682877,0.0188441,0.730291]]],"btipPosition":[21.4951,275.517,-21.303],"carpPosition":[15.3155,274.112,78.1381],"dipPosition":[5.51763,275.958,-4.21612],"direction":[0.071801,0.0136424,-0.997326],"extended":false,"handId":561,"id":5610,"length":52.1025,"mcpPosition":[15.3155,274.112,78.1381],"pipPosition":[3.07018,275.493,29.7792],"stabilizedTipPosition":[-29.4124,262.706,97.523],"timeVisible":0.334415,"tipPosition":[17.5081,276.156,-17.9952],"tipVelocity":[107.088,37.2612,-145.12],"tool":false,"touchDistance":-0.469522,"touchZone":"hovering","type":0,"width":20.2446},{"bases":[[[0.955244,0.289988,-0.0584459],[-0.258235,0.913821,0.313441],[0.144303,-0.284319,0.947808]],[[0.960541,0.277563,-0.0178589],[-0.26395,0.92991,0.256122],[0.0876973,-0.241302,0.966479]],[[0.960541,0.277563,-0.0178589],[-0.27576,0.941987,-0.191356],[-0.0362904,0.18873,0.981358]],[[0.960541,0.277563,-0.0178589],[-0.24602,0.817917,-0.520082],[-0.129749,0.503954,0.853929]]],"btipPosition":[7.09964,315.717,-71.3339],"carpPosition":[18.3866,297.609,78.188],"dipPosition":[4.8834,324.325,-56.7479],"direction":[0.0362904,-0.18873,-0.981358],"extended":true,"handId":561,"id":5611,"length":58.7918,"mcpPosition":[7.77316,318.521,8.47679],"pipPosition":[4.00648,328.885,-33.0344],"stabilizedTipPosition":[-26.3334,301.903,28.9649],"timeVisible":0.334415,"tipPosition":[6.42379,319.103,-67.8956],"tipVelocity":[60.7258,63.9168,-144.642],"tool":false,"touchDistance":-0.479787,"touchZone":"hovering","type":1,"width":19.3376},{"bases":[[[0.99589,0.0888473,0.0175718],[-0.0897913,0.943228,0.31978],[0.0118374,-0.320044,0.947329]],[[0.995258,0.0970328,-0.00674969],[-0.0555568,0.510139,-0.858296],[-0.0798396,0.854601,0.513111]],[[0.995258,0.0970328,-0.00674969],[0.0613479,-0.680061,-0.730584],[-0.0754808,0.726706,-0.682789]],[[0.995258,0.0970328,-0.00674969],[0.0925892,-0.966369,-0.239912],[-0.029802,0.238149,-0.970771]]],"btipPosition":[35.2221,258.872,24.2991],"carpPosition":[29.4948,302.863,77.4515],"dipPosition":[34.6622,263.346,6.06127],"direction":[0.0754808,-0.726706,0.682789],"extended":false,"handId":561,"id":5612,"length":66.9886,"mcpPosition":[28.6691,325.186,11.3759],"pipPosition":[32.5164,284.005,-13.3496],"stabilizedTipPosition":[-6.28375,253.724,97.4576],"timeVisible":0.334415,"tipPosition":[35.0936,260.07,18.4924],"tipVelocity":[94.947,40.9348,-183.719],"tool":false,"touchDistance":0.333333,"touchZone":"none","type":2,"width":18.9921},{"bases":[[[0.990694,-0.0305772,0.132631],[-0.0179869,0.936482,0.350254],[-0.134916,-0.34938,0.927217]],[[0.995669,-0.0151808,0.0917207],[0.0880656,0.470166,-0.878173],[-0.0297926,0.882447,0.469467]],[[0.995669,-0.0151808,0.0917207],[0.0530736,-0.717201,-0.694842],[0.0763305,0.696701,-0.713289]],[[0.995669,-0.0151808,0.0917207],[0.00543515,-0.975386,-0.220438],[0.0928095,0.219982,-0.971079]]],"btipPosition":[47.5077,264.119,36.0348],"carpPosition":[41.5755,305.061,77.1772],"dipPosition":[49.2413,268.228,17.896],"direction":[-0.0763305,-0.696701,0.713289],"extended":false,"handId":561,"id":5613,"length":64.4113,"mcpPosition":[50.0244,326.94,19.1118],"pipPosition":[51.3552,287.523,-1.85825],"stabilizedTipPosition":[7.71077,257.522,112.478],"timeVisible":0.334415,"tipPosition":[48.0437,265.221,30.5487],"tipVelocity":[90.9612,38.4391,-189.186],"tool":false,"touchDistance":0.333333,"touchZone":"none","type":3,"width":18.0722},{"bases":[[[0.957683,-0.225119,0.179347],[0.124473,0.885755,0.447151],[-0.25952,-0.405905,0.876293]],[[0.962206,-0.217765,0.16352],[0.256568,0.523627,-0.812397],[0.0912882,0.823647,0.559708]],[[0.962206,-0.217765,0.16352],[-0.0167839,-0.646741,-0.762525],[0.271806,0.730961,-0.625953]],[[0.962206,-0.217765,0.16352],[-0.156401,-0.933455,-0.3228],[0.222933,0.285026,-0.932234]]],"btipPosition":[57.5756,275.323,34.6998],"carpPosition":[54.9148,300.113,76.9797],"dipPosition":[61.4173,280.235,18.6353],"direction":[-0.271806,-0.730961,0.625953],"extended":false,"handId":561,"id":5614,"length":50.4973,"mcpPosition":[69.9591,323.644,26.1812],"pipPosition":[66.7321,294.528,6.39568],"stabilizedTipPosition":[13.8698,263.955,133.245],"timeVisible":0.334415,"tipPosition":[58.7438,276.742,29.8077],"tipVelocity":[83.8331,48.1585,-174.916],"tool":false,"touchDistance":0.333333,"touchZone":"none","type":4,"width":16.0532}],"r":[[0.915118,0.389695,0.103427],[-0.402017,0.862411,0.307619],[0.0306806,-0.323087,0.945872]],"s":1.10577,"t":[40.3684,7.87818,-121.288],"timestamp":522551314008},false],[6,{"currentFrameRate":107.52,"devices":[],"gestures":[],"hands":[{"armBasis":[[0.972695,0.208071,-0.102814],[-0.212242,0.976715,-0.0313262],[0.0939021,0.0522923,0.994207]],"armWidth":63.703,"confidence":0.602713,"direction":[-0.0178968,0.461523,-0.886948],"elbow":[66.3284,305.721,349.891],"grabStrength":0.0846811,"id":561,"palmNormal":[0.232437,-0.860865,-0.452641],"palmPosition":[33.6085,311.17,30.9888],"palmVelocity":[60.0414,42.0045,-139.812],"palmWidth":90.9658,"pinchStrength":0.50711,"r":[[0.912948,0.393951,0.106435],[-0.406772,0.857698,0.314469],[0.0325961,-0.330389,0.943282]],"s":1.10335,"sphereCenter":[41.7815,282.818,-4.03591],"sphereRadius":45.8473,"stabilizedPalmPosition":[-3.5294,304.433,143.534],"t":[40.8993,8.37505,-122.306],"timeVisible":0.343406,"type":"right","wrist":[40.9816,291.606,81.5262]}],"id":4187696,"interactionBox":{"center":[0,200,0],"size":[235.247,235.247,147.751]},"pointables":[{"bases":[[[0.179919,0.946257,0.268749],[-0.879584,0.0324394,0.474636],[0.44041,-0.321784,0.838149]],[[0.0476505,0.998663,0.0200504],[-0.967506,0.0411551,0.249476],[0.248317,-0.0312865,0.968173]],[[0.0476505,0.998663,0.0200504],[-0.996001,0.049023,-0.0746855],[-0.0755686,-0.0164114,0.997006]],[[0.0476505,0.998663,0.0200504],[-0.722024,0.0483078,-0.69018],[-0.690225,0.0184106,0.72336]]],"btipPosition":[22.1705,276.315,-22.1702],"carpPosition":[15.8372,274.625,77.055],"dipPosition":[6.02102,276.746,-5.24546],"direction":[0.0755686,0.0164114,-0.997006],"extended":false,"handId":561,"id":5610,"length":52.1025,"mcpPosition":[15.8372,274.625,77.055],"pipPosition":[3.44515,276.187,28.739],"stabilizedTipPosition":[-29.1321,262.787,96.845],"timeVisible":0.343406,"tipPosition":[18.1034,276.888,-18.91],"tipVelocity":[97.109,51.3353,-132.905],"tool":false,"touchDistance":-0.464471,"touchZone":"hovering","type":0,"width":20.2446},{"bases":[[[0.955637,0.288709,-0.0583561],[-0.256703,0.913495,0.315642],[0.144437,-0.286659,0.947082]],[[0.96089,0.276328,-0.0182506],[-0.262587,0.930075,0.256922],[0.0879692,-0.242081,0.96626]],[[0.96089,0.276328,-0.0182506],[-0.27468,0.942629,-0.189739],[-0.0352267,0.187332,0.981665]],[[0.96089,0.276328,-0.0182506],[-0.24548,0.819411,-0.517981],[-0.128178,0.502203,0.855197]]],"btipPosition":[7.58204,316.495,-72.3324],"carpPosition":[18.9431,298.118,77.1558],"dipPosition":[5.39262,325.073,-57.7248],"direction":[0.0352267,-0.187332,-0.981665],"extended":true,"handId":561,"id":5611,"length":58.7918,"mcpPosition":[8.31977,319.202,7.49793],"pipPosition":[4.54141,329.6,-34.0039],"stabilizedTipPosition":[-26.2249,301.957,28.6469],"timeVisible":0.343406,"tipPosition":[6.92632,319.847,-68.8838],"tipVelocity":[58.9738,69.9165,-135.276],"tool":false,"touchDistance":-0.475044,"touchZone":"hovering","type":1,"width":19.3376},{"bases":[[[0.99603,0.0873392,0.0171861],[-0.0882126,0.942639,0.321949],[0.0119185,-0.322187,0.946601]],[[0.995404,0.0955103,-0.00690957],[-0.0550744,0.511967,-0.857238],[-0.0783376,0.853679,0.514874]],[[0.995404,0.0955103,-0.00690957],[0.0600035,-0.678331,-0.732302],[-0.0746294,0.728522,-0.680945]],[[0.995404,0.0955103,-0.00690957],[0.0909894,-0.965841,-0.242635],[-0.0298477,0.240891,-0.970093]]],"btipPosition":[35.6845,259.457,23.1728],"carpPosition":[30.0585,303.358,76.4246],"dipPosition":[35.1237,263.982,4.94765],"direction":[0.0746294,-0.728522,0.680945],"extended":false,"handId":561,"id":5612,"length":66.9886,"mcpPosition":[29.2272,325.83,10.3997],"pipPosition":[33.0021,284.693,-14.4108],"stabilizedTipPosition":[-6.01899,253.767,96.961],"timeVisible":0.343406,"tipPosition":[35.5569,260.674,17.3997],"tipVelocity":[83.0014,47.9162,-167.596],"tool":false,"touchDistance":0.333333,"touchZone":"none","type":2,"width":18.9921},{"bases":[[[0.990725,-0.0323354,0.13198],[-0.0164004,0.935719,0.352365],[-0.13489,-0.351262,0.92651]],[[0.995665,-0.0169857,0.091448],[0.0885454,0.474115,-0.875999],[-0.0284774,0.880299,0.473564]],[[0.995665,-0.0169857,0.091448],[0.0520803,-0.712797,-0.699434],[0.0770642,0.701165,-0.708822]],[[0.995665,-0.0169857,0.091448],[0.00420194,-0.973966,-0.226656],[0.0929172,0.226058,-0.969672]]],"btipPosition":[47.9918,264.573,34.717],"carpPosition":[42.1424,305.538,76.148],"dipPosition":[49.7274,268.796,16.6045],"direction":[-0.0770642,-0.701165,0.708822],"extended":false,"handId":561,"id":5613,"length":64.4113,"mcpPosition":[50.5896,327.535,18.127],"pipPosition":[51.8616,288.214,-3.02606],"stabilizedTipPosition":[7.85762,257.551,112.182],"timeVisible":0.343406,"tipPosition":[48.5182,265.728,29.3905],"tipVelocity":[80.7922,42.5331,-177.31],"tool":false,"touchDistance":0.333333,"touchZone":"none","type":3,"width":18.0722},{"bases":[[[0.957454,-0.226933,0.178279],[0.126041,0.884564,0.449065],[-0.259607,-0.407489,0.875533]],[[0.962071,-0.219393,0.162131],[0.256471,0.524882,-0.811617],[0.0929638,0.822415,0.561241]],[[0.962071,-0.219393,0.162131],[-0.0183104,-0.644913,-0.764036],[0.272185,0.732088,-0.62447]],[[0.962071,-0.219393,0.162131],[-0.157836,-0.932404,-0.32513],[0.222503,0.287208,-0.931667]]],"btipPosition":[58.0809,275.857,33.6028],"carpPosition":[55.4742,300.571,75.9317],"dipPosition":[61.9151,280.806,17.5481],"direction":[-0.272185,-0.732088,0.62447],"extended":false,"handId":561,"id":5614,"length":50.4973,"mcpPosition":[70.5235,324.193,25.1773],"pipPosition":[67.2373,295.121,5.33753],"stabilizedTipPosition":[13.9735,263.985,133.007],"timeVisible":0.343406,"tipPosition":[59.2395,277.287,28.7325],"tipVelocity":[76.1