{"sensorType":"Leap","data":[[0,{"currentFrameRate":108.651,"devices":[],"gestures":[],"hands":[{"armBasis":[[0.999661,-0.00406349,0.0257234],[0.00191723,0.996555,0.0829168],[-0.0259718,-0.0828394,0.996224]],"armWidth":63.703,"confidence":0.152414,"direction":[0.226401,0.143831,-0.963356],"elbow":[4.14358,281.958,355.823],"grabStrength":0,"id":556,"palmNormal":[0.0125734,-0.989387,-0.144762],"palmPosition":[16.0085,307.968,32.5606],"palmVelocity":[18.1378,-21.6223,-482.475],"palmWidth":90.9658,"pinchStrength":0.71185,"r":[[0.723816,0.685174,-0.0814089],[-0.676929,0.6823,-0.276104],[-0.133634,0.254956,0.957674]],"s":1.09408,"sphereCenter":[17.6735,269.623,8.96061],"sphereRadius":44.9922,"stabilizedPalmPosition":[-52.193,317.609,220.134],"t":[95.9364,-4.69951,-235.911],"timeVisible":0.741024,"type":"right","wrist":[11.1541,304.318,86.9139]}],"id":4185102,"interactionBox":{"center":[0,200,0],"size":[235.247,235.247,147.751]},"pointables":[{"bases":[[[0.424848,0.904686,0.0323612],[-0.877811,0.402964,0.258976],[0.221252,-0.138433,0.965341]],[[0.29334,0.879638,-0.374418],[-0.955414,0.283543,-0.082383],[0.0336964,0.38189,0.923593]],[[0.29334,0.879638,-0.374418],[-0.925467,0.163082,-0.341928],[-0.239712,0.446812,0.861915]],[[0.29334,0.879638,-0.374418],[-0.411645,-0.237262,-0.879918],[-0.862844,0.412242,0.2925]]],"btipPosition":[9.43481,249.799,-0.103644],"carpPosition":[-17.2428,293.733,82.211],"dipPosition":[-10.7535,259.444,6.74009],"direction":[0.239712,-0.446812,-0.861915],"extended":false,"handId":556,"id":5560,"length":52.1025,"mcpPosition":[-17.2428,293.733,82.211],"pipPosition":[-18.9244,274.675,36.1198],"stabilizedTipPosition":[-53.7953,280.106,128.299],"timeVisible":0.741024,"tipPosition":[5.06893,251.55,1.12643],"tipVelocity":[131.149,-176.16,-287.427],"tool":false,"touchDistance":-0.520959,"touchZone":"hovering","type":0,"width":20.2446},{"bases":[[[0.99814,0.0037812,0.0608513],[-0.00358462,0.999988,-0.00333922],[-0.0608632,0.00311488,0.998141]],[[0.989849,0.00402268,0.142067],[0.0260178,0.977578,-0.208959],[-0.139723,0.210534,0.96755]],[[0.989849,0.00402268,0.142067],[0.0471881,0.933592,-0.355216],[-0.134062,0.358314,0.923926]],[[0.989849,0.00402268,0.142067],[0.0622939,0.886186,-0.459123],[-0.127745,0.463312,0.87694]]],"btipPosition":[8.68571,288.601,-75.7193],"carpPosition":[-7.21348,314.445,76.556],"dipPosition":[6.50369,296.515,-60.7402],"direction":[0.134062,-0.358314,-0.923926],"extended":true,"handId":556,"id":5561,"length":58.7918,"mcpPosition":[-2.73699,314.216,3.14268],"pipPosition":[3.26423,305.174,-38.4145],"stabilizedTipPosition":[-43.7018,318.636,98.4069],"timeVisible":0.741024,"tipPosition":[8.53474,289.328,-71.7885],"tipVelocity":[-28.2853,-419.495,-456.085],"tool":false,"touchDistance":-0.674905,"touchZone":"hovering","type":1,"width":19.3376},{"bases":[[[0.966628,-0.166362,0.194816],[0.163879,0.986057,0.0289113],[-0.196909,0.00397978,0.980414]],[[0.963549,-0.166283,0.209577],[0.236514,0.163337,-0.957801],[0.125035,0.972456,0.196711]],[[0.963549,-0.166283,0.209577],[-0.0382331,-0.860923,-0.507296],[0.264785,0.480792,-0.8359]],[[0.963549,-0.166283,0.209577],[-0.168144,-0.985721,-0.00903394],[0.208087,-0.0265346,-0.97775]]],"btipPosition":[1.24357,255.884,40.9738],"carpPosition":[4.9712,316.191,76.7035],"dipPosition":[5.15289,255.385,22.6048],"direction":[-0.264785,-0.480792,0.8359],"extended":false,"handId":556,"id":5562,"length":66.9886,"mcpPosition":[18.7055,315.914,8.32022],"pipPosition":[12.6804,269.053,-1.15882],"stabilizedTipPosition":[-53.5661,278.74,153.015],"timeVisible":0.741024,"tipPosition":[2.31911,256.096,36.1383],"tipVelocity":[186.992,-87.4666,-261.99],"tool":false,"touchDistance":0.333333,"touchZone":"none","type":2,"width":18.9921},{"bases":[[[0.911993,-0.23782,0.334231],[0.226161,0.971275,0.0739949],[-0.342228,0.00810722,0.939582]],[[0.902718,-0.237526,0.358722],[0.387752,0.0879102,-0.917562],[0.186409,0.967395,0.171459]],[[0.902718,-0.237526,0.358722],[-0.0504572,-0.886482,-0.460004],[0.427264,0.397154,-0.812228]],[[0.902718,-0.237526,0.358722],[-0.255981,-0.966673,0.00409471],[0.345795,-0.0955226,-0.933435]]],"btipPosition":[11.9068,262.109,51.7379],"carpPosition":[17.0939,315.042,78.3064],"dipPosition":[18.366,260.324,34.3023],"direction":[-0.427264,-0.397154,0.812228],"extended":false,"handId":556,"id":5563,"length":64.4113,"mcpPosition":[38.5253,314.535,19.4666],"pipPosition":[30.1989,271.323,11.8079],"stabilizedTipPosition":[-39.9638,276.071,161.861],"timeVisible":0.741024,"tipPosition":[13.5809,261.996,47.4083],"tipVelocity":[186.112,-15.1776,-316.571],"tool":false,"touchDistance":0.333333,"touchZone":"none","type":3,"width":18.0722},{"bases":[[[0.816265,-0.392475,0.42388],[0.334126,0.919337,0.207796],[-0.471243,-0.0279876,0.881559]],[[0.834526,-0.391035,0.388147],[0.474577,0.152278,-0.866942],[0.279898,0.907691,0.312656]],[[0.834526,-0.391035,0.388147],[-0.109591,-0.808213,-0.578603],[0.53996,0.440322,-0.717329]],[[0.834526,-0.391035,0.388147],[-0.364681,-0.920105,-0.142879],[0.413007,-0.0223139,-0.910454]]],"btipPosition":[27.9777,268.378,49.7199],"carpPosition":[28.2293,307.068,82.1605],"dipPosition":[35.0947,267.994,34.0307],"direction":[-0.53996,-0.440322,0.717329],"extended":false,"handId":556,"id":5564,"length":50.4973,"mcpPosition":[55.5472,308.69,31.0567],"pipPosition":[45.6528,276.603,20.0044],"stabilizedTipPosition":[-23.6826,277.367,167.754],"timeVisible":0.741024,"tipPosition":[29.8773,268.617,46.0748],"tipVelocity":[164.665,41.8883,-348.215],"tool":false,"touchDistance":0.333333,"touchZone":"none","type":4,"width":16.0532}],"r":[[0.723816,0.685174,-0.0814089],[-0.676929,0.6823,-0.276104],[-0.133634,0.254956,0.957674]],"s":1.09408,"t":[95.9364,-4.69951,-235.911],"timestamp":522524921374},false],[1,{"currentFrameRate":108.678,"devices":[],"gestures":[],"hands":[{"armBasis":[[0.999274,-0.0144025,0.03528],[0.0114803,0.996593,0.0816742],[-0.0363361,-0.0812099,0.996034]],"armWidth":63.703,"confidence":0.206537,"direction":[0.227768,0.186935,-0.955603],"elbow":[2.47025,282.979,352.881],"grabStrength":0,"id":556,"palmNormal":[0.0138566,-0.981921,-0.188781],"palmPosition":[17.2148,310.978,29.8947],"palmVelocity":[49.7938,76.0039,-429.228],"palmWidth":90.9658,"pinchStrength":0.686543,"r":[[0.709721,0.69818,-0.0940191],[-0.691669,0.665242,-0.281152],[-0.133749,0.264569,0.955047]],"s":1.09579,"sphereCenter":[18.9877,273.796,4.61434],"sphereRadius":45.0841,"stabilizedPalmPosition":[-52.1541,317.606,220.027],"t":[96.751,-2.73106,-240.435],"timeVisible":0.750176,"type":"right","wrist":[12.2784,304.9,84.0229]}],"id":4185103,"interactionBox":{"center":[0,200,0],"size":[235.247,235.247,147.751]},"pointables":[{"bases":[[[0.423832,0.90276,0.0734202],[-0.878648,0.390123,0.275286],[0.219874,-0.181185,0.958555]],[[0.29264,0.895573,-0.33513],[-0.955462,0.28784,-0.0651206],[0.0381436,0.33926,0.939919]],[[0.29264,0.895573,-0.33513],[-0.924367,0.175239,-0.338875],[-0.244759,0.408951,0.87912]],[[0.29264,0.895573,-0.33513],[-0.407689,-0.200168,-0.890911],[-0.864958,0.397345,0.306538]]],"btipPosition":[10.5774,254.34,-5.23849],"carpPosition":[-16.0997,294.507,78.8058],"dipPosition":[-9.66029,263.636,1.9337],"direction":[0.244759,-0.408951,-0.87912],"extended":false,"handId":556,"id":5560,"length":52.1025,"mcpPosition":[-16.0997,294.507,78.8058],"pipPosition":[-18.0033,277.576,31.8998],"stabilizedTipPosition":[-53.1264,279.841,126.822],"timeVisible":0.750176,"tipPosition":[6.2519,256.057,-3.9581],"tipVelocity":[129.049,8.63594,-361.337],"tool":false,"touchDistance":-0.573086,"touchZone":"hovering","type":0,"width":20.2446},{"bases":[[[0.998038,0.00205229,0.0625817],[-0.0046452,0.999135,0.041315],[-0.0624428,-0.0415246,0.997184]],[[0.989689,-0.00132112,0.143224],[0.0244099,0.986885,-0.159572],[-0.141134,0.161422,0.976741]],[[0.989689,-0.00132112,0.143224],[0.0461518,0.949565,-0.310155],[-0.13559,0.313567,0.939836]],[[0.989689,-0.00132112,0.143224],[0.0617088,0.906324,-0.418054],[-0.129255,0.422582,0.897061]]],"btipPosition":[10.0551,296.787,-79.2301],"carpPosition":[-6.08357,315.461,74.0977],"dipPosition":[7.84735,304.005,-63.9073],"direction":[0.13559,-0.313567,-0.939836],"extended":true,"handId":556,"id":5561,"length":58.7918,"mcpPosition":[-1.4909,318.515,0.75479],"pipPosition":[4.57095,311.582,-41.1972],"stabilizedTipPosition":[-43.5298,318.571,97.8444],"timeVisible":0.750176,"tipPosition":[9.87854,297.307,-75.2743],"tipVelocity":[21.0852,-58.4411,-433.496],"tool":false,"touchDistance":-0.687224,"touchZone":"hovering","type":1,"width":19.3376},{"bases":[[[0.966496,-0.173935,0.188763],[0.162782,0.983944,0.0731833],[-0.198462,-0.0400041,0.979292]],[[0.963394,-0.174519,0.203509],[0.235436,0.187666,-0.953599],[0.128229,0.966605,0.221884]],[[0.963394,-0.174519,0.203509],[-0.0405492,-0.845228,-0.532866],[0.265007,0.505107,-0.821363]],[[0.963394,-0.174519,0.203509],[-0.168624,-0.984602,-0.046094],[0.20842,0.0100902,-0.977987]]],"btipPosition":[2.31311,258.874,37.0696],"carpPosition":[6.09899,317.211,74.3428],"dipPosition":[6.2287,259.063,18.6962],"direction":[-0.265007,-0.505107,0.821363],"extended":false,"handId":556,"id":5562,"length":66.9886,"mcpPosition":[19.9416,320.001,6.03781],"pipPosition":[13.7625,273.423,-4.65424],"stabilizedTipPosition":[-53.192,278.609,152.224],"timeVisible":0.750176,"tipPosition":[3.42867,259.142,31.9669],"tipVelocity":[167.505,32.7025,-307.865],"tool":false,"touchDistance":0.333333,"touchZone":"none","type":2,"width":18.9921},{"bases":[[[0.911717,-0.251602,0.324759],[0.225008,0.967226,0.117663],[-0.34372,-0.0342018,0.938449]],[[0.90246,-0.252407,0.349079],[0.388969,0.129233,-0.912141],[0.185118,0.958952,0.214806]],[[0.90246,-0.252407,0.349079],[-0.0488333,-0.865075,-0.499259],[0.427996,0.433515,-0.793022]],[[0.90246,-0.252407,0.349079],[-0.254934,-0.966151,-0.0395208],[0.347238,-0.0533261,-0.936259]]],"btipPosition":[13.1371,264.301,46.9997],"carpPosition":[18.2204,316.004,75.9125],"dipPosition":[19.6232,263.305,29.5113],"direction":[-0.427996,-0.433515,0.793022],"extended":false,"handId":556,"id":5563,"length":64.4113,"mcpPosition":[39.7452,318.146,17.1437],"pipPosition":[31.4764,275.311,7.54881],"stabilizedTipPosition":[-39.712,276.016,161.312],"timeVisible":0.750176,"tipPosition":[14.8135,264.381,42.6749],"tipVelocity":[171.907,61.2936,-372.964],"tool":false,"touchDistance":0.333333,"touchZone":"none","type":3,"width":18.0722},{"bases":[[[0.816013,-0.410202,0.407256],[0.332818,0.909471,0.249187],[-0.472605,-0.0677977,0.878663]],[[0.834411,-0.407133,0.371484],[0.47618,0.19317,-0.857868],[0.277507,0.892708,0.355052]],[[0.834411,-0.407133,0.371484],[-0.106573,-0.780494,-0.616013],[0.54074,0.474418,-0.694642]],[[0.834411,-0.407133,0.371484],[-0.362644,-0.913135,-0.186208],[0.415026,0.0206572,-0.909575]]],"btipPosition":[29.2199,270.616,45.1946],"carpPosition":[29.3582,307.876,79.4248],"dipPosition":[36.3717,270.972,29.5206],"direction":[-0.54074,-0.474418,0.694642],"extended":false,"handId":556,"id":5564,"length":50.4973,"mcpPosition":[56.755,311.806,28.4889],"pipPosition":[46.9451,280.249,15.9379],"stabilizedTipPosition":[-23.4799,277.342,167.285],"timeVisible":0.750176,"tipPosition":[31.1063,271.031,41.604],"tipVelocity":[156.851,103.523,-388.838],"tool":false,"touchDistance":0.333333,"touchZone":"none","type":4,"width":16.0532}],"r":[[0.709721,0.69818,-0.0940191],[-0.691669,0.665242,-0.281152],[-0.133749,0.264569,0.955047]],"s":1.09579,"t":[96.751,-2.73106,-240.435],"timestamp":522524930526},false],[2,{"currentFrameRate":108.784,"devices":[],"gestures":[],"hands":[{"armBasis":[[0.998528,-0.0335343,0.0426212],[0.0288957,0.994038,0.10514],[-0.0458928,-0.103753,0.993544]],"armWidth":63.703,"confidence":0.258649,"direction":[0.22687,0.204225,-0.952272],"elbow":[0.723844,277.22,352.328],"grabStrength":0,"id":556,"palmNormal":[-0.00409135,-0.977559,-0.210623],"palmPosition":[17.9197,312.423,30.1403],"palmVelocity":[57.6243,99.2268,-303.855],"palmWidth":90.9658,"pinchStrength":0.684798,"r":[[0.700583,0.706279,-0.101748],[-0.701243,0.655055,-0.281358],[-0.132067,0.268465,0.954193]],"s":1.09729,"sphereCenter":[19.0076,275.801,4.01955],"sphereRadius":45.1472,"stabilizedPalmPosition":[-52.116,317.603,219.924],"t":[97.5108,-1.02413,-242.575],"timeVisible":0.759178,"type":"right","wrist":[13.1116,305.226,84.1427]}],"id":4185104,"interactionBox":{"center":[0,200,0],"size":[235.247,235.247,147.751]},"pointables":[{"bases":[[[0.439831,0.89341,0.0914743],[-0.870512,0.399068,0.288017],[0.220813,-0.206308,0.953246]],[[0.306416,0.897441,-0.317346],[-0.950322,0.307585,-0.0477542],[0.0547541,0.316213,0.947107]],[[0.306416,0.897441,-0.317346],[-0.92188,0.196715,-0.333828],[-0.237165,0.394845,0.887609]],[[0.306416,0.897441,-0.317346],[-0.410929,-0.176007,-0.894516],[-0.858631,0.404501,0.314853]]],"btipPosition":[9.97556,256.742,-6.05761],"carpPosition":[-15.4658,295.446,78.8293],"dipPosition":[-10.1141,266.206,1.30912],"direction":[0.237165,-0.394845,-0.887609],"extended":false,"handId":556,"id":5560,"length":52.1025,"mcpPosition":[-15.4658,295.446,78.8293],"pipPosition":[-18.1983,279.665,31.5646],"stabilizedTipPosition":[-52.6006,279.653,125.642],"timeVisible":0.759178,"tipPosition":[5.71974,258.525,-4.75933],"tipVelocity":[76.2841,80.7319,-285.726],"tool":false,"touchDistance":-0.555726,"touchZone":"hovering","type":0,"width":20.2446},{"bases":[[[0.998182,-0.0166566,0.0579185],[0.0129653,0.997895,0.0635342],[-0.0588548,-0.0626678,0.996298]],[[0.990196,-0.0216512,0.137994],[0.0402641,0.990223,-0.133555],[-0.133754,0.137802,0.981387]],[[0.990196,-0.0216512,0.137994],[0.0609681,0.955834,-0.287515],[-0.125675,0.29311,0.947783]],[[0.990196,-0.0216512,0.137994],[0.0754991,0.914131,-0.398327],[-0.117521,0.404841,0.906804]]],"btipPosition":[10.0118,301.016,-79.2795],"carpPosition":[-5.10596,316.323,74.5411],"dipPosition":[8.00446,307.931,-63.7903],"direction":[0.125675,-0.29311,-0.947783],"extended":true,"handId":556,"id":5561,"length":58.7918,"mcpPosition":[-0.777185,320.932,1.26339],"pipPosition":[4.96766,315.013,-40.8881],"stabilizedTipPosition":[-43.3877,318.528,97.3798],"timeVisible":0.759178,"tipPosition":[9.85084,301.452,-75.3239],"tipVelocity":[15.3793,84.4936,-314.782],"tool":false,"touchDistance":-0.647002,"touchZone":"hovering","type":1,"width":19.3376},{"bases":[[[0.96412,-0.194841,0.180304],[0.180238,0.979095,0.0942695],[-0.194902,-0.0583894,0.979083]],[[0.961047,-0.195706,0.19516],[0.234151,0.20138,-0.951115],[0.146838,0.959763,0.239361]],[[0.961047,-0.195706,0.19516],[-0.0583588,-0.833888,-0.54884],[0.270152,0.516072,-0.812827]],[[0.961047,-0.195706,0.19516],[-0.186324,-0.980302,-0.0655086],[0.204136,0.0265939,-0.978581]]],"btipPosition":[2.10959,260.508,36.4354],"carpPosition":[7.10622,317.855,74.7678],"dipPosition":[5.94469,261.008,18.0508],"direction":[-0.270152,-0.516072,0.812827],"extended":false,"handId":556,"id":5562,"length":66.9886,"mcpPosition":[20.7006,321.928,6.4773],"pipPosition":[13.6248,275.679,-5.05692],"stabilizedTipPosition":[-52.834,278.494,151.459],"timeVisible":0.759178,"tipPosition":[3.20096,260.821,31.3318],"tipVelocity":[114.729,75.7644,-242.741],"tool":false,"touchDistance":0.333333,"touchZone":"none","type":2,"width":18.9921},{"bases":[[[0.908581,-0.27456,0.314796],[0.242355,0.960312,0.138073],[-0.340212,-0.0491587,0.939063]],[[0.899583,-0.275728,0.338711],[0.386939,0.143479,-0.910874],[0.202556,0.950467,0.235761]],[[0.899583,-0.275728,0.338711],[-0.065856,-0.852293,-0.518903],[0.431756,0.44449,-0.784866]],[[0.899583,-0.275728,0.338711],[-0.271599,-0.960503,-0.0605573],[0.34203,-0.0375173,-0.93894]]],"btipPosition":[13.1227,265.417,46.1901],"carpPosition":[19.2113,316.403,76.2532],"dipPosition":[19.5115,264.717,28.6516],"direction":[-0.431756,-0.44449,0.784866],"extended":false,"handId":556,"id":5563,"length":64.4113,"mcpPosition":[40.5165,319.482,17.446],"pipPosition":[31.4689,277.027,6.91507],"stabilizedTipPosition":[-39.4762,275.969,160.795],"timeVisible":0.759178,"tipPosition":[14.7671,265.572,41.8817],"tipVelocity":[123.573,80.5762,-295.584],"tool":false,"touchDistance":0.333333,"touchZone":"none","type":3,"width":18.0722},{"bases":[[[0.810482,-0.433277,0.394197],[0.349706,0.897777,0.267773],[-0.46992,-0.0791719,0.879151]],[[0.828797,-0.429726,0.358373],[0.475746,0.204028,-0.855592],[0.294552,0.879607,0.373538]],[[0.828797,-0.429726,0.358373],[-0.122907,-0.764636,-0.632635],[0.545884,0.480279,-0.686544]],[[0.828797,-0.429726,0.358373],[-0.379394,-0.902334,-0.20458],[0.411285,0.0335908,-0.910887]]],"btipPosition":[29.2882,271.533,44.4839],"carpPosition":[30.2207,308.007,79.5315],"dipPosition":[36.3755,272.112,28.7872],"direction":[-0.545884,-0.480279,0.686544],"extended":false,"handId":556,"id":5564,"length":50.4973,"mcpPosition":[57.4619,312.597,28.5673],"pipPosition":[47.0495,281.503,15.3629],"stabilizedTipPosition":[-23.2825,277.321,166.826],"timeVisible":0.759178,"tipPosition":[31.162,271.989,40.8937],"tipVelocity":[115.404,104.607,-303.893],"tool":false,"touchDistance":0.333333,"touchZone":"none","type":4,"width":16.0532}],"r":[[0.700583,0.706279,-0.101748],[-0.701243,0.655055,-0.281358],[-0.132067,0.268465,0.954193]],"s":1.09729,"t":[97.5108,-1.02413,-242.575],"timestamp":522524939528},false],[3,{"currentFrameRate":108.919,"devices":[],"gestures":[],"hands":[{"armBasis":[[0.997742,-0.0553333,0.0380548],[0.0507732,0.992429,0.111833],[-0.0439548,-0.109649,0.992998]],"armWidth":63.703,"confidence":0.313751,"direction":[0.229116,0.209529,-0.950581],"elbow":[1.49063,275.648,352.857],"grabStrength":0,"id":556,"palmNormal":[-0.0249821,-0.97497,-0.220927],"palmPosition":[18.2008,312.913,30.8848],"palmVelocity":[50.4751,87.0995,-198.157],"palmWidth":90.9658,"pinchStrength":0.687474,"r":[[0.696103,0.70996,-0.106761],[-0.706228,0.650378,-0.279733],[-0.129164,0.270121,0.954123]],"s":1.09864,"sphereCenter":[18.3012,276.674,4.30774],"sphereRadius":45.1761,"stabilizedPalmPosition":[-52.0708,317.6,219.802],"t":[98.0312,0.0743224,-243.272],"timeVisible":0.768118,"type":"right","wrist":[13.3553,305.246,84.819]}],"id":4185105,"interactionBox":{"center":[0,200,0],"size":[235.247,235.247,147.751]},"pointables":[{"bases":[[[0.458617,0.883001,0.0998955],[-0.861371,0.414097,0.294216],[0.218427,-0.22098,0.950504]],[[0.324406,0.89413,-0.308695],[-0.943595,0.32875,-0.0394011],[0.0662536,0.304065,0.950345]],[[0.324406,0.89413,-0.308695],[-0.917217,0.217561,-0.333738],[-0.231245,0.391406,0.890689]],[[0.324406,0.89413,-0.308695],[-0.413274,-0.159575,-0.896516],[-0.850862,0.41841,0.317753]]],"btipPosition":[9.05243,257.816,-5.75299],"carpPosition":[-15.4315,296.121,79.4684],"dipPosition":[-10.8555,267.606,1.6816],"direction":[0.231245,-0.391406,-0.890689],"extended":false,"handId":556,"id":5560,"length":52.1025,"mcpPosition":[-15.4315,296.121,79.4684],"pipPosition":[-18.7378,280.947,32.0421],"stabilizedTipPosition":[-52.1438,279.496,124.605],"timeVisible":0.768118,"tipPosition":[4.80078,259.688,-4.4619],"tipVelocity":[28.541,93.7738,-197.935],"tool":false,"touchDistance":-0.523683,"touchZone":"hovering","type":0,"width":20.2446},{"bases":[[[0.997733,-0.0381293,0.0554457],[0.0339743,0.996676,0.0740414],[-0.0580846,-0.0719899,0.995713]],[[0.989938,-0.0437418,0.134572],[0.0597726,0.991273,-0.117492],[-0.128259,0.124353,0.983914]],[[0.989938,-0.0437418,0.134572],[0.0796493,0.958304,-0.274425],[-0.116957,0.282382,0.952146]],[[0.989938,-0.0437418,0.134572],[0.0932342,0.917027,-0.387774],[-0.106445,0.396419,0.911878]]],"btipPosition":[9.77928,303.181,-78.701],"carpPosition":[-4.64602,316.822,75.3771],"dipPosition":[7.96109,309.952,-63.1252],"direction":[0.116957,-0.282382,-0.952146],"extended":true,"handId":556,"id":5561,"length":58.7918,"mcpPosition":[-0.373894,322.117,2.14243],"pipPosition":[5.13494,316.776,-40.1176],"stabilizedTipPosition":[-43.1995,318.479,96.7645],"timeVisible":0.768118,"tipPosition":[9.63001,303.55,-74.7429],"tipVelocity":[5.40697,126.548,-210.564],"tool":false,"touchDistance":-0.60166,"touchZone":"hovering","type":1,"width":19.3376},{"bases":[[[0.960204,-0.216851,0.17602],[0.20088,0.974059,0.104192],[-0.194048,-0.0646865,0.978857]],[[0.957137,-0.217812,0.190912],[0.236384,0.206556,-0.949451],[0.167368,0.953883,0.249189]],[[0.957137,-0.217812,0.190912],[-0.0769318,-0.826651,-0.557431],[0.279232,0.518851,-0.807975]],[[0.957137,-0.217812,0.190912],[-0.206955,-0.975447,-0.0753193],[0.20263,0.0325807,-0.978713]]],"btipPosition":[1.32067,261.281,36.6662],"carpPosition":[7.59599,318.096,75.5919],"dipPosition":[5.12747,261.893,18.2792],"direction":[-0.279232,-0.518851,0.807975],"extended":false,"handId":556,"id":5562,"length":66.9886,"mcpPosition":[21.1308,322.608,7.3172],"pipPosition":[13.0657,276.643,-4.69062],"stabilizedTipPosition":[-52.4927,278.388,150.721],"timeVisible":0.768118,"tipPosition":[2.40572,261.621,31.5733],"tipVelocity":[59.1121,79.4506,-169.434],"tool":false,"touchDistance":0.333333,"touchZone":"none","type":2,"width":18.9921},{"bases":[[[0.903289,-0.296815,0.30979],[0.262681,0.953518,0.147652],[-0.339216,-0.0519967,0.93927]],[[0.894534,-0.298021,0.333154],[0.387197,0.144198,-0.910651],[0.223353,0.943605,0.244383]],[[0.894534,-0.298021,0.333154],[-0.0851214,-0.845246,-0.527554],[0.438819,0.443557,-0.78147]],[[0.894534,-0.298021,0.333154],[-0.291611,-0.953946,-0.0703578],[0.338779,-0.0342138,-0.940244]]],"btipPosition":[12.4563,265.838,46.5032],"carpPosition":[19.6711,316.376,77.0341],"dipPosition":[18.7844,265.199,28.9403],"direction":[-0.438819,-0.443557,0.78147],"extended":false,"handId":556,"id":5563,"length":64.4113,"mcpPosition":[40.914,319.632,18.2139],"pipPosition":[30.9373,277.483,7.29784],"stabilizedTipPosition":[-39.2644,275.929,160.326],"timeVisible":0.768118,"tipPosition":[14.0873,266,42.1801],"tipVelocity":[69.0551,71.8702,-205.492],"tool":false,"touchDistance":0.333333,"touchZone":"none","type":3,"width":18.0722},{"bases":[[[0.802055,-0.454279,0.387735],[0.36897,0.88738,0.276437],[-0.469648,-0.0786551,0.879343]],[[0.820532,-0.450696,0.35157],[0.477637,0.202753,-0.854841],[0.313991,0.869347,0.381635]],[[0.820532,-0.450696,0.35157],[-0.140729,-0.755414,-0.639957],[0.554006,0.475629,-0.683267]],[[0.820532,-0.450696,0.35157],[-0.398832,-0.892018,-0.212688],[0.409464,0.0343,-0.911681]]],"btipPosition":[28.7463,271.654,44.8028],"carpPosition":[30.5092,307.717,80.1982],"dipPosition":[35.8022,272.245,29.0926],"direction":[-0.554006,-0.475629,0.683267],"extended":false,"handId":556,"id":5564,"length":50.4973,"mcpPosition":[57.7346,312.277,29.2229],"pipPosition":[46.635,281.546,15.7322],"stabilizedTipPosition":[-23.1008,277.303,166.4],"timeVisible":0.768118,"tipPosition":[30.6121,272.097,41.1992],"tipVelocity":[67.1252,79.8448,-211.276],"tool":false,"touchDistance":0.333333,"touchZone":"none","type":4,"width":16.0532}],"r":[[0.696103,0.70996,-0.106761],[-0.706228,0.650378,-0.279733],[-0.129164,0.270121,0.954123]],"s":1.09864,"t":[98.0312,0.0743224,-243.272],"timestamp":522524948468},false],[4,{"currentFrameRate":108.98,"devices":[],"gestures":[],"hands":[{"armBasis":[[0.996956,-0.0696254,0.0350887],[0.0651973,0.991277,0.114543],[-0.0427577,-0.111906,0.992798]],"armWidth":63.703,"confidence":0.361648,"direction":[0.23036,0.214306,-0.949214],"elbow":[1.93952,274.955,353.283],"grabStrength":0,"id":556,"palmNormal":[-0.0381164,-0.972713,-0.228861],"palmPosition":[18.3425,313.208,31.4215],"palmVelocity":[40.8457,72.0097,-127.047],"palmWidth":90.9658,"pinchStrength":0.696671,"r":[[0.694321,0.711235,-0.109833],[-0.708583,0.64894,-0.277104],[-0.125812,0.270225,0.954542]],"s":1.09963,"sphereCenter":[17.6502,277.372,4.44524],"sphereRadius":45.1971,"stabilizedPalmPosition":[-52.0064,317.596,219.63],"t":[98.3623,0.770836,-243.352],"timeVisible":0.777185,"type":"right","wrist":[13.481,305.162,85.2992]}],"id":4185106,"interactionBox":{"center":[0,200,0],"size":[235.247,235.247,147.751]},"pointables":[{"bases":[[[0.470318,0.876065,0.106357],[-0.855404,0.422922,0.299035],[0.216993,-0.23162,0.948296]],[[0.335852,0.892396,-0.301385],[-0.938901,0.342752,-0.0313939],[0.0752843,0.293514,0.952986]],[[0.335852,0.892396,-0.301385],[-0.912923,0.229626,-0.337407],[-0.231895,0.38846,0.891809]],[[0.335852,0.892396,-0.301385],[-0.404895,-0.152118,-0.901621],[-0.850449,0.42484,0.310237]]],"btipPosition":[8.61446,258.631,-5.29344],"carpPosition":[-15.4313,296.46,79.922],"dipPosition":[-11.2838,268.571,1.96529],"direction":[0.231895,-0.38846,-0.891809],"extended":false,"handId":556,"id":5560,"length":52.1025,"mcpPosition":[-15.4313,296.46,79.922],"pipPosition":[-19.1883,281.812,32.364],"stabilizedTipPosition":[-51.6484,279.333,123.474],"timeVisible":0.777185,"tipPosition":[4.26376,260.544,-4.10963],"tipVelocity":[7.37542,93.7544,-130.471],"tool":false,"touchDistance":-0.493362,"touchZone":"hovering","type":0,"width":20.2446},{"bases":[[[0.997233,-0.0516567,0.0534655],[0.0471631,0.995504,0.082144],[-0.0574684,-0.0793951,0.995185]],[[0.989648,-0.0577276,0.131394],[0.0714328,0.992206,-0.102103],[-0.124476,0.110432,0.986058]],[[0.989648,-0.0577276,0.131394],[0.0907986,0.960859,-0.261737],[-0.111141,0.270957,0.956154]],[[0.989648,-0.0577276,0.131394],[0.103798,0.920163,-0.377526],[-0.0991101,0.387256,0.91663]]],"btipPosition":[9.57012,304.985,-78.327],"carpPosition":[-4.38155,317.05,75.9824],"dipPosition":[7.87721,311.599,-62.67],"direction":[0.111141,-0.270957,-0.956154],"extended":true,"handId":556,"id":5561,"length":58.7918,"mcpPosition":[-0.154749,322.89,2.78655],"pipPosition":[5.1916,318.147,-39.5656],"stabilizedTipPosition":[-42.8139,318.391,95.502],"timeVisible":0.777185,"tipPosition":[9.4239,305.262,-74.3588],"tipVelocity":[-1.58297,145.443,-140.416],"tool":false,"touchDistance":-0.563937,"touchZone":"hovering","type":1,"width":19.3376},{"bases":[[[0.95755,-0.230856,0.172635],[0.213805,0.970454,0.11183],[-0.193351,-0.0701722,0.978617]],[[0.95448,-0.231902,0.187589],[0.237953,0.212792,-0.94768],[0.179852,0.949179,0.258288]],[[0.95448,-0.231902,0.187589],[-0.0882992,-0.820404,-0.564925],[0.284906,0.522645,-0.803536]],[[0.95448,-0.231902,0.187589],[-0.219789,-0.971986,-0.0832786],[0.201647,0.0382578,-0.978711]]],"btipPosition":[0.808056,261.741,36.7136],"carpPosition":[7.87645,318.162,76.1872],"dipPosition":[4.59639,262.46,18.3266],"direction":[-0.284906,-0.522645,0.803536],"extended":false,"handId":556,"id":5562,"length":66.9886,"mcpPosition":[21.3626,323.057,7.92925],"pipPosition":[12.6959,277.318,-4.51701],"stabilizedTipPosition":[-52.1471,278.283,149.966],"timeVisible":0.777185,"tipPosition":[1.87607,262.107,31.6956],"tipVelocity":[27.0275,72.2826,-121.173],"tool":false,"touchDistance":0.333333,"touchZone":"none","type":2,"width":18.9921},{"bases":[[[0.8998,-0.311161,0.30584],[0.275399,0.948749,0.155017],[-0.338401,-0.0552563,0.939378]],[[0.891225,-0.312424,0.328801],[0.387112,0.146191,-0.910369],[0.236353,0.938626,0.251232]],[[0.891225,-0.312424,0.328801],[-0.0973282,-0.839776,-0.534138],[0.442996,0.444035,-0.778837]],[[0.891225,-0.312424,0.328801],[-0.304184,-0.949443,-0.0776529],[0.336438,-0.0308097,-0.941201]]],"btipPosition":[12.0117,266.084,46.6965],"carpPosition":[19.9302,316.272,77.5951],"dipPosition":[18.296,265.509,29.1158],"direction":[-0.442996,-0.444035,0.778837],"extended":false,"handId":556,"id":5563,"length":64.4113,"mcpPosition":[41.122,319.732,18.7681],"pipPosition":[30.5646,277.806,7.54617],"stabilizedTipPosition":[-39.0703,275.892,159.892],"timeVisible":0.777185,"tipPosition":[13.6299,266.252,42.3664],"tipVelocity":[36.1184,59.9437,-142.946],"tool":false,"touchDistance":0.333333,"touchZone":"none","type":3,"width":18.0722},{"bases":[[[0.796631,-0.46792,0.382662],[0.381012,0.880169,0.283078],[-0.469265,-0.0797099,0.879453]],[[0.815326,-0.46423,0.346026],[0.478131,0.202772,-0.854561],[0.326549,0.862191,0.387288]],[[0.815326,-0.46423,0.346026],[-0.152383,-0.7486,-0.645273],[0.558591,0.47338,-0.681094]],[[0.815326,-0.46423,0.346026],[-0.411054,-0.884978,-0.218743],[0.407772,0.0361113,-0.912369]]],"btipPosition":[28.3691,271.71,45.0379],"carpPosition":[30.6587,307.446,80.6701],"dipPosition":[35.396,272.332,29.3158],"direction":[-0.558591,-0.47338,0.681094],"extended":false,"handId":556,"id":5564,"length":50.4973,"mcpPosition":[57.8618,312.067,29.6885],"pipPosition":[46.3184,281.589,15.9979],"stabilizedTipPosition":[-22.9338,277.286,166.007],"timeVisible":0.777185,"tipPosition":[30.2247,272.144,41.4127],"tipVelocity":[36.881,59.7039,-145.817],"tool":false,"touchDistance":0.333333,"touchZone":"none","type":4,"width":16.0532}],"r":[[0.694321,0.711235,-0.109833],[-0.708583,0.64894,-0.277104],[-0.125812,0.270225,0.954542]],"s":1.09963,"t":[98.3623,0.770836,-243.352],"timestamp":522524957535},false],[5,{"currentFrameRate":109.018,"devices":[],"gestures":[],"hands":[{"armBasis":[[0.996377,-0.0782497,0.0333055],[0.0739081,0.99049,0.11605],[-0.0420697,-0.113168,0.992685]],"armWidth":63.703,"confidence":0.399324,"direction":[0.231046,0.217139,-0.948403],"elbow":[2.20267,274.57,353.536],"grabStrength":0,"id":556,"palmNormal":[-0.0460447,-0.971245,-0.233586],"palmPosition":[18.4265,313.389,31.7399],"palmVelocity":[32.0816,57.5741,-82.1272],"palmWidth":90.9658,"pinchStrength":0.700042,"r":[[0.693987,0.711264,-0.111739],[-0.709491,0.64918,-0.274203],[-0.122492,0.269571,0.955158]],"s":1.10054,"sphereCenter":[17.2237,277.818,4.52214],"sphereRadius":45.2186,"stabilizedPalmPosition":[-51.9067,317.59,219.364],"t":[98.5698,1.20986,-243.233],"timeVisible":0.786288,"type":"right","wrist":[13.5585,305.117,85.5828]}],"id":4185107,"interactionBox":{"center":[0,200,0],"size":[235.247,235.247,147.751]},"pointables":[{"bases":[[[0.477339,0.87179,0.110137],[-0.851718,0.428191,0.30204],[0.216156,-0.237981,0.946912]],[[0.342871,0.891296,-0.296699],[-0.935906,0.351263,-0.0263438],[0.0807394,0.286715,0.954608]],[[0.342871,0.891296,-0.296699],[-0.910445,0.237508,-0.338644],[-0.231364,0.38624,0.892911]],[[0.342871,0.891296,-0.296699],[-0.401699,-0.146398,-0.903994],[-0.849163,0.429138,0.307837]]],"btipPosition":[8.29794,259.156,-5.08318],"carpPosition":[-15.4274,296.671,80.1946],"dipPosition":[-11.5702,269.197,2.1194],"direction":[0.231364,-0.38624,-0.892911],"extended":false,"handId":556,"id":5560,"length":52.1025,"mcpPosition":[-15.4274,296.671,80.1946],"pipPosition":[-19.4566,282.362,32.5556],"stabilizedTipPosition":[-51.0336,279.134,122.065],"timeVisible":0.786288,"tipPosition":[3.91443,261.088,-3.92669],"tipVelocity":[-4.09861,84.4618,-88.2884],"tool":false,"touchDistance":-0.469399,"touchZone":"hovering","type":0,"width":20.2446},{"bases":[[[0.996849,-0.0597938,0.0521213],[0.0551165,0.994685,0.0869725],[-0.0570447,-0.0838258,0.994846]],[[0.98945,-0.0660988,0.12892],[0.0783341,0.992649,-0.0922644],[-0.121873,0.10139,0.987354]],[[0.98945,-0.0660988,0.12892],[0.0974274,0.962171,-0.254431],[-0.107225,0.264307,0.95846]],[[0.98945,-0.0660988,0.12892],[0.110078,0.921539,-0.372355],[-0.0941923,0.382618,0.919093]]],"btipPosition":[9.41069,306.081,-78.094],"carpPosition":[-4.21941,317.192,76.3439],"dipPosition":[7.80179,312.616,-62.395],"direction":[0.107225,-0.264307,-0.958459],"extended":true,"handId":556,"id":5561,"length":58.7918,"mcpPosition":[-0.0237721,323.358,3.17299],"pipPosition":[5.2108,319.003,-39.2348],"stabilizedTipPosition":[-42.0034,318.222,92.8451],"timeVisible":0.786288,"tipPosition":[9.27445,306.334,-74.1309],"tipVelocity":[-5.41116,137.949,-94.0952],"tool":false,"touchDistance":-0.532236,"touchZone":"hovering","type":1,"width":19.3376},{"bases":[[[0.955877,-0.239257,0.170454],[0.221586,0.968174,0.116353],[-0.192867,-0.0734486,0.978472]],[[0.952812,-0.240354,0.185419],[0.238713,0.21592,-0.946781],[0.187527,0.946366,0.263107]],[[0.952812,-0.240354,0.185419],[-0.0953113,-0.81679,-0.569008],[0.288211,0.524485,-0.801156]],[[0.952812,-0.240354,0.185419],[-0.22755,-0.969799,-0.087814],[0.200925,0.0414782,-0.978728]]],"btipPosition":[0.494853,262.037,36.7777],"carpPosition":[8.0472,318.206,76.5408],"dipPosition":[4.26963,262.816,18.3904],"direction":[-0.288211,-0.524485,0.801156],"extended":false,"handId":556,"id":5562,"length":66.9886,"mcpPosition":[21.4996,323.329,8.29293],"pipPosition":[12.4631,277.726,-4.38555],"stabilizedTipPosition":[-51.7769,278.172,149.154],"timeVisible":0.786288,"tipPosition":[1.55478,262.414,31.7862],"tipVelocity":[9.90044,61.6633,-85.6286],"tool":false,"touchDistance":0.333333,"touchZone":"none","type":2,"width":18.9921},{"bases":[[[0.897635,-0.319757,0.303327],[0.283052,0.945772,0.159366],[-0.337836,-0.0571949,0.939465]],[[0.889357,-0.321026,0.325555],[0.386251,0.146526,-0.910681],[0.24465,0.935667,0.254311]],[[0.889357,-0.321026,0.325555],[-0.105439,-0.836856,-0.537172],[0.444889,0.443412,-0.778113]],[[0.889357,-0.321026,0.325555],[-0.312008,-0.946612,-0.0810919],[0.334207,-0.0294563,-0.942039]]],"btipPosition":[11.7519,266.272,46.8802],"carpPosition":[20.0871,316.214,77.9262],"dipPosition":[17.9946,265.722,29.2838],"direction":[-0.444889,-0.443412,0.778113],"extended":false,"handId":556,"id":5563,"length":64.4113,"mcpPosition":[41.2436,319.796,19.0938],"pipPosition":[30.3156,278.002,7.73429],"stabilizedTipPosition":[-38.8859,275.857,159.479],"timeVisible":0.786288,"tipPosition":[13.3526,266.423,42.5264],"tipVelocity":[17.9018,49.2165,-97.8295],"tool":false,"touchDistance":0.333333,"touchZone":"none","type":3,"width":18.0722},{"bases":[[[0.79331,-0.476072,0.379492],[0.388255,0.875731,0.286973],[-0.468953,-0.0803195,0.879564]],[[0.812255,-0.47229,0.342321],[0.478064,0.202761,-0.854601],[0.33421,0.857805,0.390478]],[[0.812255,-0.47229,0.342321],[-0.159568,-0.744393,-0.648396],[0.561052,0.472039,-0.68]],[[0.812255,-0.47229,0.342321],[-0.418378,-0.880652,-0.222288],[0.40645,0.0373357,-0.91291]]],"btipPosition":[28.1449,271.748,45.1827],"carpPosition":[30.7487,307.289,80.9462],"dipPosition":[35.1489,272.392,29.4512],"direction":[-0.561052,-0.472039,0.68],"extended":false,"handId":556,"id":5564,"length":50.4973,"mcpPosition":[57.9338,311.945,29.9581],"pipPosition":[46.1195,281.622,16.1548],"stabilizedTipPosition":[-22.782,277.27,165.649],"timeVisible":0.786288,"tipPosition":[29.9895,272.176,41.5413],"tipVelocity":[19.6674,44.4593,-101.047],"tool":false,"touchDistance":0.333333,"touchZone":"none","type":4,"width":16.0532}],"r":[[0.693987,0.711264,-0.111739],[-0.709491,0.64918,-0.274203],[-0.122492,0.269571,0.955158]],"s":1.10054,"t":[98.5698,1.20986,-243.233],"timestamp":522524966638},false],[6,{"currentFrameRate":109.129,"devices":[],"gestures":[],"hands":[{"armBasis":[[0.995917,-0.0846042,0.031494],[0.0803866,0.989861,0.117101],[-0.0410819,-0.114091,0.992621]],"armWidth":63.703,"confidence":0.437254,"direction":[0.232239,0.21886,-0.947716],"elbow":[2.45699,274.38,353.633],"grabStrength":0,"id":556,"palmNormal":[-0.0519149,-0.970178,-0.236769],"palmPosition":[18.4577,313.596,31.881],"palmVelocity":[24.2539,48.127,-55.3451],"palmWidth":90.9658,"pinchStrength":0.694665,"r":[[0.694568,0.710526,-0.112814],[-0.709435,0.650405,-0.271433],[-0.119485,0.268563,0.955823]],"s":1.10134,"sphereCenter":[17.1615,278.031,4.57264],"sphereRadius":45.2664,"stabilizedPalmPosition":[-51.7506,317.581,218.948],"t":[98.6892,1.53271,-243.103],"timeVisible":0.795253,"type":"right","wrist":[13.5461,305.177,85.697]}],"id":4185108,"interactionBox":{"center":[0,200,0],"size":[235.247,235.247,147.751]},"pointables":[{"bases":[[[0.482589,0.868535,0.112936],[-0.849092,0.432313,0.30356],[0.214829,-0.242387,0.946096]],[[0.351788,0.891456,-0.285571],[-0.932113,0.361655,-0.0192845],[0.0860868,0.272968,0.958164]],[[0.351788,0.891456,-0.285571],[-0.906144,0.247771,-0.3428],[-0.234835,0.379361,0.894951]],[[0.351788,0.891456,-0.285571],[-0.403201,-0.131017,-0.905684],[-0.844792,0.433752,0.313346]]],"btipPosition":[7.9839,260.22,-5.36865],"carpPosition":[-15.4906,296.922,80.2851],"dipPosition":[-11.782,270.369,1.96282],"direction":[0.234835,-0.379361,-0.894951],"extended":false,"handId":556,"id":5560,"length":52.1025,"mcpPosition":[-15.4906,296.922,80.2851],"pipPosition":[-19.7867,283.3,32.4686],"stabilizedTipPosition":[-50.1933,278.878,120.125],"timeVisible":0.795253,"tipPosition":[3.60875,261.996,-4.03492],"tipVelocity":[-11.8457,94.589,-71.9356],"tool":false,"touchDistance":-0.45463,"touchZone":"hovering","type":0,"width":20.2446},{"bases":[[[0.996477,-0.0659614,0.0517904],[0.0611107,0.994044,0.0902318],[-0.0574338,-0.086749,0.994573]],[[0.98917,-0.0724004,0.127674],[0.0837289,0.992795,-0.0857131],[-0.120549,0.0954749,0.988106]],[[0.98917,-0.0724004,0.127674],[0.102713,0.962839,-0.24978],[-0.104846,0.260189,0.959848]],[[0.98917,-0.0724004,0.127674],[0.115157,0.922164,-0.369259],[-0.0910022,0.379963,0.920514]]],"btipPosition":[9.33005,306.891,-78.0077],"carpPosition":[-4.1598,317.389,76.5003],"dipPosition":[7.77564,313.381,-62.2844],"direction":[0.104846,-0.260189,-0.959848],"extended":true,"handId":556,"id":5561,"length":58.7918,"mcpPosition":[0.0644541,323.769,3.34942],"pipPosition":[5.24215,319.668,-39.0906],"stabilizedTipPosition":[-40.5379,317.939,88.0373],"timeVisible":0.795253,"tipPosition":[9.20224,307.145,-74.053],"tipVelocity":[-6.00951,124.611,-65.539],"tool":false,"touchDistance":-0.505968,"touchZone":"hovering","type":1,"width":19.3376},{"bases":[[[0.95444,-0.245562,0.169538],[0.227421,0.966436,0.119502],[-0.193193,-0.0755011,0.978251]],[[0.951373,-0.246689,0.184482],[0.239892,0.217644,-0.946088],[0.193238,0.944339,0.266239]],[[0.951373,-0.246689,0.184482],[-0.100316,-0.814358,-0.571627],[0.291248,0.525324,-0.799505]],[[0.951373,-0.246689,0.184482],[-0.233416,-0.968124,-0.0908458],[0.201012,0.0433672,-0.978628]]],"btipPosition":[0.21992,262.34,36.7514],"carpPosition":[8.11271,318.328,76.6988],"dipPosition":[3.99633,263.155,18.3659],"direction":[-0.291248,-0.525324,0.799505],"extended":false,"handId":556,"id":5562,"length":66.9886,"mcpPosition":[21.5878,323.594,8.46634],"pipPosition":[12.2762,278.089,-4.36308],"stabilizedTipPosition":[-51.3586,278.048,148.231],"timeVisible":0.795253,"tipPosition":[1.27886,262.724,31.7683],"tipVelocity":[-1.19054,54.2961,-62.9843],"tool":false,"touchDistance":0.333333,"touchZone":"none","type":2,"width":18.9921},{"bases":[[[0.895729,-0.326147,0.302154],[0.288756,0.943523,0.162433],[-0.338067,-0.0582474,0.939318]],[[0.887725,-0.327399,0.323656],[0.386037,0.146329,-0.910803],[0.250836,0.933487,0.256289]],[[0.887725,-0.327399,0.323656],[-0.111306,-0.834808,-0.539173],[0.446715,0.442612,-0.777521]],[[0.887725,-0.327399,0.323656],[-0.317864,-0.944449,-0.0835334],[0.333026,-0.0287239,-0.94248]]],"btipPosition":[11.515,266.488,46.9428],"carpPosition":[20.1406,316.259,78.076],"dipPosition":[17.7356,265.952,29.3382],"direction":[-0.446715,-0.442612,0.777521],"extended":false,"handId":556,"id":5563,"length":64.4113,"mcpPosition":[41.3114,319.907,19.2529],"pipPosition":[30.1072,278.21,7.80503],"stabilizedTipPosition":[-38.7006,275.824,159.062],"timeVisible":0.795253,"tipPosition":[13.1024,266.625,42.5719],"tipVelocity":[5.61328,42.4568,-69.203],"tool":false,"touchDistance":0.333333,"touchZone":"none","type":3,"width":18.0722},{"bases":[[[0.790475,-0.482081,0.377819],[0.39355,0.872431,0.289796],[-0.469326,-0.0803858,0.879358]],[[0.809725,-0.478224,0.340068],[0.478245,0.201992,-0.854681],[0.340039,0.854693,0.392267]],[[0.809725,-0.478224,0.340068],[-0.164908,-0.741612,-0.650243],[0.563161,0.470438,-0.679365]],[[0.809725,-0.478224,0.340068],[-0.42387,-0.877426,-0.224627],[0.405807,0.0377414,-0.913179]]],"btipPosition":[27.9303,271.857,45.2427],"carpPosition":[30.7486,307.26,81.0653],"dipPosition":[34.9233,272.508,29.5066],"direction":[-0.563161,-0.470438,0.679365],"extended":false,"handId":556,"id":5564,"length":50.4973,"mcpPosition":[57.9554,311.92,30.0891],"pipPosition":[45.9351,281.707,16.2225],"stabilizedTipPosition":[-22.6423,277.256,165.318],"timeVisible":0.795253,"tipPosition":[29.7662,272.275,41.5804],"tipVelocity":[7.65627,35.6742,-71.5933],"tool":false,"touchDistance":0.333333,"touchZone":"none","type":4,"width":16.0532}],"r":[[0.694568,0.710526,-0.112814],[-0.709435,0.650405,-0.271433],[-0.119485,0.268563,0.955823]],"s":1.10134,"t":[98.6892,1.53271,-243