{"sensorType":"Leap","data":[[0,{"currentFrameRate":110.552,"devices":[],"gestures":[],"hands":[{"armBasis":[[0.962527,0.210329,-0.171182],[-0.198153,0.976431,0.0855482],[0.185141,-0.0484222,0.981518]],"armWidth":63.703,"confidence":0.770131,"direction":[-0.0373145,0.189358,-0.981199],"elbow":[92.6379,307.685,359.455],"grabStrength":0,"id":544,"palmNormal":[0.19526,-0.961575,-0.192996],"palmPosition":[34.0235,325.31,40.7029],"palmVelocity":[-45.6092,-10.8323,-76.498],"palmWidth":90.9658,"pinchStrength":0.431172,"r":[[0.852975,0.486195,-0.189865],[-0.507296,0.857826,-0.0823708],[0.122823,0.166578,0.978349]],"s":1.13342,"sphereCenter":[46.8528,289.019,13.7464],"sphereRadius":49.104,"stabilizedPalmPosition":[56.717,323.813,62.5221],"t":[14.6723,44.3889,-179.431],"timeVisible":6.11006,"type":"right","wrist":[42.6632,320.755,94.5154]}],"id":4180043,"interactionBox":{"center":[0,200,0],"size":[235.247,235.247,147.751]},"pointables":[{"bases":[[[0.212439,0.977001,-0.0184026],[-0.861492,0.196145,0.468358],[0.461196,-0.083644,0.883347]],[[0.0740698,0.961057,-0.26624],[-0.930848,0.16242,0.327325],[0.357821,0.223584,0.906628]],[[0.0740698,0.961057,-0.26624],[-0.997209,0.0738836,-0.0107299],[0.00935875,0.266292,0.963847]],[[0.0740698,0.961057,-0.26624],[-0.777036,-0.111722,-0.619462],[-0.625083,0.252762,0.738501]]],"btipPosition":[13.417,277.911,0.379394],"carpPosition":[16.9675,304.06,95.7572],"dipPosition":[-1.20833,283.825,17.6584],"direction":[-0.00935875,-0.266292,-0.963847],"extended":false,"handId":544,"id":5440,"length":52.1025,"mcpPosition":[16.9675,304.06,95.7572],"pipPosition":[-0.889321,292.902,50.5125],"stabilizedTipPosition":[36.0477,278.805,30.5876],"timeVisible":6.11006,"tipPosition":[10.5227,279.791,4.97799],"tipVelocity":[-53.9074,-6.4268,-100.744],"tool":false,"touchDistance":-0.279083,"touchZone":"touching","type":0,"width":20.2446},{"bases":[[[0.959863,0.227762,-0.163667],[-0.222966,0.973676,0.0473487],[0.170143,-0.00895612,0.985379]],[[0.973734,0.224751,-0.0364428],[-0.222959,0.97367,0.0474904],[0.0461568,-0.0381177,0.998207]],[[0.973734,0.224751,-0.0364428],[-0.227686,0.961104,-0.156325],[-0.000108819,0.160516,0.987033]],[[0.973734,0.224751,-0.0364428],[-0.224619,0.92205,-0.315231],[-0.0372465,0.315137,0.948315]]],"btipPosition":[6.79594,319.52,-66.3551],"carpPosition":[20.6536,326.485,89.0422],"dipPosition":[6.15973,324.903,-50.1569],"direction":[0.000108819,-0.160516,-0.987033],"extended":true,"handId":544,"id":5441,"length":58.7918,"mcpPosition":[8.13958,327.144,16.5676],"pipPosition":[6.1571,328.781,-26.3063],"stabilizedTipPosition":[30.6783,316.25,-44.0719],"timeVisible":6.11006,"tipPosition":[7.12242,321.004,-62.6386],"tipVelocity":[-51.4378,7.16727,-76.5563],"tool":false,"touchDistance":-0.185111,"touchZone":"touching","type":1,"width":19.3376},{"bases":[[[0.997877,0.05511,-0.0346921],[-0.0536897,0.997731,0.0406194],[0.0368519,-0.0386706,0.998572]],[[0.996197,0.0563137,-0.0664793],[-0.0779549,0.235381,-0.968772],[-0.0389071,0.97027,0.238876]],[[0.996197,0.0563137,-0.0664793],[0.0127228,-0.848884,-0.528425],[-0.0861908,0.52557,-0.846373]],[[0.996197,0.0563137,-0.0664793],[0.0563487,-0.99841,-0.00135022],[-0.0664496,-0.00240093,-0.997787]]],"btipPosition":[34.8659,271.967,48.1955],"carpPosition":[31.8628,330.921,86.5494],"dipPosition":[33.6175,271.922,29.4501],"direction":[0.0861908,-0.52557,0.846373],"extended":false,"handId":544,"id":5442,"length":66.9886,"mcpPosition":[29.2924,333.618,16.8996],"pipPosition":[31.1672,286.864,5.38874],"stabilizedTipPosition":[59.1734,275.574,73.8873],"timeVisible":6.11006,"tipPosition":[34.6418,272.258,44.2181],"tipVelocity":[-51.0936,-10.0309,-87.2986],"tool":false,"touchDistance":0.333333,"touchZone":"none","type":2,"width":18.9921},{"bases":[[[0.993613,-0.0265525,0.109671],[0.0189434,0.997378,0.0698487],[-0.111239,-0.067325,0.991511]],[[0.995925,-0.0249849,0.0866607],[0.089911,0.199458,-0.975773],[0.00709441,0.979588,0.200892]],[[0.995925,-0.0249849,0.0866607],[0.0210666,-0.86984,-0.492883],[0.0876956,0.4927,-0.865769]],[[0.995925,-0.0249849,0.0866607],[-0.0266151,-0.999489,0.0177072],[0.086174,-0.0199415,-0.996081]]],"btipPosition":[46.5907,279.712,56.8609],"carpPosition":[43.9798,332.525,85.343],"dipPosition":[48.2004,279.34,38.2551],"direction":[-0.0876956,-0.4927,0.865769],"extended":false,"handId":544,"id":5443,"length":64.4113,"mcpPosition":[50.946,336.741,23.2513],"pipPosition":[50.6291,292.985,14.2779],"stabilizedTipPosition":[70.392,282.431,78.104],"timeVisible":6.11006,"tipPosition":[46.945,279.735,52.4512],"tipVelocity":[-50.1145,-11.6759,-82.92],"tool":false,"touchDistance":0.333333,"touchZone":"none","type":3,"width":18.0722},{"bases":[[[0.95718,-0.198594,0.210632],[0.163353,0.971214,0.173378],[-0.239001,-0.131546,0.962068]],[[0.967367,-0.192184,0.165126],[0.213936,0.27032,-0.9387],[0.135767,0.943394,0.302614]],[[0.967367,-0.192184,0.165126],[-0.0664407,-0.821287,-0.566634],[0.244513,0.537172,-0.807254]],[[0.967367,-0.192184,0.165126],[-0.18309,-0.980687,-0.0687805],[0.175155,0.0363032,-0.983871]]],"btipPosition":[58.4255,290.406,52.4796],"carpPosition":[57.1695,327.258,86.2087],"dipPosition":[61.4438,291.032,35.5253],"direction":[-0.244513,-0.537172,0.807254],"extended":false,"handId":544,"id":5444,"length":50.4973,"mcpPosition":[71.0243,334.884,30.4379],"pipPosition":[66.225,301.535,19.7406],"stabilizedTipPosition":[83.8535,292.532,73.6139],"timeVisible":6.11006,"tipPosition":[59.1524,290.667,48.4917],"tipVelocity":[-49.22,-11.1341,-76.7609],"tool":false,"touchDistance":0.333333,"touchZone":"none","type":4,"width":16.0532}],"r":[[0.852975,0.486195,-0.189865],[-0.507296,0.857826,-0.0823708],[0.122823,0.166578,0.978349]],"s":1.13342,"t":[14.6723,44.3889,-179.431],"timestamp":522455792040},false],[1,{"currentFrameRate":110.455,"devices":[],"gestures":[],"hands":[{"armBasis":[[0.96227,0.214858,-0.166953],[-0.203229,0.975515,0.0840759],[0.180929,-0.0469741,0.982374]],"armWidth":63.703,"confidence":0.771079,"direction":[-0.0385618,0.190541,-0.980922],"elbow":[91.138,308.085,358.641],"grabStrength":0,"id":544,"palmNormal":[0.200182,-0.960279,-0.194401],"palmPosition":[33.6222,325.35,39.667],"palmVelocity":[-45.0164,-6.58228,-86.5338],"palmWidth":90.9658,"pinchStrength":0.431066,"r":[[0.852506,0.487536,-0.188524],[-0.508094,0.857598,-0.0797941],[0.122775,0.163813,0.978822]],"s":1.1338,"sphereCenter":[46.5471,289.103,12.6773],"sphereRadius":49.0842,"stabilizedPalmPosition":[56.5618,323.823,62.3685],"t":[14.2818,44.369,-180.296],"timeVisible":6.11929,"type":"right","wrist":[42.3001,320.764,93.4708]}],"id":4180044,"interactionBox":{"center":[0,200,0],"size":[235.247,235.247,147.751]},"pointables":[{"bases":[[[0.207374,0.978112,-0.0170845],[-0.862368,0.191024,0.468862],[0.461863,-0.0824969,0.883106]],[[0.0690881,0.961826,-0.264796],[-0.931647,0.157121,0.32764],[0.356737,0.22406,0.906937]],[[0.0690881,0.961826,-0.264796],[-0.997575,0.0688523,-0.0101837],[0.00843689,0.264857,0.964251]],[[0.0690881,0.961826,-0.264796],[-0.776166,-0.114928,-0.619965],[-0.626732,0.248358,0.738597]]],"btipPosition":[13.265,277.914,-0.71339],"carpPosition":[16.6915,303.934,94.6959],"dipPosition":[-1.39883,283.725,16.5678],"direction":[-0.00843689,-0.264857,-0.964251],"extended":false,"handId":544,"id":5440,"length":52.1025,"mcpPosition":[16.6915,303.934,94.6959],"pipPosition":[-1.11125,292.753,49.4358],"stabilizedTipPosition":[35.821,278.809,30.3506],"timeVisible":6.11929,"tipPosition":[10.3456,279.757,3.87352],"tipVelocity":[-43.6799,-5.26167,-105.695],"tool":false,"touchDistance":-0.295892,"touchZone":"touching","type":0,"width":20.2446},{"bases":[[[0.958627,0.232957,-0.163602],[-0.22799,0.972441,0.0487777],[0.170456,-0.00946015,0.98532]],[[0.972475,0.2299,-0.0379184],[-0.228138,0.972557,0.0456772],[0.047379,-0.0357694,0.998236]],[[0.972475,0.2299,-0.0379184],[-0.233006,0.959462,-0.158562],[-0.0000719812,0.163032,0.986621]],[[0.972475,0.2299,-0.0379184],[-0.229866,0.919959,-0.317549],[-0.038121,0.317525,0.947483]]],"btipPosition":[6.34053,319.257,-67.3587],"carpPosition":[20.2597,326.388,88.0115],"dipPosition":[5.68938,324.681,-51.1747],"direction":[0.0000719812,-0.163032,-0.986621],"extended":true,"handId":544,"id":5441,"length":58.7918,"mcpPosition":[7.72261,327.084,15.5412],"pipPosition":[5.68764,328.62,-27.334],"stabilizedTipPosition":[30.1527,316.342,-44.4919],"timeVisible":6.11929,"tipPosition":[6.64427,320.842,-63.6523],"tipVelocity":[-50.9617,-2.53963,-85.6912],"tool":false,"touchDistance":-0.20189,"touchZone":"touching","type":1,"width":19.3376},{"bases":[[[0.997569,0.0603235,-0.0348794],[-0.0588424,0.997382,0.0420373],[0.037324,-0.0398828,0.998507]],[[0.995884,0.061558,-0.0665269],[-0.0792908,0.236103,-0.968488],[-0.043911,0.969776,0.240012]],[[0.995884,0.061558,-0.0665269],[0.0170594,-0.848171,-0.529448],[-0.0890179,0.526134,-0.84573]],[[0.995884,0.061558,-0.0665269],[0.0615178,-0.998102,-0.00265471],[-0.0665641,-0.00144881,-0.997781]]],"btipPosition":[34.7389,272.006,47.0995],"carpPosition":[31.445,330.885,85.5219],"dipPosition":[33.4883,271.979,28.3542],"direction":[0.0890179,-0.526134,0.84573],"extended":false,"handId":544,"id":5442,"length":66.9886,"mcpPosition":[28.8417,333.667,15.8767],"pipPosition":[30.9577,286.936,4.31109],"stabilizedTipPosition":[59.1607,275.572,73.8713],"timeVisible":6.11929,"tipPosition":[34.5129,272.294,43.1102],"tipVelocity":[-40.6439,-5.9188,-96.1334],"tool":false,"touchDistance":0.333333,"touchZone":"none","type":2,"width":18.9921},{"bases":[[[0.993767,-0.0215627,0.10937],[0.0137996,0.997363,0.0712467],[-0.110618,-0.0692934,0.991444]],[[0.996071,-0.0199452,0.0862806],[0.0885275,0.199596,-0.975871],[0.00224265,0.979675,0.200578]],[[0.996071,-0.0199452,0.0862806],[0.025191,-0.870237,-0.491989],[0.0848974,0.492229,-0.866316]],[[0.996071,-0.0199452,0.0862806],[-0.0216181,-0.999595,0.0184987],[0.0858767,-0.0202912,-0.996099]]],"btipPosition":[46.4251,279.88,55.8661],"carpPosition":[43.5533,332.553,84.3146],"dipPosition":[48.0292,279.501,37.26],"direction":[-0.0848974,-0.492229,0.866316],"extended":false,"handId":544,"id":5443,"length":64.4113,"mcpPosition":[50.4806,336.893,22.227],"pipPosition":[50.3804,293.133,13.2677],"stabilizedTipPosition":[70.3754,282.429,78.0854],"timeVisible":6.11929,"tipPosition":[46.7805,279.867,51.4213],"tipVelocity":[-41.1362,-3.35602,-89.9082],"tool":false,"touchDistance":0.333333,"touchZone":"none","type":3,"width":18.0722},{"bases":[[[0.958253,-0.193933,0.210099],[0.158371,0.971802,0.174701],[-0.238054,-0.134134,0.961945]],[[0.968402,-0.1874,0.164557],[0.211791,0.269544,-0.93941],[0.13169,0.944578,0.300717]],[[0.968402,-0.1874,0.164557],[-0.0631617,-0.822605,-0.565094],[0.241263,0.536845,-0.808449]],[[0.968402,-0.1874,0.164557],[-0.178403,-0.981606,-0.0679805],[0.174269,0.0364751,-0.984022]]],"btipPosition":[58.1944,290.613,51.5404],"carpPosition":[56.7702,327.354,85.1694],"dipPosition":[61.1974,291.242,34.5835],"direction":[-0.241263,-0.536845,0.808449],"extended":false,"handId":544,"id":5444,"length":50.4973,"mcpPosition":[70.5702,335.13,29.4057],"pipPosition":[65.915,301.739,18.7754],"stabilizedTipPosition":[83.8315,292.53,73.591],"timeVisible":6.11929,"tipPosition":[58.9212,290.852,47.4999],"tipVelocity":[-42.5524,-1.69037,-83.803],"tool":false,"touchDistance":0.333333,"touchZone":"none","type":4,"width":16.0532}],"r":[[0.852506,0.487536,-0.188524],[-0.508094,0.857598,-0.0797941],[0.122775,0.163813,0.978822]],"s":1.1338,"t":[14.2818,44.369,-180.296],"timestamp":522455801265},false],[2,{"currentFrameRate":110.593,"devices":[],"gestures":[],"hands":[{"armBasis":[[0.962573,0.213557,-0.166872],[-0.202307,0.975889,0.081934],[0.180346,-0.0451081,0.982568]],"armWidth":63.703,"confidence":0.773812,"direction":[-0.038823,0.187432,-0.98151],"elbow":[90.6657,308.351,357.31],"grabStrength":0,"id":544,"palmNormal":[0.199239,-0.961075,-0.191411],"palmPosition":[33.2877,324.948,38.2732],"palmVelocity":[-43.1338,-17.1087,-105.901],"palmWidth":90.9658,"pinchStrength":0.43651,"r":[[0.852202,0.488334,-0.187835],[-0.508585,0.857449,-0.0782385],[0.122852,0.162205,0.97908]],"s":1.13333,"sphereCenter":[45.9936,288.558,11.4076],"sphereRadius":48.9957,"stabilizedPalmPosition":[56.4365,323.829,62.2387],"t":[13.9193,44.1582,-181.425],"timeVisible":6.12808,"type":"right","wrist":[41.9852,320.527,92.0875]}],"id":4180045,"interactionBox":{"center":[0,200,0],"size":[235.247,235.247,147.751]},"pointables":[{"bases":[[[0.208239,0.977867,-0.0203089],[-0.861991,0.193296,0.468624],[0.462178,-0.0800799,0.883164]],[[0.0698148,0.960905,-0.267931],[-0.931707,0.158779,0.326668],[0.356439,0.226827,0.906367]],[[0.0698148,0.960905,-0.267931],[-0.997525,0.069492,-0.0106997],[0.00833768,0.268015,0.963379]],[[0.0698148,0.960905,-0.267931],[-0.768946,-0.119264,-0.628091],[-0.635491,0.249875,0.730557]]],"btipPosition":[13.1588,277.422,-1.78523],"carpPosition":[16.3621,303.724,93.3777],"dipPosition":[-1.70997,283.269,15.3079],"direction":[-0.00833768,-0.268015,-0.963379],"extended":false,"handId":544,"id":5440,"length":52.1025,"mcpPosition":[16.3621,303.724,93.3777],"pipPosition":[-1.42577,292.404,48.1461],"stabilizedTipPosition":[35.6501,278.808,30.1659],"timeVisible":6.12808,"tipPosition":[10.0685,279.236,2.67337],"tipVelocity":[-36.6106,-18.6394,-111.368],"tool":false,"touchDistance":-0.311363,"touchZone":"touching","type":0,"width":20.2446},{"bases":[[[0.958762,0.231575,-0.164766],[-0.2271,0.972796,0.0457613],[0.170881,-0.00645581,0.985271]],[[0.972595,0.228957,-0.0404673],[-0.227376,0.972978,0.0401802],[0.0485734,-0.0298778,0.998373]],[[0.972595,0.228957,-0.0404673],[-0.232503,0.958619,-0.164294],[0.00117635,0.169201,0.985581]],[[0.972595,0.228957,-0.0404673],[-0.229569,0.918077,-0.323159],[-0.0368374,0.323593,0.945479]]],"btipPosition":[5.89358,318.295,-68.6931],"carpPosition":[19.9473,326.153,86.6199],"dipPosition":[5.26435,323.823,-52.5434],"direction":[-0.00117635,-0.169201,-0.985581],"extended":true,"handId":544,"id":5441,"length":58.7918,"mcpPosition":[7.37905,326.628,14.1532],"pipPosition":[5.29278,327.911,-28.7278],"stabilizedTipPosition":[29.7194,316.399,-44.8556],"timeVisible":6.12808,"tipPosition":[6.1921,319.965,-65.0016],"tipVelocity":[-50.7658,-30.5659,-103.708],"tool":false,"touchDistance":-0.224263,"touchZone":"touching","type":1,"width":19.3376},{"bases":[[[0.997607,0.0593201,-0.0355082],[-0.0579341,0.997564,0.0388672],[0.0377273,-0.0367171,0.998613]],[[0.995912,0.0604534,-0.0671235],[-0.079471,0.233062,-0.969209],[-0.0429481,0.970581,0.236913]],[[0.995912,0.0604534,-0.0671235],[0.0160849,-0.849862,-0.52676],[-0.0888901,0.523526,-0.84736]],[[0.995912,0.0604534,-0.0671235],[0.0606216,-0.998161,0.000468671],[-0.0669717,-0.00453588,-0.997745]]],"btipPosition":[34.359,271.626,45.8762],"carpPosition":[31.1356,330.633,84.111],"dipPosition":[33.1008,271.54,27.1315],"direction":[0.0888901,-0.523526,0.84736],"extended":false,"handId":544,"id":5442,"length":66.9886,"mcpPosition":[28.5042,333.194,14.4584],"pipPosition":[30.5737,286.424,3.0421],"stabilizedTipPosition":[59.1497,275.57,73.8571],"timeVisible":6.12808,"tipPosition":[34.1316,271.9,41.8841],"tipVelocity":[-41.3829,-16.3787,-107.69],"tool":false,"touchDistance":0.333333,"touchZone":"none","type":2,"width":18.9921},{"bases":[[[0.993796,-0.0221001,0.109005],[0.0147207,0.997574,0.0680448],[-0.110244,-0.066018,0.99171]],[[0.996103,-0.020549,0.0857648],[0.0881481,0.201243,-0.975567],[0.00278734,0.979326,0.202271]],[[0.996103,-0.020549,0.0857648],[0.0246493,-0.868851,-0.49446],[0.0846774,0.494647,-0.864959]],[[0.996103,-0.020549,0.0857648],[-0.0220694,-0.999615,0.0168167],[0.0853862,-0.0186439,-0.996173]]],"btipPosition":[46.0841,279.325,54.3162],"carpPosition":[43.2448,332.286,82.893],"dipPosition":[47.6791,278.977,35.7086],"direction":[-0.0846774,-0.494647,0.864959],"extended":false,"handId":544,"id":5443,"length":64.4113,"mcpPosition":[50.1487,336.42,20.7889],"pipPosition":[50.0242,292.676,11.7539],"stabilizedTipPosition":[70.3617,282.427,78.0693],"timeVisible":6.12808,"tipPosition":[46.4287,279.38,49.9903],"tipVelocity":[-40.5607,-19.2223,-113.154],"tool":false,"touchDistance":0.333333,"touchZone":"none","type":3,"width":18.0722},{"bases":[[[0.958172,-0.194115,0.2103],[0.159315,0.972214,0.171517],[-0.237751,-0.130839,0.962474]],[[0.968319,-0.187727,0.16467],[0.211477,0.265798,-0.940547],[0.132798,0.945574,0.297077]],[[0.968319,-0.187727,0.16467],[-0.0643065,-0.82465,-0.561975],[0.241293,0.533582,-0.810597]],[[0.968319,-0.187727,0.16467],[-0.179364,-0.981672,-0.0644044],[0.173742,0.0328282,-0.984244]]],"btipPosition":[57.8334,290.237,50.2736],"carpPosition":[56.4575,327.077,83.7588],"dipPosition":[60.8273,290.803,33.3129],"direction":[-0.241293,-0.533582,0.810597],"extended":false,"handId":544,"id":5444,"length":50.4973,"mcpPosition":[70.2399,334.662,27.9644],"pipPosition":[65.5455,301.236,17.4628],"stabilizedTipPosition":[83.8129,292.529,73.571],"timeVisible":6.12808,"tipPosition":[58.5577,290.455,46.2253],"tipVelocity":[-42.2077,-13.1967,-100.043],"tool":false,"touchDistance":0.333333,"touchZone":"none","type":4,"width":16.0532}],"r":[[0.852202,0.488334,-0.187835],[-0.508585,0.857449,-0.0782385],[0.122852,0.162205,0.97908]],"s":1.13333,"t":[13.9193,44.1582,-181.425],"timestamp":522455810062},false],[3,{"currentFrameRate":110.559,"devices":[],"gestures":[],"hands":[{"armBasis":[[0.961701,0.21607,-0.168658],[-0.204397,0.975281,0.083958],[0.18263,-0.0462692,0.982092]],"armWidth":63.703,"confidence":0.775953,"direction":[-0.0388132,0.183618,-0.982231],"elbow":[90.8757,308.092,356.141],"grabStrength":0,"id":544,"palmNormal":[0.201443,-0.961353,-0.187675],"palmPosition":[32.8947,324.779,37.2124],"palmVelocity":[-43.1404,-17.5303,-108.837],"palmWidth":90.9658,"pinchStrength":0.439369,"r":[[0.851758,0.489205,-0.187581],[-0.509351,0.857045,-0.0776885],[0.12276,0.161716,0.979172]],"s":1.1328,"sphereCenter":[45.5288,288.293,10.5139],"sphereRadius":48.9384,"stabilizedPalmPosition":[56.3266,323.834,62.1219],"t":[13.5416,43.9679,-182.52],"timeVisible":6.13719,"type":"right","wrist":[41.5787,320.581,91.0469]}],"id":4180046,"interactionBox":{"center":[0,200,0],"size":[235.247,235.247,147.751]},"pointables":[{"bases":[[[0.206089,0.978241,-0.0239338],[-0.862617,0.193169,0.467522],[0.461972,-0.0757053,0.883657]],[[0.067539,0.959924,-0.272002],[-0.93254,0.157655,0.324828],[0.354693,0.231714,0.905815]],[[0.067539,0.959924,-0.272002],[-0.997695,0.0667895,-0.0120238],[0.00662494,0.272187,0.962222]],[[0.067539,0.959924,-0.272002],[-0.764356,-0.125438,-0.632476],[-0.641248,0.250623,0.725251]]],"btipPosition":[13.0692,277.021,-2.58181],"carpPosition":[15.9922,303.727,92.39],"dipPosition":[-1.93432,282.885,14.3872],"direction":[-0.00662494,-0.272187,-0.962222],"extended":false,"handId":544,"id":5440,"length":52.1025,"mcpPosition":[15.9922,303.727,92.39],"pipPosition":[-1.7085,292.163,47.1859],"stabilizedTipPosition":[35.5098,278.806,30.0104],"timeVisible":6.13719,"tipPosition":[9.86689,278.828,1.7889],"tipVelocity":[-30.1316,-25.5656,-105.613],"tool":false,"touchDistance":-0.320937,"touchZone":"touching","type":0,"width":20.2446},{"bases":[[[0.95832,0.233066,-0.165238],[-0.229267,0.972458,0.0419709],[0.170469,-0.00233782,0.98536]],[[0.972041,0.23099,-0.0421933],[-0.229648,0.972668,0.0343453],[0.0489735,-0.0236955,0.998519]],[[0.972041,0.23099,-0.0421933],[-0.234809,0.95703,-0.170172],[0.00107214,0.175322,0.984511]],[[0.972041,0.23099,-0.0421933],[-0.231827,0.915509,-0.328786],[-0.0373178,0.329375,0.943462]]],"btipPosition":[5.50089,317.465,-69.717],"carpPosition":[19.5308,326.138,85.5486],"dipPosition":[4.86346,323.091,-53.6017],"direction":[-0.00107214,-0.175322,-0.984511],"extended":true,"handId":544,"id":5441,"length":58.7918,"mcpPosition":[6.99282,326.31,13.0753],"pipPosition":[4.88937,327.327,-29.812],"stabilizedTipPosition":[29.3098,316.439,-45.2112],"timeVisible":6.13719,"tipPosition":[5.78966,319.201,-66.0391],"tipVelocity":[-48.7041,-46.6951,-106.37],"tool":false,"touchDistance":-0.241459,"touchZone":"touching","type":1,"width":19.3376},{"bases":[[[0.997489,0.0613887,-0.0353112],[-0.0601529,0.997573,0.0350544],[0.0373774,-0.0328423,0.998761]],[[0.995816,0.0623931,-0.0667652],[-0.0793783,0.228648,-0.970268],[-0.0452723,0.971508,0.232644]],[[0.995816,0.0623931,-0.0667652],[0.0183334,-0.85218,-0.522928],[-0.089523,0.519516,-0.849758]],[[0.995816,0.0623931,-0.0667652],[0.0628561,-0.998011,0.0048545],[-0.0663295,-0.00903079,-0.997757]]],"btipPosition":[34.076,271.509,45.0564],"carpPosition":[30.7103,330.632,83.0275],"dipPosition":[32.8298,271.339,26.3116],"direction":[0.089523,-0.519516,0.849758],"extended":false,"handId":544,"id":5442,"length":66.9886,"mcpPosition":[28.1033,332.923,13.3645],"pipPosition":[30.2848,286.108,2.15395],"stabilizedTipPosition":[59.1396,275.569,73.8439],"timeVisible":6.13719,"tipPosition":[33.8501,271.749,41.0391],"tipVelocity":[-38.4403,-15.9876,-102.792],"tool":false,"touchDistance":0.333333,"touchZone":"none","type":2,"width":18.9921},{"bases":[[[0.993795,-0.0194906,0.109508],[0.012489,0.997855,0.0642624],[-0.110526,-0.062496,0.991906]],[[0.996108,-0.0180232,0.0862737],[0.0881325,0.194758,-0.976884],[0.000804142,0.980686,0.195588]],[[0.996108,-0.0180232,0.0862737],[0.0265509,-0.872032,-0.488729],[0.0840418,0.489118,-0.86816]],[[0.996108,-0.0180232,0.0862737],[-0.0200163,-0.999551,0.0222919],[0.0858332,-0.023932,-0.996022]]],"btipPosition":[45.7711,279.317,53.6035],"carpPosition":[42.8164,332.307,81.8083],"dipPosition":[47.3744,278.87,34.9987],"direction":[-0.0840418,-0.489118,0.86816],"extended":false,"handId":544,"id":5443,"length":64.4113,"mcpPosition":[49.7379,336.221,19.6919],"pipPosition":[49.7019,292.416,10.9554],"stabilizedTipPosition":[70.3493,282.425,78.0546],"timeVisible":6.13719,"tipPosition":[46.1239,279.319,49.2158],"tipVelocity":[-38.7856,-14.8179,-103.46],"tool":false,"touchDistance":0.333333,"touchZone":"none","type":3,"width":18.0722},{"bases":[[[0.958507,-0.191198,0.211441],[0.157094,0.973208,0.167891],[-0.237877,-0.127709,0.962863]],[[0.968714,-0.184923,0.165517],[0.211123,0.263458,-0.941285],[0.130458,0.946781,0.294257]],[[0.968714,-0.184923,0.165517],[-0.0620919,-0.826308,-0.559785],[0.240285,0.531995,-0.811939]],[[0.968714,-0.184923,0.165517],[-0.176964,-0.982279,-0.0617379],[0.174001,0.0305159,-0.984273]]],"btipPosition":[57.5213,290.138,49.3181],"carpPosition":[56.0401,327.132,82.6994],"dipPosition":[60.5197,290.664,32.3569],"direction":[-0.240285,-0.531995,0.811939],"extended":false,"handId":544,"id":5444,"length":50.4973,"mcpPosition":[69.8298,334.535,26.8825],"pipPosition":[65.2181,301.066,16.4806],"stabilizedTipPosition":[83.7961,292.527,73.5526],"timeVisible":6.13719,"tipPosition":[58.2419,290.354,45.2878],"tipVelocity":[-39.9771,-12.8308,-101.401],"tool":false,"touchDistance":0.333333,"touchZone":"none","type":4,"width":16.0532}],"r":[[0.851758,0.489205,-0.187581],[-0.509351,0.857045,-0.0776885],[0.12276,0.161716,0.979172]],"s":1.1328,"t":[13.5416,43.9679,-182.52],"timestamp":522455819168},false],[4,{"currentFrameRate":110.605,"devices":[],"gestures":[],"hands":[{"armBasis":[[0.961815,0.21434,-0.170206],[-0.202453,0.975633,0.0845741],[0.184186,-0.046886,0.981773]],"armWidth":63.703,"confidence":0.782466,"direction":[-0.038632,0.180856,-0.982751],"elbow":[91.1289,307.917,355.544],"grabStrength":0,"id":544,"palmNormal":[0.199569,-0.962274,-0.184933],"palmPosition":[32.7267,324.631,36.6911],"palmVelocity":[-36.469,-17.2349,-94.9815],"palmWidth":90.9658,"pinchStrength":0.443005,"r":[[0.851584,0.489467,-0.187689],[-0.509637,0.856871,-0.0777264],[0.122781,0.161844,0.979148]],"s":1.13212,"sphereCenter":[45.1739,288.022,10.1184],"sphereRadius":48.8862,"stabilizedPalmPosition":[56.2363,323.837,62.0246],"t":[13.2687,43.7991,-183.328],"timeVisible":6.14615,"type":"right","wrist":[41.412,320.573,90.5359]}],"id":4180047,"interactionBox":{"center":[0,200,0],"size":[235.247,235.247,147.751]},"pointables":[{"bases":[[[0.207958,0.977771,-0.0267925],[-0.862165,0.19617,0.467108],[0.46198,-0.0740393,0.883794]],[[0.0689203,0.958836,-0.27547],[-0.932635,0.159957,0.323429],[0.354178,0.234622,0.905268]],[[0.0689203,0.958836,-0.27547],[-0.997605,0.0678813,-0.0133162],[0.00593118,0.275728,0.961217]],[[0.0689203,0.958836,-0.27547],[-0.760957,-0.128036,-0.636044],[-0.645132,0.253457,0.720808]]],"btipPosition":[13.0107,276.733,-2.87429],"carpPosition":[15.7935,303.771,91.9321],"dipPosition":[-2.08372,282.664,13.9907],"direction":[-0.00593118,-0.275728,-0.961217],"extended":false,"handId":544,"id":5440,"length":52.1025,"mcpPosition":[15.7935,303.771,91.9321],"pipPosition":[-1.88155,292.062,46.7553],"stabilizedTipPosition":[35.3955,278.803,29.8828],"timeVisible":6.14615,"tipPosition":[9.7028,278.553,1.4169],"tipVelocity":[-24.3141,-26.8913,-86.382],"tool":false,"touchDistance":-0.321922,"touchZone":"touching","type":0,"width":20.2446},{"bases":[[[0.958736,0.230751,-0.166072],[-0.227397,0.973013,0.0392019],[0.170636,0.000179922,0.985334]],[[0.97242,0.229034,-0.0440819],[-0.227894,0.973242,0.029411],[0.0496384,-0.0185539,0.998595]],[[0.97242,0.229034,-0.0440819],[-0.233229,0.956505,-0.175221],[0.00203304,0.180669,0.983542]],[[0.97242,0.229034,-0.0440819],[-0.230424,0.914102,-0.33365],[-0.036122,0.334606,0.941666]]],"btipPosition":[5.25945,316.858,-70.1875],"carpPosition":[19.3739,326.155,85.0253],"dipPosition":[4.64245,322.573,-54.1028],"direction":[-0.00203304,-0.180669,-0.983542],"extended":true,"handId":544,"id":5441,"length":58.7918,"mcpPosition":[6.8236,326.142,12.554],"pipPosition":[4.69158,326.939,-30.3366],"stabilizedTipPosition":[28.9234,316.466,-45.5511],"timeVisible":6.14615,"tipPosition":[5.54059,318.657,-66.5227],"tipVelocity":[-42.6088,-51.8214,-91.8525],"tool":false,"touchDistance":-0.249418,"touchZone":"touching","type":1,"width":19.3376},{"bases":[[[0.997599,0.0593751,-0.035656],[-0.0582358,0.997784,0.0321844],[0.0374879,-0.0300307,0.998846]],[[0.995931,0.0602885,-0.0669891],[-0.0789763,0.225746,-0.97098],[-0.0434164,0.972319,0.229588]],[[0.995931,0.0602885,-0.0669891],[0.0166951,-0.853856,-0.520242],[-0.0885636,0.517006,-0.851388]],[[0.995931,0.0602885,-0.0669891],[0.0609525,-0.998109,0.00791167],[-0.0663855,-0.0119626,-0.997722]]],"btipPosition":[33.8038,271.389,44.7054],"carpPosition":[30.5615,330.621,82.4894],"dipPosition":[32.5566,271.164,25.9612],"direction":[0.0885636,-0.517006,0.851388],"extended":false,"handId":544,"id":5442,"length":66.9886,"mcpPosition":[27.9467,332.716,12.8205],"pipPosition":[30.0388,285.862,1.75722],"stabilizedTipPosition":[59.1302,275.567,73.8316],"timeVisible":6.14615,"tipPosition":[33.5781,271.61,40.675],"tipVelocity":[-36.2428,-15.6578,-85.3866],"tool":false,"touchDistance":0.333333,"touchZone":"none","type":2,"width":18.9921},{"bases":[[[0.993775,-0.0210785,0.109397],[0.0144116,0.99801,0.0613793],[-0.110473,-0.0594206,0.992101]],[[0.996091,-0.01968,0.0861137],[0.0882876,0.190267,-0.977754],[0.00285766,0.981535,0.191261]],[[0.996091,-0.01968,0.0861137],[0.0246255,-0.874352,-0.484667],[0.0848319,0.484893,-0.870449]],[[0.996091,-0.01968,0.0861137],[-0.0220416,-0.999404,0.0265599],[0.0855397,-0.0283542,-0.995931]]],"btipPosition":[45.5138,279.248,53.3013],"carpPosition":[42.6705,332.27,81.2634],"dipPosition":[47.1116,278.719,34.6983],"direction":[-0.0848319,-0.484893,0.870449],"extended":false,"handId":544,"id":5443,"length":64.4113,"mcpPosition":[49.5887,335.991,19.1347],"pipPosition":[49.461,292.148,10.5916],"stabilizedTipPosition":[70.3381,282.424,78.0413],"timeVisible":6.14615,"tipPosition":[45.8684,279.208,48.8844],"tipVelocity":[-36.0697,-13.4407,-84.3706],"tool":false,"touchDistance":0.333333,"touchZone":"none","type":3,"width":18.0722},{"bases":[[[0.958176,-0.192423,0.211831],[0.158987,0.973386,0.165054],[-0.237954,-0.124473,0.963268]],[[0.968416,-0.18628,0.165742],[0.211346,0.260545,-0.942045],[0.132301,0.94732,0.291685]],[[0.968416,-0.18628,0.165742],[-0.0636928,-0.827482,-0.557869],[0.241068,0.529692,-0.813211]],[[0.968416,-0.18628,0.165742],[-0.178721,-0.982097,-0.0595402],[0.173866,0.0280381,-0.98437]]],"btipPosition":[57.2919,289.959,48.8799],"carpPosition":[55.8845,327.071,82.1672],"dipPosition":[60.288,290.442,31.917],"direction":[-0.241068,-0.529692,0.813211],"extended":false,"handId":544,"id":5444,"length":50.4973,"mcpPosition":[69.6786,334.287,26.3268],"pipPosition":[65.0018,300.799,16.0158],"stabilizedTipPosition":[83.7814,292.526,73.5363],"timeVisible":6.14615,"tipPosition":[58.0104,290.169,44.8566],"tipVelocity":[-36.0589,-15.0982,-87.0538],"tool":false,"touchDistance":0.333333,"touchZone":"none","type":4,"width":16.0532}],"r":[[0.851584,0.489467,-0.187689],[-0.509637,0.856871,-0.0777264],[0.122781,0.161844,0.979148]],"s":1.13212,"t":[13.2687,43.7991,-183.328],"timestamp":522455828128},false],[5,{"currentFrameRate":110.574,"devices":[],"gestures":[],"hands":[{"armBasis":[[0.962269,0.210557,-0.172347],[-0.198617,0.97647,0.0840149],[0.185981,-0.046614,0.981447]],"armWidth":63.703,"confidence":0.773249,"direction":[-0.0380654,0.181972,-0.982567],"elbow":[91.4112,307.904,354.864],"grabStrength":0,"id":544,"palmNormal":[0.195742,-0.962872,-0.185908],"palmPosition":[32.5323,324.632,36.1041],"palmVelocity":[-32.2838,-12.4475,-86.5378],"palmWidth":90.9658,"pinchStrength":0.449762,"r":[[0.851825,0.489041,-0.187706],[-0.509192,0.85715,-0.0775728],[0.122956,0.161657,0.979157]],"s":1.13123,"sphereCenter":[44.6647,287.999,9.53225],"sphereRadius":48.8043,"stabilizedPalmPosition":[56.1613,323.839,61.9425],"t":[13.035,43.7149,-184.026],"timeVisible":6.15525,"type":"right","wrist":[41.2095,320.486,89.9436]}],"id":4180048,"interactionBox":{"center":[0,200,0],"size":[235.247,235.247,147.751]},"pointables":[{"bases":[[[0.211811,0.976968,-0.0258649],[-0.861314,0.199111,0.467433],[0.461817,-0.0767295,0.88365]],[[0.0720306,0.958572,-0.275594],[-0.932767,0.16259,0.321729],[0.353209,0.233891,0.905836]],[[0.0720306,0.958572,-0.275594],[-0.997397,0.0701438,-0.0167102],[0.0033133,0.27608,0.961129]],[[0.0720306,0.958572,-0.275594],[-0.754701,-0.128272,-0.643407],[-0.652102,0.254336,0.714196]]],"btipPosition":[13.043,276.75,-3.34979],"carpPosition":[15.5251,303.784,91.3271],"dipPosition":[-2.21444,282.701,13.3605],"direction":[-0.0033133,-0.27608,-0.961129],"extended":false,"handId":544,"id":5440,"length":52.1025,"mcpPosition":[15.5251,303.784,91.3271],"pipPosition":[-2.1015,292.112,46.122],"stabilizedTipPosition":[35.3061,278.801,29.7811],"timeVisible":6.15525,"tipPosition":[9.54549,278.574,0.829121],"tipVelocity":[-17.7321,-18.7771,-78.0089],"tool":false,"touchDistance":-0.325729,"touchZone":"touching","type":0,"width":20.2446},{"bases":[[[0.959614,0.227129,-0.165993],[-0.22355,0.973864,0.0401918],[0.170783,-0.00146103,0.985308]],[[0.973255,0.225269,-0.0450455],[-0.224174,0.974144,0.0281075],[0.0502126,-0.0172578,0.998589]],[[0.973255,0.225269,-0.0450455],[-0.229705,0.95707,-0.176783],[0.003288,0.182402,0.983219]],[[0.973255,0.225269,-0.0450455],[-0.227148,0.91434,-0.33524],[-0.0343322,0.336506,0.941055]]],"btipPosition":[4.98202,316.854,-70.7505],"carpPosition":[19.1928,326.161,84.4419],"dipPosition":[4.39559,322.602,-54.6763],"direction":[-0.003288,-0.182402,-0.983218],"extended":true,"handId":544,"id":5441,"length":58.7918,"mcpPosition":[6.63172,326.268,11.9725],"pipPosition":[4.47504,327.01,-30.9179],"stabilizedTipPosition":[28.5705,316.491,-45.8662],"timeVisible":6.15525,"tipPosition":[5.25703,318.704,-67.0928],"tipVelocity":[-39.0362,-37.3463,-83.6194],"tool":false,"touchDistance":-0.258843,"touchZone":"touching","type":1,"width":19.3376},{"bases":[[[0.99782,0.0554733,-0.0357512],[-0.0542933,0.997974,0.0331726],[0.0375189,-0.0311592,0.99881]],[[0.996166,0.0564176,-0.0668679],[-0.0779925,0.22635,-0.970918],[-0.0396413,0.972411,0.229883]],[[0.996166,0.0564176,-0.0668679],[0.0134106,-0.853739,-0.520529],[-0.0864547,0.517637,-0.851221]],[[0.996166,0.0564176,-0.0668679],[0.0570339,-0.998345,0.00734262],[-0.066343,-0.0111282,-0.997735]]],"btipPosition":[33.395,271.393,44.1084],"carpPosition":[30.3976,330.585,81.9086],"dipPosition":[32.1487,271.184,25.3639],"direction":[0.0864547,-0.517637,0.851221],"extended":false,"handId":544,"id":5442,"length":66.9886,"mcpPosition":[27.7806,332.758,12.2422],"pipPosition":[29.6909,285.9,1.16471],"stabilizedTipPosition":[59.1205,275.565,73.819],"timeVisible":6.15525,"tipPosition":[33.1704,271.604,40.0533],"tipVelocity":[-38.642,-11.0689,-79.908],"tool":false,"touchDistance":0.333333,"touchZone":"none","type":2,"width":18.9921},{"bases":[[[0.9937,-0.0251071,0.109223],[0.0183589,0.997885,0.0623566],[-0.110558,-0.0599585,0.992059]],[[0.996015,-0.0236971,0.0859773],[0.0889006,0.18713,-0.978304],[0.00709398,0.982049,0.188491]],[[0.996015,-0.0236971,0.0859773],[0.0207139,-0.87622,-0.481467],[0.0867443,0.481329,-0.872237]],[[0.996015,-0.0236971,0.0859773],[-0.0263058,-0.999223,0.0293368],[0.0852153,-0.0314816,-0.995865]]],"btipPosition":[45.1254,279.334,52.8949],"carpPosition":[42.5128,332.187,80.6823],"dipPosition":[46.7171,278.745,34.2931],"direction":[-0.0867443,-0.481329,0.872237],"extended":false,"handId":544,"id":5443,"length":64.4113,"mcpPosition":[49.4363,335.942,18.5563],"pipPosition":[49.1194,292.076,10.1368],"stabilizedTipPosition":[70.3268,282.422,78.0279],"timeVisible":6.15525,"tipPosition":[45.4864,279.226,48.403],"tipVelocity":[-37.9486,-7.53197,-73.3603],"tool":false,"touchDistance":0.333333,"touchZone":"none","type":3,"width":18.0722},{"bases":[[[0.957441,-0.19641,0.211495],[0.162852,0.972588,0.165985],[-0.238298,-0.124479,0.963182]],[[0.967711,-0.190253,0.165344],[0.212163,0.260626,-0.941839],[0.136095,0.946508,0.292576]],[[0.967711,-0.190253,0.165344],[-0.0670382,-0.826603,-0.558778],[0.242983,0.529652,-0.812667]],[[0.967711,-0.190253,0.165344],[-0.182563,-0.981321,-0.0606689],[0.173798,0.0285244,-0.984368]]],"btipPosition":[56.9634,289.844,48.2545],"carpPosition":[55.7063,326.935,81.579],"dipPosition":[59.9583,290.336,31.2917],"direction":[-0.242983,-0.529652,0.812667],"extended":false,"handId":544,"id":5444,"length":50.4973,"mcpPosition":[69.5204,334.151,25.7436],"pipPosition":[64.7095,300.693,15.4011],"stabilizedTipPosition":[83.7675,292.524,73.5207],"timeVisible":6.15525,"tipPosition":[57.6812,290.058,44.2328],"tipVelocity":[-36.0811,-14.334,-81.9747],"tool":false,"touchDistance":0.333333,"touchZone":"none","type":4,"width":16.0532}],"r":[[0.851825,0.489041,-0.187706],[-0.509192,0.85715,-0.0775728],[0.122956,0.161657,0.979157]],"s":1.13123,"t":[13.035,43.7149,-184.026],"timestamp":522455837227},false],[6,{"currentFrameRate":110.538,"devices":[],"gestures":[],"hands":[{"armBasis":[[0.963682,0.203631,-0.172778],[-0.191644,0.977897,0.0836082],[0.185984,-0.0474598,0.981406]],"armWidth":63.703,"confidence":0.7489,"direction":[-0.0382955,0.179943,-0.982931],"elbow":[91.3708,307.607,354.108],"grabStrength":0,"id":544,"palmNormal":[0.188739,-0.964645,-0.183949],"palmPosition":[32.4381,324.499,35.3636],"palmVelocity":[-26.1954,-13.0491,-85.0787],"palmWidth":90.9658,"pinchStrength":0.453702,"r":[[0.852641,0.487423,-0.188205],[-0.507663,0.858045,-0.0776974],[0.123617,0.161793,0.979052]],"s":1.1299,"sphereCenter":[44.2197,287.693,8.89648],"sphereRadius":48.7284,"stabilizedPalmPosition":[56.1023,323.841,61.8764],"t":[12.8711,43.6062,-184.745],"timeVisible":6.16436,"type":"right","wrist":[41.1684,320.418,89.1995]}],"id":4180049,"interactionBox":{"center":[0,200,0],"size":[235.247,235.247,147.751]},"pointables":[{"bases":[[[0.218578,0.975404,-0.0284717],[-0.85919,0.206204,0.468265],[0.462619,-0.0778901,0.883129]],[[0.0779618,0.957269,-0.278494],[-0.932178,0.169045,0.320105],[0.353505,0.23465,0.905524]],[[0.0779618,0.957269,-0.278494],[-0.996955,0.0753875,-0.0199584],[0.00188937,0.279202,0.960231]],[[0.0779618,0.957269,-0.278494],[-0.75206,-0.12691,-0.646761],[-0.654468,0.259867,0.710029]]],"btipPosition":[12.9774,276.591,-3.87229],"carpPosition":[15.3703,303.899,90.661],"dipPosition":[-2.33547,282.672,12.7405],"direction":[-0.00188937,-0.279202,-0.960231],"extended":false,"handId":544,"id":5440,"length":52.1025,"mcpPosition":[15.3703,303.899,90.661],"pipPosition":[-2.27107,292.189,45.4714],"stabilizedTipPosition":[35.237,278.798,29.7014],"timeVisible":6.16436,"tipPosition":[9.3267,278.433,0.235608],"tipVelocity":[-15.2007,-17.5013,-72.9619],"tool":false,"touchDistance":-0.329664,"touchZone":"touching","type":0,"width":20.2446},{"bases":[[[0.96092,0.220041,-0.167973],[-0.216692,0.975491,0.0382495],[0.172273,-0.000356325,0.985049]],[[0.97467,0.218398,-0.0481789],[-0.217487,0.975781,0.0234673],[0.0521373,-0.0123945,0.998563]],[[0.97467,0.218398,-0.0481789],[-0.223561,0.95747,-0.182407],[0.00629257,0.188557,0.982042]],[[0.97467,0.218398,-0.0481789],[-0.221556,0.913476,-0.341284],[-0.0305256,0.343313,0.938725]]],"btipPosition":[4.64278,316.372,-71.3862],"carpPosition":[19.1834,326.233,83.7178],"dipPosition":[4.12137,322.236,-55.3518],"direction":[-0.00629257,-0.188557,-0.982042],"extended":true,"handId":544,"id":5441,"length":58.7918,"mcpPosition":[6.51277,326.26,11.2674],"pipPosition":[4.27343,326.792,-31.6218],"stabilizedTipPosition":[28.2392,316.508,-46.167],"timeVisible":6.16436,"tipPosition":[4.91564,318.307,-67.7481],"tipVelocity":[-38.0819,-40.8681,-80.0588],"tool":false,"touchDistance":-0.26959,"touchZone":"touching","type":1,"width":19.3376},{"bases":[[[0.998127,0.048427,-0.0373879],[-0.0472823,0.998403,0.0309182],[0.0388254,-0.0290925,0.998822]],[[0.996449,0.0493034,-0.0682524],[-0.0775861,0.222799,-0.971772],[-0.0327051,0.973617,0.225834]],[[0.996449,0.0493034,-0.0682524],[0.00695663,-0.856061,-0.516828],[-0.0839096,0.514518,-0.853364]],[[0.996449,0.0493034,-0.0682524],[0.0501716,-0.998679,0.0110644],[-0.0676168,-0.0144495,-0.997607]]],"btipPosition":[32.9386,271.331,43.6098],"carpPosition":[30.4149,330.573,81.1573],"dipPosition":[31.6683,271.059,24.8678],"direction":[0.0839096,-0.514518,0.853364],"extended":false,"handId":544,"id":5442,"length":66.9886,"mcpPosition":[27.7068,332.602,11.49],"pipPosition":[29.2828,285.686,0.607624],"stabilizedTipPosition":[59.1098,275.564,73.805],"timeVisible":6.16436,"tipPosition":[32.7078,271.495,39.4963],"tipVelocity":[-41.9904,-10.3506,-72.9058],"tool":false,"touchDistance":0.333333,"touchZone":"none","type":2,"width":18.9921},{"bases":[[[0.993666,-0.0317846,0.107781],[0.0254119,0.997875,0.0599926],[-0.109459,-0.0568737,0.992363]],[[0.995956,-0.0304448,0.0845271],[0.088746,0.18682,-0.978378],[0.0139952,0.981922,0.188766]],[[0.995956,-0.0304448,0.0845271],[0.0141162,-0.87612,-0.481886],[0.0887268,0.481131,-0.872147]],[[0.995956,-0.0304448,0.0845271],[-0.0330612,-0.999011,0.0297271],[0.0835384,-0.0324015,-0.995978]]],"btipPosition":[44.751,279.07,52.0898],"carpPosition":[42.5391,332.088,79.909],"dipPosition":[46.3114,278.464,33.4859],"direction":[-0.0887268,-0.481131,0.872147],"extended":false,"handId":544,"id":5443,"length":64.4113,"mcpPosition":[49.3938,335.649,17.7639],"pipPosition":[48.7687,291.789,9.33216],"stabilizedTipPosition":[70.3153,282.421,78.0141],"timeVisible":6.16436,"tipPosition":[45.101,278.986,47.6656],"tipVelocity":[-39.0409,-13.6005,-77.5384],"tool":false,"touchDistance":0.333333,"touchZone":"none","type":3,"width":18.0722},{"bases":[[[0.95637,-0.202592,0.210508],[0.169883,0.971813,0.163462],[-0.23769,-0.120568,0.963829]],[[0.966634,-0.1966,0.164218],[0.212403,0.25679,-0.942838],[0.143192,0.94626,0.28998]],[[0.966634,-0.1966,0.164218],[-0.0737196,-0.82745,-0.556679],[0.245325,0.525999,-0.814335]],[[0.966634,-0.1966,0.164218],[-0.189479,-0.980164,-0.0581136],[0.172386,0.0250588,-0.984711]]],"btipPosition":[56.6465,289.569,47.5662],"carpPosition":[55.697,326.746,80.798],"dipPosition":[59.6171,290.001,30.5975],"direction":[-0.245325,-0.525999,0.814335],"extended":false,"handId":544,"id":5444,"length":50.4973,"mcpPosition":[69.4759,333.736,24.925],"pipPosition":[64.414,300.286,14.6743],"stabilizedTipPosition":[83.754,292.523,73.5056],"timeVisible":6.16436,"tipPosition":[57.3583,289.767,43.5414],"tipVelocity":[-35.8921,-19.1708,-80.2345],"tool":false,"touchDis