{"sensorType":"Leap","data":[[0,{"currentFrameRate":100.106,"devices":[],"gestures":[],"hands":[{"armBasis":[[0.916217,0.276426,-0.29006],[-0.280411,0.959453,0.0286157],[0.28621,0.0551178,0.95658]],"armWidth":63.703,"confidence":0.600865,"direction":[-0.198988,0.345479,-0.917087],"elbow":[135.1,318.67,341.175],"grabStrength":0,"id":540,"palmNormal":[0.223655,-0.895095,-0.385723],"palmPosition":[40.7958,316.429,32.5598],"palmVelocity":[48.916,-67.7569,-307.584],"palmWidth":90.9658,"pinchStrength":0.643409,"r":[[0.995527,0.0804866,-0.0494701],[-0.08482,0.992061,-0.0928434],[0.0416047,0.0966242,0.994451]],"s":0.957768,"sphereCenter":[46.0143,282.229,-0.211368],"sphereRadius":44.9008,"stabilizedPalmPosition":[5.60079,336.206,154.321],"t":[38.8042,-20.1419,-130.778],"timeVisible":0.243602,"type":"right","wrist":[57.8436,303.792,82.9667]}],"id":4177932,"interactionBox":{"center":[0,200,0],"size":[235.247,235.247,147.751]},"pointables":[{"bases":[[[0.145071,0.981434,0.125468],[-0.79025,0.0386271,0.611567],[0.595365,-0.187872,0.781181]],[[-0.0425947,0.992135,-0.117704],[-0.934152,0.00223244,0.356869],[0.354325,0.125154,0.92671]],[[-0.0425947,0.992135,-0.117704],[-0.997834,-0.0363348,0.054828],[0.05012,0.119784,0.991534]],[[-0.0425947,0.992135,-0.117704],[-0.918815,-0.0851686,-0.385391],[-0.392384,0.0917325,0.915216]]],"btipPosition":[23.5357,272.437,-16.6449],"carpPosition":[33.7457,284.912,84.8135],"dipPosition":[14.355,274.584,4.76878],"direction":[-0.05012,-0.119784,-0.991534],"extended":false,"handId":540,"id":5400,"length":52.1025,"mcpPosition":[33.7457,284.912,84.8135],"pipPosition":[16.0634,278.667,38.5667],"stabilizedTipPosition":[-13.1042,287.607,113.434],"timeVisible":0.243602,"tipPosition":[21.4287,271.243,-11.3835],"tipVelocity":[69.8792,24.7324,-333.527],"tool":false,"touchDistance":-0.429016,"touchZone":"hovering","type":0,"width":20.2446},{"bases":[[[0.907184,0.335871,-0.253394],[-0.274044,0.928693,0.249858],[0.319245,-0.157226,0.934539]],[[0.905368,0.336753,-0.258663],[-0.346349,0.938063,0.0089764],[0.245665,0.0814609,0.965926]],[[0.905368,0.336753,-0.258663],[-0.398374,0.884482,-0.242878],[0.146993,0.322938,0.934935]],[[0.905368,0.336753,-0.258663],[-0.41923,0.805702,-0.418439],[0.0674952,0.487281,0.870633]]],"btipPosition":[-3.79846,300.317,-65.9559],"carpPosition":[34.9384,308.378,81.7299],"dipPosition":[-2.64557,308.64,-51.0846],"direction":[-0.146993,-0.322938,-0.934935],"extended":true,"handId":540,"id":5401,"length":58.7918,"mcpPosition":[11.4579,319.942,12.9946],"pipPosition":[0.906372,316.444,-28.4928],"stabilizedTipPosition":[-31.8345,331.11,58.1936],"timeVisible":0.243602,"tipPosition":[-2.78952,301.736,-62.1342],"tipVelocity":[12.6753,-23.0432,-315.456],"tool":false,"touchDistance":-0.536309,"touchZone":"hovering","type":1,"width":19.3376},{"bases":[[[0.975311,0.148267,-0.163662],[-0.109653,0.968429,0.223879],[0.191688,-0.200405,0.960777]],[[0.976786,0.14669,-0.156115],[-0.21093,0.531406,-0.820436],[-0.0373891,0.83432,0.550011]],[[0.976786,0.14669,-0.156115],[0.0109809,-0.762092,-0.647376],[-0.213937,0.630633,-0.746011]],[[0.976786,0.14669,-0.156115],[0.146615,-0.98912,-0.0120561],[-0.156185,-0.0111125,-0.987665]]],"btipPosition":[42.7791,270.197,24.7651],"carpPosition":[45.3313,314.142,78.519],"dipPosition":[39.8448,269.988,6.20988],"direction":[0.213937,-0.630633,0.746011],"extended":false,"handId":540,"id":5402,"length":66.9886,"mcpPosition":[31.9612,328.12,11.5054],"pipPosition":[33.7629,287.916,-14.9983],"stabilizedTipPosition":[4.50495,293.886,147.099],"timeVisible":0.243602,"tipPosition":[42.2294,270.689,21.8998],"tipVelocity":[55.1733,-76.7917,-380.297],"tool":false,"touchDistance":0.333333,"touchZone":"none","type":2,"width":18.9921},{"bases":[[[0.998362,0.0437309,-0.0368995],[-0.0335249,0.969665,0.242127],[0.0463686,-0.240493,0.969543]],[[0.995483,0.053929,-0.0781391],[-0.0948398,0.526594,-0.84481],[-0.00441214,0.848404,0.52933]],[[0.995483,0.053929,-0.0781391],[-0.00687921,-0.779882,-0.625889],[-0.0946928,0.623599,-0.775988]],[[0.995483,0.053929,-0.0781391],[0.054735,-0.998467,0.00820933],[-0.0775766,-0.0124492,-0.996909]]],"btipPosition":[58.3601,277.116,31.6844],"carpPosition":[56.9952,316.99,75.9324],"dipPosition":[56.911,276.884,13.0631],"direction":[0.0946928,-0.623599,0.775988],"extended":false,"handId":540,"id":5403,"length":64.4113,"mcpPosition":[54.0914,332.05,15.2164],"pipPosition":[54.2885,294.154,-8.42758],"stabilizedTipPosition":[20.0806,298.904,155.178],"timeVisible":0.243602,"tipPosition":[58.0891,277.675,28.7736],"tipVelocity":[57.828,-76.8708,-373.926],"tool":false,"touchDistance":0.333333,"touchZone":"none","type":3,"width":18.0722},{"bases":[[[0.988742,-0.145219,0.0360668],[0.126394,0.939581,0.318139],[-0.0800877,-0.309999,0.947358]],[[0.990258,-0.138398,0.0153189],[0.088187,0.538214,-0.838182],[0.107758,0.831367,0.545176]],[[0.990258,-0.138398,0.0153189],[-0.0982892,-0.772688,-0.62713],[0.0986304,0.619515,-0.778764]],[[0.990258,-0.138398,0.0153189],[-0.138277,-0.990355,-0.0086961],[0.0163747,0.00649313,-0.999845]]],"btipPosition":[69.0901,289.198,32.2642],"carpPosition":[70.4674,312.842,73.997],"dipPosition":[69.3723,289.31,15.0347],"direction":[-0.0986304,-0.619515,0.778764],"extended":false,"handId":540,"id":5404,"length":50.4973,"mcpPosition":[75.1101,330.813,19.0789],"pipPosition":[71.3009,301.424,-0.192938],"stabilizedTipPosition":[32.1103,309.486,154.498],"timeVisible":0.243602,"tipPosition":[69.2636,289.727,29.25],"tipVelocity":[53.8477,-65.569,-350.319],"tool":false,"touchDistance":0.333333,"touchZone":"none","type":4,"width":16.0532}],"r":[[0.995527,0.0804866,-0.0494701],[-0.08482,0.992061,-0.0928434],[0.0416047,0.0966242,0.994451]],"s":0.957768,"t":[38.8042,-20.1419,-130.778],"timestamp":522433735817},false],[1,{"currentFrameRate":100.464,"devices":[],"gestures":[],"hands":[{"armBasis":[[0.916197,0.274193,-0.292234],[-0.278677,0.960004,0.0270443],[0.287961,0.0566609,0.955964]],"armWidth":63.703,"confidence":0.609338,"direction":[-0.2006,0.343583,-0.917448],"elbow":[135.856,318.544,339.009],"grabStrength":0,"id":540,"palmNormal":[0.221183,-0.89642,-0.38407],"palmPosition":[40.9797,315.793,30.5713],"palmVelocity":[40.7442,-68.0135,-281.48],"palmWidth":90.9658,"pinchStrength":0.658292,"r":[[0.995301,0.0822221,-0.0511392],[-0.0866614,0.992009,-0.0916927],[0.0431914,0.0956936,0.994473]],"s":0.953958,"sphereCenter":[45.605,281.375,-2.0674],"sphereRadius":44.7916,"stabilizedPalmPosition":[5.63466,336.186,154.203],"t":[39.0477,-20.6885,-132.979],"timeVisible":0.252861,"type":"right","wrist":[58.127,303.25,80.9678]}],"id":4177933,"interactionBox":{"center":[0,200,0],"size":[235.247,235.247,147.751]},"pointables":[{"bases":[[[0.147063,0.981485,0.122719],[-0.788707,0.041486,0.613368],[0.59692,-0.186993,0.780205]],[[-0.0374601,0.992623,-0.115306],[-0.935245,0.00582163,0.353954],[0.352014,0.121099,0.928128]],[[-0.0374601,0.992623,-0.115306],[-0.998207,-0.0317797,0.0507144],[0.0466759,0.116999,0.992035]],[[-0.0374601,0.992623,-0.115306],[-0.917965,-0.0797784,-0.388556],[-0.394889,0.0912916,0.914182]]],"btipPosition":[24.0825,272.249,-18.6033],"carpPosition":[34.0012,284.417,82.9187],"dipPosition":[14.8431,274.385,2.78611],"direction":[-0.0466759,-0.116999,-0.992035],"extended":false,"handId":540,"id":5400,"length":52.1025,"mcpPosition":[34.0012,284.417,82.9187],"pipPosition":[16.4341,278.373,36.6011],"stabilizedTipPosition":[-13.0917,287.601,113.388],"timeVisible":0.252861,"tipPosition":[21.7789,271.092,-13.3358],"tipVelocity":[66.4235,11.9854,-299.382],"tool":false,"touchDistance":-0.443909,"touchZone":"hovering","type":0,"width":20.2446},{"bases":[[[0.907148,0.333682,-0.256394],[-0.271841,0.929773,0.248244],[0.321223,-0.155496,0.93415]],[[0.904897,0.334753,-0.26287],[-0.345218,0.938498,0.00676716],[0.248969,0.0846239,0.964807]],[[0.904897,0.334753,-0.26287],[-0.397576,0.885294,-0.241223],[0.151967,0.322793,0.93419]],[[0.904897,0.334753,-0.26287],[-0.419199,0.807892,-0.414225],[0.0737075,0.485026,0.871388]]],"btipPosition":[-4.02368,299.59,-67.8293],"carpPosition":[35.2268,307.873,79.7748],"dipPosition":[-2.76467,307.875,-52.945],"direction":[-0.151967,-0.322793,-0.93419],"extended":true,"handId":540,"id":5401,"length":58.7918,"mcpPosition":[11.6009,319.31,11.0681],"pipPosition":[0.907458,315.675,-30.3713],"stabilizedTipPosition":[-31.8146,331.089,58.1069],"timeVisible":0.252861,"tipPosition":[-2.98339,301.008,-64.017],"tipVelocity":[3.01053,-38.9055,-283.548],"tool":false,"touchDistance":-0.539068,"touchZone":"hovering","type":1,"width":19.3376},{"bases":[[[0.975168,0.146181,-0.166367],[-0.107445,0.969161,0.221773],[0.193656,-0.19839,0.960801]],[[0.976535,0.144751,-0.159458],[-0.212893,0.537101,-0.81621],[-0.0325028,0.831005,0.555314]],[[0.976535,0.144751,-0.159458],[0.0057248,-0.757612,-0.65268],[-0.215283,0.636452,-0.740663]],[[0.976535,0.144751,-0.159458],[0.143953,-0.989445,-0.0166111],[-0.160179,-0.00673304,-0.987065]]],"btipPosition":[42.8103,269.437,22.3505],"carpPosition":[45.6219,313.61,76.5249],"dipPosition":[39.801,269.31,3.80655],"direction":[0.215283,-0.636452,0.740663],"extended":false,"handId":540,"id":5402,"length":66.9886,"mcpPosition":[32.1145,327.448,9.5096],"pipPosition":[33.6808,287.404,-17.2496],"stabilizedTipPosition":[4.5515,293.856,146.94],"timeVisible":0.252861,"tipPosition":[42.2527,269.925,19.52],"tipVelocity":[40.0801,-77.7041,-346.605],"tool":false,"touchDistance":0.333333,"touchZone":"none","type":2,"width":18.9921},{"bases":[[[0.998344,0.0419148,-0.0394059],[-0.0312712,0.97031,0.239835],[0.0482886,-0.238205,0.970014]],[[0.995371,0.0520494,-0.0807955],[-0.0960993,0.526719,-0.84459],[-0.00140384,0.848445,0.529282]],[[0.995371,0.0520494,-0.0807955],[-0.0100112,-0.779937,-0.625778],[-0.0955867,0.62369,-0.775805]],[[0.995371,0.0520494,-0.0807955],[0.0529554,-0.998555,0.00911013],[-0.0802046,-0.0133465,-0.996689]]],"btipPosition":[58.4685,276.427,29.6188],"carpPosition":[57.2844,316.432,73.9032],"dipPosition":[56.9704,276.178,11.0016],"direction":[0.0955867,-0.62369,0.775805],"extended":false,"handId":540,"id":5403,"length":64.4113,"mcpPosition":[54.2604,331.349,13.1578],"pipPosition":[54.3231,293.451,-10.484],"stabilizedTipPosition":[20.1242,298.878,155.029],"timeVisible":0.252861,"tipPosition":[58.1892,276.958,26.6817],"tipVelocity":[44.5154,-76.2895,-331.475],"tool":false,"touchDistance":0.333333,"touchZone":"none","type":3,"width":18.0722},{"bases":[[[0.988574,-0.14684,0.0340451],[0.128778,0.940135,0.315536],[-0.0783403,-0.307547,0.948303]],[[0.989989,-0.140415,0.0143258],[0.0888579,0.541173,-0.836203],[0.109663,0.829105,0.548232]],[[0.989989,-0.140415,0.0143258],[-0.0999902,-0.769347,-0.630957],[0.0996177,0.623208,-0.775685]],[[0.989989,-0.140415,0.0143258],[-0.140259,-0.990049,-0.0114119],[0.0157857,0.00928838,-0.999832]]],"btipPosition":[69.1897,288.43,29.9896],"carpPosition":[70.7448,312.256,71.9457],"dipPosition":[69.4617,288.59,12.7603],"direction":[-0.0996177,-0.623208,0.775685],"extended":false,"handId":540,"id":5404,"length":50.4973,"mcpPosition":[75.2861,330.085,16.9728],"pipPosition":[71.4096,300.776,-2.4071],"stabilizedTipPosition":[32.1457,309.466,154.376],"timeVisible":0.252861,"tipPosition":[69.3673,288.959,27.0027],"tipVelocity":[41.6563,-70.1358,-320.882],"tool":false,"touchDistance":0.333333,"touchZone":"none","type":4,"width":16.0532}],"r":[[0.995301,0.0822221,-0.0511392],[-0.0866614,0.992009,-0.0916927],[0.0431914,0.0956936,0.994473]],"s":0.953958,"t":[39.0477,-20.6885,-132.979],"timestamp":522433745076},false],[2,{"currentFrameRate":101.014,"devices":[],"gestures":[],"hands":[{"armBasis":[[0.916212,0.27009,-0.295985],[-0.27408,0.961276,0.0287701],[0.292294,0.054764,0.954759]],"armWidth":63.703,"confidence":0.622352,"direction":[-0.201235,0.338514,-0.919191],"elbow":[137.142,317.896,336.598],"grabStrength":0,"id":540,"palmNormal":[0.216873,-0.899703,-0.378816],"palmPosition":[41.0372,315.402,28.4433],"palmVelocity":[31.4919,-61.5959,-270.508],"palmWidth":90.9658,"pinchStrength":0.671833,"r":[[0.995158,0.0827703,-0.0530004],[-0.0874003,0.991916,-0.0919977],[0.0449573,0.0961845,0.994348]],"s":0.950157,"sphereCenter":[45.1228,280.652,-3.9393],"sphereRadius":44.7129,"stabilizedPalmPosition":[5.66087,336.171,154.11],"t":[39.1982,-21.1573,-135.143],"timeVisible":0.261695,"type":"right","wrist":[58.2439,303.113,78.8822]}],"id":4177934,"interactionBox":{"center":[0,200,0],"size":[235.247,235.247,147.751]},"pointables":[{"bases":[[[0.151139,0.981665,0.116146],[-0.78722,0.0484656,0.614765],[0.597865,-0.184348,0.780111]],[[-0.030644,0.992601,-0.117493],[-0.936185,0.0126782,0.351279],[0.350169,0.12076,0.928869]],[[-0.030644,0.992601,-0.117493],[-0.998539,-0.0251665,0.0478237],[0.0445129,0.118787,0.991922]],[[-0.030644,0.992601,-0.117493],[-0.917855,-0.0744843,-0.389865],[-0.395732,0.0958945,0.913346]]],"btipPosition":[24.3162,272.068,-20.5312],"carpPosition":[34.0494,284.387,81.0044],"dipPosition":[15.0571,274.311,0.838653],"direction":[-0.0445129,-0.118787,-0.991922],"extended":false,"handId":540,"id":5400,"length":52.1025,"mcpPosition":[34.0494,284.387,81.0044],"pipPosition":[16.5744,278.36,34.6498],"stabilizedTipPosition":[-13.0822,287.597,113.354],"timeVisible":0.261695,"tipPosition":[21.8753,270.98,-15.2523],"tipVelocity":[55.4825,3.9539,-277.588],"tool":false,"touchDistance":-0.456837,"touchZone":"hovering","type":0,"width":20.2446},{"bases":[[[0.907885,0.328503,-0.260443],[-0.267692,0.932387,0.242888],[0.322623,-0.150796,0.934438]],[[0.905358,0.329662,-0.267674],[-0.341981,0.939707,0.000634919],[0.251744,0.0909646,0.963509]],[[0.905358,0.329662,-0.267674],[-0.394733,0.885732,-0.244264],[0.156563,0.326806,0.932033]],[[0.905358,0.329662,-0.267674],[-0.417116,0.808574,-0.414997],[0.0796257,0.487372,0.869556]]],"btipPosition":[-4.32548,298.78,-69.7776],"carpPosition":[35.3594,307.818,77.7085],"dipPosition":[-2.96539,307.105,-54.9247],"direction":[-0.156563,-0.326806,-0.932033],"extended":true,"handId":540,"id":5401,"length":58.7918,"mcpPosition":[11.6305,318.909,8.98054],"pipPosition":[0.817793,315.002,-32.4031],"stabilizedTipPosition":[-31.8002,331.073,58.0424],"timeVisible":0.261695,"tipPosition":[-3.26467,300.22,-65.9798],"tipVelocity":[-6.32534,-52.8959,-266.743],"tool":false,"touchDistance":-0.542828,"touchZone":"hovering","type":1,"width":19.3376},{"bases":[[[0.975369,0.141315,-0.169367],[-0.103202,0.970965,0.215817],[0.194948,-0.193022,0.961633]],[[0.976604,0.140069,-0.16317],[-0.213472,0.539902,-0.814209],[-0.0259496,0.829992,0.557171]],[[0.976604,0.140069,-0.16317],[-0.00100504,-0.755795,-0.654808],[-0.215041,0.639652,-0.737972]],[[0.976604,0.140069,-0.16317],[0.139156,-0.990123,-0.0170723],[-0.16395,-0.00603312,-0.98645]]],"btipPosition":[42.6161,268.89,19.99],"carpPosition":[45.7697,313.494,74.3999],"dipPosition":[39.536,268.777,1.45756],"direction":[0.215041,-0.639652,0.737972],"extended":false,"handId":540,"id":5402,"length":66.9886,"mcpPosition":[32.1722,326.957,7.32663],"pipPosition":[33.4226,286.962,-19.5221],"stabilizedTipPosition":[4.5863,293.832,146.817],"timeVisible":0.261695,"tipPosition":[42.0515,269.365,17.1898],"tipVelocity":[22.8077,-73.3217,-325.066],"tool":false,"touchDistance":0.333333,"touchZone":"none","type":2,"width":18.9921},{"bases":[[[0.998412,0.03777,-0.0417933],[-0.0269852,0.971932,0.23371],[0.0494474,-0.232211,0.971408]],[[0.995367,0.0477095,-0.0834806],[-0.0960966,0.523064,-0.846858],[0.00326253,0.850957,0.525226]],[[0.995367,0.0477095,-0.0834806],[-0.0146237,-0.782999,-0.621851],[-0.0950334,0.62019,-0.778674]],[[0.995367,0.0477095,-0.0834806],[0.0491001,-0.998686,0.0146834],[-0.0826703,-0.0187142,-0.996401]]],"btipPosition":[58.3712,275.958,27.6191],"carpPosition":[57.4374,316.253,71.7356],"dipPosition":[56.827,275.609,9.00726],"direction":[0.0950334,-0.62019,0.778674],"extended":false,"handId":540,"id":5403,"length":64.4113,"mcpPosition":[54.3408,330.795,10.9028],"pipPosition":[54.1951,292.785,-12.5578],"stabilizedTipPosition":[20.1576,298.858,154.913],"timeVisible":0.261695,"tipPosition":[58.0836,276.45,24.6549],"tipVelocity":[29.1831,-70.7307,-303.029],"tool":false,"touchDistance":0.333333,"touchZone":"none","type":3,"width":18.0722},{"bases":[[[0.988067,-0.150474,0.0328803],[0.133108,0.941615,0.309261],[-0.0774963,-0.301194,0.950408]],[[0.989425,-0.144388,0.0137649],[0.0901889,0.538135,-0.83802],[0.113592,0.830399,0.545467]],[[0.989425,-0.144388,0.0137649],[-0.103703,-0.770579,-0.628851],[0.101405,0.620774,-0.777404]],[[0.989425,-0.144388,0.0137649],[-0.144295,-0.989506,-0.00747837],[0.0147002,0.00541309,-0.999877]]],"btipPosition":[69.118,287.887,27.8301],"carpPosition":[70.8772,312.013,69.7761],"dipPosition":[69.3713,287.98,10.6],"direction":[-0.101405,-0.620774,0.777404],"extended":false,"handId":540,"id":5404,"length":50.4973,"mcpPosition":[75.3696,329.473,14.6811],"pipPosition":[71.3542,300.118,-4.60101],"stabilizedTipPosition":[32.1728,309.451,154.28],"timeVisible":0.261695,"tipPosition":[69.2954,288.39,24.8375],"tipVelocity":[28.0737,-68.2685,-300.232],"tool":false,"touchDistance":0.333333,"touchZone":"none","type":4,"width":16.0532}],"r":[[0.995158,0.0827703,-0.0530004],[-0.0874003,0.991916,-0.0919977],[0.0449573,0.0961845,0.994348]],"s":0.950157,"t":[39.1982,-21.1573,-135.143],"timestamp":522433753910},false],[3,{"currentFrameRate":101.352,"devices":[],"gestures":[],"hands":[{"armBasis":[[0.914497,0.268922,-0.302287],[-0.273729,0.961422,0.0272016],[0.29794,0.057869,0.952829]],"armWidth":63.703,"confidence":0.634054,"direction":[-0.202731,0.337757,-0.919141],"elbow":[138.9,318.296,333.888],"grabStrength":0,"id":540,"palmNormal":[0.215789,-0.900149,-0.378374],"palmPosition":[41.1857,314.926,26.2731],"palmVelocity":[27.1833,-58.8279,-260.704],"palmWidth":90.9658,"pinchStrength":0.678949,"r":[[0.995029,0.0831086,-0.0548617],[-0.0879357,0.991832,-0.0923922],[0.046735,0.0967573,0.99421]],"s":0.946791,"sphereCenter":[44.8853,280.056,-6.03558],"sphereRadius":44.6507,"stabilizedPalmPosition":[5.6829,336.157,154.03],"t":[39.3477,-21.63,-137.311],"timeVisible":0.27091,"type":"right","wrist":[58.4773,302.675,76.6924]}],"id":4177935,"interactionBox":{"center":[0,200,0],"size":[235.247,235.247,147.751]},"pointables":[{"bases":[[[0.151788,0.981704,0.114969],[-0.786094,0.0493873,0.616131],[0.59918,-0.183898,0.779208]],[[-0.0277203,0.992983,-0.114962],[-0.936918,0.0142798,0.349257],[0.348448,0.117391,0.929948]],[[-0.0277203,0.992983,-0.114962],[-0.998692,-0.022567,0.0458886],[0.0429722,0.116083,0.992309]],[[-0.0277203,0.992983,-0.114962],[-0.918216,-0.0707514,-0.389709],[-0.395108,0.0947569,0.913734]]],"btipPosition":[24.6688,271.93,-22.7365],"carpPosition":[34.2782,283.962,78.8752],"dipPosition":[15.4243,274.147,-1.35754],"direction":[-0.0429722,-0.116083,-0.992309],"extended":false,"handId":540,"id":5400,"length":52.1025,"mcpPosition":[34.2782,283.962,78.8752],"pipPosition":[16.8891,278.104,32.4668],"stabilizedTipPosition":[-13.0745,287.594,113.326],"timeVisible":0.27091,"tipPosition":[22.1581,270.879,-17.4512],"tipVelocity":[50.763,-1.53675,-266.803],"tool":false,"touchDistance":-0.472535,"touchZone":"hovering","type":0,"width":20.2446},{"bases":[[[0.907564,0.327854,-0.262374],[-0.266837,0.932731,0.242507],[0.324231,-0.15008,0.933997]],[[0.904738,0.329134,-0.270406],[-0.342078,0.939671,-0.000791583],[0.253832,0.0932161,0.962746]],[[0.904738,0.329134,-0.270406],[-0.394835,0.8862,-0.242393],[0.159854,0.326068,0.931733]],[[0.904738,0.329134,-0.270406],[-0.417627,0.810381,-0.410937],[0.0838784,0.48472,0.870638]]],"btipPosition":[-4.45212,298.265,-71.8767],"carpPosition":[35.5928,307.389,75.5554],"dipPosition":[-3.01939,306.545,-57.0053],"direction":[-0.159854,-0.326068,-0.931733],"extended":true,"handId":540,"id":5401,"length":58.7918,"mcpPosition":[11.7456,318.428,6.85989],"pipPosition":[0.843307,314.424,-34.491],"stabilizedTipPosition":[-31.7885,331.06,57.989],"timeVisible":0.27091,"tipPosition":[-3.37454,299.709,-68.0827],"tipVelocity":[-7.89539,-54.0447,-255.703],"tool":false,"touchDistance":-0.548301,"touchZone":"hovering","type":1,"width":19.3376},{"bases":[[[0.975127,0.140719,-0.171247],[-0.102378,0.97121,0.215106],[0.196586,-0.192223,0.961459]],[[0.976227,0.139626,-0.165789],[-0.215504,0.543254,-0.811439],[-0.0232327,0.827876,0.560429]],[[0.976227,0.139626,-0.165789],[-0.00396093,-0.753259,-0.657712],[-0.216716,0.642733,-0.734798]],[[0.976227,0.139626,-0.165789],[0.138311,-0.990197,-0.0195093],[-0.166888,-0.00388497,-0.985968]]],"btipPosition":[42.7038,268.372,17.5688],"carpPosition":[45.9997,313.057,72.2229],"dipPosition":[39.5685,268.299,-0.954557],"direction":[0.216716,-0.642733,0.734798],"extended":false,"handId":540,"id":5402,"length":66.9886,"mcpPosition":[32.288,326.465,5.16171],"pipPosition":[33.4075,286.571,-21.844],"stabilizedTipPosition":[4.61471,293.813,146.716],"timeVisible":0.27091,"tipPosition":[42.1265,268.826,14.7524],"tipVelocity":[18.698,-68.2478,-307.544],"tool":false,"touchDistance":0.333333,"touchZone":"none","type":2,"width":18.9921},{"bases":[[[0.998352,0.0372813,-0.0436187],[-0.0261293,0.972159,0.232861],[0.0510856,-0.231337,0.971531]],[[0.995229,0.0472017,-0.0853854],[-0.0974544,0.522364,-0.847136],[0.00461598,0.851416,0.524471]],[[0.995229,0.0472017,-0.0853854],[-0.0161186,-0.783601,-0.621055],[-0.0962229,0.619468,-0.779102]],[[0.995229,0.0472017,-0.0853854],[0.0487076,-0.998691,0.0156395],[-0.0845354,-0.0197238,-0.996225]]],"btipPosition":[58.5024,275.478,25.4531],"carpPosition":[57.6639,315.809,69.5351],"dipPosition":[56.9234,275.109,6.84458],"direction":[0.0962229,-0.619468,0.779102],"extended":false,"handId":540,"id":5403,"length":64.4113,"mcpPosition":[54.4647,330.296,8.69458],"pipPosition":[54.2585,292.265,-14.7324],"stabilizedTipPosition":[20.1855,298.841,154.815],"timeVisible":0.27091,"tipPosition":[58.2081,275.959,22.476],"tipVelocity":[24.7534,-65.6516,-283.963],"tool":false,"touchDistance":0.333333,"touchZone":"none","type":3,"width":18.0722},{"bases":[[[0.988057,-0.150889,0.031247],[0.134086,0.94184,0.308153],[-0.0759265,-0.300283,0.950823]],[[0.989326,-0.145128,0.0130886],[0.090422,0.540988,-0.836156],[0.114269,0.828414,0.548336]],[[0.989326,-0.145128,0.0130886],[-0.104357,-0.768341,-0.631476],[0.101702,0.62337,-0.775285]],[[0.989326,-0.145128,0.0130886],[-0.145021,-0.989389,-0.00884028],[0.0142327,0.0068478,-0.999875]]],"btipPosition":[69.2264,287.377,25.4425],"carpPosition":[71.0982,311.561,67.5554],"dipPosition":[69.4716,287.495,8.21244],"direction":[-0.101702,-0.62337,0.775285],"extended":false,"handId":540,"id":5404,"length":50.4973,"mcpPosition":[75.4997,328.968,12.4364],"pipPosition":[71.4603,299.684,-6.94717],"stabilizedTipPosition":[32.1953,309.437,154.2],"timeVisible":0.27091,"tipPosition":[69.4049,287.861,22.4585],"tipVelocity":[23.4475,-64.4762,-288.71],"tool":false,"touchDistance":0.333333,"touchZone":"none","type":4,"width":16.0532}],"r":[[0.995029,0.0831086,-0.0548617],[-0.0879357,0.991832,-0.0923922],[0.046735,0.0967573,0.99421]],"s":0.946791,"t":[39.3477,-21.63,-137.311],"timestamp":522433763125},false],[4,{"currentFrameRate":101.842,"devices":[],"gestures":[],"hands":[{"armBasis":[[0.916827,0.256564,-0.305945],[-0.261464,0.964874,0.0256073],[0.301768,0.0565162,0.951705]],"armWidth":63.703,"confidence":0.643846,"direction":[-0.20226,0.331865,-0.921388],"elbow":[140.241,317.582,331.296],"grabStrength":0,"id":540,"palmNormal":[0.203615,-0.906024,-0.371028],"palmPosition":[41.4452,314.328,23.9418],"palmVelocity":[27.7412,-61.1509,-261.225],"palmWidth":90.9658,"pinchStrength":0.684323,"r":[[0.995076,0.0809083,-0.0572494],[-0.0860752,0.991803,-0.0944343],[0.0491396,0.0988971,0.993884]],"s":0.942505,"sphereCenter":[44.6324,278.955,-8.14459],"sphereRadius":44.6436,"stabilizedPalmPosition":[5.70058,336.147,153.966],"t":[39.5522,-22.1655,-139.56],"timeVisible":0.279787,"type":"right","wrist":[58.7851,302.326,74.4044]}],"id":4177936,"interactionBox":{"center":[0,200,0],"size":[235.247,235.247,147.751]},"pointables":[{"bases":[[[0.163883,0.980821,0.105516],[-0.783062,0.06429,0.618612],[0.599964,-0.184005,0.778579]],[[-0.0143413,0.992512,-0.121302],[-0.935937,0.0293672,0.350942],[0.351876,0.118564,0.928507]],[[-0.0143413,0.992512,-0.121302],[-0.998746,-0.00839981,0.0493516],[0.0479631,0.121857,0.991388]],[[-0.0143413,0.992512,-0.121302],[-0.920989,-0.0603475,-0.384887],[-0.389325,0.106198,0.914958]]],"btipPosition":[24.2881,271.367,-24.6897],"carpPosition":[34.374,283.923,76.8474],"dipPosition":[15.179,273.852,-3.2821],"direction":[-0.0479631,-0.121857,-0.991388],"extended":false,"handId":540,"id":5400,"length":52.1025,"mcpPosition":[34.374,283.923,76.8474],"pipPosition":[16.8139,278.006,30.5109],"stabilizedTipPosition":[-13.0693,287.592,113.306],"timeVisible":0.279787,"tipPosition":[21.8014,270.414,-19.385],"tipVelocity":[26.2987,-16.4253,-253.907],"tool":false,"touchDistance":-0.482814,"touchZone":"hovering","type":0,"width":20.2446},{"bases":[[[0.910372,0.314645,-0.26874],[-0.254799,0.937988,0.235065],[0.326037,-0.145522,0.934089]],[[0.907253,0.316005,-0.277549],[-0.3314,0.943446,-0.00911631],[0.258972,0.100251,0.960668]],[[0.907253,0.316005,-0.277549],[-0.385255,0.889144,-0.246984],[0.168733,0.331004,0.928421]],[[0.907253,0.316005,-0.277549],[-0.409631,0.813536,-0.412748],[0.0953656,0.48816,0.867528]]],"btipPosition":[-4.85532,297.362,-73.9056],"carpPosition":[35.954,307.302,73.3109],"dipPosition":[-3.22638,305.701,-59.0873],"direction":[-0.168733,-0.331004,-0.928421],"extended":true,"handId":540,"id":5401,"length":58.7918,"mcpPosition":[11.974,318.005,4.6086],"pipPosition":[0.850877,313.699,-36.653],"stabilizedTipPosition":[-31.7788,331.049,57.9433],"timeVisible":0.279787,"tipPosition":[-3.73686,298.826,-70.1292],"tipVelocity":[-16.6998,-66.5618,-248.709],"tool":false,"touchDistance":-0.552421,"touchZone":"hovering","type":1,"width":19.3376},{"bases":[[[0.97606,0.127546,-0.17618],[-0.0900012,0.974256,0.206698],[0.198008,-0.185894,0.962412]],[[0.977052,0.126601,-0.171296],[-0.212774,0.542817,-0.812451],[-0.00987546,0.830254,0.557298]],[[0.977052,0.126601,-0.171296],[-0.0168253,-0.75581,-0.654575],[-0.212337,0.642436,-0.736335]],[[0.977052,0.126601,-0.171296],[0.126066,-0.991922,-0.014043],[-0.17169,-0.00787384,-0.98512]]],"btipPosition":[42.3415,267.658,15.3463],"carpPosition":[46.4145,312.815,69.8882],"dipPosition":[39.1159,267.51,-3.16114],"direction":[0.212337,-0.642436,0.736335],"extended":false,"handId":540,"id":5402,"length":66.9886,"mcpPosition":[32.6036,325.781,2.76054],"pipPosition":[33.0795,285.773,-24.0943],"stabilizedTipPosition":[4.63675,293.797,146.635],"timeVisible":0.279787,"tipPosition":[41.7552,268.074,12.5245],"tipVelocity":[1.91251,-72.1003,-291.915],"tool":false,"touchDistance":0.333333,"touchZone":"none","type":2,"width":18.9921},{"bases":[[[0.998549,0.0249912,-0.0477096],[-0.0136782,0.974457,0.224157],[0.0520929,-0.223179,0.973385]],[[0.995281,0.0348052,-0.0905725],[-0.094949,0.541631,-0.835236],[0.0199863,0.839895,0.542381]],[[0.995281,0.0348052,-0.0905725],[-0.0310275,-0.770276,-0.636956],[-0.0919351,0.636761,-0.765561]],[[0.995281,0.0348052,-0.0905725],[0.0355457,-0.999346,0.00657541],[-0.0902844,-0.00976385,-0.995868]]],"btipPosition":[58.1776,274.411,21.752],"carpPosition":[58.1,315.404,67.1317],"dipPosition":[56.4912,274.229,3.15019],"direction":[0.0919351,-0.636761,0.765561],"extended":false,"handId":540,"id":5403,"length":64.4113,"mcpPosition":[54.8378,329.38,6.17516],"pipPosition":[53.9451,291.864,-18.0517],"stabilizedTipPosition":[20.2073,298.827,154.735],"timeVisible":0.279787,"tipPosition":[57.8901,274.955,19.09],"tipVelocity":[7.34908,-79.1355,-320.001],"tool":false,"touchDistance":0.333333,"touchZone":"none","type":3,"width":18.0722},{"bases":[[[0.986308,-0.162362,0.0288927],[0.146455,0.94291,0.299117],[-0.0758084,-0.290791,0.953779]],[[0.987512,-0.157104,0.0117283],[0.094812,0.533206,-0.840656],[0.125817,0.83127,0.541443]],[[0.987512,-0.157104,0.0117283],[-0.11539,-0.771979,-0.625087],[0.107257,0.615928,-0.780467]],[[0.987512,-0.157104,0.0117283],[-0.157114,-0.98758,-0.0000185534],[0.0115855,-0.00182435,-0.999931]]],"btipPosition":[69.1253,286.438,23.2017],"carpPosition":[71.4752,310.978,65.14],"dipPosition":[69.3249,286.406,5.97072],"direction":[-0.107257,-0.615928,0.780467],"extended":false,"handId":540,"id":5404,"length":50.4973,"mcpPosition":[75.8698,327.835,9.84966],"pipPosition":[71.4222,298.45,-9.29021],"stabilizedTipPosition":[32.2139,309.426,154.132],"timeVisible":0.279787,"tipPosition":[69.3071,286.879,20.1976],"tipVelocity":[13.673,-76.7377,-278.869],"tool":false,"touchDistance":0.333333,"touchZone":"none","type":4,"width":16.0532}],"r":[[0.995076,0.0809083,-0.0572494],[-0.0860752,0.991803,-0.0944343],[0.0491396,0.0988971,0.993884]],"s":0.942505,"t":[39.5522,-22.1655,-139.56],"timestamp":522433772002},false],[5,{"currentFrameRate":102.086,"devices":[],"gestures":[],"hands":[{"armBasis":[[0.918412,0.247442,-0.308695],[-0.252833,0.967234,0.0230964],[0.304295,0.0568363,0.950881]],"armWidth":63.703,"confidence":0.647546,"direction":[-0.202784,0.328301,-0.922549],"elbow":[141.441,317.371,329.478],"grabStrength":0,"id":540,"palmNormal":[0.194485,-0.909851,-0.366532],"palmPosition":[41.8824,313.89,22.3407],"palmVelocity":[33.1508,-57.1206,-235.856],"palmWidth":90.9658,"pinchStrength":0.686843,"r":[[0.995197,0.0773683,-0.0599682],[-0.0829588,0.991806,-0.0971523],[0.0519603,0.101661,0.993461]],"s":0.938103,"sphereCenter":[44.687,278.164,-9.61914],"sphereRadius":44.6512,"stabilizedPalmPosition":[5.7167,336.137,153.907],"t":[39.8731,-22.652,-141.485],"timeVisible":0.289117,"type":"right","wrist":[59.3035,302.03,72.8086]}],"id":4177937,"interactionBox":{"center":[0,200,0],"size":[235.247,235.247,147.751]},"pointables":[{"bases":[[[0.172664,0.979966,0.0992662],[-0.78021,0.0745583,0.621058],[0.601214,-0.184683,0.777453]],[[-0.00454831,0.992168,-0.124824],[-0.934809,0.04011,0.352878],[0.355121,0.118292,0.927306]],[[-0.00454831,0.992168,-0.124824],[-0.998561,0.00216404,0.0535863],[0.0534367,0.124888,0.990731]],[[-0.00454831,0.992168,-0.124824],[-0.924189,-0.0518429,-0.3784],[-0.381908,0.11364,0.917187]]],"btipPosition":[24.1369,271.032,-26.0609],"carpPosition":[34.7448,283.851,75.4459],"dipPosition":[15.2013,273.69,-4.60118],"direction":[-0.0534367,-0.124888,-0.990731],"extended":false,"handId":540,"id":5400,"length":52.1025,"mcpPosition":[34.7448,283.851,75.4459],"pipPosition":[17.0227,277.947,29.1694],"stabilizedTipPosition":[-13.0654,287.59,113.291],"timeVisible":0.289117,"tipPosition":[21.7184,270.153,-20.7339],"tipVelocity":[15.4768,-20.7507,-223.273],"tool":false,"touchDistance":-0.483254,"touchZone":"hovering","type":0,"width":20.2446},{"bases":[[[0.912043,0.305269,-0.273839],[-0.245891,0.941474,0.230573],[0.328199,-0.142959,0.933728]],[[0.908638,0.306716,-0.283376],[-0.323867,0.94599,-0.014568],[0.263603,0.105013,0.958898]],[[0.908638,0.306716,-0.283376],[-0.378654,0.891289,-0.249448],[0.176061,0.333959,0.925999]],[[0.908638,0.306716,-0.283376],[-0.404278,0.816071,-0.413022],[0.104575,0.48985,0.865512]]],"btipPosition":[-4.98954,296.762,-75.2519],"carpPosition":[36.5121,307.195,71.769],"dipPosition":[-3.20329,305.129,-60.4681],"direction":[-0.176061,-0.333959,-0.925999],"extended":true,"handId":540,"id":5401,"length":58.7918,"mcpPosition":[12.373,317.709,3.09331],"pipPosition":[1.05103,313.199,-38.0923],"stabilizedTipPosition":[-31.7694,331.038,57.8981],"timeVisible":0.289117,"tipPosition":[-3.84045,298.249,-71.4927],"tipVelocity":[-14.947,-65.7378,-219.393],"tool":false,"touchDistance":-0.545826,"touchZone":"hovering","type":1,"width":19.3376},{"bases":[[[0.976465,0.118147,-0.180439],[-0.0808938,0.976163,0.201402],[0.199933,-0.182066,0.962746]],[[0.977367,0.117315,-0.176042],[-0.21155,0.543258,-0.812476],[0.000320845,0.831329,0.555781]],[[0.977367,0.117315,-0.176042],[-0.0266762,-0.757164,-0.652679],[-0.209862,0.642604,-0.736898]],[[0.977367,0.117315,-0.176042],[0.117309,-0.99304,-0.0104775],[-0.176046,-0.0104109,-0.984327]]],"btipPosition":[42.3196,267.165,13.7859],"carpPosition":[47.0068,312.599,68.2768],"dipPosition":[39.0123,266.969,-4.70667],"direction":[0.209862,-0.642604,0.736898],"extended":false,"handId":540,"id":5402,"length":66.9886,"mcpPosition":[33.0616,325.298,1.12589],"pipPosition":[33.0461,285.238,-25.6558],"stabilizedTipPosition":[4.65596,293.784,146.564],"timeVisible":0.289117,"tipPosition":[41.7224,267.544,10.9446],"tipVelocity":[0.137202,-66.9728,-256.522],"tool":false,"touchDistance":0.333333,"touchZone":"none","type":2,"width":18.9921},{"bases":[[[0.998545,0.0161411,-0.0514619],[-0.00450847,0.975808,0.218584],[0.0537451,-0.218033,0.97446]],[[0.995125,0.0259129,-0.095156],[-0.0934061,0.557251,-0.825074],[0.0316457,0.82994,0.556954]],[[0.995125,0.0259129,-0.095156],[-0.0423815,-0.758861,-0.649872],[-0.0890503,0.650737,-0.754063]],[[0.995125,0.0259129,-0.095156],[0.0258781,-0.999664,-0.00160011],[-0.0951655,-0.000870144,-0.995461]]],"btipPosition":[58.1685,273.647,19.0392],"carpPosition":[58.7039,315.071,65.4632],"dipPosition":[56.3909,273.631,0.444953],"direction":[0.0890503,-0.650737,0.754063],"extended":false,"handId":540,"id":5403,"length":64.4113,"mcpPosition":[55.3382,328.724,4.43932],"pipPosition":[53.9247,291.653,-20.4385],"stabilizedTipPosition":[20.2261,298.814,154.665],"timeVisible":0.289117,"tipPosition":[57.8811,274.195,16.5022],"tipVelocity":[4.35586,-78.7518,-311.672],"tool":false,"touchDistance":0.333333,"touchZone":"none","type":3,"width":18.0722},{"bases":[[[0.98498,-0.170657,0.0262629],[0.155623,0.943317,0.293145],[-0.0748017,-0.284655,0.955707]],[[0.986108,-0.165801,0.0100353],[0.0974242,0.528388,-0.843395],[0.134533,0.832656,0.537201]],[[0.986108,-0.165801,0.0100353],[-0.123809,-0.773952,-0.621024],[0.110733,0.611154,-0.783728]],[[0.986108,-0.165801,0.0100353],[-0.165864,-0.986131,0.00583357],[0.00892891,-0.00741702,-0.999933]]],"btipPosition":[69.2947,285.763,21.6124],"carpPosition":[72.0333,310.519,63.4487],"dipPosition":[69.4486,285.636,4.38138],"direction":[-0.110733,-0.611154,0.783728],"extended":false,"handId":540,"id":5404,"length":50.4973,"mcpPosition":[76.3695,327.02,8.04663],"pipPosition":[71.6138,297.586,-10.9433],"stabilizedTipPosition":[32.2318,309.414,154.066],"timeVisible":0.289117,"tipPosition":[69.4769,286.17,18.5917],"tipVelocity":[14.6232,-76.1404,-248.149],"tool":false,"touchDistance":0.333333,"touchZone":"none","type":4,"width":16.0532}],"r":[[0.995197,0.0773683,-0.0599682],[-0.0829588,0.991806,-0.0971523],[0.0519603,0.101661,0.993461]],"s":0.938103,"t":[39.8731,-22.652,-141.485],"timestamp":522433781332},false],[6,{"currentFrameRate":102.55,"devices":[],"gestures":[],"hands":[{"armBasis":[[0.922815,0.24623,-0.296283],[-0.250429,0.967829,0.0243312],[0.292742,0.0517447,0.95479]],"armWidth":63.703,"confidence":0.657135,"direction":[-0.205919,0.325774,-0.922751],"elbow":[138.723,316.12,327.872],"grabStrength":0,"id":540,"palmNormal":[0.191207,-0.911389,-0.364432],"palmPosition":[42.0994,313.888,19.7133],"palmVelocity":[30.8014,-41.7074,-252.256],"palmWidth":90.9658,"pinchStrength":0.686307,"r":[[0.995259,0.0741006,-0.0629977],[-0.0801634,0.991763,-0.0998949],[0.0550766,0.104471,0.993002]],"s":0.93409,"sphereCenter":[44.6402,277.923,-12.1713],"sphereRadius":44.6516,"stabilizedPalmPosition":[5.72873,336.129,153.863],"t":[40.142,-22.8965,-143.762],"timeVisible":0.297983,"type":"right","wrist":[59.7039,302.153,70.147]}],"id":4177938,"interactionBox":{"center":[0,200,0],"size":[235.247,235.247,147.751]},"pointables":[{"bases":[[[0.174981,0.979935,0.0954456],[-0.777514,0.0780584,0.624002],[0.604031,-0.183399,0.775572]],[[-0.00154423,0.992027,-0.12602],[-0.933548,0.0437417,0.355773],[0.358449,0.118195,0.926037]],[[-0.00154423,0.992027,-0.12602],[-0.998284,0.00584732,0.0582628],[0.0585351,0.125894,0.990315]],[[-0.00154423,0.992027,-0.12602],[-0.927502,-0.048529,-0.370654],[-0.373815,0.116311,0.920182]]],"btipPosition":[23.9836,271.12,-28.557],"carpPosition":[35.1208,284.031,72.9424],"dipPosition":[15.2374,273.841,-7.02722],"direction":[-0.0585351,-0.125894,-0.990315],"extended":false,"handId":540,"id":5400,"length":52.1025,"mcpPosition":[35.1208,284.031,72.9424],"pipPosition":[17.2326,278.132,26.7292],"stabilizedTipPosition":[-13.0628,287.589,113.281],"timeVisible":0.297983,"tipPosition":[21.6578,270.286,-23.2078],"tipVelocity":[7.92653,-11.9884,-238.576],"tool":false,"touchDistance":-0.500462,"touchZone":"hovering","type":0,"width":20.2446},{"bases":[[[0.911509,0.302608,-0.278533],[-0.243107,0.942681,0.228584],[0.331739,-0.140643,0.932828]],[[0.907801,0.304138,-0.288787],[-0.322557,0.946393,-0.0172573],[0.268057,0.108816,0.957238]],[[0.907801,0.304138,-0.288787],[-0.378019,0.891597,-0.24931],[0.181657,0.335491,0.924363]],[[0.907801,0.304138,-0.288787],[-0.404454,0.817041,-0.410927],[0.110972,0.489841,0.86472]]],"btipPosition":[-5.27933,296.556,-77.6462],"carpPosition":[36.9185,307.36,69.1841],"dipPosition":[-3.38381,304.923,-62.8759],"direction":[-0.181657,-0.335491,-0.924363],"extended":true,"handId":540,"id":5401,"length":58.7918,"mcpPosition":[12.5191,317.704,0.574636],"pipPosition":[1.00575,313.03,-40.5396],"stabilizedTipPosition":[-31.7619,331.029,57.8614],"timeVisible":0.297983,"tipPosition":[-4.1057,298.058,-73.9],"tipVelocity":[-18.9875,-54.2055,-233.223],"tool":false,"touchDistance":-0.555537,"touchZone":"hovering","type":1,"width":19.3376},{"bases":[[[0.975946,0.115656,-0.184804],[-0.0781637,0.976953,0.198629],[0.203517,-0.179406,0.962494]],[[0.976793,0.114901,-0.180755],[-0.21413,0.542663,-0.812198],[0.00476663,0.832054,0.554674]],[[0.976793,0.114901,-0.180755],[-0.0313235,-0.758217,-0.65125],[-0.211881,0.641798,-0.737022]],[[0.976793,0.114901,-0.180755],[0.115288,-0.993297,-0.00839996],[-0.180508,-0.0126338,-0.983492]]],"btipPosition":[42.3992,267.142,11.1997],"carpPosition":[47.4094,312.732,65.6319],"dipPosition":[39.008,266.905,-7.27714],"direction":[0.211881,-0.641798,0.737022],"extended":false,"handId":540,"id":5402,"length":66.9886,"mcpPosition":[33.2142,325.245,-1.50144],"pipPosition":[32.9845,285.151,-28.2298],"stabilizedTipPosition":[4.66991,293.773,146.511],"timeVisible":0.297983,"tipPosition":[41.7856,267.492,8.33147],"tipVelocity":[1.94372,-49.8025,-265.946],"tool":false,"touchDistance":0.333333,"touchZone":"none","type":2,"width":18.9921},{"bases":[[[0.998355,0.0140166,-0.0555946],[-0.00170948,0.976503,0.215499],[0.0573088,-0.215049,0.97492]],[[0.994731,0.0237514,-0.099735],[-0.0957394,0.5632,-0.820756],[0.0366767,0.825979,0.562506]],[[0.994731,0.0237514,-0.099735],[-0.0476701,-0.754096,-0.655032],[-0.0907677,0.656335,-0.74899]],[[0.994731,0.0237514,-0.099735],[0.0233585,-0.999714,-0.00510509],[-0.0998278,0.00274853,-0.995001]]],"btipPosition":[58.251,273.516,15.9128],"carpPosition":[59.0997,315.172,62.7627],"dipPosition":[56.3863,273.567,-2.67287],"direction":[0.0907677,-0.656335,0.74899],"extended":false,"handId":540,"id":5403,"length":64.4113,"mcpPosition":[55.5108,328.639,1.70999],"pipPosition":[53.8725,291.744,-23.4158],"stabilizedTipPosition":[20.2399,298.805,154.613],"timeVisible":0.297983,"tipPosition":[57.9507,274.045,13.3588],"tipVelocity":[5.0859,-60.9431,-322.716],"tool":false,"touchDistance":0.333333,"touchZone":"none","type":3,"width":18.0722},{"bases":[[[0.984745,-0.172508,0.0227782],[0.158662,0.943934,0.289508],[-0.0714435,-0.281478,0.956904]],[[0.985704,-0.168273,0.00844551],[0.0988587,0.537045,-0.837741],[0.136434,0.826599,0.546003]],[[0.985704,-0.168273,0.00844551],[-0.125678,-0.767729,-0.628328],[0.112215,0.618284,-0.777902]],[[0.985704,-0.168273,0.00844551],[-0.168302,-0.985732,0.00277566],[0.00785793,-0.00415737,-0.99996]]],"btipPosition":[69.4008,285.666,18.3779],"carpPosition":[72.4118,310.587,60.7082],"dipPosition":[69.5362,285.595,1.14639],"direction":[-0.112215,-0.618284,0.777902],"extended":false,"handId":540,"id":5404,"length":50.4973,"mcpPosition":[76.5533,326.905,5.23669],"pipPosition":[71.7304,297.684,-14.0644],"stabilizedTipPosition":[32.2452,309.406,154.016],"timeVisible":0.297983,"tipPosition"