{"sensorType":"Leap","data":[[0,{"currentFrameRate":99.4962,"devices":[],"gestures":[],"hands":[{"armBasis":[[0.976639,0.134927,-0.167246],[-0.132431,0.99085,0.026039],[0.169229,-0.00328209,0.985571]],"armWidth":63.703,"confidence":0.697529,"direction":[-0.0540137,0.346005,-0.936676],"elbow":[97.6955,311.322,353.452],"grabStrength":0,"id":535,"palmNormal":[0.121463,-0.928803,-0.350101],"palmPosition":[42.0713,325.864,35.4014],"palmVelocity":[50.9881,68.0059,-150.687],"palmWidth":90.9658,"pinchStrength":0.590216,"r":[[0.971448,0.210621,0.109216],[-0.213317,0.97689,0.0134845],[-0.103852,-0.0363972,0.993927]],"s":1.01544,"sphereCenter":[59.8111,286.593,2.65813],"sphereRadius":49.9294,"stabilizedPalmPosition":[8.80991,313.288,134.708],"t":[33.8334,11.7765,-101.186],"timeVisible":0.361732,"type":"right","wrist":[52.0158,312.207,87.4184]}],"id":4176499,"interactionBox":{"center":[0,200,0],"size":[235.247,235.247,147.751]},"pointables":[{"bases":[[[0.279647,0.951655,0.127088],[-0.830892,0.173559,0.528674],[0.481058,-0.253438,0.839257]],[[0.131426,0.984442,-0.116627],[-0.943508,0.160316,0.289985],[0.304171,0.0719266,0.949898]],[[0.131426,0.984442,-0.116627],[-0.991103,0.127991,-0.0365009],[-0.0210059,0.120386,0.992505]],[[0.131426,0.984442,-0.116627],[-0.848872,0.0509963,-0.526132],[-0.511999,0.168149,0.842367]]],"btipPosition":[22.7805,285.587,-13.8694],"carpPosition":[25.2645,297.214,87.0748],"dipPosition":[10.8011,289.521,5.83973],"direction":[0.0210059,-0.120386,-0.992505],"extended":false,"handId":535,"id":5350,"length":52.1025,"mcpPosition":[25.2645,297.214,87.0748],"pipPosition":[10.085,293.624,39.6708],"stabilizedTipPosition":[-20.9263,273.728,91.4626],"timeVisible":0.361732,"tipPosition":[20.8911,285.678,-8.70358],"tipVelocity":[25.2984,60.2429,-137.456],"tool":false,"touchDistance":-0.426457,"touchZone":"hovering","type":0,"width":20.2446},{"bases":[[[0.967986,0.188893,-0.165295],[-0.152703,0.965821,0.209456],[0.199211,-0.17751,0.963746]],[[0.982501,0.171233,-0.0732818],[-0.174158,0.984076,-0.0355346],[0.0660302,0.0476754,0.996678]],[[0.982501,0.171233,-0.0732818],[-0.185626,0.932523,-0.309749],[0.0152977,0.317932,0.94799]],[[0.982501,0.171233,-0.0732818],[-0.184825,0.84766,-0.497305],[-0.023037,0.502147,0.864475]]],"btipPosition":[12.8398,314.89,-67.5323],"carpPosition":[30.3039,320.142,83.8327],"dipPosition":[12.4463,323.467,-52.7662],"direction":[-0.0152977,-0.317932,-0.94799],"extended":true,"handId":535,"id":5351,"length":58.7918,"mcpPosition":[15.652,333.197,12.9493],"pipPosition":[12.8159,331.15,-29.859],"stabilizedTipPosition":[-23.8754,309.912,32.5654],"timeVisible":0.361732,"tipPosition":[13.4325,315.988,-63.6973],"tipVelocity":[23.9848,34.7454,-151.653],"tool":false,"touchDistance":-0.487321,"touchZone":"hovering","type":1,"width":19.3376},{"bases":[[[0.997755,-0.00426092,-0.0668393],[0.0175553,0.979719,0.199604],[0.0646333,-0.200329,0.977594]],[[0.99812,-0.00544615,-0.0610539],[-0.0527807,0.430105,-0.901235],[0.0311679,0.902762,0.429009]],[[0.99812,-0.00544615,-0.0610539],[-0.0576006,-0.423961,-0.903847],[-0.020962,0.905664,-0.423477]],[[0.99812,-0.00544615,-0.0610539],[-0.0448422,-0.743953,-0.666726],[-0.0417901,0.66821,-0.742798]]],"btipPosition":[37.0854,256.36,18.7431],"carpPosition":[41.7144,324.19,81.6087],"dipPosition":[36.3003,268.914,4.78818],"direction":[0.020962,-0.905664,0.423477],"extended":false,"handId":535,"id":5352,"length":66.9886,"mcpPosition":[37.2063,338.163,13.4221],"pipPosition":[35.7044,294.661,-7.25078],"stabilizedTipPosition":[-2.62493,253.174,107.487],"timeVisible":0.361732,"tipPosition":[37.0295,259.705,16.703],"tipVelocity":[48.8292,50.8987,-130.906],"tool":false,"touchDistance":0.333333,"touchZone":"none","type":2,"width":18.9921},{"bases":[[[0.99221,-0.107538,0.0628948],[0.0908469,0.970026,0.22538],[-0.0852465,-0.217911,0.972239]],[[0.992889,-0.105708,0.0547436],[0.0909158,0.376499,-0.921945],[0.0768456,0.920366,0.383432]],[[0.992889,-0.105708,0.0547436],[-0.00157632,-0.471503,-0.881863],[0.119031,0.875506,-0.468317]],[[0.992889,-0.105708,0.0547436],[-0.046007,-0.764884,-0.642523],[0.109792,0.635436,-0.764308]]],"btipPosition":[50.4299,261.604,29.4043],"carpPosition":[53.8713,325.184,80.1697],"dipPosition":[52.4807,273.473,15.1278],"direction":[-0.119031,-0.875506,0.468317],"extended":false,"handId":535,"id":5353,"length":64.4113,"mcpPosition":[59.2098,338.83,19.2849],"pipPosition":[55.7772,297.72,2.15789],"stabilizedTipPosition":[11.9921,255.918,115.568],"timeVisible":0.361732,"tipPosition":[50.8855,264.781,26.7666],"tipVelocity":[52.1913,59.3935,-115.952],"tool":false,"touchDistance":0.333333,"touchZone":"none","type":3,"width":18.0722},{"bases":[[[0.946933,-0.290824,0.136888],[0.236175,0.918403,0.317423],[-0.218033,-0.268248,0.938352]],[[0.942779,-0.295691,0.154062],[0.26648,0.39053,-0.881178],[0.200391,0.87181,0.446979]],[[0.942779,-0.295691,0.154062],[0.010959,-0.434335,-0.900685],[0.333239,0.850835,-0.406241]],[[0.942779,-0.295691,0.154062],[-0.113875,-0.719839,-0.684736],[0.31337,0.628011,-0.712321]]],"btipPosition":[60.3197,276.284,29.6694],"carpPosition":[66.6803,319.011,79.6477],"dipPosition":[65.7198,287.106,17.3945],"direction":[-0.333239,-0.850835,0.406241],"extended":false,"handId":535,"id":5354,"length":50.4973,"mcpPosition":[79.3196,334.561,25.2517],"pipPosition":[72.2358,303.743,9.45107],"stabilizedTipPosition":[25.3928,264.683,102.932],"timeVisible":0.361732,"tipPosition":[61.5335,278.9,27.0739],"tipVelocity":[51.7236,60.2699,-134.57],"tool":false,"touchDistance":0.333333,"touchZone":"none","type":4,"width":16.0532}],"r":[[0.971448,0.210621,0.109216],[-0.213317,0.97689,0.0134845],[-0.103852,-0.0363972,0.993927]],"s":1.01544,"t":[33.8334,11.7765,-101.186],"timestamp":522418178325},false],[1,{"currentFrameRate":100.061,"devices":[],"gestures":[],"hands":[{"armBasis":[[0.974708,0.136549,-0.176917],[-0.133666,0.990626,0.0281733],[0.179105,-0.00381307,0.983823]],"armWidth":63.703,"confidence":0.6987,"direction":[-0.0546063,0.341791,-0.938188],"elbow":[100.537,311.855,352.188],"grabStrength":0,"id":535,"palmNormal":[0.122648,-0.930179,-0.346012],"palmPosition":[42.2216,326.297,34.5516],"palmVelocity":[41.7267,62.7632,-135.715],"palmWidth":90.9658,"pinchStrength":0.585835,"r":[[0.971099,0.213227,0.107245],[-0.215157,0.976557,0.00662061],[-0.103319,-0.0295038,0.994211]],"s":1.01868,"sphereCenter":[59.958,286.903,1.96634],"sphereRadius":49.9375,"stabilizedPalmPosition":[8.91641,313.329,134.389],"t":[34.3381,12.551,-102.904],"timeVisible":0.370622,"type":"right","wrist":[52.1916,312.884,86.627]}],"id":4176500,"interactionBox":{"center":[0,200,0],"size":[235.247,235.247,147.751]},"pointables":[{"bases":[[[0.278399,0.952578,0.12284],[-0.831047,0.174789,0.528024],[0.481513,-0.249088,0.840298]],[[0.130636,0.984121,-0.120163],[-0.94372,0.160579,0.289148],[0.303853,0.0756268,0.949713]],[[0.130636,0.984121,-0.120163],[-0.991251,0.127345,-0.0347053],[-0.0188521,0.123645,0.992147]],[[0.130636,0.984121,-0.120163],[-0.851081,0.0491498,-0.522729],[-0.508523,0.170556,0.843988]]],"btipPosition":[22.8373,285.874,-14.6071],"carpPosition":[25.4602,297.853,86.3536],"dipPosition":[10.9392,289.865,5.13997],"direction":[0.0188521,-0.123645,-0.992147],"extended":false,"handId":535,"id":5350,"length":52.1025,"mcpPosition":[25.4602,297.853,86.3536],"pipPosition":[10.2966,294.079,38.9588],"stabilizedTipPosition":[-20.7816,273.774,91.1047],"timeVisible":0.370622,"tipPosition":[20.9736,285.985,-9.43462],"tipVelocity":[20.7327,53.0511,-122.386],"tool":false,"touchDistance":-0.423079,"touchZone":"touching","type":0,"width":20.2446},{"bases":[[[0.967711,0.189447,-0.166271],[-0.153957,0.966533,0.205209],[0.199583,-0.172984,0.964491]],[[0.982171,0.172375,-0.0750151],[-0.175627,0.983679,-0.0391145],[0.0670485,0.0515918,0.996415]],[[0.982171,0.172375,-0.0750151],[-0.187293,0.931586,-0.31156],[0.0161779,0.320055,0.947261]],[[0.982171,0.172375,-0.0750151],[-0.186663,0.846893,-0.497925],[-0.0223002,0.50305,0.863969]]],"btipPosition":[12.8995,314.954,-68.3728],"carpPosition":[30.4687,320.773,83.0095],"dipPosition":[12.5186,323.546,-53.6153],"direction":[-0.0161779,-0.320055,-0.947261],"extended":true,"handId":535,"id":5351,"length":58.7918,"mcpPosition":[15.7893,333.496,12.0712],"pipPosition":[12.9096,331.28,-30.7258],"stabilizedTipPosition":[-23.8495,309.917,32.4965],"timeVisible":0.370622,"tipPosition":[13.4993,316.052,-64.5389],"tipVelocity":[19.3834,27.3598,-136.196],"tool":false,"touchDistance":-0.47956,"touchZone":"hovering","type":1,"width":19.3376},{"bases":[[[0.99775,-0.0032305,-0.066967],[0.0162811,0.980614,0.19527],[0.0650379,-0.195921,0.978461]],[[0.998127,-0.00442102,-0.0610197],[-0.0533464,0.425399,-0.903432],[0.0299518,0.904995,0.424366]],[[0.998127,-0.00442102,-0.0610197],[-0.0570289,-0.428349,-0.901812],[-0.0221508,0.903603,-0.427799]],[[0.998127,-0.00442102,-0.0610197],[-0.0438654,-0.746974,-0.663405],[-0.0426472,0.664839,-0.745768]]],"btipPosition":[37.3248,256.704,18.2423],"carpPosition":[41.8735,324.827,80.766],"dipPosition":[36.5236,269.194,4.23157],"direction":[0.0221508,-0.903603,0.427799],"extended":false,"handId":535,"id":5352,"length":66.9886,"mcpPosition":[37.3371,338.492,12.5189],"pipPosition":[35.8938,294.883,-7.93024],"stabilizedTipPosition":[-2.34449,253.219,106.835],"timeVisible":0.370622,"tipPosition":[37.2622,260.034,16.1474],"tipVelocity":[42.7629,47.127,-111.035],"tool":false,"touchDistance":0.333333,"touchZone":"none","type":2,"width":18.9921},{"bases":[[[0.992361,-0.10594,0.063223],[0.0895892,0.971132,0.221078],[-0.084819,-0.213725,0.973205]],[[0.99304,-0.104134,0.055015],[0.0902423,0.372628,-0.923583],[0.0756766,0.92212,0.379432]],[[0.99304,-0.104134,0.055015],[-0.00106974,-0.475081,-0.879942],[0.117769,0.873759,-0.471886]],[[0.99304,-0.104134,0.055015],[-0.0450545,-0.767488,-0.639479],[0.108815,0.63255,-0.766838]]],"btipPosition":[50.6661,262.012,28.8196],"carpPosition":[54.0289,325.831,79.3208],"dipPosition":[52.6986,273.827,14.4958],"direction":[-0.117769,-0.873759,0.471886],"extended":false,"handId":535,"id":5353,"length":64.4113,"mcpPosition":[59.3405,339.215,18.3755],"pipPosition":[55.9602,298.026,1.42713],"stabilizedTipPosition":[12.428,256.016,114.565],"timeVisible":0.370622,"tipPosition":[51.1167,265.177,26.1669],"tipVelocity":[45.1001,55.3604,-102.647],"tool":false,"touchDistance":0.333333,"touchZone":"none","type":3,"width":18.0722},{"bases":[[[0.947339,-0.288958,0.138033],[0.234999,0.92011,0.313326],[-0.217543,-0.264389,0.93956]],[[0.94312,-0.293834,0.155516],[0.266097,0.386778,-0.882947],[0.19929,0.874108,0.442967]],[[0.94312,-0.293834,0.155516],[0.0117188,-0.438113,-0.898844],[0.332245,0.84954,-0.40975]],[[0.94312,-0.293834,0.155516],[-0.11274,-0.722746,-0.681856],[0.312751,0.62554,-0.714763]]],"btipPosition":[60.526,276.708,29.0283],"carpPosition":[66.8459,319.672,78.8242],"dipPosition":[65.9154,287.488,16.7114],"direction":[-0.332245,-0.84954,0.40975],"extended":false,"handId":535,"id":5354,"length":50.4973,"mcpPosition":[79.4568,334.999,24.3581],"pipPosition":[72.412,304.099,8.69931],"stabilizedTipPosition":[25.7486,264.825,102.181],"timeVisible":0.370622,"tipPosition":[61.7407,279.317,26.4224],"tipVelocity":[43.8987,56.5622,-117.894],"tool":false,"touchDistance":0.333333,"touchZone":"none","type":4,"width":16.0532}],"r":[[0.971099,0.213227,0.107245],[-0.215157,0.976557,0.00662061],[-0.103319,-0.0295038,0.994211]],"s":1.01868,"t":[34.3381,12.551,-102.904],"timestamp":522418187215},false],[2,{"currentFrameRate":100.496,"devices":[],"gestures":[],"hands":[{"armBasis":[[0.974314,0.140312,-0.176139],[-0.137901,0.990107,0.0259182],[0.178033,-0.000962796,0.984024]],"armWidth":63.703,"confidence":0.70062,"direction":[-0.0557955,0.339184,-0.939064],"elbow":[100.361,313.187,351.144],"grabStrength":0,"id":535,"palmNormal":[0.12672,-0.930518,-0.343626],"palmPosition":[42.2928,326.686,33.416],"palmVelocity":[32.3264,57.1961,-132.668],"palmWidth":90.9658,"pinchStrength":0.58037,"r":[[0.970625,0.216184,0.1056],[-0.217464,0.976068,0.000626799],[-0.102937,-0.0235726,0.994409]],"s":1.02153,"sphereCenter":[60.0925,287.285,0.918221],"sphereRadius":49.929,"stabilizedPalmPosition":[9.02056,313.371,134.074],"t":[34.6261,13.1327,-104.331],"timeVisible":0.379727,"type":"right","wrist":[52.305,313.447,85.5279]}],"id":4176501,"interactionBox":{"center":[0,200,0],"size":[235.247,235.247,147.751]},"pointables":[{"bases":[[[0.274292,0.954066,0.120511],[-0.831938,0.17257,0.52735],[0.48233,-0.244905,0.841058]],[[0.127157,0.984408,-0.121537],[-0.944624,0.157557,0.287856],[0.302516,0.0782038,0.949931]],[[0.127157,0.984408,-0.121537],[-0.991748,0.124162,-0.0319344],[-0.0163462,0.124594,0.992073]],[[0.127157,0.984408,-0.121537],[-0.853483,0.0461594,-0.519072],[-0.505369,0.169733,0.846046]]],"btipPosition":[22.9228,286.18,-15.7322],"carpPosition":[25.6382,298.301,85.285],"dipPosition":[11.0985,290.152,4.06305],"direction":[0.0163462,-0.124594,-0.992073],"extended":false,"handId":535,"id":5350,"length":52.1025,"mcpPosition":[25.6382,298.301,85.285],"pipPosition":[10.5413,294.399,37.8794],"stabilizedTipPosition":[-20.6531,273.816,90.784],"timeVisible":0.379727,"tipPosition":[21.0771,286.302,-10.5591],"tipVelocity":[18.1034,47.5402,-122.376],"tool":false,"touchDistance":-0.425815,"touchZone":"touching","type":0,"width":20.2446},{"bases":[[[0.96694,0.193159,-0.166481],[-0.158144,0.966382,0.202724],[0.200042,-0.169694,0.96498]],[[0.981279,0.176668,-0.0766799],[-0.180135,0.982792,-0.0408849],[0.0681373,0.0539322,0.996217]],[[0.981279,0.176668,-0.0766799],[-0.191883,0.930943,-0.310687],[0.0164962,0.319584,0.947414]],[[0.981279,0.176668,-0.0766799],[-0.191265,0.847311,-0.495461],[-0.0225604,0.500852,0.865239]]],"btipPosition":[12.8968,315.121,-69.5508],"carpPosition":[30.5497,321.234,81.8844],"dipPosition":[12.5114,323.676,-54.7716],"direction":[-0.0164962,-0.319584,-0.947414],"extended":true,"handId":535,"id":5351,"length":58.7918,"mcpPosition":[15.8366,333.715,10.9101],"pipPosition":[12.91,331.398,-31.8784],"stabilizedTipPosition":[-23.8295,309.921,32.4426],"timeVisible":0.379727,"tipPosition":[13.5054,316.219,-65.7173],"tipVelocity":[13.8925,24.6037,-134.153],"tool":false,"touchDistance":-0.477532,"touchZone":"touching","type":1,"width":19.3376},{"bases":[[[0.997774,0.000863599,-0.0666818],[0.0120355,0.981165,0.192796],[0.0655923,-0.19317,0.97897]],[[0.998164,-0.000340854,-0.0605765],[-0.0547714,0.422121,-0.904883],[0.025879,0.906539,0.421327]],[[0.998164,-0.000340854,-0.0605765],[-0.0548047,-0.431115,-0.900631],[-0.0258084,0.902297,-0.430342]],[[0.998164,-0.000340854,-0.0605765],[-0.0404102,-0.748718,-0.661655],[-0.0451292,0.662888,-0.747357]]],"btipPosition":[37.6972,257.015,17.3232],"carpPosition":[41.9377,325.331,79.6338],"dipPosition":[36.8494,269.469,3.28257],"direction":[0.0258084,-0.902297,0.430342],"extended":false,"handId":535,"id":5352,"length":66.9886,"mcpPosition":[37.3627,338.804,11.3512],"pipPosition":[36.1157,295.12,-8.95153],"stabilizedTipPosition":[-2.08084,253.263,106.221],"timeVisible":0.379727,"tipPosition":[37.6179,260.332,15.1693],"tipVelocity":[41.9206,43.2848,-108.447],"tool":false,"touchDistance":0.333333,"touchZone":"none","type":2,"width":18.9921},{"bases":[[[0.992786,-0.101539,0.0637658],[0.0853759,0.972062,0.218649],[-0.0841857,-0.211627,0.973718]],[[0.993484,-0.099685,0.0552502],[0.0886387,0.371066,-0.924366],[0.0716441,0.92324,0.377484]],[[0.993484,-0.099685,0.0552502],[0.0011235,-0.476179,-0.879348],[0.113967,0.87368,-0.472964]],[[0.993484,-0.099685,0.0552502],[-0.0415681,-0.768298,-0.638741],[0.106122,0.632283,-0.767435]]],"btipPosition":[51.0224,262.39,27.7842],"carpPosition":[54.0891,326.383,78.1895],"dipPosition":[53.0046,274.2,13.4492],"direction":[-0.113967,-0.87368,0.472964],"extended":false,"handId":535,"id":5353,"length":64.4113,"mcpPosition":[59.3611,339.636,17.212],"pipPosition":[56.1609,298.397,0.350679],"stabilizedTipPosition":[12.8427,256.113,113.608],"timeVisible":0.379727,"tipPosition":[51.4569,265.55,25.1271],"tipVelocity":[43.0934,51.4833,-105.796],"tool":false,"touchDistance":0.333333,"touchZone":"none","type":3,"width":18.0722},{"bases":[[[0.948525,-0.284558,0.139025],[0.230976,0.921894,0.311066],[-0.216683,-0.262942,0.940165]],[[0.944096,-0.289657,0.157425],[0.265499,0.384956,-0.883922],[0.195432,0.876303,0.440339]],[[0.944096,-0.289657,0.157425],[0.0146336,-0.440228,-0.897767],[0.329347,0.849881,-0.411379]],[[0.944096,-0.289657,0.157425],[-0.108821,-0.724564,-0.680562],[0.311193,0.625385,-0.715578]]],"btipPosition":[60.7826,277.149,28.0199],"carpPosition":[66.9325,320.278,77.712],"dipPosition":[66.1451,287.925,15.6889],"direction":[-0.329347,-0.849881,0.411379],"extended":false,"handId":535,"id":5354,"length":50.4973,"mcpPosition":[79.4935,335.521,23.2108],"pipPosition":[72.585,304.544,7.64494],"stabilizedTipPosition":[26.0765,264.959,101.485],"timeVisible":0.379727,"tipPosition":[62.0006,279.759,25.4052],"tipVelocity":[39.3511,54.2682,-116.014],"tool":false,"touchDistance":0.333333,"touchZone":"none","type":4,"width":16.0532}],"r":[[0.970625,0.216184,0.1056],[-0.217464,0.976068,0.000626799],[-0.102937,-0.0235726,0.994409]],"s":1.02153,"t":[34.6261,13.1327,-104.331],"timestamp":522418196320},false],[3,{"currentFrameRate":100.972,"devices":[],"gestures":[],"hands":[{"armBasis":[[0.973547,0.144809,-0.17674],[-0.143014,0.989455,0.0229228],[0.178196,0.00295994,0.983991]],"armWidth":63.703,"confidence":0.712215,"direction":[-0.0577493,0.338489,-0.939197],"elbow":[100.641,314.534,350.281],"grabStrength":0,"id":535,"palmNormal":[0.131423,-0.930002,-0.343256],"palmPosition":[42.4486,326.901,32.5591],"palmVelocity":[28.2174,48.0692,-122.453],"palmWidth":90.9658,"pinchStrength":0.574752,"r":[[0.970021,0.219547,0.104207],[-0.220314,0.97542,-0.00423895],[-0.102576,-0.0188463,0.994547]],"s":1.02428,"sphereCenter":[60.3204,287.572,0.0499566],"sphereRadius":49.9321,"stabilizedPalmPosition":[9.11412,313.409,133.79],"t":[34.8479,13.5308,-105.473],"timeVisible":0.388709,"type":"right","wrist":[52.5404,313.735,84.6744]}],"id":4176502,"interactionBox":{"center":[0,200,0],"size":[235.247,235.247,147.751]},"pointables":[{"bases":[[[0.269413,0.955514,0.120039],[-0.832695,0.168519,0.527466],[0.483772,-0.242062,0.841053]],[[0.12285,0.985049,-0.120772],[-0.945384,0.153179,0.287723],[0.301921,0.0788293,0.950068]],[[0.12285,0.985049,-0.120772],[-0.992349,0.120415,-0.0272822],[-0.0123316,0.1232,0.992305]],[[0.12285,0.985049,-0.120772],[-0.856772,0.0438539,-0.513827],[-0.500848,0.166598,0.84935]]],"btipPosition":[23.0233,286.422,-16.6652],"carpPosition":[25.9516,298.453,84.444],"dipPosition":[11.3048,290.32,3.20733],"direction":[0.0123316,-0.1232,-0.992305],"extended":false,"handId":535,"id":5350,"length":52.1025,"mcpPosition":[25.9516,298.453,84.444],"pipPosition":[10.8845,294.519,37.0316],"stabilizedTipPosition":[-20.5459,273.851,90.5149],"timeVisible":0.388709,"tipPosition":[21.2213,286.54,-11.4887],"tipVelocity":[16.9527,41.3626,-116.763],"tool":false,"touchDistance":-0.425295,"touchZone":"touching","type":0,"width":20.2446},{"bases":[[[0.965897,0.198054,-0.166784],[-0.163062,0.965643,0.202345],[0.201129,-0.168248,0.965008]],[[0.98015,0.181992,-0.0786446],[-0.185539,0.981807,-0.0403714],[0.0698666,0.0541616,0.996085]],[[0.98015,0.181992,-0.0786446],[-0.197501,0.930918,-0.307222],[0.0172998,0.316656,0.948383]],[[0.98015,0.181992,-0.0786446],[-0.19698,0.848976,-0.490345],[-0.0224712,0.496103,0.867973]]],"btipPosition":[12.9164,315.332,-70.4691],"carpPosition":[30.7445,321.409,81.0325],"dipPosition":[12.5326,323.806,-55.6432],"direction":[-0.0172998,-0.316656,-0.948383],"extended":true,"handId":535,"id":5351,"length":58.7918,"mcpPosition":[15.9515,333.784,10.0562],"pipPosition":[12.9506,331.458,-32.7266],"stabilizedTipPosition":[-23.8144,309.924,32.4017],"timeVisible":0.388709,"tipPosition":[13.5386,316.415,-66.6306],"tipVelocity":[10.695,23.7288,-125.077],"tool":false,"touchDistance":-0.471725,"touchZone":"touching","type":1,"width":19.3376},{"bases":[[[0.997741,0.00596202,-0.0669092],[0.00703689,0.981297,0.192373],[0.0668047,-0.192409,0.979038]],[[0.998144,0.00474535,-0.0607176],[-0.0570563,0.42155,-0.905008],[0.021301,0.906793,0.421038]],[[0.998144,0.00474535,-0.0607176],[-0.0527371,-0.431312,-0.90066],[-0.0304622,0.90219,-0.430261]],[[0.998144,0.00474535,-0.0607176],[-0.0366996,-0.748758,-0.661826],[-0.0486034,0.662826,-0.747194]]],"btipPosition":[38.2039,257.187,16.4708],"carpPosition":[42.1108,325.563,78.7776],"dipPosition":[37.2908,269.64,2.43323],"direction":[0.0304622,-0.90219,0.430261],"extended":false,"handId":535,"id":5352,"length":66.9886,"mcpPosition":[37.4512,338.984,10.4902],"pipPosition":[36.4248,295.288,-9.79858],"stabilizedTipPosition":[-1.83964,253.304,105.662],"timeVisible":0.388709,"tipPosition":[38.1062,260.499,14.3025],"tipVelocity":[45.4355,36.651,-104.713],"tool":false,"touchDistance":0.333333,"touchZone":"none","type":2,"width":18.9921},{"bases":[[[0.993309,-0.0964089,0.0635834],[0.080429,0.972581,0.218212],[-0.0828777,-0.211638,0.973828]],[[0.994015,-0.0944998,0.0548142],[0.0861981,0.370176,-0.924954],[0.067117,0.924142,0.376106]],[[0.994015,-0.0944998,0.0548142],[0.00314266,-0.476805,-0.879003],[0.109201,0.873914,-0.473654]],[[0.994015,-0.0944998,0.0548142],[-0.0378577,-0.768621,-0.638583],[0.102477,0.632686,-0.767598]]],"btipPosition":[51.5099,262.631,27.0016],"carpPosition":[54.2563,326.677,77.33],"dipPosition":[53.4241,274.449,12.6636],"direction":[-0.109201,-0.873914,0.473654],"extended":false,"handId":535,"id":5353,"length":64.4113,"mcpPosition":[59.4464,339.931,16.3457],"pipPosition":[56.4484,298.652,-0.454112],"stabilizedTipPosition":[13.2257,256.203,112.728],"timeVisible":0.388709,"tipPosition":[51.9268,265.785,24.3047],"tipVelocity":[45.6823,44.7762,-100.702],"tool":false,"touchDistance":0.333333,"touchZone":"none","type":3,"width":18.0722},{"bases":[[[0.950006,-0.27962,0.138931],[0.226306,0.923202,0.310618],[-0.215117,-0.263648,0.940327]],[[0.945315,-0.285055,0.158501],[0.264461,0.385483,-0.884004],[0.19089,0.87758,0.439789]],[[0.945315,-0.285055,0.158501],[0.017881,-0.439939,-0.89785],[0.325667,0.851585,-0.410784]],[[0.945315,-0.285055,0.158501],[-0.104302,-0.724652,-0.681176],[0.309031,0.627394,-0.714757]]],"btipPosition":[61.1599,277.437,27.1444],"carpPosition":[67.1308,320.638,76.8522],"dipPosition":[66.4852,288.248,14.8275],"direction":[-0.325667,-0.851585,0.410784],"extended":false,"handId":535,"id":5354,"length":50.4973,"mcpPosition":[79.601,335.922,22.3417],"pipPosition":[72.8531,304.9,6.79524],"stabilizedTipPosition":[26.3679,265.079,100.866],"timeVisible":0.388709,"tipPosition":[62.38,280.058,24.538],"tipVelocity":[39.8176,48.4328,-110.832],"tool":false,"touchDistance":0.333333,"touchZone":"none","type":4,"width":16.0532}],"r":[[0.970021,0.219547,0.104207],[-0.220314,0.97542,-0.00423895],[-0.102576,-0.0188463,0.994547]],"s":1.02428,"t":[34.8479,13.5308,-105.473],"timestamp":522418205302},false],[4,{"currentFrameRate":101.401,"devices":[],"gestures":[],"hands":[{"armBasis":[[0.972157,0.148761,-0.181054],[-0.147422,0.988853,0.0209109],[0.182146,0.00636256,0.983251]],"armWidth":63.703,"confidence":0.719535,"direction":[-0.0582056,0.338052,-0.939326],"elbow":[101.763,315.853,348.975],"grabStrength":0,"id":535,"palmNormal":[0.135903,-0.929478,-0.342929],"palmPosition":[42.5041,327.247,31.4394],"palmVelocity":[22.1372,45.3759,-122.858],"palmWidth":90.9658,"pinchStrength":0.570016,"r":[[0.969311,0.22309,0.103284],[-0.223451,0.974681,-0.00821491],[-0.102502,-0.0151162,0.994618]],"s":1.02688,"sphereCenter":[60.4737,287.972,-1.07165],"sphereRadius":49.9419,"stabilizedPalmPosition":[9.1961,313.443,133.538],"t":[34.9866,13.9029,-106.603],"timeVisible":0.397744,"type":"right","wrist":[52.5964,314.136,83.5684]}],"id":4176503,"interactionBox":{"center":[0,200,0],"size":[235.247,235.247,147.751]},"pointables":[{"bases":[[[0.265062,0.956716,0.120149],[-0.834012,0.164944,0.526514],[0.483907,-0.239765,0.841633]],[[0.119535,0.985621,-0.119425],[-0.946323,0.149492,0.286574],[0.300306,0.0787586,0.950586]],[[0.119535,0.985621,-0.119425],[-0.992788,0.117558,-0.0234923],[-0.00911519,0.121371,0.992565]],[[0.119535,0.985621,-0.119425],[-0.859812,0.042624,-0.508829],[-0.496422,0.163506,0.852544]]],"btipPosition":[23.0147,286.844,-17.907],"carpPosition":[26.0756,298.737,83.3117],"dipPosition":[11.3997,290.669,2.04033],"direction":[0.00911519,-0.121371,-0.992565],"extended":false,"handId":535,"id":5350,"length":52.1025,"mcpPosition":[26.0756,298.737,83.3117],"pipPosition":[11.089,294.806,35.8734],"stabilizedTipPosition":[-20.4558,273.882,90.2861],"timeVisible":0.397744,"tipPosition":[21.2603,286.956,-12.7269],"tipVelocity":[12.7448,42.314,-121.934],"tool":false,"touchDistance":-0.429467,"touchZone":"touching","type":0,"width":20.2446},{"bases":[[[0.965198,0.202282,-0.165757],[-0.167544,0.964953,0.201976],[0.200804,-0.167176,0.965262]],[[0.979212,0.186644,-0.0794208],[-0.190228,0.980917,-0.0401861],[0.0704047,0.0544588,0.996031]],[[0.979212,0.186644,-0.0794208],[-0.202115,0.930864,-0.30437],[0.0171212,0.314095,0.949237]],[[0.979212,0.186644,-0.0794208],[-0.201512,0.850434,-0.485957],[-0.0231586,0.491859,0.870367]]],"btipPosition":[12.9596,315.678,-71.6785],"carpPosition":[30.7709,321.713,79.901],"dipPosition":[12.5641,324.08,-56.8118],"direction":[-0.0171212,-0.314095,-0.949237],"extended":true,"handId":535,"id":5351,"length":58.7918,"mcpPosition":[16.0017,334.009,8.90604],"pipPosition":[12.9778,331.67,-33.8744],"stabilizedTipPosition":[-23.8025,309.927,32.3691],"timeVisible":0.397744,"tipPosition":[13.5941,316.759,-67.8388],"tipVelocity":[8.98411,27.2435,-127.209],"tool":false,"touchDistance":-0.470886,"touchZone":"touching","type":1,"width":19.3376},{"bases":[[[0.997778,0.0103511,-0.0658101],[0.00249537,0.981355,0.192189],[0.0665724,-0.191926,0.979149]],[[0.998192,0.00909643,-0.0594088],[-0.0576842,0.422503,-0.904524],[0.0168724,0.906316,0.422264]],[[0.998192,0.00909643,-0.0594088],[-0.0497576,-0.429341,-0.901771],[-0.0337095,0.903097,-0.428112]],[[0.998192,0.00909643,-0.0594088],[-0.0326976,-0.747198,-0.663797],[-0.0504283,0.66454,-0.74555]]],"btipPosition":[38.5705,257.472,15.1922],"carpPosition":[42.1213,325.917,77.6578],"dipPosition":[37.6232,269.956,1.18558],"direction":[0.0337095,-0.903097,0.428112],"extended":false,"handId":535,"id":5352,"length":66.9886,"mcpPosition":[37.4779,339.303,9.36272],"pipPosition":[36.6648,295.63,-10.9851],"stabilizedTipPosition":[-1.62622,253.342,105.164],"timeVisible":0.397744,"tipPosition":[38.4606,260.779,13.0303],"tipVelocity":[43.8572,35.4582,-114.633],"tool":false,"touchDistance":0.333333,"touchZone":"none","type":2,"width":18.9921},{"bases":[[[0.993654,-0.0920135,0.0646975],[0.0758967,0.972968,0.218111],[-0.0830178,-0.211816,0.973777]],[[0.994372,-0.0900699,0.0557771],[0.0854313,0.370378,-0.924944],[0.062651,0.924504,0.375988]],[[0.994372,-0.0900699,0.0557771],[0.00615561,-0.476478,-0.879165],[0.105763,0.874561,-0.473242]],[[0.994372,-0.0900699,0.0557771],[-0.0337551,-0.768409,-0.639069],[0.10042,0.633589,-0.767125]]],"btipPosition":[51.8588,262.998,25.8831],"carpPosition":[54.2633,327.084,76.2234],"dipPosition":[53.7346,274.833,11.554],"direction":[-0.105763,-0.874561,0.473242],"extended":false,"handId":535,"id":5353,"length":64.4113,"mcpPosition":[59.4621,340.349,15.2423],"pipPosition":[56.6637,299.053,-1.55227],"stabilizedTipPosition":[13.5716,256.288,111.93],"timeVisible":0.397744,"tipPosition":[52.2635,266.153,23.1824],"tipVelocity":[43.4664,43.7442,-107],"tool":false,"touchDistance":0.333333,"touchZone":"none","type":3,"width":18.0722},{"bases":[[[0.951076,-0.2754,0.140033],[0.221888,0.924251,0.310687],[-0.214989,-0.264415,0.940141]],[[0.946166,-0.281096,0.160484],[0.264543,0.385856,-0.883817],[0.186513,0.878692,0.439446]],[[0.946166,-0.281096,0.160484],[0.0216325,-0.439785,-0.897842],[0.322958,0.85298,-0.410029]],[[0.946166,-0.281096,0.160484],[-0.0996788,-0.724752,-0.681761],[0.307952,0.629062,-0.713755]]],"btipPosition":[61.4128,277.849,26.0441],"carpPosition":[67.1648,321.102,75.761],"dipPosition":[66.7195,288.69,13.7445],"direction":[-0.322958,-0.85298,0.410029],"extended":false,"handId":535,"id":5354,"length":50.4973,"mcpPosition":[79.6277,336.43,21.2613],"pipPosition":[73.0345,305.368,5.72694],"stabilizedTipPosition":[26.6256,265.187,100.314],"timeVisible":0.397744,"tipPosition":[62.6371,280.479,23.4391],"tipVelocity":[36.4297,47.8697,-113.728],"tool":false,"touchDistance":0.333333,"touchZone":"none","type":4,"width":16.0532}],"r":[[0.969311,0.22309,0.103284],[-0.223451,0.974681,-0.00821491],[-0.102502,-0.0151162,0.994618]],"s":1.02688,"t":[34.9866,13.9029,-106.603],"timestamp":522418214337},false],[5,{"currentFrameRate":101.8,"devices":[],"gestures":[],"hands":[{"armBasis":[[0.970186,0.151862,-0.188883],[-0.150554,0.988371,0.0213378],[0.189927,0.00773554,0.981768]],"armWidth":63.703,"confidence":0.727925,"direction":[-0.0579257,0.336285,-0.939977],"elbow":[103.881,316.579,347.879],"grabStrength":0,"id":535,"palmNormal":[0.139333,-0.929619,-0.341166],"palmPosition":[42.5557,327.482,30.7068],"palmVelocity":[17.5999,40.0323,-111.276],"palmWidth":90.9658,"pinchStrength":0.564131,"r":[[0.968562,0.226568,0.102737],[-0.226572,0.973923,-0.0117859],[-0.102728,-0.011862,0.994639]],"s":1.0293,"sphereCenter":[60.5846,288.204,-1.73406],"sphereRadius":49.9396,"stabilizedPalmPosition":[9.26641,313.472,133.322],"t":[35.0817,14.2067,-107.535],"timeVisible":0.4068,"type":"right","wrist":[52.6146,314.491,82.8722]}],"id":4176504,"interactionBox":{"center":[0,200,0],"size":[235.247,235.247,147.751]},"pointables":[{"bases":[[[0.261863,0.957751,0.118914],[-0.835284,0.16319,0.525042],[0.483454,-0.236816,0.842728]],[[0.117179,0.985835,-0.119992],[-0.947308,0.147226,0.284486],[0.298122,0.0803335,0.951141]],[[0.117179,0.985835,-0.119992],[-0.99309,0.115539,-0.0205583],[-0.00640345,0.121572,0.992562]],[[0.117179,0.985835,-0.119992],[-0.862355,0.0410793,-0.504635],[-0.492558,0.162608,0.854954]]],"btipPosition":[23.0082,287.05,-18.6991],"carpPosition":[26.143,299.008,82.6036],"dipPosition":[11.4837,290.855,1.30457],"direction":[0.00640345,-0.121572,-0.992562],"extended":false,"handId":535,"id":5350,"length":52.1025,"mcpPosition":[26.143,299.008,82.6036],"pipPosition":[11.2654,294.999,35.1375],"stabilizedTipPosition":[-20.3818,273.907,90.0968],"timeVisible":0.4068,"tipPosition":[21.2883,287.181,-13.5159],"tipVelocity":[9.6635,36.7855,-112.026],"tool":false,"touchDistance":-0.426541,"touchZone":"touching","type":0,"width":20.2446},{"bases":[[[0.96479,0.205056,-0.164718],[-0.170884,0.964756,0.200109],[0.199946,-0.164915,0.965828]],[[0.978532,0.189924,-0.0800303],[-0.193644,0.980192,-0.0415423],[0.0705552,0.0561478,0.995926]],[[0.978532,0.189924,-0.0800303],[-0.205405,0.930505,-0.303265],[0.0168714,0.313193,0.94954]],[[0.978532,0.189924,-0.0800303],[-0.204732,0.851153,-0.483346],[-0.023681,0.489354,0.871763]]],"btipPosition":[13.0309,315.784,-72.4871],"carpPosition":[30.7705,321.993,79.1609],"dipPosition":[12.6264,324.143,-57.5965],"direction":[-0.0168714,-0.313193,-0.94954],"extended":true,"handId":535,"id":5351,"length":58.7918,"mcpPosition":[16.0645,334.122,8.12417],"pipPosition":[13.0341,331.711,-34.6518],"stabilizedTipPosition":[-23.7933,309.929,32.3437],"timeVisible":0.4068,"tipPosition":[13.6743,316.869,-68.649],"tipVelocity":[8.61315,22.6496,-116.574],"tool":false,"touchDistance":-0.464177,"touchZone":"touching","type":1,"width":19.3376},{"bases":[[[0.997834,0.0133977,-0.0644004],[-0.00088352,0.98168,0.190536],[0.0657733,-0.190067,0.979565]],[[0.998246,0.0121433,-0.0579358],[-0.0576675,0.420391,-0.905509],[0.0133598,0.907262,0.420354]],[[0.998246,0.0121433,-0.0579358],[-0.0470527,-0.431085,-0.901083],[-0.0359174,0.902229,-0.429758]],[[0.998246,0.0121433,-0.0579358],[-0.0293599,-0.748292,-0.66272],[-0.0514005,0.663258,-0.746623]]],"btipPosition":[38.8661,257.657,14.5911],"carpPosition":[42.1107,326.229,76.9267],"dipPosition":[37.9004,270.118,0.564326],"direction":[0.0359174,-0.902229,0.429758],"extended":false,"handId":535,"id":5352,"length":66.9886,"mcpPosition":[37.5231,339.486,8.60263],"pipPosition":[36.8793,295.767,-11.6532],"stabilizedTipPosition":[-1.43517,253.376,104.719],"timeVisible":0.4068,"tipPosition":[38.7469,260.957,12.3959],"tipVelocity":[40.6307,31.1602,-101.454],"tool":false,"touchDistance":0.333333,"touchZone":"none","type":2,"width":18.9921},{"bases":[[[0.993846,-0.0887598,0.0662737],[0.0725066,0.973569,0.216578],[-0.0837455,-0.21044,0.974013]],[[0.99459,-0.0867757,0.0571055],[0.0853783,0.369704,-0.925219],[0.0591744,0.925089,0.375113]],[[0.99459,-0.0867757,0.0571055],[0.00891239,-0.476418,-0.879174],[0.103497,0.874926,-0.473067]],[[0.99459,-0.0867757,0.0571055],[-0.0303206,-0.76829,-0.639384],[0.0993565,0.634193,-0.766764]]],"btipPosition":[52.1301,263.212,25.1802],"carpPosition":[54.2511,327.432,75.5078],"dipPosition":[53.986,275.058,10.8578],"direction":[-0.103497,-0.874926,0.473067],"extended":false,"handId":535,"id":5353,"length":64.4113,"mcpPosition":[59.4955,340.611,14.5118],"pipPosition":[56.8523,299.289,-2.24359],"stabilizedTipPosition":[13.8795,256.364,111.218],"timeVisible":0.4068,"tipPosition":[52.5261,266.366,22.4872],"tipVelocity":[39.597,38.2844,-98.8421],"tool":false,"touchDistance":0.333333,"touchZone":"none","type":3,"width":18.0722},{"bases":[[[0.95174,-0.272153,0.141858],[0.218518,0.92547,0.309444],[-0.215501,-0.263512,0.940277]],[[0.946601,-0.278067,0.163174],[0.26541,0.384745,-0.884041],[0.183042,0.880142,0.438002]],[[0.946601,-0.278067,0.163174],[0.0251557,-0.440868,-0.89722],[0.321425,0.853413,-0.410331]],[[0.946601,-0.278067,0.163174],[-0.0957221,-0.725681,-0.68134],[0.307871,0.629338,-0.713547]]],"btipPosition":[61.6038,278.121,25.4024],"carpPosition":[67.1721,321.49,75.0739],"dipPosition":[66.9091,288.966,13.1064],"direction":[-0.321425,-0.853413,0.410331],"extended":false,"handId":535,"id":5354,"length":50.4973,"mcpPosition":[79.6646,336.766,20.5663],"pipPosition":[73.1941,305.653,5.083],"stabilizedTipPosition":[26.8533,265.284,99.8251],"timeVisible":0.4068,"tipPosition":[62.8353,280.754,22.7987],"tipVelocity":[32.1871,42.9626,-101.868],"tool":false,"touchDistance":0.333333,"touchZone":"none","type":4,"width":16.0532}],"r":[[0.968562,0.226568,0.102737],[-0.226572,0.973923,-0.0117859],[-0.102728,-0.011862,0.994639]],"s":1.0293,"t":[35.0817,14.2067,-107.535],"timestamp":522418223393},false],[6,{"currentFrameRate":102.218,"devices":[],"gestures":[],"hands":[{"armBasis":[[0.968964,0.154333,-0.193107],[-0.153292,0.98797,0.0204115],[0.193934,0.00982373,0.980965]],"armWidth":63.703,"confidence":0.723896,"direction":[-0.0586417,0.335993,-0.940037],"elbow":[105.028,317.359,347.137],"grabStrength":0,"id":535,"palmNormal":[0.141973,-0.929279,-0.341005],"palmPosition":[42.5967,327.663,30.1773],"palmVelocity":[14.0269,34.5674,-96.9272],"palmWidth":90.9658,"pinchStrength":0.558044,"r":[[0.967824,0.229884,0.102326],[-0.229603,0.973174,-0.0146786],[-0.102955,-0.00928802,0.994643]],"s":1.03186,"sphereCenter":[60.5508,288.432,-2.27974],"sphereRadius":49.9223,"stabilizedPalmPosition":[9.32575,313.498,133.138],"t":[35.1498,14.4489,-108.266],"timeVisible":0.415784,"type":"right","wrist":[52.6797,314.707,82.3467]}],"id":4176505,"interactionBox":{"center":[0,200,0],"size":[235.247,235.247,147.751]},"pointables":[{"bases":[[[0.259194,0.958486,0.118839],[-0.835849,0.160959,0.524832],[0.483916,-0.235365,0.84287]],[[0.115195,0.98619,-0.118991],[-0.947893,0.144952,0.283704],[0.297034,0.0801095,0.951501]],[[0.115195,0.98619,-0.118991],[-0.993341,0.114121,-0.0158223],[-0.00202437,0.120021,0.992769]],[[0.115195,0.98619,-0.118991],[-0.866012,0.0410293,-0.498336],[-0.486572,0.160453,0.858779]]],"btipPosition":[22.8812,287.307,-19.3428],"carpPosition":[26.251,299.15,82.0744],"dipPosition":[11.4967,291.061,0.750352],"direction":[0.00202437,-0.120021,-0.992769],"extended":false,"handId":535,"id":5350,"length":52.1025,"mcpPosition":[26.251,299.15,82.0744],"pipPosition":[11.4277,295.153,34.5904],"stabilizedTipPosition":[-20.321,273.928,89.94],"timeVisible":0.415784,"tipPosition":[21.213,287.442,-14.147],"tipVelocity":[4.12069,34.1922,-100.329],"tool":false,"touchDistance":-0.421568,"touchZone":"touching","type":0,"width":20.2446},{"bases":[[[0.964258,0.207693,-0.16453],[-0.173589,0.964309,0.199935],[0.200183,-0.164229,0.965896]],[[0.977772,0.193,-0.0819336],[-0.196745,0.979625,-0.0403261],[0.0724812,0.0555497,0.995822]],[[0.977772,0.193,-0.0819336],[-0.208847,0.931119,-0.298998],[0.0185831,0.309464,0.95073]],[[0.977772,0.193,-0.0819336],[-0.208493,0.853594,-0.477397],[-0.0221998,0.483868,0.874859]]],"btipPosition":[12.9094,316.098,-73.1006],"carpPosition":[30.8158,322.148,78.6294],"dipPosition":[12.5302,324.363,-58.1571],"direction":[-0.0185831,-0.309464,-0.95073],"extended":true,"handId":535,"id":5351,"length":58.7918,"mcpPosition":[16.0924,334.227,7.58778],"pipPosition":[12.9792,331.841,-35.1837],"stabilizedTipPosition":[-23.7858,309.93,32.3227],"timeVisible":0.415784,"tipPosition":[13.5764,317.154,-69.2551],"tipVelocity":[2.72169,25.3598,-102.965],"tool":false,"touchDistance":-0.455113,"touchZone":"touching","type":1,"width":19.3376},{"bases":[[[0.997808,0.0161406,-0.0641784],[-0.0036337,0.9817,0.190399],[0.0660771,-0.189748,0.979607]],[[0.998224,0.0148819,-0.0576806],[-0.0585897,0.420178,-0.905548],[0.0107598,0.90732,0.420304]],[[0.998224,0.0148819,-0.0576806],[-0.0456564,-0.430813,-0.901285],[-0.0382624,0.902318,-0.429369]],[[0.998224,0.0148819,-0.0576806],[-0.0271719,-0.74794,-0.66321],[-0.0530115,0.6636,-0.746207]]],"btipPosition":[39.1012,257.809,14.0423],"carpPosition":[42.1448,326.415,76.3973],"dipPosition":[38.1053,270.276,0.0233382],"direction":[0.0382624,-0.902318,0.429369],"extended":false,"handId":535,"id":5352,"length":66.9886,"mcpPosition":[37.536,339.65,8.0703],"pipPosition":[37.0175,295.928,-12.1831],"stabilizedTipPosition":[-1.26521,253.407,104.323],"timeVisible":0.415784,"tipPosition":[38.972,261.106,11.8342],"tipVelocity":[36.4542,27.2961,-90.3315],"tool":false,"touchDistance":0.333333,"touchZone":"none","type":2,"width":18.9921},{"bases":[[[0.994072,-0.0860093,0.0665091],[0.0697727,0.973796,0.216458],[-0.0833836,-0.210534,0.974024]],[[0.994824,-0.0839914,0.0571885],[0.0843448,0.368707,-0.925711],[0.056666,0.925743,0.373883]],[[0.994824,-0.0839914,0.0571885],[0.0102634,-0.476875,-0.878911],[0.101093,0.874949,-0.473544]],[[0.994824,-0.0839914,0.0571885],[-0.0281115,-0.768338,-0.639426],[0.0976464,0.634509,-0.766723]]],"btipPosition":[52.3491,263.401,24.72],"carpPosition":[54.2821,327.651,74.9809],"dipPosition":[54.173,275.253,10.3984],"direction":[-0.101093,-0.874949,0.473544],"extended":false,"handId":535,"id":5353,"length":64.4113,"mcpPosition":[59.5039,340.836,13.9843],"pipPosition":[56.9727,299.485,-2.71622],"stabilizedTipPosition":[14.1542,256.433,110.584],"timeVisible":0.415784,"tipPosition":[52.7381,266.549,21.9845],"tipVelocity":[35.1991,33.6037,-85.7807],"tool":false,"touchDistance":0.333333,"touchZone":"none","type":3,"width":18.0722},{"bases":[[[0.952455,-0.269507,0.142109],[0.215895,0.926112,0.309364],[-0.214985,-0.263974,0.940265]],[[0.947096,-0.275684,0.164339],[0.265458,0.385069,-0.883886],[0.180391,0.88075,0.43788]],[[0.947096,-0.275684,0.164339],[0.0275961,-0.440194,-0.897478],[0.319761,0.854533,-0.409299]],[[0.947096,-0.275684,0.164339],[-0.0927097,-0.725205,-0.682262],[0.307268,0.630932,-0.712398]]],"btipPosition":[61.758,278.331,24.8442],"carpPosition":[67.2196,321.745,74.5507],"dipPosition":[67.0529,289.204,12.5681],"direction":[-0.319761,-0.854533,0.409299],"extended":false,"handId":535,"id":5354,"length":50.4973,"mcpPosition":[79.6822,337.047,20.0438],"pipPosition":[73.3054,305.913,4.5648],"stabilizedTipPosition":[27.0522,265.37,99.3968],"timeVisible":0.415784,"tipPosition":[62.9946,280.974,22.2517],"tipVelocity":[27.9956,37.8036,-90.8341],"tool":false,"touchDistance":0.333333,"touchZone":"none","type":4,"width":16.0532}],"r":[[0.967824,0.229884,0.102326],[-0.22960