{"sensorType":"Leap","data":[[0,{"currentFrameRate":92.2664,"devices":[],"gestures":[],"hands":[{"armBasis":[[0.938602,0.194837,-0.284717],[-0.196284,0.98026,0.0237386],[0.283722,0.0336042,0.958317]],"armWidth":63.703,"confidence":0.571325,"direction":[-0.180955,0.360685,-0.914966],"elbow":[121.231,305.219,339.04],"grabStrength":0,"id":541,"palmNormal":[0.139566,-0.911491,-0.386917],"palmPosition":[28.0611,310.177,30.1703],"palmVelocity":[58.1232,-7.38141,-339.178],"palmWidth":90.9658,"pinchStrength":0.725911,"r":[[0.995388,0.0710208,-0.0644819],[-0.0687588,0.99696,0.0366479],[0.0668887,-0.0320452,0.997246]],"s":0.933249,"sphereCenter":[32.8555,275.355,-3.21793],"sphereRadius":45.0556,"stabilizedPalmPosition":[5.33749,320.274,124.387],"t":[24.497,-11.0277,-98.7123],"timeVisible":0.198842,"type":"right","wrist":[44.6464,296.149,80.363]}],"id":4178196,"interactionBox":{"center":[0,200,0],"size":[235.247,235.247,147.751]},"pointables":[{"bases":[[[0.231607,0.965203,0.121416],[-0.775293,0.107751,0.622342],[0.587604,-0.238272,0.773271]],[[-0.0178245,0.981215,-0.19209],[-0.933897,0.052278,0.353699],[0.357097,0.185697,0.915423]],[[-0.0178245,0.981215,-0.19209],[-0.997484,-0.00426679,0.0707634],[0.0686145,0.192868,0.978823]],[[-0.0178245,0.981215,-0.19209],[-0.941063,-0.0813655,-0.328299],[-0.337762,0.174917,0.924836]]],"btipPosition":[6.76928,259.505,-18.1052],"carpPosition":[19.026,279.438,82.5817],"dipPosition":[-1.13345,263.597,3.53352],"direction":[-0.0686145,-0.192869,-0.978823],"extended":false,"handId":541,"id":5410,"length":52.1025,"mcpPosition":[19.026,279.438,82.5817],"pipPosition":[1.20538,270.171,36.8982],"stabilizedTipPosition":[-18.1924,268.5,83.6619],"timeVisible":0.198842,"tipPosition":[5.09298,259.664,-12.8523],"tipVelocity":[26.059,-5.23205,-308.064],"tool":false,"touchDistance":-0.0863743,"touchZone":"hovering","type":0,"width":20.2446},{"bases":[[[0.929335,0.255466,-0.266597],[-0.188732,0.949227,0.251691],[0.31736,-0.18359,0.930364]],[[0.930568,0.254746,-0.26296],[-0.278527,0.958744,-0.0568575],[0.237627,0.126151,0.96313]],[[0.930568,0.254746,-0.26296],[-0.318782,0.917006,-0.239748],[0.180061,0.306928,0.934544]],[[0.930568,0.254746,-0.26296],[-0.340493,0.866153,-0.365845],[0.134566,0.42998,0.892754]]],"btipPosition":[-17.9858,296.033,-68.1939],"carpPosition":[22.2118,302.709,79.4332],"dipPosition":[-15.6873,303.377,-52.9447],"direction":[-0.180061,-0.306928,-0.934544],"extended":true,"handId":541,"id":5411,"length":58.7918,"mcpPosition":[-1.12997,316.212,11.0049],"pipPosition":[-11.3363,310.794,-30.3624],"stabilizedTipPosition":[-31.1022,305.848,30.8107],"timeVisible":0.198842,"tipPosition":[-16.715,296.877,-64.4746],"tipVelocity":[2.74065,-28.537,-324.746],"tool":false,"touchDistance":-0.331728,"touchZone":"hovering","type":1,"width":19.3376},{"bases":[[[0.982133,0.0627251,-0.177425],[-0.021886,0.97449,0.223361],[0.186909,-0.215488,0.958452]],[[0.985715,0.0583506,-0.157989],[-0.162058,0.584012,-0.795404],[0.0458553,0.809645,0.585126]],[[0.985715,0.0583506,-0.157989],[-0.0653381,-0.73211,-0.678045],[-0.15523,0.678682,-0.71784]],[[0.985715,0.0583506,-0.157989],[0.0532032,-0.997912,-0.0366202],[-0.159796,0.0276915,-0.986762]]],"btipPosition":[25.1894,263.745,19.9655],"carpPosition":[33.0208,307.544,76.0671],"dipPosition":[22.1873,264.265,1.42725],"direction":[0.15523,-0.678682,0.71784],"extended":false,"handId":541,"id":5412,"length":66.9886,"mcpPosition":[19.984,322.574,9.2157],"pipPosition":[17.7743,283.559,-18.9801],"stabilizedTipPosition":[0.652039,278.107,121.709],"timeVisible":0.198842,"tipPosition":[24.7559,264.408,17.2561],"tipVelocity":[35.2187,-28.5735,-369.617],"tool":false,"touchDistance":0.333333,"touchZone":"none","type":2,"width":18.9921},{"bases":[[[0.99777,-0.0433103,-0.050777],[0.0543083,0.969115,0.240554],[0.0387903,-0.242775,0.969307]],[[0.995372,-0.033414,-0.0901042],[-0.0552441,0.568245,-0.821003],[0.0786343,0.82218,0.563769]],[[0.995372,-0.033414,-0.0901042],[-0.084687,-0.748172,-0.658078],[-0.0454244,0.662663,-0.747539]],[[0.995372,-0.033414,-0.0901042],[-0.0352508,-0.9992,-0.018871],[-0.0894016,0.0219599,-0.995754]]],"btipPosition":[41.8373,269.08,26.7327],"carpPosition":[44.851,309.364,73.3137],"dipPosition":[40.1674,269.49,8.13303],"direction":[0.0454244,-0.662663,0.747539],"extended":false,"handId":541,"id":5413,"length":64.4113,"mcpPosition":[42.4218,324.567,12.6125],"pipPosition":[38.9094,287.843,-12.5698],"stabilizedTipPosition":[16.7549,282.815,129.834],"timeVisible":0.198842,"tipPosition":[41.5762,269.709,23.7798],"tipVelocity":[45.7559,-19.7968,-337.673],"tool":false,"touchDistance":0.333333,"touchZone":"none","type":3,"width":18.0722},{"bases":[[[0.972773,-0.230644,0.0227072],[0.212049,0.9253,0.314413],[-0.0935284,-0.301037,0.949015]],[[0.976112,-0.216122,-0.0222835],[0.111055,0.584456,-0.80379],[0.18674,0.782114,0.594496]],[[0.976112,-0.216122,-0.0222835],[-0.173797,-0.715146,-0.677024],[0.130384,0.664724,-0.735623]],[[0.976112,-0.216122,-0.0222835],[-0.217026,-0.974721,-0.0530932],[-0.0102456,0.056661,-0.998341]]],"btipPosition":[54.3308,279.888,26.7593],"carpPosition":[57.8831,304.058,71.201],"dipPosition":[54.1543,280.864,9.55568],"direction":[-0.130384,-0.664724,0.735623],"extended":false,"handId":541,"id":5414,"length":50.4973,"mcpPosition":[63.305,321.51,16.1869],"pipPosition":[56.7037,293.862,-4.8284],"stabilizedTipPosition":[29.8402,292.289,127.755],"timeVisible":0.198842,"tipPosition":[54.3387,280.645,23.9965],"tipVelocity":[50.337,-22.9541,-349.57],"tool":false,"touchDistance":0.333333,"touchZone":"none","type":4,"width":16.0532}],"r":[[0.995388,0.0710208,-0.0644819],[-0.0687588,0.99696,0.0366479],[0.0668887,-0.0320452,0.997246]],"s":0.933249,"t":[24.497,-11.0277,-98.7123],"timestamp":522436702295},false],[1,{"currentFrameRate":93.0196,"devices":[],"gestures":[],"hands":[{"armBasis":[[0.938689,0.188222,-0.28885],[-0.190196,0.981511,0.0214891],[0.287555,0.0347666,0.957133]],"armWidth":63.703,"confidence":0.58485,"direction":[-0.180153,0.357709,-0.916291],"elbow":[122.51,305.51,336.113],"grabStrength":0,"id":541,"palmNormal":[0.13357,-0.914007,-0.383079],"palmPosition":[28.3157,310.03,27.5258],"palmVelocity":[49.6576,-9.78691,-325.03],"palmWidth":90.9658,"pinchStrength":0.729453,"r":[[0.995367,0.0687508,-0.0672151],[-0.0667494,0.99727,0.0315846],[0.069203,-0.0269517,0.997238]],"s":0.933244,"sphereCenter":[31.9406,275.131,-5.61591],"sphereRadius":44.9253,"stabilizedPalmPosition":[5.34366,320.271,124.361],"t":[24.8369,-11.1441,-101.336],"timeVisible":0.20801,"type":"right","wrist":[44.8911,296.125,77.7561]}],"id":4178197,"interactionBox":{"center":[0,200,0],"size":[235.247,235.247,147.751]},"pointables":[{"bases":[[[0.237525,0.964333,0.116805],[-0.773721,0.115117,0.62298],[0.587314,-0.238348,0.773468]],[[-0.0109104,0.980786,-0.194784],[-0.934061,0.0595391,0.352115],[0.356946,0.185782,0.915464]],[[-0.0109104,0.980786,-0.194784],[-0.997067,0.00408598,0.0764228],[0.0757503,0.195046,0.977864]],[[-0.0109104,0.980786,-0.194784],[-0.942895,-0.0749443,-0.32455],[-0.332911,0.180119,0.925595]]],"btipPosition":[6.56914,259.444,-20.5883],"carpPosition":[19.1751,279.578,80.0858],"dipPosition":[-1.22011,263.658,1.0682],"direction":[-0.0757503,-0.195046,-0.977864],"extended":false,"handId":541,"id":5410,"length":52.1025,"mcpPosition":[19.1751,279.578,80.0858],"pipPosition":[1.36195,270.307,34.4002],"stabilizedTipPosition":[-18.1924,268.5,83.6619],"timeVisible":0.20801,"tipPosition":[4.93244,259.624,-15.3102],"tipVelocity":[13.4959,-4.76496,-297.558],"tool":false,"touchDistance":-0.127691,"touchZone":"hovering","type":0,"width":20.2446},{"bases":[[[0.930445,0.248745,-0.269069],[-0.182709,0.951437,0.247759],[0.317631,-0.181364,0.930708]],[[0.930836,0.248521,-0.267921],[-0.27197,0.960808,-0.0536678],[0.244083,0.122822,0.961945]],[[0.930836,0.248521,-0.267921],[-0.312802,0.920914,-0.232534],[0.188943,0.300257,0.934958]],[[0.930836,0.248521,-0.267921],[-0.335408,0.872059,-0.356391],[0.145072,0.421605,0.8951]]],"btipPosition":[-18.3943,296.422,-70.8218],"carpPosition":[22.4947,302.815,76.8297],"dipPosition":[-15.9163,303.624,-55.5326],"direction":[-0.188943,-0.300257,-0.934958],"extended":true,"handId":541,"id":5411,"length":58.7918,"mcpPosition":[-0.867133,316.154,8.37614],"pipPosition":[-11.3507,310.879,-32.9403],"stabilizedTipPosition":[-31.1012,305.847,30.8034],"timeVisible":0.20801,"tipPosition":[-17.0437,297.118,-67.0744],"tipVelocity":[-9.19731,-9.7285,-313.839],"tool":false,"touchDistance":-0.36617,"touchZone":"hovering","type":1,"width":19.3376},{"bases":[[[0.982227,0.0560888,-0.179122],[-0.015758,0.975581,0.219076],[0.187035,-0.21236,0.959125]],[[0.985808,0.0517834,-0.159692],[-0.15955,0.584876,-0.795276],[0.0522178,0.809468,0.584838]],[[0.985808,0.0517834,-0.159692],[-0.0714706,-0.731271,-0.678332],[-0.151904,0.680118,-0.717192]],[[0.985808,0.0517834,-0.159692],[0.046593,-0.998262,-0.0360802],[-0.161283,0.0281277,-0.986507]]],"btipPosition":[25.1139,263.512,17.2687],"carpPosition":[33.3272,307.57,73.4266],"dipPosition":[22.0838,264.041,-1.26478],"direction":[0.151904,-0.680118,0.717192],"extended":false,"handId":541,"id":5412,"length":66.9886,"mcpPosition":[20.2816,322.382,6.5282],"pipPosition":[17.7654,283.376,-21.6537],"stabilizedTipPosition":[0.657308,278.103,121.685],"timeVisible":0.20801,"tipPosition":[24.6722,264.156,14.5257],"tipVelocity":[22.902,-27.6059,-348.536],"tool":false,"touchDistance":0.333333,"touchZone":"none","type":2,"width":18.9921},{"bases":[[[0.997419,-0.0494771,-0.0520279],[0.0604283,0.969828,0.236182],[0.0387725,-0.238716,0.970315]],[[0.995017,-0.0397277,-0.0914472],[-0.0531269,0.564877,-0.823463],[0.0843707,0.824218,0.559951]],[[0.995017,-0.0397277,-0.0914472],[-0.0901202,-0.750725,-0.654439],[-0.0426523,0.659419,-0.750564]],[[0.995017,-0.0397277,-0.0914472],[-0.0411819,-0.999053,-0.0140694],[-0.0908016,0.0177653,-0.995711]]],"btipPosition":[41.8446,268.847,24.2574],"carpPosition":[45.164,309.308,70.648],"dipPosition":[40.1485,269.179,5.65854],"direction":[0.0426523,-0.659419,0.750564],"extended":false,"handId":541,"id":5413,"length":64.4113,"mcpPosition":[42.7359,324.257,9.88369],"pipPosition":[38.9673,287.441,-15.1281],"stabilizedTipPosition":[16.7608,282.812,129.808],"timeVisible":0.20801,"tipPosition":[41.5798,269.452,21.2795],"tipVelocity":[33.0316,-21.9159,-318.79],"tool":false,"touchDistance":0.333333,"touchZone":"none","type":3,"width":18.0722},{"bases":[[[0.971416,-0.236332,0.0223211],[0.218014,0.925401,0.310005],[-0.0939203,-0.296278,0.950473]],[[0.97477,-0.222057,-0.0226502],[0.1135,0.580481,-0.806324],[0.192198,0.78341,0.59104]],[[0.97477,-0.222057,-0.0226502],[-0.178932,-0.71671,-0.674026],[0.133439,0.661073,-0.73836]],[[0.97477,-0.222057,-0.0226502],[-0.222929,-0.973607,-0.0489155],[-0.0111904,0.0527308,-0.998546]]],"btipPosition":[54.3952,279.562,24.193],"carpPosition":[58.1612,303.916,68.54],"dipPosition":[54.2024,280.471,6.98584],"direction":[-0.133439,-0.661073,0.73836],"extended":false,"handId":541,"id":5414,"length":50.4973,"mcpPosition":[63.6057,321.091,13.4414],"pipPosition":[56.8116,293.397,-7.45176],"stabilizedTipPosition":[29.8459,292.286,127.73],"timeVisible":0.20801,"tipPosition":[54.4047,280.301,21.41],"tipVelocity":[38.1421,-26.928,-330.168],"tool":false,"touchDistance":0.333333,"touchZone":"none","type":4,"width":16.0532}],"r":[[0.995367,0.0687508,-0.0672151],[-0.0667494,0.99727,0.0315846],[0.069203,-0.0269517,0.997238]],"s":0.933244,"t":[24.8369,-11.1441,-101.336],"timestamp":522436711463},false],[2,{"currentFrameRate":93.8623,"devices":[],"gestures":[],"hands":[{"armBasis":[[0.938613,0.182921,-0.292482],[-0.183146,0.982719,0.026863],[0.292341,0.0283529,0.955894]],"armWidth":63.703,"confidence":0.598107,"direction":[-0.18079,0.354061,-0.917582],"elbow":[124.418,304.199,333.873],"grabStrength":0,"id":541,"palmNormal":[0.127055,-0.91673,-0.378766],"palmPosition":[28.8632,310.29,25.5988],"palmVelocity":[52.8844,0.809648,-295.536],"palmWidth":90.9658,"pinchStrength":0.725514,"r":[[0.995379,0.0656823,-0.070052],[-0.0639609,0.997599,0.026542],[0.0716272,-0.0219388,0.99719]],"s":0.93463,"sphereCenter":[31.2104,275.342,-7.25231],"sphereRadius":44.8136,"stabilizedPalmPosition":[5.34366,320.271,124.361],"t":[25.2805,-11.0725,-103.612],"timeVisible":0.216908,"type":"right","wrist":[45.5068,296.545,75.8506]}],"id":4178198,"interactionBox":{"center":[0,200,0],"size":[235.247,235.247,147.751]},"pointables":[{"bases":[[[0.243531,0.963505,0.111139],[-0.771165,0.122862,0.624668],[0.588216,-0.237832,0.772941]],[[-0.00410565,0.980221,-0.197861],[-0.933647,0.067112,0.351852],[0.358171,0.186177,0.914905]],[[-0.00410565,0.980221,-0.197861],[-0.996181,0.0132477,0.0863009],[0.0872152,0.19746,0.976424]],[[-0.00410565,0.980221,-0.197861],[-0.946504,-0.0676537,-0.315522],[-0.322667,0.185981,0.928061]]],"btipPosition":[6.40359,259.789,-22.3132],"carpPosition":[19.7012,280.162,78.3415],"dipPosition":[-1.14598,264.14,-0.599028],"direction":[-0.0872152,-0.19746,-0.976424],"extended":false,"handId":541,"id":5410,"length":52.1025,"mcpPosition":[19.7012,280.162,78.3415],"pipPosition":[1.82688,270.871,32.6838],"stabilizedTipPosition":[-18.1924,268.5,83.6619],"timeVisible":0.216908,"tipPosition":[4.89381,259.997,-16.9958],"tipVelocity":[6.45109,8.02927,-268.952],"tool":false,"touchDistance":-0.156219,"touchZone":"hovering","type":0,"width":20.2446},{"bases":[[[0.93108,0.241881,-0.2731],[-0.176378,0.953754,0.2434],[0.319344,-0.178456,0.930684]],[[0.930685,0.242101,-0.274249],[-0.265103,0.962944,-0.0495815],[0.252083,0.118849,0.96038]],[[0.930685,0.242101,-0.274249],[-0.306842,0.924809,-0.224892],[0.199181,0.293455,0.934993]],[[0.930685,0.242101,-0.274249],[-0.330539,0.877743,-0.34686],[0.156745,0.413467,0.896926]]],"btipPosition":[-18.658,297.229,-72.6584],"carpPosition":[23.1473,303.362,74.9561],"dipPosition":[-15.9806,304.292,-57.338],"direction":[-0.199181,-0.293455,-0.934993],"extended":true,"handId":541,"id":5411,"length":58.7918,"mcpPosition":[-0.340395,316.487,6.50433],"pipPosition":[-11.1676,311.383,-34.7449],"stabilizedTipPosition":[-31.1006,305.847,30.7984],"timeVisible":0.216908,"tipPosition":[-17.232,297.773,-68.8858],"tipVelocity":[-13.3516,16.6056,-284.405],"tool":false,"touchDistance":-0.385328,"touchZone":"hovering","type":1,"width":19.3376},{"bases":[[[0.981999,0.0493871,-0.182316],[-0.00937475,0.976767,0.214099],[0.188654,-0.208536,0.959647]],[[0.985609,0.0451645,-0.162893],[-0.158459,0.582418,-0.797295],[0.0588625,0.811634,0.581193]],[[0.985609,0.0451645,-0.162893],[-0.0779358,-0.733699,-0.67499],[-0.15,0.677972,-0.719621]],[[0.985609,0.0451645,-0.162893],[0.0405315,-0.998677,-0.0316559],[-0.164108,0.0245981,-0.986136]]],"btipPosition":[25.3499,263.734,15.54],"carpPosition":[33.9974,308.036,71.4966],"dipPosition":[22.2668,264.196,-2.98655],"direction":[0.15,-0.677972,0.719621],"extended":false,"handId":541,"id":5412,"length":66.9886,"mcpPosition":[20.8389,322.581,4.56176],"pipPosition":[18.0025,283.47,-23.4445],"stabilizedTipPosition":[0.660915,278.101,121.668],"timeVisible":0.216908,"tipPosition":[24.8972,264.352,12.7599],"tipVelocity":[23.5155,-13.7849,-306.54],"tool":false,"touchDistance":0.333333,"touchZone":"none","type":2,"width":18.9921},{"bases":[[[0.996951,-0.0556133,-0.054726],[0.0668272,0.970654,0.231009],[0.0402728,-0.233962,0.971411]],[[0.994483,-0.0460353,-0.094257],[-0.0526287,0.558318,-0.827956],[0.0907405,0.828349,0.552814]],[[0.994483,-0.0460353,-0.094257],[-0.0963644,-0.755932,-0.647519],[-0.0414431,0.65303,-0.756197]],[[0.994483,-0.0460353,-0.094257],[-0.046817,-0.998885,-0.00609818],[-0.0938712,0.0104774,-0.995529]]],"btipPosition":[42.1618,269.059,22.6862],"carpPosition":[45.8358,309.69,68.674],"dipPosition":[40.4084,269.255,4.09069],"direction":[0.0414431,-0.65303,0.756197],"extended":false,"handId":541,"id":5413,"length":64.4113,"mcpPosition":[43.3138,324.341,7.84104],"pipPosition":[39.2606,287.341,-16.8519],"stabilizedTipPosition":[16.7649,282.81,129.79],"timeVisible":0.216908,"tipPosition":[41.8751,269.595,19.5584],"tipVelocity":[33.34,-10.4202,-280.095],"tool":false,"touchDistance":0.333333,"touchZone":"none","type":3,"width":18.0722},{"bases":[[[0.970074,-0.241929,0.02066],[0.22437,0.925679,0.304593],[-0.0928144,-0.290842,0.952258]],[[0.973377,-0.227913,-0.0243684],[0.114525,0.575681,-0.809614],[0.19855,0.785269,0.586457]],[[0.973377,-0.227913,-0.0243684],[-0.185134,-0.719055,-0.669839],[0.135143,0.656517,-0.742106]],[[0.973377,-0.227913,-0.0243684],[-0.228794,-0.972513,-0.0432709],[-0.0138366,0.0476942,-0.998766]]],"btipPosition":[54.7524,279.652,22.3438],"carpPosition":[58.7948,304.21,66.5553],"dipPosition":[54.514,280.474,5.13287],"direction":[-0.135143,-0.656517,0.742106],"extended":false,"handId":541,"id":5414,"length":50.4973,"mcpPosition":[64.1752,321.07,11.3531],"pipPosition":[57.1565,293.311,-9.37796],"stabilizedTipPosition":[29.8501,292.284,127.712],"timeVisible":0.216908,"tipPosition":[54.758,280.373,19.5502],"tipVelocity":[38.3672,-17.4783,-296.924],"tool":false,"touchDistance":0.333333,"touchZone":"none","type":4,"width":16.0532}],"r":[[0.995379,0.0656823,-0.070052],[-0.0639609,0.997599,0.026542],[0.0716272,-0.0219388,0.99719]],"s":0.93463,"t":[25.2805,-11.0725,-103.612],"timestamp":522436720361},false],[3,{"currentFrameRate":94.5094,"devices":[],"gestures":[],"hands":[{"armBasis":[[0.937578,0.181707,-0.296528],[-0.182334,0.982898,0.025791],[0.296144,0.0298861,0.954676]],"armWidth":63.703,"confidence":0.612456,"direction":[-0.185437,0.352841,-0.917124],"elbow":[126.227,305.285,331.223],"grabStrength":0,"id":541,"palmNormal":[0.12433,-0.917386,-0.378081],"palmPosition":[29.3868,310.901,23.3472],"palmVelocity":[53.9423,19.1528,-280.949],"palmWidth":90.9658,"pinchStrength":0.719488,"r":[[0.995308,0.0630431,-0.0733948],[-0.0615619,0.997855,0.0222738],[0.0746416,-0.0176509,0.997054]],"s":0.936799,"sphereCenter":[30.7787,275.998,-9.35777],"sphereRadius":44.7397,"stabilizedPalmPosition":[5.34366,320.271,124.361],"t":[25.7642,-10.7311,-105.876],"timeVisible":0.226151,"type":"right","wrist":[46.2891,297.218,73.5295]}],"id":4178199,"interactionBox":{"center":[0,200,0],"size":[235.247,235.247,147.751]},"pointables":[{"bases":[[[0.244851,0.963482,0.108403],[-0.767713,0.124374,0.628608],[0.59217,-0.237138,0.77013]],[[-0.00202122,0.980508,-0.196469],[-0.932958,0.0688759,0.353335],[0.359979,0.184011,0.914634]],[[-0.00202122,0.980508,-0.196469],[-0.994632,0.0183547,0.101835],[0.103456,0.19562,0.975208]],[[-0.00202122,0.980508,-0.196469],[-0.950638,-0.0628478,-0.303872],[-0.310297,0.186156,0.932235]]],"btipPosition":[6.25399,260.652,-24.5145],"carpPosition":[20.4848,280.858,76.1829],"dipPosition":[-1.00614,265.007,-2.70264],"direction":[-0.103456,-0.19562,-0.975208],"extended":false,"handId":541,"id":5410,"length":52.1025,"mcpPosition":[20.4848,280.858,76.1829],"pipPosition":[2.52031,271.675,30.5388],"stabilizedTipPosition":[-18.1911,268.5,83.6556],"timeVisible":0.226151,"tipPosition":[4.91256,260.841,-19.1501],"tipVelocity":[2.11663,32.0237,-259.62],"tool":false,"touchDistance":-0.192532,"touchZone":"hovering","type":0,"width":20.2446},{"bases":[[[0.929786,0.240765,-0.278443],[-0.17435,0.954248,0.242927],[0.324192,-0.177324,0.929223]],[[0.928835,0.241282,-0.281156],[-0.263541,0.96366,-0.043649],[0.260407,0.114639,0.958669]],[[0.928835,0.241282,-0.281156],[-0.306417,0.926862,-0.216875],[0.208265,0.287592,0.934835]],[[0.928835,0.241282,-0.281156],[-0.331128,0.881031,-0.337843],[0.166192,0.406899,0.898228]]],"btipPosition":[-18.9699,298.269,-74.7074],"carpPosition":[23.9303,304.051,72.7447],"dipPosition":[-16.1312,305.22,-59.3647],"direction":[-0.208265,-0.287592,-0.934835],"extended":true,"handId":541,"id":5411,"length":58.7918,"mcpPosition":[0.0860097,317.093,4.40035],"pipPosition":[-11.0987,312.169,-36.7754],"stabilizedTipPosition":[-31.1001,305.847,30.7943],"timeVisible":0.226151,"tipPosition":[-17.5047,298.74,-70.9335],"tipVelocity":[-17.9537,42.756,-266.632],"tool":false,"touchDistance":-0.405786,"touchZone":"hovering","type":1,"width":19.3376},{"bases":[[[0.981045,0.0483673,-0.187648],[-0.00748888,0.977089,0.212698],[0.193636,-0.207261,0.958931]],[[0.984748,0.044181,-0.168286],[-0.162294,0.581877,-0.796919],[0.0627133,0.812076,0.580173]],[[0.984748,0.044181,-0.168286],[-0.0822072,-0.734303,-0.673825],[-0.153343,0.677382,-0.719471]],[[0.984748,0.044181,-0.168286],[0.0395861,-0.998749,-0.0305634],[-0.169426,0.0234354,-0.985264]]],"btipPosition":[25.7796,264.338,13.3421],"carpPosition":[34.7653,308.711,69.2201],"dipPosition":[22.5966,264.778,-5.1681],"direction":[0.153343,-0.677382,0.719471],"extended":false,"handId":541,"id":5412,"length":66.9886,"mcpPosition":[21.2592,323.167,2.33529],"pipPosition":[18.2372,284.035,-25.6218],"stabilizedTipPosition":[0.663592,278.1,121.656],"timeVisible":0.226151,"tipPosition":[25.307,264.936,10.5364],"tipVelocity":[29.2688,8.27096,-287.118],"tool":false,"touchDistance":0.333333,"touchZone":"none","type":2,"width":18.9921},{"bases":[[[0.996602,-0.0564557,-0.0599846],[0.068798,0.970943,0.229208],[0.0453015,-0.232556,0.971527]],[[0.993918,-0.0469069,-0.0996288],[-0.0571283,0.553823,-0.830673],[0.0941409,0.831312,0.547775]],[[0.993918,-0.0469069,-0.0996288],[-0.10025,-0.759791,-0.642393],[-0.0455644,0.648474,-0.759872]],[[0.993918,-0.0469069,-0.0996288],[-0.0472433,-0.998883,-0.00101919],[-0.0994697,0.00571979,-0.995024]]],"btipPosition":[42.6675,269.716,20.6541],"carpPosition":[46.5896,310.352,66.3317],"dipPosition":[40.8095,269.823,2.06803],"direction":[0.0455644,-0.648474,0.759872],"extended":false,"handId":541,"id":5413,"length":64.4113,"mcpPosition":[43.7526,324.915,5.49149],"pipPosition":[39.5476,287.782,-18.9763],"stabilizedTipPosition":[16.7681,282.808,129.775],"timeVisible":0.226151,"tipPosition":[42.3444,270.183,17.3597],"tipVelocity":[38.611,11.8341,-263.111],"tool":false,"touchDistance":0.333333,"touchZone":"none","type":3,"width":18.0722},{"bases":[[[0.969988,-0.242639,0.0158207],[0.226699,0.925957,0.302013],[-0.0879294,-0.289363,0.953172]],[[0.973058,-0.228702,-0.0292136],[0.110644,0.574364,-0.811088],[0.202277,0.786004,0.584194]],[[0.973058,-0.228702,-0.0292136],[-0.189255,-0.719928,-0.667747],[0.131683,0.655285,-0.743815]],[[0.973058,-0.228702,-0.0292136],[-0.229765,-0.972401,-0.0405544],[-0.0191325,0.046174,-0.99875]]],"btipPosition":[55.2345,280.239,20.0004],"carpPosition":[59.5329,304.859,64.1518],"dipPosition":[54.9048,281.035,2.78974],"direction":[-0.131683,-0.655285,0.743815],"extended":false,"handId":541,"id":5414,"length":50.4973,"mcpPosition":[64.6301,321.633,8.89661],"pipPosition":[57.4797,293.848,-11.7545],"stabilizedTipPosition":[29.8533,292.282,127.697],"timeVisible":0.226151,"tipPosition":[55.2255,280.953,17.1987],"tipVelocity":[41.6015,5.09595,-284.736],"tool":false,"touchDistance":0.333333,"touchZone":"none","type":4,"width":16.0532}],"r":[[0.995308,0.0630431,-0.0733948],[-0.0615619,0.997855,0.0222738],[0.0746416,-0.0176509,0.997054]],"s":0.936799,"t":[25.7642,-10.7311,-105.876],"timestamp":522436729604},false],[4,{"currentFrameRate":95.2993,"devices":[],"gestures":[],"hands":[{"armBasis":[[0.93722,0.175389,-0.301424],[-0.176293,0.984035,0.0244273],[0.300896,0.0302453,0.953177]],"armWidth":63.703,"confidence":0.622288,"direction":[-0.18443,0.351107,-0.917992],"elbow":[127.885,305.795,329.489],"grabStrength":0,"id":541,"palmNormal":[0.118453,-0.919266,-0.375392],"palmPosition":[29.7841,311.259,21.9954],"palmVelocity":[51.4575,24.8896,-246.069],"palmWidth":90.9658,"pinchStrength":0.714835,"r":[[0.995294,0.0596961,-0.0763299],[-0.0584661,0.998123,0.0182508],[0.0772761,-0.0137022,0.996916]],"s":0.93898,"sphereCenter":[30.2954,276.315,-10.5092],"sphereRadius":44.6673,"stabilizedPalmPosition":[5.34516,320.27,124.355],"t":[26.2047,-10.3817,-107.683],"timeVisible":0.235023,"type":"right","wrist":[46.6645,297.631,72.2]}],"id":4178200,"interactionBox":{"center":[0,200,0],"size":[235.247,235.247,147.751]},"pointables":[{"bases":[[[0.250676,0.962344,0.105144],[-0.76622,0.130852,0.629114],[0.591666,-0.238267,0.770169]],[[0.00578021,0.980411,-0.19688],[-0.933512,0.075874,0.350425],[0.358499,0.181764,0.915664]],[[0.00578021,0.980411,-0.19688],[-0.993381,0.0282166,0.111346],[0.114721,0.194933,0.974084]],[[0.00578021,0.980411,-0.19688],[-0.953017,-0.0542286,-0.298024],[-0.302862,0.189353,0.934034]]],"btipPosition":[6.05211,261.286,-25.8187],"carpPosition":[20.767,281.432,74.934],"dipPosition":[-1.03407,265.716,-3.96474],"direction":[-0.114721,-0.194933,-0.974084],"extended":false,"handId":541,"id":5410,"length":52.1025,"mcpPosition":[20.767,281.432,74.934],"pipPosition":[2.87635,272.361,29.2384],"stabilizedTipPosition":[-18.1895,268.499,83.6486],"timeVisible":0.235023,"tipPosition":[4.79765,261.471,-20.4214],"tipVelocity":[-3.40667,43.2578,-228.775],"tool":false,"touchDistance":-0.214107,"touchZone":"hovering","type":0,"width":20.2446},{"bases":[[[0.930864,0.234398,-0.280266],[-0.168414,0.956007,0.240184],[0.324235,-0.176378,0.929388]],[[0.929497,0.235135,-0.28416],[-0.257096,0.96547,-0.0420695],[0.264456,0.11216,0.957854]],[[0.929497,0.235135,-0.28416],[-0.300578,0.929407,-0.21414],[0.213748,0.284455,0.934557]],[[0.929497,0.235135,-0.28416],[-0.325959,0.884203,-0.334569],[0.172586,0.403605,0.898508]]],"btipPosition":[-18.9735,298.98,-76.0071],"carpPosition":[24.3456,304.593,71.4202],"dipPosition":[-16.0255,305.874,-60.6597],"direction":[-0.213748,-0.284455,-0.934557],"extended":true,"handId":541,"id":5411,"length":58.7918,"mcpPosition":[0.498095,317.565,3.06367],"pipPosition":[-10.8605,312.748,-38.077],"stabilizedTipPosition":[-31.0996,305.847,30.7906],"timeVisible":0.235023,"tipPosition":[-17.4956,299.418,-72.2361],"tipVelocity":[-12.4236,52.5038,-234.01],"tool":false,"touchDistance":-0.41302,"touchZone":"hovering","type":1,"width":19.3376},{"bases":[[[0.981091,0.0419802,-0.188937],[-0.00145613,0.977767,0.20969],[0.19354,-0.20545,0.95934]],[[0.984789,0.0378356,-0.169585],[-0.159783,0.580657,-0.798315],[0.0682663,0.813269,0.57787]],[[0.984789,0.0378356,-0.169585],[-0.0873882,-0.735731,-0.671613],[-0.15018,0.676216,-0.721233]],[[0.984789,0.0378356,-0.169585],[0.033642,-0.999055,-0.027535],[-0.170467,0.0214109,-0.985131]]],"btipPosition":[25.8869,264.692,12.1205],"carpPosition":[35.2037,309.178,67.8686],"dipPosition":[22.6843,265.094,-6.38711],"direction":[0.15018,-0.676216,0.721233],"extended":false,"handId":541,"id":5412,"length":66.9886,"mcpPosition":[21.7044,323.508,0.955238],"pipPosition":[18.4148,284.318,-26.8909],"stabilizedTipPosition":[0.665467,278.099,121.647],"timeVisible":0.235023,"tipPosition":[25.4103,265.273,9.29213],"tipVelocity":[24.4707,16.5955,-246.564],"tool":false,"touchDistance":0.333333,"touchZone":"none","type":2,"width":18.9921},{"bases":[[[0.996178,-0.0625394,-0.0609695],[0.0748125,0.97122,0.22613],[0.0450728,-0.229827,0.972187]],[[0.993505,-0.0530961,-0.100644],[-0.0548294,0.551645,-0.832275],[0.0997102,0.832388,0.54515]],[[0.993505,-0.0530961,-0.100644],[-0.105506,-0.761134,-0.639955],[-0.0426244,0.646417,-0.761793]],[[0.993505,-0.0530961,-0.100644],[-0.0531528,-0.998584,0.00212014],[-0.100614,0.00324313,-0.99492]]],"btipPosition":[42.8175,269.988,19.4109],"carpPosition":[47.0341,310.74,64.9614],"dipPosition":[40.9381,270.049,0.826804],"direction":[0.0426244,-0.646417,0.761793],"extended":false,"handId":541,"id":5413,"length":64.4113,"mcpPosition":[44.2115,325.132,4.07986],"pipPosition":[39.7577,287.951,-20.2708],"stabilizedTipPosition":[16.7705,282.807,129.765],"timeVisible":0.235023,"tipPosition":[42.4928,270.444,16.1112],"tipVelocity":[32.5747,16.6273,-229.735],"tool":false,"touchDistance":0.333333,"touchZone":"none","type":3,"width":18.0722},{"bases":[[[0.968553,-0.248327,0.0154408],[0.23253,0.925524,0.298891],[-0.0885135,-0.285901,0.954162]],[[0.971635,-0.234668,-0.0292538],[0.113262,0.570375,-0.813538],[0.207597,0.787149,0.580776]],[[0.971635,-0.234668,-0.0292538],[-0.194252,-0.721434,-0.66468],[0.134874,0.651509,-0.746555]],[[0.971635,-0.234668,-0.0292538],[-0.235655,-0.971143,-0.0367154],[-0.0197937,0.0425678,-0.998897]]],"btipPosition":[55.4385,280.439,18.7515],"carpPosition":[59.9421,305.164,62.7834],"dipPosition":[55.0974,281.173,1.53834],"direction":[-0.134874,-0.651509,0.746556],"extended":false,"handId":541,"id":5414,"length":50.4973,"mcpPosition":[65.0732,321.737,7.4708],"pipPosition":[57.7347,293.912,-13.0595],"stabilizedTipPosition":[29.8557,292.281,127.687],"timeVisible":0.235023,"tipPosition":[55.4319,281.126,15.9009],"tipVelocity":[36.4743,9.38193,-245.7],"tool":false,"touchDistance":0.333333,"touchZone":"none","type":4,"width":16.0532}],"r":[[0.995294,0.0596961,-0.0763299],[-0.0584661,0.998123,0.0182508],[0.0772761,-0.0137022,0.996916]],"s":0.93898,"t":[26.2047,-10.3817,-107.683],"timestamp":522436738476},false],[5,{"currentFrameRate":95.9189,"devices":[],"gestures":[],"hands":[{"armBasis":[[0.940905,0.160968,-0.297971],[-0.163753,0.986375,0.0157704],[0.29645,0.0339552,0.954445]],"armWidth":63.703,"confidence":0.629691,"direction":[-0.183043,0.343566,-0.921118],"elbow":[127.04,307.472,326.867],"grabStrength":0,"id":541,"palmNormal":[0.105756,-0.924629,-0.365892],"palmPosition":[30.1469,311.608,18.9411],"palmVelocity":[48.1498,28.5774,-270.396],"palmWidth":90.9658,"pinchStrength":0.711336,"r":[[0.995358,0.0543567,-0.0794189],[-0.0534963,0.998484,0.0129226],[0.080001,-0.008614,0.996758]],"s":0.941,"sphereCenter":[29.4637,276.394,-13.0821],"sphereRadius":44.5912,"stabilizedPalmPosition":[5.3479,320.269,124.344],"t":[26.6063,-10.0323,-110.114],"timeVisible":0.244186,"type":"right","wrist":[47.0203,298.307,69.2356]}],"id":4178201,"interactionBox":{"center":[0,200,0],"size":[235.247,235.247,147.751]},"pointables":[{"bases":[[[0.262994,0.960203,0.0940397],[-0.762466,0.147127,0.630079],[0.591168,-0.237409,0.770816]],[[0.0202053,0.978743,-0.204091],[-0.932689,0.0919787,0.348757],[0.360115,0.183307,0.914722]],[[0.0202053,0.978743,-0.204091],[-0.991625,0.0456632,0.120811],[0.127562,0.199941,0.971469]],[[0.0202053,0.978743,-0.204091],[-0.955116,-0.0414462,-0.293318],[-0.295542,0.200857,0.933976]]],"btipPosition":[5.52746,261.8,-28.3908],"carpPosition":[20.932,282.463,72.2243],"dipPosition":[-1.38744,266.5,-6.53826],"direction":[-0.127562,-0.199941,-0.971469],"extended":false,"handId":541,"id":5410,"length":52.1025,"mcpPosition":[20.932,282.463,72.2243],"pipPosition":[2.96071,273.315,26.5757],"stabilizedTipPosition":[-18.1882,268.499,83.6424],"timeVisible":0.244186,"tipPosition":[4.30804,261.999,-22.97],"tipVelocity":[-17.2211,48.7277,-243.264],"tool":false,"touchDistance":-0.256982,"touchZone":"hovering","type":0,"width":20.2446},{"bases":[[[0.932791,0.21974,-0.285683],[-0.155697,0.960546,0.230455],[0.325052,-0.170486,0.930202]],[[0.931043,0.220647,-0.290644],[-0.244279,0.968554,-0.0472258],[0.271085,0.114968,0.955665]],[[0.931043,0.220647,-0.290644],[-0.289083,0.932042,-0.21847],[0.222688,0.287426,0.931556]],[[0.931043,0.220647,-0.290644],[-0.315722,0.886451,-0.338414],[0.182972,0.40684,0.894987]]],"btipPosition":[-19.2698,299.245,-78.8092],"carpPosition":[24.7875,305.538,68.4513],"dipPosition":[-16.1444,306.194,-63.5219],"direction":[-0.222688,-0.287426,-0.931556],"extended":true,"handId":541,"id":5411,"length":58.7918,"mcpPosition":[0.879952,318.078,0.0349371],"pipPosition":[-10.7634,313.14,-41.0118],"stabilizedTipPosition":[-31.0992,305.846,30.7873],"timeVisible":0.244186,"tipPosition":[-17.773,299.674,-75.0499],"tipVelocity":[-16.7335,46.3077,-254.446],"tool":false,"touchDistance":-0.44229,"touchZone":"hovering","type":1,"width":19.3376},{"bases":[[[0.980915,0.0276953,-0.192456],[0.0114178,0.979891,0.199205],[0.194103,-0.197601,0.960874]],[[0.98462,0.0237155,-0.173092],[-0.155171,0.573971,-0.80404],[0.0802815,0.818532,0.568823]],[[0.98462,0.0237155,-0.173092],[-0.0987286,-0.741855,-0.663252],[-0.144139,0.67014,-0.728104]],[[0.98462,0.0237155,-0.173092],[0.0211421,-0.999637,-0.0166963],[-0.173425,0.01278,-0.984764]]],"btipPosition":[25.639,264.997,9.5861],"carpPosition":[35.6903,309.949,64.8167],"dipPosition":[22.3808,265.238,-8.91466],"direction":[0.144139,-0.67014,0.728104],"extended":false,"handId":541,"id":5412,"length":66.9886,"mcpPosition":[22.1517,323.732,-2.20362],"pipPosition":[18.2831,284.289,-29.6138],"stabilizedTipPosition":[0.666804,278.098,121.641],"timeVisible":0.244186,"tipPosition":[25.1559,265.544,6.73019],"tipVelocity":[9.71756,20.1212,-254.888],"tool":false,"touchDistance":0.333333,"touchZone":"none","type":2,"width":18.9921},{"bases":[[[0.995117,-0.0756329,-0.0634235],[0.0876523,0.972568,0.215475],[0.0453866,-0.219982,0.974448]],[[0.99243,-0.066579,-0.103196],[-0.050666,0.543482,-0.83789],[0.111871,0.836776,0.535995]],[[0.99243,-0.066579,-0.103196],[-0.117086,-0.766496,-0.631486],[-0.0370557,0.638789,-0.768489]],[[0.99243,-0.066579,-0.103196],[-0.065586,-0.997762,0.0129898],[-0.10383,-0.00612321,-0.994576]]],"btipPosition":[42.656,270.154,16.7518],"carpPosition":[47.5296,311.332,61.8559],"dipPosition":[40.7166,270.04,-1.82589],"direction":[0.0370557,-0.638789,0.768489],"extended":false,"handId":541,"id":5413,"length":64.4113,"mcpPosition":[44.6874,325.108,0.832731],"pipPosition":[39.6903,287.731,-23.1089],"stabilizedTipPosition":[16.7722,282.806,129.757],"timeVisible":0.244186,"tipPosition":[42.3249,270.573,13.4398],"tipVelocity":[18.1597,15.8189,-246.547],"tool":false,"touchDistance":0.333333,"touchZone":"none","type":3,"width":18.0722},{"bases":[[[0.965428,-0.260235,0.0150595],[0.245025,0.925683,0.288225],[-0.0889465,-0.274571,0.957444]],[[0.968503,-0.247294,-0.0291157],[0.117903,0.558432,-0.821129],[0.219319,0.791833,0.57]],[[0.968503,-0.247294,-0.0291157],[-0.205373,-0.727209,-0.654973],[0.140798,0.640323,-0.755091]],[[0.968503,-0.247294,-0.0291157],[-0.248016,-0.968446,-0.0245026],[-0.0221376,0.030952,-0.999276]]],"btipPosition":[55.3916,280.444,16.0294],"carpPosition":[60.3599,305.572,59.6971],"dipPosition":[55.0101,280.977,-1.1903],"direction":[-0.140798,-0.640323,0.755091],"extended":false,"handId":541,"id":5414,"length":50.4973,"mcpPosition":[65.5161,321.489,4.19433],"pipPosition":[57.7632,293.498,-15.955],"stabilizedTipPosition":[29.8574,292.28,127.679],"timeVisible":0.244186,"tipPosition":[55.3866,281.074,13.0945],"tipVelocity":[24.5962,5.51946,-260.069],"tool":false,"touchDistance":0.333333,"touchZone":"none","type":4,"width":16.0532}],"r":[[0.995358,0.0543567,-0.0794189],[-0.0534963,0.998484,0.0129226],[0.080001,-0.008614,0.996758]],"s":0.941,"t":[26.6063,-10.0323,-110.114],"timestamp":522436747639},false],[6,{"currentFrameRate":96.6482,"devices":[],"gestures":[],"hands":[{"armBasis":[[0.942969,0.155036,-0.294572],[-0.159123,0.987206,0.010199],[0.292384,0.0372559,0.955575]],"armWidth":63.703,"confidence":0.640572,"direction":[-0.184084,0.345182,-0.920306],"elbow":[126.433,308.558,325.365],"grabStrength":0,"id":541,"palmNormal":[0.0994211,-0.924965,-0.366816],"palmPosition":[30.5498,311.93,17.1968],"palmVelocity":[47.408,30.664,-250.388],"palmWidth":90.9658,"pinchStrength":0.707561,"r":[[0.995387,0.0489719,-0.0825007],[-0.0484092,0.998789,0.0088086],[0.0828321,-0.00477418,0.996552]],"s":0.942815,"sphereCenter":[28.9979,276.808,-14.7323],"sphereRadius":44.5196,"stabilizedPalmPosition":[5.35019,320.269,124.334],"t":[27.0085,-9.69673,-112.202],"timeVisible":0.253057,"type":"right","wrist":[47.5103,298.502,67.4282]}],"id":4178202,"interactionBox":{"center":[0,200,0],"size":[235.247,235.247,147.751]},"pointables":[{"bases":[[[0.268646,0.958661,0.0938019],[-0.759604,0.150964,0.632622],[0.59231,-0.241204,0.768759]],[[0.0279414,0.979365,-0.200159],[-0.932332,0.0977509,0.34814],[0.360522,0.176887,0.915825]],[[0.0279414,0.979365,-0.200159],[-0.990071,0.05471,0.129483],[0.137762,0.194553,0.97117]],[[0.0279414,0.979365,-0.200159],[-0.956042,-0.0322888,-0.291447],[-0.291896,0.199504,0.935412]]],"btipPosition":[5.48601,262.675,-30.2027],"carpPosition":[21.3438,282.802,70.4908],"dipPosition":[-1.34358,267.343,-8.31657],"direction":[-0.137762,-0.194553,-0.97117],"extended":false,"handId":541,"id":5410,"length":52.1025,"mcpPosition":[21.3438,282.802,70.4908],"pipPosition":[3.35224,273.974,24.7872],"stabilizedTipPosition":[-18.187,268.499,83.6363],"timeVisible":0.253057,"tipPosition":[4.25819,262.814,-24.7654],"tipVelocity":[-13.2174,62.0276,-232.446],"tool":false,"touchDistance":-0.28668,"touchZone":"hovering","type":0,"width":20.2446},{"bases":[[[0.933079,0.214722,-0.288544],[-0.149596,0.961249,0.231564],[0.327085,-0.172902,0.929043]],[[0.931015,0.215799,-0.294349],[-0.238464,0.970201,-0.0429579],[0.276308,0.110186,0.954732]],[[0.931015,0.215799,-0.294349],[-0.284342,0.934474,-0.214262],[0.228824,0.283177,0.93137]],[[0.931015,0.215799,-0.294349],[-0.311875,0.889309,-0.33446],[0.189591,0.403188,0.895262]]],"btipPosition":[-19.3767,300.113,-80.4152],"carpPosition":[25.3158,305.858,66.7201],"dipPosition":[-16.1382,307,-65.1232],"direction":[-0.228824,-0.283177,-0.93137],"extended":true,"handId":541,"id":5411,"length":58.7918,"mcpPosition":[1.25874,318.575,-1.61099],"pipPosition":[-10.6089,313.842,-42.6176],"stabilizedTipPosition":[-31.0989,305.846,30.7842],"timeVisible":0.253057,"tipPosition":[-17.8711,300.535,-76.6697],"tipVelocity":[-14.6679,59.8352,-234.504],"tool":false,"touchDistance":-0.450469,"touchZone":"hovering","type":1,"width":19.3376},{"bases":[[[0.98043,0.0223516,-0.195594],[0.017523,0.979682,0.199789],[0.196086,-0.199307,0.960118]],[[0.984169,0.0183463,-0.176282],[-0.154692,0.574353,-0.803859],[0.0865003,0.818402,0.568099]],[[0.984169,0.0183463,-0.176282],[-0.104782,-0.741956,-0.66221],[-0.142942,0.670198,-0.728287]],[[0.984169,0.0183463,-0.176282],[0.0157645,-0.999747,-0.0160352],[-0.176531,0.0130023,-0.984209]]],"btipPosition":[25.7663,265.378,7.90499],"carpPosition":[36.2313,310.21,63.0533],"dipPosition":[22.4498,265.622,-10.5853],"direction":[0.142943,-0.670198,0.728287],"extended":false,"handId":541,"id":5412,"length":66.9886,"mcpPosition":[22.5544,324.112,-3.9144],"pipPosition":[18.3861,284.675,-31.2897],"stabilizedTipPosition":[0.667763,278.098,121.636],"timeVisible":0.253057,"tipPosition":[25.2606,265.896,4.96485],"tipVelocity":[10.5658,26.3246,-237.081],"tool":false,"touchDistance":0.333333,"touchZone":"none","type":2,"width":18.9921},{"bases":[[[0.99447,-0.0811383,-0.0666737],[0.0937674,0.971923,0.215809],[0.0472914,-0.220867,0.974157]],[[0.991718,-0.0720736,-0.106302],[-0.0505807,0.541617,-0.839102],[0.118052,0.83753,0.533486]],[[0.991718,-0.0720736,-0.106302],[-0.123193,-0.767823,-0.628706],[-0.0363079,0.636595,-0.770343]],[[0.991718,-0.0720736,-0.106302],[-0.0708354,-0.997369,0.0153827],[-0.107131,-0.00772539,-0.994215]]],"btipPosition":[42.8405,270.464,15.126],"carpPosition":[48.0686,311.529,60.0552],"dipPosition":[40.8394,270.319,-3.44495],"direction":[0.0363079,-0.636595,0.770343],"extended":false,"handId":541,"id":5413,"length":64.4113,"mcpPosition":[45.107,325.36,-0.949723],"pipPosition":[39.8339,287.95,-24.7793],"stabilizedTipPosition":[16.7735,282.806,129.751],"timeVisible":0.253057,"tipPosition":[42.4861,270.833,11.6875],"tipVelocity":[18.4422,20.7748,-229.337],"tool":false,"touchDistance":0.333333,"touchZone":"none","type":3,"width":18.0722},{"bases":[[[0.964005,-0.265623,0.0117872],[0.25111,0.924114,0.288022],[-0.0873981,-0.274695,0.957551]],[[0.966978,-0.252882,-0.0316827],[0.118969,0.557827,-0.821386],[0.225388,0.790493,0.569492]],[[0.966978,-0.252882,-0.0316827],[-0.211261,-0.725805,-0.654657],[0.142556,0.639732,-0.755262]],[[0.966978,-0.252882,-0.0316827],[-0.25368,-0.966983,-0.0243076],[-0.0244897,0.0315422,-0.999202]]],"btipPosition":[55.5931,280.627,14.1977],"carpPosition":[60.8595,305.699,57.8515],"dipPosition":[55.1711,281.17,-3.02079],"direction":[-0.142556,-0.639732,0.755262],"extended":false,"handId":541,"id":5414,"length":50.4973,"mcpPosition":[65.926,321.623,2.34253],"pipPosition":[57.9586,293.679,-17.7889],"stabilizedTipPosition":[29.8586,292.28,127.674],"timeVisible":0.253057,"tipPosition":[55.5888,281.248,11.2362],"tipVelocity":[23.8006,9.6816,-245.527],"tool":f