{"sensorType":"Leap","data":[[0,{"currentFrameRate":94.5863,"devices":[],"gestures":[],"hands":[{"armBasis":[[0.975642,0.140531,-0.168446],[-0.133719,0.989697,0.0511793],[0.173903,-0.0274081,0.984381]],"armWidth":63.703,"confidence":0.597593,"direction":[-0.0232163,0.313727,-0.949229],"elbow":[76.3089,292.676,357.245],"grabStrength":0,"id":539,"palmNormal":[0.132297,-0.940171,-0.313968],"palmPosition":[21.134,311.938,38.7823],"palmVelocity":[60.9061,-88.7656,-280.416],"palmWidth":90.9658,"pinchStrength":0.511773,"r":[[0.82133,0.569295,0.0363443],[-0.570409,0.818797,0.0648538],[0.00716229,-0.0739974,0.997233]],"s":1.11993,"sphereCenter":[43.1534,275.034,8.66646],"sphereRadius":50.9142,"stabilizedPalmPosition":[-30.7689,319.526,226.834],"t":[53.6023,-6.46653,-192.125],"timeVisible":0.343412,"type":"right","wrist":[29.3676,300.074,91.533]}],"id":4177647,"interactionBox":{"center":[0,200,0],"size":[235.247,235.247,147.751]},"pointables":[{"bases":[[[0.27589,0.955599,0.103515],[-0.847606,0.191088,0.495025],[0.453265,-0.224312,0.86269]],[[0.113459,0.976598,-0.182714],[-0.961941,0.15399,0.225735],[0.248588,0.150148,0.956901]],[[0.113459,0.976598,-0.182714],[-0.993231,0.106881,-0.0454876],[-0.0248944,0.186638,0.982113]],[[0.113459,0.976598,-0.182714],[-0.865754,0.00695647,-0.500422],[-0.48744,0.214963,0.846282]]],"btipPosition":[2.48103,266.178,-10.2015],"carpPosition":[2.63329,285.063,90.8296],"dipPosition":[-8.92378,271.208,9.5993],"direction":[0.0248944,-0.186638,-0.982113],"extended":false,"handId":539,"id":5390,"length":52.1025,"mcpPosition":[2.63329,285.063,90.8296],"pipPosition":[-9.77234,277.57,43.0761],"stabilizedTipPosition":[-56.5814,280.225,167.173],"timeVisible":0.343412,"tipPosition":[1.16273,266.398,-5.64869],"tipVelocity":[78.5018,-49.6573,-298.065],"tool":false,"touchDistance":-0.69471,"touchZone":"hovering","type":0,"width":20.2446},{"bases":[[[0.972972,0.183659,-0.139979],[-0.158909,0.972337,0.171195],[0.167548,-0.144324,0.975243]],[[0.987208,0.158767,0.0146101],[-0.157774,0.986,-0.053964],[-0.0229732,0.0509686,0.998436]],[[0.987208,0.158767,0.0146101],[-0.152173,0.965607,-0.210825],[-0.0475797,0.205905,0.977415]],[[0.987208,0.158767,0.0146101],[-0.145533,0.934745,-0.324147],[-0.0651206,0.317874,0.945894]]],"btipPosition":[-1.2855,305.89,-67.4167],"carpPosition":[7.7889,307.869,86.9713],"dipPosition":[-2.39783,311.319,-51.2598],"direction":[0.0475797,-0.205905,-0.977415],"extended":true,"handId":539,"id":5391,"length":58.7918,"mcpPosition":[-4.53427,318.484,15.2422],"pipPosition":[-3.54754,316.295,-27.6416],"stabilizedTipPosition":[-49.5882,314.971,108.22],"timeVisible":0.343412,"tipPosition":[-0.897422,305.954,-63.4508],"tipVelocity":[49.7682,-42.6667,-289.78],"tool":false,"touchDistance":-0.737591,"touchZone":"hovering","type":1,"width":19.3376},{"bases":[[[0.999402,-0.0059974,-0.0340529],[0.0115879,0.985984,0.166435],[0.0325775,-0.16673,0.985464]],[[0.999831,-0.00905412,-0.0159744],[-0.0111595,0.391242,-0.92022],[0.0145816,0.920243,0.391075]],[[0.999831,-0.00905412,-0.0159744],[-0.0169887,-0.786243,-0.617684],[-0.00696715,0.617851,-0.786264]],[[0.999831,-0.00905412,-0.0159744],[-0.010217,-0.997185,-0.0742849],[-0.0152568,0.0744356,-0.997109]]],"btipPosition":[16.778,260.167,38.4884],"carpPosition":[19.2682,311.845,84.9837],"dipPosition":[16.4914,261.565,19.7557],"direction":[0.00696715,-0.617851,0.786264],"extended":false,"handId":539,"id":5392,"length":66.9886,"mcpPosition":[16.996,323.474,16.2481],"pipPosition":[16.2933,279.13,-2.59686],"stabilizedTipPosition":[-47.9793,275.713,181.19],"timeVisible":0.343412,"tipPosition":[16.7096,260.528,33.5397],"tipVelocity":[114.183,-96.54,-307.164],"tool":false,"touchDistance":0.333333,"touchZone":"none","type":2,"width":18.9921},{"bases":[[[0.989567,-0.104778,0.0988884],[0.0839936,0.977219,0.194906],[-0.117058,-0.184566,0.975824]],[[0.987683,-0.107558,0.113638],[0.145199,0.359409,-0.921814],[0.0583059,0.926961,0.3706]],[[0.987683,-0.107558,0.113638],[-0.0186873,-0.802158,-0.596819],[0.155349,0.587344,-0.794288]],[[0.987683,-0.107558,0.113638],[-0.10021,-0.992604,-0.0685234],[0.120168,0.0562917,-0.991156]]],"btipPosition":[29.6454,265.631,46.7572],"carpPosition":[31.4662,312.796,83.909],"dipPosition":[31.89,266.683,28.2434],"direction":[-0.155349,-0.587344,0.794288],"extended":false,"handId":539,"id":5393,"length":64.4113,"mcpPosition":[38.7967,324.354,22.7997],"pipPosition":[36.1923,282.949,6.24585],"stabilizedTipPosition":[-33.5577,272.936,183.97],"timeVisible":0.343412,"tipPosition":[30.2599,265.695,41.3798],"tipVelocity":[108.503,-79.4463,-283.927],"tool":false,"touchDistance":0.333333,"touchZone":"none","type":3,"width":18.0722},{"bases":[[[0.941796,-0.28545,0.177592],[0.226211,0.928855,0.293355],[-0.248696,-0.236107,0.939364]],[[0.957784,-0.266955,0.1067],[0.214752,0.417609,-0.882884],[0.191131,0.868526,0.457308]],[[0.957784,-0.266955,0.1067],[-0.13013,-0.733515,-0.667099],[0.256351,0.625052,-0.737288]],[[0.957784,-0.266955,0.1067],[-0.248639,-0.955505,-0.15871],[0.14432,0.125481,-0.981543]]],"btipPosition":[44.4427,275.216,44.7272],"carpPosition":[44.2818,306.616,84.0169],"dipPosition":[46.9296,277.378,27.8131],"direction":[-0.256351,-0.625052,0.737288],"extended":false,"handId":539,"id":5394,"length":50.4973,"mcpPosition":[58.6987,320.303,29.5622],"pipPosition":[51.9422,289.6,13.3965],"stabilizedTipPosition":[-19.821,275.085,196.784],"timeVisible":0.343412,"tipPosition":[45.2238,275.495,39.9153],"tipVelocity":[97.9413,-64.3694,-286.375],"tool":false,"touchDistance":0.333333,"touchZone":"none","type":4,"width":16.0532}],"r":[[0.82133,0.569295,0.0363443],[-0.570409,0.818797,0.0648538],[0.00716229,-0.0739974,0.997233]],"s":1.11993,"t":[53.6023,-6.46653,-192.125],"timestamp":522430794284},false],[1,{"currentFrameRate":95.2392,"devices":[],"gestures":[],"hands":[{"armBasis":[[0.97305,0.145022,-0.179285],[-0.138458,0.989172,0.0486654],[0.184401,-0.0225305,0.982593]],"armWidth":63.703,"confidence":0.618832,"direction":[-0.0237425,0.312963,-0.949468],"elbow":[79.7009,292.495,354.044],"grabStrength":0,"id":539,"palmNormal":[0.13709,-0.939745,-0.313186],"palmPosition":[21.6896,310.365,36.0474],"palmVelocity":[60.8365,-111.867,-285.476],"palmWidth":90.9658,"pinchStrength":0.511201,"r":[[0.81579,0.577105,0.0378852],[-0.578291,0.813042,0.0673999],[0.0080946,-0.0768928,0.997007]],"s":1.12224,"sphereCenter":[43.6175,273.511,5.9549],"sphereRadius":50.879,"stabilizedPalmPosition":[-30.7238,319.518,226.67],"t":[54.1703,-7.80396,-195.09],"timeVisible":0.352572,"type":"right","wrist":[29.9259,298.577,88.8146]}],"id":4177648,"interactionBox":{"center":[0,200,0],"size":[235.247,235.247,147.751]},"pointables":[{"bases":[[[0.271233,0.956972,0.103136],[-0.849009,0.18739,0.494033],[0.453449,-0.221562,0.863305]],[[0.11348,0.977848,-0.175885],[-0.961371,0.152754,0.228979],[0.250774,0.143106,0.95741]],[[0.11348,0.977848,-0.175885],[-0.993265,0.107487,-0.0432686],[-0.0234048,0.179611,0.983459]],[[0.11348,0.977848,-0.175885],[-0.861491,0.00865722,-0.507699],[-0.49493,0.209137,0.84339]]],"btipPosition":[3.12719,265.281,-12.9403],"carpPosition":[3.26403,283.438,88.0944],"dipPosition":[-8.45286,270.174,6.79282],"direction":[0.0234048,-0.179611,-0.983459],"extended":false,"handId":539,"id":5390,"length":52.1025,"mcpPosition":[3.26403,283.438,88.0944],"pipPosition":[-9.25065,276.297,40.3155],"stabilizedTipPosition":[-56.5258,280.211,167.002],"timeVisible":0.352572,"tipPosition":[1.67838,265.342,-8.38278],"tipVelocity":[75.0569,-64.0711,-298.798],"tool":false,"touchDistance":-0.694888,"touchZone":"hovering","type":0,"width":20.2446},{"bases":[[[0.972229,0.188193,-0.139118],[-0.16371,0.971687,0.170363],[0.16724,-0.142857,0.975511]],[[0.986401,0.163779,0.0137465],[-0.162851,0.985239,-0.0527574],[-0.0221842,0.0498013,0.998513]],[[0.986401,0.163779,0.0137465],[-0.157283,0.964921,-0.210215],[-0.0476932,0.205195,0.977558]],[[0.986401,0.163779,0.0137465],[-0.150561,0.933987,-0.324037],[-0.0659095,0.317561,0.945945]]],"btipPosition":[-0.754442,304.252,-70.1898],"carpPosition":[8.31495,306.266,84.2256],"dipPosition":[-1.88025,309.676,-54.032],"direction":[0.0476932,-0.205195,-0.977558],"extended":true,"handId":539,"id":5391,"length":58.7918,"mcpPosition":[-3.98553,316.773,12.4767],"pipPosition":[-3.0327,314.634,-30.4104],"stabilizedTipPosition":[-49.5291,314.96,108.007],"timeVisible":0.352572,"tipPosition":[-0.348831,304.352,-66.2301],"tipVelocity":[51.9615,-80.6534,-293.386],"tool":false,"touchDistance":-0.733759,"touchZone":"hovering","type":1,"width":19.3376},{"bases":[[[0.999453,-0.00126295,-0.0330341],[0.00672509,0.986142,0.165767],[0.032367,-0.165898,0.985612]],[[0.999879,-0.00430633,-0.0149464],[-0.0120404,0.394051,-0.91901],[0.00984722,0.919078,0.393952]],[[0.999879,-0.00430633,-0.0149464],[-0.0126482,-0.784392,-0.620137],[-0.00905333,0.620251,-0.784351]],[[0.999879,-0.00430633,-0.0149464],[-0.00543198,-0.997085,-0.0761081],[-0.0145751,0.0761801,-0.996988]]],"btipPosition":[17.5764,258.514,35.5461],"carpPosition":[19.7773,310.296,82.2469],"dipPosition":[17.3025,259.946,16.8157],"direction":[0.00905333,-0.620251,0.784351],"extended":false,"handId":539,"id":5392,"length":66.9886,"mcpPosition":[17.5197,321.867,13.5011],"pipPosition":[17.0452,277.579,-5.4825],"stabilizedTipPosition":[-47.3831,275.56,179.824],"timeVisible":0.352572,"tipPosition":[17.5129,258.9,30.7324],"tipVelocity":[106.74,-119.682,-311.063],"tool":false,"touchDistance":0.333333,"touchZone":"none","type":2,"width":18.9921},{"bases":[[[0.989953,-0.0999985,0.0999652],[0.0791427,0.977741,0.194318],[-0.117172,-0.184454,0.975832]],[[0.988164,-0.102643,0.114],[0.143112,0.349278,-0.926026],[0.0552323,0.93138,0.359834]],[[0.988164,-0.102643,0.114],[-0.0163363,-0.809343,-0.587109],[0.152528,0.578298,-0.80144]],[[0.988164,-0.102643,0.114],[-0.0962795,-0.993544,-0.0600032],[0.119423,0.0483171,-0.991667]]],"btipPosition":[30.3873,264.334,44.7202],"carpPosition":[31.9716,311.304,81.184],"dipPosition":[32.618,265.237,26.1968],"direction":[-0.152528,-0.578298,0.80144],"extended":false,"handId":539,"id":5393,"length":64.4113,"mcpPosition":[39.3093,322.855,20.0742],"pipPosition":[36.8422,281.252,4.00125],"stabilizedTipPosition":[-33.0748,272.873,182.895],"timeVisible":0.352572,"tipPosition":[31.0029,264.327,39.2397],"tipVelocity":[100.739,-97.8173,-266.839],"tool":false,"touchDistance":0.333333,"touchZone":"none","type":3,"width":18.0722},{"bases":[[[0.942962,-0.280842,0.178745],[0.221488,0.930122,0.292945],[-0.248526,-0.236646,0.939273]],[[0.958853,-0.262437,0.108293],[0.213786,0.416458,-0.883662],[0.186806,0.870454,0.455427]],[[0.958853,-0.262437,0.108293],[-0.126129,-0.735513,-0.665666],[0.254347,0.624617,-0.73835]],[[0.958853,-0.262437,0.108293],[-0.244094,-0.956861,-0.157592],[0.14498,0.124673,-0.981548]]],"btipPosition":[45.1481,273.771,42.1121],"carpPosition":[44.8164,305.185,81.3091],"dipPosition":[47.6464,275.919,25.1978],"direction":[-0.254347,-0.624617,0.73835],"extended":false,"handId":539,"id":5394,"length":50.4973,"mcpPosition":[59.2234,318.903,26.8597],"pipPosition":[52.6198,288.132,10.7604],"stabilizedTipPosition":[-19.5581,275.082,196.148],"timeVisible":0.352572,"tipPosition":[45.9325,274.053,37.3088],"tipVelocity":[92.1883,-90.512,-286.131],"tool":false,"touchDistance":0.333333,"touchZone":"none","type":4,"width":16.0532}],"r":[[0.81579,0.577105,0.0378852],[-0.578291,0.813042,0.0673999],[0.0080946,-0.0768928,0.997007]],"s":1.12224,"t":[54.1703,-7.80396,-195.09],"timestamp":522430803444},false],[2,{"currentFrameRate":95.9834,"devices":[],"gestures":[],"hands":[{"armBasis":[[0.972615,0.152426,-0.175459],[-0.148308,0.98827,0.0364229],[0.178953,-0.00940334,0.983813]],"armWidth":63.703,"confidence":0.633405,"direction":[-0.0253143,0.312774,-0.94949],"elbow":[78.7128,295.067,351.678],"grabStrength":0,"id":539,"palmNormal":[0.147073,-0.938294,-0.313007],"palmPosition":[22.1415,309.314,33.3392],"palmVelocity":[58.0968,-113.58,-290.576],"palmWidth":90.9658,"pinchStrength":0.508652,"r":[[0.810115,0.584945,0.0394151],[-0.586207,0.807197,0.0692403],[0.00868601,-0.079198,0.996821]],"s":1.12407,"sphereCenter":[44.1047,272.662,3.2436],"sphereRadius":50.7834,"stabilizedPalmPosition":[-30.6763,319.509,226.496],"t":[54.6803,-8.99862,-197.927],"timeVisible":0.361474,"type":"right","wrist":[30.4083,297.605,86.1194]}],"id":4177649,"interactionBox":{"center":[0,200,0],"size":[235.247,235.247,147.751]},"pointables":[{"bases":[[[0.261405,0.959649,0.103638],[-0.851676,0.178792,0.492628],[0.45422,-0.217042,0.864047]],[[0.107757,0.979663,-0.169258],[-0.961663,0.145896,0.232204],[0.252176,0.137748,0.957827]],[[0.107757,0.979663,-0.169258],[-0.993901,0.102143,-0.0415579],[-0.0234242,0.172704,0.984695]],[[0.107757,0.979663,-0.169258],[-0.85405,0.00406875,-0.520175],[-0.508907,0.200608,0.83712]]],"btipPosition":[4.02246,264.744,-15.5969],"carpPosition":[3.90159,282.198,85.354],"dipPosition":[-7.88463,269.437,3.9895],"direction":[0.0234242,-0.172704,-0.984695],"extended":false,"handId":539,"id":5390,"length":52.1025,"mcpPosition":[3.90159,282.198,85.354],"pipPosition":[-8.68308,275.324,37.5543],"stabilizedTipPosition":[-56.4735,280.198,166.841],"timeVisible":0.361474,"tipPosition":[2.40868,264.682,-11.0835],"tipVelocity":[79.6987,-64.4666,-299.729],"tool":false,"touchDistance":-0.694088,"touchZone":"hovering","type":0,"width":20.2446},{"bases":[[[0.970514,0.197989,-0.137489],[-0.173776,0.969976,0.170142],[0.167047,-0.141233,0.975781]],[[0.984646,0.174047,0.013438],[-0.173173,0.983598,-0.0504503],[-0.0219983,0.0473486,0.998636]],[[0.984646,0.174047,0.013438],[-0.167473,0.96356,-0.208581],[-0.0492511,0.203128,0.977913]],[[0.984646,0.174047,0.013438],[-0.160457,0.932701,-0.322991],[-0.0687491,0.315875,0.946307]]],"btipPosition":[-0.248354,303.126,-72.9604],"carpPosition":[8.72868,305.076,81.4948],"dipPosition":[-1.42266,308.522,-56.7965],"direction":[0.0492511,-0.203128,-0.977913],"extended":true,"handId":539,"id":5391,"length":58.7918,"mcpPosition":[-3.55761,315.464,9.72614],"pipPosition":[-2.61276,313.43,-33.1662],"stabilizedTipPosition":[-49.4698,314.947,107.793],"timeVisible":0.361474,"tipPosition":[0.174908,303.253,-69.0049],"tipVelocity":[52.9507,-93.3002,-298.198],"tool":false,"touchDistance":-0.730254,"touchZone":"hovering","type":1,"width":19.3376},{"bases":[[[0.999469,0.00880967,-0.0313699],[-0.00348742,0.986148,0.16583],[0.0323963,-0.165632,0.985655]],[[0.999896,0.00576414,-0.01325],[-0.0144493,0.394382,-0.918833],[-0.0000707209,0.918928,0.394424]],[[0.999896,0.00576414,-0.01325],[-0.00370069,-0.784246,-0.620439],[-0.0139676,0.620423,-0.784143]],[[0.999896,0.00576414,-0.01325],[0.00473728,-0.997076,-0.0762648],[-0.0136509,0.0761941,-0.997]]],"btipPosition":[18.5504,257.424,32.8031],"carpPosition":[20.1531,309.221,79.5354],"dipPosition":[18.2939,258.855,14.0725],"direction":[0.0139676,-0.620423,0.784143],"extended":false,"handId":539,"id":5392,"length":66.9886,"mcpPosition":[17.8935,320.774,10.7866],"pipPosition":[17.8969,276.493,-8.21977],"stabilizedTipPosition":[-46.8125,275.406,178.514],"timeVisible":0.361474,"tipPosition":[18.4917,257.808,28.0125],"tipVelocity":[107.591,-120.458,-310.266],"tool":false,"touchDistance":0.333333,"touchZone":"none","type":2,"width":18.9921},{"bases":[[[0.990743,-0.0900258,0.101608],[0.0689635,0.978475,0.194501],[-0.116931,-0.185693,0.975626]],[[0.988995,-0.0926354,0.115356],[0.140786,0.349635,-0.926247],[0.0454708,0.932295,0.35883]],[[0.988995,-0.0926354,0.115356],[-0.00749035,-0.810063,-0.586295],[0.147757,0.578979,-0.801842]],[[0.988995,-0.0926354,0.115356],[-0.0862018,-0.994495,-0.0595747],[0.120239,0.0489752,-0.991536]]],"btipPosition":[31.2919,263.388,42.0956],"carpPosition":[32.3384,310.352,78.4929],"dipPosition":[33.5379,264.303,23.5746],"direction":[-0.147757,-0.578979,0.801842],"extended":false,"handId":539,"id":5393,"length":64.4113,"mcpPosition":[39.661,321.981,17.396],"pipPosition":[37.63,280.338,1.36793],"stabilizedTipPosition":[-32.6095,272.806,181.854],"timeVisible":0.361474,"tipPosition":[31.9092,263.39,36.6492],"tipVelocity":[101.086,-100.027,-274.439],"tool":false,"touchDistance":0.333333,"touchZone":"none","type":3,"width":18.0722},{"bases":[[[0.945445,-0.271339,0.1803],[0.211617,0.932286,0.293362],[-0.247692,-0.239203,0.938845]],[[0.96116,-0.252927,0.110452],[0.211315,0.416985,-0.884007],[0.177533,0.873013,0.454237]],[[0.96116,-0.252927,0.110452],[-0.117651,-0.7375,-0.66502],[0.24966,0.626196,-0.738613]],[[0.96116,-0.252927,0.110452],[-0.234309,-0.959283,-0.157722],[0.145847,0.125716,-0.981287]]],"btipPosition":[45.9319,272.958,39.5096],"carpPosition":[45.244,304.363,78.6391],"dipPosition":[48.4451,275.124,22.5998],"direction":[-0.24966,-0.626196,0.738613],"extended":false,"handId":539,"id":5394,"length":50.4973,"mcpPosition":[59.6026,318.229,24.2145],"pipPosition":[53.3269,287.368,8.15729],"stabilizedTipPosition":[-19.3105,275.076,195.546],"timeVisible":0.361474,"tipPosition":[46.724,273.255,34.7167],"tipVelocity":[91.1651,-90.6014,-287.792],"tool":false,"touchDistance":0.333333,"touchZone":"none","type":4,"width":16.0532}],"r":[[0.810115,0.584945,0.0394151],[-0.586207,0.807197,0.0692403],[0.00868601,-0.079198,0.996821]],"s":1.12407,"t":[54.6803,-8.99862,-197.927],"timestamp":522430812346},false],[3,{"currentFrameRate":96.5286,"devices":[],"gestures":[],"hands":[{"armBasis":[[0.973495,0.150526,-0.172188],[-0.146642,0.988566,0.0351313],[0.175507,-0.00895003,0.984437]],"armWidth":63.703,"confidence":0.652167,"direction":[-0.0265738,0.314374,-0.948927],"elbow":[78.5344,294.717,349.277],"grabStrength":0,"id":539,"palmNormal":[0.145024,-0.938007,-0.314818],"palmPosition":[22.8143,308.941,30.8038],"palmVelocity":[62.1992,-92.9743,-285.895],"palmWidth":90.9658,"pinchStrength":0.508221,"r":[[0.805719,0.590909,0.0405462],[-0.592222,0.802625,0.0711817],[0.0095185,-0.0813647,0.996639]],"s":1.12582,"sphereCenter":[44.1683,272.322,0.603828],"sphereRadius":50.6349,"stabilizedPalmPosition":[-30.6273,319.499,226.317],"t":[55.2717,-9.78244,-200.614],"timeVisible":0.37073,"type":"right","wrist":[31.16,297.132,83.5493]}],"id":4177650,"interactionBox":{"center":[0,200,0],"size":[235.247,235.247,147.751]},"pointables":[{"bases":[[[0.263101,0.959067,0.104731],[-0.850484,0.179315,0.494492],[0.455471,-0.219173,0.862849]],[[0.112269,0.980318,-0.162394],[-0.959683,0.149352,0.238124],[0.257691,0.129113,0.957562]],[[0.112269,0.980318,-0.162394],[-0.993462,0.107329,-0.038905],[-0.0207096,0.1657,0.985959]],[[0.112269,0.980318,-0.162394],[-0.846884,0.00890871,-0.531703],[-0.519791,0.197222,0.831216]]],"btipPosition":[4.63556,265.063,-18.0351],"carpPosition":[4.62778,281.769,82.8075],"dipPosition":[-7.52619,269.677,1.41318],"direction":[0.0207096,-0.1657,-0.985959],"extended":false,"handId":539,"id":5390,"length":52.1025,"mcpPosition":[4.62778,281.769,82.8075],"pipPosition":[-8.23211,275.325,35.0211],"stabilizedTipPosition":[-56.4262,280.187,166.695],"timeVisible":0.37073,"tipPosition":[2.81909,264.923,-13.5828],"tipVelocity":[74.1346,-37.2029,-290.484],"tool":false,"touchDistance":-0.690062,"touchZone":"hovering","type":0,"width":20.2446},{"bases":[[[0.970568,0.196695,-0.138955],[-0.17194,0.969966,0.172054],[0.168623,-0.143098,0.975238]],[[0.984903,0.172818,0.00997624],[-0.172184,0.98397,-0.0464402],[-0.017842,0.0440214,0.998871]],[[0.984903,0.172818,0.00997624],[-0.167107,0.964233,-0.205742],[-0.0451753,0.200969,0.978555]],[[0.984903,0.172818,0.00997624],[-0.160518,0.93334,-0.321107],[-0.0648044,0.314658,0.94699]]],"btipPosition":[0.0462524,303.048,-75.4756],"carpPosition":[9.48363,304.645,78.977],"dipPosition":[-1.06067,308.423,-59.3],"direction":[0.0451753,-0.200969,-0.978555],"extended":true,"handId":539,"id":5391,"length":58.7918,"mcpPosition":[-2.91862,315.17,7.24827],"pipPosition":[-2.15229,313.279,-35.6542],"stabilizedTipPosition":[-49.4158,314.935,107.596],"timeVisible":0.37073,"tipPosition":[0.499664,303.209,-71.5303],"tipVelocity":[47.4825,-69.5834,-290.676],"tool":false,"touchDistance":-0.72325,"touchZone":"hovering","type":1,"width":19.3376},{"bases":[[[0.999422,0.00729631,-0.0332004],[-0.00163466,0.985878,0.167454],[0.0339534,-0.167303,0.985321]],[[0.999877,0.00421897,-0.0150783],[-0.0155168,0.395769,-0.918219],[0.00209358,0.918341,0.395786]],[[0.999877,0.00421897,-0.0150783],[-0.0060672,-0.783373,-0.621522],[-0.0144341,0.621537,-0.783252]],[[0.999877,0.00421897,-0.0150783],[0.00303534,-0.996974,-0.0776768],[-0.0153604,0.0776215,-0.996865]]],"btipPosition":[19.1407,257.064,30.2009],"carpPosition":[20.9109,308.775,77.0033],"dipPosition":[18.8521,258.522,11.4728],"direction":[0.0144341,-0.621537,0.783252],"extended":false,"handId":539,"id":5392,"length":66.9886,"mcpPosition":[18.5427,320.445,8.27782],"pipPosition":[18.4418,276.192,-10.7941],"stabilizedTipPosition":[-46.2766,275.259,177.272],"timeVisible":0.37073,"tipPosition":[19.0739,257.452,25.414],"tipVelocity":[95.0461,-97.3198,-302.059],"tool":false,"touchDistance":0.333333,"touchZone":"none","type":2,"width":18.9921},{"bases":[[[0.990786,-0.0917439,0.0996312],[0.0708569,0.978045,0.195979],[-0.115424,-0.187114,0.975534]],[[0.989146,-0.0942498,0.11273],[0.138459,0.340981,-0.929818],[0.0491963,0.935334,0.35033]],[[0.989146,-0.0942498,0.11273],[-0.0116122,-0.814929,-0.579444],[0.146479,0.571845,-0.807178]],[[0.989146,-0.0942498,0.11273],[-0.0885234,-0.994567,-0.0547784],[0.11728,0.0442045,-0.992115]]],"btipPosition":[31.8794,263.165,40.0868],"carpPosition":[33.0961,309.889,75.9402],"dipPosition":[34.0701,263.991,21.5551],"direction":[-0.146479,-0.571845,0.807178],"extended":false,"handId":539,"id":5393,"length":64.4113,"mcpPosition":[40.3243,321.607,14.849],"pipPosition":[38.1268,279.828,-0.799372],"stabilizedTipPosition":[-32.1624,272.741,180.85],"timeVisible":0.37073,"tipPosition":[32.4849,263.128,34.551],"tipVelocity":[90.123,-79.3071,-258.369],"tool":false,"touchDistance":0.333333,"touchZone":"none","type":3,"width":18.0722},{"bases":[[[0.945349,-0.273115,0.178109],[0.21362,0.93147,0.294501],[-0.246336,-0.240358,0.938907]],[[0.960841,-0.254794,0.108922],[0.210672,0.416359,-0.884456],[0.180003,0.872769,0.453733]],[[0.960841,-0.254794,0.108922],[-0.120059,-0.737062,-0.665076],[0.24974,0.625955,-0.73879]],[[0.960841,-0.254794,0.108922],[-0.236249,-0.958675,-0.15852],[0.144811,0.126579,-0.981329]]],"btipPosition":[46.5307,272.54,36.9416],"carpPosition":[45.9925,303.879,76.0527],"dipPosition":[49.0261,274.721,20.0311],"direction":[-0.24974,-0.625955,0.73879],"extended":false,"handId":539,"id":5394,"length":50.4973,"mcpPosition":[60.2725,317.813,21.6245],"pipPosition":[53.9094,286.96,5.58513],"stabilizedTipPosition":[-19.0763,275.068,194.973],"timeVisible":0.37073,"tipPosition":[47.3181,272.85,32.157],"tipVelocity":[83.5981,-77.7268,-284.886],"tool":false,"touchDistance":0.333333,"touchZone":"none","type":4,"width":16.0532}],"r":[[0.805719,0.590909,0.0405462],[-0.592222,0.802625,0.0711817],[0.0095185,-0.0813647,0.996639]],"s":1.12582,"t":[55.2717,-9.78244,-200.614],"timestamp":522430821602},false],[4,{"currentFrameRate":97.2347,"devices":[],"gestures":[],"hands":[{"armBasis":[[0.972514,0.150028,-0.178069],[-0.146113,0.988649,0.0349762],[0.181295,-0.00799655,0.983396]],"armWidth":63.703,"confidence":0.659247,"direction":[-0.0271137,0.324588,-0.945467],"elbow":[80.6835,294.427,346.721],"grabStrength":0,"id":539,"palmNormal":[0.14449,-0.93461,-0.325004],"palmPosition":[23.3692,308.964,28.6649],"palmVelocity":[62.3064,-67.0618,-273.807],"palmWidth":90.9658,"pinchStrength":0.508072,"r":[[0.802217,0.595509,0.042625],[-0.596944,0.798813,0.0745378],[0.0103385,-0.0852402,0.996307]],"s":1.12737,"sphereCenter":[44.2906,272.68,-1.94467],"sphereRadius":50.5129,"stabilizedPalmPosition":[-30.5846,319.491,226.161],"t":[55.8448,-10.1627,-203.026],"timeVisible":0.379594,"type":"right","wrist":[31.7468,296.585,81.2744]}],"id":4177651,"interactionBox":{"center":[0,200,0],"size":[235.247,235.247,147.751]},"pointables":[{"bases":[[[0.263499,0.957795,0.114876],[-0.850086,0.17426,0.496978],[0.455985,-0.228608,0.860126]],[[0.114951,0.982312,-0.147813],[-0.958512,0.148755,0.24316],[0.260847,0.113729,0.958658]],[[0.114951,0.982312,-0.147813],[-0.993173,0.110677,-0.036849],[-0.0198378,0.15104,0.988329]],[[0.114951,0.982312,-0.147813],[-0.840991,0.0170392,-0.540781],[-0.528697,0.186473,0.828074]]],"btipPosition":[5.23777,266.052,-20.5192],"carpPosition":[5.20882,281.239,80.3854],"dipPosition":[-7.13236,270.415,-1.14445],"direction":[0.0198378,-0.15104,-0.988329],"extended":false,"handId":539,"id":5390,"length":52.1025,"mcpPosition":[5.20882,281.239,80.3854],"pipPosition":[-7.80856,275.564,32.5442],"stabilizedTipPosition":[-56.3885,280.178,166.577],"timeVisible":0.379594,"tipPosition":[3.25985,265.828,-16.1169],"tipVelocity":[70.9897,1.37239,-288.227],"tool":false,"touchDistance":-0.686904,"touchZone":"hovering","type":0,"width":20.2446},{"bases":[[[0.97054,0.197857,-0.137493],[-0.171492,0.968113,0.182612],[0.16924,-0.153653,0.973524]],[[0.984931,0.17269,0.00944387],[-0.172277,0.984451,-0.0343148],[-0.0152228,0.0321707,0.999366]],[[0.984931,0.17269,0.00944387],[-0.16756,0.966349,-0.195175],[-0.0428309,0.190652,0.980723]],[[0.984931,0.17269,0.00944387],[-0.161182,0.93635,-0.31188],[-0.0627013,0.305658,0.950075]]],"btipPosition":[0.382088,304.246,-77.6547],"carpPosition":[10.0699,304.154,76.7982],"dipPosition":[-0.688916,309.466,-61.4264],"direction":[0.0428309,-0.190652,-0.980723],"extended":true,"handId":539,"id":5391,"length":58.7918,"mcpPosition":[-2.37772,315.455,5.1955],"pipPosition":[-1.72388,314.073,-37.7282],"stabilizedTipPosition":[-49.3769,314.928,107.454],"timeVisible":0.379594,"tipPosition":[0.856416,304.417,-73.7201],"tipVelocity":[45.1344,-15.1919,-278.151],"tool":false,"touchDistance":-0.711763,"touchZone":"hovering","type":1,"width":19.3376},{"bases":[[[0.999402,0.00732055,-0.0338049],[-0.00118473,0.984018,0.178067],[0.0345681,-0.17792,0.983438]],[[0.999868,0.00404813,-0.015718],[-0.0160091,0.405529,-0.913942],[0.00267434,0.914073,0.40554]],[[0.999868,0.00404813,-0.015718],[-0.0067554,-0.776745,-0.629779],[-0.0147583,0.629802,-0.776615]],[[0.999868,0.00404813,-0.015718],[0.00264553,-0.996095,-0.0882517],[-0.0160139,0.0881985,-0.995974]]],"btipPosition":[19.6776,257.103,27.5147],"carpPosition":[21.4972,308.301,74.8613],"dipPosition":[19.3768,258.76,8.80339],"direction":[0.0147583,-0.629802,0.776615],"extended":false,"handId":539,"id":5392,"length":66.9886,"mcpPosition":[19.0861,320.711,6.26711],"pipPosition":[18.9572,276.664,-13.2749],"stabilizedTipPosition":[-45.8487,275.144,176.272],"timeVisible":0.379594,"tipPosition":[19.6076,257.539,22.7355],"tipVelocity":[85.6153,-68.3615,-302.207],"tool":false,"touchDistance":0.333333,"touchZone":"none","type":2,"width":18.9921},{"bases":[[[0.990822,-0.0931421,0.0979579],[0.0713236,0.975853,0.206456],[-0.114822,-0.197574,0.97354]],[[0.989255,-0.0956883,0.110534],[0.137171,0.345927,-0.92818],[0.0505792,0.933369,0.355336]],[[0.989255,-0.0956883,0.110534],[-0.0132809,-0.811747,-0.583858],[0.145594,0.576117,-0.804296]],[[0.989255,-0.0956883,0.110534],[-0.0892413,-0.994086,-0.0618806],[0.115802,0.0513515,-0.991944]]],"btipPosition":[32.418,263.189,37.7667],"carpPosition":[33.682,309.423,73.8018],"dipPosition":[34.5811,264.149,19.2382],"direction":[-0.145594,-0.576117,0.804296],"extended":false,"handId":539,"id":5393,"length":64.4113,"mcpPosition":[40.8725,321.795,12.8355],"pipPosition":[38.6133,280.104,-3.03648],"stabilizedTipPosition":[-31.7964,272.689,180.021],"timeVisible":0.379594,"tipPosition":[33.0121,263.188,32.2266],"tipVelocity":[81.9712,-56.1216,-259.262],"tool":false,"touchDistance":0.333333,"touchZone":"none","type":3,"width":18.0722},{"bases":[[[0.945377,-0.275333,0.174508],[0.214138,0.928172,0.304372],[-0.245777,-0.250378,0.936432]],[[0.960609,-0.256609,0.106692],[0.210262,0.42006,-0.882802],[0.181718,0.87046,0.457468]],[[0.960609,-0.256609,0.106692],[-0.121628,-0.733397,-0.668831],[0.249876,0.629508,-0.735718]],[[0.960609,-0.256609,0.106692],[-0.237288,-0.957195,-0.165745],[0.144657,0.133899,-0.98038]]],"btipPosition":[47.0217,272.535,34.6647],"carpPosition":[46.5764,303.407,73.8408],"dipPosition":[49.5144,274.842,17.7706],"direction":[-0.249876,-0.629508,0.735718],"extended":false,"handId":539,"id":5394,"length":50.4973,"mcpPosition":[60.8241,317.922,19.5561],"pipPosition":[54.4004,287.151,3.38465],"stabilizedTipPosition":[-18.8851,275.063,194.502],"timeVisible":0.379594,"tipPosition":[47.8121,272.89,29.8484],"tipVelocity":[75.9335,-55.9197,-277.177],"tool":false,"touchDistance":0.333333,"touchZone":"none","type":4,"width":16.0532}],"r":[[0.802217,0.595509,0.042625],[-0.596944,0.798813,0.0745378],[0.0103385,-0.0852402,0.996307]],"s":1.12737,"t":[55.8448,-10.1627,-203.026],"timestamp":522430830466},false],[5,{"currentFrameRate":97.841,"devices":[],"gestures":[],"hands":[{"armBasis":[[0.973763,0.142887,-0.177114],[-0.139359,0.989716,0.0322681],[0.179903,-0.00673911,0.983661]],"armWidth":63.703,"confidence":0.668333,"direction":[-0.0299687,0.328675,-0.943968],"elbow":[81.1746,294.119,344.558],"grabStrength":0,"id":539,"palmNormal":[0.136649,-0.934178,-0.329604],"palmPosition":[24.0402,308.589,26.5273],"palmVelocity":[65.6525,-60.0643,-263.766],"palmWidth":90.9658,"pinchStrength":0.507588,"r":[[0.800225,0.598088,0.0439433],[-0.599581,0.796455,0.0785009],[0.0119516,-0.0891659,0.995945]],"s":1.12902,"sphereCenter":[44.0603,272.354,-4.32811],"sphereRadius":50.3548,"stabilizedPalmPosition":[-30.545,319.483,226.016],"t":[56.4668,-10.5402,-205.301],"timeVisible":0.388603,"type":"right","wrist":[32.6137,295.938,79.0404]}],"id":4177652,"interactionBox":{"center":[0,200,0],"size":[235.247,235.247,147.751]},"pointables":[{"bases":[[[0.270369,0.95557,0.117416],[-0.846295,0.177745,0.502186],[0.459004,-0.235144,0.856751]],[[0.122877,0.982406,-0.140641],[-0.955276,0.155493,0.251535],[0.268978,0.103443,0.957575]],[[0.122877,0.982406,-0.140641],[-0.992292,0.119325,-0.0334461],[-0.0160757,0.143666,0.989496]],[[0.122877,0.982406,-0.140641],[-0.83615,0.0261498,-0.547877],[-0.53456,0.184918,0.824652]]],"btipPosition":[5.60349,266.384,-22.5814],"carpPosition":[5.97141,280.769,78.2289],"dipPosition":[-6.9038,270.71,-3.28672],"direction":[0.0160757,-0.143666,-0.989496],"extended":false,"handId":539,"id":5390,"length":52.1025,"mcpPosition":[5.97141,280.769,78.2289],"pipPosition":[-7.45177,275.607,30.4417],"stabilizedTipPosition":[-56.3573,280.172,166.48],"timeVisible":0.388603,"tipPosition":[3.43826,266.135,-18.235],"tipVelocity":[61.6744,10.8459,-272.486],"tool":false,"touchDistance":-0.677756,"touchZone":"hovering","type":0,"width":20.2446},{"bases":[[[0.971078,0.192084,-0.141817],[-0.164182,0.968447,0.187496],[0.173357,-0.158789,0.971974]],[[0.986019,0.166606,0.00286863],[-0.166464,0.985658,-0.0277275],[-0.00744704,0.0268624,0.999611]],[[0.986019,0.166606,0.00286863],[-0.163028,0.968121,-0.190165],[-0.0344597,0.187039,0.981748]],[[0.986019,0.166606,0.00286863],[-0.157628,0.938194,-0.308131],[-0.0540276,0.303371,0.95134]]],"btipPosition":[0.288442,304.49,-79.6855],"carpPosition":[10.9635,303.667,74.7102],"dipPosition":[-0.634406,309.672,-63.4356],"direction":[0.0344597,-0.187039,-0.981748],"extended":true,"handId":539,"id":5391,"length":58.7918,"mcpPosition":[-1.78695,315.346,3.22153],"pipPosition":[-1.46709,314.192,-39.7127],"stabilizedTipPosition":[-49.349,314.922,107.35],"timeVisible":0.388603,"tipPosition":[0.809957,304.697,-75.7647],"tipVelocity":[30.9136,-3.82308,-263.51],"tool":false,"touchDistance":-0.699308,"touchZone":"hovering","type":1,"width":19.3376},{"bases":[[[0.999236,0.000935269,-0.0390675],[0.00619989,0.983258,0.182115],[0.0385838,-0.182218,0.982501]],[[0.999776,-0.00240743,-0.0210383],[-0.0182301,0.407615,-0.912972],[0.0107734,0.913151,0.40748]],[[0.999776,-0.00240743,-0.0210383],[-0.0151525,-0.775352,-0.631348],[-0.0147921,0.631525,-0.775215]],[[0.999776,-0.00240743,-0.0210383],[-0.00431239,-0.995844,-0.090977],[-0.0207318,0.0910474,-0.995631]]],"btipPosition":[20.007,256.79,25.3089],"carpPosition":[22.4074,307.747,72.7299],"dipPosition":[19.6175,258.501,6.60401],"direction":[0.0147921,-0.631525,0.775215],"extended":false,"handId":539,"id":5392,"length":66.9886,"mcpPosition":[19.7162,320.457,4.20104],"pipPosition":[19.197,276.454,-15.4344],"stabilizedTipPosition":[-45.4992,275.048,175.447],"timeVisible":0.388603,"tipPosition":[19.9132,257.229,20.5079],"tipVelocity":[71.5136,-58.7264,-286.398],"tool":false,"touchDistance":0.333333,"touchZone":"none","type":2,"width":18.9921},{"bases":[[[0.990693,-0.100015,0.0923247],[0.0788018,0.974502,0.210085],[-0.110982,-0.200855,0.973314]],[[0.989218,-0.102535,0.10457],[0.134025,0.345963,-0.928626],[0.0590394,0.932629,0.355975]],[[0.989218,-0.102535,0.10457],[-0.0223329,-0.811282,-0.584229],[0.14474,0.575594,-0.804824]],[[0.989218,-0.102535,0.10457],[-0.0963285,-0.993368,-0.0627825],[0.110314,0.0520325,-0.992534]]],"btipPosition":[32.8373,262.8,35.5866],"carpPosition":[34.5935,308.793,71.6105],"dipPosition":[34.8979,263.772,17.0471],"direction":[-0.14474,-0.575594,0.804824],"extended":false,"handId":539,"id":5393,"length":64.4113,"mcpPosition":[41.5436,321.372,10.6584],"pipPosition":[38.9064,279.713,-5.24221],"stabilizedTipPosition":[-31.4886,272.643,179.318],"timeVisible":0.388603,"tipPosition":[33.3949,262.797,30.0584],"tipVelocity":[71.5163,-52.4744,-254.592],"tool":false,"touchDistance":0.333333,"touchZone":"none","type":3,"width":18.0722},{"bases":[[[0.94446,-0.282221,0.168365],[0.221815,0.925484,0.307047],[-0.242474,-0.252647,0.936683]],[[0.959118,-0.26384,0.102374],[0.206867,0.406751,-0.889809],[0.193127,0.87461,0.444702]],[[0.959118,-0.26384,0.102374],[-0.13381,-0.741526,-0.657445],[0.249373,0.616869,-0.746516]],[[0.959118,-0.26384,0.102374],[-0.246519,-0.956554,-0.155669],[0.138998,0.124068,-0.98249]]],"btipPosition":[47.4061,272.223,33.0646],"carpPosition":[47.4483,302.694,71.5564],"dipPosition":[49.8013,274.361,16.1341],"direction":[-0.249373,-0.616869,0.746516],"extended":false,"handId":539,"id":5394,"length":50.4973,"mcpPosition":[61.5044,317.34,17.2571],"pipPosition":[54.6774,286.423,1.53703],"stabilizedTipPosition":[-18.7202,275.057,194.094],"timeVisible":0.388603,"tipPosition":[48.1725,272.517,28.0768],"tipVelocity":[66.1071,-51.2566,-250.071],"tool":false,"touchDistance":0.333333,"touchZone":"none","type":4,"width":16.0532}],"r":[[0.800225,0.598088,0.0439433],[-0.599581,0.796455,0.0785009],[0.0119516,-0.0891659,0.995945]],"s":1.12902,"t":[56.4668,-10.5402,-205.301],"timestamp":522430839475},false],[6,{"currentFrameRate":98.4149,"devices":[],"gestures":[],"hands":[{"armBasis":[[0.971874,0.152389,-0.179552],[-0.147936,0.988266,0.0380185],[0.183239,-0.010387,0.983014]],"armWidth":63.703,"confidence":0.676462,"direction":[-0.0305204,0.337027,-0.941],"elbow":[82.3334,293.019,342.073],"grabStrength":0,"id":539,"palmNormal":[0.14551,-0.929911,-0.337775],"palmPosition":[24.3168,308.879,24.3134],"palmVelocity":[56.0274,-34.6817,-258.717],"palmWidth":90.9658,"pinchStrength":0.506741,"r":[[0.797569,0.601433,0.0464999],[-0.60309,0.793362,0.0828203],[0.0129196,-0.0940985,0.995479]],"s":1.13029,"sphereCenter":[44.2931,273.123,-6.81337],"sphereRadius":50.2039,"stabilizedPalmPosition":[-30.5127,319.476,225.897],"t":[56.9162,-10.5838,-207.546],"timeVisible":0.397624,"type":"right","wrist":[32.8721,295.823,76.7301]}],"id":4177653,"interactionBox":{"center":[0,200,0],"size":[235.247,235.247,147.751]},"pointables":[{"bases":[[[0.261822,0.956749,0.126809],[-0.849012,0.165847,0.50167],[0.458942,-0.23901,0.855714]],[[0.116518,0.984855,-0.12839],[-0.956284,0.146158,0.253294],[0.268223,0.0932642,0.958832]],[[0.116518,0.984855,-0.12839],[-0.992963,0.112757,-0.0362085],[-0.0211832,0.131706,0.991063]],[[0.116518,0.984855,-0.12839],[-0.827823,0.0248785,-0.560437],[-0.548756,0.171585,0.818184]]],"btipPosition":[6.53986,267.275,-25.0615],"carpPosition":[6.36386,280.433,75.7135],"dipPosition":[-6.29957,271.29,-5.91815],"direction":[0.0211832,-0.131706,-0.991063],"extended":false,"handId":539,"id":5390,"length":52.1025,"mcpPosition":[6.36386,280.433,75.7135],"pipPosition":[-7.02163,275.779,27.8637],"stabilizedTipPosition":[-56.329,280.166,166.392],"timeVisible":0.397624,"tipPosition":[4.2001,266.967,-20.7894],"tipVelocity":[70.9343,32.8642,-274.219],"tool":false,"touchDistance":-0.676038,"touchZone":"hovering","type":0,"width":20.2446},{"bases":[[[0.969723,0.201731,-0.137629],[-0.172993,0.965241,0.195917],[0.172368,-0.166176,0.970914]],[[0.984477,0.175447,0.00489612],[-0.175331,0.984338,-0.0183747],[-0.00804322,0.017231,0.999819]],[[0.984477,0.175447,0.00489612],[-0.171615,0.968076,-0.182696],[-0.0367931,0.179019,0.983157]],[[0.984477,0.175447,0.00489612],[-0.165792,0.938732,-0.30215],[-0.0576074,0.296648,0.953248]]],"btipPosition":[0.707356,305.493,-81.9768],"carpPosition":[11.1665,303.404,72.4165],"dipPosition":[-0.276638,310.56,-65.6944],"direction":[0.0367931,-0.179019,-0.983157],"extended":true,"handId":539,"id":5391,"length":58.7918,"mcpPosition":[-1.51117,315.626,1.00579],"pipPosition":[-1.16571,314.886,-41.9374],"stabilizedTipPosition":[-49.3276,314.919,107.27],"timeVisible":0.397624,"tipPosition":[1.23514,305.752,-78.069],"tipVelocity":[34.7558,27.0112,-260.664],"tool":false,"touchDistance":-0.691968,"touchZone":"hovering","type":1,"width":19.3376},{"bases":[[[0.999282,0.00989981,-0.036559],[-0.00273296,0.981567,0.191097],[0.037777,-0.19086,0.98089]],[[0.999807,0.00640279,-0.0185892],[-0.0195724,0.413744,-0.910183],[0.00186346,0.910371,0.41379]],[[0.999807,0.00640279,-0.0185892],[-0.00689808,-0.771147,-0.63662],[-0.0184111,0.636625,-0.770954]],[[0.999807,0.00640279,-0.0185892],[0.0045426,-0.995133,-0.0984396],[-0.019129,0.0983361,-0.994969]]],"btipPosition":[20.7375,257.099,22.7559],"carpPosition":[22.5795,307.601,70.5022],"dipPosition":[20.3782,258.946,4.06346],"direction":[0.0184111,-0.636625,0.770954],"extended":false,"handId":539,"id":5392,"length":66.9886,"mcpPosition":[19.9446,320.914,2.08567],"pipPosition":[19.8548,277.045,-17.8538],"stabilizedTipPosition":[-45.2241,274.975,174.794],"timeVisible":0.397624,"tipPosition":[20.6504,257.561,17.9318],"tipVelocity":[74.3292,-32.1987,-285.377],"tool":false,"touchDistance":0.333333,"touchZone":"none","type":2,"width":18.9921},{"bases":[[[0.991294,-0.0923178,0.0938845],[0.0698739,0.973182,0.219168],[-0.1116,-0.2107,0.97116]],[[0.989838,-0.0949155,0.105883],[0.132885,0.352395,-0.926369],[0.0506141,0.931026,0.361427]],[[0.989838,-0.0949155,0.105883],[-0.0144784,-0.808022,-0.588975],[0.141459,0.581457,-0.801185]],[[0.989838,-0.0949155,0.105883],[-0.0878025,-0.99368,-0.0699387],[0.111852,0.0599312,-0.991916]]],"btipPosition":[33.4798,263.147,33.1781],"carpPosition":[34.7588,308.762,69.4229],"dipPosition":[35.5691,264.267,14.6501],"direction":[-0.141459,-0.581457,0.801185],"extended":false,"handId":539,"id":5393,"length":64.4113,"mcpPosition":[41.7476,321.957,8.60564],"pipPosition":[39.4867,280.37,-7.53846],"stabilizedTipPosition":[-31.2434,272.608,178.755],"timeVisible":0.397624,"tipPosition":[34.0468,263.187,27.6602],"tipVelocity":[71.6356,-26.4176,-257.924],"tool":false,"touchDistance":0.333333,"touchZone":"none","type":3,"width":18.0722},{"bases":[[[0.946452,-0.275604,0.168143],[0.21307,0.924512,0.316035],[-0.24255,-0.263286,0.933729]],[[0.961038,-0.256611,0.102749],[0.205239,0.413446,-0.887096],[0.185158,0.873621,0.450004]],[[0.961038,-0.256611,0.102749],[-0.126692,-0.739288,-0.661364],[0.245674,0.622579,-0.742994]],[[0.961038,-0.256611,0.102749],[-0.238399,-0.957601,-0.16176],[0.139902,0.130963,-0.981466]]],"btipPosition":[47.9665,272.725,30.7507],"carpPosition":[47.6659,302.775,69.3452],"dipPosition":[50.3774,274.981,13.8379],"direction":[-0.245674,-0.622579,0.742994],"extended":false,"handId":539,"id":5394,"length":50.4973,"mcpPosition":[61.7265,318.037,15.2172],"pipPosition":[55.1812,287.155,-0.690317],"stabilizedTipPosition":[-18.5883,275.053,193.766],"timeVisible":0.397624,"tipPosition":[48.7306,273.053,25.7821],"tipVelocity":[65.1225,-21.0182,-251.715],"tool