{"sensorType":"Leap","data":[[0,{"currentFrameRate":97.7669,"devices":[],"gestures":[],"hands":[{"armBasis":[[0.967326,0.146294,-0.20707],[-0.132519,0.988029,0.0789719],[0.216145,-0.0489507,0.975133]],"armWidth":63.703,"confidence":0.615803,"direction":[-0.0402122,0.369224,-0.92847],"elbow":[104.107,292.016,350.842],"grabStrength":0.0120034,"id":542,"palmNormal":[0.126274,-0.919894,-0.371282],"palmPosition":[36.5844,320.181,35.8251],"palmVelocity":[127.261,-149.513,-318.636],"palmWidth":90.9658,"pinchStrength":0.778205,"r":[[0.998592,0.012285,-0.0516001],[-0.0220577,0.980883,-0.193343],[0.0482385,0.194209,0.979773]],"s":1.11859,"sphereCenter":[32.2786,282.169,2.82845],"sphereRadius":44.7396,"stabilizedPalmPosition":[9.61994,352.582,114.727],"t":[37.099,-40.7429,-108.038],"timeVisible":0.225986,"type":"right","wrist":[45.7634,305.229,87.6261]}],"id":4178485,"interactionBox":{"center":[0,200,0],"size":[235.247,235.247,147.751]},"pointables":[{"bases":[[[0.278058,0.948011,0.154786],[-0.838474,0.160923,0.520639],[0.468663,-0.274552,0.839628]],[[0.0975787,0.984299,-0.147087],[-0.981815,0.119389,0.147601],[0.162844,0.130009,0.978049]],[[0.0975787,0.984299,-0.147087],[-0.990667,0.110198,0.0802252],[0.0951743,0.137885,0.985865]],[[0.0975787,0.984299,-0.147087],[-0.994809,0.0921817,-0.0430896],[-0.0288544,0.150528,0.988185]]],"btipPosition":[8.31962,275.556,-19.0154],"carpPosition":[19.0153,290.266,86.5191],"dipPosition":[7.6445,279.078,4.10557],"direction":[-0.0951743,-0.137885,-0.985865],"extended":false,"handId":542,"id":5420,"length":52.1025,"mcpPosition":[19.0153,290.266,86.5191],"pipPosition":[10.8887,283.778,37.7103],"stabilizedTipPosition":[-14.5329,311.919,73.028],"timeVisible":0.225986,"tipPosition":[8.89143,274.846,-13.3482],"tipVelocity":[70.5645,-54.6756,-322.05],"tool":false,"touchDistance":-0.252053,"touchZone":"hovering","type":0,"width":20.2446},{"bases":[[[0.970357,0.192289,-0.146396],[-0.155445,0.960418,0.23116],[0.185051,-0.201551,0.961838]],[[0.957115,0.204339,-0.205366],[-0.239556,0.956867,-0.164375],[0.16292,0.206522,0.964783]],[[0.957115,0.204339,-0.205366],[-0.254482,0.931777,-0.258903],[0.138452,0.300062,0.943819]],[[0.957115,0.204339,-0.205366],[-0.263444,0.908807,-0.323524],[0.12053,0.363752,0.923665]]],"btipPosition":[-1.90361,305.754,-66.8429],"carpPosition":[24.1088,313.264,83.9222],"dipPosition":[0.155166,311.967,-51.0657],"direction":[-0.138452,-0.300062,-0.943819],"extended":true,"handId":542,"id":5421,"length":58.7918,"mcpPosition":[10.4983,328.088,13.179],"pipPosition":[3.50071,319.218,-28.2593],"stabilizedTipPosition":[-16.6876,339.405,-6.5271],"timeVisible":0.225986,"tipPosition":[-1.1361,306.646,-63.1134],"tipVelocity":[72.5078,-126.686,-302.978],"tool":false,"touchDistance":-0.606589,"touchZone":"hovering","type":1,"width":19.3376},{"bases":[[[0.998623,-0.00327315,-0.05235],[0.014944,0.974442,0.224143],[0.0502784,-0.224617,0.973149]],[[0.998268,-0.00178339,-0.0588029],[-0.0455782,0.608538,-0.792214],[0.0371967,0.793522,0.607403]],[[0.998268,-0.00178339,-0.0588029],[-0.0587974,-0.0635045,-0.996248],[-0.00195756,0.99798,-0.0634994]],[[0.998268,-0.00178339,-0.0588029],[-0.0543175,-0.41185,-0.909631],[-0.0225958,0.91125,-0.411234]]],"btipPosition":[30.7327,249.297,-5.64837],"carpPosition":[35.5519,317.359,81.9664],"dipPosition":[30.3082,266.417,-13.3742],"direction":[0.00195756,-0.99798,0.0634994],"extended":false,"handId":542,"id":5422,"length":66.9886,"mcpPosition":[32.045,333.026,14.0898],"pipPosition":[30.2526,294.788,-15.1794],"stabilizedTipPosition":[22.8511,266.997,13.3453],"timeVisible":0.225986,"tipPosition":[30.5177,253.895,-8.8473],"tipVelocity":[82.6978,-153.301,-302.923],"tool":false,"touchDistance":0.333333,"touchZone":"none","type":2,"width":18.9921},{"bases":[[[0.991151,-0.10974,0.0746806],[0.087848,0.964061,0.250738],[-0.0995126,-0.241958,0.96517]],[[0.989618,-0.113207,0.0885504],[0.135551,0.530329,-0.836885],[0.0477808,0.840199,0.540168]],[[0.989618,-0.113207,0.0885504],[0.0691182,-0.165329,-0.983813],[0.126015,0.97972,-0.155788]],[[0.989618,-0.113207,0.0885504],[0.0222129,-0.488234,-0.87243],[0.141999,0.865339,-0.480651]]],"btipPosition":[45.684,252.706,9.45258],"carpPosition":[47.7288,318.38,80.7302],"dipPosition":[48.3364,268.87,0.474494],"direction":[-0.126015,-0.97972,0.155788],"extended":false,"handId":542,"id":5423,"length":64.4113,"mcpPosition":[53.9606,333.533,20.2881],"pipPosition":[51.8263,296.003,-3.83999],"stabilizedTipPosition":[34.7546,276.092,37.7305],"timeVisible":0.225986,"tipPosition":[46.4794,256.98,5.86135],"tipVelocity":[85.297,-161.633,-292.661],"tool":false,"touchDistance":0.333333,"touchZone":"none","type":3,"width":18.0722},{"bases":[[[0.944741,-0.294779,0.143424],[0.2318,0.910067,0.34358],[-0.231805,-0.291348,0.928107]],[[0.913575,-0.324987,0.244466],[0.387757,0.51493,-0.764521],[0.122576,0.79324,0.596443]],[[0.913575,-0.324987,0.244466],[0.205668,-0.149371,-0.967155],[0.350829,0.933848,-0.0696226]],[[0.913575,-0.324987,0.244466],[0.07486,-0.456476,-0.886581],[0.39972,0.828259,-0.392697]]],"btipPosition":[55.8987,268.529,13.4841],"carpPosition":[60.5421,312.213,80.2419],"dipPosition":[62.7867,282.802,6.71703],"direction":[-0.350829,-0.933848,0.0696226],"extended":false,"handId":542,"id":5424,"length":50.4973,"mcpPosition":[73.9798,329.103,26.4398],"pipPosition":[69.6467,301.062,5.35566],"stabilizedTipPosition":[37.8209,302.515,68.9661],"timeVisible":0.225986,"tipPosition":[57.9116,272.262,10.9251],"tipVelocity":[86.4595,-164.964,-304.999],"tool":false,"touchDistance":0.333333,"touchZone":"none","type":4,"width":16.0532}],"r":[[0.998592,0.012285,-0.0516001],[-0.0220577,0.980883,-0.193343],[0.0482385,0.194209,0.979773]],"s":1.11859,"t":[37.099,-40.7429,-108.038],"timestamp":522439937217},false],[1,{"currentFrameRate":98.3469,"devices":[],"gestures":[],"hands":[{"armBasis":[[0.967458,0.131078,-0.216436],[-0.118768,0.990522,0.0689927],[0.223428,-0.0410418,0.973856]],"armWidth":63.703,"confidence":0.631113,"direction":[-0.0364527,0.372036,-0.927502],"elbow":[107.373,292.936,348.599],"grabStrength":0.0112525,"id":542,"palmNormal":[0.113036,-0.920628,-0.373721],"palmPosition":[38.0175,319.22,33.9771],"palmVelocity":[135.979,-137.729,-287.387],"palmWidth":90.9658,"pinchStrength":0.767022,"r":[[0.998448,0.00826707,-0.0550706],[-0.0188068,0.980875,-0.193726],[0.0524158,0.194461,0.979509]],"s":1.12182,"sphereCenter":[32.9142,281.363,0.918467],"sphereRadius":44.7245,"stabilizedPalmPosition":[10.2496,351.842,112.937],"t":[38.408,-41.8359,-110.405],"timeVisible":0.235001,"type":"right","wrist":[47.064,304.014,85.7277]}],"id":4178486,"interactionBox":{"center":[0,200,0],"size":[235.247,235.247,147.751]},"pointables":[{"bases":[[[0.291334,0.9437,0.156698],[-0.835423,0.171186,0.522268],[0.46604,-0.283063,0.838261]],[[0.114528,0.983619,-0.139204],[-0.979834,0.134943,0.147363],[0.163733,0.11952,0.979238]],[[0.114528,0.983619,-0.139204],[-0.988335,0.126978,0.0840894],[0.100388,0.12795,0.986687]],[[0.114528,0.983619,-0.139204],[-0.993095,0.109775,-0.0413861],[-0.0254271,0.142983,0.989398]]],"btipPosition":[9.11245,275.754,-21.0267],"carpPosition":[20.1104,289.425,84.6235],"dipPosition":[8.51753,279.099,2.12264],"direction":[-0.100388,-0.12795,-0.986687],"extended":false,"handId":542,"id":5420,"length":52.1025,"mcpPosition":[20.1104,289.425,84.6235],"pipPosition":[11.9394,283.46,35.7554],"stabilizedTipPosition":[-14.3497,311.644,72.3366],"timeVisible":0.235001,"tipPosition":[9.58323,274.967,-15.3617],"tipVelocity":[75.9065,-34.8653,-294.645],"tool":false,"touchDistance":-0.285253,"touchZone":"hovering","type":0,"width":20.2446},{"bases":[[[0.972706,0.179248,-0.147356],[-0.141846,0.961896,0.233742],[0.183639,-0.20646,0.961068]],[[0.959476,0.191682,-0.206552],[-0.226603,0.960552,-0.161218],[0.167501,0.20149,0.965062]],[[0.959476,0.191682,-0.206552],[-0.242169,0.935687,-0.2566],[0.144082,0.296222,0.944189]],[[0.959476,0.191682,-0.206552],[-0.251626,0.912757,-0.321807],[0.126847,0.36074,0.924]]],"btipPosition":[-0.832321,305.568,-68.6596],"carpPosition":[25.5169,312.357,82.0755],"dipPosition":[1.33436,311.73,-52.8767],"direction":[-0.144082,-0.296223,-0.944189],"extended":true,"handId":542,"id":5421,"length":58.7918,"mcpPosition":[12.0103,327.542,11.389],"pipPosition":[4.81595,318.888,-30.0614],"stabilizedTipPosition":[-16.0596,338.16,-8.77359],"timeVisible":0.235001,"tipPosition":[-0.0460773,306.458,-64.9355],"tipVelocity":[86.0031,-97.891,-275.041],"tool":false,"touchDistance":-0.601494,"touchZone":"hovering","type":1,"width":19.3376},{"bases":[[[0.998407,-0.0169173,-0.0538311],[0.0287094,0.973586,0.226508],[0.0485774,-0.227692,0.972521]],[[0.998072,-0.0154445,-0.0601191],[-0.0382383,0.609956,-0.791512],[0.0488945,0.792285,0.608189]],[[0.998072,-0.0154445,-0.0601191],[-0.0609533,-0.0608668,-0.996283],[0.0117278,0.998026,-0.0616909]],[[0.998072,-0.0154445,-0.0601191],[-0.0611742,-0.408816,-0.910564],[-0.0105144,0.912486,-0.408972]]],"btipPosition":[31.1324,248.486,-7.58989],"carpPosition":[37.0126,316.298,80.1129],"dipPosition":[30.9348,265.628,-15.2732],"direction":[-0.0117278,-0.998026,0.0616909],"extended":false,"handId":542,"id":5422,"length":66.9886,"mcpPosition":[33.6244,332.179,12.2801],"pipPosition":[31.2682,294.001,-17.027],"stabilizedTipPosition":[23.6157,265.644,11.2377],"timeVisible":0.235001,"tipPosition":[30.9793,253.084,-10.7476],"tipVelocity":[73.7404,-135.733,-278.549],"tool":false,"touchDistance":0.333333,"touchZone":"none","type":2,"width":18.9921},{"bases":[[[0.989649,-0.123584,0.0729491],[0.101502,0.962135,0.252969],[-0.10145,-0.242946,0.96472]],[[0.988046,-0.127152,0.0871615],[0.141602,0.525076,-0.839192],[0.0609385,0.841503,0.536804]],[[0.988046,-0.127152,0.0871615],[0.0649548,-0.16938,-0.983408],[0.139806,0.977314,-0.159096]],[[0.988046,-0.127152,0.0871615],[0.013854,-0.489876,-0.871682],[0.153534,0.862469,-0.482259]]],"btipPosition":[46.0921,251.604,7.88365],"carpPosition":[49.2007,317.154,78.8612],"dipPosition":[48.9599,267.714,-1.12448],"direction":[-0.139806,-0.977314,0.159096],"extended":false,"handId":542,"id":5423,"length":64.4113,"mcpPosition":[55.5538,332.368,18.4472],"pipPosition":[52.8318,294.78,-5.53058],"stabilizedTipPosition":[35.648,274.544,35.3537],"timeVisible":0.235001,"tipPosition":[46.9419,255.849,4.28378],"tipVelocity":[75.8009,-151.181,-260.253],"tool":false,"touchDistance":0.333333,"touchZone":"none","type":3,"width":18.0722},{"bases":[[[0.94079,-0.308134,0.141307],[0.244828,0.905932,0.345466],[-0.234465,-0.290415,0.927731]],[[0.908607,-0.338725,0.244334],[0.394623,0.504687,-0.767831],[0.136771,0.794076,0.59223]],[[0.908607,-0.338725,0.244334],[0.201653,-0.156517,-0.966871],[0.365746,0.927776,-0.0739072]],[[0.908607,-0.338725,0.244334],[0.0668507,-0.459524,-0.885646],[0.412268,0.821038,-0.394883]]],"btipPosition":[56.428,267.288,11.8732],"carpPosition":[61.9269,310.812,78.3389],"dipPosition":[63.5323,281.436,5.06847],"direction":[-0.365746,-0.927776,0.0739072],"extended":false,"handId":542,"id":5424,"length":50.4973,"mcpPosition":[75.5188,327.648,24.5585],"pipPosition":[70.6839,299.577,3.62332],"stabilizedTipPosition":[38.6324,301.233,66.6145],"timeVisible":0.235001,"tipPosition":[58.5072,270.982,9.26623],"tipVelocity":[80.3483,-158.34,-270.532],"tool":false,"touchDistance":0.333333,"touchZone":"none","type":4,"width":16.0532}],"r":[[0.998448,0.00826707,-0.0550706],[-0.0188068,0.980875,-0.193726],[0.0524158,0.194461,0.979509]],"s":1.12182,"t":[38.408,-41.8359,-110.405],"timestamp":522439946232},false],[2,{"currentFrameRate":98.923,"devices":[],"gestures":[],"hands":[{"armBasis":[[0.964485,0.112405,-0.239026],[-0.106269,0.993594,0.0384475],[0.241817,-0.0116809,0.970252]],"armWidth":63.703,"confidence":0.645218,"direction":[-0.0324866,0.373498,-0.927062],"elbow":[113.259,299.5,345.114],"grabStrength":0.0106277,"id":542,"palmNormal":[0.101251,-0.92155,-0.374825],"palmPosition":[39.0921,318.028,31.489],"palmVelocity":[131.548,-136.389,-284.649],"palmWidth":90.9658,"pinchStrength":0.759805,"r":[[0.998314,0.00257004,-0.0579933],[-0.0137846,0.98094,-0.193822],[0.0563898,0.194294,0.979321]],"s":1.12464,"sphereCenter":[33.1135,280.317,-1.57095],"sphereRadius":44.7026,"stabilizedPalmPosition":[10.8874,351.094,111.136],"t":[39.5999,-42.9782,-112.833],"timeVisible":0.243971,"type":"right","wrist":[47.9861,302.653,83.2158]}],"id":4178487,"interactionBox":{"center":[0,200,0],"size":[235.247,235.247,147.751]},"pointables":[{"bases":[[[0.303215,0.939812,0.157524],[-0.832834,0.181024,0.523085],[0.463086,-0.289799,0.837596]],[[0.129921,0.98254,-0.133174],[-0.978146,0.148996,0.14502],[0.162331,0.111422,0.980425]],[[0.129921,0.98254,-0.133174],[-0.986124,0.142042,0.0859306],[0.103347,0.120162,0.98736]],[[0.129921,0.98254,-0.133174],[-0.991221,0.125382,-0.0419522],[-0.024522,0.137455,0.990204]]],"btipPosition":[9.80159,275.53,-23.6355],"carpPosition":[20.8516,288.403,82.1158],"dipPosition":[9.22784,278.747,-0.467339],"direction":[-0.103347,-0.120162,-0.98736],"extended":false,"handId":542,"id":5420,"length":52.1025,"mcpPosition":[20.8516,288.403,82.1158],"pipPosition":[12.7506,282.842,33.1883],"stabilizedTipPosition":[-14.2073,311.434,71.7992],"timeVisible":0.243971,"tipPosition":[10.1291,274.703,-17.9696],"tipVelocity":[76.3071,-33.0404,-293.471],"tool":false,"touchDistance":-0.324128,"touchZone":"hovering","type":0,"width":20.2446},{"bases":[[[0.97476,0.167249,-0.147888],[-0.129647,0.963331,0.234913],[0.181754,-0.209811,0.9607]],[[0.961552,0.179988,-0.207418],[-0.214784,0.963534,-0.159591],[0.17113,0.198005,0.965147]],[[0.961552,0.179988,-0.207418],[-0.230952,0.938645,-0.256138],[0.14859,0.294194,0.944125]],[[0.961552,0.179988,-0.207418],[-0.240861,0.915546,-0.32212],[0.131923,0.359694,0.923697]]],"btipPosition":[-0.0199059,304.942,-71.1159],"carpPosition":[26.5422,311.268,79.5891],"dipPosition":[2.23348,311.086,-55.3382],"direction":[-0.14859,-0.294194,-0.944125],"extended":true,"handId":542,"id":5421,"length":58.7918,"mcpPosition":[13.1742,326.7,8.92959],"pipPosition":[5.82401,318.195,-32.5244],"stabilizedTipPosition":[-15.518,337.12,-10.6942],"timeVisible":0.243971,"tipPosition":[0.779572,305.85,-67.4019],"tipVelocity":[87.8624,-90.3075,-274.747],"tool":false,"touchDistance":-0.60654,"touchZone":"hovering","type":1,"width":19.3376},{"bases":[[[0.998078,-0.0293267,-0.0546001],[0.0410358,0.972898,0.227564],[0.0464466,-0.229367,0.972231]],[[0.997764,-0.0278775,-0.0607395],[-0.0310993,0.610774,-0.791194],[0.0591546,0.791314,0.608542]],[[0.997764,-0.0278775,-0.0607395],[-0.0623001,-0.0590252,-0.996311],[0.0241895,0.997867,-0.06063]],[[0.997764,-0.0278775,-0.0607395],[-0.0668278,-0.406661,-0.911132],[0.000699699,0.913154,-0.407615]]],"btipPosition":[31.2938,247.411,-10.133],"carpPosition":[38.0848,315.068,77.6222],"dipPosition":[31.307,264.566,-17.7909],"direction":[-0.0241895,-0.997867,0.06063],"extended":false,"handId":542,"id":5422,"length":66.9886,"mcpPosition":[34.8452,331.066,9.80962],"pipPosition":[31.9946,292.934,-19.5145],"stabilizedTipPosition":[24.2127,264.534,9.43976],"timeVisible":0.243971,"tipPosition":[31.1984,252.006,-13.2569],"tipVelocity":[59.9574,-131.285,-279.73],"tool":false,"touchDistance":0.333333,"touchZone":"none","type":2,"width":18.9921},{"bases":[[[0.988082,-0.136018,0.0720685],[0.113699,0.960509,0.253958],[-0.103765,-0.242737,0.964526]],[[0.9864,-0.139671,0.0866387],[0.147412,0.518663,-0.842175],[0.0726909,0.843493,0.532199]],[[0.9864,-0.139671,0.0866387],[0.0615327,-0.174979,-0.982647],[0.152407,0.974615,-0.164005]],[[0.9864,-0.139671,0.0866387],[0.00661632,-0.492957,-0.870028],[0.164227,0.85877,-0.485329]]],"btipPosition":[46.2444,250.265,5.7959],"carpPosition":[50.2817,315.773,76.3623],"dipPosition":[49.312,266.306,-3.26957],"direction":[-0.152407,-0.974615,0.164005],"extended":false,"handId":542,"id":5423,"length":64.4113,"mcpPosition":[56.7798,330.974,15.9605],"pipPosition":[53.5329,293.297,-7.81163],"stabilizedTipPosition":[36.4112,273.154,33.2168],"timeVisible":0.243971,"tipPosition":[47.1452,254.476,2.17492],"tipVelocity":[61.0984,-151.154,-253.125],"tool":false,"touchDistance":0.333333,"touchZone":"none","type":3,"width":18.0722},{"bases":[[[0.936971,-0.320019,0.140259],[0.25638,0.902417,0.346285],[-0.23739,-0.2885,0.927585]],[[0.903889,-0.350758,0.244856],[0.400711,0.493938,-0.771658],[0.149721,0.79561,0.587017]],[[0.903889,-0.350758,0.244856],[0.19789,-0.164602,-0.966305],[0.379243,0.921887,-0.079371]],[[0.903889,-0.350758,0.244856],[0.0595855,-0.463584,-0.884047],[0.423598,0.81367,-0.398129]]],"btipPosition":[56.6811,265.825,9.71324],"carpPosition":[62.9273,309.273,75.8234],"dipPosition":[63.9806,279.847,2.85261],"direction":[-0.379243,-0.921887,0.079371],"extended":false,"handId":542,"id":5424,"length":50.4973,"mcpPosition":[76.6888,325.998,22.0515],"pipPosition":[71.3961,297.873,1.30062],"stabilizedTipPosition":[39.3707,300.029,64.4258],"timeVisible":0.243971,"tipPosition":[58.8199,269.479,7.05677],"tipVelocity":[67.4431,-160.51,-262.782],"tool":false,"touchDistance":0.333333,"touchZone":"none","type":4,"width":16.0532}],"r":[[0.998314,0.00257004,-0.0579933],[-0.0137846,0.98094,-0.193822],[0.0563898,0.194294,0.979321]],"s":1.12464,"t":[39.5999,-42.9782,-112.833],"timestamp":522439955202},false],[3,{"currentFrameRate":99.3687,"devices":[],"gestures":[],"hands":[{"armBasis":[[0.964453,0.104723,-0.242618],[-0.102591,0.994493,0.0214408],[0.243527,0.00421175,0.969885]],"armWidth":63.703,"confidence":0.657747,"direction":[-0.0332476,0.377913,-0.925244],"elbow":[114.826,302.56,343.336],"grabStrength":0.00998951,"id":542,"palmNormal":[0.0971316,-0.920152,-0.379324],"palmPosition":[40.1358,317.07,29.9024],"palmVelocity":[126.538,-127.43,-253.37],"palmWidth":90.9658,"pinchStrength":0.749285,"r":[[0.998148,-0.0026407,-0.0607811],[-0.00915636,0.981157,-0.192993],[0.0601454,0.193192,0.979316]],"s":1.12727,"sphereCenter":[33.5247,279.586,-3.27829],"sphereRadius":44.6863,"stabilizedPalmPosition":[11.5679,350.303,109.246],"t":[40.7177,-44.0286,-114.84],"timeVisible":0.253158,"type":"right","wrist":[49.0917,301.423,81.537]}],"id":4178488,"interactionBox":{"center":[0,200,0],"size":[235.247,235.247,147.751]},"pointables":[{"bases":[[[0.306906,0.93799,0.161193],[-0.831005,0.181541,0.525808],[0.463939,-0.295326,0.83519]],[[0.136182,0.982877,-0.124123],[-0.977442,0.15372,0.144834],[0.161434,0.101599,0.98164]],[[0.136182,0.982877,-0.124123],[-0.984796,0.147946,0.0910424],[0.107847,0.109837,0.988081]],[[0.136182,0.982877,-0.124123],[-0.990447,0.132337,-0.038757],[-0.0216673,0.128215,0.99151]]],"btipPosition":[10.6789,275.46,-25.4345],"carpPosition":[21.9043,287.274,80.4325],"dipPosition":[10.1719,278.46,-2.23582],"direction":[-0.107847,-0.109837,-0.988081],"extended":false,"handId":542,"id":5420,"length":52.1025,"mcpPosition":[21.9043,287.274,80.4325],"pipPosition":[13.848,282.204,31.4444],"stabilizedTipPosition":[-14.0876,311.263,71.3551],"timeVisible":0.253158,"tipPosition":[10.9318,274.577,-19.7733],"tipVelocity":[82.1347,-27.4539,-265.974],"tool":false,"touchDistance":-0.346929,"touchZone":"hovering","type":0,"width":20.2446},{"bases":[[[0.975012,0.16448,-0.149322],[-0.125694,0.962683,0.239672],[0.183171,-0.214914,0.959302]],[[0.961645,0.177601,-0.209039],[-0.211762,0.965074,-0.154239],[0.174345,0.192589,0.965667]],[[0.961645,0.177601,-0.209039],[-0.228416,0.940444,-0.251775],[0.151874,0.289866,0.94494]],[[0.961645,0.177601,-0.209039],[-0.238654,0.917408,-0.318444],[0.135218,0.356118,0.924606]]],"btipPosition":[0.730391,304.579,-72.6608],"carpPosition":[27.6705,310.131,77.999],"dipPosition":[3.04005,310.661,-56.8675],"direction":[-0.151874,-0.289866,-0.94494],"extended":true,"handId":542,"id":5421,"length":58.7918,"mcpPosition":[14.1982,325.938,7.44231],"pipPosition":[6.70993,317.666,-34.034],"stabilizedTipPosition":[-15.0295,336.213,-12.3923],"timeVisible":0.253158,"tipPosition":[1.54118,305.489,-68.9519],"tipVelocity":[86.5257,-76.5632,-244.856],"tool":false,"touchDistance":-0.597339,"touchZone":"hovering","type":1,"width":19.3376},{"bases":[[[0.997842,-0.0326085,-0.0570002],[0.045005,0.971679,0.23198],[0.0478213,-0.234045,0.971049]],[[0.997543,-0.03123,-0.062716],[-0.0305285,0.611953,-0.790304],[0.0630605,0.790277,0.609496]],[[0.997543,-0.03123,-0.062716],[-0.0644045,-0.0563657,-0.996331],[0.0275804,0.997922,-0.0582385]],[[0.997543,-0.03123,-0.062716],[-0.0699878,-0.403136,-0.91246],[0.00321308,0.914607,-0.404331]]],"btipPosition":[32.0033,246.589,-11.8249],"carpPosition":[39.222,313.899,76.0235],"dipPosition":[32.0637,263.772,-19.4211],"direction":[-0.0275804,-0.997922,0.0582385],"extended":false,"handId":542,"id":5422,"length":66.9886,"mcpPosition":[35.8865,330.223,8.2934],"pipPosition":[32.8477,292.142,-21.0767],"stabilizedTipPosition":[24.7443,263.581,7.87241],"timeVisible":0.253158,"tipPosition":[31.92,251.188,-14.9152],"tipVelocity":[65.1125,-119.405,-252.596],"tool":false,"touchDistance":0.333333,"touchZone":"none","type":2,"width":18.9921},{"bases":[[[0.987752,-0.139851,0.0691946],[0.117683,0.95891,0.258152],[-0.102454,-0.246847,0.963623]],[[0.985918,-0.143922,0.0851558],[0.148388,0.518112,-0.842342],[0.0771117,0.843117,0.532173]],[[0.985918,-0.143922,0.0851558],[0.0594205,-0.174489,-0.982865],[0.156315,0.974084,-0.16348]],[[0.985918,-0.143922,0.0851558],[0.00350495,-0.491324,-0.87097],[0.167191,0.859004,-0.483901]]],"btipPosition":[46.938,249.343,4.18935],"carpPosition":[51.4184,314.567,74.7393],"dipPosition":[50.0609,265.388,-4.84944],"direction":[-0.156315,-0.974084,0.16348],"extended":false,"handId":542,"id":5423,"length":64.4113,"mcpPosition":[57.8344,330.025,14.394],"pipPosition":[54.39,292.365,-9.37695],"stabilizedTipPosition":[37.1059,271.911,31.2952],"timeVisible":0.253158,"tipPosition":[47.8484,253.542,0.598765],"tipVelocity":[65.5083,-136.932,-231.074],"tool":false,"touchDistance":0.333333,"touchZone":"none","type":3,"width":18.0722},{"bases":[[[0.936142,-0.323985,0.136647],[0.260365,0.899884,0.349884],[-0.236323,-0.291963,0.926773]],[[0.902643,-0.355493,0.242613],[0.401087,0.490354,-0.773745],[0.156095,0.795724,0.585198]],[[0.902643,-0.355493,0.242613],[0.194283,-0.166447,-0.966721],[0.384045,0.919739,-0.0811759]],[[0.902643,-0.355493,0.242613],[0.05531,-0.463216,-0.884518],[0.426822,0.811822,-0.398456]]],"btipPosition":[57.3568,264.847,8.18363],"carpPosition":[64.0396,308.025,74.1415],"dipPosition":[64.7119,278.837,1.31735],"direction":[-0.384045,-0.919739,0.0811759],"extended":false,"handId":542,"id":5424,"length":50.4973,"mcpPosition":[77.7393,324.95,20.4167],"pipPosition":[72.2213,296.821,-0.269933],"stabilizedTipPosition":[40.0865,298.866,62.3224],"timeVisible":0.253158,"tipPosition":[59.5123,268.487,5.50666],"tipVelocity":[69.5389,-145.633,-235.919],"tool":false,"touchDistance":0.333333,"touchZone":"none","type":4,"width":16.0532}],"r":[[0.998148,-0.0026407,-0.0607811],[-0.00915636,0.981157,-0.192993],[0.0601454,0.193192,0.979316]],"s":1.12727,"t":[40.7177,-44.0286,-114.84],"timestamp":522439964389},false],[4,{"currentFrameRate":99.9298,"devices":[],"gestures":[],"hands":[{"armBasis":[[0.963836,0.101379,-0.246458],[-0.101111,0.99478,0.0137782],[0.246568,0.0116395,0.969056]],"armWidth":63.703,"confidence":0.67021,"direction":[-0.0349109,0.376925,-0.925586],"elbow":[116.827,304.282,342.058],"grabStrength":0.00935554,"id":542,"palmNormal":[0.0949184,-0.920713,-0.378521],"palmPosition":[41.2146,316.742,28.8523],"palmVelocity":[125.055,-102.77,-216.483],"palmWidth":90.9658,"pinchStrength":0.7324,"r":[[0.997957,-0.00710512,-0.0634883],[-0.00526381,0.981272,-0.192557],[0.0636675,0.192498,0.97923]],"s":1.13001,"sphereCenter":[34.1968,279.276,-4.22451],"sphereRadius":44.6613,"stabilizedPalmPosition":[12.2647,349.514,107.356],"t":[41.816,-44.7179,-116.368],"timeVisible":0.262067,"type":"right","wrist":[50.271,301.14,80.4831]}],"id":4178489,"interactionBox":{"center":[0,200,0],"size":[235.247,235.247,147.751]},"pointables":[{"bases":[[[0.308624,0.937731,0.15941],[-0.829492,0.183315,0.527578],[0.465504,-0.295053,0.834416]],[[0.140001,0.982689,-0.121332],[-0.976836,0.157106,0.14529],[0.161837,0.0981806,0.981921]],[[0.140001,0.982689,-0.121332],[-0.983677,0.152027,0.0962637],[0.113043,0.105874,0.987933]],[[0.140001,0.982689,-0.121332],[-0.989883,0.136055,-0.0402593],[-0.0230546,0.125741,0.991795]]],"btipPosition":[11.6707,275.578,-26.4237],"carpPosition":[23.0609,287.029,79.459],"dipPosition":[11.1313,278.52,-3.21826],"direction":[-0.113043,-0.105874,-0.987933],"extended":false,"handId":542,"id":5420,"length":52.1025,"mcpPosition":[23.0609,287.029,79.459],"pipPosition":[14.9846,282.129,30.4569],"stabilizedTipPosition":[-13.982,311.119,70.9744],"timeVisible":0.262067,"tipPosition":[11.8504,274.683,-20.7693],"tipVelocity":[89.8551,-16.7839,-223.746],"tool":false,"touchDistance":-0.355383,"touchZone":"hovering","type":0,"width":20.2446},{"bases":[[[0.974888,0.162921,-0.151825],[-0.123752,0.963129,0.23889],[0.185147,-0.214102,0.959104]],[[0.96132,0.176058,-0.211818],[-0.210805,0.965254,-0.154425],[0.177271,0.193104,0.965032]],[[0.96132,0.176058,-0.211818],[-0.227922,0.940269,-0.252876],[0.154645,0.291373,0.944027]],[[0.96132,0.176058,-0.211818],[-0.238458,0.916867,-0.320144],[0.137845,0.358271,0.923385]]],"btipPosition":[1.53096,304.167,-73.5888],"carpPosition":[28.8539,309.874,76.9861],"dipPosition":[3.8855,310.287,-57.8164],"direction":[-0.154645,-0.291373,-0.944027],"extended":true,"handId":542,"id":5421,"length":58.7918,"mcpPosition":[15.2363,325.621,6.44403],"pipPosition":[7.62234,317.327,-35.005],"stabilizedTipPosition":[-14.6013,335.446,-13.8337],"timeVisible":0.262067,"tipPosition":[2.35146,305.105,-69.891],"tipVelocity":[87.7489,-68.0418,-206.705],"tool":false,"touchDistance":-0.579931,"touchZone":"hovering","type":1,"width":19.3376},{"bases":[[[0.997656,-0.0340957,-0.0593361],[0.0469404,0.971873,0.230782],[0.0497985,-0.233026,0.971195]],[[0.997401,-0.0329579,-0.0640758],[-0.0313521,0.602166,-0.797755],[0.0648766,0.79769,0.599568]],[[0.997401,-0.0329579,-0.0640758],[-0.066197,-0.0679033,-0.995493],[0.0284584,0.997147,-0.0699085]],[[0.997401,-0.0329579,-0.0640758],[-0.071966,-0.41144,-0.908591],[0.00358192,0.910841,-0.412743]]],"btipPosition":[32.93,245.978,-11.9113],"carpPosition":[40.406,313.623,74.979],"dipPosition":[32.9973,263.09,-19.6655],"direction":[-0.0284584,-0.997147,0.0699085],"extended":false,"handId":542,"id":5422,"length":66.9886,"mcpPosition":[36.9326,329.877,7.23874],"pipPosition":[33.8063,291.438,-21.653],"stabilizedTipPosition":[25.2564,262.727,6.52552],"timeVisible":0.262067,"tipPosition":[32.841,250.578,-15.1466],"tipVelocity":[75.7526,-106.062,-187.585],"tool":false,"touchDistance":0.333333,"touchZone":"none","type":2,"width":18.9921},{"bases":[[[0.987714,-0.141182,0.0670026],[0.119662,0.959029,0.256795],[-0.100512,-0.245622,0.964141]],[[0.985816,-0.145434,0.083765],[0.147623,0.513947,-0.845024],[0.0798442,0.845404,0.528126]],[[0.985816,-0.145434,0.083765],[0.0572076,-0.178029,-0.982361],[0.157781,0.973219,-0.167184]],[[0.985816,-0.145434,0.083765],[0.00112489,-0.493364,-0.869822],[0.167828,0.857579,-0.486203]]],"btipPosition":[47.8237,248.92,3.40902],"carpPosition":[52.6003,314.272,73.665],"dipPosition":[50.9586,264.939,-5.67276],"direction":[-0.157781,-0.973219,0.167184],"extended":false,"handId":542,"id":5423,"length":64.4113,"mcpPosition":[58.8947,329.654,13.2873],"pipPosition":[55.3282,291.892,-10.3028],"stabilizedTipPosition":[37.7364,270.847,29.6428],"timeVisible":0.262067,"tipPosition":[48.732,253.1,-0.163433],"tipVelocity":[74.8232,-112.751,-192.316],"tool":false,"touchDistance":0.333333,"touchZone":"none","type":3,"width":18.0722},{"bases":[[[0.936002,-0.325167,0.134784],[0.262478,0.899903,0.348254],[-0.234533,-0.290589,0.92766]],[[0.902205,-0.35688,0.242205],[0.400773,0.486133,-0.776566],[0.159397,0.797691,0.58162]],[[0.902205,-0.35688,0.242205],[0.192116,-0.170257,-0.966491],[0.386158,0.918504,-0.0850439]],[[0.902205,-0.35688,0.242205],[0.0529381,-0.465687,-0.883365],[0.428047,0.809798,-0.401253]]],"btipPosition":[58.2449,264.444,7.28564],"carpPosition":[65.2107,307.712,73.0446],"dipPosition":[65.6211,278.399,0.371176],"direction":[-0.386158,-0.918504,0.0850439],"extended":false,"handId":542,"id":5424,"length":50.4973,"mcpPosition":[78.8065,324.557,19.2684],"pipPosition":[73.1719,296.359,-1.29174],"stabilizedTipPosition":[40.7616,297.805,60.3971],"timeVisible":0.262067,"tipPosition":[60.398,268.062,4.61194],"tipVelocity":[77.895,-118.548,-199.474],"tool":false,"touchDistance":0.333333,"touchZone":"none","type":4,"width":16.0532}],"r":[[0.997957,-0.00710512,-0.0634883],[-0.00526381,0.981272,-0.192557],[0.0636675,0.192498,0.97923]],"s":1.13001,"t":[41.816,-44.7179,-116.368],"timestamp":522439973298},false],[5,{"currentFrameRate":100.296,"devices":[],"gestures":[],"hands":[{"armBasis":[[0.962469,0.0919239,-0.25535],[-0.0938722,0.995574,0.00457384],[0.25464,0.019568,0.966838]],"armWidth":63.703,"confidence":0.673459,"direction":[-0.0340782,0.374895,-0.926441],"elbow":[120.176,305.698,338.385],"grabStrength":0.00874392,"id":542,"palmNormal":[0.087473,-0.922303,-0.376438],"palmPosition":[42.3922,315.956,25.7575],"palmVelocity":[125.662,-97.7349,-249.618],"palmWidth":90.9658,"pinchStrength":0.714884,"r":[[0.997742,-0.0121523,-0.0660573],[-0.000806394,0.981258,-0.192698],[0.067161,0.192317,0.979032]],"s":1.13322,"sphereCenter":[34.6393,278.483,-7.16742],"sphereRadius":44.6625,"stabilizedPalmPosition":[12.9697,348.728,105.447],"t":[42.9539,-45.4553,-118.68],"timeVisible":0.271324,"type":"right","wrist":[51.4413,300.416,77.4081]}],"id":4178490,"interactionBox":{"center":[0,200,0],"size":[235.247,235.247,147.751]},"pointables":[{"bases":[[[0.315732,0.935859,0.156466],[-0.827059,0.190615,0.528809],[0.465065,-0.296368,0.834194]],[[0.151928,0.981538,-0.116191],[-0.975184,0.168012,0.14418],[0.16104,0.0914024,0.982706]],[[0.151928,0.981538,-0.116191],[-0.981242,0.163897,0.101498],[0.118668,0.0985909,0.988027]],[[0.151928,0.981538,-0.116191],[-0.988147,0.148222,-0.0399502],[-0.0219907,0.120883,0.992423]]],"btipPosition":[12.5607,275.749,-29.4655],"carpPosition":[24.1277,286.5,76.4743],"dipPosition":[12.0461,278.578,-6.2454],"direction":[-0.118668,-0.0985909,-0.988027],"extended":false,"handId":542,"id":5420,"length":52.1025,"mcpPosition":[24.1277,286.5,76.4743],"pipPosition":[16.0911,281.938,27.433],"stabilizedTipPosition":[-13.8869,310.994,70.6322],"timeVisible":0.271324,"tipPosition":[12.6632,274.754,-23.8026],"tipVelocity":[91.7948,-7.65662,-253.128],"tool":false,"touchDistance":-0.393755,"touchZone":"hovering","type":0,"width":20.2446},{"bases":[[[0.975728,0.15548,-0.154208],[-0.116285,0.964584,0.236761],[0.185558,-0.213083,0.959252]],[[0.96204,0.168644,-0.214564],[-0.204203,0.96642,-0.155993],[0.181052,0.193887,0.964172]],[[0.96204,0.168644,-0.214564],[-0.221943,0.940983,-0.255523],[0.158809,0.293444,0.942693]],[[0.96204,0.168644,-0.214564],[-0.232917,0.917119,-0.323484],[0.142227,0.36118,0.921586]]],"btipPosition":[2.38981,303.381,-76.5527],"carpPosition":[30.0808,309.296,73.9332],"dipPosition":[4.8192,309.55,-60.8111],"direction":[-0.158809,-0.293444,-0.942693],"extended":true,"handId":542,"id":5421,"length":58.7918,"mcpPosition":[16.433,324.969,3.38025],"pipPosition":[8.65666,316.641,-38.0319],"stabilizedTipPosition":[-14.213,334.768,-15.1413],"timeVisible":0.271324,"tipPosition":[3.22392,304.354,-72.8693],"tipVelocity":[89.6863,-72.4373,-238.829],"tool":false,"touchDistance":-0.594836,"touchZone":"hovering","type":1,"width":19.3376},{"bases":[[[0.997259,-0.0414692,-0.0612791],[0.0544494,0.972071,0.228285],[0.0501008,-0.230996,0.971664]],[[0.99702,-0.0404142,-0.0657147],[-0.0285862,0.597641,-0.801254],[0.0716558,0.800745,0.594704]],[[0.99702,-0.0404142,-0.0657147],[-0.0685175,-0.0723968,-0.99502],[0.0354554,0.996557,-0.0749501]],[[0.99702,-0.0404142,-0.0657147],[-0.0765708,-0.414441,-0.906849],[0.00941469,0.909178,-0.416301]]],"btipPosition":[33.5234,245.071,-14.5852],"carpPosition":[41.6556,312.957,71.8933],"dipPosition":[33.7003,262.152,-22.4063],"direction":[-0.0354554,-0.996557,0.0749501],"extended":false,"handId":542,"id":5422,"length":66.9886,"mcpPosition":[38.1611,329.069,4.12035],"pipPosition":[34.7082,290.483,-24.537],"stabilizedTipPosition":[25.7368,261.934,5.20096],"timeVisible":0.271324,"tipPosition":[33.4654,249.638,-17.7967],"tipVelocity":[73.2417,-104.012,-216.528],"tool":false,"touchDistance":0.333333,"touchZone":"none","type":2,"width":18.9921},{"bases":[[[0.986801,-0.14817,0.0653436],[0.127129,0.958765,0.254182],[-0.100311,-0.24252,0.964947]],[[0.984797,-0.152589,0.0830136],[0.149555,0.501689,-0.852022],[0.0883622,0.851484,0.516883]],[[0.984797,-0.152589,0.0830136],[0.0530778,-0.190708,-0.980211],[0.165401,0.969715,-0.17971]],[[0.984797,-0.152589,0.0830136],[-0.00492598,-0.502229,-0.864721],[0.173639,0.851165,-0.495345]]],"btipPosition":[48.3624,247.913,1.26641],"carpPosition":[53.8516,313.514,70.553],"dipPosition":[51.6058,263.812,-7.98616],"direction":[-0.165401,-0.969715,0.17971],"extended":false,"handId":542,"id":5423,"length":64.4113,"mcpPosition":[60.1334,328.702,10.1248],"pipPosition":[56.1865,290.668,-12.9631],"stabilizedTipPosition":[38.3176,269.861,28.0837],"timeVisible":0.271324,"tipPosition":[49.3042,252.055,-2.42495],"tipVelocity":[70.9042,-112.472,-204.516],"tool":false,"touchDistance":0.333333,"touchZone":"none","type":3,"width":18.0722},{"bases":[[[0.933897,-0.331609,0.133684],[0.2697,0.898829,0.345496],[-0.234729,-0.286603,0.928849]],[[0.899522,-0.36322,0.242758],[0.40334,0.476951,-0.780919],[0.167862,0.800368,0.575529]],[[0.899522,-0.36322,0.242758],[0.18874,-0.178043,-0.965753],[0.394002,0.914534,-0.0915995]],[[0.899522,-0.36322,0.242758],[0.0477246,-0.470646,-0.881031],[0.434261,0.804092,-0.406021]]],"btipPosition":[58.8987,263.444,4.5209],"carpPosition":[66.4129,306.861,69.9231],"dipPosition":[66.382,277.3,-2.47575],"direction":[-0.394002,-0.914534,0.0915995],"extended":false,"handId":542,"id":5424,"length":50.4973,"mcpPosition":[80.0201,323.475,16.078],"pipPosition":[74.0862,295.183,-4.26685],"stabilizedTipPosition":[41.395,296.811,58.5635],"timeVisible":0.271324,"tipPosition":[61.0785,267.024,1.82177],"tipVelocity":[76.5996,-116.288,-227.941],"tool":false,"touchDistance":0.333333,"touchZone":"none","type":4,"width":16.0532}],"r":[[0.997742,-0.0121523,-0.0660573],[-0.000806394,0.981258,-0.192698],[0.067161,0.192317,0.979032]],"s":1.13322,"t":[42.9539,-45.4553,-118.68],"timestamp":522439982555},false],[6,{"currentFrameRate":100.867,"devices":[],"gestures":[],"hands":[{"armBasis":[[0.960461,0.0858498,-0.264848],[-0.0900317,0.995932,-0.00366777],[0.263456,0.0273675,0.964283]],"armWidth":63.703,"confidence":0.679608,"direction":[-0.0349111,0.377809,-0.925225],"elbow":[123.749,307.144,335.559],"grabStrength":0.0081343,"id":542,"palmNormal":[0.0829889,-0.921496,-0.379417],"palmPosition":[43.5193,315.487,23.6903],"palmVelocity":[126.283,-85.7336,-245.603],"palmWidth":90.9658,"pinchStrength":0.696404,"r":[[0.9975,-0.0169179,-0.0686119],[0.00342139,0.981344,-0.192232],[0.070584,0.191517,0.978948]],"s":1.13691,"sphereCenter":[35.3242,278.153,-9.30107],"sphereRadius":44.6479,"stabilizedPalmPosition":[13.6163,348.025,103.716],"t":[44.0864,-46.0584,-120.87],"timeVisible":0.280131,"type":"right","wrist":[52.6353,299.757,75.2716]}],"id":4178491,"interactionBox":{"center":[0,200,0],"size":[235.247,235.247,147.751]},"pointables":[{"bases":[[[0.319723,0.934161,0.158491],[-0.825015,0.192206,0.53142],[0.46597,-0.300665,0.83215]],[[0.161012,0.981354,-0.104972],[-0.973878,0.175233,0.14441],[0.160112,0.0789784,0.983934]],[[0.161012,0.981354,-0.104972],[-0.979024,0.172267,0.108793],[0.124848,0.0852532,0.988506]],[[0.161012,0.981354,-0.104972],[-0.98671,0.157705,-0.039138],[-0.0218536,0.109879,0.993705]]],"btipPosition":[13.5315,276.531,-31.6839],"carpPosition":[25.2661,285.949,74.3635],"dipPosition":[13.0202,279.102,-8.43379],"direction":[-0.124848,-0.0852531,-0.988506],"extended":false,"handId":542,"id":5420,"length":52.1025,"mcpPosition":[25.2661,285.949,74.3635],"pipPosition":[17.2758,282.008,25.2609],"stabilizedTipPosition":[-13.8047,310.892,70.3401],"timeVisible":0.280131,"tipPosition":[13.5648,275.401,-26.0202],"tipVelocity":[96.7875,16.5166,-252.583],"tool":false,"touchDistance":-0.415885,"touchZone":"hovering","type":0,"width":20.2446},{"bases":[[[0.975938,0.152186,-0.156152],[-0.111981,0.964308,0.23994],[0.187094,-0.21668,0.958147]],[[0.962055,0.165666,-0.216807],[-0.20094,0.967707,-0.152203],[0.184591,0.189993,0.964276]],[[0.962055,0.165666,-0.216807],[-0.219275,0.942295,-0.252981],[0.162386,0.290922,0.942865]],[[0.962055,0.165666,-0.216807],[-0.230647,0.918288,-0.32179],[0.145782,0.359586,0.921654]]],"btipPosition":[3.19765,303.335,-78.5384],"carpPosition":[31.3008,308.73,71.8761],"dipPosition":[5.68775,309.477,-62.7955],"direction":[-0.162386,-0.290922,-0.942865],"extended":true,"handId":542,"id":5421,"length":58.7918,"mcpPosition":[17.54,324.667,1.40441],"pipPosition":[9.61163,316.507,-40.0122],"stabilizedTipPosition":[-13.8938,334.235,-16.2022],"timeVisible":0.280131,"tipPosition":[4.044,304.326,-74.8646],"tipVelocity":[90.6637,-54.5126,-235.217],"tool":false,"touchDistance":-0.593466,"touchZone":"hovering","type":1,"width":19.3376},{"bases":[[[0.996938,-0.0451232,-0.0638679],[0.0587594,0.971163,0.231064],[0.0515997,-0.234109,0.97084]],[[0.996704,-0.044105,-0.0680879],[-0.0282335,0.598243,-0.800818],[0.0760531,0.8001,0.595025]],[[0.996704,-0.044105,-0.0680879],[-0.0710967,-0.0706842,-0.994962],[0.03907,0.996523,-0.073587]],[[0.996704,-0.044105,-0.0680879],[-0.0802359,-0.412044,-0.907624],[0.0119756,0.910096,-0.414224]]],"btipPosition":[34.285,244.698,-16.6957],"carpPosition":[42.8846,312.352,69.8186],"dipPosition":[34.51,261.796,-24.4777],"direction":[-0.03907,-0.996523,0.073587],"extended":false,"handId":542,"id":5422,"length":66.9886,"mcpPosition":[39.2855,328.681,2.1031],"pipPosition":[35.6207,290.126,-26.5697],"stabilizedTipPosition":[26.1344,261.319,4.10569],"timeVisible":0.280131,"tipPosition":[34.24,249.26,-19.8672],"tipVelocity":[77.149,-87.2595,-222.483],"tool":false,"touchDistance":0.333333,"touchZone":"none","type":2,"width":18.9921},{"bases":[[[0.98638,-0.152164,0.0624597],[0.131451,0.957499,0.256741],[-0.0988718,-0.245034,0.96446]],[[0.984311,-0.156816,0.0808694],[0.149455,0.497431,-0.854533],[0.0937774,0.853213,0.513064]],[[0.984311,-0.156816,0.0808694],[0.0494676,-0.194685,-0.979618],[0.169364,0.968249,-0.183873]],[[0.984311,-0.156816,0.0808694],[-0.009378,-0.50419,-0.863542],[0.176191,0.849236,-0.49775]]],"btipPosition":[49.1006,247.423,-0.475474],"carpPosition":[55.0793,312.867,68.4498],"dipPosition":[52.3917,263.285,-9.77297],"direction":[-0.169364,-0.968249,0.183873],"extended":false,"handId":542,"id":5423,"length":64.4113,"mcpPosition":[61.2709,328.212,8.05211],"pipPosition":[57.0821,290.101,-14.8653],"stabilizedTipPosition":[38.8116,269.057,26.7697],"timeVisible":0.280131,"tipPosition":[50.0519,251.541,-4.18593],"tipVelocity":[74.722,-97.4256,-203.018],"tool":false,"touchDistance":0.333333,"touchZone":"none","type":3,"width":18.0722},{"bases":[[[0.932938,-0.335602,0.13038],[0.274014,0.896741,0.347523],[-0.233547,-0.288491,0.928563]],[[0.898039,-0.36789,0.241213],[0.402002,0.463592,-0.789605],[0.178664,0.806064,0.564216]],[[0.898039,-0.36789,0.241213],[0.181079,-0.19058,-0.964826],[0.40092,0.91013,-0.104531]],[[0.898039,-0.36789,0.241213],[0.0398702,-0.477994,-0.877458],[0.438106,0.797608,-0.414589]]],"btipPosition":[59.4472,262.856,3.18374],"carpPosition":[67.6132,306.167,67.769],"dipPosition":[66.9967,276.601,-3.96055],"direction":[-0.40092,-0.91013,0.104531],"extended":false,"handId":542,"id":5424,"length":50.4973,"mcpPosition":[81.1519,322.891,13.9404],"pipPosition":[74.8361,294.397,-6.0045],"stabilizedTipPosition":[41.9415,295.96,56.9888],"timeVisible":0.280131,"tipPosition":[61.6905,266.426,0.298677],"tipVelocity":[73.2044,-103.725,-208.463],"tool":false,"touchDistance":0.333333,"touchZone":"none","type":4,"width":16.0532}],"r":