{"sensorType":"Leap","data":[[0,{"currentFrameRate":109.57,"devices":[],"gestures":[],"hands":[{"armBasis":[[0.972155,0.0174658,-0.233687],[-0.0213182,0.999675,-0.0139694],[0.233367,0.0185622,0.972212]],"armWidth":63.703,"confidence":0.6908,"direction":[-0.0327809,0.354529,-0.93447],"elbow":[102.555,316.506,350.607],"grabStrength":0,"id":534,"palmNormal":[0.00994814,-0.934811,-0.355007],"palmPosition":[30.2195,326.438,36.4054],"palmVelocity":[50.3128,-5.6719,-173.352],"palmWidth":90.9658,"pinchStrength":0.773433,"r":[[0.816536,0.562463,0.13002],[-0.576671,0.784228,0.228992],[0.0268342,-0.26196,0.964706]],"s":0.94866,"sphereCenter":[35.0862,289.716,4.62998],"sphereRadius":45.6773,"stabilizedPalmPosition":[15.6791,339.329,166.598],"t":[17.1047,-63.2352,-186.087],"timeVisible":3.95884,"type":"right","wrist":[39.5625,311.496,88.1799]}],"id":4176173,"interactionBox":{"center":[0,200,0],"size":[235.247,235.247,147.751]},"pointables":[{"bases":[[[0.386867,0.913724,0.12427],[-0.795977,0.262853,0.545278],[0.465569,-0.309866,0.828993]],[[0.187385,0.963549,-0.190945],[-0.936213,0.234024,0.262179],[0.297308,0.129637,0.94594]],[[0.187385,0.963549,-0.190945],[-0.981505,0.191416,0.0027207],[0.0391714,0.186904,0.981597]],[[0.187385,0.963549,-0.190945],[-0.676331,-0.014414,-0.736457],[-0.712365,0.267143,0.648977]]],"btipPosition":[11.7936,280.502,-7.53344],"carpPosition":[11.2983,299.593,88.3166],"dipPosition":[-4.87388,286.753,7.65092],"direction":[-0.0391714,-0.186904,-0.981597],"extended":false,"handId":534,"id":5340,"length":52.1025,"mcpPosition":[11.2983,299.593,88.3166],"pipPosition":[-3.53866,293.124,41.1101],"stabilizedTipPosition":[-17.7482,292.471,128.75],"timeVisible":3.95884,"tipPosition":[8.35233,281.09,-3.8491],"tipVelocity":[61.9775,14.4433,-193.261],"tool":false,"touchDistance":-0.538607,"touchZone":"hovering","type":0,"width":20.2446},{"bases":[[[0.979721,0.0801625,-0.183631],[-0.0395238,0.975791,0.215102],[0.196429,-0.203483,0.959172]],[[0.993095,0.062157,-0.0994939],[-0.0713332,0.993247,-0.0914971],[0.0931348,0.0979625,0.990823]],[[0.993095,0.062157,-0.0994939],[-0.0872691,0.958203,-0.272454],[0.0784004,0.279256,0.957011]],[[0.993095,0.062157,-0.0994939],[-0.0969248,0.912527,-0.397368],[0.0660916,0.404267,0.91225]]],"btipPosition":[-2.65939,318.934,-66.7701],"carpPosition":[18.8116,321.828,85.0411],"dipPosition":[-1.53047,325.839,-51.1879],"direction":[-0.0784004,-0.279256,-0.957011],"extended":true,"handId":534,"id":5341,"length":58.7918,"mcpPosition":[4.36422,336.794,14.494],"pipPosition":[0.363992,332.587,-28.0628],"stabilizedTipPosition":[-6.18938,309.675,67.9888],"timeVisible":3.95884,"tipPosition":[-1.98006,319.547,-62.9436],"tipVelocity":[24.4745,28.4068,-171.232],"tool":false,"touchDistance":-0.535792,"touchZone":"touching","type":1,"width":19.3376},{"bases":[[[0.989539,-0.115597,-0.0863167],[0.131001,0.970592,0.201967],[0.0604315,-0.211162,0.975581]],[[0.990712,-0.120676,-0.06267],[0.000958792,0.46707,-0.88422],[0.135975,0.875947,0.462847]],[[0.990712,-0.120676,-0.06267],[-0.128324,-0.677276,-0.724452],[0.0449788,0.725765,-0.686471]],[[0.990712,-0.120676,-0.06267],[-0.132133,-0.963187,-0.234121],[-0.0321102,0.240227,-0.970185]]],"btipPosition":[19.1165,271.958,29.9988],"carpPosition":[30.5593,324.585,82.6061],"dipPosition":[18.5132,276.471,11.772],"direction":[-0.0449788,-0.725765,0.686471],"extended":false,"handId":534,"id":5342,"length":66.9886,"mcpPosition":[26.3442,339.313,14.5599],"pipPosition":[19.7919,297.103,-7.74361],"stabilizedTipPosition":[-10.2881,297.729,170.106],"timeVisible":3.95884,"tipPosition":[19.144,273.669,27.1144],"tipVelocity":[80.6407,-19.7644,-211.369],"tool":false,"touchDistance":0.333333,"touchZone":"none","type":2,"width":18.9921},{"bases":[[[0.974936,-0.218247,0.0432111],[0.203224,0.952627,0.22628],[-0.0905491,-0.211827,0.973103]],[[0.975648,-0.216498,0.035206],[0.123743,0.410758,-0.903308],[0.181103,0.885668,0.427545]],[[0.975648,-0.216498,0.035206],[-0.130262,-0.701041,-0.701123],[0.176472,0.679463,-0.712171]],[[0.975648,-0.216498,0.035206],[-0.203477,-0.953281,-0.223276],[0.0819,0.210676,-0.974119]]],"btipPosition":[33.8852,275.171,38.8153],"carpPosition":[42.7213,324.219,80.9328],"dipPosition":[35.415,279.106,20.6197],"direction":[-0.176472,-0.679463,0.712171],"extended":false,"handId":534,"id":5343,"length":64.4113,"mcpPosition":[48.3918,337.484,19.9939],"pipPosition":[40.3023,297.923,0.896405],"stabilizedTipPosition":[4.25218,295.328,176.07],"timeVisible":3.95884,"tipPosition":[34.3378,276.714,35.5122],"tipVelocity":[82.5946,-9.67248,-191.696],"tool":false,"touchDistance":0.333333,"touchZone":"none","type":3,"width":18.0722},{"bases":[[[0.910834,-0.395678,0.117561],[0.343585,0.884602,0.315323],[-0.228761,-0.246815,0.941674]],[[0.898092,-0.40766,0.165059],[0.331211,0.379981,-0.863663],[0.289362,0.830318,0.476279]],[[0.898092,-0.40766,0.165059],[-0.166159,-0.661979,-0.730873],[0.407213,0.628965,-0.662254]],[[0.898092,-0.40766,0.165059],[-0.352688,-0.891767,-0.283484],[0.262759,0.19638,-0.944665]]],"btipPosition":[45.2877,285.927,37.9467],"carpPosition":[54.7458,316.653,80.1435],"dipPosition":[49.8156,289.311,21.668],"direction":[-0.407213,-0.628965,0.662254],"extended":false,"handId":534,"id":5344,"length":50.4973,"mcpPosition":[68.007,330.961,25.5549],"pipPosition":[57.7781,301.609,8.71855],"stabilizedTipPosition":[20.5941,299.364,175.46],"timeVisible":3.95884,"tipPosition":[46.5415,287.187,34.9537],"tipVelocity":[72.2635,-0.284262,-196.954],"tool":false,"touchDistance":0.333333,"touchZone":"none","type":4,"width":16.0532}],"r":[[0.816536,0.562463,0.13002],[-0.576671,0.784228,0.228992],[0.0268342,-0.26196,0.964706]],"s":0.94866,"t":[17.1047,-63.2352,-186.087],"timestamp":522414294162},false],[1,{"currentFrameRate":109.611,"devices":[],"gestures":[],"hands":[{"armBasis":[[0.971278,0.0202559,-0.237083],[-0.0246719,0.999573,-0.0156739],[0.236664,0.0210729,0.971363]],"armWidth":63.703,"confidence":0.692131,"direction":[-0.0346297,0.360371,-0.932166],"elbow":[104.011,316.784,348.973],"grabStrength":0,"id":534,"palmNormal":[0.0125839,-0.932494,-0.360966],"palmPosition":[30.6983,326.339,35.1042],"palmVelocity":[51.0294,-7.13259,-165.192],"palmWidth":90.9658,"pinchStrength":0.772102,"r":[[0.812786,0.567733,0.130611],[-0.581767,0.779294,0.232911],[0.0304464,-0.265292,0.963687]],"s":0.949909,"sphereCenter":[35.4525,289.897,3.12069],"sphereRadius":45.6606,"stabilizedPalmPosition":[15.6792,339.329,166.597],"t":[17.6261,-63.2729,-187.544],"timeVisible":3.9679,"type":"right","wrist":[40.129,311.096,86.7752]}],"id":4176174,"interactionBox":{"center":[0,200,0],"size":[235.247,235.247,147.751]},"pointables":[{"bases":[[[0.384111,0.914118,0.129792],[-0.79636,0.256884,0.547559],[0.467192,-0.313685,0.82664]],[[0.18484,0.965376,-0.184072],[-0.936923,0.229638,0.263519],[0.296665,0.123752,0.946929]],[[0.18484,0.965376,-0.184072],[-0.981954,0.189042,0.00538838],[0.0399991,0.179754,0.982898]],[[0.18484,0.965376,-0.184072],[-0.676793,-0.0107687,-0.736094],[-0.71259,0.260638,0.65137]]],"btipPosition":[12.4067,280.703,-9.14184],"carpPosition":[11.9022,299.104,86.8579],"dipPosition":[-4.26607,286.802,6.0985],"direction":[-0.0399991,-0.179754,-0.982898],"extended":false,"handId":534,"id":5340,"length":52.1025,"mcpPosition":[11.9022,299.104,86.8579],"pipPosition":[-2.90264,292.929,39.6021],"stabilizedTipPosition":[-17.7452,292.47,128.735],"timeVisible":3.9679,"tipPosition":[8.94043,281.264,-5.44678],"tipVelocity":[63.5316,15.5206,-188.582],"tool":false,"touchDistance":-0.537013,"touchZone":"hovering","type":0,"width":20.2446},{"bases":[[[0.97932,0.0843935,-0.183876],[-0.0423985,0.974273,0.221348],[0.197825,-0.208975,0.957703]],[[0.992708,0.0661033,-0.100807],[-0.074641,0.993716,-0.0834151],[0.094659,0.0903311,0.991403]],[[0.992708,0.0661033,-0.100807],[-0.0908703,0.959831,-0.265455],[0.0792099,0.272679,0.958839]],[[0.992708,0.0661033,-0.100807],[-0.100649,0.914733,-0.391322],[0.0663434,0.398615,0.914716]]],"btipPosition":[-2.31947,319.476,-68.096],"carpPosition":[19.3435,321.383,83.7183],"dipPosition":[-1.18626,326.285,-52.4717],"direction":[-0.0792099,-0.272679,-0.958839],"extended":true,"handId":534,"id":5341,"length":58.7918,"mcpPosition":[4.79346,336.754,13.2793],"pipPosition":[0.727765,332.874,-29.3024],"stabilizedTipPosition":[-6.18892,309.677,67.9742],"timeVisible":3.9679,"tipPosition":[-1.62862,320.083,-64.2758],"tipVelocity":[28.1144,36.4307,-164.116],"tool":false,"touchDistance":-0.53029,"touchZone":"touching","type":1,"width":19.3376},{"bases":[[[0.989826,-0.11195,-0.0878182],[0.128131,0.96969,0.208048],[0.0618654,-0.217183,0.974168]],[[0.991035,-0.117187,-0.0641557],[-0.00120935,0.472322,-0.881425],[0.133594,0.873601,0.467946]],[[0.991035,-0.117187,-0.0641557],[-0.12675,-0.672946,-0.728751],[0.0422267,0.73035,-0.681767]],[[0.991035,-0.117187,-0.0641557],[-0.129328,-0.961954,-0.240663],[-0.0335123,0.246803,-0.968486]]],"btipPosition":[19.7571,271.844,28.3718],"carpPosition":[31.0806,324.192,81.2919],"dipPosition":[19.1275,276.481,10.1769],"direction":[-0.0422267,-0.73035,0.681767],"extended":false,"handId":534,"id":5342,"length":66.9886,"mcpPosition":[26.7655,339.341,13.3442],"pipPosition":[20.328,297.244,-9.20497],"stabilizedTipPosition":[-10.2685,297.713,170.011],"timeVisible":3.9679,"tipPosition":[19.775,273.57,25.4651],"tipVelocity":[77.7385,-16.9004,-202.431],"tool":false,"touchDistance":0.333333,"touchZone":"none","type":2,"width":18.9921},{"bases":[[[0.975647,-0.215469,0.0410639],[0.200429,0.951796,0.23219],[-0.0891143,-0.218305,0.971803]],[[0.976412,-0.21349,0.0322903],[0.118779,0.406209,-0.906027],[0.180311,0.888491,0.421985]],[[0.976412,-0.21349,0.0322903],[-0.130789,-0.703787,-0.698268],[0.171798,0.677573,-0.715108]],[[0.976412,-0.21349,0.0322903],[-0.201098,-0.953617,-0.223998],[0.0786138,0.21222,-0.974055]]],"btipPosition":[34.5426,275.13,37.8993],"carpPosition":[43.2424,323.875,79.6069],"dipPosition":[36.0111,279.094,19.7049],"direction":[-0.171798,-0.677573,0.715108],"extended":false,"handId":534,"id":5343,"length":64.4113,"mcpPosition":[48.823,337.546,18.7494],"pipPosition":[40.7689,297.859,-0.0997635],"stabilizedTipPosition":[4.26899,295.318,175.992],"timeVisible":3.9679,"tipPosition":[34.9689,276.596,34.2467],"tipVelocity":[79.419,-8.04468,-166.727],"tool":false,"touchDistance":0.333333,"touchZone":"none","type":3,"width":18.0722},{"bases":[[[0.912157,-0.39357,0.114331],[0.341072,0.883645,0.320689],[-0.227241,-0.253524,0.940259]],[[0.89911,-0.406218,0.163058],[0.329774,0.383667,-0.862582],[0.287836,0.829329,0.47892]],[[0.89911,-0.406218,0.163058],[-0.164597,-0.658934,-0.733971],[0.405597,0.633082,-0.659316]],[[0.89911,-0.406218,0.163058],[-0.350123,-0.890985,-0.289069],[0.262707,0.202814,-0.943319]]],"btipPosition":[45.8301,285.858,36.4713],"carpPosition":[55.2898,316.352,78.7601],"dipPosition":[50.3571,289.353,20.2158],"direction":[-0.405597,-0.633082,0.659316],"extended":false,"handId":534,"id":5344,"length":50.4973,"mcpPosition":[68.4629,331.049,24.2535],"pipPosition":[58.288,301.732,7.32382],"stabilizedTipPosition":[20.5974,299.363,175.443],"timeVisible":3.9679,"tipPosition":[47.0944,287.121,33.412],"tipVelocity":[68.8542,-1.51687,-187.431],"tool":false,"touchDistance":0.333333,"touchZone":"none","type":4,"width":16.0532}],"r":[[0.812786,0.567733,0.130611],[-0.581767,0.779294,0.232911],[0.0304464,-0.265292,0.963687]],"s":0.949909,"t":[17.6261,-63.2729,-187.544],"timestamp":522414303212},false],[2,{"currentFrameRate":109.662,"devices":[],"gestures":[],"hands":[{"armBasis":[[0.968193,0.026868,-0.248757],[-0.0309373,0.999444,-0.0124626],[0.248284,0.019762,0.968486]],"armWidth":63.703,"confidence":0.706113,"direction":[-0.0383417,0.356213,-0.933618],"elbow":[107.881,316.69,346.528],"grabStrength":0,"id":534,"palmNormal":[0.0180694,-0.933905,-0.357065],"palmPosition":[31.2569,326.32,33.3867],"palmVelocity":[54.0118,-5.7437,-172.085],"palmWidth":90.9658,"pinchStrength":0.769178,"r":[[0.809058,0.573084,0.130383],[-0.586745,0.774753,0.235561],[0.0339818,-0.267084,0.963074]],"s":0.952121,"sphereCenter":[35.97,289.847,1.59126],"sphereRadius":45.6594,"stabilizedPalmPosition":[15.6793,339.329,166.596],"t":[18.166,-63.3012,-189.132],"timeVisible":3.97692,"type":"right","wrist":[40.8626,311.356,85.1069]}],"id":4176175,"interactionBox":{"center":[0,200,0],"size":[235.247,235.247,147.751]},"pointables":[{"bases":[[[0.378392,0.917116,0.125371],[-0.797188,0.254043,0.54768],[0.470436,-0.307182,0.827242]],[[0.178888,0.965816,-0.187612],[-0.938116,0.224914,0.263349],[0.296543,0.128892,0.946282]],[[0.178888,0.965816,-0.187612],[-0.982994,0.183491,0.00731343],[0.0414884,0.183113,0.982216]],[[0.178888,0.965816,-0.187612],[-0.678621,-0.016944,-0.734293],[-0.712371,0.258674,0.652392]]],"btipPosition":[13.1686,280.457,-10.6854],"carpPosition":[12.714,299.183,85.2827],"dipPosition":[-3.49897,286.509,4.57881],"direction":[-0.0414884,-0.183113,-0.982216],"extended":false,"handId":534,"id":5340,"length":52.1025,"mcpPosition":[12.714,299.183,85.2827],"pipPosition":[-2.08477,292.751,38.0591],"stabilizedTipPosition":[-17.742,292.469,128.719],"timeVisible":3.97692,"tipPosition":[9.70153,281.018,-6.97415],"tipVelocity":[69.3109,3.40931,-183.562],"tool":false,"touchDistance":-0.534716,"touchZone":"hovering","type":0,"width":20.2446},{"bases":[[[0.97848,0.0899355,-0.18571],[-0.0483607,0.974902,0.217319],[0.200594,-0.203661,0.958272]],[[0.991995,0.0722886,-0.103538],[-0.0813344,0.992971,-0.0859864],[0.0965944,0.0937193,0.990902]],[[0.991995,0.0722886,-0.103538],[-0.0978792,0.95822,-0.268764],[0.0797837,0.276747,0.957625]],[[0.991995,0.0722886,-0.103538],[-0.10772,0.912296,-0.39511],[0.0658954,0.4031,0.91278]]],"btipPosition":[-1.94939,318.877,-69.734],"carpPosition":[20.0066,321.496,82.0383],"dipPosition":[-0.823831,325.763,-54.1427],"direction":[-0.0797837,-0.276747,-0.957625],"extended":true,"handId":534,"id":5341,"length":58.7918,"mcpPosition":[5.25288,336.475,11.5574],"pipPosition":[1.10406,332.45,-31.0027],"stabilizedTipPosition":[-6.18852,309.678,67.9622],"timeVisible":3.97692,"tipPosition":[-1.24545,319.525,-65.9278],"tipVelocity":[31.6052,8.68391,-169.11],"tool":false,"touchDistance":-0.530277,"touchZone":"touching","type":1,"width":19.3376},{"bases":[[[0.990397,-0.10593,-0.0888451],[0.122175,0.971364,0.20378],[0.0647145,-0.212677,0.974977]],[[0.991679,-0.111077,-0.0650803],[-0.00564402,0.467526,-0.883962],[0.128615,0.876973,0.463008]],[[0.991679,-0.111077,-0.0650803],[-0.123444,-0.676972,-0.725583],[0.0365381,0.727579,-0.685051]],[[0.991679,-0.111077,-0.0650803],[-0.12349,-0.963623,-0.237027],[-0.0363846,0.243091,-0.969321]]],"btipPosition":[20.6551,271.694,26.9528],"carpPosition":[31.7217,324.37,79.5823],"dipPosition":[19.9715,276.261,8.74217],"direction":[-0.0365381,-0.727579,0.685051],"extended":false,"handId":534,"id":5342,"length":66.9886,"mcpPosition":[27.2079,339.205,11.5782],"pipPosition":[21.0102,296.945,-10.733],"stabilizedTipPosition":[-10.2484,297.697,169.914],"timeVisible":3.97692,"tipPosition":[20.6533,273.399,23.9739],"tipVelocity":[83.338,-17.3159,-190.077],"tool":false,"touchDistance":0.333333,"touchZone":"none","type":2,"width":18.9921},{"bases":[[[0.977078,-0.208995,0.0404919],[0.194623,0.954038,0.227888],[-0.0862582,-0.214783,0.972845]],[[0.97783,-0.207012,0.0315495],[0.111408,0.386721,-0.915443],[0.177307,0.898662,0.40121]],[[0.97783,-0.207012,0.0315495],[-0.129968,-0.718105,-0.683692],[0.164188,0.664433,-0.729089]],[[0.97783,-0.207012,0.0315495],[-0.195923,-0.957625,-0.211111],[0.0739152,0.200249,-0.976953]]],"btipPosition":[35.4368,275.292,37.4767],"carpPosition":[43.8827,324.125,77.8802],"dipPosition":[36.8175,279.033,19.2282],"direction":[-0.164188,-0.664433,0.729089],"extended":false,"handId":534,"id":5343,"length":64.4113,"mcpPosition":[49.2845,337.575,16.9575],"pipPosition":[41.3646,297.434,-0.963658],"stabilizedTipPosition":[4.29089,295.304,175.893],"timeVisible":3.97692,"tipPosition":[35.8342,276.609,33.3658],"tipVelocity":[84.2038,-2.45437,-134.088],"tool":false,"touchDistance":0.333333,"touchZone":"none","type":3,"width":18.0722},{"bases":[[[0.914849,-0.387192,0.114602],[0.335834,0.887169,0.316459],[-0.224202,-0.251025,0.941658]],[[0.901499,-0.400105,0.164972],[0.326239,0.377785,-0.866514],[0.284373,0.834982,0.471102]],[[0.901499,-0.400105,0.164972],[-0.161814,-0.665157,-0.72896],[0.401393,0.630462,-0.664381]],[[0.901499,-0.400105,0.164972],[-0.345017,-0.894546,-0.284168],[0.261272,0.199259,-0.944475]]],"btipPosition":[46.5706,285.95,35.0722],"carpPosition":[55.9772,316.676,77.0468],"dipPosition":[51.0729,289.384,18.7968],"direction":[-0.401393,-0.630462,0.664381],"extended":false,"handId":534,"id":5344,"length":50.4973,"mcpPosition":[68.9741,331.228,22.4591],"pipPosition":[58.9216,301.712,5.80578],"stabilizedTipPosition":[20.601,299.361,175.423],"timeVisible":3.97692,"tipPosition":[47.8422,287.176,31.9],"tipVelocity":[72.3048,1.2665,-178.629],"tool":false,"touchDistance":0.333333,"touchZone":"none","type":4,"width":16.0532}],"r":[[0.809058,0.573084,0.130383],[-0.586745,0.774753,0.235561],[0.0339818,-0.267084,0.963074]],"s":0.952121,"t":[18.166,-63.3012,-189.132],"timestamp":522414312241},false],[3,{"currentFrameRate":109.707,"devices":[],"gestures":[],"hands":[{"armBasis":[[0.965061,0.0430407,-0.258466],[-0.0465538,0.998888,-0.00748437],[0.257856,0.0192554,0.965991]],"armWidth":63.703,"confidence":0.708801,"direction":[-0.0440127,0.35275,-0.934682],"elbow":[111.076,316.45,344.248],"grabStrength":0,"id":534,"palmNormal":[0.0328692,-0.934571,-0.354256],"palmPosition":[31.6302,325.907,31.736],"palmVelocity":[50.5156,-16.7697,-175.009],"palmWidth":90.9658,"pinchStrength":0.760493,"r":[[0.804215,0.579979,0.129857],[-0.593143,0.769354,0.237223],[0.0376784,-0.267802,0.962737]],"s":0.954872,"sphereCenter":[36.7917,289.45,0.0754132],"sphereRadius":45.6839,"stabilizedPalmPosition":[15.6794,339.329,166.595],"t":[18.6226,-63.5221,-190.751],"timeVisible":3.98596,"type":"right","wrist":[41.4735,311.253,83.5003]}],"id":4176176,"interactionBox":{"center":[0,200,0],"size":[235.247,235.247,147.751]},"pointables":[{"bases":[[[0.363802,0.923375,0.122583],[-0.801102,0.243014,0.546974],[0.475272,-0.297192,0.828126]],[[0.164326,0.968048,-0.189419],[-0.941396,0.211255,0.262954],[0.294568,0.135109,0.946031]],[[0.164326,0.968048,-0.189419],[-0.985525,0.169238,0.00993948],[0.0416788,0.185044,0.981846]],[[0.164326,0.968048,-0.189419],[-0.680534,-0.0277482,-0.732191],[-0.714052,0.249225,0.65423]]],"btipPosition":[14.1076,279.754,-12.2712],"carpPosition":[13.5215,298.635,83.7148],"dipPosition":[-2.59937,285.585,3.03604],"direction":[-0.0416788,-0.185044,-0.981846],"extended":false,"handId":534,"id":5340,"length":52.1025,"mcpPosition":[13.5215,298.635,83.7148],"pipPosition":[-1.17868,291.893,36.5037],"stabilizedTipPosition":[-17.7381,292.467,128.7],"timeVisible":3.98596,"tipPosition":[10.6763,280.279,-8.53639],"tipVelocity":[78.5698,-20.5132,-181.044],"tool":false,"touchDistance":-0.533216,"touchZone":"hovering","type":0,"width":20.2446},{"bases":[[[0.976925,0.104884,-0.186054],[-0.0638107,0.974662,0.214389],[0.203826,-0.19757,0.958865]],[[0.99062,0.0878737,-0.104646],[-0.0972184,0.991381,-0.0878206],[0.0960271,0.0971703,0.990624]],[[0.99062,0.0878737,-0.104646],[-0.11346,0.955725,-0.27151],[0.0761544,0.280836,0.95673]],[[0.99062,0.0878737,-0.104646],[-0.122719,0.908945,-0.398447],[0.0601046,0.407551,0.911202]]],"btipPosition":[-1.52349,317.661,-71.3526],"carpPosition":[20.4592,321.051,80.4028],"dipPosition":[-0.496839,324.623,-55.7883],"direction":[-0.0761544,-0.280836,-0.95673],"extended":true,"handId":534,"id":5341,"length":58.7918,"mcpPosition":[5.46781,335.582,9.87829],"pipPosition":[1.34335,331.409,-32.67],"stabilizedTipPosition":[-6.1881,309.678,67.9506],"timeVisible":3.98596,"tipPosition":[-0.821491,318.357,-67.5603],"tipVelocity":[35.191,-30.2525,-172.066],"tool":false,"touchDistance":-0.529956,"touchZone":"touching","type":1,"width":19.3376},{"bases":[[[0.99195,-0.090476,-0.0886011],[0.106759,0.973788,0.200848],[0.0681068,-0.20869,0.975608]],[[0.993321,-0.0955637,-0.064663],[-0.0134008,0.461072,-0.887262],[0.114604,0.882202,0.456712]],[[0.993321,-0.0955637,-0.064663],[-0.11268,-0.682769,-0.721893],[0.0248369,0.724358,-0.688977]],[[0.993321,-0.0955637,-0.064663],[-0.10818,-0.966241,-0.233828],[-0.0401346,0.239262,-0.970125]]],"btipPosition":[21.9022,271.061,25.6939],"carpPosition":[32.1271,324.104,77.9372],"dipPosition":[21.1482,275.556,7.46818],"direction":[-0.0248369,-0.724358,0.688977],"extended":false,"handId":534,"id":5342,"length":66.9886,"mcpPosition":[27.3767,338.66,9.8892],"pipPosition":[21.8542,296.148,-12.1186],"stabilizedTipPosition":[-10.2229,297.676,169.796],"timeVisible":3.98596,"tipPosition":[21.8615,272.727,22.5442],"tipVelocity":[97.9112,-32.3659,-176.204],"tool":false,"touchDistance":0.333333,"touchZone":"none","type":2,"width":18.9921},{"bases":[[[0.980271,-0.193349,0.0410464],[0.179473,0.957686,0.225002],[-0.0828136,-0.213196,0.973493]],[[0.981014,-0.191313,0.0317879],[0.103177,0.376065,-0.920831],[0.164213,0.906628,0.388664]],[[0.981014,-0.191313,0.0317879],[-0.120055,-0.727805,-0.675193],[0.152309,0.658558,-0.736955]],[[0.981014,-0.191313,0.0317879],[-0.181013,-0.962092,-0.203992],[0.0696093,0.194365,-0.978456]]],"btipPosition":[36.6232,275.03,36.5972],"carpPosition":[44.2905,324.045,76.235],"dipPosition":[37.9234,278.661,18.3206],"direction":[-0.152309,-0.658558,0.736955],"extended":false,"handId":534,"id":5343,"length":64.4113,"mcpPosition":[49.4766,337.397,15.2717],"pipPosition":[42.1416,296.9,-2.08909],"stabilizedTipPosition":[4.32409,295.285,175.747],"timeVisible":3.98596,"tipPosition":[36.9881,276.257,32.2546],"tipVelocity":[96.6176,-10.5282,-124.162],"tool":false,"touchDistance":0.333333,"touchZone":"none","type":3,"width":18.0722},{"bases":[[[0.920878,-0.372287,0.115697],[0.32173,0.893332,0.313763],[-0.220166,-0.251715,0.942426]],[[0.907239,-0.385684,0.167827],[0.320275,0.374793,-0.870031],[0.272657,0.843076,0.463552]],[[0.907239,-0.385684,0.167827],[-0.151975,-0.672622,-0.724213],[0.392201,0.631528,-0.668843]],[[0.907239,-0.385684,0.167827],[-0.331179,-0.900983,-0.280269],[0.259304,0.19869,-0.945137]]],"btipPosition":[47.4888,285.804,33.7695],"carpPosition":[56.5016,316.787,75.4231],"dipPosition":[51.9572,289.228,17.4827],"direction":[-0.392201,-0.631528,0.668843],"extended":false,"handId":534,"id":5344,"length":50.4973,"mcpPosition":[69.2645,331.379,20.7909],"pipPosition":[59.6262,301.577,4.40444],"stabilizedTipPosition":[20.6056,299.359,175.399],"timeVisible":3.98596,"tipPosition":[48.7625,287.002,30.4687],"tipVelocity":[80.1464,-3.60389,-169.219],"tool":false,"touchDistance":0.333333,"touchZone":"none","type":4,"width":16.0532}],"r":[[0.804215,0.579979,0.129857],[-0.593143,0.769354,0.237223],[0.0376784,-0.267802,0.962737]],"s":0.954872,"t":[18.6226,-63.5221,-190.751],"timestamp":522414321276},false],[4,{"currentFrameRate":109.754,"devices":[],"gestures":[],"hands":[{"armBasis":[[0.967064,0.0576054,-0.247929],[-0.0608055,0.998136,-0.00526276],[0.247164,0.0201649,0.968764]],"armWidth":63.703,"confidence":0.71016,"direction":[-0.0491222,0.350284,-0.935355],"elbow":[108.858,316.801,343.659],"grabStrength":0,"id":534,"palmNormal":[0.0463031,-0.93468,-0.352463],"palmPosition":[32.086,325.77,30.3707],"palmVelocity":[50.5119,-16.3333,-168.472],"palmWidth":90.9658,"pinchStrength":0.745152,"r":[[0.798608,0.587817,0.129214],[-0.600424,0.76336,0.238268],[0.0414209,-0.267866,0.962565]],"s":0.958416,"sphereCenter":[37.7265,289.339,-1.20633],"sphereRadius":45.7553,"stabilizedPalmPosition":[15.6795,339.329,166.594],"t":[19.0788,-63.701,-192.243],"timeVisible":3.99499,"type":"right","wrist":[42.1413,311.358,82.1623]}],"id":4176177,"interactionBox":{"center":[0,200,0],"size":[235.247,235.247,147.751]},"pointables":[{"bases":[[[0.350479,0.928749,0.120785],[-0.804495,0.232509,0.54656],[0.479533,-0.288729,0.828663]],[[0.151144,0.970043,-0.190188],[-0.943785,0.198828,0.26408],[0.293983,0.139582,0.945564]],[[0.151144,0.970043,-0.190188],[-0.987468,0.157004,0.0160431],[0.0454228,0.18538,0.981617]],[[0.151144,0.970043,-0.190188],[-0.686186,-0.0355341,-0.726558],[-0.711551,0.240319,0.660259]]],"btipPosition":[14.8029,279.433,-13.6929],"carpPosition":[14.3738,298.34,82.403],"dipPosition":[-1.84553,285.055,1.75538],"direction":[-0.0454228,-0.18538,-0.981617],"extended":false,"handId":534,"id":5340,"length":52.1025,"mcpPosition":[14.3738,298.34,82.403],"pipPosition":[-0.297228,291.374,35.2153],"stabilizedTipPosition":[-17.7332,292.465,128.676],"timeVisible":3.99499,"tipPosition":[11.4972,279.942,-9.89983],"tipVelocity":[78.5577,-26.1271,-173.578],"tool":false,"touchDistance":-0.529067,"touchZone":"hovering","type":0,"width":20.2446},{"bases":[[[0.975307,0.118576,-0.186321],[-0.077824,0.974052,0.212522],[0.206686,-0.192774,0.959228]],[[0.989151,0.10208,-0.105645],[-0.111615,0.989789,-0.0886551],[0.0955164,0.0994848,0.990444]],[[0.989151,0.10208,-0.105645],[-0.127575,0.953463,-0.273191],[0.0728412,0.283705,0.956141]],[[0.989151,0.10208,-0.105645],[-0.136297,0.906017,-0.400696],[0.0548131,0.410747,0.9101]]],"btipPosition":[-1.01269,316.881,-72.6939],"carpPosition":[20.988,320.847,79.0475],"dipPosition":[-0.0764265,323.897,-57.1484],"direction":[-0.0728412,-0.283705,-0.956141],"extended":true,"handId":534,"id":5341,"length":58.7918,"mcpPosition":[5.78622,335.026,8.49622],"pipPosition":[1.6837,330.753,-34.0443],"stabilizedTipPosition":[-6.18754,309.679,67.9363],"timeVisible":3.99499,"tipPosition":[-0.313782,317.619,-68.9136],"tipVelocity":[40.4477,-45.3273,-165.739],"tool":false,"touchDistance":-0.525478,"touchZone":"touching","type":1,"width":19.3376},{"bases":[[[0.993146,-0.0763595,-0.0884938],[0.0927403,0.975607,0.198971],[0.0711419,-0.205814,0.976002]],[[0.994603,-0.081436,-0.064282],[-0.0204765,0.453319,-0.891113],[0.101709,0.88762,0.449205]],[[0.994603,-0.081436,-0.064282],[-0.102781,-0.688955,-0.71748],[0.0141414,0.720215,-0.693607]],[[0.994603,-0.081436,-0.064282],[-0.0941977,-0.968495,-0.230531],[-0.0434833,0.235342,-0.970939]]],"btipPosition":[23.1624,270.749,24.8131],"carpPosition":[32.6107,324.063,76.5753],"dipPosition":[22.3455,275.171,6.57206],"direction":[-0.0141414,-0.720215,0.693607],"extended":false,"handId":534,"id":5342,"length":66.9886,"mcpPosition":[27.6486,338.418,8.49975],"pipPosition":[22.7475,295.646,-13.1464],"stabilizedTipPosition":[-10.1856,297.647,169.628],"timeVisible":3.99499,"tipPosition":[23.0819,272.363,21.4302],"tipVelocity":[108.951,-33.4656,-154.671],"tool":false,"touchDistance":0.333333,"touchZone":"none","type":2,"width":18.9921},{"bases":[[[0.982954,-0.179141,0.0413517],[0.16568,0.960601,0.223151],[-0.079698,-0.212496,0.973906]],[[0.983694,-0.17703,0.0317141],[0.0958005,0.366539,-0.925457],[0.152209,0.913405,0.377522]],[[0.983694,-0.17703,0.0317141],[-0.111034,-0.73651,-0.667251],[0.141481,0.65285,-0.744157]],[[0.983694,-0.17703,0.0317141],[-0.167477,-0.965946,-0.197232],[0.06555,0.188704,-0.979844]]],"btipPosition":[37.823,275.079,35.9318],"carpPosition":[44.7736,324.176,74.8724],"dipPosition":[39.0474,278.603,17.6293],"direction":[-0.141481,-0.65285,0.744157],"extended":false,"handId":534,"id":5343,"length":64.4113,"mcpPosition":[49.7645,337.483,13.8831],"pipPosition":[42.9657,296.684,-2.9799],"stabilizedTipPosition":[4.37878,295.253,175.513],"timeVisible":3.99499,"tipPosition":[38.1576,276.217,31.3882],"tipVelocity":[106.081,-6.90615,-110.46],"tool":false,"touchDistance":0.333333,"touchZone":"none","type":3,"width":18.0722},{"bases":[[[0.926146,-0.358771,0.11635],[0.308852,0.898471,0.312026],[-0.216483,-0.253047,0.942922]],[[0.91231,-0.372603,0.169873],[0.314851,0.372997,-0.872778],[0.261838,0.849729,0.457604]],[[0.91231,-0.372603,0.169873],[-0.142934,-0.678487,-0.720573],[0.383745,0.633105,-0.672248]],[[0.91231,-0.372603,0.169873],[-0.318509,-0.906386,-0.27752],[0.257375,0.199078,-0.945582]]],"btipPosition":[48.4426,285.914,32.6757],"carpPosition":[57.0878,317.093,74.0736],"dipPosition":[52.8778,289.345,16.3813],"direction":[-0.383745,-0.633105,0.672248],"extended":false,"handId":534,"id":5344,"length":50.4973,"mcpPosition":[69.6373,331.762,19.4126],"pipPosition":[60.3814,301.724,3.2364],"stabilizedTipPosition":[20.6121,299.356,175.366],"timeVisible":3.99499,"tipPosition":[49.7143,287.09,29.27],"tipVelocity":[86.9388,0.799682,-156.05],"tool":false,"touchDistance":0.333333,"touchZone":"none","type":4,"width":16.0532}],"r":[[0.798608,0.587817,0.129214],[-0.600424,0.76336,0.238268],[0.0414209,-0.267866,0.962565]],"s":0.958416,"t":[19.0788,-63.701,-192.243],"timestamp":522414330302},false],[5,{"currentFrameRate":109.752,"devices":[],"gestures":[],"hands":[{"armBasis":[[0.967112,0.0746861,-0.243138],[-0.076298,0.997081,0.00279418],[0.242637,0.0158487,0.969988]],"armWidth":63.703,"confidence":0.699143,"direction":[-0.0571104,0.347458,-0.935955],"elbow":[108.52,316.14,342.588],"grabStrength":0,"id":534,"palmNormal":[0.0601786,-0.934582,-0.35062],"palmPosition":[32.6082,326.001,28.9667],"palmVelocity":[52.3897,-4.74808,-164.461],"palmWidth":90.9658,"pinchStrength":0.721936,"r":[[0.792249,0.596613,0.128038],[-0.608479,0.756691,0.239106],[0.0457684,-0.26734,0.962515]],"s":0.962724,"sphereCenter":[38.8006,289.573,-2.55536],"sphereRadius":45.8751,"stabilizedPalmPosition":[15.6797,339.328,166.593],"t":[19.568,-63.6747,-193.691],"timeVisible":4.0041,"type":"right","wrist":[43.0258,311.862,80.7616]}],"id":4176178,"interactionBox":{"center":[0,200,0],"size":[235.247,235.247,147.751]},"pointables":[{"bases":[[[0.336041,0.934438,0.117905],[-0.806644,0.220913,0.5482],[0.486212,-0.279325,0.827995]],[[0.136279,0.972047,-0.191188],[-0.944878,0.185532,0.269783],[0.297713,0.143884,0.94375]],[[0.136279,0.972047,-0.191188],[-0.989212,0.143989,0.0269653],[0.0537405,0.185451,0.981183]],[[0.136279,0.972047,-0.191188],[-0.697145,-0.0430178,-0.715638],[-0.703858,0.230812,0.671795]]],"btipPosition":[15.2482,279.504,-15.1574],"carpPosition":[15.4688,298.406,81.1031],"dipPosition":[-1.22023,284.904,0.560857],"direction":[-0.0537405,-0.185451,-0.981183],"extended":false,"handId":534,"id":5340,"length":52.1025,"mcpPosition":[15.4688,298.406,81.1031],"pipPosition":[0.611594,291.226,34.006],"stabilizedTipPosition":[-17.7277,292.463,128.65],"timeVisible":4.0041,"tipPosition":[12.1551,280.001,-11.2714],"tipVelocity":[71.5721,-18.2561,-168.098],"tool":false,"touchDistance":-0.525529,"touchZone":"hovering","type":0,"width":20.2446},{"bases":[[[0.972816,0.133603,-0.189153],[-0.0926851,0.973151,0.210681],[0.212222,-0.187422,0.95908]],[[0.987014,0.117676,-0.109337],[-0.127678,0.987772,-0.0894704],[0.0974719,0.102268,0.98997]],[[0.987014,0.117676,-0.109337],[-0.143786,0.950693,-0.274788],[0.0716103,0.286941,0.955268]],[[0.987014,0.117676,-0.109337],[-0.152226,0.902537,-0.402809],[0.0512799,0.414222,0.90873]]],"btipPosition":[-0.684886,316.392,-73.9827],"carpPosition":[21.7168,321.008,77.6829],"dipPosition":[0.191029,323.467,-58.4607],"direction":[-0.0716103,-0.286941,-0.955268],"extended":true,"handId":534,"id":5341,"length":58.7918,"mcpPosition":[6.10793,334.793,7.14252],"pipPosition":[1.92142,330.4,-35.3776],"stabilizedTipPosition":[-6.18679,309.68,67.9181],"timeVisible":4.0041,"tipPosition":[0.0206535,317.175,-70.2175],"tipVelocity":[38.7792,-47.2489,-159.142],"tool":false,"touchDistance":-0.520676,"touchZone":"touching","type":1,"width":19.3376},{"bases":[[[0.993995,-0.0608155,-0.0909642],[0.0777972,0.977378,0.196674],[0.0769455,-0.20257,0.97624]],[[0.995615,-0.0658863,-0.0664052],[-0.0305093,0.442352,-0.896322],[0.0884299,0.894418,0.438403]],[[0.995615,-0.0658863,-0.0664052],[-0.0935435,-0.697306,-0.710643],[0.000516908,0.713739,-0.700412]],[[0.995615,-0.0658863,-0.0664052],[-0.0792801,-0.971095,-0.225141],[-0.0496521,0.229418,-0.972061]]],"btipPosition":[24.5707,270.83,24.1294],"carpPosition":[33.2807,324.402,75.1732],"dipPosition":[23.6379,275.14,5.86733],"direction":[-0.000516908,-0.713739,0.700412],"extended":false,"handId":534,"id":5342,"length":66.9886,"mcpPosition":[27.9138,338.531,7.081],"pipPosition":[23.6526,295.431,-14.0446],"stabilizedTipPosition":[-10.1231,297.6,169.358],"timeVisible":4.0041,"tipPosition":[24.4349,272.37,20.4468],"tipVelocity":[120.778,-22.4986,-132.703],"tool":false,"touchDistance":0.333333,"touchZone":"none","type":2,"width":18.9921},{"bases":[[[0.985773,-0.163467,0.0391235],[0.151028,0.963579,0.220693],[-0.0737746,-0.211644,0.974558]],[[0.986453,-0.161369,0.0294982],[0.0868102,0.360935,-0.928542],[0.139191,0.918524,0.370054]],[[0.986453,-0.161369,0.0294982],[-0.101651,-0.742434,-0.662162],[0.128753,0.650193,-0.74878]],[[0.986453,-0.161369,0.0294982],[-0.152796,-0.96928,-0.192742],[0.0596947,0.185624,-0.980806]]],"btipPosition":[39.1576,275.456,34.9359],"carpPosition":[45.4357,324.704,73.4378],"dipPosition":[40.2726,278.923,16.6154],"direction":[-0.128753,-0.650193,0.74878],"extended":false,"handId":534,"id":5343,"length":64.4113,"mcpPosition":[50.0558,337.958,12.4077],"pipPosition":[43.8384,296.93,-4.12175],"stabilizedTipPosition":[4.46831,295.205,175.143],"timeVisible":4.0041,"tipPosition":[39.4593,276.545,30.3025],"tipVelocity":[116.506,6.09182,-110.248],"tool":false,"touchDistance":0.333333,"touchZone":"none","type":3,"width":18.0722},{"bases":[[[0.932013,-0.343813,0.114649],[0.295398,0.903915,0.309319],[-0.209981,-0.254422,0.944022]],[[0.918148,-0.358095,0.169624],[0.306575,0.370795,-0.876654],[0.25103,0.856901,0.450227]],[[0.918148,-0.358095,0.169624],[-0.134898,-0.685006,-0.71594],[0.372568,0.634457,-0.677243]],[[0.918148,-0.358095,0.169624],[-0.305288,-0.912203,-0.273285],[0.252594,0.199132,-0.94686]]],"btipPosition":[49.5194,286.435,31.5401],"carpPosition":[57.8585,317.815,72.6212],"dipPosition":[53.8721,289.867,15.2236],"direction":[-0.372568,-0.634457,0.677243],"extended":false,"handId":534,"id":5344,"length":50.4973,"mcpPosition":[70.031,332.564,17.8965],"pipPosition":[61.1572,302.273,1.98109],"stabilizedTipPosition":[20.6224,299.352,175.315],"timeVisible":4.0041,"tipPosition":[50.7782,287.586,28.0196],"tipVelocity":[95.0158,16.4477,-147.468],"tool":false,"touchDistance":0.333333,"touchZone":"none","type":4,"width":16.0532}],"r":[[0.792249,0.596613,0.128038],[-0.608479,0.756691,0.239106],[0.0457684,-0.26734,0.962515]],"s":0.962724,"t":[19.568,-63.6747,-193.691],"timestamp":522414339418},false],[6,{"currentFrameRate":109.818,"devices":[],"gestures":[],"hands":[{"armBasis":[[0.967429,0.0827246,-0.239246],[-0.0837001,0.996472,0.00609821],[0.238906,0.0141253,0.97094]],"armWidth":63.703,"confidence":0.707169,"direction":[-0.0612016,0.343098,-0.937304],"elbow":[108.328,316.29,341.463],"grabStrength":0,"id":534,"palmNormal":[0.0668247,-0.935549,-0.346819],"palmPosition":[33.2356,326.32,27.5415],"palmVelocity":[57.1661,6.29551,-162.844],"palmWidth":90.9658,"pinchStrength":0.697538,"r":[[0.786201,0.604914,0.126362],[-0.61595,0.750546,0.239344],[0.0499427,-0.266005,0.962677]],"s":0.96709,"sphereCenter":[39.657,289.816,-3.83014],"sphereRadius":45.9374,"stabilizedPalmPosition":[15.6799,339.328,166.591],"t":[20.1263,-63.502,-195.127],"timeVisible":4.01309,"type":"right","wrist":[43.8403,312.478,79.3786]}],"id":4176179,"interactionBox":{"center":[0,200,0],"size":[235.247,235.247,147.751]},"pointables":[{"bases":[[[0.32903,0.937475,0.113492],[-0.807483,0.217001,0.548527],[0.489602,-0.272124,0.828395]],[[0.129246,0.972368,-0.194413],[-0.94514,0.180114,0.272524],[0.30001,0.148525,0.942303]],[[0.129246,0.972368,-0.194413],[-0.989854,0.138184,0.0330799],[0.0590305,0.188165,0.980362]],[[0.129246,0.972368,-0.194413],[-0.704813,-0.0478291,-0.707779],[-0.69752,0.228502,0.679156]]],"btipPosition":[15.7242,279.64,-16.5135],"carpPosition":[16.388,298.813,79.819],"dipPosition":[-0.595939,284.987,-0.623092],"direction":[-0.0590305,-0.188165,-0.980362],"extended":false,"handId":534,"id":5340,"length":52.1025,"mcpPosition":[16.388,298.813,79.819],"pipPosition":[1.41621,291.401,32.794],"stabilizedTipPosition":[-17.7218,292.461,128.622],"timeVisible":4.01309,"tipPosition":[12.7423,280.163,-12.5696],"tipVelocity":[67.5079,-9.46899,-162.168],"tool":false,"touchDistance":-0.521058,"touchZone":"hovering","type":0,"width":20.2446},{"bases":[[[0.971472,0.140277,-0.191217],[-0.0998393,0.973282,0.206771],[0.215114,-0.181781,0.959522]],[[0.985794,0.124964,-0.112223],[-0.135543,0.986476,-0.0921634],[0.0991885,0.106065,0.9894]],[[0.985794,0.124964,-0.112223],[-0.151919,0.948357,-0.278458],[0.0716306,0.291551,0.953869]],[[0.985794,0.124964,-0.112223],[-0.160331,0.899207,-0.407089],[0.0500405,0.419298,0.906468]]],"btipPosition":[-0.210458,316.055,-75.3062],"carpPosition":[22.457,321.447,76.2949],"dipPosition":[0.644286,323.217,-59.8228],"direction":[-0.0716306,-0.291551,-0.953869],"extended":true,"handId":534,"id":5341,"length":58.7918,"mcpPosition":[6.6354,334.817,5.7221],"pipPosition":[2.37516,330.262,-36.7736],"stabilizedTipPosition":[-6.18581,309.682,67.8961],"timeVisible":4.01309,"tipPosition":[0.502676,316.884,-71.5572],"tipVelocity":[42.4719,-43.961,-156.152],"tool":false,"touchDistance":-0.516928,"touchZone":"touching","type":1,"width":19.3376},{"bases":[[[0.994294,-0.0535618,-0.0922534],[0.0705839,0.978759,0.192482],[0.0799841,-0.197895,0.976954]],[[0.996002,-0.0585614,-0.0674569],[-0.0361068,0.426793,-0.903628],[0.0817079,0.902451,0.422972]],[[0.996002,-0.0585614,-0.0674569],[-0.089072,-0.70842,-0.700148],[-0.00678621,0.703357,-0.710804]],[[0.996002,-0.0585614,-0.0674569],[-0.0718662,-0.973809,-0.215713],[-0.0530577,0.219698,-0.974124]]],"btipPosition":[25.6642,271.112,23.7374],"carpPosition":[33.9906,324.919,73.7532],"dipPosition":[24.6674,275.24,5.43649],"direction":[0.00678621,-0.703357,0.710804],"extended":false,"handId":534,"id":5342,"length":66.9886,"mcpPosition":[28.4118,338.722,5.61117],"pipPosition":[24.4745,295.235,-14.7708],"stabilizedTipPosition":[-10.0207,297.527,168.926],"timeVisible":4.01309,"tipPosition":[25.4841,272.547,19.7058],"tipVelocity":[120.572,-9.00545,-108.543],"tool":false,"touchDistance":0.333333,"touchZone":"none","type":2,"width":18.9921},{"bases":[[[0.987058,-0.155729,0.0382732],[0.143955,0.965624,0.216444],[-0.0706642,-0.208133,0.975544]],[[0.987709,-0.153663,0.0286234],[0.0826031,0.357683,-0.930182],[0.132697,0.921113,0.36598]],[[0.987709,-0.153663,0.0286234],[-0.0969156,-0.745732,-0.65916],[0.122634,0.648284,-0.751458]],[[0.987709,-0.153663,0.0286234],[-0.145608,-0.971128,-0.188966],[0.0568341,0.182476,-0.981566]]],"btipPosition":[40.1804,275.835,33.7044],"carpPosition":[46.1403,325.308,71.9977],"dipPosition":[41.242,279.244,15.3697],"direction":[-0.122634,-0.648284,0.751458],"extended":false,"handId":534,"id":5343,"length":64.4113,"mcpPosition":[50.5656,338.342,10.9058],"pipPosition":[44.6383,297.198,-5.44165],"stabilizedTipPosition":[4.59235,295.14,174.641],"timeVisible":4.01309,"tipPosition":[40.4668,276.911,29.0758],"tipVelocity":[115.388,15.5914,-117.69],"tool":false,"touchDistance":0.333333,"touchZone":"none","type":3,"width":18.0722},{"bases":[[[0.9348,-0.336166,0.114632],[0.288914,0.90744,0.305093],[-0.206584,-0.252083,0.945398]],[[0.920723,-0.350683,0.171142],[0.302866,0.365674,-0.880088],[0.24605,0.86215,0.442895]],[[0.920723,-0.350683,0.171142],[-0.130994,-0.690902,-0.710982],[0.367572,0.632199,-0.682067]],[[0.920723,-0.350683,0.171142],[-0.298958,-0.915804,-0.268194],[0.250783,0.195768,-0.948041]]],"btipPosition":[50.3833,286.912,30.4035],"carpPosition":[58.6144,318.511,71.1905],"dipPosition":[54.7048,290.285,14.0666],"direction":[-0.367572,-0.632199,0.682067],"extended":false,"handId":534,"id":5344,"length":50.4973,"mcpPosition":[70.59,333.124,16.386],"pipPosition":[61.8922,302.647,0.729793],"stabilizedTipPosition":[20.6379,299.346,175.241],"timeVisible":4.01309,"tipPosition":[51.6421,288.029,26.8064],"tipVelocity":[95.099,26.0737,-141.848],"tool":false,"touchDistance":0.333333,"touchZone":"none","type":4,"width":16.0532}],"r":[[0.786201,0.604914,0.126362],[-0.61595,0.750546,0.239344],[0.0499427,-0.266005,0.962677]],"s":0.96709,"t":[