{"sensorType":"Leap","data":[[0,{"currentFrameRate":109.451,"devices":[],"gestures":[],"hands":[{"armBasis":[[0.964443,0.115895,-0.237526],[-0.114449,0.993229,0.0199168],[0.238226,0.00797599,0.971177]],"armWidth":63.703,"confidence":0.707194,"direction":[0.0220253,0.282093,-0.959134],"elbow":[106.454,305.019,354.839],"grabStrength":0,"id":545,"palmNormal":[0.124373,-0.952687,-0.277341],"palmPosition":[36.3161,313.118,39.2865],"palmVelocity":[39.8729,18.7703,-100.527],"palmWidth":90.9658,"pinchStrength":0.617128,"r":[[0.896961,0.437293,0.0650846],[-0.420857,0.889634,-0.177285],[-0.135427,0.131626,0.982005]],"s":1.11766,"sphereCenter":[41.3951,274.854,9.94544],"sphereRadius":46.4396,"stabilizedPalmPosition":[-18.4576,358.085,250.159],"t":[58.1778,-48.3671,-225.595],"timeVisible":0.831332,"type":"right","wrist":[42.1496,302.866,92.691]}],"id":4180506,"interactionBox":{"center":[0,200,0],"size":[235.247,235.247,147.751]},"pointables":[{"bases":[[[0.29223,0.952699,0.083465],[-0.862565,0.224876,0.453224],[0.413016,-0.20444,0.887481]],[[0.135807,0.965829,-0.220751],[-0.965755,0.178774,0.188035],[0.221074,0.187655,0.957033]],[[0.135807,0.965829,-0.220751],[-0.990567,0.128265,-0.0482138],[-0.0182516,0.225216,0.974138]],[[0.135807,0.965829,-0.220751],[-0.710772,-0.0602418,-0.700839],[-0.690189,0.252082,0.678303]]],"btipPosition":[20.8831,265.449,-5.4557],"carpPosition":[15.1449,288.389,91.3798],"dipPosition":[4.73453,271.347,10.4148],"direction":[0.0182516,-0.225216,-0.974138],"extended":false,"handId":545,"id":5450,"length":52.1025,"mcpPosition":[15.1449,288.389,91.3798],"pipPosition":[4.11239,279.024,43.6198],"stabilizedTipPosition":[-41.1257,316.016,156.622],"timeVisible":0.831332,"tipPosition":[17.5927,266.931,-1.88142],"tipVelocity":[44.192,12.0986,-95.4104],"tool":false,"touchDistance":-0.405559,"touchZone":"hovering","type":0,"width":20.2446},{"bases":[[[0.981607,0.158939,-0.105768],[-0.144483,0.98058,0.132618],[0.124793,-0.114897,0.985508]],[[0.985948,0.154023,-0.0646873],[-0.157923,0.985612,-0.0602403],[0.0544782,0.0696094,0.996086]],[[0.985948,0.154023,-0.0646873],[-0.165373,0.954687,-0.247436],[0.0236454,0.254656,0.966743]],[[0.985948,0.154023,-0.0646873],[-0.167055,0.908778,-0.382381],[-0.000108885,0.387813,0.921738]]],"btipPosition":[8.86001,303.626,-67.3785],"carpPosition":[20.9479,310.943,86.993],"dipPosition":[8.85815,310.25,-51.6343],"direction":[-0.0236454,-0.254656,-0.966743],"extended":true,"handId":545,"id":5451,"length":58.7918,"mcpPosition":[11.7694,319.393,14.5089],"pipPosition":[9.42951,316.403,-28.274],"stabilizedTipPosition":[-36.6943,362.37,133.509],"timeVisible":0.831332,"tipPosition":[9.51488,304.191,-63.5313],"tipVelocity":[35.2005,14.2877,-102.333],"tool":false,"touchDistance":0.0842008,"touchZone":"hovering","type":1,"width":19.3376},{"bases":[[[0.999594,-0.0275545,0.00730173],[0.0263239,0.990573,0.134432],[-0.0109371,-0.134185,0.990896]],[[0.999321,-0.0295454,0.0220252],[0.0303835,0.322355,-0.946131],[0.0208539,0.946158,0.323034]],[[0.999321,-0.0295454,0.0220252],[-0.000406811,-0.606482,-0.795097],[0.0368494,0.794548,-0.606082]],[[0.999321,-0.0295454,0.0220252],[-0.0158448,-0.884091,-0.467047],[0.0332714,0.46638,-0.883958]]],"btipPosition":[30.6674,247.031,34.5068],"carpPosition":[32.5821,314.614,85.3503],"dipPosition":[31.2925,255.793,17.8998],"direction":[-0.0368494,-0.794548,0.606082],"extended":false,"handId":545,"id":5452,"length":66.9886,"mcpPosition":[33.345,323.974,16.2359],"pipPosition":[32.3401,278.381,0.669649],"stabilizedTipPosition":[-11.6639,279.343,127.794],"timeVisible":0.831332,"tipPosition":[30.8466,249.344,30.3334],"tipVelocity":[42.0704,15.7158,-81.9458],"tool":false,"touchDistance":0.333333,"touchZone":"none","type":2,"width":18.9921},{"bases":[[[0.982241,-0.121595,0.142886],[0.097311,0.981291,0.166129],[-0.160413,-0.149274,0.975697]],[[0.980679,-0.123003,0.152116],[0.17997,0.262478,-0.948006],[0.0766804,0.957066,0.279544]],[[0.980679,-0.123003,0.152116],[0.0366599,-0.648261,-0.760536],[0.192159,0.751418,-0.631226]],[[0.980679,-0.123003,0.152116],[-0.0436648,-0.895608,-0.442697],[0.190689,0.427501,-0.883674]]],"btipPosition":[42.5681,253.082,45.1476],"carpPosition":[44.8314,315.279,84.7478],"dipPosition":[46.13,261.067,28.6414],"direction":[-0.192159,-0.751418,0.631226],"extended":false,"handId":545,"id":5453,"length":64.4113,"mcpPosition":[54.8769,324.627,23.6464],"pipPosition":[51.4518,281.878,11.1598],"stabilizedTipPosition":[-7.93604,288.091,161.509],"timeVisible":0.831332,"tipPosition":[43.398,255.066,40.8505],"tipVelocity":[41.4296,19.4962,-80.0217],"tool":false,"touchDistance":0.333333,"touchZone":"none","type":3,"width":18.0722},{"bases":[[[0.927402,-0.29851,0.225425],[0.234344,0.933364,0.271874],[-0.291561,-0.19931,0.935558]],[[0.919434,-0.303636,0.249893],[0.342476,0.305961,-0.888312],[0.193266,0.902326,0.385299]],[[0.919434,-0.303636,0.249893],[0.0259788,-0.587176,-0.809042],[0.392386,0.750352,-0.531982]],[[0.919434,-0.303636,0.249893],[-0.136366,-0.842214,-0.521612],[0.368844,0.445511,-0.815766]]],"btipPosition":[53.5357,266.153,42.1902],"carpPosition":[57.4945,308.846,85.5848],"dipPosition":[59.8917,273.83,28.1327],"direction":[-0.392386,-0.750353,0.531982],"extended":false,"handId":545,"id":5454,"length":50.4973,"mcpPosition":[74.3962,320.4,31.3508],"pipPosition":[67.5642,288.502,17.7306],"stabilizedTipPosition":[-7.42048,306.042,207.238],"timeVisible":0.831332,"tipPosition":[55.0902,268.299,38.7156],"tipVelocity":[42.0781,16.0874,-93.1971],"tool":false,"touchDistance":0.333333,"touchZone":"none","type":4,"width":16.0532}],"r":[[0.896961,0.437293,0.0650846],[-0.420857,0.889634,-0.177285],[-0.135427,0.131626,0.982005]],"s":1.11766,"t":[58.1778,-48.3671,-225.595],"timestamp":522461848957},false],[1,{"currentFrameRate":109.45,"devices":[],"gestures":[],"hands":[{"armBasis":[[0.966127,0.111078,-0.23294],[-0.110635,0.993748,0.0150062],[0.23315,0.0112734,0.972375]],"armWidth":63.703,"confidence":0.715226,"direction":[0.0234251,0.283631,-0.958647],"elbow":[105.459,305.896,353.821],"grabStrength":0,"id":545,"palmNormal":[0.121168,-0.952647,-0.278895],"palmPosition":[36.7503,313.215,37.9598],"palmVelocity":[41.9984,16.5052,-112.951],"palmWidth":90.9658,"pinchStrength":0.616719,"r":[[0.897016,0.437168,0.0651727],[-0.420636,0.889616,-0.177898],[-0.13575,0.132163,0.981888]],"s":1.11825,"sphereCenter":[41.6034,274.98,8.55727],"sphereRadius":46.4213,"stabilizedPalmPosition":[-18.4213,358.055,250.02],"t":[58.5631,-48.2447,-226.71],"timeVisible":0.840469,"type":"right","wrist":[42.5248,302.853,91.3495]}],"id":4180507,"interactionBox":{"center":[0,200,0],"size":[235.247,235.247,147.751]},"pointables":[{"bases":[[[0.295516,0.951531,0.0851971],[-0.861972,0.227121,0.453234],[0.411916,-0.207375,0.887311]],[[0.139447,0.965765,-0.218752],[-0.965126,0.181981,0.188188],[0.221554,0.184881,0.957462]],[[0.139447,0.965765,-0.218752],[-0.99005,0.131766,-0.0493917],[-0.0188767,0.223463,0.97453]],[[0.139447,0.965765,-0.218752],[-0.710499,-0.0562918,-0.701443],[-0.689743,0.253237,0.678326]]],"btipPosition":[21.1954,265.704,-6.86851],"carpPosition":[15.4703,288.472,90.0023],"dipPosition":[5.05727,271.629,9.00252],"direction":[0.0188767,-0.223463,-0.97453],"extended":false,"handId":545,"id":5450,"length":52.1025,"mcpPosition":[15.4703,288.472,90.0023],"pipPosition":[4.41383,279.246,42.2208],"stabilizedTipPosition":[-41.0489,315.952,156.413],"timeVisible":0.840469,"tipPosition":[17.8869,267.176,-3.29146],"tipVelocity":[41.4809,16.6714,-111.875],"tool":false,"touchDistance":-0.414527,"touchZone":"hovering","type":0,"width":20.2446},{"bases":[[[0.982201,0.15569,-0.10508],[-0.141118,0.980853,0.13421],[0.123964,-0.116993,0.985366]],[[0.986398,0.15085,-0.065292],[-0.154709,0.986212,-0.0587362],[0.0555314,0.0680386,0.996136]],[[0.986398,0.15085,-0.065292],[-0.162461,0.955132,-0.247648],[0.0250047,0.254887,0.966647]],[[0.986398,0.15085,-0.065292],[-0.164368,0.90868,-0.383776],[0.00143693,0.389288,0.921115]]],"btipPosition":[9.22246,303.887,-68.6943],"carpPosition":[21.3539,311.013,85.656],"dipPosition":[9.247,310.536,-52.9607],"direction":[-0.0250047,-0.254887,-0.966647],"extended":true,"handId":545,"id":5451,"length":58.7918,"mcpPosition":[12.2363,319.618,13.1823],"pipPosition":[9.85121,316.695,-29.6027],"stabilizedTipPosition":[-36.6799,362.352,133.447],"timeVisible":0.840469,"tipPosition":[9.87743,304.544,-64.8742],"tipVelocity":[36.6279,18.4401,-113.997],"tool":false,"touchDistance":0.0622307,"touchZone":"hovering","type":1,"width":19.3376},{"bases":[[[0.999488,-0.0310553,0.00768251],[0.0297219,0.990247,0.136114],[-0.0118346,-0.135816,0.990663]],[[0.999201,-0.033075,0.0224388],[0.0319461,0.323528,-0.945679],[0.0240187,0.94564,0.324326]],[[0.999201,-0.033075,0.0224388],[-0.00214796,-0.605043,-0.79619],[0.0399104,0.795505,-0.604631]],[[0.999201,-0.033075,0.0224388],[-0.0187005,-0.883056,-0.468895],[0.0353234,0.468101,-0.882969]]],"btipPosition":[30.8714,247.142,33.075],"carpPosition":[33.0015,314.647,84.0245],"dipPosition":[31.535,255.937,16.4867],"direction":[-0.0399104,-0.795505,0.604631],"extended":false,"handId":545,"id":5452,"length":66.9886,"mcpPosition":[33.827,324.12,14.9263],"pipPosition":[32.6696,278.552,-0.702229],"stabilizedTipPosition":[-11.5083,279.233,127.435],"timeVisible":0.840469,"tipPosition":[31.0606,249.463,28.9092],"tipVelocity":[36.8479,14.9692,-102.604],"tool":false,"touchDistance":0.333333,"touchZone":"none","type":2,"width":18.9921},{"bases":[[[0.981749,-0.125263,0.1431],[0.100662,0.980664,0.167826],[-0.161356,-0.150358,0.975375]],[[0.980211,-0.126652,0.15214],[0.1811,0.263375,-0.947542],[0.0799386,0.956343,0.2811]],[[0.980211,-0.126652,0.15214],[0.0346433,-0.646935,-0.761758],[0.194903,0.751953,-0.629745]],[[0.980211,-0.126652,0.15214],[-0.0465849,-0.894544,-0.444546],[0.192399,0.428661,-0.882742]]],"btipPosition":[42.7957,253.136,43.7203],"carpPosition":[45.2533,315.27,83.4283],"dipPosition":[46.3895,261.143,27.2316],"direction":[-0.194903,-0.751953,0.629745],"extended":false,"handId":545,"id":5453,"length":64.4113,"mcpPosition":[55.3579,324.686,22.3471],"pipPosition":[51.7872,281.968,9.79104],"stabilizedTipPosition":[-7.7109,287.946,160.978],"timeVisible":0.840469,"tipPosition":[43.6316,255.128,39.4355],"tipVelocity":[37.0559,15.8805,-101.087],"tool":false,"touchDistance":0.333333,"touchZone":"none","type":3,"width":18.0722},{"bases":[[[0.926257,-0.302124,0.225318],[0.237481,0.93208,0.273548],[-0.29266,-0.199868,0.935095]],[[0.918451,-0.307149,0.249214],[0.343256,0.305889,-0.888035],[0.196527,0.901161,0.386375]],[[0.918451,-0.307149,0.249214],[0.023995,-0.585641,-0.810215],[0.394806,0.750123,-0.530512]],[[0.918451,-0.307149,0.249214],[-0.138981,-0.840497,-0.523688],[0.370314,0.446346,-0.814643]]],"btipPosition":[53.8105,266.162,40.806],"carpPosition":[57.8935,308.791,84.2599],"dipPosition":[60.1919,273.854,26.7679],"direction":[-0.394806,-0.750123,0.530512],"extended":false,"handId":545,"id":5454,"length":50.4973,"mcpPosition":[74.8589,320.377,30.0527],"pipPosition":[67.9118,288.521,16.3944],"stabilizedTipPosition":[-7.31502,305.978,206.953],"timeVisible":0.840469,"tipPosition":[55.3686,268.311,37.3361],"tipVelocity":[38.9185,11.9814,-109.276],"tool":false,"touchDistance":0.333333,"touchZone":"none","type":4,"width":16.0532}],"r":[[0.897016,0.437168,0.0651727],[-0.420636,0.889616,-0.177898],[-0.13575,0.132163,0.981888]],"s":1.11825,"t":[58.5631,-48.2447,-226.71],"timestamp":522461858094},false],[2,{"currentFrameRate":109.479,"devices":[],"gestures":[],"hands":[{"armBasis":[[0.965954,0.10892,-0.234667],[-0.109422,0.993935,0.0109212],[0.234433,0.0151282,0.972015]],"armWidth":63.703,"confidence":0.721033,"direction":[0.0230925,0.285259,-0.958172],"elbow":[106.135,306.888,352.95],"grabStrength":0,"id":545,"palmNormal":[0.12015,-0.952273,-0.280607],"palmPosition":[37.0566,313.264,37.2083],"palmVelocity":[39.7082,13.43,-104.592],"palmWidth":90.9658,"pinchStrength":0.613916,"r":[[0.897145,0.436886,0.0652839],[-0.420324,0.889738,-0.178031],[-0.135865,0.132279,0.981857]],"s":1.11858,"sphereCenter":[41.7454,275.073,7.7468],"sphereRadius":46.3975,"stabilizedPalmPosition":[-18.3898,358.03,249.899],"t":[58.9089,-48.1591,-227.644],"timeVisible":0.849552,"type":"right","wrist":[42.8545,302.805,90.5764]}],"id":4180508,"interactionBox":{"center":[0,200,0],"size":[235.247,235.247,147.751]},"pointables":[{"bases":[[[0.296415,0.95112,0.0866525],[-0.861492,0.227107,0.454151],[0.412273,-0.209268,0.886701]],[[0.140413,0.966076,-0.216752],[-0.964842,0.182639,0.189003],[0.222179,0.182593,0.957756]],[[0.140413,0.966076,-0.216752],[-0.989892,0.132564,-0.0504119],[-0.0199683,0.221639,0.974924]],[[0.140413,0.966076,-0.216752],[-0.710484,-0.0541549,-0.701627],[-0.689563,0.252516,0.678777]]],"btipPosition":[21.5133,265.875,-7.6884],"carpPosition":[15.7864,288.451,89.2211],"dipPosition":[5.37936,271.784,8.1932],"direction":[0.0199683,-0.221639,-0.974924],"extended":false,"handId":545,"id":5450,"length":52.1025,"mcpPosition":[15.7864,288.451,89.2211],"pipPosition":[4.69871,279.339,41.425],"stabilizedTipPosition":[-40.9838,315.898,156.235],"timeVisible":0.849552,"tipPosition":[18.159,267.328,-4.10595],"tipVelocity":[39.7161,17.1683,-105.821],"tool":false,"touchDistance":-0.413669,"touchZone":"hovering","type":0,"width":20.2446},{"bases":[[[0.982275,0.154997,-0.105414],[-0.140163,0.980746,0.135983],[0.124461,-0.118798,0.985087]],[[0.986375,0.150255,-0.0669857],[-0.154146,0.986387,-0.0572625],[0.0574699,0.0668079,0.996109]],[[0.986375,0.150255,-0.0669857],[-0.162333,0.955014,-0.248187],[0.0266809,0.25568,0.966393]],[[0.986375,0.150255,-0.0669857],[-0.164486,0.907854,-0.385677],[0.0028633,0.39144,0.920199]]],"btipPosition":[9.37122,303.997,-69.3969],"carpPosition":[21.6873,310.993,84.91],"dipPosition":[9.42013,310.683,-53.6789],"direction":[-0.0266809,-0.25568,-0.966393],"extended":true,"handId":545,"id":5451,"length":58.7918,"mcpPosition":[12.5332,319.731,12.4568],"pipPosition":[10.0648,316.862,-30.327],"stabilizedTipPosition":[-36.6672,362.336,133.392],"timeVisible":0.849552,"tipPosition":[10.0249,304.762,-65.6082],"tipVelocity":[31.195,16.9565,-103.966],"tool":false,"touchDistance":0.0504609,"touchZone":"hovering","type":1,"width":19.3376},{"bases":[[[0.999465,-0.0319573,0.00701748],[0.0306866,0.989985,0.137798],[-0.0113509,-0.137509,0.990435]],[[0.999182,-0.0340179,0.0218845],[0.0317051,0.322682,-0.945976],[0.0251184,0.945896,0.323496]],[[0.999182,-0.0340179,0.0218845],[-0.00315331,-0.604896,-0.796298],[0.0403262,0.795577,-0.604509]],[[0.999182,-0.0340179,0.0218845],[-0.0197482,-0.88243,-0.470029],[0.0353009,0.469212,-0.88238]]],"btipPosition":[31.1089,247.198,32.3695],"carpPosition":[33.3372,314.62,83.2776],"dipPosition":[31.7721,256.013,15.7923],"direction":[-0.0403262,-0.795577,0.604509],"extended":false,"handId":545,"id":5452,"length":66.9886,"mcpPosition":[34.129,324.211,14.1953],"pipPosition":[32.9186,278.631,-1.39321],"stabilizedTipPosition":[-11.3865,279.147,127.154],"timeVisible":0.849552,"tipPosition":[31.2984,249.512,28.1677],"tipVelocity":[33.8858,12.6772,-95.6284],"tool":false,"touchDistance":0.333333,"touchZone":"none","type":2,"width":18.9921},{"bases":[[[0.981724,-0.126382,0.142284],[0.101638,0.980284,0.16945],[-0.160894,-0.151892,0.975214]],[[0.980222,-0.127757,0.15114],[0.18056,0.264698,-0.947277],[0.0810152,0.955831,0.28253]],[[0.980222,-0.127757,0.15114],[0.0335168,-0.645509,-0.763017],[0.195043,0.752991,-0.62846]],[[0.980222,-0.127757,0.15114],[-0.047636,-0.893572,-0.446384],[0.192084,0.430356,-0.881985]]],"btipPosition":[43.0565,253.158,42.8635],"carpPosition":[45.5892,315.233,82.675],"dipPosition":[46.6445,261.197,26.3889],"direction":[-0.195043,-0.752991,0.62846],"extended":false,"handId":545,"id":5453,"length":64.4113,"mcpPosition":[55.6649,324.745,21.6039],"pipPosition":[52.0461,282.051,8.98394],"stabilizedTipPosition":[-7.53763,287.835,160.569],"timeVisible":0.849552,"tipPosition":[43.8893,255.16,38.5888],"tipVelocity":[34.7083,12.3703,-99.1189],"tool":false,"touchDistance":0.333333,"touchZone":"none","type":3,"width":18.0722},{"bases":[[[0.926125,-0.303335,0.224231],[0.238478,0.931397,0.275006],[-0.292267,-0.201216,0.934929]],[[0.918526,-0.308273,0.247544],[0.342322,0.306866,-0.888059],[0.197802,0.900445,0.387393]],[[0.918526,-0.308273,0.247544],[0.0227459,-0.58388,-0.811521],[0.394706,0.751034,-0.529297]],[[0.918526,-0.308273,0.247544],[-0.139903,-0.839046,-0.525766],[0.36978,0.448297,-0.813814]]],"btipPosition":[54.0845,266.165,39.9693],"carpPosition":[58.2241,308.741,83.4877],"dipPosition":[60.4566,273.89,25.9455],"direction":[-0.394706,-0.751034,0.529297],"extended":false,"handId":545,"id":5454,"length":50.4973,"mcpPosition":[75.1668,320.406,29.2901],"pipPosition":[68.1745,288.575,15.5959],"stabilizedTipPosition":[-7.23115,305.927,206.726],"timeVisible":0.849552,"tipPosition":[55.6363,268.322,36.5057],"tipVelocity":[36.4301,8.97966,-104.425],"tool":false,"touchDistance":0.333333,"touchZone":"none","type":4,"width":16.0532}],"r":[[0.897145,0.436886,0.0652839],[-0.420324,0.889738,-0.178031],[-0.135865,0.132279,0.981857]],"s":1.11858,"t":[58.9089,-48.1591,-227.644],"timestamp":522461867177},false],[3,{"currentFrameRate":109.537,"devices":[],"gestures":[],"hands":[{"armBasis":[[0.965602,0.106779,-0.237087],[-0.107869,0.99413,0.00841084],[0.236594,0.0174527,0.971452]],"armWidth":63.703,"confidence":0.722196,"direction":[0.0231257,0.286337,-0.95785],"elbow":[106.955,307.523,352.357],"grabStrength":0,"id":545,"palmNormal":[0.118756,-0.952109,-0.281754],"palmPosition":[37.2879,313.341,36.7813],"palmVelocity":[35.835,12.0877,-88.8255],"palmWidth":90.9658,"pinchStrength":0.613774,"r":[[0.897371,0.436402,0.0654076],[-0.419845,0.88999,-0.1779],[-0.135848,0.132181,0.981872]],"s":1.11873,"sphereCenter":[41.8048,275.179,7.288],"sphereRadius":46.3739,"stabilizedPalmPosition":[-18.3615,358.007,249.79],"t":[59.1974,-48.0776,-228.324],"timeVisible":0.858577,"type":"right","wrist":[43.0913,302.812,90.1352]}],"id":4180509,"interactionBox":{"center":[0,200,0],"size":[235.247,235.247,147.751]},"pointables":[{"bases":[[[0.297736,0.950617,0.0876437],[-0.861016,0.227748,0.454733],[0.412316,-0.210853,0.886305]],[[0.141803,0.966175,-0.2154],[-0.964642,0.183711,0.188987],[0.222166,0.180985,0.958064]],[[0.141803,0.966175,-0.2154],[-0.989635,0.133379,-0.0532278],[-0.0226975,0.220715,0.975074]],[[0.141803,0.966175,-0.2154],[-0.709778,-0.0524372,-0.702471],[-0.690005,0.252499,0.678334]]],"btipPosition":[21.8343,266.033,-8.14636],"carpPosition":[16.0033,288.497,88.7733],"dipPosition":[5.68996,271.941,7.72488],"direction":[0.0226975,-0.220715,-0.975074],"extended":false,"handId":545,"id":5450,"length":52.1025,"mcpPosition":[16.0033,288.497,88.7733],"pipPosition":[4.91628,279.465,40.9618],"stabilizedTipPosition":[-40.9249,315.85,156.075],"timeVisible":0.858577,"tipPosition":[18.395,267.477,-4.56567],"tipVelocity":[38.5002,17.2572,-90.735],"tool":false,"touchDistance":-0.407541,"touchZone":"hovering","type":0,"width":20.2446},{"bases":[[[0.982445,0.153789,-0.105598],[-0.138784,0.980777,0.13717],[0.124663,-0.120107,0.984903]],[[0.986453,0.149142,-0.0683186],[-0.153064,0.986612,-0.0562817],[0.05901,0.0659764,0.996075]],[[0.986453,0.149142,-0.0683186],[-0.161621,0.95491,-0.24905],[0.0280942,0.256718,0.966078]],[[0.986453,0.149142,-0.0683186],[-0.163993,0.907045,-0.387784],[0.00413311,0.393734,0.919215]]],"btipPosition":[9.48025,304.108,-69.7813],"carpPosition":[21.9332,311.036,84.486],"dipPosition":[9.55085,310.833,-54.0802],"direction":[-0.0280942,-0.256718,-0.966078],"extended":true,"handId":545,"id":5451,"length":58.7918,"mcpPosition":[12.7643,319.87,12.0465],"pipPosition":[10.2297,317.036,-30.7359],"stabilizedTipPosition":[-36.6559,362.322,133.344],"timeVisible":0.858577,"tipPosition":[10.1294,304.967,-66.0199],"tipVelocity":[26.0864,15.9343,-87.1934],"tool":false,"touchDistance":0.0439891,"touchZone":"hovering","type":1,"width":19.3376},{"bases":[[[0.999423,-0.0333191,0.00661043],[0.0320787,0.989782,0.138933],[-0.011172,-0.138641,0.99028]],[[0.99914,-0.0354075,0.021554],[0.0318338,0.322382,-0.946074],[0.0265495,0.945947,0.323232]],[[0.99914,-0.0354075,0.021554],[-0.00423545,-0.604456,-0.796627],[0.041235,0.795851,-0.604087]],[[0.99914,-0.0354075,0.021554],[-0.0210857,-0.881806,-0.471141],[0.0356884,0.470282,-0.881794]]],"btipPosition":[31.2446,247.276,31.9461],"carpPosition":[33.5874,314.649,82.8535],"dipPosition":[31.915,256.111,15.3798],"direction":[-0.041235,-0.795851,0.604087],"extended":false,"handId":545,"id":5452,"length":66.9886,"mcpPosition":[34.3667,324.319,13.7821],"pipPosition":[33.0873,278.736,-1.79366],"stabilizedTipPosition":[-11.2906,279.08,126.932],"timeVisible":0.858577,"tipPosition":[31.4359,249.588,27.7337],"tipVelocity":[28.7468,11.691,-82.145],"tool":false,"touchDistance":0.333333,"touchZone":"none","type":2,"width":18.9921},{"bases":[[[0.981605,-0.127877,0.141774],[0.103029,0.979948,0.170547],[-0.16074,-0.152803,0.975097]],[[0.980212,-0.129163,0.150005],[0.179737,0.263235,-0.947841],[0.0829391,0.956046,0.281242]],[[0.980212,-0.129163,0.150005],[0.0316147,-0.645913,-0.762756],[0.19541,0.752405,-0.629048]],[[0.980212,-0.129163,0.150005],[-0.0493395,-0.89329,-0.446764],[0.191703,0.430522,-0.881987]]],"btipPosition":[43.2087,253.232,42.5169],"carpPosition":[45.84,315.246,82.2472],"dipPosition":[46.7895,261.273,26.0422],"direction":[-0.19541,-0.752405,0.629048],"extended":false,"handId":545,"id":5453,"length":64.4113,"mcpPosition":[55.906,324.815,21.1834],"pipPosition":[52.2013,282.111,8.62097],"stabilizedTipPosition":[-7.40213,287.749,160.249],"timeVisible":0.858577,"tipPosition":[44.0412,255.224,38.2121],"tipVelocity":[29.7466,11.231,-82.4104],"tool":false,"touchDistance":0.333333,"touchZone":"none","type":3,"width":18.0722},{"bases":[[[0.925796,-0.304849,0.223537],[0.239841,0.930754,0.275995],[-0.292194,-0.201902,0.934804]],[[0.918429,-0.309661,0.246168],[0.341548,0.306771,-0.88839],[0.199583,0.900001,0.387511]],[[0.918429,-0.309661,0.246168],[0.0212457,-0.582776,-0.812355],[0.395015,0.751321,-0.528659]],[[0.918429,-0.309661,0.246168],[-0.141143,-0.837842,-0.527352],[0.36955,0.44959,-0.813205]]],"btipPosition":[54.2575,266.187,39.5094],"carpPosition":[58.4664,308.736,83.0477],"dipPosition":[60.6257,273.935,25.4961],"direction":[-0.395015,-0.751321,0.528659],"extended":false,"handId":545,"id":5454,"length":50.4973,"mcpPosition":[75.4048,320.44,28.8574],"pipPosition":[68.3496,288.626,15.1589],"stabilizedTipPosition":[-7.16384,305.887,206.544],"timeVisible":0.858577,"tipPosition":[55.8057,268.349,36.0441],"tipVelocity":[31.6524,7.35202,-89.6366],"tool":false,"touchDistance":0.333333,"touchZone":"none","type":4,"width":16.0532}],"r":[[0.897371,0.436402,0.0654076],[-0.419845,0.88999,-0.1779],[-0.135848,0.132181,0.981872]],"s":1.11873,"t":[59.1974,-48.0776,-228.324],"timestamp":522461876202},false],[4,{"currentFrameRate":109.599,"devices":[],"gestures":[],"hands":[{"armBasis":[[0.967269,0.100492,-0.233007],[-0.101902,0.994776,0.00600922],[0.232393,0.0179313,0.972457]],"armWidth":63.703,"confidence":0.707172,"direction":[0.0234262,0.289042,-0.95703],"elbow":[106.159,307.646,352.142],"grabStrength":0,"id":545,"palmNormal":[0.112945,-0.951929,-0.284736],"palmPosition":[37.6122,313.525,36.3348],"palmVelocity":[35.8732,14.3828,-78.0234],"palmWidth":90.9658,"pinchStrength":0.615866,"r":[[0.898066,0.434955,0.0655128],[-0.418499,0.890773,-0.17715],[-0.135409,0.131676,0.982001]],"s":1.11736,"sphereCenter":[41.9032,275.382,6.72172],"sphereRadius":46.3063,"stabilizedPalmPosition":[-18.3339,357.985,249.685],"t":[59.5039,-47.9448,-228.887],"timeVisible":0.867591,"type":"right","wrist":[43.4296,302.805,89.6491]}],"id":4180510,"interactionBox":{"center":[0,200,0],"size":[235.247,235.247,147.751]},"pointables":[{"bases":[[[0.303261,0.948644,0.0900384],[-0.859075,0.23129,0.456613],[0.412338,-0.215823,0.885098]],[[0.147085,0.966008,-0.212589],[-0.963483,0.188543,0.190136],[0.223755,0.17686,0.958464]],[[0.147085,0.966008,-0.212589],[-0.988831,0.138371,-0.0553863],[-0.0240875,0.218361,0.975571]],[[0.147085,0.966008,-0.212589],[-0.709437,-0.0467374,-0.703217],[-0.689249,0.254251,0.678448]]],"btipPosition":[22.04,266.43,-8.67637],"carpPosition":[16.2587,288.648,88.2828],"dipPosition":[5.9134,272.379,7.19752],"direction":[0.0240875,-0.218361,-0.975571],"extended":false,"handId":545,"id":5450,"length":52.1025,"mcpPosition":[16.2587,288.648,88.2828],"pipPosition":[5.09234,279.822,40.4513],"stabilizedTipPosition":[-40.8684,315.804,155.922],"timeVisible":0.867591,"tipPosition":[18.511,267.881,-5.09859],"tipVelocity":[34.3149,24.8966,-81.9358],"tool":false,"touchDistance":-0.403061,"touchZone":"hovering","type":0,"width":20.2446},{"bases":[[[0.983157,0.148512,-0.106521],[-0.13301,0.981139,0.140267],[0.125344,-0.123736,0.984367]],[[0.987039,0.143951,-0.0709372],[-0.14794,0.987489,-0.05459],[0.0621914,0.0643769,0.995986]],[[0.987039,0.143951,-0.0709372],[-0.157327,0.955181,-0.250754],[0.0316614,0.258665,0.965448]],[[0.987039,0.143951,-0.0709372],[-0.160287,0.906018,-0.391714],[0.00788252,0.398008,0.917348]]],"btipPosition":[9.5209,304.453,-70.1231],"carpPosition":[22.3108,311.166,84.054],"dipPosition":[9.65554,311.252,-54.4538],"direction":[-0.0316614,-0.258665,-0.965448],"extended":true,"handId":545,"id":5451,"length":58.7918,"mcpPosition":[13.0918,320.267,11.6538],"pipPosition":[10.4206,317.502,-31.1247],"stabilizedTipPosition":[-36.6447,362.309,133.295],"timeVisible":0.867591,"tipPosition":[10.1629,305.486,-66.4098],"tipVelocity":[20.6033,22.6061,-73.8671],"tool":false,"touchDistance":0.0381714,"touchZone":"hovering","type":1,"width":19.3376},{"bases":[[[0.999225,-0.0390211,0.00510881],[0.0379032,0.989167,0.141816],[-0.0105873,-0.141513,0.98988]],[[0.998951,-0.0411549,0.0200655],[0.0323656,0.324746,-0.945247],[0.0323854,0.944905,0.325737]],[[0.998951,-0.0411549,0.0200655],[-0.00875088,-0.601781,-0.798613],[0.0449418,0.7976,-0.60151]],[[0.998951,-0.0411549,0.0200655],[-0.0267246,-0.879946,-0.474321],[0.0371771,0.473287,-0.880123]]],"btipPosition":[31.1849,247.489,31.3109],"carpPosition":[33.9831,314.717,82.4158],"dipPosition":[31.8833,256.38,14.776],"direction":[-0.0449418,-0.7976,0.60151],"extended":false,"handId":545,"id":5452,"length":66.9886,"mcpPosition":[34.7216,324.588,13.3723],"pipPosition":[33.161,279.055,-2.3242],"stabilizedTipPosition":[-11.2179,279.03,126.762],"timeVisible":0.867591,"tipPosition":[31.3835,249.817,27.1144],"tipVelocity":[19.219,15.3651,-78.7135],"tool":false,"touchDistance":0.333333,"touchZone":"none","type":2,"width":18.9921},{"bases":[[[0.981057,-0.133876,0.140017],[0.10884,0.978836,0.173302],[-0.160254,-0.15478,0.974865]],[[0.979975,-0.134898,0.146466],[0.179449,0.279513,-0.943223],[0.0862997,0.950618,0.298123]],[[0.979975,-0.134898,0.146466],[0.0296532,-0.628489,-0.777253],[0.196902,0.766032,-0.611903]],[[0.979975,-0.134898,0.146466],[-0.0520422,-0.883506,-0.465521],[0.192201,0.448576,-0.872833]]],"btipPosition":[43.3756,252.884,40.6784],"carpPosition":[46.238,315.247,81.794],"dipPosition":[46.9657,261.263,24.3747],"direction":[-0.196902,-0.766032,0.611903],"extended":false,"handId":545,"id":5453,"length":64.4113,"mcpPosition":[56.2736,324.94,20.7448],"pipPosition":[52.4188,282.478,7.4283],"stabilizedTipPosition":[-7.30429,287.687,160.015],"timeVisible":0.867591,"tipPosition":[44.1503,255.096,36.8759],"tipVelocity":[26.7226,-0.0990782,-114.63],"tool":false,"touchDistance":0.333333,"touchZone":"none","type":3,"width":18.0722},{"bases":[[[0.924356,-0.31077,0.221334],[0.245516,0.928552,0.278411],[-0.292042,-0.20301,0.934611]],[[0.917146,-0.315512,0.243506],[0.341511,0.307176,-0.888264],[0.205459,0.897828,0.389476]],[[0.917146,-0.315512,0.243506],[0.0166326,-0.580146,-0.814343],[0.398204,0.750922,-0.526831]],[[0.917146,-0.315512,0.243506],[-0.146484,-0.83507,-0.530284],[0.370655,0.450678,-0.812099]]],"btipPosition":[54.3214,266.244,38.9062],"carpPosition":[58.8283,308.663,82.5576],"dipPosition":[60.7086,274.01,24.9119],"direction":[-0.398204,-0.750922,0.526831],"extended":false,"handId":545,"id":5454,"length":50.4973,"mcpPosition":[75.7579,320.431,28.3784],"pipPosition":[68.4949,288.693,14.6105],"stabilizedTipPosition":[-7.11145,305.855,206.401],"timeVisible":0.867591,"tipPosition":[55.8727,268.41,35.4483],"tipVelocity":[25.0327,7.19126,-83.2579],"tool":false,"touchDistance":0.333333,"touchZone":"none","type":4,"width":16.0532}],"r":[[0.898066,0.434955,0.0655128],[-0.418499,0.890773,-0.17715],[-0.135409,0.131676,0.982001]],"s":1.11736,"t":[59.5039,-47.9448,-228.887],"timestamp":522461885216},false],[5,{"currentFrameRate":109.681,"devices":[],"gestures":[],"hands":[{"armBasis":[[0.968231,0.0971634,-0.23041],[-0.0985409,0.995118,0.00554956],[0.229824,0.0173316,0.973078]],"armWidth":63.703,"confidence":0.708998,"direction":[0.0233193,0.290848,-0.956485],"elbow":[105.7,307.502,351.969],"grabStrength":0,"id":545,"palmNormal":[0.109553,-0.951727,-0.28673],"palmPosition":[37.8228,313.667,36.0208],"palmVelocity":[32.4773,14.7663,-66.2402],"palmWidth":90.9658,"pinchStrength":0.614758,"r":[[0.898915,0.433189,0.0655702],[-0.416884,0.891736,-0.176109],[-0.13476,0.130972,0.982184]],"s":1.11533,"sphereCenter":[41.9361,275.522,6.35421],"sphereRadius":46.2426,"stabilizedPalmPosition":[-18.3058,357.963,249.578],"t":[59.7624,-47.8076,-229.326],"timeVisible":0.876563,"type":"right","wrist":[43.6635,302.823,89.3075]}],"id":4180511,"interactionBox":{"center":[0,200,0],"size":[235.247,235.247,147.751]},"pointables":[{"bases":[[[0.306428,0.947479,0.0915703],[-0.857824,0.233168,0.458007],[0.412601,-0.218897,0.88422]],[[0.150149,0.965983,-0.210552],[-0.962945,0.191148,0.190261],[0.224035,0.174183,0.958889]],[[0.150149,0.965983,-0.210552],[-0.988299,0.140871,-0.0584801],[-0.0268301,0.216869,0.975832]],[[0.150149,0.965983,-0.210552],[-0.708378,-0.0434487,-0.704495],[-0.689678,0.25493,0.677757]]],"btipPosition":[22.3163,266.707,-9.02993],"carpPosition":[16.4455,288.757,87.9432],"dipPosition":[6.17968,272.672,6.82781],"direction":[0.0268301,-0.216869,-0.975832],"extended":false,"handId":545,"id":5450,"length":52.1025,"mcpPosition":[16.4455,288.757,87.9432],"pipPosition":[5.26514,280.064,40.0905],"stabilizedTipPosition":[-40.8094,315.757,155.762],"timeVisible":0.876563,"tipPosition":[18.6771,268.157,-5.45779],"tipVelocity":[33.2812,26.649,-70.4023],"tool":false,"touchDistance":-0.396447,"touchZone":"hovering","type":0,"width":20.2446},{"bases":[[[0.983516,0.145541,-0.107306],[-0.129681,0.981286,0.14234],[0.126014,-0.126078,0.983984]],[[0.987248,0.141148,-0.0736169],[-0.145326,0.987862,-0.0548608],[0.0649798,0.0648597,0.995777]],[[0.987248,0.141148,-0.0736169],[-0.155466,0.954321,-0.255151],[0.0342402,0.263342,0.964095]],[[0.987248,0.141148,-0.0736169],[-0.158864,0.90322,-0.398692],[0.0102178,0.405303,0.914125]]],"btipPosition":[9.50462,304.464,-70.3001],"carpPosition":[22.5658,311.263,83.752],"dipPosition":[9.67915,311.387,-54.6859],"direction":[-0.0342402,-0.263342,-0.964095],"extended":true,"handId":545,"id":5451,"length":58.7918,"mcpPosition":[13.2975,320.536,11.38],"pipPosition":[10.5065,317.751,-31.3896],"stabilizedTipPosition":[-36.6341,362.296,133.249],"timeVisible":0.876563,"tipPosition":[10.1281,305.717,-66.6454],"tipVelocity":[14.7439,17.6287,-59.4294],"tool":false,"touchDistance":0.0350092,"touchZone":"hovering","type":1,"width":19.3376},{"bases":[[[0.999099,-0.0422627,0.00393758],[0.0412589,0.988758,0.143718],[-0.00996724,-0.143426,0.989611]],[[0.998833,-0.0444302,0.0189256],[0.0323148,0.323669,-0.945618],[0.0358884,0.945127,0.324727]],[[0.998833,-0.0444302,0.0189256],[-0.0116283,-0.601627,-0.798692],[0.0468722,0.79754,-0.601442]],[[0.998833,-0.0444302,0.0189256],[-0.0300972,-0.879177,-0.475543],[0.0377674,0.474419,-0.879489]]],"btipPosition":[31.1715,247.655,31.0567],"carpPosition":[34.2478,314.78,82.108],"dipPosition":[31.8811,256.567,14.5337],"direction":[-0.0468722,-0.79754,0.601442],"extended":false,"handId":545,"id":5452,"length":66.9886,"mcpPosition":[34.943,324.784,13.0833],"pipPosition":[33.2136,279.241,-2.56455],"stabilizedTipPosition":[-11.1616,278.991,126.631],"timeVisible":0.876563,"tipPosition":[31.3727,249.976,26.8191],"tipVelocity":[13.626,16.3694,-64.8329],"tool":false,"touchDistance":0.333333,"touchZone":"none","type":2,"width":18.9921},{"bases":[[[0.98077,-0.137324,0.138679],[0.112196,0.978136,0.175106],[-0.159693,-0.156179,0.974734]],[[0.979926,-0.138135,0.14375],[0.178478,0.286561,-0.941291],[0.0888321,0.948051,0.305463]],[[0.979926,-0.138135,0.14375],[0.0276021,-0.6201,-0.784037],[0.197443,0.772266,-0.603839]],[[0.979926,-0.138135,0.14375],[-0.0541752,-0.878422,-0.474805],[0.191861,0.457486,-0.868272]]],"btipPosition":[43.4843,252.771,39.73],"carpPosition":[46.5036,315.271,81.4739],"dipPosition":[47.0681,261.317,23.5116],"direction":[-0.197443,-0.772266,0.603839],"extended":false,"handId":545,"id":5453,"length":64.4113,"mcpPosition":[56.5041,325.052,20.4328],"pipPosition":[52.5362,282.704,6.78847],"stabilizedTipPosition":[-7.23458,287.642,159.847],"timeVisible":0.876563,"tipPosition":[44.2337,255.061,36.1231],"tipVelocity":[22.6784,-2.33917,-111.586],"tool":false,"touchDistance":0.333333,"touchZone":"none","type":3,"width":18.0722},{"bases":[[[0.923585,-0.314193,0.21971],[0.248823,0.927203,0.279967],[-0.291679,-0.203904,0.93453]],[[0.916698,-0.318759,0.240951],[0.340894,0.309288,-0.887768],[0.208461,0.895954,0.392187]],[[0.916698,-0.318759,0.240951],[0.0146523,-0.575788,-0.817467],[0.399312,0.752901,-0.523154]],[[0.916698,-0.318759,0.240951],[-0.14852,-0.831618,-0.535119],[0.370953,0.454757,-0.809685]]],"btipPosition":[54.4126,266.235,38.3547],"carpPosition":[59.0733,308.645,82.2107],"dipPosition":[60.8049,274.071,24.402],"direction":[-0.399312,-0.752901,0.523154],"extended":false,"handId":545,"id":5454,"length":50.4973,"mcpPosition":[75.9819,320.465,28.0362],"pipPosition":[68.6129,288.793,14.1725],"stabilizedTipPosition":[-7.07144,305.831,206.293],"timeVisible":0.876563,"tipPosition":[55.9505,268.428,34.9634],"tipVelocity":[20.9957,5.44331,-76.9986],"tool":false,"touchDistance":0.333333,"touchZone":"none","type":4,"width":16.0532}],"r":[[0.898915,0.433189,0.0655702],[-0.416884,0.891736,-0.176109],[-0.13476,0.130972,0.982184]],"s":1.11533,"t":[59.7624,-47.8076,-229.326],"timestamp":522461894188},false],[6,{"currentFrameRate":109.713,"devices":[],"gestures":[],"hands":[{"armBasis":[[0.969038,0.0931131,-0.228683],[-0.0943413,0.995524,0.00557993],[0.228179,0.0161671,0.973485]],"armWidth":63.703,"confidence":0.711609,"direction":[0.0235395,0.292231,-0.956058],"elbow":[105.572,307.298,351.797],"grabStrength":0,"id":545,"palmNormal":[0.105329,-0.951725,-0.288313],"palmPosition":[38.1294,313.884,35.7621],"palmVelocity":[32.856,17.3043,-55.8396],"palmWidth":90.9658,"pinchStrength":0.622686,"r":[[0.899961,0.431012,0.0655628],[-0.414888,0.892901,-0.174914],[-0.133931,0.130214,0.982398]],"s":1.11323,"sphereCenter":[41.9836,275.728,6.04258],"sphereRadius":46.2049,"stabilizedPalmPosition":[-18.2728,357.937,249.453],"t":[60.0449,-47.6305,-229.675],"timeVisible":0.88562,"type":"right","wrist":[43.9799,302.934,89.0259]}],"id":4180512,"interactionBox":{"center":[0,200,0],"size":[235.247,235.247,147.751]},"pointables":[{"bases":[[[0.310431,0.946063,0.0927179],[-0.856384,0.235996,0.459251],[0.4126,-0.221968,0.883454]],[[0.154072,0.965713,-0.208948],[-0.962081,0.194802,0.190923],[0.22508,0.17161,0.959108]],[[0.154072,0.965713,-0.208948],[-0.987675,0.144629,-0.0598367],[-0.0275651,0.215592,0.976094]],[[0.154072,0.965713,-0.208948],[-0.708903,-0.039268,-0.704212],[-0.688272,0.256624,0.678547]]],"btipPosition":[22.5135,267.064,-9.34354],"carpPosition":[16.7026,288.982,87.668],"dipPosition":[6.40974,273.069,6.53268],"direction":[0.0275651,-0.215592,-0.976094],"extended":false,"handId":545,"id":5450,"length":52.1025,"mcpPosition":[16.7026,288.982,87.668],"pipPosition":[5.47014,280.418,39.8043],"stabilizedTipPosition":[-40.7413,315.703,155.577],"timeVisible":0.88562,"tipPosition":[18.8295,268.517,-5.76212],"tipVelocity":[30.3335,30.4625,-60.3966],"tool":false,"touchDistance":-0.389776,"touchZone":"hovering","type":0,"width":20.2446},{"bases":[[[0.983998,0.141647,-0.108096],[-0.125482,0.981591,0.14399],[0.126501,-0.128122,0.983658]],[[0.987587,0.137411,-0.0760937],[-0.141743,0.988387,-0.0547767],[0.0676831,0.0648825,0.995595]],[[0.987587,0.137411,-0.0760937],[-0.152629,0.953939,-0.258274],[0.037099,0.266682,0.96307]],[[0.987587,0.137411,-0.0760937],[-0.156527,0.901338,-0.403842],[0.0130937,0.41074,0.911658]]],"btipPosition":[9.5802,304.646,-70.4482],"carpPosition":[22.9115,311.47,83.5052],"dipPosition":[9.80386,311.662,-54.8761],"direction":[-0.037099,-0.266682,-0.96307],"extended":true,"handId":545,"id":5451,"length":58.7918,"mcpPosition":[13.6074,320.893,11.1572],"pipPosition":[10.7003,318.106,-31.6045],"stabilizedTipPosition":[-36.6225,362.282,133.199],"timeVisible":0.88562,"tipPosition":[10.1961,306.054,-66.8368],"tipVelocity":[13.322,18.9534,-47.8319],"tool":false,"touchDistance":0.03238,"touchZone":"hovering","type":1,"width":19.3376},{"bases":[[[0.998919,-0.046392,0.00284167],[0.0454883,0.988356,0.145203],[-0.00954485,-0.144917,0.989398]],[[0.998654,-0.0486177,0.0180746],[0.0331174,0.329466,-0.943586],[0.03992,0.942915,0.330633]],[[0.998654,-0.0486177,0.0180746],[-0.0144122,-0.594837,-0.803717],[0.0498263,0.802374,-0.594737]],[[0.998654,-0.0486177,0.0180746],[-0.0338681,-0.875134,-0.482694],[0.0392851,0.481432,-0.875603]]],"btipPosition":[31.1938,247.756,30.27],"carpPosition":[34.6062,314.94,81.8547],"dipPosition":[31.9318,256.801,13.82],"direction":[-0.0498263,-0.802374,0.594737],"extended":false,"handId":545,"id":5452,"length":66.9886,"mcpPosition":[35.272,325.048,12.8447],"pipPosition":[33.3483,279.611,-3.08766],"stabilizedTipPosition":[-11.119,278.962,126.53],"timeVisible":0.88562,"tipPosition":[31.401,250.135,26.2387],"tipVelocity":[10.7414,15.8745,-70.4027],"tool":false,"touchDistance":0.333333,"touchZone":"none","type":2,"width":18.9921},{"bases":[[[0.980337,-0.141586,0.137455],[0.116413,0.977392,0.176501],[-0.159337,-0.157029,0.974656]],[[0.97962,-0.142281,0.141777],[0.177695,0.284823,-0.941966],[0.0936424,0.947962,0.304301]],[[0.97962,-0.142281,0.141777],[0.0232671,-0.620716,-0.78369],[0.199507,0.771017,-0.604756]],[[0.97962,-0.142281,0.141777],[-0.0588135,-0.878101,-0.474846],[0.192056,0.45683,-0.868574]]],"btipPosition":[43.546,252.986,39.5526],"carpPosition":[46.8633,315.382,81.2086],"dipPosition":[47.1335,261.519,23.3285],"direction":[-0.199507,-0.771017,0.604756],"extended":false,"handId":545,"id":5453,"length":64.4113,"mcpPosition":[56.8415,325.216,20.1724],"pipPosition":[52.6587,282.872,6.58],"stabilizedTipPosition":[-7.18371,287.61,159.725],"timeVisible":0.88562,"tipPosition":[44.3029,255.249,35.8713],"tipVelocity":[18.3256,4.76644,-86.2306],"tool":false,"touchDistance":0.333333,"touchZone":"none","type":3,"width":18.0722},{"bases":[[[0.922505,-0.318343,0.218271],[0.252936,0.925733,0.281142],[-0.291561,-0.204146,0.934514]],[[0.915971,-0.322691,0.23847],[0.340645,0.311327,-0.887151],[0.212034,0.893838,0.39509]],[[0.915971,-0.322691,0.23847],[0.0124999,-0.571087,-0.820794],[0.40105,0.754804,-0.519066]],[[0.915971,-0.322691,0.23847],[-0.150991,-0.827843,-0.540257],[0.371752,0.458853,-0.807004]]],"btipPosition":[54.5646,266.274,37.8383],"carpPosition":[59.4063,308.703,81.9222],"dipPosition":[60.9707,274.181,23.9319],"direction":[-0.40105,-0.754804,0.519066],"extended":false,"handId":545,"id":5454,"length":50.4973,"mcpPosition":[76.308,320.537,27.7486],"pipPosition":[68.8127,288.94,13.7823],"stabilizedTipPosition":[-7.03998,305.812,206.207],"timeVisible":0.88562,"tipPosition":[56.0888,268.494,34.5273],"tipVelocity":[19.9303,5.61936,-71.1565],"tool":false,"touchDistance":0.333333,"touchZone":"none","type":4,"width":16.0532}],"r":[[0.899961,0.431012,0.0655628],[-0.414888,0.892901,-0.174914],[-0.133931,0.130214,0.982398]],"s":1.11323,"t":[60.0449,-47.6305,-229.675],"timestamp":522461903245},false],[7,{