{"sensorType":"Leap","data":[[0,{"currentFrameRate":91.5886,"devices":[],"gestures":[],"hands":[{"armBasis":[[0.883554,0.37136,-0.285347],[-0.411033,0.906922,-0.0924331],[0.224462,0.198957,0.953957]],"armWidth":63.703,"confidence":0.63903,"direction":[-0.221068,0.205081,-0.953452],"elbow":[126.951,379.62,341.747],"grabStrength":0,"id":500,"palmNormal":[0.354825,-0.893726,-0.274505],"palmPosition":[49.0373,330.087,32.5406],"palmVelocity":[77.7136,9.37879,-258.503],"palmWidth":90.9658,"pinchStrength":0.455534,"r":[[0.962067,0.272222,-0.0179761],[-0.272063,0.962219,0.0108175],[0.0202417,-0.00551654,0.99978]],"s":0.987842,"sphereCenter":[63.8942,296.189,3.88443],"sphereRadius":46.0308,"stabilizedPalmPosition":[18.0936,334.431,115.249],"t":[33.1226,-5.11741,-87.3026],"timeVisible":0.235209,"type":"right","wrist":[66.3622,325.916,84.2477]}],"id":4162748,"interactionBox":{"center":[0,200,0],"size":[235.247,235.247,147.751]},"pointables":[{"bases":[[[0.00504377,0.999944,0.00925319],[-0.803499,-0.00145588,0.595305],[0.595285,-0.0104375,0.803447]],[[-0.188003,0.94944,-0.251431],[-0.935854,-0.0954846,0.339205],[0.298047,0.299075,0.906489]],[[-0.188003,0.94944,-0.251431],[-0.98146,-0.191326,0.0113956],[-0.0372859,0.248912,0.967808]],[[-0.188003,0.94944,-0.251431],[-0.921176,-0.259259,-0.290205],[-0.340718,0.177053,0.923344]]],"btipPosition":[39.4282,276.641,-11.728],"carpPosition":[45.0591,304.193,88.1027],"dipPosition":[31.4562,280.783,9.87579],"direction":[0.0372859,-0.248912,-0.967808],"extended":false,"handId":500,"id":5000,"length":52.1025,"mcpPosition":[45.0591,304.193,88.1027],"pipPosition":[30.1853,289.268,42.865],"stabilizedTipPosition":[-5.47099,278.07,66.2494],"timeVisible":0.235209,"tipPosition":[36.643,276.117,-6.25148],"tipVelocity":[196.322,29.9015,-255.221],"tool":false,"touchDistance":-0.212378,"touchZone":"hovering","type":0,"width":20.2446},{"bases":[[[0.858407,0.427762,-0.283121],[-0.405852,0.903891,0.135149],[0.313722,-0.001107,0.949514]],[[0.871969,0.427255,-0.239005],[-0.46221,0.879374,-0.11429],[0.161344,0.210128,0.964269]],[[0.871969,0.427255,-0.239005],[-0.482703,0.831767,-0.274158],[0.0816609,0.354426,0.931512]],[[0.871969,0.427255,-0.239005],[-0.489088,0.781728,-0.386903],[0.0215304,0.454262,0.890608]]],"btipPosition":[10.7377,301.807,-66.7118],"carpPosition":[43.0829,327.075,82.2627],"dipPosition":[11.1055,309.567,-51.4993],"direction":[-0.0816609,-0.354426,-0.931512],"extended":true,"handId":500,"id":5001,"length":58.7918,"mcpPosition":[20.0086,327.156,12.426],"pipPosition":[13.0787,318.131,-28.9903],"stabilizedTipPosition":[-16.9104,313.101,6.96688],"timeVisible":0.235209,"tipPosition":[11.3642,303.086,-62.9418],"tipVelocity":[72.4951,-42.6453,-251.756],"tool":false,"touchDistance":-0.354796,"touchZone":"hovering","type":1,"width":19.3376},{"bases":[[[0.949426,0.263279,-0.171099],[-0.2479,0.962953,0.106152],[0.192708,-0.0583677,0.979519]],[[0.951453,0.262632,-0.160502],[-0.233461,0.275968,-0.932383],[-0.20058,0.924589,0.323886]],[[0.951453,0.262632,-0.160502],[0.175311,-0.891019,-0.41875],[-0.252988,0.370283,-0.893805]],[[0.951453,0.262632,-0.160502],[0.293678,-0.930724,0.217957],[-0.0921406,-0.254512,-0.96267]]],"btipPosition":[57.8081,287.595,38.0532],"carpPosition":[52.6607,333.823,78.4858],"dipPosition":[56.0771,282.813,19.9675],"direction":[0.252988,-0.370283,0.893805],"extended":false,"handId":500,"id":5002,"length":66.9886,"mcpPosition":[39.2195,337.894,10.165],"pipPosition":[48.8849,293.34,-5.44229],"stabilizedTipPosition":[16.6161,292.2,111.525],"timeVisible":0.235209,"tipPosition":[57.3231,287.093,34.348],"tipVelocity":[138.378,1.77631,-269.273],"tool":false,"touchDistance":0.333333,"touchZone":"none","type":2,"width":18.9921},{"bases":[[[0.983404,0.178474,-0.032602],[-0.173164,0.976951,0.124827],[0.0541289,-0.11711,0.991643]],[[0.980546,0.182905,-0.0712464],[-0.123415,0.292213,-0.948357],[-0.15264,0.9387,0.309101]],[[0.980546,0.182905,-0.0712464],[0.137923,-0.900252,-0.412945],[-0.139669,0.395084,-0.907965]],[[0.980546,0.182905,-0.0712464],[0.194128,-0.957346,0.214016],[-0.0290629,-0.223683,-0.974228]]],"btipPosition":[71.7223,296.596,43.1235],"carpPosition":[63.883,337.955,75.6869],"dipPosition":[71.1794,292.418,24.9259],"direction":[0.139669,-0.395084,0.907965],"extended":false,"handId":500,"id":5003,"length":64.4113,"mcpPosition":[60.4932,345.289,13.5869],"pipPosition":[67.3113,303.359,-0.219885],"stabilizedTipPosition":[31.2393,296.588,119.794],"timeVisible":0.235209,"tipPosition":[71.5463,296.231,39.5238],"tipVelocity":[127.409,14.7331,-287.127],"tool":false,"touchDistance":0.333333,"touchZone":"none","type":3,"width":18.0722},{"bases":[[[0.998063,-0.000170003,0.0622152],[-0.0126341,0.978607,0.205352],[-0.0609191,-0.20574,0.976709]],[[0.999838,0.00972852,0.015153],[0.0104308,0.373041,-0.927756],[-0.0146784,0.927764,0.372879]],[[0.999838,0.00972852,0.015153],[0.0156676,-0.884779,-0.465747],[0.00887599,0.465909,-0.884788]],[[0.999838,0.00972852,0.015153],[0.00723558,-0.987627,0.156652],[0.0164895,-0.156517,-0.987538]]],"btipPosition":[81.4364,308.255,38.9005],"carpPosition":[77.8438,335.537,74.383],"dipPosition":[81.7206,305.558,21.883],"direction":[-0.00887599,-0.465909,0.884788],"extended":false,"handId":500,"id":5004,"length":50.4973,"mcpPosition":[81.3753,347.464,17.7634],"pipPosition":[81.8941,314.668,4.58221],"stabilizedTipPosition":[42.9181,303.797,116.462],"timeVisible":0.235209,"tipPosition":[81.3702,307.89,35.333],"tipVelocity":[113.82,42.3045,-278.973],"tool":false,"touchDistance":0.333333,"touchZone":"none","type":4,"width":16.0532}],"r":[[0.962067,0.272222,-0.0179761],[-0.272063,0.962219,0.0108175],[0.0202417,-0.00551654,0.99978]],"s":0.987842,"t":[33.1226,-5.11741,-87.3026],"timestamp":522205836695},false],[1,{"currentFrameRate":92.5355,"devices":[],"gestures":[],"hands":[{"armBasis":[[0.881595,0.374461,-0.287349],[-0.414795,0.905144,-0.0930592],[0.225245,0.201231,0.953295]],"armWidth":63.703,"confidence":0.655347,"direction":[-0.223201,0.198695,-0.954307],"elbow":[127.64,380.597,339.857],"grabStrength":0,"id":500,"palmNormal":[0.358366,-0.893717,-0.269897],"palmPosition":[49.4302,330.081,30.8286],"palmVelocity":[68.7965,6.66058,-241.234],"palmWidth":90.9658,"pinchStrength":0.469083,"r":[[0.958192,0.285441,-0.0197973],[-0.285276,0.958385,0.0107887],[0.0220529,-0.00468994,0.999746]],"s":0.984899,"sphereCenter":[64.1335,296.008,2.34756],"sphereRadius":45.9701,"stabilizedPalmPosition":[18.0936,334.431,115.249],"t":[33.6726,-5.04181,-89.2794],"timeVisible":0.244014,"type":"right","wrist":[66.8404,326.279,82.5356]}],"id":4162749,"interactionBox":{"center":[0,200,0],"size":[235.247,235.247,147.751]},"pointables":[{"bases":[[[0.000690294,0.999993,0.00357011],[-0.80271,-0.001575,0.596367],[0.596369,-0.00327744,0.802704]],[[-0.191709,0.947601,-0.255537],[-0.935302,-0.0974918,0.340155],[0.297419,0.304215,0.904984]],[[-0.191709,0.947601,-0.255537],[-0.980662,-0.195393,0.0111399],[-0.0393741,0.252731,0.966735]],[[-0.191709,0.947601,-0.255537],[-0.919372,-0.264519,-0.291179],[-0.343516,0.179112,0.921909]]],"btipPosition":[40.1744,276.499,-13.1434],"carpPosition":[45.6374,304.486,86.5421],"dipPosition":[32.1371,280.689,8.42686],"direction":[0.0393741,-0.252731,-0.966735],"extended":false,"handId":500,"id":5000,"length":52.1025,"mcpPosition":[45.6374,304.486,86.5421],"pipPosition":[30.795,289.304,41.3795],"stabilizedTipPosition":[-4.06556,278.051,63.8609],"timeVisible":0.244014,"tipPosition":[37.3871,276.031,-7.68953],"tipVelocity":[165.792,17.8332,-229.994],"tool":false,"touchDistance":-0.236096,"touchZone":"hovering","type":0,"width":20.2446},{"bases":[[[0.856162,0.429883,-0.286682],[-0.409619,0.902867,0.130553],[0.314958,0.0056557,0.949089]],[[0.869609,0.429695,-0.24319],[-0.466011,0.877047,-0.116718],[0.163136,0.214829,0.962931]],[[0.869609,0.429695,-0.24319],[-0.486427,0.830058,-0.27275],[0.0846623,0.35548,0.930842]],[[0.869609,0.429695,-0.24319],[-0.493086,0.781157,-0.382963],[0.0254123,0.452942,0.891178]]],"btipPosition":[10.9018,301.356,-68.3044],"carpPosition":[43.5537,327.325,80.5749],"dipPosition":[11.3359,309.092,-53.0821],"direction":[-0.0846623,-0.35548,-0.930842],"extended":true,"handId":500,"id":5001,"length":58.7918,"mcpPosition":[20.3885,326.909,10.7695],"pipPosition":[13.3816,317.682,-30.5893],"stabilizedTipPosition":[-16.8522,313.08,6.81734],"timeVisible":0.244014,"tipPosition":[11.5748,302.582,-64.5196],"tipVelocity":[58.4462,-45.1391,-232.582],"tool":false,"touchDistance":-0.371504,"touchZone":"hovering","type":1,"width":19.3376},{"bases":[[[0.948044,0.266437,-0.173849],[-0.251963,0.962451,0.101012],[0.194234,-0.0519604,0.979578]],[[0.950035,0.265876,-0.163532],[-0.237792,0.277081,-0.930957],[-0.202207,0.923329,0.32646]],[[0.950035,0.265876,-0.163532],[0.175378,-0.888054,-0.424973],[-0.258215,0.37506,-0.890312]],[[0.950035,0.265876,-0.163532],[0.297049,-0.931031,0.211997],[-0.0958886,-0.249981,-0.963491]]],"btipPosition":[58.4355,287.258,36.1024],"carpPosition":[53.0971,334.093,76.7471],"dipPosition":[56.634,282.562,18.0013],"direction":[0.258215,-0.37506,0.890312],"extended":false,"handId":500,"id":5002,"length":66.9886,"mcpPosition":[39.5494,337.718,8.42209],"pipPosition":[49.2932,293.225,-7.30923],"stabilizedTipPosition":[16.9117,292.157,110.957],"timeVisible":0.244014,"tipPosition":[57.9298,286.841,32.5005],"tipVelocity":[119.789,-8.40378,-256.522],"tool":false,"touchDistance":0.333333,"touchZone":"none","type":2,"width":18.9921},{"bases":[[[0.982573,0.18257,-0.0349174],[-0.177265,0.97688,0.119508],[0.0559288,-0.111236,0.992219]],[[0.979691,0.186718,-0.0730946],[-0.126355,0.291823,-0.94809],[-0.155694,0.93807,0.309489]],[[0.979691,0.186718,-0.0730946],[0.140307,-0.898775,-0.415352],[-0.143249,0.39666,-0.906719]],[[0.979691,0.186718,-0.0730946],[0.198219,-0.956843,0.21251],[-0.0302608,-0.222682,-0.974421]]],"btipPosition":[72.2821,296.497,41.2622],"carpPosition":[64.2975,338.259,73.9099],"dipPosition":[71.7168,292.338,23.061],"direction":[0.143249,-0.39666,0.90672],"extended":false,"handId":500,"id":5003,"length":64.4113,"mcpPosition":[60.7951,345.224,11.7739],"pipPosition":[67.7496,303.323,-2.05029],"stabilizedTipPosition":[31.4109,296.584,119.447],"timeVisible":0.244014,"tipPosition":[72.102,296.175,37.72],"tipVelocity":[110.046,7.87563,-266.74],"tool":false,"touchDistance":0.333333,"touchZone":"none","type":3,"width":18.0722},{"bases":[[[0.998134,0.00453333,0.0608928],[-0.0166393,0.979693,0.19981],[-0.0587504,-0.200451,0.977941]],[[0.999814,0.0143476,0.0129124],[0.00681212,0.363632,-0.931518],[-0.0180603,0.931432,0.363467]],[[0.999814,0.0143476,0.0129124],[0.0186685,-0.888781,-0.457951],[0.00490579,0.458107,-0.888884]],[[0.999814,0.0143476,0.0129124],[0.0120503,-0.986533,0.163117],[0.0150788,-0.162931,-0.986522]]],"btipPosition":[81.9555,308.439,37.4426],"carpPosition":[78.2671,335.894,72.6012],"dipPosition":[82.2153,305.631,20.4426],"direction":[-0.00490579,-0.458107,0.888884],"extended":false,"handId":500,"id":5004,"length":50.4973,"mcpPosition":[81.6728,347.514,15.9102],"pipPosition":[82.3112,314.589,3.06176],"stabilizedTipPosition":[43.048,303.81,116.187],"timeVisible":0.244014,"tipPosition":[81.8832,308.034,33.7933],"tipVelocity":[98.8594,35.7484,-248.286],"tool":false,"touchDistance":0.333333,"touchZone":"none","type":4,"width":16.0532}],"r":[[0.958192,0.285441,-0.0197973],[-0.285276,0.958385,0.0107887],[0.0220529,-0.00468994,0.999746]],"s":0.984899,"t":[33.6726,-5.04181,-89.2794],"timestamp":522205845500},false],[2,{"currentFrameRate":93.3638,"devices":[],"gestures":[],"hands":[{"armBasis":[[0.876379,0.385145,-0.289177],[-0.424579,0.901262,-0.0863694],[0.227359,0.198471,0.953371]],"armWidth":63.703,"confidence":0.667213,"direction":[-0.228712,0.196766,-0.953401],"elbow":[128.881,380.215,338.335],"grabStrength":0,"id":500,"palmNormal":[0.367141,-0.889607,-0.271673],"palmPosition":[49.8777,330.281,29.3495],"palmVelocity":[63.6052,10.9619,-220.29],"palmWidth":90.9658,"pinchStrength":0.475794,"r":[[0.954296,0.298061,-0.0218943],[-0.297882,0.954538,0.0110974],[0.0242067,-0.00406826,0.999699]],"s":0.982638,"sphereCenter":[64.5744,296.336,0.807647],"sphereRadius":45.9104,"stabilizedPalmPosition":[18.0936,334.431,115.249],"t":[34.1714,-4.90366,-91.0073],"timeVisible":0.25299,"type":"right","wrist":[67.5101,326.642,80.9928]}],"id":4162750,"interactionBox":{"center":[0,200,0],"size":[235.247,235.247,147.751]},"pointables":[{"bases":[[[-0.0102047,0.999939,0.00414855],[-0.800542,-0.0106557,0.599182],[0.59919,0.00279341,0.800602]],[[-0.202307,0.945951,-0.253472],[-0.933242,-0.107759,0.342707],[0.29687,0.305883,0.904602]],[[-0.202307,0.945951,-0.253472],[-0.978482,-0.205966,0.012312],[-0.0405599,0.250508,0.967264]],[[-0.202307,0.945951,-0.253472],[-0.916606,-0.274033,-0.291101],[-0.344827,0.173442,0.922503]]],"btipPosition":[41.1958,276.755,-14.6373],"carpPosition":[46.5603,304.616,85.0611],"dipPosition":[33.1278,280.813,6.94687],"direction":[0.0405599,-0.250508,-0.967264],"extended":false,"handId":500,"id":5000,"length":52.1025,"mcpPosition":[46.5603,304.616,85.0611],"pipPosition":[31.7452,289.352,39.9175],"stabilizedTipPosition":[-2.68704,278.039,61.5255],"timeVisible":0.25299,"tipPosition":[38.4284,276.291,-9.20004],"tipVelocity":[151.329,19.8258,-212.483],"tool":false,"touchDistance":-0.260941,"touchZone":"hovering","type":0,"width":20.2446},{"bases":[[[0.850408,0.439353,-0.289438],[-0.418981,0.898273,0.132516],[0.318215,0.00857652,0.94798]],[[0.863903,0.439293,-0.24636],[-0.475608,0.872495,-0.112024],[0.165737,0.213948,0.962682]],[[0.863903,0.439293,-0.24636],[-0.496025,0.826917,-0.264891],[0.0873548,0.351041,0.932276]],[[0.863903,0.439293,-0.24636],[-0.502871,0.779657,-0.37317],[0.0281457,0.44627,0.894456]]],"btipPosition":[11.0917,301.51,-69.7632],"carpPosition":[44.2066,327.435,79.1146],"dipPosition":[11.5724,309.132,-54.485],"direction":[-0.0873548,-0.351041,-0.932276],"extended":true,"handId":500,"id":5001,"length":58.7918,"mcpPosition":[20.8018,326.804,9.39066],"pipPosition":[13.6833,317.615,-31.9575],"stabilizedTipPosition":[-16.8058,313.064,6.69646],"timeVisible":0.25299,"tipPosition":[11.805,302.66,-65.9579],"tipVelocity":[48.5568,-28.873,-212.996],"tool":false,"touchDistance":-0.384376,"touchZone":"hovering","type":1,"width":19.3376},{"bases":[[[0.944464,0.276859,-0.177023],[-0.262089,0.95959,0.102455],[0.198235,-0.0503698,0.978859]],[[0.946462,0.276323,-0.166899],[-0.244983,0.278137,-0.928775],[-0.210221,0.919937,0.330941]],[[0.946462,0.276323,-0.166899],[0.181889,-0.883606,-0.431459],[-0.266695,0.378003,-0.88656]],[[0.946462,0.276323,-0.166899],[0.307413,-0.92929,0.204738],[-0.0985232,-0.245083,-0.964483]]],"btipPosition":[59.3981,287.351,34.3586],"carpPosition":[53.662,334.309,75.2571],"dipPosition":[57.5472,282.746,16.2389],"direction":[0.266695,-0.378003,0.886559],"extended":false,"handId":500,"id":5002,"length":66.9886,"mcpPosition":[39.8353,337.822,6.98227],"pipPosition":[49.9654,293.493,-8.96497],"stabilizedTipPosition":[17.1899,292.118,110.422],"timeVisible":0.25299,"tipPosition":[58.8749,286.966,30.7813],"tipVelocity":[116.006,-2.63688,-239.599],"tool":false,"touchDistance":0.333333,"touchZone":"none","type":2,"width":18.9921},{"bases":[[[0.980394,0.193298,-0.0382624],[-0.187489,0.974823,0.120698],[0.0606296,-0.111158,0.991952]],[[0.977376,0.197388,-0.0759861],[-0.133302,0.295937,-0.94586],[-0.164214,0.934591,0.315554]],[[0.977376,0.197388,-0.0759861],[0.147672,-0.89403,-0.42297],[-0.151423,0.40218,-0.902952]],[[0.977376,0.197388,-0.0759861],[0.209052,-0.956131,0.205212],[-0.0321463,-0.216454,-0.975763]]],"btipPosition":[73.1387,296.718,39.4019],"carpPosition":[64.8064,338.598,72.383],"dipPosition":[72.5382,292.674,21.1756],"direction":[0.151423,-0.40218,0.902952],"extended":false,"handId":500,"id":5003,"length":64.4113,"mcpPosition":[61.0095,345.559,10.2637],"pipPosition":[68.3446,303.813,-3.83131],"stabilizedTipPosition":[31.5692,296.581,119.127],"timeVisible":0.25299,"tipPosition":[72.9489,296.441,35.8985],"tipVelocity":[105.796,13.2611,-250.618],"tool":false,"touchDistance":0.333333,"touchZone":"none","type":3,"width":18.0722},{"bases":[[[0.998233,0.0153893,0.0573891],[-0.0266213,0.979345,0.200437],[-0.0531192,-0.20161,0.978024]],[[0.99964,0.0253881,0.00872109],[-0.00107967,0.36264,-0.931929],[-0.0268225,0.931584,0.362536]],[[0.99964,0.0253881,0.00872109],[0.0265647,-0.888809,-0.457506],[-0.00386382,0.457573,-0.889164]],[[0.99964,0.0253881,0.00872109],[0.0236307,-0.986373,0.162817],[0.0127359,-0.162553,-0.986618]]],"btipPosition":[82.6797,308.997,35.9004],"carpPosition":[78.7962,336.387,71.0239],"dipPosition":[82.8992,306.196,18.8988],"direction":[0.00386382,-0.457573,0.889163],"extended":false,"handId":500,"id":5004,"length":50.4973,"mcpPosition":[81.8755,348.074,14.3281],"pipPosition":[82.8236,315.143,1.51251],"stabilizedTipPosition":[43.1724,303.825,115.923],"timeVisible":0.25299,"tipPosition":[82.5953,308.582,32.2166],"tipVelocity":[93.5975,43.0336,-227.345],"tool":false,"touchDistance":0.333333,"touchZone":"none","type":4,"width":16.0532}],"r":[[0.954296,0.298061,-0.0218943],[-0.297882,0.954538,0.0110974],[0.0242067,-0.00406826,0.999699]],"s":0.982638,"t":[34.1714,-4.90366,-91.0073],"timestamp":522205854476},false],[3,{"currentFrameRate":94.1736,"devices":[],"gestures":[],"hands":[{"armBasis":[[0.872061,0.394076,-0.290198],[-0.433333,0.897345,-0.0836344],[0.227449,0.198686,0.953305]],"armWidth":63.703,"confidence":0.674501,"direction":[-0.233912,0.193897,-0.952727],"elbow":[129.543,380.58,337.212],"grabStrength":0,"id":500,"palmNormal":[0.374696,-0.886241,-0.27236],"palmPosition":[50.302,330.383,28.3048],"palmVelocity":[59.2029,11.0853,-192.069],"palmWidth":90.9658,"pinchStrength":0.480606,"r":[[0.950447,0.309937,-0.0242755],[-0.309744,0.950751,0.0114472],[0.0266279,-0.0033607,0.99964]],"s":0.98033,"sphereCenter":[64.9837,296.479,-0.279308],"sphereRadius":45.8421,"stabilizedPalmPosition":[18.0936,334.431,115.249],"t":[34.6329,-4.78358,-92.3936],"timeVisible":0.261927,"type":"right","wrist":[68.1485,326.949,79.8885]}],"id":4162751,"interactionBox":{"center":[0,200,0],"size":[235.247,235.247,147.751]},"pointables":[{"bases":[[[-0.0197692,0.999798,0.0035159],[-0.798307,-0.017902,0.601984],[0.601926,0.00909398,0.7985]],[[-0.211744,0.944084,-0.252723],[-0.931177,-0.116361,0.345499],[0.296773,0.308487,0.903748]],[[-0.211744,0.944084,-0.252723],[-0.976463,-0.215221,0.0141393],[-0.0410426,0.249769,0.967435]],[[-0.211744,0.944084,-0.252723],[-0.914277,-0.28272,-0.290117],[-0.345345,0.169629,0.923018]]],"btipPosition":[42.094,276.85,-15.6289],"carpPosition":[47.4251,304.727,84.0447],"dipPosition":[34.0138,280.818,5.9673],"direction":[0.0410426,-0.249769,-0.967435],"extended":false,"handId":500,"id":5000,"length":52.1025,"mcpPosition":[47.4251,304.727,84.0447],"pipPosition":[32.6148,289.332,38.9438],"stabilizedTipPosition":[-1.35018,278.03,59.2772],"timeVisible":0.261927,"tipPosition":[39.3501,276.398,-10.2043],"tipVelocity":[137.37,16.6877,-184.687],"tool":false,"touchDistance":-0.277422,"touchZone":"hovering","type":0,"width":20.2446},{"bases":[[[0.845145,0.447275,-0.292703],[-0.427102,0.894312,0.133379],[0.321425,0.0122892,0.946855]],[[0.858687,0.447377,-0.25002],[-0.483866,0.868476,-0.107807],[0.168906,0.213549,0.96222]],[[0.858687,0.447377,-0.25002],[-0.504431,0.823997,-0.258026],[0.0905812,0.347682,0.933227]],[[0.858687,0.447377,-0.25002],[-0.511539,0.778021,-0.364707],[0.0313596,0.441064,0.896927]]],"btipPosition":[11.2122,301.507,-70.7491],"carpPosition":[44.8321,327.518,78.0912],"dipPosition":[11.7478,309.04,-55.4287],"direction":[-0.0905812,-0.347682,-0.933227],"extended":true,"handId":500,"id":5001,"length":58.7918,"mcpPosition":[21.1913,326.614,8.45004],"pipPosition":[13.9366,317.442,-32.8782],"stabilizedTipPosition":[-16.7702,313.052,6.60286],"timeVisible":0.261927,"tipPosition":[11.9677,302.587,-66.9277],"tipVelocity":[39.369,-21.7103,-184.675],"tool":false,"touchDistance":-0.388916,"touchZone":"hovering","type":1,"width":19.3376},{"bases":[[[0.941145,0.285767,-0.180509],[-0.270911,0.957107,0.10273],[0.202123,-0.0477818,0.978194]],[[0.943158,0.285265,-0.170519],[-0.251521,0.277309,-0.927274],[-0.217232,0.917455,0.333296]],[[0.943158,0.285265,-0.170519],[0.18765,-0.880562,-0.435199],[-0.2743,0.378464,-0.884039]],[[0.943158,0.285265,-0.170519],[0.316644,-0.927144,0.200352],[-0.100942,-0.242958,-0.964771]]],"btipPosition":[60.2721,287.407,33.1643],"carpPosition":[54.2078,334.479,74.1962],"dipPosition":[58.3757,282.843,15.0392],"direction":[0.2743,-0.378464,0.884039],"extended":false,"handId":500,"id":5002,"length":66.9886,"mcpPosition":[40.1098,337.812,5.96776],"pipPosition":[50.5777,293.602,-10.093],"stabilizedTipPosition":[17.4562,292.082,109.914],"timeVisible":0.261927,"tipPosition":[59.7344,287.035,29.6003],"tipVelocity":[110.717,0.0846067,-210.713],"tool":false,"touchDistance":0.333333,"touchZone":"none","type":2,"width":18.9921},{"bases":[[[0.978358,0.202652,-0.0418189],[-0.196397,0.973067,0.120701],[0.0651529,-0.109876,0.991808]],[[0.975256,0.2066,-0.0786961],[-0.141351,0.309002,-0.940499],[-0.16999,0.92835,0.330559]],[[0.975256,0.2066,-0.0786961],[0.15168,-0.884251,-0.441694],[-0.160841,0.418828,-0.893708]],[[0.975256,0.2066,-0.0786961],[0.218057,-0.957582,0.188383],[-0.036438,-0.200882,-0.978938]]],"btipPosition":[73.9484,296.439,37.4412],"carpPosition":[65.3004,338.872,71.2803],"dipPosition":[73.2678,292.687,19.1556],"direction":[0.160841,-0.418828,0.893708],"extended":false,"handId":500,"id":5003,"length":64.4113,"mcpPosition":[61.2203,345.753,9.17001],"pipPosition":[68.8133,304.286,-5.5953],"stabilizedTipPosition":[31.7111,296.578,118.838],"timeVisible":0.261927,"tipPosition":[73.7352,296.337,34.108],"tipVelocity":[101.086,3.17328,-242.512],"tool":false,"touchDistance":0.333333,"touchZone":"none","type":3,"width":18.0722},{"bases":[[[0.998234,0.0249896,0.0538885],[-0.0353027,0.979185,0.199874],[-0.0477721,-0.201423,0.978339]],[[0.999374,0.0350457,0.00482446],[-0.00821596,0.362578,-0.931917],[-0.034409,0.931294,0.362639]],[[0.999374,0.0350457,0.00482446],[0.033368,-0.88854,-0.457583],[-0.0117496,0.457458,-0.889154]],[[0.999374,0.0350457,0.00482446],[0.0337913,-0.986044,0.163022],[0.0104704,-0.162757,-0.986611]]],"btipPosition":[83.3409,309.41,34.7281],"carpPosition":[79.3059,336.795,69.8737],"dipPosition":[83.5213,306.605,17.7266],"direction":[0.0117496,-0.457458,0.889154],"extended":false,"handId":500,"id":5004,"length":50.4973,"mcpPosition":[82.0752,348.471,13.1597],"pipPosition":[83.2916,315.55,0.340499],"stabilizedTipPosition":[43.2934,303.84,115.667],"timeVisible":0.261927,"tipPosition":[83.2452,308.991,31.0498],"tipVelocity":[87.9691,43.8798,-201.095],"tool":false,"touchDistance":0.333333,"touchZone":"none","type":4,"width":16.0532}],"r":[[0.950447,0.309937,-0.0242755],[-0.309744,0.950751,0.0114472],[0.0266279,-0.0033607,0.99964]],"s":0.98033,"t":[34.6329,-4.78358,-92.3936],"timestamp":522205863413},false],[4,{"currentFrameRate":94.8399,"devices":[],"gestures":[],"hands":[{"armBasis":[[0.865631,0.40335,-0.296635],[-0.445202,0.891151,-0.0874311],[0.229082,0.207746,0.95098]],"armWidth":63.703,"confidence":0.692419,"direction":[-0.241087,0.192444,-0.951232],"elbow":[130.61,383.248,334.732],"grabStrength":0,"id":500,"palmNormal":[0.383971,-0.881255,-0.275603],"palmPosition":[50.6254,330.465,26.5482],"palmVelocity":[52.5246,10.4778,-191.922],"palmWidth":90.9658,"pinchStrength":0.487615,"r":[[0.946456,0.321696,-0.0270482],[-0.321473,0.946838,0.0123535],[0.0295844,-0.00299677,0.999558]],"s":0.977862,"sphereCenter":[65.2272,296.67,-2.10216],"sphereRadius":45.7322,"stabilizedPalmPosition":[18.0945,334.431,115.246],"t":[35.0253,-4.68269,-93.9651],"timeVisible":0.271098,"type":"right","wrist":[68.7748,327.172,78.0353]}],"id":4162752,"interactionBox":{"center":[0,200,0],"size":[235.247,235.247,147.751]},"pointables":[{"bases":[[[-0.0318147,0.999481,0.00513169],[-0.794955,-0.0284158,0.606003],[0.605834,0.0152003,0.795446]],[[-0.220861,0.943911,-0.245465],[-0.928369,-0.126329,0.34953],[0.298915,0.30508,0.904199]],[[-0.220861,0.943911,-0.245465],[-0.974186,-0.22556,0.00917359],[-0.0467081,0.241155,0.969362]],[[-0.220861,0.943911,-0.245465],[-0.908511,-0.29065,-0.300217],[-0.354723,0.156701,0.921746]]],"btipPosition":[43.317,277.583,-17.469],"carpPosition":[48.3424,304.695,82.263],"dipPosition":[35.0174,281.25,4.09745],"direction":[0.0467081,-0.241155,-0.969362],"extended":false,"handId":500,"id":5000,"length":52.1025,"mcpPosition":[48.3424,304.695,82.263],"pipPosition":[33.4253,289.47,37.1396],"stabilizedTipPosition":[-0.0206109,278.043,57.045],"timeVisible":0.271098,"tipPosition":[40.5065,276.992,-12.0701],"tipVelocity":[134.715,32.242,-189.346],"tool":false,"touchDistance":-0.305717,"touchZone":"hovering","type":0,"width":20.2446},{"bases":[[[0.838183,0.457873,-0.296313],[-0.437178,0.888895,0.136902],[0.326075,0.0147925,0.945228]],[[0.851819,0.458078,-0.254103],[-0.49454,0.863178,-0.101752],[0.172726,0.212338,0.96181]],[[0.851819,0.458078,-0.254103],[-0.51536,0.819746,-0.24984],[0.0938539,0.343773,0.934351]],[[0.851819,0.458078,-0.254103],[-0.52272,0.774952,-0.355265],[0.0341786,0.435446,0.899566]]],"btipPosition":[11.1911,301.508,-72.418],"carpPosition":[45.4443,327.461,76.3574],"dipPosition":[11.7749,308.946,-57.0524],"direction":[-0.0938539,-0.343773,-0.934351],"extended":true,"handId":500,"id":5001,"length":58.7918,"mcpPosition":[21.4615,326.373,6.83582],"pipPosition":[14.0428,317.253,-34.4748],"stabilizedTipPosition":[-16.7438,313.042,6.53201],"timeVisible":0.271098,"tipPosition":[11.9791,302.544,-68.59],"tipVelocity":[28.0806,-16.2718,-183.604],"tool":false,"touchDistance":-0.403234,"touchZone":"hovering","type":1,"width":19.3376},{"bases":[[[0.936696,0.297373,-0.184853],[-0.281914,0.953616,0.105555],[0.207668,-0.0467603,0.977081]],[[0.938759,0.296882,-0.174908],[-0.259738,0.276134,-0.925357],[-0.226424,0.914118,0.336335]],[[0.938759,0.296882,-0.174908],[0.195558,-0.876973,-0.438948],[-0.283706,0.377862,-0.881324]],[[0.938759,0.296882,-0.174908],[0.328638,-0.924005,0.19548],[-0.103581,-0.24099,-0.964984]]],"btipPosition":[61.1528,287.539,31.2514],"carpPosition":[54.7153,334.541,72.4253],"dipPosition":[59.2069,283.011,13.1223],"direction":[0.283706,-0.377862,0.881324],"extended":false,"handId":500,"id":5002,"length":66.9886,"mcpPosition":[40.2306,337.802,4.27446],"pipPosition":[51.1414,293.753,-11.9327],"stabilizedTipPosition":[17.7142,292.049,109.42],"timeVisible":0.271098,"tipPosition":[60.5984,287.167,27.6784],"tipVelocity":[106.273,4.32108,-210.146],"tool":false,"touchDistance":0.333333,"touchZone":"none","type":2,"width":18.9921},{"bases":[[[0.975615,0.214511,-0.0464802],[-0.207507,0.970448,0.123172],[0.0715283,-0.110523,0.991296]],[[0.972317,0.218438,-0.0829727],[-0.149991,0.311183,-0.938439],[-0.179171,0.924905,0.335332]],[[0.972317,0.218438,-0.0829727],[0.159098,-0.878954,-0.449587],[-0.171136,0.42394,-0.889374]],[[0.972317,0.218438,-0.0829727],[0.230161,-0.956587,0.178792],[-0.0403157,-0.19294,-0.980382]]],"btipPosition":[74.7555,296.543,35.3464],"carpPosition":[65.7391,339.072,69.4597],"dipPosition":[74.0025,292.939,17.0339],"direction":[0.171136,-0.42394,0.889374],"extended":false,"handId":500,"id":5003,"length":64.4113,"mcpPosition":[61.2598,345.993,7.38149],"pipPosition":[69.2629,304.68,-7.59703],"stabilizedTipPosition":[31.8414,296.575,118.571],"timeVisible":0.271098,"tipPosition":[74.5175,296.486,31.9882],"tipVelocity":[96.9307,6.49466,-238.767],"tool":false,"touchDistance":0.333333,"touchZone":"none","type":3,"width":18.0722},{"bases":[[[0.998122,0.0369631,0.0488556],[-0.0460972,0.978396,0.201535],[-0.0403508,-0.203408,0.978262]],[[0.998869,0.0474937,-0.0020965],[-0.0195303,0.369749,-0.928926],[-0.043343,0.927917,0.370259]],[[0.998869,0.0474937,-0.0020965],[0.0410693,-0.884286,-0.465137],[-0.0239449,0.464524,-0.885236]],[[0.998869,0.0474937,-0.0020965],[0.0472339,-0.986479,0.156932],[0.00538511,-0.156853,-0.987607]]],"btipPosition":[84.008,309.775,32.509],"carpPosition":[79.7613,337.166,67.9789],"dipPosition":[84.1008,307.072,15.4903],"direction":[0.0239449,-0.464525,0.885237],"extended":false,"handId":500,"id":5004,"length":50.4973,"mcpPosition":[82.1004,348.957,11.2693],"pipPosition":[83.6326,316.156,-1.81924],"stabilizedTipPosition":[43.4083,303.855,115.421],"timeVisible":0.271098,"tipPosition":[83.8803,309.398,28.9068],"tipVelocity":[83.1083,43.4692,-212.621],"tool":false,"touchDistance":0.333333,"touchZone":"none","type":4,"width":16.0532}],"r":[[0.946456,0.321696,-0.0270482],[-0.321473,0.946838,0.0123535],[0.0295844,-0.00299677,0.999558]],"s":0.977862,"t":[35.0253,-4.68269,-93.9651],"timestamp":522205872584},false],[5,{"currentFrameRate":95.5112,"devices":[],"gestures":[],"hands":[{"armBasis":[[0.857552,0.418002,-0.299799],[-0.459562,0.884404,-0.0814421],[0.231101,0.207617,0.95052]],"armWidth":63.703,"confidence":0.704081,"direction":[-0.250241,0.189102,-0.949537],"elbow":[131.788,383.711,332.577],"grabStrength":0,"id":500,"palmNormal":[0.396073,-0.874926,-0.278624],"palmPosition":[50.8763,330.702,24.638],"palmVelocity":[45.6158,14.7975,-196.93],"palmWidth":90.9658,"pinchStrength":0.51112,"r":[[0.942063,0.334053,-0.0304379],[-0.333785,0.94255,0.0136388],[0.0332453,-0.00268887,0.999444]],"s":0.974528,"sphereCenter":[65.5177,296.94,-4.06283],"sphereRadius":45.6071,"stabilizedPalmPosition":[18.0982,334.43,115.236],"t":[35.347,-4.51368,-95.7059],"timeVisible":0.280194,"type":"right","wrist":[69.4078,327.669,76.005]}],"id":4162753,"interactionBox":{"center":[0,200,0],"size":[235.247,235.247,147.751]},"pointables":[{"bases":[[[-0.0475854,0.998849,0.00596028],[-0.790474,-0.0413049,0.611101],[0.610644,0.024368,0.79153]],[[-0.230428,0.944479,-0.234226],[-0.925634,-0.138495,0.352166],[0.300175,0.297957,0.906155]],[[-0.230428,0.944479,-0.234226],[-0.97164,-0.236454,0.00242367],[-0.0530945,0.228142,0.972179]],[[-0.230428,0.944479,-0.234226],[-0.904196,-0.296777,-0.307169],[-0.359627,0.141006,0.92238]]],"btipPosition":[44.6054,278.925,-19.5901],"carpPosition":[49.3612,304.87,80.3504],"dipPosition":[36.191,282.224,1.99114],"direction":[0.0530945,-0.228142,-0.972179],"extended":false,"handId":500,"id":5000,"length":52.1025,"mcpPosition":[49.3612,304.87,80.3504],"pipPosition":[34.3812,290.001,35.1293],"stabilizedTipPosition":[1.27354,278.093,54.8723],"timeVisible":0.280194,"tipPosition":[41.7989,278.083,-14.1565],"tipVelocity":[135.831,61.5961,-201.391],"tool":false,"touchDistance":-0.335245,"touchZone":"hovering","type":0,"width":20.2446},{"bases":[[[0.828905,0.47123,-0.301428],[-0.450289,0.881796,0.140274],[0.331899,0.0194561,0.943114]],[[0.842686,0.47163,-0.259704],[-0.508655,0.855505,-0.0968574],[0.176497,0.21372,0.960819]],[[0.842686,0.47163,-0.259704],[-0.529773,0.812366,-0.243725],[0.0960264,0.342967,0.934426]],[[0.842686,0.47163,-0.259704],[-0.537258,0.768076,-0.348444],[0.0351352,0.433157,0.900634]]],"btipPosition":[11.1529,301.294,-74.1196],"carpPosition":[46.0653,327.591,74.4777],"dipPosition":[11.753,308.693,-58.7358],"direction":[-0.0960264,-0.342967,-0.934426],"extended":true,"handId":500,"id":5001,"length":58.7918,"mcpPosition":[21.6541,326.16,5.11167],"pipPosition":[14.0734,316.98,-36.1564],"stabilizedTipPosition":[-16.7253,313.036,6.48105],"timeVisible":0.280194,"tipPosition":[11.9571,302.331,-70.2985],"tipVelocity":[19.2512,-18.5627,-184.438],"tool":false,"touchDistance":-0.416706,"touchZone":"hovering","type":1,"width":19.3376},{"bases":[[[0.930661,0.312251,-0.190706],[-0.296274,0.948981,0.107966],[0.214689,-0.0439787,0.975692]],[[0.932634,0.311825,-0.181545],[-0.274055,0.284886,-0.91855],[-0.234707,0.906424,0.351152]],[[0.932634,0.311825,-0.181545],[0.200959,-0.866774,-0.456419],[-0.299681,0.389188,-0.871047]],[[0.932634,0.311825,-0.181545],[0.343099,-0.92215,0.17867],[-0.111698,-0.228922,-0.967015]]],"btipPosition":[62.1512,287.444,28.4454],"carpPosition":[55.1976,334.818,70.4903],"dipPosition":[60.0527,283.143,10.2781],"direction":[0.299681,-0.389188,0.871047],"extended":false,"handId":500,"id":5002,"length":66.9886,"mcpPosition":[40.2231,337.886,2.43641],"pipPosition":[51.5331,294.207,-14.4847],"stabilizedTipPosition":[17.9444,292.02,108.974],"timeVisible":0.280194,"tipPosition":[61.5565,287.201,25.0558],"tipVelocity":[106.169,1.82949,-237.66],"tool":false,"touchDistance":0.333333,"touchZone":"none","type":2,"width":18.9921},{"bases":[[[0.971779,0.229943,-0.0526389],[-0.22203,0.966979,0.125113],[0.0796697,-0.109895,0.990745]],[[0.968207,0.233816,-0.0889112],[-0.160873,0.309821,-0.937086],[-0.191559,0.921597,0.337586]],[[0.968207,0.233816,-0.0889112],[0.169781,-0.875257,-0.452879],[-0.183711,0.423385,-0.887128]],[[0.968207,0.233816,-0.0889112],[0.246253,-0.953381,0.174423],[-0.0439833,-0.190772,-0.980648]]],"btipPosition":[75.6056,297.079,33.2199],"carpPosition":[66.1289,339.525,67.4566],"dipPosition":[74.784,293.516,14.9023],"direction":[0.183711,-0.423385,0.887128],"extended":false,"handId":500,"id":5003,"length":64.4113,"mcpPosition":[61.1397,346.407,5.41283],"pipPosition":[69.6963,305.241,-9.66633],"stabilizedTipPosition":[31.9588,296.574,118.33],"timeVisible":0.280194,"tipPosition":[75.3455,297.023,29.8377],"tipVelocity":[95.4886,21.3081,-237.423],"tool":false,"touchDistance":0.333333,"touchZone":"none","type":3,"width":18.0722},{"bases":[[[0.997707,0.0527237,0.042439],[-0.0602636,0.977439,0.202438],[-0.0308082,-0.204531,0.978375]],[[0.997937,0.063498,-0.00951497],[-0.0324452,0.370831,-0.928133],[-0.0554062,0.926527,0.372126]],[[0.997937,0.063498,-0.00951497],[0.0516866,-0.882388,-0.467676],[-0.0380924,0.466219,-0.883849]],[[0.997937,0.063498,-0.00951497],[0.0642057,-0.985965,0.154109],[0.000404211,-0.154402,-0.988008]]],"btipPosition":[84.6521,310.49,30.3214],"carpPosition":[80.1697,337.841,65.8841],"dipPosition":[84.6591,307.829,13.2958],"direction":[0.0380924,-0.466219,0.883849],"extended":false,"handId":500,"id":5004,"length":50.4973,"mcpPosition":[81.9556,349.698,9.16799],"pipPosition":[83.9142,316.945,-3.98659],"stabilizedTipPosition":[43.5138,303.87,115.194],"timeVisible":0.280194,"tipPosition":[84.4983,310.126,26.7242],"tipVelocity":[79.0989,53.4848,-220.393],"tool":false,"touchDistance":0.333333,"touchZone":"none","type":4,"width":16.0532}],"r":[[0.942063,0.334053,-0.0304379],[-0.333785,0.94255,0.0136388],[0.0332453,-0.00268887,0.999444]],"s":0.974528,"t":[35.347,-4.51368,-95.7059],"timestamp":522205881680},false],[6,{"currentFrameRate":96.2652,"devices":[],"gestures":[],"hands":[{"armBasis":[[0.852092,0.427753,-0.301608],[-0.469342,0.87951,-0.0786122],[0.231641,0.208542,0.950186]],"armWidth":63.703,"confidence":0.710491,"direction":[-0.255989,0.187498,-0.948322],"elbow":[132.351,384.254,331.294],"grabStrength":0,"id":500,"palmNormal":[0.404336,-0.870304,-0.281219],"palmPosition":[51.0594,330.856,23.5223],"palmVelocity":[38.8588,15.4842,-177.715],"palmWidth":90.9658,"pinchStrength":0.530148,"r":[[0.937656,0.345917,-0.0337948],[-0.345593,0.938262,0.015189],[0.0369625,-0.00256276,0.999313]],"s":0.970394,"sphereCenter":[65.557,296.995,-5.16857],"sphereRadius":45.4624,"stabilizedPalmPosition":[18.1026,334.43,115.224],"t":[35.5994,-4.35243,-97.1342],"timeVisible":0.28905,"type":"right","wrist":[69.8243,327.963,74.8125]}],"id":4162754,"interactionBox":{"center":[0,200,0],"size":[235.247,235.247,147.751]},"pointables":[{"bases":[[[-0.0582734,0.998274,0.00733837],[-0.787575,-0.0504887,0.614147],[0.613457,0.0300089,0.789158]],[[-0.230693,0.948319,-0.217878],[-0.925285,-0.144526,0.350656],[0.301045,0.282493,0.910807]],[[-0.230693,0.948319,-0.217878],[-0.971299,-0.237774,-0.00648625],[-0.0579567,0.210128,0.975954]],[[-0.230693,0.948319,-0.217878],[-0.898315,-0.293619,-0.326831],[-0.373913,0.120325,0.919625]]],"btipPosition":[45.7413,280.869,-21.0276],"carpPosition":[50.0407,304.945,79.2093],"dipPosition":[36.9928,283.684,0.489223],"direction":[0.0579567,-0.210128,-0.975954],"extended":false,"handId":500,"id":5000,"length":52.1025,"mcpPosition":[50.0407,304.945,79.2093],"pipPosition":[35.0172,290.847,33.7561],"stabilizedTipPosition":[2.60101,278.2,52.6538],"timeVisible":0.28905,"tipPosition":[42.9072,279.664,-15.5684],"tipVelocity":[131.433,100.971,-191.261],"tool":false,"touchDistance":-0.351838,"touchZone":"hovering","type":0,"width":20.2446},{"bases":[[[0.82261,0.480445,-0.304115],[-0.459166,0.87675,0.143091],[0.33538,0.0219316,0.941828]],[[0.836427,0.480945,-0.262835],[-0.518111,0.850243,-0.0929931],[0.178749,0.213959,0.960349]],[[0.836427,0.480945,-0.262835],[-0.539372,0.80745,-0.23896],[0.0972997,0.341638,0.934781]],[[0.836427,0.480945,-0.262835],[-0.546916,0.763627,-0.343157],[0.0356683,0.430774,0.901754]]],"btipPosition":[11.1731,301.219,-75.1335],"carpPosition":[46.4781,327.635,73.3767],"dipPosition":[11.7823,308.577,-59.7306],"direction":[-0.0972997,-0.341638,-0.934781],"extended":true,"handId":500,"id":5001,"length":58.7918,"mcpPosition":[21.8109,326.022,4.1053],"pipPosition":[14.1335,316.833,-37.1426],"stabilizedTipPosition":[-16.7124,313.031,6.44524],"timeVisible":0.28905,"tipPosition":[11.9864,302.257,-71.3183],"tipVelocity":[14.7196,-16.1104,-165.358],"tool":false,"touchDistance":-0.418511,"touchZone":"hovering","type":1,"width":19.3376},{"bases":[[[0.926501,0.32244,-0.193982],[-0.306009,0.945622,0.110259],[0.218986,-0.042795,0.974789]],[[0.928385,0.322052,-0.18543],[-0.283884,0.292601,-0.913124],[-0.239817,0.90037,0.363072]],[[0.928385,0.322052,-0.18543],[0.203903,-0.858605,-0.470342],[-0.310686,0.398848,-0.862783]],[[0.928385,0.322052,-0.18543],[0.352522,-0.921109,0.165185],[-0.117603,-0.218723,-0.968674]]],"btipPosition":[62.8405,287.334,26.6021],"carpPosition":[55.5166,334.965,69.3622],"dipPosition":[60.6311,283.225,8.40359],"direction":[0.310686,-0.398848,0.862783],"extended":false,"handId":500,"id":5002,"length":66.9886,"mcpPosition":[40.2425,337.95,1.37122],"pipPosition":[51.7986,294.564,-16.1243],"stabilizedTipPosition":[18.1424,291.995,108.588],"timeVisible":0.28905,"tipPosition":[62.2224,287.162,23.3189],"tipVelocity":[97.7148,-0.688049,-229.887],"tool":false,"touchDistance":0.333333,"touchZone":"none","type":2,"width":18.9921},{"bases":[[[0.969042,0.240419,-0.0561757],[-0.231896,0.964396,0.127136],[0.0847417,-0.110174,0.990293]],[[0.965304,0.24428,-0.0922825],[-0.167817,0.309575,-0.935949],[-0.200065,0.918962,0.339828]],[[0.965304,0.24428,-0.0922825],[0.177147,-0.872236,-0.455876],[-0.191854,0.423712,-0.885246]],[[0.965304,0.24428,-0.0922825],[0.257027,-0.951226,0.170607],[-0.0461057,-0.188406,-0.981008]]],"btipPosition":[76.189,297.428,31.9372],"carpPosition":[66.3848,339.792,66.2912],"dipPosition":[75.3278,293.909,13.6129],"direction":[0.191854,-0.423712,0.885246],"extended":false,"handId":500,"id":5003,"length":64.4113,"mcpPosition":[61.078,346.692,4.27574],"pipPosition":[70.0145,305.644,-10.9036],"stabilizedTipPosition":[32.0648,296.574,118.112],"timeVisible":0.28905,"tipPosition":[75.9152,297.374,28.5359],"tipVelocity":[87.1882,26.5313,-212.393],"tool":false,"touchDistance":0.333333,"touchZone":"none","type":3,"width":18.0722},{"bases":[[[0.997243,0.0633787,0.0385883],[-0.0699481,0.976502,0.203839],[-0.0247625,-0.205976,0.978244]],[[0.99713,0.0743796,-0.0141513],[-0.0408698,0.371423,-0.927564],[-0.0637357,0.92548,0.373396]],[[0.99713,0.0743796,-0.0141513],[0.0590417,-0.880867,-0.469667],[-0.047399,0.467483,-0.88273]],[[0.99713,0.0743796,-0.0141513],[0.0756663,-0.985566,0.151443],[-0.00268273,-0.152079,-0.988365]]],"btipPosition":[85.0981,310.966,29.0459],"carpPosition":[80.4365,338.261,64.6617],"dipPosition":[85.0518,308.345,12.0142],"direction":[0.047399,-0.467483,0.88273],"extended":false,"handId":500,"id":5004,"length":50.4973,"mcpPosition":[81.872,350.202,7.95315],"pipPosition":[84.125,317.486,-5.24633],"stabilizedTipPosition":[43.6101,303.885,114.985],"timeVisible":0.28905,"tipPosition":[84.9263,310.614,25.4405],"tipVelocity":[70.9409,53.8377,-199.752],"tool":false,"touchDistance":0.333333,"touchZone":"none","type":4,"width":16.0532}],"r":[[0.937656,0.345917,-0.