{"sensorType":"Leap","data":[[0,{"currentFrameRate":88.9826,"devices":[],"gestures":[],"hands":[{"armBasis":[[0.956648,0.138788,-0.256051],[-0.18312,0.97027,-0.158249],[0.226475,0.198276,0.953622]],"armWidth":63.703,"confidence":0.504774,"direction":[-0.052673,0.290874,-0.95531],"elbow":[116.529,377.658,349.704],"grabStrength":0,"id":498,"palmNormal":[0.178231,-0.93854,-0.295595],"palmPosition":[45.8355,334.371,39.4268],"palmVelocity":[37.5304,54.7973,-205.871],"palmWidth":90.9658,"pinchStrength":0.433022,"r":[[0.97682,0.176,0.121844],[-0.178083,0.983995,0.0063326],[-0.11878,-0.0278842,0.992529]],"s":1.01175,"sphereCenter":[57.0642,299.249,9.67883],"sphereRadius":47.4857,"stabilizedPalmPosition":[20.9485,318.426,117.74],"t":[30.1674,16.2487,-88.4681],"timeVisible":0.24392,"type":"right","wrist":[55.3972,324.137,92.2948]}],"id":4162140,"interactionBox":{"center":[0,200,0],"size":[235.247,235.247,147.751]},"pointables":[{"bases":[[[0.225694,0.970994,0.0789444],[-0.849924,0.156651,0.503081],[0.476122,-0.180639,0.860626]],[[0.0831437,0.982694,-0.165528],[-0.937967,0.133276,0.320085],[0.336607,0.128647,0.932816]],[[0.0831437,0.982694,-0.165528],[-0.995387,0.0739142,-0.0611686],[-0.0478752,0.16985,0.984306]],[[0.0831437,0.982694,-0.165528],[-0.876645,-0.00686502,-0.481088],[-0.473899,0.185109,0.860903]]],"btipPosition":[25.4196,291.171,-7.94317],"carpPosition":[29.4979,307.712,92.3028],"dipPosition":[14.3317,295.503,12.1997],"direction":[0.0478752,-0.16985,-0.984306],"extended":false,"handId":498,"id":4980,"length":52.1025,"mcpPosition":[29.4979,307.712,92.3028],"pipPosition":[12.6998,301.292,45.7513],"stabilizedTipPosition":[-10.0966,266.57,81.4329],"timeVisible":0.24392,"tipPosition":[23.5575,290.372,-3.17267],"tipVelocity":[86.7484,242.526,-263.338],"tool":false,"touchDistance":-0.196252,"touchZone":"hovering","type":0,"width":20.2446},{"bases":[[[0.959785,0.232036,-0.158026],[-0.208434,0.966064,0.152565],[0.188063,-0.113492,0.975578]],[[0.969481,0.22467,-0.0981359],[-0.229799,0.972226,-0.0443849],[0.0854382,0.0655818,0.994183]],[[0.969481,0.22467,-0.0981359],[-0.241558,0.943781,-0.225671],[0.0419174,0.242489,0.969248]],[[0.969481,0.22467,-0.0981359],[-0.245027,0.90148,-0.356786],[0.00830835,0.369943,0.929017]]],"btipPosition":[14.7165,324.021,-65.8633],"carpPosition":[33.373,330.669,87.881],"dipPosition":[14.8584,330.34,-49.9947],"direction":[-0.0419174,-0.242489,-0.969248],"extended":true,"handId":498,"id":4981,"length":58.7918,"mcpPosition":[19.541,339.016,16.1272],"pipPosition":[15.8713,336.199,-26.5738],"stabilizedTipPosition":[-10.308,304.281,0.568343],"timeVisible":0.24392,"tipPosition":[15.0818,324.081,-61.819],"tipVelocity":[64.8477,192.294,-241.14],"tool":false,"touchDistance":-0.378236,"touchZone":"hovering","type":1,"width":19.3376},{"bases":[[[0.997745,0.0464566,-0.0484463],[-0.0389912,0.988658,0.145034],[0.0546346,-0.142818,0.98824]],[[0.998228,0.0450699,-0.0388641],[-0.0524939,0.35916,-0.931798],[-0.0280376,0.932187,0.36089]],[[0.998228,0.0450699,-0.0388641],[0.0202059,-0.870923,-0.491003],[-0.0559771,0.489348,-0.87029]],[[0.998228,0.0450699,-0.0388641],[0.0496885,-0.990596,0.12748],[-0.0327531,-0.129186,-0.991079]]],"btipPosition":[44.3425,288.763,42.6829],"carpPosition":[44.5954,335.206,85.6417],"dipPosition":[43.7271,286.336,24.0635],"direction":[0.0559771,-0.489348,0.87029],"extended":false,"handId":498,"id":4982,"length":66.9886,"mcpPosition":[40.7847,345.167,16.7126],"pipPosition":[42.1358,300.247,-0.677822],"stabilizedTipPosition":[9.07718,278.39,125.825],"timeVisible":0.24392,"tipPosition":[44.1726,289.173,38.8713],"tipVelocity":[100.189,4.08117,-278.596],"tool":false,"touchDistance":0.333333,"touchZone":"none","type":2,"width":18.9921},{"bases":[[[0.994991,-0.049729,0.0867148],[0.0341543,0.984394,0.172631],[-0.0939464,-0.168805,0.981162]],[[0.997597,-0.0439991,0.0535262],[0.0651911,0.334286,-0.940214],[0.0234756,0.941444,0.336351]],[[0.997597,-0.0439991,0.0535262],[-0.0161078,-0.898609,-0.438456],[0.0673908,0.43654,-0.897158]],[[0.997597,-0.0439991,0.0535262],[-0.0529826,-0.982227,0.180064],[0.0446522,-0.182468,-0.982197]]],"btipPosition":[58.8437,296.618,51.0949],"carpPosition":[56.7095,336.78,84.3696],"dipPosition":[59.6778,293.21,32.7485],"direction":[-0.0673908,-0.43654,0.897158],"extended":false,"handId":498,"id":4983,"length":64.4113,"mcpPosition":[62.5927,347.352,22.926],"pipPosition":[61.5441,305.299,7.90202],"stabilizedTipPosition":[26.8914,282.535,130.792],"timeVisible":0.24392,"tipPosition":[59.0891,296.603,47.3412],"tipVelocity":[86.8712,41.804,-255.713],"tool":false,"touchDistance":0.333333,"touchZone":"none","type":3,"width":18.0722},{"bases":[[[0.958018,-0.230894,0.169967],[0.180061,0.945869,0.270018],[-0.223112,-0.228077,0.947735]],[[0.963786,-0.224541,0.143865],[0.220758,0.369138,-0.902775],[0.149604,0.901842,0.40534]],[[0.963786,-0.224541,0.143865],[-0.128879,-0.864479,-0.485867],[0.233465,0.449731,-0.862111]],[[0.963786,-0.224541,0.143865],[-0.241122,-0.964188,0.110456],[0.113911,-0.141145,-0.983414]]],"btipPosition":[70.9552,306.275,48.959],"carpPosition":[69.8379,331.295,84.4238],"dipPosition":[72.9182,303.843,32.0126],"direction":[-0.233465,-0.449731,0.862111],"extended":false,"handId":498,"id":4984,"length":50.4973,"mcpPosition":[82.7717,344.516,29.4839],"pipPosition":[77.4832,312.637,15.1552],"stabilizedTipPosition":[42.498,288.257,119.351],"timeVisible":0.24392,"tipPosition":[71.5403,306.258,45.0633],"tipVelocity":[73.9615,68.3745,-236.189],"tool":false,"touchDistance":0.333333,"touchZone":"none","type":4,"width":16.0532}],"r":[[0.97682,0.176,0.121844],[-0.178083,0.983995,0.0063326],[-0.11878,-0.0278842,0.992529]],"s":1.01175,"t":[30.1674,16.2487,-88.4681],"timestamp":522198912054},false],[1,{"currentFrameRate":89.9363,"devices":[],"gestures":[],"hands":[{"armBasis":[[0.952395,0.153896,-0.263173],[-0.199649,0.967224,-0.156902],[0.230401,0.201975,0.951904]],"armWidth":63.703,"confidence":0.530906,"direction":[-0.0556955,0.294599,-0.953997],"elbow":[117.821,380.259,347.648],"grabStrength":0,"id":498,"palmNormal":[0.195298,-0.933809,-0.299766],"palmPosition":[46.0043,336.064,37.8631],"palmVelocity":[32.3282,91.3086,-196.768],"palmWidth":90.9658,"pinchStrength":0.431502,"r":[[0.974149,0.187834,0.12551],[-0.191102,0.981464,0.0144176],[-0.120475,-0.0380301,0.991988]],"s":1.01156,"sphereCenter":[57.788,301.228,7.93089],"sphereRadius":47.5407,"stabilizedPalmPosition":[20.979,318.447,117.642],"t":[30.3764,17.3636,-89.9952],"timeVisible":0.252966,"type":"right","wrist":[55.6295,325.74,90.7019]}],"id":4162141,"interactionBox":{"center":[0,200,0],"size":[235.247,235.247,147.751]},"pointables":[{"bases":[[[0.208464,0.9744,0.084187],[-0.853627,0.13926,0.501924],[0.477351,-0.176497,0.860805]],[[0.0707864,0.985674,-0.153091],[-0.938262,0.117893,0.325215],[0.338604,0.120619,0.933166]],[[0.0707864,0.985674,-0.153091],[-0.996276,0.0622877,-0.059621],[-0.0492312,0.156741,0.986412]],[[0.0707864,0.985674,-0.153091],[-0.870278,-0.0139726,-0.492363],[-0.487448,0.168084,0.856821]]],"btipPosition":[26.2075,293.569,-9.66816],"carpPosition":[30.0222,308.864,90.5715],"dipPosition":[14.8025,297.502,10.3792],"direction":[0.0492312,-0.156741,-0.986412],"extended":false,"handId":498,"id":4980,"length":52.1025,"mcpPosition":[30.0222,308.864,90.5715],"pipPosition":[13.1243,302.844,44.0025],"stabilizedTipPosition":[-9.40841,267.14,79.6656],"timeVisible":0.252966,"tipPosition":[24.3004,292.709,-4.9624],"tipVelocity":[84.6201,245.938,-243.974],"tool":false,"touchDistance":-0.225368,"touchZone":"hovering","type":0,"width":20.2446},{"bases":[[[0.955909,0.249591,-0.154731],[-0.225669,0.961502,0.156805],[0.187911,-0.114973,0.975434]],[[0.965649,0.242056,-0.0945092],[-0.246384,0.968466,-0.0370057],[0.0825715,0.05902,0.994836]],[[0.965649,0.242056,-0.0945092],[-0.257352,0.941186,-0.218949],[0.0359529,0.23575,0.971148]],[[0.965649,0.242056,-0.0945092],[-0.259852,0.899663,-0.350834],[0.00010516,0.36334,0.931656]]],"btipPosition":[15.2659,325.925,-67.5823],"carpPosition":[33.5038,331.906,86.2705],"dipPosition":[15.2677,332.131,-51.6686],"direction":[-0.0359529,-0.23575,-0.971148],"extended":true,"handId":498,"id":4981,"length":58.7918,"mcpPosition":[19.683,340.363,14.5273],"pipPosition":[16.1364,337.828,-28.2018],"stabilizedTipPosition":[-9.66602,304.861,-1.05044],"timeVisible":0.252966,"tipPosition":[15.6077,325.985,-63.5496],"tipVelocity":[62.7291,196.515,-226.729],"tool":false,"touchDistance":-0.394375,"touchZone":"hovering","type":1,"width":19.3376},{"bases":[[[0.99688,0.0641687,-0.0459726],[-0.0566324,0.987098,0.149766],[0.0549898,-0.146695,0.987652]],[[0.997354,0.0627815,-0.0366501],[-0.0570767,0.364032,-0.929636],[-0.0450221,0.929268,0.366652]],[[0.997354,0.0627815,-0.0366501],[0.036226,-0.866315,-0.498182],[-0.0630272,0.495537,-0.866297]],[[0.997354,0.0627815,-0.0366501],[0.0667305,-0.990657,0.118934],[-0.0288408,-0.121065,-0.992225]]],"btipPosition":[45.3174,290.29,40.7911],"carpPosition":[44.6498,336.65,84.0786],"dipPosition":[44.7756,288.015,22.1502],"direction":[0.0630272,-0.495537,0.866297],"extended":false,"handId":498,"id":4982,"length":66.9886,"mcpPosition":[40.8143,346.882,15.1905],"pipPosition":[42.9838,302.103,-2.47762],"stabilizedTipPosition":[9.14371,278.411,125.661],"timeVisible":0.252966,"tipPosition":[45.145,290.715,36.987],"tipVelocity":[102.796,50.5734,-259.59],"tool":false,"touchDistance":0.333333,"touchZone":"none","type":2,"width":18.9921},{"bases":[[[0.99552,-0.0327136,0.0887113],[0.0165167,0.983981,0.177507],[-0.0930971,-0.175246,0.980113]],[[0.998087,-0.0268039,0.0557132],[0.0615047,0.338763,-0.938859],[0.0062915,0.94049,0.339764]],[[0.998087,-0.0268039,0.0557132],[0.000710308,-0.896103,-0.443845],[0.0618216,0.443035,-0.89437]],[[0.998087,-0.0268039,0.0557132],[-0.0360678,-0.984336,0.172577],[0.0502148,-0.174256,-0.983419]]],"btipPosition":[59.636,298.393,49.4257],"carpPosition":[56.7371,338.443,82.8415],"dipPosition":[60.574,295.138,31.0564],"direction":[-0.0618216,-0.443035,0.89437],"extended":false,"handId":498,"id":4983,"length":64.4113,"mcpPosition":[62.5671,349.417,21.4636],"pipPosition":[62.2861,307.408,6.28713],"stabilizedTipPosition":[26.9645,282.569,130.602],"timeVisible":0.252966,"tipPosition":[59.8928,298.41,45.6309],"tipVelocity":[87.7968,85.4712,-236.243],"tool":false,"touchDistance":0.333333,"touchZone":"none","type":3,"width":18.0722},{"bases":[[[0.961549,-0.214906,0.170996],[0.162865,0.94754,0.275032],[-0.221131,-0.236608,0.946107]],[[0.967292,-0.208286,0.144787],[0.215813,0.375763,-0.901236],[0.133309,0.903006,0.408423]],[[0.967292,-0.208286,0.144787],[-0.112341,-0.863501,-0.491676],[0.227433,0.459329,-0.858657]],[[0.967292,-0.208286,0.144787],[-0.224023,-0.969189,0.102407],[0.118996,-0.131493,-0.984149]]],"btipPosition":[71.5683,308.268,47.3642],"carpPosition":[69.9595,333.188,82.8985],"dipPosition":[73.6189,306.002,30.4051],"direction":[-0.227433,-0.459329,0.858657],"extended":false,"handId":498,"id":4984,"length":50.4973,"mcpPosition":[82.7785,346.904,28.0529],"pipPosition":[78.066,314.983,13.6153],"stabilizedTipPosition":[42.6133,288.333,119.055],"timeVisible":0.252966,"tipPosition":[72.1666,308.299,43.4496],"tipVelocity":[72.8692,111.43,-219.762],"tool":false,"touchDistance":0.333333,"touchZone":"none","type":4,"width":16.0532}],"r":[[0.974149,0.187834,0.12551],[-0.191102,0.981464,0.0144176],[-0.120475,-0.0380301,0.991988]],"s":1.01156,"t":[30.3764,17.3636,-89.9952],"timestamp":522198921100},false],[2,{"currentFrameRate":90.7523,"devices":[],"gestures":[],"hands":[{"armBasis":[[0.948332,0.169104,-0.268459],[-0.216025,0.963849,-0.155976],[0.232378,0.205911,0.950579]],"armWidth":63.703,"confidence":0.557047,"direction":[-0.059289,0.294446,-0.953827],"elbow":[118.486,382.887,345.709],"grabStrength":0,"id":498,"palmNormal":[0.211784,-0.930046,-0.300269],"palmPosition":[46.0403,337.51,36.2764],"palmVelocity":[24.3276,109.542,-189.606],"palmWidth":90.9658,"pinchStrength":0.430778,"r":[[0.971169,0.200569,0.128854],[-0.204876,0.978564,0.0209553],[-0.121889,-0.0467503,0.991442]],"s":1.01157,"sphereCenter":[58.3571,302.862,6.30334],"sphereRadius":47.5834,"stabilizedPalmPosition":[21.0174,318.476,117.518],"t":[30.4989,18.644,-91.5521],"timeVisible":0.262228,"type":"right","wrist":[55.7606,327.306,89.1212]}],"id":4162142,"interactionBox":{"center":[0,200,0],"size":[235.247,235.247,147.751]},"pointables":[{"bases":[[[0.19155,0.977765,0.0853508],[-0.856664,0.124117,0.500721],[0.478994,-0.16903,0.861391]],[[0.0573753,0.987527,-0.146624],[-0.938593,0.103406,0.329167],[0.340223,0.118734,0.932818]],[[0.0573753,0.987527,-0.146624],[-0.997062,0.0492149,-0.058692],[-0.0507439,0.149561,0.98745]],[[0.0573753,0.987527,-0.146624],[-0.864752,-0.0242358,-0.501615],[-0.498912,0.155574,0.852575]]],"btipPosition":[26.8717,295.329,-11.2218],"carpPosition":[30.4474,309.992,88.9365],"dipPosition":[15.1984,298.969,8.72617],"direction":[0.0507439,-0.149561,-0.98745],"extended":false,"handId":498,"id":4980,"length":52.1025,"mcpPosition":[30.4474,309.992,88.9365],"pipPosition":[13.4688,304.067,42.3849],"stabilizedTipPosition":[-8.49727,267.927,77.3251],"timeVisible":0.262228,"tipPosition":[24.9191,294.446,-6.57294],"tipVelocity":[79.1148,228.158,-223.223],"tool":false,"touchDistance":-0.251643,"touchZone":"hovering","type":0,"width":20.2446},{"bases":[[[0.951713,0.266126,-0.153034],[-0.242408,0.95734,0.157285],[0.188363,-0.112593,0.975624]],[[0.961528,0.258666,-0.0925004],[-0.262693,0.964274,-0.0341801],[0.0803545,0.0571643,0.995126]],[[0.961528,0.258666,-0.0925004],[-0.272994,0.93728,-0.216748],[0.0306336,0.233661,0.971835]],[[0.961528,0.258666,-0.0925004],[-0.274606,0.89589,-0.349245],[-0.00746755,0.36121,0.932455]]],"btipPosition":[15.6208,327.105,-69.2487],"carpPosition":[33.5389,333.095,84.6608],"dipPosition":[15.4933,333.275,-53.3214],"direction":[-0.0306336,-0.233661,-0.971835],"extended":true,"handId":498,"id":4981,"length":58.7918,"mcpPosition":[19.6848,341.376,12.9036],"pipPosition":[16.2335,338.921,-29.838],"stabilizedTipPosition":[-8.94656,305.535,-2.88872],"timeVisible":0.262228,"tipPosition":[15.9418,327.185,-65.227],"tipVelocity":[54.9591,176.822,-213.463],"tool":false,"touchDistance":-0.408219,"touchZone":"hovering","type":1,"width":19.3376},{"bases":[[[0.995698,0.0813388,-0.0443729],[-0.0738256,0.985845,0.15053],[0.0559887,-0.146607,0.987609]],[[0.996173,0.0799802,-0.0352421],[-0.0621534,0.364778,-0.929018],[-0.0614475,0.927653,0.368353]],[[0.996173,0.0799802,-0.0352421],[0.0515908,-0.863582,-0.501561],[-0.0705495,0.497824,-0.864404]],[[0.996173,0.0799802,-0.0352421],[0.0835293,-0.989898,0.114559],[-0.0257236,-0.117065,-0.992791]]],"btipPosition":[46.1498,291.603,39.0807],"carpPosition":[44.605,338.031,82.4903],"dipPosition":[45.6665,289.403,20.4291],"direction":[0.0705495,-0.497824,0.864404],"extended":false,"handId":498,"id":4982,"length":66.9886,"mcpPosition":[40.6998,348.257,13.6051],"pipPosition":[43.6608,303.556,-4.14489],"stabilizedTipPosition":[9.21949,278.437,125.474],"timeVisible":0.262228,"tipPosition":[45.9728,292.034,35.2789],"tipVelocity":[99.5685,76.7512,-238.589],"tool":false,"touchDistance":0.333333,"touchZone":"none","type":2,"width":18.9921},{"bases":[[[0.995798,-0.0156723,0.0902251],[-0.000676414,0.983961,0.178381],[-0.0915737,-0.177693,0.979816]],[[0.998303,-0.00972126,0.0574086],[0.0572946,0.339639,-0.938809],[-0.0103718,0.940506,0.33962]],[[0.998303,-0.00972126,0.0574086],[0.0168854,-0.895259,-0.445226],[0.0557237,0.44544,-0.893576]],[[0.998303,-0.00972126,0.0574086],[-0.0193643,-0.985272,0.169893],[0.0549115,-0.170717,-0.983789]]],"btipPosition":[60.2906,300.003,47.8676],"carpPosition":[56.6616,340.033,81.2735],"dipPosition":[61.3163,296.814,29.4914],"direction":[-0.0557237,-0.44544,0.893576],"extended":false,"handId":498,"id":4983,"length":64.4113,"mcpPosition":[62.3963,351.161,19.9141],"pipPosition":[62.8595,309.151,4.74411],"stabilizedTipPosition":[27.0577,282.615,130.36],"timeVisible":0.262228,"tipPosition":[60.5559,300.028,44.0401],"tipVelocity":[83.5924,110.788,-217.156],"tool":false,"touchDistance":0.333333,"touchZone":"none","type":3,"width":18.0722},{"bases":[[[0.964838,-0.198495,0.172299],[0.146127,0.949955,0.276102],[-0.218482,-0.241216,0.945558]],[[0.970558,-0.191688,0.145852],[0.209876,0.375887,-0.902586],[0.118191,0.906623,0.405051]],[[0.970558,-0.191688,0.145852],[-0.0967571,-0.864798,-0.49271],[0.220579,0.464092,-0.857883]],[[0.970558,-0.191688,0.145852],[-0.207007,-0.973398,0.0982065],[0.123147,-0.125508,-0.98442]]],"btipPosition":[72.0244,310.029,45.9526],"carpPosition":[69.9723,335.006,81.3464],"dipPosition":[74.1465,307.866,28.9888],"direction":[-0.220579,-0.464092,0.857883],"extended":false,"handId":498,"id":4984,"length":50.4973,"mcpPosition":[82.6377,348.99,26.5326],"pipPosition":[78.4596,316.941,12.2141],"stabilizedTipPosition":[42.7637,288.44,118.668],"timeVisible":0.262228,"tipPosition":[72.6368,310.093,41.9799],"tipVelocity":[66.7236,134.298,-200.845],"tool":false,"touchDistance":0.333333,"touchZone":"none","type":4,"width":16.0532}],"r":[[0.971169,0.200569,0.128854],[-0.204876,0.978564,0.0209553],[-0.121889,-0.0467503,0.991442]],"s":1.01157,"t":[30.4989,18.644,-91.5521],"timestamp":522198930362},false],[3,{"currentFrameRate":91.6148,"devices":[],"gestures":[],"hands":[{"armBasis":[[0.945354,0.18391,-0.269226],[-0.229703,0.961689,-0.149638],[0.231392,0.203303,0.951381]],"armWidth":63.703,"confidence":0.583768,"direction":[-0.0616341,0.293751,-0.953893],"elbow":[118.349,383.716,343.755],"grabStrength":0,"id":498,"palmNormal":[0.225562,-0.926885,-0.300009],"palmPosition":[46.1277,338.913,34.0884],"palmVelocity":[20.2625,122.013,-203.847],"palmWidth":90.9658,"pinchStrength":0.427812,"r":[[0.967997,0.213456,0.131977],[-0.218658,0.975452,0.0260984],[-0.123167,-0.0541211,0.990909]],"s":1.01194,"sphereCenter":[58.9025,304.417,4.1137],"sphereRadius":47.6302,"stabilizedPalmPosition":[21.0174,318.476,117.518],"t":[30.6039,19.9859,-93.4245],"timeVisible":0.271303,"type":"right","wrist":[55.8903,328.839,86.9501]}],"id":4162143,"interactionBox":{"center":[0,200,0],"size":[235.247,235.247,147.751]},"pointables":[{"bases":[[[0.177466,0.980373,0.0858751],[-0.859304,0.111833,0.49909],[0.47969,-0.162364,0.862285]],[[0.0458165,0.988711,-0.14266],[-0.938895,0.0913902,0.33185],[0.341142,0.118738,0.932483]],[[0.0458165,0.988711,-0.14266],[-0.997656,0.0380222,-0.0568919],[-0.0508254,0.144932,0.988135]],[[0.0458165,0.988711,-0.14266],[-0.861024,-0.0333227,-0.507471],[-0.506496,0.146084,0.849777]]],"btipPosition":[27.385,296.883,-13.3856],"carpPosition":[30.8263,311.167,86.714],"dipPosition":[15.5343,300.301,6.49698],"direction":[0.0508254,-0.144932,-0.988135],"extended":false,"handId":498,"id":4980,"length":52.1025,"mcpPosition":[30.8263,311.167,86.714],"pipPosition":[13.8018,305.241,40.1791],"stabilizedTipPosition":[-7.46726,268.851,74.6492],"timeVisible":0.271303,"tipPosition":[25.4389,296.015,-8.77391],"tipVelocity":[71.6347,210.872,-227.886],"tool":false,"touchDistance":-0.287494,"touchZone":"hovering","type":0,"width":20.2446},{"bases":[[[0.948126,0.279657,-0.151159],[-0.256296,0.953768,0.15697],[0.188068,-0.110086,0.975967]],[[0.95797,0.272286,-0.0902983],[-0.276116,0.960565,-0.0328017],[0.0778059,0.0563558,0.995374]],[[0.95797,0.272286,-0.0902983],[-0.285729,0.933687,-0.215839],[0.0255403,0.232569,0.972245]],[[0.95797,0.272286,-0.0902983],[-0.286508,0.89234,-0.348774],[-0.0143896,0.359986,0.932847]]],"btipPosition":[16.0517,328.22,-71.5141],"carpPosition":[33.5973,334.312,82.4478],"dipPosition":[15.8059,334.369,-55.5801],"direction":[-0.0255403,-0.232569,-0.972245],"extended":true,"handId":498,"id":4981,"length":58.7918,"mcpPosition":[19.7649,342.409,10.6655],"pipPosition":[16.423,339.988,-32.0868],"stabilizedTipPosition":[-8.23757,306.22,-4.7353],"timeVisible":0.271303,"tipPosition":[16.3491,328.323,-67.5021],"tipVelocity":[52.0612,161.745,-223.418],"tool":false,"touchDistance":-0.429689,"touchZone":"hovering","type":1,"width":19.3376},{"bases":[[[0.994525,0.0954941,-0.042442],[-0.088123,0.984668,0.150544],[0.0561674,-0.14598,0.987692]],[[0.994997,0.0941539,-0.0334],[-0.0656391,0.36409,-0.929048],[-0.0753129,0.926592,0.368449]],[[0.994997,0.0941539,-0.0334],[0.0647699,-0.862509,-0.501879],[-0.0760617,0.497205,-0.864293]],[[0.994997,0.0941539,-0.0334],[0.0973879,-0.988678,0.114155],[-0.0222737,-0.116837,-0.992901]]],"btipPosition":[46.8885,292.997,36.8783],"carpPosition":[44.5962,339.406,80.2995],"dipPosition":[46.4701,290.802,18.2247],"direction":[0.0760617,-0.497205,0.864293],"extended":false,"handId":498,"id":4982,"length":66.9886,"mcpPosition":[40.6786,349.588,11.4085],"pipPosition":[44.3077,304.937,-6.34613],"stabilizedTipPosition":[9.30539,278.469,125.262],"timeVisible":0.271303,"tipPosition":[46.7123,293.415,33.0694],"tipVelocity":[95.0005,98.0648,-239.735],"tool":false,"touchDistance":0.333333,"touchZone":"none","type":2,"width":18.9921},{"bases":[[[0.995745,-0.00153091,0.0921405],[-0.0150081,0.983819,0.178536],[-0.0909228,-0.179159,0.97961]],[[0.99821,0.00440429,0.0596419],[0.0547315,0.334683,-0.94074],[-0.0241044,0.942321,0.333843]],[[0.99821,0.00440429,0.0596419],[0.0304097,-0.896112,-0.442784],[0.0514957,0.443805,-0.894642]],[[0.99821,0.00440429,0.0596419],[-0.00573356,-0.985643,0.168746],[0.0595288,-0.168786,-0.983853]]],"btipPosition":[60.8579,301.569,46.002],"carpPosition":[56.6255,341.579,79.1062],"dipPosition":[61.9699,298.416,27.6246],"direction":[-0.0514957,-0.443805,0.894642],"extended":false,"handId":498,"id":4983,"length":64.4113,"mcpPosition":[62.3193,352.798,17.7598],"pipPosition":[63.396,310.707,2.8478],"stabilizedTipPosition":[27.1749,282.678,130.055],"timeVisible":0.271303,"tipPosition":[61.14,301.562,42.034],"tipVelocity":[78.3689,128.114,-213.961],"tool":false,"touchDistance":0.333333,"touchZone":"none","type":3,"width":18.0722},{"bases":[[[0.967229,-0.184791,0.174126],[0.132076,0.951885,0.276534],[-0.216849,-0.244474,0.945097]],[[0.972963,-0.177818,0.147388],[0.205962,0.379254,-0.902079],[0.104509,0.908046,0.405624]],[[0.972963,-0.177818,0.147388],[-0.0824445,-0.86351,-0.497548],[0.215744,0.471944,-0.854823]],[[0.972963,-0.177818,0.147388],[-0.192392,-0.977066,0.0912544],[0.127781,-0.117143,-0.98486]]],"btipPosition":[72.4619,311.605,43.7643],"carpPosition":[70.0061,336.742,79.2039],"dipPosition":[74.6639,309.586,26.793],"direction":[-0.215744,-0.471944,0.854823],"extended":false,"handId":498,"id":4984,"length":50.4973,"mcpPosition":[82.5768,350.914,24.4169],"pipPosition":[78.8824,318.815,10.0782],"stabilizedTipPosition":[42.9446,288.576,118.196],"timeVisible":0.271303,"tipPosition":[73.0841,311.736,39.8097],"tipVelocity":[62.1633,146.203,-212.037],"tool":false,"touchDistance":0.333333,"touchZone":"none","type":4,"width":16.0532}],"r":[[0.967997,0.213456,0.131977],[-0.218658,0.975452,0.0260984],[-0.123167,-0.0541211,0.990909]],"s":1.01194,"t":[30.6039,19.9859,-93.4245],"timestamp":522198939437},false],[4,{"currentFrameRate":92.5497,"devices":[],"gestures":[],"hands":[{"armBasis":[[0.940015,0.202471,-0.274549],[-0.246296,0.959667,-0.13556],[0.236028,0.195049,0.95197]],"armWidth":63.703,"confidence":0.60036,"direction":[-0.0645698,0.294786,-0.953379],"elbow":[119.55,382.967,342.222],"grabStrength":0,"id":498,"palmNormal":[0.241942,-0.922244,-0.301545],"palmPosition":[46.0205,340.343,32.3978],"palmVelocity":[11.5086,132.801,-200.506],"palmWidth":90.9658,"pinchStrength":0.423285,"r":[[0.9645,0.226943,0.135047],[-0.23298,0.972003,0.0305079],[-0.124342,-0.060888,0.990369]],"s":1.01291,"sphereCenter":[59.3792,306.13,2.3708],"sphereRadius":47.689,"stabilizedPalmPosition":[21.0383,318.495,117.447],"t":[30.6027,21.3718,-95.206],"timeVisible":0.280132,"type":"right","wrist":[55.8393,330.318,85.2586]}],"id":4162144,"interactionBox":{"center":[0,200,0],"size":[235.247,235.247,147.751]},"pointables":[{"bases":[[[0.160577,0.983056,0.0884117],[-0.862154,0.0960902,0.497451],[0.480527,-0.156104,0.862975]],[[0.0308801,0.989991,-0.137712],[-0.939751,0.075687,0.333376],[0.340462,0.11912,0.932682]],[[0.0308801,0.989991,-0.137712],[-0.99819,0.0234315,-0.0553856],[-0.0516045,0.139173,0.988923]],[[0.0308801,0.989991,-0.137712],[-0.858416,-0.0443113,-0.511036],[-0.512023,0.133995,0.848456]]],"btipPosition":[27.8286,298.4,-15.1766],"carpPosition":[31.0801,312.223,84.9288],"dipPosition":[15.8486,301.535,4.67507],"direction":[0.0516045,-0.139173,-0.988923],"extended":false,"handId":498,"id":4980,"length":52.1025,"mcpPosition":[31.0801,312.223,84.9288],"pipPosition":[14.0896,306.279,38.384],"stabilizedTipPosition":[-6.37178,269.87,71.7789],"timeVisible":0.280132,"tipPosition":[25.9045,297.542,-10.5856],"tipVelocity":[64.9466,198.316,-221.342],"tool":false,"touchDistance":-0.31405,"touchZone":"hovering","type":0,"width":20.2446},{"bases":[[[0.943554,0.296078,-0.148469],[-0.272821,0.948919,0.158498],[0.187813,-0.109046,0.976133]],[[0.953434,0.288698,-0.0872818],[-0.292193,0.955886,-0.0300713],[0.07475,0.0541742,0.99573]],[[0.953434,0.288698,-0.0872818],[-0.300972,0.929435,-0.213464],[0.0194961,0.229793,0.973044]],[[0.953434,0.288698,-0.0872818],[-0.300758,0.888424,-0.346768],[-0.0225678,0.356871,0.933881]]],"btipPosition":[16.3563,329.467,-73.3068],"carpPosition":[33.4661,335.422,80.7195],"dipPosition":[15.9708,335.563,-57.3552],"direction":[-0.0194961,-0.229793,-0.973044],"extended":true,"handId":498,"id":4981,"length":58.7918,"mcpPosition":[19.6525,343.442,8.92496],"pipPosition":[16.4419,341.115,-33.8426],"stabilizedTipPosition":[-7.55767,306.904,-6.53602],"timeVisible":0.280132,"tipPosition":[16.6276,329.587,-69.3029],"tipVelocity":[46.3342,155.836,-217.792],"tool":false,"touchDistance":-0.441884,"touchZone":"hovering","type":1,"width":19.3376},{"bases":[[[0.992845,0.112488,-0.0400554],[-0.105185,0.982689,0.152509],[0.0565174,-0.147204,0.98749]],[[0.99331,0.11117,-0.0312438],[-0.0699564,0.364042,-0.928752],[-0.0918756,0.924724,0.369384]],[[0.99331,0.11117,-0.0312438],[0.0804992,-0.860596,-0.502886],[-0.0827943,0.497007,-0.863788]],[[0.99331,0.11117,-0.0312438],[0.114015,-0.987075,0.11262],[-0.01832,-0.115428,-0.993147]]],"btipPosition":[47.5646,294.453,35.1446],"carpPosition":[44.3814,340.706,78.6064],"dipPosition":[47.2204,292.284,16.4863],"direction":[0.0827943,-0.497007,0.863788],"extended":false,"handId":498,"id":4982,"length":66.9886,"mcpPosition":[40.4394,350.974,9.72955],"pipPosition":[44.8666,306.414,-8.07015],"stabilizedTipPosition":[9.4087,278.511,125.006],"timeVisible":0.280132,"tipPosition":[47.3892,294.84,31.2987],"tipVelocity":[90.5449,116.289,-228.053],"tool":false,"touchDistance":0.333333,"touchZone":"none","type":2,"width":18.9921},{"bases":[[[0.995426,0.0151983,0.0943165],[-0.0321263,0.983021,0.180658],[-0.0899694,-0.182862,0.979013]],[[0.997839,0.0211809,0.0621922],[0.0518164,0.328266,-0.943163],[-0.0403927,0.944348,0.326459]],[[0.997839,0.0211809,0.0621922],[0.0464137,-0.897234,-0.439109],[0.0465003,0.441047,-0.896279]],[[0.997839,0.0211809,0.0621922],[0.0104892,-0.985825,0.167451],[0.0648574,-0.166436,-0.983917]]],"btipPosition":[61.3137,303.25,44.7537],"carpPosition":[56.3745,343.086,77.4442],"dipPosition":[62.5251,300.141,26.3751],"direction":[-0.0465003,-0.441047,0.896279],"extended":false,"handId":498,"id":4983,"length":64.4113,"mcpPosition":[62.0087,354.538,16.1352],"pipPosition":[63.8129,312.356,1.55298],"stabilizedTipPosition":[27.3324,282.769,129.646],"timeVisible":0.280132,"tipPosition":[61.619,303.182,40.5854],"tipVelocity":[71.8423,145.263,-194.364],"tool":false,"touchDistance":0.333333,"touchZone":"none","type":3,"width":18.0722},{"bases":[[[0.969856,-0.168702,0.175838],[0.115268,0.953375,0.278908],[-0.214691,-0.250232,0.944082]],[[0.975599,-0.161477,0.148768],[0.200813,0.382285,-0.90196],[0.0887742,0.909826,0.405384]],[[0.975599,-0.161477,0.148768],[-0.066425,-0.862892,-0.501003],[0.209272,0.478896,-0.852563]],[[0.975599,-0.161477,0.148768],[-0.175301,-0.980842,0.0849641],[0.132198,-0.10897,-0.985215]]],"btipPosition":[72.7727,313.335,42.1503],"carpPosition":[69.8353,338.477,77.5607],"dipPosition":[75.0508,311.457,25.1729],"direction":[-0.209272,-0.478896,0.852563],"extended":false,"handId":498,"id":4984,"length":50.4973,"mcpPosition":[82.2809,352.983,22.8325],"pipPosition":[79.1428,320.821,8.50224],"stabilizedTipPosition":[43.167,288.754,117.61],"timeVisible":0.280132,"tipPosition":[73.4047,313.512,38.1689],"tipVelocity":[55.4143,160.625,-204.184],"tool":false,"touchDistance":0.333333,"touchZone":"none","type":4,"width":16.0532}],"r":[[0.9645,0.226943,0.135047],[-0.23298,0.972003,0.0305079],[-0.124342,-0.060888,0.990369]],"s":1.01291,"t":[30.6027,21.3718,-95.206],"timestamp":522198948266},false],[5,{"currentFrameRate":93.351,"devices":[],"gestures":[],"hands":[{"armBasis":[[0.937451,0.212685,-0.275592],[-0.255602,0.957983,-0.130139],[0.236334,0.192441,0.952425]],"armWidth":63.703,"confidence":0.619843,"direction":[-0.0662712,0.294222,-0.953437],"elbow":[119.718,383.188,341.424],"grabStrength":0,"id":498,"palmNormal":[0.251137,-0.919858,-0.301316],"palmPosition":[46.0729,341.177,31.4663],"palmVelocity":[9.9372,121.642,-173.678],"palmWidth":90.9658,"pinchStrength":0.415075,"r":[[0.961064,0.239525,0.137781],[-0.246273,0.968606,0.0339549],[-0.125322,-0.0665645,0.989881]],"s":1.01437,"sphereCenter":[59.7564,307.081,1.44379],"sphereRadius":47.7615,"stabilizedPalmPosition":[21.1085,318.558,117.205],"t":[30.6284,22.4816,-96.5625],"timeVisible":0.289166,"type":"right","wrist":[55.9252,331.243,84.338]}],"id":4162145,"interactionBox":{"center":[0,200,0],"size":[235.247,235.247,147.751]},"pointables":[{"bases":[[[0.151031,0.984545,0.0886616],[-0.863622,0.0877756,0.496439],[0.480984,-0.151548,0.863532]],[[0.0235857,0.990683,-0.134132],[-0.939289,0.0679008,0.336341],[0.342315,0.118056,0.932139]],[[0.0235857,0.990683,-0.134132],[-0.998475,0.0166435,-0.0526444],[-0.0499215,0.13517,0.989564]],[[0.0235857,0.990683,-0.134132],[-0.857715,-0.0488743,-0.511798],[-0.513585,0.127119,0.84857]]],"btipPosition":[27.9763,299.438,-16.1249],"carpPosition":[31.3411,312.911,83.9779],"dipPosition":[15.9598,302.412,3.7294],"direction":[0.0499215,-0.13517,-0.989564],"extended":false,"handId":498,"id":4980,"length":52.1025,"mcpPosition":[31.3411,312.911,83.9779],"pipPosition":[14.2581,307.02,37.4602],"stabilizedTipPosition":[-5.18324,271.009,68.6428],"timeVisible":0.289166,"tipPosition":[26.0988,298.602,-11.536],"tipVelocity":[51.3039,174.219,-189.268],"tool":false,"touchDistance":-0.325194,"touchZone":"hovering","type":0,"width":20.2446},{"bases":[[[0.940844,0.30513,-0.147337],[-0.282102,0.946245,0.158235],[0.187699,-0.10731,0.976347]],[[0.950772,0.297791,-0.0857534],[-0.301152,0.953133,-0.0290657],[0.0730789,0.0534597,0.995892]],[[0.950772,0.297791,-0.0857534],[-0.309472,0.926815,-0.212698],[0.0161379,0.228766,0.973348]],[[0.950772,0.297791,-0.0857534],[-0.308701,0.885896,-0.346254],[-0.0271427,0.35568,0.934214]]],"btipPosition":[16.6389,330.125,-74.2893],"carpPosition":[33.5094,336.132,79.7729],"dipPosition":[16.1753,336.2,-58.3319],"direction":[-0.0161379,-0.228766,-0.973348],"extended":true,"handId":498,"id":4981,"length":58.7918,"mcpPosition":[19.7041,344.024,7.96253],"pipPosition":[16.5653,341.728,-34.812],"stabilizedTipPosition":[-6.88152,307.595,-8.33469],"timeVisible":0.289166,"tipPosition":[16.8876,330.265,-70.2932],"tipVelocity":[41.6422,132.834,-187.715],"tool":false,"touchDistance":-0.440745,"touchZone":"hovering","type":1,"width":19.3376},{"bases":[[[0.991767,0.122014,-0.0388766],[-0.11479,0.981623,0.152445],[0.0567626,-0.146727,0.987547]],[[0.992218,0.120747,-0.03038],[-0.0723815,0.36084,-0.929815],[-0.10131,0.924778,0.366772]],[[0.992218,0.120747,-0.03038],[0.0894017,-0.860731,-0.501149],[-0.0866614,0.494533,-0.864828]],[[0.992218,0.120747,-0.03038],[0.123443,-0.985865,0.113283],[-0.016272,-0.116151,-0.993098]]],"btipPosition":[48.0681,295.315,34.3616],"carpPosition":[44.376,341.521,77.6729],"dipPosition":[47.7624,293.133,15.7043],"direction":[0.0866614,-0.494533,0.864828],"extended":false,"handId":498,"id":4982,"length":66.9886,"mcpPosition":[40.4168,351.755,8.79211],"pipPosition":[45.2987,307.192,-8.88172],"stabilizedTipPosition":[9.54456,278.568,124.672],"timeVisible":0.289166,"tipPosition":[47.8936,295.647,30.4348],"tipVelocity":[81.2259,110.464,-189.099],"tool":false,"touchDistance":0.333333,"touchZone":"none","type":2,"width":18.9921},{"bases":[[[0.995123,0.0247436,0.0954922],[-0.0417718,0.982654,0.180681],[-0.0893652,-0.183788,0.978895]],[[0.9975,0.0306985,0.0636554],[0.0504576,0.321293,-0.945634],[-0.0494816,0.946482,0.318941]],[[0.9975,0.0306985,0.0636554],[0.0554009,-0.898896,-0.434646],[0.0438765,0.437086,-0.898349]],[[0.9975,0.0306985,0.0636554],[0.019604,-0.985574,0.168103],[0.0678976,-0.166435,-0.983712]]],"btipPosition":[61.6702,304.252,44.2313],"carpPosition":[56.347,344.016,76.5251],"dipPosition":[62.9384,301.143,25.8565],"direction":[-0.0438765,-0.437086,0.898349],"extended":false,"handId":498,"id":4983,"length":64.4113,"mcpPosition":[61.9433,355.526,15.2234],"pipPosition":[64.1536,313.248,0.977049],"stabilizedTipPosition":[27.5604,282.906,129.055],"timeVisible":0.289166,"tipPosition":[61.9925,304.121,39.9169],"tipVelocity":[63.3211,135.803,-156.727],"tool":false,"touchDistance":0.333333,"touchZone":"none","type":3,"width":18.0722},{"bases":[[[0.971222,-0.1594,0.176972],[0.105785,0.954417,0.279102],[-0.213394,-0.252349,0.943813]],[[0.976994,-0.152026,0.14957],[0.197755,0.383189,-0.902252],[0.0798522,0.911073,0.404437]],[[0.976994,-0.152026,0.14957],[-0.0573524,-0.862779,-0.502319],[0.205412,0.482184,-0.851648]],[[0.976994,-0.152026,0.14957],[-0.165522,-0.982767,0.0822846],[0.134483,-0.105149,-0.985321]]],"btipPosition":[73.0649,314.342,41.2798],"carpPosition":[69.8512,339.537,76.6571],"dipPosition":[75.3823,312.531,24.3005],"direction":[-0.205412,-0.482184,0.851648],"extended":false,"handId":498,"id":4984,"length":50.4973,"mcpPosition":[82.2216,354.165,21.9445],"pipPosition":[79.3989,321.959,7.64776],"stabilizedTipPosition":[43.4529,288.99,116.856],"timeVisible":0.289166,"tipPosition":[73.6985,314.539,37.2894],"tipVelocity":[49.3357,147.565,-174.496],"tool":false,"touchDistance":0.333333,"touchZone":"none","type":4,"width":16.0532}],"r":[[0.961064,0.239525,0.137781],[-0.246273,0.968606,0.0339549],[-0.125322,-0.0665645,0.989881]],"s":1.01437,"t":[30.6284,22.4816,-96.5625],"timestamp":522198957300},false],[6,{"currentFrameRate":94.1229,"devices":[],"gestures":[],"hands":[{"armBasis":[[0.936646,0.217099,-0.274887],[-0.259406,0.957266,-0.127871],[0.23538,0.191077,0.952935]],"armWidth":63.703,"confidence":0.634927,"direction":[-0.0671606,0.292164,-0.954007],"elbow":[119.607,383.694,340.361],"grabStrength":0,"id":498,"palmNormal":[0.254707,-0.919464,-0.299516],"palmPosition":[46.1943,341.914,30.2445],"palmVelocity":[10.9036,110.648,-163.158],"palmWidth":90.9658,"pinchStrength":0.403728,"r":[[0.957991,0.25033,0.139958],[-0.257613,0.965566,0.0363035],[-0.12605,-0.0708334,0.989492]],"s":1.01619,"sphereCenter":[59.9531,307.843,0.290563],"sphereRadius":47.8098,"stabilizedPalmPosition":[21.1904,318.635,116.922],"t":[30.7019,23.4049,-97.8517],"timeVisible":0.298187,"type":"right","wrist":[56.0715,332.117,83.1372]}],"id":4162146,"interactionBox":{"center":[0,200,0],"size":[235.247,235.247,147.751]},"pointables":[{"bases":[[[0.147264,0.985278,0.0868332],[-0.864069,0.0854289,0.496071],[0.48135,-0.148083,0.863929]],[[0.0211455,0.990784,-0.133792],[-0.938535,0.0657886,0.338858],[0.344537,0.118403,0.931276]],[[0.0211455,0.990784,-0.133792],[-0.998661,0.014612,-0.0496289],[-0.0472165,0.134662,0.989766]],[[0.0211455,0.990784,-0.133792],[-0.856751,-0.0510159,-0.513201],[-0.515296,0.125478,0.847776]]],"btipPosition":[28.0296,300.257,-17.242],"carpPosition":[31.5574,313.691,82.8061],"dipPosition":[15.973,303.193,2.59374],"direction":[0.0472165,-0.134662,-0.989766],"extended":false,"handId":498,"id":4980,"length":52.1025,"mcpPosition":[31.5574,313.691,82.8061],"pipPosition":[14.3636,307.783,36.3314],"stabilizedTipPosition":[-3.9908,272.181,65.4571],"timeVisible":0.298187,"tipPosition":[26.1581,299.473,-12.6646],"tipVelocity":[38.5334,150.989,-171.395],"tool":false,"touchDistance":-0.337828,"touchZone":"hovering","type":0,"width":20.2446},{"bases":[[[0.939712,0.308427,-0.147695],[-0.285737,0.945463,0.156378],[0.187872,-0.104748,0.976592]],[[0.949729,0.301169,-0.085509],[-0.304518,0.952066,-0.0289703],[0.0726852,0.053553,0.995916]],[[0.949729,0.301169,-0.085509],[-0.312702,0.925828,-0.212275],[0.0152359,0.228342,0.973462]],[[0.949729,0.301169,-0.085509],[-0.311779,0.885034,-0.345702],[-0.0284364,0.354983,0.93444]]],"btipPosition":[16.8161,330.735,-75.5302],"carpPosition":[33.6384,336.912,78.5576],"dipPosition":[16.3304,336.799,-59.569],"direction":[-0.0152359,-0.228342,-0.973462],"extended":true,"handId":498,"id":4981,"length":58.7918,"mcpPosition":[19.8204,344.616,6.72923],"pipPosition":[16.6985,342.316,-36.0463],"stabilizedTipPosition":[-6.25224,308.249,-10.0296],"timeVisible":0.298187,"tipPosition":[17.0469,330.885,-71.5384],"tipVelocity":[35.4329,114.815,-173.89],"tool":false,"touchDistance":-0.443605,"touchZone":"hovering","type":1,"width":19.3376},{"bases":[[[0.991305,0.125712,-0.0388762],[-0.11856,0.981466,0.15056],[0.0570829,-0.144641,0.987836]],[[0.991713,0.1246,-0.031307],[-0.0737142,0.352281,-0.932987],[-0.105221,0.927563,0.358546]],[[0.991713,0.1246,-0.031307],[0.0930457,-0.864621,-0.493733],[-0.0885879,0.486728,-0.86905]],[[0.991713,0.1246,-0.031307],[0.127475,-0.984665,0.119104],[-0.0159866,-0.122108,-0.992388]]],"btipPosition":[48.3925,296.187,33.6216],"carpPosition":[44.4849,342.339,76.45],"dipPosition":[48.0922,293.893,14.9776],"direction":[0.0885879,-0.486728,0.86905],"extended":false,"handId":498,"id":4982,"length":66.9886,"mcpPosition":[40.5034,352.428,7.549],"pipPosition":[45.5737,307.731,-9.72847],"stabilizedTipPosition":[9.71938,278.645,124.242],"timeVisible":0.298187,"tipPosition":[48.2165,296.385,29.5186],"tipVelocity":[68.8116,105.881,-159.55],"tool":false,"touchDistance":0.333333,"touchZone":"none","type":2,"width":18.9921},{"bases":[[[0.994998,0.0287094,0.0956773],[-0.0455524,0.982828,0.178811],[-0.0889008,-0.182275,0.97922]],[[0.997348,0.0345749,0.0640365],[0.049978,0.314206,-0.948038],[-0.052899,0.948725,0.311645]],[[0.997348,0.0345749,0.0640365],[0.0588251,-0.901066,-0.429675],[0.0428452,0.432303,-0.90071]],[[0.997348,0.0345749,0.0640365],[0.0232037,-0.985087,0.170483],[0.068976,-0.168545,-0.983278]]],"btipPosition":[61.9018,305.09,43.3692],"carpPosition":[56.4466,344.877,75.3002],"dipPosition":[63.1902,301.942,25.0025],"direction":[-0.0428452,-0.432303,0.90071],"extended":false,"handId":498,"id":4983,"length":64.4113,"mcpPosition":[62.0139,356.292,13.9782],"pipPosition":[64.3767,313.915,0.0577189],"stabilizedTipPosition":[27.8579,283.09,128.283],"timeVisible":0.298187,"tipPosition":[62.2334,304.901,38.9582],"tipVelocity":[53.1048,123.724,-139.842],"tool":false,"touchDistance":0.333333,"touchZone":"none","type":3,"width":18.0722},{"bases":[[[0.971779,-0.155369,0.1775],[0.102087,0.955339,0.27732],[-0.212659,-0.251373,0.944239]],[[0.977585,-0.147947,0.149794],[0.196183,0.381896,-0.903143],[0.0764115,0.912287,0.40236]],[[0.977585,-0.147947,0.149794],[-0.0535085,-0.862708,-0.502863],[0.203626,0.483576,-0.851288]],[[0.977585,-0.147947,0.149794],[-0.161225,-0.983612,0.0807049],[0.135399,-0.103047,-0.985418]]],"btipPosition":[73.2796,315.092,40.1099],"carpPosition":[69.9678,340.449,75.4439],"dipPosition":[75.6128,313.317,23.129],"direction":[-0.203626,-0.483576,0.851288],"extended":false,"handId":498,"id":4984,"length":50.4973,"mcpPosition":[82.2956,355.021,20.7066],"pipPosition":[79.5945,322.772,6.48323],"stabilizedTipPosition":[43.7825,289.269,115.98],"timeVisible":0.298187,"tipPosition":[73.9123,315.306,36.1232],"tipVelocity":[42.4215,130.091,-162.18],"tool":false,"touchDistance":0.333333,"touchZone":"none","type":4,"width":16.0532}],"r":[[0.957991,0.25033,0.139958],[-0.257613,0.965566,0.0363035],[-0.12605,-0.0708334,0.