{"sensorType":"Leap","data":[[0,{"currentFrameRate":108.502,"devices":[],"gestures":[],"hands":[{"armBasis":[[0.793735,-0.602133,-0.0861439],[0.576444,0.789837,-0.209452],[0.194157,0.116592,0.974017]],"armWidth":63.703,"confidence":0.703023,"direction":[0.21209,0.0921643,-0.972895],"elbow":[85.0439,366.605,359.266],"grabStrength":0,"id":503,"palmNormal":[-0.536361,-0.821219,-0.194722],"palmPosition":[35.5433,340.854,42.0373],"palmVelocity":[16.4202,-19.783,-206.562],"palmWidth":90.9658,"pinchStrength":0.572406,"r":[[0.960663,0.265998,0.0798221],[-0.2732,0.956787,0.0995963],[-0.0498804,-0.117486,0.991821]],"s":1.05569,"sphereCenter":[21.7431,306.984,17.9335],"sphereRadius":44.8314,"stabilizedPalmPosition":[5.95147,331.107,138.916],"t":[43.8791,19.6741,-117.77],"timeVisible":0.452032,"type":"right","wrist":[32.6354,335.133,96.3512]}],"id":4163774,"interactionBox":{"center":[0,200,0],"size":[235.247,235.247,147.751]},"pointables":[{"bases":[[[0.849842,0.525906,0.0345155],[-0.500344,0.784488,0.36638],[0.165604,-0.328634,0.929825]],[[0.682153,0.61777,-0.391187],[-0.70089,0.704885,-0.109044],[0.208377,0.348564,0.913828]],[[0.682153,0.61777,-0.391187],[-0.721598,0.655207,-0.223608],[0.11817,0.434814,0.892733]],[[0.682153,0.61777,-0.391187],[-0.614374,0.19414,-0.764757],[-0.396499,0.762017,0.511976]]],"btipPosition":[-2.31341,291.955,6.00899],"carpPosition":[2.83649,342,94.022],"dipPosition":[-11.5904,309.784,17.9879],"direction":[-0.11817,-0.434814,-0.892733],"extended":false,"handId":503,"id":5030,"length":52.1025,"mcpPosition":[2.83649,342,94.022],"pipPosition":[-7.56244,324.606,48.418],"stabilizedTipPosition":[-39.9632,288.129,110.896],"timeVisible":0.452032,"tipPosition":[-4.95503,296.478,8.29368],"tipVelocity":[38.3407,-12.728,-197.322],"tool":false,"touchDistance":-0.522165,"touchZone":"hovering","type":0,"width":20.2446},{"bases":[[[0.840919,-0.539652,-0.0403831],[0.541095,0.839636,0.0471897],[0.00844107,-0.0615338,0.998069]],[[0.824089,-0.540588,0.169242],[0.562642,0.81578,-0.133931],[-0.0656628,0.205594,0.976432]],[[0.824089,-0.540588,0.169242],[0.566338,0.780067,-0.266],[0.0117761,0.315056,0.949]],[[0.824089,-0.540588,0.169242],[0.562109,0.743442,-0.362391],[0.0700824,0.393775,0.916531]]],"btipPosition":[22.8949,335.855,-65.507],"carpPosition":[22.1771,354.499,88.4266],"dipPosition":[24.092,342.582,-49.8517],"direction":[-0.0117761,-0.315056,-0.949],"extended":true,"handId":503,"id":5031,"length":58.7918,"mcpPosition":[21.5562,359.025,15.0186],"pipPosition":[24.3765,350.195,-26.9201],"stabilizedTipPosition":[5.97797,322.621,11.2452],"timeVisible":0.452032,"tipPosition":[22.8566,336.591,-61.6632],"tipVelocity":[19.7226,0.796674,-209.029],"tool":false,"touchDistance":-0.555132,"touchZone":"hovering","type":1,"width":19.3376},{"bases":[[[0.729681,-0.678182,0.087382],[0.675527,0.734759,0.061584],[-0.10597,0.0140922,0.994269]],[[0.728062,-0.677905,0.101834],[0.221057,0.0915573,-0.970954],[0.648891,0.729426,0.216515]],[[0.728062,-0.677905,0.101834],[-0.590704,-0.695788,-0.408592],[0.347841,0.237326,-0.907019]],[[0.728062,-0.677905,0.101834],[-0.684317,-0.709965,0.166311],[-0.0404443,-0.190772,-0.980801]]],"btipPosition":[0.327309,310.098,51.856],"carpPosition":[33.3333,349.393,87.4273],"dipPosition":[-0.432517,306.514,33.4297],"direction":[-0.347841,-0.237326,0.907019],"extended":false,"handId":503,"id":5032,"length":66.9886,"mcpPosition":[40.7247,348.41,18.0776],"pipPosition":[9.45621,313.26,7.64427],"stabilizedTipPosition":[-21.5805,307.357,129.347],"timeVisible":0.452032,"tipPosition":[0.0485723,309.143,47.1767],"tipVelocity":[2.17689,-5.8805,-209.796],"tool":false,"touchDistance":0.333333,"touchZone":"none","type":2,"width":18.9921},{"bases":[[[0.653119,-0.722163,0.227852],[0.722211,0.684503,0.0993335],[-0.2277,0.0996804,0.968616]],[[0.650386,-0.720936,0.239269],[0.31012,-0.0355314,-0.950033],[0.693415,0.69209,0.200468]],[[0.650386,-0.720936,0.239269],[-0.620808,-0.685999,-0.379476],[0.437717,0.0982659,-0.893727]],[[0.650386,-0.720936,0.239269],[-0.759086,-0.62849,0.169672],[0.0280555,-0.291978,-0.956013]]],"btipPosition":[13.5858,307.33,60.7317],"carpPosition":[42.9461,341.754,87.7352],"dipPosition":[14.1098,301.876,42.8743],"direction":[-0.437717,-0.0982659,0.893727],"extended":false,"handId":503,"id":5033,"length":64.4113,"mcpPosition":[57.2054,335.512,27.0773],"pipPosition":[26.2322,304.598,18.1229],"stabilizedTipPosition":[-14.0866,302.913,148.257],"timeVisible":0.452032,"tipPosition":[13.6061,305.938,56.3903],"tipVelocity":[1.21183,-11.8061,-210.177],"tool":false,"touchDistance":0.333333,"touchZone":"none","type":3,"width":18.0722},{"bases":[[[0.494007,-0.808878,0.318861],[0.792029,0.569947,0.218746],[-0.358673,0.144486,0.922214]],[[0.51555,-0.816353,0.260337],[0.417582,-0.0259351,-0.908269],[0.74822,0.57697,0.327524]],[[0.51555,-0.816353,0.260337],[-0.653345,-0.571094,-0.496983],[0.554391,0.0861293,-0.827788]],[[0.51555,-0.816353,0.260337],[-0.850397,-0.524719,0.0386643],[0.10504,-0.241324,-0.964743]]],"btipPosition":[29.8398,302.415,57.8101],"carpPosition":[48.1474,328.712,90.0376],"dipPosition":[31.6498,298.256,41.1855],"direction":[-0.554391,-0.0861293,0.827788],"extended":false,"handId":503,"id":5034,"length":50.4973,"mcpPosition":[68.9396,320.336,36.5771],"pipPosition":[42.4902,299.94,24.9993],"stabilizedTipPosition":[5.94254,297.459,140.452],"timeVisible":0.452032,"tipPosition":[30.1932,301.175,53.8632],"tipVelocity":[-1.37915,-16.5546,-210.185],"tool":false,"touchDistance":0.333333,"touchZone":"none","type":4,"width":16.0532}],"r":[[0.960663,0.265998,0.0798221],[-0.2732,0.956787,0.0995963],[-0.0498804,-0.117486,0.991821]],"s":1.05569,"t":[43.8791,19.6741,-117.77],"timestamp":522218950250},false],[1,{"currentFrameRate":108.559,"devices":[],"gestures":[],"hands":[{"armBasis":[[0.791548,-0.604448,-0.089973],[0.577475,0.788003,-0.21348],[0.199936,0.117022,0.972796]],"armWidth":63.703,"confidence":0.714306,"direction":[0.220268,0.0899577,-0.971283],"elbow":[85.9417,366.992,356.78],"grabStrength":0,"id":503,"palmNormal":[-0.534032,-0.822132,-0.197252],"palmPosition":[35.3377,340.994,39.8942],"palmVelocity":[5.60173,-10.0059,-214.519],"palmWidth":90.9658,"pinchStrength":0.57706,"r":[[0.961339,0.263104,0.0812597],[-0.270489,0.957554,0.0996261],[-0.0515985,-0.117754,0.991701]],"s":1.05442,"sphereCenter":[21.379,307.532,15.6901],"sphereRadius":44.6584,"stabilizedPalmPosition":[5.9517,331.107,138.916],"t":[43.8202,19.6391,-119.758],"timeVisible":0.461142,"type":"right","wrist":[31.9733,335.405,94.1954]}],"id":4163775,"interactionBox":{"center":[0,200,0],"size":[235.247,235.247,147.751]},"pointables":[{"bases":[[[0.849098,0.526686,0.040437],[-0.504063,0.784972,0.360194],[0.157967,-0.326223,0.932001]],[[0.686062,0.617261,-0.385108],[-0.700964,0.702569,-0.122659],[0.194852,0.354099,0.914684]],[[0.686062,0.617261,-0.385108],[-0.720377,0.650446,-0.240787],[0.101863,0.442617,0.890906]],[[0.686062,0.617261,-0.385108],[-0.59853,0.177921,-0.781093],[-0.413619,0.766377,0.491514]]],"btipPosition":[-1.32876,291.552,4.08178],"carpPosition":[2.18977,342.242,91.5965],"dipPosition":[-11.0064,309.483,15.5819],"direction":[-0.101863,-0.442617,-0.890906],"extended":false,"handId":503,"id":5030,"length":52.1025,"mcpPosition":[2.18977,342.242,91.5965],"pipPosition":[-7.53419,324.571,45.9498],"stabilizedTipPosition":[-39.9627,288.129,110.894],"timeVisible":0.461142,"tipPosition":[-4.25491,296.185,6.21519],"tipVelocity":[54.8835,-20.7546,-204.622],"tool":false,"touchDistance":-0.528842,"touchZone":"hovering","type":0,"width":20.2446},{"bases":[[[0.841663,-0.53906,-0.0319201],[0.540004,0.840193,0.0497205],[0.0000167858,-0.0590848,0.998253]],[[0.823083,-0.539505,0.177393],[0.56303,0.81607,-0.130485],[-0.0743675,0.207278,0.975451]],[[0.823083,-0.539505,0.177393],[0.567911,0.780093,-0.262549],[0.00326338,0.316843,0.948472]],[[0.823083,-0.539505,0.177393],[0.564545,0.743245,-0.358993],[0.0618322,0.395627,0.916327]]],"btipPosition":[23.6251,335.771,-67.754],"carpPosition":[21.5672,354.742,86.1348],"dipPosition":[24.6812,342.529,-52.1022],"direction":[-0.00326338,-0.316843,-0.948472],"extended":true,"handId":503,"id":5031,"length":58.7918,"mcpPosition":[21.5659,359.088,12.7132],"pipPosition":[24.7601,350.185,-29.1833],"stabilizedTipPosition":[5.97895,322.622,11.2411],"timeVisible":0.461142,"tipPosition":[23.5566,336.524,-63.9149],"tipVelocity":[35.5003,-1.75906,-219.49],"tool":false,"touchDistance":-0.561669,"touchZone":"hovering","type":1,"width":19.3376},{"bases":[[[0.729454,-0.677367,0.0952357],[0.674392,0.735461,0.0655126],[-0.114418,0.0164377,0.993297]],[[0.727698,-0.677053,0.109795],[0.228359,0.0882097,-0.969573],[0.646767,0.730628,0.218801]],[[0.727698,-0.677053,0.109795],[-0.58669,-0.697341,-0.411716],[0.355318,0.235189,-0.904674]],[[0.727698,-0.677053,0.109795],[-0.685185,-0.71027,0.161365],[-0.0312692,-0.192655,-0.980768]]],"btipPosition":[0.0362167,310.222,49.5619],"carpPosition":[32.7356,349.643,85.2428],"dipPosition":[-0.551237,306.603,31.1362],"direction":[-0.355318,-0.235189,0.904674],"extended":false,"handId":503,"id":5032,"length":66.9886,"mcpPosition":[40.7162,348.496,15.9609],"pipPosition":[9.55003,313.289,5.41741],"stabilizedTipPosition":[-21.5803,307.357,129.346],"timeVisible":0.461142,"tipPosition":[-0.185258,309.267,44.872],"tipVelocity":[-6.08421,-0.701963,-221.451],"tool":false,"touchDistance":0.333333,"touchZone":"none","type":2,"width":18.9921},{"bases":[[[0.651738,-0.721067,0.235158],[0.720794,0.685336,0.10378],[-0.235995,0.101863,0.966401]],[[0.648911,-0.719816,0.246534],[0.318235,-0.0375479,-0.947268],[0.691116,0.693148,0.204705]],[[0.648911,-0.719816,0.246534],[-0.616987,-0.687425,-0.383112],[0.445244,0.0964974,-0.890195]],[[0.648911,-0.719816,0.246534],[-0.759991,-0.628715,0.164713],[0.0364362,-0.294248,-0.955034]]],"btipPosition":[13.2483,307.496,58.4808],"carpPosition":[42.3515,342.013,85.651],"dipPosition":[13.9289,302,40.6417],"direction":[-0.445244,-0.0964974,0.890195],"extended":false,"handId":503,"id":5033,"length":64.4113,"mcpPosition":[57.1303,335.634,25.1318],"pipPosition":[26.2597,304.672,15.9881],"stabilizedTipPosition":[-14.0864,302.913,148.256],"timeVisible":0.461142,"tipPosition":[13.3078,306.096,54.1463],"tipVelocity":[-8.30592,-3.76852,-220.288],"tool":false,"touchDistance":0.333333,"touchZone":"none","type":3,"width":18.0722},{"bases":[[[0.491929,-0.80769,0.325026],[0.789688,0.57113,0.224061],[-0.366604,0.146447,0.918779]],[[0.513618,-0.815189,0.2677],[0.42534,-0.0290605,-0.904567],[0.745173,0.578465,0.331807]],[[0.513618,-0.815189,0.2677],[-0.648967,-0.573182,-0.500304],[0.561283,0.0832371,-0.823427]],[[0.513618,-0.815189,0.2677],[-0.850502,-0.524913,0.0333552],[0.113328,-0.244811,-0.962925]]],"btipPosition":[29.5258,302.634,55.733],"carpPosition":[47.5435,328.981,88.0294],"dipPosition":[31.4787,298.415,39.1397],"direction":[-0.561283,-0.0832371,0.823427],"extended":false,"handId":503,"id":5034,"length":50.4973,"mcpPosition":[68.7955,320.491,34.7681],"pipPosition":[42.4538,300.043,23.0388],"stabilizedTipPosition":[5.94273,297.459,140.451],"timeVisible":0.461142,"tipPosition":[29.9176,301.373,51.7885],"tipVelocity":[-9.55771,-5.72183,-214.908],"tool":false,"touchDistance":0.333333,"touchZone":"none","type":4,"width":16.0532}],"r":[[0.961339,0.263104,0.0812597],[-0.270489,0.957554,0.0996261],[-0.0515985,-0.117754,0.991701]],"s":1.05442,"t":[43.8202,19.6391,-119.758],"timestamp":522218959360},false],[2,{"currentFrameRate":108.552,"devices":[],"gestures":[],"hands":[{"armBasis":[[0.789596,-0.606909,-0.0905503],[0.579577,0.786089,-0.214835],[0.201566,0.117152,0.972444]],"armWidth":63.703,"confidence":0.724935,"direction":[0.223455,0.0883988,-0.970697],"elbow":[86.3182,367.105,355.417],"grabStrength":0,"id":503,"palmNormal":[-0.534951,-0.821368,-0.197946],"palmPosition":[35.4535,341.002,38.63],"palmVelocity":[7.55048,-6.97188,-192.797],"palmWidth":90.9658,"pinchStrength":0.578281,"r":[[0.961918,0.260448,0.0829459],[-0.268023,0.958285,0.0992595],[-0.0536339,-0.117711,0.991598]],"s":1.0534,"sphereCenter":[21.3808,307.691,14.3953],"sphereRadius":44.6105,"stabilizedPalmPosition":[5.95187,331.107,138.915],"t":[43.8486,19.6254,-121.384],"timeVisible":0.470367,"type":"right","wrist":[31.9098,335.483,92.9269]}],"id":4163776,"interactionBox":{"center":[0,200,0],"size":[235.247,235.247,147.751]},"pointables":[{"bases":[[[0.84995,0.525149,0.0424598],[-0.503714,0.786335,0.3577],[0.154458,-0.325415,0.932871]],[[0.689003,0.615464,-0.382726],[-0.699174,0.703516,-0.12736],[0.190869,0.355344,0.915041]],[[0.689003,0.615464,-0.382726],[-0.718155,0.650892,-0.246155],[0.0976142,0.444458,0.890465]],[[0.689003,0.615464,-0.382726],[-0.593115,0.175338,-0.785793],[-0.416521,0.768414,0.485849]]],"btipPosition":[-0.959687,291.51,2.84236],"carpPosition":[2.14731,342.372,90.2273],"dipPosition":[-10.7052,309.489,14.21],"direction":[-0.0976143,-0.444458,-0.890465],"extended":false,"handId":503,"id":5030,"length":52.1025,"mcpPosition":[2.14731,342.372,90.2273],"pipPosition":[-7.37785,324.639,44.5628],"stabilizedTipPosition":[-39.9621,288.129,110.893],"timeVisible":0.470367,"tipPosition":[-3.92054,296.139,4.96414],"tipVelocity":[50.2381,-15.883,-185.847],"tool":false,"touchDistance":-0.52334,"touchZone":"hovering","type":0,"width":20.2446},{"bases":[[[0.840749,-0.540665,-0.0286665],[0.541415,0.839243,0.0504125],[-0.00319817,-0.0579048,0.998317]],[[0.821548,-0.540838,0.180424],[0.564882,0.815016,-0.129063],[-0.0772459,0.20795,0.975085]],[[0.821548,-0.540838,0.180424],[0.570138,0.778962,-0.261075],[0.000656044,0.317352,0.948307]],[[0.821548,-0.540838,0.180424],[0.567029,0.742065,-0.357517],[0.0594725,0.396023,0.916313]]],"btipPosition":[24.0862,335.725,-69.0623],"carpPosition":[21.5649,354.83,84.8112],"dipPosition":[25.1021,342.489,-53.4107],"direction":[-0.000656044,-0.317352,-0.948308],"extended":true,"handId":503,"id":5031,"length":58.7918,"mcpPosition":[21.8001,359.089,11.385],"pipPosition":[25.1179,350.158,-30.4958],"stabilizedTipPosition":[5.97982,322.623,11.2374],"timeVisible":0.470367,"tipPosition":[24.0093,336.488,-65.226],"tipVelocity":[39.2811,-2.64434,-197.713],"tool":false,"touchDistance":-0.55346,"touchZone":"hovering","type":1,"width":19.3376},{"bases":[[[0.727888,-0.678613,0.0983021],[0.675558,0.73428,0.066746],[-0.117476,0.0178251,0.992916]],[[0.726079,-0.678277,0.112914],[0.231425,0.0864227,-0.969006],[0.647496,0.729707,0.21972]],[[0.726079,-0.678277,0.112914],[-0.586553,-0.696655,-0.413071],[0.358839,0.233692,-0.903672]],[[0.726079,-0.678277,0.112914],[-0.68704,-0.708935,0.159334],[-0.0280236,-0.193266,-0.980746]]],"btipPosition":[0.044237,310.29,48.2325],"carpPosition":[32.7265,349.709,83.96],"dipPosition":[-0.482242,306.659,29.8073],"direction":[-0.358838,-0.233692,0.903672],"extended":false,"handId":503,"id":5032,"length":66.9886,"mcpPosition":[40.9204,348.465,14.7047],"pipPosition":[9.71911,313.303,4.11692],"stabilizedTipPosition":[-21.5802,307.357,129.346],"timeVisible":0.470367,"tipPosition":[-0.153003,309.34,43.5498],"tipVelocity":[-3.70831,1.47084,-199.763],"tool":false,"touchDistance":0.333333,"touchZone":"none","type":2,"width":18.9921},{"bases":[[[0.649656,-0.722003,0.238033],[0.721747,0.684114,0.105217],[-0.238808,0.103445,0.965541]],[[0.646799,-0.720735,0.249384],[0.32114,-0.0392087,-0.94622],[0.691751,0.692101,0.206097]],[[0.646799,-0.720735,0.249384],[-0.617047,-0.686716,-0.384284],[0.448223,0.0946728,-0.888894]],[[0.646799,-0.720735,0.249384],[-0.761668,-0.627121,0.163036],[0.0388882,-0.2954,-0.954582]]],"btipPosition":[13.2431,307.564,57.1841],"carpPosition":[42.3268,342.061,84.4071],"dipPosition":[13.9695,302.047,39.3535],"direction":[-0.448223,-0.0946729,0.888894],"extended":false,"handId":503,"id":5033,"length":64.4113,"mcpPosition":[57.2818,335.583,23.9417],"pipPosition":[26.3829,304.669,14.7359],"stabilizedTipPosition":[-14.0863,302.913,148.256],"timeVisible":0.470367,"tipPosition":[13.3148,306.161,52.8547],"tipVelocity":[-5.8134,-0.787467,-197.874],"tool":false,"touchDistance":0.333333,"touchZone":"none","type":3,"width":18.0722},{"bases":[[[0.489406,-0.808221,0.327505],[0.790053,0.569921,0.225846],[-0.369186,0.148216,0.917461]],[[0.510952,-0.815739,0.271105],[0.428396,-0.0317831,-0.903032],[0.745255,0.577546,0.33322]],[[0.510952,-0.815739,0.271105],[-0.648557,-0.572821,-0.501249],[0.564183,0.0802869,-0.821737]],[[0.510952,-0.815739,0.271105],[-0.85175,-0.522992,0.0316432],[0.115973,-0.247082,-0.962029]]],"btipPosition":[29.5138,302.702,54.4986],"carpPosition":[47.4871,329.022,86.817],"dipPosition":[31.5123,298.444,37.9207],"direction":[-0.564183,-0.0802869,0.821737],"extended":false,"handId":503,"id":5034,"length":50.4973,"mcpPosition":[68.8887,320.43,33.6321],"pipPosition":[42.5441,300.014,21.8528],"stabilizedTipPosition":[5.94286,297.459,140.451],"timeVisible":0.470367,"tipPosition":[29.9199,301.429,50.5592],"tipVelocity":[-6.92285,-2.31095,-192.062],"tool":false,"touchDistance":0.333333,"touchZone":"none","type":4,"width":16.0532}],"r":[[0.961918,0.260448,0.0829459],[-0.268023,0.958285,0.0992595],[-0.0536339,-0.117711,0.991598]],"s":1.0534,"t":[43.8486,19.6254,-121.384],"timestamp":522218968585},false],[3,{"currentFrameRate":108.748,"devices":[],"gestures":[],"hands":[{"armBasis":[[0.790955,-0.604477,-0.0948608],[0.577425,0.788684,-0.211088],[0.202413,0.112186,0.972853]],"armWidth":63.703,"confidence":0.730445,"direction":[0.226492,0.0882526,-0.970007],"elbow":[86.5391,365.722,353.468],"grabStrength":0,"id":503,"palmNormal":[-0.531213,-0.823545,-0.198963],"palmPosition":[35.6136,340.918,36.5782],"palmVelocity":[10.4083,-7.6545,-203.407],"palmWidth":90.9658,"pinchStrength":0.579689,"r":[[0.962124,0.259053,0.0849092],[-0.266828,0.958688,0.098589],[-0.0558617,-0.117511,0.991499]],"s":1.05254,"sphereCenter":[21.6936,307.592,12.3191],"sphereRadius":44.5882,"stabilizedPalmPosition":[5.95198,331.107,138.915],"t":[43.9429,19.5765,-123.222],"timeVisible":0.47921,"type":"right","wrist":[31.9021,335.44,90.8681]}],"id":4163777,"interactionBox":{"center":[0,200,0],"size":[235.247,235.247,147.751]},"pointables":[{"bases":[[[0.847846,0.528341,0.0448712],[-0.507862,0.78482,0.355152],[0.152426,-0.323903,0.933731]],[[0.688649,0.617571,-0.379959],[-0.700977,0.701045,-0.13102],[0.185454,0.356569,0.915677]],[[0.688649,0.617571,-0.379959],[-0.719285,0.648032,-0.250368],[0.0916056,0.445714,0.890476]],[[0.688649,0.617571,-0.379959],[-0.58826,0.16948,-0.790713],[-0.423926,0.768038,0.480004]]],"btipPosition":[-0.334875,291.259,0.778085],"carpPosition":[2.12386,342.216,88.0584],"dipPosition":[-10.2536,309.229,12.0089],"direction":[-0.0916056,-0.445714,-0.890476],"extended":false,"handId":503,"id":5030,"length":52.1025,"mcpPosition":[2.12386,342.216,88.0584],"pipPosition":[-7.13111,324.422,42.3621],"stabilizedTipPosition":[-39.9615,288.129,110.891],"timeVisible":0.47921,"tipPosition":[-3.34872,295.853,2.87824],"tipVelocity":[54.5424,-19.3232,-199.682],"tool":false,"touchDistance":-0.530775,"touchZone":"hovering","type":0,"width":20.2446},{"bases":[[[0.842842,-0.537571,-0.025203],[0.538123,0.841296,0.0514353],[-0.00644693,-0.0569141,0.998358]],[[0.822933,-0.53761,0.183729],[0.562265,0.817044,-0.127663],[-0.0814817,0.208362,0.974652]],[[0.822933,-0.53761,0.183729],[0.568125,0.780895,-0.259684],[-0.00386392,0.318084,0.948055]],[[0.822933,-0.53761,0.183729],[0.56549,0.743892,-0.356155],[0.0547981,0.396988,0.916186]]],"btipPosition":[24.6451,335.511,-71.1527],"carpPosition":[21.5138,354.741,82.697],"dipPosition":[25.5811,342.292,-55.5033],"direction":[0.00386392,-0.318084,-0.948055],"extended":true,"handId":503,"id":5031,"length":58.7918,"mcpPosition":[21.988,358.927,9.26772],"pipPosition":[25.4877,349.978,-32.5945],"stabilizedTipPosition":[5.98059,322.623,11.2342],"timeVisible":0.47921,"tipPosition":[24.5563,336.286,-67.3202],"tipVelocity":[45.1887,-8.35845,-208.192],"tool":false,"touchDistance":-0.557811,"touchZone":"hovering","type":1,"width":19.3376},{"bases":[[[0.730053,-0.675809,0.101514],[0.672596,0.736847,0.0683402],[-0.120985,0.0183859,0.992484]],[[0.728189,-0.675464,0.11614],[0.234517,0.0863379,-0.96827],[0.644005,0.732321,0.221278]],[[0.728189,-0.675464,0.11614],[-0.58249,-0.699223,-0.414479],[0.361173,0.234169,-0.902618]],[[0.728189,-0.675464,0.11614],[-0.684962,-0.711333,0.157583],[-0.0238277,-0.194302,-0.980652]]],"btipPosition":[0.282735,310.082,46.0855],"carpPosition":[32.6972,349.66,81.8896],"dipPosition":[-0.164916,306.432,27.662],"direction":[-0.361173,-0.234169,0.902618],"extended":false,"handId":503,"id":5032,"length":66.9886,"mcpPosition":[41.1358,348.378,12.6645],"pipPosition":[10.1028,313.089,2.0016],"stabilizedTipPosition":[-21.5802,307.357,129.345],"timeVisible":0.47921,"tipPosition":[0.107259,309.129,41.4089],"tipVelocity":[5.1451,-5.42123,-211.391],"tool":false,"touchDistance":0.333333,"touchZone":"none","type":2,"width":18.9921},{"bases":[[[0.651497,-0.719348,0.241017],[0.718837,0.686892,0.107022],[-0.242538,0.103528,0.964602]],[[0.6486,-0.718081,0.252343],[0.324594,-0.0389177,-0.945053],[0.688445,0.69487,0.207843]],[[0.6486,-0.718081,0.252343],[-0.613134,-0.689376,-0.385781],[0.450982,0.0954975,-0.88741]],[[0.6486,-0.718081,0.252343],[-0.759895,-0.629796,0.160986],[0.0433239,-0.29617,-0.954152]]],"btipPosition":[13.4625,307.415,55.0865],"carpPosition":[42.3242,342.049,82.3778],"dipPosition":[14.2717,301.882,37.2639],"direction":[-0.450981,-0.0954975,0.88741],"extended":false,"handId":503,"id":5033,"length":64.4113,"mcpPosition":[57.5128,335.565,21.9712],"pipPosition":[26.7615,304.527,12.6874],"stabilizedTipPosition":[-14.0863,302.913,148.256],"timeVisible":0.47921,"tipPosition":[13.5555,306.01,50.7618],"tipVelocity":[3.05291,-5.25922,-208.458],"tool":false,"touchDistance":0.333333,"touchZone":"none","type":3,"width":18.0722},{"bases":[[[0.491259,-0.806071,0.330021],[0.787147,0.573074,0.228003],[-0.372913,0.147767,0.916024]],[[0.512694,-0.813469,0.274613],[0.431844,-0.0321164,-0.901377],[0.742062,0.580721,0.334826]],[[0.512694,-0.813469,0.274613],[-0.644839,-0.576011,-0.502388],[0.566857,0.0804903,-0.819875]],[[0.512694,-0.813469,0.274613],[-0.8501,-0.525789,0.0295988],[0.120311,-0.248623,-0.961099]]],"btipPosition":[29.753,302.648,52.4745],"carpPosition":[47.5243,329.031,84.8189],"dipPosition":[31.8262,298.363,35.9126],"direction":[-0.566857,-0.0804903,0.819875],"extended":false,"handId":503,"id":5034,"length":50.4973,"mcpPosition":[69.142,320.465,31.7172],"pipPosition":[42.9103,299.937,19.8811],"stabilizedTipPosition":[5.94295,297.459,140.45],"timeVisible":0.47921,"tipPosition":[30.1823,301.363,48.5379],"tipVelocity":[2.79232,-3.53767,-201.914],"tool":false,"touchDistance":0.333333,"touchZone":"none","type":4,"width":16.0532}],"r":[[0.962124,0.259053,0.0849092],[-0.266828,0.958688,0.098589],[-0.0558617,-0.117511,0.991499]],"s":1.05254,"t":[43.9429,19.5765,-123.222],"timestamp":522218977428},false],[4,{"currentFrameRate":108.952,"devices":[],"gestures":[],"hands":[{"armBasis":[[0.792151,-0.602605,-0.0967649],[0.575874,0.790497,-0.208529],[0.202153,0.109462,0.973217]],"armWidth":63.703,"confidence":0.73858,"direction":[0.230085,0.0856431,-0.969395],"elbow":[86.4337,365.343,351.747],"grabStrength":0,"id":503,"palmNormal":[-0.527915,-0.825832,-0.19826],"palmPosition":[35.7779,341.101,34.7549],"palmVelocity":[12.6301,-0.00127538,-204.359],"palmWidth":90.9658,"pinchStrength":0.579845,"r":[[0.962058,0.258581,0.0870677],[-0.266531,0.958914,0.097188],[-0.0583595,-0.116707,0.99145]],"s":1.05184,"sphereCenter":[22.0363,307.674,10.5509],"sphereRadius":44.5781,"stabilizedPalmPosition":[5.95206,331.107,138.914],"t":[44.0722,19.6434,-125.054],"timeVisible":0.488021,"type":"right","wrist":[31.8669,335.796,89.048]}],"id":4163778,"interactionBox":{"center":[0,200,0],"size":[235.247,235.247,147.751]},"pointables":[{"bases":[[[0.846053,0.531072,0.0464356],[-0.511652,0.784472,0.350451],[0.149688,-0.320259,0.935429]],[[0.688658,0.618336,-0.378695],[-0.70228,0.698758,-0.136162],[0.180422,0.359719,0.915451]],[[0.688658,0.618336,-0.378695],[-0.719966,0.645084,-0.255962],[0.0860192,0.448918,0.889423]],[[0.688658,0.618336,-0.378695],[-0.583618,0.162764,-0.795548],[-0.430278,0.768875,0.472961]]],"btipPosition":[0.211022,291.229,-0.971411],"carpPosition":[2.07959,342.472,86.0969],"dipPosition":[-9.85636,309.218,10.0946],"direction":[-0.0860192,-0.448918,-0.889423],"extended":false,"handId":503,"id":5030,"length":52.1025,"mcpPosition":[2.07959,342.472,86.0969],"pipPosition":[-6.92426,324.52,40.412],"stabilizedTipPosition":[-39.9607,288.13,110.888],"timeVisible":0.488021,"tipPosition":[-2.83469,295.796,1.09602],"tipVelocity":[55.4955,-14.9045,-200.539],"tool":false,"touchDistance":-0.532842,"touchZone":"hovering","type":0,"width":20.2446},{"bases":[[[0.844562,-0.535083,-0.0200196],[0.535359,0.843102,0.050701],[-0.0102507,-0.0535379,0.998513]],[[0.823829,-0.534474,0.188792],[0.560266,0.818358,-0.128033],[-0.0860691,0.211251,0.973635]],[[0.823829,-0.534474,0.188792],[0.566772,0.781768,-0.260014],[-0.0086208,0.321209,0.946969]],[[0.823829,-0.534474,0.188792],[0.564631,0.744403,-0.35645],[0.0499762,0.400252,0.915041]]],"btipPosition":[25.258,335.303,-73.0017],"carpPosition":[21.4527,355.037,80.7698],"dipPosition":[26.1117,342.14,-57.3719],"direction":[0.0086208,-0.321209,-0.946969],"extended":true,"handId":503,"id":5031,"length":58.7918,"mcpPosition":[22.2066,358.975,7.32919],"pipPosition":[25.9034,349.902,-34.4894],"stabilizedTipPosition":[5.98138,322.624,11.231],"timeVisible":0.488021,"tipPosition":[25.155,336.099,-69.1749],"tipVelocity":[51.1831,-12.0582,-208.779],"tool":false,"touchDistance":-0.558167,"touchZone":"hovering","type":1,"width":19.3376},{"bases":[[[0.73169,-0.673232,0.106719],[0.67008,0.739122,0.0684964],[-0.124993,0.0213923,0.991927]],[[0.729756,-0.672841,0.121412],[0.237869,0.0833706,-0.967713],[0.640994,0.735074,0.220888]],[[0.729756,-0.672841,0.121412],[-0.578971,-0.702597,-0.413702],[0.363659,0.231608,-0.90228]],[[0.729756,-0.672841,0.121412],[-0.683421,-0.712718,0.158014],[-0.0197857,-0.198287,-0.979944]]],"btipPosition":[0.518049,310.215,44.2549],"carpPosition":[32.6545,349.988,80.0243],"dipPosition":[0.146335,306.49,25.8447],"direction":[-0.363659,-0.231608,0.90228],"extended":false,"handId":503,"id":5032,"length":66.9886,"mcpPosition":[41.3727,348.496,10.838],"pipPosition":[10.4847,313.074,0.193885],"stabilizedTipPosition":[-21.5801,307.357,129.345],"timeVisible":0.488021,"tipPosition":[0.359118,309.238,39.5824],"tipVelocity":[11.4943,-0.41548,-210.32],"tool":false,"touchDistance":0.333333,"touchZone":"none","type":2,"width":18.9921},{"bases":[[[0.652712,-0.716536,0.246057],[0.716318,0.689439,0.107532],[-0.246692,0.106068,0.963272]],[[0.649788,-0.715249,0.257282],[0.328847,-0.0406391,-0.943508],[0.685299,0.697687,0.208801]],[[0.649788,-0.715249,0.257282],[-0.609199,-0.692465,-0.386483],[0.45459,0.0943956,-0.885685]],[[0.649788,-0.715249,0.257282],[-0.758576,-0.631725,0.15964],[0.0483492,-0.298901,-0.953059]]],"btipPosition":[13.6477,307.57,53.2576],"carpPosition":[42.3026,342.408,80.5767],"dipPosition":[14.5508,301.987,35.4554],"direction":[-0.45459,-0.0943956,0.885684],"extended":false,"handId":503,"id":5033,"length":64.4113,"mcpPosition":[57.7512,335.765,20.2534],"pipPosition":[27.1405,304.601,10.9267],"stabilizedTipPosition":[-14.0862,302.913,148.256],"timeVisible":0.488021,"tipPosition":[13.7685,306.164,48.9563],"tipVelocity":[8.55735,0.557323,-208.073],"tool":false,"touchDistance":0.333333,"touchZone":"none","type":3,"width":18.0722},{"bases":[[[0.492384,-0.803443,0.334719],[0.78449,0.576243,0.229171],[-0.377005,0.149744,0.914026]],[[0.513502,-0.8108,0.280927],[0.435879,-0.035537,-0.899303],[0.739138,0.584244,0.335163]],[[0.513502,-0.8108,0.280927],[-0.641269,-0.580139,-0.502208],[0.570167,0.0777352,-0.817843]],[[0.513502,-0.8108,0.280927],[-0.84891,-0.52777,0.0284801],[0.125173,-0.253106,-0.959307]]],"btipPosition":[29.9531,302.923,50.7717],"carpPosition":[47.5324,329.415,83.0828],"dipPosition":[32.1102,298.561,34.2408],"direction":[-0.570167,-0.0777352,0.817843],"extended":false,"handId":503,"id":5034,"length":50.4973,"mcpPosition":[69.3873,320.734,30.0969],"pipPosition":[43.259,300.081,18.249],"stabilizedTipPosition":[5.94301,297.459,140.45],"timeVisible":0.488021,"tipPosition":[30.4109,301.611,46.8409],"tipVelocity":[8.75469,5.29031,-199.361],"tool":false,"touchDistance":0.333333,"touchZone":"none","type":4,"width":16.0532}],"r":[[0.962058,0.258581,0.0870677],[-0.266531,0.958914,0.097188],[-0.0583595,-0.116707,0.99145]],"s":1.05184,"t":[44.0722,19.6434,-125.054],"timestamp":522218986239},false],[5,{"currentFrameRate":108.881,"devices":[],"gestures":[],"hands":[{"armBasis":[[0.7904,-0.605499,-0.0929437],[0.579378,0.788172,-0.207618],[0.198968,0.110252,0.973784]],"armWidth":63.703,"confidence":0.749734,"direction":[0.231348,0.0818394,-0.969423],"elbow":[85.9576,366.075,350.473],"grabStrength":0,"id":503,"palmNormal":[-0.531185,-0.824192,-0.196344],"palmPosition":[36.2345,341.444,33.3163],"palmVelocity":[22.9158,10.415,-190.267],"palmWidth":90.9658,"pinchStrength":0.580972,"r":[[0.9622,0.257449,0.0888257],[-0.265505,0.959372,0.0954561],[-0.0606418,-0.115432,0.991463]],"s":1.05114,"sphereCenter":[22.4018,307.963,9.20361],"sphereRadius":44.5807,"stabilizedPalmPosition":[5.95213,331.107,138.914],"t":[44.3651,19.8484,-126.688],"timeVisible":0.497333,"type":"right","wrist":[32.2504,336.315,87.6209]}],"id":4163779,"interactionBox":{"center":[0,200,0],"size":[235.247,235.247,147.751]},"pointables":[{"bases":[[[0.848227,0.527659,0.0456835],[-0.508688,0.78763,0.347671],[0.14747,-0.318142,0.936503]],[[0.692166,0.614283,-0.378897],[-0.698648,0.701995,-0.138181],[0.181101,0.360359,0.915065]],[[0.692166,0.614283,-0.378897],[-0.716518,0.647881,-0.258559],[0.0866519,0.450452,0.888586]],[[0.692166,0.614283,-0.378897],[-0.579752,0.160535,-0.798822],[-0.429876,0.772583,0.467248]]],"btipPosition":[0.56073,291.692,-2.26479],"carpPosition":[2.49416,343.107,84.622],"dipPosition":[-9.49724,309.769,8.66759],"direction":[-0.0866519,-0.450452,-0.888586],"extended":false,"handId":503,"id":5030,"length":52.1025,"mcpPosition":[2.49416,343.107,84.622],"pipPosition":[-6.54358,325.123,38.9564],"stabilizedTipPosition":[-39.9598,288.13,110.886],"timeVisible":0.497333,"tipPosition":[-2.46971,296.232,-0.213181],"tipVelocity":[50.4908,3.98502,-184.051],"tool":false,"touchDistance":-0.527753,"touchZone":"hovering","type":0,"width":20.2446},{"bases":[[[0.842332,-0.53867,-0.0176543],[0.538839,0.840998,0.048742],[-0.0114086,-0.0505697,0.998655]],[[0.82141,-0.537365,0.191114],[0.563797,0.81565,-0.129799],[-0.0861325,0.214367,0.972948]],[[0.82141,-0.537365,0.191114],[0.570279,0.778652,-0.26169],[-0.00818787,0.323943,0.946041]],[[0.82141,-0.537365,0.191114],[0.568073,0.741014,-0.358038],[0.0507795,0.402663,0.913939]]],"btipPosition":[25.7937,335.382,-74.4347],"carpPosition":[21.9247,355.575,79.2766],"dipPosition":[26.6611,342.26,-58.8236],"direction":[0.00818787,-0.323943,-0.946041],"extended":true,"handId":503,"id":5031,"length":58.7918,"mcpPosition":[22.7638,359.295,5.82552],"pipPosition":[26.4633,350.087,-35.9635],"stabilizedTipPosition":[5.98227,322.625,11.2273],"timeVisible":0.497333,"tipPosition":[25.6931,336.196,-70.6123],"tipVelocity":[53.0727,-5.98384,-193.395],"tool":false,"touchDistance":-0.552242,"touchZone":"hovering","type":1,"width":19.3376},{"bases":[[[0.728763,-0.675974,0.109381],[0.673106,0.736507,0.066969],[-0.125829,0.0248206,0.991741]],[[0.726811,-0.67553,0.124114],[0.239198,0.0795614,-0.967706],[0.64384,0.733027,0.219412]],[[0.726811,-0.67553,0.124114],[-0.58155,-0.70141,-0.412096],[0.365438,0.227337,-0.902648]],[[0.726811,-0.67553,0.124114],[-0.686552,-0.709336,0.159652],[-0.0198112,-0.201248,-0.97934]]],"btipPosition":[0.840664,310.74,42.8702],"carpPosition":[33.106,350.476,78.5564],"dipPosition":[0.46847,306.96,24.4714],"direction":[-0.365438,-0.227337,0.902648],"extended":false,"handId":503,"id":5032,"length":66.9886,"mcpPosition":[41.8825,348.745,9.38308],"pipPosition":[10.8574,313.422,-1.18984],"stabilizedTipPosition":[-21.5801,307.357,129.345],"timeVisible":0.497333,"tipPosition":[0.681034,309.749,38.2071],"tipVelocity":[18.0336,15.2568,-192.824],"tool":false,"touchDistance":0.333333,"touchZone":"none","type":2,"width":18.9921},{"bases":[[[0.649474,-0.718539,0.24877],[0.719099,0.686746,0.106193],[-0.247146,0.109921,0.962723]],[[0.646621,-0.717242,0.259702],[0.330539,-0.0433777,-0.942795],[0.687477,0.695473,0.209028]],[[0.646621,-0.717242,0.259702],[-0.610941,-0.690805,-0.386703],[0.456763,0.0913875,-0.884882]],[[0.646621,-0.717242,0.259702],[-0.761248,-0.628531,0.159531],[0.0488082,-0.300854,-0.95242]]],"btipPosition":[13.9291,307.998,51.8112],"carpPosition":[42.7217,342.858,79.1401],"dipPosition":[14.8408,302.378,34.0209],"direction":[-0.456763,-0.0913875,0.884882],"extended":false,"handId":503,"id":5033,"length":64.4113,"mcpPosition":[58.1987,335.974,18.8512],"pipPosition":[27.4907,304.909,9.51442],"stabilizedTipPosition":[-14.0862,302.913,148.255],"timeVisible":0.497333,"tipPosition":[14.0614,306.612,47.5549],"tipVelocity":[14.7417,13.1197,-193.085],"tool":false,"touchDistance":0.333333,"touchZone":"none","type":3,"width":18.0722},{"bases":[[[0.4887,-0.804514,0.337534],[0.786683,0.573622,0.228228],[-0.377229,0.153997,0.913227]],[[0.509294,-0.811949,0.285236],[0.43698,-0.0415495,-0.898511],[0.741396,0.582248,0.333645]],[[0.509294,-0.811949,0.285236],[-0.643304,-0.579344,-0.50052],[0.571646,0.0714185,-0.817386]],[[0.509294,-0.811949,0.285236],[-0.851404,-0.52368,0.0294981],[0.125421,-0.257874,-0.958003]]],"btipPosition":[30.2154,303.388,49.4468],"carpPosition":[47.8947,329.85,81.6892],"dipPosition":[32.3767,298.944,32.9382],"direction":[-0.571646,-0.0714185,0.817386],"extended":false,"handId":503,"id":5034,"length":50.4973,"mcpPosition":[69.7626,320.923,28.7497],"pipPosition":[43.5544,300.341,16.9554],"stabilizedTipPosition":[5.94307,297.459,140.45],"timeVisible":0.497333,"tipPosition":[30.6812,302.05,45.5221],"tipVelocity":[14.2685,17.3441,-183.074],"tool":false,"touchDistance":0.333333,"touchZone":"none","type":4,"width":16.0532}],"r":[[0.9622,0.257449,0.0888257],[-0.265505,0.959372,0.0954561],[-0.0606418,-0.115432,0.991463]],"s":1.05114,"t":[44.3651,19.8484,-126.688],"timestamp":522218995551},false],[6,{"currentFrameRate":109.084,"devices":[],"gestures":[],"hands":[{"armBasis":[[0.789269,-0.607716,-0.0879488],[0.58247,0.786302,-0.206053],[0.194376,0.111404,0.974581]],"armWidth":63.703,"confidence":0.752825,"direction":[0.229853,0.0792604,-0.969993],"elbow":[85.4339,366.652,349.82],"grabStrength":0,"id":503,"palmNormal":[-0.535201,-0.822145,-0.194003],"palmPosition":[36.8691,341.605,32.4327],"palmVelocity":[36.1674,12.5523,-166.037],"palmWidth":90.9658,"pinchStrength":0.582392,"r":[[0.962572,0.255722,0.0897837],[-0.263795,0.960001,0.093864],[-0.0621893,-0.114035,0.991528]],"s":1.05054,"sphereCenter":[22.8963,308.079,8.41248],"sphereRadius":44.6013,"stabilizedPalmPosition":[5.95221,331.107,138.914],"t":[44.8289,20.0317,-127.948],"timeVisible":0.506137,"type":"right","wrist":[32.9664,336.581,86.7531]}],"id":4163780,"interactionBox":{"center":[0,200,0],"size":[235.247,235.247,147.751]},"pointables":[{"bases":[[[0.850639,0.523971,0.0432163],[-0.504532,0.790431,0.34737],[0.147852,-0.317291,0.936732]],[[0.694722,0.610549,-0.380251],[-0.69505,0.705896,-0.136441],[0.185114,0.359082,0.914764]],[[0.694722,0.610549,-0.380251],[-0.713574,0.651475,-0.257666],[0.0904061,0.450344,0.888266]],[[0.694722,0.610549,-0.380251],[-0.578053,0.159321,-0.800295],[-0.428038,0.775788,0.463613]]],"btipPosition":[0.930084,292.078,-2.9759],"carpPosition":[3.23473,343.5,83.8],"dipPosition":[-9.08487,310.229,7.87143],"direction":[-0.0904061,-0.450344,-0.888266],"extended":false,"handId":503,"id":5030,"length":52.1025,"mcpPosition":[3.23473,343.5,83.8],"pipPosition":[-6.00324,325.58,38.1493],"stabilizedTipPosition":[-39.9588,288.13,110.883],"timeVisible":0.506137,"tipPosition":[-2.05802,296.57,-0.920515],"tipVelocity":[48.4928,15.2413,-156.816],"tool":false,"touchDistance":-0.514271,"touchZone":"hovering","type":0,"width":20.2446},{"bases":[[[0.839905,-0.542422,-0.018392],[0.542647,0.838681,0.0463596],[-0.0097215,-0.048918,0.998755]],[[0.819408,-0.540697,0.190308],[0.567109,0.813015,-0.131888],[-0.0834122,0.215995,0.972825]],[[0.819408,-0.540697,0.190308],[0.573188,0.775808,-0.263775],[-0.00502014,0.325222,0.945624]],[[0.819408,-0.540697,0.190308],[0.570637,0.738038,-0.3601],[0.0542504,0.403666,0.913297]]],"btipPosition":[26.2023,335.441,-75.2949],"carpPosition":[22.71,355.874,78.3974],"dipPosition":[27.1289,342.336,-59.6948],"direction":[0.00502014,-0.325222,-0.945624],"extended":true,"handId":503,"id":5031,"length":58.7918,"mcpPosition":[23.425,359.471,4.93898],"pipPosition":[27.0076,350.194,-36.8448],"stabilizedTipPosition":[5.98324,322.625,11.2234],"timeVisible":0.506137,"tipPosition":[26.1164,336.268,-71.4759],"tipVelocity":[51.6926,-2.4465,-167.685],"tool":false,"touchDistance":-0.538292,"touchZone":"hovering","type":1,"width":19.3376},{"bases":[[[0.725972,-0.679018,0.109081],[0.676485,0.733626,0.064499],[-0.123821,0.026967,0.991938]],[[0.724045,-0.67854,0.123859],[0.237868,0.0770809,-0.968234],[0.647439,0.730508,0.217213]],[[0.724045,-0.67854,0.123859],[-0.585433,-0.699504,-0.409834],[0.364729,0.224227,-0.903712]],[[0.724045,-0.67854,0.123859],[-0.689379,-0.705985,0.162302],[-0.0226859,-0.2029,-0.978937]]],"btipPosition":[1.36252,311.079,42.0928],"carpPosition":[33.8672,350.724,77.6642],"dipPosition":[0.93632,307.267,23.7016],"direction":[-0.364729,-0.224227,0.903712],"extended":false,"handId":503,"id":5032,"length":66.9886,"mcpPosition":[42.5036,348.843,8.47708],"pipPosition":[11.3051,313.642,-1.98989],"stabilizedTipPosition":[-21.58,307.357,129.345],"timeVisible":0.506137,"tipPosition":[1.18876,310.08,37.4426],"tipVelocity":[28.7676,21.3016,-164.602],"tool":false,"touchDistance":0.333333,"touchZone":"none","type":2,"width":18.9921},{"bases":[[[0.646763,-0.721007,0.248689],[0.722332,0.683724,0.103715],[-0.244814,0.112557,0.963014]],[[0.643949,-0.719687,0.259578],[0.328543,-0.0462823,-0.943354],[0.690934,0.692755,0.206644]],[[0.643949,-0.719687,0.259578],[-0.614713,-0.688697,-0.38448],[0.455475,0.0880199,-0.885886]],[[0.643949,-0.719687,0.259578],[-0.763705,-0.624921,0.161954],[0.0456593,-0.302531,-0.952045]]],"btipPosition":[14.4518,308.285,51.0219],"carpPosition":[43.4502,343.064,78.2418],"dipPosition":[15.3046,302.634,33.2386],"direction":[-0.455475,-0.0880199,0.885886],"extended":false,"handId":503,"id":5033,"length":64.4113,"mcpPosition":[58.7813,336.015,17.9347],"pipPosition":[27.9189,305.071,8.70432],"stabilizedTipPosition":[-14.0861,302.913,148.255],"timeVisible":0.506137,"tipPosition":[14.5704,306.894,46.7701],"tipVelocity":[26.3528,18.1526,-165.161],"tool":false,"touchDistance":0.333333,"touchZone":"none","type":3,"width":18.0722},{"bases":[[[0.485781,-0.806128,0.337898],[0.789649,0.570498,0.225803],[-0.374796,0.15713,0.913695]],[[0.505807,-0.813597,0.286738],[0.435725,-0.0459175,-0.898908],[0.744515,0.579613,0.33128]],[[0.505807,-0.813597,0.286738],[-0.646613,-0.577599,-0.498268],[0.57101,0.0666188,-0.818236]],[[0.505807,-0.813597,0.286738],[-0.853825,-0.519584,0.0318693],[0.123056,-0.260944,-0.957479]]],"btipPosition":[30.693,303.634,48.6236],"carpPosition":[48.5705,330.038,80.802],"dipPosition":[32.8136,299.137,32.1241],"direction":[-0.57101,-0.0666188,0.818236],"extended":false,"handId":503,"id":5034,"length":50.4973,"mcpPosition":[70.2973,320.929,27.8353],"pipPosition":[43.9789,300.44,16.1246],"stabilizedTipPosition":[5.94313,297.459,140.45],"timeVisible":0.506137,"tipPosition":[31.1555,302.281,44.7089],"tipVelocity":[24.7583,19.8246,-158.872],"tool":false,"touchDistance":0.333333,"touchZone":"none","type":4,"width":16.0532}],"r":[[0.962572,0.255722,0.0897837],[-0.263795,0.960001,0.093864],[-0.0621893,-0.114035,0.991528]],"s":1.05054,"t":[44.8289,20.0317,-127.948],"timestamp":522219004355},false],[7,{"currentFrameRate":1