{"sensorType":"Leap","data":[[0,{"currentFrameRate":109.806,"devices":[],"gestures":[],"hands":[{"armBasis":[[-0.813335,-0.545617,0.201959],[-0.551532,0.833582,0.0308805],[0.185198,0.0862704,0.978907]],"armWidth":63.703,"confidence":0.432356,"direction":[-0.471171,0.118679,-0.874021],"elbow":[90.8125,354.572,356.057],"grabStrength":0.365037,"id":504,"palmNormal":[0.418928,-0.841899,-0.340155],"palmPosition":[23.1104,338.068,40.5249],"palmVelocity":[25.3232,-51.5899,-164.407],"palmWidth":90.9658,"pinchStrength":1,"r":[[0.959336,-0.225081,-0.170333],[0.205794,0.970746,-0.123701],[0.193193,0.083617,0.977591]],"s":1.1419,"sphereCenter":[34.6345,307.376,8.84128],"sphereRadius":43.2956,"stabilizedPalmPosition":[-3.94415,344.395,143.494],"t":[27.2978,-5.75369,-102.648],"timeVisible":0.415718,"type":"left","wrist":[40.8223,331.285,91.8226]}],"id":4164271,"interactionBox":{"center":[0,200,0],"size":[235.247,235.247,147.751]},"pointables":[{"bases":[[[-0.778985,0.564344,0.27331],[0.621217,0.753855,0.213989],[0.0852723,-0.336479,0.937822]],[[-0.766614,0.641235,-0.0334778],[0.604491,0.703138,-0.374417],[0.21655,0.30727,0.926656]],[[-0.766614,0.641235,-0.0334778],[0.316393,0.33186,-0.888687],[0.558747,0.691872,0.457291]],[[-0.766614,0.641235,-0.0334778],[-0.00169549,-0.0541586,-0.998531],[0.642106,0.765431,-0.042606]]],"btipPosition":[24.2036,279.965,20.4167],"carpPosition":[69.0797,336.792,81.2514],"dipPosition":[39.2272,297.874,19.4199],"direction":[-0.558747,-0.691872,-0.457291],"extended":false,"handId":504,"id":5040,"length":52.1025,"mcpPosition":[69.0797,336.792,81.2514],"pipPosition":[58.273,321.458,35.0073],"stabilizedTipPosition":[10.2755,295.845,63.6207],"timeVisible":0.415718,"tipPosition":[26.8447,284.487,20.2178],"tipVelocity":[2.81556,-83.1519,-108.151],"tool":false,"touchDistance":-0.254781,"touchZone":"touching","type":0,"width":20.2446},{"bases":[[[-0.844298,-0.499024,0.195285],[-0.463862,0.863051,0.199938],[0.268315,-0.0782215,0.96015]],[[-0.785369,-0.505036,0.357958],[-0.452227,0.862966,0.225346],[0.422713,-0.0151014,0.906138]],[[-0.785369,-0.505036,0.357958],[-0.613589,0.711602,-0.342244],[0.0818774,0.488427,0.868755]],[[-0.785369,-0.505036,0.357958],[-0.577664,0.390101,-0.717025],[-0.222484,0.769909,0.598115]]],"btipPosition":[13.5226,331.723,-59.399],"carpPosition":[49.5913,350.275,81.3485],"dipPosition":[9.72237,344.874,-49.1826],"direction":[-0.0818774,-0.488427,-0.868755],"extended":true,"handId":504,"id":5041,"length":58.7918,"mcpPosition":[29.8568,356.028,10.7295],"pipPosition":[11.7008,356.676,-28.19],"stabilizedTipPosition":[-5.36381,353.381,44.1683],"timeVisible":0.415718,"tipPosition":[12.8555,334.356,-55.9829],"tipVelocity":[-29.0845,-172.341,-182.206],"tool":false,"touchDistance":-0.459382,"touchZone":"touching","type":1,"width":19.3376},{"bases":[[[-0.708755,-0.644772,0.286245],[-0.593919,0.764333,0.251106],[0.380693,-0.00796625,0.924667]],[[-0.715144,-0.644542,0.270434],[-0.504477,0.208149,-0.83796],[-0.48381,0.735689,0.474013]],[[-0.715144,-0.644542,0.270434],[0.339757,-0.658661,-0.671365],[-0.610847,0.388241,-0.690025]],[[-0.715144,-0.644542,0.270434],[0.625337,-0.762831,-0.164444],[-0.312286,-0.0515113,-0.94859]]],"btipPosition":[58.3555,300.748,33.6026],"carpPosition":[38.3624,345.712,83.5014],"dipPosition":[52.4886,299.78,15.7815],"direction":[0.610847,-0.388241,0.690025],"extended":false,"handId":504,"id":5042,"length":66.9886,"mcpPosition":[11.8093,346.268,19.0064],"pipPosition":[35.1229,310.817,-3.83512],"stabilizedTipPosition":[41.5544,309.111,70.4585],"timeVisible":0.415718,"tipPosition":[56.6663,300.137,27.6688],"tipVelocity":[4.31926,-65.7626,-41.6545],"tool":false,"touchDistance":0.333333,"touchZone":"none","type":2,"width":18.9921},{"bases":[[[-0.598205,-0.694688,0.399448],[-0.630601,0.715671,0.300264],[0.494463,0.0722728,0.866189]],[[-0.615775,-0.696856,0.367714],[-0.765342,0.418073,-0.489353],[-0.187277,0.582758,0.790772]],[[-0.615775,-0.696856,0.367714],[-0.198152,-0.314728,-0.928268],[-0.762599,0.644468,-0.0557183]],[[-0.615775,-0.696856,0.367714],[0.277394,-0.628542,-0.726628],[-0.737478,0.345438,-0.580344]]],"btipPosition":[41.1491,283.67,9.28519],"carpPosition":[28.8535,338.527,86.4674],"dipPosition":[27.3737,290.122,-1.55506],"direction":[0.762599,-0.644468,0.0557183],"extended":false,"handId":504,"id":5043,"length":64.4113,"mcpPosition":[-2.11141,334.001,32.2238],"pipPosition":[6.25381,307.97,-3.09816],"stabilizedTipPosition":[25.7594,299.167,98.5249],"timeVisible":0.415718,"tipPosition":[38.2288,285.109,7.12234],"tipVelocity":[-25.8761,-107.527,-103.523],"tool":false,"touchDistance":0.333333,"touchZone":"none","type":3,"width":18.0722},{"bases":[[[-0.424484,-0.790291,0.441875],[-0.669788,0.602464,0.434075],[0.60926,0.111705,0.785064]],[[-0.416927,-0.788851,0.451538],[-0.90657,0.325046,-0.269214],[-0.0655991,0.521593,0.850669]],[[-0.416927,-0.788851,0.451538],[-0.376876,-0.302027,-0.875639],[-0.827126,0.535251,0.171375]],[[-0.416927,-0.788851,0.451538],[0.18242,-0.559287,-0.808654],[-0.890446,0.25478,-0.377084]]],"btipPosition":[22.3821,285.934,17.6581],"carpPosition":[23.8641,325.704,90.092],"dipPosition":[7.03771,290.325,11.1601],"direction":[0.827126,-0.535251,-0.171375],"extended":false,"handId":504,"id":5044,"length":50.4973,"mcpPosition":[-11.4545,319.229,44.582],"pipPosition":[-9.13556,300.791,14.5111],"stabilizedTipPosition":[5.50074,298.545,107.781],"timeVisible":0.415718,"tipPosition":[18.9489,287.169,16.35],"tipVelocity":[-20.7212,-86.5424,-95.8143],"tool":false,"touchDistance":-0.423613,"touchZone":"touching","type":4,"width":16.0532}],"r":[[0.959336,-0.225081,-0.170333],[0.205794,0.970746,-0.123701],[0.193193,0.083617,0.977591]],"s":1.1419,"t":[27.2978,-5.75369,-102.648],"timestamp":522224896833},false],[1,{"currentFrameRate":109.863,"devices":[],"gestures":[],"hands":[{"armBasis":[[-0.811308,-0.547801,0.20419],[-0.55417,0.831868,0.0298515],[0.186211,0.088937,0.978476]],"armWidth":63.703,"confidence":0.450308,"direction":[-0.47107,0.116986,-0.874304],"elbow":[91.3337,354.585,355.054],"grabStrength":0.353449,"id":504,"palmNormal":[0.421601,-0.840766,-0.339655],"palmPosition":[23.3645,337.291,39.6272],"palmVelocity":[26.121,-61.1191,-146.647],"palmWidth":90.9658,"pinchStrength":1,"r":[[0.958348,-0.228463,-0.171389],[0.207509,0.969315,-0.131789],[0.196238,0.0907346,0.976349]],"s":1.14498,"sphereCenter":[35.0248,306.594,7.94501],"sphereRadius":43.3347,"stabilizedPalmPosition":[-3.92869,344.391,143.435],"t":[27.5318,-6.43792,-104.065],"timeVisible":0.424719,"type":"left","wrist":[41.07,330.578,90.9363]}],"id":4164272,"interactionBox":{"center":[0,200,0],"size":[235.247,235.247,147.751]},"pointables":[{"bases":[[[-0.780798,0.562121,0.272718],[0.618866,0.755768,0.214055],[0.0857868,-0.33591,0.937979]],[[-0.768252,0.639159,-0.0355545],[0.603352,0.704417,-0.373849],[0.213904,0.308662,0.926808]],[[-0.768252,0.639159,-0.0355545],[0.317128,0.331756,-0.888464],[0.556075,0.693839,0.457567]],[[-0.768252,0.639159,-0.0355545],[-0.000951807,-0.0566816,-0.998392],[0.640147,0.766983,-0.0441541]]],"btipPosition":[24.7093,279.166,19.5624],"carpPosition":[69.3164,336.166,80.3779],"dipPosition":[39.687,297.111,18.5293],"direction":[-0.556075,-0.693839,-0.457567],"extended":false,"handId":504,"id":5040,"length":52.1025,"mcpPosition":[69.3164,336.166,80.3779],"pipPosition":[58.6416,320.762,34.1262],"stabilizedTipPosition":[10.4932,295.692,63.0813],"timeVisible":0.424719,"tipPosition":[27.3445,283.686,19.3483],"tipVelocity":[17.1462,-84.4504,-104.772],"tool":false,"touchDistance":-0.269159,"touchZone":"touching","type":0,"width":20.2446},{"bases":[[[-0.842914,-0.501462,0.195019],[-0.466525,0.861737,0.199407],[0.26805,-0.077102,0.960315]],[[-0.78454,-0.507258,0.356633],[-0.456002,0.861712,0.222519],[0.42019,-0.0119497,0.907358]],[[-0.78454,-0.507258,0.356633],[-0.614645,0.712143,-0.33921],[0.081907,0.485327,0.870488]],[[-0.78454,-0.507258,0.356633],[-0.579934,0.396666,-0.71157],[-0.219485,0.765079,0.605377]]],"btipPosition":[13.7952,330.978,-60.5176],"carpPosition":[49.788,349.59,80.4603],"dipPosition":[10.0461,344.047,-50.1771],"direction":[-0.081907,-0.485327,-0.870488],"extended":true,"handId":504,"id":5041,"length":58.7918,"mcpPosition":[30.0729,355.261,9.8292],"pipPosition":[12.0253,355.774,-29.1427],"stabilizedTipPosition":[-5.30479,353.318,43.8382],"timeVisible":0.424719,"tipPosition":[13.1388,333.594,-57.0676],"tipVelocity":[-12.423,-148.314,-165.427],"tool":false,"touchDistance":-0.458128,"touchZone":"touching","type":1,"width":19.3376},{"bases":[[[-0.706985,-0.646777,0.286097],[-0.596315,0.762651,0.250542],[0.380237,-0.00652536,0.924866]],[[-0.713363,-0.646572,0.270293],[-0.503821,0.205084,-0.83911],[-0.487112,0.734769,0.472056]],[[-0.713363,-0.646572,0.270293],[0.343073,-0.658522,-0.669813],[-0.611077,0.385089,-0.691586]],[[-0.713363,-0.646572,0.270293],[0.628018,-0.760969,-0.162848],[-0.310978,-0.053579,-0.948906]]],"btipPosition":[58.7375,300.103,32.841],"carpPosition":[38.5715,344.995,82.609],"dipPosition":[52.8951,299.096,15.0139],"direction":[0.611076,-0.385089,0.691586],"extended":false,"handId":504,"id":5042,"length":66.9886,"mcpPosition":[12.0502,345.451,18.1002],"pipPosition":[35.5229,310.044,-4.64705],"stabilizedTipPosition":[41.9107,308.903,69.5201],"timeVisible":0.424719,"tipPosition":[57.0656,299.491,26.9547],"tipVelocity":[14.9582,-67.6463,-53.4938],"tool":false,"touchDistance":0.333333,"touchZone":"none","type":2,"width":18.9921},{"bases":[[[-0.596346,-0.696327,0.399374],[-0.632877,0.713896,0.299697],[0.493799,0.0740315,0.866419]],[[-0.61389,-0.698557,0.367637],[-0.766444,0.415983,-0.489409],[-0.188949,0.582217,0.790773]],[[-0.61389,-0.698557,0.367637],[-0.196847,-0.315542,-0.92827],[-0.764454,0.642224,-0.0561994]],[[-0.61389,-0.698557,0.367637],[0.279855,-0.628066,-0.726095],[-0.738119,0.342858,-0.581058]]],"btipPosition":[41.5576,282.95,8.40251],"carpPosition":[29.0825,337.783,85.5725],"dipPosition":[27.7703,289.354,-2.45109],"direction":[0.764454,-0.642224,0.0561994],"extended":false,"handId":504,"id":5043,"length":64.4113,"mcpPosition":[-1.84086,333.147,31.3145],"pipPosition":[6.59903,307.14,-4.00751],"stabilizedTipPosition":[25.7803,299.143,98.3719],"timeVisible":0.424719,"tipPosition":[38.6373,284.375,6.23398],"tipVelocity":[-6.38918,-100.299,-102.118],"tool":false,"touchDistance":0.333333,"touchZone":"none","type":3,"width":18.0722},{"bases":[[[-0.422364,-0.791399,0.441923],[-0.671797,0.600619,0.433527],[0.60852,0.113777,0.78534]],[[-0.414319,-0.789833,0.452221],[-0.907647,0.321886,-0.26938],[-0.0672015,0.522066,0.850254]],[[-0.414319,-0.789833,0.452221],[-0.375909,-0.304006,-0.87537],[-0.828874,0.532676,0.17095]],[[-0.414319,-0.789833,0.452221],[0.184329,-0.559397,-0.808144],[-0.89127,0.251472,-0.377358]]],"btipPosition":[22.7952,285.147,16.7766],"carpPosition":[24.1293,324.947,89.1988],"dipPosition":[7.43661,289.48,10.2739],"direction":[0.828874,-0.532676,-0.17095],"extended":false,"handId":504,"id":5044,"length":50.4973,"mcpPosition":[-11.1464,318.351,43.6729],"pipPosition":[-8.77085,299.896,13.6166],"stabilizedTipPosition":[5.54096,298.508,107.51],"timeVisible":0.424719,"tipPosition":[19.3601,286.367,15.465],"tipVelocity":[-2.52786,-87.1948,-96.4265],"tool":false,"touchDistance":-0.422822,"touchZone":"touching","type":4,"width":16.0532}],"r":[[0.958348,-0.228463,-0.171389],[0.207509,0.969315,-0.131789],[0.196238,0.0907346,0.976349]],"s":1.14498,"t":[27.5318,-6.43792,-104.065],"timestamp":522224905834},false],[2,{"currentFrameRate":109.832,"devices":[],"gestures":[],"hands":[{"armBasis":[[-0.803745,-0.556864,0.209514],[-0.565259,0.824587,0.0231906],[0.185677,0.0997905,0.977531]],"armWidth":63.703,"confidence":0.470386,"direction":[-0.470435,0.118801,-0.874401],"elbow":[91.2494,356.426,353.851],"grabStrength":0.342874,"id":504,"palmNormal":[0.429784,-0.83458,-0.344617],"palmPosition":[23.4627,336.398,38.6919],"palmVelocity":[21.8288,-71.239,-134.227],"palmWidth":90.9658,"pinchStrength":1,"r":[[0.95803,-0.229222,-0.17215],[0.207183,0.968685,-0.136836],[0.198125,0.0954268,0.975521]],"s":1.14753,"sphereCenter":[35.5121,305.998,6.79962],"sphereRadius":43.3703,"stabilizedPalmPosition":[-3.90852,344.385,143.358],"t":[27.6979,-7.22629,-105.241],"timeVisible":0.43388,"type":"left","wrist":[41.13,329.49,89.9883]}],"id":4164273,"interactionBox":{"center":[0,200,0],"size":[235.247,235.247,147.751]},"pointables":[{"bases":[[[-0.786335,0.553194,0.275053],[0.611642,0.75979,0.220483],[0.0870126,-0.341607,0.935806]],[[-0.773758,0.632597,-0.0334641],[0.59813,0.712158,-0.367521],[0.208661,0.304388,0.929413]],[[-0.773758,0.632597,-0.0334641],[0.316578,0.340385,-0.885391],[0.548705,0.695672,0.463642]],[[-0.773758,0.632597,-0.0334641],[0.00165153,-0.0508111,-0.998707],[0.633479,0.772813,-0.0382707]]],"btipPosition":[25.4068,278.418,18.2341],"carpPosition":[69.345,335.403,79.5243],"dipPosition":[40.2285,296.5,17.3386],"direction":[-0.548705,-0.695672,-0.463642],"extended":false,"handId":504,"id":5040,"length":52.1025,"mcpPosition":[69.345,335.403,79.5243],"pipPosition":[58.932,320.213,33.1426],"stabilizedTipPosition":[10.7414,295.515,62.471],"timeVisible":0.43388,"tipPosition":[28.0113,282.955,18.0517],"tipVelocity":[32.4985,-82.7062,-115.02],"tool":false,"touchDistance":-0.290026,"touchZone":"touching","type":0,"width":20.2446},{"bases":[[[-0.838745,-0.510341,0.189894],[-0.474628,0.856117,0.20443],[0.266901,-0.0813355,0.960286]],[[-0.781139,-0.516739,0.350433],[-0.465436,0.856052,0.224823],[0.416164,-0.0125136,0.909204]],[[-0.781139,-0.516739,0.350433],[-0.619576,0.710876,-0.332837],[0.0771247,0.477112,0.875452]],[[-0.781139,-0.516739,0.350433],[-0.583259,0.40367,-0.704882],[-0.22278,0.755004,0.616715]]],"btipPosition":[14.1333,330.746,-61.7078],"carpPosition":[49.6967,348.651,79.6609],"dipPosition":[10.3279,343.642,-51.1736],"direction":[-0.0771247,-0.477112,-0.875452],"extended":true,"handId":504,"id":5041,"length":58.7918,"mcpPosition":[30.0662,354.634,9.03192],"pipPosition":[12.1916,355.171,-30.0192],"stabilizedTipPosition":[-5.22099,353.229,43.3727],"timeVisible":0.43388,"tipPosition":[13.4509,333.331,-58.2145],"tipVelocity":[0.932223,-115.253,-154.174],"tool":false,"touchDistance":-0.457833,"touchZone":"touching","type":1,"width":19.3376},{"bases":[[[-0.70169,-0.655057,0.280235],[-0.60362,0.75552,0.254624],[0.378516,-0.00951171,0.925546]],[[-0.708041,-0.6548,0.264416],[-0.503626,0.205751,-0.839063],[-0.495014,0.727258,0.475454]],[[-0.708041,-0.6548,0.264416],[0.350571,-0.650966,-0.673308],[-0.613008,0.384033,-0.690464]],[[-0.708041,-0.6548,0.264416],[0.63517,-0.754155,-0.166761],[-0.308606,-0.0498755,-0.949881]]],"btipPosition":[59.195,299.58,31.763],"carpPosition":[38.5179,343.942,81.7558],"dipPosition":[53.3973,298.643,13.9176],"direction":[0.613008,-0.384033,0.690464],"extended":false,"handId":504,"id":5042,"length":66.9886,"mcpPosition":[12.1166,344.605,17.1995],"pipPosition":[35.9702,309.56,-5.71148],"stabilizedTipPosition":[42.2597,308.694,68.6041],"timeVisible":0.43388,"tipPosition":[57.5451,299.004,25.9099],"tipVelocity":[25.0231,-64.2236,-71.5112],"tool":false,"touchDistance":0.333333,"touchZone":"none","type":2,"width":18.9921},{"bases":[[[-0.590827,-0.704395,0.393385],[-0.639836,0.7061,0.30337],[0.491461,0.072463,0.86788]],[[-0.608287,-0.706562,0.361604],[-0.769329,0.412787,-0.487586],[-0.195244,0.574785,0.794671]],[[-0.608287,-0.706562,0.361604],[-0.192336,-0.310788,-0.930815],[-0.770061,0.635752,-0.0531509]],[[-0.608287,-0.706562,0.361604],[0.287077,-0.620591,-0.729695],[-0.739983,0.340055,-0.580335]]],"btipPosition":[42.1813,282.453,7.1172],"carpPosition":[29.0884,336.624,84.6507],"dipPosition":[28.3592,288.805,-3.72288],"direction":[0.770061,-0.635752,0.0531509],"extended":false,"handId":504,"id":5043,"length":64.4113,"mcpPosition":[-1.68849,332.086,30.3012],"pipPosition":[7.03263,306.411,-5.19488],"stabilizedTipPosition":[25.8079,299.111,98.1761],"timeVisible":0.43388,"tipPosition":[39.255,283.862,4.9491],"tipVelocity":[14.1247,-87.8395,-112.667],"tool":false,"touchDistance":0.333333,"touchZone":"none","type":3,"width":18.0722},{"bases":[[[-0.416079,-0.798194,0.435619],[-0.677992,0.591554,0.436338],[0.605975,0.113796,0.787302]],[[-0.407573,-0.796527,0.446575],[-0.91023,0.315142,-0.268637],[-0.0732422,0.515976,0.853466]],[[-0.407573,-0.796527,0.446575],[-0.371697,-0.301985,-0.877865],[-0.834102,0.523785,0.172985]],[[-0.407573,-0.796527,0.446575],[0.190924,-0.552558,-0.811312],[-0.89299,0.245407,-0.377284]]],"btipPosition":[23.4027,284.412,15.488],"carpPosition":[24.2439,323.719,88.1786],"dipPosition":[8.01449,288.641,8.98657],"direction":[0.834102,-0.523785,-0.172985],"extended":false,"handId":504,"id":5044,"length":50.4973,"mcpPosition":[-10.8843,317.122,42.5389],"pipPosition":[-8.29518,298.882,12.3691],"stabilizedTipPosition":[5.59734,298.457,107.142],"timeVisible":0.43388,"tipPosition":[19.9587,285.605,14.1731],"tipVelocity":[16.4543,-85.9916,-108.749],"tool":false,"touchDistance":-0.428198,"touchZone":"touching","type":4,"width":16.0532}],"r":[[0.95803,-0.229222,-0.17215],[0.207183,0.968685,-0.136836],[0.198125,0.0954268,0.975521]],"s":1.14753,"t":[27.6979,-7.22629,-105.241],"timestamp":522224914995},false],[3,{"currentFrameRate":109.935,"devices":[],"gestures":[],"hands":[{"armBasis":[[-0.796181,-0.564537,0.2177],[-0.575072,0.817909,0.0178182],[0.188118,0.111007,0.975853]],"armWidth":63.703,"confidence":0.493348,"direction":[-0.469708,0.122784,-0.874242],"elbow":[92.2357,358.294,352.787],"grabStrength":0.330149,"id":504,"palmNormal":[0.436785,-0.828262,-0.351],"palmPosition":[23.833,335.548,38.1083],"palmVelocity":[27.1974,-77.8204,-115.51],"palmWidth":90.9658,"pinchStrength":1,"r":[[0.958189,-0.228075,-0.172786],[0.205495,0.96872,-0.139117],[0.19911,0.0977937,0.975085]],"s":1.14998,"sphereCenter":[36.2427,305.511,5.93288],"sphereRadius":43.4244,"stabilizedPalmPosition":[-3.87853,344.376,143.244],"t":[27.966,-8.04561,-106.12],"timeVisible":0.442792,"type":"left","wrist":[41.4574,328.33,89.3768]}],"id":4164274,"interactionBox":{"center":[0,200,0],"size":[235.247,235.247,147.751]},"pointables":[{"bases":[[[-0.791046,0.544779,0.27832],[0.60541,0.762492,0.228221],[0.0878866,-0.349031,0.932981]],[[-0.778275,0.627166,-0.0308169],[0.593725,0.719028,-0.361233],[0.204395,0.299436,0.931966]],[[-0.778275,0.627166,-0.0308169],[0.315479,0.348113,-0.882774],[0.542918,0.696764,0.468786]],[[-0.778275,0.627166,-0.0308169],[0.0032796,-0.0450169,-0.998981],[0.627914,0.777583,-0.0329787]]],"btipPosition":[26.2479,277.662,17.3017],"carpPosition":[69.6459,334.549,79.0184],"dipPosition":[40.9395,295.856,16.53],"direction":[-0.542918,-0.696764,-0.468786],"extended":false,"handId":504,"id":5040,"length":52.1025,"mcpPosition":[69.6459,334.549,79.0184],"pipPosition":[59.4457,319.606,32.5093],"stabilizedTipPosition":[11.027,295.308,61.7853],"timeVisible":0.442792,"tipPosition":[28.869,282.237,17.0982],"tipVelocity":[48.4347,-82.4998,-111.319],"tool":false,"touchDistance":-0.302916,"touchZone":"touching","type":0,"width":20.2446},{"bases":[[[-0.835172,-0.518346,0.183863],[-0.481532,0.85067,0.210919],[0.265735,-0.0876176,0.960056]],[[-0.778398,-0.525698,0.343128],[-0.473564,0.850528,0.228777],[0.412108,-0.0155866,0.911002]],[[-0.778398,-0.525698,0.343128],[-0.623403,0.711664,-0.323888],[0.0739245,0.466021,0.88168]],[[-0.778398,-0.525698,0.343128],[-0.58662,0.41447,-0.695767],[-0.223547,0.74287,0.631008]]],"btipPosition":[14.6835,330.809,-62.5916],"carpPosition":[49.8967,347.645,79.232],"dipPosition":[10.8651,343.498,-51.8134],"direction":[-0.0739245,-0.466021,-0.88168],"extended":true,"handId":504,"id":5041,"length":58.7918,"mcpPosition":[30.3519,354.09,8.61989],"pipPosition":[12.6514,354.759,-30.5085],"stabilizedTipPosition":[-5.12892,353.135,42.8719],"timeVisible":0.442792,"tipPosition":[13.9969,333.335,-59.0374],"tipVelocity":[17.3998,-83.397,-137.483],"tool":false,"touchDistance":-0.452799,"touchZone":"touching","type":1,"width":19.3376},{"bases":[[[-0.697183,-0.662791,0.273211],[-0.609844,0.748661,0.259993],[0.376863,-0.0146467,0.926153]],[[-0.703499,-0.662446,0.257401],[-0.503666,0.209192,-0.838188],[-0.501408,0.719308,0.480818]],[[-0.703499,-0.662446,0.257401],[0.356651,-0.642344,-0.678376],[-0.614727,0.385435,-0.68815]],[[-0.703499,-0.662446,0.257401],[0.641146,-0.747827,-0.172296],[-0.306628,-0.0438213,-0.95082]]],"btipPosition":[59.8625,299.058,30.9229],"carpPosition":[38.7503,342.832,81.2646],"dipPosition":[54.1019,298.235,13.0598],"direction":[0.614727,-0.385435,0.68815],"extended":false,"handId":504,"id":5042,"length":66.9886,"mcpPosition":[12.4643,343.854,16.6659],"pipPosition":[36.626,309.192,-6.50348],"stabilizedTipPosition":[42.5905,308.494,67.7547],"timeVisible":0.442792,"tipPosition":[58.2298,298.528,25.0874],"tipVelocity":[38.8657,-61.8726,-77.8325],"tool":false,"touchDistance":0.333333,"touchZone":"none","type":2,"width":18.9921},{"bases":[[[-0.586156,-0.712261,0.386142],[-0.645772,0.698546,0.30824],[0.489285,0.0686834,0.869415]],[[-0.60358,-0.714289,0.354234],[-0.77195,0.412395,-0.48376],[-0.19946,0.565439,0.800309]],[[-0.60358,-0.714289,0.354234],[-0.189274,-0.303223,-0.933933],[-0.774511,0.630751,-0.0478227]],[[-0.60358,-0.714289,0.354234],[0.292933,-0.611887,-0.734701],[-0.74154,0.339684,-0.578561]]],"btipPosition":[42.9415,282.047,6.01582],"carpPosition":[29.3717,335.418,84.078],"dipPosition":[29.0902,288.391,-4.79114],"direction":[0.774511,-0.630751,0.0478227],"extended":false,"handId":504,"id":5043,"length":64.4113,"mcpPosition":[-1.26898,331.117,29.6324],"pipPosition":[7.64043,305.86,-6.11557],"stabilizedTipPosition":[25.8398,299.075,97.9594],"timeVisible":0.442792,"tipPosition":[40.0261,283.447,3.87314],"tipVelocity":[33.2994,-76.3772,-115.407],"tool":false,"touchDistance":0.333333,"touchZone":"none","type":3,"width":18.0722},{"bases":[[[-0.410775,-0.805088,0.427898],[-0.683298,0.582565,0.440138],[0.603629,0.111584,0.789418]],[[-0.401681,-0.803325,0.439683],[-0.912437,0.310081,-0.267038],[-0.0781804,0.508447,0.857537]],[[-0.401681,-0.803325,0.439683],[-0.368167,-0.297955,-0.880725],[-0.838514,0.515647,0.176075]],[[-0.401681,-0.803325,0.439683],[0.196626,-0.544576,-0.815338],[-0.894422,0.241052,-0.3767]]],"btipPosition":[24.1997,283.768,14.4572],"carpPosition":[24.6194,322.446,87.4848],"dipPosition":[8.78679,287.922,7.96582],"direction":[0.838514,-0.515647,-0.176075],"extended":false,"handId":504,"id":5044,"length":50.4973,"mcpPosition":[-10.3728,315.978,41.7225],"pipPosition":[-7.60917,298.004,11.4087],"stabilizedTipPosition":[5.67121,298.389,106.68],"timeVisible":0.442792,"tipPosition":[20.752,284.94,13.1428],"tipVelocity":[36.1511,-82.7763,-110.561],"tool":false,"touchDistance":-0.429139,"touchZone":"touching","type":4,"width":16.0532}],"r":[[0.958189,-0.228075,-0.172786],[0.205495,0.96872,-0.139117],[0.19911,0.0977937,0.975085]],"s":1.14998,"t":[27.966,-8.04561,-106.12],"timestamp":522224923907},false],[4,{"currentFrameRate":109.819,"devices":[],"gestures":[],"hands":[{"armBasis":[[-0.794594,-0.563449,0.226155],[-0.575974,0.817369,0.012738],[0.192029,0.120138,0.974008]],"armWidth":63.703,"confidence":0.512182,"direction":[-0.470051,0.122007,-0.874166],"elbow":[93.739,360.634,351.399],"grabStrength":0.319852,"id":504,"palmNormal":[0.436205,-0.828889,-0.350241],"palmPosition":[24.2604,335.372,37.2179],"palmVelocity":[32.4816,-61.1524,-109.886],"palmWidth":90.9658,"pinchStrength":1,"r":[[0.958276,-0.227295,-0.173332],[0.204227,0.968689,-0.141184],[0.199995,0.0998936,0.974691]],"s":1.15193,"sphereCenter":[36.6935,305.243,5.04011],"sphereRadius":43.469,"stabilizedPalmPosition":[-3.83882,344.363,143.094],"t":[28.3138,-8.54304,-107.005],"timeVisible":0.452105,"type":"left","wrist":[41.9049,328.205,88.4865]}],"id":4164275,"interactionBox":{"center":[0,200,0],"size":[235.247,235.247,147.751]},"pointables":[{"bases":[[[-0.790643,0.5455,0.278053],[0.6059,0.76245,0.227056],[0.0881427,-0.347993,0.933344]],[[-0.777862,0.627628,-0.0318342],[0.59421,0.718066,-0.362347],[0.20456,0.300773,0.931499]],[[-0.777862,0.627628,-0.0318342],[0.315744,0.34652,-0.883306],[0.543356,0.697142,0.467715]],[[-0.777862,0.627628,-0.0318342],[0.00343372,-0.0464109,-0.998917],[0.628425,0.777129,-0.0339462]]],"btipPosition":[26.6586,277.442,16.4736],"carpPosition":[70.0917,334.398,78.1079],"dipPosition":[41.3621,295.625,15.6793],"direction":[-0.543356,-0.697142,-0.467715],"extended":false,"handId":504,"id":5040,"length":52.1025,"mcpPosition":[70.0917,334.398,78.1079],"pipPosition":[59.8833,319.388,31.6221],"stabilizedTipPosition":[11.3433,295.08,61.0284],"timeVisible":0.452105,"tipPosition":[29.2935,282.012,16.2666],"tipVelocity":[47.2934,-65.9379,-105.145],"tool":false,"touchDistance":-0.313457,"touchZone":"touching","type":0,"width":20.2446},{"bases":[[[-0.835347,-0.517711,0.18485],[-0.481006,0.851157,0.210154],[0.266136,-0.0866379,0.960034]],[[-0.778901,-0.524909,0.343197],[-0.474384,0.851067,0.225044],[0.410211,-0.0124799,0.911905]],[[-0.778901,-0.524909,0.343197],[-0.622556,0.713243,-0.322037],[0.0757427,0.464495,0.882331]],[[-0.778901,-0.524909,0.343197],[-0.587914,0.420624,-0.690965],[-0.218337,0.739964,0.636225]]],"btipPosition":[15.0552,330.549,-63.6502],"carpPosition":[50.3492,347.504,78.3155],"dipPosition":[11.3257,343.188,-52.7828],"direction":[-0.0757427,-0.464495,-0.882331],"extended":true,"handId":504,"id":5041,"length":58.7918,"mcpPosition":[30.775,353.876,7.70495],"pipPosition":[13.156,354.413,-31.4622],"stabilizedTipPosition":[-5.03025,353.035,42.3408],"timeVisible":0.452105,"tipPosition":[14.3777,333.088,-60.0782],"tipVelocity":[24.3817,-68.0611,-130.13],"tool":false,"touchDistance":-0.451424,"touchZone":"touching","type":1,"width":19.3376},{"bases":[[[-0.69739,-0.662122,0.274302],[-0.609346,0.74927,0.259406],[0.377285,-0.0137625,0.925995]],[[-0.703708,-0.661792,0.258509],[-0.504046,0.20859,-0.83811],[-0.500732,0.720085,0.48036]],[[-0.703708,-0.661792,0.258509],[0.355745,-0.643151,-0.678087],[-0.615013,0.385212,-0.68802]],[[-0.703708,-0.661792,0.258509],[0.640544,-0.74837,-0.172178],[-0.307406,-0.0444229,-0.950541]]],"btipPosition":[60.2744,298.844,30.0412],"carpPosition":[39.2014,342.699,80.3588],"dipPosition":[54.4991,298.009,12.1834],"direction":[0.615013,-0.385212,0.68802],"extended":false,"handId":504,"id":5042,"length":66.9886,"mcpPosition":[12.886,343.659,15.7711],"pipPosition":[37.0151,308.96,-7.37622],"stabilizedTipPosition":[42.9016,308.307,66.9593],"timeVisible":0.452105,"tipPosition":[58.6417,298.321,24.2494],"tipVelocity":[40.2775,-50.9724,-82.5561],"tool":false,"touchDistance":0.333333,"touchZone":"none","type":2,"width":18.9921},{"bases":[[[-0.586336,-0.711517,0.387239],[-0.645277,0.699229,0.307728],[0.489722,0.069445,0.869109]],[[-0.603868,-0.713582,0.355167],[-0.7726,0.41441,-0.480993],[-0.196043,0.564858,0.801562]],[[-0.603868,-0.713582,0.355167],[-0.191946,-0.302287,-0.933691],[-0.773628,0.631999,-0.0455723]],[[-0.603868,-0.713582,0.355167],[0.291378,-0.612366,-0.734919],[-0.741918,0.340307,-0.577711]]],"btipPosition":[43.1927,281.854,5.00794],"carpPosition":[29.8203,335.293,83.1852],"dipPosition":[29.3344,288.21,-5.78312],"direction":[0.773628,-0.631999,0.0455723],"extended":false,"handId":504,"id":5043,"length":64.4113,"mcpPosition":[-0.847727,330.944,28.7587],"pipPosition":[7.90905,305.713,-7.04523],"stabilizedTipPosition":[25.8734,299.038,97.7329],"timeVisible":0.452105,"tipPosition":[40.3073,283.25,2.90885],"tipVelocity":[31.4625,-60.5657,-113.265],"tool":false,"touchDistance":0.333333,"touchZone":"none","type":3,"width":18.0722},{"bases":[[[-0.410982,-0.804384,0.429022],[-0.682801,0.58342,0.439778],[0.60405,0.112196,0.789009]],[[-0.400827,-0.802396,0.442152],[-0.913029,0.310033,-0.265063],[-0.0756038,0.509942,0.85688]],[[-0.400827,-0.802396,0.442152],[-0.370536,-0.299399,-0.87924],[-0.837878,0.516257,0.17731]],[[-0.400827,-0.802396,0.442152],[0.194866,-0.546244,-0.814644],[-0.89519,0.240372,-0.375309]]],"btipPosition":[24.5286,283.561,13.5804],"carpPosition":[25.063,322.328,86.6092],"dipPosition":[9.10249,287.703,7.11298],"direction":[0.837878,-0.516257,-0.17731],"extended":false,"handId":504,"id":5044,"length":50.4973,"mcpPosition":[-9.95361,315.824,40.8705],"pipPosition":[-7.28103,297.798,10.58],"stabilizedTipPosition":[5.75832,298.31,106.142],"timeVisible":0.452105,"tipPosition":[21.0983,284.723,12.281],"tipVelocity":[35.824,-65.7474,-105.756],"tool":false,"touchDistance":-0.427628,"touchZone":"touching","type":4,"width":16.0532}],"r":[[0.958276,-0.227295,-0.173332],[0.204227,0.968689,-0.141184],[0.199995,0.0998936,0.974691]],"s":1.15193,"t":[28.3138,-8.54304,-107.005],"timestamp":522224933220},false],[5,{"currentFrameRate":109.973,"devices":[],"gestures":[],"hands":[{"armBasis":[[-0.792494,-0.565933,0.227319],[-0.578531,0.815549,0.0134787],[0.193018,0.120829,0.973727]],"armWidth":63.703,"confidence":0.529057,"direction":[-0.470699,0.120144,-0.874076],"elbow":[94.4627,360.817,350.83],"grabStrength":0.30989,"id":504,"palmNormal":[0.438958,-0.827484,-0.350124],"palmPosition":[24.6791,335.294,36.7278],"palmVelocity":[36.5285,-47.063,-95.2269],"palmWidth":90.9658,"pinchStrength":1,"r":[[0.958491,-0.226023,-0.173809],[0.202539,0.968792,-0.142901],[0.200684,0.101766,0.974356]],"s":1.15347,"sphereCenter":[37.2679,305.148,4.51746],"sphereRadius":43.5188,"stabilizedPalmPosition":[-3.79446,344.349,142.929],"t":[28.6971,-8.8312,-107.693],"timeVisible":0.460924,"type":"left","wrist":[42.3617,328.201,87.9938]}],"id":4164276,"interactionBox":{"center":[0,200,0],"size":[235.247,235.247,147.751]},"pointables":[{"bases":[[[-0.792439,0.542859,0.27811],[0.603337,0.764592,0.226681],[0.0895848,-0.347425,0.933419]],[[-0.779919,0.625041,-0.0324127],[0.591902,0.719756,-0.362771],[0.203418,0.302117,0.931314]],[[-0.779919,0.625041,-0.0324127],[0.314886,0.347101,-0.883384],[0.540901,0.699174,0.467527]],[[-0.779919,0.625041,-0.0324127],[0.00500422,-0.0455582,-0.998949],[0.625861,0.779262,-0.0324038]]],"btipPosition":[27.292,277.346,15.9512],"carpPosition":[70.5243,334.488,77.606],"dipPosition":[41.9354,295.579,15.193],"direction":[-0.540901,-0.699174,-0.467527],"extended":false,"handId":504,"id":5040,"length":52.1025,"mcpPosition":[70.5243,334.488,77.606],"pipPosition":[60.3729,319.411,31.1294],"stabilizedTipPosition":[11.6627,294.856,60.2801],"timeVisible":0.460924,"tipPosition":[29.9267,281.921,15.768],"tipVelocity":[53.4887,-50.734,-92.5016],"tool":false,"touchDistance":-0.318156,"touchZone":"touching","type":0,"width":20.2446},{"bases":[[[-0.833515,-0.520527,0.185217],[-0.483872,0.849559,0.210043],[0.266686,-0.085452,0.959988]],[[-0.777403,-0.527488,0.342639],[-0.478669,0.849521,0.221789],[0.40807,-0.00840847,0.912912]],[[-0.777403,-0.527488,0.342639],[-0.624479,0.712467,-0.320027],[0.0753087,0.46276,0.883279]],[[-0.777403,-0.527488,0.342639],[-0.590582,0.424648,-0.686212],[-0.216468,0.735819,0.641648]]],"btipPosition":[15.473,330.422,-64.306],"carpPosition":[50.737,347.527,77.815],"dipPosition":[11.7755,342.991,-53.346],"direction":[-0.0753087,-0.46276,-0.883279],"extended":true,"handId":504,"id":5041,"length":58.7918,"mcpPosition":[31.1222,353.812,7.20795],"pipPosition":[13.5952,354.173,-32.0025],"stabilizedTipPosition":[-4.93661,352.941,41.8447],"timeVisible":0.460924,"tipPosition":[14.7898,332.972,-60.715],"tipVelocity":[30.8121,-54.0814,-114.427],"tool":false,"touchDistance":-0.444132,"touchZone":"touching","type":1,"width":19.3376},{"bases":[[[-0.695038,-0.664437,0.274673],[-0.611849,0.747245,0.259357],[0.377575,-0.0122046,0.925899]],[[-0.701361,-0.664133,0.258883],[-0.504928,0.20654,-0.838086],[-0.503131,0.718518,0.480198]],[[-0.701361,-0.664133,0.258883],[0.357818,-0.642144,-0.677951],[-0.61649,0.382855,-0.688014]],[[-0.701361,-0.664133,0.258883],[0.643072,-0.746212,-0.172119],[-0.307492,-0.0457631,-0.95045]]],"btipPosition":[60.8182,298.887,29.5577],"carpPosition":[39.6062,342.684,79.8627],"dipPosition":[55.0414,298.027,11.7016],"direction":[0.61649,-0.382855,0.688013],"extended":false,"handId":504,"id":5042,"length":66.9886,"mcpPosition":[13.2706,343.535,15.2818],"pipPosition":[37.5153,308.912,-7.85783],"stabilizedTipPosition":[43.1708,308.151,66.2858],"timeVisible":0.460924,"tipPosition":[59.1884,298.36,23.7821],"tipVelocity":[46.0386,-36.0589,-75.0595],"tool":false,"touchDistance":0.333333,"touchZone":"none","type":2,"width":18.9921},{"bases":[[[-0.583785,-0.713418,0.387595],[-0.647595,0.697094,0.307702],[0.48971,0.0713726,0.868959]],[[-0.601444,-0.715565,0.355292],[-0.775045,0.414703,-0.476788],[-0.193832,0.562129,0.804015]],[[-0.601444,-0.715565,0.355292],[-0.194531,-0.300164,-0.933841],[-0.77487,0.630768,-0.0413323]],[[-0.601444,-0.715565,0.355292],[0.291379,-0.610557,-0.736423],[-0.743884,0.339392,-0.575716]]],"btipPosition":[43.5969,281.859,4.26155],"carpPosition":[30.2514,335.246,82.6936],"dipPosition":[29.7019,288.199,-6.49226],"direction":[0.77487,-0.630768,0.0413323],"extended":false,"handId":504,"id":5043,"length":64.4113,"mcpPosition":[-0.415902,330.776,28.2766],"pipPosition":[8.24214,305.667,-7.63695],"stabilizedTipPosition":[25.9038,299.005,97.5322],"timeVisible":0.460924,"tipPosition":[40.7478,283.247,2.23606],"tipVelocity":[35.0828,-44.1703,-105.276],"tool":false,"touchDistance":0.333333,"touchZone":"none","type":3,"width":18.0722},{"bases":[[[-0.408102,-0.80567,0.429357],[-0.684685,0.581194,0.439795],[0.60387,0.114493,0.788817]],[[-0.396382,-0.803313,0.444489],[-0.91505,0.306342,-0.262371],[-0.0746005,0.510729,0.856499]],[[-0.396382,-0.803313,0.444489],[-0.371834,-0.302193,-0.877735],[-0.839417,0.513194,0.178916]],[[-0.396382,-0.803313,0.444489],[0.195596,-0.546923,-0.814013],[-0.897008,0.23572,-0.373915]]],"btipPosition":[25.0416,283.478,13.0629],"carpPosition":[25.5396,322.266,86.1226],"dipPosition":[9.58415,287.54,6.61955],"direction":[0.839417,-0.513194,-0.178916],"extended":false,"handId":504,"id":5044,"length":50.4973,"mcpPosition":[-9.46657,315.629,40.3951],"pipPosition":[-6.82946,297.574,10.118],"stabilizedTipPosition":[5.84927,298.23,105.595],"timeVisible":0.460924,"tipPosition":[21.6286,284.614,11.7767],"tipVelocity":[41.634,-51.1106,-92.8801],"tool":false,"touchDistance":-0.420878,"touchZone":"touching","type":4,"width":16.0532}],"r":[[0.958491,-0.226023,-0.173809],[0.202539,0.968792,-0.142901],[0.200684,0.101766,0.974356]],"s":1.15347,"t":[28.6971,-8.8312,-107.693],"timestamp":522224942039},false],[6,{"currentFrameRate":109.868,"devices":[],"gestures":[],"hands":[{"armBasis":[[-0.798512,-0.558262,0.225214],[-0.570825,0.820995,0.0111872],[0.191145,0.119625,0.974245]],"armWidth":63.703,"confidence":0.545843,"direction":[-0.471302,0.123523,-0.873279],"elbow":[94.5518,360.251,350.145],"grabStrength":0.29993,"id":504,"palmNormal":[0.429766,-0.832476,-0.349693],"palmPosition":[25.2383,335.151,35.9289],"palmVelocity":[43.2076,-38.1311,-92.6304],"palmWidth":90.9658,"pinchStrength":1,"r":[[0.958127,-0.227015,-0.174521],[0.203099,0.968411,-0.144676],[0.201852,0.103173,0.973967]],"s":1.15457,"sphereCenter":[37.4806,304.757,3.72196],"sphereRadius":43.5583,"stabilizedPalmPosition":[-3.74029,344.332,142.729],"t":[29.1683,-9.04675,-108.436],"timeVisible":0.470212,"type":"left","wrist":[42.9564,327.961,87.1691]}],"id":4164277,"interactionBox":{"center":[0,200,0],"size":[235.247,235.247,147.751]},"pointables":[{"bases":[[[-0.786278,0.551351,0.278888],[0.611571,0.75877,0.224162],[0.0880198,-0.346813,0.933795]],[[-0.773211,0.633239,-0.0339465],[0.599755,0.712838,-0.363532],[0.206004,0.301447,0.930963]],[[-0.773211,0.633239,-0.0339465],[0.319707,0.343027,-0.883244],[0.54766,0.693787,0.467683]],[[-0.773211,0.633239,-0.0339465],[0.00709043,-0.0448947,-0.998967],[0.634109,0.772653,-0.0302231]]],"btipPosition":[27.3747,277.174,15.0182],"carpPosition":[71.1595,333.944,76.7118],"dipPosition":[42.2112,295.252,14.3111],"direction":[-0.54766,-0.693787,-0.467683],"extended":false,"handId":504,"id":5040,"length":52.1025,"mcpPosition":[71.1595,333.944,76.7118],"pipPosition":[60.879,318.901,30.2527],"stabilizedTipPosition":[11.9728,294.637,59.5436],"timeVisible":0.470212,"tipPosition":[30.0527,281.683,14.9226],"tipVelocity":[42.2646,-42.7378,-94.3863],"tool":false,"touchDistance":-0.328493,"touchZone":"touching","type":0,"width":20.2446},{"bases":[[[-0.838378,-0.511709,0.18782],[-0.474749,0.854782,0.209671],[0.267835,-0.086616,0.959563]],[[-0.782445,-0.518987,0.344139],[-0.471186,0.854743,0.217714],[0.407141,-0.00819604,0.913329]],[[-0.782445,-0.518987,0.344139],[-0.617248,0.719471,-0.318379],[0.0823629,0.461533,0.883291]],[[-0.782445,-0.518987,0.344139],[-0.58845,0.435417,-0.681277],[-0.203731,0.73557,0.646088]]],"btipPosition":[15.8098,330.19,-65.2427],"carpPosition":[51.5065,347.184,76.9412],"dipPosition":[12.3299,342.754,-54.2069],"direction":[-0.0823629,-0.461533,-0.883291],"extended":true,"handId":504,"id":5041,"length":58.7918,"mcpPosition":[31.8072,353.554,6.3653],"pipPosition":[14.3201,353.906,-32.863],"stabilizedTipPosition":[-4.84097,352.845,41.3434],"timeVisible":0.470212,"tipPosition":[15.1519,332.778,-61.6419],"tipVelocity":[33.8692,-45.9161,-110.069],"tool":false,"touchDistance":-0.441841,"touchZone":"touching","type":1,"width":19.3376},{"bases":[[[-0.701185,-0.656878,0.277219],[-0.603657,0.753856,0.259422],[0.379392,-0.0145572,0.925122]],[[-0.707496,-0.656538,0.261546],[-0.504104,0.209451,-0.83786],[-0.495306,0.724629,0.479149]],[[-0.707496,-0.656538,0.261546],[0.350473,-0.647319,-0.676866],[-0.613692,0.387215,-0.688075]],[[-0.707496,-0.656538,0.261546],[0.635317,-0.752961,-0.171531],[-0.309551,-0.0448072,-0.949827]]],"btipPosition":[60.9987,298.389,28.8099],"carpPosition":[40.3314,342.458,79.0201],"dipPosition":[55.1831,297.547,10.9655],"direction":[0.613692,-0.387215,0.688075],"extended":false,"handId":504,"id":5042,"length":66.9886,"mcpPosition":[13.869,343.473,14.4934],"pipPosition":[37.7366,308.555,-8.59562],"stabilizedTipPosition":[43.4192,308.001,65.6593],"timeVisible":0.470212,"tipPosition":[59.3604,297.872,23.0757],"tipVelocity":[38.2643,-40.8893,-76.5144],"tool":false,"touchDistance":0.333333,"touchZone":"none","type":2,"width":18.9921},{"bases":[[[-0.590197,-0.706808,0.389987],[-0.639809,0.704151,0.307923],[0.492252,0.0677815,0.86781]],[[-0.608052,-0.708836,0.357525],[-0.772507,0.424442,-0.472316],[-0.183046,0.563383,0.805663]],[[-0.608052,-0.708836,0.357525],[-0.202408,-0.297043,-0.933165],[-0.767661,0.639779,-0.0371432]],[[-0.608052,-0.708836,0.357525],[0.281962,-0.6138,-0.737392],[-0.742139,0.347564,-0.573088]]],"btipPosition":[43.3796,281.5,3.28403],"carpPosition":[30.9073,335.121,81.8829],"dipPosition":[29.5171,287.992,-7.42068],"direction":[0.767661,-0.639779,0.0371432],"extended":false,"handId":504,"id":5043,"length":64.4113,"mcpPosition":[0.080811,330.876,27.5378],"pipPosition":[8.25707,305.711,-8.44935],"stabilizedTipPosition":[25.9305,298.975,97.3518],"timeVisible":0.470212,"tipPosition":[40.5702,282.916,1.31563],"tipVelocity":[18.8191,-41.545,-104.924],"tool":false,"touchDistance":0.333333,"touchZone":"none","type":3,"width":18.0722},{"bases":[[[-0.415375,-0.800778,0.431531],[-0.677797,0.588848,0.440283],[0.606675,0.109608,0.787358]],[[-0.402002,-0.798188,0.448654],[-0.913387,0.315228,-0.257596],[-0.0641816,0.513349,0.855776]],[[-0.402002,-0.798188,0.448654],[-0.380403,-0.300114,-0.874771],[-0.832879,0.52233,0.182987]],[[-0.402002,-0.798188,0.448654],[0.185441,-0.550809,-0.81377],[-0.896664,0.243938,-0.369443]]],"btipPosition":[24.9081,283.277,12.2368],"carpPosition":[26.0708,322.194,85.3429],"dipPosition":[9.45663,287.48,5.87046],"direction":[0.832879,-0.52233,-0.182987],"extended":false,"handId":504,"id":5044,"length":50.4973,"mcpPosition":[-9.09795,315.84,39.7],"pipPosition":[-6.82914,297.694,9.44852],"stabilizedTipPosition":[5.93544,298.152,105.068],"timeVisible":0.470212,"tipPosition":[21.534,284.439,10.996],"tipVelocity":[25.8829,-41.8116,-91.2329],"tool":false,"touchDistance":-0.41925,"touchZone":"touching","type":4,"width":16.0532}],"r":[[0.958127,-0.227015,-0.174521],[0.203099,0.968411,-0.144676],[0.201852,0.1031