{"sensorType":"Leap","data":[[0,{"currentFrameRate":103.82,"devices":[],"gestures":[],"hands":[{"armBasis":[[0.957688,0.243324,-0.153708],[-0.23511,0.969458,0.0698093],[0.166,-0.0307171,0.985647]],"armWidth":63.703,"confidence":0.66737,"direction":[-0.039775,-0.00195428,-0.999207],"elbow":[99.7863,353.772,356.257],"grabStrength":0,"id":496,"palmNormal":[0.238051,-0.971223,-0.00757644],"palmPosition":[46.4636,355.949,36.5255],"palmVelocity":[2.85841,15.6549,-115.611],"palmWidth":90.9658,"pinchStrength":0.350631,"r":[[0.728792,0.683866,-0.0344839],[-0.662774,0.69187,-0.286437],[-0.172027,0.231608,0.957478]],"s":1.1461,"sphereCenter":[65.6677,313.347,18.4115],"sphereRadius":50.0759,"stabilizedPalmPosition":[18.2755,367.814,162.361],"t":[19.7443,-46.8493,-161.059],"timeVisible":1.70817,"type":"right","wrist":[54.9782,362.064,90.203]}],"id":4161387,"interactionBox":{"center":[0,200,0],"size":[235.247,235.247,147.751]},"pointables":[{"bases":[[[0.169821,0.964143,-0.203933],[-0.871939,0.243435,0.424807],[0.459219,0.105676,0.882015]],[[0.0676181,0.919195,-0.387953],[-0.945873,0.182768,0.268179],[0.317414,0.348821,0.881801]],[[0.0676181,0.919195,-0.387953],[-0.995753,0.0378218,-0.0839412],[-0.0624852,0.391981,0.917849]],[[0.0676181,0.919195,-0.387953],[-0.803714,-0.180213,-0.567069],[-0.591162,0.350148,0.726584]]],"btipPosition":[30.1478,305.835,2.36175],"carpPosition":[30.0266,344.796,94.6538],"dipPosition":[16.3162,314.027,19.3619],"direction":[0.0624852,-0.391981,-0.917849],"extended":false,"handId":496,"id":4960,"length":52.1025,"mcpPosition":[30.0266,344.796,94.6538],"pipPosition":[14.1863,327.389,50.6482],"stabilizedTipPosition":[16.0317,316.179,67.6078],"timeVisible":1.70817,"tipPosition":[27.6274,307.318,6.22662],"tipVelocity":[7.84807,19.8624,-104.82],"tool":false,"touchDistance":-0.459259,"touchZone":"touching","type":0,"width":20.2446},{"bases":[[[0.949983,0.234454,-0.206309],[-0.265404,0.95426,-0.137652],[0.1646,0.185523,0.968756]],[[0.963302,0.256514,-0.0790609],[-0.268398,0.924345,-0.271199],[0.0035132,0.282466,0.959271]],[[0.963302,0.256514,-0.0790609],[-0.265488,0.867083,-0.421526],[-0.0395749,0.427046,0.903363]],[[0.963302,0.256514,-0.0790609],[-0.258607,0.807992,-0.529406],[-0.0719195,0.530424,0.844676]]],"btipPosition":[22.7,320.525,-64.9128],"carpPosition":[32.7725,365.681,83.7975],"dipPosition":[21.4716,329.585,-50.4849],"direction":[0.0395749,-0.427046,-0.903363],"extended":true,"handId":496,"id":4961,"length":58.7918,"mcpPosition":[20.6662,352.036,12.5455],"pipPosition":[20.5153,339.904,-28.656],"stabilizedTipPosition":[8.97332,329.664,97.723],"timeVisible":1.70817,"tipPosition":[23.0151,321.657,-61.1052],"tipVelocity":[-6.67158,23.735,-121.701],"tool":false,"touchDistance":-0.497355,"touchZone":"touching","type":1,"width":19.3376},{"bases":[[[0.994719,0.0912269,-0.0470206],[-0.0972989,0.984001,-0.149247],[0.032653,0.153034,0.987681]],[[0.99476,0.0914204,-0.045771],[-0.0468658,0.00986294,-0.998853],[-0.0908641,0.995764,0.0140957]],[[0.99476,0.0914204,-0.045771],[0.0686656,-0.929101,-0.363396],[-0.0757477,0.358349,-0.93051]],[[0.99476,0.0914204,-0.045771],[0.09745,-0.983248,0.154038],[-0.0309221,-0.157691,-0.987004]]],"btipPosition":[48.6277,304.169,55.9071],"carpPosition":[43.7924,370.051,80.4804],"dipPosition":[48.0468,301.206,37.3643],"direction":[0.0757477,-0.358349,0.93051],"extended":false,"handId":496,"id":4962,"length":66.9886,"mcpPosition":[41.5148,359.377,11.5902],"pipPosition":[45.8934,311.394,10.911],"stabilizedTipPosition":[38.4895,307.36,106.13],"timeVisible":1.70817,"tipPosition":[48.5593,303.668,51.6696],"tipVelocity":[-1.34103,21.3538,-102.874],"tool":false,"touchDistance":0.333333,"touchZone":"none","type":2,"width":18.9921},{"bases":[[[0.993168,0.0383133,0.110223],[-0.0248915,0.992381,-0.120664],[-0.114006,0.117096,0.986555]],[[0.991477,0.0399465,0.124003],[0.124635,-0.0137352,-0.992108],[-0.037928,0.999107,-0.0185969]],[[0.991477,0.0399465,0.124003],[0.0785143,-0.942772,-0.324062],[0.103962,0.331036,-0.937874]],[[0.991477,0.0399465,0.124003],[0.0176235,-0.984207,0.176143],[0.129081,-0.172456,-0.976523]]],"btipPosition":[59.3783,314.019,62.2252],"carpPosition":[55.835,371.926,78.9613],"dipPosition":[61.7894,310.798,43.9847],"direction":[-0.103962,-0.331036,0.937874],"extended":false,"handId":496,"id":4963,"length":64.4113,"mcpPosition":[62.9745,364.593,17.18],"pipPosition":[64.6686,319.965,18.0107],"stabilizedTipPosition":[49.5353,316.833,115.324],"timeVisible":1.70817,"tipPosition":[60.1526,313.202,57.7474],"tipVelocity":[-0.884797,21.2837,-104.807],"tool":false,"touchDistance":0.333333,"touchZone":"none","type":3,"width":18.0722},{"bases":[[[0.963667,-0.112892,0.242077],[0.119912,0.99268,-0.0144145],[-0.238678,0.0429186,0.97015]],[[0.97779,-0.115574,0.174842],[0.184164,0.0755401,-0.979988],[0.100054,0.990422,0.095147]],[[0.97779,-0.115574,0.174842],[-0.0329266,-0.908566,-0.416441],[0.206986,0.401434,-0.892192]],[[0.97779,-0.115574,0.174842],[-0.131139,-0.988113,0.0802206],[0.163493,-0.101368,-0.981323]]],"btipPosition":[72.6706,323.901,55.5304],"carpPosition":[69.236,367.503,80.7773],"dipPosition":[75.4879,322.154,38.62],"direction":[-0.206986,-0.401434,0.892192],"extended":false,"handId":496,"id":4964,"length":50.4973,"mcpPosition":[83.0721,365.015,24.5379],"pipPosition":[79.5353,330.004,21.1745],"stabilizedTipPosition":[60.8609,324.73,106.33],"timeVisible":1.70817,"tipPosition":[73.3065,324.016,51.5604],"tipVelocity":[-0.199321,18.0149,-106.07],"tool":false,"touchDistance":0.333333,"touchZone":"none","type":4,"width":16.0532}],"r":[[0.728792,0.683866,-0.0344839],[-0.662774,0.69187,-0.286437],[-0.172027,0.231608,0.957478]],"s":1.1461,"t":[19.7443,-46.8493,-161.059],"timestamp":522190408319},false],[1,{"currentFrameRate":104.116,"devices":[],"gestures":[],"hands":[{"armBasis":[[0.96055,0.232199,-0.153061],[-0.223719,0.972085,0.0707193],[0.16521,-0.0336867,0.985683]],"armWidth":63.703,"confidence":0.674416,"direction":[-0.0382283,-0.00619919,-0.99925],"elbow":[99.6812,353.113,355.183],"grabStrength":0,"id":496,"palmNormal":[0.226851,-0.973926,-0.00263654],"palmPosition":[46.5861,355.936,35.4575],"palmVelocity":[5.80446,10.9621,-116.272],"palmWidth":90.9658,"pinchStrength":0.3542,"r":[[0.730153,0.682355,-0.0356175],[-0.661237,0.692499,-0.288464],[-0.17217,0.234174,0.956828]],"s":1.14646,"sphereCenter":[65.0099,313.078,17.5658],"sphereRadius":49.9615,"stabilizedPalmPosition":[18.2756,367.814,162.361],"t":[19.7967,-46.7588,-162.158],"timeVisible":1.71722,"type":"right","wrist":[55.0865,362.206,89.1195]}],"id":4161388,"interactionBox":{"center":[0,200,0],"size":[235.247,235.247,147.751]},"pointables":[{"bases":[[[0.181244,0.961152,-0.208176],[-0.86974,0.25546,0.422246],[0.459024,0.104529,0.882253]],[[0.0793112,0.91683,-0.39132],[-0.944089,0.195103,0.265765],[0.320009,0.348363,0.881043]],[[0.0793112,0.91683,-0.39132],[-0.994827,0.0477999,-0.0896362],[-0.0634761,0.396405,0.915879]],[[0.0793112,0.91683,-0.39132],[-0.800146,-0.175577,-0.573532],[-0.594539,0.358601,0.719673]]],"btipPosition":[30.035,305.961,1.58534],"carpPosition":[29.9305,345.248,93.6107],"dipPosition":[16.1244,314.351,18.4238],"direction":[0.0634761,-0.396405,-0.915879],"extended":false,"handId":496,"id":4960,"length":52.1025,"mcpPosition":[29.9305,345.248,93.6107],"pipPosition":[13.9607,327.863,49.6429],"stabilizedTipPosition":[16.0323,316.178,67.6042],"timeVisible":1.71722,"tipPosition":[27.3476,307.476,5.40076],"tipVelocity":[1.69046,19.6051,-100.704],"tool":false,"touchDistance":-0.453871,"touchZone":"touching","type":0,"width":20.2446},{"bases":[[[0.952945,0.222521,-0.205865],[-0.25417,0.956596,-0.142555],[0.165208,0.188172,0.968141]],[[0.966293,0.244932,-0.0792792],[-0.257362,0.926771,-0.273606],[0.00645878,0.284787,0.958569]],[[0.966293,0.244932,-0.0792792],[-0.255066,0.869091,-0.423818],[-0.0349057,0.429754,0.902271]],[[0.966293,0.244932,-0.0792792],[-0.24883,0.809586,-0.531652],[-0.0660352,0.533459,0.843244]]],"btipPosition":[22.4769,320.48,-65.923],"carpPosition":[32.934,366.048,82.6611],"dipPosition":[21.349,329.592,-51.5195],"direction":[0.0349057,-0.429754,-0.902271],"extended":true,"handId":496,"id":4961,"length":58.7918,"mcpPosition":[20.7829,352.208,11.4544],"pipPosition":[20.5055,339.977,-29.7171],"stabilizedTipPosition":[8.97344,329.664,97.7216],"timeVisible":1.71722,"tipPosition":[22.7996,321.623,-62.1218],"tipVelocity":[-10.9271,16.191,-119.092],"tool":false,"touchDistance":-0.49119,"touchZone":"touching","type":1,"width":19.3376},{"bases":[[[0.995777,0.0795394,-0.0458344],[-0.0857153,0.984343,-0.154017],[0.0328663,0.157295,0.987005]],[[0.995825,0.0797704,-0.0443844],[-0.0449692,0.00554857,-0.998973],[-0.0794422,0.996798,0.00911261]],[[0.995825,0.0797704,-0.0443844],[0.0586675,-0.931753,-0.358321],[-0.0699387,0.354221,-0.932543]],[[0.995825,0.0797704,-0.0443844],[0.0858909,-0.983442,0.159577],[-0.0309199,-0.162723,-0.986187]]],"btipPosition":[48.1136,304.258,55.0979],"carpPosition":[44.0087,370.275,79.3414],"dipPosition":[47.5327,301.201,36.5704],"direction":[0.0699387,-0.354221,0.932543],"extended":false,"handId":496,"id":4962,"length":66.9886,"mcpPosition":[41.7163,359.304,10.4985],"pipPosition":[45.5444,311.271,10.0593],"stabilizedTipPosition":[38.4904,307.36,106.124],"timeVisible":1.71722,"tipPosition":[48.0486,303.72,50.8572],"tipVelocity":[-16.6427,17.5175,-99.0535],"tool":false,"touchDistance":0.333333,"touchZone":"none","type":2,"width":18.9921},{"bases":[[[0.99337,0.027388,0.111653],[-0.0132611,0.992023,-0.125356],[-0.114195,0.123044,0.985809]],[[0.991663,0.029118,0.125524],[0.126178,-0.0218082,-0.991768],[-0.0261409,0.999338,-0.0253004]],[[0.991663,0.029118,0.125524],[0.0679544,-0.945839,-0.317443],[0.109483,0.323327,-0.939933]],[[0.991663,0.029118,0.125524],[0.00579135,-0.983221,0.182326],[0.128727,-0.180079,-0.975193]]],"btipPosition":[58.9569,314.07,61.4753],"carpPosition":[56.0745,372.004,77.8331],"dipPosition":[61.3614,310.707,43.2597],"direction":[-0.109483,-0.323327,0.939933],"extended":false,"handId":496,"id":4963,"length":64.4113,"mcpPosition":[63.2258,364.299,16.0985],"pipPosition":[64.3935,319.661,17.2286],"stabilizedTipPosition":[49.5364,316.833,115.317],"timeVisible":1.71722,"tipPosition":[59.7251,313.191,56.9791],"tipVelocity":[-13.5331,15.9802,-98.5781],"tool":false,"touchDistance":0.333333,"touchZone":"none","type":3,"width":18.0722},{"bases":[[[0.961921,-0.122845,0.244166],[0.131369,0.991154,-0.0188741],[-0.239688,0.0502313,0.96955]],[[0.976025,-0.125984,0.17749],[0.18703,0.06835,-0.979973],[0.11133,0.989675,0.0902741]],[[0.976025,-0.125984,0.17749],[-0.0425839,-0.910226,-0.411918],[0.213451,0.394484,-0.893768]],[[0.976025,-0.125984,0.17749],[-0.142701,-0.986131,0.0847529],[0.16435,-0.108049,-0.980466]]],"btipPosition":[72.3741,323.688,54.6678],"carpPosition":[69.4208,367.436,79.6915],"dipPosition":[75.2063,321.826,37.7722],"direction":[-0.213451,-0.394484,0.893768],"extended":false,"handId":496,"id":4964,"length":50.4973,"mcpPosition":[83.3155,364.524,23.487],"pipPosition":[79.38,329.539,20.2958],"stabilizedTipPosition":[60.8616,324.73,106.327],"timeVisible":1.71722,"tipPosition":[73.0259,323.762,50.6953],"tipVelocity":[-9.07756,5.72489,-103.001],"tool":false,"touchDistance":0.333333,"touchZone":"none","type":4,"width":16.0532}],"r":[[0.730153,0.682355,-0.0356175],[-0.661237,0.692499,-0.288464],[-0.17217,0.234174,0.956828]],"s":1.14646,"t":[19.7967,-46.7588,-162.158],"timestamp":522190417369},false],[2,{"currentFrameRate":104.412,"devices":[],"gestures":[],"hands":[{"armBasis":[[0.962162,0.224775,-0.154017],[-0.216178,0.973792,0.0706832],[0.165869,-0.0347136,0.985537]],"armWidth":63.703,"confidence":0.686574,"direction":[-0.0354389,-0.0067302,-0.999349],"elbow":[99.6884,352.838,354.596],"grabStrength":0,"id":496,"palmNormal":[0.219172,-0.975685,-0.00120143],"palmPosition":[46.5187,355.961,34.8911],"palmVelocity":[2.15014,8.70382,-101.549],"palmWidth":90.9658,"pinchStrength":0.35675,"r":[[0.732333,0.679982,-0.0362159],[-0.658747,0.693988,-0.290574],[-0.172452,0.236654,0.956167]],"s":1.14668,"sphereCenter":[64.3442,313.007,17.0671],"sphereRadius":49.8499,"stabilizedPalmPosition":[18.2756,367.814,162.361],"t":[19.7892,-46.7011,-162.991],"timeVisible":1.72624,"type":"right","wrist":[54.9158,362.208,88.572]}],"id":4161389,"interactionBox":{"center":[0,200,0],"size":[235.247,235.247,147.751]},"pointables":[{"bases":[[[0.189406,0.95952,-0.208438],[-0.868895,0.262659,0.419562],[0.457327,0.101643,0.883471]],[[0.0880001,0.91607,-0.391243],[-0.943375,0.202756,0.262552],[0.319844,0.345985,0.88204]],[[0.0880001,0.91607,-0.391243],[-0.993852,0.054254,-0.0965094],[-0.0671829,0.397331,0.915213]],[[0.0880001,0.91607,-0.391243],[-0.797176,-0.170748,-0.579098],[-0.597299,0.362851,0.715244]]],"btipPosition":[29.918,306.153,1.05658],"carpPosition":[29.6143,345.453,93.0054],"dipPosition":[15.9427,314.643,17.7914],"direction":[0.0671829,-0.397331,-0.915213],"extended":false,"handId":496,"id":4960,"length":52.1025,"mcpPosition":[29.6143,345.453,93.0054],"pipPosition":[13.6527,328.187,48.9878],"stabilizedTipPosition":[16.0329,316.178,67.6007],"timeVisible":1.72624,"tipPosition":[27.0908,307.697,4.84487],"tipVelocity":[-2.7967,20.782,-89.8456],"tool":false,"touchDistance":-0.445106,"touchZone":"touching","type":0,"width":20.2446},{"bases":[[[0.95525,0.214832,-0.203333],[-0.246215,0.95845,-0.144053],[0.163937,0.187671,0.968455]],[[0.968385,0.237121,-0.077483],[-0.249346,0.929458,-0.271908],[0.00754197,0.282632,0.959199]],[[0.968385,0.237121,-0.077483],[-0.247331,0.87215,-0.422115],[-0.0325156,0.427934,0.903225]],[[0.968385,0.237121,-0.077483],[-0.241447,0.812832,-0.530101],[-0.0627176,0.53205,0.844387]]],"btipPosition":[22.2882,320.849,-66.6293],"carpPosition":[32.8127,366.22,82.0475],"dipPosition":[21.2169,329.937,-52.2063],"direction":[0.0325156,-0.427934,-0.903225],"extended":true,"handId":496,"id":4961,"length":58.7918,"mcpPosition":[20.7551,352.417,10.8177],"pipPosition":[20.4312,340.277,-30.3808],"stabilizedTipPosition":[8.97357,329.664,97.7201],"timeVisible":1.72624,"tipPosition":[22.6164,321.972,-62.822],"tipVelocity":[-13.2787,22.819,-107.723],"tool":false,"touchDistance":-0.480931,"touchZone":"touching","type":1,"width":19.3376},{"bases":[[[0.9965,0.0716506,-0.0430651],[-0.0775147,0.98486,-0.155058],[0.0313031,0.157854,0.986966]],[[0.996552,0.0719196,-0.0413827],[-0.0418333,0.00476999,-0.999113],[-0.0716584,0.997399,0.00776218]],[[0.996552,0.0719196,-0.0413827],[0.0525125,-0.932798,-0.356552],[-0.0642448,0.35315,-0.933358]],[[0.996552,0.0719196,-0.0413827],[0.0777106,-0.983785,0.161643],[-0.0290864,-0.164301,-0.985981]]],"btipPosition":[47.5723,304.331,54.5995],"carpPosition":[43.9298,370.357,78.7559],"dipPosition":[47.0259,301.245,36.0759],"direction":[0.0642448,-0.35315,0.933358],"extended":false,"handId":496,"id":4962,"length":66.9886,"mcpPosition":[41.7464,359.346,9.91562],"pipPosition":[45.1995,311.284,9.54158],"stabilizedTipPosition":[38.4913,307.359,106.118],"timeVisible":1.72624,"tipPosition":[47.5179,303.766,50.3502],"tipVelocity":[-28.3286,14.7299,-86.9704],"tool":false,"touchDistance":0.333333,"touchZone":"none","type":2,"width":18.9921},{"bases":[[[0.993234,0.019651,0.114457],[-0.00508387,0.991992,-0.126197],[-0.11602,0.124762,0.98538]],[[0.991494,0.0214128,0.128376],[0.12888,-0.0240824,-0.991368],[-0.0181364,0.999481,-0.0266372]],[[0.991494,0.0214128,0.128376],[0.0613273,-0.94687,-0.315716],[0.114795,0.320904,-0.940129]],[[0.991494,0.0214128,0.128376],[-0.00258148,-0.982943,0.18389],[0.130124,-0.182657,-0.974528]]],"btipPosition":[58.479,314.056,61.0024],"carpPosition":[56.0131,371.989,77.2806],"dipPosition":[60.9096,310.645,42.7991],"direction":[-0.114795,-0.320904,0.940129],"extended":false,"handId":496,"id":4963,"length":64.4113,"mcpPosition":[63.2787,364.176,15.5728],"pipPosition":[64.0888,319.532,16.7626],"stabilizedTipPosition":[49.5374,316.832,115.311],"timeVisible":1.72624,"tipPosition":[59.2489,313.155,56.5092],"tipVelocity":[-24.2011,10.8247,-85.789],"tool":false,"touchDistance":0.333333,"touchZone":"none","type":3,"width":18.0722},{"bases":[[[0.960225,-0.130219,0.247002],[0.139232,0.990072,-0.0193037],[-0.242036,0.0529266,0.968823]],[[0.974412,-0.133504,0.180823],[0.190805,0.0661015,-0.9794],[0.118802,0.988841,0.0898834]],[[0.974412,-0.133504,0.180823],[-0.0483109,-0.910085,-0.411595],[0.219514,0.392328,-0.893248]],[[0.974412,-0.133504,0.180823],[-0.150663,-0.984952,0.0846813],[0.166796,-0.109758,-0.979863]]],"btipPosition":[71.9823,323.514,54.1923],"carpPosition":[69.3176,367.317,79.1806],"dipPosition":[74.8565,321.622,37.3071],"direction":[-0.219514,-0.392328,0.893248],"extended":false,"handId":496,"id":4964,"length":50.4973,"mcpPosition":[83.3484,364.249,23.0182],"pipPosition":[79.1488,329.294,19.8408],"stabilizedTipPosition":[60.8622,324.73,106.324],"timeVisible":1.72624,"tipPosition":[72.6528,323.576,50.2266],"tipVelocity":[-18.2356,-1.35713,-89.0859],"tool":false,"touchDistance":0.333333,"touchZone":"none","type":4,"width":16.0532}],"r":[[0.732333,0.679982,-0.0362159],[-0.658747,0.693988,-0.290574],[-0.172452,0.236654,0.956167]],"s":1.14668,"t":[19.7892,-46.7011,-162.991],"timestamp":522190426392},false],[3,{"currentFrameRate":104.651,"devices":[],"gestures":[],"hands":[{"armBasis":[[0.959305,0.228552,-0.165823],[-0.224612,0.973526,0.0423924],[0.171121,-0.00342143,0.985244]],"armWidth":63.703,"confidence":0.686778,"direction":[-0.033354,0.0231625,-0.999175],"elbow":[100.768,357.787,353.873],"grabStrength":0,"id":496,"palmNormal":[0.22504,-0.973885,-0.0300884],"palmPosition":[46.328,354.034,34.0651],"palmVelocity":[-4.25309,-52.4088,-98.5357],"palmWidth":90.9658,"pinchStrength":0.359363,"r":[[0.733276,0.679165,-0.032268],[-0.657451,0.696132,-0.288374],[-0.17339,0.232672,0.956974]],"s":1.14687,"sphereCenter":[64.2436,311.766,14.9766],"sphereRadius":49.7909,"stabilizedPalmPosition":[18.2757,367.814,162.36],"t":[19.69,-47.636,-163.82],"timeVisible":1.73535,"type":"right","wrist":[54.5776,358.711,87.9283]}],"id":4161390,"interactionBox":{"center":[0,200,0],"size":[235.247,235.247,147.751]},"pointables":[{"bases":[[[0.184055,0.966473,-0.179033],[-0.871315,0.244726,0.425346],[0.454899,0.0777072,0.887146]],[[0.0837324,0.928205,-0.362525],[-0.944931,0.189464,0.266851],[0.316378,0.320217,0.892954]],[[0.0837324,0.928205,-0.362525],[-0.993743,0.0507937,-0.0994732],[-0.0739175,0.368586,0.92665]],[[0.0837324,0.928205,-0.362525],[-0.794384,-0.157465,-0.58665],[-0.601616,0.337106,0.724167]]],"btipPosition":[30.1755,305.248,-1.29323],"carpPosition":[29.3683,341.679,91.7989],"dipPosition":[16.0993,313.135,15.6504],"direction":[0.0739175,-0.368586,-0.92665],"extended":false,"handId":496,"id":4960,"length":52.1025,"mcpPosition":[29.3683,341.679,91.7989],"pipPosition":[13.5797,325.699,47.2366],"stabilizedTipPosition":[16.0334,316.178,67.5979],"timeVisible":1.73535,"tipPosition":[27.2799,306.649,2.53784],"tipVelocity":[5.1156,-16.7762,-135.019],"tool":false,"touchDistance":-0.463455,"touchZone":"touching","type":0,"width":20.2446},{"bases":[[[0.954354,0.226541,-0.194647],[-0.251682,0.960872,-0.115679],[0.160825,0.159388,0.974028]],[[0.967078,0.245041,-0.0686659],[-0.254431,0.936325,-0.241995],[0.0049951,0.251498,0.967845]],[[0.967078,0.245041,-0.0686659],[-0.251937,0.883855,-0.394117],[-0.035884,0.398442,0.916491]],[[0.967078,0.245041,-0.0686659],[-0.245588,0.827968,-0.504139],[-0.0666812,0.504405,0.860889]]],"btipPosition":[22.4271,322.017,-68.5822],"carpPosition":[32.4642,362.786,81.4784],"dipPosition":[21.2881,330.633,-53.8773],"direction":[0.035884,-0.398442,-0.916491],"extended":true,"handId":496,"id":4961,"length":58.7918,"mcpPosition":[20.6355,351.063,9.83858],"pipPosition":[20.421,340.261,-31.7313],"stabilizedTipPosition":[8.97377,329.663,97.7176],"timeVisible":1.73535,"tipPosition":[22.7383,323.025,-64.7456],"tipVelocity":[-5.84003,48.7506,-135.339],"tool":false,"touchDistance":-0.489492,"touchZone":"touching","type":1,"width":19.3376},{"bases":[[[0.996137,0.0788452,-0.0386709],[-0.0831214,0.988604,-0.125509],[0.0283344,0.128238,0.991339]],[[0.996194,0.0791163,-0.0365741],[-0.0395504,0.0363852,-0.998555],[-0.0776712,0.996201,0.0393758]],[[0.996194,0.0791163,-0.0365741],[0.0588867,-0.920283,-0.386797],[-0.0642604,0.383171,-0.921439]],[[0.996194,0.0791163,-0.0365741],[0.0832297,-0.988063,0.129629],[-0.0258817,-0.132179,-0.990888]]],"btipPosition":[47.6424,301.727,52.1061],"carpPosition":[43.5629,367.086,78.3375],"dipPosition":[47.1562,299.244,33.4903],"direction":[0.0642604,-0.383171,0.921439],"extended":false,"handId":496,"id":4962,"length":66.9886,"mcpPosition":[41.5866,358.141,9.19226],"pipPosition":[45.3293,310.137,7.29483],"stabilizedTipPosition":[38.4927,307.358,106.11],"timeVisible":1.73535,"tipPosition":[47.6007,301.332,47.879],"tipVelocity":[-17.9138,-64.4431,-139.423],"tool":false,"touchDistance":0.333333,"touchZone":"none","type":2,"width":18.9921},{"bases":[[[0.992862,0.0221061,0.117206],[-0.0107939,0.995295,-0.096285],[-0.118783,0.0943326,0.988429]],[[0.991077,0.0234419,0.131215],[0.131097,0.00649997,-0.991348],[-0.024092,0.999704,0.00336881]],[[0.991077,0.0234419,0.131215],[0.0676598,-0.936636,-0.343709],[0.114843,0.34952,-0.929864]],[[0.991077,0.0234419,0.131215],[0.00291497,-0.98799,0.154491],[0.13326,-0.15273,-0.979242]]],"btipPosition":[58.4842,311.445,58.9332],"carpPosition":[55.6391,368.834,76.9389],"dipPosition":[60.9733,308.592,40.6419],"direction":[-0.114843,-0.34952,0.929864],"extended":false,"handId":496,"id":4963,"length":64.4113,"mcpPosition":[63.0777,362.927,15.0402],"pipPosition":[64.1539,318.272,14.8897],"stabilizedTipPosition":[49.539,316.831,115.301],"timeVisible":1.73535,"tipPosition":[59.2665,310.68,54.4202],"tipVelocity":[-16.9198,-67.7833,-125.62],"tool":false,"touchDistance":0.333333,"touchZone":"none","type":3,"width":18.0722},{"bases":[[[0.960484,-0.131882,0.245106],[0.133312,0.991015,0.0108232],[-0.244331,0.02228,0.969436]],[[0.974681,-0.133077,0.179687],[0.193027,0.0951544,-0.976569],[0.112861,0.986527,0.118433]],[[0.974681,-0.133077,0.179687],[-0.0419186,-0.898111,-0.437766],[0.219636,0.41915,-0.88095]],[[0.974681,-0.133077,0.179687],[-0.145068,-0.987877,0.0552667],[0.170154,-0.0799342,-0.98217]]],"btipPosition":[71.915,321.203,52.4932],"carpPosition":[68.9676,364.186,78.727],"dipPosition":[74.8471,319.825,35.5682],"direction":[-0.219636,-0.41915,0.88095],"extended":false,"handId":496,"id":4964,"length":50.4973,"mcpPosition":[83.1314,362.895,22.529],"pipPosition":[79.1418,328.021,18.3425],"stabilizedTipPosition":[60.8635,324.729,106.318],"timeVisible":1.73535,"tipPosition":[72.6069,321.356,48.5139],"tipVelocity":[-14.8198,-67.7633,-116.395],"tool":false,"touchDistance":0.333333,"touchZone":"none","type":4,"width":16.0532}],"r":[[0.733276,0.679165,-0.032268],[-0.657451,0.696132,-0.288374],[-0.17339,0.232672,0.956974]],"s":1.14687,"t":[19.69,-47.636,-163.82],"timestamp":522190435501},false],[4,{"currentFrameRate":104.954,"devices":[],"gestures":[],"hands":[{"armBasis":[[0.958594,0.226678,-0.172379],[-0.22531,0.973893,0.0277256],[0.174164,0.0122612,0.98464]],"armWidth":63.703,"confidence":0.693758,"direction":[-0.0319676,0.0376006,-0.998781],"elbow":[101.384,360.306,353.227],"grabStrength":0,"id":496,"palmNormal":[0.224824,-0.973413,-0.0438414],"palmPosition":[46.1964,353.1,33.5084],"palmVelocity":[-7.107,-66.5648,-88.566],"palmWidth":90.9658,"pinchStrength":0.361202,"r":[[0.734071,0.678538,-0.0269472],[-0.656296,0.698699,-0.284771],[-0.1744,0.226727,0.958217]],"s":1.1469,"sphereCenter":[63.9229,311.133,13.8303],"sphereRadius":49.7168,"stabilizedPalmPosition":[18.2765,367.814,162.357],"t":[19.5747,-48.5702,-164.513],"timeVisible":1.74431,"type":"right","wrist":[54.3728,356.996,87.4448]}],"id":4161391,"interactionBox":{"center":[0,200,0],"size":[235.247,235.247,147.751]},"pointables":[{"bases":[[[0.184558,0.968906,-0.164802],[-0.871837,0.238805,0.427635],[0.453694,0.0647565,0.888802]],[[0.0850891,0.933658,-0.34791],[-0.94513,0.186171,0.268458],[0.315419,0.305978,0.89827]],[[0.0850891,0.933658,-0.34791],[-0.993233,0.0517806,-0.103958],[-0.0790459,0.354402,0.931746]],[[0.0850891,0.933658,-0.34791],[-0.791299,-0.148866,-0.59303],[-0.60548,0.325762,0.726136]]],"btipPosition":[30.274,304.946,-2.54289],"carpPosition":[29.1537,339.918,91.0343],"dipPosition":[16.1074,312.568,14.4468],"direction":[0.0790459,-0.354402,-0.931746],"extended":false,"handId":496,"id":4960,"length":52.1025,"mcpPosition":[29.1537,339.918,91.0343],"pipPosition":[13.413,324.648,46.2068],"stabilizedTipPosition":[16.0338,316.177,67.5956],"timeVisible":1.74431,"tipPosition":[27.2685,306.274,1.293],"tipVelocity":[6.08625,-23.2596,-135.897],"tool":false,"touchDistance":-0.464029,"touchZone":"touching","type":0,"width":20.2446},{"bases":[[[0.954682,0.229057,-0.19004],[-0.251267,0.962514,-0.102136],[0.159521,0.145258,0.976449]],[[0.967221,0.245681,-0.0642198],[-0.253895,0.940162,-0.227229],[0.00455118,0.236086,0.971722]],[[0.967221,0.245681,-0.0642198],[-0.251338,0.890123,-0.380145],[-0.0362309,0.383825,0.922695]],[[0.967221,0.245681,-0.0642198],[-0.244947,0.835966,-0.491083],[-0.0669642,0.490716,0.868743]]],"btipPosition":[22.3604,322.69,-69.6652],"carpPosition":[32.2694,361.17,81.024],"dipPosition":[21.2166,331.072,-54.8262],"direction":[0.0362309,-0.383825,-0.922695],"extended":true,"handId":496,"id":4961,"length":58.7918,"mcpPosition":[20.5366,350.487,9.20614],"pipPosition":[20.3411,340.347,-32.5302],"stabilizedTipPosition":[8.97412,329.663,97.7132],"timeVisible":1.74431,"tipPosition":[22.6632,323.65,-65.8194],"tipVelocity":[-6.30974,54.3146,-130.423],"tool":false,"touchDistance":-0.484659,"touchZone":"touching","type":1,"width":19.3376},{"bases":[[[0.99621,0.0791118,-0.036156],[-0.082686,0.990338,-0.111331],[0.026999,0.113899,0.993125]],[[0.996266,0.0793574,-0.0340123],[-0.0381164,0.0507889,-0.997982],[-0.0774698,0.995552,0.0536241]],[[0.996266,0.0793574,-0.0340123],[0.0592011,-0.91463,-0.399934],[-0.0628464,0.396427,-0.915912]],[[0.996266,0.0793574,-0.0340123],[0.0827892,-0.989853,0.115485],[-0.0245026,-0.117869,-0.992727]]],"btipPosition":[47.4705,300.539,50.7956],"carpPosition":[43.3736,365.512,77.9609],"dipPosition":[47.0101,298.325,32.1453],"direction":[0.0628464,-0.396427,0.915912],"extended":false,"handId":496,"id":4962,"length":66.9886,"mcpPosition":[41.4904,357.568,8.69097],"pipPosition":[45.2235,309.595,6.10696],"stabilizedTipPosition":[38.4948,307.357,106.095],"timeVisible":1.74431,"tipPosition":[47.4348,300.204,46.5622],"tipVelocity":[-18.0797,-81.1794,-141.517],"tool":false,"touchDistance":0.333333,"touchZone":"none","type":2,"width":18.9921},{"bases":[[[0.992704,0.0201282,0.118881],[-0.0103972,0.996585,-0.0819144],[-0.120124,0.0800807,0.989524]],[[0.990884,0.0212718,0.133026],[0.132596,0.0204744,-0.990959],[-0.0238031,0.999564,0.0174672]],[[0.990884,0.0212718,0.133026],[0.0678847,-0.931763,-0.356665],[0.116361,0.362445,-0.924713]],[[0.990884,0.0212718,0.133026],[0.00237729,-0.990062,0.14061],[0.134695,-0.139012,-0.981088]]],"btipPosition":[58.2994,310.173,57.7921],"carpPosition":[55.4522,367.277,76.6043],"dipPosition":[60.8154,307.576,39.4664],"direction":[-0.116361,-0.362445,0.924713],"extended":false,"handId":496,"id":4963,"length":64.4113,"mcpPosition":[62.9748,362.262,14.637],"pipPosition":[64.038,317.614,13.8568],"stabilizedTipPosition":[49.5421,316.829,115.281],"timeVisible":1.74431,"tipPosition":[59.0863,309.466,53.2702],"tipVelocity":[-17.7412,-86.2771,-126.321],"tool":false,"touchDistance":0.333333,"touchZone":"none","type":3,"width":18.0722},{"bases":[[[0.96011,-0.135682,0.244498],[0.13356,0.990717,0.0253192],[-0.245664,0.0083458,0.969319]],[[0.974349,-0.135936,0.179344],[0.194648,0.10912,-0.974785],[0.112939,0.98469,0.132781]],[[0.974349,-0.135936,0.179344],[-0.0414089,-0.891634,-0.450859],[0.221198,0.431867,-0.874393]],[[0.974349,-0.135936,0.179344],[-0.14538,-0.988545,0.040543],[0.171779,-0.065576,-0.982951]]],"btipPosition":[71.7404,319.993,51.4944],"carpPosition":[68.777,362.6,78.3434],"dipPosition":[74.7005,318.863,34.556],"direction":[-0.221198,-0.431867,0.874393],"extended":false,"handId":496,"id":4964,"length":50.4973,"mcpPosition":[83.0181,362.116,22.1522],"pipPosition":[79.0257,327.308,17.4585],"stabilizedTipPosition":[60.8666,324.728,106.302],"timeVisible":1.74431,"tipPosition":[72.4417,320.201,47.5203],"tipVelocity":[-15.8993,-84.404,-115.129],"tool":false,"touchDistance":0.333333,"touchZone":"none","type":4,"width":16.0532}],"r":[[0.734071,0.678538,-0.0269472],[-0.656296,0.698699,-0.284771],[-0.1744,0.226727,0.958217]],"s":1.1469,"t":[19.5747,-48.5702,-164.513],"timestamp":522190444465},false],[5,{"currentFrameRate":105.224,"devices":[],"gestures":[],"hands":[{"armBasis":[[0.95972,0.218039,-0.177193],[-0.217893,0.975757,0.0205265],[0.177373,0.0189093,0.983962]],"armWidth":63.703,"confidence":0.696613,"direction":[-0.0305565,0.0384734,-0.998792],"elbow":[102.184,361.463,351.857],"grabStrength":0,"id":496,"palmNormal":[0.21723,-0.975119,-0.0442073],"palmPosition":[46.16,352.561,32.3099],"palmVelocity":[-6.26487,-64.7426,-100.808],"palmWidth":90.9658,"pinchStrength":0.366956,"r":[[0.735769,0.676861,-0.022444],[-0.654211,0.701799,-0.281933],[-0.175078,0.222121,0.959172]],"s":1.14646,"sphereCenter":[63.324,310.512,12.6429],"sphereRadius":49.5861,"stabilizedPalmPosition":[18.2783,367.813,162.348],"t":[19.4988,-49.307,-165.459],"timeVisible":1.75331,"type":"right","wrist":[54.3065,356.359,86.2579]}],"id":4161392,"interactionBox":{"center":[0,200,0],"size":[235.247,235.247,147.751]},"pointables":[{"bases":[[[0.192337,0.967531,-0.163983],[-0.870414,0.245371,0.426817],[0.453195,0.0606407,0.889346]],[[0.0932533,0.933426,-0.34644],[-0.944574,0.192949,0.265614],[0.314776,0.302469,0.899683]],[[0.0932533,0.933426,-0.34644],[-0.991996,0.0573533,-0.112492],[-0.0851338,0.354157,0.931303]],[[0.0932533,0.933426,-0.34644],[-0.786659,-0.144213,-0.600308],[-0.610304,0.328511,0.72084]]],"btipPosition":[30.423,304.624,-3.70014],"carpPosition":[28.9502,339.477,89.8085],"dipPosition":[16.1435,312.31,13.1656],"direction":[0.0851338,-0.354157,-0.931303],"extended":false,"handId":496,"id":4960,"length":52.1025,"mcpPosition":[28.9502,339.477,89.8085],"pipPosition":[13.2416,324.382,44.9105],"stabilizedTipPosition":[16.0341,316.177,67.5934],"timeVisible":1.75331,"tipPosition":[27.1874,305.988,0.0974625],"tipVelocity":[8.16881,-26.2473,-134.754],"tool":false,"touchDistance":-0.463746,"touchZone":"touching","type":0,"width":20.2446},{"bases":[[[0.956661,0.221679,-0.188833],[-0.243595,0.964519,-0.101806],[0.159565,0.143392,0.976718]],[[0.969175,0.238079,-0.0633966],[-0.246303,0.942482,-0.225972],[0.00595107,0.234621,0.972069]],[[0.969175,0.238079,-0.0633966],[-0.244062,0.892566,-0.379156],[-0.0336833,0.382941,0.923159]],[[0.969175,0.238079,-0.0633966],[-0.238028,0.838402,-0.490332],[-0.0635859,0.490307,0.869227]]],"btipPosition":[22.1521,322.458,-70.9282],"carpPosition":[32.2437,360.71,79.8151],"dipPosition":[21.066,330.833,-56.0809],"direction":[0.0336833,-0.382941,-0.923159],"extended":true,"handId":496,"id":4961,"length":58.7918,"mcpPosition":[20.5077,350.164,7.97753],"pipPosition":[20.2521,340.087,-33.7738],"stabilizedTipPosition":[8.97445,329.663,97.7089],"timeVisible":1.75331,"tipPosition":[22.4555,323.43,-67.0908],"tipVelocity":[-10.5277,32.2842,-133.082],"tool":false,"touchDistance":-0.483443,"touchZone":"touching","type":1,"width":19.3376},{"bases":[[[0.99684,0.0713165,-0.0349985],[-0.0747905,0.991025,-0.110796],[0.0267827,0.113064,0.993227]],[[0.996899,0.0715799,-0.0326827],[-0.0364177,0.0515113,-0.998008],[-0.0697538,0.996104,0.0539583]],[[0.996899,0.0715799,-0.0326827],[0.0525842,-0.914993,-0.400027],[-0.0585384,0.397068,-0.91592]],[[0.996899,0.0715799,-0.0326827],[0.0749039,-0.990487,0.115433],[-0.0241091,-0.117523,-0.992777]]],"btipPosition":[46.9953,300.001,49.5798],"carpPosition":[43.385,364.967,76.7671],"dipPosition":[46.5424,297.793,30.9285],"direction":[0.0585384,-0.397068,0.91592],"extended":false,"handId":496,"id":4962,"length":66.9886,"mcpPosition":[41.5169,357.081,7.49013],"pipPosition":[44.8782,309.081,4.89002],"stabilizedTipPosition":[38.4977,307.354,106.075],"timeVisible":1.75331,"tipPosition":[46.9635,299.656,45.3393],"tipVelocity":[-27.5589,-75.27,-139.754],"tool":false,"touchDistance":0.333333,"touchZone":"none","type":2,"width":18.9921},{"bases":[[[0.992698,0.0122655,0.119997],[-0.00248782,0.996687,-0.0812953],[-0.120597,0.0804032,0.98944]],[[0.990809,0.013452,0.134601],[0.134348,0.0181926,-0.990767],[-0.0157765,0.999744,0.0162182]],[[0.990809,0.013452,0.134601],[0.0608891,-0.93289,-0.354977],[0.120793,0.35991,-0.925134]],[[0.990809,0.013452,0.134601],[-0.00583003,-0.989872,0.141843],[0.135146,-0.141324,-0.980695]]],"btipPosition":[57.8658,309.619,56.6783],"carpPosition":[55.4786,366.638,75.425],"dipPosition":[60.3902,306.979,38.3598],"direction":[-0.120793,-0.35991,0.925134],"extended":false,"handId":496,"id":4963,"length":64.4113,"mcpPosition":[63.0308,361.603,13.463],"pipPosition":[63.7355,316.946,12.7386],"stabilizedTipPosition":[49.5465,316.825,115.249],"timeVisible":1.75331,"tipPosition":[58.6548,308.875,52.1357],"tipVelocity":[-26.0398,-79.7966,-125.563],"tool":false,"touchDistance":0.333333,"touchZone":"none","type":3,"width":18.0722},{"bases":[[[0.958742,-0.143362,0.245479],[0.141299,0.989623,0.0260945],[-0.246673,0.00966799,0.969051]],[[0.972963,-0.143688,0.180824],[0.197127,0.10867,-0.974336],[0.12035,0.983638,0.134057]],[[0.972963,-0.143688,0.180824],[-0.0474834,-0.890636,-0.452231],[0.226028,0.431418,-0.873378]],[[0.972963,-0.143688,0.180824],[-0.153048,-0.987455,0.0388462],[0.172973,-0.0654705,-0.982748]]],"btipPosition":[71.4092,319.216,50.2741],"carpPosition":[68.7644,361.855,77.176],"dipPosition":[74.3899,318.088,33.3392],"direction":[-0.226028,-0.431418,0.873378],"extended":false,"handId":496,"id":4964,"length":50.4973,"mcpPosition":[83.0639,361.295,21.0004],"pipPosition":[78.8096,326.523,16.2615],"stabilizedTipPosition":[60.872,324.725,106.273],"timeVisible":1.75331,"tipPosition":[72.123,319.42,46.3144],"tipVelocity":[-21.492,-84.9292,-120.717],"tool":false,"touchDistance":0.333333,"touchZone":"none","type":4,"width":16.0532}],"r":[[0.735769,0.676861,-0.022444],[-0.654211,0.701799,-0.281933],[-0.175078,0.222121,0.959172]],"s":1.14646,"t":[19.4988,-49.307,-165.459],"timestamp":522190453466},false],[6,{"currentFrameRate":105.403,"devices":[],"gestures":[],"hands":[{"armBasis":[[0.961337,0.20496,-0.183908],[-0.205197,0.978556,0.0179553],[0.183644,0.0204762,0.982779]],"armWidth":63.703,"confidence":0.420085,"direction":[-0.0142448,0.022258,-0.999651],"elbow":[103.233,362.104,349.762],"grabStrength":0,"id":496,"palmNormal":[0.205105,-0.978428,-0.0247081],"palmPosition":[46.3214,351.987,30.4806],"palmVelocity":[0.392832,-64.1619,-128.389],"palmWidth":90.9658,"pinchStrength":0.371434,"r":[[0.738919,0.673535,-0.0187093],[-0.649823,0.705015,-0.28405],[-0.178127,0.222047,0.958627]],"s":1.14576,"sphereCenter":[62.9867,309.447,11.7892],"sphereRadius":49.4636,"stabilizedPalmPosition":[18.2807,367.811,162.337],"t":[19.5416,-49.9622,-166.846],"timeVisible":1.76247,"type":"right","wrist":[53.6625,356.576,84.4827]}],"id":4161393,"interactionBox":{"center":[0,200,0],"size":[235.247,235.247,147.751]},"pointables":[{"bases":[[[0.207569,0.962122,-0.176736],[-0.873767,0.263587,0.408721],[0.439825,0.0695882,0.895384]],[[0.111113,0.926359,-0.359878],[-0.946664,0.208868,0.245361],[0.30246,0.31342,0.900159]],[[0.111113,0.926359,-0.359878],[-0.988714,0.0664245,-0.134284],[-0.100491,0.370737,0.923285]],[[0.111113,0.926359,-0.359878],[-0.773667,-0.146659,-0.616385],[-0.623774,0.346914,0.700398]]],"btipPosition":[30.9602,303.687,-4.87795],"carpPosition":[28.0342,340.083,87.9029],"dipPosition":[16.3656,311.804,11.5095],"direction":[0.100491,-0.370737,-0.923285],"extended":false,"handId":496,"id":4960,"length":52.1025,"mcpPosition":[28.0342,340.083,87.9029],"pipPosition":[12.9402,324.441,42.9811],"stabilizedTipPosition":[16.0347,316.176,67.5899],"timeVisible":1.76247,"tipPosition":[27.4998,305.183,-1.2012],"tipVelocity":[20.0349,-44.4169,-136.402],"tool":false,"touchDistance":-0.465022,"touchZone":"touching","type":0,"width":20.2446},{"bases":[[[0.962352,0.206207,-0.177083],[-0.229293,0.965742,-0.121515],[0.145959,0.157544,0.976666]],[[0.973077,0.22444,-0.0524149],[-0.230416,0.941985,-0.244075],[-0.0054061,0.249581,0.968339]],[[0.973077,0.22444,-0.0524149],[-0.226524,0.88937,-0.397124],[-0.0425142,0.398306,0.916267]],[[0.973077,0.22444,-0.0524149],[-0.21949,0.833014,-0.50785],[-0.0703194,0.505682,0.859849]]],"btipPosition":[23.4887,320.534,-72.6362],"carpPosition":[31.7633,361.103,77.6164],"dipPosition":[22.2876,329.171,-57.949],"direction":[0.0425142,-0.398306,-0.916267],"extended":true,"handId":496,"id":4961,"length":58.7918,"mcpPosition":[21.0281,349.516,5.78266],"pipPosition":[21.2603,338.796,-35.8084],"stabilizedTipPosition":[8.97488,329.663,97.7039],"timeVisible":1.76247,"tipPosition":[23.7489,321.587,-68.8238],"tipVelocity":[32.2718,-33.4347,-149.101],"tool":false,"touchDistance":-0.489604,"touchZone":"touching","type":1,"width":19.3376},{"bases":[[[0.998117,0.0579187,-0.0201759],[-0.0600354,0.989925,-0.128232],[0.0125457,0.129202,0.991539]],[[0.998147,0.0582592,-0.0175607],[-0.0195968,0.0345643,-0.99921],[-0.0576062,0.997703,0.0356419]],[[0.998147,0.0582592,-0.0175607],[0.0471196,-0.922657,-0.382731],[-0.0385001,0.381195,-0.923693]],[[0.998147,0.0582592,-0.0175607],[0.0600945,-0.989122,0.13426],[-0.00954777,-0.135066,-0.990791]]],"btipPosition":[46.181,299.777,48.6747],"carpPosition":[43.0063,365.165,74.678],"dipPosition":[46.0017,297.239,30.0607],"direction":[0.0385001,-0.381195,0.923693],"extended":false,"handId":496,"id":4962,"length":66.9886,"mcpPosition":[42.1312,356.153,5.51874],"pipPosition":[44.9071,308.076,3.80125],"stabilizedTipPosition":[38.5013,307.35,106.045],"timeVisible":1.76247,"tipPosition":[46.2149,299.328,44.4185],"tipVelocity":[-42.7453,-63.4153,-128.102],"tool":false,"touchDistance":0.333333,"touchZone":"none","type":2,"width":18.9921},{"bases":[[[0.990751,0.00150977,0.135682],[0.0118596,0.995148,-0.0976722],[-0.135171,0.098378,0.985926]],[[0.988619,0.00298061,0.150409],[0.15041,-0.000158813,-0.988624],[-0.00292282,0.999996,-0.000605319]],[[0.988619,0.00298061,0.150409],[0.0543137,-0.93944,-0.338381],[0.140291,0.342699,-0.928911]],[[0.988619,0.00298061,0.150409],[-0.0210809,-0.987194,0.158126],[0.148954,-0.159497,-0.975896]]],"btipPosition":[57.0683,309.318,55.7425],"carpPosition":[55.1405,366.658,73.5028],"dipPosition":[59.8506,306.339,37.5137],"direction":[-0.140291,-0.342699,0.928911],"extended":false,"handId":496,"id":4963,"length":64.4113,"mcpPosition":[63.6053,360.497,11.7608],"pipPosition":[63.7359,315.83,11.7878],"stabilizedTipPosition":[49.5524,316.819,115.203],"timeVisible":1.76247,"tipPosition":[57.9189,308.488,51.2292],"tipVelocity":[-41.2493,-69.0904,-118.432],"tool":false,"touchDistance":0.333333,"touchZone":"none","type":3,"width":18.0722},{"bases":[[[0.952778,-0.151562,0.263141],[0.153824,0.988024,0.0121109],[-0.261825,0.0289384,0.964681]],[[0.967959,-0.15314,0.199008],[0.214218,0.0900755,-0.972624],[0.131022,0.984091,0.119995]],[[0.967959,-0.15314,0.199008],[-0.0518113,-0.897261,-0.43845],[0.245706,0.414091,-0.876446]],[[0.967959,-0.15314,0.199008],[-0.166546,-0.984642,0.0523692],[0.187932,-0.0838352,-0.978598]]],"btipPosition":[70.8364,318.618,49.3818],"carpPosition":[68.333,361.735,75.5448],"dipPosition":[74.0749,317.173,32.5184],"direction":[-0.245706,-0.414091,0.876446],"extended":false,"handId":496,"id":4964,"length":50.4973,"mcpPosition":[83.5109,360.057,19.6225],"pipPosition":[78.8794,325.27,15.3807],"stabilizedTipPosition":[60.8806,324.72,106.224],"timeVisible":1.76247,"tipPosition":[71.6186,318.742,45.4366],"tipVelocity":[-31.1292,-81.6847,-113.741],"tool":false,"touchDistance":0.333333,"touchZone":"none","type":4,"width":16.0532}],"r":[[0.738919,0.673535,-0.0187093],[-0.649823,0.705015,-0.28405],[-0.178127,0.