{"sensorType":"Leap","data":[[0,{"currentFrameRate":110.52,"devices":[],"gestures":[],"hands":[{"armBasis":[[-0.6619,-0.720608,0.206429],[-0.736877,0.676021,-0.00286957],[0.137482,0.154012,0.978457]],"armWidth":63.703,"confidence":0.641889,"direction":[-0.675808,0.184336,-0.713655],"elbow":[93.8301,378.046,346.833],"grabStrength":0.44242,"id":495,"palmNormal":[0.403036,-0.718238,-0.567183],"palmPosition":[26.6795,348.436,38.6104],"palmVelocity":[45.381,14.0474,-80.7328],"palmWidth":90.9658,"pinchStrength":0.8739,"r":[[0.906249,-0.0227885,-0.422129],[-0.0149602,0.996192,-0.0858965],[0.422479,0.0841588,0.902457]],"s":0.884929,"sphereCenter":[36.8953,320.51,2.90235],"sphereRadius":39.7639,"stabilizedPalmPosition":[23.1472,393.008,240.623],"t":[3.70058,-47.1907,-205.24],"timeVisible":1.23831,"type":"left","wrist":[56.7198,336.474,82.7199]}],"id":4160731,"interactionBox":{"center":[0,200,0],"size":[235.247,235.247,147.751]},"pointables":[{"bases":[[[-0.740689,0.408399,0.53347],[0.58016,0.789231,0.201318],[0.338813,-0.458612,0.821511]],[[-0.798203,0.50171,0.333405],[0.406346,0.857029,-0.316834],[0.444697,0.11742,0.887951]],[[-0.798203,0.50171,0.333405],[0.0756071,0.632535,-0.770833],[0.597625,0.590073,0.542824]],[[-0.798203,0.50171,0.333405],[-0.220822,0.271243,-0.936838],[0.560455,0.82141,0.105719]]],"btipPosition":[25.2955,302.018,2.03185],"carpPosition":[80.9718,347.21,67.321],"dipPosition":[38.4086,321.237,4.50539],"direction":[-0.597625,-0.590073,-0.542824],"extended":false,"handId":495,"id":4950,"length":52.1025,"mcpPosition":[80.9718,347.21,67.321],"pipPosition":[58.7796,341.35,23.0084],"stabilizedTipPosition":[43.2082,327.349,181.77],"timeVisible":1.23831,"tipPosition":[27.8131,305.888,3.4571],"tipVelocity":[63.8181,23.2448,-94.135],"tool":false,"touchDistance":-0.422809,"touchZone":"touching","type":0,"width":20.2446},{"bases":[[[-0.721835,-0.63046,0.285437],[-0.482033,0.753959,0.446307],[0.496586,-0.18457,0.848137]],[[-0.685012,-0.641908,0.344547],[-0.716456,0.67931,-0.158836],[0.132096,0.355657,0.925235]],[[-0.685012,-0.641908,0.344547],[-0.728486,0.608849,-0.314025],[0.00820184,0.466108,0.88469]],[[-0.685012,-0.641908,0.344547],[-0.725164,0.555355,-0.407084],[-0.0699648,0.52871,0.845914]]],"btipPosition":[19.687,335.818,-63.8582],"carpPosition":[60.8877,357.812,74.0887],"dipPosition":[18.4919,344.849,-49.4091],"direction":[-0.00820184,-0.466108,-0.88469],"extended":true,"handId":495,"id":4951,"length":58.7918,"mcpPosition":[24.3638,371.388,11.7082],"pipPosition":[18.6901,356.112,-28.0315],"stabilizedTipPosition":[30.7681,399.714,135.046],"timeVisible":1.23831,"tipPosition":[19.1834,337.294,-60.1852],"tipVelocity":[28.4359,-3.64848,-81.7876],"tool":false,"touchDistance":0.332745,"touchZone":"hovering","type":1,"width":19.3376},{"bases":[[[-0.555286,-0.768832,0.317104],[-0.586109,0.632282,0.506651],[0.590029,-0.0954786,0.801717]],[[-0.533836,-0.771754,0.345564],[-0.68986,0.161167,-0.705775],[-0.488992,0.615159,0.618439]],[[-0.533836,-0.771754,0.345564],[0.298475,-0.554342,-0.776929],[-0.791158,0.31161,-0.526277]],[[-0.533836,-0.771754,0.345564],[0.676168,-0.635,-0.373594],[-0.507756,-0.0342214,-0.860821]]],"btipPosition":[65.4247,320.328,23.238],"carpPosition":[50.9847,351.527,77.8247],"dipPosition":[55.8855,319.685,7.06576],"direction":[0.791158,-0.31161,0.526277],"extended":false,"handId":495,"id":4952,"length":66.9886,"mcpPosition":[9.83053,358.186,21.9054],"pipPosition":[33.3938,328.543,-7.89567],"stabilizedTipPosition":[73.5764,358.473,225.649],"timeVisible":1.23831,"tipPosition":[63.5101,320.197,19.7983],"tipVelocity":[42.9121,10.3847,-97.7883],"tool":false,"touchDistance":0.333333,"touchZone":"none","type":2,"width":18.9921},{"bases":[[[-0.416632,-0.819965,0.392525],[-0.605176,0.572371,0.553311],[0.678365,0.00702008,0.734691]],[[-0.421769,-0.819994,0.386938],[-0.782954,0.114155,-0.611516],[-0.457269,0.560872,0.690165]],[[-0.421769,-0.819994,0.386938],[0.209505,-0.503339,-0.838307],[-0.882167,0.272506,-0.384085]],[[-0.421769,-0.819994,0.386938],[0.65024,-0.570957,-0.501195],[-0.631902,-0.0402139,-0.774005]]],"btipPosition":[57.365,310.49,29.7565],"carpPosition":[43.1867,342.778,81.4986],"dipPosition":[45.5617,309.738,15.2989],"direction":[0.882167,-0.272506,0.384085],"extended":false,"handId":495,"id":4953,"length":64.4113,"mcpPosition":[0.705274,342.338,35.4898],"pipPosition":[21.1304,317.285,4.66178],"stabilizedTipPosition":[61.5383,349.843,234.346],"timeVisible":1.23831,"tipPosition":[54.9209,310.355,26.9362],"tipVelocity":[50.158,15.4361,-78.6514],"tool":false,"touchDistance":0.333333,"touchZone":"none","type":3,"width":18.0722},{"bases":[[[-0.22956,-0.896866,0.378065],[-0.600285,0.436225,0.670347],[0.766133,0.0730617,0.638516]],[[-0.235948,-0.897445,0.372721],[-0.898887,0.0558282,-0.43461],[-0.36923,0.437579,0.819874]],[[-0.235948,-0.897445,0.372721],[0.0876245,-0.401636,-0.911598],[-0.967807,0.182431,-0.173403]],[[-0.235948,-0.897445,0.372721],[0.610629,-0.435293,-0.661553],[-0.75595,-0.0715016,-0.650712]]],"btipPosition":[41.0377,306.97,32.4206],"carpPosition":[40.4472,329.009,83.8137],"dipPosition":[28.011,305.738,21.2074],"direction":[0.967807,-0.182431,0.173403],"extended":false,"handId":495,"id":4954,"length":50.4973,"mcpPosition":[-3.96531,324.773,46.7991],"pipPosition":[9.08689,309.305,17.8167],"stabilizedTipPosition":[45.2181,346.558,231.601],"timeVisible":1.23831,"tipPosition":[38.4109,306.596,30.2346],"tipVelocity":[44.2716,13.4386,-82.0634],"tool":false,"touchDistance":0.333333,"touchZone":"none","type":4,"width":16.0532}],"r":[[0.906249,-0.0227885,-0.422129],[-0.0149602,0.996192,-0.0858965],[0.422479,0.0841588,0.902457]],"s":0.884929,"t":[3.70058,-47.1907,-205.24],"timestamp":522182861253},false],[1,{"currentFrameRate":110.541,"devices":[],"gestures":[],"hands":[{"armBasis":[[-0.661904,-0.718912,0.212245],[-0.736001,0.676977,-0.00223974],[0.142075,0.157695,0.977214]],"armWidth":63.703,"confidence":0.652406,"direction":[-0.674627,0.183339,-0.715028],"elbow":[95.0219,379.185,345.997],"grabStrength":0.441993,"id":495,"palmNormal":[0.403946,-0.719058,-0.565495],"palmPosition":[26.7047,348.52,38.0441],"palmVelocity":[33.6772,12.736,-75.8189],"palmWidth":90.9658,"pinchStrength":0.87228,"r":[[0.905969,-0.0226522,-0.422737],[-0.0163142,0.995958,-0.088331],[0.423029,0.0869218,0.901937]],"s":0.884233,"sphereCenter":[36.9807,320.546,2.38641],"sphereRadius":39.7731,"stabilizedPalmPosition":[23.1475,393.004,240.605],"t":[3.93261,-47.1072,-205.868],"timeVisible":1.24732,"type":"left","wrist":[56.672,336.619,82.22]}],"id":4160732,"interactionBox":{"center":[0,200,0],"size":[235.247,235.247,147.751]},"pointables":[{"bases":[[[-0.741552,0.409181,0.531668],[0.579854,0.7895,0.201147],[0.337446,-0.457451,0.82272]],[[-0.798833,0.502426,0.330809],[0.407693,0.856545,-0.316412],[0.442327,0.117892,0.889072]],[[-0.798833,0.502426,0.330809],[0.0776727,0.63147,-0.7715],[0.596517,0.590605,0.543464]],[[-0.798833,0.502426,0.330809],[-0.217491,0.271499,-0.937542],[0.56086,0.820888,0.107609]]],"btipPosition":[25.4198,302.111,1.43466],"carpPosition":[80.9497,347.333,66.8457],"dipPosition":[38.5425,321.318,3.95244],"direction":[-0.596517,-0.590605,-0.543464],"extended":false,"handId":495,"id":4950,"length":52.1025,"mcpPosition":[80.9497,347.333,66.8457],"pipPosition":[58.8757,341.45,22.4772],"stabilizedTipPosition":[43.176,327.303,181.379],"timeVisible":1.24732,"tipPosition":[27.9458,305.984,2.86105],"tipVelocity":[50.1399,19.621,-86.172],"tool":false,"touchDistance":-0.417667,"touchZone":"touching","type":0,"width":20.2446},{"bases":[[[-0.722324,-0.630031,0.285147],[-0.482743,0.754608,0.444439],[0.495184,-0.183376,0.849215]],[[-0.686229,-0.641235,0.343376],[-0.715648,0.679654,-0.160991],[0.130144,0.356213,0.925297]],[[-0.686229,-0.641235,0.343376],[-0.727357,0.609134,-0.316082],[0.00647941,0.466662,0.884412]],[[-0.686229,-0.641235,0.343376],[-0.723861,0.555602,-0.409063],[-0.0715252,0.529268,0.845435]]],"btipPosition":[19.9093,335.816,-64.4487],"carpPosition":[60.8547,357.945,73.5653],"dipPosition":[18.6875,344.857,-50.0077],"direction":[-0.00647941,-0.466662,-0.884412],"extended":true,"handId":495,"id":4951,"length":58.7918,"mcpPosition":[24.4339,371.433,11.1055],"pipPosition":[18.8441,356.133,-28.6368],"stabilizedTipPosition":[30.7671,399.708,135.028],"timeVisible":1.24732,"tipPosition":[19.3974,337.296,-60.779],"tipVelocity":[27.2148,-2.6259,-77.3808],"tool":false,"touchDistance":0.33281,"touchZone":"hovering","type":1,"width":19.3376},{"bases":[[[-0.555832,-0.768363,0.317285],[-0.586921,0.633021,0.504784],[0.588706,-0.0943536,0.802822]],[[-0.534456,-0.771242,0.34575],[-0.688696,0.16025,-0.707119],[-0.489954,0.616041,0.616798]],[[-0.534456,-0.771242,0.34575],[0.299541,-0.555364,-0.775788],[-0.790337,0.311058,-0.527835]],[[-0.534456,-0.771242,0.34575],[0.676593,-0.635569,-0.371853],[-0.506536,-0.0351932,-0.8615]]],"btipPosition":[65.4778,320.379,22.7663],"carpPosition":[50.9454,351.665,77.2939],"dipPosition":[55.9615,319.718,6.58134],"direction":[0.790337,-0.311058,0.527835],"extended":false,"handId":495,"id":4952,"length":66.9886,"mcpPosition":[9.88351,358.247,21.2976],"pipPosition":[33.4932,328.561,-8.4244],"stabilizedTipPosition":[73.576,358.471,225.64],"timeVisible":1.24732,"tipPosition":[63.562,320.248,19.3226],"tipVelocity":[32.8994,8.98069,-85.3921],"tool":false,"touchDistance":0.333333,"touchZone":"none","type":2,"width":18.9921},{"bases":[[[-0.417304,-0.819392,0.393007],[-0.606067,0.573177,0.551498],[0.677156,0.00804674,0.735796]],[[-0.422414,-0.819429,0.38743],[-0.781717,0.112997,-0.613311],[-0.458786,0.561932,0.688293]],[[-0.422414,-0.819429,0.38743],[0.210768,-0.50452,-0.837279],[-0.881557,0.272021,-0.385825]],[[-0.422414,-0.819429,0.38743],[0.650696,-0.571712,-0.49974],[-0.631,-0.0410024,-0.774699]]],"btipPosition":[57.4292,310.55,29.301],"carpPosition":[43.1411,342.922,80.9675],"dipPosition":[45.6427,309.784,14.8304],"direction":[0.881557,-0.272021,0.385825],"extended":false,"handId":495,"id":4953,"length":64.4113,"mcpPosition":[0.735408,342.418,34.8896],"pipPosition":[21.2283,317.318,4.1451],"stabilizedTipPosition":[61.5378,349.84,234.331],"timeVisible":1.24732,"tipPosition":[54.9718,310.415,26.4624],"tipVelocity":[38.4502,12.9442,-71.023],"tool":false,"touchDistance":0.333333,"touchZone":"none","type":3,"width":18.0722},{"bases":[[[-0.230211,-0.89632,0.378964],[-0.601373,0.437198,0.668736],[0.765084,0.0739486,0.639671]],[[-0.236497,-0.896898,0.373689],[-0.898167,0.0550953,-0.436189],[-0.370629,0.438792,0.818594]],[[-0.236497,-0.896898,0.373689],[0.089171,-0.403011,-0.910841],[-0.967532,0.182089,-0.175288]],[[-0.236497,-0.896898,0.373689],[0.61174,-0.436248,-0.659895],[-0.75488,-0.072537,-0.65184]]],"btipPosition":[41.0743,307.048,31.9392],"carpPosition":[40.3974,329.156,83.2977],"dipPosition":[28.066,305.798,20.7065],"direction":[0.967532,-0.182089,0.175288],"extended":false,"handId":495,"id":4954,"length":50.4973,"mcpPosition":[-3.95435,324.87,46.2161],"pipPosition":[9.1473,309.358,17.279],"stabilizedTipPosition":[45.2176,346.555,231.586],"timeVisible":1.24732,"tipPosition":[38.4467,306.67,29.745],"tipVelocity":[33.3503,11.9937,-74.3324],"tool":false,"touchDistance":0.333333,"touchZone":"none","type":4,"width":16.0532}],"r":[[0.905969,-0.0226522,-0.422737],[-0.0163142,0.995958,-0.088331],[0.423029,0.0869218,0.901937]],"s":0.884233,"t":[3.93261,-47.1072,-205.868],"timestamp":522182870262},false],[2,{"currentFrameRate":110.482,"devices":[],"gestures":[],"hands":[{"armBasis":[[-0.659672,-0.719475,0.217231],[-0.737357,0.6755,-0.00188025],[0.145387,0.161417,0.976118]],"armWidth":63.703,"confidence":0.656983,"direction":[-0.675415,0.183427,-0.714262],"elbow":[96.1558,380.243,345.112],"grabStrength":0.442077,"id":495,"palmNormal":[0.40459,-0.71761,-0.566871],"palmPosition":[26.895,348.595,37.4938],"palmVelocity":[30.0876,11.4676,-71.445],"palmWidth":90.9658,"pinchStrength":0.868702,"r":[[0.90569,-0.0221511,-0.423362],[-0.0177036,0.995787,-0.0899744],[0.423571,0.0889839,0.901482]],"s":0.88374,"sphereCenter":[37.1609,320.656,1.80166],"sphereRadius":39.7806,"stabilizedPalmPosition":[23.1479,393,240.587],"t":[4.14381,-47.0281,-206.458],"timeVisible":1.25647,"type":"left","wrist":[56.9119,336.672,81.6299]}],"id":4160733,"interactionBox":{"center":[0,200,0],"size":[235.247,235.247,147.751]},"pointables":[{"bases":[[[-0.741766,0.407289,0.532822],[0.57884,0.790046,0.201919],[0.338715,-0.458196,0.821784]],[[-0.799512,0.501155,0.331095],[0.407894,0.857637,-0.31318],[0.440911,0.115339,0.890109]],[[-0.799512,0.501155,0.331095],[0.0780736,0.63326,-0.769991],[0.595554,0.589768,0.545426]],[[-0.799512,0.501155,0.331095],[-0.215068,0.275828,-0.936838],[0.560826,0.820221,0.112745]]],"btipPosition":[25.737,302.394,0.604378],"carpPosition":[81.1626,347.444,66.2542],"dipPosition":[38.8589,321.585,3.24232],"direction":[-0.595554,-0.589768,-0.545426],"extended":false,"handId":495,"id":4950,"length":52.1025,"mcpPosition":[81.1626,347.444,66.2542],"pipPosition":[59.1592,341.688,21.834],"stabilizedTipPosition":[43.143,327.256,180.966],"timeVisible":1.25647,"tipPosition":[28.2664,306.248,2.06755],"tipVelocity":[45.818,22.6465,-86.5902],"tool":false,"touchDistance":-0.416273,"touchZone":"touching","type":0,"width":20.2446},{"bases":[[[-0.721192,-0.631521,0.284718],[-0.483526,0.753228,0.445927],[0.49607,-0.18393,0.848578]],[[-0.685694,-0.642591,0.341907],[-0.716258,0.679305,-0.159748],[0.129607,0.354432,0.926056]],[[-0.685694,-0.642591,0.341907],[-0.727865,0.609151,-0.314875],[0.00593765,0.464771,0.885411]],[[-0.685694,-0.642591,0.341907],[-0.724314,0.555862,-0.407906],[-0.0720631,0.527347,0.846588]]],"btipPosition":[20.0918,336.083,-65.0392],"carpPosition":[61.057,358.017,73.0043],"dipPosition":[18.8609,345.091,-50.5786],"direction":[-0.00593765,-0.464771,-0.885411],"extended":true,"handId":495,"id":4951,"length":58.7918,"mcpPosition":[24.5711,371.545,10.5914],"pipPosition":[19.0044,356.322,-29.1836],"stabilizedTipPosition":[30.7662,399.703,135.011],"timeVisible":1.25647,"tipPosition":[19.5701,337.56,-61.3692],"tipVelocity":[25.123,6.00548,-73.6566],"tool":false,"touchDistance":0.332819,"touchZone":"hovering","type":1,"width":19.3376},{"bases":[[[-0.554473,-0.769656,0.316527],[-0.587483,0.631397,0.506164],[0.589426,-0.0946998,0.802252]],[[-0.533093,-0.772544,0.344946],[-0.689447,0.160356,-0.706363],[-0.490383,0.614379,0.618113]],[[-0.533093,-0.772544,0.344946],[0.299644,-0.553681,-0.776949],[-0.791218,0.310825,-0.526652]],[[-0.533093,-0.772544,0.344946],[0.677127,-0.634025,-0.373511],[-0.507258,-0.0344562,-0.861105]]],"btipPosition":[65.701,320.528,22.1384],"carpPosition":[51.1596,351.717,76.7307],"dipPosition":[56.1712,319.88,5.96081],"direction":[0.791218,-0.310825,0.526652],"extended":false,"handId":495,"id":4952,"length":66.9886,"mcpPosition":[10.0475,358.322,20.7741],"pipPosition":[33.6778,328.717,-9.01128],"stabilizedTipPosition":[73.5755,358.47,225.63],"timeVisible":1.25647,"tipPosition":[63.7777,320.401,18.695],"tipVelocity":[30.4318,11.0887,-80.6597],"tool":false,"touchDistance":0.333333,"touchZone":"none","type":2,"width":18.9921},{"bases":[[[-0.415815,-0.820596,0.392072],[-0.606507,0.571454,0.552801],[0.677677,0.00793135,0.735317]],[[-0.420883,-0.820632,0.38655],[-0.781832,0.11208,-0.613332],[-0.459996,0.560358,0.688769]],[[-0.420883,-0.820632,0.38655],[0.21155,-0.503178,-0.83789],[-0.882102,0.270879,-0.385384]],[[-0.420883,-0.820632,0.38655],[0.651302,-0.569989,-0.500917],[-0.631398,-0.0409331,-0.774378]]],"btipPosition":[57.7028,310.693,28.7207],"carpPosition":[43.3709,342.956,80.3967],"dipPosition":[45.9089,309.928,14.2561],"direction":[0.882102,-0.270879,0.385384],"extended":false,"handId":495,"id":4953,"length":64.4113,"mcpPosition":[0.932454,342.46,34.3488],"pipPosition":[21.4794,317.43,3.58306],"stabilizedTipPosition":[61.5372,349.837,234.311],"timeVisible":1.25647,"tipPosition":[55.2216,310.553,25.8474],"tipVelocity":[36.0114,13.6734,-68.8525],"tool":false,"touchDistance":0.333333,"touchZone":"none","type":3,"width":18.0722},{"bases":[[[-0.22862,-0.897227,0.377777],[-0.601528,0.435306,0.66983],[0.765439,0.0741072,0.639227]],[[-0.234818,-0.897799,0.372582],[-0.89857,0.0543071,-0.435458],[-0.37072,0.437045,0.819487]],[[-0.234818,-0.897799,0.372582],[0.0890879,-0.401564,-0.911488],[-0.967948,0.180841,-0.174278]],[[-0.234818,-0.897799,0.372582],[0.61187,-0.434355,-0.661023],[-0.755298,-0.0727516,-0.651331]]],"btipPosition":[41.3238,307.155,31.3152],"carpPosition":[40.649,329.183,82.7081],"dipPosition":[28.3084,305.902,20.0913],"direction":[0.967948,-0.180841,0.174278],"extended":false,"handId":495,"id":4954,"length":50.4973,"mcpPosition":[-3.72332,324.887,45.6522],"pipPosition":[9.38153,309.438,16.6836],"stabilizedTipPosition":[45.2171,346.552,231.569],"timeVisible":1.25647,"tipPosition":[38.691,306.777,29.1196],"tipVelocity":[31.6039,11.8976,-72.5517],"tool":false,"touchDistance":0.333333,"touchZone":"none","type":4,"width":16.0532}],"r":[[0.90569,-0.0221511,-0.423362],[-0.0177036,0.995787,-0.0899744],[0.423571,0.0889839,0.901482]],"s":0.88374,"t":[4.14381,-47.0281,-206.458],"timestamp":522182879417},false],[3,{"currentFrameRate":110.545,"devices":[],"gestures":[],"hands":[{"armBasis":[[-0.657668,-0.719805,0.222159],[-0.738673,0.674059,-0.00274848],[0.14777,0.16591,0.975007]],"armWidth":63.703,"confidence":0.661569,"direction":[-0.676126,0.183722,-0.713512],"elbow":[97.0289,381.419,344.327],"grabStrength":0.442365,"id":495,"palmNormal":[0.404817,-0.716509,-0.5681],"palmPosition":[27.0804,348.588,37.0475],"palmVelocity":[27.5385,8.13078,-65.5801],"palmWidth":90.9658,"pinchStrength":0.864409,"r":[[0.905405,-0.021476,-0.424006],[-0.0190128,0.995667,-0.0910297],[0.424124,0.0904802,0.901073]],"s":0.883517,"sphereCenter":[37.3032,320.648,1.3446],"sphereRadius":39.7942,"stabilizedPalmPosition":[23.1482,392.996,240.568],"t":[4.34207,-46.9919,-206.975],"timeVisible":1.26541,"type":"left","wrist":[57.1417,336.636,81.1455]}],"id":4160734,"interactionBox":{"center":[0,200,0],"size":[235.247,235.247,147.751]},"pointables":[{"bases":[[[-0.741734,0.405922,0.533908],[0.578268,0.790318,0.202493],[0.339761,-0.458938,0.820937]],[[-0.799951,0.500502,0.331021],[0.409071,0.858448,-0.309401],[0.43902,0.112094,0.891457]],[[-0.799951,0.500502,0.331021],[0.0796396,0.635316,-0.768135],[0.594757,0.588108,0.548081]],[[-0.799951,0.500502,0.331021],[-0.212348,0.279834,-0.93627],[0.561236,0.819262,0.117573]]],"btipPosition":[26.0572,302.641,-0.155401],"carpPosition":[81.3708,347.45,65.7652],"dipPosition":[39.1887,321.81,2.5955],"direction":[-0.594757,-0.588108,-0.548081],"extended":false,"handId":495,"id":4950,"length":52.1025,"mcpPosition":[81.3708,347.45,65.7652],"pipPosition":[59.4618,341.856,21.2777],"stabilizedTipPosition":[43.111,327.21,180.556],"timeVisible":1.26541,"tipPosition":[28.5847,306.464,1.3492],"tipVelocity":[43.1629,23.8581,-85.3746],"tool":false,"touchDistance":-0.413986,"touchZone":"touching","type":0,"width":20.2446},{"bases":[[[-0.720394,-0.632549,0.284455],[-0.483879,0.752209,0.447261],[0.496884,-0.184562,0.847964]],[[-0.685466,-0.643498,0.340657],[-0.716542,0.679244,-0.158733],[0.129245,0.352901,0.926691]],[[-0.685466,-0.643498,0.340657],[-0.728082,0.609505,-0.313689],[0.00577371,0.463049,0.886314]],[[-0.685466,-0.643498,0.340657],[-0.724527,0.556511,-0.406641],[-0.0720935,0.525554,0.8477]]],"btipPosition":[20.2556,336.247,-65.5223],"carpPosition":[61.2607,357.996,72.5442],"dipPosition":[19.0242,345.224,-51.0427],"direction":[-0.00577371,-0.463049,-0.886314],"extended":true,"handId":495,"id":4951,"length":58.7918,"mcpPosition":[24.7149,371.571,10.1764],"pipPosition":[19.1637,356.413,-29.6259],"stabilizedTipPosition":[30.7653,399.698,134.995],"timeVisible":1.26541,"tipPosition":[19.7265,337.722,-61.8515],"tipVelocity":[23.267,9.14817,-68.1795],"tool":false,"touchDistance":0.332909,"touchZone":"hovering","type":1,"width":19.3376},{"bases":[[[-0.553524,-0.770571,0.31596],[-0.587678,0.630206,0.507421],[0.590124,-0.0951871,0.801682]],[[-0.532141,-0.773474,0.34433],[-0.689534,0.159933,-0.706374],[-0.491293,0.613318,0.618443]],[[-0.532141,-0.773474,0.34433],[0.299695,-0.552446,-0.777808],[-0.791839,0.31071,-0.525786]],[[-0.532141,-0.773474,0.34433],[0.677082,-0.632949,-0.375414],[-0.508316,-0.0333663,-0.860524]]],"btipPosition":[65.9461,320.561,21.666],"carpPosition":[51.3719,351.682,76.2699],"dipPosition":[56.3964,319.934,5.49931],"direction":[0.791839,-0.31071,0.525786],"extended":false,"handId":495,"id":4952,"length":66.9886,"mcpPosition":[10.2111,358.321,20.3531],"pipPosition":[33.8853,328.767,-9.44816],"stabilizedTipPosition":[73.575,358.468,225.619],"timeVisible":1.26541,"tipPosition":[63.992,320.444,18.2],"tipVelocity":[29.4729,9.21608,-73.0023],"tool":false,"touchDistance":0.333333,"touchZone":"none","type":2,"width":18.9921},{"bases":[[[-0.414762,-0.82148,0.391334],[-0.606611,0.570186,0.553995],[0.678229,0.00761103,0.734811]],[[-0.419659,-0.821514,0.386006],[-0.781123,0.11026,-0.614564],[-0.462312,0.559426,0.687976]],[[-0.419659,-0.821514,0.386006],[0.212602,-0.5024,-0.83809],[-0.882432,0.269647,-0.385492]],[[-0.419659,-0.821514,0.386006],[0.651311,-0.568741,-0.502323],[-0.632203,-0.0406055,-0.773738]]],"btipPosition":[58.019,310.736,28.3128],"carpPosition":[43.594,342.91,79.9307],"dipPosition":[46.2101,309.977,13.8601],"direction":[0.882432,-0.269647,0.385492],"extended":false,"handId":495,"id":4953,"length":64.4113,"mcpPosition":[1.12106,342.433,33.9144],"pipPosition":[21.7715,317.445,3.1841],"stabilizedTipPosition":[61.5365,349.832,234.287],"timeVisible":1.26541,"tipPosition":[55.483,310.592,25.3759],"tipVelocity":[35.7386,11.2986,-62.4395],"tool":false,"touchDistance":0.333333,"touchZone":"none","type":3,"width":18.0722},{"bases":[[[-0.227508,-0.897922,0.376798],[-0.601418,0.433892,0.670846],[0.765857,0.0739909,0.63874]],[[-0.233604,-0.898483,0.371696],[-0.898988,0.0539282,-0.43464],[-0.370472,0.435684,0.820323]],[[-0.233604,-0.898483,0.371696],[0.0886757,-0.400366,-0.912055],[-0.96828,0.180099,-0.173201]],[[-0.233604,-0.898483,0.371696],[0.611697,-0.432948,-0.662105],[-0.755815,-0.0726947,-0.650737]]],"btipPosition":[41.5438,307.172,30.8009],"carpPosition":[40.8866,329.131,82.2264],"dipPosition":[28.5195,305.919,19.5872],"direction":[0.96828,-0.180099,0.173201],"extended":false,"handId":495,"id":4954,"length":50.4973,"mcpPosition":[-3.50996,324.842,45.1988],"pipPosition":[9.58613,309.441,16.2005],"stabilizedTipPosition":[45.2165,346.549,231.552],"timeVisible":1.26541,"tipPosition":[38.9058,306.793,28.6052],"tipVelocity":[29.6366,9.1534,-68.3908],"tool":false,"touchDistance":0.333333,"touchZone":"none","type":4,"width":16.0532}],"r":[[0.905405,-0.021476,-0.424006],[-0.0190128,0.995667,-0.0910297],[0.424124,0.0904802,0.901073]],"s":0.883517,"t":[4.34207,-46.9919,-206.975],"timestamp":522182888351},false],[4,{"currentFrameRate":110.567,"devices":[],"gestures":[],"hands":[{"armBasis":[[-0.656422,-0.719503,0.226772],[-0.739252,0.673421,-0.00322807],[0.150391,0.169761,0.973942]],"armWidth":63.703,"confidence":0.671731,"direction":[-0.677296,0.18424,-0.712268],"elbow":[98.0041,382.47,343.532],"grabStrength":0.442863,"id":495,"palmNormal":[0.403797,-0.716192,-0.569225],"palmPosition":[27.2759,348.629,36.5975],"palmVelocity":[25.935,7.16466,-61.289],"palmWidth":90.9658,"pinchStrength":0.859557,"r":[[0.905033,-0.0209017,-0.424827],[-0.0200708,0.995581,-0.0917413],[0.424867,0.0915555,0.900614]],"s":0.88327,"sphereCenter":[37.3802,320.629,0.899894],"sphereRadius":39.8025,"stabilizedPalmPosition":[23.1486,392.992,240.55],"t":[4.53894,-46.953,-207.459],"timeVisible":1.27441,"type":"left","wrist":[57.4094,336.646,80.6378]}],"id":4160735,"interactionBox":{"center":[0,200,0],"size":[235.247,235.247,147.751]},"pointables":[{"bases":[[[-0.740801,0.405661,0.5354],[0.578685,0.790132,0.202027],[0.341082,-0.45949,0.820081]],[[-0.799586,0.500899,0.331305],[0.411123,0.858681,-0.306015],[0.437768,0.108478,0.89252]],[[-0.799586,0.500899,0.331305],[0.0813598,0.636931,-0.766616],[0.595015,0.58602,0.550034]],[[-0.799586,0.500899,0.331305],[-0.210106,0.283485,-0.935677],[0.562599,0.817763,0.121429]]],"btipPosition":[26.3222,302.946,-0.906491],"carpPosition":[81.614,347.468,65.2239],"dipPosition":[39.4855,322.079,1.93462],"direction":[-0.595015,-0.58602,-0.550034],"extended":false,"handId":495,"id":4950,"length":52.1025,"mcpPosition":[81.614,347.468,65.2239],"pipPosition":[59.7675,342.055,20.6834],"stabilizedTipPosition":[43.0795,327.165,180.142],"timeVisible":1.27441,"tipPosition":[28.8509,306.731,0.634937],"tipVelocity":[39.61,26.3516,-84.1962],"tool":false,"touchDistance":-0.411876,"touchZone":"touching","type":0,"width":20.2446},{"bases":[[[-0.719983,-0.632655,0.285257],[-0.483056,0.751976,0.44854],[0.498278,-0.185147,0.847018]],[[-0.685568,-0.643484,0.340476],[-0.716305,0.679752,-0.15762],[0.130013,0.351944,0.926948]],[[-0.685568,-0.643484,0.340476],[-0.727978,0.610217,-0.312544],[0.00664722,0.462129,0.886788]],[[-0.685568,-0.643484,0.340476],[-0.724522,0.557359,-0.405486],[-0.0711564,0.524671,0.848326]]],"btipPosition":[20.3385,336.384,-65.987],"carpPosition":[61.5163,358.012,72.0431],"dipPosition":[19.1231,345.346,-51.4967],"direction":[-0.00664722,-0.462129,-0.886788],"extended":true,"handId":495,"id":4951,"length":58.7918,"mcpPosition":[24.8679,371.629,9.74487],"pipPosition":[19.2837,356.513,-30.0684],"stabilizedTipPosition":[30.7645,399.694,134.98],"timeVisible":1.27441,"tipPosition":[19.8007,337.866,-62.3192],"tipVelocity":[19.5159,10.7115,-63.5472],"tool":false,"touchDistance":0.332927,"touchZone":"hovering","type":1,"width":19.3376},{"bases":[[[-0.553076,-0.770714,0.316397],[-0.586766,0.629946,0.508797],[0.59145,-0.0957518,0.800637]],[[-0.531683,-0.773633,0.344681],[-0.690317,0.160062,-0.70558],[-0.490689,0.613084,0.619154]],[[-0.531683,-0.773633,0.344681],[0.298134,-0.551882,-0.778808],[-0.792735,0.311318,-0.524073]],[[-0.531683,-0.773633,0.344681],[0.675909,-0.632819,-0.37774],[-0.510353,-0.0321349,-0.859364]]],"btipPosition":[66.1495,320.585,21.1455],"carpPosition":[51.6331,351.696,75.7813],"dipPosition":[56.5614,319.982,5.00063],"direction":[0.792735,-0.311318,0.524073],"extended":false,"handId":495,"id":4952,"length":66.9886,"mcpPosition":[10.3798,358.375,19.9374],"pipPosition":[34.0249,328.832,-9.89814],"stabilizedTipPosition":[73.5745,358.466,225.608],"timeVisible":1.27441,"tipPosition":[64.1666,320.48,17.6715],"tipVelocity":[27.3095,7.59794,-68.6681],"tool":false,"touchDistance":0.333333,"touchZone":"none","type":2,"width":18.9921},{"bases":[[[-0.414194,-0.821685,0.391507],[-0.605629,0.569898,0.555365],[0.679454,0.00707945,0.733684]],[[-0.418974,-0.821714,0.386325],[-0.781731,0.109994,-0.613838],[-0.461906,0.559184,0.688444]],[[-0.418974,-0.821714,0.386325],[0.211627,-0.502122,-0.838503],[-0.882992,0.269554,-0.384273]],[[-0.418974,-0.821714,0.386325],[0.650439,-0.568479,-0.503748],[-0.633554,-0.0402235,-0.772652]]],"btipPosition":[58.2313,310.788,27.8272],"carpPosition":[43.8604,342.923,79.4495],"dipPosition":[46.3971,310.037,13.3948],"direction":[0.882992,-0.269554,0.384273],"extended":false,"handId":495,"id":4953,"length":64.4113,"mcpPosition":[1.31072,342.479,33.5038],"pipPosition":[21.943,317.502,2.75254],"stabilizedTipPosition":[61.5357,349.827,234.258],"timeVisible":1.27441,"tipPosition":[55.6701,310.642,24.8657],"tipVelocity":[32.2176,9.84266,-59.9547],"tool":false,"touchDistance":0.333333,"touchZone":"none","type":3,"width":18.0722},{"bases":[[[-0.226971,-0.898136,0.376612],[-0.600255,0.43353,0.67212],[0.766928,0.0735109,0.637509]],[[-0.232898,-0.898678,0.371668],[-0.899667,0.0539839,-0.433227],[-0.369267,0.435275,0.821083]],[[-0.232898,-0.898678,0.371668],[0.0871271,-0.399922,-0.912399],[-0.96859,0.180114,-0.17144]],[[-0.232898,-0.898678,0.371668],[0.610447,-0.4326,-0.663484],[-0.757042,-0.0723594,-0.649347]]],"btipPosition":[41.7352,307.22,30.3017],"carpPosition":[41.1553,329.143,81.741],"dipPosition":[28.6897,305.973,19.112],"direction":[0.96859,-0.180114,0.17144],"extended":false,"handId":495,"id":4954,"length":50.4973,"mcpPosition":[-3.30328,324.881,44.7848],"pipPosition":[9.75024,309.495,15.7597],"stabilizedTipPosition":[45.2159,346.545,231.535],"timeVisible":1.27441,"tipPosition":[39.0837,306.842,28.1046],"tipVelocity":[27.1817,8.14104,-64.6603],"tool":false,"touchDistance":0.333333,"touchZone":"none","type":4,"width":16.0532}],"r":[[0.905033,-0.0209017,-0.424827],[-0.0200708,0.995581,-0.0917413],[0.424867,0.0915555,0.900614]],"s":0.88327,"t":[4.53894,-46.953,-207.459],"timestamp":522182897358},false],[5,{"currentFrameRate":110.529,"devices":[],"gestures":[],"hands":[{"armBasis":[[-0.65554,-0.719183,0.230312],[-0.739535,0.673111,-0.00305928],[0.152825,0.172329,0.973112]],"armWidth":63.703,"confidence":0.676234,"direction":[-0.67792,0.185338,-0.711389],"elbow":[98.8257,383.038,342.589],"grabStrength":0.443774,"id":495,"palmNormal":[0.403108,-0.71552,-0.570557],"palmPosition":[27.4017,348.57,35.923],"palmVelocity":[22.5712,3.35082,-64.8193],"palmWidth":90.9658,"pinchStrength":0.857772,"r":[[0.904655,-0.0203692,-0.425658],[-0.0208912,0.995536,-0.0920403],[0.425632,0.0921572,0.900191]],"s":0.883203,"sphereCenter":[37.4462,320.578,0.201252],"sphereRadius":39.8122,"stabilizedPalmPosition":[23.149,392.989,240.533],"t":[4.70032,-46.9635,-208.039],"timeVisible":1.28352,"type":"left","wrist":[57.5738,336.521,79.9191]}],"id":4160736,"interactionBox":{"center":[0,200,0],"size":[235.247,235.247,147.751]},"pointables":[{"bases":[[[-0.740212,0.405108,0.536632],[0.579047,0.789735,0.20254],[0.341747,-0.460658,0.819148]],[[-0.799263,0.500844,0.332164],[0.412262,0.859082,-0.303345],[0.437285,0.105514,0.893112]],[[-0.799263,0.500844,0.332164],[0.0818552,0.638276,-0.765444],[0.59538,0.584602,0.551147]],[[-0.799263,0.500844,0.332164],[-0.209738,0.285492,-0.935149],[0.563194,0.817098,0.123137]]],"btipPosition":[26.4722,303.048,-1.74077],"carpPosition":[81.7663,347.358,64.4971],"dipPosition":[39.6495,322.166,1.14032],"direction":[-0.59538,-0.584602,-0.551147],"extended":false,"handId":495,"id":4950,"length":52.1025,"mcpPosition":[81.7663,347.358,64.4971],"pipPosition":[59.944,342.093,19.927],"stabilizedTipPosition":[43.0512,327.124,179.763],"timeVisible":1.28352,"tipPosition":[29.0089,306.826,-0.209492],"tipVelocity":[33.2857,22.0311,-85.9564],"tool":false,"touchDistance":-0.411398,"touchZone":"touching","type":0,"width":20.2446},{"bases":[[[-0.719855,-0.632878,0.285085],[-0.482472,0.751483,0.449995],[0.499028,-0.186385,0.846304]],[[-0.685998,-0.643627,0.339338],[-0.715902,0.680369,-0.156785],[0.129964,0.350487,0.927506]],[[-0.685998,-0.643627,0.339338],[-0.727573,0.611068,-0.311823],[0.00666033,0.460803,0.887477]],[[-0.685998,-0.643627,0.339338],[-0.724122,0.558356,-0.404827],[-0.0710863,0.523433,0.849096]]],"btipPosition":[20.445,336.476,-66.6823],"carpPosition":[61.6773,357.897,71.3491],"dipPosition":[19.2307,345.417,-52.1789],"direction":[-0.00666033,-0.460803,-0.887477],"extended":true,"handId":495,"id":4951,"length":58.7918,"mcpPosition":[24.9737,371.606,9.10338],"pipPosition":[19.3917,356.552,-30.7339],"stabilizedTipPosition":[30.7638,399.69,134.968],"timeVisible":1.28352,"tipPosition":[19.8888,337.971,-63.0207],"tipVelocity":[17.35,10.397,-66.9936],"tool":false,"touchDistance":0.332736,"touchZone":"hovering","type":1,"width":19.3376},{"bases":[[[-0.552949,-0.771015,0.315885],[-0.586153,0.629394,0.510185],[0.592176,-0.0969491,0.799955]],[[-0.531648,-0.773963,0.343994],[-0.68996,0.160204,-0.705897],[-0.491229,0.612631,0.619175]],[[-0.531648,-0.773963,0.343994],[0.297216,-0.550805,-0.779921],[-0.793103,0.312403,-0.522869]],[[-0.531648,-0.773963,0.343994],[0.674601,-0.632532,-0.380547],[-0.512116,-0.0297415,-0.858401]]],"btipPosition":[66.3315,320.497,20.4465],"carpPosition":[51.7962,351.579,75.0881],"dipPosition":[56.7104,319.938,4.31974],"direction":[0.793103,-0.312403,0.522869],"extended":false,"handId":495,"id":4952,"length":66.9886,"mcpPosition":[10.4923,358.341,19.2917],"pipPosition":[34.1634,328.82,-10.5448],"stabilizedTipPosition":[73.574,358.464,225.597],"timeVisible":1.28352,"tipPosition":[64.3032,320.415,16.9467],"tipVelocity":[25.0424,3.1246,-70.7708],"tool":false,"touchDistance":0.333333,"touchZone":"none","type":2,"width":18.9921},{"bases":[[[-0.414008,-0.822116,0.390797],[-0.604985,0.569289,0.55669],[0.680141,0.00595221,0.733058]],[[-0.418672,-0.822138,0.385751],[-0.781389,0.109673,-0.614331],[-0.462758,0.558625,0.688326]],[[-0.418672,-0.822138,0.385751],[0.211669,-0.501415,-0.838915],[-0.883125,0.269578,-0.38395]],[[-0.418672,-0.822138,0.385751],[0.649833,-0.567938,-0.505136],[-0.634374,-0.0391876,-0.772032]]],"btipPosition":[58.41,310.743,27.1536],"carpPosition":[44.025,342.802,78.7519],"dipPosition":[46.5605,310.011,12.7328],"direction":[0.883125,-0.269578,0.38395],"extended":false,"handId":495,"id":4953,"length":64.4113,"mcpPosition":[1.43238,342.429,32.8454],"pipPosition":[22.1027,317.477,2.09941],"stabilizedTipPosition":[61.5349,349.822,234.229],"timeVisible":1.28352,"tipPosition":[55.8115,310.597,24.1476],"tipVelocity":[28.6125,5.87075,-63.7499],"tool":false,"touchDistance":0.333333,"touchZone":"none","type":3,"width":18.0722},{"bases":[[[-0.226816,-0.898588,0.375625],[-0.599532,0.432764,0.673259],[0.767539,0.0724929,0.63689]],[[-0.232618,-0.899111,0.370795],[-0.899979,0.0544718,-0.432516],[-0.368682,0.434319,0.821852]],[[-0.232618,-0.899111,0.370795],[0.0861511,-0.398804,-0.912981],[-0.968745,0.180431,-0.170228]],[[-0.232618,-0.899111,0.370795],[0.609524,-0.431865,-0.664811],[-0.757872,-0.0713616,-0.648489]]],"btipPosition":[41.8601,307.166,29.5584],"carpPosition":[41.3191,329.02,81.0275],"dipPosition":[28.8003,305.936,18.3835],"direction":[0.968745,-0.180431,0.170228],"extended":false,"handId":495,"id":4954,"length":50.4973,"mcpPosition":[-3.17495,324.817,44.1072],"pipPosition":[9.85789,309.464,15.0549],"stabilizedTipPosition":[45.2155,346.542,231.519],"timeVisible":1.28352,"tipPosition":[39.1948,306.793,27.3578],"tipVelocity":[23.3442,4.36469,-69.2467],"tool":false,"touchDistance":0.333333,"touchZone":"none","type":4,"width":16.0532}],"r":[[0.904655,-0.0203692,-0.425658],[-0.0208912,0.995536,-0.0920403],[0.425632,0.0921572,0.900191]],"s":0.883203,"t":[4.70032,-46.9635,-208.039],"timestamp":522182906471},false],[6,{"currentFrameRate":110.574,"devices":[],"gestures":[],"hands":[{"armBasis":[[-0.657437,-0.716913,0.231972],[-0.737282,0.675583,-0.00164828],[0.155535,0.172113,0.972721]],"armWidth":63.703,"confidence":0.683549,"direction":[-0.677871,0.184163,-0.711741],"elbow":[99.6675,383.085,341.972],"grabStrength":0.444435,"id":495,"palmNormal":[0.401576,-0.718177,-0.568294],"palmPosition":[27.5163,348.581,35.3828],"palmVelocity":[19.8915,2.78219,-63.5713],"palmWidth":90.9658,"pinchStrength":0.856273,"r":[[0.90431,-0.0205604,-0.426381],[-0.0211937,0.995445,-0.0929509],[0.42635,0.093093,0.899755]],"s":0.883001,"sphereCenter":[37.493,320.419,-0.245033],"sphereRadius":39.8168,"stabilizedPalmPosition":[23.1493,392.986,240.519],"t":[4.83829,-46.9631,-208.598],"timeVisible":1.29249,"type":"left","wrist":[57.6843,336.627,79.4073]}],"id":4160737,"interactionBox":{"center":[0,200,0],"size":[235.247,235.247,147.751]},"pointables":[{"bases":[[[-0.739257,0.408265,0.535554],[0.580563,0.789362,0.199636],[0.341242,-0.458505,0.820565]],[[-0.798273,0.503538,0.330469],[0.414488,0.857369,-0.305152],[0.43699,0.106619,0.893125]],[[-0.798273,0.503538,0.330469],[0.0833021,0.635713,-0.767417],[0.596508,0.58508,0.549418]],[[-0.798273,0.503538,0.330469],[-0.208649,0.283512,-0.935995],[0.565001,0.816131,0.121257]]],"btipPosition":[26.5301,303.008,-2.19649],"carpPosition":[81.8902,347.368,63.9391],"dipPosition":[39.7497,322.103,0.640613],"direction":[-0.596507,-0.58508,-0.549418],"extended":false,"handId":495,"id":4950,"length":52.1025,"mcpPosition":[81.8902,347.368,63.9391],"pipPosition":[60.0825,342.047,19.3684],"stabilizedTipPosition":[43.0279,327.09,179.451],"timeVisible":1.29249,"tipPosition":[29.083,306.787,-0.689819],"tipVelocity":[26.2398,14.6348,-76.6528],"tool":false,"touchDistance":-0.405579,"touchZone":"touching","type":0,"width":20.2446},{"bases":[[[-0.720888,-0.6306,0.287512],[-0.480923,0.753876,0.447642],[0.499032,-0.184428,0.846731]],[[-0.687644,-0.641066,0.340853],[-0.7143,0.681443,-0.159406],[0.130083,0.353086,0.926504]],[[-0.687644,-0.641066,0.340853],[-0.726014,0.611661,-0.314283],[0.00701032,0.463579,0.886028]],[[-0.687644,-0.641066,0.340853],[-0.722609,0.558641,-0.407132],[-0.0705835,0.526265,0.847386]]],"btipPosition":[20.5684,336.174,-67.192],"carpPosition":[61.8231,357.966,70.7634],"dipPosition":[19.3627,345.163,-52.7178],"direction":[-0.00701032,-0.463579,-0.886028],"extended":true,"handId":495,"id":4951,"length":58.7918,"mcpPosition":[25.1193,371.531,8.48635],"pipPosition":[19.5321,356.365,-31.3079],"stabilizedTipPosition":[30.7633,399.686,134.957],"timeVisible":1.29249,"tipPosition":[19.9975,337.695,-63.5422],"tipVelocity":[16.4295,-1.33269,-64.4242],"tool":false,"touchDistance":0.332873,"touchZone":"hovering","type":1,"width":19.3376},{"bases":[[[-0.554221,-0.768936,0.318712],[-0.584802,0.632181,0.508286],[0.592323,-0.095319,0.800042]],[[-0.533128,-0.771803,0.346546],[-0.687419,0.156393,-0.709222],[-0.493182,0.616329,0.61393]],[[-0.533128,-0.771803,0.346546],[0.296192,-0.553959,-0.778075],[-0.792493,0.31217,-0.523933]],[[-0.533128,-0.771803,0.346546],[0.671611,-0.635182,-0.381423],[-0.514503,-0.0293968,-0.856985]]],"btipPosition":[66.5787,320.305,20.1365],"carpPosition":[51.9321,351.678,74.5278],"dipPosition":[56.9128,319.753,4.0363],"direction":[0.792493,-0.31217,0.523933],"extended":false,"handId":495,"id":4952,"length":66.9886,"mcpPosition":[10.6179,358.327,18.7253],"pipPosition":[34.3831,328.627,-10.8585],"stabilizedTipPosition":[73.5735,358.461,225.586],"timeVisible":1.29249,"tipPosition":[64.4583,320.249,16.5717],"tipVelocity":[25.4216,-3.55303,-60.6808],"tool":false,"touchDistance":0.333333,"touchZone":"none","type":2,"width":18.9921},{"bases":[[[-0.415342,-0.820036,0.393742],[-0.603724,0.572267,0.555002],[0.680447,0.00719541,0.732762]],[[-0.419705,-0.820065,0.389026],[-0.783852,0.11138,-0.610877],[-0.457629,0.561327,0.689556]],[[-0.419705,-0.820065,0.389026],[0.204051,-0.50288,-0.839925],[-0.884427,0.27314,-0.378396]],[[-0.419705,-0.820065,0.389026],[0.644453,-0.571055,-0.508504],[-0.639162,-0.0372876,-0.768168]]],"btipPosition":[58.4086,310.536,26.3636],"carpPosition":[44.1464,342.928,78.2243],"dipPosition":[46.4697,309.84,12.015],"direction":[0.884427,-0.27314,0.378396],"extended":false,"handId":495,"id":4953,"length":64.4113,"mcpPosition":[1.53459,342.477,32.3363],"pipPosition":[21.9758,317.404,1.53542],"stabilizedTipPosition":[61.5342,349.817,234.206],"timeVisible":1.29249,"tipPosition":[55.7973,310.442,23.4758],"tipVelocity":[20.1105,-1.79267,-69.9117],"tool":false,"touchDistance":0.333333,"touchZone":"none","type":3,"width":18.0722},{"bases":[[[-0.228296,-0.896898,0.378753],[-0.598472,0.436128,0.67203],[0.767927,0.0732514,0.636334]],[[-0.233831,-0.897404,0.374152],[-0.899926,0.0540953,-0.432674],[-0.368043,0.437882,0.820246]],[[-0.233831,-0.897404,0.374152],[0.085158,-0.402244,-0.911563],[-0.968541,0.18129,-0.170478]],[[-0.233831,-0.897404,0.374152],[0.608299,-0.435231,-0.663737],[-0.758482,-0.0723938,-0.64766]]],"btipPosition":[41.9188,307.136,29.1581],"carpPosition":[41.4164,329.158,80.5477],"dipPosition":[28.8485,305.888,17.9974],"direction":[0.968541,-0.18129,0.170478],"extended":false,"handId":495,"id":4954,"length":50.4973,"mcpPosition":[-3.10016,324.912,43.6595],"pipPosition":[9.91009,309.433,14.664],"stabilizedTipPosition":[45.2151,346.54,231.506],"timeVisible":1.29249,"tipPosition":[39.2356,306.76,26.9504],"tipVelocity":[18.6741,2.12616,-62.4161],"tool":false,"touchDistance":0.333333,"touchZone":"none","type":4,"width":16.0532}],"r":[[0.90431,-0.0205604,-0.426381],[-0.0211937,0.995445,-0.0929509],[0.42635,0.093093,0.899755]],"s":0.883001,"t":[4.83829,-46.9631,-208.598],"timestamp":522182915436},fals