{"sensorType":"Leap","data":[[0,{"currentFrameRate":101.721,"devices":[],"gestures":[],"hands":[{"armBasis":[[0.971779,0.166575,-0.167028],[-0.17092,0.985213,-0.0118804],[0.162579,0.0400934,0.985881]],"armWidth":63.703,"confidence":0.57701,"direction":[-0.0545259,0.00397386,-0.998504],"elbow":[95.0189,360.37,357.685],"grabStrength":0,"id":497,"palmNormal":[0.169605,-0.985424,-0.0131835],"palmPosition":[41.4243,344.21,38.0105],"palmVelocity":[34.2735,-28.3024,-153.642],"palmWidth":90.9658,"pinchStrength":0.429178,"r":[[0.975658,0.202226,0.0848254],[-0.205093,0.978384,0.026478],[-0.0776373,-0.0432306,0.996044]],"s":1.02741,"sphereCenter":[66.3997,304.926,18.4279],"sphereRadius":52.7254,"stabilizedPalmPosition":[21.5605,355.839,87.5045],"t":[25.8881,-15.9973,-59.4792],"timeVisible":0.235053,"type":"right","wrist":[51.1342,349.548,91.5679]}],"id":4161806,"interactionBox":{"center":[0,200,0],"size":[235.247,235.247,147.751]},"pointables":[{"bases":[[[0.233621,0.950601,-0.204399],[-0.846489,0.302273,0.438277],[0.478411,0.0706307,0.875291]],[[0.097363,0.897207,-0.430744],[-0.953592,0.208003,0.217709],[0.284926,0.389557,0.875821]],[[0.097363,0.897207,-0.430744],[-0.994111,0.108366,0.00101478],[0.0475884,0.428108,0.902474]],[[0.097363,0.897207,-0.430744],[-0.761006,-0.211808,-0.613194],[-0.641397,0.387501,0.662158]]],"btipPosition":[24.2733,290.947,6.39152],"carpPosition":[25.1075,334.047,96.3537],"dipPosition":[9.26631,300.014,21.8843],"direction":[-0.0475884,-0.428108,-0.902474],"extended":false,"handId":497,"id":4970,"length":52.1025,"mcpPosition":[25.1075,334.047,96.3537],"pipPosition":[10.8884,314.607,52.6464],"stabilizedTipPosition":[-3.5207,308.707,72.8418],"timeVisible":0.235053,"tipPosition":[21.9803,292.977,10.2395],"tipVelocity":[50.6749,-6.35489,-192.656],"tool":false,"touchDistance":0.0772568,"touchZone":"hovering","type":0,"width":20.2446},{"bases":[[[0.960878,0.168323,-0.219955],[-0.20021,0.970867,-0.131657],[0.191386,0.170543,0.966585]],[[0.979369,0.202078,0.000846833],[-0.199752,0.968712,-0.147296],[-0.0305857,0.144088,0.989092]],[[0.979369,0.202078,0.000846833],[-0.19086,0.926364,-0.324689],[-0.0663969,0.317829,0.945821]],[[0.979369,0.202078,0.000846833],[-0.179206,0.87044,-0.458497],[-0.0933893,0.448886,0.888696]]],"btipPosition":[19.5798,320.645,-66.1074],"carpPosition":[29.1429,354.724,85.502],"dipPosition":[17.9846,328.312,-50.9276],"direction":[0.066397,-0.317829,-0.945821],"extended":true,"handId":497,"id":4971,"length":58.7918,"mcpPosition":[15.0665,342.181,14.4097],"pipPosition":[16.3802,335.992,-28.0728],"stabilizedTipPosition":[9.01483,324.566,-38.1778],"timeVisible":0.235053,"tipPosition":[19.486,323.042,-62.7142],"tipVelocity":[49.5893,37.0191,-176.767],"tool":false,"touchDistance":-0.118407,"touchZone":"hovering","type":1,"width":19.3376},{"bases":[[[0.997859,0.0218241,-0.0616547],[-0.0306292,0.988855,-0.145694],[0.057788,0.147271,0.987407]],[[0.998398,0.0233314,-0.0515376],[-0.0522776,0.0323038,-0.99811],[-0.0216225,0.999206,0.0334718]],[[0.998398,0.0233314,-0.0515376],[0.0137745,-0.983835,-0.178547],[-0.0548702,0.177551,-0.982581]],[[0.998398,0.0233314,-0.0515376],[0.0432546,-0.90198,0.429606],[-0.0364625,-0.431147,-0.901544]]],"btipPosition":[39.6468,302.957,56.4171],"carpPosition":[40.3907,358.326,82.0302],"dipPosition":[38.9618,294.857,39.4798],"direction":[0.0548702,-0.177551,0.982581],"extended":false,"handId":497,"id":4972,"length":66.9886,"mcpPosition":[36.36,348.054,13.1591],"pipPosition":[37.4019,299.905,11.5462],"stabilizedTipPosition":[17.0133,309.887,95.034],"timeVisible":0.235053,"tipPosition":[39.477,300.615,52.278],"tipVelocity":[54.3714,-39.5563,-180.573],"tool":false,"touchDistance":0.333333,"touchZone":"none","type":2,"width":18.9921},{"bases":[[[0.994937,-0.0313483,0.095482],[0.0425994,0.992078,-0.118176],[-0.091021,0.121645,0.988391]],[[0.998067,-0.0368985,0.0500169],[0.0496733,-0.0101721,-0.998714],[0.0373598,0.999267,-0.00831954]],[[0.998067,-0.0368985,0.0500169],[-0.0300162,-0.990799,-0.131972],[0.0544263,0.130215,-0.989991]],[[0.998067,-0.0368985,0.0500169],[-0.0555296,-0.890866,0.450859],[0.0279224,-0.452765,-0.891193]]],"btipPosition":[54.5135,311.96,62.8749],"carpPosition":[52.5111,359.362,80.3356],"dipPosition":[55.035,303.503,46.2283],"direction":[-0.0544263,-0.130215,0.989991],"extended":false,"handId":497,"id":4973,"length":64.4113,"mcpPosition":[58.2111,351.744,18.4393],"pipPosition":[56.5423,307.109,18.8109],"stabilizedTipPosition":[31.1456,316.899,104.073],"timeVisible":0.235053,"tipPosition":[54.7075,309.361,58.586],"tipVelocity":[47.0109,-28.226,-167.487],"tool":false,"touchDistance":0.333333,"touchZone":"none","type":3,"width":18.0722},{"bases":[[[0.956909,-0.180545,0.227441],[0.18862,0.981949,-0.0140972],[-0.22079,0.0563896,0.97369]],[[0.973466,-0.185058,0.134601],[0.148777,0.0649204,-0.986737],[0.173865,0.980581,0.0907303]],[[0.973466,-0.185058,0.134601],[-0.15324,-0.964035,-0.217151],[0.169945,0.190763,-0.966813]],[[0.973466,-0.185058,0.134601],[-0.222661,-0.901701,0.370619],[0.0527835,-0.390755,-0.91898]]],"btipPosition":[68.0167,319.081,57.031],"carpPosition":[65.5963,354.01,81.9422],"dipPosition":[68.9263,312.347,41.195],"direction":[-0.169945,-0.190763,0.966813],"extended":false,"handId":497,"id":4974,"length":50.4973,"mcpPosition":[78.3954,350.741,25.4976],"pipPosition":[72.2493,316.078,22.2903],"stabilizedTipPosition":[46.722,324.688,98.531],"timeVisible":0.235053,"tipPosition":[68.4012,317.727,53.407],"tipVelocity":[43.924,-25.0508,-166.81],"tool":false,"touchDistance":0.333333,"touchZone":"none","type":4,"width":16.0532}],"r":[[0.975658,0.202226,0.0848254],[-0.205093,0.978384,0.026478],[-0.0776373,-0.0432306,0.996044]],"s":1.02741,"t":[25.8881,-15.9973,-59.4792],"timestamp":522194919812},false],[1,{"currentFrameRate":102.243,"devices":[],"gestures":[],"hands":[{"armBasis":[[0.971334,0.17174,-0.164362],[-0.175152,0.984521,-0.00638679],[0.160721,0.0349921,0.986379]],"armWidth":63.703,"confidence":0.593599,"direction":[-0.0548876,0.0103409,-0.998439],"elbow":[94.8584,358.714,356.311],"grabStrength":0,"id":497,"palmNormal":[0.173775,-0.984587,-0.0197504],"palmPosition":[41.7695,344.244,36.4714],"palmVelocity":[35.6274,-19.6664,-159.454],"palmWidth":90.9658,"pinchStrength":0.427086,"r":[[0.974468,0.206994,0.0869849],[-0.210391,0.9771,0.0317974],[-0.0784111,-0.0492864,0.995702]],"s":1.02803,"sphereCenter":[66.7225,305.182,16.6044],"sphereRadius":52.6868,"stabilizedPalmPosition":[21.5776,355.829,87.4613],"t":[26.1949,-16.1265,-60.8803],"timeVisible":0.243835,"type":"right","wrist":[51.4752,349.268,90.0599]}],"id":4161807,"interactionBox":{"center":[0,200,0],"size":[235.247,235.247,147.751]},"pointables":[{"bases":[[[0.229519,0.952913,-0.198186],[-0.847611,0.295778,0.440534],[0.47841,0.0668732,0.875587]],[[0.095571,0.901751,-0.421559],[-0.952801,0.205467,0.223503],[0.288161,0.380301,0.878826]],[[0.095571,0.901751,-0.421559],[-0.994445,0.105258,-0.00029268],[0.0441086,0.419245,0.906801]],[[0.095571,0.901751,-0.421559],[-0.759893,-0.207462,-0.616053],[-0.642984,0.379217,0.665407]]],"btipPosition":[24.6762,291.484,4.41569],"carpPosition":[25.5161,333.626,94.7513],"dipPosition":[9.63209,300.357,19.9845],"direction":[-0.0441086,-0.419245,-0.906801],"extended":false,"handId":497,"id":4970,"length":52.1025,"mcpPosition":[25.5161,333.626,94.7513],"pipPosition":[11.1356,314.648,50.8941],"stabilizedTipPosition":[-3.48597,308.686,72.7507],"timeVisible":0.243835,"tipPosition":[22.3251,293.362,8.28415],"tipVelocity":[49.1238,10.4299,-200.815],"tool":false,"touchDistance":0.0446178,"touchZone":"hovering","type":0,"width":20.2446},{"bases":[[[0.96008,0.173846,-0.219143],[-0.204369,0.970858,-0.125173],[0.190996,0.164962,0.96763]],[[0.978529,0.206106,0.00095418],[-0.20396,0.968983,-0.139545],[-0.0296858,0.136355,0.990215]],[[0.978529,0.206106,0.00095418],[-0.195161,0.928033,-0.31728],[-0.0662791,0.310282,0.948331]],[[0.978529,0.206106,0.00095418],[-0.183471,0.873152,-0.451601],[-0.0939111,0.44173,0.892219]]],"btipPosition":[19.8931,321.359,-67.8201],"carpPosition":[29.4601,354.392,84.0352],"dipPosition":[18.289,328.904,-52.5801],"direction":[0.0662791,-0.310282,-0.948331],"extended":true,"handId":497,"id":4971,"length":58.7918,"mcpPosition":[15.4124,342.259,12.866],"pipPosition":[16.6874,336.402,-29.6646],"stabilizedTipPosition":[9.05244,324.561,-38.2713],"timeVisible":0.243835,"tipPosition":[19.8148,323.666,-64.394],"tipVelocity":[45.7845,48.0816,-181.253],"tool":false,"touchDistance":-0.146722,"touchZone":"hovering","type":1,"width":19.3376},{"bases":[[[0.997736,0.0264625,-0.0618263],[-0.0348706,0.989658,-0.139145],[0.0575047,0.140986,0.98834]],[[0.998272,0.0279026,-0.0517181],[-0.0527766,0.0386354,-0.997859],[-0.0258447,0.998864,0.0400412]],[[0.998272,0.0279026,-0.0517181],[0.017872,-0.982551,-0.18513],[-0.0559813,0.183886,-0.981352]],[[0.998272,0.0279026,-0.0517181],[0.0472262,-0.904671,0.423486],[-0.0349716,-0.425196,-0.904425]]],"btipPosition":[40.1742,302.858,54.6082],"carpPosition":[40.6913,358.064,80.5837],"dipPosition":[39.5172,294.869,37.6168],"direction":[0.0559813,-0.183886,0.981352],"extended":false,"handId":497,"id":4972,"length":66.9886,"mcpPosition":[36.6804,348.23,11.6476],"pipPosition":[37.9257,300.097,9.71809],"stabilizedTipPosition":[17.1155,309.847,94.8372],"timeVisible":0.243835,"tipPosition":[40.0126,300.55,50.4549],"tipVelocity":[56.0969,-31.1725,-187.787],"tool":false,"touchDistance":0.333333,"touchZone":"none","type":2,"width":18.9921},{"bases":[[[0.995094,-0.0277591,0.0949564],[0.0383532,0.993009,-0.11163],[-0.0911939,0.114724,0.989203]],[[0.998214,-0.0329532,0.0498239],[0.0497161,-0.00408301,-0.998755],[0.0331156,0.999449,-0.00243741]],[[0.998214,-0.0329532,0.0498239],[-0.0258235,-0.990163,-0.137517],[0.0538654,0.135985,-0.989245]],[[0.998214,-0.0329532,0.0498239],[-0.05175,-0.893666,0.445738],[0.0298375,-0.447521,-0.893776]]],"btipPosition":[54.9891,311.928,61.1456],"carpPosition":[52.8066,359.162,78.8923],"dipPosition":[55.5465,303.569,44.4507],"direction":[-0.0538654,-0.135985,0.989245],"extended":false,"handId":497,"id":4973,"length":64.4113,"mcpPosition":[58.5175,351.978,16.9451],"pipPosition":[57.0383,307.335,17.054],"stabilizedTipPosition":[31.2139,316.879,103.939],"timeVisible":0.243835,"tipPosition":[55.1966,309.361,56.8448],"tipVelocity":[49.187,-20.9283,-175.742],"tool":false,"touchDistance":0.333333,"touchZone":"none","type":3,"width":18.0722},{"bases":[[[0.957744,-0.177984,0.225938],[0.184451,0.982812,-0.00766651],[-0.22069,0.0490171,0.974111]],[[0.97423,-0.181799,0.133514],[0.148583,0.0718992,-0.986283],[0.169706,0.980704,0.0970585]],[[0.97423,-0.181799,0.133514],[-0.149111,-0.963224,-0.223531],[0.169241,0.197862,-0.965509]],[[0.97423,-0.181799,0.133514],[-0.218857,-0.905108,0.364529],[0.0545733,-0.384355,-0.921571]]],"btipPosition":[68.4595,319.1,55.3191],"carpPosition":[65.915,353.855,80.4592],"dipPosition":[69.4,312.477,39.4384],"direction":[-0.169241,-0.197862,0.965509],"extended":false,"handId":497,"id":4974,"length":50.4973,"mcpPosition":[78.7083,351.014,23.9902],"pipPosition":[72.7092,316.346,20.5592],"stabilizedTipPosition":[46.7662,324.673,98.4366],"timeVisible":0.243835,"tipPosition":[68.8527,317.769,51.6848],"tipVelocity":[45.8891,-16.946,-174.689],"tool":false,"touchDistance":0.333333,"touchZone":"none","type":4,"width":16.0532}],"r":[[0.974468,0.206994,0.0869849],[-0.210391,0.9771,0.0317974],[-0.0784111,-0.0492864,0.995702]],"s":1.02803,"t":[26.1949,-16.1265,-60.8803],"timestamp":522194928594},false],[2,{"currentFrameRate":102.584,"devices":[],"gestures":[],"hands":[{"armBasis":[[0.970668,0.175519,-0.164304],[-0.179462,0.983721,-0.00934802],[0.159989,0.0385601,0.986365]],"armWidth":63.703,"confidence":0.612826,"direction":[-0.0534479,0.013874,-0.998474],"elbow":[94.7459,359.626,355.324],"grabStrength":0,"id":497,"palmNormal":[0.177815,-0.983791,-0.0231883],"palmPosition":[41.9549,344.355,35.4548],"palmVelocity":[31.3994,-10.8218,-146.226],"palmWidth":90.9658,"pinchStrength":0.4216,"r":[[0.973297,0.21152,0.0891807],[-0.215434,0.975828,0.0367136],[-0.0792594,-0.0549457,0.995339]],"s":1.02874,"sphereCenter":[67.0134,305.458,15.4682],"sphereRadius":52.6928,"stabilizedPalmPosition":[21.5911,355.821,87.4268],"t":[26.4409,-16.1354,-62.0891],"timeVisible":0.252934,"type":"right","wrist":[51.5605,349.217,89.0763]}],"id":4161808,"interactionBox":{"center":[0,200,0],"size":[235.247,235.247,147.751]},"pointables":[{"bases":[[[0.225928,0.954578,-0.19426],[-0.849462,0.290667,0.440371],[0.476834,0.0655246,0.876548]],[[0.0942994,0.904783,-0.415301],[-0.952737,0.203028,0.22599],[0.28879,0.374362,0.881166]],[[0.0942994,0.904783,-0.415301],[-0.994738,0.102412,-0.00275161],[0.0400421,0.413375,0.90968]],[[0.0942994,0.904783,-0.415301],[-0.760321,-0.203842,-0.616734],[-0.642666,0.37392,0.668704]]],"btipPosition":[24.9183,291.931,3.04236],"carpPosition":[25.6584,333.453,93.67],"dipPosition":[9.88163,300.68,18.6883],"direction":[-0.0400421,-0.413375,-0.90968],"extended":false,"handId":497,"id":4970,"length":52.1025,"mcpPosition":[25.6584,333.453,93.67],"pipPosition":[11.2465,314.77,49.6961],"stabilizedTipPosition":[-3.45817,308.669,72.677],"timeVisible":0.252934,"tipPosition":[22.5386,293.706,6.94523],"tipVelocity":[42.9357,20.273,-186.45],"tool":false,"touchDistance":0.0220246,"touchZone":"hovering","type":0,"width":20.2446},{"bases":[[[0.959688,0.178575,-0.217049],[-0.208137,0.970482,-0.121831],[0.188886,0.162096,0.968528]],[[0.977699,0.209995,0.00246857],[-0.207737,0.968776,-0.135346],[-0.0308135,0.131815,0.990795]],[[0.977699,0.209995,0.00246857],[-0.198656,0.92859,-0.313458],[-0.0681169,0.305977,0.949599]],[[0.977699,0.209995,0.00246857],[-0.186641,0.874234,-0.448197],[-0.0962772,0.437741,0.893932]]],"btipPosition":[20.255,321.819,-68.9682],"carpPosition":[29.5336,354.274,83.038],"dipPosition":[18.6105,329.296,-53.699],"direction":[0.0681169,-0.305977,-0.949599],"extended":true,"handId":497,"id":4971,"length":58.7918,"mcpPosition":[15.6411,342.352,11.8027],"pipPosition":[16.9646,336.69,-30.7529],"stabilizedTipPosition":[9.12674,324.554,-38.4579],"timeVisible":0.252934,"tipPosition":[20.1789,324.071,-65.5242],"tipVelocity":[43.8381,48.2946,-165.786],"tool":false,"touchDistance":-0.165745,"touchZone":"hovering","type":1,"width":19.3376},{"bases":[[[0.997711,0.0307549,-0.0602307],[-0.0386967,0.990024,-0.135479],[0.0554633,0.137499,0.988948]],[[0.998222,0.0321473,-0.0502019],[-0.0514873,0.0404907,-0.997852],[-0.0300455,0.998663,0.0420739]],[[0.998222,0.0321473,-0.0502019],[0.0222137,-0.982074,-0.18718],[-0.0553193,0.185732,-0.981042]],[[0.998222,0.0321473,-0.0502019],[0.0503414,-0.905633,0.421064],[-0.0319284,-0.422843,-0.90564]]],"btipPosition":[40.5067,302.955,53.5153],"carpPosition":[40.7549,358.005,79.6171],"dipPosition":[39.9068,295.011,36.501],"direction":[0.0553193,-0.185732,0.981042],"extended":false,"handId":497,"id":4972,"length":66.9886,"mcpPosition":[36.8863,348.414,10.6386],"pipPosition":[38.3342,300.291,8.61114],"stabilizedTipPosition":[17.199,309.816,94.6746],"timeVisible":0.252934,"tipPosition":[40.3589,300.658,49.3339],"tipVelocity":[51.0762,-19.2676,-169.193],"tool":false,"touchDistance":0.333333,"touchZone":"none","type":2,"width":18.9921},{"bases":[[[0.995057,-0.0240665,0.0963431],[0.0344719,0.99357,-0.107841],[-0.0931282,0.110629,0.989489]],[[0.99825,-0.0290443,0.0515018],[0.0514895,-0.00117172,-0.998673],[0.0290661,0.999577,0.000325805]],[[0.99825,-0.0290443,0.0515018],[-0.0215889,-0.989941,-0.139821],[0.0550447,0.138465,-0.988836]],[[0.99825,-0.0290443,0.0515018],[-0.0489165,-0.894977,0.443421],[0.0332141,-0.445165,-0.894832]]],"btipPosition":[55.257,312.062,60.0684],"carpPosition":[52.8681,359.159,77.9479],"dipPosition":[55.8774,303.747,43.3538],"direction":[-0.0550447,-0.138465,0.988836],"extended":false,"handId":497,"id":4973,"length":64.4113,"mcpPosition":[58.7001,352.231,15.9829],"pipPosition":[57.4018,307.582,15.9683],"stabilizedTipPosition":[31.2686,316.864,103.831],"timeVisible":0.252934,"tipPosition":[55.4833,309.511,55.7617],"tipVelocity":[44.1542,-10.723,-159.986],"tool":false,"touchDistance":0.333333,"touchZone":"none","type":3,"width":18.0722},{"bases":[[[0.958125,-0.174934,0.226703],[0.180456,0.983576,-0.00369803],[-0.222333,0.0444532,0.973957]],[[0.974707,-0.178322,0.134716],[0.150153,0.0760502,-0.985733],[0.165533,0.981029,0.100902]],[[0.974707,-0.178322,0.134716],[-0.144759,-0.962997,-0.227337],[0.17027,0.202086,-0.964453]],[[0.974707,-0.178322,0.134716],[-0.215856,-0.907345,0.360738],[0.057906,-0.380693,-0.922887]]],"btipPosition":[68.7055,319.252,54.2496],"carpPosition":[65.9957,353.899,79.5146],"dipPosition":[69.7033,312.692,38.3462],"direction":[-0.17027,-0.202086,0.964453],"extended":false,"handId":497,"id":4974,"length":50.4973,"mcpPosition":[78.8843,351.322,23.0545],"pipPosition":[73.0327,316.643,19.4877],"stabilizedTipPosition":[46.8014,324.662,98.3605],"timeVisible":0.252934,"tipPosition":[69.1129,317.932,50.61],"tipVelocity":[41.0638,-7.19527,-159.01],"tool":false,"touchDistance":0.333333,"touchZone":"none","type":4,"width":16.0532}],"r":[[0.973297,0.21152,0.0891807],[-0.215434,0.975828,0.0367136],[-0.0792594,-0.0549457,0.995339]],"s":1.02874,"t":[26.4409,-16.1354,-62.0891],"timestamp":522194937693},false],[3,{"currentFrameRate":102.974,"devices":[],"gestures":[],"hands":[{"armBasis":[[0.969638,0.181198,-0.164225],[-0.184179,0.982888,-0.0029861],[0.160874,0.0331424,0.986418]],"armWidth":63.703,"confidence":0.619261,"direction":[-0.0528386,0.0165125,-0.998467],"elbow":[95.2274,358.446,353.582],"grabStrength":0,"id":497,"palmNormal":[0.182727,-0.982822,-0.0259236],"palmPosition":[42.2581,344.746,33.6779],"palmVelocity":[32.0574,4.06992,-160.429],"palmWidth":90.9658,"pinchStrength":0.418653,"r":[[0.972114,0.216042,0.0912131],[-0.220443,0.974531,0.0411738],[-0.0799947,-0.0601329,0.99498]],"s":1.02918,"sphereCenter":[67.4156,306.024,13.5947],"sphereRadius":52.6519,"stabilizedPalmPosition":[21.6012,355.816,87.4005],"t":[26.7156,-15.9444,-63.5819],"timeVisible":0.261904,"type":"right","wrist":[51.803,349.5,87.3199]}],"id":4161809,"interactionBox":{"center":[0,200,0],"size":[235.247,235.247,147.751]},"pointables":[{"bases":[[[0.221304,0.956252,-0.191329],[-0.851198,0.285153,0.440625],[0.475906,0.0653467,0.877065]],[[0.0911388,0.907085,-0.410964],[-0.95322,0.198899,0.227619],[0.28821,0.370994,0.882779]],[[0.0911388,0.907085,-0.410964],[-0.995178,0.097989,-0.00441644],[0.0362639,0.409385,0.911641]],[[0.0911388,0.907085,-0.410964],[-0.759475,-0.203615,-0.61785],[-0.64412,0.368427,0.670351]]],"btipPosition":[25.4282,292.504,1.03629],"carpPosition":[25.9766,333.593,91.8499],"dipPosition":[10.3575,301.124,16.7207],"direction":[-0.0362639,-0.409385,-0.911641],"extended":false,"handId":497,"id":4970,"length":52.1025,"mcpPosition":[25.9766,333.593,91.8499],"pipPosition":[11.5936,315.079,47.7954],"stabilizedTipPosition":[-3.45817,308.669,72.677],"timeVisible":0.261904,"tipPosition":[22.9962,294.211,4.94953],"tipVelocity":[46.5059,31.3148,-196.363],"tool":false,"touchDistance":-0.0612621,"touchZone":"hovering","type":0,"width":20.2446},{"bases":[[[0.958934,0.183979,-0.215864],[-0.212884,0.969785,-0.119155],[0.187419,0.160216,0.969126]],[[0.976656,0.214784,0.00318827],[-0.212475,0.968126,-0.132611],[-0.0315694,0.128838,0.991163]],[[0.976656,0.214784,0.00318827],[-0.203162,0.928427,-0.311046],[-0.0697677,0.303137,0.95039]],[[0.976656,0.214784,0.00318827],[-0.190841,0.874406,-0.446087],[-0.0986001,0.435065,0.894984]]],"btipPosition":[20.6966,322.39,-70.822],"carpPosition":[29.7553,354.464,81.281],"dipPosition":[19.0124,329.822,-55.5348],"direction":[0.0697677,-0.303137,-0.95039],"extended":true,"handId":497,"id":4971,"length":58.7918,"mcpPosition":[15.9707,342.68,10.0018],"pipPosition":[17.3266,337.147,-32.5696],"stabilizedTipPosition":[9.21292,324.55,-38.6802],"timeVisible":0.261904,"tipPosition":[20.6163,324.622,-67.3709],"tipVelocity":[45.0362,52.1764,-176.852],"tool":false,"touchDistance":-0.196573,"touchZone":"hovering","type":1,"width":19.3376},{"bases":[[[0.997586,0.0358951,-0.0594495],[-0.0435335,0.990209,-0.132628],[0.0541068,0.134896,0.989381]],[[0.998082,0.037259,-0.0494297],[-0.0509811,0.0419048,-0.99782],[-0.0351064,0.998427,0.0437239]],[[0.998082,0.037259,-0.0494297],[0.0273163,-0.981709,-0.18842],[-0.0555459,0.186709,-0.980844]],[[0.998082,0.037259,-0.0494297],[0.0546073,-0.906025,0.419687],[-0.0291475,-0.421581,-0.906322]]],"btipPosition":[41.0046,303.352,51.6744],"carpPosition":[40.9602,358.261,77.8788],"dipPosition":[40.4571,295.432,34.6473],"direction":[0.0555459,-0.186709,0.980844],"extended":false,"handId":497,"id":4972,"length":66.9886,"mcpPosition":[37.1863,348.852,8.87002],"pipPosition":[38.8779,300.74,6.76307],"stabilizedTipPosition":[17.2639,309.793,94.5461],"timeVisible":0.261904,"tipPosition":[40.8712,301.059,47.4768],"tipVelocity":[52.6585,-1.6889,-179.149],"tool":false,"touchDistance":0.333333,"touchZone":"none","type":2,"width":18.9921},{"bases":[[[0.995099,-0.0193941,0.0969625],[0.0295978,0.994039,-0.10493],[-0.0943495,0.107285,0.989741]],[[0.998334,-0.0241967,0.0523779],[0.052419,0.00106901,-0.998625],[0.0241074,0.999707,0.00233559]],[[0.998334,-0.0241967,0.0523779],[-0.0165697,-0.989809,-0.141435],[0.0552663,0.140332,-0.988561]],[[0.998334,-0.0241967,0.0523779],[-0.0448942,-0.896004,0.441772],[0.0362413,-0.443387,-0.895597]]],"btipPosition":[55.6928,312.502,58.2429],"carpPosition":[53.0686,359.48,76.2214],"dipPosition":[56.3697,304.22,41.514],"direction":[-0.0552663,-0.140332,0.988561],"extended":false,"handId":497,"id":4973,"length":64.4113,"mcpPosition":[58.9771,352.761,14.2405],"pipPosition":[57.9003,308.107,14.1362],"stabilizedTipPosition":[31.3106,316.853,103.747],"timeVisible":0.261904,"tipPosition":[55.9364,309.965,53.933],"tipVelocity":[45.7645,5.8758,-172.004],"tool":false,"touchDistance":0.333333,"touchZone":"none","type":3,"width":18.0722},{"bases":[[[0.95883,-0.170822,0.226858],[0.175559,0.984469,-0.000714922],[-0.223213,0.0405125,0.973928]],[[0.975223,-0.173811,0.136854],[0.152985,0.0830177,-0.984735],[0.159797,0.981274,0.107551]],[[0.975223,-0.173811,0.136854],[-0.138813,-0.96247,-0.233201],[0.172251,0.208426,-0.96275]],[[0.975223,-0.173811,0.136854],[-0.212192,-0.909886,0.356486],[0.0625602,-0.376693,-0.924223]]],"btipPosition":[69.0658,319.661,52.2732],"carpPosition":[66.2211,354.281,77.7818],"dipPosition":[70.1438,313.17,36.3468],"direction":[-0.172251,-0.208426,0.96275],"extended":false,"handId":497,"id":4974,"length":50.4973,"mcpPosition":[79.1607,351.933,21.3235],"pipPosition":[73.5119,317.245,17.5216],"stabilizedTipPosition":[46.8281,324.655,98.3016],"timeVisible":0.261904,"tipPosition":[69.499,318.37,48.6821],"tipVelocity":[41.382,7.74272,-175.961],"tool":false,"touchDistance":0.333333,"touchZone":"none","type":4,"width":16.0532}],"r":[[0.972114,0.216042,0.0912131],[-0.220443,0.974531,0.0411738],[-0.0799947,-0.0601329,0.99498]],"s":1.02918,"t":[26.7156,-15.9444,-63.5819],"timestamp":522194946663},false],[4,{"currentFrameRate":103.078,"devices":[],"gestures":[],"hands":[{"armBasis":[[0.968565,0.184058,-0.167345],[-0.186592,0.982437,0.000591847],[0.164515,0.0306519,0.985898]],"armWidth":63.703,"confidence":0.634915,"direction":[-0.0501772,0.0170323,-0.998595],"elbow":[96.2222,358.12,351.719],"grabStrength":0,"id":497,"palmNormal":[0.185372,-0.982323,-0.0260693],"palmPosition":[42.4279,345.102,31.927],"palmVelocity":[27.9796,13.6835,-167.271],"palmWidth":90.9658,"pinchStrength":0.417868,"r":[[0.970984,0.220146,0.0934106],[-0.224983,0.973335,0.0447404],[-0.0810704,-0.064458,0.994622]],"s":1.02923,"sphereCenter":[67.5952,306.457,11.8871],"sphereRadius":52.5728,"stabilizedPalmPosition":[21.6091,355.812,87.3796],"t":[26.9378,-15.6707,-65.2038],"timeVisible":0.271408,"type":"right","wrist":[51.8151,349.846,85.5977]}],"id":4161810,"interactionBox":{"center":[0,200,0],"size":[235.247,235.247,147.751]},"pointables":[{"bases":[[[0.219314,0.956954,-0.190105],[-0.853133,0.282631,0.438502],[0.473356,0.0660151,0.878394]],[[0.090409,0.907914,-0.409289],[-0.954058,0.196838,0.225896],[0.285658,0.370063,0.883999]],[[0.090409,0.907914,-0.409289],[-0.99541,0.0953386,-0.00839178],[0.0314021,0.408169,0.912366]],[[0.090409,0.907914,-0.409289],[-0.75712,-0.204329,-0.620499],[-0.646989,0.36598,0.668927]]],"btipPosition":[25.8302,292.925,-0.818507],"carpPosition":[26.0182,333.869,90.0473],"dipPosition":[10.6923,301.488,14.8326],"direction":[-0.0314021,-0.408169,-0.912366],"extended":false,"handId":497,"id":4970,"length":52.1025,"mcpPosition":[26.0182,333.869,90.0473],"pipPosition":[11.7627,315.401,45.932],"stabilizedTipPosition":[-3.45817,308.669,72.677],"timeVisible":0.271408,"tipPosition":[23.3334,294.602,3.08495],"tipVelocity":[44.8264,34.6388,-196.249],"tool":false,"touchDistance":-0.0923031,"touchZone":"hovering","type":0,"width":20.2446},{"bases":[[[0.95903,0.186633,-0.213144],[-0.215102,0.969302,-0.119099],[0.184373,0.160067,0.969735]],[[0.976096,0.217273,0.00539803],[-0.214658,0.967644,-0.132614],[-0.0340369,0.128285,0.991153]],[[0.976096,0.217273,0.00539803],[-0.204846,0.928,-0.311214],[-0.0726277,0.302669,0.950325]],[[0.976096,0.217273,0.00539803],[-0.192077,0.873993,-0.446365],[-0.101701,0.434659,0.894834]]],"btipPosition":[21.1643,322.735,-72.6409],"carpPosition":[29.7709,354.756,79.5024],"dipPosition":[19.4271,330.16,-57.3562],"direction":[0.0726277,-0.302669,-0.950325],"extended":true,"handId":497,"id":4971,"length":58.7918,"mcpPosition":[16.2103,342.983,8.1784],"pipPosition":[17.6722,337.474,-34.3926],"stabilizedTipPosition":[9.28824,324.55,-38.8788],"timeVisible":0.271408,"tipPosition":[21.0771,324.958,-69.1886],"tipVelocity":[45.8667,47.5698,-181.046],"tool":false,"touchDistance":-0.226897,"touchZone":"hovering","type":1,"width":19.3376},{"bases":[[[0.997646,0.0385479,-0.0567222],[-0.0457701,0.990179,-0.1321],[0.051073,0.134385,0.989612]],[[0.998113,0.0399112,-0.0466649],[-0.0483343,0.0419409,-0.99795],[-0.0378723,0.998323,0.0437908]],[[0.998113,0.0399112,-0.0466649],[0.0304578,-0.981671,-0.188136],[-0.0533183,0.18636,-0.981034]],[[0.998113,0.0399112,-0.0466649],[0.0558568,-0.905797,0.420014],[-0.0255056,-0.421828,-0.906317]]],"btipPosition":[41.2325,303.731,49.9146],"carpPosition":[40.9749,358.585,76.133],"dipPosition":[40.7533,295.807,32.8876],"direction":[0.0533183,-0.18636,0.981034],"extended":false,"handId":497,"id":4972,"length":66.9886,"mcpPosition":[37.4126,349.211,7.10815],"pipPosition":[39.2376,301.104,4.99798],"stabilizedTipPosition":[17.3153,309.776,94.4415],"timeVisible":0.271408,"tipPosition":[41.1175,301.438,45.7162],"tipVelocity":[44.8881,10.2323,-180.878],"tool":false,"touchDistance":0.333333,"touchZone":"none","type":2,"width":18.9921},{"bases":[[[0.99488,-0.0168507,0.0996463],[0.0272756,0.994182,-0.104201],[-0.0973107,0.106385,0.989552]],[[0.998239,-0.0215964,0.0552472],[0.0552955,0.00164381,-0.998469],[0.0214725,0.999765,0.00283509]],[[0.998239,-0.0215964,0.0552472],[-0.013574,-0.989822,-0.141662],[0.0577443,0.140663,-0.988372]],[[0.998239,-0.0215964,0.0552472],[-0.0438232,-0.896191,0.441499],[0.0399773,-0.443143,-0.895559]]],"btipPosition":[55.8734,312.899,56.5143],"carpPosition":[53.0846,359.837,74.5092],"dipPosition":[56.6202,304.622,39.7862],"direction":[-0.0577443,-0.140663,0.988372],"extended":false,"handId":497,"id":4973,"length":64.4113,"mcpPosition":[59.1785,353.174,12.5402],"pipPosition":[58.2194,308.517,12.4136],"stabilizedTipPosition":[31.3438,316.845,103.678],"timeVisible":0.271408,"tipPosition":[56.1365,310.369,52.2114],"tipVelocity":[38.558,16.2188,-174.837],"tool":false,"touchDistance":0.333333,"touchZone":"none","type":3,"width":18.0722},{"bases":[[[0.958657,-0.168459,0.229345],[0.172979,0.984925,0.000402945],[-0.225955,0.0392854,0.973345]],[[0.974796,-0.171258,0.142978],[0.159798,0.0887602,-0.983151],[0.155682,0.98122,0.11389]],[[0.974796,-0.171258,0.142978],[-0.133833,-0.96165,-0.239413],[0.178497,0.214244,-0.960332]],[[0.974796,-0.171258,0.142978],[-0.211792,-0.911794,0.351818],[0.070115,-0.373232,-0.925085]]],"btipPosition":[69.1431,319.951,50.3706],"carpPosition":[66.2464,354.671,76.1019],"dipPosition":[70.3514,313.519,34.4293],"direction":[-0.178497,-0.214244,0.960332],"extended":false,"handId":497,"id":4974,"length":50.4973,"mcpPosition":[79.345,352.394,19.6773],"pipPosition":[73.8416,317.708,15.6514],"stabilizedTipPosition":[46.8486,324.649,98.2548],"timeVisible":0.271408,"tipPosition":[69.6273,318.704,46.8471],"tipVelocity":[32.7306,14.6979,-183.032],"tool":false,"touchDistance":0.333333,"touchZone":"none","type":4,"width":16.0532}],"r":[[0.970984,0.220146,0.0934106],[-0.224983,0.973335,0.0447404],[-0.0810704,-0.064458,0.994622]],"s":1.02923,"t":[26.9378,-15.6707,-65.2038],"timestamp":522194956167},false],[5,{"currentFrameRate":103.647,"devices":[],"gestures":[],"hands":[{"armBasis":[[0.968936,0.181585,-0.167898],[-0.18418,0.982893,0.000119292],[0.165047,0.0308078,0.985804]],"armWidth":63.703,"confidence":0.648143,"direction":[-0.0489555,0.0163962,-0.998666],"elbow":[96.5241,358.477,350.713],"grabStrength":0,"id":497,"palmNormal":[0.183013,-0.98279,-0.025107],"palmPosition":[42.6381,345.4,30.9383],"palmVelocity":[27.0659,19.2076,-153.575],"palmWidth":90.9658,"pinchStrength":0.417336,"r":[[0.970151,0.22296,0.0953771],[-0.228152,0.972472,0.0473844],[-0.0821867,-0.0677305,0.994313]],"s":1.0292,"sphereCenter":[67.6112,306.674,10.9563],"sphereRadius":52.5219,"stabilizedPalmPosition":[21.6147,355.809,87.3645],"t":[27.1541,-15.3853,-66.5091],"timeVisible":0.279983,"type":"right","wrist":[51.9733,350.161,84.6166]}],"id":4161811,"interactionBox":{"center":[0,200,0],"size":[235.247,235.247,147.751]},"pointables":[{"bases":[[[0.221866,0.956273,-0.190569],[-0.85296,0.285038,0.437278],[0.472477,0.0655305,0.878903]],[[0.0938189,0.907812,-0.408749],[-0.953415,0.200153,0.225695],[0.286701,0.368533,0.8843]],[[0.0938189,0.907812,-0.408749],[-0.995124,0.0980523,-0.0106384],[0.0304212,0.407755,0.912585]],[[0.0938189,0.907812,-0.408749],[-0.756409,-0.201953,-0.622142],[-0.647336,0.36755,0.66773]]],"btipPosition":[25.9339,293.36,-1.8126],"carpPosition":[26.1325,334.25,89.0477],"dipPosition":[10.7879,301.959,13.8105],"direction":[-0.0304212,-0.407755,-0.912585],"extended":false,"handId":497,"id":4970,"length":52.1025,"mcpPosition":[26.1325,334.25,89.0477],"pipPosition":[11.8249,315.858,44.9173],"stabilizedTipPosition":[-3.45817,308.669,72.677],"timeVisible":0.279983,"tipPosition":[23.3935,295.015,2.08054],"tipVelocity":[36.1446,39.1344,-175.282],"tool":false,"touchDistance":-0.108979,"touchZone":"hovering","type":0,"width":20.2446},{"bases":[[[0.959732,0.184139,-0.21215],[-0.212603,0.969732,-0.120087],[0.183616,0.160355,0.969831]],[[0.976632,0.214838,0.00583232],[-0.212153,0.968055,-0.133644],[-0.0343578,0.129284,0.991012]],[[0.976632,0.214838,0.00583232],[-0.202319,0.928201,-0.312264],[-0.0724998,0.303788,0.949977]],[[0.976632,0.214838,0.00583232],[-0.18959,0.874006,-0.447402],[-0.101216,0.435842,0.894314]]],"btipPosition":[21.3999,322.988,-73.6356],"carpPosition":[29.9484,355.12,78.4914],"dipPosition":[19.671,330.433,-58.3598],"direction":[0.0724998,-0.303788,-0.949977],"extended":true,"handId":497,"id":4971,"length":58.7918,"mcpPosition":[16.4435,343.326,7.16035],"pipPosition":[17.9192,337.773,-35.4046],"stabilizedTipPosition":[9.34486,324.551,-39.0298],"timeVisible":0.279983,"tipPosition":[21.3229,325.206,-70.184],"tipVelocity":[41.0793,42.9435,-163.97],"tool":false,"touchDistance":-0.243509,"touchZone":"hovering","type":1,"width":19.3376},{"bases":[[[0.997803,0.0360785,-0.0555705],[-0.0432049,0.990187,-0.132903],[0.0502303,0.135012,0.98957]],[[0.998262,0.0374491,-0.0455081],[-0.0470425,0.0411671,-0.998044],[-0.0355024,0.99845,0.0428573]],[[0.998262,0.0374491,-0.0455081],[0.0283129,-0.981953,-0.186992],[-0.0516895,0.185378,-0.981307]],[[0.998262,0.0374491,-0.0455081],[0.0531659,-0.90543,0.421154],[-0.0254325,-0.422841,-0.905847]]],"btipPosition":[41.3202,304.063,48.9608],"carpPosition":[41.1657,358.919,75.1324],"dipPosition":[40.8424,296.119,31.9427],"direction":[0.0516895,-0.185378,0.981307],"extended":false,"handId":497,"id":4972,"length":66.9886,"mcpPosition":[37.6621,349.502,6.11048],"pipPosition":[39.3729,301.389,4.04529],"stabilizedTipPosition":[17.3508,309.765,94.3682],"timeVisible":0.279983,"tipPosition":[41.205,301.767,44.7676],"tipVelocity":[35.7635,17.5801,-162.462],"tool":false,"touchDistance":0.333333,"touchZone":"none","type":2,"width":18.9921},{"bases":[[[0.994718,-0.0191945,0.100837],[0.0298173,0.994034,-0.10492],[-0.098221,0.107373,0.989355]],[[0.998106,-0.0239586,0.056663],[0.0566862,0.000289453,-0.998392],[0.0239037,0.999713,0.00164703]],[[0.998106,-0.0239586,0.056663],[-0.0158252,-0.990045,-0.139861],[0.0594498,0.138699,-0.988549]],[[0.998106,-0.0239586,0.056663],[-0.0466479,-0.895225,0.443167],[0.0401084,-0.444971,-0.894646]]],"btipPosition":[55.9678,313.232,55.5803],"carpPosition":[53.2803,360.14,73.522],"dipPosition":[56.717,304.92,38.8692],"direction":[-0.0594498,-0.138699,0.988549],"extended":false,"handId":497,"id":4973,"length":64.4113,"mcpPosition":[59.4312,353.416,11.5653],"pipPosition":[58.3635,308.761,11.4917],"stabilizedTipPosition":[31.367,316.84,103.63],"timeVisible":0.279983,"tipPosition":[56.2307,310.695,51.289],"tipVelocity":[31.3159,21.921,-157.348],"tool":false,"touchDistance":0.333333,"touchZone":"none","type":3,"width":18.0722},{"bases":[[[0.957972,-0.170616,0.230606],[0.175374,0.984502,-0.000137175],[-0.227009,0.0405737,0.973047]],[[0.973981,-0.173479,0.145828],[0.162808,0.0879817,-0.982727],[0.157653,0.9809,0.113936]],[[0.973981,-0.173479,0.145828],[-0.135394,-0.961425,-0.239437],[0.18174,0.213463,-0.959898]],[[0.973981,-0.173479,0.145828],[-0.214942,-0.91108,0.351756],[0.0718386,-0.373948,-0.924663]]],"btipPosition":[69.2226,320.188,49.4027],"carpPosition":[66.4276,354.944,75.1342],"dipPosition":[70.4606,313.744,33.4687],"direction":[-0.18174,-0.213463,0.959898],"extended":false,"handId":497,"id":4974,"length":50.4973,"mcpPosition":[79.5872,352.592,18.7269],"pipPosition":[74.0142,317.917,14.6993],"stabilizedTipPosition":[46.8625,324.645,98.2227],"timeVisible":0.279983,"tipPosition":[69.723,318.933,45.8871],"tipVelocity":[26.7585,18.0185,-164.493],"tool":false,"touchDistance":0.333333,"touchZone":"none","type":4,"width":16.0532}],"r":[[0.970151,0.22296,0.0953771],[-0.228152,0.972472,0.0473844],[-0.0821867,-0.0677305,0.994313]],"s":1.0292,"t":[27.1541,-15.3853,-66.5091],"timestamp":522194964742},false],[6,{"currentFrameRate":103.896,"devices":[],"gestures":[],"hands":[{"armBasis":[[0.968761,0.181245,-0.169273],[-0.184108,0.982905,-0.00124228],[0.166154,0.032368,0.985568]],"armWidth":63.703,"confidence":0.663502,"direction":[-0.0479109,0.0158707,-0.998726],"elbow":[97.005,359.327,349.769],"grabStrength":0,"id":497,"palmNormal":[0.182939,-0.982822,-0.0243939],"palmPosition":[42.8758,345.801,30.051],"palmVelocity":[26.7554,26.0775,-137.787],"palmWidth":90.9658,"pinchStrength":0.416129,"r":[[0.96946,0.225195,0.0971352],[-0.230678,0.971778,0.0493433],[-0.083282,-0.0702433,0.994047]],"s":1.02919,"sphereCenter":[67.7853,307.048,10.1111],"sphereRadius":52.5019,"stabilizedPalmPosition":[21.6198,355.807,87.3508],"t":[27.381,-15.0418,-67.6054],"timeVisible":0.289139,"type":"right","wrist":[52.1554,350.59,83.7365]}],"id":4161812,"interactionBox":{"center":[0,200,0],"size":[235.247,235.247,147.751]},"pointables":[{"bases":[[[0.222162,0.95615,-0.190845],[-0.853387,0.285357,0.436236],[0.471566,0.0659496,0.879361]],[[0.0952133,0.90811,-0.407764],[-0.953015,0.201489,0.226197],[0.287572,0.367068,0.884626]],[[0.0952133,0.90811,-0.407764],[-0.995029,0.0988319,-0.0122368],[0.0291877,0.406902,0.913005]],[[0.0952133,0.90811,-0.407764],[-0.756123,-0.200453,-0.622974],[-0.647466,0.367635,0.667557]]],"btipPosition":[26.1113,293.894,-2.73783],"carpPosition":[26.3083,334.684,88.1491],"dipPosition":[10.9623,302.496,12.8812],"direction":[-0.0291877,-0.406902,-0.913005],"extended":false,"handId":497,"id":4970,"length":52.1025,"mcpPosition":[26.3083,334.684,88.1491],"pipPosition":[11.9572,316.366,44.0024],"stabilizedTipPosition":[-3.45585,308.668,72.6707],"timeVisible":0.289139,"tipPosition":[23.5444,295.519,1.15317],"tipVelocity":[31.4524,44.5055,-154.629],"tool":false,"touchDistance":-0.124415,"touchZone":"hovering","type":0,"width":20.2446},{"bases":[[[0.959972,0.183929,-0.211245],[-0.212378,0.969689,-0.120824],[0.182619,0.160851,0.969937]],[[0.976661,0.214692,0.00631618],[-0.21192,0.968002,-0.134398],[-0.0349683,0.129923,0.990907]],[[0.976661,0.214692,0.00631618],[-0.201976,0.928023,-0.313015],[-0.0730636,0.304434,0.949727]],[[0.976661,0.214692,0.00631618],[-0.189167,0.873725,-0.448131],[-0.101729,0.436477,0.893946]]],"btipPosition":[21.7108,323.326,-74.5323],"carpPosition":[30.1373,355.549,77.5857],"dipPosition":[19.9731,330.781,-59.2627],"direction":[0.0730636,-0.304434,-0.949727],"extended":true,"handId":497,"id":4971,"length":58.7918,"mcpPosition":[16.7057,343.718,6.24684],"pipPosition":[18.2076,338.138,-36.3136],"stabilizedTipPosition":[9.39673,324.553,-39.1684],"timeVisible":0.289139,"tipPosition":[21.6357,325.536,-71.0806],"tipVelocity":[39.0318,41.3319,-145.615],"tool":false,"touchDistance":-0.258478,"touchZone":"hovering","type":1,"width":19.3376},{"bases":[[[0.997864,0.0359481,-0.0545476],[-0.0429654,0.990121,-0.133474],[0.0492106,0.135532,0.98955]],[[0.998313,0.0373262,-0.04447],[-0.0459837,0.0407258,-0.998112],[-0.0354446,0.998473,0.0423735]],[[0.998313,0.0373262,-0.04447],[0.028422,-0.982087,-0.186271],[-0.0506262,0.184693,-0.981492]],[[0.998313,0.0373262,-0.04447],[0.0526372,-0.905077,0.421978],[-0.0244979,-0.423607,-0.905515]]],"btipPosition":[41.5336,304.484,48.0885],"carpPosition":[41.3585,359.344,74.2364],"dipPosition":[41.0733,296.526,31.0766],"direction":[0.0506262,-0.184693,0.981492],"extended":false,"handId":497,"id":4972,"length":66.9886,"mcpPosition":[37.9261,349.891,5.21585],"pipPosition":[39.6341,301.777,3.17397],"stabilizedTipPosition":[17.3808,309.756,94.3055],"timeVisible":0.289139,"tipPosition":[41.4232,302.189,43.9031],"tipVelocity":[32.4155,25.4144,-143.698],"tool":false,"touchDistance":0.333333,"touchZone":"none","type":2,"width":18.9921},{"bases":[[[0.99461,-0.0192415,0.101885],[0.0300278,0.993975,-0.105417],[-0.0992432,0.107908,0.989195]],[[0.998036,-0.0240153,0.0578493],[0.0578595,-0.000272866,-0.998325],[0.0239908,0.999712,0.00111718]],[[0.998036,-0.0240153,0.0578493],[-0.0157677,-0.990164,-0.139021],[0.0606189,0.137836,-0.988598]],[[0.998036,-0.0240153,0.0578493],[-0.0472662,-0.894781,0.443997],[0.0410997,-0.44586,-0.894159]]],"btipPosition":[56.1717,313.662,54.7223],"carpPosition":[53.4749,360.563,72.638],"dipPosition":[56.9394,305.334,38.0203],"direction":[-0.0606189,-0.137836,0.988598],"extended":false,"handId":497,"id":4973,"length":64.4113,"mcpPosition":[59.6898,353.806,10.6913],"pipPosition":[58.6182,309.151,10.6414],"stabilizedTipPosition":[31.3871,316.836,103.587],"timeVisible":0.289139,"tipPosition":[56.4392,311.127,50.4421],"tipVelocity":[28.924,28.7884,-139.555],"tool":false,"touchDistance":0.333333,"touchZone":"none","type":3,"width":18.0722},{"bases":[[[0.957714,-0.17059,0.231697],[0.175474,0.984484,-0.000476829],[-0.228021,0.0411135,0.972788]],[[0.973637,-0.173469,0.148121],[0.164972,0.0870604,-0.982448],[0.157529,0.980984,0.113383]],[[0.973637,-0.173469,0.148121],[-0.135002,-0.961639,-0.2388],[0.183863,0.212508,-0.959706]],[[0.973637,-0.173469,0.148121],[-0.21583,-0.910728,0.352126],[0.0738147,-0.374811,-0.924158]]],"btipPosition":[69.4025,320.609,48.5573],"carpPosition":[66.62,355.367,74.2666],"dipPosition":[70.6745,314.151,32.632],"direction":[-0.183863,-0.212508,0.959706],"extended":false,"handId":497,"id":4974,"length":50.4973,"mcpPosition":[79.8383,352.983,17.8744],"pipPosition":[74.2697,318.306,13.8663],"stabilizedTipPosition":[46.8742,324.643,98.1954],"timeVisible":0.289139,"tipPosition":[69.9172,319.341,45.0388],"tipVelocity":[25.0159,25.735,-144.327],"tool":false,"touch