{"sensorType":"Leap","data":[[0,{"currentFrameRate":105.531,"devices":[],"gestures":[],"hands":[{"armBasis":[[0.865706,0.35637,-0.351502],[-0.395396,0.917474,-0.0436311],[0.306945,0.176754,0.93517]],"armWidth":63.703,"confidence":0.607694,"direction":[-0.295187,-0.110491,-0.949029],"elbow":[150.839,395.803,328.403],"grabStrength":0,"id":502,"palmNormal":[0.379255,-0.925235,-0.0102432],"palmPosition":[47.0054,335.365,27.097],"palmVelocity":[49.6199,-4.97878,-212.77],"palmWidth":90.9658,"pinchStrength":0.514976,"r":[[0.968832,0.246265,0.0267934],[-0.247708,0.962105,0.113993],[0.00229439,-0.117077,0.99312]],"s":0.995382,"sphereCenter":[73.0167,299.53,4.256],"sphereRadius":51.5623,"stabilizedPalmPosition":[21.645,331.016,84.2112],"t":[34.8264,6.7931,-70.568],"timeVisible":0.253118,"type":"right","wrist":[67.9862,348.092,75.9745]}],"id":4163422,"interactionBox":{"center":[0,200,0],"size":[235.247,235.247,147.751]},"pointables":[{"bases":[[[-0.043937,0.952044,-0.302788],[-0.760166,0.1648,0.628481],[0.648242,0.257783,0.716471]],[[-0.215816,0.848331,-0.483485],[-0.871693,0.0557225,0.486874],[0.439971,0.526526,0.727458]],[[-0.215816,0.848331,-0.483485],[-0.970565,-0.132168,0.201332],[0.106895,0.512705,0.851885]],[[-0.215816,0.848331,-0.483485],[-0.725397,-0.470751,-0.502188],[-0.653622,0.242339,0.716973]]],"btipPosition":[37.7906,278.714,5.97248],"carpPosition":[48.0976,328.136,88.0888],"dipPosition":[22.4975,284.384,22.7477],"direction":[-0.106895,-0.512705,-0.851885],"extended":false,"handId":502,"id":5020,"length":52.1025,"mcpPosition":[48.0976,328.136,88.0888],"pipPosition":[26.1412,301.86,51.7855],"stabilizedTipPosition":[9.00827,275.954,73.6155],"timeVisible":0.253118,"tipPosition":[35.2608,280.365,9.83021],"tipVelocity":[27.2557,-24.5666,-204.996],"tool":false,"touchDistance":-0.0906539,"touchZone":"hovering","type":0,"width":20.2446},{"bases":[[[0.814932,0.339244,-0.469893],[-0.440068,0.889801,-0.120805],[0.37713,0.305233,0.874418]],[[0.879133,0.399515,-0.259832],[-0.447787,0.879082,-0.163408],[0.163129,0.260006,0.951728]],[[0.879133,0.399515,-0.259832],[-0.470949,0.811811,-0.345211],[0.0730171,0.425854,0.901841]],[[0.879133,0.399515,-0.259832],[-0.476576,0.736724,-0.479701],[-0.000223565,0.54555,0.838078]]],"btipPosition":[8.09209,294.741,-65.7017],"carpPosition":[44.5971,347.967,75.5966],"dipPosition":[8.08827,304.06,-51.3864],"direction":[-0.0730171,-0.425854,-0.901841],"extended":true,"handId":502,"id":5021,"length":58.7918,"mcpPosition":[16.8592,325.517,11.2832],"pipPosition":[9.85265,314.35,-29.5944],"stabilizedTipPosition":[-14.1246,299.171,-22.0588],"timeVisible":0.253118,"tipPosition":[7.75933,298.087,-62.7787],"tipVelocity":[66.0663,-26.0791,-211.615],"tool":false,"touchDistance":-0.306087,"touchZone":"hovering","type":1,"width":19.3376},{"bases":[[[0.921391,0.220669,-0.319911],[-0.287572,0.94083,-0.17928],[0.26142,0.257184,0.930331]],[[0.925627,0.224932,-0.304335],[-0.295116,-0.0743801,-0.952562],[-0.236898,0.971531,-0.0024671]],[[0.925627,0.224932,-0.304335],[0.19715,-0.973056,-0.119555],[-0.323027,0.0506634,-0.945033]],[[0.925627,0.224932,-0.304335],[0.350298,-0.813559,0.464126],[-0.143197,-0.536216,-0.831845]]],"btipPosition":[58.6051,297.312,46.8768],"carpPosition":[53.55,353.433,69.1539],"dipPosition":[55.9149,287.238,31.2489],"direction":[0.323027,-0.0506634,0.945033],"extended":false,"handId":502,"id":5022,"length":66.9886,"mcpPosition":[35.3161,335.495,4.26387],"pipPosition":[46.7316,288.679,4.38276],"stabilizedTipPosition":[38.7588,290.655,87.9585],"timeVisible":0.253118,"tipPosition":[58.1424,294.411,43.2307],"tipVelocity":[24.4506,-9.48892,-210.101],"tool":false,"touchDistance":0.333333,"touchZone":"none","type":2,"width":18.9921},{"bases":[[[0.968858,0.184555,-0.165087],[-0.212528,0.961911,-0.17193],[0.127068,0.201661,0.971178]],[[0.961225,0.17416,-0.213813],[-0.200598,-0.0904465,-0.975489],[-0.189229,0.980555,-0.0520033]],[[0.961225,0.17416,-0.213813],[0.164255,-0.984379,-0.0633869],[-0.221512,0.0258092,-0.974816]],[[0.961225,0.17416,-0.213813],[0.261711,-0.820492,0.508233],[-0.086918,-0.544483,-0.834256]]],"btipPosition":[72.5908,309.794,48.4044],"carpPosition":[64.3375,356.766,64.3197],"dipPosition":[70.9672,299.623,32.8214],"direction":[0.221512,-0.0258092,0.974816],"extended":false,"handId":502,"id":5023,"length":64.4113,"mcpPosition":[56.3801,344.137,3.50133],"pipPosition":[64.8325,300.338,5.8242],"stabilizedTipPosition":[51.2634,305.028,94.0582],"timeVisible":0.253118,"tipPosition":[72.2842,308.011,45.2892],"tipVelocity":[29.4919,-32.6951,-217.944],"tool":false,"touchDistance":0.333333,"touchZone":"none","type":3,"width":18.0722},{"bases":[[[0.998761,0.0451654,-0.0208818],[-0.0471808,0.992918,-0.109032],[0.0158095,0.109882,0.993819]],[[0.992156,0.0339334,-0.120309],[-0.12099,0.0187762,-0.992476],[-0.0314192,0.999248,0.0227345]],[[0.992156,0.0339334,-0.120309],[0.0179629,-0.991163,-0.131425],[-0.123706,0.128233,-0.983999]],[[0.992156,0.0339334,-0.120309],[0.0867345,-0.879949,0.467084],[-0.0900162,-0.473855,-0.87599]]],"btipPosition":[82.4446,318.388,38.6411],"carpPosition":[78.2803,354.423,62.7202],"dipPosition":[80.8934,310.222,23.5458],"direction":[0.123706,-0.128233,0.983999],"extended":false,"handId":502,"id":5024,"length":50.4973,"mcpPosition":[77.3638,348.053,5.10878],"pipPosition":[78.4745,312.73,4.30512],"stabilizedTipPosition":[60.9839,310.443,81.9795],"timeVisible":0.253118,"tipPosition":[82.187,316.426,35.0779],"tipVelocity":[38.4334,-17.1105,-197.77],"tool":false,"touchDistance":0.333333,"touchZone":"none","type":4,"width":16.0532}],"r":[[0.968832,0.246265,0.0267934],[-0.247708,0.962105,0.113993],[0.00229439,-0.117077,0.99312]],"s":0.995382,"t":[34.8264,6.7931,-70.568],"timestamp":522214554559},false],[1,{"currentFrameRate":105.781,"devices":[],"gestures":[],"hands":[{"armBasis":[[0.862428,0.358928,-0.356915],[-0.399532,0.915633,-0.0446067],[0.310792,0.181069,0.933071]],"armWidth":63.703,"confidence":0.622983,"direction":[-0.294116,-0.108638,-0.949575],"elbow":[151.868,397.052,326.847],"grabStrength":0,"id":502,"palmNormal":[0.382467,-0.923881,-0.012765],"palmPosition":[47.0754,335.525,26.0539],"palmVelocity":[38.1421,1.25003,-186.22],"palmWidth":90.9658,"pinchStrength":0.513963,"r":[[0.968994,0.245353,0.0292133],[-0.247086,0.962354,0.11324],[-0.000329828,-0.116947,0.993138]],"s":0.994679,"sphereCenter":[73.4229,299.842,3.07554],"sphereRadius":51.6247,"stabilizedPalmPosition":[21.667,331.02,84.1607],"t":[35.0439,6.81325,-71.996],"timeVisible":0.26211,"type":"right","wrist":[67.9767,348.176,74.985]}],"id":4163423,"interactionBox":{"center":[0,200,0],"size":[235.247,235.247,147.751]},"pointables":[{"bases":[[[-0.0470175,0.952799,-0.299938],[-0.761187,0.160262,0.628419],[0.646826,0.257856,0.717723]],[[-0.219951,0.847761,-0.482621],[-0.873098,0.0495899,0.485017],[0.435112,0.528055,0.729271]],[[-0.219951,0.847761,-0.482621],[-0.970043,-0.137768,0.20009],[0.103139,0.512173,0.852667]],[[-0.219951,0.847761,-0.482621],[-0.730971,-0.470848,-0.493946],[-0.64599,0.244138,0.723253]]],"btipPosition":[38.0335,278.592,4.64396],"carpPosition":[48.1486,328.115,87.0244],"dipPosition":[22.9191,284.304,21.5662],"direction":[-0.103139,-0.512173,-0.852667],"extended":false,"handId":502,"id":5020,"length":52.1025,"mcpPosition":[48.1486,328.115,87.0244],"pipPosition":[26.4347,301.762,50.6306],"stabilizedTipPosition":[9.00827,275.954,73.6155],"timeVisible":0.26211,"tipPosition":[35.4575,280.334,8.56955],"tipVelocity":[28.444,-21.2468,-188.256],"tool":false,"touchDistance":-0.112233,"touchZone":"hovering","type":0,"width":20.2446},{"bases":[[[0.814091,0.343486,-0.468267],[-0.443061,0.888634,-0.118434],[0.375437,0.303887,0.875614]],[[0.877787,0.40317,-0.258736],[-0.451013,0.877572,-0.162647],[0.161485,0.259463,0.952156]],[[0.877787,0.40317,-0.258736],[-0.473759,0.810647,-0.3441],[0.0710126,0.424625,0.90258]],[[0.877787,0.40317,-0.258736],[-0.479045,0.736017,-0.478325],[-0.00241239,0.543814,0.839202]]],"btipPosition":[8.36431,294.927,-66.8521],"carpPosition":[44.5884,347.971,74.5897],"dipPosition":[8.32311,304.216,-52.5177],"direction":[-0.0710126,-0.424625,-0.90258],"extended":true,"handId":502,"id":5021,"length":58.7918,"mcpPosition":[16.975,325.62,10.1883],"pipPosition":[10.0391,314.476,-30.7077],"stabilizedTipPosition":[-13.9819,299.158,-22.3222],"timeVisible":0.26211,"tipPosition":[8.03851,298.249,-63.9176],"tipVelocity":[55.9835,-13.4672,-188.521],"tool":false,"touchDistance":-0.321001,"touchZone":"hovering","type":1,"width":19.3376},{"bases":[[[0.920852,0.224827,-0.318566],[-0.290701,0.940367,-0.176643],[0.259855,0.255269,0.931296]],[[0.925078,0.229074,-0.302912],[-0.29462,-0.0704283,-0.953016],[-0.239645,0.970858,0.00233817]],[[0.925078,0.229074,-0.302912],[0.20011,-0.971911,-0.123872],[-0.322779,0.0539757,-0.944934]],[[0.925078,0.229074,-0.302912],[0.352683,-0.814042,0.461465],[-0.140873,-0.533723,-0.833843]]],"btipPosition":[58.7729,297.392,45.6288],"carpPosition":[53.5269,353.487,68.1701],"dipPosition":[56.1264,287.365,29.9634],"direction":[0.322779,-0.0539757,0.944934],"extended":false,"handId":502,"id":5022,"length":66.9886,"mcpPosition":[35.4022,335.683,3.2127],"pipPosition":[46.9501,288.899,3.10003],"stabilizedTipPosition":[38.7929,290.663,87.8778],"timeVisible":0.26211,"tipPosition":[58.3218,294.555,42.0124],"tipVelocity":[23.169,-4.13147,-190.799],"tool":false,"touchDistance":0.333333,"touchZone":"none","type":2,"width":18.9921},{"bases":[[[0.968332,0.188409,-0.163817],[-0.215736,0.961685,-0.169174],[0.125667,0.199157,0.971877]],[[0.960859,0.178242,-0.212084],[-0.200504,-0.080858,-0.97635],[-0.191175,0.980659,-0.0419549]],[[0.960859,0.178242,-0.212084],[0.166096,-0.983335,-0.0739166],[-0.221725,0.0357971,-0.974452]],[[0.960859,0.178242,-0.212084],[0.263605,-0.823716,0.502001],[-0.0852193,-0.538258,-0.83846]]],"btipPosition":[72.7085,309.659,47.0145],"carpPosition":[64.3064,356.872,63.3539],"dipPosition":[71.1166,299.605,31.3529],"direction":[0.221725,-0.0357971,0.974452],"extended":false,"handId":502,"id":5023,"length":64.4113,"mcpPosition":[56.4367,344.4,2.49176],"pipPosition":[64.9761,300.597,4.36579],"stabilizedTipPosition":[51.2921,305.031,93.9893],"timeVisible":0.26211,"tipPosition":[72.41,307.96,43.9401],"tipVelocity":[25.2138,-27.0069,-201.109],"tool":false,"touchDistance":0.333333,"touchZone":"none","type":3,"width":18.0722},{"bases":[[[0.998614,0.0486875,-0.0200127],[-0.050543,0.993074,-0.106062],[0.0147103,0.106926,0.994158]],[[0.992138,0.037752,-0.119318],[-0.120169,0.021143,-0.992528],[-0.0349472,0.999063,0.0255134]],[[0.992138,0.037752,-0.119318],[0.0215938,-0.990757,-0.133919],[-0.123271,0.13029,-0.983783]],[[0.992138,0.037752,-0.119318],[0.0894332,-0.880803,0.464959],[-0.0875426,-0.471975,-0.877255]]],"btipPosition":[82.5599,318.653,37.5781],"carpPosition":[78.2583,354.582,61.7575],"dipPosition":[81.0513,310.519,22.461],"direction":[0.123271,-0.13029,0.983783],"extended":false,"handId":502,"id":5024,"length":50.4973,"mcpPosition":[77.4056,348.384,4.12644],"pipPosition":[78.641,313.067,3.22455],"stabilizedTipPosition":[61.0201,310.454,81.8979],"timeVisible":0.26211,"tipPosition":[82.3122,316.694,34.0088],"tipVelocity":[31.7067,-4.10667,-176.095],"tool":false,"touchDistance":0.333333,"touchZone":"none","type":4,"width":16.0532}],"r":[[0.968994,0.245353,0.0292133],[-0.247086,0.962354,0.11324],[-0.000329828,-0.116947,0.993138]],"s":0.994679,"t":[35.0439,6.81325,-71.996],"timestamp":522214563551},false],[2,{"currentFrameRate":105.917,"devices":[],"gestures":[],"hands":[{"armBasis":[[0.859377,0.363413,-0.359724],[-0.405414,0.912965,-0.0462032],[0.311625,0.185543,0.931914]],"armWidth":63.703,"confidence":0.639041,"direction":[-0.292722,-0.106231,-0.950278],"elbow":[152.063,398.257,326.019],"grabStrength":0,"id":502,"palmNormal":[0.387047,-0.921918,-0.0161647],"palmPosition":[47.152,335.618,25.4677],"palmVelocity":[29.8103,3.72747,-152.001],"palmWidth":90.9658,"pinchStrength":0.51539,"r":[[0.968869,0.245558,0.031527],[-0.247561,0.962216,0.113375],[-0.00249562,-0.11765,0.993052]],"s":0.993813,"sphereCenter":[73.8625,300.155,2.3215],"sphereRadius":51.6662,"stabilizedPalmPosition":[21.6836,331.023,84.1225],"t":[35.191,6.86981,-73.0031],"timeVisible":0.2713,"type":"right","wrist":[67.9464,348.173,74.469]}],"id":4163424,"interactionBox":{"center":[0,200,0],"size":[235.247,235.247,147.751]},"pointables":[{"bases":[[[-0.0514639,0.953766,-0.29611],[-0.762535,0.15394,0.628365],[0.644897,0.258133,0.719358]],[[-0.224958,0.847576,-0.480634],[-0.874746,0.0416071,0.482792],[0.429201,0.529041,0.732053]],[[-0.224958,0.847576,-0.480634],[-0.969429,-0.14509,0.197878],[0.0979811,0.510455,0.854304]],[[-0.224958,0.847576,-0.480634],[-0.733417,-0.472045,-0.489156],[-0.641478,0.242466,0.727817]]],"btipPosition":[38.4572,278.491,3.72672],"carpPosition":[48.2071,327.965,86.4086],"dipPosition":[23.4483,284.164,20.7557],"direction":[-0.0979811,-0.510455,-0.854304],"extended":false,"handId":502,"id":5020,"length":52.1025,"mcpPosition":[48.2071,327.965,86.4086],"pipPosition":[26.7881,301.564,49.8759],"stabilizedTipPosition":[9.00901,275.954,73.6136],"timeVisible":0.2713,"tipPosition":[35.8073,280.281,7.70494],"tipVelocity":[34.1168,-18.652,-162.79],"tool":false,"touchDistance":-0.127111,"touchZone":"hovering","type":0,"width":20.2446},{"bases":[[[0.812801,0.349409,-0.466121],[-0.447348,0.886905,-0.115232],[0.373142,0.302179,0.877185]],[[0.875933,0.40846,-0.256715],[-0.455326,0.87581,-0.160106],[0.159436,0.257131,0.953133]],[[0.875933,0.40846,-0.256715],[-0.477554,0.809612,-0.341277],[0.0684414,0.421531,0.904227]],[[0.875933,0.40846,-0.256715],[-0.482404,0.735729,-0.475383],[-0.00530236,0.540244,0.841492]]],"btipPosition":[8.70401,295.171,-67.6269],"carpPosition":[44.5598,347.854,74.0513],"dipPosition":[8.61344,304.399,-53.2533],"direction":[-0.0684414,-0.421531,-0.904227],"extended":true,"handId":502,"id":5021,"length":58.7918,"mcpPosition":[17.1152,325.629,9.5344],"pipPosition":[10.2673,314.585,-31.4036],"stabilizedTipPosition":[-13.8683,299.149,-22.5326],"timeVisible":0.2713,"tipPosition":[8.37899,298.456,-64.672],"tipVelocity":[50.3225,-2.69038,-159.121],"tool":false,"touchDistance":-0.328721,"touchZone":"hovering","type":1,"width":19.3376},{"bases":[[[0.920014,0.230673,-0.316805],[-0.295194,0.939628,-0.17309],[0.257751,0.252764,0.932564]],[[0.924218,0.23489,-0.301078],[-0.294054,-0.0652481,-0.953559],[-0.243627,0.969829,0.00876695]],[[0.924218,0.23489,-0.301078],[0.204303,-0.970262,-0.129816],[-0.322617,0.0584671,-0.944722]],[[0.924218,0.23489,-0.301078],[0.356141,-0.814689,0.457652],[-0.137787,-0.530197,-0.836604]]],"btipPosition":[58.9987,297.376,44.7688],"carpPosition":[53.4767,353.441,67.6624],"dipPosition":[56.4101,287.415,29.0515],"direction":[0.322617,-0.0584671,0.944722],"extended":false,"handId":502,"id":5022,"length":66.9886,"mcpPosition":[35.4987,335.811,2.61666],"pipPosition":[47.2384,289.077,2.1942],"stabilizedTipPosition":[38.8176,290.669,87.819],"timeVisible":0.2713,"tipPosition":[58.5626,294.618,41.1884],"tipVelocity":[23.9633,-3.01005,-163.99],"tool":false,"touchDistance":0.333333,"touchZone":"none","type":2,"width":18.9921},{"bases":[[[0.967534,0.193861,-0.162161],[-0.220342,0.961286,-0.165466],[0.123806,0.195825,0.972792]],[[0.960265,0.183984,-0.209861],[-0.200385,-0.0688821,-0.977293],[-0.194262,0.980513,-0.0292774]],[[0.960265,0.183984,-0.209861],[0.168801,-0.981691,-0.0882599],[-0.222257,0.0493282,-0.973739]],[[0.960265,0.183984,-0.209861],[0.266386,-0.828508,0.492558],[-0.0832485,-0.52889,-0.844598]]],"btipPosition":[72.8779,309.351,46.0018],"carpPosition":[64.2435,356.898,62.8699],"dipPosition":[71.3229,299.472,30.2255],"direction":[0.222257,-0.0493282,0.97374],"extended":false,"handId":502,"id":5023,"length":64.4113,"mcpPosition":[56.4904,344.635,1.95044],"pipPosition":[65.1676,300.838,3.2582],"stabilizedTipPosition":[51.3139,305.033,93.9364],"timeVisible":0.2713,"tipPosition":[72.5838,307.776,42.9673],"tipVelocity":[23.5786,-27.6124,-176.502],"tool":false,"touchDistance":0.333333,"touchZone":"none","type":3,"width":18.0722},{"bases":[[[0.998378,0.0537074,-0.0188976],[-0.0553629,0.993235,-0.102075],[0.0132876,0.102956,0.994597]],[[0.992071,0.0431676,-0.118034],[-0.119144,0.0240956,-0.992585],[-0.0400034,0.998777,0.0290477]],[[0.992071,0.0431676,-0.118034],[0.0267847,-0.990207,-0.137016],[-0.122793,0.132768,-0.983511]],[[0.992071,0.0431676,-0.118034],[0.0933704,-0.881805,0.462278],[-0.0841276,-0.469634,-0.878844]]],"btipPosition":[82.7027,318.906,36.9693],"carpPosition":[78.2081,354.684,61.2771],"dipPosition":[81.253,310.813,21.8249],"direction":[0.122793,-0.132768,0.983511],"extended":false,"handId":502,"id":5024,"length":50.4973,"mcpPosition":[77.4378,348.716,3.62054],"pipPosition":[78.8519,313.409,2.59371],"stabilizedTipPosition":[61.047,310.462,81.8368],"timeVisible":0.2713,"tipPosition":[82.4685,316.949,33.3899],"tipVelocity":[27.5984,5.02242,-145.584],"tool":false,"touchDistance":0.333333,"touchZone":"none","type":4,"width":16.0532}],"r":[[0.968869,0.245558,0.031527],[-0.247561,0.962216,0.113375],[-0.00249562,-0.11765,0.993052]],"s":0.993813,"t":[35.191,6.86981,-73.0031],"timestamp":522214572741},false],[3,{"currentFrameRate":106.222,"devices":[],"gestures":[],"hands":[{"armBasis":[[0.858983,0.362598,-0.361485],[-0.404987,0.913145,-0.046398],[0.313264,0.186252,0.931223]],"armWidth":63.703,"confidence":0.655109,"direction":[-0.289565,-0.10604,-0.951266],"elbow":[152.439,398.292,324.27],"grabStrength":0,"id":502,"palmNormal":[0.387095,-0.921917,-0.015063],"palmPosition":[47.2486,335.472,23.8343],"palmVelocity":[24.6951,-1.73347,-160.803],"palmWidth":90.9658,"pinchStrength":0.521789,"r":[[0.968744,0.245719,0.0340309],[-0.248016,0.962101,0.113356],[-0.00488752,-0.118253,0.992971]],"s":0.992646,"sphereCenter":[74.102,299.958,0.749642],"sphereRadius":51.6689,"stabilizedPalmPosition":[21.6836,331.023,84.1225],"t":[35.3128,6.82531,-74.3234],"timeVisible":0.280153,"type":"right","wrist":[67.8803,348.018,72.9068]}],"id":4163425,"interactionBox":{"center":[0,200,0],"size":[235.247,235.247,147.751]},"pointables":[{"bases":[[[-0.0504771,0.953825,-0.29609],[-0.764617,0.153818,0.625861],[0.642506,0.257987,0.721547]],[[-0.223381,0.847653,-0.481233],[-0.876532,0.0412719,0.47957],[0.42637,0.528943,0.733776]],[[-0.223381,0.847653,-0.481233],[-0.970142,-0.145492,0.194053],[0.094474,0.510212,0.854844]],[[-0.223381,0.847653,-0.481233],[-0.734302,-0.471021,-0.488814],[-0.641015,0.244179,0.727651]]],"btipPosition":[38.6014,278.306,1.9944],"carpPosition":[48.1014,327.807,84.7767],"dipPosition":[23.6034,284.02,19.0195],"direction":[-0.094474,-0.510212,-0.854844],"extended":false,"handId":502,"id":5020,"length":52.1025,"mcpPosition":[48.1014,327.807,84.7767],"pipPosition":[26.8237,301.411,48.1582],"stabilizedTipPosition":[9.01083,275.954,73.6089],"timeVisible":0.280153,"tipPosition":[35.9273,280.101,5.99182],"tipVelocity":[29.3673,-18.966,-171.722],"tool":false,"touchDistance":-0.155997,"touchZone":"hovering","type":0,"width":20.2446},{"bases":[[[0.814345,0.349499,-0.46335],[-0.44696,0.88693,-0.11654],[0.370228,0.302003,0.878479]],[[0.876698,0.408406,-0.254175],[-0.454957,0.87559,-0.162344],[0.156251,0.257966,0.953436]],[[0.876698,0.408406,-0.254175],[-0.476526,0.80956,-0.342835],[0.0657542,0.421684,0.904356]],[[0.876698,0.408406,-0.254175],[-0.480983,0.736005,-0.476395],[-0.0074885,0.539909,0.84169]]],"btipPosition":[9.09281,294.995,-69.3814],"carpPosition":[44.4952,347.699,72.4114],"dipPosition":[8.9649,304.217,-55.0045],"direction":[-0.0657542,-0.421684,-0.904356],"extended":true,"handId":502,"id":5021,"length":58.7918,"mcpPosition":[17.2649,325.487,7.79928],"pipPosition":[10.5538,314.407,-33.1517],"stabilizedTipPosition":[-13.7832,299.141,-22.6942],"timeVisible":0.280153,"tipPosition":[8.77618,298.26,-66.4203],"tipVelocity":[48.3255,-7.38667,-169.676],"tool":false,"touchDistance":-0.350489,"touchZone":"hovering","type":1,"width":19.3376},{"bases":[[[0.921061,0.230732,-0.313702],[-0.294614,0.939664,-0.173882],[0.254654,0.252577,0.933465]],[[0.925249,0.234984,-0.297821],[-0.292259,-0.0589933,-0.954518],[-0.241866,0.970207,0.0140927]],[[0.925249,0.234984,-0.297821],[0.202996,-0.969885,-0.134595],[-0.320479,0.064077,-0.945086]],[[0.925249,0.234984,-0.297821],[0.354179,-0.816333,0.456244],[-0.135911,-0.527621,-0.838537]]],"btipPosition":[58.9904,297.009,42.8868],"carpPosition":[53.4332,353.287,66.0533],"dipPosition":[56.437,287.096,27.1332],"direction":[0.320479,-0.064077,0.945086],"extended":false,"handId":502,"id":5022,"length":66.9886,"mcpPosition":[35.6713,335.67,0.944654],"pipPosition":[47.3262,288.918,0.265559],"stabilizedTipPosition":[38.8343,290.672,87.7775],"timeVisible":0.280153,"tipPosition":[58.5637,294.381,39.3978],"tipVelocity":[17.4695,-13.0806,-177.403],"tool":false,"touchDistance":0.333333,"touchZone":"none","type":2,"width":18.9921},{"bases":[[[0.968068,0.193889,-0.158909],[-0.219788,0.96132,-0.166005],[0.120576,0.19563,0.973237]],[[0.961035,0.184117,-0.206186],[-0.197975,-0.0621253,-0.978236],[-0.19292,0.980939,-0.023254]],[[0.961035,0.184117,-0.206186],[0.167487,-0.981233,-0.095551],[-0.219909,0.0572944,-0.973836]],[[0.961035,0.184117,-0.206186],[0.264144,-0.831543,0.488635],[-0.0814865,-0.524058,-0.847775]]],"btipPosition":[72.8948,308.88,44.1942],"carpPosition":[64.216,356.745,61.2972],"dipPosition":[71.3727,299.091,28.3586],"direction":[0.219909,-0.0572944,0.973836],"extended":false,"handId":502,"id":5023,"length":64.4113,"mcpPosition":[56.6651,344.494,0.349896],"pipPosition":[65.2824,300.678,1.3886],"stabilizedTipPosition":[51.3297,305.034,93.8966],"timeVisible":0.280153,"tipPosition":[72.6051,307.371,41.1815],"tipVelocity":[17.9407,-33.9011,-184.412],"tool":false,"touchDistance":0.333333,"touchZone":"none","type":3,"width":18.0722},{"bases":[[[0.998435,0.0537071,-0.0155718],[-0.0550202,0.993255,-0.102061],[0.00998538,0.102758,0.994656]],[[0.992461,0.0431902,-0.114702],[-0.115879,0.0258215,-0.992928],[-0.039923,0.998733,0.0306316]],[[0.992461,0.0431902,-0.114702],[0.0270835,-0.990001,-0.138437],[-0.119534,0.134287,-0.983707]],[[0.992461,0.0431902,-0.114702],[0.0917664,-0.882214,0.46182],[-0.0812454,-0.468864,-0.879526]]],"btipPosition":[82.7555,318.723,35.3987],"carpPosition":[78.1857,354.531,59.7503],"dipPosition":[81.3555,310.643,20.2425],"direction":[0.119534,-0.134287,0.983707],"extended":false,"handId":502,"id":5024,"length":50.4973,"mcpPosition":[77.6069,348.574,2.09036],"pipPosition":[79.0182,313.269,1.00753],"stabilizedTipPosition":[61.0655,310.468,81.7937],"timeVisible":0.280153,"tipPosition":[82.5317,316.785,31.8404],"tipVelocity":[22.0915,-1.83317,-154.285],"tool":false,"touchDistance":0.333333,"touchZone":"none","type":4,"width":16.0532}],"r":[[0.968744,0.245719,0.0340309],[-0.248016,0.962101,0.113356],[-0.00488752,-0.118253,0.992971]],"s":0.992646,"t":[35.3128,6.82531,-74.3234],"timestamp":522214581594},false],[4,{"currentFrameRate":106.387,"devices":[],"gestures":[],"hands":[{"armBasis":[[0.858438,0.361888,-0.363484],[-0.405956,0.912511,-0.0502394],[0.313502,0.190686,0.930245]],"armWidth":63.703,"confidence":0.664711,"direction":[-0.285522,-0.10639,-0.952449],"elbow":[152.416,398.992,322.6],"grabStrength":0,"id":502,"palmNormal":[0.387781,-0.921656,-0.0132976],"palmPosition":[47.3748,334.953,22.3451],"palmVelocity":[21.6972,-17.0604,-161.61],"palmWidth":90.9658,"pinchStrength":0.527476,"r":[[0.968575,0.245979,0.0368342],[-0.248605,0.961979,0.113101],[-0.00761319,-0.118704,0.9929]],"s":0.991895,"sphereCenter":[74.3923,299.498,-0.637497],"sphereRadius":51.6749,"stabilizedPalmPosition":[21.6836,331.023,84.1225],"t":[35.4369,6.54358,-75.7281],"timeVisible":0.289249,"type":"right","wrist":[67.7931,347.521,71.5013]}],"id":4163426,"interactionBox":{"center":[0,200,0],"size":[235.247,235.247,147.751]},"pointables":[{"bases":[[[-0.0498892,0.953743,-0.296453],[-0.767326,0.153398,0.62264],[0.639314,0.258539,0.724179]],[[-0.223995,0.845688,-0.484395],[-0.879268,0.039026,0.474727],[0.420374,0.532249,0.734845]],[[-0.223995,0.845688,-0.484395],[-0.970673,-0.149066,0.188611],[0.0872995,0.512437,0.854276]],[[-0.223995,0.845688,-0.484395],[-0.734987,-0.47298,-0.485885],[-0.640016,0.247188,0.727514]]],"btipPosition":[38.999,277.487,0.478742],"carpPosition":[47.9785,327.299,83.2918],"dipPosition":[24.0243,283.27,17.5007],"direction":[-0.0872995,-0.512437,-0.854276],"extended":false,"handId":502,"id":5020,"length":52.1025,"mcpPosition":[47.9785,327.299,83.2918],"pipPosition":[27,300.737,46.6199],"stabilizedTipPosition":[9.01715,275.955,73.5925],"timeVisible":0.289249,"tipPosition":[36.2082,279.365,4.4683],"tipVelocity":[33.5036,-38.1885,-170.333],"tool":false,"touchDistance":-0.181271,"touchZone":"hovering","type":0,"width":20.2446},{"bases":[[[0.816034,0.349978,-0.460005],[-0.447072,0.886607,-0.118549],[0.366354,0.302395,0.879967]],[[0.87743,0.408907,-0.250824],[-0.454925,0.875176,-0.164654],[0.152187,0.258578,0.953927]],[[0.87743,0.408907,-0.250824],[-0.47567,0.809321,-0.344584],[0.062094,0.421658,0.904626]],[[0.87743,0.408907,-0.250824],[-0.479586,0.736067,-0.477706],[-0.0107143,0.539445,0.841953]]],"btipPosition":[9.61107,294.436,-71.0261],"carpPosition":[44.4104,347.186,70.9084],"dipPosition":[9.42805,303.65,-56.6446],"direction":[-0.062094,-0.421658,-0.904626],"extended":true,"handId":502,"id":5021,"length":58.7918,"mcpPosition":[17.4651,324.945,6.1868],"pipPosition":[10.9285,313.839,-34.7853],"stabilizedTipPosition":[-13.7126,299.133,-22.8304],"timeVisible":0.289249,"tipPosition":[9.29726,297.675,-68.0568],"tipVelocity":[50.3363,-22.4426,-172.728],"tool":false,"touchDistance":-0.368427,"touchZone":"hovering","type":1,"width":19.3376},{"bases":[[[0.922205,0.231308,-0.309894],[-0.294524,0.939435,-0.175263],[0.250586,0.2529,0.934478]],[[0.926377,0.235622,-0.293783],[-0.289122,-0.0549053,-0.955716],[-0.241318,0.970293,0.0172604]],[[0.926377,0.235622,-0.293783],[0.203019,-0.969489,-0.137382],[-0.317189,0.0676238,-0.945948]],[[0.926377,0.235622,-0.293783],[0.352492,-0.81711,0.456159],[-0.132572,-0.526131,-0.840007]]],"btipPosition":[59.0294,296.345,41.249],"carpPosition":[53.3711,352.779,64.5866],"dipPosition":[56.5388,286.461,25.4678],"direction":[0.317189,-0.0676238,0.945948],"extended":false,"handId":502,"id":5022,"length":66.9886,"mcpPosition":[35.8929,335.139,-0.592635],"pipPosition":[47.5214,288.383,-1.42437],"stabilizedTipPosition":[38.8469,290.674,87.7452],"timeVisible":0.289249,"tipPosition":[58.6171,293.807,37.8195],"tipVelocity":[14.2571,-29.468,-178.332],"tool":false,"touchDistance":0.333333,"touchZone":"none","type":2,"width":18.9921},{"bases":[[[0.96859,0.194522,-0.154901],[-0.219746,0.961144,-0.167077],[0.116382,0.195868,0.9737]],[[0.96187,0.184874,-0.201563],[-0.191948,-0.0686984,-0.978998],[-0.194838,0.980358,-0.0305927]],[[0.96187,0.184874,-0.201563],[0.170533,-0.981549,-0.0864868],[-0.213833,0.048816,-0.97565]],[[0.96187,0.184874,-0.201563],[0.262984,-0.827604,0.495894],[-0.0751362,-0.529993,-0.844667]]],"btipPosition":[72.9116,308.735,43.0631],"carpPosition":[64.1713,356.244,59.8751],"dipPosition":[71.5081,298.836,27.2855],"direction":[0.213833,-0.048816,0.97565],"extended":false,"handId":502,"id":5023,"length":64.4113,"mcpPosition":[56.8831,343.978,-1.10124],"pipPosition":[65.5861,300.188,0.265268],"stabilizedTipPosition":[51.3418,305.035,93.8655],"timeVisible":0.289249,"tipPosition":[72.6502,307.021,39.9099],"tipVelocity":[14.3122,-29.6926,-167.367],"tool":false,"touchDistance":0.333333,"touchZone":"none","type":3,"width":18.0722},{"bases":[[[0.998455,0.0543835,-0.0114149],[-0.0552686,0.993201,-0.102451],[0.00576564,0.102924,0.994673]],[[0.992886,0.0438313,-0.110707],[-0.1121,0.0306974,-0.993223],[-0.0401358,0.998567,0.0353925]],[[0.992886,0.0438313,-0.110707],[0.0277563,-0.989366,-0.142776],[-0.115788,0.138688,-0.983544]],[[0.992886,0.0438313,-0.110707],[0.0902921,-0.883272,0.460085],[-0.0776184,-0.466808,-0.880946]]],"btipPosition":[82.835,318.106,33.8872],"carpPosition":[78.1489,354.039,58.3868],"dipPosition":[81.4975,310.061,18.7066],"direction":[0.115788,-0.138688,0.983544],"extended":false,"handId":502,"id":5024,"length":50.4973,"mcpPosition":[77.8146,348.072,0.725911],"pipPosition":[79.2334,312.773,-0.525207],"stabilizedTipPosition":[61.0793,310.472,81.7605],"timeVisible":0.289249,"tipPosition":[82.623,316.227,30.3935],"tipVelocity":[18.8311,-19.8834,-157.748],"tool":false,"touchDistance":0.333333,"touchZone":"none","type":4,"width":16.0532}],"r":[[0.968575,0.245979,0.0368342],[-0.248605,0.961979,0.113101],[-0.00761319,-0.118704,0.9929]],"s":0.991895,"t":[35.4369,6.54358,-75.7281],"timestamp":522214590690},false],[5,{"currentFrameRate":106.603,"devices":[],"gestures":[],"hands":[{"armBasis":[[0.854587,0.369769,-0.364626],[-0.412767,0.909731,-0.0448532],[0.315126,0.188837,0.930073]],"armWidth":63.703,"confidence":0.679711,"direction":[-0.283327,-0.106821,-0.953056],"elbow":[152.664,398.518,320.801],"grabStrength":0,"id":502,"palmNormal":[0.395829,-0.918206,-0.0147579],"palmPosition":[47.3594,334.906,20.5381],"palmVelocity":[15.2753,-13.8149,-172.442],"palmWidth":90.9658,"pinchStrength":0.5339,"r":[[0.967993,0.24786,0.039441],[-0.250786,0.961396,0.113243],[-0.00985007,-0.119509,0.992784]],"s":0.991405,"sphereCenter":[74.7283,299.727,-2.49857],"sphereRadius":51.6893,"stabilizedPalmPosition":[21.6836,331.023,84.1225],"t":[35.4911,6.37925,-77.334],"timeVisible":0.298234,"type":"right","wrist":[67.6023,347.545,69.7484]}],"id":4163427,"interactionBox":{"center":[0,200,0],"size":[235.247,235.247,147.751]},"pointables":[{"bases":[[[-0.0578224,0.953909,-0.294471],[-0.769455,0.145352,0.621942],[0.636078,0.262545,0.725586]],[[-0.231699,0.843905,-0.48388],[-0.880204,0.0299175,0.473651],[0.414193,0.535658,0.735877]],[[-0.231699,0.843905,-0.48388],[-0.969233,-0.157786,0.18892],[0.0830811,0.512765,0.8545]],[[-0.231699,0.843905,-0.48388],[-0.732737,-0.478578,-0.483797],[-0.639853,0.242461,0.729247]]],"btipPosition":[39.4184,277.243,-1.44377],"carpPosition":[47.9495,327.126,81.469],"dipPosition":[24.4476,282.916,15.6187],"direction":[-0.0830811,-0.512765,-0.8545],"extended":false,"handId":502,"id":5020,"length":52.1025,"mcpPosition":[47.9495,327.126,81.469],"pipPosition":[27.2795,300.394,44.7456],"stabilizedTipPosition":[9.02348,275.955,73.5758],"timeVisible":0.298234,"tipPosition":[36.6125,279.127,2.54297],"tipVelocity":[37.1444,-35.9285,-182.013],"tool":false,"touchDistance":-0.213157,"touchZone":"hovering","type":0,"width":20.2446},{"bases":[[[0.813553,0.358078,-0.458162],[-0.454638,0.882926,-0.117242],[0.362541,0.303681,0.881103]],[[0.87411,0.41703,-0.249032],[-0.462398,0.871422,-0.163742],[0.148727,0.258281,0.954553]],[[0.87411,0.41703,-0.249032],[-0.482305,0.805955,-0.343248],[0.0575639,0.420146,0.905629]],[[0.87411,0.41703,-0.249032],[-0.485466,0.73324,-0.476111],[-0.0159522,0.53707,0.843387]]],"btipPosition":[10.0529,294.253,-72.9701],"carpPosition":[44.2243,347.008,69.1235],"dipPosition":[9.78046,303.426,-58.5641],"direction":[-0.0575639,-0.420146,-0.905629],"extended":true,"handId":502,"id":5021,"length":58.7918,"mcpPosition":[17.5594,324.672,4.31839],"pipPosition":[11.1714,313.579,-36.6806],"stabilizedTipPosition":[-13.657,299.127,-22.9402],"timeVisible":0.298234,"tipPosition":[9.72243,297.462,-69.9864],"tipVelocity":[49.391,-22.1522,-184.521],"tool":false,"touchDistance":-0.388994,"touchZone":"hovering","type":1,"width":19.3376},{"bases":[[[0.920558,0.240015,-0.308164],[-0.302483,0.937205,-0.173639],[0.247137,0.253059,0.935352]],[[0.924701,0.244363,-0.291916],[-0.288898,-0.0489405,-0.956108],[-0.247924,0.968448,0.0253405]],[[0.924701,0.244363,-0.291916],[0.209655,-0.966921,-0.145287],[-0.317763,0.0731455,-0.945345]],[[0.924701,0.244363,-0.291916],[0.35848,-0.817023,0.451626],[-0.128141,-0.522265,-0.843101]]],"btipPosition":[59.2943,296.107,39.0788],"carpPosition":[53.1442,352.692,62.8258],"dipPosition":[56.8869,286.295,23.2394],"direction":[0.317763,-0.0731455,0.945345],"extended":false,"handId":502,"id":5022,"length":66.9886,"mcpPosition":[35.9065,335.042,-2.41452],"pipPosition":[47.8533,288.374,-3.63561],"stabilizedTipPosition":[38.8563,290.676,87.7206],"timeVisible":0.298234,"tipPosition":[58.9002,293.701,35.725],"tipVelocity":[19.0173,-28.1519,-196.072],"tool":false,"touchDistance":0.333333,"touchZone":"none","type":2,"width":18.9921},{"bases":[[[0.967058,0.203301,-0.153188],[-0.227908,0.959548,-0.165307],[0.113384,0.194774,0.974273]],[[0.960586,0.193825,-0.199266],[-0.188174,-0.0742399,-0.979326],[-0.204612,0.978223,-0.0348409]],[[0.960586,0.193825,-0.199266],[0.181074,-0.980168,-0.080518],[-0.210921,0.0412626,-0.976632]],[[0.960586,0.193825,-0.199266],[0.269788,-0.822803,0.50021],[-0.0670032,-0.534254,-0.842664]]],"btipPosition":[73.0518,309.206,41.4678],"carpPosition":[63.9198,356.262,58.1361],"dipPosition":[71.8002,299.227,25.7276],"direction":[0.210921,-0.0412626,0.976632],"extended":false,"handId":502,"id":5023,"length":64.4113,"mcpPosition":[56.8193,344.064,-2.87609],"pipPosition":[65.9589,300.369,-1.31983],"stabilizedTipPosition":[51.3502,305.036,93.8436],"timeVisible":0.298234,"tipPosition":[72.825,307.309,38.186],"tipVelocity":[15.7335,-7.75377,-169.897],"tool":false,"touchDistance":0.333333,"touchZone":"none","type":3,"width":18.0722},{"bases":[[[0.997956,0.063119,-0.00996387],[-0.0638016,0.9929,-0.100393],[0.00355645,0.100823,0.994898]],[[0.992577,0.0526983,-0.109608],[-0.111691,0.0383523,-0.993003],[-0.0481259,0.997874,0.0439535]],[[0.992577,0.0526983,-0.109608],[0.0357359,-0.987837,-0.151329],[-0.116249,0.146288,-0.982388]],[[0.992577,0.0526983,-0.109608],[0.0972102,-0.885356,0.454638],[-0.0730831,-0.461918,-0.883906]]],"btipPosition":[82.9456,318.162,31.8749],"carpPosition":[77.9181,354.182,56.6618],"dipPosition":[81.6863,310.202,16.6433],"direction":[0.116249,-0.146288,0.982388],"extended":false,"handId":502,"id":5024,"length":50.4973,"mcpPosition":[77.7119,348.337,-1.01219],"pipPosition":[79.4132,313.063,-2.56594],"stabilizedTipPosition":[61.089,310.474,81.7366],"timeVisible":0.298234,"tipPosition":[82.7461,316.371,28.4499],"tipVelocity":[17.5914,-12.1171,-176.262],"tool":false,"touchDistance":0.333333,"touchZone":"none","type":4,"width":16.0532}],"r":[[0.967993,0.24786,0.039441],[-0.250786,0.961396,0.113243],[-0.00985007,-0.119509,0.992784]],"s":0.991405,"t":[35.4911,6.37925,-77.334],"timestamp":522214599675},false],[6,{"currentFrameRate":106.726,"devices":[],"gestures":[],"hands":[{"armBasis":[[0.851119,0.376809,-0.36553],[-0.419516,0.906773,-0.0420701],[0.3156,0.189152,0.929848]],"armWidth":63.703,"confidence":0.689772,"direction":[-0.282177,-0.105213,-0.953576],"elbow":[152.728,398.592,319.799],"grabStrength":0,"id":502,"palmNormal":[0.402515,-0.915234,-0.0181279],"palmPosition":[47.407,334.938,19.5399],"palmVelocity":[12.4757,-9.01284,-154.832],"palmWidth":90.9658,"pinchStrength":0.543052,"r":[[0.967151,0.250742,0.0417965],[-0.253939,0.96047,0.11407],[-0.0115422,-0.120937,0.992593]],"s":0.990352,"sphereCenter":[75.0998,299.995,-3.65558],"sphereRadius":51.6841,"stabilizedPalmPosition":[21.6836,331.023,84.1225],"t":[35.5421,6.31281,-78.636],"timeVisible":0.307378,"type":"right","wrist":[67.5385,347.534,68.8067]}],"id":4163428,"interactionBox":{"center":[0,200,0],"size":[235.247,235.247,147.751]},"pointables":[{"bases":[[[-0.0646597,0.954589,-0.290823],[-0.770731,0.137346,0.622181],[0.633871,0.264377,0.726851]],[[-0.238601,0.843223,-0.48171],[-0.880802,0.0209881,0.473019],[0.408971,0.537154,0.737705]],[[-0.238601,0.843223,-0.48171],[-0.967895,-0.166113,0.188641],[0.0790479,0.511255,0.855786]],[[-0.238601,0.843223,-0.48171],[-0.730545,-0.482669,-0.483048],[-0.639824,0.236655,0.731177]]],"btipPosition":[39.8969,277.157,-2.65235],"carpPosition":[48.0306,326.927,80.4407],"dipPosition":[24.9268,282.694,14.4553],"direction":[-0.0790479,-0.511255,-0.855786],"extended":false,"handId":502,"id":5020,"length":52.1025,"mcpPosition":[48.0306,326.927,80.4407],"pipPosition":[27.6212,300.121,43.626],"stabilizedTipPosition":[9.0294,275.956,73.5602],"timeVisible":0.307378,"tipPosition":[37.0473,279.035,1.33633],"tipVelocity":[41.3754,-29.4958,-167.826],"tool":false,"touchDistance":-0.233127,"touchZone":"hovering","type":0,"width":20.2446},{"bases":[[[0.811097,0.365757,-0.456447],[-0.461016,0.880035,-0.114031],[0.359982,0.30292,0.882413]],[[0.87111,0.424302,-0.247257],[-0.468721,0.868581,-0.160835],[0.14652,0.255999,0.955508]],[[0.87111,0.424302,-0.247257],[-0.488052,0.803888,-0.339954],[0.0545237,0.416811,0.907356]],[[0.87111,0.424302,-0.247257],[-0.490699,0.731996,-0.472648],[-0.0195544,0.533057,0.845853]]],"btipPosition":[10.412,294.377,-74.1447],"carpPosition":[44.1653,346.829,68.1702],"dipPosition":[10.078,303.482,-59.6966],"direction":[-0.0545237,-0.416811,-0.907356],"extended":true,"handId":502,"id":5021,"length":58.7918,"mcpPosition":[17.6887,324.549,3.26871],"pipPosition":[11.3955,313.554,-37.7713],"stabilizedTipPosition":[-13.6123,299.122,-23.0294],"timeVisible":0.307378,"tipPosition":[10.0725,297.548,-71.1391],"tipVelocity":[46.1424,-12.6853,-168.623],"tool":false,"touchDistance":-0.395901,"touchZone":"hovering","type":1,"width":19.3376},{"bases":[[[0.918902,0.2479,-0.306861],[-0.309238,0.935638,-0.170157],[0.244929,0.25125,0.93642]],[[0.923033,0.252243,-0.29049],[-0.290049,-0.0397947,-0.956184],[-0.25275,0.966845,0.0364308]],[[0.923033,0.252243,-0.29049],[0.214293,-0.964181,-0.156314],[-0.319514,0.0820333,-0.944024]],[[0.923033,0.252243,-0.29049],[0.36361,-0.818663,0.444498],[-0.125692,-0.515912,-0.84737]]],"btipPosition":[59.5865,295.848,37.5848],"carpPosition":[53.0459,352.602,61.898],"dipPosition":[57.2251,286.156,21.6652],"direction":[0.319514,-0.0820333,0.944024],"extended":false,"handId":502,"id":5022,"length":66.9886,"mcpPosition":[35.9623,335.078,-3.41673],"pipPosition":[48.1417,288.488,-5.17224],"stabilizedTipPosition":[38.8635,290.677,87.7013],"timeVisible":0.307378,"tipPosition":[59.1993,293.594,34.309],"tipVelocity":[22.9386,-27.3471,-187.536],"tool":false,"touchDistance":0.333333,"touchZone":"none","type":2,"width":18.9921},{"bases":[[[0.96561,0.210929,-0.152009],[-0.234831,0.958491,-0.161708],[0.11159,0.191843,0.975061]],[[0.959399,0.201809,-0.197047],[-0.188245,-0.0621126,-0.980156],[-0.210044,0.977453,-0.0216013]],[[0.959399,0.201809,-0.197047],[0.186407,-0.977965,-0.0940054],[-0.211676,0.0534577,-0.975877]],[[0.959399,0.201809,-0.197047],[0.274816,-0.82608,0.492004],[-0.0634854,-0.526179,-0.848]]],"btipPosition":[73.2393,308.942,39.9962],"carpPosition":[63.7971,356.268,57.2265],"dipPosition":[72.0534,299.113,24.1564],"direction":[0.211676,-0.0534577,0.975877],"extended":false,"handId":502,"id":5023,"length":64.4113,"mcpPosition":[56.809,344.254,-3.83502],"pipPosition":[66.1911,300.594,-2.87014],"stabilizedTipPosition":[51.3563,305.036,93.8273],"timeVisible":0.307378,"tipPosition":[73.033,307.184,36.7971],"tipVelocity":[17.5211,-12.5743,-168.099],"tool":false,"touchDistance":0.333333,"touchZone":"none","type":3,"width":18.0722},{"bases":[[[0.997474,0.070426,-0.00931179],[-0.070997,0.992788,-0.0965982],[0.0024416,0.0970153,0.99528]],[[0.9922,0.0603414,-0.10908],[-0.111788,0.0434716,-0.992781],[-0.0551639,0.997231,0.049878]],[[0.9922,0.0603414,-0.10908],[0.0427488,-0.986678,-0.156968],[-0.117099,0.151081,-0.981561]],[[0.9922,0.0603414,-0.10908],[0.103448,-0.886818,0.450391],[-0.0695573,-0.458162,-0.886143]]],"btipPosition":[83.1075,318.361,30.7539],"carpPosition":[77.8107,354.296,55.75],"dipPosition":[81.9089,310.466,15.4837],"direction":[0.117099,-0.151081,0.981561],"extended":false,"handId":502,"id":5024,"length":50.4973,"mcpPosition":[77.6692,348.672,-1.94612],"pipPosition":[79.6192,313.421,-3.7093],"stabilizedTipPosition":[61.0959,310.476,81.7193],"timeVisible":0.307378,"tipPosition":[82.9186,316.601,27.3447],"tipVelocity":[18.0481,-2.22301,-161.596],"tool":false,"touchDistance":0.333333,"touchZone":"none","type":4,"width":16.0532}],"r":[[0.967151,0.250742,0.0417965],[-0.253939,0.96047,0.11407],[-0.0115422,-0.120937,0.992593]],"s":0.99