{"sensorType":"Leap","data":[[0,{"currentFrameRate":106.711,"devices":[],"gestures":[],"hands":[{"armBasis":[[0.830085,0.432479,-0.352023],[-0.237842,0.84556,0.477974],[0.50437,-0.313034,0.804749]],"armWidth":63.7064,"confidence":0.361251,"direction":[-0.144994,0.331626,-0.932202],"elbow":[204.391,230.542,315.266],"grabStrength":0,"id":462,"palmNormal":[0.259009,-0.896582,-0.359241],"palmPosition":[54.2529,326.838,46.4871],"palmVelocity":[16.1216,35.6938,-164.785],"palmWidth":90.9705,"pinchStrength":0.521707,"r":[[0.957472,0.284315,0.0491098],[-0.279264,0.955995,-0.0899184],[-0.0725138,0.0723798,0.994738]],"s":1.12806,"sphereCenter":[69.4813,297.132,11.9943],"sphereRadius":49.6842,"stabilizedPalmPosition":[58.1432,299.823,132.239],"t":[-25.951,124.841,-164.84],"timeVisible":0.605699,"type":"right","wrist":[68.2399,315.043,98.0308]}],"id":4134878,"interactionBox":{"center":[0,200,0],"size":[235.247,235.247,147.751]},"pointables":[{"bases":[[[0.124303,0.984757,0.121664],[-0.827768,0.0353053,0.559958],[0.547127,-0.170314,0.819539]],[[-0.0718107,0.983144,-0.168143],[-0.859084,0.0246856,0.511238],[0.506771,0.181161,0.842831]],[[-0.0718107,0.983144,-0.168143],[-0.986665,-0.0453329,0.156322],[0.146064,0.177126,0.973289]],[[-0.0718107,0.983144,-0.168143],[-0.83279,-0.151874,-0.532349],[-0.548912,0.101799,0.829658]]],"btipPosition":[26.8885,278.4,3.94444],"carpPosition":[44.3153,295.861,98.5981],"dipPosition":[14.0448,280.782,23.3573],"direction":[-0.146064,-0.177126,-0.973289],"extended":false,"handId":462,"id":4620,"length":52.1052,"mcpPosition":[44.3153,295.861,98.5981],"pipPosition":[19.0239,286.82,56.5351],"stabilizedTipPosition":[21.5356,247.683,93.7845],"timeVisible":0.605699,"tipPosition":[23.9234,278.597,7.87413],"tipVelocity":[61.2887,51.6961,-202.858],"tool":false,"touchDistance":-0.535895,"touchZone":"hovering","type":0,"width":20.2457},{"bases":[[[0.917028,0.345051,-0.199997],[-0.301131,0.927847,0.220045],[0.261493,-0.141562,0.954768]],[[0.948646,0.314938,-0.0297541],[-0.304393,0.934377,0.185163],[0.0861163,-0.166597,0.982257]],[[0.948646,0.314938,-0.0297541],[-0.314698,0.949109,0.012537],[0.0321882,-0.00252966,0.999479]],[[0.948646,0.314938,-0.0297541],[-0.316136,0.940458,-0.124886],[-0.0113488,0.127879,0.991725]]],"btipPosition":[21.8841,334.749,-58.2187],"carpPosition":[45.4009,319.304,95.2925],"dipPosition":[21.6902,336.933,-41.2781],"direction":[-0.0321882,0.00252966,-0.999479],"extended":true,"handId":462,"id":4621,"length":58.7949,"mcpPosition":[26.167,329.716,25.0656],"pipPosition":[22.468,336.872,-17.1255],"stabilizedTipPosition":[22.6595,290.819,48.6073],"timeVisible":0.605699,"tipPosition":[21.8092,334.461,-53.8729],"tipVelocity":[34.945,99.5908,-167.096],"tool":false,"touchDistance":-0.536998,"touchZone":"hovering","type":1,"width":19.3387},{"bases":[[[0.981735,0.159488,-0.103728],[-0.135947,0.969491,0.203973],[0.133095,-0.186146,0.973466]],[[0.980271,0.161449,-0.114026],[-0.181506,0.506885,-0.842688],[-0.0782531,0.84676,0.526189]],[[0.980271,0.161449,-0.114026],[0.0591744,-0.790149,-0.610051],[-0.18859,0.591268,-0.784114]],[[0.980271,0.161449,-0.114026],[0.167692,-0.984699,0.0474024],[-0.104629,-0.0655886,-0.992346]]],"btipPosition":[57.7168,281.769,40.3466],"carpPosition":[55.9021,325.168,92.6691],"dipPosition":[55.7511,280.537,21.7024],"direction":[0.18859,-0.591268,0.784114],"extended":false,"handId":462,"id":4622,"length":66.9921,"mcpPosition":[46.6184,338.152,24.7668],"pipPosition":[50.3894,297.347,-0.590237],"stabilizedTipPosition":[57.5343,254.294,117.964],"timeVisible":0.605699,"tipPosition":[57.0989,281.575,35.0643],"tipVelocity":[48.2374,44.18,-195.085],"tool":false,"touchDistance":0.333333,"touchZone":"none","type":2,"width":18.9931},{"bases":[[[0.998057,0.0568153,0.0255767],[-0.0611473,0.97198,0.226969],[-0.0119647,-0.228092,0.973566]],[[0.997673,0.0663867,-0.0155158],[-0.0454316,0.477704,-0.877345],[-0.0508321,0.876009,0.479608]],[[0.997673,0.0663867,-0.0155158],[0.0461689,-0.825354,-0.562725],[-0.0501634,0.560699,-0.826499]],[[0.997673,0.0663867,-0.0155158],[0.0674507,-0.994264,0.0830035],[-0.00991644,-0.0838569,-0.996428]]],"btipPosition":[72.2641,289.333,49.8952],"carpPosition":[67.6695,328.143,90.7864],"dipPosition":[72.0789,287.767,31.2819],"direction":[0.0501634,-0.560699,0.826499],"extended":false,"handId":462,"id":4623,"length":64.4147,"mcpPosition":[68.4189,342.427,29.8153],"pipPosition":[70.6895,303.296,8.39117],"stabilizedTipPosition":[73.875,262.274,124.139],"timeVisible":0.605699,"tipPosition":[72.1949,289.012,44.5818],"tipVelocity":[40.5522,47.8983,-177.077],"tool":false,"touchDistance":0.333333,"touchZone":"none","type":3,"width":18.0732},{"bases":[[[0.986256,-0.131351,0.100229],[0.0940162,0.944989,0.313299],[-0.135867,-0.29957,0.944351]],[[0.991726,-0.116525,0.0538663],[0.108362,0.534901,-0.837937],[0.0688273,0.836841,0.543102]],[[0.991726,-0.116525,0.0538663],[-0.0587981,-0.785319,-0.616293],[0.114116,0.608027,-0.785672]],[[0.991726,-0.116525,0.0538663],[-0.117396,-0.992996,0.0132957],[0.0519398,-0.0195094,-0.99846]]],"btipPosition":[83.6066,300.385,48.3823],"carpPosition":[81.2898,324.155,89.7584],"dipPosition":[84.5017,300.048,31.1757],"direction":[-0.114116,-0.608027,0.785672],"extended":false,"handId":462,"id":4624,"length":50.4999,"mcpPosition":[89.1664,341.522,35.0117],"pipPosition":[86.7332,311.938,15.8122],"stabilizedTipPosition":[87.5414,272.436,126.074],"timeVisible":0.605699,"tipPosition":[84.0123,300.449,43.8637],"tipVelocity":[32.0469,53.4485,-171.535],"tool":false,"touchDistance":0.333333,"touchZone":"none","type":4,"width":16.054}],"r":[[0.957472,0.284315,0.0491098],[-0.279264,0.955995,-0.0899184],[-0.0725138,0.0723798,0.994738]],"s":1.12806,"t":[-25.951,124.841,-164.84],"timestamp":521727770292},false],[1,{"currentFrameRate":106.978,"devices":[],"gestures":[],"hands":[{"armBasis":[[0.832167,0.430551,-0.349462],[-0.238676,0.84694,0.475107],[0.500531,-0.31196,0.807558]],"armWidth":63.7064,"confidence":0.413071,"direction":[-0.142796,0.340709,-0.929261],"elbow":[203.453,230.731,314.918],"grabStrength":0,"id":462,"palmNormal":[0.257474,-0.893771,-0.367261],"palmPosition":[54.458,327.253,45.4728],"palmVelocity":[18.026,38.7124,-151.155],"palmWidth":90.9705,"pinchStrength":0.524824,"r":[[0.956345,0.287396,0.052996],[-0.282555,0.955617,-0.0834163],[-0.0746174,0.0648005,0.995105]],"s":1.1283,"sphereCenter":[69.5434,297.869,10.7615],"sphereRadius":49.6474,"stabilizedPalmPosition":[58.1429,299.826,132.232],"t":[-25.7635,125.186,-166.103],"timeVisible":0.614559,"type":"right","wrist":[68.3387,314.942,96.9244]}],"id":4134879,"interactionBox":{"center":[0,200,0],"size":[235.247,235.247,147.751]},"pointables":[{"bases":[[[0.126406,0.983277,0.131102],[-0.82854,0.0319787,0.559016],[0.545475,-0.179286,0.818726]],[[-0.0692897,0.984838,-0.159035],[-0.860128,0.0217784,0.509613],[0.50535,0.172101,0.845578]],[[-0.0692897,0.984838,-0.159035],[-0.986943,-0.0444373,0.154818],[0.145404,0.167686,0.975059]],[[-0.0692897,0.984838,-0.159035],[-0.827537,-0.145772,-0.542156],[-0.557119,0.0940415,0.825091]]],"btipPosition":[27.2274,279.306,2.53104],"carpPosition":[44.3687,295.811,97.2753],"dipPosition":[14.1917,281.506,21.837],"direction":[-0.145404,-0.167686,-0.975059],"extended":false,"handId":462,"id":4620,"length":52.1052,"mcpPosition":[44.3687,295.811,97.2753],"pipPosition":[19.1482,287.222,55.0751],"stabilizedTipPosition":[21.537,247.7,93.7393],"timeVisible":0.614559,"tipPosition":[24.1629,279.479,6.44096],"tipVelocity":[53.6958,64.1036,-191.869],"tool":false,"touchDistance":-0.532209,"touchZone":"hovering","type":0,"width":20.2457},{"bases":[[[0.918133,0.344769,-0.195362],[-0.29931,0.926441,0.228302],[0.259702,-0.151138,0.953788]],[[0.949437,0.312945,-0.025182],[-0.302552,0.933423,0.192828],[0.0838502,-0.17546,0.980909]],[[0.949437,0.312945,-0.025182],[-0.31247,0.949694,0.0210842],[0.0305134,-0.0121495,0.999461]],[[0.949437,0.312945,-0.025182],[-0.313707,0.942434,-0.115784],[-0.0125017,0.11783,0.992955]]],"btipPosition":[22.2863,336.215,-59.21],"carpPosition":[45.5138,319.281,94.1918],"dipPosition":[22.0727,338.228,-42.2484],"direction":[-0.0305134,0.0121495,-0.999461],"extended":true,"handId":462,"id":4621,"length":58.7949,"mcpPosition":[26.4117,330.398,24.037],"pipPosition":[22.8101,337.934,-18.0962],"stabilizedTipPosition":[22.6577,291.016,48.1603],"timeVisible":0.614559,"tipPosition":[22.1977,335.905,-54.8732],"tipVelocity":[37.6378,116.249,-151.989],"tool":false,"touchDistance":-0.526429,"touchZone":"hovering","type":1,"width":19.3387},{"bases":[[[0.982261,0.158159,-0.100744],[-0.134005,0.967847,0.212872],[0.131172,-0.195595,0.971873]],[[0.980801,0.160243,-0.111141],[-0.179095,0.514613,-0.838509],[-0.0771707,0.842315,0.533432]],[[0.980801,0.160243,-0.111141],[0.0582921,-0.784761,-0.617051],[-0.186098,0.598725,-0.779035]],[[0.980801,0.160243,-0.111141],[0.165359,-0.985486,0.0383867],[-0.103377,-0.0560278,-0.993063]]],"btipPosition":[57.835,282.228,38.9481],"carpPosition":[56.0327,325.145,91.6395],"dipPosition":[55.8927,281.176,20.2904],"direction":[0.186098,-0.598725,0.779035],"extended":false,"handId":462,"id":4622,"length":66.9921,"mcpPosition":[46.8831,338.789,23.8484],"pipPosition":[50.6019,298.198,-1.85778],"stabilizedTipPosition":[57.5343,254.303,117.939],"timeVisible":0.614559,"tipPosition":[57.2255,282.085,33.6765],"tipVelocity":[38.9456,47.5069,-185.089],"tool":false,"touchDistance":0.333333,"touchZone":"none","type":2,"width":18.9931},{"bases":[[[0.998146,0.0542377,0.0276149],[-0.0592346,0.969945,0.236003],[-0.0139847,-0.237201,0.97136]],[[0.997848,0.06419,-0.0133626],[-0.0427486,0.482406,-0.874904],[-0.0497139,0.873592,0.484112]],[[0.997848,0.06419,-0.0133626],[0.045291,-0.822181,-0.567422],[-0.0474093,0.565596,-0.823319]],[[0.997848,0.06419,-0.0133626],[0.0650195,-0.995023,0.0755154],[-0.00844875,-0.0762218,-0.997055]]],"btipPosition":[72.3773,289.701,48.772],"carpPosition":[67.8099,328.11,89.8026],"dipPosition":[72.2194,288.277,30.147],"direction":[0.0474093,-0.565596,0.823319],"extended":false,"handId":462,"id":4623,"length":64.4147,"mcpPosition":[68.6857,342.965,28.9697],"pipPosition":[70.9064,303.942,7.34433],"stabilizedTipPosition":[73.8745,262.283,124.113],"timeVisible":0.614559,"tipPosition":[72.3172,289.414,43.4466],"tipVelocity":[33.2181,47.1603,-163.529],"tool":false,"touchDistance":0.333333,"touchZone":"none","type":3,"width":18.0732},{"bases":[[[0.985794,-0.134594,0.100477],[0.0957334,0.941781,0.322309],[-0.138008,-0.308111,0.941287]],[[0.991026,-0.120524,0.0578121],[0.113588,0.531288,-0.839542],[0.0704703,0.838574,0.540211]],[[0.991026,-0.120524,0.0578121],[-0.0596252,-0.785652,-0.615789],[0.119638,0.606815,-0.785787]],[[0.991026,-0.120524,0.0578121],[-0.121157,-0.992605,0.00756131],[0.0564732,-0.0144978,-0.998299]]],"btipPosition":[83.6191,300.701,47.6608],"carpPosition":[81.4223,324.1,88.7577],"dipPosition":[84.5923,300.451,30.457],"direction":[-0.119638,-0.606815,0.785787],"extended":false,"handId":462,"id":4624,"length":50.4999,"mcpPosition":[89.423,341.962,34.1886],"pipPosition":[86.9318,312.317,15.0913],"stabilizedTipPosition":[87.5399,272.447,126.041],"timeVisible":0.614559,"tipPosition":[84.0635,300.798,43.0231],"tipVelocity":[24.295,49.2524,-147.1],"tool":false,"touchDistance":0.333333,"touchZone":"none","type":4,"width":16.054}],"r":[[0.956345,0.287396,0.052996],[-0.282555,0.955617,-0.0834163],[-0.0746174,0.0648005,0.995105]],"s":1.1283,"t":[-25.7635,125.186,-166.103],"timestamp":521727779152},false],[2,{"currentFrameRate":107.03,"devices":[],"gestures":[],"hands":[{"armBasis":[[0.834171,0.427567,-0.348345],[-0.237639,0.848643,0.47258],[0.497681,-0.311433,0.809521]],"armWidth":63.7064,"confidence":0.462331,"direction":[-0.141385,0.345004,-0.927891],"elbow":[202.868,230.847,314.667],"grabStrength":0,"id":462,"palmNormal":[0.255099,-0.892955,-0.370884],"palmPosition":[54.7017,327.482,44.7369],"palmVelocity":[20.3649,34.7945,-131.039],"palmWidth":90.9705,"pinchStrength":0.5269,"r":[[0.955589,0.289245,0.0564503],[-0.284643,0.9555,-0.0774472],[-0.0763394,0.0579395,0.995397]],"s":1.12851,"sphereCenter":[69.5901,298.221,9.94802],"sphereRadius":49.607,"stabilizedPalmPosition":[58.1426,299.828,132.224],"t":[-25.5478,125.473,-167.102],"timeVisible":0.623808,"type":"right","wrist":[68.5229,314.916,96.1428]}],"id":4134880,"interactionBox":{"center":[0,200,0],"size":[235.247,235.247,147.751]},"pointables":[{"bases":[[[0.129146,0.982355,0.135279],[-0.82871,0.0319998,0.558763],[0.544575,-0.184269,0.818219]],[[-0.0662165,0.985746,-0.154659],[-0.860502,0.0220517,0.508969],[0.505125,0.166787,0.846777]],[[-0.0662165,0.985746,-0.154659],[-0.987101,-0.0420712,0.154473],[0.145765,0.162893,0.975817]],[[-0.0662165,0.985746,-0.154659],[-0.821936,-0.141765,-0.551655],[-0.565717,0.0905914,0.819608]]],"btipPosition":[27.5572,279.856,1.70093],"carpPosition":[44.4983,295.853,96.4026],"dipPosition":[14.3202,281.976,20.8786],"direction":[-0.145765,-0.162893,-0.975817],"extended":false,"handId":462,"id":4620,"length":52.1052,"mcpPosition":[44.4983,295.853,96.4026],"pipPosition":[19.2891,287.529,54.1426],"stabilizedTipPosition":[21.5389,247.72,93.6842],"timeVisible":0.623808,"tipPosition":[24.3884,280.014,5.58504],"tipVelocity":[47.2196,62.2553,-164.071],"tool":false,"touchDistance":-0.520216,"touchZone":"hovering","type":0,"width":20.2457},{"bases":[[[0.919204,0.342964,-0.193492],[-0.296776,0.926326,0.232043],[0.258819,-0.155872,0.953266]],[[0.950364,0.310278,-0.0231575],[-0.300109,0.933768,0.194964],[0.0821167,-0.178337,0.980537]],[[0.950364,0.310278,-0.0231575],[-0.309734,0.950512,0.024324],[0.0295587,-0.015944,0.999436]],[[0.950364,0.310278,-0.0231575],[-0.310878,0.94387,-0.111644],[-0.0127831,0.113302,0.993478]]],"btipPosition":[22.6515,336.907,-59.9378],"carpPosition":[45.7118,319.332,93.418],"dipPosition":[22.4332,338.842,-42.9673],"direction":[-0.0295587,0.015944,-0.999436],"extended":true,"handId":462,"id":4621,"length":58.7949,"mcpPosition":[26.6746,330.797,23.3015],"pipPosition":[23.1475,338.457,-18.8157],"stabilizedTipPosition":[22.6574,291.304,47.512],"timeVisible":0.623808,"tipPosition":[22.5436,336.635,-55.6137],"tipVelocity":[38.1252,104.05,-131.33],"tool":false,"touchDistance":-0.513006,"touchZone":"touching","type":1,"width":19.3387},{"bases":[[[0.982755,0.155777,-0.0996273],[-0.131347,0.967325,0.216863],[0.130154,-0.200038,0.971105]],[[0.981283,0.157942,-0.110175],[-0.17721,0.516694,-0.83763],[-0.07537,0.841476,0.535012]],[[0.981283,0.157942,-0.110175],[0.0566392,-0.783528,-0.618769],[-0.184054,0.600947,-0.777809]],[[0.981283,0.157942,-0.110175],[0.162669,-0.98605,0.0352742],[-0.103066,-0.052536,-0.993286]]],"btipPosition":[57.9711,282.481,38.1504],"carpPosition":[56.2486,325.177,90.8951],"dipPosition":[56.0347,281.494,19.4886],"direction":[0.184054,-0.600947,0.777809],"extended":false,"handId":462,"id":4622,"length":66.9921,"mcpPosition":[47.1699,339.13,23.1575],"pipPosition":[50.802,298.579,-2.62478],"stabilizedTipPosition":[57.5343,254.311,117.913],"timeVisible":0.623808,"tipPosition":[57.3653,282.353,32.8807],"tipVelocity":[32.1793,42.2963,-157.344],"tool":false,"touchDistance":0.333333,"touchZone":"none","type":2,"width":18.9931},{"bases":[[[0.998283,0.0512746,0.028302],[-0.0565815,0.969113,0.240037],[-0.01512,-0.241227,0.970351]],[[0.998034,0.0613901,-0.0125966],[-0.0409174,0.486084,-0.872954],[-0.0474677,0.871753,0.487641]],[[0.998034,0.0613901,-0.0125966],[0.0431966,-0.81951,-0.571435],[-0.0454035,0.569768,-0.820551]],[[0.998034,0.0613901,-0.0125966],[0.0621263,-0.995595,0.0702216],[-0.00823018,-0.0708661,-0.997452]]],"btipPosition":[72.5135,289.825,47.8818],"carpPosition":[68.035,328.115,89.0761],"dipPosition":[72.3598,288.501,29.2494],"direction":[0.0454035,-0.569768,0.820551],"extended":false,"handId":462,"id":4623,"length":64.4147,"mcpPosition":[68.9819,343.223,28.3063],"pipPosition":[71.1023,304.281,6.52336],"stabilizedTipPosition":[73.8741,262.292,124.088],"timeVisible":0.623808,"tipPosition":[72.4552,289.578,42.5845],"tipVelocity":[28.0523,38.3752,-144.676],"tool":false,"touchDistance":0.333333,"touchZone":"none","type":3,"width":18.0732},{"bases":[[[0.985358,-0.137825,0.100367],[0.0982648,0.940146,0.326296],[-0.139331,-0.311656,0.939924]],[[0.990078,-0.125452,0.0632969],[0.11976,0.517748,-0.84711],[0.0734999,0.846285,0.527635]],[[0.990078,-0.125452,0.0632969],[-0.0617002,-0.792846,-0.60629],[0.126245,0.596369,-0.792721]],[[0.990078,-0.125452,0.0632969],[-0.126371,-0.991925,0.0107164],[0.0614414,-0.018609,-0.997937]]],"btipPosition":[83.588,300.88,47.5767],"carpPosition":[81.6365,324.071,88.0206],"dipPosition":[84.6468,300.559,30.3791],"direction":[-0.126245,-0.596369,0.792721],"extended":false,"handId":462,"id":4624,"length":50.4999,"mcpPosition":[89.7139,342.139,33.5306],"pipPosition":[87.1155,312.221,14.8778],"stabilizedTipPosition":[87.5383,272.46,126.004],"timeVisible":0.623808,"tipPosition":[84.0835,300.958,42.7705],"tipVelocity":[17.1216,40.3547,-108.279],"tool":false,"touchDistance":0.333333,"touchZone":"none","type":4,"width":16.054}],"r":[[0.955589,0.289245,0.0564503],[-0.284643,0.9555,-0.0774472],[-0.0763394,0.0579395,0.995397]],"s":1.12851,"t":[-25.5478,125.473,-167.102],"timestamp":521727788401},false],[3,{"currentFrameRate":107.314,"devices":[],"gestures":[],"hands":[{"armBasis":[[0.835353,0.422869,-0.351236],[-0.23286,0.850992,0.470732],[0.497957,-0.311438,0.809348]],"armWidth":63.7064,"confidence":0.509746,"direction":[-0.140061,0.347111,-0.927306],"elbow":[203.186,230.744,313.577],"grabStrength":0,"id":462,"palmNormal":[0.249531,-0.893935,-0.372309],"palmPosition":[54.9801,327.532,43.7222],"palmVelocity":[23.3986,26.9566,-126.803],"palmWidth":90.9705,"pinchStrength":0.528847,"r":[[0.95533,0.289561,0.059153],[-0.285202,0.955732,-0.0723685],[-0.0774895,0.0522653,0.995622]],"s":1.12818,"sphereCenter":[69.5726,298.202,8.89488],"sphereRadius":49.5488,"stabilizedPalmPosition":[58.1423,299.83,132.216],"t":[-25.3008,125.641,-168.108],"timeVisible":0.632608,"type":"right","wrist":[68.7664,314.814,95.0999]}],"id":4134881,"interactionBox":{"center":[0,200,0],"size":[235.247,235.247,147.751]},"pointables":[{"bases":[[[0.135053,0.981387,0.136527],[-0.828074,0.0361253,0.559454],[0.544109,-0.18861,0.81754]],[[-0.0603988,0.986365,-0.153091],[-0.860126,0.0263936,0.509398],[0.506493,0.162445,0.846804]],[[-0.0603988,0.986365,-0.153091],[-0.987225,-0.0363754,0.155122],[0.147439,0.160505,0.975961]],[[-0.0603988,0.986365,-0.153091],[-0.817595,-0.13687,-0.55929],[-0.572617,0.0913862,0.814714]]],"btipPosition":[27.7248,280.176,0.758884],"carpPosition":[44.6298,295.893,95.3523],"dipPosition":[14.3264,282.314,19.822],"direction":[-0.147439,-0.160505,-0.975961],"extended":false,"handId":462,"id":4620,"length":52.1052,"mcpPosition":[44.6298,295.893,95.3523],"pipPosition":[19.3523,287.785,53.0909],"stabilizedTipPosition":[21.5409,247.742,93.6273],"timeVisible":0.632608,"tipPosition":[24.4618,280.345,4.62053],"tipVelocity":[38.494,55.391,-149.517],"tool":false,"touchDistance":-0.511053,"touchZone":"hovering","type":0,"width":20.2457},{"bases":[[[0.921065,0.337793,-0.193739],[-0.291118,0.927743,0.233547],[0.25863,-0.158711,0.952849]],[[0.952178,0.304653,-0.02331],[-0.294549,0.935521,0.195043],[0.0812276,-0.17885,0.980518]],[[0.952178,0.304653,-0.02331],[-0.304079,0.952313,0.0252325],[0.0298856,-0.0169378,0.99941]],[[0.952178,0.304653,-0.02331],[-0.305328,0.94587,-0.110024],[-0.0114708,0.111879,0.993656]]],"btipPosition":[22.9412,337.222,-60.9277],"carpPosition":[45.9797,319.368,92.3989],"dipPosition":[22.7453,339.133,-43.9541],"direction":[-0.0298856,0.0169378,-0.99941],"extended":true,"handId":462,"id":4621,"length":58.7949,"mcpPosition":[26.9565,331.042,22.3132],"pipPosition":[23.4675,338.724,-19.8032],"stabilizedTipPosition":[22.659,291.624,46.7913],"timeVisible":0.632608,"tipPosition":[22.8233,337,-56.6152],"tipVelocity":[36.8812,85.5094,-126.232],"tool":false,"touchDistance":-0.504876,"touchZone":"touching","type":1,"width":19.3387},{"bases":[[[0.983581,0.150105,-0.10018],[-0.125461,0.967785,0.218294],[0.12972,-0.202141,0.970727]],[[0.982094,0.152321,-0.110858],[-0.174761,0.516854,-0.838045],[-0.0703544,0.842413,0.534219]],[[0.982094,0.152321,-0.110858],[0.0518793,-0.784363,-0.618129],[-0.181107,0.60131,-0.77822]],[[0.982094,0.152321,-0.110858],[0.157034,-0.986971,0.0350561],[-0.104074,-0.0518369,-0.993218]]],"btipPosition":[57.9952,282.537,37.2062],"carpPosition":[56.5489,325.154,89.8759],"dipPosition":[56.0398,281.563,18.5456],"direction":[0.181107,-0.60131,0.77822],"extended":false,"handId":462,"id":4622,"length":66.9921,"mcpPosition":[47.5005,339.254,22.1646],"pipPosition":[50.8909,298.658,-3.57946],"stabilizedTipPosition":[57.5343,254.318,117.891],"timeVisible":0.632608,"tipPosition":[57.3868,282.406,31.9379],"tipVelocity":[24.1128,32.6959,-143.854],"tool":false,"touchDistance":0.333333,"touchZone":"none","type":2,"width":18.9931},{"bases":[[[0.998591,0.0453368,0.027593],[-0.0506686,0.969099,0.241412],[-0.0157955,-0.24247,0.97003]],[[0.998372,0.0554873,-0.0131998],[-0.0388145,0.491403,-0.870067],[-0.0417913,0.869163,0.492757]],[[0.998372,0.0554873,-0.0131998],[0.0376451,-0.814923,-0.578345],[-0.0428476,0.576906,-0.815686]],[[0.998372,0.0554873,-0.0131998],[0.0562053,-0.996475,0.0622801],[-0.0096975,-0.0629206,-0.997971]]],"btipPosition":[72.575,289.583,46.524],"carpPosition":[68.3511,328.026,88.0517],"dipPosition":[72.3938,288.407,27.8818],"direction":[0.0428476,-0.576906,0.815686],"extended":false,"handId":462,"id":4623,"length":64.4147,"mcpPosition":[69.3403,343.211,27.302],"pipPosition":[71.2071,304.385,5.29056],"stabilizedTipPosition":[73.8737,262.298,124.069],"timeVisible":0.632608,"tipPosition":[72.5107,289.428,41.4032],"tipVelocity":[22.1829,21.6647,-147.337],"tool":false,"touchDistance":0.333333,"touchZone":"none","type":3,"width":18.0732},{"bases":[[[0.984604,-0.143782,0.0994079],[0.10407,0.939099,0.32751],[-0.140444,-0.312122,0.939604]],[[0.988865,-0.132922,0.0669156],[0.126682,0.51594,-0.847206],[0.0780881,0.846249,0.527034]],[[0.988865,-0.132922,0.0669156],[-0.0655189,-0.792601,-0.606211],[0.133616,0.595076,-0.792484]],[[0.988865,-0.132922,0.0669156],[-0.133853,-0.990955,0.00959918],[0.0650344,-0.0184491,-0.997712]]],"btipPosition":[83.5754,300.762,46.5675],"carpPosition":[81.9276,323.903,86.9801],"dipPosition":[84.6961,300.444,29.3738],"direction":[-0.133616,-0.595076,0.792484],"extended":false,"handId":462,"id":4624,"length":50.4999,"mcpPosition":[90.0695,341.997,32.5086],"pipPosition":[87.309,312.081,13.8771],"stabilizedTipPosition":[87.537,272.47,125.975],"timeVisible":0.632608,"tipPosition":[84.1134,300.832,41.7877],"tipVelocity":[12.5589,25.8994,-109.976],"tool":false,"touchDistance":0.333333,"touchZone":"none","type":4,"width":16.054}],"r":[[0.95533,0.289561,0.059153],[-0.285202,0.955732,-0.0723685],[-0.0774895,0.0522653,0.995622]],"s":1.12818,"t":[-25.3008,125.641,-168.108],"timestamp":521727797201},false],[4,{"currentFrameRate":107.473,"devices":[],"gestures":[],"hands":[{"armBasis":[[0.838144,0.417278,-0.351274],[-0.22553,0.851499,0.473377],[0.496639,-0.317536,0.807788]],"armWidth":63.7064,"confidence":0.544406,"direction":[-0.137178,0.346729,-0.92788],"elbow":[203.025,229.283,311.797],"grabStrength":0,"id":462,"palmNormal":[0.242595,-0.896448,-0.370849],"palmPosition":[55.2833,327.743,42.3406],"palmVelocity":[26.2131,25.9824,-134.072],"palmWidth":90.9705,"pinchStrength":0.534461,"r":[[0.955571,0.288326,0.0612608],[-0.284153,0.95632,-0.0686182],[-0.0783694,0.048162,0.99576]],"s":1.12736,"sphereCenter":[69.5534,298.196,7.58214],"sphereRadius":49.4831,"stabilizedPalmPosition":[58.1421,299.833,132.208],"t":[-25.0257,125.831,-169.303],"timeVisible":0.641624,"type":"right","wrist":[68.9607,314.999,93.741]}],"id":4134882,"interactionBox":{"center":[0,200,0],"size":[235.247,235.247,147.751]},"pointables":[{"bases":[[[0.142703,0.980515,0.135001],[-0.827864,0.0434881,0.559241],[0.542473,-0.191568,0.817939]],[[-0.0529386,0.986483,-0.155079],[-0.860163,0.0338402,0.508895],[0.507264,0.160333,0.846745]],[[-0.0529386,0.986483,-0.155079],[-0.987543,-0.0286739,0.154714],[0.148176,0.161337,0.975712]],[[-0.0529386,0.986483,-0.155079],[-0.811733,-0.132961,-0.568692],[-0.581625,0.0957766,0.807799]]],"btipPosition":[27.9189,280.525,-0.401463],"carpPosition":[44.6768,296.267,94.0187],"dipPosition":[14.3097,282.766,18.4999],"direction":[-0.148176,-0.161337,-0.975712],"extended":false,"handId":462,"id":4620,"length":52.1052,"mcpPosition":[44.6768,296.267,94.0187],"pipPosition":[19.3608,288.266,51.7603],"stabilizedTipPosition":[21.543,247.764,93.5679],"timeVisible":0.641624,"tipPosition":[24.5395,280.748,3.4223],"tipVelocity":[32.3506,51.5259,-144.927],"tool":false,"touchDistance":-0.506245,"touchZone":"hovering","type":0,"width":20.2457},{"bases":[[[0.923714,0.33027,-0.1941],[-0.283891,0.93036,0.232026],[0.257214,-0.159222,0.953147]],[[0.954562,0.297096,-0.0233395],[-0.287454,0.938579,0.190891],[0.078619,-0.175508,0.981334]],[[0.954562,0.297096,-0.0233395],[-0.296623,0.954747,0.0217316],[0.0287397,-0.0138211,0.999491]],[[0.954562,0.297096,-0.0233395],[-0.297794,0.947943,-0.112798],[-0.0113873,0.114623,0.993344]]],"btipPosition":[23.4148,337.353,-62.3517],"carpPosition":[46.2108,319.727,91.0285],"dipPosition":[23.2203,339.311,-45.3835],"direction":[-0.0287397,0.0138211,-0.999491],"extended":true,"handId":462,"id":4621,"length":58.7949,"mcpPosition":[27.2918,331.438,20.9209],"pipPosition":[23.9148,338.977,-21.2306],"stabilizedTipPosition":[22.664,291.947,46.0561],"timeVisible":0.641624,"tipPosition":[23.2693,337.243,-58.0548],"tipVelocity":[41.1947,66.3086,-134.991],"tool":false,"touchDistance":-0.504101,"touchZone":"touching","type":1,"width":19.3387},{"bases":[[[0.984743,0.142246,-0.100233],[-0.117923,0.969081,0.21674],[0.127965,-0.201614,0.97107]],[[0.98327,0.144464,-0.110949],[-0.170601,0.516912,-0.838867],[-0.0638349,0.843761,0.53291]],[[0.98327,0.144464,-0.110949],[0.0458,-0.78561,-0.617025],[-0.176301,0.601621,-0.779083]],[[0.98327,0.144464,-0.110949],[0.149285,-0.988124,0.0364024],[-0.104373,-0.0523564,-0.993159]]],"btipPosition":[57.9489,282.708,35.8912],"carpPosition":[56.8254,325.426,88.4983],"dipPosition":[55.9879,281.724,17.2318],"direction":[0.176301,-0.601621,0.779083],"extended":false,"handId":462,"id":4622,"length":66.9921,"mcpPosition":[47.8995,339.489,20.7632],"pipPosition":[50.9757,298.828,-4.91783],"stabilizedTipPosition":[57.5343,254.324,117.873],"timeVisible":0.641624,"tipPosition":[57.3416,282.576,30.6366],"tipVelocity":[16.0318,28.8555,-144.394],"tool":false,"touchDistance":0.333333,"touchZone":"none","type":2,"width":18.9931},{"bases":[[[0.99891,0.037566,0.0277085],[-0.0431267,0.969847,0.23987],[-0.017862,-0.240804,0.970409]],[[0.998779,0.0476391,-0.0130429],[-0.0347244,0.489454,-0.871337],[-0.0351259,0.870727,0.490511]],[[0.998779,0.0476391,-0.0130429],[0.0313993,-0.816239,-0.576861],[-0.0381273,0.575747,-0.816738]],[[0.998779,0.0476391,-0.0130429],[0.0483731,-0.996817,0.063371],[-0.00998246,-0.0639246,-0.997905]]],"btipPosition":[72.5801,289.636,45.2485],"carpPosition":[68.65,328.202,86.6718],"dipPosition":[72.3937,288.442,26.6077],"direction":[0.0381273,-0.575747,0.816738],"extended":false,"handId":462,"id":4623,"length":64.4147,"mcpPosition":[69.7686,343.283,25.8984],"pipPosition":[71.3377,304.388,3.98722],"stabilizedTipPosition":[73.8735,262.303,124.054],"timeVisible":0.641624,"tipPosition":[72.5163,289.482,40.1357],"tipVelocity":[16.2037,17.2008,-145.713],"tool":false,"touchDistance":0.333333,"touchZone":"none","type":3,"width":18.0732},{"bases":[[[0.983431,-0.151324,0.0998196],[0.111358,0.938773,0.326045],[-0.143046,-0.309527,0.94007]],[[0.987298,-0.141919,0.0714206],[0.135314,0.515546,-0.84611],[0.0832585,0.845027,0.528202]],[[0.987298,-0.141919,0.0714206],[-0.0697449,-0.791053,-0.607758],[0.14275,0.595057,-0.790904]],[[0.987298,-0.141919,0.0714206],[-0.142863,-0.989708,0.00826371],[0.0695128,-0.0183621,-0.997412]]],"btipPosition":[83.5541,300.723,45.0923],"carpPosition":[82.194,323.971,85.6092],"dipPosition":[84.7521,300.406,27.9038],"direction":[-0.14275,-0.595057,0.790904],"extended":false,"handId":462,"id":4624,"length":50.4999,"mcpPosition":[90.4868,341.915,31.1108],"pipPosition":[87.5435,312.042,12.438],"stabilizedTipPosition":[87.536,272.477,125.952],"timeVisible":0.641624,"tipPosition":[84.1326,300.791,40.4129],"tipVelocity":[8.99819,17.5805,-124.692],"tool":false,"touchDistance":0.333333,"touchZone":"none","type":4,"width":16.054}],"r":[[0.955571,0.288326,0.0612608],[-0.284153,0.95632,-0.0686182],[-0.0783694,0.048162,0.99576]],"s":1.12736,"t":[-25.0257,125.831,-169.303],"timestamp":521727806217},false],[5,{"currentFrameRate":107.606,"devices":[],"gestures":[],"hands":[{"armBasis":[[0.837952,0.41827,-0.350553],[-0.226217,0.850766,0.474366],[0.496651,-0.318195,0.807521]],"armWidth":63.7064,"confidence":0.575819,"direction":[-0.135599,0.346271,-0.928283],"elbow":[203.192,229.408,310.654],"grabStrength":0,"id":462,"palmNormal":[0.243439,-0.896569,-0.370001],"palmPosition":[55.536,328.02,41.2392],"palmVelocity":[26.6844,27.2536,-130.652],"palmWidth":90.9705,"pinchStrength":0.537827,"r":[[0.955726,0.287377,0.0632565],[-0.283333,0.956761,-0.0658051],[-0.0794322,0.044969,0.995825]],"s":1.1268,"sphereCenter":[69.7416,298.437,6.5581],"sphereRadius":49.4403,"stabilizedPalmPosition":[58.1419,299.835,132.2],"t":[-24.7618,126.064,-170.451],"timeVisible":0.650676,"type":"right","wrist":[69.1246,315.302,92.6697]}],"id":4134883,"interactionBox":{"center":[0,200,0],"size":[235.247,235.247,147.751]},"pointables":[{"bases":[[[0.142261,0.980607,0.1348],[-0.828867,0.0435758,0.557747],[0.541057,-0.191077,0.818992]],[[-0.052789,0.986422,-0.155517],[-0.860919,0.0339556,0.507607],[0.505995,0.160684,0.847437]],[[-0.052789,0.986422,-0.155517],[-0.987685,-0.0286063,0.153816],[0.147279,0.161722,0.975784]],[[-0.052789,0.986422,-0.155517],[-0.805752,-0.13407,-0.576879],[-0.589896,0.0948553,0.801888]]],"btipPosition":[28.3737,280.814,-1.40595],"carpPosition":[44.8441,296.566,92.9129],"dipPosition":[14.5709,283.034,17.3571],"direction":[-0.147279,-0.161722,-0.975784],"extended":false,"handId":462,"id":4620,"length":52.1052,"mcpPosition":[44.8441,296.566,92.9129],"pipPosition":[19.5914,288.547,50.6199],"stabilizedTipPosition":[21.5456,247.787,93.5046],"timeVisible":0.650676,"tipPosition":[24.9317,281.036,2.38064],"tipVelocity":[35.9282,45.9848,-136.526],"tool":false,"touchDistance":-0.499498,"touchZone":"touching","type":0,"width":20.2457},{"bases":[[[0.92399,0.330371,-0.192609],[-0.284495,0.930409,0.231089],[0.25555,-0.158727,0.953677]],[[0.954575,0.2972,-0.0214014],[-0.288167,0.939058,0.18743],[0.0758014,-0.172749,0.982045]],[[0.954575,0.2972,-0.0214014],[-0.296817,0.954738,0.0193471],[0.0261827,-0.012116,0.999584]],[[0.954575,0.2972,-0.0214014],[-0.297657,0.947822,-0.114164],[-0.0136447,0.115348,0.993231]]],"btipPosition":[23.9264,337.442,-63.5355],"carpPosition":[46.3786,320.024,89.9146],"dipPosition":[23.6933,339.412,-46.5692],"direction":[-0.0261827,0.012116,-0.999584],"extended":true,"handId":462,"id":4621,"length":58.7949,"mcpPosition":[27.5819,331.699,19.768],"pipPosition":[24.326,339.12,-22.414],"stabilizedTipPosition":[22.6718,292.244,45.3726],"timeVisible":0.650676,"tipPosition":[23.7496,337.416,-59.2525],"tipVelocity":[45.1496,50.8143,-133.841],"tool":false,"touchDistance":-0.499787,"touchZone":"touching","type":1,"width":19.3387},{"bases":[[[0.984891,0.142404,-0.0985472],[-0.118508,0.969157,0.216081],[0.126278,-0.201137,0.971389]],[[0.983426,0.144632,-0.109343],[-0.169301,0.516656,-0.839288],[-0.064895,0.843889,0.532579]],[[0.983426,0.144632,-0.109343],[0.0468744,-0.785369,-0.61725],[-0.175149,0.601894,-0.779132]],[[0.983426,0.144632,-0.109343],[0.149329,-0.988131,0.0360269],[-0.102834,-0.0517579,-0.993351]]],"btipPosition":[58.2271,282.948,34.7922],"carpPosition":[56.9965,325.725,87.4006],"dipPosition":[56.295,281.975,16.1291],"direction":[0.175149,-0.601894,0.779132],"extended":false,"handId":462,"id":4622,"length":66.9921,"mcpPosition":[48.1882,339.755,19.6432],"pipPosition":[51.3155,299.088,-6.02185],"stabilizedTipPosition":[57.5343,254.329,117.858],"timeVisible":0.650676,"tipPosition":[57.6309,282.827,29.5718],"tipVelocity":[20.2896,28.2931,-138.078],"tool":false,"touchDistance":0.333333,"touchZone":"none","type":2,"width":18.9931},{"bases":[[[0.998851,0.0377858,0.029468],[-0.0437535,0.969949,0.239343],[-0.0195387,-0.240358,0.970488]],[[0.998803,0.0477182,-0.0107926],[-0.0323845,0.479509,-0.876939],[-0.0366708,0.876239,0.48048]],[[0.998803,0.0477182,-0.0107926],[0.0331733,-0.82271,-0.567492],[-0.0359589,0.566455,-0.823308]],[[0.998803,0.0477182,-0.0107926],[0.048363,-0.996332,0.0706007],[-0.00738406,-0.0710382,-0.997446]]],"btipPosition":[72.8193,290.052,44.7872],"carpPosition":[68.8237,328.503,85.5939],"dipPosition":[72.6814,288.725,26.1549],"direction":[0.0359589,-0.566455,0.823308],"extended":false,"handId":462,"id":4623,"length":64.4147,"mcpPosition":[70.0474,343.555,24.8155],"pipPosition":[71.6855,304.414,3.35247],"stabilizedTipPosition":[73.8733,262.307,124.041],"timeVisible":0.650676,"tipPosition":[72.7733,289.827,39.5534],"tipVelocity":[19.3639,24.2127,-119.51],"tool":false,"touchDistance":0.333333,"touchZone":"none","type":3,"width":18.0732},{"bases":[[[0.983283,-0.151074,0.101639],[0.110584,0.938947,0.325807],[-0.144655,-0.309121,0.939957]],[[0.986793,-0.142771,0.0765214],[0.140199,0.516142,-0.844951],[0.0811387,0.84452,0.529342]],[[0.986793,-0.142771,0.0765214],[-0.0670338,-0.789974,-0.609465],[0.147464,0.596286,-0.789112]],[[0.986793,-0.142771,0.0765214],[-0.143649,-0.98961,0.00606181],[0.0748609,-0.016974,-0.99705]]],"btipPosition":[83.7145,300.972,43.9653],"carpPosition":[82.3705,324.274,84.5573],"dipPosition":[85.0045,300.679,26.7831],"direction":[-0.147464,-0.596286,0.789111],"extended":false,"handId":462,"id":4624,"length":50.4999,"mcpPosition":[90.7565,342.194,30.0654],"pipPosition":[87.8882,312.339,11.3523],"stabilizedTipPosition":[87.5353,272.483,125.935],"timeVisible":0.650676,"tipPosition":[84.3305,301.049,39.357],"tipVelocity":[12.0488,20.4865,-124.595],"tool":false,"touchDistance":0.333333,"touchZone":"none","type":4,"width":16.054}],"r":[[0.955726,0.287377,0.0632565],[-0.283333,0.956761,-0.0658051],[-0.0794322,0.044969,0.995825]],"s":1.1268,"t":[-24.7618,126.064,-170.451],"timestamp":521727815269},false],[6,{"currentFrameRate":107.609,"devices":[],"gestures":[],"hands":[{"armBasis":[[0.838837,0.417693,-0.349122],[-0.227493,0.851597,0.47226],[0.494571,-0.316726,0.809373]],"armWidth":63.7064,"confidence":0.607281,"direction":[-0.134477,0.346952,-0.928192],"elbow":[202.866,229.895,310.511],"grabStrength":0,"id":462,"palmNormal":[0.244138,-0.896226,-0.370373],"palmPosition":[55.8353,328.147,40.5889],"palmVelocity":[28.2472,23.4168,-113.56],"palmWidth":90.9705,"pinchStrength":0.541189,"r":[[0.955818,0.286649,0.0651432],[-0.282708,0.957103,-0.0634793],[-0.0805451,0.0422581,0.995855]],"s":1.12618,"sphereCenter":[69.9828,298.557,5.93022],"sphereRadius":49.3938,"stabilizedPalmPosition":[58.1416,299.838,132.191],"t":[-24.4802,126.244,-171.35],"timeVisible":0.659962,"type":"right","wrist":[69.3602,315.393,92.0272]}],"id":4134884,"interactionBox":{"center":[0,200,0],"size":[235.247,235.247,147.751]},"pointables":[{"bases":[[[0.141846,0.980538,0.135739],[-0.829601,0.0429457,0.556702],[0.540038,-0.191575,0.819547]],[[-0.0522934,0.986679,-0.154043],[-0.861372,0.033482,0.506871],[0.505277,0.159194,0.848147]],[[-0.0522934,0.986679,-0.154043],[-0.987779,-0.0284261,0.153248],[0.146828,0.160175,0.976107]],[[-0.0522934,0.986679,-0.154043],[-0.799047,-0.133865,-0.586177],[-0.59899,0.0924347,0.795404]]],"btipPosition":[28.8775,281.083,-1.98908],"carpPosition":[45.0839,296.65,92.2245],"dipPosition":[14.862,283.245,16.6223],"direction":[-0.146828,-0.160175,-0.976107],"extended":false,"handId":462,"id":4620,"length":52.1052,"mcpPosition":[45.0839,296.65,92.2245],"pipPosition":[19.8671,288.705,49.8961],"stabilizedTipPosition":[21.5489,247.815,93.4305],"timeVisible":0.659962,"tipPosition":[25.3654,281.27,1.75879],"tipVelocity":[39.6097,40.764,-116.798],"tool":false,"touchDistance":-0.487152,"touchZone":"touching","type":0,"width":20.2457},{"bases":[[[0.924158,0.330743,-0.191154],[-0.285022,0.930162,0.231434],[0.25435,-0.159399,0.953886]],[[0.954554,0.297389,-0.0196658],[-0.288823,0.939304,0.185176],[0.0735414,-0.17108,0.982509]],[[0.954554,0.297389,-0.0196658],[-0.297057,0.954688,0.0181294],[0.0241662,-0.0114636,0.999642]],[[0.954554,0.297389,-0.0196658],[-0.297641,0.947798,-0.114402],[-0.0153827,0.115057,0.99324]]],"btipPosition":[24.4281,337.496,-64.2408],"carpPosition":[46.6166,320.111,89.2462],"dipPosition":[24.1654,339.461,-47.2743],"direction":[-0.0241662,0.0114636,-0.999642],"extended":true,"handId":462,"id":4621,"length":58.7949,"mcpPosition":[27.9082,331.836,19.0842],"pipPosition":[24.7494,339.184,-23.1177],"stabilizedTipPosition":[22.6822,292.524,44.7234],"timeVisible":0.659962,"tipPosition":[24.2261,337.551,-59.9714],"tipVelocity":[47.4479,38.0915,-117.517],"tool":false,"touchDistance":-0.48872,"touchZone":"touching","type":1,"width":19.3387},{"bases":[[[0.984983,0.142719,-0.0971577],[-0.119025,0.968962,0.216672],[0.125065,-0.201854,0.971398]],[[0.98352,0.144971,-0.108034],[-0.168398,0.517059,-0.839221],[-0.0658028,0.843583,0.532951]],[[0.98352,0.144971,-0.108034],[0.0477949,-0.784759,-0.617956],[-0.174366,0.602608,-0.778755]],[[0.98352,0.144971,-0.108034],[0.149492,-0.988145,0.0349507],[-0.101686,-0.0505248,-0.993533]]],"btipPosition":[58.5515,283.061,34.1161],"carpPosition":[57.2363,325.816,86.7504],"dipPosition":[56.641,282.111,15.4497],"direction":[0.174366,-0.602608,0.778755],"extended":false,"handId":462,"id":4622,"length":66.9921,"mcpPosition":[48.5126,339.896,18.9924],"pipPosition":[51.6837,299.244,-6.69059],"stabilizedTipPosition":[57.5344,254.334,117.843],"timeVisible":0.659962,"tipPosition":[57.9624,282.951,28.9112],"tipVelocity":[24.5693,23.9022,-119.698],"tool":false,"touchDistance":0.333333,"touchZone":"none","type":2,"width":18.9931},{"bases":[[[0.998803,0.0380055,0.0307951],[-0.0443008,0.969754,0.240032],[-0.0207411,-0.241109,0.970276]],[[0.998812,0.0478724,-0.00906661],[-0.0308088,0.476379,-0.8787],[-0.0377463,0.877936,0.477288]],[[0.998812,0.0478724,-0.00906661],[0.0344249,-0.825059,-0.563997],[-0.0344804,0.563015,-0.825727]],[[0.998812,0.0478724,-0.00906661],[0.0484103,-0.996123,0.0734596],[-0.00551477,-0.0738112,-0.997257]]],"btipPosition":[73.1083,290.266,44.3737],"carpPosition":[69.0653,328.598,84.9612],"dipPosition":[73.0053,288.887,25.745],"direction":[0.0344804,-0.563015,0.825727],"extended":false,"handId":462,"id":4623,"length":64.4147,"mcpPosition":[70.3642,343.698,24.1961],"pipPosition":[72.0503,304.481,2.87556],"stabilizedTipPosition":[73.8732,262.312,124.027],"timeVisible":0.659962,"tipPosition":[73.0767,290,39.1267],"tipVelocity":[22.9223,23.5257,-98.3434],"tool":false,"touchDistance":0.333333,"touchZone":"none","type":3,"width":18.0732},{"bases":[[[0.983187,-0.150913,0.102801],[0.109932,0.938723,0.326672],[-0.1458,-0.309879,0.93953]],[[0.986466,-0.143271,0.0797378],[0.143261,0.516572,-0.844174],[0.0797555,0.844172,0.530106]],[[0.986466,-0.143271,0.0797378],[-0.0652711,-0.789243,-0.610602],[0.150414,0.597134,-0.787913]],[[0.986466,-0.143271,0.0797378],[-0.144059,-0.98956,0.00418364],[0.078306,-0.0156139,-0.996807]]],"btipPosition":[83.9566,301.088,43.3171],"carpPosition":[82.6144,324.374,83.939],"dipPosition":[85.3061,300.819,26.139],"direction":[-0.150414,-0.597134,0.787913],"extended":false,"handId":462,"id":4624,"length":50.4999,"mcpPosition":[91.0668,342.338,29.4718],"pipPosition":[88.2473,312.495,10.7317],"stabilizedTipPosition":[87.5347,272.488,125.92],"timeVisible":0.659962,"tipPosition":[84.596,301.172,38.7376],"tipVelocity":[16.4181,18.3998,-109.119],"tool":false,"touchDistance":0.333333,"touchZone":"none","type":4,"width":16.054}],"r":[[0.955818,0.286649,0.0651432],[-0.282708,0.9