{"sensorType":"Leap","data":[[0,{"currentFrameRate":103.633,"devices":[],"gestures":[],"hands":[{"armBasis":[[0.856881,0.396378,-0.329604],[-0.19137,0.838265,0.510578],[0.478677,-0.374428,0.794148]],"armWidth":63.7064,"confidence":0.865859,"direction":[-0.110275,0.580183,-0.806986],"elbow":[193.29,194.214,304.566],"grabStrength":0,"id":463,"palmNormal":[0.181676,-0.786492,-0.590275],"palmPosition":[51.4591,321.601,43.932],"palmVelocity":[-2.30393,84.9021,-232.7],"palmWidth":90.9705,"pinchStrength":0.443358,"r":[[0.967904,-0.245364,0.0543941],[0.247787,0.967842,-0.0434032],[-0.0419953,0.0554883,0.997576]],"s":0.886259,"sphereCenter":[61.3111,295.102,2.20315],"sphereRadius":48.2536,"stabilizedPalmPosition":[56.8814,289.68,104.722],"t":[-20.4251,90.5106,-135.111],"timeVisible":0.334345,"type":"right","wrist":[64.075,295.288,90.1918]}],"id":4135274,"interactionBox":{"center":[0,200,0],"size":[235.247,235.247,147.751]},"pointables":[{"bases":[[[0.20919,0.901861,0.378003],[-0.824621,-0.045072,0.563888],[0.525585,-0.429669,0.734265]],[[0.0290651,0.992128,0.121806],[-0.84209,-0.0413512,0.53775],[0.538554,-0.118201,0.834259]],[[0.0290651,0.992128,0.121806],[-0.992918,0.0146132,0.117901],[0.115193,-0.12437,0.985527]],[[0.0290651,0.992128,0.121806],[-0.814125,0.0941987,-0.572999],[-0.579962,-0.0825109,0.810454]]],"btipPosition":[21.3291,290.846,-8.14697],"carpPosition":[38.5631,278.777,86.0468],"dipPosition":[7.7588,288.915,10.8165],"direction":[-0.115193,0.12437,-0.985527],"extended":false,"handId":463,"id":4630,"length":52.1052,"mcpPosition":[38.5631,278.777,86.0468],"pipPosition":[11.6855,284.676,44.4114],"stabilizedTipPosition":[14.1603,258.819,71.7813],"timeVisible":0.334345,"tipPosition":[16.753,291.32,-3.76405],"tipVelocity":[81.9653,25.7261,-232.725],"tool":false,"touchDistance":-0.550966,"touchZone":"hovering","type":0,"width":20.2457},{"bases":[[[0.944768,0.306111,-0.117084],[-0.22013,0.85736,0.46527],[0.242808,-0.413798,0.877391]],[[0.963525,0.265523,-0.0334162],[-0.255019,0.948843,0.186179],[0.0811414,-0.170866,0.981947]],[[0.963525,0.265523,-0.0334162],[-0.267201,0.961457,-0.0648349],[0.0149131,0.0713989,0.997336]],[[0.963525,0.265523,-0.0334162],[-0.265455,0.932422,-0.245201],[-0.0339485,0.245128,0.968896]]],"btipPosition":[20.5859,333.929,-58.2614],"carpPosition":[41.7111,302.066,89.1034],"dipPosition":[20.006,338.116,-41.7107],"direction":[-0.0149131,-0.0713989,-0.997336],"extended":true,"handId":463,"id":4631,"length":58.7949,"mcpPosition":[23.8517,332.502,24.5679],"pipPosition":[20.3664,339.842,-17.6099],"stabilizedTipPosition":[16.3425,308.052,18.2304],"timeVisible":0.334345,"tipPosition":[20.3891,334.817,-53.9767],"tipVelocity":[57.1721,56.6026,-273.397],"tool":false,"touchDistance":-0.622557,"touchZone":"hovering","type":1,"width":19.3387},{"bases":[[[0.992478,0.0967171,-0.0750593],[-0.0518525,0.887476,0.457927],[0.110903,-0.45059,0.885815]],[[0.99307,0.0942488,-0.0702085],[-0.113921,0.625165,-0.772134],[-0.0288807,0.774781,0.63157]],[[0.99307,0.0942488,-0.0702085],[-0.0175281,-0.471935,-0.881459],[-0.11621,0.876581,-0.467012]],[[0.99307,0.0942488,-0.0702085],[0.0428486,-0.846631,-0.530452],[-0.109435,0.523768,-0.844802]]],"btipPosition":[51.715,266.828,24.8784],"carpPosition":[52.6991,307.497,87.9527],"dipPosition":[49.659,276.668,9.00622],"direction":[0.11621,-0.876581,0.467012],"extended":false,"handId":463,"id":4632,"length":66.9921,"mcpPosition":[44.9633,338.927,26.1643],"pipPosition":[46.3551,301.59,-4.27109],"stabilizedTipPosition":[58.4918,240.741,76.5778],"timeVisible":0.334345,"tipPosition":[51.225,268.963,22.078],"tipVelocity":[24.2958,74.3058,-230.672],"tool":false,"touchDistance":0.333333,"touchZone":"none","type":2,"width":18.9931},{"bases":[[[0.999046,-0.0378239,0.0218084],[0.0227498,0.877302,0.479399],[-0.0372652,-0.478445,0.877326]],[[0.999702,-0.024212,-0.00313264],[0.0120509,0.600976,-0.799176],[0.0212323,0.7989,0.601089]],[[0.999702,-0.024212,-0.00313264],[-0.0149157,-0.504141,-0.863493],[0.0193276,0.863282,-0.504352]],[[0.999702,-0.024212,-0.00313264],[-0.0223674,-0.856911,-0.514979],[0.00978426,0.514895,-0.857197]]],"btipPosition":[65.359,270.596,34.9073],"carpPosition":[64.6917,309.847,86.7209],"dipPosition":[65.5418,280.214,18.8949],"direction":[-0.0193276,-0.863282,0.504352],"extended":false,"handId":463,"id":4633,"length":64.4147,"mcpPosition":[67.0255,339.811,31.777],"pipPosition":[66.0771,304.124,4.92629],"stabilizedTipPosition":[73.6502,242.939,88.0208],"timeVisible":0.334345,"tipPosition":[65.3747,272.638,31.9511],"tipVelocity":[17.3798,80.5736,-203.38],"tool":false,"touchDistance":0.333333,"touchZone":"none","type":3,"width":18.0732},{"bases":[[[0.970435,-0.237377,0.0436904],[0.174479,0.815,0.552568],[-0.166775,-0.528608,0.832322]],[[0.938852,-0.306872,0.156163],[0.314756,0.581021,-0.750562],[0.139592,0.75382,0.642082]],[[0.938852,-0.306872,0.156163],[-0.0105282,-0.478912,-0.8778],[0.34416,0.82248,-0.452858]],[[0.938852,-0.306872,0.156163],[-0.174447,-0.814947,-0.552657],[0.29686,0.491621,-0.818647]]],"btipPosition":[70.8047,284.569,36.4321],"carpPosition":[77.9169,305.128,84.4194],"dipPosition":[75.9206,293.041,22.3242],"direction":[-0.34416,-0.82248,0.452858],"extended":false,"handId":463,"id":4634,"length":50.4999,"mcpPosition":[87.5853,335.773,36.1674],"pipPosition":[82.6505,309.124,13.4687],"stabilizedTipPosition":[81.7564,251.172,100.449],"timeVisible":0.334345,"tipPosition":[72.0798,286.751,33.7865],"tipVelocity":[11.507,82.2859,-206.046],"tool":false,"touchDistance":0.333333,"touchZone":"none","type":4,"width":16.054}],"r":[[0.967904,-0.245364,0.0543941],[0.247787,0.967842,-0.0434032],[-0.0419953,0.0554883,0.997576]],"s":0.886259,"t":[-20.4251,90.5106,-135.111],"timestamp":521731946464},false],[1,{"currentFrameRate":103.977,"devices":[],"gestures":[],"hands":[{"armBasis":[[0.85582,0.402781,-0.324562],[-0.198963,0.835495,0.512212],[0.477479,-0.373785,0.795172]],"armWidth":63.7064,"confidence":0.867993,"direction":[-0.112668,0.572576,-0.812073],"elbow":[193.209,194.67,304.091],"grabStrength":0,"id":463,"palmNormal":[0.190089,-0.789762,-0.583218],"palmPosition":[51.6224,321.395,42.9278],"palmVelocity":[3.31125,55.3627,-199.644],"palmWidth":90.9705,"pinchStrength":0.448091,"r":[[0.968126,-0.242961,0.0608424],[0.245992,0.968058,-0.0484895],[-0.0471179,0.0619107,0.996969]],"s":0.885546,"sphereCenter":[61.7947,294.664,1.44209],"sphereRadius":48.2661,"stabilizedPalmPosition":[56.846,289.893,104.307],"t":[-20.3194,90.713,-136.551],"timeVisible":0.343314,"type":"right","wrist":[64.3169,295.57,89.4407]}],"id":4135275,"interactionBox":{"center":[0,200,0],"size":[235.247,235.247,147.751]},"pointables":[{"bases":[[[0.200444,0.90667,0.371175],[-0.82594,-0.0473799,0.561764],[0.526921,-0.419171,0.739358]],[[0.0200536,0.993362,0.113265],[-0.843218,-0.0440664,0.535763],[0.537198,-0.106251,0.836737]],[[0.0200536,0.993362,0.113265],[-0.993533,0.00713632,0.113317],[0.111757,-0.114805,0.987082]],[[0.0200536,0.993362,0.113265],[-0.80871,0.0827279,-0.58236],[-0.587865,-0.0799205,0.805001]]],"btipPosition":[22.0932,289.897,-8.88725],"carpPosition":[38.9574,278.811,85.3556],"dipPosition":[8.33796,288.027,9.94866],"direction":[-0.111757,0.114805,-0.987082],"extended":false,"handId":463,"id":4630,"length":52.1052,"mcpPosition":[38.9574,278.811,85.3556],"pipPosition":[12.1476,284.114,43.5966],"stabilizedTipPosition":[14.1752,258.915,71.5416],"timeVisible":0.343314,"tipPosition":[17.5,290.339,-4.57162],"tipVelocity":[81.5501,-9.84646,-192.502],"tool":false,"touchDistance":-0.535747,"touchZone":"hovering","type":0,"width":20.2457},{"bases":[[[0.942518,0.313089,-0.116771],[-0.228753,0.859273,0.457517],[0.243582,-0.404506,0.8815]],[[0.961587,0.2727,-0.0313821],[-0.263211,0.948445,0.176556],[0.0779112,-0.161514,0.98379]],[[0.961587,0.2727,-0.0313821],[-0.274191,0.959629,-0.0627023],[0.0130163,0.0688984,0.997539]],[[0.961587,0.2727,-0.0313821],[-0.272297,0.933162,-0.234655],[-0.0347059,0.234186,0.971572]]],"btipPosition":[20.9157,333.176,-59.5673],"carpPosition":[41.9003,302.15,88.2294],"dipPosition":[20.3228,337.176,-42.971],"direction":[-0.0130163,-0.0688984,-0.997539],"extended":true,"handId":463,"id":4631,"length":58.7949,"mcpPosition":[23.9839,331.903,23.3917],"pipPosition":[20.6374,338.841,-18.8652],"stabilizedTipPosition":[16.3494,308.092,18.1148],"timeVisible":0.343314,"tipPosition":[20.7328,333.862,-55.2757],"tipVelocity":[51.4945,16.8005,-238.09],"tool":false,"touchDistance":-0.608067,"touchZone":"hovering","type":1,"width":19.3387},{"bases":[[[0.991856,0.104457,-0.0728769],[-0.0607127,0.890744,0.450431],[0.111965,-0.442338,0.889832]],[[0.992424,0.102158,-0.0682536],[-0.117094,0.618264,-0.777199],[-0.0371981,0.779303,0.625542]],[[0.992424,0.102158,-0.0682536],[-0.011086,-0.478812,-0.877848],[-0.122359,0.871954,-0.474052]],[[0.992424,0.102158,-0.0682536],[0.0515235,-0.850384,-0.523634],[-0.111535,0.516151,-0.849205]]],"btipPosition":[52.4026,266.476,24.2857],"carpPosition":[52.8457,307.664,87.0669],"dipPosition":[50.3071,276.174,8.33088],"direction":[0.122359,-0.871954,0.474052],"extended":false,"handId":463,"id":4632,"length":66.9921,"mcpPosition":[45.0358,338.518,24.9984],"pipPosition":[46.8284,300.964,-5.14655],"stabilizedTipPosition":[58.4456,240.938,76.1843],"timeVisible":0.343314,"tipPosition":[51.9008,268.586,21.4561],"tipVelocity":[38.356,42.2261,-186.189],"tool":false,"touchDistance":0.333333,"touchZone":"none","type":2,"width":18.9931},{"bases":[[[0.999257,-0.0292228,0.0251169],[0.0139062,0.881376,0.47221],[-0.0359367,-0.47151,0.881128]],[[0.999876,-0.015766,-0.0000184964],[0.00935713,0.594371,-0.804137],[0.012689,0.804037,0.594445]],[[0.999876,-0.015766,-0.0000184964],[-0.00808223,-0.511565,-0.859206],[0.0135368,0.8591,-0.511629]],[[0.999876,-0.015766,-0.0000184964],[-0.0135929,-0.861466,-0.507634],[0.00798741,0.507571,-0.861573]]],"btipPosition":[65.9815,270.443,34.3801],"carpPosition":[64.8219,310.105,85.8518],"dipPosition":[66.1307,279.924,18.286],"direction":[-0.0135368,-0.8591,0.511629],"extended":false,"handId":463,"id":4633,"length":64.4147,"mcpPosition":[67.0725,339.634,30.6697],"pipPosition":[66.5057,303.718,4.11583],"stabilizedTipPosition":[73.5916,243.167,87.5804],"timeVisible":0.343314,"tipPosition":[65.988,272.46,31.3886],"tipVelocity":[31.3893,52.8808,-164.365],"tool":false,"touchDistance":0.333333,"touchZone":"none","type":3,"width":18.0732},{"bases":[[[0.972256,-0.228823,0.0485588],[0.165928,0.820959,0.546346],[-0.164881,-0.523131,0.836151]],[[0.940853,-0.297754,0.161674],[0.312307,0.577113,-0.754589],[0.131378,0.760449,0.635969]],[[0.940853,-0.297754,0.161674],[-0.00379891,-0.486414,-0.87372],[0.338794,0.821428,-0.458775]],[[0.940853,-0.297754,0.161674],[-0.165898,-0.82091,-0.546429],[0.295421,0.487288,-0.821752]]],"btipPosition":[71.2915,284.463,35.805],"carpPosition":[78.0933,305.479,83.629],"dipPosition":[76.3825,292.861,21.6436],"direction":[-0.338794,-0.821428,0.458775],"extended":false,"handId":463,"id":4634,"length":50.4999,"mcpPosition":[87.6519,335.807,35.155],"pipPosition":[83.0075,308.923,12.6724],"stabilizedTipPosition":[81.7041,251.37,100.067],"timeVisible":0.343314,"tipPosition":[72.5588,286.631,33.1291],"tipVelocity":[23.0401,56.0049,-169.153],"tool":false,"touchDistance":0.333333,"touchZone":"none","type":4,"width":16.054}],"r":[[0.968126,-0.242961,0.0608424],[0.245992,0.968058,-0.0484895],[-0.0471179,0.0619107,0.996969]],"s":0.885546,"t":[-20.3194,90.713,-136.551],"timestamp":521731955433},false],[2,{"currentFrameRate":104.294,"devices":[],"gestures":[],"hands":[{"armBasis":[[0.853573,0.407345,-0.324782],[-0.204612,0.835441,0.510071],[0.479111,-0.368929,0.796457]],"armWidth":63.7064,"confidence":0.872605,"direction":[-0.111815,0.565689,-0.817002],"elbow":[193.655,196.703,303.431],"grabStrength":0,"id":463,"palmNormal":[0.196417,-0.793357,-0.576199],"palmPosition":[51.7101,321.692,41.6658],"palmVelocity":[5.07883,49.2598,-183.357],"palmWidth":90.9705,"pinchStrength":0.453142,"r":[[0.968448,-0.23998,0.0672139],[0.243695,0.968355,-0.0538628],[-0.0521609,0.0685431,0.996284]],"s":0.885677,"sphereCenter":[62.1432,294.738,0.435211],"sphereRadius":48.2901,"stabilizedPalmPosition":[56.8196,290.057,103.984],"t":[-20.2227,90.9631,-137.902],"timeVisible":0.352309,"type":"right","wrist":[64.3224,296.292,88.4339]}],"id":4135276,"interactionBox":{"center":[0,200,0],"size":[235.247,235.247,147.751]},"pointables":[{"bases":[[[0.194486,0.910484,0.364959],[-0.828172,-0.0469667,0.558503],[0.525648,-0.410869,0.744903]],[[0.0141587,0.994412,0.104619],[-0.845187,-0.0440053,0.532656],[0.534283,-0.0959644,0.83984]],[[0.0141587,0.994412,0.104619],[-0.994232,0.00287623,0.107216],[0.106316,-0.105534,0.988716]],[[0.0141587,0.994412,0.104619],[-0.801881,0.0737956,-0.592909],[-0.597316,-0.0754973,0.798444]]],"btipPosition":[22.7491,289.534,-9.93103],"carpPosition":[39.0613,279.38,84.369],"dipPosition":[8.77274,287.767,8.75144],"direction":[-0.106316,0.105534,-0.988716],"extended":false,"handId":463,"id":4630,"length":52.1052,"mcpPosition":[39.0613,279.38,84.369],"pipPosition":[12.3969,284.17,42.4551],"stabilizedTipPosition":[14.1921,259.01,71.2992],"timeVisible":0.352309,"tipPosition":[18.1362,289.977,-5.68664],"tipVelocity":[77.6298,-17.5134,-172.594],"tool":false,"touchDistance":-0.526692,"touchZone":"hovering","type":0,"width":20.2457},{"bases":[[[0.941521,0.316688,-0.115093],[-0.234857,0.861701,0.449792],[0.241619,-0.396459,0.885687]],[[0.960689,0.276249,-0.0276115],[-0.267967,0.948676,0.167949],[0.0725901,-0.153948,0.985409]],[[0.960689,0.276249,-0.0276115],[-0.277431,0.95898,-0.058223],[0.0103948,0.0635945,0.997922]],[[0.960689,0.276249,-0.0276115],[-0.275385,0.935606,-0.220919],[-0.0351952,0.219838,0.974901]]],"btipPosition":[21.3403,333.237,-61.167],"carpPosition":[41.8803,302.755,87.0734],"dipPosition":[20.7391,336.992,-44.5138],"direction":[-0.0103948,-0.0635945,-0.997922],"extended":true,"handId":463,"id":4631,"length":58.7949,"mcpPosition":[24.1082,331.916,21.9277],"pipPosition":[20.9903,338.529,-20.3988],"stabilizedTipPosition":[16.3554,308.124,18.022],"timeVisible":0.352309,"tipPosition":[21.1758,333.681,-56.8667],"tipVelocity":[50.2579,12.3346,-221.155],"tool":false,"touchDistance":-0.599392,"touchZone":"hovering","type":1,"width":19.3387},{"bases":[[[0.991658,0.108643,-0.069356],[-0.0669386,0.893923,0.443195],[0.110149,-0.434855,0.893738]],[[0.992199,0.106456,-0.0648634],[-0.116785,0.611775,-0.782363],[-0.0436056,0.783836,0.619436]],[[0.992199,0.106456,-0.0648634],[-0.00505578,-0.485529,-0.874206],[-0.124558,0.867715,-0.481204]],[[0.992199,0.106456,-0.0648634],[0.0578542,-0.854125,-0.51684],[-0.110422,0.509056,-0.853621]]],"btipPosition":[52.8383,266.638,23.4426],"carpPosition":[52.8043,308.312,85.9156],"dipPosition":[50.7637,276.202,7.40475],"direction":[0.124558,-0.867715,0.481204],"extended":false,"handId":463,"id":4632,"length":66.9921,"mcpPosition":[45.1211,338.645,23.5746],"pipPosition":[47.2225,300.871,-6.27602],"stabilizedTipPosition":[58.4108,241.097,75.8616],"timeVisible":0.352309,"tipPosition":[52.3371,268.725,20.5852],"tipVelocity":[41.2688,34.6289,-161.398],"tool":false,"touchDistance":0.333333,"touchZone":"none","type":2,"width":18.9931},{"bases":[[[0.999265,-0.0242325,0.0297096],[0.00762736,0.885082,0.465372],[-0.0375726,-0.464803,0.884617]],[[0.999934,-0.0107486,0.00405384],[0.009578,0.585239,-0.810805],[0.00634255,0.81079,0.585303]],[[0.999934,-0.0107486,0.00405384],[-0.00215543,-0.522167,-0.85284],[0.0112836,0.852775,-0.522156]],[[0.999934,-0.0107486,0.00405384],[-0.00730915,-0.867532,-0.497327],[0.00886241,0.497265,-0.867553]]],"btipPosition":[66.3656,270.785,33.8554],"carpPosition":[64.774,310.801,84.7338],"dipPosition":[66.5312,280.074,17.6495],"direction":[-0.0112836,-0.852775,0.522156],"extended":false,"handId":463,"id":4633,"length":64.4147,"mcpPosition":[67.127,339.91,29.3333],"pipPosition":[66.8437,303.692,3.1878],"stabilizedTipPosition":[73.5426,243.37,87.1888],"timeVisible":0.352309,"tipPosition":[66.371,272.768,30.6884],"tipVelocity":[34.6081,47.4482,-136.05],"tool":false,"touchDistance":0.333333,"touchZone":"none","type":3,"width":18.0732},{"bases":[[[0.973112,-0.223771,0.0545906],[0.159607,0.825974,0.540641],[-0.16607,-0.517391,0.83948]],[[0.941423,-0.292158,0.168424],[0.313367,0.573367,-0.757002],[0.124595,0.765437,0.631333]],[[0.941423,-0.292158,0.168424],[0.00293513,-0.492319,-0.87041],[0.337215,0.819918,-0.462623]],[[0.941423,-0.292158,0.168424],[-0.159274,-0.825433,-0.541565],[0.297245,0.483016,-0.823615]]],"btipPosition":[71.5832,284.8,34.8594],"carpPosition":[78.0769,306.222,82.6052],"dipPosition":[76.7057,293.124,20.6659],"direction":[-0.337215,-0.819918,0.462623],"extended":false,"handId":463,"id":4634,"length":50.4999,"mcpPosition":[87.7044,336.216,33.9382],"pipPosition":[83.2998,309.157,11.6195],"stabilizedTipPosition":[81.6614,251.539,99.7401],"timeVisible":0.352309,"tipPosition":[72.8516,286.947,32.1771],"tipVelocity":[25.8397,50.385,-151.805],"tool":false,"touchDistance":0.333333,"touchZone":"none","type":4,"width":16.054}],"r":[[0.968448,-0.23998,0.0672139],[0.243695,0.968355,-0.0538628],[-0.0521609,0.0685431,0.996284]],"s":0.885677,"t":[-20.2227,90.9631,-137.902],"timestamp":521731964428},false],[3,{"currentFrameRate":104.542,"devices":[],"gestures":[],"hands":[{"armBasis":[[0.855912,0.410715,-0.31421],[-0.215273,0.835453,0.505643],[0.470184,-0.365145,0.80349]],"armWidth":63.7064,"confidence":0.880402,"direction":[-0.109312,0.552118,-0.826569],"elbow":[190.833,199.208,303.215],"grabStrength":0,"id":463,"palmNormal":[0.208432,-0.800333,-0.562159],"palmPosition":[51.5017,322.346,39.0556],"palmVelocity":[-2.67445,55.5193,-212.032],"palmWidth":90.9705,"pinchStrength":0.461588,"r":[[0.968958,-0.235654,0.0747536],[0.240299,0.968798,-0.0607169],[-0.058113,0.0767953,0.995352]],"s":0.886669,"sphereCenter":[62.4083,294.94,-1.63937],"sphereRadius":48.308,"stabilizedPalmPosition":[56.7984,290.186,103.725],"t":[-20.2785,91.4151,-139.882],"timeVisible":0.36141,"type":"right","wrist":[63.9101,297.776,86.3191]}],"id":4135277,"interactionBox":{"center":[0,200,0],"size":[235.247,235.247,147.751]},"pointables":[{"bases":[[[0.183336,0.91763,0.352623],[-0.832739,-0.0456599,0.551779],[0.52243,-0.394804,0.755776]],[[0.00336963,0.996157,0.0875177],[-0.84948,-0.0433243,0.52584],[0.527611,-0.0761164,0.846069]],[[0.00336963,0.996157,0.0875177],[-0.995476,-0.00496861,0.0948826],[0.0949528,-0.0874415,0.991634]],[[0.00336963,0.996157,0.0875177],[-0.789978,0.0563117,-0.610544],[-0.613126,-0.0670797,0.787132]]],"btipPosition":[23.6115,288.933,-12.1551],"carpPosition":[38.8334,280.584,82.2905],"dipPosition":[9.26518,287.363,6.26266],"direction":[-0.0949528,0.0874415,-0.991634],"extended":false,"handId":463,"id":4630,"length":52.1052,"mcpPosition":[38.8334,280.584,82.2905],"pipPosition":[12.502,284.382,40.0658],"stabilizedTipPosition":[14.2108,259.1,71.0565],"timeVisible":0.36141,"tipPosition":[18.9255,289.414,-8.0221],"tipVelocity":[79.7853,-29.5828,-194.346],"tool":false,"touchDistance":-0.536631,"touchZone":"hovering","type":0,"width":20.2457},{"bases":[[[0.939758,0.323118,-0.111581],[-0.246318,0.866396,0.434379],[0.237029,-0.380727,0.893792]],[[0.95878,0.28334,-0.021455],[-0.276944,0.948691,0.152602],[0.0635924,-0.14037,0.988055]],[[0.95878,0.28334,-0.021455],[-0.28413,0.956897,-0.0601561],[0.0034856,0.0637724,0.997958]],[[0.95878,0.28334,-0.021455],[-0.281273,0.93564,-0.213222],[-0.0403401,0.210467,0.976768]]],"btipPosition":[21.8653,332.918,-64.323],"carpPosition":[41.4264,304.021,84.66],"dipPosition":[21.1762,336.513,-47.6379],"direction":[-0.0034856,-0.0637724,-0.997958],"extended":true,"handId":463,"id":4631,"length":58.7949,"mcpPosition":[23.992,332.025,18.9181],"pipPosition":[21.2605,338.054,-23.522],"stabilizedTipPosition":[16.3605,308.149,17.9475],"timeVisible":0.36141,"tipPosition":[21.7115,333.122,-60.0214],"tipVelocity":[51.7027,-1.91805,-255.753],"tool":false,"touchDistance":-0.615017,"touchZone":"hovering","type":1,"width":19.3387},{"bases":[[[0.991271,0.116244,-0.062206],[-0.0786312,0.899981,0.428779],[0.105827,-0.420145,0.901265]],[[0.991776,0.114189,-0.0577999],[-0.115134,0.598795,-0.792584],[-0.055894,0.79272,0.607018]],[[0.991776,0.114189,-0.0577999],[0.00692092,-0.498808,-0.866685],[-0.127797,0.859158,-0.495496]],[[0.991776,0.114189,-0.0577999],[0.0698557,-0.861391,-0.503117],[-0.107239,0.494941,-0.862284]]],"btipPosition":[53.272,267.035,21.6834],"carpPosition":[52.3121,309.655,83.514],"dipPosition":[51.2572,276.334,5.48282],"direction":[0.127797,-0.859158,0.495496],"extended":false,"handId":463,"id":4632,"length":66.9921,"mcpPosition":[44.9304,338.961,20.648],"pipPosition":[47.6239,300.76,-8.60428],"stabilizedTipPosition":[58.3845,241.229,75.5899],"timeVisible":0.36141,"tipPosition":[52.7773,269.073,18.7815],"tipVelocity":[43.4587,35.2621,-171.379],"tool":false,"touchDistance":0.333333,"touchZone":"none","type":2,"width":18.9931},{"bases":[[[0.999128,-0.0150281,0.0389556],[-0.00419479,0.892134,0.451751],[-0.0415426,-0.45152,0.891293]],[[0.99992,-0.00165228,0.0125479],[0.0112786,0.566151,-0.824225],[-0.00574214,0.8243,0.566124]],[[0.99992,-0.00165228,0.0125479],[0.00962725,-0.544278,-0.838849],[0.00821555,0.838903,-0.544219]],[[0.99992,-0.00165228,0.0125479],[0.00451075,-0.879809,-0.475306],[0.0118251,0.475325,-0.879731]]],"btipPosition":[66.6798,271.573,32.7991],"carpPosition":[64.2701,312.23,82.4004],"dipPosition":[66.9007,280.452,16.3657],"direction":[-0.00821555,-0.838903,0.544219],"extended":false,"handId":463,"id":4633,"length":64.4147,"mcpPosition":[66.8717,340.507,26.5818],"pipPosition":[67.1282,303.686,1.29298],"stabilizedTipPosition":[73.4978,243.569,86.8065],"timeVisible":0.36141,"tipPosition":[66.695,273.467,29.2976],"tipVelocity":[34.9718,55.4171,-132.103],"tool":false,"touchDistance":0.333333,"touchZone":"none","type":3,"width":18.0732},{"bases":[[[0.974471,-0.214384,0.0666699],[0.147604,0.835517,0.529268],[-0.16917,-0.505915,0.845832]],[[0.942374,-0.281254,0.181184],[0.315089,0.564046,-0.763264],[0.112475,0.776369,0.620162]],[[0.942374,-0.281254,0.181184],[0.014726,-0.506162,-0.862313],[0.334237,0.815289,-0.472852]],[[0.942374,-0.281254,0.181184],[-0.14746,-0.835292,-0.529663],[0.300311,0.472423,-0.828631]]],"btipPosition":[71.7505,285.535,33.0282],"carpPosition":[77.6306,307.735,80.4608],"dipPosition":[76.9258,293.676,18.7483],"direction":[-0.334237,-0.815289,0.472852],"extended":false,"handId":463,"id":4634,"length":50.4999,"mcpPosition":[87.4379,337.065,31.4256],"pipPosition":[83.4617,309.619,9.50183],"stabilizedTipPosition":[81.6255,251.687,99.4513],"timeVisible":0.36141,"tipPosition":[73.0229,287.643,30.2961],"tipVelocity":[24.142,57.5244,-166.105],"tool":false,"touchDistance":0.333333,"touchZone":"none","type":4,"width":16.054}],"r":[[0.968958,-0.235654,0.0747536],[0.240299,0.968798,-0.0607169],[-0.058113,0.0767953,0.995352]],"s":0.886669,"t":[-20.2785,91.4151,-139.882],"timestamp":521731973529},false],[4,{"currentFrameRate":104.853,"devices":[],"gestures":[],"hands":[{"armBasis":[[0.855757,0.41473,-0.309318],[-0.220658,0.833322,0.506838],[0.467963,-0.365477,0.804635]],"armWidth":63.7064,"confidence":0.884006,"direction":[-0.107442,0.543041,-0.832804],"elbow":[190.017,200.045,302.352],"grabStrength":0,"id":463,"palmNormal":[0.215157,-0.805103,-0.552736],"palmPosition":[51.425,322.725,37.5669],"palmVelocity":[-4.28711,51.8961,-199.493],"palmWidth":90.9705,"pinchStrength":0.468725,"r":[[0.969452,-0.231072,0.0822738],[0.236776,0.969184,-0.0679661],[-0.0640334,0.0853703,0.99429]],"s":0.888108,"sphereCenter":[62.485,295.025,-2.7645],"sphereRadius":48.3064,"stabilizedPalmPosition":[56.782,290.285,103.524],"t":[-20.3448,91.8305,-141.617],"timeVisible":0.370368,"type":"right","wrist":[63.6938,298.702,85.1472]}],"id":4135278,"interactionBox":{"center":[0,200,0],"size":[235.247,235.247,147.751]},"pointables":[{"bases":[[[0.17718,0.922071,0.344083],[-0.835464,-0.0438768,0.54779],[0.520199,-0.384526,0.762583]],[[-0.00281044,0.997136,0.075582],[-0.851715,-0.0419919,0.52232],[0.523998,-0.0629064,0.849394]],[[-0.00281044,0.997136,0.075582],[-0.996156,-0.00940937,0.0870947],[0.0875564,-0.0750466,0.993329]],[[-0.00281044,0.997136,0.075582],[-0.779719,0.0451389,-0.6245],[-0.626123,-0.0606878,0.777359]]],"btipPosition":[24.2337,288.469,-13.2771],"carpPosition":[38.7191,281.352,81.1635],"dipPosition":[9.58333,287.049,4.91202],"direction":[-0.0875564,0.0750466,-0.993329],"extended":false,"handId":463,"id":4630,"length":52.1052,"mcpPosition":[38.7191,281.352,81.1635],"pipPosition":[12.568,284.491,38.7729],"stabilizedTipPosition":[14.2308,259.188,70.8153],"timeVisible":0.370368,"tipPosition":[19.5063,288.974,-9.24428],"tipVelocity":[74.8271,-34.5913,-177.054],"tool":false,"touchDistance":-0.528919,"touchZone":"hovering","type":0,"width":20.2457},{"bases":[[[0.938832,0.326361,-0.109923],[-0.252664,0.869665,0.424081],[0.234,-0.370367,0.898929]],[[0.957736,0.287078,-0.0181017],[-0.281697,0.948796,0.142946],[0.0582114,-0.131805,0.989565]],[[0.957736,0.287078,-0.0181017],[-0.287648,0.955942,-0.0586042],[0.000480173,0.0613343,0.998117]],[[0.957736,0.287078,-0.0181017],[-0.284635,0.936739,-0.203723],[-0.0415278,0.200265,0.978861]]],"btipPosition":[22.1763,332.824,-66.161],"carpPosition":[41.1905,304.824,83.3042],"dipPosition":[21.4669,336.245,-49.4402],"direction":[-0.000480173,-0.0613343,-0.998117],"extended":true,"handId":463,"id":4631,"length":58.7949,"mcpPosition":[23.9789,332.066,17.1845],"pipPosition":[21.4785,337.727,-25.3205],"stabilizedTipPosition":[16.3645,308.167,17.8902],"timeVisible":0.370368,"tipPosition":[22.0529,332.844,-61.864],"tipVelocity":[46.9138,-5.47736,-241.671],"tool":false,"touchDistance":-0.609295,"touchZone":"hovering","type":1,"width":19.3387},{"bases":[[[0.99104,0.120252,-0.0581382],[-0.0851068,0.903978,0.419024],[0.102944,-0.410322,0.906112]],[[0.991514,0.118316,-0.0538651],[-0.113822,0.589914,-0.799404],[-0.0628068,0.798751,0.598375]],[[0.991514,0.118316,-0.0538651],[0.0138183,-0.507916,-0.861296],[-0.129264,0.853242,-0.505241]],[[0.991514,0.118316,-0.0538651],[0.0765652,-0.866333,-0.493564],[-0.105062,0.485251,-0.86804]]],"btipPosition":[53.5509,267.251,20.7909],"carpPosition":[52.056,310.497,82.1579],"dipPosition":[51.577,276.368,4.4822],"direction":[0.129264,-0.853242,0.505241],"extended":false,"handId":463,"id":4632,"length":66.9921,"mcpPosition":[44.8753,339.118,18.9538],"pipPosition":[47.902,300.626,-9.88197],"stabilizedTipPosition":[58.3643,241.337,75.3663],"timeVisible":0.370368,"tipPosition":[53.0603,269.256,17.846],"tipVelocity":[40.3738,30.9474,-152.516],"tool":false,"touchDistance":0.333333,"touchZone":"none","type":2,"width":18.9931},{"bases":[[[0.998964,-0.0099306,0.044416],[-0.010759,0.896718,0.442471],[-0.0442227,-0.442491,0.895682]],[[0.999842,0.00338678,0.0174482],[0.0126727,0.552481,-0.833429],[-0.0124624,0.833519,0.552351]],[[0.999842,0.00338678,0.0174482],[0.0163541,-0.559762,-0.828492],[0.00696093,0.828646,-0.559729]],[[0.999842,0.00338678,0.0174482],[0.011026,-0.888143,-0.459436],[0.0139405,0.459556,-0.88804]]],"btipPosition":[66.8806,272.06,32.4051],"carpPosition":[64.0076,313.117,81.0813],"dipPosition":[67.141,280.645,15.8165],"direction":[-0.00696093,-0.828646,0.559729],"extended":false,"handId":463,"id":4633,"length":64.4147,"mcpPosition":[66.7771,340.828,24.9877],"pipPosition":[67.3338,303.595,0.314211],"stabilizedTipPosition":[73.4543,243.771,86.4198],"timeVisible":0.370368,"tipPosition":[66.906,273.886,28.67],"tipVelocity":[31.8151,53.0872,-109.092],"tool":false,"touchDistance":0.333333,"touchZone":"none","type":3,"width":18.0732},{"bases":[[[0.975085,-0.209104,0.0740593],[0.140883,0.841618,0.521375],[-0.171351,-0.497951,0.850108]],[[0.94273,-0.27487,0.188963],[0.316318,0.556945,-0.767955],[0.105845,0.783747,0.611995]],[[0.94273,-0.27487,0.188963],[0.0213176,-0.515702,-0.856503],[0.332875,0.811479,-0.480308]],[[0.94273,-0.27487,0.188963],[-0.140918,-0.841671,-0.521279],[0.302329,0.464797,-0.832203]]],"btipPosition":[71.8716,285.948,32.0747],"carpPosition":[77.399,308.665,79.2592],"dipPosition":[77.0817,293.958,17.7333],"direction":[-0.332875,-0.811479,0.480308],"extended":false,"handId":463,"id":4634,"length":50.4999,"mcpPosition":[87.3327,337.532,29.9761],"pipPosition":[83.5909,309.826,8.34105],"stabilizedTipPosition":[81.5952,251.815,99.2013],"timeVisible":0.370368,"tipPosition":[73.1479,288.025,29.2923],"tipVelocity":[21.4809,53.4772,-150.217],"tool":false,"touchDistance":0.333333,"touchZone":"none","type":4,"width":16.054}],"r":[[0.969452,-0.231072,0.0822738],[0.236776,0.969184,-0.0679661],[-0.0640334,0.0853703,0.99429]],"s":0.888108,"t":[-20.3448,91.8305,-141.617],"timestamp":521731982487},false],[5,{"currentFrameRate":104.877,"devices":[],"gestures":[],"hands":[{"armBasis":[[0.857032,0.4102,-0.311821],[-0.216973,0.836201,0.503677],[0.467354,-0.36401,0.805653]],"armWidth":63.7064,"confidence":0.893514,"direction":[-0.103982,0.533626,-0.839304],"elbow":[189.693,201.123,301.163],"grabStrength":0,"id":463,"palmNormal":[0.212411,-0.812493,-0.542896],"palmPosition":[51.4331,322.896,35.8059],"palmVelocity":[-2.80959,42.1692,-195.502],"palmWidth":90.9705,"pinchStrength":0.475728,"r":[[0.969581,-0.22799,0.0890724],[0.234849,0.969056,-0.0760053],[-0.0689877,0.0946118,0.993121]],"s":0.889401,"sphereCenter":[62.2634,294.743,-4.17306],"sphereRadius":48.2848,"stabilizedPalmPosition":[56.7694,290.362,103.364],"t":[-20.3738,92.1236,-143.365],"timeVisible":0.379857,"type":"right","wrist":[63.5344,299.384,83.6833]}],"id":4135279,"interactionBox":{"center":[0,200,0],"size":[235.247,235.247,147.751]},"pointables":[{"bases":[[[0.180706,0.925298,0.33342],[-0.836376,-0.033805,0.547112],[0.517513,-0.377731,0.767789]],[[0.000434972,0.998055,0.0623328],[-0.85223,-0.0322405,0.522172],[0.523166,-0.053349,0.850559]],[[0.000434972,0.998055,0.0623328],[-0.996512,-0.00476881,0.0833107],[0.0834459,-0.0621516,0.994572]],[[0.000434972,0.998055,0.0623328],[-0.770571,0.0400626,-0.636094],[-0.637354,-0.0477552,0.76909]]],"btipPosition":[24.4493,287.994,-14.4776],"carpPosition":[38.4903,282.095,79.8701],"dipPosition":[9.53614,286.877,3.51803],"direction":[-0.083446,0.0621516,-0.994572],"extended":false,"handId":463,"id":4630,"length":52.1052,"mcpPosition":[38.4903,282.095,79.8701],"pipPosition":[12.3807,284.758,37.4213],"stabilizedTipPosition":[14.251,259.272,70.5744],"timeVisible":0.379857,"tipPosition":[19.6906,288.561,-10.5353],"tipVelocity":[58.0373,-36.9357,-163.889],"tool":false,"touchDistance":-0.523036,"touchZone":"hovering","type":0,"width":20.2457},{"bases":[[[0.94038,0.320993,-0.112467],[-0.249466,0.875693,0.413436],[0.231197,-0.36073,0.903561]],[[0.959207,0.282085,-0.0186966],[-0.277236,0.95154,0.133085],[0.0553318,-0.122473,0.990928]],[[0.959207,0.282085,-0.0186966],[-0.282701,0.957413,-0.0586495],[0.00135619,0.0615425,0.998104]],[[0.959207,0.282085,-0.0186966],[-0.280146,0.939571,-0.196784],[-0.0379432,0.193995,0.980269]]],"btipPosition":[22.2936,332.573,-68.1512],"carpPosition":[41.0603,305.581,81.737],"dipPosition":[21.6455,335.887,-51.4063],"direction":[-0.00135619,-0.0615425,-0.998104],"extended":true,"handId":463,"id":4631,"length":58.7949,"mcpPosition":[24.0549,332.114,15.2766],"pipPosition":[21.6782,337.374,-27.2869],"stabilizedTipPosition":[16.3677,308.181,17.8445],"timeVisible":0.379857,"tipPosition":[22.1976,332.453,-63.8615],"tipVelocity":[37.4194,-12.2448,-232.335],"tool":false,"touchDistance":-0.606469,"touchZone":"hovering","type":1,"width":19.3387},{"bases":[[[0.991627,0.115287,-0.0581806],[-0.0817561,0.909221,0.408207],[0.0999599,-0.400032,0.911034]],[[0.992055,0.113534,-0.0541898],[-0.1105,0.580497,-0.80673],[-0.0601339,0.806308,0.588431]],[[0.992055,0.113534,-0.0541898],[0.0126741,-0.518756,-0.854828],[-0.125163,0.84735,-0.516074]],[[0.992055,0.113534,-0.0541898],[0.0735218,-0.872765,-0.482572],[-0.102083,0.474754,-0.874178]]],"btipPosition":[53.3534,267.23,19.7311],"carpPosition":[51.9517,311.193,80.5388],"dipPosition":[51.4355,276.15,3.30705],"direction":[0.125163,-0.84735,0.516074],"extended":false,"handId":463,"id":4632,"length":66.9921,"mcpPosition":[44.9792,339.096,16.9914],"pipPosition":[47.8771,300.24,-11.3651],"stabilizedTipPosition":[58.3482,241.419,75.1908],"timeVisible":0.379857,"tipPosition":[52.8713,269.199,16.7206],"tipVelocity":[23.197,20.0427,-141.596],"tool":false,"touchDistance":0.333333,"touchZone":"none","type":2,"width":18.9931},{"bases":[[[0.998851,-0.013709,0.045914],[-0.00747172,0.901919,0.431841],[-0.0473308,-0.431688,0.90078]],[[0.999824,-0.000697234,0.0187552],[0.0161318,0.542659,-0.839798],[-0.00959213,0.839953,0.542574]],[[0.999824,-0.000697234,0.0187552],[0.0150185,-0.569581,-0.821798],[0.0112556,0.821935,-0.569471]],[[0.999824,-0.000697234,0.0187552],[0.00779497,-0.893616,-0.448764],[0.0170728,0.448831,-0.893453]]],"btipPosition":[66.678,272.114,31.2601],"carpPosition":[63.916,313.748,79.4479],"dipPosition":[66.9969,280.498,14.5704],"direction":[-0.0112556,-0.821935,0.569471],"extended":false,"handId":463,"id":4633,"length":64.4147,"mcpPosition":[66.8802,340.783,23.0351],"pipPosition":[67.3086,303.263,-1.20171],"stabilizedTipPosition":[73.4156,243.946,86.0789],"timeVisible":0.379857,"tipPosition":[66.7161,273.894,27.5038],"tipVelocity":[16.9566,38.0741,-113.119],"tool":false,"touchDistance":0.333333,"touchZone":"none","type":3,"width":18.0732},{"bases":[[[0.974072,-0.212413,0.077873],[0.143825,0.847101,0.511599],[-0.174637,-0.487134,0.855688]],[[0.941324,-0.276612,0.193379],[0.319598,0.546406,-0.774143],[0.108474,0.790523,0.60275]],[[0.941324,-0.276612,0.193379],[0.020074,-0.526065,-0.850207],[0.336908,0.804202,-0.489645]],[[0.941324,-0.276612,0.193379],[-0.143935,-0.847265,-0.511298],[0.305274,0.453462,-0.837365]]],"btipPosition":[71.731,285.971,30.7875],"carpPosition":[77.2905,309.217,77.6971],"dipPosition":[76.9919,293.786,16.3571],"direction":[-0.336908,-0.804202,0.489645],"extended":false,"handId":463,"id":4634,"length":50.4999,"mcpPosition":[87.4147,337.458,28.0905],"pipPosition":[83.58,309.512,6.78228],"stabilizedTipPosition":[81.5704,251.917,98.9962],"timeVisible":0.379857,"tipPosition":[73.0171,288.005,27.9697],"tipVelocity":[11.4127,37.4763,-146.655],"tool":false,"touchDistance":0.333333,"touchZone":"none","type":4,"width":16.054}],"r":[[0.969581,-0.22799,0.0890724],[0.234849,0.969056,-0.0760053],[-0.0689877,0.0946118,0.993121]],"s":0.889401,"t":[-20.3738,92.1236,-143.365],"timestamp":521731991976},false],[6,{"currentFrameRate":105.363,"devices":[],"gestures":[],"hands":[{"armBasis":[[0.858918,0.406366,-0.31165],[-0.214519,0.838092,0.501582],[0.465017,-0.363963,0.807025]],"armWidth":63.7064,"confidence":0.896281,"direction":[-0.102947,0.525779,-0.844369],"elbow":[189.029,201.751,300.288],"grabStrength":0,"id":463,"palmNormal":[0.210644,-0.818102,-0.535105],"palmPosition":[51.4447,323.077,34.3378],"palmVelocity":[-1.71383,36.5999,-189.023],"palmWidth":90.9705,"pinchStrength":0.482368,"r":[[0.969561,-0.225708,0.094908],[0.233745,0.968636,-0.0843028],[-0.0729035,0.103921,0.99191]],"s":0.8905,"sphereCenter":[62.0381,294.595,-5.35445],"sphereRadius":48.2526,"stabilizedPalmPosition":[56.7608,290.414,103.253],"t":[-20.3826,92.3606,-144.973],"timeVisible":0.388445,"type":"right","wrist":[63.5015,300,82.4373]}],"id":4135280,"interactionBox":{"center":[0,200,0],"size":[235.247,235.247,147.751]},"pointables":[{"bases":[[[0.182688,0.928067,0.324525],[-0.836388,-0.0268015,0.547482],[0.516798,-0.371447,0.771328]],[[0.0014452,0.998693,0.0510979],[-0.852139,-0.0255104,0.522693],[0.523313,-0.0442979,0.850988]],[[0.0014452,0.998693,0.0510979],[-0.996753,-0.00267502,0.0804736],[0.0805051,-0.0510483,0.995446]],[[0.0014452,0.998693,0.0510979],[-0.761633,0.0342111,-0.647105],[-0.648007,-0.0379827,0.760687]]],"btipPosition":[24.7218,287.567,-15.4103],"carpPosition":[38.4206,282.728,78.792],"dipPosition":[9.55939,286.679,2.38869],"direction":[-0.0805051,0.0510483,-0.995446],"extended":false,"handId":463,"id":4630,"length":52.1052,"mcpPosition":[38.4206,282.728,78.792],"pipPosition":[12.3037,284.938,36.3218],"stabilizedTipPosition":[14.2685,259.343,70.3686],"timeVisible":0.388445,"tipPosition":[19.9152,288.183,-11.5508],"tipVelocity":[49.3354,-38.6825,-150.693],"tool":false,"touchDistance":-0.513735,"touchZone":"hovering","type":0,"width":20.2457},{"bases":[[[0.941042,0.317921,-0.115617],[-0.24758,0.880136,0.405048],[0.230532,-0.352543,0.906956]],[[0.959972,0.279363,-0.0202632],[-0.274725,0.953195,0.126278],[0.0545923,-0.115657,0.991788]],[[0.959972,0.279363,-0.0202632],[-0.280076,0.958258,-0.0574325],[0.00337289,0.0608089,0.998144]],[[0.959972,0.279363,-0.0202632],[-0.278029,0.941611,-0.189918],[-0.0339759,0.187949,0.981591]]],"btipPosition":[22.2377,332.443,-69.7649],"carpPosition":[41.0402,306.224,80.4336],"dipPosition":[21.6573,335.653,-52.9974],"direction":[-0.00337289,-0.0608089,-0.998144],"extended":true,"handId":463,"id":4631,"length":58.7949,"mcpPosition":[24.0837,332.155,13.7235],"pipPosition":[21.7388,337.123,-28.877],"stabilizedTipPosition":[16.3698,308.19,17.8136],"timeVisible":0.388445,"tipPosition":[22.1734,332.203,-65.4841],"tipVelocity":[26.3082,-13.7498,-220.449],"tool":false,"touchDistance":-0.598282,"touchZone":"hovering","type":1,"width":19.3387},{"bases":[[[0.991861,0.112637,-0.0593662],[-0.0798001,0.91326,0.399484],[0.0992134,-0.391496,0.914816]],[[0.992241,0.111106,-0.0557915],[-0.109726,0.571587,-0.813172],[-0.0584587,0.812984,0.579343]],[[0.992241,0.111106,-0.0557915],[0.0115237,-0.529005,-0.848541],[-0.123792,0.841314,-0.526181]],[[0.992241,0.111106,-0.0557915],[0.0718237,-0.87855,-0.47222],[-0.101482,0.464549,-0.879713]]],"btipPosition":[53.2661,267.285,18.9385],"carpPosition":[51.9433,311.801,79.1808],"dipPosition":[51.3595,276.013,2.41042],"direction":[0.123792,-0.841314,0.526181],"extended":false,"handId":463,"id":4632,"length":66.9921,"mcpPosition":[45.0229,339.109,15.3695],"pipPosition":[47.84,299.932,-12.5491],"stabilizedTipPosition":[58.3375,241.473,75.0742],"timeVisible":0.388445,"tipPosition":[52.7818,269.214,15.813],"tipVelocity":[14.4734,15.0906,-129.323],"tool":false,"touchDistance":0.333333,"touchZone":"none","type":2,"width":18.9931},{"bases":[[[0.998825,-0.0153709,0.0459587],[-0.00552884,0.906028,0.423181],[-0.0481446,-0.422938,0.904879]],[[0.999822,-0.00262987,0.0186932],[0.0172026,0.534689,-0.844874],[-0.00777313,0.845045,0.534639]],[[0.999822,-0.00262987,0.0186932],[0.013744,-0.577402,-0.816344],[0.0129404,0.816456,-0.577263]],[[0.999822,-0.00262987,0.0186932],[0.00586722,-0.897911,-0.440137],[0.0179423,0.440168,-0.897736]]],"btipPosition":[66.5816,272.225,30.2702],"carpPosition":[63.9128,314.321,78.0644],"dipPosition":[66.9168,280.448,13.5005],"direction":[-0.0129404,-0.816456,0.577263],"extended":false,"handId":463,"id":4633,"length":64.4147,"mcpPosition":[66.928,340.808,21.3949],"pipPosition":[67.2752,303.06,-2.4874],"stabilizedTipPosition":[73.388,244.069,85.836],"timeVisible":0.388445,"tipPosition":[66.6238,273.97,26.4988],"tipVelocity":[9.63713,30.3033,-114.25],"tool":false,"touchDistance":0.333333,"touchZone":"none","type":3,"width":18.0732},{"bases":[[[0.973631,-0.213707,0.079822],[0.145661,0.851659,0.503448],[-0.175572,-0.478545,0.860331]],[[0.940768,-0.276715,0.195918],[0.320642,0.538307,-0.779368],[0.110199,0.796024,0.595149]],[[0.940768,-0.276715,0.195918],[0.0188605,-0.534236,-0.845125],[0.338525,0.798762,-0.497374]],[[0.940768,-0.276715,0.195918],[-0.145777,-0.851828,-0.503129],[0.306112,0.444768,-0.841711]]],"btipPosition":[71.6653,286.063,29.672],"carpPosition":[77.2776,309.746,76.356],"dipPosition":[76.9405,293.728,15.1667],"direction":[-0.338525,-0.798762,0.497374],"extended":false,"handId":463,"id":4634,"length":50.4999,"mcpPosition":[87.456,337.488,26.4802],"pipPosition":[83.5602,309.348,5.44071],"stabilizedTipPosition":[81.5535,251.987,98.8549],"timeVisible":0.388445,"tipPosition":[72.9545,288.066,26.8324],"tipVelocity":[6.4827,29.3641,-142.762],"tool":false,"touchDistance":0.333333,"touchZone":"non