{"sensorType":"Leap","data":[[0,{"currentFrameRate":102.651,"devices":[],"gestures":[],"hands":[{"armBasis":[[0.83517,0.418515,-0.356843],[-0.214974,0.845603,0.488612],[0.506239,-0.331362,0.796192]],"armWidth":63.7064,"confidence":0.84173,"direction":[-0.149962,0.426027,-0.892195],"elbow":[197.415,227.452,310.193],"grabStrength":0,"id":461,"palmNormal":[0.221699,-0.864931,-0.450272],"palmPosition":[46.2779,334.144,45.4226],"palmVelocity":[-14.5264,11.0931,-186.513],"palmWidth":90.9705,"pinchStrength":0.524118,"r":[[0.994076,0.07789,0.0758048],[-0.0857503,0.990591,0.106658],[-0.066784,-0.112526,0.991402]],"s":1.06013,"sphereCenter":[58.2544,300.82,8.20703],"sphereRadius":48.7184,"stabilizedPalmPosition":[58.8278,309.552,132.803],"t":[-23.7679,85.3716,-158.724],"timeVisible":0.415666,"type":"right","wrist":[60.7596,316.901,95.2669]}],"id":4134503,"interactionBox":{"center":[0,200,0],"size":[235.247,235.247,147.751]},"pointables":[{"bases":[[[0.16016,0.963514,0.214452],[-0.816053,0.00701583,0.577934],[0.555343,-0.267566,0.787402]],[[-0.0356329,0.997414,-0.0624224],[-0.839643,0.00399445,0.543123],[0.541968,0.0717656,0.837329]],[[-0.0356329,0.997414,-0.0624224],[-0.990888,-0.0271432,0.131928],[0.129892,0.0665545,0.989292]],[[-0.0356329,0.997414,-0.0624224],[-0.68344,-0.0698931,-0.726653],[-0.729137,0.0167692,0.684163]]],"btipPosition":[21.7895,292.299,2.94205],"carpPosition":[36.2045,298.542,94.4623],"dipPosition":[4.72869,292.692,18.9505],"direction":[-0.129892,-0.0665545,-0.989292],"extended":false,"handId":461,"id":4610,"length":52.1052,"mcpPosition":[36.2045,298.542,94.4623],"pipPosition":[9.15649,294.961,52.6738],"stabilizedTipPosition":[26.1782,276.93,87.5137],"timeVisible":0.415666,"tipPosition":[17.6919,293.304,6.6156],"tipVelocity":[0.907414,-20.7584,-186.652],"tool":false,"touchDistance":-0.547632,"touchZone":"hovering","type":0,"width":20.2457},{"bases":[[[0.924658,0.333087,-0.184557],[-0.265174,0.911053,0.315698],[0.273296,-0.242973,0.930738]],[[0.950795,0.301481,-0.0713947],[-0.302672,0.953074,-0.00624162],[0.0661627,0.0275437,0.997429]],[[0.950795,0.301481,-0.0713947],[-0.308207,0.943869,-0.118826],[0.0315635,0.134983,0.990345]],[[0.950795,0.301481,-0.0713947],[-0.309751,0.929836,-0.198643],[0.0064983,0.210983,0.977468]]],"btipPosition":[14.2179,331.971,-58.4955],"carpPosition":[38.0355,322.148,93.4356],"dipPosition":[14.3289,335.575,-41.7985],"direction":[-0.0315635,-0.134983,-0.990345],"extended":true,"handId":461,"id":4611,"length":58.7949,"mcpPosition":[17.9335,340.02,24.9762],"pipPosition":[15.0916,338.837,-17.8665],"stabilizedTipPosition":[15.7498,314.071,32.1891],"timeVisible":0.415666,"tipPosition":[14.1872,332.206,-54.5903],"tipVelocity":[19.4434,5.6058,-198.483],"tool":false,"touchDistance":-0.587964,"touchZone":"hovering","type":1,"width":19.3387},{"bases":[[[0.984647,0.136972,-0.108211],[-0.0989673,0.948694,0.300309],[0.143793,-0.284989,0.947684]],[[0.981969,0.141957,-0.124841],[-0.176137,0.447232,-0.876903],[-0.0686496,0.883081,0.464172]],[[0.981969,0.141957,-0.124841],[-0.0379163,-0.499069,-0.865732],[-0.185201,0.854856,-0.484688]],[[0.981969,0.141957,-0.124841],[0.0440343,-0.813982,-0.579218],[-0.183843,0.563277,-0.805556]]],"btipPosition":[50.6815,270.335,31.6194],"carpPosition":[48.684,327.898,91.1772],"dipPosition":[47.2275,280.917,16.4846],"direction":[0.185201,-0.854856,0.484688],"extended":false,"handId":461,"id":4612,"length":66.9921,"mcpPosition":[38.6539,347.777,25.0733],"pipPosition":[41.9622,305.221,2.70478],"stabilizedTipPosition":[63.8072,242.607,112.251],"timeVisible":0.415666,"tipPosition":[49.8242,272.35,27.4886],"tipVelocity":[-15.5722,14.1151,-162.029],"tool":false,"touchDistance":0.333333,"touchZone":"none","type":2,"width":18.9931},{"bases":[[[0.999715,0.0216318,0.0100992],[-0.0237316,0.946487,0.321868],[-0.00259615,-0.322016,0.946731]],[[0.999718,0.0220527,0.00886176],[-0.00122219,0.420075,-0.907489],[-0.0237352,0.907221,0.419983]],[[0.999718,0.0220527,0.00886176],[0.0194612,-0.545548,-0.837853],[-0.0136424,0.837789,-0.545823]],[[0.999718,0.0220527,0.00886176],[0.0233338,-0.839893,-0.54225],[-0.00451515,0.542304,-0.84017]]],"btipPosition":[62.1965,276.967,42.1079],"carpPosition":[60.5115,330.66,89.3476],"dipPosition":[62.1121,287.098,26.4136],"direction":[0.0136424,-0.837789,0.545823],"extended":false,"handId":461,"id":4613,"length":64.4147,"mcpPosition":[60.674,350.827,30.0571],"pipPosition":[61.7343,310.301,11.2964],"stabilizedTipPosition":[77.6296,251.033,121.262],"timeVisible":0.415666,"tipPosition":[62.1813,278.801,38.0038],"tipVelocity":[-18.5294,15.1298,-157.703],"tool":false,"touchDistance":0.333333,"touchZone":"none","type":3,"width":18.0732},{"bases":[[[0.982782,-0.17247,0.0662834],[0.131914,0.906137,0.401889],[-0.129376,-0.386226,0.913286]],[[0.980078,-0.179953,0.0840425],[0.16189,0.478697,-0.862925],[0.115055,0.85934,0.498294]],[[0.980078,-0.179953,0.0840425],[-0.0124546,-0.478006,-0.878269],[0.19822,0.859725,-0.470724]],[[0.980078,-0.179953,0.0840425],[-0.0933206,-0.790779,-0.604947],[0.175321,0.585052,-0.791818]]],"btipPosition":[70.5019,291.47,39.9399],"carpPosition":[73.9665,326.352,87.6508],"dipPosition":[73.5233,301.552,26.2944],"direction":[-0.19822,-0.859725,0.470724],"extended":false,"handId":461,"id":4614,"length":50.4999,"mcpPosition":[81.4667,348.743,34.7051],"pipPosition":[77.3994,318.364,17.0896],"stabilizedTipPosition":[85.4323,268.732,118.599],"timeVisible":0.415666,"tipPosition":[71.2149,293.548,36.2771],"tipVelocity":[-16.185,10.7242,-161.172],"tool":false,"touchDistance":0.333333,"touchZone":"none","type":4,"width":16.054}],"r":[[0.994076,0.07789,0.0758048],[-0.0857503,0.990591,0.106658],[-0.066784,-0.112526,0.991402]],"s":1.06013,"t":[-23.7679,85.3716,-158.724],"timestamp":521723845509},false],[1,{"currentFrameRate":102.994,"devices":[],"gestures":[],"hands":[{"armBasis":[[0.836325,0.416615,-0.356359],[-0.215704,0.847642,0.484742],[0.504015,-0.328534,0.79877]],"armWidth":63.7064,"confidence":0.852643,"direction":[-0.148878,0.424729,-0.892995],"elbow":[196.815,228.339,309.991],"grabStrength":0,"id":461,"palmNormal":[0.221953,-0.865664,-0.448734],"palmPosition":[46.3369,334.196,44.4829],"palmVelocity":[-8.71765,9.60503,-163.651],"palmWidth":90.9705,"pinchStrength":0.526303,"r":[[0.993955,0.0768829,0.0783791],[-0.0848494,0.990955,0.103968],[-0.0696767,-0.10999,0.991487]],"s":1.06022,"sphereCenter":[58.3447,300.835,7.32731],"sphereRadius":48.7152,"stabilizedPalmPosition":[58.8269,309.554,132.796],"t":[-23.7769,85.4361,-159.866],"timeVisible":0.424726,"type":"right","wrist":[60.7598,317.024,94.3687]}],"id":4134504,"interactionBox":{"center":[0,200,0],"size":[235.247,235.247,147.751]},"pointables":[{"bases":[[[0.160188,0.963791,0.213181],[-0.816678,0.00810205,0.577037],[0.554416,-0.266534,0.788405]],[[-0.0355297,0.997299,-0.0642879],[-0.840538,0.00497609,0.54173],[0.540587,0.0732839,0.83809]],[[-0.0355297,0.997299,-0.0642879],[-0.990914,-0.0268065,0.131795],[0.129716,0.0683865,0.98919]],[[-0.0355297,0.997299,-0.0642879],[-0.680861,-0.0712452,-0.728939],[-0.73155,0.0178721,0.681553]]],"btipPosition":[21.917,292.263,2.07127],"carpPosition":[36.2006,298.67,93.565],"dipPosition":[4.79975,292.682,18.0187],"direction":[-0.129716,-0.0683865,-0.98919],"extended":false,"handId":461,"id":4610,"length":52.1052,"mcpPosition":[36.2006,298.67,93.565],"pipPosition":[9.22155,295.013,51.7385],"stabilizedTipPosition":[26.1778,276.931,87.5091],"timeVisible":0.424726,"tipPosition":[17.8024,293.257,5.72129],"tipVelocity":[4.14815,-15.9447,-162.079],"tool":false,"touchDistance":-0.534474,"touchZone":"hovering","type":0,"width":20.2457},{"bases":[[[0.924948,0.332561,-0.184052],[-0.26527,0.911597,0.314044],[0.27222,-0.241651,0.931397]],[[0.951033,0.300978,-0.0703404],[-0.302145,0.953241,-0.00634485],[0.0651416,0.0272872,0.997503]],[[0.951033,0.300978,-0.0703404],[-0.3076,0.943923,-0.119968],[0.0302882,0.13573,0.990283]],[[0.951033,0.300978,-0.0703404],[-0.309047,0.92966,-0.200557],[0.00502954,0.212474,0.977154]]],"btipPosition":[14.4004,331.967,-59.4711],"carpPosition":[38.0391,322.274,92.5049],"dipPosition":[14.4863,335.596,-42.7794],"direction":[-0.0302882,-0.13573,-0.990283],"extended":true,"handId":461,"id":4611,"length":58.7949,"mcpPosition":[18.0163,340.048,23.997],"pipPosition":[15.2182,338.876,-18.849],"stabilizedTipPosition":[15.7497,314.072,32.1858],"timeVisible":0.424726,"tipPosition":[14.363,332.2,-55.567],"tipVelocity":[19.4623,4.11897,-173.446],"tool":false,"touchDistance":-0.572153,"touchZone":"hovering","type":1,"width":19.3387},{"bases":[[[0.984801,0.136545,-0.107347],[-0.0990363,0.94917,0.298779],[0.142687,-0.283607,0.948266]],[[0.982142,0.141506,-0.12399],[-0.175152,0.447057,-0.87719],[-0.0686973,0.883242,0.463858]],[[0.982142,0.141506,-0.12399],[-0.0370473,-0.500662,-0.86485],[-0.184458,0.853999,-0.486478]],[[0.982142,0.141506,-0.12399],[0.044695,-0.815639,-0.576832],[-0.182756,0.560989,-0.807398]]],"btipPosition":[50.727,270.417,30.7517],"carpPosition":[48.6916,328.018,90.2494],"dipPosition":[47.2934,280.957,15.5823],"direction":[0.184458,-0.853999,0.486478],"extended":false,"handId":461,"id":4612,"length":66.9921,"mcpPosition":[38.7387,347.8,24.1049],"pipPosition":[42.0492,305.237,1.75156],"stabilizedTipPosition":[63.8047,242.612,112.236],"timeVisible":0.424726,"tipPosition":[49.8813,272.419,26.6486],"tipVelocity":[-9.74151,12.4394,-143.976],"tool":false,"touchDistance":0.333333,"touchZone":"none","type":2,"width":18.9931},{"bases":[[[0.999709,0.0213779,0.0111522],[-0.0238247,0.946975,0.320423],[-0.00371091,-0.320595,0.947209]],[[0.999713,0.0217601,0.0100228],[-0.0000545347,0.420425,-0.907327],[-0.0239574,0.907066,0.420305]],[[0.999713,0.0217601,0.0100228],[0.0202918,-0.546686,-0.837092],[-0.0127359,0.837055,-0.54697]],[[0.999713,0.0217601,0.0100228],[0.0237272,-0.841424,-0.539855],[-0.00331387,0.539938,-0.841698]]],"btipPosition":[62.239,277.064,41.2048],"carpPosition":[60.5218,330.774,88.4285],"dipPosition":[62.1771,287.15,25.4819],"direction":[0.0127359,-0.837055,0.54697],"extended":false,"handId":461,"id":4613,"length":64.4147,"mcpPosition":[60.7542,350.851,29.108],"pipPosition":[61.8244,310.333,10.333],"stabilizedTipPosition":[77.6258,251.04,121.242],"timeVisible":0.424726,"tipPosition":[62.2308,278.89,37.1424],"tipVelocity":[-11.9589,13.5742,-141.881],"tool":false,"touchDistance":0.333333,"touchZone":"none","type":3,"width":18.0732},{"bases":[[[0.982663,-0.172635,0.067609],[0.131723,0.906703,0.400673],[-0.130471,-0.384821,0.913723]],[[0.979943,-0.180078,0.085346],[0.162945,0.477521,-0.863379],[0.114721,0.859969,0.497286]],[[0.979943,-0.180078,0.085346],[-0.011985,-0.480757,-0.876772],[0.198918,0.858164,-0.473273]],[[0.979943,-0.180078,0.085346],[-0.0933282,-0.793122,-0.60187],[0.176073,0.581833,-0.794021]]],"btipPosition":[70.5617,291.56,39.14],"carpPosition":[73.9775,326.46,86.7528],"dipPosition":[73.596,301.587,25.4565],"direction":[-0.198918,-0.858164,0.473273],"extended":false,"handId":461,"id":4614,"length":50.4999,"mcpPosition":[81.5413,348.769,33.7817],"pipPosition":[77.4857,318.368,16.2019],"stabilizedTipPosition":[85.4306,268.735,118.589],"timeVisible":0.424726,"tipPosition":[71.2755,293.616,35.4707],"tipVelocity":[-9.80413,10.1149,-141.313],"tool":false,"touchDistance":0.333333,"touchZone":"none","type":4,"width":16.054}],"r":[[0.993955,0.0768829,0.0783791],[-0.0848494,0.990955,0.103968],[-0.0696767,-0.10999,0.991487]],"s":1.06022,"t":[-23.7769,85.4361,-159.866],"timestamp":521723854569},false],[2,{"currentFrameRate":103.331,"devices":[],"gestures":[],"hands":[{"armBasis":[[0.836004,0.418544,-0.35485],[-0.220098,0.848156,0.481859],[0.502647,-0.324734,0.801183]],"armWidth":63.7064,"confidence":0.863385,"direction":[-0.148223,0.425087,-0.892934],"elbow":[196.38,229.272,309.478],"grabStrength":0,"id":461,"palmNormal":[0.225753,-0.864524,-0.449037],"palmPosition":[46.3293,334.104,43.3023],"palmVelocity":[-6.54581,4.16663,-154.547],"palmWidth":90.9705,"pinchStrength":0.52878,"r":[[0.993766,0.0767072,0.0809049],[-0.0848078,0.991166,0.101964],[-0.0723688,-0.10819,0.991493]],"s":1.0602,"sphereCenter":[58.5248,300.837,6.14109],"sphereRadius":48.7101,"stabilizedPalmPosition":[58.8263,309.555,132.792],"t":[-23.7852,85.4225,-161.028],"timeVisible":0.433765,"type":"right","wrist":[60.6946,316.932,93.2046]}],"id":4134505,"interactionBox":{"center":[0,200,0],"size":[235.247,235.247,147.751]},"pointables":[{"bases":[[[0.156602,0.964101,0.214442],[-0.818003,0.00493293,0.575192],[0.553486,-0.265491,0.78941]],[[-0.0388967,0.9972,-0.0638687],[-0.842085,0.00169751,0.539343],[0.537941,0.0747615,0.839661]],[[-0.0388967,0.9972,-0.0638687],[-0.991004,-0.030306,0.130356],[0.128055,0.0683645,0.989408]],[[-0.0388967,0.9972,-0.0638687],[-0.677267,-0.0733055,-0.732076],[-0.734708,0.0147808,0.678222]]],"btipPosition":[22.1754,292.093,0.826509],"carpPosition":[36.1964,298.5,92.3281],"dipPosition":[4.98423,292.439,16.696],"direction":[-0.128055,-0.0683645,-0.989408],"extended":false,"handId":461,"id":4610,"length":52.1052,"mcpPosition":[36.1964,298.5,92.3281],"pipPosition":[9.3494,294.769,50.4232],"stabilizedTipPosition":[26.1775,276.931,87.5056],"timeVisible":0.433765,"tipPosition":[18.0364,293.056,4.45206],"tipVelocity":[10.3641,-17.2634,-155.91],"tool":false,"touchDistance":-0.5283,"touchZone":"hovering","type":0,"width":20.2457},{"bases":[[[0.924287,0.335707,-0.181646],[-0.268912,0.910443,0.314292],[0.270889,-0.241649,0.931786]],[[0.950274,0.303999,-0.0675613],[-0.305,0.95234,-0.00477302],[0.0628904,0.0251419,0.997704]],[[0.950274,0.303999,-0.0675613],[-0.310206,0.943143,-0.119386],[0.0274268,0.134407,0.990547]],[[0.950274,0.303999,-0.0675613],[-0.311411,0.928836,-0.200714],[0.00173644,0.211773,0.977317]]],"btipPosition":[14.6427,331.939,-60.7282],"carpPosition":[37.9614,322.111,91.2942],"dipPosition":[14.6723,335.557,-44.0337],"direction":[-0.0274268,-0.134407,-0.990547],"extended":true,"handId":461,"id":4611,"length":58.7949,"mcpPosition":[18.0365,339.885,22.7577],"pipPosition":[15.3351,338.805,-20.0969],"stabilizedTipPosition":[15.7497,314.073,32.1831],"timeVisible":0.433765,"tipPosition":[14.5943,332.166,-56.8252],"tipVelocity":[21.0904,2.06687,-163.954],"tool":false,"touchDistance":-0.562118,"touchZone":"hovering","type":1,"width":19.3387},{"bases":[[[0.984596,0.139812,-0.104989],[-0.102766,0.948565,0.299439],[0.141454,-0.284037,0.948321]],[[0.981955,0.144788,-0.121657],[-0.174733,0.448576,-0.876497],[-0.072334,0.881939,0.465781]],[[0.981955,0.144788,-0.121657],[-0.0334345,-0.500252,-0.865234],[-0.186135,0.853689,-0.486384]],[[0.981955,0.144788,-0.121657],[0.048889,-0.815785,-0.576286],[-0.182685,0.559939,-0.808143]]],"btipPosition":[50.9434,270.412,29.4852],"carpPosition":[48.6003,327.891,89.0681],"dipPosition":[47.5111,280.932,14.3018],"direction":[0.186135,-0.853689,0.486384],"extended":false,"handId":461,"id":4612,"length":66.9921,"mcpPosition":[38.7335,347.703,22.9198],"pipPosition":[42.2193,305.203,0.47376],"stabilizedTipPosition":[63.803,242.616,112.225],"timeVisible":0.433765,"tipPosition":[50.1073,272.405,25.4169],"tipVelocity":[-0.450141,8.70278,-143.01],"tool":false,"touchDistance":0.333333,"touchZone":"none","type":2,"width":18.9931},{"bases":[[[0.999607,0.0245827,0.0134369],[-0.0275973,0.946592,0.321251],[-0.004822,-0.321496,0.946899]],[[0.999612,0.0249334,0.012404],[0.000699575,0.422788,-0.906228],[-0.0278396,0.905885,0.422607]],[[0.999612,0.0249334,0.012404],[0.0240059,-0.545721,-0.837623],[-0.0141157,0.837596,-0.546108]],[[0.999612,0.0249334,0.012404],[0.0276846,-0.841465,-0.539601],[-0.00301656,0.539735,-0.841829]]],"btipPosition":[62.4186,277.074,39.9482],"carpPosition":[60.4257,330.686,87.2767],"dipPosition":[62.3623,287.157,24.2228],"direction":[0.0141157,-0.837596,0.546108],"extended":false,"handId":461,"id":4613,"length":64.4147,"mcpPosition":[60.7277,350.821,27.9756],"pipPosition":[61.9713,310.355,9.09774],"stabilizedTipPosition":[77.6233,251.045,121.228],"timeVisible":0.433765,"tipPosition":[62.4153,278.904,35.9263],"tipVelocity":[-3.14896,10.134,-141.112],"tool":false,"touchDistance":0.333333,"touchZone":"none","type":3,"width":18.0732},{"bases":[[[0.983058,-0.169537,0.0696739],[0.127897,0.906745,0.401816],[-0.131299,-0.386097,0.913066]],[[0.980336,-0.17697,0.0873147],[0.163286,0.478986,-0.862502],[0.110815,0.859799,0.498464]],[[0.980336,-0.17697,0.0873147],[-0.00892748,-0.481782,-0.876245],[0.197136,0.858235,-0.473888]],[[0.980336,-0.17697,0.0873147],[-0.0899804,-0.794658,-0.600352],[0.17563,0.58069,-0.794955]]],"btipPosition":[70.7117,291.616,38.0392],"carpPosition":[73.899,326.418,85.6274],"dipPosition":[73.7384,301.623,24.3396],"direction":[-0.197136,-0.858235,0.473888],"extended":false,"handId":461,"id":4614,"length":50.4999,"mcpPosition":[81.5107,348.801,32.6944],"pipPosition":[77.5933,318.405,15.0729],"stabilizedTipPosition":[85.4294,268.737,118.582],"timeVisible":0.433765,"tipPosition":[71.4226,293.658,34.3647],"tipVelocity":[-2.58118,8.89542,-136.044],"tool":false,"touchDistance":0.333333,"touchZone":"none","type":4,"width":16.054}],"r":[[0.993766,0.0767072,0.0809049],[-0.0848078,0.991166,0.101964],[-0.0723688,-0.10819,0.991493]],"s":1.0602,"t":[-23.7852,85.4225,-161.028],"timestamp":521723863608},false],[3,{"currentFrameRate":103.649,"devices":[],"gestures":[],"hands":[{"armBasis":[[0.837767,0.417085,-0.352402],[-0.221154,0.849272,0.479404],[0.499237,-0.323694,0.803732]],"armWidth":63.7064,"confidence":0.872942,"direction":[-0.146366,0.425474,-0.893056],"elbow":[195.366,229.6,309.157],"grabStrength":0,"id":461,"palmNormal":[0.226327,-0.86443,-0.448929],"palmPosition":[46.3367,334.174,42.2722],"palmVelocity":[-4.51552,5.16235,-143.322],"palmWidth":90.9705,"pinchStrength":0.531083,"r":[[0.993583,0.0764978,0.083313],[-0.0847433,0.991331,0.100403],[-0.0749102,-0.106819,0.991453]],"s":1.06025,"sphereCenter":[58.5763,300.934,5.1297],"sphereRadius":48.7063,"stabilizedPalmPosition":[58.8258,309.556,132.788],"t":[-23.7857,85.4509,-162.124],"timeVisible":0.442813,"type":"right","wrist":[60.6003,316.979,92.1955]}],"id":4134506,"interactionBox":{"center":[0,200,0],"size":[235.247,235.247,147.751]},"pointables":[{"bases":[[[0.156512,0.963967,0.215107],[-0.819105,0.00498942,0.573622],[0.551879,-0.265974,0.790371]],[[-0.038579,0.997219,-0.0637629],[-0.84336,0.00173154,0.537346],[0.535962,0.0745053,0.840948]],[[-0.038579,0.997219,-0.0637629],[-0.991201,-0.0301043,0.128898],[0.12662,0.0681745,0.989606]],[[-0.038579,0.997219,-0.0637629],[-0.674809,-0.073062,-0.734367],[-0.736984,0.0146966,0.675751]]],"btipPosition":[22.2776,292.169,-0.249804],"carpPosition":[36.0977,298.555,91.2649],"dipPosition":[5.03325,292.513,15.5618],"direction":[-0.12662,-0.0681745,-0.989606],"extended":false,"handId":461,"id":4610,"length":52.1052,"mcpPosition":[36.0977,298.555,91.2649],"pipPosition":[9.3495,294.837,49.2958],"stabilizedTipPosition":[26.1772,276.932,87.5029],"timeVisible":0.442813,"tipPosition":[18.1227,293.117,3.35934],"tipVelocity":[10.2495,-10.1842,-146.123],"tool":false,"touchDistance":-0.520148,"touchZone":"hovering","type":0,"width":20.2457},{"bases":[[[0.924746,0.335466,-0.179744],[-0.269211,0.910414,0.31412],[0.269018,-0.242092,0.932213]],[[0.950532,0.303655,-0.0654449],[-0.304571,0.95248,-0.00427324],[0.0610373,0.0239945,0.997847]],[[0.950532,0.303655,-0.0654449],[-0.309586,0.943316,-0.119627],[0.0254098,0.13397,0.99066]],[[0.950532,0.303655,-0.0654449],[-0.310627,0.928929,-0.201497],[-0.000391887,0.211858,0.9773]]],"btipPosition":[14.8562,332.085,-61.819],"carpPosition":[37.8726,322.166,90.2433],"dipPosition":[14.8495,335.704,-45.1248],"direction":[-0.0254098,-0.13397,-0.99066],"extended":true,"handId":461,"id":4611,"length":58.7949,"mcpPosition":[18.0853,339.972,21.6755],"pipPosition":[15.4635,338.942,-21.1853],"stabilizedTipPosition":[15.7497,314.073,32.1809],"timeVisible":0.442813,"tipPosition":[14.7983,332.317,-57.918],"tipVelocity":[21.5273,5.95665,-151.987],"tool":false,"touchDistance":-0.550603,"touchZone":"hovering","type":1,"width":19.3387},{"bases":[[[0.984843,0.139523,-0.103044],[-0.103025,0.948486,0.2996],[0.139537,-0.284443,0.948484]],[[0.982227,0.14452,-0.119764],[-0.173078,0.450517,-0.87583],[-0.072619,0.880993,0.467524]],[[0.982227,0.14452,-0.119764],[-0.0318874,-0.500318,-0.865254],[-0.184967,0.853696,-0.486817]],[[0.982227,0.14452,-0.119764],[0.0500556,-0.81666,-0.574944],[-0.180898,0.558731,-0.80938]]],"btipPosition":[50.9415,270.56,28.3973],"carpPosition":[48.5177,327.943,88.0399],"dipPosition":[47.5428,281.058,13.1906],"direction":[0.184967,-0.853696,0.486817],"extended":false,"handId":461,"id":4612,"length":66.9921,"mcpPosition":[38.7846,347.784,21.8803],"pipPosition":[42.2841,305.329,-0.649733],"stabilizedTipPosition":[63.8019,242.619,112.218],"timeVisible":0.442813,"tipPosition":[50.1214,272.541,24.3658],"tipVelocity":[-0.150326,10.6761,-136.892],"tool":false,"touchDistance":0.333333,"touchZone":"none","type":2,"width":18.9931},{"bases":[[[0.999588,0.0242433,0.0153663],[-0.0278984,0.94648,0.321555],[-0.00674834,-0.321851,0.946766]],[[0.999594,0.0245489,0.0144673],[0.00276454,0.421772,-0.906698],[-0.0283603,0.90637,0.421533]],[[0.999594,0.0245489,0.0144673],[0.0255812,-0.549469,-0.835122],[-0.012552,0.835153,-0.549874]],[[0.999594,0.0245489,0.0144673],[0.0284803,-0.844587,-0.53466],[-0.000906405,0.534854,-0.844944]]],"btipPosition":[62.4015,277.283,39.1625],"carpPosition":[60.3475,330.735,86.2722],"dipPosition":[62.3846,287.274,23.379],"direction":[0.012552,-0.835153,0.549874],"extended":false,"handId":461,"id":4613,"length":64.4147,"mcpPosition":[60.7701,350.892,26.9795],"pipPosition":[62.0369,310.404,8.14961],"stabilizedTipPosition":[77.6214,251.048,121.217],"timeVisible":0.442813,"tipPosition":[62.4109,279.083,35.0713],"tipVelocity":[-2.52523,13.0564,-126.548],"tool":false,"touchDistance":0.333333,"touchZone":"none","type":3,"width":18.0732},{"bases":[[[0.982866,-0.169892,0.071498],[0.127428,0.90655,0.402404],[-0.133182,-0.386398,0.912666]],[[0.980128,-0.177277,0.089003],[0.165008,0.479608,-0.861829],[0.110096,0.859389,0.499329]],[[0.980128,-0.177277,0.089003],[-0.00779633,-0.482763,-0.875717],[0.198212,0.857621,-0.474551]],[[0.980128,-0.177277,0.089003],[-0.0895602,-0.795824,-0.598868],[0.176996,0.578996,-0.795887]]],"btipPosition":[70.7251,291.734,37.0806],"carpPosition":[73.8224,326.463,84.6473],"dipPosition":[73.7753,301.712,23.365],"direction":[-0.198212,-0.857621,0.474551],"extended":false,"handId":461,"id":4614,"length":50.4999,"mcpPosition":[81.5433,348.863,31.7375],"pipPosition":[77.6513,318.483,14.0854],"stabilizedTipPosition":[85.4286,268.739,118.576],"timeVisible":0.442813,"tipPosition":[71.4385,293.761,33.407],"tipVelocity":[-1.29576,9.84327,-127.853],"tool":false,"touchDistance":0.333333,"touchZone":"none","type":4,"width":16.054}],"r":[[0.993583,0.0764978,0.083313],[-0.0847433,0.991331,0.100403],[-0.0749102,-0.106819,0.991453]],"s":1.06025,"t":[-23.7857,85.4509,-162.124],"timestamp":521723872656},false],[4,{"currentFrameRate":103.881,"devices":[],"gestures":[],"hands":[{"armBasis":[[0.839437,0.415226,-0.350618],[-0.223036,0.851545,0.474475],[0.495582,-0.320091,0.807428]],"armWidth":63.7064,"confidence":0.884247,"direction":[-0.142969,0.424953,-0.893854],"elbow":[194.147,230.652,308.308],"grabStrength":0,"id":461,"palmNormal":[0.227481,-0.864844,-0.447546],"palmPosition":[46.2913,334.228,40.364],"palmVelocity":[-4.63344,5.35535,-161.298],"palmWidth":90.9705,"pinchStrength":0.533432,"r":[[0.993379,0.0762428,0.0859364],[-0.0846584,0.991483,0.0989622],[-0.0776594,-0.105582,0.991373]],"s":1.06035,"sphereCenter":[58.6299,300.974,3.29792],"sphereRadius":48.7006,"stabilizedPalmPosition":[58.8255,309.556,132.786],"t":[-23.8086,85.492,-163.626],"timeVisible":0.452003,"type":"right","wrist":[60.3684,317.058,90.3491]}],"id":4134507,"interactionBox":{"center":[0,200,0],"size":[235.247,235.247,147.751]},"pointables":[{"bases":[[[0.156239,0.964031,0.215021],[-0.821139,0.0057892,0.570699],[0.548927,-0.265728,0.792507]],[[-0.0379563,0.997181,-0.0647282],[-0.845516,0.00247545,0.533944],[0.532599,0.0749953,0.843039]],[[-0.0379563,0.997181,-0.0647282],[-0.99163,-0.0295872,0.125677],[0.123408,0.0689566,0.989957]],[[-0.0379563,0.997181,-0.0647282],[-0.670904,-0.0734349,-0.737899],[-0.740572,0.0154185,0.6718]]],"btipPosition":[22.401,292.193,-2.19496],"carpPosition":[35.8598,298.647,89.3437],"dipPosition":[5.07268,292.554,13.5242],"direction":[-0.123408,-0.0689566,-0.989957],"extended":false,"handId":461,"id":4610,"length":52.1052,"mcpPosition":[35.8598,298.647,89.3437],"pipPosition":[9.27944,294.904,47.2702],"stabilizedTipPosition":[26.177,276.932,87.501],"timeVisible":0.452003,"tipPosition":[18.2198,293.127,1.38759],"tipVelocity":[10.5503,-6.49936,-165.086],"tool":false,"touchDistance":-0.525963,"touchZone":"hovering","type":0,"width":20.2457},{"bases":[[[0.925551,0.334875,-0.176674],[-0.269862,0.910761,0.312554],[0.265574,-0.241607,0.933325]],[[0.950948,0.303064,-0.0620519],[-0.303966,0.952667,-0.00542328],[0.0574713,0.0240189,0.998058]],[[0.950948,0.303064,-0.0620519],[-0.308587,0.943409,-0.121465],[0.0217285,0.134656,0.990654]],[[0.950948,0.303064,-0.0620519],[-0.309324,0.928858,-0.203819],[-0.00413286,0.213015,0.97704]]],"btipPosition":[15.1933,332.103,-63.836],"carpPosition":[37.6504,322.256,88.3127],"dipPosition":[15.1227,335.741,-47.1462],"direction":[-0.0217285,-0.134656,-0.990654],"extended":true,"handId":461,"id":4611,"length":58.7949,"mcpPosition":[18.1164,340.027,19.663],"pipPosition":[15.6478,338.995,-23.2068],"stabilizedTipPosition":[15.7497,314.074,32.179],"timeVisible":0.452003,"tipPosition":[15.1171,332.344,-59.9372],"tipVelocity":[25.316,4.94899,-170.88],"tool":false,"touchDistance":-0.554146,"touchZone":"hovering","type":1,"width":19.3387},{"bases":[[[0.985275,0.138952,-0.0996308],[-0.103605,0.948738,0.2986],[0.136015,-0.283881,0.949164]],[[0.982707,0.143965,-0.116449],[-0.169938,0.451452,-0.875964],[-0.0735371,0.880605,0.46811]],[[0.982707,0.143965,-0.116449],[-0.0290374,-0.501295,-0.864789],[-0.182875,0.853216,-0.488446]],[[0.982707,0.143965,-0.116449],[0.0519842,-0.818101,-0.57272],[-0.177719,0.556763,-0.811438]]],"btipPosition":[50.9007,270.674,26.51],"carpPosition":[48.3062,328.026,86.1434],"dipPosition":[47.5618,281.134,11.2647],"direction":[0.182875,-0.853216,0.488446],"extended":false,"handId":461,"id":4612,"length":66.9921,"mcpPosition":[38.8188,347.828,19.9363],"pipPosition":[42.3626,305.391,-2.62199],"stabilizedTipPosition":[63.8011,242.62,112.212],"timeVisible":0.452003,"tipPosition":[50.1021,272.639,22.508],"tipVelocity":[-0.92915,10.8797,-156.299],"tool":false,"touchDistance":0.333333,"touchZone":"none","type":2,"width":18.9931},{"bases":[[[0.999539,0.0237444,0.018908],[-0.0285583,0.946708,0.320824],[-0.0102826,-0.321216,0.94695]],[[0.999546,0.0239779,0.0182195],[0.00645778,0.420267,-0.907377],[-0.0294141,0.907084,0.419922]],[[0.999546,0.0239779,0.0182195],[0.0284613,-0.554463,-0.831722],[-0.00984089,0.831863,-0.554894]],[[0.999546,0.0239779,0.0182195],[0.0299836,-0.848764,-0.527922],[0.00280562,0.528228,-0.849098]]],"btipPosition":[62.3217,277.502,37.5833],"carpPosition":[60.1436,330.811,84.4159],"dipPosition":[62.3741,287.369,21.7221],"direction":[0.00984089,-0.831863,0.554894],"extended":false,"handId":461,"id":4613,"length":64.4147,"mcpPosition":[60.7876,350.928,25.1117],"pipPosition":[62.1015,310.409,6.35373],"stabilizedTipPosition":[77.6201,251.051,121.21],"timeVisible":0.452003,"tipPosition":[62.3524,279.259,33.4268],"tipVelocity":[-3.76255,15.2091,-139.75],"tool":false,"touchDistance":0.333333,"touchZone":"none","type":3,"width":18.0732},{"bases":[[[0.982518,-0.170345,0.075109],[0.126459,0.906753,0.402252],[-0.136627,-0.385721,0.912443]],[[0.979795,-0.177519,0.0921383],[0.167805,0.478953,-0.861653],[0.10883,0.859704,0.499065]],[[0.979795,-0.177519,0.0921383],[-0.00583234,-0.48584,-0.874028],[0.199921,0.855831,-0.477058]],[[0.979795,-0.177519,0.0921383],[-0.0886974,-0.798558,-0.595347],[0.179263,0.575145,-0.798168]]],"btipPosition":[70.6968,291.853,35.3857],"carpPosition":[73.6221,326.531,82.8418],"dipPosition":[73.786,301.765,21.6308],"direction":[-0.199921,-0.855831,0.477058],"extended":false,"handId":461,"id":4614,"length":50.4999,"mcpPosition":[81.5427,348.892,29.9449],"pipPosition":[77.6954,318.5,12.3021],"stabilizedTipPosition":[85.428,268.74,118.573],"timeVisible":0.452003,"tipPosition":[71.4142,293.853,31.6938],"tipVelocity":[-1.52206,10.2485,-143.939],"tool":false,"touchDistance":0.333333,"touchZone":"none","type":4,"width":16.054}],"r":[[0.993379,0.0762428,0.0859364],[-0.0846584,0.991483,0.0989622],[-0.0776594,-0.105582,0.991373]],"s":1.06035,"t":[-23.8086,85.492,-163.626],"timestamp":521723881846},false],[5,{"currentFrameRate":104.262,"devices":[],"gestures":[],"hands":[{"armBasis":[[0.841399,0.413915,-0.347452],[-0.224803,0.852745,0.471476],[0.491439,-0.318591,0.810548]],"armWidth":63.7064,"confidence":0.892488,"direction":[-0.141175,0.425469,-0.893894],"elbow":[192.933,230.994,307.807],"grabStrength":0,"id":461,"palmNormal":[0.228683,-0.864501,-0.447595],"palmPosition":[46.2981,334.192,39.0018],"palmVelocity":[-3.16809,2.7899,-159.172],"palmWidth":90.9705,"pinchStrength":0.535261,"r":[[0.993169,0.0760866,0.0884697],[-0.0846858,0.991587,0.0978964],[-0.0802768,-0.10472,0.991256]],"s":1.06043,"sphereCenter":[58.7221,300.981,1.9486],"sphereRadius":48.6951,"stabilizedPalmPosition":[58.8253,309.557,132.785],"t":[-23.8166,85.4943,-165.058],"timeVisible":0.460879,"type":"right","wrist":[60.273,316.995,89.0063]}],"id":4134508,"interactionBox":{"center":[0,200,0],"size":[235.247,235.247,147.751]},"pointables":[{"bases":[[[0.155505,0.963941,0.215955],[-0.82236,0.00520297,0.568943],[0.547304,-0.266066,0.793516]],[[-0.0383532,0.997177,-0.0645555],[-0.846988,0.0018387,0.531608],[0.530226,0.0750666,0.844527]],[[-0.0383532,0.997177,-0.0645555],[-0.991829,-0.0301218,0.12397],[0.121676,0.0687826,0.990184]],[[-0.0383532,0.997177,-0.0645555],[-0.667495,-0.0736417,-0.740963],[-0.743625,0.0146722,0.668435]]],"btipPosition":[22.562,292.143,-3.60495],"carpPosition":[35.7718,298.577,87.9369],"dipPosition":[5.16216,292.486,12.0355],"direction":[-0.121676,-0.0687826,-0.990184],"extended":false,"handId":461,"id":4610,"length":52.1052,"mcpPosition":[35.7718,298.577,87.9369],"pipPosition":[9.30988,294.831,45.7892],"stabilizedTipPosition":[26.1769,276.932,87.4996],"timeVisible":0.460879,"tipPosition":[18.3541,293.058,-0.0463902],"tipVelocity":[12.105,-6.38574,-163.948],"tool":false,"touchDistance":-0.523121,"touchZone":"hovering","type":0,"width":20.2457},{"bases":[[[0.925833,0.335245,-0.174484],[-0.270788,0.91049,0.312542],[0.263644,-0.242113,0.933742]],[[0.951026,0.303308,-0.0596158],[-0.304126,0.952619,-0.00494937],[0.0552899,0.0228377,0.998209]],[[0.951026,0.303308,-0.0596158],[-0.308505,0.943414,-0.121638],[0.0193486,0.134073,0.990783]],[[0.951026,0.303308,-0.0596158],[-0.309039,0.928811,-0.204461],[-0.00664275,0.212871,0.977058]]],"btipPosition":[15.4369,332.138,-65.2647],"carpPosition":[37.5579,322.187,86.9244],"dipPosition":[15.3235,335.775,-48.5746],"direction":[-0.0193486,-0.134073,-0.990783],"extended":true,"handId":461,"id":4611,"length":58.7949,"mcpPosition":[18.1659,339.995,18.2441],"pipPosition":[15.791,339.015,-24.6322],"stabilizedTipPosition":[15.7497,314.074,32.1774],"timeVisible":0.460879,"tipPosition":[15.3476,332.385,-61.3677],"tipVelocity":[25.593,4.68536,-168.187],"tool":false,"touchDistance":-0.548494,"touchZone":"hovering","type":1,"width":19.3387},{"bases":[[[0.985446,0.139291,-0.0974347],[-0.104512,0.948523,0.298968],[0.134063,-0.284434,0.949276]],[[0.98288,0.144377,-0.114466],[-0.168459,0.452562,-0.875676],[-0.0746243,0.879967,0.469136]],[[0.98288,0.144377,-0.114466],[-0.0269329,-0.502006,-0.864445],[-0.182269,0.852728,-0.489523]],[[0.98288,0.144377,-0.114466],[0.0538287,-0.819171,-0.571017],[-0.176209,0.55508,-0.812919]]],"btipPosition":[50.9542,270.724,25.1493],"carpPosition":[48.2168,327.962,84.7815],"dipPosition":[47.6436,281.153,9.8762],"direction":[0.182269,-0.852728,0.489523],"extended":false,"handId":461,"id":4612,"length":66.9921,"mcpPosition":[38.8655,347.802,18.5666],"pipPosition":[42.4617,305.396,-4.04109],"stabilizedTipPosition":[63.8005,242.622,112.209],"timeVisible":0.460879,"tipPosition":[50.1647,272.674,21.1496],"tipVelocity":[1.15757,9.24716,-155.68],"tool":false,"touchDistance":0.333333,"touchZone":"none","type":2,"width":18.9931},{"bases":[[[0.99949,0.0240138,0.0210627],[-0.0295126,0.9465,0.321351],[-0.012219,-0.321809,0.946726]],[[0.999497,0.024211,0.0204826],[0.00838391,0.421167,-0.906944],[-0.0305846,0.90666,0.420752]],[[0.999497,0.024211,0.0204826],[0.0304836,-0.555402,-0.831023],[-0.00874381,0.83123,-0.55586]],[[0.999497,0.024211,0.0204826],[0.0313661,-0.849967,-0.525901],[0.00467694,0.526279,-0.850299]]],"btipPosition":[62.3433,277.552,36.2747],"carpPosition":[60.0571,330.752,83.0812],"dipPosition":[62.4307,287.383,20.3911],"direction":[0.00874381,-0.83123,0.555861],"extended":false,"handId":461,"id":4613,"length":64.4147,"mcpPosition":[60.8223,350.905,23.7909],"pipPosition":[62.1885,310.405,4.99592],"stabilizedTipPosition":[77.6192,251.052,121.204],"timeVisible":0.460879,"tipPosition":[62.3848,279.297,32.1166],"tipVelocity":[-1.83391,12.3567,-141.992],"tool":false,"touchDistance":0.333333,"touchZone":"none","type":3,"width":18.0732},{"bases":[[[0.982403,-0.170115,0.0771064],[0.125341,0.906538,0.403085],[-0.138471,-0.386327,0.911908]],[[0.979753,-0.177038,0.0935],[0.168825,0.479495,-0.861152],[0.107624,0.859501,0.499675]],[[0.979753,-0.177038,0.0935],[-0.00495044,-0.488285,-0.87267],[0.20015,0.854538,-0.479275]],[[0.979753,-0.177038,0.0935],[-0.0882378,-0.801025,-0.592092],[0.179719,0.571853,-0.800428]]],"btipPosition":[70.752,291.922,34.1689],"carpPosition":[73.5401,326.476,81.5332],"dipPosition":[73.8491,301.777,20.375],"direction":[-0.20015,-0.854538,0.479275],"extended":false,"handId":461,"id":4614,"length":50.4999,"mcpPosition":[81.5676,348.872,28.6673],"pipPosition":[77.763,318.487,11.003],"stabilizedTipPosition":[85.4276,268.74,118.57],"timeVisible":0.460879,"tipPosition":[71.4645,293.895,30.4539],"tipVelocity":[0.634003,9.18393,-142.355],"tool":false,"touchDistance":0.333333,"touchZone":"none","type":4,"width":16.054}],"r":[[0.993169,0.0760866,0.0884697],[-0.0846858,0.991587,0.0978964],[-0.0802768,-0.10472,0.991256]],"s":1.06043,"t":[-23.8166,85.4943,-165.058],"timestamp":521723890722},false],[6,{"currentFrameRate":104.551,"devices":[],"gestures":[],"hands":[{"armBasis":[[0.843269,0.41033,-0.347168],[-0.224407,0.855694,0.466293],[0.488404,-0.315303,0.813662]],"armWidth":63.7064,"confidence":0.901564,"direction":[-0.139354,0.425777,-0.894033],"elbow":[192.071,231.824,307.681],"grabStrength":0,"id":461,"palmNormal":[0.227423,-0.864948,-0.447374],"palmPosition":[46.3441,334.164,38.0208],"palmVelocity":[-0.893013,1.17957,-145.286],"palmWidth":90.9705,"pinchStrength":0.536796,"r":[[0.993006,0.0755627,0.0907106],[-0.0843273,0.991703,0.0970312],[-0.082626,-0.104002,0.991139]],"s":1.06053,"sphereCenter":[58.7377,300.947,0.987455],"sphereRadius":48.6918,"stabilizedPalmPosition":[58.8252,309.557,132.784],"t":[-23.7977,85.4817,-166.265],"timeVisible":0.469903,"type":"right","wrist":[60.2304,316.938,88.0398]}],"id":4134509,"interactionBox":{"center":[0,200,0],"size":[235.247,235.247,147.751]},"pointables":[{"bases":[[[0.157214,0.963619,0.216151],[-0.822961,0.00684427,0.568057],[0.545911,-0.26719,0.794097]],[[-0.0363928,0.997238,-0.0647386],[-0.847803,0.00348656,0.5303],[0.529061,0.0741847,0.845335]],[[-0.0363928,0.997238,-0.0647386],[-0.99196,-0.0281911,0.123373],[0.121207,0.068708,0.990246]],[[-0.0363928,0.997238,-0.0647386],[-0.66563,-0.0725091,-0.742751],[-0.745394,0.0160612,0.666431]]],"btipPosition":[22.599,292.149,-4.59396],"carpPosition":[35.6934,298.57,86.9435],"dipPosition":[5.15782,292.525,10.9996],"direction":[-0.121207,-0.068708,-0.990246],"extended":false,"handId":461,"id":4610,"length":52.1052,"mcpPosition":[35.6934,298.57,86.9435],"pipPosition":[9.28957,294.867,44.7554],"stabilizedTipPosition":[26.1768,276.932,87.4986],"timeVisible":0.469903,"tipPosition":[18.3791,293.057,-1.04984],"tipVelocity":[9.613,-4.2062,-149.32],"tool":false,"touchDistance":-0.514139,"touchZone":"hovering","type":0,"width":20.2457},{"bases":[[[0.926694,0.333384,-0.173476],[-0.269289,0.911025,0.312276],[0.262149,-0.242669,0.934018]],[[0.951732,0.30133,-0.0583703],[-0.302102,0.953264,-0.00467862],[0.0542325,0.0220866,0.998284]],[[0.951732,0.30133,-0.0583703],[-0.306383,0.944054,-0.122034],[0.0183321,0.134028,0.990808]],[[0.951732,0.30133,-0.0583703],[-0.306836,0.929348,-0.205338],[-0.00762823,0.213337,0.976949]]],"btipPosition":[15.6039,332.193,-66.2778],"carpPosition":[37.5281,322.176,85.9336],"dipPosition":[15.4736,335.838,-49.5896],"direction":[-0.0183321,-0.134028,-0.990808],"extended":true,"handId":461,"id":4611,"length":58.7949,"mcpPosition":[18.2461,340.025,17.233],"pipPosition":[15.9166,339.076,-25.6465],"stabilizedTipPosition":[15.7497,314.074,32.1759],"timeVisible":0.469903,"tipPosition":[15.5066,332.447,-62.3827],"tipVelocity":[23.5236,5.12903,-152.812],"tool":false,"touchDistance":-0.537181,"touchZone":"hovering","type":1,"width":19.3387},{"bases":[[[0.985829,0.137308,-0.0963687],[-0.102923,0.948723,0.298883],[0.132466,-0.284729,0.949411]],[[0.98325,0.142478,-0.113666],[-0.166954,0.453875,-0.875285],[-0.0731186,0.879601,0.470059]],[[0.98325,0.142478,-0.113666],[-0.0269175,-0.503285,-0.863701],[-0.180265,0.852294,-0.491019]],[[0.98325,0.142478,-0.113666],[0.0532417,-0.820961,-0.568497],[-0.174313,0.552923,-0.814795]]],"btipPosition":[50.8846,270.783,24.194],"carpPosition":[48.2009,327.929,83.8024],"dipPosition":[47.6096,281.171,8.88562],"direction":[0.180265,-0.852294,0.491019],"extended":false,"handId":461,"id":4612,"length":66.9921,"mcpPosition":[38.961,347.79,17.578],"pipPosition":[42.4846,305.402,-5.07421],"stabilizedTipPosition":[63.8001,242.622,112.206],"timeVisible":0.469903,"tipPosition":[50.1051,272.711,20.2006],"tipVelocity":[-1.03595,8.19981,-142.218],"tool":false,"touchDistance":0.333333,"touchZone":"none","type":2,"width":18.9931},{"bases":[[[0.999513,0.0219994,0.0221404],[-0.0279519,0.946549,0.321347],[-0.0138875,-0.321809,0.946703]],[[0.999521,0.0221947,0.021566],[0.0102276,0.420809,-0.907092],[-0.0292078,0.906878,0.42038]],[[0.999521,0.0221947,0.021566],[0.0302852,-0.558211,-0.829146],[-0.00636422,0.829402,-0.558616]],[[0.999521,0.0221947,0.021566],[0.0301903,-0.852456,-0.521927],[0.00680009,0.522328,-0.852718]]],"btipPosition":[62.2723,277.61,35.4479],"carpPosition":[60.0486,330.695,82.1148],"dipPosition":[62.3993,287.367,19.5191],"direction":[0.00636422,-0.829402,0.558616],"extended":false,"handId":461,"id":4613,"length":64.4147,"mcpPosition":[60.9183,350.849,22.8261],"pipPosition":[62.223,310.339,4.04767],"stabilizedTipPosition":[77.6185,251.054,121.2],"timeVisible":0.469903,"tipPosition":[62.3232,279.332,31.2592],"tipVelocity":[-3.2172,10.2128,-128.446],"tool":false,"touchDistance":0.333333,"touchZone":"none","type":3,"width":18.0732},{"bases":[[[0.981975,-0.172096,0.0781599],[0.126733,0.906273,0.403247],[-0.140231,-0.386073,0.911747]],[[0.979386,-0.178788,0.0940141],[0.170159,0.479394,-0.860946],[0.108857,0.859195,0.499934]],[[0.979386,-0.178788,0.0940141],[-0.0058669,-0.490397,-0.871479],[0.201915,0.852963,-0.481337]],[[0.979386,-0.178788,0.0940141],[-0.0900217,-0.802956,-0.589201],[0.180831,0.568592,-0.802498]]],"btipPosition":[70.7413,291.922,33.2932],"carpPosition":[73.5247,326.392,80.5813],"dipPosition":[73.8576,301.72,19.4636],"direction":[-0.201915,-0.852963,0.481337],"extended":false,"handId":461,"id":4614,"length":50.4999,"mcpPosition":[81.6543,348.774,27.7248],"pipPosition":[77.806,318.4,10.0513],"stabilizedTipPosition":[85.4273,268.741,118.569],"timeVisible":0.469903,"tipPosition":[71.4511,293.871,29.5671],"tipVelocity":[0.26927,6.24419,-130.137],"tool":false,"touchDistance":0.333333,"touchZone":"none","type":4,"width":16.054}