{"sensorType":"Leap","data":[[0,{"currentFrameRate":107.361,"devices":[],"gestures":[],"hands":[{"armBasis":[[0.841796,0.389275,-0.373957],[-0.155472,0.838266,0.522627],[0.516921,-0.381806,0.76617]],"armWidth":63.72,"confidence":0.804567,"direction":[-0.0793158,0.313396,-0.946304],"elbow":[183.021,176.766,307.247],"grabStrength":0,"id":459,"palmNormal":[0.177206,-0.929743,-0.322764],"palmPosition":[32.4568,291.287,48.025],"palmVelocity":[-27.1563,63.8734,-95.3401],"palmWidth":90.99,"pinchStrength":0.417165,"r":[[0.981395,0.143715,0.127316],[-0.149853,0.9879,0.0399722],[-0.12003,-0.0583071,0.991056]],"s":0.748721,"sphereCenter":[39.2594,257.088,15.0828],"sphereRadius":49.5692,"stabilizedPalmPosition":[46.3288,280.324,80.1211],"t":[-77.1197,69.2806,-91.0929],"timeVisible":0.560533,"type":"right","wrist":[43.4521,279.853,100.381]}],"id":4133636,"interactionBox":{"center":[0,200,0],"size":[235.247,235.247,147.751]},"pointables":[{"bases":[[[0.220765,0.970521,0.0967077],[-0.837776,0.137926,0.528307],[0.499394,-0.197651,0.843528]],[[0.0595793,0.984884,-0.162647],[-0.889199,0.126406,0.439712],[0.453625,0.118428,0.883289]],[[0.0595793,0.984884,-0.162647],[-0.993321,0.0746232,0.0880052],[0.0988121,0.156317,0.982752]],[[0.0595793,0.984884,-0.162647],[-0.891418,-0.0208357,-0.452703],[-0.449249,0.171958,0.876702]]],"btipPosition":[2.17281,247.963,2.53523],"carpPosition":[17.6717,263.229,100.652],"dipPosition":[-8.34123,251.988,23.0532],"direction":[-0.0988121,-0.156317,-0.982752],"extended":false,"handId":459,"id":4590,"length":52.1164,"mcpPosition":[17.6717,263.229,100.652],"pipPosition":[-4.97217,257.318,56.5607],"stabilizedTipPosition":[-1.5099,217.519,82.4053],"timeVisible":0.560533,"tipPosition":[-1.66101,247.902,7.18199],"tipVelocity":[47.5841,113.387,-118.364],"tool":false,"touchDistance":-0.455929,"touchZone":"touching","type":0,"width":20.25},{"bases":[[[0.953729,0.243167,-0.176835],[-0.211277,0.960471,0.181264],[0.213923,-0.135516,0.967405]],[[0.969781,0.229138,-0.0837883],[-0.205238,0.95187,0.227644],[0.131917,-0.203568,0.970133]],[[0.969781,0.229138,-0.0837883],[-0.228801,0.973376,0.0137382],[0.0847055,0.00584782,0.996389]],[[0.969781,0.229138,-0.0837883],[-0.240111,0.957261,-0.16124],[0.0432612,0.176486,0.983352]]],"btipPosition":[-2.92235,301.88,-57.0443],"carpPosition":[21.2699,286.321,96.6908],"dipPosition":[-2.18321,304.895,-40.2432],"direction":[-0.0847055,-0.00584782,-0.996389],"extended":true,"handId":459,"id":4591,"length":58.8075,"mcpPosition":[5.53165,296.291,25.5192],"pipPosition":[-0.135843,305.037,-16.1601],"stabilizedTipPosition":[9.03246,298.01,-11.9797],"timeVisible":0.560533,"tipPosition":[-3.12284,304.189,-52.8273],"tipVelocity":[-14.0277,81.3623,-95.3272],"tool":false,"touchDistance":-0.423308,"touchZone":"touching","type":1,"width":19.3428},{"bases":[[[0.995812,0.0552993,-0.0728023],[-0.0422486,0.984546,0.169954],[0.0810755,-0.166166,0.982759]],[[0.996685,0.0533685,-0.0614],[-0.0770774,0.378055,-0.922569],[-0.0260236,0.924244,0.380915]],[[0.996685,0.0533685,-0.0614],[-0.0214073,-0.556089,-0.830847],[-0.0784849,0.829408,-0.553103]],[[0.996685,0.0533685,-0.0614],[0.0140152,-0.856103,-0.516616],[-0.0801357,0.514043,-0.854013]]],"btipPosition":[31.737,224.797,39.1269],"carpPosition":[32.4014,290.998,94.2755],"dipPosition":[30.2311,234.457,23.0783],"direction":[0.0784849,-0.829408,0.553103],"extended":false,"handId":459,"id":4592,"length":67.0064,"mcpPosition":[26.7449,302.591,25.7103],"pipPosition":[27.9993,258.042,7.35004],"stabilizedTipPosition":[32.4586,223.164,23.1232],"timeVisible":0.560533,"tipPosition":[31.2615,227.103,33.4097],"tipVelocity":[26.2684,77.6706,-87.4424],"tool":false,"touchDistance":0.333333,"touchZone":"none","type":2,"width":18.9972},{"bases":[[[0.997222,-0.0441338,0.060009],[0.0316117,0.980182,0.19556],[-0.0674506,-0.193119,0.978854]],[[0.998899,-0.0377665,0.0278235],[0.0381456,0.308762,-0.950374],[0.0273014,0.950389,0.309863]],[[0.998899,-0.0377665,0.0278235],[-0.00140325,-0.61693,-0.787017],[0.046888,0.786112,-0.616304]],[[0.998899,-0.0377665,0.0278235],[-0.0201328,-0.880891,-0.472891],[0.0423689,0.471811,-0.880681]]],"btipPosition":[45.3852,231.739,51.0997],"carpPosition":[44.4705,292.697,92.7322],"dipPosition":[46.1768,240.554,34.6451],"direction":[-0.046888,-0.786112,0.616304],"extended":false,"handId":459,"id":4593,"length":64.4285,"mcpPosition":[48.6956,304.794,31.4168],"pipPosition":[47.4757,262.331,17.5723],"stabilizedTipPosition":[48.9254,227.313,43.7992],"timeVisible":0.560533,"tipPosition":[45.6107,233.698,45.3936],"tipVelocity":[15.7354,79.7781,-108.358],"tool":false,"touchDistance":0.333333,"touchZone":"none","type":3,"width":18.077},{"bases":[[[0.96369,-0.227532,0.139755],[0.180247,0.940447,0.288219],[-0.197011,-0.252563,0.947311]],[[0.963952,-0.227194,0.138487],[0.215189,0.359558,-0.907971],[0.156492,0.905042,0.395486]],[[0.963952,-0.227194,0.138487],[-0.00961979,-0.549899,-0.835176],[0.265901,0.803737,-0.532262]],[[0.963952,-0.227194,0.138487],[-0.115402,-0.825971,-0.551773],[0.239746,0.515902,-0.822416]]],"btipPosition":[54.1951,245.342,47.9894],"carpPosition":[57.638,287.311,92.3173],"dipPosition":[58.3276,254.235,33.8136],"direction":[-0.265901,-0.803737,0.532262],"extended":false,"handId":459,"id":4594,"length":50.5107,"mcpPosition":[69.0617,301.956,37.3873],"pipPosition":[63.5283,269.955,23.4032],"stabilizedTipPosition":[54.9544,244.915,47.8505],"timeVisible":0.560533,"tipPosition":[55.4458,247.517,42.9554],"tipVelocity":[2.5846,85.404,-105.97],"tool":false,"touchDistance":0.333333,"touchZone":"none","type":4,"width":16.0574}],"r":[[0.981395,0.143715,0.127316],[-0.149853,0.9879,0.0399722],[-0.12003,-0.0583071,0.991056]],"s":0.748721,"t":[-77.1197,69.2806,-91.0929],"timestamp":521714972388},false],[1,{"currentFrameRate":107.579,"devices":[],"gestures":[],"hands":[{"armBasis":[[0.8441,0.388085,-0.36998],[-0.158379,0.839696,0.519449],[0.512261,-0.37987,0.770252]],"armWidth":63.72,"confidence":0.811877,"direction":[-0.0791681,0.326231,-0.941969],"elbow":[181.706,177.559,307.031],"grabStrength":0,"id":459,"palmNormal":[0.178139,-0.925095,-0.335359],"palmPosition":[32.4136,292.263,46.8635],"palmVelocity":[-21.0913,76.3411,-104.907],"palmWidth":90.99,"pinchStrength":0.416339,"r":[[0.980551,0.147732,0.129209],[-0.155028,0.986728,0.0483064],[-0.120358,-0.0673979,0.99044]],"s":0.747308,"sphereCenter":[39.4142,258.354,13.4715],"sphereRadius":49.5839,"stabilizedPalmPosition":[46.1711,280.46,79.7444],"t":[-77.245,70.1168,-92.1608],"timeVisible":0.569432,"type":"right","wrist":[43.3956,280.124,99.0633]}],"id":4133637,"interactionBox":{"center":[0,200,0],"size":[235.247,235.247,147.751]},"pointables":[{"bases":[[[0.219896,0.969295,0.11006],[-0.838124,0.129986,0.529765],[0.499193,-0.208737,0.840973]],[[0.0603165,0.987321,-0.14683],[-0.887876,0.120283,0.44408],[0.456111,0.103581,0.883874]],[[0.0603165,0.987321,-0.14683],[-0.993396,0.0737575,0.0878855],[0.097601,0.140559,0.98525]],[[0.0603165,0.987321,-0.14683],[-0.881091,-0.0164649,-0.47266],[-0.469085,0.157879,0.868927]]],"btipPosition":[2.51185,249.819,1.04637],"carpPosition":[17.6293,263.476,99.0959],"dipPosition":[-8.46643,253.514,21.3824],"direction":[-0.097601,-0.140559,-0.98525],"extended":false,"handId":459,"id":4590,"length":52.1164,"mcpPosition":[17.6293,263.476,99.0959],"pipPosition":[-5.13866,258.306,54.9751],"stabilizedTipPosition":[-1.46306,218.556,80.0054],"timeVisible":0.569432,"tipPosition":[-1.37619,249.685,5.58095],"tipVelocity":[41.7412,136.932,-132.954],"tool":false,"touchDistance":-0.46163,"touchZone":"touching","type":0,"width":20.25},{"bases":[[[0.953599,0.246367,-0.173067],[-0.212175,0.957726,0.194277],[0.213614,-0.148542,0.965559]],[[0.969714,0.230952,-0.0794725],[-0.207256,0.950244,0.232554],[0.129227,-0.20904,0.969331]],[[0.969714,0.230952,-0.0794725],[-0.230073,0.972964,0.0201704],[0.0819823,-0.00127509,0.996633]],[[0.969714,0.230952,-0.0794725],[-0.240818,0.958384,-0.153316],[0.0407565,0.167812,0.984976]]],"btipPosition":[-2.73575,303.696,-58.1467],"carpPosition":[21.2096,286.624,95.4519],"dipPosition":[-2.0394,306.563,-41.3177],"direction":[-0.0819823,0.00127509,-0.996633],"extended":true,"handId":459,"id":4591,"length":58.8075,"mcpPosition":[5.49405,297.552,24.4161],"pipPosition":[-0.0578531,306.533,-17.2287],"stabilizedTipPosition":[8.95112,298.055,-12.2761],"timeVisible":0.569432,"tipPosition":[-2.97186,305.981,-53.9066],"tipVelocity":[-4.81061,113.696,-102.895],"tool":false,"touchDistance":-0.425749,"touchZone":"touching","type":1,"width":19.3428},{"bases":[[[0.995796,0.0571309,-0.071592],[-0.0431614,0.982096,0.183372],[0.0807865,-0.179512,0.980433]],[[0.996661,0.0550587,-0.0602905],[-0.0769547,0.386706,-0.918987],[-0.0272835,0.920558,0.389651]],[[0.996661,0.0550587,-0.0602905],[-0.0202633,-0.548519,-0.835892],[-0.0790937,0.834323,-0.545572]],[[0.996661,0.0550587,-0.0602905],[0.0152376,-0.850876,-0.525146],[-0.0802136,0.522474,-0.848874]]],"btipPosition":[31.7735,225.952,37.3876],"carpPosition":[32.3382,291.342,93.1057],"dipPosition":[30.2661,235.77,21.4356],"direction":[0.0790937,-0.834323,0.545572],"extended":false,"handId":459,"id":4592,"length":67.0064,"mcpPosition":[26.7019,303.866,24.7028],"pipPosition":[28.0169,259.495,5.92146],"stabilizedTipPosition":[32.4091,223.407,23.6321],"timeVisible":0.569432,"tipPosition":[31.3018,228.302,31.7412],"tipVelocity":[20.228,92.9534,-116.138],"tool":false,"touchDistance":0.333333,"touchZone":"none","type":2,"width":18.9972},{"bases":[[[0.997233,-0.0441066,0.0598488],[0.0306913,0.977445,0.208949],[-0.0677149,-0.206534,0.976093]],[[0.998919,-0.0372955,0.0277393],[0.0382481,0.320464,-0.946488],[0.0264103,0.946526,0.321544]],[[0.998919,-0.0372955,0.0277393],[-0.000611381,-0.607287,-0.794482],[0.0464763,0.793607,-0.606653]],[[0.998919,-0.0372955,0.0277393],[-0.0192295,-0.874929,-0.483869],[0.042316,0.482812,-0.874701]]],"btipPosition":[45.39,232.714,49.2307],"carpPosition":[44.4064,293.072,91.5912],"dipPosition":[46.1806,241.735,32.8878],"direction":[-0.0464763,-0.793607,0.606654],"extended":false,"handId":459,"id":4593,"length":64.4285,"mcpPosition":[48.6481,306.01,30.4487],"pipPosition":[47.4681,263.719,16.0823],"stabilizedTipPosition":[48.7727,227.654,43.8754],"timeVisible":0.569432,"tipPosition":[45.6147,234.742,43.6015],"tipVelocity":[11.5946,89.3292,-135.224],"tool":false,"touchDistance":0.333333,"touchZone":"none","type":3,"width":18.077},{"bases":[[[0.963822,-0.228606,0.137066],[0.17932,0.936573,0.301124],[-0.197211,-0.265651,0.943683]],[[0.964112,-0.228213,0.135671],[0.214901,0.370728,-0.903537],[0.155902,0.900266,0.406467]],[[0.964112,-0.228213,0.135671],[-0.00922612,-0.539501,-0.841935],[0.265335,0.810468,-0.522245]],[[0.964112,-0.228213,0.135671],[-0.114695,-0.818878,-0.562392],[0.239443,0.526648,-0.815665]]],"btipPosition":[54.1846,246.346,46.2906],"carpPosition":[57.5787,287.704,91.1087],"dipPosition":[58.3119,255.424,32.2312],"direction":[-0.265335,-0.810468,0.522245],"extended":false,"handId":459,"id":4594,"length":50.5107,"mcpPosition":[69.0141,303.108,36.389],"pipPosition":[63.5015,271.275,22.0167],"stabilizedTipPosition":[54.9769,245.356,47.2502],"timeVisible":0.569432,"tipPosition":[55.4254,248.581,41.3276],"tipVelocity":[1.5237,94.1523,-128.249],"tool":false,"touchDistance":0.333333,"touchZone":"none","type":4,"width":16.0574}],"r":[[0.980551,0.147732,0.129209],[-0.155028,0.986728,0.0483064],[-0.120358,-0.0673979,0.99044]],"s":0.747308,"t":[-77.245,70.1168,-92.1608],"timestamp":521714981287},false],[2,{"currentFrameRate":107.629,"devices":[],"gestures":[],"hands":[{"armBasis":[[0.847452,0.386899,-0.363502],[-0.164623,0.842497,0.51293],[0.504702,-0.374844,0.777669]],"armWidth":63.72,"confidence":0.818854,"direction":[-0.0787164,0.343375,-0.935894],"elbow":[179.578,179.076,307.654],"grabStrength":0,"id":459,"palmNormal":[0.18151,-0.918178,-0.352141],"palmPosition":[32.3701,293.353,45.6993],"palmVelocity":[-16.5143,88.1194,-110.956],"palmWidth":90.99,"pinchStrength":0.419678,"r":[[0.979727,0.151045,0.13161],[-0.159788,0.985412,0.0585652],[-0.120844,-0.0784076,0.98957]],"s":0.745513,"sphereCenter":[39.6743,259.906,11.7053],"sphereRadius":49.5923,"stabilizedPalmPosition":[45.9897,280.629,79.2969],"t":[-77.3294,71.0797,-93.2768],"timeVisible":0.578633,"type":"right","wrist":[43.3087,280.283,97.683]}],"id":4133638,"interactionBox":{"center":[0,200,0],"size":[235.247,235.247,147.751]},"pointables":[{"bases":[[[0.216736,0.967758,0.128338],[-0.83934,0.117593,0.530736],[0.498532,-0.222748,0.837764]],[[0.058862,0.990242,-0.126315],[-0.887158,0.109905,0.448187],[0.457697,0.0856805,0.88497]],[[0.058862,0.990242,-0.126315],[-0.993778,0.0701119,0.0865451],[0.0945568,0.120435,0.988208]],[[0.058862,0.990242,-0.126315],[-0.867845,-0.0117721,-0.496696],[-0.493336,0.138859,0.858684]]],"btipPosition":[3.06857,251.926,-0.599294],"carpPosition":[17.5938,263.559,97.3661],"dipPosition":[-8.47727,255.176,19.497],"direction":[-0.0945568,-0.120435,-0.988208],"extended":false,"handId":459,"id":4590,"length":52.1164,"mcpPosition":[17.5938,263.559,97.3661],"pipPosition":[-5.2533,259.282,53.1905],"stabilizedTipPosition":[-1.38373,219.999,76.7928],"timeVisible":0.578633,"tipPosition":[-0.915528,251.707,3.79558],"tipVelocity":[43.022,159.584,-147.472],"tool":false,"touchDistance":-0.469313,"touchZone":"touching","type":0,"width":20.25},{"bases":[[[0.953101,0.252442,-0.166947],[-0.215427,0.953311,0.211633],[0.212577,-0.165743,0.962985]],[[0.96924,0.235153,-0.0726396],[-0.21173,0.947146,0.241007],[0.125474,-0.218214,0.967801]],[[0.96924,0.235153,-0.0726396],[-0.233532,0.971881,0.0301686],[0.0776913,-0.0122769,0.996902]],[[0.96924,0.235153,-0.0726396],[-0.24342,0.959487,-0.141882],[0.0363329,0.1552,0.987215]]],"btipPosition":[-2.42016,305.994,-59.2312],"carpPosition":[21.1083,286.78,94.1569],"dipPosition":[-1.79939,308.646,-42.3641],"direction":[-0.0776913,0.0122769,-0.996902],"extended":true,"handId":459,"id":4591,"length":58.8075,"mcpPosition":[5.4691,298.974,23.3105],"pipPosition":[0.0784388,308.349,-18.2686],"stabilizedTipPosition":[8.80037,298.169,-12.8544],"timeVisible":0.578633,"tipPosition":[-2.71129,308.235,-54.9594],"tipVelocity":[5.60241,150.249,-106.818],"tool":false,"touchDistance":-0.427644,"touchZone":"touching","type":1,"width":19.3428},{"bases":[[[0.995725,0.0614884,-0.0689249],[-0.0464735,0.978395,0.201453],[0.0798228,-0.197389,0.97707]],[[0.996577,0.0592158,-0.0576914],[-0.0766918,0.401575,-0.91261],[-0.0308735,0.91391,0.404741]],[[0.996577,0.0592158,-0.0576914],[-0.0171169,-0.534915,-0.844732],[-0.0808815,0.842828,-0.532071]],[[0.996577,0.0592158,-0.0576914],[0.0188129,-0.841954,-0.539222],[-0.0805039,0.536291,-0.840185]]],"btipPosition":[31.9578,227.251,35.1584],"carpPosition":[32.2259,291.576,91.9164],"dipPosition":[30.445,237.329,19.3696],"direction":[0.0808815,-0.842828,0.532071],"extended":false,"handId":459,"id":4592,"length":67.0064,"mcpPosition":[26.6569,305.347,23.7481],"pipPosition":[28.145,261.296,4.23942],"stabilizedTipPosition":[32.3744,223.674,23.9748],"timeVisible":0.578633,"tipPosition":[31.4919,229.684,29.6138],"tipVelocity":[20.1358,108.28,-150.287],"tool":false,"touchDistance":0.333333,"touchZone":"none","type":2,"width":18.9972},{"bases":[[[0.99727,-0.0421609,0.0606214],[0.0273536,0.973497,0.227058],[-0.0685877,-0.22478,0.971993]],[[0.998986,-0.034745,0.0286196],[0.038651,0.336183,-0.941003],[0.0230738,0.941156,0.337185]],[[0.998986,-0.034745,0.0286196],[0.00238121,-0.594108,-0.804382],[0.0449514,0.803634,-0.593423]],[[0.998986,-0.034745,0.0286196],[-0.0158561,-0.866648,-0.498668],[0.0421294,0.497709,-0.86632]]],"btipPosition":[45.5242,233.839,47.128],"carpPosition":[44.2912,293.37,90.4536],"dipPosition":[46.3113,243.138,30.9417],"direction":[-0.0449514,-0.803634,0.593423],"extended":false,"handId":459,"id":4593,"length":64.4285,"mcpPosition":[48.5875,307.45,29.5679],"pipPosition":[47.5566,265.4,14.5026],"stabilizedTipPosition":[48.6518,227.982,43.8569],"timeVisible":0.578633,"tipPosition":[45.7496,235.958,41.5838],"tipVelocity":[12.4063,100.484,-160.233],"tool":false,"touchDistance":0.333333,"touchZone":"none","type":3,"width":18.077},{"bases":[[[0.964309,-0.22816,0.134356],[0.175965,0.93138,0.318698],[-0.197851,-0.283681,0.938286]],[[0.96465,-0.227669,0.132733],[0.214573,0.386118,-0.897146],[0.153002,0.893913,0.42132]],[[0.96465,-0.227669,0.132733],[-0.00731655,-0.526605,-0.850079],[0.263434,0.819057,-0.509655]],[[0.96465,-0.227669,0.132733],[-0.112165,-0.810458,-0.574958],[0.238475,0.539745,-0.807345]]],"btipPosition":[54.2801,247.57,44.4729],"carpPosition":[57.4807,288.052,89.8928],"dipPosition":[58.3906,256.874,30.5569],"direction":[-0.263434,-0.819057,0.509655],"extended":false,"handId":459,"id":4594,"length":50.5107,"mcpPosition":[68.9531,304.502,35.4862],"pipPosition":[63.5431,272.894,20.5886],"stabilizedTipPosition":[55.0034,245.82,46.6124],"timeVisible":0.578633,"tipPosition":[55.5051,249.866,39.587],"tipVelocity":[3.88257,106.624,-146.637],"tool":false,"touchDistance":0.333333,"touchZone":"none","type":4,"width":16.0574}],"r":[[0.979727,0.151045,0.13161],[-0.159788,0.985412,0.0585652],[-0.120844,-0.0784076,0.98957]],"s":0.745513,"t":[-77.3294,71.0797,-93.2768],"timestamp":521714990488},false],[3,{"currentFrameRate":107.859,"devices":[],"gestures":[],"hands":[{"armBasis":[[0.849851,0.385697,-0.359153],[-0.16672,0.84323,0.511046],[0.499957,-0.374435,0.780923]],"armWidth":63.72,"confidence":0.825779,"direction":[-0.0791279,0.354217,-0.931809],"elbow":[178.367,179.309,307.48],"grabStrength":0,"id":459,"palmNormal":[0.182199,-0.913856,-0.362865],"palmPosition":[32.4217,294.074,44.805],"palmVelocity":[-10.4626,86.304,-108.26],"palmWidth":90.99,"pinchStrength":0.420612,"r":[[0.979034,0.15352,0.133882],[-0.163756,0.98408,0.0690625],[-0.121148,-0.0895385,0.988588]],"s":0.743346,"sphereCenter":[39.9325,260.83,10.4362],"sphereRadius":49.6013,"stabilizedPalmPosition":[45.8018,280.815,78.8192],"t":[-77.3458,71.9217,-94.2819],"timeVisible":0.587488,"type":"right","wrist":[43.3784,280.407,96.631]}],"id":4133639,"interactionBox":{"center":[0,200,0],"size":[235.247,235.247,147.751]},"pointables":[{"bases":[[[0.215974,0.966368,0.139602],[-0.839358,0.110709,0.532186],[0.498832,-0.232115,0.835038]],[[0.0588749,0.991796,-0.113463],[-0.885213,0.104408,0.453318],[0.461445,0.0737503,0.884098]],[[0.0588749,0.991796,-0.113463],[-0.993918,0.0688348,0.0859593],[0.0930644,0.107713,0.989817]],[[0.0588749,0.991796,-0.113463],[-0.854354,-0.00872926,-0.519618],[-0.516346,0.12753,0.846831]]],"btipPosition":[3.55394,253.328,-1.57706],"carpPosition":[17.6769,263.667,96.1223],"dipPosition":[-8.53041,256.313,18.2418],"direction":[-0.0930644,-0.107713,-0.989817],"extended":false,"handId":459,"id":4590,"length":52.1164,"mcpPosition":[17.6769,263.667,96.1223],"pipPosition":[-5.35732,259.985,51.9902],"stabilizedTipPosition":[-1.27305,221.743,73.0076],"timeVisible":0.587488,"tipPosition":[-0.531796,253.095,2.67233],"tipVelocity":[42.4272,157.382,-139.389],"tool":false,"touchDistance":-0.466338,"touchZone":"touching","type":0,"width":20.25},{"bases":[[[0.952873,0.255143,-0.164116],[-0.216165,0.950601,0.222781],[0.21285,-0.176806,0.960955]],[[0.969188,0.236518,-0.0688105],[-0.213789,0.946443,0.24195],[0.122351,-0.219784,0.967846]],[[0.969188,0.236518,-0.0688105],[-0.23483,0.971517,0.0317799],[0.074367,-0.0146419,0.997123]],[[0.969188,0.236518,-0.0688105],[-0.244089,0.959708,-0.139218],[0.0331105,0.151724,0.987868]]],"btipPosition":[-2.10668,307.138,-60.0732],"carpPosition":[21.1722,286.927,93.184],"dipPosition":[-1.54097,309.731,-43.1949],"direction":[-0.074367,0.0146419,-0.997123],"extended":true,"handId":459,"id":4591,"length":58.8075,"mcpPosition":[5.51299,299.934,22.4869],"pipPosition":[0.256513,309.377,-19.094],"stabilizedTipPosition":[8.5809,298.364,-13.7369],"timeVisible":0.587488,"tipPosition":[-2.45787,309.4,-55.7841],"tipVelocity":[13.2853,144.137,-103.563],"tool":false,"touchDistance":-0.425805,"touchZone":"touching","type":1,"width":19.3428},{"bases":[[[0.995665,0.0630929,-0.0683362],[-0.0472326,0.975938,0.212872],[0.0801226,-0.208721,0.974688]],[[0.996509,0.0607244,-0.0572904],[-0.0771228,0.406856,-0.910231],[-0.0319643,0.911472,0.410119]],[[0.996509,0.0607244,-0.0572904],[-0.016398,-0.530501,-0.847526],[-0.0818581,0.845507,-0.527653]],[[0.996509,0.0607244,-0.0572904],[0.0197821,-0.838451,-0.544618],[-0.0811068,0.541584,-0.836725]]],"btipPosition":[32.0883,228.165,33.9565],"carpPosition":[32.2857,291.757,90.9981],"dipPosition":[30.5641,238.343,18.2327],"direction":[0.0818581,-0.845507,0.527653],"extended":false,"handId":459,"id":4592,"length":67.0064,"mcpPosition":[26.6957,306.319,22.9961],"pipPosition":[28.2364,262.386,3.22819],"stabilizedTipPosition":[32.3506,223.929,24.2123],"timeVisible":0.587488,"tipPosition":[31.6209,230.618,28.4467],"tipVelocity":[18.5936,107.601,-145.887],"tool":false,"touchDistance":0.333333,"touchZone":"none","type":2,"width":18.9972},{"bases":[[[0.997312,-0.0420609,0.0599905],[0.0266021,0.970801,0.238408],[-0.0682665,-0.236171,0.969311]],[[0.999018,-0.0342733,0.028089],[0.0382267,0.345932,-0.93748],[0.0224137,0.937633,0.346903]],[[0.999018,-0.0342733,0.028089],[0.00269895,-0.585638,-0.810568],[0.0442309,0.809848,-0.584971]],[[0.999018,-0.0342733,0.028089],[-0.0152595,-0.861183,-0.508066],[0.0416029,0.507138,-0.86086]]],"btipPosition":[45.6214,234.569,45.6268],"carpPosition":[44.3492,293.578,89.5547],"dipPosition":[46.3987,244.044,29.5425],"direction":[-0.0442309,-0.809848,0.584971],"extended":false,"handId":459,"id":4593,"length":64.4285,"mcpPosition":[48.6254,308.372,28.8371],"pipPosition":[47.624,266.479,13.3377],"stabilizedTipPosition":[48.5609,228.261,43.7954],"timeVisible":0.587488,"tipPosition":[45.8434,236.748,40.1518],"tipVelocity":[11.9512,96.8526,-162.032],"tool":false,"touchDistance":0.333333,"touchZone":"none","type":3,"width":18.077},{"bases":[[[0.964512,-0.228935,0.131552],[0.17526,0.927736,0.32953],[-0.197487,-0.294779,0.934935]],[[0.964893,-0.228362,0.129738],[0.213644,0.395119,-0.893441],[0.152766,0.889793,0.430036]],[[0.964893,-0.228362,0.129738],[-0.00790257,-0.51899,-0.854744],[0.262524,0.823711,-0.502575]],[[0.964893,-0.228362,0.129738],[-0.112322,-0.805308,-0.582119],[0.237413,0.547111,-0.802686]]],"btipPosition":[54.3657,248.367,43.1775],"carpPosition":[57.5429,288.278,88.9302],"dipPosition":[58.4579,257.798,29.3418],"direction":[-0.262524,-0.823711,0.502575],"extended":false,"handId":459,"id":4594,"length":50.5107,"mcpPosition":[68.9942,305.371,34.7178],"pipPosition":[63.5926,273.908,19.512],"stabilizedTipPosition":[55.0294,246.224,46.0454],"timeVisible":0.587488,"tipPosition":[55.5734,250.692,38.3521],"tipVelocity":[5.32017,103.006,-145.977],"tool":false,"touchDistance":0.333333,"touchZone":"none","type":4,"width":16.0574}],"r":[[0.979034,0.15352,0.133882],[-0.163756,0.98408,0.0690625],[-0.121148,-0.0895385,0.988588]],"s":0.743346,"t":[-77.3458,71.9217,-94.2819],"timestamp":521714999343},false],[4,{"currentFrameRate":107.808,"devices":[],"gestures":[],"hands":[{"armBasis":[[0.851042,0.385152,-0.356912],[-0.16783,0.843566,0.510127],[0.497555,-0.374238,0.78255]],"armWidth":63.72,"confidence":0.834093,"direction":[-0.0793799,0.360512,-0.929371],"elbow":[177.765,179.439,307.291],"grabStrength":0,"id":459,"palmNormal":[0.182519,-0.911295,-0.36909],"palmPosition":[32.457,294.498,44.272],"palmVelocity":[-6.42201,74.6425,-93.6701],"palmWidth":90.99,"pinchStrength":0.432214,"r":[[0.978462,0.155375,0.135906],[-0.167008,0.982803,0.0787879],[-0.121327,-0.0997882,0.987584]],"s":0.740421,"sphereCenter":[40.0687,261.336,9.7001],"sphereRadius":49.5553,"stabilizedPalmPosition":[45.5934,281.029,78.2796],"t":[-77.3363,72.5546,-95.051],"timeVisible":0.596856,"type":"right","wrist":[43.4252,280.483,96.0026]}],"id":4133640,"interactionBox":{"center":[0,200,0],"size":[235.247,235.247,147.751]},"pointables":[{"bases":[[[0.215607,0.965482,0.146143],[-0.839338,0.106754,0.533025],[0.499024,-0.237587,0.833383]],[[0.0587745,0.992601,-0.106248],[-0.88396,0.101203,0.456478],[0.463853,0.0670898,0.883368]],[[0.0587745,0.992601,-0.106248],[-0.994243,0.0677571,0.0830106],[0.0895955,0.100757,0.990869]],[[0.0587745,0.992601,-0.106248],[-0.835783,-0.00927401,-0.548981],[-0.545904,0.121066,0.829054]]],"btipPosition":[4.29728,254.119,-1.89962],"carpPosition":[17.7304,263.736,95.3831],"dipPosition":[-8.47885,256.952,17.5032],"direction":[-0.0895955,-0.100757,-0.990869],"extended":false,"handId":459,"id":4590,"length":52.1164,"mcpPosition":[17.7304,263.736,95.3831],"pipPosition":[-5.42404,260.388,51.2875],"stabilizedTipPosition":[-1.09716,223.95,68.2996],"timeVisible":0.596856,"tipPosition":[0.00409099,253.946,2.17855],"tipVelocity":[48.0902,135.601,-112.478],"tool":false,"touchDistance":-0.454311,"touchZone":"touching","type":0,"width":20.25},{"bases":[[[0.952752,0.256633,-0.162489],[-0.216516,0.948978,0.229263],[0.213035,-0.18325,0.959706]],[[0.969263,0.237052,-0.0658436],[-0.215273,0.946734,0.239481],[0.119106,-0.217946,0.968666]],[[0.969263,0.237052,-0.0658436],[-0.235527,0.9714,0.0301358],[0.0711042,-0.0137016,0.997375]],[[0.969263,0.237052,-0.0658436],[-0.244179,0.959627,-0.139616],[0.030089,0.151403,0.988014]]],"btipPosition":[-1.80653,307.607,-60.6065],"carpPosition":[21.2161,287.017,92.6026],"dipPosition":[-1.29244,310.194,-43.7257],"direction":[-0.0711042,0.0137016,-0.997375],"extended":true,"handId":459,"id":4591,"length":58.8075,"mcpPosition":[5.54325,300.499,21.9974],"pipPosition":[0.426177,309.862,-19.6188],"stabilizedTipPosition":[8.27718,298.655,-15.0083],"timeVisible":0.596856,"tipPosition":[-2.21321,309.866,-56.3159],"tipVelocity":[18.2524,117.364,-90.2993],"tool":false,"touchDistance":-0.419548,"touchZone":"touching","type":1,"width":19.3428},{"bases":[[[0.995632,0.0639527,-0.0680219],[-0.0475954,0.974449,0.219506],[0.0803219,-0.21531,0.973237]],[[0.996471,0.0615307,-0.0570876],[-0.0774433,0.411729,-0.90801],[-0.0323658,0.909227,0.415041]],[[0.996471,0.0615307,-0.0570876],[-0.0162227,-0.526131,-0.850249],[-0.0823519,0.848175,-0.523276]],[[0.996471,0.0615307,-0.0570876],[0.0201298,-0.835486,-0.549142],[-0.081485,0.546055,-0.833777]]],"btipPosition":[32.1566,228.683,33.0908],"carpPosition":[32.3274,291.867,90.4483],"dipPosition":[30.6253,238.944,17.4225],"direction":[0.0823519,-0.848175,0.523276],"extended":false,"handId":459,"id":4592,"length":67.0064,"mcpPosition":[26.7235,306.889,22.5475],"pipPosition":[28.2835,263.063,2.54238],"stabilizedTipPosition":[32.3317,224.175,24.3947],"timeVisible":0.596856,"tipPosition":[31.6908,231.156,27.6575],"tipVelocity":[15.3331,93.3263,-130.31],"tool":false,"touchDistance":0.333333,"touchZone":"none","type":2,"width":18.9972},{"bases":[[[0.997336,-0.0420703,0.0595869],[0.0262444,0.969168,0.244998],[-0.0680569,-0.242782,0.967691]],[[0.999035,-0.0340658,0.0277405],[0.0379772,0.352238,-0.935139],[0.022085,0.93529,0.353192]],[[0.999035,-0.0340658,0.0277405],[0.00283471,-0.580142,-0.814511],[0.0438404,0.813803,-0.579485]],[[0.999035,-0.0340658,0.0277405],[-0.014977,-0.857713,-0.51391],[0.0413002,0.512998,-0.857395]]],"btipPosition":[45.6802,234.993,44.6918],"carpPosition":[44.39,293.703,89.016],"dipPosition":[46.4519,244.578,28.6722],"direction":[-0.0438404,-0.813803,0.579485],"extended":false,"handId":459,"id":4593,"length":64.4285,"mcpPosition":[48.6531,308.91,28.3998],"pipPosition":[47.6663,267.122,12.6193],"stabilizedTipPosition":[48.4859,228.51,43.718],"timeVisible":0.596856,"tipPosition":[45.9003,237.209,39.2493],"tipVelocity":[10.3005,82.9675,-143.907],"tool":false,"touchDistance":0.333333,"touchZone":"none","type":3,"width":18.077},{"bases":[[[0.964618,-0.229439,0.129881],[0.174931,0.925544,0.335808],[-0.197258,-0.301207,0.932933]],[[0.965032,-0.228804,0.127914],[0.212999,0.40002,-0.891412],[0.152791,0.887487,0.434767]],[[0.965032,-0.228804,0.127914],[-0.00845408,-0.514888,-0.857216],[0.261996,0.826159,-0.498818]],[[0.965032,-0.228804,0.127914],[-0.112593,-0.802474,-0.585967],[0.23672,0.551075,-0.800175]]],"btipPosition":[54.4166,248.839,42.4333],"carpPosition":[57.5858,288.412,88.3538],"dipPosition":[58.4969,258.338,28.6408],"direction":[-0.261996,-0.826159,0.498818],"extended":false,"handId":459,"id":4594,"length":50.5107,"mcpPosition":[69.0238,305.877,34.2575],"pipPosition":[63.6212,274.497,18.8845],"stabilizedTipPosition":[55.0537,246.582,45.5392],"timeVisible":0.596856,"tipPosition":[55.6105,251.176,37.6589],"tipVelocity":[5.27124,88.5388,-126.778],"tool":false,"touchDistance":0.333333,"touchZone":"none","type":4,"width":16.0574}],"r":[[0.978462,0.155375,0.135906],[-0.167008,0.982803,0.0787879],[-0.121327,-0.0997882,0.987584]],"s":0.740421,"t":[-77.3363,72.5546,-95.051],"timestamp":521715008711},false],[5,{"currentFrameRate":108.096,"devices":[],"gestures":[],"hands":[{"armBasis":[[0.84583,0.392688,-0.361065],[-0.16869,0.839006,0.517313],[0.506078,-0.376651,0.775899]],"armWidth":63.72,"confidence":0.842642,"direction":[-0.0808803,0.367436,-0.926525],"elbow":[180.185,178.952,304.349],"grabStrength":0,"id":459,"palmNormal":[0.183709,-0.908149,-0.376186],"palmPosition":[32.5026,295.037,43.2444],"palmVelocity":[-3.30528,71.2046,-100.103],"palmWidth":90.99,"pinchStrength":0.444046,"r":[[0.977973,0.156966,0.13759],[-0.169926,0.981512,0.0880831],[-0.12122,-0.109523,0.986565]],"s":0.736858,"sphereCenter":[40.3597,261.968,8.4288],"sphereRadius":49.5284,"stabilizedPalmPosition":[45.4033,281.232,77.7709],"t":[-77.3088,73.1408,-95.9493],"timeVisible":0.605585,"type":"right","wrist":[43.5441,280.648,94.8566]}],"id":4133641,"interactionBox":{"center":[0,200,0],"size":[235.247,235.247,147.751]},"pointables":[{"bases":[[[0.214111,0.964708,0.153281],[-0.839007,0.101268,0.534614],[0.500224,-0.243071,0.831079]],[[0.0571312,0.993493,-0.0985308],[-0.882719,0.0963735,0.459913],[0.466416,0.0606996,0.88248]],[[0.0571312,0.993493,-0.0985308],[-0.994591,0.0652127,0.08085],[0.0867494,0.0933788,0.991844]],[[0.0571312,0.993493,-0.0985308],[-0.819041,-0.00979332,-0.573652],[-0.570884,0.113474,0.813152]]],"btipPosition":[4.99768,254.993,-2.76557],"carpPosition":[17.8771,263.863,94.1339],"dipPosition":[-8.36305,257.649,16.2651],"direction":[-0.0867494,-0.0933788,-0.991844],"extended":false,"handId":459,"id":4590,"length":52.1164,"mcpPosition":[17.8771,263.863,94.1339],"pipPosition":[-5.40528,260.833,50.0826],"stabilizedTipPosition":[-0.879819,226.227,63.5032],"timeVisible":0.605585,"tipPosition":[0.538329,254.868,1.16623],"tipVelocity":[52.57,124.878,-111.55],"tool":false,"touchDistance":-0.451487,"touchZone":"touching","type":0,"width":20.25},{"bases":[[[0.95216,0.259482,-0.161431],[-0.217903,0.946837,0.236682],[0.214264,-0.190183,0.958082]],[[0.969016,0.23879,-0.0631374],[-0.217899,0.946829,0.236716],[0.116306,-0.215624,0.969525]],[[0.969016,0.23879,-0.0631374],[-0.237472,0.970998,0.0277329],[0.0679287,-0.0118803,0.997619]],[[0.969016,0.23879,-0.0631374],[-0.24553,0.959072,-0.141055],[0.0268707,0.152187,0.987986]]],"btipPosition":[-1.54031,308.113,-61.6047],"carpPosition":[21.3207,287.17,91.5274],"dipPosition":[-1.08121,310.713,-44.7243],"direction":[-0.0679287,0.0118803,-0.997619],"extended":true,"handId":459,"id":4591,"length":58.8075,"mcpPosition":[5.55744,301.162,21.0417],"pipPosition":[0.560657,310.426,-20.6115],"stabilizedTipPosition":[7.96645,298.977,-16.375],"timeVisible":0.605585,"tipPosition":[-2.02344,310.402,-57.3064],"tipVelocity":[21.1411,101.559,-96.7363],"tool":false,"touchDistance":-0.420901,"touchZone":"touching","type":1,"width":19.3428},{"bases":[[[0.995457,0.0661617,-0.0684738],[-0.0490354,0.972669,0.22696],[0.0816184,-0.222571,0.971494]],[[0.996309,0.0636617,-0.0575758],[-0.0790147,0.418168,-0.904927],[-0.0335328,0.906136,0.421655]],[[0.996309,0.0636617,-0.0575758],[-0.0161264,-0.519996,-0.854017],[-0.0843073,0.851793,-0.51705]],[[0.996309,0.0636617,-0.0575758],[0.0210374,-0.831412,-0.555258],[-0.0832178,0.551997,-0.829683]]],"btipPosition":[32.3048,229.312,31.5908],"carpPosition":[32.4217,292.055,89.3995],"dipPosition":[30.741,239.685,15.9994],"direction":[0.0843073,-0.851793,0.51705],"extended":false,"handId":459,"id":4592,"length":67.0064,"mcpPosition":[26.7273,307.583,21.6203],"pipPosition":[28.3436,263.907,1.2964],"stabilizedTipPosition":[32.3211,224.383,24.4945],"timeVisible":0.605585,"tipPosition":[31.8318,231.821,26.2107],"tipVelocity":[15.5458,88.4219,-140.878],"tool":false,"touchDistance":0.333333,"touchZone":"none","type":2,"width":18.9972},{"bases":[[[0.997463,-0.0408261,0.0583228],[0.0248376,0.967319,0.252341],[-0.0667189,-0.250252,0.965879]],[[0.999115,-0.0325889,0.0265837],[0.0365143,0.358551,-0.932796],[0.0208671,0.932941,0.359423]],[[0.999115,-0.0325889,0.0265837],[0.00302031,-0.574867,-0.818241],[0.0419477,0.817597,-0.57426]],[[0.999115,-0.0325889,0.0265837],[-0.014043,-0.854333,-0.519536],[0.0396425,0.518703,-0.854035]]],"btipPosition":[45.824,235.574,43.2732],"carpPosition":[44.4798,293.922,87.9698],"dipPosition":[46.5647,245.265,27.3164],"direction":[-0.0419477,-0.817597,0.57426],"extended":false,"handId":459,"id":4593,"length":64.4285,"mcpPosition":[48.6591,309.598,27.4671],"pipPosition":[47.7267,267.914,11.4082],"stabilizedTipPosition":[48.4326,228.708,43.6299],"timeVisible":0.605585,"tipPosition":[46.0348,237.821,37.8834],"tipVelocity":[11.734,79.3137,-148.443],"tool":false,"touchDistance":0.333333,"touchZone":"none","type":3,"width":18.077},{"bases":[[[0.965129,-0.22878,0.12722],[0.173684,0.923259,0.342676],[-0.195854,-0.30863,0.9308]],[[0.965547,-0.228118,0.125224],[0.21144,0.407203,-0.888526],[0.151697,0.884392,0.441406]],[[0.965547,-0.228118,0.125224],[-0.00842751,-0.508367,-0.861099],[0.260092,0.830377,-0.492775]],[[0.965547,-0.228118,0.125224],[-0.111815,-0.798206,-0.591916],[0.234981,0.557521,-0.796213]]],"btipPosition":[54.5392,249.432,41.0368],"carpPosition":[57.6839,288.659,87.255],"dipPosition":[58.5895,259.042,27.3127],"direction":[-0.260092,-0.830377,0.492775],"extended":false,"handId":459,"id":4594,"length":50.5107,"mcpPosition":[69.0405,306.555,33.2824],"pipPosition":[63.6766,275.283,17.6746],"stabilizedTipPosition":[55.0775,246.871,45.102],"timeVisible":0.605585,"tipPosition":[55.7224,251.806,36.2888],"tipVelocity":[7.40641,83.818,-135.179],"tool":false,"touchDistance":0.333333,"touchZone":"none","type":4,"width":16.0574}],"r":[[0.977973,0.156966,0.13759],[-0.169926,0.981512,0.0880831],[-0.12122,-0.109523,0.986565]],"s":0.736858,"t":[-77.3088,73.1408,-95.9493],"timestamp":521715017440},false],[6,{"currentFrameRate":108.151,"devices":[],"gestures":[],"hands":[{"armBasis":[[0.849225,0.391554,-0.354263],[-0.172905,0.840131,0.514085],[0.49892,-0.37532,0.781162]],"armWidth":63.72,"confidence":0.845789,"direction":[-0.0821225,0.376161,-0.922908],"elbow":[178.458,179.521,304.742],"grabStrength":0,"id":459,"palmNormal":[0.186702,-0.903835,-0.385],"palmPosition":[32.6588,295.711,42.3586],"palmVelocity":[2.36902,71.8858,-99.193],"palmWidth":90.99,"pinchStrength":0.449972,"r":[[0.977473,0.158603,0.139254],[-0.172909,0.980108,0.0974169],[-0.121034,-0.119301,0.985453]],"s":0.733201,"sphereCenter":[40.9124,262.794,7.22054],"sphereRadius":49.5402,"stabilizedPalmPosition":[45.2083,281.454,77.229],"t":[-77.2169,73.7707,-96.8414],"timeVisible":0.614733,"type":"right","wrist":[43.7494,280.857,93.8284]}],"id":4133642,"interactionBox":{"center":[0,200,0],"size":[235.247,235.247,147.751]},"pointables":[{"bases":[[[0.210922,0.963875,0.162657],[-0.839322,0.0932872,0.535571],[0.501049,-0.249486,0.828677]],[[0.0542401,0.994621,-0.0882432],[-0.881773,0.0891785,0.463167],[0.468545,0.0526882,0.881867]],[[0.0542401,0.994621,-0.0882432],[-0.994892,0.0613663,0.0801554],[0.0851394,0.0834448,0.992869]],[[0.0542401,0.994621,-0.0882432],[-0.807741,-0.00825008,-0.58948],[-0.587038,0.103251,0.802948]]],"btipPosition":[5.58526,256.103,-3.72258],"carpPosition":[18.138,263.995,92.9424],"dipPosition":[-8.15353,258.52,15.0693],"direction":[-0.0851394,-0.0834448,-0.992869],"extended":false,"handId":459,"id":4590,"length":52.1164,"mcpPosition":[18.138,263.995,92.9424],"pipPosition":[-5.25065,261.365,48.9218],"stabilizedTipPosition":[-0.598733,228.815,58.1536],"timeVisible":0.614733,"tipPosition":[1.08371,255.965,0.107261],"tipVelocity":[53.17,122.216,-111.291],"tool":false,"touchDistance":-0.449851,"touchZone":"touching","type":0,"width":20.25},{"bases":[[[0.951292,0.264189,-0.158897],[-0.221028,0.943764,0.245879],[0.214919,-0.198782,0.956188]],[[0.968384,0.242281,-0.0594409],[-0.222284,0.946174,0.235253],[0.113239,-0.214602,0.970115]],[[0.968384,0.242281,-0.0594409],[-0.241168,0.970153,0.0253276],[0.0638031,-0.0101915,0.99791]],[[0.968384,0.242281,-0.0594409],[-0.248479,0.957942,-0.143543],[0.0221633,0.153775,0.987857]]],"btipPosition":[-1.09293,308.801,-62.4602],"carpPosition":[21.5044,287.338,90.5627],"dipPosition":[-0.714257,311.428,-45.582],"direction":[-0.0638031,0.0101915,-0.99791],"extended":true,"handId":459,"id":4591,"length":58.8075,"mcpPosition":[5.69289,301.962,20.2163],"pipPosition":[0.827889,311.182,-21.4621],"stabilizedTipPosition":[7.63058,299.367,-17.9548],"timeVisible":0.614733,"tipPosition":[-1.62428,311.134,-58.1593],"tipVelocity":[28.3075,94.4239,-95.8552],"tool":false,"touchDistance":-0.419984,"touchZone":"touching","type":1,"width":19.3428},{"bases":[[[0.99523,0.0701182,-0.0678239],[-0.052247,0.970248,0.236409],[0.0823825,-0.231738,0.969284]],[[0.996091,0.0675159,-0.0569537],[-0.0804276,0.426692,-0.900814],[-0.0365176,0.901873,0.430455]],[[0.996091,0.0675159,-0.0569537],[-0.014434,-0.511703,-0.859041],[-0.0871424,0.856506,-0.508728]],[[0.996091,0.0675159,-0.0569537],[0.0237698,-0.825889,-0.563331],[-0.0850713,0.559775,-0.824266]]],"btipPosition":[32.6783,230.102,30.0654],"carpPosition":[32.5891,292.28,88.4825],"dipPosition":[31.0796,240.621,14.5758],"direction":[0.0871424,-0.856506,0.508728],"extended":false,"handId":459,"id":4592,"length":67.0064,"mcpPosition":[26.8414,308.447,20.8575],"pipPosition":[28.6016,264.977,0.109429],"stabilizedTipPosition":[32.3208,224.584,24.5441],"timeVisible":0.614733,"tipPosition":[32.1972,232.661,24.7172],"tipVelocity":[22.3384,88.8581,-147.368],"tool":false,"touchDistance":0.333333,"touchZone":"none","type":2,"width":18.9972},{"bases":[[[0.997594,-0.0380905,0.0579262],[0.021644,0.964896,0.261737],[-0.0658625,-0.259854,0.963399]],[[0.999215,-0.029567,0.0263703],[0.0353935,0.367118,-0.929501],[0.0178015,0.929704,0.367876]],[[0.999215,-0.029567,0.0263703],[0.00492517,-0.567743,-0.823191],[0.0393108,0.822674,-0.567152]],[[0.999215,-0.029567,0.0263703],[-0.0112413,-0.849844,-0.526914],[0.0379899,0.526204,-0.849509]]],"btipPosition":[46.1724,236.317,41.8706],"carpPosition":[44.6409,294.2,87.071],"dipPosition":[46.8822,246.149,25.9984],"direction":[-0.0393108,-0.822675,0.567152],"extended":false,"handId":459,"id":4593,"length":64.4285,"mcpPosition":[48.7666,310.478,26.7237],"pipPosition":[47.9712,268.939,10.2871],"stabilizedTipPosition":[48.3933,228.893,43.5287],"timeVisible":0.614733,"tipPosition":[46.376,238.605,36.5407],"tipVelocity":[18.8535,80.8475,-149.209],"tool":false,"touchDistance":0.333333,"touchZone":"none","type":3,"width":18.077},{"bases":[[[0.965885,-0.226811,0.124992],[0.170638,0.920452,0.35164],[-0.194805,-0.318315,0.927754]],[[0.966305,-0.22612,0.122978],[0.209839,0.415337,-0.885134],[0.149069,0.881116,0.448791]],[[0.966305,-0.22612,0.122978],[-0.00750347,-0.502317,-0.864651],[0.257289,0.834594,-0.487088]],[[0.966305,-0.22612,0.122978],[-0.109905,-0.79449,-0.597249],[0.232755,0.563608,-0.792572]]],"btipPosition":[54.8429,250.252,39.8285],"carpPosition":[57.8623,288.988,86.3051],"dipPosition":[58.8549,259.967,26.1671],"direction":[-0.257289,-0.834594,0.487088],"extended":false,"handId":459,"id":4594,"length":50.5107,"mcpPosition":[69.1581,307.446,32.5091],"pipPosition":[63.8871,276.29,16.6402],"stabilizedTipPosition":[55.1117,247.15,44.6842],"timeVisible":0.614733,"tipPosition":[56.0065,252.643,35.131],"tipVelocity":[14.3191,86.1532,-133.879],"tool":false,"touchDistance":0.333333,"touchZone":"none","type":4,"width":16.0574}],"