{"sensorType":"Leap","data":[[0,{"currentFrameRate":105.823,"devices":[],"gestures":[],"hands":[{"armBasis":[[0.839125,0.457534,-0.294163],[-0.253164,0.807169,0.533278],[0.481432,-0.373015,0.793147]],"armWidth":63.7064,"confidence":0.79805,"direction":[-0.167679,0.520741,-0.837085],"elbow":[192.054,195.274,306.931],"grabStrength":0,"id":460,"palmNormal":[0.250452,-0.798748,-0.547061],"palmPosition":[46.8576,318.333,45.2983],"palmVelocity":[-10.5482,-8.3243,-157.758],"palmWidth":90.9705,"pinchStrength":0.385288,"r":[[0.966174,0.250761,0.0602265],[-0.255429,0.962686,0.0894016],[-0.0355607,-0.101761,0.994173]],"s":1.01219,"sphereCenter":[53.9013,289.96,4.88368],"sphereRadius":48.1992,"stabilizedPalmPosition":[52.6912,300.483,115.335],"t":[-28.5904,113.75,-164.791],"timeVisible":0.460874,"type":"right","wrist":[62.0953,295.966,92.8272]}],"id":4134083,"interactionBox":{"center":[0,200,0],"size":[235.247,235.247,147.751]},"pointables":[{"bases":[[[0.126954,0.93731,0.32455],[-0.813935,-0.0885648,0.574165],[0.566915,-0.337055,0.751666]],[[-0.0930487,0.995426,0.0216386],[-0.797951,-0.0875525,0.596329],[0.595496,0.0382211,0.802448]],[[-0.0930487,0.995426,0.0216386],[-0.959728,-0.0954553,0.264216],[0.265074,0.00381781,0.964221]],[[-0.0930487,0.995426,0.0216386],[-0.799977,-0.0618047,-0.596839],[-0.592772,-0.0728455,0.802069]]],"btipPosition":[13.3115,276.637,-1.79945],"carpPosition":[38.1967,276.97,89.8842],"dipPosition":[-0.558548,274.932,16.9678],"direction":[-0.265074,-0.00381781,-0.964221],"extended":false,"handId":460,"id":4600,"length":52.1052,"mcpPosition":[38.1967,276.97,89.8842],"pipPosition":[8.47736,275.062,49.8365],"stabilizedTipPosition":[16.3838,265.406,74.7605],"timeVisible":0.460874,"tipPosition":[10.3035,277.065,3.4581],"tipVelocity":[-29.9982,-28.2452,-183.191],"tool":false,"touchDistance":-0.541334,"touchZone":"hovering","type":0,"width":20.2457},{"bases":[[[0.911808,0.384535,-0.144011],[-0.29595,0.858555,0.418685],[0.284641,-0.33914,0.89664]],[[0.933603,0.352677,-0.0632765],[-0.345408,0.932805,0.1028],[0.0952797,-0.0741178,0.992687]],[[0.933603,0.352677,-0.0632765],[-0.356635,0.931686,-0.0690831],[0.0345898,0.0870628,0.995602]],[[0.933603,0.352677,-0.0632765],[-0.358182,0.913912,-0.190974],[-0.00952306,0.200958,0.979553]]],"btipPosition":[13.4932,323.178,-57.7869],"carpPosition":[39.1954,300.586,91.5952],"dipPosition":[13.3305,326.611,-41.0542],"direction":[-0.0345898,-0.0870628,-0.995602],"extended":true,"handId":460,"id":4601,"length":58.7949,"mcpPosition":[18.259,325.531,25.6438],"pipPosition":[14.1664,328.715,-16.9953],"stabilizedTipPosition":[11.4225,311.954,18.0004],"timeVisible":0.460874,"tipPosition":[13.0284,324.601,-53.8615],"tipVelocity":[8.32215,-10.6265,-165.482],"tool":false,"touchDistance":-0.545668,"touchZone":"hovering","type":1,"width":19.3387},{"bases":[[[0.978884,0.183146,-0.0907994],[-0.131216,0.903551,0.407895],[0.156746,-0.387367,0.908503]],[[0.977816,0.185727,-0.0968595],[-0.186588,0.562159,-0.805706],[-0.0951909,0.805905,0.584342]],[[0.977816,0.185727,-0.0968595],[0.0143171,-0.520588,-0.853688],[-0.208977,0.833363,-0.511698]],[[0.977816,0.185727,-0.0968595],[0.116165,-0.865603,-0.48707],[-0.174304,0.465013,-0.867975]]],"btipPosition":[52.4981,262.684,29.3508],"carpPosition":[49.6283,306.93,90.0259],"dipPosition":[49.2233,271.421,13.0433],"direction":[0.208977,-0.833363,0.511698],"extended":false,"handId":460,"id":4602,"length":66.9921,"mcpPosition":[38.6947,333.95,26.655],"pipPosition":[43.282,295.113,-1.50449],"stabilizedTipPosition":[62.629,232.517,113.437],"timeVisible":0.460874,"tipPosition":[51.586,265.014,25.4866],"tipVelocity":[-32.938,-14.7522,-143.981],"tool":false,"touchDistance":0.333333,"touchZone":"none","type":2,"width":18.9931},{"bases":[[[0.998368,0.0555077,0.0133952],[-0.0558805,0.901518,0.429118],[0.0117433,-0.429167,0.903149]],[[0.997791,0.0658915,-0.00849505],[-0.0430974,0.544638,-0.837563],[-0.0505616,0.836079,0.546274]],[[0.997791,0.0658915,-0.00849505],[0.0299246,-0.559898,-0.828021],[-0.0593159,0.825937,-0.560633]],[[0.997791,0.0658915,-0.00849505],[0.0547117,-0.887488,-0.457572],[-0.0376894,0.456096,-0.889132]]],"btipPosition":[65.2157,268.434,39.7112],"carpPosition":[61.3457,310.299,88.5381],"dipPosition":[64.5117,276.954,23.1022],"direction":[0.0593159,-0.825937,0.560633],"extended":false,"handId":460,"id":4603,"length":64.4147,"mcpPosition":[60.6102,337.177,31.977],"pipPosition":[62.8688,299.829,7.57488],"stabilizedTipPosition":[75.8516,246.525,114.239],"timeVisible":0.460874,"tipPosition":[65.0572,270.648,36.0367],"tipVelocity":[-33.2398,-18.8247,-145.968],"tool":false,"touchDistance":0.333333,"touchZone":"none","type":3,"width":18.0732},{"bases":[[[0.988435,-0.144262,0.0467467],[0.101341,0.857695,0.504072],[-0.112813,-0.493505,0.862396]],[[0.9607,-0.215989,0.174368],[0.268097,0.559093,-0.784563],[0.0719687,0.800478,0.595026]],[[0.9607,-0.215989,0.174368],[0.0352947,-0.528012,-0.848503],[0.275336,0.821312,-0.499637]],[[0.9607,-0.215989,0.174368],[-0.0997364,-0.854785,-0.509308],[0.259052,0.471901,-0.842734]]],"btipPosition":[69.0855,282.812,39.6288],"carpPosition":[74.938,306.693,86.3663],"dipPosition":[73.5498,290.945,25.1059],"direction":[-0.275336,-0.821312,0.499637],"extended":false,"handId":460,"id":4604,"length":50.4999,"mcpPosition":[81.4781,335.303,36.3708],"pipPosition":[78.9338,307.005,15.3357],"stabilizedTipPosition":[79.1237,264.582,108.794],"timeVisible":0.460874,"tipPosition":[70.3063,285.031,36.3071],"tipVelocity":[-22.7056,-23.5159,-145.784],"tool":false,"touchDistance":0.333333,"touchZone":"none","type":4,"width":16.054}],"r":[[0.966174,0.250761,0.0602265],[-0.255429,0.962686,0.0894016],[-0.0355607,-0.101761,0.994173]],"s":1.01219,"t":[-28.5904,113.75,-164.791],"timestamp":521719385675},false],[1,{"currentFrameRate":105.93,"devices":[],"gestures":[],"hands":[{"armBasis":[[0.843333,0.449298,-0.294823],[-0.248949,0.812835,0.526616],[0.47625,-0.370717,0.797342]],"armWidth":63.7064,"confidence":0.805895,"direction":[-0.163322,0.522343,-0.836949],"elbow":[190.472,195.656,306.779],"grabStrength":0,"id":460,"palmNormal":[0.245023,-0.800285,-0.547274],"palmPosition":[46.8692,318.228,44.014],"palmVelocity":[-7.23221,-9.1836,-152.474],"palmWidth":90.9705,"pinchStrength":0.38677,"r":[[0.967325,0.246037,0.0612231],[-0.250745,0.964107,0.0873197],[-0.0375417,-0.0998179,0.994297]],"s":1.01235,"sphereCenter":[53.9628,289.847,3.56088],"sphereRadius":48.1975,"stabilizedPalmPosition":[52.691,300.484,115.332],"t":[-28.6258,113.662,-166.169],"timeVisible":0.470117,"type":"right","wrist":[61.9117,295.728,91.5426]}],"id":4134084,"interactionBox":{"center":[0,200,0],"size":[235.247,235.247,147.751]},"pointables":[{"bases":[[[0.133531,0.936209,0.325087],[-0.81495,-0.0829279,0.573568],[0.563938,-0.341518,0.75189]],[[-0.0865736,0.996024,0.0210003],[-0.801673,-0.0821644,0.59209],[0.591461,0.0344239,0.805598]],[[-0.0865736,0.996024,0.0210003],[-0.960076,-0.0890403,0.26519],[0.266005,0.0027965,0.963968]],[[-0.0865736,0.996024,0.0210003],[-0.800051,-0.0569479,-0.597223],[-0.593652,-0.068505,0.801801]]],"btipPosition":[13.1828,276.697,-3.25178],"carpPosition":[37.8779,276.908,88.5742],"dipPosition":[-0.707807,275.094,15.5092],"direction":[-0.266005,-0.0027965,-0.963968],"extended":false,"handId":460,"id":4600,"length":52.1052,"mcpPosition":[37.8779,276.908,88.5742],"pipPosition":[8.35985,275.19,48.3693],"stabilizedTipPosition":[16.3823,265.409,74.7431],"timeVisible":0.470117,"tipPosition":[10.1156,277.131,1.98856],"tipVelocity":[-25.627,-17.7709,-175.915],"tool":false,"touchDistance":-0.53734,"touchZone":"hovering","type":0,"width":20.2457},{"bases":[[[0.914673,0.377976,-0.143205],[-0.289998,0.860481,0.418896],[0.281558,-0.341623,0.896671]],[[0.93621,0.345867,-0.0623379],[-0.338623,0.935229,0.103348],[0.094045,-0.0756468,0.99269]],[[0.93621,0.345867,-0.0623379],[-0.349706,0.934417,-0.0676095],[0.0348657,0.0850966,0.995762]],[[0.93621,0.345867,-0.0623379],[-0.351345,0.916993,-0.188893],[-0.00816826,0.198745,0.980017]]],"btipPosition":[13.5945,323.441,-59.0991],"carpPosition":[39.0467,300.515,90.2972],"dipPosition":[13.455,326.835,-42.3585],"direction":[-0.0348657,-0.0850966,-0.995762],"extended":true,"handId":460,"id":4601,"length":58.7949,"mcpPosition":[18.3371,325.643,24.3436],"pipPosition":[14.2975,328.892,-18.2956],"stabilizedTipPosition":[11.4227,311.955,17.9938],"timeVisible":0.470117,"tipPosition":[13.1618,324.806,-55.1721],"tipVelocity":[9.22535,0.0691182,-158.822],"tool":false,"touchDistance":-0.53909,"touchZone":"hovering","type":1,"width":19.3387},{"bases":[[[0.980249,0.17608,-0.090044],[-0.124935,0.904285,0.408239],[0.153308,-0.388926,0.908423]],[[0.979139,0.178829,-0.0964743],[-0.182335,0.563742,-0.805574],[-0.0896737,0.806359,0.584589]],[[0.979139,0.178829,-0.0964743],[0.0110024,-0.520757,-0.853634],[-0.202895,0.834765,-0.511861]],[[0.979139,0.178829,-0.0964743],[0.110298,-0.866526,-0.486792],[-0.17065,0.465996,-0.868174]]],"btipPosition":[52.1286,262.566,28.0649],"carpPosition":[49.5264,306.784,88.738],"dipPosition":[48.9225,271.321,11.7537],"direction":[0.202895,-0.834765,0.511861],"extended":false,"handId":460,"id":4602,"length":66.9921,"mcpPosition":[38.8327,333.912,25.3727],"pipPosition":[43.1541,295.054,-2.79867],"stabilizedTipPosition":[62.6263,232.524,113.416],"timeVisible":0.470117,"tipPosition":[51.2343,264.887,24.1947],"tipVelocity":[-34.4339,-14.0575,-142.64],"tool":false,"touchDistance":0.333333,"touchZone":"none","type":2,"width":18.9931},{"bases":[[[0.998736,0.0482538,0.0141025],[-0.0496302,0.901696,0.429513],[0.00800942,-0.42967,0.902951]],[[0.998255,0.058555,-0.00757881],[-0.0387373,0.552647,-0.832515],[-0.0445595,0.831356,0.553951]],[[0.998255,0.058555,-0.00757881],[0.0260071,-0.551305,-0.833898],[-0.0530072,0.832246,-0.551866]],[[0.998255,0.058555,-0.00757881],[0.0483188,-0.883944,-0.46509],[-0.0339326,0.463912,-0.885231]]],"btipPosition":[64.8598,268.125,37.7868],"carpPosition":[61.269,310.069,87.2599],"dipPosition":[64.226,276.791,21.2507],"direction":[0.0530072,-0.832246,0.551866],"extended":false,"handId":460,"id":4603,"length":64.4147,"mcpPosition":[60.7674,336.977,30.7112],"pipPosition":[62.7579,299.841,5.96616],"stabilizedTipPosition":[75.8486,246.531,114.218],"timeVisible":0.470117,"tipPosition":[64.7219,270.369,34.3295],"tipVelocity":[-34.2268,-21.9055,-162.936],"tool":false,"touchDistance":0.333333,"touchZone":"none","type":3,"width":18.0732},{"bases":[[[0.987329,-0.151454,0.0473513],[0.107218,0.856698,0.504553],[-0.116982,-0.493083,0.862081]],[[0.959453,-0.22221,0.173415],[0.271127,0.559326,-0.783355],[0.0770743,0.798609,0.596894]],[[0.959453,-0.22221,0.173415],[0.0318105,-0.525939,-0.849927],[0.280068,0.820982,-0.497545]],[[0.959453,-0.22221,0.173415],[-0.105193,-0.853062,-0.511096],[0.261504,0.472131,-0.841848]]],"btipPosition":[68.9102,282.528,38.2541],"carpPosition":[74.8363,306.365,85.0956],"dipPosition":[73.4167,290.664,23.7465],"direction":[-0.280068,-0.820982,0.497545],"extended":false,"handId":460,"id":4604,"length":50.4999,"mcpPosition":[81.6181,334.951,35.1183],"pipPosition":[78.8934,306.718,14.0172],"stabilizedTipPosition":[79.122,264.586,108.78],"timeVisible":0.470117,"tipPosition":[70.1104,284.736,34.968],"tipVelocity":[-21.3598,-25.5179,-146.505],"tool":false,"touchDistance":0.333333,"touchZone":"none","type":4,"width":16.054}],"r":[[0.967325,0.246037,0.0612231],[-0.250745,0.964107,0.0873197],[-0.0375417,-0.0998179,0.994297]],"s":1.01235,"t":[-28.6258,113.662,-166.169],"timestamp":521719394918},false],[2,{"currentFrameRate":106.217,"devices":[],"gestures":[],"hands":[{"armBasis":[[0.84633,0.444703,-0.293198],[-0.247457,0.815691,0.522889],[0.471689,-0.369982,0.800389]],"armWidth":63.7064,"confidence":0.817579,"direction":[-0.160711,0.523122,-0.836968],"elbow":[189.134,195.805,306.913],"grabStrength":0,"id":460,"palmNormal":[0.242924,-0.800941,-0.547249],"palmPosition":[46.8875,318.242,43.3168],"palmVelocity":[-4.71008,-6.25433,-132.371],"palmWidth":90.9705,"pinchStrength":0.389375,"r":[[0.968376,0.241607,0.0622436],[-0.246366,0.965384,0.0856612],[-0.0393926,-0.098287,0.994378]],"s":1.01218,"sphereCenter":[54.1309,289.868,2.84721],"sphereRadius":48.2022,"stabilizedPalmPosition":[52.6908,300.484,115.33],"t":[-28.6343,113.625,-167.207],"timeVisible":0.479003,"type":"right","wrist":[61.8054,295.679,90.8545]}],"id":4134085,"interactionBox":{"center":[0,200,0],"size":[235.247,235.247,147.751]},"pointables":[{"bases":[[[0.136311,0.935667,0.325495],[-0.815818,-0.0803756,0.572697],[0.562015,-0.34361,0.752377]],[[-0.083485,0.99629,0.0208993],[-0.804969,-0.0797861,0.587928],[0.587414,0.0322598,0.808644]],[[-0.083485,0.99629,0.0208993],[-0.960401,-0.0860367,0.265003],[0.265818,0.00205209,0.964021]],[[-0.083485,0.99629,0.0208993],[-0.799153,-0.0544075,-0.598661],[-0.595303,-0.0666809,0.80073]]],"btipPosition":[13.2641,276.82,-4.09903],"carpPosition":[37.7122,276.939,87.8557],"dipPosition":[-0.665138,275.259,14.6369],"direction":[-0.265818,-0.00205209,-0.964021],"extended":false,"handId":460,"id":4600,"length":52.1052,"mcpPosition":[37.7122,276.939,87.8557],"pipPosition":[8.39615,275.329,47.4988],"stabilizedTipPosition":[16.3813,265.411,74.7307],"timeVisible":0.479003,"tipPosition":[10.1274,277.219,1.11989],"tipVelocity":[-16.4528,-8.90187,-154.207],"tool":false,"touchDistance":-0.524735,"touchZone":"hovering","type":0,"width":20.2457},{"bases":[[[0.916075,0.374967,-0.142146],[-0.287565,0.861323,0.418842],[0.279485,-0.342815,0.896864]],[[0.937466,0.342679,-0.0610616],[-0.335509,0.936318,0.103644],[0.0926897,-0.0766761,0.992738]],[[0.937466,0.342679,-0.0610616],[-0.346376,0.93574,-0.0664361],[0.0343715,0.0834319,0.995921]],[[0.937466,0.342679,-0.0610616],[-0.347984,0.918632,-0.187143],[-0.00803691,0.196689,0.980433]]],"btipPosition":[13.726,323.675,-59.8368],"carpPosition":[38.9579,300.542,89.5867],"dipPosition":[13.5887,327.035,-43.0891],"direction":[-0.0343715,-0.0834319,-0.995921],"extended":true,"handId":460,"id":4601,"length":58.7949,"mcpPosition":[18.4006,325.757,23.6189],"pipPosition":[14.4193,329.051,-19.0224],"stabilizedTipPosition":[11.4229,311.956,17.9892],"timeVisible":0.479003,"tipPosition":[13.315,324.983,-55.9087],"tipVelocity":[10.7545,6.96903,-138.182],"tool":false,"touchDistance":-0.524556,"touchZone":"hovering","type":1,"width":19.3387},{"bases":[[[0.980923,0.172839,-0.0889748],[-0.122346,0.90458,0.40837],[0.151067,-0.389694,0.90847]],[[0.979734,0.175826,-0.0959492],[-0.180289,0.565366,-0.804896],[-0.0872756,0.805883,0.585607]],[[0.979734,0.175826,-0.0959492],[0.00972918,-0.520229,-0.853972],[-0.200066,0.835732,-0.511396]],[[0.979734,0.175826,-0.0959492],[0.107895,-0.866842,-0.486768],[-0.168759,0.466551,-0.868246]]],"btipPosition":[51.9871,262.597,27.3029],"carpPosition":[49.46,306.776,88.0402],"dipPosition":[48.8164,271.363,10.9904],"direction":[0.200066,-0.835732,0.511396],"extended":false,"handId":460,"id":4602,"length":66.9921,"mcpPosition":[38.9226,333.959,24.6717],"pipPosition":[43.1285,295.123,-3.54881],"stabilizedTipPosition":[62.624,232.531,113.398],"timeVisible":0.479003,"tipPosition":[51.1045,264.9,23.4574],"tipVelocity":[-29.1587,-9.20989,-127.197],"tool":false,"touchDistance":0.333333,"touchZone":"none","type":2,"width":18.9931},{"bases":[[[0.998876,0.0449219,0.015154],[-0.0470725,0.901734,0.429721],[0.00563904,-0.429951,0.902834]],[[0.998453,0.0552143,-0.00648987],[-0.0360598,0.554343,-0.831506],[-0.0423134,0.830454,0.555477]],[[0.998453,0.0552143,-0.00648987],[0.0249823,-0.549891,-0.834863],[-0.0496651,0.83341,-0.55042]],[[0.998453,0.0552143,-0.00648987],[0.0458281,-0.883513,-0.466159],[-0.0314725,0.465141,-0.884677]]],"btipPosition":[64.7154,268.082,36.9908],"carpPosition":[61.215,310.023,86.5752],"dipPosition":[64.1275,276.77,20.4651],"direction":[0.0496651,-0.83341,0.55042],"extended":false,"handId":460,"id":4603,"length":64.4147,"mcpPosition":[60.8619,336.949,30.0338],"pipPosition":[62.752,299.853,5.22059],"stabilizedTipPosition":[75.8461,246.536,114.2],"timeVisible":0.479003,"tipPosition":[64.5889,270.316,33.5553],"tipVelocity":[-29.0207,-17.1171,-142.937],"tool":false,"touchDistance":0.333333,"touchZone":"none","type":3,"width":18.0732},{"bases":[[[0.98677,-0.154756,0.0483333],[0.109546,0.856192,0.504911],[-0.119521,-0.492936,0.861817]],[[0.959155,-0.224339,0.172318],[0.271926,0.563331,-0.780201],[0.0779576,0.795192,0.601326]],[[0.959155,-0.224339,0.172318],[0.0315312,-0.520571,-0.853236],[0.281117,0.823819,-0.492235]],[[0.959155,-0.224339,0.172318],[-0.106313,-0.850371,-0.515331],[0.262143,0.475963,-0.839488]]],"btipPosition":[68.9304,282.428,37.2967],"carpPosition":[74.7721,306.275,84.424],"dipPosition":[73.448,290.631,22.8297],"direction":[-0.281117,-0.823819,0.492235],"extended":false,"handId":460,"id":4604,"length":50.4999,"mcpPosition":[81.701,334.851,34.462],"pipPosition":[78.9451,306.74,13.2042],"stabilizedTipPosition":[79.1206,264.589,108.769],"timeVisible":0.479003,"tipPosition":[70.0821,284.639,34.1134],"tipVelocity":[-14.8617,-21.1737,-135.692],"tool":false,"touchDistance":0.333333,"touchZone":"none","type":4,"width":16.054}],"r":[[0.968376,0.241607,0.0622436],[-0.246366,0.965384,0.0856612],[-0.0393926,-0.098287,0.994378]],"s":1.01218,"t":[-28.6343,113.625,-167.207],"timestamp":521719403804},false],[3,{"currentFrameRate":106.347,"devices":[],"gestures":[],"hands":[{"armBasis":[[0.851046,0.438538,-0.288798],[-0.24495,0.818052,0.520375],[0.464456,-0.372122,0.80362]],"armWidth":63.7064,"confidence":0.825083,"direction":[-0.157419,0.523936,-0.837084],"elbow":[187.101,195.096,307.103],"grabStrength":0,"id":460,"palmNormal":[0.2401,-0.801912,-0.547073],"palmPosition":[46.9627,318.183,42.6199],"palmVelocity":[-1.10808,-6.32598,-116.665],"palmWidth":90.9705,"pinchStrength":0.39665,"r":[[0.969392,0.237215,0.0633077],[-0.242037,0.966597,0.0843069],[-0.0411942,-0.0970492,0.994427]],"s":1.01139,"sphereCenter":[54.4109,289.791,2.10677],"sphereRadius":48.2081,"stabilizedPalmPosition":[52.6907,300.485,115.328],"t":[-28.601,113.577,-168.075],"timeVisible":0.488167,"type":"right","wrist":[61.7248,295.548,90.1723]}],"id":4134086,"interactionBox":{"center":[0,200,0],"size":[235.247,235.247,147.751]},"pointables":[{"bases":[[[0.139987,0.935018,0.325798],[-0.816853,-0.0769068,0.571697],[0.559603,-0.346159,0.753006]],[[-0.0786579,0.996666,0.0216873],[-0.80878,-0.0765181,0.583113],[0.582828,0.0283262,0.812102]],[[-0.0786579,0.996666,0.0216873],[-0.960801,-0.0815929,0.264962],[0.265848,0.00000420354,0.964015]],[[-0.0786579,0.996666,0.0216873],[-0.797675,-0.0498752,-0.601022],[-0.597936,-0.0645745,0.798938]]],"btipPosition":[13.3952,277.011,-4.94358],"carpPosition":[37.5538,276.914,87.1416],"dipPosition":[-0.595646,275.5,13.7505],"direction":[-0.265848,-0.00000420354,-0.964015],"extended":false,"handId":460,"id":4600,"length":52.1052,"mcpPosition":[37.5538,276.914,87.1416],"pipPosition":[8.46667,275.5,46.6121],"stabilizedTipPosition":[16.3805,265.412,74.7219],"timeVisible":0.488167,"tipPosition":[10.1804,277.329,0.245704],"tipVelocity":[-8.30745,-0.259876,-137.201],"tool":false,"touchDistance":-0.513407,"touchZone":"hovering","type":0,"width":20.2457},{"bases":[[[0.91787,0.370998,-0.140981],[-0.284322,0.862507,0.418621],[0.276905,-0.344156,0.897151]],[[0.939078,0.338496,-0.0596118],[-0.331429,0.937752,0.103804],[0.0910384,-0.0777231,0.99281]],[[0.939078,0.338496,-0.0596118],[-0.342045,0.937405,-0.0654024],[0.033742,0.0818078,0.996077]],[[0.939078,0.338496,-0.0596118],[-0.343614,0.920601,-0.185535],[-0.00792415,0.194715,0.980828]]],"btipPosition":[13.9423,323.86,-60.5806],"carpPosition":[38.9001,300.51,88.8776],"dipPosition":[13.8069,327.186,-43.8262],"direction":[-0.033742,-0.0818078,-0.996077],"extended":true,"handId":460,"id":4601,"length":58.7949,"mcpPosition":[18.5327,325.824,22.8886],"pipPosition":[14.6223,329.163,-19.7557],"stabilizedTipPosition":[11.423,311.957,17.9854],"timeVisible":0.488167,"tipPosition":[13.5519,325.11,-56.6516],"tipVelocity":[14.3501,10.4172,-122.238],"tool":false,"touchDistance":-0.511567,"touchZone":"hovering","type":1,"width":19.3387},{"bases":[[[0.981773,0.168582,-0.0877616],[-0.118903,0.905046,0.408355],[0.148269,-0.390477,0.908595]],[[0.980361,0.172182,-0.0961519],[-0.178893,0.571242,-0.801049],[-0.0830001,0.802519,0.590826]],[[0.980361,0.172182,-0.0961519],[0.00625658,-0.514471,-0.857485],[-0.197111,0.840044,-0.505445]],[[0.980361,0.172182,-0.0961519],[0.103712,-0.864832,-0.491232],[-0.167736,0.471613,-0.865705]]],"btipPosition":[51.844,262.519,26.1304],"carpPosition":[49.4312,306.699,87.3448],"dipPosition":[48.6926,271.38,9.86553],"direction":[0.197111,-0.840044,0.505445],"extended":false,"handId":460,"id":4602,"length":66.9921,"mcpPosition":[39.0889,333.936,23.9675],"pipPosition":[43.0887,295.263,-4.50442],"stabilizedTipPosition":[62.622,232.536,113.382],"timeVisible":0.488167,"tipPosition":[50.9801,264.815,22.4716],"tipVelocity":[-25.2455,-8.35226,-127.074],"tool":false,"touchDistance":0.333333,"touchZone":"none","type":2,"width":18.9931},{"bases":[[[0.999042,0.0405731,0.0163699],[-0.0436692,0.901869,0.429797],[0.00267468,-0.430101,0.902777]],[[0.998688,0.0509259,-0.00538996],[-0.0330402,0.560345,-0.8276],[-0.039126,0.826692,0.561292]],[[0.998688,0.0509259,-0.00538996],[0.0230848,-0.541643,-0.840292],[-0.0457121,0.839065,-0.542108]],[[0.998688,0.0509259,-0.00538996],[0.0422844,-0.87941,-0.474183],[-0.0288882,0.473333,-0.88041]]],"btipPosition":[64.5879,267.821,35.744],"carpPosition":[61.2019,309.895,85.8945],"dipPosition":[64.0482,276.663,19.2979],"direction":[0.0457121,-0.839065,0.542108],"extended":false,"handId":460,"id":4603,"length":64.4147,"mcpPosition":[61.0344,336.83,29.3566],"pipPosition":[62.7822,299.902,4.28367],"stabilizedTipPosition":[75.8439,246.541,114.184],"timeVisible":0.488167,"tipPosition":[64.4694,270.106,32.4808],"tipVelocity":[-24.4729,-19.1951,-140.462],"tool":false,"touchDistance":0.333333,"touchZone":"none","type":3,"width":18.0732},{"bases":[[[0.986028,-0.159055,0.049505],[0.112659,0.855635,0.50517],[-0.122708,-0.492534,0.861599]],[[0.958288,-0.227957,0.172394],[0.274079,0.561965,-0.780433],[0.0810257,0.795129,0.601003]],[[0.958288,-0.227957,0.172394],[0.0296271,-0.520708,-0.85322],[0.284265,0.822738,-0.492235]],[[0.958288,-0.227957,0.172394],[-0.109402,-0.849824,-0.515587],[0.264037,0.475221,-0.839315]]],"btipPosition":[68.8857,282.254,36.6529],"carpPosition":[74.7452,306.088,83.7591],"dipPosition":[73.4358,290.444,22.1888],"direction":[-0.284265,-0.822738,0.492235],"extended":false,"handId":460,"id":4604,"length":50.4999,"mcpPosition":[81.8589,334.641,33.8098],"pipPosition":[78.9945,306.532,12.5634],"stabilizedTipPosition":[79.1194,264.592,108.759],"timeVisible":0.488167,"tipPosition":[70.0338,284.459,33.4543],"tipVelocity":[-11.8524,-20.6507,-117.426],"tool":false,"touchDistance":0.333333,"touchZone":"none","type":4,"width":16.054}],"r":[[0.969392,0.237215,0.0633077],[-0.242037,0.966597,0.0843069],[-0.0411942,-0.0970492,0.994427]],"s":1.01139,"t":[-28.601,113.577,-168.075],"timestamp":521719412968},false],[4,{"currentFrameRate":106.616,"devices":[],"gestures":[],"hands":[{"armBasis":[[0.853954,0.434302,-0.286608],[-0.2425,0.819492,0.519256],[0.460386,-0.373918,0.805127]],"armWidth":63.7064,"confidence":0.840097,"direction":[-0.153054,0.522468,-0.83881],"elbow":[185.82,194.767,306.794],"grabStrength":0,"id":460,"palmNormal":[0.238057,-0.804321,-0.544423],"palmPosition":[46.9979,318.28,41.8087],"palmVelocity":[0.268257,-1.62662,-109.773],"palmWidth":90.9705,"pinchStrength":0.402676,"r":[[0.970356,0.232903,0.0645372],[-0.237783,0.967799,0.0826132],[-0.0432182,-0.0955101,0.99449]],"s":1.01051,"sphereCenter":[54.6937,289.783,1.36703],"sphereRadius":48.2251,"stabilizedPalmPosition":[52.6906,300.485,115.327],"t":[-28.5667,113.602,-168.914],"timeVisible":0.497053,"type":"right","wrist":[61.5424,295.704,89.4559]}],"id":4134087,"interactionBox":{"center":[0,200,0],"size":[235.247,235.247,147.751]},"pointables":[{"bases":[[[0.143155,0.93524,0.32378],[-0.818622,-0.0719624,0.569807],[0.556206,-0.346624,0.755306]],[[-0.0737217,0.997078,0.0200101],[-0.813577,-0.071734,0.577015],[0.576765,0.0262588,0.816488]],[[-0.0737217,0.997078,0.0200101],[-0.961828,-0.076389,0.262776],[0.263537,0.000125989,0.964649]],[[-0.0737217,0.997078,0.0200101],[-0.794747,-0.0466172,-0.605148],[-0.602447,-0.0605155,0.795862]]],"btipPosition":[13.6281,277.266,-5.84287],"carpPosition":[37.2998,277.165,86.4109],"dipPosition":[-0.468328,275.85,12.7792],"direction":[-0.263537,-0.000125989,-0.964649],"extended":false,"handId":460,"id":4600,"length":52.1052,"mcpPosition":[37.2998,277.165,86.4109],"pipPosition":[8.51519,275.855,45.6624],"stabilizedTipPosition":[16.3801,265.413,74.7159],"timeVisible":0.497053,"tipPosition":[10.3031,277.501,-0.695876],"tipVelocity":[0.324958,8.29479,-127.929],"tool":false,"touchDistance":-0.504138,"touchZone":"hovering","type":0,"width":20.2457},{"bases":[[[0.919802,0.366716,-0.139583],[-0.281693,0.864776,0.415705],[0.273154,-0.343047,0.898724]],[[0.940733,0.334195,-0.057747],[-0.327492,0.939393,0.101436],[0.0881465,-0.0765124,0.993165]],[[0.940733,0.334195,-0.057747],[-0.337639,0.938915,-0.0666193],[0.0319557,0.0821686,0.996106]],[[0.940733,0.334195,-0.057747],[-0.339031,0.922214,-0.185956],[-0.00889045,0.194513,0.98086]]],"btipPosition":[14.2444,323.971,-61.5],"carpPosition":[38.7425,300.76,88.0904],"dipPosition":[14.0926,327.294,-44.745],"direction":[-0.0319557,-0.0821686,-0.996106],"extended":true,"handId":460,"id":4601,"length":58.7949,"mcpPosition":[18.651,325.993,21.9857],"pipPosition":[14.8648,329.279,-20.6739],"stabilizedTipPosition":[11.4231,311.957,17.982],"timeVisible":0.497053,"tipPosition":[13.8768,325.15,-57.5728],"tipVelocity":[19.572,10.9632,-117.135],"tool":false,"touchDistance":-0.502533,"touchZone":"hovering","type":1,"width":19.3387},{"bases":[[[0.982704,0.164165,-0.0856874],[-0.116069,0.906583,0.405753],[0.144293,-0.388789,0.909957]],[[0.981158,0.16818,-0.0950991],[-0.175802,0.572976,-0.800495],[-0.0801375,0.802131,0.591747]],[[0.981158,0.16818,-0.0950991],[0.00487582,-0.513615,-0.858007],[-0.193144,0.841377,-0.504758]],[[0.981158,0.16818,-0.0950991],[0.100753,-0.865374,-0.490894],[-0.164855,0.472063,-0.866013]]],"btipPosition":[51.6891,262.575,25.2011],"carpPosition":[49.3038,306.9,86.5687],"dipPosition":[48.5918,271.444,8.9305],"direction":[0.193144,-0.841377,0.504758],"extended":false,"handId":460,"id":4602,"length":66.9921,"mcpPosition":[39.2389,334.02,23.0964],"pipPosition":[43.1007,295.365,-5.41993],"stabilizedTipPosition":[62.6204,232.541,113.369],"timeVisible":0.497053,"tipPosition":[50.8477,264.845,21.6317],"tipVelocity":[-22.7434,-4.32087,-121.003],"tool":false,"touchDistance":0.333333,"touchZone":"none","type":2,"width":18.9931},{"bases":[[[0.999162,0.0363501,0.0188123],[-0.0409037,0.903139,0.427395],[-0.00145428,-0.427806,0.903869]],[[0.998906,0.0466569,-0.00299168],[-0.0286103,0.55942,-0.828391],[-0.0369765,0.82757,0.560143]],[[0.998906,0.0466569,-0.00299168],[0.0228301,-0.542625,-0.839665],[-0.0407995,0.838678,-0.543097]],[[0.998906,0.0466569,-0.00299168],[0.0396971,-0.880222,-0.472899],[-0.0246973,0.472263,-0.881112]]],"btipPosition":[64.4259,267.816,35.0133],"carpPosition":[61.0917,310.042,85.1403],"dipPosition":[63.9645,276.638,18.5541],"direction":[0.0407995,-0.838678,0.543097],"extended":false,"handId":460,"id":4603,"length":64.4147,"mcpPosition":[61.1828,336.834,28.534],"pipPosition":[62.8345,299.866,3.51244],"stabilizedTipPosition":[75.8421,246.544,114.171],"timeVisible":0.497053,"tipPosition":[64.3246,270.087,31.7539],"tipVelocity":[-22.2269,-14.2778,-124.737],"tool":false,"touchDistance":0.333333,"touchZone":"none","type":3,"width":18.0732},{"bases":[[[0.98521,-0.163136,0.0524206],[0.115034,0.856431,0.503282],[-0.126998,-0.489809,0.862531]],[[0.957194,-0.231033,0.174363],[0.277102,0.5574,-0.782636],[0.0836245,0.797452,0.59756]],[[0.957194,-0.231033,0.174363],[0.0287164,-0.523633,-0.85146],[0.288018,0.82002,-0.494584]],[[0.957194,-0.231033,0.174363],[-0.111713,-0.850607,-0.513797],[0.267019,0.472326,-0.840006]]],"btipPosition":[68.7965,282.201,36.0684],"carpPosition":[74.6239,306.172,83.0491],"dipPosition":[73.398,290.341,21.5925],"direction":[-0.288018,-0.82002,0.494584],"extended":false,"handId":460,"id":4604,"length":50.4999,"mcpPosition":[81.9864,334.567,33.0458],"pipPosition":[79.0301,306.376,11.9211],"stabilizedTipPosition":[79.1185,264.594,108.751],"timeVisible":0.497053,"tipPosition":[69.9499,284.397,32.8313],"tipVelocity":[-10.9978,-17.0165,-103.479],"tool":false,"touchDistance":0.333333,"touchZone":"none","type":4,"width":16.054}],"r":[[0.970356,0.232903,0.0645372],[-0.237783,0.967799,0.0826132],[-0.0432182,-0.0955101,0.99449]],"s":1.01051,"t":[-28.5667,113.602,-168.914],"timestamp":521719421854},false],[5,{"currentFrameRate":106.696,"devices":[],"gestures":[],"hands":[{"armBasis":[[0.850069,0.437175,-0.293701],[-0.240741,0.818526,0.521593],[0.468429,-0.372684,0.80105]],"armWidth":63.7064,"confidence":0.852061,"direction":[-0.148934,0.520011,-0.841075],"elbow":[187.857,195.353,304.845],"grabStrength":0,"id":460,"palmNormal":[0.237407,-0.80688,-0.540908],"palmPosition":[47.0774,318.41,40.838],"palmVelocity":[2.60935,2.76844,-108.495],"palmWidth":90.9705,"pinchStrength":0.406629,"r":[[0.971204,0.228933,0.0659701],[-0.233863,0.968936,0.080448],[-0.0455035,-0.0935594,0.994573]],"s":1.00987,"sphereCenter":[54.9659,289.78,0.520008],"sphereRadius":48.2369,"stabilizedPalmPosition":[52.6905,300.485,115.326],"t":[-28.5098,113.679,-169.819],"timeVisible":0.506279,"type":"right","wrist":[61.4084,295.956,88.6076]}],"id":4134088,"interactionBox":{"center":[0,200,0],"size":[235.247,235.247,147.751]},"pointables":[{"bases":[[[0.144866,0.935933,0.321003],[-0.82059,-0.0676269,0.567502],[0.552852,-0.345623,0.758221]],[[-0.0700447,0.997389,0.0175724],[-0.818039,-0.0675127,0.571186],[0.570881,0.0256337,0.820632]],[[-0.0700447,0.997389,0.0175724],[-0.962737,-0.0722029,0.260623],[0.261211,0.00133764,0.965281]],[[-0.0700447,0.997389,0.0175724],[-0.789328,-0.0446444,-0.612347],[-0.609963,-0.056762,0.790394]]],"btipPosition":[13.9988,277.48,-6.80313],"carpPosition":[37.1217,277.477,85.551],"dipPosition":[-0.273524,276.152,11.691],"direction":[-0.261211,-0.00133764,-0.965281],"extended":false,"handId":460,"id":4600,"length":52.1052,"mcpPosition":[37.1217,277.477,85.551],"pipPosition":[8.63072,276.198,44.5958],"stabilizedTipPosition":[16.3797,265.413,74.711],"timeVisible":0.506279,"tipPosition":[10.5531,277.633,-1.73487],"tipVelocity":[10.2705,13.089,-122.136],"tool":false,"touchDistance":-0.496903,"touchZone":"hovering","type":0,"width":20.2457},{"bases":[[[0.921291,0.36357,-0.137982],[-0.280469,0.867017,0.411848],[0.269369,-0.340732,0.900745]],[[0.94198,0.331057,-0.0554483],[-0.3248,0.940653,0.09837],[0.0847237,-0.0746529,0.993604]],[[0.94198,0.331057,-0.0554483],[-0.334349,0.940021,-0.0676169],[0.0297375,0.0822329,0.996169]],[[0.94198,0.331057,-0.0554483],[-0.335513,0.923585,-0.185531],[-0.0102101,0.19337,0.981073]]],"btipPosition":[14.6312,324.052,-62.6093],"carpPosition":[38.6277,301.074,87.1538],"dipPosition":[14.4568,327.355,-45.8506],"direction":[-0.0297375,-0.0822329,-0.996169],"extended":true,"handId":460,"id":4601,"length":58.7949,"mcpPosition":[18.8146,326.136,20.9005],"pipPosition":[15.1754,329.343,-21.778],"stabilizedTipPosition":[11.4233,311.958,17.9783],"timeVisible":0.506279,"tipPosition":[14.2907,325.129,-58.6811],"tipVelocity":[25.682,10.221,-117.979],"tool":false,"touchDistance":-0.497239,"touchZone":"hovering","type":1,"width":19.3387},{"bases":[[[0.983438,0.161025,-0.0831946],[-0.114694,0.90831,0.402267],[0.140341,-0.386063,0.911735]],[[0.981861,0.165194,-0.0930567],[-0.172175,0.571304,-0.802476],[-0.0794002,0.803942,0.589383]],[[0.981861,0.165194,-0.0930567],[0.00554535,-0.515613,-0.856803],[-0.18952,0.840746,-0.507177]],[[0.981861,0.165194,-0.0930567],[0.0995342,-0.866826,-0.488576],[-0.161373,0.470451,-0.867545]]],"btipPosition":[51.6684,262.623,24.3637],"carpPosition":[49.2114,307.178,85.6439],"dipPosition":[48.6366,271.462,8.06433],"direction":[0.18952,-0.840746,0.507177],"extended":false,"handId":460,"id":4602,"length":66.9921,"mcpPosition":[39.4222,334.107,22.0476],"pipPosition":[43.2485,295.365,-6.35488],"stabilizedTipPosition":[62.6192,232.544,113.36],"timeVisible":0.506279,"tipPosition":[50.8444,264.88,20.8062],"tipVelocity":[-16.537,-1.85452,-112.725],"tool":false,"touchDistance":0.333333,"touchZone":"none","type":2,"width":18.9931},{"bases":[[[0.9992,0.0335241,0.0217952],[-0.0396062,0.904723,0.424154],[-0.00549924,-0.424678,0.905328]],[[0.999042,0.043756,-0.000044281],[-0.024311,0.55423,-0.832008],[-0.0363808,0.831213,0.554763]],[[0.999042,0.043756,-0.000044281],[0.0239469,-0.547606,-0.836393],[-0.0366215,0.835591,-0.54813]],[[0.999042,0.043756,-0.000044281],[0.0386348,-0.88259,-0.468554],[-0.0205411,0.468104,-0.883435]]],"btipPosition":[64.3803,267.859,34.446],"carpPosition":[61.0128,310.28,84.2413],"dipPosition":[63.9966,276.603,17.9435],"direction":[0.0366215,-0.835591,0.54813],"extended":false,"handId":460,"id":4603,"length":64.4147,"mcpPosition":[61.3572,336.876,27.5437],"pipPosition":[62.9823,299.746,2.76244],"stabilizedTipPosition":[75.8407,246.547,114.16],"timeVisible":0.506279,"tipPosition":[64.2954,270.109,31.0809],"tipVelocity":[-16.8361,-9.50859,-107.303],"tool":false,"touchDistance":0.333333,"touchZone":"none","type":3,"width":18.0732},{"bases":[[[0.984565,-0.165804,0.0560464],[0.115959,0.857827,0.500687],[-0.131094,-0.48646,0.863812]],[[0.956158,-0.232885,0.177557],[0.280574,0.554781,-0.78326],[0.0839046,0.798738,0.5958]],[[0.956158,-0.232885,0.177557],[0.0300078,-0.525198,-0.850451],[0.29131,0.818493,-0.495184]],[[0.956158,-0.232885,0.177557],[-0.11215,-0.851272,-0.512599],[0.270526,0.470212,-0.840069]]],"btipPosition":[68.8154,282.22,35.2256],"carpPosition":[74.5402,306.364,82.2056],"dipPosition":[73.4774,290.323,20.7486],"direction":[-0.29131,-0.818493,0.495184],"extended":false,"handId":460,"id":4604,"length":50.4999,"mcpPosition":[82.14,334.565,32.128],"pipPosition":[79.1739,306.329,11.0654],"stabilizedTipPosition":[79.1177,264.595,108.745],"timeVisible":0.506279,"tipPosition":[69.9704,284.405,32.0074],"tipVelocity":[-6.91611,-11.9287,-100.086],"tool":false,"touchDistance":0.333333,"touchZone":"none","type":4,"width":16.054}],"r":[[0.971204,0.228933,0.0659701],[-0.233863,0.968936,0.080448],[-0.0455035,-0.0935594,0.994573]],"s":1.00987,"t":[-28.5098,113.679,-169.819],"timestamp":521719431080},false],[6,{"currentFrameRate":106.982,"devices":[],"gestures":[],"hands":[{"armBasis":[[0.850383,0.436373,-0.293985],[-0.240474,0.819293,0.520511],[0.467996,-0.371938,0.801649]],"armWidth":63.7064,"confidence":0.859374,"direction":[-0.146086,0.518384,-0.842578],"elbow":[187.693,195.762,304.172],"grabStrength":0,"id":460,"palmNormal":[0.237421,-0.808451,-0.538552],"palmPosition":[47.1802,318.534,39.9196],"palmVelocity":[5.05139,5.83208,-107.304],"palmWidth":90.9705,"pinchStrength":0.408163,"r":[[0.971908,0.225478,0.067489],[-0.23045,0.969939,0.0781795],[-0.0478324,-0.0915361,0.994652]],"s":1.00954,"sphereCenter":[55.1511,289.831,-0.31835],"sphereRadius":48.2432,"stabilizedPalmPosition":[52.6905,300.485,115.326],"t":[-28.43,113.78,-170.731],"timeVisible":0.515103,"type":"right","wrist":[61.3608,296.164,87.773]}],"id":4134089,"interactionBox":{"center":[0,200,0],"size":[235.247,235.247,147.751]},"pointables":[{"bases":[[[0.145584,0.93641,0.319281],[-0.822057,-0.0650686,0.565675],[0.550479,-0.344821,0.76031]],[[-0.0679801,0.997559,0.0159566],[-0.820895,-0.0650165,0.567365],[0.567018,0.0254708,0.823311]],[[-0.0679801,0.997559,0.0159566],[-0.963248,-0.069791,0.25939],[0.25987,0.00226319,0.965641]],[[-0.0679801,0.997559,0.0159566],[-0.786404,-0.0437347,-0.616162],[-0.61396,-0.0544351,0.787458]]],"btipPosition":[14.2611,277.642,-7.73259],"carpPosition":[37.052,277.717,84.6988],"dipPosition":[-0.104662,276.368,10.6928],"direction":[-0.25987,-0.00226319,-0.965641],"extended":false,"handId":460,"id":4600,"length":52.1052,"mcpPosition":[37.052,277.717,84.6988],"pipPosition":[8.75388,276.445,43.6099],"stabilizedTipPosition":[16.3794,265.414,74.707],"timeVisible":0.515103,"tipPosition":[10.765,277.748,-2.71336],"tipVelocity":[14.868,14.8826,-118.083],"tool":false,"touchDistance":-0.489725,"touchZone":"hovering","type":0,"width":20.2457},{"bases":[[[0.922198,0.361801,-0.13657],[-0.280076,0.86837,0.409256],[0.266662,-0.339165,0.902141]],[[0.942721,0.329267,-0.0534925],[-0.323207,0.94126,0.0978119],[0.0825565,-0.0749202,0.993766]],[[0.942721,0.329267,-0.0534925],[-0.332348,0.940863,-0.0657364],[0.0286843,0.0797492,0.996402]],[[0.942721,0.329267,-0.0534925],[-0.33342,0.925034,-0.182054],[-0.0104619,0.189461,0.981832]]],"btipPosition":[14.9172,324.316,-63.6382],"carpPosition":[38.5918,301.314,86.2531],"dipPosition":[14.7385,327.552,-46.8666],"direction":[-0.0286843,-0.0797492,-0.996402],"extended":true,"handId":460,"id":4601,"length":58.7949,"mcpPosition":[18.9777,326.261,19.8971],"pipPosition":[15.4316,329.479,-22.7883],"stabilizedTipPosition":[11.4235,311.959,17.9742],"timeVisible":0.515103,"tipPosition":[14.6247,325.246,-59.7054],"tipVelocity":[27.4675,15.0545,-117.517],"tool":false,"touchDistance":-0.491238,"touchZone":"hovering","type":1,"width":19.3387},{"bases":[[[0.98389,0.15928,-0.0811853],[-0.114213,0.909379,0.399982],[0.137537,-0.384266,0.91292]],[[0.982289,0.163569,-0.0913952],[-0.169737,0.570224,-0.803762],[-0.0793553,0.80504,0.587888]],[[0.982289,0.163569,-0.0913952],[0.00642309,-0.516884,-0.856031],[-0.187261,0.840283,-0.50878]],[[0.982289,0.163569,-0.0913952],[0.0991808,-0.86774,-0.487023],[-0.158969,0.469333,-0.868594]]],"btipPosition":[51.7299,262.7,23.5297],"carpPosition":[49.1888,307.398,84.7551],"dipPosition":[48.7432,271.517,7.21053],"direction":[0.187261,-0.840283,0.50878],"extended":false,"handId":460,"id":4602,"length":66.9921,"mcpPosition":[39.5951,334.202,21.0761],"pipPosition":[43.4193,295.407,-7.25426],"stabilizedTipPosition":[62.6183,232.546,113.353],"timeVisible":0.515103,"tipPosition":[50.9176,264.946,19.9794],"tipVelocity":[-9.87419,0.832847,-107.95],"tool":false,"touchDistance":0.333333,"touchZone":"none","type":2,"width":18.9931},{"bases":[[[0.999197,0.0319868,0.0241235],[-0.0391841,0.905722,0.422058],[-0.00834889,-0.422664,0.906248]],[[0.999108,0.0421703,0.00226161],[-0.0213342,0.550223,-0.834745],[-0.0364459,0.833952,0.550632]],[[0.999108,0.0421703,0.00226161],[0.0251583,-0.551332,-0.833906],[-0.0339192,0.833219,-0.551901]],[[0.999108,0.0421703,0.00226161],[0.0383762,-0.884255,-0.465425],[-0.0176273,0.465097,-0.885084]]],"btipPosition":[64.418,267.931,33.841],"carpPosition":[60.9984,310.479,83.3741],"dipPosition":[64.0888,276.619,17.3077],"direction":[0.0339192,-0.833219,0.551901],"extended":false,"handId":460,"id":4603,"length":64.4147,"mcpPosition":[61.5213,336.949,26.6189],"pipPosition":[63.1493,299.696,2.02216],"stabilizedTipPosition":[75.8396,246.549,114.153],"timeVisible":0.515103,"tipPosition":[64.3447,270.162,30.3845],"tipVelocity":[-10.7527,-5.13711,-97.0597],"tool":false,"touchDistance":0.333333,"touchZone":"none","type":3,"width":18.0732},{"bases":[[[0.984162,-0.167241,0.0587797],[0.116122,0.858748,0.499068],[-0.133942,-0.484338,0.864567]],[[0.954455,-0.235512,0.183166],[0.287073,0.557698,-0.778821],[0.0812704,0.795931,0.599907]],[[0.954455,-0.235512,0.183166],[0.0338209,-0.524556,-0.850704],[0.296432,0.818153,-0.4927]],[[0.954455,-0.235512,0.183166],[-0.112349,-0.852438,-0.510615],[0.276393,0.46678,-0.840073]]],"btipPosition":[68.8566,282.435,34.1621],"carpPosition":[74.5244,306.536,81.3796],"dipPosition":[73.6197,290.479,19.6851],"direction":[-0.296432,-0.818153,0.4927],"extended":false,"handId":460,"id":4604,"length":50.4999,"mcpPosition":[82.2893,334.615,31.2582],"pipPosition":[79.4163,306.477,10.0505],"stabilizedTipPosition":[79.1172,264.596,108.741],"timeVisible":0.515103,"tipPosition":[70.0338,284.536,31.0385],"tipVelocity":[-3.07708,-2.5581,-105.604],"too