{"sensorType":"Leap","data":[[0,{"currentFrameRate":108.281,"devices":[],"gestures":[],"hands":[{"armBasis":[[0.881144,0.39632,-0.257906],[-0.183396,0.789179,0.586142],[0.435834,-0.469177,0.768064]],"armWidth":63.7005,"confidence":0.770392,"direction":[-0.154986,0.61654,-0.771918],"elbow":[182.603,148.917,292.761],"grabStrength":0,"id":455,"palmNormal":[0.174045,-0.752098,-0.635655],"palmPosition":[49.9378,303.817,41.1021],"palmVelocity":[9.72406,17.5019,-124.352],"palmWidth":90.9622,"pinchStrength":0.545973,"r":[[0.967675,0.208813,0.141431],[-0.222789,0.970579,0.0913359],[-0.118198,-0.119893,0.985726]],"s":0.992339,"sphereCenter":[64.1643,280.056,-3.74157],"sphereRadius":50.3731,"stabilizedPalmPosition":[55.2915,275.253,106.949],"t":[-18.2735,105.349,-153.815],"timeVisible":0.578441,"type":"right","wrist":[64.9635,275.556,85.4476]}],"id":4132070,"interactionBox":{"center":[0,200,0],"size":[235.247,235.247,147.751]},"pointables":[{"bases":[[[0.205404,0.886708,0.414195],[-0.799983,-0.0916744,0.592978],[0.563769,-0.453149,0.690522]],[[-0.000766949,0.988415,0.151774],[-0.835989,-0.0839193,0.542291],[0.548746,-0.126466,0.826368]],[[-0.000766949,0.988415,0.151774],[-0.961479,-0.0424484,0.271583],[0.274879,-0.145719,0.950372]],[[-0.000766949,0.988415,0.151774],[-0.719353,0.104884,-0.686681],[-0.694644,-0.109706,0.710939]]],"btipPosition":[19.1574,272.535,-8.77561],"carpPosition":[39.6581,258.691,81.4892],"dipPosition":[2.90515,269.968,7.85782],"direction":[-0.274879,0.145719,-0.950372],"extended":false,"handId":455,"id":4550,"length":52.1005,"mcpPosition":[39.6581,258.691,81.4892],"pipPosition":[12.2745,265.001,40.2514],"stabilizedTipPosition":[20.3768,236.703,71.8023],"timeVisible":0.578441,"tipPosition":[15.7134,272.192,-4.88243],"tipVelocity":[8.86491,26.6594,-137.686],"tool":false,"touchDistance":-0.506931,"touchZone":"touching","type":0,"width":20.2438},{"bases":[[[0.932637,0.333079,-0.138734],[-0.219004,0.828137,0.515972],[0.28675,-0.450831,0.845296]],[[0.971464,0.234428,0.0360808],[-0.234343,0.925151,0.298628],[0.0366264,-0.298562,0.953687]],[[0.971464,0.234428,0.0360808],[-0.237177,0.961601,0.138098],[-0.00232141,-0.142715,0.989761]],[[0.971464,0.234428,0.0360808],[-0.235137,0.971817,0.0168126],[-0.0311226,-0.0248168,0.999207]]],"btipPosition":[20.3639,331.717,-58.5292],"carpPosition":[42.439,281.865,85.5825],"dipPosition":[19.8324,331.294,-41.4624],"direction":[0.00232141,0.142715,-0.989761],"extended":true,"handId":455,"id":4551,"length":58.7895,"mcpPosition":[21.3493,315.022,23.4134],"pipPosition":[19.7763,327.845,-17.5468],"stabilizedTipPosition":[25.5435,298.109,11.0885],"timeVisible":0.578441,"tipPosition":[20.6637,331.684,-54.5413],"tipVelocity":[10.461,28.7765,-122.902],"tool":false,"touchDistance":-0.494719,"touchZone":"touching","type":1,"width":19.3369},{"bases":[[[0.986382,0.123017,-0.10917],[-0.0518294,0.862426,0.503522],[0.156093,-0.491007,0.857057]],[[0.987393,0.119766,-0.103498],[-0.157758,0.690997,-0.705433],[-0.0129702,0.712867,0.701179]],[[0.987393,0.119766,-0.103498],[-0.0707144,-0.251225,-0.965342],[-0.141617,0.96049,-0.239589]],[[0.987393,0.119766,-0.103498],[0.000891833,-0.658049,-0.752975],[-0.158288,0.743389,-0.64986]]],"btipPosition":[49.9917,246.222,9.72911],"carpPosition":[53.2542,287.596,84.2734],"dipPosition":[47.0181,260.187,-2.47932],"direction":[0.141617,-0.96049,0.239589],"extended":false,"handId":455,"id":4552,"length":66.986,"mcpPosition":[42.3672,321.842,24.4965],"pipPosition":[42.9922,287.492,-9.29028],"stabilizedTipPosition":[50.5475,218.661,73.835],"timeVisible":0.578441,"tipPosition":[49.2798,249.563,6.7375],"tipVelocity":[-1.12688,33.2513,-168.49],"tool":false,"touchDistance":0.333333,"touchZone":"none","type":2,"width":18.9914},{"bases":[[[0.999683,-0.015945,-0.0195024],[0.0237778,0.85292,0.5215],[0.00831866,-0.521798,0.853028]],[[0.999231,-0.00401202,-0.0389983],[-0.0265193,0.663457,-0.747744],[0.0288737,0.748203,0.662841]],[[0.999231,-0.00401202,-0.0389983],[-0.0384294,-0.297026,-0.954096],[-0.00775566,0.954861,-0.296952]],[[0.999231,-0.00401202,-0.0389983],[-0.0312478,-0.682245,-0.730456],[-0.0236758,0.731113,-0.681845]]],"btipPosition":[63.9806,249.435,20.6251],"carpPosition":[65.1342,290.278,82.6895],"dipPosition":[63.5384,263.091,7.8894],"direction":[0.00775566,-0.954861,0.296952],"extended":false,"handId":455,"id":4553,"length":64.4088,"mcpPosition":[64.6133,322.953,29.2722],"pipPosition":[63.3236,289.534,-0.334245],"stabilizedTipPosition":[65.7797,227.292,76.4291],"timeVisible":0.578441,"tipPosition":[63.8587,252.659,17.6662],"tipVelocity":[3.75484,26.7604,-168.376],"tool":false,"touchDistance":0.333333,"touchZone":"none","type":3,"width":18.0715},{"bases":[[[0.976164,-0.216937,-0.0065396],[0.179616,0.790584,0.585419],[-0.121829,-0.572639,0.810705]],[[0.976492,-0.215375,-0.00874921],[0.141649,0.671761,-0.727099],[0.162476,0.708767,0.686477]],[[0.976492,-0.215375,-0.00874921],[-0.0663754,-0.261827,-0.96283],[0.205079,0.940776,-0.269968]],[[0.976492,-0.215375,-0.00874921],[-0.147174,-0.636519,-0.757089],[0.157489,0.740579,-0.653253]]],"btipPosition":[72.9452,262.967,24.9101],"carpPosition":[78.35,285.983,79.6353],"dipPosition":[75.659,275.729,13.6536],"direction":[-0.205079,-0.940776,0.269968],"extended":false,"handId":455,"id":4554,"length":50.4953,"mcpPosition":[85.4121,319.177,32.6408],"pipPosition":[79.6688,294.123,8.37493],"stabilizedTipPosition":[76.7343,240.653,80.0854],"timeVisible":0.578441,"tipPosition":[73.719,266.002,22.0371],"tipVelocity":[0.576153,22.2689,-144.193],"tool":false,"touchDistance":0.333333,"touchZone":"none","type":4,"width":16.0525}],"r":[[0.967675,0.208813,0.141431],[-0.222789,0.970579,0.0913359],[-0.118198,-0.119893,0.985726]],"s":0.992339,"t":[-18.2735,105.349,-153.815],"timestamp":521697430678},false],[1,{"currentFrameRate":108.395,"devices":[],"gestures":[],"hands":[{"armBasis":[[0.881517,0.393116,-0.261508],[-0.178877,0.790641,0.585568],[0.436955,-0.46941,0.767284]],"armWidth":63.7005,"confidence":0.785417,"direction":[-0.153443,0.621612,-0.76815],"elbow":[182.961,148.761,290.994],"grabStrength":0,"id":455,"palmNormal":[0.168675,-0.749471,-0.64019],"palmPosition":[50.0444,304.048,39.7361],"palmVelocity":[10.2988,19.7267,-131.806],"palmWidth":90.9622,"pinchStrength":0.557719,"r":[[0.968101,0.206637,0.141708],[-0.22091,0.970794,0.0935843],[-0.118232,-0.121904,0.985475]],"s":0.990041,"sphereCenter":[64.1608,280.427,-5.29735],"sphereRadius":50.3696,"stabilizedPalmPosition":[55.291,275.256,106.943],"t":[-18.1603,105.514,-154.981],"timeVisible":0.587461,"type":"right","wrist":[65.0189,275.463,83.8909]}],"id":4132071,"interactionBox":{"center":[0,200,0],"size":[235.247,235.247,147.751]},"pointables":[{"bases":[[[0.210987,0.883309,0.418627],[-0.799142,-0.0907516,0.594252],[0.5629,-0.459922,0.686743]],[[0.00495225,0.987512,0.157468],[-0.836453,-0.0822065,0.541837],[0.548016,-0.134398,0.8256]],[[0.00495225,0.987512,0.157468],[-0.961668,-0.0384716,0.271506],[0.274173,-0.152777,0.949467]],[[0.00495225,0.987512,0.157468],[-0.721997,0.112482,-0.682691],[-0.691878,-0.110311,0.713538]]],"btipPosition":[19.1114,273.248,-10.3604],"carpPosition":[39.6165,258.753,79.896],"dipPosition":[2.92393,270.667,6.33385],"direction":[-0.274173,0.152777,-0.949467],"extended":false,"handId":455,"id":4550,"length":52.1005,"mcpPosition":[39.6165,258.753,79.896],"pipPosition":[12.2692,265.46,38.6966],"stabilizedTipPosition":[20.376,236.708,71.7902],"timeVisible":0.587461,"tipPosition":[15.6172,272.869,-6.41534],"tipVelocity":[5.47885,40.9729,-147.716],"tool":false,"touchDistance":-0.508133,"touchZone":"touching","type":0,"width":20.2438},{"bases":[[[0.934069,0.328936,-0.13898],[-0.213498,0.826406,0.521029],[0.286239,-0.457006,0.842148]],[[0.972635,0.229837,0.0340048],[-0.22923,0.92543,0.301717],[0.0378765,-0.301255,0.952791]],[[0.972635,0.229837,0.0340048],[-0.232338,0.962243,0.141797],[-0.00013065,-0.145818,0.989311]],[[0.972635,0.229837,0.0340048],[-0.230615,0.972818,0.0210287],[-0.0282473,-0.0282952,0.9992]]],"btipPosition":[20.3351,332.446,-59.7196],"carpPosition":[42.5284,281.889,84.1112],"dipPosition":[19.8527,331.963,-42.6528],"direction":[0.00013065,0.145818,-0.989311],"extended":true,"handId":455,"id":4551,"length":58.7895,"mcpPosition":[21.4763,315.501,22.1736],"pipPosition":[19.8495,328.44,-18.7481],"stabilizedTipPosition":[25.5409,298.126,11.0556],"timeVisible":0.587461,"tipPosition":[20.642,332.467,-55.7176],"tipVelocity":[7.04949,42.6697,-125.397],"tool":false,"touchDistance":-0.491436,"touchZone":"touching","type":1,"width":19.3369},{"bases":[[[0.986772,0.118435,-0.110698],[-0.0461729,0.859885,0.508395],[0.155399,-0.496559,0.853979]],[[0.987829,0.114978,-0.104754],[-0.155427,0.703813,-0.693173],[-0.00597195,0.701019,0.713118]],[[0.987829,0.114978,-0.104754],[-0.0754212,-0.234934,-0.969081],[-0.136033,0.965187,-0.223403]],[[0.987829,0.114978,-0.104754],[-0.00532017,-0.648109,-0.761529],[-0.155451,0.752818,-0.63961]]],"btipPosition":[49.6074,246.844,7.25194],"carpPosition":[53.3707,287.57,82.8095],"dipPosition":[46.687,260.987,-4.76393],"direction":[0.136033,-0.965187,0.223403],"extended":false,"handId":455,"id":4552,"length":66.986,"mcpPosition":[42.5322,322.204,23.2473],"pipPosition":[42.8199,288.425,-11.1148],"stabilizedTipPosition":[50.5472,218.666,73.8246],"timeVisible":0.587461,"tipPosition":[48.9517,250.139,4.59875],"tipVelocity":[-12.1646,44.3263,-196.339],"tool":false,"touchDistance":0.333333,"touchZone":"none","type":2,"width":18.9914},{"bases":[[[0.999539,-0.0210899,-0.021829],[0.0294228,0.849882,0.526151],[0.0074556,-0.526551,0.850111]],[[0.999108,-0.00904843,-0.0412551],[-0.0246743,0.667718,-0.744005],[0.0342789,0.744359,0.666899]],[[0.999108,-0.00904843,-0.0412551],[-0.0421002,-0.291567,-0.955623],[-0.00338176,0.956508,-0.291688]],[[0.999108,-0.00904843,-0.0412551],[-0.0364535,-0.678055,-0.734107],[-0.0213307,0.734956,-0.67778]]],"btipPosition":[63.7552,249.708,18.9291],"carpPosition":[65.2611,290.199,81.2139],"dipPosition":[63.3568,263.435,6.26939],"direction":[0.00338176,-0.956508,0.291688],"extended":false,"handId":455,"id":4553,"length":64.4088,"mcpPosition":[64.7943,323.172,27.9792],"pipPosition":[63.2631,289.925,-1.80849],"stabilizedTipPosition":[65.7794,227.295,76.421],"timeVisible":0.587461,"tipPosition":[63.6439,252.948,15.9878],"tipVelocity":[-3.84508,28.2278,-173.248],"tool":false,"touchDistance":0.333333,"touchZone":"none","type":3,"width":18.0715},{"bases":[[[0.974991,-0.222024,-0.00992444],[0.185072,0.786375,0.589375],[-0.123051,-0.576472,0.807799]],[[0.975074,-0.221634,-0.0104706],[0.145829,0.675707,-0.722603],[0.167228,0.703064,0.691184]],[[0.975074,-0.221634,-0.0104706],[-0.0683354,-0.255074,-0.964504],[0.211096,0.941178,-0.263861]],[[0.975074,-0.221634,-0.0104706],[-0.151586,-0.630952,-0.760869],[0.162028,0.743491,-0.648821]]],"btipPosition":[72.7495,263.202,23.1875],"carpPosition":[78.4473,285.851,78.1064],"dipPosition":[75.5415,276.013,12.0073],"direction":[-0.211096,-0.941178,0.263861],"extended":false,"handId":455,"id":4554,"length":50.4953,"mcpPosition":[85.5803,319.268,31.2803],"pipPosition":[79.669,294.416,6.84804],"stabilizedTipPosition":[76.7339,240.656,80.0776],"timeVisible":0.587461,"tipPosition":[73.551,266.231,20.3749],"tipVelocity":[-5.0012,23.6433,-156.529],"tool":false,"touchDistance":0.333333,"touchZone":"none","type":4,"width":16.0525}],"r":[[0.968101,0.206637,0.141708],[-0.22091,0.970794,0.0935843],[-0.118232,-0.121904,0.985475]],"s":0.990041,"t":[-18.1603,105.514,-154.981],"timestamp":521697439698},false],[2,{"currentFrameRate":108.495,"devices":[],"gestures":[],"hands":[{"armBasis":[[0.885283,0.385948,-0.259459],[-0.175719,0.794156,0.581755],[0.430578,-0.469426,0.770871]],"armWidth":63.7005,"confidence":0.793578,"direction":[-0.151767,0.624725,-0.765954],"elbow":[181.408,148.627,290.953],"grabStrength":0,"id":455,"palmNormal":[0.164493,-0.74816,-0.642805],"palmPosition":[50.2778,304.124,38.8382],"palmVelocity":[14.5764,16.6092,-122.86],"palmWidth":90.9622,"pinchStrength":0.558093,"r":[[0.968659,0.203953,0.141787],[-0.218526,0.971091,0.0960623],[-0.118096,-0.124036,0.985225]],"s":0.988072,"sphereCenter":[64.29,280.555,-6.29093],"sphereRadius":50.3612,"stabilizedPalmPosition":[55.2906,275.258,106.937],"t":[-17.9871,105.635,-156.013],"timeVisible":0.596499,"type":"right","wrist":[65.1874,275.333,82.881]}],"id":4132072,"interactionBox":{"center":[0,200,0],"size":[235.247,235.247,147.751]},"pointables":[{"bases":[[[0.215448,0.881035,0.421141],[-0.798713,-0.0891325,0.595074],[0.561818,-0.464578,0.684491]],[[0.0101892,0.986822,0.161486],[-0.836898,-0.079969,0.541486],[0.547264,-0.140665,0.825055]],[[0.0101892,0.986822,0.161486],[-0.961814,-0.0345016,0.271522],[0.273516,-0.158086,0.948788]],[[0.0101892,0.986822,0.161486],[-0.724534,0.118588,-0.678961],[-0.689164,-0.110084,0.716194]]],"btipPosition":[19.1975,273.731,-11.3998],"carpPosition":[39.7061,258.748,78.8684],"dipPosition":[3.07352,271.155,5.35663],"direction":[-0.273516,0.158086,-0.948788],"extended":false,"handId":455,"id":4550,"length":52.1005,"mcpPosition":[39.7061,258.748,78.8684],"pipPosition":[12.3963,265.767,37.6962],"stabilizedTipPosition":[20.3752,236.714,71.7777],"timeVisible":0.596499,"tipPosition":[15.6803,273.298,-7.41648],"tipVelocity":[7.03906,44.4439,-138.265],"tool":false,"touchDistance":-0.501029,"touchZone":"touching","type":0,"width":20.2438},{"bases":[[[0.935315,0.32527,-0.139235],[-0.209142,0.825671,0.523953],[0.285388,-0.460941,0.84029]],[[0.973533,0.226299,0.031983],[-0.225224,0.926153,0.302515],[0.0388379,-0.301712,0.952608]],[[0.973533,0.226299,0.031983],[-0.228543,0.963013,0.142738],[0.0015014,-0.146269,0.989244]],[[0.973533,0.226299,0.031983],[-0.22705,0.973631,0.0221616],[-0.0261245,-0.0288368,0.999243]]],"btipPosition":[20.478,332.743,-60.5322],"carpPosition":[42.7256,281.857,83.153],"dipPosition":[20.0318,332.251,-43.4648],"direction":[-0.0015014,0.146269,-0.989244],"extended":true,"handId":455,"id":4551,"length":58.7895,"mcpPosition":[21.7361,315.758,21.3521],"pipPosition":[20.0681,328.717,-19.5617],"stabilizedTipPosition":[25.5385,298.142,11.0237],"timeVisible":0.596499,"tipPosition":[20.7933,332.83,-56.5167],"tipVelocity":[9.7164,39.9067,-115.615],"tool":false,"touchDistance":-0.482813,"touchZone":"touching","type":1,"width":19.3369},{"bases":[[[0.98713,0.11445,-0.111696],[-0.0416885,0.858455,0.511192],[0.154392,-0.499956,0.852178]],[[0.988219,0.110836,-0.105538],[-0.153035,0.707392,-0.690055],[-0.00182596,0.698077,0.71602]],[[0.988219,0.110836,-0.105538],[-0.07771,-0.230693,-0.969918],[-0.131849,0.966693,-0.219363]],[[0.988219,0.110836,-0.105538],[-0.00921303,-0.645255,-0.763912],[-0.152768,0.755884,-0.636632]]],"btipPosition":[49.5288,247.047,6.11176],"carpPosition":[53.591,287.495,81.8544],"dipPosition":[46.6589,261.247,-5.84818],"direction":[0.131849,-0.966693,0.219363],"extended":false,"handId":455,"id":4552,"length":66.986,"mcpPosition":[42.8227,322.365,22.4178],"pipPosition":[42.9107,288.728,-12.0842],"stabilizedTipPosition":[50.547,218.67,73.8158],"timeVisible":0.596499,"tipPosition":[48.8898,250.344,3.48858],"tipVelocity":[-10.8542,38.6943,-176.606],"tool":false,"touchDistance":0.333333,"touchZone":"none","type":2,"width":18.9914},{"bases":[[[0.999406,-0.0254122,-0.0232892],[0.0338869,0.848063,0.52881],[0.0063125,-0.529285,0.848421]],[[0.998999,-0.0132893,-0.0427049],[-0.0227683,0.670736,-0.741347],[0.0384957,0.741577,0.669762]],[[0.998999,-0.0132893,-0.0427049],[-0.0447229,-0.287743,-0.956663],[0.000425335,0.957615,-0.288049]],[[0.998999,-0.0132893,-0.0427049],[-0.0404646,-0.675276,-0.736454],[-0.0190506,0.737445,-0.675138]]],"btipPosition":[63.72,249.803,17.7937],"carpPosition":[65.4907,290.076,80.2505],"dipPosition":[63.3641,263.577,5.18324],"direction":[-0.000425335,-0.957615,0.288049],"extended":false,"handId":455,"id":4553,"length":64.4088,"mcpPosition":[65.0954,323.22,27.1217],"pipPosition":[63.3759,290.097,-2.79387],"stabilizedTipPosition":[65.7792,227.298,76.4148],"timeVisible":0.596499,"tipPosition":[63.6196,253.047,14.8822],"tipVelocity":[-3.56151,23.6867,-159.781],"tool":false,"touchDistance":0.333333,"touchZone":"none","type":3,"width":18.0715},{"bases":[[[0.97399,-0.226273,-0.0119897],[0.189342,0.783672,0.591615],[-0.124471,-0.578497,0.806132]],[[0.973922,-0.22659,-0.0115479],[0.149081,0.677483,-0.720272],[0.17103,0.699767,0.693595]],[[0.973922,-0.22659,-0.0115479],[-0.0699457,-0.25144,-0.965342],[0.215834,0.940975,-0.260732]],[[0.973922,-0.22659,-0.0115479],[-0.15509,-0.627726,-0.762829],[0.165601,0.744726,-0.646497]]],"btipPosition":[72.7492,263.248,22.1021],"carpPosition":[78.6533,285.681,77.1108],"dipPosition":[75.6028,276.08,10.962],"direction":[-0.215834,-0.940975,0.260732],"extended":false,"handId":455,"id":4554,"length":50.4953,"mcpPosition":[85.8686,319.215,30.3814],"pipPosition":[79.8229,294.479,5.8639],"stabilizedTipPosition":[76.7336,240.659,80.0719],"timeVisible":0.596499,"tipPosition":[73.5706,266.273,19.3156],"tipVelocity":[-3.20042,18.6741,-146.207],"tool":false,"touchDistance":0.333333,"touchZone":"none","type":4,"width":16.0525}],"r":[[0.968659,0.203953,0.141787],[-0.218526,0.971091,0.0960623],[-0.118096,-0.124036,0.985225]],"s":0.988072,"t":[-17.9871,105.635,-156.013],"timestamp":521697448736},false],[3,{"currentFrameRate":108.515,"devices":[],"gestures":[],"hands":[{"armBasis":[[0.886794,0.384531,-0.256384],[-0.176014,0.793939,0.581962],[0.427336,-0.470953,0.771743]],"armWidth":63.7005,"confidence":0.803974,"direction":[-0.150304,0.628778,-0.76292],"elbow":[180.482,148.125,290.118],"grabStrength":0,"id":455,"palmNormal":[0.164287,-0.745072,-0.646434],"palmPosition":[50.3029,304.274,37.9001],"palmVelocity":[11.2712,16.5343,-117.096],"palmWidth":90.9622,"pinchStrength":0.555899,"r":[[0.969117,0.201441,0.142243],[-0.216417,0.97127,0.0989877],[-0.118216,-0.126715,0.98487]],"s":0.986128,"sphereCenter":[64.4046,280.898,-7.34882],"sphereRadius":50.3473,"stabilizedPalmPosition":[55.2903,275.26,106.933],"t":[-17.8879,105.77,-156.998],"timeVisible":0.605677,"type":"right","wrist":[65.1364,275.243,81.8107]}],"id":4132073,"interactionBox":{"center":[0,200,0],"size":[235.247,235.247,147.751]},"pointables":[{"bases":[[[0.216023,0.878641,0.425822],[-0.799402,-0.0912495,0.593827],[0.560616,-0.468683,0.682675]],[[0.0120844,0.985757,0.167743],[-0.837951,-0.0815524,0.539618],[0.545612,-0.147081,0.82503]],[[0.0120844,0.985757,0.167743],[-0.962296,-0.0341236,0.269856],[0.271736,-0.164679,0.948177]],[[0.0120844,0.985757,0.167743],[-0.726689,0.12389,-0.675703],[-0.686861,-0.113731,0.717835]]],"btipPosition":[19.2211,274.321,-12.5957],"carpPosition":[39.6405,258.707,77.6888],"dipPosition":[3.15098,271.66,4.1991],"direction":[-0.271736,0.164679,-0.948177],"extended":false,"handId":455,"id":4550,"length":52.1005,"mcpPosition":[39.6405,258.707,77.6888],"pipPosition":[12.4132,266.047,36.5179],"stabilizedTipPosition":[20.3744,236.72,71.7635],"timeVisible":0.605677,"tipPosition":[15.7052,273.803,-8.58694],"tipVelocity":[6.16811,49.3707,-135.774],"tool":false,"touchDistance":-0.497066,"touchZone":"touching","type":0,"width":20.2438},{"bases":[[[0.935818,0.324914,-0.13666],[-0.20873,0.823236,0.527934],[0.284036,-0.465525,0.838218]],[[0.973637,0.225701,0.0330011],[-0.224866,0.92545,0.304923],[0.0382806,-0.304305,0.951805]],[[0.973637,0.225701,0.0330011],[-0.228099,0.962737,0.145288],[0.00102015,-0.148985,0.988839]],[[0.973637,0.225701,0.0330011],[-0.226554,0.973681,0.0248707],[-0.0265192,-0.0316916,0.999146]]],"btipPosition":[20.5759,333.24,-61.3932],"carpPosition":[42.6817,281.791,82.0938],"dipPosition":[20.1229,332.699,-44.3274],"direction":[-0.00102015,0.148985,-0.988839],"extended":true,"handId":455,"id":4551,"length":58.7895,"mcpPosition":[21.7917,316.029,20.4452],"pipPosition":[20.1476,329.099,-20.4341],"stabilizedTipPosition":[25.5359,298.16,10.9896],"timeVisible":0.605677,"tipPosition":[20.8839,333.37,-57.3666],"tipVelocity":[9.93417,43.5325,-109.539],"tool":false,"touchDistance":-0.475786,"touchZone":"touching","type":1,"width":19.3369},{"bases":[[[0.987368,0.113898,-0.110141],[-0.0412276,0.855895,0.515504],[0.152984,-0.504452,0.849779]],[[0.988455,0.110226,-0.103956],[-0.151504,0.711137,-0.686535],[-0.00174659,0.694359,0.719627]],[[0.988455,0.110226,-0.103956],[-0.0769772,-0.225632,-0.971167],[-0.130503,0.967957,-0.214543]],[[0.988455,0.110226,-0.103956],[-0.00916427,-0.641365,-0.767181],[-0.151237,0.759277,-0.63295]]],"btipPosition":[49.5199,247.368,4.87922],"carpPosition":[53.5548,287.423,80.8345],"dipPosition":[46.6788,261.632,-7.01155],"direction":[0.130503,-0.967957,0.214543],"extended":false,"handId":455,"id":4552,"length":66.986,"mcpPosition":[42.8847,322.607,21.5652],"pipPosition":[42.9688,289.148,-13.1105],"stabilizedTipPosition":[50.5469,218.673,73.808],"timeVisible":0.605677,"tipPosition":[48.888,250.677,2.27231],"tipVelocity":[-7.89311,38.1038,-164.309],"tool":false,"touchDistance":0.333333,"touchZone":"none","type":2,"width":18.9914},{"bases":[[[0.999399,-0.0264246,-0.0224338],[0.0343185,0.845328,0.533144],[0.00487578,-0.533594,0.845727]],[[0.999025,-0.0141896,-0.0418089],[-0.020983,0.68058,-0.732373],[0.0388464,0.732536,0.679619]],[[0.999025,-0.0141896,-0.0418089],[-0.0441,-0.275071,-0.960412],[0.00212744,0.961319,-0.275429]],[[0.999025,-0.0141896,-0.0418089],[-0.040604,-0.667167,-0.743801],[-0.0173393,0.744773,-0.667092]]],"btipPosition":[63.6834,250.16,16.0272],"carpPosition":[65.4589,289.999,79.2555],"dipPosition":[63.3596,264.071,3.5671],"direction":[-0.00212744,-0.961319,0.275429],"extended":false,"handId":455,"id":4553,"length":64.4088,"mcpPosition":[65.1536,323.413,26.2953],"pipPosition":[63.4185,290.694,-4.0605],"stabilizedTipPosition":[65.779,227.3,76.4098],"timeVisible":0.605677,"tipPosition":[63.5999,253.388,13.349],"tipVelocity":[-3.45521,28.8859,-167.854],"tool":false,"touchDistance":0.333333,"touchZone":"none","type":3,"width":18.0715},{"bases":[[[0.973746,-0.227312,-0.0121797],[0.189639,0.780442,0.595774],[-0.125921,-0.582442,0.80306]],[[0.973508,-0.228403,-0.0106746],[0.151975,0.681221,-0.71613],[0.170838,0.695536,0.697886]],[[0.973508,-0.228403,-0.0106746],[-0.0683598,-0.246181,-0.96681],[0.218194,0.941927,-0.255273]],[[0.973508,-0.228403,-0.0106746],[-0.154717,-0.623631,-0.766255],[0.168358,0.747607,-0.642447]]],"btipPosition":[72.7128,263.481,20.9476],"carpPosition":[78.6197,285.604,76.1064],"dipPosition":[75.6139,276.364,9.87726],"direction":[-0.218194,-0.941927,0.255273],"extended":false,"handId":455,"id":4554,"length":50.4953,"mcpPosition":[85.919,319.367,29.5551],"pipPosition":[79.8802,294.781,4.88595],"stabilizedTipPosition":[76.7333,240.661,80.0675],"timeVisible":0.605677,"tipPosition":[73.551,266.509,18.1965],"tipVelocity":[-3.08211,20.9184,-140.018],"tool":false,"touchDistance":0.333333,"touchZone":"none","type":4,"width":16.0525}],"r":[[0.969117,0.201441,0.142243],[-0.216417,0.97127,0.0989877],[-0.118216,-0.126715,0.98487]],"s":0.986128,"t":[-17.8879,105.77,-156.998],"timestamp":521697457914},false],[4,{"currentFrameRate":108.67,"devices":[],"gestures":[],"hands":[{"armBasis":[[0.886686,0.385874,-0.254733],[-0.177465,0.792748,0.583143],[0.426959,-0.471859,0.771398]],"armWidth":63.7005,"confidence":0.815393,"direction":[-0.148642,0.631209,-0.761237],"elbow":[180.376,147.771,288.645],"grabStrength":0,"id":455,"palmNormal":[0.165718,-0.743003,-0.648448],"palmPosition":[50.3948,304.305,36.5811],"palmVelocity":[11.0075,12.9721,-125.466],"palmWidth":90.9622,"pinchStrength":0.556893,"r":[[0.969417,0.199341,0.143155],[-0.214776,0.971338,0.101853],[-0.118748,-0.129485,0.984445]],"s":0.984499,"sphereCenter":[64.6387,281.062,-8.71337],"sphereRadius":50.3413,"stabilizedPalmPosition":[55.2901,275.261,106.93],"t":[-17.7923,105.853,-158.15],"timeVisible":0.614601,"type":"right","wrist":[65.1326,275.134,80.4313]}],"id":4132074,"interactionBox":{"center":[0,200,0],"size":[235.247,235.247,147.751]},"pointables":[{"bases":[[[0.215072,0.877279,0.429098],[-0.800701,-0.093154,0.591777],[0.559126,-0.470854,0.682403]],[[0.0117875,0.985195,0.171033],[-0.839785,-0.0830941,0.536523],[0.542791,-0.149955,0.826372]],[[0.0117875,0.985195,0.171033],[-0.962966,-0.0348921,0.267356],[0.269365,-0.16785,0.948298]],[[0.0117875,0.985195,0.171033],[-0.72647,0.12597,-0.675554],[-0.687097,-0.116287,0.717199]]],"btipPosition":[19.4537,274.536,-14.14],"carpPosition":[39.646,258.611,76.2007],"dipPosition":[3.3781,271.815,2.6399],"direction":[-0.269365,0.16785,-0.948298],"extended":false,"handId":455,"id":4550,"length":52.1005,"mcpPosition":[39.646,258.611,76.2007],"pipPosition":[12.5595,266.094,34.9628],"stabilizedTipPosition":[20.3736,236.726,71.7502],"timeVisible":0.614601,"tipPosition":[15.9154,273.991,-10.1179],"tipVelocity":[11.5547,42.0687,-146.041],"tool":false,"touchDistance":-0.498909,"touchZone":"touching","type":0,"width":20.2438},{"bases":[[[0.936109,0.325359,-0.133569],[-0.209903,0.821544,0.5301],[0.282206,-0.468195,0.837349]],[[0.973499,0.225952,0.0352977],[-0.225747,0.924758,0.306367],[0.0365823,-0.306216,0.951259]],[[0.973499,0.225952,0.0352977],[-0.228691,0.962321,0.147104],[-0.000729262,-0.151278,0.988491]],[[0.973499,0.225952,0.0352977],[-0.226938,0.973535,0.0269773],[-0.028268,-0.0342727,0.999013]]],"btipPosition":[20.851,333.508,-62.7029],"carpPosition":[42.6772,281.681,80.686],"dipPosition":[20.3682,332.923,-45.6394],"direction":[0.000729262,0.151278,-0.988491],"extended":true,"handId":455,"id":4551,"length":58.7895,"mcpPosition":[21.9218,316.115,19.1014],"pipPosition":[20.3506,329.267,-21.7545],"stabilizedTipPosition":[25.5337,298.176,10.9574],"timeVisible":0.614601,"tipPosition":[21.1465,333.645,-58.6721],"tipVelocity":[15.422,39.5377,-119.703],"tool":false,"touchDistance":-0.476194,"touchZone":"touching","type":1,"width":19.3369},{"bases":[[[0.987605,0.114261,-0.107611],[-0.0423741,0.854244,0.518142],[0.151129,-0.50716,0.848498]],[[0.988706,0.110473,-0.101277],[-0.149836,0.713964,-0.683962],[-0.00325169,0.691412,0.722453]],[[0.988706,0.110473,-0.101277],[-0.0749576,-0.220661,-0.972466],[-0.129779,0.969074,-0.209888]],[[0.988706,0.110473,-0.101277],[-0.00773002,-0.63727,-0.770602],[-0.149672,0.762682,-0.629218]]],"btipPosition":[49.6699,247.497,3.26398],"carpPosition":[53.5529,287.317,79.4685],"dipPosition":[46.8582,261.825,-8.55667],"direction":[0.12978,-0.969074,0.209888],"extended":false,"handId":455,"id":4552,"length":66.986,"mcpPosition":[43.0121,322.69,20.2886],"pipPosition":[43.1688,289.373,-14.5233],"stabilizedTipPosition":[50.5467,218.676,73.8019],"timeVisible":0.614601,"tipPosition":[49.0491,250.821,0.707712],"tipVelocity":[-0.952738,32.1121,-168.367],"tool":false,"touchDistance":0.333333,"touchZone":"none","type":2,"width":18.9914},{"bases":[[[0.999446,-0.0263413,-0.0203259],[0.0331334,0.843622,0.535914],[0.00303075,-0.536291,0.844028]],[[0.999116,-0.0140727,-0.0396183],[-0.0193403,0.682862,-0.730291],[0.037331,0.730411,0.681986]],[[0.999116,-0.0140727,-0.0396183],[-0.0419538,-0.272198,-0.961326],[0.00274445,0.962138,-0.272547]],[[0.999116,-0.0140727,-0.0396183],[-0.0389419,-0.664968,-0.745856],[-0.0158487,0.746739,-0.664928]]],"btipPosition":[63.8232,250.264,14.5761],"carpPosition":[65.4604,289.898,77.9239],"dipPosition":[63.5272,264.211,2.15634],"direction":[-0.00274445,-0.962138,0.272547],"extended":false,"handId":455,"id":4553,"length":64.4088,"mcpPosition":[65.2706,323.481,25.0701],"pipPosition":[63.6032,290.856,-5.39145],"stabilizedTipPosition":[65.7789,227.302,76.406],"timeVisible":0.614601,"tipPosition":[63.7461,253.498,11.9014],"tipVelocity":[1.95214,24.4325,-166.142],"tool":false,"touchDistance":0.333333,"touchZone":"none","type":3,"width":18.0715},{"bases":[[[0.973774,-0.22726,-0.0107695],[0.188317,0.778539,0.598677],[-0.127671,-0.585005,0.800918]],[[0.973266,-0.229554,-0.00762748],[0.156153,0.685682,-0.710954],[0.168432,0.690757,0.703197]],[[0.973266,-0.229554,-0.00762748],[-0.0642708,-0.240314,-0.968565],[0.220505,0.943162,-0.248643]],[[0.973266,-0.229554,-0.00762748],[-0.152218,-0.619797,-0.769858],[0.171996,0.750437,-0.63817]]],"btipPosition":[72.7999,263.635,19.3639],"carpPosition":[78.6281,285.514,74.7897],"dipPosition":[75.7636,276.566,8.36728],"direction":[-0.220505,-0.943162,0.248643],"extended":false,"handId":455,"id":4554,"length":50.4953,"mcpPosition":[86.0289,319.425,28.3625],"pipPosition":[80.0751,295.008,3.50561],"stabilizedTipPosition":[76.7331,240.662,80.0642],"timeVisible":0.614601,"tipPosition":[73.6567,266.645,16.71],"tipVelocity":[0.858345,20.2612,-149.709],"tool":false,"touchDistance":0.333333,"touchZone":"none","type":4,"width":16.0525}],"r":[[0.969417,0.199341,0.143155],[-0.214776,0.971338,0.101853],[-0.118748,-0.129485,0.984445]],"s":0.984499,"t":[-17.7923,105.853,-158.15],"timestamp":521697466838},false],[5,{"currentFrameRate":108.674,"devices":[],"gestures":[],"hands":[{"armBasis":[[0.88982,0.38003,-0.25258],[-0.175456,0.79592,0.579419],[0.42123,-0.471262,0.774905]],"armWidth":63.7005,"confidence":0.819997,"direction":[-0.144671,0.63498,-0.758862],"elbow":[178.726,147.743,288.149],"grabStrength":0,"id":455,"palmNormal":[0.162956,-0.741168,-0.651241],"palmPosition":[50.4855,304.362,35.2391],"palmVelocity":[10.6867,11.1009,-131.194],"palmWidth":90.9622,"pinchStrength":0.558039,"r":[[0.969808,0.196611,0.144276],[-0.212557,0.971504,0.104878],[-0.119545,-0.132379,0.983964]],"s":0.983412,"sphereCenter":[64.6951,281.227,-10.1308],"sphereRadius":50.3502,"stabilizedPalmPosition":[55.2899,275.262,106.928],"t":[-17.6992,105.924,-159.397],"timeVisible":0.623796,"type":"right","wrist":[65.0288,274.945,78.989]}],"id":4132075,"interactionBox":{"center":[0,200,0],"size":[235.247,235.247,147.751]},"pointables":[{"bases":[[[0.218745,0.874499,0.4329],[-0.801871,-0.0916955,0.59042],[0.556016,-0.476281,0.681177]],[[0.0164286,0.984397,0.175195],[-0.841226,-0.0810986,0.534567],[0.540434,-0.15616,0.826768]],[[0.0164286,0.984397,0.175195],[-0.963522,-0.0312247,0.2658],[0.267124,-0.173171,0.947975]],[[0.0164286,0.984397,0.175195],[-0.726004,0.132222,-0.67486],[-0.687494,-0.116105,0.716848]]],"btipPosition":[19.4797,274.973,-15.6806],"carpPosition":[39.4687,258.561,74.6607],"dipPosition":[3.39475,272.257,1.09114],"direction":[-0.267124,0.173171,-0.947975],"extended":false,"handId":455,"id":4550,"length":52.1005,"mcpPosition":[39.4687,258.561,74.6607],"pipPosition":[12.4997,266.354,33.403],"stabilizedTipPosition":[20.3729,236.732,71.737],"timeVisible":0.623796,"tipPosition":[15.9263,274.416,-11.6509],"tipVelocity":[9.04771,43.6307,-152.11],"tool":false,"touchDistance":-0.500488,"touchZone":"touching","type":0,"width":20.2438},{"bases":[[[0.937823,0.321398,-0.131112],[-0.206618,0.820397,0.533158],[0.27892,-0.472918,0.835794]],[[0.974487,0.221372,0.037011],[-0.221814,0.924701,0.309397],[0.0342678,-0.309713,0.950213]],[[0.974487,0.221372,0.037011],[-0.224433,0.962791,0.150544],[-0.00230755,-0.15501,0.98791]],[[0.974487,0.221372,0.037011],[-0.222528,0.974443,0.0306912],[-0.0292709,-0.0381442,0.998843]]],"btipPosition":[21.175,334.079,-63.9699],"carpPosition":[42.6048,281.598,79.2428],"dipPosition":[20.6751,333.428,-46.9093],"direction":[0.00230755,0.15501,-0.98791],"extended":true,"handId":455,"id":4551,"length":58.7895,"mcpPosition":[22.0911,316.38,17.7725],"pipPosition":[20.6193,329.682,-23.0384],"stabilizedTipPosition":[25.5315,298.194,10.9226],"timeVisible":0.623796,"tipPosition":[21.4666,334.202,-59.9383],"tipVelocity":[20.8416,45.388,-124.781],"tool":false,"touchDistance":-0.475923,"touchZone":"touching","type":1,"width":19.3369},{"bases":[[[0.988274,0.109952,-0.105944],[-0.038919,0.852341,0.521536],[0.147645,-0.511298,0.846626]],[[0.989383,0.106008,-0.0994167],[-0.145331,0.718372,-0.680309],[-0.000700286,0.687535,0.726151]],[[0.989383,0.106008,-0.0994167],[-0.0748443,-0.214725,-0.973803],[-0.124578,0.970905,-0.204511]],[[0.989383,0.106008,-0.0994167],[-0.0099664,-0.632965,-0.774117],[-0.14499,0.766888,-0.625188]]],"btipPosition":[49.5103,247.711,1.58063],"carpPosition":[53.5089,287.187,78.0614],"dipPosition":[46.7864,262.118,-10.1643],"direction":[0.124578,-0.970905,0.204511],"extended":false,"handId":455,"id":4552,"length":66.986,"mcpPosition":[43.2112,322.848,19.012],"pipPosition":[43.245,289.719,-15.9781],"stabilizedTipPosition":[50.5466,218.678,73.7969],"timeVisible":0.623796,"tipPosition":[48.9154,251.043,-0.925485],"tipVelocity":[-4.92617,30.2025,-171.949],"tool":false,"touchDistance":0.333333,"touchZone":"none","type":2,"width":18.9914},{"bases":[[[0.999333,-0.0310563,-0.0192138],[0.0365146,0.841285,0.539357],[-0.000586174,-0.539699,0.841858]],[[0.999091,-0.018859,-0.0382226],[-0.0149951,0.683924,-0.729399],[0.0398971,0.72931,0.683019]],[[0.999091,-0.018859,-0.0382226],[-0.0419088,-0.271315,-0.961578],[0.00776403,0.962306,-0.271859]],[[0.999091,-0.018859,-0.0382226],[-0.0410981,-0.663912,-0.746681],[-0.0112948,0.747573,-0.664083]]],"btipPosition":[63.6812,250.325,13.2488],"carpPosition":[65.4306,289.717,76.5417],"dipPosition":[63.4702,264.288,0.844829],"direction":[-0.00776403,-0.962306,0.271859],"extended":false,"handId":455,"id":4553,"length":64.4088,"mcpPosition":[65.4673,323.513,23.8238],"pipPosition":[63.6853,290.938,-6.6839],"stabilizedTipPosition":[65.7788,227.303,76.4031],"timeVisible":0.623796,"tipPosition":[63.6239,253.574,10.489],"tipVelocity":[-2.31663,19.5764,-159.938],"tool":false,"touchDistance":0.333333,"touchZone":"none","type":3,"width":18.0715},{"bases":[[[0.972686,-0.231887,-0.0105003],[0.191307,0.775205,0.602046],[-0.131467,-0.587611,0.798392]],[[0.972142,-0.234282,-0.00724291],[0.160481,0.687794,-0.707944],[0.17084,0.68706,0.706231]],[[0.972142,-0.234282,-0.00724291],[-0.0641276,-0.236118,-0.969606],[0.225451,0.943059,-0.244564]],[[0.972142,-0.234282,-0.00724291],[-0.154207,-0.615993,-0.772511],[0.176524,0.752107,-0.63496]]],"btipPosition":[72.7129,263.659,17.8842],"carpPosition":[78.581,285.282,73.4059],"dipPosition":[75.7547,276.619,6.94285],"direction":[-0.225451,-0.943059,0.244564],"extended":false,"handId":455,"id":4554,"length":50.4953,"mcpPosition":[86.2018,319.345,27.1251],"pipPosition":[80.1629,295.058,2.16092],"stabilizedTipPosition":[76.733,240.663,80.0617],"timeVisible":0.623796,"tipPosition":[73.5871,266.673,15.2453],"tipVelocity":[-1.48021,15.5111,-152.459],"tool":false,"touchDistance":0.333333,"touchZone":"none","type":4,"width":16.0525}],"r":[[0.969808,0.196611,0.144276],[-0.212557,0.971504,0.104878],[-0.119545,-0.132379,0.983964]],"s":0.983412,"t":[-17.6992,105.924,-159.397],"timestamp":521697476033},false],[6,{"currentFrameRate":108.84,"devices":[],"gestures":[],"hands":[{"armBasis":[[0.892105,0.375793,-0.250856],[-0.173242,0.797261,0.578241],[0.417297,-0.472393,0.776343]],"armWidth":63.7005,"confidence":0.82652,"direction":[-0.141995,0.635436,-0.758985],"elbow":[177.631,147.412,287.375],"grabStrength":0,"id":455,"palmNormal":[0.160818,-0.741759,-0.6511],"palmPosition":[50.5813,304.384,34.0662],"palmVelocity":[10.712,8.75058,-131.405],"palmWidth":90.9622,"pinchStrength":0.558987,"r":[[0.970232,0.193757,0.145289],[-0.210127,0.971772,0.107263],[-0.120405,-0.134599,0.983558]],"s":0.982659,"sphereCenter":[64.7634,281.191,-11.2933],"sphereRadius":50.3567,"stabilizedPalmPosition":[55.2898,275.263,106.926],"t":[-17.6047,105.97,-160.607],"timeVisible":0.632684,"type":"right","wrist":[64.9951,274.919,77.8268]}],"id":4132076,"interactionBox":{"center":[0,200,0],"size":[235.247,235.247,147.751]},"pointables":[{"bases":[[[0.22148,0.873762,0.432997],[-0.80256,-0.0889009,0.58991],[0.553935,-0.478159,0.681557]],[[0.0200015,0.984268,0.175543],[-0.842231,-0.0780234,0.53344],[0.538745,-0.158518,0.827421]],[[0.0200015,0.984268,0.175543],[-0.963894,-0.0276478,0.264848],[0.265534,-0.174503,0.948177]],[[0.0200015,0.984268,0.175543],[-0.725659,0.135072,-0.674666],[-0.687763,-0.11389,0.716945]]],"btipPosition":[19.5372,275.146,-16.9001],"carpPosition":[39.3814,258.623,73.4829],"dipPosition":[3.44598,272.482,-0.126162],"direction":[-0.265534,0.174503,-0.948177],"extended":false,"handId":455,"id":4550,"length":52.1005,"mcpPosition":[39.3814,258.623,73.4829],"pipPosition":[12.4968,266.534,32.1926],"stabilizedTipPosition":[20.3723,236.737,71.7256],"timeVisible":0.632684,"tipPosition":[15.9646,274.58,-12.866],"tipVelocity":[8.30392,37.4376,-148.048],"tool":false,"touchDistance":-0.497058,"touchZone":"touching","type":0,"width":20.2438},{"bases":[[[0.939009,0.318157,-0.130527],[-0.20413,0.821132,0.532985],[0.276753,-0.473833,0.835996]],[[0.975185,0.218231,0.0372777],[-0.218935,0.925577,0.308828],[0.0328925,-0.309326,0.950387]],[[0.975185,0.218231,0.0372777],[-0.221369,0.963564,0.150136],[-0.003155,-0.154663,0.987962]],[[0.975185,0.218231,0.0372777],[-0.219389,0.975163,0.0304333],[-0.0297103,-0.0378565,0.998841]]],"btipPosition":[21.4107,334.168,-65.1704],"carpPosition":[42.594,281.65,78.0659],"dipPosition":[20.9032,333.521,-48.1098],"direction":[0.003155,0.154663,-0.987962],"extended":true,"handId":455,"id":4551,"length":58.7895,"mcpPosition":[22.2397,316.499,16.5808],"pipPosition":[20.827,329.784,-24.2377],"stabilizedTipPosition":[25.5297,298.209,10.8912],"timeVisible":0.632684,"tipPosition":[21.6999,334.294,-61.1386],"tipVelocity":[22.3297,35.8055,-127.575],"tool":false,"touchDistance":-0.474671,"touchZone":"touching","type":1,"width":19.3369},{"bases":[[[0.988715,0.10654,-0.105316],[-0.0363152,0.852497,0.52147],[0.145339,-0.51176,0.846746]],[[0.989834,0.102488,-0.0986141],[-0.142221,0.719622,-0.679645],[0.00130964,0.686761,0.726882]],[[0.989834,0.102488,-0.0986141],[-0.0749827,-0.213134,-0.974141],[-0.120855,0.971633,-0.203283]],[[0.989834,0.102488,-0.0986141],[-0.0117605,-0.632005,-0.774875],[-0.14174,0.768157,-0.624375]]],"btipPosition":[49.4165,247.75,0.316705],"carpPosition":[53.5181,287.2,76.8912],"dipPosition":[46.7537,262.181,-11.413],"direction":[0.120855,-0.971633,0.203283],"extended":false,"handId":455,"id":4552,"length":66.986,"mcpPosition":[43.3812,322.894,17.8335],"pipPosition":[43.3181,289.802,-17.1918],"stabilizedTipPosition":[50.5465,218.68,73.7931],"timeVisible":0.632684,"tipPosition":[48.84,251.08,-2.16044],"tipVelocity":[-6.02512,23.3457,-163.761],"tool":false,"touchDistance":0.333333,"touchZone":"none","type":2,"width":18.9914},{"bases":[[[0.999232,-0.0345014,-0.0185717],[0.0390684,0.841182,0.539339],[-0.00298576,-0.539651,0.841884]],[[0.999047,-0.022378,-0.0374667],[-0.0120858,0.683073,-0.73025],[0.041934,0.730008,0.682151]],[[0.999047,-0.022378,-0.0374667],[-0.0421565,-0.272859,-0.96113],[0.011285,0.961794,-0.273542]],[[0.999047,-0.022378,-0.0374667],[-0.0428577,-0.665013,-0.745601],[-0.0082308,0.746497,-0.665338]]],"btipPosition":[63.6045,250.298,12.1933],"carpPosition":[65.4494,289.689,75.379],"dipPosition":[63.4508,264.241,-0.234079],"direction":[-0.011285,-0.961794,0.273542],"extended":false,"handId":455,"id":4553,"length":64.4088,"mcpPosition":[65.6363,323.483,22.6595],"pipPosition":[63.7633,290.876,-7.80943],"stabilizedTipPosition":[65.7787,227.303,76.4011],"timeVisible":0.632684,"tipPosition":[63.5608,253.544,9.38523],"tipVelocity":[-3.62862,13.2779,-148.913],"tool":false,"touchDistance":0.333333,"touchZone":"none","type":3,"width":18.0715},{"bases":[[[0.971888,-0.235238,-0.00986546],[0.193592,0.774572,0.60213],[-0.134003,-0.587113,0.798337]],[[0.971258,-0.237948,-0.00617739],[0.163648,0.686376,-0.708595],[0.172849,0.687218,0.705588]],[[0.971258,-0.237948,-0.00617739],[-0.0643269,-0.237406,-0.969278],[0.229171,0.941817,-0.245889]],[[0.971258,-0.237948,-0.00617739],[-0.15596,-0.616565,-0.771702],[0.179816,0.750485,-0.635954]]],"btipPosition":[72.6649,263.604,16.7991],"carpPosition":[78.5865,285.209,72.2518],"dipPosition":[75.7634,276.536,5.84068],"direction":[-0.229171,-0.941817,0.245889],"extended":false,"handId":455,"id":4554,"length":50.4953,"mcpPosition":[86.3543,319.243,25.9743],"pipPosition":[80.2443,294.951,1.03284],"stabilizedTipPosition":[76.7329,240.664,80.06],"timeVisible":0.632684,"tipPosition":[73.551,266.612,14.1349],"tipVelocity":[-2.14757,9.41351,-144.326],"tool":false,"touchDistance":0.333333,"touc