{"sensorType":"Leap","data":[[0,{"currentFrameRate":100.709,"devices":[],"gestures":[],"hands":[{"armBasis":[[0.85907,0.420738,-0.291512],[-0.199748,0.799924,0.565882],[0.471275,-0.427903,0.771232]],"armWidth":63.7064,"confidence":0.733202,"direction":[-0.176197,0.541712,-0.82189],"elbow":[197.737,180.179,295.15],"grabStrength":0,"id":466,"palmNormal":[0.199144,-0.79807,-0.568705],"palmPosition":[54.5206,319.476,40.3821],"palmVelocity":[-67.7988,89.4755,-325.067],"palmWidth":90.9705,"pinchStrength":0.475323,"r":[[0.989447,-0.142457,-0.0264555],[0.144544,0.957803,0.248434],[-0.0100521,-0.249637,0.968287]],"s":0.88191,"sphereCenter":[72.9067,294.027,-2.90051],"sphereRadius":52.1238,"stabilizedPalmPosition":[63.7499,297.786,86.1236],"t":[-27.6518,99.6789,-130.368],"timeVisible":0.288981,"type":"right","wrist":[70.5198,295.688,86.9614]}],"id":4136527,"interactionBox":{"center":[0,200,0],"size":[235.247,235.247,147.751]},"pointables":[{"bases":[[[0.175409,0.925705,0.335114],[-0.796118,-0.066871,0.601435],[0.579161,-0.372288,0.725241]],[[0.0139802,0.991578,0.128755],[-0.83112,-0.0600675,0.55284],[0.555918,-0.11474,0.82328]],[[0.0139802,0.991578,0.128755],[-0.968426,-0.0186272,0.248605],[0.24891,-0.128165,0.960009]],[[0.0139802,0.991578,0.128755],[-0.902126,0.0680441,-0.426074],[-0.431246,-0.110197,0.895479]]],"btipPosition":[19.6585,290.37,-10.1998],"carpPosition":[45.797,277.697,84.5657],"dipPosition":[9.56797,287.792,10.7532],"direction":[-0.24891,0.128165,-0.960009],"extended":false,"handId":466,"id":4660,"length":52.1052,"mcpPosition":[45.797,277.697,84.5657],"pipPosition":[18.0529,283.423,43.4783],"stabilizedTipPosition":[24.8584,268.393,37.1245],"timeVisible":0.288981,"tipPosition":[17.3899,289.272,-5.57419],"tipVelocity":[-78.2801,105.748,-338.415],"tool":false,"touchDistance":-0.600278,"touchZone":"hovering","type":0,"width":20.2457},{"bases":[[[0.920731,0.351087,-0.170271],[-0.246717,0.861885,0.44304],[0.302299,-0.365912,0.880184]],[[0.960319,0.278802,-0.00760165],[-0.263602,0.916195,0.301829],[0.0911151,-0.287849,0.953332]],[[0.960319,0.278802,-0.00760165],[-0.275185,0.951594,0.136905],[0.0454029,-0.12938,0.990555]],[[0.960319,0.278802,-0.00760165],[-0.278738,0.96033,0.00840888],[0.0096445,-0.00595633,0.999936]]],"btipPosition":[20.3814,343.728,-60.0807],"carpPosition":[47.7923,301.221,86.6267],"dipPosition":[20.5461,343.626,-42.9999],"direction":[-0.0454029,0.12938,-0.990555],"extended":true,"handId":466,"id":4661,"length":58.7949,"mcpPosition":[25.557,328.135,21.8858],"pipPosition":[21.6433,340.5,-19.0629],"stabilizedTipPosition":[23.1785,327.001,-21.8585],"timeVisible":0.288981,"tipPosition":[20.0803,344.868,-55.794],"tipVelocity":[-19.4017,95.1139,-340.651],"tool":false,"touchDistance":-0.630503,"touchZone":"hovering","type":1,"width":19.3387},{"bases":[[[0.981586,0.146314,-0.122805],[-0.080808,0.90059,0.427092],[0.173087,-0.409304,0.89583]],[[0.980514,0.148804,-0.128258],[-0.196275,0.714515,-0.671523],[-0.00828309,0.683612,0.729799]],[[0.980514,0.148804,-0.128258],[-0.0538096,-0.424474,-0.90384],[-0.188937,0.893129,-0.408196]],[[0.980514,0.148804,-0.128258],[0.0648902,-0.861557,-0.503496],[-0.185424,0.485362,-0.854425]]],"btipPosition":[55.5883,268.275,14.7908],"carpPosition":[58.4072,307.179,84.7887],"dipPosition":[52.1046,277.394,-1.26211],"direction":[0.188937,-0.893129,0.408196],"extended":false,"handId":466,"id":4662,"length":66.9921,"mcpPosition":[46.3339,335.729,22.3018],"pipPosition":[46.733,302.786,-12.8672],"stabilizedTipPosition":[63.471,242.716,61.8894],"timeVisible":0.288981,"tipPosition":[54.6665,270.519,10.2949],"tipVelocity":[-58.7274,87.7176,-295.514],"tool":false,"touchDistance":0.333333,"touchZone":"none","type":2,"width":18.9931},{"bases":[[[0.999638,0.0161776,-0.0214822],[-0.00491281,0.895235,0.445566],[0.0264398,-0.4453,0.894991]],[[0.997911,0.0330947,-0.0554911],[-0.0632529,0.675544,-0.734601],[0.0131753,0.736577,0.676226]],[[0.997911,0.0330947,-0.0554911],[-0.0321817,-0.490141,-0.871049],[-0.0560255,0.871015,-0.488051]],[[0.997911,0.0330947,-0.0554911],[0.00398838,-0.888771,-0.458335],[-0.0644873,0.457156,-0.887046]]],"btipPosition":[70.7016,272.435,26.7673],"carpPosition":[70.1896,310.114,82.9375],"dipPosition":[69.4969,280.975,10.1973],"direction":[0.0560255,-0.871015,0.488051],"extended":false,"handId":466,"id":4663,"length":64.4147,"mcpPosition":[68.5338,338.002,26.8872],"pipPosition":[67.9453,305.099,-3.31984],"stabilizedTipPosition":[79.7849,247.075,71.6079],"timeVisible":0.288981,"tipPosition":[70.3244,274.617,21.8029],"tipVelocity":[-65.3724,85.4169,-290.743],"tool":false,"touchDistance":0.333333,"touchZone":"none","type":3,"width":18.0732},{"bases":[[[0.982958,-0.183612,0.00892452],[0.152983,0.843972,0.514109],[-0.101929,-0.503983,0.857678]],[[0.988116,-0.138515,-0.0666437],[0.0518154,0.708336,-0.703971],[0.144716,0.692151,0.707095]],[[0.988116,-0.138515,-0.0666437],[-0.121733,-0.440441,-0.88949],[0.0938548,0.887032,-0.452068]],[[0.988116,-0.138515,-0.0666437],[-0.153175,-0.851071,-0.502211],[0.0128451,0.506451,-0.862173]]],"btipPosition":[82.2797,284.694,29.2001],"carpPosition":[83.5432,306.018,80.2211],"dipPosition":[82.5011,293.421,14.3422],"direction":[-0.0938548,-0.887032,0.452068],"extended":false,"handId":466,"id":4664,"length":50.4999,"mcpPosition":[89.4523,335.236,30.4991],"pipPosition":[84.3364,310.767,5.50216],"stabilizedTipPosition":[92.3613,259.27,75.8003],"timeVisible":0.288981,"tipPosition":[82.3331,286.96,25.0006],"tipVelocity":[-68.9551,81.5144,-289.704],"tool":false,"touchDistance":0.333333,"touchZone":"none","type":4,"width":16.054}],"r":[[0.989447,-0.142457,-0.0264555],[0.144544,0.957803,0.248434],[-0.0100521,-0.249637,0.968287]],"s":0.88191,"t":[-27.6518,99.6789,-130.368],"timestamp":521745378735},false],[1,{"currentFrameRate":101.098,"devices":[],"gestures":[],"hands":[{"armBasis":[[0.857629,0.423089,-0.292351],[-0.197759,0.796088,0.571957],[0.474726,-0.432712,0.766418]],"armWidth":63.7064,"confidence":0.74864,"direction":[-0.171757,0.544024,-0.821302],"elbow":[197.844,179.171,291.36],"grabStrength":0,"id":466,"palmNormal":[0.198222,-0.797555,-0.569749],"palmPosition":[53.924,319.918,37.8918],"palmVelocity":[-67.0982,78.0396,-310.44],"palmWidth":90.9705,"pinchStrength":0.470223,"r":[[0.989324,-0.143885,-0.0231102],[0.145051,0.956973,0.251321],[-0.0140456,-0.25199,0.967628]],"s":0.883538,"sphereCenter":[72.2983,294.464,-5.38102],"sphereRadius":52.0983,"stabilizedPalmPosition":[63.5925,298.141,85.3506],"t":[-28.2332,100.118,-132.918],"timeVisible":0.29812,"type":"right","wrist":[69.6951,295.979,84.4713]}],"id":4136528,"interactionBox":{"center":[0,200,0],"size":[235.247,235.247,147.751]},"pointables":[{"bases":[[[0.177499,0.9244,0.337607],[-0.798236,-0.0654124,0.598783],[0.575599,-0.375773,0.726279]],[[0.016631,0.991314,0.130464],[-0.832836,-0.0584675,0.550424],[0.55327,-0.117809,0.824629]],[[0.016631,0.991314,0.130464],[-0.968376,-0.016517,0.248947],[0.248939,-0.130479,0.95969]],[[0.016631,0.991314,0.130464],[-0.900093,0.0716607,-0.429764],[-0.43538,-0.110282,0.893466]]],"btipPosition":[19.0082,290.984,-12.8148],"carpPosition":[44.9189,278.076,81.96],"dipPosition":[8.82096,288.404,8.09108],"direction":[-0.248939,0.130479,-0.95969],"extended":false,"handId":466,"id":4660,"length":52.1052,"mcpPosition":[44.9189,278.076,81.96],"pipPosition":[17.3069,283.956,40.8053],"stabilizedTipPosition":[24.6858,268.857,36.1737],"timeVisible":0.29812,"tipPosition":[16.759,289.932,-8.20524],"tipVelocity":[-76.9753,95.0037,-324.203],"tool":false,"touchDistance":-0.607971,"touchZone":"hovering","type":0,"width":20.2457},{"bases":[[[0.922453,0.348301,-0.166633],[-0.245181,0.861794,0.444068],[0.298273,-0.368777,0.880362]],[[0.961266,0.275592,-0.00409673],[-0.261685,0.917224,0.300369],[0.0865368,-0.287663,0.953814]],[[0.961266,0.275592,-0.00409673],[-0.272486,0.95246,0.136275],[0.0414583,-0.12988,0.990663]],[[0.961266,0.275592,-0.00409673],[-0.27555,0.961249,0.00855919],[0.00629682,-0.0070988,0.999955]]],"btipPosition":[20.2221,344.331,-62.6675],"carpPosition":[46.9877,301.59,84.0766],"dipPosition":[20.3297,344.209,-45.5864],"direction":[-0.0414583,0.12988,-0.990663],"extended":true,"handId":466,"id":4661,"length":58.7949,"mcpPosition":[25.0485,328.715,19.3226],"pipPosition":[21.3315,341.071,-21.6468],"stabilizedTipPosition":[23.1105,327.402,-22.7138],"timeVisible":0.29812,"tipPosition":[19.9172,345.457,-58.3846],"tipVelocity":[-19.253,86.8704,-324.626],"tool":false,"touchDistance":-0.634587,"touchZone":"hovering","type":1,"width":19.3387},{"bases":[[[0.982461,0.143223,-0.119405],[-0.0790914,0.899967,0.428725],[0.168864,-0.411761,0.89551]],[[0.981382,0.145805,-0.125023],[-0.191859,0.713894,-0.673458],[-0.00894029,0.684906,0.728576]],[[0.981382,0.145805,-0.125023],[-0.051707,-0.426337,-0.903085],[-0.184976,0.892736,-0.410861]],[[0.981382,0.145805,-0.125023],[0.0641407,-0.862357,-0.502221],[-0.18104,0.484852,-0.855654]]],"btipPosition":[54.9409,268.741,12.4668],"carpPosition":[57.6285,307.515,82.2846],"dipPosition":[51.5395,277.85,-3.60921],"direction":[0.184976,-0.892736,0.410861],"extended":false,"handId":466,"id":4662,"length":66.9921,"mcpPosition":[45.8497,336.237,19.82],"pipPosition":[46.2806,303.231,-15.2901],"stabilizedTipPosition":[63.3239,243.161,61.0503],"timeVisible":0.29812,"tipPosition":[54.0343,270.99,7.93147],"tipVelocity":[-61.5209,77.431,-284.21],"tool":false,"touchDistance":0.333333,"touchZone":"none","type":2,"width":18.9931},{"bases":[[[0.99975,0.0128147,-0.0182994],[-0.00327357,0.894315,0.447427],[0.0220991,-0.447255,0.894133]],[[0.998181,0.0298607,-0.0523823],[-0.0587076,0.679391,-0.731424],[0.0137472,0.733169,0.679908]],[[0.998181,0.0298607,-0.0523823],[-0.0313575,-0.484946,-0.873982],[-0.0515003,0.874034,-0.483127]],[[0.998181,0.0298607,-0.0523823],[0.00221641,-0.886342,-0.463026],[-0.0602549,0.462068,-0.884795]]],"btipPosition":[69.9805,272.834,24.0173],"carpPosition":[69.4267,310.414,80.4766],"dipPosition":[68.8549,281.466,7.48928],"direction":[0.0515003,-0.874034,0.483127],"extended":false,"handId":466,"id":4663,"length":64.4147,"mcpPosition":[68.0427,338.424,24.4801],"pipPosition":[67.4286,305.673,-5.89144],"stabilizedTipPosition":[79.6073,247.565,70.7012],"timeVisible":0.29812,"tipPosition":[69.6347,275.03,19.2119],"tipVelocity":[-68.5817,74.4468,-293.277],"tool":false,"touchDistance":0.333333,"touchZone":"none","type":3,"width":18.0732},{"bases":[[[0.982295,-0.18698,0.0116352],[0.154229,0.84237,0.516359],[-0.10635,-0.505422,0.856293]],[[0.987823,-0.142296,-0.0629119],[0.0572278,0.708332,-0.703556],[0.144676,0.691389,0.707849]],[[0.987823,-0.142296,-0.0629119],[-0.120078,-0.440165,-0.889852],[0.0989311,0.88657,-0.451892]],[[0.987823,-0.142296,-0.0629119],[-0.154532,-0.850429,-0.502882],[0.0180562,0.50648,-0.862063]]],"btipPosition":[81.5799,285.073,26.821],"carpPosition":[82.7748,306.278,77.7938],"dipPosition":[81.8911,293.801,11.965],"direction":[-0.0989311,-0.88657,0.451892],"extended":false,"handId":466,"id":4664,"length":50.4999,"mcpPosition":[88.9402,335.579,28.1521],"pipPosition":[83.8256,311.137,3.12843],"stabilizedTipPosition":[92.1787,259.744,74.9073],"timeVisible":0.29812,"tipPosition":[81.6631,287.329,22.624],"tipVelocity":[-70.4454,70.377,-281.517],"tool":false,"touchDistance":0.333333,"touchZone":"none","type":4,"width":16.054}],"r":[[0.989324,-0.143885,-0.0231102],[0.145051,0.956973,0.251321],[-0.0140456,-0.25199,0.967628]],"s":0.883538,"t":[-28.2332,100.118,-132.918],"timestamp":521745387874},false],[2,{"currentFrameRate":101.586,"devices":[],"gestures":[],"hands":[{"armBasis":[[0.861286,0.418822,-0.287705],[-0.197785,0.797894,0.569426],[0.468046,-0.433535,0.770052]],"armWidth":63.7064,"confidence":0.762161,"direction":[-0.167402,0.545257,-0.821384],"elbow":[195.328,179.162,290.46],"grabStrength":0,"id":466,"palmNormal":[0.19771,-0.797649,-0.569795],"palmPosition":[53.4372,320.22,35.9799],"palmVelocity":[-63.7136,66.0139,-284.388],"palmWidth":90.9705,"pinchStrength":0.465917,"r":[[0.989141,-0.145625,-0.0198081],[0.145856,0.956171,0.253896],[-0.0180338,-0.254028,0.967029]],"s":0.8849,"sphereCenter":[71.7658,294.712,-7.24562],"sphereRadius":52.0674,"stabilizedPalmPosition":[63.463,298.422,84.7211],"t":[-28.7673,100.488,-135.149],"timeVisible":0.307025,"type":"right","wrist":[68.982,296.192,82.5901]}],"id":4136529,"interactionBox":{"center":[0,200,0],"size":[235.247,235.247,147.751]},"pointables":[{"bases":[[[0.179158,0.923567,0.339009],[-0.800407,-0.0635344,0.596081],[0.572059,-0.378138,0.727846]],[[0.0188277,0.991213,0.130932],[-0.834423,-0.0565654,0.548214],[0.550803,-0.119574,0.826026]],[[0.0188277,0.991213,0.130932],[-0.968063,-0.0146717,0.250277],[0.249998,-0.131462,0.95928]],[[0.0188277,0.991213,0.130932],[-0.898384,0.0742459,-0.43289],[-0.438807,-0.109477,0.891888]]],"btipPosition":[18.4172,291.377,-14.8126],"carpPosition":[44.1606,278.366,79.981],"dipPosition":[8.14971,288.815,6.05635],"direction":[-0.249998,0.131462,-0.95928],"extended":false,"handId":466,"id":4660,"length":52.1052,"mcpPosition":[44.1606,278.366,79.981],"pipPosition":[16.6717,284.334,38.7566],"stabilizedTipPosition":[24.5378,269.233,35.3818],"timeVisible":0.307025,"tipPosition":[16.2129,290.379,-10.2171],"tipVelocity":[-74.6542,81.2905,-297.289],"tool":false,"touchDistance":-0.605602,"touchZone":"hovering","type":0,"width":20.2457},{"bases":[[[0.924042,0.34567,-0.163272],[-0.244058,0.862139,0.444017],[0.294247,-0.370443,0.881017]],[[0.962069,0.272806,-0.000891564],[-0.26019,0.91855,0.297604],[0.082007,-0.286083,0.954689]],[[0.962069,0.272806,-0.000891564],[-0.270207,0.953344,0.134623],[0.037576,-0.129276,0.990896]],[[0.962069,0.272806,-0.000891564],[-0.272791,0.962041,0.0079384],[0.00302336,-0.00739408,0.999968]]],"btipPosition":[20.1678,344.658,-64.7106],"carpPosition":[46.293,301.872,82.1253],"dipPosition":[20.2195,344.531,-47.6292],"direction":[-0.037576,0.129276,-0.990896],"extended":true,"handId":466,"id":4661,"length":58.7949,"mcpPosition":[24.65,329.119,17.323],"pipPosition":[21.1275,341.407,-23.6839],"stabilizedTipPosition":[23.0596,327.702,-23.3759],"timeVisible":0.307025,"tipPosition":[19.8623,345.775,-60.4319],"tipVelocity":[-16.0646,73.19,-298.718],"tool":false,"touchDistance":-0.630106,"touchZone":"hovering","type":1,"width":19.3387},{"bases":[[[0.983277,0.140372,-0.116028],[-0.0778052,0.899825,0.429256],[0.164661,-0.41305,0.895699]],[[0.982211,0.142993,-0.121716],[-0.187535,0.713822,-0.674751],[-0.00960106,0.685574,0.72794]],[[0.982211,0.142993,-0.121716],[-0.0496314,-0.427446,-0.902678],[-0.181103,0.892661,-0.412745]],[[0.982211,0.142993,-0.121716],[0.0635513,-0.863059,-0.501089],[-0.1767,0.48444,-0.856794]]],"btipPosition":[54.4033,269.06,10.6483],"carpPosition":[56.9575,307.767,80.3737],"dipPosition":[51.0834,278.162,-5.44908],"direction":[0.181103,-0.892661,0.412745],"extended":false,"handId":466,"id":4662,"length":66.9921,"mcpPosition":[45.4719,336.578,17.8959],"pipPosition":[45.9346,303.541,-17.1836],"stabilizedTipPosition":[63.2003,243.518,60.3601],"timeVisible":0.307025,"tipPosition":[53.5181,271.304,6.10448],"tipVelocity":[-60.6351,66.0584,-262.59],"tool":false,"touchDistance":0.333333,"touchZone":"none","type":2,"width":18.9931},{"bases":[[[0.99984,0.00982318,-0.014981],[-0.00206701,0.893929,0.448204],[0.0177948,-0.448101,0.893806]],[[0.998429,0.0269405,-0.0491275],[-0.0543559,0.678432,-0.732649],[0.0135917,0.734169,0.678831]],[[0.998429,0.0269405,-0.0491275],[-0.0298464,-0.486328,-0.873267],[-0.0474183,0.873361,-0.484759]],[[0.998429,0.0269405,-0.0491275],[0.00118748,-0.886793,-0.462166],[-0.0560168,0.461381,-0.885432]]],"btipPosition":[69.4083,273.092,22.2737],"carpPosition":[68.7702,310.631,78.6073],"dipPosition":[68.362,281.71,5.73381],"direction":[0.0474183,-0.873361,0.484759],"extended":false,"handId":466,"id":4663,"length":64.4147,"mcpPosition":[67.6558,338.694,22.6313],"pipPosition":[67.0487,305.899,-7.69213],"stabilizedTipPosition":[79.4594,247.955,69.9609],"timeVisible":0.307025,"tipPosition":[69.0853,275.282,17.4595],"tipVelocity":[-66.8467,61.963,-266.835],"tool":false,"touchDistance":0.333333,"touchZone":"none","type":3,"width":18.0732},{"bases":[[[0.981684,-0.189945,0.014719],[0.15505,0.84145,0.517611],[-0.110703,-0.505848,0.85549]],[[0.987574,-0.145616,-0.0591072],[0.0624899,0.708953,-0.702481],[0.144197,0.690059,0.709243]],[[0.987574,-0.145616,-0.0591072],[-0.117989,-0.438573,-0.890916],[0.103809,0.88682,-0.450305]],[[0.987574,-0.145616,-0.0591072],[-0.155422,-0.849261,-0.504578],[0.0232773,0.507495,-0.86134]]],"btipPosition":[81.0037,285.302,24.9461],"carpPosition":[82.1146,306.458,75.965],"dipPosition":[81.4048,294.047,10.1025],"direction":[-0.103809,-0.88682,0.450305],"extended":false,"handId":466,"id":4664,"length":50.4999,"mcpPosition":[88.5324,335.784,26.3699],"pipPosition":[83.4348,311.389,1.29694],"stabilizedTipPosition":[92.0266,260.122,74.1748],"timeVisible":0.307025,"tipPosition":[81.1177,287.556,20.7789],"tipVelocity":[-68.2516,58.3514,-262.119],"tool":false,"touchDistance":0.333333,"touchZone":"none","type":4,"width":16.054}],"r":[[0.989141,-0.145625,-0.0198081],[0.145856,0.956171,0.253896],[-0.0180338,-0.254028,0.967029]],"s":0.8849,"t":[-28.7673,100.488,-135.149],"timestamp":521745396779},false],[3,{"currentFrameRate":101.783,"devices":[],"gestures":[],"hands":[{"armBasis":[[0.86087,0.419559,-0.287876],[-0.199902,0.799152,0.566918],[0.467913,-0.430495,0.771836]],"armWidth":63.7064,"confidence":0.778856,"direction":[-0.162305,0.545908,-0.821974],"elbow":[194.436,180.129,288.744],"grabStrength":0,"id":466,"palmNormal":[0.199461,-0.797672,-0.569153],"palmPosition":[52.8605,320.412,33.7141],"palmVelocity":[-62.9561,52.9545,-271.661],"palmWidth":90.9705,"pinchStrength":0.463567,"r":[[0.988957,-0.147321,-0.016156],[0.146515,0.955455,0.256201],[-0.0223075,-0.255739,0.966488]],"s":0.886122,"sphereCenter":[71.2246,294.87,-9.41973],"sphereRadius":52.0303,"stabilizedPalmPosition":[63.3481,298.66,84.1686],"t":[-29.3227,100.769,-137.397],"timeVisible":0.31647,"type":"right","wrist":[68.1264,296.338,80.3926]}],"id":4136530,"interactionBox":{"center":[0,200,0],"size":[235.247,235.247,147.751]},"pointables":[{"bases":[[[0.17879,0.923129,0.340391],[-0.80359,-0.0626102,0.591882],[0.567695,-0.379358,0.730623]],[[0.0188154,0.991282,0.130405],[-0.836931,-0.0557394,0.544463],[0.546986,-0.119384,0.828586]],[[0.0188154,0.991282,0.130405],[-0.968052,-0.0145566,0.250328],[0.250044,-0.130949,0.959339]],[[0.0188154,0.991282,0.130405],[-0.895822,0.0746363,-0.4381],[-0.444014,-0.108577,0.889417]]],"btipPosition":[17.8593,291.514,-17.2197],"carpPosition":[43.2919,278.551,77.6458],"dipPosition":[7.46998,288.973,3.59139],"direction":[-0.250044,0.130949,-0.959339],"extended":false,"handId":466,"id":4660,"length":52.1052,"mcpPosition":[43.2919,278.551,77.6458],"pipPosition":[15.9936,284.51,36.2936],"stabilizedTipPosition":[24.4046,269.552,34.6791],"timeVisible":0.31647,"tipPosition":[15.6922,290.597,-12.6392],"tipVelocity":[-71.0449,62.3348,-285.557],"tool":false,"touchDistance":-0.609681,"touchZone":"hovering","type":0,"width":20.2457},{"bases":[[[0.925401,0.344348,-0.158297],[-0.245058,0.862293,0.443168],[0.289102,-0.371316,0.882352]],[[0.962447,0.271438,0.00405384],[-0.260551,0.919448,0.294498],[0.0762106,-0.284495,0.955644]],[[0.962447,0.271438,0.00405384],[-0.269564,0.953821,0.132515],[0.0321029,-0.128631,0.991173]],[[0.962447,0.271438,0.00405384],[-0.271461,0.962426,0.00676034],[-0.00206651,-0.00760693,0.999969]]],"btipPosition":[20.1701,344.822,-67.169],"carpPosition":[45.4487,302.052,79.8127],"dipPosition":[20.1348,344.693,-50.0876],"direction":[-0.0321029,0.128631,-0.991173],"extended":true,"handId":466,"id":4661,"length":58.7949,"mcpPosition":[24.1841,329.364,14.9123],"pipPosition":[20.9106,341.584,-26.1357],"stabilizedTipPosition":[23.0199,327.935,-23.921],"timeVisible":0.31647,"tipPosition":[19.8548,345.924,-62.897],"tipVelocity":[-12.0063,57.2202,-287.727],"tool":false,"touchDistance":-0.632305,"touchZone":"hovering","type":1,"width":19.3387},{"bases":[[[0.984078,0.138937,-0.110847],[-0.0786737,0.899734,0.42929],[0.159377,-0.413734,0.896339]],[[0.983044,0.141568,-0.11655],[-0.182955,0.714357,-0.675442],[-0.0123627,0.685312,0.728145]],[[0.983044,0.141568,-0.11655],[-0.045571,-0.427044,-0.903082],[-0.177619,0.89308,-0.413351]],[[0.983044,0.141568,-0.11655],[0.0648647,-0.862959,-0.501094],[-0.171516,0.485037,-0.857509]]],"btipPosition":[53.882,269.263,8.37031],"carpPosition":[56.1311,307.932,78.1195],"dipPosition":[50.6596,278.376,-7.74055],"direction":[0.177619,-0.89308,0.413351],"extended":false,"handId":466,"id":4662,"length":66.9921,"mcpPosition":[45.0141,336.791,15.5971],"pipPosition":[45.6098,303.766,-19.4923],"stabilizedTipPosition":[63.0908,243.821,59.7538],"timeVisible":0.31647,"tipPosition":[53.0251,271.508,3.83243],"tipVelocity":[-58.3987,53.376,-256.563],"tool":false,"touchDistance":0.333333,"touchZone":"none","type":2,"width":18.9931},{"bases":[[[0.999918,0.00831485,-0.00977935],[-0.00304406,0.893713,0.448628],[0.0124702,-0.448561,0.893665]],[[0.998705,0.0255002,-0.0440226],[-0.0496565,0.676834,-0.734459],[0.0110671,0.735694,0.677224]],[[0.998705,0.0255002,-0.0440226],[-0.0259581,-0.488783,-0.872019],[-0.0437542,0.872033,-0.487488]],[[0.998705,0.0255002,-0.0440226],[0.00238421,-0.887821,-0.460184],[-0.050819,0.459483,-0.886732]]],"btipPosition":[68.8429,273.273,20.2628],"carpPosition":[67.9571,310.78,76.4159],"dipPosition":[67.8936,281.856,3.69861],"direction":[0.0437542,-0.872033,0.487488],"extended":false,"handId":466,"id":4663,"length":64.4147,"mcpPosition":[67.1762,338.871,20.4487],"pipPosition":[66.6818,306.008,-9.80289],"stabilizedTipPosition":[79.3275,248.287,69.3096],"timeVisible":0.31647,"tipPosition":[68.5485,275.445,15.4367],"tipVelocity":[-64.1737,49.4828,-251.581],"tool":false,"touchDistance":0.333333,"touchZone":"none","type":3,"width":18.0732},{"bases":[[[0.981306,-0.19144,0.0197274],[0.15363,0.840963,0.518824],[-0.115914,-0.506095,0.854653]],[[0.987592,-0.147984,-0.0525701],[0.0686584,0.707917,-0.702951],[0.141241,0.690619,0.709293]],[[0.987592,-0.147984,-0.0525701],[-0.11326,-0.439272,-0.891186],[0.108789,0.886082,-0.450582]],[[0.987592,-0.147984,-0.0525701],[-0.15413,-0.849159,-0.505146],[0.0301135,0.506981,-0.861431]]],"btipPosition":[80.3892,285.449,22.8757],"carpPosition":[81.3088,306.587,73.841],"dipPosition":[80.9082,294.186,8.0306],"direction":[-0.108789,-0.886082,0.450582],"extended":false,"handId":466,"id":4664,"length":50.4999,"mcpPosition":[88.0286,335.927,24.2943],"pipPosition":[83.0355,311.513,-0.780348],"stabilizedTipPosition":[91.8905,260.446,73.528],"timeVisible":0.31647,"tipPosition":[80.5467,287.697,18.7122],"tipVelocity":[-66.5176,46.0568,-249.854],"tool":false,"touchDistance":0.333333,"touchZone":"none","type":4,"width":16.054}],"r":[[0.988957,-0.147321,-0.016156],[0.146515,0.955455,0.256201],[-0.0223075,-0.255739,0.966488]],"s":0.886122,"t":[-29.3227,100.769,-137.397],"timestamp":521745406224},false],[4,{"currentFrameRate":102.36,"devices":[],"gestures":[],"hands":[{"armBasis":[[0.86288,0.417367,-0.285032],[-0.201504,0.801298,0.563309],[0.463502,-0.428633,0.775525]],"armWidth":63.7064,"confidence":0.784281,"direction":[-0.160246,0.546404,-0.822049],"elbow":[192.893,180.659,288.64],"grabStrength":0,"id":466,"palmNormal":[0.200378,-0.797463,-0.569123],"palmPosition":[52.6224,320.47,32.5929],"palmVelocity":[-53.5169,40.6566,-233.817],"palmWidth":90.9705,"pinchStrength":0.456087,"r":[[0.988789,-0.148766,-0.0128141],[0.147004,0.954839,0.258211],[-0.0261776,-0.2572,0.966003]],"s":0.887591,"sphereCenter":[70.9063,294.928,-10.5059],"sphereRadius":52.007,"stabilizedPalmPosition":[63.2613,298.837,83.7512],"t":[-29.7194,100.939,-139.082],"timeVisible":0.325138,"type":"right","wrist":[67.7744,296.365,79.2926]}],"id":4136531,"interactionBox":{"center":[0,200,0],"size":[235.247,235.247,147.751]},"pointables":[{"bases":[[[0.178434,0.922875,0.341266],[-0.804927,-0.0625686,0.590066],[0.56591,-0.379982,0.731683]],[[0.0182129,0.991351,0.129964],[-0.837474,-0.0558808,0.543613],[0.546174,-0.118742,0.829213]],[[0.0182129,0.991351,0.129964],[-0.966846,-0.0156516,0.254879],[0.254709,-0.130298,0.958199]],[[0.0182129,0.991351,0.129964],[-0.896316,0.0737874,-0.437233],[-0.443041,-0.108526,0.889908]]],"btipPosition":[17.3645,291.498,-18.388],"carpPosition":[42.9384,278.591,76.4815],"dipPosition":[6.99791,288.959,2.4346],"direction":[-0.254709,0.130298,-0.958199],"extended":false,"handId":466,"id":4660,"length":52.1052,"mcpPosition":[42.9384,278.591,76.4815],"pipPosition":[15.6805,284.517,35.098],"stabilizedTipPosition":[24.2991,269.791,34.1387],"timeVisible":0.325138,"tipPosition":[15.3088,290.649,-13.8026],"tipVelocity":[-67.172,45.2803,-245.378],"tool":false,"touchDistance":-0.594531,"touchZone":"hovering","type":0,"width":20.2457},{"bases":[[[0.925898,0.344029,-0.156066],[-0.245668,0.862169,0.44307],[0.286985,-0.371898,0.882798]],[[0.962528,0.271112,0.00613354],[-0.260947,0.919811,0.293009],[0.0737966,-0.28363,0.95609]],[[0.962528,0.271112,0.00613354],[-0.269524,0.953904,0.132003],[0.0299369,-0.12871,0.99123]],[[0.962528,0.271112,0.00613354],[-0.271152,0.96251,0.00709087],[-0.00398117,-0.00848829,0.999956]]],"btipPosition":[20.1665,344.883,-68.3695],"carpPosition":[45.1005,302.09,78.6653],"dipPosition":[20.0985,344.738,-51.2883],"direction":[-0.0299369,0.12871,-0.99123],"extended":true,"handId":466,"id":4661,"length":58.7949,"mcpPosition":[23.9917,329.444,13.7321],"pipPosition":[20.8219,341.627,-27.335],"stabilizedTipPosition":[22.9928,328.096,-24.3049],"timeVisible":0.325138,"tipPosition":[19.8547,345.963,-64.1027],"tipVelocity":[-9.15681,43.742,-248.043],"tool":false,"touchDistance":-0.615416,"touchZone":"hovering","type":1,"width":19.3387},{"bases":[[[0.984381,0.138568,-0.108593],[-0.0792367,0.899545,0.429581],[0.15721,-0.414267,0.896475]],[[0.983344,0.141245,-0.11439],[-0.181209,0.713057,-0.677283],[-0.0140967,0.686731,0.726775]],[[0.983344,0.141245,-0.11439],[-0.0433443,-0.428965,-0.902281],[-0.176512,0.89221,-0.415698]],[[0.983344,0.141245,-0.11439],[0.0659277,-0.863681,-0.499708],[-0.169378,0.483843,-0.858608]]],"btipPosition":[53.7032,269.313,7.39354],"carpPosition":[55.7892,307.966,76.9989],"dipPosition":[50.5209,278.403,-8.73797],"direction":[0.176512,-0.89221,0.415698],"extended":false,"handId":466,"id":4662,"length":66.9921,"mcpPosition":[44.8233,336.862,14.467],"pipPosition":[45.5026,303.769,-20.5564],"stabilizedTipPosition":[63.0085,244.045,59.2977],"timeVisible":0.325138,"tipPosition":[52.8543,271.556,2.83604],"tipVelocity":[-48.0721,40.5495,-218.446],"tool":false,"touchDistance":0.333333,"touchZone":"none","type":2,"width":18.9931},{"bases":[[[0.99994,0.00788676,-0.0075579],[-0.00365277,0.893482,0.449084],[0.0102947,-0.449029,0.893458]],[[0.998806,0.0251418,-0.0418973],[-0.0478757,0.674969,-0.736291],[0.00976763,0.737418,0.675366]],[[0.998806,0.0251418,-0.0418973],[-0.0241423,-0.491556,-0.870511],[-0.0424811,0.870483,-0.490362]],[[0.998806,0.0251418,-0.0418973],[0.00316615,-0.888961,-0.457971],[-0.0487593,0.457292,-0.887979]]],"btipPosition":[68.6265,273.339,19.3687],"carpPosition":[67.6202,310.809,75.323],"dipPosition":[67.7157,281.881,2.78125],"direction":[0.0424811,-0.870483,0.490362],"extended":false,"handId":466,"id":4663,"length":64.4147,"mcpPosition":[66.9755,338.93,19.3688],"pipPosition":[66.5392,305.99,-10.7998],"stabilizedTipPosition":[79.2271,248.536,68.8149],"timeVisible":0.325138,"tipPosition":[68.3439,275.492,14.5255],"tipVelocity":[-53.4744,38.0498,-212.27],"tool":false,"touchDistance":0.333333,"touchZone":"none","type":3,"width":18.0732},{"bases":[[[0.981177,-0.191875,0.0218039],[0.152843,0.840628,0.5196],[-0.118027,-0.506487,0.854131]],[[0.987597,-0.149041,-0.049382],[0.0716496,0.707667,-0.702904],[0.139708,0.690648,0.709569]],[[0.987597,-0.149041,-0.049382],[-0.110883,-0.439388,-0.891427],[0.111162,0.885847,-0.450465]],[[0.987597,-0.149041,-0.049382],[-0.15341,-0.849036,-0.505572],[0.0334241,0.506877,-0.86137]]],"btipPosition":[80.1294,285.502,21.8274],"carpPosition":[80.9757,306.613,72.7755],"dipPosition":[80.7055,294.237,6.98335],"direction":[-0.111162,-0.885847,0.450465],"extended":false,"handId":466,"id":4664,"length":50.4999,"mcpPosition":[87.8181,335.975,23.2591],"pipPosition":[82.8792,311.56,-1.82532],"stabilizedTipPosition":[91.7865,260.688,73.0349],"timeVisible":0.325138,"tipPosition":[80.3105,287.744,17.6742],"tipVelocity":[-56.3956,35.4277,-215.563],"tool":false,"touchDistance":0.333333,"touchZone":"none","type":4,"width":16.054}],"r":[[0.988789,-0.148766,-0.0128141],[0.147004,0.954839,0.258211],[-0.0261776,-0.2572,0.966003]],"s":0.887591,"t":[-29.7194,100.939,-139.082],"timestamp":521745414892},false],[5,{"currentFrameRate":102.631,"devices":[],"gestures":[],"hands":[{"armBasis":[[0.869614,0.411535,-0.272784],[-0.202619,0.801286,0.562926],[0.450242,-0.434257,0.780194]],"armWidth":63.7064,"confidence":0.792171,"direction":[-0.155259,0.54544,-0.823644],"elbow":[188.803,179.122,288.666],"grabStrength":0,"id":466,"palmNormal":[0.201866,-0.798644,-0.566937],"palmPosition":[52.3831,320.407,31.2481],"palmVelocity":[-45.7829,27.3214,-209.117],"palmWidth":90.9705,"pinchStrength":0.441917,"r":[[0.988605,-0.150258,-0.00911833],[0.14745,0.954371,0.259681],[-0.0303169,-0.258066,0.965651]],"s":0.889594,"sphereCenter":[70.698,294.788,-11.6968],"sphereRadius":51.9981,"stabilizedPalmPosition":[63.1875,298.983,83.3947],"t":[-30.0374,100.992,-140.597],"timeVisible":0.334365,"type":"right","wrist":[67.2633,296.346,78.0582]}],"id":4136532,"interactionBox":{"center":[0,200,0],"size":[235.247,235.247,147.751]},"pointables":[{"bases":[[[0.178279,0.923087,0.340774],[-0.807944,-0.0603505,0.586161],[0.561643,-0.379826,0.735043]],[[0.0185155,0.99165,0.12762],[-0.839683,-0.0538685,0.540399],[0.542761,-0.117166,0.831674]],[[0.0185155,0.99165,0.12762],[-0.966328,-0.015016,0.256876],[0.256648,-0.128079,0.957981]],[[0.0185155,0.99165,0.12762],[-0.896868,0.0728891,-0.436252],[-0.441911,-0.106381,0.890729]]],"btipPosition":[16.9158,291.312,-19.8537],"carpPosition":[42.4119,278.609,75.1504],"dipPosition":[6.57568,288.823,0.988117],"direction":[-0.256648,0.128079,-0.957981],"extended":false,"handId":466,"id":4660,"length":52.1052,"mcpPosition":[42.4119,278.609,75.1504],"pipPosition":[15.3244,284.457,33.6441],"stabilizedTipPosition":[24.2048,269.993,33.6635],"timeVisible":0.334365,"tipPosition":[14.9743,290.534,-15.2477],"tipVelocity":[-61.7863,27.2707,-220.978],"tool":false,"touchDistance":-0.58533,"touchZone":"hovering","type":0,"width":20.2457},{"bases":[[[0.927232,0.342259,-0.151985],[-0.246423,0.863237,0.440565],[0.281987,-0.371053,0.884762]],[[0.962927,0.269561,0.0104235],[-0.260897,0.920763,0.290048],[0.0685879,-0.282014,0.956955]],[[0.962927,0.269561,0.0104235],[-0.268607,0.954515,0.129426],[0.0249387,-0.127427,0.991534]],[[0.962927,0.269561,0.0104235],[-0.269621,0.962954,0.00487918],[-0.00872213,-0.00750869,0.999934]]],"btipPosition":[20.4614,344.721,-69.9134],"carpPosition":[44.6024,302.108,77.31],"dipPosition":[20.3125,344.593,-52.8326],"direction":[-0.0249387,0.127427,-0.991534],"extended":true,"handId":466,"id":4661,"length":58.7949,"mcpPosition":[23.8612,329.4,12.2324],"pipPosition":[20.9151,341.514,-28.8719],"stabilizedTipPosition":[22.9741,328.217,-24.6084],"timeVisible":0.334365,"tipPosition":[20.1375,345.793,-65.6527],"tipVelocity":[1.80997,26.6858,-225.409],"tool":false,"touchDistance":-0.605368,"touchZone":"hovering","type":1,"width":19.3387},{"bases":[[[0.985137,0.136772,-0.103917],[-0.0798645,0.900317,0.427845],[0.152076,-0.413187,0.897858]],[[0.984102,0.139521,-0.109896],[-0.176691,0.70644,-0.685363],[-0.0179879,0.693885,0.719861]],[[0.984102,0.139521,-0.109896],[-0.0380723,-0.43866,-0.897846],[-0.173475,0.887756,-0.426374]],[[0.984102,0.139521,-0.109896],[0.0681175,-0.867954,-0.491952],[-0.164022,0.476645,-0.863659]]],"btipPosition":[53.5816,269.152,6.71762],"carpPosition":[55.3089,307.964,75.6878],"dipPosition":[50.5,278.107,-9.50879],"direction":[0.173475,-0.887756,0.426374],"extended":false,"handId":466,"id":4662,"length":66.9921,"mcpPosition":[44.7012,336.785,13.0594],"pipPosition":[45.568,303.346,-21.6307],"stabilizedTipPosition":[62.9397,244.229,58.9156],"timeVisible":0.334365,"tipPosition":[52.7439,271.385,2.02892],"tipVelocity":[-37.5814,23.3484,-178.393],"tool":false,"touchDistance":0.333333,"touchZone":"none","type":2,"width":18.9931},{"bases":[[[0.999977,0.00621581,-0.00261249],[-0.00438832,0.894157,0.447731],[0.00511899,-0.44771,0.894164]],[[0.999037,0.023462,-0.0370637],[-0.0432101,0.671876,-0.739403],[0.00755437,0.740292,0.672243]],[[0.999037,0.023462,-0.0370637],[-0.0205679,-0.495753,-0.86822],[-0.0387446,0.868147,-0.494793]],[[0.999037,0.023462,-0.0370637],[0.00407187,-0.890893,-0.454195],[-0.0436761,0.453607,-0.890131]]],"btipPosition":[68.3837,273.237,18.3703],"carpPosition":[67.1528,310.785,74.0664],"dipPosition":[67.5679,281.71,1.74266],"direction":[0.0387446,-0.868147,0.494793],"extended":false,"handId":466,"id":4663,"length":64.4147,"mcpPosition":[66.8323,338.823,18.0679],"pipPosition":[66.4948,305.754,-11.9612],"stabilizedTipPosition":[79.1407,248.744,68.3899],"timeVisible":0.334365,"tipPosition":[68.1293,275.363,13.5132],"tipVelocity":[-45.194,23.7943,-183.367],"tool":false,"touchDistance":0.333333,"touchZone":"none","type":3,"width":18.0732},{"bases":[[[0.980736,-0.19347,0.0269528],[0.151668,0.841149,0.519101],[-0.123102,-0.505013,0.854288]],[[0.987494,-0.151815,-0.0425201],[0.0780139,0.704905,-0.704999],[0.137002,0.692865,0.707933]],[[0.987494,-0.151815,-0.0425201],[-0.106383,-0.442603,-0.890385],[0.116354,0.883773,-0.453218]],[[0.987494,-0.151815,-0.0425201],[-0.152419,-0.850373,-0.503621],[0.040299,0.503803,-0.862878]]],"btipPosition":[79.8374,285.381,20.7719],"carpPosition":[80.5138,306.562,71.5914],"dipPosition":[80.5319,294.063,5.90183],"direction":[-0.116354,-0.883773,0.453218],"extended":false,"handId":466,"id":4664,"length":50.4999,"mcpPosition":[87.6504,335.839,22.0659],"pipPosition":[82.8071,311.345,-2.96068],"stabilizedTipPosition":[91.6962,260.892,72.6086],"timeVisible":0.334365,"tipPosition":[80.062,287.601,16.61],"tipVelocity":[-48.6288,21.4483,-187.374],"tool":false,"touchDistance":0.333333,"touchZone":"none","type":4,"width":16.054}],"r":[[0.988605,-0.150258,-0.00911833],[0.14745,0.954371,0.259681],[-0.0303169,-0.258066,0.965651]],"s":0.889594,"t":[-30.0374,100.992,-140.597],"timestamp":521745424119},false],[6,{"currentFrameRate":103.065,"devices":[],"gestures":[],"hands":[{"armBasis":[[0.871925,0.410259,-0.267271],[-0.205513,0.802082,0.560739],[0.444421,-0.433995,0.783669]],"armWidth":63.7064,"confidence":0.804031,"direction":[-0.150491,0.546154,-0.824056],"elbow":[186.462,179.307,287.653],"grabStrength":0,"id":466,"palmNormal":[0.204478,-0.798329,-0.566445],"palmPosition":[51.8811,320.565,29.2358],"palmVelocity":[-48.7024,24.7415,-213.873],"palmWidth":90.9705,"pinchStrength":0.435997,"r":[[0.988434,-0.151566,-0.0051165],[0.147629,0.953939,0.261162],[-0.0347025,-0.258897,0.965281]],"s":0.89167,"sphereCenter":[70.2788,294.983,-13.6008],"sphereRadius":51.9774,"stabilizedPalmPosition":[63.1282,299.096,83.1106],"t":[-30.4474,101.098,-142.36],"timeVisible":0.343244,"type":"right","wrist":[66.4941,296.461,76.1073]}],"id":4136533,"interactionBox":{"center":[0,200,0],"size":[235.247,235.247,147.751]},"pointables":[{"bases":[[[0.176956,0.922726,0.342438],[-0.811138,-0.0603345,0.581734],[0.557442,-0.380705,0.737782]],[[0.0180924,0.9916,0.128071],[-0.842248,-0.0539101,0.536388],[0.538786,-0.117572,0.834198]],[[0.0180924,0.9916,0.128071],[-0.966794,-0.0153075,0.255098],[0.254916,-0.128433,0.958396]],[[0.0180924,0.9916,0.128071],[-0.895259,0.0730995,-0.439508],[-0.445178,-0.106705,0.889062]]],"btipPosition":[16.4865,291.482,-22.0536],"carpPosition":[41.6488,278.74,73.0516],"dipPosition":[6.07,288.986,-1.25076],"direction":[-0.254916,0.128433,-0.958396],"extended":false,"handId":466,"id":4660,"length":52.1052,"mcpPosition":[41.6488,278.74,73.0516],"pipPosition":[14.7596,284.607,31.4193],"stabilizedTipPosition":[24.1289,270.15,33.2812],"timeVisible":0.343244,"tipPosition":[14.5664,290.733,-17.4519],"tipVelocity":[-58.6753,25.0258,-228.522],"tool":false,"touchDistance":-0.588263,"touchZone":"hovering","type":0,"width":20.2457},{"bases":[[[0.928235,0.341845,-0.146705],[-0.248314,0.863043,0.439883],[0.276984,-0.371886,0.885991]],[[0.962995,0.269062,0.015715],[-0.261984,0.920781,0.289011],[0.0632918,-0.282433,0.957197]],[[0.962995,0.269062,0.015715],[-0.2688,0.954526,0.128944],[0.0196936,-0.128397,0.991527]],[[0.962995,0.269062,0.015715],[-0.269166,0.963082,0.0048582],[-0.0138277,-0.00890835,0.999865]]],"btipPosition":[20.5093,344.975,-72.0819],"carpPosition":[43.8409,302.235,75.241],"dipPosition":[20.2731,344.823,-55.0023],"direction":[-0.0196936,0.128397,-0.991527],"extended":true,"handId":466,"id":4661,"length":58.7949,"mcpPosition":[23.4676,329.589,10.0729],"pipPosition":[20.749,341.72,-31.0418],"stabilizedTipPosition":[22.9611,328.302,-24.8321],"timeVisible":0.343244,"tipPosition":[20.1726,346.026,-67.8256],"tipVelocity":[2.16852,27.0465,-230.526],"tool":false,"touchDistance":-0.605696,"touchZone":"hovering","type":1,"width":19.3387},{"bases":[[[0.985762,0.136288,-0.0984811],[-0.0816683,0.900037,0.428093],[0.146981,-0.413956,0.898353]],[[0.984732,0.13912,-0.104632],[-0.17268,0.704727,-0.688144],[-0.0219982,0.695705,0.71799]],[[0.984732,0.13912,-0.104632],[-0.0328914,-0.441541,-0.896638],[-0.17094,0.88639,-0.430224]],[[0.984732,0.13912,-0.104632],[0.0707947,-0.86918,-0.489402],[-0.15903,0.474522,-0.865759]]],"btipPosition":[53.2148,269.319,4.91558],"carpPosition":[54.5594,308.086,73.6812],"dipPosition":[50.227,278.235,-11.3503],"direction":[0.17094,-0.88639,0.430224],"extended":false,"handId":466,"id":4662,"length":66.9921,"mcpPosition":[44.307,336.961,11.0183],"pipPosition":[45.3671,303.435,-23.5817],"stabilizedTipPosition":[62.886,244.369,58.6176],"timeVisible":0.343244,"tipPosition":[52.4016,271.54,0.204073],"tipVelocity":[-37.9347,21.8476,-185.338],"tool":false,"touchDistance":0.333333,"touchZone":"none","type":2,"width":18.9931},{"bases":[[[0.99998,0.00564698,0.00280291],[-0.00630429,0.893819,0.448383],[0.0000267131,-0.448392,0.893837]],[[0.999233,0.0229618,-0.0317235],[-0.0389415,0.668354,-0.742823],[0.00414596,0.743489,0.668735]],[[0.999233,0.0229618,-0.0317235],[-0.0159612,-0.500941,-0.865334],[-0.0357613,0.865177,-0.50019]],[[0.999233,0.0229618,-0.0317235],[0.00623724,-0.893041,-0.449931],[-0.0386617,0.449388,-0.892499]]],"btipPosition":[67.9392,273.415,16.8008],"carpPosition":[66.4135,310.902,72.1261],"dipPosition":[67.217,281.809,0.128935],"direction":[0.0357613,-0.865177,0.50019],"extended":false,"handId":466,"id":4663,"length":64.4147,"mcpPosition":[66.4118,338.983,16.1481],"pipPosition":[66.2266,305.771,-13.7244],"stabilizedTipPosition":[79.0709,248.908,68.0494],"timeVisible":0.343244,"tipPosition":[67.7121,275.514,11.8853],"tipVelocity":[-45.8568,22.2299,-181.886],"tool":false,"touchDistance":0.333333,"touchZone":"none","type":3,"width":18.0732},{"bases":[[[0.980466,-0.19405,0.0321114],[0.149333,0.840667,0.520555],[-0.128009,-0.505592,0.853224]],[[0.987535,-0.153291,-0.03574],[0.0835414,0.702885,-0.706381],[0.133403,0.69459,0.706929]],[[0.987535,-0.153291,-0.03574],[-0.101304,-0.44519,-0.889687],[0.12047,0.882218,-0.455169]],[[0.987535,-0.153291,-0.03574],[-0.150333,-0.851258,-0.502752],[0.0466436,0.501858,-0.863691]]],"btipPosition":[79.3307,285.529,19.05],"carpPosition":[79.7852,306.673,69.7201],"dipPosition":[80.1345,294.178,4.16589],"direction":[-0.12047,-0.882218,0.455169],"extended":false,"handId":466,"id":4664,"length":50.4999,"mcpPosition":[87.2063,335.984,20.2563],"pipPosition":[82.4902,311.429,-4.73477],"stabilizedTipPosition":[91.6227,261.053,72.2646],"timeVisible":0.343244,"tipPosition":[79.5932,287.736,14.8675],"tipVelocity":[-50.1508,19.9147,-189.253],"tool":false,"touchDistance":0.333333,"touchZone":"none","type":4,"width":