{"sensorType":"Leap","data":[[0,{"currentFrameRate":107.261,"devices":[],"gestures":[],"hands":[{"armBasis":[[0.826631,0.517854,-0.220247],[-0.332265,0.765015,0.551681],[0.454182,-0.382856,0.80445]],"armWidth":63.7064,"confidence":0.645083,"direction":[-0.108333,0.511933,-0.852167],"elbow":[185.458,204.197,312.837],"grabStrength":0,"id":464,"palmNormal":[0.337173,-0.78748,-0.515936],"palmPosition":[51.3352,329.168,46.7816],"palmVelocity":[8.48208,12.4431,-205.935],"palmWidth":90.9705,"pinchStrength":0.331331,"r":[[0.870163,0.437135,0.22744],[-0.458076,0.887701,0.0464074],[-0.181612,-0.144567,0.972686]],"s":1.11744,"sphereCenter":[51.96,301.416,6.85767],"sphereRadius":48.9803,"stabilizedPalmPosition":[55.0448,310.479,94.4111],"t":[-31.4357,128.946,-163.312],"timeVisible":0.515139,"type":"right","wrist":[62.8549,307.546,95.6825]}],"id":4135679,"interactionBox":{"center":[0,200,0],"size":[235.247,235.247,147.751]},"pointables":[{"bases":[[[0.053602,0.942349,0.330311],[-0.861144,-0.123839,0.493046],[0.505527,-0.310874,0.80486]],[[-0.115854,0.992161,0.0468541],[-0.769322,-0.119471,0.627591],[0.628269,0.0366631,0.777132]],[[-0.115854,0.992161,0.0468541],[-0.974243,-0.122697,0.1892],[0.193466,-0.0237276,0.98082]],[[-0.115854,0.992161,0.0468541],[-0.708687,-0.0495174,-0.703783],[-0.695946,-0.114741,0.708868]]],"btipPosition":[18.5457,289.173,1.73351],"carpPosition":[40.2115,287.51,90.5388],"dipPosition":[2.26159,286.489,18.32],"direction":[-0.193466,0.0237276,-0.98082],"extended":true,"handId":464,"id":4640,"length":52.1052,"mcpPosition":[40.2115,287.51,90.5388],"pipPosition":[8.85652,285.68,51.7545],"stabilizedTipPosition":[20.3017,270.739,57.1643],"timeVisible":0.515139,"tipPosition":[15.0637,289.575,5.70561],"tipVelocity":[-5.09373,12.0736,-216.918],"tool":false,"touchDistance":-0.564691,"touchZone":"hovering","type":0,"width":20.2457},{"bases":[[[0.903723,0.424302,-0.0570202],[-0.372577,0.845081,0.383438],[0.21088,-0.325277,0.921805]],[[0.916164,0.400742,0.00699363],[-0.393071,0.894942,0.211126],[0.0783481,-0.196175,0.977434]],[[0.916164,0.400742,0.00699363],[-0.40052,0.914721,0.0535571],[0.0150654,-0.0518682,0.99854]],[[0.916164,0.400742,0.00699363],[-0.399444,0.914353,-0.0663565],[-0.0329865,0.0579999,0.997771]]],"btipPosition":[21.3251,343.763,-58.7478],"carpPosition":[40.0021,311.149,92.2122],"dipPosition":[20.7617,344.754,-41.704],"direction":[-0.0150654,0.0518682,-0.99854],"extended":true,"handId":464,"id":4641,"length":58.7949,"mcpPosition":[24.491,335.074,24.4099],"pipPosition":[21.1257,343.5,-17.574],"stabilizedTipPosition":[20.0637,322.474,-3.42658],"timeVisible":0.515139,"tipPosition":[21.7737,344.1,-54.7567],"tipVelocity":[35.9222,22.6496,-214.837],"tool":false,"touchDistance":-0.593915,"touchZone":"hovering","type":1,"width":19.3387},{"bases":[[[0.974091,0.226131,0.00351753],[-0.209708,0.897302,0.388423],[0.0846781,-0.379096,0.921475]],[[0.974441,0.224519,0.00743084],[-0.127749,0.58105,-0.803779],[-0.184781,0.782286,0.594882]],[[0.974441,0.224519,0.00743084],[0.126304,-0.520221,-0.84464],[-0.185772,0.823991,-0.535283]],[[0.974441,0.224519,0.00743084],[0.204306,-0.871989,-0.444853],[-0.0933984,0.435001,-0.895573]]],"btipPosition":[60.2839,275.091,30.7287],"carpPosition":[50.2495,317.946,91.6275],"dipPosition":[58.5292,283.264,13.9027],"direction":[0.185772,-0.823991,0.535283],"extended":false,"handId":464,"id":4642,"length":66.9921,"mcpPosition":[44.343,344.389,27.3518],"pipPosition":[53.2476,306.69,-1.31559],"stabilizedTipPosition":[63.2858,268.201,57.1456],"timeVisible":0.515139,"tipPosition":[59.8975,276.838,26.5044],"tipVelocity":[-22.6373,7.55811,-199.192],"tool":false,"touchDistance":0.333333,"touchZone":"none","type":2,"width":18.9931},{"bases":[[[0.988953,0.099589,0.109791],[-0.136771,0.898623,0.416858],[-0.057146,-0.427269,0.902317]],[[0.990147,0.111257,0.0850289],[0.0119223,0.538037,-0.842837],[-0.139521,0.835546,0.53141]],[[0.990147,0.111257,0.0850289],[0.134698,-0.590804,-0.795492],[-0.038269,0.799108,-0.599969]],[[0.990147,0.111257,0.0850289],[0.136103,-0.907423,-0.397568],[0.0329248,0.405223,-0.913625]]],"btipPosition":[72.1529,281.561,44.7005],"carpPosition":[61.8968,321.828,91.2643],"dipPosition":[72.768,289.13,27.634],"direction":[0.038269,-0.799108,0.599969],"extended":false,"handId":464,"id":4643,"length":64.4147,"mcpPosition":[65.4757,348.586,34.7553],"pipPosition":[71.7081,311.263,11.0172],"stabilizedTipPosition":[76.6843,271.805,74.3867],"timeVisible":0.515139,"tipPosition":[72.3379,283.243,40.1351],"tipVelocity":[-21.8372,-0.864238,-186.847],"tool":false,"touchDistance":0.333333,"touchZone":"none","type":3,"width":18.0732},{"bases":[[[0.984605,-0.100389,0.14309],[0.0142045,0.861871,0.506929],[-0.174215,-0.497092,0.850029]],[[0.946391,-0.175214,0.271376],[0.322151,0.573686,-0.753063],[-0.023738,0.800115,0.599376]],[[0.946391,-0.175214,0.271376],[0.136473,-0.544574,-0.827535],[0.29278,0.820207,-0.491467]],[[0.946391,-0.175214,0.271376],[-0.0237985,-0.875647,-0.482365],[0.322147,0.450048,-0.832874]]],"btipPosition":[75.4429,295.562,43.9354],"carpPosition":[75.7808,318.824,90.4394],"dipPosition":[80.9945,303.318,29.5823],"direction":[-0.29278,-0.820207,0.491467],"extended":false,"handId":464,"id":4644,"length":50.4999,"mcpPosition":[85.8806,347.642,41.1608],"pipPosition":[86.7197,319.356,19.9719],"stabilizedTipPosition":[80.4111,285.106,77.297],"timeVisible":0.515139,"tipPosition":[76.8542,297.497,39.9719],"tipVelocity":[-10.6048,-4.23707,-185.347],"tool":false,"touchDistance":0.333333,"touchZone":"none","type":4,"width":16.054}],"r":[[0.870163,0.437135,0.22744],[-0.458076,0.887701,0.0464074],[-0.181612,-0.144567,0.972686]],"s":1.11744,"t":[-31.4357,128.946,-163.312],"timestamp":521736178373},false],[1,{"currentFrameRate":107.493,"devices":[],"gestures":[],"hands":[{"armBasis":[[0.829617,0.511587,-0.223639],[-0.326049,0.769064,0.549757],[0.453242,-0.38317,0.804831]],"armWidth":63.7064,"confidence":0.656433,"direction":[-0.103903,0.514833,-0.850971],"elbow":[185.236,203.605,311.142],"grabStrength":0,"id":464,"palmNormal":[0.330237,-0.789203,-0.517786],"palmPosition":[51.5543,328.874,45.0345],"palmVelocity":[12.8768,0.0732322,-203.433],"palmWidth":90.9705,"pinchStrength":0.333956,"r":[[0.872337,0.431853,0.229199],[-0.452752,0.890482,0.0453525],[-0.184512,-0.143333,0.972322]],"s":1.11715,"sphereCenter":[51.9575,301.211,5.02942],"sphereRadius":48.939,"stabilizedPalmPosition":[55.0422,310.492,94.3743],"t":[-31.263,128.819,-165.105],"timeVisible":0.52402,"type":"right","wrist":[62.8874,307.039,93.8843]}],"id":4135680,"interactionBox":{"center":[0,200,0],"size":[235.247,235.247,147.751]},"pointables":[{"bases":[[[0.0618656,0.941076,0.332487],[-0.862164,-0.117441,0.49283],[0.502838,-0.317148,0.804097]],[[-0.108179,0.993002,0.0473816],[-0.771334,-0.113908,0.626154],[0.627169,0.0311899,0.778259]],[[-0.108179,0.993002,0.0473816],[-0.975073,-0.115273,0.189592],[0.193727,-0.0256905,0.980719]],[[-0.108179,0.993002,0.0473816],[-0.707191,-0.0433703,-0.705691],[-0.698697,-0.109849,0.706934]]],"btipPosition":[18.5139,289.103,-0.116732],"carpPosition":[40.0692,287.213,88.6961],"dipPosition":[2.16535,286.532,16.4245],"direction":[-0.193727,0.0256905,-0.980719],"extended":true,"handId":464,"id":4640,"length":52.1052,"mcpPosition":[40.0692,287.213,88.6961],"pipPosition":[8.76918,285.657,49.8556],"stabilizedTipPosition":[20.2992,270.747,57.1402],"timeVisible":0.52402,"tipPosition":[14.9753,289.53,3.84741],"tipVelocity":[-5.13763,7.43555,-214.907],"tool":false,"touchDistance":-0.564465,"touchZone":"hovering","type":0,"width":20.2457},{"bases":[[[0.907398,0.41651,-0.0561126],[-0.365144,0.847418,0.385424],[0.208084,-0.329243,0.921032]],[[0.919462,0.393122,0.00673976],[-0.385423,0.897802,0.213075],[0.0777134,-0.198512,0.977013]],[[0.919462,0.393122,0.00673976],[-0.392881,0.917961,0.0546938],[0.0153145,-0.0529368,0.99848]],[[0.919462,0.393122,0.00673976],[-0.391869,0.917661,-0.0658587],[-0.0320753,0.0579134,0.997806]]],"btipPosition":[21.6012,343.883,-60.46],"carpPosition":[40.0668,310.849,90.4243],"dipPosition":[21.0533,344.872,-43.4155],"direction":[-0.0153145,0.0529368,-0.99848],"extended":true,"handId":464,"id":4641,"length":58.7949,"mcpPosition":[24.7614,335.066,22.6788],"pipPosition":[21.4234,343.593,-19.287],"stabilizedTipPosition":[20.0652,322.498,-3.48439],"timeVisible":0.52402,"tipPosition":[22.0514,344.242,-56.4705],"tipVelocity":[34.7184,20.158,-208.848],"tool":false,"touchDistance":-0.588537,"touchZone":"hovering","type":1,"width":19.3387},{"bases":[[[0.976032,0.217591,0.00396037],[-0.201824,0.898201,0.390516],[0.0814156,-0.381955,0.920588]],[[0.976368,0.215971,0.00786045],[-0.122711,0.583962,-0.802453],[-0.177897,0.782525,0.596664]],[[0.976368,0.215971,0.00786045],[0.121774,-0.519744,-0.845599],[-0.178539,0.826573,-0.533761]],[[0.976368,0.215971,0.00786045],[0.196699,-0.873,-0.446297],[-0.0895251,0.437297,-0.89485]]],"btipPosition":[60.0251,274.775,28.8748],"carpPosition":[50.3733,317.558,89.8544],"dipPosition":[58.3431,282.99,12.0623],"direction":[0.178539,-0.826573,0.533761],"extended":false,"handId":464,"id":4642,"length":66.9921,"mcpPosition":[44.6943,344.2,25.6406],"pipPosition":[53.2671,306.49,-3.11266],"stabilizedTipPosition":[63.2789,268.217,57.0853],"timeVisible":0.52402,"tipPosition":[59.655,276.529,24.6537],"tipVelocity":[-23.8934,-3.86983,-201.691],"tool":false,"touchDistance":0.333333,"touchZone":"none","type":2,"width":18.9931},{"bases":[[[0.989793,0.090678,0.109939],[-0.128877,0.898818,0.418948],[-0.0608258,-0.428841,0.90133]],[[0.991092,0.10244,0.0851047],[0.0146822,0.551085,-0.83432],[-0.132368,0.828137,0.544672]],[[0.991092,0.10244,0.0851047],[0.128995,-0.57945,-0.804735],[-0.0331231,0.808544,-0.587502]],[[0.991092,0.10244,0.0851047],[0.128452,-0.904017,-0.407741],[0.0351671,0.415041,-0.909123]]],"btipPosition":[72.0367,281.056,41.9754],"carpPosition":[62.0541,321.339,89.4993],"dipPosition":[72.6936,288.809,24.993],"direction":[0.0331231,-0.808544,0.587502],"extended":false,"handId":464,"id":4643,"length":64.4147,"mcpPosition":[65.8634,348.196,33.052],"pipPosition":[71.7762,311.203,8.72152],"stabilizedTipPosition":[76.6768,271.824,74.3258],"timeVisible":0.52402,"tipPosition":[72.1968,282.805,37.8057],"tipVelocity":[-19.1676,-14.7653,-218.834],"tool":false,"touchDistance":0.333333,"touchZone":"none","type":3,"width":18.0732},{"bases":[[[0.983698,-0.109331,0.142776],[0.0217766,0.860538,0.508921],[-0.178504,-0.497516,0.84889]],[[0.94539,-0.183311,0.269509],[0.325581,0.570008,-0.754379],[-0.0153361,0.800929,0.598563]],[[0.94539,-0.183311,0.269509],[0.129504,-0.547542,-0.826696],[0.29911,0.816453,-0.493901]],[[0.94539,-0.183311,0.269509],[-0.0327555,-0.876108,-0.481],[0.324292,0.445905,-0.834269]]],"btipPosition":[75.3642,295.094,42.3286],"carpPosition":[75.9112,318.215,88.6662],"dipPosition":[80.9528,302.778,27.9515],"direction":[-0.29911,-0.816453,0.493901],"extended":false,"handId":464,"id":4644,"length":50.4999,"mcpPosition":[86.2596,347.058,39.4537],"pipPosition":[86.8018,318.743,18.2935],"stabilizedTipPosition":[80.4068,285.12,77.2535],"timeVisible":0.52402,"tipPosition":[76.7813,296.999,38.3246],"tipVelocity":[-9.87226,-17.898,-184.315],"tool":false,"touchDistance":0.333333,"touchZone":"none","type":4,"width":16.054}],"r":[[0.872337,0.431853,0.229199],[-0.452752,0.890482,0.0453525],[-0.184512,-0.143333,0.972322]],"s":1.11715,"t":[-31.263,128.819,-165.105],"timestamp":521736187254},false],[2,{"currentFrameRate":107.605,"devices":[],"gestures":[],"hands":[{"armBasis":[[0.834454,0.50504,-0.220501],[-0.323045,0.772465,0.546754],[0.446462,-0.385009,0.807737]],"armWidth":63.7064,"confidence":0.665353,"direction":[-0.0981782,0.514225,-0.852018],"elbow":[183.131,203.075,309.934],"grabStrength":0,"id":464,"palmNormal":[0.326891,-0.791983,-0.51566],"palmPosition":[51.5597,328.839,42.9771],"palmVelocity":[9.4765,-1.02209,-209.782],"palmWidth":90.9705,"pinchStrength":0.337531,"r":[[0.87444,0.426603,0.231008],[-0.447401,0.893251,0.04399],[-0.187582,-0.14182,0.971957]],"s":1.11621,"sphereCenter":[51.904,301.085,2.99862],"sphereRadius":48.8891,"stabilizedPalmPosition":[55.0404,310.502,94.3477],"t":[-31.1739,128.739,-167.03],"timeVisible":0.533109,"type":"right","wrist":[62.6118,307.005,91.8919]}],"id":4135681,"interactionBox":{"center":[0,200,0],"size":[235.247,235.247,147.751]},"pointables":[{"bases":[[[0.0666945,0.94116,0.331316],[-0.86434,-0.111391,0.490417],[0.498466,-0.319078,0.806052]],[[-0.103049,0.993699,0.0440839],[-0.774778,-0.107982,0.622944],[0.623779,0.0300386,0.781023]],[[-0.103049,0.993699,0.0440839],[-0.976208,-0.109537,0.187133],[0.190783,-0.0237512,0.981345]],[[-0.103049,0.993699,0.0440839],[-0.701633,-0.0412032,-0.711347],[-0.705048,-0.104234,0.701457]]],"btipPosition":[18.5498,289.063,-2.17994],"carpPosition":[39.687,287.313,86.664],"dipPosition":[2.05262,286.624,14.2332],"direction":[-0.190783,0.0237512,-0.981345],"extended":true,"handId":464,"id":4640,"length":52.1052,"mcpPosition":[39.687,287.313,86.664],"pipPosition":[8.5561,285.814,47.6856],"stabilizedTipPosition":[20.2975,270.753,57.123],"timeVisible":0.533109,"tipPosition":[14.9223,289.511,1.73956],"tipVelocity":[-3.66331,5.08362,-219.153],"tool":false,"touchDistance":-0.567742,"touchZone":"hovering","type":0,"width":20.2457},{"bases":[[[0.91012,0.41081,-0.0539977],[-0.361043,0.85022,0.38311],[0.203296,-0.329181,0.922123]],[[0.921599,0.388075,0.00727623],[-0.38089,0.90061,0.209342],[0.0746871,-0.1957,0.977816]],[[0.921599,0.388075,0.00727623],[-0.387946,0.920373,0.0491107],[0.0123618,-0.0480832,0.998767]],[[0.921599,0.388075,0.00727623],[-0.38657,0.919389,-0.0727116],[-0.0349072,0.0641982,0.997326]]],"btipPosition":[21.9619,343.635,-62.6396],"carpPosition":[39.8256,310.951,88.3582],"dipPosition":[21.3657,344.732,-45.6033],"direction":[-0.0123618,0.0480832,-0.998767],"extended":true,"handId":464,"id":4641,"length":58.7949,"mcpPosition":[24.8724,335.164,20.5325],"pipPosition":[21.6644,343.57,-21.4679],"stabilizedTipPosition":[20.0667,322.515,-3.52945],"timeVisible":0.533109,"tipPosition":[22.3827,344.09,-58.6486],"tipVelocity":[35.7559,7.78095,-217.475],"tool":false,"touchDistance":-0.590738,"touchZone":"hovering","type":1,"width":19.3387},{"bases":[[[0.977343,0.211559,0.00656655],[-0.197428,0.899999,0.388618],[0.0763055,-0.381109,0.921376]],[[0.977657,0.209944,0.0104644],[-0.116705,0.583523,-0.803667],[-0.174832,0.78449,0.594987]],[[0.977657,0.209944,0.0104644],[0.121154,-0.522102,-0.844234],[-0.171779,0.826639,-0.535873]],[[0.977657,0.209944,0.0104644],[0.19268,-0.875139,-0.443854],[-0.0840269,0.435954,-0.896038]]],"btipPosition":[59.7401,274.682,26.938],"carpPosition":[50.1751,317.595,87.8095],"dipPosition":[58.1614,282.872,10.1033],"direction":[0.171779,-0.826639,0.535873],"extended":false,"handId":464,"id":4642,"length":66.9921,"mcpPosition":[44.8525,344.179,23.5407],"pipPosition":[53.2777,306.374,-5.13173],"stabilizedTipPosition":[63.2737,268.228,57.0395],"timeVisible":0.533109,"tipPosition":[59.3948,276.427,22.7133],"tipVelocity":[-25.2354,-5.80272,-205.002],"tool":false,"touchDistance":0.333333,"touchZone":"none","type":2,"width":18.9931},{"bases":[[[0.990003,0.0847176,0.112769],[-0.124563,0.900207,0.417267],[-0.0661652,-0.427143,0.90176]],[[0.991452,0.0964741,0.0878378],[0.0190318,0.559096,-0.828884],[-0.129076,0.823471,0.552481]],[[0.991452,0.0964741,0.0878378],[0.127461,-0.572416,-0.809996],[-0.0278639,0.814268,-0.579819]],[[0.991452,0.0964741,0.0878378],[0.124369,-0.902301,-0.412777],[0.0394339,0.420173,-0.906587]]],"btipPosition":[71.8246,280.869,39.3241],"carpPosition":[61.88,321.304,87.4839],"dipPosition":[72.5613,288.718,22.3891],"direction":[0.0278639,-0.814268,0.579819],"extended":false,"handId":464,"id":4643,"length":64.4147,"mcpPosition":[66.0237,348.054,31.0097],"pipPosition":[71.7895,311.27,6.33035],"stabilizedTipPosition":[76.6712,271.837,74.2796],"timeVisible":0.533109,"tipPosition":[71.9786,282.651,35.4461],"tipVelocity":[-19.7623,-15.719,-238.679],"tool":false,"touchDistance":0.333333,"touchZone":"none","type":3,"width":18.0732},{"bases":[[[0.982573,-0.115202,0.145874],[0.025582,0.861127,0.507745],[-0.184109,-0.495165,0.849067]],[[0.943508,-0.188647,0.272406],[0.331128,0.566876,-0.754325],[-0.0121189,0.801912,0.597319]],[[0.943508,-0.188647,0.272406],[0.128427,-0.549647,-0.825466],[0.305449,0.813818,-0.494369]],[[0.943508,-0.188647,0.272406],[-0.0367933,-0.876672,-0.479679],[0.329301,0.442558,-0.834088]]],"btipPosition":[75.1739,294.91,40.3989],"carpPosition":[75.72,318.093,86.6967],"dipPosition":[80.8488,302.536,26.0249],"direction":[-0.305449,-0.813818,0.494369],"extended":false,"handId":464,"id":4644,"length":50.4999,"mcpPosition":[86.3933,346.799,37.4739],"pipPosition":[86.8218,318.45,16.3577],"stabilizedTipPosition":[80.4036,285.129,77.2208],"timeVisible":0.533109,"tipPosition":[76.6097,296.797,36.4046],"tipVelocity":[-12.3305,-18.9487,-192.045],"tool":false,"touchDistance":0.333333,"touchZone":"none","type":4,"width":16.054}],"r":[[0.87444,0.426603,0.231008],[-0.447401,0.893251,0.04399],[-0.187582,-0.14182,0.971957]],"s":1.11621,"t":[-31.1739,128.739,-167.03],"timestamp":521736196343},false],[3,{"currentFrameRate":107.776,"devices":[],"gestures":[],"hands":[{"armBasis":[[0.836631,0.497855,-0.22845],[-0.319925,0.782643,0.533964],[0.444631,-0.373644,0.81406]],"armWidth":63.7064,"confidence":0.681461,"direction":[-0.0925997,0.513723,-0.852944],"elbow":[182.503,205.279,309.635],"grabStrength":0,"id":464,"palmNormal":[0.322216,-0.795071,-0.513848],"palmPosition":[51.6908,327.985,40.917],"palmVelocity":[10.8835,-26.7944,-215.232],"palmWidth":90.9705,"pinchStrength":0.346489,"r":[[0.876612,0.421182,0.232718],[-0.441819,0.896099,0.0424667],[-0.190652,-0.140046,0.971617]],"s":1.11482,"sphereCenter":[51.9213,300.168,0.981893],"sphereRadius":48.8391,"stabilizedPalmPosition":[55.0392,310.508,94.3281],"t":[-31.0639,128.271,-169.022],"timeVisible":0.542078,"type":"right","wrist":[62.4785,306.141,89.8859]}],"id":4135682,"interactionBox":{"center":[0,200,0],"size":[235.247,235.247,147.751]},"pointables":[{"bases":[[[0.0728416,0.941115,0.330145],[-0.866179,-0.104398,0.488708],[0.494397,-0.321563,0.80757]],[[-0.098006,0.994432,0.0387271],[-0.778819,-0.100866,0.619086],[0.619545,0.0305128,0.784368]],[[-0.098006,0.994432,0.0387271],[-0.977346,-0.103512,0.184611],[0.187592,-0.0197568,0.982048]],[[-0.098006,0.994432,0.0387271],[-0.691506,-0.0400626,-0.721258],[-0.715691,-0.0974677,0.691583]]],"btipPosition":[18.8539,288.04,-4.16764],"carpPosition":[39.4221,286.609,84.6362],"dipPosition":[2.10778,285.76,12.0144],"direction":[-0.187592,0.0197568,-0.982048],"extended":true,"handId":464,"id":4640,"length":52.1052,"mcpPosition":[39.4221,286.609,84.6362],"pipPosition":[8.50246,285.086,45.4908],"stabilizedTipPosition":[20.2963,270.756,57.1103],"timeVisible":0.542078,"tipPosition":[15.0419,288.56,-0.32476],"tipVelocity":[4.87662,-26.4028,-221.45],"tool":false,"touchDistance":-0.569914,"touchZone":"hovering","type":0,"width":20.2457},{"bases":[[[0.913204,0.404092,-0.0526094],[-0.355657,0.853368,0.381144],[0.198912,-0.329351,0.923018]],[[0.924185,0.381875,0.0073803],[-0.375087,0.903771,0.206176],[0.0720633,-0.193313,0.978487]],[[0.924185,0.381875,0.0073803],[-0.381809,0.923161,0.0446664],[0.0102438,-0.0440979,0.998975]],[[0.924185,0.381875,0.0073803],[-0.380189,0.921613,-0.078012],[-0.0365926,0.0692915,0.996925]]],"btipPosition":[22.3807,342.658,-64.7929],"carpPosition":[39.7293,310.248,86.2976],"dipPosition":[21.7556,343.842,-47.7635],"direction":[-0.0102438,0.0440979,-0.998975],"extended":true,"handId":464,"id":4641,"length":58.7949,"mcpPosition":[25.0985,334.473,18.4061],"pipPosition":[22.0032,342.776,-23.6231],"stabilizedTipPosition":[20.068,322.528,-3.56503],"timeVisible":0.542078,"tipPosition":[22.7794,343.183,-60.8022],"tipVelocity":[38.5479,-23.5542,-223.715],"tool":false,"touchDistance":-0.592322,"touchZone":"hovering","type":1,"width":19.3387},{"bases":[[[0.978843,0.204442,0.00837768],[-0.191696,0.901961,0.386935],[0.0715491,-0.380354,0.922069]],[[0.979135,0.20284,0.0122562],[-0.110685,0.582928,-0.804949],[-0.17042,0.786798,0.593217]],[[0.979135,0.20284,0.0122562],[0.119302,-0.524967,-0.84272],[-0.164503,0.826599,-0.538213]],[[0.979135,0.20284,0.0122562],[0.187336,-0.87764,-0.441194],[-0.0787352,0.434285,-0.897328]]],"btipPosition":[59.506,273.771,25.0182],"carpPosition":[50.1281,316.815,85.762],"dipPosition":[58.0267,281.93,8.15923],"direction":[0.164503,-0.826599,0.538213],"extended":false,"handId":464,"id":4642,"length":66.9921,"mcpPosition":[45.1373,343.346,21.4448],"pipPosition":[53.3499,305.43,-7.14234],"stabilizedTipPosition":[63.2696,268.235,57.0036],"timeVisible":0.542078,"tipPosition":[59.1843,275.505,20.7817],"tipVelocity":[-24.7737,-32.2473,-207.65],"tool":false,"touchDistance":0.333333,"touchZone":"none","type":2,"width":18.9931},{"bases":[[[0.99035,0.0776617,0.114784],[-0.118893,0.901678,0.415741],[-0.0712108,-0.425376,0.902211]],[[0.991941,0.089398,0.0897843],[0.0238918,0.563939,-0.825471],[-0.124428,0.820963,0.557259]],[[0.991941,0.089398,0.0897843],[0.124837,-0.568467,-0.813179],[-0.0216572,0.817834,-0.575046]],[[0.991941,0.089398,0.0897843],[0.118892,-0.901697,-0.415701],[0.0437953,0.423026,-0.905059]]],"btipPosition":[71.6601,279.852,36.8942],"carpPosition":[61.8604,320.438,85.4564],"dipPosition":[72.4782,287.755,19.9877],"direction":[0.0216572,-0.817834,0.575046],"extended":false,"handId":464,"id":4643,"length":64.4147,"mcpPosition":[66.3201,347.078,28.954],"pipPosition":[71.8783,310.405,4.06123],"stabilizedTipPosition":[76.667,271.845,74.2434],"timeVisible":0.542078,"tipPosition":[71.818,281.653,33.1891],"tipVelocity":[-18.8034,-42.0641,-247.305],"tool":false,"touchDistance":0.333333,"touchZone":"none","type":3,"width":18.0732},{"bases":[[[0.981392,-0.122151,0.148152],[0.0307685,0.861634,0.506597],[-0.189535,-0.492611,0.849359]],[[0.941936,-0.194552,0.273691],[0.335726,0.561931,-0.75599],[-0.00671569,0.80398,0.594619]],[[0.941936,-0.194552,0.273691],[0.124785,-0.553885,-0.823189],[0.311747,0.809543,-0.497447]],[[0.941936,-0.194552,0.273691],[-0.0429198,-0.878126,-0.4765],[0.333039,0.437086,-0.835488]]],"btipPosition":[75.0682,293.899,38.5686],"carpPosition":[75.6783,317.126,84.7036],"dipPosition":[80.8075,301.432,24.1705],"direction":[-0.311747,-0.809543,0.497447],"extended":false,"handId":464,"id":4644,"length":50.4999,"mcpPosition":[86.6661,345.684,35.4639],"pipPosition":[86.9035,317.262,14.4431],"stabilizedTipPosition":[80.401,285.136,77.1933],"timeVisible":0.542078,"tipPosition":[76.5151,295.753,34.5552],"tipVelocity":[-11.7317,-45.2746,-195.507],"tool":false,"touchDistance":0.333333,"touchZone":"none","type":4,"width":16.054}],"r":[[0.876612,0.421182,0.232718],[-0.441819,0.896099,0.0424667],[-0.190652,-0.140046,0.971617]],"s":1.11482,"t":[-31.0639,128.271,-169.022],"timestamp":521736205312},false],[4,{"currentFrameRate":107.9,"devices":[],"gestures":[],"hands":[{"armBasis":[[0.836421,0.497902,-0.229114],[-0.319541,0.782622,0.534225],[0.445301,-0.373626,0.813702]],"armWidth":63.7064,"confidence":0.694543,"direction":[-0.0877982,0.514548,-0.852954],"elbow":[182.518,204.763,307.398],"grabStrength":0,"id":464,"palmNormal":[0.321829,-0.79569,-0.513131],"palmPosition":[51.7778,327.528,38.7496],"palmVelocity":[10.534,-33.356,-221.972],"palmWidth":90.9705,"pinchStrength":0.358498,"r":[[0.878388,0.416285,0.234821],[-0.436836,0.898605,0.0410354],[-0.193929,-0.138623,0.971172]],"s":1.1131,"sphereCenter":[52.1032,299.755,-1.18933],"sphereRadius":48.7874,"stabilizedPalmPosition":[55.0383,310.513,94.3127],"t":[-30.9654,127.809,-171.102],"timeVisible":0.551121,"type":"right","wrist":[62.3124,305.62,87.7452]}],"id":4135683,"interactionBox":{"center":[0,200,0],"size":[235.247,235.247,147.751]},"pointables":[{"bases":[[[0.0743626,0.940681,0.331043],[-0.868356,-0.102144,0.485309],[0.490335,-0.323552,0.80925]],[[-0.0990373,0.994565,0.0321225],[-0.784094,-0.0978736,0.612876],[0.612689,0.0355106,0.789526]],[[-0.0990373,0.994565,0.0321225],[-0.97843,-0.10321,0.178948],[0.181291,-0.013707,0.983334]],[[-0.0990373,0.994565,0.0321225],[-0.678987,-0.0439435,-0.732834],[-0.727439,-0.0943886,0.679649]]],"btipPosition":[19.4822,287.064,-6.4318],"carpPosition":[39.2185,286.16,82.394],"dipPosition":[2.46116,284.855,9.47104],"direction":[-0.181291,0.013707,-0.983334],"extended":true,"handId":464,"id":4640,"length":52.1052,"mcpPosition":[39.2185,286.16,82.394],"pipPosition":[8.64106,284.388,42.9912],"stabilizedTipPosition":[20.2954,270.759,57.0989],"timeVisible":0.551121,"tipPosition":[15.4513,287.707,-2.65976],"tipVelocity":[20.7586,-48.4032,-231.383],"tool":false,"touchDistance":-0.576182,"touchZone":"hovering","type":0,"width":20.2457},{"bases":[[[0.914594,0.401414,-0.0488354],[-0.354587,0.854173,0.380338],[0.194387,-0.330538,0.923557]],[[0.925132,0.379509,0.0101862],[-0.373425,0.904811,0.204624],[0.0684398,-0.193108,0.978788]],[[0.925132,0.379509,0.0101862],[-0.379587,0.924187,0.0423404],[0.00665459,-0.043037,0.999051]],[[0.925132,0.379509,0.0101862],[-0.377523,0.922463,-0.0808632],[-0.0400847,0.0709636,0.996673]]],"btipPosition":[22.8757,342.231,-67.0685],"carpPosition":[39.5895,309.797,84.0722],"dipPosition":[22.191,343.444,-50.0434],"direction":[-0.00665459,0.043037,-0.999051],"extended":true,"handId":464,"id":4641,"length":58.7949,"mcpPosition":[25.2915,334.109,16.141],"pipPosition":[22.3518,342.404,-25.9011],"stabilizedTipPosition":[20.0693,322.538,-3.59494],"timeVisible":0.551121,"tipPosition":[23.2488,342.791,-63.0773],"tipVelocity":[42.5939,-29.8799,-231.443],"tool":false,"touchDistance":-0.595571,"touchZone":"hovering","type":1,"width":19.3387},{"bases":[[[0.979405,0.20153,0.0122716],[-0.190506,0.902275,0.38679],[0.0668777,-0.381162,0.922086]],[[0.979674,0.199948,0.0160942],[-0.105699,0.582742,-0.805754],[-0.170488,0.787675,0.592032]],[[0.979674,0.199948,0.0160942],[0.121295,-0.526575,-0.841431],[-0.159768,0.826281,-0.540125]],[[0.979674,0.199948,0.0160942],[0.186584,-0.878851,-0.439099],[-0.0736527,0.433177,-0.898295]]],"btipPosition":[59.4866,273.333,22.9655],"carpPosition":[50.0096,316.333,83.5809],"dipPosition":[58.1028,281.471,6.08839],"direction":[0.159768,-0.826281,0.540125],"extended":false,"handId":464,"id":4642,"length":66.9921,"mcpPosition":[45.3447,342.921,19.2625],"pipPosition":[53.5605,304.963,-9.26752],"stabilizedTipPosition":[63.2665,268.241,56.9747],"timeVisible":0.551121,"tipPosition":[59.1886,275.061,18.698],"tipVelocity":[-17.8669,-36.8546,-213.109],"tool":false,"touchDistance":0.333333,"touchZone":"none","type":2,"width":18.9931},{"bases":[[[0.990128,0.074648,0.118637],[-0.117816,0.901758,0.415876],[-0.0759378,-0.425747,0.90165]],[[0.991851,0.0864139,0.0936132],[0.0280408,0.568703,-0.822065],[-0.124276,0.817991,0.561645]],[[0.991851,0.0864139,0.0936132],[0.126163,-0.564081,-0.816024],[-0.0177105,0.821186,-0.570386]],[[0.991851,0.0864139,0.0936132],[0.11798,-0.900312,-0.418949],[0.0480781,0.42658,-0.903171]]],"btipPosition":[71.6533,279.333,34.4354],"carpPosition":[61.7537,319.921,83.3227],"dipPosition":[72.5514,287.301,17.5642],"direction":[0.0177105,-0.821186,0.570386],"extended":false,"handId":464,"id":4643,"length":64.4147,"mcpPosition":[66.5095,346.585,26.8555],"pipPosition":[72.0609,310.045,1.76673],"stabilizedTipPosition":[76.6638,271.852,74.2142],"timeVisible":0.551121,"tipPosition":[71.8196,281.15,30.8424],"tipVelocity":[-13.2644,-45.8466,-253.839],"tool":false,"touchDistance":0.333333,"touchZone":"none","type":3,"width":18.0732},{"bases":[[[0.980449,-0.125159,0.15184],[0.0313764,0.86121,0.507279],[-0.194256,-0.492597,0.8483]],[[0.940398,-0.197383,0.276932],[0.340013,0.561387,-0.754477],[-0.00654517,0.803669,0.59504]],[[0.940398,-0.197383,0.276932],[0.126112,-0.553856,-0.823006],[0.315828,0.808878,-0.495953]],[[0.940398,-0.197383,0.276932],[-0.0437508,-0.877777,-0.477067],[0.33725,0.436517,-0.834096]]],"btipPosition":[75.0697,293.375,36.4791],"carpPosition":[75.5645,316.569,82.6208],"dipPosition":[80.8816,300.898,22.105],"direction":[-0.315828,-0.808878,0.495953],"extended":false,"handId":464,"id":4644,"length":50.4999,"mcpPosition":[86.8261,345.126,33.4425],"pipPosition":[87.0575,316.715,12.4068],"stabilizedTipPosition":[80.3988,285.141,77.1693],"timeVisible":0.551121,"tipPosition":[76.532,295.225,32.4799],"tipVelocity":[-7.94043,-48.839,-205.14],"tool":false,"touchDistance":0.333333,"touchZone":"none","type":4,"width":16.054}],"r":[[0.878388,0.416285,0.234821],[-0.436836,0.898605,0.0410354],[-0.193929,-0.138623,0.971172]],"s":1.1131,"t":[-30.9654,127.809,-171.102],"timestamp":521736214355},false],[5,{"currentFrameRate":108.017,"devices":[],"gestures":[],"hands":[{"armBasis":[[0.838267,0.495448,-0.227683],[-0.320172,0.785256,0.529965],[0.44136,-0.371354,0.816883]],"armWidth":63.7064,"confidence":0.711215,"direction":[-0.0842822,0.515483,-0.852745],"elbow":[181.434,205.164,307.128],"grabStrength":0,"id":464,"palmNormal":[0.321936,-0.795807,-0.512883],"palmPosition":[51.9457,327.379,37.6099],"palmVelocity":[12.7487,-28.6741,-195.497],"palmWidth":90.9705,"pinchStrength":0.366242,"r":[[0.879792,0.411999,0.237116],[-0.432535,0.900738,0.0398002],[-0.197182,-0.137577,0.970666]],"s":1.11208,"sphereCenter":[52.2795,299.627,-2.31455],"sphereRadius":48.8059,"stabilizedPalmPosition":[55.0376,310.516,94.3008],"t":[-30.8321,127.504,-172.712],"timeVisible":0.560168,"type":"right","wrist":[62.2923,305.408,86.617]}],"id":4135684,"interactionBox":{"center":[0,200,0],"size":[235.247,235.247,147.751]},"pointables":[{"bases":[[[0.0750671,0.940243,0.332128],[-0.870005,-0.101007,0.482586],[0.487295,-0.325179,0.810433]],[[-0.0993177,0.994629,0.0291306],[-0.787714,-0.0964763,0.60844],[0.607982,0.0374823,0.793065]],[[-0.0993177,0.994629,0.0291306],[-0.979024,-0.10291,0.175843],[0.177897,-0.0110552,0.983987]],[[-0.0993177,0.994629,0.0291306],[-0.668968,-0.0450698,-0.741923],[-0.736626,-0.0931736,0.669851]]],"btipPosition":[20.0086,286.681,-7.61726],"carpPosition":[39.1794,285.995,81.1782],"dipPosition":[2.77263,284.501,8.05632],"direction":[-0.177897,0.0110552,-0.983987],"extended":true,"handId":464,"id":4640,"length":52.1052,"mcpPosition":[39.1794,285.995,81.1782],"pipPosition":[8.83683,284.124,41.5988],"stabilizedTipPosition":[20.2946,270.762,57.0879],"timeVisible":0.560168,"tipPosition":[15.8477,287.341,-3.92132],"tipVelocity":[29.5744,-46.5065,-205.314],"tool":false,"touchDistance":-0.56547,"touchZone":"hovering","type":0,"width":20.2457},{"bases":[[[0.915464,0.399796,-0.0457009],[-0.354186,0.854469,0.380045],[0.190991,-0.331731,0.923838]],[[0.925648,0.378183,0.0123842],[-0.372662,0.905487,0.203021],[0.0655653,-0.192541,0.979096]],[[0.925648,0.378183,0.0123842],[-0.378367,0.924783,0.0401857],[0.0037448,-0.0418836,0.999115]],[[0.925648,0.378183,0.0123842],[-0.37594,0.922888,-0.08335],[-0.0429508,0.0724971,0.996443]]],"btipPosition":[23.367,342.073,-68.2931],"carpPosition":[39.5881,309.629,82.8792],"dipPosition":[22.6333,343.312,-51.2719],"direction":[-0.0037448,0.0418836,-0.999115],"extended":true,"handId":464,"id":4641,"length":58.7949,"mcpPosition":[25.54,334.029,14.9273],"pipPosition":[22.7238,342.3,-27.128],"stabilizedTipPosition":[20.0707,322.546,-3.62093],"timeVisible":0.560168,"tipPosition":[23.7087,342.679,-64.2998],"tipVelocity":[45.4785,-26.2688,-204.97],"tool":false,"touchDistance":-0.58273,"touchZone":"hovering","type":1,"width":19.3387},{"bases":[[[0.979728,0.199739,0.0154188],[-0.190038,0.902268,0.387038],[0.0633946,-0.382122,0.921935]],[[0.979981,0.198164,0.0192138],[-0.102222,0.583625,-0.805563],[-0.170847,0.787472,0.592198]],[[0.979981,0.198164,0.0192138],[0.122926,-0.526332,-0.841347],[-0.156612,0.826865,-0.540154]],[[0.979981,0.198164,0.0192138],[0.186351,-0.879004,-0.43889],[-0.0700833,0.433685,-0.898335]]],"btipPosition":[59.602,273.197,21.8141],"carpPosition":[50.0216,316.148,82.4253],"dipPosition":[58.2853,281.346,4.93624],"direction":[0.156612,-0.826865,0.540154],"extended":false,"handId":464,"id":4642,"length":66.9921,"mcpPosition":[45.5996,342.802,18.1176],"pipPosition":[53.8328,304.854,-10.4205],"stabilizedTipPosition":[63.2642,268.245,56.9526],"timeVisible":0.560168,"tipPosition":[59.3206,274.927,17.5489],"tipVelocity":[-8.95005,-30.7443,-189.44],"tool":false,"touchDistance":0.333333,"touchZone":"none","type":2,"width":18.9931},{"bases":[[[0.989898,0.0727404,0.1217],[-0.117438,0.901591,0.416343],[-0.079439,-0.426429,0.901026]],[[0.991743,0.0847236,0.0962711],[0.0332058,0.555443,-0.830891],[-0.123869,0.827227,0.548044]],[[0.991743,0.0847236,0.0962711],[0.127584,-0.575847,-0.807541],[-0.0129804,0.813156,-0.581901]],[[0.991743,0.0847236,0.0962711],[0.117152,-0.903911,-0.411364],[0.0521683,0.419245,-0.906373]]],"btipPosition":[71.6662,279.115,34.3441],"carpPosition":[61.7729,319.715,82.206],"dipPosition":[72.6407,286.947,17.4131],"direction":[0.0129804,-0.813156,0.581901],"extended":false,"handId":464,"id":4643,"length":64.4147,"mcpPosition":[66.7479,346.42,25.7778],"pipPosition":[72.2812,309.468,1.29668],"stabilizedTipPosition":[76.6613,271.857,74.1908],"timeVisible":0.560168,"tipPosition":[71.8806,280.949,30.352],"tipVelocity":[-8.67833,-40.7883,-187.034],"tool":false,"touchDistance":0.333333,"touchZone":"none","type":3,"width":18.0732},{"bases":[[[0.979756,-0.127079,0.15469],[0.0314035,0.86069,0.50816],[-0.197717,-0.493015,0.847257]],[[0.939899,-0.198377,0.277914],[0.341359,0.564974,-0.751185],[-0.0079965,0.800906,0.598736]],[[0.939899,-0.198377,0.277914],[0.127708,-0.550611,-0.824935],[0.316671,0.810848,-0.492184]],[[0.939899,-0.198377,0.277914],[-0.0432941,-0.876586,-0.479293],[0.338697,0.438455,-0.832491]]],"btipPosition":[75.2953,293.194,35.2295],"carpPosition":[75.5796,316.337,81.5428],"dipPosition":[81.1321,300.75,20.8831],"direction":[-0.316671,-0.810848,0.492184],"extended":false,"handId":464,"id":4644,"length":50.4999,"mcpPosition":[87.0418,344.919,32.4249],"pipPosition":[87.3245,316.605,11.2586],"stabilizedTipPosition":[80.3972,285.146,77.1495],"timeVisible":0.560168,"tipPosition":[76.7182,295.041,31.3343],"tipVelocity":[1.30238,-40.6635,-186.462],"tool":false,"touchDistance":0.333333,"touchZone":"none","type":4,"width":16.054}],"r":[[0.879792,0.411999,0.237116],[-0.432535,0.900738,0.0398002],[-0.197182,-0.137577,0.970666]],"s":1.11208,"t":[-30.8321,127.504,-172.712],"timestamp":521736223402},false],[6,{"currentFrameRate":108.111,"devices":[],"gestures":[],"hands":[{"armBasis":[[0.842309,0.489372,-0.225901],[-0.319366,0.790757,0.522216],[0.434191,-0.367722,0.82235]],"armWidth":63.7064,"confidence":0.71551,"direction":[-0.0823764,0.517228,-0.851874],"elbow":[179.663,205.904,307.692],"grabStrength":0,"id":464,"palmNormal":[0.320168,-0.795733,-0.514102],"palmPosition":[52.199,327.254,36.7305],"palmVelocity":[16.9396,-24.5781,-168.213],"palmWidth":90.9705,"pinchStrength":0.374137,"r":[[0.881079,0.408015,0.239215],[-0.428614,0.902642,0.0390885],[-0.199977,-0.136971,0.97018]],"s":1.11132,"sphereCenter":[52.4206,299.528,-3.22575],"sphereRadius":48.8179,"stabilizedPalmPosition":[55.0372,310.519,94.2913],"t":[-30.6389,127.288,-173.957],"timeVisible":0.569247,"type":"right","wrist":[62.4562,305.167,85.7048]}],"id":4135685,"interactionBox":{"center":[0,200,0],"size":[235.247,235.247,147.751]},"pointables":[{"bases":[[[0.0773306,0.939446,0.333858],[-0.870577,-0.0995773,0.48185],[0.485917,-0.327911,0.81016]],[[-0.0988807,0.994735,0.0269165],[-0.789667,-0.0948979,0.606152],[0.605515,0.0386817,0.794893]],[[-0.0988807,0.994735,0.0269165],[-0.979085,-0.102087,0.175987],[0.177808,-0.0089518,0.984024]],[[-0.0988807,0.994735,0.0269165],[-0.662474,-0.0456207,-0.747695],[-0.74253,-0.091764,0.663497]]],"btipPosition":[20.3893,286.347,-8.52285],"carpPosition":[39.2957,285.825,80.2165],"dipPosition":[3.01514,284.2,7.00205],"direction":[-0.177808,0.0089518,-0.984024],"extended":true,"handId":464,"id":4640,"length":52.1052,"mcpPosition":[39.2957,285.825,80.2165],"pipPosition":[9.07632,283.895,40.5458],"stabilizedTipPosition":[20.2939,270.765,57.0763],"timeVisible":0.569247,"tipPosition":[16.1535,287.046,-4.87648],"tipVelocity":[32.0234,-43.603,-177.154],"tool":false,"touchDistance":-0.551353,"touchZone":"hovering","type":0,"width":20.2457},{"bases":[[[0.916543,0.397463,-0.0444015],[-0.352178,0.854718,0.381349],[0.189523,-0.333886,0.923364]],[[0.92647,0.376161,0.0125091],[-0.370746,0.906401,0.202448],[0.0648148,-0.1922,0.979213]],[[0.92647,0.376161,0.0125091],[-0.376356,0.925644,0.0392255],[0.00317609,-0.0410491,0.999152]],[[0.92647,0.376161,0.0125091],[-0.373865,0.923625,-0.0845071],[-0.043342,0.0736165,0.996344]]],"btipPosition":[23.7051,342.004,-69.1816],"carpPosition":[39.7656,309.455,81.96],"dipPosition":[22.9647,343.261,-52.1621],"direction":[-0.00317609,0.0410491,-0.999152],"extended":true,"handId":464,"id":4641,"length":58.7949,"mcpPosition":[25.8255,334.014,14.043],"pipPosition":[23.0415,342.269,-28.0174],"stabilizedTipPosition":[20.072,322.554,-3.64432],"timeVisible":0.569247,"tipPosition":[24.0219,342.665,-65.1848],"tipVelocity":[43.1538,-20.9926,-175.355],"tool":false,"touchDistance":-0.566124,"touchZone":"hovering","type":1,"width":19.3387},{"bases":[[[0.980241,0.197128,0.0164009],[-0.187909,0.902072,0.388532],[0.0617958,-0.383937,0.921289]],[[0.980485,0.195554,0.0201737],[-0.100592,0.587211,-0.803159],[-0.168907,0.785456,0.595423]],[[0.980485,0.195554,0.0201737],[0.121817,-0.5238,-0.843086],[-0.154302,0.829091,-0.5374]],[[0.980485,0.195554,0.0201737],[0.18428,-0.878484,-0.440802],[-0.0684785,0.435918,-0.897378]]],"btipPosition":[59.7191,273.115,20.7066],"carpPosition":[50.2165,315.947,81.5245],"dipPosition":[58.4326,281.305,3.84667],"direction":[0.154302,-0.829091,0.5374],"extended":false,"handId":464,"id":4642,"length":66.9921,"mcpPosition":[45.9061,342.728,17.2617],"pipPosition":[54.0457,304.876,-11.4318],"stabilizedTipPosition":[63.2626,268.247,56.9361],"timeVisible":0.569247,"tipPosition":[59.4447,274.85,16.5167],"tipVelocity":[-2.69382,-24.458,-170.656],"tool":false,"touchDistance":0.333333,"touchZone":"none","type":2,"width":18.9931},{"bases":[[[0.990008,0.0699135,0.122461],[-0.115329,0.901152,0.417882],[-0.0811406,-0.427829,0.90021]],[[0.991921,0.0821039,0.0967009],[0.0365498,0.544995,-0.837642],[-0.121475,0.83441,0.537591]],[[0.991921,0.0821039,0.0967009],[0.12652,-0.584972,-0.801125],[-0.0092082,0.806887,-0.590634]],[[0.991921,0.0821039,0.0967009],[0.114634,-0.906602,-0.406119],[0.0543252,0.413923,-0.908689]]],"btipPosition":[71.7255,278.924,34.2602],"carpPosition":[61.9774,319.483,81.319],"dipPosition":[72.7402,286.656,17.2859],"direction":[0.0092082,-0.806887,0.590634],"extended":false,"handId":464,"id":4643,"length":64.4147,"mcpPosition":[67.0589,346.277,24.9419],"pipPosition":[72.4852,309.003,0.927685],"stabilizedTipPosition":[76.6591,271.861,74.1707],"timeVisible":0.569247,"tipPosition":[71.9729,280.76,29.9824],"tipVelocity":[-4.1888,-36.0416,-138.155],"tool":false,"touchDistance":0.333333,"touchZone":"none","type":3,"width":18.0732},{"bases":[[[0.979318,-0.129937,0.155087],[0.0333445,0.859694,0.50972],[-0.199559,-0.494007,0.846247]],[[0.940105,-0.200094,0.27598],[0.34075,0.57434,-0.744327],[-0.00957044,0.793786,0.608122]],[[0.940105,-0.200094,0.27598],[0.128796,-0.541092,-0.831042],[0.315617,0.816812,-0.482912]],[[0.940105,-0.200094,0.27598],[-0.0430374,-0.872789,-0.486197],[0.338157,0.445199,-0.829125]]],"btipPosition":[75.6836,293.003,33.8327],"carpPosition":[75.7756,316.071,80.6585],"dipPosition":[81.5111,300.676,19.5443],"direction":[-0.315617,-0.816812,0.482912],"extended":false,"handId":464,"id":4644,"length":50.4999,"mcpPosition":[87.3445,344.71,31.5993],"pipPosition":[87.6829,316.648,10.1012],"stabilizedTipPosition":[80.396,285.149,77.1332],"timeVisible":0.569247,"tipPosition":[77.0206,294.87,30.1778],"tipVelocity":[12.7061,-34.3995,-177.034],"tool":false,"touchDistance":0.333333,"touchZone":"none","type":4,"width":16.054}],"r":[[0.881079,0.408015,0.239215],[-0.428614,0.902642,0.0390885],[-0.199977,-0.136971,0.97018]],"s":1.11132,"t":[-30.6389,127.288,-173.957],"t