{"sensorType":"Leap","data":[[0,{"currentFrameRate":107.325,"devices":[],"gestures":[],"hands":[{"armBasis":[[0.878549,0.423003,-0.221856],[-0.254779,0.807881,0.531428],[0.404029,-0.410361,0.817536]],"armWidth":63.7005,"confidence":0.842062,"direction":[-0.112825,0.548751,-0.828337],"elbow":[160.708,182.356,312.714],"grabStrength":0,"id":454,"palmNormal":[0.251311,-0.790794,-0.55811],"palmPosition":[39.3226,317.262,44.5489],"palmVelocity":[26.842,-40.7223,-189.34],"palmWidth":90.9622,"pinchStrength":0.404546,"r":[[0.932361,0.312487,0.181807],[-0.316098,0.948679,-0.00953005],[-0.175455,-0.0485835,0.983288]],"s":1.1348,"sphereCenter":[57.89,291.368,3.66189],"sphereRadius":50.7151,"stabilizedPalmPosition":[44.3128,311.437,141.737],"t":[-31.4893,101.565,-177.82],"timeVisible":0.596264,"type":"right","wrist":[51.6535,293.12,92.0468]}],"id":4131691,"interactionBox":{"center":[0,200,0],"size":[235.247,235.247,147.751]},"pointables":[{"bases":[[[0.140033,0.923493,0.357145],[-0.842013,-0.0787152,0.533683],[0.520965,-0.375454,0.76657]],[[-0.0493992,0.996391,0.0690229],[-0.870783,-0.0768128,0.485631],[0.48918,-0.0361141,0.871435]],[[-0.0493992,0.996391,0.0690229],[-0.989612,-0.0581702,0.131467],[0.135007,-0.0618115,0.988915]],[[-0.0493992,0.996391,0.0690229],[-0.826148,-0.00192701,-0.56345],[-0.561284,-0.0848571,0.823261]]],"btipPosition":[11.4752,280.872,-8.98822],"carpPosition":[27.3562,274.977,87.4672],"dipPosition":[-1.65683,278.886,10.2732],"direction":[-0.135007,0.0618115,-0.988915],"extended":false,"handId":454,"id":4540,"length":52.1005,"mcpPosition":[27.3562,274.977,87.4672],"pipPosition":[2.94492,276.779,43.9805],"stabilizedTipPosition":[10.7919,288.486,96.6884],"timeVisible":0.596264,"tipPosition":[8.63734,280.913,-4.14393],"tipVelocity":[23.5822,-25.2902,-203.389],"tool":false,"touchDistance":-0.560126,"touchZone":"hovering","type":0,"width":20.2438},{"bases":[[[0.928718,0.359426,-0.0910844],[-0.288973,0.855538,0.429592],[0.232333,-0.372648,0.898418]],[[0.95465,0.29112,0.062392],[-0.297704,0.936192,0.186862],[-0.00401146,-0.196962,0.980403]],[[0.95465,0.29112,0.062392],[-0.294346,0.95435,0.0507526],[-0.0447687,-0.0668158,0.99676]],[[0.95465,0.29112,0.062392],[-0.288338,0.956226,-0.0499293],[-0.0741963,0.029675,0.996802]]],"btipPosition":[14.4216,335.466,-59.3857],"carpPosition":[28.9877,298.491,89.9084],"dipPosition":[13.1543,335.973,-42.36],"direction":[0.0447687,0.0668158,-0.99676],"extended":true,"handId":454,"id":4541,"length":58.7895,"mcpPosition":[11.9003,325.899,23.8324],"pipPosition":[12.0726,334.358,-18.2752],"stabilizedTipPosition":[10.8539,333.366,55.8972],"timeVisible":0.596264,"tipPosition":[14.2473,334.97,-55.3498],"tipVelocity":[51.8862,-21.062,-193.059],"tool":false,"touchDistance":-0.573969,"touchZone":"hovering","type":1,"width":19.3369},{"bases":[[[0.987132,0.154626,-0.0407588],[-0.122631,0.895598,0.427628],[0.102626,-0.417127,0.903035]],[[0.987812,0.151762,-0.0345672],[-0.117055,0.577944,-0.807638],[-0.102591,0.801841,0.588665]],[[0.987812,0.151762,-0.0345672],[0.0451138,-0.491711,-0.869589],[-0.148968,0.857431,-0.492565]],[[0.987812,0.151762,-0.0345672],[0.111481,-0.844816,-0.523314],[-0.108622,0.513082,-0.851439]]],"btipPosition":[43.7293,260.986,27.6502],"carpPosition":[39.6682,304.544,89.0013],"dipPosition":[41.6886,270.625,11.6548],"direction":[0.148968,-0.857431,0.492565],"extended":false,"handId":454,"id":4542,"length":66.986,"mcpPosition":[32.5104,333.637,26.0175],"pipPosition":[37.4538,295,-2.34768],"stabilizedTipPosition":[49.4295,260.842,112.271],"timeVisible":0.596264,"tipPosition":[43.232,263.074,24.0377],"tipVelocity":[19.1758,-39.6802,-195.307],"tool":false,"touchDistance":0.333333,"touchZone":"none","type":2,"width":18.9914},{"bases":[[[0.997892,0.0235996,0.0604548],[-0.0484573,0.890603,0.452192],[-0.0431697,-0.454169,0.889869]],[[0.998751,0.0377001,0.0327758],[0.0063449,0.555054,-0.83179],[-0.0495509,0.83096,0.554122]],[[0.998751,0.0377001,0.0327758],[0.0478246,-0.532001,-0.845392],[-0.0144346,0.845904,-0.533139]],[[0.998751,0.0377001,0.0327758],[0.0490434,-0.864768,-0.499772],[0.00950198,0.500755,-0.865537]]],"btipPosition":[56.6763,266.127,38.6039],"carpPosition":[51.5375,307.581,88.1474],"dipPosition":[56.8538,275.48,22.4372],"direction":[0.0144346,-0.845904,0.533139],"extended":false,"handId":454,"id":4543,"length":64.4088,"mcpPosition":[54.2408,336.022,32.4231],"pipPosition":[56.454,298.906,7.67268],"stabilizedTipPosition":[62.9727,266.853,120.327],"timeVisible":0.596264,"tipPosition":[56.6883,268.17,34.6645],"tipVelocity":[18.4033,-43.0867,-186.858],"tool":false,"touchDistance":0.333333,"touchZone":"none","type":3,"width":18.0715},{"bases":[[[0.980386,-0.176604,0.0874893],[0.103719,0.839785,0.53292],[-0.167588,-0.513393,0.84163]],[[0.955742,-0.23247,0.18032],[0.284468,0.573791,-0.768012],[0.0750736,0.785316,0.614526]],[[0.955742,-0.23247,0.18032],[0.0470368,-0.484283,-0.873646],[0.290423,0.843462,-0.451914]],[[0.955742,-0.23247,0.18032],[-0.0935667,-0.821254,-0.562839],[0.278932,0.521057,-0.806658]]],"btipPosition":[61.6754,280.14,38.7194],"carpPosition":[65.0994,303.61,86.4929],"dipPosition":[66.4818,289.119,24.8194],"direction":[-0.290423,-0.843462,0.451914],"extended":false,"handId":454,"id":4544,"length":50.4953,"mcpPosition":[74.8141,333.371,37.7057],"pipPosition":[72.1604,305.611,15.9832],"stabilizedTipPosition":[68.755,280.75,125.141],"timeVisible":0.596264,"tipPosition":[62.9217,282.222,35.3909],"tipVelocity":[21.9142,-45.6952,-185.902],"tool":false,"touchDistance":0.333333,"touchZone":"none","type":4,"width":16.0525}],"r":[[0.932361,0.312487,0.181807],[-0.316098,0.948679,-0.00953005],[-0.175455,-0.0485835,0.983288]],"s":1.1348,"t":[-31.4893,101.565,-177.82],"timestamp":521693563755},false],[1,{"currentFrameRate":107.375,"devices":[],"gestures":[],"hands":[{"armBasis":[[0.878393,0.425318,-0.218017],[-0.258491,0.806453,0.531805],[0.402006,-0.410778,0.818323]],"armWidth":63.7005,"confidence":0.847571,"direction":[-0.112308,0.547288,-0.829375],"elbow":[160.382,182.086,311.477],"grabStrength":0,"id":454,"palmNormal":[0.255307,-0.790743,-0.556367],"palmPosition":[39.5948,317.002,43.0337],"palmVelocity":[27.5913,-37.202,-182.323],"palmWidth":90.9622,"pinchStrength":0.403759,"r":[[0.932297,0.311544,0.183744],[-0.315143,0.948991,-0.0100483],[-0.177502,-0.0485377,0.982923]],"s":1.1356,"sphereCenter":[58.3216,291.14,2.23102],"sphereRadius":50.737,"stabilizedPalmPosition":[44.3127,311.437,141.734],"t":[-31.2401,101.224,-179.432],"timeVisible":0.605486,"type":"right","wrist":[51.873,292.962,90.597]}],"id":4131692,"interactionBox":{"center":[0,200,0],"size":[235.247,235.247,147.751]},"pointables":[{"bases":[[[0.13616,0.924405,0.356281],[-0.843203,-0.0806545,0.531511],[0.520067,-0.372788,0.768479]],[[-0.0538591,0.996381,0.0657531],[-0.8719,-0.0790219,0.483266],[0.486713,-0.0313019,0.873001]],[[-0.0538591,0.996381,0.0657531],[-0.989359,-0.0621605,0.131547],[0.135159,-0.0579684,0.989127]],[[-0.0538591,0.996381,0.0657531],[-0.82412,-0.00717174,-0.56637],[-0.563848,-0.0846926,0.821524]]],"btipPosition":[11.9424,280.257,-10.524],"carpPosition":[27.6453,274.737,85.9762],"dipPosition":[-1.24969,278.275,8.69679],"direction":[-0.135159,0.0579684,-0.989127],"extended":false,"handId":454,"id":4540,"length":52.1005,"mcpPosition":[27.6453,274.737,85.9762],"pipPosition":[3.35722,276.299,42.4114],"stabilizedTipPosition":[10.7919,288.486,96.685],"timeVisible":0.605486,"tipPosition":[9.10224,280.339,-5.71607],"tipVelocity":[30.7513,-36.8637,-193.342],"tool":false,"touchDistance":-0.555623,"touchZone":"hovering","type":0,"width":20.2438},{"bases":[[[0.927825,0.362228,-0.0890571],[-0.292824,0.855196,0.42766],[0.231072,-0.370716,0.899542]],[[0.953594,0.293982,0.0650585],[-0.301033,0.935248,0.186253],[-0.00609077,-0.197195,0.980345]],[[0.953594,0.293982,0.0650585],[-0.297415,0.953367,0.0513356],[-0.0469329,-0.0683026,0.99656]],[[0.953594,0.293982,0.0650585],[-0.291235,0.95542,-0.0485168],[-0.0764213,0.027318,0.996701]]],"btipPosition":[14.9026,335.178,-60.9775],"carpPosition":[29.1963,298.26,88.3902],"dipPosition":[13.5973,335.645,-43.9535],"direction":[0.0469329,0.0683026,-0.99656],"extended":true,"handId":454,"id":4541,"length":58.7895,"mcpPosition":[12.2016,325.525,22.2315],"pipPosition":[12.4632,333.994,-19.8736],"stabilizedTipPosition":[10.8541,333.366,55.89],"timeVisible":0.605486,"tipPosition":[14.7191,334.645,-56.9527],"tipVelocity":[51.6944,-24.1819,-187.339],"tool":false,"touchDistance":-0.568789,"touchZone":"hovering","type":1,"width":19.3369},{"bases":[[[0.986747,0.157679,-0.0382989],[-0.126604,0.895777,0.426092],[0.101493,-0.415597,0.903869]],[[0.987383,0.154988,-0.0324525],[-0.116961,0.575676,-0.80927],[-0.106745,0.802855,0.58654]],[[0.987383,0.154988,-0.0324525],[0.0490022,-0.493949,-0.868109],[-0.150576,0.855566,-0.495312]],[[0.987383,0.154988,-0.0324525],[0.115653,-0.845829,-0.520766],[-0.108162,0.510442,-0.853083]]],"btipPosition":[44.2374,260.734,26.306],"carpPosition":[39.8601,304.344,87.5038],"dipPosition":[42.2054,270.323,10.2797],"direction":[0.150576,-0.855566,0.495312],"extended":false,"handId":454,"id":4542,"length":66.986,"mcpPosition":[32.7813,333.331,24.462],"pipPosition":[37.9249,294.645,-3.80085],"stabilizedTipPosition":[49.4294,260.842,112.269],"timeVisible":0.605486,"tipPosition":[43.739,262.812,22.6528],"tipVelocity":[29.3057,-36.5717,-181.634],"tool":false,"touchDistance":0.333333,"touchZone":"none","type":2,"width":18.9914},{"bases":[[[0.997645,0.0268229,0.0631193],[-0.0524823,0.891049,0.450864],[-0.0441489,-0.453115,0.890358]],[[0.998541,0.0410662,0.0350744],[0.00660393,0.551733,-0.833995],[-0.0536007,0.833009,0.550656]],[[0.998541,0.0410662,0.0350744],[0.051637,-0.535741,-0.842802],[-0.0158199,0.843383,-0.53708]],[[0.998541,0.0410662,0.0350744],[0.0530663,-0.866701,-0.495998],[0.0100302,0.497136,-0.867615]]],"btipPosition":[57.1315,265.944,37.4066],"carpPosition":[51.722,307.418,86.678],"dipPosition":[57.3189,275.229,21.201],"direction":[0.0158199,-0.843383,0.53708],"extended":false,"handId":454,"id":4543,"length":64.4088,"mcpPosition":[54.4867,335.793,30.923],"pipPosition":[56.8808,298.586,6.32739],"stabilizedTipPosition":[62.9725,266.853,120.324],"timeVisible":0.605486,"tipPosition":[57.1469,267.973,33.399],"tipVelocity":[27.1509,-37.0489,-171.145],"tool":false,"touchDistance":0.333333,"touchZone":"none","type":3,"width":18.0715},{"bases":[[[0.980696,-0.173399,0.0903752],[0.099634,0.840818,0.53207],[-0.168249,-0.512795,0.841863]],[[0.956043,-0.2291,0.183015],[0.284519,0.573825,-0.767967],[0.0709226,0.786281,0.613785]],[[0.956043,-0.2291,0.183015],[0.0507964,-0.485308,-0.872866],[0.288792,0.843794,-0.452338]],[[0.956043,-0.2291,0.183015],[-0.0894996,-0.822352,-0.561896],[0.279233,0.520817,-0.806709]]],"btipPosition":[62.0885,279.947,37.3138],"carpPosition":[65.3008,303.488,85.0655],"dipPosition":[66.9001,288.921,23.413],"direction":[-0.288792,-0.843794,0.452338],"extended":false,"handId":454,"id":4544,"length":50.4953,"mcpPosition":[75.0538,333.213,36.2648],"pipPosition":[72.5468,305.42,14.5685],"stabilizedTipPosition":[68.7547,280.75,125.137],"timeVisible":0.605486,"tipPosition":[63.3315,282.026,33.9877],"tipVelocity":[28.3655,-38.8014,-176.521],"tool":false,"touchDistance":0.333333,"touchZone":"none","type":4,"width":16.0525}],"r":[[0.932297,0.311544,0.183744],[-0.315143,0.948991,-0.0100483],[-0.177502,-0.0485377,0.982923]],"s":1.1356,"t":[-31.2401,101.224,-179.432],"timestamp":521693572977},false],[2,{"currentFrameRate":107.608,"devices":[],"gestures":[],"hands":[{"armBasis":[[0.880554,0.424006,-0.211762],[-0.260775,0.80654,0.530555],[0.395753,-0.41196,0.820773]],"armWidth":63.7005,"confidence":0.861168,"direction":[-0.111466,0.547694,-0.82922],"elbow":[158.822,181.793,310.747],"grabStrength":0,"id":454,"palmNormal":[0.257458,-0.790016,-0.556408],"palmPosition":[39.7813,317.043,41.6354],"palmVelocity":[25.8122,-25.8652,-175.641],"palmWidth":90.9622,"pinchStrength":0.40546,"r":[[0.932086,0.31102,0.185694],[-0.314633,0.949156,-0.0104544],[-0.179504,-0.0486811,0.982552]],"s":1.13631,"sphereCenter":[58.5899,291.245,0.851956],"sphereRadius":50.7379,"stabilizedPalmPosition":[44.3126,311.438,141.732],"t":[-31.0223,101.074,-180.937],"timeVisible":0.614354,"type":"right","wrist":[52.0011,292.988,89.206]}],"id":4131693,"interactionBox":{"center":[0,200,0],"size":[235.247,235.247,147.751]},"pointables":[{"bases":[[[0.134208,0.924349,0.357165],[-0.84411,-0.0821685,0.529836],[0.519101,-0.372595,0.769225]],[[-0.0563592,0.996311,0.0647218],[-0.872841,-0.0806405,0.481296],[0.48474,-0.0293664,0.874165]],[[-0.0563592,0.996311,0.0647218],[-0.989264,-0.0644798,0.131142],[0.134831,-0.0566359,0.989249]],[[-0.0563592,0.996311,0.0647218],[-0.821678,-0.00946073,-0.569874],[-0.567159,-0.0852981,0.819179]]],"btipPosition":[12.2914,280.124,-11.9812],"carpPosition":[27.8073,274.733,84.5263],"dipPosition":[-0.978069,278.129,7.1847],"direction":[-0.134831,0.0566359,-0.989249],"extended":false,"handId":454,"id":4540,"length":52.1005,"mcpPosition":[27.8073,274.733,84.5263],"pipPosition":[3.61768,276.198,40.9034],"stabilizedTipPosition":[10.7918,288.485,96.6816],"timeVisible":0.614354,"tipPosition":[9.42113,280.235,-7.21165],"tipVelocity":[32.5417,-31.0142,-185.86],"tool":false,"touchDistance":-0.550442,"touchZone":"hovering","type":0,"width":20.2438},{"bases":[[[0.927497,0.363558,-0.0870305],[-0.294816,0.854505,0.427673],[0.229852,-0.371007,0.899734]],[[0.95308,0.295143,0.0673007],[-0.302618,0.93465,0.186687],[-0.00780341,-0.198294,0.980112]],[[0.95308,0.295143,0.0673007],[-0.29877,0.952899,0.0521622],[-0.0487355,-0.0698222,0.996368]],[[0.95308,0.295143,0.0673007],[-0.292423,0.955112,-0.0474224],[-0.0782762,0.0255171,0.996605]]],"btipPosition":[15.2662,335.31,-62.4064],"carpPosition":[29.3214,298.256,86.9592],"dipPosition":[13.9292,335.746,-45.384],"direction":[0.0487355,0.0698222,-0.996368],"extended":true,"handId":454,"id":4541,"length":58.7895,"mcpPosition":[12.4165,325.542,20.7864],"pipPosition":[12.7516,334.059,-21.3087],"stabilizedTipPosition":[10.8544,333.366,55.8829],"timeVisible":0.614354,"tipPosition":[15.0711,334.773,-58.3874],"tipVelocity":[48.5729,-13.802,-180.242],"tool":false,"touchDistance":-0.561681,"touchZone":"hovering","type":1,"width":19.3369},{"bases":[[[0.986602,0.159056,-0.036297],[-0.12865,0.895314,0.426452],[0.100327,-0.416069,0.903782]],[[0.987219,0.156414,-0.0305639],[-0.116334,0.576169,-0.809009],[-0.10893,0.802224,0.587001]],[[0.987219,0.156414,-0.0305639],[0.0512561,-0.493197,-0.868406],[-0.150905,0.85574,-0.494911]],[[0.987219,0.156414,-0.0305639],[0.117791,-0.845287,-0.521168],[-0.107353,0.510906,-0.852907]]],"btipPosition":[44.5366,260.794,24.8687],"carpPosition":[39.9786,304.355,86.0974],"dipPosition":[42.5198,270.392,8.84575],"direction":[0.150905,-0.85574,0.494911],"extended":false,"handId":454,"id":4542,"length":66.986,"mcpPosition":[32.9811,333.375,23.0616],"pipPosition":[38.23,294.719,-5.22343],"stabilizedTipPosition":[49.4293,260.842,112.267],"timeVisible":0.614354,"tipPosition":[44.041,262.876,21.2196],"tipVelocity":[30.6155,-24.7347,-176.307],"tool":false,"touchDistance":0.333333,"touchZone":"none","type":2,"width":18.9914},{"bases":[[[0.997485,0.0281462,0.0650537],[-0.054569,0.890671,0.451362],[-0.0452373,-0.453777,0.889966]],[[0.998417,0.0425106,0.0368212],[0.00726884,0.551683,-0.834022],[-0.0557684,0.83297,0.5505]],[[0.998417,0.0425106,0.0368212],[0.0538944,-0.536087,-0.842441],[-0.0160733,0.843092,-0.53753]],[[0.998417,0.0425106,0.0368212],[0.055182,-0.866887,-0.495441],[0.0108583,0.496689,-0.867861]]],"btipPosition":[57.4039,266.031,36.0736],"carpPosition":[51.8378,307.446,85.2964],"dipPosition":[57.6067,275.309,19.8634],"direction":[0.0160733,-0.843092,0.53753],"extended":false,"handId":454,"id":4543,"length":64.4088,"mcpPosition":[54.6706,335.862,29.566],"pipPosition":[57.1616,298.657,4.97733],"stabilizedTipPosition":[62.9724,266.853,120.322],"timeVisible":0.614354,"tipPosition":[57.4229,268.057,32.0512],"tipVelocity":[28.2247,-24.3834,-165.53],"tool":false,"touchDistance":0.333333,"touchZone":"none","type":3,"width":18.0715},{"bases":[[[0.980758,-0.172117,0.0921421],[0.0974598,0.840593,0.532827],[-0.169162,-0.513594,0.841193]],[[0.95622,-0.227528,0.184047],[0.284389,0.574115,-0.767799],[0.0690314,0.786526,0.613687]],[[0.95622,-0.227528,0.184047],[0.0522908,-0.485944,-0.872424],[0.287938,0.843854,-0.452772]],[[0.95622,-0.227528,0.184047],[-0.0877273,-0.822846,-0.561452],[0.279189,0.520726,-0.806783]]],"btipPosition":[62.35,280.032,36.0078],"carpPosition":[65.4251,303.536,83.7074],"dipPosition":[67.1609,289.005,22.1057],"direction":[-0.287938,-0.843854,0.452772],"extended":false,"handId":454,"id":4544,"length":50.4953,"mcpPosition":[75.231,333.307,34.9455],"pipPosition":[72.7909,305.505,13.2527],"stabilizedTipPosition":[68.7545,280.75,125.134],"timeVisible":0.614354,"tipPosition":[63.5846,282.109,32.6592],"tipVelocity":[28.6648,-25.6707,-168.6],"tool":false,"touchDistance":0.333333,"touchZone":"none","type":4,"width":16.0525}],"r":[[0.932086,0.31102,0.185694],[-0.314633,0.949156,-0.0104544],[-0.179504,-0.0486811,0.982552]],"s":1.13631,"t":[-31.0223,101.074,-180.937],"timestamp":521693581845},false],[3,{"currentFrameRate":107.747,"devices":[],"gestures":[],"hands":[{"armBasis":[[0.881627,0.423216,-0.208857],[-0.261014,0.805948,0.531338],[0.393199,-0.413927,0.821011]],"armWidth":63.7005,"confidence":0.873768,"direction":[-0.110889,0.548134,-0.829007],"elbow":[158.386,181.331,309.771],"grabStrength":0,"id":454,"palmNormal":[0.25778,-0.78974,-0.556652],"palmPosition":[40.0679,317.138,40.5996],"palmVelocity":[27.4451,-15.8489,-158.86],"palmWidth":90.9622,"pinchStrength":0.40773,"r":[[0.931893,0.310571,0.187408],[-0.314213,0.949292,-0.0107207],[-0.181235,-0.0488956,0.982224]],"s":1.13687,"sphereCenter":[58.8294,291.373,-0.169991],"sphereRadius":50.7157,"stabilizedPalmPosition":[44.3125,311.438,141.729],"t":[-30.77,101.046,-182.207],"timeVisible":0.623384,"type":"right","wrist":[52.2551,293.057,88.1657]}],"id":4131694,"interactionBox":{"center":[0,200,0],"size":[235.247,235.247,147.751]},"pointables":[{"bases":[[[0.134026,0.924155,0.357737],[-0.844464,-0.0823971,0.529237],[0.518573,-0.373027,0.769372]],[[-0.0568132,0.996302,0.064462],[-0.873405,-0.0808767,0.480232],[0.483669,-0.029018,0.87477]],[[-0.0568132,0.996302,0.064462],[-0.989197,-0.0649123,0.131439],[0.135137,-0.0562981,0.989226]],[[-0.0568132,0.996302,0.064462],[-0.817149,-0.00930649,-0.576351],[-0.57362,-0.0854194,0.814656]]],"btipPosition":[12.7416,280.172,-12.9705],"carpPosition":[28.0633,274.806,83.4606],"dipPosition":[-0.679083,278.173,6.08956],"direction":[-0.135137,0.0562981,-0.989226],"extended":false,"handId":454,"id":4540,"length":52.1005,"mcpPosition":[28.0633,274.806,83.4606],"pipPosition":[3.9271,276.254,39.8075],"stabilizedTipPosition":[10.7918,288.485,96.6779],"timeVisible":0.623384,"tipPosition":[9.78763,280.28,-8.2648],"tipVelocity":[36.2476,-21.0574,-165.591],"tool":false,"touchDistance":-0.538936,"touchZone":"hovering","type":0,"width":20.2438},{"bases":[[[0.927575,0.36355,-0.0862299],[-0.295049,0.854298,0.427925],[0.229238,-0.371491,0.899691]],[[0.953067,0.294961,0.0682752],[-0.30264,0.934509,0.187357],[-0.00854059,-0.199227,0.979916]],[[0.953067,0.294961,0.0682752],[-0.298706,0.952864,0.0531564],[-0.0493779,-0.0710558,0.996249]],[[0.953067,0.294961,0.0682752],[-0.292313,0.955206,-0.0462141],[-0.0788482,0.0240874,0.996596]]],"btipPosition":[15.624,335.512,-63.4442],"carpPosition":[29.5771,298.328,85.9068],"dipPosition":[14.2772,335.923,-46.422],"direction":[0.0493779,0.0710558,-0.996249],"extended":true,"handId":454,"id":4541,"length":58.7895,"mcpPosition":[12.7173,325.65,19.7371],"pipPosition":[13.0841,334.206,-22.3496],"stabilizedTipPosition":[10.8547,333.366,55.8753],"timeVisible":0.623384,"tipPosition":[15.4223,334.971,-59.4305],"tipVelocity":[46.0402,-4.02294,-162.26],"tool":false,"touchDistance":-0.549415,"touchZone":"hovering","type":1,"width":19.3369},{"bases":[[[0.986635,0.159018,-0.0355644],[-0.12888,0.895099,0.426835],[0.0997084,-0.416547,0.90363]],[[0.987218,0.156505,-0.0301179],[-0.115996,0.575965,-0.809203],[-0.109298,0.802353,0.586757]],[[0.987218,0.156505,-0.0301179],[0.0517803,-0.493682,-0.868099],[-0.150731,0.855444,-0.495476]],[[0.987218,0.156505,-0.0301179],[0.118158,-0.845532,-0.520687],[-0.106956,0.510473,-0.853216]]],"btipPosition":[44.8417,260.91,23.8707],"carpPosition":[40.2352,304.427,85.0552],"dipPosition":[42.8324,270.5,7.84195],"direction":[0.150731,-0.855444,0.495476],"extended":false,"handId":454,"id":4542,"length":66.986,"mcpPosition":[33.2809,333.48,22.03],"pipPosition":[38.5475,294.818,-6.24329],"stabilizedTipPosition":[49.4292,260.842,112.265],"timeVisible":0.623384,"tipPosition":[44.3453,262.991,20.195],"tipVelocity":[31.5409,-14.4633,-158.233],"tool":false,"touchDistance":0.333333,"touchZone":"none","type":2,"width":18.9914},{"bases":[[[0.997443,0.0280551,0.065725],[-0.0548154,0.890438,0.451792],[-0.045849,-0.454239,0.889699]],[[0.998399,0.0425577,0.0372577],[0.00766767,0.550789,-0.83461],[-0.0560402,0.833559,0.54958]],[[0.998399,0.0425577,0.0372577],[0.0543224,-0.537921,-0.841243],[-0.0157596,0.84192,-0.539371]],[[0.998399,0.0425577,0.0372577],[0.0554139,-0.868006,-0.493452],[0.0113398,0.494726,-0.868975]]],"btipPosition":[57.694,266.175,35.1704],"carpPosition":[52.0952,307.518,84.2636],"dipPosition":[57.9058,275.415,18.9394],"direction":[0.0157596,-0.84192,0.539371],"extended":false,"handId":454,"id":4543,"length":64.4088,"mcpPosition":[54.9663,335.963,28.5499],"pipPosition":[57.4693,298.731,4.00235],"stabilizedTipPosition":[62.9722,266.853,120.319],"timeVisible":0.623384,"tipPosition":[57.7161,268.185,31.1054],"tipVelocity":[29.3622,-13.5616,-147.637],"tool":false,"touchDistance":0.333333,"touchZone":"none","type":3,"width":18.0715},{"bases":[[[0.980687,-0.172221,0.0926976],[0.0971569,0.840309,0.533331],[-0.169745,-0.514024,0.840813]],[[0.95638,-0.227155,0.183678],[0.283779,0.573208,-0.768701],[0.0693281,0.787295,0.612667]],[[0.95638,-0.227155,0.183678],[0.0516922,-0.487249,-0.871732],[0.287515,0.843202,-0.454253]],[[0.95638,-0.227155,0.183678],[-0.0878829,-0.823366,-0.560665],[0.278592,0.520067,-0.807414]]],"btipPosition":[62.65,280.126,35.0798],"carpPosition":[65.6833,303.607,82.6814],"dipPosition":[67.4506,289.087,21.1668],"direction":[-0.287515,-0.843202,0.454253],"extended":false,"handId":454,"id":4544,"length":50.4953,"mcpPosition":[75.523,333.404,33.9416],"pipPosition":[73.0723,305.574,12.2848],"stabilizedTipPosition":[68.7543,280.75,125.13],"timeVisible":0.623384,"tipPosition":[63.8741,282.203,31.695],"tipVelocity":[29.8479,-15.8362,-150.549],"tool":false,"touchDistance":0.333333,"touchZone":"none","type":4,"width":16.0525}],"r":[[0.931893,0.310571,0.187408],[-0.314213,0.949292,-0.0107207],[-0.181235,-0.0488956,0.982224]],"s":1.13687,"t":[-30.77,101.046,-182.207],"timestamp":521693590875},false],[4,{"currentFrameRate":107.849,"devices":[],"gestures":[],"hands":[{"armBasis":[[0.883354,0.420719,-0.206595],[-0.259933,0.806515,0.531007],[0.390027,-0.415366,0.821797]],"armWidth":63.7005,"confidence":0.865612,"direction":[-0.110004,0.548462,-0.828908],"elbow":[157.787,180.975,309.271],"grabStrength":0,"id":454,"palmNormal":[0.256669,-0.790008,-0.556785],"palmPosition":[40.3642,317.198,39.8915],"palmVelocity":[28.873,-9.6362,-136.456],"palmWidth":90.9622,"pinchStrength":0.411423,"r":[[0.931824,0.309929,0.188809],[-0.313597,0.949494,-0.0109011],[-0.182652,-0.0490521,0.981953]],"s":1.13716,"sphereCenter":[58.9745,291.419,-0.860945],"sphereRadius":50.6643,"stabilizedPalmPosition":[44.3124,311.438,141.727],"t":[-30.4958,101.062,-183.196],"timeVisible":0.632471,"type":"right","wrist":[52.5114,293.09,87.4539]}],"id":4131695,"interactionBox":{"center":[0,200,0],"size":[235.247,235.247,147.751]},"pointables":[{"bases":[[[0.135353,0.923885,0.357933],[-0.844633,-0.0812591,0.529142],[0.517952,-0.373943,0.769346]],[[-0.0552302,0.996365,0.0648493],[-0.873804,-0.0796587,0.479709],[0.483132,-0.0301711,0.875028]],[[-0.0552302,0.996365,0.0648493],[-0.989212,-0.063428,0.132046],[0.135679,-0.0568568,0.98912]],[[-0.0552302,0.996365,0.0648493],[-0.811183,-0.00690612,-0.584752],[-0.582179,-0.0849006,0.808616]]],"btipPosition":[13.1801,280.305,-13.5561],"carpPosition":[28.2933,274.875,82.7429],"dipPosition":[-0.440782,278.319,5.36261],"direction":[-0.135679,0.0568568,-0.98912],"extended":false,"handId":454,"id":4540,"length":52.1005,"mcpPosition":[28.2933,274.875,82.7429],"pipPosition":[4.18387,276.381,39.077],"stabilizedTipPosition":[10.7917,288.485,96.6736],"timeVisible":0.632471,"tipPosition":[10.1146,280.373,-8.93554],"tipVelocity":[38.1703,-11.0743,-138.582],"tool":false,"touchDistance":-0.522648,"touchZone":"hovering","type":0,"width":20.2438},{"bases":[[[0.928117,0.362201,-0.0860711],[-0.293831,0.854647,0.428068],[0.228607,-0.372007,0.899639]],[[0.953495,0.293535,0.0684418],[-0.301276,0.934912,0.187542],[-0.00893689,-0.19944,0.979869]],[[0.953495,0.293535,0.0684418],[-0.297304,0.95329,0.0533799],[-0.0495759,-0.0712454,0.996226]],[[0.953495,0.293535,0.0684418],[-0.290899,0.955649,-0.0459661],[-0.078899,0.0239188,0.996596]]],"btipPosition":[15.9574,335.633,-64.1507],"carpPosition":[29.8415,298.394,85.1939],"dipPosition":[14.6098,336.041,-47.1284],"direction":[0.0495759,0.0712454,-0.996226],"extended":true,"handId":454,"id":4541,"length":58.7895,"mcpPosition":[13.0281,325.754,19.0281],"pipPosition":[13.4119,334.32,-23.0566],"stabilizedTipPosition":[10.855,333.366,55.8668],"timeVisible":0.632471,"tipPosition":[15.7534,335.096,-60.1381],"tipVelocity":[43.447,0.754757,-138.862],"tool":false,"touchDistance":-0.533403,"touchZone":"hovering","type":1,"width":19.3369},{"bases":[[[0.986871,0.157573,-0.0354409],[-0.127602,0.895203,0.427001],[0.0990107,-0.416873,0.903556]],[[0.987436,0.155119,-0.0301283],[-0.11521,0.576231,-0.809126],[-0.10815,0.802431,0.586862]],[[0.987436,0.155119,-0.0301283],[0.0510935,-0.493842,-0.868049],[-0.14953,0.855604,-0.495563]],[[0.987436,0.155119,-0.0301283],[0.116986,-0.845793,-0.520527],[-0.106226,0.510463,-0.853314]]],"btipPosition":[45.0606,260.975,23.1644],"carpPosition":[40.5086,304.478,84.3445],"dipPosition":[43.065,270.565,7.1338],"direction":[0.14953,-0.855604,0.495563],"extended":false,"handId":454,"id":4542,"length":66.986,"mcpPosition":[33.6029,333.553,21.3244],"pipPosition":[38.8142,294.888,-6.95392],"stabilizedTipPosition":[49.4291,260.842,112.263],"timeVisible":0.632471,"tipPosition":[44.5664,263.055,19.4834],"tipVelocity":[29.575,-8.46686,-135.96],"tool":false,"touchDistance":0.333333,"touchZone":"none","type":2,"width":18.9914},{"bases":[[[0.997477,0.0265736,0.0658234],[-0.0535467,0.890428,0.451964],[-0.0466007,-0.454348,0.889604]],[[0.998462,0.0412182,0.0370883],[0.00838269,0.548986,-0.83579],[-0.0548106,0.834815,0.547796]],[[0.998462,0.0412182,0.0370883],[0.0535139,-0.541211,-0.839182],[-0.014517,0.839876,-0.542584]],[[0.998462,0.0412182,0.0370883],[0.0541186,-0.870018,-0.490041],[0.0120689,0.491294,-0.87091]]],"btipPosition":[57.9161,266.28,34.6723],"carpPosition":[52.3732,307.551,83.5547],"dipPosition":[58.1415,275.456,18.4051],"direction":[0.014517,-0.839876,0.542584],"extended":false,"handId":454,"id":4543,"length":64.4088,"mcpPosition":[55.2913,336.003,27.8469],"pipPosition":[57.7395,298.715,3.37906],"stabilizedTipPosition":[62.9721,266.853,120.317],"timeVisible":0.632471,"tipPosition":[57.9432,268.265,30.5424],"tipVelocity":[28.0965,-7.05756,-122.196],"tool":false,"touchDistance":0.333333,"touchZone":"none","type":3,"width":18.0715},{"bases":[[[0.980424,-0.173683,0.0927546],[0.098344,0.840059,0.533507],[-0.17058,-0.513941,0.840694]],[[0.95611,-0.228453,0.183477],[0.28441,0.572991,-0.76863],[0.070465,0.787077,0.612817]],[[0.95611,-0.228453,0.183477],[0.0508654,-0.487265,-0.871772],[0.288561,0.842842,-0.454258]],[[0.95611,-0.228453,0.183477],[-0.089102,-0.823215,-0.560694],[0.279133,0.519737,-0.807439]]],"btipPosition":[62.9009,280.155,34.3734],"carpPosition":[65.9556,303.621,81.973],"dipPosition":[67.7108,289.111,20.46],"direction":[-0.288561,-0.842842,0.454258],"extended":false,"handId":454,"id":4544,"length":50.4953,"mcpPosition":[75.8438,333.413,33.24],"pipPosition":[73.3529,305.591,11.5779],"stabilizedTipPosition":[68.7541,280.75,125.127],"timeVisible":0.632471,"tipPosition":[64.1224,282.23,30.9888],"tipVelocity":[29.2921,-10.5952,-130.395],"tool":false,"touchDistance":0.333333,"touchZone":"none","type":4,"width":16.0525}],"r":[[0.931824,0.309929,0.188809],[-0.313597,0.949494,-0.0109011],[-0.182652,-0.0490521,0.981953]],"s":1.13716,"t":[-30.4958,101.062,-183.196],"timestamp":521693599962},false],[5,{"currentFrameRate":107.947,"devices":[],"gestures":[],"hands":[{"armBasis":[[0.887092,0.414817,-0.202469],[-0.2587,0.810062,0.526188],[0.382284,-0.414398,0.825913]],"armWidth":63.7005,"confidence":0.875582,"direction":[-0.108583,0.546057,-0.830681],"elbow":[155.969,181.187,309.113],"grabStrength":0,"id":454,"palmNormal":[0.255222,-0.792299,-0.554187],"palmPosition":[40.7028,317.022,38.5415],"palmVelocity":[31.1961,-12.3195,-139.808],"palmWidth":90.9622,"pinchStrength":0.412679,"r":[[0.931882,0.309149,0.189798],[-0.312709,0.949777,-0.0116687],[-0.183873,-0.0484778,0.981754]],"s":1.13703,"sphereCenter":[59.2286,291.077,-2.11203],"sphereRadius":50.618,"stabilizedPalmPosition":[44.3123,311.438,141.725],"t":[-30.1893,100.982,-184.366],"timeVisible":0.641558,"type":"right","wrist":[52.7837,293.04,86.1844]}],"id":4131696,"interactionBox":{"center":[0,200,0],"size":[235.247,235.247,147.751]},"pointables":[{"bases":[[[0.137144,0.924733,0.35505],[-0.844982,-0.0778315,0.529101],[0.516912,-0.372573,0.770708]],[[-0.0515878,0.996602,0.0642149],[-0.874575,-0.0761272,0.478877],[0.482139,-0.0314565,0.87553]],[[-0.0515878,0.996602,0.0642149],[-0.989337,-0.0597694,0.132812],[0.136198,-0.0566787,0.989059]],[[-0.0515878,0.996602,0.0642149],[-0.805539,-0.00351853,-0.592533],[-0.590293,-0.0822951,0.802983]]],"btipPosition":[13.6381,280.288,-14.6676],"carpPosition":[28.5295,274.861,81.5226],"dipPosition":[-0.172665,278.362,4.11937],"direction":[-0.136198,0.0566787,-0.989059],"extended":false,"handId":454,"id":4540,"length":52.1005,"mcpPosition":[28.5295,274.861,81.5226],"pipPosition":[4.46968,276.43,37.8316],"stabilizedTipPosition":[10.7917,288.484,96.6683],"timeVisible":0.641558,"tipPosition":[10.4735,280.227,-10.1327],"tipVelocity":[40.225,-8.10992,-135.001],"tool":false,"touchDistance":-0.515842,"touchZone":"touching","type":0,"width":20.2438},{"bases":[[[0.928895,0.360004,-0.0868943],[-0.292207,0.856607,0.425253],[0.227527,-0.369625,0.900893]],[[0.954081,0.291753,0.0678923],[-0.299391,0.936104,0.18459],[-0.00969961,-0.19644,0.980468]],[[0.954081,0.291753,0.0678923],[-0.295339,0.954057,0.0504926],[-0.0500417,-0.0682252,0.996414]],[[0.954081,0.291753,0.0678923],[-0.288904,0.956115,-0.0487777],[-0.0791438,0.0269235,0.9965]]],"btipPosition":[16.3692,335.194,-65.5658],"carpPosition":[30.1256,298.384,83.8996],"dipPosition":[15.0174,335.654,-48.5453],"direction":[0.0500417,0.0682252,-0.996414],"extended":true,"handId":454,"id":4541,"length":58.7895,"mcpPosition":[13.3916,325.569,17.6415],"pipPosition":[13.8082,334.006,-24.4689],"stabilizedTipPosition":[10.8555,333.366,55.8573],"timeVisible":0.641558,"tipPosition":[16.1612,334.674,-61.5539],"tipVelocity":[43.9347,-12.4504,-143.545],"tool":false,"touchDistance":-0.52963,"touchZone":"touching","type":1,"width":19.3369},{"bases":[[[0.987208,0.155416,-0.035595],[-0.125893,0.896814,0.424116],[0.0978365,-0.41421,0.904908]],[[0.987747,0.153064,-0.0304614],[-0.113924,0.573758,-0.811063],[-0.106667,0.804595,0.584165]],[[0.987747,0.153064,-0.0304614],[0.0503446,-0.497255,-0.866142],[-0.147722,0.853996,-0.498868]],[[0.987747,0.153064,-0.0304614],[0.115475,-0.848094,-0.517109],[-0.104985,0.507255,-0.855378]]],"btipPosition":[45.2933,260.756,22.023],"carpPosition":[40.8056,304.443,83.0347],"dipPosition":[43.3211,270.286,5.95364],"direction":[0.147722,-0.853996,0.498868],"extended":false,"handId":454,"id":4542,"length":66.986,"mcpPosition":[33.9818,333.333,19.9203],"pipPosition":[39.1217,294.563,-8.22804],"stabilizedTipPosition":[49.429,260.842,112.261],"timeVisible":0.641558,"tipPosition":[44.8035,262.82,18.3227],"tipVelocity":[28.6406,-13.2149,-133.365],"tool":false,"touchDistance":0.333333,"touchZone":"none","type":2,"width":18.9914},{"bases":[[[0.997508,0.0247165,0.0660879],[-0.0518569,0.891965,0.44912],[-0.0478474,-0.451428,0.891024]],[[0.998535,0.0393446,0.0371546],[0.00951106,0.548298,-0.836229],[-0.0532729,0.835357,0.54712]],[[0.998535,0.0393446,0.0371546],[0.0525704,-0.542384,-0.838484],[-0.0128378,0.839209,-0.543658]],[[0.998535,0.0393446,0.0371546],[0.0524888,-0.871229,-0.488062],[0.0131675,0.489297,-0.872018]]],"btipPosition":[58.1621,266.066,33.3485],"carpPosition":[52.6768,307.489,82.2392],"dipPosition":[58.408,275.205,17.0607],"direction":[0.0128378,-0.839209,0.543658],"extended":false,"handId":454,"id":4543,"length":64.4088,"mcpPosition":[55.673,335.758,26.4425],"pipPosition":[58.0525,298.446,2.00488],"stabilizedTipPosition":[62.9719,266.853,120.314],"timeVisible":0.641558,"tipPosition":[58.1909,268.042,29.2866],"tipVelocity":[27.9561,-11.8641,-128.841],"tool":false,"touchDistance":0.333333,"touchZone":"none","type":3,"width":18.0715},{"bases":[[[0.98003,-0.175418,0.0936478],[0.0999012,0.841541,0.530875],[-0.171934,-0.510918,0.84226]],[[0.955681,-0.229656,0.184208],[0.285537,0.570624,-0.769972],[0.0717154,0.788446,0.610909]],[[0.955681,-0.229656,0.184208],[0.0500612,-0.489818,-0.870386],[0.290118,0.841033,-0.456612]],[[0.955681,-0.229656,0.184208],[-0.0906249,-0.824795,-0.558123],[0.28011,0.516693,-0.809053]]],"btipPosition":[63.1838,279.924,33.1257],"carpPosition":[66.2516,303.526,80.6748],"dipPosition":[68.0105,288.828,19.1845],"direction":[-0.290118,-0.841033,0.456612],"extended":false,"handId":454,"id":4544,"length":50.4953,"mcpPosition":[76.2182,333.142,31.8511],"pipPosition":[73.6832,305.272,10.2564],"stabilizedTipPosition":[68.754,280.75,125.123],"timeVisible":0.641558,"tipPosition":[64.3995,281.982,29.7484],"tipVelocity":[29.9208,-15.0636,-132.502],"tool":false,"touchDistance":0.333333,"touchZone":"none","type":4,"width":16.0525}],"r":[[0.931882,0.309149,0.189798],[-0.312709,0.949777,-0.0116687],[-0.183873,-0.0484778,0.981754]],"s":1.13703,"t":[-30.1893,100.982,-184.366],"timestamp":521693609049},false],[6,{"currentFrameRate":108.024,"devices":[],"gestures":[],"hands":[{"armBasis":[[0.888228,0.41049,-0.206277],[-0.254305,0.813273,0.52337],[0.382597,-0.412414,0.826761]],"armWidth":63.7005,"confidence":0.885295,"direction":[-0.105662,0.544515,-0.832069],"elbow":[156.313,181.542,307.969],"grabStrength":0,"id":454,"palmNormal":[0.250836,-0.7951,-0.552175],"palmPosition":[41.0897,316.785,37.1088],"palmVelocity":[34.3158,-16.1075,-144.615],"palmWidth":90.9622,"pinchStrength":0.409873,"r":[[0.932267,0.307602,0.190419],[-0.310957,0.950338,-0.0127639],[-0.184888,-0.0473126,0.98162]],"s":1.1366,"sphereCenter":[59.4522,290.622,-3.4546],"sphereRadius":50.5692,"stabilizedPalmPosition":[44.3122,311.438,141.722],"t":[-29.8426,100.824,-185.667],"timeVisible":0.650676,"type":"right","wrist":[53.0432,292.859,84.8121]}],"id":4131697,"interactionBox":{"center":[0,200,0],"size":[235.247,235.247,147.751]},"pointables":[{"bases":[[[0.142233,0.924874,0.352672],[-0.845351,-0.0718505,0.529358],[0.514929,-0.373423,0.771624]],[[-0.0405983,0.996689,0.0704491],[-0.875651,-0.0694493,0.477926],[0.481236,-0.0422859,0.875571]],[[-0.0405983,0.996689,0.0704491],[-0.989788,-0.0497592,0.133581],[0.136645,-0.0643065,0.988531]],[[-0.0405983,0.996689,0.0704491],[-0.797485,0.0101557,-0.603253],[-0.601971,-0.0806732,0.794432]]],"btipPosition":[14.1011,280.991,-15.7756],"carpPosition":[28.6894,274.801,80.1986],"dipPosition":[0.0170813,279.103,2.81134],"direction":[-0.136645,0.0643065,-0.988531],"extended":false,"handId":454,"id":4540,"length":52.1005,"mcpPosition":[28.6894,274.801,80.1986],"pipPosition":[4.67464,276.911,36.5056],"stabilizedTipPosition":[10.7917,288.484,96.6615],"timeVisible":0.650676,"tipPosition":[10.8021,280.563,-11.3665],"tipVelocity":[41.2407,15.8169,-132.658],"tool":false,"touchDistance":-0.509901,"touchZone":"touching","type":0,"width":20.2438},{"bases":[[[0.930845,0.35469,-0.0878801],[-0.287478,0.859279,0.423079],[0.225576,-0.368558,0.901821]],[[0.955676,0.286653,0.0671777],[-0.294223,0.938179,0.182356],[-0.0107519,-0.194038,0.980935]],[[0.955676,0.286653,0.0671777],[-0.290086,0.955775,0.0484176],[-0.0503278,-0.0657589,0.996566]],[[0.955676,0.286653,0.0671777],[-0.28366,0.957583,-0.0507164],[-0.0788663,0.0294129,0.996451]]],"btipPosition":[16.8489,334.848,-67.0413],"carpPosition":[30.4144,298.321,82.5153],"dipPosition":[15.5019,335.351,-50.0215],"direction":[0.0503278,0.0657589,-0.996566],"extended":true,"handId":454,"id":4541,"length":58.7895,"mcpPosition":[13.824,325.428,16.1889],"pipPosition":[14.2858,333.762,-25.9415],"stabilizedTipPosition":[10.856,333.367,55.8461],"timeVisible":0.650676,"tipPosition":[16.6358,334.342,-63.0306],"tipVelocity":[46.3769,-19.2358,-148.624],"tool":false,"touchDistance":-0.527135,"touchZone":"touching","type":1,"width":19.3369},{"bases":[[[0.988041,0.149918,-0.0360614],[-0.120947,0.898573,0.421828],[0.0956434,-0.412422,0.905958]],[[0.988528,0.147754,-0.0313118],[-0.111188,0.57161,-0.812957],[-0.10222,0.807113,0.581481]],[[0.988528,0.147754,-0.0313118],[0.0475768,-0.501386,-0.863915],[-0.143346,0.852515,-0.502664]],[[0.988528,0.147754,-0.0313118],[0.110964,-0.851125,-0.513101],[-0.102463,0.50374,-0.857757]]],"btipPosition":[45.382,260.495,20.831],"carpPosition":[41.1274,304.32,81.6341],"dipPosition":[43.4571,269.959,4.71699],"direction":[0.143346,-0.852515,0.502664],"extended":false,"handId":454,"id":4542,"length":66.986,"mcpPosition":[34.4566,333.085,18.4465],"pipPosition":[39.3821,294.194,-9.57259],"stabilizedTipPosition":[49.4289,260.842,112.259],"timeVisible":0.650676,"tipPosition":[44.9001,262.537,17.0854],"tipVelocity":[23.7205,-17.9579,-132.945],"tool":false,"touchDistance":0.333333,"touchZone":"none","type":2,"width":18.9914},{"bases":[[[0.997633,0.019425,0.0659551],[-0.0469363,0.893382,0.446839],[-0.0502432,-0.448877,0.89218]],[[0.998739,0.0339829,0.036965],[0.012421,0.546092,-0.837633],[-0.0486515,0.837035,0.544981]],[[0.998739,0.0339829,0.036965],[0.0495214,-0.544961,-0.836998],[-0.00829912,0.837772,-0.545957]],[[0.998739,0.0339829,0.036965],[0.0476732,-0.872883,-0.485595],[0.0157642,0.486745,-0.873402]]],"btipPosition":[58.2697,265.729,32.0519],"carpPosition":[53.015,307.299,80.83],"dipPosition":[58.5642,274.82,15.7383],"direction":[0.00829912,-0.837772,0.545957],"extended":false,"handId":454,"id":4543,"length":64.4088,"mcpPosition":[56.1613,335.408,24.9609],"pipPosition":[58.3343,298.021,0.618819],"stabilizedTipPosition":[62.9718,266.853,120.312],"timeVisible":0.650676,"tipPosition":[58.3092,267.692,27.9858],"tipVelocity":[23.8109,-19.1807,-132.73],"tool":false,"touchDistance":0.333333,"touchZone":"none","type":3,"width":18.0715},{"bases":[[[0.979063,-0.18054,0.0940285],[0.10455,0.842338,0.528712],[-0.174657,-0.507812,0.843577]],[[0.954542,-0.234207,0.18438],[0.288177,0.567026,-0.771645],[0.0761767,0.789702,0.608743]],[[0.954542,-0.234207,0.18438],[0.0469688,-0.492657,-0.868955],[0.294351,0.838114,-0.459262]],[[0.954542,-0.234207,0.18438],[-0.0953303,-0.825949,-0.555627],[0.28242,0.512792,-0.81073]]],"btipPosition":[63.3776,279.555,31.8066],"carpPosition":[66.5678,303.257,79.2748],"dipPosition":[68.2441,288.392,17.8365],"direction":[-0.294351,-0.838114,0.459262],"extended":false,"handId":454,"id":4544,"length":50.4953,"mcpPosition":[76.6922,332.694,30.3747],"pipPosition":[73.9995,304.779,8.85663],"stabilizedTipPosition":[68.7538,280.75,125.119],"timeVisible":0.650676,"tipPosition":[64.5969,281.596,28.4187],"tipVelocity":[27.7929,-22.5775,-136.083],"tool":false,"touchDistance":0.333333,"touchZone":"none","type":4,"width":16.0525}],"r":[[0.932267,0.307602,0