{"sensorType":"Leap","data":[[0,{"currentFrameRate":109.511,"devices":[],"gestures":[],"hands":[{"armBasis":[[0.922296,0.225842,-0.313632],[-0.0722274,0.897924,0.434183],[0.379675,-0.377793,0.844464]],"armWidth":63.7064,"confidence":0.784299,"direction":[-0.226559,0.510685,-0.82938],"elbow":[163.374,194.118,311.933],"grabStrength":0,"id":465,"palmNormal":[0.0465222,-0.844876,-0.532935],"palmPosition":[41.4391,318.808,38.1754],"palmVelocity":[16.677,27.3482,-117.632],"palmWidth":90.9705,"pinchStrength":0.54384,"r":[[0.973684,0.226082,0.0287561],[-0.211853,0.944391,-0.251484],[-0.0840131,0.238774,0.967434]],"s":1.40254,"sphereCenter":[71.8237,285.857,-15.2924],"sphereRadius":67.8124,"stabilizedPalmPosition":[37.5113,278.228,123.099],"t":[-13.6521,113.804,-177.509],"timeVisible":0.90376,"type":"right","wrist":[60.8842,296.101,83.9764]}],"id":4136124,"interactionBox":{"center":[0,200,0],"size":[235.247,235.247,147.751]},"pointables":[{"bases":[[[0.305667,0.919444,0.247368],[-0.71536,0.0503136,0.696942],[0.628353,-0.38999,0.673113]],[[0.0868599,0.996071,0.017247],[-0.859474,0.0661717,0.506878],[0.503745,-0.0588508,0.861845]],[[0.0868599,0.996071,0.017247],[-0.949097,0.0774772,0.305307],[0.302771,-0.042888,0.952098]],[[0.0868599,0.996071,0.017247],[-0.910767,0.0864126,-0.403777],[-0.403681,0.019364,0.914695]]],"btipPosition":[8.41668,284.636,-11.0321],"carpPosition":[34.4324,280.69,85.8379],"dipPosition":[-1.02889,285.089,10.3705],"direction":[-0.302771,0.042888,-0.952098],"extended":false,"handId":465,"id":4650,"length":52.1052,"mcpPosition":[34.4324,280.69,85.8379],"pipPosition":[9.29206,283.627,42.8259],"stabilizedTipPosition":[-3.72502,232.281,98.5548],"timeVisible":0.90376,"tipPosition":[6.0737,285.425,-6.28874],"tipVelocity":[13.4458,38.2384,-123.694],"tool":false,"touchDistance":-0.453912,"touchZone":"touching","type":0,"width":20.2457},{"bases":[[[0.921035,0.242809,-0.30453],[-0.10337,0.90624,0.409931],[0.375513,-0.346081,0.859778]],[[0.969293,0.184236,-0.162873],[-0.133948,0.95102,0.278602],[0.206224,-0.248231,0.946495]],[[0.969293,0.184236,-0.162873],[-0.218371,0.949427,-0.225615],[0.11307,0.254254,0.960505]],[[0.969293,0.184236,-0.162873],[-0.245471,0.764385,-0.596205],[0.0146556,0.617878,0.786138]]],"btipPosition":[-0.516928,323.374,-54.503],"carpPosition":[38.9442,303.954,86.0316],"dipPosition":[-0.266583,333.928,-41.0742],"direction":[-0.11307,-0.254254,-0.960505],"extended":true,"handId":465,"id":4651,"length":58.7949,"mcpPosition":[11.3238,329.41,22.7916],"pipPosition":[2.46578,340.072,-17.8634],"stabilizedTipPosition":[-14.4955,288.992,27.5338],"timeVisible":0.90376,"tipPosition":[-1.13376,326.168,-51.3093],"tipVelocity":[26.3773,50.331,-120.447],"tool":false,"touchDistance":-0.45534,"touchZone":"touching","type":1,"width":19.3387},{"bases":[[[0.967337,0.0357464,-0.250963],[0.0620999,0.926425,0.371321],[0.245772,-0.374778,0.893945]],[[0.990099,-0.010255,-0.139999],[0.0475262,0.962916,0.265581],[0.132084,-0.269605,0.95387]],[[0.990099,-0.010255,-0.139999],[-0.00686452,0.992598,-0.121255],[0.140206,0.121016,0.982699]],[[0.990099,-0.010255,-0.139999],[-0.0485173,0.910864,-0.409844],[0.131723,0.412579,0.901348]]],"btipPosition":[19.7943,336.6,-70.6812],"carpPosition":[49.7637,308.658,82.5143],"dipPosition":[22.2691,344.351,-53.7467],"direction":[-0.140206,-0.121016,-0.982699],"extended":true,"handId":465,"id":4652,"length":66.9921,"mcpPosition":[32.6203,334.799,20.1588],"pipPosition":[26.2552,347.792,-25.8082],"stabilizedTipPosition":[7.19849,310.353,-6.61426],"timeVisible":0.90376,"tipPosition":[20.6421,337.858,-66.7911],"tipVelocity":[23.1113,43.7047,-115.416],"tool":false,"touchDistance":-0.448072,"touchZone":"hovering","type":2,"width":18.9931},{"bases":[[[0.985508,-0.0897351,-0.143949],[0.138856,0.914193,0.38075],[0.0974303,-0.395221,0.913405]],[[0.979214,-0.0693457,-0.190609],[-0.0655807,0.781021,-0.621051],[0.191937,0.620642,0.760239]],[[0.979214,-0.0693457,-0.190609],[-0.181467,0.120293,-0.976012],[0.0906112,0.990313,0.105209]],[[0.979214,-0.0693457,-0.190609],[-0.20247,-0.278068,-0.93898],[0.012112,0.958055,-0.286328]]],"btipPosition":[44.0296,261.939,-9.68062],"carpPosition":[61.4409,310.236,79.048],"dipPosition":[44.2558,279.835,-15.0292],"direction":[-0.0906112,-0.990313,-0.105209],"extended":false,"handId":465,"id":4653,"length":64.4147,"mcpPosition":[55.3392,334.987,21.8445],"pipPosition":[46.7654,307.263,-12.1154],"stabilizedTipPosition":[37.2281,230.07,62.6694],"timeVisible":0.90376,"tipPosition":[43.8375,266.519,-12.4448],"tipVelocity":[18.7157,14.4751,-50.0023],"tool":false,"touchDistance":-0.395232,"touchZone":"hovering","type":3,"width":18.0732},{"bases":[[[0.95358,-0.284684,-0.0981837],[0.298507,0.850574,0.432917],[-0.039732,-0.44213,0.896071]],[[0.952795,-0.239228,-0.186952],[0.0647588,0.761715,-0.644668],[0.296627,0.60213,0.741251]],[[0.952795,-0.239228,-0.186952],[-0.161925,0.120483,-0.97942],[0.256829,0.963459,0.076059]],[[0.952795,-0.239228,-0.186952],[-0.246508,-0.250074,-0.936321],[0.177243,0.938207,-0.297241]]],"btipPosition":[57.6179,273.958,0.496453],"carpPosition":[73.8774,304.621,75.0135],"dipPosition":[60.6724,290.126,-4.62593],"direction":[-0.256829,-0.963459,-0.076059],"extended":false,"handId":465,"id":4654,"length":50.4999,"mcpPosition":[76.1808,330.252,23.0658],"pipPosition":[65.6946,308.966,-3.13863],"stabilizedTipPosition":[52.3773,240.961,75.3458],"timeVisible":0.90376,"tipPosition":[58.2052,277.963,-1.83608],"tipVelocity":[11.4495,22.4444,-95.5953],"tool":false,"touchDistance":-0.411799,"touchZone":"hovering","type":4,"width":16.054}],"r":[[0.973684,0.226082,0.0287561],[-0.211853,0.944391,-0.251484],[-0.0840131,0.238774,0.967434]],"s":1.40254,"t":[-13.6521,113.804,-177.509],"timestamp":521741278224},false],[1,{"currentFrameRate":109.418,"devices":[],"gestures":[],"hands":[{"armBasis":[[0.922177,0.232324,-0.309218],[-0.0797299,0.896508,0.435794],[0.378462,-0.377225,0.845262]],"armWidth":63.7064,"confidence":0.785457,"direction":[-0.225957,0.510097,-0.829906],"elbow":[162.944,194.445,311.139],"grabStrength":0,"id":465,"palmNormal":[0.0544016,-0.844002,-0.533573],"palmPosition":[41.4044,318.906,37.0988],"palmVelocity":[10.914,22.5751,-117.081],"palmWidth":90.9705,"pinchStrength":0.53871,"r":[[0.973779,0.22542,0.0306698],[-0.210814,0.944807,-0.250793],[-0.0855107,0.237751,0.967555]],"s":1.40581,"sphereCenter":[71.9754,286.299,-16.1603],"sphereRadius":67.6094,"stabilizedPalmPosition":[37.5118,278.233,123.089],"t":[-13.6128,113.981,-178.582],"timeVisible":0.913066,"type":"right","wrist":[60.7809,296.274,82.9668]}],"id":4136125,"interactionBox":{"center":[0,200,0],"size":[235.247,235.247,147.751]},"pointables":[{"bases":[[[0.298629,0.921118,0.249727],[-0.718902,0.0450121,0.693652],[0.627694,-0.386673,0.675635]],[[0.0798807,0.99664,0.0181151],[-0.862233,0.0599663,0.502949],[0.500173,-0.0557954,0.864126]],[[0.0798807,0.99664,0.0181151],[-0.950869,0.0707338,0.301403],[0.299109,-0.0413014,0.953325]],[[0.0798807,0.99664,0.0181151],[-0.908305,0.0802626,-0.410536],[-0.41061,0.0163398,0.911665]]],"btipPosition":[8.86936,284.503,-12.2654],"carpPosition":[34.4199,280.693,84.6894],"dipPosition":[-0.738337,284.885,9.06628],"direction":[-0.299109,0.0413014,-0.953325],"extended":false,"handId":465,"id":4650,"length":52.1052,"mcpPosition":[34.4199,280.693,84.6894],"pipPosition":[9.45779,283.477,41.5635],"stabilizedTipPosition":[-3.72358,232.289,98.5401],"timeVisible":0.913066,"tipPosition":[6.4829,285.274,-7.54003],"tipVelocity":[22.2561,22.922,-126.684],"tool":false,"touchDistance":-0.455599,"touchZone":"touching","type":0,"width":20.2457},{"bases":[[[0.920871,0.249007,-0.299988],[-0.111067,0.905131,0.410368],[0.373712,-0.344577,0.861165]],[[0.96885,0.190583,-0.15814],[-0.141315,0.949852,0.278948],[0.203372,-0.247911,0.947196]],[[0.96885,0.190583,-0.15814],[-0.223368,0.948247,-0.225686],[0.106943,0.25398,0.961279]],[[0.96885,0.190583,-0.15814],[-0.24755,0.763401,-0.596605],[0.00702116,0.617168,0.7868]]],"btipPosition":[-0.14586,323.299,-55.769],"carpPosition":[38.7819,303.986,84.9278],"dipPosition":[-0.025925,333.842,-42.3289],"direction":[-0.106943,-0.25398,-0.961279],"extended":true,"handId":465,"id":4651,"length":58.7949,"mcpPosition":[11.2939,329.331,21.5857],"pipPosition":[2.55839,339.979,-19.0994],"stabilizedTipPosition":[-14.4662,289.067,27.3706],"timeVisible":0.913066,"tipPosition":[-0.791724,326.084,-52.5763],"tipVelocity":[29.2792,33.7775,-124.773],"tool":false,"touchDistance":-0.45709,"touchZone":"touching","type":1,"width":19.3387},{"bases":[[[0.968246,0.042188,-0.246416],[0.0544478,0.926413,0.37255],[0.244,-0.374137,0.894698]],[[0.990689,-0.00349284,-0.136102],[0.0400586,0.962898,0.266875],[0.13012,-0.269842,0.954072]],[[0.990689,-0.00349284,-0.136102],[-0.0129997,0.992677,-0.120101],[0.135525,0.120752,0.983388]],[[0.990689,-0.00349284,-0.136102],[-0.0529677,0.911026,-0.408932],[0.125421,0.412333,0.902358]]],"btipPosition":[20.0876,336.683,-71.8307],"carpPosition":[49.5873,308.762,81.4657],"dipPosition":[22.444,344.43,-54.8772],"direction":[-0.135525,-0.120752,-0.983388],"extended":true,"handId":465,"id":4652,"length":66.9921,"mcpPosition":[32.5676,334.859,19.0577],"pipPosition":[26.297,347.863,-26.9191],"stabilizedTipPosition":[7.23906,310.438,-6.79952],"timeVisible":0.913066,"tipPosition":[20.9252,337.958,-67.9383],"tipVelocity":[24.659,33.848,-117.572],"tool":false,"touchDistance":-0.448774,"touchZone":"hovering","type":2,"width":18.9931},{"bases":[[[0.986721,-0.083287,-0.139446],[0.131236,0.914661,0.382324],[0.0957036,-0.395548,0.913446]],[[0.980805,-0.0636902,-0.184298],[-0.0681517,0.773578,-0.630026],[0.182696,0.630493,0.754388]],[[0.980805,-0.0636902,-0.184298],[-0.178062,0.0926838,-0.979645],[0.0794752,0.993657,0.0795639]],[[0.980805,-0.0636902,-0.184298],[-0.194981,-0.309978,-0.930535],[0.00213742,0.948608,-0.316446]]],"btipPosition":[44.8746,261.785,-9.14148],"carpPosition":[61.2703,310.418,78.0555],"dipPosition":[44.9145,279.505,-15.0527],"direction":[-0.0794752,-0.993657,-0.0795639],"extended":false,"handId":465,"id":4653,"length":64.4147,"mcpPosition":[55.2767,335.19,20.8495],"pipPosition":[47.1157,307.026,-12.8491],"stabilizedTipPosition":[37.2393,230.122,62.5624],"timeVisible":0.913066,"tipPosition":[44.5994,266.388,-12.2328],"tipVelocity":[37.7764,4.50136,-23.4422],"tool":false,"touchDistance":-0.377896,"touchZone":"hovering","type":3,"width":18.0732},{"bases":[[[0.955827,-0.278484,-0.0940291],[0.291046,0.852009,0.43517],[-0.041074,-0.443314,0.895425]],[[0.955265,-0.233824,-0.181092],[0.0633045,0.759783,-0.647088],[0.288895,0.606677,0.740596]],[[0.955265,-0.233824,-0.181092],[-0.159155,0.109667,-0.981144],[0.249274,0.966074,0.0675466]],[[0.955265,-0.233824,-0.181092],[-0.2415,-0.263252,-0.934011],[0.170721,0.935962,-0.307944]]],"btipPosition":[58.1128,274.119,-0.032318],"carpPosition":[73.761,304.887,74.0733],"dipPosition":[61.0548,290.249,-5.33916],"direction":[-0.249274,-0.966074,-0.0675466],"extended":false,"handId":465,"id":4654,"length":50.4999,"mcpPosition":[76.1422,330.587,22.163],"pipPosition":[65.9293,309.14,-4.01831],"stabilizedTipPosition":[52.3797,240.975,75.3174],"timeVisible":0.913066,"tipPosition":[58.6661,278.131,-2.46283],"tipVelocity":[22.4502,20.7396,-85.9307],"tool":false,"touchDistance":-0.40752,"touchZone":"hovering","type":4,"width":16.054}],"r":[[0.973779,0.22542,0.0306698],[-0.210814,0.944807,-0.250793],[-0.0855107,0.237751,0.967555]],"s":1.40581,"t":[-13.6128,113.981,-178.582],"timestamp":521741287530},false],[2,{"currentFrameRate":109.624,"devices":[],"gestures":[],"hands":[{"armBasis":[[0.922845,0.236517,-0.304001],[-0.0864731,0.896337,0.434859],[0.375339,-0.37502,0.847633]],"armWidth":63.7064,"confidence":0.791718,"direction":[-0.226216,0.509842,-0.829993],"elbow":[162.11,195.127,310.835],"grabStrength":0,"id":465,"palmNormal":[0.0607248,-0.843042,-0.534409],"palmPosition":[41.43,318.94,36.1226],"palmVelocity":[8.77292,17.5739,-115.586],"palmWidth":90.9705,"pinchStrength":0.538308,"r":[[0.973583,0.225959,0.0328568],[-0.210875,0.944966,-0.250143],[-0.0875706,0.236606,0.967651]],"s":1.40892,"sphereCenter":[72.1503,286.601,-17.0331],"sphereRadius":67.4923,"stabilizedPalmPosition":[37.5121,278.237,123.082],"t":[-13.5802,114.086,-179.607],"timeVisible":0.921821,"type":"right","wrist":[60.7899,296.361,82.0233]}],"id":4136126,"interactionBox":{"center":[0,200,0],"size":[235.247,235.247,147.751]},"pointables":[{"bases":[[[0.292748,0.922454,0.251749],[-0.72128,0.0401915,0.691477],[0.627737,-0.384009,0.677113]],[[0.073713,0.9971,0.0189346],[-0.863958,0.0543636,0.500621],[0.49814,-0.053261,0.865459]],[[0.073713,0.9971,0.0189346],[-0.951926,0.0646876,0.299419],[0.297326,-0.0400954,0.953934]],[[0.073713,0.9971,0.0189346],[-0.906747,0.0749136,-0.414967],[-0.415182,0.0134196,0.909639]]],"btipPosition":[9.22913,284.343,-13.349],"carpPosition":[34.5104,280.632,83.6457],"dipPosition":[-0.485547,284.657,7.93526],"direction":[-0.297326,0.0400954,-0.953934],"extended":false,"handId":465,"id":4650,"length":52.1052,"mcpPosition":[34.5104,280.632,83.6457],"pipPosition":[9.64978,283.29,40.4533],"stabilizedTipPosition":[-3.72242,232.294,98.5286],"timeVisible":0.921821,"tipPosition":[6.82936,285.097,-8.63786],"tipVelocity":[26.5545,11.3749,-126.237],"tool":false,"touchDistance":-0.45479,"touchZone":"touching","type":0,"width":20.2457},{"bases":[[[0.920399,0.254464,-0.296839],[-0.117347,0.904005,0.411101],[0.372954,-0.343544,0.861906]],[[0.968269,0.196125,-0.154887],[-0.147432,0.948716,0.279645],[0.201789,-0.247937,0.947528]],[[0.968269,0.196125,-0.154887],[-0.227905,0.947266,-0.225268],[0.102539,0.253419,0.961907]],[[0.968269,0.196125,-0.154887],[-0.249907,0.762718,-0.596496],[0.00114721,0.616276,0.787529]]],"btipPosition":[0.145327,323.216,-56.8678],"carpPosition":[38.7425,303.948,83.9253],"dipPosition":[0.164923,333.743,-43.4152],"direction":[-0.102539,-0.253419,-0.961907],"extended":true,"handId":465,"id":4651,"length":58.7949,"mcpPosition":[11.3103,329.217,20.5288],"pipPosition":[2.64279,339.867,-20.1705],"stabilizedTipPosition":[-14.4439,289.122,27.2465],"timeVisible":0.921821,"tipPosition":[-0.522369,325.99,-53.6746],"tipVelocity":[29.6398,22.042,-124.881],"tool":false,"touchDistance":-0.456153,"touchZone":"touching","type":1,"width":19.3387},{"bases":[[[0.968753,0.0478466,-0.243367],[0.0481631,0.926249,0.373822],[0.243305,-0.373863,0.895002]],[[0.991016,0.00243744,-0.133722],[0.0338134,0.962786,0.268142],[0.129399,-0.270254,0.954054]],[[0.991016,0.00243744,-0.133722],[-0.0184658,0.992752,-0.118755],[0.132463,0.120158,0.983878]],[[0.991016,0.00243744,-0.133722],[-0.0572507,0.91133,-0.407676],[0.120871,0.411669,0.903282]]],"btipPosition":[20.2881,336.739,-72.8455],"carpPosition":[49.532,308.788,80.5024],"dipPosition":[22.559,344.473,-55.8747],"direction":[-0.132463,-0.120158,-0.983878],"extended":true,"handId":465,"id":4652,"length":66.9921,"mcpPosition":[32.5607,334.866,18.0732],"pipPosition":[26.325,347.889,-27.9027],"stabilizedTipPosition":[7.26899,310.5,-6.93655],"timeVisible":0.921821,"tipPosition":[21.1218,338.028,-68.9506],"tipVelocity":[23.5852,26.4052,-117.006],"tool":false,"touchDistance":-0.447393,"touchZone":"hovering","type":2,"width":18.9931},{"bases":[[[0.987593,-0.0776535,-0.136491],[0.124985,0.914911,0.38382],[0.0950719,-0.396117,0.913265]],[[0.981733,-0.058107,-0.181175],[-0.0704717,0.773451,-0.629927],[0.176733,0.631188,0.755227]],[[0.981733,-0.058107,-0.181175],[-0.175779,0.0874492,-0.980538],[0.0728198,0.994473,0.0756378]],[[0.981733,-0.058107,-0.181175],[-0.190233,-0.317259,-0.929063],[-0.00349442,0.946557,-0.322518]]],"btipPosition":[45.4158,261.901,-9.87059],"carpPosition":[61.2161,310.513,77.1303],"dipPosition":[45.3505,279.582,-15.8952],"direction":[-0.0728198,-0.994473,-0.0756378],"extended":false,"handId":465,"id":4653,"length":64.4147,"mcpPosition":[55.262,335.32,19.9357],"pipPosition":[47.3673,307.125,-13.8003],"stabilizedTipPosition":[37.2552,230.192,62.4179],"timeVisible":0.921821,"tipPosition":[45.1283,266.448,-12.9167],"tipVelocity":[43.4835,6.55506,-40.2904],"tool":false,"touchDistance":-0.379768,"touchZone":"hovering","type":3,"width":18.0732},{"bases":[[[0.957641,-0.273073,-0.0914022],[0.284975,0.85308,0.437085],[-0.0413826,-0.444618,0.894764]],[[0.957226,-0.229454,-0.176264],[0.0614577,0.756529,-0.651066],[0.282739,0.612385,0.738271]],[[0.957226,-0.229454,-0.176264],[-0.158235,0.0948827,-0.982832],[0.242239,0.968684,0.0545164]],[[0.957226,-0.229454,-0.176264],[-0.238481,-0.280701,-0.929696],[0.163845,0.931964,-0.323415]]],"btipPosition":[58.5928,274.18,-0.283399],"carpPosition":[73.7495,305.056,73.1803],"dipPosition":[61.4164,290.241,-5.85684],"direction":[-0.242239,-0.968684,-0.0545164],"extended":false,"handId":465,"id":4654,"length":50.4999,"mcpPosition":[76.1486,330.832,21.3083],"pipPosition":[66.1533,309.183,-4.79079],"stabilizedTipPosition":[52.3822,240.988,75.2897],"timeVisible":0.921821,"tipPosition":[59.1057,278.202,-2.86233],"tipVelocity":[30.3008,16.5509,-72.4533],"tool":false,"touchDistance":-0.399787,"touchZone":"hovering","type":4,"width":16.054}],"r":[[0.973583,0.225959,0.0328568],[-0.210875,0.944966,-0.250143],[-0.0875706,0.236606,0.967651]],"s":1.40892,"t":[-13.5802,114.086,-179.607],"timestamp":521741296285},false],[3,{"currentFrameRate":109.623,"devices":[],"gestures":[],"hands":[{"armBasis":[[0.923215,0.239848,-0.300245],[-0.0913618,0.895901,0.434758],[0.373265,-0.373944,0.849022]],"armWidth":63.7064,"confidence":0.757445,"direction":[-0.226243,0.509681,-0.830084],"elbow":[161.621,195.434,310.621],"grabStrength":0,"id":465,"palmNormal":[0.0654703,-0.842296,-0.535024],"palmPosition":[41.5219,318.92,35.506],"palmVelocity":[9.13334,12.0737,-102.252],"palmWidth":90.9705,"pinchStrength":0.536758,"r":[[0.973221,0.227174,0.0351279],[-0.211571,0.944966,-0.249555],[-0.0898871,0.23544,0.967723]],"s":1.41204,"sphereCenter":[72.2274,286.808,-17.5345],"sphereRadius":67.321,"stabilizedPalmPosition":[37.5124,278.239,123.076],"t":[-13.518,114.129,-180.427],"timeVisible":0.930944,"type":"right","wrist":[60.8604,296.377,81.4338]}],"id":4136127,"interactionBox":{"center":[0,200,0],"size":[235.247,235.247,147.751]},"pointables":[{"bases":[[[0.288371,0.923405,0.253308],[-0.723138,0.0366224,0.689732],[0.627625,-0.382076,0.67831]],[[0.0689558,0.997432,0.0193353],[-0.865245,0.0501472,0.498835],[0.496585,-0.0511273,0.866481]],[[0.0689558,0.997432,0.0193353],[-0.952675,0.0600849,0.297994],[0.296067,-0.0389686,0.954372]],[[0.0689558,0.997432,0.0193353],[-0.904942,0.070696,-0.419622],[-0.419911,0.011438,0.907493]]],"btipPosition":[9.59111,284.152,-14.0333],"carpPosition":[34.6412,280.54,82.9771],"dipPosition":[-0.234225,284.42,7.20072],"direction":[-0.296067,0.0389686,-0.954372],"extended":false,"handId":465,"id":4650,"length":52.1052,"mcpPosition":[34.6412,280.54,82.9771],"pipPosition":[9.85819,283.091,39.7336],"stabilizedTipPosition":[-3.72132,232.299,98.5179],"timeVisible":0.930944,"tipPosition":[7.17326,284.897,-9.33865],"tipVelocity":[29.4248,2.09546,-112.36],"tool":false,"touchDistance":-0.448082,"touchZone":"touching","type":0,"width":20.2457},{"bases":[[[0.920084,0.258478,-0.294336],[-0.122037,0.903142,0.411633],[0.372225,-0.342817,0.862511]],[[0.967848,0.200192,-0.152294],[-0.151974,0.947851,0.280147],[0.200435,-0.247995,0.9478]],[[0.967848,0.200192,-0.152294],[-0.231187,0.946537,-0.224991],[0.0991103,0.252965,0.962385]],[[0.967848,0.200192,-0.152294],[-0.251514,0.76222,-0.596457],[-0.00332453,0.615584,0.788065]]],"btipPosition":[0.451523,323.112,-57.5816],"carpPosition":[38.7777,303.873,83.2884],"dipPosition":[0.394734,333.628,-44.1199],"direction":[-0.0991103,-0.252965,-0.962385],"extended":true,"handId":465,"id":4651,"length":58.7949,"mcpPosition":[11.3991,329.088,19.8474],"pipPosition":[2.78976,339.741,-20.8637],"stabilizedTipPosition":[-14.4251,289.169,27.1431],"timeVisible":0.930944,"tipPosition":[-0.231738,325.879,-54.3884],"tipVelocity":[30.1946,12.6932,-111.864],"tool":false,"touchDistance":-0.449547,"touchZone":"touching","type":1,"width":19.3387},{"bases":[[[0.969147,0.0520093,-0.240934],[0.0434733,0.926093,0.374782],[0.242619,-0.373693,0.89526]],[[0.991179,0.00702994,-0.132344],[0.029149,0.962576,0.269439],[0.129286,-0.27092,0.95388]],[[0.991179,0.00702994,-0.132344],[-0.0226743,0.992864,-0.117077],[0.130577,0.119045,0.984265]],[[0.991179,0.00702994,-0.132344],[-0.0606681,0.911888,-0.40593],[0.117829,0.410378,0.904271]]],"btipPosition":[20.476,336.787,-73.4906],"carpPosition":[49.5558,308.76,79.8965],"dipPosition":[22.6897,344.497,-56.5012],"direction":[-0.130577,-0.119045,-0.984265],"extended":true,"handId":465,"id":4652,"length":66.9921,"mcpPosition":[32.6324,334.826,17.4494],"pipPosition":[26.4021,347.882,-28.5182],"stabilizedTipPosition":[7.29314,310.549,-7.04684],"timeVisible":0.930944,"tipPosition":[21.3198,338.076,-69.5934],"tipVelocity":[22.3531,20.3634,-104.017],"tool":false,"touchDistance":-0.4406,"touchZone":"hovering","type":2,"width":18.9931},{"bases":[[[0.988234,-0.0735114,-0.134125],[0.120315,0.915058,0.384958],[0.0944335,-0.396566,0.913136]],[[0.982486,-0.0541771,-0.178287],[-0.0722503,0.771187,-0.632495],[0.171759,0.634299,0.753766]],[[0.982486,-0.0541771,-0.178287],[-0.173724,0.0797166,-0.981563],[0.0673906,0.995344,0.0689086]],[[0.982486,-0.0541771,-0.178287],[-0.18617,-0.325835,-0.926915],[-0.00787462,0.943873,-0.330215]]],"btipPosition":[45.9351,261.838,-10.0427],"carpPosition":[61.241,310.536,76.5548],"dipPosition":[45.788,279.47,-16.2111],"direction":[-0.0673906,-0.995344,-0.0689086],"extended":false,"handId":465,"id":4653,"length":64.4147,"mcpPosition":[55.327,335.371,19.3682],"pipPosition":[47.6545,307.037,-14.3026],"stabilizedTipPosition":[37.2812,230.299,62.1959],"timeVisible":0.930944,"tipPosition":[45.6301,266.373,-13.1167],"tipVelocity":[46.6435,2.48618,-35.3459],"tool":false,"touchDistance":-0.373202,"touchZone":"hovering","type":3,"width":18.0732},{"bases":[[[0.958967,-0.269092,-0.0892884],[0.280424,0.85383,0.438562],[-0.0417765,-0.445605,0.894255]],[[0.958701,-0.226538,-0.171967],[0.0608058,0.753908,-0.65416],[0.27784,0.616688,0.736547]],[[0.958701,-0.226538,-0.171967],[-0.156896,0.0830718,-0.984115],[0.237225,0.970453,0.044098]],[[0.958701,-0.226538,-0.171967],[-0.235732,-0.294608,-0.926087],[0.159131,0.928378,-0.335844]]],"btipPosition":[59.0249,274.189,-0.324613],"carpPosition":[73.8063,305.133,72.6307],"dipPosition":[61.7672,290.188,-6.11225],"direction":[-0.237225,-0.970453,-0.044098],"extended":false,"handId":465,"id":4654,"length":50.4999,"mcpPosition":[76.2281,330.966,20.7882],"pipPosition":[66.4061,309.165,-5.24993],"stabilizedTipPosition":[52.3857,241.006,75.2523],"timeVisible":0.930944,"tipPosition":[59.5128,278.203,-2.99095],"tipVelocity":[34.4705,11.8089,-55.0836],"tool":false,"touchDistance":-0.389499,"touchZone":"hovering","type":4,"width":16.054}],"r":[[0.973221,0.227174,0.0351279],[-0.211571,0.944966,-0.249555],[-0.0898871,0.23544,0.967723]],"s":1.41204,"t":[-13.518,114.129,-180.427],"timestamp":521741305408},false],[4,{"currentFrameRate":109.659,"devices":[],"gestures":[],"hands":[{"armBasis":[[0.921023,0.242648,-0.304695],[-0.0909921,0.894644,0.437415],[0.378732,-0.375145,0.846067]],"armWidth":63.7064,"confidence":0.760273,"direction":[-0.22609,0.510817,-0.829427],"elbow":[163.171,195.001,308.921],"grabStrength":0,"id":465,"palmNormal":[0.0654769,-0.84158,-0.53615],"palmPosition":[41.6047,318.874,34.6314],"palmVelocity":[9.13461,7.34195,-100.687],"palmWidth":90.9705,"pinchStrength":0.53581,"r":[[0.972929,0.228118,0.037033],[-0.212107,0.945035,-0.248837],[-0.0917618,0.234246,0.967837]],"s":1.41467,"sphereCenter":[72.0361,286.881,-18.3787],"sphereRadius":67.1421,"stabilizedPalmPosition":[37.5126,278.241,123.072],"t":[-13.4456,114.127,-181.275],"timeVisible":0.94,"type":"right","wrist":[60.9351,296.268,80.5314]}],"id":4136128,"interactionBox":{"center":[0,200,0],"size":[235.247,235.247,147.751]},"pointables":[{"bases":[[[0.288409,0.92304,0.254592],[-0.723229,0.0357497,0.689682],[0.627503,-0.383039,0.67788]],[[0.0683217,0.997464,0.0199413],[-0.86525,0.0492913,0.498912],[0.496664,-0.0513407,0.866423]],[[0.0683217,0.997464,0.0199413],[-0.952469,0.0592658,0.298815],[0.296876,-0.0394091,0.954103]],[[0.0683217,0.997464,0.0199413],[-0.903666,0.070342,-0.422422],[-0.422753,0.0108403,0.90618]]],"btipPosition":[9.69932,284.083,-14.9179],"carpPosition":[34.7145,280.431,82.0497],"dipPosition":[-0.192509,284.336,6.28545],"direction":[-0.296876,0.0394091,-0.954103],"extended":false,"handId":465,"id":4650,"length":52.1052,"mcpPosition":[34.7145,280.431,82.0497],"pipPosition":[9.92749,282.993,38.8092],"stabilizedTipPosition":[-3.72042,232.304,98.5091],"timeVisible":0.94,"tipPosition":[7.27077,284.828,-10.233],"tipVelocity":[24.1348,-0.704331,-108.522],"tool":false,"touchDistance":-0.444982,"touchZone":"touching","type":0,"width":20.2457},{"bases":[[[0.920145,0.258802,-0.293862],[-0.122022,0.902596,0.412833],[0.372081,-0.344009,0.862099]],[[0.967891,0.20031,-0.151867],[-0.151933,0.947484,0.281407],[0.20026,-0.249298,0.947495]],[[0.967891,0.20031,-0.151867],[-0.231067,0.946856,-0.223768],[0.098973,0.251674,0.962738]],[[0.967891,0.20031,-0.151867],[-0.251348,0.763022,-0.595501],[-0.00340731,0.614552,0.788869]]],"btipPosition":[0.549462,323.195,-58.4558],"carpPosition":[38.8528,303.763,82.393],"dipPosition":[0.491259,333.692,-44.9804],"direction":[-0.098973,-0.251674,-0.962738],"extended":true,"handId":465,"id":4651,"length":58.7949,"mcpPosition":[11.4848,329.066,18.9824],"pipPosition":[2.88296,339.774,-21.7156],"stabilizedTipPosition":[-14.4106,289.204,27.0632],"timeVisible":0.94,"tipPosition":[-0.130572,325.956,-55.2598],"tipVelocity":[24.8353,11.5761,-107.535],"tool":false,"touchDistance":-0.445991,"touchZone":"touching","type":1,"width":19.3387},{"bases":[[[0.969184,0.0522575,-0.240731],[0.0434952,0.925584,0.376036],[0.242468,-0.374919,0.894788]],[[0.991032,0.00762939,-0.133409],[0.0290778,0.962132,0.271027],[0.130425,-0.272475,0.953282]],[[0.991032,0.00762939,-0.133409],[-0.0231553,0.99307,-0.115218],[0.131606,0.117274,0.984341]],[[0.991032,0.00762939,-0.133409],[-0.0614232,0.912655,-0.404089],[0.118674,0.40866,0.904939]]],"btipPosition":[20.4624,336.924,-74.3309],"carpPosition":[49.6317,308.653,79.0092],"dipPosition":[22.692,344.602,-57.3289],"direction":[-0.131606,-0.117274,-0.984341],"extended":true,"handId":465,"id":4652,"length":66.9921,"mcpPosition":[32.7188,334.805,16.595],"pipPosition":[26.4336,347.936,-29.3438],"stabilizedTipPosition":[7.31094,310.586,-7.1293],"timeVisible":0.94,"tipPosition":[21.3344,338.217,-70.4354],"tipVelocity":[15.8802,18.6839,-100.829],"tool":false,"touchDistance":-0.437433,"touchZone":"hovering","type":2,"width":18.9931},{"bases":[[[0.988247,-0.0734085,-0.13409],[0.120335,0.914529,0.386208],[0.0942777,-0.397804,0.912613]],[[0.982598,-0.0542753,-0.177637],[-0.0721218,0.769833,-0.634158],[0.17117,0.635934,0.752522]],[[0.982598,-0.0542753,-0.177637],[-0.173454,0.0739621,-0.982061],[0.06644,0.995783,0.0632608]],[[0.982598,-0.0542753,-0.177637],[-0.185532,-0.332382,-0.924716],[-0.0088541,0.941582,-0.336668]]],"btipPosition":[46.0923,261.771,-10.5607],"carpPosition":[61.3175,310.433,75.6715],"dipPosition":[45.9269,279.359,-16.8496],"direction":[-0.06644,-0.995783,-0.0632608],"extended":false,"handId":465,"id":4653,"length":64.4147,"mcpPosition":[55.4132,335.346,18.5176],"pipPosition":[47.7671,306.939,-15.0976],"stabilizedTipPosition":[37.3105,230.418,61.9485],"timeVisible":0.94,"tipPosition":[45.7844,266.29,-13.6457],"tipVelocity":[38.4323,-0.561549,-42.2234],"tool":false,"touchDistance":-0.372401,"touchZone":"hovering","type":3,"width":18.0732},{"bases":[[[0.958958,-0.269047,-0.0895204],[0.280432,0.853216,0.439751],[-0.0419336,-0.446806,0.893647]],[[0.958739,-0.226704,-0.171537],[0.0616826,0.754902,-0.652931],[0.277516,0.615409,0.737737]],[[0.958739,-0.226704,-0.171537],[-0.156544,0.0826729,-0.984205],[0.237305,0.970449,0.0437725]],[[0.958739,-0.226704,-0.171537],[-0.235616,-0.296018,-0.925667],[0.159074,0.927889,-0.337219]]],"btipPosition":[59.1215,274.214,-1.19028],"carpPosition":[73.8829,305.035,71.7418],"dipPosition":[61.8628,290.205,-7.00161],"direction":[-0.237305,-0.970449,-0.0437725],"extended":false,"handId":465,"id":4654,"length":50.4999,"mcpPosition":[76.3139,330.937,19.9346],"pipPosition":[66.5032,309.181,-6.14566],"stabilizedTipPosition":[52.3891,241.023,75.217],"timeVisible":0.94,"tipPosition":[59.6109,278.206,-3.82566],"tipVelocity":[27.8926,9.24895,-66.4308],"tool":false,"touchDistance":-0.391949,"touchZone":"hovering","type":4,"width":16.054}],"r":[[0.972929,0.228118,0.037033],[-0.212107,0.945035,-0.248837],[-0.0917618,0.234246,0.967837]],"s":1.41467,"t":[-13.4456,114.127,-181.275],"timestamp":521741314464},false],[5,{"currentFrameRate":109.747,"devices":[],"gestures":[],"hands":[{"armBasis":[[0.920881,0.242744,-0.305045],[-0.0909017,0.894618,0.437488],[0.379097,-0.375146,0.845903]],"armWidth":63.7064,"confidence":0.763571,"direction":[-0.225863,0.511619,-0.828994],"elbow":[163.359,194.942,308.197],"grabStrength":0,"id":465,"palmNormal":[0.0652381,-0.84113,-0.536883],"palmPosition":[41.7046,318.862,33.9703],"palmVelocity":[9.68708,4.96903,-93.3418],"palmWidth":90.9705,"pinchStrength":0.536413,"r":[[0.972707,0.228802,0.0386114],[-0.212471,0.945147,-0.248101],[-0.0932592,0.233126,0.967964]],"s":1.41665,"sphereCenter":[71.8525,286.937,-18.998],"sphereRadius":66.9642,"stabilizedPalmPosition":[37.5127,278.242,123.069],"t":[-13.3594,114.12,-182.029],"timeVisible":0.948955,"type":"right","wrist":[61.0243,296.21,79.8518]}],"id":4136129,"interactionBox":{"center":[0,200,0],"size":[235.247,235.247,147.751]},"pointables":[{"bases":[[[0.288695,0.922721,0.255423],[-0.723266,0.0353825,0.689662],[0.627328,-0.383841,0.677588]],[[0.0681064,0.997473,0.0202505],[-0.865241,0.048948,0.49896],[0.496708,-0.0515039,0.866388]],[[0.0681064,0.997473,0.0202505],[-0.952401,0.0589568,0.299094],[0.297144,-0.0396568,0.954009]],[[0.0681064,0.997473,0.0202505],[-0.902315,0.0702438,-0.425315],[-0.425662,0.0106943,0.904819]]],"btipPosition":[9.83994,284.051,-15.5764],"carpPosition":[34.7983,280.379,81.3544],"dipPosition":[-0.119962,284.301,5.59505],"direction":[-0.297144,0.0396568,-0.954009],"extended":false,"handId":465,"id":4650,"length":52.1052,"mcpPosition":[34.7983,280.379,81.3544],"pipPosition":[10.0092,282.95,38.1156],"stabilizedTipPosition":[-3.71967,232.307,98.5019],"timeVisible":0.948955,"tipPosition":[7.38947,284.794,-10.9002],"tipVelocity":[21.3513,-1.49121,-99.1809],"tool":false,"touchDistance":-0.438805,"touchZone":"touching","type":0,"width":20.2457},{"bases":[[[0.920251,0.258757,-0.29357],[-0.121754,0.902274,0.413616],[0.371906,-0.344887,0.861823]],[[0.967973,0.200114,-0.151598],[-0.151636,0.947287,0.282231],[0.200085,-0.250204,0.947293]],[[0.967973,0.200114,-0.151598],[-0.230725,0.947126,-0.222975],[0.098962,0.250811,0.962964]],[[0.967973,0.200114,-0.151598],[-0.251032,0.763605,-0.594887],[-0.00328437,0.61389,0.789384]]],"btipPosition":[0.659498,323.277,-59.1157],"carpPosition":[38.9443,303.71,81.7185],"dipPosition":[0.603394,333.764,-45.6314],"direction":[-0.098962,-0.250811,-0.962964],"extended":true,"handId":465,"id":4651,"length":58.7949,"mcpPosition":[11.5891,329.078,18.3281],"pipPosition":[2.99483,339.825,-22.3612],"stabilizedTipPosition":[-14.3994,289.231,27.0018],"timeVisible":0.948955,"tipPosition":[-0.0164692,326.034,-55.9181],"tipVelocity":[21.4193,10.8586,-98.2186],"tool":false,"touchDistance":-0.439593,"touchZone":"touching","type":1,"width":19.3387},{"bases":[[[0.969218,0.0521498,-0.240617],[0.043773,0.925239,0.376851],[0.242281,-0.375783,0.894476]],[[0.990855,0.00798294,-0.134692],[0.029186,0.961934,0.271717],[0.131734,-0.273164,0.952905]],[[0.990855,0.00798294,-0.134692],[-0.023571,0.993139,-0.114538],[0.132854,0.116665,0.984245]],[[0.990855,0.00798294,-0.134692],[-0.0622,0.912878,-0.403467],[0.119737,0.408155,0.905026]]],"btipPosition":[20.4503,336.99,-74.9594],"carpPosition":[49.7251,308.6,78.3397],"dipPosition":[22.6999,344.659,-57.9557],"direction":[-0.132854,-0.116665,-0.984245],"extended":true,"handId":465,"id":4652,"length":66.9921,"mcpPosition":[32.8252,334.812,15.9472],"pipPosition":[26.477,347.976,-29.9733],"stabilizedTipPosition":[7.32381,310.612,-7.18952],"timeVisible":0.948955,"tipPosition":[21.3547,338.313,-71.069],"tipVelocity":[11.3096,15.5457,-92.4384],"tool":false,"touchDistance":-0.431445,"touchZone":"hovering","type":2,"width":18.9931},{"bases":[[[0.988232,-0.073616,-0.134084],[0.120608,0.91415,0.387019],[0.0940821,-0.398636,0.912271]],[[0.982642,-0.054581,-0.177303],[-0.0717339,0.769607,-0.634476],[0.171084,0.636181,0.752333]],[[0.982642,-0.054581,-0.177303],[-0.173287,0.0711788,-0.982296],[0.0662349,0.995969,0.0604851]],[[0.982642,-0.054581,-0.177303],[-0.185288,-0.335959,-0.923472],[-0.00916258,0.940294,-0.34024]]],"btipPosition":[46.214,261.776,-11.0543],"carpPosition":[61.4117,310.378,75.0044],"dipPosition":[46.0429,279.341,-17.41],"direction":[-0.0662349,-0.995969,-0.0604851],"extended":false,"handId":465,"id":4653,"length":64.4147,"mcpPosition":[55.5197,335.344,17.872],"pipPosition":[47.8773,306.925,-15.7348],"stabilizedTipPosition":[37.3383,230.529,61.7144],"timeVisible":0.948955,"tipPosition":[45.9106,266.271,-14.1143],"tipVelocity":[31.6002,-0.409789,-46.2176],"tool":false,"touchDistance":-0.371128,"touchZone":"hovering","type":3,"width":18.0732},{"bases":[[[0.958875,-0.269284,-0.0896886],[0.280681,0.852737,0.440519],[-0.042144,-0.447577,0.893252]],[[0.958684,-0.226942,-0.171531],[0.0622733,0.755769,-0.65187],[0.277574,0.614255,0.738676]],[[0.958684,-0.226942,-0.171531],[-0.156394,0.0832136,-0.984183],[0.237626,0.970347,0.044283]],[[0.958684,-0.226942,-0.171531],[-0.235694,-0.296017,-0.925647],[0.159292,0.927831,-0.337276]]],"btipPosition":[59.2143,274.248,-1.88051],"carpPosition":[73.9756,304.979,71.0708],"dipPosition":[61.9594,290.237,-7.69283],"direction":[-0.237626,-0.970347,-0.044283],"extended":false,"handId":465,"id":4654,"length":50.4999,"mcpPosition":[76.4188,330.927,19.2865],"pipPosition":[66.6061,309.212,-6.82689],"stabilizedTipPosition":[52.3919,241.037,75.187],"timeVisible":0.948955,"tipPosition":[59.7059,278.227,-4.49128],"tipVelocity":[23.1253,7.72934,-69.3488],"tool":false,"touchDistance":-0.391445,"touchZone":"hovering","type":4,"width":16.054}],"r":[[0.972707,0.228802,0.0386114],[-0.212471,0.945147,-0.248101],[-0.0932592,0.233126,0.967964]],"s":1.41665,"t":[-13.3594,114.12,-182.029],"timestamp":521741323419},false],[6,{"currentFrameRate":109.718,"devices":[],"gestures":[],"hands":[{"armBasis":[[0.921851,0.240253,-0.304087],[-0.0898226,0.895741,0.435407],[0.376991,-0.374067,0.847321]],"armWidth":63.7064,"confidence":0.768194,"direction":[-0.224523,0.512415,-0.828867],"elbow":[162.856,195.131,308.149],"grabStrength":0,"id":465,"palmNormal":[0.0637168,-0.841043,-0.537202],"palmPosition":[41.8335,318.818,33.5418],"palmVelocity":[10.9087,2.23885,-80.3532],"palmWidth":90.9705,"pinchStrength":0.537205,"r":[[0.972618,0.228947,0.0399626],[-0.21236,0.945342,-0.24745],[-0.0944314,0.232188,0.968076]],"s":1.4182,"sphereCenter":[71.6836,286.887,-19.3706],"sphereRadius":66.8081,"stabilizedPalmPosition":[37.5128,278.243,123.067],"t":[-13.2518,114.095,-182.621],"timeVisible":0.95812,"type":"right","wrist":[61.0906,296.107,79.4209]}],"id":4136130,"interactionBox":{"center":[0,200,0],"size":[235.247,235.247,147.751]},"pointables":[{"bases":[[[0.290483,0.922027,0.255901],[-0.72344,0.0365761,0.689418],[0.626302,-0.385393,0.677656]],[[0.0697818,0.997355,0.0203122],[-0.865348,0.0503906,0.498631],[0.496289,-0.0523726,0.866576]],[[0.0697818,0.997355,0.0203122],[-0.952365,0.0605468,0.298889],[0.296869,-0.0402017,0.954072]],[[0.0697818,0.997355,0.0203122],[-0.901307,0.0717619,-0.427196],[-0.427524,0.0115029,0.903931]]],"btipPosition":[9.94734,284.045,-16.0139],"carpPosition":[34.8319,280.33,80.9077],"dipPosition":[-0.0561128,284.314,5.13683],"direction":[-0.296869,0.0402017,-0.954072],"extended":false,"handId":465,"id":4650,"length":52.1052,"mcpPosition":[34.8319,280.33,80.9077],"pipPosition":[10.0636,282.944,37.6595],"stabilizedTipPosition":[-3.71904,232.31,98.4957],"timeVisible":0.95812,"tipPosition":[7.4847,284.788,-11.3402],"tipVelocity":[18.3605,-1.13383,-84.98],"tool":false,"touchDistance":-0.429891,"touchZone":"touching","type":0,"width":20.2457},{"bases":[[[0.920881,0.257,-0.293135],[-0.120064,0.902352,0.41394],[0.370894,-0.345994,0.861815]],[[0.968439,0.198193,-0.151146],[-0.149803,0.947479,0.282565],[0.19921,-0.251005,0.947265]],[[0.968439,0.198193,-0.151146],[-0.228701,0.947683,-0.222693],[0.0991021,0.250232,0.963101]],[[0.968439,0.198193,-0.151146],[-0.249239,0.764335,-0.594703],[-0.00233984,0.613605,0.789609]]],"btipPosition":[0.833004,323.354,-59.5568],"carpPosition":[39.0252,303.652,81.2828],"dipPosition":[0.793035,333.836,-46.0687],"direction":[-0.0991021,-0.250232,-0.963101],"extended":true,"handId":465,"id":4651,"length":58.7949,"mcpPosition":[11.7446,329.101,17.8929],"pipPosition":[3.18786,339.883,-22.7952],"stabilizedTipPosition":[-14.3902,289.253,26.9514],"timeVisible":0.95812,"tipPosition":[0.164897,326.109,-56.3591],"tipVelocity":[20.8385,10.132,-84.226],"tool":false,"touchDistance":-0.430571,"touchZone":"touching","type":1,"width":19.3387},{"bases":[[[0.969409,0.0502726,-0.240249],[0.0455228,0.924995,0.377243],[0.241194,-0.376639,0.89441]],[[0.990708,0.00664418,-0.135843],[0.0309007,0.961688,0.272398],[0.132448,-0.274064,0.952547]],[[0.990708,0.00664418,-0.135843],[-0.0222614,0.993257,-0.113773],[0.134171,0.11574,0.984176]],[[0.990708,0.00664418,-0.135843],[-0.0613476,0.913255,-0.402744],[0.121383,0.407335,0.905176]]],"btipPosition":[20.5154,337.057,-75.3682],"carpPosition":[49.8172,308.521,77.9098],"dipPosition":[22.796,344.71,-58.3618],"direction":[-0.134171,-0.11574,-0.984176],"extended":true,"handId":465,"id":4652,"length":66.9921,"mcpPosition":[32.9932,334.793,15.522],"pipPosition":[26.6105,348,-30.3813],"stabilizedTipPosition":[7.33352,310.632,-7.23501],"timeVisible":0.95812,"tipPosition":[21.456,338.391,-71.4828],"tipVelocity":[10.3539,13.1204,-79.0824],"tool":false,"touchDistance":-0.422757,"touchZone":"hovering","type":2,"width":18.9931},{"bases":[[[0.988128,-0.075575,-0.13376],[0.122332,0.913745,0.387434],[0.0929424,-0.399197,0.912142]],[[0.982627,-0.0566123,-0.176746],[-0.0697344,0.769933,-0.634303],[0.171992,0.635608,0.752609]],[[0.982627,-0.0566123,-0.176746],[-0.172659,0.0704179,-0.982461],[0.0680654,0.99591,0.0594199]],[[0.982627,-0.0566123,-0.176746],[-0.185445,-0.337299,-0.922951],[-0.00736598,0.939694,-0.341938]]],"btipPosition":[46.2575,261.749,-11.4223],"carpPosition":[61.5086,310.277,74.5794],"dipPosition":[46.1199,279.302,-17.8097],"direction":[-0.0680654,-0.99591,-0.0594199],"extended":false,"handId":465,"id":4653,"length":64.4147,"mcpPosition":[55.6879,335.278,17.4551],"pipPosition":[48.005,306.885,-16.164],"stabilizedTipPosition":[37.3631,230.627,61.5066],"timeVisible":0.95812,"tipPosition":[45.9689,266.222,-14.4507],"tipVelocity":[24.3453,-1.20786,-44.7506],"tool":false,"touchDistance":-0.367979,"touchZone":"hovering","type":3,"width":18.0732},{"bases":[[[0.958357,-0.271201,-0.089455],[0.28226,0.851985,0.440966],[-0.0433762,-0.447852,0.893055]],[[0.9583,-0.229031,-0.170895],[0.0643442,0.755613,-0.651851],[0.278424,0.613673,0.738841]],[[0.9583,-0.229031,-0.170895],[-0.156179,0.0810453,-0.984398],[0.239308,0.970039,0.0418958]],[[0.9583,-0.229031,-0.170895],[-0.236334,-0.299012,-0.92452],[0.160644,0.926356,-0.340671]]],"btipPosition":[59.2867,274.191,-2.19236],"carpPosition":[74.0628,304.854,70.6482],"dipPosition":[62.0551,290.155,-8.06319],"direction":[-0.239308,-0.970039,-0.0418958],"extended":false,"handId":465,"id":4654,"length":50.4999,"mcpPosition":[76.5775,330.818,18.8753],"pipPosition":[66.7347,309.123,-7.24393],"stabilizedTipPosition":[52.3943,241.049,75.1616],"timeVisible":0.95812,"tipPosition":[59.7842,278.151,-4.79886],"tipVelocity":[19.0451,3.66315,-59