{"sensorType":"Leap","data":[[0,{"currentFrameRate":107.923,"devices":[],"gestures":[],"hands":[{"armBasis":[[0.868575,0.370992,-0.328545],[-0.205955,0.873257,0.441594],[0.450732,-0.315892,0.834897]],"armWidth":63.7005,"confidence":0.856392,"direction":[-0.117566,0.456918,-0.881705],"elbow":[181.927,216.318,320.667],"grabStrength":0,"id":456,"palmNormal":[0.20209,-0.858276,-0.471723],"palmPosition":[47.3836,320.762,45.7442],"palmVelocity":[12.8628,-50.3849,-150.099],"palmWidth":90.9622,"pinchStrength":0.71886,"r":[[0.979949,-0.183858,0.0767892],[0.195921,0.959297,-0.203385],[-0.0362697,0.214351,0.976083]],"s":0.85102,"sphereCenter":[49.3398,289.062,7.21141],"sphereRadius":47.3686,"stabilizedPalmPosition":[50.0116,313.315,131.01],"t":[-16.9256,65.5256,-148.399],"timeVisible":0.515185,"type":"right","wrist":[60.2666,301.583,95.3137]}],"id":4132428,"interactionBox":{"center":[0,200,0],"size":[235.247,235.247,147.751]},"pointables":[{"bases":[[[0.18755,0.950841,0.246426],[-0.826985,0.0174803,0.561953],[0.53002,-0.309184,0.78961]],[[-0.0659859,0.989591,-0.127889],[-0.753848,0.0345295,0.656141],[0.653727,0.139705,0.743722]],[[-0.0659859,0.989591,-0.127889],[-0.98971,-0.0486014,0.13458],[0.126964,0.135454,0.982615]],[[-0.0659859,0.989591,-0.127889],[-0.597297,-0.141842,-0.789377],[-0.799301,0.0243001,0.600439]]],"btipPosition":[16.8919,271.937,8.82672],"carpPosition":[35.1412,284.094,93.481],"dipPosition":[-1.8089,272.506,22.8749],"direction":[-0.126964,-0.135454,-0.982615],"extended":false,"handId":456,"id":4560,"length":52.1005,"mcpPosition":[35.1412,284.094,93.481],"pipPosition":[2.51869,277.123,56.3675],"stabilizedTipPosition":[14.7107,267.522,109.375],"timeVisible":0.515185,"tipPosition":[12.1002,272.933,12.3251],"tipVelocity":[21.3277,-53.6481,-158.076],"tool":false,"touchDistance":-0.493204,"touchZone":"hovering","type":0,"width":20.2438},{"bases":[[[0.938743,0.307042,-0.156484],[-0.241262,0.909778,0.337782],[0.246079,-0.279336,0.928125]],[[0.967088,0.254382,0.00559779],[-0.254113,0.964479,0.0721596],[0.0129571,-0.0712071,0.997377]],[[0.967088,0.254382,0.00559779],[-0.253502,0.965168,-0.0647097],[-0.0218638,0.0611609,0.997888]],[[0.967088,0.254382,0.00559779],[-0.250051,0.954234,-0.164047],[-0.0470721,0.157248,0.986437]]],"btipPosition":[20.4501,327.082,-58.8572],"carpPosition":[37.7727,307.643,93.2011],"dipPosition":[19.6461,329.768,-42.0085],"direction":[0.0218638,-0.0611609,-0.997888],"extended":true,"handId":456,"id":4561,"length":58.7895,"mcpPosition":[19.6743,328.187,24.9402],"pipPosition":[19.1178,331.246,-17.8965],"stabilizedTipPosition":[14.2705,315.894,55.6479],"timeVisible":0.515185,"tipPosition":[20.2325,327.019,-54.9237],"tipVelocity":[36.4594,-36.4488,-158.07],"tool":false,"touchDistance":-0.522375,"touchZone":"hovering","type":1,"width":19.3369},{"bases":[[[0.990641,0.106856,-0.0849271],[-0.0736222,0.942236,0.326758],[0.114938,-0.317447,0.941284]],[[0.990811,0.106383,-0.0835235],[-0.133756,0.679044,-0.72181],[-0.020072,0.726349,0.687033]],[[0.990811,0.106383,-0.0835235],[-0.024875,-0.463672,-0.885657],[-0.132946,0.879597,-0.456766]],[[0.990811,0.106383,-0.0835235],[0.0571883,-0.88913,-0.454068],[-0.122568,0.445119,-0.887044]]],"btipPosition":[47.681,266.869,22.2162],"carpPosition":[48.6484,313.095,91.3238],"dipPosition":[45.3784,275.231,5.552],"direction":[0.132946,-0.879597,0.456766],"extended":false,"handId":456,"id":4562,"length":66.986,"mcpPosition":[40.6319,335.236,25.6724],"pipPosition":[41.5991,300.236,-7.4328],"stabilizedTipPosition":[57.393,263.868,98.3882],"timeVisible":0.515185,"tipPosition":[47.1601,268.544,18.6527],"tipVelocity":[16.9459,-51.9806,-115.44],"tool":false,"touchDistance":0.333333,"touchZone":"none","type":2,"width":18.9914},{"bases":[[[0.99947,-0.0123593,0.0301272],[0.0010442,0.936863,0.349695],[-0.032547,-0.349478,0.936379]],[[0.999998,-0.000459805,-0.00175417],[-0.00101377,0.660303,-0.750999],[0.0015036,0.750999,0.660301]],[[0.999998,-0.000459805,-0.00175417],[-0.00174834,-0.501298,-0.865273],[-0.000481505,0.865274,-0.501298]],[[0.999998,-0.000459805,-0.00175417],[-0.00116288,-0.904843,-0.425744],[-0.00139149,0.425745,-0.904842]]],"btipPosition":[62.6048,271.935,32.4618],"carpPosition":[60.5945,315.509,89.8081],"dipPosition":[62.5788,279.887,15.5609],"direction":[0.000481505,-0.865274,0.501298],"extended":false,"handId":456,"id":4563,"length":64.4088,"mcpPosition":[62.6327,337.394,31.1712],"pipPosition":[62.5655,303.849,1.67821],"stabilizedTipPosition":[72.5965,269.33,110.156],"timeVisible":0.515185,"tipPosition":[62.5771,273.664,28.3948],"tipVelocity":[12.8833,-52.1008,-106.655],"tool":false,"touchDistance":0.333333,"touchZone":"none","type":3,"width":18.0715},{"bases":[[[0.974982,-0.20735,0.0801037],[0.153606,0.888955,0.431468],[-0.160674,-0.408369,0.898565]],[[0.954876,-0.245867,0.166617],[0.289158,0.641494,-0.710544],[0.0678157,0.726661,0.683641]],[[0.954876,-0.245867,0.166617],[0.0257343,-0.49039,-0.871123],[0.295887,0.836102,-0.461934]],[[0.954876,-0.245867,0.166617],[-0.144056,-0.873985,-0.464109],[0.25973,0.419165,-0.869966]]],"btipPosition":[70.5859,285.218,36.0135],"carpPosition":[73.9302,310.803,88.2437],"dipPosition":[75.0615,292.441,21.0227],"direction":[-0.295887,-0.836102,0.461934],"extended":false,"handId":456,"id":4564,"length":50.4953,"mcpPosition":[83.2441,334.475,36.1562],"pipPosition":[80.8469,308.789,11.9905],"stabilizedTipPosition":[78.1521,282.248,118.496],"timeVisible":0.515185,"tipPosition":[71.3366,286.672,33.2594],"tipVelocity":[12.4136,-52.7789,-141.533],"tool":false,"touchDistance":0.333333,"touchZone":"none","type":4,"width":16.0525}],"r":[[0.979949,-0.183858,0.0767892],[0.195921,0.959297,-0.203385],[-0.0362697,0.214351,0.976083]],"s":0.85102,"t":[-16.9256,65.5256,-148.399],"timestamp":521701319108},false],[1,{"currentFrameRate":107.906,"devices":[],"gestures":[],"hands":[{"armBasis":[[0.871094,0.367185,-0.326145],[-0.203841,0.874502,0.440108],[0.446815,-0.316894,0.836621]],"armWidth":63.7005,"confidence":0.861425,"direction":[-0.114882,0.456625,-0.882211],"elbow":[180.876,215.738,320.131],"grabStrength":0,"id":456,"palmNormal":[0.2,-0.859273,-0.470797],"palmPosition":[47.5194,320.456,44.7105],"palmVelocity":[13.3543,-45.4395,-139.116],"palmWidth":90.9622,"pinchStrength":0.71853,"r":[[0.979492,-0.185317,0.0790777],[0.19788,0.95868,-0.204394],[-0.0379326,0.21585,0.975689]],"s":0.852512,"sphereCenter":[49.6424,288.779,6.22155],"sphereRadius":47.3703,"stabilizedPalmPosition":[50.0109,313.317,130.987],"t":[-16.7907,65.1536,-149.598],"timeVisible":0.524482,"type":"right","wrist":[60.2723,301.274,94.3123]}],"id":4132429,"interactionBox":{"center":[0,200,0],"size":[235.247,235.247,147.751]},"pointables":[{"bases":[[[0.190245,0.950423,0.245972],[-0.827703,0.0205468,0.56079],[0.527934,-0.310279,0.790578]],[[-0.0619987,0.989863,-0.127775],[-0.756904,0.036818,0.652488],[0.650578,0.137167,0.746949]],[[-0.0619987,0.989863,-0.127775],[-0.990118,-0.0448633,0.13287],[0.125791,0.13475,0.982863]],[[-0.0619987,0.989863,-0.127775],[-0.597128,-0.139369,-0.789946],[-0.799747,0.0273225,0.599715]]],"btipPosition":[17.0519,271.787,7.65101],"carpPosition":[35.0937,283.864,92.4578],"dipPosition":[-1.65931,272.426,21.6822],"direction":[-0.125791,-0.13475,-0.982863],"extended":false,"handId":456,"id":4560,"length":52.1005,"mcpPosition":[35.0937,283.864,92.4578],"pipPosition":[2.6283,277.019,55.1833],"stabilizedTipPosition":[14.7098,267.524,109.329],"timeVisible":0.524482,"tipPosition":[12.2454,272.708,11.1784],"tipVelocity":[20.0933,-42.5737,-149.272],"tool":false,"touchDistance":-0.489911,"touchZone":"hovering","type":0,"width":20.2438},{"bases":[[[0.939935,0.303924,-0.15541],[-0.238822,0.910799,0.336762],[0.243897,-0.279419,0.928676]],[[0.967916,0.251174,0.00709977],[-0.251012,0.965231,0.0729528],[0.0114709,-0.0723943,0.99731]],[[0.967916,0.251174,0.00709977],[-0.250235,0.966095,-0.063578],[-0.0228282,0.0597615,0.997952]],[[0.967916,0.251174,0.00709977],[-0.246713,0.955325,-0.162749],[-0.0476609,0.155776,0.986642]]],"btipPosition":[20.7359,326.959,-59.9371],"carpPosition":[37.8008,307.404,92.1639],"dipPosition":[19.9218,329.62,-43.0849],"direction":[0.0228282,-0.0597615,-0.997952],"extended":true,"handId":456,"id":4561,"length":58.7895,"mcpPosition":[19.8629,327.955,23.8624],"pipPosition":[19.3702,331.064,-18.9713],"stabilizedTipPosition":[14.2726,315.898,55.6097],"timeVisible":0.524482,"tipPosition":[20.5214,326.87,-56.0039],"tipVelocity":[34.7728,-30.0662,-146.216],"tool":false,"touchDistance":-0.514657,"touchZone":"hovering","type":1,"width":19.3369},{"bases":[[[0.991094,0.103627,-0.0836309],[-0.0710641,0.942713,0.325947],[0.112617,-0.317101,0.941682]],[[0.99121,0.103299,-0.0826565],[-0.130904,0.675327,-0.725809],[-0.019155,0.730249,0.682913]],[[0.99121,0.103299,-0.0826565],[-0.0245331,-0.470421,-0.882101],[-0.130003,0.876375,-0.463752]],[[0.99121,0.103299,-0.0826565],[0.0556899,-0.892511,-0.447574],[-0.120006,0.439037,-0.890419]]],"btipPosition":[47.7149,266.588,21.6229],"carpPosition":[48.6964,312.82,90.2976],"dipPosition":[45.4605,274.835,4.89525],"direction":[0.130003,-0.876375,0.463752],"extended":false,"handId":456,"id":4562,"length":66.986,"mcpPosition":[40.8418,334.936,24.6185],"pipPosition":[41.7648,299.749,-8.28816],"stabilizedTipPosition":[57.3831,263.873,98.3106],"timeVisible":0.524482,"tipPosition":[47.1898,268.258,17.8789],"tipVelocity":[13.529,-46.647,-101.315],"tool":false,"touchDistance":0.333333,"touchZone":"none","type":2,"width":18.9914},{"bases":[[[0.999382,-0.0155292,0.0315251],[0.00355291,0.937119,0.348992],[-0.0349624,-0.348664,0.936595]],[[0.999993,-0.00355121,-0.000644649],[0.00184627,0.656783,-0.754078],[0.00310128,0.754072,0.656785]],[[0.999993,-0.00355121,-0.000644649],[-0.00235701,-0.507278,-0.861779],[0.00273334,0.861775,-0.507283]],[[0.999993,-0.00355121,-0.000644649],[-0.00349394,-0.907691,-0.419625],[0.000905036,0.419625,-0.907697]]],"btipPosition":[62.6106,271.643,31.813],"carpPosition":[60.6523,315.195,88.7966],"dipPosition":[62.6275,279.481,14.8588],"direction":[-0.00273334,-0.861775,0.507283],"extended":false,"handId":456,"id":4563,"length":64.4088,"mcpPosition":[62.8417,337.028,30.1462],"pipPosition":[62.7032,303.347,0.810302],"stabilizedTipPosition":[72.5798,269.337,110.018],"timeVisible":0.524482,"tipPosition":[62.5925,273.34,27.6313],"tipVelocity":[9.72149,-47.0388,-96.6226],"tool":false,"touchDistance":0.333333,"touchZone":"none","type":3,"width":18.0715},{"bases":[[[0.974202,-0.210403,0.0816141],[0.155847,0.888786,0.431013],[-0.163224,-0.407174,0.898647]],[[0.953742,-0.248958,0.168514],[0.292572,0.639757,-0.710713],[0.0691291,0.727139,0.683]],[[0.953742,-0.248958,0.168514],[0.0252357,-0.492264,-0.87008],[0.299567,0.834084,-0.46321]],[[0.953742,-0.248958,0.168514],[-0.146635,-0.874584,-0.46217],[0.262441,0.416081,-0.870633]]],"btipPosition":[70.6135,284.866,35.0785],"carpPosition":[73.9751,310.445,87.2544],"dipPosition":[75.1358,292.036,20.0761],"direction":[-0.299567,-0.834084,0.46321],"extended":false,"handId":456,"id":4564,"length":50.4953,"mcpPosition":[83.4368,334.048,35.162],"pipPosition":[80.9931,308.344,11.0191],"stabilizedTipPosition":[78.1483,282.25,118.444],"timeVisible":0.524482,"tipPosition":[71.385,286.305,32.285],"tipVelocity":[10.0739,-48.9314,-130.054],"tool":false,"touchDistance":0.333333,"touchZone":"none","type":4,"width":16.0525}],"r":[[0.979492,-0.185317,0.0790777],[0.19788,0.95868,-0.204394],[-0.0379326,0.21585,0.975689]],"s":0.852512,"t":[-16.7907,65.1536,-149.598],"timestamp":521701328405},false],[2,{"currentFrameRate":108.192,"devices":[],"gestures":[],"hands":[{"armBasis":[[0.873867,0.363618,-0.322706],[-0.201459,0.874942,0.440329],[0.442461,-0.319777,0.837837]],"armWidth":63.7005,"confidence":0.861882,"direction":[-0.11336,0.456029,-0.882716],"elbow":[179.722,214.627,319.612],"grabStrength":0,"id":456,"palmNormal":[0.19781,-0.860298,-0.469851],"palmPosition":[47.6089,320.107,43.8399],"palmVelocity":[12.5266,-43.9955,-128.593],"palmWidth":90.9622,"pinchStrength":0.718768,"r":[[0.979015,-0.186997,0.08101],[0.199984,0.958032,-0.205382],[-0.0392044,0.217272,0.975323]],"s":0.853543,"sphereCenter":[49.8419,288.396,5.37583],"sphereRadius":47.3756,"stabilizedPalmPosition":[50.0103,313.318,130.965],"t":[-16.6784,64.7929,-150.633],"timeVisible":0.533208,"type":"right","wrist":[60.2939,300.94,93.4654]}],"id":4132430,"interactionBox":{"center":[0,200,0],"size":[235.247,235.247,147.751]},"pointables":[{"bases":[[[0.192753,0.950154,0.245057],[-0.827822,0.0233751,0.560504],[0.526837,-0.310902,0.791064]],[[-0.0588744,0.989994,-0.128239],[-0.758646,0.0391242,0.650327],[0.648837,0.135576,0.748752]],[[-0.0588744,0.989994,-0.128239],[-0.990209,-0.0416281,0.133238],[0.126566,0.134828,0.982752]],[[-0.0588744,0.989994,-0.128239],[-0.598674,-0.137812,-0.789048],[-0.798826,0.0303188,0.600797]]],"btipPosition":[17.0657,271.527,6.70245],"carpPosition":[35.0686,283.598,91.6208],"dipPosition":[-1.62397,272.237,20.759],"direction":[-0.126566,-0.134828,-0.982752],"extended":false,"handId":456,"id":4560,"length":52.1005,"mcpPosition":[35.0686,283.598,91.6208],"pipPosition":[2.69007,276.832,54.2563],"stabilizedTipPosition":[14.709,267.526,109.292],"timeVisible":0.533208,"tipPosition":[12.2741,272.406,10.2622],"tipVelocity":[15.2942,-38.6535,-138.243],"tool":false,"touchDistance":-0.483394,"touchZone":"touching","type":0,"width":20.2438},{"bases":[[[0.940808,0.301205,-0.155422],[-0.236449,0.911791,0.335751],[0.242842,-0.279128,0.92904]],[[0.968611,0.248473,0.00736048],[-0.248344,0.965961,0.0724182],[0.010884,-0.071973,0.997347]],[[0.968611,0.248473,0.00736048],[-0.247513,0.966764,-0.0640699],[-0.0230355,0.060237,0.997918]],[[0.968611,0.248473,0.00736048],[-0.243984,0.955944,-0.163225],[-0.0475933,0.156306,0.986561]]],"btipPosition":[20.8815,326.625,-60.8236],"carpPosition":[37.8398,307.13,91.3035],"dipPosition":[20.0686,329.295,-43.9728],"direction":[0.0230355,-0.060237,-0.997918],"extended":true,"handId":456,"id":4561,"length":58.7895,"mcpPosition":[19.9795,327.659,22.9753],"pipPosition":[19.512,330.75,-19.86],"stabilizedTipPosition":[14.2746,315.901,55.5761],"timeVisible":0.533208,"tipPosition":[20.6645,326.543,-56.8917],"tipVelocity":[29.9461,-32.2048,-134.292],"tool":false,"touchDistance":-0.504827,"touchZone":"touching","type":1,"width":19.3369},{"bases":[[[0.991399,0.100844,-0.0834211],[-0.0686012,0.943237,0.324957],[0.111456,-0.316439,0.942042]],[[0.991494,0.100573,-0.0826156],[-0.128992,0.67465,-0.72678],[-0.0173578,0.731254,0.681884]],[[0.991494,0.100573,-0.0826156],[-0.0254902,-0.472411,-0.88101],[-0.127634,0.875622,-0.465829]],[[0.991494,0.100573,-0.0826156],[0.0535748,-0.893844,-0.445165],[-0.118617,0.436952,-0.891629]]],"btipPosition":[47.6702,266.248,20.8666],"carpPosition":[48.7508,312.514,89.4352],"dipPosition":[45.4418,274.456,4.11624],"direction":[0.127634,-0.875622,0.465829],"extended":false,"handId":456,"id":4562,"length":66.986,"mcpPosition":[40.9771,334.584,23.7309],"pipPosition":[41.8135,299.348,-9.1262],"stabilizedTipPosition":[57.3737,263.877,98.2356],"timeVisible":0.533208,"tipPosition":[47.149,267.908,17.0918],"tipVelocity":[8.72375,-44.8616,-97.5575],"tool":false,"touchDistance":0.333333,"touchZone":"none","type":2,"width":18.9914},{"bases":[[[0.999326,-0.0182163,0.0318598],[0.00599296,0.937464,0.348031],[-0.0362072,-0.347606,0.936941]],[[0.99998,-0.00623979,-0.000411645],[0.0037855,0.656426,-0.754381],[0.00497739,0.754365,0.656437]],[[0.99998,-0.00623979,-0.000411645],[-0.00352348,-0.507838,-0.861445],[0.00516619,0.86143,-0.50785]],[[0.99998,-0.00623979,-0.000411645],[-0.00583867,-0.908072,-0.418774],[0.00223926,0.418769,-0.90809]]],"btipPosition":[62.5737,271.25,30.9689],"carpPosition":[60.7136,314.855,87.9356],"dipPosition":[62.6155,279.072,14.0073],"direction":[-0.00516619,-0.86143,0.50785],"extended":false,"handId":456,"id":4563,"length":64.4088,"mcpPosition":[62.9809,336.622,29.2635],"pipPosition":[62.7586,302.928,-0.0568795],"stabilizedTipPosition":[72.5644,269.342,109.891],"timeVisible":0.533208,"tipPosition":[62.5607,272.941,26.8024],"tipVelocity":[6.16549,-46.6364,-96.7055],"tool":false,"touchDistance":0.333333,"touchZone":"none","type":3,"width":18.0715},{"bases":[[[0.9736,-0.21297,0.0821407],[0.158129,0.8888,0.43015],[-0.164616,-0.405805,0.899013]],[[0.952956,-0.251455,0.16925],[0.294701,0.63803,-0.711385],[0.0708946,0.727797,0.682118]],[[0.952956,-0.251455,0.16925],[0.0239768,-0.494095,-0.869077],[0.302159,0.83225,-0.464822]],[[0.952956,-0.251455,0.16925],[-0.14921,-0.875203,-0.46017],[0.26384,0.413268,-0.871549]]],"btipPosition":[70.6057,284.47,34.2838],"carpPosition":[74.0238,310.067,86.4024],"dipPosition":[75.1521,291.591,19.2657],"direction":[-0.302159,-0.83225,0.464822],"extended":false,"handId":456,"id":4564,"length":50.4953,"mcpPosition":[83.5661,333.591,34.2889],"pipPosition":[81.0601,307.864,10.1771],"stabilizedTipPosition":[78.1447,282.253,118.396],"timeVisible":0.533208,"tipPosition":[71.3907,285.897,31.4572],"tipVelocity":[7.31025,-48.3208,-119.737],"tool":false,"touchDistance":0.333333,"touchZone":"none","type":4,"width":16.0525}],"r":[[0.979015,-0.186997,0.08101],[0.199984,0.958032,-0.205382],[-0.0392044,0.217272,0.975323]],"s":0.853543,"t":[-16.6784,64.7929,-150.633],"timestamp":521701337131},false],[3,{"currentFrameRate":108.186,"devices":[],"gestures":[],"hands":[{"armBasis":[[0.873081,0.367699,-0.320198],[-0.206887,0.874046,0.439592],[0.441505,-0.317555,0.839185]],"armWidth":63.7005,"confidence":0.832517,"direction":[-0.112332,0.458522,-0.881555],"elbow":[179.234,214.301,318.67],"grabStrength":0,"id":456,"palmNormal":[0.202924,-0.857888,-0.472069],"palmPosition":[47.4636,319.295,42.5561],"palmVelocity":[4.59273,-56.2887,-131.443],"palmWidth":90.9622,"pinchStrength":0.71732,"r":[[0.978729,-0.187583,0.0830813],[0.20101,0.957814,-0.205394],[-0.0410478,0.217726,0.975146]],"s":0.853927,"sphereCenter":[50.1075,287.722,3.96196],"sphereRadius":47.3798,"stabilizedPalmPosition":[50.0095,313.32,130.937],"t":[-16.695,64.2067,-151.792],"timeVisible":0.542462,"type":"right","wrist":[60.064,300.015,92.1589]}],"id":4132431,"interactionBox":{"center":[0,200,0],"size":[235.247,235.247,147.751]},"pointables":[{"bases":[[[0.188004,0.950114,0.248874],[-0.829758,0.0180695,0.557831],[0.525506,-0.31138,0.791762]],[[-0.0627205,0.990126,-0.125368],[-0.761943,0.0336268,0.646771],[0.6446,0.136089,0.75231]],[[-0.0627205,0.990126,-0.125368],[-0.990353,-0.0461936,0.130639],[0.123558,0.132352,0.983472]],[[-0.0627205,0.990126,-0.125368],[-0.597537,-0.137867,-0.7899],[-0.799385,0.0253689,0.600284]]],"btipPosition":[17.2412,270.678,5.06423],"carpPosition":[34.917,282.574,90.1726],"dipPosition":[-1.46158,271.272,19.1087],"direction":[-0.123558,-0.132352,-0.983472],"extended":false,"handId":456,"id":4560,"length":52.1005,"mcpPosition":[34.917,282.574,90.1726],"pipPosition":[2.74992,275.783,52.6306],"stabilizedTipPosition":[14.7083,267.527,109.251],"timeVisible":0.542462,"tipPosition":[12.4621,271.51,8.63916],"tipVelocity":[16.2333,-54.3911,-149.231],"tool":false,"touchDistance":-0.488003,"touchZone":"touching","type":0,"width":20.2438},{"bases":[[[0.94006,0.305611,-0.151292],[-0.241333,0.909672,0.338016],[0.240927,-0.281243,0.928901]],[[0.967569,0.252334,0.0117288],[-0.252486,0.964624,0.07584],[0.00782317,-0.0763418,0.997051]],[[0.967569,0.252334,0.0117288],[-0.251195,0.966026,-0.0607836],[-0.0266681,0.0558662,0.998082]],[[0.967569,0.252334,0.0117288],[-0.247278,0.955624,-0.160114],[-0.0516107,0.152021,0.987029]]],"btipPosition":[21.0622,326.135,-62.1727],"carpPosition":[37.5917,306.118,89.9433],"dipPosition":[20.1806,328.732,-45.3139],"direction":[0.0266681,-0.0558662,-0.998082],"extended":true,"handId":456,"id":4561,"length":58.7895,"mcpPosition":[19.8722,326.803,21.6254],"pipPosition":[19.5362,330.082,-21.1972],"stabilizedTipPosition":[14.2766,315.904,55.5416],"timeVisible":0.542462,"tipPosition":[20.8308,326.035,-58.2435],"tipVelocity":[26.5349,-38.5337,-137.468],"tool":false,"touchDistance":-0.502888,"touchZone":"touching","type":1,"width":19.3369},{"bases":[[[0.991242,0.10522,-0.0797945],[-0.0735821,0.941848,0.327884],[0.109654,-0.319141,0.941342]],[[0.991314,0.10501,-0.0791762],[-0.129519,0.675055,-0.72631],[-0.0228216,0.730256,0.682792]],[[0.991314,0.10501,-0.0791762],[-0.0202458,-0.473007,-0.880826],[-0.129946,0.874778,-0.466772]],[[0.991314,0.10501,-0.0791762],[0.05922,-0.893969,-0.4442],[-0.117426,0.435653,-0.892422]]],"btipPosition":[47.8381,265.572,19.6075],"carpPosition":[48.4864,311.554,88.1292],"dipPosition":[45.6321,273.757,2.84222],"direction":[0.129946,-0.874778,0.466772],"extended":false,"handId":456,"id":4562,"length":66.986,"mcpPosition":[40.8384,333.813,22.4737],"pipPosition":[41.938,298.625,-10.4271],"stabilizedTipPosition":[57.3633,263.88,98.1502],"timeVisible":0.542462,"tipPosition":[47.3178,267.228,15.7494],"tipVelocity":[11.5285,-52.9367,-108.486],"tool":false,"touchDistance":0.333333,"touchZone":"none","type":2,"width":18.9914},{"bases":[[[0.999283,-0.0141932,0.0351128],[0.000958792,0.936305,0.351186],[-0.0378608,-0.3509,0.935647]],[[0.999995,-0.00198211,0.00255443],[0.00322495,0.668034,-0.744124],[-0.000231506,0.744128,0.668037]],[[0.999995,-0.00198211,0.00255443],[0.00124223,-0.493881,-0.869529],[0.00298509,0.869527,-0.493876]],[[0.999995,-0.00198211,0.00255443],[-0.000690704,-0.902773,-0.430116],[0.00315861,0.430112,-0.90277]]],"btipPosition":[62.6838,270.571,28.787],"carpPosition":[60.4443,313.949,86.6772],"dipPosition":[62.7428,278.605,11.9248],"direction":[-0.00298509,-0.869527,0.493876],"extended":false,"handId":456,"id":4563,"length":64.4088,"mcpPosition":[62.8151,335.923,28.0861],"pipPosition":[62.8255,302.685,-1.75238],"stabilizedTipPosition":[72.5503,269.347,109.769],"timeVisible":0.542462,"tipPosition":[62.6748,272.316,24.9452],"tipVelocity":[7.898,-52.6543,-135.107],"tool":false,"touchDistance":0.333333,"touchZone":"none","type":3,"width":18.0715},{"bases":[[[0.974197,-0.209219,0.0846559],[0.153023,0.887995,0.433645],[-0.165901,-0.409502,0.897098]],[[0.953372,-0.248162,0.17175],[0.294621,0.64191,-0.707919],[0.0654305,0.725511,0.685093]],[[0.953372,-0.248162,0.17175],[0.0289695,-0.491211,-0.870559],[0.300405,0.834942,-0.461117]],[[0.953372,-0.248162,0.17175],[-0.144203,-0.874496,-0.4631],[0.265119,0.41674,-0.869506]]],"btipPosition":[70.641,283.807,32.9517],"carpPosition":[73.7792,309.222,85.1721],"dipPosition":[75.2094,290.988,17.9688],"direction":[-0.300405,-0.834942,0.461117],"extended":false,"handId":456,"id":4564,"length":50.4953,"mcpPosition":[83.3961,332.959,33.1696],"pipPosition":[81.0832,307.314,8.95268],"stabilizedTipPosition":[78.1409,282.255,118.343],"timeVisible":0.542462,"tipPosition":[71.4344,285.242,30.1212],"tipVelocity":[6.48236,-54.4581,-126.297],"tool":false,"touchDistance":0.333333,"touchZone":"none","type":4,"width":16.0525}],"r":[[0.978729,-0.187583,0.0830813],[0.20101,0.957814,-0.205394],[-0.0410478,0.217726,0.975146]],"s":0.853927,"t":[-16.695,64.2067,-151.792],"timestamp":521701346385},false],[4,{"currentFrameRate":108.403,"devices":[],"gestures":[],"hands":[{"armBasis":[[0.872109,0.370439,-0.319689],[-0.212927,0.875549,0.433676],[0.440554,-0.310143,0.842451]],"armWidth":63.7005,"confidence":0.840629,"direction":[-0.111497,0.46112,-0.880305],"elbow":[178.901,215.387,318.252],"grabStrength":0,"id":456,"palmNormal":[0.208049,-0.855367,-0.474408],"palmPosition":[47.462,318.5,41.2848],"palmVelocity":[3.30081,-65.4075,-134.812],"palmWidth":90.9622,"pinchStrength":0.716484,"r":[[0.978602,-0.187282,0.0852273],[0.20115,0.957953,-0.204608],[-0.0433244,0.217373,0.975127]],"s":0.853954,"sphereCenter":[50.4809,287.065,2.54938],"sphereRadius":47.3979,"stabilizedPalmPosition":[50.0085,313.322,130.902],"t":[-16.704,63.5159,-153.007],"timeVisible":0.551296,"type":"right","wrist":[59.9876,299.1,90.8599]}],"id":4132432,"interactionBox":{"center":[0,200,0],"size":[235.247,235.247,147.751]},"pointables":[{"bases":[[[0.183186,0.950025,0.252774],[-0.831582,0.0126088,0.555259],[0.524323,-0.311918,0.792333]],[[-0.0670046,0.990163,-0.122834],[-0.764874,0.0280779,0.643567],[0.640685,0.137074,0.755469]],[[-0.0670046,0.990163,-0.122834],[-0.990362,-0.0510456,0.128754],[0.121217,0.130277,0.98404]],[[-0.0670046,0.990163,-0.122834],[-0.596833,-0.138432,-0.790334],[-0.799563,0.0203551,0.600237]]],"btipPosition":[17.5247,269.803,3.44896],"carpPosition":[34.9212,281.56,88.7332],"dipPosition":[-1.18223,270.279,17.4924],"direction":[-0.121217,-0.130277,-0.98404],"extended":false,"handId":456,"id":4560,"length":52.1005,"mcpPosition":[34.9212,281.56,88.7332],"pipPosition":[2.94948,274.72,51.0335],"stabilizedTipPosition":[14.7077,267.528,109.205],"timeVisible":0.551296,"tipPosition":[12.7742,270.604,7.03466],"tipVelocity":[20.4907,-67.2983,-158.324],"tool":false,"touchDistance":-0.491769,"touchZone":"touching","type":0,"width":20.2438},{"bases":[[[0.939227,0.310113,-0.147248],[-0.246254,0.907456,0.340414],[0.239188,-0.283465,0.928674]],[[0.966479,0.25624,0.0160782],[-0.256695,0.96318,0.0799485],[0.00499981,-0.0813957,0.996669]],[[0.966479,0.25624,0.0160782],[-0.254977,0.965279,-0.0567768],[-0.0300684,0.050774,0.998257]],[[0.966479,0.25624,0.0160782],[-0.250694,0.955367,-0.15629],[-0.0554082,0.14702,0.98758]]],"btipPosition":[21.3633,325.722,-63.5023],"carpPosition":[37.4967,305.116,88.5944],"dipPosition":[20.4169,328.233,-46.6341],"direction":[0.0300684,-0.050774,-0.998257],"extended":true,"handId":456,"id":4561,"length":58.7895,"mcpPosition":[19.9051,325.964,20.2931],"pipPosition":[19.6904,329.46,-22.5132],"stabilizedTipPosition":[14.2785,315.907,55.5087],"timeVisible":0.551296,"tipPosition":[21.1209,325.59,-59.5757],"tipVelocity":[28.1204,-41.3712,-140.926],"tool":false,"touchDistance":-0.500843,"touchZone":"touching","type":1,"width":19.3369},{"bases":[[[0.991034,0.109692,-0.0762876],[-0.0786107,0.940377,0.330925],[0.108039,-0.321961,0.940568]],[[0.991103,0.109484,-0.0756828],[-0.130108,0.677152,-0.724249],[-0.0280452,0.727652,0.685372]],[[0.991103,0.109484,-0.0756828],[-0.0154406,-0.47021,-0.882419],[-0.132198,0.875737,-0.464336]],[[0.991103,0.109484,-0.0756828],[0.0644669,-0.892364,-0.446689],[-0.116442,0.437835,-0.891483]]],"btipPosition":[48.1355,264.876,18.1547],"carpPosition":[48.3739,310.603,86.8337],"dipPosition":[45.948,273.102,1.40712],"direction":[0.132198,-0.875737,0.464336],"extended":false,"handId":456,"id":4562,"length":66.986,"mcpPosition":[40.8385,333.059,21.2322],"pipPosition":[42.1899,297.997,-11.7929],"stabilizedTipPosition":[57.3532,263.883,98.063],"timeVisible":0.551296,"tipPosition":[47.6211,266.54,14.2986],"tipVelocity":[17.641,-59.6402,-123.488],"tool":false,"touchDistance":0.333333,"touchZone":"none","type":2,"width":18.9914},{"bases":[[[0.999218,-0.0100871,0.0382282],[-0.00412081,0.935068,0.354444],[-0.0393213,-0.354324,0.934296]],[[0.999982,0.00231954,0.00550666],[0.00247546,0.677953,-0.735101],[-0.00543836,0.735101,0.677936]],[[0.999982,0.00231954,0.00550666],[0.00594312,-0.48154,-0.876404],[0.000618828,0.876421,-0.481546]],[[0.999982,0.00231954,0.00550666],[0.004507,-0.897866,-0.440246],[0.00392308,0.440263,-0.89786]]],"btipPosition":[62.9408,269.914,26.7471],"carpPosition":[60.326,313.054,85.4279],"dipPosition":[63.0141,278.137,9.97657],"direction":[-0.000618828,-0.876421,0.481546],"extended":false,"handId":456,"id":4563,"length":64.4088,"mcpPosition":[62.7883,335.243,26.9215],"pipPosition":[63.0312,302.409,-3.35914],"stabilizedTipPosition":[72.539,269.35,109.667],"timeVisible":0.551296,"tipPosition":[62.935,271.704,23.1437],"tipVelocity":[13.7275,-57.2003,-160.357],"tool":false,"touchDistance":0.333333,"touchZone":"none","type":3,"width":18.0715},{"bases":[[[0.974805,-0.205389,0.0870124],[0.147887,0.887114,0.437216],[-0.166989,-0.413332,0.895137]],[[0.953682,-0.245004,0.174536],[0.294977,0.647902,-0.702291],[0.058982,0.721246,0.690163]],[[0.953682,-0.245004,0.174536],[0.0349018,-0.486171,-0.873167],[0.298784,0.838815,-0.455101]],[[0.953682,-0.245004,0.174536],[-0.138808,-0.873165,-0.467242],[0.266875,0.421374,-0.866731]]],"btipPosition":[70.8399,283.192,31.4973],"carpPosition":[73.6856,308.389,83.9487],"dipPosition":[75.4385,290.453,16.5622],"direction":[-0.298784,-0.838815,0.455101],"extended":false,"handId":456,"id":4564,"length":50.4953,"mcpPosition":[83.3655,332.349,32.0598],"pipPosition":[81.2806,306.854,7.66366],"stabilizedTipPosition":[78.1373,282.256,118.291],"timeVisible":0.551296,"tipPosition":[71.6447,284.635,28.6945],"tipVelocity":[11.0266,-58.0081,-136.325],"tool":false,"touchDistance":0.333333,"touchZone":"none","type":4,"width":16.0525}],"r":[[0.978602,-0.187282,0.0852273],[0.20115,0.957953,-0.204608],[-0.0433244,0.217373,0.975127]],"s":0.853954,"t":[-16.704,63.5159,-153.007],"timestamp":521701355219},false],[5,{"currentFrameRate":108.472,"devices":[],"gestures":[],"hands":[{"armBasis":[[0.873166,0.366806,-0.32099],[-0.209266,0.876874,0.432782],[0.440215,-0.310718,0.842416]],"armWidth":63.7005,"confidence":0.844528,"direction":[-0.108015,0.460655,-0.880982],"elbow":[178.755,214.797,317.101],"grabStrength":0,"id":456,"palmNormal":[0.204586,-0.8569,-0.473146],"palmPosition":[47.5721,318.07,40.1032],"palmVelocity":[5.74184,-60.3834,-133.457],"palmWidth":90.9622,"pinchStrength":0.717089,"r":[[0.978291,-0.187967,0.0872657],[0.202244,0.957823,-0.204137],[-0.0452139,0.217355,0.975045]],"s":0.853894,"sphereCenter":[50.5997,286.586,1.37938],"sphereRadius":47.4165,"stabilizedPalmPosition":[50.0073,313.325,130.859],"t":[-16.6535,62.9555,-154.206],"timeVisible":0.560391,"type":"right","wrist":[59.9333,298.665,89.7179]}],"id":4132433,"interactionBox":{"center":[0,200,0],"size":[235.247,235.247,147.751]},"pointables":[{"bases":[[[0.187416,0.949415,0.251965],[-0.8323,0.0172565,0.554057],[0.521682,-0.31355,0.793432]],[[-0.0625,0.990221,-0.124728],[-0.76649,0.0324168,0.641438],[0.639208,0.135693,0.756968]],[[-0.0625,0.990221,-0.124728],[-0.990633,-0.0463467,0.128447],[0.121411,0.131588,0.983842]],[[-0.0625,0.990221,-0.124728],[-0.597542,-0.137225,-0.790009],[-0.799398,0.0251547,0.600274]]],"btipPosition":[17.4523,269.4,2.22204],"carpPosition":[34.7855,281.245,87.5752],"dipPosition":[-1.25083,269.988,16.2663],"direction":[-0.121411,-0.131588,-0.983842],"extended":false,"handId":456,"id":4560,"length":52.1005,"mcpPosition":[34.7855,281.245,87.5752],"pipPosition":[2.88747,274.473,49.8008],"stabilizedTipPosition":[14.7069,267.529,109.156],"timeVisible":0.560391,"tipPosition":[12.7238,270.229,5.81109],"tipVelocity":[12.6341,-60.1467,-151.829],"tool":false,"touchDistance":-0.489326,"touchZone":"touching","type":0,"width":20.2438},{"bases":[[[0.940924,0.305404,-0.146257],[-0.242349,0.909021,0.339039],[0.236494,-0.283565,0.929334]],[[0.967727,0.251376,0.0177612],[-0.251983,0.964384,0.0804258],[0.00308845,-0.0823057,0.996602]],[[0.967727,0.251376,0.0177612],[-0.250044,0.966588,-0.0564378],[-0.0313549,0.0501752,0.998248]],[[0.967727,0.251376,0.0177612],[-0.245647,0.956704,-0.156124],[-0.056238,0.146722,0.987578]]],"btipPosition":[21.6671,325.46,-64.7285],"carpPosition":[37.475,304.788,87.4135],"dipPosition":[20.7065,327.966,-47.8603],"direction":[0.0313549,-0.0501752,-0.998248],"extended":true,"handId":456,"id":4561,"length":58.7895,"mcpPosition":[20.0816,325.643,19.0637],"pipPosition":[19.9489,329.178,-23.7396],"stabilizedTipPosition":[14.2806,315.91,55.4754],"timeVisible":0.560391,"tipPosition":[21.4166,325.309,-60.8035],"tipVelocity":[29.4844,-37.9272,-139.235],"tool":false,"touchDistance":-0.497485,"touchZone":"touching","type":1,"width":19.3369},{"bases":[[[0.99166,0.104815,-0.0749962],[-0.0745346,0.94112,0.329753],[0.105143,-0.321413,0.941084]],[[0.991727,0.104608,-0.0743918],[-0.125838,0.67793,-0.724276],[-0.0253328,0.727646,0.685485]],[[0.991727,0.104608,-0.0743918],[-0.0165579,-0.470449,-0.882272],[-0.12729,0.876205,-0.464825]],[[0.991727,0.104608,-0.0743918],[0.0607816,-0.893147,-0.445638],[-0.11306,0.43743,-0.892117]]],"btipPosition":[48.0109,264.45,16.9677],"carpPosition":[48.3811,310.221,85.6622],"dipPosition":[45.8869,272.668,0.208137],"direction":[0.12729,-0.876205,0.464825],"extended":false,"handId":456,"id":4562,"length":66.986,"mcpPosition":[41.0477,332.638,20.0248],"pipPosition":[42.2683,297.576,-13.0058],"stabilizedTipPosition":[57.3429,263.886,97.9742],"timeVisible":0.560391,"tipPosition":[47.5137,266.108,13.1351],"tipVelocity":[9.40355,-56.153,-125.519],"tool":false,"touchDistance":0.333333,"touchZone":"none","type":2,"width":18.9914},{"bases":[[[0.999102,-0.0148722,0.0396661],[-0.000104795,0.935478,0.353384],[-0.0423623,-0.353071,0.934637]],[[0.999973,-0.0024769,0.00685339],[0.00670858,0.680172,-0.733022],[-0.00284586,0.733048,0.680171]],[[0.999973,-0.0024769,0.00685339],[0.00482787,-0.47928,-0.877649],[0.00545854,0.877658,-0.479255]],[[0.999973,-0.0024769,0.00685339],[0.000800558,-0.897432,-0.441152],[0.00724314,0.441146,-0.897406]]],"btipPosition":[62.8403,269.434,25.3967],"carpPosition":[60.3469,312.612,84.2707],"dipPosition":[62.9756,277.674,8.63472],"direction":[-0.00545854,-0.877658,0.479255],"extended":false,"handId":456,"id":4563,"length":64.4088,"mcpPosition":[62.9997,334.722,25.7429],"pipPosition":[63.1268,301.98,-4.63756],"stabilizedTipPosition":[72.5289,269.352,109.575],"timeVisible":0.560391,"tipPosition":[62.8485,271.221,21.8643],"tipVelocity":[7.29733,-55.8457,-157.004],"tool":false,"touchDistance":0.333333,"touchZone":"none","type":3,"width":18.0715},{"bases":[[[0.973676,-0.209999,0.0886354],[0.151551,0.886884,0.436427],[-0.170258,-0.411505,0.895363]],[[0.952055,-0.24968,0.176781],[0.299908,0.64766,-0.700422],[0.0603873,0.719858,0.691489]],[[0.952055,-0.24968,0.176781],[0.034929,-0.485359,-0.873617],[0.303926,0.837906,-0.453368]],[[0.952055,-0.24968,0.176781],[-0.142002,-0.872495,-0.467534],[0.270974,0.420015,-0.866118]]],"btipPosition":[70.8088,282.668,30.26],"carpPosition":[73.6859,307.881,82.8158],"dipPosition":[75.4781,289.905,15.3354],"direction":[-0.303926,-0.837906,0.453368],"extended":false,"handId":456,"id":4564,"length":50.4953,"mcpPosition":[83.5553,331.735,30.9139],"pipPosition":[81.4207,306.289,6.47082],"stabilizedTipPosition":[78.1335,282.257,118.237],"timeVisible":0.560391,"tipPosition":[71.635,284.108,27.4739],"tipVelocity":[7.51998,-58.0573,-136.172],"tool":false,"touchDistance":0.333333,"touchZone":"none","type":4,"width":16.0525}],"r":[[0.978291,-0.187967,0.0872657],[0.202244,0.957823,-0.204137],[-0.0452139,0.217355,0.975045]],"s":0.853894,"t":[-16.6535,62.9555,-154.206],"timestamp":521701364314},false],[6,{"currentFrameRate":108.6,"devices":[],"gestures":[],"hands":[{"armBasis":[[0.871607,0.366871,-0.325127],[-0.208449,0.877675,0.43155],[0.443679,-0.308369,0.841461]],"armWidth":63.7005,"confidence":0.853873,"direction":[-0.104615,0.460796,-0.881319],"elbow":[179.607,215.136,315.684],"grabStrength":0,"id":456,"palmNormal":[0.203862,-0.857427,-0.472504],"palmPosition":[47.6651,317.797,38.9097],"palmVelocity":[7.00546,-52.1615,-133.319],"palmWidth":90.9622,"pinchStrength":0.719179,"r":[[0.977904,-0.188965,0.0894189],[0.203669,0.95762,-0.203674],[-0.0471421,0.217385,0.974947]],"s":0.853862,"sphereCenter":[50.8047,286.319,0.175461],"sphereRadius":47.4361,"stabilizedPalmPosition":[50.0062,313.327,130.815],"t":[-16.5817,62.539,-155.402],"timeVisible":0.569368,"type":"right","wrist":[59.8498,298.37,88.5592]}],"id":4132434,"interactionBox":{"center":[0,200,0],"size":[235.247,235.247,147.751]},"pointables":[{"bases":[[[0.188938,0.94901,0.252352],[-0.833724,0.0192441,0.551846],[0.518851,-0.314657,0.794849]],[[-0.0603649,0.990226,-0.12573],[-0.768975,0.0341766,0.638364],[0.636422,0.135218,0.759396]],[[-0.0603649,0.990226,-0.12573],[-0.990955,-0.0443269,0.126662],[0.11985,0.132239,0.983946]],[[-0.0603649,0.990226,-0.12573],[-0.59583,-0.136804,-0.791373],[-0.800839,0.0271426,0.598264]]],"btipPosition":[17.5603,269.117,0.92095],"carpPosition":[34.6676,281.007,86.3519],"dipPosition":[-1.17645,269.752,14.9182],"direction":[-0.11985,-0.132239,-0.983945],"extended":false,"handId":456,"id":4560,"length":52.1005,"mcpPosition":[34.6676,281.007,86.3519],"pipPosition":[2.90867,274.26,48.4562],"stabilizedTipPosition":[14.7063,267.53,109.109],"timeVisible":0.569368,"tipPosition":[12.8324,269.959,4.49599],"tipVelocity":[12.2348,-51.9583,-150.27],"tool":false,"touchDistance":-0.488405,"touchZone":"touching","type":0,"width":20.2438},{"bases":[[[0.942011,0.303214,-0.143796],[-0.241148,0.909619,0.338291],[0.233374,-0.283998,0.92999]],[[0.968292,0.248951,0.0208444],[-0.249822,0.964828,0.0818324],[0.00026097,-0.084445,0.996428]],[[0.968292,0.248951,0.0208444],[-0.24751,0.96731,-0.0552247],[-0.0339113,0.0483144,0.998256]],[[0.968292,0.248951,0.0208444],[-0.242856,0.957576,-0.155141],[-0.0585828,0.14516,0.987672]]],"btipPosition":[22.0567,325.412,-65.9901],"carpPosition":[37.412,304.544,86.1946],"dipPosition":[21.0561,327.891,-49.1203],"direction":[0.0339113,-0.0483144,-0.998256],"extended":true,"handId":456,"id":4561,"length":58.7895,"mcpPosition":[20.2479,325.432,17.7965],"pipPosition":[20.2367,329.058,-24.9994],"stabilizedTipPosition":[14.2825,315.913,55.4448],"timeVisible":0.569368,"tipPosition":[21.797,325.235,-62.0672],"tipVelocity":[33.017,-29.1963,-139.579],"tool":false,"touchDistance":-0.494988,"touchZone":"touching","type":1,"width":19.3369},{"bases":[[[0.992095,0.102517,-0.0723785],[-0.0732364,0.94133,0.329446],[0.101906,-0.321541,0.941396]],[[0.992161,0.102305,-0.0717592],[-0.122413,0.68028,-0.722658],[-0.0251155,0.725777,0.687471]],[[0.992161,0.102305,-0.0717592],[-0.0156134,-0.468255,-0.883455],[-0.123984,0.877651,-0.462987]],[[0.992161,0.102305,-0.0717592],[0.0597468,-0.892714,-0.446646],[-0.109755,0.438858,-0.891828]]],"btipPosition":[48.0242,264.212,15.6019],"carpPosition":[48.3351,309.952,84.4716],"dipPosition":[45.9623,272.457,-1.15226],"direction":[0.123984,-0.877651,0.462987],"extended":false,"handId":456,"id":4562,"length":66.986,"mcpPosition":[41.2275,332.378,18.8123],"pipPosition":[42.4377,297.406,-14.3139],"stabilizedTipPosition":[57.3341,263.888,97.8966],"timeVisible":0.569368,"tipPosition":[47.5477,265.876,11.8359],"tipVelocity":[7.66816,-47.8436,-132.776],"tool":false,"touchDistance":0.333333,"touchZone":"none","type":2,"width":18.9914},{"bases":[[[0.998957,-0.0171729,0.0423168],[0.00111724,0.935519,0.353275],[-0.045655,-0.352859,0.934562]],[[0.999944,-0.00477397,0.00947977],[0.0101964,0.680115,-0.733035],[-0.00294785,0.73309,0.680125]],[[0.999944,-0.00477397,0.00947977],[0.00602873,-0.47962,-0.877455],[0.00873564,0.877463,-0.479564]],[[0.999944,-0.00477397,0.00947977],[-0.000108197,-0.897677,-0.440653],[0.0106134,0.440627,-0.897627]]],"btipPosition":[62.8605,269.138,24.257],"carpPosition":[60.3101,312.316,83.1115],"dipPosition":[63.0588,277.368,7.49082],"direction":[-0.00873564,-0.877463,0.479564],"extended":false,"handId":456,"id":4563,"length":64.4088,"mcpPosition":[63.169,334.412,24.5884],"pipPosition":[63.3007,301.668,-5.79001],"stabilizedTipPosition":[72.5205,269.353,109.497],"timeVisible":0.569368,"tipPosition":[62.8823,270.92,20.7158],"tipVelocity":[6.35655,-49.6728,-148.803],"tool":false,"touchDistance":0.333333,"touchZone":"none","type":3,"width":18.0715},{"bases":[[[0.97295,-0.212234,0.091241],[0.15244,0.886585,0.436725],[-0.173581,-0.411003,0.894956]],[[0.950836,-0.252097,0.179884],[0.303977,0.648613,-0.697782],[0.0592336,0.718157,0.693356]],[[0.950836,-0.252097,0.179884],[0.0371536,-0.483792,-0.874394],[0.307458,0.838089,-0.45064]],[[0.950836,-0.252097,0.179884],[-0.142435,-0.871742,-0.468806],[0.274996,0.420135,-0.864791]]],"btipPosition":[70.8598,282.366,29.0181],"carpPosition":[73.6419,307.553,81.6925],"dipPosition":[75.5984,289.605,14.1165],"direction":[-0.307458,-0.838089,0.45064],"extended":false,"handId":456,"id":4564,"length":50.4953,"mcpPosition":[83.7039,331.378,29.8142],"pipPosition":[81.6101,305.992,5.30517],"stabilizedTipPosition":[78.1301,282.258,118.186],"timeVisible":0.569368,"tipPosition":[71.7063,283.808,26.2473],"tipVelocity":[7.5038,-51.364,-136.605],"tool":false,"touchDistance":