{"sensorType":"Leap","data":[[0,{"currentFrameRate":108.317,"devices":[],"gestures":[],"hands":[{"armBasis":[[0.86729,0.437624,-0.237262],[-0.200275,0.743089,0.63852],[0.455739,-0.506265,0.732119]],"armWidth":63.7005,"confidence":0.862142,"direction":[-0.173164,0.56185,-0.808912],"elbow":[198.248,167.166,286.24],"grabStrength":0,"id":419,"palmNormal":[0.211852,-0.780846,-0.587706],"palmPosition":[59.4731,328.692,42.5456],"palmVelocity":[68.9509,64.8894,-134.983],"palmWidth":90.9622,"pinchStrength":0.575655,"r":[[0.964976,0.257944,0.0478072],[-0.258681,0.965913,0.00983584],[-0.0436405,-0.0218582,0.998808]],"s":0.978123,"sphereCenter":[66.6732,302.903,1.26889],"sphereRadius":47.3423,"stabilizedPalmPosition":[53.7954,304.83,112.976],"t":[-20.7682,126.586,-167.361],"timeVisible":0.60547,"type":"right","wrist":[75.2357,303.815,88.6283]}],"id":4114960,"interactionBox":{"center":[0,200,0],"size":[235.247,235.247,147.751]},"pointables":[{"bases":[[[0.163765,0.917955,0.361302],[-0.801245,-0.0898858,0.591546],[0.575489,-0.386366,0.720787]],[[-0.0441844,0.994841,0.0913192],[-0.829385,-0.0874858,0.551785],[0.556928,-0.0513585,0.828972]],[[-0.0441844,0.994841,0.0913192],[-0.977711,-0.061841,0.200641],[0.205254,-0.0804186,0.975399]],[[-0.0441844,0.994841,0.0913192],[-0.665005,0.038926,-0.745823],[-0.74553,-0.0936815,0.659855]]],"btipPosition":[33.3583,293.174,-4.54108],"carpPosition":[50.7036,285.679,85.5115],"dipPosition":[15.9155,290.983,10.8972],"direction":[-0.205254,0.0804186,-0.975399],"extended":false,"handId":419,"id":4190,"length":52.1005,"mcpPosition":[50.7036,285.679,85.5115],"pipPosition":[22.9116,288.241,44.1438],"stabilizedTipPosition":[17.182,273.494,80.5761],"timeVisible":0.60547,"tipPosition":[28.6282,293.613,-0.495334],"tipVelocity":[83.099,66.9372,-153.084],"tool":false,"touchDistance":-0.502532,"touchZone":"touching","type":0,"width":20.2438},{"bases":[[[0.919109,0.363597,-0.151774],[-0.258787,0.847566,0.463316],[0.297099,-0.386561,0.8731]],[[0.943589,0.324396,-0.0663871],[-0.310703,0.936744,0.161167],[0.11447,-0.131449,0.984692]],[[0.943589,0.324396,-0.0663871],[-0.32358,0.945921,0.0229926],[0.0702557,-0.000214003,0.997529]],[[0.943589,0.324396,-0.0663871],[-0.328972,0.941231,-0.0765628],[0.037649,0.0940833,0.994852]]],"btipPosition":[23.3575,341.629,-59.3855],"carpPosition":[52.4653,309.155,88.216],"dipPosition":[24.0006,343.236,-42.3931],"direction":[-0.0702557,0.000214003,-0.997529],"extended":true,"handId":419,"id":4191,"length":58.7895,"mcpPosition":[30.6146,337.585,24.002],"pipPosition":[25.6982,343.231,-18.2898],"stabilizedTipPosition":[7.93774,321.205,20.2333],"timeVisible":0.60547,"tipPosition":[23.3218,341.978,-55.3852],"tipVelocity":[91.8492,80.7333,-141.279],"tool":false,"touchDistance":-0.500729,"touchZone":"touching","type":1,"width":19.3369},{"bases":[[[0.981358,0.158176,-0.109165],[-0.0930894,0.888141,0.450043],[0.16814,-0.431492,0.886309]],[[0.980687,0.159876,-0.112658],[-0.189658,0.636679,-0.747442],[-0.0477713,0.754374,0.654705]],[[0.980687,0.159876,-0.112658],[-0.0134352,-0.519586,-0.854312],[-0.19512,0.839327,-0.507404]],[[0.980687,0.159876,-0.112658],[0.0944739,-0.891588,-0.442883],[-0.171251,0.423686,-0.889473]]],"btipPosition":[62.3807,277.178,24.4118],"carpPosition":[63.0421,315.252,86.6421],"dipPosition":[59.1636,285.137,7.70192],"direction":[0.19512,-0.839327,0.507404],"extended":false,"handId":419,"id":4192,"length":66.986,"mcpPosition":[51.3149,345.347,24.825],"pipPosition":[53.6168,308.997,-6.7224],"stabilizedTipPosition":[58.7365,255.877,91.6141],"timeVisible":0.60547,"tipPosition":[61.6838,278.924,21.2772],"tipVelocity":[71.3644,69.0468,-158.499],"tool":false,"touchDistance":0.333333,"touchZone":"none","type":2,"width":18.9914},{"bases":[[[0.999611,0.0255497,-0.0111606],[-0.0173306,0.882965,0.469118],[0.0218402,-0.468743,0.883065]],[[0.99862,0.038554,-0.0356737],[-0.051811,0.61129,-0.789709],[-0.00863945,0.790467,0.612444]],[[0.99862,0.038554,-0.0356737],[-0.00737653,-0.569491,-0.821964],[-0.0520059,0.821093,-0.568421]],[[0.99862,0.038554,-0.0356737],[0.020951,-0.915154,-0.402559],[-0.0481672,0.401256,-0.914699]]],"btipPosition":[76.1717,282.151,35.1591],"carpPosition":[74.8136,318.339,84.9862],"dipPosition":[75.2721,289.646,18.0741],"direction":[0.0520059,-0.821093,0.568421],"extended":false,"handId":419,"id":4193,"length":64.4088,"mcpPosition":[73.446,347.692,29.6879],"pipPosition":[73.8318,312.385,2.33251],"stabilizedTipPosition":[73.278,261.159,100.66],"timeVisible":0.60547,"tipPosition":[75.9494,283.813,31.4777],"tipVelocity":[70.7193,69.1591,-136.468],"tool":false,"touchDistance":0.333333,"touchZone":"none","type":3,"width":18.0715},{"bases":[[[0.984451,-0.175119,0.0137621],[0.140355,0.831286,0.537833],[-0.105625,-0.527539,0.842939]],[[0.962104,-0.242775,0.124164],[0.249632,0.600935,-0.759317],[0.109728,0.761537,0.638766]],[[0.962104,-0.242775,0.124164],[-0.0311035,-0.550075,-0.834536],[0.270904,0.799048,-0.53678]],[[0.962104,-0.242775,0.124164],[-0.165792,-0.882313,-0.440497],[0.216493,0.403218,-0.889126]]],"btipPosition":[81.4448,295.524,36.6686],"carpPosition":[88.2282,314.435,82.2944],"dipPosition":[85.1753,302.472,21.3476],"direction":[-0.270904,-0.799048,0.53678],"extended":false,"handId":419,"id":4194,"length":50.4953,"mcpPosition":[94.351,345.015,33.4314],"pipPosition":[90.4723,318.096,10.852],"stabilizedTipPosition":[77.5528,274.901,100.757],"timeVisible":0.60547,"tipPosition":[82.1332,297.113,33.075],"tipVelocity":[79.404,65.9047,-134.504],"tool":false,"touchDistance":0.333333,"touchZone":"none","type":4,"width":16.0525}],"r":[[0.964976,0.257944,0.0478072],[-0.258681,0.965913,0.00983584],[-0.0436405,-0.0218582,0.998808]],"s":0.978123,"t":[-20.7682,126.586,-167.361],"timestamp":521485736827},false],[1,{"currentFrameRate":108.415,"devices":[],"gestures":[],"hands":[{"armBasis":[[0.866462,0.438141,-0.239325],[-0.199739,0.743567,0.638133],[0.457546,-0.505115,0.731786]],"armWidth":63.7005,"confidence":0.869471,"direction":[-0.171404,0.563604,-0.808066],"elbow":[199.29,167.66,284.96],"grabStrength":0,"id":419,"palmNormal":[0.210834,-0.780219,-0.588903],"palmPosition":[60.1145,328.988,41.3867],"palmVelocity":[69.4893,55.9909,-133.084],"palmWidth":90.9622,"pinchStrength":0.576354,"r":[[0.965128,0.256994,0.0498111],[-0.257807,0.966139,0.0105396],[-0.0454159,-0.0230137,0.998703]],"s":0.977832,"sphereCenter":[67.3791,303.26,0.0578867],"sphereRadius":47.3405,"stabilizedPalmPosition":[53.8367,304.988,112.508],"t":[-20.1323,127.037,-168.567],"timeVisible":0.614517,"type":"right","wrist":[75.7907,303.999,87.4386]}],"id":4114961,"interactionBox":{"center":[0,200,0],"size":[235.247,235.247,147.751]},"pointables":[{"bases":[[[0.165235,0.917001,0.363053],[-0.80191,-0.0893772,0.590721],[0.57414,-0.388744,0.720584]],[[-0.0426161,0.994785,0.0926609],[-0.830763,-0.086803,0.549816],[0.554992,-0.0535483,0.830131]],[[-0.0426161,0.994785,0.0926609],[-0.97792,-0.060525,0.200023],[0.204588,-0.0820908,0.9754]],[[-0.0426161,0.994785,0.0926609],[-0.664142,0.0410803,-0.746477],[-0.746391,-0.093352,0.658928]]],"btipPosition":[34.0203,293.57,-5.81919],"carpPosition":[51.2263,285.915,84.2695],"dipPosition":[16.5574,291.386,9.59739],"direction":[-0.204588,0.0820908,-0.9754],"extended":false,"handId":419,"id":4190,"length":52.1005,"mcpPosition":[51.2263,285.915,84.2695],"pipPosition":[23.5309,288.587,42.8441],"stabilizedTipPosition":[17.2476,273.594,80.1525],"timeVisible":0.614517,"tipPosition":[29.2952,293.989,-1.78158],"tipVelocity":[80.2216,60.5809,-149.979],"tool":false,"touchDistance":-0.499858,"touchZone":"touching","type":0,"width":20.2438},{"bases":[[[0.919936,0.362087,-0.15037],[-0.257537,0.847248,0.464591],[0.295624,-0.388668,0.872665]],[[0.944304,0.322616,-0.0648802],[-0.309002,0.937104,0.162336],[0.113172,-0.133246,0.9846]],[[0.944304,0.322616,-0.0648802],[-0.321685,0.946527,0.0245931],[0.069345,-0.00235235,0.99759]],[[0.944304,0.322616,-0.0648802],[-0.326984,0.942076,-0.0746638],[0.0370344,0.0917202,0.995096]]],"btipPosition":[24.1199,342.182,-60.5544],"carpPosition":[53.031,309.383,87.0168],"dipPosition":[24.7525,343.748,-43.5578],"direction":[-0.069345,0.00235235,-0.99759],"extended":true,"handId":419,"id":4191,"length":58.7895,"mcpPosition":[31.2887,337.969,22.8348],"pipPosition":[26.4281,343.691,-19.453],"stabilizedTipPosition":[8.28323,321.656,18.6065],"timeVisible":0.614517,"tipPosition":[24.0803,342.519,-56.5537],"tipVelocity":[89.6859,75.0329,-137.919],"tool":false,"touchDistance":-0.496508,"touchZone":"touching","type":1,"width":19.3369},{"bases":[[[0.981752,0.156472,-0.108071],[-0.09175,0.887527,0.451528],[0.166567,-0.433373,0.885688]],[[0.981086,0.158184,-0.111572],[-0.187814,0.638329,-0.7465],[-0.0468647,0.753335,0.655965]],[[0.981086,0.158184,-0.111572],[-0.0137141,-0.518133,-0.85519],[-0.193086,0.840545,-0.506164]],[[0.981086,0.158184,-0.111572],[0.0931396,-0.891033,-0.44428],[-0.169692,0.425485,-0.888914]]],"btipPosition":[62.9383,277.501,23.169],"carpPosition":[63.6208,315.463,85.4625],"dipPosition":[59.7505,285.495,6.46962],"direction":[0.193086,-0.840545,0.506164],"extended":false,"handId":419,"id":4192,"length":66.986,"mcpPosition":[52.0033,345.689,23.6886],"pipPosition":[54.2615,309.389,-7.91946],"stabilizedTipPosition":[58.7465,255.945,91.4042],"timeVisible":0.614517,"tipPosition":[62.2469,279.254,20.0297],"tipVelocity":[68.8867,60.1068,-152.599],"tool":false,"touchDistance":0.333333,"touchZone":"none","type":2,"width":18.9914},{"bases":[[[0.999668,0.023638,-0.0102854],[-0.0160172,0.882171,0.470656],[0.0201988,-0.470335,0.882257]],[[0.998731,0.0365951,-0.0346032],[-0.0498165,0.616714,-0.785609],[-0.00740916,0.786336,0.617754]],[[0.998731,0.0365951,-0.0346032],[-0.0079457,-0.563965,-0.82576],[-0.0497337,0.824987,-0.562958]],[[0.998731,0.0365951,-0.0346032],[0.0193548,-0.913173,-0.407112],[-0.046497,0.405926,-0.912723]]],"btipPosition":[76.7115,282.431,33.6199],"carpPosition":[75.3997,318.529,83.8217],"dipPosition":[75.843,290.013,16.5718],"direction":[0.0497337,-0.824987,0.562958],"extended":false,"handId":419,"id":4193,"length":64.4088,"mcpPosition":[74.1348,347.982,28.5741],"pipPosition":[74.4657,312.86,0.981474],"stabilizedTipPosition":[73.2884,261.232,100.433],"timeVisible":0.614517,"tipPosition":[76.5038,284.115,30.0417],"tipVelocity":[67.8883,59.2362,-145.494],"tool":false,"touchDistance":0.333333,"touchZone":"none","type":3,"width":18.0715},{"bases":[[[0.984099,-0.177044,0.0142717],[0.14151,0.830067,0.539411],[-0.107346,-0.528814,0.841922]],[[0.962042,-0.243754,0.122714],[0.249337,0.602306,-0.758326],[0.110934,0.760139,0.64022]],[[0.962042,-0.243754,0.122714],[-0.0325572,-0.548968,-0.835209],[0.270952,0.799511,-0.536067]],[[0.962042,-0.243754,0.122714],[-0.16714,-0.881743,-0.441128],[0.215729,0.403873,-0.889015]]],"btipPosition":[82.0949,295.797,35.5001],"carpPosition":[88.8089,314.605,81.1343],"dipPosition":[85.8123,302.756,20.181],"direction":[-0.270952,-0.799511,0.536067],"extended":false,"handId":419,"id":4194,"length":50.4953,"mcpPosition":[95.0315,345.259,32.3302],"pipPosition":[91.1101,318.389,9.69943],"stabilizedTipPosition":[77.5829,275.026,100.374],"timeVisible":0.614517,"tipPosition":[82.7642,297.387,31.8982],"tipVelocity":[77.2303,56.1239,-133.016],"tool":false,"touchDistance":0.333333,"touchZone":"none","type":4,"width":16.0525}],"r":[[0.965128,0.256994,0.0498111],[-0.257807,0.966139,0.0105396],[-0.0454159,-0.0230137,0.998703]],"s":0.977832,"t":[-20.1323,127.037,-168.567],"timestamp":521485745874},false],[2,{"currentFrameRate":108.511,"devices":[],"gestures":[],"hands":[{"armBasis":[[0.867243,0.435593,-0.24114],[-0.198504,0.746676,0.634879],[0.456602,-0.502727,0.734016]],"armWidth":63.7005,"confidence":0.880885,"direction":[-0.169259,0.565371,-0.807283],"elbow":[199.536,168.363,284.428],"grabStrength":0,"id":419,"palmNormal":[0.208451,-0.780036,-0.589994],"palmPosition":[60.7134,329.166,40.2845],"palmVelocity":[68.5886,46.0012,-129.991],"palmWidth":90.9622,"pinchStrength":0.577247,"r":[[0.965413,0.255578,0.0515555],[-0.256469,0.966485,0.0113746],[-0.0469206,-0.0242036,0.998605]],"s":0.976991,"sphereCenter":[68.0277,303.468,-1.11412],"sphereRadius":47.3245,"stabilizedPalmPosition":[53.8847,305.157,112.004],"t":[-19.515,127.353,-169.721],"timeVisible":0.623561,"type":"right","wrist":[76.291,304.058,86.3045]}],"id":4114962,"interactionBox":{"center":[0,200,0],"size":[235.247,235.247,147.751]},"pointables":[{"bases":[[[0.168147,0.915906,0.364475],[-0.802405,-0.0875998,0.590316],[0.572602,-0.391716,0.720198]],[[-0.0395568,0.9948,0.0938543],[-0.832153,-0.0847928,0.548026],[0.553134,-0.056423,0.831179]],[[-0.0395568,0.9948,0.0938543],[-0.978171,-0.0577287,0.19962],[0.204,-0.0839093,0.975368]],[[-0.0395568,0.9948,0.0938543],[-0.663462,0.0440856,-0.74691],[-0.747164,-0.0918141,0.658268]]],"btipPosition":[34.5927,293.884,-7.02442],"carpPosition":[51.6678,286.06,83.1001],"dipPosition":[17.1118,291.736,8.37671],"direction":[-0.204,0.0839093,-0.975368],"extended":false,"handId":419,"id":4190,"length":52.1005,"mcpPosition":[51.6678,286.06,83.1001],"pipPosition":[24.0651,288.876,41.6223],"stabilizedTipPosition":[17.3234,273.707,79.6768],"timeVisible":0.623561,"tipPosition":[29.8687,294.283,-2.99319],"tipVelocity":[75.4265,53.7033,-145.478],"tool":false,"touchDistance":-0.496338,"touchZone":"touching","type":0,"width":20.2438},{"bases":[[[0.921182,0.359261,-0.149519],[-0.254888,0.847404,0.465767],[0.294035,-0.390945,0.872184]],[[0.945425,0.319507,-0.0639244],[-0.305924,0.937927,0.163412],[0.112168,-0.134938,0.984485]],[[0.945425,0.319507,-0.0639244],[-0.318467,0.947574,0.0261313],[0.0689222,-0.0043474,0.997613]],[[0.945425,0.319507,-0.0639244],[-0.323727,0.943345,-0.0728054],[0.0370409,0.0895261,0.995295]]],"btipPosition":[24.8083,342.642,-61.6519],"carpPosition":[53.5493,309.517,85.883],"dipPosition":[25.441,344.171,-44.6519],"direction":[-0.0689222,0.0043474,-0.997613],"extended":true,"handId":419,"id":4191,"length":58.7895,"mcpPosition":[31.9239,338.27,21.7363],"pipPosition":[27.1064,344.066,-20.5466],"stabilizedTipPosition":[8.67171,322.153,16.8274],"timeVisible":0.623561,"tipPosition":[24.7675,342.969,-57.6508],"tipVelocity":[85.9457,68.1098,-133.327],"tool":false,"touchDistance":-0.491641,"touchZone":"touching","type":1,"width":19.3369},{"bases":[[[0.982302,0.153379,-0.107505],[-0.0889648,0.887153,0.452819],[0.164827,-0.435241,0.885098]],[[0.981636,0.155116,-0.111038],[-0.185476,0.640005,-0.745649],[-0.0445967,0.752551,0.657023]],[[0.981636,0.155116,-0.111038],[-0.0150836,-0.51714,-0.855768],[-0.190165,0.841728,-0.505303]],[[0.981636,0.155116,-0.111038],[0.0904274,-0.890895,-0.445117],[-0.167968,0.426902,-0.888562]]],"btipPosition":[63.374,277.711,22.0069],"carpPosition":[64.1598,315.564,84.3413],"dipPosition":[60.2185,285.731,5.31419],"direction":[0.190165,-0.841728,0.505303],"extended":false,"handId":419,"id":4192,"length":66.986,"mcpPosition":[52.6636,345.921,22.6086],"pipPosition":[54.8125,309.659,-9.05044],"stabilizedTipPosition":[58.7581,256.015,91.1871],"timeVisible":0.623561,"tipPosition":[62.6882,279.466,18.8497],"tipVelocity":[63.4023,50.1047,-145.905],"tool":false,"touchDistance":0.333333,"touchZone":"none","type":2,"width":18.9914},{"bases":[[[0.999744,0.0203415,-0.00991174],[-0.0132568,0.881518,0.471965],[0.0183379,-0.471713,0.881562]],[[0.998873,0.0331877,-0.0339298],[-0.0472476,0.627412,-0.777253],[-0.00450727,0.77798,0.628273]],[[0.998873,0.0331877,-0.0339298],[-0.00999597,-0.551745,-0.833953],[-0.0463975,0.833352,-0.550791]],[[0.998873,0.0331877,-0.0339298],[0.016011,-0.908596,-0.417369],[-0.04468,0.416355,-0.908103]]],"btipPosition":[77.1217,282.529,31.6577],"carpPosition":[75.9493,318.594,82.7091],"dipPosition":[76.2872,290.306,14.6959],"direction":[0.0463975,-0.833352,0.550791],"extended":false,"handId":419,"id":4193,"length":64.4088,"mcpPosition":[74.8009,348.133,27.505],"pipPosition":[75.0023,313.384,-0.557452],"stabilizedTipPosition":[73.2992,261.301,100.217],"timeVisible":0.623561,"tipPosition":[76.9353,284.277,28.327],"tipVelocity":[61.914,47.2573,-164.593],"tool":false,"touchDistance":0.333333,"touchZone":"none","type":3,"width":18.0715},{"bases":[[[0.983503,-0.180325,0.0143409],[0.144074,0.828789,0.540695],[-0.109386,-0.529709,0.841096]],[[0.961671,-0.246086,0.120959],[0.24987,0.604766,-0.75619],[0.112936,0.75743,0.643075]],[[0.961671,-0.246086,0.120959],[-0.0344622,-0.546093,-0.837015],[0.272033,0.800764,-0.533642]],[[0.961671,-0.246086,0.120959],[-0.169542,-0.880318,-0.443052],[0.215512,0.405562,-0.888298]]],"btipPosition":[82.6625,295.916,34.2734],"carpPosition":[89.3464,314.629,80.0203],"dipPosition":[86.3761,302.904,18.9666],"direction":[-0.272033,-0.800765,0.533642],"extended":false,"handId":419,"id":4194,"length":50.4953,"mcpPosition":[95.6872,345.335,31.2641],"pipPosition":[91.6951,318.561,8.53242],"stabilizedTipPosition":[77.6169,275.155,99.9751],"timeVisible":0.623561,"tipPosition":[83.3129,297.511,30.7091],"tipVelocity":[73.2135,44.4684,-133.654],"tool":false,"touchDistance":0.333333,"touchZone":"none","type":4,"width":16.0525}],"r":[[0.965413,0.255578,0.0515555],[-0.256469,0.966485,0.0113746],[-0.0469206,-0.0242036,0.998605]],"s":0.976991,"t":[-19.515,127.353,-169.721],"timestamp":521485754918},false],[3,{"currentFrameRate":108.503,"devices":[],"gestures":[],"hands":[{"armBasis":[[0.870172,0.430165,-0.240329],[-0.196834,0.750581,0.630781],[0.451726,-0.501583,0.737806]],"armWidth":63.7005,"confidence":0.881396,"direction":[-0.166995,0.56558,-0.807608],"elbow":[198.682,168.693,284.692],"grabStrength":0,"id":419,"palmNormal":[0.205803,-0.781072,-0.589552],"palmPosition":[61.2787,329.221,39.5087],"palmVelocity":[66.5267,34.755,-117.104],"palmWidth":90.9622,"pinchStrength":0.579372,"r":[[0.965817,0.253752,0.052979],[-0.254703,0.966946,0.0119352],[-0.0481993,-0.0250211,0.998524]],"s":0.975636,"sphereCenter":[68.6271,303.461,-1.91403],"sphereRadius":47.3041,"stabilizedPalmPosition":[53.9403,305.338,111.459],"t":[-18.9236,127.537,-170.686],"timeVisible":0.632791,"type":"right","wrist":[76.7527,304.079,85.5454]}],"id":4114963,"interactionBox":{"center":[0,200,0],"size":[235.247,235.247,147.751]},"pointables":[{"bases":[[[0.171346,0.915474,0.364072],[-0.80288,-0.0844167,0.590134],[0.570986,-0.393423,0.720551]],[[-0.0361608,0.994997,0.093134],[-0.833445,-0.0814496,0.546567],[0.551418,-0.0578577,0.83222]],[[-0.0361608,0.994997,0.093134],[-0.978453,-0.0542077,0.199227],[0.203279,-0.083923,0.975518]],[[-0.0361608,0.994997,0.093134],[-0.662391,0.0459181,-0.74775],[-0.748285,-0.0887304,0.657416]]],"btipPosition":[35.1272,293.992,-7.81868],"carpPosition":[52.0658,286.168,82.343],"dipPosition":[17.6199,291.916,7.56253],"direction":[-0.203279,0.083923,-0.975518],"extended":false,"handId":419,"id":4190,"length":52.1005,"mcpPosition":[52.0658,286.168,82.343],"pipPosition":[24.5487,289.056,40.8132],"stabilizedTipPosition":[17.4101,273.831,79.1482],"timeVisible":0.632791,"tipPosition":[30.4001,294.379,-3.80092],"tipVelocity":[70.3268,42.4383,-128.948],"tool":false,"touchDistance":-0.48702,"touchZone":"touching","type":0,"width":20.2438},{"bases":[[[0.922512,0.355865,-0.149437],[-0.251962,0.848546,0.465279],[0.292381,-0.391573,0.872459]],[[0.946631,0.315976,-0.0636285],[-0.30254,0.939144,0.16272],[0.111172,-0.134786,0.984618]],[[0.946631,0.315976,-0.0636285],[-0.314943,0.948756,0.0259231],[0.068559,-0.00450027,0.997637]],[[0.946631,0.315976,-0.0636285],[-0.320172,0.944569,-0.0726562],[0.0371439,0.0891506,0.995325]]],"btipPosition":[25.4615,342.794,-62.4471],"carpPosition":[54.0311,309.62,85.1148],"dipPosition":[26.096,344.317,-45.4466],"direction":[-0.0685591,0.00450027,-0.997637],"extended":true,"handId":419,"id":4191,"length":58.7895,"mcpPosition":[32.5273,338.419,20.948],"pipPosition":[27.7526,344.208,-21.3407],"stabilizedTipPosition":[9.10231,322.687,14.9112],"timeVisible":0.632791,"tipPosition":[25.4204,343.115,-58.4467],"tipVelocity":[81.7004,53.5995,-120.091],"tool":false,"touchDistance":-0.482737,"touchZone":"touching","type":1,"width":19.3369},{"bases":[[[0.982878,0.149785,-0.107305],[-0.085893,0.887691,0.452358],[0.16301,-0.435396,0.885357]],[[0.982223,0.151513,-0.11082],[-0.182975,0.640919,-0.745482],[-0.0419233,0.752507,0.657249]],[[0.982223,0.151513,-0.11082],[-0.0168773,-0.516691,-0.856005],[-0.186956,0.842659,-0.504949]],[[0.982223,0.151513,-0.11082],[0.0872134,-0.891109,-0.445329],[-0.166226,0.427748,-0.888482]]],"btipPosition":[63.7518,277.745,21.1982],"carpPosition":[64.6636,315.628,83.5731],"dipPosition":[60.6291,285.781,4.50695],"direction":[0.186956,-0.842659,0.504949],"extended":false,"handId":419,"id":4192,"length":66.986,"mcpPosition":[53.2942,345.996,21.8224],"pipPosition":[55.3143,309.736,-9.8476],"stabilizedTipPosition":[58.7708,256.085,90.9675],"timeVisible":0.632791,"tipPosition":[63.0745,279.507,18.0405],"tipVelocity":[57.328,37.2091,-129.545],"tool":false,"touchDistance":0.333333,"touchZone":"none","type":2,"width":18.9914},{"bases":[[[0.999814,0.0167333,-0.00964109],[-0.0102111,0.881792,0.471528],[0.0163917,-0.471342,0.881798]],[[0.99902,0.0293104,-0.0331784],[-0.0442467,0.636334,-0.770144],[-0.00146067,0.770857,0.637007]],[[0.99902,0.0293104,-0.0331784],[-0.0120198,-0.54171,-0.840479],[-0.0426079,0.840054,-0.540827]],[[0.99902,0.0293104,-0.0331784],[0.0124452,-0.905156,-0.424898],[-0.0424855,0.424068,-0.904633]]],"btipPosition":[77.4768,282.515,30.1457],"carpPosition":[76.4645,318.615,81.9428],"dipPosition":[76.6832,290.436,13.2487],"direction":[0.0426079,-0.840054,0.540827],"extended":false,"handId":419,"id":4193,"length":64.4088,"mcpPosition":[75.438,348.131,26.7238],"pipPosition":[75.5032,313.7,-1.72872],"stabilizedTipPosition":[73.3096,261.361,100.024],"timeVisible":0.632791,"tipPosition":[77.3142,284.304,27.0144],"tipVelocity":[55.6232,34.5786,-163.922],"tool":false,"touchDistance":0.333333,"touchZone":"none","type":3,"width":18.0715},{"bases":[[[0.982842,-0.183861,0.0147055],[0.146909,0.82853,0.540329],[-0.111529,-0.528897,0.841326]],[[0.96136,-0.248171,0.119158],[0.250357,0.608115,-0.753337],[0.114495,0.75406,0.646749]],[[0.96136,-0.248171,0.119158],[-0.0356575,-0.541443,-0.839981],[0.272976,0.803275,-0.529371]],[[0.96136,-0.248171,0.119158],[-0.171383,-0.878252,-0.446432],[0.215443,0.40876,-0.886848]]],"btipPosition":[83.2159,295.854,33.2611],"carpPosition":[89.8479,314.6,79.2597],"dipPosition":[86.9283,302.898,17.9794],"direction":[-0.272976,-0.803275,0.529371],"extended":false,"handId":419,"id":4194,"length":50.4953,"mcpPosition":[96.313,345.259,30.4902],"pipPosition":[92.2658,318.604,7.62866],"stabilizedTipPosition":[77.654,275.283,99.5712],"timeVisible":0.632791,"tipPosition":[83.8445,297.474,29.7987],"tipVelocity":[69.4879,30.5215,-126.752],"tool":false,"touchDistance":0.333333,"touchZone":"none","type":4,"width":16.0525}],"r":[[0.965817,0.253752,0.052979],[-0.254703,0.966946,0.0119352],[-0.0481993,-0.0250211,0.998524]],"s":0.975636,"t":[-18.9236,127.537,-170.686],"timestamp":521485764148},false],[4,{"currentFrameRate":108.693,"devices":[],"gestures":[],"hands":[{"armBasis":[[0.871076,0.427964,-0.240984],[-0.195152,0.751847,0.629795],[0.450713,-0.501571,0.738434]],"armWidth":63.7005,"confidence":0.884599,"direction":[-0.164908,0.565633,-0.808],"elbow":[198.82,168.689,284.304],"grabStrength":0,"id":419,"palmNormal":[0.203902,-0.781968,-0.589025],"palmPosition":[61.7891,329.234,38.9286],"palmVelocity":[64.1123,25.7512,-103.118],"palmWidth":90.9622,"pinchStrength":0.583059,"r":[[0.966276,0.251741,0.0542019],[-0.252736,0.967458,0.0122552],[-0.0493529,-0.0255407,0.998455]],"s":0.974001,"sphereCenter":[69.1881,303.408,-2.51657],"sphereRadius":47.2914,"stabilizedPalmPosition":[54.0006,305.521,110.901],"t":[-18.3728,127.637,-171.459],"timeVisible":0.64165,"type":"right","wrist":[77.1645,304.072,84.9873]}],"id":4114964,"interactionBox":{"center":[0,200,0],"size":[235.247,235.247,147.751]},"pointables":[{"bases":[[[0.17376,0.91517,0.363692],[-0.803458,-0.081805,0.589714],[0.56944,-0.39468,0.721086]],[[-0.0333059,0.99514,0.0926678],[-0.834602,-0.0787023,0.545202],[0.549845,-0.0591824,0.833167]],[[-0.0333059,0.99514,0.0926678],[-0.9787,-0.0512672,0.198791],[0.202576,-0.0840731,0.975651]],[[-0.0333059,0.99514,0.0926678],[-0.662096,0.0474865,-0.747913],[-0.748678,-0.0862649,0.657297]]],"btipPosition":[35.6012,294.068,-8.43062],"carpPosition":[52.4282,286.231,81.78],"dipPosition":[18.0847,292.05,6.94779],"direction":[-0.202576,0.0840731,-0.975651],"extended":false,"handId":419,"id":4190,"length":52.1005,"mcpPosition":[52.4282,286.231,81.78],"pipPosition":[24.9896,289.184,40.203],"stabilizedTipPosition":[17.5021,273.96,78.6021],"timeVisible":0.64165,"tipPosition":[30.8826,294.437,-4.41692],"tipVelocity":[65.7048,33.6728,-112.747],"tool":false,"touchDistance":-0.47584,"touchZone":"touching","type":0,"width":20.2438},{"bases":[[[0.923615,0.35314,-0.14909],[-0.249796,0.849509,0.46469],[0.290754,-0.391952,0.872832]],[[0.947588,0.313189,-0.0631664],[-0.299921,0.940113,0.161971],[0.110111,-0.134536,0.984772]],[[0.947588,0.313189,-0.0631664],[-0.312187,0.949681,0.0254086],[0.0679456,-0.0043572,0.99768]],[[0.947588,0.313189,-0.0631664],[-0.317361,0.945491,-0.0729946],[0.0368622,0.0892154,0.99533]]],"btipPosition":[26.0743,342.865,-63.0563],"carpPosition":[54.4591,309.679,84.5408],"dipPosition":[26.704,344.389,-46.0557],"direction":[-0.0679456,0.0043572,-0.99768],"extended":true,"handId":419,"id":4191,"length":58.7895,"mcpPosition":[33.0749,338.506,20.3465],"pipPosition":[28.3457,344.284,-21.9487],"stabilizedTipPosition":[9.54476,323.218,12.9969],"timeVisible":0.64165,"tipPosition":[26.0326,343.184,-59.0566],"tipVelocity":[78.2727,41.253,-106.185],"tool":false,"touchDistance":-0.471934,"touchZone":"touching","type":1,"width":19.3369},{"bases":[[[0.983366,0.14691,-0.106816],[-0.0836077,0.88817,0.451844],[0.161251,-0.435397,0.885679]],[[0.982725,0.148619,-0.110294],[-0.180797,0.643529,-0.743763],[-0.03956,0.750855,0.659281]],[[0.982725,0.148619,-0.110294],[-0.0184656,-0.514235,-0.85745],[-0.184151,0.844674,-0.502607]],[[0.982725,0.148619,-0.110294],[0.0845287,-0.890585,-0.446892],[-0.164643,0.429849,-0.887763]]],"btipPosition":[64.0972,277.755,20.4267],"carpPosition":[65.1097,315.655,83.0021],"dipPosition":[61.0042,285.83,3.74895],"direction":[0.184151,-0.844674,0.502607],"extended":false,"handId":419,"id":4192,"length":66.986,"mcpPosition":[53.863,346.023,21.2289],"pipPosition":[55.7692,309.842,-10.539],"stabilizedTipPosition":[58.7834,256.149,90.7648],"timeVisible":0.64165,"tipPosition":[63.4339,279.526,17.3081],"tipVelocity":[52.568,27.7072,-117.947],"tool":false,"touchDistance":0.333333,"touchZone":"none","type":2,"width":18.9914},{"bases":[[[0.999863,0.0138616,-0.00907277],[-0.00795412,0.882065,0.471061],[0.0145325,-0.470925,0.882054]],[[0.999125,0.0263534,-0.0324761],[-0.0418185,0.641382,-0.766081],[0.000640754,0.766769,0.641923]],[[0.999125,0.0263534,-0.0324761],[-0.0133045,-0.535899,-0.844177],[-0.0396509,0.843871,-0.53508]],[[0.999125,0.0263534,-0.0324761],[0.00987145,-0.903159,-0.429192],[-0.0406418,0.428496,-0.902629]]],"btipPosition":[77.8385,282.475,29.1477],"carpPosition":[76.92,318.607,81.377],"dipPosition":[77.0794,290.479,12.2882],"direction":[0.0396509,-0.843871,0.535079],"extended":false,"handId":419,"id":4193,"length":64.4088,"mcpPosition":[76.0099,348.097,26.142],"pipPosition":[75.9813,313.848,-2.53009],"stabilizedTipPosition":[73.319,261.41,99.8632],"timeVisible":0.64165,"tipPosition":[77.6884,284.285,26.1056],"tipVelocity":[51.8585,24.5773,-149.768],"tool":false,"touchDistance":0.333333,"touchZone":"none","type":3,"width":18.0715},{"bases":[[[0.982302,-0.18667,0.0153689],[0.148973,0.828389,0.53998],[-0.11353,-0.528134,0.841537]],[[0.961203,-0.249516,0.117602],[0.250942,0.613975,-0.748374],[0.114527,0.74885,0.652768]],[[0.961203,-0.249516,0.117602],[-0.0352436,-0.533935,-0.844791],[0.27358,0.807871,-0.522014]],[[0.961203,-0.249516,0.117602],[-0.171852,-0.875176,-0.452254],[0.215767,0.414498,-0.884102]]],"btipPosition":[83.7588,295.758,32.2889],"carpPosition":[90.2934,314.553,78.7038],"dipPosition":[87.4768,302.901,17.0545],"direction":[-0.27358,-0.807871,0.522014],"extended":false,"handId":419,"id":4194,"length":50.4953,"mcpPosition":[96.8744,345.167,29.9219],"pipPosition":[92.8261,318.697,6.84762],"stabilizedTipPosition":[77.6909,275.401,99.1954],"timeVisible":0.64165,"tipPosition":[84.3675,297.414,28.9803],"tipVelocity":[67.3045,20.0017,-121.811],"tool":false,"touchDistance":0.333333,"touchZone":"none","type":4,"width":16.0525}],"r":[[0.966276,0.251741,0.0542019],[-0.252736,0.967458,0.0122552],[-0.0493529,-0.0255407,0.998455]],"s":0.974001,"t":[-18.3728,127.637,-171.459],"timestamp":521485773007},false],[5,{"currentFrameRate":108.677,"devices":[],"gestures":[],"hands":[{"armBasis":[[0.871219,0.427491,-0.241307],[-0.195793,0.753378,0.627763],[0.450158,-0.499673,0.740057]],"armWidth":63.7005,"confidence":0.887376,"direction":[-0.163853,0.564055,-0.809317],"elbow":[199.159,169.56,283.896],"grabStrength":0,"id":419,"palmNormal":[0.204421,-0.783183,-0.587228],"palmPosition":[62.3363,329.504,38.0149],"palmVelocity":[62.761,26.7179,-101.963],"palmWidth":90.9622,"pinchStrength":0.591605,"r":[[0.966636,0.250113,0.0553034],[-0.251125,0.967879,0.0120688],[-0.0505084,-0.0255542,0.998397]],"s":0.971728,"sphereCenter":[69.8956,303.557,-3.44172],"sphereRadius":47.2734,"stabilizedPalmPosition":[54.0709,305.723,110.287],"t":[-17.8237,127.821,-172.302],"timeVisible":0.650879,"type":"right","wrist":[77.6531,304.43,84.1415]}],"id":4114965,"interactionBox":{"center":[0,200,0],"size":[235.247,235.247,147.751]},"pointables":[{"bases":[[[0.17353,0.915857,0.362068],[-0.804158,-0.0804631,0.588944],[0.568522,-0.393359,0.722531]],[[-0.033159,0.995325,0.0907079],[-0.835736,-0.0773874,0.543651],[0.548129,-0.0577809,0.834395]],[[-0.033159,0.995325,0.0907079],[-0.978899,-0.0506535,0.197969],[0.201639,-0.0822293,0.976002]],[[-0.033159,0.995325,0.0907079],[-0.661685,0.046157,-0.74836],[-0.749048,-0.0848349,0.657062]]],"btipPosition":[36.216,294.259,-9.33727],"carpPosition":[52.9167,286.588,80.9411],"dipPosition":[18.6909,292.274,6.03564],"direction":[-0.201639,0.0822293,-0.976002],"extended":false,"handId":419,"id":4190,"length":52.1005,"mcpPosition":[52.9167,286.588,80.9411],"pipPosition":[25.5638,289.471,39.3028],"stabilizedTipPosition":[17.6091,274.104,77.9874],"timeVisible":0.650879,"tipPosition":[31.5064,294.608,-5.32895],"tipVelocity":[65.8998,30.2574,-108.716],"tool":false,"touchDistance":-0.470208,"touchZone":"touching","type":0,"width":20.2438},{"bases":[[[0.923861,0.352652,-0.148723],[-0.250157,0.850485,0.462705],[0.28966,-0.390271,0.873948]],[[0.947779,0.312753,-0.0624537],[-0.299825,0.940514,0.159805],[0.108718,-0.132735,0.985171]],[[0.947779,0.312753,-0.0624537],[-0.311865,0.94983,0.0237375],[0.0667443,-0.00302073,0.997766]],[[0.947779,0.312753,-0.0624537],[-0.31691,0.945542,-0.0742908],[0.0358179,0.0902035,0.995279]]],"btipPosition":[26.7518,342.977,-64.0401],"carpPosition":[54.9493,310.041,83.6575],"dipPosition":[27.3635,344.518,-47.0403],"direction":[-0.0667443,0.00302073,-0.997766],"extended":true,"handId":419,"id":4191,"length":58.7895,"mcpPosition":[33.6456,338.744,19.3811],"pipPosition":[28.9763,344.445,-22.9313],"stabilizedTipPosition":[10.0213,323.77,10.9879],"timeVisible":0.650879,"tipPosition":[26.7072,343.287,-60.0424],"tipVelocity":[76.7816,33.1968,-106.306],"tool":false,"touchDistance":-0.467833,"touchZone":"touching","type":1,"width":19.3369},{"bases":[[[0.983519,0.146494,-0.105968],[-0.0839462,0.889087,0.449975],[0.160133,-0.433664,0.886732]],[[0.982925,0.148084,-0.10922],[-0.179876,0.648264,-0.739863],[-0.0387582,0.746876,0.663832]],[[0.982925,0.148084,-0.10922],[-0.0187884,-0.509697,-0.860149],[-0.183043,0.847514,-0.498212]],[[0.982925,0.148084,-0.10922],[0.0841607,-0.889654,-0.448813],[-0.16363,0.431958,-0.886926]]],"btipPosition":[64.5793,278.062,19.1105],"carpPosition":[65.603,316.012,82.1192],"dipPosition":[61.5053,286.177,2.44845],"direction":[0.183043,-0.847514,0.498212],"extended":false,"handId":419,"id":4192,"length":66.986,"mcpPosition":[54.4342,346.259,20.2726],"pipPosition":[56.3018,310.27,-11.7146],"stabilizedTipPosition":[58.7969,256.212,90.5645],"timeVisible":0.650879,"tipPosition":[63.9416,279.826,16.1019],"tipVelocity":[52.6084,29.5471,-124.757],"tool":false,"touchDistance":0.333333,"touchZone":"none","type":2,"width":18.9914},{"bases":[[[0.999875,0.0136371,-0.00794059],[-0.00831619,0.883004,0.469292],[0.0134114,-0.469168,0.883007]],[[0.999182,0.0259158,-0.0310561],[-0.0404459,0.649523,-0.759266],[0.000494639,0.7599,0.650039]],[[0.999182,0.0259158,-0.0310561],[-0.0128147,-0.525419,-0.850747],[-0.0383653,0.850449,-0.524657]],[[0.999182,0.0259158,-0.0310561],[0.00973391,-0.899281,-0.437263],[-0.0392602,0.436603,-0.898797]]],"btipPosition":[78.3496,282.689,27.4903],"carpPosition":[77.4157,318.958,80.5019],"dipPosition":[77.6163,290.844,10.7023],"direction":[0.0383653,-0.850449,0.524657],"extended":false,"handId":419,"id":4193,"length":64.4088,"mcpPosition":[76.5759,348.338,25.2073],"pipPosition":[76.5538,314.396,-3.82736],"stabilizedTipPosition":[73.3282,261.454,99.7186],"timeVisible":0.650879,"tipPosition":[78.2143,284.55,24.6414],"tipVelocity":[53.0267,25.2521,-157.633],"tool":false,"touchDistance":0.333333,"touchZone":"none","type":3,"width":18.0715},{"bases":[[[0.982245,-0.186842,0.0168805],[0.14852,0.829433,0.5385],[-0.114616,-0.526432,0.842456]],[[0.961534,-0.248358,0.117344],[0.25074,0.619152,-0.744164],[0.112166,0.744962,0.657609]],[[0.961534,-0.248358,0.117344],[-0.0330249,-0.528621,-0.848215],[0.272692,0.811713,-0.516489]],[[0.961534,-0.248358,0.117344],[-0.170082,-0.873763,-0.455644],[0.215694,0.418159,-0.882394]]],"btipPosition":[84.4219,296.002,31.0756],"carpPosition":[90.7914,314.896,77.8523],"dipPosition":[88.1386,303.207,15.8706],"direction":[-0.272692,-0.811713,0.516489],"extended":false,"handId":419,"id":4194,"length":50.4953,"mcpPosition":[97.4354,345.412,29.0172],"pipPosition":[93.4705,319.078,5.7718],"stabilizedTipPosition":[77.7314,275.519,98.8137],"timeVisible":0.650879,"tipPosition":[85.0143,297.672,27.8937],"tipVelocity":[68.5692,22.2317,-124.312],"tool":false,"touchDistance":0.333333,"touchZone":"none","type":4,"width":16.0525}],"r":[[0.966636,0.250113,0.0553034],[-0.251125,0.967879,0.0120688],[-0.0505084,-0.0255542,0.998397]],"s":0.971728,"t":[-17.8237,127.821,-172.302],"timestamp":521485782236},false],[6,{"currentFrameRate":108.892,"devices":[],"gestures":[],"hands":[{"armBasis":[[0.87238,0.427779,-0.236557],[-0.198217,0.75192,0.62875],[0.446838,-0.501619,0.740753]],"armWidth":63.7005,"confidence":0.77485,"direction":[-0.163722,0.565052,-0.808648],"elbow":[198.735,169.417,282.983],"grabStrength":0,"id":419,"palmNormal":[0.206856,-0.781822,-0.588188],"palmPosition":[62.8307,329.931,36.9313],"palmVelocity":[60.9938,32.6091,-107.677],"palmWidth":90.9622,"pinchStrength":0.605516,"r":[[0.966806,0.249171,0.0565624],[-0.250219,0.968113,0.0121593],[-0.051729,-0.0259087,0.998325]],"s":0.969056,"sphereCenter":[70.581,304.026,-4.62763],"sphereRadius":47.2618,"stabilizedPalmPosition":[54.1429,305.923,109.683],"t":[-17.302,128.127,-173.265],"timeVisible":0.659676,"type":"right","wrist":[78.1261,304.813,83.0405]}],"id":4114966,"interactionBox":{"center":[0,200,0],"size":[235.247,235.247,147.751]},"pointables":[{"bases":[[[0.171178,0.915604,0.363824],[-0.804899,-0.0829992,0.587579],[0.568187,-0.393422,0.72276]],[[-0.0352691,0.995111,0.0922521],[-0.836591,-0.0798943,0.54197],[0.546691,-0.0580625,0.835319]],[[-0.0352691,0.995111,0.0922521],[-0.979025,-0.0529378,0.19674],[0.200662,-0.0833783,0.976106]],[[-0.0352691,0.995111,0.0922521],[-0.660895,0.0460187,-0.749066],[-0.749649,-0.0873878,0.656041]]],"btipPosition":[36.8481,294.711,-10.531],"carpPosition":[53.4297,286.927,79.7731],"dipPosition":[19.309,292.666,4.81801],"direction":[-0.200662,0.0833783,-0.976106],"extended":false,"handId":419,"id":4190,"length":52.1005,"mcpPosition":[53.4297,286.927,79.7731],"pipPosition":[26.1486,289.824,38.0888],"stabilizedTipPosition":[17.7207,274.252,77.3634],"timeVisible":0.659676,"tipPosition":[32.1446,295.033,-6.53058],"tipVelocity":[67.4052,35.5289,-116.151],"tool":false,"touchDistance":-0.469509,"touchZone":"touching","type":0,"width":20.2438},{"bases":[[[0.923393,0.354704,-0.146733],[-0.252533,0.849238,0.463705],[0.289089,-0.391127,0.873755]],[[0.947323,0.31457,-0.0601991],[-0.301826,0.93971,0.160765],[0.107142,-0.134127,0.985155]],[[0.947323,0.31457,-0.0601991],[-0.313592,0.94922,0.0253159],[0.0651058,-0.0051044,0.997865]],[[0.947323,0.31457,-0.0601991],[-0.318452,0.945179,-0.0722842],[0.0341605,0.087647,0.995566]]],"btipPosition":[27.3922,343.532,-65.1592],"carpPosition":[55.4121,310.379,82.5308],"dipPosition":[27.9757,345.029,-48.1545],"direction":[-0.0651058,0.0051044,-0.997865],"extended":true,"handId":419,"id":4191,"length":58.7895,"mcpPosition":[34.1505,339.145,18.2686],"pipPosition":[29.5488,344.906,-24.0431],"stabilizedTipPosition":[10.4839,324.302,9.07918],"timeVisible":0.659676,"tipPosition":[27.3394,343.823,-61.1617],"tipVelocity":[75.5103,40.9524,-111.902],"tool":false,"touchDistance":-0.466153,"touchZone":"touching","type":1,"width":19.3369},{"bases":[[[0.983391,0.148594,-0.104222],[-0.0863788,0.888186,0.451293],[0.159628,-0.434794,0.886269]],[[0.982852,0.150045,-0.107182],[-0.180248,0.659189,-0.730056],[-0.0388883,0.736856,0.67493]],[[0.982852,0.150045,-0.107182],[-0.018648,-0.497402,-0.86732],[-0.183449,0.854446,-0.486074]],[[0.982852,0.150045,-0.107182],[0.0852799,-0.885241,-0.457247],[-0.163489,0.440266,-0.882857]]],"btipPosition":[65.0831,278.633,17.0858],"carpPosition":[66.0564,316.374,81.0185],"dipPosition":[62.0118,286.904,0.500219],"direction":[0.183449,-0.854446,0.486074],"extended":false,"handId":419,"id":4192,"length":66.986,"mcpPosition":[54.9229,346.699,19.2042],"pipPosition":[56.7967,311.194,-13.3178],"stabilizedTipPosition":[58.8096,256.268,90.3881],"timeVisible":0.659676,"tipPosition":[64.4768,280.412,14.2792],"tipVelocity":[53.8834,40.1556,-152.603],"tool":false,"touchDistance":0.333333,"touchZone":"none","type":2,"width":18.9914},{"bases":[[[0.999858,0.0156098,-0.00638641],[-0.0107666,0.882219,0.470715],[0.012982,-0.47058,0.882262]],[[0.999195,0.0276903,-0.029043],[-0.040086,0.655737,-0.753924],[-0.00183181,0.754481,0.656319]],[[0.999195,0.0276903,-0.029043],[-0.0105003,-0.518123,-0.855242],[-0.0387297,0.854858,-0.517415]],[[0.999195,0.0276903,-0.029043],[0.011963,-0.896403,-0.443077],[-0.0383032,0.442373,-0.896013]]],"btipPosition":[78.9227,283.178,25.9261],"carpPosition":[77.8658,319.346,79.4242],"dipPosition":[78.2073,291.44,9.19009],"direction":[0.0387297,-0.854858,0.517415],"extended":false,"handId":419,"id":4193,"length":64.4088,"mcpPosition":[77.0529,348.814,24.1762],"pipPosition":[77.1347,315.115,-5.13895],"stabilizedTipPosition":[73.337,261.493,99.5928],"timeVisible":0.659676,"tipPosition":[78.797,285.057,23.1367],"tipVelocity":[56.4164,34.161,-162.701],"tool":false,"touchDistance":0.333333,"touchZone":"none","type":3,"width":18.0715},{"bases":[[[0.982583,-0.184944,0.0180813],[0.146068,0.828844,0.540076],[-0.11487,-0.528028,0.841422]],[[0.962225,-0.245824,0.117019],[0.249852,0.626575,-0.738226],[0.108153,0.739577,0.664326]],[[0.962225,-0.245824,0.117019],[-0.0291433,-0.520346,-0.853458],[0.270691,0.817809,-0.507854]],[[0.962225,-0.245824,0.117019],[-0.166132,-0.87067,-0.462961],[0.215693,0.426032,-0.87862]]],"btipPosition":[85.0797,296.448,29.6004],"carpPosition":[91.2535,315.314,76.7884],"dipPosition":[88.7964,303.789,14.4604],"direction":[-0.270691,-0.817809,0.507854],"extended":false,"handId":419,"id":4194,"length":50.4953,"mcpPosition":[97.9122,345.922,28.0133],"pipPosition":[94.0892,319.78,4.53046],"stabilizedTipPosition":[77.7712,275.629,98.4604],"timeVisible":0.659676,"tipPosition":[85.6651,298.158,26.5351],"tipVelocity":[70.2407,30.8657,-135.538],"tool":false,"touchDistance":0.333333,"touchZone":"none","type":4,"width":16.0525}],"r":[[0.966806,0