{"sensorType":"Leap","data":[[0,{"currentFrameRate":102.425,"devices":[],"gestures":[],"hands":[{"armBasis":[[0.898489,0.3604,-0.250658],[-0.170918,0.813113,0.556448],[0.404357,-0.45712,0.792172]],"armWidth":63.7005,"confidence":0.84786,"direction":[-0.197324,0.46796,-0.861439],"elbow":[191.206,193.097,304.523],"grabStrength":0,"id":418,"palmNormal":[0.184158,-0.845378,-0.501419],"palmPosition":[64.8684,336.13,42.647],"palmVelocity":[-35.7776,20.542,-33.389],"palmWidth":90.9622,"pinchStrength":0.568694,"r":[[0.927303,0.371323,-0.0472101],[-0.353583,0.910344,0.215063],[0.122835,-0.182736,0.975458]],"s":1.11219,"sphereCenter":[75.2689,308.446,3.44995],"sphereRadius":48.7587,"stabilizedPalmPosition":[69.771,333.653,48.0974],"t":[-106.69,116.354,-109.335],"timeVisible":0.650727,"type":"right","wrist":[82.0629,316.481,90.7015]}],"id":4114427,"interactionBox":{"center":[0,200,0],"size":[235.247,235.247,147.751]},"pointables":[{"bases":[[[0.184243,0.951094,0.247941],[-0.780274,-0.011864,0.625325],[0.597685,-0.308674,0.739928]],[[0.00893723,0.999506,0.030115],[-0.817206,-0.0100554,0.576258],[0.576276,-0.0297603,0.816713]],[[0.00893723,0.999506,0.030115],[-0.971021,0.00148186,0.238988],[0.238825,-0.0313782,0.970555]],[[0.00893723,0.999506,0.030115],[-0.780667,0.025794,-0.624414],[-0.624883,-0.0179292,0.780513]]],"btipPosition":[35.0067,301.386,-1.56588],"carpPosition":[57.2846,298.412,90.5328],"dipPosition":[20.3867,300.967,16.6953],"direction":[-0.238825,0.0313782,-0.970555],"extended":false,"handId":418,"id":4180,"length":52.1005,"mcpPosition":[57.2846,298.412,90.5328],"pipPosition":[28.5271,299.897,49.7769],"stabilizedTipPosition":[36.7794,297.655,10.298],"timeVisible":0.650727,"tipPosition":[30.9483,301.059,2.03501],"tipVelocity":[-25.7958,20.5821,-34.1975],"tool":false,"touchDistance":-0.354712,"touchZone":"touching","type":0,"width":20.2438},{"bases":[[[0.916085,0.332497,-0.224127],[-0.234958,0.898042,0.371908],[0.324934,-0.288039,0.900806]],[[0.954278,0.285861,-0.0873882],[-0.263214,0.942137,0.207596],[0.141675,-0.175102,0.974303]],[[0.954278,0.285861,-0.0873882],[-0.282723,0.958066,0.0466672],[0.097064,-0.0198269,0.995081]],[[0.954278,0.285861,-0.0873882],[-0.29252,0.95322,-0.0761764],[0.0615244,0.0982563,0.993257]]],"btipPosition":[25.9586,349.526,-58.6376],"carpPosition":[59.3377,322.02,90.4691],"dipPosition":[27.0095,351.204,-41.6724],"direction":[-0.097064,0.0198269,-0.995081],"extended":true,"handId":418,"id":4181,"length":58.7895,"mcpPosition":[35.4397,343.204,24.2174],"pipPosition":[29.3548,350.725,-17.6282],"stabilizedTipPosition":[29.1833,348.028,-51.1008],"timeVisible":0.650727,"tipPosition":[26.3226,349.443,-54.5327],"tipVelocity":[-30.0721,20.5316,-36.2431],"tool":false,"touchDistance":-0.366958,"touchZone":"touching","type":1,"width":19.3369},{"bases":[[[0.978105,0.132526,-0.16046],[-0.0695093,0.934784,0.348349],[0.196161,-0.329569,0.923529]],[[0.974667,0.138051,-0.175971],[-0.223522,0.628867,-0.744691],[0.00785698,0.765159,0.643793]],[[0.974667,0.138051,-0.175971],[-0.0246786,-0.715594,-0.69808],[-0.222294,0.684739,-0.694059]],[[0.974667,0.138051,-0.175971],[0.128409,-0.989582,-0.0651032],[-0.183125,0.0408576,-0.98224]]],"btipPosition":[65.6011,293.65,30.5908],"carpPosition":[69.9017,327.767,87.8423],"dipPosition":[62.1609,294.418,12.1381],"direction":[0.222294,-0.684739,0.694059],"extended":false,"handId":418,"id":4182,"length":66.986,"mcpPosition":[56.2202,350.753,23.4292],"pipPosition":[55.8416,313.883,-7.59237],"stabilizedTipPosition":[68.7642,291.546,29.706],"timeVisible":0.650727,"tipPosition":[64.5541,293.988,25.0793],"tipVelocity":[-26.6892,23.2077,-12.678],"tool":false,"touchDistance":0.333333,"touchZone":"none","type":2,"width":18.9914},{"bases":[[[0.998749,0.0117355,-0.0486066],[0.00683811,0.930881,0.365258],[0.0495335,-0.365133,0.929637]],[[0.995604,0.0277836,-0.0894472],[-0.0882491,0.598232,-0.796449],[0.031382,0.800841,0.598054]],[[0.995604,0.0277836,-0.0894472],[-0.0369969,-0.760677,-0.648076],[-0.0860462,0.648536,-0.756305]],[[0.995604,0.0277836,-0.0894472],[0.0266987,-0.999555,-0.0133023],[-0.089777,0.0108557,-0.995903]]],"btipPosition":[81.188,299.43,40.0567],"carpPosition":[81.6318,330.498,85.4374],"dipPosition":[79.5112,299.632,21.4549],"direction":[0.0860462,-0.648536,0.756305],"extended":false,"handId":418,"id":4183,"length":64.4088,"mcpPosition":[78.5299,353.363,27.2228],"pipPosition":[77.1282,317.593,0.510133],"stabilizedTipPosition":[83.4808,297.895,37.7008],"timeVisible":0.650727,"tipPosition":[80.6913,299.591,34.439],"tipVelocity":[-30.9221,21.3145,-17.9999],"tool":false,"touchDistance":0.333333,"touchZone":"none","type":3,"width":18.0715},{"bases":[[[0.982818,-0.184575,-0.000363071],[0.166446,0.885434,0.433938],[-0.0797723,-0.426542,0.900943]],[[0.985827,-0.158808,-0.0540928],[0.0642683,0.655312,-0.752619],[0.15497,0.738476,0.65623]],[[0.985827,-0.158808,-0.0540928],[-0.150647,-0.696044,-0.702017],[0.0738349,0.700216,-0.710102]],[[0.985827,-0.158808,-0.0540928],[-0.162966,-0.983057,-0.0839094],[-0.0398509,0.0915354,-0.995004]]],"btipPosition":[93.2976,309.5,38.3555],"carpPosition":[94.9083,326.147,82.7476],"dipPosition":[92.6109,311.077,21.21],"direction":[-0.0738349,-0.700216,0.710102],"extended":false,"handId":418,"id":4184,"length":50.4953,"mcpPosition":[99.5325,350.873,30.5222],"pipPosition":[94.0546,324.769,7.32553],"stabilizedTipPosition":[96.054,308.167,36.7935],"timeVisible":0.650727,"tipPosition":[93.1288,310.134,33.2224],"tipVelocity":[-32.2652,21.8398,-21.2339],"tool":false,"touchDistance":0.333333,"touchZone":"none","type":4,"width":16.0525}],"r":[[0.927303,0.371323,-0.0472101],[-0.353583,0.910344,0.215063],[0.122835,-0.182736,0.975458]],"s":1.11219,"t":[-106.69,116.354,-109.335],"timestamp":521480354351},false],[1,{"currentFrameRate":102.823,"devices":[],"gestures":[],"hands":[{"armBasis":[[0.898193,0.361783,-0.249723],[-0.172051,0.812059,0.557637],[0.404533,-0.457901,0.791631]],"armWidth":63.7005,"confidence":0.856024,"direction":[-0.196733,0.467995,-0.861555],"elbow":[190.951,193.081,304.009],"grabStrength":0,"id":418,"palmNormal":[0.185554,-0.845076,-0.501414],"palmPosition":[64.6054,336.321,42.2641],"palmVelocity":[-34.0111,20.7631,-35.9363],"palmWidth":90.9622,"pinchStrength":0.566098,"r":[[0.926997,0.37222,-0.0461291],[-0.354602,0.909834,0.215546],[0.1222,-0.183453,0.975404]],"s":1.11356,"sphereCenter":[74.9954,308.687,3.1243],"sphereRadius":48.7567,"stabilizedPalmPosition":[69.2282,333.934,47.4845],"t":[-106.987,116.549,-109.687],"timeVisible":0.659696,"type":"right","wrist":[81.7609,316.677,90.3342]}],"id":4114428,"interactionBox":{"center":[0,200,0],"size":[235.247,235.247,147.751]},"pointables":[{"bases":[[[0.18305,0.951204,0.248404],[-0.781011,-0.0127589,0.624387],[0.597089,-0.3083,0.740565]],[[0.00809345,0.999501,0.0305477],[-0.817602,-0.0109739,0.575679],[0.575726,-0.0296351,0.817105]],[[0.00809345,0.999501,0.0305477],[-0.971072,0.00056521,0.238787],[0.23865,-0.0315966,0.970591]],[[0.00809345,0.999501,0.0305477],[-0.780081,0.0254235,-0.625162],[-0.625627,-0.0187699,0.779897]]],"btipPosition":[34.7727,301.579,-1.97391],"carpPosition":[56.9998,298.584,90.1312],"dipPosition":[20.1353,301.14,16.2729],"direction":[-0.23865,0.0315966,-0.970591],"extended":false,"handId":418,"id":4180,"length":52.1005,"mcpPosition":[56.9998,298.584,90.1312],"pipPosition":[28.2697,300.063,49.3557],"stabilizedTipPosition":[36.4075,297.92,9.73915],"timeVisible":0.659696,"tipPosition":[30.7572,301.248,1.63624],"tipVelocity":[-25.9988,20.6995,-37.3914],"tool":false,"touchDistance":-0.353744,"touchZone":"touching","type":0,"width":20.2438},{"bases":[[[0.91604,0.333417,-0.222945],[-0.236249,0.897725,0.371855],[0.324126,-0.287963,0.901121]],[[0.954031,0.286931,-0.0865821],[-0.264679,0.942131,0.205752],[0.140608,-0.173377,0.974766]],[[0.954031,0.286931,-0.0865821],[-0.283861,0.957754,0.0461616],[0.0961695,-0.0194623,0.995175]],[[0.954031,0.286931,-0.0865821],[-0.293472,0.952976,-0.0755714],[0.0608269,0.0975069,0.993374]]],"btipPosition":[25.7904,349.624,-59.0781],"carpPosition":[59.0307,322.194,90.0759],"dipPosition":[26.8293,351.29,-42.1109],"direction":[-0.0961695,0.0194623,-0.995175],"extended":true,"handId":418,"id":4181,"length":58.7895,"mcpPosition":[35.1921,343.373,23.8011],"pipPosition":[29.1531,350.819,-18.0644],"stabilizedTipPosition":[28.8345,348.247,-51.5513],"timeVisible":0.659696,"tipPosition":[26.1515,349.59,-54.975],"tipVelocity":[-27.0577,17.8238,-39.7526],"tool":false,"touchDistance":-0.365196,"touchZone":"touching","type":1,"width":19.3369},{"bases":[[[0.978171,0.133488,-0.159255],[-0.070807,0.934629,0.348504],[0.195365,-0.32962,0.923679]],[[0.974757,0.138998,-0.174723],[-0.223188,0.627526,-0.745921],[0.00596208,0.766088,0.642708]],[[0.974757,0.138998,-0.174723],[-0.0227267,-0.716735,-0.696975],[-0.222108,0.683352,-0.695484]],[[0.974757,0.138998,-0.174723],[0.129643,-0.989499,-0.0639144],[-0.181772,0.0396493,-0.982541]]],"btipPosition":[65.408,293.856,30.2996],"carpPosition":[69.5925,327.951,87.4632],"dipPosition":[61.9931,294.601,11.8414],"direction":[0.222108,-0.683352,0.695484],"extended":false,"handId":418,"id":4182,"length":66.986,"mcpPosition":[55.9664,350.941,23.0397],"pipPosition":[55.6791,314.027,-7.92964],"stabilizedTipPosition":[68.3026,291.823,29.299],"timeVisible":0.659696,"tipPosition":[64.3738,294.18,24.8083],"tipVelocity":[-25.1007,22.9717,-18.133],"tool":false,"touchDistance":0.333333,"touchZone":"none","type":2,"width":18.9914},{"bases":[[[0.998795,0.0126885,-0.0474074],[0.00552379,0.930794,0.365503],[0.0487642,-0.365324,0.929602]],[[0.995673,0.0287852,-0.0883522],[-0.0883067,0.589075,-0.803239],[0.0289247,0.807566,0.589068]],[[0.995673,0.0287852,-0.0883522],[-0.0346309,-0.767364,-0.640276],[-0.0862288,0.640565,-0.763047]],[[0.995673,0.0287852,-0.0883522],[0.0281947,-0.999571,-0.00792414],[-0.0885424,0.00539879,-0.996058]]],"btipPosition":[81.019,299.66,40.2855],"carpPosition":[81.3228,330.694,85.0731],"dipPosition":[79.3652,299.761,21.6808],"direction":[0.0862288,-0.640565,0.763047],"extended":false,"handId":418,"id":4183,"length":64.4088,"mcpPosition":[78.2691,353.571,26.8606],"pipPosition":[76.9772,317.5,0.54935],"stabilizedTipPosition":[83.0941,298.138,37.4703],"timeVisible":0.659696,"tipPosition":[80.521,299.797,34.6019],"tipVelocity":[-27.4545,21.8027,-6.1071],"tool":false,"touchDistance":0.333333,"touchZone":"none","type":3,"width":18.0715},{"bases":[[[0.982992,-0.183649,0.000766979],[0.165092,0.88548,0.434362],[-0.0804492,-0.426848,0.900738]],[[0.986039,-0.157877,-0.0529282],[0.0636138,0.650915,-0.75648],[0.153883,0.742552,0.651871]],[[0.986039,-0.157877,-0.0529282],[-0.14955,-0.699881,-0.698428],[0.0732225,0.696593,-0.713721]],[[0.986039,-0.157877,-0.0529282],[-0.161841,-0.983437,-0.0816072],[-0.0391676,0.0890339,-0.995258]]],"btipPosition":[93.0738,309.697,38.2471],"carpPosition":[94.6067,326.356,82.3981],"dipPosition":[92.3989,311.231,21.0972],"direction":[-0.0732225,-0.696593,0.713721],"extended":false,"handId":418,"id":4184,"length":50.4953,"mcpPosition":[99.2701,351.1,30.1846],"pipPosition":[93.8306,324.852,7.14198],"stabilizedTipPosition":[95.7047,308.377,36.5159],"timeVisible":0.659696,"tipPosition":[92.9073,310.318,33.1078],"tipVelocity":[-30.1811,21.5739,-18.7609],"tool":false,"touchDistance":0.333333,"touchZone":"none","type":4,"width":16.0525}],"r":[[0.926997,0.37222,-0.0461291],[-0.354602,0.909834,0.215546],[0.1222,-0.183453,0.975404]],"s":1.11356,"t":[-106.987,116.549,-109.687],"timestamp":521480363320},false],[2,{"currentFrameRate":103.103,"devices":[],"gestures":[],"hands":[{"armBasis":[[0.897827,0.362116,-0.250555],[-0.171865,0.81203,0.557737],[0.405424,-0.45769,0.791297]],"armWidth":63.7005,"confidence":0.862194,"direction":[-0.195682,0.469313,-0.861077],"elbow":[190.876,193.179,303.355],"grabStrength":0,"id":418,"palmNormal":[0.185086,-0.844598,-0.502392],"palmPosition":[64.3423,336.441,41.7143],"palmVelocity":[-32.5305,18.627,-42.6421],"palmWidth":90.9622,"pinchStrength":0.563026,"r":[[0.92683,0.37277,-0.0450377],[-0.355272,0.909436,0.21612],[0.121522,-0.184306,0.975328]],"s":1.11542,"sphereCenter":[74.626,308.901,2.61678],"sphereRadius":48.7521,"stabilizedPalmPosition":[68.7641,334.172,46.9363],"t":[-107.268,116.706,-110.137],"timeVisible":0.668863,"type":"right","wrist":[81.4453,316.717,89.7704]}],"id":4114429,"interactionBox":{"center":[0,200,0],"size":[235.247,235.247,147.751]},"pointables":[{"bases":[[[0.183797,0.9507,0.249777],[-0.781456,-0.0128212,0.623828],[0.596276,-0.309848,0.740574]],[[0.00916259,0.999445,0.0320189],[-0.817854,-0.0109336,0.575323],[0.575353,-0.0314582,0.8173]],[[0.00916259,0.999445,0.0320189],[-0.97113,0.00126079,0.238546],[0.238374,-0.0332802,0.970603]],[[0.00916259,0.999445,0.0320189],[-0.779416,0.0271977,-0.625917],[-0.62644,-0.019221,0.779233]]],"btipPosition":[34.4869,301.803,-2.57312],"carpPosition":[56.667,298.649,89.5265],"dipPosition":[19.8305,301.353,15.6582],"direction":[-0.238374,0.0332802,-0.970603],"extended":false,"handId":418,"id":4180,"length":52.1005,"mcpPosition":[56.667,298.649,89.5265],"pipPosition":[27.9555,300.219,48.7413],"stabilizedTipPosition":[36.0773,298.156,9.23255],"timeVisible":0.668863,"tipPosition":[30.4924,301.47,1.04197],"tipVelocity":[-27.5754,21.6597,-45.3018],"tool":false,"touchDistance":-0.355745,"touchZone":"touching","type":0,"width":20.2438},{"bases":[[[0.916516,0.332822,-0.221873],[-0.235639,0.897465,0.372868],[0.323222,-0.289457,0.900967]],[[0.95431,0.286225,-0.0858322],[-0.264128,0.942306,0.205659],[0.139745,-0.173592,0.974852]],[[0.95431,0.286225,-0.0858322],[-0.283065,0.957937,0.0472302],[0.0957403,-0.0207762,0.995189]],[[0.95431,0.286225,-0.0858322],[-0.292573,0.953408,-0.0735861],[0.0607709,0.0953362,0.993588]]],"btipPosition":[25.5953,349.875,-59.6468],"carpPosition":[58.7207,322.257,89.5037],"dipPosition":[26.6333,351.503,-42.6759],"direction":[-0.0957403,0.0207762,-0.995189],"extended":true,"handId":418,"id":4181,"length":58.7895,"mcpPosition":[34.9487,343.546,23.2401],"pipPosition":[28.9467,351.001,-18.6291],"stabilizedTipPosition":[28.5519,348.436,-51.9463],"timeVisible":0.668863,"tipPosition":[25.9571,349.862,-55.5456],"tipVelocity":[-25.4521,20.2239,-45.9419],"tool":false,"touchDistance":-0.365527,"touchZone":"touching","type":1,"width":19.3369},{"bases":[[[0.97841,0.132751,-0.158401],[-0.0701457,0.93424,0.349679],[0.194405,-0.331019,0.923382]],[[0.975032,0.138253,-0.173779],[-0.221995,0.626488,-0.747149],[0.00557491,0.767072,0.641537]],[[0.975032,0.138253,-0.173779],[-0.0224493,-0.717182,-0.696524],[-0.220927,0.683035,-0.696172]],[[0.975032,0.138253,-0.173779],[0.128789,-0.989562,-0.0646567],[-0.180904,0.0406615,-0.98266]]],"btipPosition":[65.1411,293.952,29.8412],"carpPosition":[69.2898,328.007,86.9058],"dipPosition":[61.7426,294.716,11.3807],"direction":[0.220927,-0.683035,0.696172],"extended":false,"handId":418,"id":4182,"length":66.986,"mcpPosition":[55.7308,351.095,22.503],"pipPosition":[55.4621,314.133,-8.40985],"stabilizedTipPosition":[67.8973,292.06,28.9183],"timeVisible":0.668863,"tipPosition":[64.1146,294.29,24.3658],"tipVelocity":[-26.1043,19.6258,-27.0382],"tool":false,"touchDistance":0.333333,"touchZone":"none","type":2,"width":18.9914},{"bases":[[[0.99884,0.0117843,-0.0466978],[0.00616947,0.930309,0.366726],[0.047765,-0.366589,0.929156]],[[0.9958,0.0277831,-0.0872325],[-0.0872203,0.577468,-0.811741],[0.0278212,0.815941,0.577466]],[[0.9958,0.0277831,-0.0872325],[-0.0335791,-0.77559,-0.630343],[-0.0851696,0.630625,-0.7714]],[[0.9958,0.0277831,-0.0872325],[0.0277401,-0.999614,-0.00170568],[-0.0872462,-0.000721316,-0.996187]]],"btipPosition":[80.779,299.803,40.5197],"carpPosition":[81.0245,330.742,84.5275],"dipPosition":[79.1494,299.789,21.9126],"direction":[0.0851696,-0.630625,0.7714],"extended":false,"handId":418,"id":4183,"length":64.4088,"mcpPosition":[78.0334,353.698,26.3429],"pipPosition":[76.7907,317.253,0.549828],"stabilizedTipPosition":[82.6959,298.384,37.2882],"timeVisible":0.668863,"tipPosition":[80.2816,299.915,34.7432],"tipVelocity":[-26.93,19.2599,2.70475],"tool":false,"touchDistance":0.333333,"touchZone":"none","type":3,"width":18.0715},{"bases":[[[0.982813,-0.184601,0.00120819],[0.165646,0.88475,0.435637],[-0.0814878,-0.427949,0.900122]],[[0.985915,-0.15891,-0.0521473],[0.0641232,0.647129,-0.759679],[0.154467,0.745635,0.648204]],[[0.985915,-0.15891,-0.0521473],[-0.150012,-0.702371,-0.695825],[0.0739467,0.693847,-0.716316]],[[0.985915,-0.15891,-0.0521473],[-0.162775,-0.983339,-0.0809268],[-0.0384184,0.0882752,-0.995355]]],"btipPosition":[92.7857,309.757,37.9227],"carpPosition":[94.306,326.395,81.856],"dipPosition":[92.1236,311.279,20.7712],"direction":[-0.0739467,-0.693847,0.716316],"extended":false,"handId":418,"id":4184,"length":50.4953,"mcpPosition":[99.0297,351.202,29.6782],"pipPosition":[93.5695,324.845,6.7652],"stabilizedTipPosition":[95.3688,308.566,36.2384],"timeVisible":0.668863,"tipPosition":[92.625,310.377,32.7835],"tipVelocity":[-30.4403,17.2967,-23.4087],"tool":false,"touchDistance":0.333333,"touchZone":"none","type":4,"width":16.0525}],"r":[[0.92683,0.37277,-0.0450377],[-0.355272,0.909436,0.21612],[0.121522,-0.184306,0.975328]],"s":1.11542,"t":[-107.268,116.706,-110.137],"timestamp":521480372487},false],[3,{"currentFrameRate":103.514,"devices":[],"gestures":[],"hands":[{"armBasis":[[0.899187,0.36102,-0.247239],[-0.173886,0.813327,0.555215],[0.401529,-0.456251,0.794109]],"armWidth":63.7005,"confidence":0.865523,"direction":[-0.19391,0.470782,-0.860676],"elbow":[189.36,193.49,303.271],"grabStrength":0,"id":418,"palmNormal":[0.186111,-0.843742,-0.50345],"palmPosition":[63.9759,336.446,40.8696],"palmVelocity":[-34.8943,13.7111,-56.8813],"palmWidth":90.9622,"pinchStrength":0.556651,"r":[[0.926714,0.373222,-0.0436567],[-0.355895,0.909044,0.216742],[0.120579,-0.185321,0.975252]],"s":1.11799,"sphereCenter":[74.2174,309.054,1.84638],"sphereRadius":48.7507,"stabilizedPalmPosition":[68.3992,334.345,46.474],"t":[-107.591,116.787,-110.785],"timeVisible":0.677748,"type":"right","wrist":[80.9802,316.64,88.9271]}],"id":4114430,"interactionBox":{"center":[0,200,0],"size":[235.247,235.247,147.751]},"pointables":[{"bases":[[[0.18329,0.950271,0.251774],[-0.782736,-0.0138763,0.6222],[0.594752,-0.311115,0.741267]],[[0.0091163,0.999388,0.0337569],[-0.818881,-0.0119132,0.57384],[0.573891,-0.0328741,0.818271]],[[0.0091163,0.999388,0.0337569],[-0.971544,0.000861811,0.236859],[0.236685,-0.0349555,0.970958]],[[0.0091163,0.999388,0.0337569],[-0.778071,0.0282942,-0.627539],[-0.628111,-0.0205444,0.777853]]],"btipPosition":[34.1918,301.885,-3.52643],"carpPosition":[56.2022,298.573,88.6015],"dipPosition":[19.4962,301.405,14.6726],"direction":[-0.236685,0.0349555,-0.970958],"extended":false,"handId":418,"id":4180,"length":52.1005,"mcpPosition":[56.2022,298.573,88.6015],"pipPosition":[27.5637,300.213,47.7678],"stabilizedTipPosition":[35.8195,298.333,8.81277],"timeVisible":0.677748,"tipPosition":[30.2107,301.551,0.0877467],"tipVelocity":[-29.3823,18.0678,-62.366],"tool":false,"touchDistance":-0.362915,"touchZone":"touching","type":0,"width":20.2438},{"bases":[[[0.916972,0.333191,-0.219423],[-0.236398,0.896831,0.373912],[0.321369,-0.290995,0.901134]],[[0.95441,0.286503,-0.0837742],[-0.264828,0.942207,0.205211],[0.137726,-0.17367,0.975126]],[[0.95441,0.286503,-0.0837742],[-0.28331,0.957824,0.0480557],[0.0940091,-0.0221307,0.995325]],[[0.95441,0.286503,-0.0837742],[-0.292544,0.953558,-0.0717336],[0.0593316,0.0929709,0.993899]]],"btipPosition":[25.4201,349.988,-60.56],"carpPosition":[58.2561,322.18,88.6231],"dipPosition":[26.4335,351.576,-43.5838],"direction":[-0.0940091,0.0221307,-0.995325],"extended":true,"handId":418,"id":4181,"length":58.7895,"mcpPosition":[34.6203,343.582,22.3472],"pipPosition":[28.7051,351.041,-19.5337],"stabilizedTipPosition":[28.3469,348.571,-52.2793],"timeVisible":0.677748,"tipPosition":[25.7772,350.006,-56.4602],"tipVelocity":[-24.068,17.8991,-61.3416],"tool":false,"touchDistance":-0.370987,"touchZone":"touching","type":1,"width":19.3369},{"bases":[[[0.978734,0.13301,-0.156166],[-0.0708572,0.933643,0.351126],[0.192506,-0.332594,0.923213]],[[0.975437,0.13846,-0.171321],[-0.220259,0.62294,-0.750621],[0.00279191,0.769918,0.638136]],[[0.975437,0.13846,-0.171321],[-0.0197171,-0.719748,-0.693955],[-0.219393,0.680288,-0.699339]],[[0.975437,0.13846,-0.171321],[0.129328,-0.989572,-0.0634178],[-0.178315,0.0397035,-0.983172]]],"btipPosition":[64.8562,293.948,29.2674],"carpPosition":[68.8307,327.935,86.0568],"dipPosition":[61.5063,294.694,10.7973],"direction":[0.219393,-0.680288,0.699339],"extended":false,"handId":418,"id":4182,"length":66.986,"mcpPosition":[55.404,351.132,21.6657],"pipPosition":[55.2694,314.033,-9.08331],"stabilizedTipPosition":[67.581,292.231,28.5948],"timeVisible":0.677748,"tipPosition":[63.841,294.289,23.7695],"tipVelocity":[-27.3832,14.0592,-37.3021],"tool":false,"touchDistance":0.333333,"touchZone":"none","type":2,"width":18.9914},{"bases":[[[0.998933,0.0118537,-0.044627],[0.00542281,0.929682,0.368323],[0.0458549,-0.368172,0.928626]],[[0.995995,0.0278513,-0.0849634],[-0.0858635,0.562975,-0.822002],[0.0249384,0.826005,0.563111]],[[0.995995,0.0278513,-0.0849634],[-0.0306937,-0.786,-0.617465],[-0.0839784,0.617599,-0.781997]],[[0.995995,0.0278513,-0.0849634],[0.0285484,-0.999568,0.00700059],[-0.0847317,-0.00939812,-0.996359]]],"btipPosition":[80.4931,299.907,40.6704],"carpPosition":[80.5702,330.674,83.7071],"dipPosition":[78.9104,299.731,22.0601],"direction":[0.0839784,-0.617599,0.781997],"extended":false,"handId":418,"id":4183,"length":64.4088,"mcpPosition":[77.6987,353.729,25.5558],"pipPosition":[76.5848,316.835,0.403866],"stabilizedTipPosition":[82.3143,298.604,37.1546],"timeVisible":0.677748,"tipPosition":[79.9993,299.971,34.7716],"tipVelocity":[-28.0253,16.0683,6.55463],"tool":false,"touchDistance":0.333333,"touchZone":"none","type":3,"width":18.0715},{"bases":[[[0.982807,-0.184612,0.00291125],[0.164757,0.884004,0.437483],[-0.0833384,-0.429482,0.899222]],[[0.986008,-0.159027,-0.0499943],[0.0646354,0.641156,-0.764684],[0.153659,0.750752,0.642464]],[[0.986008,-0.159027,-0.0499943],[-0.149101,-0.707195,-0.691118],[0.0745503,0.688901,-0.721011]],[[0.986008,-0.159027,-0.0499943],[-0.162612,-0.983563,-0.0784915],[-0.0366903,0.0855229,-0.99566]]],"btipPosition":[92.431,309.745,37.4744],"carpPosition":[93.8571,326.331,81.0555],"dipPosition":[91.7988,311.219,20.3176],"direction":[-0.0745503,-0.688901,0.721011],"extended":false,"handId":418,"id":4184,"length":50.4953,"mcpPosition":[98.688,351.227,28.9299],"pipPosition":[93.2564,324.689,6.21983],"stabilizedTipPosition":[95.073,308.712,35.9783],"timeVisible":0.677748,"tipPosition":[92.2797,310.354,32.3039],"tipVelocity":[-32.8048,11.9001,-30.7918],"tool":false,"touchDistance":0.333333,"touchZone":"none","type":4,"width":16.0525}],"r":[[0.926714,0.373222,-0.0436567],[-0.355895,0.909044,0.216742],[0.120579,-0.185321,0.975252]],"s":1.11799,"t":[-107.591,116.787,-110.785],"timestamp":521480381372},false],[4,{"currentFrameRate":103.82,"devices":[],"gestures":[],"hands":[{"armBasis":[[0.899524,0.361013,-0.246021],[-0.175197,0.813972,0.553855],[0.400203,-0.455104,0.795436]],"armWidth":63.7005,"confidence":0.876179,"direction":[-0.192698,0.471662,-0.860466],"elbow":[188.723,193.738,303.055],"grabStrength":0,"id":418,"palmNormal":[0.18687,-0.843214,-0.504054],"palmPosition":[63.7645,336.433,40.2919],"palmVelocity":[-31.7063,9.5366,-58.7878],"palmWidth":90.9622,"pinchStrength":0.546781,"r":[[0.926629,0.3736,-0.0422089],[-0.356464,0.908682,0.217325],[0.119547,-0.186334,0.975186]],"s":1.12057,"sphereCenter":[73.9988,309.122,1.32581],"sphereRadius":48.7409,"stabilizedPalmPosition":[68.1127,334.474,46.0918],"t":[-107.858,116.822,-111.398],"timeVisible":0.686804,"type":"right","wrist":[80.7008,316.578,88.3532]}],"id":4114431,"interactionBox":{"center":[0,200,0],"size":[235.247,235.247,147.751]},"pointables":[{"bases":[[[0.182886,0.950018,0.253017],[-0.783626,-0.0145529,0.621063],[0.593703,-0.311855,0.741797]],[[0.0089723,0.999356,0.034738],[-0.819566,-0.0125543,0.572847],[0.572915,-0.0336099,0.818926]],[[0.0089723,0.999356,0.034738],[-0.971891,0.000542007,0.235432],[0.235261,-0.0358739,0.97127]],[[0.0089723,0.999356,0.034738],[-0.776829,0.0288405,-0.62905],[-0.629647,-0.0213415,0.776588]]],"btipPosition":[34.0469,301.909,-4.16812],"carpPosition":[55.9241,298.51,87.9735],"dipPosition":[19.3154,301.41,14.0013],"direction":[-0.235261,0.0358739,-0.97127],"extended":false,"handId":418,"id":4180,"length":52.1005,"mcpPosition":[55.9241,298.51,87.9735],"pipPosition":[27.3343,300.187,47.1072],"stabilizedTipPosition":[35.6206,298.466,8.47357],"timeVisible":0.686804,"tipPosition":[30.0691,301.578,-0.556743],"tipVelocity":[-25.9405,13.6895,-64.9174],"tool":false,"touchDistance":-0.364684,"touchZone":"touching","type":0,"width":20.2438},{"bases":[[[0.91727,0.333457,-0.217765],[-0.236974,0.896434,0.374499],[0.320091,-0.291912,0.901293]],[[0.954409,0.28683,-0.0826525],[-0.265603,0.942385,0.203385],[0.136227,-0.17216,0.975604]],[[0.954409,0.28683,-0.0826525],[-0.283696,0.957727,0.0477028],[0.0928411,-0.0220799,0.995436]],[[0.954409,0.28683,-0.0826525],[-0.292714,0.953572,-0.0708502],[0.0584931,0.0918136,0.994057]]],"btipPosition":[25.3419,349.947,-61.1982],"carpPosition":[57.9769,322.118,88.0224],"dipPosition":[26.341,351.515,-44.2193],"direction":[-0.0928411,0.0220799,-0.995436],"extended":true,"handId":418,"id":4181,"length":58.7895,"mcpPosition":[34.4352,343.587,21.7349],"pipPosition":[28.5843,350.981,-20.1666],"stabilizedTipPosition":[28.2003,348.663,-52.5441],"timeVisible":0.686804,"tipPosition":[25.6929,350.028,-57.0998],"tipVelocity":[-19.9096,11.5625,-63.8442],"tool":false,"touchDistance":-0.371786,"touchZone":"touching","type":1,"width":19.3369},{"bases":[[[0.978951,0.133214,-0.154626],[-0.0714023,0.933277,0.351988],[0.191198,-0.333539,0.923144]],[[0.975694,0.138649,-0.169697],[-0.219136,0.615848,-0.756777],[-0.000418984,0.775569,0.631262]],[[0.975694,0.138649,-0.169697],[-0.0167103,-0.725061,-0.688482],[-0.218498,0.674583,-0.705121]],[[0.975694,0.138649,-0.169697],[0.130205,-0.989672,-0.0599738],[-0.17626,0.0364208,-0.98367]]],"btipPosition":[64.7623,293.907,29.1976],"carpPosition":[68.5549,327.876,85.4772],"dipPosition":[61.451,294.591,10.7181],"direction":[0.218498,-0.674583,0.705121],"extended":false,"handId":418,"id":4182,"length":66.986,"mcpPosition":[55.2194,351.139,21.091],"pipPosition":[55.2396,313.768,-9.32684],"stabilizedTipPosition":[67.3285,292.36,28.3375],"timeVisible":0.686804,"tipPosition":[63.7473,294.246,23.6415],"tipVelocity":[-22.4153,8.47192,-29.1992],"tool":false,"touchDistance":0.333333,"touchZone":"none","type":2,"width":18.9914},{"bases":[[[0.998996,0.0119432,-0.0431834],[0.00485319,0.929302,0.36929],[0.0445409,-0.369129,0.92831]],[[0.996126,0.0279309,-0.0833779],[-0.084722,0.558717,-0.825019],[0.0235411,0.828888,0.55892]],[[0.996126,0.0279309,-0.0833779],[-0.0292315,-0.789097,-0.613573],[-0.0829308,0.613634,-0.785223]],[[0.996126,0.0279309,-0.0833779],[0.0288299,-0.999538,0.00959702],[-0.0830713,-0.0119636,-0.996472]]],"btipPosition":[80.3052,299.939,40.409],"carpPosition":[80.2976,330.617,83.1472],"dipPosition":[78.7536,299.716,21.7966],"direction":[0.0829308,-0.613634,0.785223],"extended":false,"handId":418,"id":4183,"length":64.4088,"mcpPosition":[77.5084,353.733,25.0156],"pipPosition":[76.4569,316.71,0.0509579],"stabilizedTipPosition":[81.9443,298.805,36.9941],"timeVisible":0.686804,"tipPosition":[79.8249,299.977,34.5483],"tipVelocity":[-25.7986,12.2901,-3.23831],"tool":false,"touchDistance":0.333333,"touchZone":"none","type":3,"width":18.0715},{"bases":[[[0.98281,-0.184572,0.00412886],[0.16409,0.883559,0.438631],[-0.0846074,-0.430414,0.898658]],[[0.986084,-0.158956,-0.0486972],[0.0644311,0.635431,-0.769465],[0.153255,0.75562,0.63683]],[[0.986084,-0.158956,-0.0486972],[-0.148597,-0.711381,-0.686918],[0.0745472,0.684595,-0.725102]],[[0.986084,-0.158956,-0.0486972],[-0.162366,-0.983745,-0.0766958],[-0.0357144,0.0835353,-0.995865]]],"btipPosition":[92.2335,309.693,37.2444],"carpPosition":[93.5886,326.278,80.5102],"dipPosition":[91.6181,311.132,20.0841],"direction":[-0.0745472,-0.684595,0.725102],"extended":false,"handId":418,"id":4184,"length":50.4953,"mcpPosition":[98.493,351.228,28.4172],"pipPosition":[93.0757,324.518,5.90634],"stabilizedTipPosition":[94.8149,308.826,35.7463],"timeVisible":0.686804,"tipPosition":[92.0865,310.297,32.0607],"tipVelocity":[-29.6505,6.77338,-29.3274],"tool":false,"touchDistance":0.333333,"touchZone":"none","type":4,"width":16.0525}],"r":[[0.926629,0.3736,-0.0422089],[-0.356464,0.908682,0.217325],[0.119547,-0.186334,0.975186]],"s":1.12057,"t":[-107.858,116.822,-111.398],"timestamp":521480390428},false],[5,{"currentFrameRate":104.102,"devices":[],"gestures":[],"hands":[{"armBasis":[[0.900256,0.360689,-0.243809],[-0.176924,0.814788,0.552103],[0.39779,-0.453898,0.797333]],"armWidth":63.7005,"confidence":0.863272,"direction":[-0.191915,0.473128,-0.859836],"elbow":[187.863,194.005,303],"grabStrength":0,"id":418,"palmNormal":[0.187817,-0.842223,-0.505357],"palmPosition":[63.603,336.454,39.7406],"palmVelocity":[-27.8603,7.52835,-59.3284],"palmWidth":90.9622,"pinchStrength":0.536773,"r":[[0.926537,0.373996,-0.0407026],[-0.357049,0.908282,0.218036],[0.118514,-0.187485,0.975092]],"s":1.12292,"sphereCenter":[73.8209,309.229,0.80635],"sphereRadius":48.7154,"stabilizedPalmPosition":[67.896,334.569,45.7867],"t":[-108.073,116.849,-111.98],"timeVisible":0.69588,"type":"right","wrist":[80.4926,316.52,87.7855]}],"id":4114432,"interactionBox":{"center":[0,200,0],"size":[235.247,235.247,147.751]},"pointables":[{"bases":[[[0.18218,0.94964,0.254939],[-0.784333,-0.0160127,0.620134],[0.592986,-0.312933,0.741917]],[[0.00786514,0.99933,0.0357517],[-0.820018,-0.0140157,0.572166],[0.572284,-0.0338172,0.819358]],[[0.00786514,0.99933,0.0357517],[-0.972223,-0.000721718,0.234056],[0.233925,-0.0365995,0.971565]],[[0.00786514,0.99933,0.0357517],[-0.775238,0.0286765,-0.631018],[-0.63162,-0.022753,0.774944]]],"btipPosition":[33.9703,301.909,-4.79007],"carpPosition":[55.7243,298.442,87.3448],"dipPosition":[19.1926,301.377,13.3409],"direction":[-0.233925,0.0365995,-0.971565],"extended":false,"handId":418,"id":4180,"length":52.1005,"mcpPosition":[55.7243,298.442,87.3448],"pipPosition":[27.166,300.129,46.4569],"stabilizedTipPosition":[35.4761,298.561,8.2132],"timeVisible":0.69588,"tipPosition":[30.0029,301.613,-1.172],"tipVelocity":[-21.4243,9.65607,-66.1853],"tool":false,"touchDistance":-0.366011,"touchZone":"touching","type":0,"width":20.2438},{"bases":[[[0.917374,0.334247,-0.216108],[-0.237796,0.895655,0.37584],[0.319182,-0.293397,0.901133]],[[0.95423,0.287672,-0.0817971],[-0.266926,0.942542,0.200909],[0.134893,-0.16988,0.976189]],[[0.95423,0.287672,-0.0817971],[-0.284651,0.957492,0.0467172],[0.0917593,-0.0212953,0.995553]],[[0.95423,0.287672,-0.0817971],[-0.293456,0.953369,-0.0705105],[0.0576989,0.0912871,0.994152]]],"btipPosition":[25.2956,349.88,-61.7999],"carpPosition":[57.7668,322.05,87.4386],"dipPosition":[26.2811,351.439,-44.8194],"direction":[-0.0917593,0.0212953,-0.995553],"extended":true,"handId":418,"id":4181,"length":58.7895,"mcpPosition":[34.2919,343.628,21.1628],"pipPosition":[28.4983,350.925,-20.7638],"stabilizedTipPosition":[28.0999,348.722,-52.7447],"timeVisible":0.69588,"tipPosition":[25.6333,350.071,-57.7017],"tipVelocity":[-15.9096,6.27375,-64.5104],"tool":false,"touchDistance":-0.371961,"touchZone":"touching","type":1,"width":19.3369},{"bases":[[[0.97907,0.133918,-0.153259],[-0.0722142,0.93261,0.353587],[0.190283,-0.335119,0.922761]],[[0.975868,0.139314,-0.168146],[-0.218325,0.608592,-0.762856],[-0.0039444,0.781157,0.624322]],[[0.975868,0.139314,-0.168146],[-0.0132669,-0.730787,-0.682477],[-0.217957,0.668238,-0.711303]],[[0.975868,0.139314,-0.168146],[0.131664,-0.989719,-0.0558725],[-0.174201,0.0323855,-0.984177]]],"btipPosition":[64.7322,293.945,29.1827],"carpPosition":[68.3451,327.817,84.9159],"dipPosition":[61.4596,294.553,10.6937],"direction":[0.217957,-0.668239,0.711303],"extended":false,"handId":418,"id":4182,"length":66.986,"mcpPosition":[55.0735,351.191,20.5564],"pipPosition":[55.2636,313.55,-9.52699],"stabilizedTipPosition":[67.1282,292.463,28.1338],"timeVisible":0.69588,"tipPosition":[63.719,294.267,23.5645],"tipVelocity":[-16.8616,6.76873,-21.6443],"tool":false,"touchDistance":0.333333,"touchZone":"none","type":2,"width":18.9914},{"bases":[[[0.999039,0.012455,-0.0420126],[0.00402307,0.928636,0.370969],[0.0436349,-0.370782,0.927694]],[[0.996223,0.0284553,-0.0820352],[-0.0839617,0.556523,-0.826579],[0.0221339,0.830345,0.556811]],[[0.996223,0.0284553,-0.0820352],[-0.0277526,-0.790873,-0.611351],[-0.0822756,0.611319,-0.787096]],[[0.996223,0.0284553,-0.0820352],[0.0294473,-0.999507,0.0109075],[-0.0816843,-0.013282,-0.99657]]],"btipPosition":[80.1725,300.017,40.0526],"carpPosition":[80.0893,330.568,82.6044],"dipPosition":[78.6467,299.769,21.4383],"direction":[0.0822756,-0.611319,0.787096],"extended":false,"handId":418,"id":4183,"length":64.4088,"mcpPosition":[77.3569,353.787,24.5113],"pipPosition":[76.3682,316.699,-0.359124],"stabilizedTipPosition":[81.6311,298.976,36.8137],"timeVisible":0.69588,"tipPosition":[79.7035,300.034,34.2193],"tipVelocity":[-22.5272,11.0887,-13.215],"tool":false,"touchDistance":0.333333,"touchZone":"none","type":3,"width":18.0715},{"bases":[[[0.982885,-0.184153,0.00492682],[0.1632,0.882838,0.440411],[-0.0854525,-0.43207,0.897783]],[[0.986207,-0.158462,-0.0478025],[0.0642932,0.63289,-0.771567],[0.152518,0.757852,0.634349]],[[0.986207,-0.158462,-0.0478025],[-0.147785,-0.71299,-0.685424],[0.0745311,0.683034,-0.726574]],[[0.986207,-0.158462,-0.0478025],[-0.161815,-0.9838,-0.0771534],[-0.0348022,0.0838244,-0.995873]]],"btipPosition":[92.0898,309.697,36.8763],"carpPosition":[93.3852,326.239,79.9748],"dipPosition":[91.4901,311.141,19.7159],"direction":[-0.0745311,-0.683034,0.726574],"extended":false,"handId":418,"id":4184,"length":50.4953,"mcpPosition":[98.3387,351.285,27.9326],"pipPosition":[92.9474,324.496,5.50935],"stabilizedTipPosition":[94.6075,308.913,35.5422],"timeVisible":0.69588,"tipPosition":[91.9476,310.303,31.7049],"tipVelocity":[-25.7205,5.04917,-32.4328],"tool":false,"touchDistance":0.333333,"touchZone":"none","type":4,"width":16.0525}],"r":[[0.926537,0.373996,-0.0407026],[-0.357049,0.908282,0.218036],[0.118514,-0.187485,0.975092]],"s":1.12292,"t":[-108.073,116.849,-111.98],"timestamp":521480399504},false],[6,{"currentFrameRate":104.29,"devices":[],"gestures":[],"hands":[{"armBasis":[[0.899642,0.361663,-0.24463],[-0.177679,0.815024,0.551512],[0.39884,-0.452698,0.797491]],"armWidth":63.7005,"confidence":0.875951,"direction":[-0.191356,0.473932,-0.859518],"elbow":[188.016,194.282,302.64],"grabStrength":0,"id":418,"palmNormal":[0.188241,-0.841725,-0.506029],"palmPosition":[63.5043,336.452,39.3454],"palmVelocity":[-23.04,5.35788,-54.6854],"palmWidth":90.9622,"pinchStrength":0.530029,"r":[[0.926461,0.374335,-0.0392968],[-0.357564,0.907913,0.218727],[0.117555,-0.188591,0.974994]],"s":1.12477,"sphereCenter":[73.7082,309.228,0.443723],"sphereRadius":48.6879,"stabilizedPalmPosition":[67.7333,334.639,45.548],"t":[-108.229,116.862,-112.468],"timeVisible":0.705117,"type":"right","wrist":[80.3621,316.473,87.383]}],"id":4114433,"interactionBox":{"center":[0,200,0],"size":[235.247,235.247,147.751]},"pointables":[{"bases":[[[0.181922,0.949412,0.255971],[-0.784763,-0.01667,0.619572],[0.592496,-0.313591,0.742031]],[[0.00701851,0.999335,0.0357775],[-0.820337,-0.0147059,0.571691],[0.571837,-0.033362,0.819689]],[[0.00701851,0.999335,0.0357775],[-0.972488,-0.00150996,0.23295],[0.232849,-0.0364281,0.97183]],[[0.00701851,0.999335,0.0357775],[-0.773928,0.0280852,-0.632651],[-0.633235,-0.0232489,0.77361]]],"btipPosition":[33.9384,301.844,-5.22138],"carpPosition":[55.5957,298.394,86.9078],"dipPosition":[19.123,301.3,12.8784],"direction":[-0.232849,0.0364281,-0.97183],"extended":false,"handId":418,"id":4180,"length":52.1005,"mcpPosition":[55.5957,298.394,86.9078],"pipPosition":[27.0597,300.058,46.0034],"stabilizedTipPosition":[35.3727,298.627,8.01951],"timeVisible":0.705117,"tipPosition":[29.9794,301.592,-1.58932],"tipVelocity":[-16.6439,4.89322,-60.9323],"tool":false,"touchDistance":-0.364321,"touchZone":"touching","type":0,"width":20.2438},{"bases":[[[0.917496,0.33453,-0.215151],[-0.238133,0.895276,0.376529],[0.318579,-0.294229,0.901075]],[[0.954049,0.288229,-0.0819416],[-0.268138,0.943248,0.195923],[0.133762,-0.164949,0.97719]],[[0.954049,0.288229,-0.0819416],[-0.285533,0.957396,0.0431632],[0.0908915,-0.0177828,0.995702]],[[0.954049,0.288229,-0.0819416],[-0.294151,0.952992,-0.072667],[0.057145,0.0934311,0.993984]]],"btipPosition":[25.2882,349.56,-62.2524],"carpPosition":[57.6361,322.002,87.0255],"dipPosition":[26.2643,351.156,-45.2747],"direction":[-0.0908915,0.0177828,-0.995702],"extended":true,"handId":418,"id":4181,"length":58.7895,"mcpPosition":[34.2055,343.642,20.754],"pipPosition":[28.4605,350.726,-21.2156],"stabilizedTipPosition":[28.0314,348.754,-52.893],"timeVisible":0.705117,"tipPosition":[25.6068,349.919,-58.1527],"tipVelocity":[-11.7339,-4.95302,-60.1734],"tool":false,"touchDistance":-0.369895,"touchZone":"touching","type":1,"width":19.3369},{"bases":[[[0.979165,0.134146,-0.152449],[-0.0725394,0.932266,0.354426],[0.189668,-0.335983,0.922573]],[[0.976013,0.139491,-0.167154],[-0.217623,0.603165,-0.767354],[-0.00621783,0.785324,0.619053]],[[0.976013,0.139491,-0.167154],[-0.0109549,-0.735339,-0.677611],[-0.217436,0.663189,-0.716172]],[[0.976013,0.139491,-0.167154],[0.132551,-0.989809,-0.05204],[-0.17271,0.0286353,-0.984556]]],"btipPosition":[64.7123,293.974,29.195],"carpPosition":[68.2157,327.773,84.5157],"dipPosition":[61.4678,294.512,10.6989],"direction":[0.217436,-0.663189,0.716172],"extended":false,"handId":418,"id":4182,"length":66.986,"mcpPosition":[54.9869,351.206,20.1693],"pipPosition":[55.2865,313.365,-9.66022],"stabilizedTipPosition":[66.9619,292.549,27.9658],"timeVisible":0.705117,"tipPosition":[63.7067,294.268,23.5572],"tipVelocity":[-12.5371,5.25472,-15.245],"tool":false,"touchDistance":0.333333,"touchZone":"none","type":2,"width":18.9914},{"bases":[[[0.999067,0.0125791,-0.0413049],[0.00368604,0.928283,0.371857],[0.0430202,-0.371663,0.927371]],[[0.996287,0.028575,-0.0812087],[-0.0833911,0.554642,-0.8279],[0.0213845,0.831599,0.554965]],[[0.996287,0.028575,-0.0812087],[-0.026981,-0.792141,-0.609741],[-0.0817521,0.609669,-0.788429]],[[0.996287,0.028575,-0.0812087],[0.0296178,-0.999493,0.0116648],[-0.0808342,-0.0140267,-0.996629]]],"btipPosition":[80.086,300.034,39.8039],"carpPosition":[79.9613,330.527,82.215],"dipPosition":[78.5761,299.772,21.1886],"direction":[0.0817521,-0.609669,0.788429],"extended":false,"handId":418,"id":4183,"length":64.4088,"mcpPosition":[77.2673,353.8,24.1422],"pipPosition":[76.3121,316.656,-0.645813],"stabilizedTipPosition":[81.3847,299.106,36.6455],"timeVisible":0.705117,"tipPosition":[79.6251,300.043,34.003],"tipVelocity":[-18.7211,8.40717,-17.0696],"tool":false,"touchDistance":0.333333,"touchZone":"none","type":3,"width":18.0715},{"bases":[[[0.982897,-0.184075,0.00543578],[0.162819,0.882432,0.441366],[-0.0860411,-0.432933,0.897311]],[[0.986252,-0.158352,-0.0472294],[0.0642024,0.630561,-0.773479],[0.152263,0.759814,0.632059]],[[0.986252,-0.158352,-0.0472294],[-0.147471,-0.714497,-0.68392],[0.074555,0.681483,-0.728026]],[[0.986252,-0.158352,-0.0472294],[-0.161653,-0.983836,-0.0770419],[-0.0342663,0.0836176,-0.995909]]],"btipPosition":[91.9973,309.673,36.6294],"carpPosition":[93.2593,326.201,79.5905],"dipPosition":[91.4069,311.114,19.4684],"direction":[-0.074555,-0.681483,0.728026],"extended":false,"handId":418,"id":4184,"length":50.4953,"mcpPosition":[98.2469,351.297,27.5757],"pipPosition":[92.8646,324.439,5.23342],"stabilizedTipPosition":[94.4441,308.978,35.372],"timeVisible":0.705117,"tipPosition":[91.8579,310.277,31.4731],"tipVelocity":[-21.246,2.90277,-30.8367],"tool":false,"touchDistan