{"sensorType":"Leap","data":[[0,{"currentFrameRate":101.777,"devices":[],"gestures":[],"hands":[{"armBasis":[[0.873032,0.426368,-0.236697],[-0.208578,0.765204,0.609064],[0.440806,-0.482363,0.756978]],"armWidth":63.7005,"confidence":0.683544,"direction":[-0.228992,0.656213,-0.718991],"elbow":[178.731,154.06,285.157],"grabStrength":0,"id":422,"palmNormal":[0.184091,-0.696094,-0.693947],"palmPosition":[40.8987,314.457,39.3184],"palmVelocity":[78.5794,47.9773,-182.506],"palmWidth":90.9622,"pinchStrength":0.422014,"r":[[0.969928,0.118935,0.212354],[-0.174317,0.94835,0.265039],[-0.169863,-0.294086,0.940564]],"s":1.06075,"sphereCenter":[58.9441,293.801,-8.14029],"sphereRadius":51.634,"stabilizedPalmPosition":[43.6127,283.192,152.955],"t":[-3.7933,31.6068,-114.202],"timeVisible":0.361518,"type":"right","wrist":[59.7495,284.258,80.8348]}],"id":4116112,"interactionBox":{"center":[0,200,0],"size":[235.247,235.247,147.751]},"pointables":[{"bases":[[[0.175297,0.86786,0.464856],[-0.762233,-0.179204,0.622002],[0.623114,-0.463363,0.630098]],[[-0.0194144,0.966811,0.254755],[-0.818208,-0.1618,0.551685],[0.574594,-0.197732,0.794194]],[[-0.0194144,0.966811,0.254755],[-0.97777,-0.0715674,0.197088],[0.208779,-0.245266,0.946708]],[[-0.0194144,0.966811,0.254755],[-0.932723,0.0742504,-0.352866],[-0.36007,-0.244467,0.900325]]],"btipPosition":[7.9135,290.144,-16.0632],"carpPosition":[35.279,266.197,76.9021],"dipPosition":[-0.510856,284.424,5.0012],"direction":[-0.208779,0.245266,-0.946708],"extended":false,"handId":422,"id":4220,"length":52.1005,"mcpPosition":[35.279,266.197,76.9021],"pipPosition":[6.60541,276.064,37.2699],"stabilizedTipPosition":[4.04843,256.149,90.6054],"timeVisible":0.361518,"tipPosition":[6.88665,288.935,-10.9313],"tipVelocity":[89.9447,27.9326,-234],"tool":false,"touchDistance":-0.528508,"touchZone":"hovering","type":0,"width":20.2438},{"bases":[[[0.903845,0.397313,-0.158769],[-0.239348,0.7771,0.58209],[0.354651,-0.488118,0.797474]],[[0.944252,0.325881,-0.0467916],[-0.300384,0.910964,0.282692],[0.134749,-0.252877,0.958069]],[[0.944252,0.325881,-0.0467916],[-0.320346,0.942246,0.0977278],[0.0759368,-0.0772902,0.994113]],[[0.944252,0.325881,-0.0467916],[-0.327663,0.944057,-0.0373182],[0.0320126,0.0505696,0.998207]]],"btipPosition":[2.68536,336.936,-58.4062],"carpPosition":[36.9379,289.172,82.4645],"dipPosition":[3.23215,337.8,-41.3565],"direction":[-0.0759368,0.0772902,-0.994113],"extended":true,"handId":422,"id":4221,"length":58.7895,"mcpPosition":[10.8544,325.072,23.8126],"pipPosition":[5.06701,335.932,-17.3357],"stabilizedTipPosition":[-7.71486,301.83,52.7008],"timeVisible":0.361518,"tipPosition":[3.55208,336.869,-54.0481],"tipVelocity":[130.726,89.0112,-204.042],"tool":false,"touchDistance":-0.550683,"touchZone":"hovering","type":1,"width":19.3369},{"bases":[[[0.970921,0.189376,-0.146458],[-0.0752526,0.822177,0.564235],[0.227267,-0.536806,0.81252]],[[0.969332,0.193071,-0.152053],[-0.24484,0.705296,-0.66529],[-0.0212057,0.682115,0.730937]],[[0.969332,0.193071,-0.152053],[-0.107442,-0.223521,-0.968759],[-0.221026,0.955386,-0.195922]],[[0.969332,0.193071,-0.152053],[0.0029496,-0.627808,-0.778362],[-0.245739,0.754043,-0.609124]]],"btipPosition":[43.3985,258.867,6.17362],"carpPosition":[47.328,295.62,81.0521],"dipPosition":[38.782,273.033,-5.26954],"direction":[0.221026,-0.955386,0.195922],"extended":false,"handId":422,"id":4222,"length":66.986,"mcpPosition":[31.4769,333.06,24.3815],"pipPosition":[32.4987,300.192,-10.8392],"stabilizedTipPosition":[32.2491,223.924,132.861],"timeVisible":0.361518,"tipPosition":[42.4401,261.949,3.70582],"tipVelocity":[90.1764,71.6508,-222.997],"tool":false,"touchDistance":0.333333,"touchZone":"none","type":2,"width":18.9914},{"bases":[[[0.996674,0.045795,-0.0674072],[0.00159068,0.816075,0.577943],[0.0814762,-0.576128,0.813288]],[[0.994761,0.0577851,-0.0843323],[-0.10107,0.679843,-0.726359],[0.0153601,0.731077,0.682122]],[[0.994761,0.0577851,-0.0843323],[-0.0646101,-0.283922,-0.956668],[-0.0792249,0.957105,-0.278701]],[[0.994761,0.0577851,-0.0843323],[-0.0244377,-0.666597,-0.745018],[-0.0992666,0.743175,-0.661692]]],"btipPosition":[57.1995,262.151,17.7848],"carpPosition":[58.9395,299.115,79.1037],"dipPosition":[55.3454,276.032,5.42551],"direction":[0.0792249,-0.957105,0.278701],"extended":false,"handId":422,"id":4223,"length":64.4088,"mcpPosition":[53.8374,335.192,28.1749],"pipPosition":[53.1514,302.538,-2.2927],"stabilizedTipPosition":[48.297,227.402,140.596],"timeVisible":0.361518,"tipPosition":[56.7654,265.292,14.7919],"tipVelocity":[90.7156,59.1163,-191.919],"tool":false,"touchDistance":0.333333,"touchZone":"none","type":3,"width":18.0715},{"bases":[[[0.98535,-0.156666,-0.0673851],[0.163782,0.759136,0.62999],[-0.0475438,-0.631797,0.773674]],[[0.985274,-0.157667,-0.0661591],[0.0666393,0.710421,-0.700615],[0.157465,0.685889,0.710466]],[[0.985274,-0.157667,-0.0661591],[-0.101872,-0.230538,-0.967716],[0.137325,0.960205,-0.243205]],[[0.985274,-0.157667,-0.0661591],[-0.150344,-0.614556,-0.774415],[0.0814414,0.772957,-0.62921]]],"btipPosition":[65.3077,276.124,20.7774],"carpPosition":[72.2063,295.839,75.1416],"dipPosition":[66.711,289.443,9.93519],"direction":[-0.137325,-0.960205,0.243205],"extended":false,"handId":422,"id":4224,"length":50.4953,"mcpPosition":[74.9622,332.463,30.2937],"pipPosition":[69.3961,308.218,5.17984],"stabilizedTipPosition":[59.1648,241.784,136.28],"timeVisible":0.361518,"tipPosition":[65.6507,279.214,18.3624],"tipVelocity":[89.4759,54.2867,-178.005],"tool":false,"touchDistance":0.333333,"touchZone":"none","type":4,"width":16.0525}],"r":[[0.969928,0.118935,0.212354],[-0.174317,0.94835,0.265039],[-0.169863,-0.294086,0.940564]],"s":1.06075,"t":[-3.7933,31.6068,-114.202],"timestamp":521498081918},false],[1,{"currentFrameRate":102.042,"devices":[],"gestures":[],"hands":[{"armBasis":[[0.877619,0.417693,-0.235198],[-0.204066,0.769516,0.605146],[0.433754,-0.483091,0.760579]],"armWidth":63.7005,"confidence":0.702543,"direction":[-0.220063,0.659625,-0.718657],"elbow":[177.312,154.018,285.083],"grabStrength":0,"id":422,"palmNormal":[0.179431,-0.696775,-0.694485],"palmPosition":[41.8229,314.865,38.2615],"palmVelocity":[84.4675,46.8365,-163.101],"palmWidth":90.9622,"pinchStrength":0.427308,"r":[[0.969016,0.115897,0.218119],[-0.173325,0.948212,0.266183],[-0.175973,-0.295741,0.93892]],"s":1.06089,"sphereCenter":[59.7876,294.115,-9.15595],"sphereRadius":51.6103,"stabilizedPalmPosition":[43.6122,283.201,152.922],"t":[-2.91614,32.036,-115.479],"timeVisible":0.370811,"type":"right","wrist":[60.2345,284.413,79.7899]}],"id":4116113,"interactionBox":{"center":[0,200,0],"size":[235.247,235.247,147.751]},"pointables":[{"bases":[[[0.182406,0.865316,0.466858],[-0.766031,-0.172595,0.619199],[0.61638,-0.470573,0.631377]],[[-0.0122772,0.967032,0.254361],[-0.823664,-0.15401,0.545763],[0.566945,-0.202807,0.7984]],[[-0.0122772,0.967032,0.254361],[-0.978536,-0.0639519,0.195902],[0.20571,-0.246496,0.94706]],[[-0.0122772,0.967032,0.254361],[-0.928437,0.0834309,-0.362001],[-0.371288,-0.240602,0.896803]]],"btipPosition":[8.98151,290.755,-17.3577],"carpPosition":[35.5982,266.603,75.747],"dipPosition":[0.29469,285.126,3.62427],"direction":[-0.20571,0.246496,-0.94706],"extended":false,"handId":422,"id":4220,"length":52.1005,"mcpPosition":[35.5982,266.603,75.747],"pipPosition":[7.30637,276.724,35.905],"stabilizedTipPosition":[4.0503,256.17,90.5396],"timeVisible":0.370811,"tipPosition":[7.75876,289.631,-12.2229],"tipVelocity":[95.16,39.2294,-207.859],"tool":false,"touchDistance":-0.523693,"touchZone":"hovering","type":0,"width":20.2438},{"bases":[[[0.908281,0.388531,-0.155145],[-0.233508,0.778508,0.58258],[0.347132,-0.492918,0.797829]],[[0.947208,0.317499,-0.0446209],[-0.292899,0.913501,0.282358],[0.13041,-0.254382,0.958271]],[[0.947208,0.317499,-0.0446209],[-0.311895,0.944712,0.101199],[0.0742844,-0.081939,0.993865]],[[0.947208,0.317499,-0.0446209],[-0.318976,0.947255,-0.0310162],[0.0324198,0.0436118,0.998522]]],"btipPosition":[3.98759,337.965,-59.5522],"carpPosition":[37.4678,289.551,81.3528],"dipPosition":[4.54133,338.709,-42.4971],"direction":[-0.0742844,0.081939,-0.993865],"extended":true,"handId":422,"id":4221,"length":58.7895,"mcpPosition":[11.9373,325.804,22.6747],"pipPosition":[6.33626,336.73,-18.4823],"stabilizedTipPosition":[-7.6741,301.955,52.3275],"timeVisible":0.370811,"tipPosition":[4.86655,337.855,-55.2144],"tipVelocity":[133.428,94.2875,-181.23],"tool":false,"touchDistance":-0.541119,"touchZone":"hovering","type":1,"width":19.3369},{"bases":[[[0.973239,0.179916,-0.142956],[-0.0689126,0.821975,0.565338],[0.21922,-0.540358,0.812377]],[[0.971735,0.183564,-0.148443],[-0.235473,0.708827,-0.664919],[-0.0168351,0.681079,0.732016]],[[0.971735,0.183564,-0.148443],[-0.106278,-0.221315,-0.969394],[-0.210799,0.95777,-0.195551]],[[0.971735,0.183564,-0.148443],[-0.000533913,-0.627087,-0.778949],[-0.236074,0.757012,-0.609264]]],"btipPosition":[43.8751,259.319,5.05669],"carpPosition":[47.9263,295.898,79.9851],"dipPosition":[39.4401,273.54,-6.3891],"direction":[0.210799,-0.95777,0.195551],"extended":false,"handId":422,"id":4222,"length":66.986,"mcpPosition":[32.6364,333.586,23.3245],"pipPosition":[33.4476,300.768,-11.9482],"stabilizedTipPosition":[32.2549,223.945,132.789],"timeVisible":0.370811,"tipPosition":[42.9547,262.413,2.57667],"tipVelocity":[80.472,65.5417,-194.011],"tool":false,"touchDistance":0.333333,"touchZone":"none","type":2,"width":18.9914},{"bases":[[[0.997298,0.035958,-0.064058],[0.00782037,0.815085,0.579289],[0.0730428,-0.578225,0.812601]],[[0.995557,0.0480173,-0.0810025],[-0.0919233,0.682161,-0.725401],[0.0204249,0.729624,0.683544]],[[0.995557,0.0480173,-0.0810025],[-0.0643045,-0.281729,-0.957337],[-0.0687895,0.958292,-0.277389]],[[0.995557,0.0480173,-0.0810025],[-0.0286172,-0.665251,-0.746071],[-0.0897113,0.745074,-0.660921]]],"btipPosition":[57.6728,262.444,16.6905],"carpPosition":[59.5784,299.279,78.0806],"dipPosition":[55.9972,276.361,4.34558],"direction":[0.0687895,-0.958292,0.277389],"extended":false,"handId":422,"id":4223,"length":64.4088,"mcpPosition":[55.0044,335.488,27.1948],"pipPosition":[54.0921,302.899,-3.3363],"stabilizedTipPosition":[48.302,227.423,140.526],"timeVisible":0.370811,"tipPosition":[57.2797,265.59,13.7051],"tipVelocity":[80.7379,51.5715,-170.896],"tool":false,"touchDistance":0.333333,"touchZone":"none","type":3,"width":18.0715},{"bases":[[[0.983956,-0.16638,-0.0644065],[0.169264,0.756447,0.631774],[-0.0563945,-0.632539,0.772472]],[[0.983798,-0.168108,-0.0622955],[0.0771114,0.710477,-0.699483],[0.161848,0.683347,0.711929]],[[0.983798,-0.168108,-0.0622955],[-0.100468,-0.229178,-0.968186],[0.148483,0.958758,-0.242354]],[[0.983798,-0.168108,-0.0622955],[-0.153813,-0.612948,-0.775007],[0.0921009,0.772033,-0.628874]]],"btipPosition":[65.8825,276.34,19.7881],"carpPosition":[72.8248,295.878,74.1567],"dipPosition":[67.4695,289.643,8.9516],"direction":[-0.148483,-0.958758,0.242354],"extended":false,"handId":422,"id":4224,"length":50.4953,"mcpPosition":[76.0939,332.545,29.3784],"pipPosition":[70.3728,308.389,4.21289],"stabilizedTipPosition":[59.1694,241.808,136.203],"timeVisible":0.370811,"tipPosition":[66.276,279.42,17.3541],"tipVelocity":[82.9666,45.4223,-157.782],"tool":false,"touchDistance":0.333333,"touchZone":"none","type":4,"width":16.0525}],"r":[[0.969016,0.115897,0.218119],[-0.173325,0.948212,0.266183],[-0.175973,-0.295741,0.93892]],"s":1.06089,"t":[-2.91614,32.036,-115.479],"timestamp":521498091211},false],[2,{"currentFrameRate":102.532,"devices":[],"gestures":[],"hands":[{"armBasis":[[0.876729,0.419623,-0.235082],[-0.201703,0.764454,0.612312],[0.436649,-0.489414,0.754858]],"armWidth":63.7005,"confidence":0.715372,"direction":[-0.209746,0.664787,-0.716983],"elbow":[178.427,153.081,281.59],"grabStrength":0,"id":422,"palmNormal":[0.179438,-0.694669,-0.69659],"palmPosition":[42.696,315.976,36.3285],"palmVelocity":[88.3939,68.188,-178.248],"palmWidth":90.9622,"pinchStrength":0.431262,"r":[[0.968091,0.111792,0.224282],[-0.171521,0.948088,0.267787],[-0.182702,-0.297711,0.93701]],"s":1.06095,"sphereCenter":[60.7749,295.323,-11.0315],"sphereRadius":51.5655,"stabilizedPalmPosition":[43.6118,283.214,152.874],"t":[-2.04103,32.8059,-117.084],"timeVisible":0.379628,"type":"right","wrist":[60.5682,285.182,77.8409]}],"id":4116114,"interactionBox":{"center":[0,200,0],"size":[235.247,235.247,147.751]},"pointables":[{"bases":[[[0.185342,0.861615,0.472512],[-0.771918,-0.169903,0.612597],[0.608104,-0.478281,0.633606]],[[-0.00772647,0.966061,0.2582],[-0.830322,-0.150083,0.536693],[0.55723,-0.210242,0.803302]],[[-0.00772647,0.966061,0.2582],[-0.980113,-0.0585182,0.189618],[0.198292,-0.2516,0.9473]],[[-0.00772647,0.966061,0.2582],[-0.922594,0.0927053,-0.374467],[-0.385695,-0.241107,0.890566]]],"btipPosition":[10.2889,292.286,-19.686],"carpPosition":[35.8309,267.578,73.5256],"dipPosition":[1.26503,286.645,1.15004],"direction":[-0.198292,0.2516,-0.9473],"extended":false,"handId":422,"id":4220,"length":52.1005,"mcpPosition":[35.8309,267.578,73.5256],"pipPosition":[8.02386,278.069,33.4389],"stabilizedTipPosition":[4.05374,256.199,90.4524],"timeVisible":0.379628,"tipPosition":[8.8769,291.179,-14.5781],"tipVelocity":[107.122,75.4234,-224.053],"tool":false,"touchDistance":-0.535085,"touchZone":"hovering","type":0,"width":20.2438},{"bases":[[[0.912288,0.382479,-0.146424],[-0.232064,0.777355,0.584693],[0.337456,-0.499429,0.797931]],[[0.949469,0.311617,-0.0374548],[-0.288898,0.91435,0.283728],[0.122661,-0.258571,0.958173]],[[0.949469,0.311617,-0.0374548],[-0.306302,0.946015,0.105993],[0.0684619,-0.0891642,0.993661]],[[0.949469,0.311617,-0.0374548],[-0.312592,0.949592,-0.0237026],[0.0281807,0.034213,0.999017]]],"btipPosition":[5.60658,339.89,-61.6524],"carpPosition":[37.8293,290.483,79.2594],"dipPosition":[6.08792,340.475,-44.5888],"direction":[-0.0684619,0.0891642,-0.993661],"extended":true,"handId":422,"id":4221,"length":58.7895,"mcpPosition":[13.0104,327.215,20.5738],"pipPosition":[7.74216,338.32,-20.579],"stabilizedTipPosition":[-7.60715,302.145,51.7773],"timeVisible":0.379628,"tipPosition":[6.47786,339.739,-57.3288],"tipVelocity":[146.462,126.652,-196.543],"tool":false,"touchDistance":-0.546815,"touchZone":"hovering","type":1,"width":19.3369},{"bases":[[[0.975597,0.173326,-0.134791],[-0.0670245,0.819673,0.568897],[0.209089,-0.54598,0.811287]],[[0.974195,0.176929,-0.140146],[-0.225047,0.71387,-0.663132],[-0.017281,0.677559,0.735265]],[[0.974195,0.176929,-0.140146],[-0.100429,-0.216276,-0.971153],[-0.202135,0.960167,-0.192926]],[[0.974195,0.176929,-0.140146],[0.00087188,-0.623859,-0.781536],[-0.225707,0.761246,-0.607915]]],"btipPosition":[44.5806,260.593,2.89247],"carpPosition":[48.3447,296.758,78.0015],"dipPosition":[40.3404,274.894,-8.52797],"direction":[0.202135,-0.960167,0.192926],"extended":false,"handId":422,"id":4222,"length":66.986,"mcpPosition":[33.7614,334.838,21.4169],"pipPosition":[34.5941,302.189,-14.0124],"stabilizedTipPosition":[32.2626,223.972,132.699],"timeVisible":0.379628,"tipPosition":[43.7009,263.704,0.404339],"tipVelocity":[81.7204,87.4118,-207.715],"tool":false,"touchDistance":0.333333,"touchZone":"none","type":2,"width":18.9914},{"bases":[[[0.997991,0.0288048,-0.0564337],[0.00954824,0.812139,0.583386],[0.0626363,-0.582752,0.810232]],[[0.996457,0.0410261,-0.0734219],[-0.0815318,0.685526,-0.723468],[0.0206516,0.726891,0.686442]],[[0.996457,0.0410261,-0.0734219],[-0.0591572,-0.278658,-0.958567],[-0.0597859,0.959514,-0.275244]],[[0.996457,0.0410261,-0.0734219],[-0.0278161,-0.663087,-0.748025],[-0.0793737,0.747417,-0.659597]]],"btipPosition":[58.3292,263.554,14.7454],"carpPosition":[60.0357,300.062,76.2009],"dipPosition":[56.8467,277.514,2.42529],"direction":[0.0597859,-0.959514,0.275244],"extended":false,"handId":422,"id":4223,"length":64.4088,"mcpPosition":[56.1134,336.554,25.4634],"pipPosition":[55.191,304.087,-5.19719],"stabilizedTipPosition":[48.3085,227.449,140.44],"timeVisible":0.379628,"tipPosition":[57.977,266.713,11.7259],"tipVelocity":[80.3998,71.9371,-184.134],"tool":false,"touchDistance":0.333333,"touchZone":"none","type":3,"width":18.0715},{"bases":[[[0.983144,-0.173424,-0.05789],[0.170152,0.752036,0.636781],[-0.0668974,-0.635898,0.768868]],[[0.982907,-0.175622,-0.0552305],[0.0883716,0.713256,-0.69531],[0.161505,0.678544,0.716585]],[[0.982907,-0.175622,-0.0552305],[-0.0945516,-0.224141,-0.969959],[0.157967,0.958602,-0.236916]],[[0.982907,-0.175622,-0.0552305],[-0.152486,-0.608515,-0.778754],[0.103158,0.773865,-0.624893]]],"btipPosition":[66.5882,277.378,17.8598],"carpPosition":[73.2855,296.58,72.359],"dipPosition":[68.3657,290.713,7.09189],"direction":[-0.157967,-0.958602,0.236916],"extended":false,"handId":422,"id":4224,"length":50.4953,"mcpPosition":[77.1634,333.442,27.7896],"pipPosition":[71.4544,309.456,2.45952],"stabilizedTipPosition":[59.1755,241.839,136.108],"timeVisible":0.379628,"tipPosition":[67.0305,280.459,15.4349],"tipVelocity":[83.516,65.1647,-173.737],"tool":false,"touchDistance":0.333333,"touchZone":"none","type":4,"width":16.0525}],"r":[[0.968091,0.111792,0.224282],[-0.171521,0.948088,0.267787],[-0.182702,-0.297711,0.93701]],"s":1.06095,"t":[-2.04103,32.8059,-117.084],"timestamp":521498100028},false],[3,{"currentFrameRate":102.758,"devices":[],"gestures":[],"hands":[{"armBasis":[[0.879056,0.416321,-0.232246],[-0.200364,0.764711,0.612431],[0.432569,-0.491827,0.755639]],"armWidth":63.7005,"confidence":0.732941,"direction":[-0.202082,0.667578,-0.716591],"elbow":[177.967,153.063,280.453],"grabStrength":0,"id":422,"palmNormal":[0.178832,-0.694232,-0.69718],"palmPosition":[43.7345,316.805,34.9575],"palmVelocity":[94.9566,74.102,-169.529],"palmWidth":90.9622,"pinchStrength":0.435983,"r":[[0.967209,0.107236,0.230235],[-0.169222,0.948068,0.269316],[-0.189398,-0.299446,0.935126]],"s":1.06008,"sphereCenter":[61.8783,296.162,-12.3452],"sphereRadius":51.4844,"stabilizedPalmPosition":[43.6119,283.237,152.794],"t":[-1.0842,33.6055,-118.572],"timeVisible":0.388931,"type":"right","wrist":[61.209,285.815,76.4932]}],"id":4116115,"interactionBox":{"center":[0,200,0],"size":[235.247,235.247,147.751]},"pointables":[{"bases":[[[0.188085,0.859466,0.475334],[-0.776049,-0.166581,0.608275],[0.601973,-0.48329,0.635657]],[[-0.00391429,0.96574,0.259481],[-0.835467,-0.145753,0.52986],[0.549527,-0.214714,0.807414]],[[-0.00391429,0.96574,0.259481],[-0.981156,-0.0538362,0.185567],[0.193179,-0.253865,0.947752]],[[-0.00391429,0.96574,0.259481],[-0.917189,0.0999207,-0.385721],[-0.398434,-0.239503,0.885375]]],"btipPosition":[11.7036,293.34,-21.2976],"carpPosition":[36.389,268.369,72.0132],"dipPosition":[2.3817,287.737,-0.582968],"direction":[-0.193179,0.253865,-0.947752],"extended":false,"handId":422,"id":4220,"length":52.1005,"mcpPosition":[36.389,268.369,72.0132],"pipPosition":[8.96626,279.084,31.7213],"stabilizedTipPosition":[4.06112,256.247,90.309],"timeVisible":0.388931,"tipPosition":[10.1048,292.258,-16.2171],"tipVelocity":[117.734,86.3851,-210.55],"tool":false,"touchDistance":-0.534502,"touchZone":"hovering","type":0,"width":20.2438},{"bases":[[[0.915303,0.377305,-0.140928],[-0.230387,0.777474,0.585197],[0.330366,-0.503165,0.798551]],[[0.951064,0.307157,-0.0336521],[-0.285672,0.915556,0.283105],[0.117768,-0.259637,0.958498]],[[0.951064,0.307157,-0.0336521],[-0.302055,0.947126,0.108233],[0.0651171,-0.0927713,0.993556]],[[0.951064,0.307157,-0.0336521],[-0.307892,0.951226,-0.0192979],[0.0260833,0.0287147,0.999247]]],"btipPosition":[7.12092,341.159,-63.1656],"carpPosition":[38.4953,291.25,77.8072],"dipPosition":[7.56643,341.649,-46.0981],"direction":[-0.0651172,0.0927713,-0.993556],"extended":true,"handId":422,"id":4221,"length":58.7895,"mcpPosition":[14.1979,328.256,19.076],"pipPosition":[9.13986,339.407,-22.0908],"stabilizedTipPosition":[-7.48909,302.457,50.8935],"timeVisible":0.388931,"tipPosition":[7.99576,340.999,-58.8573],"tipVelocity":[150.82,128.725,-186.945],"tool":false,"touchDistance":-0.54315,"touchZone":"hovering","type":1,"width":19.3369},{"bases":[[[0.977296,0.167751,-0.129428],[-0.0650186,0.818833,0.570337],[0.201655,-0.548973,0.81115]],[[0.975976,0.171287,-0.134655],[-0.217218,0.716849,-0.662528],[-0.016955,0.675861,0.736834]],[[0.975976,0.171287,-0.134655],[-0.0966185,-0.213691,-0.972112],[-0.195285,0.961768,-0.192008]],[[0.975976,0.171287,-0.134655],[0.00126326,-0.622466,-0.782646],[-0.217875,0.763674,-0.607728]]],"btipPosition":[45.4513,261.498,1.4121],"carpPosition":[49.0545,297.464,76.6167],"dipPosition":[41.3582,275.845,-10.0048],"direction":[0.195285,-0.961768,0.192008],"extended":false,"handId":422,"id":4222,"length":66.986,"mcpPosition":[34.9897,335.753,20.0417],"pipPosition":[35.8067,303.186,-15.4632],"stabilizedTipPosition":[32.2747,224.013,132.568],"timeVisible":0.388931,"tipPosition":[44.6044,264.617,-1.07759],"tipVelocity":[86.1001,90.5269,-193.971],"tool":false,"touchDistance":0.333333,"touchZone":"none","type":2,"width":18.9914},{"bases":[[[0.998421,0.022929,-0.0512737],[0.0114324,0.810809,0.5852],[0.0549912,-0.584862,0.809267]],[[0.996968,0.0358086,-0.0690902],[-0.0744158,0.698367,-0.711861],[0.0227597,0.714843,0.698914]],[[0.996968,0.0358086,-0.0690902],[-0.0571879,-0.264985,-0.962555],[-0.0527756,0.963588,-0.262133]],[[0.996968,0.0358086,-0.0690902],[-0.0286403,-0.656679,-0.753626],[-0.0723564,0.753319,-0.653662]]],"btipPosition":[59.127,264.641,12.4571],"carpPosition":[60.7742,300.701,74.883],"dipPosition":[57.7755,278.711,0.247773],"direction":[0.0527756,-0.963588,0.262133],"extended":false,"handId":422,"id":4223,"length":64.4088,"mcpPosition":[57.3306,337.326,24.206],"pipPosition":[56.314,305.396,-7.01162],"stabilizedTipPosition":[48.3179,227.485,140.322],"timeVisible":0.388931,"tipPosition":[58.8183,267.736,9.7933],"tipVelocity":[82.8275,85.3758,-200.824],"tool":false,"touchDistance":0.333333,"touchZone":"none","type":3,"width":18.0715},{"bases":[[[0.98237,-0.179203,-0.0532477],[0.171397,0.749627,0.639283],[-0.0746455,-0.637139,0.767126]],[[0.98202,-0.182105,-0.0497508],[0.0971758,0.713577,-0.693804],[0.161846,0.676495,0.718443]],[[0.98202,-0.182105,-0.0497508],[-0.0905811,-0.223322,-0.970527],[0.165627,0.957583,-0.235801]],[[0.98202,-0.182105,-0.0497508],[-0.152163,-0.607585,-0.779543],[0.111731,0.773097,-0.62437]]],"btipPosition":[67.4645,278.124,16.6066],"carpPosition":[74.0223,297.149,71.1013],"dipPosition":[69.3898,291.445,5.84771],"direction":[-0.165627,-0.957583,0.235801],"extended":false,"handId":422,"id":4224,"length":50.4953,"mcpPosition":[78.3493,334.082,26.6329],"pipPosition":[72.6283,310.169,1.23712],"stabilizedTipPosition":[59.1855,241.883,135.969],"timeVisible":0.388931,"tipPosition":[67.9473,281.197,14.1536],"tipVelocity":[87.5647,69.3063,-162.654],"tool":false,"touchDistance":0.333333,"touchZone":"none","type":4,"width":16.0525}],"r":[[0.967209,0.107236,0.230235],[-0.169222,0.948068,0.269316],[-0.189398,-0.299446,0.935126]],"s":1.06008,"t":[-1.0842,33.6055,-118.572],"timestamp":521498109331},false],[4,{"currentFrameRate":103.242,"devices":[],"gestures":[],"hands":[{"armBasis":[[0.881837,0.410041,-0.232872],[-0.195801,0.767652,0.610223],[0.428981,-0.492521,0.75723]],"armWidth":63.7005,"confidence":0.742525,"direction":[-0.19432,0.669811,-0.716654],"elbow":[177.578,153.221,279.716],"grabStrength":0,"id":422,"palmNormal":[0.174628,-0.69529,-0.697192],"palmPosition":[44.6963,317.331,33.7663],"palmVelocity":[98.9161,70.2906,-160.488],"palmWidth":90.9622,"pinchStrength":0.440754,"r":[[0.966518,0.101859,0.235516],[-0.165876,0.948295,0.270595],[-0.195776,-0.300601,0.93344]],"s":1.05867,"sphereCenter":[62.7271,296.576,-13.4816],"sphereRadius":51.4018,"stabilizedPalmPosition":[43.6129,283.27,152.679],"t":[-0.124865,34.2679,-119.912],"timeVisible":0.397699,"type":"right","wrist":[61.788,286.161,75.3265]}],"id":4116116,"interactionBox":{"center":[0,200,0],"size":[235.247,235.247,147.751]},"pointables":[{"bases":[[[0.194311,0.857463,0.476446],[-0.779103,-0.160211,0.606079],[0.596022,-0.488968,0.636921]],[[0.00321609,0.965758,0.259423],[-0.839902,-0.138189,0.524852],[0.542729,-0.219578,0.810698]],[[0.00321609,0.965758,0.259423],[-0.981966,-0.0459899,0.183381],[0.189032,-0.255334,0.948194]],[[0.00321609,0.965758,0.259423],[-0.911984,0.109252,-0.395409],[-0.410212,-0.235318,0.881108]]],"btipPosition":[12.8995,294.101,-22.6221],"carpPosition":[36.8286,268.935,70.7678],"dipPosition":[3.30196,288.595,-2.00731],"direction":[-0.189032,0.255334,-0.948194],"extended":false,"handId":422,"id":4220,"length":52.1005,"mcpPosition":[36.8286,268.935,70.7678],"pipPosition":[9.74516,279.892,30.312],"stabilizedTipPosition":[4.0736,256.316,90.1054],"timeVisible":0.397699,"tipPosition":[11.1065,293.052,-17.5643],"tipVelocity":[120.801,87.1768,-195.277],"tool":false,"touchDistance":-0.529597,"touchZone":"hovering","type":0,"width":20.2438},{"bases":[[[0.918939,0.369389,-0.138211],[-0.225154,0.779055,0.585131],[0.323815,-0.506581,0.799074]],[[0.953397,0.299961,-0.032514],[-0.279158,0.917858,0.28215],[0.114477,-0.259924,0.958819]],[[0.953397,0.299961,-0.032514],[-0.294871,0.949161,0.1102],[0.0639169,-0.0954773,0.993377]],[[0.953397,0.299961,-0.032514],[-0.300555,0.953644,-0.0151328],[0.0264675,0.0241999,0.999357]]],"btipPosition":[8.39039,342.107,-64.439],"carpPosition":[39.1193,291.792,76.5836],"dipPosition":[8.84246,342.521,-47.3696],"direction":[-0.0639169,0.0954773,-0.993377],"extended":true,"handId":422,"id":4221,"length":58.7895,"mcpPosition":[15.3036,329.05,17.814],"pipPosition":[10.3869,340.214,-23.3666],"stabilizedTipPosition":[-7.32218,302.872,49.7301],"timeVisible":0.397699,"tipPosition":[9.27871,341.93,-60.1479],"tipVelocity":[149.245,122.669,-175.73],"tool":false,"touchDistance":-0.536263,"touchZone":"hovering","type":1,"width":19.3369},{"bases":[[[0.979068,0.159294,-0.126694],[-0.0593914,0.818978,0.570743],[0.194676,-0.551271,0.811296]],[[0.977837,0.162724,-0.131744],[-0.208956,0.718986,-0.662869],[-0.0131423,0.675707,0.737053]],[[0.977837,0.162724,-0.131744],[-0.0955005,-0.213316,-0.972305],[-0.18632,0.963337,-0.193048]],[[0.977837,0.162724,-0.131744],[-0.00169576,-0.623067,-0.782167],[-0.209362,0.765055,-0.608982]]],"btipPosition":[46.0205,262.047,0.253519],"carpPosition":[49.7354,297.915,75.4258],"dipPosition":[42.0874,276.419,-11.187],"direction":[0.18632,-0.963337,0.193048],"extended":false,"handId":422,"id":4222,"length":66.986,"mcpPosition":[36.1575,336.364,18.8405],"pipPosition":[36.7907,303.805,-16.6749],"stabilizedTipPosition":[32.29,224.062,132.406],"timeVisible":0.397699,"tipPosition":[45.2045,265.173,-2.27018],"tipVelocity":[81.5397,83.1863,-177.531],"tool":false,"touchDistance":0.333333,"touchZone":"none","type":2,"width":18.9914},{"bases":[[[0.998717,0.014239,-0.0485866],[0.0169464,0.810276,0.585804],[0.0477098,-0.585876,0.808995]],[[0.997366,0.0276257,-0.0670637],[-0.0669488,0.706351,-0.704688],[0.0279031,0.707322,0.70634]],[[0.997366,0.0276257,-0.0670637],[-0.057778,-0.256331,-0.964861],[-0.0438455,0.966194,-0.25406]],[[0.997366,0.0276257,-0.0670637],[-0.0328203,-0.65265,-0.756948],[-0.0646804,0.757155,-0.650025]]],"btipPosition":[59.676,265.246,10.6936],"carpPosition":[61.4876,301.051,73.7258],"dipPosition":[58.4679,279.388,-1.44776],"direction":[0.0438455,-0.966194,0.25406],"extended":false,"handId":422,"id":4223,"length":64.4088,"mcpPosition":[58.4999,337.739,23.0658],"pipPosition":[57.2536,306.145,-8.48358],"stabilizedTipPosition":[48.3288,227.526,140.192],"timeVisible":0.397699,"tipPosition":[59.4041,268.308,8.22837],"tipVelocity":[78.408,81.4883,-200.427],"tool":false,"touchDistance":0.333333,"touchZone":"none","type":3,"width":18.0715},{"bases":[[[0.980906,-0.187744,-0.0507471],[0.176225,0.747661,0.640272],[-0.0822653,-0.636989,0.76647]],[[0.980395,-0.191561,-0.0461485],[0.107191,0.715023,-0.690834],[0.165334,0.672344,0.721539]],[[0.980395,-0.191561,-0.0461485],[-0.0887951,-0.220441,-0.97135],[0.1759,0.956405,-0.233129]],[[0.980395,-0.191561,-0.0461485],[-0.155075,-0.605637,-0.780484],[0.121561,0.77234,-0.62347]]],"btipPosition":[68.1046,278.534,15.343],"carpPosition":[74.7142,297.385,69.9769],"dipPosition":[70.1993,291.843,4.59966],"direction":[-0.1759,-0.956405,0.233129],"extended":false,"handId":422,"id":4224,"length":50.4953,"mcpPosition":[79.4829,334.31,25.5466],"pipPosition":[73.6386,310.544,0.0413251],"stabilizedTipPosition":[59.198,241.936,135.805],"timeVisible":0.397699,"tipPosition":[68.6353,281.575,12.9343],"tipVelocity":[84.8481,63.1814,-157.565],"tool":false,"touchDistance":0.333333,"touchZone":"none","type":4,"width":16.0525}],"r":[[0.966518,0.101859,0.235516],[-0.165876,0.948295,0.270595],[-0.195776,-0.300601,0.93344]],"s":1.05867,"t":[-0.124865,34.2679,-119.912],"timestamp":521498118099},false],[5,{"currentFrameRate":103.55,"devices":[],"gestures":[],"hands":[{"armBasis":[[0.885321,0.402597,-0.232642],[-0.191229,0.771306,0.607057],[0.423838,-0.492953,0.759842]],"armWidth":63.7005,"confidence":0.759178,"direction":[-0.187143,0.67055,-0.717872],"elbow":[176.907,153.405,279.514],"grabStrength":0,"id":422,"palmNormal":[0.170471,-0.697527,-0.695986],"palmPosition":[45.7672,317.723,32.7843],"palmVelocity":[104.191,62.8053,-146.027],"palmWidth":90.9622,"pinchStrength":0.447726,"r":[[0.965977,0.0960099,0.240149],[-0.161758,0.948794,0.271337],[-0.2018,-0.300951,0.932043]],"s":1.05682,"sphereCenter":[63.6452,296.766,-14.3952],"sphereRadius":51.3201,"stabilizedPalmPosition":[43.6162,283.322,152.501],"t":[0.890238,34.7952,-121.073],"timeVisible":0.406775,"type":"right","wrist":[62.5058,286.462,74.4196]}],"id":4116117,"interactionBox":{"center":[0,200,0],"size":[235.247,235.247,147.751]},"pointables":[{"bases":[[[0.200299,0.856388,0.475898],[-0.781782,-0.15306,0.604475],[0.590506,-0.493124,0.638851]],[[0.0102675,0.966114,0.25791],[-0.843283,-0.130242,0.521451],[0.537372,-0.222845,0.81337]],[[0.0102675,0.966114,0.25791],[-0.982498,-0.0382262,0.182307],[0.185988,-0.255268,0.948813]],[[0.0102675,0.966114,0.25791],[-0.908518,0.116758,-0.401201],[-0.417719,-0.230197,0.878931]]],"btipPosition":[14.0331,294.644,-23.6699],"carpPosition":[37.4155,269.437,69.8236],"dipPosition":[4.25992,289.259,-3.10601],"direction":[-0.185988,0.255268,-0.948813],"extended":false,"handId":422,"id":4220,"length":52.1005,"mcpPosition":[37.4155,269.437,69.8236],"pipPosition":[10.5994,280.558,29.2345],"stabilizedTipPosition":[4.09592,256.423,89.7898],"timeVisible":0.406775,"tipPosition":[12.1392,293.626,-18.6272],"tipVelocity":[120.704,80.4645,-173.557],"tool":false,"touchDistance":-0.520863,"touchZone":"hovering","type":0,"width":20.2438},{"bases":[[[0.922273,0.361626,-0.13653],[-0.220047,0.781575,0.583712],[0.317793,-0.508299,0.8004]],[[0.95549,0.293234,-0.0324333],[-0.273022,0.920535,0.279417],[0.111791,-0.258125,0.959622]],[[0.95549,0.293234,-0.0324333],[-0.288187,0.951222,0.110116],[0.0631411,-0.0958679,0.993389]],[[0.95549,0.293234,-0.0324333],[-0.293772,0.955784,-0.013186],[0.0271327,0.0221271,0.999387]]],"btipPosition":[9.71835,342.691,-65.5372],"carpPosition":[39.8816,292.282,75.6182],"dipPosition":[10.1818,343.069,-48.4673],"direction":[-0.0631411,0.0958679,-0.993389],"extended":true,"handId":422,"id":4221,"length":58.7895,"mcpPosition":[16.5088,329.666,16.7511],"pipPosition":[11.7075,340.752,-24.464],"stabilizedTipPosition":[-7.07449,303.448,48.1218],"timeVisible":0.406775,"tipPosition":[10.6211,342.517,-61.2622],"tipVelocity":[148.515,106.275,-160.59],"tool":false,"touchDistance":-0.527441,"touchZone":"hovering","type":1,"width":19.3369},{"bases":[[[0.980637,0.151054,-0.124632],[-0.0539276,0.820111,0.569658],[0.188262,-0.551907,0.812377]],[[0.979602,0.154046,-0.129037],[-0.200768,0.722936,-0.661102],[-0.00855438,0.673523,0.739116]],[[0.979602,0.154046,-0.129037],[-0.0948881,-0.211442,-0.972774],[-0.177136,0.965175,-0.192512]],[[0.979602,0.154046,-0.129037],[-0.00484591,-0.623842,-0.781536],[-0.200891,0.766219,-0.61037]]],"btipPosition":[46.6417,262.522,-0.858569],"carpPosition":[50.5506,298.315,74.4776],"dipPosition":[42.8677,276.917,-12.3251],"direction":[0.177136,-0.965175,0.192512],"extended":false,"handId":422,"id":4222,"length":66.986,"mcpPosition":[37.42,336.809,17.817],"pipPosition":[37.8322,304.354,-17.7978],"stabilizedTipPosition":[32.3109,224.127,132.196],"timeVisible":0.406775,"tipPosition":[45.8801,265.619,-3.32064],"tipVelocity":[79.0336,74.829,-162.504],"tool":false,"touchDistance":0.333333,"touchZone":"none","type":2,"width":18.9914},{"bases":[[[0.998909,0.00593413,-0.0463121],[0.0223011,0.810796,0.584904],[0.0410206,-0.585299,0.809779]],[[0.997624,0.0200965,-0.065895],[-0.0605732,0.711511,-0.700059],[0.0328163,0.702388,0.711038]],[[0.997624,0.0200965,-0.065895],[-0.0587741,-0.25071,-0.966276],[-0.0359393,0.967854,-0.248933]],[[0.997624,0.0200965,-0.065895],[-0.037015,-0.650349,-0.758733],[-0.0581026,0.75937,-0.64806]]],"btipPosition":[60.3781,265.644,9.33122],"carpPosition":[62.3321,301.352,72.801],"dipPosition":[59.2928,279.828,-2.77343],"direction":[0.0359393,-0.967854,0.248933],"extended":false,"handId":422,"id":4223,"length":64.4088,"mcpPosition":[59.7633,338.004,22.0919],"pipPosition":[58.2976,306.631,-9.66727],"stabilizedTipPosition":[48.3426,227.574,140.037],"timeVisible":0.406775,"tipPosition":[60.1282,268.683,7.00639],"tipVelocity":[78.9792,71.3735,-186.254],"tool":false,"touchDistance":0.333333,"touchZone":"none","type":3,"width":18.0715},{"bases":[[[0.979435,-0.195897,-0.0482799],[0.180932,0.746932,0.639809],[-0.0892748,-0.635387,0.767016]],[[0.978639,-0.201303,-0.0417429],[0.118204,0.717084,-0.68689],[0.168207,0.667284,0.725561]],[[0.978639,-0.201303,-0.0417429],[-0.0860769,-0.216822,-0.972409],[0.186699,0.95523,-0.229518]],[[0.978639,-0.201303,-0.0417429],[-0.157536,-0.603833,-0.781389],[0.132091,0.771274,-0.622647]]],"btipPosition":[68.8391,278.849,14.1943],"carpPosition":[75.5365,297.573,69.0868],"dipPosition":[71.1152,292.14,3.46509],"direction":[-0.186699,-0.95523,0.229518],"extended":false,"handId":422,"id":4224,"length":50.4953,"mcpPosition":[80.7116,334.405,24.6248],"pipPosition":[74.7657,310.817,-1.02264],"stabilizedTipPosition":[59.2151,242.004,135.596],"timeVisible":0.406775,"tipPosition":[69.4268,281.839,11.8811],"tipVelocity":[85.0357,55.1773,-148.894],"tool":false,"touchDistance":0.333333,"touchZone":"none","type":4,"width":16.0525}],"r":[[0.965977,0.0960099,0.240149],[-0.161758,0.948794,0.271337],[-0.2018,-0.300951,0.932043]],"s":1.05682,"t":[0.890238,34.7952,-121.073],"timestamp":521498127175},false],[6,{"currentFrameRate":103.863,"devices":[],"gestures":[],"hands":[{"armBasis":[[0.882532,0.403878,-0.240871],[-0.186325,0.77062,0.609449],[0.431763,-0.492978,0.75535]],"armWidth":63.7005,"confidence":0.766005,"direction":[-0.180468,0.670388,-0.71973],"elbow":[179.598,153.633,277.691],"grabStrength":0,"id":422,"palmNormal":[0.167229,-0.700178,-0.694108],"palmPosition":[46.6518,317.991,32.0659],"palmVelocity":[102.446,53.6739,-127.686],"palmWidth":90.9622,"pinchStrength":0.455832,"r":[[0.96551,0.0900367,0.244304],[-0.157236,0.949515,0.271473],[-0.207528,-0.300523,0.930923]],"s":1.05459,"sphereCenter":[64.45,296.806,-15.046],"sphereRadius":51.2657,"stabilizedPalmPosition":[43.6242,283.414,152.181],"t":[1.84007,35.193,-122.012],"timeVisible":0.415814,"type":"right","wrist":[63.058,286.697,73.8085]}],"id":4116118,"interactionBox":{"center":[0,200,0],"size":[235.247,235.247,147.751]},"pointables":[{"bases":[[[0.205238,0.855911,0.474652],[-0.784412,-0.146176,0.602769],[0.585299,-0.496034,0.641386]],[[0.0165845,0.966541,0.255976],[-0.846158,-0.122822,0.518586],[0.532674,-0.225197,0.815809]],[[0.0165845,0.966541,0.255976],[-0.983063,-0.0309695,0.18063],[0.182513,-0.254636,0.949657]],[[0.0165845,0.966541,0.255976],[-0.906141,0.122747,-0.404774],[-0.422651,-0.225237,0.877858]]],"btipPosition":[14.9434,295.031,-24.4361],"carpPosition":[37.8576,269.844,69.1827],"dipPosition":[5.0549,289.761,-3.89734],"direction":[-0.182513,0.254636,-0.949657],"extended":false,"handId":422,"id":4220,"length":52.1005,"mcpPosition":[37.8576,269.844,69.1827],"pipPosition":[11.2759,281.082,28.4719],"stabilizedTipPosition":[4.13127,256.577,89.3383],"timeVisible":0.415814,"tipPosition":[12.9972,294.027,-19.4017],"tipVelocity":[114.386,70.8808,-149.263],"tool":false,"touchDistance":-0.50869,"touchZone":"hovering","type":0,"width":20.2438},{"bases":[[[0.9252,0.354696,-0.134892],[-0.215911,0.784347,0.581534],[0.312071,-0.50891,0.802261]],[[0.957263,0.287417,-0.0322451],[-0.26787,0.923111,0.275884],[0.10906,-0.255456,0.96065]],[[0.957263,0.287417,-0.0322451],[-0.282505,0.953092,0.108661],[0.0619635,-0.0949076,0.993556]],[[0.957263,0.287417,-0.0322451],[-0.287944,0.957559,-0.0130014],[0.0271397,0.0217305,0.999395]]],"btipPosition":[10.8765,343.005,-66.4039],"carpPosition":[40.4732,292.682,74.9367],"dipPosition":[11.3401,343.376,-49.3338],"direction":[-0.0619635,0.0949076,-0.993556],"extended":true,"handId":422,"id":4221,"length":58.7895,"mcpPosition":[17.5213,330.111,15.9327],"pipPosition":[12.8373,341.083,-25.3265],"stabilizedTipPosition":[-6.74408,304.174,46.0981],"timeVisible":0.415814,"tipPosition":[11.7882,342.846,-62.1432],"tipVelocity":[142.898,86.5142,-142.757],"tool":false,"touchDistance":-0.51603,"touchZone":"hovering","type":1,"width":19.3369},{"bases":[[[0.982016,0.143736,-0.122412],[-0.0494827,0.821658,0.567829],[0.182198,-0.55156,0.813994]],[[0.981221,0.146112,-0.125919],[-0.192832,0.727807,-0.658113],[-0.00451319,0.670035,0.742315]],[[0.981221,0.146112,-0.125919],[-0.0939168,-0.208299,-0.973546],[-0.168476,0.96709,-0.190665]],[[0.981221,0.146112,-0.125919],[-0.00730866,-0.62419,-0.781239],[-0.192746,0.767488,-0.6114]]],"btipPosition":[47.1084,262.909,-1.82495],"carpPosition":[51.1883,298.636,73.8113],"dipPosition":[43.4875,277.327,-13.3109],"direction":[0.168476,-0.96709,0.190665],"extended":false,"handId":422,"id":4222,"length":66.986,"mcpPosition":[38.4806,337.105,17.0379],"pipPosition":[38.6981,304.819,-18.7311],"stabilizedTipPosition":[32.3365,224.204,131.945],"timeVisible":0.415814,"tipPosition":[46.4085,265.963,-4.17488],"tipVelocity":[72.5552,66.1564,-147.319],"tool":false,"touchDistance":0.333333,"touchZone":"none","type":2,"width":18.9914},{"bases":[[[0.999042,-0.00134917,-0.0437462],[0.0266376,0.811826,0.583291],[0.0347274,-0.583898,0.811084]],[[0.997821,0.0136384,-0.0645502],[-0.0546354,0.719258,-0.692592],[0.0369824,0.694609,0.718436]],[[0.997821,0.0136384,-0.0645502],[-0.059345,-0.241933,-0.968476],[-0.0288252,0.970197,-0.240596]],[[0.997821,0.0136384,-0.0645502],[-0.0404307,-0.646751,-0.761629],[-0.0521353,0.762579,-0.644791]]],"btipPosition":[60.9412,266.011,7.98491],"carpPosition":[62.9956,301.584,72.1588],"dipPosition":[59.9674,280.255,-4.05868],"direction":[0.0288252,-0.970197,0.240596],"extended":false,"handId":422,"id":4223,"length":64.4088,"mcpPosition":[60.8209,338.148,21.368],"pipPosition":[59.1691,307.123,-10.7216],"stabilizedTipPosition":[48.3583,227.627,139.865],"timeVisible":0.415814,"tipPosition":[60.7157,269.012,5.88027],"tipVelocity":[75.1622,63.3236,-175.544],"tool":false,"touchDistance":0.333333,"touchZone":"none","type":3,"width":18.0715},{"bases":[[[0.97812,-0.203038,-0.0453492],[0.184664,0.746937,0.638737],[-0.0958151,-0.633136,0.768088]],[[0.977205,-0.208807,-0.038339],[0.125754,0.714828,-0.687901],[0.171044,0.667399,0.724791]],[[0.977205,-0.208807,-0.038339],[-0.0848112,-0.218413,-0.972164],[0.194621,0.953255,-0.231144]],[[0.977205,-0.208807,-0.038339],[-0.159805,-0.604603,-0.780332],[0.139759,0.768671,-0.624189]]],"btipPosition":[69.4764,278.928,13.6173],"carpPosition":[76.182,297.703,68.4864],"dipPosition":[71.8846,292.174,2.8616],"direction":[-0.194621,-0.953255,0.231144],"extended":false,"handId":422,"id":4224,"length":50.4953,"mcpPosition":[81.7362,334.404,23.9623],"pipPosition":[75.69,310.812,-1.65791],"stabilizedTipPosition":[59.2373,242.086,135.34],"timeVisible":0.415814,"tipPosition":[70.097,281.904,11.2947],"tipVelocity":[81.9563,42.0583,-125.636],"tool":false,"touchDistance":0.333333,"touchZone":"none","type":4,"width":16.0525}],"r":[[0.96551,0.0900367,0.244304],[-0.157236,0.949515,0.271473]