{"sensorType":"Leap","data":[[0,{"currentFrameRate":101.891,"devices":[],"gestures":[],"hands":[{"armBasis":[[0.850704,0.467884,-0.239558],[-0.236213,0.747411,0.620951],[0.469581,-0.471659,0.746345]],"armWidth":63.7005,"confidence":0.710675,"direction":[-0.119977,0.423594,-0.897872],"elbow":[193.198,187.402,299.538],"grabStrength":0,"id":426,"palmNormal":[0.267843,-0.857057,-0.440129],"palmPosition":[53.8446,331.642,47.6344],"palmVelocity":[31.2499,-0.0844691,-35.2542],"palmWidth":90.9622,"pinchStrength":0.483433,"r":[[0.988869,-0.139935,0.0505609],[0.147792,0.963075,-0.225042],[-0.0172026,0.230009,0.973036]],"s":0.966499,"sphereCenter":[69.7794,300.405,11.233],"sphereRadius":49.1408,"stabilizedPalmPosition":[58.5277,325.791,99.4601],"t":[-29.1123,120.34,-165.249],"timeVisible":0.8857,"type":"right","wrist":[66.4495,314.711,98.0864]}],"id":4117829,"interactionBox":{"center":[0,200,0],"size":[235.247,235.247,147.751]},"pointables":[{"bases":[[[0.1217,0.967252,0.222737],[-0.842314,-0.0180669,0.538684],[0.525068,-0.253172,0.812531]],[[-0.0610314,0.996207,-0.0620201],[-0.889795,-0.0261475,0.455612],[0.452262,0.0829918,0.888016]],[[-0.0610314,0.996207,-0.0620201],[-0.99112,-0.0531311,0.121894],[0.118136,0.0689087,0.990604]],[[-0.0610314,0.996207,-0.0620201],[-0.712818,-0.0869961,-0.695933],[-0.698689,0.0017353,0.715424]]],"btipPosition":[32.2586,289.119,1.28576],"carpPosition":[42.5074,295.65,96.1031],"dipPosition":[15.9118,289.16,18.0241],"direction":[-0.118136,-0.0689087,-0.990604],"extended":false,"handId":426,"id":4260,"length":52.1005,"mcpPosition":[42.5074,295.65,96.1031],"pipPosition":[19.9385,291.509,51.789],"stabilizedTipPosition":[25.9291,290.113,41.336],"timeVisible":0.8857,"tipPosition":[28.5503,288.728,5.39304],"tipVelocity":[35.8753,8.6558,-35.7348],"tool":false,"touchDistance":-0.339499,"touchZone":"touching","type":0,"width":20.2438},{"bases":[[[0.922248,0.360252,-0.140275],[-0.306234,0.902214,0.303695],[0.235965,-0.237125,0.942386]],[[0.944554,0.327683,-0.0210279],[-0.326666,0.944251,0.0409873],[0.0332865,-0.0318456,0.998938]],[[0.944554,0.327683,-0.0210279],[-0.328344,0.941993,-0.0695691],[-0.0029885,0.0726161,0.997355]],[[0.944554,0.327683,-0.0210279],[-0.327027,0.933036,-0.149993],[-0.0295303,0.148553,0.988463]]],"btipPosition":[25.4886,333.815,-58.0085],"carpPosition":[43.6962,319.299,95.1875],"dipPosition":[24.9842,336.352,-41.1251],"direction":[0.0029885,-0.0726161,-0.997355],"extended":true,"handId":426,"id":4261,"length":58.7895,"mcpPosition":[26.3416,336.739,25.8777],"pipPosition":[24.912,338.107,-17.026],"stabilizedTipPosition":[20.9981,335.067,-20.2163],"timeVisible":0.8857,"tipPosition":[25.2562,333.494,-54.0258],"tipVelocity":[36.343,0.769201,-36.628],"tool":false,"touchDistance":-0.340216,"touchZone":"touching","type":1,"width":19.3369},{"bases":[[[0.984251,0.165784,-0.0613693],[-0.140653,0.944705,0.296224],[0.107085,-0.282927,0.953145]],[[0.983887,0.166729,-0.0645541],[-0.13448,0.452197,-0.881722],[-0.117817,0.876196,0.467332]],[[0.983887,0.166729,-0.0645541],[0.0510041,-0.607802,-0.792449],[-0.17136,0.776388,-0.606513]],[[0.983887,0.166729,-0.0645541],[0.127141,-0.906317,-0.403019],[-0.125701,0.388318,-0.912912]]],"btipPosition":[59.7075,273.508,38.8357],"carpPosition":[54.2664,325.361,93.4412],"dipPosition":[57.3461,280.803,21.6855],"direction":[0.17136,-0.776388,0.606513],"extended":false,"handId":426,"id":4262,"length":66.986,"mcpPosition":[46.7976,345.094,26.9625],"pipPosition":[52.4747,302.874,4.44375],"stabilizedTipPosition":[59.0536,274.956,54.8284],"timeVisible":0.8857,"tipPosition":[59.1362,275.032,34.5884],"tipVelocity":[39.3429,1.92038,-37.4017],"tool":false,"touchDistance":0.333333,"touchZone":"none","type":2,"width":18.9914},{"bases":[[[0.997065,0.0506514,0.0574079],[-0.0664883,0.944635,0.321316],[-0.0379544,-0.32419,0.94523]],[[0.997705,0.0588178,0.033532],[0.00431527,0.439018,-0.898468],[-0.0675671,0.896551,0.437756]],[[0.997705,0.0588178,0.033532],[0.0633663,-0.636768,-0.768447],[-0.0238463,0.768809,-0.639034]],[[0.997705,0.0588178,0.033532],[0.0671611,-0.922423,-0.380297],[0.00856241,0.381677,-0.924256]]],"btipPosition":[71.9757,280.305,48.3928],"carpPosition":[66.0806,328.47,92.1761],"dipPosition":[72.1357,287.434,31.1292],"direction":[0.0238463,-0.768809,0.639034],"extended":false,"handId":426,"id":4263,"length":64.4088,"mcpPosition":[68.4573,348.771,32.9849],"pipPosition":[71.4753,308.725,13.4321],"stabilizedTipPosition":[74.7167,279.345,73.7436],"timeVisible":0.8857,"tipPosition":[72.0221,281.822,44.1103],"tipVelocity":[38.155,2.96519,-33.5891],"tool":false,"touchDistance":0.333333,"touchZone":"none","type":3,"width":18.0715},{"bases":[[[0.983159,-0.143992,0.112537],[0.0863109,0.908636,0.408571],[-0.161086,-0.391977,0.905762]],[[0.962057,-0.182562,0.202772],[0.266991,0.476756,-0.837508],[0.0562246,0.859869,0.50741]],[[0.962057,-0.182562,0.202772],[0.0576008,-0.590527,-0.804959],[0.266698,0.786097,-0.557605]],[[0.962057,-0.182562,0.202772],[-0.0732902,-0.888768,-0.45246],[0.26282,0.420431,-0.868426]]],"btipPosition":[77.3262,294.271,46.5399],"carpPosition":[79.7193,324.559,91.1137],"dipPosition":[81.8549,301.516,31.5756],"direction":[-0.266698,-0.786097,0.557605],"extended":false,"handId":426,"id":4264,"length":50.4953,"mcpPosition":[89.0571,347.281,38.6089],"pipPosition":[87.0696,316.886,20.6728],"stabilizedTipPosition":[80.3594,293.351,77.7558],"timeVisible":0.8857,"tipPosition":[78.2036,295.844,42.7928],"tipVelocity":[36.3519,4.48551,-30.5099],"tool":false,"touchDistance":0.333333,"touchZone":"none","type":4,"width":16.0525}],"r":[[0.988869,-0.139935,0.0505609],[0.147792,0.963075,-0.225042],[-0.0172026,0.230009,0.973036]],"s":0.966499,"t":[-29.1123,120.34,-165.249],"timestamp":521516300323},false],[1,{"currentFrameRate":102.268,"devices":[],"gestures":[],"hands":[{"armBasis":[[0.852857,0.465011,-0.237485],[-0.236795,0.74982,0.617817],[0.465363,-0.470675,0.749602]],"armWidth":63.7005,"confidence":0.737013,"direction":[-0.119245,0.421809,-0.898809],"elbow":[192.357,187.743,300.068],"grabStrength":0,"id":426,"palmNormal":[0.26795,-0.858007,-0.43821],"palmPosition":[54.1817,331.618,47.2424],"palmVelocity":[32.8946,-0.780984,-37.4679],"palmWidth":90.9622,"pinchStrength":0.483703,"r":[[0.988983,-0.138947,0.0510505],[0.146947,0.963143,-0.225305],[-0.0178635,0.230324,0.97295]],"s":0.966762,"sphereCenter":[70.1346,300.311,10.9151],"sphereRadius":49.1443,"stabilizedPalmPosition":[58.4913,325.84,99.0225],"t":[-28.763,120.334,-165.659],"timeVisible":0.894759,"type":"right","wrist":[66.7471,314.786,97.7374]}],"id":4117830,"interactionBox":{"center":[0,200,0],"size":[235.247,235.247,147.751]},"pointables":[{"bases":[[[0.121772,0.967672,0.220869],[-0.842697,-0.0167818,0.538127],[0.524437,-0.251655,0.81341]],[[-0.0604732,0.996139,-0.0636349],[-0.890027,-0.024951,0.455225],[0.45188,0.0841657,0.8881]],[[-0.0604732,0.996139,-0.0636349],[-0.991246,-0.052436,0.121165],[0.117361,0.0704051,0.990591]],[[-0.0604732,0.996139,-0.0636349],[-0.711567,-0.0877306,-0.69712],[-0.700011,0.00312335,0.714125]]],"btipPosition":[32.6296,289.054,0.984963],"carpPosition":[42.8019,295.727,95.7757],"dipPosition":[16.2518,289.127,17.693],"direction":[-0.117361,-0.0704051,-0.990591],"extended":false,"handId":426,"id":4260,"length":52.1005,"mcpPosition":[42.8019,295.727,95.7757],"pipPosition":[20.252,291.527,51.4574],"stabilizedTipPosition":[25.9619,290.101,40.9268],"timeVisible":0.894759,"tipPosition":[28.9094,288.666,5.07162],"tipVelocity":[37.0586,4.50956,-35.249],"tool":false,"touchDistance":-0.338499,"touchZone":"touching","type":0,"width":20.2438},{"bases":[[[0.922431,0.359752,-0.140353],[-0.306234,0.902897,0.301658],[0.235247,-0.235277,0.943029]],[[0.944691,0.32731,-0.0206524],[-0.326353,0.944422,0.0395034],[0.0324345,-0.0305785,0.999006]],[[0.944691,0.32731,-0.0206524],[-0.327937,0.941999,-0.0713744],[-0.00390695,0.0741995,0.997236]],[[0.944691,0.32731,-0.0206524],[-0.32654,0.932875,-0.152038],[-0.0304973,0.150373,0.988159]]],"btipPosition":[25.9175,333.63,-58.4249],"carpPosition":[43.9969,319.374,94.8131],"dipPosition":[25.3966,336.198,-41.5467],"direction":[0.00390695,-0.0741995,-0.997236],"extended":true,"handId":426,"id":4261,"length":58.7895,"mcpPosition":[26.6952,336.678,25.4561],"pipPosition":[25.3022,337.991,-17.4505],"stabilizedTipPosition":[21.0857,335.052,-20.8429],"timeVisible":0.894759,"tipPosition":[25.6786,333.328,-54.4446],"tipVelocity":[39.2639,-4.85973,-39.2426],"tool":false,"touchDistance":-0.340792,"touchZone":"touching","type":1,"width":19.3369},{"bases":[[[0.984333,0.165429,-0.0610113],[-0.140639,0.945334,0.294217],[0.106348,-0.281027,0.953789]],[[0.983968,0.166377,-0.0642308],[-0.133817,0.450672,-0.882603],[-0.117898,0.877048,0.465711]],[[0.983968,0.166377,-0.0642308],[0.0514036,-0.609439,-0.791165],[-0.170776,0.775179,-0.608221]],[[0.983968,0.166377,-0.0642308],[0.127237,-0.907251,-0.400881],[-0.124971,0.386282,-0.913876]]],"btipPosition":[60.0358,273.476,38.5564],"carpPosition":[54.5698,325.43,93.062],"dipPosition":[57.6881,280.733,21.3881],"direction":[0.170776,-0.775179,0.608221],"extended":false,"handId":426,"id":4262,"length":66.986,"mcpPosition":[47.1524,345.031,26.5384],"pipPosition":[52.8333,302.769,4.0978],"stabilizedTipPosition":[59.0612,274.959,54.4822],"timeVisible":0.894759,"tipPosition":[59.4689,274.989,34.3143],"tipVelocity":[38.5831,0.141632,-35.7141],"tool":false,"touchDistance":0.333333,"touchZone":"none","type":2,"width":18.9914},{"bases":[[[0.997036,0.0505334,0.058007],[-0.0664913,0.945297,0.319361],[-0.0386955,-0.322272,0.945856]],[[0.997695,0.0586357,0.0341615],[0.0051128,0.437021,-0.899437],[-0.0676684,0.897538,0.435714]],[[0.997695,0.0586357,0.0341615],[0.063792,-0.638668,-0.766834],[-0.0231461,0.767245,-0.640936]],[[0.997695,0.0586357,0.0341615],[0.0672095,-0.923385,-0.377945],[0.00938313,0.37937,-0.925198]]],"btipPosition":[72.2969,280.291,48.138],"carpPosition":[66.3856,328.533,91.799],"dipPosition":[72.4722,287.377,30.8569],"direction":[0.0231461,-0.767245,0.640936],"extended":false,"handId":426,"id":4263,"length":64.4088,"mcpPosition":[68.8087,348.714,32.5687],"pipPosition":[71.8312,308.625,13.1071],"stabilizedTipPosition":[74.6791,279.385,73.2771],"timeVisible":0.894759,"tipPosition":[72.348,281.796,43.8504],"tipVelocity":[37.5173,1.40726,-32.204],"tool":false,"touchDistance":0.333333,"touchZone":"none","type":3,"width":18.0715},{"bases":[[[0.983046,-0.143996,0.113519],[0.086238,0.909439,0.406797],[-0.161816,-0.39011,0.906438]],[[0.961954,-0.18226,0.203534],[0.267343,0.474354,-0.838759],[0.0563245,0.861261,0.505033]],[[0.961954,-0.18226,0.203534],[0.0575779,-0.592999,-0.803142],[0.267076,0.784305,-0.559943]],[[0.961954,-0.18226,0.203534],[-0.0734543,-0.890068,-0.44987],[0.263153,0.417803,-0.869592]]],"btipPosition":[77.6566,294.252,46.2909],"carpPosition":[80.0241,324.617,90.7541],"dipPosition":[82.1911,301.452,31.3065],"direction":[-0.267076,-0.784305,0.559943],"extended":false,"handId":426,"id":4264,"length":50.4953,"mcpPosition":[89.4042,347.231,38.2101],"pipPosition":[87.4132,316.787,20.358],"stabilizedTipPosition":[80.3365,293.387,77.2738],"timeVisible":0.894759,"tipPosition":[78.5411,295.814,42.5302],"tipVelocity":[36.4257,2.35063,-29.8141],"tool":false,"touchDistance":0.333333,"touchZone":"none","type":4,"width":16.0525}],"r":[[0.988983,-0.138947,0.0510505],[0.146947,0.963143,-0.225305],[-0.0178635,0.230324,0.97295]],"s":0.966762,"t":[-28.763,120.334,-165.659],"timestamp":521516309382},false],[2,{"currentFrameRate":102.64,"devices":[],"gestures":[],"hands":[{"armBasis":[[0.853775,0.463792,-0.236571],[-0.23667,0.750447,0.617103],[0.463742,-0.470878,0.750479]],"armWidth":63.7005,"confidence":0.758057,"direction":[-0.118912,0.42054,-0.899448],"elbow":[192.216,187.769,299.996],"grabStrength":0,"id":426,"palmNormal":[0.267846,-0.858706,-0.436901],"palmPosition":[54.4952,331.629,46.9064],"palmVelocity":[33.393,-0.224945,-37.3929],"palmWidth":90.9622,"pinchStrength":0.484581,"r":[[0.989064,-0.138191,0.0515323],[0.146331,0.963124,-0.225787],[-0.0184303,0.230858,0.972813]],"s":0.967009,"sphereCenter":[70.4661,300.279,10.624],"sphereRadius":49.1556,"stabilizedPalmPosition":[58.4578,325.888,98.5863],"t":[-28.4316,120.336,-166.032],"timeVisible":0.903793,"type":"right","wrist":[67.0436,314.867,97.4288]}],"id":4117831,"interactionBox":{"center":[0,200,0],"size":[235.247,235.247,147.751]},"pointables":[{"bases":[[[0.121958,0.967959,0.219502],[-0.842837,-0.0157939,0.537937],[0.524168,-0.25061,0.813906]],[[-0.0599538,0.996103,-0.0646897],[-0.890034,-0.0240038,0.455261],[0.451934,0.0848708,0.888005]],[[-0.0599538,0.996103,-0.0646897],[-0.991312,-0.0518141,0.120897],[0.117074,0.0713759,0.990555]],[[-0.0599538,0.996103,-0.0646897],[-0.710993,-0.0881014,-0.697659],[-0.700639,0.00416661,0.713504]]],"btipPosition":[32.9436,289.046,0.718334],"carpPosition":[43.0941,295.811,95.4886],"dipPosition":[16.5511,289.143,17.4118],"direction":[-0.117074,-0.0713759,-0.990555],"extended":false,"handId":426,"id":4260,"length":52.1005,"mcpPosition":[43.0941,295.811,95.4886],"pipPosition":[20.5416,291.576,51.175],"stabilizedTipPosition":[25.9999,290.089,40.4965],"timeVisible":0.903793,"tipPosition":[29.2197,288.66,4.79084],"tipVelocity":[36.3214,3.17926,-33.7712],"tool":false,"touchDistance":-0.337032,"touchZone":"touching","type":0,"width":20.2438},{"bases":[[[0.922557,0.359318,-0.140639],[-0.306085,0.903408,0.300275],[0.234949,-0.233973,0.943428]],[[0.944856,0.32686,-0.0202523],[-0.325926,0.944584,0.0391685],[0.0319326,-0.0304078,0.999027]],[[0.944856,0.32686,-0.0202523],[-0.327456,0.94212,-0.0719893],[-0.00445027,0.0746513,0.9972]],[[0.944856,0.32686,-0.0202523],[-0.326008,0.932923,-0.152883],[-0.0310774,0.151055,0.988037]]],"btipPosition":[26.2824,333.587,-58.7731],"carpPosition":[44.2953,319.457,94.4922],"dipPosition":[25.7516,336.167,-41.8971],"direction":[0.00445027,-0.0746513,-0.9972],"extended":true,"handId":426,"id":4261,"length":58.7895,"mcpPosition":[27.0155,336.665,25.1058],"pipPosition":[25.644,337.971,-17.8017],"stabilizedTipPosition":[21.1781,335.036,-21.4629],"timeVisible":0.903793,"tipPosition":[26.0378,333.292,-54.7952],"tipVelocity":[39.505,-4.7609,-39.0661],"tool":false,"touchDistance":-0.340277,"touchZone":"touching","type":1,"width":19.3369},{"bases":[[[0.984389,0.165095,-0.0610005],[-0.140477,0.945794,0.292815],[0.106036,-0.279675,0.954221]],[[0.98402,0.166052,-0.0642699],[-0.133647,0.450292,-0.882822],[-0.117655,0.877305,0.465289]],[[0.98402,0.166052,-0.0642699],[0.0513104,-0.610089,-0.79067],[-0.170503,0.774738,-0.60886]],[[0.98402,0.166052,-0.0642699],[0.127079,-0.907779,-0.399735],[-0.12472,0.38518,-0.914375]]],"btipPosition":[60.3338,273.48,38.2472],"carpPosition":[54.8701,325.507,92.735],"dipPosition":[57.9907,280.716,21.0695],"direction":[0.170503,-0.774738,0.60886],"extended":false,"handId":426,"id":4262,"length":66.986,"mcpPosition":[47.4745,345.014,26.1812],"pipPosition":[53.1437,302.74,3.76098],"stabilizedTipPosition":[59.0729,274.962,54.1614],"timeVisible":0.903793,"tipPosition":[59.7701,274.991,34.0357],"tipVelocity":[37.0722,0.0759484,-35.3727],"tool":false,"touchDistance":0.333333,"touchZone":"none","type":2,"width":18.9914},{"bases":[[[0.997034,0.0503683,0.058187],[-0.066336,0.945775,0.317978],[-0.0390157,-0.320895,0.946311]],[[0.9977,0.0584207,0.0343754],[0.00550378,0.435639,-0.900105],[-0.06756,0.898223,0.434316]],[[0.9977,0.0584207,0.0343754],[0.0638628,-0.640165,-0.765579],[-0.0227197,0.766013,-0.642423]],[[0.9977,0.0584207,0.0343754],[0.0670712,-0.924186,-0.376007],[0.0098027,0.377448,-0.925979]]],"btipPosition":[72.5939,280.316,47.8992],"carpPosition":[66.687,328.605,91.4705],"dipPosition":[72.777,287.367,30.6035],"direction":[0.0227197,-0.766013,0.642423],"extended":false,"handId":426,"id":4263,"length":64.4088,"mcpPosition":[69.1302,348.7,32.2117],"pipPosition":[72.1479,308.58,12.8125],"stabilizedTipPosition":[74.6481,279.424,72.8308],"timeVisible":0.903793,"tipPosition":[72.6478,281.81,43.6084],"tipVelocity":[36.2943,1.55194,-30.7152],"tool":false,"touchDistance":0.333333,"touchZone":"none","type":3,"width":18.0715},{"bases":[[[0.982981,-0.144077,0.113977],[0.0863622,0.910004,0.405504],[-0.162143,-0.38876,0.90696]],[[0.961955,-0.182064,0.203702],[0.267256,0.472312,-0.839938],[0.0567111,0.862423,0.503001]],[[0.961955,-0.182064,0.203702],[0.0571299,-0.595067,-0.801643],[0.267166,0.782783,-0.562026]],[[0.961955,-0.182064,0.203702],[-0.0738423,-0.891109,-0.44774],[0.263038,0.415664,-0.870652]]],"btipPosition":[77.9628,294.267,46.0721],"carpPosition":[80.3249,324.685,90.4347],"dipPosition":[82.4954,301.43,31.0694],"direction":[-0.267166,-0.782783,0.562026],"extended":false,"handId":426,"id":4264,"length":50.4953,"mcpPosition":[89.7239,347.22,37.8605],"pipPosition":[87.7192,316.735,20.0802],"stabilizedTipPosition":[80.3183,293.421,76.7993],"timeVisible":0.903793,"tipPosition":[78.8524,295.821,42.2966],"tipVelocity":[35.7161,1.89711,-28.4022],"tool":false,"touchDistance":0.333333,"touchZone":"none","type":4,"width":16.0525}],"r":[[0.989064,-0.138191,0.0515323],[0.146331,0.963124,-0.225787],[-0.0184303,0.230858,0.972813]],"s":0.967009,"t":[-28.4316,120.336,-166.032],"timestamp":521516318416},false],[3,{"currentFrameRate":102.925,"devices":[],"gestures":[],"hands":[{"armBasis":[[0.854142,0.463341,-0.23613],[-0.236737,0.750721,0.616745],[0.463031,-0.470887,0.750912]],"armWidth":63.7005,"confidence":0.770395,"direction":[-0.118938,0.419617,-0.899875],"elbow":[192.279,187.845,299.874],"grabStrength":0,"id":426,"palmNormal":[0.268013,-0.859099,-0.436026],"palmPosition":[54.7507,331.655,46.6502],"palmVelocity":[31.8455,0.603669,-34.7497],"palmWidth":90.9622,"pinchStrength":0.48596,"r":[[0.989132,-0.137542,0.051955],[0.145808,0.963068,-0.226364],[-0.0189016,0.231479,0.972656]],"s":0.967214,"sphereCenter":[70.7485,300.283,10.3951],"sphereRadius":49.1664,"stabilizedPalmPosition":[58.4261,325.938,98.142],"t":[-28.1381,120.35,-166.346],"timeVisible":0.912967,"type":"right","wrist":[67.2994,314.945,97.1901]}],"id":4117832,"interactionBox":{"center":[0,200,0],"size":[235.247,235.247,147.751]},"pointables":[{"bases":[[[0.121784,0.9682,0.218536],[-0.842861,-0.0153958,0.537911],[0.524169,-0.249705,0.814183]],[[-0.0598041,0.996079,-0.0651988],[-0.889908,-0.0236129,0.455528],[0.452202,0.0852634,0.887831]],[[-0.0598041,0.996079,-0.0651988],[-0.991343,-0.0516173,0.12073],[0.116891,0.0718545,0.990542]],[[-0.0598041,0.996079,-0.0651988],[-0.710143,-0.0883567,-0.698491],[-0.701513,0.00452789,0.712642]]],"btipPosition":[33.216,289.073,0.526818],"carpPosition":[43.3532,295.883,95.2678],"dipPosition":[16.803,289.179,17.2001],"direction":[-0.116891,-0.0718545,-0.990542],"extended":false,"handId":426,"id":4260,"length":52.1005,"mcpPosition":[43.3532,295.883,95.2678],"pipPosition":[20.7873,291.628,50.9629],"stabilizedTipPosition":[26.044,290.076,40.0339],"timeVisible":0.912967,"tipPosition":[29.4847,288.684,4.58033],"tipVelocity":[34.3288,3.1933,-30.3135],"tool":false,"touchDistance":-0.334605,"touchZone":"touching","type":0,"width":20.2438},{"bases":[[[0.922503,0.359332,-0.140954],[-0.306252,0.903658,0.299353],[0.234941,-0.232987,0.943674]],[[0.944897,0.326772,-0.0197542],[-0.325849,0.944605,0.0392973],[0.0315011,-0.030695,0.999032]],[[0.944897,0.326772,-0.0197542],[-0.327331,0.942155,-0.0720933],[-0.00494657,0.0745868,0.997202]],[[0.944897,0.326772,-0.0197542],[-0.325837,0.932932,-0.153191],[-0.0316291,0.151186,0.987999]]],"btipPosition":[26.578,333.597,-59.0353],"carpPosition":[44.5505,319.528,94.2477],"dipPosition":[26.0378,336.179,-42.1599],"direction":[0.00494657,-0.0745868,-0.997202],"extended":true,"handId":426,"id":4261,"length":58.7895,"mcpPosition":[27.2712,336.663,24.8432],"pipPosition":[25.9183,337.982,-18.0645],"stabilizedTipPosition":[21.2758,335.02,-22.0866],"timeVisible":0.912967,"tipPosition":[26.3247,333.309,-55.0597],"tipVelocity":[37.4083,-3.10273,-36.144],"tool":false,"touchDistance":-0.338518,"touchZone":"touching","type":1,"width":19.3369},{"bases":[[[0.984365,0.165199,-0.0611173],[-0.140651,0.946063,0.291859],[0.106036,-0.278699,0.954507]],[[0.983988,0.166171,-0.0644493],[-0.133897,0.450533,-0.882662],[-0.117637,0.877158,0.465569]],[[0.983988,0.166171,-0.0644493],[0.0512594,-0.610171,-0.79061],[-0.170702,0.774648,-0.608919]],[[0.983988,0.166171,-0.0644493],[0.127202,-0.908029,-0.399127],[-0.124845,0.384539,-0.914628]]],"btipPosition":[60.5952,273.505,37.9701],"carpPosition":[55.1244,325.578,92.485],"dipPosition":[58.2498,280.729,20.7877],"direction":[0.170702,-0.774648,0.608919],"extended":false,"handId":426,"id":4262,"length":66.986,"mcpPosition":[47.7287,345.017,25.9113],"pipPosition":[53.3971,302.75,3.47754],"stabilizedTipPosition":[59.0875,274.965,53.8608],"timeVisible":0.912967,"tipPosition":[60.0338,275.016,33.7986],"tipVelocity":[34.6617,0.726191,-33.961],"tool":false,"touchDistance":0.333333,"touchZone":"none","type":2,"width":18.9914},{"bases":[[[0.997023,0.0505945,0.0581859],[-0.066511,0.946082,0.317025],[-0.0390089,-0.319952,0.946631]],[[0.997688,0.0586134,0.0343951],[0.0055126,0.434642,-0.900586],[-0.067736,0.898694,0.433314]],[[0.997688,0.0586134,0.0343951],[0.0640336,-0.641227,-0.764675],[-0.0227651,0.765109,-0.643498]],[[0.997688,0.0586134,0.0343951],[0.0672425,-0.924737,-0.374619],[0.00984873,0.376065,-0.926541]]],"btipPosition":[72.8555,280.359,47.7117],"carpPosition":[66.9408,328.677,91.2179],"dipPosition":[73.0395,287.383,30.4054],"direction":[0.0227651,-0.765109,0.643498],"extended":false,"handId":426,"id":4263,"length":64.4088,"mcpPosition":[69.3836,348.713,31.9391],"pipPosition":[72.409,308.572,12.5847],"stabilizedTipPosition":[74.6218,279.462,72.3935],"timeVisible":0.912967,"tipPosition":[72.9102,281.845,43.4187],"tipVelocity":[34.1293,2.23775,-27.9231],"tool":false,"touchDistance":0.333333,"touchZone":"none","type":3,"width":18.0715},{"bases":[[[0.982999,-0.143797,0.11417],[0.0861889,0.910425,0.404595],[-0.162123,-0.387876,0.907341]],[[0.96204,-0.181606,0.203713],[0.266929,0.470737,-0.840926],[0.0568216,0.863381,0.501343]],[[0.96204,-0.181606,0.203713],[0.0567949,-0.596878,-0.800319],[0.266934,0.781509,-0.563906]],[[0.96204,-0.181606,0.203713],[-0.0739981,-0.892068,-0.445801],[0.262686,0.413804,-0.871644]]],"btipPosition":[78.2228,294.312,45.9145],"carpPosition":[80.5793,324.758,90.1867],"dipPosition":[82.7493,301.443,30.8947],"direction":[-0.266934,-0.781509,0.563906],"extended":false,"handId":426,"id":4264,"length":50.4953,"mcpPosition":[89.9772,347.242,37.5905],"pipPosition":[87.9686,316.723,19.8688],"stabilizedTipPosition":[80.3036,293.457,76.3202],"timeVisible":0.912967,"tipPosition":[79.1178,295.857,42.1243],"tipVelocity":[33.6155,2.51661,-25.3897],"tool":false,"touchDistance":0.333333,"touchZone":"none","type":4,"width":16.0525}],"r":[[0.989132,-0.137542,0.051955],[0.145808,0.963068,-0.226364],[-0.0189016,0.231479,0.972656]],"s":0.967214,"t":[-28.1381,120.35,-166.346],"timestamp":521516327590},false],[4,{"currentFrameRate":103.33,"devices":[],"gestures":[],"hands":[{"armBasis":[[0.854463,0.463297,-0.235049],[-0.237236,0.750484,0.616841],[0.462181,-0.471305,0.751172]],"armWidth":63.7005,"confidence":0.786944,"direction":[-0.119097,0.418943,-0.900168],"elbow":[192.289,187.809,299.77],"grabStrength":0,"id":426,"palmNormal":[0.268698,-0.859191,-0.435422],"palmPosition":[54.9854,331.69,46.4628],"palmVelocity":[30.346,1.50478,-31.0139],"palmWidth":90.9622,"pinchStrength":0.486856,"r":[[0.989205,-0.136874,0.052342],[0.145259,0.963013,-0.226947],[-0.0193428,0.2321,0.972499]],"s":0.967385,"sphereCenter":[71.0367,300.318,10.2269],"sphereRadius":49.1776,"stabilizedPalmPosition":[58.3967,325.987,97.7013],"t":[-27.8741,120.375,-166.597],"timeVisible":0.921878,"type":"right","wrist":[67.5381,315.022,97.0156]}],"id":4117833,"interactionBox":{"center":[0,200,0],"size":[235.247,235.247,147.751]},"pointables":[{"bases":[[[0.121054,0.968429,0.217923],[-0.842935,-0.0156492,0.537788],[0.52422,-0.248796,0.814429]],[[-0.0602006,0.996043,-0.065375],[-0.889756,-0.0238596,0.455812],[0.452448,0.085608,0.887672]],[[-0.0602006,0.996043,-0.065375],[-0.991387,-0.0520311,0.120182],[0.116305,0.072047,0.990597]],[[-0.0602006,0.996043,-0.065375],[-0.709315,-0.0887679,-0.69928],[-0.702316,0.00427437,0.711852]]],"btipPosition":[33.4951,289.114,0.385546],"carpPosition":[43.6059,295.942,95.102],"dipPosition":[17.0634,289.214,17.0404],"direction":[-0.116305,-0.072047,-0.990597],"extended":false,"handId":426,"id":4260,"length":52.1005,"mcpPosition":[43.6059,295.942,95.102],"pipPosition":[21.0277,291.67,50.805],"stabilizedTipPosition":[26.0937,290.064,39.5491],"timeVisible":0.921878,"tipPosition":[29.7573,288.719,4.42109],"tipVelocity":[33.3793,3.52435,-26.5064],"tool":false,"touchDistance":-0.331661,"touchZone":"touching","type":0,"width":20.2438},{"bases":[[[0.922267,0.359902,-0.141043],[-0.306948,0.903633,0.298714],[0.234959,-0.232201,0.943863]],[[0.944762,0.327206,-0.0190203],[-0.326299,0.94444,0.0395273],[0.0308971,-0.0311376,0.999037]],[[0.944762,0.327206,-0.0190203],[-0.327709,0.942023,-0.072113],[-0.00567826,0.0743627,0.997215]],[[0.944762,0.327206,-0.0190203],[-0.326147,0.932786,-0.153419],[-0.0324579,0.151148,0.987978]]],"btipPosition":[26.8704,333.623,-59.2305],"carpPosition":[44.7864,319.586,94.0666],"dipPosition":[26.316,336.205,-42.3554],"direction":[0.00567826,-0.0743627,-0.997215],"extended":true,"handId":426,"id":4261,"length":58.7895,"mcpPosition":[27.5058,336.664,24.6482],"pipPosition":[26.1788,338.001,-18.2597],"stabilizedTipPosition":[21.3761,335.006,-22.6974],"timeVisible":0.921878,"tipPosition":[26.6049,333.343,-55.2574],"tipVelocity":[36.0557,-1.46931,-32.2685],"tool":false,"touchDistance":-0.335928,"touchZone":"touching","type":1,"width":19.3369},{"bases":[[[0.984255,0.165866,-0.0610703],[-0.141376,0.946153,0.291218],[0.106085,-0.277999,0.954705]],[[0.98387,0.16686,-0.0644863],[-0.134274,0.450658,-0.882541],[-0.118199,0.876964,0.465794]],[[0.98387,0.16686,-0.0644863],[0.0517042,-0.61035,-0.790443],[-0.171252,0.774358,-0.609132]],[[0.98387,0.16686,-0.0644863],[0.127921,-0.908243,-0.398411],[-0.125048,0.383735,-0.914937]]],"btipPosition":[60.8701,273.554,37.774],"carpPosition":[55.3562,325.644,92.3016],"dipPosition":[58.5209,280.763,20.5858],"direction":[0.171252,-0.774358,0.609132],"extended":false,"handId":426,"id":4262,"length":66.986,"mcpPosition":[47.9571,345.033,25.7141],"pipPosition":[53.6526,302.776,3.26952],"stabilizedTipPosition":[59.1046,274.968,53.5853],"timeVisible":0.921878,"tipPosition":[60.3098,275.06,33.627],"tipVelocity":[33.5985,1.91881,-30.7481],"tool":false,"touchDistance":0.333333,"touchZone":"none","type":2,"width":18.9914},{"bases":[[[0.996977,0.0513482,0.0583097],[-0.06724,0.946241,0.316396],[-0.0389287,-0.319361,0.946833]],[[0.99764,0.059349,0.0345227],[0.00535723,0.433991,-0.900901],[-0.0684501,0.89896,0.432649]],[[0.99764,0.059349,0.0345227],[0.0646261,-0.641903,-0.764058],[-0.0231859,0.764486,-0.644224]],[[0.99764,0.059349,0.0345227],[0.0679624,-0.925069,-0.373668],[0.00975898,0.375133,-0.92692]]],"btipPosition":[73.1255,280.418,47.5723],"carpPosition":[67.1706,328.75,91.0344],"dipPosition":[73.3078,287.425,30.2591],"direction":[0.0231859,-0.764486,0.644224],"extended":false,"handId":426,"id":4263,"length":64.4088,"mcpPosition":[69.6083,348.749,31.7429],"pipPosition":[72.6657,308.596,12.4182],"stabilizedTipPosition":[74.6006,279.5,71.9739],"timeVisible":0.921878,"tipPosition":[73.1802,281.898,43.2788],"tipVelocity":[33.0749,3.29444,-24.6267],"tool":false,"touchDistance":0.333333,"touchZone":"none","type":3,"width":18.0715},{"bases":[[[0.983084,-0.143016,0.114419],[0.0854716,0.910751,0.404013],[-0.161988,-0.387399,0.907569]],[[0.962193,-0.180702,0.203791],[0.26647,0.469696,-0.841653],[0.0563686,0.864137,0.50009]],[[0.962193,-0.180702,0.203791],[0.0569336,-0.598252,-0.799283],[0.26635,0.780667,-0.565346]],[[0.962193,-0.180702,0.203791],[-0.0735748,-0.892848,-0.444308],[0.262241,0.412517,-0.872387]]],"btipPosition":[78.4829,294.378,45.8077],"carpPosition":[80.8121,324.84,90.0079],"dipPosition":[83.0017,301.487,30.7752],"direction":[-0.26635,-0.780667,0.565346],"extended":false,"handId":426,"id":4264,"length":50.4953,"mcpPosition":[90.2021,347.297,37.3984],"pipPosition":[88.2096,316.751,19.7211],"stabilizedTipPosition":[80.2927,293.492,75.8472],"timeVisible":0.921878,"tipPosition":[79.3821,295.916,42.006],"tipVelocity":[32.3544,3.69591,-21.8283],"tool":false,"touchDistance":0.333333,"touchZone":"none","type":4,"width":16.0525}],"r":[[0.989205,-0.136874,0.052342],[0.145259,0.963013,-0.226947],[-0.0193428,0.2321,0.972499]],"s":0.967385,"t":[-27.8741,120.375,-166.597],"timestamp":521516336501},false],[5,{"currentFrameRate":103.492,"devices":[],"gestures":[],"hands":[{"armBasis":[[0.853769,0.464698,-0.234805],[-0.237918,0.749356,0.617949],[0.463112,-0.471721,0.750337]],"armWidth":63.7005,"confidence":0.770506,"direction":[-0.119671,0.418003,-0.900529],"elbow":[192.757,187.803,299.384],"grabStrength":0,"id":426,"palmNormal":[0.269919,-0.859183,-0.434681],"palmPosition":[55.1798,331.735,46.2877],"palmVelocity":[27.6313,2.44728,-27.5237],"palmWidth":90.9622,"pinchStrength":0.487295,"r":[[0.9893,-0.136051,0.0526783],[0.144548,0.962971,-0.227578],[-0.0197654,0.232758,0.972334]],"s":0.967468,"sphereCenter":[71.2358,300.36,10.0794],"sphereRadius":49.1681,"stabilizedPalmPosition":[58.3672,326.039,97.2285],"t":[-27.6448,120.409,-166.81],"timeVisible":0.931235,"type":"right","wrist":[67.755,315.129,96.8549]}],"id":4117834,"interactionBox":{"center":[0,200,0],"size":[235.247,235.247,147.751]},"pointables":[{"bases":[[[0.119683,0.968786,0.217096],[-0.842923,-0.0163786,0.537785],[0.524554,-0.247359,0.814651]],[[-0.060712,0.996048,-0.0648245],[-0.889227,-0.0244709,0.456812],[0.45342,0.0853777,0.887198]],[[-0.060712,0.996048,-0.0648245],[-0.991438,-0.0526542,0.119492],[0.115607,0.0715241,0.990717]],[[-0.060712,0.996048,-0.0648245],[-0.705894,-0.0887614,-0.702734],[-0.705711,0.00309481,0.708493]]],"btipPosition":[33.7938,289.242,0.338975],"carpPosition":[43.8499,296.012,94.9572],"dipPosition":[17.2827,289.314,16.9152],"direction":[-0.115607,-0.0715241,-0.990717],"extended":false,"handId":426,"id":4260,"length":52.1005,"mcpPosition":[43.8499,296.012,94.9572],"pipPosition":[21.2231,291.752,50.684],"stabilizedTipPosition":[26.1574,290.051,38.9714],"timeVisible":0.931235,"tipPosition":[30.0259,288.81,4.31832],"tipVelocity":[32.4115,6.20452,-20.9454],"tool":false,"touchDistance":-0.327798,"touchZone":"touching","type":0,"width":20.2438},{"bases":[[[0.921761,0.361083,-0.141334],[-0.308229,0.903454,0.297934],[0.235268,-0.231061,0.944066]],[[0.944395,0.328293,-0.0184863],[-0.327394,0.94405,0.0397971],[0.0305171,-0.0315318,0.999037]],[[0.944395,0.328293,-0.0184863],[-0.328752,0.941644,-0.0723129],[-0.00633227,0.0743693,0.997211]],[[0.944395,0.328293,-0.0184863],[-0.327121,0.932352,-0.15399],[-0.0333179,0.151474,0.9879]]],"btipPosition":[27.105,333.622,-59.4089],"carpPosition":[44.9969,319.658,93.9017],"dipPosition":[26.536,336.209,-42.5352],"direction":[0.00633227,-0.0743693,-0.997211],"extended":true,"handId":426,"id":4261,"length":58.7895,"mcpPosition":[27.6936,336.652,24.4684],"pipPosition":[26.383,338.006,-18.4395],"stabilizedTipPosition":[21.4863,334.99,-23.3434],"timeVisible":0.931235,"tipPosition":[26.8292,333.35,-55.4387],"tipVelocity":[32.8389,-1.04719,-28.5311],"tool":false,"touchDistance":-0.333349,"touchZone":"touching","type":1,"width":19.3369},{"bases":[[[0.984022,0.167203,-0.0611941],[-0.142717,0.946201,0.290405],[0.106459,-0.277032,0.954945]],[[0.983628,0.168208,-0.0646633],[-0.134947,0.449708,-0.882923],[-0.119435,0.877194,0.465044]],[[0.983628,0.168208,-0.0646633],[0.0525959,-0.611164,-0.789754],[-0.172363,0.773424,-0.610006]],[[0.983628,0.168208,-0.0646633],[0.129253,-0.908552,-0.397275],[-0.125575,0.382413,-0.915419]]],"btipPosition":[61.1472,273.612,37.6573],"carpPosition":[55.5583,325.728,92.1317],"dipPosition":[58.7881,280.796,20.46],"direction":[0.172363,-0.773424,0.610006],"extended":false,"handId":426,"id":4262,"length":66.986,"mcpPosition":[48.1331,345.051,25.5274],"pipPosition":[53.8882,302.782,3.11896],"stabilizedTipPosition":[59.126,274.972,53.3017],"timeVisible":0.931235,"tipPosition":[60.585,275.111,33.5083],"tipVelocity":[32.3972,2.95322,-25.6247],"tool":false,"touchDistance":0.333333,"touchZone":"none","type":2,"width":18.9914},{"bases":[[[0.996902,0.0528053,0.0582842],[-0.0685818,0.946416,0.315585],[-0.0384965,-0.318605,0.947106]],[[0.997555,0.0607919,0.0344748],[0.00475108,0.433162,-0.901303],[-0.0697251,0.899263,0.431815]],[[0.997555,0.0607919,0.0344748],[0.0655447,-0.642655,-0.763347],[-0.0242499,0.76374,-0.645068]],[[0.997555,0.0607919,0.0344748],[0.0692716,-0.925406,-0.372593],[0.00925255,0.37407,-0.927354]]],"btipPosition":[73.392,280.498,47.4517],"carpPosition":[67.3683,328.851,90.862],"dipPosition":[73.5649,287.485,30.1303],"direction":[0.0242499,-0.76374,0.645068],"extended":false,"handId":426,"id":4263,"length":64.4088,"mcpPosition":[69.779,348.802,31.5535],"pipPosition":[72.8933,308.636,12.266],"stabilizedTipPosition":[74.5824,279.54,71.5297],"timeVisible":0.931235,"tipPosition":[73.4446,281.973,43.1574],"tipVelocity":[31.7054,4.65174,-21.3547],"tool":false,"touchDistance":0.333333,"touchZone":"none","type":3,"width":18.0715},{"bases":[[[0.983283,-0.141531,0.114559],[0.084178,0.911217,0.403235],[-0.161458,-0.386851,0.907897]],[[0.962442,-0.179172,0.20397],[0.265805,0.468939,-0.842285],[0.055264,0.864866,0.498951]],[[0.962442,-0.179172,0.20397],[0.0576704,-0.59923,-0.798497],[0.265293,0.78027,-0.566391]],[[0.962442,-0.179172,0.20397],[-0.0723948,-0.893472,-0.443247],[0.261658,0.411833,-0.872885]]],"btipPosition":[78.7252,294.459,45.6892],"carpPosition":[81.0153,324.959,89.8391],"dipPosition":[83.2339,301.556,30.648],"direction":[-0.265293,-0.78027,0.566391],"extended":false,"handId":426,"id":4264,"length":50.4953,"mcpPosition":[90.3747,347.384,37.2106],"pipPosition":[88.4212,316.812,19.5735],"stabilizedTipPosition":[80.2847,293.532,75.3384],"timeVisible":0.931235,"tipPosition":[79.6274,295.996,41.8843],"tipVelocity":[30.4514,5.01749,-19.2904],"tool":false,"touchDistance":0.333333,"touchZone":"none","type":4,"width":16.0525}],"r":[[0.9893,-0.136051,0.0526783],[0.144548,0.962971,-0.227578],[-0.0197654,0.232758,0.972334]],"s":0.967468,"t":[-27.6448,120.409,-166.81],"timestamp":521516345858},false],[6,{"currentFrameRate":103.967,"devices":[],"gestures":[],"hands":[{"armBasis":[[0.853493,0.465525,-0.23417],[-0.238573,0.748585,0.618631],[0.463285,-0.472131,0.749973]],"armWidth":63.7005,"confidence":0.620519,"direction":[-0.121439,0.417823,-0.900376],"elbow":[192.988,187.733,299.239],"grabStrength":0,"id":426,"palmNormal":[0.271067,-0.85865,-0.435021],"palmPosition":[55.2783,331.754,46.2557],"palmVelocity":[23.2604,2.39801,-21.1447],"palmWidth":90.9622,"pinchStrength":0.488038,"r":[[0.989439,-0.13502,0.0527302],[0.143567,0.962994,-0.228105],[-0.0199803,0.233266,0.972208]],"s":0.967444,"sphereCenter":[71.3425,300.411,10.032],"sphereRadius":49.1611,"stabilizedPalmPosition":[58.3395,326.091,96.7717],"t":[-27.4809,120.437,-166.933],"timeVisible":0.93996,"type":"right","wrist":[67.9398,315.169,96.8083]}],"id":4117835,"interactionBox":{"center":[0,200,0],"size":[235.247,235.247,147.751]},"pointables":[{"bases":[[[0.118091,0.968998,0.217017],[-0.842305,-0.0179969,0.538701],[0.525906,-0.24641,0.814067]],[[-0.0622439,0.996004,-0.0640491],[-0.888585,-0.0260806,0.45797],[0.45447,0.085419,0.886657]],[[-0.0622439,0.996004,-0.0640491],[-0.991248,-0.0542061,0.120372],[0.116419,0.070981,0.990661]],[[-0.0622439,0.996004,-0.0640491],[-0.704246,-0.0893028,-0.704317],[-0.707222,0.0012669,0.70699]]],"btipPosition":[33.9679,289.297,0.381398],"carpPosition":[44.0687,296.008,94.9356],"dipPosition":[17.4215,289.326,16.9225],"direction":[-0.116419,-0.070981,-0.990661],"extended":false,"handId":426,"id":4260,"length":52.1005,"mcpPosition":[44.0687,296.008,94.9356],"pipPosition":[21.3896,291.746,50.6893],"stabilizedTipPosition":[26.2288,290.037,38.3514],"timeVisible":0.93996,"tipPosition":[30.1785,288.848,4.33035],"tipVelocity":[28.8324,5.93366,-14.2915],"tool":false,"touchDistance":-0.322836,"touchZone":"touching","type":0,"width":20.2438},{"bases":[[[0.920924,0.362829,-0.142318],[-0.309609,0.902856,0.298318],[0.236731,-0.230665,0.943797]],[[0.943799,0.329966,-0.0191163],[-0.329018,0.943446,0.040697],[0.0314638,-0.0321202,0.998989]],[[0.943799,0.329966,-0.0191163],[-0.330464,0.941014,-0.0727021],[-0.00600046,0.0749334,0.99717]],[[0.943799,0.329966,-0.0191163],[-0.328823,0.931533,-0.155313],[-0.0334406,0.15287,0.98768]]],"btipPosition":[27.124,333.579,-59.4039],"carpPosition":[45.17,319.656,93.8801],"dipPosition":[26.5528,336.19,-42.534],"direction":[0.00600046,-0.0749334,-0.997171],"extended":true,"handId":426,"id":4261,"length":58.7895,"mcpPosition":[27.7592,336.621,24.4665],"pipPosition":[26.4078,338,-18.4393],"stabilizedTipPosition":[21.5886,334.975,-23.9415],"timeVisible":0.93996,"tipPosition":[26.8395,333.339,-55.4384],"tipVelocity":[24.6227,-1.92346,-20.7762],"tool":false,"touchDistance":-0.328286,"touchZone":"touching","type":1,"width":19.3369},{"bases":[[[0.983637,0.169063,-0.0622556],[-0.144186,0.945915,0.290611],[0.10802,-0.27688,0.954814]],[[0.983231,0.170084,-0.0657824],[-0.136827,0.44958,-0.882698],[-0.120559,0.876897,0.465313]],[[0.983231,0.170084,-0.0657824],[0.0528713,-0.611101,-0.789785],[-0.17453,0.773063,-0.609846]],[[0.983231,0.170084,-0.0657824],[0.130555,-0.908368,-0.397269],[-0.127324,0.382019,-0.915341]]],"btipPosition":[61.3465,273.651,37.6147],"carpPosition":[55.7179,325.747,92.0989],"dipPosition":[58.9546,280.828,20.4189],"direction":[0.17453,-0.773063,0.609846],"extended":false,"handId":426,"id":4262,"length":66.986,"mcpPosition":[48.1839,345.058,25.5038],"pipPosition":[53.9931,302.804,3.08236],"stabilizedTipPosition":[59.1487,274.977,53.0344],"timeVisible":0.93996,"tipPosition":[60.7769,275.147,33.4688],"tipVelocity":[29.6121,3.3194,-20.0666],"tool":false,"touchDistance":0.333333,"touchZone":"none","type":2,"width":18.9914},{"bases":[[[0.996864,0.0546833,0.0572025],[-0.0700241,0.946268,0.31571],[-0.0368648,-0.318726,0.94713]],[[0.997476,0.0626869,0.0333492],[0.00295243,0.432647,-0.901559],[-0.0709444,0.899382,0.43137]],[[0.997476,0.0626869,0.0333492],[0.0659286,-0.643238,-0.762822],[-0.0263675,0.763096,-0.645748]],[[0.997476,0.0626869,0.0333492],[0.0706024,-0.925605,-0.371847],[0.00755822,0.373263,-0.927695]]],"btipPosition":[73.587,280.574,47.4497],"carpPosition":[67.5207,328.891,90.8166],"dipPosition":[73.7282,287.546,30.122],"direction":[0.0263675,-0.763095,0.645748],"extended":false,"handId":426,"id":4263,"length":64.4088,"mcpPosition":[69.8292,348.85,31.5065],"pipPosition":[72.998,308.678,12.2389],"stabilizedTipPosition":[74.5676,279.581,71.0994],"timeVisible":0.93996,"tipPosition":[73.6323,282.042,43.1442],"tipVelocity":[28.9791,5.62042,-15.7482],"tool":false,"touchDistance":0.333333,"touchZone":"none","type":3,"width":18.0715},{"bases":[[[0.983672,-0.139681,0.113482],[0.0828971,0.911353,0.403192],[-0.15974,-0.387201,0.908052]],[[0.963003,-0.17736,0.202899],[0.26398,0.469364,-0.842622],[0.0542139,0.865009,0.498818]],[[0.963003,-0.17736,0.202899],[0.0579118,-0.599115,-0.798566],[0.263193,0.780772,-0.566679]],[[0.963003,-0.17736,0.202899],[-0.0711833,-0.89357,-0.443244],[0.259918,0.412402,-0.873136]]],"btipPosition":[78.8923,294.521,45.6343],"carpPosition":[81.1739,325.025,89.7786],"dipPosition":[83.3711,301.627,30.5889],"direction":[-0.263193,-0.780772,0.566679],"extended":false,"handId":426,"id":4264,"length":50.4953,"mcpPosition":[90.4336,347.47,37.1411],"pipPosition":[88.5173,316.894,19.5087],"stabilizedTipPosition":[80.2794,293.57,74.8511],"timeVisible":0.93996,"tipPosition":[79.7893,296.061,41.8303],"tipVelocity":[27.2197,5.64233,-15.8419],"tool":false,"touchDistance":0.333333,"touchZone":"none","type":4,"width":16.0525}],"r":[[0.989439,-0.13502,0.0527302],[0.143567,0.962994,-0.228105],[-0.0