{"sensorType":"Leap","data":[[0,{"currentFrameRate":100.901,"devices":[],"gestures":[],"hands":[{"armBasis":[[0.874319,0.393593,-0.283992],[-0.165179,0.791498,0.588428],[0.45638,-0.467564,0.757035]],"armWidth":63.7005,"confidence":0.301714,"direction":[-0.108158,0.611866,-0.783532],"elbow":[194.938,177.916,293.375],"grabStrength":0.0927026,"id":424,"palmNormal":[0.16087,-0.766996,-0.621159],"palmPosition":[59.1335,332.365,43.9394],"palmVelocity":[51.9662,-22.7393,-195.726],"palmWidth":90.9622,"pinchStrength":0.711994,"r":[[0.965064,0.0928097,0.245027],[-0.0761774,0.994153,-0.076526],[-0.250697,0.0551869,0.966491]],"s":1.11736,"sphereCenter":[72.4696,304.939,-0.500533],"sphereRadius":48.1537,"stabilizedPalmPosition":[56.9309,321.688,113.562],"t":[-11.9834,92.0439,-134.507],"timeVisible":0.533093,"type":"right","wrist":[71.7534,304.119,89.0377]}],"id":4116969,"interactionBox":{"center":[0,200,0],"size":[235.247,235.247,147.751]},"pointables":[{"bases":[[[0.229773,0.883172,0.408915],[-0.819261,-0.0512885,0.571123],[0.525372,-0.466237,0.711764]],[[0.0159328,0.993571,0.112081],[-0.872344,-0.0409672,0.487173],[0.488633,-0.105535,0.866083]],[[0.0159328,0.993571,0.112081],[-0.995415,0.00518855,0.0955075],[0.094312,-0.113089,0.989099]],[[0.0159328,0.993571,0.112081],[-0.595641,0.0994658,-0.797068],[-0.803092,-0.0540605,0.593397]]],"btipPosition":[37.0925,298.624,-6.246],"carpPosition":[45.9015,288.238,84.5706],"dipPosition":[18.303,297.359,7.63738],"direction":[-0.094312,0.113089,-0.989099],"extended":false,"handId":424,"id":4240,"length":52.1005,"mcpPosition":[45.9015,288.238,84.5706],"pipPosition":[21.5176,293.505,41.351],"stabilizedTipPosition":[23.9465,292.079,67.3228],"timeVisible":0.533093,"tipPosition":[32.0153,298.576,-3.25632],"tipVelocity":[69.0127,-3.62509,-212.365],"tool":false,"touchDistance":-0.582107,"touchZone":"touching","type":0,"width":20.2438},{"bases":[[[0.948944,0.29322,-0.116303],[-0.19934,0.843173,0.499322],[0.244474,-0.450645,0.858575]],[[0.965948,0.254843,-0.0447094],[-0.251585,0.965468,0.0676516],[0.0604061,-0.0540997,0.996707]],[[0.965948,0.254843,-0.0447094],[-0.256967,0.965083,-0.0508178],[0.0301977,0.0605762,0.997707]],[[0.965948,0.254843,-0.0447094],[-0.258568,0.957013,-0.131409],[0.00929873,0.138495,0.990319]]],"btipPosition":[28.0466,342.972,-58.5204],"carpPosition":[49.5099,311.334,88.4558],"dipPosition":[28.2054,345.338,-41.6054],"direction":[-0.0301977,-0.0605762,-0.997707],"extended":true,"handId":424,"id":4241,"length":58.7895,"mcpPosition":[31.5295,344.478,25.31],"pipPosition":[28.9351,346.801,-17.4978],"stabilizedTipPosition":[17.3285,334.72,15.9986],"timeVisible":0.533093,"tipPosition":[28.381,342.341,-54.5402],"tipVelocity":[88.3404,14.2218,-204.137],"tool":false,"touchDistance":-0.603809,"touchZone":"hovering","type":1,"width":19.3369},{"bases":[[[0.993235,0.081575,-0.0826433],[-0.0306245,0.870509,0.4912],[0.112011,-0.485346,0.867118]],[[0.994104,0.0776661,-0.0756617],[-0.108144,0.65971,-0.743698],[-0.00784535,0.747496,0.66422]],[[0.994104,0.0776661,-0.0756617],[-0.0866493,0.149557,-0.984949],[-0.0651814,0.985698,0.155405]],[[0.994104,0.0776661,-0.0756617],[-0.0673095,-0.105039,-0.992188],[-0.0850068,0.991431,-0.0991921]]],"btipPosition":[56.5976,267.791,-7.65516],"carpPosition":[60.5821,316.605,87.3837],"dipPosition":[55.0007,286.417,-9.51861],"direction":[0.0651814,-0.985698,-0.155405],"extended":false,"handId":424,"id":4242,"length":66.986,"mcpPosition":[52.7697,350.456,26.9051],"pipPosition":[53.1477,314.438,-5.10079],"stabilizedTipPosition":[49.1836,266.779,50.7013],"timeVisible":0.533093,"tipPosition":[56.227,271.954,-8.33229],"tipVelocity":[46.2515,23.3539,-267.262],"tool":false,"touchDistance":-0.561154,"touchZone":"touching","type":2,"width":18.9914},{"bases":[[[0.998356,-0.056593,0.00906897],[0.0440021,0.858197,0.511431],[-0.0367264,-0.510192,0.859276]],[[0.998963,-0.0437885,-0.0124697],[0.0180082,0.63156,-0.775118],[0.0418166,0.77409,0.631693]],[[0.998963,-0.0437885,-0.0124697],[-0.00817638,0.0968913,-0.995261],[0.0447892,0.994331,0.0964328]],[[0.998963,-0.0437885,-0.0124697],[-0.0190969,-0.15436,-0.98783],[0.0413307,0.987044,-0.155036]]],"btipPosition":[71.0207,270.184,4.30609],"carpPosition":[72.601,318.784,86.1046],"dipPosition":[71.7927,288.62,1.41028],"direction":[-0.0447892,-0.994331,-0.0964328],"extended":false,"handId":424,"id":4243,"length":64.4088,"mcpPosition":[74.9009,350.732,32.296],"pipPosition":[73.0331,316.157,4.08084],"stabilizedTipPosition":[65.6902,267.631,62.3121],"timeVisible":0.533093,"tipPosition":[71.2023,274.44,3.30518],"tipVelocity":[49.7767,-10.3186,-197.748],"tool":false,"touchDistance":-0.544559,"touchZone":"hovering","type":3,"width":18.0715},{"bases":[[[0.966309,-0.256278,0.0238311],[0.195329,0.790479,0.580508],[-0.167609,-0.556296,0.813905]],[[0.939307,-0.321009,0.121061],[0.298934,0.59265,-0.747933],[0.168346,0.738728,0.652641]],[[0.939307,-0.321009,0.121061],[0.152601,0.0748894,-0.985446],[0.307271,0.944111,0.11933]],[[0.939307,-0.321009,0.121061],[0.0724492,-0.159312,-0.984566],[0.335341,0.933581,-0.126386]]],"btipPosition":[77.6893,285.504,13.0744],"carpPosition":[85.7106,313.917,83.4797],"dipPosition":[83.4678,301.591,10.8966],"direction":[-0.30727,-0.944111,-0.11933],"extended":false,"handId":424,"id":4244,"length":50.4953,"mcpPosition":[95.4265,346.164,36.2997],"pipPosition":[89.4758,320.051,13.2299],"stabilizedTipPosition":[75.1045,283.351,69.2104],"timeVisible":0.533093,"tipPosition":[79.2407,289.352,11.3338],"tipVelocity":[50.4889,-19.1748,-192.205],"tool":false,"touchDistance":-0.522009,"touchZone":"touching","type":4,"width":16.0525}],"r":[[0.965064,0.0928097,0.245027],[-0.0761774,0.994153,-0.076526],[-0.250697,0.0551869,0.966491]],"s":1.11736,"t":[-11.9834,92.0439,-134.507],"timestamp":521507177571},false],[1,{"currentFrameRate":101.238,"devices":[],"gestures":[],"hands":[{"armBasis":[[0.873837,0.392873,-0.286462],[-0.166214,0.795038,0.583341],[0.456927,-0.462131,0.760034]],"armWidth":63.7005,"confidence":0.359921,"direction":[-0.105212,0.613827,-0.782398],"elbow":[195.532,178.977,292.93],"grabStrength":0.0922012,"id":424,"palmNormal":[0.161243,-0.765824,-0.622506],"palmPosition":[59.7382,332.083,42.7186],"palmVelocity":[55.7684,-24.941,-177.933],"palmWidth":90.9622,"pinchStrength":0.712228,"r":[[0.964409,0.0907412,0.248357],[-0.0740828,0.99438,-0.075637],[-0.253825,0.054546,0.965711]],"s":1.11727,"sphereCenter":[73.1029,304.728,-1.73591],"sphereRadius":48.1643,"stabilizedPalmPosition":[56.9315,321.691,113.546],"t":[-11.4167,91.8086,-136.105],"timeVisible":0.542321,"type":"right","wrist":[72.1994,303.714,87.7839]}],"id":4116970,"interactionBox":{"center":[0,200,0],"size":[235.247,235.247,147.751]},"pointables":[{"bases":[[[0.230119,0.881871,0.41152],[-0.820786,-0.0513073,0.568927],[0.522834,-0.46869,0.712021]],[[0.0172159,0.993284,0.114414],[-0.873753,-0.0406834,0.484666],[0.486066,-0.108314,0.867184]],[[0.0172159,0.993284,0.114414],[-0.995643,0.00654172,0.0930226],[0.0916494,-0.115517,0.989068]],[[0.0172159,0.993284,0.114414],[-0.593505,0.102242,-0.798309],[-0.804646,-0.0541618,0.59128]]],"btipPosition":[37.7802,298.494,-7.606],"carpPosition":[46.334,287.884,83.215],"dipPosition":[18.9543,297.227,6.22785],"direction":[-0.0916494,0.115517,-0.989068],"extended":false,"handId":424,"id":4240,"length":52.1005,"mcpPosition":[46.334,287.884,83.215],"pipPosition":[22.0782,293.289,39.9404],"stabilizedTipPosition":[23.957,292.086,67.2432],"timeVisible":0.542321,"tipPosition":[32.7035,298.442,-4.62353],"tipVelocity":[70.3049,-6.59133,-194.485],"tool":false,"touchDistance":-0.572801,"touchZone":"touching","type":0,"width":20.2438},{"bases":[[[0.949695,0.291993,-0.113226],[-0.199285,0.842341,0.500747],[0.24159,-0.452993,0.858156]],[[0.966413,0.253554,-0.0419109],[-0.25034,0.965658,0.0695324],[0.0581018,-0.056705,0.996699]],[[0.966413,0.253554,-0.0419109],[-0.255469,0.965557,-0.0493537],[0.0279535,0.058403,0.997902]],[[0.966413,0.253554,-0.0419109],[-0.256896,0.957622,-0.13025],[0.00710936,0.136642,0.990595]]],"btipPosition":[28.9082,342.972,-59.7923],"carpPosition":[49.9687,310.965,87.1622],"dipPosition":[29.0296,345.306,-42.8725],"direction":[-0.0279535,-0.058403,-0.997902],"extended":true,"handId":424,"id":4241,"length":58.7895,"mcpPosition":[32.2005,344.282,24.0473],"pipPosition":[29.7051,346.717,-18.7602],"stabilizedTipPosition":[17.3424,334.73,15.9126],"timeVisible":0.542321,"tipPosition":[29.2335,342.357,-55.8156],"tipVelocity":[89.4887,10.005,-185.506],"tool":false,"touchDistance":-0.590822,"touchZone":"hovering","type":1,"width":19.3369},{"bases":[[[0.993568,0.0802021,-0.0799403],[-0.0305065,0.869429,0.493115],[0.109051,-0.487505,0.866283]],[[0.994423,0.0762276,-0.0728798],[-0.105128,0.661616,-0.742436],[-0.00837568,0.745958,0.665941]],[[0.994423,0.0762276,-0.0728798],[-0.0837533,0.150858,-0.985001],[-0.0640898,0.985612,0.156401]],[[0.994423,0.0762276,-0.0728798],[-0.0647414,-0.104272,-0.992439],[-0.0832506,0.991623,-0.098755]]],"btipPosition":[57.2354,267.631,-8.96986],"carpPosition":[61.0519,316.221,86.1302],"dipPosition":[55.6714,286.26,-10.8251],"direction":[0.0640898,-0.985612,-0.156401],"extended":false,"handId":424,"id":4242,"length":66.986,"mcpPosition":[53.4459,350.223,25.7098],"pipPosition":[53.8495,314.279,-6.37897],"stabilizedTipPosition":[49.1887,266.783,50.6616],"timeVisible":0.542321,"tipPosition":[56.8716,271.799,-9.65959],"tipVelocity":[52.8932,11.9544,-232.205],"tool":false,"touchDistance":-0.553064,"touchZone":"touching","type":2,"width":18.9914},{"bases":[[[0.99824,-0.0581834,0.0114677],[0.0440493,0.856954,0.513507],[-0.0397049,-0.512099,0.858008]],[[0.998913,-0.0456385,-0.00952517],[0.0210713,0.624196,-0.780983],[0.0415885,0.779933,0.624479]],[[0.998913,-0.0456385,-0.00952517],[-0.00588212,0.0793032,-0.996833],[0.0462494,0.995805,0.0789485]],[[0.998913,-0.0456385,-0.00952517],[-0.0173133,-0.173431,-0.984694],[0.043288,0.983788,-0.174033]]],"btipPosition":[71.6168,269.662,4.32873],"carpPosition":[73.0774,318.384,84.8867],"dipPosition":[72.4254,288.038,1.07809],"direction":[-0.0462494,-0.995805,-0.0789485],"extended":false,"handId":424,"id":4243,"length":64.4088,"mcpPosition":[75.5638,350.452,31.1574],"pipPosition":[73.7062,315.615,3.26446],"stabilizedTipPosition":[65.6915,267.633,62.2996],"timeVisible":0.542321,"tipPosition":[71.8102,274.032,2.89053],"tipVelocity":[54.1879,-23.6997,-144.08],"tool":false,"touchDistance":-0.519321,"touchZone":"hovering","type":3,"width":18.0715},{"bases":[[[0.965843,-0.257851,0.0256907],[0.195094,0.78884,0.582812],[-0.170544,-0.557893,0.812201]],[[0.938469,-0.322805,0.12277],[0.301963,0.594418,-0.74531],[0.167613,0.736522,0.655318]],[[0.938469,-0.322805,0.12277],[0.15523,0.0767104,-0.984896],[0.308511,0.943352,0.122099]],[[0.938469,-0.322805,0.12277],[0.0745201,-0.157837,-0.984649],[0.337227,0.933212,-0.12407]]],"btipPosition":[78.304,285.282,11.7886],"carpPosition":[86.186,313.503,82.2838],"dipPosition":[84.1149,301.362,9.65072],"direction":[-0.308511,-0.943352,-0.122099],"extended":false,"handId":424,"id":4244,"length":50.4953,"mcpPosition":[96.072,345.842,35.2025],"pipPosition":[90.1472,319.808,12.0381],"stabilizedTipPosition":[75.1073,283.355,69.1744],"timeVisible":0.542321,"tipPosition":[79.8595,289.121,10.0864],"tipVelocity":[55.2362,-20.6106,-177.098],"tool":false,"touchDistance":-0.517291,"touchZone":"touching","type":4,"width":16.0525}],"r":[[0.964409,0.0907412,0.248357],[-0.0740828,0.99438,-0.075637],[-0.253825,0.054546,0.965711]],"s":1.11727,"t":[-11.4167,91.8086,-136.105],"timestamp":521507186799},false],[2,{"currentFrameRate":101.731,"devices":[],"gestures":[],"hands":[{"armBasis":[[0.87626,0.390162,-0.282741],[-0.166606,0.79594,0.581999],[0.452118,-0.462876,0.762453]],"armWidth":63.7005,"confidence":0.407102,"direction":[-0.10284,0.614315,-0.78233],"elbow":[194.582,178.542,292.736],"grabStrength":0.0914332,"id":424,"palmNormal":[0.161593,-0.765735,-0.622526],"palmPosition":[60.2143,331.885,41.8588],"palmVelocity":[55.182,-24.2128,-155.905],"palmWidth":90.9622,"pinchStrength":0.71247,"r":[[0.963792,0.0888249,0.251425],[-0.0721341,0.994582,-0.0748586],[-0.256712,0.0540119,0.964978]],"s":1.11748,"sphereCenter":[73.6014,304.536,-2.57049],"sphereRadius":48.1591,"stabilizedPalmPosition":[56.9323,321.693,113.529],"t":[-10.8953,91.5921,-137.333],"timeVisible":0.551203,"type":"right","wrist":[72.5474,303.48,86.9366]}],"id":4116971,"interactionBox":{"center":[0,200,0],"size":[235.247,235.247,147.751]},"pointables":[{"bases":[[[0.230346,0.881399,0.412404],[-0.822025,-0.0505628,0.567203],[0.520784,-0.469659,0.712885]],[[0.0181984,0.993209,0.114913],[-0.87489,-0.0398152,0.482682],[0.483979,-0.10932,0.868224]],[[0.0181984,0.993209,0.114913],[-0.99582,0.00771668,0.0910082],[0.0895034,-0.116089,0.989198]],[[0.0181984,0.993209,0.114913],[-0.59163,0.103348,-0.799558],[-0.806005,-0.0534353,0.589492]]],"btipPosition":[38.3274,298.347,-8.5286],"carpPosition":[46.6722,287.684,82.3069],"dipPosition":[19.4698,297.096,5.26343],"direction":[-0.0895034,0.116089,-0.989198],"extended":false,"handId":424,"id":4240,"length":52.1005,"mcpPosition":[46.6722,287.684,82.3069],"pipPosition":[22.5205,293.139,38.9804],"stabilizedTipPosition":[23.9676,292.092,67.1664],"timeVisible":0.551203,"tipPosition":[33.2506,298.296,-5.55367],"tipVelocity":[67.7212,-9.18072,-170.176],"tool":false,"touchDistance":-0.557837,"touchZone":"touching","type":0,"width":20.2438},{"bases":[[[0.950284,0.290881,-0.111125],[-0.199289,0.842354,0.500723],[0.239257,-0.453684,0.858445]],[[0.966748,0.252564,-0.0401134],[-0.249432,0.965864,0.0699269],[0.0564051,-0.0575962,0.996745]],[[0.966748,0.252564,-0.0401134],[-0.254377,0.965844,-0.0493778],[0.0262722,0.0579398,0.997974]],[[0.966748,0.252564,-0.0401134],[-0.255672,0.957905,-0.130574],[0.00544655,0.136488,0.990627]]],"btipPosition":[29.5799,342.869,-60.7077],"carpPosition":[50.327,310.759,86.2723],"dipPosition":[29.673,345.2,-43.7874],"direction":[-0.0262722,-0.0579398,-0.997974],"extended":true,"handId":424,"id":4241,"length":58.7895,"mcpPosition":[32.7303,344.126,23.1362],"pipPosition":[30.3078,346.6,-19.6733],"stabilizedTipPosition":[17.3585,334.742,15.8173],"timeVisible":0.551203,"tipPosition":[29.901,342.277,-56.7339],"tipVelocity":[85.5257,4.11351,-163.117],"tool":false,"touchDistance":-0.573803,"touchZone":"hovering","type":1,"width":19.3369},{"bases":[[[0.993829,0.0790206,-0.0778462],[-0.0304623,0.869239,0.493453],[0.10666,-0.488037,0.866282]],[[0.994674,0.074998,-0.0707082],[-0.102692,0.66199,-0.742444],[-0.00887379,0.745751,0.666166]],[[0.994674,0.074998,-0.0707082],[-0.0812673,0.148649,-0.985545],[-0.0634032,0.986042,0.153952]],[[0.994674,0.074998,-0.0707082],[-0.0624156,-0.107673,-0.992225],[-0.0820283,0.991354,-0.102418]]],"btipPosition":[57.7505,267.452,-9.70665],"carpPosition":[61.4187,316.002,85.2657],"dipPosition":[56.2095,286.075,-11.6307],"direction":[0.0634032,-0.986042,-0.153952],"extended":false,"handId":424,"id":4242,"length":66.986,"mcpPosition":[53.9795,350.041,24.8454],"pipPosition":[54.4071,314.106,-7.25419],"stabilizedTipPosition":[49.1932,266.785,50.6284],"timeVisible":0.551203,"tipPosition":[57.3886,271.63,-10.4515],"tipVelocity":[54.4407,3.18956,-192.164],"tool":false,"touchDistance":-0.53738,"touchZone":"touching","type":2,"width":18.9914},{"bases":[[[0.998142,-0.0594126,0.0135071],[0.0440358,0.856663,0.513994],[-0.0421088,-0.512445,0.857687]],[[0.998869,-0.0470028,-0.0072383],[0.02365,0.622998,-0.781866],[0.0412593,0.78081,0.623404]],[[0.998869,-0.0470028,-0.0072383],[-0.00374587,0.0739699,-0.997253],[0.0474091,0.996152,0.0737101]],[[0.998869,-0.0470028,-0.0072383],[-0.0155981,-0.180017,-0.98354],[0.0449261,0.98254,-0.180547]]],"btipPosition":[72.0914,269.425,3.82497],"carpPosition":[73.4494,318.15,84.048],"dipPosition":[72.9305,287.777,0.452666],"direction":[-0.0474091,-0.996152,-0.0737101],"extended":false,"handId":424,"id":4243,"length":64.4088,"mcpPosition":[76.0863,350.24,30.3389],"pipPosition":[74.2434,315.364,2.49396],"stabilizedTipPosition":[65.6934,267.634,62.2827],"timeVisible":0.551203,"tipPosition":[72.2939,273.795,2.31016],"tipVelocity":[54.1966,-24.6817,-121.214],"tool":false,"touchDistance":-0.503698,"touchZone":"touching","type":3,"width":18.0715},{"bases":[[[0.965471,-0.259046,0.0275707],[0.194853,0.788332,0.58358],[-0.172909,-0.558057,0.811588]],[[0.937857,-0.323938,0.12445],[0.304061,0.594253,-0.744587],[0.167245,0.736157,0.655822]],[[0.937857,-0.323938,0.12445],[0.156439,0.0745526,-0.98487],[0.309759,0.943136,0.120596]],[[0.937857,-0.323938,0.12445],[0.0750665,-0.160754,-0.984136],[0.338805,0.932321,-0.126447]]],"btipPosition":[78.7738,285.075,11.063],"carpPosition":[86.5574,313.254,81.47],"dipPosition":[84.612,301.141,8.88409],"direction":[-0.309759,-0.943136,-0.120596],"extended":false,"handId":424,"id":4244,"length":50.4953,"mcpPosition":[96.5805,345.604,34.4243],"pipPosition":[90.6686,319.582,11.2421],"stabilizedTipPosition":[75.1104,283.358,69.1388],"timeVisible":0.551203,"tipPosition":[80.3335,288.907,9.36643],"tipVelocity":[54.7936,-21.4299,-151.484],"tool":false,"touchDistance":-0.504921,"touchZone":"touching","type":4,"width":16.0525}],"r":[[0.963792,0.0888249,0.251425],[-0.0721341,0.994582,-0.0748586],[-0.256712,0.0540119,0.964978]],"s":1.11748,"t":[-10.8953,91.5921,-137.333],"timestamp":521507195681},false],[3,{"currentFrameRate":102.122,"devices":[],"gestures":[],"hands":[{"armBasis":[[0.881655,0.385141,-0.272672],[-0.168845,0.797036,0.579849],[0.440653,-0.465187,0.767741]],"armWidth":63.7005,"confidence":0.452476,"direction":[-0.101422,0.614192,-0.782612],"elbow":[191.78,177.746,293.446],"grabStrength":0.0911182,"id":424,"palmNormal":[0.163713,-0.76564,-0.622088],"palmPosition":[60.5944,331.7,41.11],"palmVelocity":[51.5536,-23.1684,-135.748],"palmWidth":90.9622,"pinchStrength":0.713157,"r":[[0.963152,0.0874454,0.254344],[-0.0706976,0.994728,-0.074277],[-0.259498,0.0535586,0.964257]],"s":1.11836,"sphereCenter":[74.0721,304.356,-3.26474],"sphereRadius":48.1652,"stabilizedPalmPosition":[56.9333,321.696,113.508],"t":[-10.4446,91.3915,-138.322],"timeVisible":0.560247,"type":"right","wrist":[72.8402,303.308,86.2193]}],"id":4116972,"interactionBox":{"center":[0,200,0],"size":[235.247,235.247,147.751]},"pointables":[{"bases":[[[0.228645,0.881603,0.412914],[-0.823362,-0.0511828,0.565204],[0.519419,-0.469208,0.714176]],[[0.0169412,0.993264,0.114626],[-0.876279,-0.0404595,0.480103],[0.481507,-0.108578,0.869691]],[[0.0169412,0.993264,0.114626],[-0.995987,0.00668863,0.0892438],[0.087876,-0.115678,0.989392]],[[0.0169412,0.993264,0.114626],[-0.590222,0.102471,-0.800711],[-0.807063,-0.0540896,0.587982]]],"btipPosition":[38.8477,298.118,-9.35251],"carpPosition":[46.9889,287.491,81.5274],"dipPosition":[19.9653,296.852,4.40419],"direction":[-0.087876,0.115678,-0.989392],"extended":false,"handId":424,"id":4240,"length":52.1005,"mcpPosition":[46.9889,287.491,81.5274],"pipPosition":[22.9605,292.909,38.1278],"stabilizedTipPosition":[23.9796,292.098,67.0834],"timeVisible":0.560247,"tipPosition":[33.7872,298.067,-6.37378],"tipVelocity":[64.736,-13.7391,-148.621],"tool":false,"touchDistance":-0.542867,"touchZone":"touching","type":0,"width":20.2438},{"bases":[[[0.950321,0.291626,-0.108828],[-0.201174,0.842223,0.50019],[0.237526,-0.453448,0.859049]],[[0.966591,0.253483,-0.0380586],[-0.250494,0.965623,0.06946],[0.0543572,-0.0576059,0.996858]],[[0.966591,0.253483,-0.0380586],[-0.255196,0.965585,-0.0501998],[0.024024,0.058235,0.998014]],[[0.966591,0.253483,-0.0380586],[-0.256306,0.95759,-0.131636],[0.00307713,0.136993,0.990567]]],"btipPosition":[30.1787,342.646,-61.5288],"carpPosition":[50.6157,310.569,85.5005],"dipPosition":[30.2312,344.986,-44.6095],"direction":[-0.024024,-0.058235,-0.998014],"extended":true,"handId":424,"id":4241,"length":58.7895,"mcpPosition":[33.1463,343.919,22.3199],"pipPosition":[30.8117,346.393,-20.4945],"stabilizedTipPosition":[17.3784,334.755,15.7031],"timeVisible":0.560247,"tipPosition":[30.493,342.083,-57.557],"tipVelocity":[79.915,-3.75306,-143.183],"tool":false,"touchDistance":-0.557076,"touchZone":"hovering","type":1,"width":19.3369},{"bases":[[[0.993952,0.0798028,-0.0754322],[-0.0323506,0.869241,0.493329],[0.104938,-0.487906,0.866566]],[[0.994799,0.0756999,-0.0681475],[-0.101248,0.661953,-0.742676],[-0.0111101,0.745713,0.666175]],[[0.994799,0.0756999,-0.0681475],[-0.0786188,0.145294,-0.98626],[-0.0647584,0.986488,0.15049]],[[0.994799,0.0756999,-0.0681475],[-0.0593829,-0.112542,-0.991871],[-0.082754,0.990759,-0.107462]]],"btipPosition":[58.3175,267.261,-10.2789],"carpPosition":[61.7057,315.82,84.5206],"dipPosition":[56.7629,285.874,-12.2977],"direction":[0.0647584,-0.986488,-0.15049],"extended":false,"handId":424,"id":4242,"length":66.986,"mcpPosition":[54.3866,349.85,24.0805],"pipPosition":[54.922,313.918,-8.01958],"stabilizedTipPosition":[49.1978,266.788,50.5956],"timeVisible":0.560247,"tipPosition":[57.9499,271.447,-11.0873],"tipVelocity":[56.6212,-3.5687,-157.29],"tool":false,"touchDistance":-0.520886,"touchZone":"touching","type":2,"width":18.9914},{"bases":[[[0.998153,-0.058622,0.0159391],[0.0421072,0.856725,0.514052],[-0.0437902,-0.512432,0.857611]],[[0.99891,-0.0464789,-0.00436078],[0.0252753,0.617005,-0.786554],[0.0392488,0.785586,0.617507]],[[0.99891,-0.0464789,-0.00436078],[-0.00180416,0.0549067,-0.99849],[0.0466481,0.997409,0.0547629]],[[0.99891,-0.0464789,-0.00436078],[-0.0136897,-0.202342,-0.979219],[0.0446307,0.978211,-0.202757]]],"btipPosition":[72.6013,269.085,4.31678],"carpPosition":[73.7376,317.978,83.332],"dipPosition":[73.4349,287.356,0.529621],"direction":[-0.0466481,-0.997409,-0.0547629],"extended":false,"handId":424,"id":4243,"length":64.4088,"mcpPosition":[76.4798,350.067,29.6277],"pipPosition":[74.7267,314.978,2.0462],"stabilizedTipPosition":[65.6981,267.638,62.2438],"timeVisible":0.560247,"tipPosition":[72.8063,273.497,2.44265],"tipVelocity":[54.7599,-28.8104,-75.7085],"tool":false,"touchDistance":-0.475716,"touchZone":"touching","type":3,"width":18.0715},{"bases":[[[0.965606,-0.258281,0.0299342],[0.192809,0.788517,0.584008],[-0.174442,-0.558151,0.811195]],[[0.93788,-0.323059,0.126549],[0.305156,0.59448,-0.743958],[0.165111,0.73636,0.656134]],[[0.93788,-0.323059,0.126549],[0.157688,0.0719952,-0.984861],[0.309057,0.943636,0.118465]],[[0.93788,-0.323059,0.126549],[0.0760618,-0.164424,-0.983453],[0.338521,0.931986,-0.129638]]],"btipPosition":[79.2551,284.908,10.4875],"carpPosition":[86.8557,313.093,80.7862],"dipPosition":[85.0883,300.967,8.25364],"direction":[-0.309057,-0.943636,-0.118465],"extended":false,"handId":424,"id":4244,"length":50.4953,"mcpPosition":[96.9677,345.447,33.7633],"pipPosition":[91.1312,319.418,10.57],"stabilizedTipPosition":[75.1142,283.362,69.0975],"timeVisible":0.560247,"tipPosition":[80.8103,288.732,8.79495],"tipVelocity":[54.3231,-20.6697,-127.646],"tool":false,"touchDistance":-0.491584,"touchZone":"touching","type":4,"width":16.0525}],"r":[[0.963152,0.0874454,0.254344],[-0.0706976,0.994728,-0.074277],[-0.259498,0.0535586,0.964257]],"s":1.11836,"t":[-10.4446,91.3915,-138.322],"timestamp":521507204725},false],[4,{"currentFrameRate":102.503,"devices":[],"gestures":[],"hands":[{"armBasis":[[0.883879,0.385091,-0.265447],[-0.173195,0.796678,0.579058],[0.434466,-0.465843,0.770863]],"armWidth":63.7005,"confidence":0.497429,"direction":[-0.100026,0.612015,-0.784495],"elbow":[190.375,177.683,292.659],"grabStrength":0.0908036,"id":424,"palmNormal":[0.168346,-0.766672,-0.619575],"palmPosition":[60.959,331.671,39.3631],"palmVelocity":[48.4774,-17.6828,-151.642],"palmWidth":90.9622,"pinchStrength":0.713356,"r":[[0.96238,0.0870072,0.257401],[-0.0700506,0.994769,-0.0743463],[-0.262523,0.0535183,0.96344]],"s":1.11958,"sphereCenter":[74.6491,304.26,-4.87128],"sphereRadius":48.1635,"stabilizedPalmPosition":[56.9346,321.699,113.486],"t":[-10.0369,91.2766,-139.69],"timeVisible":0.569276,"type":"right","wrist":[73.1046,303.422,84.5894]}],"id":4116973,"interactionBox":{"center":[0,200,0],"size":[235.247,235.247,147.751]},"pointables":[{"bases":[[[0.224515,0.883238,0.411685],[-0.825463,-0.0521441,0.562043],[0.517884,-0.466017,0.717373]],[[0.0135207,0.993612,0.112041],[-0.878345,-0.0417448,0.4762],[0.477835,-0.104849,0.87217]],[[0.0135207,0.993612,0.112041],[-0.9963,0.00387633,0.0858534],[0.0848706,-0.112787,0.989988]],[[0.0135207,0.993612,0.112041],[-0.587521,0.0985628,-0.803184],[-0.809096,-0.0549668,0.5851]]],"btipPosition":[39.5088,297.884,-11.1235],"carpPosition":[47.3168,287.521,79.833],"dipPosition":[20.5788,296.598,2.56574],"direction":[-0.0848706,0.112787,-0.989988],"extended":false,"handId":424,"id":4240,"length":52.1005,"mcpPosition":[47.3168,287.521,79.833],"pipPosition":[23.4717,292.753,36.3097],"stabilizedTipPosition":[23.9924,292.105,66.9972],"timeVisible":0.569276,"tipPosition":[34.4543,297.829,-8.15178],"tipVelocity":[66.739,-17.2362,-162.179],"tool":false,"touchDistance":-0.543712,"touchZone":"touching","type":0,"width":20.2438},{"bases":[[[0.949924,0.294045,-0.105749],[-0.205536,0.842855,0.497344],[0.235373,-0.450704,0.861084]],[[0.965954,0.256311,-0.0351766],[-0.253648,0.965021,0.0663176],[0.0509441,-0.0551372,0.997178]],[[0.965954,0.256311,-0.0351766],[-0.257924,0.964676,-0.053616],[0.0201917,0.0608635,0.997942]],[[0.965954,0.256311,-0.0351766],[-0.258712,0.956444,-0.135216],[-0.00101278,0.139713,0.990192]]],"btipPosition":[30.8932,342.278,-63.4199],"carpPosition":[50.8628,310.619,83.7645],"dipPosition":[30.8759,344.664,-46.5071],"direction":[-0.0201917,-0.0608635,-0.997942],"extended":true,"handId":424,"id":4241,"length":58.7895,"mcpPosition":[33.5519,343.767,20.4343],"pipPosition":[31.3638,346.135,-22.3938],"stabilizedTipPosition":[17.4003,334.768,15.5812],"timeVisible":0.569276,"tipPosition":[31.1978,341.755,-59.4485],"tipVelocity":[79.2117,-13.6205,-161.474],"tool":false,"touchDistance":-0.558091,"touchZone":"hovering","type":1,"width":19.3369},{"bases":[[[0.994017,0.082426,-0.0716665],[-0.0367633,0.870333,0.49109],[0.102852,-0.485517,0.868156]],[[0.994867,0.0782363,-0.0641777],[-0.099912,0.658927,-0.745542],[-0.0160401,0.748127,0.663361]],[[0.994867,0.0782363,-0.0641777],[-0.0743881,0.135484,-0.987983],[-0.0686011,0.987686,0.140609]],[[0.994867,0.0782363,-0.0641777],[-0.0540961,-0.124787,-0.990708],[-0.0855179,0.989094,-0.119914]]],"btipPosition":[59.0978,267.054,-11.4438],"carpPosition":[61.9418,315.899,82.8161],"dipPosition":[57.4912,285.636,-13.6966],"direction":[0.0686011,-0.987686,-0.140609],"extended":false,"handId":424,"id":4242,"length":66.986,"mcpPosition":[54.7682,349.762,22.2651],"pipPosition":[55.5411,313.713,-9.6994],"stabilizedTipPosition":[49.2034,266.79,50.559],"timeVisible":0.569276,"tipPosition":[58.71,271.265,-12.4171],"tipVelocity":[64.4608,-9.12043,-151.149],"tool":false,"touchDistance":-0.515412,"touchZone":"touching","type":2,"width":18.9914},{"bases":[[[0.998242,-0.0557657,0.0200557],[0.0376461,0.858077,0.51214],[-0.0457692,-0.510484,0.858668]],[[0.999036,-0.0439092,0.000132168],[0.027012,0.612207,-0.790236],[0.0346177,0.789478,0.612802]],[[0.999036,-0.0439092,0.000132168],[0.00203423,0.0432762,-0.999061],[0.0438623,0.998098,0.0433238]],[[0.999036,-0.0439092,0.000132168],[-0.00934057,-0.215459,-0.976468],[0.0429044,0.975525,-0.215661]]],"btipPosition":[73.2761,268.93,3.35673],"carpPosition":[73.9723,318.088,81.6703],"dipPosition":[74.0774,287.151,-0.671451],"direction":[-0.0438623,-0.998098,-0.0433238],"extended":false,"handId":424,"id":4243,"length":64.4088,"mcpPosition":[76.8384,350.055,27.8997],"pipPosition":[75.2921,314.792,0.528337],"stabilizedTipPosition":[65.7067,267.644,62.1774],"timeVisible":0.569276,"tipPosition":[73.4788,273.339,1.3573],"tipVelocity":[60.0337,-25.9563,-85.83],"tool":false,"touchDistance":-0.47171,"touchZone":"touching","type":3,"width":18.0715},{"bases":[[[0.966202,-0.255481,0.0344046],[0.188258,0.790464,0.58286],[-0.176105,-0.556684,0.811844]],[[0.938582,-0.319546,0.130208],[0.305231,0.592884,-0.745199],[0.160927,0.739174,0.654006]],[[0.938582,-0.319546,0.130208],[0.157553,0.0611529,-0.985615],[0.306986,0.945596,0.107742]],[[0.938582,-0.319546,0.130208],[0.0753499,-0.178441,-0.981061],[0.336728,0.930618,-0.143404]]],"btipPosition":[79.8291,284.849,9.37434],"carpPosition":[87.1141,313.233,79.1885],"dipPosition":[85.6315,300.885,6.90328],"direction":[-0.306986,-0.945596,-0.107742],"extended":false,"handId":424,"id":4244,"length":50.4953,"mcpPosition":[97.3225,345.503,32.128],"pipPosition":[91.6339,319.374,9.00994],"stabilizedTipPosition":[75.1189,283.366,69.0505],"timeVisible":0.569276,"tipPosition":[81.3816,288.668,7.5893],"tipVelocity":[56.6553,-16.9321,-128.11],"tool":false,"touchDistance":-0.488275,"touchZone":"touching","type":4,"width":16.0525}],"r":[[0.96238,0.0870072,0.257401],[-0.0700506,0.994769,-0.0743463],[-0.262523,0.0535183,0.96344]],"s":1.11958,"t":[-10.0369,91.2766,-139.69],"timestamp":521507213754},false],[5,{"currentFrameRate":102.883,"devices":[],"gestures":[],"hands":[{"armBasis":[[0.884356,0.386401,-0.261933],[-0.175013,0.794624,0.581328],[0.432764,-0.468259,0.770356]],"armWidth":63.7005,"confidence":0.535339,"direction":[-0.0979097,0.609962,-0.786358],"elbow":[190.21,177.063,291.466],"grabStrength":0.0904378,"id":424,"palmNormal":[0.170808,-0.76813,-0.61709],"palmPosition":[61.3807,331.581,38.1967],"palmVelocity":[48.0393,-15.5793,-145.607],"palmWidth":90.9622,"pinchStrength":0.711219,"r":[[0.961577,0.0869103,0.260415],[-0.0696113,0.994755,-0.0749488],[-0.265563,0.0539413,0.962583]],"s":1.12088,"sphereCenter":[75.1923,304.085,-5.89506],"sphereRadius":48.1491,"stabilizedPalmPosition":[56.9359,321.702,113.463],"t":[-9.62221,91.174,-140.957],"timeVisible":0.578272,"type":"right","wrist":[73.3998,303.454,83.533]}],"id":4116974,"interactionBox":{"center":[0,200,0],"size":[235.247,235.247,147.751]},"pointables":[{"bases":[[[0.222641,0.884421,0.410159],[-0.827219,-0.0512501,0.559537],[0.515887,-0.463868,0.7202]],[[0.0124648,0.993913,0.109464],[-0.880072,-0.0410633,0.473061],[0.474677,-0.102233,0.874203]],[[0.0124648,0.993913,0.109464],[-0.996521,0.00332605,0.0832752],[0.0824042,-0.110121,0.990496]],[[0.0124648,0.993913,0.109464],[-0.585867,0.0959732,-0.804704],[-0.810311,-0.0541009,0.583497]]],"btipPosition":[40.0995,297.646,-12.3032],"carpPosition":[47.6374,287.525,78.7346],"dipPosition":[21.1411,296.38,1.3486],"direction":[-0.0824042,0.110121,-0.990496],"extended":false,"handId":424,"id":4240,"length":52.1005,"mcpPosition":[47.6374,287.525,78.7346],"pipPosition":[23.9499,292.626,35.1098],"stabilizedTipPosition":[24.0065,292.111,66.9057],"timeVisible":0.578272,"tipPosition":[35.0599,297.592,-9.328],"tipVelocity":[66.2451,-19.6231,-153.92],"tool":false,"touchDistance":-0.535498,"touchZone":"touching","type":0,"width":20.2438},{"bases":[[[0.95007,0.294385,-0.103463],[-0.207655,0.843979,0.494549],[0.232909,-0.448371,0.86297]],[[0.965851,0.256985,-0.0330123],[-0.254589,0.964976,0.0632861],[0.0481196,-0.0527204,0.997449]],[[0.965851,0.256985,-0.0330123],[-0.258522,0.964336,-0.0567581],[0.0172489,0.0633542,0.997842]],[[0.965851,0.256985,-0.0330123],[-0.259066,0.955891,-0.138413],[-0.004014,0.142239,0.989824]]],"btipPosition":[31.6116,341.915,-64.7072],"carpPosition":[51.1562,310.635,82.6189],"dipPosition":[31.543,344.344,-47.8006],"direction":[-0.0172489,-0.0633542,-0.997842],"extended":true,"handId":424,"id":4241,"length":58.7895,"mcpPosition":[34.0265,343.611,19.15],"pipPosition":[31.9598,345.875,-23.6897],"stabilizedTipPosition":[17.4248,334.781,15.4497],"timeVisible":0.578272,"tipPosition":[31.9071,341.424,-60.7358],"tipVelocity":[79.0267,-20.6486,-156.472],"tool":false,"touchDistance":-0.549946,"touchZone":"hovering","type":1,"width":19.3369},{"bases":[[[0.994188,0.0828815,-0.0687041],[-0.0388813,0.87155,0.488763],[0.100389,-0.483252,0.869707]],[[0.995024,0.0786723,-0.0611319],[-0.0977769,0.653238,-0.750812],[-0.0191345,0.753054,0.65768]],[[0.995024,0.0786723,-0.0611319],[-0.0701325,0.117257,-0.990622],[-0.0707664,0.98998,0.122192]],[[0.995024,0.0786723,-0.0611319],[-0.049076,-0.146962,-0.987924],[-0.0867064,0.986008,-0.14237]]],"btipPosition":[59.7957,266.672,-11.4565],"carpPosition":[62.2348,315.92,81.6925],"dipPosition":[58.1668,285.196,-14.1311],"direction":[0.0707664,-0.98998,-0.122192],"extended":false,"handId":424,"id":4242,"length":66.986,"mcpPosition":[55.233,349.625,21.0333],"pipPosition":[56.1551,313.338,-10.6575],"stabilizedTipPosition":[49.2121,266.794,50.5059],"timeVisible":0.578272,"tipPosition":[59.3811,270.954,-12.7751],"tipVelocity":[67.9041,-18.6827,-113.008],"tool":false,"touchDistance":-0.49385,"touchZone":"touching","type":2,"width":18.9914},{"bases":[[[0.998208,-0.0550748,0.023381],[0.0354683,0.859395,0.510081],[-0.0481861,-0.508338,0.859808]],[[0.999052,-0.0433877,0.00363168],[0.0293501,0.609508,-0.792237],[0.0321598,0.791592,0.610203]],[[0.999052,-0.0433877,0.00363168],[0.00529024,0.0381731,-0.999257],[0.0432168,0.998329,0.0383664]],[[0.999052,-0.0433877,0.00363168],[-0.00605335,-0.221017,-0.975251],[0.0431166,0.974304,-0.22107]]],"btipPosition":[73.8464,268.743,2.54892],"carpPosition":[74.2675,318.113,80.5795],"dipPosition":[74.6517,286.941,-1.58029],"direction":[-0.0432168,-0.998329,-0.0383664],"extended":false,"handId":424,"id":4243,"length":64.4088,"mcpPosition":[77.285,349.946,26.7375],"pipPosition":[75.8485,314.589,-0.517787],"stabilizedTipPosition":[65.7203,267.653,62.0787],"timeVisible":0.578272,"tipPosition":[74.0538,273.138,0.538295],"tipVelocity":[60.9842,-24.6995,-87.6277],"tool":false,"touchDistance":-0.465338,"touchZone":"touching","type":3,"width":18.0715},{"bases":[[[0.966248,-0.254774,0.0381336],[0.185897,0.792057,0.581453],[-0.178343,-0.554739,0.812686]],[[0.938231,-0.318851,0.134377],[0.307497,0.590286,-0.746329],[0.158647,0.74155,0.651871]],[[0.938231,-0.318851,0.134377],[0.158165,0.0497991,-0.986156],[0.307745,0.946496,0.0971541]],[[0.938231,-0.318851,0.134377],[0.0746456,-0.192697,-0.978415],[0.337863,0.92801,-0.156994]]],"btipPosition":[80.3112,284.707,8.80565],"carpPosition":[87.4202,313.261,78.152],"dipPosition":[86.1331,300.698,6.10041],"direction":[-0.307745,-0.946496,-0.0971541],"extended":false,"handId":424,"id":4244,"length":50.4953,"mcpPosition":[97.7583,345.418,31.0426],"pipPosition":[92.1504,319.205,8.00005],"stabilizedTipPosition":[75.125,283.371,68.9938],"timeVisible":0.578272,"tipPosition":[81.8754,288.507,6.94337],"tipVelocity":[55.9512,-16.9266,-111.941],"tool":false,"touchDistance":-0.477119,"touchZone":"touching","type":4,"width":16.0525}],"r":[[0.961577,0.0869103,0.260415],[-0.0696113,0.994755,-0.0749488],[-0.265563,0.0539413,0.962583]],"s":1.12088,"t":[-9.62221,91.174,-140.957],"timestamp":521507222750},false],[6,{"currentFrameRate":103.171,"devices":[],"gestures":[],"hands":[{"armBasis":[[0.885697,0.385496,-0.258716],[-0.177269,0.795845,0.57897],[0.429089,-0.466929,0.773214]],"armWidth":63.7005,"confidence":0.570559,"direction":[-0.0960402,0.607015,-0.788866],"elbow":[189.495,177.5,290.974],"grabStrength":0.0900622,"id":424,"palmNormal":[0.173265,-0.770235,-0.613773],"palmPosition":[61.7711,331.484,36.7961],"palmVelocity":[46.5454,-14.2033,-147.696],"palmWidth":90.9622,"pinchStrength":0.708182,"r":[[0.960757,0.0871785,0.263335],[-0.0693716,0.994677,-0.0761965],[-0.268576,0.0549384,0.961691]],"s":1.12207,"sphereCenter":[75.7004,303.864,-7.12171],"sphereRadius":48.1266,"stabilizedPalmPosition":[56.9373,321.705,113.44],"t":[-9.21967,91.0741,-142.291],"timeVisible":0.58742,"type":"right","wrist":[73.6768,303.532,82.2703]}],"id":4116975,"interactionBox":{"center":[0,200,0],"size":[235.247,235.247,147.751]},"pointables":[{"bases":[[[0.220709,0.886088,0.407597],[-0.82885,-0.0498782,0.557244],[0.514097,-0.460825,0.723425]],[[0.0112065,0.994338,0.105671],[-0.881683,-0.0400263,0.470142],[0.47171,-0.0984368,0.876242]],[[0.0112065,0.994338,0.105671],[-0.996673,0.00257556,0.0814632],[0.0807298,-0.106232,0.991059]],[[0.0112065,0.994338,0.105671],[-0.584886,0.092232,-0.805854],[-0.811038,-0.0527745,0.582608]]],"btipPosition":[40.6258,297.332,-13.6849],"carpPosition":[47.9415,287.564,77.453],"dipPosition":[21.6504,296.097,-0.0539573],"direction":[-0.0807298,0.106232,-0.991059],"extended":false,"handId":424,"id":4240,"length":52.1005,"mcpPosition":[47.9415,287.564,77.453],"pipPosition":[24.4021,292.476,33.7265],"stabilizedTipPosition":[24.022,292.117,66.8079],"timeVisible":0.58742,"tipPosition":[35.619,297.283,-10.6981],"tipVelocity":[63.6984,-23.4816,-153.265],"tool":false,"touchDistance":-0.53108,"touchZone":"touching","type":0,"width":20.2438},{"bases":[[[0.950141,0.294772,-0.101694],[-0.209806,0.845608,0.490845],[0.230681,-0.445036,0.865291]],[[0.965684,0.257818,-0.0313881],[-0.255694,0.964941,0.0592364],[0.0455599,-0.0491779,0.99775]],[[0.965684,0.257818,-0.0313881],[-0.259314,0.96387,-0.0609161],[0.0145488,0.066965,0.997649]],[[0.965684,0.257818,-0.0313881],[-0.259633,0.955118,-0.142617],[-0.00678983,0.145872,0.98928]]],"btipPosition":[32.2721,341.425,-66.2323],"carpPosition":[51.4303,310.691,81.2636],"dipPosition":[32.1561,343.916,-49.335],"direction":[-0.0145488,-0.066965,-0.997649],"extended":true,"handId":424,"id":4241,"length":58.7895,"mcpPosition":[34.4645,343.422,17.6239],"pipPosition":[32.5077,345.534,-25.2288],"stabilizedTipPosition":[17.4519,334.794,15.3072],"timeVisible":0.58742,"tipPosition":[32.5607,340.972,-62.2608],"tipVelocity":[76.7964,-29.3863,-159.389],"tool":false,"touchDistance":-0.546193,"touchZone":"hovering","type":1,"width":19.3369},{"bases":[[[0.994323,0.0834321,-0.0660321],[-0.0410373,0.873293,0.485465],[0.0981687,-0.479999,0.871759]],[[0.995127,0.0793223,-0.0585712],[-0.0960719,0.646253,-0.757051],[-0.0221993,0.758989,0.650725]],[[0.995127,0.0793223,-0.0585712],[-0.0660574,0.0952997,-0.993254],[-0.0732054,0.992283,0.100075]],[[0.995127,0.0793223,-0.0585712],[-0.0440758,-0.173518,-0.983844],[-0.0882039,0.981631,-0.169176]]],"btipPosition":[60.4683,266.238,-11.4737],"carpPosition":[62.5074,315.982,80.351],"dipPosition":[58.8112,284.679,-14.6519],"direction":[0.0732054,-0.992283,-0.100075],"extended":false,"handId":424,"id":4242,"length":66.986,"mcpPosition":[55.6605,349.46,19.5487],"pipPosition":[56.7302,312.888,-11.807],"stabilizedTipPosition":[49.2294,266.8,50.4061],"timeVisible":0.58742,"tipPosition":[60.0268,270.573,-13.1519],"tipVelocity":[69.2714,-27.2688,-85.5939],"tool":false,"touchDistance":-0.474793,"touchZone":"touching","type":2,"width":18.9914},{"bases":[[[0.998177,-0.0541846,0.0265669],[0.0332578,0.861275,0.507049],[-0.0503556,-0.505241,0.861508]],[[0.999068,-0.0426226,0.00686924],[0.0313954,0.608056,-0.793273],[0.0296345,0.792749,0.608827]],[[0.999068,-0.0426226,0.00686924],[0.00834748,0.0346015,-0.999366],[0.0423579,0.998492,0.034925]],[[0.999068,-0.0426226,0.00686924],[-0.00292276,-0.225521,-0.974234],[0.0430735,0.973306,-0.225435]]],"btipPosition":[74.3937,268.579,1.36729],"carpPosition":[74.5417,318.181,79.266],"dipPosition":[75.1983,286.759,-2.84346],"direction":[-0.0423579,-0.998492,-0.034925],"extended":false,"handId":424,"id":4243,"length":64.4088,"mcpPosition":[77.695,349.82,25.3176],"pipPosition":[76.3713,314.411,-1.87626],"stabilizedTipPosition":[65.7383,267.663,61.9532],"timeVisible":0.58742,"tipPosition":[74.6029,272.939,-0.603694],"tipVelocity":[60.6592,-22.9415,-99.7633],"tool":false,"touchDistance":-0.465143,"touchZone":"touching","type":3,"width":18.0715},{"bases":[[[0.966332,-0.253854,0.0419517],[0.183526,0.79432,0.579115],[-0.180334,-0.551918,0.814166]],[[0.937863,-0.31798,0.138928],[0.309948,0.587619,-0.74742],[0.156027,0.744039,0.649663]],[[0.937863,-0.31798,0.138928],[0.159877,0.0406229,-0.986301],[0.30798,0.947227,0.0889362]],[[0.937863,-0.31798,0.138928],[0.0754109,-0.204028,-0.976056],[0.338711,0.925884,-0.167371]]],"btipPosition":[80.7852,284.548,7.88096],"carpPosition":[87.7054,313.33,76.8955],"dipPosition":[86.6218,300.502,4.99689],"direction":[-0.30798,-0.947227,-0.0889362],"extended":false,"handId":424,"id":4244,"length":50.4953,"mcpPosition":[98.159,345.323,29.7004],"pipPositio