{"sensorType":"Leap","data":[[0,{"currentFrameRate":106.124,"devices":[],"gestures":[],"hands":[{"armBasis":[[0.854201,0.435706,-0.283728],[-0.185401,0.765061,0.616691],[0.485765,-0.474174,0.734296]],"armWidth":63.7005,"confidence":0.70804,"direction":[-0.179615,0.545608,-0.818566],"elbow":[190.63,175.188,287.285],"grabStrength":0,"id":425,"palmNormal":[0.1954,-0.795731,-0.573263],"palmPosition":[43.3135,327.189,42.6974],"palmVelocity":[62.2281,43.402,-171.54],"palmWidth":90.9622,"pinchStrength":0.472735,"r":[[0.952763,-0.288378,0.0952889],[0.289843,0.957073,-0.00160444],[-0.0907357,0.0291475,0.995448]],"s":0.879773,"sphereCenter":[57.0005,300.944,1.19055],"sphereRadius":49.4985,"stabilizedPalmPosition":[42.2725,302.722,106.077],"t":[-16.4577,97.9429,-143.202],"timeVisible":0.433777,"type":"right","wrist":[59.513,303.176,89.0855]}],"id":4117405,"interactionBox":{"center":[0,200,0],"size":[235.247,235.247,147.751]},"pointables":[{"bases":[[[0.178146,0.923985,0.338401],[-0.793219,-0.0686612,0.605053],[0.582295,-0.376213,0.720691]],[[-0.0259252,0.99653,0.0790981],[-0.845448,-0.0640786,0.5302],[0.533429,-0.0531277,0.844175]],[[-0.0259252,0.99653,0.0790981],[-0.973966,-0.043005,0.222577],[0.225206,-0.0712685,0.971701]],[[-0.0259252,0.99653,0.0790981],[-0.793302,0.0276368,-0.6082],[-0.608276,-0.0785164,0.789833]]],"btipPosition":[14.6958,292.142,-6.99486],"carpPosition":[34.7599,285.225,86.7314],"dipPosition":[0.464355,290.305,11.4844],"direction":[-0.225206,0.0712685,-0.971701],"extended":false,"handId":425,"id":4250,"length":52.1005,"mcpPosition":[34.7599,285.225,86.7314],"pipPosition":[8.14056,287.876,44.605],"stabilizedTipPosition":[0.877617,272.819,72.6121],"timeVisible":0.433777,"tipPosition":[10.4796,292.936,-2.32821],"tipVelocity":[99.4063,26.9744,-187.115],"tool":false,"touchDistance":-0.572953,"touchZone":"hovering","type":0,"width":20.2438},{"bases":[[[0.920291,0.350791,-0.173236],[-0.243518,0.860166,0.448122],[0.306209,-0.370217,0.877027]],[[0.956752,0.288848,-0.0345236],[-0.278479,0.943731,0.178386],[0.0841075,-0.161058,0.983355]],[[0.956752,0.288848,-0.0345236],[-0.288346,0.957341,0.0188164],[0.0384859,-0.00804792,0.999227]],[[0.956752,0.288848,-0.0345236],[-0.290866,0.951763,-0.0976889],[0.00464109,0.103506,0.994618]]],"btipPosition":[9.6503,341.308,-58.982],"carpPosition":[36.7927,308.736,88.888],"dipPosition":[9.72957,343.076,-41.9935],"direction":[-0.0384859,0.00804792,-0.999227],"extended":true,"handId":425,"id":4251,"length":58.7895,"mcpPosition":[14.2719,335.964,24.3852],"pipPosition":[10.6595,342.881,-17.8492],"stabilizedTipPosition":[-5.2803,321.608,15.2601],"timeVisible":0.433777,"tipPosition":[9.61335,341.981,-54.9836],"tipVelocity":[113.541,33.4929,-192.864],"tool":false,"touchDistance":-0.588677,"touchZone":"hovering","type":1,"width":19.3369},{"bases":[[[0.981139,0.145736,-0.126993],[-0.077644,0.898751,0.431529],[0.177025,-0.41353,0.893115]],[[0.983454,0.140102,-0.114842],[-0.175996,0.588689,-0.788968],[-0.0429298,0.796126,0.603606]],[[0.983454,0.140102,-0.114842],[-0.0213123,-0.54006,-0.841356],[-0.179898,0.829883,-0.528139]],[[0.983454,0.140102,-0.114842],[0.0741342,-0.889682,-0.450522],[-0.165292,0.434554,-0.885348]]],"btipPosition":[45.3455,273.414,27.2937],"carpPosition":[47.4044,314.689,87.0246],"dipPosition":[42.2402,281.578,10.6613],"direction":[0.179898,-0.829883,0.528139],"extended":false,"handId":425,"id":4252,"length":66.986,"mcpPosition":[35.0575,343.532,24.7327],"pipPosition":[37.1261,305.17,-4.35243],"stabilizedTipPosition":[43.7746,254.054,78.5372],"timeVisible":0.433777,"tipPosition":[44.6334,275.175,23.3509],"tipVelocity":[48.3209,36.8448,-161.951],"tool":false,"touchDistance":0.333333,"touchZone":"none","type":2,"width":18.9914},{"bases":[[[0.999538,0.0151244,-0.0263462],[-0.00166487,0.893226,0.449604],[0.0303331,-0.449353,0.892839]],[[0.998364,0.0271799,-0.0503012],[-0.0568917,0.559696,-0.826743],[0.00568258,0.828252,0.560326]],[[0.998364,0.0271799,-0.0503012],[-0.0249793,-0.584022,-0.811354],[-0.0514295,0.811283,-0.582387]],[[0.998364,0.0271799,-0.0503012],[0.00366032,-0.908359,-0.418176],[-0.0570575,0.417308,-0.906972]]],"btipPosition":[59.5166,278.501,37.2597],"carpPosition":[59.1799,317.618,85.1285],"dipPosition":[58.4509,286.295,20.319],"direction":[0.0514295,-0.811283,0.582387],"extended":false,"handId":425,"id":4253,"length":64.4088,"mcpPosition":[57.2804,345.757,29.2182],"pipPosition":[57.0266,308.763,4.19065],"stabilizedTipPosition":[59.5635,258.826,88.9899],"timeVisible":0.433777,"tipPosition":[59.2594,280.069,33.4379],"tipVelocity":[46.7328,33.2703,-152.827],"tool":false,"touchDistance":0.333333,"touchZone":"none","type":3,"width":18.0715},{"bases":[[[0.982774,-0.184781,0.00324419],[0.156507,0.841473,0.517135],[-0.0982868,-0.50772,0.855898]],[[0.970911,-0.22714,0.0757604],[0.197772,0.582384,-0.78849],[0.134976,0.780536,0.610364]],[[0.970911,-0.22714,0.0757604],[-0.0594562,-0.535197,-0.842632],[0.231942,0.813616,-0.533134]],[[0.970911,-0.22714,0.0757604],[-0.165981,-0.866506,-0.470762],[0.172576,0.444493,-0.879001]]],"btipPosition":[65.9313,291.793,36.7094],"carpPosition":[72.5139,313.52,82.3282],"dipPosition":[68.905,299.452,21.5628],"direction":[-0.231942,-0.813616,0.533134],"extended":false,"handId":425,"id":4254,"length":50.4953,"mcpPosition":[78.2113,342.951,32.7139],"pipPosition":[73.4402,315.361,11.1385],"stabilizedTipPosition":[66.2085,270.238,94.6175],"timeVisible":0.433777,"tipPosition":[66.3783,293.827,33.2905],"tipVelocity":[65.8286,25.0484,-155.081],"tool":false,"touchDistance":0.333333,"touchZone":"none","type":4,"width":16.0525}],"r":[[0.952763,-0.288378,0.0952889],[0.289843,0.957073,-0.00160444],[-0.0907357,0.0291475,0.995448]],"s":0.879773,"t":[-16.4577,97.9429,-143.202],"timestamp":521511682005},false],[1,{"currentFrameRate":106.286,"devices":[],"gestures":[],"hands":[{"armBasis":[[0.859517,0.429868,-0.276487],[-0.186312,0.76725,0.61369],[0.47594,-0.475964,0.739554]],"armWidth":63.7005,"confidence":0.724494,"direction":[-0.172282,0.544089,-0.821149],"elbow":[188.478,174.872,287.425],"grabStrength":0,"id":425,"palmNormal":[0.195971,-0.798019,-0.569878],"palmPosition":[44.2025,327.294,41.2519],"palmVelocity":[72.0345,34.5532,-167.967],"palmWidth":90.9622,"pinchStrength":0.475757,"r":[[0.951127,-0.291926,0.100682],[0.293664,0.955905,-0.00255962],[-0.0954953,0.0320012,0.994915]],"s":0.879,"sphereCenter":[58.1463,300.876,-0.0960823],"sphereRadius":49.5061,"stabilizedPalmPosition":[42.276,302.767,105.959],"t":[-15.7059,98.1375,-144.598],"timeVisible":0.442888,"type":"right","wrist":[60.013,303.343,87.8064]}],"id":4117406,"interactionBox":{"center":[0,200,0],"size":[235.247,235.247,147.751]},"pointables":[{"bases":[[[0.179557,0.924201,0.337064],[-0.797319,-0.0639769,0.600158],[0.576231,-0.37651,0.725395]],[[-0.022443,0.996821,0.0764454],[-0.850427,-0.0592361,0.522748],[0.525614,-0.0532792,0.849053]],[[-0.022443,0.996821,0.0764454],[-0.975476,-0.038581,0.216699],[0.21896,-0.0697072,0.973241]],[[-0.022443,0.996821,0.0764454],[-0.787173,0.0295196,-0.616025],[-0.616324,-0.0740012,0.784008]]],"btipPosition":[15.9333,292.248,-8.54374],"carpPosition":[35.2062,285.482,85.3421],"dipPosition":[1.5135,290.517,9.79927],"direction":[-0.21896,0.0697072,-0.973241],"extended":false,"handId":425,"id":4250,"length":52.1005,"mcpPosition":[35.2062,285.482,85.3421],"pipPosition":[8.97678,288.141,42.9724],"stabilizedTipPosition":[0.908716,272.869,72.4082],"timeVisible":0.442888,"tipPosition":[11.6744,292.989,-3.93032],"tipVelocity":[108.19,23.4443,-183.321],"tool":false,"touchDistance":-0.567695,"touchZone":"hovering","type":0,"width":20.2438},{"bases":[[[0.922726,0.346777,-0.168293],[-0.243041,0.862301,0.444262],[0.299179,-0.36903,0.879948]],[[0.957998,0.285246,-0.0295675],[-0.276159,0.945411,0.173013],[0.0773047,-0.15758,0.984476]],[[0.957998,0.285246,-0.0295675],[-0.284937,0.95844,0.0142779],[0.0324114,-0.00525333,0.999461]],[[0.957998,0.285246,-0.0295675],[-0.286774,0.952606,-0.101503],[-0.000787295,0.105719,0.994396]]],"btipPosition":[11.2224,341.221,-60.6859],"carpPosition":[37.3161,308.99,87.4489],"dipPosition":[11.209,343.026,-43.7013],"direction":[-0.0324114,0.00525333,-0.999461],"extended":true,"handId":425,"id":4251,"length":58.7895,"mcpPosition":[15.3123,336.131,22.7312],"pipPosition":[11.9921,342.899,-19.5513],"stabilizedTipPosition":[-5.18576,321.723,14.8473],"timeVisible":0.442888,"tipPosition":[11.1738,341.913,-56.6891],"tipVelocity":[129.264,21.8032,-191.27],"tool":false,"touchDistance":-0.583716,"touchZone":"hovering","type":1,"width":19.3369},{"bases":[[[0.982485,0.141615,-0.121115],[-0.0769166,0.900202,0.428625],[0.169728,-0.411802,0.895328]],[[0.984715,0.135967,-0.108852],[-0.168629,0.587864,-0.791189],[-0.0435854,0.797452,0.601806]],[[0.984715,0.135967,-0.108852],[-0.0181534,-0.541444,-0.840541],[-0.173222,0.82967,-0.5307]],[[0.984715,0.135967,-0.108852],[0.073441,-0.890831,-0.448361],[-0.15793,0.433513,-0.8872]]],"btipPosition":[46.1159,273.464,25.9466],"carpPosition":[47.9624,314.898,85.6374],"dipPosition":[43.149,281.608,9.27942],"direction":[0.173222,-0.82967,0.5307],"extended":false,"handId":425,"id":4252,"length":66.986,"mcpPosition":[36.1245,343.62,23.1913],"pipPosition":[38.2247,305.194,-5.80717],"stabilizedTipPosition":[43.7769,254.083,78.4598],"timeVisible":0.442888,"tipPosition":[45.4392,275.226,22.0221],"tipVelocity":[59.3443,28.0024,-158.284],"tool":false,"touchDistance":0.333333,"touchZone":"none","type":2,"width":18.9914},{"bases":[[[0.999737,0.0112049,-0.0200048],[-0.00107618,0.894434,0.447199],[0.0229038,-0.44706,0.894211]],[[0.998753,0.0232812,-0.0441608],[-0.049642,0.556686,-0.829239],[0.00527798,0.830397,0.557147]],[[0.998753,0.0232812,-0.0441608],[-0.0221055,-0.586903,-0.809355],[-0.0447609,0.809322,-0.585657]],[[0.998753,0.0232812,-0.0441608],[0.00284968,-0.909744,-0.41516],[-0.0498404,0.414517,-0.908676]]],"btipPosition":[60.2615,278.526,36.1184],"carpPosition":[59.761,317.777,83.8088],"dipPosition":[59.3306,286.268,19.1459],"direction":[0.0447609,-0.809322,0.585657],"extended":false,"handId":425,"id":4253,"length":64.4088,"mcpPosition":[58.3267,345.772,27.8125],"pipPosition":[58.091,308.681,2.92701],"stabilizedTipPosition":[59.5641,258.853,88.9193],"timeVisible":0.442888,"tipPosition":[60.031,280.093,32.2603],"tipVelocity":[57.395,24.4422,-145.402],"tool":false,"touchDistance":0.333333,"touchZone":"none","type":3,"width":18.0715},{"bases":[[[0.982012,-0.188554,0.0100113],[0.15646,0.842254,0.515877],[-0.105703,-0.50503,0.856604]],[[0.970531,-0.228024,0.0779346],[0.200096,0.582364,-0.787917],[0.134278,0.780293,0.610829]],[[0.970531,-0.228024,0.0779346],[-0.0578142,-0.534302,-0.843314],[0.233937,0.813957,-0.53174]],[[0.970531,-0.228024,0.0779346],[-0.165589,-0.866034,-0.471769],[0.175069,0.444962,-0.878271]]],"btipPosition":[66.8866,291.73,35.3885],"carpPosition":[73.0966,313.619,81.1045],"dipPosition":[69.9033,299.397,20.2545],"direction":[-0.233937,-0.813957,0.53174],"extended":false,"handId":425,"id":4254,"length":50.4953,"mcpPosition":[79.224,342.895,31.4493],"pipPosition":[74.4774,315.313,9.8575],"stabilizedTipPosition":[66.2104,270.271,94.5275],"timeVisible":0.442888,"tipPosition":[67.3038,293.771,32.0056],"tipVelocity":[76.9571,16.2459,-152.189],"tool":false,"touchDistance":0.333333,"touchZone":"none","type":4,"width":16.0525}],"r":[[0.951127,-0.291926,0.100682],[0.293664,0.955905,-0.00255962],[-0.0954953,0.0320012,0.994915]],"s":0.879,"t":[-15.7059,98.1375,-144.598],"timestamp":521511691116},false],[2,{"currentFrameRate":106.505,"devices":[],"gestures":[],"hands":[{"armBasis":[[0.865551,0.422429,-0.269026],[-0.188187,0.772134,0.606955],[0.46412,-0.474724,0.747817]],"armWidth":63.7005,"confidence":0.747375,"direction":[-0.167275,0.539669,-0.825092],"elbow":[185.867,175.638,288.296],"grabStrength":0,"id":425,"palmNormal":[0.197262,-0.801641,-0.564322],"palmPosition":[45.0535,327.486,39.6796],"palmVelocity":[78.2467,30.9321,-169.883],"palmWidth":90.9622,"pinchStrength":0.481533,"r":[[0.949577,-0.294979,0.10626],[0.297076,0.954845,-0.00411818],[-0.100247,0.0354778,0.99433]],"s":0.877846,"sphereCenter":[59.2459,300.804,-1.44846],"sphereRadius":49.4841,"stabilizedPalmPosition":[42.2814,302.815,105.83],"t":[-14.9046,98.3307,-146.082],"timeVisible":0.451875,"type":"right","wrist":[60.5928,303.775,86.4474]}],"id":4117407,"interactionBox":{"center":[0,200,0],"size":[235.247,235.247,147.751]},"pointables":[{"bases":[[[0.179628,0.925795,0.332621],[-0.800347,-0.0590664,0.59662],[0.571994,-0.373383,0.730348]],[[-0.0205142,0.99725,0.0712103],[-0.854867,-0.05443,0.515984],[0.518441,-0.0502903,0.853633]],[[-0.0205142,0.99725,0.0712103],[-0.976863,-0.0351585,0.210957],[0.21288,-0.0652351,0.974898]],[[-0.0205142,0.99725,0.0712103],[-0.778486,0.0287581,-0.627003],[-0.627327,-0.0682987,0.775755]]],"btipPosition":[17.3148,292.276,-10.0129],"carpPosition":[35.7651,285.945,83.9649],"dipPosition":[2.63762,290.678,8.13698],"direction":[-0.21288,0.0652351,-0.974898],"extended":false,"handId":425,"id":4250,"length":52.1005,"mcpPosition":[35.7651,285.945,83.9649],"pipPosition":[9.89368,288.454,41.3666],"stabilizedTipPosition":[0.952935,272.934,72.1427],"timeVisible":0.451875,"tipPosition":[12.9566,292.931,-5.48531],"tipVelocity":[118.872,18.7972,-179.235],"tool":false,"touchDistance":-0.561963,"touchZone":"hovering","type":0,"width":20.2438},{"bases":[[[0.924176,0.344117,-0.16578],[-0.2436,0.865285,0.43811],[0.294208,-0.364507,0.883502]],[[0.958612,0.283452,-0.0268166],[-0.275362,0.946937,0.165789],[0.0723869,-0.151543,0.985797]],[[0.958612,0.283452,-0.0268166],[-0.28335,0.958986,0.0075867],[0.0278673,0.000325801,0.999612]],[[0.958612,0.283452,-0.0268166],[-0.284674,0.952557,-0.107683],[-0.00497863,0.11086,0.993824]]],"btipPosition":[12.5729,340.877,-62.5],"carpPosition":[37.9083,309.461,85.9469],"dipPosition":[12.4878,342.77,-45.5251],"direction":[-0.0278673,-0.000325801,-0.999612],"extended":true,"handId":425,"id":4251,"length":58.7895,"mcpPosition":[16.2702,336.269,20.9678],"pipPosition":[13.1612,342.778,-21.3714],"stabilizedTipPosition":[-5.06685,321.854,14.355],"timeVisible":0.451875,"tipPosition":[12.5172,341.588,-58.5076],"tipVelocity":[134.522,5.94272,-194.24],"tool":false,"touchDistance":-0.580922,"touchZone":"hovering","type":1,"width":19.3369},{"bases":[[[0.983323,0.139121,-0.117134],[-0.0773318,0.902793,0.423067],[0.164605,-0.406953,0.898496]],[[0.985481,0.133547,-0.104845],[-0.163735,0.584131,-0.794973],[-0.0449231,0.800597,0.597517]],[[0.985481,0.133547,-0.104845],[-0.0152269,-0.545507,-0.837968],[-0.169102,0.827398,-0.535553]],[[0.985481,0.133547,-0.104845],[0.07385,-0.893194,-0.443566],[-0.152884,0.429383,-0.890088]]],"btipPosition":[46.9376,273.557,24.6405],"carpPosition":[48.5743,315.338,84.1534],"dipPosition":[44.0655,281.624,7.91912],"direction":[0.169102,-0.827398,0.535553],"extended":false,"handId":425,"id":4252,"length":66.986,"mcpPosition":[37.0937,343.722,21.4863],"pipPosition":[39.2583,305.145,-7.30543],"stabilizedTipPosition":[43.7806,254.115,78.3754],"timeVisible":0.451875,"tipPosition":[46.2844,275.306,20.727],"tipVelocity":[68.811,22.6169,-155.111],"tool":false,"touchDistance":0.333333,"touchZone":"none","type":2,"width":18.9914},{"bases":[[[0.999842,0.00926333,-0.0151929],[-0.00159349,0.896992,0.442043],[0.0177227,-0.441949,0.896865]],[[0.998976,0.0214138,-0.0398517],[-0.0450247,0.556552,-0.829592],[0.00441479,0.830537,0.556946]],[[0.998976,0.0214138,-0.0398517],[-0.0197433,-0.58622,-0.809911],[-0.0407052,0.809869,-0.585197]],[[0.998976,0.0214138,-0.0398517],[0.00297063,-0.910031,-0.414529],[-0.0451429,0.413986,-0.909163]]],"btipPosition":[61.0504,278.603,34.5146],"carpPosition":[60.387,318.185,82.3658],"dipPosition":[60.2072,286.335,17.533],"direction":[0.0407052,-0.809869,0.585198],"extended":false,"handId":425,"id":4253,"length":64.4088,"mcpPosition":[59.2772,345.86,26.2034],"pipPosition":[59.08,308.763,1.32682],"stabilizedTipPosition":[59.5658,258.881,88.8437],"timeVisible":0.451875,"tipPosition":[60.8396,280.204,30.7899],"tipVelocity":[66.3453,20.0175,-154.532],"tool":false,"touchDistance":0.333333,"touchZone":"none","type":3,"width":18.0715},{"bases":[[[0.9816,-0.190287,0.0158835],[0.15551,0.844921,0.511787],[-0.110807,-0.4999,0.858966]],[[0.970407,-0.227552,0.0808065],[0.201244,0.577162,-0.791445],[0.133457,0.784286,0.605875]],[[0.970407,-0.227552,0.0808065],[-0.0563406,-0.538764,-0.840571],[0.234809,0.811143,-0.535641]],[[0.970407,-0.227552,0.0808065],[-0.164558,-0.868084,-0.46835],[0.176721,0.441193,-0.87984]]],"btipPosition":[67.7972,291.78,34.1761],"carpPosition":[73.7279,313.988,79.7506],"dipPosition":[70.8424,299.383,19.0151],"direction":[-0.234809,-0.811143,0.535641],"extended":false,"handId":425,"id":4254,"length":50.4953,"mcpPosition":[80.1511,342.966,29.9585],"pipPosition":[75.4336,315.243,8.54178],"stabilizedTipPosition":[66.2144,270.312,94.4166],"timeVisible":0.451875,"tipPosition":[68.2034,293.817,30.7613],"tipVelocity":[83.8398,12.8614,-147.639],"tool":false,"touchDistance":0.333333,"touchZone":"none","type":4,"width":16.0525}],"r":[[0.949577,-0.294979,0.10626],[0.297076,0.954845,-0.00411818],[-0.100247,0.0354778,0.99433]],"s":0.877846,"t":[-14.9046,98.3307,-146.082],"timestamp":521511700103},false],[3,{"currentFrameRate":106.673,"devices":[],"gestures":[],"hands":[{"armBasis":[[0.870511,0.41555,-0.263683],[-0.188916,0.77688,0.60064],[0.454446,-0.47305,0.754787]],"armWidth":63.7005,"confidence":0.763843,"direction":[-0.161067,0.536683,-0.828268],"elbow":[183.807,176.428,288.83],"grabStrength":0,"id":425,"palmNormal":[0.197238,-0.804793,-0.559827],"palmPosition":[45.9319,327.677,38.1504],"palmVelocity":[83.3973,28.1883,-169.547],"palmWidth":90.9622,"pinchStrength":0.48443,"r":[[0.947979,-0.297997,0.111957],[0.300508,0.953761,-0.00586842],[-0.105031,0.039207,0.993696]],"s":0.876299,"sphereCenter":[60.3881,300.765,-2.80157],"sphereRadius":49.4703,"stabilizedPalmPosition":[42.2892,302.869,105.684],"t":[-14.0647,98.5225,-147.588],"timeVisible":0.460941,"type":"right","wrist":[61.1442,304.112,85.0998]}],"id":4117408,"interactionBox":{"center":[0,200,0],"size":[235.247,235.247,147.751]},"pointables":[{"bases":[[[0.181288,0.926574,0.329537],[-0.803612,-0.0535776,0.592737],[0.566871,-0.372276,0.734893]],[[-0.0163677,0.997553,0.0679782],[-0.859331,-0.0487915,0.509087],[0.511158,-0.0500832,0.858026]],[[-0.0163677,0.997553,0.0679782],[-0.978505,-0.029959,0.204033],[0.205571,-0.0631775,0.976601]],[[-0.0163677,0.997553,0.0679782],[-0.77159,0.030638,-0.635382],[-0.63591,-0.0628511,0.7692]]],"btipPosition":[18.628,292.485,-11.5353],"carpPosition":[36.2649,286.362,82.5665],"dipPosition":[3.74999,291.014,6.46129],"direction":[-0.205571,0.0631775,-0.976601],"extended":false,"handId":425,"id":4250,"length":52.1005,"mcpPosition":[36.2649,286.362,82.5665],"pipPosition":[10.7569,288.861,39.7489],"stabilizedTipPosition":[1.01601,273.019,71.7907],"timeVisible":0.460941,"tipPosition":[14.203,293.038,-7.07021],"tipVelocity":[124.641,20.8682,-177.183],"tool":false,"touchDistance":-0.557464,"touchZone":"hovering","type":0,"width":20.2438},{"bases":[[[0.926262,0.340046,-0.162502],[-0.242695,0.868056,0.433104],[0.288336,-0.36173,0.886574]],[[0.959712,0.280007,-0.0234243],[-0.272878,0.948657,0.15996],[0.0670117,-0.147124,0.986845]],[[0.959712,0.280007,-0.0234243],[-0.280025,0.959989,0.00259585],[0.0232139,0.00406812,0.999722]],[[0.959712,0.280007,-0.0234243],[-0.280841,0.9532,-0.111975],[-0.00902572,0.114042,0.993435]]],"btipPosition":[13.9924,340.755,-64.2561],"carpPosition":[38.4835,309.878,84.4578],"dipPosition":[13.8382,342.703,-47.2878],"direction":[-0.0232139,-0.00406812,-0.999722],"extended":true,"handId":425,"id":4251,"length":58.7895,"mcpPosition":[17.2773,336.483,19.2528],"pipPosition":[14.3991,342.801,-23.1315],"stabilizedTipPosition":[-4.91469,322.009,13.7574],"timeVisible":0.460941,"tipPosition":[13.9342,341.469,-60.2672],"tipVelocity":[140.131,0.982769,-194.139],"tool":false,"touchDistance":-0.577527,"touchZone":"hovering","type":1,"width":19.3369},{"bases":[[[0.984412,0.135051,-0.112665],[-0.0762157,0.904895,0.418755],[0.158503,-0.403641,0.901083]],[[0.986484,0.129528,-0.100354],[-0.157514,0.580904,-0.798586],[-0.0451433,0.8036,0.593455]],[[0.986484,0.129528,-0.100354],[-0.0128492,-0.549418,-0.835449],[-0.16335,0.825446,-0.540328]],[[0.986484,0.129528,-0.100354],[0.0729107,-0.895479,-0.439091],[-0.14674,0.425839,-0.89282]]],"btipPosition":[47.7005,273.675,23.3834],"carpPosition":[49.1799,315.709,82.6939],"dipPosition":[44.9438,281.674,6.61063],"direction":[0.16335,-0.825446,0.540328],"extended":false,"handId":425,"id":4252,"length":66.986,"mcpPosition":[38.1248,343.862,19.8464],"pipPosition":[40.3001,305.14,-8.74968],"stabilizedTipPosition":[43.786,254.15,78.2774],"timeVisible":0.460941,"tipPosition":[47.0721,275.412,19.449],"tipVelocity":[73.8559,19.4767,-150.928],"tool":false,"touchDistance":0.333333,"touchZone":"none","type":2,"width":18.9914},{"bases":[[[0.999934,0.00557793,-0.0100801],[-0.000597504,0.898903,0.438147],[0.011505,-0.438112,0.898847]],[[0.999213,0.0179192,-0.0354005],[-0.0393537,0.561313,-0.826668],[0.00505749,0.82741,0.561576]],[[0.999213,0.0179192,-0.0354005],[-0.0184206,-0.580722,-0.813893],[-0.0351422,0.813904,-0.579935]],[[0.999213,0.0179192,-0.0354005],[0.00148331,-0.908455,-0.417979],[-0.0396496,0.417598,-0.907767]]],"btipPosition":[61.7793,278.643,32.601],"carpPosition":[61.0119,318.505,80.9549],"dipPosition":[61.0387,286.443,15.6455],"direction":[0.0351422,-0.813904,0.579935],"extended":false,"handId":425,"id":4253,"length":64.4088,"mcpPosition":[60.2914,345.94,24.6684],"pipPosition":[60.0655,308.983,-0.414957],"stabilizedTipPosition":[59.5685,258.909,88.7641],"timeVisible":0.460941,"tipPosition":[61.5916,280.306,29.0938],"tipVelocity":[70.9473,16.1955,-169.971],"tool":false,"touchDistance":0.333333,"touchZone":"none","type":3,"width":18.0715},{"bases":[[[0.980806,-0.193768,0.0217643],[0.155955,0.846567,0.508924],[-0.117038,-0.495761,0.860537]],[[0.969705,-0.229288,0.0842513],[0.204607,0.573978,-0.792896],[0.133443,0.786114,0.603504]],[[0.969705,-0.229288,0.0842513],[-0.0550143,-0.541029,-0.839203],[0.238002,0.809144,-0.537253]],[[0.969705,-0.229288,0.0842513],[-0.164945,-0.869002,-0.466506],[0.180179,0.438477,-0.880496]]],"btipPosition":[68.6597,291.822,32.8877],"carpPosition":[74.3507,314.249,78.4267],"dipPosition":[71.7645,299.378,17.7154],"direction":[-0.238002,-0.809144,0.537253],"extended":false,"handId":425,"id":4254,"length":50.4953,"mcpPosition":[81.1351,342.987,28.5435],"pipPosition":[76.4181,315.199,7.21062],"stabilizedTipPosition":[66.2212,270.362,94.2772],"timeVisible":0.460941,"tipPosition":[69.0639,293.852,29.4749],"tipVelocity":[87.378,10.2641,-146.19],"tool":false,"touchDistance":0.333333,"touchZone":"none","type":4,"width":16.0525}],"r":[[0.947979,-0.297997,0.111957],[0.300508,0.953761,-0.00586842],[-0.105031,0.039207,0.993696]],"s":0.876299,"t":[-14.0647,98.5225,-147.588],"timestamp":521511709169},false],[4,{"currentFrameRate":106.884,"devices":[],"gestures":[],"hands":[{"armBasis":[[0.871246,0.414592,-0.262763],[-0.18893,0.777331,0.600051],[0.453031,-0.473148,0.755575]],"armWidth":63.7005,"confidence":0.777369,"direction":[-0.155809,0.534889,-0.830432],"elbow":[183.965,176.565,288.188],"grabStrength":0,"id":425,"palmNormal":[0.197478,-0.80686,-0.556758],"palmPosition":[46.7502,327.756,37.1642],"palmVelocity":[85.542,22.8957,-153.228],"palmWidth":90.9622,"pinchStrength":0.489824,"r":[[0.946396,-0.300866,0.117533],[0.303802,0.952706,-0.00749504],[-0.109719,0.0428,0.993041]],"s":0.87444,"sphereCenter":[61.44,300.678,-3.66652],"sphereRadius":49.4522,"stabilizedPalmPosition":[42.3002,302.93,105.515],"t":[-13.2356,98.6582,-148.835],"timeVisible":0.469911,"type":"right","wrist":[61.6839,304.276,84.2452]}],"id":4117409,"interactionBox":{"center":[0,200,0],"size":[235.247,235.247,147.751]},"pointables":[{"bases":[[[0.182425,0.926949,0.327852],[-0.806425,-0.0497036,0.589244],[0.562494,-0.371881,0.738447]],[[-0.0125215,0.997673,0.0670186],[-0.863147,-0.0446205,0.502977],[0.504797,-0.0515489,0.861697]],[[-0.0125215,0.997673,0.0670186],[-0.979823,-0.0256129,0.19822],[0.199476,-0.0631844,0.977864]],[[-0.0125215,0.997673,0.0670186],[-0.764598,0.0336395,-0.643628],[-0.644385,-0.0593015,0.762398]]],"btipPosition":[19.8526,292.702,-12.5214],"carpPosition":[36.766,286.589,81.6474],"dipPosition":[4.77628,291.315,5.316],"direction":[-0.199476,0.0631844,-0.977864],"extended":false,"handId":425,"id":4250,"length":52.1005,"mcpPosition":[36.766,286.589,81.6474],"pipPosition":[11.5754,289.161,38.6467],"stabilizedTipPosition":[1.10576,273.132,71.3223],"timeVisible":0.469911,"tipPosition":[15.3727,293.128,-8.12603],"tipVelocity":[126.501,22.3838,-159.888],"tool":false,"touchDistance":-0.545392,"touchZone":"hovering","type":0,"width":20.2438},{"bases":[[[0.927945,0.33699,-0.159233],[-0.242184,0.869907,0.429661],[0.283309,-0.360138,0.88884]],[[0.960546,0.277386,-0.0201818],[-0.271032,0.949879,0.155795],[0.0623857,-0.144179,0.987583]],[[0.960546,0.277386,-0.0201818],[-0.277457,0.960738,-0.000716123],[0.0191907,0.00628743,0.999796]],[[0.960546,0.277386,-0.0201818],[-0.277837,0.953768,-0.114601],[-0.01254,0.115687,0.993207]]],"btipPosition":[15.2772,340.656,-65.4248],"carpPosition":[39.0427,310.104,83.4853],"dipPosition":[15.063,342.632,-48.4604],"direction":[-0.0191907,-0.00628743,-0.999796],"extended":true,"handId":425,"id":4251,"length":58.7895,"mcpPosition":[18.2062,336.592,18.1137],"pipPosition":[15.5267,342.784,-24.3023],"stabilizedTipPosition":[-4.72067,322.193,13.0323],"timeVisible":0.469911,"tipPosition":[15.218,341.368,-61.438],"tipVelocity":[140.559,-2.11622,-176.683],"tool":false,"touchDistance":-0.565652,"touchZone":"hovering","type":1,"width":19.3369},{"bases":[[[0.985289,0.131967,-0.108581],[-0.0755385,0.906238,0.415965],[0.153294,-0.401644,0.902875]],[[0.987271,0.126526,-0.096367],[-0.152502,0.581083,-0.799428],[-0.0451509,0.803949,0.592982]],[[0.987271,0.126526,-0.096367],[-0.0111385,-0.549417,-0.835474],[-0.158655,0.825913,-0.541015]],[[0.987271,0.126526,-0.096367],[0.0720513,-0.895976,-0.438218],[-0.141788,0.425697,-0.893688]]],"btipPosition":[48.4212,273.699,22.3771],"carpPosition":[49.7635,315.9,81.754],"dipPosition":[45.7575,281.696,5.58807],"direction":[0.158655,-0.825913,0.541015],"extended":false,"handId":425,"id":4252,"length":66.986,"mcpPosition":[39.0717,343.914,18.7815],"pipPosition":[41.2473,305.175,-9.79174],"stabilizedTipPosition":[43.7938,254.192,78.1616],"timeVisible":0.469911,"tipPosition":[47.8183,275.443,18.5075],"tipVelocity":[76.286,14.869,-140.433],"tool":false,"touchDistance":0.333333,"touchZone":"none","type":2,"width":18.9914},{"bases":[[[0.999981,0.00272918,-0.00557862],[-0.0000258178,0.900085,0.435714],[0.00621037,-0.435705,0.900068]],[[0.999394,0.0151849,-0.0313093],[-0.034416,0.564159,-0.824948],[0.00513667,0.825526,0.56434]],[[0.999394,0.0151849,-0.0313093],[-0.0168054,-0.577251,-0.816394],[-0.0304701,0.816426,-0.576646]],[[0.999394,0.0151849,-0.0313093],[0.000621453,-0.907407,-0.420252],[-0.0347917,0.419978,-0.906867]]],"btipPosition":[62.4864,278.615,31.3992],"carpPosition":[61.611,318.658,80.061],"dipPosition":[61.8365,286.46,14.4605],"direction":[0.0304701,-0.816426,0.576646],"extended":false,"handId":425,"id":4253,"length":64.4088,"mcpPosition":[61.2221,345.943,23.6979],"pipPosition":[60.9927,309.07,-1.50885],"stabilizedTipPosition":[59.5724,258.939,88.6788],"timeVisible":0.469911,"tipPosition":[62.3183,280.316,28.0039],"tipVelocity":[73.7401,11.2218,-159.998],"tool":false,"touchDistance":0.333333,"touchZone":"none","type":3,"width":18.0715},{"bases":[[[0.980145,-0.196475,0.0267166],[0.156057,0.847499,0.507338],[-0.122322,-0.493095,0.861333]],[[0.969547,-0.229579,0.0852764],[0.206044,0.57644,-0.790736],[0.13238,0.784226,0.606189]],[[0.969547,-0.229579,0.0852764],[-0.053279,-0.537586,-0.841524],[0.23904,0.811354,-0.533447]],[[0.969547,-0.229579,0.0852764],[-0.164168,-0.867633,-0.469321],[0.181735,0.441029,-0.8789]]],"btipPosition":[69.5547,291.756,31.8225],"carpPosition":[74.949,314.357,77.6045],"dipPosition":[72.6863,299.355,16.6777],"direction":[-0.23904,-0.811354,0.533447],"extended":false,"handId":425,"id":4254,"length":50.4953,"mcpPosition":[82.0396,342.941,27.6751],"pipPosition":[77.3602,315.22,6.24734],"stabilizedTipPosition":[66.232,270.423,94.1018],"timeVisible":0.469911,"tipPosition":[69.9371,293.795,28.5059],"tipVelocity":[90.9616,5.73437,-138.484],"tool":false,"touchDistance":0.333333,"touchZone":"none","type":4,"width":16.0525}],"r":[[0.946396,-0.300866,0.117533],[0.303802,0.952706,-0.00749504],[-0.109719,0.0428,0.993041]],"s":0.87444,"t":[-13.2356,98.6582,-148.835],"timestamp":521511718139},false],[5,{"currentFrameRate":106.955,"devices":[],"gestures":[],"hands":[{"armBasis":[[0.874577,0.40897,-0.260499],[-0.185971,0.779065,0.598726],[0.447806,-0.475186,0.757409]],"armWidth":63.7005,"confidence":0.780691,"direction":[-0.146992,0.533287,-0.833065],"elbow":[183.111,176.041,287.896],"grabStrength":0,"id":425,"palmNormal":[0.194504,-0.810186,-0.552961],"palmPosition":[47.755,327.738,36.2152],"palmVelocity":[92.1091,15.9281,-139.131],"palmWidth":90.9622,"pinchStrength":0.500393,"r":[[0.944502,-0.304499,0.123277],[0.307898,0.951376,-0.00905898],[-0.114524,0.0465129,0.992331]],"s":0.872346,"sphereCenter":[62.5743,300.39,-4.4645],"sphereRadius":49.4368,"stabilizedPalmPosition":[42.3177,303.009,105.293],"t":[-12.3187,98.7169,-149.932],"timeVisible":0.479131,"type":"right","wrist":[62.2406,304.302,83.458]}],"id":4117410,"interactionBox":{"center":[0,200,0],"size":[235.247,235.247,147.751]},"pointables":[{"bases":[[[0.187602,0.926624,0.325843],[-0.810129,-0.0416157,0.584773],[0.555425,-0.373679,0.742878]],[[-0.0040414,0.99785,0.0654137],[-0.867643,-0.0360214,0.495882],[0.497172,-0.0547516,0.865923]],[[-0.0040414,0.99785,0.0654137],[-0.981355,-0.0165279,0.191494],[0.192163,-0.0634201,0.979312]],[[-0.0040414,0.99785,0.0654137],[-0.756488,0.0397301,-0.652799],[-0.653995,-0.0521229,0.754701]]],"btipPosition":[21.1452,292.91,-13.4734],"carpPosition":[37.204,286.796,80.7756],"dipPosition":[5.84405,291.69,4.18397],"direction":[-0.192163,0.0634201,-0.979312],"extended":false,"handId":425,"id":4250,"length":52.1005,"mcpPosition":[37.204,286.796,80.7756],"pipPosition":[12.394,289.528,37.564],"stabilizedTipPosition":[1.24143,273.292,70.6593],"timeVisible":0.479131,"tipPosition":[16.6108,293.249,-9.1532],"tipVelocity":[128.767,23.5826,-145.274],"tool":false,"touchDistance":-0.534087,"touchZone":"hovering","type":0,"width":20.2438},{"bases":[[[0.931377,0.329402,-0.155019],[-0.238003,0.873148,0.425403],[0.275483,-0.359316,0.891628]],[[0.962674,0.270192,-0.01598],[-0.264818,0.952444,0.150735],[0.0559474,-0.140877,0.988445]],[[0.962674,0.270192,-0.01598],[-0.270296,0.962765,-0.00475984],[0.0140989,0.0089015,0.999861]],[[0.962674,0.270192,-0.01598],[-0.270156,0.95558,-0.117826],[-0.0165655,0.117745,0.992906]]],"btipPosition":[16.9275,340.551,-66.5994],"carpPosition":[39.6492,310.3,82.5492],"dipPosition":[16.6446,342.562,-49.6402],"direction":[-0.0140989,-0.0089015,-0.999861],"extended":true,"handId":425,"id":4251,"length":58.7895,"mcpPosition":[19.3882,336.726,16.9725],"pipPosition":[16.9853,342.777,-25.4805],"stabilizedTipPosition":[-4.44313,322.435,12.0585],"timeVisible":0.479131,"tipPosition":[16.8683,341.26,-62.615],"tipVelocity":[150.85,-4.4776,-162.908],"tool":false,"touchDistance":-0.555057,"touchZone":"hovering","type":1,"width":19.3369},{"bases":[[[0.986869,0.124119,-0.103366],[-0.0710102,0.908166,0.412543],[0.145078,-0.399786,0.905054]],[[0.98867,0.118914,-0.0915977],[-0.144317,0.585275,-0.797888],[-0.0412703,0.802068,0.595805]],[[0.98867,0.118914,-0.0915977],[-0.0119764,-0.545796,-0.837832],[-0.149624,0.829437,-0.538188]],[[0.98867,0.118914,-0.0915977],[0.0669633,-0.895564,-0.439864],[-0.134338,0.428747,-0.893381]]],"btipPosition":[49.0705,273.61,21.1093],"carpPosition":[50.4234,316.008,80.8603],"dipPosition":[46.5468,281.665,4.32597],"direction":[0.149624,-0.829437,0.538188],"extended":false,"handId":425,"id":4252,"length":66.986,"mcpPosition":[40.3047,343.892,17.7358],"pipPosition":[42.2933,305.244,-10.9735],"stabilizedTipPosition":[43.8044,254.239,78.0249],"timeVisible":0.479131,"tipPosition":[48.5082,275.379,17.4201],"tipVelocity":[75.6212,8.41358,-139.574],"tool":false,"touchDistance":0.333333,"touchZone":"none","type":2,"width":18.9914},{"bases":[[[0.999988,-0.00488247,0.000143468],[0.00433955,0.901506,0.432745],[-0.0022422,-0.432739,0.901516]],[[0.999637,0.0075887,-0.0258333],[-0.0256141,0.563741,-0.825555],[0.0082984,0.825917,0.563731]],[[0.999637,0.0075887,-0.0258333],[-0.0167134,-0.57734,-0.816333],[-0.0211095,0.816469,-0.577004]],[[0.999637,0.0075887,-0.0258333],[-0.0039474,-0.907786,-0.419415],[-0.0266339,0.419365,-0.907427]]],"btipPosition":[63.1529,278.435,30.5213],"carpPosition":[62.3011,318.671,79.2261],"dipPosition":[62.6554,286.268,13.5721],"direction":[0.0211095,-0.816469,0.577004],"extended":false,"handId":425,"id":4253,"length":64.4088,"mcpPosition":[62.4415,345.769,22.7724],"pipPosition":[62.0708,308.879,-2.40716],"stabilizedTipPosition":[59.578,258.974,88.5772],"timeVisible":0.479131,"tipPosition":[63.0165,280.149,27.1564],"tipVelocity":[74.3998,2.5044,-141.918],"tool":false,"touchDistance":0.333333,"touchZone":"none","type":3,"width":18.0715},{"bases":[[[0.978452,-0.203822,0.0329792],[0.159606,0.847975,0.505435],[-0.130984,-0.48928,0.862234]],[[0.968068,-0.234706,0.0880738],[0.211626,0.5768,-0.788997],[0.134382,0.782442,0.608051]],[[0.968068,-0.234706,0.0880738],[-0.0530136,-0.535054,-0.843153],[0.245018,0.811561,-0.530411]],[[0.968068,-0.234706,0.0880738],[-0.167084,-0.866005,-0.471294],[0.186888,0.441529,-0.877568]]],"btipPosition":[70.4512,291.488,30.8779],"carpPosition":[75.6197,314.26,76.8603],"dipPosition":[73.6715,299.096,15.7561],"direction":[-0.245018,-0.811561,0.530411],"extended":false,"handId":425,"id":4254,"length":50.4953,"mcpPosition":[83.2125,342.623,26.8787],"pipPosition":[78.4623,314.965,5.38507],"stabilizedTipPosition":[66.2496,270.504,93.8647],"timeVisible":0.479131,"tipPosition":[70.8353,293.528,27.6372],"tipVelocity":[93.3386,-3.9529,-128.225],"tool":false,"touchDistance":0.333333,"touchZone":"none","type":4,"width":16.0525}],"r":[[0.944502,-0.304499,0.123277],[0.307898,0.951376,-0.00905898],[-0.114524,0.0465129,0.992331]],"s":0.872346,"t":[-12.3187,98.7169,-149.932],"timestamp":521511727359},false],[6,{"currentFrameRate":107.135,"devices":[],"gestures":[],"hands":[{"armBasis":[[0.87802,0.406341,-0.25292],[-0.187635,0.778357,0.599127],[0.440312,-0.478589,0.759657]],"armWidth":63.7005,"confidence":0.797145,"direction":[-0.144316,0.532373,-0.834117],"elbow":[181.624,175.283,287.663],"grabStrength":0,"id":425,"palmNormal":[0.196381,-0.810766,-0.551447],"palmPosition":[48.4425,327.846,35.3036],"palmVelocity":[87.7792,14.8477,-128.722],"palmWidth":90.9622,"pinchStrength":0.508566,"r":[[0.942876,-0.307341,0.128557],[0.311165,0.9503,-0.0102946],[-0.119004,0.0497089,0.991649]],"s":0.870284,"sphereCenter":[63.4938,300.433,-5.32082],"sphereRadius":49.4338,"stabilizedPalmPosition":[42.3422,303.109,105.014],"t":[-11.5165,98.8003,-150.937],"timeVisible":0.488136,"type":"right","wrist":[62.7757,304.463,82.6187]}],"id":4117411,"interactionBox":{"center":[0,200,0],"size":[235.247,235.247,147.751]},"pointables":[{"bases":[[[0.186456,0.926993,0.325452],[-0.812032,-0.0410573,0.582167],[0.553027,-0.372826,0.745092]],[[-0.00289733,0.997794,0.066328],[-0.870397,-0.0351726,0.491092],[0.492341,-0.0563088,0.868579]],[[-0.00289733,0.997794,0.066328],[-0.982153,-0.0153131,0.187457],[0.18806,-0.0646011,0.980031]],[[-0.00289733,0.997794,0.066328],[-0.752056,0.0415425,-0.657789],[-0.659093,-0.0517882,0.750277]]],"btipPosition":[22.1909,293.175,-14.4291],"carpPosition":[37.7496,286.951,79.8734],"dipPosition":[6.77051,291.963,3.12475],"direction":[-0.18806,0.0646011,-0.980031],"extended":false,"handId":425,"id":4250,"length":52.1005,"mcpPosition":[37.7496,286.951,79.8734],"pipPosition":[13.1806,289.761,36.5293],"stabilizedTipPosition":[1.43793,273.514,69.7441],"timeVisible":0.488136,"tipPosition":[17.6413,293.387,-10.1519],"tipVelocity":[124.458,25.2547,-135.247],"tool":false,"touchDistance":-0.523704,"touchZone":"touching","type":0,"width":20.2438},{"bases":[[[0.93185,0.329319,-0.152331],[-0.239468,0.873585,0.423679],[0.2726,-0.358327,0.892912]],[[0.962635,0.270461,-0.0135715],[-0.265549,0.952603,0.14843],[0.0530727,-0.13928,0.98883]],[[0.962635,0.270461,-0.0135715],[-0.270558,0.962686,-0.00589455],[0.0114708,0.00934617,0.999891]],[[0.962635,0.270461,-0.0135715],[-0.270136,0.955554,-0.118078],[-0.0189671,0.117332,0.992912]]],"btipPosition":[17.9053,340.563,-67.6307],"carpPosition":[40.1868,310.457,81.6296],"dipPosition":[17.5813,342.567,-50.6714],"direction":[-0.0114708,-0.00934617,-0.999891],"extended":true,"handId":425,"id":4251,"length":58.7895,"mcpPosition":[20.1379,336.811,15.9585],"pipPosition":[17.8585,342.793,-26.511],"stabilizedTipPosition":[-4.10063,322.721,10.8931],"timeVisible":0.488136,"tipPosition":[17.8522,341.258,-63.6466],"tipVelocity":[138.949,-2.91962,-149.616],"tool":false,"touchDistance":-0.543354,"touchZone":"hovering","type":1,"width":19.3369},{"bases":[[[0.98719,0.124097,-0.100275],[-0.0724372,0.908605,0.411327],[0.142155,-0.398795,0.905955]],[[0.9889,0.119072,-0.0888749],[-0.142444,0.589583,-0.795048],[-0.0422692,0.798883,0.6]],[[0.9889,0.119072,-0.0888749],[-0.0104719,-0.540808,-0.841081],[-0.148214,0.832675,-0.533558]],[[0.9889,0.119072,-0.0888749],[0.0677608,-0.893738,-0.443442],[-0.132233,0.432498,-0.891886]]],"btipPosition":[49.7855,273.689,19.7941],"carpPosition":[50.966,316.165,79.9698],"dipPosition":[47.3013,281.814,3.03887],"direction":[0.148214,-0.832675,0.533558],"extended":false,"handId":425,"id":4252,"length":66.986,"mcpPosition":[41.0512,343.98,16.7824],"pipPosition":[43.088,305.485,-12.129],"stabilizedTipPosition":[43.8174,254.291,77.8749],"timeVisible":0.488136,"tipPosition":[49.2395,275.485,16.2577],"tipVelocity":[76.9378,8.98546,-141.157],"tool":false,"touchDistance":0.333333,"touchZone":"none","type":2,"width":18.9914},{"bases":[[[0.999983,-0.00479147,0.00341633],[0.00284671,0.901973,0.431782],[-0.00515031,-0.431765,0.901971]],[[0.999712,0.00771756,-0.0227127],[-0.0230987,0.565134,-0.824676],[0.00647123,0.824963,0.56515]],[[0.999712,0.00771756,-0.0227127],[-0.0141329,-0.575559,-0.817638],[-0.0193827,0.817724,-0.575285]],[[0.999712,0.00771756,-0.0227127],[-0.00255534,-0.907184,-0.420727],[-0.0238516,0.420664,-0.906903]]],"btipPosition":[63.8645,278.513,29.5174],"carpPosition":[62.8487,318.826,78.3715],"dipPosition":[63.419,286.37,12.578],"direction":[0.0193827,-0.817724,0.575285],"extended":false,"handId":425,"id":4253,"length":64.4088,"mcpPosition":[63.1713,345.864,21.8893],"pipPosition":[62.8822,309.016,-3.35365],"stabilizedTipPosition":[59.5859,259.014,88.4585],"timeVisible":0.488136,"tipPosition":[63.7394,280.246,26.1921],"tipVelocity":[76.0346,4.37881,-133.487],"tool":false,"touchDistance":0.333333,"touchZone":"none","type":3,"width":18.0715},{"bases":[[[0.978357,-0.203697,0.0363966],[0.15788,0.848535,0.505037],[-0.133758,-0.48836,0.86233]],[[0.968205,-0.233527,0.0896881],[0.212292,0.577375,-0.788397],[0.132328,0.78237,0.608594]],[[0.968205,-0.233527,0.0896881],[-0.0507995,-0.534599,-0.843578],[0.244945,0.8122,-0.529465]],[[0.968205,-0.233527,0.0896881],[-0.165174,-0.866047,-0.47189],[0.187873,0.442072,-0.877084]]],"btipPosition":[71.2247,291.57,30.0201],"carpPosition":[76.1754,314.415,76.054],"dipPosition":[74.4621,299.187,14.9066],"direction":[-0.244945,-0.8122,0.529465],"extended":false,"handId":425,"id":4254,"length":50.4953,"mcpPosition":[83.929,342.724,26.0668],"pipPosition":[79.2515,315.068,4.55404],"stabilizedTipPosition":[66.2748,270.605,93.5682],"timeVisible":0.488136,"tipPosition":[71.6055,293.606,26.791],"tipVelocity":[91.4155,-0.305683,-119.112],"tool":false,"touchDistance":0.333333,"touc