{"sensorType":"Leap","data":[[0,{"currentFrameRate":105.729,"devices":[],"gestures":[],"hands":[{"armBasis":[[0.873223,0.259454,-0.41251],[-0.126774,0.938286,0.321787],[0.470542,-0.228696,0.852226]],"armWidth":63.7005,"confidence":0.844766,"direction":[0.00597744,0.0588073,-0.998251],"elbow":[193.101,217.646,334.389],"grabStrength":0,"id":429,"palmNormal":[0.129888,-0.989858,-0.0575351],"palmPosition":[59.4213,277.29,50.1176],"palmVelocity":[-34.2231,60.74,-94.1658],"palmWidth":90.9622,"pinchStrength":0,"r":[[0.99861,-0.00253627,0.0526529],[0.00847902,0.993564,-0.112953],[-0.0520275,0.113242,0.992204]],"s":1.31831,"sphereCenter":[32.3699,340.034,-0.558459],"sphereRadius":94.4013,"stabilizedPalmPosition":[67.9096,280.142,111.155],"t":[-8.19381,-3.46831,-60.7292],"timeVisible":0.325487,"type":"right","wrist":[66.0934,279.376,104.358]}],"id":4119105,"interactionBox":{"center":[0,200,0],"size":[235.247,235.247,147.751]},"pointables":[{"bases":[[[0.283973,0.948868,-0.137876],[-0.858382,0.315655,0.404404],[0.427247,0.0035105,0.904128]],[[0.0601217,0.844759,-0.531758],[-0.7298,0.400647,0.553962],[0.681012,0.354772,0.640593]],[[0.0601217,0.844759,-0.531758],[-0.659796,0.433382,0.61388],[0.749036,0.313945,0.583425]],[[0.0601217,0.844759,-0.531758],[-0.374865,0.512837,0.772318],[0.925128,0.152904,0.347503]]],"btipPosition":[-41.942,232.82,46.7824],"carpPosition":[39.2178,264.802,106.766],"dipPosition":[-20.2973,236.397,54.9127],"direction":[-0.749036,-0.313945,-0.583425],"extended":true,"handId":429,"id":4290,"length":52.1005,"mcpPosition":[39.2178,264.802,106.766],"pipPosition":[5.23375,247.098,74.7988],"stabilizedTipPosition":[-33.9184,229.101,59.2671],"timeVisible":0.325487,"tipPosition":[-37.3642,233.578,49.172],"tipVelocity":[28.6571,27.9357,-56.4505],"tool":false,"touchDistance":0.272756,"touchZone":"hovering","type":0,"width":20.2438},{"bases":[[[0.978439,0.137355,-0.154246],[-0.152272,0.984285,-0.089418],[0.13954,0.110977,0.983978]],[[0.978427,0.137345,-0.154327],[-0.098958,0.967313,0.233482],[0.181351,-0.213173,0.960036]],[[0.978427,0.137345,-0.154327],[-0.112604,0.980836,0.159001],[0.173208,-0.138193,0.975142]],[[0.978427,0.137345,-0.154327],[-0.124131,0.987967,0.0922674],[0.165143,-0.0711201,0.983702]]],"btipPosition":[19.6797,291.37,-56.6446],"carpPosition":[44.7373,285.823,97.3214],"dipPosition":[22.5004,290.155,-39.8426],"direction":[-0.173208,0.138193,-0.975142],"extended":true,"handId":429,"id":4291,"length":58.7895,"mcpPosition":[34.4745,277.661,24.9526],"pipPosition":[26.6856,286.816,-16.2802],"stabilizedTipPosition":[18.5553,285.403,-14.0436],"timeVisible":0.325487,"tipPosition":[19.4079,289.34,-52.5172],"tipVelocity":[-43.0684,-15.4361,-95.5351],"tool":false,"touchDistance":-0.212141,"touchZone":"hovering","type":1,"width":19.3369},{"bases":[[[0.999822,-0.0187376,-0.00236973],[0.0184378,0.995534,-0.092583],[0.00409393,0.0925228,0.995702]],[[0.999811,-0.0177887,0.00783088],[0.0167663,0.993171,0.115457],[-0.00983124,-0.115304,0.993282]],[[0.999811,-0.0177887,0.00783088],[0.0176153,0.99961,0.0216848],[-0.00821356,-0.0215427,0.999734]],[[0.999811,-0.0177887,0.00783088],[0.0182199,0.998095,-0.0589525],[-0.00676726,0.0590841,0.99823]]],"btipPosition":[56.8593,287.71,-69.7706],"carpPosition":[56.3105,289.105,94.7115],"dipPosition":[56.7322,288.82,-51.0175],"direction":[0.00821356,0.0215427,-0.999734],"extended":true,"handId":429,"id":4292,"length":66.986,"mcpPosition":[56.025,282.652,25.2646],"pipPosition":[56.4987,288.208,-22.5974],"stabilizedTipPosition":[59.8851,305.78,-30.2892],"timeVisible":0.325487,"tipPosition":[56.404,288.726,-65.0642],"tipVelocity":[-55.3164,-224.136,-132.746],"tool":false,"touchDistance":-0.284181,"touchZone":"hovering","type":2,"width":18.9914},{"bases":[[[0.985273,-0.0799118,0.151168],[0.0899445,0.994094,-0.0607277],[-0.145422,0.0734301,0.986641]],[[0.971268,-0.074063,0.226169],[0.074737,0.997188,0.00559332],[-0.225947,0.0114706,0.974072]],[[0.971268,-0.074063,0.226169],[0.0931703,0.992822,-0.0749971],[-0.218991,0.0939145,0.971197]],[[0.971268,-0.074063,0.226169],[0.107807,0.984167,-0.140686],[-0.212168,0.161027,0.963875]]],"btipPosition":[97.7688,278.977,-56.409],"carpPosition":[68.5426,289.696,93.7826],"dipPosition":[93.8059,281.985,-38.4055],"direction":[0.218991,-0.0939145,-0.971197],"extended":true,"handId":429,"id":4293,"length":64.4088,"mcpPosition":[77.6491,285.098,31.9983],"pipPosition":[87.7412,284.585,-11.5096],"stabilizedTipPosition":[95.9884,289.482,-18.055],"timeVisible":0.325487,"tipPosition":[96.3306,278.147,-51.8183],"tipVelocity":[-73.4002,-32.1331,-118.627],"tool":false,"touchDistance":-0.201189,"touchZone":"hovering","type":3,"width":18.0715},{"bases":[[[0.933324,-0.234023,0.272287],[0.228892,0.972119,0.0509313],[-0.276614,0.0147889,0.960867]],[[0.770321,-0.212869,0.601076],[0.202808,0.975474,0.0855483],[-0.604545,0.0560035,0.7946]],[[0.770321,-0.212869,0.601076],[0.251481,0.967647,0.020398],[-0.585972,0.135447,0.798931]],[[0.770321,-0.212869,0.601076],[0.289665,0.956578,-0.0324573],[-0.568067,0.199113,0.798532]]],"btipPosition":[139.929,274.782,-17.3198],"carpPosition":[81.2783,283.699,95.8484],"dipPosition":[130.14,278.213,-3.55986],"direction":[0.585972,-0.135447,-0.798931],"extended":true,"handId":429,"id":4294,"length":50.4953,"mcpPosition":[97.3129,282.841,40.1493],"pipPosition":[118.683,280.862,12.0615],"stabilizedTipPosition":[133.649,271.596,27.0793],"timeVisible":0.325487,"tipPosition":[137.719,273.464,-13.1839],"tipVelocity":[-92.9877,143.617,-180.119],"tool":false,"touchDistance":-0.0819935,"touchZone":"hovering","type":4,"width":16.0525}],"r":[[0.99861,-0.00253627,0.0526529],[0.00847902,0.993564,-0.112953],[-0.0520275,0.113242,0.992204]],"s":1.31831,"t":[-8.19381,-3.46831,-60.7292],"timestamp":521531164549},false],[1,{"currentFrameRate":106.039,"devices":[],"gestures":[],"hands":[{"armBasis":[[0.873242,0.262614,-0.410467],[-0.125771,0.935277,0.330814],[0.470776,-0.237256,0.849752]],"armWidth":63.7005,"confidence":0.854389,"direction":[-0.000485529,0.0511617,-0.99869],"elbow":[193.072,216.379,333.194],"grabStrength":0,"id":429,"palmNormal":[0.131253,-0.990047,-0.0507827],"palmPosition":[58.9873,277.905,49.6516],"palmVelocity":[-38.2229,63.1062,-82.9031],"palmWidth":90.9622,"pinchStrength":0,"r":[[0.998807,-0.000762209,0.0488226],[0.00678324,0.992349,-0.123278],[-0.0483551,0.123462,0.99117]],"s":1.31144,"sphereCenter":[31.4603,341.241,-1.53788],"sphereRadius":95.052,"stabilizedPalmPosition":[67.9066,280.142,111.134],"t":[-8.57174,-2.88278,-61.3107],"timeVisible":0.334347,"type":"right","wrist":[66.0011,280.418,103.831]}],"id":4119106,"interactionBox":{"center":[0,200,0],"size":[235.247,235.247,147.751]},"pointables":[{"bases":[[[0.281425,0.948265,-0.146947],[-0.85634,0.317283,0.407447],[0.432991,0.0111708,0.901329]],[[0.0577996,0.842926,-0.534916],[-0.733861,0.399138,0.54967],[0.676836,0.360783,0.64166]],[[0.0577996,0.842926,-0.534916],[-0.668931,0.430441,0.606013],[0.741074,0.322794,0.588738]],[[0.0577996,0.842926,-0.534916],[-0.383025,0.513531,0.76784],[0.921928,0.160506,0.352544]]],"btipPosition":[-41.4381,233.056,46.1858],"carpPosition":[39.1671,265.818,106.522],"dipPosition":[-19.8683,236.811,54.4341],"direction":[-0.741074,-0.322794,-0.588738],"extended":true,"handId":429,"id":4290,"length":52.1005,"mcpPosition":[39.1671,265.818,106.522],"pipPosition":[5.39134,247.814,74.5013],"stabilizedTipPosition":[-33.9513,229.162,59.1237],"timeVisible":0.334347,"tipPosition":[-37.0696,233.915,48.8767],"tipVelocity":[35.774,28.8458,-58.569],"tool":false,"touchDistance":0.263265,"touchZone":"hovering","type":0,"width":20.2438},{"bases":[[[0.977194,0.137835,-0.161536],[-0.154563,0.98331,-0.0959775],[0.145611,0.118756,0.982189]],[[0.97783,0.13836,-0.157181],[-0.101033,0.969196,0.224613],[0.183416,-0.203753,0.961688]],[[0.97783,0.13836,-0.157181],[-0.11453,0.981766,0.151715],[0.175306,-0.13035,0.975847]],[[0.97783,0.13836,-0.157181],[-0.125935,0.988262,0.0864795],[0.167301,-0.0647676,0.983776]]],"btipPosition":[18.909,291.048,-57.0422],"carpPosition":[44.5893,286.775,96.8814],"dipPosition":[21.7666,289.941,-40.2389],"direction":[-0.175306,0.13035,-0.975847],"extended":true,"handId":429,"id":4291,"length":58.7895,"mcpPosition":[33.8801,278.041,24.6443],"pipPosition":[26.0025,286.792,-16.6595],"stabilizedTipPosition":[18.5569,285.411,-14.1069],"timeVisible":0.334347,"tipPosition":[18.6054,289.218,-52.8876],"tipVelocity":[-54.709,-20.3549,-81.7994],"tool":false,"touchDistance":-0.218763,"touchZone":"hovering","type":1,"width":19.3369},{"bases":[[[0.999818,-0.0170512,-0.00860914],[0.0161023,0.994825,-0.100318],[0.0102751,0.100161,0.994918]],[[0.99985,-0.0153879,0.00789036],[0.0147758,0.997258,0.072513],[-0.00898455,-0.0723856,0.997336]],[[0.99985,-0.0153879,0.00789036],[0.0155403,0.999687,-0.0196209],[-0.00758596,0.0197406,0.999776]],[[0.99985,-0.0153879,0.00789036],[0.0160853,0.995092,-0.0976429],[-0.0063491,0.0977552,0.99519]]],"btipPosition":[56.1912,284.161,-70.3942],"carpPosition":[56.14,290.057,94.1726],"dipPosition":[56.0719,285.997,-51.6983],"direction":[0.00758596,-0.0197406,-0.999776],"extended":true,"handId":429,"id":4292,"length":66.986,"mcpPosition":[55.4233,283.071,24.7804],"pipPosition":[55.8562,286.559,-23.2769],"stabilizedTipPosition":[59.7341,304.92,-31.742],"timeVisible":0.334347,"tipPosition":[55.7335,285.878,-65.7126],"tipVelocity":[-60.7065,-266.833,-116.251],"tool":false,"touchDistance":-0.293647,"touchZone":"hovering","type":2,"width":18.9914},{"bases":[[[0.986354,-0.0770711,0.145482],[0.0878129,0.993751,-0.0689101],[-0.139262,0.080745,0.986958]],[[0.972868,-0.0706913,0.220298],[0.0733573,0.997298,-0.00393385],[-0.219425,0.0199876,0.975425]],[[0.972868,-0.0706913,0.220298],[0.0910191,0.99234,-0.0835216],[-0.212707,0.101307,0.97185]],[[0.972868,-0.0706913,0.220298],[0.105041,0.983344,-0.14833],[-0.206143,0.167446,0.964089]]],"btipPosition":[96.6274,278.779,-57.1328],"carpPosition":[68.3649,290.662,93.1612],"dipPosition":[92.777,281.907,-39.1252],"direction":[0.212707,-0.101307,-0.97185],"extended":true,"handId":429,"id":4293,"length":64.4088,"mcpPosition":[77.0856,285.605,31.357],"pipPosition":[86.8864,284.712,-12.2113],"stabilizedTipPosition":[95.9862,289.391,-18.3751],"timeVisible":0.334347,"tipPosition":[95.2489,278.06,-52.5409],"tipVelocity":[-87.6268,-28.6268,-108.591],"tool":false,"touchDistance":-0.213236,"touchZone":"hovering","type":3,"width":18.0715},{"bases":[[[0.935448,-0.230338,0.268107],[0.227507,0.972869,0.0420246],[-0.270513,0.0216844,0.962472]],[[0.785117,-0.208789,0.583095],[0.194045,0.976987,0.0885549],[-0.588165,0.0436208,0.807563]],[[0.785117,-0.208789,0.583095],[0.238605,0.97076,0.0263269],[-0.571542,0.118459,0.811978]],[[0.785117,-0.208789,0.583095],[0.273807,0.961475,-0.0243959],[-0.555537,0.178809,0.812038]]],"btipPosition":[138.344,276.506,-19.0158],"carpPosition":[81.1239,284.702,95.1915],"dipPosition":[128.771,279.587,-5.02313],"direction":[0.571542,-0.118459,-0.811978],"extended":true,"handId":429,"id":4294,"length":50.4953,"mcpPosition":[96.8049,283.445,39.3994],"pipPosition":[117.596,281.903,10.8533],"stabilizedTipPosition":[133.668,271.639,26.7447],"timeVisible":0.334347,"tipPosition":[136.383,275.093,-14.7561],"tipVelocity":[-114.75,154.942,-181.544],"tool":false,"touchDistance":-0.109368,"touchZone":"hovering","type":4,"width":16.0525}],"r":[[0.998807,-0.000762209,0.0488226],[0.00678324,0.992349,-0.123278],[-0.0483551,0.123462,0.99117]],"s":1.31144,"t":[-8.57174,-2.88278,-61.3107],"timestamp":521531173409},false],[2,{"currentFrameRate":106.254,"devices":[],"gestures":[],"hands":[{"armBasis":[[0.876657,0.265285,-0.401368],[-0.126096,0.931772,0.340442],[0.464297,-0.24784,0.850296]],"armWidth":63.7005,"confidence":0.863429,"direction":[-0.00790274,0.0427425,-0.999055],"elbow":[191.299,214.735,332.873],"grabStrength":0,"id":429,"palmNormal":[0.134633,-0.989944,-0.0434177],"palmPosition":[58.5814,278.636,49.2591],"palmVelocity":[-40.0938,68.047,-72.0811],"palmWidth":90.9622,"pinchStrength":0,"r":[[0.999018,0.00145234,0.0442928],[0.00446473,0.991079,-0.133198],[-0.0440911,0.133265,0.990099]],"s":1.30306,"sphereCenter":[31.8164,337.46,-2.10456],"sphereRadius":91.9804,"stabilizedPalmPosition":[67.9007,280.141,111.094],"t":[-8.96365,-2.2246,-61.7977],"timeVisible":0.343361,"type":"right","wrist":[65.9774,281.632,103.363]}],"id":4119107,"interactionBox":{"center":[0,200,0],"size":[235.247,235.247,147.751]},"pointables":[{"bases":[[[0.276759,0.948036,-0.156946],[-0.854567,0.31751,0.410978],[0.439454,0.0203794,0.898034]],[[0.0537613,0.841177,-0.538081],[-0.739557,0.395611,0.544562],[0.670944,0.368665,0.643366]],[[0.0537613,0.841177,-0.538081],[-0.681991,0.424536,0.595532],[0.729382,0.33495,0.596498]],[[0.0537613,0.841177,-0.538081],[-0.400615,0.511762,0.760005],[0.914668,0.174705,0.364501]]],"btipPosition":[-40.5238,233.053,45.4059],"carpPosition":[39.219,266.954,106.371],"dipPosition":[-19.1238,237.14,53.9339],"direction":[-0.729382,-0.33495,-0.596498],"extended":true,"handId":429,"id":4290,"length":52.1005,"mcpPosition":[39.219,266.954,106.371],"pipPosition":[5.73732,248.557,74.2657],"stabilizedTipPosition":[-33.9737,229.228,58.964],"timeVisible":0.343361,"tipPosition":[-36.4062,234.077,48.4717],"tipVelocity":[52.6361,23.147,-64.2912],"tool":false,"touchDistance":0.25134,"touchZone":"hovering","type":0,"width":20.2438},{"bases":[[[0.975471,0.140111,-0.169783],[-0.158978,0.981883,-0.103107],[0.15226,0.12757,0.980073]],[[0.976898,0.141339,-0.160291],[-0.105559,0.971304,0.213133],[0.185815,-0.191289,0.963785]],[[0.976898,0.141339,-0.160291],[-0.118909,0.982722,0.141835],[0.177568,-0.119498,0.976826]],[[0.976898,0.141339,-0.160291],[-0.130181,0.988405,0.0781515],[0.169478,-0.0554793,0.983971]]],"btipPosition":[18.1277,290.518,-57.3689],"carpPosition":[44.492,287.85,96.5161],"dipPosition":[21.0224,289.57,-40.5624],"direction":[-0.177568,0.119498,-0.976826],"extended":true,"handId":429,"id":4291,"length":58.7895,"mcpPosition":[33.2937,278.467,24.4346],"pipPosition":[25.313,286.683,-16.9593],"stabilizedTipPosition":[18.5578,285.43,-14.2602],"timeVisible":0.343361,"tipPosition":[17.7891,288.961,-53.178],"tipVelocity":[-63.2378,-29.8014,-69.2528],"tool":false,"touchDistance":-0.224196,"touchZone":"hovering","type":1,"width":19.3369},{"bases":[[[0.999787,-0.0133956,-0.0157285],[0.0116066,0.993998,-0.108785],[0.0170914,0.108579,0.993941]],[[0.999926,-0.0111275,0.00501001],[0.0109751,0.999505,0.0294809],[-0.00533557,-0.0294237,0.999553]],[[0.999926,-0.0111275,0.00501001],[0.0114322,0.997782,-0.0655748],[-0.00426921,0.0656272,0.997835]],[[0.999926,-0.0111275,0.00501001],[0.0117357,0.989395,-0.144777],[-0.00334587,0.144825,0.989452]]],"btipPosition":[55.2594,280.41,-70.7464],"carpPosition":[56.0102,291.151,93.696],"dipPosition":[55.1966,283.131,-52.1583],"direction":[0.00426921,-0.0656272,-0.997835],"extended":true,"handId":429,"id":4292,"length":66.986,"mcpPosition":[54.8181,283.578,24.3719],"pipPosition":[55.0752,284.996,-23.7922],"stabilizedTipPosition":[59.4268,303.285,-34.1195],"timeVisible":0.343361,"tipPosition":[54.8515,282.713,-66.1342],"tipVelocity":[-72.0402,-301.682,-95.7897],"tool":false,"touchDistance":-0.298272,"touchZone":"hovering","type":2,"width":18.9914},{"bases":[[[0.987666,-0.0721647,0.138955],[0.0835461,0.993455,-0.0778902],[-0.132425,0.0885386,0.987231]],[[0.974959,-0.0653241,0.212574],[0.0708003,0.997324,-0.0182435],[-0.210814,0.032837,0.976975]],[[0.974959,-0.0653241,0.212574],[0.0875201,0.991455,-0.0967312],[-0.204439,0.112913,0.972345]],[[0.974959,-0.0653241,0.212574],[0.100778,0.981881,-0.160478],[-0.19824,0.177882,0.963877]]],"btipPosition":[95.2982,278.333,-57.7993],"carpPosition":[68.225,291.793,92.5907],"dipPosition":[91.5954,281.655,-39.7957],"direction":[0.204439,-0.112913,-0.972345],"extended":true,"handId":429,"id":4293,"length":64.4088,"mcpPosition":[76.5176,286.249,30.7695],"pipPosition":[85.9338,284.782,-12.868],"stabilizedTipPosition":[95.9641,289.243,-18.8802],"timeVisible":0.343361,"tipPosition":[94.0572,277.939,-53.2311],"tipVelocity":[-103.042,-33.0066,-99.0915],"tool":false,"touchDistance":-0.22436,"touchZone":"hovering","type":3,"width":18.0715},{"bases":[[[0.938229,-0.224581,0.263229],[0.224117,0.97403,0.0321982],[-0.263624,0.0287849,0.964196]],[[0.800473,-0.202827,0.564007],[0.18674,0.978561,0.0868762],[-0.569536,0.0357805,0.821187]],[[0.800473,-0.202827,0.564007],[0.229251,0.973057,0.0245618],[-0.553793,0.109638,0.825404]],[[0.800473,-0.202827,0.564007],[0.262973,0.964442,-0.0263963],[-0.538598,0.169448,0.825348]]],"btipPosition":[136.544,277.902,-20.7024],"carpPosition":[81.0209,285.899,94.5783],"dipPosition":[127.263,280.822,-6.48035],"direction":[0.553793,-0.109638,-0.825404],"extended":true,"handId":429,"id":4294,"length":50.4953,"mcpPosition":[96.3026,284.23,38.6863],"pipPosition":[116.435,282.965,9.65864],"stabilizedTipPosition":[133.677,271.719,26.2367],"timeVisible":0.343361,"tipPosition":[134.879,276.567,-16.3244],"tipVelocity":[-136.047,153.794,-181.464],"tool":false,"touchDistance":-0.136598,"touchZone":"hovering","type":4,"width":16.0525}],"r":[[0.999018,0.00145234,0.0442928],[0.00446473,0.991079,-0.133198],[-0.0440911,0.133265,0.990099]],"s":1.30306,"t":[-8.96365,-2.2246,-61.7977],"timestamp":521531182423},false],[3,{"currentFrameRate":106.416,"devices":[],"gestures":[],"hands":[{"armBasis":[[0.878952,0.266244,-0.395673],[-0.123579,0.928473,0.350238],[0.46062,-0.258946,0.848985]],"armWidth":63.7005,"confidence":0.871613,"direction":[-0.0158739,0.0347687,-0.999269],"elbow":[190.359,212.954,332.074],"grabStrength":0,"id":429,"palmNormal":[0.135524,-0.990098,-0.0366024],"palmPosition":[58.2083,279.413,48.8998],"palmVelocity":[-40.3425,72.8357,-63.0452],"palmWidth":90.9622,"pinchStrength":0,"r":[[0.999231,0.00349606,0.0390625],[0.00211553,0.989764,-0.142699],[-0.0391615,0.142672,0.988995]],"s":1.29314,"sphereCenter":[33.9318,327.787,-1.9463],"sphereRadius":84.7969,"stabilizedPalmPosition":[67.8894,280.14,111.022],"t":[-9.34613,-1.50725,-62.2209],"timeVisible":0.352462,"type":"right","wrist":[66.0291,282.848,102.918]}],"id":4119108,"interactionBox":{"center":[0,200,0],"size":[235.247,235.247,147.751]},"pointables":[{"bases":[[[0.27432,0.947083,-0.16668],[-0.85168,0.31976,0.415205],[0.446531,0.0280588,0.894328]],[[0.0514003,0.83943,-0.541032],[-0.744408,0.393347,0.539569],[0.665744,0.375015,0.645096]],[[0.0514003,0.83943,-0.541032],[-0.693868,0.419652,0.585183],[0.718265,0.345326,0.604024]],[[0.0514003,0.83943,-0.541032],[-0.422951,0.509062,0.749645],[0.904693,0.190298,0.381204]]],"btipPosition":[-39.5572,233.226,44.556],"carpPosition":[39.3138,268.163,106.255],"dipPosition":[-18.3906,237.679,53.4748],"direction":[-0.718265,-0.345326,-0.604024],"extended":true,"handId":429,"id":4290,"length":52.1005,"mcpPosition":[39.3138,268.163,106.255],"pipPosition":[6.09163,249.449,74.0631],"stabilizedTipPosition":[-33.9844,229.303,58.7792],"timeVisible":0.352462,"tipPosition":[-35.6766,234.439,47.9772],"tipVelocity":[65.8511,24.5784,-69.6191],"tool":false,"touchDistance":0.238672,"touchZone":"hovering","type":0,"width":20.2438},{"bases":[[[0.973918,0.139913,-0.178628],[-0.161019,0.980841,-0.109656],[0.159863,0.135559,0.977787]],[[0.976314,0.142029,-0.163213],[-0.107761,0.973353,0.202412],[0.187612,-0.18003,0.965604]],[[0.976314,0.142029,-0.163213],[-0.120974,0.98378,0.132445],[0.179377,-0.109563,0.97766]],[[0.976314,0.142029,-0.163213],[-0.132126,0.988754,0.0700653],[0.171329,-0.046841,0.9841]]],"btipPosition":[17.4064,290.195,-57.6252],"carpPosition":[44.4823,288.986,96.1923],"dipPosition":[20.3328,289.395,-40.8164],"direction":[-0.179377,0.109563,-0.97766],"extended":true,"handId":429,"id":4291,"length":58.7895,"mcpPosition":[32.7249,279.016,24.2788],"pipPosition":[24.6671,286.748,-17.1932],"stabilizedTipPosition":[18.5537,285.469,-14.5956],"timeVisible":0.352462,"tipPosition":[17.0185,288.891,-53.4024],"tipVelocity":[-67.4555,-30.3315,-57.8454],"tool":false,"touchDistance":-0.228458,"touchZone":"hovering","type":1,"width":19.3369},{"bases":[[[0.999646,-0.0123324,-0.0235543],[0.00950007,0.993112,-0.116783],[0.0248323,0.116518,0.992878]],[[0.999955,-0.00949193,0.000625907],[0.00949795,0.9999,-0.0104455],[-0.000526697,0.010451,0.999945]],[[0.999955,-0.00949193,0.000625907],[0.0095017,0.99351,-0.113348],[0.000454043,0.113349,0.993555]],[[0.999955,-0.00949193,0.000625907],[0.00942833,0.98022,-0.197687],[0.00126291,0.197684,0.980265]]],"btipPosition":[54.2305,276.712,-70.8383],"carpPosition":[55.9737,292.279,93.2547],"dipPosition":[54.2542,280.426,-52.4228],"direction":[-0.000454043,-0.113349,-0.993555],"extended":true,"handId":429,"id":4292,"length":66.986,"mcpPosition":[54.2417,284.152,24.0047],"pipPosition":[54.2671,283.648,-24.1783],"stabilizedTipPosition":[58.8803,300.577,-37.5393],"timeVisible":0.352462,"tipPosition":[53.8718,279.523,-66.3371],"tipVelocity":[-82.8032,-323.717,-73.2458],"tool":false,"touchDistance":-0.298752,"touchZone":"hovering","type":2,"width":18.9914},{"bases":[[[0.988826,-0.0698811,0.131684],[0.0816828,0.992901,-0.086457],[-0.124707,0.0962472,0.987514]],[[0.977511,-0.0628894,0.201289],[0.0714051,0.996822,-0.0353212],[-0.198428,0.0489,0.978895]],[[0.977511,-0.0628894,0.201289],[0.0876704,0.989295,-0.116661],[-0.191798,0.131685,0.97256]],[[0.977511,-0.0628894,0.201289],[0.100482,0.97808,-0.182382],[-0.185407,0.198506,0.962403]]],"btipPosition":[93.6255,277.361,-58.4246],"carpPosition":[68.1786,292.926,92.0474],"dipPosition":[90.1624,281.068,-40.4485],"direction":[0.191798,-0.131685,-0.97256],"extended":true,"handId":429,"id":4293,"length":64.4088,"mcpPosition":[75.9879,286.899,30.2084],"pipPosition":[84.8509,284.715,-13.5149],"stabilizedTipPosition":[95.89,288.982,-19.7175],"timeVisible":0.352462,"tipPosition":[92.6458,277.524,-53.9019],"tipVelocity":[-123.746,-50.7728,-90.8614],"tool":false,"touchDistance":-0.234887,"touchZone":"hovering","type":3,"width":18.0715},{"bases":[[[0.940566,-0.221361,0.257556],[0.223146,0.974521,0.0226636],[-0.25601,0.0361559,0.965998]],[[0.815245,-0.19932,0.543734],[0.185907,0.979285,0.0802436],[-0.548465,0.0356661,0.835412]],[[0.815245,-0.19932,0.543734],[0.227707,0.973606,0.01549],[-0.532471,0.111184,0.839114]],[[0.815245,-0.19932,0.543734],[0.260864,0.964647,-0.0375084],[-0.517035,0.172419,0.838419]]],"btipPosition":[134.546,278.561,-22.401],"carpPosition":[80.9972,287.063,93.9802],"dipPosition":[125.636,281.532,-7.95378],"direction":[0.532471,-0.111184,-0.839114],"extended":true,"handId":429,"id":4294,"length":50.4953,"mcpPosition":[95.8375,284.967,37.9838],"pipPosition":[115.225,283.706,8.45328],"stabilizedTipPosition":[133.658,271.838,25.5234],"timeVisible":0.352462,"tipPosition":[133.214,277.483,-17.9053],"tipVelocity":[-156.598,131.609,-181.323],"tool":false,"touchDistance":-0.164046,"touchZone":"hovering","type":4,"width":16.0525}],"r":[[0.999231,0.00349606,0.0390625],[0.00211553,0.989764,-0.142699],[-0.0391615,0.142672,0.988995]],"s":1.29314,"t":[-9.34613,-1.50725,-62.2209],"timestamp":521531191524},false],[4,{"currentFrameRate":106.626,"devices":[],"gestures":[],"hands":[{"armBasis":[[0.88088,0.267831,-0.390279],[-0.122135,0.92521,0.359264],[0.457312,-0.268801,0.84771]],"armWidth":63.7005,"confidence":0.874334,"direction":[-0.0234429,0.0278795,-0.999336],"elbow":[189.535,211.232,331.352],"grabStrength":0,"id":429,"palmNormal":[0.137606,-0.990007,-0.0308472],"palmPosition":[57.8815,279.962,48.6074],"palmVelocity":[-39.2434,69.6137,-54.6673],"palmWidth":90.9622,"pinchStrength":0,"r":[[0.999428,0.00561095,0.0333563],[-0.000488381,0.988436,-0.151635],[-0.0338214,0.151532,0.987874]],"s":1.2809,"sphereCenter":[38.0672,310.997,-0.72135],"sphereRadius":74.2478,"stabilizedPalmPosition":[67.8704,280.139,110.904],"t":[-9.70076,-0.873869,-62.5787],"timeVisible":0.361455,"type":"right","wrist":[66.0986,283.786,102.541]}],"id":4119109,"interactionBox":{"center":[0,200,0],"size":[235.247,235.247,147.751]},"pointables":[{"bases":[[[0.270805,0.946555,-0.175208],[-0.849305,0.320611,0.419392],[0.453151,0.0352317,0.890737]],[[0.0481391,0.838175,-0.543272],[-0.751851,0.388478,0.532734],[0.657574,0.382814,0.648884]],[[0.0481391,0.838175,-0.543272],[-0.712095,0.410207,0.569781],[0.70043,0.359433,0.616608]],[[0.0481391,0.838175,-0.543272],[-0.460629,0.501242,0.732514],[0.886286,0.214984,0.410217]]],"btipPosition":[-37.9806,232.678,43.1827],"carpPosition":[39.4442,269.062,106.178],"dipPosition":[-17.2446,237.708,52.7803],"direction":[-0.70043,-0.359433,-0.616608],"extended":true,"handId":429,"id":4290,"length":52.1005,"mcpPosition":[39.4442,269.062,106.178],"pipPosition":[6.62968,249.959,73.7975],"stabilizedTipPosition":[-33.9717,229.377,58.5597],"timeVisible":0.361455,"tipPosition":[-34.4221,234.203,47.0537],"tipVelocity":[92.866,5.14449,-87.6553],"tool":false,"touchDistance":0.218386,"touchZone":"hovering","type":0,"width":20.2438},{"bases":[[[0.972216,0.140957,-0.186888],[-0.164175,0.979687,-0.115149],[0.166861,0.142632,0.975609]],[[0.975694,0.144101,-0.165092],[-0.111353,0.974892,0.192839],[0.188735,-0.169768,0.967242]],[[0.975694,0.144101,-0.165092],[-0.124565,0.984536,0.123178],[0.180289,-0.0996197,0.978556]],[[0.975694,0.144101,-0.165092],[-0.135695,0.98886,0.0611749],[0.172068,-0.0372859,0.984379]]],"btipPosition":[16.814,289.672,-57.819],"carpPosition":[44.4875,289.827,95.935],"dipPosition":[19.753,289.035,-41.0055],"direction":[-0.180289,0.0996196,-0.978556],"extended":true,"handId":429,"id":4291,"length":58.7895,"mcpPosition":[32.2154,279.337,24.1817],"pipPosition":[24.1093,286.628,-17.3606],"stabilizedTipPosition":[18.5367,285.534,-15.2264],"timeVisible":0.361455,"tipPosition":[16.3711,288.618,-53.5683],"tipVelocity":[-66.9331,-36.8226,-47.8542],"tool":false,"touchDistance":-0.231671,"touchZone":"hovering","type":1,"width":19.3369},{"bases":[[[0.999469,-0.0101613,-0.0309744],[0.00625677,0.992307,-0.12364],[0.0319924,0.12338,0.991844]],[[0.999966,-0.00686531,-0.00449646],[0.00666354,0.999033,-0.0434478],[0.0047904,0.0434164,0.999046]],[[0.999966,-0.00686531,-0.00449646],[0.00606397,0.987285,-0.158846],[0.00552982,0.158814,0.987293]],[[0.999966,-0.00686531,-0.00449646],[0.0055109,0.967719,-0.251972],[0.00608117,0.251938,0.967724]]],"btipPosition":[53.215,273.182,-70.6751],"carpPosition":[55.9486,293.127,92.8888],"dipPosition":[53.3292,277.915,-52.4952],"direction":[-0.00552982,-0.158814,-0.987293],"extended":true,"handId":429,"id":4292,"length":66.986,"mcpPosition":[53.7173,284.521,23.711],"pipPosition":[53.4864,282.429,-24.4287],"stabilizedTipPosition":[58.0529,296.718,-41.7876],"timeVisible":0.361455,"tipPosition":[52.9201,276.474,-66.3285],"tipVelocity":[-90.4321,-335.471,-49.8201],"tool":false,"touchDistance":-0.295575,"touchZone":"hovering","type":2,"width":18.9914},{"bases":[[[0.989948,-0.0666694,0.12473],[0.078665,0.992473,-0.0938559],[-0.117534,0.102724,0.987742]],[[0.980799,-0.0601977,0.185496],[0.0727825,0.995432,-0.0617927],[-0.180929,0.0741071,0.9807]],[[0.980799,-0.0601977,0.185496],[0.0896027,0.983927,-0.154462],[-0.173216,0.168117,0.970429]],[[0.980799,-0.0601977,0.185496],[0.102618,0.968144,-0.228402],[-0.165838,0.243052,0.955732]]],"btipPosition":[91.4786,274.856,-58.7977],"carpPosition":[68.1426,293.794,91.5855],"dipPosition":[88.381,279.396,-40.9463],"direction":[0.173216,-0.168117,-0.970429],"extended":true,"handId":429,"id":4293,"length":64.4088,"mcpPosition":[75.5027,287.362,29.7323],"pipPosition":[83.584,284.052,-14.0716],"stabilizedTipPosition":[95.6852,288.46,-21.1155],"timeVisible":0.361455,"tipPosition":[90.9297,276.062,-54.3706],"tipVelocity":[-152.734,-107.416,-78.1892],"tool":false,"touchDistance":-0.244488,"touchZone":"hovering","type":3,"width":18.0715},{"bases":[[[0.942994,-0.217395,0.251994],[0.220985,0.975172,0.0143227],[-0.248851,0.0421808,0.967623]],[[0.830726,-0.195905,0.521071],[0.186334,0.979893,0.0713405],[-0.52457,0.037829,0.850527]],[[0.830726,-0.195905,0.521071],[0.228491,0.973544,0.00174495],[-0.507628,0.11761,0.853512]],[[0.830726,-0.195905,0.521071],[0.261822,0.963539,-0.0551555],[-0.491267,0.182247,0.851729]]],"btipPosition":[132.348,278.752,-24.0585],"carpPosition":[80.9893,287.974,93.4621],"dipPosition":[123.883,281.892,-9.3819],"direction":[0.507627,-0.11761,-0.853512],"extended":true,"handId":429,"id":4294,"length":50.4953,"mcpPosition":[95.4145,285.529,37.3714],"pipPosition":[113.957,284.192,7.30666],"stabilizedTipPosition":[133.593,271.991,24.596],"timeVisible":0.361455,"tipPosition":[131.393,278.051,-19.444],"tipVelocity":[-177.561,102.505,-180.532],"tool":false,"touchDistance":-0.190792,"touchZone":"hovering","type":4,"width":16.0525}],"r":[[0.999428,0.00561095,0.0333563],[-0.000488381,0.988436,-0.151635],[-0.0338214,0.151532,0.987874]],"s":1.2809,"t":[-9.70076,-0.873869,-62.5787],"timestamp":521531200517},false],[5,{"currentFrameRate":106.775,"devices":[],"gestures":[],"hands":[{"armBasis":[[0.885596,0.263046,-0.382787],[-0.11637,0.923541,0.365418],[0.449642,-0.279068,0.848495]],"armWidth":63.7005,"confidence":0.874395,"direction":[-0.0313181,0.0181315,-0.999345],"elbow":[187.578,209.807,331.259],"grabStrength":0,"id":429,"palmNormal":[0.135475,-0.990532,-0.0222172],"palmPosition":[57.5595,280.796,48.4092],"palmVelocity":[-38.1821,75.7397,-45.5626],"palmWidth":90.9622,"pinchStrength":0,"r":[[0.999606,0.00693174,0.0271818],[-0.00247453,0.987,-0.160699],[-0.0279424,0.160568,0.986629]],"s":1.26635,"sphereCenter":[42.906,292.084,1.27907],"sphereRadius":65.736,"stabilizedPalmPosition":[67.838,280.142,110.707],"t":[-10.0391,-0.140124,-62.8567],"timeVisible":0.370548,"type":"right","wrist":[66.2115,285.132,102.236]}],"id":4119110,"interactionBox":{"center":[0,200,0],"size":[235.247,235.247,147.751]},"pointables":[{"bases":[[[0.271205,0.944255,-0.186628],[-0.84534,0.326385,0.422934],[0.46027,0.0430621,0.886734]],[[0.0484336,0.835234,-0.547758],[-0.757127,0.388387,0.525275],[0.651469,0.389281,0.651189]],[[0.0484336,0.835234,-0.547758],[-0.727207,0.405423,0.553897],[0.684707,0.371506,0.627024]],[[0.0484336,0.835234,-0.547758],[-0.492644,0.497032,0.714326],[0.868882,0.235252,0.435546]]],"btipPosition":[-36.6182,232.905,42.1701],"carpPosition":[39.5588,270.497,106.228],"dipPosition":[-16.2894,238.409,52.3604],"direction":[-0.684707,-0.371506,-0.627024],"extended":true,"handId":429,"id":4290,"length":52.1005,"mcpPosition":[39.5588,270.497,106.228],"pipPosition":[7.04897,251.071,73.7326],"stabilizedTipPosition":[-33.933,229.469,58.2922],"timeVisible":0.370548,"tipPosition":[-33.3097,234.652,46.358],"tipVelocity":[105.791,13.9519,-90.0677],"tool":false,"touchDistance":0.203782,"touchZone":"hovering","type":0,"width":20.2438},{"bases":[[[0.970969,0.137195,-0.195952],[-0.163221,0.978835,-0.123456],[0.174867,0.151855,0.972811]],[[0.975713,0.141623,-0.167112],[-0.110825,0.977204,0.18108],[0.188948,-0.158162,0.969166]],[[0.975713,0.141623,-0.167112],[-0.124192,0.98608,0.11056],[0.180444,-0.0871205,0.979719]],[[0.975713,0.141623,-0.167112],[-0.135439,0.989627,0.0478954],[0.172162,-0.0240985,0.984774]]],"btipPosition":[16.2834,289.292,-57.9235],"carpPosition":[44.5602,291.151,95.7422],"dipPosition":[19.224,288.88,-41.1032],"direction":[-0.180444,0.0871205,-0.979719],"extended":true,"handId":429,"id":4291,"length":58.7895,"mcpPosition":[31.6992,279.982,24.1948],"pipPosition":[23.5841,286.775,-17.4302],"stabilizedTipPosition":[18.4927,285.637,-16.3088],"timeVisible":0.370548,"tipPosition":[15.7743,288.487,-53.6459],"tipVelocity":[-64.5455,-36.6256,-37.7338],"tool":false,"touchDistance":-0.233386,"touchZone":"hovering","type":1,"width":19.3369},{"bases":[[[0.99917,-0.0124417,-0.0387831],[0.00716173,0.991034,-0.133419],[0.0400954,0.13303,0.990301]],[[0.999918,-0.00851964,-0.00960972],[0.00775494,0.997002,-0.0769849],[0.0102368,0.076904,0.996986]],[[0.999918,-0.00851964,-0.00960972],[0.00632022,0.977836,-0.209279],[0.0111797,0.209201,0.977809]],[[0.999918,-0.00851964,-0.00960972],[0.00506875,0.949334,-0.314229],[0.0117999,0.314154,0.949299]]],"btipPosition":[52.1738,269.565,-70.1681],"carpPosition":[56.003,294.398,92.5732],"dipPosition":[52.3954,275.467,-52.3344],"direction":[-0.0111797,-0.209201,-0.977809],"extended":true,"handId":429,"id":4292,"length":66.986,"mcpPosition":[53.2065,285.119,23.503],"pipPosition":[52.7133,281.414,-24.5375],"stabilizedTipPosition":[56.9016,291.622,-46.5838],"timeVisible":0.370548,"tipPosition":[51.9291,273.348,-66.0252],"tipVelocity":[-96.3479,-344.53,-23.0018],"tool":false,"touchDistance":-0.28794,"touchZone":"hovering","type":2,"width":18.9914},{"bases":[[[0.990778,-0.0674023,0.117539],[0.0798041,0.991348,-0.104212],[-0.109498,0.112631,0.987585]],[[0.984255,-0.0618259,0.165591],[0.0783554,0.992368,-0.0952203],[-0.15844,0.106696,0.981587]],[[0.984255,-0.0618259,0.165591],[0.0957117,0.974022,-0.205234],[-0.1486,0.217852,0.964603]],[[0.984255,-0.0618259,0.165591],[0.108748,0.950352,-0.291556],[-0.139344,0.304973,0.942112]]],"btipPosition":[88.8392,271.481,-58.8303],"carpPosition":[68.1875,295.029,91.1669],"dipPosition":[86.2365,277.177,-41.2333],"direction":[0.1486,-0.217852,-0.964603],"extended":true,"handId":429,"id":4293,"length":64.4088,"mcpPosition":[75.0444,287.976,29.3235],"pipPosition":[82.1213,283.21,-14.52],"stabilizedTipPosition":[95.1817,287.4,-23.3925],"timeVisible":0.370548,"tipPosition":[88.7674,273.742,-54.5599],"tipVelocity":[-187.359,-172.386,-59.3088],"tool":false,"touchDistance":-0.251516,"touchZone":"hovering","type":3,"width":18.0715},{"bases":[[[0.944549,-0.21678,0.246644],[0.222945,0.974826,0.00300126],[-0.241085,0.0521532,0.969102]],[[0.846539,-0.19513,0.495274],[0.193019,0.979594,0.0560315],[-0.496101,0.0481642,0.866928]],[[0.846539,-0.19513,0.495274],[0.235945,0.97155,-0.0205086],[-0.477181,0.134219,0.868495]],[[0.846539,-0.19513,0.495274],[0.269613,0.959399,-0.0828433],[-0.459,0.203662,0.864778]]],"btipPosition":[129.789,278.342,-25.7051],"carpPosition":[81.0376,289.202,92.9988],"dipPosition":[121.879,281.852,-10.8036],"direction":[0.477181,-0.134218,-0.868495],"extended":true,"handId":429,"id":4294,"length":50.4953,"mcpPosition":[95.0127,286.179,36.8224],"pipPosition":[112.549,284.476,6.17788],"stabilizedTipPosition":[133.448,272.176,23.3842],"timeVisible":0.370548,"tipPosition":[129.243,278.131,-20.9832],"tipVelocity":[-202.448,64.2203,-179.11],"tool":false,"touchDistance":-0.218306,"touchZone":"hovering","type":4,"width":16.0525}],"r":[[0.999606,0.00693174,0.0271818],[-0.00247453,0.987,-0.160699],[-0.0279424,0.160568,0.986629]],"s":1.26635,"t":[-10.0391,-0.140124,-62.8567],"timestamp":521531209610},false],[6,{"currentFrameRate":106.954,"devices":[],"gestures":[],"hands":[{"armBasis":[[0.888405,0.25926,-0.378841],[-0.11019,0.921561,0.372268],[0.44564,-0.28898,0.847287]],"armWidth":63.7005,"confidence":0.798222,"direction":[-0.0383512,0.00970482,-0.999217],"elbow":[186.618,208.3,330.773],"grabStrength":0,"id":429,"palmNormal":[0.132793,-0.991034,-0.0147221],"palmPosition":[57.2884,281.53,48.3506],"palmVelocity":[-35.9442,77.2708,-34.8098],"palmWidth":90.9622,"pinchStrength":0,"r":[[0.999756,0.00746848,0.0208077],[-0.00383201,0.985504,-0.169608],[-0.0217728,0.169486,0.985292]],"s":1.24978,"sphereCenter":[47.2349,274.681,3.80404],"sphereRadius":62.4039,"stabilizedPalmPosition":[67.7859,280.148,110.399],"t":[-10.3438,0.59355,-63.0249],"timeVisible":0.379571,"type":"right","wrist":[66.3325,286.301,102.076]}],"id":4119111,"interactionBox":{"center":[0,200,0],"size":[235.247,235.247,147.751]},"pointables":[{"bases":[[[0.272278,0.941923,-0.196587],[-0.841489,0.332175,0.426094],[0.466649,0.0494102,0.883061]],[[0.0491639,0.83247,-0.551885],[-0.762421,0.388225,0.517683],[0.645211,0.395317,0.653779]],[[0.0491639,0.83247,-0.551885],[-0.741439,0.400644,0.538286],[0.669216,0.382725,0.636923]],[[0.0491639,0.83247,-0.551885],[-0.523702,0.491991,0.695471],[0.850481,0.254831,0.460155]]],"btipPosition":[-35.2345,233.036,41.2807],"carpPosition":[39.6716,271.771,106.381],"dipPosition":[-15.3363,238.998,52.0467],"direction":[-0.669216,-0.382725,-0.636923],"extended":true,"handId":429,"id":4290,"length":52.1005,"mcpPosition":[39.6716,271.771,106.381],"pipPosition":[7.47407,252.043,73.7563],"stabilizedTipPosition":[-33.8601,229.579,57.9685],"timeVisible":0.379571,"tipPosition":[-32.1533,234.995,45.7104],"tipVelocity":[115.857,17.3339,-88.3705],"tool":false,"touchDistance":0.191165,"touchZone":"hovering","type":0,"width":20.2438},{"bases":[[[0.969902,0.132991,-0.203968],[-0.1616,0.97817,-0.130646],[0.18214,0.159675,0.970221]],[[0.976006,0.138839,-0.167736],[-0.109711,0.978978,0.171948],[0.188083,-0.14942,0.970721]],[[0.976006,0.138839,-0.167736],[-0.123392,0.987378,0.0992932],[0.179405,-0.0762134,0.980819]],[[0.976006,0.138839,-0.167736],[-0.134883,0.99025,0.0348104],[0.170934,-0.0113505,0.985217]]],"btipPosition":[15.9226,289.03,-57.8918],"carpPosition":[44.6511,292.321,95.6843],"dipPosition":[18.8422,288.836,-41.064],"direction":[-0.179405,0.0762134,-0.980819],"extended":true,"handId":429,"id":4291,"length":58.7895,"mcpPosition":[31.2552,280.577,24.3273],"pipPosition":[23.1772,286.995,-17.3644],"stabilizedTipPosition":[18.4102,285.782,-17.9473],"timeVisible":0.379571,"tipPosition":[15.3419,288.43,-53.5962],"tipVelocity":[-57.934,-33.0063,-26.3318],"tool":false,"touchDistance":-0.232829,"touchZone":"hovering","type":1,"width":19.3369},{"bases":[[[0.998835,-0.0153745,-0.0457316],[0.00873841,0.98984,-0.141916],[0.0474488,0.141351,0.988822]],[[0.999848,-0.0107871,-0.0136732],[0.00930628,0.994525,-0.104086],[0.0147211,0.103943,0.994474]],[[0.999848,-0.0107871,-0.0136732],[0.00695145,0.967025,-0.254587],[0.0159686,0.254453,0.966953]],[[0.999848,-0.0107871,-0.0136732],[0.00492601,0.928195,-0.372063],[0.0167049,0.371939,0.928107]]],"btipPosition":[51.2929,266.423,-69.4035],"carpPosition":[56.0795,295.511,92.4069],"dipPosition":[51.6068,273.41,-51.9679],"direction":[-0.0159686,-0.254453,-0.966953],"extended":true,"handId":429,"id":4292,"length":66.986,"mcpPosition":[52.7701,285.652,23.4398],"pipPosition":[52.0607,280.644,-24.4796],"stabilizedTipPosition":[55.5282,285.77,-51.2496],"timeVisible":0.379571,"tipPosition":[51.0718,270.629,-65.4945],"tipVelocity":[-96.0517,-337.936,3.85353],"tool":false,"touchDistance":-0.278384,"touchZone":"hovering","type":2,"width":18.9914},{"bases":[[[0.991411,-0.0689802,0.111109],[0.0815865,0.990214,-0.113227],[-0.102212,0.121319,0.987337]],[[0.987484,-0.0649256,0.143739],[0.0837626,0.988082,-0.129139],[-0.133642,0.139563,0.981153]],[[0.987484,-0.0649256,0.143739],[0.10096,0.960369,-0.259806],[-0.121174,0.271066,0.954903]],[[0.987484,-0.0649256,0.143739],[0.113322,0.925934,-0.360283],[-0.109701,0.372063,0.921702]]],"btipPosition":[86.0298,267.811,-58.4033],"carpPosition":[68.2552,296.098,90.9093],"dipPosition":[83.9808,274.76,-41.1874],"direction":[0.121174,-0.271066,-0.954903],"extended":true,"handId":429,"id":4293,"length":64.4088,"mcpPosition":[74.6558,288.501,29.0814],"pipPosition":[80.625,282.267,-14.7428],"stabilizedTipPosition":[94.1619,285.493,-26.6831],"timeVisible":0.379571,"tipPosition":[86.2949,270.74,-54.2871],"tipVelocity":[-217.599,-228.071,-32.6373],"tool":false,"touchDistance":-0.253861,"touchZone":"hovering","type":3,"width":18.0715},{"bases":[[[0.945718,-0.217133,0.241807],[0.225441,0.974232,-0.00689014],[-0.23408,0.0610294,0.9703]],[[0.861674,-0.196084,0.468048],[0.202679,0.978553,0.0368256],[-0.46523,0.0631315,0.882936]],[[0.861674,-0.196084,0.468048],[0.247617,0.96754,-0.050519],[-0.442949,0.159427,0.882258]],[[0.861674,-0.196084,0.468048],[0.282351,0.951633,-0.121129],[-0.421658,0.236527,0.875362]]],"btipPosition":[127.044,277.291,-27.0907],"carpPosition":[81.1031,290.254,92.7],"dipPosition":[119.778,281.367,-12.0069],"direction":[0.442949,-0.159427,-0.882258],"extended":true,"handId":429,"id":4294,"length":50.4953,"mcpPosition":[94.6721,286.716,36.4541],"pipPosition":[111.117,284.484,5.24378],"stabilizedTipPosition":[133.179,272.377,21.8218],"timeVisible":0.379571,"tipPosition":[126.911,277.714,-22.3132],"tipVelocity":[-225.929,18.4648,