{"sensorType":"Leap","data":[[0,{"currentFrameRate":100.847,"devices":[],"gestures":[],"hands":[{"armBasis":[[0.858951,0.473456,-0.195045],[-0.268594,0.740885,0.615587],[0.435959,-0.476371,0.763551]],"armWidth":63.7005,"confidence":0.871384,"direction":[-0.0972609,0.464398,-0.88027],"elbow":[196.091,184.914,303.65],"grabStrength":0,"id":420,"palmNormal":[0.289593,-0.832988,-0.471451],"palmPosition":[67.162,332.675,47.5904],"palmVelocity":[45.2568,-6.25521,-139.018],"palmWidth":90.9622,"pinchStrength":0.457532,"r":[[0.963549,0.267338,0.0101851],[-0.267138,0.963498,-0.0175451],[-0.0145038,0.0141847,0.999794]],"s":1.06057,"sphereCenter":[80.5683,304.834,10.1618],"sphereRadius":48.3127,"stabilizedPalmPosition":[69.3986,311.781,141.976],"t":[-19.1537,123.147,-171.287],"timeVisible":0.732064,"type":"right","wrist":[78.418,313.495,97.5539]}],"id":4115377,"interactionBox":{"center":[0,200,0],"size":[235.247,235.247,147.751]},"pointables":[{"bases":[[[0.105162,0.956697,0.271425],[-0.857874,-0.0507751,0.511346],[0.502985,-0.286623,0.815386]],[[-0.0612264,0.998117,-0.00360801],[-0.874016,-0.0518674,0.48312],[0.482024,0.0327332,0.875547]],[[-0.0612264,0.998117,-0.00360801],[-0.993003,-0.0605461,0.101387],[0.100978,0.00979032,0.994841]],[[-0.0612264,0.998117,-0.00360801],[-0.797582,-0.0510978,-0.601043],[-0.600096,-0.033922,0.799209]]],"btipPosition":[41.2845,293.168,-2.34853],"carpPosition":[54.7404,294.341,93.9513],"dipPosition":[27.2444,292.374,16.3501],"direction":[-0.100978,-0.00979032,-0.994841],"extended":false,"handId":420,"id":4200,"length":52.1005,"mcpPosition":[54.7404,294.341,93.9513],"pipPosition":[30.6863,292.708,50.2594],"stabilizedTipPosition":[34.9182,271.045,93.2312],"timeVisible":0.732064,"tipPosition":[37.0704,293.444,1.83975],"tipVelocity":[55.7946,-1.95271,-150.284],"tool":false,"touchDistance":-0.549371,"touchZone":"hovering","type":0,"width":20.2438},{"bases":[[[0.922347,0.374477,-0.0950887],[-0.324328,0.884192,0.336177],[0.209968,-0.279232,0.936986]],[[0.938896,0.344201,0.000506145],[-0.341841,0.932284,0.118287],[0.0402426,-0.111232,0.992979]],[[0.938896,0.344201,0.000506145],[-0.344186,0.938866,-0.0081184],[-0.00326957,0.00744813,0.999967]],[[0.938896,0.344201,0.000506145],[-0.342355,0.934008,-0.102085],[-0.0356107,0.0956742,0.994776]]],"btipPosition":[39.2329,341.517,-58.5321],"carpPosition":[55.7166,318.017,94.1816],"dipPosition":[38.6247,343.151,-41.541],"direction":[0.00326957,-0.00744813,-0.999967],"extended":true,"handId":420,"id":4201,"length":58.7895,"mcpPosition":[40.2741,338.553,25.269],"pipPosition":[38.5457,343.331,-17.3788],"stabilizedTipPosition":[37.2534,309.496,44.4259],"timeVisible":0.732064,"tipPosition":[39.1895,340.777,-54.6098],"tipVelocity":[76.8378,19.5419,-147.75],"tool":false,"touchDistance":-0.567961,"touchZone":"hovering","type":1,"width":19.3369},{"bases":[[[0.98392,0.177052,-0.0235317],[-0.159037,0.928428,0.335752],[0.0812931,-0.32661,0.941657]],[[0.982597,0.181908,-0.0375862],[-0.139511,0.589132,-0.795902],[-0.122638,0.787294,0.604258]],[[0.982597,0.181908,-0.0375862],[0.106096,-0.715716,-0.690285],[-0.15247,0.674285,-0.72256]],[[0.982597,0.181908,-0.0375862],[0.178729,-0.981005,-0.0754007],[-0.0505883,0.0673708,-0.996445]]],"btipPosition":[71.7967,288.655,37.5102],"carpPosition":[66.2726,324.246,93.044],"dipPosition":[70.8464,289.921,18.7907],"direction":[0.15247,-0.674285,0.72256],"extended":false,"handId":420,"id":4202,"length":66.986,"mcpPosition":[60.6026,347.026,27.3666],"pipPosition":[66.512,309.089,-1.74999],"stabilizedTipPosition":[73.5155,269.28,131.408],"timeVisible":0.732064,"tipPosition":[71.5123,289.056,34.0283],"tipVelocity":[36.0837,-7.45403,-139.932],"tool":false,"touchDistance":0.333333,"touchZone":"none","type":2,"width":18.9914},{"bases":[[[0.994329,0.0565632,0.0900543],[-0.0856613,0.92782,0.363059],[-0.0630184,-0.368715,0.927404]],[[0.995909,0.0692169,0.0580897],[0.0059495,0.59123,-0.806481],[-0.0901665,0.803527,0.5884]],[[0.995909,0.0692169,0.0580897],[0.0902812,-0.734891,-0.672149],[-0.00383438,0.674644,-0.738134]],[[0.995909,0.0692169,0.0580897],[0.0731039,-0.995024,-0.0676944],[0.0531151,0.0716641,-0.996014]]],"btipPosition":[85.175,294.69,46.9754],"carpPosition":[78.0873,327.513,92.2863],"dipPosition":[86.1671,296.029,28.3716],"direction":[0.00383438,-0.674644,0.738134],"extended":false,"handId":420,"id":4203,"length":64.4088,"mcpPosition":[82.0335,350.602,34.2115],"pipPosition":[86.0609,314.712,7.93006],"stabilizedTipPosition":[87.7958,276.35,138.914],"timeVisible":0.732064,"tipPosition":[85.3671,295.219,43.4462],"tipVelocity":[35.7873,-14.1849,-148.992],"tool":false,"touchDistance":0.333333,"touchZone":"none","type":3,"width":18.0715},{"bases":[[[0.980747,-0.140577,0.135552],[0.0648073,0.889078,0.453144],[-0.184218,-0.435635,0.881071]],[[0.979355,-0.143801,0.142075],[0.200823,0.611758,-0.765129],[0.0231105,0.777865,0.628006]],[[0.979355,-0.143801,0.142075],[-0.00388655,-0.716091,-0.697996],[0.202111,0.683034,-0.701866]],[[0.979355,-0.143801,0.142075],[-0.126834,-0.984387,-0.122048],[0.157407,0.101508,-0.982303]]],"btipPosition":[94.9882,306.428,48.8352],"carpPosition":[91.7906,323.776,91.4576],"dipPosition":[97.7005,308.177,31.9086],"direction":[-0.202111,-0.683034,0.701866],"extended":false,"handId":420,"id":4204,"length":50.4953,"mcpPosition":[102.469,349.029,40.3842],"pipPosition":[101.652,321.532,18.1852],"stabilizedTipPosition":[98.1336,288.613,137.002],"timeVisible":0.732064,"tipPosition":[95.6852,306.919,45.4845],"tipVelocity":[37.9697,-15.4529,-132.831],"tool":false,"touchDistance":0.333333,"touchZone":"none","type":4,"width":16.0525}],"r":[[0.963549,0.267338,0.0101851],[-0.267138,0.963498,-0.0175451],[-0.0145038,0.0141847,0.999794]],"s":1.06057,"t":[-19.1537,123.147,-171.287],"timestamp":521490110488},false],[1,{"currentFrameRate":101.248,"devices":[],"gestures":[],"hands":[{"armBasis":[[0.861698,0.469707,-0.191969],[-0.27022,0.744992,0.609892],[0.429486,-0.473669,0.768882]],"armWidth":63.7005,"confidence":0.877452,"direction":[-0.0922967,0.463646,-0.8812],"elbow":[194.602,185.696,303.09],"grabStrength":0,"id":420,"palmNormal":[0.289714,-0.834186,-0.469254],"palmPosition":[67.6852,332.699,45.5215],"palmVelocity":[48.647,-3.80275,-163.49],"palmWidth":90.9622,"pinchStrength":0.456881,"r":[[0.964452,0.2639,0.013765],[-0.263634,0.964445,-0.018547],[-0.0181701,0.0142587,0.999733]],"s":1.06031,"sphereCenter":[81.2504,304.816,8.17242],"sphereRadius":48.3229,"stabilizedPalmPosition":[69.3986,311.782,141.973],"t":[-18.6176,123.106,-173.061],"timeVisible":0.741166,"type":"right","wrist":[78.6762,313.548,95.5552]}],"id":4115378,"interactionBox":{"center":[0,200,0],"size":[235.247,235.247,147.751]},"pointables":[{"bases":[[[0.106207,0.956749,0.270833],[-0.860233,-0.0482017,0.507618],[0.498717,-0.286893,0.817908]],[[-0.0593032,0.998224,-0.00570997],[-0.877588,-0.0494087,0.476863],[0.475734,0.0332905,0.878959]],[[-0.0593032,0.998224,-0.00570997],[-0.99335,-0.0584463,0.0991955],[0.0986856,0.0115546,0.995052]],[[-0.0593032,0.998224,-0.00570997],[-0.796249,-0.0507525,-0.602837],[-0.602056,-0.0312036,0.797844]]],"btipPosition":[41.9519,293.12,-4.57595],"carpPosition":[54.9699,294.445,91.8694],"dipPosition":[27.8659,292.39,14.0908],"direction":[-0.0986856,-0.0115546,-0.995052],"extended":false,"handId":420,"id":4200,"length":52.1005,"mcpPosition":[54.9699,294.445,91.8694],"pipPosition":[31.2296,292.784,48.0073],"stabilizedTipPosition":[34.9188,271.048,93.2185],"timeVisible":0.741166,"tipPosition":[37.7665,293.422,-0.360912],"tipVelocity":[60.3312,-2.40733,-176.686],"tool":false,"touchDistance":-0.556288,"touchZone":"hovering","type":0,"width":20.2438},{"bases":[[[0.923632,0.372214,-0.0914369],[-0.323733,0.885321,0.333773],[0.205186,-0.278682,0.938208]],[[0.939677,0.342038,0.00416785],[-0.340094,0.932892,0.118525],[0.0366518,-0.112792,0.992942]],[[0.939677,0.342038,0.00416785],[-0.341999,0.939667,-0.00798881],[-0.00664886,0.0060815,0.999959]],[[0.939677,0.342038,0.00416785],[-0.339852,0.934918,-0.102124],[-0.0388269,0.0945473,0.994763]]],"btipPosition":[40.1594,341.698,-60.7237],"carpPosition":[56.0005,318.119,92.078],"dipPosition":[39.4962,343.312,-43.7327],"direction":[0.00664886,-0.0060815,-0.999959],"extended":true,"handId":420,"id":4201,"length":58.7895,"mcpPosition":[40.9097,338.615,23.0755],"pipPosition":[39.3355,343.459,-19.5707],"stabilizedTipPosition":[37.2554,309.519,44.3545],"timeVisible":0.741166,"tipPosition":[40.1243,340.955,-56.8031],"tipVelocity":[83.3678,19.5007,-173.539],"tool":false,"touchDistance":-0.572372,"touchZone":"hovering","type":1,"width":19.3369},{"bases":[[[0.984426,0.174725,-0.0193923],[-0.158338,0.929169,0.334027],[0.0763816,-0.325754,0.942364]],[[0.98318,0.179554,-0.0334151],[-0.134596,0.588665,-0.797093],[-0.123451,0.788184,0.602931]],[[0.98318,0.179554,-0.0334151],[0.107479,-0.716745,-0.689003],[-0.147663,0.673823,-0.723988]],[[0.98318,0.179554,-0.0334151],[0.176755,-0.981514,-0.0733983],[-0.0459763,0.0662575,-0.996743]]],"btipPosition":[72.2586,288.663,35.507],"carpPosition":[66.576,324.322,90.98],"dipPosition":[71.3949,289.908,16.7819],"direction":[0.147663,-0.673823,0.723988],"extended":false,"handId":420,"id":4202,"length":66.986,"mcpPosition":[61.2486,347.042,25.2533],"pipPosition":[67.1972,309.063,-3.7994],"stabilizedTipPosition":[73.5155,269.28,131.407],"timeVisible":0.741166,"tipPosition":[71.9924,289.057,32.015],"tipVelocity":[40.7548,-5.302,-162.191],"tool":false,"touchDistance":0.333333,"touchZone":"none","type":2,"width":18.9914},{"bases":[[[0.994053,0.0543384,0.0943709],[-0.0850848,0.92842,0.361658],[-0.067964,-0.367536,0.927522]],[[0.9958,0.0669206,0.0624818],[0.0109024,0.59092,-0.806656],[-0.0909037,0.80395,0.587709]],[[0.9958,0.0669206,0.0624818],[0.0915493,-0.735491,-0.671321],[0.00102961,0.674222,-0.738528]],[[0.9958,0.0669206,0.0624818],[0.0710514,-0.995259,-0.0664145],[0.0577411,0.070575,-0.995834]]],"btipPosition":[85.6108,294.677,44.991],"carpPosition":[78.4015,327.561,90.2708],"dipPosition":[86.6893,295.995,26.3905],"direction":[-0.00102961,-0.674222,0.738528],"extended":false,"handId":420,"id":4203,"length":64.4088,"mcpPosition":[82.6575,350.576,32.1886],"pipPosition":[86.7178,314.667,5.93801],"stabilizedTipPosition":[87.7958,276.35,138.913],"timeVisible":0.741166,"tipPosition":[85.8216,295.192,41.4506],"tipVelocity":[39.7438,-10.7894,-168.106],"tool":false,"touchDistance":0.333333,"touchZone":"none","type":3,"width":18.0715},{"bases":[[[0.979808,-0.142719,0.140025],[0.0648946,0.889427,0.452447],[-0.189115,-0.434225,0.880729]],[[0.978308,-0.146092,0.14687],[0.206114,0.61542,-0.760773],[0.0207559,0.774542,0.632181]],[[0.978308,-0.146092,0.14687],[-0.000763749,-0.711522,-0.702663],[0.207155,0.687309,-0.696199]],[[0.978308,-0.146092,0.14687],[-0.12776,-0.983593,-0.127364],[0.163067,0.105837,-0.980922]]],"btipPosition":[95.4681,306.32,46.6218],"carpPosition":[92.0996,323.791,89.5066],"dipPosition":[98.278,308.144,29.719],"direction":[-0.207155,-0.687309,0.696199],"extended":false,"handId":420,"id":4204,"length":50.4953,"mcpPosition":[103.062,348.962,38.4529],"pipPosition":[102.328,321.583,16.1063],"stabilizedTipPosition":[98.1336,288.613,137.001],"timeVisible":0.741166,"tipPosition":[96.1705,306.843,43.3422],"tipVelocity":[42.7438,-13.9278,-163.255],"tool":false,"touchDistance":0.333333,"touchZone":"none","type":4,"width":16.0525}],"r":[[0.964452,0.2639,0.013765],[-0.263634,0.964445,-0.018547],[-0.0181701,0.0142587,0.999733]],"s":1.06031,"t":[-18.6176,123.106,-173.061],"timestamp":521490119590},false],[2,{"currentFrameRate":101.686,"devices":[],"gestures":[],"hands":[{"armBasis":[[0.866247,0.46241,-0.189193],[-0.269433,0.751253,0.602515],[0.420741,-0.470952,0.775359]],"armWidth":63.7005,"confidence":0.870817,"direction":[-0.0865818,0.465971,-0.880553],"elbow":[192.567,186.33,303.594],"grabStrength":0,"id":420,"palmNormal":[0.286601,-0.834858,-0.469971],"palmPosition":[68.2944,332.765,44.2792],"palmVelocity":[53.8845,-0.757288,-156.534],"palmWidth":90.9622,"pinchStrength":0.46031,"r":[[0.96544,0.260043,0.017412],[-0.259713,0.965496,-0.0191219],[-0.0217837,0.0139389,0.999666]],"s":1.06045,"sphereCenter":[81.8258,304.929,6.92235],"sphereRadius":48.3385,"stabilizedPalmPosition":[69.3985,311.783,141.97],"t":[-18.0451,123.118,-174.568],"timeVisible":0.750159,"type":"right","wrist":[79.0015,313.449,94.3111]}],"id":4115379,"interactionBox":{"center":[0,200,0],"size":[235.247,235.247,147.751]},"pointables":[{"bases":[[[0.1107,0.955571,0.273182],[-0.86226,-0.0443438,0.504521],[0.49422,-0.291405,0.819042]],[[-0.0540226,0.998529,-0.00456445],[-0.880566,-0.0454841,0.471735],[0.470834,0.0295037,0.881728]],[[-0.0540226,0.998529,-0.00456445],[-0.993771,-0.0533178,0.0978622],[0.0974749,0.00982279,0.99519]],[[-0.0540226,0.998529,-0.00456445],[-0.795316,-0.0457914,-0.604464],[-0.603784,-0.0290245,0.79662]]],"btipPosition":[42.5082,293.361,-6.05634],"carpPosition":[55.2,294.489,90.5033],"dipPosition":[28.3818,292.682,12.5817],"direction":[-0.0974749,-0.00982279,-0.995189],"extended":false,"handId":420,"id":4200,"length":52.1005,"mcpPosition":[55.2,294.489,90.5033],"pipPosition":[31.7042,293.017,46.5029],"stabilizedTipPosition":[34.9194,271.051,93.2051],"timeVisible":0.750159,"tipPosition":[38.3572,293.688,-1.82112],"tipVelocity":[60.4667,5.9541,-173.575],"tool":false,"touchDistance":-0.551298,"touchZone":"hovering","type":0,"width":20.2438},{"bases":[[[0.926047,0.367136,-0.0874519],[-0.319856,0.886463,0.334478],[0.200322,-0.28177,0.938337]],[[0.941577,0.336701,0.00805874],[-0.335122,0.934239,0.122027],[0.0335578,-0.117598,0.992494]],[[0.941577,0.336701,0.00805874],[-0.336671,0.94161,-0.00485502],[-0.00922288,0.00185823,0.999956]],[[0.941577,0.336701,0.00805874],[-0.33429,0.937214,-0.0993966],[-0.0410197,0.0908956,0.995015]]],"btipPosition":[41.1136,342.332,-62.0316],"carpPosition":[56.3645,318.156,90.7645],"dipPosition":[40.413,343.885,-45.0364],"direction":[0.00922288,-0.00185823,-0.999956],"extended":true,"handId":420,"id":4201,"length":58.7895,"mcpPosition":[41.6314,338.879,21.7525],"pipPosition":[40.1901,343.93,-20.8744],"stabilizedTipPosition":[37.2585,309.547,44.2679],"timeVisible":0.750159,"tipPosition":[41.0839,341.579,-58.1155],"tipVelocity":[89.3458,33.0827,-165.799],"tool":false,"touchDistance":-0.563073,"touchZone":"hovering","type":1,"width":19.3369},{"bases":[[[0.985466,0.169156,-0.0156055],[-0.154216,0.929369,0.335398],[0.0712379,-0.328116,0.941947]],[[0.984311,0.173965,-0.0294619],[-0.128791,0.594261,-0.793893],[-0.120602,0.785232,0.607343]],[[0.984311,0.173965,-0.0294619],[0.105207,-0.71272,-0.693514],[-0.141646,0.679534,-0.71984]],[[0.984311,0.173965,-0.0294619],[0.171233,-0.982113,-0.0783168],[-0.0425593,0.0720432,-0.996493]]],"btipPosition":[72.6477,288.678,33.937],"carpPosition":[66.9788,324.301,89.7162],"dipPosition":[71.8481,290.031,15.2166],"direction":[0.141646,-0.679534,0.71984],"extended":false,"handId":420,"id":4202,"length":66.986,"mcpPosition":[62.0102,347.186,24.0185],"pipPosition":[67.8215,309.349,-5.24678],"stabilizedTipPosition":[73.5155,269.28,131.406],"timeVisible":0.750159,"tipPosition":[72.401,289.102,30.4818],"tipVelocity":[41.8929,-2.63419,-165.557],"tool":false,"touchDistance":0.333333,"touchZone":"none","type":2,"width":18.9914},{"bases":[[[0.994011,0.0484834,0.0979409],[-0.0810654,0.928146,0.363282],[-0.0732904,-0.369046,0.926517]],[[0.995929,0.0610184,0.0663435],[0.0180225,0.586364,-0.809848],[-0.088317,0.807747,0.582877]],[[0.995929,0.0610184,0.0663435],[0.0897351,-0.740629,-0.665895],[0.0085041,0.669138,-0.74309]],[[0.995929,0.0610184,0.0663435],[0.0651269,-0.995972,-0.0616358],[0.0623153,0.0657056,-0.995891]]],"btipPosition":[85.9598,294.747,44.1811],"carpPosition":[78.825,327.474,89.0548],"dipPosition":[87.1238,295.974,25.5795],"direction":[-0.0085041,-0.669138,0.74309],"extended":false,"handId":420,"id":4203,"length":64.4088,"mcpPosition":[83.4145,350.584,31.0355],"pipPosition":[87.3593,314.505,5.00076],"stabilizedTipPosition":[87.7958,276.35,138.912],"timeVisible":0.750159,"tipPosition":[86.2071,295.199,40.4095],"tipVelocity":[40.0878,-6.3453,-146.696],"tool":false,"touchDistance":0.333333,"touchZone":"none","type":3,"width":18.0715},{"bases":[[[0.978486,-0.148583,0.143137],[0.068372,0.888113,0.454512],[-0.194654,-0.434947,0.879165]],[[0.977088,-0.151649,0.149338],[0.211635,0.617799,-0.757321],[0.0225858,0.771574,0.635739]],[[0.977088,-0.151649,0.149338],[-0.00187893,-0.707776,-0.706434],[0.212828,0.689968,-0.691844]],[[0.977088,-0.151649,0.149338],[-0.132218,-0.982331,-0.132455],[0.166786,0.109675,-0.979874]]],"btipPosition":[95.9539,306.186,45.3074],"carpPosition":[92.504,323.627,88.3305],"dipPosition":[98.8279,308.075,28.4226],"direction":[-0.212828,-0.689968,0.691844],"extended":false,"handId":420,"id":4204,"length":50.4953,"mcpPosition":[103.788,348.84,37.3675],"pipPosition":[102.989,321.566,14.8951],"stabilizedTipPosition":[98.1336,288.613,136.999],"timeVisible":0.750159,"tipPosition":[96.6553,306.729,42.0422],"tipVelocity":[46.2877,-13.7558,-158.437],"tool":false,"touchDistance":0.333333,"touchZone":"none","type":4,"width":16.0525}],"r":[[0.96544,0.260043,0.017412],[-0.259713,0.965496,-0.0191219],[-0.0217837,0.0139389,0.999666]],"s":1.06045,"t":[-18.0451,123.118,-174.568],"timestamp":521490128583},false],[3,{"currentFrameRate":101.958,"devices":[],"gestures":[],"hands":[{"armBasis":[[0.864898,0.465685,-0.187318],[-0.272672,0.749214,0.603596],[0.421427,-0.470973,0.774974]],"armWidth":63.7005,"confidence":0.788103,"direction":[-0.0831323,0.469328,-0.879102],"elbow":[192.983,186.253,302.036],"grabStrength":0,"id":420,"palmNormal":[0.289224,-0.832822,-0.471971],"palmPosition":[68.7265,332.88,42.8547],"palmVelocity":[51.8093,2.94489,-155.648],"palmWidth":90.9622,"pinchStrength":0.466458,"r":[[0.966155,0.257076,0.0213638],[-0.256695,0.966305,-0.0190437],[-0.0255396,0.0129151,0.99959]],"s":1.06045,"sphereCenter":[82.5047,305.195,5.42575],"sphereRadius":48.3612,"stabilizedPalmPosition":[69.3985,311.784,141.965],"t":[-17.5427,123.182,-176.034],"timeVisible":0.759446,"type":"right","wrist":[79.2323,313.377,92.8568]}],"id":4115380,"interactionBox":{"center":[0,200,0],"size":[235.247,235.247,147.751]},"pointables":[{"bases":[[[0.108833,0.954581,0.277364],[-0.864389,-0.0469141,0.50063],[0.490904,-0.294236,0.820023]],[[-0.054913,0.99849,-0.00124425],[-0.883363,-0.0480004,0.466226],[0.465462,0.026701,0.884665]],[[-0.054913,0.99849,-0.00124425],[-0.993974,-0.0545461,0.0950775],[0.0948661,0.00645774,0.995469]],[[-0.054913,0.99849,-0.00124425],[-0.794158,-0.0444307,-0.606086],[-0.605226,-0.0322938,0.795398]]],"btipPosition":[43.1601,293.618,-7.81412],"carpPosition":[55.4611,294.415,88.873],"dipPosition":[28.9999,292.863,10.7954],"direction":[-0.0948661,-0.00645774,-0.995469],"extended":false,"handId":420,"id":4200,"length":52.1005,"mcpPosition":[55.4611,294.415,88.873],"pipPosition":[32.2335,293.083,44.7261],"stabilizedTipPosition":[34.9201,271.054,93.1903],"timeVisible":0.759446,"tipPosition":[39.042,293.923,-3.56005],"tipVelocity":[62.9742,11.5552,-178.201],"tool":false,"touchDistance":-0.550966,"touchZone":"hovering","type":0,"width":20.2438},{"bases":[[[0.926149,0.368128,-0.0820406],[-0.321933,0.88493,0.336538],[0.196489,-0.285273,0.938089]],[[0.941266,0.337409,0.0131962],[-0.336336,0.933373,0.125272],[0.029951,-0.122353,0.992035]],[[0.941266,0.337409,0.0131962],[-0.337411,0.941355,-0.00211634],[-0.0131364,-0.0024605,0.999911]],[[0.941266,0.337409,0.0131962],[-0.334637,0.937331,-0.0971042],[-0.045133,0.0869849,0.995187]]],"btipPosition":[41.9581,342.891,-63.5289],"carpPosition":[56.6074,318.082,89.2311],"dipPosition":[41.1872,344.377,-46.5307],"direction":[0.0131364,0.0024605,-0.999911],"extended":true,"handId":420,"id":4201,"length":58.7895,"mcpPosition":[42.1562,339.063,20.2373],"pipPosition":[40.8698,344.318,-22.3699],"stabilizedTipPosition":[37.2633,309.583,44.1577],"timeVisible":0.759446,"tipPosition":[41.922,342.146,-59.6177],"tipVelocity":[89.3025,40.2568,-164.488],"tool":false,"touchDistance":-0.557547,"touchZone":"hovering","type":1,"width":19.3369},{"bases":[[[0.985401,0.169913,-0.0107084],[-0.15633,0.927949,0.338337],[0.0674247,-0.331723,0.940964]],[[0.984314,0.174729,-0.0244206],[-0.126553,0.602815,-0.787781],[-0.122927,0.778514,0.615472]],[[0.984314,0.174729,-0.0244206],[0.107605,-0.704255,-0.701745],[-0.139814,0.68811,-0.712009]],[[0.984314,0.174729,-0.0244206],[0.172005,-0.981199,-0.0875415],[-0.0392575,0.0819679,-0.995861]]],"btipPosition":[73.1544,288.76,31.9156],"carpPosition":[67.2216,324.238,88.2523],"dipPosition":[72.4169,290.3,13.2071],"direction":[0.139814,-0.68811,0.712009],"extended":false,"handId":420,"id":4202,"length":66.986,"mcpPosition":[62.519,347.375,22.6232],"pipPosition":[68.4423,309.862,-7.0337],"stabilizedTipPosition":[73.5155,269.281,131.405],"timeVisible":0.759446,"tipPosition":[72.9259,289.237,28.539],"tipVelocity":[45.8997,1.9177,-180.166],"tool":false,"touchDistance":0.333333,"touchZone":"none","type":2,"width":18.9914},{"bases":[[[0.993545,0.0488057,0.102404],[-0.0832988,0.92667,0.366531],[-0.0770062,-0.372695,0.924753]],[[0.995586,0.0614243,0.0709657],[0.0212558,0.588903,-0.807924],[-0.0914181,0.805866,0.584998]],[[0.995586,0.0614243,0.0709657],[0.0931548,-0.738983,-0.667253],[0.011457,0.670918,-0.741443]],[[0.995586,0.0614243,0.0709657],[0.0659756,-0.995787,-0.0636766],[0.0667555,0.0680776,-0.995444]]],"btipPosition":[86.4096,294.914,42.7423],"carpPosition":[79.0683,327.422,87.6543],"dipPosition":[87.6565,296.186,24.1491],"direction":[-0.011457,-0.670918,0.741443],"extended":false,"handId":420,"id":4203,"length":64.4088,"mcpPosition":[83.8905,350.761,29.7454],"pipPosition":[87.9738,314.766,3.61595],"stabilizedTipPosition":[87.7958,276.351,138.911],"timeVisible":0.759446,"tipPosition":[86.6781,295.355,38.9288],"tipVelocity":[43.0194,0.832975,-148.957],"tool":false,"touchDistance":0.333333,"touchZone":"none","type":3,"width":18.0715},{"bases":[[[0.977969,-0.148446,0.146768],[0.0657739,0.886388,0.458247],[-0.198118,-0.438497,0.876624]],[[0.976598,-0.151427,0.152732],[0.214186,0.620267,-0.754581],[0.0195298,0.769635,0.638185]],[[0.976598,-0.151427,0.152732],[0.00147718,-0.705393,-0.708814],[0.21507,0.692452,-0.688662]],[[0.976598,-0.151427,0.152732],[-0.130868,-0.981924,-0.136742],[0.170677,0.113554,-0.978762]]],"btipPosition":[96.4008,306.305,43.9302],"carpPosition":[92.7531,323.588,86.9738],"dipPosition":[99.3419,308.262,27.0646],"direction":[-0.21507,-0.692452,0.688662],"extended":false,"handId":420,"id":4204,"length":50.4953,"mcpPosition":[104.237,349.007,36.1582],"pipPosition":[103.547,321.801,13.5994],"stabilizedTipPosition":[98.1336,288.614,136.997],"timeVisible":0.759446,"tipPosition":[97.1143,306.863,40.6428],"tipVelocity":[47.2748,-5.77113,-155.442],"tool":false,"touchDistance":0.333333,"touchZone":"none","type":4,"width":16.0525}],"r":[[0.966155,0.257076,0.0213638],[-0.256695,0.966305,-0.0190437],[-0.0255396,0.0129151,0.99959]],"s":1.06045,"t":[-17.5427,123.182,-176.034],"timestamp":521490137870},false],[4,{"currentFrameRate":102.46,"devices":[],"gestures":[],"hands":[{"armBasis":[[0.865318,0.465473,-0.185901],[-0.273069,0.748823,0.603901],[0.420307,-0.471803,0.775077]],"armWidth":63.7005,"confidence":0.793663,"direction":[-0.0793884,0.471613,-0.878225],"elbow":[192.953,185.916,301.259],"grabStrength":0,"id":420,"palmNormal":[0.288932,-0.8323,-0.473069],"palmPosition":[69.1966,332.908,42.0651],"palmVelocity":[52.2438,3.03436,-137.889],"palmWidth":90.9622,"pinchStrength":0.460168,"r":[[0.966802,0.254276,0.0252517],[-0.253857,0.967062,-0.0186663],[-0.0291663,0.0116363,0.999507]],"s":1.06086,"sphereCenter":[83.1723,305.304,4.61137],"sphereRadius":48.411,"stabilizedPalmPosition":[69.3985,311.785,141.959],"t":[-17.0565,123.228,-177.162],"timeVisible":0.768246,"type":"right","wrist":[79.5047,313.263,92.0527]}],"id":4115381,"interactionBox":{"center":[0,200,0],"size":[235.247,235.247,147.751]},"pointables":[{"bases":[[[0.109988,0.953679,0.28],[-0.866047,-0.0462765,0.497816],[0.487713,-0.297247,0.820841]],[[-0.0533056,0.998578,0.0000914375],[-0.885886,-0.0473322,0.461482],[0.46083,0.0245186,0.88715]],[[-0.0533056,0.998578,0.0000914375],[-0.993982,-0.053069,0.0958351],[0.0957037,0.00501767,0.995397]],[[-0.0533056,0.998578,0.0000914375],[-0.796289,-0.0424519,-0.603425],[-0.602563,-0.0322387,0.79742]]],"btipPosition":[43.5452,293.722,-8.90688],"carpPosition":[55.7059,294.362,87.9491],"dipPosition":[29.4473,292.967,9.74992],"direction":[-0.0957037,-0.00501767,-0.995397],"extended":false,"handId":420,"id":4200,"length":52.1005,"mcpPosition":[55.7059,294.362,87.9491],"pipPosition":[32.7094,293.138,43.6782],"stabilizedTipPosition":[34.921,271.058,93.1754],"timeVisible":0.768246,"tipPosition":[39.5441,294.036,-4.5973],"tipVelocity":[58.2372,11.62,-163.315],"tool":false,"touchDistance":-0.540431,"touchZone":"hovering","type":0,"width":20.2438},{"bases":[[[0.927179,0.366353,-0.0782632],[-0.321107,0.884803,0.33766],[0.19295,-0.287941,0.938009]],[[0.941915,0.335434,0.0167696],[-0.334764,0.933671,0.127246],[0.0270255,-0.125469,0.991729]],[[0.941915,0.335434,0.0167696],[-0.335467,0.942051,-0.000849395],[-0.0160827,-0.00482559,0.999859]],[[0.941915,0.335434,0.0167696],[-0.332395,0.9382,-0.0964075],[-0.0480716,0.0852335,0.995201]]],"btipPosition":[42.7593,343.252,-64.3722],"carpPosition":[56.9012,318.025,88.3677],"dipPosition":[41.9382,344.708,-47.3738],"direction":[0.0160827,0.00482559,-0.999859],"extended":true,"handId":420,"id":4201,"length":58.7895,"mcpPosition":[42.7103,339.202,19.3799],"pipPosition":[41.5496,344.591,-23.2142],"stabilizedTipPosition":[37.27,309.626,44.0244],"timeVisible":0.768246,"tipPosition":[42.7146,342.519,-60.4648],"tipVelocity":[89.4173,40.2378,-145.991],"tool":false,"touchDistance":-0.542775,"touchZone":"hovering","type":1,"width":19.3369},{"bases":[[[0.985788,0.167841,-0.00722371],[-0.155419,0.927465,0.34008],[0.0637792,-0.334124,0.940369]],[[0.984756,0.17268,-0.0208921],[-0.122482,0.603124,-0.788187],[-0.123504,0.778731,0.615081]],[[0.984756,0.17268,-0.0208921],[0.108659,-0.70451,-0.701326],[-0.135824,0.688365,-0.712534]],[[0.984756,0.17268,-0.0208921],[0.170246,-0.981488,-0.0877302],[-0.0356547,0.0828361,-0.995925]]],"btipPosition":[73.5652,288.817,31.1767],"carpPosition":[67.5315,324.161,87.4369],"dipPosition":[72.8954,290.373,12.467],"direction":[0.135824,-0.688365,0.712534],"extended":false,"handId":420,"id":4202,"length":66.986,"mcpPosition":[63.0831,347.465,21.8493],"pipPosition":[69.0343,309.942,-7.78877],"stabilizedTipPosition":[73.5155,269.281,131.404],"timeVisible":0.768246,"tipPosition":[73.3517,289.29,27.7034],"tipVelocity":[46.5877,3.24419,-154.26],"tool":false,"touchDistance":0.333333,"touchZone":"none","type":2,"width":18.9914},{"bases":[[[0.993321,0.046446,0.105622],[-0.0824797,0.925962,0.368498],[-0.0806868,-0.374749,0.923609]],[[0.995484,0.0591141,0.0742738],[0.0249918,0.59162,-0.80583],[-0.0915777,0.804047,0.587471]],[[0.995484,0.0591141,0.0742738],[0.093712,-0.736757,-0.669633],[0.0151369,0.673569,-0.738969]],[[0.995484,0.0591141,0.0742738],[0.0641093,-0.995706,-0.0667735],[0.0700076,0.0712336,-0.995]]],"btipPosition":[86.803,294.891,41.856],"carpPosition":[79.3867,327.321,86.8835],"dipPosition":[88.1106,296.221,23.2711],"direction":[-0.0151369,-0.673569,0.738969],"extended":false,"handId":420,"id":4203,"length":64.4088,"mcpPosition":[84.4394,350.788,29.0463],"pipPosition":[88.5298,314.875,2.80639],"stabilizedTipPosition":[87.7958,276.351,138.91],"timeVisible":0.768246,"tipPosition":[87.0836,295.344,38.0524],"tipVelocity":[43.9002,0.314676,-135.905],"tool":false,"touchDistance":0.333333,"touchZone":"none","type":3,"width":18.0715},{"bases":[[[0.977188,-0.150878,0.149462],[0.0662198,0.885144,0.460582],[-0.201787,-0.440178,0.874943]],[[0.976469,-0.152433,0.152553],[0.214729,0.621635,-0.7533],[0.0199951,0.768332,0.639739]],[[0.976469,-0.152433,0.152553],[0.00123419,-0.703425,-0.710769],[0.215654,0.694232,-0.686684]],[[0.976469,-0.152433,0.152553],[-0.131319,-0.981395,-0.140069],[0.171066,0.116739,-0.978319]]],"btipPosition":[96.8913,306.231,43.1891],"carpPosition":[93.0654,323.46,86.2366],"dipPosition":[99.839,308.243,26.3312],"direction":[-0.215654,-0.694232,0.686684],"extended":false,"handId":420,"id":4204,"length":50.4953,"mcpPosition":[104.762,348.976,35.5183],"pipPosition":[104.056,321.817,12.9046],"stabilizedTipPosition":[98.1335,288.614,136.994],"timeVisible":0.768246,"tipPosition":[97.5775,306.811,39.8699],"tipVelocity":[49.5992,-6.10562,-136.201],"tool":false,"touchDistance":0.333333,"touchZone":"none","type":4,"width":16.0525}],"r":[[0.966802,0.254276,0.0252517],[-0.253857,0.967062,-0.0186663],[-0.0291663,0.0116363,0.999507]],"s":1.06086,"t":[-17.0565,123.228,-177.162],"timestamp":521490146670},false],[5,{"currentFrameRate":102.794,"devices":[],"gestures":[],"hands":[{"armBasis":[[0.8653,0.464915,-0.18738],[-0.27292,0.750529,0.601848],[0.420442,-0.469639,0.776317]],"armWidth":63.7005,"confidence":0.804844,"direction":[-0.0769602,0.472631,-0.877893],"elbow":[193.325,186.298,300.323],"grabStrength":0,"id":420,"palmNormal":[0.288042,-0.83242,-0.473401],"palmPosition":[69.6563,332.777,40.7955],"palmVelocity":[51.7751,-1.8178,-138.364],"palmWidth":90.9622,"pinchStrength":0.45787,"r":[[0.967396,0.251634,0.0287349],[-0.251188,0.967766,-0.0182504],[-0.0324011,0.0104375,0.99942]],"s":1.06126,"sphereCenter":[83.7879,305.183,3.33739],"sphereRadius":48.445,"stabilizedPalmPosition":[69.3985,311.787,141.951],"t":[-16.5835,123.185,-178.361],"timeVisible":0.77734,"type":"right","wrist":[79.8408,313.062,90.781]}],"id":4115382,"interactionBox":{"center":[0,200,0],"size":[235.247,235.247,147.751]},"pointables":[{"bases":[[[0.111447,0.95318,0.28112],[-0.866974,-0.0450106,0.496317],[0.485733,-0.299036,0.821365]],[[-0.0516403,0.998666,0.000362208],[-0.887673,-0.0460671,0.458164],[0.457569,0.0233382,0.888868]],[[-0.0516403,0.998666,0.000362208],[-0.994078,-0.0514378,0.095721],[0.0956119,0.004583,0.995408]],[[-0.0516403,0.998666,0.000362208],[-0.796684,-0.0409773,-0.603005],[-0.602186,-0.0314279,0.797737]]],"btipPosition":[44.007,293.627,-10.3305],"carpPosition":[56.0107,294.213,86.619],"dipPosition":[29.918,292.892,8.33371],"direction":[-0.0956119,-0.004583,-0.995408],"extended":false,"handId":420,"id":4200,"length":52.1005,"mcpPosition":[56.0107,294.213,86.619],"pipPosition":[33.1769,293.048,42.2624],"stabilizedTipPosition":[34.9219,271.061,93.1597],"timeVisible":0.77734,"tipPosition":[40.0406,293.951,-5.99434],"tipVelocity":[56.2339,5.6574,-161.387],"tool":false,"touchDistance":-0.53605,"touchZone":"hovering","type":0,"width":20.2438},{"bases":[[[0.928048,0.364552,-0.0763489],[-0.319883,0.88512,0.33799],[0.190793,-0.289248,0.938048]],[[0.942547,0.33356,0.0185348],[-0.333097,0.934103,0.128448],[0.0255316,-0.127242,0.991543]],[[0.942547,0.33356,0.0185348],[-0.333609,0.942711,-0.000455088],[-0.0176247,-0.00575442,0.999828]],[[0.942547,0.33356,0.0185348],[-0.330365,0.938892,-0.0966506],[-0.0496409,0.0849744,0.995146]]],"btipPosition":[43.3981,343.299,-65.6703],"carpPosition":[57.2532,317.873,87.0628],"dipPosition":[42.5502,344.75,-48.6728],"direction":[0.0176247,0.00575442,-0.999828],"extended":true,"handId":420,"id":4201,"length":58.7895,"mcpPosition":[43.2209,339.146,18.0721],"pipPosition":[42.1244,344.611,-24.5139],"stabilizedTipPosition":[37.279,309.677,43.8651],"timeVisible":0.77734,"tipPosition":[43.3495,342.583,-61.7656],"tipVelocity":[83.9197,30.495,-145.097],"tool":false,"touchDistance":-0.536305,"touchZone":"hovering","type":1,"width":19.3369},{"bases":[[[0.986136,0.165853,-0.00540612],[-0.154114,0.927444,0.340729],[0.0615248,-0.335172,0.940146]],[[0.985141,0.17069,-0.0190228],[-0.119725,0.603108,-0.788623],[-0.123137,0.779183,0.614582]],[[0.985141,0.17069,-0.0190228],[0.108712,-0.705483,-0.70034],[-0.132961,0.687865,-0.713556]],[[0.985141,0.17069,-0.0190228],[0.16846,-0.981909,-0.0864683],[-0.0334379,0.0819789,-0.996073]]],"btipPosition":[73.9477,288.726,29.967],"carpPosition":[67.8974,323.989,86.1559],"dipPosition":[73.3195,290.266,11.2545],"direction":[0.132961,-0.687865,0.713556],"extended":false,"handId":420,"id":4202,"length":66.986,"mcpPosition":[63.6063,347.366,20.5838],"pipPosition":[69.5397,309.82,-9.03023],"stabilizedTipPosition":[73.5155,269.281,131.403],"timeVisible":0.77734,"tipPosition":[73.747,289.178,26.4177],"tipVelocity":[45.6232,-0.539919,-148.395],"tool":false,"touchDistance":0.333333,"touchZone":"none","type":2,"width":18.9914},{"bases":[[[0.993234,0.0443321,0.107333],[-0.0812254,0.925766,0.369268],[-0.0829948,-0.375488,0.923104]],[[0.995475,0.0570214,0.0760133],[0.0275483,0.592406,-0.805168],[-0.0909426,0.803619,0.588155]],[[0.995475,0.0570214,0.0760133],[0.0933531,-0.736192,-0.670303],[0.0177387,0.674366,-0.738184]],[[0.995475,0.0570214,0.0760133],[0.0622148,-0.995757,-0.0678008],[0.0718247,0.0722232,-0.994799]]],"btipPosition":[87.1863,294.72,40.5735],"carpPosition":[79.7598,327.125,85.6255],"dipPosition":[88.5278,296.069,21.9923],"direction":[-0.0177387,-0.674366,0.738184],"extended":false,"handId":420,"id":4203,"length":64.4088,"mcpPosition":[84.9571,350.639,27.8199],"pipPosition":[89.0191,314.744,1.54941],"stabilizedTipPosition":[87.7958,276.351,138.908],"timeVisible":0.77734,"tipPosition":[87.4744,295.176,36.7671],"tipVelocity":[43.6533,-4.86109,-137.297],"tool":false,"touchDistance":0.333333,"touchZone":"none","type":3,"width":18.0715},{"bases":[[[0.976629,-0.153001,0.150952],[0.0672365,0.884557,0.461561],[-0.204145,-0.440624,0.874171]],[[0.977465,-0.151178,0.147335],[0.210081,0.628231,-0.749127],[0.0206911,0.763198,0.645833]],[[0.977465,-0.151178,0.147335],[0.000368686,-0.696722,-0.717341],[0.211097,0.70123,-0.680966]],[[0.977465,-0.151178,0.147335],[-0.129533,-0.98064,-0.146853],[0.166683,0.124459,-0.978124]]],"btipPosition":[97.5344,305.945,41.6644],"carpPosition":[93.4318,323.237,84.9977],"dipPosition":[100.407,308.09,24.8098],"direction":[-0.211097,-0.70123,0.680966],"extended":false,"handId":420,"id":4204,"length":50.4953,"mcpPosition":[105.266,348.779,34.3242],"pipPosition":[104.534,321.801,11.495],"stabilizedTipPosition":[98.1335,288.615,136.99],"timeVisible":0.77734,"tipPosition":[98.1208,306.577,38.3961],"tipVelocity":[54.9202,-12.1849,-144.893],"tool":false,"touchDistance":0.333333,"touchZone":"none","type":4,"width":16.0525}],"r":[[0.967396,0.251634,0.0287349],[-0.251188,0.967766,-0.0182504],[-0.0324011,0.0104375,0.99942]],"s":1.06126,"t":[-16.5835,123.185,-178.361],"timestamp":521490155764},false],[6,{"currentFrameRate":103.115,"devices":[],"gestures":[],"hands":[{"armBasis":[[0.865848,0.464488,-0.185895],[-0.273904,0.751025,0.600781],[0.418668,-0.469268,0.777499]],"armWidth":63.7005,"confidence":0.8201,"direction":[-0.0741311,0.472279,-0.878326],"elbow":[193.028,186.354,299.452],"grabStrength":0,"id":420,"palmNormal":[0.288607,-0.8329,-0.472212],"palmPosition":[69.9927,332.717,39.5688],"palmVelocity":[47.6852,-3.13513,-137.42],"palmWidth":90.9622,"pinchStrength":0.457457,"r":[[0.967884,0.249347,0.032028],[-0.248871,0.968367,-0.0181402],[-0.0355381,0.00958679,0.999322]],"s":1.06161,"sphereCenter":[84.2886,305.099,2.15717],"sphereRadius":48.4687,"stabilizedPalmPosition":[69.3985,311.789,141.942],"t":[-16.1789,123.134,-179.574],"timeVisible":0.78643,"type":"right","wrist":[80.0224,313.017,89.5914]}],"id":4115383,"interactionBox":{"center":[0,200,0],"size":[235.247,235.247,147.751]},"pointables":[{"bases":[[[0.111515,0.953215,0.280971],[-0.868373,-0.0440097,0.493954],[0.48321,-0.299071,0.822839]],[[-0.0509833,0.998699,-0.00064784],[-0.889611,-0.0451195,0.454485],[0.453865,0.0237475,0.890754]],[[-0.0509833,0.998699,-0.00064784],[-0.994279,-0.0506966,0.0940124],[0.0938573,0.00543719,0.995571]],[[-0.0509833,0.998699,-0.00064784],[-0.795941,-0.0410243,-0.603982],[-0.603223,-0.0302773,0.796998]]],"btipPosition":[44.4525,293.525,-11.6589],"carpPosition":[56.1872,294.187,85.3729],"dipPosition":[30.3392,292.817,6.98798],"direction":[-0.0938573,-0.00543719,-0.995571],"extended":false,"handId":420,"id":4200,"length":52.1005,"mcpPosition":[56.1872,294.187,85.3729],"pipPosition":[33.5383,293.002,40.9222],"stabilizedTipPosition":[34.9229,271.065,93.1439],"timeVisible":0.78643,"tipPosition":[40.5031,293.854,-7.3122],"tipVelocity":[54.0627,1.16386,-157.287],"tool":false,"touchDistance":-0.530765,"touchZone":"hovering","type":0,"width":20.2438},{"bases":[[[0.928575,0.363698,-0.0739719],[-0.32003,0.885563,0.336689],[0.18796,-0.288967,0.938706]],[[0.942762,0.332823,0.0207198],[-0.332647,0.934272,0.128383],[0.0233708,-0.127927,0.991508]],[[0.942762,0.332823,0.0207198],[-0.332867,0.942973,-0.00139322],[-0.0200019,-0.00558345,0.999784]],[[0.942762,0.332823,0.0207198],[-0.329362,0.939075,-0.0982792],[-0.052167,0.0858296,0.994943]]],"btipPosition":[43.996,343.262,-66.9666],"carpPosition":[57.4493,317.846,85.8089],"dipPosition":[43.105,344.728,-49.9726],"direction":[0.0200019,0.00558345,-0.999784],"extended":true,"handId":420,"id":4201,"length":58.7895,"mcpPosition":[43.6255,339.099,16.7698],"pipPosition":[42.6217,344.593,-25.8147],"stabilizedTipPosition":[37.2903,309.736,43.6792],"timeVisible":0.78643,"tipPosition":[43.9464,342.568,-63.0639],"tipVelocity":[78.5938,21.0356,-144.431],"tool":false,"touchDistance":-0.530464,"touchZone":"touching","type":1,"width":19.3369},{"bases":[[[0.986293,0.164982,-0.00277532],[-0.154231,0.927742,0.339863],[0.058646,-0.334776,0.940471]],[[0.985341,0.169809,-0.0163857],[-0.117026,0.602909,-0.78918],[-0.124131,0.779529,0.613943]],[[0.985341,0.169809,-0.0163857],[0.110009,-0.705865,-0.699752],[-0.130391,0.687691,-0.714198]],[[0.985341,0.169809,-0.0163857],[0.167828,-0.982096,-0.0855608],[-0.0306214,0.0815566,-0.996198]]],"btipPosition":[74.2744,288.658,28.7682],"carpPosition":[68.1014,323.952,84.9283],"dipPosition":[73.6991,290.19,10.0534],"direction":[0.130391,-0.687691,0.714198],"extended":false,"handId":420,"id":4202,"length":66.986,"mcpPosition":[64.011,347.302,19.3336],"pipPosition":[69.9924,309.74,-10.2496],"stabilizedTipPosition":[73.5155,269.281,131.401],"timeVisible":0.78643,"tipPosition":[74.0846,289.107,25.2135],"tipVelocity":[43.3123,-2.51482,-143.839],"tool":false,"touchDistance":0.333333,"touchZone":"none","type":2,"width":18.9914},{"bases":[[[0.992974,0.0435087,0.110041],[-0.0814231,0.926014,0.368603],[-0.0858617,-0.374973,0.923051]],[[0.995314,0.0561899,0.0786995],[0.0301491,0.592967,-0.804662],[-0.09188,0.803264,0.588494]],[[0.995314,0.0561899,0.0786995],[0.0945703,-0.735482,-0.670912],[0.0201836,0.67521,-0.737349]],[[0.995314,0.0561899,0.0786995],[0.0616333,-0.995743,-0.068536],[0.0745134,0.0730653,-0.99454]]],"btipPosition":[87.4979,294.617,39.3372],"carpPosition":[79.968,327.078,84.429],"dipPosition":[88.8897,295.982,20.7609],"direction":[-0.0201836,-0.67521,0.737349],"extended":false,"handId":420,"id":4203,"length":64.4088,"mcpPosition":[85.3448,350.559,26.6268],"pipPosition":[89.4487,314.681,0.341142],"stabilizedTipPosition":[87.7958,276.352,138.905],"timeVisible":0.78643,"tipPosition":[87.7943,295.08,35.5421],"tipVelocity":[41.4113,-6.53382,-136.904],"tool":false,"touchDistance":0.333333,"touchZone":"none","type":3,"width":18.0715},{"bases":[[[0.976075,-0.153789,0.153707],[0.0667483,0.884718,0.461323],[-0.206934,-0.440026,0.873816]],[[0.977979,-0.149643,0.14548],[0.207728,0.630591,-0.747799],[0.0201642,0.761552,0.64779]],[[0.977979,-0.149643,0.14548],[0.000677243,-0.694785,-0.719217],[0.208703,0.703478,-0.679384]],[[0.977979,-0.149643,0.14548],[-0.127988,-0.980626,-0.148297],[0.164853,0.126412,-0.978184]]],"btipPosition":[97.9994,305.832,40.4288],"carpPosition":[93.6382,323.177,83.8406],"dipPosition":[100.84,308.01,23.5732],"direction":[-0.208703,-0.703478,0.679384],"extended":false,"handId":420,"id":4204,"length":50.4953,"mcpPosition":[105.634,348.685,33.1877],"pipPosition":[104.921,321.765,10.2893],"stabilizedTipPosition":[98.1336,288.616,136.984],"timeVisible":0.78643,"tipPosition":[98.5298,306.472,37.1573],"tipVelocity":[53.6591,-12.037,-142.