{"sensorType":"Leap","data":[[0,{"currentFrameRate":106.49,"devices":[],"gestures":[],"hands":[{"armBasis":[[0.897982,0.375365,-0.229629],[-0.172811,0.78075,0.600471],[0.404679,-0.49953,0.765966]],"armWidth":63.7005,"confidence":0.781652,"direction":[-0.151917,0.668439,-0.728087],"elbow":[178.814,153.429,289.737],"grabStrength":0,"id":421,"palmNormal":[0.156925,-0.710981,-0.685478],"palmPosition":[54.6238,319.61,40.7478],"palmVelocity":[91.9886,50.4052,-184.386],"palmWidth":90.9622,"pinchStrength":0.543113,"r":[[0.968811,0.0867667,0.232113],[-0.143271,0.960394,0.238989],[-0.202184,-0.264791,0.942872]],"s":0.978769,"sphereCenter":[67.7262,297.836,-5.24418],"sphereRadius":49.2704,"stabilizedPalmPosition":[42.369,290.923,114.768],"t":[-7.60949,111.71,-166.516],"timeVisible":0.497094,"type":"right","wrist":[69.5836,288.26,82.9891]}],"id":4115725,"interactionBox":{"center":[0,200,0],"size":[235.247,235.247,147.751]},"pointables":[{"bases":[[[0.22268,0.854235,0.469783],[-0.796255,-0.118667,0.593209],[0.562488,-0.506162,0.653764]],[[0.0149932,0.9764,0.215447],[-0.843669,-0.103293,0.526833],[0.536654,-0.189665,0.82221]],[[0.0149932,0.9764,0.215447],[-0.970447,-0.0376917,0.238352],[0.240848,-0.212654,0.94698]],[[0.0149932,0.9764,0.215447],[-0.820205,0.135246,-0.555852],[-0.571873,-0.168377,0.802877]]],"btipPosition":[22.3764,292.726,-13.925],"carpPosition":[43.9863,272.074,78.1677],"dipPosition":[8.99662,288.787,4.85949],"direction":[-0.240848,0.212654,-0.94698],"extended":false,"handId":421,"id":4210,"length":52.1005,"mcpPosition":[43.9863,272.074,78.1677],"pipPosition":[17.206,281.538,37.1375],"stabilizedTipPosition":[0.52992,264.522,75.6451],"timeVisible":0.497094,"tipPosition":[18.9544,292.796,-9.14835],"tipVelocity":[100.687,65.4109,-202.816],"tool":false,"touchDistance":-0.580405,"touchZone":"hovering","type":0,"width":20.2438},{"bases":[[[0.936496,0.327523,-0.125318],[-0.20171,0.795425,0.5715],[0.286861,-0.509929,0.810976]],[[0.967471,0.252772,-0.0103452],[-0.242819,0.939296,0.242409],[0.0709914,-0.232012,0.970119]],[[0.967471,0.252772,-0.0103452],[-0.250443,0.962736,0.10207],[0.03576,-0.0961587,0.994723]],[[0.967471,0.252772,-0.0103452],[-0.25277,0.967525,0.00150363],[0.0103893,0.00116023,0.999945]]],"btipPosition":[21.9736,344.655,-58.6725],"carpPosition":[47.1619,294.883,83.7534],"dipPosition":[22.151,344.675,-41.593],"direction":[-0.03576,0.0961587,-0.994723],"extended":true,"handId":421,"id":4211,"length":58.7895,"mcpPosition":[26.0641,332.387,24.1084],"pipPosition":[23.0151,342.351,-17.5575],"stabilizedTipPosition":[0.145614,323.142,4.93075],"timeVisible":0.497094,"tipPosition":[22.3996,345.287,-54.5809],"tipVelocity":[134.665,51.9191,-200.724],"tool":false,"touchDistance":-0.589127,"touchZone":"hovering","type":1,"width":19.3369},{"bases":[[[0.987215,0.115187,-0.110178],[-0.0341336,0.827957,0.559752],[0.155699,-0.548835,0.821303]],[[0.99109,0.100191,-0.0877613],[-0.133179,0.755014,-0.642041],[0.00193402,0.648009,0.76163]],[[0.99109,0.100191,-0.0877613],[-0.0606159,-0.247428,-0.967008],[-0.1186,0.963712,-0.23915]],[[0.99109,0.100191,-0.0877613],[0.00566022,-0.68999,-0.723796],[-0.133073,0.716851,-0.68441]]],"btipPosition":[52.9723,266.716,8.3955],"carpPosition":[58.0535,300.525,82.7223],"dipPosition":[50.4724,280.183,-4.462],"direction":[0.1186,-0.963712,0.23915],"extended":false,"handId":421,"id":4212,"length":66.986,"mcpPosition":[47.194,338.804,25.4392],"pipPosition":[47.1008,307.58,-11.2605],"stabilizedTipPosition":[43.1777,240.784,80.2277],"timeVisible":0.497094,"tipPosition":[52.5076,269.579,6.11648],"tipVelocity":[81.9217,59.8398,-205.125],"tool":false,"touchDistance":0.333333,"touchZone":"none","type":2,"width":18.9914},{"bases":[[[0.999112,-0.0295788,-0.029997],[0.0414663,0.816153,0.576346],[0.00743451,-0.577078,0.816655]],[[0.998128,-0.00788872,-0.0606412],[-0.0355023,0.732664,-0.679664],[0.0497913,0.680545,0.731012]],[[0.998128,-0.00788872,-0.0606412],[-0.0603036,-0.291598,-0.954638],[-0.010152,0.956509,-0.291528]],[[0.998128,-0.00788872,-0.0606412],[-0.0481457,-0.712781,-0.699733],[-0.0377039,0.701343,-0.711826]]],"btipPosition":[68.2558,269.279,18.7842],"carpPosition":[69.9599,303.128,81.2061],"dipPosition":[67.5515,282.379,5.48851],"direction":[0.010152,-0.956509,0.291528],"extended":false,"handId":421,"id":4213,"length":64.4088,"mcpPosition":[69.4944,339.265,30.0664],"pipPosition":[67.2704,308.868,-2.58493],"stabilizedTipPosition":[59.1009,245.132,90.6545],"timeVisible":0.497094,"tipPosition":[68.1042,272.065,16.6539],"tipVelocity":[80.3381,59.6449,-221.994],"tool":false,"touchDistance":0.333333,"touchZone":"none","type":3,"width":18.0715},{"bases":[[[0.97258,-0.230613,-0.0300905],[0.196853,0.747405,0.634535],[-0.123842,-0.623059,0.772309]],[[0.950894,-0.303213,0.0621506],[0.264946,0.693576,-0.669893],[0.160014,0.653464,0.739852]],[[0.950894,-0.303213,0.0621506],[-0.0283587,-0.285303,-0.958018],[0.308215,0.909211,-0.279892]],[[0.950894,-0.303213,0.0621506],[-0.167935,-0.674092,-0.719304],[0.259997,0.673544,-0.69191]]],"btipPosition":[74.0969,282.481,24.224],"carpPosition":[83.0809,298.847,77.75],"dipPosition":[78.577,294.087,12.3013],"direction":[-0.308215,-0.909211,0.279892],"extended":false,"handId":421,"id":4214,"length":50.4953,"mcpPosition":[90.2597,334.964,32.9813],"pipPosition":[84.6035,311.865,6.82867],"stabilizedTipPosition":[64.7977,258.16,95.9425],"timeVisible":0.497094,"tipPosition":[75.1683,285.166,21.8632],"tipVelocity":[87.3683,43.4428,-182.685],"tool":false,"touchDistance":0.333333,"touchZone":"none","type":4,"width":16.0525}],"r":[[0.968811,0.0867667,0.232113],[-0.143271,0.960394,0.238989],[-0.202184,-0.264791,0.942872]],"s":0.978769,"t":[-7.60949,111.71,-166.516],"timestamp":521493899555},false],[1,{"currentFrameRate":106.644,"devices":[],"gestures":[],"hands":[{"armBasis":[[0.897886,0.374998,-0.230604],[-0.172882,0.782105,0.598685],[0.404862,-0.497684,0.767071]],"armWidth":63.7005,"confidence":0.791667,"direction":[-0.148826,0.668937,-0.728268],"elbow":[179.496,154.102,288.724],"grabStrength":0,"id":421,"palmNormal":[0.157084,-0.711126,-0.685292],"palmPosition":[55.4205,319.827,39.4101],"palmVelocity":[90.7784,43.0457,-174.063],"palmWidth":90.9622,"pinchStrength":0.542334,"r":[[0.968299,0.0832288,0.235522],[-0.140592,0.960926,0.238442],[-0.206474,-0.263995,0.942165]],"s":0.97664,"sphereCenter":[68.671,298.029,-6.58484],"sphereRadius":49.2516,"stabilizedPalmPosition":[42.4491,291.1,114.306],"t":[-6.81098,112.014,-167.929],"timeVisible":0.506187,"type":"right","wrist":[70.2161,288.436,81.6784]}],"id":4115726,"interactionBox":{"center":[0,200,0],"size":[235.247,235.247,147.751]},"pointables":[{"bases":[[[0.223323,0.853655,0.470531],[-0.797895,-0.117184,0.591297],[0.559903,-0.507484,0.654957]],[[0.0169888,0.976161,0.216382],[-0.845883,-0.101354,0.52365],[0.533098,-0.19193,0.823996]],[[0.0169888,0.976161,0.216382],[-0.970966,-0.0355398,0.236563],[0.238614,-0.214119,0.947215]],[[0.0169888,0.976161,0.216382],[-0.819477,0.137587,-0.556352],[-0.57286,-0.167869,0.802279]]],"btipPosition":[23.264,293.106,-15.3835],"carpPosition":[44.5971,272.303,76.7923],"dipPosition":[9.86106,289.179,3.387],"direction":[-0.238614,0.214119,-0.947215],"extended":false,"handId":421,"id":4210,"length":52.1005,"mcpPosition":[44.5971,272.303,76.7923],"pipPosition":[17.9943,281.88,35.673],"stabilizedTipPosition":[0.667885,264.716,75.0363],"timeVisible":0.506187,"tipPosition":[19.8437,293.105,-10.6171],"tipVelocity":[99.6718,58.956,-191.165],"tool":false,"touchDistance":-0.572624,"touchZone":"hovering","type":0,"width":20.2438},{"bases":[[[0.937459,0.325632,-0.123022],[-0.201426,0.79569,0.571231],[0.283898,-0.510726,0.811518]],[[0.967854,0.251356,-0.00884289],[-0.241882,0.939857,0.241168],[0.0689302,-0.231276,0.970443]],[[0.967854,0.251356,-0.00884289],[-0.249194,0.963103,0.101661],[0.0340698,-0.0961895,0.99478]],[[0.967854,0.251356,-0.00884289],[-0.251351,0.967894,0.00173417],[0.00899488,0.000544249,0.999959]]],"btipPosition":[22.9891,344.914,-60.0897],"carpPosition":[47.8064,295.104,82.3915],"dipPosition":[23.1428,344.924,-43.0101],"direction":[-0.0340698,0.0961895,-0.99478],"extended":true,"handId":421,"id":4211,"length":58.7895,"mcpPosition":[26.9265,332.666,22.7067],"pipPosition":[23.966,342.599,-18.9732],"stabilizedTipPosition":[0.829059,323.792,3.10578],"timeVisible":0.506187,"tipPosition":[23.4193,345.537,-55.9999],"tipVelocity":[128.133,45.3635,-188.296],"tool":false,"touchDistance":-0.579806,"touchZone":"hovering","type":1,"width":19.3369},{"bases":[[[0.987706,0.113188,-0.107818],[-0.0337554,0.827881,0.559887],[0.152633,-0.549364,0.821524]],[[0.991501,0.0981656,-0.0853761],[-0.13009,0.755524,-0.642074],[0.00147412,0.647724,0.761874]],[[0.991501,0.0981656,-0.0853761],[-0.0588105,-0.247172,-0.967185],[-0.116047,0.963986,-0.239298]],[[0.991501,0.0981656,-0.0853761],[0.00599187,-0.690003,-0.723781],[-0.12996,0.717118,-0.684727]]],"btipPosition":[53.7357,266.953,7.04379],"carpPosition":[58.712,300.724,81.3876],"dipPosition":[51.2942,280.425,-5.81967],"direction":[0.116047,-0.963986,0.239298],"extended":false,"handId":421,"id":4212,"length":66.986,"mcpPosition":[48.0663,339.04,24.089],"pipPosition":[47.9953,307.829,-12.6224],"stabilizedTipPosition":[43.2208,240.91,79.8991],"timeVisible":0.506187,"tipPosition":[53.2814,269.816,4.7538],"tipVelocity":[82.8944,50.5128,-189.525],"tool":false,"touchDistance":0.333333,"touchZone":"none","type":2,"width":18.9914},{"bases":[[[0.999117,-0.0316226,-0.0276465],[0.0417808,0.815918,0.576656],[0.00432196,-0.577302,0.816519]],[[0.998186,-0.00904108,-0.0595299],[-0.0332104,0.742016,-0.669559],[0.0502256,0.670322,0.740369]],[[0.998186,-0.00904108,-0.0595299],[-0.059677,-0.280105,-0.958113],[-0.00801222,0.959927,-0.280136]],[[0.998186,-0.00904108,-0.0595299],[-0.0484442,-0.707733,-0.704817],[-0.035759,0.706422,-0.706887]]],"btipPosition":[69.003,269.735,16.6611],"carpPosition":[70.6272,303.303,79.9001],"dipPosition":[68.3351,282.93,3.45766],"direction":[0.00801222,-0.959927,0.280136],"extended":false,"handId":421,"id":4213,"length":64.4088,"mcpPosition":[70.3566,339.454,28.769],"pipPosition":[68.1132,309.513,-4.30029],"stabilizedTipPosition":[59.1275,245.207,90.4446],"timeVisible":0.506187,"tipPosition":[68.8546,272.489,14.6942],"tipVelocity":[81.1017,57.6794,-224.531],"tool":false,"touchDistance":0.333333,"touchZone":"none","type":3,"width":18.0715},{"bases":[[[0.972173,-0.232602,-0.0278552],[0.196888,0.746837,0.635193],[-0.126944,-0.623002,0.771851]],[[0.949973,-0.305541,0.0647847],[0.269643,0.697614,-0.663797],[0.157622,0.648058,0.745102]],[[0.949973,-0.305541,0.0647847],[-0.0247589,-0.280436,-0.959553],[0.311351,0.909945,-0.273972]],[[0.949973,-0.305541,0.0647847],[-0.166937,-0.672009,-0.721482],[0.263978,0.674573,-0.689396]]],"btipPosition":[74.8979,282.786,22.6298],"carpPosition":[83.7475,298.996,76.474],"dipPosition":[79.4467,294.41,10.7505],"direction":[-0.311351,-0.909945,0.273972],"extended":false,"handId":421,"id":4214,"length":50.4953,"mcpPosition":[91.1061,335.109,31.7317],"pipPosition":[85.5344,312.202,5.39354],"stabilizedTipPosition":[64.8471,258.281,95.6049],"timeVisible":0.506187,"tipPosition":[75.9664,285.429,20.3571],"tipVelocity":[88.0498,40.8103,-180.342],"tool":false,"touchDistance":0.333333,"touchZone":"none","type":4,"width":16.0525}],"r":[[0.968299,0.0832288,0.235522],[-0.140592,0.960926,0.238442],[-0.206474,-0.263995,0.942165]],"s":0.97664,"t":[-6.81098,112.014,-167.929],"timestamp":521493908648},false],[2,{"currentFrameRate":106.836,"devices":[],"gestures":[],"hands":[{"armBasis":[[0.901132,0.369497,-0.226787],[-0.171506,0.784247,0.596274],[0.398178,-0.498427,0.770081]],"armWidth":63.7005,"confidence":0.803402,"direction":[-0.143873,0.668687,-0.729492],"elbow":[178.23,153.774,288.481],"grabStrength":0,"id":421,"palmNormal":[0.156108,-0.712596,-0.683987],"palmPosition":[56.2154,319.711,38.2738],"palmVelocity":[90.0787,27.6835,-160.89],"palmWidth":90.9622,"pinchStrength":0.54942,"r":[[0.967798,0.0796433,0.238798],[-0.137778,0.961517,0.237701],[-0.210677,-0.262948,0.941527]],"s":0.974053,"sphereCenter":[69.6144,297.79,-7.70161],"sphereRadius":49.2425,"stabilizedPalmPosition":[42.5341,291.277,113.837],"t":[-6.01428,112.108,-169.204],"timeVisible":0.515196,"type":"right","wrist":[70.7547,288.309,80.6224]}],"id":4115727,"interactionBox":{"center":[0,200,0],"size":[235.247,235.247,147.751]},"pointables":[{"bases":[[[0.225523,0.853271,0.470179],[-0.800114,-0.113129,0.589083],[0.555838,-0.509049,0.657201]],[[0.0209285,0.976192,0.215896],[-0.848888,-0.0967268,0.519647],[0.528158,-0.194147,0.826653]],[[0.0209285,0.976192,0.215896],[-0.971757,-0.0309077,0.233952],[0.235054,-0.214695,0.947974]],[[0.0209285,0.976192,0.215896],[-0.817777,0.140943,-0.558011],[-0.575155,-0.164877,0.801257]]],"btipPosition":[24.171,293.141,-16.6304],"carpPosition":[45.0826,272.277,75.68],"dipPosition":[10.7144,289.284,2.11622],"direction":[-0.235054,0.214695,-0.947974],"extended":false,"handId":421,"id":4210,"length":52.1005,"mcpPosition":[45.0826,272.277,75.68],"pipPosition":[18.7263,281.966,34.4281],"stabilizedTipPosition":[0.81671,264.917,74.3993],"timeVisible":0.515196,"tipPosition":[20.7319,293.083,-11.8753],"tipVelocity":[99.5723,44.3102,-176.833],"tool":false,"touchDistance":-0.562481,"touchZone":"hovering","type":0,"width":20.2438},{"bases":[[[0.939176,0.321547,-0.120645],[-0.199759,0.797209,0.569696],[0.279364,-0.510945,0.812952]],[[0.968761,0.247892,-0.00720281],[-0.239079,0.94125,0.238515],[0.0659056,-0.229342,0.971112]],[[0.968761,0.247892,-0.00720281],[-0.245969,0.964141,0.0996546],[0.0316481,-0.0947698,0.994996]],[[0.968761,0.247892,-0.00720281],[-0.247897,0.968786,0.000250505],[0.00704008,0.00154287,0.999974]]],"btipPosition":[24.1092,344.764,-61.3592],"carpPosition":[48.3712,295.071,81.2617],"dipPosition":[24.2295,344.79,-44.2793],"direction":[-0.0316481,0.0947698,-0.994996],"extended":true,"handId":421,"id":4211,"length":58.7895,"mcpPosition":[27.8248,332.65,21.4714],"pipPosition":[24.9942,342.5,-20.2372],"stabilizedTipPosition":[1.51637,324.411,1.32066],"timeVisible":0.515196,"tipPosition":[24.5438,345.382,-57.272],"tipVelocity":[126.854,28.4196,-175.272],"tool":false,"touchDistance":-0.569199,"touchZone":"hovering","type":1,"width":19.3369},{"bases":[[[0.988486,0.108912,-0.105043],[-0.0319224,0.828683,0.558808],[0.147908,-0.54902,0.822618]],[[0.992159,0.0938664,-0.082521],[-0.12495,0.760094,-0.637687],[0.00286627,0.642998,0.765862]],[[0.992159,0.0938664,-0.082521],[-0.0575841,-0.242687,-0.968394],[-0.110926,0.965553,-0.235379]],[[0.992159,0.0938664,-0.082521],[0.0049134,-0.689044,-0.724703],[-0.124886,0.718615,-0.684102]]],"btipPosition":[54.3485,267.005,5.54789],"carpPosition":[59.3032,300.644,80.2833],"dipPosition":[52.0023,280.505,-7.30383],"direction":[0.110926,-0.965553,0.235379],"extended":false,"handId":421,"id":4212,"length":66.986,"mcpPosition":[48.9871,338.937,22.9085],"pipPosition":[48.8489,307.953,-13.9951],"stabilizedTipPosition":[43.2645,241.031,79.5805],"timeVisible":0.515196,"tipPosition":[53.9231,269.827,3.34925],"tipVelocity":[79.4744,38.4052,-182.99],"tool":false,"touchDistance":0.333333,"touchZone":"none","type":2,"width":18.9914},{"bases":[[[0.999053,-0.0358493,-0.0246676],[0.0435133,0.816422,0.575813],[-0.000503288,-0.576341,0.817209]],[[0.998268,-0.0126882,-0.0574474],[-0.0285219,0.749664,-0.661203],[0.0514558,0.661696,0.748004]],[[0.998268,-0.0126882,-0.0574474],[-0.0587387,-0.269914,-0.961091],[-0.0033113,0.962801,-0.270191]],[[0.998268,-0.0126882,-0.0574474],[-0.0497571,-0.703107,-0.709341],[-0.0313914,0.71097,-0.702521]]],"btipPosition":[69.6447,269.764,14.8477],"carpPosition":[71.2335,303.172,78.8279],"dipPosition":[69.0584,283.044,1.72581],"direction":[0.0033113,-0.962801,0.270191],"extended":false,"handId":421,"id":4213,"length":64.4088,"mcpPosition":[71.265,339.263,27.6536],"pipPosition":[68.9667,309.707,-5.75675],"stabilizedTipPosition":[59.1536,245.277,90.2468],"timeVisible":0.515196,"tipPosition":[69.5132,272.502,13.0201],"tipVelocity":[78.9612,43.3187,-217.572],"tool":false,"touchDistance":0.333333,"touchZone":"none","type":3,"width":18.0715},{"bases":[[[0.971265,-0.236714,-0.0247185],[0.198156,0.74676,0.634888],[-0.131828,-0.621543,0.772209]],[[0.948308,-0.309872,0.0684954],[0.275699,0.697533,-0.661391],[0.157169,0.646086,0.746907]],[[0.948308,-0.309872,0.0684954],[-0.0221353,-0.279894,-0.959776],[0.316579,0.908647,-0.272285]],[[0.948308,-0.309872,0.0684954],[-0.167437,-0.67189,-0.721477],[0.269587,0.672714,-0.689042]]],"btipPosition":[75.5963,282.638,21.4777],"carpPosition":[84.3456,298.805,75.4454],"dipPosition":[80.2417,294.23,9.60443],"direction":[-0.316579,-0.908647,0.272285],"extended":false,"handId":421,"id":4214,"length":50.4953,"mcpPosition":[91.9873,334.834,30.6825],"pipPosition":[86.4317,311.996,4.28049],"stabilizedTipPosition":[64.9002,258.403,95.2601],"timeVisible":0.515196,"tipPosition":[76.6801,285.251,19.2248],"tipVelocity":[85.8332,24.8619,-165.884],"tool":false,"touchDistance":0.333333,"touchZone":"none","type":4,"width":16.0525}],"r":[[0.967798,0.0796433,0.238798],[-0.137778,0.961517,0.237701],[-0.210677,-0.262948,0.941527]],"s":0.974053,"t":[-6.01428,112.108,-169.204],"timestamp":521493917657},false],[3,{"currentFrameRate":107.065,"devices":[],"gestures":[],"hands":[{"armBasis":[[0.902179,0.366909,-0.226828],[-0.169365,0.784909,0.596015],[0.396722,-0.499296,0.770269]],"armWidth":63.7005,"confidence":0.812142,"direction":[-0.139432,0.669197,-0.729887],"elbow":[178.341,153.382,287.789],"grabStrength":0,"id":421,"palmNormal":[0.154495,-0.713359,-0.683557],"palmPosition":[56.9448,319.609,37.4961],"palmVelocity":[87.8073,17.0249,-140.79],"palmWidth":90.9622,"pinchStrength":0.554804,"r":[[0.967342,0.0759496,0.241829],[-0.134795,0.962105,0.237032],[-0.214663,-0.261888,0.940922]],"s":0.971031,"sphereCenter":[70.5129,297.615,-8.49943],"sphereRadius":49.2464,"stabilizedPalmPosition":[42.627,291.46,113.344],"t":[-5.25122,112.104,-170.23],"timeVisible":0.524119,"type":"right","wrist":[71.2582,288.15,79.8799]}],"id":4115728,"interactionBox":{"center":[0,200,0],"size":[235.247,235.247,147.751]},"pointables":[{"bases":[[[0.228195,0.852358,0.470546],[-0.80185,-0.109596,0.587388],[0.552235,-0.511346,0.658454]],[[0.0253166,0.975921,0.216649],[-0.851802,-0.0923757,0.515655],[0.523252,-0.197597,0.828953]],[[0.0253166,0.975921,0.216649],[-0.972325,-0.0263116,0.232145],[0.232256,-0.21653,0.948247]],[[0.0253166,0.975921,0.216649],[-0.817029,0.145078,-0.558047],[-0.576041,-0.162881,0.801029]]],"btipPosition":[24.9772,293.281,-17.5442],"carpPosition":[45.5279,272.229,74.8849],"dipPosition":[11.4999,289.47,1.19698],"direction":[-0.232256,0.21653,-0.948247],"extended":false,"handId":421,"id":4210,"length":52.1005,"mcpPosition":[45.5279,272.229,74.8849],"pipPosition":[19.4164,282.09,33.5181],"stabilizedTipPosition":[0.980798,265.131,73.7165],"timeVisible":0.524119,"tipPosition":[21.5246,293.146,-12.79],"tipVelocity":[96.9138,36.8319,-156.586],"tool":false,"touchDistance":-0.548293,"touchZone":"hovering","type":0,"width":20.2438},{"bases":[[[0.940809,0.317479,-0.118683],[-0.197537,0.798144,0.569162],[0.275423,-0.512029,0.813615]],[[0.96969,0.244267,-0.0059926],[-0.235911,0.942344,0.237349],[0.0636235,-0.228741,0.971406]],[[0.96969,0.244267,-0.0059926],[-0.242493,0.965079,0.0990967],[0.0299894,-0.0946399,0.99506]],[[0.96969,0.244267,-0.0059926],[-0.24427,0.969707,0.000157838],[0.00584962,0.00131076,0.999982]]],"btipPosition":[25.089,344.757,-62.2135],"carpPosition":[48.9027,295.01,80.4705],"dipPosition":[25.189,344.779,-45.1334],"direction":[-0.0299894,0.0946399,-0.99506],"extended":true,"handId":421,"id":4211,"length":58.7895,"mcpPosition":[28.6462,332.668,20.6315],"pipPosition":[25.9136,342.492,-21.0897],"stabilizedTipPosition":[2.22582,325.023,-0.471513],"timeVisible":0.524119,"tipPosition":[25.531,345.36,-58.1295],"tipVelocity":[122.064,20.431,-153.59],"tool":false,"touchDistance":-0.553426,"touchZone":"hovering","type":1,"width":19.3369},{"bases":[[[0.989168,0.104636,-0.102947],[-0.0295432,0.828892,0.558628],[0.143784,-0.549536,0.823005]],[[0.992715,0.0896423,-0.0805113],[-0.120396,0.764407,-0.633393],[0.00476455,0.638472,0.76963]],[[0.992715,0.0896423,-0.0805113],[-0.0571104,-0.238305,-0.96951],[-0.106095,0.967045,-0.231449]],[[0.992715,0.0896423,-0.0805113],[0.00323657,-0.687798,-0.725895],[-0.120446,0.720346,-0.683077]]],"btipPosition":[54.8814,267.075,4.43974],"carpPosition":[59.8607,300.535,79.5147],"dipPosition":[52.6187,280.608,-8.39272],"direction":[0.106095,-0.967045,0.231449],"extended":false,"handId":421,"id":4212,"length":66.986,"mcpPosition":[49.8322,338.864,22.1129],"pipPosition":[49.6026,308.098,-14.9723],"stabilizedTipPosition":[43.3081,241.145,79.2735],"timeVisible":0.524119,"tipPosition":[54.4762,269.871,2.29715],"tipVelocity":[74.6779,30.3053,-166.827],"tool":false,"touchDistance":0.333333,"touchZone":"none","type":2,"width":18.9914},{"bases":[[[0.998939,-0.0401581,-0.0225296],[0.0458025,0.816309,0.575796],[-0.00473177,-0.576217,0.817283]],[[0.998285,-0.0163614,-0.0562143],[-0.0240286,0.76107,-0.648225],[0.0533889,0.648464,0.759371]],[[0.998285,-0.0163614,-0.0562143],[-0.0585309,-0.256423,-0.964791],[0.00137066,0.966426,-0.256941]],[[0.998285,-0.0163614,-0.0562143],[-0.0516623,-0.697913,-0.714317],[-0.0275455,0.715996,-0.697561]]],"btipPosition":[70.1931,269.993,13.1323],"carpPosition":[71.8049,303.011,78.0844],"dipPosition":[69.6786,283.366,0.103058],"direction":[-0.00137066,-0.966426,0.256941],"extended":false,"handId":421,"id":4213,"length":64.4088,"mcpPosition":[72.1012,339.094,26.9055],"pipPosition":[69.7165,310.13,-7.01255],"stabilizedTipPosition":[59.1787,245.34,90.0631],"timeVisible":0.524119,"tipPosition":[70.0788,272.676,11.4781],"tipVelocity":[74.6933,39.1461,-210.017],"tool":false,"touchDistance":0.333333,"touchZone":"none","type":3,"width":18.0715},{"bases":[[[0.970286,-0.240901,-0.0226131],[0.200017,0.74599,0.63521],[-0.136154,-0.620859,0.772008]],[[0.946711,-0.314188,0.0708784],[0.280954,0.697969,-0.658714],[0.157489,0.643526,0.749047]],[[0.946711,-0.314188,0.0708784],[-0.0204419,-0.278231,-0.960297],[0.321435,0.907675,-0.269827]],[[0.946711,-0.314188,0.0708784],[-0.168531,-0.670757,-0.722276],[0.274473,0.671842,-0.687963]]],"btipPosition":[76.2162,282.505,20.6321],"carpPosition":[84.9052,298.588,74.7306],"dipPosition":[80.9458,294.082,8.77745],"direction":[-0.321435,-0.907675,0.269827],"extended":false,"handId":421,"id":4214,"length":50.4953,"mcpPosition":[92.7977,334.577,29.9792],"pipPosition":[87.2307,311.83,3.50157],"stabilizedTipPosition":[64.9576,258.527,94.9017],"timeVisible":0.524119,"tipPosition":[77.3116,285.097,18.4018],"tipVelocity":[81.9654,13.9249,-146.367],"tool":false,"touchDistance":0.333333,"touchZone":"none","type":4,"width":16.0525}],"r":[[0.967342,0.0759496,0.241829],[-0.134795,0.962105,0.237032],[-0.214663,-0.261888,0.940922]],"s":0.971031,"t":[-5.25122,112.104,-170.23],"timestamp":521493926580},false],[4,{"currentFrameRate":107.169,"devices":[],"gestures":[],"hands":[{"armBasis":[[0.900189,0.368085,-0.232752],[-0.167173,0.785564,0.595771],[0.402136,-0.497396,0.76869]],"armWidth":63.7005,"confidence":0.818953,"direction":[-0.13536,0.669962,-0.729951],"elbow":[180.267,153.759,286.744],"grabStrength":0,"id":421,"palmNormal":[0.152733,-0.713816,-0.683476],"palmPosition":[57.6159,319.544,36.8605],"palmVelocity":[83.8049,10.301,-120.97],"palmWidth":90.9622,"pinchStrength":0.560639,"r":[[0.966934,0.0721794,0.244599],[-0.131689,0.962664,0.236508],[-0.218396,-0.260899,0.940338]],"s":0.967944,"sphereCenter":[71.3722,297.489,-9.16935],"sphereRadius":49.2757,"stabilizedPalmPosition":[42.7403,291.672,112.766],"t":[-4.53416,112.069,-171.061],"timeVisible":0.533259,"type":"right","wrist":[71.7236,288.015,79.2609]}],"id":4115729,"interactionBox":{"center":[0,200,0],"size":[235.247,235.247,147.751]},"pointables":[{"bases":[[[0.230907,0.851278,0.471177],[-0.803334,-0.106414,0.585944],[0.548941,-0.513811,0.659289]],[[0.0299058,0.975456,0.218155],[-0.854747,-0.0881888,0.511498],[0.518183,-0.201764,0.83113]],[[0.0299058,0.975456,0.218155],[-0.972699,-0.0218493,0.231039],[0.230135,-0.219109,0.948172]],[[0.0299058,0.975456,0.218155],[-0.817416,0.149478,-0.556316],[-0.575271,-0.161687,0.801823]]],"btipPosition":[25.6927,293.522,-18.3376],"carpPosition":[45.9361,272.202,74.2162],"dipPosition":[12.2334,289.739,0.422263],"direction":[-0.230135,0.219109,-0.948172],"extended":false,"handId":421,"id":4210,"length":52.1005,"mcpPosition":[45.9361,272.202,74.2162],"pipPosition":[20.0775,282.27,32.7409],"stabilizedTipPosition":[1.17247,265.375,72.9385],"timeVisible":0.533259,"tipPosition":[22.2422,293.287,-13.5743],"tipVelocity":[91.8551,34.1079,-137.041],"tool":false,"touchDistance":-0.533632,"touchZone":"hovering","type":0,"width":20.2438},{"bases":[[[0.942329,0.313595,-0.116938],[-0.19522,0.798809,0.569028],[0.271856,-0.513383,0.813961]],[[0.970586,0.240705,-0.00491968],[-0.232727,0.943259,0.236857],[0.0616532,-0.228746,0.971532]],[[0.970586,0.240705,-0.00491968],[-0.239048,0.965932,0.0991489],[0.0286177,-0.0950565,0.99506]],[[0.970586,0.240705,-0.00491968],[-0.240705,0.970598,0.000613907],[0.0049228,0.000588339,0.999988]]],"btipPosition":[25.978,344.836,-62.901],"carpPosition":[49.3958,294.967,79.8139],"dipPosition":[26.0621,344.846,-45.8208],"direction":[-0.0286177,0.0950565,-0.99506],"extended":true,"handId":421,"id":4211,"length":58.7895,"mcpPosition":[29.4016,332.725,19.9494],"pipPosition":[26.7536,342.549,-21.7771],"stabilizedTipPosition":[3.00435,325.672,-2.38745],"timeVisible":0.533259,"tipPosition":[26.4263,345.419,-58.8205],"tipVelocity":[115.054,17.0742,-131.788],"tool":false,"touchDistance":-0.536729,"touchZone":"hovering","type":1,"width":19.3369},{"bases":[[[0.989775,0.100549,-0.101174],[-0.0270817,0.828861,0.558798],[0.140046,-0.550345,0.823109]],[[0.993182,0.0857139,-0.0790049],[-0.116358,0.769823,-0.627562],[0.00702906,0.632476,0.774548]],[[0.993182,0.0857139,-0.0790049],[-0.0572298,-0.231914,-0.971051],[-0.101555,0.968953,-0.225427]],[[0.993182,0.0857139,-0.0790049],[0.00120707,-0.68527,-0.728288],[-0.116564,0.723227,-0.680702]]],"btipPosition":[55.3486,267.224,3.34398],"carpPosition":[60.3783,300.447,78.879],"dipPosition":[53.1588,280.81,-9.44386],"direction":[0.101555,-0.968953,0.225427],"extended":false,"handId":421,"id":4212,"length":66.986,"mcpPosition":[50.6105,338.832,21.4699],"pipPosition":[50.2718,308.356,-15.8522],"stabilizedTipPosition":[43.3525,241.258,78.9695],"timeVisible":0.533259,"tipPosition":[54.9614,269.995,1.28662],"tipVelocity":[68.6339,26.7792,-153.456],"tool":false,"touchDistance":0.333333,"touchZone":"none","type":2,"width":18.9914},{"bases":[[[0.998802,-0.044306,-0.0207793],[0.0481806,0.815961,0.576096],[-0.00856945,-0.576407,0.817118]],[[0.998271,-0.0198977,-0.055306],[-0.0201488,0.768091,-0.640024],[0.055215,0.640032,0.766362]],[[0.998271,-0.0198977,-0.055306],[-0.0585134,-0.247503,-0.967119],[0.00555497,0.968683,-0.24824]],[[0.998271,-0.0198977,-0.055306],[-0.053608,-0.694062,-0.717916],[-0.024101,0.71964,-0.693929]]],"btipPosition":[70.7019,270.113,11.9076],"carpPosition":[72.3352,302.873,77.4704],"dipPosition":[70.2517,283.555,-1.05385],"direction":[-0.00555497,-0.968683,0.24824],"extended":false,"handId":421,"id":4213,"length":64.4088,"mcpPosition":[72.8718,338.968,26.3018],"pipPosition":[70.4056,310.381,-7.92848],"stabilizedTipPosition":[59.2036,245.401,89.8861],"timeVisible":0.533259,"tipPosition":[70.5978,272.783,10.3065],"tipVelocity":[69.8516,32.395,-188.394],"tool":false,"touchDistance":0.333333,"touchZone":"none","type":3,"width":18.0715},{"bases":[[[0.969314,-0.244928,-0.0209674],[0.201997,0.744985,0.635763],[-0.140096,-0.62049,0.771599]],[[0.944947,-0.318877,0.0734276],[0.286916,0.699529,-0.654475],[0.157333,0.639512,0.752509]],[[0.944947,-0.318877,0.0734276],[-0.0181676,-0.275177,-0.961222],[0.326717,0.90697,-0.265821]],[[0.944947,-0.318877,0.0734276],[-0.16952,-0.668989,-0.723683],[0.279888,0.671395,-0.686215]]],"btipPosition":[76.7713,282.456,19.8329],"carpPosition":[85.4229,298.396,74.1385],"dipPosition":[81.5942,294.025,8.00834],"direction":[-0.326717,-0.90697,0.265821],"extended":false,"handId":421,"id":4214,"length":50.4953,"mcpPosition":[93.5439,334.365,29.4108],"pipPosition":[87.9825,311.759,2.81079],"stabilizedTipPosition":[65.0227,258.66,94.5103],"timeVisible":0.533259,"tipPosition":[77.8827,285.017,17.6465],"tipVelocity":[76.7128,8.49876,-129.763],"tool":false,"touchDistance":0.333333,"touchZone":"none","type":4,"width":16.0525}],"r":[[0.966934,0.0721794,0.244599],[-0.131689,0.962664,0.236508],[-0.218396,-0.260899,0.940338]],"s":0.967944,"t":[-4.53416,112.069,-171.061],"timestamp":521493935720},false],[5,{"currentFrameRate":107.371,"devices":[],"gestures":[],"hands":[{"armBasis":[[0.900652,0.367261,-0.23226],[-0.166871,0.78583,0.595505],[0.401222,-0.497585,0.769045]],"armWidth":63.7005,"confidence":0.802747,"direction":[-0.131565,0.670619,-0.730042],"elbow":[180.419,153.611,286.298],"grabStrength":0,"id":421,"palmNormal":[0.152846,-0.713914,-0.683349],"palmPosition":[58.2162,319.502,36.2929],"palmVelocity":[79.2418,6.20195,-105.255],"palmWidth":90.9622,"pinchStrength":0.57032,"r":[[0.966486,0.0686479,0.24737],[-0.128841,0.963148,0.236105],[-0.222046,-0.260064,0.939714]],"s":0.964643,"sphereCenter":[72.2438,297.407,-9.78671],"sphereRadius":49.3219,"stabilizedPalmPosition":[42.8734,291.911,112.108],"t":[-3.87549,112.031,-171.76],"timeVisible":0.542205,"type":"right","wrist":[72.1223,287.918,78.7196]}],"id":4115730,"interactionBox":{"center":[0,200,0],"size":[235.247,235.247,147.751]},"pointables":[{"bases":[[[0.231747,0.850482,0.472201],[-0.805268,-0.104604,0.583611],[0.545745,-0.515499,0.660624]],[[0.032515,0.975042,0.219626],[-0.85762,-0.0856254,0.507106],[0.513256,-0.204844,0.833431]],[[0.032515,0.975042,0.219626],[-0.973138,-0.0192244,0.229418],[0.227914,-0.221186,0.948226]],[[0.032515,0.975042,0.219626],[-0.818151,0.152183,-0.554499],[-0.574083,-0.161658,0.80268]]],"btipPosition":[26.3592,293.718,-19.0958],"carpPosition":[46.3088,272.174,73.5947],"dipPosition":[12.9277,289.935,-0.315885],"direction":[-0.227914,0.221186,-0.948226],"extended":false,"handId":421,"id":4210,"length":52.1005,"mcpPosition":[46.3088,272.174,73.5947],"pipPosition":[20.6962,282.396,32.0046],"stabilizedTipPosition":[1.39588,265.653,72.0517],"timeVisible":0.542205,"tipPosition":[22.9362,293.398,-14.3233],"tipVelocity":[87.3101,30.7775,-122.616],"tool":false,"touchDistance":-0.519906,"touchZone":"touching","type":0,"width":20.2438},{"bases":[[[0.943459,0.311227,-0.114122],[-0.194789,0.799064,0.568818],[0.268222,-0.514426,0.814508]],[[0.971096,0.238673,-0.00273571],[-0.231278,0.94372,0.236439],[0.0590134,-0.228973,0.971642]],[[0.971096,0.238673,-0.00273571],[-0.237234,0.966377,0.0991737],[0.0263138,-0.0956582,0.995066]],[[0.971096,0.238673,-0.00273571],[-0.238671,0.9711,0.00096411],[0.00288675,-0.000283309,0.999996]]],"btipPosition":[26.8642,344.912,-63.548],"carpPosition":[49.8109,294.927,79.2121],"dipPosition":[26.9136,344.908,-46.4677],"direction":[-0.0263138,0.0956582,-0.995066],"extended":true,"handId":421,"id":4211,"length":58.7895,"mcpPosition":[30.084,332.762,19.3074],"pipPosition":[27.5494,342.596,-22.4239],"stabilizedTipPosition":[3.87616,326.374,-4.47764],"timeVisible":0.542205,"tipPosition":[27.3135,345.473,-59.4708],"tipVelocity":[110.441,14.6457,-115.543],"tool":false,"touchDistance":-0.521095,"touchZone":"touching","type":1,"width":19.3369},{"bases":[[[0.990313,0.0980529,-0.0983162],[-0.026546,0.828689,0.559079],[0.136293,-0.551053,0.823264]],[[0.993569,0.0834564,-0.0765262],[-0.112947,0.778297,-0.617655],[0.00801279,0.622326,0.782717]],[[0.993569,0.0834564,-0.0765262],[-0.0563637,-0.221636,-0.973499],[-0.0982057,0.971552,-0.215507]],[[0.993569,0.0834564,-0.0765262],[0.000842881,-0.681274,-0.732028],[-0.113228,0.727255,-0.676963]]],"btipPosition":[55.8369,267.546,2.01904],"carpPosition":[60.8101,300.38,78.3108],"dipPosition":[53.7098,281.208,-10.6986],"direction":[0.0982057,-0.971552,0.215507],"extended":false,"handId":421,"id":4212,"length":66.986,"mcpPosition":[51.3041,338.814,20.8908],"pipPosition":[50.918,308.827,-16.8249],"stabilizedTipPosition":[43.3956,241.363,78.6831],"timeVisible":0.542205,"tipPosition":[55.4708,270.266,0.117225],"tipVelocity":[65.235,29.8262,-151.501],"tool":false,"touchDistance":0.333333,"touchZone":"none","type":2,"width":18.9914},{"bases":[[[0.99874,-0.0468589,-0.0179586],[0.0486335,0.815588,0.576585],[-0.0123714,-0.576732,0.81684]],[[0.99834,-0.0218525,-0.0532966],[-0.016637,0.776427,-0.629988],[0.0551478,0.629829,0.774774]],[[0.99834,-0.0218525,-0.0532966],[-0.0569436,-0.234848,-0.970363],[0.00868826,0.971786,-0.235703]],[[0.99834,-0.0218525,-0.0532966],[-0.0537149,-0.687328,-0.724359],[-0.0208032,0.726019,-0.68736]]],"btipPosition":[71.2365,270.287,10.5462],"carpPosition":[72.7771,302.776,76.9373],"dipPosition":[70.848,283.848,-2.29248],"direction":[-0.00868826,-0.971786,0.235703],"extended":false,"handId":421,"id":4213,"length":64.4088,"mcpPosition":[73.5518,338.892,25.7861],"pipPosition":[71.0886,310.76,-8.81993],"stabilizedTipPosition":[59.2276,245.457,89.7209],"timeVisible":0.542205,"tipPosition":[71.1449,272.961,9.06367],"tipVelocity":[67.5283,29.6918,-177.637],"tool":false,"touchDistance":0.333333,"touchZone":"none","type":3,"width":18.0715},{"bases":[[[0.968739,-0.247405,-0.0183176],[0.202097,0.744193,0.636658],[-0.143881,-0.620458,0.770928]],[[0.943919,-0.321321,0.0759624],[0.290789,0.700038,-0.652218],[0.156395,0.63773,0.754215]],[[0.943919,-0.321321,0.0759624],[-0.0158863,-0.273996,-0.9616],[0.329796,0.906465,-0.263735]],[[0.943919,-0.321321,0.0759624],[-0.169154,-0.668188,-0.724508],[0.283557,0.671027,-0.685068]]],"btipPosition":[77.3402,282.404,19.2531],"carpPosition":[85.8627,298.267,73.6406],"dipPosition":[82.2264,293.967,7.44829],"direction":[-0.329796,-0.906465,0.263735],"extended":false,"handId":421,"id":4214,"length":50.4953,"mcpPosition":[94.2031,334.234,28.9518],"pipPosition":[88.6748,311.691,2.29153],"stabilizedTipPosition":[65.0962,258.805,94.0837],"timeVisible":0.542205,"tipPosition":[78.4586,284.955,17.0705],"tipVelocity":[73.574,4.54805,-111.881],"tool":false,"touchDistance":0.333333,"touchZone":"none","type":4,"width":16.0525}],"r":[[0.966486,0.0686479,0.24737],[-0.128841,0.963148,0.236105],[-0.222046,-0.260064,0.939714]],"s":0.964643,"t":[-3.87549,112.031,-171.76],"timestamp":521493944666},false],[6,{"currentFrameRate":107.491,"devices":[],"gestures":[],"hands":[{"armBasis":[[0.901011,0.367253,-0.230877],[-0.168053,0.786174,0.594717],[0.399921,-0.497047,0.77007]],"armWidth":63.7005,"confidence":0.806441,"direction":[-0.128603,0.670768,-0.730432],"elbow":[180.486,153.71,286.067],"grabStrength":0,"id":421,"palmNormal":[0.154338,-0.714036,-0.682885],"palmPosition":[58.7988,319.47,35.7416],"palmVelocity":[75.0598,3.51933,-92.9182],"palmWidth":90.9622,"pinchStrength":0.576947,"r":[[0.965966,0.0656381,0.250201],[-0.126528,0.963551,0.235714],[-0.22561,-0.259349,0.939063]],"s":0.960556,"sphereCenter":[73.1303,297.33,-10.3861],"sphereRadius":49.3327,"stabilizedPalmPosition":[43.0374,292.195,111.322],"t":[-3.25483,111.996,-172.385],"timeVisible":0.55129,"type":"right","wrist":[72.5398,287.872,78.2112]}],"id":4115731,"interactionBox":{"center":[0,200,0],"size":[235.247,235.247,147.751]},"pointables":[{"bases":[[[0.231055,0.850244,0.472967],[-0.807219,-0.103855,0.581043],[0.543149,-0.516041,0.662337]],[[0.0331264,0.974876,0.220269],[-0.860412,-0.0843178,0.502575],[0.508521,-0.206171,0.836002]],[[0.0331264,0.974876,0.220269],[-0.973563,-0.0183615,0.22768],[0.226004,-0.221988,0.948495]],[[0.0331264,0.974876,0.220269],[-0.819699,0.152597,-0.552094],[-0.571836,-0.162266,0.80416]]],"btipPosition":[27.0269,293.804,-19.859],"carpPosition":[46.7277,272.152,73.0037],"dipPosition":[13.648,290.007,-1.04447],"direction":[-0.226004,0.221988,-0.948495],"extended":false,"handId":421,"id":4210,"length":52.1005,"mcpPosition":[46.7277,272.152,73.0037],"pipPosition":[21.3514,282.441,31.2852],"stabilizedTipPosition":[1.66394,265.977,71.0107],"timeVisible":0.55129,"tipPosition":[23.6468,293.422,-15.0655],"tipVelocity":[83.8556,24.7852,-111.687],"tool":false,"touchDistance":-0.507578,"touchZone":"touching","type":0,"width":20.2438},{"bases":[[[0.944113,0.31033,-0.111109],[-0.195835,0.799231,0.568224],[0.265139,-0.514709,0.815338]],[[0.971205,0.238244,-0.000379284],[-0.231444,0.943861,0.235713],[0.0565152,-0.228838,0.971823]],[[0.971205,0.238244,-0.000379284],[-0.237036,0.966442,0.0990165],[0.0239566,-0.0960755,0.995086]],[[0.971205,0.238244,-0.000379284],[-0.238243,0.971205,0.00121895],[0.00065877,-0.00109349,0.999999]]],"btipPosition":[27.716,344.926,-64.1965],"carpPosition":[50.2337,294.902,78.633],"dipPosition":[27.7273,344.908,-47.1161],"direction":[-0.0239566,0.0960755,-0.995086],"extended":true,"handId":421,"id":4211,"length":58.7895,"mcpPosition":[30.7334,332.758,18.6672],"pipPosition":[28.3061,342.586,-23.0718],"stabilizedTipPosition":[4.88869,327.162,-6.84693],"timeVisible":0.55129,"tipPosition":[28.1663,345.458,-60.1237],"tipVelocity":[105.557,10.9169,-103.319],"tool":false,"touchDistance":-0.507045,"touchZone":"touching","type":1,"width":19.3369},{"bases":[[[0.990714,0.0971114,-0.0951622],[-0.0275337,0.828695,0.559022],[0.133148,-0.551211,0.823674]],[[0.993864,0.0826245,-0.0735316],[-0.110368,0.784416,-0.610336],[0.00725076,0.614706,0.788723]],[[0.993864,0.0826245,-0.0735316],[-0.0543502,-0.214187,-0.975279],[-0.0963315,0.973292,-0.208382]],[[0.993864,0.0826245,-0.0735316],[0.00206232,-0.678534,-0.734566],[-0.110587,0.729907,-0.674541]]],"btipPosition":[56.4208,267.789,0.909135],"carpPosition":[61.2408,300.344,77.7668],"dipPosition":[54.3433,281.501,-11.763],"direction":[0.0963315,-0.973292,0.208382],"extended":false,"handId":421,"id":4212,"length":66.986,"mcpPosition":[51.9542,338.79,20.3183],"pipPosition":[51.6048,309.17,-17.6868],"stabilizedTipPosition":[43.4403,241.469,78.3953],"timeVisible":0.55129,"tipPosition":[56.0682,270.479,-0.912323],"tipVelocity":[65.3162,29.3305,-143.063],"tool":false,"touchDistance":0.333333,"touchZone":"none","type":2,"width":18.9914},{"bases":[[[0.998747,-0.0478111,-0.0147835],[0.0475772,0.815522,0.576767],[-0.0155196,-0.576747,0.816775]],[[0.998465,-0.0224289,-0.0506494],[-0.0134756,0.78854,-0.614836],[0.0537292,0.614574,0.787027]],[[0.998465,-0.0224289,-0.0506494],[-0.0543039,-0.215886,-0.974907],[0.0109316,0.976161,-0.216772]],[[0.998465,-0.0224289,-0.0506494],[-0.0524411,-0.677251,-0.733881],[-0.0178422,0.73541,-0.677387]]],"btipPosition":[71.8169,270.626,8.78665],"carpPosition":[73.2144,302.729,76.4315],"dipPosition":[71.4837,284.362,-3.86579],"direction":[-0.0109316,-0.976161,0.216772],"extended":false,"handId":421,"id":4213,"length":64.4088,"mcpPosition":[74.1863,338.846,25.2843],"pipPosition":[71.7864,311.395,-9.86898],"stabilizedTipPosition":[59.2515,245.511,89.5604],"timeVisible":0.55129,"tipPosition":[71.7457,273.297,7.51145],"tipVelocity":[66.9077,33.0239,-180.772],"tool":false,"touchDistance":0.333333,"touchZone":"none","type":3,"width":18.0715},{"bases":[[[0.968556,-0.248328,-0.0152453],[0.20078,0.743978,0.637325],[-0.146924,-0.620346,0.770444]],[[0.942859,-0.323341,0.0804158],[0.298117,0.710881,-0.637004],[0.148804,0.624579,0.766654]],[[0.942859,-0.323341,0.0804158],[-0.00643165,-0.258968,-0.965865],[0.333129,0.910157,-0.24625]],[[0.942859,-0.323341,0.0804158],[-0.164139,-0.660781,-0.732412],[0.289956,0.677362,-0.676096]]],"btipPosition":[78.053,282.622,17.8806],"carpPosition":[86.3062,298.208,73.1763],"dipPosition":[83.0494,294.294,6.23046],"direction":[-0.333129,-0.910157,0.24625],"extended":false,"handId":421,"id":4214,"length":50.4953,"mcpPosition":[94.823,334.168,28.5156],"pipPosition":[89.563,312.09,1.41558],"stabilizedTipPosition":[65.1791,258.961,93.62],"timeVisible":0.55129,"tipPosition":[79.162,285.127,15.9658],"tipVelocity":[75.6975,10.6869,-121.643],"tool":false,"t