{"sensorType":"Leap","data":[[0,{"currentFrameRate":108.448,"devices":[],"gestures":[],"hands":[{"armBasis":[[0.876964,0.441585,-0.18957],[-0.255349,0.762378,0.594623],[0.4071,-0.473056,0.781337]],"armWidth":63.7005,"confidence":0.839712,"direction":[-0.103481,0.439803,-0.892113],"elbow":[188.931,186.641,308.81],"grabStrength":0,"id":423,"palmNormal":[0.276781,-0.848767,-0.45054],"palmPosition":[67.3768,332.167,47.5505],"palmVelocity":[20.228,-18.1815,-137.047],"palmWidth":90.9622,"pinchStrength":0.554559,"r":[[0.959003,0.277566,0.0571833],[-0.282393,0.919003,0.275114],[0.0238106,-0.279983,0.959709]],"s":1.00861,"sphereCenter":[85.7606,303.846,10.8185],"sphereRadius":49.3879,"stabilizedPalmPosition":[64.9912,321.062,146.052],"t":[-16.5728,114.129,-180.301],"timeVisible":0.677716,"type":"right","wrist":[79.0479,314.327,97.9139]}],"id":4116557,"interactionBox":{"center":[0,200,0],"size":[235.247,235.247,147.751]},"pointables":[{"bases":[[[0.116675,0.963101,0.242535],[-0.852251,-0.0283,0.522367],[0.509956,-0.267648,0.817502]],[[-0.0445005,0.998838,-0.0184898],[-0.886288,-0.030932,0.4621],[0.460991,0.0369509,0.886635]],[[-0.0445005,0.998838,-0.0184898],[-0.989692,-0.041556,0.13705],[0.136122,0.024398,0.990392]],[[-0.0445005,0.998838,-0.0184898],[-0.703673,-0.0444771,-0.709131],[-0.709129,-0.0185459,0.704834]]],"btipPosition":[44.1104,293.051,0.641841],"carpPosition":[55.1635,295.293,95.1353],"dipPosition":[27.5192,292.618,17.1325],"direction":[-0.136122,-0.024398,-0.990392],"extended":false,"handId":423,"id":4230,"length":52.1005,"mcpPosition":[55.1635,295.293,95.1353],"pipPosition":[32.159,293.449,50.8901],"stabilizedTipPosition":[30.137,292.268,93.7562],"timeVisible":0.677716,"tipPosition":[39.9722,293.621,4.57717],"tipVelocity":[27.3587,-16.9322,-150.022],"tool":false,"touchDistance":-0.495253,"touchZone":"touching","type":0,"width":20.2438},{"bases":[[[0.924408,0.363219,-0.116371],[-0.312646,0.89638,0.314253],[0.218456,-0.254115,0.94218]],[[0.948134,0.314491,0.0462253],[-0.317769,0.941431,0.112827],[-0.00803475,-0.121664,0.992539]],[[0.948134,0.314491,0.0462253],[-0.313189,0.949106,-0.0333283],[-0.0543542,0.0171225,0.998375]],[[0.948134,0.314491,0.0462253],[-0.30537,0.941547,-0.142261],[-0.0882632,0.120767,0.988749]]],"btipPosition":[43.4483,340.394,-58.263],"carpPosition":[56.3491,318.956,94.6724],"dipPosition":[41.9407,342.457,-41.3748],"direction":[0.0543542,-0.0171225,-0.998375],"extended":true,"handId":423,"id":4231,"length":58.7895,"mcpPosition":[40.2823,337.645,25.3778],"pipPosition":[40.6274,342.871,-17.251],"stabilizedTipPosition":[28.0823,334.834,43.6932],"timeVisible":0.677716,"tipPosition":[43.2966,340.301,-54.255],"tipVelocity":[38.9116,-3.11086,-143.207],"tool":false,"touchDistance":-0.514401,"touchZone":"touching","type":1,"width":19.3369},{"bases":[[[0.985086,0.167379,-0.0398654],[-0.146991,0.939085,0.310664],[0.0894356,-0.300171,0.949683]],[[0.984959,0.167803,-0.0412085],[-0.13388,0.590369,-0.795953],[-0.109235,0.789498,0.603954]],[[0.984959,0.167803,-0.0412085],[0.0931534,-0.716548,-0.691289],[-0.145529,0.677053,-0.721402]],[[0.984959,0.167803,-0.0412085],[0.164797,-0.983987,-0.0679107],[-0.0519443,0.0600982,-0.99684]]],"btipPosition":[71.0836,287.571,37.1308],"carpPosition":[66.945,325.054,93.2353],"dipPosition":[70.1078,288.7,18.4039],"direction":[0.145529,-0.677053,0.721402],"extended":false,"handId":423,"id":4232,"length":66.986,"mcpPosition":[60.7072,345.99,26.998],"pipPosition":[65.9707,307.947,-2.10395],"stabilizedTipPosition":[68.2441,276.601,134.862],"timeVisible":0.677716,"tipPosition":[70.8231,287.892,32.9367],"tipVelocity":[17.0787,-16.7184,-127.705],"tool":false,"touchDistance":0.333333,"touchZone":"none","type":2,"width":18.9914},{"bases":[[[0.99577,0.0501103,0.0770179],[-0.0733091,0.938597,0.337138],[-0.0553947,-0.341358,0.9383]],[[0.997185,0.063649,0.0396336],[-0.00354478,0.568016,-0.82301],[-0.0748963,0.820553,0.566642]],[[0.997185,0.063649,0.0396336],[0.0741,-0.755801,-0.650595],[-0.0114546,0.6517,-0.75839]],[[0.997185,0.063649,0.0396336],[0.0651184,-0.997193,-0.0369576],[0.03717,0.0394344,-0.998531]]],"btipPosition":[85.2153,294.132,47.8354],"carpPosition":[78.7781,328.191,92.2488],"dipPosition":[85.9095,294.868,29.1846],"direction":[0.0114546,-0.6517,0.75839],"extended":false,"handId":423,"id":4233,"length":64.4088,"mcpPosition":[82.247,349.567,33.4917],"pipPosition":[85.5923,312.916,8.18206],"stabilizedTipPosition":[83.6848,284.3,142.687],"timeVisible":0.677716,"tipPosition":[85.3782,294.329,43.3612],"tipVelocity":[14.429,-15.7167,-113.107],"tool":false,"touchDistance":0.333333,"touchZone":"none","type":3,"width":18.0715},{"bases":[[[0.980999,-0.145512,0.128328],[0.0778578,0.901094,0.426576],[-0.177707,-0.408479,0.895302]],[[0.988727,-0.124679,0.0829101],[0.140693,0.584166,-0.799347],[0.0512285,0.802001,0.595122]],[[0.988727,-0.124679,0.0829101],[-0.0369205,-0.739646,-0.671982],[0.145106,0.661346,-0.735911]],[[0.988727,-0.124679,0.0829101],[-0.117345,-0.989173,-0.0881292],[0.0930003,0.0774066,-0.992653]]],"btipPosition":[96.4883,305.372,49.9306],"carpPosition":[92.4377,324.307,91.3716],"dipPosition":[98.0909,306.705,32.8257],"direction":[-0.145106,-0.661346,0.735911],"extended":false,"handId":423,"id":4234,"length":50.4953,"mcpPosition":[102.739,347.986,39.4732],"pipPosition":[100.928,319.637,18.4365],"stabilizedTipPosition":[95.6194,297.904,138.033],"timeVisible":0.677716,"tipPosition":[97.0051,305.73,45.6128],"tipVelocity":[11.8178,-18.1417,-91.3084],"tool":false,"touchDistance":0.333333,"touchZone":"none","type":4,"width":16.0525}],"r":[[0.959003,0.277566,0.0571833],[-0.282393,0.919003,0.275114],[0.0238106,-0.279983,0.959709]],"s":1.00861,"t":[-16.5728,114.129,-180.301],"timestamp":521502803929},false],[1,{"currentFrameRate":108.477,"devices":[],"gestures":[],"hands":[{"armBasis":[[0.873953,0.445381,-0.194529],[-0.254686,0.760594,0.597186],[0.413933,-0.472369,0.778156]],"armWidth":63.7005,"confidence":0.845294,"direction":[-0.101423,0.438634,-0.892924],"elbow":[190.835,186.778,307.293],"grabStrength":0,"id":423,"palmNormal":[0.27652,-0.849754,-0.448836],"palmPosition":[67.5441,332.059,46.8459],"palmVelocity":[19.674,-16.3966,-120.265],"palmWidth":90.9622,"pinchStrength":0.55182,"r":[[0.959198,0.276507,0.0590159],[-0.281913,0.919446,0.274122],[0.0215348,-0.279575,0.959882]],"s":1.01079,"sphereCenter":[85.9514,303.763,10.2446],"sphereRadius":49.4102,"stabilizedPalmPosition":[64.9912,321.063,146.052],"t":[-16.3941,113.969,-181.271],"timeVisible":0.686882,"type":"right","wrist":[79.1074,314.278,97.255]}],"id":4116558,"interactionBox":{"center":[0,200,0],"size":[235.247,235.247,147.751]},"pointables":[{"bases":[[[0.117429,0.96331,0.24134],[-0.853176,-0.0265102,0.520949],[0.508233,-0.26708,0.81876]],[[-0.0434518,0.998849,-0.0203327],[-0.887833,-0.0292741,0.459234],[0.45811,0.0380066,0.888082]],[[-0.0434518,0.998849,-0.0203327],[-0.990097,-0.0403338,0.134466],[0.133491,0.0259742,0.99071]],[[-0.0434518,0.998849,-0.0203327],[-0.703659,-0.0450452,-0.709108],[-0.709208,-0.0165047,0.704806]]],"btipPosition":[44.3868,292.873,-0.112739],"carpPosition":[55.2047,295.269,94.4631],"dipPosition":[27.7938,292.487,16.3772],"direction":[-0.133491,-0.0259742,-0.99071],"extended":false,"handId":423,"id":4230,"length":52.1005,"mcpPosition":[55.2047,295.269,94.4631],"pipPosition":[32.3439,293.372,50.1457],"stabilizedTipPosition":[30.1379,292.268,93.7489],"timeVisible":0.686882,"tipPosition":[40.2327,293.435,3.83803],"tipVelocity":[28.1261,-17.3003,-131.148],"tool":false,"touchDistance":-0.485382,"touchZone":"touching","type":0,"width":20.2438},{"bases":[[[0.925046,0.36193,-0.115315],[-0.312094,0.897213,0.31242],[0.216536,-0.253013,0.942919]],[[0.948417,0.313508,0.0470916],[-0.316883,0.941922,0.111216],[-0.00948958,-0.120401,0.99268]],[[0.948417,0.313508,0.0470916],[-0.312159,0.949426,-0.0338728],[-0.0553293,0.0174255,0.998316]],[[0.948417,0.313508,0.0470916],[-0.304311,0.941927,-0.142017],[-0.0888802,0.120361,0.988743]]],"btipPosition":[43.7567,340.232,-59.0263],"carpPosition":[56.4197,318.929,93.968],"dipPosition":[42.2386,342.288,-42.1382],"direction":[0.0553293,-0.0174255,-0.998316],"extended":true,"handId":423,"id":4231,"length":58.7895,"mcpPosition":[40.4941,337.538,24.619],"pipPosition":[40.9017,342.709,-18.0159],"stabilizedTipPosition":[28.0843,334.835,43.6801],"timeVisible":0.686882,"tipPosition":[43.6111,340.137,-55.02],"tipVelocity":[37.3691,-7.21931,-126.496],"tool":false,"touchDistance":-0.502744,"touchZone":"touching","type":1,"width":19.3369},{"bases":[[[0.985355,0.166128,-0.0384224],[-0.146381,0.939712,0.309052],[0.0874481,-0.298902,0.950269]],[[0.985247,0.166496,-0.039595],[-0.131287,0.586891,-0.798951],[-0.109785,0.792362,0.600091]],[[0.985247,0.166496,-0.039595],[0.0941857,-0.720684,-0.686835],[-0.142891,0.672973,-0.725734]],[[0.985247,0.166496,-0.039595],[0.163869,-0.984514,-0.0622888],[-0.0493526,0.0548814,-0.997272]]],"btipPosition":[71.2055,287.517,36.7122],"carpPosition":[67.0255,325.013,92.5402],"dipPosition":[70.2784,288.548,17.9772],"direction":[0.142891,-0.672973,0.725734],"extended":false,"handId":423,"id":4232,"length":66.986,"mcpPosition":[60.9263,345.86,26.2621],"pipPosition":[66.2163,307.68,-2.65374],"stabilizedTipPosition":[68.2441,276.601,134.861],"timeVisible":0.686882,"tipPosition":[70.96,287.793,32.428],"tipVelocity":[16.3659,-14.3779,-104.882],"tool":false,"touchDistance":0.333333,"touchZone":"none","type":2,"width":18.9914},{"bases":[[[0.995697,0.0490158,0.0786487],[-0.072746,0.939173,0.335652],[-0.0574124,-0.339929,0.938697]],[[0.99719,0.0624603,0.0413539],[-0.000494693,0.55753,-0.830157],[-0.0749079,0.827804,0.555994]],[[0.99719,0.0624603,0.0413539],[0.0744519,-0.765458,-0.639164],[-0.00826778,0.640447,-0.767958]],[[0.99719,0.0624603,0.0413539],[0.0635432,-0.997656,-0.0254095],[0.0396698,0.0279658,-0.998821]]],"btipPosition":[85.2931,294.187,47.8771],"carpPosition":[78.8641,328.134,91.5694],"dipPosition":[86.0341,294.71,29.2209],"direction":[0.00826778,-0.640447,0.767958],"extended":false,"handId":423,"id":4233,"length":64.4088,"mcpPosition":[82.4593,349.42,32.7874],"pipPosition":[85.8051,312.446,7.9534],"stabilizedTipPosition":[83.6848,284.3,142.686],"timeVisible":0.686882,"tipPosition":[85.4798,294.294,43.1889],"tipVelocity":[13.1015,-11.1426,-80.3339],"tool":false,"touchDistance":0.333333,"touchZone":"none","type":3,"width":18.0715},{"bases":[[[0.980601,-0.146514,0.130216],[0.0782223,0.901617,0.425403],[-0.179732,-0.406965,0.895587]],[[0.988373,-0.125942,0.0851873],[0.142578,0.573063,-0.807014],[0.0528195,0.809776,0.584356]],[[0.988373,-0.125942,0.0851873],[-0.0383033,-0.748439,-0.662097],[0.147143,0.651136,-0.744561]],[[0.988373,-0.125942,0.0851873],[-0.119244,-0.989667,-0.0796284],[0.0943356,0.0685445,-0.993178]]],"btipPosition":[96.5694,305.286,49.8224],"carpPosition":[92.5204,324.233,90.7211],"dipPosition":[98.1949,306.468,32.7084],"direction":[-0.147143,-0.651136,0.744561],"extended":false,"handId":423,"id":4234,"length":50.4953,"mcpPosition":[102.939,347.823,38.8062],"pipPosition":[101.072,319.199,18.1502],"stabilizedTipPosition":[95.6194,297.904,138.031],"timeVisible":0.686882,"tipPosition":[97.0943,305.604,45.3664],"tipVelocity":[11.1489,-16.7393,-69.2009],"tool":false,"touchDistance":0.333333,"touchZone":"none","type":4,"width":16.0525}],"r":[[0.959198,0.276507,0.0590159],[-0.281913,0.919446,0.274122],[0.0215348,-0.279575,0.959882]],"s":1.01079,"t":[-16.3941,113.969,-181.271],"timestamp":521502813095},false],[2,{"currentFrameRate":108.65,"devices":[],"gestures":[],"hands":[{"armBasis":[[0.874799,0.444165,-0.193503],[-0.254897,0.761599,0.595814],[0.412012,-0.471895,0.779462]],"armWidth":63.7005,"confidence":0.855062,"direction":[-0.100513,0.437849,-0.893412],"elbow":[190.416,186.892,307.311],"grabStrength":0,"id":423,"palmNormal":[0.276488,-0.850298,-0.447825],"palmPosition":[67.6918,332.004,46.4852],"palmVelocity":[18.8421,-13.6245,-98.6036],"palmWidth":90.9622,"pinchStrength":0.547874,"r":[[0.959366,0.275583,0.0605836],[-0.281487,0.919877,0.273114],[0.0195362,-0.27907,0.960072]],"s":1.013,"sphereCenter":[86.0894,303.731,9.96287],"sphereRadius":49.4188,"stabilizedPalmPosition":[64.9913,321.063,146.051],"t":[-16.2309,113.862,-181.937],"timeVisible":0.695774,"type":"right","wrist":[79.2069,314.265,96.92]}],"id":4116559,"interactionBox":{"center":[0,200,0],"size":[235.247,235.247,147.751]},"pointables":[{"bases":[[[0.117678,0.96348,0.240536],[-0.853602,-0.0256356,0.520295],[0.50746,-0.26655,0.819412]],[[-0.0428831,0.998856,-0.0211395],[-0.88864,-0.0284642,0.457721],[0.456596,0.0384139,0.888845]],[[-0.0428831,0.998856,-0.0211395],[-0.99025,-0.0396876,0.13353],[0.132538,0.0266595,0.990819]],[[-0.0428831,0.998856,-0.0211395],[-0.704591,-0.0452371,-0.708171],[-0.708317,-0.0154739,0.705725]]],"btipPosition":[44.5671,292.8,-0.512313],"carpPosition":[55.2978,295.264,94.1268],"dipPosition":[27.995,292.438,15.9991],"direction":[-0.132538,-0.0266595,-0.990819],"extended":false,"handId":423,"id":4230,"length":52.1005,"mcpPosition":[55.2978,295.264,94.1268],"pipPosition":[32.5126,293.347,49.7714],"stabilizedTipPosition":[30.1387,292.269,93.7417],"timeVisible":0.695774,"tipPosition":[40.4211,293.34,3.45665],"tipVelocity":[26.1407,-14.6577,-107.566],"tool":false,"touchDistance":-0.471097,"touchZone":"touching","type":0,"width":20.2438},{"bases":[[[0.925302,0.3614,-0.114917],[-0.311932,0.897646,0.311336],[0.215672,-0.252234,0.943326]],[[0.948502,0.313234,0.0472008],[-0.316617,0.942091,0.110539],[-0.00984289,-0.119791,0.99275]],[[0.948502,0.313234,0.0472008],[-0.311918,0.949527,-0.0332362],[-0.0552291,0.0168018,0.998332]],[[0.948502,0.313234,0.0472008],[-0.304168,0.942212,-0.140425],[-0.0884591,0.118837,0.988966]]],"btipPosition":[43.9302,340.184,-59.4208],"carpPosition":[56.524,318.923,93.6106],"dipPosition":[42.4192,342.213,-42.5289],"direction":[0.0552291,-0.0168018,-0.998332],"extended":true,"handId":423,"id":4231,"length":58.7895,"mcpPosition":[40.662,337.474,24.2317],"pipPosition":[41.0847,342.619,-18.4062],"stabilizedTipPosition":[28.0864,334.836,43.6669],"timeVisible":0.695774,"tipPosition":[43.7983,340.076,-55.4156],"tipVelocity":[32.565,-6.92442,-104.147],"tool":false,"touchDistance":-0.486707,"touchZone":"touching","type":1,"width":19.3369},{"bases":[[[0.985462,0.165642,-0.0377939],[-0.146197,0.940066,0.308061],[0.0865566,-0.298057,0.950616]],[[0.985368,0.165961,-0.0388134],[-0.129863,0.583569,-0.801612],[-0.110386,0.794924,0.596583]],[[0.985368,0.165961,-0.0388134],[0.0950998,-0.724338,-0.682855],[-0.141442,0.669172,-0.729522]],[[0.985368,0.165961,-0.0388134],[0.163606,-0.984845,-0.0575563],[-0.0477773,0.050364,-0.997587]]],"btipPosition":[71.3341,287.516,36.6161],"carpPosition":[67.1337,325,92.1856],"dipPosition":[70.4366,288.462,17.8752],"direction":[0.141442,-0.669172,0.729522],"extended":false,"handId":423,"id":4232,"length":66.986,"mcpPosition":[61.0967,345.789,25.8833],"pipPosition":[66.4157,307.485,-2.86347],"stabilizedTipPosition":[68.2442,276.601,134.86],"timeVisible":0.695774,"tipPosition":[71.0984,287.753,32.2468],"tipVelocity":[16.0562,-11.1206,-79.3561],"tool":false,"touchDistance":0.333333,"touchZone":"none","type":2,"width":18.9914},{"bases":[[[0.995656,0.0486343,0.0793942],[-0.0725829,0.939518,0.33472],[-0.0583134,-0.339029,0.938967]],[[0.997185,0.0620288,0.042129],[0.00108636,0.549839,-0.83527],[-0.074975,0.832965,0.548223]],[[0.997185,0.0620288,0.042129],[0.0746891,-0.771999,-0.63122],[-0.00663024,0.63259,-0.774459]],[[0.997185,0.0620288,0.042129],[0.0628263,-0.997864,-0.017875],[0.0409303,0.0204715,-0.998952]]],"btipPosition":[85.3941,294.239,48.0417],"carpPosition":[78.9745,328.115,91.2213],"dipPosition":[86.1586,294.622,29.383],"direction":[0.00663024,-0.63259,0.774459],"extended":false,"handId":423,"id":4233,"length":64.4088,"mcpPosition":[82.6261,349.345,32.4224],"pipPosition":[85.975,312.14,7.9355],"stabilizedTipPosition":[83.6848,284.3,142.685],"timeVisible":0.695774,"tipPosition":[85.5937,294.291,43.2246],"tipVelocity":[12.7911,-7.50662,-53.4871],"tool":false,"touchDistance":0.333333,"touchZone":"none","type":3,"width":18.0715},{"bases":[[[0.98043,-0.14684,0.131132],[0.0782968,0.901977,0.424626],[-0.18063,-0.406049,0.895822]],[[0.988194,-0.126483,0.0864572],[0.143701,0.569503,-0.809331],[0.0531286,0.8122,0.580955]],[[0.988194,-0.126483,0.0864572],[-0.0384911,-0.751174,-0.658982],[0.148294,0.647874,-0.747174]],[[0.988194,-0.126483,0.0864572],[-0.119965,-0.989799,-0.0768489],[0.0952953,0.0655698,-0.993287]]],"btipPosition":[96.6807,305.237,49.6484],"carpPosition":[92.6297,324.207,90.3875],"dipPosition":[98.3228,306.367,32.5325],"direction":[-0.148294,-0.647874,0.747174],"extended":false,"handId":423,"id":4234,"length":50.4953,"mcpPosition":[103.1,347.745,38.459],"pipPosition":[101.222,319.035,17.9232],"stabilizedTipPosition":[95.6194,297.904,138.029],"timeVisible":0.695774,"tipPosition":[97.2086,305.538,45.1716],"tipVelocity":[11.6383,-14.0595,-55.7264],"tool":false,"touchDistance":0.333333,"touchZone":"none","type":4,"width":16.0525}],"r":[[0.959366,0.275583,0.0605836],[-0.281487,0.919877,0.273114],[0.0195362,-0.27907,0.960072]],"s":1.013,"t":[-16.2309,113.862,-181.937],"timestamp":521502821987},false],[3,{"currentFrameRate":108.715,"devices":[],"gestures":[],"hands":[{"armBasis":[[0.87313,0.447386,-0.193622],[-0.256463,0.759337,0.598026],[0.414573,-0.472497,0.777738]],"armWidth":63.7005,"confidence":0.867352,"direction":[-0.0989352,0.43622,-0.894385],"elbow":[191.185,186.86,306.338],"grabStrength":0,"id":423,"palmNormal":[0.27856,-0.850719,-0.445737],"palmPosition":[67.8669,332.036,45.9218],"palmVelocity":[18.9646,-8.88668,-88.486],"palmWidth":90.9622,"pinchStrength":0.542489,"r":[[0.959403,0.275097,0.0621963],[-0.281493,0.920245,0.271864],[0.0175529,-0.278335,0.960324]],"s":1.01526,"sphereCenter":[86.3957,303.786,9.53413],"sphereRadius":49.4389,"stabilizedPalmPosition":[64.9913,321.063,146.05],"t":[-16.0618,113.825,-182.551],"timeVisible":0.704856,"type":"right","wrist":[79.2846,314.396,96.4134]}],"id":4116560,"interactionBox":{"center":[0,200,0],"size":[235.247,235.247,147.751]},"pointables":[{"bases":[[[0.115957,0.964025,0.239184],[-0.854792,-0.0257845,0.518329],[0.50585,-0.264556,0.821052]],[[-0.043622,0.9988,-0.0222526],[-0.890152,-0.0287452,0.454757],[0.453571,0.0396456,0.890338]],[[-0.043622,0.9988,-0.0222526],[-0.990576,-0.0403467,0.130888],[0.129834,0.0277525,0.991147]],[[-0.043622,0.9988,-0.0222526],[-0.705748,-0.046573,-0.70693],[-0.707119,-0.015133,0.706933]]],"btipPosition":[44.8893,292.791,-1.15696],"carpPosition":[55.4049,295.361,93.5962],"dipPosition":[28.3452,292.437,15.3828],"direction":[-0.129834,-0.0277525,-0.991147],"extended":false,"handId":423,"id":4230,"length":52.1005,"mcpPosition":[55.4049,295.361,93.5962],"pipPosition":[32.7706,293.383,49.1662],"stabilizedTipPosition":[30.1397,292.269,93.7335],"timeVisible":0.704856,"tipPosition":[40.7615,293.278,2.83989],"tipVelocity":[28.9199,-10.8318,-97.2446],"tool":false,"touchDistance":-0.461892,"touchZone":"touching","type":0,"width":20.2438},{"bases":[[[0.925136,0.362318,-0.113352],[-0.313739,0.897794,0.309085],[0.213754,-0.250383,0.944255]],[[0.947996,0.314552,0.0485984],[-0.31807,0.941848,0.108419],[-0.0116688,-0.118239,0.992917]],[[0.947996,0.314552,0.0485984],[-0.313142,0.949079,-0.0345102],[-0.056979,0.0174974,0.998222]],[[0.947996,0.314552,0.0485984],[-0.305253,0.941765,-0.141062],[-0.0901397,0.118892,0.988807]]],"btipPosition":[44.3006,340.061,-60.0587],"carpPosition":[56.604,319.021,93.0428],"dipPosition":[42.761,342.092,-43.1695],"direction":[0.056979,-0.0174974,-0.998222],"extended":true,"handId":423,"id":4231,"length":58.7895,"mcpPosition":[40.883,337.436,23.5956],"pipPosition":[41.3842,342.514,-19.0495],"stabilizedTipPosition":[28.0888,334.836,43.6513],"timeVisible":0.704856,"tipPosition":[44.1702,339.957,-56.0552],"tipVelocity":[34.6396,-8.74024,-94.7835],"tool":false,"touchDistance":-0.475948,"touchZone":"touching","type":1,"width":19.3369},{"bases":[[[0.985348,0.166763,-0.0357568],[-0.148048,0.940408,0.306128],[0.0846768,-0.296349,0.951319]],[[0.985276,0.167015,-0.0365668],[-0.128035,0.579029,-0.805191],[-0.113306,0.798017,0.591887]],[[0.985276,0.167015,-0.0365668],[0.0983929,-0.728809,-0.677611],[-0.139822,0.664036,-0.734511]],[[0.985276,0.167015,-0.0365668],[0.165062,-0.984955,-0.0511613],[-0.0445614,0.0443722,-0.998021]]],"btipPosition":[71.5755,287.614,36.3902],"carpPosition":[67.2097,325.108,91.6325],"dipPosition":[70.7383,288.448,17.6411],"direction":[0.139822,-0.664036,0.734511],"extended":false,"handId":423,"id":4232,"length":66.986,"mcpPosition":[61.3038,345.778,25.2811],"pipPosition":[66.7635,307.325,-3.23935],"stabilizedTipPosition":[68.2442,276.601,134.858],"timeVisible":0.704856,"tipPosition":[71.3576,287.804,31.9291],"tipVelocity":[19.3895,-5.82931,-64.3388],"tool":false,"touchDistance":0.333333,"touchZone":"none","type":2,"width":18.9914},{"bases":[[[0.995408,0.0499657,0.0816525],[-0.0744966,0.939993,0.332961],[-0.0601162,-0.337514,0.939399]],[[0.997007,0.0632827,0.0444145],[0.00324215,0.539747,-0.841821],[-0.0772453,0.839446,0.537926]],[[0.997007,0.0632827,0.0444145],[0.077173,-0.779994,-0.62101],[-0.00465617,0.622579,-0.782543]],[[0.997007,0.0632827,0.0444145],[0.0637169,-0.997932,-0.00842635],[0.0437894,0.0112311,-0.998978]]],"btipPosition":[85.5748,294.426,48.1685],"carpPosition":[79.049,328.236,90.6908],"dipPosition":[86.3927,294.635,29.5093],"direction":[0.00465617,-0.622579,0.782543],"extended":false,"handId":423,"id":4233,"length":64.4088,"mcpPosition":[82.8135,349.371,31.8648],"pipPosition":[86.2638,311.877,7.83787],"stabilizedTipPosition":[83.6849,284.3,142.682],"timeVisible":0.704856,"tipPosition":[85.7964,294.416,43.204],"tipVelocity":[15.1322,-0.962545,-34.8294],"tool":false,"touchDistance":0.333333,"touchZone":"none","type":3,"width":18.0715},{"bases":[[[0.980294,-0.145439,0.133684],[0.076216,0.902785,0.423284],[-0.18225,-0.404754,0.89608]],[[0.98808,-0.125328,0.0893887],[0.145264,0.566914,-0.810868],[0.0509488,0.814187,0.578362]],[[0.98808,-0.125328,0.0893887],[-0.0361825,-0.753482,-0.656473],[0.149627,0.645413,-0.749035]],[[0.98808,-0.125328,0.0893887],[-0.118866,-0.990126,-0.0743018],[0.0978182,0.0627909,-0.993221]]],"btipPosition":[96.8633,305.324,49.2685],"carpPosition":[92.7108,324.343,89.8957],"dipPosition":[98.5488,306.406,32.1538],"direction":[-0.149627,-0.645413,0.749035],"extended":false,"handId":423,"id":4234,"length":50.4953,"mcpPosition":[103.275,347.805,37.9522],"pipPosition":[101.474,319.025,17.5081],"stabilizedTipPosition":[95.6195,297.904,138.026],"timeVisible":0.704856,"tipPosition":[97.4024,305.608,44.7872],"tipVelocity":[14.2843,-7.86894,-51.8712],"tool":false,"touchDistance":0.333333,"touchZone":"none","type":4,"width":16.0525}],"r":[[0.959403,0.275097,0.0621963],[-0.281493,0.920245,0.271864],[0.0175529,-0.278335,0.960324]],"s":1.01526,"t":[-16.0618,113.825,-182.551],"timestamp":521502831069},false],[4,{"currentFrameRate":108.822,"devices":[],"gestures":[],"hands":[{"armBasis":[[0.876546,0.442356,-0.189709],[-0.255829,0.762042,0.594847],[0.4077,-0.472877,0.781132]],"armWidth":63.7005,"confidence":0.877044,"direction":[-0.0959021,0.435826,-0.894907],"elbow":[189.441,186.789,306.026],"grabStrength":0,"id":423,"palmNormal":[0.276985,-0.851857,-0.444544],"palmPosition":[68.1287,332.062,44.6571],"palmVelocity":[21.7457,-5.65613,-102.782],"palmWidth":90.9622,"pinchStrength":0.539887,"r":[[0.959563,0.274164,0.0638263],[-0.281072,0.920743,0.270613],[0.0154248,-0.27761,0.96057]],"s":1.01756,"sphereCenter":[86.6678,303.795,8.36899],"sphereRadius":49.4713,"stabilizedPalmPosition":[64.9913,321.063,146.049],"t":[-15.8463,113.819,-183.491],"timeVisible":0.713853,"type":"right","wrist":[79.3953,314.427,95.1845]}],"id":4116561,"interactionBox":{"center":[0,200,0],"size":[235.247,235.247,147.751]},"pointables":[{"bases":[[[0.118266,0.963868,0.238689],[-0.855889,-0.0229249,0.516651],[0.503455,-0.265394,0.822252]],[[-0.0405127,0.998919,-0.0227894],[-0.891611,-0.0258473,0.452063],[0.450985,0.0386336,0.891695]],[[-0.0405127,0.998919,-0.0227894],[-0.991046,-0.0372682,0.128216],[0.127228,0.0277798,0.991484]],[[-0.0405127,0.998919,-0.0227894],[-0.706041,-0.0447586,-0.706755],[-0.707011,-0.0125423,0.707091]]],"btipPosition":[45.1661,292.878,-2.50183],"carpPosition":[55.4664,295.459,92.3342],"dipPosition":[28.6245,292.585,14.0416],"direction":[-0.127228,-0.0277798,-0.991484],"extended":false,"handId":423,"id":4230,"length":52.1005,"mcpPosition":[55.4664,295.459,92.3342],"pipPosition":[32.9611,293.531,47.8365],"stabilizedTipPosition":[30.1407,292.269,93.7257],"timeVisible":0.713853,"tipPosition":[41.0363,293.345,1.50917],"tipVelocity":[29.4436,-4.77551,-111.557],"tool":false,"touchDistance":-0.464197,"touchZone":"touching","type":0,"width":20.2438},{"bases":[[[0.926401,0.359561,-0.111788],[-0.311758,0.898929,0.307787],[0.211158,-0.250284,0.944865]],[[0.94879,0.311919,0.0500321],[-0.315606,0.942831,0.107063],[-0.0137769,-0.11737,0.992993]],[[0.94879,0.311919,0.0500321],[-0.310423,0.949935,-0.035503],[-0.0586013,0.0181538,0.998116]],[[0.94879,0.311919,0.0500321],[-0.302401,0.942578,-0.141773],[-0.0913808,0.119383,0.988634]]],"btipPosition":[44.7733,340.086,-61.3787],"carpPosition":[56.7349,319.115,91.7655],"dipPosition":[43.2125,342.125,-44.4925],"direction":[0.0586013,-0.0181538,-0.998116],"extended":true,"handId":423,"id":4231,"length":58.7895,"mcpPosition":[41.2048,337.523,22.2734],"pipPosition":[41.7965,342.564,-20.375],"stabilizedTipPosition":[28.0916,334.837,43.634],"timeVisible":0.713853,"tipPosition":[44.6394,339.993,-57.3766],"tipVelocity":[39.4056,-5.50904,-109.059],"tool":false,"touchDistance":-0.476496,"touchZone":"touching","type":1,"width":19.3369},{"bases":[[[0.985895,0.163891,-0.0339267],[-0.145939,0.941063,0.305127],[0.0819348,-0.295872,0.951707]],[[0.985836,0.164102,-0.0346042],[-0.124385,0.577021,-0.807202],[-0.112496,0.800073,0.58926]],[[0.985836,0.164102,-0.0346042],[0.0981083,-0.731635,-0.6746],[-0.136021,0.66165,-0.737372]],[[0.985836,0.164102,-0.0346042],[0.162394,-0.985584,-0.0474627],[-0.041894,0.0411709,-0.998273]]],"btipPosition":[71.7207,287.672,35.3149],"carpPosition":[67.3609,325.171,90.3716],"dipPosition":[70.9336,288.446,16.5611],"direction":[0.136021,-0.66165,0.737372],"extended":false,"handId":423,"id":4232,"length":66.986,"mcpPosition":[61.6462,345.807,23.9932],"pipPosition":[67.0669,307.255,-4.40072],"stabilizedTipPosition":[68.2443,276.601,134.856],"timeVisible":0.713853,"tipPosition":[71.5176,287.835,30.8054],"tipVelocity":[18.8496,-2.87966,-79.5187],"tool":false,"touchDistance":0.333333,"touchZone":"none","type":2,"width":18.9914},{"bases":[[[0.995384,0.0471543,0.08359],[-0.0724417,0.940456,0.332106],[-0.0629525,-0.336628,0.939531]],[[0.997099,0.0604833,0.0462191],[0.00700008,0.531749,-0.846873],[-0.0757986,0.844739,0.529783]],[[0.997099,0.0604833,0.0462191],[0.0761173,-0.786077,-0.613424],[-0.00077012,0.615162,-0.7884]],[[0.997099,0.0604833,0.0462191],[0.060647,-0.998157,-0.00214579],[0.0460041,0.00494262,-0.998929]]],"btipPosition":[85.7008,294.484,47.4455],"carpPosition":[79.211,328.264,89.4511],"dipPosition":[86.5601,294.576,28.7872],"direction":[0.00077012,-0.615162,0.7884],"extended":false,"handId":423,"id":4233,"length":64.4088,"mcpPosition":[83.1531,349.344,30.6168],"pipPosition":[86.5388,311.612,6.95359],"stabilizedTipPosition":[83.6849,284.3,142.679],"timeVisible":0.713853,"tipPosition":[85.937,294.439,42.3812],"tipVelocity":[15.1132,0.261567,-47.3211],"tool":false,"touchDistance":0.333333,"touchZone":"none","type":3,"width":18.0715},{"bases":[[[0.979603,-0.148167,0.135738],[0.0779835,0.902882,0.422756],[-0.185194,-0.403548,0.89602]],[[0.98743,-0.128426,0.092133],[0.14864,0.55633,-0.817559],[0.0537391,0.820977,0.568426]],[[0.98743,-0.128426,0.092133],[-0.0383984,-0.760369,-0.648356],[0.15332,0.636668,-0.755742]],[[0.98743,-0.128426,0.092133],[-0.122355,-0.9901,-0.0687784],[0.100054,0.0566409,-0.993369]]],"btipPosition":[96.9768,305.278,48.5472],"carpPosition":[92.8631,324.33,88.686],"dipPosition":[98.7009,306.254,31.4299],"direction":[-0.15332,-0.636668,0.755742],"extended":false,"handId":423,"id":4234,"length":50.4953,"mcpPosition":[103.598,347.723,36.746],"pipPosition":[101.699,318.703,16.653],"stabilizedTipPosition":[95.6195,297.905,138.023],"timeVisible":0.713853,"tipPosition":[97.5346,305.547,43.9519],"tipVelocity":[14.0972,-7.83822,-59.6585],"tool":false,"touchDistance":0.333333,"touchZone":"none","type":4,"width":16.0525}],"r":[[0.959563,0.274164,0.0638263],[-0.281072,0.920743,0.270613],[0.0154248,-0.27761,0.96057]],"s":1.01756,"t":[-15.8463,113.819,-183.491],"timestamp":521502840066},false],[5,{"currentFrameRate":108.756,"devices":[],"gestures":[],"hands":[{"armBasis":[[0.874697,0.44372,-0.19498],[-0.256387,0.765013,0.59078],[0.411303,-0.466763,0.782919]],"armWidth":63.7005,"confidence":0.887428,"direction":[-0.0930127,0.436804,-0.894735],"elbow":[190.469,188.251,305.008],"grabStrength":0,"id":423,"palmNormal":[0.276303,-0.852012,-0.44467],"palmPosition":[68.3338,331.94,43.1475],"palmVelocity":[21.8224,-7.75292,-119.544],"palmWidth":90.9622,"pinchStrength":0.53682,"r":[[0.959766,0.273026,0.0656137],[-0.28049,0.921203,0.269649],[0.0131779,-0.277204,0.960721]],"s":1.01935,"sphereCenter":[87.0147,303.69,6.89262],"sphereRadius":49.5033,"stabilizedPalmPosition":[64.9913,321.063,146.048],"t":[-15.636,113.755,-184.716],"timeVisible":0.723167,"type":"right","wrist":[79.451,314.238,93.6846]}],"id":4116562,"interactionBox":{"center":[0,200,0],"size":[235.247,235.247,147.751]},"pointables":[{"bases":[[[0.119634,0.96342,0.23981],[-0.8571,-0.0216836,0.514693],[0.501066,-0.267116,0.823154]],[[-0.0385195,0.999014,-0.0220574],[-0.893321,-0.0245362,0.448749],[0.447765,0.0369899,0.893386]],[[-0.0385195,0.999014,-0.0220574],[-0.991543,-0.0354752,0.124833],[0.123927,0.0266793,0.991933]],[[-0.0385195,0.999014,-0.0220574],[-0.707702,-0.0428576,-0.70521],[-0.70546,-0.0115543,0.708655]]],"btipPosition":[45.4277,292.836,-4.20892],"carpPosition":[55.4911,295.321,90.7633],"dipPosition":[28.9224,292.565,12.3711],"direction":[-0.123927,-0.0266793,-0.991933],"extended":false,"handId":423,"id":4230,"length":52.1005,"mcpPosition":[55.4911,295.321,90.7633],"pipPosition":[33.1465,293.475,46.1813],"stabilizedTipPosition":[30.1416,292.269,93.7184],"timeVisible":0.723167,"tipPosition":[41.3041,293.287,-0.161988],"tipVelocity":[29.3146,-4.54465,-131.576],"tool":false,"touchDistance":-0.471591,"touchZone":"touching","type":0,"width":20.2438},{"bases":[[[0.927362,0.357822,-0.109373],[-0.310673,0.899274,0.307877],[0.208522,-0.251535,0.945118]],[[0.94928,0.310058,0.0522576],[-0.314016,0.943379,0.106916],[-0.0161488,-0.117903,0.992894]],[[0.94928,0.310058,0.0522576],[-0.308524,0.950557,-0.0354264],[-0.0606581,0.0175069,0.998005]],[[0.94928,0.310058,0.0522576],[-0.300309,0.943285,-0.141521],[-0.0931734,0.118649,0.988555]]],"btipPosition":[45.2222,340.089,-62.9361],"carpPosition":[56.8077,318.975,90.2185],"dipPosition":[43.6308,342.115,-46.0512],"direction":[0.0606581,-0.0175069,-0.998005],"extended":true,"handId":423,"id":4231,"length":58.7895,"mcpPosition":[41.4715,337.474,20.7077],"pipPosition":[42.1651,342.538,-21.9363],"stabilizedTipPosition":[28.0946,334.839,43.6155],"timeVisible":0.723167,"tipPosition":[45.0799,340.009,-58.9357],"tipVelocity":[41.6756,-3.96876,-125.505],"tool":false,"touchDistance":-0.480545,"touchZone":"touching","type":1,"width":19.3369},{"bases":[[[0.986292,0.161967,-0.0315512],[-0.144765,0.941081,0.305629],[0.079194,-0.296872,0.951628]],[[0.986239,0.162162,-0.0321767],[-0.121122,0.576269,-0.808235],[-0.112522,0.801011,0.58798]],[[0.986239,0.162162,-0.0321767],[0.0985845,-0.733101,-0.672937],[-0.132713,0.660505,-0.739]],[[0.986239,0.162162,-0.0321767],[0.160627,-0.98596,-0.0456334],[-0.0391249,0.039837,-0.99844]]],"btipPosition":[71.855,287.594,33.9139],"carpPosition":[67.4488,325.01,88.854],"dipPosition":[71.12,288.342,15.1569],"direction":[0.132713,-0.660505,0.739],"extended":false,"handId":423,"id":4232,"length":66.986,"mcpPosition":[61.9253,345.716,22.4811],"pipPosition":[67.3473,307.119,-5.85113],"stabilizedTipPosition":[68.2444,276.602,134.854],"timeVisible":0.723167,"tipPosition":[71.6661,287.741,29.3617],"tipVelocity":[17.9609,-4.61654,-99.5814],"tool":false,"touchDistance":0.333333,"touchZone":"none","type":2,"width":18.9914},{"bases":[[[0.995284,0.0451074,0.0858833],[-0.0713308,0.940305,0.332774],[-0.0657459,-0.337331,0.939088]],[[0.99711,0.058482,0.0484828],[0.0100638,0.530904,-0.847372],[-0.0752957,0.845412,0.528781]],[[0.99711,0.058482,0.0484828],[0.0759299,-0.786753,-0.61258],[0.00231917,0.614491,-0.788921]],[[0.99711,0.058482,0.0484828],[0.0586441,-0.998277,-0.00192679],[0.0482866,0.00476445,-0.998822]]],"btipPosition":[85.8212,294.337,46.0423],"carpPosition":[79.3071,328.08,87.963],"dipPosition":[86.7231,294.426,27.386],"direction":[-0.00231917,-0.614491,0.788921],"extended":false,"handId":423,"id":4233,"length":64.4088,"mcpPosition":[83.4241,349.204,29.1565],"pipPosition":[86.7873,311.443,5.53802],"stabilizedTipPosition":[83.685,284.301,142.676],"timeVisible":0.723167,"tipPosition":[86.0681,294.293,40.9818],"tipVelocity":[14.7916,-4.30686,-76.5141],"tool":false,"touchDistance":0.333333,"touchZone":"none","type":3,"width":18.0715},{"bases":[[[0.978998,-0.150228,0.137823],[0.0788141,0.902353,0.423731],[-0.188021,-0.40397,0.895241]],[[0.986951,-0.130499,0.0943305],[0.151661,0.55653,-0.816868],[0.0541029,0.820515,0.569059]],[[0.986951,-0.130499,0.0943305],[-0.038422,-0.759757,-0.649071],[0.156372,0.636976,-0.754857]],[[0.986951,-0.130499,0.0943305],[-0.124177,-0.989783,-0.0700673],[0.102511,0.0574393,-0.993072]]],"btipPosition":[97.1158,305.09,47.0869],"carpPosition":[92.953,324.121,87.2254],"dipPosition":[98.8822,306.079,29.9747],"direction":[-0.156372,-0.636976,0.754857],"extended":false,"handId":423,"id":4234,"length":50.4953,"mcpPosition":[103.852,347.538,35.3305],"pipPosition":[101.94,318.534,15.2152],"stabilizedTipPosition":[95.6196,297.905,138.02],"timeVisible":0.723167,"tipPosition":[97.6825,305.363,42.5055],"tipVelocity":[14.6258,-11.2497,-87.077],"tool":false,"touchDistance":0.333333,"touchZone":"none","type":4,"width":16.0525}],"r":[[0.959766,0.273026,0.0656137],[-0.28049,0.921203,0.269649],[0.0131779,-0.277204,0.960721]],"s":1.01935,"t":[-15.636,113.755,-184.716],"timestamp":521502849380},false],[6,{"currentFrameRate":108.994,"devices":[],"gestures":[],"hands":[{"armBasis":[[0.872428,0.445428,-0.201154],[-0.254579,0.765493,0.590941],[0.417203,-0.464344,0.781234]],"armWidth":63.7005,"confidence":0.891275,"direction":[-0.0900292,0.438532,-0.894195],"elbow":[192.151,188.649,303.249],"grabStrength":0,"id":423,"palmNormal":[0.273843,-0.852334,-0.445574],"palmPosition":[68.5663,331.804,41.8542],"palmVelocity":[23.0996,-9.82937,-127.132],"palmWidth":90.9622,"pinchStrength":0.529584,"r":[[0.960105,0.271388,0.0674228],[-0.279426,0.921692,0.26908],[0.0108821,-0.277185,0.960755]],"s":1.02084,"sphereCenter":[87.3262,303.572,5.60645],"sphereRadius":49.534,"stabilizedPalmPosition":[64.9914,321.063,146.047],"t":[-15.4146,113.655,-185.975],"timeVisible":0.731914,"type":"right","wrist":[79.5407,313.983,92.3806]}],"id":4116563,"interactionBox":{"center":[0,200,0],"size":[235.247,235.247,147.751]},"pointables":[{"bases":[[[0.122816,0.962599,0.241493],[-0.857963,-0.0193207,0.513349],[0.498815,-0.270239,0.823501]],[[-0.0349565,0.999172,-0.0208176],[-0.894728,-0.0220087,0.446069],[0.445242,0.0342191,0.894756]],[[-0.0349565,0.999172,-0.0208176],[-0.991984,-0.0321589,0.122206],[0.121436,0.0249226,0.992286]],[[-0.0349565,0.999172,-0.0208176],[-0.710746,-0.0394989,-0.702339],[-0.70258,-0.00975532,0.711538]]],"btipPosition":[45.5958,292.83,-5.72691],"carpPosition":[55.5157,295.159,89.3933],"dipPosition":[29.1579,292.602,10.9206],"direction":[-0.121436,-0.0249226,-0.992286],"extended":false,"handId":423,"id":4230,"length":52.1005,"mcpPosition":[55.5157,295.159,89.3933],"pipPosition":[33.2971,293.451,44.7428],"stabilizedTipPosition":[30.1423,292.269,93.7127],"timeVisible":0.731914,"tipPosition":[41.4927,293.278,-1.63237],"tipVelocity":[27.0835,-3.20622,-142.348],"tool":false,"touchDistance":-0.475302,"touchZone":"touching","type":0,"width":20.2438},{"bases":[[[0.928842,0.354568,-0.107399],[-0.307828,0.899935,0.308802],[0.206143,-0.253768,0.945043]],[[0.950329,0.306515,0.0540607],[-0.310723,0.944375,0.107734],[-0.0180315,-0.119181,0.992709]],[[0.950329,0.306515,0.0540607],[-0.305011,0.951728,-0.0343676],[-0.0619853,0.0161715,0.997946]],[[0.950329,0.306515,0.0540607],[-0.296691,0.944613,-0.140292],[-0.0940681,0.117285,0.988633]]],"btipPosition":[45.638,340.197,-64.2537],"carpPosition":[56.9204,318.809,88.8872],"dipPosition":[44.0313,342.201,-47.3675],"direction":[0.0619853,-0.0161715,-0.997946],"extended":true,"handId":423,"id":4231,"length":58.7895,"mcpPosition":[41.7591,337.473,19.382],"pipPosition":[42.5336,342.591,-23.2541],"stabilizedTipPosition":[28.0976,334.839,43.5979],"timeVisible":0.731914,"tipPosition":[45.4903,340.122,-60.2545],"tipVelocity":[43.1391,0.26248,-132.232],"tool":false,"touchDistance":-0.480584,"touchZone":"touching","type":1,"width":19.3369},{"bases":[[[0.986929,0.158376,-0.0297916],[-0.141764,0.941133,0.306873],[0.0766392,-0.298639,0.951284]],[[0.986896,0.158506,-0.030205],[-0.116907,0.573365,-0.810916],[-0.111217,0.803821,0.584382]],[[0.986896,0.158506,-0.030205],[0.097875,-0.736862,-0.66892],[-0.128285,0.657198,-0.74272]],[[0.986896,0.158506,-0.030205],[0.157189,-0.98668,-0.0418943],[-0.0364432,0.0365975,-0.998665]]],"btipPosition":[71.9309,287.533,32.9157],"carpPosition":[67.5857,324.807,87.5484],"dipPosition":[71.2463,288.221,14.1545],"direction":[0.128285,-0.657198,0.74272],"extended":false,"handId":423,"id":4232,"length":66.986,"mcpPosition":[62.2404,345.636,21.1995],"pipPosition":[67.5994,306.904,-6.95933],"stabilizedTipPosition":[68.2444,276.602,134.853],"timeVisible":0.731914,"tipPosition":[71.7555,287.654,28.2514],"tipVelocity":[15.8283,-5.66374,-103.507],"tool":false,"touchDistance":0.333333,"touchZone":"none","type":2,"width":18.9914},{"bases":[[[0.99531,0.0413026,0.0874744],[-0.0683747,0.940044,0.334129],[-0.0684294,-0.338543,0.938459]],[[0.997244,0.0547273,0.0501008],[0.0133244,0.532171,-0.846532],[-0.0729906,0.844866,0.529975]],[[0.997244,0.0547273,0.0501008],[0.0739703,-0.786046,-0.613726],[0.00579401,0.61574,-0.787928]],[[0.997244,0.0547273,0.0501008],[0.0549695,-0.998482,-0.00346841],[0.049835,0.00621287,-0.998738]]],"btipPosition":[85.9106,294.13,44.7166],"carpPosition":[79.4566,327.835,86.6804],"dipPosition":[86.8414,294.246,26.0619],"direction":[-0.00579401,-0.61574,0.787928],"extended":false,"handId":423,"id":4233,"length":64.4088,"mcpPosition":[83.7417,349.035,27.9132],"pipPosition":[87.0019,311.298,4.24138],"stabilizedTipPosition":[83.6851,284.301,142.674],"timeVisible":0.731914,"tipPosition":[86.1648,294.094,39.6618],"tipVelocity":[13.7714,-9.30317,-96.6162],"tool":false,"touchDistance":0.333333,"touchZone":"none","type":3,"width":18.0715},{"bases":[[[0.978225,-0.154052,0.139085],[0.0814896,0.901397,0.425256],[-0.190882,-0.404662,0.894323]],[[0.986308,-0.134312,0.0956949],[0.155123,0.558597,-0.814804],[0.0559833,0.818492,0.571783]],[[0.986308,-0.134312,0.0956949],[-0.0399395,-0.757529,-0.651579],[0.160007,0.638835,-0.752521]],[[0.986308,-0.134312,0.0956949],[-0.127631,-0.989143,-0.072841],[0.104439,0.0596299,-0.992742]]],"btipPosition":[97.2468,304.832,45.7245],"carpPosition":[93.089,323.826,85.9574],"dipPosition":[99.0464,305.86,28.6181],"direction":[-0.160007,-0.638835,0.752521],"extended":false,"handId":423,"id":4234,"length":50.4953,"mcpPosition":[104.154,347.283,34.1158],"pipPosition":[102.175,318.351,13.9041],"stabilizedTipPosition":[95.6196,297.905,138.018],"timeVisible":0.731914,"tipPosition":[97.8147,305.116,41.1958],"tipVelocity":[14.9537,-15.8488,-105.442],"tool":false,"touchDistance":0.333333,"touchZone":"none","type":4,"width":16.0525