{"sensorType":"Leap","data":[[0,{"currentFrameRate":108.631,"devices":[],"gestures":[],"hands":[{"armBasis":[[0.822007,0.469709,-0.32199],[-0.181257,0.751807,0.633981],[0.539861,-0.462774,0.703129]],"armWidth":63.7005,"confidence":0.748812,"direction":[-0.192887,0.544433,-0.816326],"elbow":[210.222,169.148,279.05],"grabStrength":0,"id":402,"palmNormal":[0.195916,-0.793828,-0.575721],"palmPosition":[47.6107,317.956,43.0632],"palmVelocity":[8.91903,-26.2574,-165.428],"palmWidth":90.9622,"pinchStrength":0.597283,"r":[[0.989047,-0.143122,-0.0360707],[0.145615,0.986096,0.0800629],[0.0241104,-0.0844384,0.996137]],"s":0.941946,"sphereCenter":[51.287,291.457,2.17467],"sphereRadius":47.8136,"stabilizedPalmPosition":[59.1143,308.168,138.539],"t":[-39.883,83.6254,-176.371],"timeVisible":0.704859,"type":"right","wrist":[64.5041,294.059,89.2637]}],"id":4105579,"interactionBox":{"center":[0,200,0],"size":[235.247,235.247,147.751]},"pointables":[{"bases":[[[0.174019,0.925299,0.336954],[-0.786119,-0.075545,0.613441],[0.593072,-0.371637,0.714249]],[[-0.102215,0.994726,-0.00848791],[-0.781739,-0.0750469,0.619073],[0.615171,0.0699142,0.785287]],[[-0.102215,0.994726,-0.00848791],[-0.967719,-0.0974569,0.232427],[0.230374,0.0319716,0.972577]],[[-0.102215,0.994726,-0.00848791],[-0.640995,-0.0723871,-0.764124],[-0.760708,-0.0726645,0.645014]]],"btipPosition":[19.1251,273.024,-0.264809],"carpPosition":[39.8781,275.903,87.1644],"dipPosition":[1.32726,271.324,14.8262],"direction":[-0.230374,-0.0319716,-0.972577],"extended":false,"handId":402,"id":4020,"length":52.1005,"mcpPosition":[39.8781,275.903,87.1644],"pipPosition":[9.17961,272.414,47.9767],"stabilizedTipPosition":[22.945,272.616,106.489],"timeVisible":0.704859,"tipPosition":[14.4639,273.608,3.62726],"tipVelocity":[21.6165,-51.7961,-173.51],"tool":false,"touchDistance":-0.535256,"touchZone":"touching","type":0,"width":20.2438},{"bases":[[[0.915428,0.358545,-0.18286],[-0.245902,0.857911,0.451133],[0.318628,-0.368014,0.873522]],[[0.948459,0.30895,-0.0705419],[-0.292286,0.938855,0.181993],[0.122455,-0.151994,0.980766]],[[0.948459,0.30895,-0.0705419],[-0.306925,0.950966,0.0382138],[0.0788892,-0.0145932,0.996777]],[[0.948459,0.30895,-0.0705419],[-0.313531,0.947205,-0.0670885],[0.0460907,0.0857478,0.99525]]],"btipPosition":[10.3503,331.911,-58.1414],"carpPosition":[41.7373,299.429,89.3112],"dipPosition":[11.1375,333.376,-41.1422],"direction":[-0.0788892,0.0145932,-0.996777],"extended":true,"handId":402,"id":4021,"length":58.7895,"mcpPosition":[18.3031,326.495,25.0662],"pipPosition":[13.0437,333.023,-17.057],"stabilizedTipPosition":[13.4373,322.379,46.1394],"timeVisible":0.704859,"tipPosition":[10.0676,331.907,-53.9762],"tipVelocity":[18.0982,-26.1814,-169.188],"tool":false,"touchDistance":-0.539619,"touchZone":"touching","type":1,"width":19.3369},{"bases":[[[0.978477,0.153987,-0.137372],[-0.0805426,0.897889,0.432792],[0.189989,-0.412413,0.890966]],[[0.97698,0.157169,-0.144252],[-0.210137,0.592389,-0.777765],[-0.0367866,0.790173,0.611779]],[[0.97698,0.157169,-0.144252],[-0.0417028,-0.522437,-0.851657],[-0.209217,0.838068,-0.503856]],[[0.97698,0.157169,-0.144252],[0.0711921,-0.877621,-0.474039],[-0.201103,0.452857,-0.868607]]],"btipPosition":[50.5254,263.829,26.3583],"carpPosition":[52.2785,305.472,87.3378],"dipPosition":[46.7475,272.337,10.0404],"direction":[0.209217,-0.838068,0.503856],"extended":false,"handId":402,"id":4022,"length":66.986,"mcpPosition":[39.0273,334.236,25.1959],"pipPosition":[40.7999,296.161,-4.28306],"stabilizedTipPosition":[60.1993,258.349,108.52],"timeVisible":0.704859,"tipPosition":[49.576,265.602,22.4394],"tipVelocity":[8.54934,-25.3795,-171.929],"tool":false,"touchDistance":0.333333,"touchZone":"none","type":2,"width":18.9914},{"bases":[[[0.999039,0.0234905,-0.0369942],[-0.00433158,0.892991,0.450053],[0.0436075,-0.449461,0.892235]],[[0.997024,0.0384991,-0.0667936],[-0.0768301,0.567867,-0.819527],[0.00637883,0.82222,0.569135]],[[0.997024,0.0384991,-0.0667936],[-0.0330103,-0.569761,-0.821147],[-0.0696698,0.820908,-0.566795]],[[0.997024,0.0384991,-0.0667936],[0.00582105,-0.901506,-0.432728],[-0.0768744,0.431051,-0.899047]]],"btipPosition":[64.3578,269.135,36.5136],"carpPosition":[64.0082,308.5,85.3178],"dipPosition":[62.9219,277.186,19.7209],"direction":[0.0696698,-0.820908,0.566795],"extended":false,"handId":402,"id":4023,"length":64.4088,"mcpPosition":[61.2774,336.645,29.4453],"pipPosition":[60.9925,299.92,4.02434],"stabilizedTipPosition":[77.6396,260.719,126.149],"timeVisible":0.704859,"tipPosition":[64.0689,270.93,32.5355],"tipVelocity":[7.41182,-27.0174,-169.052],"tool":false,"touchDistance":0.333333,"touchZone":"none","type":3,"width":18.0715},{"bases":[[[0.984262,-0.176561,-0.00732895],[0.154978,0.842533,0.515867],[-0.084907,-0.508885,0.856637]],[[0.970509,-0.227439,0.079899],[0.201614,0.584105,-0.78624],[0.132152,0.779162,0.612734]],[[0.970509,-0.227439,0.079899],[-0.0528228,-0.524027,-0.850062],[0.235206,0.820772,-0.520587]],[[0.970509,-0.227439,0.079899],[-0.161162,-0.858636,-0.486591],[0.179274,0.459365,-0.869968]]],"btipPosition":[69.9077,282.507,36.2269],"carpPosition":[77.3453,304.514,82.3734],"dipPosition":[72.9968,290.423,21.2361],"direction":[-0.235206,-0.820772,0.520587],"extended":false,"handId":402,"id":4024,"length":50.4953,"mcpPosition":[82.2672,334.013,32.7163],"pipPosition":[77.5958,306.471,11.0571],"stabilizedTipPosition":[83.2692,274.411,126.628],"timeVisible":0.704859,"tipPosition":[70.5328,284.278,32.4414],"tipVelocity":[10.7697,-27.5692,-158.756],"tool":false,"touchDistance":0.333333,"touchZone":"none","type":4,"width":16.0525}],"r":[[0.989047,-0.143122,-0.0360707],[0.145615,0.986096,0.0800629],[0.0241104,-0.0844384,0.996137]],"s":0.941946,"t":[-39.883,83.6254,-176.371],"timestamp":521353752544},false],[1,{"currentFrameRate":108.812,"devices":[],"gestures":[],"hands":[{"armBasis":[[0.827502,0.466087,-0.313053],[-0.183192,0.751186,0.634161],[0.530736,-0.46742,0.706992]],"armWidth":63.7005,"confidence":0.762565,"direction":[-0.192551,0.545263,-0.815851],"elbow":[207.85,167.766,278.756],"grabStrength":0,"id":402,"palmNormal":[0.197675,-0.792812,-0.576519],"palmPosition":[47.7301,317.867,41.7358],"palmVelocity":[10.1505,-21.8544,-161.173],"palmWidth":90.9622,"pinchStrength":0.599148,"r":[[0.989005,-0.143574,-0.0354467],[0.145999,0.986085,0.0795006],[0.0235393,-0.0838017,0.996204]],"s":0.942015,"sphereCenter":[51.5743,291.46,0.807799],"sphereRadius":47.8407,"stabilizedPalmPosition":[59.1142,308.168,138.539],"t":[-39.7759,83.446,-177.651],"timeVisible":0.713724,"type":"right","wrist":[64.5955,293.931,87.9262]}],"id":4105580,"interactionBox":{"center":[0,200,0],"size":[235.247,235.247,147.751]},"pointables":[{"bases":[[[0.172393,0.925077,0.338399],[-0.786801,-0.077372,0.612338],[0.592642,-0.371815,0.714513]],[[-0.104307,0.99451,-0.00836394],[-0.783247,-0.0769606,0.616929],[0.612898,0.0709009,0.786974]],[[-0.104307,0.99451,-0.00836394],[-0.967745,-0.0995534,0.231427],[0.229324,0.0322336,0.972816]],[[-0.104307,0.99451,-0.00836394],[-0.640917,-0.0736469,-0.764069],[-0.760491,-0.0743371,0.64508]]],"btipPosition":[19.3869,272.848,-1.7516],"carpPosition":[39.9957,275.746,85.7715],"dipPosition":[1.59407,271.109,13.341],"direction":[-0.229324,-0.0322336,-0.972816],"extended":false,"handId":402,"id":4020,"length":52.1005,"mcpPosition":[39.9957,275.746,85.7715],"pipPosition":[9.41061,272.208,46.4996],"stabilizedTipPosition":[22.9441,272.616,106.477],"timeVisible":0.713724,"tipPosition":[14.742,273.412,2.14184],"tipVelocity":[23.7953,-43.4152,-171.928],"tool":false,"touchDistance":-0.53236,"touchZone":"touching","type":0,"width":20.2438},{"bases":[[[0.915196,0.359968,-0.181218],[-0.247586,0.856995,0.451952],[0.317991,-0.368758,0.873441]],[[0.948371,0.309805,-0.0679245],[-0.293284,0.938146,0.184031],[0.120737,-0.154608,0.980571]],[[0.948371,0.309805,-0.0679245],[-0.307538,0.950613,0.0418897],[0.0775476,-0.0188376,0.996811]],[[0.948371,0.309805,-0.0679245],[-0.313948,0.947395,-0.0622921],[0.0450529,0.0804008,0.995744]]],"btipPosition":[10.6055,332.115,-59.4957],"carpPosition":[41.8217,299.271,87.9518],"dipPosition":[11.375,333.488,-42.488],"direction":[-0.0775476,0.0188376,-0.996811],"extended":true,"handId":402,"id":4021,"length":58.7895,"mcpPosition":[18.4343,326.392,23.7127],"pipPosition":[13.2488,333.033,-18.4021],"stabilizedTipPosition":[13.4373,322.379,46.139],"timeVisible":0.713724,"tipPosition":[10.3388,332.038,-55.3452],"tipVelocity":[20.8717,-13.5092,-164.678],"tool":false,"touchDistance":-0.534276,"touchZone":"touching","type":1,"width":19.3369},{"bases":[[[0.978451,0.155432,-0.135921],[-0.082255,0.89721,0.433875],[0.189387,-0.413346,0.890661]],[[0.976907,0.158729,-0.143032],[-0.210225,0.594383,-0.776218],[-0.0381926,0.788361,0.614026]],[[0.976907,0.158729,-0.143032],[-0.0403155,-0.520461,-0.852933],[-0.209828,0.839002,-0.502043]],[[0.976907,0.158729,-0.143032],[0.0728453,-0.876737,-0.475422],[-0.200865,0.454024,-0.868053]]],"btipPosition":[50.7272,263.792,24.8713],"carpPosition":[52.3575,305.33,85.9998],"dipPosition":[46.9537,272.321,8.56383],"direction":[0.209828,-0.839002,0.502043],"extended":false,"handId":402,"id":4022,"length":66.986,"mcpPosition":[39.1484,334.16,23.8791],"pipPosition":[40.9887,296.172,-5.7081],"stabilizedTipPosition":[60.1993,258.349,108.519],"timeVisible":0.713724,"tipPosition":[49.7865,265.569,20.997],"tipVelocity":[12.4316,-19.4913,-170.72],"tool":false,"touchDistance":0.333333,"touchZone":"none","type":2,"width":18.9914},{"bases":[[[0.999054,0.0248298,-0.035689],[-0.00605968,0.892389,0.451227],[0.0430523,-0.450584,0.891695]],[[0.997073,0.0397859,-0.0652944],[-0.0763381,0.566368,-0.820609],[0.00433197,0.823191,0.567748]],[[0.997073,0.0397859,-0.0652944],[-0.0308792,-0.571691,-0.819888],[-0.0699482,0.819504,-0.568789]],[[0.997073,0.0397859,-0.0652944],[0.00775719,-0.902187,-0.431276],[-0.0760664,0.429507,-0.899854]]],"btipPosition":[64.5543,269.106,35.3606],"carpPosition":[64.0859,308.376,83.9988],"dipPosition":[63.1335,277.129,18.5528],"direction":[0.0699482,-0.819504,0.568789],"extended":false,"handId":402,"id":4023,"length":64.4088,"mcpPosition":[61.3899,336.592,28.1601],"pipPosition":[61.1964,299.824,2.80107],"stabilizedTipPosition":[77.6394,260.72,126.148],"timeVisible":0.713724,"tipPosition":[64.2637,270.893,31.3072],"tipVelocity":[11.5185,-20.7778,-158.588],"tool":false,"touchDistance":0.333333,"touchZone":"none","type":3,"width":18.0715},{"bases":[[[0.984499,-0.175279,-0.00630701],[0.153231,0.84205,0.517178],[-0.0853398,-0.510127,0.855855]],[[0.970767,-0.226114,0.0805283],[0.20159,0.585956,-0.784867],[0.130283,0.778157,0.614409]],[[0.970767,-0.226114,0.0805283],[-0.0511293,-0.522602,-0.851042],[0.234517,0.822046,-0.518886]],[[0.970767,-0.226114,0.0805283],[-0.159399,-0.858149,-0.488028],[0.179455,0.460925,-0.869105]]],"btipPosition":[70.0958,282.46,34.8576],"carpPosition":[77.4319,304.412,81.0661],"dipPosition":[73.1881,290.403,19.8816],"direction":[-0.234517,-0.822046,0.518886],"extended":false,"handId":402,"id":4024,"length":50.4953,"mcpPosition":[82.3789,333.983,31.4543],"pipPosition":[77.7736,306.476,9.73595],"stabilizedTipPosition":[83.2691,274.411,126.627],"timeVisible":0.713724,"tipPosition":[70.7191,284.237,31.0924],"tipVelocity":[13.6247,-21.3321,-157.487],"tool":false,"touchDistance":0.333333,"touchZone":"none","type":4,"width":16.0525}],"r":[[0.989005,-0.143574,-0.0354467],[0.145999,0.986085,0.0795006],[0.0235393,-0.0838017,0.996204]],"s":0.942015,"t":[-39.7759,83.446,-177.651],"timestamp":521353761409},false],[2,{"currentFrameRate":108.878,"devices":[],"gestures":[],"hands":[{"armBasis":[[0.821479,0.473086,-0.318373],[-0.182783,0.74731,0.638841],[0.54015,-0.466602,0.700372]],"armWidth":63.7005,"confidence":0.773163,"direction":[-0.192015,0.545783,-0.815629],"elbow":[210.444,167.748,275.455],"grabStrength":0,"id":402,"palmNormal":[0.198384,-0.792351,-0.576909],"palmPosition":[47.8151,317.656,40.2251],"palmVelocity":[9.9386,-22.2559,-162.684],"palmWidth":90.9622,"pinchStrength":0.601352,"r":[[0.988984,-0.143874,-0.0348005],[0.146238,0.986073,0.0792144],[0.0229189,-0.0834309,0.99625]],"s":0.942045,"sphereCenter":[51.83,291.305,-0.732933],"sphereRadius":47.8525,"stabilizedPalmPosition":[59.1142,308.168,138.538],"t":[-39.6799,83.2507,-179.046],"timeVisible":0.72279,"type":"right","wrist":[64.6483,293.692,86.4128]}],"id":4105581,"interactionBox":{"center":[0,200,0],"size":[235.247,235.247,147.751]},"pointables":[{"bases":[[[0.171849,0.924886,0.339195],[-0.787296,-0.0780227,0.611619],[0.592143,-0.372153,0.714751]],[[-0.105052,0.994432,-0.00836933],[-0.784838,-0.0777363,0.614805],[0.610731,0.0711552,0.788634]],[[-0.105052,0.994432,-0.00836933],[-0.968048,-0.100331,0.229821],[0.227702,0.0322451,0.973197]],[[-0.105052,0.994432,-0.00836933],[-0.640169,-0.0740632,-0.764655],[-0.761017,-0.0749709,0.644385]]],"btipPosition":[19.6223,272.605,-3.37813],"carpPosition":[40.0554,275.501,84.2245],"dipPosition":[1.8172,270.851,11.6982],"direction":[-0.227702,-0.0322451,-0.973197],"extended":false,"handId":402,"id":4020,"length":52.1005,"mcpPosition":[40.0554,275.501,84.2245],"pipPosition":[9.57845,271.95,44.8698],"stabilizedTipPosition":[22.9433,272.615,106.466],"timeVisible":0.72279,"tipPosition":[14.9649,273.138,0.513169],"tipVelocity":[24.31,-38.9205,-174.109],"tool":false,"touchDistance":-0.531912,"touchZone":"touching","type":0,"width":20.2438},{"bases":[[[0.915247,0.360351,-0.180192],[-0.248207,0.856607,0.452346],[0.317357,-0.369284,0.873449]],[[0.948514,0.309756,-0.066125],[-0.293409,0.937933,0.184916],[0.1193,-0.155994,0.980527]],[[0.948514,0.309756,-0.066125],[-0.307381,0.950581,0.0437385],[0.0764053,-0.021161,0.996852]],[[0.948514,0.309756,-0.066125],[-0.313643,0.947658,-0.0597648],[0.0441514,0.0774273,0.99602]]],"btipPosition":[10.8081,332.074,-61.0291],"carpPosition":[41.873,299.026,86.4229],"dipPosition":[11.5622,333.397,-44.0167],"direction":[-0.0764053,0.021161,-0.996852],"extended":true,"handId":402,"id":4021,"length":58.7895,"mcpPosition":[18.5322,326.186,22.1832],"pipPosition":[13.4084,332.885,-19.9297],"stabilizedTipPosition":[13.4373,322.379,46.1386],"timeVisible":0.72279,"tipPosition":[10.5464,331.967,-56.889],"tipVelocity":[21.1723,-11.3625,-165.875],"tool":false,"touchDistance":-0.532166,"touchZone":"touching","type":1,"width":19.3369},{"bases":[[[0.978522,0.155801,-0.134985],[-0.0828722,0.896882,0.434437],[0.188751,-0.41392,0.89053]],[[0.976947,0.159178,-0.142259],[-0.209941,0.595464,-0.775466],[-0.0387274,0.787455,0.615155]],[[0.976947,0.159178,-0.142259],[-0.0396053,-0.519662,-0.853454],[-0.209778,0.839413,-0.501377]],[[0.976947,0.159178,-0.142259],[0.0735257,-0.876479,-0.475793],[-0.200423,0.454365,-0.867976]]],"btipPosition":[50.8388,263.616,23.29],"carpPosition":[52.4088,305.089,84.4841],"dipPosition":[47.0736,272.152,6.98396],"direction":[0.209778,-0.839413,0.501377],"extended":false,"handId":402,"id":4022,"length":66.986,"mcpPosition":[39.244,333.959,22.3726],"pipPosition":[41.1101,296.015,-7.26905],"stabilizedTipPosition":[60.1992,258.349,108.518],"timeVisible":0.72279,"tipPosition":[49.9036,265.392,19.4334],"tipVelocity":[12.4564,-19.41,-171.732],"tool":false,"touchDistance":0.333333,"touchZone":"none","type":2,"width":18.9914},{"bases":[[[0.999077,0.0251338,-0.0348282],[-0.0066902,0.892069,0.45185],[0.0424258,-0.4512,0.891414]],[[0.997134,0.0400041,-0.0642147],[-0.0755623,0.568859,-0.818956],[0.00376754,0.821461,0.570252]],[[0.997134,0.0400041,-0.0642147],[-0.0300807,-0.569166,-0.821672],[-0.0694191,0.821249,-0.566332]],[[0.997134,0.0400041,-0.0642147],[0.008244,-0.901168,-0.433391],[-0.0752057,0.431619,-0.898915]]],"btipPosition":[64.6401,268.898,33.6771],"carpPosition":[64.1379,308.14,82.4951],"dipPosition":[63.2354,276.96,16.8869],"direction":[0.0694191,-0.821249,0.566332],"extended":false,"handId":402,"id":4023,"length":64.4088,"mcpPosition":[61.4812,336.394,26.674],"pipPosition":[61.3129,299.703,1.20316],"stabilizedTipPosition":[77.6393,260.72,126.147],"timeVisible":0.72279,"tipPosition":[64.3582,270.698,29.694],"tipVelocity":[11.0624,-21.1131,-165.954],"tool":false,"touchDistance":0.333333,"touchZone":"none","type":3,"width":18.0715},{"bases":[[[0.984553,-0.175,-0.00559928],[0.152559,0.841728,0.517899],[-0.0859193,-0.510753,0.855423]],[[0.971076,-0.225063,0.0797359],[0.200049,0.584582,-0.786285],[0.130351,0.779494,0.612697]],[[0.971076,-0.225063,0.0797359],[-0.0518731,-0.524825,-0.849628],[0.233067,0.820917,-0.52132]],[[0.971076,-0.225063,0.0797359],[-0.159216,-0.85922,-0.486201],[0.177936,0.459443,-0.870201]]],"btipPosition":[70.2371,282.266,33.5145],"carpPosition":[77.4876,304.181,79.5709],"dipPosition":[73.3033,290.183,18.5196],"direction":[-0.233067,-0.820917,0.52132],"extended":false,"handId":402,"id":4024,"length":50.4953,"mcpPosition":[82.4681,333.788,29.9841],"pipPosition":[77.8604,306.234,8.32629],"stabilizedTipPosition":[83.269,274.412,126.626],"timeVisible":0.72279,"tipPosition":[70.8488,284.043,29.7001],"tipVelocity":[13.9843,-21.5317,-155.041],"tool":false,"touchDistance":0.333333,"touchZone":"none","type":4,"width":16.0525}],"r":[[0.988984,-0.143874,-0.0348005],[0.146238,0.986073,0.0792144],[0.0229189,-0.0834309,0.99625]],"s":0.942045,"t":[-39.6799,83.2507,-179.046],"timestamp":521353770475},false],[3,{"currentFrameRate":108.959,"devices":[],"gestures":[],"hands":[{"armBasis":[[0.830694,0.463782,-0.307983],[-0.182309,0.749308,0.636633],[0.526033,-0.472699,0.706997]],"armWidth":63.7005,"confidence":0.781608,"direction":[-0.189463,0.546421,-0.815799],"elbow":[206.566,165.959,275.533],"grabStrength":0,"id":402,"palmNormal":[0.197153,-0.792756,-0.576775],"palmPosition":[47.8743,317.564,38.4948],"palmVelocity":[9.0066,-18.917,-170.641],"palmWidth":90.9622,"pinchStrength":0.603283,"r":[[0.988902,-0.144622,-0.0340109],[0.146915,0.985984,0.0790626],[0.0221,-0.0831818,0.996289]],"s":0.941942,"sphereCenter":[52.0207,291.239,-2.47188],"sphereRadius":47.856,"stabilizedPalmPosition":[59.1141,308.168,138.538],"t":[-39.6023,83.1073,-180.608],"timeVisible":0.731822,"type":"right","wrist":[64.5808,293.549,84.7017]}],"id":4105582,"interactionBox":{"center":[0,200,0],"size":[235.247,235.247,147.751]},"pointables":[{"bases":[[[0.173753,0.92438,0.339604],[-0.788353,-0.0761043,0.610498],[0.590178,-0.373804,0.715514]],[[-0.102811,0.994662,-0.00876819],[-0.787236,-0.0759761,0.611953],[0.608021,0.069818,0.790845]],[[-0.102811,0.994662,-0.00876819],[-0.968922,-0.0981485,0.227061],[0.224989,0.03184,0.973841]],[[-0.102811,0.994662,-0.00876819],[-0.638265,-0.0727283,-0.766374],[-0.762921,-0.073195,0.642335]]],"btipPosition":[19.7835,272.565,-5.21137],"carpPosition":[39.9443,275.422,82.4756],"dipPosition":[1.93382,270.853,9.81699],"direction":[-0.224989,-0.03184,-0.973841],"extended":false,"handId":402,"id":4020,"length":52.1005,"mcpPosition":[39.9443,275.422,82.4756],"pipPosition":[9.6026,271.938,43.0105],"stabilizedTipPosition":[22.9427,272.615,106.456],"timeVisible":0.731822,"tipPosition":[15.0938,273.065,-1.3331],"tipVelocity":[22.2166,-29.1375,-182.395],"tool":false,"touchDistance":-0.534718,"touchZone":"touching","type":0,"width":20.2438},{"bases":[[[0.916424,0.358026,-0.178841],[-0.246636,0.857163,0.452153],[0.315178,-0.370256,0.873827]],[[0.949594,0.306911,-0.063847],[-0.290926,0.938657,0.185163],[0.116759,-0.157255,0.980632]],[[0.949594,0.306911,-0.063847],[-0.304479,0.951451,0.0450954],[0.0745876,-0.0233822,0.99694]],[[0.949594,0.306911,-0.063847],[-0.310533,0.948815,-0.057623],[0.0428939,0.0745451,0.996295]]],"btipPosition":[11.0893,332.218,-62.8102],"carpPosition":[41.8193,298.941,84.6808],"dipPosition":[11.8219,333.492,-45.7931],"direction":[-0.0745876,0.0233822,-0.99694],"extended":true,"handId":402,"id":4021,"length":58.7895,"mcpPosition":[18.6389,326.173,20.4134],"pipPosition":[13.6242,332.927,-21.7041],"stabilizedTipPosition":[13.4373,322.379,46.1382],"timeVisible":0.731822,"tipPosition":[10.8276,332.079,-58.6801],"tipVelocity":[23.7638,-4.18332,-174.471],"tool":false,"touchDistance":-0.533984,"touchZone":"touching","type":1,"width":19.3369},{"bases":[[[0.979108,0.153305,-0.133583],[-0.0811729,0.897015,0.434484],[0.186434,-0.414563,0.890719]],[[0.97752,0.156756,-0.141004],[-0.20746,0.5958,-0.775876],[-0.0376127,0.787687,0.614927]],[[0.97752,0.156756,-0.141004],[-0.0396286,-0.520249,-0.853094],[-0.207085,0.839505,-0.502342]],[[0.97752,0.156756,-0.141004],[0.0721519,-0.877091,-0.474874],[-0.198112,0.454025,-0.868685]]],"btipPosition":[50.7914,263.542,21.6024],"carpPosition":[52.3734,304.978,82.7579],"dipPosition":[47.0696,272.072,5.28302],"direction":[0.207085,-0.839505,0.502342],"extended":false,"handId":402,"id":4022,"length":66.986,"mcpPosition":[39.3703,333.892,20.6332],"pipPosition":[41.1827,295.937,-8.99742],"stabilizedTipPosition":[60.1992,258.349,108.518],"timeVisible":0.731822,"tipPosition":[49.8648,265.316,17.7279],"tipVelocity":[7.88553,-16.3571,-175.99],"tool":false,"touchDistance":0.333333,"touchZone":"none","type":2,"width":18.9914},{"bases":[[[0.999187,0.0225674,-0.0334205],[-0.0050281,0.892003,0.452002],[0.0400117,-0.451466,0.891391]],[[0.997356,0.0372441,-0.0624047],[-0.072494,0.570223,-0.818285],[0.00510831,0.820645,0.571415]],[[0.997356,0.0372441,-0.0624047],[-0.0302803,-0.567641,-0.822719],[-0.0660649,0.822434,-0.565012]],[[0.997356,0.0372441,-0.0624047],[0.00642698,-0.900535,-0.434737],[-0.072389,0.433186,-0.898393]]],"btipPosition":[64.5611,268.748,31.8711],"carpPosition":[64.1132,307.999,80.7859],"dipPosition":[63.209,276.839,15.0907],"direction":[0.0660649,-0.822434,0.565012],"extended":false,"handId":402,"id":4023,"length":64.4088,"mcpPosition":[61.6076,336.27,24.9663],"pipPosition":[61.3795,299.615,-0.556518],"stabilizedTipPosition":[77.6392,260.72,126.147],"timeVisible":0.731822,"tipPosition":[64.2973,270.562,27.9292],"tipVelocity":[5.97693,-19.6662,-175.249],"tool":false,"touchDistance":0.333333,"touchZone":"none","type":3,"width":18.0715},{"bases":[[[0.984106,-0.177534,-0.00424849],[0.153998,0.84124,0.518266],[-0.0884357,-0.510683,0.855209]],[[0.970438,-0.227426,0.0807978],[0.202395,0.584467,-0.78577],[0.131481,0.778894,0.613218]],[[0.970438,-0.227426,0.0807978],[-0.0521256,-0.524365,-0.849897],[0.235656,0.82056,-0.520718]],[[0.970438,-0.227426,0.0807978],[-0.160723,-0.858697,-0.486629],[0.180053,0.459257,-0.869864]]],"btipPosition":[70.2251,282.119,31.7998],"carpPosition":[77.4567,304.006,77.8797],"dipPosition":[73.3277,290.032,16.8107],"direction":[-0.235656,-0.82056,0.520718],"extended":false,"handId":402,"id":4024,"length":50.4953,"mcpPosition":[82.5831,333.609,28.3054],"pipPosition":[77.9354,306.077,6.62916],"stabilizedTipPosition":[83.2689,274.412,126.625],"timeVisible":0.731822,"tipPosition":[70.8432,283.895,27.9958],"tipVelocity":[10.0204,-20.1239,-164.586],"tool":false,"touchDistance":0.333333,"touchZone":"none","type":4,"width":16.0525}],"r":[[0.988902,-0.144622,-0.0340109],[0.146915,0.985984,0.0790626],[0.0221,-0.0831818,0.996289]],"s":0.941942,"t":[-39.6023,83.1073,-180.608],"timestamp":521353779507},false],[4,{"currentFrameRate":109.032,"devices":[],"gestures":[],"hands":[{"armBasis":[[0.835511,0.458239,-0.303213],[-0.181829,0.751311,0.634406],[0.518517,-0.47492,0.71105]],"armWidth":63.7005,"confidence":0.789453,"direction":[-0.188583,0.546954,-0.815646],"elbow":[204.593,165.233,275.477],"grabStrength":0,"id":402,"palmNormal":[0.195962,-0.792887,-0.577],"palmPosition":[47.9693,317.477,37.3513],"palmVelocity":[9.41871,-16.3653,-158.462],"palmWidth":90.9622,"pinchStrength":0.607204,"r":[[0.988792,-0.145523,-0.0333781],[0.147759,0.985863,0.0790015],[0.0214097,-0.0830479,0.996316]],"s":0.941338,"sphereCenter":[52.2804,291.185,-3.64646],"sphereRadius":47.8397,"stabilizedPalmPosition":[59.1141,308.168,138.538],"t":[-39.516,82.9919,-181.961],"timeVisible":0.740864,"type":"right","wrist":[64.6365,293.422,83.5519]}],"id":4105583,"interactionBox":{"center":[0,200,0],"size":[235.247,235.247,147.751]},"pointables":[{"bases":[[[0.175158,0.924011,0.339887],[-0.788499,-0.0750728,0.610437],[0.589567,-0.374924,0.715432]],[[-0.100477,0.994912,-0.00742927],[-0.789305,-0.0751622,0.609383],[0.605724,0.0670929,0.792841]],[[-0.100477,0.994912,-0.00742927],[-0.969532,-0.0962316,0.225273],[0.223412,0.0298377,0.974267]],[[-0.100477,0.994912,-0.00742927],[-0.635638,-0.0699345,-0.768813],[-0.765421,-0.0725257,0.63943]]],"btipPosition":[20.0383,272.666,-6.4139],"carpPosition":[39.9723,275.334,81.3192],"dipPosition":[2.13016,270.969,8.5465],"direction":[-0.223412,-0.0298377,-0.974267],"extended":false,"handId":402,"id":4020,"length":52.1005,"mcpPosition":[39.9723,275.334,81.3192],"pipPosition":[9.7452,271.986,41.7546],"stabilizedTipPosition":[22.9422,272.615,106.448],"timeVisible":0.740864,"tipPosition":[15.3005,273.054,-2.55765],"tipVelocity":[23.4512,-17.9341,-169.253],"tool":false,"touchDistance":-0.527852,"touchZone":"touching","type":0,"width":20.2438},{"bases":[[[0.916983,0.356669,-0.17869],[-0.245339,0.857407,0.452396],[0.314565,-0.371,0.873732]],[[0.950248,0.305081,-0.0628776],[-0.289176,0.939037,0.185973],[0.115781,-0.158538,0.980541]],[[0.950248,0.305081,-0.0628776],[-0.302525,0.951981,0.0470239],[0.0742044,-0.0256623,0.996913]],[[0.950248,0.305081,-0.0628776],[-0.308516,0.949633,-0.0549017],[0.0429612,0.071569,0.99651]]],"btipPosition":[11.2485,332.342,-63.9517],"carpPosition":[41.8834,298.85,83.5315],"dipPosition":[11.9823,333.565,-46.9309],"direction":[-0.0742043,0.0256623,-0.996913],"extended":true,"handId":402,"id":4021,"length":58.7895,"mcpPosition":[18.748,326.136,19.271],"pipPosition":[13.7753,332.945,-22.8425],"stabilizedTipPosition":[13.4373,322.379,46.138],"timeVisible":0.740864,"tipPosition":[10.9947,332.171,-59.8311],"tipVelocity":[22.0749,0.394519,-161.149],"tool":false,"touchDistance":-0.526028,"touchZone":"touching","type":1,"width":19.3369},{"bases":[[[0.97935,0.151838,-0.13349],[-0.0798142,0.897009,0.434746],[0.185752,-0.415114,0.890605]],[[0.977745,0.15534,-0.14101],[-0.206644,0.597015,-0.775159],[-0.0362284,0.787047,0.615828]],[[0.977745,0.15534,-0.14101],[-0.0405253,-0.519626,-0.853432],[-0.205844,0.840154,-0.501767]],[[0.977745,0.15534,-0.14101],[0.070843,-0.877112,-0.475032],[-0.197473,0.454471,-0.868597]]],"btipPosition":[50.7984,263.477,20.4019],"carpPosition":[52.4468,304.87,81.6109],"dipPosition":[47.0886,272.015,4.08421],"direction":[0.205844,-0.840154,0.501767],"extended":false,"handId":402,"id":4022,"length":66.986,"mcpPosition":[39.4912,333.823,19.4942],"pipPosition":[41.2369,295.899,-10.1799],"stabilizedTipPosition":[60.1991,258.349,108.518],"timeVisible":0.740864,"tipPosition":[49.8787,265.25,16.5475],"tipVelocity":[6.00863,-13.7707,-164.062],"tool":false,"touchDistance":0.333333,"touchZone":"none","type":2,"width":18.9914},{"bases":[[[0.999222,0.0210403,-0.0333654],[-0.00367809,0.891875,0.452267],[0.0392736,-0.451792,0.891258]],[[0.997478,0.035329,-0.0615572],[-0.0706626,0.575593,-0.814677],[0.00665015,0.816973,0.576638]],[[0.997478,0.035329,-0.0615572],[-0.0311055,-0.561977,-0.826568],[-0.0637956,0.826398,-0.559461]],[[0.997478,0.035329,-0.0615572],[0.00470924,-0.898343,-0.43927],[-0.0708184,0.437872,-0.896244]]],"btipPosition":[64.5245,268.61,30.3067],"carpPosition":[64.1913,307.874,79.6404],"dipPosition":[63.2017,276.789,13.5664],"direction":[0.0637956,-0.826398,0.559461],"extended":false,"handId":402,"id":4023,"length":64.4088,"mcpPosition":[61.732,336.165,23.8291],"pipPosition":[61.435,299.675,-1.92703],"stabilizedTipPosition":[77.6391,260.72,126.146],"timeVisible":0.740864,"tipPosition":[64.2835,270.456,26.5258],"tipVelocity":[3.41688,-17.8312,-174.351],"tool":false,"touchDistance":0.333333,"touchZone":"none","type":3,"width":18.0715},{"bases":[[[0.983832,-0.179046,-0.00425358],[0.155266,0.840848,0.518523],[-0.0892629,-0.5108,0.855053]],[[0.970163,-0.228731,0.0804104],[0.202961,0.584745,-0.785417],[0.13263,0.778303,0.613721]],[[0.970163,-0.228731,0.0804104],[-0.0530195,-0.523772,-0.850207],[0.236586,0.820576,-0.520271]],[[0.970163,-0.228731,0.0804104],[-0.161983,-0.858253,-0.486995],[0.180403,0.459439,-0.869696]]],"btipPosition":[70.2803,281.998,30.6333],"carpPosition":[77.5288,303.862,76.7337],"dipPosition":[73.389,289.915,15.6471],"direction":[-0.236586,-0.820576,0.520271],"extended":false,"handId":402,"id":4024,"length":50.4953,"mcpPosition":[82.7031,333.472,27.1684],"pipPosition":[78.0149,305.96,5.47437],"stabilizedTipPosition":[83.2688,274.412,126.625],"timeVisible":0.740864,"tipPosition":[70.8966,283.777,26.8422],"tipVelocity":[8.98574,-18.2217,-154.757],"tool":false,"touchDistance":0.333333,"touchZone":"none","type":4,"width":16.0525}],"r":[[0.988792,-0.145523,-0.0333781],[0.147759,0.985863,0.0790015],[0.0214097,-0.0830479,0.996316]],"s":0.941338,"t":[-39.516,82.9919,-181.961],"timestamp":521353788549},false],[5,{"currentFrameRate":109.055,"devices":[],"gestures":[],"hands":[{"armBasis":[[0.840059,0.452228,-0.299652],[-0.17975,0.753186,0.632772],[0.511851,-0.477704,0.714009]],"armWidth":63.7005,"confidence":0.798677,"direction":[-0.187082,0.547482,-0.815637],"elbow":[202.835,164.342,275.448],"grabStrength":0,"id":402,"palmNormal":[0.193346,-0.793534,-0.576993],"palmPosition":[48.0743,317.386,36.5265],"palmVelocity":[9.99765,-14.5716,-139.543],"palmWidth":90.9622,"pinchStrength":0.613086,"r":[[0.988609,-0.14686,-0.0329192],[0.149052,0.985674,0.0789316],[0.0208558,-0.0829392,0.996336]],"s":0.940158,"sphereCenter":[52.5652,291.114,-4.49836],"sphereRadius":47.8157,"stabilizedPalmPosition":[59.1141,308.168,138.538],"t":[-39.4203,82.889,-183.05],"timeVisible":0.749991,"type":"right","wrist":[64.678,293.283,82.7246]}],"id":4105584,"interactionBox":{"center":[0,200,0],"size":[235.247,235.247,147.751]},"pointables":[{"bases":[[[0.178121,0.923485,0.339777],[-0.788576,-0.0725724,0.61064],[0.588575,-0.376708,0.715311]],[[-0.0965094,0.995312,-0.0063422],[-0.792032,-0.0729364,0.606107],[0.602803,0.0635183,0.795357]],[[-0.0965094,0.995312,-0.0063422],[-0.970554,-0.0926921,0.222334],[0.220703,0.0276127,0.97495]],[[-0.0965094,0.995312,-0.0063422],[-0.632278,-0.0662268,-0.771906],[-0.768707,-0.0704862,0.635705]]],"btipPosition":[20.338,272.81,-7.2954],"carpPosition":[39.957,275.272,80.4994],"dipPosition":[2.35295,271.161,7.57783],"direction":[-0.220703,-0.0276127,-0.97495],"extended":false,"handId":402,"id":4020,"length":52.1005,"mcpPosition":[39.957,275.272,80.4994],"pipPosition":[9.87567,272.102,40.8092],"stabilizedTipPosition":[22.9418,272.615,106.442],"timeVisible":0.749991,"tipPosition":[15.5217,273.083,-3.46082],"tipVelocity":[25.5202,-8.22414,-149.671],"tool":false,"touchDistance":-0.516923,"touchZone":"touching","type":0,"width":20.2438},{"bases":[[[0.918045,0.353797,-0.178945],[-0.242553,0.858199,0.452396],[0.313627,-0.371916,0.87368]],[[0.951361,0.301717,-0.0622862],[-0.285858,0.939903,0.186728],[0.114882,-0.159841,0.980435]],[[0.951361,0.301717,-0.0622862],[-0.299038,0.952992,0.0488162],[0.0740869,-0.0278159,0.996864]],[[0.951361,0.301717,-0.0622862],[-0.305003,0.95091,-0.0523827],[0.0434238,0.0688323,0.996683]]],"btipPosition":[11.4096,332.496,-64.767],"carpPosition":[41.9419,298.782,82.7096],"dipPosition":[12.1513,333.672,-47.7433],"direction":[-0.0740869,0.0278159,-0.996864],"extended":true,"handId":402,"id":4021,"length":58.7895,"mcpPosition":[18.8756,326.135,18.4529],"pipPosition":[13.9415,333,-23.6561],"stabilizedTipPosition":[13.4373,322.379,46.1377],"timeVisible":0.749991,"tipPosition":[11.166,332.291,-60.6565],"tipVelocity":[20.9021,4.64664,-141.174],"tool":false,"touchDistance":-0.513978,"touchZone":"touching","type":1,"width":19.3369},{"bases":[[[0.979785,0.148776,-0.133745],[-0.07691,0.897284,0.434702],[0.184681,-0.415628,0.890588]],[[0.978157,0.152352,-0.141414],[-0.205168,0.598307,-0.774555],[-0.0333959,0.78665,0.616495]],[[0.978157,0.152352,-0.141414],[-0.0425575,-0.519121,-0.853641],[-0.203465,0.841013,-0.501298]],[[0.978157,0.152352,-0.141414],[0.0679695,-0.877332,-0.475047],[-0.196442,0.455058,-0.868523]]],"btipPosition":[50.7264,263.396,19.5312],"carpPosition":[52.5236,304.769,80.7859],"dipPosition":[47.036,271.945,3.21485],"direction":[0.203465,-0.841013,0.501298],"extended":false,"handId":402,"id":4022,"length":66.986,"mcpPosition":[39.6427,333.758,18.6703],"pipPosition":[41.2519,295.853,-11.0359],"stabilizedTipPosition":[60.1991,258.349,108.518],"timeVisible":0.749991,"tipPosition":[49.8146,265.171,15.6994],"tipVelocity":[2.28254,-12.354,-144.975],"tool":false,"touchDistance":0.333333,"touchZone":"none","type":2,"width":18.9914},{"bases":[[[0.999274,0.0179243,-0.0336169],[-0.000785833,0.891914,0.452204],[0.0380888,-0.451849,0.891281]],[[0.997622,0.0318654,-0.0611167],[-0.0682324,0.581979,-0.810336],[0.00974694,0.81258,0.582769]],[[0.997622,0.0318654,-0.0611167],[-0.033166,-0.555373,-0.83094],[-0.0604208,0.830991,-0.552995]],[[0.997622,0.0318654,-0.0611167],[0.00140055,-0.895902,-0.444249],[-0.0689108,0.443107,-0.893816]]],"btipPosition":[64.4168,268.447,28.9789],"carpPosition":[64.2769,307.736,78.8122],"dipPosition":[63.1297,276.723,12.2839],"direction":[0.0604208,-0.830991,0.552995],"extended":false,"handId":402,"id":4023,"length":64.4088,"mcpPosition":[61.8918,336.031,22.9995],"pipPosition":[61.4564,299.736,-3.03047],"stabilizedTipPosition":[77.6391,260.72,126.146],"timeVisible":0.749991,"tipPosition":[64.198,270.325,25.3769],"tipVelocity":[-0.56039,-17.158,-166.013],"tool":false,"touchDistance":0.333333,"touchZone":"none","type":3,"width":18.0715},{"bases":[[[0.983268,-0.182111,-0.00448688],[0.158016,0.840397,0.518425],[-0.09064,-0.510459,0.855112]],[[0.969581,-0.231445,0.0796577],[0.204197,0.585386,-0.784619],[0.134965,0.777018,0.61484]],[[0.969581,-0.231445,0.0796577],[-0.0547635,-0.522311,-0.850995],[0.238564,0.820747,-0.519097]],[[0.969581,-0.231445,0.0796577],[-0.164559,-0.857283,-0.487838],[0.181197,0.45989,-0.869292]]],"btipPosition":[70.2975,281.833,29.7292],"carpPosition":[77.6011,303.682,75.9024],"dipPosition":[73.4198,289.758,14.75],"direction":[-0.238564,-0.820747,0.519097],"extended":false,"handId":402,"id":4024,"length":50.4953,"mcpPosition":[82.8552,333.272,26.3338],"pipPosition":[78.0844,305.806,4.60018],"stabilizedTipPosition":[83.2687,274.412,126.624],"timeVisible":0.749991,"tipPosition":[70.9118,283.616,25.9819],"tipVelocity":[7.10815,-18.1321,-139.231],"tool":false,"touchDistance":0.333333,"touchZone":"none","type":4,"width":16.0525}],"r":[[0.988609,-0.14686,-0.0329192],[0.149052,0.985674,0.0789316],[0.0208558,-0.0829392,0.996336]],"s":0.940158,"t":[-39.4203,82.889,-183.05],"timestamp":521353797676},false],[6,{"currentFrameRate":109.194,"devices":[],"gestures":[],"hands":[{"armBasis":[[0.847406,0.44116,-0.295433],[-0.176823,0.759156,0.626431],[0.500636,-0.478602,0.721321]],"armWidth":63.7005,"confidence":0.810322,"direction":[-0.183324,0.550342,-0.814565],"elbow":[199.641,163.82,275.898],"grabStrength":0,"id":402,"palmNormal":[0.188173,-0.793641,-0.578555],"palmPosition":[48.0739,317.308,35.0492],"palmVelocity":[7.26416,-12.9889,-146.691],"palmWidth":90.9622,"pinchStrength":0.621086,"r":[[0.988266,-0.149226,-0.032583],[0.15139,0.98529,0.0792755],[0.0202738,-0.083278,0.99632]],"s":0.938547,"sphereCenter":[52.6876,291.126,-6.06709],"sphereRadius":47.8,"stabilizedPalmPosition":[59.1141,308.168,138.537],"t":[-39.3727,82.7985,-184.333],"timeVisible":0.758901,"type":"right","wrist":[64.5105,293.003,81.2013]}],"id":4105585,"interactionBox":{"center":[0,200,0],"size":[235.247,235.247,147.751]},"pointables":[{"bases":[[[0.184184,0.921602,0.341653],[-0.789134,-0.0685688,0.610382],[0.585956,-0.382032,0.714638]],[[-0.0890551,0.996021,-0.00324443],[-0.79516,-0.0691335,0.602446],[0.599825,0.0562307,0.798153]],[[-0.0890551,0.996021,-0.00324443],[-0.972004,-0.0861956,0.218583],[0.217433,0.0226195,0.975813]],[[-0.0890551,0.996021,-0.00324443],[-0.630135,-0.0588629,-0.774252],[-0.771362,-0.0669066,0.63287]]],"btipPosition":[20.3741,273.149,-8.96091],"carpPosition":[39.6709,275.16,78.9365],"dipPosition":[2.327,271.583,5.84599],"direction":[-0.217433,-0.0226195,-0.975813],"extended":false,"handId":402,"id":4020,"length":52.1005,"mcpPosition":[39.6709,275.16,78.9365],"pipPosition":[9.73826,272.354,39.1068],"stabilizedTipPosition":[22.9415,272.615,106.437],"timeVisible":0.758901,"tipPosition":[15.4955,273.331,-5.13478],"tipVelocity":[19.2409,4.95518,-160.28],"tool":false,"touchDistance":-0.518776,"touchZone":"touching","type":0,"width":20.2438},{"bases":[[[0.920397,0.348064,-0.178106],[-0.236931,0.85888,0.454081],[0.311021,-0.375735,0.872977]],[[0.953541,0.2951,-0.0606325],[-0.27925,0.941297,0.18968],[0.113048,-0.163936,0.979972]],[[0.953541,0.2951,-0.0606325],[-0.29215,0.954902,0.0530219],[0.0735448,-0.0328448,0.996751]],[[0.953541,0.2951,-0.0606325],[-0.298058,0.953374,-0.0473312],[0.043838,0.0632042,0.997037]]],"btipPosition":[11.5554,333.041,-66.2143],"carpPosition":[41.8113,298.652,81.194],"dipPosition":[12.3042,334.121,-49.1845],"direction":[-0.0735448,0.0328448,-0.996751],"extended":true,"handId":402,"id":4021,"length":58.7895,"mcpPosition":[18.9366,326.286,16.9891],"pipPosition":[14.0813,333.327,-25.1],"stabilizedTipPosition":[13.4373,322.379,46.1374],"timeVisible":0.758901,"tipPosition":[11.3243,332.783,-62.1157],"tipVelocity":[19.7168,19.3575,-146.919],"tool":false,"touchDistance":-0.512602,"touchZone":"touching","type":1,"width":19.3369},{"bases":[[[0.980769,0.142549,-0.133309],[-0.0710304,0.896902,0.436488],[0.181785,-0.418626,0.889779]],[[0.979068,0.146366,-0.141429],[-0.201677,0.604067,-0.770992],[-0.0274142,0.783377,0.620942]],[[0.979068,0.146366,-0.141429],[-0.0467728,-0.514477,-0.856228],[-0.198085,0.844921,-0.496862]],[[0.979068,0.146366,-0.141429],[0.0618664,-0.876011,-0.478307],[-0.193901,0.459546,-0.866729]]],"btipPosition":[50.3485,263.371,17.7115],"carpPosition":[52.4327,304.573,79.2839],"dipPosition":[46.7058,272.004,1.42886],"direction":[0.198085,-0.844921,0.496862],"extended":false,"handId":402,"id":4022,"length":66.986,"mcpPosition":[39.7537,333.771,17.2247],"pipPosition":[41.0747,296.024,-12.6958],"stabilizedTipPosition":[60.1991,258.349,108.517],"timeVisible":0.758901,"tipPosition":[49.4593,265.166,13.9788],"tipVelocity":[-9.5496,-9.14653,-160.87],"tool":false,"touchDistance":0.333333,"touchZone":"none","type":2,"width":18.9914},{"bases":[[[0.999376,0.0113701,-0.0334397],[0.00505381,0.890992,0.453991],[0.0349564,-0.453876,0.890379]],[[0.997864,0.0250738,-0.0603175],[-0.0634631,0.590822,-0.804302],[0.01547,0.806413,0.591151]],[[0.997864,0.0250738,-0.0603175],[-0.0368485,-0.546374,-0.83673],[-0.0539359,0.837166,-0.544283]],[[0.997864,0.0250738,-0.0603175],[-0.00485883,-0.892345,-0.451327],[-0.0651405,0.450656,-0.890318]]],"btipPosition":[64.0361,268.267,26.8599],"carpPosition":[64.2057,307.466,77.3178],"dipPosition":[62.8194,276.685,10.2303],"direction":[0.0539359,-0.837166,0.544283],"extended":false,"handId":402,"id":4023,"length":64.4088,"mcpPosition":[62.0167,335.888,21.5615],"pipPosition":[61.3257,299.869,-4.8428],"stabilizedTipPosition":[77.639,260.72,126.145],"timeVisible":0.758901,"tipPosition":[63.845,270.182,23.4372],"tipVelocity":[-11.5453,-16.9809,-185.102],"tool":false,"touchDistance":0.333333,"touchZone":"none","type":3,"width":18.0715},{"bases":[[[0.98204,-0.188613,-0.00471292],[0.1635,0.838291,0.52013],[-0.0941523,-0.511559,0.854074]],[[0.968125,-0.237736,0.0788333],[0.207568,0.585385,-0.783734],[0.140174,0.775116,0.616073]],[[0.968125,-0.237736,0.0788333],[-0.0584078,-0.520358,-0.851948],[0.24356,0.820188,-0.517658]],[[0.968125,-0.237736,0.0788333],[-0.170142,-0.855206,-0.489566],[0.183806,0.460548,-0.868395]]],"btipPosition":[70.0764,281.612,28.2015],"carpPosition":[77.5032,303.33,74.4018],"dipPosition":[73.2437,289.548,13.2377],"direction":[-0.24356,-0.820188,0.517658],"extended":false,"handId":402,"id":4024,"length":50.4953,"mcpPosition":[82.9609,332.984,24.8933],"pipPosition":[78.006,305.585,3.11607],"stabilizedTipPosition":[83.2687,274.412,126.624],"timeVisible":0.758901,"tipPosition":[70.6984,283.403,24.4571],"tipVelocity":[-1.26661,-19.8891,-147.897],"tool":fal