{"sensorType":"Leap","data":[[0,{"currentFrameRate":109.43,"devices":[],"gestures":[],"hands":[{"armBasis":[[0.857113,0.457707,-0.23635],[-0.245156,0.765968,0.594299],[0.453051,-0.451439,0.768731]],"armWidth":63.7005,"confidence":0.708909,"direction":[-0.195595,0.536056,-0.821211],"elbow":[184.905,176.61,296.619],"grabStrength":0,"id":409,"palmNormal":[0.251034,-0.782117,-0.570328],"palmPosition":[45.9195,321.601,42.4705],"palmVelocity":[20.2011,-12.8653,-155.532],"palmWidth":90.9622,"pinchStrength":0.598834,"r":[[0.974675,-0.219,0.0452429],[0.220982,0.97425,-0.0447722],[-0.0342728,0.0536363,0.997972]],"s":0.900995,"sphereCenter":[53.6159,296.296,1.37165],"sphereRadius":48.3191,"stabilizedPalmPosition":[41.7355,317.384,150.712],"t":[-3.87373,66.4644,-170.059],"timeVisible":0.695932,"type":"right","wrist":[62.6185,298.461,89.1251]}],"id":4109176,"interactionBox":{"center":[0,200,0],"size":[235.247,235.247,147.751]},"pointables":[{"bases":[[[0.118779,0.931993,0.342464],[-0.798885,-0.115117,0.590365],[0.589639,-0.343712,0.730882]],[[-0.142653,0.989773,-0.0000402294],[-0.793807,-0.114385,0.597316],[0.591203,0.0852408,0.802006]],[[-0.142653,0.989773,-0.0000402294],[-0.97164,-0.140032,0.190541],[0.188587,0.0272203,0.981679]],[[-0.142653,0.989773,-0.0000402294],[-0.674106,-0.0971865,-0.732213],[-0.724729,-0.104425,0.681075]]],"btipPosition":[20.0059,276.39,-3.11607],"carpPosition":[38.9802,279.129,86.3014],"dipPosition":[3.04981,273.947,12.8187],"direction":[-0.188587,-0.0272203,-0.981679],"extended":false,"handId":409,"id":4090,"length":52.1005,"mcpPosition":[38.9802,279.129,86.3014],"pipPosition":[9.47782,274.875,46.2794],"stabilizedTipPosition":[7.78838,277.79,115.242],"timeVisible":0.695932,"tipPosition":[15.4345,276.187,0.970203],"tipVelocity":[34.0867,-10.3077,-159.817],"tool":false,"touchDistance":-0.502069,"touchZone":"touching","type":0,"width":20.2438},{"bases":[[[0.901712,0.4032,-0.156032],[-0.300471,0.843941,0.444388],[0.310859,-0.353826,0.882142]],[[0.93913,0.343155,-0.0166999],[-0.330674,0.916023,0.227061],[0.0932145,-0.207717,0.973737]],[[0.93913,0.343155,-0.0166999],[-0.339839,0.934994,0.101468],[0.0504334,-0.0896162,0.994699]],[[0.93913,0.343155,-0.0166999],[-0.343081,0.939278,0.00719249],[0.018154,-0.00102528,0.999835]]],"btipPosition":[11.2296,339.84,-59.2961],"carpPosition":[39.6246,302.713,88.5167],"dipPosition":[11.5397,339.823,-42.2185],"direction":[-0.0504334,0.0896162,-0.994699],"extended":true,"handId":409,"id":4091,"length":58.7895,"mcpPosition":[16.7618,328.736,23.6377],"pipPosition":[12.7583,337.657,-18.1836],"stabilizedTipPosition":[-3.39643,334.1,52.4732],"timeVisible":0.695932,"tipPosition":[11.3519,338.903,-55.4541],"tipVelocity":[33.3224,-18.673,-161.814],"tool":false,"touchDistance":-0.506411,"touchZone":"touching","type":1,"width":19.3369},{"bases":[[[0.973342,0.201871,-0.108872],[-0.136802,0.891984,0.43087],[0.184093,-0.40449,0.895822]],[[0.972982,0.202658,-0.110616],[-0.213514,0.607504,-0.765082],[-0.0878503,0.768029,0.63436]],[[0.972982,0.202658,-0.110616],[0.00577972,-0.500332,-0.865814],[-0.230808,0.841782,-0.487986]],[[0.972982,0.202658,-0.110616],[0.12528,-0.865856,-0.484353],[-0.193935,0.457409,-0.867851]]],"btipPosition":[51.5084,267.948,23.9817],"carpPosition":[49.9104,309.267,86.8534],"dipPosition":[47.865,276.541,7.67803],"direction":[0.230808,-0.841782,0.487986],"extended":false,"handId":409,"id":4092,"length":66.986,"mcpPosition":[37.0706,337.479,24.3728],"pipPosition":[41.3037,300.471,-6.19429],"stabilizedTipPosition":[49.0648,264.372,129.107],"timeVisible":0.695932,"tipPosition":[50.6966,269.668,20.4411],"tipVelocity":[10.5369,-14.7726,-150.938],"tool":false,"touchDistance":0.333333,"touchZone":"none","type":2,"width":18.9914},{"bases":[[[0.997349,0.0723266,-0.00802712],[-0.0609738,0.890779,0.450328],[0.0397211,-0.448645,0.892827]],[[0.995788,0.0852405,-0.033783],[-0.0771935,0.580532,-0.81057],[-0.0494812,0.809763,0.584667]],[[0.995788,0.0852405,-0.033783],[0.0192625,-0.554702,-0.831826],[-0.0896448,0.827672,-0.554007]],[[0.995788,0.0852405,-0.033783],[0.0615519,-0.894529,-0.442752],[-0.0679602,0.438807,-0.896008]]],"btipPosition":[65.0063,273.677,35.23],"carpPosition":[61.5316,312.869,85.176],"dipPosition":[63.7369,281.873,18.4941],"direction":[0.0896448,-0.827672,0.554007],"extended":false,"handId":409,"id":4093,"length":64.4088,"mcpPosition":[59.0442,340.963,29.2664],"pipPosition":[61.2543,304.795,3.1517],"stabilizedTipPosition":[63.4619,270.061,139.255],"timeVisible":0.695932,"tipPosition":[64.7254,275.393,31.2772],"tipVelocity":[11.3567,-17.0014,-138.908],"tool":false,"touchDistance":0.333333,"touchZone":"none","type":3,"width":18.0715},{"bases":[[[0.991516,-0.128269,0.0210657],[0.098643,0.848025,0.520696],[-0.0846531,-0.5142,0.853482]],[[0.976024,-0.184471,0.115535],[0.204948,0.600082,-0.773239],[0.0733103,0.778378,0.623501]],[[0.976024,-0.184471,0.115535],[0.00275243,-0.520289,-0.853986],[0.217647,0.833828,-0.507306]],[[0.976024,-0.184471,0.115535],[-0.10497,-0.863903,-0.492598],[0.190681,0.46866,-0.862554]]],"btipPosition":[69.9015,287.459,35.8849],"carpPosition":[75.1271,309.546,82.6165],"dipPosition":[73.1872,295.534,21.0217],"direction":[-0.217647,-0.833828,0.507306],"extended":false,"handId":409,"id":4094,"length":50.4953,"mcpPosition":[80.0342,339.352,33.1422],"pipPosition":[77.4428,311.838,11.1025],"stabilizedTipPosition":[68.9917,279.161,148.153],"timeVisible":0.695932,"tipPosition":[70.6278,289.295,32.5275],"tipVelocity":[14.345,-19.4385,-146.96],"tool":false,"touchDistance":0.333333,"touchZone":"none","type":4,"width":16.0525}],"r":[[0.974675,-0.219,0.0452429],[0.220982,0.97425,-0.0447722],[-0.0342728,0.0536363,0.997972]],"s":0.900995,"t":[-3.87373,66.4644,-170.059],"timestamp":521393611732},false],[1,{"currentFrameRate":109.357,"devices":[],"gestures":[],"hands":[{"armBasis":[[0.858805,0.456161,-0.233174],[-0.246115,0.766553,0.593148],[0.449311,-0.452011,0.770588]],"armWidth":63.7005,"confidence":0.723067,"direction":[-0.195222,0.533586,-0.822906],"elbow":[184.139,176.611,296.283],"grabStrength":0,"id":409,"palmNormal":[0.252296,-0.78349,-0.567882],"palmPosition":[46.1905,321.611,41.5517],"palmVelocity":[22.7413,-8.93136,-139.624],"palmWidth":90.9622,"pinchStrength":0.600049,"r":[[0.974241,-0.220688,0.0463895],[0.222784,0.973769,-0.0462633],[-0.0349629,0.0554064,0.997852]],"s":0.90053,"sphereCenter":[54.0081,296.207,0.526066],"sphereRadius":48.3225,"stabilizedPalmPosition":[41.7356,317.384,150.71],"t":[-3.64874,66.4494,-171.182],"timeVisible":0.705207,"type":"right","wrist":[62.862,298.616,88.2879]}],"id":4109177,"interactionBox":{"center":[0,200,0],"size":[235.247,235.247,147.751]},"pointables":[{"bases":[[[0.117619,0.93305,0.339976],[-0.799387,-0.114162,0.58987],[0.589191,-0.341153,0.732441]],[[-0.143821,0.989598,-0.00338081],[-0.794943,-0.113495,0.595974],[0.589391,0.0884011,0.802997]],[[-0.143821,0.989598,-0.00338081],[-0.971682,-0.140568,0.189933],[0.187482,0.0306014,0.981791]],[[-0.143821,0.989598,-0.00338081],[-0.673998,-0.100454,-0.731871],[-0.724598,-0.10298,0.681435]]],"btipPosition":[20.3941,276.21,-3.98493],"carpPosition":[39.2434,279.256,85.4942],"dipPosition":[3.44108,273.801,11.9582],"direction":[-0.187482,-0.0306014,-0.981791],"extended":false,"handId":409,"id":4090,"length":52.1005,"mcpPosition":[39.2434,279.256,85.4942],"pipPosition":[9.83143,274.844,45.4228],"stabilizedTipPosition":[7.7887,277.79,115.237],"timeVisible":0.705207,"tipPosition":[15.8349,276.018,0.103585],"tipVelocity":[36.2961,-12.6296,-141.13],"tool":false,"touchDistance":-0.4932,"touchZone":"touching","type":0,"width":20.2438},{"bases":[[[0.90152,0.403548,-0.156241],[-0.301658,0.844918,0.441719],[0.310265,-0.351087,0.883444]],[[0.938847,0.343928,-0.0167092],[-0.331707,0.916375,0.224114],[0.0923912,-0.204867,0.97442]],[[0.938847,0.343928,-0.0167092],[-0.340759,0.93498,0.0984702],[0.0494894,-0.0867547,0.995]],[[0.938847,0.343928,-0.0167092],[-0.343908,0.938994,0.0041905],[0.0171311,0.00181218,0.999852]]],"btipPosition":[11.5893,339.532,-60.3013],"carpPosition":[39.865,302.846,87.6442],"dipPosition":[11.8819,339.563,-43.2234],"direction":[-0.0494894,0.0867546,-0.995],"extended":true,"handId":409,"id":4091,"length":58.7895,"mcpPosition":[17.0459,328.668,22.6694],"pipPosition":[13.0777,337.467,-19.1812],"stabilizedTipPosition":[-3.39611,334.1,52.4708],"timeVisible":0.705207,"tipPosition":[11.7079,338.615,-56.4557],"tipVelocity":[34.7383,-22.4267,-146.76],"tool":false,"touchDistance":-0.49918,"touchZone":"touching","type":1,"width":19.3369},{"bases":[[[0.973277,0.202414,-0.108445],[-0.138017,0.893066,0.428234],[0.183529,-0.401823,0.897137]],[[0.972908,0.203217,-0.110238],[-0.213406,0.605991,-0.766311],[-0.0889238,0.769076,0.632942]],[[0.972908,0.203217,-0.110238],[0.00697384,-0.502406,-0.864604],[-0.231086,0.840411,-0.490212]],[[0.972908,0.203217,-0.110238],[0.126568,-0.867202,-0.481603],[-0.193469,0.454603,-0.869428]]],"btipPosition":[51.8349,267.941,23.1709],"carpPosition":[50.1468,309.405,85.9731],"dipPosition":[48.2004,276.482,6.83759],"direction":[0.231086,-0.840411,0.490212],"extended":false,"handId":409,"id":4092,"length":66.986,"mcpPosition":[37.3463,337.431,23.4007],"pipPosition":[41.6311,300.372,-7.09802],"stabilizedTipPosition":[49.0648,264.372,129.106],"timeVisible":0.705207,"tipPosition":[51.0281,269.648,19.6357],"tipVelocity":[17.5476,-11.1895,-133.254],"tool":false,"touchDistance":0.333333,"touchZone":"none","type":2,"width":18.9914},{"bases":[[[0.997293,0.0731734,-0.00721355],[-0.0622076,0.891981,0.447772],[0.0391993,-0.446111,0.894119]],[[0.995748,0.086009,-0.0329974],[-0.0768605,0.57821,-0.812259],[-0.0507822,0.811342,0.582362]],[[0.995748,0.086009,-0.0329974],[0.0205994,-0.55701,-0.83025],[-0.0897889,0.82604,-0.556413]],[[0.995748,0.086009,-0.0329974],[0.0627823,-0.895717,-0.440169],[-0.0674148,0.436226,-0.897308]]],"btipPosition":[65.3259,273.685,34.4644],"carpPosition":[61.7666,313.012,84.2974],"dipPosition":[64.0667,281.833,17.7042],"direction":[0.0897889,-0.82604,0.556413],"extended":false,"handId":409,"id":4093,"length":64.4088,"mcpPosition":[59.3119,340.948,28.3069],"pipPosition":[61.5801,304.709,2.29518],"stabilizedTipPosition":[63.4619,270.061,139.253],"timeVisible":0.705207,"tipPosition":[65.0477,275.39,30.5071],"tipVelocity":[17.9338,-12.3207,-123.202],"tool":false,"touchDistance":0.333333,"touchZone":"none","type":3,"width":18.0715},{"bases":[[[0.991605,-0.127345,0.0224344],[0.0973744,0.849563,0.518422],[-0.0850776,-0.511885,0.854831]],[[0.976037,-0.183369,0.117167],[0.205398,0.59852,-0.774329],[0.0718604,0.779839,0.621841]],[[0.976037,-0.183369,0.117167],[0.00419433,-0.522486,-0.852637],[0.217565,0.832697,-0.509197]],[[0.976037,-0.183369,0.117167],[-0.103737,-0.865407,-0.490214],[0.191287,0.466312,-0.863691]]],"btipPosition":[70.209,287.483,35.0665],"carpPosition":[75.3676,309.694,81.761],"dipPosition":[73.5051,295.519,20.1838],"direction":[-0.217565,-0.832697,0.509197],"extended":false,"handId":409,"id":4094,"length":50.4953,"mcpPosition":[80.2993,339.366,32.2086],"pipPosition":[77.7591,311.8,10.2275],"stabilizedTipPosition":[68.9917,279.161,148.15],"timeVisible":0.705207,"tipPosition":[70.9381,289.307,31.7111],"tipVelocity":[19.7152,-13.4953,-130.556],"tool":false,"touchDistance":0.333333,"touchZone":"none","type":4,"width":16.0525}],"r":[[0.974241,-0.220688,0.0463895],[0.222784,0.973769,-0.0462633],[-0.0349629,0.0554064,0.997852]],"s":0.90053,"t":[-3.64874,66.4494,-171.182],"timestamp":521393621007},false],[2,{"currentFrameRate":109.536,"devices":[],"gestures":[],"hands":[{"armBasis":[[0.8612,0.452597,-0.231282],[-0.246422,0.769783,0.588821],[0.444535,-0.4501,0.774467]],"armWidth":63.7005,"confidence":0.732522,"direction":[-0.193142,0.533114,-0.823703],"elbow":[182.964,177.196,295.352],"grabStrength":0,"id":409,"palmNormal":[0.251736,-0.784484,-0.566758],"palmPosition":[46.4101,321.663,39.5279],"palmVelocity":[23.3313,-4.9327,-163.923],"palmWidth":90.9622,"pinchStrength":0.60161,"r":[[0.9738,-0.222364,0.0476262],[0.224576,0.973294,-0.0475828],[-0.0357736,0.0570318,0.997731]],"s":0.900097,"sphereCenter":[54.3373,296.219,-1.4663],"sphereRadius":48.3265,"stabilizedPalmPosition":[41.7357,317.384,150.708],"t":[-3.42644,66.4678,-172.756],"timeVisible":0.714016,"type":"right","wrist":[62.976,298.686,86.31]}],"id":4109178,"interactionBox":{"center":[0,200,0],"size":[235.247,235.247,147.751]},"pointables":[{"bases":[[[0.118757,0.933179,0.339225],[-0.800412,-0.112198,0.588857],[0.58757,-0.341451,0.733603]],[[-0.142625,0.989763,-0.00528008],[-0.797091,-0.111695,0.593439],[0.586775,0.0888479,0.804861]],[[-0.142625,0.989763,-0.00528008],[-0.972214,-0.139091,0.188292],[0.18563,0.0319885,0.982099]],[[-0.142625,0.989763,-0.00528008],[-0.673633,-0.100976,-0.732136],[-0.725174,-0.100864,0.681138]]],"btipPosition":[20.6858,276.199,-6.0736],"carpPosition":[39.3279,279.363,83.5021],"dipPosition":[3.71927,273.839,9.86261],"direction":[-0.18563,-0.0319885,-0.982099],"extended":false,"handId":409,"id":4090,"length":52.1005,"mcpPosition":[39.3279,279.363,83.5021],"pipPosition":[10.0465,274.929,43.3376],"stabilizedTipPosition":[7.78899,277.79,115.234],"timeVisible":0.714016,"tipPosition":[16.1231,276.026,-1.98202],"tipVelocity":[35.3425,-9.23624,-167.056],"tool":false,"touchDistance":-0.503567,"touchZone":"touching","type":0,"width":20.2438},{"bases":[[[0.902436,0.401833,-0.155369],[-0.300814,0.845873,0.440464],[0.308415,-0.350754,0.884224]],[[0.939456,0.342308,-0.0157727],[-0.330462,0.917202,0.222564],[0.0906521,-0.203877,0.97479]],[[0.939456,0.342308,-0.0157727],[-0.339303,0.935674,0.0968915],[0.0479248,-0.0856735,0.99517]],[[0.939456,0.342308,-0.0157727],[-0.34231,0.939583,0.00261371],[0.0157145,0.00294371,0.999872]]],"btipPosition":[11.9844,339.528,-62.3933],"carpPosition":[39.9874,302.955,85.6298],"dipPosition":[12.2528,339.578,-45.3151],"direction":[-0.0479248,0.0856735,-0.99517],"extended":true,"handId":409,"id":4091,"length":58.7895,"mcpPosition":[17.3043,328.752,20.5977],"pipPosition":[13.4109,337.508,-21.2688],"stabilizedTipPosition":[-3.39579,334.1,52.4686],"timeVisible":0.714016,"tipPosition":[12.0946,338.637,-58.5444],"tipVelocity":[37.2953,-16.371,-171.222],"tool":false,"touchDistance":-0.508975,"touchZone":"touching","type":1,"width":19.3369},{"bases":[[[0.973778,0.200623,-0.107275],[-0.137072,0.893725,0.427163],[0.181573,-0.401257,0.897789]],[[0.973408,0.201435,-0.109094],[-0.211344,0.605939,-0.766924],[-0.0883813,0.769586,0.632397]],[[0.973408,0.201435,-0.109094],[0.00731424,-0.503312,-0.864074],[-0.228963,0.840298,-0.491401]],[[0.973408,0.201435,-0.109094],[0.125819,-0.868079,-0.480217],[-0.191434,0.453721,-0.870339]]],"btipPosition":[51.9827,267.986,21.1963],"carpPosition":[50.2829,309.494,83.9667],"dipPosition":[48.3864,276.51,4.84588],"direction":[0.228963,-0.840298,0.491401],"extended":false,"handId":409,"id":4092,"length":66.986,"mcpPosition":[37.6188,337.48,21.349],"pipPosition":[41.8775,300.397,-9.12353],"stabilizedTipPosition":[49.0648,264.372,129.105],"timeVisible":0.714016,"tipPosition":[51.185,269.687,17.6574],"tipVelocity":[17.6092,-6.92429,-157.884],"tool":false,"touchDistance":0.333333,"touchZone":"none","type":2,"width":18.9914},{"bases":[[[0.997428,0.0714401,-0.00588279],[-0.0612915,0.892528,0.446808],[0.0371706,-0.445299,0.89461]],[[0.995943,0.0842365,-0.031648],[-0.0747016,0.577876,-0.812698],[-0.0501703,0.811765,0.581825]],[[0.995943,0.0842365,-0.031648],[0.0207899,-0.557584,-0.82986],[-0.0875509,0.825835,-0.557073]],[[0.995943,0.0842365,-0.031648],[0.0618377,-0.896184,-0.439352],[-0.0653718,0.435612,-0.897757]]],"btipPosition":[65.4701,273.699,32.4908],"carpPosition":[61.9112,313.079,82.3039],"dipPosition":[64.249,281.836,15.7222],"direction":[0.0875509,-0.825835,0.557073],"extended":false,"handId":409,"id":4093,"length":64.4088,"mcpPosition":[59.5835,340.964,26.2826],"pipPosition":[61.8244,304.706,0.294863],"stabilizedTipPosition":[63.4619,270.061,139.252],"timeVisible":0.714016,"tipPosition":[65.2012,275.404,28.5431],"tipVelocity":[17.7807,-8.63892,-150.452],"tool":false,"touchDistance":0.333333,"touchZone":"none","type":3,"width":18.0715},{"bases":[[[0.99135,-0.129039,0.0239539],[0.0981174,0.849903,0.517724],[-0.0871648,-0.510895,0.855212]],[[0.975551,-0.184946,0.118726],[0.207527,0.597383,-0.774639],[0.0723411,0.780338,0.621159]],[[0.975551,-0.184946,0.118726],[0.004461,-0.523443,-0.852049],[0.219729,0.831746,-0.50982]],[[0.975551,-0.184946,0.118726],[-0.104581,-0.865788,-0.489361],[0.193297,0.46498,-0.863962]]],"btipPosition":[70.3784,287.491,33.1142],"carpPosition":[75.51,309.735,79.7899],"dipPosition":[73.7092,295.503,18.2268],"direction":[-0.219729,-0.831746,0.50982],"extended":false,"handId":409,"id":4094,"length":50.4953,"mcpPosition":[80.5627,339.35,30.2154],"pipPosition":[78.0055,311.766,8.25838],"stabilizedTipPosition":[68.9918,279.161,148.147],"timeVisible":0.714016,"tipPosition":[71.1157,289.308,29.7555],"tipVelocity":[19.8303,-9.78547,-155.143],"tool":false,"touchDistance":0.333333,"touchZone":"none","type":4,"width":16.0525}],"r":[[0.9738,-0.222364,0.0476262],[0.224576,0.973294,-0.0475828],[-0.0357736,0.0570318,0.997731]],"s":0.900097,"t":[-3.42644,66.4678,-172.756],"timestamp":521393629816},false],[3,{"currentFrameRate":109.556,"devices":[],"gestures":[],"hands":[{"armBasis":[[0.86387,0.449185,-0.227952],[-0.247142,0.772292,0.585223],[0.438919,-0.44922,0.778172]],"armWidth":63.7005,"confidence":0.748065,"direction":[-0.19176,0.533151,-0.824001],"elbow":[181.631,177.324,295.069],"grabStrength":0,"id":409,"palmNormal":[0.251636,-0.784808,-0.566353],"palmPosition":[46.6653,321.56,38.2224],"palmVelocity":[24.6446,-6.6838,-158.292],"palmWidth":90.9622,"pinchStrength":0.604639,"r":[[0.973393,-0.223879,0.0488365],[0.226198,0.972867,-0.0486202],[-0.0366264,0.0583732,0.997623]],"s":0.89922,"sphereCenter":[54.7583,296.123,-2.77741],"sphereRadius":48.3065,"stabilizedPalmPosition":[41.7358,317.385,150.707],"t":[-3.18767,66.4259,-174.195],"timeVisible":0.723108,"type":"right","wrist":[63.1594,298.576,85.0263]}],"id":4109179,"interactionBox":{"center":[0,200,0],"size":[235.247,235.247,147.751]},"pointables":[{"bases":[[[0.119239,0.933127,0.339199],[-0.801153,-0.111369,0.588005],[0.58646,-0.341864,0.734298]],[[-0.142321,0.9898,-0.00644263],[-0.79945,-0.111109,0.590368],[0.58363,0.0891726,0.807108]],[[-0.142321,0.9898,-0.00644263],[-0.972704,-0.138652,0.186073],[0.183282,0.032749,0.982515]],[[-0.142321,0.9898,-0.00644263],[-0.672108,-0.101415,-0.733475],[-0.726646,-0.100059,0.679686]]],"btipPosition":[21.126,276.049,-7.47217],"carpPosition":[39.4968,279.274,82.1959],"dipPosition":[4.12508,273.708,8.43007],"direction":[-0.183282,-0.032749,-0.982515],"extended":false,"handId":409,"id":4090,"length":52.1005,"mcpPosition":[39.4968,279.274,82.1959],"pipPosition":[10.3723,274.824,41.9193],"stabilizedTipPosition":[7.78928,277.79,115.23],"timeVisible":0.723108,"tipPosition":[16.5337,275.884,-3.38705],"tipVelocity":[38.7237,-11.0983,-163.629],"tool":false,"touchDistance":-0.502639,"touchZone":"touching","type":0,"width":20.2438},{"bases":[[[0.902971,0.400984,-0.154454],[-0.300521,0.846221,0.439996],[0.307134,-0.350887,0.884617]],[[0.939771,0.34148,-0.0148784],[-0.329902,0.917574,0.221862],[0.0894134,-0.203591,0.974965]],[[0.939771,0.34148,-0.0148784],[-0.338587,0.936003,0.0962181],[0.0467827,-0.0853854,0.995249]],[[0.939771,0.34148,-0.0148784],[-0.341489,0.939884,0.00197757],[0.0146592,0.00322234,0.999887]]],"btipPosition":[12.3656,339.425,-63.7414],"carpPosition":[40.1754,302.866,84.3204],"dipPosition":[12.616,339.48,-46.6629],"direction":[-0.0467827,0.0853854,-0.995249],"extended":true,"handId":409,"id":4091,"length":58.7895,"mcpPosition":[17.5866,328.673,19.2593],"pipPosition":[13.7464,337.417,-22.6147],"stabilizedTipPosition":[-3.39545,334.1,52.4661],"timeVisible":0.723108,"tipPosition":[12.4705,338.556,-59.8899],"tipVelocity":[38.4502,-14.94,-164.862],"tool":false,"touchDistance":-0.506631,"touchZone":"touching","type":1,"width":19.3369},{"bases":[[[0.974076,0.199716,-0.106249],[-0.136721,0.893921,0.426864],[0.18023,-0.401272,0.898052]],[[0.973706,0.200536,-0.108084],[-0.20999,0.606143,-0.767134],[-0.0883234,0.769659,0.632316]],[[0.973706,0.200536,-0.108084],[0.00779886,-0.503516,-0.863951],[-0.227675,0.840391,-0.491841]],[[0.973706,0.200536,-0.108084],[0.125592,-0.86838,-0.479733],[-0.190062,0.453544,-0.870732]]],"btipPosition":[52.207,267.886,19.9023],"carpPosition":[50.4787,309.396,82.6674],"dipPosition":[48.6364,276.406,3.54455],"direction":[0.227675,-0.840391,0.491841],"extended":false,"handId":409,"id":4092,"length":66.986,"mcpPosition":[37.9082,337.383,20.0312],"pipPosition":[42.1642,300.296,-10.4374],"stabilizedTipPosition":[49.0648,264.372,129.104],"timeVisible":0.723108,"tipPosition":[51.4151,269.586,16.3601],"tipVelocity":[19.7442,-8.08308,-153.625],"tool":false,"touchDistance":0.333333,"touchZone":"none","type":2,"width":18.9914},{"bases":[[[0.997498,0.0705295,-0.00480994],[-0.0609632,0.892658,0.446593],[0.0357916,-0.445182,0.894724]],[[0.996075,0.0831741,-0.0302785],[-0.0733981,0.584952,-0.80774],[-0.0494716,0.806792,0.58876]],[[0.996075,0.0831741,-0.0302785],[0.0206386,-0.550889,-0.834324],[-0.0860742,0.830424,-0.550443]],[[0.996075,0.0831741,-0.0302785],[0.0611618,-0.894027,-0.443818],[-0.063984,0.440224,-0.895605]]],"btipPosition":[65.6593,273.592,30.6627],"carpPosition":[62.1121,312.97,81.0166],"dipPosition":[64.4642,281.814,13.9343],"direction":[0.0860742,-0.830424,0.550443],"extended":false,"handId":409,"id":4093,"length":64.4088,"mcpPosition":[59.8708,340.848,24.9882],"pipPosition":[62.0805,304.812,-1.30937],"stabilizedTipPosition":[63.462,270.061,139.25],"timeVisible":0.723108,"tipPosition":[65.4057,275.329,26.9281],"tipVelocity":[18.8016,-8.92234,-164.187],"tool":false,"touchDistance":0.333333,"touchZone":"none","type":3,"width":18.0715},{"bases":[[[0.991205,-0.129939,0.0250535],[0.0983296,0.8499,0.517689],[-0.0885607,-0.510672,0.855202]],[[0.975245,-0.185832,0.119846],[0.208956,0.597159,-0.774428],[0.0723461,0.7803,0.621207]],[[0.975245,-0.185832,0.119846],[0.0049271,-0.523585,-0.851959],[0.221071,0.83146,-0.509708]],[[0.975245,-0.185832,0.119846],[-0.104855,-0.865811,-0.489261],[0.194684,0.464583,-0.863864]]],"btipPosition":[70.6096,287.37,31.8373],"carpPosition":[75.7105,309.613,78.5179],"dipPosition":[73.9643,295.375,16.9516],"direction":[-0.221071,-0.83146,0.509708],"extended":false,"handId":409,"id":4094,"length":50.4953,"mcpPosition":[80.8442,339.215,28.944],"pipPosition":[78.2868,311.633,6.98532],"stabilizedTipPosition":[68.9918,279.162,148.145],"timeVisible":0.723108,"tipPosition":[71.3525,289.184,28.4795],"tipVelocity":[21.5471,-10.8159,-151.061],"tool":false,"touchDistance":0.333333,"touchZone":"none","type":4,"width":16.0525}],"r":[[0.973393,-0.223879,0.0488365],[0.226198,0.972867,-0.0486202],[-0.0366264,0.0583732,0.997623]],"s":0.89922,"t":[-3.18767,66.4259,-174.195],"timestamp":521393638908},false],[4,{"currentFrameRate":109.624,"devices":[],"gestures":[],"hands":[{"armBasis":[[0.864663,0.447604,-0.228055],[-0.246515,0.77362,0.583731],[0.437709,-0.448511,0.779262]],"armWidth":63.7005,"confidence":0.756256,"direction":[-0.19076,0.534203,-0.823552],"elbow":[181.623,177.256,294.33],"grabStrength":0,"id":409,"palmNormal":[0.250466,-0.784702,-0.567018],"palmPosition":[47.0284,321.371,37.208],"palmVelocity":[28.9553,-10.6373,-145.771],"palmWidth":90.9622,"pinchStrength":0.606118,"r":[[0.97299,-0.225412,0.0497984],[0.22781,0.972458,-0.0492652],[-0.0373219,0.0592791,0.997544]],"s":0.897878,"sphereCenter":[55.2243,295.969,-3.84448],"sphereRadius":48.2792,"stabilizedPalmPosition":[41.7358,317.385,150.706],"t":[-2.88673,66.31,-175.422],"timeVisible":0.732109,"type":"right","wrist":[63.4775,298.317,83.9939]}],"id":4109180,"interactionBox":{"center":[0,200,0],"size":[235.247,235.247,147.751]},"pointables":[{"bases":[[[0.120687,0.932627,0.340061],[-0.801432,-0.110607,0.58777],[0.585783,-0.343472,0.734088]],[[-0.140937,0.990001,-0.00586966],[-0.800856,-0.110521,0.58857],[0.582036,0.087652,0.808425]],[[-0.140937,0.990001,-0.00586966],[-0.973076,-0.13743,0.18503],[0.182373,0.0317891,0.982715]],[[-0.140937,0.990001,-0.00586966],[-0.672453,-0.100079,-0.733342],[-0.726597,-0.0994079,0.679834]]],"btipPosition":[21.5229,275.925,-8.60195],"carpPosition":[39.7843,279.057,81.1421],"dipPosition":[4.52308,273.599,7.30376],"direction":[-0.182373,-0.0317891,-0.982715],"extended":false,"handId":409,"id":4090,"length":52.1005,"mcpPosition":[39.7843,279.057,81.1421],"pipPosition":[10.7393,274.683,40.7998],"stabilizedTipPosition":[7.7896,277.79,115.226],"timeVisible":0.732109,"tipPosition":[16.9289,275.751,-4.51171],"tipVelocity":[40.2052,-11.7398,-153.139],"tool":false,"touchDistance":-0.497644,"touchZone":"touching","type":0,"width":20.2438},{"bases":[[[0.903642,0.399666,-0.15394],[-0.299231,0.846308,0.440709],[0.306417,-0.35218,0.884352]],[[0.940316,0.339995,-0.014451],[-0.328476,0.917919,0.22255],[0.0889306,-0.204521,0.974814]],[[0.940316,0.339995,-0.014451],[-0.337111,0.936461,0.0969399],[0.0464918,-0.0862826,0.995185]],[[0.940316,0.339995,-0.014451],[-0.339992,0.940424,0.00272066],[0.014515,0.00235493,0.999892]]],"btipPosition":[12.7737,339.376,-64.7463],"carpPosition":[40.5006,302.645,83.288],"dipPosition":[13.0216,339.416,-47.6677],"direction":[-0.0464918,0.0862826,-0.995185],"extended":true,"handId":409,"id":4091,"length":58.7895,"mcpPosition":[17.9645,328.547,18.2465],"pipPosition":[14.145,337.331,-23.6211],"stabilizedTipPosition":[-3.39507,334.1,52.4634],"timeVisible":0.732109,"tipPosition":[12.8765,338.517,-60.8943],"tipVelocity":[40.3238,-12.4462,-150.248],"tool":false,"touchDistance":-0.499374,"touchZone":"touching","type":1,"width":19.3369},{"bases":[[[0.974415,0.198241,-0.105905],[-0.135351,0.893755,0.427648],[0.17943,-0.402372,0.89772]],[[0.974046,0.199064,-0.107742],[-0.208902,0.607327,-0.766495],[-0.0871467,0.769108,0.633149]],[[0.974046,0.199064,-0.107742],[0.00713374,-0.502757,-0.864398],[-0.226239,0.841195,-0.491128]],[[0.974046,0.199064,-0.107742],[0.124304,-0.868224,-0.480349],[-0.189164,0.454489,-0.870435]]],"btipPosition":[52.4843,267.712,18.8348],"carpPosition":[50.8147,309.16,81.6427],"dipPosition":[48.9306,276.25,2.4826],"direction":[0.226239,-0.841195,0.491128],"extended":false,"handId":409,"id":4092,"length":66.986,"mcpPosition":[38.3,337.224,19.0297],"pipPosition":[42.4992,300.164,-11.4791],"stabilizedTipPosition":[49.0648,264.372,129.104],"timeVisible":0.732109,"tipPosition":[51.6963,269.417,15.2928],"tipVelocity":[22.9018,-11.0261,-143.968],"tool":false,"touchDistance":0.333333,"touchZone":"none","type":2,"width":18.9914},{"bases":[[[0.997611,0.0689248,-0.00457851],[-0.0595992,0.892352,0.447388],[0.0349218,-0.446046,0.894328]],[[0.996231,0.0814697,-0.0297843],[-0.0726487,0.596011,-0.799683],[-0.0473982,0.798832,0.599683]],[[0.996231,0.0814697,-0.0297843],[0.0189796,-0.539766,-0.841601],[-0.0846415,0.837864,-0.539278]],[[0.996231,0.0814697,-0.0297843],[0.0592698,-0.890025,-0.452042],[-0.0633365,0.448573,-0.891499]]],"btipPosition":[65.9113,273.386,28.7942],"carpPosition":[62.4541,312.717,79.997],"dipPosition":[64.7283,281.765,12.1425],"direction":[0.0846415,-0.837864,0.539278],"extended":false,"handId":409,"id":4093,"length":64.4088,"mcpPosition":[60.2672,340.649,23.9934],"pipPosition":[62.3843,304.968,-2.79199],"stabilizedTipPosition":[63.462,270.061,139.25],"timeVisible":0.732109,"tipPosition":[65.6695,275.178,25.3396],"tipVelocity":[21.4138,-11.65,-175.568],"tool":false,"touchDistance":0.333333,"touchZone":"none","type":3,"width":18.0715},{"bases":[[[0.99099,-0.13156,0.0251029],[0.0996123,0.849273,0.518472],[-0.0895292,-0.5113,0.854726]],[[0.974868,-0.187652,0.120082],[0.210522,0.599572,-0.772136],[0.0728951,0.77801,0.624009]],[[0.974868,-0.187652,0.120082],[0.00485542,-0.520981,-0.853555],[0.222732,0.832686,-0.506976]],[[0.974868,-0.187652,0.120082],[-0.105942,-0.864638,-0.491099],[0.195984,0.466035,-0.862787]]],"btipPosition":[70.9284,287.165,30.6736],"carpPosition":[76.0475,309.34,77.4976],"dipPosition":[74.3055,295.196,15.8064],"direction":[-0.222732,-0.832686,0.506976],"extended":false,"handId":409,"id":4094,"length":50.4953,"mcpPosition":[81.2373,338.978,27.9513],"pipPosition":[78.6606,311.477,5.89362],"stabilizedTipPosition":[68.9918,279.162,148.144],"timeVisible":0.732109,"tipPosition":[71.6739,288.979,27.3628],"tipVelocity":[25.5144,-13.912,-144.95],"tool":false,"touchDistance":0.333333,"touchZone":"none","type":4,"width":16.0525}],"r":[[0.97299,-0.225412,0.0497984],[0.22781,0.972458,-0.0492652],[-0.0373219,0.0592791,0.997544]],"s":0.897878,"t":[-2.88673,66.31,-175.422],"timestamp":521393647909},false],[5,{"currentFrameRate":109.64,"devices":[],"gestures":[],"hands":[{"armBasis":[[0.866783,0.445162,-0.224762],[-0.247657,0.775461,0.580798],[0.432844,-0.447762,0.782404]],"armWidth":63.7005,"confidence":0.766234,"direction":[-0.189599,0.534391,-0.823698],"elbow":[180.55,177.238,294.126],"grabStrength":0,"id":409,"palmNormal":[0.250925,-0.784685,-0.566839],"palmPosition":[47.333,321.163,36.1392],"palmVelocity":[30.2117,-14.0268,-137.953],"palmWidth":90.9622,"pinchStrength":0.606791,"r":[[0.97264,-0.226696,0.0507985],[0.22917,0.972117,-0.0496931],[-0.0381168,0.059975,0.997472]],"s":0.896323,"sphereCenter":[55.6846,295.771,-4.93706],"sphereRadius":48.2566,"stabilizedPalmPosition":[41.7359,317.385,150.704],"t":[-2.58399,66.1481,-176.57],"timeVisible":0.741202,"type":"right","wrist":[63.7183,298.097,82.9414]}],"id":4109181,"interactionBox":{"center":[0,200,0],"size":[235.247,235.247,147.751]},"pointables":[{"bases":[[[0.120547,0.932537,0.340357],[-0.80218,-0.110465,0.586775],[0.584787,-0.343762,0.734746]],[[-0.140541,0.990058,-0.00574683],[-0.802335,-0.110488,0.586559],[0.580093,0.0870463,0.809886]],[[-0.140541,0.990058,-0.00574683],[-0.973364,-0.137104,0.18375],[0.181136,0.0314182,0.982956]],[[-0.140541,0.990058,-0.00574683],[-0.672254,-0.0996858,-0.733579],[-0.726859,-0.0992344,0.67958]]],"btipPosition":[21.9067,275.751,-9.76159],"carpPosition":[40.0228,278.844,80.0576],"dipPosition":[4.90079,273.429,6.13817],"direction":[-0.181136,-0.0314182,-0.982956],"extended":false,"handId":409,"id":4090,"length":52.1005,"mcpPosition":[40.0228,278.844,80.0576],"pipPosition":[11.0748,274.5,39.6424],"stabilizedTipPosition":[7.78996,277.79,115.222],"timeVisible":0.741202,"tipPosition":[17.3216,275.557,-5.67066],"tipVelocity":[40.7181,-13.7623,-146.088],"tool":false,"touchDistance":-0.493628,"touchZone":"touching","type":0,"width":20.2438},{"bases":[[[0.903947,0.399424,-0.152775],[-0.299518,0.846325,0.44048],[0.305236,-0.352412,0.884668]],[[0.940429,0.339731,-0.0132743],[-0.328483,0.91798,0.222289],[0.0877039,-0.204686,0.974891]],[[0.940429,0.339731,-0.0132743],[-0.336961,0.936541,0.0966838],[0.0452784,-0.0864513,0.995227]],[[0.940429,0.339731,-0.0132743],[-0.339729,0.94052,0.00247104],[0.0133243,0.00218582,0.999909]]],"btipPosition":[13.2058,339.193,-65.8539],"carpPosition":[40.7435,302.432,82.2082],"dipPosition":[13.4334,339.231,-48.7751],"direction":[-0.0452784,0.0864513,-0.995227],"extended":true,"handId":409,"id":4091,"length":58.7895,"mcpPosition":[18.2942,328.351,17.1434],"pipPosition":[14.5274,337.142,-24.7274],"stabilizedTipPosition":[-3.39458,334.101,52.4601],"timeVisible":0.741202,"tipPosition":[13.3042,338.34,-62.0015],"tipVelocity":[42.1752,-14.5722,-142.369],"tool":false,"touchDistance":-0.494384,"touchZone":"touching","type":1,"width":19.3369},{"bases":[[[0.974602,0.19797,-0.104686],[-0.135609,0.893726,0.427626],[0.178218,-0.402569,0.897873]],[[0.974232,0.1988,-0.106537],[-0.207855,0.607958,-0.766279],[-0.0875662,0.768678,0.633614]],[[0.974232,0.1988,-0.106537],[0.00796646,-0.502383,-0.864608],[-0.225406,0.841481,-0.491022]],[[0.974232,0.1988,-0.106537],[0.12464,-0.868201,-0.480304],[-0.18798,0.454649,-0.870608]]],"btipPosition":[52.79,267.519,17.7357],"carpPosition":[51.0615,308.943,80.5764],"dipPosition":[49.2585,276.061,1.38026],"direction":[0.225406,-0.841481,0.491022],"extended":false,"handId":409,"id":4092,"length":66.986,"mcpPosition":[38.6313,337.021,17.9527],"pipPosition":[42.8508,299.982,-12.5784],"stabilizedTipPosition":[49.0649,264.372,129.103],"timeVisible":0.741202,"tipPosition":[52.0081,269.226,14.1985],"tipVelocity":[26.0249,-13.8268,-137.594],"tool":false,"touchDistance":0.333333,"touchZone":"none","type":2,"width":18.9914},{"bases":[[[0.997636,0.0686315,-0.00335218],[-0.0598813,0.892298,0.447458],[0.0337009,-0.4462,0.894299]],[[0.996263,0.0813751,-0.0289488],[-0.0724437,0.604778,-0.793092],[-0.0470304,0.792226,0.608413]],[[0.996263,0.0813751,-0.0289488],[0.0188173,-0.531614,-0.846777],[-0.0842962,0.843068,-0.531159]],[[0.996263,0.0813751,-0.0289488],[0.0592094,-0.887478,-0.457031],[-0.0628824,0.453609,-0.88898]]],"btipPosition":[66.2032,273.233,27.0828],"carpPosition":[62.7039,312.497,78.9456],"dipPosition":[65.0286,281.706,10.4782],"direction":[0.0842962,-0.843068,0.531159],"extended":false,"handId":409,"id":4093,"length":64.4088,"mcpPosition":[60.5935,340.439,22.9438],"pipPosition":[62.6942,305.053,-4.23152],"stabilizedTipPosition":[63.462,270.061,139.249],"timeVisible":0.741202,"tipPosition":[65.9619,275.045,23.8203],"tipVelocity":[24.4314,-12.4212,-178.741],"tool":false,"touchDistance":0.333333,"touchZone":"none","type":3,"width":18.0715},{"bases":[[[0.99092,-0.131856,0.026289],[0.0992308,0.84916,0.518729],[-0.090721,-0.511411,0.854534]],[[0.97461,-0.188096,0.121474],[0.212286,0.603688,-0.768437],[0.0712073,0.774713,0.62829]],[[0.97461,-0.188096,0.121474],[0.00675843,-0.517552,-0.855625],[0.223809,0.834721,-0.50314]],[[0.97461,-0.188096,0.121474],[-0.105261,-0.86371,-0.492874],[0.197626,0.467573,-0.861579]]],"btipPosition":[71.2597,286.999,29.4021],"carpPosition":[76.2994,309.117,76.4622],"dipPosition":[74.6651,295.056,14.5558],"direction":[-0.223809,-0.834721,0.50314],"extended":false,"handId":409,"id":4094,"length":50.4953,"mcpPosition":[81.5583,338.762,26.927],"pipPosition":[79.0412,311.377,4.71794],"stabilizedTipPosition":[68.9919,279.162,148.142],"timeVisible":0.741202,"tipPosition":[72.0032,288.804,26.1724],"tipVelocity":[28.737,-14.9413,-143.387],"tool":false,"touchDistance":0.333333,"touchZone":"none","type":4,"width":16.0525}],"r":[[0.97264,-0.226696,0.0507985],[0.22917,0.972117,-0.0496931],[-0.0381168,0.059975,0.997472]],"s":0.896323,"t":[-2.58399,66.1481,-176.57],"timestamp":521393657002},false],[6,{"currentFrameRate":109.727,"devices":[],"gestures":[],"hands":[{"armBasis":[[0.866611,0.445107,-0.225532],[-0.247818,0.776227,0.579705],[0.433095,-0.446488,0.782992]],"armWidth":63.7005,"confidence":0.775675,"direction":[-0.189303,0.535327,-0.823158],"elbow":[180.918,177.338,293.494],"grabStrength":0,"id":409,"palmNormal":[0.250636,-0.784203,-0.567633],"palmPosition":[47.6462,320.974,35.3708],"palmVelocity":[31.512,-15.9451,-123.683],"palmWidth":90.9622,"pinchStrength":0.614246,"r":[[0.972338,-0.227817,0.0515677],[0.230341,0.971833,-0.0498288],[-0.0387634,0.0603286,0.997426]],"s":0.894699,"sphereCenter":[56.1171,295.62,-5.77236],"sphereRadius":48.2554,"stabilizedPalmPosition":[41.736,317.385,150.702],"t":[-2.276,65.9729,-177.528],"timeVisible":0.75016,"type":"right","wrist":[64.0178,297.853,82.1503]}],"id":4109182,"interactionBox":{"center":[0,200,0],"size":[235.247,235.247,147.751]},"pointables":[{"bases":[[[0.120918,0.932132,0.341335],[-0.802275,-0.110731,0.586595],[0.58458,-0.344774,0.734436]],[[-0.139954,0.990148,-0.00450293],[-0.803188,-0.110866,0.585319],[0.579053,0.0855342,0.810791]],[[-0.139954,0.990148,-0.00450293],[-0.97345,-0.136759,0.183552],[0.181128,0.0300722,0.983]],[[-0.139954,0.990148,-0.00450293],[-0.674286,-0.098636,-0.731854],[-0.725088,-0.0993894,0.681447]]],"btipPosition":[22.2089,275.645,-10.6648],"carpPosition":[40.3144,278.613,79.2447],"dipPosition":[5.24447,273.319,5.2786],"direction":[-0.181128,-0.0300722,-0.983],"extended":false,"handId":409,"id":4090,"length":52.1005,"mcpPosition":[40.3144,278.613,79.2447],"pipPosition":[11.4183,274.344,38.7843],"stabilizedTipPosition":[7.79036,277.79,115.217],"timeVisible":0.75016,"tipPosition":[17.6548,275.426,-6.55164],"tipVelocity":[39.1005,-13.259,-133.404],"tool":false,"touchDistance":-0.485996,"touchZone":"touching","type":0,"width":20.2438},{"bases":[[[0.90413,0.399196,-0.152287],[-0.299192,0.845996,0.441334],[0.305013,-0.35346,0.884326]],[[0.94057,0.339356,-0.0128765],[-0.32812,0.917895,0.223173],[0.0875545,-0.205685,0.974694]],[[0.94057,0.339356,-0.0128765],[-0.336581,0.936582,0.0976091],[0.0451841,-0.0874742,0.995142]],[[0.94057,0.339356,-0.0128765],[-0.339341,0.940657,0.00341912],[0.0132727,0.00115359,0.999911]]],"btipPosition":[13.5332,339.122,-66.6067],"carpPosition":[41.0449,302.198,81.4198],"dipPosition":[13.7599,339.142,-49.5279],"direction":[-0.0451841,0.0874742,-0.995142],"extended":true,"handId":409,"id":4091,"length":58.7895,"mcpPosition":[18.6121,328.194,16.3801],"pipPosition":[14.8517,337.028,-25.4822],"stabilizedTipPosition":[-3.39399,334.101,52.4561],"timeVisible":0.75016,"tipPosition":[13.6314,338.273,-62.7543],"tipVelocity":[40.631,-12.8814,-126.416],"tool":false,"touchDistance":-0.484571,"touchZone":"touching","type":1,"width":19.3369},{"bases":[[[0.974695,0.197662,-0.104401],[-0.135262,0.89334,0.428543],[0.177973,-0.403577,0.89747]],[[0.974265,0.19863,-0.106556],[-0.20858,0.615228,-0.760255],[-0.0854536,0.762916,0.640826]],[[0.974265,0.19863,-0.106556],[0.00590935,-0.495072,-0.868832],[-0.225329,0.845843,-0.483505]],[[0.974265,0.19863,-0.106556],[0.123414,-0.865635,-0.485227],[-0.188619,0.459589,-0.867872]]],"btipPosition":[53.0195,267.414,16.3705],"carpPosition":[51.3658,308.707,79.7957],"dipPosition":[49.4761,276.048,0.0664487],"direction":[0.225329,-0.845843,0.483505],"extended":false,"handId":409,"id":4092,"length":66.986,"mcpPosition":[38.9528,336.855,17.2001],"pipPosition":[43.0705,300.094,-13.6785],"stabilizedTipPosition":[49.0649,264.372,129.103],"timeVisible":0.75016,"tipPosition":[52.2535,269.146,13.014],"tipVelocity":[25.8303,-12.6002,-141.283],"tool":false,"touchDistance":0.333333,"touchZone":"none","type":2,"width":18.9914},{"bases":[[[0.997666,0.068208,-0.00319983],[-0.0595361,0.891858,0.448379],[0.0334368,-0.447142,0.893838]],[[0.996281,0.081115,-0.0290568],[-0.0726043,0.608745,-0.790037],[-0.0463957,0.789208,0.61237]],[[0.996281,0.081115,-0.0290568],[0.0182161,-0.527902,-0.84911],[-0.0842147,0.845423,-0.527417]],[[0.996281,0.081115,-0.0290568],[0.0587472,-0.886186,-0.459591],[-0.0630294,0.456174,-0.887655]]],"btipPosition":[66.4979,273.074,26.0303],"carpPosition":[63.0099,312.258,78.1694],"dipPosition":[65.3206,281.595,9.45046],"direction":[0.0842147,-0.845423,0.527417],"extended":false,"handId":409,"id":4093,"length":64.4088,"mcpPosition":[60.9161,340.258,22.1965],"pipPosition":[62.9884,305.008,-5.15557],"stabilizedTipPosition":[63.462,270.061,139.248],"timeVisible":0.75016,"tipPosition":[66.2533,274.896,22.816],"tipVelocity":[26.7274,-13.5366,-161.814],"tool":false,"touchDistance":0.333333,"touchZone":"none","type":3,"width":18.0715},{"bases":[[[0.990862,-0.132307,0.0262327],[0.0995517,0.848579,0.519619],[-0.0910097,-0.512259,0.853996]],[[0.974501,-0.188684,0.121434],[0.212858,0.606148,-0.76634],[0.0709885,0.772647,0.630854]],[[0.974501,-0.188684,0.121434],[0.00700454,-0.515348,-0.856953],[0.224274,0.835952,-0.500885]],[[0.974501,-0.188684,0.121434],[-0.10548,-0.862884,-0.494272],[0.198045,0.46886,-0.860784]]],"btipPosition":[71.5726,286.832,28.5063],"carpPosition":[76.6042,308.874,75.6836],"dipPosition":[74.9852,294.911,13.6737],"direction":[-0.224274,-0.835952,0.500885],"extended":false,"handId":409,"id":4094,"length":50.4953,"mcpPosition":[81.8798,338.568,26.1797],"pipPosition":[79.3704,311.256,3.87997],"stabilizedTipPosition":[68.9919,279.162,148.141],"timeVisible":0.75016,"tipPosition":[72.3144,288.635,25.3065],"tipVelocity":[30.4822,-15.7905,-131.424],"tool":false,"touchDistance":0.333333,"touchZone":"none","type":4,"width":16.0525}],"r":[[0.972338,-0.2278