{"sensorType":"Leap","data":[[0,{"currentFrameRate":106.485,"devices":[],"gestures":[],"hands":[{"armBasis":[[0.747266,0.643725,-0.164959],[-0.326582,0.57194,0.752482],[0.578738,-0.508431,0.63762]],"armWidth":63.7005,"confidence":0.710274,"direction":[-0.193919,0.440701,-0.876458],"elbow":[201.293,146.033,264.376],"grabStrength":0,"id":401,"palmNormal":[0.418902,-0.770672,-0.480193],"palmPosition":[29.6624,300.223,42.6146],"palmVelocity":[-5.73747,53.2837,-138.03],"palmWidth":90.9622,"pinchStrength":0.0359938,"r":[[0.82066,0.515343,0.246859],[-0.530163,0.847862,-0.00751888],[-0.213177,-0.124705,0.969022]],"s":1.5366,"sphereCenter":[32.7268,275.639,4.96342],"sphereRadius":50.4363,"stabilizedPalmPosition":[51.119,265.008,128.001],"t":[-56.7335,92.3906,-172.728],"timeVisible":0.488117,"type":"right","wrist":[45.0817,283.268,92.2706]}],"id":4104991,"interactionBox":{"center":[0,200,0],"size":[235.247,235.247,147.751]},"pointables":[{"bases":[[[-0.0555572,0.960516,0.272622],[-0.825578,-0.197756,0.528501],[0.561546,-0.195708,0.803968]],[[-0.146544,0.979584,0.137624],[-0.724249,-0.201014,0.659589],[0.673787,-0.0030153,0.73892]],[[-0.146544,0.979584,0.137624],[-0.920967,-0.185886,0.342442],[0.361033,-0.0765646,0.929405]],[[-0.146544,0.979584,0.137624],[-0.837758,-0.0489211,-0.543845],[-0.526009,-0.194993,0.827823]]],"btipPosition":[-8.6361,267.645,1.16139],"carpPosition":[24.9866,260.322,89.0823],"dipPosition":[-20.9429,263.083,20.5295],"direction":[-0.361033,0.0765646,-0.929405],"extended":true,"handId":401,"id":4010,"length":52.1005,"mcpPosition":[24.9866,260.322,89.0823],"pipPosition":[-8.63699,260.473,52.2085],"stabilizedTipPosition":[2.87531,238.839,81.5608],"timeVisible":0.488117,"tipPosition":[-10.604,266.519,5.21828],"tipVelocity":[-10.7572,23.6031,-133.814],"tool":false,"touchDistance":-0.49333,"touchZone":"hovering","type":0,"width":20.2438},{"bases":[[[0.84193,0.527729,-0.112496],[-0.464719,0.815128,0.345836],[0.274206,-0.238891,0.931527]],[[0.876805,0.478095,0.0513531],[-0.455665,0.792032,0.406269],[0.153562,-0.379619,0.912309]],[[0.876805,0.478095,0.0513531],[-0.471472,0.833813,0.287176],[0.0944788,-0.276009,0.9565]],[[0.876805,0.478095,0.0513531],[-0.47874,0.85799,0.186176],[0.0449494,-0.187825,0.981173]]],"btipPosition":[-7.93692,327.564,-58.1882],"carpPosition":[21.8762,283.812,89.3767],"dipPosition":[-7.16917,324.356,-41.4294],"direction":[-0.0944788,0.276009,-0.9565],"extended":true,"handId":401,"id":4011,"length":58.7895,"mcpPosition":[1.7091,301.382,20.8656],"pipPosition":[-4.88628,317.686,-18.3175],"stabilizedTipPosition":[-1.50074,287.669,23.6003],"timeVisible":0.488117,"tipPosition":[-7.05122,325.177,-54.7981],"tipVelocity":[11.7644,68.8033,-144.202],"tool":false,"touchDistance":-0.532135,"touchZone":"hovering","type":1,"width":19.3369},{"bases":[[[0.938041,0.343858,-0.0429062],[-0.309558,0.887169,0.342206],[0.155735,-0.307721,0.938645]],[[0.941096,0.337339,-0.0232401],[-0.178344,0.436795,-0.881705],[-0.287282,0.833914,0.471229]],[[0.941096,0.337339,-0.0232401],[0.220236,-0.663657,-0.714882],[-0.256581,0.667654,-0.698859]],[[0.941096,0.337339,-0.0232401],[0.320998,-0.912884,-0.252197],[-0.106291,0.229881,-0.967397]]],"btipPosition":[43.4478,249.748,37.9136],"carpPosition":[31.1761,291.766,88.0468],"dipPosition":[41.451,254.066,19.7399],"direction":[0.256581,-0.667654,0.698859],"extended":false,"handId":401,"id":4012,"length":66.986,"mcpPosition":[20.3141,313.229,22.5794],"pipPosition":[34.157,273.046,-0.127093],"stabilizedTipPosition":[50.1957,231.706,78.4032],"timeVisible":0.488117,"tipPosition":[43.1328,250.397,33.0999],"tipVelocity":[9.73157,61.3743,-91.0942],"tool":false,"touchDistance":0.333333,"touchZone":"none","type":2,"width":18.9914},{"bases":[[[0.971383,0.226963,0.0700168],[-0.236626,0.899208,0.368014],[0.020566,-0.37405,0.92718]],[[0.970589,0.236046,0.0473123],[-0.0671143,0.454042,-0.888449],[-0.231197,0.859144,0.45653]],[[0.970589,0.236046,0.0473123],[0.200247,-0.682497,-0.702922],[-0.133632,0.691723,-0.709692]],[[0.970589,0.236046,0.0473123],[0.240285,-0.937757,-0.250751],[-0.0148214,0.254745,-0.966895]]],"btipPosition":[55.25,258.154,46.3222],"carpPosition":[42.2336,297.02,87.0606],"dipPosition":[54.9731,262.912,28.2623],"direction":[0.133632,-0.691723,0.709692],"extended":false,"handId":401,"id":4013,"length":64.4088,"mcpPosition":[40.9458,320.443,28.9998],"pipPosition":[51.2724,282.068,8.60839],"stabilizedTipPosition":[63.1805,240.684,85.2834],"timeVisible":0.488117,"tipPosition":[55.2667,259.006,42.0237],"tipVelocity":[5.11639,64.3473,-104.349],"tool":false,"touchDistance":0.333333,"touchZone":"none","type":3,"width":18.0715},{"bases":[[[0.99289,0.0304296,0.115082],[-0.0799067,0.886959,0.454883],[-0.0882309,-0.460844,0.883084]],[[0.98,-0.0135315,0.198536],[0.173519,0.546532,-0.819265],[-0.0974202,0.837329,0.537949]],[[0.98,-0.0135315,0.198536],[0.144843,-0.635624,-0.758289],[0.136455,0.77188,-0.620952]],[[0.98,-0.0135315,0.198536],[0.0562776,-0.938111,-0.341733],[0.190873,0.346071,-0.918587]]],"btipPosition":[58.9568,271.758,43.7044],"carpPosition":[56.3557,295.698,85.9402],"dipPosition":[62.2458,277.722,27.8757],"direction":[-0.136455,-0.77188,0.620952],"extended":false,"handId":401,"id":4014,"length":50.4953,"mcpPosition":[61.4702,322.412,34.75],"pipPosition":[64.9139,292.814,15.7344],"stabilizedTipPosition":[67.5924,253.799,85.0101],"timeVisible":0.488117,"tipPosition":[59.6107,273.101,39.5495],"tipVelocity":[8.11743,62.4566,-97.9106],"tool":false,"touchDistance":0.333333,"touchZone":"none","type":4,"width":16.0525}],"r":[[0.82066,0.515343,0.246859],[-0.530163,0.847862,-0.00751888],[-0.213177,-0.124705,0.969022]],"s":1.5366,"t":[-56.7335,92.3906,-172.728],"timestamp":521347642774},false],[1,{"currentFrameRate":106.732,"devices":[],"gestures":[],"hands":[{"armBasis":[[0.750036,0.640626,-0.164454],[-0.323461,0.572173,0.753652],[0.576905,-0.512072,0.636367]],"armWidth":63.7005,"confidence":0.72004,"direction":[-0.191463,0.435898,-0.879395],"elbow":[200.764,145.824,263.363],"grabStrength":0,"id":401,"palmNormal":[0.417364,-0.774771,-0.474907],"palmPosition":[29.7439,300.737,41.8163],"palmVelocity":[-1.68456,54.4735,-124.812],"palmWidth":90.9622,"pinchStrength":0.0332486,"r":[[0.818844,0.51748,0.248414],[-0.531354,0.84705,-0.0130213],[-0.217157,-0.121333,0.968567]],"s":1.53904,"sphereCenter":[32.5865,276.05,4.36607],"sphereRadius":50.4515,"stabilizedPalmPosition":[51.0875,265.06,127.874],"t":[-56.7155,92.9052,-173.764],"timeVisible":0.497035,"type":"right","wrist":[45.0468,284.041,91.596]}],"id":4104992,"interactionBox":{"center":[0,200,0],"size":[235.247,235.247,147.751]},"pointables":[{"bases":[[[-0.0531963,0.962314,0.266687],[-0.826861,-0.192186,0.52855],[0.559885,-0.192397,0.805924]],[[-0.143333,0.980779,0.132392],[-0.725356,-0.195116,0.660143],[0.673286,-0.00141151,0.739381]],[[-0.143333,0.980779,0.132392],[-0.921294,-0.181092,0.344126],[0.361487,-0.0726477,0.929542]],[[-0.143333,0.980779,0.132392],[-0.837381,-0.0488855,-0.544429],[-0.527493,-0.188897,0.828293]]],"btipPosition":[-8.68765,268.1,0.560103],"carpPosition":[24.8908,261.134,88.5197],"dipPosition":[-21.0291,263.681,19.9392],"direction":[-0.361487,0.0726477,-0.929542],"extended":true,"handId":401,"id":4010,"length":52.1005,"mcpPosition":[24.8908,261.134,88.5197],"pipPosition":[-8.70775,261.204,51.6228],"stabilizedTipPosition":[2.85988,238.869,81.4789],"timeVisible":0.497035,"tipPosition":[-10.673,266.976,4.62405],"tipVelocity":[-9.64513,32.088,-115.649],"tool":false,"touchDistance":-0.481312,"touchZone":"hovering","type":0,"width":20.2438},{"bases":[[[0.843583,0.524642,-0.11454],[-0.462871,0.818537,0.340219],[0.272248,-0.233985,0.933344]],[[0.878194,0.475637,0.0504483],[-0.45291,0.793018,0.407425],[0.15378,-0.380646,0.911844]],[[0.878194,0.475637,0.0504483],[-0.468729,0.834812,0.288758],[0.095229,-0.277232,0.956072]],[[0.878194,0.475637,0.0504483],[-0.476086,0.859095,0.187877],[0.0460215,-0.18901,0.980896]]],"btipPosition":[-7.86798,328.118,-58.9969],"carpPosition":[21.8469,284.634,88.6666],"dipPosition":[-7.08192,324.89,-42.2428],"direction":[-0.095229,0.277232,-0.956072],"extended":true,"handId":401,"id":4011,"length":58.7895,"mcpPosition":[1.82384,301.843,20.0218],"pipPosition":[-4.7809,318.191,-19.1412],"stabilizedTipPosition":[-1.53303,287.876,23.1893],"timeVisible":0.497035,"tipPosition":[-6.98708,325.73,-55.6083],"tipVelocity":[10.794,66.8634,-129.653],"tool":false,"touchDistance":-0.519402,"touchZone":"hovering","type":1,"width":19.3369},{"bases":[[[0.939074,0.340927,-0.0436985],[-0.3075,0.890114,0.336365],[0.153572,-0.302434,0.940717]],[[0.942168,0.334323,-0.0233946],[-0.174577,0.429999,-0.88579],[-0.28608,0.838647,0.463496]],[[0.942168,0.334323,-0.0233946],[0.220775,-0.67166,-0.7072],[-0.252146,0.661136,-0.706627]],[[0.942168,0.334323,-0.0233946],[0.319184,-0.916403,-0.241509],[-0.102181,0.220075,-0.970116]]],"btipPosition":[43.3326,250.307,37.668],"carpPosition":[31.1713,292.553,87.3012],"dipPosition":[41.413,254.442,19.4432],"direction":[0.252146,-0.661136,0.706627],"extended":false,"handId":401,"id":4012,"length":66.986,"mcpPosition":[20.4601,313.647,21.6893],"pipPosition":[34.2451,273.236,-0.644596],"stabilizedTipPosition":[50.1417,231.851,78.0709],"timeVisible":0.497035,"tipPosition":[43.0421,250.902,32.8078],"tipVelocity":[4.10425,60.4563,-74.1372],"tool":false,"touchDistance":0.333333,"touchZone":"none","type":2,"width":18.9914},{"bases":[[[0.971928,0.224628,0.0699806],[-0.234569,0.902102,0.3622],[0.0182306,-0.368448,0.92947]],[[0.971194,0.23355,0.0472843],[-0.0645356,0.448815,-0.891291],[-0.229383,0.862566,0.450959]],[[0.971194,0.23355,0.0472843],[0.199401,-0.687898,-0.69788],[-0.130463,0.687205,-0.714652]],[[0.971194,0.23355,0.0472843],[0.237964,-0.940243,-0.243548],[-0.0124217,0.247784,-0.968736]]],"btipPosition":[55.194,258.655,45.8372],"carpPosition":[42.245,297.769,86.2984],"dipPosition":[54.962,263.283,27.7429],"direction":[0.130463,-0.687205,0.714652],"extended":false,"handId":401,"id":4013,"length":64.4088,"mcpPosition":[41.1034,320.842,28.0942],"pipPosition":[51.349,282.314,7.95166],"stabilizedTipPosition":[63.1119,240.846,84.9111],"timeVisible":0.497035,"tipPosition":[55.2226,259.471,41.5283],"tipVelocity":[2.32762,61.2057,-90.9766],"tool":false,"touchDistance":0.333333,"touchZone":"none","type":3,"width":18.0715},{"bases":[[[0.992814,0.0283125,0.116272],[-0.0780048,0.889939,0.449359],[-0.0907524,-0.4552,0.885752]],[[0.979896,-0.0145804,0.198977],[0.17494,0.542276,-0.821786],[-0.0959185,0.840074,0.533925]],[[0.979896,-0.0145804,0.198977],[0.143818,-0.63961,-0.755126],[0.138278,0.768561,-0.624654]],[[0.979896,-0.0145804,0.198977],[0.0543692,-0.940064,-0.336635],[0.191959,0.340685,-0.920372]]],"btipPosition":[59.0046,272.194,43.0606],"carpPosition":[56.3648,296.401,85.2056],"dipPosition":[62.3124,278.065,27.2012],"direction":[-0.138278,-0.768561,0.624654],"extended":false,"handId":401,"id":4014,"length":50.4953,"mcpPosition":[61.6255,322.788,33.8608],"pipPosition":[65.0161,293.093,14.9874],"stabilizedTipPosition":[67.5218,253.977,84.5988],"timeVisible":0.497035,"tipPosition":[59.65,273.515,38.9402],"tipVelocity":[7.49862,58.1106,-91.1189],"tool":false,"touchDistance":0.333333,"touchZone":"none","type":4,"width":16.0525}],"r":[[0.818844,0.51748,0.248414],[-0.531354,0.84705,-0.0130213],[-0.217157,-0.121333,0.968567]],"s":1.53904,"t":[-56.7155,92.9052,-173.764],"timestamp":521347651692},false],[2,{"currentFrameRate":106.765,"devices":[],"gestures":[],"hands":[{"armBasis":[[0.748649,0.642528,-0.16335],[-0.321351,0.567207,0.758294],[0.579879,-0.515203,0.631116]],"armWidth":63.7005,"confidence":0.732493,"direction":[-0.188829,0.431006,-0.88237],"elbow":[201.483,145.993,261.116],"grabStrength":0,"id":401,"palmNormal":[0.418795,-0.777383,-0.469347],"palmPosition":[29.8096,301.474,40.8495],"palmVelocity":[0.785572,61.4534,-118.905],"palmWidth":90.9622,"pinchStrength":0.028031,"r":[[0.817233,0.51947,0.24956],[-0.53228,0.846362,-0.0186835],[-0.220924,-0.117567,0.968179]],"s":1.54119,"sphereCenter":[32.6389,276.693,3.57365],"sphereRadius":50.4668,"stabilizedPalmPosition":[51.0513,265.122,127.726],"t":[-56.6736,93.531,-174.766],"timeVisible":0.50634,"type":"right","wrist":[44.9634,285.055,90.7668]}],"id":4104993,"interactionBox":{"center":[0,200,0],"size":[235.247,235.247,147.751]},"pointables":[{"bases":[[[-0.0540068,0.963777,0.261182],[-0.82844,-0.189274,0.527126],[0.557467,-0.187906,0.808654]],[[-0.141392,0.98136,0.130159],[-0.727246,-0.192174,0.658925],[0.671655,-0.00149105,0.740862]],[[-0.141392,0.98136,0.130159],[-0.921361,-0.178542,0.345278],[0.362081,-0.0711041,0.929431]],[[-0.141392,0.98136,0.130159],[-0.837264,-0.0483928,-0.544654],[-0.528203,-0.185987,0.828499]]],"btipPosition":[-8.68378,268.98,-0.277351],"carpPosition":[24.8169,262.13,87.7572],"dipPosition":[-21.0418,264.628,19.1066],"direction":[-0.362081,0.0711041,-0.929431],"extended":true,"handId":401,"id":4010,"length":52.1005,"mcpPosition":[24.8169,262.13,87.7572],"pipPosition":[-8.70026,262.205,50.7864],"stabilizedTipPosition":[2.84243,238.904,81.3851],"timeVisible":0.50634,"tipPosition":[-10.6844,267.749,3.80591],"tipVelocity":[-6.91964,50.2032,-108.371],"tool":false,"touchDistance":-0.474059,"touchZone":"hovering","type":0,"width":20.2438},{"bases":[[[0.843916,0.524022,-0.11492],[-0.463898,0.820399,0.334281],[0.269451,-0.228795,0.935441]],[[0.878151,0.475616,0.0513871],[-0.453256,0.792855,0.407357],[0.153003,-0.381012,0.911822]],[[0.878151,0.475616,0.0513871],[-0.46895,0.834626,0.288937],[0.0945338,-0.277828,0.955968]],[[0.878151,0.475616,0.0513871],[-0.476233,0.85897,0.188077],[0.0453122,-0.189632,0.980809]]],"btipPosition":[-7.67451,328.774,-60.0482],"carpPosition":[21.7723,285.631,87.7646],"dipPosition":[-6.90056,325.535,-43.2956],"direction":[-0.0945338,0.277828,-0.955968],"extended":true,"handId":401,"id":4011,"length":58.7895,"mcpPosition":[1.95502,302.458,18.9656],"pipPosition":[-4.61634,318.822,-20.1965],"stabilizedTipPosition":[-1.56562,288.095,22.7556],"timeVisible":0.50634,"tipPosition":[-6.8125,326.398,-56.6555],"tipVelocity":[13.5333,67.811,-124.954],"tool":false,"touchDistance":-0.511569,"touchZone":"hovering","type":1,"width":19.3369},{"bases":[[[0.939197,0.340705,-0.0427733],[-0.308517,0.891958,0.330497],[0.150754,-0.297205,0.942837]],[[0.942292,0.334071,-0.0219788],[-0.171179,0.424335,-0.889178],[-0.287722,0.841627,0.457033]],[[0.942292,0.334071,-0.0219788],[0.223737,-0.677196,-0.700961],[-0.249055,0.655593,-0.71286]],[[0.942292,0.334071,-0.0219788],[0.320157,-0.918353,-0.23265],[-0.097906,0.212188,-0.972312]]],"btipPosition":[43.3695,251.094,37.1321],"carpPosition":[31.1007,293.543,86.3832],"dipPosition":[41.5302,255.08,18.866],"direction":[0.249055,-0.655593,0.71286],"extended":false,"handId":401,"id":4012,"length":66.986,"mcpPosition":[20.5861,314.272,20.6234],"pipPosition":[34.4502,273.717,-1.39904],"stabilizedTipPosition":[50.0711,232.048,77.6281],"timeVisible":0.50634,"tipPosition":[43.1042,251.648,32.2599],"tipVelocity":[4.62487,66.2301,-69.7552],"tool":false,"touchDistance":0.333333,"touchZone":"none","type":2,"width":18.9914},{"bases":[[[0.971712,0.22504,0.0716475],[-0.235665,0.904092,0.356483],[0.0154472,-0.363284,0.93155]],[[0.971049,0.233801,0.0489918],[-0.0617499,0.4438,-0.893996],[-0.230759,0.865089,0.445389]],[[0.971049,0.233801,0.0489918],[0.201644,-0.692309,-0.692855],[-0.128072,0.682675,-0.719411]],[[0.971049,0.233801,0.0489918],[0.238703,-0.941848,-0.236525],[-0.0091569,0.241372,-0.970389]]],"btipPosition":[55.2349,259.448,45.2047],"carpPosition":[42.1773,298.753,85.3847],"dipPosition":[55.0639,263.957,27.0795],"direction":[0.128072,-0.682675,0.719411],"extended":false,"handId":401,"id":4013,"length":64.4088,"mcpPosition":[41.21,321.502,27.0502],"pipPosition":[51.5171,282.862,7.15646],"stabilizedTipPosition":[63.0319,241.045,84.4678],"timeVisible":0.50634,"tipPosition":[55.28,260.232,40.8852],"tipVelocity":[3.33681,67.1592,-84.6969],"tool":false,"touchDistance":0.333333,"touchZone":"none","type":3,"width":18.0715},{"bases":[[[0.99246,0.0289851,0.11909],[-0.0793622,0.892417,0.444178],[-0.0934033,-0.45028,0.887988]],[[0.97958,-0.0127536,0.200647],[0.175619,0.540123,-0.823058],[-0.0978774,0.841489,0.531334]],[[0.97958,-0.0127536,0.200647],[0.145844,-0.641864,-0.752822],[0.13839,0.766713,-0.626897]],[[0.97958,-0.0127536,0.200647],[0.0558501,-0.941446,-0.332506],[0.193139,0.336922,-0.92151]]],"btipPosition":[59.1405,272.939,42.2223],"carpPosition":[56.3003,297.379,84.3419],"dipPosition":[62.4686,278.744,26.3432],"direction":[-0.138389,-0.766713,0.626897],"extended":false,"handId":401,"id":4014,"length":50.4953,"mcpPosition":[61.7147,323.481,32.8674],"pipPosition":[65.1745,293.736,14.0856],"stabilizedTipPosition":[67.446,254.178,84.1412],"timeVisible":0.50634,"tipPosition":[59.7722,274.243,38.1665],"tipVelocity":[9.64751,63.8339,-90.9668],"tool":false,"touchDistance":0.333333,"touchZone":"none","type":4,"width":16.0525}],"r":[[0.817233,0.51947,0.24956],[-0.53228,0.846362,-0.0186835],[-0.220924,-0.117567,0.968179]],"s":1.54119,"t":[-56.6736,93.531,-174.766],"timestamp":521347660997},false],[3,{"currentFrameRate":107.073,"devices":[],"gestures":[],"hands":[{"armBasis":[[0.748969,0.643437,-0.158222],[-0.324994,0.56482,0.758523],[0.577429,-0.516689,0.632146]],"armWidth":63.7005,"confidence":0.746693,"direction":[-0.185978,0.429322,-0.883796],"elbow":[200.608,146.403,260.581],"grabStrength":0,"id":401,"palmNormal":[0.422917,-0.776924,-0.466401],"palmPosition":[29.7782,302.178,39.9462],"palmVelocity":[-0.388018,66.5024,-114.609],"palmWidth":90.9622,"pinchStrength":0.0213834,"r":[[0.815443,0.521558,0.251058],[-0.533424,0.84551,-0.0239227],[-0.224749,-0.114413,0.967676]],"s":1.54307,"sphereCenter":[32.6908,277.424,2.73964],"sphereRadius":50.4829,"stabilizedPalmPosition":[51.0112,265.192,127.56],"t":[-56.6684,94.196,-175.719],"timeVisible":0.515117,"type":"right","wrist":[44.7499,285.866,89.9533]}],"id":4104994,"interactionBox":{"center":[0,200,0],"size":[235.247,235.247,147.751]},"pointables":[{"bases":[[[-0.0576813,0.963985,0.259624],[-0.830308,-0.190716,0.523656],[0.554311,-0.185363,0.811406]],[[-0.141171,0.980953,0.133423],[-0.729182,-0.194189,0.65619],[0.6696,-0.00465416,0.742707]],[[-0.141171,0.980953,0.133423],[-0.921757,-0.179409,0.343769],[0.361159,-0.0744528,0.929527]],[[-0.141171,0.980953,0.133423],[-0.836544,-0.0461322,-0.545954],[-0.5294,-0.188687,0.827123]]],"btipPosition":[-8.66197,270.07,-1.21323],"carpPosition":[24.6767,262.885,86.8845],"dipPosition":[-21.048,265.655,18.1385],"direction":[-0.361159,0.0744528,-0.929527],"extended":true,"handId":401,"id":4010,"length":52.1005,"mcpPosition":[24.6767,262.885,86.8845],"pipPosition":[-8.7379,263.117,49.8216],"stabilizedTipPosition":[2.81991,238.951,81.2625],"timeVisible":0.515117,"tipPosition":[-10.6838,268.666,2.87754],"tipVelocity":[-4.58912,69.6419,-108.129],"tool":false,"touchDistance":-0.469136,"touchZone":"hovering","type":0,"width":20.2438},{"bases":[[[0.843062,0.526059,-0.11184],[-0.467524,0.81964,0.331076],[0.265835,-0.22683,0.936953]],[[0.876721,0.477834,0.05508],[-0.456414,0.790297,0.4088],[0.151809,-0.383543,0.91096]],[[0.876721,0.477834,0.05508],[-0.471931,0.832404,0.29049],[0.0929574,-0.280673,0.955291]],[[0.876721,0.477834,0.05508],[-0.47904,0.857084,0.189544],[0.0433624,-0.192563,0.980326]]],"btipPosition":[-7.48706,329.604,-61.0161],"carpPosition":[21.5712,286.378,86.8462],"dipPosition":[-6.74641,326.315,-44.2718],"direction":[-0.0929574,0.280673,-0.955291],"extended":true,"handId":401,"id":4011,"length":58.7895,"mcpPosition":[2.01981,303.06,17.936],"pipPosition":[-4.50028,319.533,-21.1891],"stabilizedTipPosition":[-1.59749,288.321,22.3126],"timeVisible":0.515117,"tipPosition":[-6.63455,327.246,-57.6228],"tipVelocity":[15.4016,74.6424,-121.069],"tool":false,"touchDistance":-0.503294,"touchZone":"hovering","type":1,"width":19.3369},{"bases":[[[0.938492,0.343089,-0.0390172],[-0.312314,0.891598,0.327892],[0.147284,-0.295539,0.943909]],[[0.941554,0.336388,-0.0178797],[-0.167631,0.421841,-0.891039],[-0.292192,0.841958,0.453575]],[[0.941554,0.336388,-0.0178797],[0.229365,-0.679061,-0.697329],[-0.246714,0.652472,-0.716528]],[[0.941554,0.336388,-0.0178797],[0.323786,-0.918373,-0.227493],[-0.0929462,0.208408,-0.973616]]],"btipPosition":[43.4516,251.891,36.4655],"carpPosition":[30.8851,294.312,85.4959],"dipPosition":[41.7055,255.806,18.1749],"direction":[0.246714,-0.652472,0.716528],"extended":false,"handId":401,"id":4012,"length":66.986,"mcpPosition":[20.6125,314.925,19.6614],"pipPosition":[34.692,274.354,-2.19439],"stabilizedTipPosition":[49.9907,232.286,77.1084],"timeVisible":0.515117,"tipPosition":[43.2141,252.427,31.582],"tipVelocity":[6.5529,72.3261,-71.5922],"tool":false,"touchDistance":0.333333,"touchZone":"none","type":2,"width":18.9914},{"bases":[[[0.970793,0.227663,0.075706],[-0.23961,0.903956,0.354189],[0.012201,-0.361984,0.932104]],[[0.970215,0.236339,0.0531728],[-0.0587419,0.442475,-0.894855],[-0.235017,0.865078,0.443179]],[[0.970215,0.236339,0.0531728],[0.206709,-0.693242,-0.690426],[-0.126313,0.680852,-0.721447]],[[0.970215,0.236339,0.0531728],[0.242195,-0.941821,-0.233053],[-0.00500025,0.23899,-0.971009]]],"btipPosition":[55.2772,260.259,44.4921],"carpPosition":[41.9525,299.55,84.5401],"dipPosition":[55.1838,264.723,26.3553],"direction":[0.126313,-0.680852,0.721447],"extended":false,"handId":401,"id":4013,"length":64.4088,"mcpPosition":[41.1885,322.217,26.1709],"pipPosition":[51.6858,283.578,6.37591],"stabilizedTipPosition":[62.9457,241.269,83.9784],"timeVisible":0.515117,"tipPosition":[55.3444,261.028,40.1675],"tipVelocity":[4.28186,73.6201,-83.8356],"tool":false,"touchDistance":0.333333,"touchZone":"none","type":3,"width":18.0715},{"bases":[[[0.991836,0.0317271,0.123508],[-0.083674,0.892806,0.442601],[-0.0962263,-0.449322,0.888172]],[[0.978927,-0.00938281,0.203994],[0.176434,0.541843,-0.821752],[-0.102822,0.840427,0.532081]],[[0.978927,-0.00938281,0.203994],[0.150723,-0.640804,-0.752764],[0.137783,0.767647,-0.625886]],[[0.978927,-0.00938281,0.203994],[0.0601322,-0.941409,-0.331864],[0.195155,0.337137,-0.921006]]],"btipPosition":[59.2393,273.731,41.3775],"carpPosition":[56.0836,298.211,83.5626],"dipPosition":[62.6022,279.54,25.5072],"direction":[-0.137783,-0.767647,0.625886],"extended":false,"handId":401,"id":4014,"length":50.4953,"mcpPosition":[61.6616,324.257,32.0775],"pipPosition":[65.2962,294.55,13.2693],"stabilizedTipPosition":[67.3698,254.393,83.6654],"timeVisible":0.515117,"tipPosition":[59.8655,275.032,37.3862],"tipVelocity":[10.3261,70.9543,-92.3238],"tool":false,"touchDistance":0.333333,"touchZone":"none","type":4,"width":16.0525}],"r":[[0.815443,0.521558,0.251058],[-0.533424,0.84551,-0.0239227],[-0.224749,-0.114413,0.967676]],"s":1.54307,"t":[-56.6684,94.196,-175.719],"timestamp":521347669774},false],[4,{"currentFrameRate":107.217,"devices":[],"gestures":[],"hands":[{"armBasis":[[0.749406,0.643904,-0.1542],[-0.329958,0.565105,0.756164],[0.574036,-0.515795,0.635955]],"armWidth":63.7005,"confidence":0.764791,"direction":[-0.183097,0.429671,-0.884227],"elbow":[199.509,147.404,260.816],"grabStrength":0,"id":401,"palmNormal":[0.426342,-0.775747,-0.46524],"palmPosition":[29.7728,302.949,39.1043],"palmVelocity":[-0.444498,71.6285,-108.604],"palmWidth":90.9622,"pinchStrength":0.0154151,"r":[[0.813593,0.523501,0.253009],[-0.53462,0.844614,-0.0284284],[-0.228577,-0.112135,0.967046]],"s":1.54464,"sphereCenter":[32.7431,278.274,1.90534],"sphereRadius":50.4932,"stabilizedPalmPosition":[50.9594,265.284,127.344],"t":[-56.6685,94.914,-176.616],"timeVisible":0.524182,"type":"right","wrist":[44.5663,286.626,89.1608]}],"id":4104995,"interactionBox":{"center":[0,200,0],"size":[235.247,235.247,147.751]},"pointables":[{"bases":[[[-0.0606015,0.963667,0.260141],[-0.832126,-0.19271,0.520027],[0.551265,-0.184955,0.813571]],[[-0.139388,0.98026,0.140219],[-0.730587,-0.197388,0.653667],[0.668441,-0.0113287,0.743679]],[[-0.139388,0.98026,0.140219],[-0.922829,-0.179942,0.340599],[0.359107,-0.0819224,0.929694]],[[-0.139388,0.98026,0.140219],[-0.835318,-0.0403501,-0.548284],[-0.531803,-0.193551,0.824453]]],"btipPosition":[-8.60475,271.495,-2.09957],"carpPosition":[24.5499,263.609,85.9898],"dipPosition":[-21.0471,266.967,17.1897],"direction":[-0.359107,0.0819224,-0.929694],"extended":true,"handId":401,"id":4010,"length":52.1005,"mcpPosition":[24.5499,263.609,85.9898],"pipPosition":[-8.80683,264.175,48.8785],"stabilizedTipPosition":[2.78068,239.038,81.0457],"timeVisible":0.524182,"tipPosition":[-10.68,269.885,1.98367],"tipVelocity":[-1.97158,93.0496,-105.707],"tool":false,"touchDistance":-0.464066,"touchZone":"hovering","type":0,"width":20.2438},{"bases":[[[0.842519,0.527749,-0.107898],[-0.470464,0.818486,0.329763],[0.262345,-0.22707,0.937877]],[[0.875606,0.479357,0.0594182],[-0.458968,0.78734,0.411636],[0.150538,-0.387702,0.909409]],[[0.875606,0.479357,0.0594182],[-0.474351,0.830143,0.293007],[0.0911291,-0.284744,0.954262]],[[0.875606,0.479357,0.0594182],[-0.481281,0.855374,0.191582],[0.0410114,-0.196347,0.979676]]],"btipPosition":[-7.26285,330.682,-61.8707],"carpPosition":[21.3998,287.096,85.9571],"dipPosition":[-6.56236,327.328,-45.1374],"direction":[-0.0911291,0.284744,-0.954262],"extended":true,"handId":401,"id":4011,"length":58.7895,"mcpPosition":[2.1051,303.796,16.9789],"pipPosition":[-4.36041,320.448,-22.0796],"stabilizedTipPosition":[-1.63571,288.61,21.7548],"timeVisible":0.524182,"tipPosition":[-6.42527,328.346,-58.4785],"tipVelocity":[17.6982,86.4048,-113.743],"tool":false,"touchDistance":-0.494154,"touchZone":"hovering","type":1,"width":19.3369},{"bases":[[[0.937992,0.344903,-0.0348202],[-0.315379,0.890742,0.327285],[0.143897,-0.29601,0.944284]],[[0.941,0.338136,-0.0135058],[-0.164532,0.422273,-0.891412],[-0.295715,0.841041,0.452993]],[[0.941,0.338136,-0.0135058],[0.233771,-0.678383,-0.696525],[-0.244682,0.652273,-0.717405]],[[0.941,0.338136,-0.0135058],[0.32653,-0.917734,-0.226146],[-0.0888628,0.208393,-0.974]]],"btipPosition":[43.5422,252.711,35.6557],"carpPosition":[30.7042,295.049,84.6521],"dipPosition":[41.8728,256.626,17.3578],"direction":[0.244682,-0.652273,0.717405],"extended":false,"handId":401,"id":4012,"length":66.986,"mcpPosition":[20.6678,315.694,18.7914],"pipPosition":[34.917,275.168,-3.03636],"stabilizedTipPosition":[49.8942,232.587,76.4636],"timeVisible":0.524182,"tipPosition":[43.3266,253.25,30.782],"tipVelocity":[8.0406,77.3294,-76.5442],"tool":false,"touchDistance":0.333333,"touchZone":"none","type":2,"width":18.9914},{"bases":[[[0.970032,0.229447,0.079946],[-0.24281,0.903217,0.353896],[0.00899194,-0.362702,0.931862]],[[0.969537,0.238089,0.0575501],[-0.0558402,0.443602,-0.894483],[-0.238496,0.86402,0.443383]],[[0.969537,0.238089,0.0575501],[0.210994,-0.69243,-0.689944],[-0.124419,0.681068,-0.721572]],[[0.969537,0.238089,0.0575501],[0.244943,-0.941357,-0.232056],[-0.00107481,0.239083,-0.970998]]],"btipPosition":[55.3208,261.102,43.708],"carpPosition":[41.7656,300.308,83.7467],"dipPosition":[55.3007,265.568,25.5714],"direction":[0.124419,-0.681068,0.721572],"extended":false,"handId":401,"id":4013,"length":64.4088,"mcpPosition":[41.2025,323.021,25.3927],"pipPosition":[51.8551,284.429,5.58857],"stabilizedTipPosition":[62.8433,241.549,83.3819],"timeVisible":0.524182,"tipPosition":[55.4077,261.869,39.3939],"tipVelocity":[4.94143,78.9895,-84.5687],"tool":false,"touchDistance":0.333333,"touchZone":"none","type":3,"width":18.0715},{"bases":[[[0.991249,0.0335134,0.127681],[-0.0872236,0.892293,0.442951],[-0.0990843,-0.450211,0.887408]],[[0.978325,-0.00710157,0.206952],[0.177236,0.545544,-0.819127],[-0.107085,0.838052,0.534979]],[[0.978325,-0.00710157,0.206952],[0.15492,-0.638053,-0.754247],[0.137403,0.76996,-0.623123]],[[0.978325,-0.00710157,0.206952],[0.0636639,-0.940691,-0.333238],[0.197045,0.33919,-0.91985]]],"btipPosition":[59.3501,274.572,40.5101],"carpPosition":[55.9031,298.998,82.8273],"dipPosition":[62.7454,280.417,24.6597],"direction":[-0.137403,-0.76996,0.623123],"extended":false,"handId":401,"id":4014,"length":50.4953,"mcpPosition":[61.6468,325.095,31.3865],"pipPosition":[65.4321,295.471,12.4759],"stabilizedTipPosition":[67.2839,254.648,83.1097],"timeVisible":0.524182,"tipPosition":[59.9692,275.878,36.5893],"tipVelocity":[11.0755,77.2373,-93.114],"tool":false,"touchDistance":0.333333,"touchZone":"none","type":4,"width":16.0525}],"r":[[0.813593,0.523501,0.253009],[-0.53462,0.844614,-0.0284284],[-0.228577,-0.112135,0.967046]],"s":1.54464,"t":[-56.6685,94.914,-176.616],"timestamp":521347678839},false],[5,{"currentFrameRate":107.346,"devices":[],"gestures":[],"hands":[{"armBasis":[[0.74371,0.651972,-0.147742],[-0.333362,0.55326,0.763396],[0.579453,-0.518494,0.628807]],"armWidth":63.7005,"confidence":0.766226,"direction":[-0.178603,0.426961,-0.886457],"elbow":[200.591,147.51,257.769],"grabStrength":0,"id":401,"palmNormal":[0.434139,-0.774302,-0.460412],"palmPosition":[29.6916,303.606,37.8419],"palmVelocity":[-2.79687,71.8187,-117.026],"palmWidth":90.9622,"pinchStrength":0.0114816,"r":[[0.811138,0.526042,0.255607],[-0.536434,0.843289,-0.0331914],[-0.23301,-0.110193,0.966211]],"s":1.54591,"sphereCenter":[32.7906,278.917,0.743431],"sphereRadius":50.5051,"stabilizedPalmPosition":[50.9002,265.391,127.095],"t":[-56.7092,95.6013,-177.696],"timeVisible":0.533261,"type":"right","wrist":[44.1869,287.46,88.0429]}],"id":4104996,"interactionBox":{"center":[0,200,0],"size":[235.247,235.247,147.751]},"pointables":[{"bases":[[[-0.0678552,0.963821,0.257768],[-0.835054,-0.196249,0.513975],[0.545967,-0.180375,0.818159]],[[-0.140828,0.979338,0.145134],[-0.732471,-0.201691,0.650236],[0.666074,-0.0147347,0.74574]],[[-0.140828,0.979338,0.145134],[-0.92514,-0.182376,0.332949],[0.352539,-0.0873806,0.931709]],[[-0.140828,0.979338,0.145134],[-0.828769,-0.0364232,-0.558405],[-0.541581,-0.198922,0.816774]]],"btipPosition":[-8.26269,272.696,-3.31818],"carpPosition":[24.3212,264.328,84.7631],"dipPosition":[-20.9338,268.042,15.7914],"direction":[-0.352539,0.0873806,-0.931709],"extended":true,"handId":401,"id":4010,"length":52.1005,"mcpPosition":[24.3212,264.328,84.7631],"pipPosition":[-8.9174,265.064,47.5489],"stabilizedTipPosition":[2.72275,239.173,80.7138],"timeVisible":0.533261,"tipPosition":[-10.4585,270.867,0.702011],"tipVelocity":[7.39289,103.012,-114.854],"tool":false,"touchDistance":-0.464892,"touchZone":"hovering","type":0,"width":20.2438},{"bases":[[[0.840441,0.532134,-0.102438],[-0.477446,0.816539,0.324515],[0.25633,-0.223827,0.940317]],[[0.872528,0.484154,0.0654953],[-0.465565,0.783302,0.411931],[0.148135,-0.389914,0.908858]],[[0.872528,0.484154,0.0654953],[-0.480618,0.826511,0.293064],[0.0877556,-0.287185,0.953847]],[[0.872528,0.484154,0.0654953],[-0.487178,0.852107,0.191235],[0.0367781,-0.198766,0.979357]]],"btipPosition":[-6.91966,331.34,-63.3082],"carpPosition":[21.0436,287.797,84.6599],"dipPosition":[-6.29147,327.945,-46.5804],"direction":[-0.0877556,0.287185,-0.953847],"extended":true,"handId":401,"id":4011,"length":58.7895,"mcpPosition":[2.19128,304.259,15.5022],"pipPosition":[-4.17103,321.005,-23.5326],"stabilizedTipPosition":[-1.6741,288.923,21.1482],"timeVisible":0.533261,"tipPosition":[-6.08358,329.014,-59.9171],"tipVelocity":[22.7524,82.2645,-126.116],"tool":false,"touchDistance":-0.494653,"touchZone":"hovering","type":1,"width":19.3369},{"bases":[[[0.936341,0.349952,-0.0282671],[-0.322742,0.889635,0.323091],[0.138214,-0.2934,0.945946]],[[0.939235,0.343207,-0.00680284],[-0.1599,0.419882,-0.893382],[-0.303758,0.840183,0.449247]],[[0.939235,0.343207,-0.00680284],[0.24292,-0.678525,-0.693249],[-0.242544,0.649471,-0.720666]],[[0.939235,0.343207,-0.00680284],[0.333281,-0.91646,-0.221416],[-0.0822262,0.205695,-0.975156]]],"btipPosition":[43.7509,253.45,34.5935],"carpPosition":[30.3143,295.798,83.4109],"dipPosition":[42.2061,257.314,16.274],"direction":[0.242544,-0.649471,0.720666],"extended":false,"handId":401,"id":4012,"length":66.986,"mcpPosition":[20.6744,316.262,17.4344],"pipPosition":[35.3112,275.777,-4.21292],"stabilizedTipPosition":[49.7942,232.922,75.7543],"timeVisible":0.533261,"tipPosition":[43.5712,253.979,29.7308],"tipVelocity":[13.0472,78.1047,-87.8845],"tool":false,"touchDistance":0.333333,"touchZone":"none","type":2,"width":18.9914},{"bases":[[[0.968122,0.234895,0.0869697],[-0.25045,0.902557,0.350235],[0.00377337,-0.360852,0.932615]],[[0.967758,0.243426,0.0647247],[-0.0512001,0.441707,-0.895697],[-0.246625,0.863504,0.439929]],[[0.967758,0.243426,0.0647247],[0.220239,-0.693068,-0.686405],[-0.12223,0.678529,-0.724333]],[[0.967758,0.243426,0.0647247],[0.251822,-0.940722,-0.227218],[0.00557713,0.236191,-0.971691]]],"btipPosition":[55.4138,261.942,42.7383],"carpPosition":[41.3535,301.116,82.5805],"dipPosition":[55.518,266.353,24.5888],"direction":[0.12223,-0.678529,0.724333],"extended":false,"handId":401,"id":4013,"length":64.4088,"mcpPosition":[41.1173,323.713,24.1793],"pipPosition":[52.133,285.144,4.52946],"stabilizedTipPosition":[62.7316,241.872,82.7063],"timeVisible":0.533261,"tipPosition":[55.5351,262.692,38.4212],"tipVelocity":[7.27955,82.3438,-90.8113],"tool":false,"touchDistance":0.333333,"touchZone":"none","type":3,"width":18.0715},{"bases":[[[0.990036,0.0391722,0.135253],[-0.0954987,0.892655,0.440508],[-0.103478,-0.449036,0.887502]],[[0.976889,-0.000969921,0.213747],[0.179502,0.546647,-0.817897],[-0.116051,0.837363,0.534187]],[[0.976889,-0.000969921,0.213747],[0.164018,-0.637835,-0.752506],[0.137065,0.770173,-0.622934]],[[0.976889,-0.000969921,0.213747],[0.0714492,-0.940987,-0.330814],[0.201454,0.338441,-0.91917]]],"btipPosition":[59.4539,275.42,39.4626],"carpPosition":[55.5047,299.881,81.7727],"dipPosition":[62.9253,281.252,23.6239],"direction":[-0.137065,-0.770173,0.622934],"extended":false,"handId":401,"id":4014,"length":50.4953,"mcpPosition":[61.5031,325.911,30.3265],"pipPosition":[65.6053,296.311,11.4438],"stabilizedTipPosition":[67.1925,254.936,82.495],"timeVisible":0.533261,"tipPosition":[60.0845,276.714,35.5821],"tipVelocity":[11.7089,81.6339,-99.1897],"tool":false,"touchDistance":0.333333,"touchZone":"none","type":4,"width":16.0525}],"r":[[0.811138,0.526042,0.255607],[-0.536434,0.843289,-0.0331914],[-0.23301,-0.110193,0.966211]],"s":1.54591,"t":[-56.7092,95.6013,-177.696],"timestamp":521347687918},false],[6,{"currentFrameRate":107.522,"devices":[],"gestures":[],"hands":[{"armBasis":[[0.74355,0.653285,-0.14266],[-0.337841,0.551132,0.762966],[0.577058,-0.519107,0.630501]],"armWidth":63.7005,"confidence":0.773471,"direction":[-0.175999,0.426631,-0.887136],"elbow":[199.813,147.856,257.534],"grabStrength":0,"id":401,"palmNormal":[0.438416,-0.772919,-0.458681],"palmPosition":[29.7307,304.087,37.0902],"palmVelocity":[-0.838358,66.8079,-107.887],"palmWidth":90.9622,"pinchStrength":0.00811371,"r":[[0.808625,0.528542,0.258398],[-0.53833,0.841902,-0.0374377],[-0.237333,-0.10883,0.965313]],"s":1.54712,"sphereCenter":[32.7771,279.493,0.0290546],"sphereRadius":50.5231,"stabilizedPalmPosition":[50.8354,265.509,126.82],"t":[-56.71,96.1854,-178.611],"timeVisible":0.542243,"type":"right","wrist":[44.0548,287.973,87.3505]}],"id":4104997,"interactionBox":{"center":[0,200,0],"size":[235.247,235.247,147.751]},"pointables":[{"bases":[[[-0.0718128,0.96356,0.257673],[-0.836702,-0.19882,0.510295],[0.54293,-0.17895,0.82049]],[[-0.141141,0.978582,0.149852],[-0.733036,-0.20504,0.648549],[0.665385,-0.0183103,0.746276]],[[-0.141141,0.978582,0.149852],[-0.925961,-0.184044,0.329733],[0.35025,-0.0922187,0.932105]],[[-0.141141,0.978582,0.149852],[-0.825137,-0.0326449,-0.563988],[-0.547017,-0.203251,0.812072]]],"btipPosition":[-8.07258,273.595,-4.03218],"carpPosition":[24.2718,264.783,83.9793],"dipPosition":[-20.8708,268.84,14.9674],"direction":[-0.35025,0.0922187,-0.932105],"extended":true,"handId":401,"id":4010,"length":52.1005,"mcpPosition":[24.2718,264.783,83.9793],"pipPosition":[-8.9325,265.697,46.7384],"stabilizedTipPosition":[2.64205,239.369,80.2417],"timeVisible":0.542243,"tipPosition":[-10.3294,271.661,-0.0543356],"tipVelocity":[10.2754,101.512,-105.933],"tool":false,"touchDistance":-0.457826,"touchZone":"hovering","type":0,"width":20.2438},{"bases":[[[0.839309,0.534627,-0.0986672],[-0.481255,0.815058,0.322606],[0.252893,-0.223282,0.941377]],[[0.87087,0.486504,0.0699976],[-0.468708,0.779123,0.416269],[0.147979,-0.395324,0.906543]],[[0.87087,0.486504,0.0699976],[-0.483712,0.823039,0.297707],[0.0872247,-0.293123,0.952088]],[[0.87087,0.486504,0.0699976],[-0.490206,0.849317,0.195854],[0.0358336,-0.204877,0.978132]]],"btipPosition":[-6.74926,332.225,-64.0163],"carpPosition":[20.9256,288.242,83.8668],"dipPosition":[-6.13721,328.725,-47.3095],"direction":[-0.0872247,0.293123,-0.952088],"extended":true,"handId":401,"id":4011,"length":58.7895,"mcpPosition":[2.32601,304.664,14.6312],"pipPosition":[-4.0296,321.643,-24.3042],"stabilizedTipPosition":[-1.71606,289.285,20.4566],"timeVisible":0.542243,"tipPosition":[-5.90883,329.878,-60.64],"tipVelocity":[21.6026,85.9968,-113.305],"tool":false,"touchDistance":-0.484216,"touchZone":"hovering","type":1,"width":19.3369},{"bases":[[[0.935421,0.352712,-0.0241176],[-0.326762,0.888609,0.32187],[0.134959,-0.293203,0.946477]],[[0.938259,0.345924,-0.0024958],[-0.157234,0.420022,-0.893789],[-0.308135,0.838998,0.44848]],[[0.938259,0.345924,-0.0024958],[0.248039,-0.677759,-0.692185],[-0.241135,0.64883,-0.721716]],[[0.938259,0.345924,-0.0024958],[0.33697,-0.915558,-0.219558],[-0.0782354,0.205161,-0.975596]]],"btipPosition":[43.9374,253.994,33.8805],"carpPosition":[30.178,296.271,82.6599],"dipPosition":[42.4677,257.848,15.5527],"direction":[0.241135,-0.64883,0.721716],"extended":false,"handId":401,"id":4012,"length":66.986,"mcpPosition":[20.7651,316.721,16.6463],"pipPosition":[35.6128,276.293,-4.96405],"stabilizedTipPosition":[49.6948,233.274,75.0151],"timeVisible":0.542243,"tipPosition":[43.7797,254.523,29.0363],"tipVelocity":[15.6915,73.2325,-85.6117],"tool":false,"touchDistance":0.333333,"touchZone":"none","type":2,"width":18.9914},{"bases":[[[0.967039,0.237723,0.0912323],[-0.254627,0.901739,0.349332],[0.00077654,-0.361048,0.932547]],[[0.96675,0.246204,0.0691299],[-0.0485416,0.44209,-0.895656],[-0.251075,0.862519,0.439342]],[[0.96675,0.246204,0.0691299],[0.22538,-0.692581,-0.685227],[-0.120827,0.678023,-0.725042]],[[0.96675,0.246204,0.0691299],[0.255548,-0.94016,-0.225377],[0.00950446,0.23555,-0.971816]]],"btipPosition":[55.5396,262.529,42.0889],"carpPosition":[41.2051,301.622,81.8786],"dipPosition":[55.7171,266.929,23.9371],"direction":[0.120827,-0.678023,0.725042],"extended":false,"handId":401,"id":4013,"length":64.4088,"mcpPosition":[41.1564,324.231,23.4817],"pipPosition":[52.371,285.706,3.8581],"stabilizedTipPosition":[62.6149,242.226,81.9753],"timeVisible":0.542243,"tipPosition":[55.6816,263.273,37.7758],"tipVelocity":[9.63644,77.6147,-85.7534],"tool":false,"touchDistance":0.333333,"touchZone":"none","type":3,"width":18.0715},{"bases":[[[0.989319,0.0420548,0.139569],[-0.100042,0.892272,0.440276],[-0.106018,-0.449536,0.886948]],[[0.976041,0.00207564,0.217575],[0.180812,0.548514,-0.816357],[-0.121037,0.836139,0.534998]],[[0.976041,0.00207564,0.217575],[0.169021,-0.636941,-0.752156],[0.137021,0.77091,-0.622031]],[[0.976041,0.00207564,0.217575],[0.075591,-0.940905,-0.330126],[0.204032,0.338663,-0.91852]]],"btipPosition":[59.5923,276.021,38.7967],"carpPosition":[55.3632,300.428,81.1322],"dipPosition":[63.1081,281.857,22.9692],"direction":[-0.137021,-0.77091,0.622032],"extended":false,"handId":401,"id":4014,"length":50.4953,"mcpPosition":[61.5088,326.487,29.718],"pipPosition":[65.7872,296.931,10.8067],"stabilizedTipPosition":[67.0977,255.249,81.8342],"timeVisible":0.542243,"tipPosition":[60.2314,277.306,34.9413],"tipVelocity":[13.0342,77.6277,-92.2452],"tool":false,"touchDistance":0.333333,"touchZone":"none","type":4,"width":16.0525}],"r":[[0.808625,0.528542,0.258398],[-0.53833,0.841902,-0.0374377],[-0.237333,-0.10883,0.965313]],"s":1.54712,"t":[-56.71,96.1854,-178.611],"timestamp":521347696900},false],[7,{"currentFrameRate":