{"sensorType":"Leap","data":[[0,{"currentFrameRate":108.812,"devices":[],"gestures":[],"hands":[{"armBasis":[[0.858122,0.429116,-0.281932],[-0.208797,0.793294,0.571916],[0.469074,-0.431907,0.770342]],"armWidth":63.7005,"confidence":0.729666,"direction":[-0.189474,0.446367,-0.87456],"elbow":[187.446,198.202,301.683],"grabStrength":0,"id":407,"palmNormal":[0.230289,-0.845649,-0.481503],"palmPosition":[44.3275,332.996,44.9003],"palmVelocity":[17.8897,-45.2635,-179.718],"palmWidth":90.9622,"pinchStrength":0.632577,"r":[[0.960959,0.22387,0.162602],[-0.263002,0.9216,0.285454],[-0.0859492,-0.317074,0.944498]],"s":0.972469,"sphereCenter":[54.9063,303.762,6.9911],"sphereRadius":48.494,"stabilizedPalmPosition":[62.2936,311.863,154.594],"t":[-35.1517,81.225,-186.711],"timeVisible":0.677797,"type":"right","wrist":[60.8351,314.782,93.7539]}],"id":4108191,"interactionBox":{"center":[0,200,0],"size":[235.247,235.247,147.751]},"pointables":[{"bases":[[[0.141138,0.961227,0.236903],[-0.797218,-0.0315254,0.602868],[0.586961,-0.273951,0.761858]],[[-0.102098,0.991291,-0.0831744],[-0.799259,-0.0319648,0.600136],[0.592251,0.12775,0.795562]],[[-0.102098,0.991291,-0.0831744],[-0.98907,-0.0922154,0.115053],[0.106381,0.0940119,0.989871]],[[-0.102098,0.991291,-0.0831744],[-0.621116,-0.128835,-0.773056],[-0.77704,-0.0272662,0.628861]]],"btipPosition":[21.7662,286.843,5.03043],"carpPosition":[36.767,295.785,93.1839],"dipPosition":[3.58627,286.205,19.7435],"direction":[-0.106381,-0.0940119,-0.989871],"extended":false,"handId":407,"id":4070,"length":52.1005,"mcpPosition":[36.767,295.785,93.1839],"pipPosition":[7.21227,289.41,53.4835],"stabilizedTipPosition":[30.967,272.523,115.921],"timeVisible":0.677797,"tipPosition":[17.2136,287.699,8.31689],"tipVelocity":[20.8007,-52.0247,-187.792],"tool":false,"touchDistance":-0.51457,"touchZone":"hovering","type":0,"width":20.2438},{"bases":[[[0.909135,0.363425,-0.20346],[-0.279222,0.894279,0.349716],[0.309045,-0.261128,0.914496]],[[0.952589,0.30382,-0.0163438],[-0.299789,0.946413,0.120121],[0.0519631,-0.109526,0.992625]],[[0.952589,0.30382,-0.0163438],[-0.303889,0.952705,-0.00189021],[0.0149965,0.0067673,0.999865]],[[0.952589,0.30382,-0.0163438],[-0.304001,0.948195,-0.0922489],[-0.01253,0.0928439,0.995602]]],"btipPosition":[12.8251,341.609,-58.2785],"carpPosition":[37.9346,319.449,92.7776],"dipPosition":[12.6111,343.195,-41.2732],"direction":[-0.0149965,-0.0067673,-0.999865],"extended":true,"handId":407,"id":4071,"length":58.7895,"mcpPosition":[15.2052,338.654,25.519],"pipPosition":[12.9735,343.358,-17.1135],"stabilizedTipPosition":[18.5332,326.482,53.0267],"timeVisible":0.677797,"tipPosition":[12.9938,341.493,-54.3637],"tipVelocity":[37.9736,-30.6259,-185.75],"tool":false,"touchDistance":-0.53797,"touchZone":"hovering","type":1,"width":19.3369},{"bases":[[[0.97672,0.166991,-0.134654],[-0.114649,0.936895,0.330276],[0.18131,-0.30715,0.93423]],[[0.972226,0.174109,-0.156406],[-0.223947,0.497873,-0.837837],[-0.0680048,0.849593,0.523036]],[[0.972226,0.174109,-0.156406],[-0.011579,-0.631674,-0.775148],[-0.233758,0.75543,-0.612114]],[[0.972226,0.174109,-0.156406],[0.112192,-0.933189,-0.341426],[-0.205402,0.314396,-0.926804]]],"btipPosition":[49.4831,278.653,34.8065],"carpPosition":[48.3481,325.55,90.3566],"dipPosition":[45.6244,284.56,17.3953],"direction":[0.233758,-0.75543,0.612114],"extended":false,"handId":407,"id":4072,"length":66.986,"mcpPosition":[35.7023,346.973,25.1972],"pipPosition":[38.9792,306.035,-0.00570803],"stabilizedTipPosition":[65.5503,240.036,175.282],"timeVisible":0.677797,"tipPosition":[48.591,279.804,30.6081],"tipVelocity":[-1.62324,-44.4555,-177.873],"tool":false,"touchDistance":0.333333,"touchZone":"none","type":2,"width":18.9914},{"bases":[[[0.998601,0.0488662,-0.020219],[-0.0387359,0.936163,0.349425],[0.0360034,-0.348153,0.936746]],[[0.998259,0.051821,-0.0281731],[-0.0493534,0.472263,-0.880075],[-0.0323012,0.879933,0.473998]],[[0.998259,0.051821,-0.0281731],[0.0144942,-0.678505,-0.734453],[-0.0571756,0.732766,-0.678074]],[[0.998259,0.051821,-0.0281731],[0.0413868,-0.955697,-0.291428],[-0.042027,0.289755,-0.956178]]],"btipPosition":[61.5894,285.48,45.0487],"carpPosition":[60.0328,328.686,88.2421],"dipPosition":[60.8044,290.892,27.1889],"direction":[0.0571756,-0.732766,0.678074],"extended":false,"handId":407,"id":4073,"length":64.4088,"mcpPosition":[57.7782,350.488,29.5822],"pipPosition":[59.221,311.185,8.41064],"stabilizedTipPosition":[80.584,251.788,173.358],"timeVisible":0.677797,"tipPosition":[61.3795,286.534,40.6109],"tipVelocity":[0.776468,-45.9476,-168.326],"tool":false,"touchDistance":0.333333,"touchZone":"none","type":3,"width":18.0715},{"bases":[[[0.988637,-0.147115,0.0308797],[0.120388,0.897906,0.423404],[-0.090016,-0.414875,0.905415]],[[0.988994,-0.145433,0.0272116],[0.100274,0.523597,-0.846045],[0.108795,0.839462,0.532417]],[[0.988994,-0.145433,0.0272116],[-0.0709358,-0.627472,-0.775401],[0.129843,0.764937,-0.630882]],[[0.988994,-0.145433,0.0272116],[-0.126674,-0.927322,-0.352175],[0.0764516,0.344852,-0.935539]]],"btipPosition":[71.0521,298.277,43.1589],"carpPosition":[73.536,324.8,86.0074],"dipPosition":[72.3695,304.219,27.0382],"direction":[-0.129843,-0.764937,0.630882],"extended":false,"handId":407,"id":4074,"length":50.4953,"mcpPosition":[78.754,348.849,33.5227],"pipPosition":[74.9083,319.176,14.7027],"stabilizedTipPosition":[89.5895,272.184,155.475],"timeVisible":0.677797,"tipPosition":[71.4174,299.589,39.3204],"tipVelocity":[5.66999,-53.803,-170.923],"tool":false,"touchDistance":0.333333,"touchZone":"none","type":4,"width":16.0525}],"r":[[0.960959,0.22387,0.162602],[-0.263002,0.9216,0.285454],[-0.0859492,-0.317074,0.944498]],"s":0.972469,"t":[-35.1517,81.225,-186.711],"timestamp":521382217438},false],[1,{"currentFrameRate":108.871,"devices":[],"gestures":[],"hands":[{"armBasis":[[0.856429,0.430783,-0.284528],[-0.208212,0.792528,0.57319],[0.472417,-0.431654,0.768438]],"armWidth":63.7005,"confidence":0.748509,"direction":[-0.187892,0.447316,-0.874417],"elbow":[188.456,198.025,299.912],"grabStrength":0,"id":407,"palmNormal":[0.229758,-0.845555,-0.481921],"palmPosition":[44.5147,332.811,43.6393],"palmVelocity":[18.6448,-38.372,-168.424],"palmWidth":90.9622,"pinchStrength":0.634011,"r":[[0.961342,0.221124,0.164088],[-0.260771,0.922481,0.284651],[-0.0884253,-0.316437,0.944483]],"s":0.971898,"sphereCenter":[55.2786,303.622,5.68629],"sphereRadius":48.4947,"stabilizedPalmPosition":[62.2934,311.864,154.592],"t":[-34.9716,80.9068,-188.155],"timeVisible":0.686876,"type":"right","wrist":[60.9425,314.536,92.4971]}],"id":4108192,"interactionBox":{"center":[0,200,0],"size":[235.247,235.247,147.751]},"pointables":[{"bases":[[[0.142099,0.960853,0.237842],[-0.797952,-0.0309876,0.601924],[0.585731,-0.275319,0.762312]],[[-0.101304,0.991365,-0.0832594],[-0.801694,-0.0317929,0.596888],[0.589087,0.127216,0.797993]],[[-0.101304,0.991365,-0.0832594],[-0.989252,-0.0915102,0.114044],[0.10544,0.0939177,0.989981]],[[-0.101304,0.991365,-0.0832594],[-0.620633,-0.128384,-0.773519],[-0.77753,-0.0266872,0.62828]]],"btipPosition":[22.0514,286.646,3.61916],"carpPosition":[36.8508,295.571,91.8841],"dipPosition":[3.86,286.021,18.3187],"direction":[-0.10544,-0.0939177,-0.989981],"extended":false,"handId":407,"id":4070,"length":52.1005,"mcpPosition":[36.8508,295.571,91.8841],"pipPosition":[7.45395,289.222,52.0624],"stabilizedTipPosition":[30.9631,272.527,115.889],"timeVisible":0.686876,"tipPosition":[17.4777,287.476,6.94159],"tipVelocity":[23.6557,-43.5596,-178.939],"tool":false,"touchDistance":-0.512662,"touchZone":"hovering","type":0,"width":20.2438},{"bases":[[[0.909835,0.362421,-0.202119],[-0.278477,0.894354,0.350116],[0.307655,-0.262263,0.91464]],[[0.952974,0.302672,-0.0151813],[-0.298725,0.94662,0.121138],[0.0510361,-0.110906,0.99252]],[[0.952974,0.302672,-0.0151813],[-0.302721,0.953079,-0.000937205],[0.0141853,0.00548882,0.999884]],[[0.952974,0.302672,-0.0151813],[-0.302763,0.948676,-0.0913708],[-0.0132533,0.0916703,0.995701]]],"btipPosition":[13.1137,341.588,-59.5661],"carpPosition":[38.0493,319.234,91.4982],"dipPosition":[12.8874,343.153,-42.5591],"direction":[-0.0141853,-0.00548882,-0.999884],"extended":true,"handId":407,"id":4071,"length":58.7895,"mcpPosition":[15.4221,338.523,24.2291],"pipPosition":[13.2301,343.286,-18.3989],"stabilizedTipPosition":[18.533,326.483,53.0223],"timeVisible":0.686876,"tipPosition":[13.2827,341.467,-55.652],"tipVelocity":[36.1768,-22.95,-173.586],"tool":false,"touchDistance":-0.531814,"touchZone":"hovering","type":1,"width":19.3369},{"bases":[[[0.977088,0.165845,-0.133394],[-0.113827,0.936775,0.330901],[0.179839,-0.308136,0.93419]],[[0.97265,0.172954,-0.155045],[-0.222264,0.499173,-0.837511],[-0.0674563,0.849066,0.523962]],[[0.97265,0.172954,-0.155045],[-0.0111772,-0.63188,-0.774985],[-0.232006,0.755523,-0.612665]],[[0.97265,0.172954,-0.155045],[0.111784,-0.933666,-0.340254],[-0.203608,0.313617,-0.927463]]],"btipPosition":[49.601,278.533,33.5303],"carpPosition":[48.4733,325.324,89.0942],"dipPosition":[45.776,284.425,16.1067],"direction":[0.232006,-0.755523,0.612665],"extended":false,"handId":407,"id":4072,"length":66.986,"mcpPosition":[35.9302,346.815,23.9376],"pipPosition":[39.1806,305.902,-1.30992],"stabilizedTipPosition":[65.5501,240.036,175.28],"timeVisible":0.686876,"tipPosition":[48.7205,279.667,29.3277],"tipVelocity":[2.65567,-35.9296,-167.638],"tool":false,"touchDistance":0.333333,"touchZone":"none","type":2,"width":18.9914},{"bases":[[[0.998685,0.0475997,-0.0190292],[-0.0379371,0.93593,0.350136],[0.0344764,-0.348954,0.936505]],[[0.998337,0.0507157,-0.0273963],[-0.0485065,0.48239,-0.874612],[-0.0311409,0.874487,0.484048]],[[0.998337,0.0507157,-0.0273963],[0.0137486,-0.671068,-0.741268],[-0.0559787,0.739659,-0.670649]],[[0.998337,0.0507157,-0.0273963],[0.0403063,-0.953967,-0.29719],[-0.0412073,0.295591,-0.954425]]],"btipPosition":[61.7164,285.234,43.1301],"carpPosition":[60.1644,328.446,86.9957],"dipPosition":[60.9467,290.755,25.303],"direction":[0.0559787,-0.739659,0.670649],"extended":false,"handId":407,"id":4073,"length":64.4088,"mcpPosition":[58.0055,350.298,28.3509],"pipPosition":[59.3964,311.238,6.73039],"stabilizedTipPosition":[80.5837,251.788,173.356],"timeVisible":0.686876,"tipPosition":[61.5127,286.35,38.9607],"tipVelocity":[4.53896,-39.9792,-179.991],"tool":false,"touchDistance":0.333333,"touchZone":"none","type":3,"width":18.0715},{"bases":[[[0.988411,-0.148409,0.0318996],[0.121053,0.897409,0.424268],[-0.0915923,-0.415489,0.904975]],[[0.988751,-0.146834,0.0284714],[0.102182,0.524132,-0.845484],[0.109223,0.838883,0.533241]],[[0.988751,-0.146834,0.0284714],[-0.0708032,-0.627174,-0.775654],[0.131749,0.764913,-0.630516]],[[0.988751,-0.146834,0.0284714],[-0.127538,-0.927135,-0.352355],[0.0781347,0.344761,-0.935433]]],"btipPosition":[71.1913,298.079,41.9124],"carpPosition":[73.6653,324.545,84.7734],"dipPosition":[72.5377,304.02,25.7934],"direction":[-0.131749,-0.764913,0.630516],"extended":false,"handId":407,"id":4074,"length":50.4953,"mcpPosition":[78.9746,348.63,32.3143],"pipPosition":[75.1138,318.976,13.4651],"stabilizedTipPosition":[89.5889,272.185,155.471],"timeVisible":0.686876,"tipPosition":[71.5639,299.386,38.0727],"tipVelocity":[8.54583,-44.9436,-161.611],"tool":false,"touchDistance":0.333333,"touchZone":"none","type":4,"width":16.0525}],"r":[[0.961342,0.221124,0.164088],[-0.260771,0.922481,0.284651],[-0.0884253,-0.316437,0.944483]],"s":0.971898,"t":[-34.9716,80.9068,-188.155],"timestamp":521382226517},false],[2,{"currentFrameRate":108.998,"devices":[],"gestures":[],"hands":[{"armBasis":[[0.857059,0.431256,-0.281902],[-0.211145,0.79309,0.571337],[0.469966,-0.430147,0.770782]],"armWidth":63.7005,"confidence":0.764663,"direction":[-0.184897,0.446854,-0.875291],"elbow":[187.653,198.651,299.328],"grabStrength":0,"id":407,"palmNormal":[0.232189,-0.84557,-0.480729],"palmPosition":[44.5449,333,42.3533],"palmVelocity":[14.4749,-22.1363,-161.678],"palmWidth":90.9622,"pinchStrength":0.635914,"r":[[0.961484,0.219077,0.165991],[-0.259332,0.923166,0.283744],[-0.0910752,-0.315863,0.944424]],"s":0.971275,"sphereCenter":[55.6583,303.84,4.43497],"sphereRadius":48.5118,"stabilizedPalmPosition":[62.2932,311.864,154.591],"t":[-34.8664,80.8419,-189.52],"timeVisible":0.695823,"type":"right","wrist":[60.8006,314.755,91.2799]}],"id":4108193,"interactionBox":{"center":[0,200,0],"size":[235.247,235.247,147.751]},"pointables":[{"bases":[[[0.140508,0.961044,0.238018],[-0.800205,-0.031336,0.598907],[0.583034,-0.274614,0.764629]],[[-0.102592,0.991066,-0.0852202],[-0.806102,-0.032637,0.590876],[0.582816,0.129316,0.802249]],[[-0.102592,0.991066,-0.0852202],[-0.989466,-0.0928783,0.111044],[0.102136,0.0957147,0.990155]],[[-0.102592,0.991066,-0.0852202],[-0.617723,-0.130626,-0.775471],[-0.779675,-0.026915,0.625606]]],"btipPosition":[22.4013,286.686,2.16204],"carpPosition":[36.7249,295.772,90.5827],"dipPosition":[4.1597,286.056,16.799],"direction":[-0.102136,-0.0957147,-0.990155],"extended":false,"handId":407,"id":4070,"length":52.1005,"mcpPosition":[36.7249,295.772,90.5827],"pipPosition":[7.64104,289.318,50.5486],"stabilizedTipPosition":[30.9602,272.531,115.863],"timeVisible":0.695823,"tipPosition":[17.7912,287.499,5.51181],"tipVelocity":[27.5247,-30.4694,-174.986],"tool":false,"touchDistance":-0.511802,"touchZone":"hovering","type":0,"width":20.2438},{"bases":[[[0.910334,0.362999,-0.198805],[-0.280443,0.894284,0.348722],[0.304374,-0.2617,0.915898]],[[0.952782,0.303422,-0.0118844],[-0.299882,0.946375,0.120186],[0.0477141,-0.110947,0.99268]],[[0.952782,0.303422,-0.0118844],[-0.303464,0.952841,-0.0018569],[0.0107605,0.0053757,0.999928]],[[0.952782,0.303422,-0.0118844],[-0.303193,0.948451,-0.0922725],[-0.0167257,0.0915189,0.995663]]],"btipPosition":[13.4984,341.755,-60.9716],"carpPosition":[37.9079,319.436,90.1925],"dipPosition":[13.2128,343.318,-43.9653],"direction":[-0.0107605,-0.0053757,-0.999928],"extended":true,"handId":407,"id":4071,"length":58.7895,"mcpPosition":[15.522,338.683,22.8308],"pipPosition":[13.4728,343.448,-19.8041],"stabilizedTipPosition":[18.5328,326.483,53.0184],"timeVisible":0.695823,"tipPosition":[13.6583,341.634,-57.0575],"tipVelocity":[37.6235,-11.5893,-169.085],"tool":false,"touchDistance":-0.528051,"touchZone":"hovering","type":1,"width":19.3369},{"bases":[[[0.977468,0.166497,-0.129753],[-0.115752,0.936817,0.330115],[0.176518,-0.307658,0.93498]],[[0.973124,0.173568,-0.151341],[-0.219397,0.499119,-0.838299],[-0.0699645,0.848973,0.523784]],[[0.973124,0.173568,-0.151341],[-0.00753171,-0.632858,-0.774231],[-0.230159,0.754562,-0.614542]],[[0.973124,0.173568,-0.151341],[0.114082,-0.934241,-0.337903],[-0.200038,0.311556,-0.928933]]],"btipPosition":[49.6973,278.778,32.2962],"carpPosition":[48.3367,325.532,87.8257],"dipPosition":[45.9393,284.631,14.8451],"direction":[0.230159,-0.754562,0.614542],"extended":false,"handId":407,"id":4072,"length":66.986,"mcpPosition":[36.0251,346.99,22.6139],"pipPosition":[39.3964,306.082,-2.62497],"stabilizedTipPosition":[65.5499,240.037,175.279],"timeVisible":0.695823,"tipPosition":[48.8368,279.891,28.0898],"tipVelocity":[5.33992,-18.8933,-159.716],"tool":false,"touchDistance":0.333333,"touchZone":"none","type":2,"width":18.9914},{"bases":[[[0.998716,0.0483098,-0.0152622],[-0.0399346,0.936033,0.349638],[0.0311768,-0.34858,0.93676]],[[0.998389,0.0514951,-0.0238271],[-0.0458475,0.484739,-0.873457],[-0.0334288,0.873142,0.486319]],[[0.998389,0.0514951,-0.0238271],[0.0168582,-0.670179,-0.742008],[-0.0541782,0.740411,-0.669968]],[[0.998389,0.0514951,-0.0238271],[0.0421323,-0.954083,-0.296563],[-0.0380046,0.295081,-0.954716]]],"btipPosition":[61.7844,285.475,41.7739],"carpPosition":[60.0334,328.662,85.7703],"dipPosition":[61.0746,290.986,23.9415],"direction":[0.0541782,-0.740411,0.669968],"extended":false,"handId":407,"id":4073,"length":64.4088,"mcpPosition":[58.0811,350.491,27.1096],"pipPosition":[59.5742,311.491,5.38768],"stabilizedTipPosition":[80.5834,251.789,173.354],"timeVisible":0.695823,"tipPosition":[61.596,286.585,37.6654],"tipVelocity":[5.79789,-21.76,-172.266],"tool":false,"touchDistance":0.333333,"touchZone":"none","type":3,"width":18.0715},{"bases":[[[0.98839,-0.147688,0.0357011],[0.118801,0.897654,0.424386],[-0.0947238,-0.415217,0.904777]],[[0.988693,-0.146332,0.0327482],[0.105718,0.525332,-0.844305],[0.106345,0.83822,0.534862]],[[0.988693,-0.146332,0.0327482],[-0.0670675,-0.626861,-0.776239],[0.134117,0.765266,-0.629587]],[[0.988693,-0.146332,0.0327482],[-0.125584,-0.927378,-0.352418],[0.0819399,0.344321,-0.93527]]],"btipPosition":[71.2428,298.312,40.6728],"carpPosition":[73.5453,324.769,83.6007],"dipPosition":[72.6547,304.246,24.5567],"direction":[-0.134117,-0.765266,0.629587],"extended":false,"handId":407,"id":4074,"length":50.4953,"mcpPosition":[79.0362,348.839,31.153],"pipPosition":[75.2771,319.209,12.2465],"stabilizedTipPosition":[89.5884,272.186,155.468],"timeVisible":0.695823,"tipPosition":[71.6319,299.61,36.8653],"tipVelocity":[8.24337,-25.6033,-155.288],"tool":false,"touchDistance":0.333333,"touchZone":"none","type":4,"width":16.0525}],"r":[[0.961484,0.219077,0.165991],[-0.259332,0.923166,0.283744],[-0.0910752,-0.315863,0.944424]],"s":0.971275,"t":[-34.8664,80.8419,-189.52],"timestamp":521382235464},false],[3,{"currentFrameRate":109.011,"devices":[],"gestures":[],"hands":[{"armBasis":[[0.858896,0.430208,-0.277883],[-0.211295,0.791907,0.57292],[0.466533,-0.433364,0.771066]],"armWidth":63.7005,"confidence":0.782122,"direction":[-0.182309,0.446953,-0.875784],"elbow":[186.721,197.986,297.927],"grabStrength":0,"id":407,"palmNormal":[0.232612,-0.84582,-0.480083],"palmPosition":[44.6787,333.214,40.8339],"palmVelocity":[14.5142,-9.44829,-162.897],"palmWidth":90.9622,"pinchStrength":0.641018,"r":[[0.961548,0.217267,0.167989],[-0.25815,0.923763,0.282878],[-0.0937221,-0.315367,0.94433]],"s":0.970763,"sphereCenter":[55.9584,304.063,2.93696],"sphereRadius":48.526,"stabilizedPalmPosition":[62.2931,311.864,154.59],"t":[-34.7469,80.9167,-190.962],"timeVisible":0.704973,"type":"right","wrist":[60.7958,314.958,89.8023]}],"id":4108194,"interactionBox":{"center":[0,200,0],"size":[235.247,235.247,147.751]},"pointables":[{"bases":[[[0.140793,0.960934,0.238292],[-0.801722,-0.0305565,0.596915],[0.580877,-0.275085,0.7661]],[[-0.101763,0.991089,-0.0859446],[-0.808923,-0.0321526,0.587035],[0.579041,0.129261,0.804987]],[[-0.101763,0.991089,-0.0859446],[-0.989761,-0.0921762,0.108982],[0.100089,0.096155,0.990321]],[[-0.101763,0.991089,-0.0859446],[-0.616161,-0.130621,-0.776714],[-0.781019,-0.0260851,0.623963]]],"btipPosition":[22.6706,286.879,0.522068],"carpPosition":[36.7046,295.997,89.0466],"dipPosition":[4.39756,286.269,15.1206],"direction":[-0.100089,-0.096155,-0.990321],"extended":false,"handId":407,"id":4070,"length":52.1005,"mcpPosition":[36.7046,295.997,89.0466],"pipPosition":[7.8091,289.547,48.8759],"stabilizedTipPosition":[30.958,272.533,115.843],"timeVisible":0.704973,"tipPosition":[18.0454,287.665,3.88914],"tipVelocity":[27.8356,-15.9537,-176.437],"tool":false,"touchDistance":-0.513687,"touchZone":"hovering","type":0,"width":20.2438},{"bases":[[[0.911158,0.362151,-0.196567],[-0.280493,0.894568,0.347953],[0.301854,-0.261905,0.916674]],[[0.953065,0.30261,-0.00970821],[-0.299338,0.946602,0.119758],[0.0454299,-0.111231,0.992756]],[[0.953065,0.30261,-0.00970821],[-0.302644,0.953101,-0.00218415],[0.00859196,0.00501976,0.99995]],[[0.953065,0.30261,-0.00970821],[-0.302182,0.948748,-0.0925331],[-0.0187908,0.0911237,0.995662]]],"btipPosition":[13.8718,342.022,-62.5674],"carpPosition":[37.9102,319.66,88.6575],"dipPosition":[13.5509,343.578,-45.5612],"direction":[-0.00859196,-0.00501976,-0.99995],"extended":true,"handId":407,"id":4071,"length":58.7895,"mcpPosition":[15.7097,338.922,21.2388],"pipPosition":[13.7585,343.7,-21.3993],"stabilizedTipPosition":[18.5327,326.484,53.0148],"timeVisible":0.704973,"tipPosition":[14.0261,341.901,-58.6533],"tipVelocity":[38.264,-0.287239,-170.567],"tool":false,"touchDistance":-0.527517,"touchZone":"hovering","type":1,"width":19.3369},{"bases":[[[0.977939,0.165593,-0.127331],[-0.115717,0.936949,0.329753],[0.173908,-0.307744,0.935441]],[[0.973689,0.172615,-0.148775],[-0.216992,0.502894,-0.836667],[-0.0696034,0.846937,0.527118]],[[0.973689,0.172615,-0.148775],[-0.00663186,-0.63112,-0.775657],[-0.227785,0.756235,-0.61337]],[[0.973689,0.172615,-0.148775],[0.114049,-0.934339,-0.337644],[-0.197289,0.311793,-0.929442]]],"btipPosition":[49.7564,279.045,30.5702],"carpPosition":[48.3503,325.746,86.3162],"dipPosition":[46.0501,284.902,13.1094],"direction":[0.227785,-0.756235,0.61337],"extended":false,"handId":407,"id":4072,"length":66.986,"mcpPosition":[36.2208,347.211,21.0723],"pipPosition":[39.5747,306.4,-4.32727],"stabilizedTipPosition":[65.5498,240.037,175.278],"timeVisible":0.704973,"tipPosition":[48.9262,280.155,26.4587],"tipVelocity":[6.0149,-5.48504,-167.837],"tool":false,"touchDistance":0.333333,"touchZone":"none","type":2,"width":18.9914},{"bases":[[[0.998794,0.0473958,-0.0127792],[-0.0399494,0.936098,0.349465],[0.0285257,-0.348533,0.936862]],[[0.998476,0.0507231,-0.0217282],[-0.0435515,0.482582,-0.874768],[-0.0338853,0.874381,0.484055]],[[0.998476,0.0507231,-0.0217282],[0.0181226,-0.673349,-0.739102],[-0.0521202,0.737582,-0.673243]],[[0.998476,0.0507231,-0.0217282],[0.0421693,-0.95536,-0.292418],[-0.0355906,0.291056,-0.956044]]],"btipPosition":[61.8904,285.774,40.5035],"carpPosition":[60.055,328.866,84.2897],"dipPosition":[61.2256,291.21,22.6462],"direction":[0.0521202,-0.737582,0.673243],"extended":false,"handId":407,"id":4073,"length":64.4088,"mcpPosition":[58.2687,350.691,25.6225],"pipPosition":[59.7822,311.636,4.00175],"stabilizedTipPosition":[80.5832,251.789,173.353],"timeVisible":0.704973,"tipPosition":[61.7091,286.848,36.3147],"tipVelocity":[7.72298,-7.12984,-163.134],"tool":false,"touchDistance":0.333333,"touchZone":"none","type":3,"width":18.0715},{"bases":[[[0.988162,-0.148588,0.0381735],[0.118564,0.897579,0.42461],[-0.0973557,-0.415058,0.904571]],[[0.988442,-0.147374,0.0355297],[0.108765,0.526154,-0.843405],[0.105602,0.837522,0.536102]],[[0.988442,-0.147374,0.0355297],[-0.0655406,-0.626771,-0.776443],[0.136697,0.76514,-0.629186]],[[0.988442,-0.147374,0.0355297],[-0.125641,-0.927534,-0.351988],[0.084829,0.343456,-0.93533]]],"btipPosition":[71.3448,298.536,39.1875],"carpPosition":[73.5687,324.961,82.154],"dipPosition":[72.8065,304.455,23.0703],"direction":[-0.136697,-0.76514,0.629186],"extended":false,"handId":407,"id":4074,"length":50.4953,"mcpPosition":[79.2122,349.02,29.7183],"pipPosition":[75.4793,319.415,10.768],"stabilizedTipPosition":[89.5881,272.187,155.466],"timeVisible":0.704973,"tipPosition":[71.7448,299.821,35.3972],"tipVelocity":[9.40098,-11.7612,-157.257],"tool":false,"touchDistance":0.333333,"touchZone":"none","type":4,"width":16.0525}],"r":[[0.961548,0.217267,0.167989],[-0.25815,0.923763,0.282878],[-0.0937221,-0.315367,0.94433]],"s":0.970763,"t":[-34.7469,80.9167,-190.962],"timestamp":521382244614},false],[4,{"currentFrameRate":109.102,"devices":[],"gestures":[],"hands":[{"armBasis":[[0.861226,0.428376,-0.273465],[-0.211708,0.791567,0.573238],[0.462027,-0.435793,0.772409]],"armWidth":63.7005,"confidence":0.79205,"direction":[-0.180658,0.446952,-0.876126],"elbow":[185.563,197.34,297.466],"grabStrength":0,"id":407,"palmNormal":[0.233033,-0.845968,-0.479618],"palmPosition":[44.8263,333.227,39.9822],"palmVelocity":[15.0333,-6.46544,-144.145],"palmWidth":90.9622,"pinchStrength":0.64129,"r":[[0.961556,0.215738,0.169903],[-0.257214,0.924267,0.282083],[-0.0961798,-0.31494,0.944226]],"s":0.970283,"sphereCenter":[56.2136,304.073,2.09616],"sphereRadius":48.5303,"stabilizedPalmPosition":[62.293,311.864,154.59],"t":[-34.6134,80.9604,-192.109],"timeVisible":0.713975,"type":"right","wrist":[60.8541,314.968,88.9789]}],"id":4108195,"interactionBox":{"center":[0,200,0],"size":[235.247,235.247,147.751]},"pointables":[{"bases":[[[0.140823,0.960894,0.238436],[-0.802725,-0.0301458,0.595588],[0.579484,-0.275271,0.767088]],[[-0.10108,0.991149,-0.0860665],[-0.810452,-0.0318587,0.584938],[0.577018,0.128878,0.806499]],[[-0.10108,0.991149,-0.0860665],[-0.989926,-0.0915784,0.107981],[0.0991433,0.0961141,0.99042]],[[-0.10108,0.991149,-0.0860665],[-0.615136,-0.130255,-0.777587],[-0.781915,-0.0256557,0.622857]]],"btipPosition":[22.876,286.911,-0.392477],"carpPosition":[36.7558,296.018,88.185],"dipPosition":[4.58197,286.31,14.1802],"direction":[-0.0991433,-0.0961141,-0.99042],"extended":false,"handId":407,"id":4070,"length":52.1005,"mcpPosition":[36.7558,296.018,88.185],"pipPosition":[7.96129,289.586,47.9388],"stabilizedTipPosition":[30.9564,272.535,115.828],"timeVisible":0.713975,"tipPosition":[18.2532,287.668,2.97953],"tipVelocity":[26.3097,-10.5494,-156.064],"tool":false,"touchDistance":-0.504459,"touchZone":"hovering","type":0,"width":20.2438},{"bases":[[[0.911643,0.361729,-0.195089],[-0.280673,0.894725,0.347404],[0.300217,-0.261953,0.917197]],[[0.953194,0.302244,-0.00831744],[-0.299149,0.946716,0.119326],[0.0439397,-0.111252,0.99282]],[[0.953194,0.302244,-0.00831744],[-0.302274,0.953217,-0.00261484],[0.00713801,0.0050066,0.999962]],[[0.953194,0.302244,-0.00831744],[-0.301683,0.948865,-0.0929615],[-0.0202049,0.0911196,0.995635]]],"btipPosition":[14.1779,342.047,-63.4703],"carpPosition":[37.9725,319.68,87.7957],"dipPosition":[13.8328,343.603,-46.4645],"direction":[-0.00713801,-0.0050066,-0.999962],"extended":true,"handId":407,"id":4071,"length":58.7895,"mcpPosition":[15.8924,338.946,20.3385],"pipPosition":[14.0052,343.724,-22.3024],"stabilizedTipPosition":[18.5325,326.484,53.0115],"timeVisible":0.713975,"tipPosition":[14.3283,341.932,-59.5561],"tipVelocity":[36.9221,0.553657,-151.272],"tool":false,"touchDistance":-0.516643,"touchZone":"hovering","type":1,"width":19.3369},{"bases":[[[0.978222,0.165148,-0.125725],[-0.115849,0.937031,0.329474],[0.17222,-0.307733,0.935757]],[[0.974032,0.172137,-0.147076],[-0.215319,0.50341,-0.836789],[-0.0700034,0.846727,0.527402]],[[0.974032,0.172137,-0.147076],[-0.00553143,-0.631306,-0.775514],[-0.226345,0.756189,-0.61396]],[[0.974032,0.172137,-0.147076],[0.114329,-0.934634,-0.336732],[-0.195426,0.311173,-0.930043]]],"btipPosition":[49.8864,279.083,29.7175],"carpPosition":[48.4193,325.762,85.4712],"dipPosition":[46.2151,284.928,12.2455],"direction":[0.226345,-0.756189,0.61396],"extended":false,"handId":407,"id":4072,"length":66.986,"mcpPosition":[36.4075,347.225,20.2053],"pipPosition":[39.7806,306.425,-5.20796],"stabilizedTipPosition":[65.5498,240.037,175.277],"timeVisible":0.713975,"tipPosition":[49.0675,280.187,25.6122],"tipVelocity":[8.57419,-2.91091,-147.835],"tool":false,"touchDistance":0.333333,"touchZone":"none","type":2,"width":18.9914},{"bases":[[[0.998835,0.0469525,-0.0111273],[-0.0401143,0.936148,0.349311],[0.0268178,-0.348458,0.936941]],[[0.998519,0.0504193,-0.0204547],[-0.0423703,0.484673,-0.873668],[-0.0341359,0.873241,0.486092]],[[0.998519,0.0504193,-0.0204547],[0.0187514,-0.671779,-0.740515],[-0.0510772,0.739034,-0.671729]],[[0.998519,0.0504193,-0.0204547],[0.0422099,-0.955019,-0.293526],[-0.034334,0.292228,-0.955732]]],"btipPosition":[62.0298,285.768,39.534],"carpPosition":[60.1287,328.876,83.4638],"dipPosition":[61.3885,291.226,21.6825],"direction":[0.0510772,-0.739034,0.671729],"extended":false,"handId":407,"id":4073,"length":64.4088,"mcpPosition":[58.4493,350.697,24.7917],"pipPosition":[59.974,311.692,3.08],"stabilizedTipPosition":[80.5831,251.789,173.352],"timeVisible":0.713975,"tipPosition":[61.8511,286.859,35.4071],"tipVelocity":[10.0211,-5.19771,-147.868],"tool":false,"touchDistance":0.333333,"touchZone":"none","type":3,"width":18.0715},{"bases":[[[0.988032,-0.149022,0.0398259],[0.118257,0.897566,0.424723],[-0.0990393,-0.41493,0.904447]],[[0.988295,-0.147903,0.0373877],[0.110651,0.526252,-0.843099],[0.105021,0.837367,0.536458]],[[0.988295,-0.147903,0.0373877],[-0.0644653,-0.627009,-0.77634],[0.138265,0.764843,-0.629204]],[[0.988295,-0.147903,0.0373877],[-0.125534,-0.927702,-0.351583],[0.0866847,0.342774,-0.93541]]],"btipPosition":[71.4757,298.556,38.3807],"carpPosition":[73.6442,324.964,81.3509],"dipPosition":[72.9695,304.462,22.2622],"direction":[-0.138265,-0.764843,0.629204],"extended":false,"handId":407,"id":4074,"length":50.4953,"mcpPosition":[79.3853,349.017,28.9224],"pipPosition":[75.6729,319.417,9.95945],"stabilizedTipPosition":[89.5878,272.187,155.464],"timeVisible":0.713975,"tipPosition":[71.8834,299.833,34.593],"tipVelocity":[11.0381,-8.02131,-138.692],"tool":false,"touchDistance":0.333333,"touchZone":"none","type":4,"width":16.0525}],"r":[[0.961556,0.215738,0.169903],[-0.257214,0.924267,0.282083],[-0.0961798,-0.31494,0.944226]],"s":0.970283,"t":[-34.6134,80.9604,-192.109],"timestamp":521382253616},false],[5,{"currentFrameRate":109.195,"devices":[],"gestures":[],"hands":[{"armBasis":[[0.862903,0.42673,-0.27074],[-0.211705,0.791684,0.573077],[0.458889,-0.437193,0.773488]],"armWidth":63.7005,"confidence":0.808138,"direction":[-0.180341,0.447324,-0.876001],"elbow":[184.92,196.855,297.184],"grabStrength":0,"id":407,"palmNormal":[0.232893,-0.845859,-0.479878],"palmPosition":[45.0459,333.142,39.4128],"palmVelocity":[17.6082,-7.28892,-121.972],"palmWidth":90.9622,"pinchStrength":0.63992,"r":[[0.961563,0.214447,0.171492],[-0.256423,0.924663,0.281506],[-0.0982041,-0.31466,0.944111]],"s":0.969975,"sphereCenter":[56.4567,304.013,1.52119],"sphereRadius":48.5313,"stabilizedPalmPosition":[62.2929,311.864,154.589],"t":[-34.4368,80.9397,-192.967],"timeVisible":0.722966,"type":"right","wrist":[61.0579,314.861,88.4063]}],"id":4108196,"interactionBox":{"center":[0,200,0],"size":[235.247,235.247,147.751]},"pointables":[{"bases":[[[0.141049,0.960766,0.238818],[-0.802861,-0.0301328,0.595404],[0.57924,-0.275718,0.767112]],[[-0.100545,0.99126,-0.0854108],[-0.811021,-0.0319305,0.584145],[0.576312,0.128003,0.807143]],[[-0.100545,0.99126,-0.0854108],[-0.989956,-0.0910969,0.108113],[0.0993872,0.0954231,0.990463]],[[-0.100545,0.99126,-0.0854108],[-0.615312,-0.129412,-0.777588],[-0.781845,-0.0256279,0.622946]]],"btipPosition":[23.0997,286.877,-1.01287],"carpPosition":[36.9543,295.917,87.6003],"dipPosition":[4.80734,286.277,13.5619],"direction":[-0.0993872,-0.0954231,-0.990463],"extended":false,"handId":407,"id":4070,"length":52.1005,"mcpPosition":[36.9543,295.917,87.6003],"pipPosition":[8.19497,289.53,47.322],"stabilizedTipPosition":[30.9551,272.536,115.817],"timeVisible":0.722966,"tipPosition":[18.486,287.596,2.37036],"tipVelocity":[25.9301,-8.6834,-132.164],"tool":false,"touchDistance":-0.491645,"touchZone":"hovering","type":0,"width":20.2438},{"bases":[[[0.911789,0.361538,-0.19476],[-0.28049,0.894678,0.347672],[0.299944,-0.262375,0.917166]],[[0.953251,0.302066,-0.00826678],[-0.29895,0.946701,0.119939],[0.0440556,-0.111861,0.992747]],[[0.953251,0.302066,-0.00826678],[-0.30209,0.953278,-0.0018115],[0.00733334,0.00422412,0.999964]],[[0.953251,0.302066,-0.00826678],[-0.301519,0.949008,-0.0920358],[-0.0199556,0.0902258,0.995721]]],"btipPosition":[14.3893,342.038,-64.0422],"carpPosition":[38.1779,319.579,87.2199],"dipPosition":[14.0485,343.579,-47.0349],"direction":[-0.00733334,-0.00422412,-0.999964],"extended":true,"handId":407,"id":4071,"length":58.7895,"mcpPosition":[16.1178,338.876,19.765],"pipPosition":[14.2257,343.681,-22.8727],"stabilizedTipPosition":[18.5324,326.485,53.0081],"timeVisible":0.722966,"tipPosition":[14.546,341.923,-60.1281],"tipVelocity":[33.2751,0.0110398,-127.21],"tool":false,"touchDistance":-0.501885,"touchZone":"touching","type":1,"width":19.3369},{"bases":[[[0.978297,0.164913,-0.125454],[-0.11565,0.936943,0.329792],[0.17193,-0.308126,0.935681]],[[0.974123,0.171895,-0.146756],[-0.214898,0.503212,-0.837017],[-0.0700301,0.846894,0.52713]],[[0.974123,0.171895,-0.146756],[-0.00506582,-0.632535,-0.774515],[-0.225964,0.755216,-0.615296]],[[0.974123,0.171895,-0.146756],[0.114599,-0.935285,-0.334826],[-0.194814,0.309343,-0.930782]]],"btipPosition":[50.0932,279.061,29.2165],"carpPosition":[48.6269,325.659,84.8998],"dipPosition":[46.4334,284.872,11.7305],"direction":[0.225964,-0.755216,0.615296],"extended":false,"handId":407,"id":4072,"length":66.986,"mcpPosition":[36.6353,347.15,19.6392],"pipPosition":[40.0098,306.342,-5.7609],"stabilizedTipPosition":[65.5497,240.037,175.276],"timeVisible":0.722966,"tipPosition":[49.2748,280.149,25.0793],"tipVelocity":[12.6125,-3.00954,-122.664],"tool":false,"touchDistance":0.333333,"touchZone":"none","type":2,"width":18.9914},{"bases":[[[0.998851,0.046669,-0.0108952],[-0.03992,0.936031,0.349645],[0.0265159,-0.348809,0.936819]],[[0.99853,0.0502094,-0.0204099],[-0.0422313,0.484737,-0.87364],[-0.0339715,0.873218,0.486145]],[[0.99853,0.0502094,-0.0204099],[0.0186863,-0.672406,-0.739947],[-0.050876,0.738478,-0.672355]],[[0.99853,0.0502094,-0.0204099],[0.0420613,-0.95536,-0.292435],[-0.0341818,0.291147,-0.956068]]],"btipPosition":[62.2419,285.721,38.9952],"carpPosition":[60.3376,328.77,82.8961],"dipPosition":[61.6035,291.159,21.1375],"direction":[0.050876,-0.738478,0.672355],"extended":false,"handId":407,"id":4073,"length":64.4088,"mcpPosition":[58.6772,350.613,24.2317],"pipPosition":[60.1945,311.61,2.51757],"stabilizedTipPosition":[80.583,251.79,173.351],"timeVisible":0.722966,"tipPosition":[62.0627,286.799,34.8508],"tipVelocity":[13.7633,-5.34273,-123.786],"tool":false,"touchDistance":0.333333,"touchZone":"none","type":3,"width":18.0715},{"bases":[[[0.98798,-0.149321,0.0399838],[0.118424,0.897377,0.425077],[-0.0993534,-0.415233,0.904274]],[[0.988212,-0.148339,0.0378455],[0.111516,0.528138,-0.841804],[0.104884,0.836102,0.538455]],[[0.988212,-0.148339,0.0378455],[-0.0641516,-0.625711,-0.777413],[0.139001,0.765821,-0.627851]],[[0.988212,-0.148339,0.0378455],[-0.125716,-0.927393,-0.352332],[0.087362,0.343421,-0.93511]]],"btipPosition":[71.681,298.479,37.7223],"carpPosition":[73.8525,324.856,80.7847],"dipPosition":[73.1864,304.397,21.609],"direction":[-0.139001,-0.765821,0.627851],"extended":false,"handId":407,"id":4074,"length":50.4953,"mcpPosition":[79.6117,348.926,28.3662],"pipPosition":[75.9042,319.371,9.33271],"stabilizedTipPosition":[89.5876,272.187,155.463],"timeVisible":0.722966,"tipPosition":[72.0901,299.756,33.9705],"tipVelocity":[14.3551,-8.07808,-120.695],"tool":false,"touchDistance":0.333333,"touchZone":"none","type":4,"width":16.0525}],"r":[[0.961563,0.214447,0.171492],[-0.256423,0.924663,0.281506],[-0.0982041,-0.31466,0.944111]],"s":0.969975,"t":[-34.4368,80.9397,-192.967],"timestamp":521382262607},false],[6,{"currentFrameRate":109.262,"devices":[],"gestures":[],"hands":[{"armBasis":[[0.866798,0.422161,-0.265409],[-0.20939,0.791184,0.574616],[0.452568,-0.442502,0.774193]],"armWidth":63.7005,"confidence":0.823407,"direction":[-0.180371,0.448951,-0.875163],"elbow":[183.509,195.063,296.472],"grabStrength":0,"id":407,"palmNormal":[0.230612,-0.845653,-0.481341],"palmPosition":[45.3249,332.886,38.554],"palmVelocity":[21.2659,-13.0826,-114.566],"palmWidth":90.9622,"pinchStrength":0.641162,"r":[[0.961691,0.212966,0.172613],[-0.255344,0.925004,0.281365],[-0.0997467,-0.314662,0.943948]],"s":0.969619,"sphereCenter":[56.7026,303.798,0.59367],"sphereRadius":48.5373,"stabilizedPalmPosition":[62.2928,311.864,154.588],"t":[-34.209,80.8015,-193.825],"timeVisible":0.731998,"type":"right","wrist":[61.3525,314.502,87.5037]}],"id":4108197,"interactionBox":{"center":[0,200,0],"size":[235.247,235.247,147.751]},"pointables":[{"bases":[[[0.143303,0.960129,0.240035],[-0.80227,-0.02932,0.596241],[0.579506,-0.278017,0.766081]],[[-0.0982108,0.991666,-0.0833824],[-0.811081,-0.0312133,0.584101],[0.57663,0.124995,0.807387]],[[-0.0982108,0.991666,-0.0833824],[-0.989995,-0.0888269,0.109635],[0.101315,0.0933155,0.990468]],[[-0.0982108,0.991666,-0.0833824],[-0.617515,-0.126433,-0.776331],[-0.780404,-0.0247543,0.624786]]],"btipPosition":[23.239,286.77,-1.97146],"carpPosition":[37.2088,295.609,86.6971],"dipPosition":[4.98029,286.191,12.6463],"direction":[-0.101315,-0.0933155,-0.990468],"extended":false,"handId":407,"id":4070,"length":52.1005,"mcpPosition":[37.2088,295.609,86.6971],"pipPosition":[8.43361,289.372,46.4066],"stabilizedTipPosition":[30.9541,272.538,115.807],"timeVisible":0.731998,"tipPosition":[18.6484,287.444,1.4428],"tipVelocity":[23.2706,-9.39347,-124.693],"tool":false,"touchDistance":-0.485045,"touchZone":"hovering","type":0,"width":20.2438},{"bases":[[[0.912323,0.359925,-0.195244],[-0.278252,0.89476,0.349257],[0.300403,-0.264309,0.91646]],[[0.95384,0.300177,-0.00909858],[-0.296885,0.947079,0.122066],[0.0452585,-0.11373,0.99248]],[[0.95384,0.300177,-0.00909858],[-0.300183,0.953881,0.000658942],[0.00887676,0.00210272,0.999958]],[[0.95384,0.300177,-0.00909858],[-0.299764,0.94982,-0.089348],[-0.0181782,0.0879511,0.995959]]],"btipPosition":[14.5395,342.04,-64.8535],"carpPosition":[38.4811,319.27,86.3492],"dipPosition":[14.229,343.542,-47.8421],"direction":[-0.00887676,-0.00210272,-0.999958],"extended":true,"handId":407,"id":4071,"length":58.7895,"mcpPosition":[16.3873,338.709,18.9462],"pipPosition":[14.4435,343.593,-23.6801],"stabilizedTipPosition":[18.5323,326.485,53.0048],"timeVisible":0.731998,"tipPosition":[14.7067,341.915,-60.9397],"tipVelocity":[28.9023,-0.183123,-116.885],"tool":false,"touchDistance":-0.492185,"touchZone":"touching","type":1,"width":19.3369},{"bases":[[[0.978499,0.163063,-0.126292],[-0.113345,0.936708,0.331257],[0.172314,-0.30982,0.93505]],[[0.974331,0.170061,-0.147506],[-0.214835,0.506629,-0.834969],[-0.0672649,0.845226,0.530159]],[[0.974331,0.170061,-0.147506],[-0.00738796,-0.630726,-0.775971],[-0.224998,0.757142,-0.613279]],[[0.974331,0.170061,-0.147506],[0.112353,-0.935138,-0.335997],[-0.195078,0.3108,-0.930241]]],"btipPosition":[50.2239,278.849,28.1735],"carpPosition":[48.9401,325.331,84.0264],"dipPosition":[46.5591,284.688,10.6978],"direction":[0.224998,-0.757142,0.613279],"extended":false,"handId":407,"id":4072,"length":66.986,"mcpPosition":[36.9218,346.94,18.8097],"pipPosition":[40.163,306.212,-6.73638],"stabilizedTipPosition":[65.5497,240.037,175.276],"timeVisible":0.731998,"tipPosition":[49.412,279.941,24.0827],"tipVelocity":[13.0899,-8.44875,-120.612],"tool":false,"touchDistance":0.333333,"touchZone":"none","type":2,"width":18.9914},{"bases":[[[0.998933,0.0446131,-0.0119246],[-0.0375948,0.935611,0.351026],[0.0268172,-0.350203,0.93629]],[[0.998597,0.0482802,-0.0217348],[-0.0425601,0.487755,-0.871942],[-0.0314963,0.871644,0.489126]],[[0.998597,0.0482802,-0.0217348],[0.0162688,-0.670433,-0.741792],[-0.0503856,0.740398,-0.670278]],[[0.998597,0.0482802,-0.0217348],[0.0397648,-0.954914,-0.294206],[-0.0349592,0.292929,-0.955495]]],"btipPosition":[62.4309,285.442,37.9451],"carpPosition":[60.6551,328.421,82.0142],"dipPosition":[61.7779,290.914,20.0981],"direction":[0.0503856,-0.740398,0.670278],"extended":false,"handId":407,"id":4073,"length":64.4088,"mcpPosition":[58.9758,350.351,23.383],"pipPosition":[60.3826,311.418,1.53569],"stabilizedTipPosition":[80.5829,251.79,173.35],"timeVisible":0.731998,"tipPosition":[62.2462,286.531,33.8445],"tipVelocity":[15.6334,-12.1337,-121.64],"tool":false,"touchDistance":0.333333,"touchZone":"none","type":3,"width":18.0715},{"bases":[[[0.987711,-0.151426,0.0386862],[0.120751,0.89652,0.426229],[-0.0992252,-0.41632,0.903788]],[[0.987918,-0.15055,0.0367845],[0.112105,0.530314,-0.840357],[0.107008,0.834327,0.540784]],[[0.987918,-0.15055,0.0367845],[-0.0660558,-0.623755,-0.778824],[0.140196,0.766984,-0.626163]],[[0.987918,-0.15055,0.0367845],[-0.128025,-0.926541,-0.353739],[0.0873377,0.344755,-0.934621]]],"btipPosition":[71.8825,298.185,36.7244],"carpPosition":[74.1595,324.481,79.8824],"dipPosition":[73.3875,304.125,20.6195],"direction":[-0.140196,-0.766984,0.626163],"extended":false,"handId":407,"id":4074,"length":50.4953,"mcpPosition":[79.9113,348.614,27.4921],"pipPosition":[76.1287,319.122,8.37622],"stabilizedTipPosition":[89.5875,272.188,155.461],"timeVisible":0.731998,"tipPosition":[72.2901,299.464,32.9992],"tipVelocity":[16.5436,-14.6799,-117.824],"tool":false,"touchDistance":0.333333,"touchZone":"none",