{"sensorType":"Leap","data":[[0,{"currentFrameRate":109.1,"devices":[],"gestures":[],"hands":[{"armBasis":[[0.870776,0.385916,-0.30466],[-0.0845349,0.727913,0.680438],[0.484359,-0.566755,0.666472]],"armWidth":63.7005,"confidence":0.762745,"direction":[-0.161692,0.526989,-0.834349],"elbow":[194.478,129.473,269.681],"grabStrength":0,"id":404,"palmNormal":[0.11376,-0.829884,-0.546215],"palmPosition":[48.0336,305.918,42.954],"palmVelocity":[-10.74,18.4943,-60.3124],"palmWidth":90.9622,"pinchStrength":0.60647,"r":[[0.982274,0.182618,-0.0422819],[-0.16935,0.96126,0.217486],[0.0803607,-0.20647,0.975147]],"s":0.971983,"sphereCenter":[54.4318,277.468,1.97254],"sphereRadius":48.7898,"stabilizedPalmPosition":[57.6176,311.927,216.56],"t":[-26.9835,41.6676,-230.421],"timeVisible":0.940048,"type":"right","wrist":[63.741,282.45,89.7883]}],"id":4106537,"interactionBox":{"center":[0,200,0],"size":[235.247,235.247,147.751]},"pointables":[{"bases":[[[0.261153,0.918837,0.295869],[-0.776682,0.0180048,0.629636],[0.573205,-0.394227,0.718346]],[[0.00320749,0.999691,-0.0246303],[-0.779144,0.0179377,0.626588],[0.626837,0.0171808,0.778961]],[[0.00320749,0.999691,-0.0246303],[-0.971337,0.00896891,0.237537],[0.237684,0.0231624,0.971066]],[[0.00320749,0.999691,-0.0246303],[-0.752608,-0.013805,-0.658324],[-0.658461,0.0206485,0.752331]]],"btipPosition":[13.609,264.335,-0.712011],"carpPosition":[37.5855,266.465,88.8608],"dipPosition":[-1.79661,264.818,16.8899],"direction":[-0.237684,-0.0231624,-0.971066],"extended":false,"handId":404,"id":4040,"length":52.1005,"mcpPosition":[37.5855,266.465,88.8608],"pipPosition":[6.3049,265.608,49.9888],"stabilizedTipPosition":[16.662,279.877,154.264],"timeVisible":0.940048,"tipPosition":[10.1543,263.833,3.08061],"tipVelocity":[-18.77,48.8952,-71.1026],"tool":false,"touchDistance":-0.380817,"touchZone":"touching","type":0,"width":20.2438},{"bases":[[[0.939198,0.269116,-0.21327],[-0.160562,0.893203,0.42001],[0.303525,-0.360229,0.882104]],[[0.97963,0.196206,-0.0427617],[-0.186368,0.967616,0.170254],[0.0747818,-0.158817,0.984472]],[[0.97963,0.196206,-0.0427617],[-0.194827,0.980235,0.0343699],[0.0486601,-0.0253387,0.998494]],[[0.97963,0.196206,-0.0427617],[-0.19872,0.977846,-0.0657877],[0.0289064,0.0729453,0.996917]]],"btipPosition":[14.3312,322.483,-58.2988],"carpPosition":[41.5359,289.802,90.0142],"dipPosition":[14.8249,323.729,-41.271],"direction":[-0.0486601,0.0253387,-0.998494],"extended":true,"handId":404,"id":4041,"length":58.7895,"mcpPosition":[19.2125,316.295,25.1379],"pipPosition":[16.0007,323.117,-17.1444],"stabilizedTipPosition":[22.5132,328.296,99.4378],"timeVisible":0.940048,"tipPosition":[14.0726,322.747,-54.3388],"tipVelocity":[-21.0287,52.312,-50.2323],"tool":false,"touchDistance":-0.365018,"touchZone":"touching","type":1,"width":19.3369},{"bases":[[[0.985089,0.0617342,-0.160589],[0.00723501,0.917716,0.397172],[0.171895,-0.392411,0.903585]],[[0.984325,0.0634552,-0.164552],[-0.167732,0.625138,-0.762279],[0.0544971,0.777931,0.625982]],[[0.984325,0.0634552,-0.164552],[-0.112808,-0.49067,-0.864013],[-0.135567,0.869032,-0.47582]],[[0.984325,0.0634552,-0.164552],[-0.0251615,-0.872958,-0.487146],[-0.174559,0.48365,-0.857678]]],"btipPosition":[45.0387,250.905,24.0661],"carpPosition":[52.5206,294.811,87.6124],"dipPosition":[41.7594,259.991,7.9535],"direction":[0.135567,-0.869032,0.47582],"extended":false,"handId":404,"id":4042,"length":66.986,"mcpPosition":[40.5316,322.18,24.5904],"pipPosition":[37.9056,284.695,-5.57298],"stabilizedTipPosition":[59.4117,262.597,191.591],"timeVisible":0.940048,"tipPosition":[44.2912,253.21,20.7485],"tipVelocity":[-5.97958,24.1341,-103.456],"tool":false,"touchDistance":0.333333,"touchZone":"none","type":2,"width":18.9914},{"bases":[[[0.99628,-0.0660434,-0.0553496],[0.0830726,0.906804,0.413285],[0.0228965,-0.416346,0.908918]],[[0.994911,-0.0517429,-0.0864516],[-0.0410017,0.575857,-0.816521],[0.092033,0.815911,0.570806]],[[0.994911,-0.0517429,-0.0864516],[-0.10066,-0.547312,-0.830853],[-0.00432521,0.835328,-0.549735]],[[0.994911,-0.0517429,-0.0864516],[-0.0849671,-0.892021,-0.443936],[-0.0541461,0.449023,-0.891878]]],"btipPosition":[60.0116,254.822,34.7364],"carpPosition":[64.425,296.713,85.2663],"dipPosition":[59.0002,263.208,18.0776],"direction":[0.00432521,-0.835328,0.549735],"extended":false,"handId":404,"id":4043,"length":64.4088,"mcpPosition":[62.9912,322.785,28.3491],"pipPosition":[58.8805,286.342,2.85349],"stabilizedTipPosition":[76.2102,255.625,217.911],"timeVisible":0.940048,"tipPosition":[59.7508,256.995,31.0204],"tipVelocity":[-1.42859,21.1762,-75.5199],"tool":false,"touchDistance":0.333333,"touchZone":"none","type":3,"width":18.0715},{"bases":[[[0.964722,-0.262703,-0.017301],[0.238714,0.845124,0.478312],[-0.111033,-0.465568,0.87802]],[[0.949464,-0.306491,0.0676814],[0.239504,0.568078,-0.787353],[0.202869,0.763774,0.612775]],[[0.949464,-0.306491,0.0676814],[-0.103108,-0.508226,-0.855029],[0.296456,0.804841,-0.514144]],[[0.949464,-0.306491,0.0676814],[-0.237076,-0.841593,-0.485301],[0.205701,0.44473,-0.871724]]],"btipPosition":[67.2228,268.046,34.7713],"carpPosition":[77.2987,291.457,82.2544],"dipPosition":[70.7673,275.709,19.7502],"direction":[-0.296456,-0.804841,0.514144],"extended":false,"handId":404,"id":4044,"length":50.4953,"mcpPosition":[83.7349,318.444,31.3578],"pipPosition":[76.5639,291.446,9.69721],"stabilizedTipPosition":[84.4243,275.124,213.854],"timeVisible":0.940048,"tipPosition":[68.08,270.015,31.5087],"tipVelocity":[-4.20232,24.09,-89.7941],"tool":false,"touchDistance":0.333333,"touchZone":"none","type":4,"width":16.0525}],"r":[[0.982274,0.182618,-0.0422819],[-0.16935,0.96126,0.217486],[0.0803607,-0.20647,0.975147]],"s":0.971983,"t":[-26.9835,41.6676,-230.421],"timestamp":521364544229},false],[1,{"currentFrameRate":109.242,"devices":[],"gestures":[],"hands":[{"armBasis":[[0.871601,0.390477,-0.296377],[-0.0902657,0.722085,0.68589],[0.481834,-0.57107,0.664617]],"armWidth":63.7005,"confidence":0.775088,"direction":[-0.163454,0.52904,-0.832706],"elbow":[193.58,129.037,268.4],"grabStrength":0,"id":404,"palmNormal":[0.120617,-0.827009,-0.549097],"palmPosition":[47.7606,306.717,42.2283],"palmVelocity":[-16.161,37.8755,-66.0831],"palmWidth":90.9622,"pinchStrength":0.6024,"r":[[0.981784,0.185286,-0.0420661],[-0.171724,0.960066,0.220873],[0.0813109,-0.209626,0.974395]],"s":0.972662,"sphereCenter":[54.4005,278.462,1.16479],"sphereRadius":48.8212,"stabilizedPalmPosition":[57.6168,311.927,216.545],"t":[-27.1984,42.1804,-231.133],"timeVisible":0.948948,"type":"right","wrist":[63.5251,283.178,89.0083]}],"id":4106538,"interactionBox":{"center":[0,200,0],"size":[235.247,235.247,147.751]},"pointables":[{"bases":[[[0.254229,0.919464,0.299921],[-0.778165,0.0103203,0.627975],[0.574306,-0.393038,0.718119]],[[-0.0025573,0.999805,-0.0195999],[-0.779744,0.0102778,0.626014],[0.626093,0.0168838,0.779565]],[[-0.0025573,0.999805,-0.0195999],[-0.971326,0.00217615,0.237741],[0.237737,0.0196459,0.971131]],[[-0.0025573,0.999805,-0.0195999],[-0.752556,-0.0148312,-0.658361],[-0.658523,0.0130664,0.752447]]],"btipPosition":[13.5416,265.201,-1.64553],"carpPosition":[37.4814,267.019,87.9624],"dipPosition":[-1.8655,265.507,15.959],"direction":[-0.237737,-0.0196459,-0.971131],"extended":false,"handId":404,"id":4040,"length":52.1005,"mcpPosition":[37.4814,267.019,87.9624],"pipPosition":[6.23783,266.177,49.0602],"stabilizedTipPosition":[16.619,279.783,153.283],"timeVisible":0.948948,"tipPosition":[10.147,264.654,2.1518],"tipVelocity":[-15.7356,60.8299,-80.2735],"tool":false,"touchDistance":-0.385062,"touchZone":"touching","type":0,"width":20.2438},{"bases":[[[0.937805,0.276317,-0.210167],[-0.167572,0.890486,0.423029],[0.304041,-0.361501,0.881406]],[[0.978412,0.202863,-0.0394581],[-0.193219,0.965671,0.173628],[0.0733263,-0.162256,0.98402]],[[0.978412,0.202863,-0.0394581],[-0.201422,0.978782,0.0376184],[0.0462522,-0.0288586,0.998513]],[[0.978412,0.202863,-0.0394581],[-0.205045,0.976744,-0.062679],[0.0258252,0.0694166,0.997253]]],"btipPosition":[14.2005,323.446,-59.0357],"carpPosition":[41.2699,290.378,89.2127],"dipPosition":[14.6416,324.631,-42.0022],"direction":[-0.0462522,0.0288586,-0.998513],"extended":true,"handId":404,"id":4041,"length":58.7895,"mcpPosition":[18.9086,316.965,24.3878],"pipPosition":[15.7592,323.934,-17.8751],"stabilizedTipPosition":[22.3484,328.204,96.3363],"timeVisible":0.948948,"tipPosition":[13.9276,323.691,-55.0763],"tipVelocity":[-19.6719,67.0837,-59.0496],"tool":false,"touchDistance":-0.367884,"touchZone":"touching","type":1,"width":19.3369},{"bases":[[[0.984994,0.0690548,-0.15817],[0.000103184,0.916228,0.400656],[0.172587,-0.39466,0.902473]],[[0.984226,0.0707903,-0.162138],[-0.170335,0.626834,-0.760306],[0.0478114,0.775931,0.629004]],[[0.984226,0.0707903,-0.162138],[-0.107582,-0.488073,-0.866147],[-0.14045,0.869928,-0.472758]],[[0.984226,0.0707903,-0.162138],[-0.0181653,-0.871179,-0.49063],[-0.175983,0.485836,-0.856151]]],"btipPosition":[45.183,251.751,23.1242],"carpPosition":[52.2254,295.471,86.8543],"dipPosition":[41.8769,260.878,7.04029],"direction":[0.14045,-0.869928,0.472758],"extended":false,"handId":404,"id":4042,"length":66.986,"mcpPosition":[40.1881,322.997,23.9098],"pipPosition":[37.8843,285.608,-6.39913],"stabilizedTipPosition":[59.4113,262.597,191.586],"timeVisible":0.948948,"tipPosition":[44.4268,254.064,19.8108],"tipVelocity":[-0.132608,43.7372,-103.901],"tool":false,"touchDistance":0.333333,"touchZone":"none","type":2,"width":18.9914},{"bases":[[[0.996827,-0.0590424,-0.0533894],[0.075978,0.905773,0.416897],[0.0237442,-0.41963,0.907385]],[[0.995405,-0.0444654,-0.0848012],[-0.044265,0.571627,-0.819319],[0.084906,0.819308,0.567032]],[[0.995405,-0.0444654,-0.0848012],[-0.09523,-0.552058,-0.82835],[-0.0099823,0.832619,-0.553756]],[[0.995405,-0.0444654,-0.0848012],[-0.0775835,-0.893589,-0.442131],[-0.0561178,0.446679,-0.892933]]],"btipPosition":[60.167,255.744,34.4075],"carpPosition":[64.1217,297.463,84.5418],"dipPosition":[59.1188,264.087,17.729],"direction":[0.0099823,-0.832619,0.553756],"extended":false,"handId":404,"id":4043,"length":64.4088,"mcpPosition":[62.6348,323.741,27.7206],"pipPosition":[58.8424,287.146,2.39355],"stabilizedTipPosition":[76.2095,255.625,217.903],"timeVisible":0.948948,"tipPosition":[59.8794,257.892,30.4799],"tipVelocity":[3.45064,43.3086,-65.1687],"tool":false,"touchDistance":0.333333,"touchZone":"none","type":3,"width":18.0715},{"bases":[[[0.966527,-0.256056,-0.0161553],[0.231893,0.844908,0.482034],[-0.109778,-0.469645,0.876004]],[[0.951449,-0.300124,0.068341],[0.236936,0.572374,-0.785015],[0.196486,0.763094,0.615695]],[[0.951449,-0.300124,0.068341],[-0.0979454,-0.505684,-0.857141],[0.291808,0.808832,-0.510528]],[[0.951449,-0.300124,0.068341],[-0.230211,-0.841215,-0.489244],[0.204324,0.449758,-0.869465]]],"btipPosition":[67.2291,268.991,33.9596],"carpPosition":[77.0375,292.306,81.5386],"dipPosition":[70.7499,276.741,18.9773],"direction":[-0.291808,-0.808832,0.510528],"extended":false,"handId":404,"id":4044,"length":50.4953,"mcpPosition":[83.401,319.53,30.7589],"pipPosition":[76.4556,292.556,8.99508],"stabilizedTipPosition":[84.4238,275.124,213.848],"timeVisible":0.948948,"tipPosition":[68.0773,270.982,30.697],"tipVelocity":[-3.03296,47.0289,-89.9051],"tool":false,"touchDistance":0.333333,"touchZone":"none","type":4,"width":16.0525}],"r":[[0.981784,0.185286,-0.0420661],[-0.171724,0.960066,0.220873],[0.0813109,-0.209626,0.974395]],"s":0.972662,"t":[-27.1984,42.1804,-231.133],"timestamp":521364553129},false],[2,{"currentFrameRate":109.198,"devices":[],"gestures":[],"hands":[{"armBasis":[[0.870066,0.396177,-0.293306],[-0.0940604,0.717522,0.690156],[0.483878,-0.572893,0.661556]],"armWidth":63.7005,"confidence":0.787881,"direction":[-0.165582,0.530647,-0.831262],"elbow":[194.01,129.135,266.832],"grabStrength":0,"id":404,"palmNormal":[0.125419,-0.824722,-0.551455],"palmPosition":[47.5516,307.363,41.5444],"palmVelocity":[-17.978,46.8714,-68.3212],"palmWidth":90.9622,"pinchStrength":0.597256,"r":[[0.981195,0.188479,-0.0416162],[-0.174668,0.95878,0.224123],[0.0821434,-0.21264,0.973672]],"s":0.973513,"sphereCenter":[54.3749,279.254,0.397768],"sphereRadius":48.8483,"stabilizedPalmPosition":[57.6149,311.926,216.512],"t":[-27.4104,42.7598,-231.831],"timeVisible":0.958183,"type":"right","wrist":[63.4028,283.769,88.2669]}],"id":4106539,"interactionBox":{"center":[0,200,0],"size":[235.247,235.247,147.751]},"pointables":[{"bases":[[[0.249132,0.919896,0.30286],[-0.778709,0.00434325,0.627371],[0.575801,-0.392138,0.717413]],[[-0.00649681,0.999867,-0.014986],[-0.779548,0.00432216,0.626327],[0.626309,0.0157515,0.779416]],[[-0.00649681,0.999867,-0.014986],[-0.970954,-0.00272302,0.239252],[0.239179,0.0161051,0.970842]],[[-0.00649681,0.999867,-0.014986],[-0.754337,-0.0147384,-0.656322],[-0.656455,0.00704051,0.754332]]],"btipPosition":[13.3976,265.976,-2.48288],"carpPosition":[37.4456,267.475,87.1518],"dipPosition":[-1.9611,266.14,15.1658],"direction":[-0.239179,-0.0161051,-0.970842],"extended":false,"handId":404,"id":4040,"length":52.1005,"mcpPosition":[37.4456,267.475,87.1518],"pipPosition":[6.19137,266.689,48.2571],"stabilizedTipPosition":[16.5681,279.679,152.141],"timeVisible":0.958183,"tipPosition":[10.0713,265.381,1.33944],"tipVelocity":[-15.3569,66.3029,-82.8831],"tool":false,"touchDistance":-0.387297,"touchZone":"touching","type":0,"width":20.2438},{"bases":[[[0.9365,0.281888,-0.208582],[-0.172609,0.888326,0.425539],[0.305243,-0.362514,0.880574]],[[0.977402,0.207993,-0.0377351],[-0.198357,0.964125,0.176402],[0.0730719,-0.164931,0.983595]],[[0.977402,0.207993,-0.0377351],[-0.206488,0.977623,0.0402109],[0.0452543,-0.0315104,0.998478]],[[0.977402,0.207993,-0.0377351],[-0.209988,0.975845,-0.060254],[0.0242912,0.0668163,0.99747]]],"btipPosition":[14.0133,324.215,-59.697],"carpPosition":[41.1098,290.85,88.4747],"dipPosition":[14.4282,325.357,-42.6599],"direction":[-0.0452543,0.0315104,-0.998478],"extended":true,"handId":404,"id":4041,"length":58.7895,"mcpPosition":[18.66,317.512,23.711],"pipPosition":[15.5216,324.595,-18.5336],"stabilizedTipPosition":[22.1536,328.116,92.7405],"timeVisible":0.958183,"tipPosition":[13.7327,324.448,-55.7379],"tipVelocity":[-20.0257,71.3413,-62.5506],"tool":false,"touchDistance":-0.369337,"touchZone":"touching","type":1,"width":19.3369},{"bases":[[[0.984742,0.0747231,-0.157163],[-0.0050539,0.915019,0.403379],[0.173949,-0.396429,0.901435]],[[0.983962,0.0764764,-0.16115],[-0.173079,0.627858,-0.75884],[0.0431461,0.774562,0.631025]],[[0.983962,0.0764764,-0.16115],[-0.104306,-0.48619,-0.867606],[-0.144701,0.8705,-0.470416]],[[0.983962,0.0764764,-0.16115],[-0.0131934,-0.869752,-0.493312],[-0.177887,0.487527,-0.854795]]],"btipPosition":[45.2841,252.429,22.2931],"carpPosition":[52.0402,296.008,86.1404],"dipPosition":[41.9423,261.588,6.23474],"direction":[0.144701,-0.8705,0.470416],"extended":false,"handId":404,"id":4042,"length":66.986,"mcpPosition":[39.9078,323.657,23.2683],"pipPosition":[37.8288,286.334,-7.13811],"stabilizedTipPosition":[59.4106,262.597,191.578],"timeVisible":0.958183,"tipPosition":[44.5164,254.749,18.9708],"tipVelocity":[2.72736,52.2885,-99.8181],"tool":false,"touchDistance":0.333333,"touchZone":"none","type":2,"width":18.9914},{"bases":[[[0.997167,-0.0536213,-0.0527549],[0.0708621,0.904916,0.419649],[0.0252366,-0.422199,0.906152]],[[0.995681,-0.0388733,-0.0843061],[-0.0470419,0.571635,-0.819158],[0.0800357,0.819587,0.567338]],[[0.995681,-0.0388733,-0.0843061],[-0.0917225,-0.552186,-0.82866],[-0.0143399,0.832814,-0.553367]],[[0.995681,-0.0388733,-0.0843061],[-0.072423,-0.893395,-0.443396],[-0.0580824,0.447587,-0.892352]]],"btipPosition":[60.2543,256.477,33.7511],"carpPosition":[63.9275,298.07,83.8434],"dipPosition":[59.1694,264.837,17.0834],"direction":[0.0143399,-0.832814,0.553367],"extended":false,"handId":404,"id":4043,"length":64.4088,"mcpPosition":[62.3472,324.508,27.0994],"pipPosition":[58.7723,287.9,1.75876],"stabilizedTipPosition":[76.2076,255.625,217.881],"timeVisible":0.958183,"tipPosition":[59.9532,258.618,29.7711],"tipVelocity":[4.8795,53.5289,-66.7516],"tool":false,"touchDistance":0.333333,"touchZone":"none","type":3,"width":18.0715},{"bases":[[[0.967878,-0.250902,-0.0161313],[0.227045,0.844681,0.484732],[-0.107995,-0.472824,0.874514]],[[0.953053,-0.295106,0.0678404],[0.233936,0.575331,-0.783753],[0.192259,0.762829,0.617356]],[[0.953053,-0.295106,0.0678404],[-0.0949432,-0.503975,-0.858484],[0.287533,0.81174,-0.508333]],[[0.953053,-0.295106,0.0678404],[-0.225375,-0.840947,-0.491949],[0.202227,0.453564,-0.867977]]],"btipPosition":[67.2301,269.746,33.2155],"carpPosition":[76.8728,292.99,80.8355],"dipPosition":[70.7148,277.561,18.2589],"direction":[-0.287533,-0.81174,0.508333],"extended":false,"handId":404,"id":4044,"length":50.4953,"mcpPosition":[83.1329,320.398,30.1421],"pipPosition":[76.3369,293.433,8.31953],"stabilizedTipPosition":[84.4226,275.123,213.835],"timeVisible":0.958183,"tipPosition":[68.0667,271.752,29.9402],"tipVelocity":[-2.40306,57.226,-87.1075],"tool":false,"touchDistance":0.333333,"touchZone":"none","type":4,"width":16.0525}],"r":[[0.981195,0.188479,-0.0416162],[-0.174668,0.95878,0.224123],[0.0821434,-0.21264,0.973672]],"s":0.973513,"t":[-27.4104,42.7598,-231.831],"timestamp":521364562364},false],[3,{"currentFrameRate":109.346,"devices":[],"gestures":[],"hands":[{"armBasis":[[0.86889,0.399755,-0.291934],[-0.0964732,0.715207,0.692222],[0.485513,-0.573302,0.660002]],"armWidth":63.7005,"confidence":0.797492,"direction":[-0.167608,0.532339,-0.829773],"elbow":[194.516,129.332,265.817],"grabStrength":0,"id":404,"palmNormal":[0.128257,-0.822752,-0.553742],"palmPosition":[47.5249,307.742,41.0158],"palmVelocity":[-13.9134,45.7522,-65.9314],"palmWidth":90.9622,"pinchStrength":0.586358,"r":[[0.980579,0.191752,-0.0411752],[-0.177693,0.957487,0.227253],[0.0830009,-0.215523,0.972965]],"s":0.974706,"sphereCenter":[54.4538,279.753,-0.218939],"sphereRadius":48.8903,"stabilizedPalmPosition":[57.6117,311.925,216.457],"t":[-27.5298,43.2393,-232.444],"timeVisible":0.967064,"type":"right","wrist":[63.4678,284.076,87.6707]}],"id":4106540,"interactionBox":{"center":[0,200,0],"size":[235.247,235.247,147.751]},"pointables":[{"bases":[[[0.245911,0.91994,0.305349],[-0.778613,-0.000151099,0.627505],[0.577313,-0.392059,0.71624]],[[-0.00813996,0.999918,-0.00985936],[-0.778386,-0.000146476,0.627786],[0.627733,0.0127845,0.778324]],[[-0.00813996,0.999918,-0.00985936],[-0.969952,-0.00549769,0.243234],[0.24316,0.011543,0.969917]],[[-0.00813996,0.999918,-0.00985936],[-0.759984,-0.0125941,-0.649819],[-0.64989,0.00220345,0.760025]]],"btipPosition":[13.1601,266.611,-3.16689],"carpPosition":[37.5686,267.694,86.515],"dipPosition":[-2.04498,266.663,14.615],"direction":[-0.24316,-0.011543,-0.969917],"extended":false,"handId":404,"id":4040,"length":52.1005,"mcpPosition":[37.5686,267.694,86.515],"pipPosition":[6.24318,267.056,47.6748],"stabilizedTipPosition":[16.5117,279.572,150.905],"timeVisible":0.967064,"tipPosition":[9.96617,265.964,0.716691],"tipVelocity":[-17.3676,66.9316,-80.3548],"tool":false,"touchDistance":-0.386702,"touchZone":"touching","type":0,"width":20.2438},{"bases":[[[0.935457,0.285789,-0.207956],[-0.175694,0.886533,0.428008],[0.306679,-0.363846,0.879525]],[[0.976672,0.211497,-0.0371565],[-0.201714,0.962947,0.179011],[0.07364,-0.16734,0.983145]],[[0.976672,0.211497,-0.0371565],[-0.209899,0.976791,0.0426697],[0.0453187,-0.0338752,0.998398]],[[0.976672,0.211497,-0.0371565],[-0.213392,0.975247,-0.0579334],[0.0239841,0.0645108,0.997629]]],"btipPosition":[13.9269,324.741,-60.1745],"carpPosition":[41.1498,291.078,87.9016],"dipPosition":[14.3366,325.843,-43.1346],"direction":[-0.0453187,0.0338752,-0.998398],"extended":true,"handId":404,"id":4041,"length":58.7895,"mcpPosition":[18.5944,317.838,23.215],"pipPosition":[15.4316,325.025,-19.0103],"stabilizedTipPosition":[21.9513,328.039,89.0337],"timeVisible":0.967064,"tipPosition":[13.6464,324.969,-56.2151],"tipVelocity":[-17.2651,67.7705,-60.1458],"tool":false,"touchDistance":-0.367889,"touchZone":"touching","type":1,"width":19.3369},{"bases":[[[0.984443,0.0786563,-0.157114],[-0.00823902,0.913883,0.405895],[0.17551,-0.398286,0.900314]],[[0.98367,0.0803899,-0.161033],[-0.175474,0.627387,-0.75868],[0.0400398,0.774547,0.631247]],[[0.98367,0.0803899,-0.161033],[-0.102371,-0.485992,-0.867947],[-0.148035,0.870258,-0.469826]],[[0.98367,0.0803899,-0.161033],[-0.00997285,-0.868989,-0.49473],[-0.179707,0.488257,-0.853997]]],"btipPosition":[45.4751,252.826,21.7682],"carpPosition":[52.0614,296.281,85.5797],"dipPosition":[42.099,261.998,5.72479],"direction":[0.148035,-0.870258,0.469826],"extended":false,"handId":404,"id":4042,"length":66.986,"mcpPosition":[39.8201,324.06,22.7858],"pipPosition":[37.8908,286.738,-7.6313],"stabilizedTipPosition":[59.4094,262.596,191.564],"timeVisible":0.967064,"tipPosition":[44.6889,255.149,18.3726],"tipVelocity":[7.58409,50.3073,-88.6601],"tool":false,"touchDistance":0.333333,"touchZone":"none","type":2,"width":18.9914},{"bases":[[[0.997342,-0.0499297,-0.0530613],[0.0677151,0.904005,0.422125],[0.0268911,-0.424597,0.904983]],[[0.995791,-0.0350442,-0.0846905],[-0.0494777,0.572281,-0.818564],[0.0771526,0.819308,0.568138]],[[0.995791,-0.0350442,-0.0846905],[-0.089938,-0.551605,-0.829242],[-0.0176556,0.833369,-0.552435]],[[0.995791,-0.0350442,-0.0846905],[-0.0692605,-0.892903,-0.44489],[-0.0600296,0.448883,-0.891572]]],"btipPosition":[60.4211,256.921,33.1912],"carpPosition":[63.9409,298.391,83.2865],"dipPosition":[59.2998,265.306,16.5381],"direction":[0.0176556,-0.833369,0.552435],"extended":false,"handId":404,"id":4043,"length":64.4088,"mcpPosition":[62.257,324.98,26.6157],"pipPosition":[58.8109,288.385,1.23926],"stabilizedTipPosition":[76.2042,255.626,217.841],"timeVisible":0.967064,"tipPosition":[60.1085,259.061,29.1811],"tipVelocity":[8.39691,52.7607,-65.6418],"tool":false,"touchDistance":0.333333,"touchZone":"none","type":3,"width":18.0715},{"bases":[[[0.968761,-0.247413,-0.0169757],[0.224122,0.844147,0.487017],[-0.106165,-0.475608,0.873227]],[[0.954164,-0.291772,0.0666281],[0.2314,0.578044,-0.782508],[0.1898,0.762059,0.619065]],[[0.954164,-0.291772,0.0666281],[-0.0934652,-0.501996,-0.859805],[0.284314,0.814168,-0.506258]],[[0.954164,-0.291772,0.0666281],[-0.222433,-0.840305,-0.49438],[0.200234,0.456899,-0.866689]]],"btipPosition":[67.3391,270.205,32.5939],"carpPosition":[76.9036,293.366,80.2625],"dipPosition":[70.7895,278.078,17.6595],"direction":[-0.284314,-0.814168,0.506258],"extended":false,"handId":404,"id":4044,"length":50.4953,"mcpPosition":[83.0577,320.935,29.6437],"pipPosition":[76.3486,293.998,7.76077],"stabilizedTipPosition":[84.4206,275.123,213.812],"timeVisible":0.967064,"tipPosition":[68.1655,272.226,29.3156],"tipVelocity":[1.34067,56.1454,-82.3031],"tool":false,"touchDistance":0.333333,"touchZone":"none","type":4,"width":16.0525}],"r":[[0.980579,0.191752,-0.0411752],[-0.177693,0.957487,0.227253],[0.0830009,-0.215523,0.972965]],"s":0.974706,"t":[-27.5298,43.2393,-232.444],"timestamp":521364571245},false],[4,{"currentFrameRate":109.36,"devices":[],"gestures":[],"hands":[{"armBasis":[[0.872088,0.400207,-0.281597],[-0.10312,0.712827,0.693718],[0.47836,-0.575945,0.662917]],"armWidth":63.7005,"confidence":0.812746,"direction":[-0.169226,0.530127,-0.83086],"elbow":[192.252,129.896,264.808],"grabStrength":0,"id":404,"palmNormal":[0.136004,-0.822393,-0.552425],"palmPosition":[47.1475,308.846,39.1473],"palmVelocity":[-21.5398,66.6605,-104.517],"palmWidth":90.9622,"pinchStrength":0.579507,"r":[[0.97981,0.195828,-0.0402998],[-0.181676,0.956219,0.229432],[0.0834648,-0.217479,0.97249]],"s":0.975911,"sphereCenter":[54.402,280.857,-2.02684],"sphereRadius":48.9067,"stabilizedPalmPosition":[57.6064,311.923,216.366],"t":[-27.7781,44.031,-233.685],"timeVisible":0.976184,"type":"right","wrist":[63.1342,285.353,85.8746]}],"id":4106541,"interactionBox":{"center":[0,200,0],"size":[235.247,235.247,147.751]},"pointables":[{"bases":[[[0.238132,0.922104,0.304987],[-0.780379,-0.00528199,0.625285],[0.578189,-0.386906,0.718333]],[[-0.0138704,0.999865,-0.00886456],[-0.779555,-0.00526147,0.626311],[0.62618,0.0155976,0.779523]],[[-0.0138704,0.999865,-0.00886456],[-0.9702,-0.011313,0.242043],[0.24191,0.0119576,0.970225]],[[-0.0138704,0.999865,-0.00886456],[-0.759103,-0.0163,-0.650766],[-0.650823,-0.00229726,0.759226]]],"btipPosition":[13.0955,267.644,-5.06947],"carpPosition":[37.3619,268.776,84.664],"dipPosition":[-2.13148,267.59,12.6937],"direction":[-0.24191,-0.0119576,-0.970225],"extended":false,"handId":404,"id":4040,"length":52.1005,"mcpPosition":[37.3619,268.776,84.664],"pipPosition":[6.11405,267.998,45.764],"stabilizedTipPosition":[16.4509,279.467,149.57],"timeVisible":0.976184,"tipPosition":[9.92163,266.943,-1.17913],"tipVelocity":[-14.6674,79.0525,-116.101],"tool":false,"touchDistance":-0.404968,"touchZone":"touching","type":0,"width":20.2438},{"bases":[[[0.933877,0.292563,-0.205621],[-0.183559,0.885674,0.426483],[0.306886,-0.360539,0.880813]],[[0.97519,0.218679,-0.0344067],[-0.209396,0.961657,0.177112],[0.0718183,-0.165514,0.983589]],[[0.97519,0.218679,-0.0344067],[-0.217262,0.975266,0.0406573],[0.0424466,-0.0321734,0.998581]],[[0.97519,0.218679,-0.0344067],[-0.22043,0.973556,-0.0599993],[0.0203762,0.066095,0.997605]]],"btipPosition":[13.7349,325.461,-62.1601],"carpPosition":[40.7637,292.187,86.0338],"dipPosition":[14.0829,326.59,-45.1206],"direction":[-0.0424466,0.0321734,-0.998581],"extended":true,"handId":404,"id":4041,"length":58.7895,"mcpPosition":[18.1931,318.704,21.2525],"pipPosition":[15.1085,325.813,-20.9919],"stabilizedTipPosition":[21.7557,327.983,85.4937],"timeVisible":0.976184,"tipPosition":[13.4406,325.699,-58.2018],"tipVelocity":[-18.7497,71.0591,-103.903],"tool":false,"touchDistance":-0.389219,"touchZone":"touching","type":1,"width":19.3369},{"bases":[[[0.98427,0.0858618,-0.154402],[-0.0162511,0.914254,0.404815],[0.17592,-0.395938,0.901269]],[[0.983503,0.0875676,-0.158285],[-0.178066,0.62274,-0.761897],[0.0318528,0.777513,0.628059]],[[0.983503,0.0875676,-0.158285],[-0.0957554,-0.490348,-0.86625],[-0.15347,0.867116,-0.473874]],[[0.983503,0.0875676,-0.158285],[-0.00168027,-0.87056,-0.492059],[-0.180885,0.484207,-0.856051]]],"btipPosition":[45.5988,253.873,20.1662],"carpPosition":[51.6425,297.469,83.737],"dipPosition":[42.2006,262.97,4.08422],"direction":[0.15347,-0.867116,0.473874],"extended":false,"handId":404,"id":4042,"length":66.986,"mcpPosition":[39.3727,325.085,20.8765],"pipPosition":[37.8378,287.62,-9.38693],"stabilizedTipPosition":[59.4075,262.595,191.542],"timeVisible":0.976184,"tipPosition":[44.793,256.177,16.666],"tipVelocity":[9.0898,67.6998,-113.087],"tool":false,"touchDistance":0.333333,"touchZone":"none","type":2,"width":18.9914},{"bases":[[[0.997836,-0.0425059,-0.0501639],[0.0597283,0.904965,0.421273],[0.02749,-0.423358,0.905545]],[[0.996253,-0.0276001,-0.0819596],[-0.0517277,0.569316,-0.82049],[0.0693065,0.821656,0.565755]],[[0.996253,-0.0276001,-0.0819596],[-0.0834689,-0.55485,-0.827752],[-0.0226293,0.831492,-0.555075]],[[0.996253,-0.0276001,-0.0819596],[-0.0612138,-0.894502,-0.442853],[-0.0610903,0.446211,-0.89284]]],"btipPosition":[60.4631,258.116,31.548],"carpPosition":[63.5125,299.666,81.4753],"dipPosition":[59.322,266.451,14.8713],"direction":[0.0226293,-0.831492,0.555075],"extended":false,"handId":404,"id":4043,"length":64.4088,"mcpPosition":[61.791,326.177,24.7692],"pipPosition":[58.6954,289.477,-0.500743],"stabilizedTipPosition":[76.1988,255.627,217.776],"timeVisible":0.976184,"tipPosition":[60.1422,260.235,27.4933],"tipVelocity":[7.20594,74.1367,-97.6115],"tool":false,"touchDistance":0.333333,"touchZone":"none","type":3,"width":18.0715},{"bases":[[[0.970634,-0.240157,-0.0139321],[0.216394,0.846355,0.486679],[-0.105088,-0.475402,0.87347]],[[0.956256,-0.284245,0.0691305],[0.22842,0.577898,-0.783491],[0.182753,0.765009,0.617545]],[[0.956256,-0.284245,0.0691305],[-0.0878893,-0.504565,-0.858889],[0.279016,0.815242,-0.507476]],[[0.956256,-0.284245,0.0691305],[-0.214843,-0.842796,-0.493494],[0.198536,0.457055,-0.866997]]],"btipPosition":[67.2761,271.435,30.8942],"carpPosition":[76.5211,294.735,78.494],"dipPosition":[70.6972,279.311,15.9545],"direction":[-0.279016,-0.815242,0.507476],"extended":false,"handId":404,"id":4044,"length":50.4953,"mcpPosition":[82.6128,322.293,27.8611],"pipPosition":[76.1527,295.251,6.03191],"stabilizedTipPosition":[84.4171,275.123,213.772],"timeVisible":0.976184,"tipPosition":[68.0904,273.455,27.5828],"tipVelocity":[-1.15534,78.0037,-111.239],"tool":false,"touchDistance":0.333333,"touchZone":"none","type":4,"width":16.0525}],"r":[[0.97981,0.195828,-0.0402998],[-0.181676,0.956219,0.229432],[0.0834648,-0.217479,0.97249]],"s":0.975911,"t":[-27.7781,44.031,-233.685],"timestamp":521364580365},false],[5,{"currentFrameRate":109.433,"devices":[],"gestures":[],"hands":[{"armBasis":[[0.874175,0.398114,-0.278071],[-0.103318,0.711988,0.69455],[0.474493,-0.578428,0.663534]],"armWidth":63.7005,"confidence":0.817819,"direction":[-0.168953,0.529217,-0.831495],"elbow":[190.857,129.927,263.419],"grabStrength":0,"id":404,"palmNormal":[0.136594,-0.822911,-0.551507],"palmPosition":[46.8142,309.494,37.5591],"palmVelocity":[-25.789,68.1025,-124.248],"palmWidth":90.9622,"pinchStrength":0.578385,"r":[[0.979173,0.199145,-0.0395246],[-0.184952,0.955223,0.230956],[0.0837487,-0.218836,0.972161]],"s":0.97698,"sphereCenter":[54.06,281.467,-3.56266],"sphereRadius":48.9064,"stabilizedPalmPosition":[57.5991,311.922,216.246],"t":[-28.0689,44.7507,-235.1],"timeVisible":0.985191,"type":"right","wrist":[62.7834,286.054,84.3193]}],"id":4106542,"interactionBox":{"center":[0,200,0],"size":[235.247,235.247,147.751]},"pointables":[{"bases":[[[0.237644,0.922499,0.304173],[-0.78072,-0.00491349,0.624861],[0.577928,-0.385969,0.719046]],[[-0.0131106,0.999878,-0.00851843],[-0.779496,-0.00488442,0.626388],[0.62627,0.0148524,0.779465]],[[-0.0131106,0.999878,-0.00851843],[-0.970412,-0.0106692,0.241219],[0.241098,0.0114289,0.970433]],[[-0.0131106,0.999878,-0.00851843],[-0.756425,-0.0154893,-0.653897],[-0.653949,-0.00212943,0.756536]]],"btipPosition":[12.8473,268.386,-6.56328],"carpPosition":[37.0175,269.467,83.1115],"dipPosition":[-2.45273,268.336,11.137],"direction":[-0.241098,-0.0114289,-0.970433],"extended":false,"handId":404,"id":4040,"length":52.1005,"mcpPosition":[37.0175,269.467,83.1115],"pipPosition":[5.76515,268.726,44.2144],"stabilizedTipPosition":[16.3887,279.371,148.242],"timeVisible":0.985191,"tipPosition":[9.62547,267.671,-2.69557],"tipVelocity":[-18.7191,80,-130.212],"tool":false,"touchDistance":-0.415429,"touchZone":"touching","type":0,"width":20.2438},{"bases":[[[0.933888,0.292677,-0.205408],[-0.184101,0.886046,0.425475],[0.306528,-0.35953,0.881351]],[[0.975156,0.218905,-0.0339215],[-0.209782,0.961784,0.175962],[0.0711441,-0.164474,0.983812]],[[0.975156,0.218905,-0.0339215],[-0.217553,0.97525,0.0394657],[0.0417212,-0.0311055,0.998645]],[[0.975156,0.218905,-0.0339215],[-0.220647,0.973431,-0.0612051],[0.0196222,0.0671692,0.997549]]],"btipPosition":[13.4673,325.992,-63.7844],"carpPosition":[40.4104,292.881,84.4592],"dipPosition":[13.8025,327.139,-46.7459],"direction":[-0.0417212,0.0311055,-0.998645],"extended":true,"handId":404,"id":4041,"length":58.7895,"mcpPosition":[17.8662,319.323,19.6384],"pipPosition":[14.8106,326.387,-22.6157],"stabilizedTipPosition":[21.5833,327.947,82.4409],"timeVisible":0.985191,"tipPosition":[13.1708,326.235,-59.8269],"tipVelocity":[-21.8494,67.8457,-124.913],"tool":false,"touchDistance":-0.402999,"touchZone":"touching","type":1,"width":19.3369},{"bases":[[[0.984325,0.0860464,-0.153949],[-0.0167914,0.914663,0.403869],[0.175563,-0.394954,0.90177]],[[0.983563,0.0877386,-0.157813],[-0.177885,0.620807,-0.763515],[0.0309816,0.779038,0.626211]],[[0.983563,0.0877386,-0.157813],[-0.0948809,-0.492473,-0.86514],[-0.153625,0.865894,-0.476054]],[[0.983563,0.0877386,-0.157813],[-0.000932121,-0.871526,-0.490348],[-0.180561,0.482436,-0.857119]]],"btipPosition":[45.3102,254.494,18.7283],"carpPosition":[51.2887,298.164,82.1629],"dipPosition":[41.9181,263.557,2.6262],"direction":[0.153625,-0.865894,0.476054],"extended":false,"handId":404,"id":4042,"length":66.986,"mcpPosition":[39.0438,325.711,19.2675],"pipPosition":[37.5509,288.173,-10.9069],"stabilizedTipPosition":[59.4051,262.594,191.513],"timeVisible":0.985191,"tipPosition":[44.5009,256.785,15.1788],"tipVelocity":[-2.16957,67.803,-126.021],"tool":false,"touchDistance":0.333333,"touchZone":"none","type":2,"width":18.9914},{"bases":[[[0.997878,-0.0422098,-0.0495723],[0.0591822,0.905416,0.420379],[0.0271394,-0.422421,0.905993]],[[0.996292,-0.0272319,-0.0816085],[-0.0519674,0.56548,-0.823123],[0.0685632,0.824312,0.561968]],[[0.996292,-0.0272319,-0.0816085],[-0.0828762,-0.558359,-0.82545],[-0.0230882,0.829153,-0.558545]],[[0.996292,-0.0272319,-0.0816085],[-0.0605522,-0.8958,-0.440313],[-0.0611144,0.443622,-0.894128]]],"btipPosition":[60.178,258.749,30.2394],"carpPosition":[63.1591,300.363,79.9055],"dipPosition":[59.0365,267.035,13.5386],"direction":[0.0230882,-0.829153,0.558545],"extended":false,"handId":404,"id":4043,"length":64.4088,"mcpPosition":[61.4596,326.816,23.1714],"pipPosition":[58.3971,289.997,-1.92947],"stabilizedTipPosition":[76.1917,255.629,217.694],"timeVisible":0.985191,"tipPosition":[59.8521,260.851,26.1134],"tipVelocity":[-3.47325,72.7229,-110.879],"tool":false,"touchDistance":0.333333,"touchZone":"none","type":3,"width":18.0715},{"bases":[[[0.970725,-0.239834,-0.013153],[0.215832,0.846928,0.485931],[-0.105403,-0.474544,0.873898]],[[0.956526,-0.283362,0.0690193],[0.227077,0.575096,-0.78594],[0.183013,0.767444,0.614439]],[[0.956526,-0.283362,0.0690193],[-0.088529,-0.507592,-0.857037],[0.277886,0.813668,-0.510611]],[[0.956526,-0.283362,0.0690193],[-0.21462,-0.844143,-0.491285],[0.197474,0.455114,-0.86826]]],"btipPosition":[66.9756,272.061,29.5046],"carpPosition":[76.171,295.433,76.9364],"dipPosition":[70.3783,279.904,14.5431],"direction":[-0.277886,-0.813668,0.510611],"extended":false,"handId":404,"id":4044,"length":50.4953,"mcpPosition":[82.281,322.941,26.2787],"pipPosition":[75.8118,295.813,4.55925],"stabilizedTipPosition":[84.4124,275.122,213.719],"timeVisible":0.985191,"tipPosition":[67.7812,274.073,26.1265],"tipVelocity":[-10.1352,75.4508,-123.217],"tool":false,"touchDistance":0.333333,"touchZone":"none","type":4,"width":16.0525}],"r":[[0.979173,0.199145,-0.0395246],[-0.184952,0.955223,0.230956],[0.0837487,-0.218836,0.972161]],"s":0.97698,"t":[-28.0689,44.7507,-235.1],"timestamp":521364589372},false],[6,{"currentFrameRate":109.543,"devices":[],"gestures":[],"hands":[{"armBasis":[[0.875214,0.395545,-0.278468],[-0.100756,0.712097,0.694813],[0.473126,-0.580053,0.663091]],"armWidth":63.7005,"confidence":0.824138,"direction":[-0.167462,0.529461,-0.831641],"elbow":[190.269,129.953,262.451],"grabStrength":0,"id":404,"palmNormal":[0.133842,-0.823534,-0.551251],"palmPosition":[46.6587,309.993,36.7059],"palmVelocity":[-23.503,64.7788,-116.409],"palmWidth":90.9622,"pinchStrength":0.573913,"r":[[0.978781,0.20117,-0.0389601],[-0.186952,0.954553,0.232115],[0.0838841,-0.219906,0.971908]],"s":0.978251,"sphereCenter":[53.7365,281.938,-4.37229],"sphereRadius":48.9125,"stabilizedPalmPosition":[57.5899,311.92,216.094],"t":[-28.2921,45.3603,-236.234],"timeVisible":0.994123,"type":"right","wrist":[62.5641,286.52,83.4706]}],"id":4106543,"interactionBox":{"center":[0,200,0],"size":[235.247,235.247,147.751]},"pointables":[{"bases":[[[0.240653,0.921843,0.303794],[-0.780585,-0.00220785,0.625046],[0.576865,-0.387556,0.719046]],[[-0.00825202,0.999943,-0.00677338],[-0.778611,-0.00217492,0.627503],[0.627452,0.010452,0.778585]],[[-0.00825202,0.999943,-0.00677338],[-0.970473,-0.0063755,0.241124],[0.241068,0.00856314,0.970471]],[[-0.00825202,0.999943,-0.00677338],[-0.754536,-0.0106716,-0.656172],[-0.656207,-0.000303991,0.754581]]],"btipPosition":[12.57,269.207,-7.31173],"carpPosition":[36.7453,270.014,82.2747],"dipPosition":[-2.7829,269.2,10.3428],"direction":[-0.241068,-0.00856314,-0.970471],"extended":false,"handId":404,"id":4040,"length":52.1005,"mcpPosition":[36.7453,270.014,82.2747],"pipPosition":[5.43393,269.492,43.4214],"stabilizedTipPosition":[16.3198,279.275,146.822],"timeVisible":0.994123,"tipPosition":[9.31128,268.469,-3.46456],"tipVelocity":[-22.4541,83.563,-117.87],"tool":false,"touchDistance":-0.413604,"touchZone":"touching","type":0,"width":20.2438},{"bases":[[[0.934768,0.289629,-0.205729],[-0.181178,0.886777,0.425207],[0.305588,-0.360196,0.881405]],[[0.975861,0.215718,-0.0340769],[-0.20663,0.962507,0.175737],[0.070709,-0.164454,0.983847]],[[0.975861,0.215718,-0.0340769],[-0.214372,0.975965,0.0391971],[0.0417134,-0.0309458,0.99865]],[[0.975861,0.215718,-0.0340769],[-0.217482,0.974124,-0.0615065],[0.0199271,0.0674329,0.997525]]],"btipPosition":[13.3527,326.568,-64.6355],"carpPosition":[40.2131,293.417,83.6133],"dipPosition":[13.6931,327.72,-47.5974],"direction":[-0.0417134,0.0309458,-0.99865],"extended":true,"handId":404,"id":4041,"length":58.7895,"mcpPosition":[17.7379,319.909,18.7886],"pipPosition":[14.701,326.972,-23.467],"stabilizedTipPosition":[21.4309,327.926,79.7657],"timeVisible":0.994123,"tipPosition":[13.0589,326.811,-60.6786],"tipVelocity":[-19.3522,66.9657,-116.831],"tool":false,"touchDistance":-0.403799,"touchZone":"touching","type":1,"width":19.3369},{"bases":[[[0.984558,0.0828565,-0.15421],[-0.0137826,0.914853,0.403553],[0.174516,-0.395196,0.901867]],[[0.983805,0.0845401,-0.158052],[-0.17619,0.618142,-0.766066],[0.0329354,0.781507,0.623027]],[[0.983805,0.0845401,-0.158052],[-0.0960381,-0.495906,-0.863049],[-0.151341,0.864251,-0.479756]],[[0.983805,0.0845401,-0.158052],[-0.00330534,-0.873077,-0.487572],[-0.179211,0.480198,-0.858658]]],"btipPosition":[45.0176,254.982,18.1588],"carpPosition":[51.1076,298.665,81.3127],"dipPosition":[41.6509,264.003,2.02785],"direction":[0.151341,-0.864251,0.479756],"extended":false,"handId":404,"id":4042,"length":66.986,"mcpPosition":[38.9356,326.229,18.4104],"pipPosition":[37.3486,288.571,-11.6105],"stabilizedTipPosition":[59.4018,262.593,191.475],"timeVisible":0.994123,"tipPosition":[44.201,257.258,14.4964],"tipVelocity":[-10.3347,63.9006,-109.236],"tool":false,"touchDistance":0.333333,"touchZone":"none","type":2,"width":18.9914},{"bases":[[[0.997727,-0.0454057,-0.0497914],[0.0621651,0.90537,0.420048],[0.0260071,-0.422188,0.906135]],[[0.996167,-0.0303331,-0.0820481],[-0.0510188,0.560437,-0.826624],[0.0710568,0.827642,0.556741]],[[0.996167,-0.0303331,-0.0820481],[-0.084849,-0.563183,-0.821965],[-0.0212754,0.825776,-0.563597]],[[0.996167,-0.0303331,-0.0820481],[-0.0632798,-0.897476,-0.4365],[-0.0603959,0.440018,-0.895955]]],"btipPosition":[59.8992,259.208,29.7843],"carpPosition":[62.9844,300.825,79.0517],"dipPosition":[58.7712,267.427,13.0494],"direction":[0.0212754,-0.825776,0.563597],"extended":false,"handId":404,"id":4043,"length":64.4088,"mcpPosition":[61.3558,327.263,22.3087],"pipPosition":[58.182,290.296,-2.55864],"stabilizedTipPosition":[76.1826,255.632,217.588],"timeVisible":0.994123,"tipPosition":[59.5692,261.286,25.5394],"tipVelocity":[-10.947,66.4548,-94.7704],"tool":false,"touchDistance":0.333333,"touchZone":"none","type":3,"width":18.0715},{"bases":[[[0.969953,-0.242929,-0.0132965],[0.218643,0.846406,0.485584],[-0.106708,-0.4739,0.874089]],[[0.95591,-0.285755,0.0676753],[0.226538,0.570929,-0.789127],[0.186859,0.769665,0.610491]],[[0.95591,-0.285755,0.0676753],[-0.0923478,-0.511279,-0.854439],[0.278761,0.810517,-0.515125]],[[0.95591,-0.285755,0.0676753],[-0.218098,-0.845157,-0.487999],[0.196645,0.451724,-0.870217]]],"btipPosition":[66.7212,272.485,28.8999],"carpPosition":[75.9799,295.853,76.0813],"dipPosition":[70.1097,280.269,13.9048],"direction":[-0.278761,-0.810517,0.515125],"extended":false,"handId":404,"id":4044,"length":50.4953,"mcpPosition":[82.1655,323.324,25.4125],"pipPosition":[75.5603,296.117,3.83263],"stabilizedTipPosition":[84.4063,275.122,213.651],"timeVisible":0.994123,"tipPosition":[67.519,274.478,25.4234],"tipVelocity":