{"sensorType":"Leap","data":[[0,{"currentFrameRate":101.63,"devices":[],"gestures":[],"hands":[{"armBasis":[[0.880437,0.418494,-0.22292],[-0.192135,0.744683,0.639165],[0.433491,-0.519914,0.736054]],"armWidth":63.7005,"confidence":0.876902,"direction":[-0.137331,0.516556,-0.845169],"elbow":[168.055,155.609,291.85],"grabStrength":0,"id":405,"palmNormal":[0.211643,-0.818246,-0.534491],"palmPosition":[37.1747,318.372,45.2656],"palmVelocity":[11.1746,-1.18621,-100.499],"palmWidth":90.9622,"pinchStrength":0.692015,"r":[[0.989509,0.0723946,0.125025],[-0.0870149,0.989461,0.11574],[-0.115329,-0.125404,0.98538]],"s":0.926134,"sphereCenter":[49.3255,290.429,5.90592],"sphereRadius":47.8832,"stabilizedPalmPosition":[36.963,299.288,172.124],"t":[-13.8633,81.6379,-189.9],"timeVisible":1.4551,"type":"right","wrist":[51.0483,295.943,93.1759]}],"id":4107108,"interactionBox":{"center":[0,200,0],"size":[235.247,235.247,147.751]},"pointables":[{"bases":[[[0.173283,0.934174,0.311918],[-0.819813,-0.0386933,0.571322],[0.545783,-0.354715,0.759143]],[[-0.0782387,0.995927,-0.0448178],[-0.835269,-0.0409427,0.548316],[0.544247,0.0803344,0.83507]],[[-0.0782387,0.995927,-0.0448178],[-0.995908,-0.0760391,0.0488443],[0.0452374,0.048456,0.9978]],[[-0.0782387,0.995927,-0.0448178],[-0.589169,-0.0824559,-0.803792],[-0.804213,-0.0364823,0.59322]]],"btipPosition":[16.3403,273.345,0.82177],"carpPosition":[26.2257,278.152,90.3832],"dipPosition":[-2.47545,272.491,14.701],"direction":[-0.0452374,-0.048456,-0.9978],"extended":false,"handId":405,"id":4050,"length":52.1005,"mcpPosition":[26.2257,278.152,90.3832],"pipPosition":[-0.933528,274.143,48.7112],"stabilizedTipPosition":[4.60095,263.904,118.9],"timeVisible":1.4551,"tipPosition":[11.5681,273.787,3.85148],"tipVelocity":[2.85764,-3.67464,-95.7984],"tool":false,"touchDistance":-0.460527,"touchZone":"touching","type":0,"width":20.2438},{"bases":[[[0.930855,0.335426,-0.144908],[-0.253485,0.878448,0.405061],[0.263162,-0.340321,0.902733]],[[0.96382,0.265038,0.0283715],[-0.266383,0.961528,0.067106],[-0.00949439,-0.0722359,0.997342]],[[0.96382,0.265038,0.0283715],[-0.263252,0.963177,-0.0546663],[-0.0418154,0.0452196,0.998102]],[[0.96382,0.265038,0.0283715],[-0.258651,0.955661,-0.140758],[-0.0644197,0.128327,0.989637]]],"btipPosition":[11.5853,326.554,-58.4835],"carpPosition":[28.4216,301.706,91.7656],"dipPosition":[10.485,328.746,-41.5802],"direction":[0.0418154,-0.0452196,-0.998102],"extended":true,"handId":405,"id":4051,"length":58.7895,"mcpPosition":[9.06683,326.736,25.3721],"pipPosition":[9.47461,329.838,-17.463],"stabilizedTipPosition":[4.1708,314.092,39.2233],"timeVisible":1.4551,"tipPosition":[11.4353,326.466,-54.5466],"tipVelocity":[3.76863,16.9067,-98.9375],"tool":false,"touchDistance":-0.471494,"touchZone":"touching","type":1,"width":19.3369},{"bases":[[[0.987334,0.131662,-0.0885282],[-0.0866247,0.914825,0.394452],[0.132922,-0.381787,0.914642]],[[0.985438,0.136834,-0.100939],[-0.161794,0.572005,-0.804135],[-0.0522953,0.808757,0.585814]],[[0.985438,0.136834,-0.100939],[-0.00662892,-0.562266,-0.82693],[-0.169906,0.815557,-0.553171]],[[0.985438,0.136834,-0.100939],[0.0828195,-0.904713,-0.417894],[-0.148503,0.403448,-0.902871]]],"btipPosition":[40.0393,264.38,30.8246],"carpPosition":[39.1704,307.486,90.1587],"dipPosition":[37.2494,271.96,13.863],"direction":[0.169906,-0.815557,0.553171],"extended":false,"handId":405,"id":4052,"length":66.986,"mcpPosition":[29.8995,334.114,26.3654],"pipPosition":[32.4194,295.144,-1.8624],"stabilizedTipPosition":[42.5204,246.112,144.857],"timeVisible":1.4551,"tipPosition":[39.3885,265.75,26.3444],"tipVelocity":[-5.32336,3.28043,-83.7191],"tool":false,"touchDistance":0.333333,"touchZone":"none","type":2,"width":18.9914},{"bases":[[[0.999835,0.00470336,0.017552],[-0.0115814,0.909257,0.416075],[-0.0140023,-0.416209,0.909161]],[[0.999781,0.0177764,-0.0110182],[-0.0188582,0.538467,-0.842436],[-0.00904249,0.842459,0.538684]],[[0.999781,0.0177764,-0.0110182],[0.00221611,-0.613911,-0.789372],[-0.0207964,0.789175,-0.613816]],[[0.999781,0.0177764,-0.0110182],[0.0123616,-0.927234,-0.374279],[-0.0168698,0.374061,-0.927251]]],"btipPosition":[53.2214,269.824,42.0066],"carpPosition":[51.0497,310.232,88.6817],"dipPosition":[52.9063,276.811,24.6871],"direction":[0.0207964,-0.789175,0.613816],"extended":false,"handId":405,"id":4053,"length":64.4088,"mcpPosition":[51.9265,336.295,31.7493],"pipPosition":[52.3304,298.666,7.6884],"stabilizedTipPosition":[56.8275,248.368,161.763],"timeVisible":1.4551,"tipPosition":[53.1856,271.142,37.57],"tipVelocity":[-3.81137,-2.24168,-91.3133],"tool":false,"touchDistance":0.333333,"touchZone":"none","type":3,"width":18.0715},{"bases":[[[0.979572,-0.193801,0.053669],[0.142879,0.858552,0.492416],[-0.141508,-0.474689,0.868704]],[[0.978596,-0.196995,0.0595224],[0.163574,0.569083,-0.805847],[0.124875,0.798334,0.589125]],[[0.978596,-0.196995,0.0595224],[-0.0637743,-0.5653,-0.822416],[0.19566,0.801017,-0.565764]],[[0.978596,-0.196995,0.0595224],[-0.152585,-0.888649,-0.432458],[0.138087,0.41412,-0.899687]]],"btipPosition":[62.0315,282.405,42.0126],"carpPosition":[64.4479,305.907,86.6285],"dipPosition":[64.4109,289.541,26.5096],"direction":[-0.19566,-0.801017,0.565764],"extended":false,"handId":405,"id":4054,"length":50.4953,"mcpPosition":[72.6508,333.423,36.2719],"pipPosition":[68.2367,305.203,15.4473],"stabilizedTipPosition":[62.0389,261.539,164.552],"timeVisible":1.4551,"tipPosition":[62.5195,283.74,37.9764],"tipVelocity":[2.3032,-5.60933,-87.8838],"tool":false,"touchDistance":0.333333,"touchZone":"none","type":4,"width":16.0525}],"r":[[0.989509,0.0723946,0.125025],[-0.0870149,0.989461,0.11574],[-0.115329,-0.125404,0.98538]],"s":0.926134,"t":[-13.8633,81.6379,-189.9],"timestamp":521370501640},false],[1,{"currentFrameRate":102.064,"devices":[],"gestures":[],"hands":[{"armBasis":[[0.88264,0.412018,-0.226246],[-0.185757,0.74789,0.637303],[0.431787,-0.520483,0.736653]],"armWidth":63.7005,"confidence":0.882439,"direction":[-0.135488,0.517591,-0.844833],"elbow":[167.663,155.279,290.992],"grabStrength":0,"id":405,"palmNormal":[0.204482,-0.81973,-0.535005],"palmPosition":[37.2975,318.299,44.2791],"palmVelocity":[11.864,-3.09861,-103.103],"palmWidth":90.9622,"pinchStrength":0.696584,"r":[[0.98984,0.0691561,0.124234],[-0.0836093,0.989821,0.115167],[-0.115005,-0.124385,0.985547]],"s":0.926541,"sphereCenter":[49.2924,290.296,4.88387],"sphereRadius":47.87,"stabilizedPalmPosition":[36.963,299.288,172.124],"t":[-13.7175,81.5877,-191.035],"timeVisible":1.46407,"type":"right","wrist":[51.1162,295.767,92.1569]}],"id":4107109,"interactionBox":{"center":[0,200,0],"size":[235.247,235.247,147.751]},"pointables":[{"bases":[[[0.180771,0.932871,0.311566],[-0.818777,-0.0327705,0.573176],[0.544909,-0.358717,0.757889]],[[-0.0713813,0.996434,-0.0449979],[-0.835936,-0.0351501,0.5477],[0.544165,0.0767109,0.835464]],[[-0.0713813,0.996434,-0.0449979],[-0.996384,-0.0691483,0.0493689],[0.0460813,0.0483592,0.997766]],[[-0.0713813,0.996434,-0.0449979],[-0.587152,-0.0784447,-0.805667],[-0.806324,-0.0310889,0.590657]]],"btipPosition":[16.298,273.407,-0.100338],"carpPosition":[26.1587,278.156,89.4196],"dipPosition":[-2.56708,272.68,13.7189],"direction":[-0.0460813,-0.0483592,-0.997766],"extended":false,"handId":405,"id":4050,"length":52.1005,"mcpPosition":[26.1587,278.156,89.4196],"pipPosition":[-0.996389,274.328,47.728],"stabilizedTipPosition":[4.60095,263.904,118.9],"timeVisible":1.46407,"tipPosition":[11.4588,273.845,2.93166],"tipVelocity":[0.438977,0.125886,-98.1451],"tool":false,"touchDistance":-0.456846,"touchZone":"touching","type":0,"width":20.2438},{"bases":[[[0.932937,0.328663,-0.147],[-0.246178,0.880242,0.405672],[0.262725,-0.342278,0.90212]],[[0.965802,0.257932,0.0264178],[-0.259165,0.963393,0.0686141],[-0.007753,-0.0731142,0.997293]],[[0.965802,0.257932,0.0264178],[-0.256303,0.965139,-0.0530626],[-0.0391834,0.044477,0.998242]],[[0.965802,0.257932,0.0264178],[-0.251958,0.957685,-0.139128],[-0.0611855,0.127714,0.989922]]],"btipPosition":[11.531,326.752,-59.4121],"carpPosition":[28.5289,301.694,90.7981],"dipPosition":[10.4859,328.933,-42.5038],"direction":[0.0391834,-0.044477,-0.998242],"extended":true,"handId":405,"id":4051,"length":58.7895,"mcpPosition":[9.20615,326.868,24.4497],"pipPosition":[9.53914,330.008,-18.3833],"stabilizedTipPosition":[4.1708,314.092,39.2233],"timeVisible":1.46407,"tipPosition":[11.3864,326.656,-55.4759],"tipVelocity":[1.46705,18.2513,-100.166],"tool":false,"touchDistance":-0.466589,"touchZone":"touching","type":1,"width":19.3369},{"bases":[[[0.988061,0.12449,-0.0907582],[-0.0790823,0.915406,0.394687],[0.132215,-0.382798,0.914322]],[[0.986178,0.12967,-0.103149],[-0.159452,0.573481,-0.803551],[-0.0450428,0.808892,0.58623]],[[0.986178,0.12967,-0.103149],[-0.0124474,-0.562793,-0.826504],[-0.165224,0.816364,-0.5534]],[[0.986178,0.12967,-0.103149],[0.0755035,-0.905828,-0.416863],[-0.147489,0.403313,-0.903098]]],"btipPosition":[39.7322,264.334,29.846],"carpPosition":[39.3157,307.396,89.1671],"dipPosition":[36.9614,271.91,12.8802],"direction":[0.165224,-0.816364,0.5534],"extended":false,"handId":405,"id":4052,"length":66.986,"mcpPosition":[30.0941,334.095,25.3962],"pipPosition":[32.2645,295.118,-2.85168],"stabilizedTipPosition":[42.5204,246.112,144.857],"timeVisible":1.46407,"tipPosition":[39.0838,265.699,25.3768],"tipVelocity":[-13.1051,0.942485,-90.7032],"tool":false,"touchDistance":0.333333,"touchZone":"none","type":2,"width":18.9914},{"bases":[[[0.99988,-0.00256213,0.0152878],[-0.00403262,0.909292,0.41614],[-0.0149673,-0.416152,0.909172]],[[0.99986,0.0104246,-0.0130893],[-0.0166547,0.544242,-0.838763],[-0.00162005,0.838863,0.54434]],[[0.99986,0.0104246,-0.0130893],[-0.00402609,-0.60938,-0.792868],[-0.0162417,0.79281,-0.609253]],[[0.99986,0.0104246,-0.0130893],[0.00471771,-0.926117,-0.377207],[-0.0160545,0.377093,-0.926036]]],"btipPosition":[52.9705,269.647,40.5859],"carpPosition":[51.2112,310.055,87.6633],"dipPosition":[52.6706,276.691,23.2891],"direction":[0.0162417,-0.79281,0.609253],"extended":false,"handId":405,"id":4053,"length":64.4088,"mcpPosition":[52.1485,336.115,30.7302],"pipPosition":[52.2208,298.646,6.41676],"stabilizedTipPosition":[56.8275,248.368,161.763],"timeVisible":1.46407,"tipPosition":[52.9369,270.999,36.3367],"tipVelocity":[-10.3208,-6.62744,-109.528],"tool":false,"touchDistance":0.333333,"touchZone":"none","type":3,"width":18.0715},{"bases":[[[0.978257,-0.200916,0.0514419],[0.150228,0.857462,0.492129],[-0.142986,-0.473701,0.869001]],[[0.977415,-0.203647,0.0564574],[0.165222,0.569824,-0.804986],[0.131762,0.796133,0.590602]],[[0.977415,-0.203647,0.0564574],[-0.0699252,-0.563764,-0.822971],[0.199424,0.800436,-0.565271]],[[0.977415,-0.203647,0.0564574],[-0.159946,-0.887487,-0.432184],[0.138118,0.413393,-0.900016]]],"btipPosition":[61.9247,282.176,40.8903],"carpPosition":[64.573,305.633,85.5796],"dipPosition":[64.3047,289.299,25.3816],"direction":[-0.199424,-0.800436,0.565271],"extended":false,"handId":405,"id":4054,"length":50.4953,"mcpPosition":[72.8615,333.092,35.2058],"pipPosition":[68.204,304.95,14.329],"stabilizedTipPosition":[62.0389,261.539,164.552],"timeVisible":1.46407,"tipPosition":[62.3982,283.513,36.9027],"tipVelocity":[-1.58475,-11.1585,-98.1262],"tool":false,"touchDistance":0.333333,"touchZone":"none","type":4,"width":16.0525}],"r":[[0.98984,0.0691561,0.124234],[-0.0836093,0.989821,0.115167],[-0.115005,-0.124385,0.985547]],"s":0.926541,"t":[-13.7175,81.5877,-191.035],"timestamp":521370510607},false],[2,{"currentFrameRate":102.466,"devices":[],"gestures":[],"hands":[{"armBasis":[[0.884073,0.407418,-0.228965],[-0.182887,0.752451,0.632747],[0.430077,-0.51752,0.739734]],"armWidth":63.7005,"confidence":0.835283,"direction":[-0.132392,0.520968,-0.843247],"elbow":[167.165,155.854,290.654],"grabStrength":0,"id":405,"palmNormal":[0.199803,-0.819245,-0.537509],"palmPosition":[37.3968,318.301,43.1773],"palmVelocity":[11.6371,-2.19211,-108.438],"palmWidth":90.9622,"pinchStrength":0.69815,"r":[[0.99017,0.0653424,0.123665],[-0.0797415,0.990123,0.115316],[-0.114909,-0.124044,0.985601]],"s":0.926919,"sphereCenter":[49.2888,290.371,3.70387],"sphereRadius":47.8837,"stabilizedPalmPosition":[36.963,299.288,172.124],"t":[-13.595,81.5635,-192.153],"timeVisible":1.47306,"type":"right","wrist":[51.0792,295.541,90.9867]}],"id":4107110,"interactionBox":{"center":[0,200,0],"size":[235.247,235.247,147.751]},"pointables":[{"bases":[[[0.186124,0.930845,0.314459],[-0.819021,-0.0298026,0.572988],[0.542735,-0.364196,0.756835]],[[-0.0655751,0.996969,-0.0418773],[-0.836965,-0.0321033,0.546314],[0.543313,0.0708744,0.836533]],[[-0.0655751,0.996969,-0.0418773],[-0.99678,-0.0635066,0.0489501],[0.0461423,0.0449524,0.997923]],[[-0.0655751,0.996969,-0.0418773],[-0.585642,-0.0724318,-0.807327],[-0.807913,-0.0284154,0.588617]]],"btipPosition":[16.2376,273.68,-1.33826],"carpPosition":[26.0207,278.084,88.1926],"dipPosition":[-2.66472,273.015,12.4333],"direction":[-0.0461423,-0.0449524,-0.997923],"extended":false,"handId":405,"id":4050,"length":52.1005,"mcpPosition":[26.0207,278.084,88.1926],"pipPosition":[-1.09195,274.548,46.4477],"stabilizedTipPosition":[4.60095,263.904,118.9],"timeVisible":1.47306,"tipPosition":[11.3827,274.104,1.6939],"tipVelocity":[-1.78728,8.8541,-109.328],"tool":false,"touchDistance":-0.458229,"touchZone":"touching","type":0,"width":20.2438},{"bases":[[[0.934839,0.323715,-0.145891],[-0.241133,0.880396,0.408359],[0.260634,-0.346571,0.901087]],[[0.967295,0.252154,0.0275532],[-0.253519,0.964613,0.0724558],[-0.00830815,-0.0770713,0.996991]],[[0.967295,0.252154,0.0275532],[-0.250633,0.966833,-0.0491701],[-0.0390378,0.0406562,0.99841]],[[0.967295,0.252154,0.0275532],[-0.246322,0.959703,-0.135261],[-0.0605494,0.12405,0.990427]]],"btipPosition":[11.6921,327.302,-60.49],"carpPosition":[28.5267,301.604,89.6439],"dipPosition":[10.6579,329.421,-43.5731],"direction":[0.0390378,-0.0406562,-0.99841],"extended":true,"handId":405,"id":4051,"length":58.7895,"mcpPosition":[9.35777,327.093,23.3715],"pipPosition":[9.7146,330.403,-19.4485],"stabilizedTipPosition":[4.17081,314.092,39.2232],"timeVisible":1.47306,"tipPosition":[11.5429,327.185,-56.5554],"tipVelocity":[6.05593,29.5897,-105.516],"tool":false,"touchDistance":-0.464402,"touchZone":"touching","type":1,"width":19.3369},{"bases":[[[0.988775,0.119055,-0.0902732],[-0.0738356,0.914627,0.3975],[0.129891,-0.386373,0.913151]],[[0.986923,0.124282,-0.102646],[-0.15605,0.577141,-0.801596],[-0.040383,0.807132,0.588988]],[[0.986923,0.124282,-0.102646],[-0.0155126,-0.560613,-0.827933],[-0.160442,0.818699,-0.551354]],[[0.986923,0.124282,-0.102646],[0.070469,-0.905392,-0.418688],[-0.14497,0.40598,-0.90231]]],"btipPosition":[39.5174,264.403,28.5864],"carpPosition":[39.3465,307.248,88.0317],"dipPosition":[36.7939,272.03,11.6353],"direction":[0.160442,-0.818699,0.551354],"extended":false,"handId":405,"id":4052,"length":66.986,"mcpPosition":[30.287,334.196,24.3424],"pipPosition":[32.2329,295.304,-4.03839],"stabilizedTipPosition":[42.5204,246.112,144.856],"timeVisible":1.47306,"tipPosition":[38.8794,265.78,24.1317],"tipVelocity":[-15.7337,3.16187,-104.152],"tool":false,"touchDistance":0.333333,"touchZone":"none","type":2,"width":18.9914},{"bases":[[[0.999846,-0.00839049,0.0153817],[0.00117482,0.908013,0.418941],[-0.0174819,-0.418859,0.907883]],[[0.999908,0.00460836,-0.0127922],[-0.0132376,0.544796,-0.838464],[0.00310517,0.838556,0.544807]],[[0.999908,0.00460836,-0.0127922],[-0.00732607,-0.609972,-0.792389],[-0.0114545,0.79241,-0.609881]],[[0.999908,0.00460836,-0.0127922],[-0.000549915,-0.926337,-0.376696],[-0.0135858,0.376669,-0.926248]]],"btipPosition":[52.7844,269.637,39.5411],"carpPosition":[51.2574,309.843,86.5373],"dipPosition":[52.5306,276.673,22.2403],"direction":[0.0114545,-0.79241,0.609881],"extended":false,"handId":405,"id":4053,"length":64.4088,"mcpPosition":[52.3521,336.072,29.6849],"pipPosition":[52.2134,298.617,5.35057],"stabilizedTipPosition":[56.8275,248.368,161.763],"timeVisible":1.47306,"tipPosition":[52.759,270.986,35.2301],"tipVelocity":[-12.8452,-5.16711,-111.388],"tool":false,"touchDistance":0.333333,"touchZone":"none","type":3,"width":18.0715},{"bases":[[[0.977073,-0.206726,0.0509218],[0.155124,0.855057,0.494786],[-0.145826,-0.475543,0.867522]],[[0.976223,-0.209441,0.0558789],[0.168541,0.571276,-0.803267],[0.136314,0.793586,0.592992]],[[0.976223,-0.209441,0.0558789],[-0.0731383,-0.560918,-0.824634],[0.204056,0.800941,-0.562899]],[[0.976223,-0.209441,0.0558789],[-0.165038,-0.885267,-0.434817],[0.140536,0.415256,-0.898784]]],"btipPosition":[61.8168,282.048,39.6856],"carpPosition":[64.5936,305.35,84.4413],"dipPosition":[64.2384,289.204,24.1982],"direction":[-0.204056,-0.800941,0.562899],"extended":false,"handId":405,"id":4054,"length":50.4953,"mcpPosition":[73.0468,332.916,34.1532],"pipPosition":[68.2283,304.864,13.1919],"stabilizedTipPosition":[62.0389,261.539,164.552],"timeVisible":1.47306,"tipPosition":[62.2984,283.396,35.7039],"tipVelocity":[-4.1496,-11.7786,-107.816],"tool":false,"touchDistance":0.333333,"touchZone":"none","type":4,"width":16.0525}],"r":[[0.99017,0.0653424,0.123665],[-0.0797415,0.990123,0.115316],[-0.114909,-0.124044,0.985601]],"s":0.926919,"t":[-13.595,81.5635,-192.153],"timestamp":521370519598},false],[3,{"currentFrameRate":102.815,"devices":[],"gestures":[],"hands":[{"armBasis":[[0.88354,0.407974,-0.230029],[-0.182734,0.752499,0.632736],[0.431237,-0.517013,0.739413]],"armWidth":63.7005,"confidence":0.846162,"direction":[-0.131728,0.5224,-0.842464],"elbow":[167.481,155.921,289.632],"grabStrength":0,"id":405,"palmNormal":[0.199341,-0.818549,-0.53874],"palmPosition":[37.4323,318.317,42.2741],"palmVelocity":[9.5056,-1.08443,-106.013],"palmWidth":90.9622,"pinchStrength":0.69978,"r":[[0.990426,0.0620993,0.123292],[-0.0765011,0.990329,0.115741],[-0.114912,-0.124065,0.985598]],"s":0.927389,"sphereCenter":[49.3159,290.458,2.76455],"sphereRadius":47.8968,"stabilizedPalmPosition":[36.963,299.288,172.124],"t":[-13.516,81.5597,-193.164],"timeVisible":1.48212,"type":"right","wrist":[51.0822,295.472,90.0518]}],"id":4107111,"interactionBox":{"center":[0,200,0],"size":[235.247,235.247,147.751]},"pointables":[{"bases":[[[0.186742,0.930204,0.315987],[-0.819223,-0.0300768,0.572685],[0.542218,-0.365808,0.756429]],[[-0.0648746,0.997074,-0.0404376],[-0.837332,-0.0323479,0.545737],[0.542832,0.0692641,0.83698]],[[-0.0648746,0.997074,-0.0404376],[-0.996817,-0.0628697,0.0490236],[0.0463379,0.0434892,0.997979]],[[-0.0648746,0.997074,-0.0404376],[-0.585296,-0.0708403,-0.807719],[-0.80822,-0.0287325,0.588179]]],"btipPosition":[16.2526,273.772,-2.32254],"carpPosition":[26.0112,278.039,87.2223],"dipPosition":[-2.65687,273.1,11.4388],"direction":[-0.0463379,-0.0434892,-0.997979],"extended":false,"handId":405,"id":4050,"length":52.1005,"mcpPosition":[26.0112,278.039,87.2223],"pipPosition":[-1.07743,274.582,45.455],"stabilizedTipPosition":[4.60095,263.904,118.9],"timeVisible":1.48212,"tipPosition":[11.4047,274.19,0.712142],"tipVelocity":[-0.885503,9.15673,-109.2],"tool":false,"touchDistance":-0.455539,"touchZone":"touching","type":0,"width":20.2438},{"bases":[[[0.935134,0.323225,-0.145089],[-0.240584,0.879936,0.409674],[0.260086,-0.348194,0.90062]],[[0.967497,0.251279,0.0284499],[-0.252734,0.964665,0.0744858],[-0.00872787,-0.079255,0.996816]],[[0.967497,0.251279,0.0284499],[-0.2498,0.967147,-0.047196],[-0.0393745,0.0385552,0.99848]],[[0.967497,0.251279,0.0284499],[-0.245459,0.96019,-0.133363],[-0.0608285,0.122045,0.990659]]],"btipPosition":[11.7715,327.55,-61.3862],"carpPosition":[28.5348,301.554,88.7115],"dipPosition":[10.7325,329.635,-44.4653],"direction":[0.0393745,-0.0385552,-0.99848],"extended":true,"handId":405,"id":4051,"length":58.7895,"mcpPosition":[9.40627,327.162,22.4735],"pipPosition":[9.78112,330.566,-20.339],"stabilizedTipPosition":[4.17082,314.092,39.223],"timeVisible":1.48212,"tipPosition":[11.6163,327.427,-57.4531],"tipVelocity":[6.77045,28.7382,-103.657],"tool":false,"touchDistance":-0.459725,"touchZone":"touching","type":1,"width":19.3369},{"bases":[[[0.988895,0.118436,-0.089777],[-0.0732566,0.914055,0.39892],[0.129308,-0.387914,0.91258]],[[0.987045,0.123701,-0.102181],[-0.155467,0.579942,-0.799686],[-0.039663,0.805211,0.59166]],[[0.987045,0.123701,-0.102181],[-0.0157898,-0.558874,-0.829102],[-0.159667,0.819974,-0.54968]],[[0.987045,0.123701,-0.102181],[0.0699919,-0.905035,-0.419538],[-0.144375,0.406951,-0.901968]]],"btipPosition":[39.5031,264.493,27.5233],"carpPosition":[39.3595,307.192,87.1115],"dipPosition":[36.7909,272.138,10.5787],"direction":[0.159667,-0.819974,0.54968],"extended":false,"handId":405,"id":4052,"length":66.986,"mcpPosition":[30.3407,334.248,23.4621],"pipPosition":[32.2519,295.448,-5.04743],"stabilizedTipPosition":[42.5204,246.112,144.856],"timeVisible":1.48212,"tipPosition":[38.873,265.872,23.123],"tipVelocity":[-11.7437,5.14971,-107.737],"tool":false,"touchDistance":0.333333,"touchZone":"none","type":2,"width":18.9914},{"bases":[[[0.999835,-0.00918416,0.0156801],[0.00174203,0.907349,0.420375],[-0.0180881,-0.420278,0.907215]],[[0.999917,0.00378255,-0.012308],[-0.0123843,0.544184,-0.838875],[0.00352473,0.838958,0.544185]],[[0.999917,0.00378255,-0.012308],[-0.00741881,-0.612025,-0.790803],[-0.0105241,0.790829,-0.611947]],[[0.999917,0.00378255,-0.012308],[-0.00109854,-0.927332,-0.374238],[-0.0128292,0.374221,-0.927251]]],"btipPosition":[52.7791,269.735,38.7743],"carpPosition":[51.2728,309.78,85.625],"dipPosition":[52.5395,276.725,21.4548],"direction":[0.0105241,-0.790829,0.611947],"extended":false,"handId":405,"id":4053,"length":64.4088,"mcpPosition":[52.4055,336.098,28.8144],"pipPosition":[52.2481,298.626,4.50784],"stabilizedTipPosition":[56.8275,248.368,161.763],"timeVisible":1.48212,"tipPosition":[52.7559,271.068,34.4051],"tipVelocity":[-9.35747,-1.07989,-104.123],"tool":false,"touchDistance":0.333333,"touchZone":"none","type":3,"width":18.0715},{"bases":[[[0.976898,-0.207558,0.0508999],[0.155627,0.854156,0.496184],[-0.146464,-0.476799,0.866724]],[[0.97594,-0.210606,0.0564467],[0.169515,0.570055,-0.803929],[0.137135,0.794155,0.59204]],[[0.97594,-0.210606,0.0564467],[-0.073797,-0.562657,-0.82339],[0.205171,0.799413,-0.564662]],[[0.97594,-0.210606,0.0564467],[-0.166097,-0.885816,-0.433292],[0.141255,0.413491,-0.899484]]],"btipPosition":[61.8032,282.091,38.8968],"carpPosition":[64.6063,305.281,83.526],"dipPosition":[64.2372,289.217,23.3973],"direction":[-0.205171,-0.799413,0.564662],"extended":false,"handId":405,"id":4054,"length":50.4953,"mcpPosition":[73.0964,332.919,33.2842],"pipPosition":[68.2489,304.847,12.3566],"stabilizedTipPosition":[62.0389,261.539,164.552],"timeVisible":1.48212,"tipPosition":[62.3002,283.441,34.8755],"tipVelocity":[-3.33141,-7.41541,-102.161],"tool":false,"touchDistance":0.333333,"touchZone":"none","type":4,"width":16.0525}],"r":[[0.990426,0.0620993,0.123292],[-0.0765011,0.990329,0.115741],[-0.114912,-0.124065,0.985598]],"s":0.927389,"t":[-13.516,81.5597,-193.164],"timestamp":521370528661},false],[4,{"currentFrameRate":103.161,"devices":[],"gestures":[],"hands":[{"armBasis":[[0.884488,0.405082,-0.231494],[-0.183389,0.758081,0.625845],[0.42901,-0.511099,0.744801]],"armWidth":63.7005,"confidence":0.851849,"direction":[-0.130543,0.523698,-0.841843],"elbow":[166.864,157.448,289.89],"grabStrength":0,"id":405,"palmNormal":[0.198331,-0.818152,-0.539715],"palmPosition":[37.4741,318.331,41.1013],"palmVelocity":[8.16087,-0.371041,-112.554],"palmWidth":90.9622,"pinchStrength":0.699106,"r":[[0.990629,0.0591683,0.123098],[-0.0736149,0.990479,0.116331],[-0.115043,-0.124303,0.985553]],"s":0.927923,"sphereCenter":[49.3436,290.518,1.56672],"sphereRadius":47.9091,"stabilizedPalmPosition":[36.963,299.288,172.124],"t":[-13.4555,81.5646,-194.256],"timeVisible":1.49116,"type":"right","wrist":[51.0672,295.402,88.8554]}],"id":4107112,"interactionBox":{"center":[0,200,0],"size":[235.247,235.247,147.751]},"pointables":[{"bases":[[[0.188024,0.929505,0.317283],[-0.819529,-0.0295657,0.572274],[0.541312,-0.367624,0.756197]],[[-0.0634402,0.99721,-0.0393305],[-0.837825,-0.0318049,0.545011],[0.54224,0.0675277,0.837506]],[[-0.0634402,0.99721,-0.0393305],[-0.996894,-0.0614785,0.0492261],[0.0466708,0.0423313,0.998013]],[[-0.0634402,0.99721,-0.0393305],[-0.585012,-0.0690881,-0.808077],[-0.80854,-0.0282557,0.587763]]],"btipPosition":[16.2379,273.86,-3.57069],"carpPosition":[25.9708,278.011,85.9918],"dipPosition":[-2.67906,273.199,10.1809],"direction":[-0.0466708,-0.0423313,-0.998013],"extended":false,"handId":405,"id":4050,"length":52.1005,"mcpPosition":[25.9708,278.011,85.9918],"pipPosition":[-1.08828,274.642,44.1983],"stabilizedTipPosition":[4.60095,263.904,118.9],"timeVisible":1.49116,"tipPosition":[11.4026,274.277,-0.531825],"tipVelocity":[-1.14246,9.38363,-117.228],"tool":false,"touchDistance":-0.457074,"touchZone":"touching","type":0,"width":20.2438},{"bases":[[[0.935694,0.321979,-0.144243],[-0.239421,0.879769,0.41071],[0.259141,-0.349764,0.900284]],[[0.96788,0.249692,0.029363],[-0.251239,0.96493,0.0760804],[-0.00933658,-0.0810138,0.996669]],[[0.96788,0.249692,0.029363],[-0.248243,0.967624,-0.0455954],[-0.0397972,0.0368417,0.998528]],[[0.96788,0.249692,0.029363],[-0.24387,0.960812,-0.131788],[-0.0611186,0.120394,0.990843]]],"btipPosition":[11.8773,327.777,-62.5581],"carpPosition":[28.5298,301.52,87.5128],"dipPosition":[10.8333,329.834,-45.6342],"direction":[0.0397972,-0.0368417,-0.998528],"extended":true,"handId":405,"id":4051,"length":58.7895,"mcpPosition":[9.4707,327.245,21.2995],"pipPosition":[9.8717,330.724,-21.5067],"stabilizedTipPosition":[4.17084,314.092,39.2228],"timeVisible":1.49116,"tipPosition":[11.7168,327.65,-58.6263],"tipVelocity":[8.09392,27.5563,-110.8],"tool":false,"touchDistance":-0.459654,"touchZone":"touching","type":1,"width":19.3369},{"bases":[[[0.989116,0.117036,-0.0891741],[-0.0720368,0.913646,0.400078],[0.128297,-0.389299,0.912133]],[[0.987276,0.122329,-0.101594],[-0.154229,0.581097,-0.799087],[-0.0387158,0.804588,0.59257]],[[0.987276,0.122329,-0.101594],[-0.0161059,-0.558682,-0.829226],[-0.158197,0.820311,-0.549603]],[[0.987276,0.122329,-0.101594],[0.069009,-0.905204,-0.419336],[-0.14326,0.40699,-0.902128]]],"btipPosition":[39.4695,264.562,26.325],"carpPosition":[39.3638,307.144,85.9251],"dipPosition":[36.7782,272.207,9.37742],"direction":[0.158197,-0.820311,0.549603],"extended":false,"handId":405,"id":4052,"length":66.986,"mcpPosition":[30.4155,334.297,22.3069],"pipPosition":[32.2811,295.527,-6.24653],"stabilizedTipPosition":[42.5204,246.112,144.856],"timeVisible":1.49116,"tipPosition":[38.8437,265.941,21.9234],"tipVelocity":[-9.38397,5.82928,-114.602],"tool":false,"touchDistance":0.333333,"touchZone":"none","type":2,"width":18.9914},{"bases":[[[0.999812,-0.0107382,0.0161216],[0.00294172,0.906797,0.421557],[-0.0191458,-0.42143,0.906659]],[[0.999928,0.00223758,-0.0117909],[-0.0111154,0.543133,-0.839573],[0.00452542,0.839644,0.543119]],[[0.999928,0.00223758,-0.0117909],[-0.0079327,-0.614013,-0.789256],[-0.00900579,0.789292,-0.613951]],[[0.999928,0.00223758,-0.0117909],[-0.0023114,-0.928167,-0.372158],[-0.0117767,0.372158,-0.928094]]],"btipPosition":[52.7479,269.794,37.7504],"carpPosition":[51.2818,309.716,84.4473],"dipPosition":[52.528,276.745,20.4151],"direction":[0.00900579,-0.789292,0.613951],"extended":false,"handId":405,"id":4053,"length":64.4088,"mcpPosition":[52.4807,336.107,27.6716],"pipPosition":[52.2786,298.603,3.41265],"stabilizedTipPosition":[56.8275,248.368,161.763],"timeVisible":1.49116,"tipPosition":[52.7268,271.119,33.328],"tipVelocity":[-7.59235,0.732944,-106.756],"tool":false,"touchDistance":0.333333,"touchZone":"none","type":3,"width":18.0715},{"bases":[[[0.976555,-0.209123,0.0510726],[0.15671,0.853269,0.497367],[-0.147589,-0.477702,0.866036]],[[0.97557,-0.212238,0.0567272],[0.170906,0.570958,-0.802994],[0.138037,0.793072,0.593282]],[[0.97557,-0.212238,0.0567272],[-0.0742406,-0.561526,-0.824122],[0.206764,0.799777,-0.563565]],[[0.97557,-0.212238,0.0567272],[-0.167297,-0.885082,-0.434329],[0.142389,0.414228,-0.898966]]],"btipPosition":[61.7889,282.081,37.6849],"carpPosition":[64.6093,305.199,82.3486],"dipPosition":[64.2424,289.218,22.1944],"direction":[-0.206764,-0.799777,0.563565],"extended":false,"handId":405,"id":4054,"length":50.4953,"mcpPosition":[73.1646,332.89,32.1466],"pipPosition":[68.2852,304.856,11.1751],"stabilizedTipPosition":[62.0389,261.539,164.552],"timeVisible":1.49116,"tipPosition":[62.2916,283.435,33.6725],"tipVelocity":[-2.71277,-5.61623,-110.892],"tool":false,"touchDistance":0.333333,"touchZone":"none","type":4,"width":16.0525}],"r":[[0.990629,0.0591683,0.123098],[-0.0736149,0.990479,0.116331],[-0.115043,-0.124303,0.985553]],"s":0.927923,"t":[-13.4555,81.5646,-194.256],"timestamp":521370537700},false],[5,{"currentFrameRate":103.411,"devices":[],"gestures":[],"hands":[{"armBasis":[[0.884791,0.40701,-0.226911],[-0.187175,0.75635,0.626817],[0.426745,-0.51213,0.745394]],"armWidth":63.7005,"confidence":0.860104,"direction":[-0.130114,0.525265,-0.840932],"elbow":[166.168,157.079,288.845],"grabStrength":0,"id":405,"palmNormal":[0.202025,-0.816304,-0.541141],"palmPosition":[37.4333,318.311,39.9173],"palmVelocity":[4.63752,-0.862392,-117.076],"palmWidth":90.9622,"pinchStrength":0.696047,"r":[[0.990694,0.0573525,0.123437],[-0.0719471,0.990496,0.117227],[-0.11554,-0.125017,0.985404]],"s":0.928696,"sphereCenter":[49.5799,290.639,0.326857],"sphereRadius":47.9638,"stabilizedPalmPosition":[36.963,299.288,172.124],"t":[-13.4457,81.5572,-195.393],"timeVisible":1.50036,"type":"right","wrist":[50.982,295.312,87.6501]}],"id":4107113,"interactionBox":{"center":[0,200,0],"size":[235.247,235.247,147.751]},"pointables":[{"bases":[[[0.184521,0.929317,0.319879],[-0.820782,-0.0333212,0.570269],[0.540619,-0.367777,0.756618]],[[-0.0682774,0.996863,-0.0400235],[-0.839782,-0.0357677,0.541745],[0.538614,0.0705999,0.839589]],[[-0.0682774,0.996863,-0.0400235],[-0.996485,-0.06619,0.0513454],[0.0485352,0.0433886,0.997879]],[[-0.0682774,0.996863,-0.0400235],[-0.58758,-0.0726012,-0.805903],[-0.806281,-0.0315079,0.590693]]],"btipPosition":[16.2757,273.589,-5.04348],"carpPosition":[25.944,277.854,84.687],"dipPosition":[-2.58845,272.852,8.77665],"direction":[-0.0485352,-0.0433886,-0.997879],"extended":false,"handId":405,"id":4050,"length":52.1005,"mcpPosition":[25.944,277.854,84.687],"pipPosition":[-0.93412,274.331,42.7895],"stabilizedTipPosition":[4.60095,263.904,118.9],"timeVisible":1.50036,"tipPosition":[11.5418,274.048,-1.93431],"tipVelocity":[0.694627,-2.01215,-128.745],"tool":false,"touchDistance":-0.461555,"touchZone":"touching","type":0,"width":20.2438},{"bases":[[[0.935072,0.325081,-0.141289],[-0.242994,0.8781,0.412183],[0.258059,-0.351088,0.900079]],[[0.96708,0.252397,0.0324233],[-0.254212,0.96397,0.0783437],[-0.0114813,-0.0840071,0.996399]],[[0.96708,0.252397,0.0324233],[-0.250935,0.967036,-0.0432816],[-0.0422787,0.0337207,0.998537]],[[0.96708,0.252397,0.0324233],[-0.246338,0.960496,-0.129484],[-0.0638238,0.117234,0.991051]]],"btipPosition":[12.0551,327.979,-63.7795],"carpPosition":[28.4297,301.367,86.2685],"dipPosition":[10.9649,329.981,-46.852],"direction":[0.0422787,-0.0337207,-0.998537],"extended":true,"handId":405,"id":4051,"length":58.7895,"mcpPosition":[9.45025,327.188,20.0703],"pipPosition":[9.94336,330.796,-22.7244],"stabilizedTipPosition":[4.17086,314.093,39.2226],"timeVisible":1.50036,"tipPosition":[11.8821,327.839,-59.8495],"tipVelocity":[10.9142,25.5983,-116.925],"tool":false,"touchDistance":-0.460331,"touchZone":"touching","type":1,"width":19.3369},{"bases":[[[0.988972,0.120169,-0.086569],[-0.0756859,0.912496,0.402023],[0.127305,-0.391038,0.911528]],[[0.987141,0.125498,-0.0990078],[-0.154105,0.582568,-0.798039],[-0.0424733,0.803035,0.594416]],[[0.987141,0.125498,-0.0990078],[-0.0123593,-0.557602,-0.830017],[-0.159372,0.820567,-0.548881]],[[0.987141,0.125498,-0.0990078],[0.0728902,-0.904628,-0.419924],[-0.142265,0.407307,-0.902143]]],"btipPosition":[39.6214,264.626,25.0523],"carpPosition":[39.2507,307.026,84.7194],"dipPosition":[36.9488,272.278,8.10443],"direction":[0.159372,-0.820567,0.548881],"extended":false,"handId":405,"id":4052,"length":66.986,"mcpPosition":[30.3716,334.3,21.1434],"pipPosition":[32.4182,295.605,-7.49899],"stabilizedTipPosition":[42.5204,246.112,144.856],"timeVisible":1.50036,"tipPosition":[39.0028,266.006,20.6544],"tipVelocity":[-2.01026,6.2083,-121.251],"tool":false,"touchDistance":0.333333,"touchZone":"none","type":2,"width":18.9914},{"bases":[[[0.999799,-0.00781702,0.0184552],[-0.000738133,0.905819,0.423664],[-0.0200288,-0.423592,0.905632]],[[0.999942,0.0052153,-0.00940847],[-0.0107308,0.544875,-0.838449],[0.000753678,0.838501,0.544899]],[[0.999942,0.0052153,-0.00940847],[-0.00423997,-0.612733,-0.790278],[-0.00988642,0.790272,-0.612676]],[[0.999942,0.0052153,-0.00940847],[0.00132323,-0.927607,-0.373556],[-0.0106756,0.373522,-0.92756]]],"btipPosition":[52.8582,269.848,36.5182],"carpPosition":[51.1645,309.637,83.2757],"dipPosition":[52.6588,276.825,19.193],"direction":[0.00988642,-0.790272,0.612676],"extended":false,"handId":405,"id":4053,"length":64.4088,"mcpPosition":[52.4187,336.163,26.5643],"pipPosition":[52.385,298.71,2.22584],"stabilizedTipPosition":[56.8275,248.368,161.763],"timeVisible":1.50036,"tipPosition":[52.8429,271.182,32.0996],"tipVelocity":[-1.97217,2.35877,-114.294],"tool":false,"touchDistance":0.333333,"touchZone":"none","type":3,"width":18.0715},{"bases":[[[0.977048,-0.20635,0.0528912],[0.15301,0.852571,0.499712],[-0.148209,-0.480149,0.864576]],[[0.976036,-0.209551,0.0586618],[0.171269,0.573461,-0.80113],[0.134237,0.791979,0.595609]],[[0.976036,-0.209551,0.0586618],[-0.0706084,-0.559968,-0.8255],[0.205833,0.801576,-0.561345]],[[0.976036,-0.209551,0.0586618],[-0.163715,-0.884719,-0.436427],[0.143353,0.416365,-0.897825]]],"btipPosition":[61.8616,282.154,36.4736],"carpPosition":[64.5102,305.164,81.1979],"dipPosition":[64.3318,289.328,21.0027],"direction":[-0.205833,-0.801576,0.561345],"extended":false,"handId":405,"id":4054,"length":50.4953,"mcpPosition":[73.1015,332.997,31.0807],"pipPosition":[68.3564,305.002,10.0268],"stabilizedTipPosition":[62.0389,261.539,164.552],"timeVisible":1.50036,"tipPosition":[62.3716,283.517,32.4723],"tipVelocity":[0.373693,-1.55679,-116.572],"tool":false,"touchDistance":0.333333,"touchZone":"none","type":4,"width":16.0525}],"r":[[0.990694,0.0573525,0.123437],[-0.0719471,0.990496,0.117227],[-0.11554,-0.125017,0.985404]],"s":0.928696,"t":[-13.4457,81.5572,-195.393],"timestamp":521370546898},false],[6,{"currentFrameRate":103.822,"devices":[],"gestures":[],"hands":[{"armBasis":[[0.886539,0.404628,-0.224332],[-0.186627,0.756444,0.626867],[0.423343,-0.513876,0.746132]],"armWidth":63.7005,"confidence":0.868532,"direction":[-0.129336,0.52601,-0.840586],"elbow":[165.249,156.55,288.164],"grabStrength":0,"id":405,"palmNormal":[0.201305,-0.816126,-0.541677],"palmPosition":[37.4699,318.302,39.0505],"palmVelocity":[4.50013,-0.900801,-111.878],"palmWidth":90.9622,"pinchStrength":0.693823,"r":[[0.990748,0.0556723,0.123767],[-0.0704099,0.990504,0.118084],[-0.116018,-0.125706,0.98526]],"s":0.929383,"sphereCenter":[49.6619,290.661,-0.565207],"sphereRadius":47.9879,"stabilizedPalmPosition":[36.963,299.288,172.124],"t":[-13.4225,81.5491,-196.396],"timeVisible":1.50922,"type":"right","wrist":[50.9816,295.255,86.7701]}],"id":4107114,"interactionBox":{"center":[0,200,0],"size":[235.247,235.247,147.751]},"pointables":[{"bases":[[[0.185418,0.92889,0.320599],[-0.820968,-0.0328655,0.570028],[0.54003,-0.368895,0.756495]],[[-0.0683005,0.996826,-0.040895],[-0.840541,-0.0354143,0.54059],[0.537426,0.0712965,0.840292]],[[-0.0683005,0.996826,-0.040895],[-0.99639,-0.0660847,0.0532837],[0.0504121,0.0443867,0.997742]],[[-0.0683005,0.996826,-0.040895],[-0.589109,-0.0733782,-0.804715],[-0.805162,-0.0308708,0.592251]]],"btipPosition":[16.2268,273.476,-6.00945],"carpPosition":[25.926,277.825,83.7879],"dipPosition":[-2.61116,272.754,7.84713],"direction":[-0.0504121,-0.0443867,-0.997742],"extended":false,"handId":405,"id":4050,"length":52.1005,"mcpPosition":[25.926,277.825,83.7879],"pipPosition":[-0.892858,274.267,41.8553],"stabilizedTipPosition":[4.60095,263.904,118.9],"timeVisible":1.50922,"tipPosition":[11.5406,273.96,-2.8666],"tipVelocity":[-0.804623,-4.81066,-123.161],"tool":false,"touchDistance":-0.458097,"touchZone":"touching","type":0,"width":20.2438},{"bases":[[[0.935453,0.324194,-0.140807],[-0.242175,0.878058,0.412753],[0.257449,-0.352011,0.899893]],[[0.967355,0.251258,0.03307],[-0.253146,0.964151,0.0795636],[-0.0118935,-0.0853378,0.996281]],[[0.967355,0.251258,0.03307],[-0.249828,0.967378,-0.0420168],[-0.0425483,0.0323834,0.998569]],[[0.967355,0.251258,0.03307],[-0.245212,0.960953,-0.128218],[-0.0639945,0.115923,0.991195]]],"btipPosition":[12.1334,328.126,-64.6455],"carpPosition":[28.4361,301.334,85.387],"dipPosition":[11.0404,330.106,-47.7156],"direction":[0.0425483,-0.0323834,-0.998569],"extended":true,"handId":405,"id":4051,"length":58.7895,"mcpPosition":[9.50148,327.223,19.2024],"pipPosition":[10.0123,330.888,-23.5871],"stabilizedTipPosition":[4.17088,314.093,39.2223],"timeVisible":1.50922,"tipPosition":[11.9552,327.98,-60.7167],"tipVelocity":[10.3342,22.9997,-111.724],"tool":false,"touchDistance":-0.455613,"touchZone":"touching","type":1,"width":19.3369},{"bases":[[[0.989121,0.119186,-0.086221],[-0.0748278,0.912285,0.402663],[0.12665,-0.391831,0.911279]],[[0.987287,0.124561,-0.098739],[-0.153333,0.582696,-0.798094],[-0.0418764,0.803088,0.594388]],[[0.987287,0.124561,-0.098739],[-0.0124276,-0.558806,-0.829206],[-0.158462,0.819891,-0.550153]],[[0.987287,0.124561,-0.098739],[0.072415,-0.905469,-0.418189],[-0.141495,0.405723,-0.902977]]],"btipPosition":[39.6108,264.685,24.2484],"carpPosition":[39.2635,306.983,83.8449],"dipPosition":[36.9526,272.307,7.28482],"direction":[0.158462,-0.819891,0.550153],"extended":false,"handId":405,"id":4052,"length":66.986,"mcpPosition":[30.4301,334.312,20.2862],"pipPosition":[32.4479,295.615,-8.35478],"stabilizedTipPosition":[42.5204,246.112,144.856],"timeVisible":1.50922,"tipPosition":[38.993,266.058,19.8325],"tipVelocity":[-1.68902,6.10937,-113.108],"tool":false,"touchDistance":0.333333,"touchZone":"none","type":2,"width":18.9914},{"bases":[[[0.999785,-0.00888731,0.0187134],[0.000107155,0.905513,0.424318],[-0.0207163,-0.424225,0.90532]],[[0.99995,0.00415629,-0.00912222],[-0.0099112,0.546308,-0.837526],[0.00150254,0.837574,0.546321]],[[0.99995,0.00415629,-0.00912222],[-0.00467386,-0.61173,-0.791053],[-0.00886818,0.791055,-0.61168]],[[0.99995,0.00415629,-0.00912222],[0.000440165,-0.927324,-0.37426],[-0.0100148,0.374237,-0.927279]]],"btipPosition":[52.8432,269.839,35.5719],"carpPosition":[51.1804,309.582,82.4062],"dipPosition":[52.6561,276.829,18.2519],"direction":[0.00886818,-0.791055,0.61168],"extended":false,"handId":405,"id":4053,"length":64.4088,"mcpPosition":[52.4776,336.147,25.7143],"pipPosition":[52.4105,298.736,1.31232],"stabilizedTipPosition":[56.8275,248.368,161.763],"timeVisible":1.50922,"tipPosition":[52.8301,271.179,31.1865],"tipVelocity":[-1.81049,1.54659,-112.243],"tool":false,"touchDistance":0.333333,"touchZone":"none","type":3,"width":18.0715},{"bases":[[[0.976815,-0.207421,0.053],[0.153778,0.852047,0.500368],[-0.148945,-0.480617,0.864189]],[[0.975756,-0.210756,0.0590043],[0.1725,0.574666,-0.800001],[0.134697,0.790785,0.59709]],[[0.975756,-0.210756,0.0590043],[-0.0707538,-0.558888,-0.826219],[0.207108,0.802014,-0.56025]],[[0.975756,-0.210756,0.0590043],[-0.164561,-0.884247,-0.437067],[0.144289,0.416761,-0.897491]]],"btipPosition":[61.8587,282.14,35.5473],"carpPosition":[64.5219,305.096,80.3287],"dipPosition":[64.345,289.322,20.0821],"direction":[-0.207108,-0.802014,0.56025],"extended":false,"handId":405,"id":4054,"length":50.4953,"mcpPosition":[73.1559,332.957,30.2338],"pipPosition":[68.3945,305.004,9.12768],"stabilizedTipPosition":[62.0389,261.539,164.552],"timeVisible":1.50922,"tipPosition":[62.3745,283.508,31.5756],"tipVelocity":[0.297354,-1.49683,-113.289],"tool":false,"touchDi