{"sensorType":"Leap","data":[[0,{"currentFrameRate":102.626,"devices":[],"gestures":[],"hands":[{"armBasis":[[0.860866,0.416916,-0.291704],[-0.219498,0.821473,0.52631],[0.459054,-0.389054,0.798691]],"armWidth":63.7064,"confidence":0.674654,"direction":[-0.181043,0.620172,-0.763289],"elbow":[193.215,174.708,295.173],"grabStrength":0,"id":474,"palmNormal":[0.194932,-0.738088,-0.645932],"palmPosition":[53.0184,307.999,35.6707],"palmVelocity":[-38.4543,84.4495,-317.008],"palmWidth":90.9705,"pinchStrength":0.440047,"r":[[0.99561,-0.0935903,-0.000843115],[0.0935911,0.99561,0.00102874],[0.000743134,-0.00110313,0.999999]],"s":0.962134,"sphereCenter":[50.1948,286.246,-6.88818],"sphereRadius":48.3961,"stabilizedPalmPosition":[58.953,287.569,77.1113],"t":[-15.7743,76.7693,-106.556],"timeVisible":0.271453,"type":"right","wrist":[69.2972,279.73,79.5723]}],"id":4140835,"interactionBox":{"center":[0,200,0],"size":[235.247,235.247,147.751]},"pointables":[{"bases":[[[0.178217,0.888111,0.423672],[-0.792313,-0.125806,0.597003],[0.583506,-0.442077,0.681241]],[[0.0336871,0.967996,0.248693],[-0.792881,-0.125604,0.596291],[0.608444,-0.217272,0.763275]],[[0.0336871,0.967996,0.248693],[-0.948877,-0.0471627,0.312104],[0.313844,-0.246493,0.91692]],[[0.0336871,0.967996,0.248693],[-0.899763,0.137697,-0.414084],[-0.435077,-0.209816,0.875606]]],"btipPosition":[13.6627,286.22,-14.2648],"carpPosition":[44.5465,262.064,75.5721],"dipPosition":[3.48254,281.31,6.22314],"direction":[-0.313845,0.246493,-0.91692],"extended":true,"handId":474,"id":4740,"length":52.1052,"mcpPosition":[44.5465,262.064,75.5721],"pipPosition":[14.181,272.908,37.4794],"stabilizedTipPosition":[12.8846,261.876,44.969],"timeVisible":0.271453,"tipPosition":[9.95521,286.327,-8.67366],"tipVelocity":[15.4548,67.7364,-352.39],"tool":false,"touchDistance":-0.496224,"touchZone":"hovering","type":0,"width":20.2457},{"bases":[[[0.919881,0.366086,-0.140712],[-0.243259,0.813994,0.527483],[0.307643,-0.450992,0.837832]],[[0.925942,0.356847,-0.123658],[-0.271045,0.855914,0.440393],[0.262993,-0.374262,0.889248]],[[0.925942,0.356847,-0.123658],[-0.33747,0.928775,0.153267],[0.169543,-0.100186,0.980417]],[[0.925942,0.356847,-0.123658],[-0.367816,0.926373,-0.0808961],[0.0856856,0.120388,0.989022]]],"btipPosition":[7.08656,334.883,-60.4772],"carpPosition":[46.572,285.271,79.931],"dipPosition":[8.55023,336.94,-43.5828],"direction":[-0.169543,0.100186,-0.980417],"extended":true,"handId":474,"id":4741,"length":58.7949,"mcpPosition":[23.9437,318.443,18.3053],"pipPosition":[12.6473,334.519,-19.8908],"stabilizedTipPosition":[9.04655,316.549,-10.0134],"timeVisible":0.271453,"tipPosition":[7.23312,336.297,-55.8718],"tipVelocity":[18.5942,80.7299,-351.135],"tool":false,"touchDistance":-0.563725,"touchZone":"hovering","type":1,"width":19.3387},{"bases":[[[0.980889,0.157624,-0.114071],[-0.0774267,0.854068,0.514367],[0.178501,-0.495704,0.84995]],[[0.98264,0.152612,-0.105486],[-0.185392,0.828895,-0.527791],[0.00688944,0.538185,0.842799]],[[0.98264,0.152612,-0.105486],[-0.0815803,-0.155214,-0.984507],[-0.16662,0.976022,-0.140069]],[[0.98264,0.152612,-0.105486],[0.0251689,-0.673003,-0.739211],[-0.183805,0.723724,-0.665161]]],"btipPosition":[52.5867,258.676,-4.8002],"carpPosition":[57.1793,291.38,78.6217],"dipPosition":[49.1334,272.273,-17.2972],"direction":[0.16662,-0.976022,0.140069],"extended":false,"handId":474,"id":4742,"length":66.9921,"mcpPosition":[44.7283,325.957,19.3351],"pipPosition":[44.3963,300.022,-21.2794],"stabilizedTipPosition":[58.8364,248.799,15.2228],"timeVisible":0.271453,"tipPosition":[51.5619,261.925,-9.69909],"tipVelocity":[-63.4646,81.9992,-242.224],"tool":false,"touchDistance":0.333333,"touchZone":"none","type":2,"width":18.9931},{"bases":[[[0.999492,0.0181241,-0.0261993],[-0.00141912,0.84691,0.531735],[0.0318256,-0.531428,0.846506]],[[0.999891,0.00903211,-0.0117172],[-0.0147748,0.650229,-0.759594],[0.0007581,0.759684,0.650292]],[[0.999891,0.00903211,-0.0117172],[-0.00202497,-0.700997,-0.713162],[-0.014655,0.713107,-0.700902]],[[0.999891,0.00903211,-0.0117172],[0.00710582,-0.987871,-0.155116],[-0.0129761,0.155016,-0.987827]]],"btipPosition":[67.5731,271.182,32.7959],"carpPosition":[68.9518,294.482,76.9934],"dipPosition":[67.3307,274.078,14.3433],"direction":[0.014655,-0.713107,0.700902],"extended":false,"handId":474,"id":4743,"length":64.4147,"mcpPosition":[66.9587,327.764,23.9796],"pipPosition":[66.9248,293.828,-5.06894],"stabilizedTipPosition":[75.7257,258.04,59.6687],"timeVisible":0.271453,"tipPosition":[67.5054,272.133,27.2007],"tipVelocity":[-68.388,66.1736,-296.087],"tool":false,"touchDistance":0.333333,"touchZone":"none","type":3,"width":18.0732},{"bases":[[[0.982861,-0.18369,-0.0155448],[0.156873,0.789119,0.593871],[-0.0968211,-0.586131,0.80441]],[[0.983357,-0.180605,-0.0197741],[0.112353,0.690025,-0.715012],[0.14278,0.700891,0.698832]],[[0.983357,-0.180605,-0.0197741],[-0.132879,-0.6407,-0.756206],[0.123905,0.746248,-0.654035]],[[0.983357,-0.180605,-0.0197741],[-0.180488,-0.958608,-0.220214],[0.0208161,0.220118,-0.975251]]],"btipPosition":[80.0687,281.489,32.0578],"carpPosition":[82.2848,290.673,73.8006],"dipPosition":[80.4274,285.283,15.2512],"direction":[-0.123905,-0.746248,0.654035],"extended":false,"handId":474,"id":4744,"length":50.4999,"mcpPosition":[87.8978,324.653,27.1667],"pipPosition":[82.8503,299.875,2.46181],"stabilizedTipPosition":[88.5632,267.35,64.4071],"timeVisible":0.271453,"tipPosition":[80.2581,282.583,27.2722],"tipVelocity":[-61.7687,53.4587,-284.677],"tool":false,"touchDistance":0.333333,"touchZone":"none","type":4,"width":16.054}],"r":[[0.99561,-0.0935903,-0.000843115],[0.0935911,0.99561,0.00102874],[0.000743134,-0.00110313,0.999999]],"s":0.962134,"t":[-15.7743,76.7693,-106.556],"timestamp":521809767626},false],[1,{"currentFrameRate":103.107,"devices":[],"gestures":[],"hands":[{"armBasis":[[0.86224,0.413481,-0.292533],[-0.218217,0.824466,0.522147],[0.457082,-0.38638,0.801116]],"armWidth":63.7064,"confidence":0.691131,"direction":[-0.17653,0.621565,-0.763213],"elbow":[192.606,175.56,294.463],"grabStrength":0,"id":474,"palmNormal":[0.193565,-0.738327,-0.646069],"palmPosition":[53.1713,308.234,34.2892],"palmVelocity":[-23.4277,68.9202,-274.028],"palmWidth":90.9705,"pinchStrength":0.443603,"r":[[0.994857,-0.101285,0.00107652],[0.101286,0.994857,-0.00112602],[-0.000956935,0.00122927,0.999999]],"s":0.959554,"sphereCenter":[50.5445,286.518,-8.31109],"sphereRadius":48.3791,"stabilizedPalmPosition":[58.871,287.862,76.5041],"t":[-15.8437,77.1552,-108.614],"timeVisible":0.280239,"type":"right","wrist":[69.2208,279.86,78.2079]}],"id":4140836,"interactionBox":{"center":[0,200,0],"size":[235.247,235.247,147.751]},"pointables":[{"bases":[[[0.180767,0.887008,0.424901],[-0.794358,-0.123065,0.594853],[0.57993,-0.445053,0.682355]],[[0.0362031,0.967931,0.248594],[-0.795926,-0.122497,0.592871],[0.60431,-0.219326,0.765967]],[[0.0362031,0.967931,0.248594],[-0.949922,-0.0439297,0.309385],[0.310384,-0.247345,0.917868]],[[0.0362031,0.967931,0.248594],[-0.898198,0.140568,-0.416511],[-0.438098,-0.208207,0.874482]]],"btipPosition":[13.9194,286.549,-15.8486],"carpPosition":[44.4083,262.3,74.1287],"dipPosition":[3.66855,281.678,4.61305],"direction":[-0.310384,0.247345,-0.917868],"extended":true,"handId":474,"id":4740,"length":52.1052,"mcpPosition":[44.4083,262.3,74.1287],"pipPosition":[14.249,273.246,35.9016],"stabilizedTipPosition":[12.8774,262.004,44.664],"timeVisible":0.280239,"tipPosition":[10.2569,286.637,-10.2871],"tipVelocity":[18.6598,59.8727,-306.269],"tool":false,"touchDistance":-0.498783,"touchZone":"hovering","type":0,"width":20.2457},{"bases":[[[0.921735,0.362428,-0.138027],[-0.241275,0.814533,0.527563],[0.303631,-0.452971,0.838228]],[[0.927836,0.352952,-0.120607],[-0.26986,0.858447,0.436169],[0.257481,-0.372146,0.891746]],[[0.927836,0.352952,-0.120607],[-0.333963,0.930123,0.152777],[0.166102,-0.101473,0.980874]],[[0.927836,0.352952,-0.120607],[-0.363284,0.928429,-0.0777491],[0.0845331,0.115953,0.989651]]],"btipPosition":[7.66696,335.268,-62.0535],"carpPosition":[46.5177,285.494,78.513],"dipPosition":[9.11095,337.249,-45.1483],"direction":[-0.166102,0.101473,-0.980874],"extended":true,"handId":474,"id":4741,"length":58.7949,"mcpPosition":[24.1845,318.812,16.8581],"pipPosition":[13.1248,334.797,-21.4453],"stabilizedTipPosition":[9.03849,316.696,-10.384],"timeVisible":0.280239,"tipPosition":[7.79565,336.656,-57.4487],"tipVelocity":[31.2248,70.2663,-304.86],"tool":false,"touchDistance":-0.559293,"touchZone":"hovering","type":1,"width":19.3387},{"bases":[[[0.981818,0.153694,-0.111411],[-0.0752465,0.853937,0.514908],[0.174276,-0.497163,0.849975]],[[0.98348,0.148808,-0.103066],[-0.18088,0.829912,-0.527758],[0.0070008,0.537682,0.843119]],[[0.98348,0.148808,-0.103066],[-0.0785167,-0.162334,-0.983607],[-0.1631,0.975451,-0.147969]],[[0.98348,0.148808,-0.103066],[0.0264915,-0.681569,-0.731274],[-0.179066,0.716463,-0.674252]]],"btipPosition":[52.661,259.136,-5.80745],"carpPosition":[57.1533,291.561,77.2363],"dipPosition":[49.2967,272.596,-18.4753],"direction":[0.1631,-0.975451,0.147969],"extended":false,"handId":474,"id":4742,"length":66.9921,"mcpPosition":[44.9971,326.24,17.9479],"pipPosition":[44.6597,300.329,-22.6821],"stabilizedTipPosition":[58.6549,249.15,14.5975],"timeVisible":0.280239,"tipPosition":[51.6745,262.297,-10.702],"tipVelocity":[-43.4901,73.0516,-209.104],"tool":false,"touchDistance":0.333333,"touchZone":"none","type":2,"width":18.9931},{"bases":[[[0.999623,0.0140432,-0.0236123],[0.000686106,0.846451,0.532465],[0.0274642,-0.532281,0.846122]],[[0.999945,0.00500813,-0.00924981],[-0.010284,0.650144,-0.759742],[0.00220882,0.759795,0.650159]],[[0.999945,0.00500813,-0.00924981],[-0.00308971,-0.700738,-0.713412],[-0.0100546,0.713401,-0.700684]],[[0.999945,0.00500813,-0.00924981],[0.00350335,-0.987741,-0.156065],[-0.00991801,0.156024,-0.987703]]],"btipPosition":[67.5877,271.338,31.465],"carpPosition":[68.9426,294.616,75.6409],"dipPosition":[67.4024,274.253,13.0147],"direction":[0.0100546,-0.713401,0.700684],"extended":false,"handId":474,"id":4743,"length":64.4147,"mcpPosition":[67.2226,327.951,22.6511],"pipPosition":[67.124,294.011,-6.3915],"stabilizedTipPosition":[75.577,258.294,59.079],"timeVisible":0.280239,"tipPosition":[67.5362,272.294,25.8962],"tipVelocity":[-49.1407,53.2664,-257.167],"tool":false,"touchDistance":0.333333,"touchZone":"none","type":3,"width":18.0732},{"bases":[[[0.982136,-0.18771,-0.0131761],[0.158579,0.787958,0.594958],[-0.101297,-0.586419,0.803649]],[[0.982522,-0.185431,-0.0162965],[0.118117,0.688718,-0.715343],[0.143871,0.700916,0.698583]],[[0.982522,-0.185431,-0.0162965],[-0.133453,-0.64066,-0.756138],[0.129771,0.745097,-0.654209]],[[0.982522,-0.185431,-0.0162965],[-0.184414,-0.957726,-0.220798],[0.0253352,0.219944,-0.975183]]],"btipPosition":[80.0803,281.613,30.7915],"carpPosition":[82.2681,290.755,72.4791],"dipPosition":[80.5169,285.403,13.9861],"direction":[-0.129771,-0.745097,0.654209],"extended":false,"handId":474,"id":4744,"length":50.4999,"mcpPosition":[88.1405,324.752,25.8893],"pipPosition":[83.0545,299.973,1.19328],"stabilizedTipPosition":[88.4675,267.523,63.9791],"timeVisible":0.280239,"tipPosition":[80.3003,282.7,26.0194],"tipVelocity":[-44.2486,42.8337,-246.858],"tool":false,"touchDistance":0.333333,"touchZone":"none","type":4,"width":16.054}],"r":[[0.994857,-0.101285,0.00107652],[0.101286,0.994857,-0.00112602],[-0.000956935,0.00122927,0.999999]],"s":0.959554,"t":[-15.8437,77.1552,-108.614],"timestamp":521809776412},false],[2,{"currentFrameRate":103.309,"devices":[],"gestures":[],"hands":[{"armBasis":[[0.865401,0.410641,-0.287151],[-0.219307,0.825659,0.519799],[0.45054,-0.38686,0.804583]],"armWidth":63.7064,"confidence":0.708894,"direction":[-0.174724,0.622392,-0.762954],"elbow":[190.905,175.658,294.095],"grabStrength":0,"id":474,"palmNormal":[0.194486,-0.737792,-0.646404],"palmPosition":[53.3357,308.512,32.9815],"palmVelocity":[-11.8245,57.9178,-236.386],"palmWidth":90.9705,"pinchStrength":0.446813,"r":[[0.994197,-0.107529,0.0029987],[0.107537,0.994198,-0.00260417],[-0.00270128,0.00291153,0.999992]],"s":0.95726,"sphereCenter":[50.9864,286.828,-9.66213],"sphereRadius":48.3546,"stabilizedPalmPosition":[58.8103,288.089,76.0271],"t":[-15.7961,77.4873,-110.297],"timeVisible":0.289536,"type":"right","wrist":[69.2848,280.088,76.9042]}],"id":4140837,"interactionBox":{"center":[0,200,0],"size":[235.247,235.247,147.751]},"pointables":[{"bases":[[[0.180353,0.886507,0.42612],[-0.79559,-0.123261,0.593163],[0.578367,-0.445996,0.683066]],[[0.0353879,0.967957,0.248609],[-0.798122,-0.122342,0.589944],[0.601455,-0.219297,0.768219]],[[0.0353879,0.967957,0.248609],[-0.950555,-0.0441994,0.307395],[0.308534,-0.247195,0.918532]],[[0.0353879,0.967957,0.248609],[-0.897037,0.140424,-0.419054],[-0.440537,-0.208182,0.873262]]],"btipPosition":[14.2458,286.786,-17.3249],"carpPosition":[44.472,262.544,72.7589],"dipPosition":[3.9378,281.915,3.10825],"direction":[-0.308534,0.247195,-0.918532],"extended":true,"handId":474,"id":4740,"length":52.1052,"mcpPosition":[44.472,262.544,72.7589],"pipPosition":[14.4552,273.488,34.4195],"stabilizedTipPosition":[12.8732,262.103,44.4249],"timeVisible":0.289536,"tipPosition":[10.6164,286.847,-11.7913],"tipVelocity":[22.9008,50.1627,-264.845],"tool":false,"touchDistance":-0.49948,"touchZone":"hovering","type":0,"width":20.2457},{"bases":[[[0.922179,0.362118,-0.135853],[-0.241926,0.814135,0.527878],[0.301757,-0.453932,0.838384]],[[0.928446,0.352287,-0.117819],[-0.271595,0.860161,0.431694],[0.253423,-0.368806,0.894292]],[[0.928446,0.352287,-0.117819],[-0.33365,0.930297,0.152398],[0.163294,-0.102183,0.981271]],[[0.928446,0.352287,-0.117819],[-0.361994,0.929225,-0.0741666],[0.0833523,0.111509,0.990262]]],"btipPosition":[8.13328,335.527,-63.5374],"carpPosition":[46.5839,285.733,77.1699],"dipPosition":[9.5571,337.432,-46.6219],"direction":[-0.163294,0.102183,-0.981271],"extended":true,"handId":474,"id":4741,"length":58.7949,"mcpPosition":[24.3885,319.121,15.5035],"pipPosition":[13.5031,334.963,-22.9092],"stabilizedTipPosition":[9.03496,316.814,-10.6851],"timeVisible":0.289536,"tipPosition":[8.23274,336.887,-58.9334],"tipVelocity":[36.4275,57.7614,-263.796],"tool":false,"touchDistance":-0.55392,"touchZone":"hovering","type":1,"width":19.3387},{"bases":[[[0.982109,0.153329,-0.109322],[-0.0758537,0.853471,0.51559],[0.172358,-0.498073,0.849833]],[[0.983711,0.148564,-0.101198],[-0.179672,0.829782,-0.528375],[0.0054748,0.537951,0.842958]],[[0.983711,0.148564,-0.101198],[-0.0749831,-0.172516,-0.982149],[-0.16337,0.973739,-0.158566]],[[0.983711,0.148564,-0.101198],[0.0304248,-0.692459,-0.720815],[-0.177162,0.705995,-0.6857]]],"btipPosition":[52.9118,259.666,-6.58957],"carpPosition":[57.2249,291.796,75.9201],"dipPosition":[49.5832,272.93,-19.4725],"direction":[0.16337,-0.973739,0.158566],"extended":false,"handId":474,"id":4742,"length":66.9921,"mcpPosition":[45.2024,326.538,16.6417],"pipPosition":[44.9386,300.614,-23.9806],"stabilizedTipPosition":[58.515,249.441,14.0785],"timeVisible":0.289536,"tipPosition":[51.9474,262.728,-11.5069],"tipVelocity":[-23.3533,67.1656,-175.334],"tool":false,"touchDistance":0.333333,"touchZone":"none","type":2,"width":18.9931},{"bases":[[[0.999674,0.0135847,-0.0216246],[0.0000404524,0.845933,0.53329],[0.0255375,-0.533117,0.845656]],[[0.999963,0.00454748,-0.00728931],[-0.00849376,0.650866,-0.759145],[0.00129216,0.759179,0.65088]],[[0.999963,0.00454748,-0.00728931],[-0.00202278,-0.69997,-0.71417],[-0.00834997,0.714158,-0.699934]],[[0.999963,0.00454748,-0.00728931],[0.00334527,-0.987563,-0.157187],[-0.00791346,0.157157,-0.987542]]],"btipPosition":[67.7408,271.606,30.1483],"carpPosition":[69.0188,294.847,74.3511],"dipPosition":[67.593,274.542,11.7011],"direction":[0.00834997,-0.714158,0.699934],"extended":false,"handId":474,"id":4743,"length":64.4147,"mcpPosition":[67.4195,328.234,21.3905],"pipPosition":[67.3617,294.321,-7.68438],"stabilizedTipPosition":[75.4678,258.488,58.6185],"timeVisible":0.289536,"tipPosition":[67.7004,272.567,24.5954],"tipVelocity":[-30.362,46.5232,-224.536],"tool":false,"touchDistance":0.333333,"touchZone":"none","type":3,"width":18.0732},{"bases":[[[0.98207,-0.18817,-0.0114194],[0.157782,0.787302,0.596037],[-0.103166,-0.587152,0.802876]],[[0.982354,-0.186532,-0.0136571],[0.120799,0.688529,-0.715078],[0.142788,0.70081,0.698912]],[[0.982354,-0.186532,-0.0136571],[-0.132099,-0.640287,-0.756692],[0.132403,0.745144,-0.653629]],[[0.982354,-0.186532,-0.0136571],[-0.18487,-0.957341,-0.222082],[0.028351,0.220688,-0.974932]]],"btipPosition":[80.2039,281.872,29.5418],"carpPosition":[82.3486,290.982,71.2118],"dipPosition":[80.6925,285.675,12.7406],"direction":[-0.132403,-0.745144,0.653629],"extended":false,"handId":474,"id":4744,"length":50.4999,"mcpPosition":[88.3294,325.021,24.6669],"pipPosition":[83.2816,300.246,-0.0408161],"stabilizedTipPosition":[88.3968,267.655,63.6469],"timeVisible":0.289536,"tipPosition":[80.4459,282.961,24.7876],"tipVelocity":[-27.6432,38.7168,-215.097],"tool":false,"touchDistance":0.333333,"touchZone":"none","type":4,"width":16.054}],"r":[[0.994197,-0.107529,0.0029987],[0.107537,0.994198,-0.00260417],[-0.00270128,0.00291153,0.999992]],"s":0.95726,"t":[-15.7961,77.4873,-110.297],"timestamp":521809785709},false],[3,{"currentFrameRate":103.77,"devices":[],"gestures":[],"hands":[{"armBasis":[[0.864006,0.413177,-0.287711],[-0.219606,0.823485,0.523111],[0.453063,-0.388788,0.802233]],"armWidth":63.7064,"confidence":0.71407,"direction":[-0.170945,0.624078,-0.762433],"elbow":[191.255,175.907,291.66],"grabStrength":0,"id":474,"palmNormal":[0.19581,-0.73687,-0.647056],"palmPosition":[53.2113,309.387,31.1752],"palmVelocity":[-12.46,69.1687,-228.236],"palmWidth":90.9705,"pinchStrength":0.451417,"r":[[0.993602,-0.112815,0.00524702],[0.112834,0.993608,-0.00332338],[-0.00483855,0.00389416,0.999981]],"s":0.954981,"sphereCenter":[51.2933,287.73,-11.5619],"sphereRadius":48.3335,"stabilizedPalmPosition":[58.765,288.261,75.6642],"t":[-15.8345,78.0909,-112.041],"timeVisible":0.298303,"type":"right","wrist":[68.9538,280.857,75.1038]}],"id":4140838,"interactionBox":{"center":[0,200,0],"size":[235.247,235.247,147.751]},"pointables":[{"bases":[[[0.180071,0.885438,0.428455],[-0.797986,-0.123186,0.589952],[0.575145,-0.448135,0.684385]],[[0.0354985,0.967581,0.250053],[-0.801417,-0.121921,0.585548],[0.597052,-0.221183,0.771108]],[[0.0354985,0.967581,0.250053],[-0.952207,-0.0432108,0.302383],[0.303385,-0.248836,0.919803]],[[0.0354985,0.967581,0.250053],[-0.89439,0.142393,-0.424018],[-0.445877,-0.208593,0.87045]]],"btipPosition":[14.4246,287.76,-19.3726],"carpPosition":[44.1306,263.358,70.8328],"dipPosition":[3.99174,282.879,0.994676],"direction":[-0.303385,0.248836,-0.919803],"extended":true,"handId":474,"id":4740,"length":52.1052,"mcpPosition":[44.1306,263.358,70.8328],"pipPosition":[14.3336,274.396,32.3492],"stabilizedTipPosition":[12.8706,262.179,44.2415],"timeVisible":0.298303,"tipPosition":[10.785,287.772,-13.8805],"tipVelocity":[21.3503,66.4483,-256.912],"tool":false,"touchDistance":-0.508809,"touchZone":"hovering","type":0,"width":20.2457},{"bases":[[[0.923217,0.360997,-0.131724],[-0.242692,0.813506,0.528497],[0.297944,-0.455949,0.838653]],[[0.92965,0.35071,-0.112935],[-0.273762,0.862642,0.425328],[0.246589,-0.364489,0.897965]],[[0.92965,0.35071,-0.112935],[-0.332889,0.930877,0.150506],[0.157912,-0.102323,0.982137]],[[0.92965,0.35071,-0.112935],[-0.359658,0.93034,-0.0715142],[0.079987,0.107101,0.991025]]],"btipPosition":[8.57133,336.371,-65.6237],"carpPosition":[46.2604,286.535,75.2953],"dipPosition":[9.93767,338.201,-48.695],"direction":[-0.157912,0.102323,-0.982137],"extended":true,"handId":474,"id":4741,"length":58.7949,"mcpPosition":[24.3454,320.072,13.609],"pipPosition":[13.7537,335.728,-24.9614],"stabilizedTipPosition":[9.03427,316.907,-10.9216],"timeVisible":0.298303,"tipPosition":[8.61761,337.737,-61.0132],"tipVelocity":[39.6581,67.5759,-256.767],"tool":false,"touchDistance":-0.55811,"touchZone":"hovering","type":1,"width":19.3387},{"bases":[[[0.982738,0.15207,-0.105361],[-0.0765171,0.852617,0.516903],[0.168438,-0.499919,0.849535]],[[0.984256,0.147433,-0.0974866],[-0.176718,0.831103,-0.527294],[0.00328098,0.53622,0.844072]],[[0.984256,0.147433,-0.0974866],[-0.0704964,-0.178326,-0.981443],[-0.162081,0.972864,-0.165125]],[[0.984256,0.147433,-0.0974866],[0.0341356,-0.699733,-0.713588],[-0.173421,0.699026,-0.693749]]],"btipPosition":[52.8741,260.823,-8.10826],"carpPosition":[56.915,292.585,74.0966],"dipPosition":[49.6159,273.956,-21.1424],"direction":[0.162081,-0.972864,0.165125],"extended":false,"handId":474,"id":4742,"length":66.9921,"mcpPosition":[45.166,327.456,14.8389],"pipPosition":[45.0078,301.615,-25.837],"stabilizedTipPosition":[58.4059,249.687,13.6485],"timeVisible":0.298303,"tipPosition":[51.9458,263.802,-13.007],"tipVelocity":[-17.7412,83.6446,-175.834],"tool":false,"touchDistance":0.333333,"touchZone":"none","type":2,"width":18.9931},{"bases":[[[0.999767,0.0121359,-0.0178607],[-0.000700969,0.844932,0.534873],[0.0215822,-0.534736,0.844744]],[[0.999989,0.00311689,-0.00361319],[-0.0047718,0.651947,-0.75825],[-0.0000077717,0.758259,0.651954]],[[0.999989,0.00311689,-0.00361319],[-0.000406391,-0.698817,-0.715301],[-0.00475447,0.715294,-0.698807]],[[0.999989,0.00311689,-0.00361319],[0.00250265,-0.987271,-0.159026],[-0.00406287,0.159016,-0.987268]]],"btipPosition":[67.5755,272.457,28.3475],"carpPosition":[68.7192,295.621,72.5774],"dipPosition":[67.4996,275.427,9.90536],"direction":[0.00475447,-0.715294,0.698807],"extended":false,"handId":474,"id":4743,"length":64.4147,"mcpPosition":[67.3676,329.11,19.674],"pipPosition":[67.3679,295.238,-9.44886],"stabilizedTipPosition":[75.3881,258.635,58.271],"timeVisible":0.298303,"tipPosition":[67.5559,273.426,22.8155],"tipVelocity":[-26.7668,60.3312,-219.364],"tool":false,"touchDistance":0.333333,"touchZone":"none","type":3,"width":18.0732},{"bases":[[[0.981826,-0.189611,-0.00810005],[0.156717,0.78595,0.598099],[-0.10704,-0.588499,0.801381]],[[0.982022,-0.188522,-0.00958179],[0.125437,0.689655,-0.713191],[0.14106,0.699167,0.700905]],[[0.982022,-0.188522,-0.00958179],[-0.12988,-0.637972,-0.759028],[0.136981,0.746627,-0.650988]],[[0.982022,-0.188522,-0.00958179],[-0.185787,-0.956299,-0.225776],[0.0334007,0.223497,-0.974132]]],"btipPosition":[80.0194,282.691,27.7615],"carpPosition":[82.0549,291.743,69.4808],"dipPosition":[80.595,286.543,10.9742],"direction":[-0.136981,-0.746626,0.650988],"extended":false,"handId":474,"id":4744,"length":50.4999,"mcpPosition":[88.2603,325.86,23.0225],"pipPosition":[83.2736,301.143,-1.75565],"stabilizedTipPosition":[88.3449,267.755,63.3966],"timeVisible":0.298303,"tipPosition":[80.2925,283.794,23.0454],"tipVelocity":[-25.2598,53.7505,-211.769],"tool":false,"touchDistance":0.333333,"touchZone":"none","type":4,"width":16.054}],"r":[[0.993602,-0.112815,0.00524702],[0.112834,0.993608,-0.00332338],[-0.00483855,0.00389416,0.999981]],"s":0.954981,"t":[-15.8345,78.0909,-112.041],"timestamp":521809794476},false],[4,{"currentFrameRate":103.863,"devices":[],"gestures":[],"hands":[{"armBasis":[[0.864843,0.413051,-0.285368],[-0.221543,0.82407,0.521371],[0.450516,-0.387683,0.8042]],"armWidth":63.7064,"confidence":0.725303,"direction":[-0.16762,0.626197,-0.761434],"elbow":[190.395,176.681,290.679],"grabStrength":0,"id":474,"palmNormal":[0.197792,-0.735296,-0.648243],"palmPosition":[53.2262,309.989,29.6781],"palmVelocity":[-8.44328,67.5897,-208.243],"palmWidth":90.9705,"pinchStrength":0.45771,"r":[[0.993081,-0.117177,0.00774772],[0.117205,0.993102,-0.00327961],[-0.00730998,0.00416499,0.999965]],"s":0.952491,"sphereCenter":[51.7615,288.388,-13.1554],"sphereRadius":48.2972,"stabilizedPalmPosition":[58.7269,288.41,75.3475],"t":[-15.8463,78.6936,-113.662],"timeVisible":0.307756,"type":"right","wrist":[68.782,281.333,73.5911]}],"id":4140839,"interactionBox":{"center":[0,200,0],"size":[235.247,235.247,147.751]},"pointables":[{"bases":[[[0.179019,0.884187,0.43147],[-0.800314,-0.124202,0.586575],[0.572232,-0.450319,0.685393]],[[0.0344903,0.967153,0.251844],[-0.80464,-0.122589,0.58097],[0.59276,-0.222682,0.773982]],[[0.0344903,0.967153,0.251844],[-0.953885,-0.0433286,0.297029],[0.298185,-0.250475,0.921058]],[[0.0344903,0.967153,0.251844],[-0.890001,0.144361,-0.432501],[-0.454652,-0.209225,0.865746]]],"btipPosition":[14.8545,288.409,-21.1023],"carpPosition":[43.9637,263.862,69.1793],"dipPosition":[4.21628,283.513,-0.845035],"direction":[-0.298185,0.250475,-0.921058],"extended":true,"handId":474,"id":4740,"length":52.1052,"mcpPosition":[43.9637,263.862,69.1793],"pipPosition":[14.3809,274.975,30.5523],"stabilizedTipPosition":[12.8693,262.248,44.0765],"timeVisible":0.307756,"tipPosition":[11.1766,288.376,-15.6768],"tipVelocity":[26.8245,66.979,-236.517],"tool":false,"touchDistance":-0.512586,"touchZone":"hovering","type":0,"width":20.2457},{"bases":[[[0.923952,0.360723,-0.127248],[-0.244171,0.812275,0.529708],[0.294438,-0.458354,0.838581]],[[0.930576,0.349921,-0.10763],[-0.27688,0.865027,0.418409],[0.239513,-0.359561,0.901859]],[[0.930576,0.349921,-0.10763],[-0.332955,0.931161,0.148592],[0.152216,-0.10244,0.983024]],[[0.930576,0.349921,-0.10763],[-0.35806,0.931192,-0.0683746],[0.0762982,0.102166,0.991837]]],"btipPosition":[9.16517,336.914,-67.4052],"carpPosition":[46.0917,287.026,73.7109],"dipPosition":[10.4685,338.659,-50.4627],"direction":[-0.152216,0.10244,-0.983024],"extended":true,"handId":474,"id":4741,"length":58.7949,"mcpPosition":[24.4347,320.739,12.03],"pipPosition":[14.1468,336.184,-26.7077],"stabilizedTipPosition":[9.03603,316.99,-11.1378],"timeVisible":0.307756,"tipPosition":[9.15337,338.288,-62.7888],"tipVelocity":[45.8485,64.0798,-237.122],"tool":false,"touchDistance":-0.557308,"touchZone":"hovering","type":1,"width":19.3387},{"bases":[[[0.983233,0.151688,-0.101208],[-0.0779271,0.851305,0.518851],[0.164862,-0.502265,0.848852]],[[0.984676,0.147165,-0.0935713],[-0.174393,0.832032,-0.526601],[0.000356882,0.53485,0.844947]],[[0.984676,0.147165,-0.0935713],[-0.0651109,-0.187518,-0.980101],[-0.161783,0.971174,-0.175062]],[[0.984676,0.147165,-0.0935713],[0.0393094,-0.710041,-0.703062],[-0.169906,0.68861,-0.704946]]],"btipPosition":[53.0297,261.783,-9.1377],"carpPosition":[56.7549,293.071,72.5689],"dipPosition":[49.8376,274.72,-22.3822],"direction":[0.161783,-0.971174,0.175062],"extended":false,"handId":474,"id":4742,"length":66.9921,"mcpPosition":[45.2552,328.106,13.3588],"pipPosition":[45.238,302.331,-27.3593],"stabilizedTipPosition":[58.3066,249.932,13.2288],"timeVisible":0.307756,"tipPosition":[52.1326,264.666,-14.0693],"tipVelocity":[-7.49082,87.401,-158.142],"tool":false,"touchDistance":0.333333,"touchZone":"none","type":2,"width":18.9931},{"bases":[[[0.999836,0.0115124,-0.0140127],[-0.00218526,0.843522,0.53709],[0.0180032,-0.536971,0.843409]],[[0.999997,0.00248564,0.000164904],[-0.00150042,0.653833,-0.756638],[-0.00198855,0.756635,0.653834]],[[0.999997,0.00248564,0.000164904],[0.00185059,-0.696934,-0.717133],[-0.00166761,0.717131,-0.696936]],[[0.999997,0.00248564,0.000164904],[0.00247958,-0.986832,-0.161728],[-0.000239266,0.161728,-0.986835]]],"btipPosition":[67.5788,273.05,26.8125],"carpPosition":[68.5667,296.103,71.1027],"dipPosition":[67.5743,276.071,8.37845],"direction":[0.00166761,-0.717131,0.696936],"extended":false,"handId":474,"id":4743,"length":64.4147,"mcpPosition":[67.4393,329.732,18.2829],"pipPosition":[67.5281,295.933,-10.924],"stabilizedTipPosition":[75.3229,258.762,57.9727],"timeVisible":0.307756,"tipPosition":[67.5799,274.033,21.298],"tipVelocity":[-18.5092,61.382,-202.999],"tool":false,"touchDistance":0.333333,"touchZone":"none","type":3,"width":18.0732},{"bases":[[[0.981724,-0.190247,-0.004852],[0.154951,0.784268,0.600761],[-0.110488,-0.590533,0.799414]],[[0.981832,-0.189669,-0.00563445],[0.12941,0.691023,-0.711154],[0.138778,0.697505,0.703013]],[[0.981832,-0.189669,-0.00563445],[-0.127221,-0.635956,-0.761166],[0.140786,0.748054,-0.648532]],[[0.981832,-0.189669,-0.00563445],[-0.18589,-0.955458,-0.229227],[0.0380939,0.22611,-0.973357]]],"btipPosition":[80.0014,283.277,26.3056],"carpPosition":[81.9117,292.224,68.0468],"dipPosition":[80.6579,287.173,9.53165],"direction":[-0.140786,-0.748054,0.648532],"extended":false,"handId":474,"id":4744,"length":50.4999,"mcpPosition":[88.3169,326.459,21.7025],"pipPosition":[83.4109,301.801,-3.15015],"stabilizedTipPosition":[88.3016,267.842,63.1803],"timeVisible":0.307756,"tipPosition":[80.3027,284.389,21.6105],"tipVelocity":[-18.0108,56.4043,-195.145],"tool":false,"touchDistance":0.333333,"touchZone":"none","type":4,"width":16.054}],"r":[[0.993081,-0.117177,0.00774772],[0.117205,0.993102,-0.00327961],[-0.00730998,0.00416499,0.999965]],"s":0.952491,"t":[-15.8463,78.6936,-113.662],"timestamp":521809803929},false],[5,{"currentFrameRate":104.389,"devices":[],"gestures":[],"hands":[{"armBasis":[[0.869393,0.404259,-0.28413],[-0.216955,0.828934,0.515557],[0.443943,-0.386579,0.808376]],"armWidth":63.7064,"confidence":0.739864,"direction":[-0.166391,0.625986,-0.761876],"elbow":[188.796,177.015,290.791],"grabStrength":0,"id":474,"palmNormal":[0.192514,-0.737156,-0.647719],"palmPosition":[53.4345,310.042,28.6623],"palmVelocity":[0.184269,51.3803,-184.469],"palmWidth":90.9705,"pinchStrength":0.456749,"r":[[0.992529,-0.121651,0.0092878],[0.121689,0.992562,-0.00356716],[-0.00878476,0.00467073,0.999951]],"s":0.949963,"sphereCenter":[52.0135,288.373,-14.1251],"sphereRadius":48.2443,"stabilizedPalmPosition":[58.7011,288.516,75.1198],"t":[-15.7481,79.0215,-114.981],"timeVisible":0.31635,"type":"right","wrist":[68.9564,281.369,72.576]}],"id":4140840,"interactionBox":{"center":[0,200,0],"size":[235.247,235.247,147.751]},"pointables":[{"bases":[[[0.184494,0.883871,0.429808],[-0.799462,-0.119411,0.588728],[0.571684,-0.452232,0.684591]],[[0.0397301,0.967388,0.250165],[-0.804476,-0.117528,0.582242],[0.592655,-0.224385,0.773571]],[[0.0397301,0.967388,0.250165],[-0.953894,-0.0378222,0.297751],[0.297503,-0.250461,0.921282]],[[0.0397301,0.967388,0.250165],[-0.888686,0.148664,-0.433746],[-0.456791,-0.205086,0.865611]]],"btipPosition":[15.0099,288.55,-22.0157],"carpPosition":[44.0406,264.015,68.2499],"dipPosition":[4.32166,283.752,-1.76164],"direction":[-0.297503,0.250461,-0.921282],"extended":true,"handId":474,"id":4740,"length":52.1052,"mcpPosition":[44.0406,264.015,68.2499],"pipPosition":[14.463,275.214,29.6433],"stabilizedTipPosition":[12.8687,262.299,43.9513],"timeVisible":0.31635,"tipPosition":[11.3395,288.493,-16.6221],"tipVelocity":[24.1641,54.3272,-202.159],"tool":false,"touchDistance":-0.503373,"touchZone":"hovering","type":0,"width":20.2457},{"bases":[[[0.925418,0.355939,-0.130035],[-0.238803,0.814203,0.529194],[0.294235,-0.458673,0.838478]],[[0.932353,0.344588,-0.109442],[-0.273114,0.869606,0.411332],[0.236912,-0.353616,0.904891]],[[0.932353,0.344588,-0.109442],[-0.327868,0.93341,0.145766],[0.152384,-0.100023,0.983247]],[[0.932353,0.344588,-0.109442],[-0.352795,0.933305,-0.0669185],[0.0790834,0.101002,0.991738]]],"btipPosition":[9.44369,336.793,-68.4982],"carpPosition":[46.2952,287.175,72.7443],"dipPosition":[10.7946,338.518,-51.5574],"direction":[-0.152384,0.100023,-0.983247],"extended":true,"handId":474,"id":4741,"length":58.7949,"mcpPosition":[24.6531,320.912,11.071],"pipPosition":[14.477,336.101,-27.797],"stabilizedTipPosition":[9.03821,317.051,-11.2993],"timeVisible":0.31635,"tipPosition":[9.41209,338.175,-63.8867],"tipVelocity":[42.6364,43.2946,-208.11],"tool":false,"touchDistance":-0.546311,"touchZone":"hovering","type":1,"width":19.3387},{"bases":[[[0.983722,0.146646,-0.103855],[-0.0723944,0.85239,0.517871],[0.164468,-0.501923,0.849131]],[[0.985102,0.142318,-0.0965392],[-0.171933,0.826947,-0.535348],[0.00364286,0.543971,0.839096]],[[0.985102,0.142318,-0.0965392],[-0.0646996,-0.213412,-0.974818],[-0.159337,0.966541,-0.201024]],[[0.985102,0.142318,-0.0965392],[0.0390906,-0.731981,-0.680203],[-0.16747,0.666295,-0.726639]]],"btipPosition":[53.0142,261.965,-8.73088],"carpPosition":[56.9855,293.165,71.5675],"dipPosition":[49.8678,274.483,-22.383],"direction":[0.159337,-0.966541,0.201024],"extended":false,"handId":474,"id":4742,"length":66.9921,"mcpPosition":[45.5133,328.176,12.338],"pipPosition":[45.3378,301.962,-28.0981],"stabilizedTipPosition":[58.2229,250.14,12.8795],"timeVisible":0.31635,"tipPosition":[52.1052,264.769,-13.8933],"tipVelocity":[-5.66777,66.9528,-106.775],"tool":false,"touchDistance":0.333333,"touchZone":"none","type":2,"width":18.9931},{"bases":[[[0.999843,0.00650844,-0.0165078],[0.00335284,0.844254,0.535933],[0.0174249,-0.535904,0.844099]],[[0.999994,-0.00241511,-0.00245152],[-0.000279426,0.65304,-0.757324],[0.00342996,0.75732,0.653035]],[[0.999994,-0.00241511,-0.00245152],[-0.00344126,-0.697375,-0.716699],[0.0000212854,0.716703,-0.697379]],[[0.999994,-0.00241511,-0.00245152],[-0.00277868,-0.986921,-0.161181],[-0.00203018,0.161187,-0.986922]]],"btipPosition":[67.6015,273.008,25.784],"carpPosition":[68.8086,296.137,70.0679],"dipPosition":[67.5636,276.019,7.34832],"direction":[-0.0000212854,-0.716703,0.697379],"extended":false,"handId":474,"id":4743,"length":64.4147,"mcpPosition":[67.7174,329.699,17.2048],"pipPosition":[67.5642,295.869,-11.9663],"stabilizedTipPosition":[75.2784,258.848,57.7633],"timeVisible":0.31635,"tipPosition":[67.5911,273.986,20.311],"tipVelocity":[-13.1608,43.8133,-181.013],"tool":false,"touchDistance":0.333333,"touchZone":"none","type":3,"width":18.0732},{"bases":[[[0.980749,-0.195146,-0.00702472],[0.16035,0.784304,0.599295],[-0.11144,-0.588885,0.800497]],[[0.980802,-0.194868,-0.0074022],[0.131539,0.689125,-0.712604],[0.143965,0.69795,0.701527]],[[0.980802,-0.194868,-0.0074022],[-0.132175,-0.636393,-0.759957],[0.14338,0.746345,-0.649932]],[[0.980802,-0.194868,-0.0074022],[-0.19141,-0.954754,-0.227612],[0.037287,0.224659,-0.973724]]],"btipPosition":[80.0512,283.187,25.2665],"carpPosition":[82.1264,292.187,66.9842],"dipPosition":[80.6938,287.058,8.48619],"direction":[-0.14338,-0.746345,0.649932],"extended":false,"handId":474,"id":4744,"length":50.4999,"mcpPosition":[88.5869,326.326,20.5772],"pipPosition":[83.4975,301.653,-4.22298],"stabilizedTipPosition":[88.2723,267.901,63.0291],"timeVisible":0.31635,"tipPosition":[80.3513,284.29,20.5821],"tipVelocity":[-11.8251,38.5681,-175.593],"tool":false,"touchDistance":0.333333,"touchZone":"none","type":4,"width":16.054}],"r":[[0.992529,-0.121651,0.0092878],[0.121689,0.992562,-0.00356716],[-0.00878476,0.00467073,0.999951]],"s":0.949963,"t":[-15.7481,79.0215,-114.981],"timestamp":521809812523},false],[6,{"currentFrameRate":104.563,"devices":[],"gestures":[],"hands":[{"armBasis":[[0.872828,0.390449,-0.292782],[-0.203889,0.836803,0.508123],[0.443397,-0.383809,0.809993]],"armWidth":63.7064,"confidence":0.751305,"direction":[-0.156765,0.630345,-0.760322],"elbow":[187.987,177.79,288.742],"grabStrength":0,"id":474,"palmNormal":[0.179462,-0.738844,-0.649541],"palmPosition":[53.205,310.421,26.2572],"palmVelocity":[-6.83989,48.4733,-205.763],"palmWidth":90.9705,"pinchStrength":0.457125,"r":[[0.991651,-0.128543,0.0102401],[0.128584,0.991693,-0.00338794],[-0.00971951,0.00467636,0.999942]],"s":0.947094,"sphereCenter":[51.6909,288.828,-16.5636],"sphereRadius":48.176,"stabilizedPalmPosition":[58.6796,288.602,74.9291],"t":[-15.8137,79.375,-116.842],"timeVisible":0.325589,"type":"right","wrist":[68.295,281.397,70.0907]}],"id":4140841,"interactionBox":{"center":[0,200,0],"size":[235.247,235.247,147.751]},"pointables":[{"bases":[[[0.1997,0.879724,0.431516],[-0.800689,-0.107342,0.589385],[0.564816,-0.463211,0.682949]],[[0.0563184,0.965973,0.252438],[-0.806381,-0.105077,0.581987],[0.588709,-0.236338,0.773024]],[[0.0563184,0.965973,0.252438],[-0.955232,-0.0214213,0.29508],[0.290447,-0.257755,0.921522]],[[0.0563184,0.965973,0.252438],[-0.883425,0.166015,-0.438178],[-0.465176,-0.198333,0.862714]]],"btipPosition":[14.6912,289.693,-24.4233],"carpPosition":[43.0882,264.471,65.7554],"dipPosition":[3.80669,285.052,-4.23703],"direction":[-0.290447,0.257755,-0.921522],"extended":true,"handId":474,"id":4740,"length":52.1052,"mcpPosition":[43.0882,264.471,65.7554],"pipPosition":[13.7075,276.266,27.1761],"stabilizedTipPosition":[12.8674,262.349,43.8289],"timeVisible":0.325589,"tipPosition":[10.9816,289.6,-19.0912],"tipVelocity":[6.32281,74.9026,-219.037],"tool":false,"touchDistance":-0.517717,"touchZone":"hovering","type":0,"width":20.2457},{"bases":[[[0.931086,0.340728,-0.130323],[-0.22459,0.816913,0.531237],[0.28747,-0.465357,0.83714]],[[0.938168,0.328652,-0.108758],[-0.260131,0.876567,0.404922],[0.228413,-0.351594,0.90786]],[[0.938168,0.328652,-0.108758],[-0.312271,0.93903,0.143909],[0.149423,-0.101049,0.983596]],[[0.938168,0.328652,-0.108758],[-0.336549,0.939477,-0.0641696],[0.0810866,0.0968044,0.991995]]],"btipPosition":[9.78253,337.699,-70.9869],"carpPosition":[45.7341,287.58,70.2975],"dipPosition":[11.1676,339.352,-54.0417],"direction":[-0.149423,0.101049,-0.983596],"extended":true,"handId":474,"id":4741,"length":58.7949,"mcpPosition":[24.5895,321.808,8.72261],"pipPosition":[14.7785,336.91,-30.2729],"stabilizedTipPosition":[9.04106,317.108,-11.4494],"timeVisible":0.325589,"tipPosition":[9.73206,339.11,-66.3728],"tipVelocity":[41.2018,58.1707,-225.277],"tool":false,"touchDistance":-0.557329,"touchZone":"hovering","type":1,"width":19.3387},{"bases":[[[0.985917,0.130434,-0.104665],[-0.0575802,0.852341,0.519806],[0.157011,-0.506459,0.847848]],[[0.987181,0.126244,-0.0976532],[-0.159142,0.825147,-0.542039],[0.0121491,0.550632,0.83466]],[[0.987181,0.126244,-0.0976532],[-0.0654544,-0.237801,-0.969106],[-0.145566,0.963075,-0.22649]],[[0.987181,0.126244,-0.0976532],[0.0314506,-0.753715,-0.656449],[-0.156475,0.644963,-0.748023]]],"btipPosition":[52.0624,262.687,-9.74786],"carpPosition":[56.5215,293.393,69.1215],"dipPosition":[49.1225,274.805,-23.8017],"direction":[0.145566,-0.963075,0.22649],"extended":false,"handId":474,"id":4742,"length":66.9921,"mcpPosition":[45.5695,328.721,9.98146],"pipPosition":[44.984,302.186,-30.2409],"stabilizedTipPosition":[58.1237,250.362,12.5042],"timeVisible":0.325589,"tipPosition":[51.1862,265.408,-15.1025],"tipVelocity":[-31.555,67.3192,-110.509],"tool":false,"touchDistance":0.333333,"touchZone":"none","type":2,"width":18.9931},{"bases":[[[0.999793,-0.0101436,-0.0176416],[0.0180408,0.842903,0.537763],[0.00941529,-0.53797,0.842912]],[[0.999812,-0.0190343,-0.00370678],[0.0096583,0.65454,-0.755966],[0.0168155,0.755788,0.654601]],[[0.999812,-0.0190343,-0.00370678],[-0.0159049,-0.695556,-0.718296],[0.011094,0.71822,-0.695728]],[[0.999812,-0.0190343,-0.00370678],[-0.0193842,-0.98634,-0.16358],[-0.00054253,0.163621,-0.986523]]],"btipPosition":[66.753,273.152,23.2822],"carpPosition":[68.3909,296.17,67.6147],"dipPosition":[66.7429,276.209,4.85394],"direction":[-0.011094,-0.71822,0.695728],"extended":false,"handId":474,"id":4743,"length":64.4147,"mcpPosition":[67.8013,329.862,14.8261],"pipPosition":[67.0501,296.1,-14.415],"stabilizedTipPosition":[75.2393,258.916,57.5856],"timeVisible":0.325589,"tipPosition":[66.7509,274.143,17.8293],"tipVelocity":[-35.0537,36.2056,-206.165],"tool":false,"touchDistance":0.333333,"touchZone":"none","type":3,"width":18.0732},{"bases":[[[0.977347,-0.211471,-0.00857504],[0.174086,0.780202,0.600815],[-0.120365,-0.588697,0.799342]],[[0.977314,-0.21163,-0.00835951],[0.142942,0.688207,-0.711293],[0.156284,0.693962,0.702845]],[[0.977314,-0.21163,-0.00835951],[-0.143382,-0.632063,-0.761537],[0.15588,0.745459,-0.648068]],[[0.977314,-0.21163,-0.00835951],[-0.207832,-0.95068,-0.230248],[0.0407802,0.226762,-0.973096]]],"btipPosition":[79.3395,283.117,22.7626],"carpPosition":[81.6375,292.006,64.5072],"dipPosition":[80.0423,287.024,5.99312],"direction":[-0.15588,-0.745459,0.648068],"extended":false,"handId":474,"id":4744,"length":50.4999,"mcpPosition":[88.6154,326.134,18.1671],"pipPosition":[83.0905,301.602,-6.6796],"stabilizedTipPosition":[88.2476,267.946,62.905],"timeVisible":0.325589,"tipPosition":[79.6613,284.227,18.1045],"tipVelocity":[-29.