{"sensorType":"Leap","data":[[0,{"currentFrameRate":106.291,"devices":[],"gestures":[],"hands":[{"armBasis":[[0.898351,0.310703,-0.31053],[-0.122539,0.856099,0.502075],[0.421841,-0.412987,0.80715]],"armWidth":63.7064,"confidence":0.784683,"direction":[-0.198243,0.702127,-0.683899],"elbow":[187.09,163.988,293.629],"grabStrength":0.00187107,"id":476,"palmNormal":[0.0694508,-0.685931,-0.724345],"palmPosition":[55.3636,308.959,36.3583],"palmVelocity":[-14.002,9.13288,-141.526],"palmWidth":90.9705,"pinchStrength":0.538244,"r":[[0.980603,0.136332,0.140827],[-0.170647,0.947274,0.271205],[-0.0964278,-0.289976,0.952164]],"s":1.08734,"sphereCenter":[65.0244,288.268,-11.5432],"sphereRadius":49.445,"stabilizedPalmPosition":[67.0858,277.473,104.317],"t":[-27.3665,100.061,-151.642],"timeVisible":0.469902,"type":"right","wrist":[73.2176,275.471,75.7447]}],"id":4141580,"interactionBox":{"center":[0,200,0],"size":[235.247,235.247,147.751]},"pointables":[{"bases":[[[0.292617,0.827418,0.479327],[-0.74053,-0.121049,0.661031],[0.604971,-0.548385,0.577308]],[[0.085164,0.958809,0.270984],[-0.796228,-0.0980061,0.597005],[0.598972,-0.266609,0.755084]],[[0.085164,0.958809,0.270984],[-0.958601,0.00467758,0.284715],[0.27172,-0.284013,0.919513]],[[0.085164,0.958809,0.270984],[-0.815035,0.22348,-0.53458],[-0.573119,-0.175335,0.800495]]],"btipPosition":[21.0345,287.306,-15.01],"carpPosition":[46.7797,260.216,72.7491],"dipPosition":[7.62434,283.203,3.7205],"direction":[-0.27172,0.284013,-0.919513],"extended":false,"handId":476,"id":4760,"length":52.1052,"mcpPosition":[46.7797,260.216,72.7491],"pipPosition":[16.8868,273.521,35.0652],"stabilizedTipPosition":[27.0746,260.978,46.4091],"timeVisible":0.469902,"tipPosition":[18.2756,286.388,-10.7653],"tipVelocity":[-20.7797,7.19385,-153.638],"tool":false,"touchDistance":-0.512679,"touchZone":"hovering","type":0,"width":20.2457},{"bases":[[[0.930524,0.306269,-0.200808],[-0.122023,0.776258,0.618494],[0.345304,-0.55102,0.759698]],[[0.970691,0.22333,-0.0887875],[-0.193181,0.944825,0.264551],[0.142971,-0.239645,0.960276]],[[0.970691,0.22333,-0.0887875],[-0.211359,0.969129,0.126947],[0.114398,-0.10446,0.987928]],[[0.970691,0.22333,-0.0887875],[-0.221567,0.974703,0.0293698],[0.0931006,-0.00883661,0.995617]]],"btipPosition":[15.2905,336.176,-59.1166],"carpPosition":[51.1848,282.678,78.8897],"dipPosition":[16.8809,336.025,-42.1095],"direction":[-0.114398,0.10446,-0.987928],"extended":true,"handId":476,"id":4761,"length":58.7949,"mcpPosition":[25.7864,323.207,23.0109],"pipPosition":[19.6453,333.501,-18.236],"stabilizedTipPosition":[22.0602,309.698,-4.55141],"timeVisible":0.469902,"tipPosition":[16.1319,335.383,-55.1774],"tipVelocity":[-0.841932,26.3591,-145.805],"tool":false,"touchDistance":-0.513567,"touchZone":"hovering","type":1,"width":19.3387},{"bases":[[[0.975698,0.0921583,-0.198799],[0.0446601,0.804575,0.59217],[0.214522,-0.586657,0.780906]],[[0.975156,0.0936303,-0.200759],[-0.200061,0.76137,-0.616678],[0.0951118,0.641521,0.761186]],[[0.975156,0.0936303,-0.200759],[-0.177549,-0.211587,-0.961097],[-0.132466,0.972864,-0.189706]],[[0.975156,0.0936303,-0.200759],[-0.093782,-0.64656,-0.757077],[-0.200688,0.757096,-0.621716]]],"btipPosition":[50.0954,256.176,2.97139],"carpPosition":[62.1059,288.053,77.0494],"dipPosition":[46.3249,270.4,-8.7094],"direction":[0.132466,-0.972864,0.189706],"extended":false,"handId":476,"id":4762,"length":66.9921,"mcpPosition":[47.1423,328.974,22.5788],"pipPosition":[42.5589,298.059,-14.1028],"stabilizedTipPosition":[59.3472,225.283,67.6969],"timeVisible":0.469902,"tipPosition":[49.0952,259.536,-0.286708],"tipVelocity":[-19.3183,11.219,-135.078],"tool":false,"touchDistance":0.333333,"touchZone":"none","type":2,"width":18.9931},{"bases":[[[0.99047,-0.0560938,-0.125787],[0.121071,0.789992,0.601045],[0.0656556,-0.610546,0.789255]],[[0.987719,-0.0356322,-0.152127],[-0.0782602,0.72988,-0.679081],[0.135231,0.682646,0.718127]],[[0.987719,-0.0356322,-0.152127],[-0.156108,-0.265696,-0.951334],[-0.00652127,0.963398,-0.267995]],[[0.987719,-0.0356322,-0.152127],[-0.13614,-0.674033,-0.726048],[-0.0766676,0.737841,-0.670606]]],"btipPosition":[65.3555,257.662,12.9544],"carpPosition":[73.8953,290.385,74.5122],"dipPosition":[63.9234,271.445,0.427473],"direction":[0.00652127,-0.963398,0.267995],"extended":false,"handId":476,"id":4763,"length":64.4147,"mcpPosition":[69.7835,328.621,25.0838],"pipPosition":[63.7427,298.127,-6.99493],"stabilizedTipPosition":[75.1202,231.611,69.4582],"timeVisible":0.469902,"tipPosition":[64.9643,260.906,9.50481],"tipVelocity":[-20.3959,6.36326,-126.362],"tool":false,"touchDistance":0.333333,"touchZone":"none","type":3,"width":18.0732},{"bases":[[[0.957701,-0.256134,-0.131163],[0.278973,0.714585,0.641515],[-0.0705868,-0.650971,0.755814]],[[0.958695,-0.24584,-0.143062],[0.0901144,0.739574,-0.667015],[0.269784,0.626572,0.73118]],[[0.958695,-0.24584,-0.143062],[-0.197628,-0.213989,-0.956636],[0.204565,0.945395,-0.253736]],[[0.958695,-0.24584,-0.143062],[-0.268165,-0.613528,-0.742746],[0.094824,0.750431,-0.654112]]],"btipPosition":[75.4145,270.056,16.2318],"carpPosition":[86.494,285.887,69.6628],"dipPosition":[77.0486,282.989,4.95946],"direction":[-0.204565,-0.945395,0.253736],"extended":false,"handId":476,"id":4764,"length":50.4999,"mcpPosition":[90.5861,323.626,25.8462],"pipPosition":[81.0488,301.476,-0.00224065],"stabilizedTipPosition":[86.592,241.907,77.8198],"timeVisible":0.469902,"tipPosition":[75.7105,273.058,13.1704],"tipVelocity":[-19.4535,4.5934,-135.416],"tool":false,"touchDistance":0.333333,"touchZone":"none","type":4,"width":16.054}],"r":[[0.980603,0.136332,0.140827],[-0.170647,0.947274,0.271205],[-0.0964278,-0.289976,0.952164]],"s":1.08734,"t":[-27.3665,100.061,-151.642],"timestamp":521817386463},false],[1,{"currentFrameRate":106.423,"devices":[],"gestures":[],"hands":[{"armBasis":[[0.899515,0.308287,-0.309568],[-0.121726,0.857363,0.500112],[0.41959,-0.412175,0.808737]],"armWidth":63.7064,"confidence":0.794775,"direction":[-0.197274,0.701694,-0.684623],"elbow":[186.264,164.153,292.71],"grabStrength":0.000859673,"id":476,"palmNormal":[0.0686637,-0.686742,-0.723651],"palmPosition":[55.192,308.888,34.9761],"palmVelocity":[-15.3251,4.43767,-144.163],"palmWidth":90.9705,"pinchStrength":0.533647,"r":[[0.980714,0.134551,0.141762],[-0.169156,0.947668,0.270762],[-0.0979119,-0.28952,0.952151]],"s":1.0886,"sphereCenter":[64.831,288.151,-12.8898],"sphereRadius":49.4683,"stabilizedPalmPosition":[67.0784,277.492,104.274],"t":[-27.5183,100.011,-152.983],"timeVisible":0.479056,"type":"right","wrist":[72.9989,275.417,74.398]}],"id":4141581,"interactionBox":{"center":[0,200,0],"size":[235.247,235.247,147.751]},"pointables":[{"bases":[[[0.293611,0.827525,0.478534],[-0.740759,-0.119449,0.661066],[0.604209,-0.548575,0.577925]],[[0.0858758,0.959153,0.269539],[-0.796696,-0.0963393,0.596652],[0.598248,-0.265979,0.75588]],[[0.0858758,0.959153,0.269539],[-0.958547,0.00576629,0.284876],[0.271686,-0.28283,0.919888]],[[0.0858758,0.959153,0.269539],[-0.816649,0.222737,-0.532421],[-0.570709,-0.174397,0.802419]]],"btipPosition":[20.7778,287.188,-16.442],"carpPosition":[46.542,260.192,71.4146],"dipPosition":[7.42401,283.108,2.33351],"direction":[-0.271686,0.28283,-0.919888],"extended":false,"handId":476,"id":4760,"length":52.1052,"mcpPosition":[46.542,260.192,71.4146],"pipPosition":[16.6853,273.467,33.6909],"stabilizedTipPosition":[27.0682,260.995,46.3691],"timeVisible":0.479056,"tipPosition":[18.0358,286.29,-12.1613],"tipVelocity":[-22.4085,1.77976,-154.102],"tool":false,"touchDistance":-0.511069,"touchZone":"hovering","type":0,"width":20.2457},{"bases":[[[0.930935,0.304888,-0.201006],[-0.12111,0.777029,0.617704],[0.344518,-0.550698,0.760289]],[[0.970853,0.222381,-0.0893903],[-0.192164,0.945133,0.26419],[0.143236,-0.239312,0.960319]],[[0.970853,0.222381,-0.0893903],[-0.210296,0.969302,0.127392],[0.114976,-0.10488,0.987816]],[[0.970853,0.222381,-0.0893903],[-0.220514,0.974911,0.0303704],[0.0939013,-0.00977336,0.995534]]],"btipPosition":[15.0994,336.141,-60.5142],"carpPosition":[50.975,282.655,77.5333],"dipPosition":[16.7035,335.974,-43.5085],"direction":[-0.114976,0.10488,-0.987816],"extended":true,"handId":476,"id":4761,"length":58.7949,"mcpPosition":[25.6343,323.161,21.6111],"pipPosition":[19.4819,333.44,-19.6377],"stabilizedTipPosition":[22.0463,309.754,-4.66131],"timeVisible":0.479056,"tipPosition":[15.9444,335.351,-56.5813],"tipVelocity":[-6.32636,17.8482,-147.728],"tool":false,"touchDistance":-0.511512,"touchZone":"hovering","type":1,"width":19.3387},{"bases":[[[0.975836,0.0907221,-0.198778],[0.0456128,0.805109,0.591371],[0.213689,-0.586148,0.781516]],[[0.975258,0.092299,-0.200881],[-0.19954,0.758674,-0.62016],[0.0951627,0.644899,0.75832]],[[0.975258,0.092299,-0.200881],[-0.177175,-0.217124,-0.95993],[-0.132217,0.97177,-0.195399]],[[0.975258,0.092299,-0.200881],[-0.0936538,-0.650608,-0.753617],[-0.200253,0.753784,-0.625866]]],"btipPosition":[49.933,256.033,1.94623],"carpPosition":[61.9031,288.014,75.6889],"dipPosition":[46.1707,270.195,-9.81253],"direction":[0.132217,-0.97177,0.195399],"extended":false,"handId":476,"id":4762,"length":66.9921,"mcpPosition":[46.9976,328.9,21.1757],"pipPosition":[42.4117,297.822,-15.3678],"stabilizedTipPosition":[59.3372,225.316,67.6301],"timeVisible":0.479056,"tipPosition":[48.9204,259.395,-1.38832],"tipVelocity":[-18.8214,3.29008,-129.192],"tool":false,"touchDistance":0.333333,"touchZone":"none","type":2,"width":18.9931},{"bases":[[[0.990413,-0.0574756,-0.125616],[0.122004,0.790438,0.600269],[0.0647907,-0.60984,0.789872]],[[0.987708,-0.0371526,-0.151828],[-0.0774027,0.727627,-0.681592],[0.135797,0.684966,0.715808]],[[0.987708,-0.0371526,-0.151828],[-0.156207,-0.269466,-0.950257],[-0.0056078,0.962293,-0.271957]],[[0.987708,-0.0371526,-0.151828],[-0.136672,-0.676607,-0.723549],[-0.0758459,0.735407,-0.673368]]],"btipPosition":[65.1442,257.534,11.8192],"carpPosition":[73.6957,290.329,73.1507],"dipPosition":[63.7274,271.272,-0.759313],"direction":[0.0056078,-0.962293,0.271957],"extended":false,"handId":476,"id":4763,"length":64.4147,"mcpPosition":[69.6381,328.521,23.6837],"pipPosition":[63.572,297.924,-8.29145],"stabilizedTipPosition":[75.1093,231.641,69.394],"timeVisible":0.479056,"tipPosition":[64.7525,260.774,8.32618],"tipVelocity":[-21.0385,0.383126,-126.068],"tool":false,"touchDistance":0.333333,"touchZone":"none","type":3,"width":18.0732},{"bases":[[[0.957391,-0.257479,-0.130796],[0.279806,0.714871,0.640833],[-0.071499,-0.650125,0.756455]],[[0.958336,-0.247916,-0.141877],[0.0916644,0.737343,-0.66927],[0.270535,0.628381,0.729348]],[[0.958336,-0.247916,-0.141877],[-0.197727,-0.217304,-0.955868],[0.206145,0.944096,-0.25727]],[[0.958336,-0.247916,-0.141877],[-0.268936,-0.615743,-0.740631],[0.0962546,0.747929,-0.656762]]],"btipPosition":[75.1805,269.935,15.0187],"carpPosition":[86.2892,285.81,68.3073],"dipPosition":[76.8393,282.824,3.7006],"direction":[-0.206145,-0.944096,0.25727],"extended":false,"handId":476,"id":4764,"length":50.4999,"mcpPosition":[90.4342,323.5,24.4534],"pipPosition":[80.8704,301.286,-1.33022],"stabilizedTipPosition":[86.5827,241.934,77.7648],"timeVisible":0.479056,"tipPosition":[75.4914,272.931,11.9248],"tipVelocity":[-20.9818,-0.678996,-134.932],"tool":false,"touchDistance":0.333333,"touchZone":"none","type":4,"width":16.054}],"r":[[0.980714,0.134551,0.141762],[-0.169156,0.947668,0.270762],[-0.0979119,-0.28952,0.952151]],"s":1.0886,"t":[-27.5183,100.011,-152.983],"timestamp":521817395617},false],[2,{"currentFrameRate":106.663,"devices":[],"gestures":[],"hands":[{"armBasis":[[0.898745,0.308996,-0.311093],[-0.121474,0.857188,0.500473],[0.42131,-0.412008,0.807928]],"armWidth":63.7064,"confidence":0.80368,"direction":[-0.196487,0.700275,-0.6863],"elbow":[186.392,164.266,290.858],"grabStrength":0,"id":476,"palmNormal":[0.0691051,-0.688313,-0.722114],"palmPosition":[54.8992,308.876,33.2547],"palmVelocity":[-20.0859,2.85642,-157.397],"palmWidth":90.9705,"pinchStrength":0.530084,"r":[[0.980782,0.133135,0.142623],[-0.167958,0.948106,0.269973],[-0.0992794,-0.288739,0.952246]],"s":1.08972,"sphereCenter":[64.5555,288.048,-14.548],"sphereRadius":49.4712,"stabilizedPalmPosition":[67.0732,277.506,104.244],"t":[-27.7406,99.9799,-154.514],"timeVisible":0.487991,"type":"right","wrist":[72.6627,275.485,72.7639]}],"id":4141582,"interactionBox":{"center":[0,200,0],"size":[235.247,235.247,147.751]},"pointables":[{"bases":[[[0.293421,0.828472,0.47701],[-0.741366,-0.117827,0.660676],[0.603556,-0.547496,0.579628]],[[0.0857355,0.959771,0.267375],[-0.797396,-0.0947945,0.595965],[0.597335,-0.264299,0.75719]],[[0.0857355,0.959771,0.267375],[-0.958794,0.00652368,0.284026],[0.270856,-0.280709,0.920782]],[[0.0857355,0.959771,0.267375],[-0.816908,0.221348,-0.532604],[-0.57036,-0.172758,0.803022]]],"btipPosition":[20.5057,287.063,-18.1763],"carpPosition":[46.2042,260.261,69.7902],"dipPosition":[7.16007,283.02,0.61326],"direction":[-0.270856,0.280709,-0.920782],"extended":false,"handId":476,"id":4760,"length":52.1052,"mcpPosition":[46.2042,260.261,69.7902],"pipPosition":[16.3931,273.451,32.0012],"stabilizedTipPosition":[27.0635,261.007,46.3397],"timeVisible":0.487991,"tipPosition":[17.7616,286.177,-13.881],"tipVelocity":[-24.5466,-2.27973,-164.921],"tool":false,"touchDistance":-0.514262,"touchZone":"hovering","type":0,"width":20.2457},{"bases":[[[0.931193,0.304203,-0.20085],[-0.121434,0.778387,0.615927],[0.343706,-0.549157,0.761769]],[[0.970863,0.22229,-0.0895104],[-0.192266,0.945521,0.262724],[0.143035,-0.237859,0.96071]],[[0.970863,0.22229,-0.0895104],[-0.210285,0.969409,0.126596],[0.114913,-0.104084,0.987908]],[[0.970863,0.22229,-0.0895104],[-0.220452,0.974935,0.0300441],[0.0939453,-0.00943593,0.995533]]],"btipPosition":[14.8316,336.021,-62.3109],"carpPosition":[50.638,282.735,75.8644],"dipPosition":[16.4364,335.86,-45.3053],"direction":[-0.114913,0.104084,-0.987908],"extended":true,"handId":476,"id":4761,"length":58.7949,"mcpPosition":[25.3571,323.128,19.8333],"pipPosition":[19.2133,333.345,-21.4322],"stabilizedTipPosition":[22.0365,309.791,-4.73781],"timeVisible":0.487991,"tipPosition":[15.6779,335.236,-58.3832],"tipVelocity":[-12.7756,9.3458,-162.291],"tool":false,"touchDistance":-0.515646,"touchZone":"hovering","type":1,"width":19.3387},{"bases":[[[0.976034,0.0900299,-0.198124],[0.0453187,0.806365,0.589679],[0.212849,-0.584525,0.782959]],[[0.975398,0.0917643,-0.200447],[-0.199337,0.75544,-0.624159],[0.09415,0.64876,0.755147]],[[0.975398,0.0917643,-0.200447],[-0.176016,-0.223279,-0.958731],[-0.132733,0.970426,-0.201634]],[[0.975398,0.0917643,-0.200447],[-0.0924422,-0.655195,-0.749783],[-0.200135,0.749866,-0.630593]]],"btipPosition":[49.719,255.919,0.593688],"carpPosition":[61.5692,288.088,74.018],"dipPosition":[45.9588,270.007,-11.2539],"direction":[0.132733,-0.970426,0.201634],"extended":false,"handId":476,"id":4762,"length":66.9921,"mcpPosition":[46.7223,328.861,19.4042],"pipPosition":[42.1852,297.597,-16.9864],"stabilizedTipPosition":[59.33,225.339,67.5823],"timeVisible":0.487991,"tipPosition":[48.6958,259.273,-2.80525],"tipVelocity":[-20.2078,-1.59994,-135.87],"tool":false,"touchDistance":0.333333,"touchZone":"none","type":2,"width":18.9931},{"bases":[[[0.990506,-0.0580142,-0.124631],[0.121698,0.791692,0.598676],[0.0639374,-0.608159,0.791236]],[[0.987836,-0.0377862,-0.150838],[-0.0763332,0.727269,-0.682094],[0.135473,0.685311,0.715539]],[[0.987836,-0.0377862,-0.150838],[-0.155422,-0.270307,-0.950146],[-0.00487,0.962033,-0.272891]],[[0.987836,-0.0377862,-0.150838],[-0.136261,-0.677696,-0.722607],[-0.0749175,0.734371,-0.674602]]],"btipPosition":[64.8432,257.505,10.1291],"carpPosition":[73.3646,290.394,71.4851],"dipPosition":[63.4438,271.223,-2.47241],"direction":[0.00487,-0.962032,0.272891],"extended":false,"handId":476,"id":4763,"length":64.4147,"mcpPosition":[69.3605,328.481,21.9327],"pipPosition":[63.3089,297.868,-10.0304],"stabilizedTipPosition":[75.1012,231.663,69.3469],"timeVisible":0.487991,"tipPosition":[64.4641,260.723,6.68786],"tipVelocity":[-24.367,-0.748971,-143.445],"tool":false,"touchDistance":0.333333,"touchZone":"none","type":3,"width":18.0732},{"bases":[[[0.957433,-0.25802,-0.12941],[0.279444,0.716171,0.639539],[-0.0723342,-0.648479,0.757788]],[[0.958321,-0.249258,-0.139609],[0.0931907,0.734672,-0.671991],[0.270066,0.630973,0.727281]],[[0.958321,-0.249258,-0.139609],[-0.196776,-0.221604,-0.955076],[0.207122,0.942742,-0.261416]],[[0.958321,-0.249258,-0.139609],[-0.268514,-0.618937,-0.738117],[0.097572,0.74484,-0.66007]]],"btipPosition":[74.8756,269.879,13.5077],"carpPosition":[85.9611,285.862,66.6624],"dipPosition":[76.5571,282.715,2.13263],"direction":[-0.207122,-0.942742,0.261416],"extended":false,"handId":476,"id":4764,"length":50.4999,"mcpPosition":[90.1545,323.456,22.7313],"pipPosition":[80.6073,301.15,-2.97925],"stabilizedTipPosition":[86.5759,241.952,77.7243],"timeVisible":0.487991,"tipPosition":[75.2015,272.861,10.3845],"tipVelocity":[-24.4096,-2.58647,-144.659],"tool":false,"touchDistance":0.333333,"touchZone":"none","type":4,"width":16.054}],"r":[[0.980782,0.133135,0.142623],[-0.167958,0.948106,0.269973],[-0.0992794,-0.288739,0.952246]],"s":1.08972,"t":[-27.7406,99.9799,-154.514],"timestamp":521817404552},false],[3,{"currentFrameRate":106.762,"devices":[],"gestures":[],"hands":[{"armBasis":[[0.896964,0.310225,-0.314987],[-0.121018,0.857546,0.499969],[0.425219,-0.410335,0.80673]],"armWidth":63.7064,"confidence":0.80641,"direction":[-0.19435,0.699443,-0.687755],"elbow":[187.284,164.702,289.544],"grabStrength":0,"id":476,"palmNormal":[0.0694712,-0.689549,-0.720899],"palmPosition":[54.8494,308.82,32.1795],"palmVelocity":[-15.9863,0.362931,-146.123],"palmWidth":90.9705,"pinchStrength":0.527308,"r":[[0.980819,0.131788,0.143618],[-0.166843,0.948584,0.268982],[-0.100785,-0.287784,0.952377]],"s":1.09078,"sphereCenter":[64.5596,287.918,-15.5691],"sphereRadius":49.4842,"stabilizedPalmPosition":[67.0695,277.516,104.221],"t":[-27.8767,99.9365,-155.817],"timeVisible":0.497177,"type":"right","wrist":[72.4991,275.468,71.773]}],"id":4141583,"interactionBox":{"center":[0,200,0],"size":[235.247,235.247,147.751]},"pointables":[{"bases":[[[0.293672,0.82884,0.476215],[-0.742686,-0.115802,0.659551],[0.601809,-0.54737,0.581561]],[[0.0861249,0.960235,0.265576],[-0.798952,-0.0926835,0.594209],[0.595195,-0.263359,0.7592]],[[0.0861249,0.960235,0.265576],[-0.959126,0.00779068,0.282871],[0.269554,-0.279083,0.921658]],[[0.0861249,0.960235,0.265576],[-0.816755,0.220699,-0.533107],[-0.570521,-0.170997,0.803285]]],"btipPosition":[20.4822,286.933,-19.3262],"carpPosition":[46.0258,260.275,68.7766],"dipPosition":[7.13284,282.932,-0.530488],"direction":[-0.269554,0.279083,-0.921658],"extended":false,"handId":476,"id":4760,"length":52.1052,"mcpPosition":[46.0258,260.275,68.7766],"pipPosition":[16.3215,273.418,30.8873],"stabilizedTipPosition":[27.0601,261.016,46.3178],"timeVisible":0.497177,"tipPosition":[17.7364,286.07,-15.0108],"tipVelocity":[-18.4292,-5.30191,-153.775],"tool":false,"touchDistance":-0.508397,"touchZone":"hovering","type":0,"width":20.2457},{"bases":[[[0.931947,0.302657,-0.199686],[-0.121494,0.779523,0.614478],[0.341635,-0.5484,0.763245]],[[0.971174,0.221265,-0.0886768],[-0.191579,0.945868,0.261976],[0.141843,-0.237436,0.960992]],[[0.971174,0.221265,-0.0886768],[-0.209379,0.969637,0.126348],[0.113941,-0.104139,0.988014]],[[0.971174,0.221265,-0.0886768],[-0.219424,0.975164,0.0301269],[0.0931405,-0.00980069,0.995605]]],"btipPosition":[14.9129,335.972,-63.4767],"carpPosition":[50.4785,282.753,74.8231],"dipPosition":[16.5039,335.805,-46.4698],"direction":[-0.113941,0.104139,-0.988014],"extended":true,"handId":476,"id":4761,"length":58.7949,"mcpPosition":[25.3499,323.09,18.6834],"pipPosition":[19.2573,333.288,-22.5942],"stabilizedTipPosition":[22.0299,309.817,-4.79184],"timeVisible":0.497177,"tipPosition":[15.7568,335.186,-59.5554],"tipVelocity":[-6.82939,5.20686,-152.398],"tool":false,"touchDistance":-0.509897,"touchZone":"hovering","type":1,"width":19.3387},{"bases":[[[0.9765,0.0884294,-0.196541],[0.045342,0.807239,0.58848],[0.210694,-0.583562,0.78426]],[[0.975847,0.0902237,-0.198952],[-0.197555,0.753202,-0.627423],[0.0932423,0.651573,0.752834]],[[0.975847,0.0902237,-0.198952],[-0.174268,-0.22766,-0.95802],[-0.131729,0.969552,-0.206438]],[[0.975847,0.0902237,-0.198952],[-0.0914265,-0.658453,-0.747048],[-0.198402,0.747194,-0.634301]]],"btipPosition":[49.7028,255.791,-0.20981],"carpPosition":[61.42,288.088,72.9875],"dipPosition":[45.9752,269.829,-12.127],"direction":[0.131729,-0.969552,0.206438],"extended":false,"handId":476,"id":4762,"length":66.9921,"mcpPosition":[46.7234,328.794,18.283],"pipPosition":[42.2301,297.394,-17.9961],"stabilizedTipPosition":[59.3248,225.356,67.5473],"timeVisible":0.497177,"tipPosition":[48.6824,259.14,-3.65017],"tipVelocity":[-14.8272,-5.3821,-122.835],"tool":false,"touchDistance":0.333333,"touchZone":"none","type":2,"width":18.9931},{"bases":[[[0.990647,-0.0595168,-0.122787],[0.121686,0.79248,0.597635],[0.0617372,-0.606986,0.792311]],[[0.988052,-0.0393369,-0.149018],[-0.0741338,0.72638,-0.683284],[0.135122,0.686167,0.714785]],[[0.988052,-0.0393369,-0.149018],[-0.154091,-0.27164,-0.949983],[-0.00310991,0.961595,-0.274456]],[[0.988052,-0.0393369,-0.149018],[-0.135866,-0.678769,-0.721674],[-0.0727604,0.733297,-0.676004]]],"btipPosition":[64.766,257.406,9.15175],"carpPosition":[73.223,290.374,70.4718],"dipPosition":[63.4068,271.104,-3.476],"direction":[0.00310991,-0.961595,0.274456],"extended":false,"handId":476,"id":4763,"length":64.4147,"mcpPosition":[69.3566,328.388,20.8521],"pipPosition":[63.3207,297.737,-11.0774],"stabilizedTipPosition":[75.0953,231.679,69.3117],"timeVisible":0.497177,"tipPosition":[64.398,260.615,5.71177],"tipVelocity":[-19.6263,-3.68667,-133.279],"tool":false,"touchDistance":0.333333,"touchZone":"none","type":3,"width":18.0732},{"bases":[[[0.957319,-0.259486,-0.127308],[0.27926,0.716816,0.638897],[-0.0745282,-0.64718,0.758685]],[[0.95821,-0.251019,-0.137197],[0.0958271,0.733549,-0.672846],[0.269538,0.631581,0.726949]],[[0.95821,-0.251019,-0.137197],[-0.195147,-0.222908,-0.955107],[0.209168,0.941967,-0.262578]],[[0.95821,-0.251019,-0.137197],[-0.267989,-0.6199,-0.737499],[0.100078,0.743447,-0.661265]]],"btipPosition":[74.7991,269.778,12.5269],"carpPosition":[85.822,285.818,65.6785],"dipPosition":[76.5238,282.59,1.1312],"direction":[-0.209168,-0.941967,0.262578],"extended":false,"handId":476,"id":4764,"length":50.4999,"mcpPosition":[90.1426,323.337,21.6954],"pipPosition":[80.614,301.009,-4.00342],"stabilizedTipPosition":[86.5708,241.966,77.6938],"timeVisible":0.497177,"tipPosition":[75.1404,272.749,9.40884],"tipVelocity":[-19.6141,-5.11091,-134.219],"tool":false,"touchDistance":0.333333,"touchZone":"none","type":4,"width":16.054}],"r":[[0.980819,0.131788,0.143618],[-0.166843,0.948584,0.268982],[-0.100785,-0.287784,0.952377]],"s":1.09078,"t":[-27.8767,99.9365,-155.817],"timestamp":521817413738},false],[4,{"currentFrameRate":107.036,"devices":[],"gestures":[],"hands":[{"armBasis":[[0.897257,0.311686,-0.312702],[-0.123631,0.857293,0.499764],[0.423847,-0.409757,0.807746]],"armWidth":63.7064,"confidence":0.809519,"direction":[-0.19414,0.698192,-0.689085],"elbow":[186.723,164.929,288.861],"grabStrength":0,"id":476,"palmNormal":[0.0724869,-0.690319,-0.719865],"palmPosition":[54.6851,308.807,31.1406],"palmVelocity":[-16.6888,-0.146678,-138.376],"palmWidth":90.9705,"pinchStrength":0.527166,"r":[[0.980728,0.131134,0.144832],[-0.166447,0.948968,0.267872],[-0.102314,-0.286817,0.952506]],"s":1.0918,"sphereCenter":[64.5455,287.873,-16.5617],"sphereRadius":49.5053,"stabilizedPalmPosition":[67.0668,277.522,104.206],"t":[-28.0268,99.908,-156.988],"timeVisible":0.50602,"type":"right","wrist":[72.309,275.54,70.8167]}],"id":4141584,"interactionBox":{"center":[0,200,0],"size":[235.247,235.247,147.751]},"pointables":[{"bases":[[[0.290945,0.830016,0.47584],[-0.743975,-0.116432,0.657985],[0.601542,-0.545451,0.583636]],[[0.0832472,0.960881,0.264156],[-0.80054,-0.0933802,0.59196],[0.59347,-0.260747,0.761449]],[[0.0832472,0.960881,0.264156],[-0.95965,0.00585342,0.281136],[0.268592,-0.276901,0.922596]],[[0.0832472,0.960881,0.264156],[-0.817561,0.217418,-0.533219],[-0.569792,-0.171575,0.803678]]],"btipPosition":[20.4309,286.757,-20.4776],"carpPosition":[45.8726,260.29,67.7786],"dipPosition":[7.09856,282.742,-1.6727],"direction":[-0.268592,0.276901,-0.922596],"extended":false,"handId":476,"id":4760,"length":52.1052,"mcpPosition":[45.8726,260.29,67.7786],"pipPosition":[16.2544,273.303,29.7771],"stabilizedTipPosition":[27.0577,261.022,46.3025],"timeVisible":0.50602,"tipPosition":[17.6904,285.902,-16.1379],"tipVelocity":[-14.8938,-9.33932,-147.335],"tool":false,"touchDistance":-0.50313,"touchZone":"hovering","type":0,"width":20.2457},{"bases":[[[0.931808,0.304239,-0.197923],[-0.124441,0.780056,0.61321],[0.340953,-0.546764,0.764722]],[[0.970785,0.223502,-0.0873097],[-0.194167,0.945492,0.261428],[0.14098,-0.236838,0.961266]],[[0.970785,0.223502,-0.0873097],[-0.211736,0.969103,0.126519],[0.112889,-0.104336,0.988114]],[[0.970785,0.223502,-0.0873097],[-0.221624,0.974647,0.0307725],[0.0919738,-0.0105235,0.995706]]],"btipPosition":[14.8341,335.875,-64.6175],"carpPosition":[50.2672,282.785,73.8069],"dipPosition":[16.4052,335.695,-47.6089],"direction":[-0.112889,0.104336,-0.988114],"extended":true,"handId":476,"id":4761,"length":58.7949,"mcpPosition":[25.1888,323.001,17.5586],"pipPosition":[19.1332,333.174,-23.7309],"stabilizedTipPosition":[22.0255,309.834,-4.82806],"timeVisible":0.50602,"tipPosition":[15.6784,335.086,-60.7024],"tipVelocity":[-7.53165,0.74002,-146.057],"tool":false,"touchDistance":-0.504346,"touchZone":"hovering","type":1,"width":19.3387},{"bases":[[[0.976774,0.0901034,-0.194404],[0.0423995,0.808068,0.587561],[0.210033,-0.582157,0.78548]],[[0.976115,0.0919186,-0.196853],[-0.197594,0.752273,-0.628523],[0.0903144,0.652408,0.752467]],[[0.976115,0.0919186,-0.196853],[-0.171669,-0.229008,-0.958168],[-0.133154,0.969075,-0.207759]],[[0.976115,0.0919186,-0.196853],[-0.088423,-0.659563,-0.74643],[-0.198448,0.746008,-0.635682]]],"btipPosition":[49.7137,255.74,-1.21152],"carpPosition":[61.2024,288.139,71.9898],"dipPosition":[45.9853,269.756,-13.1547],"direction":[0.133154,-0.969075,0.207759],"extended":false,"handId":476,"id":4762,"length":66.9921,"mcpPosition":[46.5519,328.746,17.2001],"pipPosition":[42.1997,297.307,-19.0613],"stabilizedTipPosition":[59.3213,225.367,67.5233],"timeVisible":0.50602,"tipPosition":[48.699,259.075,-4.6384],"tipVelocity":[-10.4876,-5.65585,-120.432],"tool":false,"touchDistance":0.333333,"touchZone":"none","type":2,"width":18.9931},{"bases":[[[0.991042,-0.0577216,-0.120432],[0.118751,0.793471,0.59691],[0.0611044,-0.605865,0.793218]],[[0.988489,-0.0377149,-0.146519],[-0.0740151,0.724085,-0.685727],[0.131954,0.688678,0.712959]],[[0.988489,-0.0377149,-0.146519],[-0.151225,-0.275725,-0.949266],[-0.00459746,0.960496,-0.278255]],[[0.988489,-0.0377149,-0.146519],[-0.132649,-0.681788,-0.719423],[-0.0727617,0.730577,-0.678942]]],"btipPosition":[64.772,257.376,8.36316],"carpPosition":[73.0066,290.445,69.4984],"dipPosition":[63.4128,271.023,-4.31948],"direction":[0.00459746,-0.960496,0.278255],"extended":false,"handId":476,"id":4763,"length":64.4147,"mcpPosition":[69.1798,328.389,19.8218],"pipPosition":[63.2854,297.625,-12.0261],"stabilizedTipPosition":[75.0912,231.691,69.2873],"timeVisible":0.50602,"tipPosition":[64.402,260.576,4.88142],"tipVelocity":[-14.1346,-3.97018,-121.735],"tool":false,"touchDistance":0.333333,"touchZone":"none","type":3,"width":18.0732},{"bases":[[[0.958118,-0.257762,-0.124776],[0.276378,0.718169,0.63863],[-0.0750039,-0.646369,0.75933]],[[0.95899,-0.24956,-0.134377],[0.0963859,0.732976,-0.673392],[0.266547,0.632824,0.726971]],[[0.95899,-0.24956,-0.134377],[-0.192297,-0.224561,-0.955298],[0.208228,0.941962,-0.263342]],[[0.95899,-0.24956,-0.134377],[-0.265041,-0.621536,-0.737188],[0.100453,0.742572,-0.662191]]],"btipPosition":[74.7479,269.792,11.5809],"carpPosition":[85.6255,285.908,64.7399],"dipPosition":[76.479,282.588,0.16931],"direction":[-0.208228,-0.941962,0.263342],"extended":false,"handId":476,"id":4764,"length":50.4999,"mcpPosition":[89.9737,323.379,20.7194],"pipPosition":[80.5508,301.008,-4.98023],"stabilizedTipPosition":[86.5672,241.976,77.6725],"timeVisible":0.50602,"tipPosition":[75.0957,272.754,8.4688],"tipVelocity":[-15.8289,-3.40649,-126.96],"tool":false,"touchDistance":0.333333,"touchZone":"none","type":4,"width":16.054}],"r":[[0.980728,0.131134,0.144832],[-0.166447,0.948968,0.267872],[-0.102314,-0.286817,0.952506]],"s":1.0918,"t":[-28.0268,99.908,-156.988],"timestamp":521817422581},false],[5,{"currentFrameRate":107.11,"devices":[],"gestures":[],"hands":[{"armBasis":[[0.896908,0.313297,-0.312091],[-0.12485,0.856431,0.500937],[0.424227,-0.41033,0.807255]],"armWidth":63.7064,"confidence":0.817782,"direction":[-0.193638,0.6969,-0.690532],"elbow":[186.71,164.801,288.051],"grabStrength":0,"id":476,"palmNormal":[0.0744518,-0.691386,-0.718639],"palmPosition":[54.6048,308.753,30.3787],"palmVelocity":[-14.4625,-1.7541,-122.831],"palmWidth":90.9705,"pinchStrength":0.527637,"r":[[0.980576,0.130858,0.146107],[-0.166415,0.949325,0.266625],[-0.103813,-0.285761,0.952661]],"s":1.09249,"sphereCenter":[64.5739,287.761,-17.2811],"sphereRadius":49.51,"stabilizedPalmPosition":[67.0649,277.527,104.194],"t":[-28.1421,99.8667,-157.954],"timeVisible":0.515221,"type":"right","wrist":[72.1927,275.566,70.1384]}],"id":4141585,"interactionBox":{"center":[0,200,0],"size":[235.247,235.247,147.751]},"pointables":[{"bases":[[[0.289266,0.831066,0.475031],[-0.745011,-0.116145,0.656863],[0.601069,-0.543912,0.585556]],[[0.0814861,0.961504,0.262432],[-0.801936,-0.0931015,0.590111],[0.591827,-0.25854,0.763478]],[[0.0814861,0.961504,0.262432],[-0.960052,0.00500092,0.279777],[0.267694,-0.274746,0.923501]],[[0.0814861,0.961504,0.262432],[-0.817772,0.215019,-0.533868],[-0.569744,-0.171107,0.803812]]],"btipPosition":[20.4469,286.558,-21.3133],"carpPosition":[45.7772,260.285,67.0782],"dipPosition":[7.11572,282.554,-2.50522],"direction":[-0.267694,0.274746,-0.923501],"extended":false,"handId":476,"id":4760,"length":52.1052,"mcpPosition":[45.7772,260.285,67.0782],"pipPosition":[16.241,273.188,28.9754],"stabilizedTipPosition":[27.0559,261.027,46.2908],"timeVisible":0.515221,"tipPosition":[17.6995,285.715,-16.9554],"tipVelocity":[-10.2319,-12.7169,-131.503],"tool":false,"touchDistance":-0.493674,"touchZone":"hovering","type":0,"width":20.2457},{"bases":[[[0.931844,0.304872,-0.196771],[-0.126309,0.780901,0.611751],[0.340164,-0.545203,0.766187]],[[0.970557,0.224785,-0.0865459],[-0.195754,0.945457,0.260369],[0.140353,-0.235761,0.961623]],[[0.970557,0.224785,-0.0865459],[-0.213171,0.968873,0.125871],[0.112146,-0.103716,0.988264]],[[0.970557,0.224785,-0.0865459],[-0.222954,0.974355,0.0304026],[0.0911605,-0.0102118,0.995784]]],"btipPosition":[14.8221,335.703,-65.4739],"carpPosition":[50.1384,282.794,73.0784],"dipPosition":[16.3793,335.528,-48.464],"direction":[-0.112146,0.103716,-0.988264],"extended":true,"handId":476,"id":4761,"length":58.7949,"mcpPosition":[25.118,322.895,16.7224],"pipPosition":[19.0894,333.022,-24.5824],"stabilizedTipPosition":[22.0223,309.846,-4.85386],"timeVisible":0.515221,"tipPosition":[15.6672,334.924,-61.563],"tipVelocity":[-5.88661,-4.67036,-131.228],"tool":false,"touchDistance":-0.495088,"touchZone":"hovering","type":1,"width":19.3387},{"bases":[[[0.977022,0.0907891,-0.192833],[0.0405473,0.809042,0.586351],[0.209244,-0.580696,0.786771]],[[0.976353,0.0926323,-0.19533],[-0.197262,0.751402,-0.629668],[0.0884439,0.65331,0.751907]],[[0.976353,0.0926323,-0.19533],[-0.169826,-0.230441,-0.958152],[-0.133768,0.968667,-0.209261]],[[0.976353,0.0926323,-0.19533],[-0.0864583,-0.660823,-0.745545],[-0.19814,0.744803,-0.637188]]],"btipPosition":[49.7394,255.646,-1.92134],"carpPosition":[61.0713,288.156,71.272],"dipPosition":[46.0168,269.639,-13.8928],"direction":[0.133768,-0.968667,0.209261],"extended":false,"handId":476,"id":4762,"length":66.9921,"mcpPosition":[46.4758,328.662,16.3923],"pipPosition":[42.2137,297.179,-19.8422],"stabilizedTipPosition":[59.3188,225.375,67.506],"timeVisible":0.515221,"tipPosition":[48.7328,258.966,-5.32922],"tipVelocity":[-6.73078,-7.08649,-108.52],"tool":false,"touchDistance":0.333333,"touchZone":"none","type":2,"width":18.9931},{"bases":[[[0.99131,-0.0569038,-0.118601],[0.116897,0.794537,0.595857],[0.0603262,-0.604543,0.794285]],[[0.988799,-0.0370502,-0.144582],[-0.0730192,0.724771,-0.685109],[0.130172,0.687993,0.713948]],[[0.988799,-0.0370502,-0.144582],[-0.149184,-0.274855,-0.949842],[-0.00454709,0.960772,-0.277303]],[[0.988799,-0.0370502,-0.144582],[-0.130797,-0.681716,-0.71983],[-0.0718938,0.730678,-0.678926]]],"btipPosition":[64.7536,257.34,7.52475],"carpPosition":[72.8775,290.471,68.7976],"dipPosition":[63.4106,270.989,-5.1576],"direction":[0.00454709,-0.960772,0.277303],"extended":false,"handId":476,"id":4763,"length":64.4147,"mcpPosition":[69.0995,328.331,19.0543],"pipPosition":[63.2847,297.598,-12.8378],"stabilizedTipPosition":[75.0883,231.698,69.2695],"timeVisible":0.515221,"tipPosition":[64.4025,260.519,4.1398],"tipVelocity":[-10.6253,-3.95122,-113.168],"tool":false,"touchDistance":0.333333,"touchZone":"none","type":3,"width":18.0732},{"bases":[[[0.958597,-0.256984,-0.122685],[0.274526,0.719462,0.637973],[-0.0756812,-0.645239,0.760223]],[[0.959438,-0.249198,-0.131828],[0.0973739,0.731756,-0.674575],[0.264569,0.634377,0.72634]],[[0.959438,-0.249198,-0.131828],[-0.190211,-0.227064,-0.955124],[0.208082,0.941458,-0.265254]],[[0.959438,-0.249198,-0.131828],[-0.26313,-0.623706,-0.736039],[0.101198,0.740872,-0.663979]]],"btipPosition":[74.731,269.741,10.9483],"carpPosition":[85.5093,285.938,64.0685],"dipPosition":[76.4749,282.509,-0.494132],"direction":[-0.208082,-0.941458,0.265254],"extended":false,"handId":476,"id":4764,"length":50.4999,"mcpPosition":[89.8968,323.345,19.9962],"pipPosition":[80.5439,300.918,-5.68107],"stabilizedTipPosition":[86.5646,241.983,77.6567],"timeVisible":0.515221,"tipPosition":[75.0873,272.691,7.83008],"tipVelocity":[-11.826,-4.19676,-110.892],"tool":false,"touchDistance":0.333333,"touchZone":"none","type":4,"width":16.054}],"r":[[0.980576,0.130858,0.146107],[-0.166415,0.949325,0.266625],[-0.103813,-0.285761,0.952661]],"s":1.09249,"t":[-28.1421,99.8667,-157.954],"timestamp":521817431782},false],[6,{"currentFrameRate":107.258,"devices":[],"gestures":[],"hands":[{"armBasis":[[0.908345,0.298804,-0.29262],[-0.127711,0.86443,0.486261],[0.398246,-0.404322,0.823361]],"armWidth":63.7064,"confidence":0.81845,"direction":[-0.190912,0.695848,-0.69235],"elbow":[179.242,166.453,290.722],"grabStrength":0,"id":476,"palmNormal":[0.0757302,-0.69278,-0.717162],"palmPosition":[54.3002,308.729,28.5922],"palmVelocity":[-19.757,-1.97973,-143.395],"palmWidth":90.9705,"pinchStrength":0.52716,"r":[[0.980398,0.130477,0.147635],[-0.16633,0.949742,0.265186],[-0.105615,-0.284544,0.952827]],"s":1.09278,"sphereCenter":[64.3435,287.654,-18.9996],"sphereRadius":49.4902,"stabilizedPalmPosition":[67.0634,277.531,104.186],"t":[-28.352,99.8344,-159.331],"timeVisible":0.524273,"type":"right","wrist":[71.7388,275.597,68.4622]}],"id":4141586,"interactionBox":{"center":[0,200,0],"size":[235.247,235.247,147.751]},"pointables":[{"bases":[[[0.288831,0.831616,0.474333],[-0.746998,-0.114129,0.654956],[0.598807,-0.543497,0.588252]],[[0.0817322,0.961917,0.260836],[-0.804064,-0.0909985,0.587537],[0.588898,-0.25775,0.766006]],[[0.0817322,0.961917,0.260836],[-0.960828,0.00650898,0.277069],[0.264819,-0.273264,0.924769]],[[0.0817322,0.961917,0.260836],[-0.815559,0.214981,-0.537258],[-0.572872,-0.168816,0.802071]]],"btipPosition":[20.3024,286.468,-23.1652],"carpPosition":[45.3153,260.339,65.3549],"dipPosition":[6.89797,282.518,-4.39788],"direction":[-0.264819,0.273264,-0.924769],"extended":false,"handId":476,"id":4760,"length":52.1052,"mcpPosition":[45.3153,260.339,65.3549],"pipPosition":[15.9252,273.202,27.1259],"stabilizedTipPosition":[27.0546,261.03,46.2824],"timeVisible":0.524273,"tipPosition":[17.5162,285.638,-18.8121],"tipVelocity":[-12.3281,-11.5741,-151.954],"tool":false,"touchDistance":-0.50056,"touchZone":"hovering","type":0,"width":20.2457},{"bases":[[[0.932733,0.303493,-0.194681],[-0.127186,0.782156,0.609964],[0.33739,-0.544173,0.768143]],[[0.970861,0.224094,-0.084917],[-0.195628,0.945784,0.259274],[0.138415,-0.235107,0.962063]],[[0.970861,0.224094,-0.084917],[-0.212715,0.969047,0.125301],[0.110368,-0.103587,0.988478]],[[0.970861,0.224094,-0.084917],[-0.222297,0.974512,0.0301703],[0.0895136,-0.0104143,0.995931]]],"btipPosition":[14.7263,335.659,-67.3965],"carpPosition":[49.6841,282.853,71.3264],"dipPosition":[16.2554,335.481,-50.384],"direction":[-0.110368,0.103587,-0.988478],"extended":true,"handId":476,"id":4761,"length":58.7949,"mcpPosition":[24.8678,322.879,14.8265],"pipPosition":[18.9224,332.978,-26.4972],"stabilizedTipPosition":[22.0202,309.853,-4.87169],"timeVisible":0.524273,"tipPosition":[15.5709,334.879,-63.4909],"tipVelocity":[-7.38129,-4.74058,-153.604],"tool":false,"touchDistance":-0.502741,"touchZone":"hovering","type":1,"width":19.3387},{"bases":[[[0.977665,0.0893675,-0.190224],[0.039773,0.810068,0.584986],[0.206373,-0.579486,0.78842]],[[0.976999,0.0912228,-0.192748],[-0.194761,0.749815,-0.632333],[0.0868421,0.655329,0.750335]],[[0.976999,0.0912228,-0.192748],[-0.167174,-0.233498,-0.957879],[-0.132387,0.968069,-0.212877]],[[0.976999,0.0912228,-0.192748],[-0.0847803,-0.663211,-0.743615],[-0.195667,0.742852,-0.640223]]],"btipPosition":[49.4879,255.562,-3.53157],"carpPosition":[60.628,288.201,69.5412],"dipPosition":[45.8117,269.519,-15.5601],"direction":[0.132387,-0.968069,0.212877],"extended":false,"handId":476,"id":4762,"length":66.9921,"mcpPosition":[46.2328,328.622,14.5465],"pipPosition":[42.0479,297.042,-21.6122],"stabilizedTipPosition":[59.317,225.381,67.4936],"timeVisible":0.524273,"tipPosition":[48.4928,258.873,-6.95958],"tipVelocity":[-12.2157,-7.93712,-128.06],"tool":false,"touchDistance":0.333333,"touchZone":"none","type":2,"width":18.9931},{"bases":[[[0.991579,-0.058205,-0.115682],[0.11608,0.795497,0.594735],[0.0574082,-0.603155,0.795555]],[[0.989182,-0.0385153,-0.14155],[-0.0693608,0.727451,-0.682644],[0.129263,0.685077,0.71691]],[[0.989182,-0.0385153,-0.14155],[-0.146686,-0.271084,-0.951313],[-0.00173195,0.961785,-0.273801]],[[0.989182,-0.0385153,-0.14155],[-0.129742,-0.68001,-0.721633],[-0.0684616,0.732191,-0.67765]]],"btipPosition":[64.4011,257.354,5.49059],"carpPosition":[72.4437,290.498,67.0962],"dipPosition":[63.1222,271.031,-7.16791],"direction":[0.00173195,-0.961785,0.273801],"extended":false,"handId":476,"id":4763,"length":64.4147,"mcpPosition":[68.8484,328.271,17.2733],"pipPosition":[63.0743,297.669,-14.7511],"stabilizedTipPosition":[75.0862,231.704,69.2565],"timeVisible":0.524273,"tipPosition":[64.0896,260.502,2.28336],"tipVelocity":[-17.9893,-2.23516,-143.781],"tool":false,"touchDistance":0.333333,"touchZone":"none","type":3,"width":18.0732},{"bases":[[[0.958658,-0.258256,-0.119494],[0.273506,0.720327,0.637436],[-0.0785468,-0.643765,0.761181]],[[0.959489,-0.250921,-0.12814],[0.100896,0.730652,-0.675253],[0.263061,0.634969,0.72637]],[[0.959489,-0.250921,-0.12814],[-0.187311,-0.228358,-0.955389],[0.210465,0.940687,-0.266107]],[[0.959489,-0.250921,-0.12814],[-0.261632,-0.624742,-0.735695],[0.104547,0.739416,-0.665082]]],"btipPosition":[74.4207,269.679,9.27006],"carpPosition":[85.084,285.943,62.4112],"dipPosition":[76.2223,282.422,-2.19137],"direction":[-0.210465,-0.940687,0.266107],"extended":false,"handId":476,"id":4764,"length":50.4999,"mcpPosition":[89.6375,323.264,18.2834],"pipPosition":[80.3379,300.817,-7.39498],"stabilizedTipPosition":[86.5627,241.988,77.6451],"timeVisible":0.524273,"tipPosition":[74.7988,272.615,6.16731],"tipVelocity":[-17.6171,-5.09491,-131.584],"tool":false,"touchDistance":0.333333,"touchZone":"none","type":4,"width":16.054}],"r":[[0.980398,0.130477,0.147635],[-0.166