{"sensorType":"Leap","data":[[0,{"currentFrameRate":104.886,"devices":[],"gestures":[],"hands":[{"armBasis":[[0.839368,0.431698,-0.330301],[-0.233263,0.834934,0.498472],[0.490969,-0.341354,0.801515]],"armWidth":63.7064,"confidence":0.785844,"direction":[-0.194993,0.567378,-0.800038],"elbow":[200.201,200.492,304.189],"grabStrength":0,"id":473,"palmNormal":[0.211321,-0.772234,-0.599165],"palmPosition":[50.7538,317.756,42.2798],"palmVelocity":[-8.86426,-107.525,-226.329],"palmWidth":90.9705,"pinchStrength":0.510774,"r":[[0.996852,0.0568748,0.0552365],[-0.0667401,0.978049,0.1974],[-0.0427969,-0.200465,0.978766]],"s":0.82528,"sphereCenter":[54.4904,292.033,0.651901],"sphereRadius":47.6053,"stabilizedPalmPosition":[59.1055,324.949,106.467],"t":[-28.6228,121.013,-142.443],"timeVisible":0.542247,"type":"right","wrist":[67.6677,292.638,87.8266]}],"id":4140433,"interactionBox":{"center":[0,200,0],"size":[235.247,235.247,147.751]},"pointables":[{"bases":[[[0.158343,0.916465,0.36745],[-0.789214,-0.106162,0.604873],[0.593354,-0.385774,0.706476]],[[-0.0626643,0.993725,0.0926487],[-0.772184,-0.107087,0.626311],[0.632302,-0.0322944,0.774049]],[[-0.0626643,0.993725,0.0926487],[-0.969255,-0.0827266,0.231733],[0.237943,-0.0752789,0.968357]],[[-0.0626643,0.993725,0.0926487],[-0.696985,0.0228707,-0.716721],[-0.714343,-0.109488,0.691178]]],"btipPosition":[20.3656,280.949,-2.84407],"carpPosition":[43.3183,274.21,84.9686],"dipPosition":[3.65093,278.388,13.3285],"direction":[-0.237943,0.0752789,-0.968357],"extended":false,"handId":473,"id":4730,"length":52.1052,"mcpPosition":[43.3183,274.21,84.9686],"pipPosition":[11.762,275.821,46.3382],"stabilizedTipPosition":[25.5028,289.368,72.5407],"timeVisible":0.542247,"tipPosition":[15.5451,281.117,1.40762],"tipVelocity":[-0.333273,-92.7989,-240.293],"tool":false,"touchDistance":-0.599869,"touchZone":"hovering","type":0,"width":20.2457},{"bases":[[[0.911432,0.377103,-0.164573],[-0.261352,0.839539,0.476307],[0.317782,-0.39111,0.86374]],[[0.938702,0.335988,-0.0771421],[-0.318501,0.930903,0.178821],[0.131893,-0.143289,0.980853]],[[0.938702,0.335988,-0.0771421],[-0.333082,0.941662,0.0482539],[0.0888546,-0.0196013,0.995852]],[[0.938702,0.335988,-0.0771421],[-0.339995,0.939293,-0.0461783],[0.0569437,0.0695756,0.99595]]],"btipPosition":[12.6649,331.889,-58.8646],"carpPosition":[44.8241,297.682,87.8754],"dipPosition":[13.6376,333.078,-41.8518],"direction":[-0.0888546,0.0196013,-0.995852],"extended":true,"handId":473,"id":4731,"length":58.7949,"mcpPosition":[21.45,326.449,24.344],"pipPosition":[15.7848,332.604,-17.7868],"stabilizedTipPosition":[21.0039,337.629,16.3036],"timeVisible":0.542247,"tipPosition":[12.9218,331.374,-54.8686],"tipVelocity":[-5.79846,-46.1592,-224.982],"tool":false,"touchDistance":-0.610386,"touchZone":"hovering","type":1,"width":19.3387},{"bases":[[[0.977097,0.172112,-0.125137],[-0.0964611,0.882416,0.460474],[0.189676,-0.437857,0.878808]],[[0.975483,0.175752,-0.132451],[-0.214351,0.622429,-0.752752],[-0.0498564,0.762688,0.644842]],[[0.975483,0.175752,-0.132451],[-0.0270584,-0.5015,-0.864734],[-0.218403,0.847118,-0.48445]],[[0.975483,0.175752,-0.132451],[0.0908188,-0.869699,-0.485155],[-0.200459,0.461231,-0.864339]]],"btipPosition":[54.4394,264.972,23.8108],"carpPosition":[55.2918,303.933,86.1731],"dipPosition":[50.6732,273.637,7.57161],"direction":[0.218403,-0.847118,0.48445],"extended":false,"handId":473,"id":4732,"length":66.9921,"mcpPosition":[42.0613,334.475,24.8735],"pipPosition":[44.4639,297.721,-6.20145],"stabilizedTipPosition":[66.5727,276.838,75.6168],"timeVisible":0.542247,"tipPosition":[53.5469,266.762,20.1112],"tipVelocity":[-47.7265,-109.44,-224.775],"tool":false,"touchDistance":0.333333,"touchZone":"none","type":2,"width":18.9931},{"bases":[[[0.998832,0.0387883,-0.0288034],[-0.0203098,0.87805,0.478137],[0.0438369,-0.476994,0.877813]],[[0.997285,0.0516499,-0.0524882],[-0.0730113,0.60065,-0.796171],[-0.00959513,0.797842,0.602791]],[[0.997285,0.0516499,-0.0524882],[-0.0156783,-0.547507,-0.836654],[-0.0719507,0.835206,-0.54521]],[[0.997285,0.0516499,-0.0524882],[0.0226599,-0.893434,-0.448623],[-0.070066,0.446216,-0.892178]]],"btipPosition":[67.9765,269.956,34.2023],"carpPosition":[66.9917,307.19,84.3374],"dipPosition":[66.6677,278.291,17.5364],"direction":[0.0719507,-0.835206,0.54521],"extended":false,"handId":473,"id":4733,"length":64.4147,"mcpPosition":[64.2463,337.063,29.3629],"pipPosition":[64.6749,301.423,2.43624],"stabilizedTipPosition":[80.5229,282.209,87.4779],"timeVisible":0.542247,"tipPosition":[67.6526,271.776,30.0168],"tipVelocity":[-43.3996,-120.342,-199.276],"tool":false,"touchDistance":0.333333,"touchZone":"none","type":3,"width":18.0732},{"bases":[[[0.986726,-0.162295,-0.00561598],[0.139246,0.82778,0.543498],[-0.0835584,-0.537066,0.839392]],[[0.974503,-0.21206,0.0733098],[0.191785,0.617667,-0.762696],[0.116456,0.757309,0.642589]],[[0.974503,-0.21206,0.0733098],[-0.0463842,-0.510073,-0.85888],[0.219527,0.833581,-0.506904]],[[0.974503,-0.21206,0.0733098],[-0.149784,-0.858107,-0.491139],[0.167058,0.467635,-0.867991]]],"btipPosition":[73.9617,283.493,34.8588],"carpPosition":[80.4062,303.489,81.3668],"dipPosition":[76.8406,291.552,19.9006],"direction":[-0.219527,-0.833581,0.506904],"extended":false,"handId":473,"id":4734,"length":50.4999,"mcpPosition":[85.2503,334.624,32.7049],"pipPosition":[81.1334,307.852,9.98833],"stabilizedTipPosition":[84.2577,296.535,90.7706],"timeVisible":0.542247,"tipPosition":[74.2685,285.431,31.1152],"tipVelocity":[-31.8571,-126.555,-222.197],"tool":false,"touchDistance":0.333333,"touchZone":"none","type":4,"width":16.054}],"r":[[0.996852,0.0568748,0.0552365],[-0.0667401,0.978049,0.1974],[-0.0427969,-0.200465,0.978766]],"s":0.82528,"t":[-28.6228,121.013,-142.443],"timestamp":521805638386},false],[1,{"currentFrameRate":105.092,"devices":[],"gestures":[],"hands":[{"armBasis":[[0.847797,0.423585,-0.319087],[-0.231779,0.837134,0.495464],[0.476989,-0.346095,0.807898]],"armWidth":63.7064,"confidence":0.798477,"direction":[-0.193022,0.567408,-0.800494],"elbow":[196.466,198.595,304.323],"grabStrength":0,"id":473,"palmNormal":[0.209609,-0.773158,-0.598574],"palmPosition":[50.8857,317.156,40.6652],"palmVelocity":[-2.38273,-95.8852,-212.568],"palmWidth":90.9705,"pinchStrength":0.513048,"r":[[0.99715,0.0511691,0.0554321],[-0.061124,0.97867,0.196134],[-0.0442137,-0.198964,0.979009]],"s":0.82562,"sphereCenter":[54.7235,291.441,-0.956178],"sphereRadius":47.6283,"stabilizedPalmPosition":[59.0996,324.943,106.42],"t":[-28.5651,120.127,-144.171],"timeVisible":0.551378,"type":"right","wrist":[67.7066,292.021,86.237]}],"id":4140434,"interactionBox":{"center":[0,200,0],"size":[235.247,235.247,147.751]},"pointables":[{"bases":[[[0.160571,0.916264,0.366985],[-0.789841,-0.103694,0.604482],[0.591919,-0.386922,0.707052]],[[-0.0602591,0.993956,0.0917675],[-0.774458,-0.104556,0.623925],[0.629749,-0.0334729,0.776077]],[[-0.0602591,0.993956,0.0917675],[-0.969658,-0.0801102,0.230966],[0.236922,-0.0750653,0.968624]],[[-0.0602591,0.993956,0.0917675],[-0.696422,0.0239978,-0.717231],[-0.715098,-0.107129,0.690766]]],"btipPosition":[20.537,280.392,-4.53723],"carpPosition":[43.3098,273.656,83.3761],"dipPosition":[3.80472,277.886,11.6257],"direction":[-0.236922,0.0750653,-0.968624],"extended":false,"handId":473,"id":4730,"length":52.1052,"mcpPosition":[43.3098,273.656,83.3761],"pipPosition":[11.881,275.327,44.6445],"stabilizedTipPosition":[25.4974,289.362,72.4956],"timeVisible":0.551378,"tipPosition":[15.7279,280.537,-0.28623],"tipVelocity":[4.85519,-83.5798,-225.11],"tool":false,"touchDistance":-0.593646,"touchZone":"hovering","type":0,"width":20.2457},{"bases":[[[0.912527,0.374576,-0.164277],[-0.259391,0.840522,0.475647],[0.316244,-0.391429,0.86416]],[[0.939845,0.333043,-0.0759866],[-0.315573,0.931646,0.180138],[0.130786,-0.145322,0.980702]],[[0.939845,0.333043,-0.0759866],[-0.330033,0.942666,0.0495949],[0.0881472,-0.0215335,0.995875]],[[0.939845,0.333043,-0.0759866],[-0.336896,0.94047,-0.0449112],[0.0565058,0.0678091,0.996097]]],"btipPosition":[12.9025,331.521,-60.4979],"carpPosition":[44.8765,297.126,86.2696],"dipPosition":[13.8678,332.679,-43.4826],"direction":[-0.0881472,0.0215335,-0.995875],"extended":true,"handId":473,"id":4731,"length":58.7949,"mcpPosition":[21.6155,325.917,22.7072],"pipPosition":[15.9979,332.159,-19.4171],"stabilizedTipPosition":[21.0032,337.629,16.2969],"timeVisible":0.551378,"tipPosition":[13.1508,330.983,-56.5098],"tipVelocity":[2.99586,-44.7492,-212.149],"tool":false,"touchDistance":-0.602171,"touchZone":"hovering","type":1,"width":19.3387},{"bases":[[[0.977623,0.169435,-0.124678],[-0.0943767,0.88295,0.459883],[0.188005,-0.437826,0.879183]],[[0.976005,0.173117,-0.132081],[-0.212395,0.623183,-0.752682],[-0.0479918,0.762675,0.644999]],[[0.976005,0.173117,-0.132081],[-0.0281651,-0.501109,-0.864925],[-0.21592,0.847891,-0.484209]],[[0.976005,0.173117,-0.132081],[0.0886227,-0.869869,-0.485257],[-0.198899,0.461908,-0.864338]]],"btipPosition":[54.4362,264.351,22.1667],"carpPosition":[55.3618,303.348,84.5695],"dipPosition":[50.6992,273.029,5.92749],"direction":[0.21592,-0.847891,0.484209],"extended":false,"handId":473,"id":4732,"length":66.9921,"mcpPosition":[42.2478,333.888,23.2438],"pipPosition":[44.5606,297.135,-7.83874],"stabilizedTipPosition":[66.5479,276.818,75.508],"timeVisible":0.551378,"tipPosition":[53.5531,266.152,18.4897],"tipVelocity":[-34.3535,-97.8354,-212.346],"tool":false,"touchDistance":0.333333,"touchZone":"none","type":2,"width":18.9931},{"bases":[[[0.998948,0.0361124,-0.0282511],[-0.0182475,0.878392,0.477592],[0.0420626,-0.476575,0.878127]],[[0.997465,0.0488548,-0.0517438],[-0.070725,0.59998,-0.796883],[-0.00788632,0.798522,0.601914]],[[0.997465,0.0488548,-0.0517438],[-0.0164546,-0.549074,-0.835612],[-0.0692348,0.834345,-0.546878]],[[0.997465,0.0488548,-0.0517438],[0.0206362,-0.894444,-0.446703],[-0.0681055,0.444502,-0.893185]]],"btipPosition":[67.9791,269.338,32.688],"carpPosition":[67.0713,306.573,82.7386],"dipPosition":[66.7069,277.641,16.0033],"direction":[0.0692348,-0.834345,0.546878],"extended":false,"handId":473,"id":4733,"length":64.4147,"mcpPosition":[64.437,336.419,27.7444],"pipPosition":[64.7893,300.749,0.856905],"stabilizedTipPosition":[80.4872,282.178,87.3149],"timeVisible":0.551378,"tipPosition":[67.6667,271.146,28.4925],"tipVelocity":[-31.0016,-105.923,-190.116],"tool":false,"touchDistance":0.333333,"touchZone":"none","type":3,"width":18.0732},{"bases":[[[0.986294,-0.164924,-0.00494876],[0.141136,0.827737,0.543076],[-0.0854701,-0.536331,0.839669]],[[0.974029,-0.21421,0.0733581],[0.192821,0.614908,-0.764662],[0.11869,0.758948,0.640243]],[[0.974029,-0.21421,0.0733581],[-0.0481276,-0.512453,-0.857366],[0.221249,0.831569,-0.509453]],[[0.974029,-0.21421,0.0733581],[-0.152008,-0.858762,-0.489307],[0.167812,0.465448,-0.869021]]],"btipPosition":[74.0183,282.815,33.4044],"carpPosition":[80.4776,302.835,79.7779],"dipPosition":[76.9102,290.836,18.4285],"direction":[-0.221249,-0.831569,0.509453],"extended":false,"handId":473,"id":4734,"length":50.4999,"mcpPosition":[85.4326,333.927,31.1],"pipPosition":[81.2367,307.097,8.46635],"stabilizedTipPosition":[84.2381,296.511,90.646],"timeVisible":0.551378,"tipPosition":[74.3437,284.748,29.6251],"tipVelocity":[-21.1865,-112.282,-204.833],"tool":false,"touchDistance":0.333333,"touchZone":"none","type":4,"width":16.054}],"r":[[0.99715,0.0511691,0.0554321],[-0.061124,0.97867,0.196134],[-0.0442137,-0.198964,0.979009]],"s":0.82562,"t":[-28.5651,120.127,-144.171],"timestamp":521805647517},false],[2,{"currentFrameRate":105.401,"devices":[],"gestures":[],"hands":[{"armBasis":[[0.852773,0.419015,-0.311776],[-0.231787,0.838573,0.493021],[0.46803,-0.34817,0.812235]],"armWidth":63.7064,"confidence":0.811579,"direction":[-0.189029,0.565928,-0.802492],"elbow":[193.611,198.025,303.599],"grabStrength":0,"id":473,"palmNormal":[0.210175,-0.77497,-0.596026],"palmPosition":[50.6615,317.073,38.6531],"palmVelocity":[-8.58555,-72.3029,-216.151],"palmWidth":90.9705,"pinchStrength":0.514283,"r":[[0.997344,0.0462286,0.0562806],[-0.0563729,0.979257,0.194624],[-0.0461159,-0.19728,0.979262]],"s":0.825822,"sphereCenter":[54.7524,291.279,-2.90484],"sphereRadius":47.6396,"stabilizedPalmPosition":[59.0941,324.938,106.375],"t":[-28.6484,119.642,-146.041],"timeVisible":0.560292,"type":"right","wrist":[67.2694,292.011,84.3428]}],"id":4140435,"interactionBox":{"center":[0,200,0],"size":[235.247,235.247,147.751]},"pointables":[{"bases":[[[0.161114,0.916792,0.365424],[-0.792192,-0.100697,0.601906],[0.58862,-0.386462,0.710052]],[[-0.0586822,0.994292,0.0891075],[-0.778569,-0.101452,0.619305],[0.62481,-0.0330341,0.780078]],[[-0.0586822,0.994292,0.0891075],[-0.97071,-0.0776658,0.227355],[0.232978,-0.0731558,0.969726]],[[-0.0586822,0.994292,0.0891075],[-0.693888,0.023546,-0.719698],[-0.717688,-0.104064,0.688545]]],"btipPosition":[20.5147,280.266,-6.66088],"carpPosition":[42.846,273.688,81.4377],"dipPosition":[3.72183,277.831,9.45012],"direction":[-0.232978,0.0731558,-0.969726],"extended":false,"handId":473,"id":4730,"length":52.1052,"mcpPosition":[42.846,273.688,81.4377],"pipPosition":[11.6637,275.337,42.5065],"stabilizedTipPosition":[25.4928,289.357,72.4561],"timeVisible":0.560292,"tipPosition":[15.7015,280.39,-2.42177],"tipVelocity":[2.42594,-64.1804,-229.051],"tool":false,"touchDistance":-0.594649,"touchZone":"hovering","type":0,"width":20.2457},{"bases":[[[0.91386,0.372357,-0.161897],[-0.259383,0.842148,0.472766],[0.312379,-0.390048,0.866188]],[[0.940908,0.330723,-0.0728945],[-0.314039,0.932621,0.177755],[0.126771,-0.14436,0.981371]],[[0.940908,0.330723,-0.0728945],[-0.327989,0.943507,0.0470819],[0.0843476,-0.0203912,0.996228]],[[0.940908,0.330723,-0.0728945],[-0.334506,0.941194,-0.0475299],[0.0528886,0.0691049,0.996206]]],"btipPosition":[13.0861,331.364,-62.6735],"carpPosition":[44.4497,297.161,84.2822],"dipPosition":[13.9896,332.544,-45.6564],"direction":[-0.0843476,0.0203912,-0.996228],"extended":true,"handId":473,"id":4731,"length":58.7949,"mcpPosition":[21.4731,325.851,20.5707],"pipPosition":[16.0278,332.052,-21.5823],"stabilizedTipPosition":[21.0027,337.628,16.2914],"timeVisible":0.560292,"tipPosition":[13.3106,330.835,-58.6878],"tipVelocity":[7.3552,-37.2036,-220.83],"tool":false,"touchDistance":-0.602916,"touchZone":"hovering","type":1,"width":19.3387},{"bases":[[[0.9784,0.167178,-0.121591],[-0.0942289,0.884207,0.457491],[0.183994,-0.436152,0.880862]],[[0.976811,0.170857,-0.129027],[-0.208474,0.621739,-0.75497],[-0.0487704,0.764362,0.642941]],[[0.976811,0.170857,-0.129027],[-0.0260554,-0.503299,-0.863719],[-0.212511,0.847053,-0.487176]],[[0.976811,0.170857,-0.129027],[0.0886465,-0.871305,-0.482669],[-0.194889,0.460038,-0.866247]]],"btipPosition":[54.1729,264.222,20.3045],"carpPosition":[54.9535,303.359,82.6051],"dipPosition":[50.5114,272.865,4.02945],"direction":[0.212511,-0.847053,0.487176],"extended":false,"handId":473,"id":4732,"length":66.9921,"mcpPosition":[42.1194,333.782,21.1622],"pipPosition":[44.4696,296.947,-9.82113],"stabilizedTipPosition":[66.5254,276.8,75.4073],"timeVisible":0.560292,"tipPosition":[53.3063,266.017,16.6132],"tipVelocity":[-32.5102,-75.3634,-211.661],"tool":false,"touchDistance":0.333333,"touchZone":"none","type":2,"width":18.9931},{"bases":[[[0.999113,0.0340386,-0.0247788],[-0.0181725,0.879538,0.475482],[0.0379786,-0.47461,0.879376]],[[0.997742,0.0467068,-0.0482646],[-0.066635,0.598373,-0.798442],[-0.00841241,0.799855,0.600134]],[[0.997742,0.0467068,-0.0482646],[-0.0145714,-0.550962,-0.834403],[-0.0655642,0.833222,-0.549037]],[[0.997742,0.0467068,-0.0482646],[0.0204213,-0.895551,-0.44449],[-0.0639841,0.442501,-0.894482]]],"btipPosition":[67.6844,269.207,30.843],"carpPosition":[66.676,306.556,80.8083],"dipPosition":[66.4891,277.473,14.1341],"direction":[0.0655642,-0.833222,0.549037],"extended":false,"handId":473,"id":4733,"length":64.4147,"mcpPosition":[64.2975,336.279,25.7359],"pipPosition":[64.6733,300.55,-1.07211],"stabilizedTipPosition":[80.4532,282.149,87.1578],"timeVisible":0.560292,"tipPosition":[67.3917,271.005,26.6481],"tipVelocity":[-31.0215,-81.3521,-194.878],"tool":false,"touchDistance":0.333333,"touchZone":"none","type":3,"width":18.0732},{"bases":[[[0.98597,-0.166917,-0.00105454],[0.140875,0.828716,0.54165],[-0.0895369,-0.5342,0.840603]],[[0.973387,-0.215826,0.0770469],[0.196425,0.612577,-0.765615],[0.118042,0.760374,0.638669]],[[0.973387,-0.215826,0.0770469],[-0.0463453,-0.514653,-0.856145],[0.22443,0.82979,-0.510959]],[[0.973387,-0.215826,0.0770469],[-0.15204,-0.859757,-0.487547],[0.171467,0.462858,-0.869691]]],"btipPosition":[73.7593,282.669,31.5731],"carpPosition":[80.0852,302.784,77.9041],"dipPosition":[76.7142,290.646,16.5856],"direction":[-0.22443,-0.82979,0.510959],"extended":false,"handId":473,"id":4734,"length":50.4999,"mcpPosition":[85.2759,333.753,29.172],"pipPosition":[81.1029,306.872,6.59398],"stabilizedTipPosition":[84.2189,296.487,90.5233],"timeVisible":0.560292,"tipPosition":[74.1049,284.591,27.7899],"tipVelocity":[-22.8872,-86.4662,-205.082],"tool":false,"touchDistance":0.333333,"touchZone":"none","type":4,"width":16.054}],"r":[[0.997344,0.0462286,0.0562806],[-0.0563729,0.979257,0.194624],[-0.0461159,-0.19728,0.979262]],"s":0.825822,"t":[-28.6484,119.642,-146.041],"timestamp":521805656431},false],[3,{"currentFrameRate":105.568,"devices":[],"gestures":[],"hands":[{"armBasis":[[0.850738,0.424069,-0.3105],[-0.235034,0.835357,0.496929],[0.470111,-0.349778,0.81034]],"armWidth":63.7064,"confidence":0.824761,"direction":[-0.187323,0.564619,-0.803813],"elbow":[194.087,197.915,301.898],"grabStrength":0,"id":473,"palmNormal":[0.214714,-0.774975,-0.5944],"palmPosition":[50.6931,317.307,37.3713],"palmVelocity":[-5.22903,-45.0285,-194.877],"palmWidth":90.9705,"pinchStrength":0.513012,"r":[[0.997411,0.0428354,0.0577648],[-0.0532633,0.979717,0.193178],[-0.0483183,-0.195754,0.979462]],"s":0.826142,"sphereCenter":[55.1381,291.506,-4.15226],"sphereRadius":47.6612,"stabilizedPalmPosition":[59.0895,324.934,106.338],"t":[-28.6742,119.517,-147.616],"timeVisible":0.569457,"type":"right","wrist":[67.1842,292.335,83.1528]}],"id":4140436,"interactionBox":{"center":[0,200,0],"size":[235.247,235.247,147.751]},"pointables":[{"bases":[[[0.157117,0.917589,0.365164],[-0.794349,-0.10228,0.598789],[0.586792,-0.384148,0.712816]],[[-0.0613573,0.994191,0.0884229],[-0.78194,-0.102938,0.614796],[0.620327,-0.0314191,0.783714]],[[-0.0613573,0.994191,0.0884229],[-0.971174,-0.0799107,0.22458],[0.230342,-0.0720943,0.970436]],[[-0.0613573,0.994191,0.0884229],[-0.692466,0.0214011,-0.721133],[-0.718837,-0.105477,0.687131]]],"btipPosition":[20.8323,280.436,-8.10416],"carpPosition":[42.8231,273.943,80.167],"dipPosition":[4.01249,277.968,7.97374],"direction":[-0.230342,0.0720943,-0.970436],"extended":false,"handId":473,"id":4730,"length":52.1052,"mcpPosition":[42.8231,273.943,80.167],"pipPosition":[11.8645,275.511,41.0542],"stabilizedTipPosition":[25.4892,289.353,72.424],"timeVisible":0.569457,"tipPosition":[16.0482,280.495,-3.87337],"tipVelocity":[11.2222,-41.3189,-209.325],"tool":false,"touchDistance":-0.585281,"touchZone":"hovering","type":0,"width":20.2457},{"bases":[[[0.913485,0.374704,-0.158561],[-0.263606,0.841896,0.470874],[0.30993,-0.388339,0.867834]],[[0.940418,0.332973,-0.0688694],[-0.316989,0.931823,0.176701],[0.123011,-0.144342,0.981852]],[[0.940418,0.332973,-0.0688694],[-0.330421,0.942714,0.0459554],[0.0802261,-0.0204614,0.996567]],[[0.940418,0.332973,-0.0688694],[-0.336538,0.940408,-0.0487393],[0.0485364,0.0690125,0.996434]]],"btipPosition":[13.5029,331.502,-64.1149],"carpPosition":[44.3509,297.423,82.9946],"dipPosition":[14.332,332.681,-47.0939],"direction":[-0.0802261,0.0204614,-0.996567],"extended":true,"handId":473,"id":4731,"length":58.7949,"mcpPosition":[21.5543,325.987,19.1621],"pipPosition":[16.2706,332.187,-23.0116],"stabilizedTipPosition":[21.0022,337.628,16.2871],"timeVisible":0.569457,"tipPosition":[13.707,330.971,-60.1328],"tipVelocity":[17.463,-22.6302,-203.08],"tool":false,"touchDistance":-0.592565,"touchZone":"hovering","type":1,"width":19.3387},{"bases":[[[0.978424,0.169744,-0.117789],[-0.098507,0.884394,0.456228],[0.181614,-0.434781,0.882033]],[[0.976847,0.173428,-0.125272],[-0.207144,0.620302,-0.756516],[-0.0534947,0.76495,0.641865]],[[0.976847,0.173428,-0.125272],[-0.0210782,-0.504679,-0.86305],[-0.212899,0.845708,-0.489339]],[[0.976847,0.173428,-0.125272],[0.0931204,-0.871842,-0.480854],[-0.192611,0.458055,-0.867806]]],"btipPosition":[54.4257,264.462,19.1142],"carpPosition":[54.8444,303.648,81.3539],"dipPosition":[50.807,273.068,2.80993],"direction":[0.212899,-0.845708,0.489339],"extended":false,"handId":473,"id":4732,"length":66.9921,"mcpPosition":[42.1763,333.975,19.8294],"pipPosition":[44.7542,297.112,-11.1021],"stabilizedTipPosition":[66.5075,276.786,75.3245],"timeVisible":0.569457,"tipPosition":[53.569,266.249,15.406],"tipVelocity":[-15.4546,-47.2996,-189.058],"tool":false,"touchDistance":0.333333,"touchZone":"none","type":2,"width":18.9931},{"bases":[[[0.999109,0.0367564,-0.020762],[-0.0225117,0.879951,0.474531],[0.0357116,-0.473641,0.879994]],[[0.997811,0.0492938,-0.0440724],[-0.0647999,0.596301,-0.800141],[-0.0131616,0.801246,0.598191]],[[0.997811,0.0492938,-0.0440724],[-0.00946248,-0.553212,-0.832987],[-0.0654425,0.831581,-0.551535]],[[0.997811,0.0492938,-0.0440724],[0.0247545,-0.896528,-0.442294],[-0.0613145,0.440235,-0.895787]]],"btipPosition":[67.8745,269.491,29.7779],"carpPosition":[66.5652,306.875,79.6015],"dipPosition":[66.7291,277.714,13.0446],"direction":[0.0654425,-0.831581,0.551535],"extended":false,"handId":473,"id":4733,"length":64.4147,"mcpPosition":[64.3287,336.538,24.4905],"pipPosition":[64.9166,300.746,-2.23073],"stabilizedTipPosition":[80.4254,282.126,87.0256],"timeVisible":0.569457,"tipPosition":[67.5967,271.281,25.5557],"tipVelocity":[-16.2376,-50.3191,-173.113],"tool":false,"touchDistance":0.333333,"touchZone":"none","type":3,"width":18.0732},{"bases":[[[0.98642,-0.164211,0.00310831],[0.136404,0.82963,0.541394],[-0.0914818,-0.533618,0.840763]],[[0.973691,-0.212975,0.0810401],[0.197658,0.612405,-0.765436],[0.113389,0.761316,0.638389]],[[0.973691,-0.212975,0.0810401],[-0.04158,-0.515722,-0.855746],[0.224046,0.829863,-0.51101]],[[0.973691,-0.212975,0.0810401],[-0.147728,-0.860749,-0.487121],[0.1735,0.462334,-0.869566]]],"btipPosition":[73.9203,282.963,30.4239],"carpPosition":[79.9964,303.137,76.7554],"dipPosition":[76.9102,290.931,15.4385],"direction":[-0.224046,-0.829863,0.51101],"extended":false,"handId":473,"id":4734,"length":50.4999,"mcpPosition":[85.2998,334.072,28.014],"pipPosition":[81.2913,307.158,5.44595],"stabilizedTipPosition":[84.2031,296.468,90.4188],"timeVisible":0.569457,"tipPosition":[74.277,284.879,26.6424],"tipVelocity":[-11.3639,-53.4827,-182.845],"tool":false,"touchDistance":0.333333,"touchZone":"none","type":4,"width":16.054}],"r":[[0.997411,0.0428354,0.0577648],[-0.0532633,0.979717,0.193178],[-0.0483183,-0.195754,0.979462]],"s":0.826142,"t":[-28.6742,119.517,-147.616],"timestamp":521805665596},false],[4,{"currentFrameRate":105.879,"devices":[],"gestures":[],"hands":[{"armBasis":[[0.866491,0.408024,-0.287593],[-0.237138,0.843406,0.482112],[0.439271,-0.349546,0.827562]],"armWidth":63.7064,"confidence":0.828003,"direction":[-0.181705,0.563254,-0.806057],"elbow":[185.294,198.151,304.355],"grabStrength":0,"id":473,"palmNormal":[0.215417,-0.776993,-0.591505],"palmPosition":[50.5241,317.419,35.0401],"palmVelocity":[-8.97916,-29.3893,-213.305],"palmWidth":90.9705,"pinchStrength":0.513745,"r":[[0.997418,0.0395754,0.0599257],[-0.0503982,0.980196,0.191511],[-0.0511597,-0.194037,0.979659]],"s":0.826507,"sphereCenter":[55.2679,291.539,-6.41133],"sphereRadius":47.6868,"stabilizedPalmPosition":[59.0862,324.931,106.311],"t":[-28.7716,119.51,-149.57],"timeVisible":0.578327,"type":"right","wrist":[66.7159,292.508,80.9613]}],"id":4140437,"interactionBox":{"center":[0,200,0],"size":[235.247,235.247,147.751]},"pointables":[{"bases":[[[0.157956,0.917993,0.363783],[-0.797599,-0.0985777,0.595079],[0.582139,-0.384149,0.716619]],[[-0.0591796,0.994584,0.0854379],[-0.787027,-0.0991361,0.608901],[0.614074,-0.0312074,0.788631]],[[-0.0591796,0.994584,0.0854379],[-0.97238,-0.0767923,0.22041],[0.225777,-0.0700343,0.971658]],[[-0.0591796,0.994584,0.0854379],[-0.690289,0.021054,-0.723227],[-0.721109,-0.101777,0.685305]]],"btipPosition":[20.8468,280.505,-10.6176],"carpPosition":[42.3168,274.179,77.8979],"dipPosition":[3.97387,278.124,5.41755],"direction":[-0.225777,0.0700343,-0.971658],"extended":false,"handId":473,"id":4730,"length":52.1052,"mcpPosition":[42.3168,274.179,77.8979],"pipPosition":[11.6702,275.737,38.5397],"stabilizedTipPosition":[25.4867,289.35,72.4009],"timeVisible":0.578327,"tipPosition":[16.0706,280.564,-6.38575],"tipVelocity":[8.24965,-27.3996,-229.707],"tool":false,"touchDistance":-0.592936,"touchZone":"hovering","type":0,"width":20.2457},{"bases":[[[0.915339,0.371698,-0.154905],[-0.263502,0.843762,0.467581],[0.304502,-0.387177,0.870271]],[[0.94183,0.329851,-0.0644618],[-0.314854,0.933035,0.174104],[0.117573,-0.14368,0.982615]],[[0.94183,0.329851,-0.0644618],[-0.327588,0.943829,0.043284],[0.0751181,-0.0196492,0.996981]],[[0.94183,0.329851,-0.0644618],[-0.333237,0.941436,-0.0514864],[0.0437038,0.0699725,0.996591]]],"btipPosition":[13.8892,331.591,-66.6564],"carpPosition":[43.8984,297.661,80.6779],"dipPosition":[14.6357,332.786,-49.6326],"direction":[-0.0751181,0.0196492,-0.996981],"extended":true,"handId":473,"id":4731,"length":58.7949,"mcpPosition":[21.5011,326.14,16.6661],"pipPosition":[16.451,332.311,-25.5404],"stabilizedTipPosition":[21.0019,337.628,16.2837],"timeVisible":0.578327,"tipPosition":[14.0676,331.061,-62.6768],"tipVelocity":[23.9582,-13.6744,-225.691],"tool":false,"touchDistance":-0.599754,"touchZone":"hovering","type":1,"width":19.3387},{"bases":[[[0.979482,0.166648,-0.113331],[-0.0982106,0.88575,0.453654],[0.175983,-0.433216,0.883942]],[[0.977937,0.170356,-0.120904],[-0.201705,0.619451,-0.75868],[-0.0543512,0.766329,0.640146]],[[0.977937,0.170356,-0.120904],[-0.0183162,-0.506615,-0.861978],[-0.208095,0.845174,-0.492318]],[[0.977937,0.170356,-0.120904],[0.0930328,-0.873369,-0.478091],[-0.18704,0.456295,-0.869949]]],"btipPosition":[54.192,264.539,16.9097],"carpPosition":[54.4178,303.852,79.0747],"dipPosition":[50.6779,273.112,0.565075],"direction":[0.208095,-0.845174,0.492318],"extended":false,"handId":473,"id":4732,"length":66.9921,"mcpPosition":[42.1425,334.07,17.417],"pipPosition":[44.7617,297.141,-13.4317],"stabilizedTipPosition":[66.4946,276.776,75.2635],"timeVisible":0.578327,"tipPosition":[53.3601,266.315,13.1982],"tipVelocity":[-17.6747,-32.3554,-205.475],"tool":false,"touchDistance":0.333333,"touchZone":"none","type":2,"width":18.9931},{"bases":[[[0.999301,0.0338315,-0.0158899],[-0.02232,0.881131,0.472345],[0.0299813,-0.47166,0.88127]],[[0.998166,0.0462339,-0.0390795],[-0.0589256,0.594054,-0.802264],[-0.0138764,0.803095,0.595689]],[[0.998166,0.0462339,-0.0390795],[-0.00679147,-0.555946,-0.831191],[-0.0601553,0.829932,-0.554612]],[[0.998166,0.0462339,-0.0390795],[0.0243968,-0.898019,-0.43928],[-0.0554038,0.437521,-0.8975]]],"btipPosition":[67.5997,269.547,27.6983],"carpPosition":[66.1565,307.041,77.3729],"dipPosition":[66.5648,277.72,10.933],"direction":[0.0601553,-0.829932,0.554612],"extended":false,"handId":473,"id":4733,"length":64.4147,"mcpPosition":[64.2789,336.58,22.1819],"pipPosition":[64.8987,300.706,-4.42755],"stabilizedTipPosition":[80.405,282.109,86.927],"timeVisible":0.578327,"tipPosition":[67.3508,271.326,23.4612],"tipVelocity":[-19.4585,-35.3157,-189.974],"tool":false,"touchDistance":0.333333,"touchZone":"none","type":3,"width":18.0732},{"bases":[[[0.985914,-0.167042,0.0083891],[0.136117,0.830512,0.540114],[-0.0971889,-0.531364,0.84155]],[[0.972885,-0.214962,0.0853573],[0.201808,0.608653,-0.767343],[0.112997,0.763763,0.63553]],[[0.972885,-0.214962,0.0853573],[-0.0398217,-0.51922,-0.853713],[0.227835,0.827165,-0.513701]],[[0.972885,-0.214962,0.0853573],[-0.147965,-0.862109,-0.484638],[0.177766,0.458867,-0.87054]]],"btipPosition":[73.7117,282.979,28.3956],"carpPosition":[79.5907,303.258,74.6023],"dipPosition":[76.7752,290.887,13.3935],"direction":[-0.227835,-0.827165,0.513701],"extended":false,"handId":473,"id":4734,"length":50.4999,"mcpPosition":[85.2251,334.062,25.8153],"pipPosition":[81.2304,307.062,3.34826],"stabilizedTipPosition":[84.1913,296.454,90.3402],"timeVisible":0.578327,"tipPosition":[74.0952,284.885,24.5842],"tipVelocity":[-14.1403,-38.9004,-195.39],"tool":false,"touchDistance":0.333333,"touchZone":"none","type":4,"width":16.054}],"r":[[0.997418,0.0395754,0.0599257],[-0.0503982,0.980196,0.191511],[-0.0511597,-0.194037,0.979659]],"s":0.826507,"t":[-28.7716,119.51,-149.57],"timestamp":521805674466},false],[5,{"currentFrameRate":105.908,"devices":[],"gestures":[],"hands":[{"armBasis":[[0.866034,0.410703,-0.285147],[-0.237539,0.83981,0.488154],[0.439956,-0.355024,0.824862]],"armWidth":63.7064,"confidence":0.83625,"direction":[-0.178734,0.562918,-0.806956],"elbow":[185.32,196.797,302.076],"grabStrength":0,"id":473,"palmNormal":[0.217467,-0.777276,-0.590381],"palmPosition":[50.5346,317.525,33.4208],"palmVelocity":[-6.10676,-17.8116,-201.683],"palmWidth":90.9705,"pinchStrength":0.513817,"r":[[0.997368,0.0369546,0.0623749],[-0.048219,0.980588,0.190059],[-0.0541405,-0.192567,0.979789]],"s":0.826835,"sphereCenter":[55.5237,291.651,-8.01034],"sphereRadius":47.7028,"stabilizedPalmPosition":[59.0839,324.929,106.291],"t":[-28.8151,119.56,-151.356],"timeVisible":0.587716,"type":"right","wrist":[66.5578,292.633,79.4112]}],"id":4140438,"interactionBox":{"center":[0,200,0],"size":[235.247,235.247,147.751]},"pointables":[{"bases":[[[0.15674,0.918137,0.363946],[-0.799752,-0.0982314,0.59224],[0.579508,-0.383894,0.718885]],[[-0.0594083,0.99463,0.0847494],[-0.790153,-0.0987372,0.604904],[0.610023,-0.0310287,0.791776]],[[-0.0594083,0.99463,0.0847494],[-0.973053,-0.0766493,0.217467],[0.222796,-0.0695463,0.972381]],[[-0.0594083,0.99463,0.0847494],[-0.688047,0.0207102,-0.72537],[-0.72323,-0.101405,0.683122]]],"btipPosition":[21.0515,280.597,-12.3782],"carpPosition":[42.168,274.305,76.2678],"dipPosition":[4.12889,278.224,3.60585],"direction":[-0.222796,0.0695463,-0.972381],"extended":false,"handId":473,"id":4730,"length":52.1052,"mcpPosition":[42.168,274.305,76.2678],"pipPosition":[11.7236,275.853,36.7527],"stabilizedTipPosition":[25.485,289.348,72.3837],"timeVisible":0.587716,"tipPosition":[16.2821,280.634,-8.16243],"tipVelocity":[11.7588,-16.767,-218.057],"tool":false,"touchDistance":-0.588561,"touchZone":"hovering","type":0,"width":20.2457},{"bases":[[[0.915931,0.371533,-0.151765],[-0.265098,0.843996,0.466256],[0.301318,-0.386826,0.871535]],[[0.942248,0.3294,-0.0605337],[-0.315,0.933019,0.173928],[0.113771,-0.144815,0.982896]],[[0.942248,0.3294,-0.0605337],[-0.32725,0.943967,0.0428135],[0.0712445,-0.0205312,0.997248]],[[0.942248,0.3294,-0.0605337],[-0.332543,0.941641,-0.0522266],[0.0397975,0.0693405,0.996799]]],"btipPosition":[14.2907,331.773,-68.4062],"carpPosition":[43.7421,297.788,79.0431],"dipPosition":[14.9705,332.957,-51.3789],"direction":[-0.0712445,0.0205312,-0.997248],"extended":true,"handId":473,"id":4731,"length":58.7949,"mcpPosition":[21.579,326.241,14.9384],"pipPosition":[16.6922,332.461,-27.2802],"stabilizedTipPosition":[21.0017,337.627,16.281],"timeVisible":0.587716,"tipPosition":[14.4456,331.238,-64.431],"tipVelocity":[28.8459,-4.34568,-214.475],"tool":false,"touchDistance":-0.594347,"touchZone":"hovering","type":1,"width":19.3387},{"bases":[[[0.979902,0.166495,-0.109869],[-0.0997525,0.88596,0.452907],[0.172746,-0.432845,0.884762]],[[0.978379,0.170215,-0.117482],[-0.198933,0.619119,-0.759682],[-0.0565743,0.766628,0.639595]],[[0.978379,0.170215,-0.117482],[-0.0152072,-0.507291,-0.861641],[-0.206262,0.844798,-0.493734]],[[0.978379,0.170215,-0.117482],[0.0947541,-0.873815,-0.476937],[-0.183839,0.455493,-0.871051]]],"btipPosition":[54.2627,264.65,15.3404],"carpPosition":[54.2679,303.977,77.4752],"dipPosition":[50.8088,273.207,-1.02487],"direction":[0.206262,-0.844798,0.493734],"extended":false,"handId":473,"id":4732,"length":66.9921,"mcpPosition":[42.2184,334.169,15.7603],"pipPosition":[44.9447,297.225,-15.0619],"stabilizedTipPosition":[66.4853,276.768,75.218],"timeVisible":0.587716,"tipPosition":[53.4447,266.422,11.6184],"tipVelocity":[-10.0805,-19.9032,-194.709],"tool":false,"touchDistance":0.333333,"touchZone":"none","type":2,"width":18.9931},{"bases":[[[0.999356,0.0337194,-0.0122985],[-0.0239304,0.881342,0.471873],[0.0267504,-0.471275,0.881581]],[[0.998308,0.046087,-0.0354512],[-0.0559173,0.59384,-0.802638],[-0.0159388,0.803262,0.595413]],[[0.998308,0.046087,-0.0354512],[-0.00382811,-0.556288,-0.830981],[-0.0580185,0.829711,-0.55517]],[[0.998308,0.046087,-0.0354512],[0.0258884,-0.898252,-0.438718],[-0.0520633,0.437058,-0.897925]]],"btipPosition":[67.6291,269.653,26.1561],"carpPosition":[66.013,307.164,75.8143],"dipPosition":[66.6566,277.817,9.38284],"direction":[0.0580184,-0.829711,0.55517],"extended":false,"handId":473,"id":4733,"length":64.4147,"mcpPosition":[64.3377,336.679,20.6039],"pipPosition":[65.0497,300.797,-5.9932],"stabilizedTipPosition":[80.3901,282.097,86.8527],"timeVisible":0.587716,"tipPosition":[67.3969,271.429,21.9242],"tipVelocity":[-12.596,-22.1059,-182.712],"tool":false,"touchDistance":0.333333,"touchZone":"none","type":3,"width":18.0732},{"bases":[[[0.98586,-0.167142,0.0120206],[0.134255,0.830735,0.540235],[-0.100282,-0.530982,0.841428]],[[0.972621,-0.21483,0.0886417],[0.204249,0.60823,-0.767033],[0.110867,0.764137,0.635455]],[[0.972621,-0.21483,0.0886417],[-0.0370132,-0.519747,-0.853518],[0.229432,0.826869,-0.513468]],[[0.972621,-0.21483,0.0886417],[-0.146317,-0.862398,-0.484624],[0.180556,0.458385,-0.87022]]],"btipPosition":[73.753,283.079,26.8868],"carpPosition":[79.4567,303.378,73.0939],"dipPosition":[76.8646,290.978,11.8902],"direction":[-0.229432,-0.826868,0.513468],"extended":false,"handId":473,"id":4734,"length":50.4999,"mcpPosition":[85.2704,334.161,24.314],"pipPosition":[81.351,307.147,1.84957],"stabilizedTipPosition":[84.1827,296.444,90.2806],"timeVisible":0.587716,"tipPosition":[74.1514,284.981,23.078],"tipVelocity":[-8.53023,-24.8815,-185.479],"tool":false,"touchDistance":0.333333,"touchZone":"none","type":4,"width":16.054}],"r":[[0.997368,0.0369546,0.0623749],[-0.048219,0.980588,0.190059],[-0.0541405,-0.192567,0.979789]],"s":0.826835,"t":[-28.8151,119.56,-151.356],"timestamp":521805683855},false],[6,{"currentFrameRate":106.283,"devices":[],"gestures":[],"hands":[{"armBasis":[[0.864389,0.414117,-0.2852],[-0.23999,0.8382,0.48972],[0.441856,-0.354863,0.823914]],"armWidth":63.7064,"confidence":0.843585,"direction":[-0.177875,0.564304,-0.806177],"elbow":[185.804,196.835,300.763],"grabStrength":0,"id":473,"palmNormal":[0.220101,-0.775672,-0.591514],"palmPosition":[50.5664,317.589,32.3799],"palmVelocity":[-3.49749,-11.0815,-179.691],"palmWidth":90.9705,"pinchStrength":0.514218,"r":[[0.997278,0.0351703,0.0648002],[-0.0468887,0.980801,0.18929],[-0.0568987,-0.191813,0.979781]],"s":0.8271,"sphereCenter":[55.7524,291.825,-9.09663],"sphereRadius":47.7116,"stabilizedPalmPosition":[59.0823,324.928,106.277],"t":[-28.8209,119.617,-152.77],"timeVisible":0.596434,"type":"right","wrist":[66.5286,292.628,78.3541]}],"id":4140439,"interactionBox":{"center":[0,200,0],"size":[235.247,235.247,147.751]},"pointables":[{"bases":[[[0.154375,0.917636,0.366214],[-0.80091,-0.100816,0.590237],[0.578543,-0.384422,0.71938]],[[-0.0611556,0.994342,0.0868564],[-0.791987,-0.101302,0.602075],[0.607467,-0.031969,0.793701]],[[-0.0611556,0.994342,0.0868564],[-0.973321,-0.0786895,0.215531],[0.221146,-0.0713583,0.972626]],[[-0.0611556,0.994342,0.0868564],[-0.686041,0.0213318,-0.72725],[-0.724988,-0.104062,0.680855]]],"btipPosition":[21.2852,280.728,-13.5798],"carpPosition":[42.1768,274.266,75.1176],"dipPosition":[4.3215,278.293,2.35124],"direction":[-0.221146,0.0713583,-0.972626],"extended":false,"handId":473,"id":4730,"length":52.1052,"mcpPosition":[42.1768,274.266,75.1176],"pipPosition":[11.86,275.861,35.5064],"stabilizedTipPosition":[25.4838,289.347,72.3723],"timeVisible":0.596434,"tipPosition":[16.5173,280.722,-9.38509],"tipVelocity":[15.4918,-8.69187,-196.989],"tool":false,"touchDistance":-0.576244,"touchZone":"hovering","type":0,"width":20.2457},{"bases":[[[0.915641,0.373391,-0.148932],[-0.267566,0.842571,0.467421],[0.300017,-0.388141,0.871399]],[[0.941931,0.330887,-0.0572646],[-0.316716,0.93205,0.175996],[0.111608,-0.147639,0.982724]],[[0.941931,0.330887,-0.0572646],[-0.328692,0.943388,0.0445133],[0.0687515,-0.023106,0.997366]],[[0.941931,0.330887,-0.0572646],[-0.333752,0.941289,-0.050846],[0.0370782,0.0670056,0.997063]]],"btipPosition":[14.549,332.05,-69.4937],"carpPosition":[43.7051,297.746,77.9456],"dipPosition":[15.1824,333.195,-52.4619],"direction":[-0.0687515,0.023106,-0.997366],"extended":true,"handId":473,"id":4731,"length":58.7949,"mcpPosition":[21.6377,326.295,13.8508],"pipPosition":[16.8438,332.636,-28.3603],"stabilizedTipPosition":[21.0016,337.627,16.2789],"timeVisible":0.596434,"tipPosition":[14.6868,331.513,-65.5228],"tipVelocity":[28.7276,5.04416,-190.464],"tool":false,"touchDistance":-0.579543,"touchZone":"hovering","type":1,"width":19.3387},{"bases":[[[0.979864,0.168373,-0.107321],[-0.102262,0.884841,0.454532],[0.171493,-0.434404,0.884242]],[[0.978348,0.172113,-0.114941],[-0.198295,0.620461,-0.758754],[-0.0592748,0.765118,0.641156]],[[0.978348,0.172113,-0.114941],[-0.012402,-0.505615,-0.86267],[-0.206593,0.845417,-0.492533]],[[0.978348,0.172113,-0.114941],[0.0973461,-0.872777,-0.478313],[-0.182642,0.456768,-0.870635]]],"btipPosition":[54.4232,264.768,14.1985],"carpPosition":[54.2239,303.955,76.4142],"dipPosition":[50.9917,273.35,-2.15892],"direction":[0.206593,-0.845417,0.492533],"extended":false,"handId":473,"id":4732,"length":66.9921,"mcpPosition":[42.2618,334.256,14.7356],"pipPosition":[45.1182,297.385,-16.1618],"stabilizedTipPosition":[66.4795,276.764,75.1884],"timeVisible":0.596434,"tipPosition":[53.6113,266.545,10.4771],"tipVelocity":[-2.309,-10.7871,-177.622],"tool":false,"touchDistance":0.333333,"touchZone":"none","type":2,"width":18.9931},{"bases":[[[0.999322,0.0354268,-0.00998447],[-0.0264753,0.880311,0.473658],[0.0255696,-0.473073,0.880652]],[[0.998313,0.0477756,-0.0329916],[-0.0549695,0.594835,-0.801966],[-0.0186898,0.802427,0.596458]],[[0.998313,0.0477756,-0.0329916],[-0.000910599,-0.55528,-0.831663],[-0.0580528,0.83029,-0.5543]],[[0.998313,0.0477756,-0.0329916],[0.028418,-0.897595,-0.439903],[-0.0506298,0.438224,-0.897439]]],"btipPosition":[67.7544,269.767,25.1064],"carpPosition":[65.9673,307.166,74.7863],"dipPosition":[66.8086,277.953,8.34225],"direction":[0.0580528,-0.83029,0.5543],"extended":false,"handId":473,"id":4733,"length":64.4147,"mcpPosition":[64.3659,336.793,19.6341],"pipPosition":[65.2008,300.949,-7.00969],"stabilizedTipPosition":[80.3806,282.089,86.8042],"timeVisible":0.596434,"tipPosition":[67.5306,271.551,20.8682],"tipVelocity":[-5.20011,-12.558,-165.996],"tool":false,"touchDistance":0.333333,"touchZone":"none","type":3,"width":18.0732},{"bases":[[[0.986111,-0.165507,0.0138846],[0.131642,0.829828,0.54227],[-0.101272,-0.53291,0.84009]],[[0.972817,-0.213278,0.0902147],[0.204758,0.610242,-0.765296],[0.108168,0.762966,0.637325]],[[0.972817,-0.213278,0.0902147],[-0.0343197,-0.518054,-0.854659],[0.229016,0.828331,-0.511292]],[[0.972817,-0.213278,0.0902147],[-0.143783,-0.861682,-0.486653],[0.181529,0.460453,-0.868925]]],"btipPosition":[73.8639,283.198,25.8278],"carpPosition":[79.4234,303.408,72.0882],"dipPosition":[76.9922,291.133,10.8535],"direction":[-0.229016,-0.828331,0.511292],"extended":false,"handId":473,"id":4734,"length":50.4999,"mcpPosition":[85.2944,334.302,23.3859],"pipPosition":[81.4705,307.33,0.855391],"stabilizedTipPosition":[84.1772,296.437,90.2415],"timeVisible":0.596434,"tipPosition":[74.268,285.107,22.0269],"tipVelocity":[-2.73387,-14.3365,-168.218],"tool":fa