{"sensorType":"Leap","data":[[0,{"currentFrameRate":110.329,"devices":[],"gestures":[],"hands":[{"armBasis":[[0.869536,0.355185,-0.343148],[-0.194333,0.884837,0.423437],[0.454029,-0.301509,0.838421]],"armWidth":63.7064,"confidence":0.71525,"direction":[-0.101495,0.724236,-0.682042],"elbow":[189.632,137.501,306.808],"grabStrength":0,"id":479,"palmNormal":[0.168692,-0.663125,-0.729252],"palmPosition":[54.8472,253.686,40.092],"palmVelocity":[125.923,-144.384,384.182],"palmWidth":90.9705,"pinchStrength":0.564034,"r":[[0.975606,0.127785,0.178506],[-0.153481,0.978406,0.138437],[-0.156961,-0.162457,0.974151]],"s":1.13595,"sphereCenter":[53.9507,236.987,-3.73137],"sphereRadius":46.5619,"stabilizedPalmPosition":[44.3636,265.756,5.08385],"t":[-17.0035,70.0251,-181.763],"timeVisible":2.67541,"type":"right","wrist":[67.0701,218.891,80.4823]}],"id":4142931,"interactionBox":{"center":[0,200,0],"size":[235.247,235.247,147.751]},"pointables":[{"bases":[[[0.223835,0.81052,0.541253],[-0.824875,-0.138247,0.54815],[0.519114,-0.569161,0.637633]],[[0.00516233,0.967754,0.251843],[-0.83216,-0.135496,0.537728],[0.554512,-0.21235,0.804627]],[[0.00516233,0.967754,0.251843],[-0.999837,0.00934816,-0.0154272],[-0.017284,-0.251722,0.967645]],[[0.00516233,0.967754,0.251843],[-0.664494,0.191521,-0.722334],[-0.747275,-0.163619,0.644056]]],"btipPosition":[31.695,226.871,-14.8342],"carpPosition":[41.2947,203.864,73.3776],"dipPosition":[14.2098,223.042,0.23576],"direction":[0.017284,0.251722,-0.967645],"extended":false,"handId":479,"id":4790,"length":52.1052,"mcpPosition":[41.2947,203.864,73.3776],"pipPosition":[13.6207,214.462,33.2211],"stabilizedTipPosition":[19.8791,233.359,-38.5833],"timeVisible":2.67541,"tipPosition":[27.5151,225.676,-11.3253],"tipVelocity":[103.273,-106.977,372.879],"tool":false,"touchDistance":0.428819,"touchZone":"hovering","type":0,"width":20.2457},{"bases":[[[0.94947,0.307987,-0.0604265],[-0.206086,0.756988,0.620079],[0.236718,-0.576293,0.782209]],[[0.955375,0.292701,-0.0398034],[-0.253214,0.880874,0.399931],[0.152122,-0.372005,0.915681]],[[0.955375,0.292701,-0.0398034],[-0.281281,0.942584,0.180047],[0.090218,-0.160817,0.982852]],[[0.955375,0.292701,-0.0398034],[-0.29245,0.956204,0.0121252],[0.0416092,0.0000563856,0.999134]]],"btipPosition":[17.9803,288.353,-56.9042],"carpPosition":[44.8169,226.1,80.7797],"dipPosition":[18.6911,288.354,-39.8371],"direction":[-0.090218,0.160817,-0.982852],"extended":true,"handId":479,"id":4791,"length":58.7949,"mcpPosition":[27.4053,268.489,23.2452],"pipPosition":[20.8712,284.467,-16.0862],"stabilizedTipPosition":[8.83574,298.781,-79.6254],"timeVisible":2.67541,"tipPosition":[17.9765,289.873,-52.4856],"tipVelocity":[134.148,-148.739,396.375],"tool":false,"touchDistance":0.520474,"touchZone":"hovering","type":1,"width":19.3387},{"bases":[[[0.99385,0.0937049,-0.0590087],[-0.0373533,0.785322,0.617959],[0.104247,-0.611954,0.783993]],[[0.991587,0.105822,-0.074544],[-0.128377,0.730289,-0.670967],[-0.0165642,0.674892,0.737731]],[[0.991587,0.105822,-0.074544],[-0.0192597,-0.448863,-0.893393],[-0.128,0.887313,-0.443048]],[[0.991587,0.105822,-0.074544],[0.0518629,-0.852445,-0.520238],[-0.118597,0.511995,-0.850762]]],"btipPosition":[55.2836,206.795,18.9813],"carpPosition":[55.8896,231.479,80.6385],"dipPosition":[53.0554,216.415,2.99725],"direction":[0.128,-0.887313,0.443048],"extended":false,"handId":479,"id":4792,"length":66.9921,"mcpPosition":[48.618,274.164,25.9526],"pipPosition":[49.4163,241.641,-9.59876],"stabilizedTipPosition":[46.0265,217.821,-22.8441],"timeVisible":2.67541,"tipPosition":[54.7552,208.585,14.2615],"tipVelocity":[87.8366,-116.959,387.588],"tool":false,"touchDistance":0.333333,"touchZone":"none","type":2,"width":18.9931},{"bases":[[[0.998327,-0.0568399,0.01059],[0.0370904,0.770102,0.636841],[-0.0443534,-0.635383,0.770922]],[[0.998131,-0.0595235,0.0138466],[0.0524469,0.718014,-0.69405],[0.0313702,0.693479,0.719794]],[[0.998131,-0.0595235,0.0138466],[-0.0163741,-0.478767,-0.87779],[0.0588783,0.875922,-0.478846]],[[0.998131,-0.0595235,0.0138466],[-0.0446744,-0.865279,-0.499296],[0.0417009,0.497744,-0.866321]]],"btipPosition":[66.8842,209.089,28.842],"carpPosition":[67.9175,233.833,79.8305],"dipPosition":[67.6632,218.387,12.6592],"direction":[-0.0588783,-0.875922,0.478846],"extended":false,"handId":479,"id":4793,"length":64.4147,"mcpPosition":[70.6952,273.625,31.5502],"pipPosition":[69.2939,242.647,-0.603004],"stabilizedTipPosition":[58.1246,221.191,-12.4698],"timeVisible":2.67541,"tipPosition":[67.0953,210.675,24.2726],"tipVelocity":[90.8048,-128.205,368.794],"tool":false,"touchDistance":0.333333,"touchZone":"none","type":3,"width":18.0732},{"bases":[[[0.96654,-0.256453,-0.00562644],[0.18785,0.692706,0.696326],[-0.174678,-0.674084,0.717703]],[[0.96383,-0.266471,0.00507064],[0.208972,0.743772,-0.634928],[0.165418,0.613022,0.772555]],[[0.96383,-0.266471,0.00507064],[-0.105146,-0.397658,-0.911489],[0.244902,0.877987,-0.411293]],[[0.96383,-0.266471,0.00507064],[-0.217641,-0.797909,-0.562116],[0.153834,0.54068,-0.827043]]],"btipPosition":[77.9027,220.351,30.005],"carpPosition":[81.064,229.43,76.6282],"dipPosition":[80.5537,229.668,15.7525],"direction":[-0.244902,-0.877987,0.411293],"extended":false,"handId":479,"id":4794,"length":50.4999,"mcpPosition":[91.1905,268.508,35.0209],"pipPosition":[85.3427,246.837,7.70985],"stabilizedTipPosition":[68.933,233.078,-12.3109],"timeVisible":2.67541,"tipPosition":[78.4387,222.018,25.9498],"tipVelocity":[101.701,-140.884,369.168],"tool":false,"touchDistance":0.333333,"touchZone":"none","type":4,"width":16.054}],"r":[[0.975606,0.127785,0.178506],[-0.153481,0.978406,0.138437],[-0.156961,-0.162457,0.974151]],"s":1.13595,"t":[-17.0035,70.0251,-181.763],"timestamp":521831421214},false],[1,{"currentFrameRate":105.225,"devices":[],"gestures":[],"hands":[{"armBasis":[[0.855136,0.414349,-0.31154],[-0.164919,0.787177,0.594268],[0.491471,-0.456801,0.741477]],"armWidth":63.7064,"confidence":0.710556,"direction":[-0.166863,0.50534,-0.846633],"elbow":[187.551,175.166,290.559],"grabStrength":0,"id":480,"palmNormal":[0.178445,-0.829014,-0.529993],"palmPosition":[39.2543,320.352,42.7728],"palmVelocity":[-79.9029,24.4311,-80.6355],"palmWidth":90.9705,"pinchStrength":0.447034,"r":[[0.860921,0.507438,0.0363599],[-0.501476,0.834427,0.228588],[0.0856546,-0.21503,0.972844]],"s":1.10318,"sphereCenter":[44.3714,294.773,3.92558],"sphereRadius":48.5406,"stabilizedPalmPosition":[45.9516,318.459,49.9467],"t":[-143.424,120.916,-132.055],"timeVisible":0.551427,"type":"right","wrist":[54.8824,298.476,90.4033]}],"id":4143139,"interactionBox":{"center":[0,200,0],"size":[235.247,235.247,147.751]},"pointables":[{"bases":[[[0.198038,0.936481,0.289457],[-0.795089,-0.019229,0.606188],[0.573249,-0.350192,0.740777]],[[-0.0112882,0.999793,0.0169088],[-0.789134,-0.0192925,0.613917],[0.614117,-0.00641331,0.789189]],[[-0.0112882,0.999793,0.0169088],[-0.96349,-0.0153989,0.2673],[0.267505,-0.0132741,0.963465]],[[-0.0112882,0.999793,0.0169088],[-0.705182,0.00402919,-0.709014],[-0.708936,-0.0199272,0.704991]]],"btipPosition":[6.56244,282.208,0.224984],"carpPosition":[29.7418,280.969,88.9497],"dipPosition":[-10.0257,281.741,16.7208],"direction":[-0.267505,0.0132741,-0.963465],"extended":false,"handId":480,"id":4800,"length":52.1052,"mcpPosition":[29.7418,280.969,88.9497],"pipPosition":[-0.90688,281.289,49.5637],"stabilizedTipPosition":[9.18622,281.436,11.2602],"timeVisible":0.551427,"tipPosition":[3.06806,282.729,3.67145],"tipVelocity":[-75.6098,11.7719,-84.0779],"tool":false,"touchDistance":-0.428019,"touchZone":"touching","type":0,"width":20.2457},{"bases":[[[0.927915,0.320961,-0.189625],[-0.225024,0.887775,0.401522],[0.297217,-0.329909,0.896004]],[[0.963993,0.262782,-0.0407698],[-0.242604,0.93184,0.269849],[0.108902,-0.250241,0.962039]],[[0.963993,0.262782,-0.0407698],[-0.260442,0.963927,0.0549014],[0.0537262,-0.0423065,0.997659]],[[0.963993,0.262782,-0.0407698],[-0.265753,0.957506,-0.112061],[0.00958977,0.11886,0.992865]]],"btipPosition":[4.28622,338.52,-58.4311],"carpPosition":[32.2875,304.513,89.8649],"dipPosition":[4.45003,340.55,-41.471],"direction":[-0.0537262,0.0423065,-0.997659],"extended":true,"handId":480,"id":4801,"length":58.7949,"mcpPosition":[10.426,328.779,23.9603],"pipPosition":[5.74834,339.528,-17.3623],"stabilizedTipPosition":[10.9077,336.9,-47.1305],"timeVisible":0.551427,"tipPosition":[4.38578,338.31,-54.038],"tipVelocity":[-75.9248,22.5142,-83.6441],"tool":false,"touchDistance":-0.436049,"touchZone":"touching","type":1,"width":19.3387},{"bases":[[[0.984213,0.11736,-0.132481],[-0.058329,0.921798,0.383258],[0.1671,-0.36948,0.914091]],[[0.982734,0.120546,-0.140369],[-0.183984,0.556258,-0.810387],[-0.0196079,0.82222,0.568832]],[[0.982734,0.120546,-0.140369],[-0.00527957,-0.740063,-0.672517],[-0.184951,0.661646,-0.726649]],[[0.982734,0.120546,-0.140369],[0.106589,-0.988949,-0.10305],[-0.15124,0.0863087,-0.984722]]],"btipPosition":[40.4187,275.844,35.6983],"carpPosition":[43.0298,310.127,87.7112],"dipPosition":[37.5773,277.466,17.1973],"direction":[0.184951,-0.661646,0.726649],"extended":false,"handId":480,"id":4802,"length":66.9921,"mcpPosition":[31.3741,335.899,23.9506],"pipPosition":[32.319,296.276,-3.46151],"stabilizedTipPosition":[50.0227,273.18,44.8114],"timeVisible":0.551427,"tipPosition":[39.6381,276.551,31.2338],"tipVelocity":[-72.8878,21.6386,-83.043],"tool":false,"touchDistance":0.333333,"touchZone":"none","type":2,"width":18.9931},{"bases":[[[0.999654,-0.00811619,-0.0250327],[0.0174941,0.915579,0.401757],[0.0196587,-0.402056,0.915404]],[[0.998111,0.00767786,-0.0609591],[-0.0556283,0.534166,-0.843548],[0.0260856,0.845345,0.533584]],[[0.998111,0.00767786,-0.0609591],[-0.0333375,-0.765733,-0.642294],[-0.0516099,0.643113,-0.76403]],[[0.998111,0.00767786,-0.0609591],[0.00273919,-0.996735,-0.0806898],[-0.0613797,0.0803704,-0.994873]]],"btipPosition":[55.0491,280.799,44.2683],"carpPosition":[54.8695,312.694,85.6873],"dipPosition":[53.9025,282.3,25.6841],"direction":[0.0516099,-0.643113,0.76403],"extended":false,"handId":480,"id":4803,"length":64.4147,"mcpPosition":[53.6384,337.874,28.3586],"pipPosition":[52.4731,300.112,4.52341],"stabilizedTipPosition":[64.3137,278.162,52.1211],"timeVisible":0.551427,"tipPosition":[54.7574,281.517,40.0252],"tipVelocity":[-75.0182,21.8471,-85.1405],"tool":false,"touchDistance":0.333333,"touchZone":"none","type":3,"width":18.0732},{"bases":[[[0.978486,-0.205763,0.0150482],[0.174431,0.864029,0.472258],[-0.110175,-0.459473,0.881332]],[[0.983489,-0.176354,-0.0406052],[0.0700561,0.577901,-0.813094],[0.166858,0.796825,0.580714]],[[0.983489,-0.176354,-0.0406052],[-0.156621,-0.717063,-0.679184],[0.0906605,0.674329,-0.732844]],[[0.983489,-0.176354,-0.0406052],[-0.180259,-0.974508,-0.133574],[-0.0160138,0.138688,-0.990207]]],"btipPosition":[67.1059,291.055,42.9073],"carpPosition":[68.1143,308.163,83.1349],"dipPosition":[66.8299,293.445,25.8429],"direction":[-0.0906605,-0.674329,0.732844],"extended":false,"handId":480,"id":4804,"length":50.4999,"mcpPosition":[74.5015,334.8,32.0416],"pipPosition":[68.6027,306.631,11.5124],"stabilizedTipPosition":[74.7693,289.069,47.754],"timeVisible":0.551427,"tipPosition":[67.2504,291.884,38.9929],"tipVelocity":[-78.5774,25.7334,-77.7879],"tool":false,"touchDistance":0.333333,"touchZone":"none","type":4,"width":16.054}],"r":[[0.860921,0.507438,0.0363599],[-0.501476,0.834427,0.228588],[0.0856546,-0.21503,0.972844]],"s":1.10318,"t":[-143.424,120.916,-132.055],"timestamp":521835274884},false],[2,{"currentFrameRate":105.514,"devices":[],"gestures":[],"hands":[{"armBasis":[[0.855782,0.409726,-0.315852],[-0.161165,0.791297,0.589809],[0.491593,-0.453843,0.743211]],"armWidth":63.7064,"confidence":0.72169,"direction":[-0.166351,0.507229,-0.845604],"elbow":[186.94,175.885,290.169],"grabStrength":0,"id":480,"palmNormal":[0.173336,-0.829157,-0.531463],"palmPosition":[38.6083,320.409,41.9779],"palmVelocity":[-77.8122,19.494,-82.8944],"palmWidth":90.9705,"pinchStrength":0.448607,"r":[[0.860836,0.507562,0.0366288],[-0.501626,0.834247,0.228918],[0.0856329,-0.215435,0.972756]],"s":1.10307,"sphereCenter":[43.5585,294.817,3.0718],"sphereRadius":48.5384,"stabilizedPalmPosition":[44.9832,318.716,48.8958],"t":[-144.056,121.046,-132.756],"timeVisible":0.560368,"type":"right","wrist":[54.2386,298.397,89.545]}],"id":4143140,"interactionBox":{"center":[0,200,0],"size":[235.247,235.247,147.751]},"pointables":[{"bases":[[[0.203115,0.935154,0.290226],[-0.79382,-0.016256,0.607935],[0.573231,-0.353868,0.739043]],[[-0.00651303,0.999813,0.0182302],[-0.787937,-0.0163563,0.615538],[0.615721,-0.0103553,0.787896]],[[-0.00651303,0.999813,0.0182302],[-0.963052,-0.0111799,0.269082],[0.269235,-0.0158041,0.962945]],[[-0.00651303,0.999813,0.0182302],[-0.706609,0.0082983,-0.707555],[-0.707574,-0.01749,0.706423]]],"btipPosition":[5.6619,282.476,-0.551075],"carpPosition":[29.0122,281.011,88.1249],"dipPosition":[-10.8943,282.066,15.9782],"direction":[-0.269235,0.0158041,-0.962945],"extended":false,"handId":480,"id":4800,"length":52.1052,"mcpPosition":[29.0122,281.011,88.1249],"pipPosition":[-1.71656,281.528,48.8034],"stabilizedTipPosition":[8.39374,281.538,10.3945],"timeVisible":0.560368,"tipPosition":[2.16284,282.996,2.91242],"tipVelocity":[-82.2424,17.1419,-84.5852],"tool":false,"touchDistance":-0.425075,"touchZone":"touching","type":0,"width":20.2457},{"bases":[[[0.929001,0.316812,-0.191279],[-0.219922,0.888305,0.403172],[0.297644,-0.332481,0.89491]],[[0.965121,0.258303,-0.0426634],[-0.237873,0.933249,0.269188],[0.109348,-0.249651,0.962142]],[[0.965121,0.258303,-0.0426634],[-0.2558,0.965083,0.0564021],[0.0557425,-0.0435216,0.997496]],[[0.965121,0.258303,-0.0426634],[-0.261489,0.959059,-0.108762],[0.012823,0.116125,0.993152]]],"btipPosition":[3.51562,338.788,-59.1561],"carpPosition":[31.6714,304.542,89.0648],"dipPosition":[3.73466,340.772,-42.1911],"direction":[-0.0557425,0.0435216,-0.997496],"extended":true,"handId":480,"id":4801,"length":58.7949,"mcpPosition":[9.77853,328.997,23.2407],"pipPosition":[5.08169,339.72,-18.0864],"stabilizedTipPosition":[10.0201,337.183,-48.1127],"timeVisible":0.560368,"tipPosition":[3.61719,338.631,-54.7713],"tipVelocity":[-78.339,24.2357,-82.9121],"tool":false,"touchDistance":-0.431635,"touchZone":"touching","type":1,"width":19.3387},{"bases":[[[0.984461,0.112873,-0.134524],[-0.0531093,0.921563,0.384579],[0.167381,-0.371459,0.913237]],[[0.98289,0.116263,-0.142865],[-0.183655,0.559305,-0.808362],[-0.0140774,0.820768,0.571088]],[[0.98289,0.116263,-0.142865],[-0.0108377,-0.737775,-0.67496],[-0.183875,0.664959,-0.723892]],[[0.98289,0.116263,-0.142865],[0.101531,-0.989124,-0.106423],[-0.153684,0.0900965,-0.984004]]],"btipPosition":[39.5535,275.867,34.7406],"carpPosition":[42.4354,310.107,86.8945],"dipPosition":[36.6661,277.56,16.2531],"direction":[0.183875,-0.664959,0.723892],"extended":false,"handId":480,"id":4802,"length":66.9921,"mcpPosition":[30.76,336.018,23.1934],"pipPosition":[31.4384,296.465,-4.32737],"stabilizedTipPosition":[49.2603,273.391,43.8306],"timeVisible":0.560368,"tipPosition":[38.7671,276.588,30.3278],"tipVelocity":[-79.7328,16.9331,-89.5216],"tool":false,"touchDistance":0.333333,"touchZone":"none","type":2,"width":18.9931},{"bases":[[[0.999546,-0.0128154,-0.0272736],[0.0227245,0.914961,0.402902],[0.0197909,-0.403338,0.914837]],[[0.998,0.00301734,-0.0631414],[-0.054944,0.535335,-0.842851],[0.0312586,0.844635,0.53443]],[[0.998,0.00301734,-0.0631414],[-0.0383925,-0.764599,-0.643362],[-0.0502191,0.6445,-0.762954]],[[0.998,0.00301734,-0.0631414],[-0.00220322,-0.996593,-0.0824478],[-0.0631751,0.0824221,-0.994593]]],"btipPosition":[54.2178,280.761,43.3911],"carpPosition":[54.2826,312.621,84.8475],"dipPosition":[53.0377,282.301,24.8121],"direction":[0.0502191,-0.6445,0.762954],"extended":false,"handId":480,"id":4803,"length":64.4147,"mcpPosition":[53.0431,337.881,27.5543],"pipPosition":[51.6468,300.151,3.68131],"stabilizedTipPosition":[63.4561,278.406,51.0455],"timeVisible":0.560368,"tipPosition":[53.9211,281.487,39.1474],"tipVelocity":[-80.157,14.9987,-88.6439],"tool":false,"touchDistance":0.333333,"touchZone":"none","type":3,"width":18.0732},{"bases":[[[0.977532,-0.210412,0.0125986],[0.179572,0.862577,0.472985],[-0.110389,-0.460095,0.88098]],[[0.982508,-0.181359,-0.0422747],[0.0719881,0.579261,-0.811957],[0.171744,0.794711,0.582184]],[[0.982508,-0.181359,-0.0422747],[-0.161122,-0.714069,-0.681282],[0.0933694,0.676176,-0.7308]],[[0.982508,-0.181359,-0.0422747],[-0.1855,-0.97311,-0.136552],[-0.016373,0.142005,-0.98973]]],"btipPosition":[66.2845,290.94,41.9523],"carpPosition":[67.5,308.031,82.2597],"dipPosition":[66.0024,293.387,24.8961],"direction":[-0.0933694,-0.676176,0.7308],"extended":false,"handId":480,"id":4804,"length":50.4999,"mcpPosition":[73.8996,334.704,31.1868],"pipPosition":[67.8282,306.609,10.6056],"stabilizedTipPosition":[73.8146,289.34,46.6681],"timeVisible":0.560368,"tipPosition":[66.4334,291.783,38.0614],"tipVelocity":[-82.2491,15.6023,-85.6552],"tool":false,"touchDistance":0.333333,"touchZone":"none","type":4,"width":16.054}],"r":[[0.860836,0.507562,0.0366288],[-0.501626,0.834247,0.228918],[0.0856329,-0.215435,0.972756]],"s":1.10307,"t":[-144.056,121.046,-132.756],"timestamp":521835283825},false],[3,{"currentFrameRate":105.643,"devices":[],"gestures":[],"hands":[{"armBasis":[[0.854318,0.413076,-0.315451],[-0.165068,0.791142,0.588938],[0.492843,-0.451069,0.744072]],"armWidth":63.7064,"confidence":0.740067,"direction":[-0.16716,0.507642,-0.845196],"elbow":[186.53,176.588,289.559],"grabStrength":0,"id":480,"palmNormal":[0.176945,-0.827893,-0.532245],"palmPosition":[37.839,320.363,41.1433],"palmVelocity":[-79.3712,12.6324,-85.0118],"palmWidth":90.9705,"pinchStrength":0.451493,"r":[[0.860395,0.508271,0.0371717],[-0.502398,0.833688,0.229261],[0.0855372,-0.21593,0.972655]],"s":1.10289,"sphereCenter":[42.967,294.785,2.19469],"sphereRadius":48.545,"stabilizedPalmPosition":[44.0296,318.936,47.861],"t":[-144.757,121.088,-133.524],"timeVisible":0.569595,"type":"right","wrist":[53.4914,298.35,88.7029]}],"id":4143141,"interactionBox":{"center":[0,200,0],"size":[235.247,235.247,147.751]},"pointables":[{"bases":[[[0.199411,0.935528,0.291586],[-0.794483,-0.0198315,0.606963],[0.573613,-0.352696,0.739306]],[[-0.0100243,0.999759,0.0195442],[-0.788563,-0.0199221,0.614631],[0.614872,-0.00925062,0.788572]],[[-0.0100243,0.999759,0.0195442],[-0.963357,-0.0148947,0.26781],[0.268037,-0.0161435,0.963273]],[[-0.0100243,0.999759,0.0195442],[-0.706105,0.00676223,-0.708075],[-0.708036,-0.0208982,0.705867]]],"btipPosition":[5.07294,282.377,-1.47619],"carpPosition":[28.3292,280.876,87.2317],"dipPosition":[-11.4941,281.888,15.0401],"direction":[-0.268037,0.0161435,-0.963273],"extended":false,"handId":480,"id":4800,"length":52.1052,"mcpPosition":[28.3292,280.876,87.2317],"pipPosition":[-2.3572,281.337,47.8765],"stabilizedTipPosition":[7.61867,281.617,9.51718],"timeVisible":0.569595,"tipPosition":[1.56626,282.864,1.99295],"tipVelocity":[-77.1548,8.76336,-89.0724],"tool":false,"touchDistance":-0.424823,"touchZone":"touching","type":0,"width":20.2457},{"bases":[[[0.928086,0.320371,-0.189786],[-0.223589,0.887027,0.403969],[0.297765,-0.332484,0.894869]],[[0.964221,0.26186,-0.0413085],[-0.241888,0.932816,0.267106],[0.108477,-0.247557,0.962781]],[[0.964221,0.26186,-0.0413085],[-0.259382,0.964091,0.0570105],[0.0547539,-0.0442561,0.997519]],[[0.964221,0.26186,-0.0413085],[-0.264832,0.958463,-0.105892],[0.0118637,0.113043,0.993519]]],"btipPosition":[2.8158,338.642,-60.0492],"carpPosition":[30.9028,304.414,88.2029],"dipPosition":[3.01846,340.573,-43.0779],"direction":[-0.0547539,0.0442561,-0.997519],"extended":true,"handId":480,"id":4801,"length":58.7949,"mcpPosition":[9.00105,328.87,22.3819],"pipPosition":[4.3416,339.503,-18.9727],"stabilizedTipPosition":[9.14798,337.415,-49.0914],"timeVisible":0.569595,"tipPosition":[2.90637,338.541,-55.6712],"tipVelocity":[-77.754,12.6208,-86.7607],"tool":false,"touchDistance":-0.43018,"touchZone":"touching","type":1,"width":19.3387},{"bases":[[[0.98421,0.116564,-0.133209],[-0.0568746,0.920905,0.385616],[0.167621,-0.371951,0.912993]],[[0.982517,0.120208,-0.142161],[-0.185396,0.562155,-0.805984],[-0.016969,0.818249,0.574613]],[[0.982517,0.120208,-0.142161],[-0.00853352,-0.733722,-0.679396],[-0.185975,0.668731,-0.719869]],[[0.982517,0.120208,-0.142161],[0.104696,-0.988178,-0.111993],[-0.153942,0.0951519,-0.983488]]],"btipPosition":[38.9546,275.735,33.6213],"carpPosition":[41.6494,310.021,86.0522],"dipPosition":[36.0624,277.522,15.1436],"direction":[0.185975,-0.668731,0.719869],"extended":false,"handId":480,"id":4802,"length":66.9921,"mcpPosition":[29.9573,335.966,22.3681],"pipPosition":[30.775,296.535,-5.32254],"stabilizedTipPosition":[48.5587,273.567,42.9059],"timeVisible":0.569595,"tipPosition":[38.1748,276.485,29.3065],"tipVelocity":[-75.6079,8.82314,-98.3654],"tool":false,"touchDistance":0.333333,"touchZone":"none","type":2,"width":18.9931},{"bases":[[[0.999617,-0.00919814,-0.0260902],[0.0189604,0.914553,0.404021],[0.0201446,-0.404361,0.914377]],[[0.998063,0.00663532,-0.0618583],[-0.0558302,0.534223,-0.843498],[0.0274493,0.845317,0.533559]],[[0.998063,0.00663532,-0.0618583],[-0.0347652,-0.765083,-0.642992],[-0.0515932,0.643897,-0.76337]],[[0.998063,0.00663532,-0.0618583],[0.00148287,-0.996551,-0.0829709],[-0.0621954,0.0827185,-0.99463]]],"btipPosition":[53.5929,280.765,42.6459],"carpPosition":[53.4899,312.58,84.0223],"dipPosition":[52.4311,282.31,24.0662],"direction":[0.0515932,-0.643897,0.76337],"extended":false,"handId":480,"id":4803,"length":64.4147,"mcpPosition":[52.2283,337.904,26.758],"pipPosition":[51.0021,300.144,2.92388],"stabilizedTipPosition":[62.6419,278.624,50.027],"timeVisible":0.569595,"tipPosition":[53.2987,281.478,38.3565],"tipVelocity":[-76.5426,10.9434,-86.4384],"tool":false,"touchDistance":0.333333,"touchZone":"none","type":3,"width":18.0732},{"bases":[[[0.978264,-0.20692,0.0135194],[0.175911,0.862648,0.47423],[-0.10979,-0.461544,0.880297]],[[0.983169,-0.1781,-0.0407244],[0.0716135,0.580754,-0.810923],[0.168077,0.794358,0.583734]],[[0.983169,-0.1781,-0.0407244],[-0.157472,-0.713082,-0.683167],[0.0926324,0.678082,-0.729126]],[[0.983169,-0.1781,-0.0407244],[-0.182092,-0.973385,-0.139157],[-0.0148567,0.14423,-0.989433]]],"btipPosition":[65.5945,290.97,41.0845],"carpPosition":[66.7268,308.04,81.445],"dipPosition":[65.3385,293.456,24.0335],"direction":[-0.0926324,-0.678082,0.729126],"extended":false,"handId":480,"id":4804,"length":50.4999,"mcpPosition":[73.0917,334.797,30.4117],"pipPosition":[67.1499,306.715,9.77571],"stabilizedTipPosition":[72.9273,289.576,45.6494],"timeVisible":0.569595,"tipPosition":[65.7508,291.822,37.206],"tipVelocity":[-79.9717,12.4181,-87.9731],"tool":false,"touchDistance":0.333333,"touchZone":"none","type":4,"width":16.054}],"r":[[0.860395,0.508271,0.0371717],[-0.502398,0.833688,0.229261],[0.0855372,-0.21593,0.972655]],"s":1.10289,"t":[-144.757,121.088,-133.524],"timestamp":521835293052},false],[4,{"currentFrameRate":105.982,"devices":[],"gestures":[],"hands":[{"armBasis":[[0.855219,0.414607,-0.310968],[-0.168228,0.789604,0.590106],[0.490204,-0.452357,0.745033]],"armWidth":63.7064,"confidence":0.747938,"direction":[-0.169515,0.507781,-0.844644],"elbow":[185.212,176.152,288.949],"grabStrength":0,"id":480,"palmNormal":[0.180348,-0.826592,-0.533123],"palmPosition":[37.1289,320.257,40.2992],"palmVelocity":[-79.7032,5.96797,-87.9263],"palmWidth":90.9705,"pinchStrength":0.453941,"r":[[0.859609,0.509562,0.0376705],[-0.503716,0.832764,0.229727],[0.0856893,-0.216451,0.972526]],"s":1.10269,"sphereCenter":[42.4342,294.688,1.30843],"sphereRadius":48.5561,"stabilizedPalmPosition":[43.1711,319.1,46.9202],"t":[-145.463,121.056,-134.33],"timeVisible":0.578405,"type":"right","wrist":[52.8858,298.262,87.8328]}],"id":4143142,"interactionBox":{"center":[0,200,0],"size":[235.247,235.247,147.751]},"pointables":[{"bases":[[[0.195491,0.936073,0.292489],[-0.794252,-0.0238305,0.607121],[0.57528,-0.350996,0.73882]],[[-0.0141464,0.999685,0.0207326],[-0.788462,-0.0239041,0.614619],[0.614921,-0.0076522,0.788552]],[[-0.0141464,0.999685,0.0207326],[-0.963404,-0.019178,0.267366],[0.26768,-0.0161916,0.963372]],[[-0.0141464,0.999685,0.0207326],[-0.706991,0.0046623,-0.707207],[-0.707081,-0.0246622,0.706703]]],"btipPosition":[4.52909,282.193,-2.38014],"carpPosition":[27.798,280.682,86.3496],"dipPosition":[-12.0156,281.616,14.1557],"direction":[-0.26768,0.0161916,-0.963372],"extended":false,"handId":480,"id":4800,"length":52.1052,"mcpPosition":[27.798,280.682,86.3496],"pipPosition":[-2.89086,281.064,46.9954],"stabilizedTipPosition":[6.9397,281.661,8.72011],"timeVisible":0.578405,"tipPosition":[1.01008,282.639,1.11263],"tipVelocity":[-72.8382,0.170283,-92.5836],"tool":false,"touchDistance":-0.424166,"touchZone":"touching","type":0,"width":20.2457},{"bases":[[[0.926669,0.324514,-0.18967],[-0.227273,0.885657,0.404917],[0.299384,-0.332118,0.894465]],[[0.96308,0.266026,-0.041306],[-0.246219,0.932436,0.264462],[0.108869,-0.244528,0.963511]],[[0.96308,0.266026,-0.041306],[-0.263524,0.962941,0.0574397],[0.0550557,-0.0444339,0.997494]],[[0.96308,0.266026,-0.041306],[-0.268938,0.957649,-0.102863],[0.0121922,0.110175,0.993837]]],"btipPosition":[2.03569,338.354,-60.9144],"carpPosition":[30.2715,304.231,87.3441],"dipPosition":[2.24395,340.236,-43.9378],"direction":[-0.0550557,0.0444339,-0.997494],"extended":true,"handId":480,"id":4801,"length":58.7949,"mcpPosition":[8.25066,328.659,21.5528],"pipPosition":[3.57439,339.163,-19.8331],"stabilizedTipPosition":[8.34199,337.572,-49.9949],"timeVisible":0.578405,"tipPosition":[2.11501,338.326,-56.5425],"tipVelocity":[-80.6254,0.081971,-89.8102],"tool":false,"touchDistance":-0.428455,"touchZone":"touching","type":1,"width":19.3387},{"bases":[[[0.983673,0.120891,-0.133312],[-0.060709,0.920263,0.386562],[0.169414,-0.372157,0.912578]],[[0.981873,0.124725,-0.142724],[-0.188513,0.564233,-0.803806],[-0.0197255,0.81614,0.577517]],[[0.981873,0.124725,-0.142724],[-0.00649919,-0.730393,-0.682997],[-0.189431,0.671543,-0.716342]],[[0.981873,0.124725,-0.142724],[0.108446,-0.987232,-0.116674],[-0.155453,0.0990814,-0.982862]]],"btipPosition":[38.4333,275.561,32.5428],"carpPosition":[40.9936,309.886,85.1966],"dipPosition":[35.5126,277.423,14.0768],"direction":[0.189431,-0.671543,0.716342],"extended":false,"handId":480,"id":4802,"length":66.9921,"mcpPosition":[29.1765,335.845,21.5415],"pipPosition":[30.127,296.515,-6.28906],"stabilizedTipPosition":[47.9807,273.697,42.1239],"timeVisible":0.578405,"tipPosition":[37.6536,276.332,28.3039],"tipVelocity":[-71.3766,1.65875,-104.77],"tool":false,"touchDistance":0.333333,"touchZone":"none","type":2,"width":18.9931},{"bases":[[[0.999641,-0.00491273,-0.0263243],[0.0151566,0.914216,0.404943],[0.0220768,-0.405197,0.913963]],[[0.998013,0.01094,-0.0620532],[-0.05836,0.531797,-0.844859],[0.0237569,0.846801,0.531379]],[[0.998013,0.01094,-0.0620532],[-0.0314872,-0.766444,-0.641539],[-0.0545787,0.642218,-0.764576]],[[0.998013,0.01094,-0.0620532],[0.00578179,-0.996557,-0.0827041],[-0.0627444,0.082181,-0.99464]]],"btipPosition":[53.0625,280.724,41.9473],"carpPosition":[52.8226,312.497,83.1667],"dipPosition":[51.8904,282.26,23.3674],"direction":[0.0545787,-0.642218,0.764576],"extended":false,"handId":480,"id":4803,"length":64.4147,"mcpPosition":[51.44,337.873,25.9284],"pipPosition":[50.3788,300.047,2.19164],"stabilizedTipPosition":[61.936,278.8,49.1416],"timeVisible":0.578405,"tipPosition":[52.762,281.417,37.5889],"tipVelocity":[-72.2088,6.68258,-84.5155],"tool":false,"touchDistance":0.333333,"touchZone":"none","type":3,"width":18.0732},{"bases":[[[0.97914,-0.202764,0.0130898],[0.172343,0.862909,0.475064],[-0.107621,-0.462899,0.879854]],[[0.983883,-0.174137,-0.0406281],[0.0695727,0.582102,-0.810134],[0.164724,0.794251,0.584835]],[[0.983883,-0.174137,-0.0406281],[-0.15436,-0.712423,-0.684562],[0.0902635,0.679801,-0.727821]],[[0.983883,-0.174137,-0.0406281],[-0.178185,-0.973823,-0.141133],[-0.0149881,0.146098,-0.989157]]],"btipPosition":[64.9872,290.963,40.1778],"carpPosition":[66.0782,308.016,80.5818],"dipPosition":[64.729,293.48,23.1316],"direction":[-0.0902635,-0.679801,0.727821],"extended":false,"handId":480,"id":4804,"length":50.4999,"mcpPosition":[72.3173,334.852,29.5742],"pipPosition":[66.494,306.774,8.89932],"stabilizedTipPosition":[72.1803,289.76,44.7722],"timeVisible":0.578405,"tipPosition":[65.1436,291.822,36.3094],"tipVelocity":[-77.0107,9.06565,-91.968],"tool":false,"touchDistance":0.333333,"touchZone":"none","type":4,"width":16.054}],"r":[[0.859609,0.509562,0.0376705],[-0.503716,0.832764,0.229727],[0.0856893,-0.216451,0.972526]],"s":1.10269,"t":[-145.463,121.056,-134.33],"timestamp":521835301862},false],[5,{"currentFrameRate":106.012,"devices":[],"gestures":[],"hands":[{"armBasis":[[0.851143,0.422923,-0.310954],[-0.173275,0.78552,0.594083],[0.495512,-0.451769,0.741871]],"armWidth":63.7064,"confidence":0.758643,"direction":[-0.173133,0.501579,-0.84761],"elbow":[186.062,176.392,287.45],"grabStrength":0,"id":480,"palmNormal":[0.187642,-0.828045,-0.528329],"palmPosition":[36.3972,319.937,39.5198],"palmVelocity":[-79.2266,-5.4204,-86.5567],"palmWidth":90.9705,"pinchStrength":0.452027,"r":[[0.858119,0.512072,0.0376135],[-0.506191,0.831437,0.22909],[0.0860374,-0.215626,0.972678]],"s":1.10255,"sphereCenter":[42.0594,294.141,0.658876],"sphereRadius":48.5723,"stabilizedPalmPosition":[42.2979,319.208,45.9663],"t":[-146.181,120.88,-135.123],"timeVisible":0.587783,"type":"right","wrist":[52.3025,298.343,87.1875]}],"id":4143143,"interactionBox":{"center":[0,200,0],"size":[235.247,235.247,147.751]},"pointables":[{"bases":[[[0.187445,0.939308,0.28734],[-0.79447,-0.0270515,0.6067],[0.577652,-0.342006,0.741182]],[[-0.0222882,0.999633,0.0153853],[-0.788964,-0.0270387,0.613844],[0.614035,0.00154302,0.789277]],[[-0.0222882,0.999633,0.0153853],[-0.963267,-0.0255918,0.267325],[0.267621,-0.00886199,0.963484]],[[-0.0222882,0.999633,0.0153853],[-0.709467,-0.00497222,-0.704721],[-0.704386,-0.0266224,0.709318]]],"btipPosition":[4.07785,281.394,-3.04473],"carpPosition":[27.3636,280.546,85.7862],"dipPosition":[-12.4038,280.771,13.5523],"direction":[-0.267621,0.00886199,-0.963484],"extended":false,"handId":480,"id":4800,"length":52.1052,"mcpPosition":[27.3636,280.546,85.7862],"pipPosition":[-3.28105,280.469,46.3958],"stabilizedTipPosition":[6.27313,281.619,7.9238],"timeVisible":0.587783,"tipPosition":[0.576608,281.793,0.497199],"tipVelocity":[-65.3704,-24.4263,-85.9831],"tool":false,"touchDistance":-0.41984,"touchZone":"touching","type":0,"width":20.2457},{"bases":[[[0.924063,0.331179,-0.190861],[-0.234966,0.885992,0.399761],[0.301493,-0.324559,0.896529]],[[0.960841,0.273864,-0.0422182],[-0.254692,0.932854,0.254786],[0.10916,-0.234056,0.966075]],[[0.960841,0.273864,-0.0422182],[-0.271676,0.961034,0.0510503],[0.0545539,-0.0375816,0.997803]],[[0.960841,0.273864,-0.0422182],[-0.276872,0.955014,-0.106257],[0.0112189,0.113785,0.993442]]],"btipPosition":[1.26474,337.01,-61.8716],"carpPosition":[29.6395,304.12,86.6497],"dipPosition":[1.45638,338.954,-44.9017],"direction":[-0.0545539,0.0375816,-0.997803],"extended":true,"handId":480,"id":4801,"length":58.7949,"mcpPosition":[7.46347,327.992,20.7065],"pipPosition":[2.77469,338.046,-20.7895],"stabilizedTipPosition":[7.48594,337.558,-50.9654],"timeVisible":0.587783,"tipPosition":[1.32698,337.09,-57.506],"tipVelocity":[-81.1913,-40.2638,-93.3413],"tool":false,"touchDistance":-0.428324,"touchZone":"touching","type":1,"width":19.3387},{"bases":[[[0.982726,0.12836,-0.133316],[-0.0686828,0.921886,0.381324],[0.171849,-0.365581,0.914778]],[[0.980868,0.13219,-0.14291],[-0.192805,0.558205,-0.806991],[-0.0269027,0.819105,0.573012]],[[0.980868,0.13219,-0.14291],[-0.0000607204,-0.733897,-0.67926],[-0.194673,0.666274,-0.719849]],[[0.980868,0.13219,-0.14291],[0.116723,-0.986863,-0.111699],[-0.155798,0.0928809,-0.983412]]],"btipPosition":[38.0867,275.192,31.9974],"carpPosition":[40.3155,309.852,84.4777],"dipPosition":[35.1595,276.937,13.5211],"direction":[0.194673,-0.666274,0.719849],"extended":false,"handId":480,"id":4802,"length":66.9921,"mcpPosition":[28.3285,335.352,20.6691],"pipPosition":[29.6249,295.88,-6.94442],"stabilizedTipPosition":[47.4553,273.791,41.4091],"timeVisible":0.587783,"tipPosition":[37.3036,275.933,27.7612],"tipVelocity":[-61.6375,-10.8182,-91.5878],"tool":false,"touchDistance":0.333333,"touchZone":"none","type":2,"width":18.9931},{"bases":[[[0.999667,0.00329897,-0.0256099],[0.00721726,0.916577,0.399792],[0.0247923,-0.399844,0.916248]],[[0.997933,0.0189317,-0.0614186],[-0.0621843,0.525898,-0.848271],[0.0162408,0.850337,0.525988]],[[0.997933,0.0189317,-0.0614186],[-0.0245788,-0.770572,-0.636878],[-0.0593847,0.637071,-0.768514]],[[0.997933,0.0189317,-0.0614186],[0.0141726,-0.996929,-0.0770159],[-0.0626881,0.0759862,-0.995136]]],"btipPosition":[52.6614,280.543,41.4377],"carpPosition":[52.1237,312.55,82.4412],"dipPosition":[51.4903,281.962,22.8486],"direction":[0.0593847,-0.637071,0.768514],"extended":false,"handId":480,"id":4803,"length":64.4147,"mcpPosition":[50.5711,337.591,25.0597],"pipPosition":[49.8456,299.607,1.56377],"stabilizedTipPosition":[61.266,278.945,48.3006],"timeVisible":0.587783,"tipPosition":[52.3586,281.2,37.0641],"tipVelocity":[-63.8335,-1.52753,-75.9999],"tool":false,"touchDistance":0.333333,"touchZone":"none","type":3,"width":18.0732},{"bases":[[[0.980791,-0.194492,0.0149052],[0.164776,0.866982,0.470309],[-0.104394,-0.458819,0.882376]],[[0.985311,-0.166363,-0.0385321],[0.0658159,0.578169,-0.813258],[0.157574,0.798777,0.580626]],[[0.985311,-0.166363,-0.0385321],[-0.147725,-0.717188,-0.681042],[0.0856652,0.676731,-0.73123]],[[0.985311,-0.166363,-0.0385321],[-0.170114,-0.975944,-0.136363],[-0.0149195,0.140915,-0.989909]]],"btipPosition":[64.4817,290.865,39.5689],"carpPosition":[65.4182,308.166,79.8906],"dipPosition":[64.2245,293.294,22.5097],"direction":[-0.0856652,-0.676731,0.73123],"extended":false,"handId":480,"id":4804,"length":50.4999,"mcpPosition":[71.4702,334.765,28.7368],"pipPosition":[65.8997,306.527,8.21076],"stabilizedTipPosition":[71.4839,289.909,43.953],"timeVisible":0.587783,"tipPosition":[64.6373,291.703,35.7001],"tipVelocity":[-70.4355,2.9177,-84.3723],"tool":false,"touchDistance":0.333333,"touchZone":"none","type":4,"width":16.054}],"r":[[0.858119,0.512072,0.0376135],[-0.506191,0.831437,0.22909],[0.0860374,-0.215626,0.972678]],"s":1.10255,"t":[-146.181,120.88,-135.123],"timestamp":521835311240},false],[6,{"currentFrameRate":106.38,"devices":[],"gestures":[],"hands":[{"armBasis":[[0.847913,0.429242,-0.31112],[-0.177308,0.782689,0.596624],[0.499606,-0.450721,0.73976]],"armWidth":63.7064,"confidence":0.766419,"direction":[-0.175823,0.497573,-0.849416],"elbow":[186.801,176.723,286.461],"grabStrength":0,"id":480,"palmNormal":[0.193176,-0.828642,-0.525391],"palmPosition":[35.9215,319.722,39.0185],"palmVelocity":[-72.622,-10.5786,-78.7772],"palmWidth":90.9705,"pinchStrength":0.447694,"r":[[0.856266,0.515186,0.0373092],[-0.509245,0.829883,0.227957],[0.0864779,-0.214191,0.972956]],"s":1.10264,"sphereCenter":[41.9173,293.777,0.230041],"sphereRadius":48.6067,"stabilizedPalmPosition":[41.5406,319.269,45.1411],"t":[-146.778,120.685,-135.77],"timeVisible":0.596507,"type":"right","wrist":[51.9361,298.392,86.7685]}],"id":4143144,"interactionBox":{"center":[0,200,0],"size":[235.247,235.247,147.751]},"pointables":[{"bases":[[[0.181336,0.941452,0.284226],[-0.794626,-0.0300043,0.606357],[0.579384,-0.335808,0.742662]],[[-0.0279919,0.999526,0.0127763],[-0.789355,-0.0299442,0.613207],[0.613299,0.00707979,0.789819]],[[-0.0279919,0.999526,0.0127763],[-0.962848,-0.0303946,0.268329],[0.26859,-0.00479059,0.963243]],[[-0.0279919,0.999526,0.0127763],[-0.714101,-0.0110514,-0.699955],[-0.699483,-0.0287166,0.714072]]],"btipPosition":[3.71434,280.914,-3.54654],"carpPosition":[27.1111,280.432,85.4145],"dipPosition":[-12.6526,280.242,13.1618],"direction":[-0.26859,0.00479059,-0.963243],"extended":false,"handId":480,"id":4800,"length":52.1052,"mcpPosition":[27.1111,280.432,85.4145],"pipPosition":[-3.49679,280.079,45.9971],"stabilizedTipPosition":[5.69393,281.541,7.22512],"timeVisible":0.596507,"tipPosition":[0.265865,281.239,0.0710847],"tipVelocity":[-58.2232,-32.9425,-77.5877],"tool":false,"touchDistance":-0.413333,"touchZone":"touching","type":0,"width":20.2457},{"bases":[[[0.922057,0.336365,-0.19149],[-0.240792,0.885849,0.396599],[0.303034,-0.319577,0.897798]],[[0.959137,0.279733,-0.0424837],[-0.261192,0.933104,0.247176],[0.108785,-0.225979,0.968039]],[[0.959137,0.279733,-0.0424837],[-0.277773,0.95951,0.0467192],[0.0538324,-0.0330093,0.998004]],[[0.959137,0.279733,-0.0424837],[-0.282751,0.95313,-0.107681],[0.0103706,0.115293,0.993277]]],"btipPosition":[0.797344,336.064,-62.5025],"carpPosition":[29.2373,304.023,86.1985],"dipPosition":[0.974494,338.033,-45.5354],"direction":[-0.0538324,0.0330093,-0.998004],"extended":true,"handId":480,"id":4801,"length":58.7949,"mcpPosition":[6.94803,327.529,20.162],"pipPosition":[2.27537,337.236,-21.4184],"stabilizedTipPosition":[6.70102,337.435,-51.8668],"timeVisible":0.596507,"tipPosition":[0.834531,336.236,-58.1431],"tipVelocity":[-73.9088,-58.3235,-87.739],"tool":false,"touchDistance":-0.423298,"touchZone":"touching","type":1,"width":19.3387},{"bases":[[[0.98197,0.134119,-0.13322],[-0.0747291,0.922731,0.37813],[0.173641,-0.361357,0.916117]],[[0.98007,0.13795,-0.142943],[-0.195987,0.553956,-0.809149],[-0.0324379,0.821038,0.569952]],[[0.98007,0.13795,-0.142943],[0.00493544,-0.73625,-0.676692],[-0.198592,0.6625,-0.722257]],[[0.98007,0.13795,-0.142943],[0.123039,-0.986463,-0.108404],[-0.155963,0.0886563,-0.983776]]],"btipPosition":[37.9055,274.954,31.6619],"carpPosition":[39.8781,309.815,84.0127],"dipPosition":[34.9753,276.62,13.1787],"direction":[0.198592,-0.6625,0.722257],"extended":false,"handId":480,"id":4802,"length":66.9921,"mcpPosition":[27.7661,335.021,20.1107],"pipPosition":[29.3293,295.455,-7.35529],"stabilizedTipPosition":[47.0345,273.855,40.8329],"timeVisible":0.596507,"tipPosition":[37.1189,275.673,27.418],"tipVelocity":[-50.7294,-15.778,-77.4306],"tool":false,"touchDistance":0.333333,"touchZone":"none","type":2,"width":18.9931},{"bases":[[[0.99964,0.00953731,-0.0250772],[0.00119256,0.917966,0.396657],[0.0268031,-0.396544,0.917624]],[[0.997826,0.025047,-0.0609651],[-0.0650872,0.520142,-0.851596],[0.0103806,0.853713,0.520641]],[[0.997826,0.025047,-0.0609651],[-0.0192282,-0.774117,-0.63275],[-0.0630426,0.632546,-0.771953]],[[0.997826,0.025047,-0.0609651],[0.020562,-0.997112,-0.0731123],[-0.0626203,0.0716998,-0.995459]]],"btipPosition":[52.4437,280.422,41.2239],"carpPosition":[51.6702,312.581,81.9734],"dipPosition":[51.2739,281.761,22.6287],"direction":[0.0630426,-0.632546,0.771953],"extended":false,"handId":480,"id":4803,"length":64.4147,"mcpPosition":[49.9916,337.416,24.5057],"pipPosition":[49.5279,299.28,1.24869],"stabilizedTipPosition":[60.7083,279.055,47.6042],"timeVisible":0.596507,"tipPosition":[52.1373,281.051,36.7991],"tipVelocity":[-53.4272,-5.39748,-62.2735],"tool":false,"touchDistance":0.333333,"touchZone":"none","type":3,"width":18.0732},{"bases":[[[0.981993,-0.188229,0.0161042],[0.159022,0.86961,0.467429],[-0.101988,-0.456451,0.883884]],[[0.986352,-0.160402,-0.0371482],[0.0629504,0.575873,-0.815112],[0.152138,0.801649,0.578111]],[[0.986352,-0.160402,-0.0371482],[-0.142695,-0.720238,-0.678892],[0.0821402,0.674928,-0.733298]],[[0.986352,-0.160402,-0.0371482],[-0.163971,-0.977402,-0.133414],[-0.0149089,0.137684,-0.990364]]],"btipPosition":[64.1784,290.824,39.1732],"carpPosition":[64.9935,308.272,79.4451],"dipPosition":[63.9215,293.197,22.1061],"direction":[-0.0821402,-0.674928,0.733298],"extended":false,"handId":480,"id":4804,"length":50.4999,"mcpPosition":[70.9061,334.734,28.2039],"pipPosition":[65.5277,306.395,7.76675],"stabilizedTipPosition":[70.9225,290.021,43.2894],"timeVisible":0.596507,"tipPosition":[64.3325,291.647,35.3043],"tipVelocity":[-60.8934,0.473069,-73.9961],"tool":false,"touchDistance":0.333