{"sensorType":"Leap","data":[[0,{"currentFrameRate":105.89,"devices":[],"gestures":[],"hands":[{"armBasis":[[0.877188,0.383253,-0.289237],[-0.19217,0.832272,0.519995],[0.440013,-0.40055,0.803709]],"armWidth":63.7064,"confidence":0.887813,"direction":[-0.177584,0.553003,-0.814034],"elbow":[192.607,188.789,305.651],"grabStrength":0,"id":478,"palmNormal":[0.180002,-0.794974,-0.579323],"palmPosition":[57.645,321.436,42.5631],"palmVelocity":[-10.517,26.4376,-197.284],"palmWidth":90.9705,"pinchStrength":0.55749,"r":[[0.984311,-0.175958,0.013061],[0.176149,0.984244,-0.0153306],[-0.0101577,0.0173908,0.999797]],"s":0.882041,"sphereCenter":[63.575,294.293,1.05987],"sphereRadius":47.5876,"stabilizedPalmPosition":[63.7243,302.344,89.3354],"t":[-24.2107,82.7918,-117.41],"timeVisible":0.361324,"type":"right","wrist":[73.8285,296.914,88.6964]}],"id":4142336,"interactionBox":{"center":[0,200,0],"size":[235.247,235.247,147.751]},"pointables":[{"bases":[[[0.193669,0.919316,0.342565],[-0.789836,-0.0610151,0.610276],[0.581938,-0.388762,0.714292]],[[-0.00727451,0.995901,0.0901549],[-0.804178,-0.0594122,0.591412],[0.594344,-0.0681984,0.801314]],[[-0.00727451,0.995901,0.0901549],[-0.976854,-0.026352,0.212278],[0.213783,-0.0865239,0.973042]],[[-0.00727451,0.995901,0.0901549],[-0.695582,0.0597321,-0.715959],[-0.71841,-0.0679184,0.692296]]],"btipPosition":[28.6643,287.272,-2.94661],"carpPosition":[48.8039,279.33,86.4126],"dipPosition":[11.8545,285.683,13.2522],"direction":[-0.213783,0.086524,-0.973042],"extended":false,"handId":478,"id":4780,"length":52.1052,"mcpPosition":[48.8039,279.33,86.4126],"pipPosition":[19.142,282.733,46.4215],"stabilizedTipPosition":[28.0072,266.33,56.5269],"timeVisible":0.361324,"tipPosition":[23.9201,287.984,0.845313],"tipVelocity":[6.10063,10.0059,-200.968],"tool":false,"touchDistance":-0.475174,"touchZone":"hovering","type":0,"width":20.2457},{"bases":[[[0.923952,0.338716,-0.17772],[-0.228077,0.860835,0.454911],[0.307073,-0.379782,0.872624]],[[0.951089,0.296963,-0.0851041],[-0.28089,0.945994,0.161855],[0.128573,-0.130033,0.983138]],[[0.951089,0.296963,-0.0851041],[-0.296518,0.954855,0.0181211],[0.0866434,0.00800014,0.996207]],[[0.951089,0.296963,-0.0851041],[-0.303933,0.948823,-0.0857935],[0.0552712,0.107463,0.992672]]],"btipPosition":[20.0398,334.289,-58.7506],"carpPosition":[51.1868,302.798,88.6935],"dipPosition":[20.984,336.125,-41.7938],"direction":[-0.0866434,-0.00800014,-0.996207],"extended":true,"handId":478,"id":4781,"length":58.7949,"mcpPosition":[28.6003,330.732,24.5087],"pipPosition":[23.0777,336.318,-17.7202],"stabilizedTipPosition":[21.7054,312.244,-5.02548],"timeVisible":0.361324,"tipPosition":[20.0298,334.118,-54.755],"tipVelocity":[14.6703,54.3505,-207.977],"tool":false,"touchDistance":-0.522439,"touchZone":"hovering","type":1,"width":19.3387},{"bases":[[[0.982197,0.132545,-0.133121],[-0.0617915,0.897159,0.437364],[0.177401,-0.421352,0.889377]],[[0.981063,0.135189,-0.138706],[-0.193146,0.62923,-0.752837],[-0.0144975,0.765371,0.643426]],[[0.981063,0.135189,-0.138706],[-0.0615369,-0.461471,-0.885019],[-0.183654,0.876794,-0.444413]],[[0.981063,0.135189,-0.138706],[0.040759,-0.844187,-0.534497],[-0.189352,0.518722,-0.833711]]],"btipPosition":[58.9731,266.446,22.0445],"carpPosition":[61.8698,308.612,86.7895],"dipPosition":[55.4155,276.191,6.38076],"direction":[0.183654,-0.876794,0.444413],"extended":false,"handId":478,"id":4782,"length":66.9921,"mcpPosition":[49.4956,338.002,24.7527],"pipPosition":[50.1942,301.119,-6.25404],"stabilizedTipPosition":[64.9621,253.084,60.6697],"timeVisible":0.361324,"tipPosition":[58.1747,268.513,18.9721],"tipVelocity":[-12.8203,27.0761,-213.189],"tool":false,"touchDistance":0.333333,"touchZone":"none","type":2,"width":18.9931},{"bases":[[[0.999442,0.00108337,-0.03338],[0.0142266,0.890447,0.454864],[0.0302159,-0.455085,0.889935]],[[0.998418,0.012094,-0.0549025],[-0.050869,0.610128,-0.790668],[0.0239352,0.79221,0.609778]],[[0.998418,0.012094,-0.0549025],[-0.0418093,-0.493142,-0.868944],[-0.0375838,0.869865,-0.491856]],[[0.998418,0.012094,-0.0549025],[-0.0179076,-0.857302,-0.514502],[-0.0532905,0.514672,-0.85573]]],"btipPosition":[72.7482,270.791,31.4618],"carpPosition":[73.6733,311.385,84.8267],"dipPosition":[71.7527,280.405,15.4767],"direction":[0.0375838,-0.869865,0.491856],"extended":false,"handId":478,"id":4783,"length":64.4147,"mcpPosition":[71.781,339.885,29.0931],"pipPosition":[70.7118,304.497,1.85425],"stabilizedTipPosition":[81.1509,253.797,76.7957],"timeVisible":0.361324,"tipPosition":[72.5666,272.961,28.6325],"tipVelocity":[-12.1833,23.3563,-190.054],"tool":false,"touchDistance":0.333333,"touchZone":"none","type":3,"width":18.0732},{"bases":[[[0.980041,-0.198738,-0.00485008],[0.172116,0.836048,0.52096],[-0.0994794,-0.511396,0.853568]],[[0.953046,-0.275091,0.126602],[0.270165,0.583528,-0.765837],[0.136799,0.764081,0.630449]],[[0.953046,-0.275091,0.126602],[-0.0228474,-0.482197,-0.875765],[0.301962,0.831752,-0.465841]],[[0.953046,-0.275091,0.126602],[-0.164927,-0.822143,-0.544867],[0.253973,0.498403,-0.82891]]],"btipPosition":[77.5783,284.896,33.5299],"carpPosition":[86.9287,307.114,81.907],"dipPosition":[81.955,293.485,19.2452],"direction":[-0.301962,-0.831752,0.465841],"extended":false,"handId":478,"id":4784,"length":50.4999,"mcpPosition":[92.6958,336.761,32.4233],"pipPosition":[87.8598,309.75,10.1359],"stabilizedTipPosition":[84.9489,269.977,74.3109],"timeVisible":0.361324,"tipPosition":[78.3649,286.682,30.4639],"tipVelocity":[-8.50635,23.1124,-193.549],"tool":false,"touchDistance":0.333333,"touchZone":"none","type":4,"width":16.054}],"r":[[0.984311,-0.175958,0.013061],[0.176149,0.984244,-0.0153306],[-0.0101577,0.0173908,0.999797]],"s":0.882041,"t":[-24.2107,82.7918,-117.41],"timestamp":521825413514},false],[1,{"currentFrameRate":105.958,"devices":[],"gestures":[],"hands":[{"armBasis":[[0.877697,0.384288,-0.286307],[-0.193894,0.831135,0.521172],[0.438239,-0.401918,0.803995]],"armWidth":63.7064,"confidence":0.894029,"direction":[-0.176216,0.553038,-0.814308],"elbow":[191.951,188.392,304.041],"grabStrength":0,"id":478,"palmNormal":[0.1821,-0.794659,-0.5791],"palmPosition":[57.5522,321.404,40.8436],"palmVelocity":[-10.3595,18.0019,-193.719],"palmWidth":90.9705,"pinchStrength":0.561664,"r":[[0.984149,-0.176666,0.0154901],[0.176911,0.984094,-0.0161896],[-0.0123836,0.0186734,0.999749]],"s":0.882381,"sphereCenter":[63.6318,294.326,-0.652346],"sphereRadius":47.6076,"stabilizedPalmPosition":[63.715,302.373,89.2628],"t":[-24.3025,82.8371,-119.136],"timeVisible":0.370635,"type":"right","wrist":[73.6518,296.886,87.0083]}],"id":4142337,"interactionBox":{"center":[0,200,0],"size":[235.247,235.247,147.751]},"pointables":[{"bases":[[[0.192003,0.919413,0.343241],[-0.791193,-0.0619139,0.608425],[0.580645,-0.388389,0.715546]],[[-0.00948038,0.995984,0.0890241],[-0.806381,-0.0602612,0.588317],[0.59132,-0.0662099,0.803715]],[[-0.00948038,0.995984,0.0890241],[-0.977336,-0.0280577,0.209825],[0.211481,-0.0850173,0.973678]],[[-0.00948038,0.995984,0.0890241],[-0.690867,0.0578391,-0.720665],[-0.72292,-0.068336,0.687544]]],"btipPosition":[28.8445,287.08,-4.72737],"carpPosition":[48.6492,279.279,84.6621],"dipPosition":[11.9292,285.481,11.3602],"direction":[-0.211481,0.0850173,-0.973678],"extended":false,"handId":478,"id":4780,"length":52.1052,"mcpPosition":[48.6492,279.279,84.6621],"pipPosition":[19.1382,282.583,44.5512],"stabilizedTipPosition":[28.0061,266.338,56.5049],"timeVisible":0.370635,"tipPosition":[24.0863,287.777,-0.964441],"tipVelocity":[9.11017,1.28713,-198.999],"tool":false,"touchDistance":-0.483085,"touchZone":"hovering","type":0,"width":20.2457},{"bases":[[[0.924041,0.339634,-0.17549],[-0.229948,0.860506,0.454592],[0.305405,-0.379708,0.873241]],[[0.951207,0.297474,-0.0819432],[-0.281516,0.945405,0.16419],[0.126312,-0.133111,0.983019]],[[0.951207,0.297474,-0.0819432],[-0.296688,0.954723,0.0218918],[0.0847453,0.00348794,0.996397]],[[0.951207,0.297474,-0.0819432],[-0.303854,0.949258,-0.0811342],[0.0536498,0.102074,0.993329]]],"btipPosition":[20.151,334.567,-60.5459],"carpPosition":[51.0045,302.749,86.9544],"dipPosition":[21.0674,336.311,-43.5779],"direction":[-0.0847453,-0.00348794,-0.996397],"extended":true,"handId":478,"id":4781,"length":58.7949,"mcpPosition":[28.5408,330.678,22.7241],"pipPosition":[23.1153,336.395,-19.4997],"stabilizedTipPosition":[21.7029,312.286,-5.11914],"timeVisible":0.370635,"tipPosition":[20.1604,334.314,-56.5573],"tipVelocity":[13.7054,46.8015,-203.613],"tool":false,"touchDistance":-0.525419,"touchZone":"hovering","type":1,"width":19.3387},{"bases":[[[0.982378,0.133507,-0.130806],[-0.0636561,0.896991,0.437441],[0.175734,-0.421405,0.889683]],[[0.981217,0.136237,-0.136573],[-0.192193,0.62958,-0.752789],[-0.0165737,0.764898,0.643938]],[[0.981217,0.136237,-0.136573],[-0.059252,-0.460906,-0.885469],[-0.183581,0.876929,-0.444177]],[[0.981217,0.136237,-0.136573],[0.0427153,-0.843848,-0.534879],[-0.188117,0.518998,-0.833818]]],"btipPosition":[58.9808,266.424,20.2809],"carpPosition":[61.6865,308.573,85.0766],"dipPosition":[55.4465,276.175,4.61511],"direction":[0.183581,-0.876929,0.444177],"extended":false,"handId":478,"id":4782,"length":66.9921,"mcpPosition":[49.4286,337.967,23.0185],"pipPosition":[50.2272,301.107,-8.01297],"stabilizedTipPosition":[64.9501,253.111,60.5923],"timeVisible":0.370635,"tipPosition":[58.1862,268.496,17.2052],"tipVelocity":[-8.80031,18.8146,-206.485],"tool":false,"touchDistance":0.333333,"touchZone":"none","type":2,"width":18.9931},{"bases":[[[0.999516,0.0020369,-0.031058],[0.0123274,0.890347,0.455115],[0.0285795,-0.455278,0.889891]],[[0.998528,0.0130816,-0.0526381],[-0.0496982,0.609384,-0.791316],[0.0217252,0.792767,0.609137]],[[0.998528,0.0130816,-0.0526381],[-0.0393171,-0.493966,-0.868592],[-0.037364,0.869383,-0.492724]],[[0.998528,0.0130816,-0.0526381],[-0.0158608,-0.857636,-0.514013],[-0.0518684,0.514091,-0.856166]]],"btipPosition":[72.7353,270.776,29.8406],"carpPosition":[73.4919,311.358,83.1419],"dipPosition":[71.7664,280.379,13.8474],"direction":[0.037364,-0.869383,0.492724],"extended":false,"handId":478,"id":4783,"length":64.4147,"mcpPosition":[71.702,339.87,27.4111],"pipPosition":[70.7316,304.457,0.200876],"stabilizedTipPosition":[81.1401,253.821,76.7321],"timeVisible":0.370635,"tipPosition":[72.5538,272.946,26.9455],"tipVelocity":[-8.94591,16.2018,-185.607],"tool":false,"touchDistance":0.333333,"touchZone":"none","type":3,"width":18.0732},{"bases":[[[0.980237,-0.19781,-0.00262258],[0.170115,0.836081,0.521564],[-0.100978,-0.511703,0.853208]],[[0.953378,-0.27352,0.127503],[0.269747,0.582957,-0.766419],[0.135302,0.76508,0.62956]],[[0.953378,-0.27352,0.127503],[-0.0215936,-0.483254,-0.875214],[0.301005,0.831657,-0.46663]],[[0.953378,-0.27352,0.127503],[-0.163255,-0.822804,-0.544373],[0.253807,0.498178,-0.829096]]],"btipPosition":[77.569,284.87,31.9458],"carpPosition":[86.7581,307.1,80.2519],"dipPosition":[81.9429,293.456,17.6579],"direction":[-0.301005,-0.831657,0.46663],"extended":false,"handId":478,"id":4784,"length":50.4999,"mcpPosition":[92.612,336.765,30.7891],"pipPosition":[87.8289,309.718,8.5331],"stabilizedTipPosition":[84.9406,269.999,74.2516],"timeVisible":0.370635,"tipPosition":[78.3569,286.671,28.8327],"tipVelocity":[-6.4045,15.774,-186.956],"tool":false,"touchDistance":0.333333,"touchZone":"none","type":4,"width":16.054}],"r":[[0.984149,-0.176666,0.0154901],[0.176911,0.984094,-0.0161896],[-0.0123836,0.0186734,0.999749]],"s":0.882381,"t":[-24.3025,82.8371,-119.136],"timestamp":521825422825},false],[2,{"currentFrameRate":106.314,"devices":[],"gestures":[],"hands":[{"armBasis":[[0.877455,0.382038,-0.290034],[-0.192794,0.834578,0.516052],[0.439207,-0.396896,0.80596]],"armWidth":63.7064,"confidence":0.896265,"direction":[-0.173427,0.555684,-0.813104],"elbow":[192.109,189.26,302.694],"grabStrength":0,"id":478,"palmNormal":[0.17988,-0.793854,-0.580895],"palmPosition":[57.5828,321.088,39.0118],"palmVelocity":[-6.64725,3.49724,-197.905],"palmWidth":90.9705,"pinchStrength":0.565347,"r":[[0.983886,-0.177934,0.0175451],[0.17822,0.983855,-0.0163485],[-0.0143528,0.0192119,0.999712]],"s":0.88281,"sphereCenter":[63.6329,294.15,-2.54974],"sphereRadius":47.6252,"stabilizedPalmPosition":[63.7091,302.391,89.2145],"t":[-24.3331,82.7018,-120.915],"timeVisible":0.379386,"type":"right","wrist":[73.5483,296.399,85.1314]}],"id":4142338,"interactionBox":{"center":[0,200,0],"size":[235.247,235.247,147.751]},"pointables":[{"bases":[[[0.194903,0.91787,0.345727],[-0.792028,-0.0606289,0.607466],[0.578536,-0.392223,0.715162]],[[-0.00712432,0.995906,0.0901088],[-0.808231,-0.0587955,0.585923],[0.588822,-0.0686544,0.805342]],[[-0.00712432,0.995906,0.0901088],[-0.977648,-0.0258723,0.208651],[0.210128,-0.0866082,0.97383]],[[-0.00712432,0.995906,0.0901088],[-0.686563,0.0606441,-0.724537],[-0.727036,-0.0670271,0.68332]]],"btipPosition":[28.9484,286.833,-6.66106],"carpPosition":[48.486,278.886,82.716],"dipPosition":[11.9368,285.264,9.32766],"direction":[-0.210128,0.0866082,-0.97383],"extended":false,"handId":478,"id":4780,"length":52.1052,"mcpPosition":[48.486,278.886,82.716],"pipPosition":[19.0997,282.312,42.5239],"stabilizedTipPosition":[28.0053,266.343,56.4901],"timeVisible":0.379386,"tipPosition":[24.1771,287.529,-2.91932],"tipVelocity":[9.1722,-6.4261,-205.586],"tool":false,"touchDistance":-0.492456,"touchZone":"hovering","type":0,"width":20.2457},{"bases":[[[0.925415,0.336798,-0.173706],[-0.227367,0.860179,0.456504],[0.303168,-0.382961,0.8726]],[[0.952545,0.293881,-0.0793267],[-0.277555,0.945535,0.170077],[0.124989,-0.139989,0.982233]],[[0.952545,0.293881,-0.0793267],[-0.292452,0.95583,0.0293341],[0.0844435,-0.00474278,0.996417]],[[0.952545,0.293881,-0.0793267],[-0.299559,0.951295,-0.0728086],[0.054066,0.0931165,0.994186]]],"btipPosition":[20.29,335.047,-62.3653],"carpPosition":[50.922,302.341,85.0691],"dipPosition":[21.2136,336.637,-45.3826],"direction":[-0.0844435,0.00474278,-0.996417],"extended":true,"handId":478,"id":4781,"length":58.7949,"mcpPosition":[28.6229,330.51,20.8861],"pipPosition":[23.2542,336.523,-21.304],"stabilizedTipPosition":[21.7013,312.317,-5.1906],"timeVisible":0.379386,"tipPosition":[20.3319,334.677,-58.3859],"tipVelocity":[14.3406,47.8562,-204.662],"tool":false,"touchDistance":-0.528451,"touchZone":"hovering","type":1,"width":19.3387},{"bases":[[[0.982977,0.130355,-0.129478],[-0.0609305,0.896119,0.439612],[0.173333,-0.424239,0.888806]],[[0.981804,0.13317,-0.135379],[-0.189342,0.631906,-0.751561],[-0.0145386,0.763518,0.645622]],[[0.981804,0.13317,-0.135379],[-0.0600118,-0.458783,-0.886519],[-0.180167,0.878512,-0.442443]],[[0.981804,0.13317,-0.135379],[0.0403097,-0.842802,-0.536713],[-0.185571,0.52149,-0.832834]]],"btipPosition":[58.8452,266.156,18.3332],"carpPosition":[61.6264,308.132,83.2167],"dipPosition":[55.3587,275.954,2.68596],"direction":[0.180167,-0.878512,0.442443],"extended":false,"handId":478,"id":4782,"length":66.9921,"mcpPosition":[49.5359,337.724,21.2198],"pipPosition":[50.2365,300.93,-9.89284],"stabilizedTipPosition":[64.9423,253.128,60.5403],"timeVisible":0.379386,"tipPosition":[58.0575,268.241,15.2437],"tipVelocity":[-10.2584,5.88206,-210.665],"tool":false,"touchDistance":0.333333,"touchZone":"none","type":2,"width":18.9931},{"bases":[[[0.999548,-0.00142297,-0.0300404],[0.0150109,0.889162,0.457347],[0.02606,-0.457591,0.888781]],[[0.998615,0.0097375,-0.0517077],[-0.0468446,0.612042,-0.789437],[0.0239601,0.790765,0.61165]],[[0.998615,0.0097375,-0.0517077],[-0.0403046,-0.490164,-0.870698],[-0.0338236,0.871576,-0.489092]],[[0.998615,0.0097375,-0.0517077],[-0.0184729,-0.855285,-0.517828],[-0.0492671,0.518066,-0.853921]]],"btipPosition":[72.5983,270.397,27.8144],"carpPosition":[73.4435,310.88,81.3009],"dipPosition":[71.678,280.075,11.8631],"direction":[0.0338236,-0.871576,0.489092],"extended":false,"handId":478,"id":4783,"length":64.4147,"mcpPosition":[71.8115,339.538,25.6396],"pipPosition":[70.7412,304.214,-1.68283],"stabilizedTipPosition":[81.133,253.836,76.6895],"timeVisible":0.379386,"tipPosition":[72.4253,272.596,24.9282],"tipVelocity":[-10.4035,0.793279,-197.627],"tool":false,"touchDistance":0.333333,"touchZone":"none","type":3,"width":18.0732},{"bases":[[[0.979533,-0.20127,-0.00212309],[0.172537,0.834172,0.52382],[-0.103658,-0.513466,0.851826]],[[0.952421,-0.27693,0.127294],[0.272043,0.584089,-0.764744],[0.13743,0.762988,0.631635]],[[0.952421,-0.27693,0.127294],[-0.0226434,-0.480789,-0.876544],[0.303943,0.831956,-0.464184]],[[0.952421,-0.27693,0.127294],[-0.16559,-0.820795,-0.546695],[0.255879,0.499605,-0.827599]]],"btipPosition":[77.4955,284.499,30.0408],"carpPosition":[86.6975,306.583,78.4138],"dipPosition":[81.9051,293.109,15.7787],"direction":[-0.303943,-0.831956,0.464184],"extended":false,"handId":478,"id":4784,"length":50.4999,"mcpPosition":[92.7069,336.35,29.0311],"pipPosition":[87.8485,309.377,6.70173],"stabilizedTipPosition":[84.9352,270.013,74.212],"timeVisible":0.379386,"tipPosition":[78.2891,286.311,26.9308],"tipVelocity":[-6.6883,0.33487,-195.014],"tool":false,"touchDistance":0.333333,"touchZone":"none","type":4,"width":16.054}],"r":[[0.983886,-0.177934,0.0175451],[0.17822,0.983855,-0.0163485],[-0.0143528,0.0192119,0.999712]],"s":0.88281,"t":[-24.3331,82.7018,-120.915],"timestamp":521825431576},false],[3,{"currentFrameRate":106.478,"devices":[],"gestures":[],"hands":[{"armBasis":[[0.87791,0.381877,-0.288868],[-0.193241,0.834537,0.515952],[0.438101,-0.397138,0.806442]],"armWidth":63.7064,"confidence":0.867229,"direction":[-0.171681,0.556925,-0.812626],"elbow":[191.773,188.975,301.731],"grabStrength":0,"id":478,"palmNormal":[0.180293,-0.79318,-0.581687],"palmPosition":[57.6394,320.943,37.9261],"palmVelocity":[-3.0799,-1.88573,-176.166],"palmWidth":90.9705,"pinchStrength":0.568763,"r":[[0.98364,-0.179091,0.0194683],[0.179411,0.983642,-0.0161429],[-0.0162588,0.0193717,0.99968]],"s":0.883263,"sphereCenter":[63.7487,294.11,-3.66408],"sphereRadius":47.6372,"stabilizedPalmPosition":[63.7051,302.403,89.1802],"t":[-24.32,82.5617,-122.347],"timeVisible":0.388478,"type":"right","wrist":[73.5107,296.179,84.0383]}],"id":4142339,"interactionBox":{"center":[0,200,0],"size":[235.247,235.247,147.751]},"pointables":[{"bases":[[[0.194968,0.917256,0.347316],[-0.793083,-0.0609082,0.606061],[0.577067,-0.393613,0.715585]],[[-0.00738061,0.995876,0.0904259],[-0.81026,-0.0589506,0.583099],[0.586025,-0.0689648,0.807353]],[[-0.00738061,0.995876,0.0904259],[-0.977996,-0.026043,0.206991],[0.208492,-0.0869085,0.974155]],[[-0.00738061,0.995876,0.0904259],[-0.68189,0.0611304,-0.728896],[-0.731418,-0.0670402,0.678626]]],"btipPosition":[29.2005,286.66,-7.82178],"carpPosition":[48.4402,278.687,81.5569],"dipPosition":[12.0864,285.091,8.05712],"direction":[-0.208492,0.0869085,-0.974155],"extended":false,"handId":478,"id":4780,"length":52.1052,"mcpPosition":[48.4402,278.687,81.5569],"pipPosition":[19.1935,282.129,41.2644],"stabilizedTipPosition":[28.0049,266.347,56.4792],"timeVisible":0.388478,"tipPosition":[24.4103,287.336,-4.10806],"tipVelocity":[13.593,-9.90568,-184.774],"tool":false,"touchDistance":-0.489334,"touchZone":"hovering","type":0,"width":20.2457},{"bases":[[[0.92594,0.336386,-0.171698],[-0.227526,0.85971,0.457309],[0.301443,-0.384374,0.872576]],[[0.95302,0.293031,-0.0767187],[-0.276519,0.945022,0.17456],[0.123652,-0.145145,0.981653]],[[0.95302,0.293031,-0.0767187],[-0.291141,0.956039,0.0350051],[0.0836037,-0.0110246,0.996438]],[[0.95302,0.293031,-0.0767187],[-0.298132,0.952207,-0.0664766],[0.0535724,0.0862258,0.994834]]],"btipPosition":[20.4697,335.438,-63.4729],"carpPosition":[50.8887,302.138,83.9464],"dipPosition":[21.3848,336.911,-46.4792],"direction":[-0.0836037,0.0110246,-0.996438],"extended":true,"handId":478,"id":4781,"length":58.7949,"mcpPosition":[28.7164,330.41,19.7651],"pipPosition":[23.4052,336.644,-22.4001],"stabilizedTipPosition":[21.7002,312.343,-5.25166],"timeVisible":0.388478,"tipPosition":[20.544,334.981,-59.5039],"tipVelocity":[15.7835,45.6992,-181.642],"tool":false,"touchDistance":-0.520516,"touchZone":"hovering","type":1,"width":19.3387},{"bases":[[[0.983282,0.129842,-0.127659],[-0.0610364,0.895555,0.440744],[0.171552,-0.425584,0.888509]],[[0.982106,0.132702,-0.133634],[-0.187724,0.632949,-0.751089],[-0.015088,0.762736,0.646534]],[[0.982106,0.132702,-0.133634],[-0.0588743,-0.457676,-0.887168],[-0.17889,0.87916,-0.441674]],[[0.982106,0.132702,-0.133634],[0.0406301,-0.842162,-0.537692],[-0.183894,0.522641,-0.832484]]],"btipPosition":[58.9019,266.039,17.1847],"carpPosition":[61.6002,307.924,82.1199],"dipPosition":[55.4469,275.858,1.54398],"direction":[0.17889,-0.87916,0.441674],"extended":false,"handId":478,"id":4782,"length":66.9921,"mcpPosition":[49.6339,337.61,20.1436],"pipPosition":[50.361,300.853,-11.0129],"stabilizedTipPosition":[64.9369,253.14,60.5031],"timeVisible":0.388478,"tipPosition":[58.1189,268.131,14.0845],"tipVelocity":[-5.46937,0.836751,-187.261],"tool":false,"touchDistance":0.333333,"touchZone":"none","type":2,"width":18.9931},{"bases":[[[0.999595,-0.00208407,-0.0283752],[0.0148705,0.888521,0.458596],[0.0242562,-0.458832,0.888192]],[[0.998701,0.00915979,-0.050131],[-0.0451955,0.613702,-0.788243],[0.0235453,0.789485,0.613318]],[[0.998701,0.00915979,-0.050131],[-0.0392865,-0.488181,-0.871857],[-0.0324591,0.872694,-0.487187]],[[0.998701,0.00915979,-0.050131],[-0.0182494,-0.854193,-0.519636],[-0.0475813,0.519876,-0.852915]]],"btipPosition":[72.6394,270.253,26.6318],"carpPosition":[73.4224,310.666,80.2276],"dipPosition":[71.7506,279.965,10.6993],"direction":[0.0324591,-0.872694,0.487187],"extended":false,"handId":478,"id":4783,"length":64.4147,"mcpPosition":[71.9034,339.401,24.6031],"pipPosition":[70.8516,304.135,-2.79385],"stabilizedTipPosition":[81.1281,253.847,76.659],"timeVisible":0.388478,"tipPosition":[72.4707,272.461,23.7434],"tipVelocity":[-6.04865,-3.57949,-178.784],"tool":false,"touchDistance":0.333333,"touchZone":"none","type":3,"width":18.0732},{"bases":[[[0.979394,-0.201955,-0.000766645],[0.172247,0.833329,0.525256],[-0.105439,-0.514565,0.850944]],[[0.952293,-0.277245,0.127569],[0.272777,0.585785,-0.763183],[0.13686,0.761571,0.633465]],[[0.952293,-0.277245,0.127569],[-0.0216545,-0.478333,-0.877911],[0.304416,0.833266,-0.461517]],[[0.952293,-0.277245,0.127569],[-0.164968,-0.819305,-0.549113],[0.256756,0.501872,-0.825955]]],"btipPosition":[77.5752,284.328,28.8895],"carpPosition":[86.6783,306.363,77.3566],"dipPosition":[81.9999,292.977,14.6558],"direction":[-0.304416,-0.833266,0.461517],"extended":false,"handId":478,"id":4784,"length":50.4999,"mcpPosition":[92.7909,336.194,28.025],"pipPosition":[87.9526,309.271,5.63097],"stabilizedTipPosition":[84.9315,270.022,74.1837],"timeVisible":0.388478,"tipPosition":[78.3678,286.163,25.7972],"tipVelocity":[-2.30192,-4.67743,-175.874],"tool":false,"touchDistance":0.333333,"touchZone":"none","type":4,"width":16.054}],"r":[[0.98364,-0.179091,0.0194683],[0.179411,0.983642,-0.0161429],[-0.0162588,0.0193717,0.99968]],"s":0.883263,"t":[-24.32,82.5617,-122.347],"timestamp":521825440668},false],[4,{"currentFrameRate":106.62,"devices":[],"gestures":[],"hands":[{"armBasis":[[0.880766,0.379129,-0.283749],[-0.192093,0.833717,0.517702],[0.432842,-0.401468,0.807138]],"armWidth":63.7064,"confidence":0.874004,"direction":[-0.169393,0.555327,-0.814198],"elbow":[190.274,187.698,300.912],"grabStrength":0,"id":478,"palmNormal":[0.18005,-0.794796,-0.579553],"palmPosition":[57.6798,320.754,36.8349],"palmVelocity":[-0.994709,-7.11172,-160.486],"palmWidth":90.9705,"pinchStrength":0.571695,"r":[[0.983375,-0.180316,0.0214306],[0.180679,0.983406,-0.0163653],[-0.0181241,0.0199653,0.999636]],"s":0.88365,"sphereCenter":[63.8549,293.852,-4.68861],"sphereRadius":47.6488,"stabilizedPalmPosition":[63.7023,302.411,89.1565],"t":[-24.2933,82.3973,-123.609],"timeVisible":0.397595,"type":"right","wrist":[73.432,296.071,83.0313]}],"id":4142340,"interactionBox":{"center":[0,200,0],"size":[235.247,235.247,147.751]},"pointables":[{"bases":[[[0.195812,0.917743,0.34555],[-0.794228,-0.0582689,0.60482],[0.575204,-0.392877,0.717488]],[[-0.00668964,0.996169,0.0871873],[-0.812439,-0.0562475,0.580327],[0.583008,-0.0669522,0.809703]],[[-0.00668964,0.996169,0.0871873],[-0.978263,-0.0245909,0.205907],[0.207262,-0.0839146,0.97468]],[[-0.00668964,0.996169,0.0871873],[-0.678241,0.0595488,-0.732423],[-0.734809,-0.0640336,0.675245]]],"btipPosition":[29.3705,286.313,-8.88828],"carpPosition":[48.3383,278.613,80.5465],"dipPosition":[12.177,284.815,6.9115],"direction":[-0.207262,0.0839146,-0.97468],"extended":false,"handId":478,"id":4780,"length":52.1052,"mcpPosition":[48.3383,278.613,80.5465],"pipPosition":[19.2422,281.954,40.1367],"stabilizedTipPosition":[28.0045,266.349,56.4711],"timeVisible":0.397595,"tipPosition":[24.5742,286.99,-5.19196],"tipVelocity":[14.4388,-17.2254,-166.508],"tool":false,"touchDistance":-0.485004,"touchZone":"hovering","type":0,"width":20.2457},{"bases":[[[0.926765,0.334534,-0.170859],[-0.226963,0.861114,0.45494],[0.299322,-0.382844,0.873977]],[[0.953707,0.291156,-0.0753125],[-0.27488,0.945519,0.174455],[0.122003,-0.145677,0.981781]],[[0.953707,0.291156,-0.0753125],[-0.289247,0.956601,0.035368],[0.0823416,-0.0119468,0.996533]],[[0.953707,0.291156,-0.0753125],[-0.296106,0.952881,-0.0658748],[0.052584,0.0851257,0.994982]]],"btipPosition":[20.6749,335.317,-64.6462],"carpPosition":[50.8197,302.065,82.8865],"dipPosition":[21.5731,336.771,-47.65],"direction":[-0.0823416,0.0119468,-0.996533],"extended":true,"handId":478,"id":4781,"length":58.7949,"mcpPosition":[28.8033,330.225,18.6021],"pipPosition":[23.5629,336.482,-23.5686],"stabilizedTipPosition":[21.6995,312.363,-5.29879],"timeVisible":0.397595,"tipPosition":[20.7661,334.829,-60.6839],"tipVelocity":[17.5301,29.193,-166.927],"tool":false,"touchDistance":-0.514389,"touchZone":"hovering","type":1,"width":19.3387},{"bases":[[[0.983706,0.128001,-0.126247],[-0.0603877,0.89666,0.438583],[0.16934,-0.423812,0.889779]],[[0.98251,0.130933,-0.132406],[-0.185616,0.631766,-0.752607],[-0.0148915,0.764021,0.64502]],[[0.98251,0.130933,-0.132406],[-0.0583002,-0.459011,-0.886516],[-0.176851,0.878729,-0.443349]],[[0.98251,0.130933,-0.132406],[0.0400736,-0.843062,-0.536321],[-0.181849,0.521634,-0.833564]]],"btipPosition":[58.8936,265.791,16.1824],"carpPosition":[61.5435,307.83,81.0652],"dipPosition":[55.477,275.592,0.521406],"direction":[0.176851,-0.878729,0.443349],"extended":false,"handId":478,"id":4782,"length":66.9921,"mcpPosition":[49.7315,337.392,19.0004],"pipPosition":[50.4491,300.574,-12.0832],"stabilizedTipPosition":[64.9332,253.148,60.4774],"timeVisible":0.397595,"tipPosition":[58.1175,267.887,13.0789],"tipVelocity":[-3.93575,-7.0756,-165.937],"tool":false,"touchDistance":0.333333,"touchZone":"none","type":2,"width":18.9931},{"bases":[[[0.999638,-0.00372208,-0.0266333],[0.0154769,0.889546,0.456583],[0.0219921,-0.45683,0.889282]],[[0.998793,0.00753126,-0.0485292],[-0.0429683,0.612523,-0.789284],[0.0237809,0.790417,0.612107]],[[0.998793,0.00753126,-0.0485292],[-0.0386343,-0.489553,-0.871117],[-0.0303182,0.871941,-0.488671]],[[0.998793,0.00753126,-0.0485292],[-0.0187219,-0.855156,-0.518032],[-0.0454015,0.518315,-0.853983]]],"btipPosition":[72.6214,270.02,25.6383],"carpPosition":[73.3732,310.549,79.1872],"dipPosition":[71.7733,279.702,9.6859],"direction":[0.0303182,-0.871941,0.488671],"extended":false,"handId":478,"id":4783,"length":64.4147,"mcpPosition":[71.9959,339.159,23.4945],"pipPosition":[70.9336,303.851,-3.84837],"stabilizedTipPosition":[81.1247,253.854,76.6378],"timeVisible":0.397595,"tipPosition":[72.4591,272.221,22.7389],"tipVelocity":[-4.63096,-9.90187,-159.543],"tool":false,"touchDistance":0.333333,"touchZone":"none","type":3,"width":18.0732},{"bases":[[[0.979074,-0.203497,0.00139831],[0.17265,0.834261,0.523642],[-0.107726,-0.512443,0.851937]],[[0.95188,-0.277983,0.129035],[0.274178,0.584296,-0.763822],[0.136935,0.762445,0.632397]],[[0.95188,-0.277983,0.129035],[-0.0210758,-0.479412,-0.877337],[0.305746,0.8324,-0.462202]],[[0.95188,-0.277983,0.129035],[-0.165127,-0.819893,-0.548187],[0.258182,0.500501,-0.826342]]],"btipPosition":[77.6035,284.071,27.8824],"carpPosition":[86.6272,306.219,76.3492],"dipPosition":[82.0528,292.696,13.6419],"direction":[-0.305746,-0.8324,0.462202],"extended":false,"handId":478,"id":4784,"length":50.4999,"mcpPosition":[92.8724,335.927,26.96],"pipPosition":[88.0315,308.974,4.60374],"stabilizedTipPosition":[84.929,270.029,74.164],"timeVisible":0.397595,"tipPosition":[78.3976,285.911,24.7956],"tipVelocity":[-0.628449,-11.3772,-157.765],"tool":false,"touchDistance":0.333333,"touchZone":"none","type":4,"width":16.054}],"r":[[0.983375,-0.180316,0.0214306],[0.180679,0.983406,-0.0163653],[-0.0181241,0.0199653,0.999636]],"s":0.88365,"t":[-24.2933,82.3973,-123.609],"timestamp":521825449785},false],[5,{"currentFrameRate":106.842,"devices":[],"gestures":[],"hands":[{"armBasis":[[0.883934,0.373537,-0.281303],[-0.187072,0.833817,0.519377],[0.428562,-0.406471,0.806918]],"armWidth":63.7064,"confidence":0.880219,"direction":[-0.166172,0.556135,-0.81431],"elbow":[188.973,185.811,298.813],"grabStrength":0,"id":478,"palmNormal":[0.175584,-0.795907,-0.579398],"palmPosition":[57.678,320.298,34.7896],"palmVelocity":[-0.779557,-19.087,-179.061],"palmWidth":90.9705,"pinchStrength":0.577745,"r":[[0.982953,-0.18241,0.0230233],[0.182809,0.983009,-0.0165729],[-0.019609,0.0204993,0.999598]],"s":0.883814,"sphereCenter":[63.7891,293.397,-6.72931],"sphereRadius":47.6537,"stabilizedPalmPosition":[63.7004,302.417,89.1394],"t":[-24.2809,82.0871,-125.262],"timeVisible":0.406549,"type":"right","wrist":[73.286,295.534,80.9916]}],"id":4142341,"interactionBox":{"center":[0,200,0],"size":[235.247,235.247,147.751]},"pointables":[{"bases":[[[0.200989,0.916678,0.345404],[-0.794595,-0.0536537,0.604764],[0.572906,-0.396008,0.717605]],[[-0.00222097,0.996338,0.0854753],[-0.814713,-0.0513668,0.577584],[0.579859,-0.0683551,0.811844]],[[-0.00222097,0.996338,0.0854753],[-0.978597,-0.0197541,0.204835],[0.205774,-0.083191,0.975057]],[[-0.00222097,0.996338,0.0854753],[-0.674168,0.0616384,-0.736002],[-0.738575,-0.0592593,0.671562]]],"btipPosition":[29.422,285.852,-10.9605],"carpPosition":[48.0939,278.218,78.5078],"dipPosition":[12.1404,284.466,4.75311],"direction":[-0.205774,0.083191,-0.975057],"extended":false,"handId":478,"id":4780,"length":52.1052,"mcpPosition":[48.0939,278.218,78.5078],"pipPosition":[19.1549,281.63,37.9912],"stabilizedTipPosition":[28.0043,266.351,56.4647],"timeVisible":0.406549,"tipPosition":[24.5906,286.545,-7.26763],"tipVelocity":[11.4463,-25.8017,-184.862],"tool":false,"touchDistance":-0.496217,"touchZone":"hovering","type":0,"width":20.2457},{"bases":[[[0.928663,0.329239,-0.170842],[-0.222109,0.862469,0.454769],[0.297074,-0.384382,0.87407]],[[0.955439,0.285533,-0.0748765],[-0.269097,0.94677,0.176673],[0.121337,-0.148652,0.981417]],[[0.955439,0.285533,-0.0748765],[-0.283386,0.958248,0.0381162],[0.0826337,-0.0151988,0.996464]],[[0.955439,0.285533,-0.0748765],[-0.290291,0.954871,-0.06287],[0.0535459,0.0818044,0.995209]]],"btipPosition":[20.7338,335.284,-66.6823],"carpPosition":[50.7081,301.657,80.8438],"dipPosition":[21.6485,336.682,-49.6822],"direction":[-0.0826337,0.0151988,-0.996464],"extended":true,"handId":478,"id":4781,"length":58.7949,"mcpPosition":[28.8572,329.929,16.5526],"pipPosition":[23.6454,336.315,-25.6024],"stabilizedTipPosition":[21.699,312.377,-5.33301],"timeVisible":0.406549,"tipPosition":[20.8435,334.76,-62.727],"tipVelocity":[14.653,19.8272,-183.43],"tool":false,"touchDistance":-0.52181,"touchZone":"hovering","type":1,"width":19.3387},{"bases":[[[0.984427,0.122394,-0.126188],[-0.0553342,0.897066,0.438419],[0.166859,-0.424609,0.889868]],[[0.983215,0.125411,-0.132513],[-0.182149,0.63313,-0.752308],[-0.0104497,0.763818,0.645347]],[[0.983215,0.125411,-0.132513],[-0.0611014,-0.458025,-0.886837],[-0.171913,0.880048,-0.442675]],[[0.983215,0.125411,-0.132513],[0.035154,-0.842913,-0.536901],[-0.17903,0.523231,-0.833173]]],"btipPosition":[58.5803,265.319,14.0911],"carpPosition":[61.4646,307.361,79.0225],"dipPosition":[55.2167,275.15,-1.5625],"direction":[0.171913,-0.880048,0.442675],"extended":false,"handId":478,"id":4782,"length":66.9921,"mcpPosition":[49.8256,336.978,16.9514],"pipPosition":[50.3292,300.17,-14.1479],"stabilizedTipPosition":[64.9306,253.154,60.4586],"timeVisible":0.406549,"tipPosition":[57.8159,267.429,10.9935],"tipVelocity":[-12.0523,-19.3404,-184.371],"tool":false,"touchDistance":0.333333,"touchZone":"none","type":2,"width":18.9931},{"bases":[[[0.999603,-0.00939955,-0.0265498],[0.0204873,0.889525,0.456427],[0.0193265,-0.45679,0.889365]],[[0.998822,0.00187888,-0.0484952],[-0.0394768,0.612687,-0.789339],[0.0282293,0.790324,0.612039]],[[0.998822,0.00187888,-0.0484952],[-0.0413729,-0.48938,-0.871089],[-0.0253692,0.872069,-0.488725]],[[0.998822,0.00187888,-0.0484952],[-0.0235396,-0.855082,-0.517959],[-0.0424405,0.51849,-0.85403]]],"btipPosition":[72.3338,269.477,23.5963],"carpPosition":[73.3097,310.012,77.145],"dipPosition":[71.541,279.163,7.64304],"direction":[0.0253692,-0.872069,0.488725],"extended":false,"handId":478,"id":4783,"length":64.4147,"mcpPosition":[72.0994,338.619,21.4471],"pipPosition":[70.8384,303.316,-5.89274],"stabilizedTipPosition":[81.1222,253.859,76.6219],"timeVisible":0.406549,"tipPosition":[72.183,271.679,20.6899],"tipVelocity":[-11.7589,-23.7333,-178.279],"tool":false,"touchDistance":0.333333,"touchZone":"none","type":3,"width":18.0732},{"bases":[[[0.977904,-0.20905,0.00151538],[0.177339,0.83336,0.523509],[-0.110702,-0.511673,0.852019]],[[0.950489,-0.282964,0.128463],[0.276855,0.583291,-0.763625],[0.141147,0.761383,0.632751]],[[0.950489,-0.282964,0.128463],[-0.0239068,-0.478742,-0.87763],[0.309838,0.831106,-0.461803]],[[0.950489,-0.282964,0.128463],[-0.169635,-0.8188,-0.548443],[0.260375,0.499497,-0.826261]]],"btipPosition":[77.4213,283.494,25.8155],"carpPosition":[86.5392,305.607,74.3088],"dipPosition":[81.9083,292.102,11.5765],"direction":[-0.309838,-0.831106,0.461803],"extended":false,"handId":478,"id":4784,"length":50.4999,"mcpPosition":[92.9569,335.27,24.9149],"pipPosition":[87.9671,308.354,2.5461],"stabilizedTipPosition":[84.9272,270.033,74.1491],"timeVisible":0.406549,"tipPosition":[78.2201,285.337,22.735],"tipVelocity":[-5.75492,-26.0193,-177.73],"tool":false,"touchDistance":0.333333,"touchZone":"none","type":4,"width":16.054}],"r":[[0.982953,-0.18241,0.0230233],[0.182809,0.983009,-0.0165729],[-0.019609,0.0204993,0.999598]],"s":0.883814,"t":[-24.2809,82.0871,-125.262],"timestamp":521825458739},false],[6,{"currentFrameRate":106.905,"devices":[],"gestures":[],"hands":[{"armBasis":[[0.884816,0.368798,-0.28476],[-0.18251,0.836642,0.51645],[0.428708,-0.404991,0.807584]],"armWidth":63.7064,"confidence":0.880508,"direction":[-0.161903,0.559845,-0.812626],"elbow":[188.924,185.82,297.567],"grabStrength":0,"id":478,"palmNormal":[0.170362,-0.795269,-0.581829],"palmPosition":[57.7853,320.162,33.4347],"palmVelocity":[2.70129,-17.8692,-169.962],"palmWidth":90.9705,"pinchStrength":0.58282,"r":[[0.982352,-0.18546,0.0242777],[0.185875,0.982442,-0.0160962],[-0.0208662,0.0203248,0.999576]],"s":0.883802,"sphereCenter":[63.7946,293.381,-8.17445],"sphereRadius":47.6589,"stabilizedPalmPosition":[63.6991,302.421,89.1268],"t":[-24.221,81.8639,-126.767],"timeVisible":0.415788,"type":"right","wrist":[73.1981,295.145,79.5657]}],"id":4142342,"interactionBox":{"center":[0,200,0],"size":[235.247,235.247,147.751]},"pointables":[{"bases":[[[0.207157,0.914167,0.348402],[-0.795255,-0.0500601,0.604205],[0.569786,-0.402233,0.716626]],[[0.00391534,0.99614,0.0876863],[-0.816792,-0.047403,0.574982],[0.57692,-0.0738727,0.813454]],[[0.00391534,0.99614,0.0876863],[-0.978806,-0.0141368,0.204303],[0.204754,-0.0866278,0.974973]],[[0.00391534,0.99614,0.0876863],[-0.670399,0.0676782,-0.738908],[-0.74199,-0.0558918,0.668077]]],"btipPosition":[29.4774,285.959,-12.4493],"carpPosition":[47.8879,278.012,77.0149],"dipPosition":[12.1159,284.651,3.18272],"direction":[-0.204754,0.0866278,-0.974973],"extended":false,"handId":478,"id":4780,"length":52.1052,"mcpPosition":[47.8879,278.012,77.0149],"pipPosition":[19.0956,281.698,36.4179],"stabilizedTipPosition":[28.0041,266.353,56.46],"timeVisible":0.415788,"tipPosition":[24.6334,286.65,-8.76575],"tipVelocity":[9.35676,-14.7608,-178.774],"tool":false,"touchDistance":-0.497543,"touchZone":"hovering","type":0,"width":20.2457},{"bases":[[[0.931007,0.323337,-0.169348],[-0.216362,0.862544,0.457389],[0.293961,-0.389192,0.872993]],[[0.957504,0.278983,-0.0731724],[-0.26223,0.947709,0.181887],[0.120089,-0.154969,0.980593]],[[0.957504,0.278983,-0.0731724],[-0.276418,0.960061,0.043319],[0.0823352,-0.0212519,0.996378]],[[0.957504,0.278983,-0.0731724],[-0.283336,0.957276,-0.0578241],[0.0539142,0.0760991,0.995642]]],"btipPosition":[20.9723,335.92,-67.9905],"carpPosition":[50.6631,301.424,79.4263],"dipPosition":[21.8933,337.22,-50.983],"direction":[-0.0823352,0.0212519,-0.996378],"extended":true,"handId":478,"id":4781,"length":58.7949,"mcpPosition":[29.0412,330.05,15.2143],"pipPosition":[23.8829,336.707,-26.9053],"stabilizedTipPosition":[21.6988,312.388,-5.36126],"timeVisible":0.415788,"tipPosition":[21.0937,335.359,-64.0442],"tipVelocity":[17.8306,32.9011,-171.634],"tool":false,"touchDistance":-0.51756,"touchZone":"hovering","type":1,"width":19.3387},{"bases":[[[0.985315,0.115971,-0.125322],[-0.0493428,0.896037,0.441229],[0.163463,-0.428566,0.888601]],[[0.984094,0.119098,-0.13181],[-0.177572,0.637906,-0.749363],[-0.00516533,0.760849,0.648908]],[[0.984094,0.119098,-0.13181],[-0.0642401,-0.453187,-0.889098],[-0.165625,0.883423,-0.438328]],[[0.984094,0.119098,-0.13181],[0.0293063,-0.840654,-0.54078],[-0.175213,0.528315,-0.830773]]],"btipPosition":[58.3073,265.245,12.445],"carpPosition":[61.4598,307.059,77.6283],"dipPosition":[55.0154,275.171,-3.1635],"direction":[0.165625,-0.883423,0.438328],"extended":false,"handId":478,"id":4782,"length":66.9921,"mcpPosition":[50.0577,336.952,15.6456],"pipPosition":[50.3067,300.287,-15.6253],"stabilizedTipPosition":[64.9285,253.158,60.4444],"timeVisible":0.415788,"tipPosition":[57.5616,267.38,9.37624],"tipVelocity":[-16.4638,-15.5028,-182.315],"tool":false,"touchDistance":0.333333,"touchZone":"none","type":2,"width":18.9931},{"bases":[[[0.999528,-0.0162396,-0.0260941],[0.0264155,0.887914,0.45925],[0.0157113,-0.459722,0.887924]],[[0.998826,-0.0047804,-0.0482089],[-0.0350243,0.616257,-0.786766],[0.0334701,0.78753,0.615366]],[[0.998826,-0.0047804,-0.0482089],[-0.0444706,-0.485225,-0.873258],[-0.0192176,0.874376,-0.484867]],[[0.998826,-0.0047804,-0.0482089],[-0.0292532,-0.852731,-0.521531],[-0.0386161,0.522329,-0.851869]]],"btipPosition":[72.0985,269.272,22.0106],"carpPosition":[73.324,309.634,75.7649],"dipPosition":[71.3772,279.029,6.09772],"direction":[0.0192176,-0.874376,0.484867],"extended":false,"handId":478,"id":4783,"length":64.4147,"mcpPosition":[72.34,338.425,20.1572],"pipPosition":[70.8449,303.246,-7.3312],"stabilizedTipPosition":[81.1202,253.863,76.6093],"timeVisible":0.415788,"tipPosition":[71.9611,271.49,19.1125],"tipVelocity":[-15.1075,-22.8093,-176.13],"tool":false,"touchDistance":0.333333,"touchZone":"none","type":3,"width":18.0732},{"bases":[[[0.976432,-0.215823,0.00132851],[0.182841,0.830452,0.52623],[-0.114676,-0.513585,0.850341]],[[0.948683,-0.2895,0.127241],[0.28056,0.584899,-0.761038],[0.145897,0.757682,0.636106]],[[0.948683,-0.2895,0.127241],[-0.0268654,-0.474699,-0.879738],[0.315085,0.831175,-0.458116]],[[0.948683,-0.2895,0.127241],[-0.174865,-0.81551,-0.551694],[0.263481,0.501133,-0.824284]]],"btipPosition":[77.3124,283.245,24.3004],"carpPosition":[86.524,305.146,72.9212],"dipPosition":[81.853,291.881,10.0955],"direction":[-0.315085,-0.831175,0.458116],"extended":false,"handId":478,"id":4784,"length":50.4999,"mcpPosition":[93.1721,334.92,23.6246],"pipPosition":[88.0144,308.134,1.13717],"stabilizedTipPosition":[84.9257,270.037,74.1373],"timeVisible":0.415788,"tipPosition":[78.1187,285.102,21.2403],"tipVelocity":[-7.07312,-26.0708,-173.634],"tool":false,"touchDistance