{"sensorType":"Leap","data":[[0,{"currentFrameRate":104.613,"devices":[],"gestures":[],"hands":[{"armBasis":[[0.881772,0.38438,-0.273368],[-0.202109,0.83157,0.517342],[0.426181,-0.400928,0.810942]],"armWidth":63.7064,"confidence":0.833123,"direction":[-0.232735,0.656012,-0.717971],"elbow":[189.322,175.471,297.594],"grabStrength":0,"id":475,"palmNormal":[0.15447,-0.703937,-0.693262],"palmPosition":[55.0621,314,37.4061],"palmVelocity":[-3.43749,94.41,-188.885],"palmWidth":90.9705,"pinchStrength":0.343828,"r":[[0.996838,0.0580028,-0.0543154],[-0.0435104,0.970363,0.237703],[0.0664931,-0.234588,0.969818]],"s":0.844413,"sphereCenter":[64.051,293.64,-8.65142],"sphereRadius":49.6352,"stabilizedPalmPosition":[63.0082,280.688,92.0388],"t":[-29.8465,123.596,-167.33],"timeVisible":0.424694,"type":"right","wrist":[74.2777,283.698,78.6862]}],"id":4141184,"interactionBox":{"center":[0,200,0],"size":[235.247,235.247,147.751]},"pointables":[{"bases":[[[0.202803,0.867183,0.454824],[-0.751011,-0.160314,0.640532],[0.628373,-0.47148,0.618752]],[[0.0387684,0.957698,0.285151],[-0.75348,-0.159416,0.637851],[0.656326,-0.239584,0.715427]],[[0.0387684,0.957698,0.285151],[-0.965912,-0.037178,0.256188],[0.255952,-0.285363,0.923611]],[[0.0387684,0.957698,0.285151],[-0.927057,0.140968,-0.34741],[-0.372911,-0.250883,0.893306]]],"btipPosition":[16.6198,293.648,-12.653],"carpPosition":[49.3744,266.093,75.4382],"dipPosition":[7.89425,287.778,8.24912],"direction":[-0.255952,0.285363,-0.923611],"extended":false,"handId":475,"id":4750,"length":52.1052,"mcpPosition":[49.3744,266.093,75.4382],"pipPosition":[16.6192,278.05,39.7335],"stabilizedTipPosition":[15.3738,262.977,42.9074],"timeVisible":0.424694,"tipPosition":[13.6269,293.349,-7.2039],"tipVelocity":[29.3864,88.3773,-216.562],"tool":false,"touchDistance":-0.604621,"touchZone":"hovering","type":0,"width":20.2457},{"bases":[[[0.907486,0.378533,-0.182158],[-0.210711,0.7853,0.582156],[0.363414,-0.489916,0.79241]],[[0.952409,0.299106,-0.0587553],[-0.26343,0.904627,0.335045],[0.153366,-0.303622,0.940368]],[[0.952409,0.299106,-0.0587553],[-0.282523,0.938551,0.198249],[0.114442,-0.172214,0.978389]],[[0.952409,0.299106,-0.0587553],[-0.292805,0.951294,0.0964616],[0.0847458,-0.0746671,0.993601]]],"btipPosition":[14.0763,343.582,-58.4863],"carpPosition":[51.6075,289.068,80.8059],"dipPosition":[15.5239,342.306,-41.5137],"direction":[-0.114442,0.172214,-0.978389],"extended":true,"handId":475,"id":4751,"length":58.7949,"mcpPosition":[24.877,325.103,22.5212],"pipPosition":[18.2895,338.145,-17.8707],"stabilizedTipPosition":[13.3432,317.73,-10.1663],"timeVisible":0.424694,"tipPosition":[13.9485,344.726,-54.0435],"tipVelocity":[35.3748,86.0705,-203.094],"tool":false,"touchDistance":-0.602778,"touchZone":"hovering","type":1,"width":19.3387},{"bases":[[[0.970777,0.169405,-0.169983],[-0.046226,0.827043,0.560235],[0.235489,-0.536005,0.810705]],[[0.974063,0.161679,-0.158306],[-0.226171,0.71704,-0.659319],[0.00691367,0.678022,0.735009]],[[0.974063,0.161679,-0.158306],[-0.0874201,-0.376404,-0.922322],[-0.208707,0.912239,-0.352507]],[[0.974063,0.161679,-0.158306],[0.0331695,-0.794081,-0.606907],[-0.223832,0.585915,-0.778847]]],"btipPosition":[55.4661,263.074,11.7972],"carpPosition":[62.0864,295.303,79.1117],"dipPosition":[51.2607,274.082,-2.83577],"direction":[0.208707,-0.912239,0.352507],"extended":false,"handId":475,"id":4752,"length":66.9921,"mcpPosition":[45.6603,332.691,22.5625],"pipPosition":[45.3271,300.017,-12.8577],"stabilizedTipPosition":[54.8897,261.944,14.2338],"timeVisible":0.424694,"tipPosition":[54.5668,265.672,9.07478],"tipVelocity":[-23.8764,84.6839,-148.2],"tool":false,"touchDistance":0.333333,"touchZone":"none","type":2,"width":18.9931},{"bases":[[[0.995554,0.0258497,-0.0905738],[0.0307802,0.819525,0.572217],[0.0890191,-0.572461,0.815085]],[[0.992918,0.0406507,-0.11163],[-0.107678,0.704926,-0.70106],[0.0501923,0.708115,0.704311]],[[0.992918,0.0406507,-0.11163],[-0.0837788,-0.426616,-0.900544],[-0.084231,0.903519,-0.420189]],[[0.992918,0.0406507,-0.11163],[-0.0292361,-0.827129,-0.561251],[-0.115148,0.56054,-0.820083]]],"btipPosition":[70.3834,267.283,21.3226],"carpPosition":[73.7167,298.558,76.8735],"dipPosition":[68.2325,277.753,6.00341],"direction":[0.084231,-0.903519,0.420189],"extended":false,"handId":475,"id":4753,"length":64.4147,"mcpPosition":[68.1417,334.409,25.8274],"pipPosition":[65.8996,302.777,-5.63418],"stabilizedTipPosition":[73.5511,244.081,69.7374],"timeVisible":0.424694,"tipPosition":[69.8553,270.431,18.1004],"tipVelocity":[-37.2471,79.8066,-231.119],"tool":false,"touchDistance":0.333333,"touchZone":"none","type":3,"width":18.0732},{"bases":[[[0.980303,-0.176347,-0.0889212],[0.192993,0.759752,0.620911],[-0.0419378,-0.625842,0.778821]],[[0.968226,-0.250027,0.00498858],[0.182924,0.694484,-0.695867],[0.170521,0.674669,0.718153]],[[0.968226,-0.250027,0.00498858],[-0.102879,-0.41642,-0.903333],[0.227935,0.874117,-0.428911]],[[0.968226,-0.250027,0.00498858],[-0.204766,-0.804087,-0.558136],[0.14356,0.53938,-0.829735]]],"btipPosition":[76.2953,281.04,24.7775],"carpPosition":[86.8235,294.998,72.6298],"dipPosition":[78.7693,290.336,10.4786],"direction":[-0.227935,-0.874117,0.428911],"extended":false,"handId":475,"id":4754,"length":50.4999,"mcpPosition":[89.2547,331.279,27.4793],"pipPosition":[83.2265,307.429,2.09143],"stabilizedTipPosition":[84.9838,256.852,68.4434],"timeVisible":0.424694,"tipPosition":[77.4929,284.37,21.2462],"tipVelocity":[-30.8865,70.0927,-201.625],"tool":false,"touchDistance":0.333333,"touchZone":"none","type":4,"width":16.054}],"r":[[0.996838,0.0580028,-0.0543154],[-0.0435104,0.970363,0.237703],[0.0664931,-0.234588,0.969818]],"s":0.844413,"t":[-29.8465,123.596,-167.33],"timestamp":521813313109},false],[1,{"currentFrameRate":104.802,"devices":[],"gestures":[],"hands":[{"armBasis":[[0.883466,0.383213,-0.269509],[-0.202985,0.831567,0.517004],[0.422237,-0.402049,0.812448]],"armWidth":63.7064,"confidence":0.837243,"direction":[-0.230005,0.656558,-0.718352],"elbow":[188.136,175.625,297.161],"grabStrength":0,"id":475,"palmNormal":[0.155958,-0.703735,-0.693134],"palmPosition":[55.0914,314.494,36.5239],"palmVelocity":[-1.58656,83.0363,-162.928],"palmWidth":90.9705,"pinchStrength":0.361963,"r":[[0.99719,0.05334,-0.0525937],[-0.0393102,0.970291,0.238727],[0.0637648,-0.235989,0.969661]],"s":0.83931,"sphereCenter":[64.3661,294.076,-9.55109],"sphereRadius":49.5884,"stabilizedPalmPosition":[62.884,281.219,91.1675],"t":[-29.8339,124.207,-168.47],"timeVisible":0.433883,"type":"right","wrist":[74.1563,284.155,77.8471]}],"id":4141185,"interactionBox":{"center":[0,200,0],"size":[235.247,235.247,147.751]},"pointables":[{"bases":[[[0.202173,0.866789,0.455854],[-0.753078,-0.159978,0.638185],[0.626098,-0.472318,0.620416]],[[0.0364957,0.958337,0.283299],[-0.759289,-0.157721,0.631351],[0.649729,-0.238147,0.721899]],[[0.0364957,0.958337,0.283299],[-0.965991,-0.0387865,0.255649],[0.255986,-0.282994,0.92433]],[[0.0364957,0.958337,0.283299],[-0.920917,0.142332,-0.362841],[-0.388046,-0.247652,0.887743]]],"btipPosition":[17.1755,293.9,-13.7931],"carpPosition":[49.2479,266.573,74.5155],"dipPosition":[8.09574,288.105,6.97889],"direction":[-0.255986,0.282994,-0.92433],"extended":false,"handId":475,"id":4750,"length":52.1052,"mcpPosition":[49.2479,266.573,74.5155],"pipPosition":[16.8219,278.458,38.4877],"stabilizedTipPosition":[15.3704,263.327,42.2944],"timeVisible":0.433883,"tipPosition":[14.0822,293.623,-8.37236],"tipVelocity":[35.5948,71.8738,-191.625],"tool":false,"touchDistance":-0.590043,"touchZone":"hovering","type":0,"width":20.2457},{"bases":[[[0.908356,0.37784,-0.179236],[-0.211793,0.785199,0.581898],[0.3606,-0.49061,0.793265]],[[0.95248,0.299206,-0.0570692],[-0.264954,0.906265,0.329368],[0.150269,-0.298596,0.942475]],[[0.95248,0.299206,-0.0570692],[-0.283891,0.939906,0.189689],[0.110396,-0.164474,0.980184]],[[0.95248,0.299206,-0.0570692],[-0.293896,0.951966,0.0859393],[0.0800415,-0.0650831,0.994665]]],"btipPosition":[14.4713,343.542,-59.6061],"carpPosition":[51.4844,289.544,79.9011],"dipPosition":[15.8386,342.43,-42.6153],"direction":[-0.110396,0.164474,-0.980184],"extended":true,"handId":475,"id":4751,"length":58.7949,"mcpPosition":[24.9609,325.63,21.5534],"pipPosition":[18.5063,338.456,-18.9289],"stabilizedTipPosition":[13.3638,318.095,-10.8157],"timeVisible":0.433883,"tipPosition":[14.3638,344.763,-55.1697],"tipVelocity":[36.9401,61.947,-180.267],"tool":false,"touchDistance":-0.587568,"touchZone":"hovering","type":1,"width":19.3387},{"bases":[[[0.97143,0.168653,-0.166971],[-0.0472067,0.826812,0.560494],[0.232582,-0.536599,0.811152]],[[0.974675,0.160918,-0.155288],[-0.223501,0.724196,-0.652371],[0.00748032,0.670557,0.741821]],[[0.974675,0.160918,-0.155288],[-0.086614,-0.368558,-0.925561],[-0.206172,0.915571,-0.345286]],[[0.974675,0.160918,-0.155288],[0.0334983,-0.791631,-0.61008],[-0.221103,0.589428,-0.776974]]],"btipPosition":[55.4056,263.781,10.3271],"carpPosition":[61.9738,295.77,78.2415],"dipPosition":[51.2515,274.856,-4.27069],"direction":[0.206172,-0.915571,0.345286],"extended":false,"handId":475,"id":4752,"length":66.9921,"mcpPosition":[45.7504,333.2,21.6611],"pipPosition":[45.39,300.886,-14.0873],"stabilizedTipPosition":[54.8535,262.305,13.6343],"timeVisible":0.433883,"tipPosition":[54.5517,266.319,7.73875],"tipVelocity":[-18.6855,83.006,-151.248],"tool":false,"touchDistance":0.333333,"touchZone":"none","type":2,"width":18.9931},{"bases":[[[0.995845,0.0250378,-0.0875571],[0.0297565,0.819222,0.572704],[0.0860679,-0.57293,0.815073]],[[0.993263,0.0399616,-0.108771],[-0.105338,0.702532,-0.703813],[0.0482894,0.710529,0.702009]],[[0.993263,0.0399616,-0.108771],[-0.0812561,-0.429028,-0.899629],[-0.0826163,0.902407,-0.422891]],[[0.993263,0.0399616,-0.108771],[-0.0280556,-0.827798,-0.560324],[-0.112432,0.559601,-0.821101]]],"btipPosition":[70.4546,267.711,20.6865],"carpPosition":[73.6135,299.016,76.0399],"dipPosition":[68.3544,278.164,5.34835],"direction":[0.0826163,-0.902407,0.422891],"extended":false,"handId":475,"id":4753,"length":64.4147,"mcpPosition":[68.2234,334.897,24.9947],"pipPosition":[66.0663,303.157,-6.36406],"stabilizedTipPosition":[73.5306,244.229,69.4367],"timeVisible":0.433883,"tipPosition":[69.9281,270.837,17.3609],"tipVelocity":[-24.3176,70.4089,-186.008],"tool":false,"touchDistance":0.333333,"touchZone":"none","type":3,"width":18.0732},{"bases":[[[0.980416,-0.177147,-0.0860486],[0.191771,0.759286,0.621859],[-0.0448247,-0.626182,0.778387]],[[0.967846,-0.2514,0.00849026],[0.187539,0.698674,-0.690423],[0.16764,0.669815,0.723356]],[[0.967846,-0.2514,0.00849026],[-0.097975,-0.407844,-0.90778],[0.231678,0.877759,-0.419362]],[[0.967846,-0.2514,0.00849026],[-0.202446,-0.798529,-0.566892],[0.149296,0.546945,-0.823748]]],"btipPosition":[76.299,281.479,23.5331],"carpPosition":[86.73,295.447,71.8341],"dipPosition":[78.8719,290.905,9.33739],"direction":[-0.231678,-0.877759,0.419362],"extended":false,"handId":475,"id":4754,"length":50.4999,"mcpPosition":[89.3286,331.748,26.7088],"pipPosition":[83.4022,308.069,1.13694],"stabilizedTipPosition":[84.9148,257.081,68.0324],"timeVisible":0.433883,"tipPosition":[77.4744,284.74,20.1897],"tipVelocity":[-21.4511,64.7659,-182.403],"tool":false,"touchDistance":0.333333,"touchZone":"none","type":4,"width":16.054}],"r":[[0.99719,0.05334,-0.0525937],[-0.0393102,0.970291,0.238727],[0.0637648,-0.235989,0.969661]],"s":0.83931,"t":[-29.8339,124.207,-168.47],"timestamp":521813322298},false],[2,{"currentFrameRate":105.156,"devices":[],"gestures":[],"hands":[{"armBasis":[[0.883314,0.381849,-0.271934],[-0.200327,0.831922,0.517469],[0.423823,-0.402612,0.811343]],"armWidth":63.7064,"confidence":0.84246,"direction":[-0.227931,0.657534,-0.71812],"elbow":[188.6,175.739,296.151],"grabStrength":0,"id":475,"palmNormal":[0.153741,-0.703978,-0.693382],"palmPosition":[55.2229,314.833,35.8232],"palmVelocity":[2.86498,70.9498,-140.254],"palmWidth":90.9705,"pinchStrength":0.372891,"r":[[0.997486,0.0489819,-0.0512157],[-0.0353399,0.970223,0.239621],[0.0614278,-0.237208,0.969515]],"s":0.834792,"sphereCenter":[64.5302,294.368,-10.2603],"sphereRadius":49.5484,"stabilizedPalmPosition":[62.7757,281.694,90.3856],"t":[-29.7618,124.682,-169.39],"timeVisible":0.442734,"type":"right","wrist":[74.1919,284.421,77.1357]}],"id":4141186,"interactionBox":{"center":[0,200,0],"size":[235.247,235.247,147.751]},"pointables":[{"bases":[[[0.204903,0.865986,0.456161],[-0.753581,-0.157829,0.638127],[0.624604,-0.474509,0.620251]],[[0.0386461,0.958433,0.282689],[-0.762785,-0.154452,0.627936],[0.645496,-0.239898,0.725109]],[[0.0386461,0.958433,0.282689],[-0.965936,-0.0366106,0.256177],[0.255878,-0.28296,0.92437]],[[0.0386461,0.958433,0.282689],[-0.915603,0.147272,-0.374141],[-0.400221,-0.244372,0.883236]]],"btipPosition":[17.6557,294.254,-14.5669],"carpPosition":[49.2282,266.918,73.7978],"dipPosition":[8.29105,288.536,6.09956],"direction":[-0.255878,0.28296,-0.92437],"extended":false,"handId":475,"id":4750,"length":52.1052,"mcpPosition":[49.2282,266.918,73.7978],"pipPosition":[17.0135,278.891,37.6098],"stabilizedTipPosition":[15.3718,263.64,41.7427],"timeVisible":0.442734,"tipPosition":[14.4632,293.944,-9.18869],"tipVelocity":[38.6419,63.799,-164.16],"tool":false,"touchDistance":-0.571344,"touchZone":"hovering","type":0,"width":20.2457},{"bases":[[[0.909544,0.375039,-0.1791],[-0.209319,0.785657,0.582175],[0.359049,-0.492025,0.793092]],[[0.953134,0.296933,-0.058022],[-0.262917,0.907798,0.326768],[0.149701,-0.296199,0.943322]],[[0.953134,0.296933,-0.058022],[-0.282002,0.941382,0.185133],[0.109593,-0.160095,0.980999]],[[0.953134,0.296933,-0.058022],[-0.292038,0.953054,0.0800096],[0.0790556,-0.0593152,0.995104]]],"btipPosition":[14.6988,343.675,-60.3666],"carpPosition":[51.5371,289.88,79.1915],"dipPosition":[16.0492,342.661,-43.3683],"direction":[-0.109593,0.160095,-0.980999],"extended":true,"handId":475,"id":4751,"length":58.7949,"mcpPosition":[25.1277,326.07,20.8565],"pipPosition":[18.6975,338.793,-19.6622],"stabilizedTipPosition":[13.3834,318.397,-11.3595],"timeVisible":0.442734,"tipPosition":[14.631,344.91,-55.9481],"tipVelocity":[33.7784,49.9283,-154.672],"tool":false,"touchDistance":-0.568525,"touchZone":"hovering","type":1,"width":19.3387},{"bases":[[[0.971958,0.165649,-0.166908],[-0.0446024,0.826758,0.560786],[0.230886,-0.537616,0.810963]],[[0.97516,0.157945,-0.155296],[-0.221258,0.727538,-0.64941],[0.0104126,0.667639,0.744412]],[[0.97516,0.157945,-0.155296],[-0.08832,-0.365701,-0.926532],[-0.203133,0.917233,-0.342667]],[[0.97516,0.157945,-0.155296],[0.0308664,-0.791158,-0.610832],[-0.219341,0.590865,-0.776381]]],"btipPosition":[55.3353,264.222,9.42244],"carpPosition":[62.046,296.074,77.5341],"dipPosition":[51.2144,275.323,-5.16419],"direction":[0.203133,-0.917233,0.342667],"extended":false,"handId":475,"id":4752,"length":66.9921,"mcpPosition":[45.941,333.574,20.967],"pipPosition":[45.4392,301.401,-14.9063],"stabilizedTipPosition":[54.8214,262.613,13.1138],"timeVisible":0.442734,"tipPosition":[54.4971,266.732,6.8494],"tipVelocity":[-15.5427,74.205,-137.894],"tool":false,"touchDistance":0.333333,"touchZone":"none","type":2,"width":18.9931},{"bases":[[[0.995919,0.0219295,-0.0875456],[0.0323365,0.818921,0.572994],[0.0842584,-0.573487,0.81487]],[[0.993373,0.0369291,-0.108839],[-0.103258,0.702618,-0.704036],[0.0504729,0.710609,0.701775]],[[0.993373,0.0369291,-0.108839],[-0.0826235,-0.428823,-0.899602],[-0.0798942,0.902634,-0.42293]],[[0.993373,0.0369291,-0.108839],[-0.0306494,-0.827567,-0.56053],[-0.110772,0.560151,-0.820951]]],"btipPosition":[70.4465,267.993,20.0018],"carpPosition":[73.696,299.284,75.3337],"dipPosition":[68.3773,278.457,4.66639],"direction":[0.0798942,-0.902633,0.42293],"extended":false,"handId":475,"id":4753,"length":64.4147,"mcpPosition":[68.4191,335.199,24.3012],"pipPosition":[66.1645,303.456,-7.04711],"stabilizedTipPosition":[73.5134,244.356,69.1804],"timeVisible":0.442734,"tipPosition":[69.9278,271.106,16.6584],"tipVelocity":[-17.7656,60.0537,-156.577],"tool":false,"touchDistance":0.333333,"touchZone":"none","type":3,"width":18.0732},{"bases":[[[0.979853,-0.180206,-0.0861086],[0.194161,0.758458,0.622128],[-0.0468013,-0.626313,0.778166]],[[0.967036,-0.254499,0.00846467],[0.189661,0.697691,-0.690837],[0.169911,0.66967,0.722961]],[[0.967036,-0.254499,0.00846467],[-0.0992322,-0.407256,-0.907907],[0.234509,0.877139,-0.419086]],[[0.967036,-0.254499,0.00846467],[-0.204841,-0.797236,-0.567851],[0.151266,0.547399,-0.823088]]],"btipPosition":[76.3152,281.724,22.8358],"carpPosition":[86.8011,295.674,71.1267],"dipPosition":[78.922,291.158,8.65142],"direction":[-0.234509,-0.877139,0.419086],"extended":false,"handId":475,"id":4754,"length":50.4999,"mcpPosition":[89.5144,331.984,26.0142],"pipPosition":[83.5077,308.31,0.456354],"stabilizedTipPosition":[84.8602,257.264,67.7014],"timeVisible":0.442734,"tipPosition":[77.4911,284.969,19.4909],"tipVelocity":[-14.9104,54.7725,-154.273],"tool":false,"touchDistance":0.333333,"touchZone":"none","type":4,"width":16.054}],"r":[[0.997486,0.0489819,-0.0512157],[-0.0353399,0.970223,0.239621],[0.0614278,-0.237208,0.969515]],"s":0.834792,"t":[-29.7618,124.682,-169.39],"timestamp":521813331149},false],[3,{"currentFrameRate":105.372,"devices":[],"gestures":[],"hands":[{"armBasis":[[0.882025,0.377805,-0.281594],[-0.195049,0.836742,0.511683],[0.428938,-0.396392,0.811718]],"armWidth":63.7064,"confidence":0.789513,"direction":[-0.220671,0.660384,-0.717773],"elbow":[189.909,177.173,295.423],"grabStrength":0,"id":475,"palmNormal":[0.148586,-0.704563,-0.693911],"palmPosition":[55.5021,314.807,34.9948],"palmVelocity":[10.5777,50.4898,-126.654],"palmWidth":90.9705,"pinchStrength":0.378089,"r":[[0.997805,0.0436939,-0.0497506],[-0.0304895,0.970158,0.240549],[0.0587765,-0.238504,0.969361]],"s":0.830691,"sphereCenter":[64.859,294.284,-11.1223],"sphereRadius":49.5273,"stabilizedPalmPosition":[62.6882,282.092,89.7194],"t":[-29.5861,124.906,-170.264],"timeVisible":0.451823,"type":"right","wrist":[74.1205,284.176,76.3062]}],"id":4141187,"interactionBox":{"center":[0,200,0],"size":[235.247,235.247,147.751]},"pointables":[{"bases":[[[0.211937,0.863576,0.457514],[-0.756122,-0.151701,0.636605],[0.619162,-0.480857,0.620818]],[[0.0454806,0.958229,0.282362],[-0.768044,-0.1472,0.62325],[0.63878,-0.245212,0.729267]],[[0.0454806,0.958229,0.282362],[-0.966193,-0.0296106,0.256113],[0.253776,-0.284465,0.924488]],[[0.0454806,0.958229,0.282362],[-0.910482,0.156064,-0.38297],[-0.411039,-0.239668,0.879549]]],"btipPosition":[18.0924,294.448,-15.586],"carpPosition":[49.005,266.905,72.9039],"dipPosition":[8.47463,288.84,4.99422],"direction":[-0.253776,0.284465,-0.924488],"extended":false,"handId":475,"id":4750,"length":52.1052,"mcpPosition":[49.005,266.905,72.9039],"pipPosition":[17.1254,279.143,36.5084],"stabilizedTipPosition":[15.3768,263.935,41.2165],"timeVisible":0.451823,"tipPosition":[14.8558,294.154,-10.2308],"tipVelocity":[39.4727,52.795,-150.356],"tool":false,"touchDistance":-0.558126,"touchZone":"hovering","type":0,"width":20.2457},{"bases":[[[0.913228,0.366969,-0.177054],[-0.203221,0.786869,0.5827],[0.353151,-0.496157,0.793167]],[[0.955665,0.288916,-0.0568527],[-0.255941,0.910501,0.324779],[0.145599,-0.295829,0.94408]],[[0.955665,0.288916,-0.0568527],[-0.274646,0.944219,0.181712],[0.106181,-0.158042,0.981707]],[[0.955665,0.288916,-0.0568527],[-0.284433,0.955711,0.0756002],[0.0761769,-0.0560777,0.995516]]],"btipPosition":[15.4158,343.817,-61.2923],"carpPosition":[51.5125,289.838,78.328],"dipPosition":[16.7171,342.859,-44.2869],"direction":[-0.106181,0.158042,-0.981707],"extended":true,"handId":475,"id":4751,"length":58.7949,"mcpPosition":[25.5369,326.333,19.9875],"pipPosition":[19.283,339.039,-20.5637],"stabilizedTipPosition":[13.4094,318.678,-11.8731],"timeVisible":0.451823,"tipPosition":[15.3799,345.053,-56.8893],"tipVelocity":[45.9253,40.8169,-139.996],"tool":false,"touchDistance":-0.553867,"touchZone":"hovering","type":1,"width":19.3387},{"bases":[[[0.973718,0.157008,-0.164991],[-0.0381007,0.826497,0.56165],[0.224548,-0.540603,0.810757]],[[0.976826,0.14927,-0.153394],[-0.213502,0.730134,-0.649092],[0.0151081,0.6668,0.745084]],[[0.976826,0.14927,-0.153394],[-0.0899011,-0.364248,-0.926953],[-0.19424,0.919262,-0.342387]],[[0.976826,0.14927,-0.153394],[0.0248958,-0.79105,-0.611245],[-0.212583,0.593261,-0.776434]]],"btipPosition":[55.2055,264.233,8.5597],"carpPosition":[62.0802,295.939,76.6964],"dipPosition":[51.2115,275.38,-6.02793],"direction":[0.19424,-0.919262,0.342387],"extended":false,"handId":475,"id":4752,"length":66.9921,"mcpPosition":[46.4173,333.648,20.1436],"pipPosition":[45.6892,301.514,-15.7621],"stabilizedTipPosition":[54.7904,262.855,12.6554],"timeVisible":0.451823,"tipPosition":[54.3914,266.751,5.96315],"tipVelocity":[-14.3046,54.3154,-126.003],"tool":false,"touchDistance":0.333333,"touchZone":"none","type":2,"width":18.9931},{"bases":[[[0.996232,0.0129877,-0.0857499],[0.0387419,0.817948,0.573986],[0.0775938,-0.575145,0.814363]],[[0.993825,0.0282304,-0.107309],[-0.0955543,0.709351,-0.698349],[0.0564048,0.70429,0.707668]],[[0.993825,0.0282304,-0.107309],[-0.0856657,-0.419448,-0.903728],[-0.0705231,0.90734,-0.414439]],[[0.993825,0.0282304,-0.107309],[-0.0378375,-0.822907,-0.566914],[-0.104309,0.567474,-0.816758]]],"btipPosition":[70.2853,267.874,18.6434],"carpPosition":[73.7626,299.045,74.5204],"dipPosition":[68.3368,278.474,3.38639],"direction":[0.0705231,-0.90734,0.414439],"extended":false,"handId":475,"id":4753,"length":64.4147,"mcpPosition":[68.9032,335.065,23.5196],"pipPosition":[66.3836,303.604,-8.09195],"stabilizedTipPosition":[73.4991,244.457,68.9706],"timeVisible":0.451823,"tipPosition":[69.819,270.938,15.4767],"tipVelocity":[-16.9106,40.7496,-154.054],"tool":false,"touchDistance":0.333333,"touchZone":"none","type":3,"width":18.0732},{"bases":[[[0.978329,-0.188995,-0.0845724],[0.199923,0.755963,0.623338],[-0.0538741,-0.626738,0.777365]],[[0.964631,-0.26341,0.010069],[0.197429,0.696639,-0.689722],[0.174665,0.667315,0.724004]],[[0.964631,-0.26341,0.010069],[-0.100901,-0.404259,-0.909062],[0.243526,0.875894,-0.41654]],[[0.964631,-0.26341,0.010069],[-0.210746,-0.793591,-0.570788],[0.158342,0.548478,-0.821036]]],"btipPosition":[76.2998,281.485,21.966],"carpPosition":[86.842,295.322,70.3325],"dipPosition":[79.0285,290.937,7.81698],"direction":[-0.243526,-0.875894,0.41654],"extended":false,"handId":475,"id":4754,"length":50.4999,"mcpPosition":[89.9653,331.656,25.2664],"pipPosition":[83.7906,308.065,-0.328295],"stabilizedTipPosition":[84.8186,257.402,67.445],"timeVisible":0.451823,"tipPosition":[77.5006,284.708,18.6478],"tipVelocity":[-10.3971,32.4657,-137.807],"tool":false,"touchDistance":0.333333,"touchZone":"none","type":4,"width":16.054}],"r":[[0.997805,0.0436939,-0.0497506],[-0.0304895,0.970158,0.240549],[0.0587765,-0.238504,0.969361]],"s":0.830691,"t":[-29.5861,124.906,-170.264],"timestamp":521813340238},false],[4,{"currentFrameRate":105.635,"devices":[],"gestures":[],"hands":[{"armBasis":[[0.883055,0.373826,-0.283669],[-0.193142,0.840443,0.506311],[0.42768,-0.392312,0.814359]],"armWidth":63.7064,"confidence":0.796161,"direction":[-0.21702,0.662227,-0.717187],"elbow":[189.549,178.169,295.507],"grabStrength":0,"id":475,"palmNormal":[0.14617,-0.704369,-0.694621],"palmPosition":[55.6597,314.834,34.3846],"palmVelocity":[12.4884,37.4812,-110.566],"palmWidth":90.9705,"pinchStrength":0.382056,"r":[[0.998084,0.0385899,-0.0483707],[-0.0258008,0.970051,0.241527],[0.0562426,-0.239817,0.969188]],"s":0.827136,"sphereCenter":[65.2331,294.314,-11.781],"sphereRadius":49.5486,"stabilizedPalmPosition":[62.6212,282.404,89.1916],"t":[-29.4195,125.031,-171.006],"timeVisible":0.460803,"type":"right","wrist":[74.1006,284.071,75.6773]}],"id":4141188,"interactionBox":{"center":[0,200,0],"size":[235.247,235.247,147.751]},"pointables":[{"bases":[[[0.215292,0.862072,0.458781],[-0.75743,-0.149128,0.635658],[0.6164,-0.484347,0.620853]],[[0.0475133,0.958396,0.281459],[-0.773134,-0.143129,0.617882],[0.632461,-0.246963,0.734168]],[[0.0475133,0.958396,0.281459],[-0.965875,-0.0277428,0.257517],[0.254612,-0.28409,0.924373]],[[0.0475133,0.958396,0.281459],[-0.90809,0.158817,-0.387491],[-0.41607,-0.23718,0.877856]]],"btipPosition":[18.4044,294.474,-16.4623],"carpPosition":[48.9123,266.915,72.2286],"dipPosition":[8.66889,288.925,4.07826],"direction":[-0.254612,0.28409,-0.924373],"extended":false,"handId":475,"id":4750,"length":52.1052,"mcpPosition":[48.9123,266.915,72.2286],"pipPosition":[17.3482,279.241,35.5886],"stabilizedTipPosition":[15.3836,264.187,40.761],"timeVisible":0.460803,"tipPosition":[15.1707,294.201,-11.0853],"tipVelocity":[37.3497,39.5487,-136.173],"tool":false,"touchDistance":-0.543929,"touchZone":"hovering","type":0,"width":20.2457},{"bases":[[[0.915021,0.363139,-0.175686],[-0.200328,0.787051,0.583455],[0.350149,-0.498679,0.792915]],[[0.956794,0.285264,-0.0562938],[-0.25282,0.911818,0.323527],[0.14362,-0.295316,0.944543]],[[0.956794,0.285264,-0.0562938],[-0.27136,0.945586,0.179532],[0.104445,-0.156499,0.98214]],[[0.956794,0.285264,-0.0562938],[-0.281024,0.956936,0.0727942],[0.0746352,-0.0538291,0.995757]]],"btipPosition":[15.7932,343.897,-61.953],"carpPosition":[51.5158,289.831,77.6832],"dipPosition":[17.0681,342.977,-44.9436],"direction":[-0.104445,0.156499,-0.98214],"extended":true,"handId":475,"id":4751,"length":58.7949,"mcpPosition":[25.761,326.511,19.3612],"pipPosition":[19.592,339.195,-21.2099],"stabilizedTipPosition":[13.4356,318.923,-12.3242],"timeVisible":0.460803,"tipPosition":[15.7843,345.122,-57.5647],"tipVelocity":[44.6706,32.347,-121.766],"tool":false,"touchDistance":-0.536711,"touchZone":"hovering","type":1,"width":19.3387},{"bases":[[[0.97457,0.152898,-0.163818],[-0.0350126,0.825974,0.56262],[0.221333,-0.542577,0.810322]],[[0.977599,0.145218,-0.152355],[-0.20977,0.7315,-0.648772],[0.0172343,0.666198,0.745576]],[[0.977599,0.145218,-0.152355],[-0.0904623,-0.363694,-0.927116],[-0.190045,0.92013,-0.34241]],[[0.977599,0.145218,-0.152355],[0.0222572,-0.791125,-0.61125],[-0.209296,0.594166,-0.776635]]],"btipPosition":[55.1781,264.306,7.94409],"carpPosition":[62.112,295.886,76.0697],"dipPosition":[51.2458,275.469,-6.64731],"direction":[0.190045,-0.92013,0.34241],"extended":false,"handId":475,"id":4752,"length":66.9921,"mcpPosition":[46.6733,333.733,19.5472],"pipPosition":[45.8428,301.629,-16.3821],"stabilizedTipPosition":[54.7666,263.041,12.283],"timeVisible":0.460803,"tipPosition":[54.3694,266.825,5.30072],"tipVelocity":[-10.7875,41.7634,-110.284],"tool":false,"touchDistance":0.333333,"touchZone":"none","type":2,"width":18.9931},{"bases":[[[0.996366,0.00868341,-0.0847306],[0.041779,0.81707,0.575023],[0.074224,-0.576474,0.813738]],[[0.994034,0.0240412,-0.106384],[-0.0918389,0.71064,-0.697536],[0.0588309,0.703145,0.708609]],[[0.994034,0.0240412,-0.106384],[-0.0867014,-0.417581,-0.904494],[-0.0661689,0.908321,-0.413006]],[[0.994034,0.0240412,-0.106384],[-0.0409584,-0.821726,-0.568409],[-0.101083,0.569375,-0.81584]]],"btipPosition":[70.2548,267.844,17.9726],"carpPosition":[73.8103,298.944,73.9093],"dipPosition":[68.3665,278.48,2.73269],"direction":[0.0661689,-0.908321,0.413006],"extended":false,"handId":475,"id":4753,"length":64.4147,"mcpPosition":[69.1619,335.046,22.9477],"pipPosition":[66.5339,303.637,-8.70595],"stabilizedTipPosition":[73.4884,244.532,68.8125],"timeVisible":0.460803,"tipPosition":[69.8041,270.903,14.8074],"tipVelocity":[-12.7848,28.9182,-132.187],"tool":false,"touchDistance":0.333333,"touchZone":"none","type":3,"width":18.0732},{"bases":[[[0.977569,-0.193219,-0.0838178],[0.202634,0.754312,0.624462],[-0.0574333,-0.627439,0.776545]],[[0.96322,-0.268459,0.0117238],[0.203426,0.699986,-0.684571],[0.175573,0.661777,0.728852]],[[0.96322,-0.268459,0.0117238],[-0.0990777,-0.395365,-0.913165],[0.249783,0.878417,-0.407421]],[[0.96322,-0.268459,0.0117238],[-0.212353,-0.787197,-0.578988],[0.164664,0.555203,-0.815252]]],"btipPosition":[76.278,281.402,20.9617],"carpPosition":[86.8773,295.168,69.73],"dipPosition":[79.1157,290.97,6.91239],"direction":[-0.249783,-0.878417,0.407421],"extended":false,"handId":475,"id":4754,"length":50.4999,"mcpPosition":[90.2069,331.542,24.7115],"pipPosition":[84.0001,308.147,-1.05458],"stabilizedTipPosition":[84.7894,257.499,67.2608],"timeVisible":0.460803,"tipPosition":[77.4749,284.57,17.8018],"tipVelocity":[-7.4466,21.8443,-129.989],"tool":false,"touchDistance":0.333333,"touchZone":"none","type":4,"width":16.054}],"r":[[0.998084,0.0385899,-0.0483707],[-0.0258008,0.970051,0.241527],[0.0562426,-0.239817,0.969188]],"s":0.827136,"t":[-29.4195,125.031,-171.006],"timestamp":521813349218},false],[5,{"currentFrameRate":105.797,"devices":[],"gestures":[],"hands":[{"armBasis":[[0.883448,0.377495,-0.277521],[-0.199769,0.839275,0.505678],[0.423808,-0.3913,0.816867]],"armWidth":63.7064,"confidence":0.807961,"direction":[-0.216577,0.660074,-0.719303],"elbow":[188.302,178.762,295.077],"grabStrength":0,"id":475,"palmNormal":[0.153437,-0.704619,-0.692798],"palmPosition":[55.5207,314.998,33.1353],"palmVelocity":[4.78136,32.0522,-117.793],"palmWidth":90.9705,"pinchStrength":0.387928,"r":[[0.9983,0.0355076,-0.046224],[-0.0232955,0.969996,0.242002],[0.05343,-0.240513,0.969174]],"s":0.824352,"sphereCenter":[65.6509,294.456,-12.9734],"sphereRadius":49.5871,"stabilizedPalmPosition":[62.5693,282.643,88.7816],"t":[-29.4057,125.177,-172.002],"timeVisible":0.469955,"type":"right","wrist":[73.8984,284.39,74.5704]}],"id":4141189,"interactionBox":{"center":[0,200,0],"size":[235.247,235.247,147.751]},"pointables":[{"bases":[[[0.208465,0.863821,0.458645],[-0.760025,-0.152066,0.631853],[0.615552,-0.4803,0.624826]],[[0.0399226,0.95948,0.278936],[-0.778896,-0.144976,0.610167],[0.625881,-0.241621,0.741547]],[[0.0399226,0.95948,0.278936],[-0.966279,-0.0339972,0.255242],[0.254382,-0.27972,0.925768]],[[0.0399226,0.95948,0.278936],[-0.905545,0.152744,-0.395801],[-0.422368,-0.236787,0.87495]]],"btipPosition":[18.792,294.235,-18.0252],"carpPosition":[48.8165,267.101,71.0136],"dipPosition":[8.90921,288.695,2.44736],"direction":[-0.254382,0.27972,-0.925768],"extended":false,"handId":475,"id":4750,"length":52.1052,"mcpPosition":[48.8165,267.101,71.0136],"pipPosition":[17.5807,279.16,34.0052],"stabilizedTipPosition":[15.3913,264.382,40.3947],"timeVisible":0.469955,"tipPosition":[15.5422,293.94,-12.6564],"tipVelocity":[37.7137,21.3223,-146.284],"tool":false,"touchDistance":-0.541547,"touchZone":"hovering","type":0,"width":20.2457},{"bases":[[[0.914082,0.367543,-0.171368],[-0.207424,0.786863,0.581224],[0.348468,-0.49574,0.795495]],[[0.955485,0.290395,-0.0521501],[-0.259541,0.911343,0.319519],[0.140313,-0.29176,0.946144]],[[0.955485,0.290395,-0.0521501],[-0.277517,0.944592,0.175301],[0.100167,-0.153025,0.983133]],[[0.955485,0.290395,-0.0521501],[-0.286685,0.955574,0.0684877],[0.0697218,-0.0504883,0.996288]]],"btipPosition":[16.0047,343.593,-63.4797],"carpPosition":[51.2743,290.037,76.4481],"dipPosition":[17.1957,342.731,-46.4612],"direction":[-0.100167,0.153025,-0.983133],"extended":true,"handId":475,"id":4751,"length":58.7949,"mcpPosition":[25.6432,326.501,17.9364],"pipPosition":[19.6163,339.033,-22.7035],"stabilizedTipPosition":[13.4574,319.111,-12.6875],"timeVisible":0.469955,"tipPosition":[15.9888,344.8,-59.1083],"tipVelocity":[38.0789,14.5045,-134.248],"tool":false,"touchDistance":-0.534242,"touchZone":"hovering","type":1,"width":19.3387},{"bases":[[[0.974635,0.157625,-0.158875],[-0.0422007,0.826598,0.561209],[0.219786,-0.540269,0.812283]],[[0.977558,0.1502,-0.147719],[-0.2104,0.731442,-0.648633],[0.0106235,0.665156,0.746629]],[[0.977558,0.1502,-0.147719],[-0.0843517,-0.363464,-0.927781],[-0.193043,0.91942,-0.342638]],[[0.977558,0.1502,-0.147719],[0.0293347,-0.791414,-0.610577],[-0.208615,0.592541,-0.778059]]],"btipPosition":[55.413,264.504,6.6019],"carpPosition":[61.848,296.145,74.8818],"dipPosition":[51.4935,275.637,-8.01625],"direction":[0.193043,-0.91942,0.342638],"extended":false,"handId":475,"id":4752,"length":66.9921,"mcpPosition":[46.5172,333.83,18.2226],"pipPosition":[46.0053,301.776,-17.7576],"stabilizedTipPosition":[54.7573,263.187,11.9558],"timeVisible":0.469955,"tipPosition":[54.6073,266.993,3.97282],"tipVelocity":[-0.545037,35.9442,-120.601],"tool":false,"touchDistance":0.333333,"touchZone":"none","type":2,"width":18.9931},{"bases":[[[0.996745,0.0136379,-0.0794606],[0.0345682,0.818103,0.574031],[0.0728356,-0.57491,0.814969]],[[0.994423,0.0291073,-0.101368],[-0.0923247,0.704859,-0.703314],[0.0509782,0.70875,0.703615]],[[0.994423,0.0291073,-0.101368],[-0.0795106,-0.424542,-0.90191],[-0.069287,0.90494,-0.41986]],[[0.994423,0.0291073,-0.101368],[-0.0333805,-0.824877,-0.564326],[-0.100042,0.564562,-0.819305]]],"btipPosition":[70.491,267.994,17.2428],"carpPosition":[73.5419,299.258,72.7789],"dipPosition":[68.6222,278.54,1.93818],"direction":[0.069287,-0.90494,0.41986],"extended":false,"handId":475,"id":4753,"length":64.4147,"mcpPosition":[68.9804,335.263,21.7402],"pipPosition":[66.7032,303.603,-9.6903],"stabilizedTipPosition":[73.481,244.588,68.6923],"timeVisible":0.469955,"tipPosition":[70.0247,271.013,13.9014],"tipVelocity":[-1.89972,24.7914,-118.033],"tool":false,"touchDistance":0.333333,"touchZone":"none","type":3,"width":18.0732},{"bases":[[[0.97897,-0.188356,-0.0783498],[0.195476,0.756238,0.624415],[-0.0583614,-0.626599,0.777154]],[[0.96435,-0.264026,0.0178713],[0.204845,0.702025,-0.682055],[0.167534,0.661401,0.731082]],[[0.96435,-0.264026,0.0178713],[-0.0904017,-0.392156,-0.915446],[0.24871,0.881195,-0.402044]],[[0.96435,-0.264026,0.0178713],[-0.204263,-0.785601,-0.584044],[0.168242,0.559573,-0.811525]]],"btipPosition":[76.348,281.612,19.6228],"carpPosition":[86.65,295.543,68.6746],"dipPosition":[79.2473,291.256,5.63766],"direction":[-0.24871,-0.881195,0.402044],"extended":false,"handId":475,"id":4754,"length":50.4999,"mcpPosition":[90.0333,331.869,23.6208],"pipPosition":[84.1107,308.487,-2.22415],"stabilizedTipPosition":[84.7685,257.57,67.1242],"timeVisible":0.469955,"tipPosition":[77.5239,284.739,16.5591],"tipVelocity":[-2.8129,22.6812,-134.083],"tool":false,"touchDistance":0.333333,"touchZone":"none","type":4,"width":16.054}],"r":[[0.9983,0.0355076,-0.046224],[-0.0232955,0.969996,0.242002],[0.05343,-0.240513,0.969174]],"s":0.824352,"t":[-29.4057,125.177,-172.002],"timestamp":521813358370},false],[6,{"currentFrameRate":106.064,"devices":[],"gestures":[],"hands":[{"armBasis":[[0.889259,0.370584,-0.268115],[-0.199511,0.841724,0.501694],[0.411598,-0.392644,0.822446]],"armWidth":63.7064,"confidence":0.817713,"direction":[-0.213092,0.655225,-0.724756],"elbow":[184.744,179.106,295.381],"grabStrength":0,"id":475,"palmNormal":[0.154569,-0.709844,-0.68719],"palmPosition":[55.4473,315.437,31.6523],"palmVelocity":[1.23519,36.6884,-130.936],"palmWidth":90.9705,"pinchStrength":0.390941,"r":[[0.998503,0.0326473,-0.0438933],[-0.0211323,0.970302,0.240972],[0.0504569,-0.239684,0.969539]],"s":0.82214,"sphereCenter":[65.8694,294.54,-14.2961],"sphereRadius":49.6163,"stabilizedPalmPosition":[62.5302,282.822,88.4683],"t":[-29.4354,125.468,-173.242],"timeVisible":0.478891,"type":"right","wrist":[73.6366,285.098,73.3679]}],"id":4141190,"interactionBox":{"center":[0,200,0],"size":[235.247,235.247,147.751]},"pointables":[{"bases":[[[0.208372,0.866763,0.453104],[-0.76237,-0.146266,0.630395],[0.612677,-0.47679,0.630316]],[[0.0399846,0.961615,0.271472],[-0.783714,-0.138355,0.605516],[0.619833,-0.236968,0.7481]],[[0.0399846,0.961615,0.271472],[-0.96652,-0.0316946,0.254627],[0.253457,-0.272564,0.928153]],[[0.0399846,0.961615,0.271472],[-0.903145,0.151013,-0.4019],[-0.427469,-0.229109,0.874517]]],"btipPosition":[18.9663,294.303,-19.585],"carpPosition":[48.538,267.825,69.852],"dipPosition":[8.96407,288.942,0.877504],"direction":[-0.253457,0.272564,-0.928153],"extended":false,"handId":475,"id":4750,"length":52.1052,"mcpPosition":[48.538,267.825,69.852],"pipPosition":[17.604,279.651,32.5167],"stabilizedTipPosition":[15.3976,264.524,40.1211],"timeVisible":0.478891,"tipPosition":[15.7096,294.02,-14.2225],"tipVelocity":[31.9033,18.8313,-154.068],"tool":false,"touchDistance":-0.539157,"touchZone":"hovering","type":0,"width":20.2457},{"bases":[[[0.915254,0.364804,-0.170963],[-0.208048,0.79137,0.574848],[0.345002,-0.490563,0.800201]],[[0.956001,0.288793,-0.0515756],[-0.259479,0.914434,0.310614],[0.136866,-0.283565,0.949136]],[[0.956001,0.288793,-0.0515756],[-0.276935,0.946416,0.166142],[0.0967927,-0.144549,0.984752]],[[0.956001,0.288793,-0.0515756],[-0.285736,0.956471,0.0593074],[0.0664582,-0.0419609,0.996907]]],"btipPosition":[16.2864,343.268,-65.3228],"carpPosition":[51.0158,290.795,75.1294],"dipPosition":[17.4217,342.551,-48.2937],"direction":[-0.0967927,0.144549,-0.984752],"extended":true,"handId":475,"id":4751,"length":58.7949,"mcpPosition":[25.6395,326.878,16.2715],"pipPosition":[19.7607,339.058,-24.4969],"stabilizedTipPosition":[13.4746,319.244,-12.9584],"timeVisible":0.478891,"tipPosition":[16.2788,344.486,-60.9728],"tipVelocity":[35.8995,1.63348,-153.825],"tool":false,"touchDistance":-0.536761,"touchZone":"hovering","type":1,"width":19.3387},{"bases":[[[0.975417,0.154883,-0.156757],[-0.0426934,0.830689,0.555097],[0.216192,-0.534759,0.816881]],[[0.97824,0.147666,-0.145741],[-0.207253,0.727974,-0.653529],[0.00959121,0.669514,0.742738]],[[0.97824,0.147666,-0.145741],[-0.0821963,-0.369138,-0.925732],[-0.190498,0.917568,-0.348968]],[[0.97824,0.147666,-0.145741],[0.0299798,-0.795685,-0.604968],[-0.205297,0.587435,-0.782798]]],"btipPosition":[55.3355,264.787,5.41039],"carpPosition":[61.6047,296.874,73.5544],"dipPosition":[51.4784,275.824,-9.29681],"direction":[0.190498,-0.917568,0.348968],"extended":false,"handId":475,"id":4752,"length":66.9921,"mcpPosition":[46.5246,334.175,16.5745],"pipPosition":[46.0624,301.911,-19.2181],"stabilizedTipPosition":[54.7489,263.299,11.6856],"timeVisible":0.478891,"tipPosition":[54.5411,267.249,2.75811],"tipVelocity":[-2.32631,34.1192,-124.703],"tool":false,"touchDistance":0.333333,"touchZone":"none","type":2,"width":18.9931},{"bases":[[[0.997024,0.0114361,-0.0762346],[0.0340183,0.822162,0.568237],[0.0691756,-0.569139,0.819326]],[[0.9948,0.0267567,-0.0982684],[-0.0888279,0.699948,-0.708648],[0.0498217,0.713693,0.698685]],[[0.9948,0.0267567,-0.0982684],[-0.0772283,-0.430843,-0.899116],[-0.0663957,0.90203,-0.426536]],[[0.9948,0.0267567,-0.0982684],[-0.0328798,-0.828834,-0.558528],[-0.0963925,0.558855,-0.823644]]],"btipPosition":[70.3924,268.294,16.1453],"carpPosition":[73.3106,299.953,71.4682],"dipPosition":[68.5918,278.733,0.759665],"direction":[0.0663957,-0.90203,0.426536],"extended":false,"handId":475,"id":4753,"length":64.4147,"mcpPosition":[68.9784,335.596,20.1566],"pipPosition":[66.7529,303.716,-11.0537],"stabilizedTipPosition":[73.4753,244.631,68.6016],"timeVisible":0.478891,"tipPosition":[69.9423,271.287,12.7814],"tipVelocity":[-3.91436,26.4385,-119.907],"tool":false,"touchDistance":0.333333,"touchZone":"none","type":3,"width":18.0732},{"bases":[[[0.978912,-0.190516,-0.0737284],[0.194655,0.760398,0.6196],[-0.0619806,-0.620886,0.781447]],[[0.963846,-0.265468,0.0229886],[0.20803,0.695771,-0.687479],[0.166508,0.667406,0.725841]],[[0.963846,-0.265468,0.0229886],[-0.0881956,-0.399244,-0.912593],[0.251442,0.877571,-0.408222]],[[0.963846,-0.265468,0.0229886],[-0.203589,-0.789338,-0.579222],[0.17191,0.5536,-0.814846]]],"btipPosition":[76.2535,281.887,18.497],"carpPosition":[86.4261,296.187,67.4344],"dipPosition":[79.2161,291.427,4.45467],"direction":[-0.251442,-0.877571,0.408222],"extended":false,"handId":475,"id":4754,"length":50.4999,"mcpPosition":[90.0193,332.181,22.1317],"pipPosition":[84.1329,308.588,-3.52796],"stabilizedTipPosition":[84.7535,257.621,67.0247],"timeVisible":0.478891,"tipPosition":[77.4331,284.975,15.3926],"tipVelocity":[-4.48555,24.1452,-132.273],"tool":false,"touchDistance":0.333333,"touchZone":"none","type":4,"width":16.054}],"r":[[0.998503,0.0326473,-0.0438933],[-0.0211323,0.970302,0.240972],[0.0504569,-0.239684,0.969539]],"s":0.82214,"t":[-29.4354,125.468,-173.242],"timestamp":