{"sensorType":"Leap","data":[[0,{"currentFrameRate":107.863,"devices":[],"gestures":[],"hands":[{"armBasis":[[0.844622,0.415308,-0.337835],[-0.200736,0.830676,0.519309],[0.496305,-0.370804,0.784975]],"armWidth":63.7064,"confidence":0.737533,"direction":[-0.117379,0.591863,-0.797446],"elbow":[192.732,185.8,301.499],"grabStrength":0,"id":479,"palmNormal":[0.189843,-0.774816,-0.60301],"palmPosition":[45.8123,312.81,43.7805],"palmVelocity":[-27.8542,28.2794,-215.67],"palmWidth":90.9705,"pinchStrength":0.657876,"r":[[0.981609,0.142072,0.127513],[-0.143145,0.989701,-0.000755905],[-0.126307,-0.0175108,0.991837]],"s":1.08109,"sphereCenter":[52.0518,286.002,0.0910169],"sphereRadius":48.4026,"stabilizedPalmPosition":[55.9163,285.264,119.861],"t":[-24.5519,127.421,-172.555],"timeVisible":0.533237,"type":"right","wrist":[58.7584,285.896,89.6011]}],"id":4142699,"interactionBox":{"center":[0,200,0],"size":[235.247,235.247,147.751]},"pointables":[{"bases":[[[0.199541,0.897908,0.392357],[-0.823582,-0.0632759,0.563656],[0.530938,-0.435611,0.726875]],[[-0.0629526,0.997815,0.0200317],[-0.836773,-0.0637101,0.543832],[0.54392,0.0174736,0.838955]],[[-0.0629526,0.997815,0.0200317],[-0.97682,-0.0657179,0.203724],[0.204595,-0.00674245,0.978823]],[[-0.0629526,0.997815,0.0200317],[-0.673843,-0.0276901,-0.738355],[-0.736188,-0.0599796,0.674114]]],"btipPosition":[16.533,269.934,-5.80158],"carpPosition":[33.4269,269.173,85.2079],"dipPosition":[-0.692789,268.531,9.97175],"direction":[-0.204595,0.00674245,-0.978823],"extended":false,"handId":479,"id":4790,"length":52.1052,"mcpPosition":[33.4269,269.173,85.2079],"pipPosition":[6.28151,268.301,43.3382],"stabilizedTipPosition":[8.30377,242.525,78.2421],"timeVisible":0.533237,"tipPosition":[11.9652,269.77,-2.96448],"tipVelocity":[27.1919,-5.96089,-213.929],"tool":false,"touchDistance":-0.574872,"touchZone":"hovering","type":0,"width":20.2457},{"bases":[[[0.941226,0.318391,-0.112784],[-0.229185,0.847261,0.479191],[0.248127,-0.425178,0.870435]],[[0.954372,0.292415,-0.0605673],[-0.27634,0.941682,0.19202],[0.113185,-0.166521,0.97952]],[[0.954372,0.292415,-0.0605673],[-0.290165,0.955997,0.0432862],[0.0705596,-0.0237366,0.997225]],[[0.954372,0.292415,-0.0605673],[-0.296092,0.952962,-0.0647474],[0.0387852,0.0797265,0.996062]]],"btipPosition":[10.8401,330.081,-58.5726],"carpPosition":[36.3201,292.443,88.6376],"dipPosition":[11.5026,331.443,-41.5579],"direction":[-0.0705596,0.0237366,-0.997225],"extended":true,"handId":479,"id":4791,"length":58.7949,"mcpPosition":[18.0694,323.717,24.6138],"pipPosition":[13.2077,330.869,-17.4597],"stabilizedTipPosition":[10.6351,304.925,24.4273],"timeVisible":0.533237,"tipPosition":[10.8684,329.61,-54.5461],"tipVelocity":[43.3386,4.1794,-246.289],"tool":false,"touchDistance":-0.638746,"touchZone":"hovering","type":1,"width":19.3387},{"bases":[[[0.991283,0.108887,-0.0741745],[-0.0612573,0.87935,0.472219],[0.116644,-0.463558,0.878355]],[[0.991387,0.108471,-0.0733871],[-0.126245,0.642454,-0.755854],[-0.0348407,0.758608,0.650615]],[[0.991387,0.108471,-0.0733871],[-0.0644045,-0.0841169,-0.994372],[-0.114034,0.990534,-0.0764064]],[[0.991387,0.108471,-0.0733871],[-0.0210404,-0.421161,-0.906742],[-0.129263,0.900476,-0.415251]]],"btipPosition":[46.4597,248.711,4.91988],"carpPosition":[47.2463,298.013,87.567],"dipPosition":[44.0311,265.629,-2.88186],"direction":[0.114034,-0.990534,0.0764064],"extended":false,"handId":479,"id":4792,"length":66.9921,"mcpPosition":[39.1101,330.348,26.2991],"pipPosition":[40.7891,293.79,-5.05412],"stabilizedTipPosition":[44.2846,229.021,69.0921],"timeVisible":0.533237,"tipPosition":[45.6942,253.235,1.25038],"tipVelocity":[36.5145,9.47084,-150.343],"tool":false,"touchDistance":0.333333,"touchZone":"none","type":2,"width":18.9931},{"bases":[[[0.999422,-0.0271173,0.0205058],[0.0134715,0.869657,0.493472],[-0.0312147,-0.49291,0.86952]],[[0.999887,-0.00839141,-0.012508],[-0.00495027,0.601219,-0.799069],[0.0142254,0.799041,0.601109]],[[0.999887,-0.00839141,-0.012508],[-0.0135311,-0.135648,-0.990665],[0.00661638,0.990722,-0.135746]],[[0.999887,-0.00839141,-0.012508],[-0.0149486,-0.451104,-0.892346],[0.00184562,0.892432,-0.451178]]],"btipPosition":[60.3129,251.582,17.2461],"carpPosition":[59.2112,300.516,86.3651],"dipPosition":[60.3473,268.253,8.8181],"direction":[-0.00661638,-0.990722,0.135746],"extended":false,"handId":479,"id":4793,"length":64.4147,"mcpPosition":[61.166,331.385,31.91],"pipPosition":[60.5306,295.692,5.05845],"stabilizedTipPosition":[61.4205,238.06,66.5088],"timeVisible":0.533237,"tipPosition":[60.3141,255.981,13.3725],"tipVelocity":[20.1905,16.8169,-118.201],"tool":false,"touchDistance":0.333333,"touchZone":"none","type":3,"width":18.0732},{"bases":[[[0.973036,-0.227301,0.0391859],[0.165943,0.807866,0.565522],[-0.160201,-0.543771,0.823802]],[[0.961806,-0.259189,0.0880327],[0.235151,0.617736,-0.750404],[0.140115,0.742444,0.655091]],[[0.961806,-0.259189,0.0880327],[0.0681206,-0.0848466,-0.994063],[0.265119,0.962093,-0.0639499]],[[0.961806,-0.259189,0.0880327],[-0.0212601,-0.391365,-0.91999],[0.272904,0.882981,-0.381928]]],"btipPosition":[66.9324,267.228,20.8944],"carpPosition":[72.4857,295.981,83.9787],"dipPosition":[71.6354,282.445,14.3126],"direction":[-0.265119,-0.962093,0.0639499],"extended":false,"handId":479,"id":4794,"length":50.4999,"mcpPosition":[81.773,327.505,36.2206],"pipPosition":[76.8197,301.258,13.062],"stabilizedTipPosition":[74.5526,251.21,73.8201],"timeVisible":0.533237,"tipPosition":[68.3152,271.277,17.7501],"tipVelocity":[6.10659,29.3696,-158.869],"tool":false,"touchDistance":0.333333,"touchZone":"none","type":4,"width":16.054}],"r":[[0.981609,0.142072,0.127513],[-0.143145,0.989701,-0.000755905],[-0.126307,-0.0175108,0.991837]],"s":1.08109,"t":[-24.5519,127.421,-172.555],"timestamp":521829279042},false],[1,{"currentFrameRate":107.934,"devices":[],"gestures":[],"hands":[{"armBasis":[[0.844961,0.416561,-0.335437],[-0.201477,0.828902,0.52185],[0.495427,-0.37336,0.784318]],"armWidth":63.7064,"confidence":0.749951,"direction":[-0.11642,0.587747,-0.800625],"elbow":[192.372,185.667,300.413],"grabStrength":0,"id":479,"palmNormal":[0.191496,-0.777698,-0.598762],"palmPosition":[45.7498,313.126,42.7144],"palmVelocity":[-22.0127,30.022,-188.147],"palmWidth":90.9705,"pinchStrength":0.660526,"r":[[0.980431,0.1455,0.132605],[-0.14634,0.989228,-0.00344883],[-0.131679,-0.016024,0.991163]],"s":1.08357,"sphereCenter":[51.883,286.096,-0.797397],"sphereRadius":48.4037,"stabilizedPalmPosition":[55.9135,285.272,119.84],"t":[-24.6972,127.738,-173.985],"timeVisible":0.542373,"type":"right","wrist":[58.6353,286.453,88.6927]}],"id":4142700,"interactionBox":{"center":[0,200,0],"size":[235.247,235.247,147.751]},"pointables":[{"bases":[[[0.198165,0.900027,0.388178],[-0.824529,-0.0610683,0.562515],[0.529984,-0.431535,0.729996]],[[-0.0640534,0.997842,0.0144399],[-0.835923,-0.0615519,0.545384],[0.545096,0.0228631,0.838062]],[[-0.0640534,0.997842,0.0144399],[-0.977863,-0.0656461,0.198683],[0.199202,-0.00139391,0.979957]],[[-0.0640534,0.997842,0.0144399],[-0.665447,-0.0319243,-0.745762],[-0.743692,-0.0573776,0.666055]]],"btipPosition":[16.7311,269.937,-6.47572],"carpPosition":[33.3243,269.688,84.3392],"dipPosition":[-0.67026,268.595,9.10905],"direction":[-0.199202,0.00139391,-0.979957],"extended":false,"handId":479,"id":4790,"length":52.1052,"mcpPosition":[33.3243,269.688,84.3392],"pipPosition":[6.1202,268.547,42.5141],"stabilizedTipPosition":[8.30436,242.529,78.2311],"timeVisible":0.542373,"tipPosition":[12.1246,269.786,-3.69407],"tipVelocity":[24.4313,-3.77959,-176.278],"tool":false,"touchDistance":-0.556481,"touchZone":"hovering","type":0,"width":20.2457},{"bases":[[[0.941182,0.318542,-0.112727],[-0.230675,0.849488,0.47451],[0.246912,-0.420597,0.873002]],[[0.954419,0.29246,-0.0595986],[-0.277173,0.942541,0.186527],[0.110726,-0.161506,0.98064]],[[0.954419,0.29246,-0.0595986],[-0.290547,0.956075,0.0387617],[0.068317,-0.0196787,0.99747]],[[0.954419,0.29246,-0.0595986],[-0.2962,0.952667,-0.0684937],[0.0367459,0.0830248,0.99587]]],"btipPosition":[10.9978,329.909,-59.7931],"carpPosition":[36.1937,292.978,87.6568],"dipPosition":[11.6255,331.327,-42.7817],"direction":[-0.068317,0.0196787,-0.99747],"extended":true,"handId":479,"id":4791,"length":58.7949,"mcpPosition":[18.0324,323.914,23.4441],"pipPosition":[13.2764,330.851,-18.6776],"stabilizedTipPosition":[10.6352,304.931,24.409],"timeVisible":0.542373,"tipPosition":[11.0037,329.463,-55.7653],"tipVelocity":[35.8428,-1.83214,-214.972],"tool":false,"touchDistance":-0.621523,"touchZone":"hovering","type":1,"width":19.3387},{"bases":[[[0.991329,0.109274,-0.0729745],[-0.0627597,0.881671,0.467672],[0.115444,-0.459037,0.880884]],[[0.991417,0.108923,-0.0723013],[-0.125492,0.637831,-0.759884],[-0.0366529,0.762435,0.646026]],[[0.991417,0.108923,-0.0723013],[-0.0624849,-0.0909897,-0.99389],[-0.114836,0.989877,-0.0834027]],[[0.991417,0.108923,-0.0723013],[-0.0189327,-0.427586,-0.903776],[-0.129357,0.897389,-0.421854]]],"btipPosition":[46.5266,248.825,4.29788],"carpPosition":[47.1176,298.55,86.5774],"dipPosition":[44.0962,265.685,-3.6279],"direction":[0.114836,-0.989877,0.0834027],"extended":false,"handId":479,"id":4792,"length":66.9921,"mcpPosition":[39.0651,330.57,25.133],"pipPosition":[40.8314,293.828,-5.99906],"stabilizedTipPosition":[44.2848,229.024,69.0843],"timeVisible":0.542373,"tipPosition":[45.7696,253.299,0.649696],"tipVelocity":[28.3843,9.91435,-128.335],"tool":false,"touchDistance":0.333333,"touchZone":"none","type":2,"width":18.9931},{"bases":[[[0.999404,-0.0262453,0.0224043],[0.0119387,0.872143,0.489106],[-0.0323765,-0.488547,0.871937]],[[0.999917,-0.00807551,-0.0100076],[-0.0033301,0.58907,-0.808075],[0.0124208,0.808042,0.588995]],[[0.999917,-0.00807551,-0.0100076],[-0.0111534,-0.157269,-0.987493],[0.00640063,0.987523,-0.157346]],[[0.999917,-0.00807551,-0.0100076],[-0.0126322,-0.471184,-0.881945],[0.00240675,0.881998,-0.471247]]],"btipPosition":[60.3332,251.731,17.6278],"carpPosition":[59.0827,301.056,85.3839],"dipPosition":[60.3782,268.206,8.82496],"direction":[-0.00640063,-0.987523,0.157346],"extended":false,"handId":479,"id":4793,"length":64.4147,"mcpPosition":[61.1103,331.652,30.7775],"pipPosition":[60.5555,295.557,4.46709],"stabilizedTipPosition":[61.4204,238.063,66.5007],"timeVisible":0.542373,"tipPosition":[60.3419,256.029,13.6243],"tipVelocity":[15.269,15.3046,-76.3345],"tool":false,"touchDistance":0.333333,"touchZone":"none","type":3,"width":18.0732},{"bases":[[[0.973137,-0.226353,0.0420464],[0.16433,0.810832,0.561735],[-0.161243,-0.539736,0.826248]],[[0.961698,-0.258356,0.0915875],[0.236147,0.611241,-0.755394],[0.139179,0.748089,0.648839]],[[0.961698,-0.258356,0.0915875],[0.0682361,-0.0979651,-0.992848],[0.265481,0.96107,-0.0765837]],[[0.961698,-0.258356,0.0915875],[-0.0216044,-0.404529,-0.91427],[0.273257,0.877273,-0.394617]]],"btipPosition":[66.8919,267.452,20.5044],"carpPosition":[72.3648,296.52,83.0438],"dipPosition":[71.601,282.57,13.7039],"direction":[-0.265481,-0.96107,0.0765837],"extended":false,"handId":479,"id":4794,"length":50.4999,"mcpPosition":[81.7125,327.81,35.1439],"pipPosition":[76.7923,301.364,12.2064],"stabilizedTipPosition":[74.5512,251.214,73.8087],"timeVisible":0.542373,"tipPosition":[68.2703,271.429,17.3215],"tipVelocity":[3.21828,27.3256,-128.089],"tool":false,"touchDistance":0.333333,"touchZone":"none","type":4,"width":16.054}],"r":[[0.980431,0.1455,0.132605],[-0.14634,0.989228,-0.00344883],[-0.131679,-0.016024,0.991163]],"s":1.08357,"t":[-24.6972,127.738,-173.985],"timestamp":521829288178},false],[2,{"currentFrameRate":108.104,"devices":[],"gestures":[],"hands":[{"armBasis":[[0.847228,0.415789,-0.330642],[-0.202201,0.827961,0.523063],[0.491243,-0.376297,0.785545]],"armWidth":63.7064,"confidence":0.761933,"direction":[-0.115828,0.584648,-0.802976],"elbow":[191.165,185.412,299.984],"grabStrength":0,"id":479,"palmNormal":[0.192808,-0.779806,-0.59559],"palmPosition":[45.7112,313.481,41.8379],"palmVelocity":[-17.1789,32.6838,-163.528],"palmWidth":90.9705,"pinchStrength":0.662428,"r":[[0.979405,0.148489,0.136806],[-0.149022,0.988813,-0.00639755],[-0.136226,-0.0141213,0.990577]],"s":1.08592,"sphereCenter":[51.7523,286.295,-1.5261],"sphereRadius":48.4014,"stabilizedPalmPosition":[55.9112,285.278,119.823],"t":[-24.7892,128.074,-175.138],"timeVisible":0.551316,"type":"right","wrist":[58.5576,286.991,87.9325]}],"id":4142701,"interactionBox":{"center":[0,200,0],"size":[235.247,235.247,147.751]},"pointables":[{"bases":[[[0.197032,0.901622,0.385039],[-0.825195,-0.0595446,0.561701],[0.529369,-0.428406,0.732282]],[[-0.064705,0.997847,0.0107212],[-0.835027,-0.0600234,0.546925],[0.546391,0.0264363,0.837113]],[[-0.064705,0.997847,0.0107212],[-0.979123,-0.0655582,0.192405],[0.192694,0.00195222,0.981257]],[[-0.064705,0.997847,0.0107212],[-0.656904,-0.0345042,-0.753184],[-0.751193,-0.0557776,0.657722]]],"btipPosition":[17.0037,270.111,-7.00671],"carpPosition":[33.2641,270.192,83.6102],"dipPosition":[-0.573162,268.806,8.38307],"direction":[-0.192694,-0.00195222,-0.981257],"extended":false,"handId":479,"id":4790,"length":52.1052,"mcpPosition":[33.2641,270.192,83.6102],"pipPosition":[5.99545,268.872,41.8325],"stabilizedTipPosition":[8.30485,242.531,78.2226],"timeVisible":0.551316,"tipPosition":[12.3327,269.946,-4.27169],"tipVelocity":[24.851,2.82205,-145.721],"tool":false,"touchDistance":-0.537804,"touchZone":"hovering","type":0,"width":20.2457},{"bases":[[[0.941096,0.318792,-0.112738],[-0.231881,0.8511,0.47102],[0.246108,-0.417133,0.874889]],[[0.95445,0.292536,-0.0587213],[-0.277832,0.943122,0.182564],[0.108788,-0.157934,0.981439]],[[0.95445,0.292536,-0.0587213],[-0.290837,0.956101,0.0358377],[0.0666273,-0.0171269,0.997631]],[[0.95445,0.292536,-0.0587213],[-0.296279,0.952487,-0.0706187],[0.0352728,0.0847999,0.995773]]],"btipPosition":[11.1251,329.926,-60.7814],"carpPosition":[36.1128,293.496,86.8437],"dipPosition":[11.7277,331.375,-43.7717],"direction":[-0.0666273,0.0171269,-0.997631],"extended":true,"handId":479,"id":4791,"length":58.7949,"mcpPosition":[18.0105,324.177,22.4923],"pipPosition":[13.3377,330.961,-19.6637],"stabilizedTipPosition":[10.6353,304.935,24.3952],"timeVisible":0.551316,"tipPosition":[11.1132,329.495,-56.7536],"tipVelocity":[29.7659,-0.576388,-186.456],"tool":false,"touchDistance":-0.602535,"touchZone":"hovering","type":1,"width":19.3387},{"bases":[[[0.991343,0.109711,-0.072135],[-0.0639797,0.883378,0.464273],[0.114658,-0.455638,0.88275]],[[0.991397,0.109494,-0.0717153],[-0.125145,0.632407,-0.764461],[-0.0383508,0.766859,0.640669]],[[0.991397,0.109494,-0.0717153],[-0.0608814,-0.0992716,-0.993196],[-0.115868,0.989018,-0.0917515]],[[0.991397,0.109494,-0.0717153],[-0.0170782,-0.435013,-0.900262],[-0.12977,0.893742,-0.4294]]],"btipPosition":[46.6167,248.99,3.98484],"carpPosition":[47.034,299.072,85.7572],"dipPosition":[44.1786,265.781,-4.08272],"direction":[0.115868,-0.989018,0.0917515],"extended":false,"handId":479,"id":4792,"length":66.9921,"mcpPosition":[39.0363,330.854,24.1826],"pipPosition":[40.8844,293.899,-6.69125],"stabilizedTipPosition":[44.285,229.027,69.0775],"timeVisible":0.551316,"tipPosition":[45.8633,253.418,0.334537],"tipVelocity":[23.3303,11.7441,-103.842],"tool":false,"touchDistance":0.333333,"touchZone":"none","type":2,"width":18.9931},{"bases":[[[0.999394,-0.025443,0.0237629],[0.0106984,0.873984,0.485836],[-0.0331295,-0.485287,0.873727]],[[0.999937,-0.00763147,-0.00829071],[-0.00232843,0.579939,-0.814656],[0.0110251,0.814624,0.579885]],[[0.999937,-0.00763147,-0.00829071],[-0.00950163,-0.175509,-0.984432],[0.00605757,0.984448,-0.17557]],[[0.999937,-0.00763147,-0.00829071],[-0.0109629,-0.488718,-0.872373],[0.00260567,0.872408,-0.488771]]],"btipPosition":[60.3646,252.023,17.9402],"carpPosition":[58.9988,301.582,84.5694],"dipPosition":[60.4133,268.319,8.80997],"direction":[-0.00605757,-0.984448,0.17557],"extended":false,"handId":479,"id":4793,"length":64.4147,"mcpPosition":[61.0736,331.974,29.8508],"pipPosition":[60.5811,295.585,3.94736],"stabilizedTipPosition":[61.4201,238.067,66.4896],"timeVisible":0.551316,"tipPosition":[60.3769,256.219,13.8417],"tipVelocity":[12.084,18.781,-48.2474],"tool":false,"touchDistance":0.333333,"touchZone":"none","type":3,"width":18.0732},{"bases":[[[0.973245,-0.225494,0.0441246],[0.163041,0.813057,0.558888],[-0.161902,-0.536741,0.828068]],[[0.961366,-0.258265,0.0952646],[0.237612,0.603824,-0.760879],[0.138986,0.754119,0.641863]],[[0.961366,-0.258265,0.0952646],[0.0678979,-0.112905,-0.991283],[0.26677,0.959454,-0.0910074]],[[0.961366,-0.258265,0.0952646],[-0.0226679,-0.419169,-0.907625],[0.27434,0.8704,-0.408829]]],"btipPosition":[66.8153,267.742,20.3917],"carpPosition":[72.2871,297.046,82.2631],"dipPosition":[71.5431,282.742,13.3463],"direction":[-0.26677,-0.959454,0.0910074],"extended":false,"handId":479,"id":4794,"length":50.4999,"mcpPosition":[81.673,328.163,34.2576],"pipPosition":[76.7596,301.503,11.5667],"stabilizedTipPosition":[74.5499,251.218,73.7982],"timeVisible":0.551316,"tipPosition":[68.2023,271.649,17.1358],"tipVelocity":[0.132147,27.8801,-98.2684],"tool":false,"touchDistance":0.333333,"touchZone":"none","type":4,"width":16.054}],"r":[[0.979405,0.148489,0.136806],[-0.149022,0.988813,-0.00639755],[-0.136226,-0.0141213,0.990577]],"s":1.08592,"t":[-24.7892,128.074,-175.138],"timestamp":521829297121},false],[3,{"currentFrameRate":108.169,"devices":[],"gestures":[],"hands":[{"armBasis":[[0.848751,0.413949,-0.329041],[-0.201194,0.828247,0.522999],[0.489022,-0.377695,0.78626]],"armWidth":63.7064,"confidence":0.774833,"direction":[-0.11592,0.58248,-0.804537],"elbow":[190.575,185.353,299.681],"grabStrength":0,"id":479,"palmNormal":[0.192037,-0.781571,-0.593522],"palmPosition":[45.7112,313.678,41.2746],"palmVelocity":[-12.4049,29.5903,-135.237],"palmWidth":90.9705,"pinchStrength":0.663367,"r":[[0.978598,0.150848,0.139971],[-0.151042,0.988484,-0.00929975],[-0.139762,-0.0120407,0.990112]],"s":1.08749,"sphereCenter":[51.5341,286.382,-1.97394],"sphereRadius":48.3521,"stabilizedPalmPosition":[55.9092,285.284,119.807],"t":[-24.8351,128.341,-175.996],"timeVisible":0.560444,"type":"right","wrist":[58.567,287.308,87.4358]}],"id":4142702,"interactionBox":{"center":[0,200,0],"size":[235.247,235.247,147.751]},"pointables":[{"bases":[[[0.19776,0.902575,0.382425],[-0.824928,-0.0575038,0.562305],[0.529513,-0.426675,0.733188]],[[-0.0636584,0.997934,0.00866321],[-0.833183,-0.0579232,0.549955],[0.549321,0.0277912,0.835149]],[[-0.0636584,0.997934,0.00866321],[-0.980302,-0.0641553,0.186795],[0.186965,0.00339849,0.982361]],[[-0.0636584,0.997934,0.00866321],[-0.646291,-0.0346093,-0.762306],[-0.760431,-0.0541262,0.647159]]],"btipPosition":[17.2663,270.276,-7.13567],"carpPosition":[33.2615,270.512,83.1737],"dipPosition":[-0.526731,269.009,8.00693],"direction":[-0.186965,-0.00339849,-0.982361],"extended":false,"handId":479,"id":4790,"length":52.1052,"mcpPosition":[33.2615,270.512,83.1737],"pipPosition":[5.84657,269.125,41.4939],"stabilizedTipPosition":[8.30531,242.534,78.2148],"timeVisible":0.560444,"tipPosition":[12.5007,270.075,-4.46454],"tipVelocity":[24.4263,7.32283,-110.884],"tool":false,"touchDistance":-0.515144,"touchZone":"touching","type":0,"width":20.2457},{"bases":[[[0.94122,0.317931,-0.114127],[-0.231136,0.852541,0.468775],[0.246336,-0.414841,0.875914]],[[0.954737,0.291473,-0.0593428],[-0.276982,0.943891,0.179861],[0.108438,-0.155283,0.9819]],[[0.954737,0.291473,-0.0593428],[-0.289889,0.956458,0.0339348],[0.06665,-0.015196,0.997661]],[[0.954737,0.291473,-0.0593428],[-0.295317,0.95269,-0.0719048],[0.0355769,0.0861751,0.995645]]],"btipPosition":[11.1303,329.901,-61.378],"carpPosition":[36.1253,293.823,86.3409],"dipPosition":[11.738,331.373,-44.3705],"direction":[-0.06665,0.015196,-0.997661],"extended":true,"handId":479,"id":4791,"length":58.7949,"mcpPosition":[18.0064,324.336,21.914],"pipPosition":[13.3486,331.006,-20.2618],"stabilizedTipPosition":[10.6354,304.938,24.3847],"timeVisible":0.560444,"tipPosition":[11.1057,329.489,-57.3502],"tipVelocity":[21.6873,-1.01478,-152.821],"tool":false,"touchDistance":-0.579572,"touchZone":"hovering","type":1,"width":19.3387},{"bases":[[[0.991367,0.108935,-0.0729694],[-0.06322,0.884703,0.461848],[0.114868,-0.453248,0.883952]],[[0.991385,0.108865,-0.0728342],[-0.125267,0.625544,-0.770067],[-0.0382727,0.772556,0.633792]],[[0.991385,0.108865,-0.0728342],[-0.0607499,-0.110472,-0.992021],[-0.116043,0.987899,-0.102906]],[[0.991385,0.108865,-0.0728342],[-0.0169239,-0.444933,-0.895404],[-0.129885,0.888922,-0.439258]]],"btipPosition":[46.6207,248.989,4.21051],"carpPosition":[47.0493,299.39,85.233],"dipPosition":[44.1804,265.69,-4.04226],"direction":[0.116043,-0.987899,0.102906],"extended":false,"handId":479,"id":4792,"length":66.9921,"mcpPosition":[39.0369,331.006,23.5746],"pipPosition":[40.8812,293.776,-6.96792],"stabilizedTipPosition":[44.2851,229.029,69.0713],"timeVisible":0.560444,"tipPosition":[45.8663,253.374,0.512329],"tipVelocity":[16.9523,7.82388,-69.4125],"tool":false,"touchDistance":0.333333,"touchZone":"none","type":2,"width":18.9931},{"bases":[[[0.999392,-0.0259564,0.0232997],[0.0114642,0.875326,0.483398],[-0.0329421,-0.482836,0.875091]],[[0.999928,-0.00828964,-0.00870355],[-0.00230696,0.57829,-0.815828],[0.0117961,0.81579,0.578229]],[[0.999928,-0.00828964,-0.00870355],[-0.0100465,-0.178908,-0.983815],[0.00659834,0.983831,-0.178978]],[[0.999928,-0.00828964,-0.00870355],[-0.0116573,-0.492398,-0.870292],[0.0029288,0.870331,-0.492459]]],"btipPosition":[60.3135,252.181,17.5545],"carpPosition":[59.0148,301.89,84.0318],"dipPosition":[60.3682,268.439,8.35536],"direction":[-0.00659834,-0.983831,0.178978],"extended":false,"handId":479,"id":4793,"length":64.4147,"mcpPosition":[61.0778,332.128,29.2279],"pipPosition":[60.5509,295.687,3.39837],"stabilizedTipPosition":[61.4198,238.072,66.4762],"timeVisible":0.560444,"tipPosition":[60.3273,256.334,13.5105],"tipVelocity":[7.21034,18.1078,-47.0649],"tool":false,"touchDistance":0.333333,"touchZone":"none","type":3,"width":18.0732},{"bases":[[[0.973138,-0.225935,0.0442316],[0.163811,0.814513,0.556537],[-0.161769,-0.534342,0.829644]],[[0.960995,-0.259191,0.0964777],[0.238451,0.59979,-0.763802],[0.140105,0.757015,0.638199]],[[0.960995,-0.259191,0.0964777],[0.0665529,-0.121864,-0.990313],[0.268438,0.958107,-0.0998606]],[[0.960995,-0.259191,0.0964777],[-0.0248627,-0.428395,-0.903249],[0.275445,0.86562,-0.41813]]],"btipPosition":[66.7285,267.903,20.2312],"carpPosition":[72.2993,297.34,81.731],"dipPosition":[71.4753,282.82,13.0256],"direction":[-0.268438,-0.958107,0.0998606],"extended":false,"handId":479,"id":4794,"length":50.4999,"mcpPosition":[81.6774,328.317,33.6342],"pipPosition":[76.7245,301.556,11.0728],"stabilizedTipPosition":[74.5486,251.222,73.7875],"timeVisible":0.560444,"tipPosition":[68.112,271.746,16.9725],"tipVelocity":[-2.41354,24.4589,-76.9691],"tool":false,"touchDistance":0.333333,"touchZone":"none","type":4,"width":16.054}],"r":[[0.978598,0.150848,0.139971],[-0.151042,0.988484,-0.00929975],[-0.139762,-0.0120407,0.990112]],"s":1.08749,"t":[-24.8351,128.341,-175.996],"timestamp":521829306249},false],[4,{"currentFrameRate":108.328,"devices":[],"gestures":[],"hands":[{"armBasis":[[0.848865,0.413588,-0.329202],[-0.198906,0.826908,0.525984],[0.489761,-0.381009,0.784198]],"armWidth":63.7064,"confidence":0.783415,"direction":[-0.114103,0.579845,-0.806697],"elbow":[190.563,184.834,298.159],"grabStrength":0,"id":479,"palmNormal":[0.1906,-0.78414,-0.59059],"palmPosition":[45.5885,313.917,40.2077],"palmVelocity":[-12.7646,28.8083,-130.884],"palmWidth":90.9705,"pinchStrength":0.665008,"r":[[0.977992,0.152392,0.142505],[-0.152194,0.988273,-0.0123562],[-0.142717,-0.00960425,0.989717]],"s":1.08842,"sphereCenter":[51.2097,286.469,-2.90533],"sphereRadius":48.3058,"stabilizedPalmPosition":[55.9075,285.289,119.794],"t":[-24.9195,128.593,-176.959],"timeVisible":0.569387,"type":"right","wrist":[58.3562,287.684,86.4712]}],"id":4142703,"interactionBox":{"center":[0,200,0],"size":[235.247,235.247,147.751]},"pointables":[{"bases":[[[0.1996,0.90349,0.379295],[-0.825394,-0.0535904,0.562008],[0.528095,-0.425245,0.735039]],[[-0.0612643,0.998108,0.00519904],[-0.832185,-0.0539545,0.551866],[0.551103,0.0294831,0.833916]],[[-0.0612643,0.998108,0.00519904],[-0.981498,-0.0611898,0.181432],[0.181407,0.00601247,0.98339]],[[-0.0612643,0.998108,0.00519904],[-0.637208,-0.0351018,-0.769892],[-0.768253,-0.0504797,0.638153]]],"btipPosition":[17.3031,270.435,-7.8179],"carpPosition":[33.0148,270.931,82.2543],"dipPosition":[-0.672915,269.254,7.11398],"direction":[-0.181407,-0.00601248,-0.98339],"extended":false,"handId":479,"id":4790,"length":52.1052,"mcpPosition":[33.0148,270.931,82.2543],"pipPosition":[5.51095,269.459,40.6361],"stabilizedTipPosition":[8.3057,242.536,78.2083],"timeVisible":0.569387,"tipPosition":[12.4759,270.236,-5.19886],"tipVelocity":[17.5946,10.8035,-102.915],"tool":false,"touchDistance":-0.502923,"touchZone":"touching","type":0,"width":20.2457},{"bases":[[[0.942014,0.315362,-0.114699],[-0.229461,0.85475,0.465565],[0.244861,-0.412249,0.87755]],[[0.955558,0.28879,-0.0592389],[-0.274757,0.945249,0.176102],[0.106852,-0.151999,0.982588]],[[0.955558,0.28879,-0.0592389],[-0.287409,0.957312,0.0308247],[0.065612,-0.012429,0.997768]],[[0.955558,0.28879,-0.0592389],[-0.292723,0.953291,-0.0744958],[0.0349583,0.0885257,0.99546]]],"btipPosition":[11.1474,329.886,-62.5289],"carpPosition":[35.9302,294.246,85.3393],"dipPosition":[11.7446,331.398,-45.5245],"direction":[-0.065612,0.012429,-0.997768],"extended":true,"handId":479,"id":4791,"length":58.7949,"mcpPosition":[17.9197,324.569,20.7921],"pipPosition":[13.3301,331.098,-21.4132],"stabilizedTipPosition":[10.6354,304.941,24.3771],"timeVisible":0.569387,"tipPosition":[11.1086,329.496,-58.5009],"tipVelocity":[16.2131,-0.924268,-146.251],"tool":false,"touchDistance":-0.567221,"touchZone":"hovering","type":1,"width":19.3387},{"bases":[[[0.991658,0.106401,-0.0727601],[-0.0614678,0.886502,0.458624],[0.1133,-0.450326,0.885647]],[[0.991653,0.106418,-0.0727936],[-0.123421,0.620192,-0.77468],[-0.0372937,0.777198,0.62815]],[[0.991653,0.106418,-0.0727936],[-0.0598413,-0.12021,-0.990943],[-0.114205,0.987028,-0.112838]],[[0.991653,0.106418,-0.0727936],[-0.0166486,-0.454171,-0.890759],[-0.127853,0.884536,-0.448609]]],"btipPosition":[46.4107,249.063,3.8073],"carpPosition":[46.8675,299.785,84.218],"dipPosition":[44.0085,265.681,-4.62115],"direction":[0.114205,-0.987028,0.112838],"extended":false,"handId":479,"id":4792,"length":66.9921,"mcpPosition":[38.9645,331.196,22.4414],"pipPosition":[40.7617,293.743,-7.82918],"stabilizedTipPosition":[44.2853,229.03,69.0666],"timeVisible":0.569387,"tipPosition":[45.6722,253.391,0.0964055],"tipVelocity":[6.17728,7.36581,-64.0029],"tool":false,"touchDistance":0.333333,"touchZone":"none","type":2,"width":18.9931},{"bases":[[[0.999315,-0.0281611,0.0239986],[0.0131819,0.877031,0.480253],[-0.0345719,-0.479607,0.876802]],[[0.999911,-0.010644,-0.00800733],[-0.000401529,0.576806,-0.816881],[0.0133136,0.816812,0.576751]],[[0.999911,-0.010644,-0.00800733],[-0.00981152,-0.182026,-0.983245],[0.00900814,0.983236,-0.182114]],[[0.999911,-0.010644,-0.00800733],[-0.0122327,-0.495985,-0.868245],[0.00527011,0.868266,-0.496071]]],"btipPosition":[60.0619,252.351,16.651],"carpPosition":[58.8395,302.252,83.0151],"dipPosition":[60.1604,268.57,7.38436],"direction":[-0.00900814,-0.983236,0.182114],"extended":false,"handId":479,"id":4793,"length":64.4147,"mcpPosition":[61.0046,332.289,28.104],"pipPosition":[60.4099,295.802,2.34052],"stabilizedTipPosition":[61.4195,238.076,66.4642],"timeVisible":0.569387,"tipPosition":[60.0885,256.453,12.6951],"tipVelocity":[-2.1329,18.0738,-62.2774],"tool":false,"touchDistance":0.333333,"touchZone":"none","type":3,"width":18.0732},{"bases":[[[0.972591,-0.228002,0.0456338],[0.165345,0.816134,0.553703],[-0.163489,-0.530981,0.831463]],[[0.960131,-0.261524,0.0987636],[0.241102,0.595862,-0.766041],[0.141489,0.759312,0.635159]],[[0.960131,-0.261524,0.0987636],[0.0666531,-0.128944,-0.989409],[0.271489,0.956545,-0.106372]],[[0.960131,-0.261524,0.0987636],[-0.0260666,-0.435507,-0.899808],[0.278333,0.861359,-0.424961]]],"btipPosition":[66.4855,268.055,19.4861],"carpPosition":[72.1148,297.664,80.7388],"dipPosition":[71.282,282.899,12.1627],"direction":[-0.271489,-0.956545,0.106372],"extended":false,"handId":479,"id":4794,"length":50.4999,"mcpPosition":[81.5928,328.446,32.5365],"pipPosition":[76.5909,301.603,10.0826],"stabilizedTipPosition":[74.5474,251.226,73.7773],"timeVisible":0.569387,"tipPosition":[67.8756,271.843,16.2384],"tipVelocity":[-8.82748,21.8993,-79.531],"tool":false,"touchDistance":0.333333,"touchZone":"none","type":4,"width":16.054}],"r":[[0.977992,0.152392,0.142505],[-0.152194,0.988273,-0.0123562],[-0.142717,-0.00960425,0.989717]],"s":1.08842,"t":[-24.9195,128.593,-176.959],"timestamp":521829315192},false],[5,{"currentFrameRate":108.318,"devices":[],"gestures":[],"hands":[{"armBasis":[[0.849588,0.412438,-0.328778],[-0.198664,0.827657,0.524896],[0.488603,-0.380629,0.785104]],"armWidth":63.7064,"confidence":0.792028,"direction":[-0.11308,0.578896,-0.807523],"elbow":[190.104,185.16,297.553],"grabStrength":0,"id":479,"palmNormal":[0.190451,-0.785037,-0.589445],"palmPosition":[45.4954,314.091,39.3134],"palmVelocity":[-12.005,25.9769,-121.266],"palmWidth":90.9705,"pinchStrength":0.666397,"r":[[0.977503,0.153524,0.144633],[-0.15296,0.988117,-0.0150789],[-0.14523,-0.00738347,0.98937]],"s":1.08899,"sphereCenter":[50.9826,286.589,-3.74589],"sphereRadius":48.2783,"stabilizedPalmPosition":[55.9059,285.293,119.782],"t":[-25.0082,128.806,-177.887],"timeVisible":0.578638,"type":"right","wrist":[58.2096,287.908,85.6199]}],"id":4142704,"interactionBox":{"center":[0,200,0],"size":[235.247,235.247,147.751]},"pointables":[{"bases":[[[0.199992,0.903827,0.378285],[-0.825846,-0.0522585,0.561469],[0.527239,-0.424695,0.735971]],[[-0.0603011,0.998171,0.00420955],[-0.831145,-0.0525453,0.553567],[0.552776,0.0298819,0.832794]],[[-0.0603011,0.998171,0.00420955],[-0.982132,-0.0600843,0.178343],[0.178269,0.00661991,0.983959]],[[-0.0603011,0.998171,0.00420955],[-0.630511,-0.0348201,-0.775399],[-0.773834,-0.0494116,0.631458]]],"btipPosition":[17.3013,270.606,-8.47317],"carpPosition":[32.8589,271.167,81.4058],"dipPosition":[-0.805337,269.45,6.30206],"direction":[-0.178269,-0.00661991,-0.983959],"extended":false,"handId":479,"id":4790,"length":52.1052,"mcpPosition":[32.8589,271.167,81.4058],"pipPosition":[5.27156,269.676,39.8436],"stabilizedTipPosition":[8.30602,242.538,78.2028],"timeVisible":0.578638,"tipPosition":[12.4653,270.394,-5.89782],"tipVelocity":[11.6816,13.1343,-94.9927],"tool":false,"touchDistance":-0.491334,"touchZone":"touching","type":0,"width":20.2457},{"bases":[[[0.942332,0.314516,-0.11441],[-0.229168,0.855515,0.464301],[0.24391,-0.411307,0.878257]],[[0.955947,0.287696,-0.058272],[-0.273986,0.945754,0.174587],[0.105339,-0.15093,0.982916]],[[0.955947,0.287696,-0.058272],[-0.286381,0.957647,0.029976],[0.064428,-0.0119675,0.997851]],[[0.955947,0.287696,-0.058272],[-0.291559,0.95362,-0.0748496],[0.0340354,0.088542,0.995491]]],"btipPosition":[11.1859,329.998,-63.4737],"carpPosition":[35.7893,294.485,84.4631],"dipPosition":[11.7673,331.51,-46.4688],"direction":[-0.064428,0.0119675,-0.997851],"extended":true,"handId":479,"id":4791,"length":58.7949,"mcpPosition":[17.8488,324.738,19.8639],"pipPosition":[13.3242,331.221,-22.3555],"stabilizedTipPosition":[10.6355,304.942,24.3715],"timeVisible":0.578638,"tipPosition":[11.1325,329.619,-59.4469],"tipVelocity":[12.7151,2.72821,-133.848],"tool":false,"touchDistance":-0.553003,"touchZone":"touching","type":1,"width":19.3387},{"bases":[[[0.99179,0.105572,-0.0721668],[-0.0611462,0.887134,0.457444],[0.112315,-0.449275,0.886305]],[[0.991777,0.105624,-0.0722693],[-0.122465,0.619232,-0.775599],[-0.0371703,0.778071,0.627075]],[[0.991777,0.105624,-0.0722693],[-0.0591071,-0.122829,-0.990666],[-0.113515,0.986791,-0.115576]],[[0.991777,0.105624,-0.0722693],[-0.0161234,-0.457068,-0.889286],[-0.126962,0.883138,-0.451606]]],"btipPosition":[46.3011,249.209,3.07204],"carpPosition":[46.7316,300.013,83.3428],"dipPosition":[43.9158,265.801,-5.41272],"direction":[0.113515,-0.986791,0.115576],"extended":false,"handId":479,"id":4792,"length":66.9921,"mcpPosition":[38.8973,331.352,21.5202],"pipPosition":[40.6885,293.856,-8.69859],"stabilizedTipPosition":[44.2853,229.032,69.0631],"timeVisible":0.578638,"tipPosition":[45.5746,253.501,-0.600226],"tipVelocity":[1.23145,9.55905,-68.7459],"tool":false,"touchDistance":0.333333,"touchZone":"none","type":2,"width":18.9931},{"bases":[[[0.999276,-0.0288717,0.0247696],[0.0134805,0.877635,0.479139],[-0.0355722,-0.478459,0.877389]],[[0.999909,-0.0114255,-0.00720416],[0.000698144,0.576365,-0.817192],[0.0134891,0.817113,0.57632]],[[0.999909,-0.0114255,-0.00720416],[-0.00917862,-0.183468,-0.982983],[0.00990935,0.982959,-0.183556]],[[0.999909,-0.0114255,-0.00720416],[-0.0119358,-0.497738,-0.867245],[0.00632294,0.867252,-0.497829]]],"btipPosition":[59.9389,252.51,15.8366],"carpPosition":[58.7063,302.471,82.1455],"dipPosition":[60.057,268.71,6.53714],"direction":[-0.00990935,-0.982959,0.183556],"extended":false,"handId":479,"id":4793,"length":64.4147,"mcpPosition":[60.934,332.435,27.1976],"pipPosition":[60.3315,295.934,1.45336],"stabilizedTipPosition":[61.4192,238.079,66.4534],"timeVisible":0.578638,"tipPosition":[59.972,256.587,11.9237],"tipVelocity":[-5.13343,17.7079,-69.7451],"tool":false,"touchDistance":0.333333,"touchZone":"none","type":3,"width":18.0732},{"bases":[[[0.972387,-0.228665,0.0466409],[0.165544,0.816719,0.552779],[-0.164494,-0.529794,0.832021]],[[0.959717,-0.262441,0.100338],[0.242692,0.594371,-0.766697],[0.141575,0.760163,0.63412]],[[0.959717,-0.262441,0.100338],[0.0671257,-0.132607,-0.988893],[0.272831,0.955793,-0.109649]],[[0.959717,-0.262441,0.100338],[-0.0262965,-0.439447,-0.897884],[0.279734,0.859076,-0.428646]]],"btipPosition":[66.3554,268.215,18.7641],"carpPosition":[71.9799,297.869,79.8848],"dipPosition":[71.1761,283.02,11.3772],"direction":[-0.272831,-0.955793,0.109649],"extended":false,"handId":479,"id":4794,"length":50.4999,"mcpPosition":[81.5161,328.583,31.6502],"pipPosition":[76.5112,301.71,9.23301],"stabilizedTipPosition":[74.5461,251.229,73.7674],"timeVisible":0.578638,"tipPosition":[67.7458,271.968,15.5383],"tipVelocity":[-10.1304,20.3518,-79.5583],"tool":false,"touchDistance":0.333333,"touchZone":"none","type":4,"width":16.054}],"r":[[0.977503,0.153524,0.144633],[-0.15296,0.988117,-0.0150789],[-0.14523,-0.00738347,0.98937]],"s":1.08899,"t":[-25.0082,128.806,-177.887],"timestamp":521829324443},false],[6,{"currentFrameRate":108.525,"devices":[],"gestures":[],"hands":[{"armBasis":[[0.848685,0.418681,-0.323172],[-0.204729,0.823449,0.529168],[0.487668,-0.382934,0.784565]],"armWidth":63.7064,"confidence":0.794668,"direction":[-0.112231,0.576171,-0.809587],"elbow":[189.461,184.945,296.236],"grabStrength":0,"id":479,"palmNormal":[0.197454,-0.785556,-0.586442],"palmPosition":[45.1906,314.309,38.0121],"palmVelocity":[-18.0815,25.6269,-128.277],"palmWidth":90.9705,"pinchStrength":0.666165,"r":[[0.9768,0.155546,0.147195],[-0.154599,0.987815,-0.0179285],[-0.14819,-0.00524348,0.988945]],"s":1.08952,"sphereCenter":[50.9228,286.73,-4.94124],"sphereRadius":48.2693,"stabilizedPalmPosition":[55.9045,285.297,119.771],"t":[-25.2049,129.022,-179.002],"timeVisible":0.587479,"type":"right","wrist":[57.8189,288.315,84.4485]}],"id":4142705,"interactionBox":{"center":[0,200,0],"size":[235.247,235.247,147.751]},"pointables":[{"bases":[[[0.193373,0.905862,0.376855],[-0.828266,-0.0551681,0.557613],[0.525911,-0.419964,0.739627]],[[-0.0655881,0.997846,0.00129983],[-0.832239,-0.0554214,0.551641],[0.550524,0.0350993,0.834081]],[[-0.0655881,0.997846,0.00129983],[-0.982782,-0.0648233,0.173026],[0.172738,0.010071,0.984916]],[[-0.0655881,0.997846,0.00129983],[-0.623205,-0.0399457,-0.781037],[-0.779303,-0.0520368,0.624483]]],"btipPosition":[17.4491,270.552,-9.65625],"carpPosition":[32.5778,271.429,80.1563],"dipPosition":[-0.785478,269.334,4.95577],"direction":[-0.172738,-0.010071,-0.984916],"extended":false,"handId":479,"id":4790,"length":52.1052,"mcpPosition":[32.5778,271.429,80.1563],"pipPosition":[5.10287,269.678,38.5299],"stabilizedTipPosition":[8.30626,242.539,78.1987],"timeVisible":0.587479,"tipPosition":[12.6305,270.317,-7.12325],"tipVelocity":[12.1438,7.48427,-106.641],"tool":false,"touchDistance":-0.488843,"touchZone":"touching","type":0,"width":20.2457},{"bases":[[[0.941197,0.31921,-0.110691],[-0.235937,0.8555,0.460926],[0.241829,-0.407706,0.880508]],[[0.954849,0.292217,-0.0536041],[-0.279561,0.944819,0.170773],[0.100549,-0.148077,0.983851]],[[0.954849,0.292217,-0.0536041],[-0.29114,0.956297,0.027081],[0.0591749,-0.010252,0.998195]],[[0.954849,0.292217,-0.0536041],[-0.29572,0.952163,-0.0770398],[0.0285275,0.0894131,0.995586]]],"btipPosition":[11.3464,329.839,-64.9864],"carpPosition":[35.37,294.77,83.1661],"dipPosition":[11.8337,331.367,-47.9798],"direction":[-0.0591749,0.010252,-0.998195],"extended":true,"handId":479,"id":4791,"length":58.7949,"mcpPosition":[17.5826,324.758,18.4013],"pipPosition":[13.2637,331.119,-23.8582],"stabilizedTipPosition":[10.6355,304.943,24.3675],"timeVisible":0.587479,"tipPosition":[11.2632,329.467,-60.9608],"tipVelocity":[13.5248,-2.75194,-143.912],"tool":false,"touchDistance":-0.548721,"touchZone":"touching","type":1,"width":19.3387},{"bases":[[[0.991555,0.110642,-0.0676578],[-0.0680533,0.887992,0.454796],[0.110399,-0.446351,0.888022]],[[0.99153,0.110744,-0.0678603],[-0.122088,0.616446,-0.777874],[-0.0443124,0.77957,0.624745]],[[0.99153,0.110744,-0.0678603],[-0.0535937,-0.12707,-0.990445],[-0.118309,0.985692,-0.120058]],[[0.99153,0.110744,-0.0678603],[-0.00922169,-0.461134,-0.887283],[-0.129554,0.880393,-0.456207]]],"btipPosition":[46.5205,249.356,2.0197],"carpPosition":[46.2882,300.354,82.084],"dipPosition":[44.0864,265.897,-6.55151],"direction":[0.118309,-0.985692,0.120058],"extended":false,"handId":479,"id":4792,"length":66.9921,"mcpPosition":[38.5875,331.488,20.1417],"pipPosition":[40.7229,293.92,-9.9648],"stabilizedTipPosition":[44.2854,229.033,69.0604],"timeVisible":0.587479,"tipPosition":[45.7931,253.608,-1.63594],"tipVelocity":[7.26602,11.1051,-82.9536],"tool":false,"touchDistance":0.333333,"touchZone":"none","type":2,"width":18.9931},{"bases":[[[0.999283,-0.0235058,0.0296687],[0.0065167,0.878946,0.476877],[-0.0372866,-0.476342,0.878469]],[[0.999978,-0.006209,-0.00222108],[0.00174908,0.574491,-0.818509],[0.00635811,0.818487,0.574489]],[[0.999978,-0.006209,-0.00222108],[-0.00334315,-0.187018,-0.982351],[0.00568403,0.982337,-0.187035]],[[0.999978,-0.006209,-0.00222108],[-0.00503507,-0.501418,-0.86519],[0.00425828,0.865183,-0.501439]]],"btipPosition":[60.0695,252.773,14.8071],"carpPosition":[58.2553,302.871,80.9381],"dipPosition":[60.149,268.934,5.4402],"direction":[-0.00568403,-0.982337,0.187035],"extended":false,"handId":479,"id":4793,"length":64.4147,"mcpPosition":[60.5904,332.703,25.9225],"pipPosition":[60.3064,296.141,0.260065],"stabilizedTipPosition":[61.419,238.082,66.4445],"timeVisible":0.587479,"tipPosition":[60.1013,256.817,10.9154],"tipVelocity":[-0.0230685,20.6783,-82.8504],"tool":false,"touchDistance":0.333333,"touchZone":"none","type":3,"width":18.0732},{"bases":[[[0.973346,-0.223381,0.0519381],[0.158542,0.81903,0.551411],[-0.165714,-0.528479,0.832616]],[[0.960465,-0.257376,0.106135],[0.243769,0.593333,-0.767159],[0.134475,0.762702,0.632616]],[[0.960465,-0.257376,0.106135],[0.072404,-0.137186,-0.987896],[0.26882,0.956524,-0.113128]],[[0.960465,-0.257376,0.106135],[-0.0202297,-0.444744,-0.895429],[0.277664,0.857882,-0.432367]]],"btipPosition":[66.3752,268.521,17.7838],"carpPosition":[71.5639,298.335,78.7536],"dipPosition":[71.1602,283.305,10.3327],"direction":[-0.26882,-0.956524,0.113128],"extended":false,"handId":479,"id":4794,"length":50.4999,"mcpPosition":[81.1708,328.972,30.4846],"pipPosition":[76.4169,302.009,8.12055],"stabilizedTipPosition":[74.545,251.