{"sensorType":"Leap","data":[[0,{"currentFrameRate":102.582,"devices":[],"gestures":[],"hands":[{"armBasis":[[0.895563,0.319144,-0.310023],[-0.119419,0.843627,0.523481],[0.42861,-0.431787,0.793633]],"armWidth":63.7064,"confidence":0.735011,"direction":[-0.182153,0.700584,-0.689929],"elbow":[187.415,169.208,290.248],"grabStrength":0,"id":477,"palmNormal":[0.0760324,-0.689532,-0.720254],"palmPosition":[54.7386,319.211,36.2049],"palmVelocity":[-23.6224,76.4619,-251.535],"palmWidth":90.9705,"pinchStrength":0.433222,"r":[[0.983779,0.107175,0.143851],[-0.142753,0.953347,0.265992],[-0.108633,-0.282212,0.953182]],"s":1.06153,"sphereCenter":[64.1613,298.491,-11.3701],"sphereRadius":49.6741,"stabilizedPalmPosition":[60.5378,290.052,93.7822],"t":[-23.4086,122.96,-158.829],"timeVisible":0.370573,"type":"right","wrist":[71.7155,285.765,76.0127]}],"id":4141953,"interactionBox":{"center":[0,200,0],"size":[235.247,235.247,147.751]},"pointables":[{"bases":[[[0.290931,0.827344,0.48048],[-0.751875,-0.112848,0.649576],[0.591644,-0.550243,0.589228]],[[0.101516,0.953678,0.283182],[-0.797678,-0.0920681,0.596014],[0.594478,-0.286393,0.751382]],[[0.101516,0.953678,0.283182],[-0.966762,0.0274259,0.254204],[0.234663,-0.299575,0.924764]],[[0.101516,0.953678,0.283182],[-0.906937,0.205703,-0.36763],[-0.408852,-0.219508,0.885808]]],"btipPosition":[17.1172,300.33,-17.0918],"carpPosition":[45.2185,270.689,72.6577],"dipPosition":[7.55067,295.194,3.63486],"direction":[-0.234663,0.299575,-0.924764],"extended":false,"handId":477,"id":4770,"length":52.1052,"mcpPosition":[45.2185,270.689,72.6577],"pipPosition":[15.5499,284.982,35.1585],"stabilizedTipPosition":[15.0802,273.249,38.4938],"timeVisible":0.370573,"tipPosition":[14.4788,298.229,-12.5691],"tipVelocity":[12.6825,74.1303,-262.176],"tool":false,"touchDistance":-0.647105,"touchZone":"hovering","type":0,"width":20.2457},{"bases":[[[0.935825,0.298676,-0.187147],[-0.126245,0.779778,0.613195],[0.32908,-0.550217,0.767442]],[[0.968087,0.231747,-0.0953946],[-0.186818,0.921055,0.341697],[0.167051,-0.312971,0.934956]],[[0.968087,0.231747,-0.0953946],[-0.227901,0.972422,0.0495665],[0.104251,-0.0262442,0.994205]],[[0.968087,0.231747,-0.0953946],[-0.245008,0.955245,-0.165763],[0.05271,0.183846,0.981541]]],"btipPosition":[14.8883,344.552,-58.6258],"carpPosition":[49.6884,293.144,78.7738],"dipPosition":[15.7887,347.692,-41.8591],"direction":[-0.104251,0.0262442,-0.994205],"extended":true,"handId":477,"id":4771,"length":58.7949,"mcpPosition":[25.4833,333.615,22.3254],"pipPosition":[18.3079,347.058,-17.8339],"stabilizedTipPosition":[14.9295,317.746,5.45401],"timeVisible":0.370573,"tipPosition":[15.4886,344.868,-53.9358],"tipVelocity":[8.62505,65.0524,-288.851],"tool":false,"touchDistance":-0.693535,"touchZone":"hovering","type":1,"width":19.3387},{"bases":[[[0.979399,0.0842546,-0.183516],[0.0410404,0.806778,0.589428],[0.197719,-0.584817,0.7867]],[[0.979324,0.0844769,-0.183815],[-0.183166,0.755998,-0.628424],[0.0858767,0.6491,0.75584]],[[0.979324,0.0844769,-0.183815],[-0.159899,-0.233366,-0.959152],[-0.123923,0.968712,-0.215034]],[[0.979324,0.0844769,-0.183815],[-0.0815304,-0.666759,-0.7408],[-0.185141,0.74047,-0.646086]]],"btipPosition":[49.7481,266.493,4.03968],"carpPosition":[60.6764,298.433,77.0863],"dipPosition":[46.2696,280.405,-8.09897],"direction":[0.123923,-0.968712,0.215034],"extended":false,"handId":477,"id":4772,"length":66.9921,"mcpPosition":[46.8849,339.226,22.2116],"pipPosition":[42.7465,307.945,-14.2124],"stabilizedTipPosition":[53.245,238.755,59.931],"timeVisible":0.370573,"tipPosition":[48.9049,269.725,0.907809],"tipVelocity":[-4.09057,62.5953,-223.281],"tool":false,"touchDistance":0.333333,"touchZone":"none","type":2,"width":18.9931},{"bases":[[[0.991921,-0.063784,-0.109655],[0.117191,0.791682,0.599588],[0.0485675,-0.607595,0.792761]],[[0.990652,-0.0507415,-0.126628],[-0.0526228,0.714259,-0.6979],[0.125857,0.69804,0.704912]],[[0.990652,-0.0507415,-0.126628],[-0.136063,-0.3008,-0.943931],[0.00980689,0.952336,-0.304892]],[[0.990652,-0.0507415,-0.126628],[-0.125628,-0.701134,-0.701875],[-0.0531687,0.711222,-0.700954]]],"btipPosition":[64.5795,267.877,15.1304],"carpPosition":[72.5216,300.669,74.7286],"dipPosition":[63.5863,281.163,2.03661],"direction":[-0.00980689,-0.952336,0.304892],"extended":false,"handId":477,"id":4773,"length":64.4147,"mcpPosition":[69.4799,338.72,25.0807],"pipPosition":[63.8579,307.539,-6.40771],"stabilizedTipPosition":[68.8236,243.135,64.8261],"timeVisible":0.370573,"tipPosition":[64.2894,271.084,11.4803],"tipVelocity":[-5.48725,60.1802,-187.725],"tool":false,"touchDistance":0.333333,"touchZone":"none","type":3,"width":18.0732},{"bases":[[[0.957786,-0.263604,-0.114716],[0.273872,0.715313,0.642901],[-0.0874133,-0.647179,0.75731]],[[0.948937,-0.309795,-0.0595534],[0.187677,0.706128,-0.68276],[0.253568,0.636719,0.728212]],[[0.948937,-0.309795,-0.0595534],[-0.142126,-0.251298,-0.957418],[0.281637,0.916993,-0.282495]],[[0.948937,-0.309795,-0.0595534],[-0.253581,-0.63677,-0.728162],[0.187659,0.706081,-0.682813]]],"btipPosition":[72.5254,280.97,17.745],"carpPosition":[85.1631,296.059,70.1008],"dipPosition":[75.7593,293.138,5.97802],"direction":[-0.281637,-0.916993,0.282495],"extended":false,"handId":477,"id":4774,"length":50.4999,"mcpPosition":[90.2307,333.578,26.1974],"pipPosition":[81.2667,311.069,0.453925],"stabilizedTipPosition":[79.2434,254.777,69.0813],"timeVisible":0.370573,"tipPosition":[73.6456,283.598,14.6826],"tipVelocity":[-37.9051,75.8957,-210.033],"tool":false,"touchDistance":0.333333,"touchZone":"none","type":4,"width":16.054}],"r":[[0.983779,0.107175,0.143851],[-0.142753,0.953347,0.265992],[-0.108633,-0.282212,0.953182]],"s":1.06153,"t":[-23.4086,122.96,-158.829],"timestamp":521821543849},false],[1,{"currentFrameRate":102.954,"devices":[],"gestures":[],"hands":[{"armBasis":[[0.896761,0.319336,-0.306339],[-0.123441,0.845311,0.519818],[0.424949,-0.428338,0.797462]],"armWidth":63.7064,"confidence":0.742286,"direction":[-0.179369,0.700162,-0.691086],"elbow":[185.978,170.466,289.612],"grabStrength":0,"id":477,"palmNormal":[0.0803986,-0.689697,-0.719621],"palmPosition":[54.4569,319.507,34.4388],"palmVelocity":[-25.7254,64.4799,-236.307],"palmWidth":90.9705,"pinchStrength":0.431734,"r":[[0.983121,0.107366,0.148143],[-0.143851,0.953934,0.263281],[-0.113051,-0.280148,0.953277]],"s":1.06311,"sphereCenter":[64.0328,298.768,-13.0522],"sphereRadius":49.6552,"stabilizedPalmPosition":[60.4913,290.277,93.3293],"t":[-23.6274,123.34,-160.65],"timeVisible":0.379579,"type":"right","wrist":[71.2659,286.092,74.3438]}],"id":4141954,"interactionBox":{"center":[0,200,0],"size":[235.247,235.247,147.751]},"pointables":[{"bases":[[[0.287636,0.827806,0.481666],[-0.755047,-0.113404,0.645789],[0.589211,-0.549433,0.592414]],[[0.100621,0.953221,0.285035],[-0.801175,-0.0922351,0.59128],[0.589911,-0.287858,0.754416]],[[0.100621,0.953221,0.285035],[-0.968085,0.0277074,0.249087],[0.229538,-0.301002,0.925587]],[[0.100621,0.953221,0.285035],[-0.903922,0.207285,-0.37411],[-0.415694,-0.220006,0.882494]]],"btipPosition":[17.2633,300.762,-18.9919],"carpPosition":[44.8018,270.987,70.8594],"dipPosition":[7.53661,295.614,1.6572],"direction":[-0.229538,0.301002,-0.925587],"extended":false,"handId":477,"id":4770,"length":52.1052,"mcpPosition":[44.8018,270.987,70.8594],"pipPosition":[15.3612,285.353,33.2089],"stabilizedTipPosition":[15.0797,273.476,38.0387],"timeVisible":0.379579,"tipPosition":[14.5756,298.649,-14.487],"tipVelocity":[12.5298,66.8556,-248.656],"tool":false,"touchDistance":-0.639497,"touchZone":"hovering","type":0,"width":20.2457},{"bases":[[[0.936455,0.299578,-0.182496],[-0.13016,0.779855,0.612278],[0.325745,-0.549617,0.769292]],[[0.968111,0.233283,-0.0913278],[-0.190366,0.922,0.33716],[0.162858,-0.309023,0.937007]],[[0.968111,0.233283,-0.0913278],[-0.229072,0.971894,0.0543008],[0.101428,-0.0316485,0.994339]],[[0.968111,0.233283,-0.0913278],[-0.245175,0.957168,-0.15401],[0.0514882,0.17149,0.98384]]],"btipPosition":[14.9318,344.985,-60.6758],"carpPosition":[49.2175,293.449,76.9904],"dipPosition":[15.8113,347.914,-43.8699],"direction":[-0.101428,0.0316485,-0.994339],"extended":true,"handId":477,"id":4771,"length":58.7949,"mcpPosition":[25.2576,333.876,20.406],"pipPosition":[18.2624,347.149,-19.8415],"stabilizedTipPosition":[14.9306,317.894,5.1223],"timeVisible":0.379579,"tipPosition":[15.541,345.221,-55.9958],"tipVelocity":[7.43663,58.9095,-271.756],"tool":false,"touchDistance":-0.68313,"touchZone":"hovering","type":1,"width":19.3387},{"bases":[[[0.980231,0.0852028,-0.178571],[0.0372162,0.807019,0.589351],[0.194324,-0.584346,0.787894]],[[0.980167,0.0853952,-0.17883],[-0.18078,0.754982,-0.630334],[0.081186,0.650161,0.755446]],[[0.980167,0.0853952,-0.17883],[-0.154565,-0.235333,-0.959546],[-0.124025,0.968156,-0.217466]],[[0.980167,0.0853952,-0.17883],[-0.0767939,-0.668215,-0.739994],[-0.182689,0.739051,-0.648404]]],"btipPosition":[49.6998,266.767,2.35868],"carpPosition":[60.2085,298.749,75.3569],"dipPosition":[46.2675,280.652,-9.82353],"direction":[0.124025,-0.968156,0.217466],"extended":false,"handId":477,"id":4772,"length":66.9921,"mcpPosition":[46.6537,339.509,20.3989],"pipPosition":[42.7414,308.177,-16.0062],"stabilizedTipPosition":[53.2164,238.962,59.5316],"timeVisible":0.379579,"tipPosition":[48.8648,269.996,-0.802041],"tipVelocity":[-4.11533,53.579,-213.523],"tool":false,"touchDistance":0.333333,"touchZone":"none","type":2,"width":18.9931},{"bases":[[[0.99253,-0.0627978,-0.104595],[0.11333,0.792005,0.599903],[0.0451675,-0.607276,0.793206]],[[0.991322,-0.0496524,-0.121722],[-0.0505825,0.710571,-0.701805],[0.121338,0.701871,0.701893]],[[0.991322,-0.0496524,-0.121722],[-0.131125,-0.307463,-0.942482],[0.00937144,0.950264,-0.311306]],[[0.991322,-0.0496524,-0.121722],[-0.121068,-0.705639,-0.698152],[-0.051227,0.706829,-0.705527]]],"btipPosition":[64.5116,268.153,13.8305],"carpPosition":[72.0631,300.996,73.0587],"dipPosition":[63.5547,281.356,0.651214],"direction":[-0.00937144,-0.950264,0.311306],"extended":false,"handId":477,"id":4773,"length":64.4147,"mcpPosition":[69.2344,339.027,23.3829],"pipPosition":[63.8143,307.675,-7.97073],"stabilizedTipPosition":[68.7888,243.351,64.4112],"timeVisible":0.379579,"tipPosition":[64.2213,271.344,10.089],"tipVelocity":[-5.79461,51.4776,-176.407],"tool":false,"touchDistance":0.333333,"touchZone":"none","type":3,"width":18.0732},{"bases":[[[0.958627,-0.262655,-0.109761],[0.269867,0.715813,0.644037],[-0.0905907,-0.647012,0.757079]],[[0.947239,-0.317488,-0.0440455],[0.201998,0.697983,-0.687035],[0.248868,0.641889,0.725288]],[[0.947239,-0.317488,-0.0440455],[-0.131673,-0.26015,-0.956548],[0.292234,0.911879,-0.288229]],[[0.947239,-0.317488,-0.0440455],[-0.248718,-0.64137,-0.725799],[0.202183,0.69846,-0.686496]]],"btipPosition":[71.9879,281.347,16.4332],"carpPosition":[84.7327,296.398,68.4967],"dipPosition":[75.4721,293.384,4.60274],"direction":[-0.292234,-0.911879,0.288229],"extended":false,"handId":477,"id":4774,"length":50.4999,"mcpPosition":[89.9845,333.907,24.6067],"pipPosition":[81.1866,311.215,-1.03347],"stabilizedTipPosition":[79.182,255.056,68.5549],"timeVisible":0.379579,"tipPosition":[73.2474,283.959,13.2708],"tipVelocity":[-42.1324,65.643,-192.793],"tool":false,"touchDistance":0.333333,"touchZone":"none","type":4,"width":16.054}],"r":[[0.983121,0.107366,0.148143],[-0.143851,0.953934,0.263281],[-0.113051,-0.280148,0.953277]],"s":1.06311,"t":[-23.6274,123.34,-160.65],"timestamp":521821552855},false],[2,{"currentFrameRate":103.243,"devices":[],"gestures":[],"hands":[{"armBasis":[[0.897613,0.314927,-0.308404],[-0.12069,0.848527,0.515204],[0.423941,-0.425232,0.799657]],"armWidth":63.7064,"confidence":0.653437,"direction":[-0.170921,0.702734,-0.690616],"elbow":[185.416,171.128,289.19],"grabStrength":0,"id":477,"palmNormal":[0.0787946,-0.688936,-0.720526],"palmPosition":[54.6044,319.527,33.4068],"palmVelocity":[-14.0791,47.1523,-201.977],"palmWidth":90.9705,"pinchStrength":0.417567,"r":[[0.982591,0.10603,0.152553],[-0.143573,0.954512,0.261329],[-0.117905,-0.278682,0.953118]],"s":1.06489,"sphereCenter":[64.1878,298.811,-14.0359],"sphereRadius":49.6423,"stabilizedPalmPosition":[60.4555,290.455,92.9646],"t":[-23.663,123.539,-162.076],"timeVisible":0.388719,"type":"right","wrist":[70.9768,285.916,73.3287]}],"id":4141955,"interactionBox":{"center":[0,200,0],"size":[235.247,235.247,147.751]},"pointables":[{"bases":[[[0.291378,0.824783,0.484594],[-0.758945,-0.109058,0.641957],[0.582324,-0.554832,0.594188]],[[0.107143,0.951522,0.288317],[-0.804844,-0.087249,0.587039],[0.583735,-0.294947,0.756478]],[[0.107143,0.951522,0.288317],[-0.968762,0.0346803,0.245555],[0.223652,-0.30562,0.925514]],[[0.107143,0.951522,0.288317],[-0.900441,0.215824,-0.377658],[-0.421576,-0.219149,0.879913]]],"btipPosition":[17.5276,301.278,-20.202],"carpPosition":[44.4197,271.012,69.6895],"dipPosition":[7.66336,296.15,0.386751],"direction":[-0.223652,0.30562,-0.925514],"extended":false,"handId":477,"id":4770,"length":52.1052,"mcpPosition":[44.4197,271.012,69.6895],"pipPosition":[15.2873,285.732,31.936],"stabilizedTipPosition":[15.081,273.668,37.6528],"timeVisible":0.388719,"tipPosition":[14.8286,299.176,-15.7139],"tipVelocity":[16.1278,64.1043,-216.734],"tool":false,"touchDistance":-0.62224,"touchZone":"hovering","type":0,"width":20.2457},{"bases":[[[0.939488,0.29304,-0.177452],[-0.127379,0.779655,0.613117],[0.318019,-0.553412,0.769804]],[[0.970089,0.226717,-0.0867572],[-0.18586,0.923586,0.335327],[0.156152,-0.309173,0.938099]],[[0.970089,0.226717,-0.0867572],[-0.222145,0.97321,0.0592757],[0.0978718,-0.03823,0.994464]],[[0.970089,0.226717,-0.0867572],[-0.237393,0.960693,-0.143926],[0.0507166,0.160216,0.985778]]],"btipPosition":[15.6401,345.603,-61.9031],"carpPosition":[48.9703,293.43,75.8838],"dipPosition":[16.5064,348.339,-45.0641],"direction":[-0.0978718,0.03823,-0.994464],"extended":true,"handId":477,"id":4771,"length":58.7949,"mcpPosition":[25.5788,334.136,19.2617],"pipPosition":[18.8715,347.416,-21.0326],"stabilizedTipPosition":[14.9346,318.021,4.8405],"timeVisible":0.388719,"tipPosition":[16.2456,345.777,-57.2325],"tipVelocity":[26.8343,59.9751,-233.279],"tool":false,"touchDistance":-0.661446,"touchZone":"hovering","type":1,"width":19.3387},{"bases":[[[0.981674,0.0783429,-0.173721],[0.0402994,0.805634,0.591042],[0.18626,-0.587211,0.787712]],[[0.981637,0.0784576,-0.173875],[-0.173034,0.74991,-0.638509],[0.0802949,0.656871,0.749716]],[[0.981637,0.0784576,-0.173875],[-0.149983,-0.245779,-0.957652],[-0.11787,0.966145,-0.229499]],[[0.981637,0.0784576,-0.173875],[-0.0761046,-0.67474,-0.734122],[-0.174918,0.733874,-0.656379]]],"btipPosition":[49.7834,266.701,2.09536],"carpPosition":[60.0075,298.652,74.3128],"dipPosition":[46.497,280.489,-10.2367],"direction":[0.11787,-0.966145,0.229499],"extended":false,"handId":477,"id":4772,"length":66.9921,"mcpPosition":[47.0153,339.611,19.3675],"pipPosition":[43.1459,307.957,-16.7614],"stabilizedTipPosition":[53.1946,239.123,59.218],"timeVisible":0.388719,"tipPosition":[48.9318,269.992,-1.34447],"tipVelocity":[0.594606,35.9763,-163.186],"tool":false,"touchDistance":0.333333,"touchZone":"none","type":2,"width":18.9931},{"bases":[[[0.992534,-0.0698805,-0.0999672],[0.11625,0.790043,0.601929],[0.0369153,-0.609056,0.792268]],[[0.991503,-0.0566866,-0.117085],[-0.0420171,0.712266,-0.700651],[0.123113,0.699617,0.703831]],[[0.991503,-0.0566866,-0.117085],[-0.128861,-0.304765,-0.94367],[0.0178099,0.950739,-0.30948]],[[0.991503,-0.0566866,-0.117085],[-0.122882,-0.703491,-0.7],[-0.0426878,0.70844,-0.704479]]],"btipPosition":[64.382,268.142,12.7494],"carpPosition":[71.8892,300.816,72.0755],"dipPosition":[63.5846,281.375,-0.410307],"direction":[-0.0178099,-0.950739,0.30948],"extended":false,"handId":477,"id":4773,"length":64.4147,"mcpPosition":[69.5774,338.959,22.4585],"pipPosition":[64.0779,307.707,-8.98169],"stabilizedTipPosition":[68.7609,243.52,64.0785],"timeVisible":0.388719,"tipPosition":[64.1336,271.339,9.02117],"tipVelocity":[-7.01064,37.0324,-160.1],"tool":false,"touchDistance":0.333333,"touchZone":"none","type":3,"width":18.0732},{"bases":[[[0.957193,-0.269473,-0.105672],[0.272011,0.712623,0.646667],[-0.0989555,-0.647729,0.755417]],[[0.94349,-0.329698,-0.0335404],[0.217977,0.693625,-0.686564],[0.249623,0.640455,0.726295]],[[0.94349,-0.329698,-0.0335404],[-0.125523,-0.261858,-0.956909],[0.306708,0.907044,-0.288446]],[[0.94349,-0.329698,-0.0335404],[-0.249684,-0.640648,-0.726105],[0.217908,0.693448,-0.686765]]],"btipPosition":[71.7059,281.356,15.5716],"carpPosition":[84.5466,296.134,67.5655],"dipPosition":[75.4611,293.306,3.73653],"direction":[-0.306708,-0.907044,0.288446],"extended":false,"handId":477,"id":4774,"length":50.4999,"mcpPosition":[90.2833,333.684,23.7718],"pipPosition":[81.4587,311.043,-1.90392],"stabilizedTipPosition":[79.127,255.298,68.091],"timeVisible":0.388719,"tipPosition":[73.0674,283.939,12.3872],"tipVelocity":[-37.0975,47.0479,-165.415],"tool":false,"touchDistance":0.333333,"touchZone":"none","type":4,"width":16.054}],"r":[[0.982591,0.10603,0.152553],[-0.143573,0.954512,0.261329],[-0.117905,-0.278682,0.953118]],"s":1.06489,"t":[-23.663,123.539,-162.076],"timestamp":521821561995},false],[3,{"currentFrameRate":103.624,"devices":[],"gestures":[],"hands":[{"armBasis":[[0.899289,0.31537,-0.303019],[-0.124831,0.849111,0.513252],[0.419161,-0.423736,0.802964]],"armWidth":63.7064,"confidence":0.669245,"direction":[-0.170946,0.701655,-0.691707],"elbow":[183.906,171.868,288.952],"grabStrength":0,"id":477,"palmNormal":[0.0829244,-0.689304,-0.719711],"palmPosition":[54.4034,319.782,32.1997],"palmVelocity":[-16.3784,42.0768,-183.756],"palmWidth":90.9705,"pinchStrength":0.410659,"r":[[0.981998,0.105567,0.15664],[-0.144054,0.954933,0.259522],[-0.122183,-0.277415,0.952949]],"s":1.06638,"sphereCenter":[64.1724,299.049,-15.1856],"sphereRadius":49.6372,"stabilizedPalmPosition":[60.4268,290.594,92.6762],"t":[-23.7813,123.767,-163.393],"timeVisible":0.397649,"type":"right","wrist":[70.7567,286.253,72.1978]}],"id":4141956,"interactionBox":{"center":[0,200,0],"size":[235.247,235.247,147.751]},"pointables":[{"bases":[[[0.28754,0.826037,0.484752],[-0.760505,-0.110742,0.639819],[0.582196,-0.55263,0.596362]],[[0.10448,0.951641,0.288901],[-0.806694,-0.0888046,0.584259],[0.581661,-0.294098,0.758404]],[[0.10448,0.951641,0.288901],[-0.969294,0.0324166,0.24376],[0.222607,-0.305498,0.925806]],[[0.10448,0.951641,0.288901],[-0.899666,0.214253,-0.380389],[-0.423892,-0.220172,0.878544]]],"btipPosition":[17.5554,301.511,-21.4723],"carpPosition":[44.2541,271.268,68.4932],"dipPosition":[7.63689,296.359,-0.915618],"direction":[-0.222607,0.305498,-0.925806],"extended":false,"handId":477,"id":4770,"length":52.1052,"mcpPosition":[44.2541,271.268,68.4932],"pipPosition":[15.2252,285.945,30.6435],"stabilizedTipPosition":[15.0821,273.822,37.3399],"timeVisible":0.397649,"tipPosition":[14.8641,299.401,-16.9895],"tipVelocity":[12.1944,53.5679,-196.644],"tool":false,"touchDistance":-0.607515,"touchZone":"hovering","type":0,"width":20.2457},{"bases":[[[0.939145,0.29564,-0.174942],[-0.131458,0.779791,0.612083],[0.317374,-0.551836,0.771201]],[[0.969565,0.229785,-0.0845094],[-0.190074,0.924019,0.331754],[0.15432,-0.305594,0.939573]],[[0.969565,0.229785,-0.0845094],[-0.225159,0.972421,0.0608352],[0.0961578,-0.0399557,0.994564]],[[0.969565,0.229785,-0.0845094],[-0.239796,0.960909,-0.13839],[0.049406,0.154443,0.986766]]],"btipPosition":[15.5807,345.747,-63.2903],"carpPosition":[48.7209,293.704,74.6819],"dipPosition":[16.4246,348.385,-46.4344],"direction":[-0.0961578,0.0399557,-0.994564],"extended":true,"handId":477,"id":4771,"length":58.7949,"mcpPosition":[25.3769,334.294,17.9571],"pipPosition":[18.7483,347.42,-22.4005],"stabilizedTipPosition":[14.9376,318.12,4.61577],"timeVisible":0.397649,"tipPosition":[16.1839,345.898,-58.6283],"tipVelocity":[17.5421,47.3425,-211.901],"tool":false,"touchDistance":-0.644384,"touchZone":"hovering","type":1,"width":19.3387},{"bases":[[[0.981946,0.0810702,-0.170906],[0.0362077,0.806241,0.590478],[0.185662,-0.586006,0.78875]],[[0.98189,0.0812476,-0.171145],[-0.173822,0.745645,-0.643272],[0.0753489,0.661372,0.746264]],[[0.98189,0.0812476,-0.171145],[-0.145724,-0.25337,-0.95633],[-0.121063,0.963951,-0.236942]],[[0.98189,0.0812476,-0.171145],[-0.0709525,-0.679919,-0.729846],[-0.175663,0.728772,-0.661841]]],"btipPosition":[49.908,266.863,1.32966],"carpPosition":[59.7474,298.956,73.139],"dipPosition":[46.6077,280.555,-11.105],"direction":[0.121063,-0.963951,0.236942],"extended":false,"handId":477,"id":4772,"length":66.9921,"mcpPosition":[46.7969,339.832,18.1212],"pipPosition":[43.1658,307.961,-17.8413],"stabilizedTipPosition":[53.1785,239.245,58.9764],"timeVisible":0.397649,"tipPosition":[49.0366,270.149,-2.21252],"tipVelocity":[4.14257,30.4447,-142.783],"tool":false,"touchDistance":0.333333,"touchZone":"none","type":2,"width":18.9931},{"bases":[[[0.993023,-0.0670591,-0.0969953],[0.112171,0.790882,0.601601],[0.036369,-0.608284,0.792886]],[[0.992001,-0.0538485,-0.114172],[-0.0420239,0.711984,-0.700937],[0.119033,0.700128,0.704026]],[[0.992001,-0.0538485,-0.114172],[-0.125223,-0.305568,-0.9439],[0.0159404,0.950646,-0.309867]],[[0.992001,-0.0538485,-0.114172],[-0.11878,-0.704361,-0.699833],[-0.042733,0.707796,-0.705123]]],"btipPosition":[64.3911,268.423,11.5839],"carpPosition":[71.6292,301.154,70.9347],"dipPosition":[63.5929,281.645,-1.58781],"direction":[-0.0159404,-0.950646,0.309867],"extended":false,"handId":477,"id":4773,"length":64.4147,"mcpPosition":[69.3516,339.248,21.2789],"pipPosition":[64.0344,307.974,-10.1699],"stabilizedTipPosition":[68.7395,243.651,63.8175],"timeVisible":0.397649,"tipPosition":[64.146,271.607,7.88246],"tipVelocity":[-4.82611,35.4385,-152.113],"tool":false,"touchDistance":0.333333,"touchZone":"none","type":3,"width":18.0732},{"bases":[[[0.958283,-0.266759,-0.102635],[0.268026,0.713955,0.646861],[-0.0992794,-0.647385,0.755669]],[[0.943569,-0.330103,-0.0266248],[0.222747,0.69208,-0.686592],[0.245073,0.641917,0.726555]],[[0.943569,-0.330103,-0.0266248],[-0.119485,-0.26435,-0.956996],[0.308869,0.906174,-0.288875]],[[0.943569,-0.330103,-0.0266248],[-0.245312,-0.642661,-0.725816],[0.222483,0.691389,-0.687374]]],"btipPosition":[71.5313,281.708,14.467],"carpPosition":[84.3134,296.505,66.4658],"dipPosition":[75.3653,293.623,2.62142],"direction":[-0.308869,-0.906174,0.288875],"extended":false,"handId":477,"id":4774,"length":50.4999,"mcpPosition":[90.0689,334.036,22.6575],"pipPosition":[81.4052,311.343,-3.02743],"stabilizedTipPosition":[79.0795,255.504,67.6925],"timeVisible":0.397649,"tipPosition":[72.9309,284.274,11.2986],"tipVelocity":[-31.7584,44.7186,-154.109],"tool":false,"touchDistance":0.333333,"touchZone":"none","type":4,"width":16.054}],"r":[[0.981998,0.105567,0.15664],[-0.144054,0.954933,0.259522],[-0.122183,-0.277415,0.952949]],"s":1.06638,"t":[-23.7813,123.767,-163.393],"timestamp":521821570925},false],[4,{"currentFrameRate":103.933,"devices":[],"gestures":[],"hands":[{"armBasis":[[0.901505,0.314936,-0.296823],[-0.127209,0.84841,0.513827],[0.41365,-0.425459,0.804909]],"armWidth":63.7064,"confidence":0.694069,"direction":[-0.170243,0.696291,-0.697278],"elbow":[182.142,171.987,288.201],"grabStrength":0,"id":477,"palmNormal":[0.0867962,-0.694261,-0.71447],"palmPosition":[54.183,320.041,30.6312],"palmVelocity":[-18.5832,38.3856,-180.92],"palmWidth":90.9705,"pinchStrength":0.408299,"r":[[0.98136,0.105865,0.160392],[-0.145023,0.955573,0.256609],[-0.1261,-0.275087,0.953114]],"s":1.06767,"sphereCenter":[64.169,298.978,-16.5749],"sphereRadius":49.6488,"stabilizedPalmPosition":[60.4029,290.706,92.439],"t":[-23.9507,124.01,-164.836],"timeVisible":0.406691,"type":"right","wrist":[70.4799,286.836,70.9218]}],"id":4141957,"interactionBox":{"center":[0,200,0],"size":[235.247,235.247,147.751]},"pointables":[{"bases":[[[0.284129,0.830134,0.479738],[-0.76234,-0.107851,0.638127],[0.581471,-0.547034,0.6022]],[[0.102326,0.953527,0.283402],[-0.809106,-0.0859555,0.581342],[0.578685,-0.288788,0.762709]],[[0.102326,0.953527,0.283402],[-0.969972,0.0324498,0.241041],[0.220643,-0.299557,0.928215]],[[0.102326,0.953527,0.283402],[-0.898803,0.210701,-0.384394],[-0.426243,-0.215389,0.878592]]],"btipPosition":[17.5946,301.43,-23.0246],"carpPosition":[44.0229,271.766,67.239],"dipPosition":[7.62111,296.39,-2.46677],"direction":[-0.220643,0.299557,-0.928215],"extended":false,"handId":477,"id":4770,"length":52.1052,"mcpPosition":[44.0229,271.766,67.239],"pipPosition":[15.1425,286.179,29.1745],"stabilizedTipPosition":[15.0831,273.94,37.0908],"timeVisible":0.406691,"tipPosition":[14.8985,299.343,-18.5244],"tipVelocity":[9.64339,37.1149,-189.752],"tool":false,"touchDistance":-0.598377,"touchZone":"hovering","type":0,"width":20.2457},{"bases":[[[0.939053,0.296478,-0.174012],[-0.135179,0.783865,0.606038],[0.316079,-0.545579,0.776169]],[[0.96919,0.231719,-0.0835302],[-0.193768,0.926616,0.322236],[0.152069,-0.296122,0.942967]],[[0.96919,0.231719,-0.0835302],[-0.227501,0.972106,0.0570307],[0.0944153,-0.0362704,0.994872]],[[0.96919,0.231719,-0.0835302],[-0.241519,0.960602,-0.137523],[0.0483726,0.15346,0.98697]]],"btipPosition":[15.5313,345.36,-65.2134],"carpPosition":[48.4198,294.256,73.2809],"dipPosition":[16.3576,347.981,-48.3541],"direction":[-0.0944153,0.0362704,-0.994872],"extended":true,"handId":477,"id":4771,"length":58.7949,"mcpPosition":[25.171,334.386,16.1907],"pipPosition":[18.6391,347.105,-24.3128],"stabilizedTipPosition":[14.9396,318.192,4.44442],"timeVisible":0.406691,"tipPosition":[16.1363,345.501,-60.5651],"tipVelocity":[11.0761,22.3683,-212.094],"tool":false,"touchDistance":-0.637114,"touchZone":"hovering","type":1,"width":19.3387},{"bases":[[[0.982316,0.0820391,-0.168297],[0.0324974,0.810535,0.584788],[0.184386,-0.579916,0.793536]],[[0.982254,0.0822341,-0.168564],[-0.173485,0.739887,-0.649977],[0.0712682,0.667686,0.741024]],[[0.982254,0.0822341,-0.168564],[-0.141857,-0.262185,-0.954534],[-0.12269,0.961507,-0.245867]],[[0.982254,0.0822341,-0.168564],[-0.0667831,-0.686493,-0.724063],[-0.175261,0.722471,-0.668819]]],"btipPosition":[49.9246,266.887,0.230321],"carpPosition":[59.4396,299.522,71.7361],"dipPosition":[46.6318,280.461,-12.3354],"direction":[0.12269,-0.961507,0.245867],"extended":false,"handId":477,"id":4772,"length":66.9921,"mcpPosition":[46.5781,339.973,16.3845],"pipPosition":[43.1436,307.797,-19.3255],"stabilizedTipPosition":[53.1663,239.339,58.7896],"timeVisible":0.406691,"tipPosition":[49.0554,270.138,-3.34529],"tipVelocity":[3.55727,21.9655,-137.858],"tool":false,"touchDistance":0.333333,"touchZone":"none","type":2,"width":18.9931},{"bases":[[[0.99348,-0.0655311,-0.0932893],[0.108458,0.795426,0.596268],[0.0351306,-0.602498,0.797347]],[[0.992474,-0.0523345,-0.110711],[-0.0416421,0.705963,-0.707023],[0.115159,0.706312,0.698471]],[[0.992474,-0.0523345,-0.110711],[-0.1216,-0.314389,-0.941474],[0.0144654,0.947851,-0.318386]],[[0.992474,-0.0523345,-0.110711],[-0.114887,-0.710881,-0.693865],[-0.042389,0.701362,-0.711543]]],"btipPosition":[64.3705,268.558,10.5285],"carpPosition":[71.3236,301.73,69.5546],"dipPosition":[63.5787,281.66,-2.76318],"direction":[-0.0144654,-0.947851,0.318386],"extended":false,"handId":477,"id":4773,"length":64.4147,"mcpPosition":[69.1235,339.462,19.6195],"pipPosition":[63.9794,307.911,-11.5812],"stabilizedTipPosition":[68.7227,243.754,63.6097],"timeVisible":0.406691,"tipPosition":[64.1251,271.706,6.78848],"tipVelocity":[-4.07803,28.9517,-143.199],"tool":false,"touchDistance":0.333333,"touchZone":"none","type":3,"width":18.0732},{"bases":[[[0.9592,-0.265344,-0.0976078],[0.264335,0.719175,0.642585],[-0.100309,-0.642168,0.759972]],[[0.943594,-0.330606,-0.0181472],[0.227237,0.686481,-0.69073],[0.240817,0.647645,0.722885]],[[0.943594,-0.330606,-0.0181472],[-0.113904,-0.272658,-0.955345],[0.310895,0.903525,-0.294936]],[[0.943594,-0.330606,-0.0181472],[-0.241319,-0.649162,-0.721355],[0.226704,0.685046,-0.692327]]],"btipPosition":[71.3482,281.937,13.2458],"carpPosition":[84.0326,297.078,65.1603],"dipPosition":[75.255,293.743,1.3148],"direction":[-0.310895,-0.903525,0.294936],"extended":false,"handId":477,"id":4774,"length":50.4999,"mcpPosition":[89.8477,334.306,21.1026],"pipPosition":[81.3345,311.411,-4.45256],"stabilizedTipPosition":[79.0382,255.681,67.3466],"timeVisible":0.406691,"tipPosition":[72.7763,284.466,10.0748],"tipVelocity":[-28.0742,38.6047,-149.458],"tool":false,"touchDistance":0.333333,"touchZone":"none","type":4,"width":16.054}],"r":[[0.98136,0.105865,0.160392],[-0.145023,0.955573,0.256609],[-0.1261,-0.275087,0.953114]],"s":1.06767,"t":[-23.9507,124.01,-164.836],"timestamp":521821579967},false],[5,{"currentFrameRate":104.206,"devices":[],"gestures":[],"hands":[{"armBasis":[[0.898987,0.318217,-0.300932],[-0.12967,0.849676,0.511112],[0.418339,-0.420462,0.805111]],"armWidth":63.7064,"confidence":0.705805,"direction":[-0.166417,0.694257,-0.700223],"elbow":[182.773,173.956,286.327],"grabStrength":0,"id":477,"palmNormal":[0.0904254,-0.696388,-0.711946],"palmPosition":[53.7681,320.545,28.5193],"palmVelocity":[-26.0799,43.0992,-195.198],"palmWidth":90.9705,"pinchStrength":0.40785,"r":[[0.980669,0.106168,0.164365],[-0.14602,0.956236,0.253555],[-0.130252,-0.272655,0.953254]],"s":1.06862,"sphereCenter":[63.9941,299.325,-18.5713],"sphereRadius":49.6409,"stabilizedPalmPosition":[60.382,290.8,92.2377],"t":[-24.2428,124.384,-166.613],"timeVisible":0.415774,"type":"right","wrist":[69.8453,287.456,68.9934]}],"id":4141958,"interactionBox":{"center":[0,200,0],"size":[235.247,235.247,147.751]},"pointables":[{"bases":[[[0.281762,0.831495,0.478775],[-0.765721,-0.105819,0.634409],[0.578171,-0.54536,0.606878]],[[0.102474,0.953701,0.282761],[-0.812938,-0.0835258,0.576329],[0.573264,-0.288926,0.76674]],[[0.102474,0.953701,0.282761],[-0.971171,0.0344129,0.235888],[0.215236,-0.298781,0.929733]],[[0.102474,0.953701,0.282761],[-0.895378,0.21227,-0.391459],[-0.433356,-0.213064,0.875675]]],"btipPosition":[17.598,301.97,-25.2328],"carpPosition":[43.4049,272.38,65.2154],"dipPosition":[7.45809,296.984,-4.74322],"direction":[-0.215236,0.298781,-0.929733],"extended":false,"handId":477,"id":4770,"length":52.1052,"mcpPosition":[43.4049,272.38,65.2154],"pipPosition":[14.7951,286.799,26.9498],"stabilizedTipPosition":[15.0837,274.035,36.888],"timeVisible":0.415774,"tipPosition":[14.8458,299.885,-20.7444],"tipVelocity":[5.91256,43.6715,-204.997],"tool":false,"touchDistance":-0.600231,"touchZone":"hovering","type":0,"width":20.2457},{"bases":[[[0.94002,0.295784,-0.169927],[-0.138217,0.78568,0.602995],[0.311864,-0.54334,0.779437]],[[0.969534,0.231659,-0.0796094],[-0.195818,0.92823,0.316299],[0.147169,-0.291074,0.945313]],[[0.969534,0.231659,-0.0796094],[-0.227586,0.972086,0.0570324],[0.0905993,-0.0371768,0.995193]],[[0.969534,0.231659,-0.0796094],[-0.240645,0.961473,-0.132888],[0.0457575,0.147997,0.987929]]],"btipPosition":[15.5433,345.724,-67.6457],"carpPosition":[47.7745,294.887,71.214],"dipPosition":[16.325,348.253,-50.7699],"direction":[-0.0905993,0.0371768,-0.995193],"extended":true,"handId":477,"id":4771,"length":58.7949,"mcpPosition":[24.8357,334.852,13.8834],"pipPosition":[18.5143,347.354,-26.7208],"stabilizedTipPosition":[14.9411,318.246,4.31313],"timeVisible":0.415774,"tipPosition":[16.1407,345.831,-63.0109],"tipVelocity":[8.06574,26.6278,-227.389],"tool":false,"touchDistance":-0.638163,"touchZone":"hovering","type":1,"width":19.3387},{"bases":[[[0.983208,0.0813549,-0.163349],[0.0295751,0.812255,0.582552],[0.180075,-0.577601,0.79621]],[[0.983147,0.0815498,-0.163618],[-0.169899,0.738005,-0.653056],[0.0674943,0.669849,0.739423]],[[0.983147,0.0815498,-0.163618],[-0.136848,-0.265152,-0.954446],[-0.121218,0.960752,-0.249523]],[[0.983147,0.0815498,-0.163618],[-0.0630533,-0.688814,-0.722191],[-0.171597,0.720336,-0.672064]]],"btipPosition":[49.6603,267.307,-1.73844],"carpPosition":[58.8034,300.146,69.7118],"dipPosition":[46.4364,280.841,-14.3652],"direction":[0.121218,-0.960752,0.249523],"extended":false,"handId":477,"id":4772,"length":66.9921,"mcpPosition":[46.2426,340.436,14.1737],"pipPosition":[42.9901,308.155,-21.4592],"stabilizedTipPosition":[53.1564,239.411,58.6412],"timeVisible":0.415774,"tipPosition":[48.8119,270.543,-5.32191],"tipVelocity":[-4.99564,28.3999,-160.117],"tool":false,"touchDistance":0.333333,"touchZone":"none","type":2,"width":18.9931},{"bases":[[[0.993945,-0.0659948,-0.0878473],[0.105471,0.797166,0.594477],[0.0307964,-0.600143,0.7993]],[[0.993027,-0.0527677,-0.105421],[-0.0379593,0.703493,-0.709688],[0.111612,0.708741,0.696584]],[[0.993027,-0.0527677,-0.105421],[-0.116782,-0.317978,-0.940878],[0.0161263,0.946628,-0.321923]],[[0.993027,-0.0527677,-0.105421],[-0.111351,-0.713512,-0.691739],[-0.0387179,0.698654,-0.714412]]],"btipPosition":[64.0615,269.002,8.67401],"carpPosition":[70.6993,302.345,67.5866],"dipPosition":[63.3383,282.053,-4.67121],"direction":[-0.0161263,-0.946629,0.321923],"extended":false,"handId":477,"id":4773,"length":64.4147,"mcpPosition":[68.7706,339.93,17.5292],"pipPosition":[63.7849,308.271,-13.5872],"stabilizedTipPosition":[68.7085,243.837,63.4389],"timeVisible":0.415774,"tipPosition":[63.8339,272.132,4.9248],"tipVelocity":[-11.8843,34.1075,-160.446],"tool":false,"touchDistance":0.333333,"touchZone":"none","type":3,"width":18.0732},{"bases":[[[0.959648,-0.265813,-0.0917558],[0.261085,0.721023,0.641842],[-0.104452,-0.639898,0.761328]],[[0.94285,-0.333087,-0.00934878],[0.23481,0.684044,-0.690614],[0.23643,0.64895,0.723163]],[[0.94285,-0.333087,-0.00934878],[-0.106898,-0.275779,-0.955259],[0.315606,0.901665,-0.295624]],[[0.94285,-0.333087,-0.00934878],[-0.23736,-0.651661,-0.720415],[0.233869,0.681462,-0.69348]]],"btipPosition":[70.9256,282.457,11.3037],"carpPosition":[83.4303,297.678,63.2733],"dipPosition":[74.9559,294.201,-0.647165],"direction":[-0.315606,-0.901665,0.295624],"extended":false,"handId":477,"id":4774,"length":50.4999,"mcpPosition":[89.4856,334.774,19.137],"pipPosition":[81.1274,311.833,-6.42798],"stabilizedTipPosition":[79.0008,255.834,67.041],"timeVisible":0.415774,"tipPosition":[72.3895,284.956,8.16416],"tipVelocity":[-32.3163,43.3426,-167.407],"tool":false,"touchDistance":0.333333,"touchZone":"none","type":4,"width":16.054}],"r":[[0.980669,0.106168,0.164365],[-0.14602,0.956236,0.253555],[-0.130252,-0.272655,0.953254]],"s":1.06862,"t":[-24.2428,124.384,-166.613],"timestamp":521821589050},false],[6,{"currentFrameRate":104.494,"devices":[],"gestures":[],"hands":[{"armBasis":[[0.89707,0.320513,-0.304199],[-0.130368,0.849728,0.510848],[0.42222,-0.418608,0.804051]],"armWidth":63.7064,"confidence":0.714413,"direction":[-0.162814,0.69263,-0.702677],"elbow":[183.509,174.831,285.007],"grabStrength":0,"id":477,"palmNormal":[0.0924889,-0.69833,-0.709775],"palmPosition":[53.6571,320.833,27.3363],"palmVelocity":[-22.2828,40.0356,-177.509],"palmWidth":90.9705,"pinchStrength":0.405514,"r":[[0.979994,0.106283,0.168272],[-0.146793,0.956924,0.250495],[-0.134401,-0.270185,0.953382]],"s":1.06949,"sphereCenter":[64.0283,299.462,-19.658],"sphereRadius":49.6392,"stabilizedPalmPosition":[60.365,290.877,92.0731],"t":[-24.4444,124.715,-168.093],"timeVisible":0.424806,"type":"right","wrist":[69.534,287.832,67.9601]}],"id":4141959,"interactionBox":{"center":[0,200,0],"size":[235.247,235.247,147.751]},"pointables":[{"bases":[[[0.280785,0.832413,0.477753],[-0.768381,-0.103313,0.631599],[0.57511,-0.54444,0.610602]],[[0.104513,0.953381,0.283094],[-0.815741,-0.0806512,0.572767],[0.568897,-0.290793,0.769283]],[[0.104513,0.953381,0.283094],[-0.97184,0.0374552,0.232646],[0.211197,-0.299436,0.930448]],[[0.104513,0.953381,0.283094],[-0.892317,0.215585,-0.396602],[-0.439143,-0.21116,0.87325]]],"btipPosition":[17.776,302.436,-26.4278],"carpPosition":[43.0919,272.775,64.1149],"dipPosition":[7.50067,297.495,-5.99503],"direction":[-0.211197,0.299436,-0.930448],"extended":false,"handId":477,"id":4770,"length":52.1052,"mcpPosition":[43.0919,272.775,64.1149],"pipPosition":[14.7,287.288,25.7224],"stabilizedTipPosition":[15.0847,274.113,36.7197],"timeVisible":0.424806,"tipPosition":[14.996,300.333,-21.9618],"tipVelocity":[8.762,46.185,-185.377],"tool":false,"touchDistance":-0.586663,"touchZone":"hovering","type":0,"width":20.2457},{"bases":[[[0.94103,0.294282,-0.166914],[-0.139741,0.787394,0.600403],[0.308115,-0.541673,0.782084]],[[0.969994,0.230689,-0.076774],[-0.196509,0.929824,0.311146],[0.143164,-0.286723,0.947256]],[[0.969994,0.230689,-0.076774],[-0.226721,0.972289,0.0570326],[0.0878032,-0.037915,0.995416]],[[0.969994,0.230689,-0.076774],[-0.239085,0.962409,-0.128871],[0.0441589,0.143359,0.988685]]],"btipPosition":[15.7745,345.918,-69.0833],"carpPosition":[47.463,295.293,70.0728],"dipPosition":[16.5288,348.367,-52.1947],"direction":[-0.0878032,0.037915,-0.995416],"extended":true,"handId":477,"id":4771,"length":58.7949,"mcpPosition":[24.8,335.135,12.5475],"pipPosition":[18.6506,347.451,-28.1402],"stabilizedTipPosition":[14.9425,318.287,4.21365],"timeVisible":0.424806,"tipPosition":[16.3667,345.999,-64.4618],"tipVelocity":[12.7014,24.6454,-208.511],"tool":false,"touchDistance":-0.6242,"touchZone":"hovering","type":1,"width":19.3387},{"bases":[[[0.983948,0.0798225,-0.159609],[0.0281618,0.813726,0.580566],[0.17622,-0.575741,0.798416]],[[0.983884,0.080032,-0.159899],[-0.166471,0.736412,-0.655732],[0.0652723,0.671783,0.737867]],[[0.983884,0.080032,-0.159899],[-0.133277,-0.267928,-0.954176],[-0.119206,0.960109,-0.252944]],[[0.983884,0.080032,-0.159899],[-0.0608432,-0.691039,-0.720252],[-0.16814,0.718373,-0.675033]]],"btipPosition":[49.6145,267.529,-2.77477],"carpPosition":[58.5038,300.536,68.6013],"dipPosition":[46.4555,281.026,-15.4573],"direction":[0.119206,-0.960109,0.252944],"extended":false,"handId":477,"id":4772,"length":66.9921,"mcpPosition":[46.2119,340.696,12.9093],"pipPosition":[43.0664,308.322,-22.6485],"stabilizedTipPosition":[53.1487,239.468,58.5248],"timeVisible":0.424806,"tipPosition":[48.7846,270.751,-6.36601],"tipVelocity":[-4.5615,27.0909,-148.011],"tool":false,"touchDistance":0.333333,"touchZone":"none","type":2,"width":18.9931},{"bases":[[[0.994214,-0.0673434,-0.0836839],[0.103992,0.798582,0.592835],[0.026905,-0.598107,0.800965]],[[0.993373,-0.0540656,-0.101422],[-0.0346142,0.700742,-0.712574],[0.109597,0.711363,0.694227]],[[0.993373,-0.0540656,-0.101422],[-0.113493,-0.322202,-0.939843],[0.0181348,0.945126,-0.326203]],[[0.993373,-0.0540656,-0.101422],[-0.109338,-0.716524,-0.68894],[-0.0354236,0.695464,-0.717687]]],"btipPosition":[63.9894,269.229,7.78637],"carpPosition":[70.4106,302.716,66.5183],"dipPosition":[63.3277,282.221,-5.62003],"direction":[-0.0181348,-0.945126,0.326203],"extended":false,"handId":477,"id":4773,"length":64.4147,"mcpPosition":[68.7256,340.174,16.3566],"pipPosition":[63.8299,308.397,-14.6546],"stabilizedTipPosition":[68.697,243.904,63.3003],"timeVisible":0.424806,"tipPosition":[63.7755,272.341,4.01176],"tipVelocity":[-10.3793,31.2311,-143.753],"tool":false,"touchDistance":0.333333,"touchZone":"none","type":3,"width":18.0732},{"bases":[[[0.959705,-0.267132,-0.087214],[0.259328,0.722386,0.64102],[-0.108235,-0.637808,0.762553]],[[0.941975,-0.335672,-0.00280166],[0.240651,0.681096,-0.691516],[0.234031,0.650717,0.722356]],[[0.941975,-0.335672,-0.00280166],[-0.10228,-0.279054,-0.954813],[0.319722,0.899696,-0.297194]],[[0.941975,-0.335672,-0.00280166],[-0.235121,-0.653802,-0.719208],[0.239586,0.678135,-0.694789]]],"btipPosition":[70.7739,282.715,10.3093],"carpPosition":[83.1535,298.023,62.2682],"dipPosition":[74.9027,294.401,-1.66405],"direction":[-0.319722,-0.899696,0.297194],"extended":false,"handId":477,"id":4774,"length":50.4999,"mcpPosition":[89.4281,334.998,18.0609],"pipPosition":[81.1548,311.995,-7.47557],"stabilizedTipPosition":[78.9686,255.965,66.778],"timeVisible":0.424806,"tipPosition":[72.2638,285.196,7.17399],"tipVelocity":[-27.3496,38.8566,-151.779],"tool":false,"touchDistance":0.333333,"touchZone":"none","type":4,"width":16.054}],"r":[[0.979994,0.106283,0.168272],[-0.146793,0.956924,0.250495],[-0.134401,-0.270185,0.953382]],"s":1.06949,"t":[-24