{"sensorType":"Leap","data":[[0,{"currentFrameRate":106.05,"devices":[],"gestures":[],"hands":[{"armBasis":[[0.852469,0.431001,-0.295864],[-0.256845,0.838226,0.481048],[0.455333,-0.334087,0.825262]],"armWidth":63.7064,"confidence":0.891875,"direction":[-0.244996,0.479333,-0.842744],"elbow":[181.872,208.884,311.694],"grabStrength":0,"id":471,"palmNormal":[0.24274,-0.811223,-0.531973],"palmPosition":[39.6261,318.891,41.7527],"palmVelocity":[-27.9307,14.4869,-169.226],"palmWidth":90.9705,"pinchStrength":0.563419,"r":[[0.949054,0.28393,0.136674],[-0.30852,0.925505,0.219673],[-0.0641207,-0.250648,0.965952]],"s":1.032,"sphereCenter":[52.7506,292.085,1.2672],"sphereRadius":49.571,"stabilizedPalmPosition":[55.0737,296.354,119.721],"t":[-34.1503,78.7927,-141.407],"timeVisible":0.415745,"type":"right","wrist":[58.9582,299.069,88.9208]}],"id":4139637,"interactionBox":{"center":[0,200,0],"size":[235.247,235.247,147.751]},"pointables":[{"bases":[[[0.112788,0.953875,0.278209],[-0.768359,-0.0938011,0.633108],[0.630002,-0.285172,0.722339]],[[-0.127537,0.991803,-0.00783798],[-0.796886,-0.0977613,0.596168],[0.590514,0.0822796,0.802822]],[[-0.127537,0.991803,-0.00783798],[-0.953907,-0.120492,0.274853],[0.271655,0.0425307,0.961454]],[[-0.127537,0.991803,-0.00783798],[-0.682374,-0.093477,-0.725002],[-0.719792,-0.0871164,0.688702]]],"btipPosition":[13.7752,275.606,-0.54709],"carpPosition":[35.6642,279.124,88.4083],"dipPosition":[-3.06688,273.568,15.5676],"direction":[-0.271655,-0.0425307,-0.961454],"extended":false,"handId":471,"id":4710,"length":52.1052,"mcpPosition":[35.6642,279.124,88.4083],"pipPosition":[6.19339,275.018,48.3419],"stabilizedTipPosition":[20.3331,258.332,77.2654],"timeVisible":0.415745,"tipPosition":[9.30983,276.064,2.90706],"tipVelocity":[-4.96003,1.43595,-176.673],"tool":false,"touchDistance":-0.528076,"touchZone":"hovering","type":0,"width":20.2457},{"bases":[[[0.884184,0.410625,-0.222722],[-0.29926,0.864002,0.404901],[0.358694,-0.291355,0.88682]],[[0.939096,0.341833,-0.0353421],[-0.329468,0.924798,0.19026],[0.0977214,-0.167029,0.981097]],[[0.939096,0.341833,-0.0353421],[-0.339697,0.938922,0.0550644],[0.0520063,-0.0397052,0.997857]],[[0.939096,0.341833,-0.0353421],[-0.343215,0.938122,-0.0461625],[0.0173753,0.055481,0.998309]]],"btipPosition":[3.7323,331.428,-59.4091],"carpPosition":[35.8666,302.811,89.1277],"dipPosition":[4.0291,332.376,-42.3561],"direction":[-0.0520063,0.0397052,-0.997857],"extended":true,"handId":471,"id":4711,"length":58.7949,"mcpPosition":[9.4833,324.242,23.8986],"pipPosition":[5.28584,331.416,-18.2426],"stabilizedTipPosition":[13.6252,307.34,25.3755],"timeVisible":0.415745,"tipPosition":[4.20525,331.847,-55.4053],"tipVelocity":[-8.17625,39.0323,-176.011],"tool":false,"touchDistance":-0.551634,"touchZone":"hovering","type":1,"width":19.3387},{"bases":[[[0.962491,0.214139,-0.166602],[-0.137522,0.914378,0.38079],[0.233879,-0.343595,0.909529]],[[0.954106,0.225542,-0.197011],[-0.291012,0.543032,-0.787672],[-0.0706697,0.808855,0.583745]],[[0.954106,0.225542,-0.197011],[-0.0312485,-0.579294,-0.81452],[-0.297835,0.783294,-0.54566]],[[0.954106,0.225542,-0.197011],[0.130952,-0.905851,-0.402847],[-0.269321,0.358559,-0.893813]]],"btipPosition":[46.5332,265.436,27.3152],"carpPosition":[45.9139,309.454,86.5822],"dipPosition":[41.4732,272.173,10.5222],"direction":[0.297835,-0.783294,0.54566],"extended":false,"handId":471,"id":4712,"length":66.9921,"mcpPosition":[29.6001,333.421,23.1397],"pipPosition":[33.0057,294.442,-4.99103],"stabilizedTipPosition":[61.898,233.197,113.995],"timeVisible":0.415745,"tipPosition":[45.273,266.86,22.9051],"tipVelocity":[-27.8131,18.7885,-174.138],"tool":false,"touchDistance":0.333333,"touchZone":"none","type":2,"width":18.9931},{"bases":[[[0.994027,0.091699,-0.0591695],[-0.0608794,0.915921,0.396713],[0.0905728,-0.390742,0.916034]],[[0.993286,0.0947616,-0.066354],[-0.106235,0.52015,-0.847442],[-0.045791,0.848802,0.526725]],[[0.993286,0.0947616,-0.066354],[0.00809816,-0.629134,-0.777255],[-0.115399,0.771499,-0.625677]],[[0.993286,0.0947616,-0.066354],[0.065363,-0.932976,-0.353953],[-0.0954478,0.34724,-0.932906]]],"btipPosition":[58.7143,271.877,38.0013],"carpPosition":[57.362,313.176,84.1427],"dipPosition":[56.9313,278.364,20.5746],"direction":[0.115399,-0.771499,0.625677],"extended":false,"handId":471,"id":4713,"length":64.4147,"mcpPosition":[51.6897,337.647,26.7746],"pipPosition":[53.7352,299.731,3.24581],"stabilizedTipPosition":[74.8625,241.405,119.161],"timeVisible":0.415745,"tipPosition":[58.2081,273.261,33.3667],"tipVelocity":[-28.5484,15.9093,-163.781],"tool":false,"touchDistance":0.333333,"touchZone":"none","type":3,"width":18.0732},{"bases":[[[0.994133,-0.106747,-0.0174806],[0.102712,0.88089,0.462041],[-0.0339231,-0.461126,0.886686]],[[0.994704,-0.0927241,-0.0443428],[0.0157991,0.56424,-0.82546],[0.10156,0.820387,0.562717]],[[0.994704,-0.0927241,-0.0443428],[-0.0908617,-0.591634,-0.80107],[0.0480437,0.800856,-0.596926]],[[0.994704,-0.0927241,-0.0443428],[-0.102713,-0.912523,-0.39592],[-0.00375254,0.398378,-0.917214]]],"btipPosition":[68.4025,285.177,37.3422],"carpPosition":[70.901,309.972,81.1597],"dipPosition":[68.3379,292.042,21.5357],"direction":[-0.0480437,-0.800856,0.596926],"extended":false,"handId":471,"id":4714,"length":50.4999,"mcpPosition":[72.8677,336.705,29.756],"pipPosition":[69.2774,307.703,9.86308],"stabilizedTipPosition":[84.1095,264.309,107.914],"timeVisible":0.415745,"tipPosition":[68.3499,286.649,33.3483],"tipVelocity":[-30.015,15.8756,-159.699],"tool":false,"touchDistance":0.333333,"touchZone":"none","type":4,"width":16.054}],"r":[[0.949054,0.28393,0.136674],[-0.30852,0.925505,0.219673],[-0.0641207,-0.250648,0.965952]],"s":1.032,"t":[-34.1503,78.7927,-141.407],"timestamp":521797428325},false],[1,{"currentFrameRate":106.264,"devices":[],"gestures":[],"hands":[{"armBasis":[[0.847279,0.43952,-0.29823],[-0.26209,0.834323,0.484988],[0.461982,-0.332757,0.822098]],"armWidth":63.7064,"confidence":0.84367,"direction":[-0.244412,0.481353,-0.841761],"elbow":[183.325,208.588,309.298],"grabStrength":0,"id":471,"palmNormal":[0.248466,-0.808018,-0.534202],"palmPosition":[39.3508,318.322,40.2198],"palmVelocity":[-28.6473,-6.84333,-169.442],"palmWidth":90.9705,"pinchStrength":0.564426,"r":[[0.948734,0.28358,0.139596],[-0.30897,0.925182,0.220399],[-0.0666507,-0.252231,0.965369]],"s":1.03228,"sphereCenter":[52.5816,291.73,-0.290756],"sphereRadius":49.5516,"stabilizedPalmPosition":[55.0708,296.357,119.707],"t":[-34.4181,78.553,-142.924],"timeVisible":0.424761,"type":"right","wrist":[58.6163,298.414,87.3789]}],"id":4139638,"interactionBox":{"center":[0,200,0],"size":[235.247,235.247,147.751]},"pointables":[{"bases":[[[0.107239,0.953341,0.282207],[-0.770064,-0.0998984,0.630097],[0.628889,-0.284888,0.723421]],[[-0.134218,0.990928,-0.00692596],[-0.797931,-0.103927,0.593721],[0.587615,0.0852143,0.804641]],[[-0.134218,0.990928,-0.00692596],[-0.953694,-0.12727,0.272525],[0.269171,0.0431829,0.962124]],[[-0.134218,0.990928,-0.00692596],[-0.677274,-0.0968318,-0.729331],[-0.723385,-0.0931983,0.684126]]],"btipPosition":[13.8451,274.816,-2.25133],"carpPosition":[35.4205,278.36,86.7106],"dipPosition":[-3.08113,272.635,13.7563],"direction":[-0.269171,-0.0431829,-0.962124],"extended":false,"handId":471,"id":4710,"length":52.1052,"mcpPosition":[35.4205,278.36,86.7106],"pipPosition":[6.09445,274.107,46.5534],"stabilizedTipPosition":[20.3324,258.333,77.2603],"timeVisible":0.424761,"tipPosition":[9.41064,275.261,1.1746],"tipVelocity":[-2.0561,-24.0795,-180.82],"tool":false,"touchDistance":-0.529534,"touchZone":"hovering","type":0,"width":20.2457},{"bases":[[[0.882955,0.415712,-0.218117],[-0.304804,0.861008,0.407137],[0.357052,-0.293001,0.886941]],[[0.937511,0.346568,-0.0310482],[-0.334639,0.922484,0.192458],[0.0953414,-0.170042,0.980814]],[[0.937511,0.346568,-0.0310482],[-0.344483,0.937027,0.057558],[0.0490408,-0.0432657,0.997859]],[[0.937511,0.346568,-0.0310482],[-0.347674,0.936607,-0.0434686],[0.0140152,0.051547,0.998572]]],"btipPosition":[3.72422,331.065,-61.0177],"carpPosition":[35.5065,302.045,87.5204],"dipPosition":[3.96363,331.945,-43.9602],"direction":[-0.0490408,0.0432657,-0.997859],"extended":true,"handId":471,"id":4711,"length":58.7949,"mcpPosition":[9.24393,323.596,22.2824],"pipPosition":[5.14871,330.9,-19.8467],"stabilizedTipPosition":[13.6236,307.344,25.3622],"timeVisible":0.424761,"tipPosition":[4.18177,331.469,-57.012],"tipVelocity":[-6.57685,16.7551,-176.64],"tool":false,"touchDistance":-0.548917,"touchZone":"hovering","type":1,"width":19.3387},{"bases":[[[0.962014,0.219392,-0.162472],[-0.143229,0.912252,0.383774],[0.232412,-0.345925,0.909022]],[[0.953702,0.230839,-0.192785],[-0.290792,0.54414,-0.786989],[-0.0767659,0.806613,0.586073]],[[0.953702,0.230839,-0.192785],[-0.0253183,-0.57711,-0.816274],[-0.299686,0.783363,-0.544546]],[[0.953702,0.230839,-0.192785],[0.136958,-0.904025,-0.404945],[-0.26776,0.359794,-0.893786]]],"btipPosition":[46.569,264.973,25.6587],"carpPosition":[45.5302,308.745,85.0347],"dipPosition":[41.5383,271.733,8.86631],"direction":[0.299686,-0.783363,0.544546],"extended":false,"handId":471,"id":4712,"length":66.9921,"mcpPosition":[29.3188,332.875,21.6276],"pipPosition":[33.0181,294.004,-6.6153],"stabilizedTipPosition":[61.8929,233.207,113.966],"timeVisible":0.424761,"tipPosition":[45.3189,266.403,21.2455],"tipVelocity":[-18.8686,-0.351188,-176.77],"tool":false,"touchDistance":0.333333,"touchZone":"none","type":2,"width":18.9931},{"bases":[[[0.993771,0.0966969,-0.0553962],[-0.0666494,0.914103,0.399968],[0.0893134,-0.393784,0.914854]],[[0.992988,0.0999906,-0.0630542],[-0.106128,0.519147,-0.84807],[-0.0520647,0.848816,0.526118]],[[0.992988,0.0999906,-0.0630542],[0.0142725,-0.630911,-0.775724],[-0.117347,0.769385,-0.627914]],[[0.992988,0.0999906,-0.0630542],[0.0716176,-0.933233,-0.352062],[-0.0940472,0.345078,-0.93385]]],"btipPosition":[58.7078,271.521,36.688],"carpPosition":[56.9686,312.532,82.6488],"dipPosition":[56.951,277.967,19.2436],"direction":[0.117347,-0.769385,0.627914],"extended":false,"handId":471,"id":4713,"length":64.4147,"mcpPosition":[51.3752,337.193,25.3546],"pipPosition":[53.7009,299.276,1.85287],"stabilizedTipPosition":[74.8573,241.415,119.134],"timeVisible":0.424761,"tipPosition":[58.2072,272.88,31.9794],"tipVelocity":[-20.7126,0.396991,-158.924],"tool":false,"touchDistance":0.333333,"touchZone":"none","type":3,"width":18.0732},{"bases":[[[0.994689,-0.101904,-0.0144591],[0.0968839,0.87961,0.465726],[-0.0347408,-0.464653,0.884811]],[[0.995281,-0.0881221,-0.0406114],[0.0165222,0.56635,-0.823999],[0.0956127,0.81944,0.565134]],[[0.995281,-0.0881221,-0.0406114],[-0.085044,-0.590744,-0.802364],[0.046715,0.802032,-0.595451]],[[0.995281,-0.0881221,-0.0406114],[-0.0970093,-0.912322,-0.397816],[-0.00199435,0.399878,-0.916566]]],"btipPosition":[68.2879,284.798,35.8661],"carpPosition":[70.5331,309.404,79.7003],"dipPosition":[68.2535,291.689,20.0708],"direction":[-0.046715,-0.802032,0.595451],"extended":false,"handId":471,"id":4714,"length":50.4999,"mcpPosition":[72.5471,336.341,28.4054],"pipPosition":[69.167,307.373,8.42696],"stabilizedTipPosition":[84.1046,264.316,107.89],"timeVisible":0.424761,"tipPosition":[68.2508,286.272,31.858],"tipVelocity":[-25.0453,0.128415,-160.727],"tool":false,"touchDistance":0.333333,"touchZone":"none","type":4,"width":16.054}],"r":[[0.948734,0.28358,0.139596],[-0.30897,0.925182,0.220399],[-0.0666507,-0.252231,0.965369]],"s":1.03228,"t":[-34.4181,78.553,-142.924],"timestamp":521797437341},false],[2,{"currentFrameRate":106.444,"devices":[],"gestures":[],"hands":[{"armBasis":[[0.84744,0.440094,-0.296923],[-0.26292,0.833796,0.485446],[0.461215,-0.333319,0.822301]],"armWidth":63.7064,"confidence":0.846018,"direction":[-0.242984,0.482601,-0.84146],"elbow":[183.009,208.159,308.475],"grabStrength":0,"id":471,"palmNormal":[0.249294,-0.807254,-0.534971],"palmPosition":[39.3214,318.115,39.3396],"palmVelocity":[-21.6284,-11.266,-149.461],"palmWidth":90.9705,"pinchStrength":0.56561,"r":[[0.948429,0.283241,0.142329],[-0.309391,0.924863,0.221147],[-0.068997,-0.253777,0.964799]],"s":1.03266,"sphereCenter":[52.5132,291.582,-1.16507],"sphereRadius":49.534,"stabilizedPalmPosition":[55.0686,296.36,119.696],"t":[-34.5667,78.3295,-144.124],"timeVisible":0.433825,"type":"right","wrist":[58.5074,298.136,86.5014]}],"id":4139639,"interactionBox":{"center":[0,200,0],"size":[235.247,235.247,147.751]},"pointables":[{"bases":[[[0.106838,0.952919,0.283778],[-0.771113,-0.100764,0.628674],[0.62767,-0.285992,0.724044]],[[-0.135353,0.990771,-0.00722009],[-0.79865,-0.104788,0.592603],[0.586377,0.085977,0.805463]],[[-0.135353,0.990771,-0.00722009],[-0.953984,-0.128353,0.270999],[0.267571,0.0435684,0.962553]],[[-0.135353,0.990771,-0.00722009],[-0.674149,-0.0974335,-0.732141],[-0.726087,-0.0942301,0.681115]]],"btipPosition":[13.9155,274.514,-3.18176],"carpPosition":[35.3114,278.085,85.7653],"dipPosition":[-3.07395,272.309,12.7554],"direction":[-0.267571,-0.0435684,-0.962553],"extended":false,"handId":471,"id":4710,"length":52.1052,"mcpPosition":[35.3114,278.085,85.7653],"pipPosition":[6.0471,273.794,45.5672],"stabilizedTipPosition":[20.3318,258.333,77.256],"timeVisible":0.433825,"tipPosition":[9.49182,274.955,0.227741],"tipVelocity":[0.21456,-26.7964,-159.721],"tool":false,"touchDistance":-0.519114,"touchZone":"hovering","type":0,"width":20.2457},{"bases":[[[0.883344,0.415966,-0.216046],[-0.305417,0.860434,0.40789],[0.355562,-0.294323,0.887102]],[[0.937536,0.346656,-0.0292617],[-0.334969,0.922228,0.193111],[0.0939293,-0.171247,0.98074]],[[0.937536,0.346656,-0.0292617],[-0.344606,0.936925,0.0584663],[0.0476837,-0.0447305,0.99786]],[[0.937536,0.346656,-0.0292617],[-0.347657,0.936664,-0.042375],[0.0127188,0.0499011,0.998673]]],"btipPosition":[3.84058,331.001,-61.9386],"carpPosition":[35.3976,301.769,86.6099],"dipPosition":[4.05784,331.854,-44.8793],"direction":[-0.0476837,0.0447305,-0.99786],"extended":true,"handId":471,"id":4711,"length":58.7949,"mcpPosition":[9.24469,323.417,21.3602],"pipPosition":[5.21013,330.773,-20.7658],"stabilizedTipPosition":[13.6225,307.346,25.353],"timeVisible":0.433825,"tipPosition":[4.29265,331.397,-57.9331],"tipVelocity":[-1.3691,9.99583,-155.899],"tool":false,"touchDistance":-0.536166,"touchZone":"hovering","type":1,"width":19.3387},{"bases":[[[0.962297,0.219559,-0.160558],[-0.1438,0.9117,0.38487],[0.230882,-0.347271,0.908898]],[[0.954052,0.231031,-0.190813],[-0.289353,0.544903,-0.786991],[-0.0778446,0.806043,0.586716]],[[0.954052,0.231031,-0.190813],[-0.0237054,-0.576614,-0.816673],[-0.298702,0.783672,-0.544643]],[[0.954052,0.231031,-0.190813],[0.137808,-0.90377,-0.405226],[-0.266071,0.360311,-0.894082]]],"btipPosition":[46.5637,264.803,24.7606],"carpPosition":[45.426,308.472,84.1506],"dipPosition":[41.5648,271.572,7.96264],"direction":[0.298702,-0.783672,0.544643],"extended":false,"handId":471,"id":4712,"length":66.9921,"mcpPosition":[29.3213,332.695,20.7521],"pipPosition":[33.0726,293.852,-7.52173],"stabilizedTipPosition":[61.8894,233.214,113.946],"timeVisible":0.433825,"tipPosition":[45.323,266.235,20.3452],"tipVelocity":[-13.5948,-5.37447,-155.35],"tool":false,"touchDistance":0.333333,"touchZone":"none","type":2,"width":18.9931},{"bases":[[[0.993868,0.0967054,-0.0536091],[-0.0672473,0.913522,0.401193],[0.0877706,-0.395128,0.914423]],[[0.993045,0.10023,-0.0617729],[-0.10511,0.518327,-0.848699],[-0.0530466,0.849289,0.525257]],[[0.993045,0.10023,-0.0617729],[0.0157437,-0.633002,-0.77399],[-0.11668,0.767635,-0.630177]],[[0.993045,0.10023,-0.0617729],[0.0725496,-0.934151,-0.349426],[-0.0927283,0.342514,-0.934925]]],"btipPosition":[58.7051,271.41,35.9766],"carpPosition":[56.8686,312.261,81.7892],"dipPosition":[56.9729,277.808,18.5121],"direction":[0.11668,-0.767635,0.630177],"extended":false,"handId":471,"id":4713,"length":64.4147,"mcpPosition":[51.3718,337.007,24.522],"pipPosition":[53.7414,299.069,1.05872],"stabilizedTipPosition":[74.8536,241.422,119.114],"timeVisible":0.433825,"tipPosition":[58.2097,272.741,31.2369],"tipVelocity":[-14.8999,-3.43274,-136.845],"tool":false,"touchDistance":0.333333,"touchZone":"none","type":3,"width":18.0732},{"bases":[[[0.994705,-0.101955,-0.0129611],[0.0961745,0.878921,0.467171],[-0.0362386,-0.465944,0.884072]],[[0.995336,-0.0884897,-0.0384237],[0.0186031,0.566869,-0.823598],[0.0946612,0.819042,0.565871]],[[0.995336,-0.0884897,-0.0384237],[-0.0835121,-0.59094,-0.802381],[0.0482964,0.801848,-0.595573]],[[0.995336,-0.0884897,-0.0384237],[-0.0964717,-0.912457,-0.397637],[0.000126799,0.399489,-0.916738]]],"btipPosition":[68.2455,284.63,35.0465],"carpPosition":[70.4377,309.137,78.8587],"dipPosition":[68.2477,291.515,19.2483],"direction":[-0.0482964,-0.801848,0.595573],"extended":false,"handId":471,"id":4714,"length":50.4999,"mcpPosition":[72.5385,336.149,27.6065],"pipPosition":[69.1921,307.194,7.60207],"stabilizedTipPosition":[84.1009,264.321,107.873],"timeVisible":0.433825,"tipPosition":[68.2244,286.097,31.0288],"tipVelocity":[-19.1629,-5.07196,-141.326],"tool":false,"touchDistance":0.333333,"touchZone":"none","type":4,"width":16.054}],"r":[[0.948429,0.283241,0.142329],[-0.309391,0.924863,0.221147],[-0.068997,-0.253777,0.964799]],"s":1.03266,"t":[-34.5667,78.3295,-144.124],"timestamp":521797446405},false],[3,{"currentFrameRate":106.62,"devices":[],"gestures":[],"hands":[{"armBasis":[[0.847036,0.435263,-0.305083],[-0.257505,0.838143,0.480841],[0.464995,-0.328729,0.82202]],"armWidth":63.7064,"confidence":0.857495,"direction":[-0.238356,0.482388,-0.842905],"elbow":[183.822,209.483,307.106],"grabStrength":0,"id":471,"palmNormal":[0.243556,-0.810493,-0.532711],"palmPosition":[39.319,318.231,37.9773],"palmVelocity":[-15.7338,-4.62759,-149.729],"palmWidth":90.9705,"pinchStrength":0.566521,"r":[[0.948589,0.281562,0.144574],[-0.308335,0.925198,0.221221],[-0.0714715,-0.254425,0.964448]],"s":1.03276,"sphereCenter":[52.2898,291.506,-2.42489],"sphereRadius":49.5009,"stabilizedPalmPosition":[55.0671,296.363,119.688],"t":[-34.6423,78.2757,-145.404],"timeVisible":0.442881,"type":"right","wrist":[58.3004,298.22,85.2084]}],"id":4139640,"interactionBox":{"center":[0,200,0],"size":[235.247,235.247,147.751]},"pointables":[{"bases":[[[0.113957,0.952761,0.281533],[-0.772521,-0.0932034,0.628112],[0.624681,-0.289068,0.725406]],[[-0.128068,0.991711,-0.0103552],[-0.800082,-0.09714,0.591973],[0.58606,0.0840977,0.805891]],[[-0.128068,0.991711,-0.0103552],[-0.955787,-0.120628,0.268178],[0.264706,0.0442423,0.963314]],[[-0.128068,0.991711,-0.0103552],[-0.670329,-0.0942509,-0.736054],[-0.730929,-0.0873235,0.676844]]],"btipPosition":[13.7807,274.686,-4.39686],"carpPosition":[34.9498,278.348,84.4976],"dipPosition":[-3.32205,272.643,11.4403],"direction":[-0.264706,-0.0442423,-0.963314],"extended":false,"handId":471,"id":4710,"length":52.1052,"mcpPosition":[34.9498,278.348,84.4976],"pipPosition":[5.70133,274.151,44.2781],"stabilizedTipPosition":[20.3314,258.334,77.2529],"timeVisible":0.442881,"tipPosition":[9.31215,275.129,-1.01428],"tipVelocity":[-4.74803,-13.0043,-153.37],"tool":false,"touchDistance":-0.514107,"touchZone":"hovering","type":0,"width":20.2457},{"bases":[[[0.886775,0.408546,-0.216148],[-0.299133,0.863792,0.405441],[0.352348,-0.294878,0.888199]],[[0.940173,0.33942,-0.0294773],[-0.328074,0.925277,0.190339],[0.0918794,-0.169281,0.981276]],[[0.940173,0.33942,-0.0294773],[-0.337489,0.939673,0.0558157],[0.0466439,-0.0425281,0.998006]],[[0.940173,0.33942,-0.0294773],[-0.34047,0.939183,-0.0448956],[0.0124461,0.0522457,0.998557]]],"btipPosition":[4.01661,331.129,-63.37],"carpPosition":[35.2195,302.033,85.2838],"dipPosition":[4.22922,332.021,-46.3127],"direction":[-0.0466439,0.0425281,-0.998006],"extended":true,"handId":471,"id":4711,"length":58.7949,"mcpPosition":[9.30289,323.722,19.9533],"pipPosition":[5.35638,330.993,-22.1957],"stabilizedTipPosition":[13.6218,307.348,25.3465],"timeVisible":0.442881,"tipPosition":[4.46932,331.531,-59.3667],"tipVelocity":[4.34172,11.3941,-156.51],"tool":false,"touchDistance":-0.53236,"touchZone":"hovering","type":1,"width":19.3387},{"bases":[[[0.964141,0.211669,-0.160091],[-0.137098,0.913743,0.382464],[0.227238,-0.346801,0.909996]],[[0.956038,0.223102,-0.190309],[-0.28404,0.543215,-0.790088],[-0.0728912,0.809409,0.582704]],[[0.956038,0.223102,-0.190309],[-0.0262141,-0.58136,-0.813224],[-0.29207,0.782462,-0.549953]],[[0.956038,0.223102,-0.190309],[0.132119,-0.907086,-0.399673],[-0.261795,0.356959,-0.896685]]],"btipPosition":[46.1865,264.885,23.7451],"carpPosition":[45.3022,308.652,82.8184],"dipPosition":[41.2679,271.591,6.89818],"direction":[0.29207,-0.782462,0.549953],"extended":false,"handId":471,"id":4712,"length":66.9921,"mcpPosition":[29.4517,332.842,19.3434],"pipPosition":[32.9643,293.837,-8.73717],"stabilizedTipPosition":[61.8867,233.219,113.931],"timeVisible":0.442881,"tipPosition":[44.9588,266.296,19.2785],"tipVelocity":[-20.7761,-1.82999,-143.766],"tool":false,"touchDistance":0.333333,"touchZone":"none","type":2,"width":18.9931},{"bases":[[[0.994645,0.0888394,-0.0528061],[-0.0605507,0.915009,0.398862],[0.0837528,-0.393529,0.915489]],[[0.993838,0.0924346,-0.0611763],[-0.100458,0.517835,-0.849562],[-0.0468497,0.850472,0.52393]],[[0.993838,0.0924346,-0.0611763],[0.0114395,-0.63449,-0.772846],[-0.110253,0.767384,-0.631638]],[[0.993838,0.0924346,-0.0611763],[0.065627,-0.935458,-0.347293],[-0.0893297,0.341138,-0.935759]]],"btipPosition":[58.3462,271.375,34.6955],"carpPosition":[56.7763,312.346,80.4596],"dipPosition":[56.6775,277.747,17.2156],"direction":[0.110253,-0.767384,0.631638],"extended":false,"handId":471,"id":4713,"length":64.4147,"mcpPosition":[51.5312,336.991,23.1256],"pipPosition":[53.6239,299.001,-0.278329],"stabilizedTipPosition":[74.8507,241.427,119.1],"timeVisible":0.442881,"tipPosition":[57.8666,272.7,29.9953],"tipVelocity":[-21.2815,-3.74884,-138.227],"tool":false,"touchDistance":0.333333,"touchZone":"none","type":3,"width":18.0732},{"bases":[[[0.993894,-0.10972,-0.0116661],[0.102529,0.879302,0.465097],[-0.0407724,-0.463454,0.885183]],[[0.99465,-0.0965481,-0.0367352],[0.024361,0.564817,-0.824857],[0.100387,0.819549,0.564147]],[[0.99465,-0.0965481,-0.0367352],[-0.0871021,-0.592675,-0.800718],[0.0555358,0.799634,-0.597913]],[[0.99465,-0.0965481,-0.0367352],[-0.1032,-0.91301,-0.394667],[0.00456473,0.396347,-0.918089]]],"btipPosition":[67.9739,284.537,33.8045],"carpPosition":[70.3237,309.109,77.551],"dipPosition":[68.0526,291.368,17.983],"direction":[-0.0555358,-0.799634,0.597914],"extended":false,"handId":471,"id":4714,"length":50.4999,"mcpPosition":[72.6874,335.977,26.2345],"pipPosition":[69.1386,307.004,6.29099],"stabilizedTipPosition":[84.0981,264.325,107.859],"timeVisible":0.442881,"tipPosition":[67.9745,285.985,29.7883],"tipVelocity":[-21.6151,-6.87951,-140.336],"tool":false,"touchDistance":0.333333,"touchZone":"none","type":4,"width":16.054}],"r":[[0.948589,0.281562,0.144574],[-0.308335,0.925198,0.221221],[-0.0714715,-0.254425,0.964448]],"s":1.03276,"t":[-34.6423,78.2757,-145.404],"timestamp":521797455461},false],[4,{"currentFrameRate":106.828,"devices":[],"gestures":[],"hands":[{"armBasis":[[0.853015,0.427388,-0.299507],[-0.25339,0.84088,0.47824],[0.456244,-0.332054,0.825579]],"armWidth":63.7064,"confidence":0.864617,"direction":[-0.233758,0.482706,-0.84401],"elbow":[181.267,208.726,306.85],"grabStrength":0,"id":471,"palmNormal":[0.239469,-0.812737,-0.531144],"palmPosition":[39.3394,318.425,36.6974],"palmVelocity":[-10.7967,2.55485,-147.751],"palmWidth":90.9705,"pinchStrength":0.570101,"r":[[0.949007,0.279069,0.146647],[-0.306414,0.925909,0.220914],[-0.0741311,-0.254584,0.964205]],"s":1.03254,"sphereCenter":[52.157,291.574,-3.61945],"sphereRadius":49.4588,"stabilizedPalmPosition":[55.066,296.364,119.682],"t":[-34.6698,78.3457,-146.685],"timeVisible":0.451862,"type":"right","wrist":[58.1071,298.361,83.9913]}],"id":4139641,"interactionBox":{"center":[0,200,0],"size":[235.247,235.247,147.751]},"pointables":[{"bases":[[[0.119395,0.952417,0.280441],[-0.774259,-0.0874987,0.626791],[0.621504,-0.29197,0.726971]],[[-0.122273,0.992418,-0.0125009],[-0.801577,-0.0913168,0.590877],[0.585255,0.0822685,0.806665]],[[-0.122273,0.992418,-0.0125009],[-0.958101,-0.114739,0.262445],[0.25902,0.0440669,0.964866]],[[-0.122273,0.992418,-0.0125009],[-0.664582,-0.0912228,-0.741626],[-0.737143,-0.0823727,0.670697]]],"btipPosition":[13.8441,274.954,-5.57816],"carpPosition":[34.6339,278.635,83.264],"dipPosition":[-3.404,273.027,10.1152],"direction":[-0.25902,-0.0440669,-0.964866],"extended":false,"handId":471,"id":4710,"length":52.1052,"mcpPosition":[34.6339,278.635,83.264],"pipPosition":[5.42557,274.529,43.0059],"stabilizedTipPosition":[20.3311,258.335,77.2508],"timeVisible":0.451862,"tipPosition":[9.30443,275.376,-2.23249],"tipVelocity":[-2.53075,-0.458916,-148.395],"tool":false,"touchDistance":-0.509245,"touchZone":"hovering","type":0,"width":20.2457},{"bases":[[[0.889718,0.402689,-0.215045],[-0.294474,0.866207,0.403697],[0.348838,-0.295851,0.889261]],[[0.942283,0.333604,-0.0284673],[-0.322706,0.927571,0.188341],[0.0892368,-0.168284,0.981691]],[[0.942283,0.333604,-0.0284673],[-0.331804,0.941803,0.0539676],[0.0448144,-0.0414072,0.998137]],[[0.942283,0.333604,-0.0284673],[-0.334628,0.941197,-0.0466044],[0.0112459,0.0534405,0.998508]]],"btipPosition":[4.28395,331.395,-64.7338],"carpPosition":[35.0504,302.318,84.0182],"dipPosition":[4.47605,332.308,-47.6773],"direction":[-0.0448144,0.0414072,-0.998137],"extended":true,"handId":471,"id":4711,"length":58.7949,"mcpPosition":[9.392,324.079,18.6097],"pipPosition":[5.559,331.307,-23.5571],"stabilizedTipPosition":[13.6213,307.349,25.3416],"timeVisible":0.451862,"tipPosition":[4.73279,331.799,-60.7318],"tipVelocity":[11.1665,16.5429,-155.239],"tool":false,"touchDistance":-0.527917,"touchZone":"hovering","type":1,"width":19.3387},{"bases":[[[0.965744,0.205409,-0.158574],[-0.132087,0.91511,0.380955],[0.223364,-0.346959,0.910894]],[[0.957792,0.216821,-0.188744],[-0.278982,0.542791,-0.792178],[-0.0693122,0.811398,0.58037]],[[0.957792,0.216821,-0.188744],[-0.0275058,-0.584446,-0.810966],[-0.286145,0.781928,-0.553813]],[[0.957792,0.216821,-0.188744],[0.127937,-0.909488,-0.395556],[-0.257425,0.354713,-0.898839]]],"btipPosition":[45.9104,265.076,22.6894],"carpPosition":[45.1789,308.87,81.5627],"dipPosition":[41.0739,271.74,5.80203],"direction":[0.286145,-0.781928,0.553813],"extended":false,"handId":471,"id":4712,"length":66.9921,"mcpPosition":[29.5986,333.072,18.025],"pipPosition":[32.9387,293.97,-9.94306],"stabilizedTipPosition":[61.8846,233.223,113.92],"timeVisible":0.451862,"tipPosition":[44.702,266.467,18.1959],"tipVelocity":[-22.9315,4.20574,-136.863],"tool":false,"touchDistance":0.333333,"touchZone":"none","type":2,"width":18.9931},{"bases":[[[0.995279,0.0825391,-0.0510639],[-0.0555639,0.915921,0.397495],[0.0795793,-0.392781,0.916182]],[[0.994488,0.0862226,-0.0596621],[-0.0959098,0.518117,-0.849915],[-0.0423699,0.850953,0.523531]],[[0.994488,0.0862226,-0.0596621],[0.00874145,-0.635212,-0.772289],[-0.104487,0.76751,-0.632464]],[[0.994488,0.0862226,-0.0596621],[0.0604284,-0.936324,-0.345898],[-0.0856872,0.340386,-0.936373]]],"btipPosition":[58.0837,271.46,33.465],"carpPosition":[56.6803,312.489,79.2204],"dipPosition":[56.4831,277.819,15.9736],"direction":[0.104487,-0.76751,0.632464],"extended":false,"handId":471,"id":4713,"length":64.4147,"mcpPosition":[51.6965,337.088,21.843],"pipPosition":[53.5892,299.076,-1.54319],"stabilizedTipPosition":[74.8485,241.431,119.088],"timeVisible":0.451862,"tipPosition":[57.6217,272.782,28.8041],"tipVelocity":[-22.9818,-0.209264,-137.974],"tool":false,"touchDistance":0.333333,"touchZone":"none","type":3,"width":18.0732},{"bases":[[[0.993208,-0.115955,-0.00965351],[0.107165,0.879285,0.464084],[-0.0453245,-0.461966,0.885739]],[[0.994088,-0.102967,-0.034464],[0.0297727,0.563718,-0.825431],[0.10442,0.819524,0.563451]],[[0.994088,-0.102967,-0.034464],[-0.0891897,-0.5933,-0.800025],[0.0619287,0.798369,-0.598976]],[[0.994088,-0.102967,-0.034464],[-0.108205,-0.913018,-0.393307],[0.0090313,0.39471,-0.918761]]],"btipPosition":[67.7821,284.559,32.6198],"carpPosition":[70.2126,309.163,76.3416],"dipPosition":[67.9378,291.362,16.7867],"direction":[-0.0619287,-0.798369,0.598976],"extended":false,"handId":471,"id":4714,"length":50.4999,"mcpPosition":[72.8402,335.945,24.9929],"pipPosition":[69.1488,306.973,5.07396],"stabilizedTipPosition":[84.096,264.328,107.849],"timeVisible":0.451862,"tipPosition":[67.8036,285.998,28.6096],"tipVelocity":[-21.0034,-4.51534,-138.108],"tool":false,"touchDistance":0.333333,"touchZone":"none","type":4,"width":16.054}],"r":[[0.949007,0.279069,0.146647],[-0.306414,0.925909,0.220914],[-0.0741311,-0.254584,0.964205]],"s":1.03254,"t":[-34.6698,78.3457,-146.685],"timestamp":521797464442},false],[5,{"currentFrameRate":106.854,"devices":[],"gestures":[],"hands":[{"armBasis":[[0.857713,0.421917,-0.293793],[-0.251021,0.842363,0.476878],[0.448684,-0.335277,0.828416]],"armWidth":63.7064,"confidence":0.869759,"direction":[-0.229853,0.482874,-0.844985],"elbow":[179.125,207.99,306.756],"grabStrength":0,"id":471,"palmNormal":[0.237334,-0.814208,-0.529846],"palmPosition":[39.4287,318.592,35.7765],"palmVelocity":[-5.03583,6.9057,-133.948],"palmWidth":90.9705,"pinchStrength":0.57532,"r":[[0.949494,0.276321,0.148686],[-0.304214,0.926766,0.220362],[-0.0769065,-0.254464,0.964019]],"s":1.03199,"sphereCenter":[52.1609,291.653,-4.46391],"sphereRadius":49.4113,"stabilizedPalmPosition":[55.0652,296.365,119.678],"t":[-34.6389,78.4642,-147.785],"timeVisible":0.461173,"type":"right","wrist":[58.0062,298.495,83.1315]}],"id":4139642,"interactionBox":{"center":[0,200,0],"size":[235.247,235.247,147.751]},"pointables":[{"bases":[[[0.12267,0.952179,0.279833],[-0.776035,-0.0837332,0.625106],[0.618645,-0.293842,0.728653]],[[-0.117804,0.992949,-0.013242],[-0.803164,-0.0874291,0.589308],[0.583995,0.0800586,0.8078]],[[-0.117804,0.992949,-0.013242],[-0.960232,-0.110503,0.256405],[0.253134,0.042921,0.966479]],[[-0.117804,0.992949,-0.013242],[-0.656951,-0.0879272,-0.748789],[-0.744673,-0.0795113,0.662676]]],"btipPosition":[14.1038,275.267,-6.39713],"carpPosition":[34.4538,278.865,82.369],"dipPosition":[-3.32047,273.406,9.10856],"direction":[-0.253134,-0.042921,-0.966479],"extended":false,"handId":471,"id":4710,"length":52.1052,"mcpPosition":[34.4538,278.865,82.369],"pipPosition":[5.30842,274.869,42.0542],"stabilizedTipPosition":[20.3309,258.335,77.2493],"timeVisible":0.461173,"tipPosition":[9.48537,275.614,-3.10528],"tipVelocity":[4.83674,9.62718,-132.626],"tool":false,"touchDistance":-0.499586,"touchZone":"hovering","type":0,"width":20.2457},{"bases":[[[0.891851,0.39883,-0.21339],[-0.291829,0.867785,0.402225],[0.345596,-0.296451,0.890326]],[[0.943652,0.329839,-0.0269618],[-0.319417,0.929078,0.186511],[0.0865684,-0.16739,0.982083]],[[0.943652,0.329839,-0.0269618],[-0.328172,0.943164,0.0523873],[0.0427088,-0.0405873,0.998263]],[[0.943652,0.329839,-0.0269618],[-0.330801,0.942481,-0.0479675],[0.00958942,0.0541836,0.998485]]],"btipPosition":[4.63171,331.597,-65.7476],"carpPosition":[34.9659,302.547,83.1023],"dipPosition":[4.79552,332.523,-48.6915],"direction":[-0.0427088,0.0405873,-0.998263],"extended":true,"handId":471,"id":4711,"length":58.7949,"mcpPosition":[9.54598,324.352,17.6154],"pipPosition":[5.82759,331.542,-24.5682],"stabilizedTipPosition":[13.6208,307.351,25.3374],"timeVisible":0.461173,"tipPosition":[5.07433,332.003,-61.7463],"tipVelocity":[18.3681,18.0964,-142.141],"tool":false,"touchDistance":-0.518667,"touchZone":"hovering","type":1,"width":19.3387},{"bases":[[[0.966938,0.201293,-0.156564],[-0.129191,0.916,0.379808],[0.219865,-0.347024,0.91172]],[[0.959121,0.212682,-0.18669],[-0.274876,0.543232,-0.793311],[-0.0673066,0.812198,0.579487]],[[0.959121,0.212682,-0.18669],[-0.0278896,-0.585443,-0.810234],[-0.281618,0.782319,-0.555579]],[[0.959121,0.212682,-0.18669],[0.125278,-0.910624,-0.393787],[-0.253756,0.354301,-0.900044]]],"btipPosition":[45.8082,265.223,21.8482],"carpPosition":[45.1269,309.055,80.6637],"dipPosition":[41.0406,271.88,4.93823],"direction":[0.281618,-0.782319,0.555579],"extended":false,"handId":471,"id":4712,"length":66.9921,"mcpPosition":[29.7906,333.261,17.0684],"pipPosition":[33.0341,294.122,-10.8571],"stabilizedTipPosition":[61.8829,233.227,113.91],"timeVisible":0.461173,"tipPosition":[44.6199,266.609,17.3581],"tipVelocity":[-19.0727,7.44571,-123.875],"tool":false,"touchDistance":0.333333,"touchZone":"none","type":2,"width":18.9931},{"bases":[[[0.995723,0.0784029,-0.0488734],[-0.0527032,0.916511,0.396521],[0.0758814,-0.39225,0.916724]],[[0.994951,0.0821548,-0.057648],[-0.0920554,0.518208,-0.850286],[-0.0399814,0.8513,0.523154]],[[0.994951,0.0821548,-0.057648],[0.00779516,-0.635919,-0.771717],[-0.10006,0.767371,-0.633348]],[[0.994951,0.0821548,-0.057648],[0.0574063,-0.937008,-0.34456],[-0.0823239,0.339511,-0.936993]]],"btipPosition":[57.9912,271.567,32.608],"carpPosition":[56.6483,312.625,78.3443],"dipPosition":[56.4534,277.909,15.1049],"direction":[0.10006,-0.767371,0.633348],"extended":false,"handId":471,"id":4713,"length":64.4147,"mcpPosition":[51.8961,337.19,20.933],"pipPosition":[53.6821,299.163,-2.43634],"stabilizedTipPosition":[74.8468,241.434,119.079],"timeVisible":0.461173,"tipPosition":[57.5455,272.881,27.9692],"tipVelocity":[-18.8568,2.9852,-125.078],"tool":false,"touchDistance":0.333333,"touchZone":"none","type":3,"width":18.0732},{"bases":[[[0.992742,-0.120042,-0.00728456],[0.109722,0.87927,0.463515],[-0.0492361,-0.46095,0.886059]],[[0.993725,-0.107221,-0.0318377],[0.0342945,0.563028,-0.825726],[0.106461,0.819453,0.563172]],[[0.993725,-0.107221,-0.0318377],[-0.0896858,-0.593773,-0.799619],[0.0668317,0.797457,-0.599663]],[[0.993725,-0.107221,-0.0318377],[-0.11109,-0.913075,-0.392367],[0.0129998,0.393442,-0.919257]]],"btipPosition":[67.7332,284.62,31.7909],"carpPosition":[70.1733,309.241,75.4994],"dipPosition":[67.9573,291.4,15.9492],"direction":[-0.0668317,-0.797457,0.599663],"extended":false,"handId":471,"id":4714,"length":50.4999,"mcpPosition":[73.0277,335.963,24.1321],"pipPosition":[69.2641,306.994,4.22301],"stabilizedTipPosition":[84.0944,264.33,107.841],"timeVisible":0.461173,"tipPosition":[67.7738,286.051,27.7871],"tipVelocity":[-16.0745,-1.55004,-124.299],"tool":false,"touchDistance":0.333333,"touchZone":"none","type":4,"width":16.054}],"r":[[0.949494,0.276321,0.148686],[-0.304214,0.926766,0.220362],[-0.0769065,-0.254464,0.964019]],"s":1.03199,"t":[-34.6389,78.4642,-147.785],"timestamp":521797473753},false],[6,{"currentFrameRate":107.166,"devices":[],"gestures":[],"hands":[{"armBasis":[[0.856863,0.422157,-0.295921],[-0.250983,0.84297,0.475825],[0.450325,-0.333446,0.828264]],"armWidth":63.7064,"confidence":0.871523,"direction":[-0.226712,0.484388,-0.844967],"elbow":[179.452,208.369,306.112],"grabStrength":0,"id":471,"palmNormal":[0.237136,-0.813997,-0.53026],"palmPosition":[39.4754,318.573,35.151],"palmVelocity":[-2.25405,4.46447,-117.157],"palmWidth":90.9705,"pinchStrength":0.578069,"r":[[0.949903,0.273714,0.150883],[-0.302206,0.927508,0.22],[-0.0797278,-0.254576,0.963761]],"s":1.03142,"sphereCenter":[52.1845,291.658,-5.07165],"sphereRadius":49.3766,"stabilizedPalmPosition":[55.0648,296.366,119.675],"t":[-34.6001,78.5139,-148.648],"timeVisible":0.469935,"type":"right","wrist":[57.8903,298.38,82.5287]}],"id":4139643,"interactionBox":{"center":[0,200,0],"size":[235.247,235.247,147.751]},"pointables":[{"bases":[[[0.123786,0.951585,0.28136],[-0.777824,-0.0830162,0.622976],[0.616172,-0.295964,0.729889]],[[-0.115298,0.993263,-0.0115963],[-0.804498,-0.0865253,0.587619],[0.582657,0.0770803,0.809055]],[[-0.115298,0.993263,-0.0115963],[-0.961788,-0.10871,0.25129],[0.248336,0.0401263,0.967842]],[[-0.115298,0.993263,-0.0115963],[-0.65121,-0.0843973,-0.75419],[-0.750088,-0.0794046,0.656554]]],"btipPosition":[14.309,275.44,-7.05209],"carpPosition":[34.302,278.796,81.6799],"dipPosition":[-3.24199,273.582,8.31035],"direction":[-0.248336,-0.0401263,-0.967842],"extended":false,"handId":471,"id":4710,"length":52.1052,"mcpPosition":[34.302,278.796,81.6799],"pipPosition":[5.22338,274.95,41.3025],"stabilizedTipPosition":[20.3308,258.335,77.2481],"timeVisible":0.469935,"tipPosition":[9.6559,275.711,-3.80182],"tipVelocity":[8.9312,12.362,-118.102],"tool":false,"touchDistance":-0.48828,"touchZone":"hovering","type":0,"width":20.2457},{"bases":[[[0.893177,0.397367,-0.210559],[-0.291194,0.867841,0.402565],[0.342698,-0.298248,0.890846]],[[0.944306,0.328164,-0.024389],[-0.318184,0.929465,0.186692],[0.0839344,-0.168534,0.982116]],[[0.944306,0.328164,-0.024389],[-0.326584,0.943688,0.0528724],[0.0403664,-0.0419626,0.998303]],[[0.944306,0.328164,-0.024389],[-0.328984,0.943153,-0.047252],[0.00749617,0.052644,0.998585]]],"btipPosition":[4.94259,331.768,-66.4476],"carpPosition":[34.8581,302.477,82.4446],"dipPosition":[5.07064,332.667,-49.3898],"direction":[-0.0403664,0.0419626,-0.998303],"extended":true,"handId":471,"id":4711,"length":58.7949,"mcpPosition":[9.65136,324.414,16.9194],"pipPosition":[6.0461,331.653,-25.2656],"stabilizedTipPosition":[13.6205,307.352,25.3335],"timeVisible":0.469935,"tipPosition":[5.37756,332.165,-62.446],"tipVelocity":[22.709,18.2775,-125.423],"tool":false,"touchDistance":-0.505629,"touchZone":"hovering","type":1,"width":19.3387},{"bases":[[[0.967731,0.199612,-0.153789],[-0.128405,0.915768,0.380633],[0.216814,-0.348603,0.911849]],[[0.960025,0.211041,-0.183887],[-0.27172,0.544818,-0.793311],[-0.0672368,0.811563,0.580383]],[[0.960025,0.211041,-0.183887],[-0.0267894,-0.584648,-0.810845],[-0.278631,0.783357,-0.555623]],[[0.960025,0.211041,-0.183887],[0.124684,-0.910573,-0.394095],[-0.250613,0.355413,-0.900486]]],"btipPosition":[45.7848,265.227,21.1827],"carpPosition":[45.038,308.968,80.0408],"dipPosition":[41.0763,271.904,4.26438],"direction":[0.278631,-0.783357,0.555623],"extended":false,"handId":471,"id":4712,"length":66.9921,"mcpPosition":[29.9146,333.285,16.4365],"pipPosition":[33.1547,294.175,-11.5321],"stabilizedTipPosition":[61.8817,233.229,113.904],"timeVisible":0.469935,"tipPosition":[44.6141,266.616,16.6977],"tipVelocity":[-14.2541,5.69611,-111.072],"tool":false,"touchDistance":0.333333,"touchZone":"none","type":2,"width":18.9931},{"bases":[[[0.995997,0.0765303,-0.0461795],[-0.0519597,0.91611,0.397546],[0.0727298,-0.393555,0.916419]],[[0.995245,0.0803449,-0.0550683],[-0.0889507,0.519284,-0.84996],[-0.0396939,0.850817,0.523961]],[[0.995245,0.0803449,-0.0550683],[0.00858532,-0.635508,-0.772047],[-0.0970264,0.767903,-0.633176]],[[0.995245,0.0803449,-0.0550683],[0.0565637,-0.936977,-0.344783],[-0.0792993,0.340028,-0.937066]]],"btipPosition":[57.9592,271.54,31.9991],"carpPosition":[56.5724,312.518,77.7559],"dipPosition":[56.4779,277.892,14.4947],"direction":[0.0970264,-0.767903,0.633175],"extended":false,"handId":471,"id":4713,"length":64.4147,"mcpPosition":[52.0175,337.165,20.3636],"pipPosition":[53.7907,299.159,-3.04173],"stabilizedTipPosition":[74.8456,241.437,119.073],"timeVisible":0.469935,"tipPosition":[57.5286,272.853,27.3646],"tipVelocity":[-14.3765,1.40966,-110.166],"tool":false,"touchDistance":0.333333,"touchZone":"none","type":3,"width":18.0732},{"bases":[[[0.992523,-0.121961,-0.00485067],[0.110218,0.878468,0.464915],[-0.0524403,-0.461974,0.885342]],[[0.993579,-0.109411,-0.0288132],[0.0381718,0.563895,-0.824964],[0.106508,0.818567,0.564451]],[[0.993579,-0.109411,-0.0288132],[-0.0885158,-0.593074,-0.800267],[0.07047,0.797679,-0.598951]],[[0.993579,-0.109411,-0.0288132],[-0.111901,-0.912664,-0.393094],[0.0167122,0.393794,-0.919047]]],"btipPosition":[67.707,284.571,31.2122],"carpPosition":[70.0982,309.112,74.942],"dipPosition":[67.995,291.358,15.3742],"direction":[-0.07047,-0.797679,0.598951],"extended":false,"handId":471,"id":4714,"length":50.4999,"mcpPosition":[73.1383,335.894,23.6162],"pipPosition":[69.373,306.956,3.66196],"stabilizedTipPosition":[84.0933,264.331,107.836],"timeVisible":0.469935,"tipPosition":[67.769,286,27.2114],"tipVelocity":[-12.1128,-2.58762,-108.636],"tool":false,"touchDistance":0.333333,"touchZone