{"sensorType":"Leap","data":[[0,{"currentFrameRate":97.4417,"devices":[],"gestures":[],"hands":[{"armBasis":[[0.880777,0.344087,-0.325323],[-0.150086,0.854447,0.497388],[0.449116,-0.389261,0.80422]],"armWidth":63.7064,"confidence":0.845674,"direction":[-0.160409,0.678532,-0.716843],"elbow":[191.623,170.798,296.296],"grabStrength":0,"id":472,"palmNormal":[0.113957,-0.70866,-0.696287],"palmPosition":[54.7476,307.974,37.7716],"palmVelocity":[-16.1496,63.8222,-251.138],"palmWidth":90.9705,"pinchStrength":0.457344,"r":[[0.994238,0.0849856,-0.0653338],[-0.084695,0.996381,0.00720998],[0.0657101,-0.00163499,0.997837]],"s":1.22132,"sphereCenter":[51.6476,288.077,-5.81069],"sphereRadius":46.811,"stabilizedPalmPosition":[65.1809,278.777,101.354],"t":[-29.6845,109.151,-156.014],"timeVisible":0.361282,"type":"right","wrist":[70.3877,275.876,79.2031]}],"id":4140052,"interactionBox":{"center":[0,200,0],"size":[235.247,235.247,147.751]},"pointables":[{"bases":[[[0.261303,0.844064,0.46827],[-0.777422,-0.103515,0.620403],[0.572133,-0.526157,0.629145]],[[0.036754,0.977202,0.209104],[-0.794786,-0.0982572,0.598883],[0.605776,-0.188204,0.773055]],[[0.036754,0.977202,0.209104],[-0.942113,-0.0359008,0.333369],[0.333276,-0.209252,0.919315]],[[0.036754,0.977202,0.209104],[-0.806803,0.152487,-0.570803],[-0.589676,-0.147726,0.794015]]],"btipPosition":[16.4266,280.373,-13.3242],"carpPosition":[44.2222,260.391,75.1734],"dipPosition":[2.62898,276.917,5.25467],"direction":[-0.333276,0.209252,-0.919315],"extended":false,"handId":472,"id":4720,"length":52.1052,"mcpPosition":[44.2222,260.391,75.1734],"pipPosition":[13.9898,269.784,36.5926],"stabilizedTipPosition":[23.3899,256.371,56.2304],"timeVisible":0.361282,"tipPosition":[13.6075,280.927,-9.23897],"tipVelocity":[-23.589,9.49063,-260.57],"tool":false,"touchDistance":-0.60227,"touchZone":"hovering","type":0,"width":20.2457},{"bases":[[[0.939599,0.304561,-0.156195],[-0.160573,0.795228,0.584661],[0.302276,-0.524266,0.796099]],[[0.942127,0.300107,-0.149442],[-0.249692,0.925566,0.284571],[0.22372,-0.230788,0.946935]],[[0.942127,0.300107,-0.149442],[-0.276101,0.947392,0.161914],[0.190172,-0.111283,0.975423]],[[0.942127,0.300107,-0.149442],[-0.29222,0.953582,0.0727252],[0.164331,-0.0248464,0.986092]]],"btipPosition":[8.93866,334.652,-58.8226],"carpPosition":[48.1844,283.063,80.8232],"dipPosition":[11.7457,334.227,-41.9783],"direction":[-0.190172,0.111283,-0.975423],"extended":true,"handId":472,"id":4721,"length":58.7949,"mcpPosition":[25.9508,321.625,22.267],"pipPosition":[16.3413,331.538,-18.4069],"stabilizedTipPosition":[15.4188,307.299,-1.71387],"timeVisible":0.361282,"tipPosition":[9.43897,333.358,-55.0529],"tipVelocity":[2.08101,106.277,-248.938],"tool":false,"touchDistance":-0.634484,"touchZone":"hovering","type":1,"width":19.3387},{"bases":[[[0.985313,0.0908716,-0.14457],[0.00726412,0.823566,0.567174],[0.170603,-0.559894,0.81081]],[[0.977396,0.113999,-0.17805],[-0.199392,0.777033,-0.597045],[0.0702885,0.619051,0.782199]],[[0.977396,0.113999,-0.17805],[-0.0917037,-0.530223,-0.842884],[-0.190494,0.840159,-0.507784]],[[0.977396,0.113999,-0.17805],[0.0500648,-0.943019,-0.328951],[-0.205405,0.312602,-0.92741]]],"btipPosition":[53.1634,267.897,17.057],"carpPosition":[59.1757,288.434,79.4472],"dipPosition":[49.3042,273.771,-0.367142],"direction":[0.190494,-0.840159,0.507784],"extended":false,"handId":472,"id":4722,"length":66.9921,"mcpPosition":[47.2756,327.489,22.8907],"pipPosition":[43.8884,297.657,-14.8036],"stabilizedTipPosition":[58.8847,244.504,65.3134],"timeVisible":0.361282,"tipPosition":[52.0153,269.465,11.6755],"tipVelocity":[-17.2341,68.5639,-241.272],"tool":false,"touchDistance":0.333333,"touchZone":"none","type":2,"width":18.9931},{"bases":[[[0.996309,-0.0548561,-0.0660185],[0.0830765,0.809686,0.580954],[0.0215854,-0.584294,0.811255]],[[0.994461,-0.0296961,-0.10082],[-0.0451948,0.745216,-0.665289],[0.0948893,0.666161,0.739747]],[[0.994461,-0.0296961,-0.10082],[-0.0988062,-0.591173,-0.80047],[-0.0358313,0.805998,-0.590833]],[[0.994461,-0.0296961,-0.10082],[-0.0561296,-0.961063,-0.27057],[-0.0888596,0.27473,-0.957407]]],"btipPosition":[68.1467,270.125,27.9232],"carpPosition":[71.085,290.746,77.5257],"dipPosition":[66.4868,275.257,10.0388],"direction":[0.0358313,-0.805998,0.590833],"extended":false,"handId":472,"id":4723,"length":64.4147,"mcpPosition":[69.7332,327.338,26.7196],"pipPosition":[65.4944,297.58,-6.32494],"stabilizedTipPosition":[74.6379,247.661,71.7189],"timeVisible":0.361282,"tipPosition":[67.6217,271.576,22.1677],"tipVelocity":[-16.8215,61.2257,-211.787],"tool":false,"touchDistance":0.333333,"touchZone":"none","type":3,"width":18.0732},{"bases":[[[0.964597,-0.255138,-0.0667576],[0.238606,0.736474,0.632988],[-0.112334,-0.626507,0.771278]],[[0.94595,-0.323692,0.0200343],[0.262938,0.729308,-0.631644],[0.189847,0.602771,0.775]],[[0.94595,-0.323692,0.0200343],[-0.163286,-0.528737,-0.832932],[0.280206,0.78464,-0.553013]],[[0.94595,-0.323692,0.0200343],[-0.300049,-0.896953,-0.324725],[0.123081,0.301163,-0.945596]]],"btipPosition":[76.161,280.639,28.5663],"carpPosition":[83.9605,286.16,73.5674],"dipPosition":[78.2821,285.829,12.2707],"direction":[-0.280207,-0.78464,0.553013],"extended":false,"handId":472,"id":4724,"length":50.4999,"mcpPosition":[90.4728,322.481,28.8543],"pipPosition":[83.7614,301.172,1.45675],"stabilizedTipPosition":[85.1214,255.939,77.466],"timeVisible":0.361282,"tipPosition":[76.6652,282.147,23.5152],"tipVelocity":[-17.9152,56.8216,-222.215],"tool":false,"touchDistance":0.333333,"touchZone":"none","type":4,"width":16.054}],"r":[[0.994238,0.0849856,-0.0653338],[-0.084695,0.996381,0.00720998],[0.0657101,-0.00163499,0.997837]],"s":1.22132,"t":[-29.6845,109.151,-156.014],"timestamp":521801726265},false],[1,{"currentFrameRate":98.0332,"devices":[],"gestures":[],"hands":[{"armBasis":[[0.884812,0.338294,-0.320412],[-0.143355,0.851948,0.503621],[0.443347,-0.399677,0.80231]],"armWidth":63.7064,"confidence":0.851746,"direction":[-0.155393,0.678834,-0.717661],"elbow":[189.721,168.833,293.252],"grabStrength":0,"id":472,"palmNormal":[0.109362,-0.710198,-0.695456],"palmPosition":[54.6441,308.882,35.201],"palmVelocity":[-14.8609,73.9578,-260.44],"palmWidth":90.9705,"pinchStrength":0.464687,"r":[[0.994474,0.0830779,-0.0641845],[-0.0827338,0.99654,0.00800486],[0.0646275,-0.00265039,0.997906]],"s":1.22316,"sphereCenter":[51.3755,289.026,-8.3044],"sphereRadius":46.79,"stabilizedPalmPosition":[65.1318,278.918,101.046],"t":[-29.7527,109.863,-158.331],"timeVisible":0.370303,"type":"right","wrist":[70.0435,276.722,76.6749]}],"id":4140053,"interactionBox":{"center":[0,200,0],"size":[235.247,235.247,147.751]},"pointables":[{"bases":[[[0.266927,0.842752,0.46746],[-0.778395,-0.0974524,0.620165],[0.5682,-0.529407,0.629981]],[[0.0407314,0.977956,0.204799],[-0.796179,-0.0920729,0.598014],[0.603688,-0.187415,0.774878]],[[0.0407314,0.977956,0.204799],[-0.943425,-0.0298641,0.33024],[0.329076,-0.206664,0.921411]],[[0.0407314,0.977956,0.204799],[-0.798764,0.155008,-0.581333],[-0.600264,-0.139908,0.78747]]],"btipPosition":[16.4728,281.086,-15.8565],"carpPosition":[43.7733,261.414,72.6504],"dipPosition":[2.42745,277.812,2.56922],"direction":[-0.329076,0.206664,-0.921411],"extended":false,"handId":472,"id":4720,"length":52.1052,"mcpPosition":[43.7733,261.414,72.6504],"pipPosition":[13.6451,270.768,33.9786],"stabilizedTipPosition":[23.3696,256.419,56.0943],"timeVisible":0.370303,"tipPosition":[13.4727,281.682,-11.7783],"tipVelocity":[-17.4274,29.8981,-267.186],"tool":false,"touchDistance":-0.608889,"touchZone":"hovering","type":0,"width":20.2457},{"bases":[[[0.941752,0.297884,-0.156105],[-0.155329,0.796963,0.583714],[0.298289,-0.525466,0.796812]],[[0.944429,0.293087,-0.148843],[-0.243182,0.927613,0.283542],[0.221172,-0.231589,0.947338]],[[0.944429,0.293087,-0.148843],[-0.269372,0.949556,0.160567],[0.188395,-0.111549,0.975738]],[[0.944429,0.293087,-0.148843],[-0.285392,0.955766,0.0711518],[0.163113,-0.0247191,0.986298]]],"btipPosition":[9.11042,335.78,-61.4496],"carpPosition":[47.8897,284.065,78.277],"dipPosition":[11.8967,335.358,-44.6017],"direction":[-0.188395,0.111549,-0.975738],"extended":true,"handId":472,"id":4721,"length":58.7949,"mcpPosition":[25.9494,322.715,19.6684],"pipPosition":[16.4493,332.662,-21.0228],"stabilizedTipPosition":[15.3679,307.555,-2.2163],"timeVisible":0.370303,"tipPosition":[9.5854,334.52,-57.6721],"tipVelocity":[6.6012,111.47,-260.542],"tool":false,"touchDistance":-0.638762,"touchZone":"hovering","type":1,"width":19.3387},{"bases":[[[0.985982,0.0838958,-0.144224],[0.0127078,0.824121,0.566272],[0.166366,-0.560166,0.811502]],[[0.978254,0.107001,-0.177677],[-0.193697,0.777619,-0.598156],[0.0741616,0.619564,0.781435]],[[0.978254,0.107001,-0.177677],[-0.0948924,-0.530839,-0.842143],[-0.184428,0.84069,-0.509142]],[[0.978254,0.107001,-0.177677],[0.0437551,-0.943839,-0.327495],[-0.202741,0.312599,-0.927997]]],"btipPosition":[52.7925,268.8,14.5481],"carpPosition":[58.9185,289.358,76.9001],"dipPosition":[48.9835,274.674,-2.88704],"direction":[0.184428,-0.84069,0.509142],"extended":false,"handId":472,"id":4722,"length":66.9921,"mcpPosition":[47.314,328.431,20.2953],"pipPosition":[43.7401,298.575,-17.3621],"stabilizedTipPosition":[58.8447,244.651,64.999],"timeVisible":0.370303,"tipPosition":[51.6629,270.363,9.18418],"tipVelocity":[-23.4507,77.2424,-251.486],"tool":false,"touchDistance":0.333333,"touchZone":"none","type":2,"width":18.9931},{"bases":[[[0.995935,-0.0618178,-0.0655077],[0.0884162,0.809732,0.580101],[0.0171831,-0.583535,0.811906]],[[0.994279,-0.0367069,-0.100306],[-0.039657,0.745104,-0.665768],[0.0991769,0.665937,0.739386]],[[0.994279,-0.0367069,-0.100306],[-0.102544,-0.590853,-0.800236],[-0.029892,0.805944,-0.591237]],[[0.994279,-0.0367069,-0.100306],[-0.062711,-0.960813,-0.270011],[-0.0864642,0.274757,-0.957618]]],"btipPosition":[67.781,270.928,25.3694],"carpPosition":[70.8443,291.585,74.9815],"dipPosition":[66.1659,276.061,7.48107],"direction":[0.029892,-0.805944,0.591237],"extended":false,"handId":472,"id":4723,"length":64.4147,"mcpPosition":[69.7682,328.13,24.1345],"pipPosition":[65.338,298.382,-8.89387],"stabilizedTipPosition":[74.5887,247.828,71.3753],"timeVisible":0.370303,"tipPosition":[67.2731,272.374,19.6538],"tipVelocity":[-23.0335,68.8679,-231.433],"tool":false,"touchDistance":0.333333,"touchZone":"none","type":3,"width":18.0732},{"bases":[[[0.962839,-0.261876,-0.066041],[0.243413,0.735503,0.632286],[-0.117007,-0.624865,0.771915]],[[0.944286,-0.328593,0.0187101],[0.263084,0.71943,-0.642812],[0.197763,0.611921,0.765796]],[[0.944286,-0.328593,0.0187101],[-0.171749,-0.540459,-0.823654],[0.280759,0.774552,-0.566784]],[[0.944286,-0.328593,0.0187101],[-0.306594,-0.898891,-0.313042],[0.119682,0.289865,-0.949555]]],"btipPosition":[75.929,281.358,26.6588],"carpPosition":[83.6896,286.906,71.034],"dipPosition":[77.9915,286.353,10.2951],"direction":[-0.280759,-0.774552,0.566784],"extended":false,"handId":472,"id":4724,"length":50.4999,"mcpPosition":[90.4728,323.132,26.2839],"pipPosition":[83.4816,301.499,-0.788189],"stabilizedTipPosition":[85.068,256.102,77.1315],"timeVisible":0.370303,"tipPosition":[76.4157,282.822,21.5191],"tipVelocity":[-20.4746,61.7618,-219.73],"tool":false,"touchDistance":0.333333,"touchZone":"none","type":4,"width":16.054}],"r":[[0.994474,0.0830779,-0.0641845],[-0.0827338,0.99654,0.00800486],[0.0646275,-0.00265039,0.997906]],"s":1.22316,"t":[-29.7527,109.863,-158.331],"timestamp":521801735286},false],[2,{"currentFrameRate":98.4967,"devices":[],"gestures":[],"hands":[{"armBasis":[[0.887964,0.331603,-0.318685],[-0.139442,0.854419,0.500523],[0.438266,-0.400009,0.804933]],"armWidth":63.7064,"confidence":0.85299,"direction":[-0.153564,0.679355,-0.717562],"elbow":[188.338,169.076,292.639],"grabStrength":0,"id":472,"palmNormal":[0.105319,-0.710786,-0.695479],"palmPosition":[54.7078,309.272,33.8965],"palmVelocity":[-8.757,65.0536,-227.008],"palmWidth":90.9705,"pinchStrength":0.467098,"r":[[0.994709,0.0807028,-0.0635622],[-0.0803155,0.996732,0.00862844],[0.0640509,-0.00347776,0.997941]],"s":1.22382,"sphereCenter":[51.3486,289.412,-9.61668],"sphereRadius":46.7575,"stabilizedPalmPosition":[65.0902,279.039,100.778],"t":[-29.755,110.414,-160.141],"timeVisible":0.379536,"type":"right","wrist":[70.0314,277.055,75.3539]}],"id":4140054,"interactionBox":{"center":[0,200,0],"size":[235.247,235.247,147.751]},"pointables":[{"bases":[[[0.271194,0.841697,0.466904],[-0.777888,-0.0940277,0.621329],[0.566873,-0.5317,0.629246]],[[0.0437801,0.978231,0.20285],[-0.79603,-0.0885331,0.598747],[0.603671,-0.187688,0.774825]],[[0.0437801,0.978231,0.20285],[-0.943916,-0.0260119,0.329161],[0.327272,-0.205884,0.922228]],[[0.0437801,0.978231,0.20285],[-0.794386,0.157216,-0.586714],[-0.605833,-0.135455,0.783976]]],"btipPosition":[16.5826,281.412,-17.0793],"carpPosition":[43.6905,261.858,71.371],"dipPosition":[2.40698,278.243,1.26465],"direction":[-0.327272,0.205884,-0.922228],"extended":false,"handId":472,"id":4720,"length":52.1052,"mcpPosition":[43.6905,261.858,71.371],"pipPosition":[13.5631,271.225,32.7019],"stabilizedTipPosition":[23.3541,256.456,55.988],"timeVisible":0.379536,"tipPosition":[13.4626,281.998,-13.0025],"tipVelocity":[-10.1104,32.1559,-229.95],"tool":false,"touchDistance":-0.594958,"touchZone":"hovering","type":0,"width":20.2457},{"bases":[[[0.942778,0.29385,-0.157548],[-0.151082,0.797725,0.583788],[0.297226,-0.52658,0.796473]],[[0.945688,0.288598,-0.149619],[-0.238606,0.928827,0.283455],[0.220774,-0.23236,0.947242]],[[0.945688,0.288598,-0.149619],[-0.264967,0.950967,0.159542],[0.188326,-0.111233,0.975787]],[[0.945688,0.288598,-0.149619],[-0.281111,0.957159,0.0694476],[0.163251,-0.0236163,0.986302]]],"btipPosition":[9.22666,336.295,-62.7117],"carpPosition":[47.9113,284.491,76.9872],"dipPosition":[12.0153,335.892,-45.8637],"direction":[-0.188326,0.111233,-0.975787],"extended":true,"handId":472,"id":4721,"length":58.7949,"mcpPosition":[26.0492,323.223,18.4035],"pipPosition":[16.5662,333.204,-22.2836],"stabilizedTipPosition":[15.3211,307.798,-2.6973],"timeVisible":0.379536,"tipPosition":[9.67542,335.106,-58.9219],"tipVelocity":[8.29775,95.9873,-225.791],"tool":false,"touchDistance":-0.62215,"touchZone":"hovering","type":1,"width":19.3387},{"bases":[[[0.986116,0.0796779,-0.145691],[0.0170435,0.824165,0.566093],[0.165179,-0.560717,0.811365]],[[0.978534,0.102549,-0.178761],[-0.191068,0.776503,-0.600447],[0.0772329,0.621713,0.779428]],[[0.978534,0.102549,-0.178761],[-0.097492,-0.533865,-0.839931],[-0.181568,0.839328,-0.512407]],[[0.978534,0.102549,-0.178761],[0.0397877,-0.945092,-0.324372],[-0.20221,0.310297,-0.928885]]],"btipPosition":[52.6781,269.197,13.4569],"carpPosition":[58.9605,289.738,75.593],"dipPosition":[48.879,275.027,-3.99499],"direction":[0.181568,-0.839328,0.512407],"extended":false,"handId":472,"id":4722,"length":66.9921,"mcpPosition":[47.4388,328.85,18.9978],"pipPosition":[43.7169,298.889,-18.5629],"stabilizedTipPosition":[58.8091,244.782,64.718],"timeVisible":0.379536,"tipPosition":[51.5557,270.742,8.10071],"tipVelocity":[-20.2788,67.315,-214.202],"tool":false,"touchDistance":0.333333,"touchZone":"none","type":2,"width":18.9931},{"bases":[[[0.995566,-0.0660619,-0.0669612],[0.0927104,0.809457,0.579814],[0.0158987,-0.583451,0.811993]],[[0.993976,-0.041053,-0.101621],[-0.0363636,0.751149,-0.659131],[0.103392,0.658855,0.745131]],[[0.993976,-0.041053,-0.101621],[-0.106471,-0.581654,-0.806438],[-0.0260015,0.812399,-0.582521]],[[0.993976,-0.041053,-0.101621],[-0.0679753,-0.95824,-0.277769],[-0.085974,0.283004,-0.955258]]],"btipPosition":[67.6048,271.235,23.4968],"carpPosition":[70.8929,291.913,73.6564],"dipPosition":[65.9988,276.522,5.65262],"direction":[0.0260015,-0.8124,0.582521],"extended":false,"handId":472,"id":4723,"length":64.4147,"mcpPosition":[69.8972,328.453,22.8041],"pipPosition":[65.2787,299.022,-10.4809],"stabilizedTipPosition":[74.5468,247.968,71.0792],"timeVisible":0.379536,"tipPosition":[67.1344,272.695,18.1523],"tipVelocity":[-21.8612,59.9453,-223.094],"tool":false,"touchDistance":0.333333,"touchZone":"none","type":3,"width":18.0732},{"bases":[[[0.96162,-0.265978,-0.0674072],[0.247467,0.73458,0.631785],[-0.118525,-0.624218,0.772207]],[[0.942922,-0.332561,0.0173335],[0.26516,0.718293,-0.64323],[0.201463,0.611113,0.765476]],[[0.942922,-0.332561,0.0173335],[-0.175237,-0.539771,-0.82337],[0.283177,0.773337,-0.56724]],[[0.942922,-0.332561,0.0173335],[-0.310841,-0.897626,-0.312483],[0.119479,0.289259,-0.949765]]],"btipPosition":[75.8651,281.656,25.3227],"carpPosition":[83.7123,287.18,69.691],"dipPosition":[77.9241,286.641,8.95529],"direction":[-0.283177,-0.773337,0.56724],"extended":false,"handId":472,"id":4724,"length":50.4999,"mcpPosition":[90.5835,323.367,24.924],"pipPosition":[83.4615,301.764,-2.13687],"stabilizedTipPosition":[85.0232,256.239,76.8462],"timeVisible":0.379536,"tipPosition":[76.3494,283.114,20.2004],"tipVelocity":[-16.6954,53.4322,-198.707],"tool":false,"touchDistance":0.333333,"touchZone":"none","type":4,"width":16.054}],"r":[[0.994709,0.0807028,-0.0635622],[-0.0803155,0.996732,0.00862844],[0.0640509,-0.00347776,0.997941]],"s":1.22382,"t":[-29.755,110.414,-160.141],"timestamp":521801744519},false],[3,{"currentFrameRate":99.133,"devices":[],"gestures":[],"hands":[{"armBasis":[[0.892186,0.319961,-0.318794],[-0.133206,0.860816,0.491174],[0.43158,-0.395753,0.810629]],"armWidth":63.7064,"confidence":0.818849,"direction":[-0.147868,0.680072,-0.718079],"elbow":[185.971,170.921,292.019],"grabStrength":0,"id":472,"palmNormal":[0.0990904,-0.71222,-0.694927],"palmPosition":[54.4151,310.066,31.7157],"palmVelocity":[-15.3462,71.7612,-232.39],"palmWidth":90.9705,"pinchStrength":0.473487,"r":[[0.995025,0.0770854,-0.0631145],[-0.0766706,0.997016,0.00897153],[0.0636177,-0.00408787,0.997966]],"s":1.2238,"sphereCenter":[50.9492,290.201,-11.7769],"sphereRadius":46.7309,"stabilizedPalmPosition":[65.0546,279.142,100.547],"t":[-29.9025,111.086,-162.137],"timeVisible":0.388368,"type":"right","wrist":[69.4697,277.752,73.1961]}],"id":4140055,"interactionBox":{"center":[0,200,0],"size":[235.247,235.247,147.751]},"pointables":[{"bases":[[[0.278488,0.839714,0.46618],[-0.778549,-0.0868568,0.621544],[0.562411,-0.536037,0.62957]],[[0.051299,0.978255,0.200962],[-0.797121,-0.0811174,0.598347],[0.601637,-0.190886,0.775626]],[[0.051299,0.978255,0.200962],[-0.945331,-0.0173256,0.325651],[0.322051,-0.206681,0.923886]],[[0.051299,0.978255,0.200962],[-0.787982,0.163275,-0.593654],[-0.613557,-0.127901,0.779224]]],"btipPosition":[16.351,282.342,-19.2054],"carpPosition":[42.9987,262.778,69.2301],"dipPosition":[1.99466,279.35,-0.972694],"direction":[-0.322051,0.206681,-0.923886],"extended":false,"handId":472,"id":4720,"length":52.1052,"mcpPosition":[42.9987,262.778,69.2301],"pipPosition":[12.9728,272.304,30.521],"stabilizedTipPosition":[23.3414,256.487,55.9007],"timeVisible":0.388368,"tipPosition":[13.088,282.915,-15.1393],"tipVelocity":[-15.7358,53.1641,-233.646],"tool":false,"touchDistance":-0.596071,"touchZone":"hovering","type":0,"width":20.2457},{"bases":[[[0.945234,0.285629,-0.157954],[-0.144126,0.799458,0.583176],[0.29285,-0.528472,0.796842]],[[0.948364,0.279862,-0.149275],[-0.230398,0.931275,0.282214],[0.217997,-0.233249,0.947667]],[[0.948364,0.279862,-0.149275],[-0.256695,0.953643,0.157078],[0.186315,-0.110649,0.976239]],[[0.948364,0.279862,-0.149275],[-0.272825,0.959788,0.0661259],[0.161779,-0.0219854,0.986582]]],"btipPosition":[9.24473,337.318,-64.9325],"carpPosition":[47.4145,285.379,74.8274],"dipPosition":[12.0082,336.943,-48.0797],"direction":[-0.186315,0.110649,-0.976239],"extended":true,"handId":472,"id":4721,"length":58.7949,"mcpPosition":[25.8743,324.25,16.2166],"pipPosition":[16.5106,334.269,-24.4887],"stabilizedTipPosition":[15.2795,308.023,-3.14418],"timeVisible":0.388368,"tipPosition":[9.65393,336.219,-61.1261],"tipVelocity":[6.43155,101.539,-232.691],"tool":false,"touchDistance":-0.621564,"touchZone":"hovering","type":1,"width":19.3387},{"bases":[[[0.986736,0.0711029,-0.145933],[0.0242159,0.824442,0.565429],[0.160517,-0.561463,0.811784]],[[0.979361,0.0939627,-0.178949],[-0.184431,0.777655,-0.60103],[0.0826861,0.621629,0.778935]],[[0.979361,0.0939627,-0.178949],[-0.102176,-0.53374,-0.839453],[-0.174389,0.840412,-0.513123]],[[0.979361,0.0939627,-0.178949],[0.0316242,-0.945701,-0.323495],[-0.199629,0.31116,-0.929155]]],"btipPosition":[52.0354,269.997,11.3108],"carpPosition":[58.508,290.529,73.427],"dipPosition":[48.2847,275.843,-6.1461],"direction":[0.174389,-0.840412,0.513123],"extended":false,"handId":472,"id":4722,"length":66.9921,"mcpPosition":[47.3114,329.693,16.8026],"pipPosition":[43.3268,299.737,-20.7344],"stabilizedTipPosition":[58.7769,244.894,64.4757],"timeVisible":0.388368,"tipPosition":[50.9294,271.544,5.96827],"tipVelocity":[-34.1235,73.7295,-222.015],"tool":false,"touchDistance":0.333333,"touchZone":"none","type":2,"width":18.9931},{"bases":[[[0.994951,-0.0746496,-0.0670883],[0.0997564,0.809096,0.579147],[0.0110477,-0.582916,0.812458]],[[0.993575,-0.049732,-0.101662],[-0.0299258,0.750859,-0.659784],[0.109147,0.658587,0.744547]],[[0.993575,-0.049732,-0.101662],[-0.111566,-0.581297,-0.806007],[-0.0190117,0.812171,-0.58311]],[[0.993575,-0.049732,-0.101662],[-0.0762989,-0.957792,-0.277151],[-0.0835882,0.283127,-0.955433]]],"btipPosition":[66.9787,271.905,21.3435],"carpPosition":[70.4582,292.601,71.4866],"dipPosition":[65.4173,277.194,3.49603],"direction":[0.0190117,-0.812171,0.58311],"extended":false,"handId":472,"id":4723,"length":64.4147,"mcpPosition":[69.7663,329.107,20.6051],"pipPosition":[64.8907,299.688,-12.6538],"stabilizedTipPosition":[74.5113,248.081,70.838],"timeVisible":0.388368,"tipPosition":[66.524,273.362,16.0226],"tipVelocity":[-34.7964,64.2612,-228.715],"tool":false,"touchDistance":0.333333,"touchZone":"none","type":3,"width":18.0732},{"bases":[[[0.959291,-0.274267,-0.0673678],[0.253875,0.732937,0.631151],[-0.123728,-0.62256,0.772729]],[[0.940072,-0.340535,0.0173178],[0.271012,0.715396,-0.644019],[0.206922,0.610118,0.764813]],[[0.940072,-0.340535,0.0173178],[-0.180053,-0.538897,-0.822904],[0.28956,0.770471,-0.567917]],[[0.940072,-0.340535,0.0173178],[-0.318516,-0.895147,-0.311864],[0.121703,0.287659,-0.949969]]],"btipPosition":[75.3341,282.254,23.1642],"carpPosition":[83.2359,287.754,67.5226],"dipPosition":[77.4314,287.211,6.79331],"direction":[-0.28956,-0.770471,0.567917],"extended":false,"handId":472,"id":4724,"length":50.4999,"mcpPosition":[90.4087,323.846,22.7253],"pipPosition":[83.0937,302.277,-4.31208],"stabilizedTipPosition":[84.9854,256.35,76.6105],"timeVisible":0.388368,"tipPosition":[75.8292,283.703,18.0577],"tipVelocity":[-28.1601,57.073,-211.076],"tool":false,"touchDistance":0.333333,"touchZone":"none","type":4,"width":16.054}],"r":[[0.995025,0.0770854,-0.0631145],[-0.0766706,0.997016,0.00897153],[0.0636177,-0.00408787,0.997966]],"s":1.2238,"t":[-29.9025,111.086,-162.137],"timestamp":521801753351},false],[4,{"currentFrameRate":99.577,"devices":[],"gestures":[],"hands":[{"armBasis":[[0.894033,0.315872,-0.317694],[-0.130704,0.862193,0.489428],[0.42851,-0.396041,0.812115]],"armWidth":63.7064,"confidence":0.816683,"direction":[-0.143316,0.677168,-0.721737],"elbow":[184.694,171.45,290.661],"grabStrength":0,"id":472,"palmNormal":[0.0980668,-0.715959,-0.69122],"palmPosition":[54.2019,310.531,29.7616],"palmVelocity":[-17.55,65.8743,-226.999],"palmWidth":90.9705,"pinchStrength":0.480144,"r":[[0.995358,0.0733439,-0.0623131],[-0.0729708,0.9973,0.00824472],[0.0627496,-0.00365941,0.998023]],"s":1.22306,"sphereCenter":[50.8713,290.456,-13.6629],"sphereRadius":46.702,"stabilizedPalmPosition":[65.0237,279.232,100.345],"t":[-30.0828,111.655,-164.112],"timeVisible":0.397539,"type":"right","wrist":[69.0211,278.358,71.4366]}],"id":4140056,"interactionBox":{"center":[0,200,0],"size":[235.247,235.247,147.751]},"pointables":[{"bases":[[[0.280604,0.840854,0.462845],[-0.780492,-0.0807752,0.619926],[0.558653,-0.5352,0.633614]],[[0.0546939,0.978993,0.196421],[-0.799115,-0.0750304,0.596478],[0.598686,-0.189587,0.778224]],[[0.0546939,0.978993,0.196421],[-0.947775,-0.0110027,0.318749],[0.314215,-0.203597,0.927264]],[[0.0546939,0.978993,0.196421],[-0.7805,0.164607,-0.603096],[-0.622759,-0.120321,0.773107]]],"btipPosition":[16.4834,282.687,-21.0631],"carpPosition":[42.5013,263.47,67.4741],"dipPosition":[1.91174,279.872,-2.97354],"direction":[-0.314215,0.203597,-0.927263],"extended":false,"handId":472,"id":4720,"length":52.1052,"mcpPosition":[42.5013,263.47,67.4741],"pipPosition":[12.6228,272.931,28.6353],"stabilizedTipPosition":[23.3311,256.513,55.8273],"timeVisible":0.397539,"tipPosition":[13.066,283.204,-17.0337],"tipVelocity":[-8.82435,50.0603,-225.976],"tool":false,"touchDistance":-0.593157,"touchZone":"hovering","type":0,"width":20.2457},{"bases":[[[0.946763,0.281128,-0.156868],[-0.142468,0.802833,0.578932],[0.288692,-0.525762,0.800144]],[[0.950096,0.274918,-0.147436],[-0.227254,0.933722,0.276622],[0.213713,-0.229312,0.949602]],[[0.950096,0.274918,-0.147436],[-0.253143,0.955629,0.150638],[0.182308,-0.105799,0.977533]],[[0.950096,0.274918,-0.147436],[-0.268989,0.961325,0.0591493],[0.157995,-0.0165388,0.987301]]],"btipPosition":[9.47364,337.441,-67.1558],"carpPosition":[46.9921,286.08,72.9737],"dipPosition":[12.1725,337.158,-50.2908],"direction":[-0.182308,0.105799,-0.977533],"extended":true,"handId":472,"id":4721,"length":58.7949,"mcpPosition":[25.7577,324.752,14.12],"pipPosition":[16.578,334.602,-26.6685],"stabilizedTipPosition":[15.2444,308.222,-3.55032],"timeVisible":0.397539,"tipPosition":[9.84422,336.427,-63.331],"tipVelocity":[11.1488,77.592,-235.322],"tool":false,"touchDistance":-0.621048,"touchZone":"hovering","type":1,"width":19.3387},{"bases":[[[0.987384,0.0665008,-0.143703],[0.0260175,0.827065,0.561503],[0.156192,-0.558158,0.814901]],[[0.980213,0.0891517,-0.176734],[-0.179643,0.775629,-0.605085],[0.083136,0.624861,0.776297]],[[0.980213,0.0891517,-0.176734],[-0.102095,-0.537221,-0.83724],[-0.169587,0.838717,-0.517489]],[[0.980213,0.0891517,-0.176734],[0.0286654,-0.947356,-0.318898],[-0.195861,0.307521,-0.931166]]],"btipPosition":[51.7095,270.378,9.53277],"carpPosition":[58.1095,291.18,71.5774],"dipPosition":[48.0297,276.156,-7.96195],"direction":[0.169587,-0.838717,0.517489],"extended":false,"handId":472,"id":4722,"length":66.9921,"mcpPosition":[47.2146,330.113,14.7355],"pipPosition":[43.2083,300.001,-22.6743],"stabilizedTipPosition":[58.7476,244.993,64.258],"timeVisible":0.397539,"tipPosition":[50.6306,271.898,4.20698],"tipVelocity":[-34.02,64.2706,-214.43],"tool":false,"touchDistance":0.333333,"touchZone":"none","type":2,"width":18.9931},{"bases":[[[0.994817,-0.0788998,-0.0641341],[0.101461,0.811489,0.575493],[0.00663785,-0.579017,0.815288]],[[0.993654,-0.0544301,-0.0984332],[-0.0240703,0.751947,-0.658784],[0.109874,0.656972,0.745865]],[[0.993654,-0.0544301,-0.0984332],[-0.111733,-0.578348,-0.808103],[-0.0129435,0.813973,-0.580759]],[[0.993654,-0.0544301,-0.0984332],[-0.0800226,-0.957075,-0.278575],[-0.079045,0.284685,-0.955357]]],"btipPosition":[66.5841,272.248,19.2123],"carpPosition":[70.0728,293.195,69.658],"dipPosition":[65.1075,277.566,1.36622],"direction":[0.0129435,-0.813973,0.580759],"extended":false,"handId":472,"id":4723,"length":64.4147,"mcpPosition":[69.6571,329.457,18.5993],"pipPosition":[64.749,300.11,-14.7185],"stabilizedTipPosition":[74.4806,248.175,70.631],"timeVisible":0.397539,"tipPosition":[66.1811,273.69,14.1374],"tipVelocity":[-36.5007,56.9717,-229.73],"tool":false,"touchDistance":0.333333,"touchZone":"none","type":3,"width":18.0732},{"bases":[[[0.958368,-0.278374,-0.0635429],[0.255141,0.734974,0.628264],[-0.12819,-0.618321,0.775401]],[[0.938859,-0.343674,0.0207714],[0.273772,0.70859,-0.650345],[0.208789,0.616269,0.759355]],[[0.938859,-0.343674,0.0207714],[-0.181169,-0.544422,-0.819013],[0.292782,0.765175,-0.573399]],[[0.938859,-0.343674,0.0207714],[-0.321045,-0.895644,-0.307818],[0.124393,0.282329,-0.951218]]],"btipPosition":[75.023,282.51,21.5593],"carpPosition":[82.8414,288.279,65.7508],"dipPosition":[77.1667,287.376,5.16686],"direction":[-0.292782,-0.765175,0.573399],"extended":false,"handId":472,"id":4724,"length":50.4999,"mcpPosition":[90.2729,324.125,20.7987],"pipPosition":[82.8919,302.339,-6.04574],"stabilizedTipPosition":[84.9535,256.442,76.4123],"timeVisible":0.397539,"tipPosition":[75.5386,283.947,16.4689],"tipVelocity":[-29.4439,48.3175,-201.162],"tool":false,"touchDistance":0.333333,"touchZone":"none","type":4,"width":16.054}],"r":[[0.995358,0.0733439,-0.0623131],[-0.0729708,0.9973,0.00824472],[0.0627496,-0.00365941,0.998023]],"s":1.22306,"t":[-30.0828,111.655,-164.112],"timestamp":521801762522},false],[5,{"currentFrameRate":100.138,"devices":[],"gestures":[],"hands":[{"armBasis":[[0.895098,0.313747,-0.316801],[-0.129841,0.863149,0.48797],[0.426546,-0.395647,0.81334]],"armWidth":63.7064,"confidence":0.818803,"direction":[-0.141546,0.675411,-0.72373],"elbow":[183.978,171.809,290.085],"grabStrength":0,"id":472,"palmNormal":[0.0977687,-0.717978,-0.689165],"palmPosition":[54.1083,310.692,28.7521],"palmVelocity":[-15.6423,52.9035,-196.173],"palmWidth":90.9705,"pinchStrength":0.48505,"r":[[0.995648,0.070026,-0.0614935],[-0.0697201,0.997541,0.00710764],[0.06184,-0.00278937,0.998082]],"s":1.22213,"sphereCenter":[50.8727,290.497,-14.6231],"sphereRadius":46.6824,"stabilizedPalmPosition":[64.9992,279.302,100.185],"t":[-30.2198,112.02,-165.604],"timeVisible":0.406429,"type":"right","wrist":[68.8354,278.611,70.5305]}],"id":4140057,"interactionBox":{"center":[0,200,0],"size":[235.247,235.247,147.751]},"pointables":[{"bases":[[[0.281331,0.8417,0.460862],[-0.781279,-0.0779511,0.619295],[0.557185,-0.534289,0.635673]],[[0.0558315,0.979467,0.193721],[-0.799999,-0.0722058,0.595641],[0.597399,-0.188232,0.779541]],[[0.0558315,0.979467,0.193721],[-0.949264,-0.00806849,0.314378],[0.309486,-0.201445,0.929322]],[[0.0558315,0.979467,0.193721],[-0.775478,0.164752,-0.6095],[-0.628901,-0.116197,0.768753]]],"btipPosition":[16.6494,282.731,-21.9916],"carpPosition":[42.2982,263.751,66.5796],"dipPosition":[1.93404,280.012,-4.00386],"direction":[-0.309486,0.201445,-0.929322],"extended":false,"handId":472,"id":4720,"length":52.1052,"mcpPosition":[42.2982,263.751,66.5796],"pipPosition":[12.4839,273.145,27.6751],"stabilizedTipPosition":[23.3235,256.533,55.7716],"timeVisible":0.406429,"tipPosition":[13.1237,283.199,-17.986],"tipVelocity":[-2.3625,38.4704,-193.667],"tool":false,"touchDistance":-0.576453,"touchZone":"hovering","type":0,"width":20.2457},{"bases":[[[0.947341,0.27932,-0.156603],[-0.141921,0.804611,0.576592],[0.287058,-0.524005,0.801883]],[[0.950894,0.272674,-0.146454],[-0.226073,0.935052,0.273072],[0.211402,-0.226553,0.95078]],[[0.950894,0.272674,-0.146454],[-0.251769,0.956645,0.146437],[0.180034,-0.102373,0.978319]],[[0.950894,0.272674,-0.146454],[-0.267465,0.962023,0.0545416],[0.155764,-0.012692,0.987713]]],"btipPosition":[9.6101,337.334,-68.3114],"carpPosition":[46.8161,286.37,72.0226],"dipPosition":[12.2709,337.117,-51.4394],"direction":[-0.180034,0.102373,-0.978319],"extended":true,"handId":472,"id":4721,"length":58.7949,"mcpPosition":[25.7018,324.912,13.041],"pipPosition":[16.6214,334.643,-27.7981],"stabilizedTipPosition":[15.2178,308.376,-3.87319],"timeVisible":0.406429,"tipPosition":[9.95113,336.404,-64.4705],"tipVelocity":[12.0223,53.7042,-206.651],"tool":false,"touchDistance":-0.604587,"touchZone":"hovering","type":1,"width":19.3387},{"bases":[[[0.987635,0.0646704,-0.142811],[0.026618,0.828551,0.559281],[0.154495,-0.556167,0.816584]],[[0.980539,0.0872243,-0.175886],[-0.177825,0.774247,-0.607388],[0.0832001,0.626844,0.774689]],[[0.980539,0.0872243,-0.175886],[-0.101961,-0.539347,-0.835888],[-0.167773,0.837554,-0.519957]],[[0.980539,0.0872243,-0.175886],[0.0276193,-0.948263,-0.316283],[-0.194374,0.30527,-0.932217]]],"btipPosition":[51.5782,270.489,8.62992],"carpPosition":[57.9424,291.449,70.6245],"dipPosition":[47.9263,276.224,-8.88456],"direction":[0.167773,-0.837554,0.519957],"extended":false,"handId":472,"id":4722,"length":66.9921,"mcpPosition":[47.1659,330.244,13.6653],"pipPosition":[43.1565,300.036,-23.6671],"stabilizedTipPosition":[58.7239,245.073,64.0813],"timeVisible":0.406429,"tipPosition":[50.5087,271.995,3.30423],"tipVelocity":[-28.5933,49.8789,-183.898],"tool":false,"touchDistance":0.333333,"touchZone":"none","type":2,"width":18.9931},{"bases":[[[0.99477,-0.080524,-0.0628393],[0.102023,0.812902,0.573395],[0.00491019,-0.576807,0.816866]],[[0.993683,-0.0561876,-0.0971475],[-0.022193,0.750164,-0.660879],[0.11001,0.65886,0.744178]],[[0.993683,-0.0561876,-0.0971475],[-0.11168,-0.580347,-0.806675],[-0.0110542,0.812428,-0.582956]],[[0.993683,-0.0561876,-0.0971475],[-0.0811486,-0.957687,-0.276135],[-0.0775215,0.282274,-0.956196]]],"btipPosition":[66.4433,272.36,18.3201],"carpPosition":[69.9107,293.442,68.7127],"dipPosition":[64.9952,277.633,0.458303],"direction":[0.0110542,-0.812428,0.582956],"extended":false,"handId":472,"id":4723,"length":64.4147,"mcpPosition":[69.6032,329.565,17.5552],"pipPosition":[64.689,300.134,-15.6873],"stabilizedTipPosition":[74.4566,248.248,70.4692],"timeVisible":0.406429,"tipPosition":[66.0501,273.787,13.2548],"tipVelocity":[-30.6846,44.5903,-194.687],"tool":false,"touchDistance":0.333333,"touchZone":"none","type":3,"width":18.0732},{"bases":[[[0.958029,-0.279943,-0.0617454],[0.255535,0.736307,0.626541],[-0.129932,-0.616023,0.776939]],[[0.938366,-0.344903,0.0226149],[0.275333,0.70633,-0.652142],[0.208952,0.618175,0.757759]],[[0.938366,-0.344903,0.0226149],[-0.181005,-0.546086,-0.817941],[0.29446,0.763435,-0.574857]],[[0.938366,-0.344903,0.0226149],[-0.321882,-0.895826,-0.30641],[0.125941,0.280246,-0.951631]]],"btipPosition":[74.8936,282.597,20.6441],"carpPosition":[82.6763,288.496,64.8327],"dipPosition":[77.064,287.427,4.24452],"direction":[-0.29446,-0.763435,0.574857],"extended":false,"handId":472,"id":4724,"length":50.4999,"mcpPosition":[90.2088,324.209,19.7914],"pipPosition":[82.822,302.355,-6.9966],"stabilizedTipPosition":[84.929,256.512,76.2596],"timeVisible":0.406429,"tipPosition":[75.4181,284.023,15.5802],"tipVelocity":[-25.2099,37.5891,-174.525],"tool":false,"touchDistance":0.333333,"touchZone":"none","type":4,"width":16.054}],"r":[[0.995648,0.070026,-0.0614935],[-0.0697201,0.997541,0.00710764],[0.06184,-0.00278937,0.998082]],"s":1.22213,"t":[-30.2198,112.02,-165.604],"timestamp":521801771412},false],[6,{"currentFrameRate":100.504,"devices":[],"gestures":[],"hands":[{"armBasis":[[0.896008,0.31327,-0.314691],[-0.13056,0.863245,0.487609],[0.424409,-0.395816,0.814375]],"armWidth":63.7064,"confidence":0.739007,"direction":[-0.13829,0.676319,-0.723511],"elbow":[182.794,171.726,288.529],"grabStrength":0,"id":472,"palmNormal":[0.0992408,-0.717391,-0.689566],"palmPosition":[53.6812,310.714,26.9002],"palmVelocity":[-24.2296,38.7358,-197.38],"palmWidth":90.9705,"pinchStrength":0.491296,"r":[[0.995929,0.0671454,-0.060147],[-0.0668836,0.997741,0.00635759],[0.060438,-0.00230885,0.998169]],"s":1.22099,"sphereCenter":[50.6816,290.545,-16.5338],"sphereRadius":46.6719,"stabilizedPalmPosition":[64.9789,279.358,100.054],"t":[-30.5018,112.213,-167.276],"timeVisible":0.415667,"type":"right","wrist":[68.2285,278.573,68.6951]}],"id":4140058,"interactionBox":{"center":[0,200,0],"size":[235.247,235.247,147.751]},"pointables":[{"bases":[[[0.280777,0.840891,0.462674],[-0.783462,-0.077647,0.61657],[0.554393,-0.535606,0.637005]],[[0.0560481,0.979291,0.194545],[-0.802255,-0.0718187,0.592646],[0.594344,-0.189291,0.781616]],[[0.0560481,0.979291,0.194545],[-0.951077,-0.00692792,0.308877],[0.303828,-0.202339,0.930993]],[[0.0560481,0.979291,0.194545],[-0.771184,0.166219,-0.614529],[-0.63414,-0.115587,0.76453]]],"btipPosition":[16.5062,282.798,-23.9936],"carpPosition":[41.6871,263.749,64.6393],"dipPosition":[1.66824,280.093,-6.10469],"direction":[-0.303828,0.202339,-0.930993],"extended":false,"handId":472,"id":4720,"length":52.1052,"mcpPosition":[41.6871,263.749,64.6393],"pipPosition":[12.0252,273.196,25.6313],"stabilizedTipPosition":[23.3177,256.547,55.7283],"timeVisible":0.415667,"tipPosition":[12.9121,283.227,-19.9994],"tipVelocity":[-6.90773,29.811,-200.827],"tool":false,"touchDistance":-0.577512,"touchZone":"hovering","type":0,"width":20.2457},{"bases":[[[0.948199,0.278344,-0.153113],[-0.142909,0.804192,0.576934],[0.283718,-0.525167,0.802311]],[[0.952019,0.271079,-0.142039],[-0.225725,0.935382,0.272231],[0.206657,-0.227107,0.951691]],[[0.952019,0.271079,-0.142039],[-0.250902,0.957101,0.144933],[0.175234,-0.102341,0.979193]],[[0.952019,0.271079,-0.142039],[-0.266209,0.962479,0.0526036],[0.15097,-0.0122676,0.988462]]],"btipPosition":[9.655,337.422,-70.3178],"carpPosition":[46.2136,286.357,70.1208],"dipPosition":[12.2339,337.213,-53.4329],"direction":[-0.175234,0.102341,-0.979193],"extended":true,"handId":472,"id":4721,"length":58.7949,"mcpPosition":[25.345,324.985,11.1077],"pipPosition":[16.4684,334.74,-29.7705],"stabilizedTipPosition":[15.197,308.497,-4.13481],"timeVisible":0.415667,"tipPosition":[9.95051,336.571,-66.461],"tipVelocity":[9.43955,41.3629,-209.52],"tool":false,"touchDistance":-0.602513,"touchZone":"hovering","type":1,"width":19.3387},{"bases":[[[0.988189,0.0636322,-0.139405],[0.0257166,0.827946,0.560217],[0.151067,-0.557186,0.816531]],[[0.981314,0.0859894,-0.172131],[-0.17418,0.777105,-0.604788],[0.0817583,0.623469,0.777562]],[[0.981314,0.0859894,-0.172131],[-0.100158,-0.535553,-0.838541],[-0.164291,0.840112,-0.516933]],[[0.981314,0.0859894,-0.172131],[0.0270218,-0.947307,-0.319185],[-0.190507,0.308569,-0.931929]]],"btipPosition":[51.1234,270.563,6.54482],"carpPosition":[57.3506,291.424,68.7655],"dipPosition":[47.5441,276.36,-10.9643],"direction":[0.164291,-0.840112,0.516933],"extended":false,"handId":472,"id":4722,"length":66.9921,"mcpPosition":[46.8132,330.29,11.8099],"pipPosition":[42.8733,300.245,-25.6608],"stabilizedTipPosition":[58.7037,245.137,63.9332],"timeVisible":0.415667,"tipPosition":[50.1067,272.061,1.36767],"tipVelocity":[-33.8799,38.5631,-195.597],"tool":false,"touchDistance":0.333333,"touchZone":"none","type":2,"width":18.9931},{"bases":[[[0.99488,-0.0816522,-0.0595581],[0.101055,0.812193,0.57457],[0.00145776,-0.577646,0.816286]],[[0.993941,-0.0573212,-0.0937864],[-0.0189811,0.750923,-0.660116],[0.108265,0.657897,0.745285]],[[0.993941,-0.0573212,-0.0937864],[-0.109624,-0.579173,-0.8078],[-0.00801448,0.813187,-0.581948]],[[0.993941,-0.0573212,-0.0937864],[-0.0814047,-0.957219,-0.277679],[-0.0738572,0.283631,-0.956085]]],"btipPosition":[66.0018,272.372,16.4604],"carpPosition":[69.3277,293.404,66.8962],"dipPosition":[64.6222,277.67,-1.39925],"direction":[0.00801448,-0.813187,0.581948],"extended":false,"handId":472,"id":4723,"length":64.4147,"mcpPosition":[69.2364,329.58,15.775],"pipPosition":[64.4002,300.192,-17.5169],"stabilizedTipPosition":[74.4365,248.306,70.3365],"timeVisible":0.415667,"tipPosition":[65.63,273.805,11.4141],"tipVelocity":[-35.0076,32.6148,-196.53],"tool":false,"touchDistance":0.333333,"touchZone":"none","type":3,"width":18.0732},{"bases":[[[0.957897,-0.281028,-0.058793],[0.254294,0.73536,0.628156],[-0.133295,-0.61666,0.775863]],[[0.937861,-0.346074,0.025466],[0.278588,0.707152,-0.649865],[0.206893,0.616578,0.759623]],[[0.937861,-0.346074,0.025466],[-0.178379,-0.543751,-0.820071],[0.297653,0.76457,-0.571695]],[[0.937861,-0.346074,0.025466],[-0.321701,-0.894627,-0.310081],[0.130094,0.282621,-0.950369]]],"btipPosition":[74.4515,282.579,18.7786],"carpPosition":[82.1004,288.448,63.0544],"dipPosition":[76.6934,287.449,2.4008],"direction":[-0.297653,-0.76457,0.571695],"extended":false,"handId":472,"id":4724,"length":50.4999,"mcpPosition":[89.8279,324.197,18.0754],"pipPosition":[82.5139,302.4,-8.77849],"stabilizedTipPosition":[84.9089,256.567,76.1362],"timeVisible":0.415667,"tipPosition":[74.9988,284.012,13.784],"tipVelocity":[-31.0668,26.7664,-182.067],"tool":false,"touchDistance":0.333333,"touchZone":"none","type":4,"width":16.054}],"r":[[0.995929,0.0671454,-0.060147],[-0.0668836,0.99774