{"sensorType":"Leap","data":[[0,{"currentFrameRate":104.08,"devices":[],"gestures":[],"hands":[{"armBasis":[[0.895501,0.378418,-0.234262],[-0.19996,0.812335,0.547839],[0.397612,-0.443747,0.803115]],"armWidth":63.7005,"confidence":0.934221,"direction":[-0.280342,0.744794,-0.605549],"elbow":[192.479,115.815,271.476],"grabStrength":0.167661,"id":369,"palmNormal":[0.113992,-0.600551,-0.79142],"palmPosition":[63.2523,270.986,19.23],"palmVelocity":[6.44885,-2.52681,18.7011],"palmWidth":90.9622,"pinchStrength":0.612381,"r":[[0.987895,-0.100186,-0.11843],[0.10931,0.991308,0.0732174],[0.110065,-0.0852766,0.990259]],"s":0.791624,"sphereCenter":[65.3871,255.925,-26.1647],"sphereRadius":44.6419,"stabilizedPalmPosition":[67.3453,274.223,-0.95682],"t":[-23.7339,86.9754,-180.341],"timeVisible":2.25949,"type":"right","wrist":[85.157,235.59,54.7015]}],"id":4090283,"interactionBox":{"center":[0,200,0],"size":[235.247,235.247,147.751]},"pointables":[{"bases":[[[0.226866,0.799538,0.556121],[-0.708626,-0.256204,0.657426],[0.668117,-0.54323,0.50845]],[[0.00149949,0.931198,0.364511],[-0.805831,-0.214718,0.551845],[0.592144,-0.294562,0.750066]],[[0.00149949,0.931198,0.364511],[-0.944736,-0.118178,0.30579],[0.327828,-0.344826,0.879559]],[[0.00149949,0.931198,0.364511],[-0.608812,0.290022,-0.7384],[-0.793313,-0.220812,0.567359]]],"btipPosition":[38.021,249.887,-30.0773],"carpPosition":[60.1838,218.268,50.6069],"dipPosition":[19.4603,244.72,-16.8031],"direction":[-0.327828,0.344826,-0.879559],"extended":false,"handId":369,"id":3690,"length":52.1005,"mcpPosition":[60.1838,218.268,50.6069],"pipPosition":[30.6344,232.967,13.1768],"stabilizedTipPosition":[39.5582,249.44,-45.8571],"timeVisible":2.25949,"tipPosition":[33.5265,249.269,-27.0018],"tipVelocity":[6.78093,-1.99889,15.9266],"tool":false,"touchDistance":0.189481,"touchZone":"hovering","type":0,"width":20.2438},{"bases":[[[0.892507,0.411819,-0.183947],[-0.177466,0.695576,0.69619],[0.414653,-0.58871,0.69389]],[[0.892171,0.412296,-0.184509],[-0.355049,0.892617,0.277805],[0.279234,-0.18234,0.942752]],[[0.892171,0.412296,-0.184509],[-0.42476,0.904733,-0.0321964],[0.153657,0.107097,0.982303]],[[0.892171,0.412296,-0.184509],[-0.447707,0.861331,-0.240138],[0.0599156,0.296851,0.953042]]],"btipPosition":[15.4158,283.791,-72.6114],"carpPosition":[62.6414,240.319,58.9265],"dipPosition":[16.4391,288.861,-56.333],"direction":[-0.153657,-0.107097,-0.982303],"extended":true,"handId":369,"id":3691,"length":58.7895,"mcpPosition":[32.1449,283.617,7.89287],"pipPosition":[20.152,291.449,-32.5976],"stabilizedTipPosition":[18.192,292.768,-87.2379],"timeVisible":2.25949,"tipPosition":[15.1534,286.442,-68.6933],"tipVelocity":[15.8042,-29.7352,21.8903],"tool":false,"touchDistance":0.244057,"touchZone":"hovering","type":1,"width":19.3369},{"bases":[[[0.957411,0.203843,-0.204479],[-0.014875,0.742091,0.670134],[0.288344,-0.638552,0.713518]],[[0.950605,0.218314,-0.220655],[-0.306114,0.777097,-0.549922],[0.0514148,0.590304,0.805542]],[[0.950605,0.218314,-0.220655],[-0.0695402,-0.543014,-0.836839],[-0.302512,0.810848,-0.50101]],[[0.950605,0.218314,-0.220655],[0.135048,-0.930946,-0.339266],[-0.279484,0.292709,-0.914445]]],"btipPosition":[64.2251,234.408,0.303112],"carpPosition":[72.9634,246.865,57.4626],"dipPosition":[58.9746,239.907,-16.8759],"direction":[0.302512,-0.810848,0.50101],"extended":false,"handId":369,"id":3692,"length":66.986,"mcpPosition":[52.8523,291.401,7.6971],"pipPosition":[50.3749,262.957,-31.1185],"stabilizedTipPosition":[68.1516,235.938,-25.0268],"timeVisible":2.25949,"tipPosition":[62.7879,236.001,-4.35073],"tipVelocity":[5.0461,-6.97116,19.706],"tool":false,"touchDistance":0.333333,"touchZone":"none","type":2,"width":18.9914},{"bases":[[[0.987787,0.0511269,-0.147182],[0.062765,0.734024,0.676216],[0.142608,-0.677196,0.721851]],[[0.985001,0.0635559,-0.160415],[-0.144701,0.810684,-0.567321],[0.0939893,0.582024,0.807722]],[[0.985001,0.0635559,-0.160415],[-0.100985,-0.541491,-0.834619],[-0.139908,0.838301,-0.526951]],[[0.985001,0.0635559,-0.160415],[0.00884583,-0.947069,-0.320909],[-0.17232,0.314677,-0.933426]]],"btipPosition":[78.3789,237.864,5.72905],"carpPosition":[84.4141,250.547,54.9817],"dipPosition":[75.1603,243.742,-11.7058],"direction":[0.139908,-0.838301,0.526951],"extended":false,"handId":369,"id":3693,"length":64.4088,"mcpPosition":[75.4839,292.954,9.77876],"pipPosition":[71.2857,266.957,-26.2989],"stabilizedTipPosition":[83.0214,240.3,-18.2925],"timeVisible":2.25949,"tipPosition":[77.5673,239.53,1.12827],"tipVelocity":[2.94244,-7.26395,13.7036],"tool":false,"touchDistance":0.333333,"touchZone":"none","type":3,"width":18.0715},{"bases":[[[0.973614,-0.149584,-0.17234],[0.227989,0.670309,0.706192],[0.009886,-0.72685,0.686726]],[[0.965774,-0.0635422,-0.25148],[-0.0727348,0.864288,-0.497711],[0.248976,0.498968,0.830086]],[[0.965774,-0.0635422,-0.25148],[-0.251334,-0.468901,-0.846736],[-0.0641157,0.880962,-0.468823]],[[0.965774,-0.0635422,-0.25148],[-0.153725,-0.92113,-0.357616],[-0.208922,0.384035,-0.899371]]],"btipPosition":[92.7241,248.427,5.0074],"carpPosition":[97.2444,247.774,49.493],"dipPosition":[89.1241,255.045,-10.4901],"direction":[0.0641157,-0.880962,0.468823],"extended":false,"handId":369,"id":3694,"length":50.4953,"mcpPosition":[96.6713,289.908,9.68523],"pipPosition":[87.8704,272.27,-19.657],"stabilizedTipPosition":[95.9058,251.286,-18.0508],"timeVisible":2.25949,"tipPosition":[91.6346,250.219,1.01573],"tipVelocity":[3.51323,-4.3321,11.4352],"tool":false,"touchDistance":0.333333,"touchZone":"none","type":4,"width":16.0525}],"r":[[0.987895,-0.100186,-0.11843],[0.10931,0.991308,0.0732174],[0.110065,-0.0852766,0.990259]],"s":0.791624,"t":[-23.7339,86.9754,-180.341],"timestamp":521160079698},false],[1,{"currentFrameRate":104.238,"devices":[],"gestures":[],"hands":[{"armBasis":[[0.896059,0.377638,-0.233384],[-0.199987,0.812731,0.547242],[0.396338,-0.443688,0.803777]],"armWidth":63.7005,"confidence":0.940359,"direction":[-0.280595,0.745697,-0.604319],"elbow":[192.238,115.77,271.764],"grabStrength":0.174473,"id":369,"palmNormal":[0.113391,-0.599451,-0.792339],"palmPosition":[63.3382,270.979,19.4024],"palmVelocity":[7.23603,-2.01595,18.657],"palmWidth":90.9622,"pinchStrength":0.610866,"r":[[0.987743,-0.100589,-0.119355],[0.109954,0.99113,0.0746477],[0.110787,-0.0868564,0.990041]],"s":0.790315,"sphereCenter":[65.476,255.965,-26.0068],"sphereRadius":44.6116,"stabilizedPalmPosition":[67.3449,274.223,-0.954597],"t":[-23.6532,86.9669,-180.171],"timeVisible":2.26879,"type":"right","wrist":[85.2591,235.529,54.8101]}],"id":4090284,"interactionBox":{"center":[0,200,0],"size":[235.247,235.247,147.751]},"pointables":[{"bases":[[[0.227353,0.798712,0.557108],[-0.708257,-0.257012,0.657509],[0.668344,-0.544062,0.507261]],[[0.00111951,0.930964,0.365108],[-0.805545,-0.2155,0.551957],[0.592533,-0.294729,0.749693]],[[0.00111951,0.930964,0.365108],[-0.944575,-0.118878,0.306016],[0.328294,-0.345215,0.879233]],[[0.00111951,0.930964,0.365108],[-0.608085,0.290483,-0.738818],[-0.793871,-0.22119,0.56643]]],"btipPosition":[38.0954,249.867,-29.926],"carpPosition":[60.2803,218.217,50.7067],"dipPosition":[19.5216,244.691,-16.6736],"direction":[-0.328294,0.345215,-0.879233],"extended":false,"handId":369,"id":3690,"length":52.1005,"mcpPosition":[60.2803,218.217,50.7067],"pipPosition":[30.7115,232.925,13.2953],"stabilizedTipPosition":[39.5537,249.439,-45.8422],"timeVisible":2.26879,"tipPosition":[33.6008,249.256,-26.8501],"tipVelocity":[7.03221,-2.10312,15.8726],"tool":false,"touchDistance":0.191919,"touchZone":"hovering","type":0,"width":20.2438},{"bases":[[[0.892462,0.411926,-0.183926],[-0.176908,0.694621,0.697284],[0.414989,-0.589761,0.692796]],[[0.891849,0.412796,-0.184948],[-0.356149,0.892894,0.275495],[0.278862,-0.179831,0.943343]],[[0.891849,0.412796,-0.184948],[-0.42581,0.904121,-0.0353667],[0.152616,0.110294,0.982112]],[[0.891849,0.412796,-0.184948],[-0.448524,0.859993,-0.243389],[0.058584,0.30002,0.952132]]],"btipPosition":[15.5606,283.566,-72.4068],"carpPosition":[62.747,240.257,59.0559],"dipPosition":[16.5612,288.691,-56.144],"direction":[-0.152616,-0.110294,-0.982112],"extended":true,"handId":369,"id":3691,"length":58.7895,"mcpPosition":[32.2258,283.632,8.10273],"pipPosition":[20.2489,291.356,-32.4132],"stabilizedTipPosition":[18.1566,292.649,-86.9641],"timeVisible":2.26879,"tipPosition":[15.3005,286.22,-68.495],"tipVelocity":[15.5809,-27.7791,21.815],"tool":false,"touchDistance":0.247408,"touchZone":"hovering","type":1,"width":19.3369},{"bases":[[[0.957317,0.203968,-0.204793],[-0.0143261,0.741145,0.671192],[0.288683,-0.63961,0.712433]],[[0.950518,0.218434,-0.220911],[-0.306398,0.776637,-0.550414],[0.0513388,0.590866,0.805135]],[[0.950518,0.218434,-0.220911],[-0.0698568,-0.542596,-0.837084],[-0.302713,0.811096,-0.500488]],[[0.950518,0.218434,-0.220911],[0.134531,-0.930359,-0.341078],[-0.28003,0.294481,-0.913709]]],"btipPosition":[64.3268,234.352,0.501865],"carpPosition":[73.0692,246.802,57.5948],"dipPosition":[59.0661,239.884,-16.6633],"direction":[0.302713,-0.811096,0.500488],"extended":false,"handId":369,"id":3692,"length":66.986,"mcpPosition":[52.9345,291.413,7.90493],"pipPosition":[50.4607,262.942,-30.891],"stabilizedTipPosition":[68.1513,235.938,-25.0256],"timeVisible":2.26879,"tipPosition":[62.8854,235.966,-4.14273],"tipVelocity":[6.63931,-6.47076,20.2745],"tool":false,"touchDistance":0.333333,"touchZone":"none","type":2,"width":18.9914},{"bases":[[[0.987703,0.0511663,-0.147731],[0.0633164,0.733057,0.677214],[0.142946,-0.67824,0.720803]],[[0.984916,0.0635925,-0.160921],[-0.144926,0.811272,-0.566422],[0.094531,0.5812,0.808252]],[[0.984916,0.0635925,-0.160921],[-0.101712,-0.539592,-0.83576],[-0.13998,0.839522,-0.524985]],[[0.984916,0.0635925,-0.160921],[0.00820046,-0.946125,-0.323696],[-0.172837,0.317494,-0.932376]]],"btipPosition":[78.4501,237.819,5.82709],"carpPosition":[84.519,250.487,55.1118],"dipPosition":[75.2218,243.749,-11.5881],"direction":[0.13998,-0.839522,0.524985],"extended":false,"handId":369,"id":3693,"length":64.4088,"mcpPosition":[75.5676,292.959,9.97453],"pipPosition":[71.3453,266.999,-26.1268],"stabilizedTipPosition":[83.0202,240.299,-18.2882],"timeVisible":2.26879,"tipPosition":[77.6384,239.506,1.25671],"tipVelocity":[4.20474,-6.21403,12.9493],"tool":false,"touchDistance":0.333333,"touchZone":"none","type":3,"width":18.0715},{"bases":[[[0.973479,-0.149507,-0.173164],[0.228548,0.669271,0.706995],[0.0101932,-0.727821,0.685691]],[[0.965514,-0.0628058,-0.252664],[-0.073241,0.865753,-0.495083],[0.249839,0.496514,0.831297]],[[0.965514,-0.0628058,-0.252664],[-0.252324,-0.464883,-0.848656],[-0.0641585,0.883142,-0.464698]],[[0.965514,-0.0628058,-0.252664],[-0.154508,-0.919321,-0.361905],[-0.20955,0.388463,-0.897321]]],"btipPosition":[92.7884,248.396,5.02674],"carpPosition":[97.3453,247.719,49.6112],"dipPosition":[89.1775,255.09,-10.4355],"direction":[0.0641585,-0.883142,0.464698],"extended":false,"handId":369,"id":3694,"length":50.4953,"mcpPosition":[96.7545,289.909,9.86337],"pipPosition":[87.9231,272.358,-19.5216],"stabilizedTipPosition":[95.9053,251.286,-18.0483],"timeVisible":2.26879,"tipPosition":[91.7116,250.205,1.09988],"tipVelocity":[4.39814,-3.52103,9.04158],"tool":false,"touchDistance":0.333333,"touchZone":"none","type":4,"width":16.0525}],"r":[[0.987743,-0.100589,-0.119355],[0.109954,0.99113,0.0746477],[0.110787,-0.0868564,0.990041]],"s":0.790315,"t":[-23.6532,86.9669,-180.171],"timestamp":521160088995},false],[2,{"currentFrameRate":104.662,"devices":[],"gestures":[],"hands":[{"armBasis":[[0.896477,0.376894,-0.232981],[-0.199775,0.813139,0.546713],[0.395499,-0.443572,0.804254]],"armWidth":63.7005,"confidence":0.945619,"direction":[-0.280692,0.746465,-0.603326],"elbow":[192.094,115.744,271.982],"grabStrength":0.180505,"id":369,"palmNormal":[0.112685,-0.598619,-0.793068],"palmPosition":[63.4122,270.969,19.5441],"palmVelocity":[7.56007,-1.80255,17.9904],"palmWidth":90.9622,"pinchStrength":0.609113,"r":[[0.987598,-0.100957,-0.120239],[0.110553,0.99096,0.0759961],[0.11148,-0.0883463,0.989832]],"s":0.788992,"sphereCenter":[65.5369,255.984,-25.8735],"sphereRadius":44.577,"stabilizedPalmPosition":[67.3445,274.223,-0.952493],"t":[-23.5759,86.9573,-180.014],"timeVisible":2.27755,"type":"right","wrist":[85.3417,235.472,54.8993]}],"id":4090285,"interactionBox":{"center":[0,200,0],"size":[235.247,235.247,147.751]},"pointables":[{"bases":[[[0.227988,0.798015,0.557847],[-0.707948,-0.257476,0.657659],[0.668454,-0.544865,0.506251]],[[0.00110537,0.930775,0.365592],[-0.805321,-0.215908,0.552124],[0.592838,-0.295029,0.749334]],[[0.00110537,0.930775,0.365592],[-0.944709,-0.118909,0.305591],[0.327908,-0.345715,0.87918]],[[0.00110537,0.930775,0.365592],[-0.606202,0.291383,-0.74001],[-0.79531,-0.220804,0.56456]]],"btipPosition":[38.2007,249.846,-29.7771],"carpPosition":[60.3541,218.173,50.7922],"dipPosition":[19.5933,244.68,-16.5684],"direction":[-0.327908,0.345715,-0.87918],"extended":false,"handId":369,"id":3690,"length":52.1005,"mcpPosition":[60.3541,218.173,50.7922],"pipPosition":[30.7701,232.896,13.3986],"stabilizedTipPosition":[39.5497,249.439,-45.8288],"timeVisible":2.27755,"tipPosition":[33.685,249.239,-26.7123],"tipVelocity":[8.13538,-2.11852,15.8665],"tool":false,"touchDistance":0.194234,"touchZone":"hovering","type":0,"width":20.2438},{"bases":[[[0.8925,0.411801,-0.18402],[-0.176226,0.693918,0.698157],[0.415197,-0.590676,0.691891]],[[0.891563,0.413131,-0.185578],[-0.356998,0.893214,0.273352],[0.278691,-0.17746,0.943843]],[[0.891563,0.413131,-0.185578],[-0.426649,0.903614,-0.0381168],[0.151944,0.11316,0.98189]],[[0.891563,0.413131,-0.185578],[-0.449205,0.858867,-0.246096],[0.0577169,0.302772,0.951314]]],"btipPosition":[15.6707,283.361,-72.2341],"carpPosition":[62.834,240.203,59.1641],"dipPosition":[16.6565,288.533,-55.9853],"direction":[-0.151944,-0.11316,-0.98189],"extended":true,"handId":369,"id":3691,"length":58.7895,"mcpPosition":[32.2975,283.645,8.27748],"pipPosition":[20.3279,291.267,-32.2599],"stabilizedTipPosition":[18.1243,292.533,-86.6995],"timeVisible":2.27755,"tipPosition":[15.4194,286.015,-68.3293],"tipVelocity":[14.6678,-26.2699,21.149],"tool":false,"touchDistance":0.250231,"touchZone":"hovering","type":1,"width":19.3369},{"bases":[[[0.957267,0.203843,-0.205156],[-0.0136425,0.740411,0.672016],[0.288885,-0.6405,0.711552]],[[0.950512,0.218227,-0.221142],[-0.306465,0.775523,-0.551945],[0.0510509,0.592403,0.804023]],[[0.950512,0.218227,-0.221142],[-0.0698711,-0.543401,-0.83656],[-0.302729,0.810612,-0.501261]],[[0.950512,0.218227,-0.221142],[0.134061,-0.930193,-0.341715],[-0.280276,0.295158,-0.913415]]],"btipPosition":[64.4202,234.285,0.74252],"carpPosition":[73.1577,246.746,57.7039],"dipPosition":[59.1549,239.829,-16.4171],"direction":[0.302729,-0.810612,0.501261],"extended":false,"handId":369,"id":3692,"length":66.986,"mcpPosition":[53.0089,291.419,8.07554],"pipPosition":[50.549,262.873,-30.6669],"stabilizedTipPosition":[68.151,235.938,-25.0244],"timeVisible":2.27755,"tipPosition":[62.9737,235.913,-3.91116],"tipVelocity":[7.68582,-6.70471,22.2428],"tool":false,"touchDistance":0.333333,"touchZone":"none","type":2,"width":18.9914},{"bases":[[[0.987631,0.0509668,-0.148281],[0.0640007,0.732288,0.677981],[0.143139,-0.679086,0.719968]],[[0.984883,0.0632304,-0.161267],[-0.144633,0.812508,-0.564723],[0.0953231,0.579511,0.809371]],[[0.984883,0.0632304,-0.161267],[-0.102655,-0.536842,-0.837415],[-0.139525,0.84131,-0.522235]],[[0.984883,0.0632304,-0.161267],[0.00715254,-0.945047,-0.326857],[-0.173072,0.320762,-0.931213]]],"btipPosition":[78.4828,237.779,5.83767],"carpPosition":[84.6073,250.429,55.218],"dipPosition":[75.2501,243.77,-11.5558],"direction":[0.139525,-0.84131,0.522235],"extended":false,"handId":369,"id":3693,"length":64.4088,"mcpPosition":[75.6439,292.954,10.133],"pipPosition":[71.3862,267.069,-26.0183],"stabilizedTipPosition":[83.0191,240.299,-18.2837],"timeVisible":2.27755,"tipPosition":[77.6803,239.479,1.32736],"tipVelocity":[4.04659,-5.3397,9.95056],"tool":false,"touchDistance":0.333333,"touchZone":"none","type":3,"width":18.0715},{"bases":[[[0.973318,-0.149673,-0.173926],[0.229227,0.668408,0.707591],[0.0103461,-0.72858,0.684883]],[[0.965237,-0.0623003,-0.253842],[-0.0734788,0.867334,-0.492273],[0.250835,0.493812,0.832605]],[[0.965237,-0.0623003,-0.253842],[-0.253465,-0.460228,-0.85085],[-0.0638173,0.885612,-0.460021]],[[0.965237,-0.0623003,-0.253842],[-0.155648,-0.91721,-0.366742],[-0.209979,0.393504,-0.895022]]],"btipPosition":[92.829,248.344,4.99148],"carpPosition":[97.4293,247.662,49.7064],"dipPosition":[89.2107,255.125,-10.4311],"direction":[0.0638173,-0.885612,0.460021],"extended":false,"handId":369,"id":3694,"length":50.4953,"mcpPosition":[96.8295,289.896,10.0054],"pipPosition":[87.9629,272.441,-19.4258],"stabilizedTipPosition":[95.9046,251.286,-18.0448],"timeVisible":2.27755,"tipPosition":[91.769,250.172,1.14056],"tipVelocity":[4.40895,-3.55918,5.81355],"tool":false,"touchDistance":0.333333,"touchZone":"none","type":4,"width":16.0525}],"r":[[0.987598,-0.100957,-0.120239],[0.110553,0.99096,0.0759961],[0.11148,-0.0883463,0.989832]],"s":0.788992,"t":[-23.5759,86.9573,-180.014],"timestamp":521160097758},false],[3,{"currentFrameRate":104.891,"devices":[],"gestures":[],"hands":[{"armBasis":[[0.896982,0.376825,-0.23114],[-0.200974,0.813311,0.546017],[0.393741,-0.443315,0.805258]],"armWidth":63.7005,"confidence":0.950594,"direction":[-0.28169,0.74804,-0.600904],"elbow":[191.806,115.688,272.485],"grabStrength":0.187522,"id":369,"palmNormal":[0.112659,-0.596148,-0.794931],"palmPosition":[63.5474,270.931,19.8972],"palmVelocity":[9.58124,-2.4514,23.755],"palmWidth":90.9622,"pinchStrength":0.606929,"r":[[0.987483,-0.101017,-0.121134],[0.110881,0.990795,0.0776538],[0.112175,-0.0901133,0.989594]],"s":0.787631,"sphereCenter":[65.6752,256.059,-25.5607],"sphereRadius":44.5409,"stabilizedPalmPosition":[67.3441,274.222,-0.950334],"t":[-23.4696,86.9336,-179.76],"timeVisible":2.28666,"type":"right","wrist":[85.5287,235.346,55.1317]}],"id":4090286,"interactionBox":{"center":[0,200,0],"size":[235.247,235.247,147.751]},"pointables":[{"bases":[[[0.2277,0.796526,0.560089],[-0.707312,-0.260023,0.657342],[0.669226,-0.545834,0.504184]],[[0.000110523,0.92985,0.367938],[-0.804678,-0.218366,0.552095],[0.593711,-0.296132,0.748206]],[[0.000110523,0.92985,0.367938],[-0.944598,-0.120671,0.305242],[0.328229,-0.347587,0.878322]],[[0.000110523,0.92985,0.367938],[-0.60575,0.292814,-0.739816],[-0.795655,-0.222796,0.563289]]],"btipPosition":[38.3527,249.877,-29.4651],"carpPosition":[60.5526,218.039,50.9889],"dipPosition":[19.7372,244.665,-16.2861],"direction":[-0.328229,0.347587,-0.878322],"extended":false,"handId":369,"id":3690,"length":52.1005,"mcpPosition":[60.5526,218.039,50.9889],"pipPosition":[30.925,232.817,13.6516],"stabilizedTipPosition":[39.546,249.438,-45.8157],"timeVisible":2.28666,"tipPosition":[33.8331,249.26,-26.4059],"tipVelocity":[10.452,-0.886912,20.7587],"tool":false,"touchDistance":0.199319,"touchZone":"hovering","type":0,"width":20.2438},{"bases":[[[0.892045,0.413079,-0.183361],[-0.176338,0.691678,0.700347],[0.416126,-0.592407,0.68985]],[[0.890714,0.414966,-0.18556],[-0.35913,0.892659,0.27237],[0.278666,-0.175964,0.94413]],[[0.890714,0.414966,-0.18556],[-0.428738,0.90256,-0.039618],[0.151039,0.114845,0.981834]],[[0.890714,0.414966,-0.18556],[-0.451053,0.857481,-0.247542],[0.0563929,0.304187,0.950942]]],"btipPosition":[15.8338,283.203,-71.8275],"carpPosition":[63.02,240.046,59.4252],"dipPosition":[16.797,288.398,-55.5851],"direction":[-0.151039,-0.114845,-0.981834],"extended":true,"handId":369,"id":3691,"length":58.7895,"mcpPosition":[32.4151,283.616,8.68872],"pipPosition":[20.4466,291.173,-31.861],"stabilizedTipPosition":[18.0956,292.421,-86.4414],"timeVisible":2.28666,"tipPosition":[15.5873,285.856,-67.9246],"tipVelocity":[15.4097,-23.6437,27.6226],"tool":false,"touchDistance":0.256984,"touchZone":"hovering","type":1,"width":19.3369},{"bases":[[[0.956967,0.205237,-0.205162],[-0.0138096,0.738383,0.674241],[0.289867,-0.642393,0.709442]],[[0.950235,0.219574,-0.221],[-0.307465,0.775274,-0.551738],[0.0501883,0.592231,0.804204]],[[0.950235,0.219574,-0.221],[-0.0693407,-0.542527,-0.837171],[-0.303719,0.810834,-0.500303]],[[0.950235,0.219574,-0.221],[0.134669,-0.929201,-0.344166],[-0.280923,0.297277,-0.912529]]],"btipPosition":[64.6132,234.235,1.11107],"carpPosition":[73.3374,246.602,57.978],"dipPosition":[59.3358,239.82,-16.0319],"direction":[0.303719,-0.810834,0.500303],"extended":false,"handId":369,"id":3692,"length":66.986,"mcpPosition":[53.1201,291.407,8.49671],"pipPosition":[50.7017,262.87,-30.2544],"stabilizedTipPosition":[68.1507,235.938,-25.0231],"timeVisible":2.28666,"tipPosition":[63.1611,235.882,-3.54333],"tipVelocity":[11.3469,-6.08204,27.4152],"tool":false,"touchDistance":0.333333,"touchZone":"none","type":2,"width":18.9914},{"bases":[[[0.987493,0.0522167,-0.148765],[0.0638441,0.730305,0.680132],[0.144158,-0.681123,0.717837]],[[0.984788,0.0642609,-0.161444],[-0.145196,0.814713,-0.561392],[0.0954546,0.576293,0.811649]],[[0.984788,0.0642609,-0.161444],[-0.103006,-0.532365,-0.840225],[-0.139941,0.844072,-0.517647]],[[0.984788,0.0642609,-0.161444],[0.00710554,-0.943219,-0.332095],[-0.173617,0.325896,-0.929327]]],"btipPosition":[78.6098,237.751,5.98475],"carpPosition":[84.7823,250.302,55.4957],"dipPosition":[75.3669,243.838,-11.3735],"direction":[0.139941,-0.844072,0.517647],"extended":false,"handId":369,"id":3693,"length":64.4088,"mcpPosition":[75.7551,292.954,10.5441],"pipPosition":[71.4915,267.213,-25.709],"stabilizedTipPosition":[83.0178,240.299,-18.2788],"timeVisible":2.28666,"tipPosition":[77.8167,239.473,1.54236],"tipVelocity":[6.72175,-4.0495,11.917],"tool":false,"touchDistance":0.333333,"touchZone":"none","type":3,"width":18.0715},{"bases":[[[0.973327,-0.148357,-0.175002],[0.229142,0.666472,0.709443],[0.0113832,-0.73062,0.68269]],[[0.965047,-0.0603075,-0.255044],[-0.0743906,0.870102,-0.487226],[0.251298,0.489169,0.835203]],[[0.965047,-0.0603075,-0.255044],[-0.25406,-0.454138,-0.853939],[-0.0643261,0.888888,-0.453586]],[[0.965047,-0.0603075,-0.255044],[-0.155704,-0.914728,-0.372866],[-0.210809,0.399544,-0.892146]]],"btipPosition":[92.9505,248.358,5.11259],"carpPosition":[97.603,247.562,49.9675],"dipPosition":[89.3179,255.243,-10.2604],"direction":[0.0643261,-0.888888,0.453586],"extended":false,"handId":369,"id":3694,"length":50.4953,"mcpPosition":[96.9431,289.914,10.3937],"pipPosition":[88.0602,272.623,-19.1293],"stabilizedTipPosition":[95.9037,251.285,-18.0401],"timeVisible":2.28666,"tipPosition":[91.9076,250.199,1.34286],"tipVelocity":[6.78643,-1.41631,8.23694],"tool":false,"touchDistance":0.333333,"touchZone":"none","type":4,"width":16.0525}],"r":[[0.987483,-0.101017,-0.121134],[0.110881,0.990795,0.0776538],[0.112175,-0.0901133,0.989594]],"s":0.787631,"t":[-23.4696,86.9336,-179.76],"timestamp":521160106864},false],[4,{"currentFrameRate":105.195,"devices":[],"gestures":[],"hands":[{"armBasis":[[0.897433,0.376685,-0.229614],[-0.20202,0.813619,0.545171],[0.392176,-0.442868,0.806267]],"armWidth":63.7005,"confidence":0.955036,"direction":[-0.282302,0.749243,-0.599117],"elbow":[191.558,115.698,272.993],"grabStrength":0.194319,"id":369,"palmNormal":[0.112753,-0.594276,-0.796318],"palmPosition":[63.6902,270.889,20.2204],"palmVelocity":[11.3267,-3.07561,27.1387],"palmWidth":90.9622,"pinchStrength":0.606389,"r":[[0.987394,-0.100895,-0.121957],[0.111037,0.990638,0.079423],[0.112802,-0.0919634,0.989353]],"s":0.786069,"sphereCenter":[65.8061,256.091,-25.2684],"sphereRadius":44.4968,"stabilizedPalmPosition":[67.3437,274.222,-0.948196],"t":[-23.345,86.9006,-179.471],"timeVisible":2.2956,"type":"right","wrist":[85.7027,235.236,55.3672]}],"id":4090287,"interactionBox":{"center":[0,200,0],"size":[235.247,235.247,147.751]},"pointables":[{"bases":[[[0.227419,0.795381,0.561827],[-0.70696,-0.261919,0.656967],[0.669692,-0.546596,0.502737]],[[-0.00145415,0.929435,0.368982],[-0.804058,-0.220465,0.552165],[0.594549,-0.29588,0.747641]],[[-0.00145415,0.929435,0.368982],[-0.944831,-0.122139,0.303934],[0.327554,-0.348184,0.878337]],[[-0.00145415,0.929435,0.368982],[-0.603627,0.293362,-0.741333],[-0.797266,-0.223805,0.560605]]],"btipPosition":[38.5542,249.794,-29.1707],"carpPosition":[60.7351,217.925,51.1927],"dipPosition":[19.901,244.558,-16.0546],"direction":[-0.327554,0.348184,-0.878337],"extended":false,"handId":369,"id":3690,"length":52.1005,"mcpPosition":[60.7351,217.925,51.1927],"pipPosition":[31.0657,232.69,13.8837],"stabilizedTipPosition":[39.5425,249.438,-45.8027],"timeVisible":2.2956,"tipPosition":[34.019,249.19,-26.1245],"tipVelocity":[13.4854,-3.35136,23.6387],"tool":false,"touchDistance":0.203984,"touchZone":"hovering","type":0,"width":20.2438},{"bases":[[[0.891753,0.414003,-0.182697],[-0.176516,0.689985,0.701971],[0.416676,-0.593736,0.688374]],[[0.889962,0.41654,-0.18564],[-0.361169,0.892327,0.270757],[0.278433,-0.173916,0.944578]],[[0.889962,0.41654,-0.18564],[-0.430688,0.901529,-0.0418714],[0.149919,0.117217,0.981725]],[[0.889962,0.41654,-0.18564],[-0.452723,0.855954,-0.249768],[0.0548614,0.306327,0.950344]]],"btipPosition":[16.0292,282.986,-71.4723],"carpPosition":[63.1926,239.913,59.6783],"dipPosition":[16.9663,288.218,-55.2401],"direction":[-0.149919,-0.117217,-0.981725],"extended":true,"handId":369,"id":3691,"length":58.7895,"mcpPosition":[32.5473,283.581,9.05033],"pipPosition":[20.5888,291.051,-31.5186],"stabilizedTipPosition":[18.0725,292.318,-86.2086],"timeVisible":2.2956,"tipPosition":[15.7891,285.644,-67.5747],"tipVelocity":[16.9852,-23.5429,30.8559],"tool":false,"touchDistance":0.262865,"touchZone":"hovering","type":1,"width":19.3369},{"bases":[[[0.956787,0.206249,-0.204989],[-0.0140222,0.736841,0.675921],[0.290452,-0.643837,0.707892]],[[0.950078,0.220543,-0.220711],[-0.308083,0.775015,-0.551758],[0.0493679,0.59221,0.80427]],[[0.950078,0.220543,-0.220711],[-0.0687788,-0.541942,-0.837597],[-0.304339,0.810962,-0.499718]],[[0.950078,0.220543,-0.220711],[0.135151,-0.928458,-0.345976],[-0.281224,0.298875,-0.911914]]],"btipPosition":[64.8037,234.18,1.45266],"carpPosition":[73.5058,246.479,58.2428],"dipPosition":[59.5205,239.794,-15.6788],"direction":[0.304339,-0.810962,0.499718],"extended":false,"handId":369,"id":3692,"length":66.986,"mcpPosition":[53.2477,291.384,8.86965],"pipPosition":[50.8689,262.848,-29.8846],"stabilizedTipPosition":[68.1505,235.938,-25.0217],"timeVisible":2.2956,"tipPosition":[63.3493,235.839,-3.19975],"tipVelocity":[14.0247,-5.89438,30.4426],"tool":false,"touchDistance":0.333333,"touchZone":"none","type":2,"width":18.9914},{"bases":[[[0.987417,0.0531178,-0.148949],[0.0636379,0.728794,0.681769],[0.144767,-0.68267,0.716243]],[[0.984796,0.06479,-0.161182],[-0.145063,0.81718,-0.55783],[0.0955728,0.57273,0.814154]],[[0.984796,0.06479,-0.161182],[-0.103372,-0.527128,-0.843475],[-0.139612,0.847312,-0.512416]],[[0.984796,0.06479,-0.161182],[0.00661987,-0.941168,-0.337873],[-0.17359,0.331669,-0.927287]]],"btipPosition":[78.7223,237.698,6.05941],"carpPosition":[84.9479,250.191,55.7654],"dipPosition":[75.4799,243.893,-11.2607],"direction":[0.139612,-0.847312,0.512416],"extended":false,"handId":369,"id":3693,"length":64.4088,"mcpPosition":[75.8824,292.94,10.9136],"pipPosition":[71.6136,267.358,-25.4513],"stabilizedTipPosition":[83.0164,240.299,-18.273],"timeVisible":2.2956,"tipPosition":[77.948,239.442,1.71357],"tipVelocity":[8.32567,-3.79278,11.2108],"tool":false,"touchDistance":0.333333,"touchZone":"none","type":3,"width":18.0715},{"bases":[[[0.973357,-0.147404,-0.175638],[0.228981,0.664989,0.710885],[0.01201,-0.732162,0.681024]],[[0.964932,-0.058768,-0.255837],[-0.0746548,0.872933,-0.482093],[0.251661,0.484287,0.837934]],[[0.964932,-0.058768,-0.255837],[-0.254567,-0.447298,-0.857392],[-0.0640482,0.892452,-0.446572]],[[0.964932,-0.058768,-0.255837],[-0.156172,-0.911891,-0.379559],[-0.21099,0.406203,-0.889091]]],"btipPosition":[93.0644,248.344,5.18235],"carpPosition":[97.7684,247.471,50.2271],"dipPosition":[89.4287,255.344,-10.1381],"direction":[0.0640482,-0.892452,0.446572],"extended":false,"handId":369,"id":3694,"length":50.4953,"mcpPosition":[97.0722,289.913,10.7498],"pipPosition":[88.1764,272.794,-18.8698],"stabilizedTipPosition":[95.9026,251.285,-18.034],"timeVisible":2.2956,"tipPosition":[92.0467,250.199,1.50856],"tipVelocity":[8.39036,-0.63986,8.48783],"tool":false,"touchDistance":0.333333,"touchZone":"none","type":4,"width":16.0525}],"r":[[0.987394,-0.100895,-0.121957],[0.111037,0.990638,0.079423],[0.112802,-0.0919634,0.989353]],"s":0.786069,"t":[-23.345,86.9006,-179.471],"timestamp":521160115805},false],[5,{"currentFrameRate":105.427,"devices":[],"gestures":[],"hands":[{"armBasis":[[0.89626,0.378855,-0.230623],[-0.202039,0.811628,0.548125],[0.39484,-0.444667,0.803973]],"armWidth":63.7005,"confidence":0.959128,"direction":[-0.282994,0.750447,-0.597281],"elbow":[192.484,115.128,272.622],"grabStrength":0.199783,"id":369,"palmNormal":[0.112814,-0.59237,-0.797729],"palmPosition":[63.8612,270.871,20.5593],"palmVelocity":[13.4133,-2.77011,29.9757],"palmWidth":90.9622,"pinchStrength":0.608264,"r":[[0.987325,-0.100619,-0.122737],[0.111046,0.990485,0.081286],[0.11339,-0.0938852,0.989105]],"s":0.784377,"sphereCenter":[65.9466,256.164,-24.95],"sphereRadius":44.4528,"stabilizedPalmPosition":[67.3433,274.222,-0.945943],"t":[-23.1972,86.8752,-179.157],"timeVisible":2.30466,"type":"right","wrist":[85.9092,235.151,55.6154]}],"id":4090288,"interactionBox":{"center":[0,200,0],"size":[235.247,235.247,147.751]},"pointables":[{"bases":[[[0.227144,0.794224,0.563572],[-0.706547,-0.263869,0.656631],[0.670222,-0.54734,0.501221]],[[-0.00403549,0.92937,0.369128],[-0.803314,-0.222847,0.552291],[0.595542,-0.294297,0.747476]],[[-0.00403549,0.92937,0.369128],[-0.945576,-0.123654,0.300991],[0.325376,-0.347824,0.879289]],[[-0.00403549,0.92937,0.369128],[-0.599352,0.293235,-0.744843],[-0.800476,-0.224243,0.555836]]],"btipPosition":[38.8696,249.622,-28.8655],"carpPosition":[60.9507,217.834,51.4106],"dipPosition":[20.1413,244.376,-15.861],"direction":[-0.325376,0.347824,-0.879289],"extended":false,"handId":369,"id":3690,"length":52.1005,"mcpPosition":[60.9507,217.834,51.4106],"pipPosition":[31.2318,232.52,14.1098],"stabilizedTipPosition":[39.5385,249.437,-45.7866],"timeVisible":2.30466,"tipPosition":[34.2874,249.06,-25.8358],"tipVelocity":[18.8494,-7.73845,25.6343],"tool":false,"touchDistance":0.208643,"touchZone":"hovering","type":0,"width":20.2438},{"bases":[[[0.891427,0.414974,-0.182083],[-0.176672,0.688256,0.703626],[0.417306,-0.595063,0.686845]],[[0.889274,0.418022,-0.185604],[-0.362904,0.891873,0.269933],[0.278373,-0.172687,0.944821]],[[0.889274,0.418022,-0.185604],[-0.432373,0.900664,-0.043106],[0.149148,0.118583,0.981679]],[[0.889274,0.418022,-0.185604],[-0.454204,0.854825,-0.250943],[0.0537596,0.30746,0.950041]]],"btipPosition":[16.2282,282.87,-71.0964],"carpPosition":[63.3978,239.805,59.9458],"dipPosition":[17.1464,288.121,-54.8694],"direction":[-0.149148,-0.118583,-0.981679],"extended":true,"handId":369,"id":3691,"length":58.7895,"mcpPosition":[32.7062,283.57,9.43035],"pipPosition":[20.7503,290.986,-31.149],"stabilizedTipPosition":[18.0545,292.227,-86.0003],"timeVisible":2.30466,"tipPosition":[15.9962,285.516,-67.2029],"tipVelocity":[18.2289,-20.4592,33.7594],"tool":false,"touchDistance":0.269109,"touchZone":"hovering","type":1,"width":19.3369},{"bases":[[[0.956581,0.207312,-0.204879],[-0.0142176,0.735273,0.677622],[0.291121,-0.645287,0.706295]],[[0.949887,0.221575,-0.220496],[-0.308777,0.774955,-0.551454],[0.0486861,0.591903,0.804537]],[[0.949887,0.221575,-0.220496],[-0.0683288,-0.541143,-0.83815],[-0.305033,0.811214,-0.498885]],[[0.949887,0.221575,-0.220496],[0.135642,-0.927677,-0.347876],[-0.281629,0.300534,-0.911243]]],"btipPosition":[65.0179,234.158,1.79359],"carpPosition":[73.7065,246.379,58.5215],"dipPosition":[59.7272,239.804,-15.3253],"direction":[0.305033,-0.811214,0.498885],"extended":false,"handId":369,"id":3692,"length":66.986,"mcpPosition":[53.4017,291.386,9.25975],"pipPosition":[51.0558,262.865,-29.5074],"stabilizedTipPosition":[68.1502,235.938,-25.0201],"timeVisible":2.30466,"tipPosition":[63.5618,235.828,-2.85382],"tipVelocity":[16.6302,-4.71089,32.5194],"tool":false,"touchDistance":0.333333,"touchZone":"none","type":2,"width":18.9914},{"bases":[[[0.987327,0.0540709,-0.149204],[0.0634496,0.72726,0.683423],[0.145463,-0.684229,0.714613]],[[0.984806,0.0652947,-0.160913],[-0.144904,0.819651,-0.554233],[0.0957044,0.569129,0.816659]],[[0.984806,0.0652947,-0.160913],[-0.103704,-0.522122,-0.846543],[-0.139291,0.850368,-0.507417]],[[0.984806,0.0652947,-0.160913],[0.00619152,-0.939233,-0.343225],[-0.173546,0.337014,-0.925367]]],"btipPosition":[78.8606,237.686,6.15822],"carpPosition":[85.1453,250.104,56.0483],"dipPosition":[75.619,243.981,-11.126],"direction":[0.139291,-0.850368,0.507417],"extended":false,"handId":369,"id":3693,"length":64.4088,"mcpPosition":[76.0363,292.951,11.2986],"pipPosition":[71.7616,267.53,-25.1782],"stabilizedTipPosition":[83.0146,240.298,-18.2658],"timeVisible":2.30466,"tipPosition":[78.105,239.444,1.89961],"tipVelocity":[10.2475,-2.42805,11.3796],"tool":false,"touchDistance":0.333333,"touchZone":"none","type":3,"width":18.0715},{"bases":[[[0.97338,-0.146397,-0.176349],[0.228843,0.663491,0.712328],[0.0127228,-0.733722,0.679331]],[[0.964844,-0.057433,-0.256471],[-0.0751652,0.874775,-0.478664],[0.251846,0.481114,0.839704]],[[0.964844,-0.057433,-0.256471],[-0.254854,-0.44293,-0.859571],[-0.0642311,0.894715,-0.441995]],[[0.964844,-0.057433,-0.256471],[-0.156264,-0.909977,-0.384088],[-0.211324,0.410662,-0.88696]]],"btipPosition":[93.2229,248.36,5.36354],"carpPosition":[97.9654,247.405,50.4989],"dipPosition":[89.5814,255.436,-9.92015],"direction":[0.0642311,-0.894715,0.441995],"extended":false,"handId":369,"id":3694,"length":50.4953,"mcpPosition":[97.2279,289.937,11.1198],"pipPosition":[88.3255,272.931,-18.5624],"stabilizedTipPosition":[95.9013,251.284,-18.0266],"timeVisible":2.30466,"tipPosition":[92.2194,250.226,1.73971],"tipVelocity":[10.8634,0.551982,11.9253],"tool":false,"touchDistance":0.333333,"touchZone":"none","type":4,"width":16.0525}],"r":[[0.987325,-0.100619,-0.122737],[0.111046,0.990485,0.081286],[0.11339,-0.0938852,0.989105]],"s":0.784377,"t":[-23.1972,86.8752,-179.157],"timestamp":521160124861},false],[6,{"currentFrameRate":105.663,"devices":[],"gestures":[],"hands":[{"armBasis":[[0.896581,0.379342,-0.228565],[-0.203118,0.810816,0.548927],[0.393555,-0.445732,0.804013]],"armWidth":63.7005,"confidence":0.660955,"direction":[-0.284659,0.747866,-0.599721],"elbow":[192.455,114.611,273.134],"grabStrength":0.19977,"id":369,"palmNormal":[0.114365,-0.594641,-0.795816],"palmPosition":[64.1016,270.477,20.9426],"palmVelocity":[17.0524,-14.0198,33.4146],"palmWidth":90.9622,"pinchStrength":0.610532,"r":[[0.987322,-0.100007,-0.123261],[0.110581,0.990466,0.0821487],[0.113871,-0.0947376,0.988968]],"s":0.783012,"sphereCenter":[66.2175,255.647,-24.5009],"sphereRadius":44.4369,"stabilizedPalmPosition":[67.3429,274.221,-0.942867],"t":[-23.0031,86.6656,-178.808],"timeVisible":2.31368,"type":"right","wrist":[86.2276,234.921,56.1164]}],"id":4090289,"interactionBox":{"center":[0,200,0],"size":[235.247,235.247,147.751]},"pointables":[{"bases":[[[0.225157,0.796553,0.561077],[-0.706042,-0.263448,0.657343],[0.671423,-0.544149,0.503083]],[[-0.00943805,0.931646,0.363245],[-0.802794,-0.223639,0.552727],[0.596182,-0.286394,0.750031]],[[-0.00943805,0.931646,0.363245],[-0.946688,-0.125305,0.296784],[0.322014,-0.341078,0.883161]],[[-0.00943805,0.931646,0.363245],[-0.596581,0.286283,-0.749755],[-0.802497,-0.223781,0.5531]]],"btipPosition":[39.3598,248.685,-28.5092],"carpPosition":[61.311,217.532,51.9624],"dipPosition":[20.5842,243.449,-15.5686],"direction":[-0.322014,0.341078,-0.883161],"extended":false,"handId":369,"id":3690,"length":52.1005,"mcpPosition":[61.311,217.532,51.9624],"pipPosition":[31.5602,231.824,14.5341],"stabilizedTipPosition":[39.5323,249.434,-45.7588],"timeVisible":2.31368,"tipPosition":[34.7279,248.185,-25.4563],"tipVelocity":[28.2794,-34.1101,28.9948],"tool":false,"touchDistance":0.214336,"touchZone":"hovering","type":0,"width":20.2438},{"bases":[[[0.890476,0.416502,-0.183246],[-0.178433,0.690076,0.701397],[0.418587,-0.59188,0.688813]],[[0.888271,0.419596,-0.186851],[-0.365111,0.891843,0.26704],[0.278691,-0.168983,0.945397]],[[0.888271,0.419596,-0.186851],[-0.434561,0.899467,-0.0459951],[0.148767,0.122054,0.981311]],[[0.888271,0.419596,-0.186851],[-0.456259,0.852924,-0.253667],[0.0529315,0.310578,0.949073]]],"btipPosition":[16.4504,282.07,-70.7584],"carpPosition":[63.7045,239.535,60.4279],"dipPosition":[17.3545,287.375,-54.5479],"direction":[-0.148767,-0.122054,-0.981311],"extended":true,"handId":369,"id":3691,"length":58.7895,"mcpPosition":[32.9187,283.066,9.76771],"pipPosition":[20.9491,290.324,-30.8364],"stabilizedTipPosition":[18.0387,292.126,-85.7861],"timeVisible":2.31368,"tipPosition":[16.2201,284.71,-66.8757],"tipVelocity":[19.8882,-38.8358,34.6588],"tool":false,"touchDistance":0.27468,"touchZone":"hovering","type":1,"width":19.3369},{"bases":[[[0.956125,0.208923,-0.205368],[-0.0160853,0.737394,0.675272],[0.292517,-0.642341,0.708401]],[[0.949427,0.223068,-0.220973],[-0.31051,0.771488,-0.555329],[0.0466019,0.595859,0.801736]],[[0.949427,0.223068,-0.220973],[-0.0665187,-0.544894,-0.835862],[-0.30686,0.808289,-0.502499]],[[0.949427,0.223068,-0.220973],[0.137947,-0.928542,-0.344645],[-0.282062,0.296733,-0.912355]]],"btipPosition":[65.3724,233.667,2.36832],"carpPosition":[73.9978,246.13,58.9845],"dipPosition":[60.0735,239.242,-14.7714],"direction":[0.30686,-0.808289,0.502499],"extended":false,"handId":369,"id":3692,"length":66.986,"mcpPosition":[53.5957,290.931,9.57589],"pipPosition":[51.3502,262.219,-29.0563],"stabilizedTipPosition":[68.1498,235.938,-25.0178],"timeVisible":2.31368,"tipPosition":[63.9147,235.318,-2.2821],"tipVelocity":[22.8044,-18.8855,40.9474],"tool":false,"touchDistance":0.333333,"touchZone":"none","type":2,"width":18.9914},{"bases":[[[0.987224,0.0559341,-0.149199],[0.0615996,0.729584,0.681112],[0.146951,-0.6816,0.716817]],[[0.984759,0.0667813,-0.160595],[-0.146153,0.81828,-0.555929],[0.0942861,0.570928,0.815568]],[[0.984759,0.0667813,-0.160595],[-0.102498,-0.523152,-0.846053],[-0.140516,0.849619,-0.508333]],[[0.984759,0.0667813,-0.160595],[0.00790754,-0.939585,-0.342225],[-0.173747,0.335739,-0.925792]]],"btipPosition":[79.1514,237.255,6.55545],"carpPosition":[85.4283,249.874,56.5015],"dipPosition":[75.9061,243.526,-10.7368],"direction":[0.140516,-0.849619,0.508333],"extended":false,"handId":369,"id":3693,"length":64.4088,"mcpPosition":[76.2261,292.556,11.6138],"pipPosition":[72.0147,267.055,-24.8143],"stabilizedTipPosition":[83.0125,240.297,-18.256],"timeVisible":2.31368,"tipPosition":[78.4059,239,2.3418],"tipVelocity":[16.2692,-15.0557,20.3047],"tool":false,"touchDistance":0.333333,"touchZone":"none","type":3,"width":18.0715},{"bases":[[[0.973757,-0.144652,-0.175707],[0.227138,0.666298,0.71025],[0.0143344,-0.73152,0.681669]],[[0.965021,-0.0559395,-0.256136],[-0.0772543,0.87292,-0.481707],[0.250533,0.484645,0.838065]],[[0.965021,-0.0559395,-0.256136],[-0.253644,-0.446379,-0.858144],[-0.0663296,0.893094,-0.444953]],[[0.965021,-0.0559395,-0.256136],[-0.15404,-0.911534,-0.381285],[-0.212148,0.407403,-0.888266]]],"btipPosition":[93.5214,247.978,5.8304],"carpPosition":[98.2557,247.188,50.963],"dipPosition":[89.8658,254.998,-9.47579],"direction":[0.0663296,-0.893094,0.444953],"extended":false,"handId":369,"id":3694,"length":50.4953,"mcpPosition":[97.4248,289.592,11.4484],"pipPosition":[88.5688,272.461,-18.1759],"stabilizedTipPosition":[95.8998,251.284,-18.0177],"timeVisible":2.31368,"tipPosition":[92.5157,249.831,2.19963],"tipVelocity":[16.8776,-11.6447,22.7215],"tool":false,"touchDistance":0.333333,"touchZone":"none","type":4,"width":16.0525}],"r":[[0.987322,-0.100007,-0.123261],[0.110581,0.990466,0.0821487],[0.113871,-0.0947376,0.988968]],"s":0.783012,"t":[-23.0