{"sensorType":"Leap","data":[[0,{"currentFrameRate":107.735,"devices":[],"gestures":[],"hands":[{"armBasis":[[0.853352,0.440068,-0.279519],[-0.181628,0.753525,0.631832],[0.488673,-0.488406,0.722951]],"armWidth":63.7005,"confidence":0.839169,"direction":[-0.24405,0.65608,-0.714142],"elbow":[195.155,130.702,274.377],"grabStrength":0,"id":369,"palmNormal":[0.160895,-0.698809,-0.696978],"palmPosition":[43.4863,292.759,38.1735],"palmVelocity":[49.203,-9.44907,-229.006],"palmWidth":90.9622,"pinchStrength":0.461461,"r":[[0.992729,-0.105209,-0.0584869],[0.103001,0.993894,-0.0395706],[0.062293,0.0332586,0.997504]],"s":0.900278,"sphereCenter":[40.7632,272.548,-4.74093],"sphereRadius":46.7284,"stabilizedPalmPosition":[39.25,285.237,103.784],"t":[-43.8845,108.835,-159.003],"timeVisible":0.623508,"type":"right","wrist":[63.2537,262.532,79.2402]}],"id":4090109,"interactionBox":{"center":[0,200,0],"size":[235.247,235.247,147.751]},"pointables":[{"bases":[[[0.19329,0.86774,0.457894],[-0.746353,-0.172894,0.642702],[0.636865,-0.465978,0.614221]],[[-0.0365584,0.974861,0.219794],[-0.755619,-0.170901,0.632324],[0.653991,-0.142963,0.742871]],[[-0.0365584,0.974861,0.219794],[-0.941172,-0.107525,0.320365],[0.335945,-0.195152,0.921443]],[[-0.0365584,0.974861,0.219794],[-0.806239,0.101181,-0.582874],[-0.59046,-0.198515,0.782272]]],"btipPosition":[8.2994,263.051,-10.7708],"carpPosition":[38.5712,244.62,76.0102],"dipPosition":[-5.51527,258.406,7.53159],"direction":[-0.335945,0.195152,-0.921443],"extended":true,"handId":369,"id":3690,"length":52.1005,"mcpPosition":[38.5712,244.62,76.0102],"pipPosition":[5.93548,251.754,38.9391],"stabilizedTipPosition":[0.136313,258.304,69.3111],"timeVisible":0.623508,"tipPosition":[4.87062,262.963,-6.08643],"tipVelocity":[55.1926,-21.6711,-248.755],"tool":false,"touchDistance":-0.592681,"touchZone":"hovering","type":0,"width":20.2438},{"bases":[[[0.901769,0.391111,-0.183968],[-0.218623,0.779921,0.586453],[0.372849,-0.488626,0.788815]],[[0.910886,0.378663,-0.164014],[-0.317113,0.89665,0.308963],[0.264056,-0.229419,0.936825]],[[0.910886,0.378663,-0.164014],[-0.359512,0.923316,0.135054],[0.202577,-0.0640537,0.977169]],[[0.910886,0.378663,-0.164014],[-0.382813,0.923801,0.00676679],[0.154079,0.056623,0.986435]]],"btipPosition":[-5.7634,313.967,-57.2401],"carpPosition":[40.5261,267.596,81.471],"dipPosition":[-3.13168,314.934,-40.3914],"direction":[-0.202577,0.0640537,-0.977169],"extended":true,"handId":369,"id":3691,"length":58.7895,"mcpPosition":[13.1042,303.533,23.4559],"pipPosition":[1.76319,313.386,-16.7801],"stabilizedTipPosition":[-17.793,313.677,22.3023],"timeVisible":0.623508,"tipPosition":[-5.77679,314.879,-52.8176],"tipVelocity":[80.3525,-14.5797,-248.265],"tool":false,"touchDistance":-0.606378,"touchZone":"hovering","type":1,"width":19.3369},{"bases":[[[0.96782,0.182773,-0.172967],[-0.0547815,0.823898,0.564084],[0.245607,-0.536457,0.807398]],[[0.965974,0.186743,-0.178944],[-0.258426,0.724881,-0.638563],[0.0104659,0.663079,0.748476]],[[0.965974,0.186743,-0.178944],[-0.0443253,-0.562103,-0.825879],[-0.254811,0.805709,-0.5347]],[[0.965974,0.186743,-0.178944],[0.120859,-0.937599,-0.326039],[-0.228663,0.293318,-0.928266]]],"btipPosition":[44.8203,251.024,20.024],"carpPosition":[50.9155,273.974,79.7642],"dipPosition":[40.5246,256.534,2.58538],"direction":[0.254811,-0.805709,0.5347],"extended":false,"handId":369,"id":3692,"length":66.986,"mcpPosition":[33.7852,311.39,23.4509],"pipPosition":[33.2809,279.439,-12.6149],"stabilizedTipPosition":[38.5244,251.523,63.6354],"timeVisible":0.623508,"tipPosition":[43.7021,251.968,15.2624],"tipVelocity":[50.0637,-10.4988,-227.946],"tool":false,"touchDistance":0.333333,"touchZone":"none","type":2,"width":18.9914},{"bases":[[[0.994772,0.0392047,-0.0942941],[0.0223622,0.81733,0.575736],[0.099641,-0.574834,0.81218]],[[0.99643,0.0286725,-0.0794066],[-0.0760626,0.713017,-0.697009],[0.0366333,0.70056,0.712652]],[[0.99643,0.0286725,-0.0794066],[-0.0453883,-0.611135,-0.790224],[-0.0711858,0.791007,-0.607652]],[[0.99643,0.0286725,-0.0794066],[0.00583702,-0.961709,-0.274012],[-0.0842226,0.27257,-0.958442]]],"btipPosition":[58.1612,255.097,29.5353],"carpPosition":[62.4925,277.389,77.4959],"dipPosition":[56.588,260.189,11.6332],"direction":[0.0711858,-0.791007,0.607652],"extended":false,"handId":369,"id":3693,"length":64.4088,"mcpPosition":[56.2529,313.386,26.6365],"pipPosition":[54.6167,282.094,-5.19479],"stabilizedTipPosition":[54.2182,250.704,89.9981],"timeVisible":0.623508,"tipPosition":[57.7904,256.418,25.7402],"tipVelocity":[48.7694,-12.2174,-231.093],"tool":false,"touchDistance":0.333333,"touchZone":"none","type":3,"width":18.0715},{"bases":[[[0.982158,-0.163179,-0.0934826],[0.185528,0.75946,0.623538],[-0.0307518,-0.629756,0.776184]],[[0.980917,-0.180686,-0.0717894],[0.0863054,0.735525,-0.671978],[0.17422,0.652959,0.737083]],[[0.980917,-0.180686,-0.0717894],[-0.163503,-0.566817,-0.807456],[0.105205,0.803785,-0.585543]],[[0.980917,-0.180686,-0.0717894],[-0.194089,-0.931731,-0.30693],[-0.0114304,0.315006,-0.949021]]],"btipPosition":[69.3907,266.299,29.9403],"carpPosition":[75.6266,274.019,73.1864],"dipPosition":[69.1937,271.727,13.5872],"direction":[-0.105205,-0.803785,0.585543],"extended":false,"handId":369,"id":3694,"length":50.4953,"mcpPosition":[77.4092,310.524,28.1929],"pipPosition":[71.2508,287.443,2.13822],"stabilizedTipPosition":[67.1108,262.78,88.2251],"timeVisible":0.623508,"tipPosition":[69.8176,267.666,26.1489],"tipVelocity":[40.7987,-14.1284,-223.465],"tool":false,"touchDistance":0.333333,"touchZone":"none","type":4,"width":16.0525}],"r":[[0.992729,-0.105209,-0.0584869],[0.103001,0.993894,-0.0395706],[0.062293,0.0332586,0.997504]],"s":0.900278,"t":[-43.8845,108.835,-159.003],"timestamp":521158443713},false],[1,{"currentFrameRate":107.838,"devices":[],"gestures":[],"hands":[{"armBasis":[[0.852083,0.44278,-0.279107],[-0.184475,0.753087,0.631529],[0.48982,-0.486627,0.723374]],"armWidth":63.7005,"confidence":0.829104,"direction":[-0.243751,0.659658,-0.710941],"elbow":[195.901,130.884,273.129],"grabStrength":0,"id":369,"palmNormal":[0.162564,-0.694889,-0.700501],"palmPosition":[43.9476,292.661,36.9473],"palmVelocity":[49.6359,-9.82339,-202.966],"palmWidth":90.9622,"pinchStrength":0.462506,"r":[[0.99278,-0.105836,-0.0564563],[0.103685,0.993815,-0.0397724],[0.0603164,0.0336315,0.997613]],"s":0.900033,"sphereCenter":[41.4988,272.676,-6.15017],"sphereRadius":46.7461,"stabilizedPalmPosition":[39.2502,285.237,103.781],"t":[-43.4238,108.738,-160.729],"timeVisible":0.632595,"type":"right","wrist":[63.6901,262.233,77.878]}],"id":4090110,"interactionBox":{"center":[0,200,0],"size":[235.247,235.247,147.751]},"pointables":[{"bases":[[[0.191773,0.865464,0.462813],[-0.74705,-0.177107,0.640741],[0.636505,-0.468622,0.61258]],[[-0.0379579,0.973649,0.22487],[-0.75717,-0.174876,0.629374],[0.652114,-0.146375,0.743856]],[[-0.0379579,0.973649,0.22487],[-0.941415,-0.110307,0.318702],[0.335108,-0.199598,0.920795]],[[-0.0379579,0.973649,0.22487],[-0.811552,0.101262,-0.575438],[-0.583046,-0.204336,0.786323]]],"btipPosition":[8.70738,263.203,-12.3848],"carpPosition":[39.0304,244.314,74.518],"dipPosition":[-4.93382,258.422,6.0124],"direction":[-0.335108,0.199598,-0.920795],"extended":true,"handId":369,"id":3690,"length":52.1005,"mcpPosition":[39.0304,244.314,74.518],"pipPosition":[6.48841,251.619,37.3979],"stabilizedTipPosition":[0.136755,258.305,69.3048],"timeVisible":0.632595,"tipPosition":[5.36926,263.013,-7.64295],"tipVelocity":[53.558,-11.9883,-228.397],"tool":false,"touchDistance":-0.585629,"touchZone":"hovering","type":0,"width":20.2438},{"bases":[[[0.901617,0.393015,-0.180629],[-0.220224,0.776535,0.590335],[0.372275,-0.492477,0.786688]],[[0.910908,0.380197,-0.160302],[-0.318477,0.894873,0.312688],[0.262333,-0.233778,0.936231]],[[0.910908,0.380197,-0.160302],[-0.360122,0.922208,0.140872],[0.201391,-0.0705933,0.976964]],[[0.910908,0.380197,-0.160302],[-0.383027,0.92363,0.0140906],[0.153417,0.0485648,0.986967]]],"btipPosition":[-5.17911,314.4,-58.4284],"carpPosition":[40.9543,267.263,80.1049],"dipPosition":[-2.55868,315.229,-41.5706],"direction":[-0.201391,0.0705933,-0.976964],"extended":true,"handId":369,"id":3691,"length":58.7895,"mcpPosition":[13.5746,303.483,22.2462],"pipPosition":[2.30753,313.523,-17.9642],"stabilizedTipPosition":[-17.7887,313.678,22.2772],"timeVisible":0.632595,"tipPosition":[-5.18065,315.229,-54.0161],"tipVelocity":[75.8295,1.67134,-215.676],"tool":false,"touchDistance":-0.591867,"touchZone":"hovering","type":1,"width":19.3369},{"bases":[[[0.967867,0.184688,-0.170658],[-0.056398,0.820799,0.568427],[0.245057,-0.540537,0.80484]],[[0.965955,0.188838,-0.176839],[-0.258511,0.731409,-0.631041],[0.010177,0.655272,0.755324]],[[0.965955,0.188838,-0.176839],[-0.044098,-0.553353,-0.831779],[-0.254925,0.811259,-0.526187]],[[0.965955,0.188838,-0.176839],[0.121536,-0.934639,-0.334184],[-0.228387,0.301314,-0.92577]]],"btipPosition":[45.2946,251.063,18.266],"carpPosition":[51.3394,273.66,78.4466],"dipPosition":[41.004,256.724,0.874204],"direction":[0.254925,-0.811259,0.526187],"extended":false,"handId":369,"id":3692,"length":66.986,"mcpPosition":[34.2475,311.361,22.3117],"pipPosition":[33.7571,279.786,-14.0841],"stabilizedTipPosition":[38.5251,251.523,63.6299],"timeVisible":0.632595,"tipPosition":[44.2094,252.055,13.6855],"tipVelocity":[50.6878,-5.35158,-218.074],"tool":false,"touchDistance":0.333333,"touchZone":"none","type":2,"width":18.9914},{"bases":[[[0.994859,0.0407267,-0.0927202],[0.0207365,0.814247,0.580148],[0.0991247,-0.579088,0.809216]],[[0.996471,0.0303735,-0.078247],[-0.0762086,0.718085,-0.69177],[0.0351765,0.695292,0.717866]],[[0.996471,0.0303735,-0.078247],[-0.043998,-0.60487,-0.795108],[-0.0714795,0.795745,-0.601399]],[[0.996471,0.0303735,-0.078247],[0.00717388,-0.959638,-0.281148],[-0.0836282,0.279595,-0.956469]]],"btipPosition":[58.6791,255.047,27.9947],"carpPosition":[62.916,277.099,76.2126],"dipPosition":[57.1171,260.269,10.1295],"direction":[0.0714795,-0.795745,0.601399],"extended":false,"handId":369,"id":3693,"length":64.4088,"mcpPosition":[56.7087,313.362,25.5388],"pipPosition":[55.1375,282.306,-6.52541],"stabilizedTipPosition":[54.2183,250.704,89.9958],"timeVisible":0.632595,"tipPosition":[58.3088,256.392,24.2411],"tipVelocity":[51.1243,-9.45516,-213.796],"tool":false,"touchDistance":0.333333,"touchZone":"none","type":3,"width":18.0715},{"bases":[[[0.982452,-0.161671,-0.0930133],[0.183896,0.756288,0.627862],[-0.0311623,-0.633949,0.772747]],[[0.981073,-0.180627,-0.0697764],[0.0886349,0.739287,-0.667531],[0.172159,0.648713,0.741305]],[[0.981073,-0.180627,-0.0697764],[-0.161193,-0.562168,-0.811162],[0.107292,0.807057,-0.580644]],[[0.981073,-0.180627,-0.0697764],[-0.193452,-0.929989,-0.312564],[-0.00843387,0.320146,-0.947331]]],"btipPosition":[69.8277,266.286,28.582],"carpPosition":[76.0594,273.766,71.9029],"dipPosition":[69.6824,271.803,12.258],"direction":[-0.107292,-0.807057,0.580644],"extended":false,"handId":369,"id":3694,"length":50.4953,"mcpPosition":[77.8658,310.514,27.1088],"pipPosition":[71.7803,287.583,0.904803],"stabilizedTipPosition":[67.1109,262.78,88.2238],"timeVisible":0.632595,"tipPosition":[70.2703,267.665,24.809],"tipVelocity":[43.1803,-9.97968,-202.78],"tool":false,"touchDistance":0.333333,"touchZone":"none","type":4,"width":16.0525}],"r":[[0.99278,-0.105836,-0.0564563],[0.103685,0.993815,-0.0397724],[0.0603164,0.0336315,0.997613]],"s":0.900033,"t":[-43.4238,108.738,-160.729],"timestamp":521158452800},false],[2,{"currentFrameRate":107.964,"devices":[],"gestures":[],"hands":[{"armBasis":[[0.856936,0.432586,-0.280231],[-0.178419,0.759042,0.626117],[0.483557,-0.486544,0.727632]],"armWidth":63.7005,"confidence":0.831132,"direction":[-0.240089,0.656298,-0.715283],"elbow":[194.515,130.888,272.829],"grabStrength":0,"id":369,"palmNormal":[0.156738,-0.70096,-0.695765],"palmPosition":[44.4105,292.49,35.3083],"palmVelocity":[50.0773,-12.3416,-197.032],"palmWidth":90.9622,"pinchStrength":0.464146,"r":[[0.992652,-0.10781,-0.0549414],[0.105617,0.993546,-0.0413702],[0.0590469,0.0352634,0.997632]],"s":0.899631,"sphereCenter":[41.9812,272.212,-7.72135],"sphereRadius":46.7595,"stabilizedPalmPosition":[39.2504,285.237,103.778],"t":[-42.962,108.603,-162.412],"timeVisible":0.641629,"type":"right","wrist":[63.9949,262.215,76.428]}],"id":4090111,"interactionBox":{"center":[0,200,0],"size":[235.247,235.247,147.751]},"pointables":[{"bases":[[[0.198463,0.867354,0.456409],[-0.747401,-0.167315,0.64296],[0.634038,-0.468724,0.615056]],[[-0.03063,0.975418,0.218224],[-0.7586,-0.164847,0.630358],[0.650836,-0.146237,0.745001]],[[-0.03063,0.975418,0.218224],[-0.941815,-0.10128,0.320509],[0.334732,-0.195709,0.921766]],[[-0.03063,0.975418,0.218224],[-0.816033,0.101672,-0.568993],[-0.577194,-0.195506,0.792859]]],"btipPosition":[8.82231,262.989,-13.9184],"carpPosition":[39.2057,244.446,73.2276],"dipPosition":[-4.68197,258.414,4.6317],"direction":[-0.334732,0.195709,-0.921766],"extended":true,"handId":369,"id":3690,"length":52.1005,"mcpPosition":[39.2057,244.446,73.2276],"pipPosition":[6.72744,251.744,36.0503],"stabilizedTipPosition":[0.137138,258.305,69.2994],"timeVisible":0.641629,"tipPosition":[5.54768,262.78,-9.1243],"tipVelocity":[43.2695,-13.7691,-211.172],"tool":false,"touchDistance":-0.577876,"touchZone":"hovering","type":0,"width":20.2438},{"bases":[[[0.904102,0.385388,-0.184595],[-0.213974,0.782225,0.585098],[0.369884,-0.48949,0.789674]],[[0.913548,0.372338,-0.163693],[-0.311786,0.899521,0.306025],[0.26119,-0.228531,0.937845]],[[0.913548,0.372338,-0.163693],[-0.352852,0.925689,0.136363],[0.202302,-0.0668142,0.977041]],[[0.913548,0.372338,-0.163693],[-0.375661,0.926688,0.0113407],[0.155915,0.0511331,0.986446]]],"btipPosition":[-4.6752,313.976,-60.1663],"carpPosition":[41.298,267.419,78.6489],"dipPosition":[-2.01211,314.85,-43.3174],"direction":[-0.202302,0.0668142,-0.977041],"extended":true,"handId":369,"id":3691,"length":58.7895,"mcpPosition":[14.0941,303.42,20.5706],"pipPosition":[2.87612,313.235,-19.7091],"stabilizedTipPosition":[-17.7843,313.678,22.2521],"timeVisible":0.641629,"tipPosition":[-4.64632,314.773,-55.7745],"tipVelocity":[70.6054,-11.3923,-209.318],"tool":false,"touchDistance":-0.587112,"touchZone":"hovering","type":1,"width":19.3369},{"bases":[[[0.968904,0.176678,-0.173232],[-0.0498715,0.825182,0.562662],[0.242357,-0.536526,0.808333]],[[0.966954,0.180922,-0.179629],[-0.254384,0.731574,-0.632525],[0.0169741,0.657317,0.753423]],[[0.966954,0.180922,-0.179629],[-0.0503329,-0.55523,-0.830173],[-0.249932,0.81178,-0.527775]],[[0.966954,0.180922,-0.179629],[0.11391,-0.936915,-0.330476],[-0.228088,0.299094,-0.926563]]],"btipPosition":[45.3937,250.783,16.6591],"carpPosition":[51.7254,273.732,76.9317],"dipPosition":[41.1088,256.402,-0.747554],"direction":[0.249932,-0.81178,0.527775],"extended":false,"handId":369,"id":3692,"length":66.986,"mcpPosition":[34.8217,311.153,20.5532],"pipPosition":[34.0038,279.479,-15.751],"stabilizedTipPosition":[38.5256,251.523,63.6253],"timeVisible":0.641629,"tipPosition":[44.3322,251.773,12.2172],"tipVelocity":[39.7891,-12.6945,-207.103],"tool":false,"touchDistance":0.333333,"touchZone":"none","type":2,"width":18.9914},{"bases":[[[0.994993,0.0330863,-0.0943102],[0.0272311,0.818172,0.574328],[0.0961644,-0.574021,0.813174]],[[0.996504,0.0231755,-0.0802631],[-0.0725057,0.717173,-0.693113],[0.0414993,0.696509,0.716347]],[[0.996504,0.0231755,-0.0802631],[-0.0499406,-0.604935,-0.794708],[-0.0669716,0.795938,-0.601662]],[[0.996504,0.0231755,-0.0802631],[-0.000185443,-0.960135,-0.279535],[-0.0835418,0.278573,-0.956775]]],"btipPosition":[58.8623,254.663,26.2733],"carpPosition":[63.3228,277.074,74.6582],"dipPosition":[57.3019,259.867,8.40234],"direction":[0.0669716,-0.795938,0.601662],"extended":false,"handId":369,"id":3693,"length":64.4088,"mcpPosition":[57.3009,313.019,23.7365],"pipPosition":[55.4472,281.909,-8.25982],"stabilizedTipPosition":[54.2184,250.704,89.9935],"timeVisible":0.641629,"tipPosition":[58.496,256.008,22.6064],"tipVelocity":[42.6404,-18.6748,-207.432],"tool":false,"touchDistance":0.333333,"touchZone":"none","type":3,"width":18.0715},{"bases":[[[0.981167,-0.169216,-0.0931508],[0.190045,0.759409,0.622239],[-0.0345534,-0.628223,0.777266]],[[0.979549,-0.189324,-0.0681164],[0.0946838,0.732456,-0.674199],[0.177534,0.653961,0.735402]],[[0.979549,-0.189324,-0.0681164],[-0.165826,-0.567907,-0.806216],[0.113952,0.801023,-0.587687]],[[0.979549,-0.189324,-0.0681164],[-0.201126,-0.930836,-0.305111],[-0.00564033,0.312571,-0.949878]]],"btipPosition":[70.0331,265.869,27.1624],"carpPosition":[76.4366,273.618,70.3551],"dipPosition":[69.9359,271.255,10.7946],"direction":[-0.113952,-0.801023,0.587687],"extended":false,"handId":369,"id":3694,"length":50.4953,"mcpPosition":[78.4396,310.034,25.2989],"pipPosition":[72.164,286.918,-0.696364],"stabilizedTipPosition":[67.1109,262.78,88.2226],"timeVisible":0.641629,"tipPosition":[70.4882,267.215,23.3538],"tipVelocity":[37.8856,-20.8607,-190.515],"tool":false,"touchDistance":0.333333,"touchZone":"none","type":4,"width":16.0525}],"r":[[0.992652,-0.10781,-0.0549414],[0.105617,0.993546,-0.0413702],[0.0590469,0.0352634,0.997632]],"s":0.899631,"t":[-42.962,108.603,-162.412],"timestamp":521158461834},false],[3,{"currentFrameRate":107.872,"devices":[],"gestures":[],"hands":[{"armBasis":[[0.857992,0.430683,-0.279933],[-0.180235,0.762744,0.621077],[0.481005,-0.482425,0.732052]],"armWidth":63.7005,"confidence":0.831181,"direction":[-0.2399,0.654773,-0.716742],"elbow":[194.005,132.116,271.892],"grabStrength":0,"id":369,"palmNormal":[0.157594,-0.702243,-0.694276],"palmPosition":[44.6039,292.515,33.1046],"palmVelocity":[41.623,-8.03792,-207.458],"palmWidth":90.9622,"pinchStrength":0.468425,"r":[[0.992565,-0.109309,-0.0535409],[0.107071,0.99332,-0.0430203],[0.0578858,0.0369677,0.997639]],"s":0.898988,"sphereCenter":[42.4285,272.133,-9.96734],"sphereRadius":46.7694,"stabilizedPalmPosition":[39.2506,285.238,103.775],"t":[-42.6344,108.549,-164.355],"timeVisible":0.651066,"type":"right","wrist":[64.1737,262.331,74.2978]}],"id":4090112,"interactionBox":{"center":[0,200,0],"size":[235.247,235.247,147.751]},"pointables":[{"bases":[[[0.197696,0.868347,0.454851],[-0.747782,-0.166431,0.642746],[0.633828,-0.467198,0.616432]],[[-0.0309526,0.975759,0.216649],[-0.759934,-0.163771,0.62903],[0.649262,-0.145169,0.746582]],[[-0.0309526,0.975759,0.216649],[-0.94202,-0.100936,0.320017],[0.334127,-0.194182,0.922308]],[[-0.0309526,0.975759,0.216649],[-0.819969,0.0991603,-0.563754],[-0.571571,-0.195095,0.797023]]],"btipPosition":[8.97999,262.971,-16.2265],"carpPosition":[39.3958,244.544,71.1143],"dipPosition":[-4.39273,258.407,2.42104],"direction":[-0.334127,0.194182,-0.922308],"extended":true,"handId":369,"id":3690,"length":52.1005,"mcpPosition":[39.3958,244.544,71.1143],"pipPosition":[6.99606,251.788,33.8581],"stabilizedTipPosition":[0.137461,258.305,69.2948],"timeVisible":0.651066,"tipPosition":[5.76281,262.692,-11.3949],"tipVelocity":[36.5947,-10.297,-220.041],"tool":false,"touchDistance":-0.582707,"touchZone":"hovering","type":0,"width":20.2438},{"bases":[[[0.904042,0.385481,-0.184696],[-0.21479,0.783263,0.583408],[0.369558,-0.487754,0.7909]],[[0.913678,0.372188,-0.163303],[-0.312678,0.900364,0.302616],[0.259662,-0.225432,0.939019]],[[0.913678,0.372188,-0.163303],[-0.353123,0.925866,0.134449],[0.201237,-0.0651774,0.977372]],[[0.913678,0.372188,-0.163303],[-0.375596,0.926722,0.010662],[0.155304,0.0515942,0.986518]]],"btipPosition":[-4.37476,313.777,-62.4729],"carpPosition":[41.4726,267.528,76.4921],"dipPosition":[-1.7221,314.658,-45.6228],"direction":[-0.201237,0.0651774,-0.977372],"extended":true,"handId":369,"id":3691,"length":58.7895,"mcpPosition":[14.2927,303.401,18.3236],"pipPosition":[3.14038,313.084,-22.0065],"stabilizedTipPosition":[-17.7802,313.678,22.2286],"timeVisible":0.651066,"tipPosition":[-4.34806,314.563,-58.0895],"tipVelocity":[59.4526,-14.1099,-219.342],"tool":false,"touchDistance":-0.591329,"touchZone":"hovering","type":1,"width":19.3369},{"bases":[[[0.968941,0.176826,-0.172877],[-0.0506934,0.826258,0.561006],[0.242041,-0.534818,0.809559]],[[0.966919,0.181215,-0.179523],[-0.254446,0.73488,-0.628657],[0.018006,0.653539,0.756679]],[[0.966919,0.181215,-0.179523],[-0.0514416,-0.550796,-0.833053],[-0.249842,0.81473,-0.523253]],[[0.966919,0.181215,-0.179523],[0.113564,-0.936005,-0.333163],[-0.228408,0.301754,-0.925621]]],"btipPosition":[45.5422,250.824,14.1088],"carpPosition":[51.8981,273.843,74.7701],"dipPosition":[41.2513,256.492,-3.28016],"direction":[0.249842,-0.81473,0.523253],"extended":false,"handId":369,"id":3692,"length":66.986,"mcpPosition":[35.0165,311.144,18.306],"pipPosition":[34.1488,279.653,-18.1551],"stabilizedTipPosition":[38.526,251.523,63.6215],"timeVisible":0.651066,"tipPosition":[44.5158,251.833,9.86722],"tipVelocity":[32.872,-7.50482,-225.026],"tool":false,"touchDistance":0.333333,"touchZone":"none","type":2,"width":18.9914},{"bases":[[[0.995044,0.0334024,-0.0936551],[0.0264042,0.81931,0.572743],[0.0958635,-0.572377,0.814368]],[[0.996524,0.0237131,-0.0798627],[-0.0726297,0.716868,-0.693416],[0.040808,0.696806,0.716098]],[[0.996524,0.0237131,-0.0798627],[-0.0492888,-0.605034,-0.794672],[-0.0671638,0.795846,-0.601762]],[[0.996524,0.0237131,-0.0798627],[0.000491316,-0.96029,-0.279002],[-0.0833074,0.277993,-0.956964]]],"btipPosition":[59.0857,254.673,24.0561],"carpPosition":[63.4954,277.186,72.4983],"dipPosition":[57.5296,259.865,6.18163],"direction":[0.0671638,-0.795846,0.601762],"extended":false,"handId":369,"id":3693,"length":64.4088,"mcpPosition":[57.4923,313.029,21.5019],"pipPosition":[55.6696,281.905,-10.4833],"stabilizedTipPosition":[54.2186,250.705,89.9915],"timeVisible":0.651066,"tipPosition":[58.719,256.009,20.4027],"tipVelocity":[37.2474,-13.124,-215.32],"tool":false,"touchDistance":0.333333,"touchZone":"none","type":3,"width":18.0715},{"bases":[[[0.981319,-0.168904,-0.0921091],[0.189213,0.760723,0.620886],[-0.0348009,-0.626715,0.778471]],[[0.979544,-0.190337,-0.0653083],[0.0970591,0.731188,-0.675236],[0.176275,0.655085,0.734704]],[[0.979544,-0.190337,-0.0653083],[-0.164185,-0.568308,-0.806269],[0.116348,0.800499,-0.587933]],[[0.979544,-0.190337,-0.0653083],[-0.201212,-0.930782,-0.305218],[-0.00269339,0.312116,-0.95004]]],"btipPosition":[70.1718,265.871,24.9813],"carpPosition":[76.6141,273.728,68.2115],"dipPosition":[70.1254,271.249,8.61062],"direction":[-0.116348,-0.800499,0.587933],"extended":false,"handId":369,"id":3694,"length":50.4953,"mcpPosition":[78.6314,310.057,23.0855],"pipPosition":[72.4004,286.901,-2.88513],"stabilizedTipPosition":[67.111,262.78,88.2214],"timeVisible":0.651066,"tipPosition":[70.6441,267.217,21.191],"tipVelocity":[31.6131,-14.9079,-202.142],"tool":false,"touchDistance":0.333333,"touchZone":"none","type":4,"width":16.0525}],"r":[[0.992565,-0.109309,-0.0535409],[0.107071,0.99332,-0.0430203],[0.0578858,0.0369677,0.997639]],"s":0.898988,"t":[-42.6344,108.549,-164.355],"timestamp":521158471271},false],[4,{"currentFrameRate":108.201,"devices":[],"gestures":[],"hands":[{"armBasis":[[0.86113,0.42665,-0.276451],[-0.182255,0.766718,0.615571],[0.474593,-0.479702,0.738002]],"armWidth":63.7005,"confidence":0.838842,"direction":[-0.24091,0.652853,-0.718154],"elbow":[192.649,132.698,271.87],"grabStrength":0,"id":369,"palmNormal":[0.158421,-0.703571,-0.692741],"palmPosition":[44.9307,292.244,31.4133],"palmVelocity":[40.6047,-14.2349,-204.31],"palmWidth":90.9622,"pinchStrength":0.470244,"r":[[0.99252,-0.110261,-0.0524052],[0.107966,0.993145,-0.0447841],[0.0569839,0.0387911,0.997621]],"s":0.898245,"sphereCenter":[42.9903,271.747,-11.6879],"sphereRadius":46.7811,"stabilizedPalmPosition":[39.2508,285.238,103.773],"t":[-42.3072,108.386,-166.172],"timeVisible":0.659713,"type":"right","wrist":[64.5485,262.178,72.67]}],"id":4090113,"interactionBox":{"center":[0,200,0],"size":[235.247,235.247,147.751]},"pointables":[{"bases":[[[0.196602,0.869623,0.452884],[-0.747444,-0.166011,0.643247],[0.634567,-0.464969,0.617356]],[[-0.031987,0.976143,0.214758],[-0.760446,-0.163206,0.628559],[0.648613,-0.143206,0.747525]],[[-0.031987,0.976143,0.214758],[-0.94172,-0.101424,0.320742],[0.334872,-0.191982,0.922498]],[[-0.031987,0.976143,0.214758],[-0.823915,0.0958843,-0.558543],[-0.565809,-0.194808,0.801192]]],"btipPosition":[9.25044,262.598,-17.9614],"carpPosition":[39.794,244.35,69.5304],"dipPosition":[-3.98749,258.04,0.783651],"direction":[-0.334872,0.191982,-0.922498],"extended":true,"handId":369,"id":3690,"length":52.1005,"mcpPosition":[39.794,244.35,69.5304],"pipPosition":[7.42669,251.496,32.2272],"stabilizedTipPosition":[0.137721,258.305,69.2913],"timeVisible":0.659713,"tipPosition":[6.09142,262.262,-13.0973],"tipVelocity":[36.1349,-18.9782,-214.204],"tool":false,"touchDistance":-0.578457,"touchZone":"hovering","type":0,"width":20.2438},{"bases":[[[0.903488,0.38629,-0.185713],[-0.215747,0.784267,0.581703],[0.370355,-0.485495,0.791916]],[[0.913389,0.37271,-0.163732],[-0.314075,0.901068,0.299054],[0.258995,-0.221728,0.940084]],[[0.913389,0.37271,-0.163732],[-0.354038,0.925807,0.132433],[0.200944,-0.0629949,0.977575]],[[0.913389,0.37271,-0.163732],[-0.376265,0.926459,0.00992175],[0.155389,0.0525444,0.986455]]],"btipPosition":[-4.031,313.204,-64.2326],"carpPosition":[41.8407,267.349,74.8567],"dipPosition":[-1.37689,314.101,-47.3836],"direction":[-0.200944,0.0629949,-0.977575],"extended":true,"handId":369,"id":3691,"length":58.7895,"mcpPosition":[14.6021,303.056,16.6135],"pipPosition":[3.47852,312.579,-23.7624],"stabilizedTipPosition":[-17.7768,313.678,22.2088],"timeVisible":0.659713,"tipPosition":[-4.0064,313.982,-59.8578],"tipVelocity":[54.2354,-27.8476,-215.147],"tool":false,"touchDistance":-0.586929,"touchZone":"hovering","type":1,"width":19.3369},{"bases":[[[0.968671,0.17775,-0.173442],[-0.0517119,0.827434,0.559177],[0.242906,-0.532689,0.810703]],[[0.966584,0.182244,-0.180285],[-0.255684,0.736072,-0.626757],[0.0184799,0.651909,0.758072]],[[0.966584,0.182244,-0.180285],[-0.0521091,-0.548911,-0.834255],[-0.250999,0.815772,-0.521072]],[[0.966584,0.182244,-0.180285],[0.114129,-0.935661,-0.333935],[-0.229544,0.3022,-0.925194]]],"btipPosition":[45.8726,250.547,12.2406],"carpPosition":[52.2573,273.674,73.1188],"dipPosition":[41.5603,256.224,-5.14033],"direction":[0.250999,-0.815772,0.521072],"extended":false,"handId":369,"id":3692,"length":66.986,"mcpPosition":[35.3155,310.827,16.575],"pipPosition":[34.425,279.414,-19.9532],"stabilizedTipPosition":[38.5264,251.523,63.6187],"timeVisible":0.659713,"tipPosition":[44.863,251.566,8.1182],"tipVelocity":[34.1368,-13.9487,-222.587],"tool":false,"touchDistance":0.333333,"touchZone":"none","type":2,"width":18.9914},{"bases":[[[0.994982,0.0345386,-0.0939062],[0.025397,0.820616,0.570915],[0.0967796,-0.570435,0.815621]],[[0.99644,0.0251445,-0.0804683],[-0.0740279,0.717677,-0.69243],[0.0403395,0.695922,0.716984]],[[0.99644,0.0251445,-0.0804683],[-0.0490401,-0.60351,-0.795846],[-0.0685746,0.796959,-0.600128]],[[0.99644,0.0251445,-0.0804683],[0.00161842,-0.960016,-0.279942],[-0.0842899,0.278815,-0.956639]]],"btipPosition":[59.461,254.386,22.226],"carpPosition":[63.8497,277.028,70.8376],"dipPosition":[57.8866,259.594,4.35761],"direction":[0.0685746,-0.796959,0.600128],"extended":false,"handId":369,"id":3693,"length":64.4088,"mcpPosition":[57.7893,312.749,19.7627],"pipPosition":[55.9875,281.665,-12.2621],"stabilizedTipPosition":[54.2187,250.705,89.9898],"timeVisible":0.659713,"tipPosition":[59.0911,255.72,18.6245],"tipVelocity":[38.7518,-18.3275,-214.302],"tool":false,"touchDistance":0.333333,"touchZone":"none","type":3,"width":18.0715},{"bases":[[[0.98153,-0.167783,-0.091908],[0.188294,0.762356,0.619159],[-0.0338176,-0.625029,0.779868]],[[0.979672,-0.19022,-0.0637163],[0.0974899,0.72903,-0.677503],[0.175326,0.657519,0.732755]],[[0.979672,-0.19022,-0.0637163],[-0.163124,-0.570499,-0.804936],[0.116765,0.798966,-0.589931]],[[0.979672,-0.19022,-0.0637163],[-0.200601,-0.93149,-0.303457],[-0.00162744,0.31007,-0.950712]]],"btipPosition":[70.4801,265.602,23.3645],"carpPosition":[76.9723,273.578,66.5561],"dipPosition":[70.4521,270.945,6.98225],"direction":[-0.116765,-0.798966,0.589931],"extended":false,"handId":369,"id":3694,"length":50.4953,"mcpPosition":[78.9326,309.809,21.3491],"pipPosition":[72.7352,286.567,-4.55257],"stabilizedTipPosition":[67.111,262.78,88.2204],"timeVisible":0.659713,"tipPosition":[70.9588,266.943,19.5641],"tipVelocity":[32.8146,-19.4441,-198.199],"tool":false,"touchDistance":0.333333,"touchZone":"none","type":4,"width":16.0525}],"r":[[0.99252,-0.110261,-0.0524052],[0.107966,0.993145,-0.0447841],[0.0569839,0.0387911,0.997621]],"s":0.898245,"t":[-42.3072,108.386,-166.172],"timestamp":521158479918},false],[5,{"currentFrameRate":108.279,"devices":[],"gestures":[],"hands":[{"armBasis":[[0.863847,0.42284,-0.273814],[-0.182316,0.769125,0.612542],[0.469605,-0.479222,0.741497]],"armWidth":63.7005,"confidence":0.832381,"direction":[-0.241276,0.650675,-0.720005],"elbow":[191.69,132.735,271.694],"grabStrength":0,"id":369,"palmNormal":[0.158215,-0.705624,-0.690697],"palmPosition":[45.2972,292.026,30.2123],"palmVelocity":[40.5215,-16.9451,-184.299],"palmWidth":90.9622,"pinchStrength":0.468662,"r":[[0.992481,-0.111031,-0.0515105],[0.108657,0.992977,-0.0467974],[0.0563447,0.0408486,0.997575]],"s":0.897533,"sphereCenter":[43.6133,271.392,-12.8942],"sphereRadius":46.7919,"stabilizedPalmPosition":[39.251,285.238,103.771],"t":[-41.9603,108.195,-167.681],"timeVisible":0.668807,"type":"right","wrist":[64.9352,262.085,71.5507]}],"id":4090114,"interactionBox":{"center":[0,200,0],"size":[235.247,235.247,147.751]},"pointables":[{"bases":[[[0.196691,0.870996,0.450199],[-0.747162,-0.164167,0.644048],[0.634871,-0.46305,0.618485]],[[-0.0319345,0.976763,0.211929],[-0.761331,-0.161152,0.628017],[0.647577,-0.141293,0.748786]],[[-0.0319345,0.976763,0.211929],[-0.941503,-0.10057,0.321649],[0.335489,-0.18926,0.922837]],[[-0.0319345,0.976763,0.211929],[-0.827647,0.0930305,-0.553484],[-0.560339,-0.193078,0.805445]]],"btipPosition":[9.5406,262.264,-19.1912],"carpPosition":[40.1814,244.245,68.4746],"dipPosition":[-3.56935,257.747,-0.346628],"direction":[-0.335489,0.18926,-0.922837],"extended":true,"handId":369,"id":3690,"length":52.1005,"mcpPosition":[40.1814,244.245,68.4746],"pipPosition":[7.86584,251.296,31.1084],"stabilizedTipPosition":[0.137979,258.305,69.2879],"timeVisible":0.668807,"tipPosition":[6.42812,261.89,-14.2889],"tipVelocity":[35.8602,-23.5952,-191.63],"tool":false,"touchDistance":-0.567048,"touchZone":"hovering","type":0,"width":20.2438},{"bases":[[[0.903369,0.385831,-0.187239],[-0.215595,0.785981,0.579442],[0.370733,-0.483082,0.793214]],[[0.913675,0.371753,-0.164308],[-0.314427,0.902657,0.293848],[0.257553,-0.216819,0.941624]],[[0.913675,0.371753,-0.164308],[-0.353668,0.926387,0.129327],[0.200291,-0.0600526,0.977894]],[[0.913675,0.371753,-0.164308],[-0.375538,0.926767,0.00857616],[0.155464,0.0538681,0.986372]]],"btipPosition":[-3.5953,312.633,-65.5259],"carpPosition":[42.2278,267.261,73.7312],"dipPosition":[-0.939918,313.553,-48.6783],"direction":[-0.200291,0.0600526,-0.977894],"extended":true,"handId":369,"id":3691,"length":58.7895,"mcpPosition":[14.9614,302.79,15.3926],"pipPosition":[3.89971,312.102,-25.0494],"stabilizedTipPosition":[-17.7731,313.678,22.1881],"timeVisible":0.668807,"tipPosition":[-3.58067,313.412,-61.1594],"tipVelocity":[52.4923,-37.357,-194.955],"tool":false,"touchDistance":-0.575974,"touchZone":"hovering","type":1,"width":19.3369},{"bases":[[[0.96858,0.177336,-0.17437],[-0.0515744,0.829098,0.556719],[0.243296,-0.530234,0.812194]],[[0.966445,0.181903,-0.181369],[-0.256173,0.734595,-0.628288],[0.0189453,0.653667,0.756545]],[[0.966445,0.181903,-0.181369],[-0.0525828,-0.551018,-0.832835],[-0.251433,0.814426,-0.522964]],[[0.966445,0.181903,-0.181369],[0.114109,-0.936596,-0.331313],[-0.230136,0.2995,-0.925925]]],"btipPosition":[46.232,250.287,11.1291],"carpPosition":[52.643,273.581,71.9702],"dipPosition":[41.9086,255.913,-6.26558],"direction":[0.251433,-0.814426,0.522964],"extended":false,"handId":369,"id":3692,"length":66.986,"mcpPosition":[35.6739,310.563,15.3224],"pipPosition":[34.761,279.066,-21.1323],"stabilizedTipPosition":[38.5267,251.523,63.6161],"timeVisible":0.668807,"tipPosition":[45.2221,251.298,7.0219],"tipVelocity":[35.5516,-18.3514,-194.882],"tool":false,"touchDistance":0.333333,"touchZone":"none","type":2,"width":18.9914},{"bases":[[[0.994939,0.0343661,-0.0944169],[0.02554,0.822324,0.568446],[0.0971765,-0.567981,0.817285]],[[0.996368,0.0252688,-0.0813207],[-0.0746899,0.718005,-0.692019],[0.0409022,0.695579,0.717284]],[[0.996368,0.0252688,-0.0813207],[-0.0497404,-0.602422,-0.796627],[-0.0691192,0.797778,-0.598976]],[[0.996368,0.0252688,-0.0813207],[0.0014601,-0.959889,-0.280377],[-0.0851437,0.27924,-0.956439]]],"btipPosition":[59.8264,254.119,20.9093],"carpPosition":[64.2341,276.929,69.6742],"dipPosition":[58.236,259.335,3.04468],"direction":[0.0691192,-0.797778,0.598976],"extended":false,"handId":369,"id":3693,"length":64.4088,"mcpPosition":[58.1488,312.497,18.4951],"pipPosition":[56.3219,281.428,-13.5431],"stabilizedTipPosition":[54.2188,250.705,89.988],"timeVisible":0.668807,"tipPosition":[59.4544,255.452,17.3539],"tipVelocity":[39.0354,-21.3371,-195.018],"tool":false,"touchDistance":0.333333,"touchZone":"none","type":3,"width":18.0715},{"bases":[[[0.981511,-0.16795,-0.0918076],[0.188463,0.764226,0.616798],[-0.0334292,-0.622696,0.781749]],[[0.979569,-0.191168,-0.0624459],[0.0982867,0.725974,-0.680663],[0.175455,0.660618,0.729931]],[[0.979569,-0.191168,-0.0624459],[-0.163039,-0.573092,-0.803109],[0.117742,0.796882,-0.592551]],[[0.979569,-0.191168,-0.0624459],[-0.201108,-0.932086,-0.301283],[-0.000609133,0.307686,-0.951488]]],"btipPosition":[70.7994,265.33,22.2614],"carpPosition":[77.3553,273.468,65.3977],"dipPosition":[70.7889,270.631,5.86581],"direction":[-0.117742,-0.796882,0.592551],"extended":false,"handId":369,"id":3694,"length":50.4953,"mcpPosition":[79.2931,309.565,20.0816],"pipPosition":[73.091,286.213,-5.72024],"stabilizedTipPosition":[67.1111,262.78,88.2193],"timeVisible":0.668807,"tipPosition":[71.2806,266.669,18.4473],"tipVelocity":[33.5718,-22.6501,-176.99],"tool":false,"touchDistance":0.333333,"touchZone":"none","type":4,"width":16.0525}],"r":[[0.992481,-0.111031,-0.0515105],[0.108657,0.992977,-0.0467974],[0.0563447,0.0408486,0.997575]],"s":0.897533,"t":[-41.9603,108.195,-167.681],"timestamp":521158489012},false],[6,{"currentFrameRate":108.418,"devices":[],"gestures":[],"hands":[{"armBasis":[[0.862187,0.42427,-0.276821],[-0.18215,0.769525,0.612089],[0.472711,-0.477312,0.740755]],"armWidth":63.7005,"confidence":0.791439,"direction":[-0.240177,0.650089,-0.720902],"elbow":[192.959,132.979,270.428],"grabStrength":0,"id":369,"palmNormal":[0.158309,-0.706466,-0.689814],"palmPosition":[45.7856,291.724,29.0984],"palmVelocity":[44.3322,-21.5018,-167.826],"palmWidth":90.9622,"pinchStrength":0.46432,"r":[[0.992442,-0.111799,-0.0505964],[0.109363,0.992813,-0.0485978],[0.055666,0.0426971,0.997536]],"s":0.89708,"sphereCenter":[44.3912,271.049,-14.054],"sphereRadius":46.8133,"stabilizedPalmPosition":[39.2512,285.238,103.768],"t":[-41.5427,107.949,-168.993],"timeVisible":0.677779,"type":"right","wrist":[65.3658,261.813,70.4856]}],"id":4090115,"interactionBox":{"center":[0,200,0],"size":[235.247,235.247,147.751]},"pointables":[{"bases":[[[0.196927,0.871328,0.449452],[-0.747844,-0.162949,0.643566],[0.633995,-0.462856,0.619528]],[[-0.0319112,0.977112,0.21032],[-0.763802,-0.159563,0.625417],[0.644661,-0.140685,0.751412]],[[-0.0319112,0.977112,0.21032],[-0.94125,-0.10016,0.322515],[0.336198,-0.187672,0.922903]],[[-0.0319112,0.977112,0.21032],[-0.833374,0.0901584,-0.545307],[-0.551788,-0.192676,0.811422]]],"btipPosition":[9.88226,261.913,-20.5323],"carpPosition":[40.6019,243.988,67.4066],"dipPosition":[-3.02762,257.405,-1.54789],"direction":[-0.336198,0.187672,-0.922903],"extended":true,"handId":369,"id":3690,"length":52.1005,"mcpPosition":[40.6019,243.988,67.4066],"pipPosition":[8.43177,251.008,29.9094],"stabilizedTipPosition":[0.138248,258.305,69.2845],"timeVisible":0.677779,"tipPosition":[6.86375,261.507,-15.5585],"tipVelocity":[37.8729,-27.7839,-179.104],"tool":false,"touchDistance":-0.558311,"touchZone":"hovering","type":0,"width":20.2438},{"bases":[[[0.903811,0.384982,-0.186855],[-0.215534,0.786747,0.578424],[0.36969,-0.482513,0.794047]],[[0.914301,0.370612,-0.163401],[-0.314248,0.903603,0.291117],[0.255541,-0.21482,0.94263]],[[0.914301,0.370612,-0.163401],[-0.352798,0.926876,0.128197],[0.198964,-0.0595637,0.978195]],[[0.914301,0.370612,-0.163401],[-0.374305,0.927265,0.00873963],[0.154755,0.0531709,0.986521]]],"btipPosition":[-2.95554,312.252,-66.7307],"carpPosition":[42.6602,267.008,72.6408],"dipPosition":[-0.312275,313.161,-49.8805],"direction":[-0.198964,0.0595637,-0.978195],"extended":true,"handId":369,"id":3691,"length":58.7895,"mcpPosition":[15.4706,302.495,14.2409],"pipPosition":[4.49528,311.721,-26.2444],"stabilizedTipPosition":[-17.769,313.677,22.1655],"timeVisible":0.677779,"tipPosition":[-2.94219,313.016,-62.372],"tipVelocity":[57.5595,-38.8336,-178.32],"tool":false,"touchDistance":-0.564773,"touchZone":"hovering","type":1,"width":19.3369},{"bases":[[[0.96886,0.176453,-0.173709],[-0.0514623,0.829722,0.5558],[0.242203,-0.529553,0.812965]],[[0.966714,0.181058,-0.180782],[-0.255165,0.7343,-0.629043],[0.018855,0.654234,0.756057]],[[0.966714,0.181058,-0.180782],[-0.0523283,-0.551722,-0.832385],[-0.250452,0.814138,-0.523883]],[[0.966714,0.181058,-0.180782],[0.113742,-0.937022,-0.33023],[-0.229188,0.298676,-0.926426]]],"btipPosition":[46.7055,249.973,10.0463],"carpPosition":[53.0815,273.319,70.8822],"dipPosition":[42.3999,255.584,-7.35777],"direction":[0.250452,-0.814138,0.523883],"extended":false,"handId":369,"id":3692,"length":66.986,"mcpPosition":[36.1887,310.253,14.1806],"pipPosition":[35.2801,278.728,-22.2506],"stabilizedTipPosition":[38.527,251.523,63.6136],"timeVisible":0.677779,"tipPosition":[45.7006,250.982,5.94461],"tipVelocity":[40.3927,-23.0096,-174.629],"tool":false,"touchDistance":0.333333,"touchZone":"none","type":2,"width":18.9914},{"bases":[[[0.995046,0.0335487,-0.0935823],[0.025637,0.822904,0.567601],[0.0960516,-0.567188,0.817968]],[[0.996424,0.0246921,-0.0808043],[-0.0738492,0.719174,-0.690895],[0.0410526,0.694392,0.718425]],[[0.996424,0.0246921,-0.0808043],[-0.0498295,-0.600601,-0.797995],[-0.0682353,0.799168,-0.597223]],[[0.996424,0.0246921,-0.0808043],[0.000921757,-0.959465,-0.281826],[-0.0844877,0.280744,-0.956057]]],"btipPosition":[60.2963,253.783,19.6785],"carpPosition":[64.6771,276.656,68.5928],"dipPosition":[58.7183,259.026,1.82097],"direction":[0.0682353,-0.799168,0.597223],"extended":false,"handId":369,"id":3693,"length":64.4088,"mcpPosition":[58.6622,312.174,17.3709],"pipPosition":[56.8286,281.158,-14.7182],"stabilizedTipPosition":[54.219,250.705,89.986],"timeVisible":0.677779,"tipPosition":[59.9271,255.118,16.1534],"tipVelocity":[42.7766,-25.5674,-179.131],"tool":false,"touchDistance":0.333333,"touchZone":"none","type":3,"width":18.0715},{"bases":[[[0.98147,-0.168755,-0.0907716],[0.188475,0.76474,0.616157],[-0.0345625,-0.621847,0.782376]],[[0.979373,-0.192892,-0.0601721],[0.101081,0.725559,-0.680695],[0.174959,0.660573,0.730091]],[[0.979373,-0.192892,-0.0601721],[-0.162111,-0.572337,-0.803835],[0.120615,0.797009,-0.591801]],[[0.979373,-0.192892,-0.0601721],[-0.202047,-0.931541,-0.302339],[0.0022661,0.30826,-0.951299]]],"btipPosition":[71.2211,264.982,21.1352],"carpPosition":[77.7995,273.181,64.3314],"dipPosition":[71.2601,270.294,4.7429],"direction":[-0.120615,-0.797009,0.591801],"extended":false,"handId":369,"id":3694,"length":50.4953,"mcpPosition":[79.803,309.228,18.9791],"pipPosition":[73.6185,285.878,-6.82849],"stabilizedTipPosition":[67.1112,262.78,88.218],"timeVisible":0.677779,"tipPosition":[71.7132,266.324,17.3466],"tipVelocity":[37.5981,-26.9786,-162.872],"tool":false,"touchDistance":0.333333,"touchZone":"none","type":4,"width"