{"sensorType":"Leap","data":[[0,{"currentFrameRate":107.812,"devices":[],"gestures":[],"hands":[{"armBasis":[[0.838573,0.505003,-0.204371],[-0.264085,0.704925,0.658286],[0.476503,-0.498049,0.724494]],"armWidth":63.7005,"confidence":0.741655,"direction":[-0.190569,0.589249,-0.785156],"elbow":[178.012,148.061,285.017],"grabStrength":0,"id":378,"palmNormal":[0.274193,-0.736031,-0.618932],"palmPosition":[33.1088,308.585,44.2425],"palmVelocity":[29.4844,-45.6391,-208.331],"palmWidth":90.9622,"pinchStrength":0.46775,"r":[[0.949045,0.314042,-0.026286],[-0.3088,0.943358,0.121318],[0.062896,-0.107019,0.992266]],"s":1.04125,"sphereCenter":[40.4653,285.524,1.7351],"sphereRadius":47.7245,"stabilizedPalmPosition":[42.7202,313.331,106.72],"t":[-100.444,54.952,-127.474],"timeVisible":0.533229,"type":"right","wrist":[49.3952,282.493,89.4633]}],"id":4093361,"interactionBox":{"center":[0,200,0],"size":[235.247,235.247,147.751]},"pointables":[{"bases":[[[0.0968696,0.9074,0.408952],[-0.806853,-0.168984,0.566069],[0.582757,-0.384799,0.715768]],[[-0.0918892,0.982452,0.162308],[-0.789723,-0.171186,0.589095],[0.606542,-0.0740467,0.791596]],[[-0.0918892,0.982452,0.162308],[-0.949077,-0.135737,0.284305],[0.301347,-0.127918,0.944895]],[[-0.0918892,0.982452,0.162308],[-0.751559,0.0385019,-0.658542],[-0.653235,-0.182497,0.734833]]],"btipPosition":[0.887915,275.358,-4.04218],"carpPosition":[26.1439,263.034,84.8597],"dipPosition":[-14.3955,271.089,13.1503],"direction":[-0.301347,0.127918,-0.944895],"extended":false,"handId":378,"id":3780,"length":52.1005,"mcpPosition":[26.1439,263.034,84.8597],"pipPosition":[-4.12399,266.729,45.3572],"stabilizedTipPosition":[4.93167,278.166,60.7154],"timeVisible":0.533229,"tipPosition":[-2.52998,274.003,-0.313533],"tipVelocity":[24.3357,-56.5604,-203.293],"tool":false,"touchDistance":-0.575297,"touchZone":"hovering","type":0,"width":20.2438},{"bases":[[[0.897225,0.427438,-0.110828],[-0.322504,0.805757,0.496737],[0.301625,-0.409942,0.860796]],[[0.923096,0.383861,-0.0233445],[-0.372022,0.90671,0.198686],[0.0974346,-0.174722,0.979785]],[[0.923096,0.383861,-0.0233445],[-0.381356,0.921525,0.073203],[0.0496123,-0.0586708,0.997044]],[[0.923096,0.383861,-0.0233445],[-0.384288,0.923042,-0.0177785],[0.0147235,0.0253823,0.999569]]],"btipPosition":[-1.47296,325.049,-57.8237],"carpPosition":[26.3457,286.411,88.731],"dipPosition":[-1.22148,325.483,-40.7507],"direction":[-0.0496123,0.0586708,-0.997044],"extended":true,"handId":378,"id":3781,"length":58.7895,"mcpPosition":[4.16205,316.561,25.4219],"pipPosition":[-0.0226953,324.065,-16.6591],"stabilizedTipPosition":[1.47019,328.936,11.689],"timeVisible":0.533229,"tipPosition":[-1.2618,324.102,-53.9387],"tipVelocity":[49.1042,-61.5703,-218.114],"tool":false,"touchDistance":-0.600775,"touchZone":"hovering","type":1,"width":19.3369},{"bases":[[[0.971472,0.224457,-0.0765593],[-0.159474,0.857224,0.489627],[0.175529,-0.463449,0.868565]],[[0.969056,0.230589,-0.0880815],[-0.231054,0.721809,-0.652385],[-0.0868549,0.65255,0.752752]],[[0.969056,0.230589,-0.0880815],[0.0638597,-0.578888,-0.812902],[-0.238436,0.782123,-0.575701]],[[0.969056,0.230589,-0.0880815],[0.203575,-0.948394,-0.243116],[-0.139596,0.217662,-0.96599]]],"btipPosition":[37.8881,267.786,25.3817],"carpPosition":[36.5449,293.229,87.7198],"dipPosition":[35.2657,271.875,7.23435],"direction":[0.238436,-0.782123,0.575701],"extended":false,"handId":378,"id":3782,"length":66.986,"mcpPosition":[24.3023,325.553,27.1403],"pipPosition":[28.4875,294.109,-9.13151],"stabilizedTipPosition":[48.3072,273.026,84.3524],"timeVisible":0.533229,"tipPosition":[37.2106,268.641,21.2651],"tipVelocity":[13.977,-55.124,-197.384],"tool":false,"touchDistance":0.333333,"touchZone":"none","type":2,"width":18.9914},{"bases":[[[0.995953,0.0885461,0.0154008],[-0.0839826,0.85586,0.510344],[0.0320081,-0.509572,0.859832]],[[0.993979,0.108126,-0.0177603],[-0.0901213,0.714503,-0.693804],[-0.0623286,0.691227,0.719945]],[[0.993979,0.108126,-0.0177603],[0.054356,-0.62729,-0.776887],[-0.0951426,0.771243,-0.62939]],[[0.993979,0.108126,-0.0177603],[0.102284,-0.973705,-0.203558],[-0.0393033,0.200516,-0.978902]]],"btipPosition":[52.2783,273.055,36.2263],"carpPosition":[48.1298,297.123,86.5126],"dipPosition":[51.5442,276.801,17.9421],"direction":[0.0951426,-0.771243,0.62939],"extended":false,"handId":378,"id":3783,"length":64.4088,"mcpPosition":[46.1254,329.033,32.6691],"pipPosition":[48.9094,298.159,0.512089],"stabilizedTipPosition":[62.6762,279.135,89.4113],"timeVisible":0.533229,"tipPosition":[52.1127,273.931,31.669],"tipVelocity":[15.298,-60.482,-188.16],"tool":false,"touchDistance":0.333333,"touchZone":"none","type":3,"width":18.0715},{"bases":[[[0.993058,-0.113665,0.0302767],[0.0751068,0.810809,0.580473],[-0.0905278,-0.574169,0.813717]],[[0.996695,-0.0791027,-0.0184702],[0.0471111,0.748143,-0.661863],[0.0661735,0.658806,0.749397]],[[0.996695,-0.0791027,-0.0184702],[-0.0622128,-0.597152,-0.799711],[0.0522298,0.798218,-0.6001]],[[0.996695,-0.0791027,-0.0184702],[-0.0812026,-0.964301,-0.25205],[0.00212694,0.252716,-0.967538]]],"btipPosition":[63.673,284.238,38.724],"carpPosition":[61.8223,294.205,83.9773],"dipPosition":[63.7096,288.593,22.0519],"direction":[-0.0522298,-0.798218,0.6001],"extended":false,"handId":378,"id":3784,"length":50.4953,"mcpPosition":[67.07,327.488,36.8082],"pipPosition":[64.7309,304.2,10.3182],"stabilizedTipPosition":[73.7323,291.422,92.536],"timeVisible":0.533229,"tipPosition":[63.5824,285.326,34.447],"tipVelocity":[23.325,-66.7781,-185.724],"tool":false,"touchDistance":0.333333,"touchZone":"none","type":4,"width":16.0525}],"r":[[0.949045,0.314042,-0.026286],[-0.3088,0.943358,0.121318],[0.062896,-0.107019,0.992266]],"s":1.04125,"t":[-100.444,54.952,-127.474],"timestamp":521195835078},false],[1,{"currentFrameRate":107.784,"devices":[],"gestures":[],"hands":[{"armBasis":[[0.842928,0.49733,-0.205268],[-0.259775,0.710309,0.6542],[0.471157,-0.49812,0.727934]],"armWidth":63.7005,"confidence":0.752655,"direction":[-0.18908,0.584929,-0.788737],"elbow":[176.731,147.692,284.253],"grabStrength":0,"id":378,"palmNormal":[0.269849,-0.74135,-0.614477],"palmPosition":[33.3207,308.011,42.4035],"palmVelocity":[27.5695,-50.1336,-205.155],"palmWidth":90.9622,"pinchStrength":0.469766,"r":[[0.950312,0.31016,-0.0266059],[-0.305135,0.945011,0.117673],[0.0616403,-0.103708,0.992696]],"s":1.04117,"sphereCenter":[40.7487,284.664,0.0179022],"sphereRadius":47.7373,"stabilizedPalmPosition":[42.7178,313.33,106.704],"t":[-100.188,54.4399,-129.288],"timeVisible":0.542559,"type":"right","wrist":[49.5574,282.143,87.7707]}],"id":4093362,"interactionBox":{"center":[0,200,0],"size":[235.247,235.247,147.751]},"pointables":[{"bases":[[[0.101669,0.909621,0.402806],[-0.80674,-0.161533,0.568399],[0.582095,-0.382748,0.717405]],[[-0.088843,0.984134,0.153583],[-0.792113,-0.163291,0.588126],[0.603874,-0.0694046,0.794053]],[[-0.088843,0.984134,0.153583],[-0.949089,-0.130427,0.286737],[0.302219,-0.12029,0.945618]],[[-0.088843,0.984134,0.153583],[-0.753052,0.0345574,-0.657053],[-0.651936,-0.174031,0.738033]]],"btipPosition":[1.02698,274.396,-5.793],"carpPosition":[26.2099,262.761,83.331],"dipPosition":[-14.226,270.324,11.4744],"direction":[-0.302219,0.12029,-0.945618],"extended":false,"handId":378,"id":3780,"length":52.1005,"mcpPosition":[26.2099,262.761,83.331],"pipPosition":[-3.92482,266.224,43.7059],"stabilizedTipPosition":[4.93024,278.165,60.7033],"timeVisible":0.542559,"tipPosition":[-2.45096,273.201,-1.95825],"tipVelocity":[21.8784,-68.3643,-198.343],"tool":false,"touchDistance":-0.572104,"touchZone":"hovering","type":0,"width":20.2438},{"bases":[[[0.899005,0.422565,-0.115013],[-0.31803,0.81049,0.491897],[0.301076,-0.405641,0.863023]],[[0.924888,0.379283,-0.0269637],[-0.367435,0.909738,0.19331],[0.0978491,-0.168883,0.980767]],[[0.924888,0.379283,-0.0269637],[-0.376892,0.923826,0.0670698],[0.0503482,-0.0518697,0.997384]],[[0.924888,0.379283,-0.0269637],[-0.379917,0.924699,-0.0244046],[0.015677,0.0328154,0.999338]]],"btipPosition":[-1.30512,323.942,-59.7174],"carpPosition":[26.525,286.162,87.0476],"dipPosition":[-1.03735,324.503,-42.6483],"direction":[-0.0503482,0.0518697,-0.997384],"extended":true,"handId":378,"id":3781,"length":58.7895,"mcpPosition":[4.38176,315.996,23.5748],"pipPosition":[0.179213,323.249,-18.5485],"stabilizedTipPosition":[1.46886,328.933,11.6559],"timeVisible":0.542559,"tipPosition":[-1.11311,323.058,-55.825],"tipVelocity":[40.4102,-76.848,-213.852],"tool":false,"touchDistance":-0.597449,"touchZone":"hovering","type":1,"width":19.3369},{"bases":[[[0.972372,0.219475,-0.0795183],[-0.154776,0.861159,0.4842],[0.174748,-0.458515,0.871337]],[[0.969948,0.225588,-0.0911648],[-0.228845,0.718546,-0.656751],[-0.082649,0.657877,0.748577]],[[0.969948,0.225588,-0.0911648],[0.0598983,-0.584537,-0.809153],[-0.235824,0.779376,-0.580483]],[[0.969948,0.225588,-0.0911648],[0.198871,-0.950905,-0.237129],[-0.140182,0.211872,-0.967191]]],"btipPosition":[37.8857,267.07,23.8041],"carpPosition":[36.7538,292.926,85.976],"dipPosition":[35.2522,271.05,5.63424],"direction":[0.235824,-0.779376,0.580483],"extended":false,"handId":378,"id":3782,"length":66.986,"mcpPosition":[24.5657,324.906,25.2031],"pipPosition":[28.5482,293.206,-10.8676],"stabilizedTipPosition":[48.3047,273.025,84.338],"timeVisible":0.542559,"tipPosition":[37.2052,267.9,19.683],"tipVelocity":[9.86902,-62.0196,-189.53],"tool":false,"touchDistance":0.333333,"touchZone":"none","type":2,"width":18.9914},{"bases":[[[0.996372,0.0840623,0.0132995],[-0.0792598,0.859584,0.504811],[0.0310035,-0.504033,0.863128]],[[0.99443,0.103471,-0.0200548],[-0.0881717,0.712463,-0.696148],[-0.057743,0.694039,0.717618]],[[0.99443,0.103471,-0.0200548],[0.0498626,-0.629502,-0.775398],[-0.0928559,0.770079,-0.631155]],[[0.99443,0.103471,-0.0200548],[0.0973869,-0.974828,-0.200565],[-0.0403027,0.197495,-0.979475]]],"btipPosition":[52.3166,272.308,34.3963],"carpPosition":[48.3546,296.76,84.7253],"dipPosition":[51.5638,275.996,16.1014],"direction":[0.0928559,-0.770079,0.631155],"extended":false,"handId":378,"id":3783,"length":64.4088,"mcpPosition":[46.4131,328.323,30.6756],"pipPosition":[48.9923,297.323,-1.37755],"stabilizedTipPosition":[62.6719,279.132,89.3872],"timeVisible":0.542559,"tipPosition":[52.1456,273.177,29.9305],"tipVelocity":[11.998,-66.4415,-190.496],"tool":false,"touchDistance":0.333333,"touchZone":"none","type":3,"width":18.0715},{"bases":[[[0.992571,-0.11803,0.0295144],[0.0797298,0.814264,0.574993],[-0.0918992,-0.568368,0.817626]],[[0.996295,-0.0837547,-0.0195409],[0.0494134,0.743412,-0.667006],[0.0703919,0.663569,0.744796]],[[0.996295,-0.0837547,-0.0195409],[-0.0662306,-0.602222,-0.795577],[0.0548654,0.793923,-0.605538]],[[0.996295,-0.0837547,-0.0195409],[-0.0859874,-0.965567,-0.245532],[0.00169648,0.246303,-0.969191]]],"btipPosition":[63.7666,283.484,37.0061],"carpPosition":[62.0297,293.761,82.1886],"dipPosition":[63.7958,287.728,20.3055],"direction":[-0.0548654,-0.793923,0.605538],"extended":false,"handId":378,"id":3784,"length":50.4953,"mcpPosition":[67.3568,326.708,34.7929],"pipPosition":[64.8686,303.252,8.46552],"stabilizedTipPosition":[73.7257,291.417,92.4967],"timeVisible":0.542559,"tipPosition":[63.6748,284.545,32.7262],"tipVelocity":[19.5101,-71.5151,-185.47],"tool":false,"touchDistance":0.333333,"touchZone":"none","type":4,"width":16.0525}],"r":[[0.950312,0.31016,-0.0266059],[-0.305135,0.945011,0.117673],[0.0616403,-0.103708,0.992696]],"s":1.04117,"t":[-100.188,54.4399,-129.288],"timestamp":521195844408},false],[2,{"currentFrameRate":108.028,"devices":[],"gestures":[],"hands":[{"armBasis":[[0.847791,0.489776,-0.203397],[-0.25671,0.714598,0.65073],[0.464059,-0.499469,0.73156]],"armWidth":63.7005,"confidence":0.763528,"direction":[-0.187788,0.581687,-0.791439],"elbow":[174.971,146.965,284.066],"grabStrength":0,"id":378,"palmNormal":[0.266661,-0.745317,-0.611061],"palmPosition":[33.5242,307.481,41.1263],"palmVelocity":[26.3583,-52.8249,-188.897],"palmWidth":90.9622,"pinchStrength":0.471949,"r":[[0.951524,0.306356,-0.0273355],[-0.301511,0.946638,0.113878],[0.0607641,-0.100116,0.993119]],"s":1.04067,"sphereCenter":[41.1231,283.912,-1.19001],"sphereRadius":47.7526,"stabilizedPalmPosition":[42.7156,313.328,106.688],"t":[-99.958,53.9189,-130.833],"timeVisible":0.551374,"type":"right","wrist":[49.7137,281.781,86.6054]}],"id":4093363,"interactionBox":{"center":[0,200,0],"size":[235.247,235.247,147.751]},"pointables":[{"bases":[[[0.105241,0.911237,0.398211],[-0.806754,-0.155895,0.569951],[0.581439,-0.381241,0.718738]],[[-0.0876094,0.985466,0.145538],[-0.794589,-0.157247,0.586432],[0.600794,-0.064266,0.796817]],[[-0.0876094,0.985466,0.145538],[-0.949371,-0.126847,0.287411],[0.301695,-0.11299,0.946685]],[[-0.0876094,0.985466,0.145538],[-0.755435,0.029509,-0.654559],[-0.64934,-0.16729,0.74187]]],"btipPosition":[1.22213,273.431,-7.10454],"carpPosition":[26.2942,262.459,82.2836],"dipPosition":[-13.9701,269.517,10.2526],"direction":[-0.301695,0.11299,-0.946685],"extended":false,"handId":378,"id":3780,"length":52.1005,"mcpPosition":[26.2942,262.459,82.2836],"pipPosition":[-3.68679,265.666,42.5205],"stabilizedTipPosition":[4.92838,278.164,60.6869],"timeVisible":0.551374,"tipPosition":[-2.30517,272.414,-3.15165],"tipVelocity":[22.3758,-78.3444,-184.342],"tool":false,"touchDistance":-0.562591,"touchZone":"hovering","type":0,"width":20.2438},{"bases":[[[0.900369,0.418837,-0.117947],[-0.314717,0.814019,0.488187],[0.300482,-0.402428,0.864732]],[[0.926283,0.375688,-0.0292923],[-0.363935,0.912044,0.189018],[0.0977274,-0.164423,0.981537]],[[0.926283,0.375688,-0.0292923],[-0.373446,0.925583,0.0619164],[0.0503737,-0.0464131,0.997651]],[[0.926283,0.375688,-0.0292923],[-0.376497,0.925928,-0.0301303],[0.0158029,0.0389377,0.999117]]],"btipPosition":[-1.08914,322.993,-61.0423],"carpPosition":[26.6949,285.877,85.8842],"dipPosition":[-0.819219,323.658,-43.977],"direction":[-0.0503737,0.0464131,-0.997651],"extended":true,"handId":378,"id":3781,"length":58.7895,"mcpPosition":[4.59528,315.475,22.2856],"pipPosition":[0.397961,322.536,-19.8707],"stabilizedTipPosition":[1.46739,328.93,11.6155],"timeVisible":0.551374,"tipPosition":[-0.924286,322.179,-57.1433],"tipVelocity":[36.1335,-84.4373,-196.733],"tool":false,"touchDistance":-0.585923,"touchZone":"hovering","type":1,"width":19.3369},{"bases":[[[0.973058,0.215669,-0.0815187],[-0.151295,0.864077,0.480085],[0.173978,-0.454817,0.873426]],[[0.970598,0.221843,-0.0934074],[-0.227216,0.716321,-0.65974],[-0.0794492,0.661566,0.745666]],[[0.970598,0.221843,-0.0934074],[0.0569055,-0.588534,-0.806467],[-0.233883,0.77744,-0.583854]],[[0.970598,0.221843,-0.0934074],[0.195368,-0.95273,-0.232672],[-0.140609,0.207582,-0.968059]]],"btipPosition":[37.9305,266.443,22.7043],"carpPosition":[36.9463,292.6,84.7695],"dipPosition":[35.289,270.343,4.51809],"direction":[0.233883,-0.77744,0.583854],"extended":false,"handId":378,"id":3782,"length":66.986,"mcpPosition":[24.8119,324.322,23.8509],"pipPosition":[28.6402,292.444,-12.0795],"stabilizedTipPosition":[48.3021,273.023,84.3221],"timeVisible":0.551374,"tipPosition":[37.2487,267.253,18.5867],"tipVelocity":[8.5211,-65.0302,-172.174],"tool":false,"touchDistance":0.333333,"touchZone":"none","type":2,"width":18.9914},{"bases":[[[0.996672,0.0806324,0.0119443],[-0.0757642,0.862338,0.500632],[0.0300671,-0.499871,0.865578]],[[0.994766,0.0998859,-0.0215084],[-0.0866319,0.71293,-0.695864],[-0.0541731,0.694085,0.717852]],[[0.994766,0.0998859,-0.0215084],[0.0463258,-0.628541,-0.776396],[-0.0910699,0.771336,-0.629879]],[[0.994766,0.0998859,-0.0215084],[0.0935764,-0.97516,-0.200764],[-0.0410276,0.197701,-0.979403]]],"btipPosition":[52.3844,271.633,32.9594],"carpPosition":[48.5592,296.386,83.489],"dipPosition":[51.6181,275.325,14.6658],"direction":[0.0910699,-0.771336,0.629879],"extended":false,"handId":378,"id":3783,"length":64.4088,"mcpPosition":[46.6764,327.688,29.2858],"pipPosition":[49.0961,296.686,-2.77775],"stabilizedTipPosition":[62.6676,279.13,89.3624],"timeVisible":0.551374,"tipPosition":[52.2114,272.51,28.6289],"tipVelocity":[10.7425,-69.1416,-183.07],"tool":false,"touchDistance":0.333333,"touchZone":"none","type":3,"width":18.0715},{"bases":[[[0.99218,-0.121363,0.029161],[0.0831331,0.816809,0.570887],[-0.0931038,-0.563999,0.82051]],[[0.995993,-0.0870614,-0.0204724],[0.051199,0.742719,-0.667643],[0.0733312,0.663919,0.7442]],[[0.995993,-0.0870614,-0.0204724],[-0.0689653,-0.601888,-0.795597],[0.0569437,0.793821,-0.60548]],[[0.995993,-0.0870614,-0.0204724],[-0.0894232,-0.965531,-0.244444],[0.00151487,0.245295,-0.969447]]],"btipPosition":[63.8866,282.804,35.6289],"carpPosition":[62.2212,293.327,80.9542],"dipPosition":[63.9127,287.031,18.9238],"direction":[-0.0569437,-0.793821,0.60548],"extended":false,"handId":378,"id":3784,"length":50.4953,"mcpPosition":[67.6182,326.021,33.3913],"pipPosition":[65.0261,302.552,7.08498],"stabilizedTipPosition":[73.7191,291.412,92.4556],"timeVisible":0.551374,"tipPosition":[63.7969,283.857,31.4444],"tipVelocity":[17.8968,-73.1596,-177.616],"tool":false,"touchDistance":0.333333,"touchZone":"none","type":4,"width":16.0525}],"r":[[0.951524,0.306356,-0.0273355],[-0.301511,0.946638,0.113878],[0.0607641,-0.100116,0.993119]],"s":1.04067,"t":[-99.958,53.9189,-130.833],"timestamp":521195853223},false],[3,{"currentFrameRate":108.15,"devices":[],"gestures":[],"hands":[{"armBasis":[[0.848674,0.487957,-0.204085],[-0.255763,0.716348,0.649177],[0.462967,-0.498742,0.732747]],"armWidth":63.7005,"confidence":0.778009,"direction":[-0.186557,0.581211,-0.79208],"elbow":[174.697,146.55,282.572],"grabStrength":0,"id":378,"palmNormal":[0.26545,-0.746426,-0.610233],"palmPosition":[33.6015,306.851,39.2819],"palmVelocity":[21.4615,-57.4816,-193.153],"palmWidth":90.9622,"pinchStrength":0.476559,"r":[[0.952595,0.302957,-0.0279268],[-0.298268,0.948049,0.11063],[0.0599922,-0.0970561,0.993469]],"s":1.03948,"sphereCenter":[41.4381,283.194,-3.06558],"sphereRadius":47.763,"stabilizedPalmPosition":[42.7134,313.327,106.672],"t":[-99.8044,53.3437,-132.528],"timeVisible":0.560399,"type":"right","wrist":[49.7343,281.169,84.7911]}],"id":4093364,"interactionBox":{"center":[0,200,0],"size":[235.247,235.247,147.751]},"pointables":[{"bases":[[[0.1068,0.911454,0.397297],[-0.807163,-0.153849,0.569928],[0.580587,-0.381552,0.719262]],[[-0.0857462,0.985759,0.144661],[-0.796301,-0.15507,0.584686],[0.598792,-0.0650593,0.798258]],[[-0.0857462,0.985759,0.144661],[-0.950139,-0.124597,0.285851],[0.299804,-0.112938,0.947292]],[[-0.0857462,0.985759,0.144661],[-0.755778,0.0302529,-0.654129],[-0.64919,-0.165421,0.74242]]],"btipPosition":[1.36958,272.851,-9.00972],"carpPosition":[26.2808,261.885,80.4839],"dipPosition":[-13.8192,268.981,8.36029],"direction":[-0.299804,0.112938,-0.947292],"extended":false,"handId":378,"id":3780,"length":52.1005,"mcpPosition":[26.2808,261.885,80.4839],"pipPosition":[-3.60029,265.132,40.6489],"stabilizedTipPosition":[4.92617,278.162,60.6662],"timeVisible":0.560399,"tipPosition":[-2.20116,271.835,-5.01859],"tipVelocity":[20.7387,-74.1575,-191.616],"tool":false,"touchDistance":-0.563198,"touchZone":"hovering","type":0,"width":20.2438},{"bases":[[[0.901151,0.417087,-0.118174],[-0.313354,0.815089,0.487278],[0.299559,-0.402081,0.865214]],[[0.927132,0.373629,-0.0287737],[-0.362205,0.913175,0.186866],[0.0960941,-0.162828,0.981964]],[[0.927132,0.373629,-0.0287737],[-0.371585,0.926559,0.0584197],[0.0484878,-0.0434709,0.997877]],[[0.927132,0.373629,-0.0287737],[-0.374483,0.926591,-0.034533],[0.0137588,0.0427919,0.998989]]],"btipPosition":[-0.842439,322.191,-62.923],"carpPosition":[26.7231,285.306,84.0605],"dipPosition":[-0.607433,322.922,-45.8599],"direction":[-0.0484878,0.0434709,-0.997877],"extended":true,"handId":378,"id":3781,"length":58.7895,"mcpPosition":[4.69135,314.878,20.4265],"pipPosition":[0.564178,321.871,-21.7482],"stabilizedTipPosition":[1.46577,328.925,11.5648],"timeVisible":0.560399,"tipPosition":[-0.735238,321.492,-59.016],"tipVelocity":[33.4671,-85.1935,-199.958],"tool":false,"touchDistance":-0.583884,"touchZone":"hovering","type":1,"width":19.3369},{"bases":[[[0.973465,0.213824,-0.0815195],[-0.14984,0.864843,0.479161],[0.172958,-0.454232,0.873933]],[[0.970888,0.220308,-0.0940277],[-0.226726,0.718565,-0.657465],[-0.0772799,0.659643,0.747595]],[[0.970888,0.220308,-0.0940277],[0.0548273,-0.586512,-0.808083],[-0.233175,0.779402,-0.581516]],[[0.970888,0.220308,-0.0940277],[0.193557,-0.95281,-0.233857],[-0.141111,0.208849,-0.967714]]],"btipPosition":[37.9269,265.825,20.6747],"carpPosition":[36.9868,292.009,82.9412],"dipPosition":[35.276,269.748,2.49502],"direction":[0.233175,-0.779402,0.581516],"extended":false,"handId":378,"id":3782,"length":66.986,"mcpPosition":[24.9236,323.69,21.9872],"pipPosition":[28.6474,291.905,-14.0362],"stabilizedTipPosition":[48.2992,273.022,84.3044],"timeVisible":0.560399,"tipPosition":[37.2524,266.631,16.639],"tipVelocity":[6.00218,-65.825,-186.635],"tool":false,"touchDistance":0.333333,"touchZone":"none","type":2,"width":18.9914},{"bases":[[[0.996814,0.0788419,0.0120878],[-0.0743171,0.862989,0.499728],[0.0289678,-0.499034,0.866098]],[[0.994951,0.0980557,-0.0213697],[-0.0854833,0.7165,-0.69233],[-0.0525755,0.690662,0.721264]],[[0.994951,0.0980557,-0.0213697],[0.0447023,-0.623665,-0.780413],[-0.0898514,0.775518,-0.624899]],[[0.994951,0.0980557,-0.0213697],[0.0916143,-0.974369,-0.205457],[-0.0409682,0.202462,-0.978433]]],"btipPosition":[52.3947,270.915,30.7888],"carpPosition":[48.6069,295.773,81.6594],"dipPosition":[51.6295,274.697,12.5133],"direction":[0.0898514,-0.775518,0.624899],"extended":false,"handId":378,"id":3783,"length":64.4088,"mcpPosition":[46.7929,327.023,27.4236],"pipPosition":[49.1412,296.174,-4.79234],"stabilizedTipPosition":[62.6632,279.127,89.336],"timeVisible":0.560399,"tipPosition":[52.2235,271.823,26.6043],"tipVelocity":[8.10784,-71.3623,-198.752],"tool":false,"touchDistance":0.333333,"touchZone":"none","type":3,"width":18.0715},{"bases":[[[0.991952,-0.123127,0.0295113],[0.0844817,0.817244,0.570066],[-0.0943087,-0.562984,0.821069]],[[0.995847,-0.0887259,-0.020384],[0.0526717,0.744168,-0.665913],[0.0742528,0.662074,0.745751]],[[0.995847,-0.0887259,-0.020384],[-0.069668,-0.598609,-0.798006],[0.0586018,0.796112,-0.602305]],[[0.995847,-0.0887259,-0.020384],[-0.0910076,-0.964529,-0.247794],[0.0023248,0.24862,-0.968598]]],"btipPosition":[63.9201,282.068,33.6417],"carpPosition":[62.2639,292.687,79.1309],"dipPosition":[63.9602,286.352,16.9512],"direction":[-0.0586018,-0.796112,0.602305],"extended":false,"handId":378,"id":3784,"length":50.4953,"mcpPosition":[67.7308,325.322,31.5356],"pipPosition":[65.106,301.918,5.17447],"stabilizedTipPosition":[73.7121,291.406,92.4109],"timeVisible":0.560399,"tipPosition":[63.8397,283.142,29.5447],"tipVelocity":[14.093,-75.0664,-189.231],"tool":false,"touchDistance":0.333333,"touchZone":"none","type":4,"width":16.0525}],"r":[[0.952595,0.302957,-0.0279268],[-0.298268,0.948049,0.11063],[0.0599922,-0.0970561,0.993469]],"s":1.03948,"t":[-99.8044,53.3437,-132.528],"timestamp":521195862248},false],[4,{"currentFrameRate":108.216,"devices":[],"gestures":[],"hands":[{"armBasis":[[0.852183,0.481973,-0.203681],[-0.253282,0.720593,0.645441],[0.457857,-0.498446,0.736152]],"armWidth":63.7005,"confidence":0.791186,"direction":[-0.185273,0.581867,-0.7919],"elbow":[173.463,146.067,282.155],"grabStrength":0,"id":378,"palmNormal":[0.261866,-0.747478,-0.610493],"palmPosition":[33.7907,306.347,37.9626],"palmVelocity":[21.2615,-56.8805,-179.683],"palmWidth":90.9622,"pinchStrength":0.481854,"r":[[0.953666,0.299504,-0.0286213],[-0.294917,0.94939,0.108087],[0.0595451,-0.0946375,0.993729]],"s":1.03765,"sphereCenter":[41.7763,282.606,-4.47697],"sphereRadius":47.7798,"stabilizedPalmPosition":[42.7111,313.325,106.655],"t":[-99.633,52.8038,-134.035],"timeVisible":0.56952,"type":"right","wrist":[49.8791,280.606,83.4544]}],"id":4093365,"interactionBox":{"center":[0,200,0],"size":[235.247,235.247,147.751]},"pointables":[{"bases":[[[0.110759,0.911066,0.397103],[-0.807068,-0.150719,0.570898],[0.579977,-0.383722,0.718599]],[[-0.0821391,0.98613,0.144224],[-0.79757,-0.151817,0.58381],[0.597608,-0.067075,0.798978]],[[-0.0821391,0.98613,0.144224],[-0.950796,-0.120914,0.285249],[0.298732,-0.113697,0.94754]],[[-0.0821391,0.98613,0.144224],[-0.758204,0.0320893,-0.651227],[-0.646822,-0.162842,0.745052]]],"btipPosition":[1.47592,272.444,-10.4231],"carpPosition":[26.347,261.412,79.1765],"dipPosition":[-13.6574,268.634,7.00853],"direction":[-0.298732,0.113697,-0.94754],"extended":false,"handId":378,"id":3780,"length":52.1005,"mcpPosition":[26.347,261.412,79.1765],"pipPosition":[-3.4751,264.759,39.3056],"stabilizedTipPosition":[4.92376,278.159,60.643],"timeVisible":0.56952,"tipPosition":[-2.12101,271.459,-6.36923],"tipVelocity":[18.6053,-65.5399,-181.004],"tool":false,"touchDistance":-0.556199,"touchZone":"hovering","type":0,"width":20.2438},{"bases":[[[0.9026,0.413627,-0.119275],[-0.309653,0.816315,0.48759],[0.299046,-0.403165,0.864887]],[[0.928639,0.369819,-0.0293965],[-0.358362,0.914714,0.18675],[0.0959532,-0.162889,0.981968]],[[0.928639,0.369819,-0.0293965],[-0.367787,0.92812,0.057671],[0.0486113,-0.0427438,0.997903]],[[0.928639,0.369819,-0.0293965],[-0.370719,0.928058,-0.0357206],[0.0140715,0.0440693,0.998929]]],"btipPosition":[-0.646988,321.759,-64.2083],"carpPosition":[26.8831,284.831,82.7508],"dipPosition":[-0.406642,322.512,-47.1462],"direction":[-0.0486113,0.0427438,-0.997903],"extended":true,"handId":378,"id":3781,"length":58.7895,"mcpPosition":[4.88907,314.483,19.1409],"pipPosition":[0.767953,321.479,-23.0339],"stabilizedTipPosition":[1.46412,328.92,11.507],"timeVisible":0.56952,"tipPosition":[-0.568909,321.12,-60.2982],"tipVelocity":[30.1613,-74.5353,-183.569],"tool":false,"touchDistance":-0.573112,"touchZone":"hovering","type":1,"width":19.3369},{"bases":[[[0.974178,0.210092,-0.0826916],[-0.145959,0.865442,0.479276],[0.172257,-0.454831,0.87376]],[[0.971488,0.216884,-0.095776],[-0.225749,0.722741,-0.65321],[-0.0724496,0.656207,0.751095]],[[0.971488,0.216884,-0.095776],[0.0501063,-0.582655,-0.811174],[-0.231735,0.783246,-0.576909]],[[0.971488,0.216884,-0.095776],[0.189327,-0.95282,-0.237253],[-0.142714,0.212355,-0.966715]]],"btipPosition":[37.9165,265.342,19.0461],"carpPosition":[37.171,291.495,81.6189],"dipPosition":[35.2354,269.332,0.885182],"direction":[0.231735,-0.783246,0.576909],"extended":false,"handId":378,"id":3782,"length":66.986,"mcpPosition":[25.1567,323.217,20.677],"pipPosition":[28.6477,291.598,-15.515],"stabilizedTipPosition":[48.2963,273.02,84.2861],"timeVisible":0.56952,"tipPosition":[37.2481,266.156,15.115],"tipVelocity":[3.80616,-61.765,-184.26],"tool":false,"touchDistance":0.333333,"touchZone":"none","type":2,"width":18.9914},{"bases":[[[0.997122,0.0750273,0.0108977],[-0.07042,0.863301,0.499753],[0.0280871,-0.499082,0.8661]],[[0.995294,0.0942386,-0.0225466],[-0.0839539,0.722483,-0.686273],[-0.0483839,0.684937,0.726994]],[[0.995294,0.0942386,-0.0225466],[0.0405261,-0.616195,-0.78655],[-0.0880165,0.781935,-0.617115]],[[0.995294,0.0942386,-0.0225466],[0.0873272,-0.973198,-0.212743],[-0.0419909,0.209773,-0.976848]]],"btipPosition":[52.428,270.301,28.9512],"carpPosition":[48.8039,295.214,80.3231],"dipPosition":[51.6437,274.219,10.7053],"direction":[0.0880165,-0.781935,0.617115],"extended":false,"handId":378,"id":3783,"length":64.4088,"mcpPosition":[47.0451,326.467,26.0871],"pipPosition":[49.2062,295.874,-6.38475],"stabilizedTipPosition":[62.6589,279.123,89.3089],"timeVisible":0.56952,"tipPosition":[52.2552,271.246,24.9469],"tipVelocity":[6.73465,-69.2995,-199.299],"tool":false,"touchDistance":0.333333,"touchZone":"none","type":3,"width":18.0715},{"bases":[[[0.991508,-0.126921,0.0283417],[0.0882861,0.816954,0.569905],[-0.0954866,-0.562563,0.821222]],[[0.995511,-0.0919582,-0.022397],[0.0545847,0.751146,-0.657875],[0.0773204,0.653699,0.752794]],[[0.995511,-0.0919582,-0.022397],[-0.0724692,-0.588387,-0.805325],[0.0608782,0.803333,-0.59241]],[[0.995511,-0.0919582,-0.022397],[-0.0946246,-0.96194,-0.256354],[0.00202933,0.257323,-0.966323]]],"btipPosition":[64.0227,281.437,31.7988],"carpPosition":[62.446,292.075,77.7785],"dipPosition":[64.0576,285.871,15.1476],"direction":[-0.0608782,-0.803333,0.59241],"extended":false,"handId":378,"id":3784,"length":50.4953,"mcpPosition":[67.9811,324.686,30.1743],"pipPosition":[65.248,301.579,3.56428],"stabilizedTipPosition":[73.7052,291.4,92.3651],"timeVisible":0.56952,"tipPosition":[63.9444,282.538,27.9094],"tipVelocity":[13.2654,-72.3802,-192.515],"tool":false,"touchDistance":0.333333,"touchZone":"none","type":4,"width":16.0525}],"r":[[0.953666,0.299504,-0.0286213],[-0.294917,0.94939,0.108087],[0.0595451,-0.0946375,0.993729]],"s":1.03765,"t":[-99.633,52.8038,-134.035],"timestamp":521195871369},false],[5,{"currentFrameRate":108.387,"devices":[],"gestures":[],"hands":[{"armBasis":[[0.852513,0.478177,-0.21111],[-0.249118,0.72675,0.640136],[0.459523,-0.493134,0.738687]],"armWidth":63.7005,"confidence":0.799298,"direction":[-0.180298,0.583137,-0.792114],"elbow":[173.759,146.834,280.7],"grabStrength":0,"id":378,"palmNormal":[0.256221,-0.749665,-0.610207],"palmPosition":[33.8627,305.797,35.8104],"palmVelocity":[17.669,-58.1823,-196.473],"palmWidth":90.9622,"pinchStrength":0.49064,"r":[[0.954985,0.295224,-0.029095],[-0.290738,0.950915,0.10598],[0.0589547,-0.0927503,0.993943]],"s":1.03542,"sphereCenter":[42.0207,281.964,-6.67967],"sphereRadius":47.7984,"stabilizedPalmPosition":[42.709,313.323,106.638],"t":[-99.5113,52.2589,-135.865],"timeVisible":0.578439,"type":"right","wrist":[49.726,279.94,81.3154]}],"id":4093366,"interactionBox":{"center":[0,200,0],"size":[235.247,235.247,147.751]},"pointables":[{"bases":[[[0.117786,0.91025,0.396953],[-0.808498,-0.144197,0.57056],[0.576591,-0.388139,0.718951]],[[-0.0749635,0.986853,0.143182],[-0.800743,-0.145146,0.581157],[0.594299,-0.0710863,0.801097]],[[-0.0749635,0.986853,0.143182],[-0.953108,-0.113126,0.280693],[0.2932,-0.115426,0.949058]],[[-0.0749635,0.986853,0.143182],[-0.757867,0.0369366,-0.651363],[-0.648088,-0.157341,0.745134]]],"btipPosition":[1.55689,272.094,-12.7281],"carpPosition":[26.0446,260.931,77.0308],"dipPosition":[-13.6061,268.413,4.70542],"direction":[-0.2932,0.115426,-0.949058],"extended":false,"handId":378,"id":3780,"length":52.1005,"mcpPosition":[26.0446,260.931,77.0308],"pipPosition":[-3.61229,264.479,37.0542],"stabilizedTipPosition":[4.92163,278.157,60.6214],"timeVisible":0.578439,"tipPosition":[-2.13165,271.166,-8.62205],"tipVelocity":[15.8011,-57.4679,-202.09],"tool":false,"touchDistance":-0.563482,"touchZone":"hovering","type":0,"width":20.2438},{"bases":[[[0.905901,0.406442,-0.118951],[-0.303404,0.818851,0.487267],[0.295449,-0.405325,0.865114]],[[0.931705,0.362106,-0.0283778],[-0.351057,0.917807,0.185442],[0.0931952,-0.162815,0.982245]],[[0.931705,0.362106,-0.0283778],[-0.360233,0.93122,0.0553276],[0.0464604,-0.0413263,0.998065]],[[0.931705,0.362106,-0.0283778],[-0.363005,0.93098,-0.0387643],[0.0123824,0.0464182,0.998845]]],"btipPosition":[-0.301728,321.356,-66.39],"carpPosition":[26.7644,284.347,80.6003],"dipPosition":[-0.0902322,322.149,-49.3293],"direction":[-0.0464604,0.0413263,-0.998065],"extended":true,"handId":378,"id":3781,"length":58.7895,"mcpPosition":[5.03506,314.157,16.9736],"pipPosition":[1.03239,321.15,-25.2131],"stabilizedTipPosition":[1.46281,328.914,11.4507],"timeVisible":0.578439,"tipPosition":[-0.274612,320.803,-62.4743],"tipVelocity":[32.2882,-66.2604,-200.212],"tool":false,"touchDistance":-0.576864,"touchZone":"hovering","type":1,"width":19.3369},{"bases":[[[0.975849,0.202355,-0.0822898],[-0.139323,0.866678,0.479017],[0.16825,-0.455984,0.87394]],[[0.973115,0.209419,-0.0958665],[-0.220636,0.728194,-0.648887],[-0.0660799,0.652593,0.754822]],[[0.973115,0.209419,-0.0958665],[0.0442556,-0.578494,-0.814485],[-0.226027,0.788345,-0.572209]],[[0.973115,0.209419,-0.0958665],[0.181494,-0.953501,-0.240618],[-0.141799,0.21675,-0.965874]]],"btipPosition":[37.6439,264.803,16.5573],"carpPosition":[37.1054,290.928,79.4715],"dipPosition":[34.98,268.875,-1.58787],"direction":[0.226027,-0.788345,0.572209],"extended":false,"handId":378,"id":3782,"length":66.986,"mcpPosition":[25.3705,322.731,18.5171],"pipPosition":[28.5546,291.286,-17.8545],"stabilizedTipPosition":[48.2936,273.018,84.269],"timeVisible":0.578439,"tipPosition":[36.9939,265.626,12.7346],"tipVelocity":[-5.43811,-60.8332,-209.978],"tool":false,"touchDistance":0.333333,"touchZone":"none","type":2,"width":18.9914},{"bases":[[[0.99768,0.0671338,0.01134],[-0.0638126,0.863944,0.499529],[0.0237382,-0.499094,0.866223]],[[0.996015,0.0863824,-0.0221634],[-0.0781932,0.726401,-0.682808],[-0.0428831,0.68182,0.730261]],[[0.996015,0.0863824,-0.0221634],[0.0355073,-0.612098,-0.789984],[-0.0818069,0.78605,-0.612726]],[[0.996015,0.0863824,-0.0221634],[0.079565,-0.972999,-0.216663],[-0.0402809,0.214036,-0.975995]]],"btipPosition":[52.2147,269.588,26.5173],"carpPosition":[48.7679,294.555,78.1803],"dipPosition":[51.4623,273.586,8.28738],"direction":[0.081807,-0.78605,0.612726],"extended":false,"handId":378,"id":3783,"length":64.4088,"mcpPosition":[47.2814,325.809,23.9366],"pipPosition":[49.1968,295.355,-8.68118],"stabilizedTipPosition":[62.6548,279.12,89.2831],"timeVisible":0.578439,"tipPosition":[52.0505,270.55,22.6083],"tipVelocity":[-1.39117,-71.6262,-219.239],"tool":false,"touchDistance":0.333333,"touchZone":"none","type":3,"width":18.0715},{"bases":[[[0.990459,-0.13476,0.028826],[0.0944895,0.816358,0.569765],[-0.100314,-0.561605,0.821302]],[[0.994803,-0.0992369,-0.0227912],[0.060118,0.753115,-0.655136],[0.082178,0.650361,0.755167]],[[0.994803,-0.0992369,-0.0227912],[-0.0768108,-0.584477,-0.807767],[0.0668394,0.805319,-0.589061]],[[0.994803,-0.0992369,-0.0227912],[-0.101748,-0.960458,-0.259166],[0.00382883,0.260138,-0.965564]]],"btipPosition":[63.9231,280.645,29.4959],"carpPosition":[62.3859,291.308,75.6427],"dipPosition":[63.9891,285.127,12.8577],"direction":[-0.0668394,-0.805319,0.589061],"extended":false,"handId":378,"id":3784,"length":50.4953,"mcpPosition":[68.2009,323.863,28.0339],"pipPosition":[65.296,300.874,1.33992],"stabilizedTipPosition":[73.6987,291.393,92.3206],"timeVisible":0.578439,"tipPosition":[63.85,281.75,25.6756],"tipVelocity":[6.82707,-76.521,-210.322],"tool":false,"touchDistance":0.333333,"touchZone":"none","type":4,"width":16.0525}],"r":[[0.954985,0.295224,-0.029095],[-0.290738,0.950915,0.10598],[0.0589547,-0.0927503,0.993943]],"s":1.03542,"t":[-99.5113,52.2589,-135.865],"timestamp":521195880288},false],[6,{"currentFrameRate":108.42,"devices":[],"gestures":[],"hands":[{"armBasis":[[0.856077,0.472045,-0.210487],[-0.247817,0.732273,0.634321],[0.453562,-0.490865,0.743863]],"armWidth":63.7005,"confidence":0.817768,"direction":[-0.177427,0.583921,-0.792184],"elbow":[172.127,147.066,280.743],"grabStrength":0,"id":378,"palmNormal":[0.253428,-0.750699,-0.610103],"palmPosition":[33.9727,305.484,34.4484],"palmVelocity":[16.0881,-51.4655,-183.14],"palmWidth":90.9622,"pinchStrength":0.498273,"r":[[0.956273,0.290998,-0.0293582],[-0.286606,0.952358,0.10427],[0.0583018,-0.0912963,0.994116]],"s":1.03304,"sphereCenter":[42.3388,281.604,-8.08915],"sphereRadius":47.8164,"stabilizedPalmPosition":[42.707,313.322,106.621],"t":[-99.3954,51.8303,-137.461],"timeVisible":0.587602,"type":"right","wrist":[49.7029,279.559,79.9608]}],"id":4093367,"interactionBox":{"center":[0,200,0],"size":[235.247,235.247,147.751]},"pointables":[{"bases":[[[0.121363,0.909732,0.397062],[-0.809407,-0.14085,0.570107],[0.574571,-0.390575,0.71925]],[[-0.0714675,0.987221,0.142436],[-0.802926,-0.141664,0.579],[0.591779,-0.0729855,0.802789]],[[-0.0714675,0.987221,0.142436],[-0.954819,-0.109011,0.276474],[0.288468,-0.116241,0.950407]],[[-0.0714675,0.987221,0.142436],[-0.757223,0.0392493,-0.651976],[-0.649235,-0.154451,0.744741]]],"btipPosition":[1.77087,271.868,-14.2179],"carpPosition":[25.9447,260.65,75.6623],"dipPosition":[-13.4189,268.254,3.20637],"direction":[-0.288468,0.116241,-0.950407],"extended":false,"handId":378,"id":3780,"length":52.1005,"mcpPosition":[25.9447,260.65,75.6623],"pipPosition":[-3.58643,264.292,35.6012],"stabilizedTipPosition":[4.91978,278.155,60.6016],"timeVisible":0.587602,"tipPosition":[-1.98869,270.981,-10.0794],"tipVelocity":[17.7188,-47.8597,-191.144],"tool":false,"touchDistance":-0.557846,"touchZone":"hovering","type":0,"width":20.2438},{"bases":[[[0.907654,0.402664,-0.118432],[-0.300254,0.820087,0.48714],[0.293278,-0.406595,0.865257]],[[0.933371,0.357881,-0.027188],[-0.347185,0.919487,0.184407],[0.0909949,-0.162681,0.982474]],[[0.933371,0.357881,-0.027188],[-0.356148,0.932906,0.0533432],[0.0444544,-0.040106,0.998206]],[[0.933371,0.357881,-0.027188],[-0.358757,0.932513,-0.0413808],[0.0105438,0.0483775,0.998773]]],"btipPosition":[0.0281102,321.096,-67.7795],"carpPosition":[26.7603,284.062,79.2332],"dipPosition":[0.208203,321.922,-50.7201],"direction":[-0.0444544,0.040106,-0.998206],"extended":true,"handId":378,"id":3781,"length":58.7895,"mcpPosition":[5.19052,313.966,15.5961],"pipPosition":[1.28235,320.953,-26.6004],"stabilizedTipPosition":[1.4618,328.908,11.396],"timeVisible":0.587602,"tipPosition":[0.010917,320.622,-63.8593],"tipVelocity":[33.1023,-55.4644,-186.681],"tool":false,"touchDistance":-0.568358,"touchZone":"hovering","type":1,"width":19.3369},{"bases":[[[0.97673,0.198286,-0.081742],[-0.13597,0.86723,0.478983],[0.165865,-0.456722,0.87401]],[[0.973891,0.205718,-0.0960046],[-0.218282,0.732384,-0.644955],[-0.0623667,0.649072,0.758166]],[[0.973891,0.205718,-0.0960046],[0.040736,-0.574391,-0.817567],[-0.223333,0.79231,-0.567774]],[[0.973891,0.205718,-0.0960046],[0.177336,-0.953415,-0.244034],[-0.141734,0.220637,-0.965003]]],"btipPosition":[37.5774,264.511,14.8878],"carpPosition":[37.1292,290.6,78.1105],"dipPosition":[34.9147,268.656,-3.24102],"direction":[0.223333,-0.79231,0.567774],"extended":false,"handId":378,"id":3782,"length":66.986,"mcpPosition":[25.5607,322.455,17.1512],"pipPosition":[28.5659,291.179,-19.3815],"stabilizedTipPosition":[48.2912,273.016,84.2534],"timeVisible":0.587602,"tipPosition":[36.9366,265.346,11.1513],"tipVelocity":[-5.93763,-52.2574,-202.12],"tool":false,"touchDistance":0.333333,"touchZone":"none","type":2,"width":18.9914},{"bases":[[[0.997945,0.0629707,0.0118932],[-0.0604834,0.864179,0.499536],[0.0211783,-0.499229,0.866211]],[[0.996369,0.0823151,-0.0217627],[-0.0751688,0.73038,-0.678892],[-0.039988,0.678062,0.733916]],[[0.996369,0.0823151,-0.0217627],[0.0328645,-0.607606,-0.793558],[-0.078545,0.789961,-0.608105]],[[0.996369,0.0823151,-0.0217627],[0.0755207,-0.972443,-0.220571],[-0.0393193,0.218127,-0.975128]]],"btipPosition":[52.177,269.204,24.8562],"carpPosition":[48.8075,294.179,76.8259],"dipPosition":[51.4425,273.278,6.64249],"direction":[0.078545,-0.789962,0.608105],"extended":false,"handId":378,"id":3783,"length":64.4088,"mcpPosition":[47.4813,325.441,22.583],"pipPosition":[49.2674,295.155,-10.1981],"stabilizedTipPosition":[62.651,279.117,89.2586],"timeVisible":0.587602,"tipPosition":[52.017,270.176,21.0391],"tipVelocity":[-2.02625,-62.832,-208.544],"tool":false,"touchDistance":0.333333,"touchZone":"none","type":3,"width":18.0715},{"bases":[[[0.989872,-0.138892,0.0293654],[0.09758,0.81593,0.569857],[-0.103108,-0.56122,0.821219]],[[0.994422,-0.102977,-0.0228371],[0.0630305,0.753739,-0.654144],[0.0845748,0.649055,0.756025]],[[0.994422,-0.102977,-0.0228371],[-0.078943,-0.583006,-0.808624],[0.0699553,0.805916,-0.587883]],[[0.994422,-0.102977,-0.0228371],[-0.105366,-0.959792,-0.260185],[0.00487414,0.26114,-0.965289]]],"btipPosition":[63.9488,280.207,28.0955],"carpPosition":[62.4132,290.875,74.2956],"dipPosition":[64.0327,284.706,11.4621],"direction":[-0.0699553,-0.805916,0.587883],"extended":false,"handId":378,"id":3784,"length":50.4953,"mcpPosition":[68.3901,323.407,26.6916],"pipPosition":[65.4006,300.464,-0.0326662],"stabilizedTipPosition":[73.6924,291.387,92.2768],"timeVisible":0.587602,"tipPosition":[63.8773,281.313,24.2963],"tipVelocity":[5.82971,-68.3991,-194.261],"tool":false,"touchDistance"