{"sensorType":"Leap","data":[[0,{"currentFrameRate":103.743,"devices":[],"gestures":[],"hands":[{"armBasis":[[0.868044,0.403355,-0.28949],[-0.173636,0.792889,0.584104],[0.465135,-0.456762,0.7583]],"armWidth":63.7005,"confidence":0.81066,"direction":[-0.283252,0.730341,-0.621587],"elbow":[189.312,146.116,275.418],"grabStrength":0.158422,"id":367,"palmNormal":[0.102179,-0.621461,-0.776754],"palmPosition":[41.6474,303.986,34.6019],"palmVelocity":[-23.128,-66.3965,-200.525],"palmWidth":90.9622,"pinchStrength":0.575507,"r":[[0.974824,0.135657,0.17696],[-0.179592,0.94806,0.262542],[-0.132153,-0.287713,0.948555]],"s":1.07192,"sphereCenter":[50.1724,287.536,-14.6028],"sphereRadius":48.3545,"stabilizedPalmPosition":[51.6063,285.726,120.987],"t":[-33.1542,91.1409,-165.3],"timeVisible":0.478961,"type":"right","wrist":[63.7638,269.404,70.7392]}],"id":4089440,"interactionBox":{"center":[0,200,0],"size":[235.247,235.247,147.751]},"pointables":[{"bases":[[[0.237058,0.812456,0.532653],[-0.702594,-0.235283,0.671568],[0.670944,-0.533439,0.515051]],[[-0.0340483,0.95379,0.298538],[-0.765753,-0.21685,0.605473],[0.642232,-0.207991,0.737751]],[[-0.0340483,0.95379,0.298538],[-0.923261,-0.144389,0.356006],[0.382661,-0.263508,0.885514]],[[-0.0340483,0.95379,0.298538],[-0.914829,0.0905289,-0.393564],[-0.402404,-0.286512,0.869472]]],"btipPosition":[2.98217,278.18,-19.9718],"carpPosition":[38.6593,252.115,67.3692],"dipPosition":[-6.43265,271.476,0.370758],"direction":[-0.382661,0.263508,-0.885514],"extended":false,"handId":367,"id":3670,"length":52.1005,"mcpPosition":[38.6593,252.115,67.3692],"pipPosition":[6.61041,262.495,30.5537],"stabilizedTipPosition":[6.06836,258.209,77.8614],"timeVisible":0.478961,"tipPosition":[0.868332,277.183,-15.6123],"tipVelocity":[1.11603,-82.7309,-212.034],"tool":false,"touchDistance":-0.610835,"touchZone":"hovering","type":0,"width":20.2438},{"bases":[[[0.892491,0.402131,-0.204331],[-0.16622,0.714324,0.679788],[0.419322,-0.572741,0.70437]],[[0.93529,0.332619,-0.120822],[-0.294687,0.921078,0.254509],[0.195941,-0.202435,0.959493]],[[0.93529,0.332619,-0.120822],[-0.320186,0.940785,0.111371],[0.150712,-0.0654787,0.986407]],[[0.93529,0.332619,-0.120822],[-0.333493,0.942656,0.013511],[0.118388,0.0276568,0.992582]]],"btipPosition":[-3.59858,326.29,-58.7164],"carpPosition":[41.3206,274.362,75.0858],"dipPosition":[-1.57647,326.762,-41.7627],"direction":[-0.150712,0.0654787,-0.986407],"extended":true,"handId":367,"id":3671,"length":58.7895,"mcpPosition":[10.4807,316.486,23.2814],"pipPosition":[2.06519,325.18,-17.9281],"stabilizedTipPosition":[-0.0710766,311.966,29.8153],"timeVisible":0.478961,"tipPosition":[-2.62623,326.903,-54.8037],"tipVelocity":[-7.11562,-100.417,-219.512],"tool":false,"touchDistance":-0.627218,"touchZone":"hovering","type":1,"width":19.3369},{"bases":[[[0.956109,0.193348,-0.220162],[-0.00369467,0.759278,0.650756],[0.292987,-0.621381,0.726667]],[[0.960206,0.184433,-0.209738],[-0.266427,0.830176,-0.48972],[0.0837987,0.526111,0.846277]],[[0.960206,0.184433,-0.209738],[-0.174917,-0.188334,-0.966403],[-0.217737,0.964632,-0.148579]],[[0.960206,0.184433,-0.209738],[-0.0302308,-0.677911,-0.734522],[-0.277654,0.711632,-0.645359]]],"btipPosition":[38.5919,258.009,-1.7737],"carpPosition":[51.6588,280.812,73.3397],"dipPosition":[33.3758,271.378,-13.8976],"direction":[0.217737,-0.964632,0.148579],"extended":false,"handId":367,"id":3672,"length":66.986,"mcpPosition":[31.224,324.151,22.6571],"pipPosition":[27.1861,298.8,-18.1213],"stabilizedTipPosition":[41.2317,240.85,79.171],"timeVisible":0.478961,"tipPosition":[37.0046,261.481,-6.03145],"tipVelocity":[28.3868,-97.4631,-100.882],"tool":false,"touchDistance":0.333333,"touchZone":"none","type":2,"width":18.9914},{"bases":[[[0.986344,0.0420075,-0.159254],[0.0739661,0.750956,0.656197],[0.147158,-0.659015,0.737594]],[[0.988451,0.032063,-0.148111],[-0.1117,0.814647,-0.569099],[0.102411,0.579071,0.808819]],[[0.988451,0.032063,-0.148111],[-0.136007,-0.243355,-0.960354],[-0.0668352,0.969407,-0.236183]],[[0.988451,0.032063,-0.148111],[-0.0820727,-0.70835,-0.701074],[-0.127393,0.705133,-0.697537]]],"btipPosition":[53.5408,259.754,7.89297],"carpPosition":[63.0999,284.368,70.6388],"dipPosition":[51.1613,272.925,-5.13584],"direction":[0.0668352,-0.969407,0.236183],"extended":false,"handId":367,"id":3673,"length":64.4088,"mcpPosition":[53.8847,325.636,24.4501],"pipPosition":[49.3104,299.771,-11.6766],"stabilizedTipPosition":[57.5838,244.644,83.3738],"timeVisible":0.478961,"tipPosition":[52.7945,263.008,3.83687],"tipVelocity":[3.50932,-67.4479,-168.09],"tool":false,"touchDistance":0.333333,"touchZone":"none","type":3,"width":18.0715},{"bases":[[[0.970875,-0.15921,-0.179034],[0.239187,0.687156,0.686008],[0.0138051,-0.708851,0.705223]],[[0.970296,-0.142758,-0.195311],[0.00736425,0.824387,-0.565979],[0.24181,0.547728,0.80095]],[[0.970296,-0.142758,-0.195311],[-0.222515,-0.209811,-0.952085],[0.0949391,0.967264,-0.235344]],[[0.970296,-0.142758,-0.195311],[-0.240122,-0.666602,-0.705679],[-0.0294539,0.731616,-0.681081]]],"btipPosition":[65.1578,271.594,12.2294],"carpPosition":[75.8544,281.384,65.0841],"dipPosition":[64.6502,284.201,0.49336],"direction":[-0.0949391,-0.967264,0.235344],"extended":false,"handId":367,"id":3674,"length":50.4953,"mcpPosition":[75.0541,322.475,24.204],"pipPosition":[66.5066,303.113,-4.10828],"stabilizedTipPosition":[70.056,258.436,85.5221],"timeVisible":0.478961,"tipPosition":[64.8549,274.81,8.33482],"tipVelocity":[-2.11055,-70.6306,-152.931],"tool":false,"touchDistance":0.333333,"touchZone":"none","type":4,"width":16.0525}],"r":[[0.974824,0.135657,0.17696],[-0.179592,0.94806,0.262542],[-0.132153,-0.287713,0.948555]],"s":1.07192,"t":[-33.1542,91.1409,-165.3],"timestamp":521151304456},false],[1,{"currentFrameRate":103.983,"devices":[],"gestures":[],"hands":[{"armBasis":[[0.865707,0.40583,-0.293008],[-0.175468,0.79427,0.581676],[0.468789,-0.452147,0.758815]],"armWidth":63.7005,"confidence":0.793351,"direction":[-0.281757,0.731244,-0.621204],"elbow":[190.196,146.802,274.485],"grabStrength":0.15909,"id":367,"palmNormal":[0.103514,-0.620489,-0.777353],"palmPosition":[41.6297,303.481,33.531],"palmVelocity":[-17.215,-63.2467,-177.181],"palmWidth":90.9622,"pinchStrength":0.568309,"r":[[0.974092,0.137041,0.179903],[-0.181714,0.947837,0.261887],[-0.134629,-0.287793,0.948183]],"s":1.07413,"sphereCenter":[50.1723,287.092,-15.6459],"sphereRadius":48.3197,"stabilizedPalmPosition":[51.6042,285.73,120.968],"t":[-33.241,90.5075,-166.645],"timeVisible":0.488128,"type":"right","wrist":[63.6619,268.844,69.6675]}],"id":4089441,"interactionBox":{"center":[0,200,0],"size":[235.247,235.247,147.751]},"pointables":[{"bases":[[[0.236275,0.811682,0.534178],[-0.704014,-0.235909,0.669859],[0.66973,-0.53434,0.515697]],[[-0.0342907,0.953408,0.299729],[-0.766721,-0.217468,0.604026],[0.641064,-0.209096,0.738455]],[[-0.0342907,0.953408,0.299729],[-0.924203,-0.144389,0.353553],[0.380358,-0.264887,0.886094]],[[-0.0342907,0.953408,0.299729],[-0.913942,0.0914363,-0.39541],[-0.404393,-0.287494,0.868224]]],"btipPosition":[3.06447,277.758,-21.1417],"carpPosition":[38.5583,251.569,66.225],"dipPosition":[-6.3969,271.032,-0.828336],"direction":[-0.380358,0.264887,-0.886094],"extended":false,"handId":367,"id":3670,"length":52.1005,"mcpPosition":[38.5583,251.569,66.225],"pipPosition":[6.56767,262.003,29.3743],"stabilizedTipPosition":[6.06717,258.213,77.8399],"timeVisible":0.488128,"tipPosition":[0.940454,276.748,-16.7873],"tipVelocity":[2.98295,-72.6398,-188.696],"tool":false,"touchDistance":-0.595734,"touchZone":"hovering","type":0,"width":20.2438},{"bases":[[[0.893036,0.402084,-0.202027],[-0.16733,0.713501,0.68038],[0.417716,-0.573799,0.704463]],[[0.93524,0.33325,-0.119463],[-0.295531,0.920726,0.254803],[0.194906,-0.202997,0.959585]],[[0.93524,0.33325,-0.119463],[-0.320685,0.940437,0.112865],[0.14996,-0.0672456,0.986403]],[[0.93524,0.33325,-0.119463],[-0.333816,0.942505,0.0158355],[0.117872,0.0250688,0.992712]]],"btipPosition":[-3.51779,325.921,-59.8393],"carpPosition":[41.2119,273.805,73.9758],"dipPosition":[-1.50449,326.349,-42.8834],"direction":[-0.14996,0.0672456,-0.986403],"extended":true,"handId":367,"id":3671,"length":58.7895,"mcpPosition":[10.4901,316.006,22.1646],"pipPosition":[2.119,324.724,-19.0489],"stabilizedTipPosition":[-0.072871,311.974,29.7638],"timeVisible":0.488128,"tipPosition":[-2.53523,326.504,-55.9278],"tipVelocity":[-2.73475,-83.934,-192.44],"tool":false,"touchDistance":-0.609666,"touchZone":"hovering","type":1,"width":19.3369},{"bases":[[[0.956614,0.193299,-0.218003],[-0.00473102,0.758435,0.651732],[0.29132,-0.622424,0.726444]],[[0.960696,0.184348,-0.207556],[-0.265678,0.827351,-0.494879],[0.0804916,0.530572,0.84381]],[[0.960696,0.184348,-0.207556],[-0.171193,-0.195151,-0.965717],[-0.218532,0.963292,-0.155921]],[[0.960696,0.184348,-0.207556],[-0.0270172,-0.682033,-0.730822],[-0.276285,0.707706,-0.650245]]],"btipPosition":[38.7613,257.42,-2.41981],"carpPosition":[51.5558,280.253,72.2586],"dipPosition":[33.571,270.715,-14.6355],"direction":[0.218532,-0.963292,0.155921],"extended":false,"handId":367,"id":3672,"length":66.986,"mcpPosition":[31.2372,323.665,21.5916],"pipPosition":[27.3586,298.099,-19.068],"stabilizedTipPosition":[41.2224,240.9,78.9555],"timeVisible":0.488128,"tipPosition":[37.1833,260.888,-6.68371],"tipVelocity":[25.8049,-88.7202,-93.0461],"tool":false,"touchDistance":0.333333,"touchZone":"none","type":2,"width":18.9914},{"bases":[[[0.986674,0.0418699,-0.15723],[0.0729159,0.750079,0.657316],[0.145457,-0.660021,0.737031]],[[0.988714,0.0321211,-0.146332],[-0.11013,0.818018,-0.564551],[0.101568,0.574295,0.812323]],[[0.988714,0.0321211,-0.146332],[-0.134568,-0.238905,-0.961673],[-0.0658494,0.970511,-0.231886]],[[0.988714,0.0321211,-0.146332],[-0.0810964,-0.706523,-0.703028],[-0.125969,0.70696,-0.695945]]],"btipPosition":[53.5346,259.406,6.56935],"carpPosition":[63.0034,283.808,69.5852],"dipPosition":[51.1818,272.611,-6.4297],"direction":[0.0658494,-0.970511,0.231886],"extended":false,"handId":367,"id":3673,"length":64.4088,"mcpPosition":[53.8948,325.14,23.4317],"pipPosition":[49.3582,299.488,-12.8515],"stabilizedTipPosition":[57.5818,244.652,83.3401],"timeVisible":0.488128,"tipPosition":[52.8217,262.606,2.68248],"tipVelocity":[2.52888,-58.9751,-161.272],"tool":false,"touchDistance":0.333333,"touchZone":"none","type":3,"width":18.0715},{"bases":[[[0.971176,-0.159316,-0.177302],[0.238054,0.686182,0.687374],[0.0121517,-0.709769,0.70433]],[[0.970659,-0.143349,-0.193062],[0.00995309,0.826143,-0.563372],[0.240256,0.544921,0.80333]],[[0.970659,-0.143349,-0.193062],[-0.220261,-0.20792,-0.953024],[0.0964738,0.967585,-0.233393]],[[0.970659,-0.143349,-0.193062],[-0.238907,-0.666067,-0.706596],[-0.0273024,0.731987,-0.680771]]],"btipPosition":[65.155,271.177,11.1216],"carpPosition":[75.768,280.828,64.052],"dipPosition":[64.6846,283.79,-0.609102],"direction":[-0.0964738,-0.967585,0.233393],"extended":false,"handId":367,"id":3674,"length":50.4953,"mcpPosition":[75.0636,321.971,23.2238],"pipPosition":[66.5709,302.709,-5.1726],"stabilizedTipPosition":[70.054,258.442,85.4917],"timeVisible":0.488128,"tipPosition":[64.8771,274.359,7.29302],"tipVelocity":[-1.34518,-63.5663,-143.946],"tool":false,"touchDistance":0.333333,"touchZone":"none","type":4,"width":16.0525}],"r":[[0.974092,0.137041,0.179903],[-0.181714,0.947837,0.261887],[-0.134629,-0.287793,0.948183]],"s":1.07413,"t":[-33.241,90.5075,-166.645],"timestamp":521151313623},false],[2,{"currentFrameRate":104.347,"devices":[],"gestures":[],"hands":[{"armBasis":[[0.864963,0.40626,-0.294604],[-0.176123,0.795462,0.579845],[0.469914,-0.449658,0.759597]],"armWidth":63.7005,"confidence":0.795751,"direction":[-0.280583,0.732369,-0.62041],"elbow":[190.502,147.116,273.977],"grabStrength":0.160105,"id":367,"palmNormal":[0.10365,-0.619476,-0.778143],"palmPosition":[41.6933,303.194,32.8422],"palmVelocity":[-10.5898,-54.8138,-150.037],"palmWidth":90.9622,"pinchStrength":0.568701,"r":[[0.97349,0.137927,0.182463],[-0.183292,0.947614,0.261595],[-0.136823,-0.288105,0.947774]],"s":1.07503,"sphereCenter":[50.2438,286.856,-16.3746],"sphereRadius":48.2946,"stabilizedPalmPosition":[51.6018,285.734,120.947],"t":[-33.2527,90.0473,-167.662],"timeVisible":0.497029,"type":"right","wrist":[63.664,268.487,68.9486]}],"id":4089442,"interactionBox":{"center":[0,200,0],"size":[235.247,235.247,147.751]},"pointables":[{"bases":[[[0.236516,0.810718,0.535533],[-0.7048,-0.236245,0.668913],[0.668818,-0.535653,0.515518]],[[-0.0336656,0.952996,0.301105],[-0.767081,-0.217765,0.603461],[0.640667,-0.210656,0.738356]],[[-0.0336656,0.952996,0.301105],[-0.924842,-0.143911,0.352075],[0.378858,-0.266622,0.886216]],[[-0.0336656,0.952996,0.301105],[-0.913382,0.0929623,-0.396347],[-0.405709,-0.288368,0.86732]]],"btipPosition":[3.15632,277.585,-21.885],"carpPosition":[38.5484,251.238,65.4598],"dipPosition":[-6.33582,270.839,-1.59278],"direction":[-0.378858,0.266622,-0.886216],"extended":false,"handId":367,"id":3670,"length":52.1005,"mcpPosition":[38.5484,251.238,65.4598],"pipPosition":[6.57763,261.751,28.6141],"stabilizedTipPosition":[6.0659,258.217,77.8162],"timeVisible":0.497029,"tipPosition":[1.02459,276.56,-17.5346],"tipVelocity":[4.76217,-58.3153,-160.232],"tool":false,"touchDistance":-0.575716,"touchZone":"hovering","type":0,"width":20.2438},{"bases":[[[0.89356,0.401593,-0.200683],[-0.1673,0.712681,0.681247],[0.416607,-0.57516,0.70401]],[[0.935316,0.333232,-0.118914],[-0.295522,0.920584,0.255325],[0.194553,-0.203668,0.959515]],[[0.935316,0.333232,-0.118914],[-0.320486,0.940331,0.114307],[0.149909,-0.0688029,0.986303]],[[0.935316,0.333232,-0.118914],[-0.333537,0.942567,0.0179238],[0.118057,0.0228977,0.992743]]],"btipPosition":[-3.42022,325.781,-60.5324],"carpPosition":[41.2146,273.461,73.2444],"dipPosition":[-1.40377,326.172,-43.576],"direction":[-0.149909,0.0688029,-0.986303],"extended":true,"handId":367,"id":3671,"length":58.7895,"mcpPosition":[10.5744,315.762,21.4665],"pipPosition":[2.21849,324.509,-19.744],"stabilizedTipPosition":[-0.0747013,311.983,29.7089],"timeVisible":0.497029,"tipPosition":[-2.43183,326.347,-56.6208],"tipVelocity":[1.01294,-65.65,-161.272],"tool":false,"touchDistance":-0.587428,"touchZone":"hovering","type":1,"width":19.3369},{"bases":[[[0.95697,0.192776,-0.216899],[-0.00463766,0.757514,0.652802],[0.290149,-0.623706,0.725813]],[[0.96104,0.183795,-0.206449],[-0.264488,0.828453,-0.493672],[0.0802987,0.529042,0.844788]],[[0.96104,0.183795,-0.206449],[-0.17054,-0.193515,-0.966162],[-0.217526,0.963728,-0.154631]],[[0.96104,0.183795,-0.206449],[-0.0269525,-0.681026,-0.731763],[-0.275091,0.708818,-0.64954]]],"btipPosition":[38.8111,257.199,-3.18611],"carpPosition":[51.5655,279.902,71.5454],"dipPosition":[33.6431,270.515,-15.3885],"direction":[0.217526,-0.963728,0.154631],"extended":false,"handId":367,"id":3672,"length":66.986,"mcpPosition":[31.3286,323.404,20.9223],"pipPosition":[27.4594,297.912,-19.7843],"stabilizedTipPosition":[41.2097,240.968,78.6555],"timeVisible":0.497029,"tipPosition":[37.247,260.664,-7.42291],"tipVelocity":[20.4629,-71.1828,-91.0611],"tool":false,"touchDistance":0.333333,"touchZone":"none","type":2,"width":18.9914},{"bases":[[[0.986846,0.0412345,-0.156316],[0.0729971,0.749083,0.658442],[0.144244,-0.661192,0.73622]],[[0.988838,0.031621,-0.1456],[-0.10803,0.825157,-0.554477],[0.10261,0.564017,0.819363]],[[0.988838,0.031621,-0.1456],[-0.134757,-0.227064,-0.964512],[-0.0635593,0.973366,-0.220268]],[[0.988838,0.031621,-0.1456],[-0.0819954,-0.700436,-0.708989],[-0.124402,0.713014,-0.690025]]],"btipPosition":[53.4866,259.39,5.17509],"carpPosition":[63.0186,283.452,68.8869],"dipPosition":[51.1629,272.708,-7.7134],"direction":[0.0635593,-0.973366,0.220268],"extended":false,"handId":367,"id":3673,"length":64.4088,"mcpPosition":[53.9859,324.856,22.7842],"pipPosition":[49.4028,299.664,-13.8134],"stabilizedTipPosition":[57.5802,244.658,83.3113],"timeVisible":0.497029,"tipPosition":[52.8347,262.515,1.64525],"tipVelocity":[0.577473,-42.6414,-159.235],"tool":false,"touchDistance":0.333333,"touchZone":"none","type":3,"width":18.0715},{"bases":[[[0.97119,-0.159909,-0.176686],[0.238054,0.685,0.688553],[0.0109242,-0.710777,0.703333]],[[0.97073,-0.144555,-0.191802],[0.0126928,0.828352,-0.560064],[0.23984,0.541236,0.805941]],[[0.97073,-0.144555,-0.191802],[-0.219022,-0.205093,-0.953922],[0.0985571,0.968009,-0.23075]],[[0.97073,-0.144555,-0.191802],[-0.238844,-0.664976,-0.707644],[-0.02525,0.732742,-0.680038]]],"btipPosition":[65.1822,270.984,10.3314],"carpPosition":[75.7854,280.468,63.3606],"dipPosition":[64.7471,283.611,-1.38674],"direction":[-0.0985571,-0.968009,0.23075],"extended":false,"handId":367,"id":3674,"length":50.4953,"mcpPosition":[75.1521,321.67,22.5902],"pipPosition":[66.6742,302.538,-5.89856],"stabilizedTipPosition":[70.0519,258.449,85.458],"timeVisible":0.497029,"tipPosition":[64.9317,274.127,6.59064],"tipVelocity":[0.0991136,-52.0682,-128.852],"tool":false,"touchDistance":0.333333,"touchZone":"none","type":4,"width":16.0525}],"r":[[0.97349,0.137927,0.182463],[-0.183292,0.947614,0.261595],[-0.136823,-0.288105,0.947774]],"s":1.07503,"t":[-33.2527,90.0473,-167.662],"timestamp":521151322524},false],[3,{"currentFrameRate":104.576,"devices":[],"gestures":[],"hands":[{"armBasis":[[0.866832,0.40124,-0.295987],[-0.172516,0.798329,0.576982],[0.467804,-0.449084,0.761238]],"armWidth":63.7005,"confidence":0.801955,"direction":[-0.277219,0.733475,-0.620616],"elbow":[189.922,146.797,273.53],"grabStrength":0.160511,"id":367,"palmNormal":[0.100066,-0.620379,-0.777893],"palmPosition":[41.8391,302.812,31.9471],"palmVelocity":[-3.20784,-51.1854,-135.568],"palmWidth":90.9622,"pinchStrength":0.570412,"r":[[0.973165,0.137666,0.184386],[-0.183562,0.947647,0.261285],[-0.138762,-0.28812,0.947487]],"s":1.07485,"sphereCenter":[50.2494,286.394,-17.3008],"sphereRadius":48.2667,"stabilizedPalmPosition":[51.5991,285.739,120.922],"t":[-33.1856,89.6264,-168.617],"timeVisible":0.506163,"type":"right","wrist":[63.6541,268.013,68.0583]}],"id":4089443,"interactionBox":{"center":[0,200,0],"size":[235.247,235.247,147.751]},"pointables":[{"bases":[[[0.240928,0.809774,0.534996],[-0.705609,-0.232338,0.669429],[0.666386,-0.538782,0.515407]],[[-0.0285882,0.953284,0.300721],[-0.767535,-0.213665,0.604349],[0.640369,-0.213537,0.737787]],[[-0.0285882,0.953284,0.300721],[-0.925546,-0.138876,0.352248],[0.377556,-0.268261,0.886278]],[[-0.0285882,0.953284,0.300721],[-0.913241,0.0974088,-0.395603],[-0.406415,-0.285941,0.867793]]],"btipPosition":[3.133,277.379,-22.7372],"carpPosition":[38.4493,250.89,64.5923],"dipPosition":[-6.37566,270.689,-2.43393],"direction":[-0.377556,0.268261,-0.886277],"extended":false,"handId":367,"id":3670,"length":52.1005,"mcpPosition":[38.4493,250.89,64.5923],"pipPosition":[6.49339,261.546,27.775],"stabilizedTipPosition":[6.06454,258.222,77.7907],"timeVisible":0.506163,"tipPosition":[1.00203,276.356,-18.3825],"tipVelocity":[2.61268,-47.9712,-141.545],"tool":false,"touchDistance":-0.559223,"touchZone":"hovering","type":0,"width":20.2438},{"bases":[[[0.895471,0.396957,-0.201388],[-0.163298,0.713857,0.680986],[0.414085,-0.576917,0.70406]],[[0.936493,0.329291,-0.120619],[-0.291377,0.922028,0.254881],[0.195144,-0.203548,0.95942]],[[0.936493,0.329291,-0.120619],[-0.31627,0.941651,0.115179],[0.151508,-0.069716,0.985994]],[[0.936493,0.329291,-0.120619],[-0.329388,0.943989,0.0197113],[0.120353,0.0212709,0.992503]]],"btipPosition":[-3.32002,325.596,-61.4006],"carpPosition":[41.2326,273.102,72.3643],"dipPosition":[-1.26433,325.959,-44.4483],"direction":[-0.151508,0.069716,-0.985994],"extended":true,"handId":367,"id":3671,"length":58.7895,"mcpPosition":[10.7778,315.533,20.5827],"pipPosition":[2.39656,324.275,-20.6237],"stabilizedTipPosition":[-0.0765145,311.992,29.6519],"timeVisible":0.506163,"tipPosition":[-2.30593,326.128,-57.4948],"tipVelocity":[4.05622,-53.2159,-142.887],"tool":false,"touchDistance":-0.570055,"touchZone":"hovering","type":1,"width":19.3369},{"bases":[[[0.957812,0.187814,-0.217536],[-0.000426114,0.757851,0.652428],[0.287395,-0.62481,0.725959]],[[0.961852,0.178795,-0.207057],[-0.260369,0.830571,-0.492301],[0.0839551,0.527432,0.845439]],[[0.961852,0.178795,-0.207057],[-0.172325,-0.191857,-0.966175],[-0.212473,0.964999,-0.153728]],[[0.961852,0.178795,-0.207057],[-0.0309222,-0.680967,-0.731661],[-0.271816,0.710153,-0.649461]]],"btipPosition":[38.6713,256.88,-4.14395],"carpPosition":[51.6151,279.49,70.6563],"dipPosition":[33.5649,270.221,-16.3449],"direction":[0.212473,-0.964999,0.153728],"extended":false,"handId":367,"id":3672,"length":66.986,"mcpPosition":[31.5702,323.069,20.023],"pipPosition":[27.5248,297.654,-20.715],"stabilizedTipPosition":[41.1945,241.046,78.3051],"timeVisible":0.506163,"tipPosition":[37.1526,260.308,-8.27893],"tipVelocity":[10.95,-60.9171,-94.8889],"tool":false,"touchDistance":0.333333,"touchZone":"none","type":2,"width":18.9914},{"bases":[[[0.986953,0.0361528,-0.156894],[0.0771681,0.749029,0.658028],[0.141308,-0.66155,0.736467]],[[0.988893,0.0265852,-0.146231],[-0.10286,0.832609,-0.544227],[0.107285,0.553224,0.826095]],[[0.988893,0.0265852,-0.146231],[-0.137123,-0.216361,-0.966636],[-0.0573369,0.975951,-0.210312]],[[0.988893,0.0265852,-0.146231],[-0.0866487,-0.696254,-0.712546],[-0.120757,0.717303,-0.686217]]],"btipPosition":[53.2871,259.271,3.61471],"carpPosition":[63.0845,282.98,67.9896],"dipPosition":[51.0315,272.669,-9.20266],"direction":[0.0573369,-0.975951,0.210312],"extended":false,"handId":367,"id":3673,"length":64.4088,"mcpPosition":[54.2357,324.407,21.8714],"pipPosition":[49.4437,299.697,-15.0269],"stabilizedTipPosition":[57.5788,244.663,83.2875],"timeVisible":0.506163,"tipPosition":[52.7032,262.294,0.411009],"tipVelocity":[-5.17882,-33.8361,-161.961],"tool":false,"touchDistance":0.333333,"touchZone":"none","type":3,"width":18.0715},{"bases":[[[0.970267,-0.164919,-0.177156],[0.241915,0.684125,0.688077],[0.0077197,-0.710475,0.70368]],[[0.969914,-0.150566,-0.191302],[0.0192805,0.830845,-0.556169],[0.242683,0.535748,0.808751]],[[0.969914,-0.150566,-0.191302],[-0.219429,-0.200338,-0.954838],[0.105441,0.968088,-0.227349]],[[0.969914,-0.150566,-0.191302],[-0.242618,-0.662652,-0.70854],[-0.0200851,0.733636,-0.679246]]],"btipPosition":[65.0913,270.605,9.22864],"carpPosition":[75.8328,279.929,62.4575],"dipPosition":[64.7452,283.247,-2.47581],"direction":[-0.105441,-0.968088,0.227349],"extended":false,"handId":367,"id":3674,"length":50.4953,"mcpPosition":[75.3853,321.113,21.6669],"pipPosition":[66.8069,302.176,-6.92113],"stabilizedTipPosition":[70.0495,258.456,85.4206],"timeVisible":0.506163,"tipPosition":[64.8939,273.686,5.64434],"tipVelocity":[-2.07246,-49.0326,-126.497],"tool":false,"touchDistance":0.333333,"touchZone":"none","type":4,"width":16.0525}],"r":[[0.973165,0.137666,0.184386],[-0.183562,0.947647,0.261285],[-0.138762,-0.28812,0.947487]],"s":1.07485,"t":[-33.1856,89.6264,-168.617],"timestamp":521151331658},false],[4,{"currentFrameRate":104.9,"devices":[],"gestures":[],"hands":[{"armBasis":[[0.880999,0.388478,-0.270048],[-0.178182,0.801194,0.571261],[0.438283,-0.455163,0.775071]],"armWidth":63.7005,"confidence":0.795279,"direction":[-0.273763,0.735336,-0.619947],"elbow":[181.383,145.28,275.58],"grabStrength":0.162424,"id":367,"palmNormal":[0.104803,-0.617927,-0.77922],"palmPosition":[41.4715,303.043,30.2445],"palmVelocity":[-13.5608,-30.1916,-150.6],"palmWidth":90.9622,"pinchStrength":0.581141,"r":[[0.972675,0.137391,0.187153],[-0.184134,0.947501,0.261411],[-0.141412,-0.288729,0.94691]],"s":1.07377,"sphereCenter":[50.1202,286.747,-19.0449],"sphereRadius":48.2402,"stabilizedPalmPosition":[51.5969,285.743,120.903],"t":[-33.3359,89.5311,-169.947],"timeVisible":0.515092,"type":"right","wrist":[63.0832,268.136,66.3747]}],"id":4089444,"interactionBox":{"center":[0,200,0],"size":[235.247,235.247,147.751]},"pointables":[{"bases":[[[0.237561,0.808163,0.538922],[-0.709469,-0.2346,0.664543],[0.66349,-0.540218,0.517635]],[[-0.0304908,0.952301,0.303633],[-0.770638,-0.215853,0.599604],[0.636544,-0.215709,0.74046]],[[-0.0304908,0.952301,0.303633],[-0.927793,-0.139975,0.345844],[0.371848,-0.271164,0.887806]],[[-0.0304908,0.952301,0.303633],[-0.911196,0.0983792,-0.400054],[-0.410843,-0.288867,0.864733]]],"btipPosition":[3.0766,277.783,-24.7361],"carpPosition":[37.9039,251.018,62.7073],"dipPosition":[-6.53567,271.025,-4.50443],"direction":[-0.371848,0.271164,-0.887806],"extended":false,"handId":367,"id":3670,"length":52.1005,"mcpPosition":[37.9039,251.018,62.7073],"pipPosition":[6.13884,261.782,25.7566],"stabilizedTipPosition":[6.06355,258.225,77.772],"timeVisible":0.515092,"tipPosition":[0.92813,276.73,-20.3931],"tipVelocity":[-0.550742,-23.0365,-164.5],"tool":false,"touchDistance":-0.561864,"touchZone":"hovering","type":0,"width":20.2438},{"bases":[[[0.896532,0.397808,-0.194883],[-0.16749,0.71169,0.682235],[0.410094,-0.579004,0.704682]],[[0.93659,0.330924,-0.115277],[-0.294074,0.921132,0.255022],[0.190579,-0.204951,0.960039]],[[0.93659,0.330924,-0.115277],[-0.318168,0.940907,0.116036],[0.146864,-0.0720002,0.986533]],[[0.93659,0.330924,-0.115277],[-0.330762,0.943478,0.0210946],[0.115742,0.0183724,0.993109]]],"btipPosition":[-3.23665,326.019,-63.2959],"carpPosition":[40.6354,273.206,70.5647],"dipPosition":[-1.25972,326.333,-46.3332],"direction":[-0.146864,0.0720002,-0.986533],"extended":true,"handId":367,"id":3671,"length":58.7895,"mcpPosition":[10.4742,315.79,18.7374],"pipPosition":[2.28896,324.593,-22.4956],"stabilizedTipPosition":[-0.0777898,311.999,29.6099],"timeVisible":0.515092,"tipPosition":[-2.23362,326.549,-59.3828],"tipVelocity":[4.94317,-26.1352,-161.736],"tool":false,"touchDistance":-0.569776,"touchZone":"hovering","type":1,"width":19.3369},{"bases":[[[0.959024,0.188731,-0.211316],[-0.00446501,0.755814,0.654771],[0.283291,-0.626998,0.725686]],[[0.963014,0.179658,-0.200815],[-0.256772,0.837805,-0.48182],[0.0816811,0.515563,0.852949]],[[0.963014,0.179658,-0.200815],[-0.168696,-0.17914,-0.969253],[-0.210108,0.967281,-0.142207]],[[0.963014,0.179658,-0.200815],[-0.0280706,-0.674329,-0.737897],[-0.267984,0.716242,-0.644346]]],"btipPosition":[38.3389,257.538,-6.62904],"carpPosition":[51.0261,279.603,68.9376],"dipPosition":[33.3045,270.993,-18.7339],"direction":[0.210108,-0.967281,0.142207],"extended":false,"handId":367,"id":3672,"length":66.986,"mcpPosition":[31.2675,323.334,18.3234],"pipPosition":[27.3316,298.491,-22.7765],"stabilizedTipPosition":[41.1831,241.101,78.0572],"timeVisible":0.515092,"tipPosition":[36.9497,260.846,-10.3694],"tipVelocity":[-1.68455,-23.4192,-144.243],"tool":false,"touchDistance":0.333333,"touchZone":"none","type":2,"width":18.9914},{"bases":[[[0.987849,0.036889,-0.150976],[0.0730973,0.746994,0.6608],[0.137154,-0.663807,0.735221]],[[0.989722,0.0273237,-0.14037],[-0.0995267,0.836455,-0.538923],[0.102688,0.547354,0.830577]],[[0.989722,0.0273237,-0.14037],[-0.131564,-0.210733,-0.96865],[-0.0560478,0.977162,-0.204973]],[[0.989722,0.0273237,-0.14037],[-0.0823784,-0.693418,-0.715811],[-0.116894,0.720017,-0.68404]]],"btipPosition":[53.0702,259.714,1.66376],"carpPosition":[62.51,283.104,66.3493],"dipPosition":[50.8868,273.163,-11.1129],"direction":[0.0560478,-0.977162,0.204973],"extended":false,"handId":367,"id":3673,"length":64.4088,"mcpPosition":[53.9213,324.672,20.3092],"pipPosition":[49.3346,300.224,-16.7894],"stabilizedTipPosition":[57.5778,244.667,83.2709],"timeVisible":0.515092,"tipPosition":[52.5194,262.71,-1.44479],"tipVelocity":[-9.88509,-10.7318,-177.095],"tool":false,"touchDistance":0.333333,"touchZone":"none","type":3,"width":18.0715},{"bases":[[[0.971336,-0.164123,-0.171961],[0.237682,0.682038,0.691615],[0.00377435,-0.712663,0.701497]],[[0.971089,-0.150575,-0.185237],[0.0250056,0.835865,-0.548365],[0.237403,0.52788,0.815465]],[[0.971089,-0.150575,-0.185237],[-0.212722,-0.193697,-0.957722],[0.108329,0.969437,-0.220128]],[[0.971089,-0.150575,-0.185237],[-0.238247,-0.659988,-0.712498],[-0.01497,0.736032,-0.676782]]],"btipPosition":[64.8207,271.086,7.35952],"carpPosition":[75.2915,280.073,60.8828],"dipPosition":[64.5627,283.769,-4.30246],"direction":[-0.108329,-0.969437,0.220128],"extended":false,"handId":367,"id":3674,"length":50.4953,"mcpPosition":[75.0727,321.384,20.2188],"pipPosition":[66.6808,302.724,-8.60658],"stabilizedTipPosition":[70.0477,258.461,85.3932],"timeVisible":0.515092,"tipPosition":[64.6735,274.104,3.92944],"tipVelocity":[-9.15477,-20.6738,-148.791],"tool":false,"touchDistance":0.333333,"touchZone":"none","type":4,"width":16.0525}],"r":[[0.972675,0.137391,0.187153],[-0.184134,0.947501,0.261411],[-0.141412,-0.288729,0.94691]],"s":1.07377,"t":[-33.3359,89.5311,-169.947],"timestamp":521151340587},false],[5,{"currentFrameRate":105.156,"devices":[],"gestures":[],"hands":[{"armBasis":[[0.881499,0.390923,-0.264836],[-0.18229,0.799134,0.572849],[0.435579,-0.456689,0.775697]],"armWidth":63.7005,"confidence":0.732069,"direction":[-0.272126,0.737383,-0.618234],"elbow":[180.296,144.912,274.532],"grabStrength":0.16797,"id":367,"palmNormal":[0.109336,-0.614626,-0.781205],"palmPosition":[41.2218,303.198,29.0696],"palmVelocity":[-17.44,-17.1466,-144.944],"palmWidth":90.9622,"pinchStrength":0.602269,"r":[[0.972062,0.137329,0.19036],[-0.185133,0.947116,0.262101],[-0.144299,-0.29002,0.946079]],"s":1.07139,"sphereCenter":[50.0333,287.05,-20.3204],"sphereRadius":48.2113,"stabilizedPalmPosition":[51.5951,285.746,120.887],"t":[-33.5359,89.561,-171.199],"timeVisible":0.524125,"type":"right","wrist":[62.7253,268.181,65.1576]}],"id":4089445,"interactionBox":{"center":[0,200,0],"size":[235.247,235.247,147.751]},"pointables":[{"bases":[[[0.23381,0.806369,0.543232],[-0.712102,-0.238394,0.660363],[0.661999,-0.541236,0.518478]],[[-0.0331264,0.950947,0.307574],[-0.772095,-0.219763,0.5963],[0.634643,-0.217723,0.741502]],[[-0.0331264,0.950947,0.307574],[-0.929443,-0.142461,0.340353],[0.367475,-0.274598,0.888571]],[[-0.0331264,0.950947,0.307574],[-0.910247,0.0983813,-0.402208],[-0.412738,-0.293292,0.862338]]],"btipPosition":[3.05139,278.124,-26.1583],"carpPosition":[37.5904,251.037,61.3071],"dipPosition":[-6.60522,271.262,-5.98269],"direction":[-0.367475,0.274598,-0.888571],"extended":false,"handId":367,"id":3670,"length":52.1005,"mcpPosition":[37.5904,251.037,61.3071],"pipPosition":[5.92024,261.902,24.3044],"stabilizedTipPosition":[6.06286,258.228,77.759],"timeVisible":0.524125,"tipPosition":[0.913457,277.02,-21.8252],"tipVelocity":[-1.47874,-7.02956,-162.951],"tool":false,"touchDistance":-0.555538,"touchZone":"hovering","type":0,"width":20.2438},{"bases":[[[0.896767,0.400012,-0.189206],[-0.171732,0.708678,0.684312],[0.40782,-0.581176,0.704214]],[[0.935673,0.33469,-0.111795],[-0.298643,0.919852,0.254331],[0.187957,-0.204584,0.960634]],[[0.935673,0.33469,-0.111795],[-0.322269,0.939563,0.115604],[0.14373,-0.0721399,0.986984]],[[0.935673,0.33469,-0.111795],[-0.334505,0.942161,0.0209716],[0.112348,0.0177734,0.99351]]],"btipPosition":[-3.2079,326.169,-64.6038],"carpPosition":[40.2506,273.198,69.2657],"dipPosition":[-1.28895,326.472,-47.6343],"direction":[-0.14373,0.0721399,-0.986984],"extended":true,"handId":367,"id":3671,"length":58.7895,"mcpPosition":[10.2566,315.942,17.4728],"pipPosition":[2.18399,324.729,-23.7857],"stabilizedTipPosition":[-0.0786808,312.003,29.58],"timeVisible":0.524125,"tipPosition":[-2.22053,326.77,-60.675],"tipVelocity":[4.05171,-14.4436,-157.021],"tool":false,"touchDistance":-0.560727,"touchZone":"hovering","type":1,"width":19.3369},{"bases":[[[0.959669,0.191103,-0.206193],[-0.00865496,0.753171,0.657768],[0.280999,-0.629455,0.724449]],[[0.963651,0.181936,-0.195645],[-0.254023,0.850806,-0.460002],[0.0827646,0.492979,0.866095]],[[0.963651,0.181936,-0.195645],[-0.168361,-0.155055,-0.973454],[-0.207442,0.971008,-0.118788]],[[0.963651,0.181936,-0.195645],[-0.0271034,-0.661945,-0.749062],[-0.265788,0.727137,-0.632952]]],"btipPosition":[37.9416,258.502,-9.28206],"carpPosition":[50.6382,279.618,67.7116],"dipPosition":[32.9484,272.162,-21.1729],"direction":[0.207442,-0.971008,0.118788],"extended":false,"handId":367,"id":3672,"length":66.986,"mcpPosition":[31.0394,323.52,17.1837],"pipPosition":[27.0513,299.766,-24.5497],"stabilizedTipPosition":[41.1745,241.142,77.8804],"timeVisible":0.524125,"tipPosition":[36.7312,261.618,-12.3826],"tipVelocity":[-13.0462,13.8653,-183.908],"tool":false,"touchDistance":0.333333,"touchZone":"none","type":2,"width":18.9914},{"bases":[[[0.988464,0.0390655,-0.146331],[0.0688932,0.74445,0.664114],[0.13488,-0.666534,0.733171]],[[0.990298,0.0294947,-0.135793],[-0.0981326,0.840323,-0.53313],[0.0983856,0.541283,0.835064]],[[0.990298,0.0294947,-0.135793],[-0.127017,-0.204208,-0.970652],[-0.0563592,0.978483,-0.198481]],[[0.990298,0.0294947,-0.135793],[-0.0781946,-0.689535,-0.720019],[-0.114871,0.723651,-0.680539]]],"btipPosition":[52.9937,260.095,0.186763],"carpPosition":[62.1281,283.147,65.1896],"dipPosition":[50.8481,273.612,-12.5245],"direction":[0.0563592,-0.978483,0.198481],"extended":false,"handId":367,"id":3673,"length":64.4088,"mcpPosition":[53.6818,324.886,19.2778],"pipPosition":[49.2873,300.709,-18.0212],"stabilizedTipPosition":[57.5771,244.669,83.2592],"timeVisible":0.524125,"tipPosition":[52.4654,263.079,-2.82919],"tipVelocity":[-9.23016,4.32567,-172.895],"tool":false,"touchDistance":0.333333,"touchZone":"none","type":3,"width":18.0715},{"bases":[[[0.972369,-0.161886,-0.168197],[0.233441,0.679633,0.695417],[0.00173378,-0.715466,0.698645]],[[0.972178,-0.148889,-0.180836],[0.0275353,0.839289,-0.542988],[0.232618,0.522902,0.820038]],[[0.972178,-0.148889,-0.180836],[-0.207578,-0.189874,-0.959614],[0.10854,0.970454,-0.215497]],[[0.972178,-0.148889,-0.180836],[-0.233904,-0.658501,-0.715308],[-0.0125791,0.737705,-0.675006]]],"btipPosition":[64.7104,271.462,6.12838],"carpPosition":[74.9391,280.159,59.7691],"dipPosition":[64.4937,284.174,-5.50301],"direction":[-0.10854,-0.970454,0.215497],"extended":false,"handId":367,"id":3674,"length":50.4953,"mcpPosition":[74.8386,321.633,19.2704],"pipPosition":[66.6159,303.149,-9.71659],"stabilizedTipPosition":[70.0464,258.465,85.374],"timeVisible":0.524125,"tipPosition":[64.5856,274.452,2.75663],"tipVelocity":[-9.70582,-3.31652,-145.134],"tool":false,"touchDistance":0.333333,"touchZone":"none","type":4,"width":16.0525}],"r":[[0.972062,0.137329,0.19036],[-0.185133,0.947116,0.262101],[-0.144299,-0.29002,0.946079]],"s":1.07139,"t":[-33.5359,89.561,-171.199],"timestamp":521151349620},false],[6,{"currentFrameRate":105.398,"devices":[],"gestures":[],"hands":[{"armBasis":[[0.876786,0.395906,-0.272954],[-0.182117,0.798712,0.573492],[0.445061,-0.45312,0.772401]],"armWidth":63.7005,"confidence":0.73652,"direction":[-0.271421,0.738811,-0.616838],"elbow":[182.921,144.994,272.593],"grabStrength":0.171569,"id":367,"palmNormal":[0.109102,-0.613148,-0.782398],"palmPosition":[41.3229,302.404,28.0846],"palmVelocity":[-9.55,-36.6218,-135.025],"palmWidth":90.9622,"pinchStrength":0.602571,"r":[[0.971573,0.137059,0.193032],[-0.185811,0.946729,0.263018],[-0.1467,-0.291409,0.945283]],"s":1.06952,"sphereCenter":[50.0082,286.317,-21.3137],"sphereRadius":48.1621,"stabilizedPalmPosition":[51.5935,285.748,120.872],"t":[-33.5853,89.1791,-172.317],"timeVisible":0.533165,"type":"right","wrist":[62.7911,267.299,64.1087]}],"id":4089446,"interactionBox":{"center":[0,200,0],"size":[235.247,235.247,147.751]},"pointables":[{"bases":[[[0.234249,0.805115,0.544901],[-0.712455,-0.23919,0.659693],[0.661464,-0.54275,0.517579]],[[-0.0323152,0.950299,0.309658],[-0.771648,-0.22063,0.596558],[0.635228,-0.219669,0.740426]],[[-0.0323152,0.950299,0.309658],[-0.929895,-0.142164,0.339242],[0.366404,-0.276986,0.888272]],[[-0.0323152,0.950299,0.309658],[-0.91046,0.0998272,-0.40137],[-0.412334,-0.294901,0.861983]]],"btipPosition":[3.10364,277.485,-27.176],"carpPosition":[37.6448,250.182,60.2172],"dipPosition":[-6.54351,270.585,-7.00871],"direction":[-0.366404,0.276986,-0.888272],"extended":false,"handId":367,"id":3670,"length":52.1005,"mcpPosition":[37.6448,250.182,60.2172],"pipPosition":[5.94543,261.144,23.2682],"stabilizedTipPosition":[6.06234,258.229,77.7489],"timeVisible":0.533165,"tipPosition":[0.981627,276.351,-22.8442],"tipVelocity":[0.588149,-24.8404,-149.126],"tool":false,"touchDistance":-0.543612,"touchZone":"hovering","type":0,"width":20.2438},{"bases":[[[0.897109,0.399735,-0.188166],[-0.171403,0.707438,0.685676],[0.407205,-0.582875,0.703165]],[[0.93528,0.335575,-0.112427],[-0.299422,0.919656,0.254124],[0.188672,-0.204014,0.960615]],[[0.93528,0.335575,-0.112427],[-0.32304,0.939238,0.116093],[0.144554,-0.0722607,0.986855]],[[0.93528,0.335575,-0.112427],[-0.335289,0.941858,0.0220165],[0.113279,0.017104,0.993416]]],"btipPosition":[-3.16088,325.41,-65.5662],"carpPosition":[40.3189,272.325,68.2207],"dipPosition":[-1.22603,325.702,-48.5982],"direction":[-0.144554,0.0722607,-0.986855],"extended":true,"handId":367,"id":3671,"length":58.7895,"mcpPosition":[10.3702,315.194,16.5049],"pipPosition":[2.26682,323.956,-24.7528],"stabilizedTipPosition":[-0.0794081,312.007,29.5548],"timeVisible":0.533165,"tipPosition":[-2.1703,326.039,-61.6329],"tipVelocity":[4.47995,-33.6617,-143.096],"tool":false,"touchDistance":-0.547429,"touchZone":"hovering","type":1,"width":19.3369},{"bases":[[[0.959864,0.190815,-0.205551],[-0.00828659,0.751865,0.659265],[0.280344,-0.631101,0.723269]],[[0.963846,0.1816,-0.194992],[-0.253125,0.852614,-0.457141],[0.0832364,0.489971,0.867756]],[[0.963846,0.1816,-0.194992],[-0.168233,-0.152756,-0.973839],[-0.206635,0.971436,-0.116682]],[[0.963846,0.1816,-0.194992],[-0.0271658,-0.661007,-0.749888],[-0.265071,0.728074,-0.632176]]],"btipPosition":[38.0016,257.854,-10.3837],"carpPosition":[50.7116,278.74,66.6821],"dipPosition":[33.0219,271.532,-22.2599],"direction":[0.206635,-0.971436,0.116682],"extended":false,"handId":367,"id":3672,"length":66.986,"mcpPosition":[31.1585,322.757,16.2365],"pipPosition":[27.1477,299.148,-25.5769],"stabilizedTipPosition":[41.1688,241.168,77.7589],"timeVisible":0.533165,"tipPosition":[36.8055,260.952,-13.4459],"tipVelocity":[-7.52673,-9.5744,-166.706],"tool":false,"touchDistance":0.333333,"touchZone":"none","type":2,"width":18.9914},{"bases":[[[0.988532,0.0386377,-0.145985],[0.0692535,0.743075,0.665615],[0.134196,-0.668091,0.731878]],[[0.990361,0.0290185,-0.135437],[-0.0973877,0.841189,-0.531899],[0.0984932,0.539962,0.835907]],[[0.990361,0.0290185,-0.135437],[-0.126803,-0.203495,-0.97083],[-0.0557329,0.978646,-0.197854]],[[0.990361,0.0290185,-0.135437],[-0.0783166,-0.689185,-0.72034],[-0.114244,0.724004,-0.680269]]],"btipPosition":[53.0794,259.36,-0.811582],"carpPosition":[62.2048,282.266,64.1703],"dipPosition":[50.9455,272.883,-13.5179],"direction":[0.0557329,-0.978646,0.197854],"extended":false,"handId":367,"id":3673,"length":64.4088,"mcpPosition":[53.8013,324.103,18.3394],"pipPosition":[49.402,299.985,-18.9971],"stabilizedTipPosition":[57.5766,244.671,83.2506],"timeVisible":0.533165,"tipPosition":[52.5519,262.348,-3.84853],"tipVelocity":[-3.99095,-19.2437,-155.645],"tool":false,"touchDistance":0.333333,"touchZone":"none","type":3,"width":18.0715},{"bases":[[[0.972297,-0.162259,-0.168256],[0.233745,0.678076,0.696833],[0.00102312,-0.716858,0.697219]],[[0.972136,-0.1499,-0.180228],[0.029964,0.841983,-0.538672],[0.232496,0.518262,0.823013]],[[0.972136,-0.1499,-0.180228],[-0.206802,-0.186365,-0.960469],[0.110386,0.970978,-0.212172]],[[0.972136,-0.1499,-0.180228],[-0.234158,-0.657162,-0.716455],[-0.0110426,0.738694,-0.673951]]],"btipPosition":[64.7694,270.8,5.00093],"carpPosition":[75.0151,279.279,58.7474],"dipPosition":[64.5791,283.529,-6.61227],"direction":[-0.110386,-0.970978,0.212172],"extended":false,"handId":367,"id":3674,"length":50.4953,"mcpPosition":[74.9558,320.834,18.3314],"pipPosition":[66.7374,302.514,-10.7608],"stabilizedTipPosition":[70.0455,258.468,85.3592],"timeVisible":0.533165,"tipPosition":[64.664,273.754,1.70438],"tipVelocity":[-5.0473,-22.4679,-139.38],"tool":false,"touchDistance":0.333333,"touchZone":"none","type":4,"width":16.0525}],"r":[[0.971573,0.137059,0.193032],[-0