{"sensorType":"Leap","data":[[0,{"currentFrameRate":110.019,"devices":[],"gestures":[],"hands":[{"armBasis":[[0.871838,0.441174,-0.212754],[-0.256054,0.780824,0.569869],[0.417535,-0.442357,0.793716]],"armWidth":63.7005,"confidence":0.387494,"direction":[-0.29183,0.760337,-0.580278],"elbow":[192.375,121.768,272.281],"grabStrength":0.166101,"id":367,"palmNormal":[0.167326,-0.556747,-0.813655],"palmPosition":[57.4679,277.26,23.4727],"palmVelocity":[4.02802,-8.53865,71.5772],"palmWidth":90.9622,"pinchStrength":0.334801,"r":[[0.953904,0.177979,0.24164],[-0.248175,0.920543,0.301679],[-0.168747,-0.347742,0.92228]],"s":1.12101,"sphereCenter":[65.347,264.117,-25.2888],"sphereRadius":47.5828,"stabilizedPalmPosition":[58.4503,276.368,1.01176],"t":[-17.5412,63.7122,-178.637],"timeVisible":2.16012,"type":"right","wrist":[79.6756,241.168,58.0434]}],"id":4089621,"interactionBox":{"center":[0,200,0],"size":[235.247,235.247,147.751]},"pointables":[{"bases":[[[0.17234,0.780956,0.600339],[-0.71883,-0.316987,0.61871],[0.673485,-0.53817,0.506745]],[[-0.0365001,0.905974,0.421756],[-0.769139,-0.294923,0.566961],[0.638038,-0.303695,0.707585]],[[-0.0365001,0.905974,0.421756],[-0.915428,-0.199587,0.349509],[0.400824,-0.37333,0.836639]],[[-0.0365001,0.905974,0.421756],[-0.949186,0.100583,-0.298208],[-0.312591,-0.41121,0.856267]]],"btipPosition":[17.4538,260.522,-31.6124],"carpPosition":[55.642,223.021,52.2484],"dipPosition":[10.1403,250.902,-11.5788],"direction":[-0.400824,0.37333,-0.836639],"extended":false,"handId":367,"id":3670,"length":52.1005,"mcpPosition":[55.642,223.021,52.2484],"pipPosition":[23.8024,238.176,16.9382],"stabilizedTipPosition":[18.4154,256.018,-44.7041],"timeVisible":2.16012,"tipPosition":[15.8927,258.801,-27.1373],"tipVelocity":[-11.1766,-5.1939,65.4003],"tool":false,"touchDistance":0.219558,"touchZone":"hovering","type":0,"width":20.2438},{"bases":[[[0.879353,0.457457,-0.132181],[-0.231605,0.653443,0.720675],[0.416051,-0.603113,0.680556]],[[0.890328,0.440908,-0.113648],[-0.391115,0.868371,0.304896],[0.23312,-0.227008,0.945581]],[[0.890328,0.440908,-0.113648],[-0.435131,0.897421,0.0727774],[0.134078,-0.0153439,0.990852]],[[0.890328,0.440908,-0.113648],[-0.450934,0.888403,-0.0860152],[0.0630406,0.12783,0.989791]]],"btipPosition":[11.9143,297.03,-69.8513],"carpPosition":[56.8425,244.735,61.6616],"dipPosition":[12.9911,299.213,-52.9453],"direction":[-0.134078,0.0153439,-0.990852],"extended":true,"handId":367,"id":3671,"length":58.7895,"mcpPosition":[26.2431,289.092,11.6087],"pipPosition":[16.2308,298.842,-29.0033],"stabilizedTipPosition":[13.9524,298.439,-86.4188],"timeVisible":2.16012,"tipPosition":[11.926,299.088,-65.6991],"tipVelocity":[0.720779,-18.0783,84.7542],"tool":false,"touchDistance":0.254112,"touchZone":"hovering","type":1,"width":19.3369},{"bases":[[[0.95399,0.253625,-0.159928],[-0.0704153,0.707974,0.702719],[0.291452,-0.659126,0.693259]],[[0.954695,0.252025,-0.158245],[-0.297584,0.806272,-0.511242],[-0.00125699,0.535171,0.844743]],[[0.954695,0.252025,-0.158245],[-0.077799,-0.301892,-0.950162],[-0.287237,0.919426,-0.268607]],[[0.954695,0.252025,-0.158245],[0.0949306,-0.761899,-0.640701],[-0.282039,0.596651,-0.751306]]],"btipPosition":[60.108,234.611,-6.42925],"carpPosition":[66.9113,251.773,60.8777],"dipPosition":[54.8096,245.82,-20.5435],"direction":[0.287237,-0.919426,0.268607],"extended":false,"handId":367,"id":3672,"length":66.986,"mcpPosition":[46.5835,297.745,12.5251],"pipPosition":[46.6441,271.957,-28.1794],"stabilizedTipPosition":[59.1348,228.866,-35.9557],"timeVisible":2.16012,"tipPosition":[58.5879,237.072,-11.0212],"tipVelocity":[9.31879,18.1169,94.4914],"tool":false,"touchDistance":0.333333,"touchZone":"none","type":2,"width":18.9914},{"bases":[[[0.989057,0.0997684,-0.108682],[0.00724969,0.702913,0.711239],[0.147353,-0.704244,0.694498]],[[0.985714,0.114664,-0.123369],[-0.163087,0.832776,-0.529044],[0.0420766,0.541606,0.839579]],[[0.985714,0.114664,-0.123369],[-0.0826023,-0.309225,-0.947395],[-0.146781,0.944051,-0.295336]],[[0.985714,0.114664,-0.123369],[0.012108,-0.778824,-0.627126],[-0.167991,0.616673,-0.769086]]],"btipPosition":[74.3636,238.297,0.540552],"carpPosition":[78.2677,256.05,58.9871],"dipPosition":[71.2258,249.815,-13.8247],"direction":[0.146781,-0.944051,0.295336],"extended":false,"handId":367,"id":3673,"length":64.4088,"mcpPosition":[69.0403,300.151,15.497],"pipPosition":[67.1609,275.959,-22.0036],"stabilizedTipPosition":[74.1861,231.933,-28.6728],"timeVisible":2.16012,"tipPosition":[73.4736,240.652,-3.75003],"tipVelocity":[3.51094,14.5396,66.3907],"tool":false,"touchDistance":0.333333,"touchZone":"none","type":3,"width":18.0715},{"bases":[[[0.98458,-0.099933,-0.143584],[0.173986,0.644875,0.744221],[0.0182217,-0.757726,0.652318]],[[0.984726,-0.119022,-0.127078],[0.0372511,0.856984,-0.513995],[0.17008,0.50141,0.848328]],[[0.984726,-0.119022,-0.127078],[-0.156491,-0.285077,-0.945644],[0.0763249,0.951086,-0.299349]],[[0.984726,-0.119022,-0.127078],[-0.172649,-0.761897,-0.624264],[-0.0225194,0.636669,-0.770808]]],"btipPosition":[83.2154,250.719,5.1809],"carpPosition":[91.3881,254.086,53.8459],"dipPosition":[82.8274,261.689,-8.10131],"direction":[-0.0763249,-0.951086,0.299349],"extended":false,"handId":367,"id":3674,"length":50.4953,"mcpPosition":[90.3318,298.01,16.0326],"pipPosition":[84.3197,280.286,-13.9544],"stabilizedTipPosition":[81.4776,245.05,-22.4242],"timeVisible":2.16012,"tipPosition":[82.5559,252.866,1.43714],"tipVelocity":[13.9481,15.923,61.7576],"tool":false,"touchDistance":0.333333,"touchZone":"none","type":4,"width":16.0525}],"r":[[0.953904,0.177979,0.24164],[-0.248175,0.920543,0.301679],[-0.168747,-0.347742,0.92228]],"s":1.12101,"t":[-17.5412,63.7122,-178.637],"timestamp":521152985610},false],[1,{"currentFrameRate":109.979,"devices":[],"gestures":[],"hands":[{"armBasis":[[0.871762,0.440979,-0.21347],[-0.255307,0.780771,0.570276],[0.418151,-0.442645,0.793231]],"armWidth":63.7005,"confidence":0.423215,"direction":[-0.292807,0.759978,-0.580256],"elbow":[192.569,121.658,272.403],"grabStrength":0.176393,"id":367,"palmNormal":[0.166308,-0.557125,-0.813605],"palmPosition":[57.4385,277.205,23.738],"palmVelocity":[2.01145,-7.81119,59.6938],"palmWidth":90.9622,"pinchStrength":0.336323,"r":[[0.954226,0.177459,0.240751],[-0.247994,0.919423,0.305221],[-0.167188,-0.350954,0.921347]],"s":1.12002,"sphereCenter":[65.2749,264.028,-24.9845],"sphereRadius":47.5192,"stabilizedPalmPosition":[58.4503,276.368,1.01208],"t":[-17.5302,63.6554,-178.21],"timeVisible":2.16928,"type":"right","wrist":[79.7024,241.136,58.296]}],"id":4089622,"interactionBox":{"center":[0,200,0],"size":[235.247,235.247,147.751]},"pointables":[{"bases":[[[0.17301,0.781299,0.599699],[-0.717895,-0.316827,0.619877],[0.67431,-0.537766,0.506076]],[[-0.0378531,0.906882,0.419681],[-0.767651,-0.295266,0.568797],[0.639749,-0.300638,0.707346]],[[-0.0378531,0.906882,0.419681],[-0.915727,-0.1996,0.348719],[0.400015,-0.371113,0.838012]],[[-0.0378531,0.906882,0.419681],[-0.948707,0.0993054,-0.300156],[-0.313883,-0.409516,0.856606]]],"btipPosition":[17.4489,260.215,-31.3598],"carpPosition":[55.6647,222.981,52.5438],"dipPosition":[10.1051,250.633,-11.3182],"direction":[-0.400015,0.371113,-0.838012],"extended":false,"handId":367,"id":3670,"length":52.1005,"mcpPosition":[55.6647,222.981,52.5438],"pipPosition":[23.7397,237.984,17.2456],"stabilizedTipPosition":[18.4142,256.019,-44.6961],"timeVisible":2.16928,"tipPosition":[15.8419,258.542,-26.8433],"tipVelocity":[-8.42207,-12.8343,54.9103],"tool":false,"touchDistance":0.223799,"touchZone":"hovering","type":0,"width":20.2438},{"bases":[[[0.879067,0.45758,-0.133644],[-0.230738,0.65376,0.720665],[0.417133,-0.602676,0.68028]],[[0.88947,0.441983,-0.116165],[-0.392977,0.869496,0.299243],[0.233265,-0.220517,0.947079]],[[0.88947,0.441983,-0.116165],[-0.437468,0.897007,0.0632545],[0.132158,-0.0054445,0.991214]],[[0.88947,0.441983,-0.116165],[-0.453062,0.886126,-0.0975486],[0.059822,0.139396,0.988428]]],"btipPosition":[11.9609,296.247,-69.5982],"carpPosition":[56.8736,244.7,61.9443],"dipPosition":[12.9827,298.628,-52.7155],"direction":[-0.132158,0.0054445,-0.991214],"extended":true,"handId":367,"id":3671,"length":58.7895,"mcpPosition":[26.1946,289.025,11.9116],"pipPosition":[16.1761,298.496,-28.7647],"stabilizedTipPosition":[13.9495,298.436,-86.3837],"timeVisible":2.16928,"tipPosition":[11.9248,298.382,-65.4511],"tipVelocity":[1.55351,-35.4687,68.6639],"tool":false,"touchDistance":0.258242,"touchZone":"hovering","type":1,"width":19.3369},{"bases":[[[0.95371,0.25375,-0.161392],[-0.0695858,0.708317,0.702456],[0.292565,-0.658709,0.693187]],[[0.954141,0.252778,-0.160369],[-0.299357,0.805187,-0.511917],[-0.000274383,0.536449,0.843933]],[[0.954141,0.252778,-0.160369],[-0.0785513,-0.30553,-0.948937],[-0.288868,0.918017,-0.271662]],[[0.954141,0.252778,-0.160369],[0.0954157,-0.764568,-0.637442],[-0.283744,0.592908,-0.753624]]],"btipPosition":[60.0899,234.598,-5.98974],"carpPosition":[66.9398,251.74,61.1427],"dipPosition":[54.7594,245.736,-20.1475],"direction":[0.288868,-0.918017,0.271662],"extended":false,"handId":367,"id":3672,"length":66.986,"mcpPosition":[46.5344,297.682,12.7952],"pipPosition":[46.5476,271.833,-27.8703],"stabilizedTipPosition":[59.1348,228.866,-35.9549],"timeVisible":2.16928,"tipPosition":[58.5648,237.036,-10.559],"tipVelocity":[5.94655,12.1652,81.216],"tool":false,"touchDistance":0.333333,"touchZone":"none","type":2,"width":18.9914},{"bases":[[[0.988883,0.0999268,-0.110116],[0.00809213,0.703277,0.71087],[0.148477,-0.703858,0.69465]],[[0.985383,0.115361,-0.125346],[-0.164759,0.832383,-0.529143],[0.0432935,0.54206,0.839224]],[[0.985383,0.115361,-0.125346],[-0.0835628,-0.313872,-0.945781],[-0.148449,0.942431,-0.299644]],[[0.985383,0.115361,-0.125346],[0.0125591,-0.782999,-0.621896],[-0.169889,0.611232,-0.773003]]],"btipPosition":[74.3454,238.367,0.986352],"carpPosition":[78.2926,256.019,59.2341],"dipPosition":[71.1721,249.784,-13.452],"direction":[0.148449,-0.942431,0.299644],"extended":false,"handId":367,"id":3673,"length":64.4088,"mcpPosition":[68.9948,300.095,15.7345],"pipPosition":[67.061,275.883,-21.7502],"stabilizedTipPosition":[74.1861,231.933,-28.6722],"timeVisible":2.16928,"tipPosition":[73.4446,240.679,-3.32184],"tipVelocity":[1.73003,11.9134,60.9335],"tool":false,"touchDistance":0.333333,"touchZone":"none","type":3,"width":18.0715},{"bases":[[[0.984399,-0.0997933,-0.144911],[0.174887,0.645292,0.743648],[0.0192986,-0.75739,0.652678]],[[0.984585,-0.116715,-0.130271],[0.0337801,0.857661,-0.513105],[0.171615,0.500795,0.848383]],[[0.984585,-0.116715,-0.130271],[-0.159047,-0.287518,-0.944477],[0.0727795,0.950637,-0.301649]],[[0.984585,-0.116715,-0.130271],[-0.172778,-0.764888,-0.62056],[-0.0272137,0.633502,-0.773263]]],"btipPosition":[83.2671,250.753,5.475],"carpPosition":[91.4062,254.055,54.0755],"dipPosition":[82.7981,261.669,-7.8495],"direction":[-0.0727795,-0.950637,0.301649],"extended":false,"handId":367,"id":3674,"length":50.4953,"mcpPosition":[90.2875,297.959,16.2414],"pipPosition":[84.2212,280.257,-13.7476],"stabilizedTipPosition":[81.4777,245.051,-22.4231],"timeVisible":2.16928,"tipPosition":[82.5847,252.877,1.74118],"tipVelocity":[11.0649,12.1391,53.1926],"tool":false,"touchDistance":0.333333,"touchZone":"none","type":4,"width":16.0525}],"r":[[0.954226,0.177459,0.240751],[-0.247994,0.919423,0.305221],[-0.167188,-0.350954,0.921347]],"s":1.12002,"t":[-17.5302,63.6554,-178.21],"timestamp":521152994773},false],[2,{"currentFrameRate":110.1,"devices":[],"gestures":[],"hands":[{"armBasis":[[0.872417,0.439718,-0.213395],[-0.254212,0.781124,0.570281],[0.417451,-0.443275,0.793248]],"armWidth":63.7005,"confidence":0.44706,"direction":[-0.292817,0.760004,-0.580217],"elbow":[192.362,121.516,272.545],"grabStrength":0.185829,"id":367,"palmNormal":[0.165144,-0.557497,-0.813587],"palmPosition":[57.4137,277.238,23.8857],"palmVelocity":[0.70689,-4.68915,48.0233],"palmWidth":90.9622,"pinchStrength":0.339927,"r":[[0.954553,0.176925,0.239846],[-0.247656,0.918574,0.30804],[-0.165817,-0.35344,0.920644]],"s":1.11864,"sphereCenter":[65.1987,264.025,-24.8048],"sphereRadius":47.456,"stabilizedPalmPosition":[58.4503,276.368,1.0123],"t":[-17.537,63.6434,-177.922],"timeVisible":2.17815,"type":"right","wrist":[79.6847,241.164,58.4339]}],"id":4089623,"interactionBox":{"center":[0,200,0],"size":[235.247,235.247,147.751]},"pointables":[{"bases":[[[0.17413,0.781364,0.599291],[-0.717533,-0.316125,0.620654],[0.674407,-0.538085,0.505607]],[[-0.0390652,0.907935,0.417286],[-0.766733,-0.295033,0.570155],[0.640776,-0.297674,0.707669]],[[-0.0390652,0.907935,0.417286],[-0.91622,-0.199201,0.347649],[0.398767,-0.368745,0.83965]],[[-0.0390652,0.907935,0.417286],[-0.947903,0.0984559,-0.302961],[-0.316153,-0.407382,0.856789]]],"btipPosition":[17.4573,259.979,-31.2697],"carpPosition":[55.6287,223.024,52.7101],"dipPosition":[10.0604,250.448,-11.2239],"direction":[-0.398767,0.368745,-0.83965],"extended":false,"handId":367,"id":3670,"length":52.1005,"mcpPosition":[55.6287,223.024,52.7101],"pipPosition":[23.6525,237.879,17.3958],"stabilizedTipPosition":[18.4131,256.02,-44.6888],"timeVisible":2.17815,"tipPosition":[15.8032,258.373,-26.7062],"tipVelocity":[-6.25466,-16.2012,42.8053],"tool":false,"touchDistance":0.225317,"touchZone":"hovering","type":0,"width":20.2438},{"bases":[[[0.879264,0.456916,-0.134618],[-0.229594,0.654148,0.720678],[0.417349,-0.602759,0.680074]],[[0.88914,0.442143,-0.118063],[-0.393983,0.87081,0.294053],[0.232824,-0.21494,0.948469]],[[0.88914,0.442143,-0.118063],[-0.438767,0.896939,0.054636],[0.130053,0.00322319,0.991502]],[[0.88914,0.442143,-0.118063],[-0.454109,0.884386,-0.107918],[0.0566983,0.149568,0.987124]]],"btipPosition":[12.0565,295.676,-69.469],"carpPosition":[56.8619,244.745,62.1027],"dipPosition":[13.0249,298.23,-52.6086],"direction":[-0.130053,-0.00322319,-0.991502],"extended":true,"handId":367,"id":3671,"length":58.7895,"mcpPosition":[26.167,289.077,12.0852],"pipPosition":[16.1674,298.308,-28.6509],"stabilizedTipPosition":[13.9461,298.432,-86.3423],"timeVisible":2.17815,"tipPosition":[11.9809,297.868,-65.3297],"tipVelocity":[3.67865,-42.1027,53.8373],"tool":false,"touchDistance":0.260309,"touchZone":"hovering","type":1,"width":19.3369},{"bases":[[[0.953737,0.253024,-0.162372],[-0.0684204,0.708585,0.7023],[0.292753,-0.6587,0.693116]],[[0.95406,0.252295,-0.161605],[-0.299613,0.805321,-0.511557],[0.00108092,0.536475,0.843916]],[[0.95406,0.252295,-0.161605],[-0.0796601,-0.306365,-0.948575],[-0.288831,0.917871,-0.272193]],[[0.95406,0.252295,-0.161605],[0.0946261,-0.765498,-0.636442],[-0.28428,0.591912,-0.754205]]],"btipPosition":[60.013,234.656,-5.81133],"carpPosition":[66.9323,251.777,61.2893],"dipPosition":[54.6724,245.776,-19.98],"direction":[0.288831,-0.917871,0.272193],"extended":false,"handId":367,"id":3672,"length":66.986,"mcpPosition":[46.5137,297.72,12.9468],"pipPosition":[46.4616,271.869,-27.7178],"stabilizedTipPosition":[59.1348,228.866,-35.9544],"timeVisible":2.17815,"tipPosition":[58.4908,237.081,-10.3515],"tipVelocity":[1.91006,10.5306,64.572],"tool":false,"touchDistance":0.333333,"touchZone":"none","type":2,"width":18.9914},{"bases":[[[0.988849,0.0991921,-0.111082],[0.00926188,0.703493,0.710642],[0.148636,-0.703746,0.694729]],[[0.985276,0.114909,-0.126595],[-0.16504,0.832559,-0.52878],[0.0446358,0.541887,0.839265]],[[0.985276,0.114909,-0.126595],[-0.0844884,-0.316476,-0.94483],[-0.148634,0.941615,-0.302108]],[[0.985276,0.114909,-0.126595],[0.0121487,-0.785638,-0.618568],[-0.170537,0.607922,-0.775466]]],"btipPosition":[74.2864,238.481,1.22835],"carpPosition":[78.2863,256.048,59.3687],"dipPosition":[71.1011,249.836,-13.256],"direction":[0.148634,-0.941615,0.302108],"extended":false,"handId":367,"id":3673,"length":64.4088,"mcpPosition":[68.9786,300.117,15.8641],"pipPosition":[66.9849,275.913,-21.6225],"stabilizedTipPosition":[74.1861,231.933,-28.6718],"timeVisible":2.17815,"tipPosition":[73.3854,240.763,-3.07259],"tipVelocity":[-0.626182,11.7432,51.4869],"tool":false,"touchDistance":0.333333,"touchZone":"none","type":3,"width":18.0715},{"bases":[[[0.984191,-0.100536,-0.14581],[0.176046,0.6454,0.743281],[0.0193794,-0.757199,0.652896]],[[0.984382,-0.115231,-0.133094],[0.0313299,0.858617,-0.511659],[0.173236,0.499498,0.848817]],[[0.984382,-0.115231,-0.133094],[-0.161478,-0.28987,-0.943345],[0.0701227,0.950104,-0.30395]],[[0.984382,-0.115231,-0.133094],[-0.173264,-0.768028,-0.616532],[-0.0311765,0.629964,-0.775999]]],"btipPosition":[83.3127,250.877,5.66191],"carpPosition":[91.3936,254.073,54.1983],"dipPosition":[82.7755,261.732,-7.70973],"direction":[-0.0701227,-0.950104,0.30395],"extended":false,"handId":367,"id":3674,"length":50.4953,"mcpPosition":[90.2702,297.966,16.3515],"pipPosition":[84.1466,280.31,-13.6528],"stabilizedTipPosition":[81.4778,245.051,-22.4221],"timeVisible":2.17815,"tipPosition":[82.6106,252.972,1.93662],"tipVelocity":[8.9811,12.2243,44.1526],"tool":false,"touchDistance":0.333333,"touchZone":"none","type":4,"width":16.0525}],"r":[[0.954553,0.176925,0.239846],[-0.247656,0.918574,0.30804],[-0.165817,-0.35344,0.920644]],"s":1.11864,"t":[-17.537,63.6434,-177.922],"timestamp":521153003641},false],[3,{"currentFrameRate":109.902,"devices":[],"gestures":[],"hands":[{"armBasis":[[0.873008,0.439394,-0.211635],[-0.254456,0.780561,0.570944],[0.416063,-0.444587,0.793242]],"armWidth":63.7005,"confidence":0.481271,"direction":[-0.293504,0.759884,-0.580027],"elbow":[191.939,121.223,272.857],"grabStrength":0.19465,"id":367,"palmNormal":[0.165295,-0.55727,-0.813713],"palmPosition":[57.3304,277.289,24.2105],"palmVelocity":[-2.01667,-1.80589,44.1168],"palmWidth":90.9622,"pinchStrength":0.341255,"r":[[0.954803,0.176625,0.239072],[-0.247492,0.917846,0.310333],[-0.164619,-0.355476,0.920075]],"s":1.1171,"sphereCenter":[65.0047,264.066,-24.4065],"sphereRadius":47.3555,"stabilizedPalmPosition":[58.4503,276.368,1.01247],"t":[-17.5821,63.6629,-177.616],"timeVisible":2.1876,"type":"right","wrist":[79.636,241.225,58.7473]}],"id":4089624,"interactionBox":{"center":[0,200,0],"size":[235.247,235.247,147.751]},"pointables":[{"bases":[[[0.173765,0.781399,0.599351],[-0.717139,-0.316704,0.620814],[0.674921,-0.537693,0.50534]],[[-0.0414836,0.908602,0.415597],[-0.765724,-0.296114,0.570949],[0.64183,-0.294548,0.708023]],[[-0.0414836,0.908602,0.415597],[-0.916563,-0.200188,0.346175],[0.397733,-0.366561,0.841096]],[[-0.0414836,0.908602,0.415597],[-0.945093,0.0992674,-0.31136],[-0.324158,-0.405694,0.854596]]],"btipPosition":[17.5894,259.755,-30.9676],"carpPosition":[55.5909,223.07,53.0278],"dipPosition":[10.0053,250.263,-10.9731],"direction":[-0.397733,0.366561,-0.841096],"extended":false,"handId":367,"id":3670,"length":52.1005,"mcpPosition":[55.5909,223.07,53.0278],"pipPosition":[23.562,237.769,17.6958],"stabilizedTipPosition":[18.412,256.02,-44.6808],"timeVisible":2.1876,"tipPosition":[15.8246,258.197,-26.3922],"tipVelocity":[-1.76978,-18.0818,39.3474],"tool":false,"touchDistance":0.230156,"touchZone":"hovering","type":0,"width":20.2438},{"bases":[[[0.878912,0.457538,-0.134805],[-0.229838,0.653889,0.720835],[0.417957,-0.602568,0.679871]],[[0.888194,0.44371,-0.119302],[-0.396399,0.871288,0.289354],[0.232336,-0.209711,0.949758]],[[0.888194,0.44371,-0.119302],[-0.441286,0.896109,0.0474866],[0.127978,0.0104692,0.991722]],[[0.888194,0.44371,-0.119302],[-0.456322,0.882195,-0.116198],[0.0536895,0.157647,0.986035]]],"btipPosition":[12.0842,295.169,-69.1757],"carpPosition":[56.8118,244.791,62.4231],"dipPosition":[13.0013,297.862,-52.3339],"direction":[-0.127978,-0.0104692,-0.991722],"extended":true,"handId":367,"id":3671,"length":58.7895,"mcpPosition":[26.0723,289.108,12.4205],"pipPosition":[16.0936,298.115,-28.3709],"stabilizedTipPosition":[13.9415,298.424,-86.2834],"timeVisible":2.1876,"tipPosition":[11.9832,297.395,-65.046],"tipVelocity":[3.10819,-44.4312,47.1836],"tool":false,"touchDistance":0.265126,"touchZone":"hovering","type":1,"width":19.3369},{"bases":[[[0.953517,0.253701,-0.162609],[-0.0687062,0.70844,0.702419],[0.293403,-0.658596,0.69294]],[[0.953521,0.253691,-0.162598],[-0.301325,0.803261,-0.513784],[0.000266178,0.538899,0.84237]],[[0.953521,0.253691,-0.162598],[-0.0777078,-0.314329,-0.946128],[-0.291133,0.914789,-0.280006]],[[0.953521,0.253691,-0.162598],[0.0979431,-0.771246,-0.628957],[-0.284963,0.583799,-0.760247]]],"btipPosition":[60.0301,234.825,-5.07048],"carpPosition":[66.8771,251.83,61.6079],"dipPosition":[54.6767,245.792,-19.3527],"direction":[0.291133,-0.914789,0.280006],"extended":false,"handId":367,"id":3672,"length":66.986,"mcpPosition":[46.4133,297.765,13.2776],"pipPosition":[46.4004,271.797,-27.3126],"stabilizedTipPosition":[59.1348,228.866,-35.9539],"timeVisible":2.1876,"tipPosition":[58.5014,237.204,-9.66733],"tipVelocity":[1.79191,11.5486,67.7374],"tool":false,"touchDistance":0.333333,"touchZone":"none","type":2,"width":18.9914},{"bases":[[[0.988749,0.0998861,-0.11135],[0.00898193,0.7034,0.710738],[0.149316,-0.703741,0.694588]],[[0.9852,0.115443,-0.126702],[-0.165519,0.832818,-0.528221],[0.0445399,0.541376,0.8396]],[[0.9852,0.115443,-0.126702],[-0.0843485,-0.31697,-0.944677],[-0.149217,0.941383,-0.302542]],[[0.9852,0.115443,-0.126702],[0.0127041,-0.786331,-0.617675],[-0.170936,0.606924,-0.77616]]],"btipPosition":[74.2131,238.589,1.56306],"carpPosition":[78.2277,256.108,59.6845],"dipPosition":[71.0203,249.926,-12.9343],"direction":[0.149217,-0.941383,0.302542],"extended":false,"handId":367,"id":3673,"length":64.4088,"mcpPosition":[68.8773,300.177,16.1888],"pipPosition":[66.8879,275.996,-21.3127],"stabilizedTipPosition":[74.1861,231.933,-28.6714],"timeVisible":2.1876,"tipPosition":[73.3191,240.863,-2.71693],"tipVelocity":[-2.72065,11.5196,46.799],"tool":false,"touchDistance":0.333333,"touchZone":"none","type":3,"width":18.0715},{"bases":[[[0.984218,-0.0998399,-0.146104],[0.175815,0.645417,0.743321],[0.0200851,-0.757277,0.652785]],[[0.984412,-0.111695,-0.135856],[0.0273012,0.860133,-0.509339],[0.173745,0.49769,0.849775]],[[0.984412,-0.111695,-0.135856],[-0.163276,-0.29327,-0.941984],[0.0653723,0.949482,-0.306936]],[[0.984412,-0.111695,-0.135856],[-0.172008,-0.772556,-0.611204],[-0.0366881,0.625045,-0.779726]]],"btipPosition":[83.3829,251.113,6.06903],"carpPosition":[91.3349,254.143,54.5101],"dipPosition":[82.7508,261.883,-7.36684],"direction":[-0.0653723,-0.949482,0.306936],"extended":false,"handId":367,"id":3674,"length":50.4953,"mcpPosition":[90.1706,298.041,16.6699],"pipPosition":[84.029,280.448,-13.3683],"stabilizedTipPosition":[81.4778,245.051,-22.421],"timeVisible":2.1876,"tipPosition":[82.6521,253.163,2.34139],"tipVelocity":[7.87593,15.261,43.3987],"tool":false,"touchDistance":0.333333,"touchZone":"none","type":4,"width":16.0525}],"r":[[0.954803,0.176625,0.239072],[-0.247492,0.917846,0.310333],[-0.164619,-0.355476,0.920075]],"s":1.1171,"t":[-17.5821,63.6629,-177.616],"timestamp":521153013091},false],[4,{"currentFrameRate":110.116,"devices":[],"gestures":[],"hands":[{"armBasis":[[0.874627,0.436867,-0.210176],[-0.252232,0.780302,0.572283],[0.414012,-0.447521,0.792666]],"armWidth":63.7005,"confidence":0.512608,"direction":[-0.294411,0.760159,-0.579207],"elbow":[191.499,120.42,273.223],"grabStrength":0.202345,"id":367,"palmNormal":[0.162787,-0.557322,-0.814182],"palmPosition":[57.3831,277.298,24.792],"palmVelocity":[0.136885,-1.05799,50.1771],"palmWidth":90.9622,"pinchStrength":0.342944,"r":[[0.955151,0.176236,0.237966],[-0.24706,0.917292,0.312309],[-0.163244,-0.357094,0.919693]],"s":1.11563,"sphereCenter":[64.8011,264.06,-23.7493],"sphereRadius":47.2546,"stabilizedPalmPosition":[58.4503,276.368,1.01257],"t":[-17.5783,63.677,-177.172],"timeVisible":2.1963,"type":"right","wrist":[79.7496,241.214,59.2684]}],"id":4089625,"interactionBox":{"center":[0,200,0],"size":[235.247,235.247,147.751]},"pointables":[{"bases":[[[0.175892,0.781213,0.598972],[-0.715787,-0.316215,0.622621],[0.675804,-0.538251,0.503563]],[[-0.0414499,0.909267,0.414144],[-0.764069,-0.295932,0.573256],[0.643802,-0.292673,0.707009]],[[-0.0414499,0.909267,0.414144],[-0.916469,-0.199694,0.346709],[0.397953,-0.365179,0.841592]],[[-0.0414499,0.909267,0.414144],[-0.942603,0.101869,-0.317998],[-0.331333,-0.403554,0.852855]]],"btipPosition":[17.7367,259.572,-30.3121],"carpPosition":[55.6762,223.078,53.6089],"dipPosition":[9.98463,250.13,-10.3583],"direction":[-0.397953,0.365179,-0.841592],"extended":false,"handId":367,"id":3670,"length":52.1005,"mcpPosition":[55.6762,223.078,53.6089],"pipPosition":[23.5489,237.683,18.3275],"stabilizedTipPosition":[18.4111,256.021,-44.6738],"timeVisible":2.1963,"tipPosition":[15.8615,258.054,-25.725],"tipVelocity":[2.03398,-18.5247,48.6615],"tool":false,"touchDistance":0.240924,"touchZone":"hovering","type":0,"width":20.2438},{"bases":[[[0.878912,0.456882,-0.137015],[-0.227494,0.653999,0.721479],[0.419238,-0.602946,0.678746]],[[0.887683,0.443873,-0.122457],[-0.39667,0.872225,0.286141],[0.23382,-0.205428,0.95033]],[[0.887683,0.443873,-0.122457],[-0.442215,0.895929,0.0419119],[0.128316,0.0169478,0.991588]],[[0.887683,0.443873,-0.122457],[-0.45736,0.880748,-0.122904],[0.0532997,0.165107,0.984834]]],"btipPosition":[12.0506,294.735,-68.514],"carpPosition":[56.9376,244.796,63.0029],"dipPosition":[12.9609,297.555,-51.6926],"direction":[-0.128316,-0.0169478,-0.991588],"extended":true,"handId":367,"id":3671,"length":58.7895,"mcpPosition":[26.1039,289.141,13.0831],"pipPosition":[16.0615,297.964,-27.7328],"stabilizedTipPosition":[13.9366,298.415,-86.22],"timeVisible":2.1963,"tipPosition":[11.9385,296.991,-64.3942],"tipVelocity":[1.19931,-45.0007,54.7428],"tool":false,"touchDistance":0.276077,"touchZone":"hovering","type":1,"width":19.3369},{"bases":[[[0.95329,0.252991,-0.165028],[-0.0663691,0.708429,0.702654],[0.294676,-0.658881,0.692129]],[[0.953004,0.253628,-0.165696],[-0.302949,0.801658,-0.515331],[0.00212955,0.54131,0.84082]],[[0.953004,0.253628,-0.165696],[-0.0783556,-0.321973,-0.943501],[-0.292648,0.912144,-0.286969]],[[0.953004,0.253628,-0.165696],[0.0986467,-0.776911,-0.621834],[-0.286446,0.576265,-0.76542]]],"btipPosition":[60.0515,234.943,-4.08938],"carpPosition":[67.0062,251.828,62.1626],"dipPosition":[54.6702,245.769,-18.4688],"direction":[0.292648,-0.912144,0.286969],"extended":false,"handId":367,"id":3672,"length":66.986,"mcpPosition":[46.4535,297.783,13.8889],"pipPosition":[46.3509,271.699,-26.6266],"stabilizedTipPosition":[59.1348,228.867,-35.9536],"timeVisible":2.1963,"tipPosition":[58.512,237.282,-8.72913],"tipVelocity":[1.77406,11.1021,79.0634],"tool":false,"touchDistance":0.333333,"touchZone":"none","type":2,"width":18.9914},{"bases":[[[0.988536,0.0991451,-0.113873],[0.0113362,0.703329,0.710774],[0.15056,-0.703916,0.694142]],[[0.985037,0.114393,-0.128906],[-0.165932,0.831612,-0.529989],[0.0465723,0.543448,0.83815]],[[0.985037,0.114393,-0.128906],[-0.0857819,-0.323294,-0.942402],[-0.149479,0.939359,-0.308644]],[[0.985037,0.114393,-0.128906],[0.011827,-0.791059,-0.611625],[-0.171938,0.600949,-0.780575]]],"btipPosition":[74.1977,238.665,2.43326],"carpPosition":[78.355,256.098,60.2106],"dipPosition":[70.9862,249.89,-12.1466],"direction":[0.149479,-0.939359,0.308644],"extended":false,"handId":367,"id":3673,"length":64.4088,"mcpPosition":[68.9268,300.177,16.7428],"pipPosition":[66.8466,275.904,-20.694],"stabilizedTipPosition":[74.1861,231.933,-28.6711],"timeVisible":2.1963,"tipPosition":[73.3002,240.924,-1.90976],"tipVelocity":[-2.59633,9.98068,60.4148],"tool":false,"touchDistance":0.333333,"touchZone":"none","type":3,"width":18.0715},{"bases":[[[0.983765,-0.100574,-0.148633],[0.178208,0.645217,0.742925],[0.0211812,-0.757351,0.652665]],[[0.983949,-0.109765,-0.140695],[0.0236076,0.86158,-0.507072],[0.176879,0.495612,0.850343]],[[0.983949,-0.109765,-0.140695],[-0.167469,-0.295721,-0.94048],[0.0616253,0.948947,-0.309356]],[[0.983949,-0.109765,-0.140695],[-0.173276,-0.776138,-0.606288],[-0.0426497,0.620936,-0.7827]]],"btipPosition":[83.4972,251.252,6.64678],"carpPosition":[91.4474,254.123,55.0024],"dipPosition":[82.7623,261.951,-6.84034],"direction":[-0.0616254,-0.948947,0.309356],"extended":false,"handId":367,"id":3674,"length":50.4953,"mcpPosition":[90.2196,298.025,17.1691],"pipPosition":[83.9672,280.506,-12.8891],"stabilizedTipPosition":[81.4779,245.052,-22.42],"timeVisible":2.1963,"tipPosition":[82.7352,253.266,2.92675],"tipVelocity":[8.55322,14.9564,49.1743],"tool":false,"touchDistance":0.333333,"touchZone":"none","type":4,"width":16.0525}],"r":[[0.955151,0.176236,0.237966],[-0.24706,0.917292,0.312309],[-0.163244,-0.357094,0.919693]],"s":1.11563,"t":[-17.5783,63.677,-177.172],"timestamp":521153021792},false],[5,{"currentFrameRate":110.023,"devices":[],"gestures":[],"hands":[{"armBasis":[[0.875419,0.435877,-0.208934],[-0.251402,0.779764,0.57338],[0.412843,-0.449421,0.7922]],"armWidth":63.7005,"confidence":0.536195,"direction":[-0.295832,0.760394,-0.578173],"elbow":[191.29,119.896,273.56],"grabStrength":0.210061,"id":367,"palmNormal":[0.161439,-0.55676,-0.814835],"palmPosition":[57.4086,277.298,25.3202],"palmVelocity":[0.872636,-0.743751,52.1148],"palmWidth":90.9622,"pinchStrength":0.342527,"r":[[0.955505,0.175975,0.236733],[-0.246664,0.916788,0.314096],[-0.161761,-0.358514,0.919403]],"s":1.1143,"sphereCenter":[64.6959,264.09,-23.1712],"sphereRadius":47.1837,"stabilizedPalmPosition":[58.4503,276.368,1.01265],"t":[-17.5637,63.6843,-176.686],"timeVisible":2.20555,"type":"right","wrist":[79.8561,241.202,59.7313]}],"id":4089626,"interactionBox":{"center":[0,200,0],"size":[235.247,235.247,147.751]},"pointables":[{"bases":[[[0.176735,0.780918,0.599109],[-0.714458,-0.316882,0.623807],[0.67699,-0.538287,0.501929]],[[-0.0427562,0.90967,0.413126],[-0.762566,-0.296873,0.574769],[0.645495,-0.290461,0.706377]],[[-0.0427562,0.90967,0.413126],[-0.91646,-0.200367,0.346344],[0.397836,-0.363805,0.842243]],[[-0.0427562,0.90967,0.413126],[-0.941301,0.10191,-0.321818],[-0.33485,-0.402635,0.851916]]],"btipPosition":[17.8412,259.375,-29.7824],"carpPosition":[55.779,223.06,54.1072],"dipPosition":[10.0069,249.955,-9.85064],"direction":[-0.397836,0.363805,-0.842243],"extended":false,"handId":367,"id":3670,"length":52.1005,"mcpPosition":[55.779,223.06,54.1072],"pipPosition":[23.5672,237.555,18.8574],"stabilizedTipPosition":[18.4103,256.021,-44.6668],"timeVisible":2.20555,"tipPosition":[15.8996,257.888,-25.171],"tipVelocity":[4.06387,-19.1337,50.9166],"tool":false,"touchDistance":0.249667,"touchZone":"hovering","type":0,"width":20.2438},{"bases":[[[0.878463,0.457319,-0.138431],[-0.226364,0.653467,0.722316],[0.420789,-0.603191,0.677567]],[[0.886721,0.445136,-0.124822],[-0.398158,0.872532,0.283123],[0.234939,-0.201353,0.950926]],[[0.886721,0.445136,-0.124822],[-0.444235,0.895166,0.0365142],[0.12799,0.0230722,0.991507]],[[0.886721,0.445136,-0.124822],[-0.459364,0.878765,-0.12945],[0.0520661,0.172124,0.983698]]],"btipPosition":[12.0297,294.287,-67.9224],"carpPosition":[57.0499,244.773,63.512],"dipPosition":[12.919,297.227,-51.1205],"direction":[-0.12799,-0.0230722,-0.991507],"extended":true,"handId":367,"id":3671,"length":58.7895,"mcpPosition":[26.1021,289.136,13.6789],"pipPosition":[16.0116,297.784,-27.1627],"stabilizedTipPosition":[13.9308,298.404,-86.1448],"timeVisible":2.20555,"tipPosition":[11.9029,296.566,-63.8131],"tipVelocity":[0.0806838,-45.1125,57.1867],"tool":false,"touchDistance":0.285862,"touchZone":"hovering","type":1,"width":19.3369},{"bases":[[[0.952868,0.253475,-0.166712],[-0.0652969,0.707973,0.703214],[0.296275,-0.659184,0.691156]],[[0.952239,0.254868,-0.168173],[-0.305341,0.799556,-0.517181],[0.00265077,0.543831,0.839191]],[[0.952239,0.254868,-0.168173],[-0.0783444,-0.328391,-0.941287],[-0.295131,0.909506,-0.29274]],[[0.952239,0.254868,-0.168173],[0.10017,-0.781006,-0.616438],[-0.288455,0.57015,-0.769235]]],"btipPosition":[60.131,235.014,-3.21335],"carpPosition":[67.114,251.809,62.6565],"dipPosition":[54.712,245.725,-17.6644],"direction":[0.295131,-0.909506,0.29274],"extended":false,"handId":367,"id":3672,"length":66.986,"mcpPosition":[46.4498,297.785,14.4507],"pipPosition":[46.3221,271.58,-25.9863],"stabilizedTipPosition":[59.1348,228.867,-35.9533],"timeVisible":2.20555,"tipPosition":[58.5748,237.337,-7.8778],"tipVelocity":[3.42559,9.3419,82.9463],"tool":false,"touchDistance":0.333333,"touchZone":"none","type":2,"width":18.9914},{"bases":[[[0.988275,0.0996116,-0.115719],[0.012426,0.7029,0.71118],[0.152181,-0.704279,0.69342]],[[0.984826,0.114521,-0.130395],[-0.166814,0.831897,-0.529264],[0.0478632,0.542985,0.838377]],[[0.984826,0.114521,-0.130395],[-0.0866628,-0.326442,-0.941236],[-0.150358,0.938254,-0.311564]],[[0.984826,0.114521,-0.130395],[0.0118833,-0.794096,-0.607676],[-0.173138,0.596905,-0.783408]]],"btipPosition":[74.1876,238.802,3.07677],"carpPosition":[78.4573,256.085,60.6852],"dipPosition":[70.9537,249.951,-11.556],"direction":[0.150358,-0.938254,0.311564],"extended":false,"handId":367,"id":3673,"length":64.4088,"mcpPosition":[68.9276,300.188,17.2627],"pipPosition":[66.7897,275.935,-20.1843],"stabilizedTipPosition":[74.1861,231.933,-28.6709],"timeVisible":2.20555,"tipPosition":[73.2953,241.031,-1.27295],"tipVelocity":[-2.33139,10.8064,62.6081],"tool":false,"touchDistance":0.333333,"touchZone":"none","type":3,"width":18.0715},{"bases":[[[0.983516,-0.100088,-0.150592],[0.179383,0.644835,0.742974],[0.0227439,-0.75774,0.65216]],[[0.983667,-0.106152,-0.145366],[0.0184301,0.862748,-0.505298],[0.179052,0.494366,0.850613]],[[0.983667,-0.106152,-0.145366],[-0.171085,-0.300385,-0.938349],[0.0559417,0.947893,-0.313639]],[[0.983667,-0.106152,-0.145366],[-0.172936,-0.781342,-0.599665],[-0.049925,0.615009,-0.786938]]],"btipPosition":[83.6593,251.437,7.27149],"carpPosition":[91.5404,254.119,55.4507],"dipPosition":[82.799,262.034,-6.28866],"direction":[-0.0559417,-0.947893,0.313639],"extended":false,"handId":367,"id":3674,"length":50.4953,"mcpPosition":[90.222,298.043,17.6466],"pipPosition":[83.8928,280.568,-12.4212],"stabilizedTipPosition":[81.478,245.052,-22.4189],"timeVisible":2.20555,"tipPosition":[82.859,253.413,3.52396],"tipVelocity":[10.1963,15.6633,53.8162],"tool":false,"touchDistance":0.333333,"touchZone":"none","type":4,"width":16.0525}],"r":[[0.955505,0.175975,0.236733],[-0.246664,0.916788,0.314096],[-0.161761,-0.358514,0.919403]],"s":1.1143,"t":[-17.5637,63.6843,-176.686],"timestamp":521153031047},false],[6,{"currentFrameRate":110.195,"devices":[],"gestures":[],"hands":[{"armBasis":[[0.875499,0.435518,-0.209345],[-0.251114,0.780194,0.572922],[0.412847,-0.449023,0.792424]],"armWidth":63.7005,"confidence":0.561931,"direction":[-0.296819,0.760753,-0.577194],"elbow":[191.4,119.97,274.12],"grabStrength":0.216147,"id":367,"palmNormal":[0.160375,-0.556136,-0.815471],"palmPosition":[57.4609,277.286,25.8785],"palmVelocity":[2.24062,-0.920479,55.2197],"palmWidth":90.9622,"pinchStrength":0.336539,"r":[[0.955848,0.175772,0.235496],[-0.246291,0.916327,0.315729],[-0.160295,-0.359789,0.919161]],"s":1.11348,"sphereCenter":[64.6432,264.12,-22.5568],"sphereRadius":47.1332,"stabilizedPalmPosition":[58.4503,276.368,1.0127],"t":[-17.5302,63.6818,-176.164],"timeVisible":2.21432,"type":"right","wrist":[79.9653,241.17,60.2311]}],"id":4089627,"interactionBox":{"center":[0,200,0],"size":[235.247,235.247,147.751]},"pointables":[{"bases":[[[0.177442,0.780519,0.59942],[-0.713493,-0.317479,0.624608],[0.677822,-0.538514,0.500561]],[[-0.0434067,0.909769,0.412839],[-0.761245,-0.297734,0.576074],[0.64701,-0.289266,0.705481]],[[-0.0434067,0.909769,0.412839],[-0.916682,-0.200579,0.345632],[0.397252,-0.363439,0.842676]],[[-0.0434067,0.909769,0.412839],[-0.940554,0.102118,-0.323928],[-0.336858,-0.402358,0.851255]]],"btipPosition":[17.9373,259.263,-29.2157],"carpPosition":[55.8837,223.026,54.6286],"dipPosition":[10.056,249.849,-9.29935],"direction":[-0.397252,0.363439,-0.842676],"extended":false,"handId":367,"id":3670,"length":52.1005,"mcpPosition":[55.8837,223.026,54.6286],"pipPosition":[23.5964,237.461,19.4234],"stabilizedTipPosition":[18.4096,256.022,-44.661],"timeVisible":2.21432,"tipPosition":[15.9556,257.782,-24.5925],"tipVelocity":[5.58385,-17.3807,54.4913],"tool":false,"touchDistance":0.259054,"touchZone":"hovering","type":0,"width":20.2438},{"bases":[[[0.87817,0.457597,-0.139367],[-0.225452,0.652898,0.723115],[0.421887,-0.603598,0.676521]],[[0.885959,0.446148,-0.126601],[-0.399328,0.872704,0.280936],[0.235824,-0.198342,0.95134]],[[0.885959,0.446148,-0.126601],[-0.445777,0.894542,0.0328412],[0.127902,0.02734,0.99141]],[[0.885959,0.446148,-0.126601],[-0.460907,0.877307,-0.133776],[0.0513842,0.176872,0.982892]]],"btipPosition":[12.0386,293.963,-67.3119],"carpPosition":[57.1639,244.733,64.0473],"dipPosition":[12.9163,296.984,-50.5237],"direction":[-0.127902,-0.02734,-0.99141],"extended":true,"handId":367,"id":3671,"length":58.7895,"mcpPosition":[26.1352,289.126,14.2911],"pipPosition":[16.0068,297.645,-26.5683],"stabilizedTipPosition":[13.9253,298.392,-86.0714],"timeVisible":2.21432,"tipPosition":[11.9094,296.245,-63.2125],"tipVelocity":[0.250013,-42.3393,60.4296],"tool":false,"touchDistance":0.295984,"touchZone":"hovering","type":1,"width":19.3369},{"bases":[[[0.952575,0.253788,-0.167903],[-0.0644243,0.70745,0.703821],[0.297405,-0.659626,0.69025]],[[0.951466,0.256233,-0.170461],[-0.307748,0.795577,-0.52187],[0.00189502,0.549001,0.83582]],[[0.951466,0.256233,-0.170461],[-0.0765152,-0.339541,-0.937474],[-0.29809,0.905018,-0.303456]],[[0.951466,0.256233,-0.170461],[0.103363,-0.787779,-0.607223],[-0.289876,0.560133,-0.77603]]],"btipPosition":[60.3107,235.074,-2.02957],"carpPosition":[67.2253,251.772,63.1824],"dipPosition":[54.865,245.597,-16.6083],"direction":[0.29809,-0.905018,0.303456],"extended":false,"handId":367,"id":3672,"length":66.986,"mcpPosition":[46.4823,297.779,15.0397],"pipPosition":[46.391,271.325,-25.2348],"stabilizedTipPosition":[59.1348,228.867,-35.9531],"timeVisible":2.21432,"tipPosition":[58.7251,237.38,-6.79252],"tipVelocity":[7.8232,7.34595,96.0266],"tool":false,"touchDistance":0.333333,"touchZone":"none","type":2,"width":18.9914},{"bases":[[[0.988086,0.0998954,-0.117073],[0.013311,0.702386,0.711671],[0.153323,-0.704751,0.692689]],[[0.984693,0.114495,-0.131419],[-0.167363,0.831676,-0.529438],[0.0486797,0.543329,0.838107]],[[0.984693,0.114495,-0.131419],[-0.0873449,-0.328338,-0.940513],[-0.150834,0.937595,-0.313312]],[[0.984693,0.114495,-0.131419],[0.0116388,-0.795496,-0.605847],[-0.17391,0.595044,-0.784652]]],"btipPosition":[74.2148,238.835,3.71884],"carpPosition":[78.5649,256.051,61.1978],"dipPosition":[70.9665,249.95,-10.9371],"direction":[0.150834,-0.937595,0.313312],"extended":false,"handId":367,"id":3673,"length":64.4088,"mcpPosition":[68.9637,300.183,17.821],"pipPosition":[66.7893,275.915,-19.6138],"stabilizedTipPosition":[74.1861,231.934,-28.6707],"timeVisible":2.21432,"tipPosition":[73.3247,241.07,-0.633591],"tipVelocity":[-0.973461,8.68536,65.2946],"tool":false,"touchDistance":0.333333,"touchZone":"none","type":3,"width":18.0715},{"bases":[[[0.983318,-0.0997802,-0.152084],[0.180326,0.644332,0.743182],[0.0238375,-0.758208,0.651576]],[[0.983411,-0.103015,-0.149301],[0.014123,0.864072,-0.503171],[0.180841,0.492715,0.851192]],[[0.983411,-0.103015,-0.149301],[-0.174057,-0.304214,-0.936567],[0.0510614,0.947017,-0.317098]],[[0.983411,-0.103015,-0.149301],[-0.172479,-0.785889,-0.593826],[-0.056161,0.609726,-0.79062]]],"btipPosition":[83.836,251.603,7.90816],"carpPosition":[91.6409,254.092,55.9429],"dipPosition":[82.8682,262.11,-5.71544],"direction":[-0.0510614,-0.947017,0.317098],"extended":false,"handId":367,"id":3674,"length":50.4953,"mcpPosition":[90.2591,298.043,18.1727],"pipPosition":[83.8666,280.627,-11.9156],"stabilizedTipPosition":[81.4781,245.052,-22.418],"timeVisible":2.21432,"tipPosition":[83.0047,253.542,4.1431],"tipVelocity":[12.112,15.9125,58.4154],"tool":false,"touchDistance":0.333333,"touchZone":"none","type":4,"width":16.0525}],"r":[[0.955848,0.175772,0.235496],[-0.246291,0.916327,0.315729],[-0.160295,-0.359789,0.919161]],"s":1.11348,"t":[-17.5302,63.6818,-176.164],"timestamp":521153039816},false],[7,{"currentFrameRat