{"sensorType":"Leap","data":[[0,{"currentFrameRate":105.063,"devices":[],"gestures":[],"hands":[{"armBasis":[[0.934067,0.222295,-0.279472],[-0.0451948,0.849915,0.524978],[0.354228,-0.477734,0.803924]],"armWidth":63.7005,"confidence":0.762055,"direction":[-0.25955,0.720948,-0.642547],"elbow":[172.599,141.621,283.359],"grabStrength":0,"id":366,"palmNormal":[-0.0306254,-0.671159,-0.740681],"palmPosition":[55.4876,305.276,29.9755],"palmVelocity":[-89.123,-37.2064,-187.115],"palmWidth":90.9622,"pinchStrength":0.666628,"r":[[0.942058,0.329274,0.0640717],[-0.329129,0.870384,0.366204],[0.0648145,-0.366074,0.928326]],"s":0.974006,"sphereCenter":[61.4168,285.751,-20.5926],"sphereRadius":50.2938,"stabilizedPalmPosition":[65.774,305.711,48.277],"t":[-144.334,104.309,-123.235],"timeVisible":0.506014,"type":"right","wrist":[76.9868,270.57,66.3655]}],"id":4089092,"interactionBox":{"center":[0,200,0],"size":[235.247,235.247,147.751]},"pointables":[{"bases":[[[0.365157,0.810423,0.458121],[-0.661833,-0.120089,0.73997],[0.654704,-0.573405,0.492514]],[[0.13091,0.953405,0.271813],[-0.747203,-0.0853105,0.659098],[0.651576,-0.289382,0.701219]],[[0.13091,0.953405,0.271813],[-0.917438,0.012594,0.397679],[0.375726,-0.301432,0.876339]],[[0.13091,0.953405,0.271813],[-0.947808,0.20076,-0.2477],[-0.290727,-0.2252,0.929926]]],"btipPosition":[11.5154,285.923,-20.4591],"carpPosition":[50.0352,255.939,66.1605],"dipPosition":[4.71341,280.655,1.29786],"direction":[-0.375726,0.301432,-0.876339],"extended":false,"handId":366,"id":3660,"length":52.1005,"mcpPosition":[50.0352,255.939,66.1605],"pipPosition":[17.5201,270.38,31.168],"stabilizedTipPosition":[18.2735,288.208,2.37587],"timeVisible":0.506014,"tipPosition":[9.71946,284.729,-15.6511],"tipVelocity":[-72.3916,-75.847,-199.955],"tool":false,"touchDistance":-0.464821,"touchZone":"hovering","type":0,"width":20.2438},{"bases":[[[0.907962,0.291165,-0.301377],[-0.0317097,0.764863,0.643412],[0.417851,-0.574637,0.703699]],[[0.948794,0.225464,-0.221262],[-0.140019,0.928016,0.345225],[0.283171,-0.296566,0.912065]],[[0.948794,0.225464,-0.221262],[-0.198576,0.970416,0.137331],[0.24568,-0.0863613,0.965496]],[[0.948794,0.225464,-0.221262],[-0.234517,0.971994,-0.0151808],[0.211643,0.0662932,0.975096]]],"btipPosition":[3.19503,334.117,-58.7291],"carpPosition":[55.6401,278.162,72.1828],"dipPosition":[6.80997,335.249,-42.0741],"direction":[-0.24568,0.0863613,-0.965496],"extended":true,"handId":366,"id":3661,"length":58.7895,"mcpPosition":[24.9083,320.425,20.4277],"pipPosition":[12.7463,333.163,-18.7448],"stabilizedTipPosition":[12.0903,338.589,-35.529],"timeVisible":0.506014,"tipPosition":[4.47967,334.91,-54.3621],"tipVelocity":[-70.6911,-77.6066,-218.932],"tool":false,"touchDistance":-0.471611,"touchZone":"hovering","type":1,"width":19.3369},{"bases":[[[0.948081,0.0761668,-0.308775],[0.13143,0.790275,0.598491],[0.289602,-0.608,0.739234]],[[0.951324,0.0692221,-0.300317],[-0.184528,0.908413,-0.375148],[0.246843,0.412304,0.876968]],[[0.951324,0.0692221,-0.300317],[-0.258331,-0.352298,-0.899528],[-0.168068,0.933325,-0.317267]],[[0.951324,0.0692221,-0.300317],[-0.0652257,-0.907154,-0.415713],[-0.30121,0.415067,-0.858482]]],"btipPosition":[44.7397,271.557,0.523858],"carpPosition":[66.3964,283.348,69.1934],"dipPosition":[39.0811,279.354,-15.6038],"direction":[0.168068,-0.933325,0.317267],"extended":false,"handId":366,"id":3662,"length":66.986,"mcpPosition":[46.1976,325.754,17.6343],"pipPosition":[34.3033,305.887,-24.623],"stabilizedTipPosition":[52.3848,275.227,13.367],"timeVisible":0.506014,"tipPosition":[43.366,273.433,-3.45009],"tipVelocity":[-71.2041,-59.0761,-169.965],"tool":false,"touchDistance":0.333333,"touchZone":"none","type":2,"width":18.9914},{"bases":[[[0.967741,-0.0739281,-0.240857],[0.207995,0.773913,0.598161],[0.142182,-0.628962,0.764324]],[[0.960414,-0.0457275,-0.274796],[-0.0815313,0.897102,-0.434235],[0.266377,0.43945,0.857862]],[[0.960414,-0.0457275,-0.274796],[-0.270325,-0.391267,-0.879679],[-0.067293,0.919141,-0.388139]],[[0.960414,-0.0457275,-0.274796],[-0.148562,-0.918529,-0.366378],[-0.235655,0.392699,-0.888962]]],"btipPosition":[63.3274,272.457,6.52571],"carpPosition":[77.8637,285.489,65.3523],"dipPosition":[58.9258,279.792,-10.0786],"direction":[0.067293,-0.919141,0.388139],"extended":false,"handId":366,"id":3663,"length":64.4088,"mcpPosition":[68.9602,324.875,17.4897],"pipPosition":[57.0622,305.246,-20.8275],"stabilizedTipPosition":[71.7283,275.706,19.3022],"timeVisible":0.506014,"tipPosition":[62.2688,274.276,2.57741],"tipVelocity":[-73.2284,-54.999,-161.585],"tool":false,"touchDistance":0.333333,"touchZone":"none","type":3,"width":18.0715},{"bases":[[[0.929934,-0.273077,-0.246277],[0.367721,0.694365,0.618578],[0.00208696,-0.665798,0.746129]],[[0.927622,-0.226989,-0.296636],[0.085712,0.90233,-0.422439],[0.363553,0.366439,0.856477]],[[0.927622,-0.226989,-0.296636],[-0.358559,-0.318623,-0.877448],[0.104656,0.920302,-0.37695]],[[0.927622,-0.226989,-0.296636],[-0.332737,-0.863012,-0.380126],[-0.169716,0.451315,-0.876077]]],"btipPosition":[77.6152,280.708,7.92922],"carpPosition":[89.709,280.838,58.9889],"dipPosition":[74.6907,288.485,-7.16693],"direction":[-0.104656,-0.920302,0.37695],"extended":false,"handId":366,"id":3664,"length":50.4953,"mcpPosition":[89.588,319.432,15.7377],"pipPosition":[76.737,306.479,-14.5374],"stabilizedTipPosition":[86.2221,283.952,20.0704],"timeVisible":0.506014,"tipPosition":[77.1362,282.45,4.55656],"tipVelocity":[-79.823,-47.7993,-167.479],"tool":false,"touchDistance":0.333333,"touchZone":"none","type":4,"width":16.0525}],"r":[[0.942058,0.329274,0.0640717],[-0.329129,0.870384,0.366204],[0.0648145,-0.366074,0.928326]],"s":0.974006,"t":[-144.334,104.309,-123.235],"timestamp":521146973462},false],[1,{"currentFrameRate":105.312,"devices":[],"gestures":[],"hands":[{"armBasis":[[0.930659,0.22911,-0.285276],[-0.0481428,0.849581,0.525257],[0.362707,-0.475101,0.8017]],"armWidth":63.7005,"confidence":0.762374,"direction":[-0.258575,0.721029,-0.64285],"elbow":[174.423,141.926,281.716],"grabStrength":0,"id":366,"palmNormal":[-0.0273131,-0.670673,-0.74125],"palmPosition":[55.0875,304.865,28.8906],"palmVelocity":[-76.7748,-39.5013,-168.658],"palmWidth":90.9622,"pinchStrength":0.666684,"r":[[0.941553,0.33039,0.0657364],[-0.330996,0.871088,0.362833],[0.0626144,-0.363385,0.929532]],"s":0.974862,"sphereCenter":[61.1716,285.388,-21.6578],"sphereRadius":50.2812,"stabilizedPalmPosition":[65.4615,305.686,47.71],"t":[-144.914,103.894,-124.623],"timeVisible":0.515047,"type":"right","wrist":[76.5225,270.164,65.3235]}],"id":4089093,"interactionBox":{"center":[0,200,0],"size":[235.247,235.247,147.751]},"pointables":[{"bases":[[[0.36253,0.810626,0.459845],[-0.663986,-0.121581,0.737795],[0.653984,-0.572803,0.494167]],[[0.127351,0.95389,0.271802],[-0.749511,-0.0869297,0.656259],[0.649627,-0.287294,0.70388]],[[0.127351,0.95389,0.271802],[-0.918011,0.0095995,0.396439],[0.37555,-0.300004,0.876903]],[[0.127351,0.95389,0.271802],[-0.947759,0.197834,-0.25023],[-0.292463,-0.225736,0.929252]]],"btipPosition":[11.2171,285.338,-21.7327],"carpPosition":[49.5931,255.494,65.0231],"dipPosition":[4.37447,280.057,0.00845028],"direction":[-0.37555,0.300004,-0.876903],"extended":false,"handId":366,"id":3660,"length":52.1005,"mcpPosition":[49.5931,255.494,65.0231],"pipPosition":[17.1752,269.831,29.8979],"stabilizedTipPosition":[18.0231,288.089,1.82142],"timeVisible":0.515047,"tipPosition":[9.45736,284.194,-16.9033],"tipVelocity":[-61.8338,-72.8935,-183.827],"tool":false,"touchDistance":-0.465831,"touchZone":"hovering","type":0,"width":20.2438},{"bases":[[[0.908482,0.292701,-0.298307],[-0.0348517,0.764356,0.643852],[0.416469,-0.574531,0.704605]],[[0.948948,0.227403,-0.218597],[-0.143345,0.928211,0.343332],[0.280979,-0.294469,0.913421]],[[0.948948,0.227403,-0.218597],[-0.200581,0.969879,0.13821],[0.243442,-0.0873072,0.965978]],[[0.948948,0.227403,-0.218597],[-0.235655,0.971761,-0.0120916],[0.209675,0.0629879,0.97574]]],"btipPosition":[2.98494,333.657,-59.9805],"carpPosition":[55.1465,277.721,71.0789],"dipPosition":[6.56627,334.733,-43.3145],"direction":[-0.243442,0.0873072,-0.965978],"extended":true,"handId":366,"id":3661,"length":58.7895,"mcpPosition":[24.5164,319.976,19.2573],"pipPosition":[12.4486,332.623,-19.9735],"stabilizedTipPosition":[11.8866,338.474,-36.0363],"timeVisible":0.515047,"tipPosition":[4.26033,334.435,-55.6184],"tipVelocity":[-57.8621,-70.6468,-196.71],"tool":false,"touchDistance":-0.471516,"touchZone":"hovering","type":1,"width":19.3369},{"bases":[[[0.948937,0.077767,-0.305731],[0.128392,0.790037,0.599464],[0.288157,-0.608106,0.739711]],[[0.952215,0.070708,-0.29713],[-0.184273,0.908827,-0.374269],[0.243576,0.411138,0.878428]],[[0.952215,0.070708,-0.29713],[-0.255111,-0.350793,-0.901034],[-0.167941,0.93378,-0.315992]],[[0.952215,0.070708,-0.29713],[-0.0629642,-0.906493,-0.4175],[-0.298867,0.416259,-0.858724]]],"btipPosition":[44.4585,271.162,-0.677768],"carpPosition":[65.9046,282.924,68.1271],"dipPosition":[38.8439,278.982,-16.81],"direction":[0.167941,-0.93378,0.315992],"extended":false,"handId":366,"id":3662,"length":66.986,"mcpPosition":[45.8066,325.338,16.5348],"pipPosition":[34.0698,305.527,-25.7929],"stabilizedTipPosition":[52.0865,275.153,12.7924],"timeVisible":0.515047,"tipPosition":[43.1067,273.035,-4.62209],"tipVelocity":[-59.8564,-54.6982,-159.823],"tool":false,"touchDistance":0.333333,"touchZone":"none","type":2,"width":18.9914},{"bases":[[[0.968602,-0.0723477,-0.237858],[0.204981,0.773787,0.599364],[0.140689,-0.629301,0.764321]],[[0.96135,-0.0441651,-0.271762],[-0.0815815,0.897031,-0.434372],[0.262963,0.439755,0.858759]],[[0.96135,-0.0441651,-0.271762],[-0.266954,-0.391093,-0.880785],[-0.0673843,0.919291,-0.387767]],[[0.96135,-0.0441651,-0.271762],[-0.146181,-0.918314,-0.367874],[-0.233316,0.393382,-0.889277]]],"btipPosition":[63.0493,272.044,5.45279],"carpPosition":[77.3809,285.085,64.3237],"dipPosition":[58.6914,279.392,-11.1574],"direction":[0.0673843,-0.919291,0.387767],"extended":false,"handId":366,"id":3663,"length":64.4088,"mcpPosition":[68.5708,324.492,16.4612],"pipPosition":[56.8253,304.85,-21.896],"stabilizedTipPosition":[71.3903,275.637,18.6853],"timeVisible":0.515047,"tipPosition":[62.0019,273.873,1.50231],"tipVelocity":[-61.2314,-52.3651,-149.836],"tool":false,"touchDistance":0.333333,"touchZone":"none","type":3,"width":18.0715},{"bases":[[[0.931102,-0.271547,-0.243538],[0.364758,0.694457,0.620227],[0.000705981,-0.666327,0.745659]],[[0.928978,-0.226461,-0.292771],[0.0853984,0.900783,-0.425789],[0.360148,0.370547,0.856147]],[[0.928978,-0.226461,-0.292771],[-0.355108,-0.322214,-0.87754],[0.104393,0.919181,-0.379748]],[[0.928978,-0.226461,-0.292771],[-0.330394,-0.863919,-0.38011],[-0.166851,0.449843,-0.877383]]],"btipPosition":[77.3152,280.259,7.05078],"carpPosition":[89.2529,280.456,57.9944],"dipPosition":[74.4401,288.01,-8.06788],"direction":[-0.104393,-0.919181,0.379748],"extended":false,"handId":366,"id":3664,"length":50.4953,"mcpPosition":[89.212,319.081,14.7704],"pipPosition":[76.4813,305.983,-15.493],"stabilizedTipPosition":[85.8434,283.876,19.4175],"timeVisible":0.515047,"tipPosition":[76.8365,282.035,3.61306],"tipVelocity":[-66.6362,-48.5181,-148.292],"tool":false,"touchDistance":0.333333,"touchZone":"none","type":4,"width":16.0525}],"r":[[0.941553,0.33039,0.0657364],[-0.330996,0.871088,0.362833],[0.0626144,-0.363385,0.929532]],"s":0.974862,"t":[-144.914,103.894,-124.623],"timestamp":521146982495},false],[2,{"currentFrameRate":105.46,"devices":[],"gestures":[],"hands":[{"armBasis":[[0.930822,0.229921,-0.284091],[-0.0492066,0.849085,0.52596],[0.362146,-0.475596,0.80166]],"armWidth":63.7005,"confidence":0.769625,"direction":[-0.257608,0.721355,-0.642872],"elbow":[173.992,141.529,280.673],"grabStrength":0,"id":366,"palmNormal":[-0.0258247,-0.67023,-0.741704],"palmPosition":[54.8641,304.618,27.8405],"palmVelocity":[-62.0734,-35.9391,-153.369],"palmWidth":90.9622,"pinchStrength":0.666349,"r":[[0.941103,0.331325,0.0674403],[-0.332656,0.871582,0.360119],[0.0605368,-0.361343,0.930466]],"s":0.975659,"sphereCenter":[60.9744,285.177,-22.6764],"sphereRadius":50.2497,"stabilizedPalmPosition":[65.1856,305.659,47.1927],"t":[-145.316,103.562,-125.843],"timeVisible":0.524255,"type":"right","wrist":[76.2428,269.901,64.2905]}],"id":4089094,"interactionBox":{"center":[0,200,0],"size":[235.247,235.247,147.751]},"pointables":[{"bases":[[[0.361508,0.810437,0.460982],[-0.665269,-0.122193,0.736536],[0.653245,-0.572941,0.494985]],[[0.125277,0.954259,0.271469],[-0.750832,-0.0876654,0.65465],[0.648504,-0.28584,0.705505]],[[0.125277,0.954259,0.271469],[-0.918036,0.00774683,0.396421],[0.376185,-0.29888,0.877015]],[[0.125277,0.954259,0.271469],[-0.947665,0.196087,-0.251956],[-0.293662,-0.225697,0.928883]]],"btipPosition":[11.004,284.956,-22.8989],"carpPosition":[49.3176,255.225,63.9333],"dipPosition":[4.13338,279.676,-1.16635],"direction":[-0.376185,0.29888,-0.877015],"extended":false,"handId":366,"id":3660,"length":52.1005,"mcpPosition":[49.3176,255.225,63.9333],"pipPosition":[16.9557,269.489,28.7269],"stabilizedTipPosition":[17.7974,287.975,1.30397],"timeVisible":0.524255,"tipPosition":[9.28127,283.864,-18.0512],"tipVelocity":[-51.1967,-64.0833,-167.88],"tool":false,"touchDistance":-0.465104,"touchZone":"hovering","type":0,"width":20.2438},{"bases":[[[0.908939,0.293107,-0.29651],[-0.0361897,0.763956,0.644252],[0.415355,-0.574855,0.704997]],[[0.948973,0.228362,-0.217486],[-0.145431,0.928847,0.340725],[0.27982,-0.29171,0.914662]],[[0.948973,0.228362,-0.217486],[-0.20144,0.969573,0.139104],[0.242635,-0.0881962,0.9661]],[[0.948973,0.228362,-0.217486],[-0.235772,0.971772,-0.00839068],[0.209431,0.0592396,0.976027]]],"btipPosition":[2.84849,333.376,-61.137],"carpPosition":[54.8547,277.449,70.0124],"dipPosition":[6.42564,334.388,-44.4661],"direction":[-0.242635,0.0881962,-0.9661],"extended":true,"handId":366,"id":3661,"length":58.7895,"mcpPosition":[24.3065,319.728,18.1618],"pipPosition":[12.2884,332.257,-21.1222],"stabilizedTipPosition":[11.71,338.369,-36.4933],"timeVisible":0.524255,"tipPosition":[4.12403,334.147,-56.7836],"tipVelocity":[-45.8417,-59.8699,-176.77],"tool":false,"touchDistance":-0.470029,"touchZone":"hovering","type":1,"width":19.3369},{"bases":[[[0.949461,0.0781881,-0.303992],[0.127126,0.789705,0.60017],[0.28699,-0.608484,0.739854]],[[0.952767,0.0710332,-0.295278],[-0.183591,0.909212,-0.373668],[0.241927,0.410229,0.879309]],[[0.952767,0.0710332,-0.295278],[-0.253482,-0.349519,-0.901989],[-0.167276,0.934233,-0.315004]],[[0.952767,0.0710332,-0.295278],[-0.0622771,-0.905905,-0.418877],[-0.297248,0.417481,-0.858693]]],"btipPosition":[44.2822,270.928,-1.80306],"carpPosition":[65.6168,282.657,67.0829],"dipPosition":[38.698,278.771,-17.9347],"direction":[0.167276,-0.934233,0.315004],"extended":false,"handId":366,"id":3662,"length":66.986,"mcpPosition":[45.6002,325.096,15.4805],"pipPosition":[33.9427,305.329,-26.8895],"stabilizedTipPosition":[51.83,275.085,12.2758],"timeVisible":0.524255,"tipPosition":[42.9446,272.804,-5.72735],"tipVelocity":[-48.2483,-46.321,-149.289],"tool":false,"touchDistance":0.333333,"touchZone":"none","type":2,"width":18.9914},{"bases":[[[0.969042,-0.0719628,-0.236175],[0.20372,0.773474,0.600197],[0.139483,-0.62973,0.764189]],[[0.961864,-0.0438311,-0.269992],[-0.0813329,0.896599,-0.43531],[0.261155,0.440668,0.858842]],[[0.961864,-0.0438311,-0.269992],[-0.265181,-0.391396,-0.881185],[-0.0670506,0.919178,-0.388093]],[[0.961864,-0.0438311,-0.269992],[-0.14535,-0.918084,-0.368776],[-0.231712,0.393955,-0.889443]]],"btipPosition":[62.8848,271.76,4.44703],"carpPosition":[77.0992,284.822,63.3013],"dipPosition":[58.5568,279.118,-12.1662],"direction":[0.0670506,-0.919178,0.388093],"extended":false,"handId":366,"id":3663,"length":64.4088,"mcpPosition":[68.3647,324.256,15.4471],"pipPosition":[56.6999,304.573,-22.9139],"stabilizedTipPosition":[71.0948,275.57,18.1237],"timeVisible":0.524255,"tipPosition":[61.8427,273.607,0.482071],"tipVelocity":[-48.8839,-46.2668,-138.489],"tool":false,"touchDistance":0.333333,"touchZone":"none","type":3,"width":18.0715},{"bases":[[[0.931602,-0.271168,-0.242043],[0.363479,0.694171,0.621297],[-0.000456797,-0.666779,0.745255]],[[0.929648,-0.227091,-0.290146],[0.085372,0.898811,-0.429942],[0.358423,0.374924,0.854965]],[[0.929648,-0.227091,-0.290146],[-0.353265,-0.325626,-0.877024],[0.104685,0.917822,-0.382941]],[[0.929648,-0.227091,-0.290146],[-0.329681,-0.864307,-0.379846],[-0.164516,0.448779,-0.878369]]],"btipPosition":[77.1285,279.919,6.19136],"carpPosition":[88.9837,280.2,56.9903],"dipPosition":[74.2936,287.652,-8.94429],"direction":[-0.104685,-0.917822,0.382941],"extended":false,"handId":366,"id":3664,"length":50.4953,"mcpPosition":[89.0102,318.851,13.7898],"pipPosition":[76.3405,305.598,-16.4319],"stabilizedTipPosition":[85.5071,283.798,18.8175],"timeVisible":0.524255,"tipPosition":[76.6487,281.737,2.68903],"tipVelocity":[-53.3783,-45.3806,-133.026],"tool":false,"touchDistance":0.333333,"touchZone":"none","type":4,"width":16.0525}],"r":[[0.941103,0.331325,0.0674403],[-0.332656,0.871582,0.360119],[0.0605368,-0.361343,0.930466]],"s":0.975659,"t":[-145.316,103.562,-125.843],"timestamp":521146991703},false],[3,{"currentFrameRate":105.739,"devices":[],"gestures":[],"hands":[{"armBasis":[[0.929104,0.234539,-0.285933],[-0.0519131,0.848228,0.52708],[0.366158,-0.474869,0.800268]],"armWidth":63.7005,"confidence":0.773873,"direction":[-0.257206,0.721339,-0.643051],"elbow":[174.762,141.407,279.252],"grabStrength":0,"id":366,"palmNormal":[-0.0226667,-0.669759,-0.742233],"palmPosition":[54.5844,304.286,26.7631],"palmVelocity":[-53.6667,-36.2598,-144.397],"palmWidth":90.9622,"pinchStrength":0.665464,"r":[[0.940584,0.332404,0.0693431],[-0.334481,0.871802,0.357888],[0.0585101,-0.359818,0.931186]],"s":0.976804,"sphereCenter":[60.7367,284.91,-23.6718],"sphereRadius":50.1916,"stabilizedPalmPosition":[64.9517,305.628,46.742],"t":[-145.656,103.231,-126.991],"timeVisible":0.533195,"type":"right","wrist":[75.9292,269.582,63.2454]}],"id":4089095,"interactionBox":{"center":[0,200,0],"size":[235.247,235.247,147.751]},"pointables":[{"bases":[[[0.358837,0.810762,0.462494],[-0.666989,-0.123898,0.734694],[0.652964,-0.572113,0.49631]],[[0.121645,0.954737,0.27144],[-0.75229,-0.0897161,0.652695],[0.647504,-0.283598,0.707326]],[[0.121645,0.954737,0.27144],[-0.918397,0.00453224,0.395634],[0.376496,-0.297416,0.877379]],[[0.121645,0.954737,0.27144],[-0.947497,0.19317,-0.254823],[-0.295723,-0.226191,0.928109]]],"btipPosition":[10.8053,284.44,-24.1103],"carpPosition":[49.0314,254.858,62.807],"dipPosition":[3.88647,279.147,-2.39584],"direction":[-0.376496,0.297416,-0.877379],"extended":false,"handId":366,"id":3660,"length":52.1005,"mcpPosition":[49.0314,254.858,62.807],"pipPosition":[16.7194,269.01,27.5098],"stabilizedTipPosition":[17.6024,287.867,0.84007],"timeVisible":0.533195,"tipPosition":[9.11385,283.388,-19.2559],"tipVelocity":[-43.6253,-62.4563,-159.167],"tool":false,"touchDistance":-0.46516,"touchZone":"hovering","type":0,"width":20.2438},{"bases":[[[0.90919,0.294942,-0.293908],[-0.0392586,0.763442,0.644682],[0.414526,-0.5746,0.705693]],[[0.948831,0.230794,-0.21553],[-0.149149,0.929132,0.338332],[0.278341,-0.288874,0.916012]],[[0.948831,0.230794,-0.21553],[-0.20389,0.968936,0.139971],[0.241139,-0.0888644,0.966414]],[[0.948831,0.230794,-0.21553],[-0.2374,0.9714,-0.00491536],[0.208231,0.0558306,0.976485]]],"btipPosition":[2.68756,332.949,-62.3579],"carpPosition":[54.5126,277.088,68.9161],"dipPosition":[6.24422,333.902,-45.6791],"direction":[-0.241139,0.0888644,-0.966414],"extended":true,"handId":366,"id":3661,"length":58.7895,"mcpPosition":[24.0254,319.348,17.0144],"pipPosition":[12.0709,331.755,-22.3277],"stabilizedTipPosition":[11.5625,338.276,-36.8893],"timeVisible":0.533195,"tipPosition":[3.95924,333.711,-58.0125],"tipVelocity":[-38.3843,-56.9815,-165.736],"tool":false,"touchDistance":-0.469645,"touchZone":"hovering","type":1,"width":19.3369},{"bases":[[[0.950117,0.0801009,-0.301432],[0.124126,0.789514,0.601049],[0.286129,-0.608483,0.740188]],[[0.953436,0.0728958,-0.292653],[-0.18416,0.909159,-0.373518],[0.23884,0.41002,0.880249]],[[0.953436,0.0728958,-0.292653],[-0.250473,-0.349129,-0.90298],[-0.167997,0.934235,-0.314614]],[[0.953436,0.0728958,-0.292653],[-0.0596592,-0.905592,-0.419934],[-0.295635,0.41784,-0.859075]]],"btipPosition":[44.1374,270.592,-2.93988],"carpPosition":[65.273,282.317,66.0186],"dipPosition":[38.5835,278.441,-19.0787],"direction":[0.167997,-0.934235,0.314614],"extended":false,"handId":366,"id":3662,"length":66.986,"mcpPosition":[45.3164,324.757,14.393],"pipPosition":[33.8077,305,-28.0224],"stabilizedTipPosition":[51.6237,275.023,11.8405],"timeVisible":0.533195,"tipPosition":[42.8093,272.47,-6.85968],"tipVelocity":[-39.2851,-43.9067,-143.297],"tool":false,"touchDistance":0.333333,"touchZone":"none","type":2,"width":18.9914},{"bases":[[[0.969789,-0.0700618,-0.233668],[0.200749,0.77342,0.601267],[0.138598,-0.63001,0.764119]],[[0.962706,-0.0421132,-0.267254],[-0.0842601,0.892014,-0.444085],[0.257096,0.450042,0.855198]],[[0.962706,-0.0421132,-0.267254],[-0.261386,-0.399713,-0.878583],[-0.0698247,0.915673,-0.395813]],[[0.962706,-0.0421132,-0.267254],[-0.141814,-0.919782,-0.365909],[-0.230406,0.390163,-0.891452]]],"btipPosition":[62.8362,271.21,3.833],"carpPosition":[76.7615,284.506,62.2688],"dipPosition":[58.5326,278.498,-12.8178],"direction":[0.0698247,-0.915673,0.395813],"extended":false,"handId":366,"id":3663,"length":64.4088,"mcpPosition":[68.0824,323.957,14.419],"pipPosition":[56.5989,303.856,-23.7793],"stabilizedTipPosition":[70.8406,275.496,17.6255],"timeVisible":0.533195,"tipPosition":[61.7669,273.128,-0.283873],"tipVelocity":[-36.8489,-50.9226,-119.694],"tool":false,"touchDistance":0.333333,"touchZone":"none","type":3,"width":18.0715},{"bases":[[[0.932722,-0.26933,-0.239772],[0.360593,0.694389,0.622733],[-0.0012255,-0.667298,0.74479]],[[0.930839,-0.225498,-0.287557],[0.0848324,0.898749,-0.430179],[0.355446,0.376033,0.85572]],[[0.930839,-0.225498,-0.287557],[-0.350271,-0.326287,-0.877979],[0.104157,0.91798,-0.382706]],[[0.930839,-0.225498,-0.287557],[-0.327244,-0.864588,-0.381312],[-0.162633,0.449042,-0.878585]]],"btipPosition":[76.9432,279.611,5.18641],"carpPosition":[88.6708,279.909,55.986],"dipPosition":[74.1408,287.349,-9.95296],"direction":[-0.104157,-0.91798,0.382706],"extended":false,"handId":366,"id":3664,"length":50.4953,"mcpPosition":[88.7418,318.59,12.8124],"pipPosition":[76.1774,305.298,-17.4359],"stabilizedTipPosition":[85.2264,283.724,18.296],"timeVisible":0.533195,"tipPosition":[76.4674,281.442,1.67292],"tipVelocity":[-44.2334,-42.3554,-127.423],"tool":false,"touchDistance":0.333333,"touchZone":"none","type":4,"width":16.0525}],"r":[[0.940584,0.332404,0.0693431],[-0.334481,0.871802,0.357888],[0.0585101,-0.359818,0.931186]],"s":0.976804,"t":[-145.656,103.231,-126.991],"timestamp":521147000643},false],[4,{"currentFrameRate":105.948,"devices":[],"gestures":[],"hands":[{"armBasis":[[0.928059,0.238367,-0.286161],[-0.0544655,0.846958,0.528863],[0.36843,-0.47523,0.79901]],"armWidth":63.7005,"confidence":0.78099,"direction":[-0.256915,0.720159,-0.644488],"elbow":[175.17,141.021,278.034],"grabStrength":0,"id":366,"palmNormal":[-0.0190441,-0.670516,-0.741651],"palmPosition":[54.4101,303.916,25.7896],"palmVelocity":[-44.1696,-37.5277,-134.225],"palmWidth":90.9622,"pinchStrength":0.657751,"r":[[0.939978,0.333695,0.0713451],[-0.336526,0.871895,0.355737],[0.0565021,-0.358394,0.931859]],"s":0.978392,"sphereCenter":[60.6349,284.536,-24.5089],"sphereRadius":50.1205,"stabilizedPalmPosition":[64.7521,305.596,46.3451],"t":[-145.914,102.88,-128.052],"timeVisible":0.542248,"type":"right","wrist":[75.7248,269.294,62.367]}],"id":4089096,"interactionBox":{"center":[0,200,0],"size":[235.247,235.247,147.751]},"pointables":[{"bases":[[[0.355716,0.811988,0.462754],[-0.668848,-0.124657,0.732873],[0.65277,-0.570207,0.498754]],[[0.117962,0.955553,0.27019],[-0.753839,-0.0909403,0.650736],[0.646384,-0.280442,0.709606]],[[0.117962,0.955553,0.27019],[-0.919055,0.00201434,0.394124],[0.376063,-0.294811,0.878444]],[[0.117962,0.955553,0.27019],[-0.947036,0.190093,-0.258818],[-0.298676,-0.22535,0.927368]]],"btipPosition":[10.7743,283.826,-25.1853],"carpPosition":[48.8606,254.51,61.8647],"dipPosition":[3.78639,278.554,-3.48818],"direction":[-0.376063,0.294811,-0.878444],"extended":false,"handId":366,"id":3660,"length":52.1005,"mcpPosition":[48.8606,254.51,61.8647],"pipPosition":[16.6046,268.505,26.4537],"stabilizedTipPosition":[17.4274,287.758,0.403566],"timeVisible":0.542248,"tipPosition":[9.09211,282.807,-20.3302],"tipVelocity":[-33.0163,-63.7816,-148.134],"tool":false,"touchDistance":-0.463162,"touchZone":"hovering","type":0,"width":20.2438},{"bases":[[[0.909393,0.296653,-0.291551],[-0.0428024,0.763969,0.643831],[0.41373,-0.573016,0.707446]],[[0.948727,0.233088,-0.21351],[-0.152985,0.929668,0.33513],[0.276609,-0.285283,0.917661]],[[0.948727,0.233088,-0.21351],[-0.206572,0.968456,0.139362],[0.239259,-0.0881112,0.96695]],[[0.948727,0.233088,-0.21351],[-0.239317,0.970936,-0.00342976],[0.206505,0.0543505,0.976935]]],"btipPosition":[2.65812,332.355,-63.526],"carpPosition":[54.2754,276.758,67.9683],"dipPosition":[6.18531,333.284,-46.8396],"direction":[-0.239259,0.0881112,-0.96695],"extended":true,"handId":366,"id":3661,"length":58.7895,"mcpPosition":[23.8467,318.902,15.9377],"pipPosition":[11.9665,331.155,-23.4752],"stabilizedTipPosition":[11.4336,338.185,-37.2525],"timeVisible":0.542248,"tipPosition":[3.92292,333.107,-59.1883],"tipVelocity":[-28.896,-59.521,-155.554],"tool":false,"touchDistance":-0.46851,"touchZone":"hovering","type":1,"width":19.3369},{"bases":[[[0.950811,0.081895,-0.298749],[0.120651,0.790358,0.600648],[0.285309,-0.607147,0.7416]],[[0.954299,0.0743096,-0.289468],[-0.18643,0.905047,-0.382275],[0.233576,0.41877,0.877539]],[[0.954299,0.0743096,-0.289468],[-0.245461,-0.357632,-0.901026],[-0.170478,0.930901,-0.323048]],[[0.954299,0.0743096,-0.289468],[-0.0553709,-0.90786,-0.4156],[-0.29368,0.412635,-0.862255]]],"btipPosition":[44.2418,269.961,-3.52981],"carpPosition":[65.0326,282.008,65.0971],"dipPosition":[38.7246,277.712,-19.7284],"direction":[0.170478,-0.930901,0.323048],"extended":false,"handId":366,"id":3662,"length":66.986,"mcpPosition":[45.1333,324.355,13.3729],"pipPosition":[33.8783,304.176,-28.9119],"stabilizedTipPosition":[51.4534,274.959,11.4646],"timeVisible":0.542248,"tipPosition":[42.8836,271.897,-7.57462],"tipVelocity":[-25.0049,-51.713,-122.155],"tool":false,"touchDistance":0.333333,"touchZone":"none","type":2,"width":18.9914},{"bases":[[[0.970615,-0.0681594,-0.230784],[0.197308,0.774432,0.601103],[0.137755,-0.628975,0.765123]],[[0.963601,-0.040375,-0.264278],[-0.0862838,0.888663,-0.450371],[0.253037,0.456781,0.852833]],[[0.963601,-0.040375,-0.264278],[-0.257593,-0.404766,-0.877389],[-0.0715459,0.913529,-0.400433]],[[0.963601,-0.040375,-0.264278],[-0.138648,-0.920674,-0.364877],[-0.228582,0.388238,-0.892761]]],"btipPosition":[62.8495,270.652,3.13786],"carpPosition":[76.5272,284.218,61.3785],"dipPosition":[58.58,277.904,-13.5374],"direction":[0.0715459,-0.913529,0.400433],"extended":false,"handId":366,"id":3663,"length":64.4088,"mcpPosition":[67.9008,323.605,13.4658],"pipPosition":[56.5987,303.203,-24.6268],"stabilizedTipPosition":[70.615,275.416,17.165],"timeVisible":0.542248,"tipPosition":[61.7777,272.612,-1.03907],"tipVelocity":[-26.0355,-54.1252,-108.025],"tool":false,"touchDistance":0.333333,"touchZone":"none","type":3,"width":18.0715},{"bases":[[[0.934002,-0.267514,-0.236804],[0.357262,0.695772,0.62311],[-0.001929,-0.666587,0.745425]],[[0.932172,-0.223849,-0.284511],[0.0839563,0.898158,-0.431582],[0.352145,0.378422,0.856032]],[[0.932172,-0.223849,-0.284511],[-0.346985,-0.328362,-0.87851],[0.103231,0.917644,-0.383762]],[[0.932172,-0.223849,-0.284511],[-0.324293,-0.865642,-0.381441],[-0.1609,0.447834,-0.87952]]],"btipPosition":[76.8829,279.246,4.32413],"carpPosition":[88.4647,279.642,55.1348],"dipPosition":[74.1103,286.963,-10.8314],"direction":[-0.103231,-0.917644,0.383762],"extended":false,"handId":366,"id":3664,"length":50.4953,"mcpPosition":[88.5765,318.282,11.9244],"pipPosition":[76.1288,304.905,-18.335],"stabilizedTipPosition":[84.9871,283.652,17.8308],"timeVisible":0.542248,"tipPosition":[76.4102,281.08,0.799644],"tipVelocity":[-33.6578,-41.9516,-118.658],"tool":false,"touchDistance":0.333333,"touchZone":"none","type":4,"width":16.0525}],"r":[[0.939978,0.333695,0.0713451],[-0.336526,0.871895,0.355737],[0.0565021,-0.358394,0.931859]],"s":0.978392,"t":[-145.914,102.88,-128.052],"timestamp":521147009696},false],[5,{"currentFrameRate":106.189,"devices":[],"gestures":[],"hands":[{"armBasis":[[0.926391,0.249539,-0.28201],[-0.0652896,0.844002,0.532351],[0.370859,-0.474753,0.798169]],"armWidth":63.7005,"confidence":0.788084,"direction":[-0.25501,0.721894,-0.643303],"elbow":[175.038,141.066,275.718],"grabStrength":0,"id":366,"palmNormal":[-0.00729648,-0.666717,-0.745275],"palmPosition":[53.7702,303.889,23.6674],"palmVelocity":[-51.6038,-28.0906,-162.235],"palmWidth":90.9622,"pinchStrength":0.652026,"r":[[0.938912,0.335844,0.0751882],[-0.33998,0.871166,0.354236],[0.0534666,-0.358158,0.932129]],"s":0.980305,"sphereCenter":[60.4515,284.842,-26.5563],"sphereRadius":50.0382,"stabilizedPalmPosition":[64.5877,305.57,46.0057],"t":[-146.363,102.691,-129.644],"timeVisible":0.551222,"type":"right","wrist":[74.9363,269.21,60.278]}],"id":4089097,"interactionBox":{"center":[0,200,0],"size":[235.247,235.247,147.751]},"pointables":[{"bases":[[[0.345848,0.811782,0.47053],[-0.67538,-0.13274,0.725426],[0.651346,-0.568673,0.502353]],[[0.108168,0.955199,0.27549],[-0.7591,-0.0995774,0.643313],[0.641924,-0.27871,0.714321]],[[0.108168,0.955199,0.27549],[-0.922356,-0.00695871,0.386279],[0.37089,-0.295883,0.880281]],[[0.108168,0.955199,0.27549],[-0.945552,0.184421,-0.26818],[-0.306971,-0.231482,0.923139]]],"btipPosition":[10.6802,283.669,-27.8212],"carpPosition":[48.1736,254.26,59.4277],"dipPosition":[3.49817,278.253,-6.22307],"direction":[-0.37089,0.295883,-0.880281],"extended":false,"handId":366,"id":3660,"length":52.1005,"mcpPosition":[48.1736,254.26,59.4277],"pipPosition":[16.14,268.168,23.7815],"stabilizedTipPosition":[17.2889,287.67,0.0202232],"timeVisible":0.551222,"tipPosition":[8.99612,282.648,-22.991],"tipVelocity":[-28.2084,-52.1119,-188.709],"tool":false,"touchDistance":-0.48506,"touchZone":"hovering","type":0,"width":20.2438},{"bases":[[[0.910368,0.303935,-0.28081],[-0.054158,0.76029,0.647323],[0.410241,-0.574094,0.708604]],[[0.949019,0.240797,-0.203421],[-0.163367,0.92762,0.335904],[0.269582,-0.285547,0.919668]],[[0.949019,0.240797,-0.203421],[-0.214503,0.966197,0.143008],[0.23098,-0.0920828,0.968591]],[[0.949019,0.240797,-0.203421],[-0.245447,0.969407,0.00244426],[0.197786,0.0476093,0.979088]]],"btipPosition":[2.67456,332.408,-66.041],"carpPosition":[53.3844,276.509,65.7011],"dipPosition":[6.05282,333.221,-49.3178],"direction":[-0.23098,0.0920828,-0.968591],"extended":true,"handId":366,"id":3661,"length":58.7895,"mcpPosition":[23.2123,318.732,13.5853],"pipPosition":[11.634,330.996,-25.9138],"stabilizedTipPosition":[11.3358,338.116,-37.5581],"timeVisible":0.551222,"tipPosition":[3.90067,333.137,-61.6987],"tipVelocity":[-21.525,-42.4224,-189.453],"tool":false,"touchDistance":-0.487591,"touchZone":"hovering","type":1,"width":19.3369},{"bases":[[[0.953227,0.0894843,-0.288704],[0.10955,0.787939,0.605929],[0.281702,-0.609216,0.741282]],[[0.956803,0.0815709,-0.27906],[-0.189111,0.903652,-0.384253],[0.220829,0.420428,0.880042]],[[0.956803,0.0815709,-0.27906],[-0.233096,-0.358442,-0.903983],[-0.173766,0.929981,-0.323944]],[[0.956803,0.0815709,-0.27906],[-0.0449963,-0.906724,-0.419318],[-0.287235,0.413761,-0.863885]]],"btipPosition":[44.1835,269.864,-5.70335],"carpPosition":[64.1363,281.842,62.9659],"dipPosition":[38.7874,277.637,-21.9325],"direction":[0.173766,-0.929981,0.323944],"extended":false,"handId":366,"id":3662,"length":66.986,"mcpPosition":[44.4885,324.333,11.2639],"pipPosition":[33.8477,304.074,-31.1415],"stabilizedTipPosition":[51.3294,274.91,11.1602],"timeVisible":0.551222,"tipPosition":[42.8365,271.857,-9.80816],"tipVelocity":[-19.0849,-40.3512,-155.253],"tool":false,"touchDistance":0.333333,"touchZone":"none","type":2,"width":18.9914},{"bases":[[[0.973304,-0.0607967,-0.221322],[0.186298,0.772497,0.607076],[0.134062,-0.632101,0.763201]],[[0.966555,-0.0332579,-0.254294],[-0.0886709,0.887066,-0.453047],[0.240643,0.460444,0.854449]],[[0.966555,-0.0332579,-0.254294],[-0.245296,-0.409257,-0.878828],[-0.0748437,0.911813,-0.403728]],[[0.966555,-0.0332579,-0.254294],[-0.127988,-0.921805,-0.365916],[-0.22224,0.386225,-0.895232]]],"btipPosition":[62.7334,270.696,1.32006],"carpPosition":[75.6533,284.144,59.3751],"dipPosition":[58.5823,277.91,-15.4013],"direction":[0.0748437,-0.911813,0.403728],"extended":false,"handId":366,"id":3663,"length":64.4088,"mcpPosition":[67.2582,323.727,11.5828],"pipPosition":[56.5096,303.161,-26.582],"stabilizedTipPosition":[70.4477,275.358,16.7922],"timeVisible":0.551222,"tipPosition":[61.6683,272.671,-2.97086],"tipVelocity":[-21.6172,-38.2375,-134.243],"tool":false,"touchDistance":0.333333,"touchZone":"none","type":3,"width":18.0715},{"bases":[[[0.938028,-0.260345,-0.228746],[0.346522,0.694737,0.630288],[-0.00517357,-0.670493,0.741898]],[[0.936417,-0.216661,-0.276011],[0.0819764,0.899915,-0.42829],[0.34118,0.378431,0.860457]],[[0.936417,-0.216661,-0.276011],[-0.336094,-0.327809,-0.88294],[0.10082,0.919565,-0.379784]],[[0.936417,-0.216661,-0.276011],[-0.314872,-0.86599,-0.388481],[-0.154854,0.450688,-0.879148]]],"btipPosition":[76.6189,279.42,2.38174],"carpPosition":[87.6821,279.676,53.2285],"dipPosition":[73.9505,287.186,-12.7673],"direction":[-0.10082,-0.919565,0.379784],"extended":false,"handId":366,"id":3664,"length":50.4953,"mcpPosition":[87.982,318.543,10.2226],"pipPosition":[75.9218,305.166,-20.1932],"stabilizedTipPosition":[84.8065,283.603,17.4502],"timeVisible":0.551222,"tipPosition":[76.1614,281.287,-1.16677],"tipVelocity":[-31.7659,-24.8013,-145.398],"tool":false,"touchDistance":0.333333,"touchZone":"none","type":4,"width":16.0525}],"r":[[0.938912,0.335844,0.0751882],[-0.33998,0.871166,0.354236],[0.0534666,-0.358158,0.932129]],"s":0.980305,"t":[-146.363,102.691,-129.644],"timestamp":521147018670},false],[6,{"currentFrameRate":106.392,"devices":[],"gestures":[],"hands":[{"armBasis":[[0.924141,0.25513,-0.284379],[-0.070315,0.845214,0.529782],[0.375524,-0.469597,0.799037]],"armWidth":63.7005,"confidence":0.79509,"direction":[-0.252808,0.724942,-0.64074],"elbow":[175.937,141.587,274.457],"grabStrength":0,"id":366,"palmNormal":[-0.00341369,-0.662916,-0.748686],"palmPosition":[53.5411,303.186,22.2561],"palmVelocity":[-44.3853,-41.7932,-160.619],"palmWidth":90.9622,"pinchStrength":0.649678,"r":[[0.937915,0.337649,0.0794308],[-0.343202,0.870157,0.353609],[0.0502783,-0.358916,0.932015]],"s":0.982302,"sphereCenter":[60.2985,284.436,-27.9307],"sphereRadius":49.9613,"stabilizedPalmPosition":[64.4519,305.541,45.7138],"t":[-146.702,102.245,-131.145],"timeVisible":0.560248,"type":"right","wrist":[74.5761,268.34,58.7828]}],"id":4089098,"interactionBox":{"center":[0,200,0],"size":[235.247,235.247,147.751]},"pointables":[{"bases":[[[0.343046,0.809673,0.476182],[-0.678458,-0.137019,0.721748],[0.649626,-0.570662,0.502325]],[[0.10509,0.954247,0.279945],[-0.761377,-0.103885,0.639932],[0.639735,-0.280394,0.715625]],[[0.10509,0.954247,0.279945],[-0.92354,-0.0107545,0.383352],[0.368823,-0.298826,0.880155]],[[0.10509,0.954247,0.279945],[-0.944493,0.183885,-0.272249],[-0.31127,-0.235795,0.920604]]],"btipPosition":[10.6176,283.065,-29.5123],"carpPosition":[47.8307,253.37,57.7381],"dipPosition":[3.33502,277.548,-7.97344],"direction":[-0.368823,0.298826,-0.880155],"extended":false,"handId":366,"id":3660,"length":52.1005,"mcpPosition":[47.8307,253.37,57.7381],"pipPosition":[15.9064,267.363,22.0268],"stabilizedTipPosition":[17.1772,287.591,-0.308724],"timeVisible":0.560248,"tipPosition":[8.94374,282.054,-24.6914],"tipVelocity":[-23.0573,-56.8952,-188.752],"tool":false,"touchDistance":-0.490458,"touchZone":"hovering","type":0,"width":20.2438},{"bases":[[[0.911329,0.306149,-0.275232],[-0.0576907,0.756934,0.65094],[0.407617,-0.577342,0.707478]],[[0.949252,0.243519,-0.199043],[-0.167131,0.92667,0.336675],[0.266434,-0.286323,0.920343]],[[0.949252,0.243519,-0.199043],[-0.216624,0.965037,0.147575],[0.228021,-0.0969684,0.968816]],[[0.949252,0.243519,-0.199043],[-0.246523,0.969086,0.0099411],[0.195311,0.039632,0.97994]]],"btipPosition":[2.72613,332.017,-67.5606],"carpPosition":[52.994,275.592,64.1476],"dipPosition":[6.06211,332.694,-50.8229],"direction":[-0.228021,0.0969684,-0.968816],"extended":true,"handId":366,"id":3661,"length":58.7895,"mcpPosition":[23.0149,318.054,12.1147],"pipPosition":[11.5718,330.351,-27.4134],"stabilizedTipPosition":[11.2605,338.059,-37.8093],"timeVisible":0.560248,"tipPosition":[3.9489,332.726,-63.2235],"tipVelocity":[-14.3239,-43.6098,-183.545],"tool":false,"touchDistance":-0.489909,"touchZone":"hovering","type":1,"width":19.3369},{"bases":[[[0.954413,0.091779,-0.284029],[0.106174,0.784936,0.610412],[0.278967,-0.612742,0.739409]],[[0.958042,0.0836133,-0.27416],[-0.188343,0.904659,-0.382255],[0.216059,0.417853,0.88245]],[[0.958042,0.0836133,-0.27416],[-0.228396,-0.355209,-0.906456],[-0.173176,0.93104,-0.321208]],[[0.958042,0.0836133,-0.27416],[-0.0423554,-0.904705,-0.423927],[-0.28348,0.417752,-0.863205]]],"btipPosition":[44.1337,269.235,-7.2579],"carpPosition":[63.7531,280.948,61.4872],"dipPosition":[38.8081,277.083,-23.4743],"direction":[0.173176,-0.93104,0.321208],"extended":false,"handId":366,"id":3662,"length":66.986,"mcpPosition":[44.2961,323.685,9.91593],"pipPosition":[33.8851,303.55,-32.6055],"stabilizedTipPosition":[51.2349,274.867,10.9116],"timeVisible":0.560248,"tipPosition":[42.8016,271.263,-11.3672],"tipVelocity":[-14.8563,-47.8989,-159.836],"tool":false,"touchDistance":0.333333,"touchZone":"none","type":2,"width":18.9914},{"bases":[[[0.974325,-0.058826,-0.217325],[0.18293,0.769554,0.611819],[0.131252,-0.635866,0.760557]],[[0.967799,-0.0315002,-0.249744],[-0.0881876,0.886833,-0.453597],[0.23577,0.461016,0.855498]],[[0.967799,-0.0315002,-0.249744],[-0.24034,-0.41061,-0.879566],[-0.074841,0.911267,-0.404959]],[[0.967799,-0.0315002,-0.249744],[-0.12474,-0.92177,-0.367123],[-0.218642,0.386454,-0.896018]]],"btipPosition":[62.6903,270.051,0.0715302],"carpPosition":[75.2839,283.279,57.9591],"dipPosition":[58.6065,277.269,-16.6646],"direction":[0.074841,-0.911267,0.404959],"extended":false,"handId":366,"id":3663,"length":64.4088,"mcpPosition":[67.0647,323.097,10.3323],"pipPosition":[56.5339,302.506,-27.8793],"stabilizedTipPosition":[70.317,275.303,16.483],"timeVisible":0.560248,"tipPosition":[61.6299,272.037,-4.28763],"tipVelocity":[-16.5091,-47.34,-135.47],"tool":false,"touchDistance":0.333333,"touchZone":"none","type":3,"width":18.0715},{"bases":[[[0.939259,-0.258364,-0.225921],[0.343118,0.691816,0.635343],[-0.00785429,-0.674269,0.738444]],[[0.937865,-0.215057,-0.272324],[0.0799516,0.897601,-0.433498],[0.337665,0.384789,0.859023]],[[0.937865,-0.215057,-0.272324],[-0.332636,-0.333717,-0.882035],[0.0988089,0.917814,-0.384517]],[[0.937865,-0.215057,-0.272324],[-0.311714,-0.866953,-0.38888],[-0.15246,0.449604,-0.88012]]],"btipPosition":[76.5581,278.643,1.35655],"carpPosition":[87.3436,278.853,51.8431],"dipPosition":[73.931,286.391,-13.8093],"direction":[-0.0988089,-0.917814,0.384517],"extended":false,"handId":366,"id":3664,"length":50.4953,"mcpPosition":[87.7989,317.938,9.0374],"pipPosition":[75.863,304.337,-21.3277],"stabilizedTipPosition":[84.6668,283.553,17.1411],"timeVisible":0.560248,"tipPosition":[76.08,280.587,-2.3271],"tipVelocity":[-24.5845,-41.7946,-136.758],"tool":false,"touchDistance":0.333333,"touchZone":"none","type":4,"width":16.0525}],"r":[[0.937915,0.337649,0.0794308],[-0.343202,0.870157,0.353609],[0.0502783,-0.358916,0.932015]],"