{"sensorType":"Leap","data":[[0,{"currentFrameRate":106.779,"devices":[],"gestures":[],"hands":[{"armBasis":[[0.744716,0.626504,-0.229981],[-0.33928,0.652155,0.677926],[0.574707,-0.426834,0.69823]],"armWidth":63.7005,"confidence":0.532534,"direction":[-0.178396,0.552543,-0.814169],"elbow":[187.18,178.217,282.043],"grabStrength":0,"id":376,"palmNormal":[0.36582,-0.730886,-0.576178],"palmPosition":[17.0455,317.045,46.5912],"palmVelocity":[-47.454,-3.90124,-41.3689],"palmWidth":90.9622,"pinchStrength":0.438307,"r":[[0.992089,-0.0705066,0.103867],[0.0807485,0.99191,-0.0979467],[-0.096121,0.105559,0.989757]],"s":0.879077,"sphereCenter":[17.3413,292.36,6.75133],"sphereRadius":47.6169,"stabilizedPalmPosition":[23.3645,313.09,55.5409],"t":[-62.3021,110.858,-154.48],"timeVisible":0.614686,"type":"right","wrist":[32.0568,293.426,93.5779]}],"id":4092670,"interactionBox":{"center":[0,200,0],"size":[235.247,235.247,147.751]},"pointables":[{"bases":[[[0.00555076,0.922754,0.385348],[-0.829099,-0.211198,0.517677],[0.559074,-0.322366,0.763883]],[[-0.240974,0.97048,0.00999068],[-0.7733,-0.198214,0.602261],[0.586462,0.137404,0.798237]],[[-0.240974,0.97048,0.00999068],[-0.96151,-0.240122,0.133569],[0.132025,0.0225807,0.990989]],[[-0.240974,0.97048,0.00999068],[-0.539763,-0.125456,-0.832416],[-0.80659,-0.205984,0.554061]]],"btipPosition":[-4.30998,269.42,1.52268],"carpPosition":[10.5846,272.227,88.0977],"dipPosition":[-23.1813,264.601,14.4857],"direction":[-0.132025,-0.0225807,-0.990989],"extended":true,"handId":376,"id":3760,"length":52.1005,"mcpPosition":[10.5846,272.227,88.0977],"pipPosition":[-18.6812,265.371,48.2638],"stabilizedTipPosition":[4.74114,249.03,69.0171],"timeVisible":0.614686,"tipPosition":[-9.50849,269.075,4.39061],"tipVelocity":[-20.1851,-34.4729,-32.5799],"tool":false,"touchDistance":-0.350756,"touchZone":"hovering","type":0,"width":20.2438},{"bases":[[[0.870507,0.487713,-0.0659752],[-0.410611,0.793622,0.448957],[0.271322,-0.363731,0.891114]],[[0.879958,0.473908,-0.0329285],[-0.463213,0.871345,0.161841],[0.10539,-0.127161,0.986267]],[[0.879958,0.473908,-0.0329285],[-0.474393,0.880272,-0.00845352],[0.0249798,0.0230598,0.999422]],[[0.879958,0.473908,-0.0329285],[-0.473852,0.870707,-0.131653],[-0.0337204,0.131452,0.990749]]],"btipPosition":[-15.6186,325.066,-57.7402],"carpPosition":[8.89034,295.655,91.2296],"dipPosition":[-16.1946,327.311,-40.8178],"direction":[-0.0249798,-0.0230598,-0.999422],"extended":true,"handId":376,"id":3761,"length":58.7895,"mcpPosition":[-11.0646,322.407,25.6907],"pipPosition":[-15.591,327.868,-16.6688],"stabilizedTipPosition":[-1.71414,303.951,21.5827],"timeVisible":0.614686,"tipPosition":[-16.7927,325.356,-53.6346],"tipVelocity":[-34.6451,-20.3386,-42.058],"tool":false,"touchDistance":-0.381612,"touchZone":"hovering","type":1,"width":19.3369},{"bases":[[[0.95632,0.291601,-0.020539],[-0.251473,0.856472,0.450795],[0.149043,-0.425939,0.892391]],[[0.956537,0.290976,-0.0192321],[-0.184903,0.554197,-0.811589],[-0.225495,0.779871,0.583913]],[[0.956537,0.290976,-0.0192321],[0.198652,-0.698477,-0.687508],[-0.213482,0.653807,-0.725922]],[[0.956537,0.290976,-0.0192321],[0.285752,-0.948431,-0.137203],[-0.0581631,0.125744,-0.990356]]],"btipPosition":[26.2639,274.34,39.5293],"carpPosition":[18.6321,303.159,90.6655],"dipPosition":[25.1712,276.702,20.9242],"direction":[0.213482,-0.653807,0.725922],"extended":false,"handId":376,"id":3762,"length":66.986,"mcpPosition":[8.23679,332.867,28.4241],"pipPosition":[19.1024,295.288,0.287911],"stabilizedTipPosition":[27.7515,274.541,35.8613],"timeVisible":0.614686,"tipPosition":[25.9908,274.77,33.9322],"tipVelocity":[-36.0376,-0.605789,-10.2164],"tool":false,"touchDistance":0.333333,"touchZone":"none","type":2,"width":18.9914},{"bases":[[[0.984047,0.160342,0.0770835],[-0.177627,0.861103,0.476394],[0.0100091,-0.482486,0.875847]],[[0.984088,0.157638,0.0819869],[-0.0336531,0.618427,-0.785122],[-0.174468,0.769869,0.613891]],[[0.984088,0.157638,0.0819869],[0.169189,-0.690358,-0.703407],[-0.054283,0.706085,-0.706043]],[[0.984088,0.157638,0.0819869],[0.168663,-0.973892,-0.151945],[0.0558942,0.163355,-0.984983]]],"btipPosition":[37.596,281.064,45.7727],"carpPosition":[29.9707,307.843,90.0883],"dipPosition":[38.64,284.116,27.3749],"direction":[0.054283,-0.706085,0.706043],"extended":false,"handId":376,"id":3763,"length":64.4088,"mcpPosition":[29.3439,338.057,35.242],"pipPosition":[37.1367,303.67,7.82201],"stabilizedTipPosition":[42.9942,278.471,48.5526],"timeVisible":0.614686,"tipPosition":[37.7837,281.748,41.7925],"tipVelocity":[-37.2329,2.14157,-44.7009],"tool":false,"touchDistance":0.333333,"touchZone":"none","type":3,"width":18.0715},{"bases":[[[0.994323,-0.0410761,0.0981544],[-0.0208223,0.829527,0.558078],[-0.104345,-0.556954,0.823962]],[[0.996865,-0.025395,0.0749408],[0.0732978,0.653139,-0.753682],[-0.029807,0.756812,0.652953]],[[0.996865,-0.025395,0.0749408],[0.037856,-0.678611,-0.733521],[0.0694834,0.734058,-0.675522]],[[0.996865,-0.025395,0.0749408],[-0.00934566,-0.978258,-0.207183],[0.0785728,0.205833,-0.975428]]],"btipPosition":[48.3626,293.482,47.7122],"carpPosition":[43.9728,305.849,88.5396],"dipPosition":[49.7165,297.029,30.9041],"direction":[-0.0694834,-0.734058,0.675522],"extended":false,"handId":376,"id":3764,"length":50.4953,"mcpPosition":[50.0215,338.134,40.7766],"pipPosition":[51.0751,311.382,17.6957],"stabilizedTipPosition":[52.2931,292.279,47.5809],"timeVisible":0.614686,"tipPosition":[48.8103,294.281,43.215],"tipVelocity":[-43.7833,5.90253,-33.5261],"tool":false,"touchDistance":0.333333,"touchZone":"none","type":4,"width":16.0525}],"r":[[0.992089,-0.0705066,0.103867],[0.0807485,0.99191,-0.0979467],[-0.096121,0.105559,0.989757]],"s":0.879077,"t":[-62.3021,110.858,-154.48],"timestamp":521188115822},false],[1,{"currentFrameRate":107.111,"devices":[],"gestures":[],"hands":[{"armBasis":[[0.746302,0.624989,-0.228957],[-0.337059,0.651477,0.679683],[0.573955,-0.430077,0.696857]],"armWidth":63.7005,"confidence":0.557389,"direction":[-0.176541,0.55254,-0.814575],"elbow":[186.648,177.531,281.086],"grabStrength":0,"id":376,"palmNormal":[0.364039,-0.732239,-0.575588],"palmPosition":[16.8005,317.248,45.9847],"palmVelocity":[-42.268,3.34244,-48.8887],"palmWidth":90.9622,"pinchStrength":0.439951,"r":[[0.992184,-0.0694147,0.103697],[0.0797579,0.991868,-0.0991756],[-0.0959699,0.106671,0.989652]],"s":0.878949,"sphereCenter":[17.1907,292.558,6.1502],"sphereRadius":47.6043,"stabilizedPalmPosition":[22.89,313.391,54.8501],"t":[-62.6413,110.875,-154.952],"timeVisible":0.623416,"type":"right","wrist":[31.7275,293.616,92.9918]}],"id":4092671,"interactionBox":{"center":[0,200,0],"size":[235.247,235.247,147.751]},"pointables":[{"bases":[[[0.00793639,0.922968,0.384794],[-0.829889,-0.2086,0.517466],[0.557872,-0.323443,0.764306]],[[-0.239078,0.970967,0.00799132],[-0.773938,-0.195522,0.602321],[0.586397,0.137817,0.798214]],[[-0.239078,0.970967,0.00799132],[-0.96219,-0.238007,0.132451],[0.130508,0.0239771,0.991157]],[[-0.239078,0.970967,0.00799132],[-0.538416,-0.125715,-0.833249],[-0.808053,-0.203515,0.55284]]],"btipPosition":[-4.60618,269.54,0.964544],"carpPosition":[10.1992,272.473,87.5156],"dipPosition":[-23.5118,264.778,13.899],"direction":[-0.130508,-0.0239771,-0.991157],"extended":true,"handId":376,"id":3760,"length":52.1005,"mcpPosition":[10.1992,272.473,87.5156],"pipPosition":[-19.0634,265.595,47.6828],"stabilizedTipPosition":[4.60194,249.227,68.3556],"timeVisible":0.623416,"tipPosition":[-9.78552,269.212,3.82336],"tipVelocity":[-24.1036,-21.1838,-41.1702],"tool":false,"touchDistance":-0.352485,"touchZone":"hovering","type":0,"width":20.2438},{"bases":[[[0.871875,0.485273,-0.0659134],[-0.408605,0.795022,0.44831],[0.269955,-0.363938,0.891444]],[[0.881991,0.470301,-0.0301429],[-0.460245,0.873353,0.159462],[0.10132,-0.126771,0.986744]],[[0.881991,0.470301,-0.0301429],[-0.470748,0.882216,-0.0095539],[0.0220993,0.0226161,0.9995]],[[0.881991,0.470301,-0.0301429],[-0.469916,0.872826,-0.131731],[-0.035644,0.130351,0.990827]]],"btipPosition":[-15.5631,325.345,-58.3851],"carpPosition":[8.56818,295.907,90.6326],"dipPosition":[-16.1719,327.572,-41.4614],"direction":[-0.0220993,-0.0226161,-0.9995],"extended":true,"handId":376,"id":3761,"length":58.7895,"mcpPosition":[-11.2863,322.674,25.0695],"pipPosition":[-15.6379,328.118,-17.3105],"stabilizedTipPosition":[-1.74467,303.998,21.4167],"timeVisible":0.623416,"tipPosition":[-16.7578,325.633,-54.2853],"tipVelocity":[-23.9038,-6.45157,-50.5614],"tool":false,"touchDistance":-0.381453,"touchZone":"hovering","type":1,"width":19.3369},{"bases":[[[0.957128,0.288952,-0.0203238],[-0.249296,0.857434,0.450176],[0.147505,-0.425809,0.892709]],[[0.957337,0.288346,-0.0190532],[-0.183241,0.554752,-0.811587],[-0.223448,0.780453,0.583921]],[[0.957337,0.288346,-0.0190532],[0.196877,-0.699073,-0.687413],[-0.211532,0.654335,-0.726016]],[[0.957337,0.288346,-0.0190532],[0.283193,-0.949264,-0.136745],[-0.0575163,0.125515,-0.990423]]],"btipPosition":[25.9036,274.516,38.9132],"carpPosition":[18.3308,303.384,90.068],"dipPosition":[24.8231,276.874,20.3068],"direction":[0.211532,-0.654335,0.726016],"extended":false,"handId":376,"id":3762,"length":66.986,"mcpPosition":[8.04276,333.082,27.8045],"pipPosition":[18.8097,295.476,-0.332163],"stabilizedTipPosition":[27.4362,274.619,35.6767],"timeVisible":0.623416,"tipPosition":[25.6343,274.946,33.3616],"tipVelocity":[-37.3508,4.94257,-26.3752],"tool":false,"touchDistance":0.333333,"touchZone":"none","type":2,"width":18.9914},{"bases":[[[0.984454,0.157677,0.0773893],[-0.175447,0.861877,0.475801],[0.00832275,-0.481982,0.876142]],[[0.984485,0.15497,0.0823033],[-0.0316289,0.618088,-0.785472],[-0.172596,0.770683,0.6134]],[[0.984485,0.15497,0.0823033],[0.167575,-0.691238,-0.702929],[-0.0520418,0.705815,-0.706482]],[[0.984485,0.15497,0.0823033],[0.166036,-0.97445,-0.151259],[0.0567599,0.162577,-0.985062]]],"btipPosition":[37.2515,281.212,45.1941],"carpPosition":[29.6825,308.036,89.4926],"dipPosition":[38.3117,284.248,26.7948],"direction":[0.0520418,-0.705815,0.706482],"extended":false,"handId":376,"id":3763,"length":64.4088,"mcpPosition":[29.1614,338.218,34.6279],"pipPosition":[36.8705,303.795,7.22981],"stabilizedTipPosition":[42.7612,278.617,48.2309],"timeVisible":0.623416,"tipPosition":[37.4434,281.891,41.2126],"tipVelocity":[-37.7136,5.97626,-50.4835],"tool":false,"touchDistance":0.333333,"touchZone":"none","type":3,"width":18.0715},{"bases":[[[0.994166,-0.0437562,0.0985859],[-0.0187638,0.829918,0.557569],[-0.106215,-0.556166,0.824256]],[[0.996754,-0.0281412,0.0754306],[0.0754761,0.652695,-0.753852],[-0.0280189,0.757098,0.652701]],[[0.996754,-0.0281412,0.0754306],[0.03632,-0.678987,-0.733252],[0.071851,0.733611,-0.675761]],[[0.996754,-0.0281412,0.0754306],[-0.0119778,-0.978329,-0.206712],[0.079613,0.205137,-0.97549]]],"btipPosition":[48.0505,293.601,47.1211],"carpPosition":[43.6797,306.002,87.9509],"dipPosition":[49.4223,297.136,30.3119],"direction":[-0.0718509,-0.733611,0.675761],"extended":false,"handId":376,"id":3764,"length":50.4953,"mcpPosition":[49.8368,338.242,40.1708],"pipPosition":[50.8272,311.48,17.0989],"stabilizedTipPosition":[51.9302,292.476,47.1811],"timeVisible":0.623416,"tipPosition":[48.5012,294.395,42.6369],"tipVelocity":[-41.5088,7.86955,-42.6796],"tool":false,"touchDistance":0.333333,"touchZone":"none","type":4,"width":16.0525}],"r":[[0.992184,-0.0694147,0.103697],[0.0797579,0.991868,-0.0991756],[-0.0959699,0.106671,0.989652]],"s":0.878949,"t":[-62.6413,110.875,-154.952],"timestamp":521188124552},false],[2,{"currentFrameRate":107.148,"devices":[],"gestures":[],"hands":[{"armBasis":[[0.747244,0.62371,-0.229374],[-0.334901,0.651556,0.680674],[0.573993,-0.431812,0.695752]],"armWidth":63.7005,"confidence":0.586143,"direction":[-0.175524,0.551771,-0.815316],"elbow":[186.388,177.233,280.372],"grabStrength":0,"id":376,"palmNormal":[0.36229,-0.733853,-0.574636],"palmPosition":[16.5713,317.385,45.5394],"palmVelocity":[-37.3322,6.56543,-48.6545],"palmWidth":90.9622,"pinchStrength":0.448148,"r":[[0.992233,-0.068948,0.103533],[0.0793964,0.99177,-0.100444],[-0.0957552,0.107884,0.989541]],"s":0.878297,"sphereCenter":[17.0992,292.654,5.71884],"sphereRadius":47.5653,"stabilizedPalmPosition":[22.4691,313.657,54.2299],"t":[-62.9255,110.952,-155.41],"timeVisible":0.632682,"type":"right","wrist":[31.4578,293.787,92.5764]}],"id":4092672,"interactionBox":{"center":[0,200,0],"size":[235.247,235.247,147.751]},"pointables":[{"bases":[[[0.0100581,0.923493,0.383482],[-0.83022,-0.206041,0.51796],[0.557345,-0.323584,0.76463]],[[-0.237599,0.971347,0.00555666],[-0.774446,-0.192883,0.602519],[0.586327,0.138855,0.798085]],[[-0.237599,0.971347,0.00555666],[-0.962917,-0.236282,0.130236],[0.127817,0.0255934,0.991467]],[[-0.237599,0.971347,0.00555666],[-0.535633,-0.126244,-0.834961],[-0.810336,-0.201362,0.550281]]],"btipPosition":[-4.77507,269.593,0.64001],"carpPosition":[9.88174,272.683,87.1353],"dipPosition":[-23.734,264.882,13.5146],"direction":[-0.127817,-0.0255934,-0.991467],"extended":true,"handId":376,"id":3760,"length":52.1005,"mcpPosition":[9.88174,272.683,87.1353],"pipPosition":[-19.3774,265.754,47.309],"stabilizedTipPosition":[4.46973,249.413,67.7325],"timeVisible":0.632682,"tipPosition":[-9.97607,269.258,3.48108],"tipVelocity":[-22.8228,-13.2483,-39.8587],"tool":false,"touchDistance":-0.350644,"touchZone":"hovering","type":0,"width":20.2438},{"bases":[[[0.872923,0.483261,-0.0668104],[-0.406748,0.796553,0.44728],[0.269371,-0.363266,0.891895]],[[0.883723,0.467154,-0.028304],[-0.457692,0.875286,0.156182],[0.097735,-0.125067,0.987323]],[[0.883723,0.467154,-0.028304],[-0.467599,0.883865,-0.0115587],[0.0196172,0.0234497,0.999533]],[[0.883723,0.467154,-0.028304],[-0.466527,0.874498,-0.132687],[-0.0372333,0.130463,0.990754]]],"btipPosition":[-15.5442,325.419,-58.8557],"carpPosition":[8.30299,296.126,90.2195],"dipPosition":[-16.1801,327.648,-41.9333],"direction":[-0.0196172,-0.0234497,-0.999533],"extended":true,"handId":376,"id":3761,"length":58.7895,"mcpPosition":[-11.5085,322.843,24.6232],"pipPosition":[-15.7061,328.214,-17.7816],"stabilizedTipPosition":[-1.7703,304.039,21.2763],"timeVisible":0.632682,"tipPosition":[-16.7599,325.722,-54.7612],"tipVelocity":[-16.7925,-2.37773,-50.6351],"tool":false,"touchDistance":-0.378705,"touchZone":"hovering","type":1,"width":19.3369},{"bases":[[[0.957756,0.286818,-0.0209627],[-0.247302,0.858618,0.449019],[0.146786,-0.424866,0.893276]],[[0.957947,0.286263,-0.0197958],[-0.183509,0.558134,-0.809204],[-0.220597,0.778807,0.587194]],[[0.957947,0.286263,-0.0197958],[0.194155,-0.697422,-0.689859],[-0.211287,0.657005,-0.723673]],[[0.957947,0.286263,-0.0197958],[0.280971,-0.949768,-0.137824],[-0.0582554,0.126466,-0.990259]]],"btipPosition":[25.5744,274.633,38.2201],"carpPosition":[18.0818,303.58,89.6419],"dipPosition":[24.48,277.008,19.6169],"direction":[0.211287,-0.657005,0.723673],"extended":false,"handId":376,"id":3762,"length":66.986,"mcpPosition":[7.84402,333.213,27.3388],"pipPosition":[18.4736,295.685,-0.955502],"stabilizedTipPosition":[27.1608,274.692,35.4505],"timeVisible":0.632682,"tipPosition":[25.3048,275.07,32.882],"tipVelocity":[-36.9346,7.20156,-39.9805],"tool":false,"touchDistance":0.333333,"touchZone":"none","type":2,"width":18.9914},{"bases":[[[0.984817,0.155622,0.0769298],[-0.173437,0.862934,0.47462],[0.00747598,-0.480757,0.876822]],[[0.984843,0.152912,0.0818665],[-0.0304608,0.617138,-0.786265],[-0.170752,0.771854,0.612442]],[[0.984843,0.152912,0.0818665],[0.165888,-0.69256,-0.702027],[-0.0506511,0.704967,-0.707429]],[[0.984843,0.152912,0.0818665],[0.163849,-0.97503,-0.1499],[0.0569007,0.161042,-0.985306]]],"btipPosition":[36.9422,281.305,44.7896],"carpPosition":[29.4437,308.206,89.0573],"dipPosition":[38.005,284.313,26.3858],"direction":[0.0506511,-0.704967,0.707429],"extended":false,"handId":376,"id":3763,"length":64.4088,"mcpPosition":[28.9755,338.312,34.1499],"pipPosition":[36.6023,303.836,6.79461],"stabilizedTipPosition":[42.5459,278.748,47.9345],"timeVisible":0.632682,"tipPosition":[37.1355,281.978,40.8065],"tipVelocity":[-36.4761,6.93548,-48.5913],"tool":false,"touchDistance":0.333333,"touchZone":"none","type":3,"width":18.0715},{"bases":[[[0.994091,-0.0458016,0.0984098],[-0.0168046,0.830747,0.556396],[-0.107237,-0.554762,0.825069]],[[0.996686,-0.0303751,0.0754552],[0.0769585,0.652492,-0.753878],[-0.0263348,0.757186,0.652668]],[[0.996686,-0.0303751,0.0754552],[0.0348003,-0.679225,-0.733104],[0.0735192,0.733301,-0.675918]],[[0.996686,-0.0303751,0.0754552],[-0.0142273,-0.978457,-0.205958],[0.0800857,0.204202,-0.975647]]],"btipPosition":[47.7657,293.676,46.6451],"carpPosition":[43.436,306.14,87.515],"dipPosition":[49.1457,297.195,29.8332],"direction":[-0.0735192,-0.733301,0.675918],"extended":false,"handId":376,"id":3764,"length":50.4953,"mcpPosition":[49.6523,338.298,39.6879],"pipPosition":[50.5832,311.533,16.6171],"stabilizedTipPosition":[51.6137,292.641,46.8189],"timeVisible":0.632682,"tipPosition":[48.2146,294.464,42.2031],"tipVelocity":[-38.4199,7.82588,-45.1451],"tool":false,"touchDistance":0.333333,"touchZone":"none","type":4,"width":16.0525}],"r":[[0.992233,-0.068948,0.103533],[0.0793964,0.99177,-0.100444],[-0.0957552,0.107884,0.989541]],"s":0.878297,"t":[-62.9255,110.952,-155.41],"timestamp":521188133818},false],[3,{"currentFrameRate":107.437,"devices":[],"gestures":[],"hands":[{"armBasis":[[0.750241,0.620765,-0.227573],[-0.334533,0.653297,0.679184],[0.570286,-0.433421,0.697796]],"armWidth":63.7005,"confidence":0.609942,"direction":[-0.175873,0.550609,-0.816026],"elbow":[185.288,176.956,280.744],"grabStrength":0,"id":376,"palmNormal":[0.361742,-0.734802,-0.573768],"palmPosition":[16.4485,317.476,45.3332],"palmVelocity":[-31.0532,7.58563,-41.8855],"palmWidth":90.9622,"pinchStrength":0.458789,"r":[[0.992282,-0.0685976,0.1033],[0.079148,0.991655,-0.101762],[-0.0954572,0.109152,0.989431]],"s":0.876917,"sphereCenter":[17.2228,292.712,5.54503],"sphereRadius":47.4906,"stabilizedPalmPosition":[22.136,313.868,53.7377],"t":[-63.1289,111.036,-155.743],"timeVisible":0.641463,"type":"right","wrist":[31.3573,293.944,92.3961]}],"id":4092673,"interactionBox":{"center":[0,200,0],"size":[235.247,235.247,147.751]},"pointables":[{"bases":[[[0.0105404,0.924058,0.382107],[-0.829959,-0.205049,0.518771],[0.557725,-0.322601,0.764769]],[[-0.236973,0.971504,0.00487405],[-0.774896,-0.192037,0.602211],[0.585987,0.138931,0.798322]],[[-0.236973,0.971504,0.00487405],[-0.963842,-0.235727,0.124264],[0.121872,0.0247493,0.992237]],[[-0.236973,0.971504,0.00487405],[-0.529521,-0.124953,-0.839044],[-0.814525,-0.201412,0.544042]]],"btipPosition":[-4.5668,269.774,0.612046],"carpPosition":[9.77234,272.838,86.9994],"dipPosition":[-23.6238,265.061,13.3407],"direction":[-0.121872,-0.0247493,-0.992237],"extended":true,"handId":376,"id":3760,"length":52.1005,"mcpPosition":[9.77234,272.838,86.9994],"pipPosition":[-19.4698,265.905,47.1613],"stabilizedTipPosition":[4.37597,249.548,67.2839],"timeVisible":0.641463,"tipPosition":[-9.84516,269.32,3.41377],"tipVelocity":[-10.9986,-4.1634,-31.0254],"tool":false,"touchDistance":-0.344836,"touchZone":"hovering","type":0,"width":20.2438},{"bases":[[[0.873012,0.482926,-0.0680591],[-0.406261,0.797325,0.446347],[0.269818,-0.362016,0.892268]],[[0.884476,0.465801,-0.0270332],[-0.45686,0.876354,0.152585],[0.0947647,-0.122607,0.987921]],[[0.884476,0.465801,-0.0270332],[-0.46627,0.884523,-0.0145433],[0.0171372,0.0254679,0.999529]],[[0.884476,0.465801,-0.0270332],[-0.464931,0.874986,-0.135054],[-0.0392545,0.13202,0.990469]]],"btipPosition":[-15.4562,325.306,-59.0736],"carpPosition":[8.20177,296.285,90.0499],"dipPosition":[-16.1267,327.561,-42.156],"direction":[-0.0171372,-0.0254679,-0.999529],"extended":true,"handId":376,"id":3761,"length":58.7895,"mcpPosition":[-11.6425,322.91,24.4261],"pipPosition":[-15.7126,328.176,-18.0044],"stabilizedTipPosition":[-1.78852,304.067,21.1756],"timeVisible":0.641463,"tipPosition":[-16.6978,325.65,-54.9849],"tipVelocity":[-9.82666,-5.02629,-43.7252],"tool":false,"touchDistance":-0.372453,"touchZone":"hovering","type":1,"width":19.3369},{"bases":[[[0.95782,0.286529,-0.021972],[-0.246797,0.859349,0.447896],[0.147217,-0.423581,0.893816]],[[0.957993,0.286029,-0.020917],[-0.184664,0.5594,-0.808066],[-0.219429,0.777984,0.58872]],[[0.957993,0.286029,-0.020917],[0.192877,-0.696541,-0.691108],[-0.212246,0.658042,-0.722449]],[[0.957993,0.286029,-0.020917],[0.280567,-0.949816,-0.138315],[-0.0594294,0.126636,-0.990167]]],"btipPosition":[25.4379,274.706,37.8858],"carpPosition":[17.9823,303.736,89.4552],"dipPosition":[24.3214,277.085,19.2842],"direction":[0.212246,-0.658042,0.722449],"extended":false,"handId":376,"id":3762,"length":66.986,"mcpPosition":[7.71441,333.279,27.1145],"pipPosition":[18.2877,295.791,-1.25335],"stabilizedTipPosition":[26.9618,274.748,35.2653],"timeVisible":0.641463,"tipPosition":[25.1633,275.15,32.6851],"tipVelocity":[-31.3405,7.53195,-39.4564],"tool":false,"touchDistance":0.333333,"touchZone":"none","type":2,"width":18.9914},{"bases":[[[0.984905,0.15547,0.0760985],[-0.172916,0.863683,0.473446],[0.00788181,-0.479458,0.877529]],[[0.984934,0.152693,0.0811758],[-0.0307689,0.616665,-0.786625],[-0.17017,0.772276,0.612072]],[[0.984934,0.152693,0.0811758],[0.165267,-0.692961,-0.701778],[-0.0509048,0.704621,-0.707756]],[[0.984934,0.152693,0.0811758],[0.163482,-0.975194,-0.149233],[0.0563753,0.160256,-0.985464]]],"btipPosition":[36.809,281.381,44.5734],"carpPosition":[29.345,308.358,88.8568],"dipPosition":[37.862,284.375,26.1666],"direction":[0.0509048,-0.704621,0.707756],"extended":false,"handId":376,"id":3763,"length":64.4088,"mcpPosition":[28.8514,338.382,33.9051],"pipPosition":[36.4522,303.888,6.56636],"stabilizedTipPosition":[42.3713,278.853,47.6931],"timeVisible":0.641463,"tipPosition":[37.0019,282.054,40.6013],"tipVelocity":[-30.8178,7.29944,-42.1681],"tool":false,"touchDistance":0.333333,"touchZone":"none","type":3,"width":18.0715},{"bases":[[[0.994139,-0.0459237,0.0978714],[-0.0162418,0.831576,0.555174],[-0.106883,-0.55351,0.825956]],[[0.996693,-0.0307512,0.0752197],[0.0770121,0.652886,-0.753531],[-0.025938,0.756831,0.653095]],[[0.996693,-0.0307512,0.0752197],[0.0343977,-0.678971,-0.733359],[0.0736237,0.733521,-0.675667]],[[0.996693,-0.0307512,0.0752197],[-0.0146808,-0.978543,-0.20552],[0.0799257,0.203736,-0.975758]]],"btipPosition":[47.6316,293.766,46.3696],"carpPosition":[43.3358,306.286,87.3091],"dipPosition":[49.0089,297.276,29.5558],"direction":[-0.0736237,-0.733521,0.675667],"extended":false,"handId":376,"id":3764,"length":50.4953,"mcpPosition":[49.5316,338.371,39.4305],"pipPosition":[50.4484,311.619,16.3446],"stabilizedTipPosition":[51.3736,292.768,46.5361],"timeVisible":0.641463,"tipPosition":[48.0758,294.549,41.9833],"tipVelocity":[-32.2129,8.40975,-41.4546],"tool":false,"touchDistance":0.333333,"touchZone":"none","type":4,"width":16.0525}],"r":[[0.992282,-0.0685976,0.1033],[0.079148,0.991655,-0.101762],[-0.0954572,0.109152,0.989431]],"s":0.876917,"t":[-63.1289,111.036,-155.743],"timestamp":521188142599},false],[4,{"currentFrameRate":107.48,"devices":[],"gestures":[],"hands":[{"armBasis":[[0.752454,0.618597,-0.226166],[-0.333464,0.653914,0.679116],[0.567992,-0.435585,0.69832]],"armWidth":63.7005,"confidence":0.627892,"direction":[-0.176623,0.549637,-0.816519],"elbow":[184.571,176.519,280.724],"grabStrength":0,"id":376,"palmNormal":[0.360883,-0.735629,-0.573249],"palmPosition":[16.3052,317.568,45.16],"palmVelocity":[-26.7012,8.27041,-35.4049],"palmWidth":90.9622,"pinchStrength":0.476308,"r":[[0.99234,-0.0683505,0.102909],[0.0789849,0.991532,-0.103083],[-0.0949915,0.110421,0.989335]],"s":0.874508,"sphereCenter":[17.3998,292.784,5.39749],"sphereRadius":47.3769,"stabilizedPalmPosition":[21.8369,314.058,53.2976],"t":[-63.3023,111.124,-155.995],"timeVisible":0.65069,"type":"right","wrist":[31.2597,294.091,92.2357]}],"id":4092674,"interactionBox":{"center":[0,200,0],"size":[235.247,235.247,147.751]},"pointables":[{"bases":[[[0.0112405,0.924534,0.380934],[-0.829439,-0.204152,0.519955],[0.558484,-0.321806,0.76455]],[[-0.234875,0.972001,0.00696438],[-0.775414,-0.191682,0.601657],[0.586145,0.135914,0.798725]],[[-0.234875,0.972001,0.00696438],[-0.965413,-0.234105,0.114774],[0.113191,0.0202341,0.993367]],[[-0.234875,0.972001,0.00696438],[-0.522004,-0.120087,-0.844447],[-0.819967,-0.201975,0.535593]]],"btipPosition":[-4.26147,270.238,0.641314],"carpPosition":[9.66239,272.985,86.8896],"dipPosition":[-23.4458,265.513,13.1723],"direction":[-0.113191,-0.0202341,-0.993367],"extended":false,"handId":376,"id":3760,"length":52.1005,"mcpPosition":[9.66239,272.985,86.8896],"pipPosition":[-19.5877,266.202,47.0314],"stabilizedTipPosition":[4.29791,249.665,66.9026],"timeVisible":0.65069,"tipPosition":[-9.6333,269.555,3.39801],"tipVelocity":[0.475661,11.0294,-22.8172],"tool":false,"touchDistance":-0.338929,"touchZone":"hovering","type":0,"width":20.2438},{"bases":[[[0.873078,0.482581,-0.0696408],[-0.405526,0.798005,0.445799],[0.270708,-0.360976,0.89242]],[[0.885181,0.464504,-0.0262712],[-0.455996,0.877402,0.149108],[0.0923118,-0.120008,0.988472]],[[0.885181,0.464504,-0.0262712],[-0.465004,0.885131,-0.0177363],[0.0150149,0.0279161,0.999497]],[[0.885181,0.464504,-0.0262712],[-0.463432,0.875342,-0.137866],[-0.0410429,0.134211,0.990102]]],"btipPosition":[-15.4341,325.172,-59.2389],"carpPosition":[8.10216,296.436,89.9124],"dipPosition":[-16.1352,327.465,-42.3276],"direction":[-0.0150149,-0.0279161,-0.999497],"extended":true,"handId":376,"id":3761,"length":58.7895,"mcpPosition":[-11.8076,322.985,24.2774],"pipPosition":[-15.7723,328.139,-18.1767],"stabilizedTipPosition":[-1.80313,304.09,21.0947],"timeVisible":0.65069,"tipPosition":[-16.6961,325.575,-55.1568],"tipVelocity":[-6.61281,-7.41489,-36.5312],"tool":false,"touchDistance":-0.366042,"touchZone":"hovering","type":1,"width":19.3369},{"bases":[[[0.957879,0.286217,-0.0234019],[-0.246042,0.859984,0.447092],[0.14809,-0.422502,0.894182]],[[0.95802,0.285812,-0.0225458],[-0.187078,0.563605,-0.804581],[-0.217252,0.775023,0.593414]],[[0.95802,0.285812,-0.0225458],[0.19048,-0.693299,-0.695021],[-0.214276,0.66155,-0.718636]],[[0.95802,0.285812,-0.0225458],[0.279977,-0.949588,-0.141052],[-0.0617237,0.128819,-0.989745]]],"btipPosition":[25.2748,274.78,37.36],"carpPosition":[17.8842,303.883,89.2975],"dipPosition":[24.1152,277.2,18.7664],"direction":[0.214276,-0.66155,0.718636],"extended":false,"handId":376,"id":3762,"length":66.986,"mcpPosition":[7.55538,333.351,26.9312],"pipPosition":[18.0238,296.006,-1.66283],"stabilizedTipPosition":[26.8027,274.796,35.0876],"timeVisible":0.65069,"tipPosition":[24.9907,275.244,32.3885],"tipVelocity":[-27.8102,7.96072,-44.3167],"tool":false,"touchDistance":0.333333,"touchZone":"none","type":2,"width":18.9914},{"bases":[[[0.985035,0.155273,0.0748027],[-0.172131,0.864328,0.472554],[0.00872092,-0.478358,0.878121]],[[0.98507,0.152428,0.0800194],[-0.0314593,0.616366,-0.786831],[-0.169256,0.772566,0.611959]],[[0.98507,0.152428,0.0800194],[0.164272,-0.693211,-0.701764],[-0.0514981,0.704432,-0.707901]],[[0.98507,0.152428,0.0800194],[0.163013,-0.975329,-0.148865],[0.055354,0.159687,-0.985615]]],"btipPosition":[36.6537,281.459,44.372],"carpPosition":[29.2476,308.502,88.6805],"dipPosition":[37.6876,284.441,25.9624],"direction":[0.0514981,-0.704432,0.707901],"extended":false,"handId":376,"id":3763,"length":64.4088,"mcpPosition":[28.7015,338.457,33.6918],"pipPosition":[36.2615,303.949,6.35808],"stabilizedTipPosition":[42.2114,278.949,47.4728],"timeVisible":0.65069,"tipPosition":[36.8442,282.132,40.4101],"tipVelocity":[-27.0272,7.52928,-36.4846],"tool":false,"touchDistance":0.333333,"touchZone":"none","type":3,"width":18.0715},{"bases":[[[0.994234,-0.0460959,0.0968182],[-0.0153756,0.832277,0.554147],[-0.106123,-0.552441,0.826769]],[[0.99674,-0.0311436,0.0744307],[0.0766414,0.653793,-0.752782],[-0.0252179,0.756033,0.654048]],[[0.99674,-0.0311436,0.0744307],[0.0336233,-0.678249,-0.734063],[0.0733439,0.734172,-0.67499]],[[0.99674,-0.0311436,0.0744307],[-0.0152285,-0.978536,-0.205511],[0.0792335,0.203707,-0.97582]]],"btipPosition":[47.4798,293.857,46.0873],"carpPosition":[43.2361,306.423,87.1198],"dipPosition":[48.8451,297.367,29.2725],"direction":[-0.0733439,-0.734172,0.67499],"extended":false,"handId":376,"id":3764,"length":50.4953,"mcpPosition":[49.3878,338.447,39.194],"pipPosition":[50.2792,311.722,16.0745],"stabilizedTipPosition":[51.1702,292.876,46.2909],"timeVisible":0.65069,"tipPosition":[47.9152,294.637,41.7644],"tipVelocity":[-27.8774,8.82201,-38.4162],"tool":false,"touchDistance":0.333333,"touchZone":"none","type":4,"width":16.0525}],"r":[[0.99234,-0.0683505,0.102909],[0.0789849,0.991532,-0.103083],[-0.0949915,0.110421,0.989335]],"s":0.874508,"t":[-63.3023,111.124,-155.995],"timestamp":521188151826},false],[5,{"currentFrameRate":107.718,"devices":[],"gestures":[],"hands":[{"armBasis":[[0.755833,0.615035,-0.224605],[-0.332401,0.65597,0.677653],[0.564115,-0.437533,0.700242]],"armWidth":63.7005,"confidence":0.653177,"direction":[-0.176831,0.548698,-0.817105],"elbow":[183.442,176.083,281.112],"grabStrength":0,"id":376,"palmNormal":[0.359566,-0.736792,-0.572581],"palmPosition":[16.2028,317.609,45.0111],"palmVelocity":[-22.6062,7.28152,-30.3742],"palmWidth":90.9622,"pinchStrength":0.487249,"r":[[0.992391,-0.0683323,0.102425],[0.079041,0.991387,-0.104427],[-0.0944066,0.111728,0.989244]],"s":0.871652,"sphereCenter":[17.616,292.809,5.29257],"sphereRadius":47.2714,"stabilizedPalmPosition":[21.5899,314.214,52.9344],"t":[-63.4403,111.189,-156.196],"timeVisible":0.659541,"type":"right","wrist":[31.1777,294.181,92.1047]}],"id":4092675,"interactionBox":{"center":[0,200,0],"size":[235.247,235.247,147.751]},"pointables":[{"bases":[[[0.0125697,0.925044,0.379651],[-0.829154,-0.20257,0.521027],[0.558879,-0.321338,0.764458]],[[-0.231263,0.972838,0.0102025],[-0.776352,-0.190854,0.60071],[0.586341,0.131001,0.799402]],[[-0.231263,0.972838,0.0102025],[-0.967094,-0.231015,0.106587],[0.106048,0.0147827,0.994251]],[[-0.231263,0.972838,0.0102025],[-0.516254,-0.113822,-0.848838],[-0.824621,-0.201572,0.528554]]],"btipPosition":[-4.02791,270.765,0.660792],"carpPosition":[9.55337,273.09,86.8083],"dipPosition":[-23.3211,266.049,13.0271],"direction":[-0.106048,-0.0147827,-0.994251],"extended":false,"handId":376,"id":3760,"length":52.1005,"mcpPosition":[9.55337,273.09,86.8083],"pipPosition":[-19.7064,266.553,46.9163],"stabilizedTipPosition":[4.20087,249.817,66.4205],"timeVisible":0.659541,"tipPosition":[-9.44811,269.844,3.38926],"tipVelocity":[6.72453,24.2209,-17.2029],"tool":false,"touchDistance":-0.333645,"touchZone":"hovering","type":0,"width":20.2438},{"bases":[[[0.873514,0.481573,-0.0711387],[-0.404267,0.79904,0.445088],[0.271185,-0.360032,0.892657]],[[0.886196,0.462605,-0.025568],[-0.454509,0.878742,0.145722],[0.0898791,-0.117517,0.988995]],[[0.886196,0.462605,-0.025568],[-0.463128,0.886046,-0.0208591],[0.0130049,0.0303265,0.999455]],[[0.886196,0.462605,-0.025568],[-0.461343,0.876007,-0.140624],[-0.0426557,0.136416,0.989733]]],"btipPosition":[-15.3703,325.011,-59.3835],"carpPosition":[8.0205,296.547,89.8003],"dipPosition":[-16.0989,327.341,-42.4785],"direction":[-0.0130049,-0.0303265,-0.999455],"extended":true,"handId":376,"id":3761,"length":58.7895,"mcpPosition":[-11.9244,323.026,24.148],"pipPosition":[-15.7846,328.074,-18.3286],"stabilizedTipPosition":[-1.81478,304.108,21.0297],"timeVisible":0.659541,"tipPosition":[-16.6486,325.465,-55.3079],"tipVelocity":[-3.06368,-10.0783,-31.1085],"tool":false,"touchDistance":-0.359962,"touchZone":"hovering","type":1,"width":19.3369},{"bases":[[[0.958154,0.285183,-0.0247109],[-0.244717,0.860854,0.446144],[0.148505,-0.421427,0.89462]],[[0.958272,0.28485,-0.0240025],[-0.187735,0.563791,-0.804298],[-0.215572,0.775242,0.593741]],[[0.958272,0.28485,-0.0240025],[0.188721,-0.693474,-0.695326],[-0.214708,0.661781,-0.718294]],[[0.958272,0.28485,-0.0240025],[0.278841,-0.949936,-0.140961],[-0.0629534,0.128386,-0.989724]]],"btipPosition":[25.1257,274.796,37.1719],"carpPosition":[17.8097,303.983,89.1658],"dipPosition":[23.9431,277.208,18.5787],"direction":[0.214708,-0.661781,0.718294],"extended":false,"handId":376,"id":3762,"length":66.986,"mcpPosition":[7.45197,333.376,26.769],"pipPosition":[17.8394,296.021,-1.84079],"stabilizedTipPosition":[26.6817,274.831,34.9515],"timeVisible":0.659541,"tipPosition":[24.8348,275.262,32.2677],"tipVelocity":[-25.0017,6.23623,-38.0696],"tool":false,"touchDistance":0.333333,"touchZone":"none","type":2,"width":18.9914},{"bases":[[[0.985268,0.154347,0.0736477],[-0.170777,0.865156,0.471529],[0.00906228,-0.47716,0.87877]],[[0.985305,0.151456,0.0789654],[-0.031635,0.616131,-0.787008],[-0.16785,0.772945,0.611868]],[[0.985305,0.151456,0.0789654],[0.162861,-0.693706,-0.701604],[-0.0514832,0.704154,-0.708178]],[[0.985305,0.151456,0.0789654],[0.161841,-0.975636,-0.148131],[0.0546062,0.158734,-0.98581]]],"btipPosition":[36.5128,281.479,44.1979],"carpPosition":[29.1773,308.589,88.5317],"dipPosition":[37.5328,284.444,25.7847],"direction":[0.0514832,-0.704154,0.708178],"extended":false,"handId":376,"id":3763,"length":64.4088,"mcpPosition":[28.6098,338.469,33.5024],"pipPosition":[36.107,303.945,6.17269],"stabilizedTipPosition":[42.0756,279.029,47.2861],"timeVisible":0.659541,"tipPosition":[36.7019,282.148,40.2475],"tipVelocity":[-24.1185,5.99889,-31.9572],"tool":false,"touchDistance":0.333333,"touchZone":"none","type":3,"width":18.0715},{"bases":[[[0.994278,-0.0470015,0.0959312],[-0.0139768,0.833053,0.553017],[-0.105908,-0.551193,0.827629]],[[0.996741,-0.0323381,0.0739048],[0.076989,0.654916,-0.75177],[-0.0240907,0.755009,0.655271]],[[0.996741,-0.0323381,0.0739048],[0.0325309,-0.677217,-0.735064],[0.0738201,0.735073,-0.673958]],[[0.996741,-0.0323381,0.0739048],[-0.0164849,-0.978454,-0.205807],[0.0789678,0.203918,-0.975798]]],"btipPosition":[47.3488,293.87,45.8143],"carpPosition":[43.1621,306.494,86.9604],"dipPosition":[48.7095,297.384,28.9998],"direction":[-0.0738201,-0.735073,0.673958],"extended":false,"handId":376,"id":3764,"length":50.4953,"mcpPosition":[49.3014,338.445,38.9848],"pipPosition":[50.1529,311.756,15.822],"stabilizedTipPosition":[51.013,292.956,46.0962],"timeVisible":0.659541,"tipPosition":[47.7777,294.649,41.5622],"tipVelocity":[-24.3691,6.85724,-36.3646],"tool":false,"touchDistance":0.333333,"touchZone":"none","type":4,"width":16.0525}],"r":[[0.992391,-0.0683323,0.102425],[0.079041,0.991387,-0.104427],[-0.0944066,0.111728,0.989244]],"s":0.871652,"t":[-63.4403,111.189,-156.196],"timestamp":521188160677},false],[6,{"currentFrameRate":107.77,"devices":[],"gestures":[],"hands":[{"armBasis":[[0.758216,0.61252,-0.223443],[-0.331109,0.656954,0.677332],[0.561671,-0.43958,0.700924]],"armWidth":63.7005,"confidence":0.669882,"direction":[-0.177601,0.547592,-0.81768],"elbow":[182.754,175.622,281.155],"grabStrength":0,"id":376,"palmNormal":[0.358433,-0.737823,-0.571964],"palmPosition":[16.1256,317.639,44.8542],"palmVelocity":[-18.6384,6.17288,-26.6606],"palmWidth":90.9622,"pinchStrength":0.492491,"r":[[0.992451,-0.0683935,0.1018],[0.0791631,0.99123,-0.105814],[-0.09367,0.113074,0.989161]],"s":0.868807,"sphereCenter":[17.8557,292.803,5.1635],"sphereRadius":47.1906,"stabilizedPalmPosition":[21.3733,314.349,52.6141],"t":[-63.5478,111.236,-156.375],"timeVisible":0.668725,"type":"right","wrist":[31.1493,294.272,91.9627]}],"id":4092676,"interactionBox":{"center":[0,200,0],"size":[235.247,235.247,147.751]},"pointables":[{"bases":[[[0.0135517,0.925594,0.378275],[-0.828584,-0.201365,0.522399],[0.559701,-0.320512,0.764203]],[[-0.227877,0.973592,0.0138442],[-0.776762,-0.190344,0.600342],[0.587123,0.12605,0.799623]],[[-0.227877,0.973592,0.0138442],[-0.968041,-0.228061,0.104333],[0.104735,0.0103732,0.994446]],[[-0.227877,0.973592,0.0138442],[-0.51729,-0.109005,-0.84884],[-0.824914,-0.200592,0.528469]]],"btipPosition":[-4.06175,271.235,0.562152],"carpPosition":[9.50692,273.185,86.7254],"dipPosition":[-23.3618,266.542,12.9264],"direction":[-0.104735,-0.0103732,-0.994446],"extended":false,"handId":376,"id":3760,"length":52.1005,"mcpPosition":[9.50692,273.185,86.7254],"pipPosition":[-19.7919,266.895,46.8223],"stabilizedTipPosition":[4.06072,250.042,65.7252],"timeVisible":0.668725,"tipPosition":[-9.41634,270.12,3.3238],"tipVelocity":[3.76889,31.9048,-15.4117],"tool":false,"touchDistance":-0.3301,"touchZone":"hovering","type":0,"width":20.2438},{"bases":[[[0.873676,0.481004,-0.0729791],[-0.403266,0.799907,0.444438],[0.272153,-0.358865,0.892832]],[[0.886893,0.461272,-0.0254729],[-0.453524,0.879842,0.142103],[0.0879605,-0.114478,0.989524]],[[0.886893,0.461272,-0.0254729],[-0.461833,0.886638,-0.0241512],[0.011445,0.0331838,0.999384]],[[0.886893,0.461272,-0.0254729],[-0.459887,0.876306,-0.143495],[-0.0438683,0.13898,0.989323]]],"btipPosition":[-15.3308,324.782,-59.5258],"carpPosition":[7.99034,296.648,89.6849],"dipPosition":[-16.0801,327.156,-42.6278],"direction":[-0.011445,-0.0331838,-0.999384],"extended":true,"handId":376,"id":3761,"length":58.7895,"mcpPosition":[-12.0257,323.041,24.0197],"pipPosition":[-15.8036,327.958,-18.4796],"stabilizedTipPosition":[-1.82739,304.128,20.9591],"timeVisible":0.668725,"tipPosition":[-16.6177,325.296,-55.4565],"tipVelocity":[-1.15256,-13.9107,-26.7952],"tool":false,"touchDistance":-0.354457,"touchZone":"hovering","type":1,"width":19.3369},{"bases":[[[0.958272,0.284638,-0.0263726],[-0.243682,0.861638,0.445196],[0.149443,-0.420192,0.895045]],[[0.958366,0.284373,-0.025809],[-0.189159,0.564569,-0.803418],[-0.2139,0.774851,0.594856]],[[0.958366,0.284373,-0.025809],[0.186892,-0.693036,-0.696256],[-0.215883,0.662445,-0.717329]],[[0.958366,0.284373,-0.025809],[0.278113,-0.950094,-0.141332],[-0.0647121,0.12827,-0.989626]]],"btipPosition":[25.0192,274.806,36.9203],"carpPosition":[17.7827,304.078,89.0268],"dipPosition":[23.8035,277.216,18.3289],"direction":[0.215883,-0.662445,0.717329],"extended":false,"handId":376,"id":3762,"length":66.986,"mcpPosition":[7.35948,333.385,26.6004],"pipPosition":[17.6664,296.048,-2.06313],"stabilizedTipPosition":[26.5841,274.857,34.8355],"timeVisible":0.668725,"tipPosition":[24.72,275.276,32.1062],"tipVelocity":[-21.4913,4.79617,-35.0756],"tool":false,"touchDistance":0.333333,"touchZone":"none","type":2,"width":18.9914},{"bases":[[[0.985444,0.153932,0.0721428],[-0.169707,0.865938,0.470479],[0.00995042,-0.475874,0.879457]],[[0.985487,0.151003,0.0775488],[-0.0324278,0.615889,-0.787165],[-0.166626,0.773226,0.611847]],[[0.985487,0.151003,0.0775488],[0.161555,-0.694061,-0.701555],[-0.0521132,0.703902,-0.708383]],[[0.985487,0.151003,0.0775488],[0.161134,-0.975846,-0.147516],[0.0534003,0.157871,-0.986015]]],"btipPosition":[36.417,281.497,44.0048],"carpPosition":[29.1519,308.676,88.3711],"dipPosition":[37.4144,284.446,25.5877],"direction":[0.0521132,-0.703902,0.708383],"extended":false,"handId":376,"id":3763,"length":64.4088,"mcpPosition":[28.5288,338.476,33.2988],"pipPosition":[35.9713,303.939,5.97005],"stabilizedTipPosition":[41.9541,279.099,47.1179],"timeVisible":0.668725,"tipPosition":[36.6024,282.163,40.0673],"tipVelocity":[-20.4525,4.74145,-28.932],"tool":false,"touchDistance":0.333333,"touchZone":"none","type":3,"width":18.0715},{"bases":[[[0.994376,-0.0473884,0.0947104],[-0.0128184,0.833871,0.55181],[-0.105126,-0.549921,0.828575]],[[0.996763,-0.0331436,0.0732397],[0.076975,0.656215,-0.750638],[-0.0231821,0.753846,0.656642]],[[0.996763,-0.0331436,0.0732397],[0.0315855,-0.676324,-0.735927],[0.0739251,0.735858,-0.673088]],[[0.996763,-0.0331436,0.0732397],[-0.0174274,-0.978477,-0.205617],[0.0784783,0.203675,-0.975888]]],"btipPosition":[47.2491,293.904,45.52],"carpPosition":[43.1335,306.571,86.7848],"dipPosition":[48.6014,297.413,28.704],"direction":[-0.0739251,-0.735858,0.673088],"extended":false,"handId":376,"id":3764,"length":50.4953,"mcpPosition":[49.2274,338.449,38.7545],"pipPosition":[50.0468,311.802,15.5432],"stabilizedTipPosition":[50.8854,293.021,45.932],"timeVisible":0.668725,"tipPosition":[47.6727,294.675,41.3378],"tipVelocity":[-20.6542,5.94452,-35.1686],"tool":fal