{"sensorType":"Leap","data":[[0,{"currentFrameRate":108.374,"devices":[],"gestures":[],"hands":[{"armBasis":[[0.855218,0.422415,-0.300279],[-0.188834,0.793534,0.578485],[0.482643,-0.438028,0.758411]],"armWidth":63.7005,"confidence":0.768739,"direction":[-0.272933,0.507549,-0.817253],"elbow":[180.988,154.747,290.076],"grabStrength":0,"id":372,"palmNormal":[0.193909,-0.803047,-0.563485],"palmPosition":[29.6377,294.53,39.7364],"palmVelocity":[48.0499,-5.14141,-118.099],"palmWidth":90.9622,"pinchStrength":0.227199,"r":[[0.990809,0.132287,-0.028235],[-0.126489,0.980073,0.153162],[0.0479336,-0.148183,0.987798]],"s":1.01891,"sphereCenter":[37.4731,264.275,-9.67031],"sphereRadius":58.7381,"stabilizedPalmPosition":[30.389,296.94,79.6156],"t":[-89.1048,51.7427,-100.396],"timeVisible":0.6055,"type":"right","wrist":[50.7147,272.979,85.3679]}],"id":4091081,"interactionBox":{"center":[0,200,0],"size":[235.247,235.247,147.751]},"pointables":[{"bases":[[[0.152479,0.942961,0.29593],[-0.738551,-0.0902539,0.66813],[0.656729,-0.320435,0.682663]],[[-0.0793823,0.995747,0.0467607],[-0.807627,-0.0917403,0.582514],[0.584326,0.00847612,0.811475]],[[-0.0793823,0.995747,0.0467607],[-0.91625,-0.0913617,0.390051],[0.392664,-0.0118813,0.919605]],[[-0.0793823,0.995747,0.0467607],[-0.925351,-0.0561635,-0.374929],[-0.370708,-0.0730328,0.925874]]],"btipPosition":[-6.98269,255.364,-7.98013],"carpPosition":[26.8873,253.673,85.5214],"dipPosition":[-15.6559,253.655,13.682],"direction":[-0.392664,0.0118813,-0.919605],"extended":false,"handId":372,"id":3720,"length":52.1005,"mcpPosition":[26.8873,253.673,85.5214],"pipPosition":[-2.2719,253.25,45.0269],"stabilizedTipPosition":[-4.24431,260.135,40.2428],"timeVisible":0.6055,"tipPosition":[-8.04013,255.113,-2.50552],"tipVelocity":[-3.28279,6.44883,-143.061],"tool":false,"touchDistance":-0.473633,"touchZone":"touching","type":0,"width":20.2438},{"bases":[[[0.883085,0.393051,-0.256264],[-0.255145,0.860606,0.440747],[0.393778,-0.323833,0.860274]],[[0.944749,0.318909,-0.0757975],[-0.288861,0.91928,0.267365],[0.154944,-0.230698,0.96061]],[[0.944749,0.318909,-0.0757975],[-0.297726,0.931578,0.208621],[0.137142,-0.174527,0.975055]],[[0.944749,0.318909,-0.0757975],[-0.303669,0.938566,0.163947],[0.123425,-0.131872,0.983553]]],"btipPosition":[-13.263,317.512,-58.0678],"carpPosition":[27.7749,277.317,86.8201],"dipPosition":[-11.1549,315.26,-41.2683],"direction":[-0.137142,0.174527,-0.975055],"extended":true,"handId":372,"id":3721,"length":58.7895,"mcpPosition":[-1.18637,301.134,23.5494],"pipPosition":[-7.84111,311.043,-17.7081],"stabilizedTipPosition":[-19.5545,312.757,-15.0286],"timeVisible":0.6055,"tipPosition":[-13.0061,315.99,-54.2546],"tipVelocity":[83.244,-0.566158,-134.972],"tool":false,"touchDistance":-0.471721,"touchZone":"touching","type":1,"width":19.3369},{"bases":[[[0.958638,0.193176,-0.209038],[-0.0934683,0.907348,0.409858],[0.268845,-0.373367,0.887874]],[[0.924964,0.231451,-0.30145],[-0.187713,0.967894,0.167167],[0.330463,-0.0980378,0.938713]],[[0.924964,0.231451,-0.30145],[-0.211089,0.972447,0.0989364],[0.316043,-0.0278799,0.948335]],[[0.924964,0.231451,-0.30145],[-0.227483,0.972563,0.0487222],[0.304456,0.0235083,0.952236]]],"btipPosition":[-11.5164,314.875,-68.0638],"carpPosition":[37.8622,283.759,83.943],"dipPosition":[-5.79679,315.317,-50.1748],"direction":[-0.316043,0.0278799,-0.948335],"extended":true,"handId":372,"id":3722,"length":66.986,"mcpPosition":[19.1112,309.8,22.0167],"pipPosition":[3.1876,314.524,-23.2158],"stabilizedTipPosition":[-14.6847,312.216,-36.5224],"timeVisible":0.6055,"tipPosition":[-9.67919,313.849,-64.0584],"tipVelocity":[86.4062,-12.1443,-136.924],"tool":false,"touchDistance":-0.465313,"touchZone":"touching","type":2,"width":18.9914},{"bases":[[[0.992052,0.0671738,-0.1064],[-0.0161213,0.906466,0.42197],[0.124793,-0.416901,0.900344]],[[0.988867,0.0768914,-0.127397],[-0.131143,0.854879,-0.50198],[0.0703109,0.513098,0.855445]],[[0.988867,0.0768914,-0.127397],[-0.0793236,-0.451962,-0.888504],[-0.125897,0.888717,-0.440831]],[[0.988867,0.0768914,-0.127397],[0.0382279,-0.958684,-0.281893],[-0.143808,0.273884,-0.95095]]],"btipPosition":[44.4906,260.704,16.4097],"carpPosition":[49.2732,287.243,81.029],"dipPosition":[41.8045,265.82,-1.35244],"direction":[0.125897,-0.888717,0.440831],"extended":false,"handId":372,"id":3723,"length":64.4088,"mcpPosition":[41.4585,313.349,24.6487],"pipPosition":[38.318,290.431,-13.5606],"stabilizedTipPosition":[42.5153,266.292,46.7225],"timeVisible":0.6055,"tipPosition":[43.8023,262.089,12.1023],"tipVelocity":[45.5549,-9.25286,-130.167],"tool":false,"touchDistance":0.333333,"touchZone":"none","type":3,"width":18.0715},{"bases":[[[0.988763,-0.132234,-0.0697291],[0.149464,0.865462,0.478159],[-0.00288081,-0.483208,0.875501]],[[0.985167,-0.0891169,-0.146646],[0.00710291,0.87502,-0.484035],[0.171453,0.475813,0.862673]],[[0.985167,-0.0891169,-0.146646],[-0.170557,-0.414413,-0.893964],[0.0188955,0.905715,-0.423465]],[[0.985167,-0.0891169,-0.146646],[-0.131851,-0.940054,-0.314505],[-0.109827,0.329175,-0.93786]]],"btipPosition":[58.1842,271.575,20.4914],"carpPosition":[62.5547,283.765,77.2954],"dipPosition":[56.2917,277.247,4.33067],"direction":[-0.0188955,-0.905715,0.423465],"extended":false,"handId":372,"id":3724,"length":50.4953,"mcpPosition":[62.7217,311.775,26.5448],"pipPosition":[56.6611,294.956,-3.94927],"stabilizedTipPosition":[57.0538,277.828,50.9542],"timeVisible":0.6055,"tipPosition":[57.6454,273.092,16.6133],"tipVelocity":[49.6472,-11.2519,-121.285],"tool":false,"touchDistance":0.333333,"touchZone":"none","type":4,"width":16.0525}],"r":[[0.990809,0.132287,-0.028235],[-0.126489,0.980073,0.153162],[0.0479336,-0.148183,0.987798]],"s":1.01891,"t":[-89.1048,51.7427,-100.396],"timestamp":521170676746},false],[1,{"currentFrameRate":108.36,"devices":[],"gestures":[],"hands":[{"armBasis":[[0.856044,0.426233,-0.292428],[-0.192117,0.787561,0.585525],[0.479874,-0.445055,0.756073]],"armWidth":63.7005,"confidence":0.7861,"direction":[-0.271111,0.503111,-0.820596],"elbow":[180.333,153.521,288.346],"grabStrength":0,"id":372,"palmNormal":[0.200941,-0.804159,-0.55942],"palmPosition":[29.8654,294.924,38.4453],"palmVelocity":[41.4581,8.25854,-124.116],"palmWidth":90.9622,"pinchStrength":0.215281,"r":[[0.990977,0.131629,-0.0252564],[-0.126412,0.980533,0.150247],[0.0445417,-0.145699,0.988326]],"s":1.01893,"sphereCenter":[38.3856,264.603,-10.9103],"sphereRadius":58.8692,"stabilizedPalmPosition":[30.3888,296.94,79.6013],"t":[-88.7616,51.9345,-101.517],"timeVisible":0.614755,"type":"right","wrist":[50.8065,273.649,84.269]}],"id":4091082,"interactionBox":{"center":[0,200,0],"size":[235.247,235.247,147.751]},"pointables":[{"bases":[[[0.146163,0.944816,0.293187],[-0.741644,-0.0914779,0.664527],[0.654676,-0.31457,0.687346]],[[-0.0830701,0.995557,0.0443369],[-0.811582,-0.0934034,0.576724],[0.578303,0.0119254,0.815735]],[[-0.0830701,0.995557,0.0443369],[-0.916703,-0.093788,0.388406],[0.390839,-0.00837886,0.920421]],[[-0.0830701,0.995557,0.0443369],[-0.933719,-0.062209,-0.352562],[-0.348237,-0.0706856,0.934738]]],"btipPosition":[-6.95713,255.569,-9.58092],"carpPosition":[27.0758,254.224,84.3684],"dipPosition":[-15.1046,253.915,12.2886],"direction":[-0.390839,0.00837886,-0.920421],"extended":false,"handId":372,"id":3720,"length":52.1005,"mcpPosition":[27.0758,254.224,84.3684],"pipPosition":[-1.78283,253.629,43.6613],"stabilizedTipPosition":[-4.2446,260.135,40.2399],"timeVisible":0.614755,"tipPosition":[-7.83397,255.256,-4.01749],"tipVelocity":[2.08988,11.2486,-150.019],"tool":false,"touchDistance":-0.477899,"touchZone":"touching","type":0,"width":20.2438},{"bases":[[[0.882457,0.396536,-0.25304],[-0.261809,0.86095,0.436144],[0.390802,-0.31863,0.863568]],[[0.943605,0.323231,-0.0716304],[-0.29463,0.91853,0.263621],[0.151005,-0.22765,0.961963]],[[0.943605,0.323231,-0.0716304],[-0.303145,0.930515,0.205534],[0.133088,-0.172229,0.976025]],[[0.943605,0.323231,-0.0716304],[-0.308833,0.93733,0.161354],[0.119296,-0.130132,0.984294]]],"btipPosition":[-12.6436,317.474,-59.6415],"carpPosition":[27.8378,277.878,85.5828],"dipPosition":[-10.606,315.251,-42.8294],"direction":[-0.133088,0.172229,-0.976025],"extended":true,"handId":372,"id":3721,"length":58.7895,"mcpPosition":[-0.904582,301.312,22.0699],"pipPosition":[-7.39015,311.089,-19.2457],"stabilizedTipPosition":[-19.5249,312.774,-15.1919],"timeVisible":0.614755,"tipPosition":[-12.3792,315.962,-55.8299],"tipVelocity":[78.1647,-1.36953,-144.743],"tool":false,"touchDistance":-0.476444,"touchZone":"touching","type":1,"width":19.3369},{"bases":[[[0.958758,0.197222,-0.204662],[-0.100207,0.90839,0.405939],[0.265973,-0.368689,0.890689]],[[0.925373,0.234993,-0.297426],[-0.192146,0.967168,0.166331],[0.326748,-0.0967685,0.940144]],[[0.925373,0.234993,-0.297426],[-0.214681,0.971582,0.099707],[0.312405,-0.0284145,0.949524]],[[0.925373,0.234993,-0.297426],[-0.230504,0.971754,0.050614],[0.300919,0.0217211,0.953402]]],"btipPosition":[-10.9216,315.137,-69.5926],"carpPosition":[37.9078,284.359,82.7352],"dipPosition":[-5.26842,315.545,-51.6817],"direction":[-0.312405,0.0284145,-0.949524],"extended":true,"handId":372,"id":3722,"length":66.986,"mcpPosition":[19.3571,310.074,20.6126],"pipPosition":[3.61253,314.737,-24.6889],"stabilizedTipPosition":[-14.6476,312.238,-36.7344],"timeVisible":0.614755,"tipPosition":[-9.10681,314.052,-65.5805],"tipVelocity":[79.7181,-1.01743,-144.717],"tool":false,"touchDistance":-0.469971,"touchZone":"touching","type":2,"width":18.9914},{"bases":[[[0.992256,0.0717736,-0.101374],[-0.0229222,0.907943,0.418466],[0.122077,-0.412901,0.902557]],[[0.989088,0.0815265,-0.122709],[-0.132858,0.853533,-0.503815],[0.0636616,0.514621,0.855051]],[[0.989088,0.0815265,-0.122709],[-0.0727025,-0.454324,-0.887865],[-0.128134,0.887098,-0.44344]],[[0.989088,0.0815265,-0.122709],[0.0445708,-0.959485,-0.278212],[-0.140419,0.269707,-0.952649]]],"btipPosition":[44.9997,261.155,15.2326],"carpPosition":[49.3166,287.889,79.8689],"dipPosition":[42.377,266.193,-2.56127],"direction":[0.128134,-0.887098,0.44344],"extended":false,"handId":372,"id":3723,"length":64.4088,"mcpPosition":[41.672,313.746,23.35],"pipPosition":[38.8285,290.76,-14.8417],"stabilizedTipPosition":[42.5161,266.29,46.707],"timeVisible":0.614755,"tipPosition":[44.3351,262.483,10.9648],"tipVelocity":[48.6555,6.51098,-129.55],"tool":false,"touchDistance":0.333333,"touchZone":"none","type":3,"width":18.0715},{"bases":[[[0.989772,-0.127509,-0.0639717],[0.142565,0.867984,0.475688],[-0.00512822,-0.479943,0.877285]],[[0.986326,-0.0844343,-0.141537],[0.00598523,0.876581,-0.481217],[0.1647,0.473789,0.8651]],[[0.986326,-0.0844343,-0.141537],[-0.163897,-0.412312,-0.896179],[0.0173107,0.907122,-0.420512]],[[0.986326,-0.0844343,-0.141537],[-0.125803,-0.940512,-0.315611],[-0.106469,0.329101,-0.938273]]],"btipPosition":[58.6067,272.131,19.1753],"carpPosition":[62.6352,284.465,76.2191],"dipPosition":[56.7721,277.801,3.00743],"direction":[-0.0173107,-0.907122,0.420512],"extended":false,"handId":372,"id":3724,"length":50.4953,"mcpPosition":[62.9324,312.286,25.3651],"pipPosition":[57.1105,295.538,-5.21477],"stabilizedTipPosition":[57.0543,277.826,50.936],"timeVisible":0.614755,"tipPosition":[58.0973,273.595,15.4038],"tipVelocity":[48.9286,8.79104,-127.217],"tool":false,"touchDistance":0.333333,"touchZone":"none","type":4,"width":16.0525}],"r":[[0.990977,0.131629,-0.0252564],[-0.126412,0.980533,0.150247],[0.0445417,-0.145699,0.988326]],"s":1.01893,"t":[-88.7616,51.9345,-101.517],"timestamp":521170686001},false],[2,{"currentFrameRate":108.569,"devices":[],"gestures":[],"hands":[{"armBasis":[[0.85858,0.426777,-0.284082],[-0.195486,0.784773,0.588147],[0.473948,-0.449437,0.757219]],"armWidth":63.7005,"confidence":0.791528,"direction":[-0.269617,0.498981,-0.823605],"elbow":[178.941,152.791,287.675],"grabStrength":0,"id":372,"palmNormal":[0.206466,-0.805434,-0.555561],"palmPosition":[30.1835,295.123,37.2973],"palmVelocity":[39.9876,12.115,-125.695],"palmWidth":90.9622,"pinchStrength":0.207797,"r":[[0.991019,0.131873,-0.0221351],[-0.127242,0.980907,0.147075],[0.0411077,-0.142938,0.988878]],"s":1.01934,"sphereCenter":[38.9596,264.845,-11.9088],"sphereRadius":58.8423,"stabilizedPalmPosition":[30.3888,296.939,79.5878],"t":[-88.4309,52.1299,-102.652],"timeVisible":0.623589,"type":"right","wrist":[51.0143,274.102,83.2879]}],"id":4091083,"interactionBox":{"center":[0,200,0],"size":[235.247,235.247,147.751]},"pointables":[{"bases":[[[0.141205,0.94647,0.290269],[-0.744081,-0.0919348,0.661734],[0.652997,-0.309424,0.691268]],[[-0.0873602,0.995371,0.0400557],[-0.814329,-0.0945155,0.572657],[0.573792,0.0174089,0.818816]],[[-0.0873602,0.995371,0.0400557],[-0.91679,-0.0960629,0.387644],[0.389698,-0.00285796,0.920938]],[[-0.0873602,0.995371,0.0400557],[-0.937839,-0.0686197,-0.34022],[-0.335896,-0.0672874,0.939492]]],"btipPosition":[-6.69767,255.387,-10.872],"carpPosition":[27.36,254.584,83.36],"dipPosition":[-14.5564,253.812,11.1088],"direction":[-0.389698,0.00285796,-0.920938],"extended":false,"handId":372,"id":3720,"length":52.1005,"mcpPosition":[27.36,254.584,83.36],"pipPosition":[-1.27352,253.715,42.4991],"stabilizedTipPosition":[-4.24479,260.134,40.2379],"timeVisible":0.623589,"tipPosition":[-7.4824,255.11,-5.27902],"tipVelocity":[11.4951,3.20053,-148.191],"tool":false,"touchDistance":-0.477426,"touchZone":"touching","type":0,"width":20.2438},{"bases":[[[0.881952,0.399074,-0.2508],[-0.267036,0.861525,0.431818],[0.388398,-0.31387,0.86639]],[[0.942683,0.326567,-0.0685837],[-0.299191,0.918188,0.259643],[0.147764,-0.224241,0.963266]],[[0.942683,0.326567,-0.0685837],[-0.307418,0.929858,0.202134],[0.129783,-0.169464,0.976954]],[[0.942683,0.326567,-0.0685837],[-0.312897,0.936486,0.158394],[0.115954,-0.127856,0.984991]]],"btipPosition":[-12.0046,317.238,-61.0331],"carpPosition":[28.0238,278.244,84.4892],"dipPosition":[-10.0241,315.054,-44.2091],"direction":[-0.129783,0.169464,-0.976954],"extended":true,"handId":372,"id":3721,"length":58.7895,"mcpPosition":[-0.541801,301.329,20.7687],"pipPosition":[-6.88814,310.96,-20.6029],"stabilizedTipPosition":[-19.494,312.79,-15.3546],"timeVisible":0.623589,"tipPosition":[-11.7384,315.744,-57.2196],"tipVelocity":[76.1855,-7.93363,-148.114],"tool":false,"touchDistance":-0.477966,"touchZone":"touching","type":1,"width":19.3369},{"bases":[[[0.958831,0.200245,-0.201357],[-0.105495,0.90949,0.402117],[0.263654,-0.364321,0.893172]],[[0.925648,0.237579,-0.294503],[-0.194745,0.966439,0.16754],[0.324423,-0.0977297,0.94085]],[[0.925648,0.237579,-0.294503],[-0.216451,0.970858,0.102878],[0.310362,-0.0314833,0.950097]],[[0.925648,0.237579,-0.294503],[-0.231733,0.971216,0.0551356],[0.299125,0.0172099,0.954059]]],"btipPosition":[-10.3837,315.446,-70.9038],"carpPosition":[38.0802,284.755,81.6598],"dipPosition":[-4.76422,315.769,-52.9806],"direction":[-0.310362,0.0314833,-0.950097],"extended":true,"handId":372,"id":3722,"length":66.986,"mcpPosition":[19.6912,310.165,19.364],"pipPosition":[4.05867,314.874,-25.9715],"stabilizedTipPosition":[-14.6103,312.261,-36.9363],"timeVisible":0.623589,"tipPosition":[-8.578,314.259,-66.8918],"tipVelocity":[74.392,8.12322,-145.633],"tool":false,"touchDistance":-0.470933,"touchZone":"touching","type":2,"width":18.9914},{"bases":[[[0.992386,0.0753147,-0.097461],[-0.0282626,0.909395,0.414971],[0.119884,-0.409057,0.9046]],[[0.989215,0.0851304,-0.119188],[-0.134234,0.852503,-0.505193],[0.0586006,0.515744,0.854736]],[[0.989215,0.0851304,-0.119188],[-0.0677096,-0.455784,-0.887511],[-0.129878,0.88601,-0.445104]],[[0.989215,0.0851304,-0.119188],[0.0494132,-0.960008,-0.275578],[-0.137881,0.266717,-0.953861]]],"btipPosition":[45.5345,261.38,14.147],"carpPosition":[49.487,288.319,78.8284],"dipPosition":[42.9591,266.362,-3.66947],"direction":[0.129878,-0.88601,0.445104],"extended":false,"handId":372,"id":3723,"length":64.4088,"mcpPosition":[41.9797,313.935,22.1816],"pipPosition":[39.3623,290.899,-15.996],"stabilizedTipPosition":[42.5171,266.289,46.6909],"timeVisible":0.623589,"tipPosition":[44.8897,262.665,9.93082],"tipVelocity":[52.1978,11.2435,-127.908],"tool":false,"touchDistance":0.333333,"touchZone":"none","type":3,"width":18.0715},{"bases":[[[0.990528,-0.123836,-0.059325],[0.137137,0.870303,0.473039],[-0.00694855,-0.476694,0.879042]],[[0.98721,-0.0808851,-0.137385],[0.00513985,0.87744,-0.479658],[0.159344,0.472817,0.866633]],[[0.98721,-0.0808851,-0.137385],[-0.158622,-0.411827,-0.89735],[0.0160034,0.907665,-0.41939]],[[0.98721,-0.0808851,-0.137385],[-0.120955,-0.941383,-0.314909],[-0.10386,0.327499,-0.939126]]],"btipPosition":[59.0812,272.463,18.0405],"carpPosition":[62.8342,284.934,75.2476],"dipPosition":[57.2916,278.106,1.8579],"direction":[-0.0160034,-0.907665,0.41939],"extended":false,"handId":372,"id":3724,"length":50.4953,"mcpPosition":[63.237,312.567,24.2917],"pipPosition":[57.6045,295.853,-6.34236],"stabilizedTipPosition":[57.0551,277.824,50.9176],"timeVisible":0.623589,"tipPosition":[58.5932,273.875,14.3406],"tipVelocity":[50.5395,16.3802,-127.657],"tool":false,"touchDistance":0.333333,"touchZone":"none","type":4,"width":16.0525}],"r":[[0.991019,0.131873,-0.0221351],[-0.127242,0.980907,0.147075],[0.0411077,-0.142938,0.988878]],"s":1.01934,"t":[-88.4309,52.1299,-102.652],"timestamp":521170694835},false],[3,{"currentFrameRate":108.606,"devices":[],"gestures":[],"hands":[{"armBasis":[[0.843539,0.478425,-0.24403],[-0.266816,0.76765,0.582686],[0.466102,-0.426407,0.775194]],"armWidth":63.7005,"confidence":0.434422,"direction":[-0.28329,0.514639,-0.809255],"elbow":[177.776,154.522,289.536],"grabStrength":0,"id":372,"palmNormal":[0.267069,-0.768109,-0.581964],"palmPosition":[30.8082,291.178,34.7085],"palmVelocity":[47.8735,-111.328,-169.52],"palmWidth":90.9622,"pinchStrength":0.190583,"r":[[0.989428,0.144334,-0.0141108],[-0.140561,0.978387,0.151665],[0.0356963,-0.148079,0.988331]],"s":1.02063,"sphereCenter":[42.5249,263.857,-15.5042],"sphereRadius":58.9187,"stabilizedPalmPosition":[30.3891,296.935,79.5549],"t":[-87.9532,50.2551,-104.514],"timeVisible":0.63273,"type":"right","wrist":[51.9669,269.616,80.2974]}],"id":4091084,"interactionBox":{"center":[0,200,0],"size":[235.247,235.247,147.751]},"pointables":[{"bases":[[[0.0764942,0.94075,0.330359],[-0.750173,-0.163956,0.640593],[0.656803,-0.296828,0.693184]],[[-0.150836,0.985661,0.075636],[-0.81793,-0.167406,0.550423],[0.555193,0.0211589,0.831453]],[[-0.150836,0.985661,0.075636],[-0.913461,-0.16822,0.370528],[0.377939,-0.0132014,0.925736]],[[-0.150836,0.985661,0.075636],[-0.934051,-0.117046,-0.337415],[-0.323724,-0.121542,0.938313]]],"btipPosition":[-3.44475,250.942,-15.9317],"carpPosition":[29.5688,248.705,79.0668],"dipPosition":[-11.0187,248.099,6.02146],"direction":[-0.377939,0.0132014,-0.925736],"extended":false,"handId":372,"id":3720,"length":52.1005,"mcpPosition":[29.5688,248.705,79.0668],"pipPosition":[1.86338,247.649,37.5754],"stabilizedTipPosition":[-4.245,260.132,40.2263],"timeVisible":0.63273,"tipPosition":[-4.05966,250.492,-10.3462],"tipVelocity":[109.298,-141.841,-261.155],"tool":false,"touchDistance":-0.534007,"touchZone":"touching","type":0,"width":20.2438},{"bases":[[[0.860456,0.461992,-0.214891],[-0.328483,0.82538,0.459181],[0.389505,-0.324517,0.86196]],[[0.922462,0.384781,-0.0317471],[-0.35897,0.885038,0.296392],[0.142143,-0.262014,0.954538]],[[0.922462,0.384781,-0.0317471],[-0.366477,0.898513,0.241597],[0.121487,-0.21123,0.969857]],[[0.922462,0.384781,-0.0317471],[-0.371353,0.906751,0.199749],[0.105646,-0.172471,0.979333]]],"btipPosition":[-10.7473,315.467,-63.4138],"carpPosition":[28.7446,272.296,81.1396],"dipPosition":[-8.9428,312.521,-46.6864],"direction":[-0.121487,0.21123,-0.969857],"extended":true,"handId":372,"id":3721,"length":58.7895,"mcpPosition":[0.0976517,296.164,17.745],"pipPosition":[-6.00731,307.417,-23.2518],"stabilizedTipPosition":[-19.4502,312.799,-15.5657],"timeVisible":0.63273,"tipPosition":[-10.4158,313.647,-59.707],"tipVelocity":[92.0265,-64.9744,-180.044],"tool":false,"touchDistance":-0.494547,"touchZone":"touching","type":1,"width":19.3369},{"bases":[[[0.948475,0.266379,-0.171571],[-0.169652,0.884278,0.435053],[0.267605,-0.38353,0.883907]],[[0.914937,0.305368,-0.263897],[-0.255659,0.944455,0.206501],[0.312297,-0.121468,0.942187]],[[0.914937,0.305368,-0.263897],[-0.275881,0.950447,0.143321],[0.294585,-0.0583253,0.953844]],[[0.914937,0.305368,-0.263897],[-0.289968,0.952162,0.0964678],[0.280731,-0.0117404,0.959715]]],"btipPosition":[-8.92702,313.999,-73.3979],"carpPosition":[38.4341,279.518,78.7967],"dipPosition":[-3.65314,313.779,-55.3684],"direction":[-0.294585,0.0583253,-0.953844],"extended":true,"handId":372,"id":3722,"length":66.986,"mcpPosition":[19.7695,306.268,17.1471],"pipPosition":[4.72124,312.121,-28.2528],"stabilizedTipPosition":[-14.5596,312.273,-37.1739],"timeVisible":0.63273,"tipPosition":[-7.13133,312.664,-69.4104],"tipVelocity":[95.6109,-41.97,-180.283],"tool":false,"touchDistance":-0.489218,"touchZone":"touching","type":2,"width":18.9914},{"bases":[[[0.98759,0.139613,-0.0719313],[-0.0928371,0.888373,0.449639],[0.126677,-0.437381,0.890309]],[[0.984163,0.150363,-0.0938791],[-0.176961,0.864303,-0.470813],[0.0103471,0.47997,0.877224]],[[0.984163,0.150363,-0.0938791],[-0.0224304,-0.41971,-0.907381],[-0.175839,0.895117,-0.409691]],[[0.984163,0.150363,-0.0938791],[0.114138,-0.942735,-0.313407],[-0.135628,0.297729,-0.944967]]],"btipPosition":[48.6614,259.485,10.4287],"carpPosition":[49.6533,283.884,76.3666],"dipPosition":[46.1281,265.046,-7.22163],"direction":[0.175839,-0.895117,0.409691],"extended":false,"handId":372,"id":3723,"length":64.4088,"mcpPosition":[41.7207,311.273,20.6146],"pipPosition":[41.2585,289.835,-18.5674],"stabilizedTipPosition":[42.5214,266.284,46.6599],"timeVisible":0.63273,"tipPosition":[48.0319,260.864,6.32807],"tipVelocity":[133.144,-45.5259,-204.331],"tool":false,"touchDistance":0.333333,"touchZone":"none","type":3,"width":18.0715},{"bases":[[[0.997287,-0.0606647,-0.0417021],[0.0734582,0.857118,0.509856],[0.00481343,-0.511536,0.859249]],[[0.992515,-0.0128176,-0.12145],[-0.041352,0.90046,-0.432969],[0.114911,0.43475,0.89319]],[[0.992515,-0.0128176,-0.12145],[-0.117387,-0.374436,-0.919792],[-0.0336858,0.927164,-0.373138]],[[0.992515,-0.0128176,-0.12145],[-0.05586,-0.931996,-0.358137],[-0.108601,0.362241,-0.925736]]],"btipPosition":[61.4431,271.381,14.8251],"carpPosition":[63.254,281.467,72.9586],"dipPosition":[59.5717,277.623,-1.1268],"direction":[0.0336858,-0.927164,0.373138],"extended":false,"handId":372,"id":3724,"length":50.4953,"mcpPosition":[62.975,311.119,23.1501],"pipPosition":[58.9131,295.752,-8.4227],"stabilizedTipPosition":[57.0579,277.82,50.8895],"timeVisible":0.63273,"tipPosition":[60.9346,272.824,11.3304],"tipVelocity":[107.793,-16.9048,-188.391],"tool":false,"touchDistance":0.333333,"touchZone":"none","type":4,"width":16.0525}],"r":[[0.989428,0.144334,-0.0141108],[-0.140561,0.978387,0.151665],[0.0356963,-0.148079,0.988331]],"s":1.02063,"t":[-87.9532,50.2551,-104.514],"timestamp":521170703976},false],[4,{"currentFrameRate":104.051,"devices":[],"gestures":[],"hands":[{"armBasis":[[0.844182,0.468878,-0.259827],[-0.245216,0.768787,0.590623],[0.476682,-0.434879,0.763973]],"armWidth":63.7005,"confidence":0.527798,"direction":[-0.277571,0.515326,-0.810798],"elbow":[180.925,153.403,284.109],"grabStrength":0,"id":372,"palmNormal":[0.249305,-0.776412,-0.578819],"palmPosition":[31.2826,292.486,32.2932],"palmVelocity":[37.7029,-24.1941,-152.862],"palmWidth":90.9622,"pinchStrength":0.184053,"r":[[0.988579,0.150448,-0.0088146],[-0.147309,0.976989,0.154252],[0.0318186,-0.151191,0.987992]],"s":1.02149,"sphereCenter":[42.2812,264.714,-17.9174],"sphereRadius":59.0236,"stabilizedPalmPosition":[30.39,296.93,79.5045],"t":[-87.4771,49.9715,-106.652],"timeVisible":0.65071,"type":"right","wrist":[52.2604,270.784,77.8994]}],"id":4091085,"interactionBox":{"center":[0,200,0],"size":[235.247,235.247,147.751]},"pointables":[{"bases":[[[0.096193,0.94099,0.324475],[-0.749849,-0.14587,0.645328],[0.654578,-0.305383,0.691569]],[[-0.131588,0.988787,0.0706048],[-0.817095,-0.148515,0.557044],[0.561284,0.0156094,0.827476]],[[-0.131588,0.988787,0.0706048],[-0.913271,-0.14862,0.379272],[0.385513,-0.0145737,0.922587]],[[-0.131588,0.988787,0.0706048],[-0.941924,-0.102516,-0.319797],[-0.308973,-0.108586,0.944852]]],"btipPosition":[-4.46068,252.557,-17.9415],"carpPosition":[29.4601,250.299,76.9042],"dipPosition":[-11.6896,250.017,4.16465],"direction":[-0.385513,0.0145737,-0.922587],"extended":false,"handId":372,"id":3720,"length":52.1005,"mcpPosition":[29.4601,250.299,76.9042],"pipPosition":[1.45072,249.52,35.6112],"stabilizedTipPosition":[-4.24563,260.129,40.2086],"timeVisible":0.65071,"tipPosition":[-4.98047,252.158,-12.3926],"tipVelocity":[32.8988,-30.338,-189.515],"tool":false,"touchDistance":-0.538559,"touchZone":"touching","type":0,"width":20.2438},{"bases":[[[0.868018,0.444174,-0.221935],[-0.310246,0.834145,0.456016],[0.387676,-0.326975,0.861855]],[[0.929769,0.366241,-0.0373692],[-0.340211,0.893573,0.29289],[0.14066,-0.259606,0.955416]],[[0.929769,0.366241,-0.0373692],[-0.347621,0.906823,0.238392],[0.121196,-0.208659,0.97045]],[[0.929769,0.366241,-0.0373692],[-0.352474,0.914898,0.196781],[0.106258,-0.169789,0.979735]]],"btipPosition":[-10.1988,317.054,-65.7611],"carpPosition":[29.0983,273.914,78.8436],"dipPosition":[-8.3839,314.154,-49.0268],"direction":[-0.121196,0.208659,-0.97045],"extended":true,"handId":372,"id":3721,"length":58.7895,"mcpPosition":[0.585828,297.962,15.4566],"pipPosition":[-5.45543,309.112,-25.5778],"stabilizedTipPosition":[-19.3797,312.825,-15.9038],"timeVisible":0.65071,"tipPosition":[-9.9201,315.302,-62.0351],"tipVelocity":[62.9651,7.84031,-156.571],"tool":false,"touchDistance":-0.508611,"touchZone":"touching","type":1,"width":19.3369},{"bases":[[[0.9525,0.247161,-0.177921],[-0.150444,0.889848,0.430741],[0.264785,-0.383514,0.884763]],[[0.919208,0.286283,-0.270368],[-0.23416,0.949423,0.209201],[0.316585,-0.12899,0.939753]],[[0.919208,0.286283,-0.270368],[-0.254719,0.955904,0.146169],[0.300292,-0.0654921,0.951596]],[[0.919208,0.286283,-0.270368],[-0.269152,0.957967,0.0992827],[0.287427,-0.0184913,0.957624]]],"btipPosition":[-8.74703,316.108,-75.6243],"carpPosition":[38.912,280.935,76.4095],"dipPosition":[-3.34735,315.761,-57.6341],"direction":[-0.300292,0.0654921,-0.951596],"extended":true,"handId":372,"id":3722,"length":66.986,"mcpPosition":[20.4441,307.683,14.7002],"pipPosition":[5.18926,313.899,-30.5824],"stabilizedTipPosition":[-14.4816,312.314,-37.5531],"timeVisible":0.65071,"tipPosition":[-6.96505,314.692,-71.6546],"tipVelocity":[55.8501,32.6488,-153.796],"tool":false,"touchDistance":-0.502162,"touchZone":"touching","type":2,"width":18.9914},{"bases":[[[0.989696,0.120242,-0.0777431],[-0.0734904,0.892553,0.444914],[0.122887,-0.434616,0.892193]],[[0.986241,0.131285,-0.100468],[-0.163315,0.868009,-0.468922],[0.0256445,0.478878,0.877507]],[[0.986241,0.131285,-0.100468],[-0.0367208,-0.418577,-0.907439],[-0.161187,0.898642,-0.407996]],[[0.986241,0.131285,-0.100468],[0.094058,-0.945394,-0.312062],[-0.135951,0.298318,-0.944735]]],"btipPosition":[48.3624,260.438,7.77755],"carpPosition":[50.2,285.071,73.8972],"dipPosition":[45.8231,266.01,-9.86848],"direction":[0.161187,-0.898642,0.407997],"extended":false,"handId":372,"id":3723,"length":64.4088,"mcpPosition":[42.5047,312.287,18.0273],"pipPosition":[41.3592,290.897,-21.1673],"stabilizedTipPosition":[42.5278,266.279,46.6075],"timeVisible":0.65071,"tipPosition":[47.7522,261.764,3.80368],"tipVelocity":[62.2053,1.20605,-177.378],"tool":false,"touchDistance":0.333333,"touchZone":"none","type":3,"width":18.0715},{"bases":[[[0.995714,-0.080008,-0.0463957],[0.0924855,0.858462,0.504469],[-0.000532585,-0.506598,0.862182]],[[0.990963,-0.0299247,-0.130752],[-0.0285673,0.905346,-0.423713],[0.131056,0.423619,0.89631]],[[0.990963,-0.0299247,-0.130752],[-0.132639,-0.363724,-0.922015],[-0.0199667,0.931026,-0.364406]],[[0.990963,-0.0299247,-0.130752],[-0.0755903,-0.929853,-0.360083],[-0.110805,0.366712,-0.923712]]],"btipPosition":[61.4321,272.243,11.8151],"carpPosition":[63.7341,282.374,70.4346],"dipPosition":[59.5228,278.562,-4.10191],"direction":[0.0199667,-0.931026,0.364406],"extended":false,"handId":372,"id":3724,"length":50.4953,"mcpPosition":[63.765,311.74,20.456],"pipPosition":[59.1324,296.766,-11.2271],"stabilizedTipPosition":[57.0621,277.816,50.8443],"timeVisible":0.65071,"tipPosition":[60.926,273.614,8.50577],"tipVelocity":[56.2463,14.2547,-178.246],"tool":false,"touchDistance":0.333333,"touchZone":"none","type":4,"width":16.0525}],"r":[[0.988579,0.150448,-0.0088146],[-0.147309,0.976989,0.154252],[0.0318186,-0.151191,0.987992]],"s":1.02149,"t":[-87.4771,49.9715,-106.652],"timestamp":521170721956},false],[5,{"currentFrameRate":104.313,"devices":[],"gestures":[],"hands":[{"armBasis":[[0.849285,0.459662,-0.259664],[-0.237512,0.771936,0.589664],[0.47149,-0.43912,0.764769]],"armWidth":63.7005,"confidence":0.558678,"direction":[-0.274547,0.510179,-0.815072],"elbow":[179.725,152.81,283.862],"grabStrength":0,"id":372,"palmNormal":[0.243494,-0.783131,-0.572204],"palmPosition":[31.603,292.786,31.658],"palmVelocity":[37.0163,-8.35203,-129.863],"palmWidth":90.9622,"pinchStrength":0.185113,"r":[[0.988069,0.15393,-0.00495249],[-0.151325,0.976318,0.154611],[0.0286345,-0.152017,0.987963]],"s":1.0218,"sphereCenter":[42.5276,264.482,-18.3913],"sphereRadius":59.1117,"stabilizedPalmPosition":[30.3906,296.928,79.4823],"t":[-87.0789,49.9798,-108.039],"timeVisible":0.659805,"type":"right","wrist":[52.4612,271.336,77.4378]}],"id":4091086,"interactionBox":{"center":[0,200,0],"size":[235.247,235.247,147.751]},"pointables":[{"bases":[[[0.102963,0.943083,0.316218],[-0.750395,-0.135032,0.64705],[0.652921,-0.30391,0.693781]],[[-0.12443,0.990267,0.0623538],[-0.817508,-0.13793,0.559156],[0.562314,0.018601,0.826715]],[[-0.12443,0.990267,0.0623538],[-0.914075,-0.138849,0.381034],[0.385984,-0.00958397,0.922456]],[[-0.12443,0.990267,0.0623538],[-0.94351,-0.0986372,-0.316321],[-0.307092,-0.0981912,0.946601]]],"btipPosition":[-4.514,252.698,-18.2088],"carpPosition":[29.5183,251.002,76.6353],"dipPosition":[-11.6989,250.401,3.93825],"direction":[-0.385983,0.00958397,-0.922456],"extended":false,"handId":372,"id":3720,"length":52.1005,"mcpPosition":[29.5183,251.002,76.6353],"pipPosition":[1.45746,250.074,35.3803],"stabilizedTipPosition":[-4.24589,260.128,40.2014],"timeVisible":0.659805,"tipPosition":[-5.03872,252.335,-12.6667],"tipVelocity":[22.4689,-15.9485,-144.869],"tool":false,"touchDistance":-0.516905,"touchZone":"touching","type":0,"width":20.2438},{"bases":[[[0.870931,0.436174,-0.226344],[-0.304118,0.840216,0.448942],[0.385995,-0.322163,0.864419]],[[0.93244,0.359063,-0.0403588],[-0.333495,0.898226,0.286306],[0.139053,-0.253503,0.957288]],[[0.93244,0.359063,-0.0403588],[-0.340767,0.911026,0.232183],[0.120136,-0.202744,0.971834]],[[0.93244,0.359063,-0.0403588],[-0.345545,0.918788,0.19086],[0.105612,-0.16402,0.980787]]],"btipPosition":[-9.7457,316.917,-66.5555],"carpPosition":[29.3221,274.635,78.3695],"dipPosition":[-7.94181,314.116,-49.8033],"direction":[-0.120136,0.202744,-0.971834],"extended":true,"handId":372,"id":3721,"length":58.7895,"mcpPosition":[0.933275,298.329,14.794],"pipPosition":[-5.03895,309.217,-26.3209],"stabilizedTipPosition":[-19.3457,312.837,-16.062],"timeVisible":0.659805,"tipPosition":[-9.48156,315.187,-62.8192],"tipVelocity":[59.2465,2.20034,-137.269],"tool":false,"touchDistance":-0.497938,"touchZone":"touching","type":1,"width":19.3369},{"bases":[[[0.954071,0.238969,-0.180672],[-0.14395,0.894584,0.423082],[0.262729,-0.377643,0.887896]],[[0.921001,0.277504,-0.273404],[-0.227142,0.952715,0.201841],[0.316488,-0.123795,0.940484]],[[0.921001,0.277504,-0.273404],[-0.247732,0.958848,0.138707],[0.300644,-0.0600181,0.951846]],[[0.921001,0.277504,-0.273404],[-0.262212,0.960639,0.091747],[0.288102,-0.0128094,0.957514]]],"btipPosition":[-8.35102,315.817,-76.4244],"carpPosition":[39.1826,281.566,75.8682],"dipPosition":[-2.93865,315.576,-58.4363],"direction":[-0.300644,0.0600181,-0.951846],"extended":true,"handId":372,"id":3722,"length":66.986,"mcpPosition":[20.8581,307.905,13.9404],"pipPosition":[5.60798,313.87,-31.3775],"stabilizedTipPosition":[-14.4459,312.331,-37.7216],"timeVisible":0.659805,"tipPosition":[-6.59051,314.446,-72.4417],"tipVelocity":[52.5291,15.4859,-135.573],"tool":false,"touchDistance":-0.492287,"touchZone":"touching","type":2,"width":18.9914},{"bases":[[[0.990454,0.112669,-0.0794173],[-0.0669695,0.896876,0.437182],[0.120484,-0.42769,0.89586]],[[0.987,0.123711,-0.102599],[-0.157755,0.867768,-0.471267],[0.0307312,0.481326,0.876003]],[[0.987,0.123711,-0.102599],[-0.041286,-0.42179,-0.905753],[-0.155327,0.898214,-0.4112]],[[0.987,0.123711,-0.102599],[0.0870225,-0.948053,-0.305979],[-0.135122,0.293073,-0.946494]]],"btipPosition":[48.4053,260.536,7.15225],"carpPosition":[50.4974,285.601,73.3128],"dipPosition":[45.8814,266.01,-10.5266],"direction":[0.155327,-0.898214,0.4112],"extended":false,"handId":372,"id":3723,"length":64.4088,"mcpPosition":[42.9525,312.383,17.2133],"pipPosition":[41.5799,290.884,-21.9142],"stabilizedTipPosition":[42.5306,266.276,46.5846],"timeVisible":0.659805,"tipPosition":[47.8147,261.79,3.2629],"tipVelocity":[46.3873,3.14588,-147.515],"tool":false,"touchDistance":0.333333,"touchZone":"none","type":3,"width":18.0715},{"bases":[[[0.995101,-0.087338,-0.0463335],[0.0988068,0.86215,0.496925],[-0.003454,-0.499069,0.866556]],[[0.990475,-0.037084,-0.132603],[-0.0233025,0.904011,-0.426874],[0.135705,0.425899,0.894536]],[[0.990475,-0.037084,-0.132603],[-0.136932,-0.366237,-0.920391],[-0.0144324,0.929782,-0.367827]],[[0.990475,-0.037084,-0.132603],[-0.0823414,-0.931396,-0.354572],[-0.110357,0.362113,-0.925578]]],"btipPosition":[61.5971,272.236,11.1539],"carpPosition":[64.01,282.78,69.8651],"dipPosition":[59.6955,278.475,-4.79527],"direction":[0.0144324,-0.929782,0.367827],"extended":false,"handId":372,"id":3724,"length":50.4953,"mcpPosition":[64.2102,311.71,19.6331],"pipPosition":[59.4133,296.655,-11.9873],"stabilizedTipPosition":[57.064,277.814,50.8243],"timeVisible":0.659805,"tipPosition":[61.0967,273.565,7.88648],"tipVelocity":[45.7429,9.5321,-149.231],"tool":false,"touchDistance":0.333333,"touchZone":"none","type":4,"width":16.0525}],"r":[[0.988069,0.15393,-0.00495249],[-0.151325,0.976318,0.154611],[0.0286345,-0.152017,0.987963]],"s":1.0218,"t":[-87.0789,49.9798,-108.039],"timestamp":521170731051},false],[6,{"currentFrameRate":104.634,"devices":[],"gestures":[],"hands":[{"armBasis":[[0.851559,0.453493,-0.263042],[-0.227265,0.771467,0.594297],[0.472437,-0.446299,0.760013]],"armWidth":63.7005,"confidence":0.588973,"direction":[-0.269347,0.502028,-0.82184],"elbow":[180.06,151.557,281.949],"grabStrength":0,"id":372,"palmNormal":[0.238203,-0.792132,-0.561948],"palmPosition":[31.9182,293.056,30.7304],"palmVelocity":[36.5173,2.19652,-122.666],"palmWidth":90.9622,"pinchStrength":0.187463,"r":[[0.987888,0.155158,-0.00193763],[-0.153054,0.976398,0.152388],[0.0255361,-0.150246,0.988319]],"s":1.02182,"sphereCenter":[42.7301,264.149,-18.9821],"sphereRadius":59.1331,"stabilizedPalmPosition":[30.3912,296.927,79.4627],"t":[-86.7222,50.1193,-109.196],"timeVisible":0.668763,"type":"right","wrist":[52.5406,272.021,76.8084]}],"id":4091087,"interactionBox":{"center":[0,200,0],"size":[235.247,235.247,147.751]},"pointables":[{"bases":[[[0.109871,0.946148,0.30452],[-0.75238,-0.121034,0.647514],[0.649502,-0.300258,0.698565]],[[-0.116224,0.991945,0.0503696],[-0.81936,-0.124419,0.559615],[0.561375,0.0237698,0.82722]],[[-0.116224,0.991945,0.0503696],[-0.916046,-0.126655,0.380549],[0.383863,-0.00191207,0.923388]],[[-0.116224,0.991945,0.0503696],[-0.944871,-0.0947932,-0.313421],[-0.306122,-0.0840197,0.948278]]],"btipPosition":[-4.49532,252.703,-18.7152],"carpPosition":[29.4405,251.859,76.2252],"dipPosition":[-11.6575,250.738,3.47108],"direction":[-0.383863,0.00191207,-0.923388],"extended":false,"handId":372,"id":3720,"length":52.1005,"mcpPosition":[29.4405,251.859,76.2252],"pipPosition":[1.42657,250.673,34.9449],"stabilizedTipPosition":[-4.24608,260.128,40.196],"timeVisible":0.668763,"tipPosition":[-5.0463,252.378,-13.1732],"tipVelocity":[17.0535,-9.09199,-120.433],"tool":false,"touchDistance":-0.501008,"touchZone":"touching","type":0,"width":20.2438},{"bases":[[[0.874649,0.426487,-0.230431],[-0.298197,0.848136,0.437885],[0.382189,-0.314282,0.868998]],[[0.93551,0.350758,-0.0423051],[-0.326311,0.903729,0.277119],[0.135434,-0.245443,0.959904]],[[0.93551,0.350758,-0.0423051],[-0.333261,0.915853,0.223942],[0.117295,-0.195402,0.973684]],[[0.93551,0.350758,-0.0423051],[-0.337843,0.923175,0.183332],[0.10336,-0.157216,0.98214]]],"btipPosition":[-9.09873,316.575,-67.7796],"carpPosition":[29.4266,275.512,77.6623],"dipPosition":[-7.3333,313.89,-51.0043],"direction":[-0.117295,0.195402,-0.973684],"extended":true,"handId":372,"id":3721,"length":58.7895,"mcpPosition":[1.31769,298.626,13.75],"pipPosition":[-4.4991,309.168,-27.4772],"stabilizedTipPosition":[-19.312,312.847,-16.2138],"timeVisible":0.668763,"tipPosition":[-8.8382,314.85,-64.0365],"tipVelocity":[62.5255,-8.03427,-136.938],"tool":false,"touchDistance":-0.49476,"touchZone":"touching","type":1,"width":19.3369},{"bases":[[[0.956176,0.229228,-0.182157],[-0.137571,0.900923,0.411597],[0.258459,-0.3685,0.892976]],[[0.923516,0.26688,-0.275486],[-0.219023,0.956555,0.192437],[0.314875,-0.117381,0.941847]],[[0.923516,0.26688,-0.275486],[-0.239293,0.96221,0.129963],[0.29976,-0.0541011,0.952479]],[[0.923516,0.26688,-0.275486],[-0.253593,0.963703,0.0834715],[0.287764,-0.00722576,0.957674]]],"btipPosition":[-7.78189,315.365,-77.6438],"carpPosition":[39.3448,282.334,75.0898],"dipPosition":[-2.37589,315.229,-59.6527],"direction":[-0.29976,0.0541011,-0.952479],"extended":true,"handId":372,"id":3722,"length":66.986,"mcpPosition":[21.3181,308.035,12.8076],"pipPosition":[6.14562,313.691,-32.5759],"stabilizedTipPosition":[-14.4126,312.344,-37.8719],"timeVisible":0.668763,"tipPosition":[-6.04249,314.005,-73.648],"tipVelocity":[55.4938,-1.80739,-135.704],"tool":false,"touchDistance":-0.489673,"touchZone":"touching","type":2,"width":18.9914},{"bases":[[[0.991421,0.10393,-0.079269],[-0.0605954,0.902792,0.425787],[0.115816,-0.417331,0.901344]],[[0.988027,0.114884,-0.102978],[-0.150344,0.866776,-0.475496],[0.0346318,0.485285,0.87367]],[[0.988027,0.114884,-0.102978],[-0.0446341,-0.426077,-0.903585],[-0.147684,0.897363,-0.415848]],[[0.988027,0.114884,-0.102978],[0.0795455,-0.95124,-0.298019],[-0.132194,0.286259,-0.948989]]],"btipPosition":[48.4542,260.508,6.27725],"carpPosition":[50.6945,286.248,72.5017],"dipPosition":[45.985,265.855,-11.4482],"direction":[0.147684,-0.897363,0.415848],"extended":false,"handId":372,"id":3723,"length":64.4088,"mcpPosition":[43.442,312.382,16.0588],"pipPosition":[41.8951,290.706,-22.9645],"stabilizedTipPosition":[42.5329,266.275,46.5659],"timeVisible":0.668763,"tipPosition":[47.8949,261.685,2.49904],"tipVelocity":[35.5778,0.554714,-134.212],"tool":false,"touchDistance":0.333333,"touchZone":"none","type":3,"width":18.0715},{"bases":[[[0.994454,-0.0956755,-0.0436709],[0.104816,0.867526,0.486222],[-0.00863396,-0.488103,0.872743]],[[0.99024,-0.045884,-0.131601],[-0.0157901,0.901237,-0.433038],[0.138474,0.43089,0.891717]],[[0.99024,-0.045884,-0.131601],[-0.139203,-0.37195,-0.917756],[-0.0068388,0.927118,-0.374707]],[[0.99024,-0.045884,-0.131601],[-0.0891865,-0.934222,-0.345362],[-0.107098,0.353729,-0.929196]]],"btipPosition":[61.7745,272.119,10.3375],"carpPosition":[64.1897,283.279,69.1109],"dipPosition":[59.9291,278.214,-5.67397],"direction":[0.0068388,-0.927118,0.374707],"extended":false,"handId":372,"id":3724,"length":50.4953,"mcpPosition":[64.6902,311.573,18.5202],"pipPosition":[59.7954,296.342,-13.0006],"stabilizedTipPosition":[57.0656,277.812,50.8073],"timeVisible":0.668763,"tipPosition":[61.2929,273.389,7.10256],"tipVelocity":[39.0446,2.3466,-133.779],"tool":false,"touchDistance":0.333333,"touchZone":"none","type":4,"width":16