{"sensorType":"Leap","data":[[0,{"currentFrameRate":105.592,"devices":[],"gestures":[],"hands":[{"armBasis":[[0.827753,0.484653,-0.282729],[-0.224485,0.74786,0.624749],[0.514228,-0.45367,0.727841]],"armWidth":63.7005,"confidence":0.833925,"direction":[-0.228551,0.553192,-0.801088],"elbow":[190.776,162.758,284.746],"grabStrength":0,"id":375,"palmNormal":[0.232737,-0.767961,-0.596716],"palmPosition":[33.4403,309.298,42.8226],"palmVelocity":[-59.7465,-56.4444,-118.158],"palmWidth":90.9622,"pinchStrength":0.587143,"r":[[0.984951,0.122839,0.12158],[-0.130616,0.989724,0.0581817],[-0.113184,-0.0731864,0.990875]],"s":1.05605,"sphereCenter":[41.8813,282.396,0.481561],"sphereRadius":47.7244,"stabilizedPalmPosition":[50.397,301.688,115.718],"t":[-55.3521,81.5658,-149.289],"timeVisible":0.551275,"type":"right","wrist":[51.9768,285.212,88.2888]}],"id":4092293,"interactionBox":{"center":[0,200,0],"size":[235.247,235.247,147.751]},"pointables":[{"bases":[[[0.127624,0.924734,0.358581],[-0.775662,-0.132255,0.617137],[0.618111,-0.356898,0.700402]],[[-0.120738,0.990834,0.0605877],[-0.7677,-0.131893,0.627089],[0.629332,0.0292,0.776588]],[[-0.120738,0.990834,0.0605877],[-0.973958,-0.130038,0.185733],[0.191909,-0.0365849,0.980731]],[[-0.120738,0.990834,0.0605877],[-0.699342,-0.0415841,-0.713577],[-0.704516,-0.128527,0.697952]]],"btipPosition":[6.86771,268.624,-2.59197],"carpPosition":[28.3309,265.827,85.9196],"dipPosition":[-9.61547,265.617,13.7376],"direction":[-0.191909,0.0365849,-0.980731],"extended":false,"handId":375,"id":3750,"length":52.1005,"mcpPosition":[28.3309,265.827,85.9196],"pipPosition":[-3.07422,264.37,47.166],"stabilizedTipPosition":[13.8159,270.3,68.7334],"timeVisible":0.551275,"tipPosition":[2.8252,268.448,1.14759],"tipVelocity":[-18.7366,-91.612,-107.239],"tool":false,"touchDistance":-0.451432,"touchZone":"touching","type":0,"width":20.2438},{"bases":[[[0.893509,0.411122,-0.180611],[-0.287128,0.83232,0.474132],[0.345252,-0.371783,0.86173]],[[0.928897,0.362799,-0.0743506],[-0.353606,0.928534,0.113078],[0.110062,-0.0787466,0.9908]],[[0.928897,0.362799,-0.0743506],[-0.366941,0.928769,-0.0523706],[0.0500545,0.0759292,0.995856]],[[0.928897,0.362799,-0.0743506],[-0.370276,0.913541,-0.168341],[0.00684829,0.183902,0.982921]]],"btipPosition":[-2.48726,315.109,-58.1461],"carpPosition":[28.9585,289.359,88.6373],"dipPosition":[-2.37029,318.251,-41.3575],"direction":[-0.0500545,-0.0759292,-0.995856],"extended":true,"handId":375,"id":3751,"length":58.7895,"mcpPosition":[3.56624,316.703,25.2596],"pipPosition":[-1.16082,320.085,-17.2946],"stabilizedTipPosition":[0.267326,318.867,27.6937],"timeVisible":0.551275,"tipPosition":[-2.75159,316.158,-53.9672],"tipVelocity":[-40.8623,-123.696,-129.365],"tool":false,"touchDistance":-0.487899,"touchZone":"touching","type":1,"width":19.3369},{"bases":[[[0.967708,0.209159,-0.140691],[-0.124287,0.881478,0.455576],[0.219304,-0.423379,0.879009]],[[0.96354,0.216858,-0.156725],[-0.257803,0.595685,-0.760722],[-0.0716097,0.77339,0.629873]],[[0.96354,0.216858,-0.156725],[-0.0717166,-0.354996,-0.932113],[-0.257773,0.909368,-0.326501]],[[0.96354,0.216858,-0.156725],[0.0500471,-0.721485,-0.690619],[-0.262841,0.657595,-0.706033]]],"btipPosition":[39.5675,250.059,17.624],"carpPosition":[39.147,296.001,86.7374],"dipPosition":[34.6297,262.413,4.36027],"direction":[0.257773,-0.909368,0.326501],"extended":false,"handId":375,"id":3752,"length":66.986,"mcpPosition":[23.8512,325.53,25.4295],"pipPosition":[27.3018,288.264,-4.92139],"stabilizedTipPosition":[51.048,247.608,74.3926],"timeVisible":0.551275,"tipPosition":[38.4003,252.621,14.1615],"tipVelocity":[-16.0273,-58.5577,-101.232],"tool":false,"touchDistance":0.333333,"touchZone":"none","type":2,"width":18.9914},{"bases":[[[0.99603,0.0775266,-0.0437447],[-0.0477764,0.880223,0.472149],[0.0751092,-0.468185,0.880433]],[[0.995689,0.0795927,-0.0476311],[-0.0850016,0.577414,-0.812014],[-0.0371276,0.812562,0.581691]],[[0.995689,0.0795927,-0.0476311],[-0.0112927,-0.40567,-0.91395],[-0.0920663,0.910547,-0.403023]],[[0.995689,0.0795927,-0.0476311],[0.0290775,-0.75546,-0.65455],[-0.0880808,0.650343,-0.754517]]],"btipPosition":[51.8314,255.359,28.8461],"carpPosition":[50.6816,299.698,84.7071],"dipPosition":[50.1862,267.506,14.753],"direction":[0.0920663,-0.910547,0.403023],"extended":false,"handId":375,"id":3753,"length":64.4088,"mcpPosition":[45.9782,329.016,29.5737],"pipPosition":[47.6366,292.722,3.59192],"stabilizedTipPosition":[65.283,252.92,81.4364],"timeVisible":0.551275,"tipPosition":[51.4499,257.927,24.9174],"tipVelocity":[-19.4718,-48.6362,-82.2908],"tool":false,"touchDistance":0.333333,"touchZone":"none","type":3,"width":18.0715},{"bases":[[[0.992139,-0.123693,-0.0189575],[0.114549,0.836722,0.535514],[-0.0503772,-0.533476,0.844313]],[[0.992432,-0.120393,-0.0241762],[0.0562386,0.62064,-0.782076],[0.109161,0.774798,0.622714]],[[0.992432,-0.120393,-0.0241762],[-0.0653406,-0.351048,-0.934075],[0.103969,0.928585,-0.356258]],[[0.992432,-0.120393,-0.0241762],[-0.103061,-0.709588,-0.697039],[0.0667634,0.694255,-0.716626]]],"btipPosition":[60.0636,269.918,29.9262],"carpPosition":[64.1854,296.501,81.5664],"dipPosition":[61.214,281.881,17.5776],"direction":[-0.103969,-0.928585,0.356258],"extended":false,"handId":375,"id":3754,"length":50.4953,"mcpPosition":[67.1056,327.425,32.6237],"pipPosition":[63.2469,300.038,10.6118],"stabilizedTipPosition":[73.8469,267.447,87.115],"timeVisible":0.551275,"tipPosition":[60.0461,272.515,26.5419],"tipVelocity":[-19.6048,-42.6927,-93.2292],"tool":false,"touchDistance":0.333333,"touchZone":"none","type":4,"width":16.0525}],"r":[[0.984951,0.122839,0.12158],[-0.130616,0.989724,0.0581817],[-0.113184,-0.0731864,0.990875]],"s":1.05605,"t":[-55.3521,81.5658,-149.289],"timestamp":521184112537},false],[1,{"currentFrameRate":105.886,"devices":[],"gestures":[],"hands":[{"armBasis":[[0.83018,0.486284,-0.272635],[-0.232443,0.746422,0.623558],[0.506727,-0.454293,0.732698]],"armWidth":63.7005,"confidence":0.837237,"direction":[-0.231344,0.551505,-0.80145],"elbow":[188.349,162.286,285.003],"grabStrength":0,"id":375,"palmNormal":[0.240525,-0.765801,-0.596403],"palmPosition":[32.9406,308.852,41.7337],"palmVelocity":[-58.7627,-54.7341,-119.289],"palmWidth":90.9622,"pinchStrength":0.585604,"r":[[0.984097,0.128376,0.122769],[-0.135956,0.989161,0.0554652],[-0.114318,-0.0712742,0.990884]],"s":1.05622,"sphereCenter":[41.7505,282.025,-0.595188],"sphereRadius":47.7301,"stabilizedPalmPosition":[50.2829,301.735,115.235],"t":[-55.8929,81.0981,-150.341],"timeVisible":0.560177,"type":"right","wrist":[51.5742,284.907,87.2353]}],"id":4092294,"interactionBox":{"center":[0,200,0],"size":[235.247,235.247,147.751]},"pointables":[{"bases":[[[0.119054,0.92566,0.359138],[-0.775936,-0.138936,0.615321],[0.619475,-0.351925,0.701712]],[[-0.128922,0.989782,0.0609125],[-0.767876,-0.138509,0.625445],[0.627491,0.0338604,0.777887]],[[-0.128922,0.989782,0.0609125],[-0.972886,-0.138137,0.185504],[0.192022,-0.0353453,0.980754]],[[-0.128922,0.989782,0.0609125],[-0.69733,-0.0468138,-0.71522],[-0.70506,-0.134684,0.69624]]],"btipPosition":[6.73445,267.993,-3.73074],"carpPosition":[28.0969,265.326,84.8064],"dipPosition":[-9.76145,264.841,12.5588],"direction":[-0.192022,0.0353453,-0.980754],"extended":false,"handId":375,"id":3750,"length":52.1005,"mcpPosition":[28.0969,265.326,84.8064],"pipPosition":[-3.21634,263.637,45.988],"stabilizedTipPosition":[13.6295,270.248,67.5551],"timeVisible":0.560177,"tipPosition":[2.72602,267.751,-0.00793296],"tipVelocity":[-17.8014,-87.0092,-113.148],"tool":false,"touchDistance":-0.451842,"touchZone":"touching","type":0,"width":20.2438},{"bases":[[[0.890445,0.418646,-0.178446],[-0.295173,0.82974,0.473714],[0.346382,-0.369144,0.862411]],[[0.92623,0.370167,-0.0712343],[-0.361617,0.925887,0.109397],[0.10645,-0.0755672,0.991442]],[[0.92623,0.370167,-0.0712343],[-0.374106,0.925863,-0.0531226],[0.0462889,0.0758529,0.996044]],[[0.92623,0.370167,-0.0712343],[-0.376946,0.911074,-0.166903],[0.00311769,0.181442,0.983397]]],"btipPosition":[-2.69783,314.325,-59.3415],"carpPosition":[28.5212,288.862,87.5323],"dipPosition":[-2.64458,317.424,-42.5447],"direction":[-0.0462889,-0.0758529,-0.996044],"extended":true,"handId":375,"id":3751,"length":58.7895,"mcpPosition":[3.04585,316.012,24.1045],"pipPosition":[-1.5261,319.257,-18.4772],"stabilizedTipPosition":[0.211655,318.795,26.1257],"timeVisible":0.560177,"tipPosition":[-3.00525,315.373,-55.167],"tipVelocity":[-36.6288,-114.307,-130.643],"tool":false,"touchDistance":-0.485344,"touchZone":"touching","type":1,"width":19.3369},{"bases":[[[0.966241,0.217299,-0.138415],[-0.132707,0.880266,0.455545],[0.220831,-0.421797,0.879386]],[[0.962039,0.224981,-0.154483],[-0.261089,0.593902,-0.760995],[-0.0794614,0.77244,0.630097]],[[0.962039,0.224981,-0.154483],[-0.0666037,-0.35539,-0.932342],[-0.264661,0.907239,-0.326914]],[[0.962039,0.224981,-0.154483],[0.057738,-0.721025,-0.6905],[-0.266735,0.655368,-0.706644]]],"btipPosition":[39.6193,249.685,16.5303],"carpPosition":[38.658,295.589,85.6577],"dipPosition":[34.6084,261.997,3.25515],"direction":[0.264661,-0.907239,0.326914],"extended":false,"handId":375,"id":3752,"length":66.986,"mcpPosition":[23.2558,325.008,24.3234],"pipPosition":[27.0847,287.788,-6.03826],"stabilizedTipPosition":[50.9353,247.652,73.8471],"timeVisible":0.560177,"tipPosition":[38.4398,252.238,13.0727],"tipVelocity":[-10.5974,-54.3472,-107.195],"tool":false,"touchDistance":0.333333,"touchZone":"none","type":2,"width":18.9914},{"bases":[[[0.995443,0.0858788,-0.0414415],[-0.0562267,0.879647,0.472292],[0.0770137,-0.46781,0.880467]],[[0.995083,0.0880028,-0.0454404],[-0.0880075,0.575209,-0.813258],[-0.0454313,0.813259,0.580126]],[[0.995083,0.0880028,-0.0454404],[-0.0055268,-0.408745,-0.912632],[-0.0988877,0.908396,-0.406249]],[[0.995083,0.0880028,-0.0454404],[0.0372087,-0.757362,-0.651935],[-0.0917869,0.647038,-0.756912]]],"btipPosition":[51.8255,255.111,27.9957],"carpPosition":[50.1659,299.383,83.6549],"dipPosition":[50.111,267.196,13.8579],"direction":[0.0988877,-0.908396,0.406249],"extended":false,"handId":375,"id":3753,"length":64.4088,"mcpPosition":[45.3433,328.678,28.5193],"pipPosition":[47.3725,292.353,2.60738],"stabilizedTipPosition":[65.1429,252.97,80.8628],"timeVisible":0.560177,"tipPosition":[51.4274,257.672,24.0274],"tipVelocity":[-14.8432,-43.4153,-86.2081],"tool":false,"touchDistance":0.333333,"touchZone":"none","type":3,"width":18.0715},{"bases":[[[0.993181,-0.115374,-0.0167213],[0.106312,0.837487,0.536016],[-0.0478385,-0.534139,0.844042]],[[0.993498,-0.111557,-0.0227481],[0.0519413,0.621909,-0.781365],[0.101314,0.775103,0.62366]],[[0.993498,-0.111557,-0.0227481],[-0.0608195,-0.351115,-0.934355],[0.0962463,0.929663,-0.355617]],[[0.993498,-0.111557,-0.0227481],[-0.0957301,-0.71036,-0.697297],[0.0616289,0.694941,-0.716421]]],"btipPosition":[59.951,269.712,28.8702],"carpPosition":[63.7031,296.301,80.5442],"dipPosition":[61.013,281.687,16.5252],"direction":[-0.0962463,-0.929663,0.355617],"extended":false,"handId":375,"id":3754,"length":50.4953,"mcpPosition":[66.4762,327.263,31.6172],"pipPosition":[62.8949,299.865,9.57183],"stabilizedTipPosition":[73.7602,267.479,86.7273],"timeVisible":0.560177,"tipPosition":[59.9132,272.309,25.5069],"tipVelocity":[-18.3332,-37.2825,-100.114],"tool":false,"touchDistance":0.333333,"touchZone":"none","type":4,"width":16.0525}],"r":[[0.984097,0.128376,0.122769],[-0.135956,0.989161,0.0554652],[-0.114318,-0.0712742,0.990884]],"s":1.05622,"t":[-55.8929,81.0981,-150.341],"timestamp":521184121439},false],[2,{"currentFrameRate":106.086,"devices":[],"gestures":[],"hands":[{"armBasis":[[0.830377,0.488113,-0.268738],[-0.23697,0.745868,0.622517],[0.504301,-0.453241,0.735019]],"armWidth":63.7005,"confidence":0.842908,"direction":[-0.231832,0.552045,-0.800937],"elbow":[187.137,162.19,283.755],"grabStrength":0,"id":375,"palmNormal":[0.244491,-0.763871,-0.597265],"palmPosition":[32.3835,308.483,39.8647],"palmVelocity":[-59.5211,-50.8761,-143.327],"palmWidth":90.9622,"pinchStrength":0.583053,"r":[[0.983246,0.133485,0.124132],[-0.140971,0.988563,0.0535773],[-0.11556,-0.0701787,0.990818]],"s":1.05646,"sphereCenter":[41.4106,281.76,-2.49971],"sphereRadius":47.7379,"stabilizedPalmPosition":[50.1657,301.779,114.741],"t":[-56.4419,80.6797,-151.801],"timeVisible":0.569234,"type":"right","wrist":[51.0176,284.528,85.3605]}],"id":4092295,"interactionBox":{"center":[0,200,0],"size":[235.247,235.247,147.751]},"pointables":[{"bases":[[[0.114951,0.925465,0.360972],[-0.776601,-0.142863,0.61358],[0.619417,-0.350863,0.702295]],[[-0.132043,0.989227,0.0632013],[-0.768481,-0.142433,0.623819],[0.626101,0.0338017,0.779009]],[[-0.132043,0.989227,0.0632013],[-0.972409,-0.14164,0.18536],[0.192315,-0.036982,0.980636]],[[-0.132043,0.989227,0.0632013],[-0.695945,-0.0471152,-0.716548],[-0.705851,-0.138599,0.694669]]],"btipPosition":[6.33283,267.681,-5.69999],"carpPosition":[27.6174,264.865,82.8524],"dipPosition":[-10.1816,264.439,10.5528],"direction":[-0.192315,0.036982,-0.980636],"extended":false,"handId":375,"id":3750,"length":52.1005,"mcpPosition":[27.6174,264.865,82.8524],"pipPosition":[-3.62646,263.178,43.978],"stabilizedTipPosition":[13.454,270.196,66.4556],"timeVisible":0.569234,"tipPosition":[2.36049,267.367,-1.99137],"tipVelocity":[-25.2579,-73.1204,-142.193],"tool":false,"touchDistance":-0.464657,"touchZone":"touching","type":0,"width":20.2438},{"bases":[[[0.889238,0.422231,-0.176001],[-0.299139,0.827822,0.474581],[0.34608,-0.369367,0.862436]],[[0.92515,0.373421,-0.0682244],[-0.365171,0.924571,0.108711],[0.103673,-0.0756602,0.99173]],[[0.92515,0.373421,-0.0682244],[-0.377066,0.924745,-0.0516447],[0.0438049,0.0735042,0.996332]],[[0.92515,0.373421,-0.0682244],[-0.379601,0.910521,-0.163872],[0.000926428,0.177504,0.98412]]],"btipPosition":[-3.03043,314.005,-61.2874],"carpPosition":[27.9498,288.397,85.6199],"dipPosition":[-3.01461,317.036,-44.4782],"direction":[-0.0438049,-0.0735042,-0.996332],"extended":true,"handId":375,"id":3751,"length":58.7895,"mcpPosition":[2.49654,315.563,22.1902],"pipPosition":[-1.95615,318.813,-20.4038],"stabilizedTipPosition":[0.149815,318.716,24.5303],"timeVisible":0.569234,"tipPosition":[-3.35731,315.025,-57.1135],"tipVelocity":[-36.9173,-92.9944,-153.803],"tool":false,"touchDistance":-0.494289,"touchZone":"touching","type":1,"width":19.3369},{"bases":[[[0.965699,0.221095,-0.136173],[-0.136825,0.878977,0.456814],[0.220692,-0.422512,0.879078]],[[0.961487,0.22881,-0.152279],[-0.261836,0.594058,-0.760617],[-0.0835743,0.771195,0.631089]],[[0.961487,0.22881,-0.152279],[-0.0633374,-0.354677,-0.932841],[-0.267453,0.90656,-0.326525]],[[0.961487,0.22881,-0.152279],[0.0619431,-0.72018,-0.691016],[-0.267779,0.65497,-0.706617]]],"btipPosition":[39.3334,249.397,14.6113],"carpPosition":[38.0652,295.165,83.7765],"dipPosition":[34.3029,261.702,1.3366],"direction":[0.267453,-0.90656,0.326525],"extended":false,"handId":375,"id":3752,"length":66.986,"mcpPosition":[22.6727,324.634,22.4637],"pipPosition":[26.6998,287.473,-7.94577],"stabilizedTipPosition":[50.844,247.685,73.4015],"timeVisible":0.569234,"tipPosition":[38.15,251.953,11.15],"tipVelocity":[-16.5235,-48.1698,-136.092],"tool":false,"touchDistance":0.333333,"touchZone":"none","type":2,"width":18.9914},{"bases":[[[0.995198,0.0896148,-0.0393716],[-0.0603758,0.87861,0.473708],[0.0770435,-0.469056,0.879802]],[[0.994838,0.0917434,-0.0433655],[-0.0885737,0.576523,-0.812266],[-0.0495188,0.811914,0.581673]],[[0.994838,0.0917434,-0.0433655],[-0.00226819,-0.407136,-0.913365],[-0.101451,0.908748,-0.404826]],[[0.994838,0.0917434,-0.0433655],[0.0412661,-0.756172,-0.653071],[-0.0927067,0.64791,-0.756054]]],"btipPosition":[51.4914,254.844,26.0605],"carpPosition":[49.563,299.005,81.8025],"dipPosition":[49.7598,266.946,11.9387],"direction":[0.101451,-0.908748,0.404826],"extended":false,"handId":375,"id":3753,"length":64.4088,"mcpPosition":[44.7384,328.377,26.7086],"pipPosition":[46.9502,292.112,0.727584],"stabilizedTipPosition":[65.0305,253.008,80.3984],"timeVisible":0.569234,"tipPosition":[51.0921,257.41,22.1096],"tipVelocity":[-21.0496,-39.4426,-121.283],"tool":false,"touchDistance":0.333333,"touchZone":"none","type":3,"width":18.0715},{"bases":[[[0.99363,-0.111688,-0.0150049],[0.102194,0.836938,0.537672],[-0.0474931,-0.535781,0.843021]],[[0.993976,-0.107434,-0.0216923],[0.0503692,0.623542,-0.780165],[0.097342,0.774373,0.625197]],[[0.993976,-0.107434,-0.0216923],[-0.0582227,-0.349891,-0.934979],[0.0928582,0.930609,-0.354039]],[[0.993976,-0.107434,-0.0216923],[-0.0919535,-0.709727,-0.69845],[0.0596413,0.696237,-0.71533]]],"btipPosition":[59.5862,269.469,26.9938],"carpPosition":[63.1173,295.977,78.7126],"dipPosition":[60.6139,281.466,14.6676],"direction":[-0.0928582,-0.930609,0.354039],"extended":false,"handId":375,"id":3754,"length":50.4953,"mcpPosition":[65.8704,327.035,29.8448],"pipPosition":[62.4295,299.662,7.7451],"stabilizedTipPosition":[73.6909,267.502,86.4161],"timeVisible":0.569234,"tipPosition":[59.5401,272.073,23.6421],"tipVelocity":[-24.6338,-34.2484,-129.537],"tool":false,"touchDistance":0.333333,"touchZone":"none","type":4,"width":16.0525}],"r":[[0.983246,0.133485,0.124132],[-0.140971,0.988563,0.0535773],[-0.11556,-0.0701787,0.990818]],"s":1.05646,"t":[-56.4419,80.6797,-151.801],"timestamp":521184130496},false],[3,{"currentFrameRate":106.288,"devices":[],"gestures":[],"hands":[{"armBasis":[[0.829556,0.489331,-0.269058],[-0.239274,0.746816,0.620495],[0.504564,-0.450357,0.736609]],"armWidth":63.7005,"confidence":0.850218,"direction":[-0.230498,0.551344,-0.801804],"elbow":[186.712,162.707,282.758],"grabStrength":0,"id":375,"palmNormal":[0.246445,-0.764051,-0.596231],"palmPosition":[31.9695,308.177,38.3815],"palmVelocity":[-55.7455,-46.1741,-149.057],"palmWidth":90.9622,"pinchStrength":0.577868,"r":[[0.982467,0.137748,0.125635],[-0.145164,0.988047,0.0518722],[-0.116988,-0.0692004,0.990719]],"s":1.05692,"sphereCenter":[41.1099,281.428,-3.94878],"sphereRadius":47.7488,"stabilizedPalmPosition":[50.0553,301.818,114.278],"t":[-56.9234,80.3177,-153.273],"timeVisible":0.578271,"type":"right","wrist":[50.5217,284.266,83.934]}],"id":4092296,"interactionBox":{"center":[0,200,0],"size":[235.247,235.247,147.751]},"pointables":[{"bases":[[[0.113391,0.925789,0.360636],[-0.777849,-0.143107,0.61194],[0.618137,-0.349909,0.703897]],[[-0.132103,0.989205,0.0634137],[-0.769202,-0.142653,0.622879],[0.625202,0.0335065,0.779744]],[[-0.132103,0.989205,0.0634137],[-0.972224,-0.141774,0.186228],[0.193208,-0.037051,0.980458]],[[-0.132103,0.989205,0.0634137],[-0.695044,-0.0468276,-0.71744],[-0.706726,-0.138852,0.693728]]],"btipPosition":[5.89357,267.422,-7.17457],"carpPosition":[27.1432,264.583,81.3863],"dipPosition":[-10.6413,264.174,9.0562],"direction":[-0.193208,0.037051,-0.980458],"extended":false,"handId":375,"id":3750,"length":52.1005,"mcpPosition":[27.1432,264.583,81.3863],"pipPosition":[-4.05579,262.911,42.4753],"stabilizedTipPosition":[13.3006,270.148,65.5123],"timeVisible":0.578271,"tipPosition":[1.98617,267.045,-3.48456],"tipVelocity":[-31.8352,-60.9124,-148.128],"tool":false,"touchDistance":-0.468719,"touchZone":"touching","type":0,"width":20.2438},{"bases":[[[0.889283,0.422846,-0.17429],[-0.300871,0.827879,0.473385],[0.34446,-0.368534,0.863441]],[[0.925157,0.373841,-0.0657867],[-0.366049,0.924534,0.106046],[0.100466,-0.0740281,0.992183]],[[0.925157,0.373841,-0.0657867],[-0.377332,0.924605,-0.0522219],[0.0413039,0.0731368,0.996466]],[[0.925157,0.373841,-0.0657867],[-0.379584,0.910697,-0.16293],[-0.000998158,0.175707,0.984442]]],"btipPosition":[-3.17978,313.633,-62.8698],"carpPosition":[27.4502,288.117,84.1396],"dipPosition":[-3.19683,316.634,-46.0551],"direction":[-0.0413039,-0.0731368,-0.996466],"extended":true,"handId":375,"id":3751,"length":58.7895,"mcpPosition":[2.11615,315.222,20.636],"pipPosition":[-2.19881,318.401,-21.9775],"stabilizedTipPosition":[0.0924849,318.641,23.0937],"timeVisible":0.578271,"tipPosition":[-3.52219,314.629,-58.6984],"tipVelocity":[-31.5294,-78.9222,-159.634],"tool":false,"touchDistance":-0.496911,"touchZone":"touching","type":1,"width":19.3369},{"bases":[[[0.965819,0.221798,-0.134163],[-0.13856,0.879156,0.455946],[0.219078,-0.421771,0.879837]],[[0.961613,0.229541,-0.150371],[-0.260614,0.592381,-0.762342],[-0.0859118,0.772266,0.629463]],[[0.961613,0.229541,-0.150371],[-0.0604101,-0.357456,-0.931974],[-0.267678,0.905282,-0.329868]],[[0.961613,0.229541,-0.150371],[0.0647076,-0.722206,-0.688645],[-0.266671,0.65248,-0.709335]]],"btipPosition":[39.0432,249.104,13.3207],"carpPosition":[37.5642,294.892,82.3144],"dipPosition":[34.0334,261.362,-0.00509582],"direction":[0.267678,-0.905282,0.329868],"extended":false,"handId":375,"id":3752,"length":66.986,"mcpPosition":[22.2842,324.309,20.9486],"pipPosition":[26.424,287.097,-9.38248],"stabilizedTipPosition":[50.7718,247.708,73.0495],"timeVisible":0.578271,"tipPosition":[37.8594,251.658,9.81873],"tipVelocity":[-20.6744,-44.1629,-138.303],"tool":false,"touchDistance":0.333333,"touchZone":"none","type":2,"width":18.9914},{"bases":[[[0.99521,0.0904038,-0.0372121],[-0.0621485,0.878862,0.47301],[0.0754663,-0.468432,0.880271]],[[0.994858,0.0925212,-0.0411925],[-0.087222,0.576011,-0.812775],[-0.0514716,0.812189,0.581119]],[[0.994858,0.0925212,-0.0411925],[0.000124306,-0.407847,-0.91305],[-0.101277,0.908351,-0.405761]],[[0.994858,0.0925212,-0.0411925],[0.0433668,-0.756727,-0.652291],[-0.0915223,0.647151,-0.756848]]],"btipPosition":[51.1506,254.553,24.6576],"carpPosition":[49.0631,298.74,80.3635],"dipPosition":[49.4411,266.641,10.5209],"direction":[0.101277,-0.908351,0.405761],"extended":false,"handId":375,"id":3753,"length":64.4088,"mcpPosition":[44.3374,328.073,25.2402],"pipPosition":[46.6364,291.796,-0.716023],"stabilizedTipPosition":[64.9424,253.034,80.0341],"timeVisible":0.578271,"tipPosition":[50.7586,257.115,20.711],"tipVelocity":[-25.4841,-37.5445,-130.743],"tool":false,"touchDistance":0.333333,"touchZone":"none","type":3,"width":18.0715},{"bases":[[[0.993752,-0.110884,-0.0127203],[0.100313,0.837364,0.537363],[-0.0489336,-0.535282,0.843255]],[[0.99414,-0.106228,-0.0200489],[0.0508774,0.6234,-0.780246],[0.0953822,0.774654,0.625151]],[[0.99414,-0.106228,-0.0200489],[-0.0563374,-0.350818,-0.934747],[0.0922625,0.930399,-0.354747]],[[0.99414,-0.106228,-0.0200489],[-0.0900143,-0.710729,-0.697684],[0.059864,0.6954,-0.716125]]],"btipPosition":[59.2563,269.193,25.6025],"carpPosition":[62.6268,295.722,77.3058],"dipPosition":[60.2878,281.176,13.2626],"direction":[-0.0922625,-0.930399,0.354747],"extended":false,"handId":375,"id":3754,"length":50.4953,"mcpPosition":[65.4634,326.751,28.4244],"pipPosition":[62.0918,299.368,6.32631],"stabilizedTipPosition":[73.6364,267.52,86.1715],"timeVisible":0.578271,"tipPosition":[59.2107,271.792,22.257],"tipVelocity":[-27.8779,-33.3264,-136.36],"tool":false,"touchDistance":0.333333,"touchZone":"none","type":4,"width":16.0525}],"r":[[0.982467,0.137748,0.125635],[-0.145164,0.988047,0.0518722],[-0.116988,-0.0692004,0.990719]],"s":1.05692,"t":[-56.9234,80.3177,-153.273],"timestamp":521184139533},false],[4,{"currentFrameRate":106.444,"devices":[],"gestures":[],"hands":[{"armBasis":[[0.829851,0.488353,-0.269922],[-0.239412,0.748581,0.618312],[0.504013,-0.448484,0.738128]],"armWidth":63.7005,"confidence":0.857408,"direction":[-0.229349,0.552113,-0.801605],"elbow":[186.207,163.005,281.867],"grabStrength":0,"id":375,"palmNormal":[0.245795,-0.764013,-0.596547],"palmPosition":[31.6688,308.021,37.0852],"palmVelocity":[-49.4403,-38.1281,-147.19],"palmWidth":90.9622,"pinchStrength":0.572865,"r":[[0.981851,0.140892,0.126956],[-0.148267,0.987652,0.0506039],[-0.118259,-0.068509,0.990617]],"s":1.05764,"sphereCenter":[40.7729,281.272,-5.2634],"sphereRadius":47.7657,"stabilizedPalmPosition":[49.9572,301.851,113.866],"t":[-57.3145,80.0585,-154.657],"timeVisible":0.587379,"type":"right","wrist":[50.1653,284.059,82.6338]}],"id":4092297,"interactionBox":{"center":[0,200,0],"size":[235.247,235.247,147.751]},"pointables":[{"bases":[[[0.114377,0.925429,0.361246],[-0.77837,-0.142472,0.611427],[0.617299,-0.351116,0.70403]],[[-0.12984,0.989386,0.0652508],[-0.768922,-0.14202,0.62337],[0.62602,0.0307656,0.7792]],[[-0.12984,0.989386,0.0652508],[-0.971837,-0.140037,0.189534],[0.196659,-0.038804,0.979704]],[[-0.12984,0.989386,0.0652508],[-0.695992,-0.0440704,-0.716696],[-0.706213,-0.13847,0.694327]]],"btipPosition":[5.34279,267.434,-8.46051],"carpPosition":[26.763,264.407,80.0615],"dipPosition":[-11.1801,264.195,7.78427],"direction":[-0.196659,0.038804,-0.979704],"extended":false,"handId":375,"id":3750,"length":52.1005,"mcpPosition":[26.763,264.407,80.0615],"pipPosition":[-4.47691,262.872,41.1777],"stabilizedTipPosition":[13.1698,270.11,64.7309],"timeVisible":0.587379,"tipPosition":[1.52689,266.995,-4.78207],"tipVelocity":[-39.6941,-43.5878,-146.105],"tool":false,"touchDistance":-0.469422,"touchZone":"touching","type":0,"width":20.2438},{"bases":[[[0.88992,0.42181,-0.173549],[-0.300072,0.827984,0.473709],[0.343511,-0.369486,0.863412]],[[0.925837,0.372392,-0.0644219],[-0.364769,0.925115,0.105383],[0.0988415,-0.0740683,0.992343]],[[0.925837,0.372392,-0.0644219],[-0.375732,0.925327,-0.0509402],[0.0406416,0.0713676,0.996622]],[[0.925837,0.372392,-0.0644219],[-0.377922,0.911861,-0.160261],[-0.000936283,0.172722,0.98497]]],"btipPosition":[-3.37688,313.621,-64.198],"carpPosition":[27.0985,287.939,82.8289],"dipPosition":[-3.39288,316.571,-47.3744],"direction":[-0.0406416,-0.0713676,-0.996622],"extended":true,"handId":375,"id":3751,"length":58.7895,"mcpPosition":[1.83432,315.114,19.3274],"pipPosition":[-2.41085,318.295,-23.293],"stabilizedTipPosition":[0.0431507,318.579,21.9087],"timeVisible":0.587379,"tipPosition":[-3.72395,314.584,-60.0283],"tipVelocity":[-28.7791,-57.7588,-155.743],"tool":false,"touchDistance":-0.495445,"touchZone":"touching","type":1,"width":19.3369},{"bases":[[[0.966176,0.22064,-0.133499],[-0.137686,0.879063,0.45639],[0.218052,-0.422572,0.879708]],[[0.961987,0.228402,-0.149713],[-0.259459,0.593301,-0.762021],[-0.0852219,0.771898,0.630008]],[[0.961987,0.228402,-0.149713],[-0.0602902,-0.357065,-0.932132],[-0.266358,0.905725,-0.329721]],[[0.961987,0.228402,-0.149713],[0.064294,-0.722211,-0.688678],[-0.26542,0.652873,-0.709442]]],"btipPosition":[38.6785,248.968,12.0002],"carpPosition":[37.2222,294.703,81.0133],"dipPosition":[33.6923,261.233,-1.32761],"direction":[0.266358,-0.905725,0.329721],"extended":false,"handId":375,"id":3752,"length":66.986,"mcpPosition":[22.0139,324.176,19.6565],"pipPosition":[26.1203,286.981,-10.7008],"stabilizedTipPosition":[50.7149,247.726,72.7739],"timeVisible":0.587379,"tipPosition":[37.5014,251.524,8.5034],"tipVelocity":[-25.88,-35.9996,-140.17],"tool":false,"touchDistance":0.333333,"touchZone":"none","type":2,"width":18.9914},{"bases":[[[0.995345,0.0891507,-0.0366099],[-0.0612839,0.878661,0.473496],[0.0743802,-0.469048,0.880035]],[[0.995001,0.0912587,-0.0405663],[-0.0859753,0.576055,-0.812877],[-0.0508137,0.812301,0.581021]],[[0.995001,0.0912587,-0.0405663],[0.000266206,-0.408618,-0.912705],[-0.0998684,0.908132,-0.4066]],[[0.995001,0.0912587,-0.0405663],[0.0429064,-0.757423,-0.651513],[-0.0901821,0.646516,-0.757552]]],"btipPosition":[50.7892,254.402,23.4206],"carpPosition":[48.7272,298.537,79.0711],"dipPosition":[49.1048,266.477,9.27087],"direction":[0.0998684,-0.908132,0.4066],"extended":false,"handId":375,"id":3753,"length":64.4088,"mcpPosition":[44.0694,327.909,23.9625],"pipPosition":[46.3391,291.627,-1.98932],"stabilizedTipPosition":[64.8728,253.054,79.7479],"timeVisible":0.587379,"tipPosition":[50.4026,256.964,19.4689],"tipVelocity":[-29.2455,-31.8282,-132.24],"tool":false,"touchDistance":0.333333,"touchZone":"none","type":3,"width":18.0715},{"bases":[[[0.993616,-0.11215,-0.012238],[0.101088,0.836917,0.537914],[-0.0500848,-0.535717,0.842911]],[[0.994044,-0.107088,-0.0201935],[0.0513856,0.624016,-0.77972],[0.0960999,0.774039,0.625803]],[[0.994044,-0.107088,-0.0201935],[-0.0567795,-0.350793,-0.93473],[0.0930149,0.93031,-0.354784]],[[0.994044,-0.107088,-0.0201935],[-0.090758,-0.71096,-0.697351],[0.0603213,0.695031,-0.716445]]],"btipPosition":[58.9369,269.029,24.3189],"carpPosition":[62.2887,295.503,76.019],"dipPosition":[59.9763,281.006,11.9735],"direction":[-0.0930149,-0.93031,0.354784],"extended":false,"handId":375,"id":3754,"length":50.4953,"mcpPosition":[65.192,326.557,27.1576],"pipPosition":[61.795,299.196,5.03644],"stabilizedTipPosition":[73.5932,267.532,85.9786],"timeVisible":0.587379,"tipPosition":[58.8925,271.625,20.9779],"tipVelocity":[-29.8169,-29.1079,-137.667],"tool":false,"touchDistance":0.333333,"touchZone":"none","type":4,"width":16.0525}],"r":[[0.981851,0.140892,0.126956],[-0.148267,0.987652,0.0506039],[-0.118259,-0.068509,0.990617]],"s":1.05764,"t":[-57.3145,80.0585,-154.657],"timestamp":521184148641},false],[5,{"currentFrameRate":106.677,"devices":[],"gestures":[],"hands":[{"armBasis":[[0.828058,0.490274,-0.271938],[-0.240881,0.749118,0.617089],[0.506256,-0.445481,0.738411]],"armWidth":63.7005,"confidence":0.862218,"direction":[-0.228925,0.552971,-0.801134],"elbow":[186.537,163.417,280.878],"grabStrength":0,"id":375,"palmNormal":[0.246678,-0.763173,-0.597258],"palmPosition":[31.4212,307.668,36.0322],"palmVelocity":[-43.4919,-38.4889,-139.126],"palmWidth":90.9622,"pinchStrength":0.569334,"r":[[0.981314,0.14347,0.128213],[-0.150852,0.987301,0.049799],[-0.11944,-0.0682097,0.990496]],"s":1.05849,"sphereCenter":[40.5673,280.971,-6.3485],"sphereRadius":47.7822,"stabilizedPalmPosition":[49.8723,301.878,113.509],"t":[-57.6339,79.7524,-155.875],"timeVisible":0.596327,"type":"right","wrist":[49.89,283.66,81.5678]}],"id":4092298,"interactionBox":{"center":[0,200,0],"size":[235.247,235.247,147.751]},"pointables":[{"bases":[[[0.113619,0.925047,0.362463],[-0.778827,-0.143586,0.610583],[0.616862,-0.35167,0.704137]],[[-0.129865,0.989266,0.0669894],[-0.768858,-0.143131,0.623194],[0.626093,0.0294256,0.779193]],[[-0.129865,0.989266,0.0669894],[-0.971309,-0.140501,0.191883],[0.199235,-0.0401485,0.979129]],[[-0.129865,0.989266,0.0669894],[-0.695633,-0.0427575,-0.717124],[-0.706562,-0.139729,0.693719]]],"btipPosition":[4.99602,267.169,-9.53633],"carpPosition":[26.4994,264,78.9516],"dipPosition":[-11.535,263.9,6.69423],"direction":[-0.199235,0.0401485,-0.979129],"extended":false,"handId":375,"id":3750,"length":52.1005,"mcpPosition":[26.4994,264,78.9516],"pipPosition":[-4.74405,262.532,40.068],"stabilizedTipPosition":[13.0614,270.077,64.0927],"timeVisible":0.596327,"tipPosition":[1.23814,266.688,-5.8745],"tipVelocity":[-39.4947,-39.9803,-139.135],"tool":false,"touchDistance":-0.466999,"touchZone":"touching","type":0,"width":20.2438},{"bases":[[[0.889865,0.422448,-0.172272],[-0.30088,0.827266,0.47445],[0.342945,-0.370364,0.863261]],[[0.925939,0.372498,-0.0623007],[-0.365051,0.925023,0.105213],[0.0968211,-0.0746777,0.992496]],[[0.925939,0.372498,-0.0623007],[-0.375592,0.925514,-0.0485296],[0.0395829,0.0683351,0.996877]],[[0.925939,0.372498,-0.0623007],[-0.37767,0.912697,-0.156041],[-0.00126334,0.168014,0.985784]]],"btipPosition":[-3.49466,313.455,-65.2948],"carpPosition":[26.8213,287.529,81.7477],"dipPosition":[-3.51624,316.324,-48.4572],"direction":[-0.0395829,-0.0683351,-0.996877],"extended":true,"handId":375,"id":3751,"length":58.7895,"mcpPosition":[1.59861,314.768,18.2573],"pipPosition":[-2.55979,317.976,-24.3697],"stabilizedTipPosition":[0.00377991,318.53,20.9826],"timeVisible":0.596327,"tipPosition":[-3.84734,314.361,-61.1259],"tipVelocity":[-24.5511,-47.6119,-146.581],"tool":false,"touchDistance":-0.490637,"touchZone":"touching","type":1,"width":19.3369},{"bases":[[[0.966184,0.221267,-0.1324],[-0.138504,0.878444,0.457333],[0.217498,-0.42353,0.879384]],[[0.96199,0.229073,-0.148664],[-0.259141,0.594015,-0.761572],[-0.0861472,0.77115,0.630799]],[[0.96199,0.229073,-0.148664],[-0.0591293,-0.356748,-0.932327],[-0.266606,0.90568,-0.329643]],[[0.96199,0.229073,-0.148664],[0.0655284,-0.722114,-0.688663],[-0.265106,0.652745,-0.709677]]],"btipPosition":[38.4839,248.671,10.9225],"carpPosition":[36.9433,294.299,79.9489],"dipPosition":[33.5035,260.934,-2.40967],"direction":[0.266606,-0.90568,0.329643],"extended":false,"handId":375,"id":3752,"length":66.986,"mcpPosition":[21.7735,323.839,18.6148],"pipPosition":[25.9245,286.681,-11.7807],"stabilizedTipPosition":[50.6709,247.738,72.5606],"timeVisible":0.596327,"tipPosition":[37.3083,251.228,7.42225],"tipVelocity":[-24.7105,-35.2445,-134.808],"tool":false,"touchDistance":0.333333,"touchZone":"none","type":2,"width":18.9914},{"bases":[[[0.995333,0.0896747,-0.0356443],[-0.0621162,0.878059,0.474505],[0.0738488,-0.470076,0.879531]],[[0.994991,0.0917851,-0.0395942],[-0.0855559,0.577109,-0.812173],[-0.0516952,0.811493,0.582071]],[[0.994991,0.0917851,-0.0395942],[0.00128753,-0.407831,-0.913056],[-0.0999527,0.908432,-0.405907]],[[0.994991,0.0917851,-0.0395942],[0.043888,-0.757,-0.65194],[-0.0898112,0.646937,-0.757236]]],"btipPosition":[50.5781,254.09,22.3304],"carpPosition":[48.448,298.141,78.0213],"dipPosition":[48.9006,266.174,8.18654],"direction":[0.0999527,-0.908432,0.405907],"extended":false,"handId":375,"id":3753,"length":64.4088,"mcpPosition":[43.8235,327.578,22.9443],"pipPosition":[46.1325,291.332,-3.05446],"stabilizedTipPosition":[64.819,253.068,79.5254],"timeVisible":0.596327,"tipPosition":[50.1942,256.654,18.3894],"tipVelocity":[-27.6528,-32.581,-129.357],"tool":false,"touchDistance":0.333333,"touchZone":"none","type":3,"width":18.0715},{"bases":[[[0.99368,-0.111656,-0.0115172],[0.100221,0.836314,0.539012],[-0.0505518,-0.53676,0.842219]],[[0.994148,-0.106129,-0.0201799],[0.0508893,0.62484,-0.779093],[0.0952933,0.773506,0.626584]],[[0.994148,-0.106129,-0.0201799],[-0.0564482,-0.351051,-0.934653],[0.0921093,0.930322,-0.354988]],[[0.994148,-0.106129,-0.0201799],[-0.0901007,-0.711498,-0.696888],[0.0596019,0.694628,-0.716896]]],"btipPosition":[58.7475,268.73,23.3014],"carpPosition":[62.0136,295.118,74.9772],"dipPosition":[59.7745,280.7,10.9482],"direction":[-0.0921093,-0.930322,0.354988],"extended":false,"handId":375,"id":3754,"length":50.4953,"mcpPosition":[64.944,326.232,26.1559],"pipPosition":[61.5755,298.89,4.00716],"stabilizedTipPosition":[73.5595,267.541,85.8274],"timeVisible":0.596327,"tipPosition":[58.7016,271.323,19.9549],"tipVelocity":[-27.5404,-30.3434,-131.178],"tool":false,"touchDistance":0.333333,"touchZone":"none","type":4,"width":16.0525}],"r":[[0.981314,0.14347,0.128213],[-0.150852,0.987301,0.049799],[-0.11944,-0.0682097,0.990496]],"s":1.05849,"t":[-57.6339,79.7524,-155.875],"timestamp":521184157589},false],[6,{"currentFrameRate":106.835,"devices":[],"gestures":[],"hands":[{"armBasis":[[0.828497,0.48991,-0.271259],[-0.242526,0.750518,0.614739],[0.504752,-0.443522,0.740617]],"armWidth":63.7005,"confidence":0.864492,"direction":[-0.229338,0.553417,-0.800708],"elbow":[185.954,163.657,280.545],"grabStrength":0,"id":375,"palmNormal":[0.247457,-0.762454,-0.597854],"palmPosition":[31.2269,307.4,35.121],"palmVelocity":[-37.3895,-36.018,-128.437],"palmWidth":90.9622,"pinchStrength":0.56733,"r":[[0.980849,0.145693,0.129265],[-0.153102,0.986979,0.049311],[-0.120397,-0.0681574,0.990383]],"s":1.05944,"sphereCenter":[40.4023,280.75,-7.29213],"sphereRadius":47.8044,"stabilizedPalmPosition":[49.7975,301.9,113.195],"t":[-57.8907,79.4654,-156.94],"timeVisible":0.605398,"type":"right","wrist":[49.7123,283.372,80.6391]}],"id":4092299,"interactionBox":{"center":[0,200,0],"size":[235.247,235.247,147.751]},"pointables":[{"bases":[[[0.112719,0.924853,0.363237],[-0.778769,-0.144808,0.610368],[0.617101,-0.351678,0.703924]],[[-0.130868,0.989087,0.0676826],[-0.768537,-0.14434,0.623312],[0.626279,0.0295552,0.779039]],[[-0.130868,0.989087,0.0676826],[-0.970348,-0.141785,0.195759],[0.203219,-0.0400571,0.978314]],[[-0.130868,0.989087,0.0676826],[-0.694348,-0.0427132,-0.71837],[-0.70764,-0.141007,0.69236]]],"btipPosition":[4.71703,266.882,-10.4168],"carpPosition":[26.3403,263.692,78.0039],"dipPosition":[-11.8392,263.583,5.78198],"direction":[-0.203219,0.0400571,-0.978314],"extended":false,"handId":375,"id":3750,"length":52.1005,"mcpPosition":[26.3403,263.692,78.0039],"pipPosition":[-4.91248,262.217,39.128],"stabilizedTipPosition":[12.9677,270.046,63.5468],"timeVisible":0.605398,"tipPosition":[1.00126,266.391,-6.77903],"tipVelocity":[-37.2559,-37.9,-127.728],"tool":false,"touchDistance":-0.461949,"touchZone":"touching","type":0,"width":20.2438},{"bases":[[[0.889495,0.423412,-0.171815],[-0.301703,0.826597,0.475093],[0.343182,-0.370756,0.862999]],[[0.925909,0.372838,-0.0606985],[-0.365509,0.92484,0.105231],[0.0953706,-0.0752487,0.992594]],[[0.925909,0.372838,-0.0606985],[-0.375703,0.925624,-0.0454575],[0.0392357,0.0648941,0.997121]],[[0.925909,0.372838,-0.0606985],[-0.377746,0.91354,-0.15084],[-0.000788522,0.162593,0.986693]]],"btipPosition":[-3.6307,313.374,-66.2295],"carpPosition":[26.64,287.219,80.8193],"dipPosition":[-3.64417,316.151,-49.3764],"direction":[-0.0392357,-0.0648941,-0.99712],"extended":true,"handId":375,"id":3751,"length":58.7895,"mcpPosition":[1.39998,314.487,17.3482],"pipPosition":[-2.69612,317.719,-25.2829],"stabilizedTipPosition":[-0.0278882,318.49,20.2571],"timeVisible":0.605398,"tipPosition":[-3.98363,314.201,-62.0626],"tipVelocity":[-21.8536,-37.5611,-134.437],"tool":false,"touchDistance":-0.483874,"touchZone":"touching","type":1,"width":19.3369},{"bases":[[[0.965995,0.222269,-0.132098],[-0.139372,0.877939,0.458037],[0.217782,-0.424051,0.879063]],[[0.961781,0.230111,-0.148412],[-0.259671,0.594517,-0.761],[-0.0868812,0.770454,0.631548]],[[0.961781,0.230111,-0.148412],[-0.0586214,-0.356402,-0.932492],[-0.267471,0.905553,-0.329291]],[[0.961781,0.230111,-0.148412],[0.0664462,-0.721941,-0.688757],[-0.265635,0.652572,-0.709639]]],"btipPosition":[38.3467,248.449,9.97653],"carpPosition":[36.756,294,79.0274],"dipPosition":[33.3564,260.709,-3.35493],"direction":[0.267471,-0.905553,0.329291],"extended":false,"handId":375,"id":3752,"length":66.986,"mcpPosition":[21.5664,323.576,17.7156],"pipPosition":[25.7528,286.451,-12.7159],"stabilizedTipPosition":[50.6361,247.747,72.3909],"timeVisible":0.605398,"tipPosition":[37.17,251.004,6.4808],"tipVelocity":[-22.1302,-32.2985,-126.366],"tool":false,"touchDistance":0.333333,"touchZone":"none","type":2,"width":18.9914},{"bases":[[[0.995254,0.0906242,-0.0354475],[-0.0629864,0.877611,0.475218],[0.0741754,-0.47073,0.879154]],[[0.994912,0.0927286,-0.039379],[-0.0859954,0.578078,-0.811438],[-0.0524793,0.810696,0.583111]],[[0.994912,0.0927286,-0.039379],[0.00179794,-0.407164,-0.913353],[-0.100728,0.908636,-0.405259]],[[0.994912,0.0927286,-0.039379],[0.0447139,-0.756721,-0.652207],[-0.0902771,0.647128,-0.757018]]],"btipPosition":[50.4322,253.871,21.3686],"carpPosition":[48.2574,297.854,77.1043],"dipPosition":[48.746,265.958,7.22881],"direction":[0.100728,-0.908636,0.405259],"extended":false,"handId":375,"id":3753,"length":64.4088,"mcpPosition":[43.6125,327.332,22.051],"pipPosition":[45.9565,291.121,-3.99425],"stabilizedTipPosition":[64.7763,253.079,79.348],"timeVisible":0.605398,"tipPosition":[50.0476,256.434,17.4466],"tipVelocity":[-24.5154,-30.2369,-122.881],"tool":false,"touchDistance":0.333333,"touchZone":"none","type":3,"width":18.0715},{"bases":[[[0.993784,-0.110728,-0.011486],[0.0993811,0.835964,0.539711],[-0.050159,-0.537498,0.841772]],[[0.994295,-0.104551,-0.0211472],[0.0491289,0.624832,-0.779212],[0.0946807,0.773728,0.626403]],[[0.994295,-0.104551,-0.0211472],[-0.0569247,-0.352424,-0.934107],[0.090209,0.929982,-0.356365]],[[0.994295,-0.104551,-0.0211472],[-0.0897429,-0.712764,-0.695639],[0.0576567,0.693568,-0.71808]]],"btipPosition":[58.6296,268.518,22.4633],"carpPosition":[61.8261,294.846,74.0595],"dipPosition":[59.6231,280.47,10.0896],"direction":[-0.090209,-0.929982,0.356365],"extended":false,"handId":375,"id":3754,"length":50.4953,"mcpPosition":[64.7337,326.003,25.2641],"pipPosition":[61.3869,298.653,3.1217],"stabilizedTipPosition":[73.5324,267.548,85.7053],"timeVisible":0.605398,"tipPosition":[58.5769,271.11,19.0985],"tipVelocity":[-2