{"sensorType":"Leap","data":[[0,{"currentFrameRate":109.064,"devices":[],"gestures":[],"hands":[{"armBasis":[[0.857781,0.441087,-0.263919],[-0.198718,0.758094,0.621132],[0.474049,-0.48035,0.737931]],"armWidth":63.7005,"confidence":0.863701,"direction":[-0.272223,0.550065,-0.789508],"elbow":[182.818,150.887,284.975],"grabStrength":0,"id":374,"palmNormal":[0.204008,-0.768849,-0.606013],"palmPosition":[33.8838,304.431,41.2972],"palmVelocity":[-2.44532,-17.214,-78.226],"palmWidth":90.9622,"pinchStrength":0.519609,"r":[[0.975746,0.217385,-0.0257474],[-0.208271,0.958119,0.196547],[0.0673954,-0.186418,0.980156]],"s":0.788533,"sphereCenter":[40.6531,278.474,-0.792255],"sphereRadius":47.6337,"stabilizedPalmPosition":[34.4386,304.633,83.1908],"t":[-117.413,105.825,-103.25],"timeVisible":0.695528,"type":"right","wrist":[54.8643,280.542,85.795]}],"id":4091842,"interactionBox":{"center":[0,200,0],"size":[235.247,235.247,147.751]},"pointables":[{"bases":[[[0.142809,0.926211,0.348911],[-0.741792,-0.133223,0.657264],[0.655249,-0.352682,0.66803]],[[-0.0852758,0.990852,0.104596],[-0.753588,-0.132816,0.643789],[0.651792,-0.023923,0.75802]],[[-0.0852758,0.990852,0.104596],[-0.957867,-0.110425,0.265134],[0.274259,-0.07758,0.958521]],[[-0.0852758,0.990852,0.104596],[-0.744234,0.0064525,-0.667888],[-0.662453,-0.134799,0.736876]]],"btipPosition":[4.8234,268.059,-3.01902],"carpPosition":[31.1985,261.067,84.7196],"dipPosition":[-10.6756,264.905,14.2213],"direction":[-0.274259,0.07758,-0.958521],"extended":false,"handId":374,"id":3740,"length":52.1005,"mcpPosition":[31.1985,261.067,84.7196],"pipPosition":[-1.32748,262.261,46.8926],"stabilizedTipPosition":[-3.98112,274.647,52.3294],"timeVisible":0.695528,"tipPosition":[0.881468,268.4,1.01827],"tipVelocity":[29.7159,-51.2738,-82.313],"tool":false,"touchDistance":-0.422974,"touchZone":"touching","type":0,"width":20.2438},{"bases":[[[0.881303,0.413765,-0.228262],[-0.26498,0.832661,0.486273],[0.391268,-0.368069,0.843466]],[[0.923906,0.363597,-0.119143],[-0.346397,0.927103,0.143137],[0.162502,-0.0909739,0.982505]],[[0.923906,0.363597,-0.119143],[-0.366334,0.930483,-0.00115328],[0.110441,0.0447118,0.992876]],[[0.923906,0.363597,-0.119143],[-0.375754,0.920942,-0.103316],[0.0721588,0.140223,0.987487]]],"btipPosition":[-7.77642,312.111,-57.7526],"carpPosition":[31.8807,284.609,87.3373],"dipPosition":[-6.54392,314.506,-40.8859],"direction":[-0.110441,-0.0447118,-0.992876],"extended":true,"handId":374,"id":3741,"length":58.7895,"mcpPosition":[3.10404,311.68,25.3028],"pipPosition":[-3.87532,315.587,-16.8951],"stabilizedTipPosition":[-18.6242,322.669,-6.36709],"timeVisible":0.695528,"tipPosition":[-8.00506,313.542,-53.6426],"tipVelocity":[41.1768,-65.2406,-101.971],"tool":false,"touchDistance":-0.444374,"touchZone":"touching","type":1,"width":19.3369},{"bases":[[[0.958235,0.212182,-0.191739],[-0.103516,0.882342,0.459082],[0.266588,-0.420061,0.867456]],[[0.958439,0.21186,-0.191075],[-0.281303,0.590079,-0.756753],[-0.0475765,0.779052,0.625152]],[[0.958439,0.21186,-0.191075],[-0.0599644,-0.505187,-0.860924],[-0.278925,0.836601,-0.471487]],[[0.958439,0.21186,-0.191075],[0.0891535,-0.858612,-0.504815],[-0.27101,0.466799,-0.841815]]],"btipPosition":[38.6503,250.488,23.4809],"carpPosition":[41.931,291.281,84.8886],"dipPosition":[33.5591,259.257,7.66634],"direction":[0.278925,-0.836601,0.471487],"extended":false,"handId":374,"id":3742,"length":66.986,"mcpPosition":[23.3374,320.579,24.3864],"pipPosition":[25.6299,283.04,-5.73696],"stabilizedTipPosition":[35.456,253.12,56.8775],"timeVisible":0.695528,"tipPosition":[37.5024,252.259,20.1581],"tipVelocity":[30.8061,-17.8414,-54.7028],"tool":false,"touchDistance":0.333333,"touchZone":"none","type":2,"width":18.9914},{"bases":[[[0.99208,0.0809312,-0.0960543],[-0.0262391,0.881407,0.471629],[0.122832,-0.465373,0.87655]],[[0.988482,0.0932213,-0.119223],[-0.151153,0.568808,-0.808462],[-0.00755088,0.81717,0.576347]],[[0.988482,0.0932213,-0.119223],[-0.047764,-0.555349,-0.830245],[-0.143607,0.826376,-0.5445]],[[0.988482,0.0932213,-0.119223],[0.0282094,-0.887458,-0.460025],[-0.148689,0.451363,-0.879865]]],"btipPosition":[52.7295,256.34,33.1272],"carpPosition":[53.3299,295.013,82.2471],"dipPosition":[49.9522,264.77,16.6928],"direction":[0.143607,-0.826376,0.5445],"extended":false,"handId":374,"id":3743,"length":64.4088,"mcpPosition":[45.638,324.155,27.3568],"pipPosition":[45.9753,287.656,1.61368],"stabilizedTipPosition":[50.3332,259.358,63.1809],"timeVisible":0.695528,"tipPosition":[52.0576,258.274,29.1562],"tipVelocity":[23.1499,-9.76198,-47.2541],"tool":false,"touchDistance":0.333333,"touchZone":"none","type":3,"width":18.0715},{"bases":[[[0.990236,-0.120228,-0.0705551],[0.139341,0.838664,0.526523],[-0.00413106,-0.531214,0.847228]],[[0.982485,-0.183521,0.0323114],[0.139572,0.609846,-0.780133],[0.123466,0.770979,0.624778]],[[0.982485,-0.183521,0.0323114],[-0.0645235,-0.497712,-0.864939],[0.174817,0.847705,-0.500835]],[[0.982485,-0.183521,0.0323114],[-0.141444,-0.847344,-0.511861],[0.121316,0.498325,-0.85846]]],"btipPosition":[57.0288,270.233,31.8009],"carpPosition":[66.6623,291.855,78.4121],"dipPosition":[59.1193,278.82,17.0083],"direction":[-0.174817,-0.847705,0.500835],"extended":false,"handId":374,"id":3744,"length":50.4953,"mcpPosition":[66.9018,322.648,29.3005],"pipPosition":[62.5375,295.395,7.21555],"stabilizedTipPosition":[55.9952,273.539,64.1462],"timeVisible":0.695528,"tipPosition":[57.5556,272.559,28.345],"tipVelocity":[17.642,-10.3462,-60.2208],"tool":false,"touchDistance":0.333333,"touchZone":"none","type":4,"width":16.0525}],"r":[[0.975746,0.217385,-0.0257474],[-0.208271,0.958119,0.196547],[0.0673954,-0.186418,0.980156]],"s":0.788533,"t":[-117.413,105.825,-103.25],"timestamp":521179302841},false],[1,{"currentFrameRate":109.129,"devices":[],"gestures":[],"hands":[{"armBasis":[[0.857073,0.445543,-0.258683],[-0.203181,0.753724,0.624994],[0.473438,-0.483106,0.736522]],"armWidth":63.7005,"confidence":0.867511,"direction":[-0.273377,0.546746,-0.791412],"elbow":[182.653,149.958,284.162],"grabStrength":0,"id":374,"palmNormal":[0.210636,-0.768759,-0.603856],"palmPosition":[33.8639,304.024,40.755],"palmVelocity":[-2.37828,-24.8943,-73.1789],"palmWidth":90.9622,"pinchStrength":0.519223,"r":[[0.975057,0.220799,-0.0226192],[-0.212427,0.957883,0.193225],[0.0643303,-0.1836,0.980894]],"s":0.788762,"sphereCenter":[40.9288,278.025,-1.25483],"sphereRadius":47.6362,"stabilizedPalmPosition":[34.4386,304.632,83.1899],"t":[-117.446,105.508,-103.835],"timeVisible":0.704576,"type":"right","wrist":[54.8643,280.357,85.3621]}],"id":4091843,"interactionBox":{"center":[0,200,0],"size":[235.247,235.247,147.751]},"pointables":[{"bases":[[[0.135931,0.927794,0.347448],[-0.742858,-0.136591,0.655366],[0.655503,-0.34719,0.670653]],[[-0.0923912,0.990514,0.101716],[-0.754056,-0.136315,0.642508],[0.650279,-0.0173377,0.759498]],[[-0.0923912,0.990514,0.101716],[-0.95784,-0.116321,0.262703],[0.272042,-0.0731565,0.9595]],[[-0.0923912,0.990514,0.101716],[-0.743642,-0.000707537,-0.668577],[-0.662163,-0.137411,0.736653]]],"btipPosition":[5.09453,267.304,-3.58336],"carpPosition":[31.3253,260.731,84.2572],"dipPosition":[-10.3977,264.089,13.6517],"direction":[-0.272042,0.0731565,-0.9595],"extended":false,"handId":374,"id":3740,"length":52.1005,"mcpPosition":[31.3253,260.731,84.2572],"pipPosition":[-1.12513,261.596,46.3565],"stabilizedTipPosition":[-3.95534,274.61,52.0864],"timeVisible":0.704576,"tipPosition":[1.188,267.607,0.448102],"tipVelocity":[29.8323,-60.569,-76.8491],"tool":false,"touchDistance":-0.417493,"touchZone":"touching","type":0,"width":20.2438},{"bases":[[[0.879337,0.41887,-0.226528],[-0.271659,0.831943,0.483809],[0.391112,-0.363893,0.845348]],[[0.922096,0.368952,-0.116681],[-0.352842,0.925459,0.137946],[0.158879,-0.086029,0.983543]],[[0.922096,0.368952,-0.116681],[-0.372004,0.928219,-0.00475932],[0.10655,0.0477944,0.993158]],[[0.922096,0.368952,-0.116681],[-0.380906,0.918556,-0.105667],[0.0681921,0.141879,0.987532]]],"btipPosition":[-7.4771,311.162,-58.4514],"carpPosition":[31.8511,284.282,86.8291],"dipPosition":[-6.31235,313.585,-41.5839],"direction":[-0.10655,-0.0477944,-0.993158],"extended":true,"handId":374,"id":3741,"length":58.7895,"mcpPosition":[3.08594,311.045,24.6562],"pipPosition":[-3.73779,314.74,-17.5862],"stabilizedTipPosition":[-18.5325,322.581,-6.75431],"timeVisible":0.704576,"tipPosition":[-7.7318,312.585,-54.3469],"tipVelocity":[38.4689,-76.0004,-95.141],"tool":false,"touchDistance":-0.438749,"touchZone":"touching","type":1,"width":19.3369},{"bases":[[[0.957434,0.217851,-0.189372],[-0.110433,0.88259,0.456989],[0.266694,-0.416624,0.86908]],[[0.957594,0.2176,-0.188849],[-0.28298,0.587037,-0.758492],[-0.054187,0.779768,0.623719]],[[0.957594,0.2176,-0.188849],[-0.0543007,-0.507403,-0.859996],[-0.282958,0.833782,-0.474071]],[[0.957594,0.2176,-0.188849],[0.0961749,-0.859264,-0.50241],[-0.271595,0.462943,-0.843753]]],"btipPosition":[39.0224,250.097,23.0541],"carpPosition":[41.8662,291.012,84.3962],"dipPosition":[33.9201,258.794,7.20317],"direction":[0.282958,-0.833782,0.474071],"extended":false,"handId":374,"id":3742,"length":66.986,"mcpPosition":[23.2652,320.07,23.7808],"pipPosition":[25.8763,282.497,-6.27357],"stabilizedTipPosition":[35.4577,253.119,56.8509],"timeVisible":0.704576,"tipPosition":[37.8725,251.85,19.7204],"tipVelocity":[33.5741,-25.3358,-52.879],"tool":false,"touchDistance":0.333333,"touchZone":"none","type":2,"width":18.9914},{"bases":[[[0.991827,0.0870098,-0.0933232],[-0.0331888,0.882169,0.469763],[0.123201,-0.462826,0.877846]],[[0.988237,0.0991725,-0.116417],[-0.152239,0.565571,-0.810526],[-0.0145398,0.818715,0.574016]],[[0.988237,0.0991725,-0.116417],[-0.0413637,-0.559532,-0.827776],[-0.147232,0.822854,-0.548848]],[[0.988237,0.0991725,-0.116417],[0.0356475,-0.889645,-0.45526],[-0.148719,0.445755,-0.882715]]],"btipPosition":[53.0387,256.111,32.8571],"carpPosition":[53.249,294.811,81.7804],"dipPosition":[50.2608,264.437,16.3695],"direction":[0.147232,-0.822854,0.548848],"extended":false,"handId":374,"id":3743,"length":64.4088,"mcpPosition":[45.534,323.793,26.8089],"pipPosition":[46.1835,287.225,1.16999],"stabilizedTipPosition":[50.3338,259.358,63.1706],"timeVisible":0.704576,"tipPosition":[52.3676,257.999,28.8402],"tipVelocity":[26.1848,-14.7701,-42.8254],"tool":false,"touchDistance":0.333333,"touchZone":"none","type":3,"width":18.0715},{"bases":[[[0.991178,-0.114106,-0.0674218],[0.132496,0.840584,0.525227],[-0.00325784,-0.529526,0.848287]],[[0.983609,-0.176892,0.034972],[0.13707,0.607492,-0.78241],[0.117157,0.774379,0.621781]],[[0.983609,-0.176892,0.034972],[-0.0598067,-0.503015,-0.862206],[0.170109,0.845981,-0.50535]],[[0.983609,-0.176892,0.034972],[-0.135015,-0.851065,-0.507405],[0.119519,0.494366,-0.860998]]],"btipPosition":[57.2742,269.992,31.5561],"carpPosition":[66.6123,291.73,77.9908],"dipPosition":[59.3337,278.51,16.7198],"direction":[-0.170109,-0.845981,0.50535],"extended":false,"handId":374,"id":3744,"length":50.4953,"mcpPosition":[66.8011,322.425,28.8177],"pipPosition":[62.6598,295.052,6.83876],"stabilizedTipPosition":[55.9954,273.539,64.1421],"timeVisible":0.704576,"tipPosition":[57.7834,272.274,28.0343],"tipVelocity":[20.0393,-15.3381,-51.3797],"tool":false,"touchDistance":0.333333,"touchZone":"none","type":4,"width":16.0525}],"r":[[0.975057,0.220799,-0.0226192],[-0.212427,0.957883,0.193225],[0.0643303,-0.1836,0.980894]],"s":0.788762,"t":[-117.446,105.508,-103.835],"timestamp":521179311889},false],[2,{"currentFrameRate":109.172,"devices":[],"gestures":[],"hands":[{"armBasis":[[0.856429,0.446604,-0.258988],[-0.205002,0.754599,0.623341],[0.473819,-0.480754,0.737815]],"armWidth":63.7005,"confidence":0.864597,"direction":[-0.271544,0.5444,-0.793658],"elbow":[182.705,150.331,283.911],"grabStrength":0,"id":374,"palmNormal":[0.212758,-0.770285,-0.601161],"palmPosition":[33.9208,303.626,40.0328],"palmVelocity":[0.0139215,-30.1215,-74.9339],"palmWidth":90.9622,"pinchStrength":0.51781,"r":[[0.974472,0.223642,-0.0197138],[-0.215964,0.957754,0.189912],[0.0613532,-0.180806,0.981603]],"s":0.789209,"sphereCenter":[41.1368,277.524,-1.88101],"sphereRadius":47.6506,"stabilizedPalmPosition":[34.4386,304.632,83.1882],"t":[-117.434,105.151,-104.488],"timeVisible":0.713658,"type":"right","wrist":[54.8135,280.095,84.7621]}],"id":4091844,"interactionBox":{"center":[0,200,0],"size":[235.247,235.247,147.751]},"pointables":[{"bases":[[[0.134413,0.928829,0.345267],[-0.744566,-0.135249,0.653704],[0.653877,-0.34494,0.673396]],[[-0.0934681,0.990736,0.0985194],[-0.755201,-0.135032,0.641434],[0.648795,-0.0144484,0.760826]],[[-0.0934681,0.990736,0.0985194],[-0.958474,-0.116317,0.26038],[0.269428,-0.070091,0.960467]],[[-0.0934681,0.990736,0.0985194],[-0.74322,-0.00358739,-0.669038],[-0.662486,-0.135755,0.73667]]],"btipPosition":[5.22954,266.737,-4.29342],"carpPosition":[31.2896,260.451,83.6467],"dipPosition":[-10.2703,263.561,12.942],"direction":[-0.269428,0.070091,-0.960467],"extended":false,"handId":374,"id":3740,"length":52.1005,"mcpPosition":[31.2896,260.451,83.6467],"pipPosition":[-1.08679,261.172,45.6797],"stabilizedTipPosition":[-3.92099,274.557,51.766],"timeVisible":0.713658,"tipPosition":[1.35518,267.021,-0.266666],"tipVelocity":[25.6382,-60.8111,-77.2157],"tool":false,"touchDistance":-0.414727,"touchZone":"touching","type":0,"width":20.2438},{"bases":[[[0.879697,0.41879,-0.225272],[-0.273491,0.833102,0.480775],[0.389018,-0.361327,0.847412]],[[0.922362,0.368935,-0.114612],[-0.353816,0.925833,0.132844],[0.155122,-0.0819786,0.984488]],[[0.922362,0.368935,-0.114612],[-0.372278,0.928082,-0.00849147],[0.103237,0.0504997,0.993374]],[[0.922362,0.368935,-0.114612],[-0.380771,0.918303,-0.108322],[0.0652847,0.143553,0.987487]]],"btipPosition":[-7.08922,310.433,-59.322],"carpPosition":[31.7939,284.009,86.1553],"dipPosition":[-5.97413,312.885,-42.4554],"direction":[-0.103237,-0.0504997,-0.993374],"extended":true,"handId":374,"id":3741,"length":58.7895,"mcpPosition":[3.18276,310.584,23.8306],"pipPosition":[-3.47963,314.105,-18.4524],"stabilizedTipPosition":[-18.4106,322.46,-7.26166],"timeVisible":0.713658,"tipPosition":[-7.35996,311.842,-55.2237],"tipVelocity":[39.2938,-76.9774,-95.3467],"tool":false,"touchDistance":-0.43627,"touchZone":"touching","type":1,"width":19.3369},{"bases":[[[0.957815,0.217922,-0.18735],[-0.112223,0.883774,0.454257],[0.264568,-0.414069,0.870948]],[[0.957881,0.217819,-0.187134],[-0.281583,0.584564,-0.760918],[-0.0563508,0.781562,0.621277]],[[0.957881,0.217819,-0.187134],[-0.0514339,-0.510985,-0.858049],[-0.282522,0.831534,-0.47826]],[[0.957881,0.217819,-0.187134],[0.0985596,-0.861442,-0.498201],[-0.269722,0.458773,-0.846627]]],"btipPosition":[39.1727,249.702,22.5497],"carpPosition":[41.8116,290.74,83.7313],"dipPosition":[34.1056,258.321,6.64475],"direction":[0.282522,-0.831534,0.47826],"extended":false,"handId":374,"id":3742,"length":66.986,"mcpPosition":[23.3589,319.62,22.9856],"pipPosition":[26.0742,281.959,-6.95108],"stabilizedTipPosition":[35.4608,253.118,56.8042],"timeVisible":0.713658,"tipPosition":[38.025,251.431,19.1727],"tipVelocity":[29.1105,-30.9135,-53.9945],"tool":false,"touchDistance":0.333333,"touchZone":"none","type":2,"width":18.9914},{"bases":[[[0.992025,0.0873662,-0.090848],[-0.0350135,0.883435,0.467243],[0.12108,-0.460336,0.879449]],[[0.988494,0.0994533,-0.113966],[-0.150345,0.563293,-0.812464],[-0.0166059,0.82025,0.571764]],[[0.988494,0.0994533,-0.113966],[-0.0386466,-0.562384,-0.825973],[-0.146238,0.820874,-0.55207]],[[0.988494,0.0994533,-0.113966],[0.0375838,-0.891314,-0.451825],[-0.146515,0.442344,-0.884797]]],"btipPosition":[53.1452,255.732,32.3413],"carpPosition":[53.1991,294.538,81.1363],"dipPosition":[50.4086,263.994,15.8148],"direction":[0.146238,-0.820874,0.55207],"extended":false,"handId":374,"id":3743,"length":64.4088,"mcpPosition":[45.617,323.365,26.0644],"pipPosition":[46.3587,286.727,0.526026],"stabilizedTipPosition":[50.3349,259.357,63.1524],"timeVisible":0.713658,"tipPosition":[52.4855,257.596,28.3135],"tipVelocity":[22.4754,-22.6718,-46.9647],"tool":false,"touchDistance":0.333333,"touchZone":"none","type":3,"width":18.0715},{"bases":[[[0.991429,-0.113678,-0.0643957],[0.130544,0.842106,0.523274],[-0.00525676,-0.527195,0.849728]],[[0.983807,-0.175402,0.0368382],[0.136689,0.601342,-0.787213],[0.115926,0.779501,0.61558]],[[0.983807,-0.175402,0.0368382],[-0.0592173,-0.512105,-0.856879],[0.169163,0.840822,-0.5142]],[[0.983807,-0.175402,0.0368382],[-0.133943,-0.856102,-0.499147],[0.119089,0.486131,-0.865734]]],"btipPosition":[57.4218,269.643,31.3473],"carpPosition":[66.5746,291.454,77.3917],"dipPosition":[59.4739,278.02,16.4294],"direction":[-0.169163,-0.840822,0.5142],"extended":false,"handId":374,"id":3744,"length":50.4953,"mcpPosition":[66.8794,322.015,28.1351],"pipPosition":[62.7816,294.461,6.37537],"stabilizedTipPosition":[55.9959,273.538,64.1321],"timeVisible":0.713658,"tipPosition":[57.9157,271.857,27.6894],"tipVelocity":[18.9404,-22.7052,-44.0943],"tool":false,"touchDistance":0.333333,"touchZone":"none","type":4,"width":16.0525}],"r":[[0.974472,0.223642,-0.0197138],[-0.215964,0.957754,0.189912],[0.0613532,-0.180806,0.981603]],"s":0.789209,"t":[-117.434,105.151,-104.488],"timestamp":521179320971},false],[3,{"currentFrameRate":109.263,"devices":[],"gestures":[],"hands":[{"armBasis":[[0.858172,0.445006,-0.255949],[-0.207382,0.756596,0.620125],[0.469609,-0.479095,0.741576]],"armWidth":63.7005,"confidence":0.868675,"direction":[-0.26971,0.542094,-0.795858],"elbow":[181.539,150.61,284.411],"grabStrength":0,"id":374,"palmNormal":[0.214867,-0.771769,-0.598502],"palmPosition":[33.9983,303.324,39.3969],"palmVelocity":[2.37341,-31.0637,-73.7838],"palmWidth":90.9622,"pinchStrength":0.51724,"r":[[0.973972,0.226032,-0.0169863],[-0.219004,0.957712,0.186617],[0.0584494,-0.17804,0.982286]],"s":0.789585,"sphereCenter":[41.363,277.121,-2.42133],"sphereRadius":47.6508,"stabilizedPalmPosition":[34.4386,304.632,83.1852],"t":[-117.389,104.821,-105.133],"timeVisible":0.722647,"type":"right","wrist":[54.7832,279.926,84.2462]}],"id":4091845,"interactionBox":{"center":[0,200,0],"size":[235.247,235.247,147.751]},"pointables":[{"bases":[[[0.132903,0.929838,0.343129],[-0.746264,-0.133949,0.652034],[0.652248,-0.342722,0.676102]],[[-0.0946568,0.990944,0.0952358],[-0.756488,-0.133786,0.640177],[0.647121,-0.0114477,0.762301]],[[-0.0946568,0.990944,0.0952358],[-0.959166,-0.116396,0.257784],[0.266534,-0.066946,0.961498]],[[-0.0946568,0.990944,0.0952358],[-0.742306,-0.00651257,-0.670029],[-0.663341,-0.134117,0.736201]]],"btipPosition":[5.41654,266.256,-4.91831],"carpPosition":[31.2745,260.265,83.1196],"dipPosition":[-10.1033,263.119,12.3062],"direction":[-0.266534,0.066946,-0.961498],"extended":false,"handId":374,"id":3740,"length":52.1005,"mcpPosition":[31.2745,260.265,83.1196],"pipPosition":[-1.01841,260.837,45.079],"stabilizedTipPosition":[-3.87835,274.49,51.3762],"timeVisible":0.722647,"tipPosition":[1.55795,266.531,-0.897329],"tipVelocity":[24.1715,-58.5388,-75.1809],"tool":false,"touchDistance":-0.410999,"touchZone":"touching","type":0,"width":20.2438},{"bases":[[[0.880053,0.418726,-0.224],[-0.27531,0.834223,0.477782],[0.386926,-0.358804,0.84944]],[[0.922618,0.368933,-0.112533],[-0.354743,0.926165,0.127964],[0.151435,-0.0781414,0.985374]],[[0.922618,0.368933,-0.112533],[-0.37254,0.927937,-0.0121342],[0.0999471,0.0531183,0.993574]],[[0.922618,0.368933,-0.112533],[-0.38064,0.918038,-0.110994],[0.0623606,0.14524,0.987429]]],"btipPosition":[-6.68389,309.812,-60.1022],"carpPosition":[31.7575,283.831,85.5662],"dipPosition":[-5.61875,312.292,-43.2365],"direction":[-0.0999471,-0.0531183,-0.993574],"extended":true,"handId":374,"id":3741,"length":58.7895,"mcpPosition":[3.30028,310.22,23.0923],"pipPosition":[-3.20373,313.576,-19.2288],"stabilizedTipPosition":[-18.258,322.306,-7.88561],"timeVisible":0.722647,"tipPosition":[-6.97064,311.207,-56.0099],"tipVelocity":[40.5337,-74.615,-93.0079],"tool":false,"touchDistance":-0.432682,"touchZone":"touching","type":1,"width":19.3369},{"bases":[[[0.958189,0.218009,-0.185324],[-0.114002,0.884924,0.451567],[0.262444,-0.41156,0.872778]],[[0.958167,0.218045,-0.1854],[-0.280179,0.582284,-0.763181],[-0.058452,0.783199,0.619017]],[[0.958167,0.218045,-0.1854],[-0.0485618,-0.514528,-0.856097],[-0.282061,0.829287,-0.482415]],[[0.958167,0.218045,-0.1854],[0.100977,-0.863655,-0.493865],[-0.267806,0.454484,-0.849543]]],"btipPosition":[39.3391,249.414,22.1239],"carpPosition":[41.7777,290.561,83.1513],"dipPosition":[34.308,257.952,6.16414],"direction":[0.282061,-0.829287,0.482415],"extended":false,"handId":374,"id":3742,"length":66.986,"mcpPosition":[23.4731,319.265,22.2779],"pipPosition":[26.2896,281.526,-7.54982],"stabilizedTipPosition":[35.4658,253.114,56.7349],"timeVisible":0.722647,"tipPosition":[38.1953,251.116,18.7062],"tipVelocity":[26.4548,-31.8046,-52.5623],"tool":false,"touchDistance":0.333333,"touchZone":"none","type":2,"width":18.9914},{"bases":[[[0.992216,0.0877346,-0.0883781],[-0.0368277,0.884668,0.464765],[0.118961,-0.457892,0.881012]],[[0.988747,0.0997374,-0.1115],[-0.148416,0.560472,-0.814766],[-0.0187701,0.822146,0.568968]],[[0.988747,0.0997374,-0.1115],[-0.0357026,-0.566469,-0.82331],[-0.145276,0.818025,-0.556533]],[[0.988747,0.0997374,-0.1115],[0.0397518,-0.893695,-0.44691],[-0.14422,0.437448,-0.887603]]],"btipPosition":[53.2758,255.486,31.9852],"carpPosition":[53.1699,294.359,80.5771],"dipPosition":[50.582,263.657,15.4062],"direction":[0.145276,-0.818025,0.556533],"extended":false,"handId":374,"id":3743,"length":64.4088,"mcpPosition":[45.7205,323.033,25.4073],"pipPosition":[46.5588,286.311,-0.00612727],"stabilizedTipPosition":[50.3368,259.355,63.1241],"timeVisible":0.722647,"tipPosition":[52.6264,257.31,27.9198],"tipVelocity":[20.5964,-24.6148,-45.3173],"tool":false,"touchDistance":0.333333,"touchZone":"none","type":3,"width":18.0715},{"bases":[[[0.99167,-0.113238,-0.0613861],[0.128602,0.843592,0.521358],[-0.00725275,-0.52491,0.851127]],[[0.98386,-0.174493,0.0396555],[0.138087,0.599407,-0.788443],[0.113808,0.781193,0.613828]],[[0.98386,-0.174493,0.0396555],[-0.056902,-0.515186,-0.855188],[0.169654,0.839128,-0.516799]],[[0.98386,-0.174493,0.0396555],[-0.132205,-0.858161,-0.496067],[0.120591,0.482817,-0.867378]]],"btipPosition":[57.5598,269.36,30.893],"carpPosition":[66.5575,291.274,76.8774],"dipPosition":[59.6377,277.68,15.9467],"direction":[-0.169654,-0.839128,0.516799],"extended":false,"handId":374,"id":3744,"length":50.4953,"mcpPosition":[66.9779,321.701,27.5397],"pipPosition":[62.955,294.087,5.84183],"stabilizedTipPosition":[55.997,273.537,64.1139],"timeVisible":0.722647,"tipPosition":[58.054,271.542,27.2258],"tipVelocity":[18.1356,-25.512,-46.0632],"tool":false,"touchDistance":0.333333,"touchZone":"none","type":4,"width":16.0525}],"r":[[0.973972,0.226032,-0.0169863],[-0.219004,0.957712,0.186617],[0.0584494,-0.17804,0.982286]],"s":0.789585,"t":[-117.389,104.821,-105.133],"timestamp":521179329960},false],[4,{"currentFrameRate":109.297,"devices":[],"gestures":[],"hands":[{"armBasis":[[0.856547,0.447179,-0.257602],[-0.208228,0.756197,0.620329],[0.472196,-0.4777,0.740833]],"armWidth":63.7005,"confidence":0.874498,"direction":[-0.267148,0.542213,-0.796641],"elbow":[182.237,150.801,283.787],"grabStrength":0,"id":374,"palmNormal":[0.215938,-0.771981,-0.597843],"palmPosition":[34.1369,303.15,38.9155],"palmVelocity":[5.93941,-27.7851,-68.017],"palmWidth":90.9622,"pinchStrength":0.51605,"r":[[0.973601,0.227807,-0.0142842],[-0.22139,0.957701,0.183836],[0.0555593,-0.175821,0.982853]],"s":0.789951,"sphereCenter":[41.581,276.937,-2.87968],"sphereRadius":47.652,"stabilizedPalmPosition":[34.4386,304.632,83.1807],"t":[-117.297,104.569,-105.696],"timeVisible":0.731737,"type":"right","wrist":[54.7826,279.741,83.8235]}],"id":4091846,"interactionBox":{"center":[0,200,0],"size":[235.247,235.247,147.751]},"pointables":[{"bases":[[[0.132641,0.929775,0.343403],[-0.748135,-0.133346,0.65001],[0.650155,-0.34313,0.677909]],[[-0.0944492,0.991025,0.0945969],[-0.757616,-0.133196,0.638966],[0.645831,-0.0113183,0.763396]],[[-0.0944492,0.991025,0.0945969],[-0.959862,-0.11586,0.255424],[0.264092,-0.0666753,0.96219]],[[-0.0944492,0.991025,0.0945969],[-0.741936,-0.0067143,-0.670437],[-0.663785,-0.133507,0.735912]]],"btipPosition":[5.56287,266.058,-5.47474],"carpPosition":[31.2628,260.097,82.6347],"dipPosition":[-9.96734,262.934,11.743],"direction":[-0.264092,0.0666753,-0.96219],"extended":false,"handId":374,"id":3740,"length":52.1005,"mcpPosition":[31.2628,260.097,82.6347],"pipPosition":[-0.965713,260.662,44.5394],"stabilizedTipPosition":[-3.83057,274.416,50.9457],"timeVisible":0.731737,"tipPosition":[1.74432,266.308,-1.46104],"tipVelocity":[21.863,-48.277,-71.3607],"tool":false,"touchDistance":-0.406602,"touchZone":"touching","type":0,"width":20.2438},{"bases":[[[0.880963,0.418067,-0.22164],[-0.276007,0.834468,0.476952],[0.38435,-0.359003,0.850525]],[[0.923296,0.368089,-0.109701],[-0.354384,0.926541,0.12623],[0.148106,-0.0776709,0.985917]],[[0.923296,0.368089,-0.109701],[-0.371639,0.928284,-0.0131442],[0.0969957,0.0529052,0.993878]],[[0.923296,0.368089,-0.109701],[-0.379415,0.918489,-0.111453],[0.0597349,0.144526,0.987696]]],"btipPosition":[-6.23661,309.655,-60.703],"carpPosition":[31.7563,283.662,85.0803],"dipPosition":[-5.21632,312.123,-43.8328],"direction":[-0.0969957,-0.0529052,-0.993878],"extended":true,"handId":374,"id":3741,"length":58.7895,"mcpPosition":[3.48845,310.066,22.5267],"pipPosition":[-2.87261,313.402,-19.8177],"stabilizedTipPosition":[-18.0788,322.13,-8.60121],"timeVisible":0.731737,"tipPosition":[-6.53206,311.028,-56.6136],"tipVelocity":[42.6208,-58.8202,-85.5247],"tool":false,"touchDistance":-0.426744,"touchZone":"touching","type":1,"width":19.3369},{"bases":[[[0.958848,0.217298,-0.182733],[-0.114591,0.88505,0.451172],[0.259767,-0.411666,0.873529]],[[0.958792,0.217387,-0.182922],[-0.277802,0.582439,-0.763931],[-0.0595276,0.783268,0.618828]],[[0.958792,0.217387,-0.182922],[-0.0466199,-0.514737,-0.85608],[-0.280257,0.82933,-0.483392]],[[0.958792,0.217387,-0.182922],[0.101773,-0.863917,-0.493243],[-0.265254,0.454301,-0.850441]]],"btipPosition":[39.4885,249.244,21.6661],"carpPosition":[41.7878,290.384,82.6922],"dipPosition":[34.5054,257.778,5.6895],"direction":[0.280257,-0.82933,0.483392],"extended":false,"handId":374,"id":3742,"length":66.986,"mcpPosition":[23.67,319.097,21.7664],"pipPosition":[26.5383,281.354,-8.05222],"stabilizedTipPosition":[35.4723,253.11,56.6465],"timeVisible":0.731737,"tipPosition":[38.3537,250.946,18.2394],"tipVelocity":[24.0182,-28.1955,-52.0706],"tool":false,"touchDistance":0.333333,"touchZone":"none","type":2,"width":18.9914},{"bases":[[[0.992516,0.0870079,-0.0856823],[-0.0374532,0.884739,0.46458],[0.116229,-0.457894,0.881376]],[[0.989123,0.0989968,-0.108787],[-0.145781,0.56142,-0.814589],[-0.0195662,0.821588,0.569746]],[[0.989123,0.0989968,-0.108787],[-0.0338776,-0.56639,-0.823441],[-0.143134,0.81817,-0.556876]],[[0.989123,0.0989968,-0.108787],[0.0404068,-0.89403,-0.44618],[-0.14143,0.436932,-0.888306]]],"btipPosition":[53.3909,255.332,31.5218],"carpPosition":[53.1898,294.174,80.1486],"dipPosition":[50.7493,263.493,14.9297],"direction":[0.143134,-0.81817,0.556876],"extended":false,"handId":374,"id":3743,"length":64.4088,"mcpPosition":[45.9114,322.848,24.9561],"pipPosition":[46.7854,286.151,-0.492138],"stabilizedTipPosition":[50.3393,259.353,63.0879],"timeVisible":0.731737,"tipPosition":[52.7584,257.143,27.477],"tipVelocity":[18.7645,-22.5578,-46.9767],"tool":false,"touchDistance":0.333333,"touchZone":"none","type":3,"width":18.0715},{"bases":[[[0.991751,-0.113962,-0.0586732],[0.127792,0.843548,0.521628],[-0.00995197,-0.524823,0.851153]],[[0.983674,-0.174992,0.0420003],[0.140251,0.599207,-0.788214],[0.112764,0.781236,0.613967]],[[0.983674,-0.174992,0.0420003],[-0.0554371,-0.516688,-0.854377],[0.17121,0.8381,-0.517953]],[[0.983674,-0.174992,0.0420003],[-0.131759,-0.859275,-0.494253],[0.12258,0.480649,-0.868303]]],"btipPosition":[57.7161,269.217,30.5334],"carpPosition":[66.5851,291.079,76.4857],"dipPosition":[59.8284,277.499,15.5712],"direction":[-0.17121,-0.8381,0.517953],"extended":false,"handId":374,"id":3744,"length":50.4953,"mcpPosition":[67.162,321.502,27.1465],"pipPosition":[63.176,293.886,5.44371],"stabilizedTipPosition":[55.9986,273.535,64.0861],"timeVisible":0.731737,"tipPosition":[58.2123,271.364,26.8515],"tipVelocity":[18.1164,-23.0894,-44.3748],"tool":false,"touchDistance":0.333333,"touchZone":"none","type":4,"width":16.0525}],"r":[[0.973601,0.227807,-0.0142842],[-0.22139,0.957701,0.183836],[0.0555593,-0.175821,0.982853]],"s":0.789951,"t":[-117.297,104.569,-105.696],"timestamp":521179339050},false],[5,{"currentFrameRate":109.381,"devices":[],"gestures":[],"hands":[{"armBasis":[[0.855163,0.449068,-0.258909],[-0.207801,0.754581,0.622436],[0.474884,-0.478483,0.738607]],"armWidth":63.7005,"confidence":0.876163,"direction":[-0.264752,0.540749,-0.798434],"elbow":[182.905,150.524,282.608],"grabStrength":0,"id":374,"palmNormal":[0.216906,-0.773368,-0.595696],"palmPosition":[34.2094,303.005,38.2362],"palmVelocity":[6.52266,-24.5639,-70.0809],"palmWidth":90.9622,"pinchStrength":0.515538,"r":[[0.973335,0.22909,-0.0117284],[-0.223249,0.957791,0.181097],[0.0527208,-0.173649,0.983395]],"s":0.790096,"sphereCenter":[41.7542,276.706,-3.491],"sphereRadius":47.6449,"stabilizedPalmPosition":[34.4385,304.632,83.1754],"t":[-117.215,104.371,-106.317],"timeVisible":0.740729,"type":"right","wrist":[54.7251,279.675,83.2447]}],"id":4091847,"interactionBox":{"center":[0,200,0],"size":[235.247,235.247,147.751]},"pointables":[{"bases":[[[0.132426,0.930391,0.341813],[-0.749869,-0.131478,0.648391],[0.648198,-0.342179,0.68026]],[[-0.0942831,0.991288,0.0919702],[-0.759056,-0.131354,0.637637],[0.644163,-0.00969209,0.764827]],[[-0.0942831,0.991288,0.0919702],[-0.960521,-0.114866,0.253386],[0.261743,-0.0644493,0.962983]],[[-0.0942831,0.991288,0.0919702],[-0.740887,-0.00815895,-0.67158],[-0.664979,-0.131458,0.735202]]],"btipPosition":[5.68589,265.801,-6.15425],"carpPosition":[31.1945,260.045,82.037],"dipPosition":[-9.87224,262.726,11.0469],"direction":[-0.261743,0.0644493,-0.962983],"extended":false,"handId":374,"id":3740,"length":52.1005,"mcpPosition":[31.1945,260.045,82.037],"pipPosition":[-0.95069,260.529,43.8703],"stabilizedTipPosition":[-3.78319,274.341,50.5217],"timeVisible":0.740729,"tipPosition":[1.88191,266.046,-2.14807],"tipVelocity":[19.4223,-42.5239,-72.6317],"tool":false,"touchDistance":-0.404525,"touchZone":"touching","type":0,"width":20.2438},{"bases":[[[0.881814,0.416992,-0.220276],[-0.276625,0.835646,0.474525],[0.381946,-0.357509,0.852235]],[[0.923937,0.367049,-0.10777],[-0.354003,0.927149,0.122786],[0.144987,-0.0752958,0.986564]],[[0.923937,0.367049,-0.10777],[-0.370762,0.92859,-0.0159818],[0.0942081,0.0547232,0.994047]],[[0.923937,0.367049,-0.10777],[-0.378238,0.918686,-0.113805],[0.0572348,0.145911,0.987641]]],"btipPosition":[-5.87368,309.328,-61.505],"carpPosition":[31.6984,283.615,84.4351],"dipPosition":[-4.89609,311.82,-44.6357],"direction":[-0.0942081,-0.0547232,-0.994047],"extended":true,"handId":374,"id":3741,"length":58.7895,"mcpPosition":[3.60737,309.909,21.7557],"pipPosition":[-2.61974,313.143,-20.6165],"stabilizedTipPosition":[-17.889,321.943,-9.34973],"timeVisible":0.740729,"tipPosition":[-6.17789,310.688,-57.4212],"tipVelocity":[41.7012,-52.4762,-86.5357],"tool":false,"touchDistance":-0.424436,"touchZone":"touching","type":1,"width":19.3369},{"bases":[[[0.95946,0.21625,-0.180757],[-0.115109,0.886062,0.449049],[0.257268,-0.410038,0.875033]],[[0.959344,0.216434,-0.18115],[-0.27568,0.580999,-0.765794],[-0.0604958,0.784599,0.617045]],[[0.959344,0.216434,-0.18115],[-0.0447607,-0.517038,-0.854791],[-0.278667,0.828147,-0.48633]],[[0.959344,0.216434,-0.18115],[0.102647,-0.865434,-0.490396],[-0.262912,0.451864,-0.852465]]],"btipPosition":[39.5731,249.087,21.135],"carpPosition":[41.7407,290.325,82.0584],"dipPosition":[34.634,257.575,5.12033],"direction":[0.278667,-0.828147,0.48633],"extended":false,"handId":374,"id":3742,"length":66.986,"mcpPosition":[23.7971,318.924,21.0278],"pipPosition":[26.7121,281.118,-8.70491],"stabilizedTipPosition":[35.4795,253.105,56.5522],"timeVisible":0.740729,"tipPosition":[38.4451,250.776,17.6855],"tipVelocity":[20.3179,-25.5796,-54.2575],"tool":false,"touchDistance":0.333333,"touchZone":"none","type":2,"width":18.9914},{"bases":[[[0.99279,0.0861377,-0.0833516],[-0.0380055,0.885725,0.462652],[0.113678,-0.456149,0.882613]],[[0.98948,0.0980295,-0.10639],[-0.143281,0.562509,-0.814281],[-0.0199784,0.820959,0.570637]],[[0.98948,0.0980295,-0.10639],[-0.0324159,-0.566473,-0.823443],[-0.140989,0.818229,-0.557336]],[[0.98948,0.0980295,-0.10639],[0.0408519,-0.894818,-0.444558],[-0.138779,0.435535,-0.88941]]],"btipPosition":[53.422,255.203,30.8252],"carpPosition":[53.1517,294.102,79.5359],"dipPosition":[50.8299,263.338,14.2125],"direction":[0.140989,-0.818229,0.557336],"extended":false,"handId":374,"id":3743,"length":64.4088,"mcpPosition":[46.0331,322.666,24.266],"pipPosition":[46.9254,285.998,-1.2221],"stabilizedTipPosition":[50.3418,259.351,63.0525],"timeVisible":0.740729,"tipPosition":[52.8127,256.996,26.8515],"tipVelocity":[14.9125,-20.4854,-55.4883],"tool":false,"touchDistance":0.333333,"touchZone":"none","type":3,"width":18.0715},{"bases":[[[0.991816,-0.114775,-0.0559287],[0.127066,0.844537,0.520203],[-0.0124724,-0.523052,0.852209]],[[0.98346,-0.175515,0.0447227],[0.142555,0.59776,-0.788898],[0.11173,0.782226,0.612894]],[[0.98346,-0.175515,0.0447227],[-0.0537536,-0.518627,-0.853309],[0.172963,0.836792,-0.519483]],[[0.98346,-0.175515,0.0447227],[-0.131184,-0.860496,-0.492278],[0.124886,0.478269,-0.869288]]],"btipPosition":[57.7937,269.056,29.9845],"carpPosition":[66.5541,290.99,75.9133],"dipPosition":[59.9457,277.298,15.0054],"direction":[-0.172963,-0.836792,0.519483],"extended":false,"handId":374,"id":3744,"length":50.4953,"mcpPosition":[67.2771,321.31,26.5128],"pipPosition":[63.3276,293.659,4.848],"stabilizedTipPosition":[56.0006,273.533,64.0537],"timeVisible":0.740729,"tipPosition":[58.2969,271.184,26.3031],"tipVelocity":[15.7921,-21.9288,-49.0647],"tool":false,"touchDistance":0.333333,"touchZone":"none","type":4,"width":16.0525}],"r":[[0.973335,0.22909,-0.0117284],[-0.223249,0.957791,0.181097],[0.0527208,-0.173649,0.983395]],"s":0.790096,"t":[-117.215,104.371,-106.317],"timestamp":521179348042},false],[6,{"currentFrameRate":109.297,"devices":[],"gestures":[],"hands":[{"armBasis":[[0.860296,0.441413,-0.255038],[-0.203987,0.756543,0.621314],[0.467204,-0.48249,0.740894]],"armWidth":63.7005,"confidence":0.88155,"direction":[-0.258816,0.541489,-0.799877],"elbow":[180.539,149.481,282.336],"grabStrength":0,"id":374,"palmNormal":[0.213048,-0.775698,-0.594057],"palmPosition":[34.2014,303.125,37.2611],"palmVelocity":[4.43871,-13.9964,-79.8993],"palmWidth":90.9622,"pinchStrength":0.514655,"r":[[0.973442,0.228749,-0.00922894],[-0.22348,0.958221,0.178519],[0.0496794,-0.171716,0.983893]],"s":0.790087,"sphereCenter":[41.6872,276.718,-4.41479],"sphereRadius":47.6377,"stabilizedPalmPosition":[34.4385,304.632,83.1711],"t":[-117.178,104.332,-107.115],"timeVisible":0.750028,"type":"right","wrist":[54.4326,279.714,82.356]}],"id":4091848,"interactionBox":{"center":[0,200,0],"size":[235.247,235.247,147.751]},"pointables":[{"bases":[[[0.138054,0.92991,0.340894],[-0.752499,-0.125307,0.646563],[0.643962,-0.345783,0.682457]],[[-0.0875142,0.992052,0.0904111],[-0.761265,-0.12514,0.636251],[0.642508,-0.0131459,0.766166]],[[-0.0875142,0.992052,0.0904111],[-0.961933,-0.107746,0.25115],[0.258895,-0.0649901,0.963716]],[[-0.0875142,0.992052,0.0904111],[-0.7399,-0.00396327,-0.672705],[-0.667,-0.125766,0.734366]]],"btipPosition":[5.4862,266.062,-7.1512],"carpPosition":[30.7679,260.248,81.1123],"dipPosition":[-10.1192,263.119,10.0304],"direction":[-0.258895,0.0649901,-0.963716],"extended":false,"handId":374,"id":3740,"length":52.1005,"mcpPosition":[30.7679,260.248,81.1123],"pipPosition":[-1.29473,260.904,42.8788],"stabilizedTipPosition":[-3.74872,274.287,50.1957],"timeVisible":0.750028,"tipPosition":[1.70187,266.309,-3.1556],"tipVelocity":[7.54784,-21.6898,-82.5289],"tool":false,"touchDistance":-0.407428,"touchZone":"touching","type":0,"width":20.2438},{"bases":[[[0.885308,0.410479,-0.218488],[-0.272005,0.838226,0.472642],[0.377152,-0.359004,0.85374]],[[0.926907,0.360196,-0.105371],[-0.34776,0.929914,0.119674],[0.141092,-0.0742824,0.987206]],[[0.926907,0.360196,-0.105371],[-0.363969,0.931229,-0.0184104],[0.0914934,0.0554166,0.994263]],[[0.926907,0.360196,-0.105371],[-0.371179,0.921326,-0.115688],[0.0554108,0.146344,0.987681]]],"btipPosition":[-5.52434,309.572,-62.6047],"carpPosition":[31.4311,283.817,83.4796],"dipPosition":[-4.5779,312.072,-45.7347],"direction":[-0.0914934,-0.0554166,-0.994263],"extended":true,"handId":374,"id":3741,"length":58.7895,"mcpPosition":[3.69266,310.221,20.6894],"pipPosition":[-2.36715,313.411,-21.7104],"stabilizedTipPosition":[-17.716,321.781,-10.0287],"timeVisible":0.750028,"tipPosition":[-5.83142,310.921,-58.526],"tipVelocity":[40.3168,-30.2021,-95.4859],"tool":false,"touchDistance":-0.426819,"touchZone":"touching","type":1,"width":19.3369},{"bases":[[[0.961435,0.209251,-0.178487],[-0.110071,0.88747,0.447528],[0.252048,-0.410623,0.876277]],[[0.961247,0.209555,-0.179137],[-0.269832,0.581939,-0.767162],[-0.0565161,0.785769,0.615932]],[[0.961247,0.209555,-0.179137],[-0.046031,-0.518664,-0.853738],[-0.271817,0.8289,-0.488918]],[[0.961247,0.209555,-0.179137],[0.0982178,-0.867457,-0.48772],[-0.257598,0.451226,-0.854423]]],"btipPosition":[39.2368,249.189,20.2743],"carpPosition":[41.5266,290.453,81.1206],"dipPosition":[34.3975,257.666,4.22289],"direction":[0.271817,-0.8289,0.488918],"extended":false,"handId":374,"id":3742,"length":66.986,"mcpPosition":[23.9471,319.093,20.0032],"pipPosition":[26.6704,281.23,-9.67594],"stabilizedTipPosition":[35.4843,253.102,56.4789],"timeVisible":0.750028,"tipPosition":[38.1272,250.871,16.8003],"tipVelocity":[5.07162,-15.3202,-65.3246],"tool":false,"touchDistance":0.333333,"touchZone":"none","type":2,"width":18.9914},{"bases":[[[0.99359,0.079043,-0.0808157],[-0.0330085,0.88661,0.461338],[0.108118,-0.455714,0.883536]],[[0.990433,0.0908991,-0.103827],[-0.137141,0.564755,-0.813784],[-0.0153353,0.820237,0.571818]],[[0.990433,0.0908991,-0.103827],[-0.0344035,-0.565986,-0.823697],[-0.133638,0.819388,-0.557444]],[[0.990433,0.0908991,-0.103827],[0.0357073,-0.895586,-0.443453],[-0.133296,0.435503,-0.890264]]],"btipPosition":[53.0758,255.22,29.821],"carpPosition":[52.9706,294.146,78.6234],"dipPosition":[50.586,263.355,13.1924],"direction":[0.133638,-0.819388,0.557444],"extended":false,"handId":374,"id":3743,"length":64.4088,"mcpPosition":[46.2002,322.683,23.2956],"pipPosition":[46.8851,286.047,-2.24519],"stabilizedTipPosition":[50.3433,259.349,63.0253],"timeVisible":0.750028,"tipPosition":[52.4986,257.002,25.9077],"tipVelocity":[0.907117,-14.1753,-70.4179],"tool":false,"touchDistance":0.333333,"touchZone":"none","type":3,"width":18.0715},{"bases":[[[0.99113,-0.12182,-0.053121],[0.131615,0.844343,0.519386],[-0.0184191,-0.521771,0.852887]],[[0.982091,-0.182318,0.0475188],[0.14879,0.595779,-0.789246],[0.115583,0.782181,0.612236]],[[0.982091,-0.182318,0.0475188],[-0.0552342,-0.519733,-0.852541],[0.180131,0.834648,-0.520496]],[[0.982091,-0.182318,0.0475188],[-0.136001,-0.86054,-0.490891],[0.13039,0.475637,-0.869924]]],"btipPosition":[57.5735,269.016,29.1268],"carpPosition":[66.3604,290.935,75.0408],"dipPosition":[59.8203,277.212,14.1367],"direction":[-0.180131,-0.834648,0.520496],"extended":false,"handId":374,"id":3744,"length":50.4953,"mcpPosition":[67.4281,321.18,25.6011],"pipPosition":[63.3424,293.532,3.95954],"stabilizedTipPosition":[56.0021,273.531,64.026],"timeVisible":0.750028,"tipPosition":[58.0988,271.122,25.4443],"tipVelocity":[5.31284,-17.2862,-61.3279],"tool":false,"touchDistance":0.333333,"touchZone":"none","type":4,"width":16.0525}],"r":[[0.973442,0.228749,-0.00922894],[-0.22348,0.95