{"sensorType":"Leap","data":[[0,{"currentFrameRate":107.384,"devices":[],"gestures":[],"hands":[{"armBasis":[[0.786959,0.53998,-0.298524],[-0.368869,0.799586,0.473918],[0.494601,-0.262838,0.828424]],"armWidth":63.7005,"confidence":0.704409,"direction":[-0.236302,0.37076,-0.898164],"elbow":[179.618,243.894,318.396],"grabStrength":0,"id":445,"palmNormal":[0.379138,-0.815893,-0.436548],"palmPosition":[28.1798,327.948,44.8165],"palmVelocity":[-17.5241,29.8074,-147.125],"palmWidth":90.9622,"pinchStrength":0.647342,"r":[[0.997915,-0.0463865,0.0448871],[0.0509496,0.993004,-0.106521],[-0.0396319,0.108586,0.993297]],"s":0.864013,"sphereCenter":[37.5691,298.44,8.16294],"sphereRadius":47.8606,"stabilizedPalmPosition":[32.1593,296.592,145.598],"t":[-11.3876,65.1902,-142.961],"timeVisible":0.596488,"type":"right","wrist":[46.1165,314.838,94.7898]}],"id":4126752,"interactionBox":{"center":[0,200,0],"size":[235.247,235.247,147.751]},"pointables":[{"bases":[[[-0.0252124,0.980641,0.194183],[-0.797352,-0.136891,0.587784],[0.602987,-0.140013,0.785368]],[[-0.23859,0.966096,-0.0986598],[-0.726315,-0.110084,0.678489],[0.644625,0.233539,0.727955]],[[-0.23859,0.966096,-0.0986598],[-0.959235,-0.218605,0.179108],[0.151468,0.137371,0.97887]],[[-0.23859,0.966096,-0.0986598],[-0.566795,-0.221027,-0.793656],[-0.788554,-0.133438,0.600313]]],"btipPosition":[6.63936,278.902,10.9007],"carpPosition":[25.5211,292.116,94.6376],"dipPosition":[-11.81,275.78,24.9459],"direction":[-0.151468,-0.137371,-0.97887],"extended":false,"handId":445,"id":4450,"length":52.1005,"mcpPosition":[25.5211,292.116,94.6376],"pipPosition":[-6.6472,280.462,58.3109],"stabilizedTipPosition":[-2.63537,259.582,102.408],"timeVisible":0.596488,"tipPosition":[2.26796,278.299,13.7593],"tipVelocity":[-15.026,31.366,-150.466],"tool":false,"touchDistance":-0.461822,"touchZone":"touching","type":0,"width":20.2438},{"bases":[[[0.842283,0.499637,-0.20229],[-0.431781,0.850033,0.301676],[0.322682,-0.166752,0.931703]],[[0.890951,0.454079,-0.00426145],[-0.449963,0.884063,0.126357],[0.0611432,-0.11066,0.991976]],[[0.890951,0.454079,-0.00426145],[-0.45402,0.890932,0.0103075],[0.00847706,-0.00724867,0.999938]],[[0.890951,0.454079,-0.00426145],[-0.453012,0.888131,-0.0774815],[-0.031398,0.0709627,0.996985]]],"btipPosition":[-3.23118,331.588,-59.1771],"carpPosition":[22.7957,315.608,93.142],"dipPosition":[-3.76747,332.8,-42.1483],"direction":[-0.00847706,0.00724867,-0.999938],"extended":true,"handId":445,"id":4451,"length":58.7895,"mcpPosition":[-0.936579,327.872,24.6179],"pipPosition":[-3.56264,332.625,-17.9867],"stabilizedTipPosition":[-11.2049,312.059,61.5538],"timeVisible":0.596488,"tipPosition":[-4.05656,332.166,-55.1556],"tipVelocity":[-4.28966,31.6988,-150.135],"tool":false,"touchDistance":-0.480212,"touchZone":"touching","type":1,"width":19.3369},{"bases":[[[0.939319,0.320235,-0.122998],[-0.275978,0.918398,0.283516],[0.203753,-0.232367,0.951047]],[[0.936639,0.323178,-0.13514],[-0.304591,0.560849,-0.769852],[-0.173007,0.762236,0.62375]],[[0.936639,0.323178,-0.13514],[0.121119,-0.660777,-0.740746],[-0.32869,0.677444,-0.658052]],[[0.936639,0.323178,-0.13514],[0.303355,-0.941248,-0.148415],[-0.175165,0.0980161,-0.979648]]],"btipPosition":[38.8874,281.615,31.366],"carpPosition":[32.1275,323.237,90.6434],"dipPosition":[35.5967,283.457,12.9621],"direction":[0.32869,-0.677444,0.658052],"extended":false,"handId":445,"id":4452,"length":66.986,"mcpPosition":[17.9164,339.444,24.311],"pipPosition":[26.2528,302.715,-5.74484],"stabilizedTipPosition":[40.4641,246.165,120.725],"timeVisible":0.596488,"tipPosition":[38.3162,281.251,26.6396],"tipVelocity":[-11.0811,51.8832,-142.244],"tool":false,"touchDistance":0.333333,"touchZone":"none","type":2,"width":18.9914},{"bases":[[[0.977179,0.2124,-0.00272323],[-0.201527,0.931055,0.304176],[0.0671425,-0.296686,0.952612]],[[0.974427,0.222086,-0.034194],[-0.153473,0.546636,-0.823186],[-0.164126,0.807383,0.566741]],[[0.974427,0.222086,-0.034194],[0.140712,-0.721737,-0.677714],[-0.17519,0.655571,-0.73453]],[[0.974427,0.222086,-0.034194],[0.219007,-0.972712,-0.0765948],[-0.0502716,0.0671474,-0.996476]]],"btipPosition":[52.1084,291.275,42.6022],"carpPosition":[43.1915,328.168,88.6154],"dipPosition":[51.1694,292.529,23.9897],"direction":[0.17519,-0.655571,0.73453],"extended":false,"handId":445,"id":4453,"length":64.4088,"mcpPosition":[38.9869,346.747,28.962],"pipPosition":[46.3178,310.684,3.64799],"stabilizedTipPosition":[53.5572,256.471,126.433],"timeVisible":0.596488,"tipPosition":[52.034,290.771,37.7152],"tipVelocity":[-13.1567,55.3853,-135.755],"tool":false,"touchDistance":0.333333,"touchZone":"none","type":3,"width":18.0715},{"bases":[[[0.998158,0.0198579,0.0573285],[-0.0403577,0.922863,0.383008],[-0.0453006,-0.384616,0.921964]],[[0.998682,0.0494211,-0.0138494],[-0.0414889,0.618495,-0.784693],[-0.0302146,0.784233,0.61973]],[[0.998682,0.0494211,-0.0138494],[0.0242106,-0.691545,-0.721928],[-0.0452559,0.720641,-0.69183]],[[0.998682,0.0494211,-0.0138494],[0.0469513,-0.988689,-0.142441],[-0.0207323,0.141603,-0.989706]]],"btipPosition":[62.1417,304.519,42.0646],"carpPosition":[57.2055,326.475,86.8337],"dipPosition":[61.7844,306.959,25.0105],"direction":[0.0452559,-0.720641,0.69183],"extended":false,"handId":445,"id":4454,"length":50.4953,"mcpPosition":[59.8315,348.771,33.3897],"pipPosition":[60.8995,321.049,11.4832],"stabilizedTipPosition":[65.5967,264.786,137.704],"timeVisible":0.596488,"tipPosition":[62.0423,304.429,37.9445],"tipVelocity":[-11.4047,51.7313,-153.645],"tool":false,"touchDistance":0.333333,"touchZone":"none","type":4,"width":16.0525}],"r":[[0.997915,-0.0463865,0.0448871],[0.0509496,0.993004,-0.106521],[-0.0396319,0.108586,0.993297]],"s":0.864013,"t":[-11.3876,65.1902,-142.961],"timestamp":521634071396},false],[1,{"currentFrameRate":107.39,"devices":[],"gestures":[],"hands":[{"armBasis":[[0.787789,0.538608,-0.298815],[-0.366028,0.799548,0.476179],[0.49539,-0.265754,0.827021]],"armWidth":63.7005,"confidence":0.726886,"direction":[-0.235694,0.372727,-0.897509],"elbow":[179.886,243.34,317.302],"grabStrength":0,"id":445,"palmNormal":[0.376535,-0.816368,-0.437911],"palmPosition":[28.247,328.305,44.13],"palmVelocity":[-10.5381,32.2121,-126.421],"palmWidth":90.9622,"pinchStrength":0.647713,"r":[[0.997934,-0.0454734,0.0453751],[0.0500707,0.993111,-0.105941],[-0.040245,0.107994,0.993337]],"s":0.863991,"sphereCenter":[37.5436,298.824,7.42779],"sphereRadius":47.8517,"stabilizedPalmPosition":[32.1593,296.592,145.597],"t":[-11.4159,65.5792,-144.015],"timeVisible":0.60579,"type":"right","wrist":[46.1717,315.071,94.0751]}],"id":4126753,"interactionBox":{"center":[0,200,0],"size":[235.247,235.247,147.751]},"pointables":[{"bases":[[[-0.0222591,0.980432,0.195594],[-0.797438,-0.135411,0.58801],[0.60299,-0.142885,0.784848]],[[-0.235795,0.966939,-0.0971036],[-0.726012,-0.108854,0.679012],[0.645993,0.230606,0.727677]],[[-0.235795,0.966939,-0.0971036],[-0.959787,-0.21605,0.179252],[0.152346,0.135465,0.978999]],[[-0.235795,0.966939,-0.0971036],[-0.567853,-0.21818,-0.793688],[-0.788634,-0.132007,0.600526]]],"btipPosition":[6.53212,279.373,10.1691],"carpPosition":[25.5102,292.409,93.9014],"dipPosition":[-11.9191,276.284,24.2192],"direction":[-0.152346,-0.135465,-0.978999],"extended":false,"handId":445,"id":4450,"length":52.1005,"mcpPosition":[25.5102,292.409,93.9014],"pipPosition":[-6.72637,280.902,57.5886],"stabilizedTipPosition":[-2.63532,259.582,102.407],"timeVisible":0.60579,"tipPosition":[2.16866,278.775,13.0316],"tipVelocity":[-14.0514,37.044,-130.156],"tool":false,"touchDistance":-0.454931,"touchZone":"touching","type":0,"width":20.2438},{"bases":[[[0.843626,0.497475,-0.202023],[-0.42915,0.850853,0.303116],[0.322684,-0.169018,0.931293]],[[0.89237,0.451291,-0.00337149],[-0.44725,0.88533,0.127117],[0.0603516,-0.111928,0.991882]],[[0.89237,0.451291,-0.00337149],[-0.451227,0.892332,0.0117422],[0.00830762,-0.00895705,0.999925]],[[0.89237,0.451291,-0.00337149],[-0.450232,0.889712,-0.0755244],[-0.0310838,0.0689137,0.997138]]],"btipPosition":[-3.14201,332.189,-59.8466],"carpPosition":[22.8524,315.911,92.4407],"dipPosition":[-3.67293,333.366,-42.8151],"direction":[-0.00830762,0.00895705,-0.999925],"extended":true,"handId":445,"id":4451,"length":58.7895,"mcpPosition":[-0.880136,328.342,23.9468],"pipPosition":[-3.4722,333.149,-18.6539],"stabilizedTipPosition":[-11.2047,312.059,61.5517],"timeVisible":0.60579,"tipPosition":[-3.96434,332.748,-55.8253],"tipVelocity":[-0.334343,40.7368,-128.045],"tool":false,"touchDistance":-0.470557,"touchZone":"touching","type":1,"width":19.3369},{"bases":[[[0.940182,0.317679,-0.123038],[-0.273158,0.918791,0.28497],[0.203576,-0.234315,0.950607]],[[0.937515,0.320634,-0.135123],[-0.303514,0.563728,-0.768173],[-0.17013,0.761186,0.625821]],[[0.937515,0.320634,-0.135123],[0.119586,-0.66162,-0.740242],[-0.326747,0.677829,-0.658622]],[[0.937515,0.320634,-0.135123],[0.301307,-0.94235,-0.145567],[-0.174007,0.0957579,-0.980077]]],"btipPosition":[38.7617,282.113,30.6259],"carpPosition":[32.205,323.517,89.9481],"dipPosition":[35.4927,283.912,12.2139],"direction":[0.326747,-0.677829,0.658622],"extended":false,"handId":445,"id":4452,"length":66.986,"mcpPosition":[18.0062,339.859,23.6464],"pipPosition":[26.2041,303.181,-6.50921],"stabilizedTipPosition":[40.4638,246.17,120.713],"timeVisible":0.60579,"tipPosition":[38.1994,281.733,25.9172],"tipVelocity":[-11.6171,52.0416,-124.602],"tool":false,"touchDistance":0.333333,"touchZone":"none","type":2,"width":18.9914},{"bases":[[[0.977791,0.209562,-0.00293757],[-0.198659,0.931202,0.30561],[0.0667798,-0.298239,0.952152]],[[0.975055,0.219288,-0.0343481],[-0.152398,0.548896,-0.821881],[-0.161375,0.806614,0.568623]],[[0.975055,0.219288,-0.0343481],[0.138803,-0.723161,-0.676589],[-0.173207,0.654944,-0.73556]],[[0.975055,0.219288,-0.0343481],[0.216383,-0.973576,-0.0729924],[-0.0494469,0.0637393,-0.996741]]],"btipPosition":[52.0286,291.738,41.8862],"carpPosition":[43.2822,328.418,87.9213],"dipPosition":[51.105,292.928,23.2688],"direction":[0.173207,-0.654944,0.73556],"extended":false,"handId":445,"id":4453,"length":64.4088,"mcpPosition":[39.1004,347.094,28.2967],"pipPosition":[46.3083,311.066,2.89859],"stabilizedTipPosition":[53.5567,256.48,126.412],"timeVisible":0.60579,"tipPosition":[51.9596,291.21,37.0181],"tipVelocity":[-11.7568,53.3557,-119.191],"tool":false,"touchDistance":0.333333,"touchZone":"none","type":3,"width":18.0715},{"bases":[[[0.998241,0.0168745,0.0568285],[-0.0374732,0.922429,0.384344],[-0.0459346,-0.385798,0.921439]],[[0.998795,0.0467662,-0.0148576],[-0.0408268,0.624035,-0.780329],[-0.0272213,0.779996,0.625193]],[[0.998795,0.0467662,-0.0148576],[0.0215572,-0.690195,-0.723302],[-0.0440808,0.722111,-0.690372]],[[0.998795,0.0467662,-0.0148576],[0.0442315,-0.989156,-0.14005],[-0.0212461,0.139224,-0.990033]]],"btipPosition":[62.1433,304.961,41.1752],"carpPosition":[57.2903,326.688,86.1297],"dipPosition":[61.7772,307.36,24.1154],"direction":[0.0440808,-0.722111,0.690372],"extended":false,"handId":445,"id":4454,"length":50.4953,"mcpPosition":[59.9531,349.051,32.7162],"pipPosition":[60.9153,321.48,10.6166],"stabilizedTipPosition":[65.5964,264.789,137.697],"timeVisible":0.60579,"tipPosition":[62.0397,304.85,37.1252],"tipVelocity":[-8.19738,50.2773,-137.302],"tool":false,"touchDistance":0.333333,"touchZone":"none","type":4,"width":16.0525}],"r":[[0.997934,-0.0454734,0.0453751],[0.0500707,0.993111,-0.105941],[-0.040245,0.107994,0.993337]],"s":0.863991,"t":[-11.4159,65.5792,-144.015],"timestamp":521634080698},false],[2,{"currentFrameRate":107.674,"devices":[],"gestures":[],"hands":[{"armBasis":[[0.787569,0.537433,-0.301499],[-0.36034,0.798545,0.482163],[0.499891,-0.271095,0.822567]],"armWidth":63.7005,"confidence":0.748508,"direction":[-0.233767,0.375336,-0.896926],"elbow":[181.08,242.121,315.218],"grabStrength":0,"id":445,"palmNormal":[0.372117,-0.817714,-0.439173],"palmPosition":[28.2926,328.699,43.2695],"palmVelocity":[-6.30898,35.6284,-118.815],"palmWidth":90.9622,"pinchStrength":0.64926,"r":[[0.997902,-0.0458267,0.0457342],[0.05043,0.993174,-0.105179],[-0.040602,0.107265,0.993401]],"s":0.863715,"sphereCenter":[37.451,299.228,6.51691],"sphereRadius":47.8374,"stabilizedPalmPosition":[32.1593,296.592,145.596],"t":[-11.4072,65.9707,-144.972],"timeVisible":0.614561,"type":"right","wrist":[46.1503,315.294,93.193]}],"id":4126754,"interactionBox":{"center":[0,200,0],"size":[235.247,235.247,147.751]},"pointables":[{"bases":[[[-0.0169871,0.980242,0.197072],[-0.798104,-0.13202,0.587878],[0.60228,-0.147297,0.784578]],[[-0.230725,0.968293,-0.095783],[-0.726413,-0.105919,0.679047],[0.647371,0.226251,0.727819]],[[-0.230725,0.968293,-0.095783],[-0.961049,-0.211387,0.178047],[0.152154,0.133132,0.979349]],[[-0.230725,0.968293,-0.095783],[-0.567937,-0.213947,-0.794779],[-0.790072,-0.128977,0.599293]]],"btipPosition":[6.36093,279.933,9.2645],"carpPosition":[25.3676,292.744,92.987],"dipPosition":[-12.1239,276.915,23.2858],"direction":[-0.152154,-0.133132,-0.979349],"extended":false,"handId":445,"id":4450,"length":52.1005,"mcpPosition":[25.3676,292.744,92.987],"pipPosition":[-6.93774,281.453,56.6671],"stabilizedTipPosition":[-2.63523,259.582,102.405],"timeVisible":0.614561,"tipPosition":[1.97693,279.351,12.1238],"tipVelocity":[-15.7567,44.753,-123.099],"tool":false,"touchDistance":-0.451439,"touchZone":"touching","type":0,"width":20.2438},{"bases":[[[0.846264,0.49325,-0.20135],[-0.424558,0.852684,0.304435],[0.321851,-0.172148,0.931009]],[[0.894875,0.446312,-0.00209406],[-0.442404,0.887639,0.127969],[0.0589728,-0.11359,0.991776]],[[0.894875,0.446312,-0.00209406],[-0.44625,0.894812,0.0131033],[0.00772194,-0.0107913,0.999912]],[[0.894875,0.446312,-0.00209406],[-0.445235,0.892369,-0.0737747],[-0.0310579,0.0669515,0.997273]]],"btipPosition":[-3.02448,332.919,-60.7018],"carpPosition":[22.8357,316.262,91.562],"dipPosition":[-3.55496,334.062,-43.668],"direction":[-0.00772194,0.0107913,-0.999912],"extended":true,"handId":445,"id":4451,"length":58.7895,"mcpPosition":[-0.835534,328.923,23.089],"pipPosition":[-3.36837,333.801,-19.5071],"stabilizedTipPosition":[-11.2045,312.06,61.5481],"timeVisible":0.614561,"tipPosition":[-3.84342,333.461,-56.6815],"tipVelocity":[3.35823,51.91,-119.825],"tool":false,"touchDistance":-0.464655,"touchZone":"touching","type":1,"width":19.3369},{"bases":[[[0.941861,0.31282,-0.122645],[-0.268205,0.919812,0.286378],[0.202395,-0.236834,0.950235]],[[0.939205,0.315813,-0.134747],[-0.300726,0.567209,-0.766706],[-0.165706,0.760616,0.627699]],[[0.939205,0.315813,-0.134747],[0.116794,-0.662882,-0.739558],[-0.322883,0.678859,-0.659467]],[[0.939205,0.315813,-0.134747],[0.297045,-0.944176,-0.142465],[-0.172217,0.0937779,-0.980585]]],"btipPosition":[38.5111,282.628,29.7268],"carpPosition":[32.2287,323.821,89.0799],"dipPosition":[35.2758,284.39,11.3053],"direction":[0.322883,-0.678859,0.659467],"extended":false,"handId":445,"id":4452,"length":66.986,"mcpPosition":[18.1123,340.339,22.8042],"pipPosition":[26.0969,303.688,-7.44188],"stabilizedTipPosition":[40.4634,246.175,120.699],"timeVisible":0.614561,"tipPosition":[37.9572,282.232,25.0286],"tipVelocity":[-15.9353,53.5745,-118.735],"tool":false,"touchDistance":0.333333,"touchZone":"none","type":2,"width":18.9914},{"bases":[[[0.9789,0.204322,-0.00271079],[-0.19364,0.931792,0.307029],[0.0652589,-0.300026,0.951696]],[[0.976209,0.214125,-0.0341584],[-0.149989,0.553072,-0.819521],[-0.156588,0.805147,0.57203]],[[0.976209,0.214125,-0.0341584],[0.134936,-0.723226,-0.6773],[-0.169731,0.656577,-0.734913]],[[0.976209,0.214125,-0.0341584],[0.211317,-0.974802,-0.0714549],[-0.048598,0.0625367,-0.996859]]],"btipPosition":[51.8476,292.14,40.8852],"carpPosition":[43.3318,328.666,87.0595],"dipPosition":[50.9399,293.308,22.2655],"direction":[0.169731,-0.656577,0.734913],"extended":false,"handId":445,"id":4453,"length":64.4088,"mcpPosition":[39.2453,347.454,27.4635],"pipPosition":[46.2394,311.491,1.9132],"stabilizedTipPosition":[53.5563,256.489,126.39],"timeVisible":0.614561,"tipPosition":[51.7805,291.608,36.0794],"tipVelocity":[-14.03,51.1828,-117.848],"tool":false,"touchDistance":0.333333,"touchZone":"none","type":3,"width":18.0715},{"bases":[[[0.998322,0.0114379,0.0567633],[-0.0324963,0.922037,0.385736],[-0.0479258,-0.386933,0.920861]],[[0.999011,0.0416869,-0.0154838],[-0.038296,0.629496,-0.77606],[-0.0226045,0.775885,0.63047]],[[0.999011,0.0416869,-0.0154838],[0.0175045,-0.688711,-0.724825],[-0.0408796,0.723836,-0.688759]],[[0.999011,0.0416869,-0.0154838],[0.0391545,-0.989637,-0.138152],[-0.0210825,0.137409,-0.99029]]],"btipPosition":[62.0701,305.345,40.1294],"carpPosition":[57.3304,326.863,85.2641],"dipPosition":[61.7069,307.713,23.0652],"direction":[0.0408796,-0.723836,0.688759],"extended":false,"handId":445,"id":4454,"length":50.4953,"mcpPosition":[60.1085,349.292,31.8841],"pipPosition":[60.9076,321.866,9.59796],"stabilizedTipPosition":[65.5962,264.792,137.69],"timeVisible":0.614561,"tipPosition":[61.9627,305.216,36.1424],"tipVelocity":[-8.21577,48.3065,-132.479],"tool":false,"touchDistance":0.333333,"touchZone":"none","type":4,"width":16.0525}],"r":[[0.997902,-0.0458267,0.0457342],[0.05043,0.993174,-0.105179],[-0.040602,0.107265,0.993401]],"s":0.863715,"t":[-11.4072,65.9707,-144.972],"timestamp":521634089469},false],[3,{"currentFrameRate":107.784,"devices":[],"gestures":[],"hands":[{"armBasis":[[0.789835,0.533849,-0.301937],[-0.358583,0.801342,0.478821],[0.497572,-0.269921,0.824357]],"armWidth":63.7005,"confidence":0.758146,"direction":[-0.233275,0.378526,-0.895712],"elbow":[180.569,242.395,315.189],"grabStrength":0,"id":445,"palmNormal":[0.368683,-0.817924,-0.441671],"palmPosition":[28.4083,328.851,42.8099],"palmVelocity":[-1.03998,30.4071,-99.9509],"palmWidth":90.9622,"pinchStrength":0.649058,"r":[[0.997851,-0.0468644,0.0457983],[0.051424,0.99324,-0.104063],[-0.0406119,0.106194,0.993516]],"s":0.863315,"sphereCenter":[37.4503,299.46,5.973],"sphereRadius":47.8211,"stabilizedPalmPosition":[32.1592,296.593,145.595],"t":[-11.3451,66.2425,-145.68],"timeVisible":0.62364,"type":"right","wrist":[46.266,315.251,92.6805]}],"id":4126755,"interactionBox":{"center":[0,200,0],"size":[235.247,235.247,147.751]},"pointables":[{"bases":[[[-0.0131991,0.979781,0.199639],[-0.798002,-0.130627,0.588328],[0.602511,-0.151547,0.783591]],[[-0.227391,0.969333,-0.0932079],[-0.726157,-0.105011,0.679462],[0.648837,0.222187,0.727766]],[[-0.227391,0.969333,-0.0932079],[-0.961718,-0.208505,0.177829],[0.152941,0.130076,0.979637]],[[-0.227391,0.969333,-0.0932079],[-0.568961,-0.209926,-0.795119],[-0.790301,-0.127771,0.599248]]],"btipPosition":[6.29931,280.245,8.70793],"carpPosition":[25.4006,292.777,92.4366],"dipPosition":[-12.1909,277.256,22.7282],"direction":[-0.152941,-0.130076,-0.979637],"extended":false,"handId":445,"id":4450,"length":52.1005,"mcpPosition":[25.4006,292.777,92.4366],"pipPosition":[-6.97791,281.69,56.1193],"stabilizedTipPosition":[-2.63509,259.583,102.402],"timeVisible":0.62364,"tipPosition":[1.90488,279.672,11.5755],"tipVelocity":[-13.3132,42.088,-106.012],"tool":false,"touchDistance":-0.442981,"touchZone":"touching","type":0,"width":20.2438},{"bases":[[[0.847867,0.490669,-0.200909],[-0.421128,0.853437,0.307077],[0.322137,-0.175752,0.930236]],[[0.896588,0.442864,-0.00123155],[-0.438948,0.889022,0.130248],[0.058777,-0.116238,0.991481]],[[0.896588,0.442864,-0.00123155],[-0.442792,0.896486,0.0157736],[0.00808963,-0.0135971,0.999875]],[[0.896588,0.442864,-0.00123155],[-0.441831,0.894299,-0.0708153],[-0.0302602,0.0640363,0.997489]]],"btipPosition":[-2.94182,333.461,-61.1218],"carpPosition":[22.9535,316.308,91.0753],"dipPosition":[-3.45868,334.555,-44.0843],"direction":[-0.00808963,0.0135971,-0.999875],"extended":true,"handId":445,"id":4451,"length":58.7895,"mcpPosition":[-0.738776,329.234,22.6591],"pipPosition":[-3.26321,334.227,-19.9243],"stabilizedTipPosition":[-11.2039,312.061,61.5398],"timeVisible":0.62364,"tipPosition":[-3.75355,333.983,-57.1014],"tipVelocity":[5.04321,53.738,-99.4492],"tool":false,"touchDistance":-0.45281,"touchZone":"touching","type":1,"width":19.3369},{"bases":[[[0.94288,0.309686,-0.12277],[-0.264549,0.920038,0.289038],[0.202464,-0.24005,0.949413]],[[0.940229,0.312713,-0.134831],[-0.299245,0.569708,-0.765432],[-0.162546,0.760029,0.629233]],[[0.940229,0.312713,-0.134831],[0.115758,-0.665842,-0.737058],[-0.320264,0.677396,-0.662243]],[[0.940229,0.312713,-0.134831],[0.295002,-0.94573,-0.136265],[-0.170126,0.0883451,-0.981454]]],"btipPosition":[38.3833,283.043,29.329],"carpPosition":[32.3717,323.839,88.6035],"dipPosition":[35.1872,284.702,10.8912],"direction":[0.320264,-0.677396,0.662243],"extended":false,"handId":445,"id":4452,"length":66.986,"mcpPosition":[18.2505,340.582,22.3852],"pipPosition":[26.0829,303.959,-7.93488],"stabilizedTipPosition":[40.4628,246.183,120.679],"timeVisible":0.62364,"tipPosition":[37.8372,282.605,24.5884],"tipVelocity":[-15.1462,50.6698,-98.1232],"tool":false,"touchDistance":0.333333,"touchZone":"none","type":2,"width":18.9914},{"bases":[[[0.979639,0.200742,-0.00315491],[-0.189919,0.931692,0.309646],[0.0650983,-0.302743,0.950847]],[[0.976938,0.210682,-0.0347198],[-0.149287,0.557691,-0.816513],[-0.152661,0.802866,0.576282]],[[0.976938,0.210682,-0.0347198],[0.131747,-0.722726,-0.678461],[-0.168032,0.65824,-0.733815]],[[0.976938,0.210682,-0.0347198],[0.207893,-0.975613,-0.0704223],[-0.0487098,0.0615802,-0.996913]]],"btipPosition":[51.796,292.367,40.2442],"carpPosition":[43.4905,328.649,86.5847],"dipPosition":[50.8861,293.517,21.6236],"direction":[0.168032,-0.65824,0.733815],"extended":false,"handId":445,"id":4453,"length":64.4088,"mcpPosition":[39.414,347.607,27.0418],"pipPosition":[46.2327,311.746,1.30167],"stabilizedTipPosition":[53.5558,256.498,126.366],"timeVisible":0.62364,"tipPosition":[51.7271,291.826,35.4904],"tipVelocity":[-11.7373,43.8063,-104.784],"tool":false,"touchDistance":0.333333,"touchZone":"none","type":3,"width":18.0715},{"bases":[[[0.998413,0.00763282,0.0557976],[-0.0287353,0.921141,0.388167],[-0.0484346,-0.389154,0.919899]],[[0.999122,0.0383142,-0.0169585],[-0.0374757,0.636153,-0.770652],[-0.0187387,0.770611,0.63703]],[[0.999122,0.0383142,-0.0169585],[0.0139791,-0.686369,-0.727119],[-0.0394988,0.726244,-0.686302]],[[0.999122,0.0383142,-0.0169585],[0.0356387,-0.989945,-0.136891],[-0.0220329,0.136166,-0.990441]]],"btipPosition":[62.1025,305.571,39.4144],"carpPosition":[57.4806,326.799,84.7706],"dipPosition":[61.7229,307.917,22.3475],"direction":[0.0394988,-0.726244,0.686302],"extended":false,"handId":445,"id":4454,"length":50.4953,"mcpPosition":[60.2882,349.357,31.4464],"pipPosition":[60.9506,322.117,8.9284],"stabilizedTipPosition":[65.5959,264.795,137.682],"timeVisible":0.62364,"tipPosition":[61.9887,305.424,35.4914],"tipVelocity":[-5.0707,41.6733,-117.636],"tool":false,"touchDistance":0.333333,"touchZone":"none","type":4,"width":16.0525}],"r":[[0.997851,-0.0468644,0.0457983],[0.051424,0.99324,-0.104063],[-0.0406119,0.106194,0.993516]],"s":0.863315,"t":[-11.3451,66.2425,-145.68],"timestamp":521634098548},false],[4,{"currentFrameRate":107.904,"devices":[],"gestures":[],"hands":[{"armBasis":[[0.789488,0.534471,-0.301744],[-0.359391,0.801091,0.478634],[0.49754,-0.269432,0.824536]],"armWidth":63.7005,"confidence":0.767223,"direction":[-0.233317,0.379453,-0.895309],"elbow":[180.546,242.549,314.635],"grabStrength":0,"id":445,"palmNormal":[0.369192,-0.817211,-0.442564],"palmPosition":[28.3947,328.922,42.2203],"palmVelocity":[-1.16777,24.1901,-90.3517],"palmWidth":90.9622,"pinchStrength":0.650745,"r":[[0.997813,-0.0476,0.045873],[0.0521181,0.993322,-0.102935],[-0.0406669,0.1051,0.99363]],"s":0.86265,"sphereCenter":[37.5177,299.575,5.33133],"sphereRadius":47.8096,"stabilizedPalmPosition":[32.1591,296.593,145.593],"t":[-11.3208,66.414,-146.329],"timeVisible":0.63269,"type":"right","wrist":[46.2508,315.273,92.0781]}],"id":4126756,"interactionBox":{"center":[0,200,0],"size":[235.247,235.247,147.751]},"pointables":[{"bases":[[[-0.0137511,0.979539,0.200785],[-0.798036,-0.131738,0.588034],[0.602453,-0.152148,0.783519]],[[-0.228028,0.969268,-0.0923162],[-0.726293,-0.106183,0.679135],[0.648461,0.22191,0.728185]],[[-0.228028,0.969268,-0.0923162],[-0.961659,-0.209366,0.177141],[0.152369,0.12917,0.979846]],[[-0.228028,0.969268,-0.0923162],[-0.568633,-0.209537,-0.795457],[-0.790355,-0.128892,0.598938]]],"btipPosition":[6.33549,280.328,8.05464],"carpPosition":[25.3973,292.789,91.8041],"dipPosition":[-12.156,277.312,22.0677],"direction":[-0.152369,-0.12917,-0.979846],"extended":false,"handId":445,"id":4450,"length":52.1005,"mcpPosition":[25.3973,292.789,91.8041],"pipPosition":[-6.96248,281.715,55.4659],"stabilizedTipPosition":[-2.63491,259.584,102.399],"timeVisible":0.63269,"tipPosition":[1.93696,279.753,10.9299],"tipVelocity":[-8.54622,32.8069,-96.7314],"tool":false,"touchDistance":-0.436841,"touchZone":"touching","type":0,"width":20.2438},{"bases":[[[0.847644,0.491352,-0.200184],[-0.421632,0.852854,0.308002],[0.322066,-0.176672,0.930086]],[[0.896443,0.44316,0.0000611407],[-0.439377,0.888774,0.13049],[0.0577737,-0.117004,0.99145]],[[0.896443,0.44316,0.0000611407],[-0.443102,0.896324,0.0162612],[0.00715149,-0.0146043,0.999868]],[[0.896443,0.44316,0.0000611407],[-0.442065,0.894238,-0.07012],[-0.031129,0.0628315,0.997539]]],"btipPosition":[-2.87148,333.619,-61.7155],"carpPosition":[22.938,316.32,90.4699],"dipPosition":[-3.40317,334.692,-44.6771],"direction":[-0.00715149,0.0146043,-0.999868],"extended":true,"handId":445,"id":4451,"length":58.7895,"mcpPosition":[-0.749031,329.314,22.0647],"pipPosition":[-3.23037,334.339,-20.5173],"stabilizedTipPosition":[-11.203,312.064,61.5271],"timeVisible":0.63269,"tipPosition":[-3.68619,334.133,-57.6967],"tipVelocity":[5.69225,43.5636,-90.1053],"tool":false,"touchDistance":-0.444764,"touchZone":"touching","type":1,"width":19.3369},{"bases":[[[0.942738,0.310327,-0.12224],[-0.265085,0.919559,0.29007],[0.202423,-0.241056,0.949166]],[[0.940113,0.313338,-0.134186],[-0.299697,0.572294,-0.763322],[-0.162384,0.757825,0.631928]],[[0.940113,0.313338,-0.134186],[0.116941,-0.666261,-0.736492],[-0.320174,0.676694,-0.663003]],[[0.940113,0.313338,-0.134186],[0.296369,-0.945863,-0.132318],[-0.168382,0.0846257,-0.982082]]],"btipPosition":[38.324,283.328,28.6549],"carpPosition":[32.3526,323.859,88.0087],"dipPosition":[35.1607,284.918,10.2052],"direction":[0.320174,-0.676694,0.663003],"extended":false,"handId":445,"id":4452,"length":66.986,"mcpPosition":[18.2343,340.671,21.8075],"pipPosition":[26.0589,304.155,-8.64241],"stabilizedTipPosition":[40.4621,246.192,120.655],"timeVisible":0.63269,"tipPosition":[37.7978,282.864,23.9552],"tipVelocity":[-12.5454,44.9147,-91.6861],"tool":false,"touchDistance":0.333333,"touchZone":"none","type":2,"width":18.9914},{"bases":[[[0.979534,0.201262,-0.00274659],[-0.190465,0.931228,0.310705],[0.0650907,-0.303823,0.950503]],[[0.976818,0.211283,-0.0344472],[-0.150331,0.562463,-0.813041],[-0.152407,0.799371,0.581187]],[[0.976818,0.211283,-0.0344472],[0.132077,-0.721454,-0.67975],[-0.168472,0.659442,-0.732634]],[[0.976818,0.211283,-0.0344472],[0.208613,-0.97561,-0.0682992],[-0.0480376,0.0595297,-0.99707]]],"btipPosition":[51.7635,292.623,39.4297],"carpPosition":[43.4693,328.676,85.9974],"dipPosition":[50.8662,293.735,20.8061],"direction":[0.168472,-0.659442,0.732634],"extended":false,"handId":445,"id":4453,"length":64.4088,"mcpPosition":[39.3933,347.702,26.4761],"pipPosition":[46.2006,311.997,0.516867],"stabilizedTipPosition":[53.5552,256.508,126.343],"timeVisible":0.63269,"tipPosition":[51.7008,292.077,34.7784],"tipVelocity":[-9.4015,39.2754,-100.728],"tool":false,"touchDistance":0.333333,"touchZone":"none","type":3,"width":18.0715},{"bases":[[[0.998399,0.00809391,0.0559828],[-0.0292895,0.92067,0.389241],[-0.0483912,-0.390257,0.919433]],[[0.999076,0.0392202,-0.0175892],[-0.0386826,0.641957,-0.765764],[-0.0187419,0.765737,0.642881]],[[0.999076,0.0392202,-0.0175892],[0.014055,-0.68479,-0.728605],[-0.0406209,0.727684,-0.684708]],[[0.999076,0.0392202,-0.0175892],[0.0365152,-0.990298,-0.134076],[-0.022677,0.13331,-0.990815]]],"btipPosition":[62.1133,305.866,38.6229],"carpPosition":[57.4606,326.836,84.1836],"dipPosition":[61.7225,308.163,21.5496],"direction":[0.0406209,-0.727684,0.684708],"extended":false,"handId":445,"id":4454,"length":50.4953,"mcpPosition":[60.2658,349.459,30.8864],"pipPosition":[60.9283,322.391,8.16161],"stabilizedTipPosition":[65.5956,264.798,137.673],"timeVisible":0.63269,"tipPosition":[61.9952,305.693,34.7665],"tipVelocity":[-3.42257,38.8148,-109.356],"tool":false,"touchDistance":0.333333,"touchZone":"none","type":4,"width":16.0525}],"r":[[0.997813,-0.0476,0.045873],[0.0521181,0.993322,-0.102935],[-0.0406669,0.1051,0.99363]],"s":0.86265,"t":[-11.3208,66.414,-146.329],"timestamp":521634107598},false],[5,{"currentFrameRate":107.979,"devices":[],"gestures":[],"hands":[{"armBasis":[[0.783763,0.540404,-0.306071],[-0.361697,0.797793,0.482391],[0.504868,-0.267375,0.820743]],"armWidth":63.7005,"confidence":0.77579,"direction":[-0.232184,0.377563,-0.896402],"elbow":[182.333,242.815,312.147],"grabStrength":0,"id":445,"palmNormal":[0.373077,-0.816532,-0.440555],"palmPosition":[28.2917,328.512,40.6922],"palmVelocity":[-3.97784,4.96462,-111.774],"palmWidth":90.9622,"pinchStrength":0.652625,"r":[[0.997789,-0.0475153,0.0464754],[0.0520689,0.993395,-0.102253],[-0.0413098,0.104447,0.993672]],"s":0.861883,"sphereCenter":[37.6341,299.151,3.85202],"sphereRadius":47.7978,"stabilizedPalmPosition":[32.1591,296.594,145.592],"t":[-11.3601,66.2944,-147.418],"timeVisible":0.641815,"type":"right","wrist":[46.0599,314.984,90.6144]}],"id":4126757,"interactionBox":{"center":[0,200,0],"size":[235.247,235.247,147.751]},"pointables":[{"bases":[[[-0.0175318,0.979737,0.19952],[-0.799161,-0.133652,0.586071],[0.600862,-0.149174,0.785311]],[[-0.231276,0.968283,-0.0945514],[-0.727709,-0.107669,0.677382],[0.645717,0.225468,0.72953]],[[-0.231276,0.968283,-0.0945514],[-0.961468,-0.212631,0.174264],[0.148632,0.131211,0.980149]],[[-0.231276,0.968283,-0.0945514],[-0.565408,-0.212862,-0.796871],[-0.791723,-0.130837,0.596704]]],"btipPosition":[6.51637,279.767,6.53847],"carpPosition":[25.2818,292.43,90.313],"dipPosition":[-12.0071,276.706,20.4992],"direction":[-0.148632,-0.131211,-0.980149],"extended":false,"handId":445,"id":4450,"length":52.1005,"mcpPosition":[25.2818,292.43,90.313],"pipPosition":[-6.94098,281.179,53.9078],"stabilizedTipPosition":[-2.63478,259.584,102.396],"timeVisible":0.641815,"tipPosition":[2.10378,279.191,9.40901],"tipVelocity":[-0.889465,6.31277,-116.384],"tool":false,"touchDistance":-0.444413,"touchZone":"touching","type":0,"width":20.2438},{"bases":[[[0.846542,0.493911,-0.198542],[-0.425276,0.851834,0.30581],[0.320167,-0.174446,0.931161]],[[0.895036,0.445988,0.00238267],[-0.442599,0.887551,0.127905],[0.0549293,-0.115534,0.991784]],[[0.895036,0.445988,0.00238267],[-0.445976,0.894936,0.0139581],[0.00409279,-0.0135556,0.9999]],[[0.895036,0.445988,0.00238267],[-0.444673,0.89278,-0.0721773],[-0.0343175,0.0635418,0.997389]]],"btipPosition":[-2.67118,332.986,-63.3341],"carpPosition":[22.7481,315.951,88.9429],"dipPosition":[-3.25733,334.071,-46.2984],"direction":[-0.00409279,0.0135556,-0.9999],"extended":true,"handId":445,"id":4451,"length":58.7895,"mcpPosition":[-0.799264,328.781,20.4586],"pipPosition":[-3.15844,333.743,-22.1378],"stabilizedTipPosition":[-11.2024,312.065,61.5178],"timeVisible":0.641815,"tipPosition":[-3.49466,333.489,-59.3201],"tipVelocity":[9.82762,12.2717,-114.372],"tool":false,"touchDistance":-0.45291,"touchZone":"touching","type":1,"width":19.3369},{"bases":[[[0.942027,0.313299,-0.120118],[-0.268903,0.919035,0.28821],[0.200689,-0.239202,0.950003]],[[0.939464,0.316244,-0.131899],[-0.299754,0.572042,-0.763489],[-0.165997,0.756808,0.632208]],[[0.939464,0.316244,-0.131899],[0.121851,-0.668121,-0.734007],[-0.320249,0.673502,-0.66621]],[[0.939464,0.316244,-0.131899],[0.300636,-0.945445,-0.125505],[-0.164393,0.078254,-0.983286]]],"btipPosition":[38.3379,283.118,27.1854],"carpPosition":[32.1443,323.518,86.4973],"dipPosition":[35.2496,284.588,8.71311],"direction":[0.320249,-0.673502,0.66621],"extended":false,"handId":445,"id":4452,"length":66.986,"mcpPosition":[18.1469,340.202,20.2377],"pipPosition":[26.1456,303.734,-10.2257],"stabilizedTipPosition":[40.4616,246.199,120.636],"timeVisible":0.641815,"tipPosition":[37.8435,282.617,22.52],"tipVelocity":[-8.11163,25.1917,-111.113],"tool":false,"touchDistance":0.333333,"touchZone":"none","type":2,"width":18.9914},{"bases":[[[0.978865,0.204506,-0.000390335],[-0.194377,0.930977,0.309029],[0.0635616,-0.302422,0.951052]],[[0.976188,0.214519,-0.0322411],[-0.150721,0.563826,-0.812025],[-0.156016,0.797548,0.582732]],[[0.976188,0.214519,-0.0322411],[0.136369,-0.722439,-0.677854],[-0.168705,0.657316,-0.73449]],[[0.976188,0.214519,-0.0322411],[0.212257,-0.975235,-0.0621555],[-0.0447762,0.053832,-0.997546]]],"btipPosition":[51.747,292.476,37.8986],"carpPosition":[43.2503,328.37,84.5096],"dipPosition":[50.9106,293.482,19.2662],"direction":[0.168705,-0.657316,0.73449],"extended":false,"handId":445,"id":4453,"length":64.4088,"mcpPosition":[39.27,347.308,24.9538],"pipPosition":[46.2386,311.685,-1.07444],"stabilizedTipPosition":[53.5549,256.515,126.325],"timeVisible":0.641815,"tipPosition":[51.7055,291.897,33.3132],"tipVelocity":[-6.86592,23.1371,-119.42],"tool":false,"touchDistance":0.333333,"touchZone":"none","type":3,"width":18.0715},{"bases":[[[0.998214,0.0114746,0.0586311],[-0.0333776,0.921052,0.388008],[-0.04955,-0.389271,0.919789]],[[0.998959,0.0428286,-0.0157329],[-0.0396744,0.645072,-0.763091],[-0.0225332,0.76292,0.6461]],[[0.998959,0.0428286,-0.0157329],[0.0178812,-0.684716,-0.728591],[-0.041977,0.72755,-0.684769]],[[0.998959,0.0428286,-0.0157329],[0.0404274,-0.990694,-0.129963],[-0.0211526,0.129191,-0.991394]]],"btipPosition":[62.1065,305.72,37.0513],"carpPosition":[57.2524,326.574,82.7354],"dipPosition":[61.742,307.946,19.9681],"direction":[0.041977,-0.727551,0.684769],"extended":false,"handId":445,"id":4454,"length":50.4953,"mcpPosition":[60.1247,349.139,29.4175],"pipPosition":[60.9212,322.171,6.57891],"stabilizedTipPosition":[65.5954,264.801,137.667],"timeVisible":0.641815,"tipPosition":[61.9947,305.528,33.2506],"tipVelocity":[-2.49453,23.0857,-126.891],"tool":false,"touchDistance":0.333333,"touchZone":"none","type":4,"width":16.0525}],"r":[[0.997789,-0.0475153,0.0464754],[0.0520689,0.993395,-0.102253],[-0.0413098,0.104447,0.993672]],"s":0.861883,"t":[-11.3601,66.2944,-147.418],"timestamp":521634116723},false],[6,{"currentFrameRate":108.117,"devices":[],"gestures":[],"hands":[{"armBasis":[[0.78354,0.541756,-0.304247],[-0.367189,0.798742,0.476637],[0.501236,-0.261748,0.824773]],"armWidth":63.7005,"confidence":0.781889,"direction":[-0.234296,0.376516,-0.896293],"elbow":[181.384,244.072,311.914],"grabStrength":0,"id":445,"palmNormal":[0.376972,-0.814633,-0.440755],"palmPosition":[28.2427,328.168,39.3781],"palmVelocity":[-4.37974,-6.87405,-121.178],"palmWidth":90.9622,"pinchStrength":0.656854,"r":[[0.997818,-0.0464654,0.0468999],[0.0510442,0.993506,-0.101688],[-0.0418704,0.10386,0.99371]],"s":0.860831,"sphereCenter":[37.7763,298.841,2.50377],"sphereRadius":47.789,"stabilizedPalmPosition":[32.1591,296.594,145.591],"t":[-11.4043,66.0629,-148.619],"timeVisible":0.650814,"type":"right","wrist":[46.0915,314.722,89.2937]}],"id":4126758,"interactionBox":{"center":[0,200,0],"size":[235.247,235.247,147.751]},"pointables":[{"bases":[[[-0.0223036,0.979616,0.199638],[-0.798327,-0.137656,0.586281],[0.601812,-0.1463,0.785124]],[[-0.23608,0.967139,-0.0943857],[-0.72694,-0.111317,0.677618],[0.644844,0.228585,0.729332]],[[-0.23608,0.967139,-0.0943857],[-0.960371,-0.217406,0.174419],[0.148167,0.131822,0.980137]],[[-0.23608,0.967139,-0.0943857],[-0.564629,-0.215578,-0.796693],[-0.790861,-0.13479,0.596968]]],"btipPosition":[6.69853,279.32,5.22515],"carpPosition":[25.4247,292.067,88.9956],"dipPosition":[-11.8048,276.167,19.1921],"direction":[-0.148167,-0.131822,-0.980137],"extended":false,"handId":445,"id":4450,"length":52.1005,"mcpPosition":[25.4247,292.067,88.9956],"pipPosition":[-6.7545,280.66,52.6003],"stabilizedTipPosition":[-2.63468,259.585,102.395],"timeVisible":0.650814,"tipPosition":[2.29056,278.722,8.09897],"tipVelocity":[5.05409,-9.7159,-124.456],"tool":false,"touchDistance":-0.447983,"touchZone":"touching","type":0,"width":20.2438},{"bases":[[[0.844041,0.498099,-0.198724],[-0.429382,0.849693,0.306028],[0.321287,-0.172972,0.931051]],[[0.892912,0.450223,0.00277419],[-0.446904,0.885548,0.126811],[0.0546367,-0.114471,0.991923]],[[0.892912,0.450223,0.00277419],[-0.450219,0.892822,0.0131508],[0.00344395,-0.0129915,0.99991]],[[0.892912,0.450223,0.00277419],[-0.448853,0.890642,-0.0727204],[-0.0352112,0.0636877,0.997349]]],"btipPosition":[-2.68333,332.439,-64.6455],"carpPosition":[22.7748,315.575,87.6289],"dipPosition":[-3.28475,333.527,-47.6104],"direction":[-0.00344395,0.0129915,-0.99991],"extended":true,"handId":445,"id":4451,"length":58.7895,"mcpPosition":[-0.854932,328.297,19.1528],"pipPosition":[-3.20154,333.213,-23.4496],"stabilizedTipPosition":[-11.202,312.066,61.5112],"timeVisible":0.650814,"tipPosition":[-3.51267,332.951,-60.6327],"tipVelocity":[6.65142,-7.74403,-122.984],"tool":false,"touchDistance":-0.455625,"touchZone":"touching","type":1,"width":19.3369},{"bases":[[[0.940438,0.317952,-0.120348],[-0.273347,0.917666,0.288393],[0.202134,-0.238319,0.949919]],[[0.937899,0.320839,-0.13194],[-0.303744,0.575755,-0.759109],[-0.167586,0.752043,0.637452]],[[0.937899,0.320839,-0.13194],[0.124471,-0.666235,-0.735281],[-0.32381,0.673196,-0.664796]],[[0.937899,0.320839,-0.13194],[0.305765,-0.944198,-0.122467],[-0.16387,0.0745194,-0.983663]]],"btipPosition":[38.3936,283.035,25.5897],"carpPosition":[32.1329,323.188,85.1815],"dipPosition":[35.3151,284.435,7.11038],"direction":[0.32381,-0.673196,0.664796],"extended":false,"handId":445,"id":4452,"length":66.986,"mcpPosition":[18.0347,339.81,18.9278],"pipPosition":[26.11,303.573,-11.7883],"stabilizedTipPosition":[40.4612,246.204,120.623],"timeVisible":0.650814,"tipPosition":[37.9263,282.523,21.0606],"tipVelocity":[-4.11548,15.2583,-129.338],"tool":false,"touchDistance":0.333333,"touchZone":"none","type":2,"width":18.9914},{"bases":[[[0.977845,0.209327,-0.000642996],[-0.198876,0.929972,0.309192],[0.0653203,-0.302214,0.950999]],[[0.975096,0.219372,-0.032623],[-0.154499,0.566349,-0.809555],[-0.159118,0.794433,0.586137]],[[0.975096,0.219372,-0.032623],[0.139754,-0.721973,-0.677661],[-0.172213,0.656225,-0.734651]],[[0.975096,0.219372,-0.032623],[0.21726,-0.974373,-0.0582655],[-0.0445688,0.0497268,-0.997768]]],"btipPosition":[51.8326,292.434,36.4401],"carpPosition":[43.2142,328.096,83.1913],"dipPosition":[51.0001,293.363,17.8035],"direction":[0.172213,-0.656225,0.734651],"extended":false,"handId":445,"id":4453,"length":64.4088,"mcpPosition":[39.1238,347.02,23.6389],"pipPosition":[46.2309,311.536,-2.54153],"stabilizedTipPosition":[53.5546,256.52,126.312],"timeVisible":0.650814,"tipPosition":[51.7992,291.833,31.9247],"tipVelocity":[-2.34219,14.9746,-131.159],"tool":false,"touchDistance":0.333333,"touchZone":"none","type":3,"width":18.0715},{"bases":[[[0.998162,0.0163873,0.0583506],[-0.0378067,0.920832,0.388124],[-0.0473708,-0.389616,0.919758]],[[0.998712,0.0479671,-0.0165193],[-0.0436821,0.647474,-0.760834],[-0.0257992,0.760576,0.648736]],[[0.998712,0.0479671,-0.0165193],[0.0208547,-0.685008,-0.728237],[-0.0462473,0.726955,-0.685126]],[[0.998712,0.0479671,-0.0165193],[0.045504,-0.990942,-0.126346],[-0.0224301,0.125431,-0.991849]]],"btipPosition":[62.1732,305.693,35.6523],"carpPosition":[57.2245,326.369,81.4129],"dipPosition":[61.7867,307.855,18.5612],"direction":[0.0462473,-0.726955,0.685126],"extended":false,"handId":445,"id":4454,"length":50.4953,"mcpPosition":[59.9705,348.954,28.0968],"pipPosition":[60.8825,322.069,5.16506],"stabilizedTipPosition":[65.5952,264.803,137.662],"timeVisible":0.650814,"tipPosition":[62.0597,305.478,31.8704],"tipVelocity":[0.0722665,15.4952,-134.791],"tool":false,"