{"sensorType":"Leap","data":[[0,{"currentFrameRate":109.547,"devices":[],"gestures":[],"hands":[{"armBasis":[[0.826577,0.46178,-0.32176],[-0.257847,0.818862,0.512816],[0.500285,-0.340917,0.795921]],"armWidth":63.7005,"confidence":0.86164,"direction":[-0.15984,0.320125,-0.933794],"elbow":[184.859,224.333,312.041],"grabStrength":0,"id":448,"palmNormal":[0.290409,-0.888845,-0.354425],"palmPosition":[35.2587,327.297,45.6422],"palmVelocity":[19.1829,11.6453,-122.346],"palmWidth":90.9622,"pinchStrength":0.510041,"r":[[0.692339,0.57082,0.441397],[-0.719398,0.593494,0.360876],[-0.0559714,-0.567388,0.821546]],"s":1.01193,"sphereCenter":[46.8993,295.379,8.56981],"sphereRadius":50.4904,"stabilizedPalmPosition":[54.6889,315.937,129.567],"t":[-38.3128,107.823,-179.177],"timeVisible":1.18376,"type":"right","wrist":[49.8227,316.352,97.2081]}],"id":4128363,"interactionBox":{"center":[0,200,0],"size":[235.247,235.247,147.751]},"pointables":[{"bases":[[[0.088706,0.989393,0.115034],[-0.826785,0.00873248,0.562451],[0.55548,-0.145001,0.81879]],[[-0.157075,0.956523,-0.245746],[-0.805577,0.0198474,0.592158],[0.57129,0.290981,0.767436]],[[-0.157075,0.956523,-0.245746],[-0.956948,-0.085914,0.277253],[0.244086,0.278716,0.928838]],[[-0.157075,0.956523,-0.245746],[-0.919836,-0.232274,-0.316149],[-0.359484,0.176387,0.916329]]],"btipPosition":[-1.80076,268.17,6.58008],"carpPosition":[26.617,296.317,97.9754],"dipPosition":[-10.2114,272.296,28.0189],"direction":[-0.244086,-0.278716,-0.928838],"extended":true,"handId":448,"id":4480,"length":52.1005,"mcpPosition":[26.617,296.317,97.9754],"pipPosition":[-1.8917,281.797,59.6785],"stabilizedTipPosition":[4.85177,249.662,111.714],"timeVisible":1.18376,"tipPosition":[-4.56948,269.127,11.3486],"tipVelocity":[40.1065,5.76418,-116.69],"tool":false,"touchDistance":-0.430391,"touchZone":"hovering","type":0,"width":20.2438},{"bases":[[[0.903228,0.376929,-0.205194],[-0.334068,0.917659,0.215174],[0.269404,-0.125802,0.954775]],[[0.936814,0.348412,-0.0314345],[-0.333658,0.916903,0.219001],[0.105125,-0.194675,0.975218]],[[0.936814,0.348412,-0.0314345],[-0.343883,0.933664,0.100079],[0.0642178,-0.0829452,0.994483]],[[0.936814,0.348412,-0.0314345],[-0.348478,0.93731,0.00352866],[0.0306933,0.00764852,0.9995]]],"btipPosition":[0.432607,339.247,-58.6889],"carpPosition":[26.8375,319.759,94.5186],"dipPosition":[0.95686,339.377,-41.617],"direction":[-0.0642178,0.0829452,-0.994483],"extended":true,"handId":448,"id":4481,"length":58.7895,"mcpPosition":[7.02359,329.012,24.2976],"pipPosition":[2.50856,337.373,-17.5873],"stabilizedTipPosition":[8.68864,331.68,31.6436],"timeVisible":1.18376,"tipPosition":[0.64129,339.428,-54.7304],"tipVelocity":[46.6428,1.74505,-132.223],"tool":false,"touchDistance":-0.441283,"touchZone":"touching","type":1,"width":19.3369},{"bases":[[[0.974949,0.194468,-0.107969],[-0.170562,0.965188,0.198295],[0.142773,-0.174912,0.974177]],[[0.97486,0.194577,-0.108575],[-0.217447,0.724393,-0.654195],[-0.0486403,0.661358,0.748492]],[[0.97486,0.194577,-0.108575],[0.0227082,-0.571498,-0.820289],[-0.22166,0.797201,-0.561548]],[[0.97486,0.194577,-0.108575],[0.176876,-0.97211,-0.154004],[-0.135513,0.130928,-0.982087]]],"btipPosition":[38.3419,281.194,22.2248],"carpPosition":[37.109,325.985,91.8238],"dipPosition":[35.7961,283.654,3.77511],"direction":[0.22166,-0.797201,0.561548],"extended":false,"handId":448,"id":4482,"length":66.986,"mcpPosition":[27.1511,338.185,23.8782],"pipPosition":[29.4948,306.317,-12.1884],"stabilizedTipPosition":[50.0871,266.599,80.5186],"timeVisible":1.18376,"tipPosition":[37.7602,281.148,16.9367],"tipVelocity":[17.0924,19.1645,-92.3929],"tool":false,"touchDistance":0.333333,"touchZone":"none","type":2,"width":18.9914},{"bases":[[[0.995397,0.0932921,0.0219265],[-0.0958318,0.970548,0.221028],[-0.000660482,-0.222112,0.975021]],[[0.994273,0.103887,-0.0250823],[-0.09255,0.719622,-0.68817],[-0.0534419,0.68655,0.725116]],[[0.994273,0.103887,-0.0250823],[0.0427891,-0.602029,-0.797327],[-0.0979318,0.791687,-0.603026]],[[0.994273,0.103887,-0.0250823],[0.0998556,-0.986686,-0.12837],[-0.0380842,0.12513,-0.991409]]],"btipPosition":[54.6051,288.355,31.6569],"carpPosition":[48.7533,329.374,89.8838],"dipPosition":[53.8938,290.693,13.1391],"direction":[0.0979318,-0.791687,0.603026],"extended":false,"handId":448,"id":4483,"length":64.4088,"mcpPosition":[48.7947,343.283,28.8272],"pipPosition":[51.1817,312.617,-3.56082],"stabilizedTipPosition":[62.6469,278.52,74.6631],"timeVisible":1.18376,"tipPosition":[54.4647,288.417,26.3226],"tipVelocity":[15.0568,13.2734,-104.4],"tool":false,"touchDistance":0.333333,"touchZone":"none","type":3,"width":18.0715},{"bases":[[[0.99069,-0.0946956,0.0978034],[0.0604761,0.949781,0.307015],[-0.121965,-0.298242,0.946666]],[[0.985149,-0.106312,0.13483],[0.16769,0.764475,-0.622461],[-0.0368994,0.635827,0.770949]],[[0.985149,-0.106312,0.13483],[0.0538205,-0.554488,-0.83045],[0.163048,0.825374,-0.540531]],[[0.985149,-0.106312,0.13483],[-0.0787348,-0.977539,-0.195493],[0.152585,0.181974,-0.971392]]],"btipPosition":[65.0623,301.417,34.0159],"carpPosition":[62.5053,325.878,88.8361],"dipPosition":[67.6916,304.553,17.2774],"direction":[-0.163048,-0.825374,0.540531],"extended":false,"handId":448,"id":4484,"length":50.4953,"mcpPosition":[69.5753,343.167,33.9603],"pipPosition":[70.8796,320.691,6.70845],"stabilizedTipPosition":[78.3448,289.4,92.8749],"timeVisible":1.18376,"tipPosition":[65.7429,301.683,29.5345],"tipVelocity":[17.7107,10.8363,-114.45],"tool":false,"touchDistance":0.333333,"touchZone":"none","type":4,"width":16.0525}],"r":[[0.692339,0.57082,0.441397],[-0.719398,0.593494,0.360876],[-0.0559714,-0.567388,0.821546]],"s":1.01193,"t":[-38.3128,107.823,-179.177],"timestamp":521651198307},false],[1,{"currentFrameRate":109.587,"devices":[],"gestures":[],"hands":[{"armBasis":[[0.828174,0.464079,-0.314259],[-0.262676,0.816698,0.513814],[0.495105,-0.34298,0.798271]],"armWidth":63.7005,"confidence":0.866557,"direction":[-0.159959,0.317963,-0.934512],"elbow":[183.481,223.957,311.806],"grabStrength":0,"id":448,"palmNormal":[0.295975,-0.887696,-0.352696],"palmPosition":[35.3105,327.327,44.7323],"palmVelocity":[15.4677,9.35805,-116.317],"palmWidth":90.9622,"pinchStrength":0.50857,"r":[[0.691746,0.570857,0.442279],[-0.719826,0.594078,0.359057],[-0.0577777,-0.56674,0.821868]],"s":1.01132,"sphereCenter":[47.1335,295.332,7.71883],"sphereRadius":50.5025,"stabilizedPalmPosition":[54.6885,315.937,129.565],"t":[-38.222,107.864,-180.176],"timeVisible":1.19281,"type":"right","wrist":[49.8436,316.534,96.3388]}],"id":4128364,"interactionBox":{"center":[0,200,0],"size":[235.247,235.247,147.751]},"pointables":[{"bases":[[[0.0829987,0.990026,0.113838],[-0.827818,0.00489651,0.560976],[0.554823,-0.140797,0.819968]],[[-0.163893,0.954226,-0.250182],[-0.805771,0.0168144,0.591989],[0.569098,0.298612,0.766132]],[[-0.163893,0.954226,-0.250182],[-0.956767,-0.0919867,0.275925],[0.240281,0.284588,0.928049]],[[-0.163893,0.954226,-0.250182],[-0.916856,-0.240932,-0.318319],[-0.364025,0.177211,0.914375]]],"btipPosition":[-1.32416,267.623,5.83479],"carpPosition":[26.7483,296.371,97.0924],"dipPosition":[-9.84105,271.769,27.2279],"direction":[-0.240281,-0.284588,-0.928049],"extended":true,"handId":448,"id":4480,"length":52.1005,"mcpPosition":[26.7483,296.371,97.0924],"pipPosition":[-1.65102,281.47,58.8606],"stabilizedTipPosition":[4.85057,249.665,111.699],"timeVisible":1.19281,"tipPosition":[-4.04767,268.689,10.557],"tipVelocity":[42.8206,-12.3467,-107.524],"tool":false,"touchDistance":-0.427022,"touchZone":"hovering","type":0,"width":20.2438},{"bases":[[[0.901481,0.381668,-0.204112],[-0.339547,0.916078,0.213328],[0.268404,-0.123005,0.955421]],[[0.934951,0.353512,-0.0299305],[-0.339411,0.915828,0.214615],[0.10328,-0.190496,0.97624]],[[0.934951,0.353512,-0.0299305],[-0.349391,0.932119,0.0952847],[0.0615831,-0.0786291,0.995]],[[0.934951,0.353512,-0.0299305],[-0.353712,0.935353,-0.00146736],[0.0274768,0.0119587,0.999551]]],"btipPosition":[0.711063,338.733,-59.7082],"carpPosition":[26.8445,319.809,93.6039],"dipPosition":[1.18038,338.938,-42.6355],"direction":[-0.0615831,0.0786291,-0.995],"extended":true,"handId":448,"id":4481,"length":58.7895,"mcpPosition":[7.10422,328.856,23.3355],"pipPosition":[2.66841,337.038,-18.5933],"stabilizedTipPosition":[8.67836,331.689,31.5294],"timeVisible":1.19281,"tipPosition":[0.855099,338.992,-55.7381],"tipVelocity":[41.8729,-13.8589,-126.799],"tool":false,"touchDistance":-0.440775,"touchZone":"touching","type":1,"width":19.3369},{"bases":[[[0.974042,0.199742,-0.106512],[-0.176278,0.964492,0.196674],[0.142014,-0.172793,0.974666]],[[0.973925,0.199884,-0.107314],[-0.220493,0.722588,-0.655172],[-0.0534148,0.66175,0.747819]],[[0.973925,0.199884,-0.107314],[0.0272898,-0.572801,-0.81924],[-0.225223,0.79495,-0.56332]],[[0.973925,0.199884,-0.107314],[0.182705,-0.971454,-0.151311],[-0.134495,0.127759,-0.982644]]],"btipPosition":[38.6842,281.255,21.379],"carpPosition":[37.0861,326.089,90.9188],"dipPosition":[36.1575,283.655,2.9188],"direction":[0.225223,-0.79495,0.56332],"extended":false,"handId":448,"id":4482,"length":66.986,"mcpPosition":[27.1811,338.14,22.9391],"pipPosition":[29.7549,306.253,-13.0951],"stabilizedTipPosition":[50.0833,266.604,80.4987],"timeVisible":1.19281,"tipPosition":[38.1146,281.196,16.1224],"tipVelocity":[22.9419,15.2941,-92.7505],"tool":false,"touchDistance":0.333333,"touchZone":"none","type":2,"width":18.9914},{"bases":[[[0.994823,0.0988576,0.0235586],[-0.101619,0.970299,0.219531],[-0.00115651,-0.220789,0.975321]],[[0.993725,0.109373,-0.0234277],[-0.0953855,0.719225,-0.688199],[-0.0584208,0.686115,0.725144]],[[0.993725,0.109373,-0.0234277],[0.0475842,-0.602917,-0.796383],[-0.101228,0.790271,-0.604338]],[[0.993725,0.109373,-0.0234277],[0.105622,-0.98648,-0.125306],[-0.0368161,0.122045,-0.991842]]],"btipPosition":[54.8876,288.554,30.7923],"carpPosition":[48.7148,329.539,88.9948],"dipPosition":[54.2,290.834,12.2664],"direction":[0.101228,-0.790271,0.604338],"extended":false,"handId":448,"id":4483,"length":64.4088,"mcpPosition":[48.7872,343.365,27.9194],"pipPosition":[51.3966,312.719,-4.46988],"stabilizedTipPosition":[62.6444,278.523,74.6483],"timeVisible":1.19281,"tipPosition":[54.7596,288.594,25.5182],"tipVelocity":[19.6789,15.2691,-102],"tool":false,"touchDistance":0.333333,"touchZone":"none","type":3,"width":18.0715},{"bases":[[[0.991026,-0.0890502,0.0996841],[0.0546487,0.950519,0.305822],[-0.121985,-0.29763,0.946856]],[[0.985635,-0.100369,0.135829],[0.163672,0.766009,-0.621645],[-0.0416517,0.634946,0.771433]],[[0.985635,-0.100369,0.135829],[0.0576245,-0.556128,-0.829096],[0.158754,0.825013,-0.542356]],[[0.985635,-0.100369,0.135829],[-0.0734031,-0.9789,-0.190703],[0.152103,0.177994,-0.972205]]],"btipPosition":[65.3063,301.729,33.1776],"carpPosition":[62.4878,326.119,87.9762],"dipPosition":[67.9272,304.796,16.425],"direction":[-0.158754,-0.825013,0.542356],"extended":false,"handId":448,"id":4484,"length":50.4953,"mcpPosition":[69.559,343.372,33.0894],"pipPosition":[71.0313,320.928,5.82044],"stabilizedTipPosition":[78.3435,289.401,92.8683],"timeVisible":1.19281,"tipPosition":[65.9755,301.958,28.733],"tipVelocity":[20.2007,16.873,-108.516],"tool":false,"touchDistance":0.333333,"touchZone":"none","type":4,"width":16.0525}],"r":[[0.691746,0.570857,0.442279],[-0.719826,0.594078,0.359057],[-0.0577777,-0.56674,0.821868]],"s":1.01132,"t":[-38.222,107.864,-180.176],"timestamp":521651207361},false],[2,{"currentFrameRate":109.627,"devices":[],"gestures":[],"hands":[{"armBasis":[[0.826486,0.462982,-0.320264],[-0.263388,0.820802,0.506863],[0.497542,-0.334562,0.800325]],"armWidth":63.7005,"confidence":0.774468,"direction":[-0.158366,0.32343,-0.932906],"elbow":[184.492,224.602,310.96],"grabStrength":0,"id":448,"palmNormal":[0.293683,-0.886638,-0.357244],"palmPosition":[35.7319,326.018,43.3796],"palmVelocity":[24.0475,-33.118,-125.463],"palmWidth":90.9622,"pinchStrength":0.509646,"r":[[0.691533,0.570015,0.443695],[-0.719876,0.594572,0.358137],[-0.0596653,-0.567069,0.821506]],"s":1.0108,"sphereCenter":[47.3415,294.159,6.20123],"sphereRadius":50.4828,"stabilizedPalmPosition":[54.688,315.937,129.563],"t":[-37.9659,107.23,-181.352],"timeVisible":1.20186,"type":"right","wrist":[50.1965,314.906,94.9377]}],"id":4128365,"interactionBox":{"center":[0,200,0],"size":[235.247,235.247,147.751]},"pointables":[{"bases":[[[0.0857567,0.989159,0.119208],[-0.828208,0.0042659,0.560404],[0.55382,-0.146788,0.819595]],[[-0.16234,0.955271,-0.247191],[-0.80532,0.0164898,0.592612],[0.570181,0.295272,0.766621]],[[-0.16234,0.955271,-0.247191],[-0.957115,-0.0915272,0.274869],[0.23995,0.281212,0.929163]],[[-0.16234,0.955271,-0.247191],[-0.914834,-0.239588,-0.32508],[-0.369763,0.173365,0.912809]]],"btipPosition":[-0.93808,266.431,4.28334],"carpPosition":[27.0429,294.807,95.5667],"dipPosition":[-9.58922,270.487,25.6398],"direction":[-0.23995,-0.281212,-0.929163],"extended":true,"handId":448,"id":4480,"length":52.1005,"mcpPosition":[27.0429,294.807,95.5667],"pipPosition":[-1.41048,280.072,57.3105],"stabilizedTipPosition":[4.84926,249.668,111.682],"timeVisible":1.20186,"tipPosition":[-3.66181,267.542,8.96564],"tipVelocity":[41.8353,-45.9295,-125.411],"tool":false,"touchDistance":-0.436051,"touchZone":"hovering","type":0,"width":20.2438},{"bases":[[[0.90272,0.380166,-0.201419],[-0.337072,0.915892,0.217999],[0.267354,-0.1289,0.954938]],[[0.936,0.350947,-0.0272031],[-0.336966,0.915688,0.219021],[0.101774,-0.195837,0.975341]],[[0.936,0.350947,-0.0272031],[-0.346777,0.932618,0.0998418],[0.0604093,-0.0840186,0.994631]],[[0.936,0.350947,-0.0272031],[-0.350994,0.936372,0.00317167],[0.0265853,0.00657945,0.999625]]],"btipPosition":[1.26085,338.072,-61.0263],"carpPosition":[27.2089,318.263,92.2041],"dipPosition":[1.71494,338.184,-43.9523],"direction":[-0.0604093,0.0840186,-0.994631],"extended":true,"handId":448,"id":4481,"length":58.7895,"mcpPosition":[7.54574,327.743,21.9712],"pipPosition":[3.17461,336.154,-19.919],"stabilizedTipPosition":[8.66931,331.697,31.4198],"timeVisible":1.20186,"tipPosition":[1.39305,338.309,-57.0544],"tipVelocity":[46.974,-30.842,-131.987],"tool":false,"touchDistance":-0.444797,"touchZone":"touching","type":1,"width":19.3369},{"bases":[[[0.974689,0.197511,-0.104745],[-0.173652,0.963926,0.201721],[0.140808,-0.178426,0.973826]],[[0.974546,0.197691,-0.105725],[-0.21809,0.726774,-0.651335],[-0.0519244,0.657814,0.751389]],[[0.974546,0.197691,-0.105725],[0.0258737,-0.567626,-0.82288],[-0.222688,0.799199,-0.558293]],[[0.974546,0.197691,-0.105725],[0.179823,-0.970936,-0.157948],[-0.133877,0.134916,-0.981771]]],"btipPosition":[38.997,280.02,19.7475],"carpPosition":[37.4704,324.527,89.5601],"dipPosition":[36.482,282.555,1.30372],"direction":[0.222688,-0.799199,0.558293],"extended":false,"handId":448,"id":4482,"length":66.986,"mcpPosition":[27.6495,336.972,21.6389],"pipPosition":[30.1515,305.274,-14.5673],"stabilizedTipPosition":[50.0803,266.608,80.4821],"timeVisible":1.20186,"tipPosition":[38.4269,280.031,14.535],"tipVelocity":[26.2315,-25.6063,-116.781],"tool":false,"touchDistance":0.333333,"touchZone":"none","type":2,"width":18.9914},{"bases":[[[0.995085,0.0958707,0.0247971],[-0.0989941,0.969395,0.224663],[-0.0024996,-0.226013,0.974121]],[[0.994054,0.106626,-0.0220658],[-0.0930431,0.726533,-0.680803],[-0.0565599,0.678808,0.732134]],[[0.994054,0.106626,-0.0220658],[0.0461935,-0.596478,-0.801299],[-0.0986012,0.795515,-0.597857]],[[0.994054,0.106626,-0.0220658],[0.10288,-0.986111,-0.130383],[-0.0356617,0.127338,-0.991218]]],"btipPosition":[55.1898,287.379,29.0321],"carpPosition":[49.1103,327.955,87.6629],"dipPosition":[54.5237,289.758,10.5179],"direction":[0.0986012,-0.795515,0.597857],"extended":false,"handId":448,"id":4483,"length":64.4088,"mcpPosition":[49.2668,342.108,26.6626],"pipPosition":[51.7931,311.788,-6.0389],"stabilizedTipPosition":[62.6426,278.526,74.6364],"timeVisible":1.20186,"tipPosition":[55.0705,287.44,23.9099],"tipVelocity":[23.6135,-24.0774,-127.435],"tool":false,"touchDistance":0.333333,"touchZone":"none","type":3,"width":18.0715},{"bases":[[[0.990694,-0.0924311,0.0999104],[0.0571537,0.948704,0.310958],[-0.123528,-0.302354,0.945158]],[[0.985438,-0.103569,0.134856],[0.165315,0.76917,-0.617292],[-0.0397952,0.630596,0.77509]],[[0.985438,-0.103569,0.134856],[0.0555296,-0.553597,-0.830931],[0.160714,0.826319,-0.539784]],[[0.985438,-0.103569,0.134856],[-0.076499,-0.978339,-0.192355],[0.151857,0.179237,-0.972015]]],"btipPosition":[65.6824,300.491,31.7527],"carpPosition":[62.8742,324.5,86.6357],"dipPosition":[68.2991,303.58,15.0034],"direction":[-0.160714,-0.826319,0.539784],"extended":false,"handId":448,"id":4484,"length":50.4953,"mcpPosition":[70.0348,342.027,31.8473],"pipPosition":[71.4415,319.736,4.44911],"stabilizedTipPosition":[78.3425,289.402,92.8626],"timeVisible":1.20186,"tipPosition":[66.3417,300.719,27.3162],"tipVelocity":[26.0627,-25.3756,-121.991],"tool":false,"touchDistance":0.333333,"touchZone":"none","type":4,"width":16.0525}],"r":[[0.691533,0.570015,0.443695],[-0.719876,0.594572,0.358137],[-0.0596653,-0.567069,0.821506]],"s":1.0108,"t":[-37.9659,107.23,-181.352],"timestamp":521651216411},false],[3,{"currentFrameRate":109.597,"devices":[],"gestures":[],"hands":[{"armBasis":[[0.825568,0.464633,-0.32024],[-0.265339,0.820472,0.506381],[0.498029,-0.33308,0.80064]],"armWidth":63.7005,"confidence":0.77546,"direction":[-0.158102,0.328747,-0.93109],"elbow":[184.782,224.217,310.11],"grabStrength":0,"id":448,"palmNormal":[0.294388,-0.884374,-0.36224],"palmPosition":[35.9093,325.524,42.5029],"palmVelocity":[22.7286,-38.9122,-117.101],"palmWidth":90.9622,"pinchStrength":0.511634,"r":[[0.691248,0.568907,0.445557],[-0.720022,0.594466,0.35802],[-0.0611884,-0.568291,0.820549]],"s":1.01022,"sphereCenter":[47.4547,293.827,5.13992],"sphereRadius":50.4754,"stabilizedPalmPosition":[54.6874,315.937,129.56],"t":[-37.7491,106.666,-182.379],"timeVisible":1.21104,"type":"right","wrist":[50.3552,314.121,94.0029]}],"id":4128366,"interactionBox":{"center":[0,200,0],"size":[235.247,235.247,147.751]},"pointables":[{"bases":[[[0.0851071,0.988501,0.124992],[-0.828485,0.00051934,0.56001],[0.553506,-0.151215,0.819003]],[[-0.16402,0.955922,-0.243539],[-0.804775,0.0131035,0.593436],[0.57047,0.293329,0.767152]],[[-0.16402,0.955922,-0.243539],[-0.957196,-0.0945433,0.273563],[0.23848,0.277985,0.930512]],[[-0.16402,0.955922,-0.243539],[-0.912483,-0.240825,-0.330724],[-0.374796,0.16798,0.911762]]],"btipPosition":[-0.614205,265.961,3.17237],"carpPosition":[27.2133,294.004,94.5037],"dipPosition":[-9.38311,269.892,24.5044],"direction":[-0.23848,-0.277985,-0.930512],"extended":true,"handId":448,"id":4480,"length":52.1005,"mcpPosition":[27.2133,294.004,94.5037],"pipPosition":[-1.25448,279.367,56.221],"stabilizedTipPosition":[4.84783,249.671,111.662],"timeVisible":1.21104,"tipPosition":[-3.33686,267.097,7.82466],"tipVelocity":[39.1837,-48.2586,-124.364],"tool":false,"touchDistance":-0.437529,"touchZone":"hovering","type":0,"width":20.2438},{"bases":[[[0.902592,0.381866,-0.198763],[-0.337726,0.91441,0.223147],[0.266963,-0.134283,0.954305]],[[0.935817,0.351629,-0.0245724],[-0.337773,0.914504,0.222693],[0.100777,-0.2001,0.974579]],[[0.935817,0.351629,-0.0245724],[-0.347474,0.93198,0.103324],[0.0592327,-0.0881539,0.994344]],[[0.935817,0.351629,-0.0245724],[-0.351578,0.936136,0.00650873],[0.0252918,0.00254814,0.999677]]],"btipPosition":[1.54105,338.037,-61.8676],"carpPosition":[27.3669,317.48,91.2775],"dipPosition":[1.97304,338.081,-44.7928],"direction":[-0.0592327,0.0881539,-0.994344],"extended":true,"handId":448,"id":4481,"length":58.7895,"mcpPosition":[7.73257,327.356,21.0911],"pipPosition":[3.40428,335.95,-20.7664],"stabilizedTipPosition":[8.66126,331.704,31.3175],"timeVisible":1.21104,"tipPosition":[1.64229,338.291,-57.8885],"tipVelocity":[42.2283,-23.7805,-120.726],"tool":false,"touchDistance":-0.441268,"touchZone":"touching","type":1,"width":19.3369},{"bases":[[[0.974622,0.198695,-0.103115],[-0.174327,0.962635,0.207229],[0.140437,-0.183994,0.972843]],[[0.974427,0.198949,-0.104457],[-0.218674,0.732624,-0.644549],[-0.051705,0.650908,0.757394]],[[0.974427,0.198949,-0.104457],[0.0252938,-0.559023,-0.828766],[-0.223276,0.80493,-0.549759]],[[0.974427,0.198949,-0.104457],[0.179932,-0.969292,-0.167625],[-0.134598,0.144543,-0.980301]]],"btipPosition":[39.1982,279.636,18.3713],"carpPosition":[37.6259,323.765,88.6749],"dipPosition":[36.6696,282.352,-0.0448541],"direction":[0.223276,-0.80493,0.549759],"extended":false,"handId":448,"id":4482,"length":66.986,"mcpPosition":[27.8309,336.598,20.8223],"pipPosition":[30.3224,305.234,-15.6732],"stabilizedTipPosition":[50.0779,266.611,80.4681],"timeVisible":1.21104,"tipPosition":[38.6316,279.739,13.3138],"tipVelocity":[24.9319,-28.8795,-125.846],"tool":false,"touchDistance":0.333333,"touchZone":"none","type":2,"width":18.9914},{"bases":[[[0.995015,0.0963169,0.0258447],[-0.0996836,0.968015,0.230239],[-0.00284216,-0.231667,0.972791]],[[0.994001,0.107343,-0.0209519],[-0.0932268,0.731436,-0.675508],[-0.057186,0.673409,0.737055]],[[0.994001,0.107343,-0.0209519],[0.0469541,-0.591859,-0.804673],[-0.0987764,0.798862,-0.593349]],[[0.994001,0.107343,-0.0209519],[0.103587,-0.985481,-0.134523],[-0.0350877,0.131545,-0.990689]]],"btipPosition":[55.3879,287.059,27.9014],"carpPosition":[49.2648,327.211,86.8034],"dipPosition":[54.7325,289.516,9.397],"direction":[0.0987764,-0.798862,0.593349],"extended":false,"handId":448,"id":4483,"length":64.4088,"mcpPosition":[49.4428,341.718,25.8863],"pipPosition":[51.997,311.64,-7.03493],"stabilizedTipPosition":[62.6412,278.527,74.6264],"timeVisible":1.21104,"tipPosition":[55.2735,287.138,22.8326],"tipVelocity":[23.1196,-26.5298,-126.184],"tool":false,"touchDistance":0.333333,"touchZone":"none","type":3,"width":18.0715},{"bases":[[[0.9907,-0.0924204,0.0998612],[0.0564343,0.946916,0.316489],[-0.12381,-0.30791,0.943325]],[[0.985622,-0.103405,0.13363],[0.16419,0.772843,-0.612989],[-0.0398896,0.626116,0.778709]],[[0.985622,-0.103405,0.13363],[0.0553014,-0.549894,-0.833401],[0.15966,0.828809,-0.536269]],[[0.985622,-0.103405,0.13363],[-0.0760025,-0.977664,-0.195952],[0.150908,0.182978,-0.971466]]],"btipPosition":[65.8961,300.129,30.7801],"carpPosition":[63.0313,323.771,85.763],"dipPosition":[68.4965,303.282,14.0402],"direction":[-0.15966,-0.828809,0.536269],"extended":false,"handId":448,"id":4484,"length":50.4953,"mcpPosition":[70.2083,341.62,31.0808],"pipPosition":[71.6183,319.487,3.55467],"stabilizedTipPosition":[78.3415,289.403,92.8573],"timeVisible":1.21104,"tipPosition":[66.5467,300.376,26.3489],"tipVelocity":[25.1736,-28.8548,-117.454],"tool":false,"touchDistance":0.333333,"touchZone":"none","type":4,"width":16.0525}],"r":[[0.691248,0.568907,0.445557],[-0.720022,0.594466,0.35802],[-0.0611884,-0.568291,0.820549]],"s":1.01022,"t":[-37.7491,106.666,-182.379],"timestamp":521651225589},false],[4,{"currentFrameRate":109.729,"devices":[],"gestures":[],"hands":[{"armBasis":[[0.827135,0.462752,-0.318916],[-0.267706,0.823367,0.500399],[0.494146,-0.328522,0.804918]],"armWidth":63.7005,"confidence":0.783743,"direction":[-0.158487,0.330349,-0.930458],"elbow":[183.885,225.397,310.297],"grabStrength":0,"id":448,"palmNormal":[0.295056,-0.883461,-0.363921],"palmPosition":[36.0441,325.558,41.559],"palmVelocity":[20.6822,-27.3129,-114.173],"palmWidth":90.9622,"pinchStrength":0.513871,"r":[[0.690937,0.567965,0.447239],[-0.720226,0.594131,0.358165],[-0.0622934,-0.569582,0.81957]],"s":1.00957,"sphereCenter":[47.4587,293.886,4.14514],"sphereRadius":50.4463,"stabilizedPalmPosition":[54.6868,315.938,129.557],"t":[-37.5733,106.4,-183.364],"timeVisible":1.21992,"type":"right","wrist":[50.5059,314.071,93.0358]}],"id":4128367,"interactionBox":{"center":[0,200,0],"size":[235.247,235.247,147.751]},"pointables":[{"bases":[[[0.084324,0.988335,0.126818],[-0.828413,-0.00119134,0.560116],[0.553733,-0.152289,0.81865]],[[-0.166395,0.955376,-0.244067],[-0.803687,0.0120096,0.594932],[0.571315,0.295148,0.765825]],[[-0.166395,0.955376,-0.244067],[-0.957223,-0.0970817,0.27258],[0.236722,0.278983,0.930662]],[[-0.166395,0.955376,-0.244067],[-0.909324,-0.244402,-0.336744],[-0.381368,0.165904,0.909414]]],"btipPosition":[-0.275672,265.816,2.28693],"carpPosition":[27.3803,293.935,93.5022],"dipPosition":[-9.19833,269.697,23.564],"direction":[-0.236722,-0.278983,-0.930662],"extended":true,"handId":448,"id":4480,"length":52.1005,"mcpPosition":[27.3803,293.935,93.5022],"pipPosition":[-1.12963,279.206,55.2858],"stabilizedTipPosition":[4.84644,249.675,111.642],"timeVisible":1.21992,"tipPosition":[-3.02276,267.002,6.89661],"tipVelocity":[37.8158,-39.9602,-118.062],"tool":false,"touchDistance":-0.43558,"touchZone":"hovering","type":0,"width":20.2438},{"bases":[[[0.902257,0.382964,-0.198168],[-0.338436,0.913721,0.224889],[0.267194,-0.135841,0.95402]],[[0.935541,0.352407,-0.0239235],[-0.338685,0.914217,0.222486],[0.100277,-0.200042,0.974642]],[[0.935541,0.352407,-0.0239235],[-0.348332,0.931709,0.102877],[0.0585444,-0.0879127,0.994406]],[[0.935541,0.352407,-0.0239235],[-0.352368,0.935843,0.00593273],[0.0244794,0.00287958,0.999696]]],"btipPosition":[1.72367,338.074,-62.8091],"carpPosition":[27.5146,317.417,90.3196],"dipPosition":[2.14178,338.123,-45.7339],"direction":[-0.0585444,0.0879127,-0.994406],"extended":true,"handId":448,"id":4481,"length":58.7895,"mcpPosition":[7.86321,327.407,20.1541],"pipPosition":[3.55639,335.999,-21.706],"stabilizedTipPosition":[8.65481,331.71,31.2324],"timeVisible":1.21992,"tipPosition":[1.79607,338.372,-58.822],"tipVelocity":[36.2511,-16.1553,-116.735],"tool":false,"touchDistance":-0.439595,"touchZone":"touching","type":1,"width":19.3369},{"bases":[[[0.974448,0.199675,-0.102869],[-0.175078,0.962107,0.20904],[0.140711,-0.185688,0.972482]],[[0.974214,0.199981,-0.104474],[-0.219709,0.735481,-0.640933],[-0.0513356,0.64736,0.760453]],[[0.974214,0.199981,-0.104474],[0.0250168,-0.555927,-0.830855],[-0.224235,0.806817,-0.546594]],[[0.974214,0.199981,-0.104474],[0.180663,-0.968786,-0.169746],[-0.135159,0.146494,-0.979934]]],"btipPosition":[39.3413,279.784,17.2048],"carpPosition":[37.7682,323.715,87.7274],"dipPosition":[36.8022,282.537,-1.20454],"direction":[0.224235,-0.806817,0.546594],"extended":false,"handId":448,"id":4482,"length":66.986,"mcpPosition":[27.9541,336.666,19.9],"pipPosition":[30.4277,305.473,-16.743],"stabilizedTipPosition":[50.0761,266.613,80.4576],"timeVisible":1.21992,"tipPosition":[38.7816,279.903,12.2475],"tipVelocity":[22.4666,-16.2484,-127.301],"tool":false,"touchDistance":0.333333,"touchZone":"none","type":2,"width":18.9914},{"bases":[[[0.99494,0.0970732,0.0258972],[-0.100436,0.967505,0.23205],[-0.0025298,-0.233477,0.972359]],[[0.993913,0.10818,-0.0208566],[-0.0939271,0.733093,-0.673612],[-0.0575816,0.67147,0.738791]],[[0.993913,0.10818,-0.0208566],[0.0473921,-0.590712,-0.805489],[-0.0994582,0.799597,-0.592243]],[[0.993913,0.10818,-0.0208566],[0.104414,-0.985334,-0.134964],[-0.0351511,0.131965,-0.990631]]],"btipPosition":[55.5452,287.194,26.8766],"carpPosition":[49.404,327.173,85.8608],"dipPosition":[54.8887,289.658,8.37332],"direction":[0.0994582,-0.799597,0.592243],"extended":false,"handId":448,"id":4483,"length":64.4088,"mcpPosition":[49.5624,341.794,24.9708],"pipPosition":[52.1343,311.802,-8.02799],"stabilizedTipPosition":[62.6401,278.529,74.619],"timeVisible":1.21992,"tipPosition":[55.432,287.271,21.8371],"tipVelocity":[21.6467,-15.1742,-123.253],"tool":false,"touchDistance":0.333333,"touchZone":"none","type":3,"width":18.0715},{"bases":[[[0.990787,-0.0918048,0.0995634],[0.0557095,0.946372,0.318241],[-0.12344,-0.309762,0.942767]],[[0.986105,-0.102112,0.131035],[0.161586,0.772688,-0.613875],[-0.0385653,0.626519,0.778452]],[[0.986105,-0.102112,0.131035],[0.0533912,-0.552124,-0.83205],[0.157311,0.827485,-0.539001]],[[0.986105,-0.102112,0.131035],[-0.0756727,-0.978298,-0.192888],[0.147888,0.180292,-0.972432]]],"btipPosition":[66.0676,300.27,29.9409],"carpPosition":[63.1731,323.746,84.8123],"dipPosition":[68.616,303.376,13.1844],"direction":[-0.157311,-0.827485,0.539001],"extended":false,"handId":448,"id":4484,"length":50.4953,"mcpPosition":[70.3286,341.702,30.1624],"pipPosition":[71.6918,319.556,2.6454],"stabilizedTipPosition":[78.3408,289.404,92.853],"timeVisible":1.21992,"tipPosition":[66.7031,300.52,25.4794],"tipVelocity":[23.2188,-17.0445,-111.345],"tool":false,"touchDistance":0.333333,"touchZone":"none","type":4,"width":16.0525}],"r":[[0.690937,0.567965,0.447239],[-0.720226,0.594131,0.358165],[-0.0622934,-0.569582,0.81957]],"s":1.00957,"t":[-37.5733,106.4,-183.364],"timestamp":521651234468},false],[5,{"currentFrameRate":109.683,"devices":[],"gestures":[],"hands":[{"armBasis":[[0.829045,0.459732,-0.318326],[-0.266319,0.825183,0.498144],[0.49169,-0.328207,0.806549]],"armWidth":63.7005,"confidence":0.792398,"direction":[-0.155905,0.330006,-0.931015],"elbow":[183.171,225.673,309.595],"grabStrength":0,"id":448,"palmNormal":[0.293009,-0.884667,-0.362644],"palmPosition":[36.1159,325.746,40.3818],"palmVelocity":[17.08,-13.9347,-118.036],"palmWidth":90.9622,"pinchStrength":0.519696,"r":[[0.690876,0.566871,0.448719],[-0.720153,0.594361,0.357931],[-0.0638004,-0.570432,0.818863]],"s":1.00896,"sphereCenter":[47.3412,294.042,3.06881],"sphereRadius":50.367,"stabilizedPalmPosition":[54.6863,315.938,129.555],"t":[-37.4495,106.362,-184.445],"timeVisible":1.22912,"type":"right","wrist":[50.4552,314.262,91.8932]}],"id":4128368,"interactionBox":{"center":[0,200,0],"size":[235.247,235.247,147.751]},"pointables":[{"bases":[[[0.0870893,0.988188,0.126097],[-0.829366,0.00179955,0.558703],[0.551877,-0.153237,0.819726]],[[-0.164848,0.954688,-0.247784],[-0.804636,0.0151207,0.593576],[0.570426,0.297225,0.765683]],[[-0.164848,0.954688,-0.247784],[-0.95842,-0.0957196,0.268829],[0.23293,0.281797,0.930771]],[[-0.164848,0.954688,-0.247784],[-0.904285,-0.246598,-0.348508],[-0.393819,0.166616,0.903961]]],"btipPosition":[0.0771995,265.86,1.25343],"carpPosition":[27.2683,294.196,92.3378],"dipPosition":[-9.13678,269.758,22.4029],"direction":[-0.23293,-0.281797,-0.930771],"extended":true,"handId":448,"id":4480,"length":52.1005,"mcpPosition":[27.2683,294.196,92.3378],"pipPosition":[-1.19731,279.363,54.1284],"stabilizedTipPosition":[4.84517,249.678,111.623],"timeVisible":1.22912,"tipPosition":[-2.79116,267.109,5.81882],"tipVelocity":[35.9317,-27.3155,-117.36],"tool":false,"touchDistance":-0.436298,"touchZone":"hovering","type":0,"width":20.2438},{"bases":[[[0.903745,0.380067,-0.196963],[-0.336061,0.914935,0.223512],[0.265158,-0.135806,0.954593]],[[0.936656,0.349529,-0.022473],[-0.336442,0.915713,0.219719],[0.097377,-0.19824,0.975304]],[[0.936656,0.349529,-0.022473],[-0.345783,0.933018,0.0995603],[0.0557669,-0.0854829,0.994778]],[[0.936656,0.349529,-0.022473],[-0.349569,0.936908,0.00224167],[0.0218387,0.0057562,0.999745]]],"btipPosition":[2.0744,338.144,-64.0742],"carpPosition":[27.4788,317.674,89.1349],"dipPosition":[2.44741,338.242,-46.9982],"direction":[-0.0557669,0.0854829,-0.994778],"extended":true,"handId":448,"id":4481,"length":58.7895,"mcpPosition":[7.97718,327.662,18.9273],"pipPosition":[3.79491,336.176,-22.9613],"stabilizedTipPosition":[8.64959,331.716,31.1589],"timeVisible":1.22912,"tipPosition":[2.11596,338.483,-60.0827],"tipVelocity":[36.4615,-9.17608,-122.548],"tool":false,"touchDistance":-0.442943,"touchZone":"touching","type":1,"width":19.3369},{"bases":[[[0.975219,0.196645,-0.101382],[-0.172531,0.962814,0.207899],[0.138494,-0.185256,0.972882]],[[0.974945,0.197009,-0.103297],[-0.216645,0.73556,-0.641885],[-0.0504759,0.648181,0.759811]],[[0.974945,0.197009,-0.103297],[0.0248946,-0.55808,-0.829413],[-0.22105,0.80606,-0.549002]],[[0.974945,0.197009,-0.103297],[0.178385,-0.969847,-0.166056],[-0.132897,0.143469,-0.980691]]],"btipPosition":[39.3091,280.017,16.1177],"carpPosition":[37.7558,323.939,86.5546],"dipPosition":[36.8124,282.713,-2.30585],"direction":[0.22105,-0.80606,0.549002],"extended":false,"handId":448,"id":4482,"length":66.986,"mcpPosition":[28.0963,336.86,18.6993],"pipPosition":[30.5285,305.627,-17.9127],"stabilizedTipPosition":[50.0748,266.614,80.4498],"timeVisible":1.22912,"tipPosition":[38.7604,280.118,11.169],"tipVelocity":[15.4996,-5.02251,-124.852],"tool":false,"touchDistance":0.333333,"touchZone":"none","type":2,"width":18.9914},{"bases":[[[0.995183,0.0940954,0.027509],[-0.0979121,0.968007,0.231032],[-0.00488988,-0.232613,0.972557]],[[0.994269,0.10516,-0.0192366],[-0.0904299,0.731346,-0.675985],[-0.0570177,0.673851,0.736664]],[[0.994269,0.10516,-0.0192366],[0.047538,-0.596084,-0.801513],[-0.0957535,0.796006,-0.597667]],[[0.994269,0.10516,-0.0192366],[0.101891,-0.986631,-0.12719],[-0.0323546,0.124501,-0.991692]]],"btipPosition":[55.5141,287.459,25.9733],"carpPosition":[49.4051,327.361,84.7048],"dipPosition":[54.9098,289.785,7.45019],"direction":[0.0957535,-0.796006,0.597667],"extended":false,"handId":448,"id":4483,"length":64.4088,"mcpPosition":[49.7113,341.927,23.8025],"pipPosition":[52.2581,311.829,-9.10133],"stabilizedTipPosition":[62.6394,278.53,74.6135],"timeVisible":1.22912,"tipPosition":[55.4132,287.496,20.9051],"tipVelocity":[15.0121,-3.82144,-116.387],"tool":false,"touchDistance":0.333333,"touchZone":"none","type":3,"width":18.0715},{"bases":[[[0.990335,-0.0947043,0.101333],[0.0580224,0.946479,0.317508],[-0.125979,-0.308559,0.942826]],[[0.986417,-0.10331,0.127704],[0.160846,0.765184,-0.623395],[-0.0333137,0.635468,0.771408]],[[0.986417,-0.10331,0.127704],[0.0476453,-0.564072,-0.82435],[0.157198,0.819238,-0.551488]],[[0.986417,-0.10331,0.127704],[-0.0792014,-0.980246,-0.181233],[0.143904,0.168657,-0.975114]]],"btipPosition":[66.0925,300.39,29.3474],"carpPosition":[63.1656,323.891,83.6828],"dipPosition":[68.5722,303.297,12.5447],"direction":[-0.157198,-0.819238,0.551488],"extended":false,"handId":448,"id":4484,"length":50.4953,"mcpPosition":[70.4683,341.778,29.0296],"pipPosition":[71.6459,319.315,1.76153],"stabilizedTipPosition":[78.3402,289.405,92.8497],"timeVisible":1.22912,"tipPosition":[66.7205,300.654,24.7578],"tipVelocity":[17.0015,-10.0104,-98.573],"tool":false,"touchDistance":0.333333,"touchZone":"none","type":4,"width":16.0525}],"r":[[0.690876,0.566871,0.448719],[-0.720153,0.594361,0.357931],[-0.0638004,-0.570432,0.818863]],"s":1.00896,"t":[-37.4495,106.362,-184.445],"timestamp":521651243666},false],[6,{"currentFrameRate":109.819,"devices":[],"gestures":[],"hands":[{"armBasis":[[0.826912,0.460403,-0.322871],[-0.263842,0.824698,0.500261],[0.496592,-0.328485,0.803426]],"armWidth":63.7005,"confidence":0.806065,"direction":[-0.153799,0.327515,-0.932245],"elbow":[184.474,226.125,307.857],"grabStrength":0,"id":448,"palmNormal":[0.291339,-0.886497,-0.359507],"palmPosition":[36.1952,326.149,39.432],"palmVelocity":[14.8752,2.16316,-115.086],"palmWidth":90.9622,"pinchStrength":0.523813,"r":[[0.690977,0.565932,0.449746],[-0.719902,0.595119,0.357177],[-0.0655148,-0.570574,0.818629]],"s":1.00841,"sphereCenter":[47.2577,294.339,2.27953],"sphereRadius":50.2965,"stabilizedPalmPosition":[54.6859,315.938,129.553],"t":[-37.348,106.545,-185.46],"timeVisible":1.23798,"type":"right","wrist":[50.4346,314.788,90.9986]}],"id":4128369,"interactionBox":{"center":[0,200,0],"size":[235.247,235.247,147.751]},"pointables":[{"bases":[[[0.0893415,0.988355,0.123174],[-0.830135,0.00555675,0.557534],[0.550357,-0.152062,0.820965]],[[-0.163213,0.953727,-0.25252],[-0.80544,0.0190071,0.592372],[0.569761,0.300073,0.765068]],[[-0.163213,0.953727,-0.25252],[-0.959161,-0.0934554,0.266976],[0.231023,0.285782,0.930031]],[[-0.163213,0.953727,-0.25252],[-0.900149,-0.248723,-0.357586],[-0.403847,0.168943,0.899092]]],"btipPosition":[0.339538,266.113,0.558028],"carpPosition":[27.1978,294.781,91.4725],"dipPosition":[-9.10905,270.065,21.5936],"direction":[-0.231023,-0.285782,-0.930031],"extended":true,"handId":448,"id":4480,"length":52.1005,"mcpPosition":[27.1978,294.781,91.4725],"pipPosition":[-1.2346,279.806,53.2938],"stabilizedTipPosition":[4.84415,249.68,111.606],"timeVisible":1.23798,"tipPosition":[-2.60682,267.396,5.08623],"tipVelocity":[32.5643,-11.8008,-107.615],"tool":false,"touchDistance":-0.431826,"touchZone":"hovering","type":0,"width":20.2438},{"bases":[[[0.904949,0.37724,-0.196869],[-0.334122,0.916441,0.220222],[0.263496,-0.133512,0.955377]],[[0.937546,0.347152,-0.0222009],[-0.334642,0.917506,0.214936],[0.0949848,-0.194083,0.976376]],[[0.937546,0.347152,-0.0222009],[-0.343729,0.934329,0.0942366],[0.0534573,-0.08072,0.995302]],[[0.937546,0.347152,-0.0222009],[-0.347306,0.937745,-0.00341604],[0.0196329,0.0109132,0.999748]]],"btipPosition":[2.38459,338.168,-65.1279],"carpPosition":[27.4705,318.248,88.1976],"dipPosition":[2.71993,338.354,-48.0518],"direction":[-0.0534573,0.08072,-0.995302],"extended":true,"handId":448,"id":4481,"length":58.7895,"mcpPosition":[8.09114,328.068,17.9324],"pipPosition":[4.01161,336.404,-24.0023],"stabilizedTipPosition":[8.64562,331.72,31.0997],"timeVisible":1.23798,"tipPosition":[2.40106,338.56,-61.1329],"tipVelocity":[35.7989,-5.33471,-121.551],"tool":false,"touchDistance":-0.442787,"touchZone":"touching","type":1,"width":19.3369},{"bases":[[[0.97584,0.193939,-0.100623],[-0.170454,0.963871,0.204691],[0.136685,-0.182594,0.973641]],[[0.975519,0.194363,-0.102888],[-0.214243,0.734348,-0.644075],[-0.0496287,0.650351,0.758011]],[[0.975519,0.194363,-0.102888],[0.0247083,-0.561758,-0.826932],[-0.218524,0.804146,-0.552808]],[[0.975519,0.194363,-0.102888],[0.176564,-0.971123,-0.160455],[-0.131104,0.138361,-0.981666]]],"btipPosition":[39.2995,280.419,15.3358],"carpPosition":[37.7664,324.48,85.6124],"dipPosition":[36.8366,283.018,-3.10603],"direction":[0.218524,-0.804146,0.552808],"extended":false,"handId":448,"id":4482,"length":66.986,"mcpPosition":[28.2331,337.216,17.7042],"pipPosition":[30.6245,305.878,-18.8211],"stabilizedTipPosition":[50.074,266.615,80.4445],"timeVisible":1.23798,"tipPosition":[38.761,280.489,10.4038],"tipVelocity":[11.2434,7.94043,-115.048],"tool":false,"touchDistance":0.333333,"touchZone":"none","type":2,"width":18.9914},{"bases":[[[0.995372,0.0917386,0.028611],[-0.0958547,0.968952,0.227912],[-0.00681443,-0.229599,0.973261]],[[0.994552,0.102651,-0.0181286],[-0.0876451,0.729333,-0.678521],[-0.0564293,0.676414,0.734357]],[[0.994552,0.102651,-0.0181286],[0.047427,-0.600475,-0.798236],[-0.0928257,0.793028,-0.602072]],[[0.994552,0.102651,-0.0181286],[0.0997402,-0.987665,-0.120706],[-0.0302956,0.118241,-0.992523]]],"btipPosition":[55.5104,287.863,25.2333],"carpPosition":[49.4267,327.868,83.7684],"dipPosition":[54.9445,290.071,6.69469],"direction":[0.0928257,-0.793028,0.602072],"extended":false,"handId":448,"id":4483,"length":64.4088,"mcpPosition":[49.8534,342.246,22.8219],"pipPosition":[52.3738,312.033,-9.97881],"stabilizedTipPosition":[62.6388,278.53,74.6097],"timeVisible":1.23798,"tipPosition":[55.4191,287.864,20.1767],"tipVelocity":[11.0987,8.7227,-107.577],"tool":false,"touchDistance":0.333333,"touchZone":"none","type":3,"width":18.0715},{"bases":[[[0.989957,-0.0968201,0.10301],[0.059906,0.947308,0.314671],[-0.128048,-0.30534,0.943595]],[[0.986671,-0.103976,0.125178],[0.16031,0.753198,-0.63796],[-0.027951,0.649524,0.759827]],[[0.986671,-0.103976,0.125178],[0.0418713,-0.581126,-0.812736],[0.157249,0.807144,-0.569026]],[[0.986671,-0.103976,0.125178],[-0.082606,-0.982791,-0.165219],[0.140202,0.152676,-0.978281]]],"btipPosition":[66.1001,300.689,29.2032],"carpPosition":[63.18,324.361,82.7763],"dipPosition":[68.516,303.32,12.3459],"direction":[-0.157249,-0.807144,0.569026],"extended":false,"handId":448,"id":4484,"length":50.4953,"mcpPosition":[70.6026,342.061,28.0785],"pipPosition":[71.5907,319.102,1.21983],"stabilizedTipPosition":[78.3398,289.405,92.8473],"timeVisible":1.23798,"tipPosition":[66.731,300.967,24.4544],"tipVelocity":[12.1763,-0.106148,-76.6478],"tool":false,"touchDistance":0.333333,"touchZone":"none","type":4,"width":16.0525}],"r":[[0.690977,0.565932,0.449746],[-0.719902,0.595119,0.357177],[-0.0655148,-0.570574,0.818629]],"s":1.00841,"t":[-37.348,106.545,-185.46],"timestamp":521651252530},false],[7,{"curr