{"sensorType":"Leap","data":[[0,{"currentFrameRate":110.496,"devices":[],"gestures":[],"hands":[{"armBasis":[[0.866677,0.375532,-0.328399],[-0.144775,0.81929,0.554801],[0.4774,-0.43329,0.764428]],"armWidth":63.7005,"confidence":0.738507,"direction":[-0.185565,0.466002,-0.865105],"elbow":[178.88,181.602,298.335],"grabStrength":0,"id":450,"palmNormal":[0.15841,-0.854694,-0.494373],"palmPosition":[33.2979,318.276,43.8123],"palmVelocity":[24.5612,-13.871,-90.3854],"palmWidth":90.9622,"pinchStrength":0.402615,"r":[[0.771872,0.520875,0.364558],[-0.625169,0.726133,0.286172],[-0.115658,-0.448798,0.886117]],"s":1.31463,"sphereCenter":[44.6368,286.004,-3.10659],"sphereRadius":58.0098,"stabilizedPalmPosition":[44.5071,317.375,128.235],"t":[-47.8091,110.643,-178.18],"timeVisible":1.15675,"type":"right","wrist":[50.0214,298.555,92.0027]}],"id":4129407,"interactionBox":{"center":[0,200,0],"size":[235.247,235.247,147.751]},"pointables":[{"bases":[[[0.21234,0.947454,0.239254],[-0.778896,0.0162459,0.626943],[0.590112,-0.319479,0.741418]],[[-0.0247065,0.998094,-0.0565581],[-0.85535,0.00817922,0.517986],[0.517461,0.0611746,0.853517]],[[-0.0247065,0.998094,-0.0565581],[-0.964958,-0.00902567,0.262248],[0.261238,0.0610555,0.963342]],[[-0.0247065,0.998094,-0.0565581],[-0.884006,-0.0482311,-0.464981],[-0.466823,0.0385096,0.883512]]],"btipPosition":[0.923524,275.178,-4.05844],"carpPosition":[24.7284,281.212,92.0408],"dipPosition":[-9.99847,276.079,16.6126],"direction":[-0.261238,-0.0610555,-0.963342],"extended":false,"handId":450,"id":4500,"length":52.1005,"mcpPosition":[24.7284,281.212,92.0408],"pipPosition":[-1.09412,278.16,49.4483],"stabilizedTipPosition":[0.235292,261.094,89.8275],"timeVisible":1.15675,"tipPosition":[-1.87187,275.117,0.337748],"tipVelocity":[26.9553,-11.8125,-86.8954],"tool":false,"touchDistance":-0.395726,"touchZone":"hovering","type":0,"width":20.2438},{"bases":[[[0.924855,0.303775,-0.228831],[-0.207948,0.907685,0.364507],[0.318435,-0.289531,0.902647]],[[0.975489,0.219861,0.00901482],[-0.218547,0.963259,0.156109],[0.0256388,-0.154253,0.987699]],[[0.975489,0.219861,0.00901482],[-0.219848,0.972054,0.0823301],[0.00933832,-0.0822941,0.996564]],[[0.975489,0.219861,0.00901482],[-0.220028,0.975117,0.0271044],[-0.00283128,-0.0284236,0.999592]]],"btipPosition":[2.76767,335.142,-58.1947],"carpPosition":[27.4661,304.749,91.7667],"dipPosition":[2.71931,334.657,-41.1213],"direction":[-0.00933832,0.0822941,-0.996564],"extended":true,"handId":450,"id":4501,"length":58.7895,"mcpPosition":[4.04612,326.043,25.3796],"pipPosition":[2.94495,332.668,-17.0413],"stabilizedTipPosition":[2.1089,339.874,9.59107],"timeVisible":1.15675,"tipPosition":[2.65023,334.795,-54.2096],"tipVelocity":[38.0816,0.117745,-93.8083],"tool":false,"touchDistance":-0.404751,"touchZone":"touching","type":1,"width":19.3369},{"bases":[[[0.981182,0.102646,-0.163541],[-0.0415547,0.939398,0.340301],[0.188561,-0.327102,0.925986]],[[0.963712,0.127574,-0.234486],[-0.0951552,0.984881,0.144755],[0.249408,-0.11719,0.961282]],[[0.963712,0.127574,-0.234486],[-0.115907,0.991264,0.0629416],[0.240467,-0.0334791,0.97008]],[[0.963712,0.127574,-0.234486],[-0.130891,0.991396,0.00142792],[0.232651,0.0293161,0.972118]]],"btipPosition":[1.81081,339.025,-67.6751],"carpPosition":[38.1867,310.163,89.0689],"dipPosition":[6.18144,339.576,-49.4126],"direction":[-0.240467,0.0334791,-0.97008],"extended":true,"handId":450,"id":4502,"length":66.986,"mcpPosition":[25.0353,332.978,24.4845],"pipPosition":[13.0174,338.624,-21.8355],"stabilizedTipPosition":[0.57222,343.839,7.2032],"timeVisible":1.15675,"tipPosition":[2.44041,339.714,-63.2553],"tipVelocity":[43.1362,-15.7316,-96.4054],"tool":false,"touchDistance":-0.407271,"touchZone":"touching","type":2,"width":18.9914},{"bases":[[[0.998558,-0.0177178,-0.0506768],[0.0346846,0.933425,0.357093],[0.0409761,-0.358335,0.932693]],[[0.998396,-0.0163664,-0.0541938],[-0.0147312,0.849211,-0.527848],[0.0546609,0.5278,0.847608]],[[0.998396,-0.0163664,-0.0541938],[-0.0566101,-0.294355,-0.954018],[-0.000338392,0.955556,-0.29481]],[[0.998396,-0.0163664,-0.0541938],[-0.0417391,-0.859535,-0.50937],[-0.0382449,0.510815,-0.85884]]],"btipPosition":[45.7021,275.392,14.5579],"carpPosition":[49.9858,312.531,86.6171],"dipPosition":[44.9877,284.933,-1.4838],"direction":[0.000338392,-0.955556,0.29481],"extended":false,"handId":450,"id":4503,"length":64.4088,"mcpPosition":[47.4198,334.971,28.2111],"pipPosition":[44.9783,311.396,-9.64813],"stabilizedTipPosition":[52.8509,276.811,72.9589],"timeVisible":1.15675,"tipPosition":[45.4979,277.332,10.1802],"tipVelocity":[16.9402,-9.11977,-85.968],"tool":false,"touchDistance":0.333333,"touchZone":"none","type":3,"width":18.0715},{"bases":[[[0.97704,-0.213056,-0.000687883],[0.193058,0.883956,0.425852],[-0.0901223,-0.416208,0.904792]],[[0.961848,-0.256244,0.095847],[0.26737,0.80619,-0.527799],[0.0579746,0.533289,0.843944]],[[0.961848,-0.256244,0.095847],[0.00768161,-0.324906,-0.945715],[0.273475,0.910371,-0.310542]],[[0.961848,-0.256244,0.095847],[-0.174002,-0.843326,-0.508454],[0.211119,0.472378,-0.855738]]],"btipPosition":[57.3141,287.109,22.4763],"carpPosition":[63.1244,307.773,83.9393],"dipPosition":[60.952,295.249,7.73066],"direction":[-0.273475,-0.910371,0.310542],"extended":false,"handId":450,"id":4504,"length":50.4953,"mcpPosition":[68.3485,331.9,31.4908],"pipPosition":[66.2992,313.049,1.65868],"stabilizedTipPosition":[69.267,288.173,87.9368],"timeVisible":1.15675,"tipPosition":[58.2085,288.826,18.1599],"tipVelocity":[18.2834,-17.6223,-67.9515],"tool":false,"touchDistance":0.333333,"touchZone":"none","type":4,"width":16.0525}],"r":[[0.771872,0.520875,0.364558],[-0.625169,0.726133,0.286172],[-0.115658,-0.448798,0.886117]],"s":1.31463,"t":[-47.8091,110.643,-178.18],"timestamp":521661779866},false],[1,{"currentFrameRate":110.482,"devices":[],"gestures":[],"hands":[{"armBasis":[[0.868799,0.3728,-0.325897],[-0.144501,0.820393,0.553241],[0.473612,-0.433562,0.766626]],"armWidth":63.7005,"confidence":0.750988,"direction":[-0.184375,0.465346,-0.865713],"elbow":[178.022,181.386,298.42],"grabStrength":0,"id":450,"palmNormal":[0.1579,-0.855348,-0.493404],"palmPosition":[33.5222,318.105,43.2706],"palmVelocity":[24.6034,-15.2683,-81.8981],"palmWidth":90.9622,"pinchStrength":0.403714,"r":[[0.772711,0.519494,0.364751],[-0.623809,0.727758,0.285011],[-0.117389,-0.447766,0.886411]],"s":1.31521,"sphereCenter":[44.7913,285.88,-3.5765],"sphereRadius":57.9513,"stabilizedPalmPosition":[44.5051,317.375,128.22],"t":[-47.5864,110.476,-178.833],"timeVisible":1.16582,"type":"right","wrist":[50.186,298.413,91.4938]}],"id":4129408,"interactionBox":{"center":[0,200,0],"size":[235.247,235.247,147.751]},"pointables":[{"bases":[[[0.213153,0.947463,0.238493],[-0.779382,0.0176896,0.626299],[0.589177,-0.319375,0.742207]],[[-0.0239261,0.998032,-0.0579634],[-0.855771,0.00952598,0.517267],[0.516801,0.0619796,0.853859]],[[-0.0239261,0.998032,-0.0579634],[-0.96532,-0.00798668,0.260948],[0.259972,0.0621967,0.963611]],[[-0.0239261,0.998032,-0.0579634],[-0.8819,-0.0483774,-0.468947],[-0.470828,0.0398978,0.881322]]],"btipPosition":[1.23952,274.951,-4.5456],"carpPosition":[24.8746,281.097,91.5286],"dipPosition":[-9.77619,275.884,16.0742],"direction":[-0.259972,-0.0621967,-0.963611],"extended":false,"handId":450,"id":4500,"length":52.1005,"mcpPosition":[24.8746,281.097,91.5286],"pipPosition":[-0.915013,278.004,48.9191],"stabilizedTipPosition":[0.235039,261.096,89.8127],"timeVisible":1.16582,"tipPosition":[-1.59602,274.926,-0.155002],"tipVelocity":[28.4733,-15.2244,-78.0703],"tool":false,"touchDistance":-0.391971,"touchZone":"hovering","type":0,"width":20.2438},{"bases":[[[0.925361,0.302568,-0.228386],[-0.207277,0.908264,0.363446],[0.317402,-0.288979,0.903187]],[[0.975726,0.218779,0.00973114],[-0.217586,0.963456,0.156231],[0.0248045,-0.154556,0.987673]],[[0.975726,0.218779,0.00973114],[-0.218822,0.972228,0.0830076],[0.00869942,-0.0831221,0.996501]],[[0.975726,0.218779,0.00973114],[-0.21897,0.975325,0.0281711],[-0.00332779,-0.0296181,0.999556]]],"btipPosition":[3.07478,335.037,-58.7643],"carpPosition":[27.6375,304.631,91.2336],"dipPosition":[3.01794,334.531,-41.6915],"direction":[-0.00869942,0.0831221,-0.996501],"extended":true,"handId":450,"id":4501,"length":58.7895,"mcpPosition":[4.29348,325.884,24.8068],"pipPosition":[3.22814,332.522,-17.6131],"stabilizedTipPosition":[2.1117,339.86,9.40218],"timeVisible":1.16582,"tipPosition":[2.96693,334.65,-54.7866],"tipVelocity":[36.8496,-3.27089,-85.2293],"tool":false,"touchDistance":-0.401155,"touchZone":"touching","type":1,"width":19.3369},{"bases":[[[0.981422,0.101445,-0.162852],[-0.040831,0.939776,0.339343],[0.187469,-0.326389,0.926459]],[[0.964126,0.126211,-0.23352],[-0.0940909,0.985102,0.143948],[0.248209,-0.116812,0.961638]],[[0.964126,0.126211,-0.23352],[-0.114603,0.991432,0.0626801],[0.23943,-0.0336694,0.97033]],[[0.964126,0.126211,-0.23352],[-0.129423,0.991588,0.00157952],[0.231755,0.0287,0.972351]]],"btipPosition":[2.17032,338.842,-68.2666],"carpPosition":[38.366,310.031,88.5391],"dipPosition":[6.52413,339.381,-49.9997],"direction":[-0.23943,0.0336694,-0.97033],"extended":true,"handId":450,"id":4502,"length":66.986,"mcpPosition":[25.2907,332.796,23.9217],"pipPosition":[13.3306,338.424,-22.4155],"stabilizedTipPosition":[0.579423,343.826,7.00571],"timeVisible":1.16582,"tipPosition":[2.80109,339.486,-63.8526],"tipVelocity":[42.0449,-17.046,-87.7385],"tool":false,"touchDistance":-0.403734,"touchZone":"touching","type":2,"width":18.9914},{"bases":[[[0.998579,-0.0188269,-0.0498557],[0.0353884,0.933739,0.356201],[0.0398461,-0.35746,0.933078]],[[0.998408,-0.0173668,-0.0536662],[-0.0136682,0.848581,-0.528889],[0.0547252,0.528781,0.846992]],[[0.998408,-0.0173668,-0.0536662],[-0.0564037,-0.298197,-0.952836],[0.000544578,0.954346,-0.298702]],[[0.998408,-0.0173668,-0.0536662],[-0.0421219,-0.862338,-0.504578],[-0.0375155,0.506036,-0.861696]]],"btipPosition":[45.9156,275.269,14.1997],"carpPosition":[50.1695,312.384,86.0945],"dipPosition":[45.2149,284.721,-1.89527],"direction":[-0.000544578,-0.954346,0.298702],"extended":false,"handId":450,"id":4503,"length":64.4088,"mcpPosition":[47.6743,334.769,27.6643],"pipPosition":[45.23,311.15,-10.1674],"stabilizedTipPosition":[52.8489,276.811,72.9418],"timeVisible":1.16582,"tipPosition":[45.7138,277.175,9.80036],"tipVelocity":[18.8591,-10.9763,-73.482],"tool":false,"touchDistance":0.333333,"touchZone":"none","type":3,"width":18.0715},{"bases":[[[0.976813,-0.214093,0.000308112],[0.193653,0.88417,0.425137],[-0.0912912,-0.41522,0.905129]],[[0.961261,-0.257643,0.0979644],[0.26935,0.802517,-0.53237],[0.0585431,0.538133,0.840824]],[[0.961261,-0.257643,0.0979644],[0.00701943,-0.332412,-0.943108],[0.275549,0.907261,-0.317726]],[[0.961261,-0.257643,0.0979644],[-0.175747,-0.846679,-0.502243],[0.212343,0.46557,-0.85916]]],"btipPosition":[57.481,286.895,22.2592],"carpPosition":[63.3052,307.609,83.4319],"dipPosition":[61.14,294.917,7.45452],"direction":[-0.275549,-0.907261,0.317726],"extended":false,"handId":450,"id":4504,"length":50.4953,"mcpPosition":[68.5971,331.679,30.9639],"pipPosition":[66.5277,312.657,1.24207],"stabilizedTipPosition":[69.2636,288.173,87.9155],"timeVisible":1.16582,"tipPosition":[58.3916,288.606,17.9008],"tipVelocity":[18.4598,-20.0978,-56.1925],"tool":false,"touchDistance":0.333333,"touchZone":"none","type":4,"width":16.0525}],"r":[[0.772711,0.519494,0.364751],[-0.623809,0.727758,0.285011],[-0.117389,-0.447766,0.886411]],"s":1.31521,"t":[-47.5864,110.476,-178.833],"timestamp":521661788941},false],[2,{"currentFrameRate":110.493,"devices":[],"gestures":[],"hands":[{"armBasis":[[0.869566,0.376324,-0.319741],[-0.149127,0.81738,0.556463],[0.470761,-0.436199,0.766886]],"armWidth":63.7005,"confidence":0.757786,"direction":[-0.184146,0.46566,-0.865593],"elbow":[177.359,180.865,297.551],"grabStrength":0,"id":450,"palmNormal":[0.16312,-0.853962,-0.494105],"palmPosition":[33.6701,318.284,42.3125],"palmVelocity":[22.3391,-5.59897,-88.5588],"palmWidth":90.9622,"pinchStrength":0.404495,"r":[[0.77271,0.518994,0.365464],[-0.623534,0.728414,0.283936],[-0.118848,-0.44728,0.886463]],"s":1.31571,"sphereCenter":[45.1629,286.197,-4.53556],"sphereRadius":57.9293,"stabilizedPalmPosition":[44.5035,317.375,128.207],"t":[-47.4011,110.482,-179.638],"timeVisible":1.17485,"type":"right","wrist":[50.2927,298.603,90.5546]}],"id":4129409,"interactionBox":{"center":[0,200,0],"size":[235.247,235.247,147.751]},"pointables":[{"bases":[[[0.208199,0.948102,0.240323],[-0.781146,0.0133137,0.624207],[0.588612,-0.317686,0.743378]],[[-0.0284803,0.997972,-0.0569266],[-0.856999,0.00493645,0.515295],[0.514531,0.0634617,0.85512]],[[-0.0284803,0.997972,-0.0569266],[-0.966028,-0.0128451,0.258117],[0.256863,0.0623439,0.964435]],[[-0.0284803,0.997972,-0.0569266],[-0.878514,-0.0521583,-0.47486],[-0.476867,0.0364867,0.878218]]],"btipPosition":[1.78577,275.028,-5.59476],"carpPosition":[25.0603,281.173,90.4979],"dipPosition":[-9.37122,275.881,14.9524],"direction":[-0.256863,-0.0623439,-0.964435],"extended":false,"handId":450,"id":4500,"length":52.1005,"mcpPosition":[25.0603,281.173,90.4979],"pipPosition":[-0.616004,278.006,47.8254],"stabilizedTipPosition":[0.234874,261.098,89.798],"timeVisible":1.17485,"tipPosition":[-1.08963,275.001,-1.2236],"tipVelocity":[36.2973,-9.2515,-89.0698],"tool":false,"touchDistance":-0.397095,"touchZone":"hovering","type":0,"width":20.2438},{"bases":[[[0.92459,0.307072,-0.225476],[-0.212385,0.906827,0.364084],[0.316267,-0.288741,0.903661]],[[0.974701,0.223145,0.012796],[-0.222346,0.962194,0.157304],[0.0227894,-0.15617,0.987467]],[[0.974701,0.223145,0.012796],[-0.223419,0.971062,0.0843921],[0.00640595,-0.0851159,0.99635]],[[0.974701,0.223145,0.012796],[-0.223435,0.974264,0.0297756],[-0.00582238,-0.0318814,0.999475]]],"btipPosition":[3.42232,335.264,-59.7775],"carpPosition":[27.717,304.719,90.2414],"dipPosition":[3.32287,334.719,-42.7061],"direction":[-0.00640595,0.0851159,-0.99635],"extended":true,"handId":450,"id":4501,"length":58.7895,"mcpPosition":[4.45644,325.955,23.7797],"pipPosition":[3.47766,332.663,-18.6313],"stabilizedTipPosition":[2.11489,339.848,9.24024],"timeVisible":1.17485,"tipPosition":[3.30869,334.859,-55.8039],"tipVelocity":[36.9995,4.28569,-92.6601],"tool":false,"touchDistance":-0.404575,"touchZone":"touching","type":1,"width":19.3369},{"bases":[[[0.981387,0.106118,-0.160056],[-0.0460197,0.939127,0.340474],[0.186443,-0.326771,0.926531]],[[0.964213,0.130848,-0.230589],[-0.0989388,0.984483,0.144929],[0.245975,-0.116929,0.962197]],[[0.964213,0.130848,-0.230589],[-0.119217,0.990821,0.0637306],[0.236812,-0.0339596,0.970962]],[[0.964213,0.130848,-0.230589],[-0.133841,0.990999,0.00268099],[0.228865,0.0282774,0.973047]]],"btipPosition":[2.54035,339.031,-69.2855],"carpPosition":[38.4282,310.172,87.5832],"dipPosition":[6.83986,339.563,-51.0056],"direction":[-0.236812,0.0339596,-0.970962],"extended":true,"handId":450,"id":4502,"length":66.986,"mcpPosition":[25.4243,332.963,22.9608],"pipPosition":[13.5719,338.597,-23.4034],"stabilizedTipPosition":[0.58661,343.814,6.83008],"timeVisible":1.17485,"tipPosition":[3.15691,339.661,-64.8711],"tipVelocity":[41.3675,-6.63509,-94.5535],"tool":false,"touchDistance":-0.406933,"touchZone":"touching","type":2,"width":18.9914},{"bases":[[[0.998785,-0.0142252,-0.0471729],[0.0301804,0.933413,0.357531],[0.0389459,-0.358521,0.932709]],[[0.998607,-0.0126672,-0.0512253],[-0.0162826,0.84942,-0.527467],[0.0501933,0.527566,0.84803]],[[0.998607,-0.0126672,-0.0512253],[-0.0526669,-0.299425,-0.952665],[-0.00327055,0.954036,-0.299675]],[[0.998607,-0.0126672,-0.0512253],[-0.0367276,-0.863879,-0.502358],[-0.037889,0.503539,-0.863141]]],"btipPosition":[46.3449,275.643,13.3097],"carpPosition":[50.2274,312.582,85.1737],"dipPosition":[45.6372,285.048,-2.81231],"direction":[0.00327055,-0.954036,0.299675],"extended":false,"handId":450,"id":4503,"length":64.4088,"mcpPosition":[47.7886,335.033,26.7667],"pipPosition":[45.5467,311.469,-11.1114],"stabilizedTipPosition":[52.8474,276.811,72.9273],"timeVisible":1.17485,"tipPosition":[46.1441,277.522,8.90663],"tipVelocity":[26.7067,3.11228,-80.5738],"tool":false,"touchDistance":0.333333,"touchZone":"none","type":3,"width":18.0715},{"bases":[[[0.977772,-0.209655,0.00267337],[0.188482,0.884472,0.42683],[-0.0918514,-0.416839,0.904328]],[[0.962027,-0.253657,0.100807],[0.267623,0.803915,-0.53113],[0.0536845,0.53794,0.841272]],[[0.962027,-0.253657,0.100807],[0.0109003,-0.333322,-0.94275],[0.272736,0.90805,-0.3179]],[[0.962027,-0.253657,0.100807],[-0.1711,-0.848162,-0.501343],[0.21267,0.465058,-0.859356]]],"btipPosition":[57.8212,287.25,21.4051],"carpPosition":[63.3918,307.87,82.5404],"dipPosition":[61.4858,295.263,6.59706],"direction":[-0.272736,-0.90805,0.3179],"extended":false,"handId":450,"id":4504,"length":50.4953,"mcpPosition":[68.7162,332.034,30.1188],"pipPosition":[66.8186,313.018,0.381213],"stabilizedTipPosition":[69.2608,288.173,87.8972],"timeVisible":1.17485,"tipPosition":[58.7352,288.956,17.0585],"tipVelocity":[23.7887,-3.79951,-66.7832],"tool":false,"touchDistance":0.333333,"touchZone":"none","type":4,"width":16.0525}],"r":[[0.77271,0.518994,0.365464],[-0.623534,0.728414,0.283936],[-0.118848,-0.44728,0.886463]],"s":1.31571,"t":[-47.4011,110.482,-179.638],"timestamp":521661797973},false],[3,{"currentFrameRate":110.351,"devices":[],"gestures":[],"hands":[{"armBasis":[[0.870262,0.377881,-0.31599],[-0.151683,0.815893,0.557952],[0.468654,-0.437634,0.767359]],"armWidth":63.7005,"confidence":0.768044,"direction":[-0.183712,0.4658,-0.86561],"elbow":[176.941,180.579,296.97],"grabStrength":0,"id":450,"palmNormal":[0.16594,-0.853263,-0.494374],"palmPosition":[33.8587,318.378,41.5885],"palmVelocity":[21.7485,-1.14707,-85.5043],"palmWidth":90.9622,"pinchStrength":0.405563,"r":[[0.772343,0.518902,0.366371],[-0.623745,0.728614,0.282954],[-0.120118,-0.447059,0.886403]],"s":1.31609,"sphereCenter":[45.4605,286.351,-5.24885],"sphereRadius":57.9103,"stabilizedPalmPosition":[44.5022,317.375,128.197],"t":[-47.2142,110.533,-180.403],"timeVisible":1.18417,"type":"right","wrist":[50.4427,298.705,89.8466]}],"id":4129410,"interactionBox":{"center":[0,200,0],"size":[235.247,235.247,147.751]},"pointables":[{"bases":[[[0.205602,0.948421,0.241298],[-0.782257,0.0111128,0.622856],[0.588049,-0.316818,0.744194]],[[-0.0308453,0.997924,-0.0565438],[-0.85772,0.00261851,0.51411],[0.51319,0.0643567,0.855859]],[[-0.0308453,0.997924,-0.0565438],[-0.966551,-0.0153695,0.256014],[0.254613,0.0625493,0.965018]],[[-0.0308453,0.997924,-0.0565438],[-0.875346,-0.054279,-0.48044],[-0.482512,0.0346761,0.875203]]],"btipPosition":[2.25163,275.062,-6.34404],"carpPosition":[25.2505,281.217,89.7348],"dipPosition":[-9.03743,275.873,14.1326],"direction":[-0.254613,-0.0625493,-0.965018],"extended":false,"handId":450,"id":4500,"length":52.1005,"mcpPosition":[25.2505,281.217,89.7348],"pipPosition":[-0.358903,278.005,47.0254],"stabilizedTipPosition":[0.234774,261.101,89.782],"timeVisible":1.18417,"tipPosition":[-0.668271,275.042,-1.99066],"tipVelocity":[39.2559,-5.89535,-87.1304],"tool":false,"touchDistance":-0.397202,"touchZone":"hovering","type":0,"width":20.2438},{"bases":[[[0.924273,0.309342,-0.223669],[-0.215101,0.9061,0.364301],[0.31536,-0.288602,0.904022]],[[0.974162,0.225375,0.0146336],[-0.22483,0.961579,0.157534],[0.0214329,-0.156754,0.987405]],[[0.974162,0.225375,0.0146336],[-0.225797,0.970491,0.0846346],[0.00487275,-0.085752,0.996305]],[[0.974162,0.225375,0.0146336],[-0.225725,0.973728,0.0300266],[-0.00748187,-0.0325539,0.999442]]],"btipPosition":[3.74921,335.355,-60.543],"carpPosition":[27.8535,304.769,89.4982],"dipPosition":[3.62141,334.799,-43.4721],"direction":[-0.00487275,0.085752,-0.996305],"extended":true,"handId":450,"id":4501,"length":58.7895,"mcpPosition":[4.65968,325.995,23.01],"pipPosition":[3.73915,332.727,-19.3984],"stabilizedTipPosition":[2.11842,339.838,9.09525],"timeVisible":1.18417,"tipPosition":[3.62977,334.948,-56.5699],"tipVelocity":[36.266,5.77028,-89.708],"tool":false,"touchDistance":-0.403935,"touchZone":"touching","type":1,"width":19.3369},{"bases":[[[0.981417,0.108476,-0.158281],[-0.0487687,0.938797,0.341002],[0.185584,-0.326946,0.926642]],[[0.964363,0.133147,-0.228641],[-0.101499,0.984206,0.145039],[0.244341,-0.116664,0.962646]],[[0.964363,0.133147,-0.228641],[-0.121587,0.990516,0.0639856],[0.234992,-0.0339055,0.971406]],[[0.964363,0.133147,-0.228641],[-0.136058,0.990696,0.00305444],[0.22692,0.0281629,0.973506]]],"btipPosition":[2.89583,339.107,-70.0572],"carpPosition":[38.5567,310.248,86.8621],"dipPosition":[7.15881,339.637,-51.7686],"direction":[-0.234992,0.0339055,-0.971406],"extended":true,"handId":450,"id":4502,"length":66.986,"mcpPosition":[25.6128,333.051,22.232],"pipPosition":[13.8391,338.673,-24.1538],"stabilizedTipPosition":[0.593921,343.804,6.66857],"timeVisible":1.18417,"tipPosition":[3.50376,339.731,-65.6434],"tipVelocity":[40.2101,-2.4675,-91.1904],"tool":false,"touchDistance":-0.406118,"touchZone":"touching","type":2,"width":18.9914},{"bases":[[[0.998896,-0.0119005,-0.045446],[0.0274146,0.933247,0.358188],[0.0381497,-0.359038,0.932543]],[[0.998711,-0.0102589,-0.0497091],[-0.0175176,0.849517,-0.52727],[0.047638,0.527461,0.848243]],[[0.998711,-0.0102589,-0.0497091],[-0.0504865,-0.301698,-0.952066],[-0.00522999,0.953348,-0.301827]],[[0.998711,-0.0102589,-0.0497091],[-0.0337482,-0.865731,-0.499371],[-0.0379117,0.500405,-0.864961]]],"btipPosition":[46.6908,275.862,12.7052],"carpPosition":[50.3546,312.687,84.4747],"dipPosition":[45.9827,285.209,-3.45083],"direction":[0.00522999,-0.953348,0.301827],"extended":false,"handId":450,"id":4503,"length":64.4088,"mcpPosition":[47.9656,335.17,26.0781],"pipPosition":[45.8378,311.61,-11.8095],"stabilizedTipPosition":[52.8461,276.811,72.9135],"timeVisible":1.18417,"tipPosition":[46.4909,277.721,8.28595],"tipVelocity":[29.6521,8.48087,-76.3867],"tool":false,"touchDistance":0.333333,"touchZone":"none","type":3,"width":18.0715},{"bases":[[[0.978245,-0.20741,0.00423706],[0.185708,0.884624,0.42773],[-0.0924637,-0.417638,0.903897]],[[0.962319,-0.251733,0.102819],[0.267159,0.804809,-0.530008],[0.0506705,0.537506,0.841736]],[[0.962319,-0.251733,0.102819],[0.0133625,-0.333886,-0.942519],[0.271593,0.908378,-0.317941]],[[0.962319,-0.251733,0.102819],[-0.168653,-0.849151,-0.500498],[0.213301,0.464298,-0.85961]]],"btipPosition":[58.1172,287.455,20.7397],"carpPosition":[63.5343,308.007,81.8613],"dipPosition":[61.7927,295.455,5.92727],"direction":[-0.271593,-0.908378,0.317941],"extended":false,"handId":450,"id":4504,"length":50.4953,"mcpPosition":[68.8942,332.216,29.4647],"pipPosition":[67.1031,313.216,-0.289374],"stabilizedTipPosition":[69.2584,288.173,87.8805],"timeVisible":1.18417,"tipPosition":[59.033,289.151,16.4092],"tipVelocity":[26.1257,3.40335,-68.1347],"tool":false,"touchDistance":0.333333,"touchZone":"none","type":4,"width":16.0525}],"r":[[0.772343,0.518902,0.366371],[-0.623745,0.728614,0.282954],[-0.120118,-0.447059,0.886403]],"s":1.31609,"t":[-47.2142,110.533,-180.403],"timestamp":521661807285},false],[4,{"currentFrameRate":110.548,"devices":[],"gestures":[],"hands":[{"armBasis":[[0.871203,0.377333,-0.314046],[-0.152908,0.816453,0.556798],[0.466502,-0.437064,0.768993]],"armWidth":63.7005,"confidence":0.781217,"direction":[-0.182322,0.466649,-0.865446],"elbow":[176.561,180.682,296.884],"grabStrength":0,"id":450,"palmNormal":[0.166663,-0.852795,-0.494938],"palmPosition":[34.1376,318.374,41.0539],"palmVelocity":[24.5007,-0.963185,-79.0918],"palmWidth":90.9622,"pinchStrength":0.405791,"r":[[0.771939,0.518747,0.367439],[-0.623993,0.728728,0.282113],[-0.121418,-0.447053,0.886229]],"s":1.31649,"sphereCenter":[45.7207,286.407,-5.77237],"sphereRadius":57.8735,"stabilizedPalmPosition":[44.5011,317.375,128.188],"t":[-46.9813,110.556,-181.053],"timeVisible":1.19286,"type":"right","wrist":[50.6445,298.653,89.3191]}],"id":4129411,"interactionBox":{"center":[0,200,0],"size":[235.247,235.247,147.751]},"pointables":[{"bases":[[[0.205282,0.948174,0.242539],[-0.783234,0.0105601,0.621637],[0.586859,-0.317576,0.74481]],[[-0.0306972,0.997979,-0.0556304],[-0.858389,0.00219238,0.512995],[0.51208,0.0635,0.856587]],[[-0.0306972,0.997979,-0.0556304],[-0.967058,-0.015583,0.254079],[0.252699,0.0615973,0.965582]],[[-0.0306972,0.997979,-0.0556304],[-0.872408,-0.0539144,-0.485796],[-0.487814,0.0336198,0.8723]]],"btipPosition":[2.69726,275.112,-6.91582],"carpPosition":[25.4514,281.167,89.1507],"dipPosition":[-8.71586,275.898,13.4929],"direction":[-0.252699,-0.0615973,-0.965582],"extended":false,"handId":450,"id":4500,"length":52.1005,"mcpPosition":[25.4514,281.167,89.1507],"pipPosition":[-0.102576,277.998,46.405],"stabilizedTipPosition":[0.234744,261.104,89.7655],"timeVisible":1.19286,"tipPosition":[-0.265911,275.093,-2.57884],"tipVelocity":[41.5768,-2.96698,-81.9056],"tool":false,"touchDistance":-0.394626,"touchZone":"hovering","type":0,"width":20.2438},{"bases":[[[0.924642,0.309499,-0.221917],[-0.215616,0.90576,0.36484],[0.313921,-0.289497,0.904237]],[[0.974146,0.225329,0.0163022],[-0.225035,0.96144,0.158092],[0.019949,-0.157673,0.98729]],[[0.974146,0.225329,0.0163022],[-0.225892,0.97041,0.085306],[0.00340202,-0.086783,0.996221]],[[0.974146,0.225329,0.0163022],[-0.225741,0.973701,0.0307809],[-0.00893768,-0.0336652,0.999393]]],"btipPosition":[4.18194,335.455,-61.1082],"carpPosition":[28.0563,304.719,88.941],"dipPosition":[4.02928,334.88,-44.0381],"direction":[-0.00340202,0.086783,-0.996221],"extended":true,"handId":450,"id":4501,"length":58.7895,"mcpPosition":[4.96828,326.011,22.437],"pipPosition":[4.11148,332.783,-19.9664],"stabilizedTipPosition":[2.12237,339.829,8.96634],"timeVisible":1.19286,"tipPosition":[4.06064,335.045,-57.1362],"tipVelocity":[39.6885,7.14092,-83.121],"tool":false,"touchDistance":-0.400356,"touchZone":"touching","type":1,"width":19.3369},{"bases":[[[0.981672,0.108566,-0.156634],[-0.0492456,0.938469,0.341834],[0.184108,-0.327855,0.926615]],[[0.964735,0.133299,-0.226976],[-0.101672,0.984078,0.145787],[0.242795,-0.117569,0.962927]],[[0.964735,0.133299,-0.226976],[-0.12161,0.990461,0.0647911],[0.233447,-0.0349038,0.971743]],[[0.964735,0.133299,-0.226976],[-0.135969,0.990705,0.00390144],[0.225386,0.0270978,0.973893]]],"btipPosition":[3.3533,339.215,-70.6208],"carpPosition":[38.764,310.2,86.3271],"dipPosition":[7.58745,339.724,-52.325],"direction":[-0.233447,0.0349038,-0.971743],"extended":true,"handId":450,"id":4502,"length":66.986,"mcpPosition":[25.9231,333.066,21.6987],"pipPosition":[14.2238,338.732,-24.7006],"stabilizedTipPosition":[0.6014,343.795,6.52215],"timeVisible":1.19286,"tipPosition":[3.95604,339.83,-66.2065],"tipVelocity":[43.3114,1.33906,-84.1027],"tool":false,"touchDistance":-0.402269,"touchZone":"touching","type":2,"width":18.9914},{"bases":[[[0.998965,-0.0119207,-0.0438881],[0.0269103,0.932898,0.359133],[0.036662,-0.359943,0.932254]],[[0.998774,-0.0101615,-0.0484434],[-0.017001,0.848734,-0.528547],[0.0464864,0.528722,0.847521]],[[0.998774,-0.0101615,-0.0484434],[-0.0492275,-0.306046,-0.950743],[-0.00516491,0.951962,-0.306171]],[[0.998774,-0.0101615,-0.0484434],[-0.0328308,-0.868431,-0.494721],[-0.0370427,0.495705,-0.867701]]],"btipPosition":[47.0285,275.942,12.4128],"carpPosition":[50.5657,312.64,83.9605],"dipPosition":[46.3366,285.201,-3.79435],"direction":[0.00516491,-0.951962,0.306171],"extended":false,"handId":450,"id":4503,"length":64.4088,"mcpPosition":[48.2699,335.18,25.582],"pipPosition":[46.1936,311.564,-12.2733],"stabilizedTipPosition":[52.8448,276.812,72.8999],"timeVisible":1.19286,"tipPosition":[46.8311,277.793,7.93735],"tipVelocity":[32.2141,8.0513,-65.3406],"tool":false,"touchDistance":0.333333,"touchZone":"none","type":3,"width":18.0715},{"bases":[[[0.978224,-0.207477,0.0055732],[0.185091,0.884198,0.428877],[-0.09391,-0.418507,0.903345]],[[0.962038,-0.252095,0.104546],[0.268503,0.805695,-0.527979],[0.0488686,0.536007,0.842798]],[[0.962038,-0.252095,0.104546],[0.0150532,-0.333475,-0.942639],[0.272498,0.908429,-0.317021]],[[0.962038,-0.252095,0.104546],[-0.168208,-0.849375,-0.500268],[0.214914,0.463692,-0.859536]]],"btipPosition":[58.4341,287.523,20.2168],"carpPosition":[63.7493,307.962,81.3633],"dipPosition":[62.1374,295.513,5.4057],"direction":[-0.272498,-0.908429,0.317021],"extended":false,"handId":450,"id":4504,"length":50.4953,"mcpPosition":[69.193,332.222,28.9986],"pipPosition":[67.4655,313.275,-0.792956],"stabilizedTipPosition":[69.2563,288.174,87.8655],"timeVisible":1.19286,"tipPosition":[59.3526,289.203,15.915],"tipVelocity":[29.0737,4.50545,-65.9878],"tool":false,"touchDistance":0.333333,"touchZone":"none","type":4,"width":16.0525}],"r":[[0.771939,0.518747,0.367439],[-0.623993,0.728728,0.282113],[-0.121418,-0.447053,0.886229]],"s":1.31649,"t":[-46.9813,110.556,-181.053],"timestamp":521661815982},false],[5,{"currentFrameRate":110.459,"devices":[],"gestures":[],"hands":[{"armBasis":[[0.871958,0.376026,-0.313518],[-0.152524,0.817153,0.555876],[0.465216,-0.436881,0.769876]],"armWidth":63.7005,"confidence":0.784307,"direction":[-0.180263,0.466791,-0.865801],"elbow":[176.453,180.628,296.6],"grabStrength":0,"id":450,"palmNormal":[0.166,-0.853158,-0.494536],"palmPosition":[34.4806,318.29,40.5037],"palmVelocity":[28.0664,-3.25077,-73.6684],"palmWidth":90.9622,"pinchStrength":0.405966,"r":[[0.771676,0.518383,0.368504],[-0.624035,0.729035,0.281227],[-0.122869,-0.446976,0.886068]],"s":1.31679,"sphereCenter":[46.0568,286.273,-6.29536],"sphereRadius":57.8727,"stabilizedPalmPosition":[44.5,317.376,128.178],"t":[-46.6933,110.525,-181.653],"timeVisible":1.20208,"type":"right","wrist":[50.883,298.55,88.797]}],"id":4129412,"interactionBox":{"center":[0,200,0],"size":[235.247,235.247,147.751]},"pointables":[{"bases":[[[0.206479,0.947879,0.242675],[-0.784143,0.0119607,0.620465],[0.585224,-0.318405,0.745742]],[[-0.0288883,0.998027,-0.0557479],[-0.858964,0.00373754,0.512023],[0.511221,0.0626769,0.857161]],[[-0.0288883,0.998027,-0.0557479],[-0.967524,-0.0139071,0.252395],[0.251121,0.0612287,0.966017]],[[-0.0288883,0.998027,-0.0557479],[-0.870173,-0.0525544,-0.489935],[-0.491899,0.0343569,0.869974]]],"btipPosition":[3.09953,275.087,-7.4614],"carpPosition":[25.6615,281.106,88.5941],"dipPosition":[-8.40915,275.891,12.8929],"direction":[-0.251121,-0.0612287,-0.966017],"extended":false,"handId":450,"id":4500,"length":52.1005,"mcpPosition":[25.6615,281.106,88.5941],"pipPosition":[0.150363,277.978,45.8198],"stabilizedTipPosition":[0.234792,261.107,89.7451],"timeVisible":1.20208,"tipPosition":[0.109484,275.074,-3.1373],"tipVelocity":[41.4943,-2.76483,-75.9344],"tool":false,"touchDistance":-0.391868,"touchZone":"hovering","type":0,"width":20.2438},{"bases":[[[0.92548,0.307938,-0.220592],[-0.214671,0.90618,0.364355],[0.312095,-0.289848,0.904757]],[[0.974472,0.223828,0.017462],[-0.223749,0.961842,0.157472],[0.0184509,-0.157359,0.987369]],[[0.974472,0.223828,0.017462],[-0.224499,0.970773,0.0848571],[0.00204176,-0.0866111,0.99624]],[[0.974472,0.223828,0.017462],[-0.224277,0.974049,0.0304634],[-0.0101903,-0.0336021,0.999383]]],"btipPosition":[4.68395,335.396,-61.7069],"carpPosition":[28.3054,304.654,88.3841],"dipPosition":[4.5099,334.822,-44.6371],"direction":[-0.00204176,0.0866111,-0.99624],"extended":true,"handId":450,"id":4501,"length":58.7895,"mcpPosition":[5.35169,325.971,21.8419],"pipPosition":[4.55923,332.73,-20.5649],"stabilizedTipPosition":[2.12771,339.82,8.82502],"timeVisible":1.20208,"tipPosition":[4.56705,334.995,-57.7357],"tipVelocity":[43.6856,3.37613,-78.0475],"tool":false,"touchDistance":-0.397636,"touchZone":"touching","type":1,"width":19.3369},{"bases":[[[0.982081,0.106924,-0.155188],[-0.0482129,0.938611,0.341591],[0.182185,-0.327988,0.926948]],[[0.965345,0.131604,-0.225366],[-0.100399,0.984359,0.144768],[0.240893,-0.117124,0.963458]],[[0.965345,0.131604,-0.225366],[-0.120093,0.990691,0.0641087],[0.231705,-0.0348221,0.972163]],[[0.965345,0.131604,-0.225366],[-0.134278,0.990938,0.0034926],[0.223784,0.0268902,0.974268]]],"btipPosition":[3.92059,339.121,-71.2305],"carpPosition":[39.0259,310.116,85.7852],"dipPosition":[8.12464,339.626,-52.9276],"direction":[-0.231705,0.0348221,-0.972163],"extended":true,"handId":450,"id":4502,"length":66.986,"mcpPosition":[26.3191,332.992,21.1336],"pipPosition":[14.7115,338.636,-25.2913],"stabilizedTipPosition":[0.611109,343.785,6.35556],"timeVisible":1.20208,"tipPosition":[4.51968,339.736,-66.8176],"tipVelocity":[48.2174,-1.92076,-79.0348],"tool":false,"touchDistance":-0.399496,"touchZone":"touching","type":2,"width":18.9914},{"bases":[[[0.999009,-0.0135706,-0.0423945],[0.0279078,0.932918,0.359006],[0.0346786,-0.359833,0.932372]],[[0.998816,-0.0117063,-0.0472242],[-0.0150911,0.84821,-0.529445],[0.0462539,0.529531,0.847029]],[[0.998816,-0.0117063,-0.0472242],[-0.048528,-0.309371,-0.949702],[-0.00349235,0.950869,-0.309573]],[[0.998816,-0.0117063,-0.0472242],[-0.0334046,-0.870694,-0.490689],[-0.0353737,0.491685,-0.870054]]],"btipPosition":[47.355,275.901,12.0409],"carpPosition":[50.8352,312.537,83.4359],"dipPosition":[46.6943,285.085,-4.21027],"direction":[0.00349235,-0.950869,0.309573],"extended":false,"handId":450,"id":4503,"length":64.4088,"mcpPosition":[48.6636,335.07,25.0499],"pipPosition":[46.5976,311.418,-12.7834],"stabilizedTipPosition":[52.8434,276.812,72.8836],"timeVisible":1.20208,"tipPosition":[47.1646,277.732,7.54528],"tipVelocity":[33.3385,4.02696,-58.6571],"tool":false,"touchDistance":0.333333,"touchZone":"none","type":3,"width":18.0715},{"bases":[[[0.977872,-0.209083,0.0070709],[0.185904,0.88397,0.428995],[-0.0959461,-0.418187,0.903279]],[[0.961386,-0.253811,0.106379],[0.270979,0.80559,-0.526872],[0.0480282,0.535354,0.843261]],[[0.961386,-0.253811,0.106379],[0.0160186,-0.334283,-0.942337],[0.274736,0.907654,-0.317309]],[[0.961386,-0.253811,0.106379],[-0.169214,-0.850022,-0.498827],[0.217032,0.461565,-0.860148]]],"btipPosition":[58.7673,287.453,19.7163],"carpPosition":[64.0149,307.837,80.8591],"dipPosition":[62.5071,295.407,4.89463],"direction":[-0.274736,-0.907654,0.317309],"extended":false,"handId":450,"id":4504,"length":50.4953,"mcpPosition":[69.5766,332.078,28.4983],"pipPosition":[67.8789,313.154,-1.30966],"stabilizedTipPosition":[69.2541,288.174,87.8491],"timeVisible":1.20208,"tipPosition":[59.6891,289.111,15.4408],"tipVelocity":[31.314,0.88743,-62.7977],"tool":false,"touchDistance":0.333333,"touchZone":"none","type":4,"width":16.0525}],"r":[[0.771676,0.518383,0.368504],[-0.624035,0.729035,0.281227],[-0.122869,-0.446976,0.886068]],"s":1.31679,"t":[-46.6933,110.525,-181.653],"timestamp":521661825194},false],[6,{"currentFrameRate":101.157,"devices":[],"gestures":[],"hands":[{"armBasis":[[0.8753,0.376897,-0.302982],[-0.16185,0.818732,0.550893],[0.455691,-0.433159,0.777637]],"armWidth":63.7005,"confidence":0.804963,"direction":[-0.179787,0.46632,-0.866154],"elbow":[174.43,181.319,296.482],"grabStrength":0,"id":450,"palmNormal":[0.174147,-0.851506,-0.494582],"palmPosition":[35.0998,317.905,38.2379],"palmVelocity":[24.8544,-10.0457,-79.8883],"palmWidth":90.9622,"pinchStrength":0.405011,"r":[[0.770413,0.51911,0.37012],[-0.625337,0.72835,0.280108],[-0.12417,-0.447249,0.885749]],"s":1.31709,"sphereCenter":[47.0391,286.005,-8.54044],"sphereRadius":57.8711,"stabilizedPalmPosition":[44.4973,317.376,128.152],"t":[-46.2397,110.318,-183.085],"timeVisible":1.22914,"type":"right","wrist":[51.4311,298.236,86.5841]}],"id":4129413,"interactionBox":{"center":[0,200,0],"size":[235.247,235.247,147.751]},"pointables":[{"bases":[[[0.198744,0.949081,0.244428],[-0.786892,0.0058617,0.617063],[0.58421,-0.314976,0.74799]],[[-0.0358287,0.997834,-0.0551683],[-0.86069,-0.00275601,0.509121],[0.507866,0.065724,0.858925]],[[-0.0358287,0.997834,-0.0551683],[-0.968356,-0.0210207,0.248688],[0.24699,0.0623327,0.967011]],[[-0.0358287,0.997834,-0.0551683],[-0.866307,-0.0585328,-0.49607],[-0.498225,0.0300192,0.866528]]],"btipPosition":[4.22848,274.508,-9.84094],"carpPosition":[26.3342,280.615,86.2559],"dipPosition":[-7.42822,275.21,10.4327],"direction":[-0.24699,-0.0623327,-0.967011],"extended":false,"handId":450,"id":4500,"length":52.1005,"mcpPosition":[26.3342,280.615,86.2559],"pipPosition":[0.990471,277.335,43.3935],"stabilizedTipPosition":[0.235843,261.117,89.6691],"timeVisible":1.22914,"tipPosition":[1.22806,274.486,-5.54198],"tipVelocity":[40.8498,-14.8399,-83.7773],"tool":false,"touchDistance":-0.416986,"touchZone":"hovering","type":0,"width":20.2438},{"bases":[[[0.924237,0.31465,-0.21629],[-0.222625,0.904305,0.364239],[0.3102,-0.288491,0.905842]],[[0.972782,0.230694,0.0218194],[-0.231212,0.960067,0.157519],[0.0153905,-0.158276,0.987275]],[[0.972782,0.230694,0.0218194],[-0.231719,0.969036,0.0852943],[-0.00146688,-0.0880287,0.996117]],[[0.972782,0.230694,0.0218194],[-0.231299,0.972383,0.0311891],[-0.0140217,-0.035387,0.999275]]],"btipPosition":[5.61274,334.928,-64.0833],"carpPosition":[28.8131,304.181,86.0787],"dipPosition":[5.37324,334.323,-47.0153],"direction":[0.00146688,0.0880287,-0.996117],"extended":true,"handId":450,"id":4501,"length":58.7895,"mcpPosition":[5.99881,325.398,19.4566],"pipPosition":[5.3378,332.196,-22.9461],"stabilizedTipPosition":[2.14454,339.795,8.48644],"timeVisible":1.22914,"tipPosition":[5.49002,334.516,-60.1152],"tipVelocity":[37.5397,-9.59441,-84.0951],"tool":false,"touchDistance":-0.421857,"touchZone":"touching","type":1,"width":19.3369},{"bases":[[[0.981968,0.113977,-0.150822],[-0.0563023,0.937929,0.342228],[0.180467,-0.327565,0.927433]],[[0.965382,0.138582,-0.220983],[-0.107982,0.983515,0.145047],[0.237441,-0.116163,0.964431]],[[0.965382,0.138582,-0.220983],[-0.127198,0.989745,0.0650091],[0.227726,-0.03465,0.973109]],[[0.965382,0.138582,-0.220983],[-0.141002,0.989997,0.00486347],[0.219446,0.0264639,0.975266]]],"btipPosition":[4.88161,338.653,-73.6107],"carpPosition":[39.5061,309.721,83.5313],"dipPosition":[9.00419,339.15,-55.2892],"direction":[-0.227726,0.03465,-0.973109],"extended":true,"handId":450,"id":4502,"length":66.986,"mcpPosition":[26.9192,332.568,18.8459],"pipPosition":[15.4779,338.165,-27.6259],"stabilizedTipPosition":[0.64,343.757,5.93619],"timeVisible":1.22914,"tipPosition":[5.46605,339.242,-69.1991],"tipVelocity":[39.9188,-11.4767,-84.4524],"tool":false,"touchDistance":-0.42352,"touchZone":"touching","type":2,"width":18.9914},{"bases":[[[0.999254,-0.00650046,-0.0380654],[0.0197804,0.932755,0.359968],[0.0331657,-0.360452,0.932188]],[[0.999056,-0.00451519,-0.0431988],[-0.0190276,0.848568,-0.528744],[0.0390445,0.529067,0.847682]],[[0.999056,-0.00451519,-0.0431988],[-0.0424559,-0.311404,-0.949329],[-0.00916587,0.950267,-0.311302]],[[0.999056,-0.00451519,-0.0431988],[-0.0250415,-0.87252,-0.487937],[-0.0354886,0.488558,-0.871809]]],"btipPosition":[48.404,275.726,9.90352],"carpPosition":[51.3081,312.227,81.2355],"dipPosition":[47.7411,284.851,-6.38038],"direction":[0.00916587,-0.950267,0.311302],"extended":false,"handId":450,"id":4503,"length":64.4088,"mcpPosition":[49.2312,334.799,22.8611],"pipPosition":[47.4873,311.167,-15.0014],"stabilizedTipPosition":[52.8396,276.813,72.829],"timeVisible":1.22914,"tipPosition":[48.2181,277.534,5.4093],"tipVelocity":[36.6808,-2.78507,-71.4049],"tool":false,"touchDistance":0.333333,"touchZone":"none","type":3,"width":18.0715},{"bases":[[[0.97928,-0.202203,0.0111307],[0.177812,0.884855,0.430598],[-0.0969175,-0.419697,0.902475]],[[0.962505,-0.247474,0.111087],[0.268395,0.80941,-0.522321],[0.0393462,0.532552,0.845482]],[[0.962505,-0.247474,0.111087],[0.0229885,-0.333629,-0.942424],[0.270288,0.909642,-0.31543]],[[0.962505,-0.247474,0.111087],[-0.16166,-0.852153,-0.497696],[0.21783,0.461077,-0.860208]]],"btipPosition":[59.7204,287.395,17.5014],"carpPosition":[64.5316,307.622,78.7118],"dipPosition":[63.474,295.34,2.67868],"direction":[-0.270288,-0.909642,0.31543],"extended":false,"handId":450,"id":4504,"length":50.4953,"mcpPosition":[70.1497,331.951,26.3976],"pipPosition":[68.7589,313.126,-3.48888],"stabilizedTipPosition":[69.2488,288.174,87.8038],"timeVisible":1.22914,"tipPosition":[60.6356,289.016,13.2938],"tipVelocity":[33.8026,-1.04628,-74.5896],"tool":false