{"sensorType":"Leap","data":[[0,{"currentFrameRate":100.708,"devices":[],"gestures":[],"hands":[{"armBasis":[[0.865398,0.435696,-0.247499],[-0.244496,0.798292,0.55041],[0.437387,-0.415811,0.797367]],"armWidth":63.7005,"confidence":0.881978,"direction":[-0.102879,0.463089,-0.880321],"elbow":[148.515,195.826,310.292],"grabStrength":0,"id":442,"palmNormal":[0.254752,-0.843233,-0.47335],"palmPosition":[18.6755,327.338,45.2634],"palmVelocity":[33.8379,19.4496,-129.877],"palmWidth":90.9622,"pinchStrength":0.585846,"r":[[0.982005,0.150878,0.113591],[-0.157815,0.985951,0.0547291],[-0.103737,-0.0716705,0.992019]],"s":1.1157,"sphereCenter":[32.3993,296.907,6.9028],"sphereRadius":49.4493,"stabilizedPalmPosition":[22.1466,320.364,92.8738],"t":[-113.223,75.8517,-118.231],"timeVisible":0.804413,"type":"right","wrist":[30.4563,308.061,95.0684]}],"id":4125238,"interactionBox":{"center":[0,200,0],"size":[235.247,235.247,147.751]},"pointables":[{"bases":[[[0.13898,0.954413,0.264162],[-0.847603,-0.0232994,0.53012],[0.512108,-0.29758,0.805724]],[[-0.0573034,0.997212,-0.0477931],[-0.891686,-0.0295916,0.451687],[0.449013,0.0684996,0.890896]],[[-0.0573034,0.997212,-0.0477931],[-0.997486,-0.0551891,0.0444437],[0.0416821,0.0502197,0.997868]],[[-0.0573034,0.997212,-0.0477931],[-0.718262,-0.0744286,-0.69178],[-0.693409,-0.00531338,0.720525]]],"btipPosition":[-1.44824,284.588,-3.24855],"carpPosition":[6.15602,289.593,92.0795],"dipPosition":[-17.6715,284.463,13.6092],"direction":[-0.0416821,-0.0502197,-0.997868],"extended":false,"handId":442,"id":4420,"length":52.1005,"mcpPosition":[6.15602,289.593,92.0795],"pipPosition":[-16.2508,286.175,47.6217],"stabilizedTipPosition":[0.307065,270.058,61.6621],"timeVisible":0.804413,"tipPosition":[-5.40069,285.038,0.338892],"tipVelocity":[36.6887,16.9462,-140.175],"tool":false,"touchDistance":-0.535817,"touchZone":"touching","type":0,"width":20.2438},{"bases":[[[0.930595,0.34684,-0.117029],[-0.290926,0.894824,0.338602],[0.222161,-0.281054,0.933624]],[[0.94679,0.320188,-0.0326803],[-0.311028,0.936333,0.162915],[0.0827629,-0.144081,0.986099]],[[0.94679,0.320188,-0.0326803],[-0.31921,0.947149,0.0318449],[0.0411494,-0.0197186,0.998958]],[[0.94679,0.320188,-0.0326803],[-0.321718,0.944426,-0.0675103],[0.00924812,0.074432,0.997183]]],"btipPosition":[-13.2178,339.295,-60.0207],"carpPosition":[7.82838,313.231,92.167],"dipPosition":[-13.0598,340.566,-42.9884],"direction":[-0.0411494,0.0197186,-0.998958],"extended":true,"handId":442,"id":4421,"length":58.7895,"mcpPosition":[-8.51093,333.902,23.5017],"pipPosition":[-12.0655,340.09,-18.8506],"stabilizedTipPosition":[-12.8318,330.959,-7.27925],"timeVisible":0.804413,"tipPosition":[-13.7088,340.471,-55.8929],"tipVelocity":[45.1829,27.6635,-128.86],"tool":false,"touchDistance":-0.527706,"touchZone":"touching","type":1,"width":19.3369},{"bases":[[[0.987923,0.148018,-0.0458142],[-0.124462,0.934192,0.334358],[0.0922902,-0.324617,0.941332]],[[0.986834,0.151624,-0.0562963],[-0.125386,0.497333,-0.858451],[-0.102164,0.854207,0.509797]],[[0.986834,0.151624,-0.0562963],[0.00425078,-0.372264,-0.928117],[-0.161682,0.915658,-0.368008]],[[0.986834,0.151624,-0.0562963],[0.067447,-0.702151,-0.708826],[-0.147004,0.695696,-0.703133]]],"btipPosition":[24.3782,261.523,24.2195],"carpPosition":[18.5344,319.143,90.7683],"dipPosition":[21.6166,274.593,11.0102],"direction":[0.161682,-0.915658,0.368008],"extended":false,"handId":442,"id":4422,"length":66.986,"mcpPosition":[12.0975,341.784,25.1135],"pipPosition":[17.0203,300.623,0.54863],"stabilizedTipPosition":[25.6484,254.746,57.8426],"timeVisible":0.804413,"tipPosition":[23.7181,264.217,19.9585],"tipVelocity":[34.4959,33.7257,-141.023],"tool":false,"touchDistance":0.333333,"touchZone":"none","type":2,"width":18.9914},{"bases":[[[0.997289,0.027787,0.0681358],[-0.0505557,0.931556,0.360067],[-0.0534671,-0.362536,0.930435]],[[0.998564,0.0407585,0.0347555],[0.0123056,0.456938,-0.889413],[-0.0521323,0.888564,0.455781]],[[0.998564,0.0407585,0.0347555],[0.0491356,-0.438638,-0.89732],[-0.0213283,0.897739,-0.440011]],[[0.998564,0.0407585,0.0347555],[0.053554,-0.746559,-0.66316],[-0.00108232,0.664069,-0.74767]]],"btipPosition":[36.7077,267.807,37.2655],"carpPosition":[30.4202,322.059,89.7374],"dipPosition":[36.6875,280.211,23.3003],"direction":[0.0213283,-0.897739,0.440011],"extended":false,"handId":442,"id":4423,"length":64.4088,"mcpPosition":[33.7683,344.761,31.4727],"pipPosition":[36.0969,305.072,11.1148],"stabilizedTipPosition":[39.1334,260.578,72.8713],"timeVisible":0.804413,"tipPosition":[36.7989,270.249,32.7894],"tipVelocity":[33.18,32.3117,-130.336],"tool":false,"touchDistance":0.333333,"touchZone":"none","type":3,"width":18.0715},{"bases":[[[0.97895,-0.168664,0.114929],[0.100651,0.888824,0.447059],[-0.177554,-0.426081,0.88709]],[[0.984138,-0.154921,0.086439],[0.155799,0.521716,-0.838772],[0.084847,0.838935,0.537577]],[[0.984138,-0.154921,0.086439],[0.0249961,-0.361292,-0.932118],[0.175635,0.919493,-0.351689]],[[0.984138,-0.154921,0.086439],[-0.043618,-0.683588,-0.728563],[0.171959,0.713237,-0.679503]]],"btipPosition":[44.883,282.693,36.7908],"carpPosition":[43.9871,317.918,88.6303],"dipPosition":[47.8461,294.983,25.0819],"direction":[-0.175635,-0.919493,0.351689],"extended":false,"handId":442,"id":4424,"length":50.4953,"mcpPosition":[54.2795,342.617,37.2079],"pipPosition":[51.2803,312.962,18.2054],"stabilizedTipPosition":[45.188,277.673,73.5873],"timeVisible":0.804413,"tipPosition":[45.6539,285.271,33.0002],"tipVelocity":[34.5015,28.2522,-133.299],"tool":false,"touchDistance":0.333333,"touchZone":"none","type":4,"width":16.0525}],"r":[[0.982005,0.150878,0.113591],[-0.157815,0.985951,0.0547291],[-0.103737,-0.0716705,0.992019]],"s":1.1157,"t":[-113.223,75.8517,-118.231],"timestamp":521617707301},false],[1,{"currentFrameRate":101.148,"devices":[],"gestures":[],"hands":[{"armBasis":[[0.867582,0.433112,-0.244368],[-0.247282,0.802066,0.543638],[0.431456,-0.411222,0.802958]],"armWidth":63.7005,"confidence":0.888927,"direction":[-0.103084,0.465501,-0.879023],"elbow":[147.147,196.894,310.46],"grabStrength":0,"id":442,"palmNormal":[0.256228,-0.841479,-0.475667],"palmPosition":[18.9076,327.296,43.9728],"palmVelocity":[31.5928,12.802,-133.448],"palmWidth":90.9622,"pinchStrength":0.587409,"r":[[0.982044,0.150013,0.114396],[-0.157356,0.985833,0.0580699],[-0.104065,-0.0750281,0.991737]],"s":1.11476,"sphereCenter":[32.7473,296.976,5.53805],"sphereRadius":49.4423,"stabilizedPalmPosition":[22.1464,320.364,92.8719],"t":[-112.783,76.0342,-119.972],"timeVisible":0.813448,"type":"right","wrist":[30.6899,307.891,93.7278]}],"id":4125239,"interactionBox":{"center":[0,200,0],"size":[235.247,235.247,147.751]},"pointables":[{"bases":[[[0.137453,0.953839,0.267015],[-0.84785,-0.0260734,0.529595],[0.512111,-0.299183,0.805129]],[[-0.0589321,0.997236,-0.04525],[-0.891896,-0.0322386,0.45109],[0.448385,0.066942,0.89133]],[[-0.0589321,0.997236,-0.04525],[-0.997422,-0.0569628,0.0436426],[0.0409444,0.0477053,0.998022]],[[-0.0589321,0.997236,-0.04525],[-0.716763,-0.0738207,-0.693398],[-0.694822,-0.00842989,0.719132]]],"btipPosition":[-1.0966,284.627,-4.65033],"carpPosition":[6.41807,289.397,90.6721],"dipPosition":[-17.353,284.43,12.1748],"direction":[-0.0409444,-0.0477053,-0.998022],"extended":false,"handId":442,"id":4420,"length":52.1005,"mcpPosition":[6.41807,289.397,90.6721],"pipPosition":[-15.9574,286.056,46.1926],"stabilizedTipPosition":[0.306918,270.058,61.6603],"timeVisible":0.813448,"tipPosition":[-5.06264,285.063,-1.06964],"tipVelocity":[37.0715,12.9769,-144.529],"tool":false,"touchDistance":-0.531708,"touchZone":"touching","type":0,"width":20.2438},{"bases":[[[0.930152,0.348529,-0.11552],[-0.292406,0.893411,0.341051],[0.222073,-0.283451,0.93292]],[[0.946362,0.321609,-0.0311017],[-0.312628,0.935731,0.163315],[0.0816264,-0.144832,0.986084]],[[0.946362,0.321609,-0.0311017],[-0.320667,0.94666,0.0317318],[0.039648,-0.0200564,0.999012]],[[0.946362,0.321609,-0.0311017],[-0.323022,0.94395,-0.0679316],[0.0075111,0.0743344,0.997205]]],"btipPosition":[-12.8689,339.319,-61.3076],"carpPosition":[8.05605,313.036,90.8293],"dipPosition":[-12.7406,340.588,-44.275],"direction":[-0.039648,0.0200564,-0.999012],"extended":true,"handId":442,"id":4421,"length":58.7895,"mcpPosition":[-8.27677,333.883,22.2158],"pipPosition":[-11.7826,340.104,-20.1358],"stabilizedTipPosition":[-12.8318,330.962,-7.29559],"timeVisible":0.813448,"tipPosition":[-13.3705,340.519,-57.1801],"tipVelocity":[43.1664,20.7534,-132.598],"tool":false,"touchDistance":-0.522571,"touchZone":"touching","type":1,"width":19.3369},{"bases":[[[0.987731,0.149584,-0.0448538],[-0.125996,0.933032,0.33701],[0.0922613,-0.327224,0.940432]],[[0.986641,0.153223,-0.0553364],[-0.125738,0.500266,-0.856694],[-0.103582,0.852207,0.512849]],[[0.986641,0.153223,-0.0553364],[0.00539964,-0.370248,-0.928917],[-0.16282,0.916209,-0.366129]],[[0.986641,0.153223,-0.0553364],[0.0690735,-0.701095,-0.709715],[-0.147541,0.696411,-0.702312]]],"btipPosition":[24.7108,261.598,22.7517],"carpPosition":[18.7542,318.968,89.4536],"dipPosition":[21.9391,274.681,9.55785],"direction":[0.16282,-0.916209,0.366129],"extended":false,"handId":442,"id":4422,"length":66.986,"mcpPosition":[12.3193,341.79,23.8616],"pipPosition":[17.3105,300.726,-0.850355],"stabilizedTipPosition":[25.6482,254.747,57.8392],"timeVisible":0.813448,"tipPosition":[24.0522,264.289,18.5175],"tipVelocity":[35.0628,26.787,-146.82],"tool":false,"touchDistance":0.333333,"touchZone":"none","type":2,"width":18.9914},{"bases":[[[0.997211,0.0290353,0.0687506],[-0.0521,0.930428,0.362752],[-0.0534349,-0.365322,0.929346]],[[0.998482,0.0420397,0.035578],[0.0122819,0.459767,-0.887955],[-0.0536869,0.887044,0.458553]],[[0.998482,0.0420397,0.035578],[0.0503952,-0.436861,-0.898116],[-0.0222138,0.898546,-0.438317]],[[0.998482,0.0420397,0.035578],[0.0550563,-0.745614,-0.664099],[-0.00139101,0.66505,-0.746797]]],"btipPosition":[37.0216,267.854,35.8468],"carpPosition":[30.6363,321.904,88.4375],"dipPosition":[36.9956,280.276,21.8979],"direction":[0.0222138,-0.898546,0.438317],"extended":false,"handId":442,"id":4423,"length":64.4088,"mcpPosition":[33.9824,344.781,30.241],"pipPosition":[36.3804,305.16,9.75935],"stabilizedTipPosition":[39.1332,260.579,72.8673],"timeVisible":0.813448,"tipPosition":[37.1132,270.302,31.3926],"tipVelocity":[33.5679,24.9694,-137.574],"tool":false,"touchDistance":0.333333,"touchZone":"none","type":3,"width":18.0715},{"bases":[[[0.979133,-0.167577,0.114962],[0.0991223,0.887663,0.4497],[-0.177407,-0.428921,0.88575]],[[0.984277,-0.15386,0.0867502],[0.155761,0.524489,-0.837048],[0.0832883,0.8374,0.540208]],[[0.984277,-0.15386,0.0867502],[0.0258928,-0.360147,-0.932536],[0.174722,0.92012,-0.3505]],[[0.984277,-0.15386,0.0867502],[-0.0425858,-0.683367,-0.728832],[0.17142,0.713678,-0.679175]]],"btipPosition":[45.1794,282.76,35.4419],"carpPosition":[44.2098,317.786,87.3257],"dipPosition":[48.1332,295.058,23.7387],"direction":[-0.174722,-0.92012,0.3505],"extended":false,"handId":442,"id":4424,"length":50.4953,"mcpPosition":[54.4936,342.649,35.9809],"pipPosition":[51.5495,313.049,16.8854],"stabilizedTipPosition":[45.188,277.674,73.5833],"timeVisible":0.813448,"tipPosition":[45.9485,285.335,31.6608],"tipVelocity":[33.9681,22.5695,-137.664],"tool":false,"touchDistance":0.333333,"touchZone":"none","type":4,"width":16.0525}],"r":[[0.982044,0.150013,0.114396],[-0.157356,0.985833,0.0580699],[-0.104065,-0.0750281,0.991737]],"s":1.11476,"t":[-112.783,76.0342,-119.972],"timestamp":521617716336},false],[2,{"currentFrameRate":101.539,"devices":[],"gestures":[],"hands":[{"armBasis":[[0.869139,0.431568,-0.241552],[-0.249173,0.804,0.539905],[0.427213,-0.409064,0.806322]],"armWidth":63.7005,"confidence":0.891214,"direction":[-0.103128,0.467809,-0.877792],"elbow":[146.247,197.352,310.182],"grabStrength":0,"id":442,"palmNormal":[0.257279,-0.83992,-0.477852],"palmPosition":[19.1565,327.295,42.8346],"palmVelocity":[30.4211,9.2369,-131.141],"palmWidth":90.9622,"pinchStrength":0.588013,"r":[[0.982034,0.149449,0.115214],[-0.15719,0.985666,0.0612679],[-0.104406,-0.0782776,0.991449]],"s":1.11367,"sphereCenter":[33.1671,297.06,4.33451],"sphereRadius":49.4377,"stabilizedPalmPosition":[22.1463,320.365,92.8701],"t":[-112.439,76.1252,-121.411],"timeVisible":0.822545,"type":"right","wrist":[30.9345,307.765,92.5417]}],"id":4125240,"interactionBox":{"center":[0,200,0],"size":[235.247,235.247,147.751]},"pointables":[{"bases":[[[0.13639,0.953238,0.269694],[-0.848072,-0.0283587,0.529121],[0.512027,-0.300887,0.804547]],[[-0.0598963,0.997297,-0.0425504],[-0.892106,-0.034357,0.450517],[0.447838,0.0649438,0.891753]],[[-0.0598963,0.997297,-0.0425504],[-0.99739,-0.0580712,0.0429072],[0.0403203,0.0450093,0.998173]],[[-0.0598963,0.997297,-0.0425504],[-0.716188,-0.0726283,-0.694118],[-0.695332,-0.011101,0.718603]]],"btipPosition":[-0.771822,284.741,-5.91238],"carpPosition":[6.68235,289.256,89.4238],"dipPosition":[-17.0401,284.481,10.9004],"direction":[-0.0403203,-0.0450093,-0.998173],"extended":false,"handId":442,"id":4420,"length":52.1005,"mcpPosition":[6.68235,289.256,89.4238],"pipPosition":[-15.6658,286.015,44.9233],"stabilizedTipPosition":[0.30677,270.059,61.6583],"timeVisible":0.822545,"tipPosition":[-4.74156,285.155,-2.32965],"tipVelocity":[36.6083,12.3954,-143.009],"tool":false,"touchDistance":-0.525844,"touchZone":"touching","type":0,"width":20.2438},{"bases":[[[0.929863,0.349758,-0.114124],[-0.293444,0.892185,0.343361],[0.221913,-0.28579,0.932244]],[[0.946094,0.322542,-0.0295333],[-0.313883,0.935533,0.162037],[0.0798931,-0.144032,0.986343]],[[0.946094,0.322542,-0.0295333],[-0.321722,0.946379,0.0293518],[0.0374169,-0.018268,0.999133]],[[0.946094,0.322542,-0.0295333],[-0.323853,0.943441,-0.0709856],[0.0049671,0.0767235,0.99704]]],"btipPosition":[-12.4444,339.233,-62.4517],"carpPosition":[8.297,312.897,89.6467],"dipPosition":[-12.3595,340.543,-45.4219],"direction":[-0.0374169,0.018268,-0.999133],"extended":true,"handId":442,"id":4421,"length":58.7895,"mcpPosition":[-8.02407,333.916,21.0828],"pipPosition":[-11.4554,340.102,-21.2799],"stabilizedTipPosition":[-12.8316,330.964,-7.31217],"timeVisible":0.822545,"tipPosition":[-12.9591,340.482,-58.3282],"tipVelocity":[43.8311,12.6689,-130.726],"tool":false,"touchDistance":-0.515819,"touchZone":"touching","type":1,"width":19.3369},{"bases":[[[0.987604,0.150677,-0.0439767],[-0.127072,0.93198,0.339508],[0.0921413,-0.329711,0.939575]],[[0.986514,0.154347,-0.0544617],[-0.125938,0.503287,-0.854893],[-0.104541,0.850223,0.515939]],[[0.986514,0.154347,-0.0544617],[0.00659623,-0.369967,-0.929022],[-0.163541,0.916134,-0.365996]],[[0.986514,0.154347,-0.0544617],[0.070715,-0.70202,-0.708637],[-0.14761,0.69523,-0.703468]]],"btipPosition":[25.0229,261.766,21.5192],"carpPosition":[18.99,318.842,88.2923],"dipPosition":[22.2499,274.826,8.30368],"direction":[0.163541,-0.916134,0.365995],"extended":false,"handId":442,"id":4422,"length":66.986,"mcpPosition":[12.5634,341.838,22.7601],"pipPosition":[17.6008,300.87,-2.10073],"stabilizedTipPosition":[25.6481,254.747,57.8359],"timeVisible":0.822545,"tipPosition":[24.3695,264.437,17.31],"tipVelocity":[34.8451,24.3258,-143.83],"tool":false,"touchDistance":0.333333,"touchZone":"none","type":2,"width":18.9914},{"bases":[[[0.99715,0.0298263,0.0693012],[-0.0531856,0.929378,0.365277],[-0.0535122,-0.367922,0.928316]],[[0.998419,0.0428196,0.0364269],[0.0124941,0.462746,-0.886403],[-0.0548118,0.885456,0.46148]],[[0.998419,0.0428196,0.0364269],[0.0514722,-0.435716,-0.898611],[-0.0226064,0.899065,-0.43723]],[[0.998419,0.0428196,0.0364269],[0.056203,-0.745441,-0.664197],[-0.00128649,0.665194,-0.746669]]],"btipPosition":[37.3189,267.96,34.6005],"carpPosition":[30.8696,321.793,87.2899],"dipPosition":[37.2949,280.384,20.654],"direction":[0.0226064,-0.899065,0.43723],"extended":false,"handId":442,"id":4423,"length":64.4088,"mcpPosition":[34.2206,344.832,29.158],"pipPosition":[36.6688,305.283,8.54554],"stabilizedTipPosition":[39.133,260.58,72.8635],"timeVisible":0.822545,"tipPosition":[37.4128,270.405,30.1781],"tipVelocity":[33.3371,21.2879,-137.398],"tool":false,"touchDistance":0.333333,"touchZone":"none","type":3,"width":18.0715},{"bases":[[[0.979243,-0.16693,0.114965],[0.0980377,0.886523,0.452179],[-0.177401,-0.431522,0.884487]],[[0.984332,-0.153294,0.087127],[0.156088,0.527709,-0.834961],[0.0820169,0.835479,0.543368]],[[0.984332,-0.153294,0.087127],[0.0266476,-0.359123,-0.93291],[0.174299,0.920615,-0.349412]],[[0.984332,-0.153294,0.087127],[-0.0419597,-0.683581,-0.728668],[0.171259,0.713595,-0.679303]]],"btipPosition":[45.4729,282.876,34.2319],"carpPosition":[44.4477,317.691,86.1732],"dipPosition":[48.424,295.172,22.5265],"direction":[-0.174299,-0.920615,0.349412],"extended":false,"handId":442,"id":4424,"length":50.4953,"mcpPosition":[54.7312,342.706,34.9017],"pipPosition":[51.832,313.173,15.6945],"stabilizedTipPosition":[45.1881,277.675,73.5795],"timeVisible":0.822545,"tipPosition":[46.2398,285.441,30.4785],"tipVelocity":[33.4782,19.8362,-136.392],"tool":false,"touchDistance":0.333333,"touchZone":"none","type":4,"width":16.0525}],"r":[[0.982034,0.149449,0.115214],[-0.15719,0.985666,0.0612679],[-0.104406,-0.0782776,0.991449]],"s":1.11367,"t":[-112.439,76.1252,-121.411],"timestamp":521617725433},false],[3,{"currentFrameRate":101.959,"devices":[],"gestures":[],"hands":[{"armBasis":[[0.86973,0.433138,-0.236561],[-0.255712,0.805462,0.534642],[0.422115,-0.404503,0.811293]],"armWidth":63.7005,"confidence":0.896045,"direction":[-0.104168,0.472705,-0.875042],"elbow":[145.007,198.417,310.28],"grabStrength":0,"id":442,"palmNormal":[0.26249,-0.835566,-0.482627],"palmPosition":[19.2713,327.375,41.6931],"palmVelocity":[25.5696,9.14658,-129.956],"palmWidth":90.9622,"pinchStrength":0.587813,"r":[[0.98183,0.149888,0.116377],[-0.158119,0.985279,0.064997],[-0.104922,-0.0822174,0.991076]],"s":1.1125,"sphereCenter":[33.6575,297.412,3.04327],"sphereRadius":49.4395,"stabilizedPalmPosition":[22.1462,320.365,92.8685],"t":[-112.209,76.2108,-122.702],"timeVisible":0.831546,"type":"right","wrist":[31.0713,307.599,91.2975]}],"id":4125241,"interactionBox":{"center":[0,200,0],"size":[235.247,235.247,147.751]},"pointables":[{"bases":[[[0.130914,0.952249,0.275831],[-0.848771,-0.0361165,0.527525],[0.512298,-0.303178,0.803514]],[[-0.0650529,0.997218,-0.0363946],[-0.892746,-0.0418652,0.448612],[0.44584,0.0616747,0.892985]],[[-0.0650529,0.997218,-0.0363946],[-0.997123,-0.0635386,0.0413257],[0.0388982,0.0389783,0.998483]],[[-0.0650529,0.997218,-0.0363946],[-0.715451,-0.0720347,-0.69494],[-0.695628,-0.0191693,0.718146]]],"btipPosition":[-0.376714,285.024,-7.3731],"carpPosition":[6.92237,288.982,88.0245],"dipPosition":[-16.6519,284.576,9.42898],"direction":[-0.0388982,-0.0389783,-0.998483],"extended":false,"handId":442,"id":4420,"length":52.1005,"mcpPosition":[6.92237,288.982,88.0245],"pipPosition":[-15.3261,285.904,43.4624],"stabilizedTipPosition":[0.306624,270.059,61.6562],"timeVisible":0.831546,"tipPosition":[-4.33713,285.383,-3.77621],"tipVelocity":[38.561,16.3201,-148.377],"tool":false,"touchDistance":-0.52354,"touchZone":"touching","type":0,"width":20.2438},{"bases":[[[0.928187,0.355357,-0.110406],[-0.298711,0.888474,0.348404],[0.221901,-0.290404,0.93082]],[[0.944442,0.327662,-0.0258427],[-0.319413,0.933512,0.162885],[0.0774957,-0.145581,0.986307]],[[0.944442,0.327662,-0.0258427],[-0.326937,0.944612,0.0286529],[0.0337998,-0.0186121,0.999255]],[[0.944442,0.327662,-0.0258427],[-0.328679,0.941641,-0.0726821],[0.000519396,0.077138,0.99702]]],"btipPosition":[-12.0624,339.372,-63.598],"carpPosition":[8.41177,312.629,88.3968],"dipPosition":[-12.0535,340.69,-46.5685],"direction":[-0.0337998,0.0186121,-0.999255],"extended":true,"handId":442,"id":4421,"length":58.7895,"mcpPosition":[-7.9084,333.987,19.9377],"pipPosition":[-11.2368,340.24,-22.4235],"stabilizedTipPosition":[-12.8314,330.967,-7.32862],"timeVisible":0.831546,"tipPosition":[-12.6017,340.673,-59.4746],"tipVelocity":[42.9164,13.4987,-129.801],"tool":false,"touchDistance":-0.509766,"touchZone":"touching","type":1,"width":19.3369},{"bases":[[[0.986865,0.156151,-0.0413998],[-0.132546,0.929169,0.345074],[0.0923509,-0.335054,0.937662]],[[0.985776,0.159871,-0.0518366],[-0.127279,0.508727,-0.851468],[-0.109755,0.845954,0.521839]],[[0.985776,0.159871,-0.0518366],[0.0105047,-0.366439,-0.930383],[-0.167737,0.916604,-0.362906]],[[0.985776,0.159871,-0.0518366],[0.0762278,-0.700193,-0.709872],[-0.149784,0.695824,-0.70242]]],"btipPosition":[25.5051,262.116,20.0656],"carpPosition":[19.0754,318.639,87.0971],"dipPosition":[22.6912,275.188,6.86971],"direction":[0.167737,-0.916604,0.362906],"extended":false,"handId":442,"id":4422,"length":66.986,"mcpPosition":[12.6342,342.008,21.6983],"pipPosition":[17.9228,301.245,-3.44689],"stabilizedTipPosition":[25.6481,254.748,57.8326],"timeVisible":0.831546,"tipPosition":[24.8507,264.78,15.8894],"tipVelocity":[39.6993,28.4284,-148.544],"tool":false,"touchDistance":0.333333,"touchZone":"none","type":2,"width":18.9914},{"bases":[[[0.996864,0.0346509,0.0711417],[-0.0586883,0.926797,0.370949],[-0.0530802,-0.373961,0.925924]],[[0.998111,0.0477202,0.0386858],[0.011857,0.468249,-0.883517],[-0.0602762,0.882307,0.466799]],[[0.998111,0.0477202,0.0386858],[0.0555841,-0.433394,-0.899489],[-0.0261577,0.89994,-0.435228]],[[0.998111,0.0477202,0.0386858],[0.0613626,-0.744697,-0.664576],[-0.00290459,0.665695,-0.746218]]],"btipPosition":[37.7358,268.311,33.2916],"carpPosition":[30.9409,321.659,86.1327],"dipPosition":[37.6815,280.745,19.3535],"direction":[0.0261577,-0.89994,0.435228],"extended":false,"handId":442,"id":4423,"length":64.4088,"mcpPosition":[34.2648,345.076,28.1505],"pipPosition":[36.9571,305.667,7.30053],"stabilizedTipPosition":[39.1329,260.581,72.8597],"timeVisible":0.831546,"tipPosition":[37.8283,270.754,28.8841],"tipVelocity":[36.6884,26.2182,-139.541],"tool":false,"touchDistance":0.333333,"touchZone":"none","type":3,"width":18.0715},{"bases":[[[0.979923,-0.162477,0.115553],[0.0926176,0.8842,0.457834],[-0.17656,-0.43794,0.881496]],[[0.984942,-0.148771,0.0880683],[0.155035,0.534641,-0.830737],[0.0765049,0.831881,0.549655]],[[0.984942,-0.148771,0.0880683],[0.0300362,-0.354406,-0.934609],[0.170255,0.923181,-0.344601]],[[0.984942,-0.148771,0.0880683],[-0.0375098,-0.681164,-0.731169],[0.168766,0.716856,-0.676488]]],"btipPosition":[45.8356,283.213,32.8804],"carpPosition":[44.5422,317.636,85.0131],"dipPosition":[48.7437,295.566,21.2235],"direction":[-0.170255,-0.923181,0.344601],"extended":false,"handId":442,"id":4424,"length":50.4953,"mcpPosition":[54.777,343.022,33.915],"pipPosition":[52.0726,313.616,14.4856],"stabilizedTipPosition":[45.1882,277.675,73.5758],"timeVisible":0.831546,"tipPosition":[46.5924,285.787,29.1682],"tipVelocity":[35.0474,25.0735,-139.828],"tool":false,"touchDistance":0.333333,"touchZone":"none","type":4,"width":16.0525}],"r":[[0.98183,0.149888,0.116377],[-0.158119,0.985279,0.064997],[-0.104922,-0.0822174,0.991076]],"s":1.1125,"t":[-112.209,76.2108,-122.702],"timestamp":521617734434},false],[4,{"currentFrameRate":102.344,"devices":[],"gestures":[],"hands":[{"armBasis":[[0.868421,0.435986,-0.236139],[-0.257734,0.803783,0.536196],[0.423578,-0.404782,0.81039]],"armWidth":63.7005,"confidence":0.901074,"direction":[-0.105301,0.476045,-0.873094],"elbow":[145.66,198.206,309.039],"grabStrength":0,"id":442,"palmNormal":[0.264331,-0.832991,-0.48606],"palmPosition":[19.4806,327.416,40.7785],"palmVelocity":[24.9062,7.85551,-122.033],"palmWidth":90.9622,"pinchStrength":0.587379,"r":[[0.9816,0.150581,0.117418],[-0.159305,0.98483,0.0687868],[-0.105279,-0.0862265,0.990697]],"s":1.11149,"sphereCenter":[34.0185,297.605,2.02187],"sphereRadius":49.4381,"stabilizedPalmPosition":[22.1462,320.365,92.867],"t":[-111.99,76.2737,-123.804],"timeVisible":0.840583,"type":"right","wrist":[31.329,307.463,90.3008]}],"id":4125242,"interactionBox":{"center":[0,200,0],"size":[235.247,235.247,147.751]},"pointables":[{"bases":[[[0.128792,0.951405,0.279715],[-0.848646,-0.0401848,0.527433],[0.513042,-0.305308,0.802231]],[[-0.0672059,0.997221,-0.0321575],[-0.892663,-0.0456997,0.448403],[0.445687,0.058841,0.893253]],[[-0.0672059,0.997221,-0.0321575],[-0.996953,-0.0658392,0.0418229],[0.0395894,0.0348702,0.998607]],[[-0.0672059,0.997221,-0.0321575],[-0.715064,-0.0706177,-0.695483],[-0.695821,-0.0237459,0.717823]]],"btipPosition":[-0.088688,285.236,-8.45428],"carpPosition":[7.22181,288.805,86.9534],"dipPosition":[-16.3684,284.681,8.34023],"direction":[-0.0395894,-0.0348702,-0.998607],"extended":false,"handId":442,"id":4420,"length":52.1005,"mcpPosition":[7.22181,288.805,86.9534],"pipPosition":[-15.019,285.869,42.3779],"stabilizedTipPosition":[0.306475,270.06,61.6538],"timeVisible":0.840583,"tipPosition":[-4.04112,285.556,-4.8529],"tipVelocity":[36.6862,17.5332,-140.512],"tool":false,"touchDistance":-0.515763,"touchZone":"touching","type":0,"width":20.2438},{"bases":[[[0.927376,0.357895,-0.109017],[-0.300683,0.886367,0.352056],[0.222628,-0.293709,0.929608]],[[0.943691,0.329909,-0.024624],[-0.32181,0.932684,0.162906],[0.0767108,-0.145809,0.986334]],[[0.943691,0.329909,-0.024624],[-0.329255,0.943849,0.0271966],[0.0322138,-0.0175576,0.999327]],[[0.943691,0.329909,-0.024624],[-0.330823,0.940701,-0.075087],[-0.00160805,0.0790052,0.996873]]],"btipPosition":[-11.7612,339.393,-64.4838],"carpPosition":[8.65801,312.454,87.4223],"dipPosition":[-11.7887,340.742,-47.4568],"direction":[-0.0322138,0.0175576,-0.999327],"extended":true,"handId":442,"id":4421,"length":58.7895,"mcpPosition":[-7.71562,334.055,19.0522],"pipPosition":[-11.0103,340.318,-23.3101],"stabilizedTipPosition":[-12.8311,330.97,-7.34488],"timeVisible":0.840583,"tipPosition":[-12.3042,340.736,-60.3636],"tipVelocity":[40.0184,10.6277,-121.062],"tool":false,"touchDistance":-0.500418,"touchZone":"touching","type":1,"width":19.3369},{"bases":[[[0.986508,0.15854,-0.0408298],[-0.134609,0.927449,0.348881],[0.0931792,-0.338678,0.936277]],[[0.985412,0.162291,-0.0512246],[-0.12853,0.512429,-0.849056],[-0.111545,0.843254,0.525813]],[[0.985412,0.162291,-0.0512246],[0.011861,-0.365759,-0.930634],[-0.16977,0.916451,-0.362348]],[[0.985412,0.162291,-0.0512246],[0.0785723,-0.700855,-0.708964],[-0.15096,0.694597,-0.703382]]],"btipPosition":[25.8461,262.381,19.0222],"carpPosition":[19.308,318.493,86.1464],"dipPosition":[23.0101,275.43,5.80826],"direction":[0.16977,-0.916451,0.362348],"extended":false,"handId":442,"id":4422,"length":66.986,"mcpPosition":[12.809,342.115,20.8442],"pipPosition":[18.1839,301.482,-4.49246],"stabilizedTipPosition":[25.648,254.749,57.8291],"timeVisible":0.840583,"tipPosition":[25.1916,265.026,14.8598],"tipVelocity":[39.002,28.4985,-139.554],"tool":false,"touchDistance":0.333333,"touchZone":"none","type":2,"width":18.9914},{"bases":[[[0.996789,0.0366034,0.0712129],[-0.0607447,0.925137,0.374741],[-0.0521648,-0.377864,0.92439]],[[0.997997,0.0496477,0.0392059],[0.0111297,0.472283,-0.881377],[-0.0622746,0.880048,0.470784]],[[0.997997,0.0496477,0.0392059],[0.0568662,-0.432524,-0.899827],[-0.0277169,0.900255,-0.434481]],[[0.997997,0.0496477,0.0392059],[0.0631501,-0.74512,-0.663934],[-0.00374973,0.66508,-0.746762]]],"btipPosition":[38.0524,268.544,32.26],"carpPosition":[31.1666,321.544,85.1936],"dipPosition":[37.9823,280.966,18.3117],"direction":[0.0277169,-0.900255,0.434481],"extended":false,"handId":442,"id":4423,"length":64.4088,"mcpPosition":[34.4332,345.206,27.3075],"pipPosition":[37.2147,305.898,6.27942],"stabilizedTipPosition":[39.1328,260.582,72.8558],"timeVisible":0.840583,"tipPosition":[38.1441,270.977,27.8744],"tipVelocity":[36.1213,26.017,-132.618],"tool":false,"touchDistance":0.333333,"touchZone":"none","type":3,"width":18.0715},{"bases":[[[0.980295,-0.160742,0.114819],[0.0906636,0.882526,0.461441],[-0.175504,-0.441939,0.879709]],[[0.985292,-0.146879,0.0873229],[0.153504,0.536312,-0.829943],[0.0750689,0.831141,0.550971]],[[0.985292,-0.146879,0.0873229],[0.0293641,-0.357889,-0.933302],[0.168334,0.92214,-0.348313]],[[0.985292,-0.146879,0.0873229],[-0.0376711,-0.685167,-0.727411],[0.166672,0.713423,-0.680623]]],"btipPosition":[46.1334,283.471,32.1248],"carpPosition":[44.7769,317.556,84.0566],"dipPosition":[49.0054,295.764,20.3966],"direction":[-0.168334,-0.92214,0.348313],"extended":false,"handId":442,"id":4424,"length":50.4953,"mcpPosition":[54.9504,343.174,33.062],"pipPosition":[52.2968,313.794,13.5861],"stabilizedTipPosition":[45.1884,277.676,73.5719],"timeVisible":0.840583,"tipPosition":[46.8807,286.026,28.3602],"tipVelocity":[34.2168,25.6026,-124.839],"tool":false,"touchDistance":0.333333,"touchZone":"none","type":4,"width":16.0525}],"r":[[0.9816,0.150581,0.117418],[-0.159305,0.98483,0.0687868],[-0.105279,-0.0862265,0.990697]],"s":1.11149,"t":[-111.99,76.2737,-123.804],"timestamp":521617743471},false],[5,{"currentFrameRate":102.724,"devices":[],"gestures":[],"hands":[{"armBasis":[[0.871546,0.428461,-0.238389],[-0.252015,0.808511,0.531788],[0.42059,-0.4034,0.812633]],"armWidth":63.7005,"confidence":0.905617,"direction":[-0.103183,0.479972,-0.871195],"elbow":[145.055,198.484,308.285],"grabStrength":0,"id":442,"palmNormal":[0.257407,-0.833147,-0.489497],"palmPosition":[19.7499,327.588,39.5104],"palmVelocity":[26.2747,10.9462,-127.172],"palmWidth":90.9622,"pinchStrength":0.585721,"r":[[0.981675,0.149602,0.118043],[-0.158782,0.984642,0.0725806],[-0.105372,-0.0899936,0.990352]],"s":1.11044,"sphereCenter":[34.0751,297.77,0.6382],"sphereRadius":49.422,"stabilizedPalmPosition":[22.1461,320.365,92.8657],"t":[-111.745,76.3913,-124.989],"timeVisible":0.849594,"type":"right","wrist":[31.53,307.369,88.9409]}],"id":4125243,"interactionBox":{"center":[0,200,0],"size":[235.247,235.247,147.751]},"pointables":[{"bases":[[[0.136249,0.94941,0.282944],[-0.848076,-0.0358454,0.528661],[0.512058,-0.311987,0.800288]],[[-0.0595689,0.997834,-0.0279028],[-0.892254,-0.0406909,0.449697],[0.447587,0.0516843,0.892745]],[[-0.0595689,0.997834,-0.0279028],[-0.997317,-0.0583004,0.0442598],[0.0425372,0.0304644,0.99863]],[[-0.0595689,0.997834,-0.0279028],[-0.715641,-0.0621764,-0.695695],[-0.695923,-0.0214734,0.717795]]],"btipPosition":[-0.222866,285.786,-9.81723],"carpPosition":[7.28056,288.902,85.5652],"dipPosition":[-16.505,285.284,6.97662],"direction":[-0.0425372,-0.0304644,-0.99863],"extended":false,"handId":442,"id":4420,"length":52.1005,"mcpPosition":[7.28056,288.902,85.5652],"pipPosition":[-15.0551,286.322,41.0151],"stabilizedTipPosition":[0.306321,270.06,61.6513],"timeVisible":0.849594,"tipPosition":[-4.15804,286.085,-6.21215],"tipVelocity":[22.4927,29.8747,-143.469],"tool":false,"touchDistance":-0.512967,"touchZone":"touching","type":0,"width":20.2438},{"bases":[[[0.929814,0.351447,-0.109227],[-0.293578,0.887275,0.355747],[0.221941,-0.298711,0.928178]],[[0.946026,0.323111,-0.0251752],[-0.315027,0.935035,0.162687],[0.0761056,-0.145975,0.986357]],[[0.946026,0.323111,-0.0251752],[-0.322487,0.946219,0.0259027],[0.0321907,-0.0163859,0.999347]],[[0.946026,0.323111,-0.0251752],[-0.324088,0.942887,-0.0770192],[-0.00114835,0.0810211,0.996712]]],"btipPosition":[-11.4582,339.788,-65.6823],"carpPosition":[8.8918,312.537,86.1173],"dipPosition":[-11.4778,341.172,-48.6581],"direction":[-0.0321907,0.0163859,-0.999347],"extended":true,"handId":442,"id":4421,"length":58.7895,"mcpPosition":[-7.4313,334.507,17.8525],"pipPosition":[-10.7,340.776,-24.5108],"stabilizedTipPosition":[-12.8307,330.972,-7.36115],"timeVisible":0.849594,"tipPosition":[-11.981,341.18,-61.5639],"tipVelocity":[38.3168,20.0096,-124.363],"tool":false,"touchDistance":-0.496696,"touchZone":"touching","type":1,"width":19.3369},{"bases":[[[0.987583,0.151416,-0.0418581],[-0.127211,0.927144,0.352451],[0.0921751,-0.342749,0.934894]],[[0.986502,0.155203,-0.0522117],[-0.126071,0.516383,-0.847027],[-0.1045,0.842176,0.528979]],[[0.986502,0.155203,-0.0522117],[0.00848938,-0.366895,-0.930224],[-0.16353,0.917224,-0.36326]],[[0.986502,0.155203,-0.0522117],[0.0732982,-0.703654,-0.706752],[-0.146429,0.693385,-0.705532]]],"btipPosition":[25.5901,262.727,17.732],"carpPosition":[19.584,318.503,84.846],"dipPosition":[22.8393,275.753,4.47767],"direction":[0.16353,-0.917224,0.36326],"extended":false,"handId":442,"id":4422,"length":66.986,"mcpPosition":[13.1551,342.408,19.6402],"pipPosition":[18.1905,301.827,-5.84899],"stabilizedTipPosition":[25.648,254.75,57.8259],"timeVisible":0.849594,"tipPosition":[24.9539,265.354,13.5609],"tipVelocity":[21.0718,31.0539,-140.834],"tool":false,"touchDistance":0.333333,"touchZone":"none","type":2,"width":18.9914},{"bases":[[[0.997145,0.0290014,0.0697262],[-0.0533244,0.924194,0.378182],[-0.0534727,-0.38082,0.923102]],[[0.998391,0.0420385,0.0380424],[0.0134301,0.476534,-0.879053],[-0.0550825,0.87815,0.475203]],[[0.998391,0.0420385,0.0380424],[0.0524559,-0.430304,-0.901158],[-0.0215135,0.901705,-0.431817]],[[0.998391,0.0420385,0.0380424],[0.0566951,-0.744411,-0.66531],[0.00035056,0.666397,-0.745597]]],"btipPosition":[37.8612,268.674,30.7391],"carpPosition":[31.4632,321.469,83.8849],"dipPosition":[37.8678,281.121,16.8126],"direction":[0.0215135,-0.901704,0.431817],"extended":false,"handId":442,"id":4423,"length":64.4088,"mcpPosition":[34.8117,345.316,26.0795],"pipPosition":[37.272,306.093,4.85409],"stabilizedTipPosition":[39.1327,260.583,72.8525],"timeVisible":0.849594,"tipPosition":[37.9661,271.111,26.4047],"tipVelocity":[20.9004,23.0113,-142.404],"tool":false,"touchDistance":0.333333,"touchZone":"none","type":3,"width":18.0715},{"bases":[[[0.979266,-0.168374,0.112645],[0.0979038,0.880154,0.464481],[-0.177352,-0.443822,0.87839]],[[0.984322,-0.154444,0.0851831],[0.156126,0.538253,-0.828196],[0.0820601,0.828511,0.553928]],[[0.984322,-0.154444,0.0851831],[0.0244295,-0.358922,-0.933048],[0.174678,0.920501,-0.349522]],[[0.984322,-0.154444,0.0851831],[-0.0450052,-0.6869,-0.725357],[0.17054,0.710152,-0.683082]]],"btipPosition":[46.0677,283.59,30.8176],"carpPosition":[45.0419,317.385,82.7114],"dipPosition":[49.0063,295.827,19.0471],"direction":[-0.174678,-0.920501,0.349522],"extended":false,"handId":442,"id":4424,"length":50.4953,"mcpPosition":[55.3225,343.112,31.7934],"pipPosition":[52.4218,313.826,12.2129],"stabilizedTipPosition":[45.1885,277.677,73.5685],"timeVisible":0.849594,"tipPosition":[46.821,286.12,27.054],"tipVelocity":[23.276,21.8207,-130.696],"tool":false,"touchDistance":0.333333,"touchZone":"none","type":4,"width":16.0525}],"r":[[0.981675,0.149602,0.118043],[-0.158782,0.984642,0.0725806],[-0.105372,-0.0899936,0.990352]],"s":1.11044,"t":[-111.745,76.3913,-124.989],"timestamp":521617752482},false],[6,{"currentFrameRate":103.045,"devices":[],"gestures":[],"hands":[{"armBasis":[[0.870877,0.432055,-0.234311],[-0.256361,0.806041,0.533457],[0.419347,-0.404507,0.812725]],"armWidth":63.7005,"confidence":0.908294,"direction":[-0.103818,0.482779,-0.869566],"elbow":[144.834,197.953,307.055],"grabStrength":0,"id":442,"palmNormal":[0.26166,-0.830235,-0.492183],"palmPosition":[19.8581,327.49,38.3128],"palmVelocity":[22.2894,4.91936,-128.418],"palmWidth":90.9622,"pinchStrength":0.584189,"r":[[0.981572,0.149548,0.118963],[-0.15921,0.984292,0.076297],[-0.105685,-0.0938311,0.989963]],"s":1.10953,"sphereCenter":[34.4274,297.849,-0.644198],"sphereRadius":49.4205,"stabilizedPalmPosition":[22.146,320.365,92.8646],"t":[-111.569,76.4009,-126.181],"timeVisible":0.85869,"type":"right","wrist":[31.6448,307.136,87.6864]}],"id":4125244,"interactionBox":{"center":[0,200,0],"size":[235.247,235.247,147.751]},"pointables":[{"bases":[[[0.13183,0.94891,0.286689],[-0.84875,-0.0413577,0.527175],[0.512099,-0.312825,0.799935]],[[-0.0638436,0.997659,-0.02452],[-0.892689,-0.0461078,0.448309],[0.446129,0.0505104,0.893542]],[[-0.0638436,0.997659,-0.02452],[-0.996995,-0.0626822,0.0455248],[0.0438813,0.0273528,0.998662]],[[-0.0638436,0.997659,-0.02452],[-0.71449,-0.0628487,-0.696817],[-0.696726,-0.026968,0.71683]]],"btipPosition":[0.0205068,285.758,-11.1973],"carpPosition":[7.47818,288.58,84.2035],"dipPosition":[-16.2804,285.127,5.57402],"direction":[-0.0438813,-0.0273528,-0.998662],"extended":false,"handId":442,"id":4420,"length":52.1005,"mcpPosition":[7.47818,288.58,84.2035],"pipPosition":[-14.7847,286.06,39.6136],"stabilizedTipPosition":[0.306192,270.061,61.6491],"timeVisible":0.85869,"tipPosition":[-3.86674,286.019,-7.58456],"tipVelocity":[23.5423,19.8381,-145.913],"tool":false,"touchDistance":-0.510782,"touchZone":"touching","type":0,"width":20.2438},{"bases":[[[0.928507,0.355733,-0.106441],[-0.297847,0.884709,0.358577],[0.221727,-0.301238,0.927412]],[[0.944692,0.327182,-0.0225544],[-0.319443,0.933555,0.162577],[0.074248,-0.14638,0.986438]],[[0.944692,0.327182,-0.0225544],[-0.326625,0.944819,0.0251678],[0.0295443,-0.016409,0.999429]],[[0.944692,0.327182,-0.0225544],[-0.32793,0.941468,-0.0780998],[-0.00431857,0.0811765,0.99669]]],"btipPosition":[-11.1467,339.672,-66.9024],"carpPosition":[8.98966,312.22,84.846],"dipPosition":[-11.2205,341.059,-49.8785],"direction":[-0.0295443,0.016409,-0.999429],"extended":true,"handId":442,"id":4421,"length":58.7895,"mcpPosition":[-7.31772,334.375,16.6375],"pipPosition":[-10.5066,340.662,-25.7293],"stabilizedTipPosition":[-12.8302,330.975,-7.37633],"timeVisible":0.85869,"tipPosition":[-11.6757,341.073,-62.7877],"tipVelocity":[36.8083,10.9521,-127.072],"tool":false,"touchDistance":-0.493662,"touchZone":"touching","type":1,"width":19.3369},{"bases":[[[0.987006,0.155695,-0.0397244],[-0.131643,0.925285,0.355694],[0.0921362,-0.345843,0.933758]],[[0.98592,0.159534,-0.0501113],[-0.127027,0.519639,-0.84489],[-0.108749,0.83936,0.532587]],[[0.98592,0.159534,-0.0501113],[0.0120411,-0.366628,-0.93029],[-0.166785,0.916588,-0.363387]],[[0.98592,0.159534,-0.0501113],[0.0781659,-0.704603,-0.705283],[-0.147825,0.691436,-0.707152]]],"btipPosition":[25.9911,262.865,16.4393],"carpPosition":[19.6588,318.235,83.6139],"dipPosition":[23.214,275.855,3.15456],"direction":[0.166785,-0.916588,0.363387],"extended":false,"handId":442,"id":4422,"length":66.986,"mcpPosition":[13.2326,342.356,18.4874],"pipPosition":[18.4727,301.911,-7.1757],"stabilizedTipPosition":[25.648,254.751,57.823],"timeVisible":0.85869,"tipPosition":[25.356,265.47,12.2819],"tipVelocity":[27.2628,26.4088,-141.402],"tool":false,"touchDistance":0.333333,"touchZone":"none","type":2,"width":18.9914},{"bases":[[[0.996903,0.0329068,0.0714188],[-0.0577856,0.922548,0.381532],[-0.0533323,-0.384477,0.921593]],[[0.998141,0.0459633,0.0400356],[0.0130166,0.480932,-0.876661],[-0.0595486,0.875553,0.479439]],[[0.998141,0.0459633,0.0400356],[0.0558714,-0.427302,-0.902381],[-0.0243691,0.90294,-0.429076]],[[0.998141,0.0459633,0.0400356],[0.060948,-0.742845,-0.666683],[-0.000902743,0.667884,-0.744265]]],"btipPosition":[38.2182,268.742,29.3415],"carpPosition":[31.527,321.254,82.6828],"dipPosition":[38.2013,281.217,15.4399],"direction":[0.0243691,-0.90294,0.429076],"extended":false,"handId":442,"id":4423,"length":64.4088,"mcpPosition":[34.8667,345.33,24.9718],"pipPosition":[37.5265,306.223,3.55724],"stabilizedTipPosition":[39.1326,260.583,72.8497],"timeVisible":0.85869,"tipPosition":[38.3214,271.185,25.0557],"tipVelocity":[25.8186,18.9148,-145.347],"tool":false,"touchDistance":0.333333,"touchZone":"none","type":3,"width":18.0715},{"bases":[[[0.979783,-0.1647,0.113575],[0.0934895,0.878819,0.467907],[-0.176876,-0.447829,0.87645]],[[0.98483,-0.150629,0.0861383],[0.155192,0.542562,-0.825555],[0.0776176,0.8264,0.557708]],[[0.98483,-0.150629,0.0861383],[0.0269325,-0.357708,-0.933445],[0.171417,0.921605,-0.348225]],[[0.98483,-0.150629,0.0861383],[-0.0416968,-0.687309,-0.725168],[0.168435,0.710575,-0.683163]]],"btipPosition":[46.3798,283.715,29.5767],"carpPosition":[45.1244,317.232,81.5157],"dipPosition":[49.2822,295.959,17.8048],"direction":[-0.171417,-0.921605,0.348225],"extended":false,"handId":442,"id":4424,"length":50.4953,"mcpPosition":[55.3775,343.191,30.7101],"pipPosition":[52.6338,313.979,10.996],"stabilizedTipPosition":[45.1886,277.677,73.5655],"timeVisible":0.85869,"tipPosition":[47.1219,286.239,25.8347],"tipVelocity":[26.0788,19.6202,-132.292],"tool":false,"touchDistance":0.333333,"touc