{"sensorType":"Leap","data":[[0,{"currentFrameRate":102.489,"devices":[],"gestures":[],"hands":[{"armBasis":[[0.812981,0.532162,-0.23636],[-0.330163,0.755639,0.565687],[0.47964,-0.381856,0.79002]],"armWidth":63.7005,"confidence":0.740188,"direction":[-0.216367,0.484615,-0.847546],"elbow":[181.455,205.429,304.419],"grabStrength":0,"id":449,"palmNormal":[0.339508,-0.776583,-0.530711],"palmPosition":[34.8019,328.238,43.1602],"palmVelocity":[49.7464,-31.8105,-126.073],"palmWidth":90.9622,"pinchStrength":0.671164,"r":[[0.998993,0.0060289,0.044464],[0.00723622,0.956316,-0.292247],[-0.0442836,0.292274,0.955309]],"s":0.911108,"sphereCenter":[45.5558,302.235,1.89689],"sphereRadius":48.301,"stabilizedPalmPosition":[34.2558,329.198,85.3231],"t":[-36.889,119.654,-156.306],"timeVisible":1.03058,"type":"right","wrist":[51.9915,308.499,91.179]}],"id":4128923,"interactionBox":{"center":[0,200,0],"size":[235.247,235.247,147.751]},"pointables":[{"bases":[[[0.0224611,0.951156,0.307891],[-0.804084,-0.165821,0.570922],[0.594091,-0.260394,0.761085]],[[-0.195149,0.980723,0.00999824],[-0.779365,-0.161254,0.605464],[0.595405,0.110363,0.79581]],[[-0.195149,0.980723,0.00999824],[-0.957105,-0.192655,0.21641],[0.214165,0.0326628,0.976251]],[[-0.195149,0.980723,0.00999824],[-0.675564,-0.127022,-0.726277],[-0.711007,-0.148486,0.687329]]],"btipPosition":[9.93262,283.836,-0.62146],"carpPosition":[30.3095,286.983,88.4481],"dipPosition":[-6.70241,280.362,15.4596],"direction":[-0.214165,-0.0326628,-0.976251],"extended":false,"handId":449,"id":4490,"length":52.1005,"mcpPosition":[30.3095,286.983,88.4481],"pipPosition":[0.597423,281.476,48.7353],"stabilizedTipPosition":[2.65114,284.232,25.2509],"timeVisible":1.03058,"tipPosition":[6.39075,282.552,3.15799],"tipVelocity":[32.0043,-22.1338,-129.986],"tool":false,"touchDistance":-0.401416,"touchZone":"touching","type":0,"width":20.2438},{"bases":[[[0.866056,0.478229,-0.145751],[-0.390191,0.828831,0.400986],[0.312566,-0.290405,0.904415]],[[0.905087,0.425222,0.00179396],[-0.412395,0.876741,0.247499],[0.103669,-0.224748,0.968886]],[[0.905087,0.425222,0.00179396],[-0.422026,0.897752,0.126231],[0.0520659,-0.115008,0.991999]],[[0.905087,0.425222,0.00179396],[-0.425048,0.904577,0.032785],[0.0123181,-0.0304358,0.999461]]],"btipPosition":[-0.170225,344.903,-59.4435],"carpPosition":[28.7391,310.593,89.7275],"dipPosition":[0.0401735,344.383,-42.3723],"direction":[-0.0520659,0.115008,-0.991999],"extended":true,"handId":449,"id":4491,"length":58.7895,"mcpPosition":[5.75076,331.952,23.2104],"pipPosition":[1.29824,341.604,-18.4026],"stabilizedTipPosition":[-3.89493,346.768,-43.3498],"timeVisible":1.03058,"tipPosition":[-0.236232,343.952,-55.593],"tipVelocity":[62.437,-20.8712,-128.651],"tool":false,"touchDistance":-0.419266,"touchZone":"touching","type":1,"width":19.3369},{"bases":[[[0.954066,0.286248,-0.0884298],[-0.2312,0.891173,0.390331],[0.190538,-0.351957,0.916418]],[[0.952323,0.289386,-0.0966271],[-0.283786,0.723937,-0.628793],[-0.112012,0.626235,0.771546]],[[0.952323,0.289386,-0.0966271],[0.0498785,-0.460131,-0.886449],[-0.300987,0.839366,-0.452627]],[[0.952323,0.289386,-0.0966271],[0.232708,-0.893806,-0.383351],[-0.197302,0.342588,-0.918534]]],"btipPosition":[42.8081,282.073,17.1309],"carpPosition":[38.4371,317.998,88.1025],"dipPosition":[39.1015,288.509,-0.124946],"direction":[0.300987,-0.839366,0.452627],"extended":false,"handId":449,"id":4492,"length":66.986,"mcpPosition":[25.1477,342.546,24.1854],"pipPosition":[30.5451,312.37,-12.9921],"stabilizedTipPosition":[38.0119,283.314,43.7098],"timeVisible":1.03058,"tipPosition":[42.1158,283.027,13.197],"tipVelocity":[23.6631,-27.8289,-137.526],"tool":false,"touchDistance":0.333333,"touchZone":"none","type":2,"width":18.9914},{"bases":[[[0.986402,0.163335,0.018221],[-0.156253,0.897673,0.41203],[0.0509423,-0.409275,0.910988]],[[0.983511,0.17986,-0.0188796],[-0.149704,0.751117,-0.642971],[-0.101464,0.635195,0.765658]],[[0.983511,0.17986,-0.0188796],[0.0693711,-0.471609,-0.879075],[-0.167014,0.86327,-0.47631]],[[0.983511,0.17986,-0.0188796],[0.160263,-0.915172,-0.369833],[-0.0837964,0.360709,-0.928906]]],"btipPosition":[57.2648,289.2,25.9169],"carpPosition":[49.7324,322.587,86.6215],"dipPosition":[55.6996,295.938,8.56652],"direction":[0.167014,-0.86327,0.47631],"extended":false,"handId":449,"id":4493,"length":64.4088,"mcpPosition":[46.5424,348.216,29.5746],"pipPosition":[51.0744,319.845,-4.62419],"stabilizedTipPosition":[54.1774,289.088,56.2533],"timeVisible":1.03058,"tipPosition":[56.9976,290.276,22.1347],"tipVelocity":[29.2761,-32.621,-146.067],"tool":false,"touchDistance":0.333333,"touchZone":"none","type":3,"width":18.0715},{"bases":[[[0.997836,-0.0357141,0.055204],[0.00418914,0.872441,0.488702],[-0.0656158,-0.487414,0.870702]],[[0.99567,-0.0490225,0.078981],[0.0877139,0.776797,-0.623613],[-0.0307812,0.62784,0.777733]],[[0.99567,-0.0490225,0.078981],[0.0471321,-0.466104,-0.883474],[0.0801235,0.883371,-0.461775]],[[0.99567,-0.0490225,0.078981],[-0.0133863,-0.916399,-0.400043],[0.0919892,0.397253,-0.913087]]],"btipPosition":[65.3898,302.377,31.3956],"carpPosition":[63.6499,320.434,84.5967],"dipPosition":[66.9749,309.222,15.6617],"direction":[-0.0801235,-0.883371,0.461775],"extended":false,"handId":449,"id":4494,"length":50.4953,"mcpPosition":[67.4535,348.688,34.1243],"pipPosition":[68.5416,326.495,6.63269],"stabilizedTipPosition":[61.6632,301.95,65.7842],"timeVisible":1.03058,"tipPosition":[65.5962,303.391,28.0342],"tipVelocity":[39.7727,-33.2578,-144.058],"tool":false,"touchDistance":0.333333,"touchZone":"none","type":4,"width":16.0525}],"r":[[0.998993,0.0060289,0.044464],[0.00723622,0.956316,-0.292247],[-0.0442836,0.292274,0.955309]],"s":0.911108,"t":[-36.889,119.654,-156.306],"timestamp":521656834199},false],[1,{"currentFrameRate":102.969,"devices":[],"gestures":[],"hands":[{"armBasis":[[0.816909,0.525622,-0.237448],[-0.326683,0.760954,0.56056],[0.47533,-0.380356,0.793341]],"armWidth":63.7005,"confidence":0.758154,"direction":[-0.212912,0.484243,-0.848632],"elbow":[180.571,205.469,303.559],"grabStrength":0,"id":449,"palmNormal":[0.33494,-0.779748,-0.528969],"palmPosition":[35.2296,327.883,41.3548],"palmVelocity":[49.4372,-34.1126,-147.375],"palmWidth":90.9622,"pinchStrength":0.682533,"r":[[0.998976,0.00236598,0.0451791],[0.0110393,0.955697,-0.294144],[-0.0438734,0.294342,0.954693]],"s":0.90922,"sphereCenter":[46.0817,301.737,0.0697818],"sphereRadius":48.3395,"stabilizedPalmPosition":[34.2669,329.183,84.8194],"t":[-36.4225,119.368,-157.863],"timeVisible":1.03938,"type":"right","wrist":[52.2714,308.134,89.4223]}],"id":4128924,"interactionBox":{"center":[0,200,0],"size":[235.247,235.247,147.751]},"pointables":[{"bases":[[[0.0282225,0.951616,0.30599],[-0.805394,-0.159663,0.570832],[0.592068,-0.262552,0.76192]],[[-0.189338,0.981883,0.00749597],[-0.782804,-0.155549,0.602514],[0.592764,0.108211,0.798073]],[[-0.189338,0.981883,0.00749597],[-0.958288,-0.186442,0.21662],[0.214093,0.0338312,0.976227]],[[-0.189338,0.981883,0.00749597],[-0.676591,-0.124928,-0.725684],[-0.711601,-0.142472,0.687987]]],"btipPosition":[10.2285,283.528,-2.47379],"carpPosition":[30.4573,286.748,86.7233],"dipPosition":[-6.42047,280.195,13.6227],"direction":[-0.214093,-0.0338312,-0.976227],"extended":false,"handId":449,"id":4490,"length":52.1005,"mcpPosition":[30.4573,286.748,86.7233],"pipPosition":[0.876939,281.348,46.8975],"stabilizedTipPosition":[2.72064,284.205,24.8054],"timeVisible":1.03938,"tipPosition":[6.61766,282.312,1.35179],"tipVelocity":[32.3412,-24.6159,-151.565],"tool":false,"touchDistance":-0.41734,"touchZone":"touching","type":0,"width":20.2438},{"bases":[[[0.869091,0.472536,-0.146257],[-0.385231,0.832049,0.399113],[0.310289,-0.290522,0.905162]],[[0.907728,0.419558,0.0014829],[-0.407037,0.879772,0.245606],[0.101741,-0.223547,0.969369]],[[0.907728,0.419558,0.0014829],[-0.416477,0.900624,0.124186],[0.0507678,-0.113345,0.992258]],[[0.907728,0.419558,0.0014829],[-0.419402,0.907283,0.0306386],[0.0115092,-0.0284334,0.999529]]],"btipPosition":[0.419352,344.563,-61.2996],"carpPosition":[29.0332,310.37,87.9544],"dipPosition":[0.615934,344.077,-44.2273],"direction":[-0.0507678,0.113345,-0.992258],"extended":true,"handId":449,"id":4491,"length":58.7895,"mcpPosition":[6.21235,331.737,21.3824],"pipPosition":[1.84264,341.338,-20.2513],"stabilizedTipPosition":[-3.70846,346.669,-43.9496],"timeVisible":1.03938,"tipPosition":[0.344679,343.628,-57.4467],"tipVelocity":[63.5683,-25.4342,-150.806],"tool":false,"touchDistance":-0.433511,"touchZone":"touching","type":1,"width":19.3369},{"bases":[[[0.955874,0.280127,-0.0885037],[-0.225849,0.893379,0.388416],[0.187873,-0.351289,0.917224]],[[0.954137,0.283291,-0.0967922],[-0.28067,0.734009,-0.61843],[-0.104149,0.617233,0.779856]],[[0.954137,0.283291,-0.0967922],[0.0436002,-0.451368,-0.891272],[-0.296178,0.846175,-0.443019]],[[0.954137,0.283291,-0.0967922],[0.226149,-0.893911,-0.387013],[-0.196161,0.347374,-0.91698]]],"btipPosition":[42.7977,281.89,14.589],"carpPosition":[38.7779,317.711,86.3196],"dipPosition":[39.1126,288.416,-2.63767],"direction":[0.296178,-0.846175,0.443019],"extended":false,"handId":449,"id":4492,"length":66.986,"mcpPosition":[25.6744,342.212,22.3462],"pipPosition":[30.6929,312.471,-15.2317],"stabilizedTipPosition":[38.0359,283.314,43.5084],"timeVisible":1.03938,"tipPosition":[42.1409,282.847,10.949],"tipVelocity":[17.1221,-25.3104,-178.087],"tool":false,"touchDistance":0.333333,"touchZone":"none","type":2,"width":18.9914},{"bases":[[[0.98739,0.15723,0.0184111],[-0.150875,0.899456,0.410142],[0.0479265,-0.407748,0.911836]],[[0.984618,0.173713,-0.0187581],[-0.145246,0.754099,-0.640499],[-0.0971177,0.633371,0.76773]],[[0.984618,0.173713,-0.0187581],[0.066282,-0.470694,-0.879803],[-0.161663,0.865026,-0.474968]],[[0.984618,0.173713,-0.0187581],[0.154687,-0.916588,-0.368699],[-0.0812412,0.360125,-0.92936]]],"btipPosition":[57.4334,288.788,23.9564],"carpPosition":[50.1023,322.227,84.8353],"dipPosition":[55.916,295.515,6.5975],"direction":[0.161663,-0.865026,0.474968],"extended":false,"handId":449,"id":4493,"length":64.4088,"mcpPosition":[47.1011,347.76,27.7353],"pipPosition":[51.439,319.47,-6.55604],"stabilizedTipPosition":[54.1926,289.095,56.0638],"timeVisible":1.03938,"tipPosition":[57.1764,289.854,20.2498],"tipVelocity":[26.8891,-36.5299,-166.795],"tool":false,"touchDistance":0.333333,"touchZone":"none","type":3,"width":18.0715},{"bases":[[[0.997566,-0.0418114,0.0558004],[0.00936816,0.87338,0.486949],[-0.069095,-0.485241,0.871646]],[[0.995231,-0.0554292,0.0802698],[0.0935342,0.775865,-0.623927],[-0.0276947,0.62846,0.777349]],[[0.995231,-0.0554292,0.0802698],[0.0450848,-0.468344,-0.882395],[0.0865043,0.881806,-0.463611]],[[0.995231,-0.0554292,0.0802698],[-0.0191038,-0.91769,-0.396838],[0.0956592,0.393412,-0.914372]]],"btipPosition":[65.6517,301.875,29.638],"carpPosition":[64.0072,319.983,82.8222],"dipPosition":[67.3,308.654,13.8819],"direction":[-0.0865043,-0.881806,0.463611],"extended":false,"handId":449,"id":4494,"length":50.4953,"mcpPosition":[68.0125,348.111,32.2951],"pipPosition":[68.9914,325.896,4.81701],"stabilizedTipPosition":[61.6801,301.956,65.6305],"timeVisible":1.03938,"tipPosition":[65.8789,302.876,26.2704],"tipVelocity":[37.5192,-40.1339,-159.211],"tool":false,"touchDistance":0.333333,"touchZone":"none","type":4,"width":16.0525}],"r":[[0.998976,0.00236598,0.0451791],[0.0110393,0.955697,-0.294144],[-0.0438734,0.294342,0.954693]],"s":0.90922,"t":[-36.4225,119.368,-157.863],"timestamp":521656842999},false],[2,{"currentFrameRate":103.236,"devices":[],"gestures":[],"hands":[{"armBasis":[[0.824067,0.516555,-0.23256],[-0.322319,0.76514,0.557379],[0.465858,-0.384359,0.797022]],"armWidth":63.7005,"confidence":0.779058,"direction":[-0.211234,0.480493,-0.85118],"elbow":[178.432,203.663,302.302],"grabStrength":0,"id":449,"palmNormal":[0.330742,-0.784323,-0.524831],"palmPosition":[35.7049,326.97,39.0069],"palmVelocity":[50.0877,-52.3694,-177.637],"palmWidth":90.9622,"pinchStrength":0.687625,"r":[[0.998959,-0.00148083,0.0456017],[0.0149612,0.954843,-0.296735],[-0.0431031,0.297108,0.95387]],"s":0.905619,"sphereCenter":[46.848,300.487,-2.33719],"sphereRadius":48.4205,"stabilizedPalmPosition":[34.2815,329.16,84.3548],"t":[-35.9516,118.769,-159.815],"timeVisible":1.04856,"type":"right","wrist":[52.6888,307.408,87.1716]}],"id":4128925,"interactionBox":{"center":[0,200,0],"size":[235.247,235.247,147.751]},"pointables":[{"bases":[[[0.0330726,0.953173,0.300611],[-0.805706,-0.152547,0.572335],[0.591391,-0.261133,0.762932]],[[-0.185109,0.982717,0.00133994],[-0.785152,-0.148714,0.601182],[0.590991,0.110232,0.799111]],[[-0.185109,0.982717,0.00133994],[-0.958956,-0.180931,0.218328],[0.214797,0.0391295,0.975875]],[[-0.185109,0.982717,0.00133994],[-0.678031,-0.12673,-0.724026],[-0.711343,-0.134932,0.689771]]],"btipPosition":[10.5989,282.436,-4.66902],"carpPosition":[30.7692,286.114,84.6096],"dipPosition":[-6.04401,279.279,11.4692],"direction":[-0.214797,-0.0391295,-0.975875],"extended":false,"handId":449,"id":4490,"length":52.1005,"mcpPosition":[30.7692,286.114,84.6096],"pipPosition":[1.27738,280.613,44.732],"stabilizedTipPosition":[2.78163,284.167,24.4175],"timeVisible":1.04856,"tipPosition":[6.91951,281.311,-0.795524],"tipVelocity":[34.6192,-49.7226,-175.719],"tool":false,"touchDistance":-0.436723,"touchZone":"touching","type":0,"width":20.2438},{"bases":[[[0.871253,0.467488,-0.149576],[-0.380881,0.836137,0.394721],[0.309593,-0.286931,0.906544]],[[0.909768,0.415115,-0.00146763],[-0.40255,0.883084,0.241075],[0.10137,-0.218731,0.970505]],[[0.909768,0.415115,-0.00146763],[-0.411988,0.903337,0.119367],[0.0508766,-0.107991,0.992849]],[[0.909768,0.415115,-0.00146763],[-0.414944,0.909485,0.0256414],[0.0119789,-0.0227187,0.99967]]],"btipPosition":[0.903161,343.244,-63.7123],"carpPosition":[29.4605,309.749,85.7089],"dipPosition":[1.10777,342.856,-46.6376],"direction":[-0.0508766,0.107991,-0.992849],"extended":true,"handId":449,"id":4491,"length":58.7895,"mcpPosition":[6.69085,330.852,19.0352],"pipPosition":[2.3371,340.246,-22.6473],"stabilizedTipPosition":[-3.53875,346.541,-44.5265],"timeVisible":1.04856,"tipPosition":[0.824906,342.342,-59.8536],"tipVelocity":[60.5885,-57.7655,-182.062],"tool":false,"touchDistance":-0.454676,"touchZone":"touching","type":1,"width":19.3369},{"bases":[[[0.95715,0.274988,-0.090807],[-0.221213,0.896632,0.383558],[0.186894,-0.347035,0.919042]],[[0.955406,0.278142,-0.0991843],[-0.2781,0.734543,-0.618956],[-0.0993023,0.618937,0.779138]],[[0.955406,0.278142,-0.0991843],[0.0401257,-0.455045,-0.889564],[-0.292558,0.845914,-0.445914]],[[0.955406,0.278142,-0.0991843],[0.221711,-0.897508,-0.381213],[-0.19505,0.342223,-0.919151]]],"btipPosition":[42.9701,280.938,12.3257],"carpPosition":[39.2394,317.034,84.0254],"dipPosition":[39.3058,287.367,-4.94172],"direction":[0.292558,-0.845914,0.445914],"extended":false,"handId":449,"id":4492,"length":66.986,"mcpPosition":[26.2041,341.238,19.9253],"pipPosition":[30.9891,311.414,-17.618],"stabilizedTipPosition":[38.0548,283.31,43.3454],"timeVisible":1.04856,"tipPosition":[42.3212,281.867,8.71639],"tipVelocity":[17.7307,-47.8833,-197.481],"tool":false,"touchDistance":0.333333,"touchZone":"none","type":2,"width":18.9914},{"bases":[[[0.988155,0.152543,0.0167732],[-0.146193,0.902467,0.405191],[0.0466717,-0.402844,0.914078]],[[0.98531,0.169382,-0.0217583],[-0.148036,0.783639,-0.603321],[-0.0851409,0.597679,0.797202]],[[0.98531,0.169382,-0.0217583],[0.0531694,-0.425348,-0.903467],[-0.162286,0.889038,-0.428106]],[[0.98531,0.169382,-0.0217583],[0.146448,-0.903614,-0.402536],[-0.0878433,0.393436,-0.915146]]],"btipPosition":[57.5997,288.047,18.6081],"carpPosition":[50.5844,321.486,82.5071],"dipPosition":[55.9589,295.396,1.51473],"direction":[0.162286,-0.889038,0.428106],"extended":false,"handId":449,"id":4493,"length":64.4088,"mcpPosition":[47.6618,346.712,25.2667],"pipPosition":[51.4647,320.016,-10.341],"stabilizedTipPosition":[54.2043,289.097,55.9033],"timeVisible":1.04856,"tipPosition":[57.3079,289.321,15.8619],"tipVelocity":[23.5738,-44.5147,-281.033],"tool":false,"touchDistance":0.333333,"touchZone":"none","type":3,"width":18.0715},{"bases":[[[0.997396,-0.0463322,0.0552735],[0.0139826,0.876048,0.482022],[-0.0707554,-0.479994,0.874414]],[[0.994901,-0.0603443,0.0808121],[0.097848,0.771755,-0.628347],[-0.02445,0.63305,0.773725]],[[0.994901,-0.0603443,0.0808121],[0.0425597,-0.475231,-0.878831],[0.0914369,0.877789,-0.47024]],[[0.994901,-0.0603443,0.0808121],[-0.0242455,-0.920861,-0.389136],[0.0978989,0.385192,-0.917629]]],"btipPosition":[65.9676,300.809,27.4652],"carpPosition":[64.4766,319.163,80.496],"dipPosition":[67.6546,307.447,11.653],"direction":[-0.0914369,-0.877789,0.47024],"extended":false,"handId":449,"id":4494,"length":50.4953,"mcpPosition":[68.5781,346.987,29.8084],"pipPosition":[69.4424,324.61,2.45852],"stabilizedTipPosition":[61.6955,301.957,65.4924],"timeVisible":1.04856,"tipPosition":[66.2145,301.782,24.0588],"tipVelocity":[36.9217,-62.3381,-181.231],"tool":false,"touchDistance":0.333333,"touchZone":"none","type":4,"width":16.0525}],"r":[[0.998959,-0.00148083,0.0456017],[0.0149612,0.954843,-0.296735],[-0.0431031,0.297108,0.95387]],"s":0.905619,"t":[-35.9516,118.769,-159.815],"timestamp":521656852180},false],[3,{"currentFrameRate":103.608,"devices":[],"gestures":[],"hands":[{"armBasis":[[0.819891,0.522089,-0.234953],[-0.32622,0.763266,0.557678],[0.470489,-0.380589,0.796111]],"armWidth":63.7005,"confidence":0.788231,"direction":[-0.210459,0.479583,-0.851884],"elbow":[179.901,204.208,300.842],"grabStrength":0,"id":449,"palmNormal":[0.334989,-0.783266,-0.523714],"palmPosition":[35.994,326.428,37.7403],"palmVelocity":[45.23,-54.5971,-167.77],"palmWidth":90.9622,"pinchStrength":0.692498,"r":[[0.99891,-0.00385738,0.0465235],[0.0176026,0.954142,-0.298836],[-0.0432373,0.299329,0.95317]],"s":0.902691,"sphereCenter":[47.4681,299.987,-3.60333],"sphereRadius":48.4417,"stabilizedPalmPosition":[34.296,329.137,83.9591],"t":[-35.5716,118.199,-161.424],"timeVisible":1.05751,"type":"right","wrist":[52.9074,306.936,85.9578]}],"id":4128926,"interactionBox":{"center":[0,200,0],"size":[235.247,235.247,147.751]},"pointables":[{"bases":[[[0.0288773,0.953342,0.300507],[-0.806813,-0.155247,0.570045],[0.590101,-0.258914,0.764686]],[[-0.18972,0.981838,-0.00112426],[-0.787755,-0.151534,0.597059],[0.586044,0.11416,0.802197]],[[-0.18972,0.981838,-0.00112426],[-0.958627,-0.184987,0.216367],[0.212229,0.0421268,0.976312]],[[-0.18972,0.981838,-0.00112426],[-0.676002,-0.131454,-0.72508],[-0.712059,-0.136802,0.688663]]],"btipPosition":[11.2506,281.632,-6.08444],"carpPosition":[31.0698,285.564,83.3371],"dipPosition":[-5.40904,278.432,10.0278],"direction":[-0.212229,-0.0421268,-0.976312],"extended":false,"handId":449,"id":4490,"length":52.1005,"mcpPosition":[31.0698,285.564,83.3371],"pipPosition":[1.82483,279.867,43.3056],"stabilizedTipPosition":[2.83997,284.126,24.0803],"timeVisible":1.05751,"tipPosition":[7.5272,280.588,-2.19498],"tipVelocity":[44.9422,-60.9926,-171.104],"tool":false,"touchDistance":-0.442705,"touchZone":"touching","type":0,"width":20.2438},{"bases":[[[0.870042,0.4705,-0.147164],[-0.384934,0.834879,0.393449],[0.307982,-0.285668,0.907491]],[[0.90833,0.418252,0.00116221],[-0.4063,0.881707,0.23982],[0.0992803,-0.218307,0.970817]],[[0.90833,0.418252,0.00116221],[-0.415456,0.90193,0.117978],[0.0482964,-0.107646,0.993016]],[[0.90833,0.418252,0.00116221],[-0.418156,0.908054,0.0241589],[0.00904917,-0.0224302,0.999707]]],"btipPosition":[1.43868,342.565,-65.0811],"carpPosition":[29.6754,309.195,84.4278],"dipPosition":[1.59324,342.182,-48.0058],"direction":[-0.0482964,0.107646,-0.993016],"extended":true,"handId":449,"id":4491,"length":58.7895,"mcpPosition":[7.02425,330.205,17.6844],"pipPosition":[2.76023,339.581,-24.0115],"stabilizedTipPosition":[-3.38785,346.419,-45.027],"timeVisible":1.05751,"tipPosition":[1.35098,341.672,-61.2219],"tipVelocity":[60.0328,-62.6613,-174.105],"tool":false,"touchDistance":-0.458072,"touchZone":"touching","type":1,"width":19.3369},{"bases":[[[0.956441,0.278313,-0.0881082],[-0.225447,0.895929,0.382733],[0.185458,-0.346198,0.919648]],[[0.954698,0.28148,-0.0965487],[-0.279573,0.737272,-0.615036],[-0.101938,0.614166,0.782566]],[[0.954698,0.28148,-0.0965487],[0.0431046,-0.451836,-0.891059],[-0.294439,0.846531,-0.443499]],[[0.954698,0.28148,-0.0965487],[0.225868,-0.896674,-0.380734],[-0.193742,0.341679,-0.91963]]],"btipPosition":[43.4203,280.582,10.8041],"carpPosition":[39.4336,316.513,82.7709],"dipPosition":[39.7806,287,-6.4723],"direction":[0.294439,-0.84653,0.443499],"extended":false,"handId":449,"id":4492,"length":66.986,"mcpPosition":[26.4985,340.659,18.6285],"pipPosition":[31.4104,311.065,-19.08],"stabilizedTipPosition":[38.0701,283.306,43.2219],"timeVisible":1.05751,"tipPosition":[42.7891,281.497,7.26966],"tipVelocity":[26.8061,-45.7427,-190.042],"tool":false,"touchDistance":0.333333,"touchZone":"none","type":2,"width":18.9914},{"bases":[[[0.987563,0.155997,0.0195862],[-0.15051,0.902031,0.404581],[0.0454461,-0.402498,0.914292]],[[0.98476,0.172869,-0.0190741],[-0.149398,0.784673,-0.601638],[-0.0890377,0.595318,0.798541]],[[0.98476,0.172869,-0.0190741],[0.0580202,-0.42993,-0.900996],[-0.163955,0.886158,-0.433408]],[[0.98476,0.172869,-0.0190741],[0.151663,-0.907242,-0.392314],[-0.0851239,0.383442,-0.919634]]],"btipPosition":[58.0288,287.916,17.5427],"carpPosition":[50.7673,321.005,81.2843],"dipPosition":[56.4389,295.078,0.365562],"direction":[0.163955,-0.886158,0.433408],"extended":false,"handId":449,"id":4493,"length":64.4088,"mcpPosition":[47.9214,346.21,24.0306],"pipPosition":[51.8984,319.619,-11.637],"stabilizedTipPosition":[54.2138,289.098,55.7874],"timeVisible":1.05751,"tipPosition":[57.7549,289.086,14.6138],"tipVelocity":[30.5925,-37.6557,-237.357],"tool":false,"touchDistance":0.333333,"touchZone":"none","type":3,"width":18.0715},{"bases":[[[0.997388,-0.0428366,0.0581543],[0.00953447,0.876186,0.481878],[-0.0715961,-0.480065,0.874306]],[[0.994676,-0.057762,0.0853463],[0.0985324,0.775698,-0.623366],[-0.0301961,0.628456,0.777259]],[[0.994676,-0.057762,0.0853463],[0.0480946,-0.47226,-0.880146],[0.0911447,0.879564,-0.466968]],[[0.994676,-0.057762,0.0853463],[-0.0201059,-0.921014,-0.389011],[0.101075,0.385224,-0.917271]]],"btipPosition":[66.3671,300.508,26.0941],"carpPosition":[64.6733,318.73,79.3138],"dipPosition":[68.1088,307.146,10.2881],"direction":[-0.0911447,-0.879564,0.466968],"extended":false,"handId":449,"id":4494,"length":50.4953,"mcpPosition":[68.8235,346.558,28.6324],"pipPosition":[69.8909,324.344,1.15756],"stabilizedTipPosition":[61.7089,301.957,65.3792],"timeVisible":1.05751,"tipPosition":[66.6414,301.47,22.7487],"tipVelocity":[39.4151,-54.5079,-173.531],"tool":false,"touchDistance":0.333333,"touchZone":"none","type":4,"width":16.0525}],"r":[[0.99891,-0.00385738,0.0465235],[0.0176026,0.954142,-0.298836],[-0.0432373,0.299329,0.95317]],"s":0.902691,"t":[-35.5716,118.199,-161.424],"timestamp":521656861129},false],[4,{"currentFrameRate":103.796,"devices":[],"gestures":[],"hands":[{"armBasis":[[0.817089,0.525193,-0.237776],[-0.328681,0.763216,0.5563],[0.473639,-0.376395,0.796237]],"armWidth":63.7005,"confidence":0.80097,"direction":[-0.209958,0.479044,-0.852311],"elbow":[181.168,204.71,299.996],"grabStrength":0,"id":449,"palmNormal":[0.337241,-0.782758,-0.523028],"palmPosition":[36.4529,325.758,36.8298],"palmVelocity":[46.4189,-59.5573,-148.136],"palmWidth":90.9622,"pinchStrength":0.710896,"r":[[0.998853,-0.00539468,0.0475854],[0.019468,0.953569,-0.300544],[-0.0437546,0.301125,0.95258]],"s":0.899993,"sphereCenter":[48.0281,299.284,-4.57573],"sphereRadius":48.4865,"stabilizedPalmPosition":[34.3135,329.11,83.5783],"t":[-35.1521,117.578,-162.684],"timeVisible":1.06679,"type":"right","wrist":[53.3241,306.305,85.0781]}],"id":4128927,"interactionBox":{"center":[0,200,0],"size":[235.247,235.247,147.751]},"pointables":[{"bases":[[[0.0266757,0.953449,0.300372],[-0.807445,-0.156597,0.56878],[0.58934,-0.257707,0.76568]],[[-0.193771,0.981034,-0.00497992],[-0.789407,-0.152903,0.594523],[0.582486,0.119132,0.804063]],[[-0.193771,0.981034,-0.00497992],[-0.957839,-0.188087,0.217182],[0.212127,0.0468535,0.976118]],[[-0.193771,0.981034,-0.00497992],[-0.672855,-0.136591,-0.727055],[-0.713946,-0.137531,0.686561]]],"btipPosition":[11.9354,280.57,-7.03249],"carpPosition":[31.5294,284.894,82.4264],"dipPosition":[-4.7684,277.352,9.03059],"direction":[-0.212127,-0.0468535,-0.976118],"extended":false,"handId":449,"id":4490,"length":52.1005,"mcpPosition":[31.5294,284.894,82.4264],"pipPosition":[2.46198,278.949,42.3018],"stabilizedTipPosition":[2.90772,284.071,23.7268],"timeVisible":1.06679,"tipPosition":[8.16861,279.675,-3.16239],"tipVelocity":[52.762,-76.1884,-152.015],"tool":false,"touchDistance":-0.441158,"touchZone":"touching","type":0,"width":20.2438},{"bases":[[[0.869426,0.472041,-0.145858],[-0.38707,0.834257,0.392673],[0.307041,-0.284943,0.908038]],[[0.907585,0.41986,0.00261714],[-0.408255,0.881009,0.239063],[0.0980672,-0.218038,0.971001]],[[0.907585,0.41986,0.00261714],[-0.417253,0.90122,0.117059],[0.0467896,-0.107333,0.993122]],[[0.907585,0.41986,0.00261714],[-0.419804,0.90732,0.0231201],[0.00733264,-0.0220822,0.999729]]],"btipPosition":[2.04087,341.814,-66.0496],"carpPosition":[30.0906,308.522,83.5104],"dipPosition":[2.16611,341.437,-48.9738],"direction":[-0.0467896,0.107333,-0.993122],"extended":true,"handId":449,"id":4491,"length":58.7895,"mcpPosition":[7.5086,329.479,16.7268],"pipPosition":[3.29669,338.844,-24.977],"stabilizedTipPosition":[-3.23477,346.287,-45.5065],"timeVisible":1.06679,"tipPosition":[1.94675,340.932,-62.1896],"tipVelocity":[61.1951,-67.7697,-154.443],"tool":false,"touchDistance":-0.455123,"touchZone":"touching","type":1,"width":19.3369},{"bases":[[[0.956077,0.280021,-0.0866279],[-0.227676,0.895592,0.382202],[0.184608,-0.345691,0.92001]],[[0.95411,0.283594,-0.0961714],[-0.284024,0.755233,-0.590723],[-0.0948935,0.590929,0.801123]],[[0.95411,0.283594,-0.0961714],[0.0351168,-0.424897,-0.90456],[-0.297391,0.859673,-0.415357]],[[0.95411,0.283594,-0.0961714],[0.223932,-0.888906,-0.399625],[-0.198819,0.35975,-0.91162]]],"btipPosition":[43.7241,280.297,8.03106],"carpPosition":[39.8382,315.858,81.8677],"dipPosition":[39.9891,287.056,-9.09487],"direction":[0.297391,-0.859673,0.415357],"extended":false,"handId":449,"id":4492,"length":66.986,"mcpPosition":[26.9624,339.969,17.7001],"pipPosition":[31.5349,311.494,-20.9025],"stabilizedTipPosition":[38.0823,283.302,43.123],"timeVisible":1.06679,"tipPosition":[43.1138,281.299,5.05675],"tipVelocity":[27.8103,-39.1104,-219.638],"tool":false,"touchDistance":0.333333,"touchZone":"none","type":2,"width":18.9914},{"bases":[[[0.987248,0.157782,0.0211395],[-0.152786,0.901834,0.404169],[0.0447064,-0.402245,0.91444]],[[0.984479,0.174627,-0.0174928],[-0.14873,0.777242,-0.61137],[-0.0931655,0.604483,0.791151]],[[0.984479,0.174627,-0.0174928],[0.0637495,-0.44869,-0.891411],[-0.163513,0.87646,-0.452859]],[[0.984479,0.174627,-0.0174928],[0.155737,-0.915216,-0.371653],[-0.0809102,0.36316,-0.928207]]],"btipPosition":[58.5674,287.503,17.6765],"carpPosition":[51.1661,320.37,80.3985],"dipPosition":[57.0562,294.286,0.339226],"direction":[0.163513,-0.87646,0.452859],"extended":false,"handId":449,"id":4493,"length":64.4088,"mcpPosition":[48.3666,345.558,23.1355],"pipPosition":[52.5279,318.559,-12.202],"stabilizedTipPosition":[54.2227,289.098,55.6939],"timeVisible":1.06679,"tipPosition":[58.2968,288.627,14.2294],"tipVelocity":[38.8758,-42.2327,-167.522],"tool":false,"touchDistance":0.333333,"touchZone":"none","type":3,"width":18.0715},{"bases":[[[0.997369,-0.0410262,0.0597609],[0.00718134,0.876292,0.481727],[-0.0721314,-0.48003,0.874281]],[[0.994491,-0.0566391,0.0882048],[0.0991838,0.780734,-0.616942],[-0.0339214,0.622292,0.78205]],[[0.994491,-0.0566391,0.0882048],[0.051397,-0.469895,-0.881225],[0.0913588,0.880903,-0.464395]],[[0.994491,-0.0566391,0.0882048],[-0.01825,-0.922158,-0.386382],[0.103223,0.382643,-0.918112]]],"btipPosition":[66.8947,300.131,25.0273],"carpPosition":[65.0794,318.12,78.4507],"dipPosition":[68.6734,306.725,9.20678],"direction":[-0.0913588,-0.880903,0.464395],"extended":false,"handId":449,"id":4494,"length":50.4953,"mcpPosition":[69.2607,345.946,27.7708],"pipPosition":[70.4597,323.949,0.126545],"stabilizedTipPosition":[61.7217,301.956,65.2783],"timeVisible":1.06679,"tipPosition":[67.1865,301.049,21.7363],"tipVelocity":[44.5866,-50.8861,-157.123],"tool":false,"touchDistance":0.333333,"touchZone":"none","type":4,"width":16.0525}],"r":[[0.998853,-0.00539468,0.0475854],[0.019468,0.953569,-0.300544],[-0.0437546,0.301125,0.95258]],"s":0.899993,"t":[-35.1521,117.578,-162.684],"timestamp":521656870410},false],[5,{"currentFrameRate":104.249,"devices":[],"gestures":[],"hands":[{"armBasis":[[0.820364,0.522761,-0.231784],[-0.330785,0.764447,0.553355],[0.46646,-0.377282,0.800046]],"armWidth":63.7005,"confidence":0.815264,"direction":[-0.209097,0.476678,-0.853848],"elbow":[179.719,203.712,299.382],"grabStrength":0,"id":449,"palmNormal":[0.33918,-0.783593,-0.520518],"palmPosition":[37.001,324.859,35.1101],"palmVelocity":[50.7771,-71.1387,-161.146],"palmWidth":90.9622,"pinchStrength":0.709684,"r":[[0.998789,-0.00633673,0.048788],[0.0208158,0.952964,-0.302368],[-0.0445772,0.303018,0.951942]],"s":0.897874,"sphereCenter":[48.8474,298.336,-6.26514],"sphereRadius":48.5302,"stabilizedPalmPosition":[34.3334,329.078,83.2182],"t":[-34.6683,116.819,-164.174],"timeVisible":1.07553,"type":"right","wrist":[53.8134,305.547,83.4353]}],"id":4128928,"interactionBox":{"center":[0,200,0],"size":[235.247,235.247,147.751]},"pointables":[{"bases":[[[0.0249005,0.954216,0.29808],[-0.808231,-0.156265,0.567754],[0.588339,-0.255054,0.767336]],[[-0.198928,0.979921,-0.0134784],[-0.792031,-0.152655,0.591087],[0.577161,0.128259,0.806495]],[[-0.198928,0.979921,-0.0134784],[-0.956684,-0.191191,0.219548],[0.212563,0.0565689,0.975509]],[[-0.198928,0.979921,-0.0134784],[-0.674185,-0.146818,-0.723823],[-0.711268,-0.134902,0.689854]]],"btipPosition":[12.6456,278.928,-8.83844],"carpPosition":[32.0514,284.101,80.7981],"dipPosition":[-3.99556,275.772,7.3017],"direction":[-0.212563,-0.0565689,-0.975509],"extended":false,"handId":449,"id":4490,"length":52.1005,"mcpPosition":[32.0514,284.101,80.7981],"pipPosition":[3.2497,277.7,40.5521],"stabilizedTipPosition":[2.99006,283.989,23.3248],"timeVisible":1.07553,"tipPosition":[8.87043,278.283,-4.91591],"tipVelocity":[60.8301,-105.639,-166.085],"tool":false,"touchDistance":-0.452199,"touchZone":"touching","type":0,"width":20.2438},{"bases":[[[0.86906,0.472826,-0.145499],[-0.388849,0.834706,0.389951],[0.305828,-0.282313,0.909268]],[[0.907052,0.421006,0.00330777],[-0.409797,0.881046,0.23627],[0.0965569,-0.215665,0.971682]],[[0.907052,0.421006,0.00330777],[-0.418601,0.900975,0.114094],[0.0450539,-0.104874,0.993464]],[[0.907052,0.421006,0.00330777],[-0.420984,0.906847,0.0200493],[0.00544125,-0.0195783,0.999794]]],"btipPosition":[2.75836,340.624,-67.8674],"carpPosition":[30.5798,307.73,81.8216],"dipPosition":[2.85129,340.29,-50.7906],"direction":[-0.0450539,0.104874,-0.993464],"extended":true,"handId":449,"id":4491,"length":58.7895,"mcpPosition":[8.08698,328.493,14.9475],"pipPosition":[3.93993,337.756,-26.7855],"stabilizedTipPosition":[-3.08142,346.141,-45.9765],"timeVisible":1.07553,"tipPosition":[2.6559,339.761,-64.0047],"tipVelocity":[66.5584,-85.7807,-168.763],"tool":false,"touchDistance":-0.465209,"touchZone":"touching","type":1,"width":19.3369},{"bases":[[[0.955859,0.281066,-0.085647],[-0.229517,0.896226,0.379607],[0.183454,-0.343193,0.921175]],[[0.953775,0.284838,-0.0958141],[-0.284495,0.753064,-0.59326],[-0.096829,0.593095,0.799289]],[[0.953775,0.284838,-0.0958141],[0.0379633,-0.430469,-0.901807],[-0.298114,0.856483,-0.421384]],[[0.953775,0.284838,-0.0958141],[0.226884,-0.891565,-0.391963],[-0.197071,0.352106,-0.914978]]],"btipPosition":[44.368,279.469,6.58279],"carpPosition":[40.3206,315.074,80.178],"dipPosition":[40.6658,286.084,-10.6062],"direction":[0.298114,-0.856483,0.421384],"extended":false,"handId":449,"id":4492,"length":66.986,"mcpPosition":[27.5253,339.011,15.9291],"pipPosition":[32.1911,310.432,-22.5852],"stabilizedTipPosition":[38.0927,283.297,43.0454],"timeVisible":1.07553,"tipPosition":[43.7546,280.431,3.48875],"tipVelocity":[40.3207,-55.0209,-205.619],"tool":false,"touchDistance":0.333333,"touchZone":"none","type":2,"width":18.9914},{"bases":[[[0.987001,0.159132,0.0224739],[-0.154674,0.902619,0.401689],[0.0436363,-0.399944,0.9155]],[[0.984292,0.175815,-0.0160567],[-0.150108,0.785544,-0.600324],[-0.0929328,0.593304,0.799596]],[[0.984292,0.175815,-0.0160567],[0.0635592,-0.43774,-0.896852],[-0.164709,0.881744,-0.442039]],[[0.984292,0.175815,-0.0160567],[0.15695,-0.913056,-0.376425],[-0.0808419,0.367992,-0.926308]]],"btipPosition":[59.1349,286.849,15.2168],"carpPosition":[51.6451,319.597,78.7175],"dipPosition":[57.6249,293.723,-2.08507],"direction":[0.164709,-0.881744,0.442039],"extended":false,"handId":449,"id":4493,"length":64.4088,"mcpPosition":[48.9126,344.642,21.388],"pipPosition":[53.0635,318.141,-14.3267],"stabilizedTipPosition":[54.2305,289.097,55.618],"timeVisible":1.07553,"tipPosition":[58.8764,287.963,12.0255],"tipVelocity":[45.8575,-50.3188,-197.764],"tool":false,"touchDistance":0.333333,"touchZone":"none","type":3,"width":18.0715},{"bases":[[[0.997316,-0.0395674,0.0616004],[0.00519062,0.877478,0.479588],[-0.0730291,-0.477981,0.875329]],[[0.994385,-0.0552216,0.0902739],[0.0995869,0.77685,-0.62176],[-0.0357947,0.627259,0.777988]],[[0.994385,-0.0552216,0.0902739],[0.0530613,-0.477894,-0.876814],[0.0915604,0.87668,-0.47228]],[[0.994385,-0.0552216,0.0902739],[-0.0170778,-0.925611,-0.378091],[0.104437,0.374427,-0.921356]]],"btipPosition":[67.4734,299.302,23.6689],"carpPosition":[65.5647,317.361,76.7994],"dipPosition":[69.273,305.754,7.79256],"direction":[-0.0915604,-0.87668,0.47228],"extended":false,"handId":449,"id":4494,"length":50.4953,"mcpPosition":[69.798,345.068,26.0588],"pipPosition":[71.0633,322.896,-1.44185],"stabilizedTipPosition":[61.7341,301.954,65.1872],"timeVisible":1.07553,"tipPosition":[67.7865,300.217,20.2546],"tipVelocity":[50.5215,-63.6601,-157.045],"tool":false,"touchDistance":0.333333,"touchZone":"none","type":4,"width":16.0525}],"r":[[0.998789,-0.00633673,0.048788],[0.0208158,0.952964,-0.302368],[-0.0445772,0.303018,0.951942]],"s":0.897874,"t":[-34.6683,116.819,-164.174],"timestamp":521656879153},false],[6,{"currentFrameRate":104.482,"devices":[],"gestures":[],"hands":[{"armBasis":[[0.824661,0.517061,-0.229309],[-0.329993,0.769067,0.547394],[0.45939,-0.375745,0.804846]],"armWidth":63.7005,"confidence":0.816256,"direction":[-0.206035,0.476454,-0.854717],"elbow":[178.282,203.544,299.174],"grabStrength":0,"id":449,"palmNormal":[0.337073,-0.785445,-0.519093],"palmPosition":[37.6171,324.282,33.5593],"palmVelocity":[55.4113,-68.9171,-163.544],"palmWidth":90.9622,"pinchStrength":0.708975,"r":[[0.998716,-0.00781501,0.0500577],[0.0226916,0.952389,-0.304039],[-0.0452984,0.304785,0.951343]],"s":0.896158,"sphereCenter":[49.5927,297.693,-7.80558],"sphereRadius":48.5596,"stabilizedPalmPosition":[34.3583,329.042,82.8426],"t":[-34.1184,116.151,-165.695],"timeVisible":1.08467,"type":"right","wrist":[54.2844,304.964,81.9323]}],"id":4128929,"interactionBox":{"center":[0,200,0],"size":[235.247,235.247,147.751]},"pointables":[{"bases":[[[0.0279735,0.954463,0.297013],[-0.809666,-0.152618,0.5667],[0.586225,-0.256334,0.768527]],[[-0.199317,0.979712,-0.0209256],[-0.795958,-0.149404,0.586625],[0.571597,0.13358,0.809589]],[[-0.199317,0.979712,-0.0209256],[-0.956556,-0.189881,0.221237],[0.212775,0.0641129,0.974995]],[[-0.199317,0.979712,-0.0209256],[-0.67346,-0.152462,-0.72333],[-0.711845,-0.13008,0.690185]]],"btipPosition":[13.3256,277.788,-10.4944],"carpPosition":[32.4474,283.595,79.2868],"dipPosition":[-3.3291,274.744,5.65349],"direction":[-0.212775,-0.0641129,-0.974995],"extended":false,"handId":449,"id":4490,"length":52.1005,"mcpPosition":[32.4474,283.595,79.2868],"pipPosition":[3.92339,276.929,38.8864],"stabilizedTipPosition":[3.09905,283.873,22.8204],"timeVisible":1.08467,"tipPosition":[9.48241,277.382,-6.54846],"tipVelocity":[64.5184,-110.197,-170.255],"tool":false,"touchDistance":-0.460125,"touchZone":"touching","type":0,"width":20.2438},{"bases":[[[0.871022,0.469443,-0.14472],[-0.386354,0.83659,0.388392],[0.303399,-0.282384,0.910059]],[[0.908648,0.417538,0.00451093],[-0.406797,0.882733,0.235158],[0.0942056,-0.215511,0.971947]],[[0.908648,0.417538,0.00451093],[-0.415333,0.90263,0.112947],[0.043088,-0.104503,0.993591]],[[0.908648,0.417538,0.00451093],[-0.417545,0.90846,0.0188718],[0.00378172,-0.0190314,0.999812]]],"btipPosition":[3.59561,340.106,-69.4813],"carpPosition":[31.0615,307.231,80.2807],"dipPosition":[3.6602,339.781,-52.4041],"direction":[-0.043088,0.104503,-0.993591],"extended":true,"handId":449,"id":4491,"length":58.7895,"mcpPosition":[8.7474,327.999,13.3484],"pipPosition":[4.70134,337.255,-28.396],"stabilizedTipPosition":[-2.91191,345.986,-46.4724],"timeVisible":1.08467,"tipPosition":[3.48576,339.251,-65.6184],"tipVelocity":[73.338,-77.6432,-170.958],"tool":false,"touchDistance":-0.471228,"touchZone":"touching","type":1,"width":19.3369},{"bases":[[[0.95702,0.277433,-0.0845139],[-0.226781,0.897508,0.378219],[0.180783,-0.342798,0.92185]],[[0.954748,0.281588,-0.0957356],[-0.281373,0.750873,-0.597511],[-0.0963668,0.59741,0.796125]],[[0.954748,0.281588,-0.0957356],[0.0397492,-0.439811,-0.89721],[-0.294749,0.852804,-0.431101]],[[0.954748,0.281588,-0.0957356],[0.226267,-0.8966,-0.380674],[-0.19303,0.341785,-0.91974]]],"btipPosition":[44.8718,278.996,5.51933],"carpPosition":[40.8319,314.537,78.6434],"dipPosition":[41.2455,285.416,-11.7592],"direction":[0.294749,-0.852804,0.431101],"extended":false,"handId":449,"id":4492,"length":66.986,"mcpPosition":[28.2229,338.446,14.3474],"pipPosition":[32.8664,309.66,-24.0144],"stabilizedTipPosition":[38.1027,283.293,42.9754],"timeVisible":1.08467,"tipPosition":[44.2433,279.928,2.17465],"tipVelocity":[44.9756,-55.4985,-181.441],"tool":false,"touchDistance":0.333333,"touchZone":"none","type":2,"width":18.9914},{"bases":[[[0.987547,0.155511,0.0237954],[-0.151948,0.903651,0.400409],[0.0407653,-0.399038,0.916028]],[[0.985005,0.171938,-0.0142415],[-0.14662,0.790737,-0.594338],[-0.090928,0.587514,0.804089]],[[0.985005,0.171938,-0.0142415],[0.0634613,-0.437842,-0.89681],[-0.160431,0.882458,-0.442187]],[[0.985005,0.171938,-0.0142415],[0.154599,-0.91628,-0.3695],[-0.0765803,0.361758,-0.929121]]],"btipPosition":[59.5573,286.568,13.5173],"carpPosition":[52.1753,319.017,77.195],"dipPosition":[58.1269,293.325,-3.83715],"direction":[0.160431,-0.882458,0.442187],"extended":false,"handId":449,"id":4493,"length":64.4088,"mcpPosition":[49.6226,344.005,19.8325],"pipPosition":[53.684,317.763,-16.0829],"stabilizedTipPosition":[54.2376,289.096,55.5519],"timeVisible":1.08467,"tipPosition":[59.3325,287.574,10.3188],"tipVelocity":[46.5201,-45.7163,-194.874],"tool":false,"touchDistance":0.333333,"touchZone":"none","type":3,"width":18.0715},{"bases":[[[0.997068,-0.0431796,0.0631673],[0.00770401,0.87801,0.478581],[-0.0761264,-0.476691,0.875769]],[[0.993932,-0.0592411,0.0926845],[0.103695,0.785768,-0.609767],[-0.0367053,0.615677,0.787143]],[[0.993932,-0.0592411,0.0926845],[0.0542965,-0.468566,-0.881759],[0.0956651,0.88144,-0.462506]],[[0.993932,-0.0592411,0.0926845],[-0.0195927,-0.924459,-0.380777],[0.108241,0.37665,-0.92001]]],"btipPosition":[68.0641,298.871,21.6068],"carpPosition":[66.0894,316.727,75.3007],"dipPosition":[69.9292,305.362,5.75365],"direction":[-0.0956651,-0.88144,0.462506],"extended":false,"handId":449,"id":4494,"length":50.4953,"mcpPosition":[70.5023,344.359,24.5346],"pipPosition":[71.7998,322.596,-3.28964],"stabilizedTipPosition":[61.7468,301.951,65.0986],"timeVisible":1.08467,"tipPosition":[68.3829,299.77,18.3878],"tipVelocity":[54.912,-58.7998,-175.984],"tool":false,"touchDistance":0.333333,"touchZone":"none","type":4,"width":16