{"sensorType":"Leap","data":[[0,{"currentFrameRate":102.693,"devices":[],"gestures":[],"hands":[{"armBasis":[[0.813154,0.488648,-0.316234],[-0.251671,0.785076,0.565966],[0.524826,-0.380631,0.761366]],"armWidth":63.7005,"confidence":0.687502,"direction":[-0.240789,0.437818,-0.866219],"elbow":[190.62,209.711,297.232],"grabStrength":0,"id":443,"palmNormal":[0.273374,-0.825752,-0.493356],"palmPosition":[30.0454,329.809,43.4373],"palmVelocity":[-10.6,40.106,-134.019],"palmWidth":90.9622,"pinchStrength":0.736056,"r":[[0.969065,0.243834,-0.0381958],[-0.245426,0.968382,-0.0447534],[0.0260757,0.0527432,0.998268]],"s":1.00218,"sphereCenter":[39.1079,300.45,3.31417],"sphereRadius":48.3019,"stabilizedPalmPosition":[44.1039,301.721,119.003],"t":[-48.1951,125.892,-164.802],"timeVisible":0.650626,"type":"right","wrist":[48.9601,312.45,91.7264]}],"id":4125739,"interactionBox":{"center":[0,200,0],"size":[235.247,235.247,147.751]},"pointables":[{"bases":[[[0.083247,0.967099,0.240396],[-0.777776,-0.0877588,0.622385],[0.623004,-0.238786,0.74488]],[[-0.148869,0.987751,-0.0467606],[-0.743617,-0.0806535,0.663723],[0.651822,0.13358,0.746515]],[[-0.148869,0.987751,-0.0467606],[-0.972791,-0.137797,0.186253],[0.177528,0.0732156,0.981388]],[[-0.148869,0.987751,-0.0467606],[-0.738918,-0.142542,-0.658546],[-0.657144,-0.0634849,0.751086]]],"btipPosition":[2.99079,284.226,3.34218],"carpPosition":[26.1944,291.903,91.6186],"dipPosition":[-12.3841,282.741,20.9149],"direction":[-0.177528,-0.0732156,-0.981389],"extended":false,"handId":443,"id":4430,"length":52.1005,"mcpPosition":[26.1944,291.903,91.6186],"pipPosition":[-6.33299,285.237,54.3657],"stabilizedTipPosition":[13.2209,255.046,89.3027],"timeVisible":0.650626,"tipPosition":[-0.593502,284.037,7.4509],"tipVelocity":[6.78204,27.362,-131.677],"tool":false,"touchDistance":-0.486409,"touchZone":"touching","type":0,"width":20.2438},{"bases":[[[0.877633,0.424059,-0.22346],[-0.328756,0.871784,0.363198],[0.348826,-0.24529,0.904518]],[[0.927953,0.369674,-0.0473733],[-0.354672,0.914962,0.192491],[0.114504,-0.16182,0.980155]],[[0.927953,0.369674,-0.0473733],[-0.365088,0.927188,0.0838674],[0.0749276,-0.0605295,0.99535]],[[0.927953,0.369674,-0.0473733],[-0.370043,0.929014,0.00106832],[0.0444054,0.0165388,0.998877]]],"btipPosition":[-7.35817,341.765,-58.3753],"carpPosition":[25.7838,315.594,91.3582],"dipPosition":[-6.59971,342.047,-41.3141],"direction":[-0.0749276,0.0605295,-0.99535],"extended":true,"handId":443,"id":4431,"length":58.7895,"mcpPosition":[0.128614,333.635,24.8335],"pipPosition":[-4.78924,340.585,-17.2635],"stabilizedTipPosition":[2.00267,307.613,36.7093],"timeVisible":0.650626,"tipPosition":[-6.99245,340.839,-54.4395],"tipVelocity":[21.8194,5.7093,-152.236],"tool":false,"touchDistance":-0.526182,"touchZone":"touching","type":1,"width":19.3369},{"bases":[[[0.959792,0.232147,-0.157822],[-0.167911,0.925328,0.339961],[0.224958,-0.299791,0.927102]],[[0.964355,0.225724,-0.138085],[-0.259335,0.702551,-0.662697],[-0.0525751,0.674885,0.736047]],[[0.964355,0.225724,-0.138085],[-0.0391742,-0.394304,-0.918145],[-0.261695,0.890827,-0.371406]],[[0.964355,0.225724,-0.138085],[0.123342,-0.845135,-0.520128],[-0.234106,0.484557,-0.842852]]],"btipPosition":[34.3865,276.349,14.9855],"carpPosition":[35.7059,322.386,88.7225],"dipPosition":[29.9886,285.452,-0.848537],"direction":[0.261695,-0.890827,0.371406],"extended":false,"handId":443,"id":4432,"length":66.986,"mcpPosition":[20.0158,343.296,24.0602],"pipPosition":[22.5492,310.776,-11.4068],"stabilizedTipPosition":[44.8744,252.998,74.9096],"timeVisible":0.650626,"tipPosition":[33.4254,278.067,11.1163],"tipVelocity":[8.81846,38.5512,-128.742],"tool":false,"touchDistance":0.333333,"touchZone":"none","type":2,"width":18.9914},{"bases":[[[0.992343,0.11508,-0.0448468],[-0.0916521,0.929521,0.357197],[0.0827924,-0.350352,0.932952]],[[0.990065,0.123475,-0.0672763],[-0.135143,0.70342,-0.697809],[-0.0388383,0.699968,0.713118]],[[0.990065,0.123475,-0.0672763],[-0.00897496,-0.421983,-0.90656],[-0.140327,0.898156,-0.416682]],[[0.990065,0.123475,-0.0672763],[0.073952,-0.86417,-0.497737],[-0.119596,0.487816,-0.864715]]],"btipPosition":[49.7702,282.992,23.7558],"carpPosition":[47.0999,326.302,86.3394],"dipPosition":[47.5363,292.104,7.60444],"direction":[0.140327,-0.898156,0.416682],"extended":false,"handId":443,"id":4433,"length":64.4088,"mcpPosition":[41.9154,348.241,27.9171],"pipPosition":[43.6502,316.977,-3.93496],"stabilizedTipPosition":[61.422,258.888,83.7662],"timeVisible":0.650626,"tipPosition":[49.2823,284.816,20.2287],"tipVelocity":[6.14166,41.4652,-132.845],"tool":false,"touchDistance":0.333333,"touchZone":"none","type":3,"width":18.0715},{"bases":[[[0.996667,-0.081419,0.00503495],[0.0714862,0.901476,0.426885],[-0.0392954,-0.425102,0.904292]],[[0.98434,-0.132898,0.115811],[0.175979,0.702582,-0.6895],[0.0102667,0.699083,0.714967]],[[0.98434,-0.132898,0.115811],[0.0474135,-0.433163,-0.900068],[0.169783,0.891464,-0.420079]],[[0.98434,-0.132898,0.115811],[-0.056997,-0.861635,-0.504318],[0.16681,0.489819,-0.855717]]],"btipPosition":[56.4902,297.392,29.0053],"carpPosition":[60.7694,323.333,83.7387],"dipPosition":[59.3646,305.833,14.26],"direction":[-0.169783,-0.891464,0.420079],"extended":false,"handId":443,"id":4434,"length":50.4953,"mcpPosition":[63.0472,347.975,31.3192],"pipPosition":[62.6843,323.263,6.04623],"stabilizedTipPosition":[69.0737,272.223,93.6758],"timeVisible":0.650626,"tipPosition":[57.0099,298.936,25.4193],"tipVelocity":[7.16863,45.1153,-116.666],"tool":false,"touchDistance":0.333333,"touchZone":"none","type":4,"width":16.0525}],"r":[[0.969065,0.243834,-0.0381958],[-0.245426,0.968382,-0.0447534],[0.0260757,0.0527432,0.998268]],"s":1.00218,"t":[-48.1951,125.892,-164.802],"timestamp":521623331540},false],[1,{"currentFrameRate":103.037,"devices":[],"gestures":[],"hands":[{"armBasis":[[0.812394,0.493467,-0.310654],[-0.258512,0.782333,0.566681],[0.522673,-0.38006,0.76313]],"armWidth":63.7005,"confidence":0.700491,"direction":[-0.240487,0.433404,-0.86852],"elbow":[189.893,210.089,297.171],"grabStrength":0,"id":443,"palmNormal":[0.281549,-0.825165,-0.489727],"palmPosition":[29.9694,329.745,42.7706],"palmVelocity":[-9.99092,27.1058,-117.364],"palmWidth":90.9622,"pinchStrength":0.731597,"r":[[0.968622,0.245977,-0.0355868],[-0.247525,0.967649,-0.04886],[0.0224171,0.0561355,0.998171]],"s":1.00253,"sphereCenter":[39.4737,300.359,2.75764],"sphereRadius":48.3423,"stabilizedPalmPosition":[44.0957,301.737,118.959],"t":[-48.2816,125.989,-165.751],"timeVisible":0.659678,"type":"right","wrist":[48.8146,312.673,91.189]}],"id":4125740,"interactionBox":{"center":[0,200,0],"size":[235.247,235.247,147.751]},"pointables":[{"bases":[[[0.0750445,0.968411,0.237799],[-0.77965,-0.0916964,0.619465],[0.621703,-0.231887,0.74814]],[[-0.155137,0.986667,-0.0492017],[-0.746124,-0.0843819,0.660438],[0.64748,0.139169,0.749267]],[[-0.155137,0.986667,-0.0492017],[-0.97175,-0.143446,0.187418],[0.177861,0.0768872,0.981047]],[[-0.155137,0.986667,-0.0492017],[-0.737163,-0.148775,-0.659133],[-0.657665,-0.0659863,0.750415]]],"btipPosition":[3.21717,283.935,2.6641],"carpPosition":[26.2034,291.956,91.0505],"dipPosition":[-12.1699,282.391,20.2212],"direction":[-0.177861,-0.0768872,-0.981047],"extended":false,"handId":443,"id":4430,"length":52.1005,"mcpPosition":[26.2034,291.956,91.0505],"pipPosition":[-6.10743,285.011,53.6603],"stabilizedTipPosition":[13.2171,255.054,89.2792],"timeVisible":0.659678,"tipPosition":[-0.29607,283.687,6.77797],"tipVelocity":[11.7258,10.5069,-116.124],"tool":false,"touchDistance":-0.476327,"touchZone":"touching","type":0,"width":20.2438},{"bases":[[[0.875357,0.429929,-0.221158],[-0.336737,0.870391,0.359205],[0.346927,-0.23996,0.906676]],[[0.925377,0.376415,-0.0445966],[-0.362085,0.912628,0.189749],[0.112125,-0.159442,0.980819]],[[0.925377,0.376415,-0.0445966],[-0.372204,0.924614,0.0809543],[0.0717071,-0.0583142,0.99572]],[[0.925377,0.376415,-0.0445966],[-0.376872,0.926263,-0.00199923],[0.0405557,0.0186573,0.999003]]],"btipPosition":[-7.13942,341.23,-59.2153],"carpPosition":[25.6171,315.643,90.7165],"dipPosition":[-6.44671,341.549,-42.1519],"direction":[-0.0717071,0.0583142,-0.99572],"extended":true,"handId":443,"id":4431,"length":58.7895,"mcpPosition":[0.101622,333.292,24.0331],"pipPosition":[-4.71405,340.14,-18.0923],"stabilizedTipPosition":[2.00115,307.619,36.6937],"timeVisible":0.659678,"tipPosition":[-6.7781,340.32,-55.2809],"tipVelocity":[22.006,-11.9135,-135.819],"tool":false,"touchDistance":-0.514489,"touchZone":"touching","type":1,"width":19.3369},{"bases":[[[0.958674,0.238835,-0.154603],[-0.176202,0.925065,0.336463],[0.223377,-0.295317,0.928919]],[[0.963206,0.232503,-0.13482],[-0.261899,0.699321,-0.665101],[-0.0603558,0.675938,0.734482]],[[0.963206,0.232503,-0.13482],[-0.0327088,-0.396492,-0.917455],[-0.266766,0.888108,-0.374299]],[[0.963206,0.232503,-0.13482],[0.131647,-0.845478,-0.517529],[-0.234314,0.480739,-0.844978]]],"btipPosition":[34.8129,276.25,14.4347],"carpPosition":[35.4991,322.501,88.1008],"dipPosition":[30.4111,285.281,-1.4393],"direction":[0.266766,-0.888108,0.374299],"extended":false,"handId":443,"id":4432,"length":66.986,"mcpPosition":[19.9192,343.099,23.3118],"pipPosition":[22.8275,310.528,-12.0798],"stabilizedTipPosition":[44.8642,253.021,74.8507],"timeVisible":0.659678,"tipPosition":[33.8577,277.959,10.5905],"tipVelocity":[19.3557,24.4019,-110.289],"tool":false,"touchDistance":0.333333,"touchZone":"none","type":2,"width":18.9914},{"bases":[[[0.991633,0.122354,-0.0411413],[-0.100048,0.92988,0.353998],[0.0815696,-0.34692,0.934341]],[[0.989379,0.130683,-0.0636552],[-0.137423,0.698157,-0.702632],[-0.0473805,0.703917,0.7087]],[[0.989379,0.130683,-0.0636552],[-0.00133104,-0.429747,-0.902948],[-0.145355,0.893443,-0.425008]],[[0.989379,0.130683,-0.0636552],[0.0831323,-0.867916,-0.489704],[-0.119243,0.479211,-0.869562]]],"btipPosition":[50.1343,283.085,23.6003],"carpPosition":[46.8733,326.495,85.7524],"dipPosition":[47.907,292.036,7.35838],"direction":[0.145355,-0.893443,0.425008],"extended":false,"handId":443,"id":4433,"length":64.4088,"mcpPosition":[41.7653,348.219,27.2431],"pipPosition":[43.8816,316.778,-4.41161],"stabilizedTipPosition":[61.4122,258.909,83.7134],"timeVisible":0.659678,"tipPosition":[49.6421,284.879,19.9363],"tipVelocity":[15.5924,31.7279,-101.566],"tool":false,"touchDistance":0.333333,"touchZone":"none","type":3,"width":18.0715},{"bases":[[[0.997218,-0.0739565,0.00935369],[0.0630074,0.903263,0.424436],[-0.0398386,-0.422666,0.90541]],[[0.984998,-0.124741,0.119244],[0.17255,0.702233,-0.690721],[0.00242393,0.700935,0.713221]],[[0.984998,-0.124741,0.119244],[0.0535132,-0.436143,-0.898285],[0.16406,0.891189,-0.422925]],[[0.984998,-0.124741,0.119244],[-0.0488535,-0.864302,-0.500595],[0.165508,0.48726,-0.85743]]],"btipPosition":[56.7389,297.522,28.5653],"carpPosition":[60.575,323.62,83.2166],"dipPosition":[59.5908,305.919,13.7904],"direction":[-0.16406,-0.891189,0.422925],"extended":false,"handId":443,"id":4434,"length":50.4953,"mcpPosition":[62.8844,348.121,30.7323],"pipPosition":[62.7987,323.344,5.52105],"stabilizedTipPosition":[69.0616,272.251,93.6047],"timeVisible":0.659678,"tipPosition":[57.2536,299.053,24.9722],"tipVelocity":[12.6143,36.3234,-98.0943],"tool":false,"touchDistance":0.333333,"touchZone":"none","type":4,"width":16.0525}],"r":[[0.968622,0.245977,-0.0355868],[-0.247525,0.967649,-0.04886],[0.0224171,0.0561355,0.998171]],"s":1.00253,"t":[-48.2816,125.989,-165.751],"timestamp":521623340592},false],[2,{"currentFrameRate":103.25,"devices":[],"gestures":[],"hands":[{"armBasis":[[0.812957,0.495937,-0.305199],[-0.263581,0.780729,0.566557],[0.519254,-0.380142,0.76542]],"armWidth":63.7005,"confidence":0.708425,"direction":[-0.240032,0.431116,-0.869784],"elbow":[188.916,210.154,297.408],"grabStrength":0,"id":443,"palmNormal":[0.28713,-0.82436,-0.48784],"palmPosition":[29.9762,329.678,42.3116],"palmVelocity":[-6.96866,17.4211,-98.2198],"palmWidth":90.9622,"pinchStrength":0.723148,"r":[[0.96803,0.248654,-0.0329874],[-0.250125,0.966787,-0.0525418],[0.018827,0.059113,0.998074]],"s":1.00377,"sphereCenter":[39.8166,300.33,2.34426],"sphereRadius":48.407,"stabilizedPalmPosition":[44.0895,301.749,118.926],"t":[-48.3214,126.003,-166.454],"timeVisible":0.668961,"type":"right","wrist":[48.7606,312.761,90.8078]}],"id":4125741,"interactionBox":{"center":[0,200,0],"size":[235.247,235.247,147.751]},"pointables":[{"bases":[[[0.0695006,0.969069,0.236802],[-0.781042,-0.0948129,0.617238],[0.620598,-0.227851,0.750294]],[[-0.158648,0.986105,-0.0492762],[-0.748096,-0.0874855,0.657799],[0.644348,0.141222,0.75158]],[[-0.158648,0.986105,-0.0492762],[-0.970306,-0.146488,0.192477],[0.182584,0.078349,0.980064]],[[-0.158648,0.986105,-0.0492762],[-0.73844,-0.151636,-0.657049],[-0.655391,-0.0678519,0.752236]]],"btipPosition":[3.20939,283.8,2.11671],"carpPosition":[26.2534,291.931,90.6276],"dipPosition":[-12.1244,282.213,19.7164],"direction":[-0.182584,-0.078349,-0.980064],"extended":false,"handId":443,"id":4430,"length":52.1005,"mcpPosition":[26.2534,291.931,90.6276],"pipPosition":[-5.90103,284.883,53.122],"stabilizedTipPosition":[13.2144,255.059,89.2626],"timeVisible":0.668961,"tipPosition":[-0.169922,283.492,6.25611],"tipVelocity":[8.55616,3.16918,-99.7158],"tool":false,"touchDistance":-0.465092,"touchZone":"touching","type":0,"width":20.2438},{"bases":[[[0.873864,0.434015,-0.219073],[-0.342151,0.869147,0.357095],[0.345391,-0.237097,0.908014]],[[0.923641,0.380932,-0.0421773],[-0.366922,0.910686,0.189786],[0.110706,-0.159819,0.980919]],[[0.923641,0.380932,-0.0421773],[-0.376835,0.922707,0.0812832],[0.0698806,-0.0591826,0.995798]],[[0.923641,0.380932,-0.0421773],[-0.381329,0.924438,-0.00150845],[0.0384157,0.0174767,0.999109]]],"btipPosition":[-6.95184,341.048,-59.7763],"carpPosition":[25.5501,315.614,90.262],"dipPosition":[-6.29569,341.346,-42.7111],"direction":[-0.0698806,0.0591826,-0.995798],"extended":true,"handId":443,"id":4431,"length":58.7895,"mcpPosition":[0.147577,333.052,23.4801],"pipPosition":[-4.60716,339.916,-18.6496],"stabilizedTipPosition":[1.99989,307.624,36.6805],"timeVisible":0.668961,"tipPosition":[-6.58287,340.128,-55.8478],"tipVelocity":[21.2435,-14.2347,-114.557],"tool":false,"touchDistance":-0.499782,"touchZone":"touching","type":1,"width":19.3369},{"bases":[[[0.957932,0.243422,-0.152027],[-0.181822,0.924593,0.334766],[0.222053,-0.293041,0.929957]],[[0.962443,0.237127,-0.132192],[-0.26339,0.697556,-0.666364],[-0.065802,0.676155,0.733815]],[[0.962443,0.237127,-0.132192],[-0.028183,-0.397023,-0.917376],[-0.270018,0.886647,-0.375429]],[[0.962443,0.237127,-0.132192],[0.137223,-0.845046,-0.516785],[-0.234252,0.479236,-0.845848]]],"btipPosition":[35.1656,276.167,14.0094],"carpPosition":[35.4056,322.518,87.6673],"dipPosition":[30.7648,285.17,-1.8809],"direction":[0.270018,-0.886647,0.375429],"extended":false,"handId":443,"id":4432,"length":66.986,"mcpPosition":[19.9181,342.957,22.8059],"pipPosition":[23.0888,310.376,-12.5535],"stabilizedTipPosition":[44.8557,253.041,74.7998],"timeVisible":0.668961,"tipPosition":[34.2135,277.882,10.1862],"tipVelocity":[24.6151,14.8196,-92.2289],"tool":false,"touchDistance":0.333333,"touchZone":"none","type":2,"width":18.9914},{"bases":[[[0.99113,0.127248,-0.0383199],[-0.105746,0.929809,0.352523],[0.0804882,-0.345344,0.935018]],[[0.988856,0.135688,-0.0612625],[-0.138903,0.69279,-0.707635],[-0.0535756,0.708259,0.703917]],[[0.988856,0.135688,-0.0612625],[0.00455646,-0.438888,-0.89853],[-0.148807,0.888238,-0.434615]],[[0.988856,0.135688,-0.0612625],[0.0899458,-0.87241,-0.480428],[-0.118634,0.469563,-0.874892]]],"btipPosition":[50.4564,283.187,23.7327],"carpPosition":[46.7667,326.566,85.348],"dipPosition":[48.2405,291.958,7.39124],"direction":[0.148807,-0.888238,0.434615],"extended":false,"handId":443,"id":4433,"length":64.4088,"mcpPosition":[41.7265,348.191,26.7963],"pipPosition":[44.1195,316.556,-4.6448],"stabilizedTipPosition":[61.4019,258.933,83.6561],"timeVisible":0.668961,"tipPosition":[49.9558,284.951,19.8742],"tipVelocity":[21.0576,24.6342,-69.6121],"tool":false,"touchDistance":0.333333,"touchZone":"none","type":3,"width":18.0715},{"bases":[[[0.997541,-0.0689689,0.0124391],[0.0572274,0.904094,0.423484],[-0.0404533,-0.421731,0.905818]],[[0.985493,-0.119042,0.120968],[0.169698,0.702183,-0.691477],[-0.00262696,0.701974,0.712198]],[[0.985493,-0.119042,0.120968],[0.0571068,-0.438612,-0.89686],[0.159822,0.890757,-0.425451]],[[0.985493,-0.119042,0.120968],[-0.0436061,-0.866431,-0.497389],[0.164021,0.484898,-0.859052]]],"btipPosition":[56.9767,297.616,28.2954],"carpPosition":[60.4902,323.756,82.8569],"dipPosition":[59.8031,305.972,13.4927],"direction":[-0.159822,-0.890757,0.425451],"extended":false,"handId":443,"id":4434,"length":50.4953,"mcpPosition":[62.8352,348.202,30.3489],"pipPosition":[62.928,323.389,5.17389],"stabilizedTipPosition":[69.05,272.279,93.5351],"timeVisible":0.668961,"tipPosition":[57.4859,299.139,24.6792],"tipVelocity":[16.102,28.6558,-78.8326],"tool":false,"touchDistance":0.333333,"touchZone":"none","type":4,"width":16.0525}],"r":[[0.96803,0.248654,-0.0329874],[-0.250125,0.966787,-0.0525418],[0.018827,0.059113,0.998074]],"s":1.00377,"t":[-48.3214,126.003,-166.454],"timestamp":521623349875},false],[3,{"currentFrameRate":103.695,"devices":[],"gestures":[],"hands":[{"armBasis":[[0.811605,0.498873,-0.304012],[-0.267122,0.779692,0.566327],[0.519561,-0.378425,0.766062]],"armWidth":63.7005,"confidence":0.722907,"direction":[-0.239646,0.429464,-0.870707],"elbow":[189.038,210.637,296.995],"grabStrength":0,"id":443,"palmNormal":[0.291002,-0.823831,-0.486436],"palmPosition":[30.0608,329.587,41.6686],"palmVelocity":[-2.50095,9.94736,-91.4308],"palmWidth":90.9622,"pinchStrength":0.710632,"r":[[0.967386,0.251459,-0.0305491],[-0.252835,0.9659,-0.0557842],[0.01548,0.0616887,0.997975]],"s":1.00605,"sphereCenter":[40.2517,300.297,1.73993],"sphereRadius":48.4935,"stabilizedPalmPosition":[44.0854,301.757,118.903],"t":[-48.299,125.965,-167.128],"timeVisible":0.677765,"type":"right","wrist":[48.7992,312.78,90.2211]}],"id":4125742,"interactionBox":{"center":[0,200,0],"size":[235.247,235.247,147.751]},"pointables":[{"bases":[[[0.0656671,0.969526,0.236023],[-0.782033,-0.0969086,0.615657],[0.619768,-0.225006,0.751838]],[[-0.158999,0.986172,-0.0467374],[-0.749989,-0.0898625,0.655318],[0.642056,0.139248,0.753906]],[[-0.158999,0.986172,-0.0467374],[-0.968939,-0.146789,0.199023],[0.18941,0.0769302,0.97888]],[[-0.158999,0.986172,-0.0467374],[-0.744327,-0.150839,-0.650558],[-0.648612,-0.0686504,0.758017]]],"btipPosition":[3.0431,283.909,1.29079],"carpPosition":[26.3641,291.873,90.0127],"dipPosition":[-12.1321,282.302,19.0257],"direction":[-0.18941,-0.0769302,-0.97888],"extended":false,"handId":443,"id":4430,"length":52.1005,"mcpPosition":[26.3641,291.873,90.0127],"pipPosition":[-5.67602,284.924,52.391],"stabilizedTipPosition":[13.2126,255.063,89.2517],"timeVisible":0.677765,"tipPosition":[-0.155996,283.474,5.50735],"tipVelocity":[2.27665,5.49166,-97.1722],"tool":false,"touchDistance":-0.458838,"touchZone":"touching","type":0,"width":20.2438},{"bases":[[[0.872837,0.436805,-0.217618],[-0.345896,0.868305,0.355531],[0.344257,-0.235048,0.908977]],[[0.92246,0.383982,-0.04033],[-0.370185,0.909287,0.190159],[0.109689,-0.160484,0.980925]],[[0.92246,0.383982,-0.04033],[-0.379944,0.92137,0.0819707],[0.0686341,-0.0602915,0.995818]],[[0.92246,0.383982,-0.04033],[-0.384318,0.923201,-0.000640257],[0.0369868,0.0160902,0.999186]]],"btipPosition":[-6.74003,340.916,-60.4882],"carpPosition":[25.5803,315.554,89.6229],"dipPosition":[-6.10828,341.191,-43.4218],"direction":[-0.0686341,0.0602915,-0.995818],"extended":true,"handId":443,"id":4431,"length":58.7895,"mcpPosition":[0.261188,332.841,22.7702],"pipPosition":[-4.44987,339.734,-19.3598],"stabilizedTipPosition":[1.99888,307.627,36.6694],"timeVisible":0.677765,"tipPosition":[-6.36818,339.987,-56.5648],"tipVelocity":[21.8304,-14.6072,-105.469],"tool":false,"touchDistance":-0.488812,"touchZone":"touching","type":1,"width":19.3369},{"bases":[[[0.957414,0.246566,-0.15021],[-0.185711,0.924281,0.333492],[0.221064,-0.291394,0.930709]],[[0.961907,0.240302,-0.130349],[-0.264323,0.695811,-0.667818],[-0.0697799,0.676833,0.732822]],[[0.961907,0.240302,-0.130349],[-0.0246607,-0.39859,-0.916797],[-0.272264,0.885088,-0.377481]],[[0.961907,0.240302,-0.130349],[0.141414,-0.845433,-0.51502],[-0.233961,0.476968,-0.847209]]],"btipPosition":[35.4965,276.078,13.4641],"carpPosition":[35.4175,322.489,87.0427],"dipPosition":[31.1013,285.038,-2.45183],"direction":[0.272264,-0.885088,0.377481],"extended":false,"handId":443,"id":4432,"length":66.986,"mcpPosition":[19.999,342.813,22.1288],"pipPosition":[23.3614,310.199,-13.1827],"stabilizedTipPosition":[44.8488,253.058,74.7564],"timeVisible":0.677765,"tipPosition":[34.5447,277.789,9.62653],"tipVelocity":[28.1509,7.78228,-84.2472],"tool":false,"touchDistance":0.333333,"touchZone":"none","type":2,"width":18.9914},{"bases":[[[0.990768,0.130615,-0.0363214],[-0.109691,0.929775,0.351407],[0.0796696,-0.344179,0.935518]],[[0.988439,0.139266,-0.0599385],[-0.13969,0.682813,-0.717115],[-0.058943,0.717197,0.694373]],[[0.988439,0.139266,-0.0599385],[0.0102221,-0.455642,-0.890105],[-0.151272,0.879202,-0.451798]],[[0.988439,0.139266,-0.0599385],[0.0958575,-0.880311,-0.464611],[-0.117469,0.453494,-0.883484]]],"btipPosition":[50.7968,283.273,24.1599],"carpPosition":[46.7697,326.573,84.7438],"dipPosition":[48.6027,291.743,7.65792],"direction":[0.151272,-0.879202,0.451798],"extended":false,"handId":443,"id":4433,"length":64.4088,"mcpPosition":[41.7807,348.126,26.1609],"pipPosition":[44.4135,316.092,-4.85396],"stabilizedTipPosition":[61.3863,258.97,83.5673],"timeVisible":0.677765,"tipPosition":[50.279,285.001,19.9506],"tipVelocity":[25.9568,18.5103,-38.9064],"tool":false,"touchDistance":0.333333,"touchZone":"none","type":3,"width":18.0715},{"bases":[[[0.997743,-0.0655313,0.0146387],[0.053217,0.904687,0.422741],[-0.0409462,-0.421008,0.906132]],[[0.985994,-0.114616,0.121161],[0.166689,0.701637,-0.692763],[-0.00560938,0.703256,0.710914]],[[0.985994,-0.114616,0.121161],[0.0586382,-0.441849,-0.895171],[0.156135,0.889738,-0.428939]],[[0.985994,-0.114616,0.121161],[-0.0403623,-0.868841,-0.493442],[0.161826,0.481641,-0.861298]]],"btipPosition":[57.2385,297.658,27.8574],"carpPosition":[60.508,323.808,82.2848],"dipPosition":[60.027,305.957,13.0159],"direction":[-0.156135,-0.889738,0.428939],"extended":false,"handId":443,"id":4434,"length":50.4953,"mcpPosition":[62.8816,348.213,29.7586],"pipPosition":[63.0799,323.354,4.62892],"stabilizedTipPosition":[69.0398,272.304,93.4722],"timeVisible":0.677765,"tipPosition":[57.7382,299.172,24.2007],"tipVelocity":[19.5078,21.8034,-71.2692],"tool":false,"touchDistance":0.333333,"touchZone":"none","type":4,"width":16.0525}],"r":[[0.967386,0.251459,-0.0305491],[-0.252835,0.9659,-0.0557842],[0.01548,0.0616887,0.997975]],"s":1.00605,"t":[-48.299,125.965,-167.128],"timestamp":521623358679},false],[4,{"currentFrameRate":103.824,"devices":[],"gestures":[],"hands":[{"armBasis":[[0.814809,0.496707,-0.298947],[-0.268633,0.780456,0.564557],[0.513735,-0.379699,0.769354]],"armWidth":63.7005,"confidence":0.740125,"direction":[-0.237827,0.429258,-0.871307],"elbow":[187.537,210.368,297.364],"grabStrength":0,"id":443,"palmNormal":[0.292016,-0.823946,-0.485633],"palmPosition":[30.2346,329.651,41.1066],"palmVelocity":[3.47738,9.04825,-82.45],"palmWidth":90.9622,"pinchStrength":0.69475,"r":[[0.96687,0.253705,-0.0282139],[-0.254969,0.965176,-0.0585343],[0.0123809,0.0637887,0.997887]],"s":1.00911,"sphereCenter":[40.675,300.436,1.19582],"sphereRadius":48.5789,"stabilizedPalmPosition":[44.0824,301.763,118.886],"t":[-48.201,125.978,-167.745],"timeVisible":0.687153,"type":"right","wrist":[48.8715,312.856,89.702]}],"id":4125743,"interactionBox":{"center":[0,200,0],"size":[235.247,235.247,147.751]},"pointables":[{"bases":[[[0.0651748,0.969582,0.235931],[-0.783317,-0.0967632,0.614046],[0.618197,-0.224829,0.753183]],[[-0.155025,0.987008,-0.0422244],[-0.752022,-0.090184,0.652939],[0.640648,0.132976,0.756232]],[[-0.155025,0.987008,-0.0422244],[-0.968104,-0.143263,0.205548],[0.196829,0.0727428,0.977736]],[[-0.155025,0.987008,-0.0422244],[-0.751366,-0.145549,-0.643634],[-0.641417,-0.0680534,0.764168]]],"btipPosition":[2.76501,284.425,0.5088],"carpPosition":[26.4369,291.948,89.4517],"dipPosition":[-12.2419,282.833,18.3876],"direction":[-0.196829,-0.0727428,-0.977736],"extended":false,"handId":443,"id":4430,"length":52.1005,"mcpPosition":[26.4369,291.948,89.4517],"pipPosition":[-5.53293,285.313,51.7139],"stabilizedTipPosition":[13.211,255.066,89.242],"timeVisible":0.687153,"tipPosition":[-0.260174,283.843,4.79843],"tipVelocity":[-5.62656,19.6932,-92.2208],"tool":false,"touchDistance":-0.452521,"touchZone":"touching","type":0,"width":20.2438},{"bases":[[[0.873289,0.436754,-0.215898],[-0.346637,0.868389,0.354603],[0.342358,-0.234833,0.90975]],[[0.922593,0.383877,-0.0382111],[-0.370197,0.908849,0.192215],[0.108515,-0.163191,0.980609]],[[0.922593,0.383877,-0.0382111],[-0.379791,0.921196,0.0845996],[0.0676757,-0.0635388,0.995682]],[[0.922593,0.383877,-0.0382111],[-0.384074,0.923299,0.00233195],[0.0361755,0.0125245,0.999267]]],"btipPosition":[-6.43932,341.231,-61.0977],"carpPosition":[25.6539,315.629,89.0547],"dipPosition":[-5.82143,341.445,-44.0299],"direction":[-0.0676757,0.0635388,-0.995682],"extended":true,"handId":443,"id":4431,"length":58.7895,"mcpPosition":[0.474466,332.9,22.1452],"pipPosition":[-4.18618,339.909,-19.9712],"stabilizedTipPosition":[1.99794,307.631,36.6589],"timeVisible":0.687153,"tipPosition":[-6.05786,340.269,-57.1828],"tipVelocity":[24.6363,-1.33072,-93.9219],"tool":false,"touchDistance":-0.477402,"touchZone":"touching","type":1,"width":19.3369},{"bases":[[[0.957726,0.24653,-0.14827],[-0.186406,0.924359,0.332885],[0.219121,-0.291175,0.931238]],[[0.962193,0.240247,-0.128321],[-0.262568,0.692926,-0.6715],[-0.0724087,0.679805,0.72981]],[[0.962193,0.240247,-0.128321],[-0.0208424,-0.404802,-0.914167],[-0.27157,0.882279,-0.38449]],[[0.962193,0.240247,-0.128321],[0.144107,-0.848831,-0.508645],[-0.231123,0.470922,-0.85136]]],"btipPosition":[35.7647,276.187,13.3003],"carpPosition":[35.4966,322.563,86.4934],"dipPosition":[31.4228,285.034,-2.69354],"direction":[0.271571,-0.882279,0.38449],"extended":false,"handId":443,"id":4432,"length":66.986,"mcpPosition":[20.2136,342.872,21.5427],"pipPosition":[23.7027,310.115,-13.6237],"stabilizedTipPosition":[44.8413,253.077,74.7079],"timeVisible":0.687153,"tipPosition":[34.8045,277.896,9.3281],"tipVelocity":[28.6419,8.08917,-65.7808],"tool":false,"touchDistance":0.333333,"touchZone":"none","type":2,"width":18.9914},{"bases":[[[0.990841,0.130606,-0.0342838],[-0.110424,0.929858,0.350958],[0.0777163,-0.343958,0.935763]],[[0.988498,0.139466,-0.0584947],[-0.138375,0.677962,-0.721955],[-0.0610308,0.721746,0.689463]],[[0.988498,0.139466,-0.0584947],[0.013182,-0.46476,-0.885339],[-0.15066,0.874384,-0.461252]],[[0.988498,0.139466,-0.0584947],[0.0978911,-0.884857,-0.455461],[-0.115281,0.444496,-0.888332]]],"btipPosition":[51.0384,283.431,24.1897],"carpPosition":[46.8535,326.647,84.2173],"dipPosition":[48.8851,291.734,7.59714],"direction":[0.15066,-0.874384,0.461252],"extended":false,"handId":443,"id":4433,"length":64.4088,"mcpPosition":[41.9868,348.186,25.6189],"pipPosition":[44.7128,315.949,-5.17657],"stabilizedTipPosition":[61.3551,259.046,83.3851],"timeVisible":0.687153,"tipPosition":[50.5205,285.131,19.8233],"tipVelocity":[26.1775,16.8724,-27.5644],"tool":false,"touchDistance":0.333333,"touchZone":"none","type":3,"width":18.0715},{"bases":[[[0.99771,-0.0655279,0.0167371],[0.0523349,0.904787,0.422637],[-0.042838,-0.420794,0.906144]],[[0.986295,-0.113143,0.120086],[0.164907,0.69931,-0.695537],[-0.00528206,0.705808,0.708384]],[[0.986295,-0.113143,0.120086],[0.0572628,-0.447852,-0.892272],[0.154735,0.88692,-0.435235]],[[0.986295,-0.113143,0.120086],[-0.0407572,-0.872355,-0.487171],[0.159878,0.4756,-0.865011]]],"btipPosition":[57.4864,297.788,27.636],"carpPosition":[60.5969,323.882,81.7876],"dipPosition":[60.2413,305.983,12.7306],"direction":[-0.154735,-0.88692,0.435235],"extended":false,"handId":443,"id":4434,"length":50.4953,"mcpPosition":[63.0801,348.274,29.2607],"pipPosition":[63.2668,323.325,4.22047],"stabilizedTipPosition":[69.0287,272.331,93.4016],"timeVisible":0.687153,"tipPosition":[57.9814,299.294,23.8847],"tipVelocity":[21.2376,18.8107,-58.1452],"tool":false,"touchDistance":0.333333,"touchZone":"none","type":4,"width":16.0525}],"r":[[0.96687,0.253705,-0.0282139],[-0.254969,0.965176,-0.0585343],[0.0123809,0.0637887,0.997887]],"s":1.00911,"t":[-48.201,125.978,-167.745],"timestamp":521623368067},false],[5,{"currentFrameRate":104.322,"devices":[],"gestures":[],"hands":[{"armBasis":[[0.814365,0.497081,-0.299532],[-0.269379,0.780916,0.563564],[0.514047,-0.378259,0.769854]],"armWidth":63.7005,"confidence":0.74985,"direction":[-0.234987,0.431717,-0.870863],"elbow":[187.611,210.914,296.916],"grabStrength":0,"id":443,"palmNormal":[0.291804,-0.82329,-0.486872],"palmPosition":[30.3698,329.955,40.5187],"palmVelocity":[6.70346,15.9719,-78.6014],"palmWidth":90.9622,"pinchStrength":0.683281,"r":[[0.966547,0.255192,-0.0257619],[-0.256315,0.964704,-0.0604052],[0.00943769,0.0649876,0.997841]],"s":1.01265,"sphereCenter":[40.9384,300.91,0.576329],"sphereRadius":48.6384,"stabilizedPalmPosition":[44.0801,301.768,118.873],"t":[-48.0843,126.136,-168.348],"timeVisible":0.695804,"type":"right","wrist":[48.8604,313.013,89.1193]}],"id":4125744,"interactionBox":{"center":[0,200,0],"size":[235.247,235.247,147.751]},"pointables":[{"bases":[[[0.0662368,0.96891,0.238382],[-0.784967,-0.0968877,0.611915],[0.615987,-0.227653,0.754145]],[[-0.149956,0.98804,-0.0359228],[-0.754397,-0.0908597,0.650099],[0.63906,0.124586,0.758999]],[[-0.149956,0.98804,-0.0359228],[-0.967932,-0.139304,0.209049],[0.201545,0.066119,0.977245]],[[-0.149956,0.98804,-0.0359228],[-0.755001,-0.137895,-0.641061],[-0.638347,-0.0690093,0.766649]]],"btipPosition":[2.56596,285.288,-0.35717],"carpPosition":[26.3912,292.145,88.7651],"dipPosition":[-12.3691,283.674,17.5797],"direction":[-0.201545,-0.066119,-0.977245],"extended":false,"handId":443,"id":4430,"length":52.1005,"mcpPosition":[26.3912,292.145,88.7651],"pipPosition":[-5.49942,285.928,50.8893],"stabilizedTipPosition":[13.209,255.071,89.2299],"timeVisible":0.695804,"tipPosition":[-0.371201,284.578,3.96234],"tipVelocity":[-9.73468,40.7938,-93.9031],"tool":false,"touchDistance":-0.448391,"touchZone":"touching","type":0,"width":20.2438},{"bases":[[[0.874546,0.435784,-0.212747],[-0.346032,0.868134,0.355816],[0.339752,-0.23756,0.910019]],[[0.923369,0.38233,-0.0348459],[-0.368704,0.908421,0.197052],[0.106993,-0.169104,0.979774]],[[0.923369,0.38233,-0.0348459],[-0.378093,0.92136,0.090225],[0.0666013,-0.0701359,0.995312]],[[0.923369,0.38233,-0.0348459],[-0.382277,0.924009,0.00842591],[0.0354194,0.00554056,0.999357]]],"btipPosition":[-6.14825,342.162,-61.7067],"carpPosition":[25.6491,315.827,88.4223],"dipPosition":[-5.54327,342.257,-44.6373],"direction":[-0.0666013,0.0701359,-0.995312],"extended":true,"handId":443,"id":4431,"length":58.7895,"mcpPosition":[0.661312,333.299,21.493],"pipPosition":[-3.93398,340.562,-20.5875],"stabilizedTipPosition":[1.99685,307.636,36.646],"timeVisible":0.695804,"tipPosition":[-5.75213,341.143,-57.8038],"tipVelocity":[26.9374,26.7723,-87.6632],"tool":false,"touchDistance":-0.467124,"touchZone":"touching","type":1,"width":19.3369},{"bases":[[[0.958497,0.245259,-0.145364],[-0.185654,0.923885,0.334619],[0.216368,-0.293744,0.931074]],[[0.962918,0.238902,-0.125359],[-0.259475,0.692771,-0.67286],[-0.0739021,0.680437,0.729071]],[[0.962918,0.238902,-0.125359],[-0.0177964,-0.407392,-0.91308],[-0.269207,0.881452,-0.388033]],[[0.962918,0.238902,-0.125359],[0.145183,-0.850472,-0.505587],[-0.2274,0.468639,-0.85362]]],"btipPosition":[35.9046,276.59,12.8983],"carpPosition":[35.5096,322.751,85.9012],"dipPosition":[31.6326,285.394,-3.13798],"direction":[0.269207,-0.881452,0.388033],"extended":false,"handId":443,"id":4432,"length":66.986,"mcpPosition":[20.4187,343.239,20.9619],"pipPosition":[23.9797,310.452,-14.1689],"stabilizedTipPosition":[44.8336,253.096,74.6573],"timeVisible":0.695804,"tipPosition":[34.9453,278.31,8.83303],"tipVelocity":[25.8235,18.0049,-60.953],"tool":false,"touchDistance":0.333333,"touchZone":"none","type":2,"width":18.9914},{"bases":[[[0.991141,0.12901,-0.031573],[-0.109708,0.929212,0.352888],[0.0748641,-0.346298,0.935133]],[[0.988794,0.138192,-0.05648],[-0.135561,0.67267,-0.727419],[-0.0625309,0.726924,0.683865]],[[0.988794,0.138192,-0.05648],[0.0162092,-0.475472,-0.879581],[-0.148406,0.868809,-0.472384]],[[0.988794,0.138192,-0.05648],[0.0989587,-0.889992,-0.445109],[-0.111777,0.434532,-0.893694]]],"btipPosition":[51.1815,283.861,24.3327],"carpPosition":[46.8789,326.821,83.6623],"dipPosition":[49.0937,291.977,7.63999],"direction":[0.148406,-0.868809,0.472384],"extended":false,"handId":443,"id":4433,"length":64.4088,"mcpPosition":[42.1908,348.507,25.1035],"pipPosition":[44.9838,316.038,-5.44199],"stabilizedTipPosition":[61.2964,259.193,83.0388],"timeVisible":0.695804,"tipPosition":[50.6653,285.535,19.7437],"tipVelocity":[24.082,24.2668,-16.5644],"tool":false,"touchDistance":0.333333,"touchZone":"none","type":3,"width":18.0715},{"bases":[[[0.997555,-0.0672554,0.0190002],[0.0528344,0.903696,0.424903],[-0.0457474,-0.42286,0.90504]],[[0.986272,-0.113884,0.119574],[0.16507,0.699306,-0.695502],[-0.00441238,0.705692,0.708505]],[[0.986272,-0.113884,0.119574],[0.0560922,-0.450013,-0.891259],[0.15531,0.885731,-0.437447]],[[0.986272,-0.113884,0.119574],[-0.0421184,-0.87367,-0.484693],[0.159667,0.473003,-0.866472]]],"btipPosition":[57.6433,298.136,27.236],"carpPosition":[60.6235,324.038,81.2594],"dipPosition":[60.3946,306.286,12.3054],"direction":[-0.15531,-0.885731,0.437447],"extended":false,"handId":443,"id":4434,"length":50.4953,"mcpPosition":[63.2754,348.55,28.7966],"pipPosition":[63.4313,323.605,3.75206],"stabilizedTipPosition":[69.017,272.361,93.3261],"timeVisible":0.695804,"tipPosition":[58.1373,299.644,23.4281],"tipVelocity":[20.3882,24.1894,-55.1611],"tool":false,"touchDistance":0.333333,"touchZone":"none","type":4,"width":16.0525}],"r":[[0.966547,0.255192,-0.0257619],[-0.256315,0.964704,-0.0604052],[0.00943769,0.0649876,0.997841]],"s":1.01265,"t":[-48.0843,126.136,-168.348],"timestamp":521623376718},false],[6,{"currentFrameRate":104.577,"devices":[],"gestures":[],"hands":[{"armBasis":[[0.815436,0.4909,-0.306728],[-0.2637,0.786753,0.558105],[0.515293,-0.374215,0.770997]],"armWidth":63.7005,"confidence":0.762004,"direction":[-0.229578,0.433927,-0.871207],"elbow":[187.865,212.177,295.985],"grabStrength":0,"id":443,"palmNormal":[0.284063,-0.82627,-0.486401],"palmPosition":[30.5181,330.304,39.2544],"palmVelocity":[9.36752,22.1804,-95.3593],"palmWidth":90.9622,"pinchStrength":0.676686,"r":[[0.966803,0.254431,-0.0235788],[-0.255426,0.964839,-0.0619942],[0.0069765,0.0659588,0.997798]],"s":1.01608,"sphereCenter":[40.9549,301.276,-0.648469],"sphereRadius":48.6692,"stabilizedPalmPosition":[44.0781,301.772,118.861],"t":[-47.9518,126.389,-169.282],"timeVisible":0.704891,"type":"right","wrist":[48.7788,313.184,87.8795]}],"id":4125745,"interactionBox":{"center":[0,200,0],"size":[235.247,235.247,147.751]},"pointables":[{"bases":[[[0.0757262,0.96823,0.238318],[-0.786635,-0.0888641,0.61099],[0.612757,-0.233737,0.754914]],[[-0.137994,0.98986,-0.0336954],[-0.757449,-0.0835517,0.647526],[0.638145,0.114877,0.761298]],[[-0.137994,0.98986,-0.0336954],[-0.969212,-0.127954,0.21037],[0.203925,0.0616877,0.977041]],[[-0.137994,0.98986,-0.0336954],[-0.757528,-0.127399,-0.640251],[-0.638052,-0.0628253,0.767426]]],"btipPosition":[2.233,286.178,-1.74666],"carpPosition":[26.1006,292.543,87.5016],"dipPosition":[-12.6951,284.708,16.2084],"direction":[-0.203925,-0.0616877,-0.977041],"extended":false,"handId":443,"id":4430,"length":52.1005,"mcpPosition":[26.1006,292.543,87.5016],"pipPosition":[-5.74432,286.811,49.511],"stabilizedTipPosition":[13.2055,255.078,89.2086],"timeVisible":0.704891,"tipPosition":[-0.719137,285.424,2.59722],"tipVelocity":[-17.1348,57.6151,-110.11],"tool":false,"touchDistance":-0.452665,"touchZone":"touching","type":0,"width":20.2438},{"bases":[[[0.879153,0.426903,-0.211766],[-0.337678,0.871639,0.355274],[0.336251,-0.240831,0.910459]],[[0.927292,0.372846,-0.0333848],[-0.359253,0.91144,0.200534],[0.105197,-0.17396,0.979118]],[[0.927292,0.372846,-0.0333848],[-0.368502,0.924885,0.0937799],[0.0658425,-0.074659,0.995033]],[[0.927292,0.372846,-0.0333848],[-0.372659,0.927892,0.011891],[0.035411,0.00141469,0.999372]]],"btipPosition":[-5.84623,343.196,-62.9724],"carpPosition":[25.5979,316.232,87.1543],"dipPosition":[-5.24139,343.22,-45.9027],"direction":[-0.0658425,0.074659,-0.995033],"extended":true,"handId":443,"id":4431,"length":58.7895,"mcpPosition":[0.867674,333.945,20.1927],"pipPosition":[-3.65044,341.416,-21.8597],"stabilizedTipPosition":[1.99494,307.645,36.6222],"timeVisible":0.704891,"tipPosition":[-5.44911,342.132,-59.0803],"tipVelocity":[28.6801,50.3632,-101.952],"tool":false,"touchDistance":-0.467729,"touchZone":"touching","type":1,"width":19.3369},{"bases":[[[0.961097,0.235551,-0.144254],[-0.176721,0.925764,0.33426],[0.212281,-0.295764,0.931376]],[[0.965469,0.229089,-0.124046],[-0.251043,0.690879,-0.677985],[-0.069618,0.685715,0.724534]],[[0.965469,0.229089,-0.124046],[-0.0178759,-0.416776,-0.908833],[-0.259904,0.879668,-0.398289]],[[0.965469,0.229089,-0.124046],[0.139632,-0.85703,-0.495987],[-0.219937,0.461539,-0.859424]]],"btipPosition":[35.5998,276.965,12.2394],"carpPosition":[35.5308,323.056,84.6441],"dipPosition":[31.468,285.636,-3.90598],"direction":[0.259904,-0.879668,0.398289],"extended":false,"handId":443,"id":4432,"length":66.986,"mcpPosition":[20.7249,343.685,19.6837],"pipPosition":[24.0795,310.643,-15.2284],"stabilizedTipPosition":[44.8259,253.116,74.6073],"timeVisible":0.704891,"tipPosition":[34.6441,278.68,7.9875],"tipVelocity":[10.3708,23.521,-64.9182],"tool":false,"touchDistance":0.333333,"touchZone":"none","type":2,"width":18.9914},{"bases":[[[0.992429,0.118997,-0.0304071],[-0.100746,0.930328,0.35262],[0.0702491,-0.346887,0.935273]],[[0.990158,0.128364,-0.0557695],[-0.128153,0.671402,-0.729929],[-0.0562526,0.729892,0.681244]],[[0.990158,0.128364,-0.0557695],[0.0129512,-0.480809,-0.876729],[-0.139355,0.867378,-0.47774]],[[0.990158,0.128364,-0.0557695],[0.0910845,-0.893577,-0.439573],[-0.10626,0.430167,-0.896474]]],"btipPosition":[50.9008,284.076,23.397],"carpPosition":[46.9433,327.01,82.4181],"dipPosition":[48.916,292.111,6.65245],"direction":[0.139355,-0.867378,0.47774],"extended":false,"handId":443,"id":4433,"length":64.4088,"mcpPosition":[42.5442,348.733,23.8506],"pipPosition":[45.0568,316.132,-6.57785],"stabilizedTipPosition":[61.2364,259.341,82.6877],"timeVisible":0.704891,"tipPosition":[50.404,285.732,18.7575],"tipVelocity":[9.58426,23.5225,-40.8456],"tool":false,"touchDistance":0.333333,"touchZone":"none","type":3,"width":18.0715},{"bases":[[[0.996802,-0.0773153,0.0202027],[0.0614437,0.903184,0.424832],[-0.0510928,-0.422232,0.905047]],[[0.985496,-0.122355,0.11759],[0.169648,0.693111,-0.700583],[0.00421637,0.710371,0.703815]],[[0.985496,-0.122355,0.11759],[0.0488566,-0.459026,-0.887078],[0.162515,0.879957,-0.446391]],[[0.985496,-0.122355,0.11759],[-0.0520378,-0.877434,-0.476867],[0.161525,0.463831,-0.871074]]],"btipPosition":[57.5137,298.255,26.4283],"carpPosition":[60.6619,324.088,80.0321],"dipPosition":[60.297,306.248,11.4183],"direction":[-0.162515,-0.879957,0.446391],"extended":false,"handId":443,"id":4434,"length":50.4953,"mcpPosition":[63.6237,348.564,27.5688],"pipPosition":[63.4746,323.454,2.69012],"stabilizedTipPosition":[69.0065,272.388,93.2577],"timeVisible":0.704891,"tipPosition":[58.0246,299.761,22.4902],"tipVelocity":[11.0202,20.0297,-65.0546],"tool":false,"touchDistance":0.333333,"touchZone":"none","type":4,"width":16.0525}],"r":[[0.966803,0.254431,-