{"sensorType":"Leap","data":[[0,{"currentFrameRate":105.596,"devices":[],"gestures":[],"hands":[{"armBasis":[[0.826599,0.503422,-0.251596],[-0.281994,0.757368,0.588959],[0.487046,-0.415884,0.768002]],"armWidth":63.7005,"confidence":0.76252,"direction":[-0.18162,0.454547,-0.87201],"elbow":[166.366,190.983,301.734],"grabStrength":0,"id":451,"palmNormal":[0.305583,-0.816768,-0.489397],"palmPosition":[19.2961,321.541,45.321],"palmVelocity":[-56.2288,4.09776,-108.747],"palmWidth":90.9622,"pinchStrength":0.750251,"r":[[0.983499,-0.167124,0.0692727],[0.176923,0.968477,-0.175361],[-0.0377819,0.184723,0.982064]],"s":0.782,"sphereCenter":[30.3201,291.841,3.95548],"sphereRadius":49.1498,"stabilizedPalmPosition":[43.6073,314.095,87.8966],"t":[-52.313,68.9545,-132.251],"timeVisible":0.596788,"type":"right","wrist":[34.9036,303.238,94.4368]}],"id":4129928,"interactionBox":{"center":[0,200,0],"size":[235.247,235.247,147.751]},"pointables":[{"bases":[[[0.0673526,0.96223,0.263774],[-0.818009,-0.0981117,0.566777],[0.571249,-0.253943,0.780504]],[[-0.168948,0.982866,-0.0736984],[-0.8114,-0.0962458,0.576512],[0.559541,0.1572,0.813758]],[[-0.168948,0.982866,-0.0736984],[-0.963224,-0.148795,0.223739],[0.208939,0.108788,0.971859]],[[-0.168948,0.982866,-0.0736984],[-0.72572,-0.174645,-0.665454],[-0.666923,-0.058943,0.742792]]],"btipPosition":[-7.25419,272.563,1.29192],"carpPosition":[12.1863,282.737,92.405],"dipPosition":[-22.8578,271.184,18.6706],"direction":[-0.208939,-0.108788,-0.971859],"extended":false,"handId":451,"id":4510,"length":52.1005,"mcpPosition":[12.1863,282.737,92.405],"pipPosition":[-15.7361,274.892,51.7966],"stabilizedTipPosition":[9.87729,266.002,55.8115],"timeVisible":0.596788,"tipPosition":[-11.0236,272.633,4.85506],"tipVelocity":[-55.5901,-14.4838,-93.6143],"tool":false,"touchDistance":-0.436895,"touchZone":"touching","type":0,"width":20.2438},{"bases":[[[0.89092,0.42663,-0.155718],[-0.352041,0.865351,0.3567],[0.28693,-0.262972,0.92115]],[[0.920862,0.388445,-0.0335302],[-0.375266,0.906371,0.194079],[0.10578,-0.166137,0.980413]],[[0.920862,0.388445,-0.0335302],[-0.385382,0.919882,0.0727842],[0.0591165,-0.0541022,0.996784]],[[0.920862,0.388445,-0.0335302],[-0.389202,0.920938,-0.019901],[0.0231488,0.0313761,0.99924]]],"btipPosition":[-15.6634,333.678,-58.4413],"carpPosition":[11.8064,306.43,92.5673],"dipPosition":[-15.2681,334.214,-41.374],"direction":[-0.0591165,0.0541022,-0.996784],"extended":true,"handId":451,"id":4511,"length":58.7895,"mcpPosition":[-9.29646,325.771,24.8194],"pipPosition":[-13.8396,332.907,-17.2887],"stabilizedTipPosition":[7.21804,324.822,-8.87947],"timeVisible":0.596788,"tipPosition":[-15.0686,332.553,-54.5874],"tipVelocity":[-55.021,21.99,-111.534],"tool":false,"touchDistance":-0.457943,"touchZone":"touching","type":1,"width":19.3369},{"bases":[[[0.968367,0.233365,-0.0883472],[-0.189967,0.919036,0.345376],[0.161793,-0.317668,0.934297]],[[0.970422,0.229144,-0.0759847],[-0.234716,0.82192,-0.518995],[-0.0564711,0.521479,0.851394]],[[0.970422,0.229144,-0.0759847],[-0.0125469,-0.266451,-0.963767],[-0.241088,0.936214,-0.255695]],[[0.970422,0.229144,-0.0759847],[0.150618,-0.820651,-0.551223],[-0.188666,0.523474,-0.830891]]],"btipPosition":[23.7216,273.833,7.42475],"carpPosition":[21.8872,313.253,90.7357],"dipPosition":[20.1773,283.667,-8.18459],"direction":[0.241088,-0.936214,0.255695],"extended":false,"handId":451,"id":4512,"length":66.986,"mcpPosition":[10.6026,335.409,25.5716],"pipPosition":[13.3237,310.281,-15.4534],"stabilizedTipPosition":[49.4003,264.298,54.5368],"timeVisible":0.596788,"tipPosition":[23.0777,275.52,4.32934],"tipVelocity":[-55.7843,9.92921,-116.6],"tool":false,"touchDistance":0.333333,"touchZone":"none","type":2,"width":18.9914},{"bases":[[[0.993169,0.114125,0.0243224],[-0.115042,0.922766,0.367789],[0.01953,-0.368074,0.929591]],[[0.991068,0.131759,-0.0205783],[-0.12048,0.818497,-0.561736],[-0.0571705,0.559198,0.827061]],[[0.991068,0.131759,-0.0205783],[0.0248316,-0.333943,-0.942266],[-0.131024,0.933339,-0.334232]],[[0.991068,0.131759,-0.0205783],[0.104979,-0.865994,-0.488911],[-0.0822391,0.482383,-0.872091]]],"btipPosition":[39.9132,280.407,19.5925],"carpPosition":[33.418,317.193,89.2006],"dipPosition":[38.3771,289.417,3.30337],"direction":[0.131024,-0.933339,0.334232],"extended":false,"handId":451,"id":4513,"length":64.4088,"mcpPosition":[32.195,340.242,30.9888],"pipPosition":[34.7485,315.265,-5.9527],"stabilizedTipPosition":[62.6439,271.232,58.0409],"timeVisible":0.596788,"tipPosition":[39.5861,282.23,15.47],"tipVelocity":[-53.3488,10.844,-51.0074],"tool":false,"touchDistance":0.333333,"touchZone":"none","type":3,"width":18.0715},{"bases":[[[0.994018,-0.0832897,0.0706431],[0.043013,0.893115,0.447767],[-0.100387,-0.44205,0.891355]],[[0.963359,-0.155839,0.218295],[0.252503,0.801412,-0.5422],[-0.0904486,0.577453,0.811398]],[[0.963359,-0.155839,0.218295],[0.151533,-0.35531,-0.922384],[0.221306,0.921666,-0.318677]],[[0.963359,-0.155839,0.218295],[-0.0233272,-0.859483,-0.510632],[0.267197,0.48683,-0.831626]]],"btipPosition":[47.315,293.051,27.6811],"carpPosition":[47.23,314.248,87.4711],"dipPosition":[51.9193,301.44,13.3509],"direction":[-0.221306,-0.921666,0.318677],"extended":false,"handId":451,"id":4514,"length":50.4953,"mcpPosition":[53.0492,339.873,35.8015],"pipPosition":[56.2464,319.461,7.11986],"stabilizedTipPosition":[77.0128,277.978,80.9708],"timeVisible":0.596788,"tipPosition":[48.2847,294.424,24.2604],"tipVelocity":[-50.2701,12.9334,-95.9937],"tool":false,"touchDistance":0.333333,"touchZone":"none","type":4,"width":16.0525}],"r":[[0.983499,-0.167124,0.0692727],[0.176923,0.968477,-0.175361],[-0.0377819,0.184723,0.982064]],"s":0.782,"t":[-52.313,68.9545,-132.251],"timestamp":521667380844},false],[1,{"currentFrameRate":105.949,"devices":[],"gestures":[],"hands":[{"armBasis":[[0.83552,0.492214,-0.244197],[-0.277804,0.761863,0.58514],[0.474059,-0.421058,0.773291]],"armWidth":63.7005,"confidence":0.781354,"direction":[-0.178568,0.45043,-0.874772],"elbow":[162.415,190.023,302.14],"grabStrength":0,"id":451,"palmNormal":[0.301213,-0.821351,-0.48441],"palmPosition":[18.9819,321.775,44.1841],"palmVelocity":[-50.725,10.1758,-114.303],"palmWidth":90.9622,"pinchStrength":0.754547,"r":[[0.983344,-0.16746,0.0706554],[0.177571,0.968078,-0.176901],[-0.038776,0.186501,0.981689]],"s":0.784093,"sphereCenter":[29.7321,291.825,3.0503],"sphereRadius":49.0951,"stabilizedPalmPosition":[43.0169,314.279,86.8486],"t":[-52.6611,69.1938,-133.297],"timeVisible":0.605574,"type":"right","wrist":[34.4587,303.674,93.4157]}],"id":4129929,"interactionBox":{"center":[0,200,0],"size":[235.247,235.247,147.751]},"pointables":[{"bases":[[[0.072663,0.963368,0.25815],[-0.818859,-0.0901393,0.566873],[0.569377,-0.252579,0.782313]],[[-0.162835,0.983499,-0.0788309],[-0.812709,-0.0883956,0.575925],[0.559454,0.157848,0.813693]],[[-0.162835,0.983499,-0.0788309],[-0.964405,-0.141783,0.223207],[0.208347,0.112371,0.971578]],[[-0.162835,0.983499,-0.0788309],[-0.720412,-0.173107,-0.671595],[-0.67416,-0.0525687,0.736712]]],"btipPosition":[-7.61999,272.813,0.533352],"carpPosition":[11.6267,283.29,91.4914],"dipPosition":[-23.3929,271.583,17.7698],"direction":[-0.208347,-0.112371,-0.971578],"extended":false,"handId":451,"id":4510,"length":52.1005,"mcpPosition":[11.6267,283.29,91.4914],"pipPosition":[-16.2914,275.413,50.8862],"stabilizedTipPosition":[9.42579,266.141,54.7148],"timeVisible":0.605574,"tipPosition":[-11.4791,272.847,4.06573],"tipVelocity":[-53.0281,-1.89601,-92.6585],"tool":false,"touchDistance":-0.433408,"touchZone":"touching","type":0,"width":20.2438},{"bases":[[[0.893408,0.420652,-0.157711],[-0.347323,0.869415,0.351402],[0.284935,-0.259169,0.922845]],[[0.923053,0.383045,-0.0353647],[-0.370065,0.909333,0.190173],[0.105003,-0.162453,0.981113]],[[0.923053,0.383045,-0.0353647],[-0.380133,0.922378,0.0686911],[0.0589314,-0.0499622,0.997011]],[[0.923053,0.383045,-0.0353647],[-0.383962,0.923033,-0.0241599],[0.0233885,0.0358795,0.999082]]],"btipPosition":[-15.9084,333.618,-59.6521],"carpPosition":[11.381,306.986,91.5141],"dipPosition":[-15.5089,334.231,-42.5874],"direction":[-0.0589314,0.0499622,-0.997011],"extended":true,"handId":451,"id":4511,"length":58.7895,"mcpPosition":[-9.57518,326.047,23.6415],"pipPosition":[-14.085,333.024,-18.4966],"stabilizedTipPosition":[6.68462,325.029,-9.96434],"timeVisible":0.605574,"tipPosition":[-15.3256,332.531,-55.7931],"tipVelocity":[-47.6916,14.7946,-118.621],"tool":false,"touchDistance":-0.458653,"touchZone":"touching","type":1,"width":19.3369},{"bases":[[[0.969722,0.227351,-0.0891608],[-0.184942,0.922114,0.339856],[0.159483,-0.313076,0.936242]],[[0.971736,0.223215,-0.0768418],[-0.229807,0.81995,-0.524282],[-0.0540211,0.527122,0.848071]],[[0.971736,0.223215,-0.0768418],[-0.0130189,-0.274336,-0.961546],[-0.235712,0.935369,-0.263676]],[[0.971736,0.223215,-0.0768418],[0.146885,-0.826515,-0.543413],[-0.184809,0.516767,-0.835941]]],"btipPosition":[23.1535,273.878,6.68349],"carpPosition":[21.5012,313.74,89.6482],"dipPosition":[19.6816,283.586,-9.02072],"direction":[0.235712,-0.935369,0.263676],"extended":false,"handId":451,"id":4512,"length":66.986,"mcpPosition":[10.3778,335.576,24.3484],"pipPosition":[12.9809,310.177,-16.5164],"stabilizedTipPosition":[49.2607,264.359,54.2712],"timeVisible":0.605574,"tipPosition":[22.5155,275.549,3.50649],"tipVelocity":[-57.6636,7.7545,-108.597],"tool":false,"touchDistance":0.333333,"touchZone":"none","type":2,"width":18.9914},{"bases":[[[0.993786,0.108638,0.0242223],[-0.110009,0.925551,0.362289],[0.0169393,-0.362703,0.931751]],[[0.991802,0.126066,-0.0209051],[-0.115227,0.811541,-0.572822],[-0.055248,0.570534,0.819413]],[[0.991802,0.126066,-0.0209051],[0.0254087,-0.354875,-0.934569],[-0.125236,0.926375,-0.355168]],[[0.991802,0.126066,-0.0209051],[0.101772,-0.87818,-0.467377],[-0.0772788,0.461418,-0.883811]]],"btipPosition":[39.3736,280.562,19.4936],"carpPosition":[33.055,317.605,88.0966],"dipPosition":[37.9302,289.18,2.98554],"direction":[0.125236,-0.926375,0.355168],"extended":false,"handId":451,"id":4513,"length":64.4088,"mcpPosition":[31.9943,340.318,29.7495],"pipPosition":[34.462,314.835,-6.85033],"stabilizedTipPosition":[62.3101,271.392,57.4419],"timeVisible":0.605574,"tipPosition":[39.061,282.3,15.1129],"tipVelocity":[-54.8644,9.90133,-41.8558],"tool":false,"touchDistance":0.333333,"touchZone":"none","type":3,"width":18.0715},{"bases":[[[0.993492,-0.0885027,0.0717036],[0.0478322,0.895476,0.442532],[-0.103374,-0.436222,0.893882]],[[0.96345,-0.158273,0.216133],[0.253877,0.796957,-0.548094],[-0.0855001,0.582932,0.80801]],[[0.96345,-0.158273,0.216133],[0.145906,-0.366605,-0.918865],[0.224667,0.916815,-0.330113]],[[0.96345,-0.158273,0.216133],[-0.0304788,-0.866329,-0.498543],[0.266148,0.473734,-0.839489]]],"btipPosition":[46.8868,293.164,26.9348],"carpPosition":[46.8511,314.573,86.3924],"dipPosition":[51.4729,301.327,12.4691],"direction":[-0.224667,-0.916815,0.330113],"extended":false,"handId":451,"id":4514,"length":50.4953,"mcpPosition":[52.8435,339.859,34.5763],"pipPosition":[55.8658,319.254,6.01449],"stabilizedTipPosition":[76.7857,278.111,80.5228],"timeVisible":0.605574,"tipPosition":[47.8506,294.483,23.4224],"tipVelocity":[-49.9876,11.3404,-93.9738],"tool":false,"touchDistance":0.333333,"touchZone":"none","type":4,"width":16.0525}],"r":[[0.983344,-0.16746,0.0706554],[0.177571,0.968078,-0.176901],[-0.038776,0.186501,0.981689]],"s":0.784093,"t":[-52.6611,69.1938,-133.297],"timestamp":521667389630},false],[2,{"currentFrameRate":106.126,"devices":[],"gestures":[],"hands":[{"armBasis":[[0.840493,0.484961,-0.241627],[-0.274288,0.765422,0.582147],[0.467265,-0.423015,0.776351]],"armWidth":63.7005,"confidence":0.794979,"direction":[-0.176333,0.447954,-0.876495],"elbow":[160.162,189.725,302.022],"grabStrength":0,"id":451,"palmNormal":[0.297387,-0.824593,-0.481256],"palmPosition":[18.6534,321.893,43.1696],"palmVelocity":[-46.6749,10.9365,-113.537],"palmWidth":90.9622,"pinchStrength":0.755362,"r":[[0.983057,-0.168602,0.0719155],[0.179011,0.967453,-0.178859],[-0.0394188,0.188702,0.981243]],"s":0.786178,"sphereCenter":[29.1594,291.815,2.22409],"sphereRadius":49.0224,"stabilizedPalmPosition":[42.5364,314.429,85.9872],"t":[-52.9994,69.3722,-134.327],"timeVisible":0.61467,"type":"right","wrist":[34.0387,303.905,92.4714]}],"id":4129930,"interactionBox":{"center":[0,200,0],"size":[235.247,235.247,147.751]},"pointables":[{"bases":[[[0.077183,0.963985,0.254512],[-0.819343,-0.0841233,0.567098],[0.568084,-0.252303,0.783342]],[[-0.157972,0.98401,-0.0822703],[-0.813499,-0.0824667,0.57569],[0.5597,0.15787,0.813519]],[[-0.157972,0.98401,-0.0822703],[-0.96513,-0.136254,0.223513],[0.208729,0.11471,0.971223]],[[-0.157972,0.98401,-0.0822703],[-0.718443,-0.171695,-0.674063],[-0.67741,-0.0473767,0.734078]]],"btipPosition":[-8.08513,272.943,-0.254455],"carpPosition":[11.1108,283.622,90.6212],"dipPosition":[-23.9341,271.834,16.9204],"direction":[-0.208729,-0.11471,-0.971223],"extended":false,"handId":451,"id":4510,"length":52.1005,"mcpPosition":[11.1108,283.622,90.6212],"pipPosition":[-16.8195,275.744,50.0247],"stabilizedTipPosition":[9.01146,266.27,53.7156],"timeVisible":0.61467,"tipPosition":[-11.9781,272.971,3.2721],"tipVelocity":[-53.0367,3.43207,-91.4145],"tool":false,"touchDistance":-0.430431,"touchZone":"touching","type":0,"width":20.2438},{"bases":[[[0.895405,0.415827,-0.159179],[-0.343254,0.87237,0.348061],[0.283597,-0.257017,0.923859]],[[0.92485,0.378555,-0.036723],[-0.365643,0.911551,0.188095],[0.104679,-0.160532,0.981464]],[[0.92485,0.378555,-0.036723],[-0.375724,0.92436,0.066256],[0.0590269,-0.0474792,0.997127]],[[0.92485,0.378555,-0.036723],[-0.379588,0.924765,-0.026893],[0.0237797,0.0388116,0.998964]]],"btipPosition":[-16.209,333.601,-60.7024],"carpPosition":[10.9771,307.319,90.5542],"dipPosition":[-15.8028,334.263,-43.6398],"direction":[-0.0590269,0.0474792,-0.997127],"extended":true,"handId":451,"id":4511,"length":58.7895,"mcpPosition":[-9.88064,326.221,22.607],"pipPosition":[-14.3765,333.116,-19.5462],"stabilizedTipPosition":[6.26129,325.19,-10.8335],"timeVisible":0.61467,"tipPosition":[-15.638,332.545,-56.8409],"tipVelocity":[-43.5856,10.4993,-117.762],"tool":false,"touchDistance":-0.456883,"touchZone":"touching","type":1,"width":19.3369},{"bases":[[[0.970796,0.222429,-0.0898873],[-0.180624,0.924257,0.336338],[0.15789,-0.31028,0.937442]],[[0.972808,0.218288,-0.0774284],[-0.225241,0.813733,-0.535822],[-0.0539574,0.538692,0.840773]],[[0.972808,0.218288,-0.0774284],[-0.00924418,-0.297441,-0.954696],[-0.231429,0.929451,-0.287335]],[[0.972808,0.218288,-0.0774284],[0.147352,-0.841214,-0.520237],[-0.178695,0.494682,-0.850505]]],"btipPosition":[22.653,273.986,6.91346],"carpPosition":[21.1294,314.018,88.6641],"dipPosition":[19.296,283.28,-9.06434],"direction":[0.231429,-0.929451,0.287335],"extended":false,"handId":451,"id":4512,"length":66.986,"mcpPosition":[10.1171,335.659,23.2806],"pipPosition":[12.717,309.702,-17.2326],"stabilizedTipPosition":[49.102,264.427,53.9755],"timeVisible":0.61467,"tipPosition":[21.9885,275.641,3.26186],"tipVelocity":[-56.1255,6.00312,-73.4209],"tool":false,"touchDistance":0.333333,"touchZone":"none","type":2,"width":18.9914},{"bases":[[[0.994286,0.104032,0.0239476],[-0.105678,0.927425,0.358769],[0.0151139,-0.359249,0.933119]],[[0.992371,0.121398,-0.0215082],[-0.111309,0.807193,-0.579698],[-0.0530133,0.57767,0.814547]],[[0.992371,0.121398,-0.0215082],[0.0253859,-0.371916,-0.927919],[-0.120647,0.920294,-0.372161]],[[0.992371,0.121398,-0.0215082],[0.0990013,-0.888626,-0.44782],[-0.0734774,0.442275,-0.893865]]],"btipPosition":[38.8365,280.77,19.2865],"carpPosition":[32.7015,317.823,87.0995],"dipPosition":[37.4641,289.031,2.59063],"direction":[0.120647,-0.920294,0.372161],"extended":false,"handId":451,"id":4513,"length":64.4088,"mcpPosition":[31.755,340.319,28.6667],"pipPosition":[34.1229,314.517,-7.71581],"stabilizedTipPosition":[61.8784,271.596,56.6799],"timeVisible":0.61467,"tipPosition":[38.5393,282.392,14.7132],"tipVelocity":[-55.527,10.9993,-37.8834],"tool":false,"touchDistance":0.333333,"touchZone":"none","type":3,"width":18.0715},{"bases":[[[0.993054,-0.0929232,0.0721747],[0.0520097,0.896909,0.439146],[-0.105541,-0.432342,0.895512]],[[0.963863,-0.160132,0.212898],[0.253867,0.794348,-0.551872],[-0.0807432,0.585977,0.806295]],[[0.963863,-0.160132,0.212898],[0.140034,-0.375299,-0.916265],[0.226624,0.912967,-0.339313]],[[0.963863,-0.160132,0.212898],[-0.0370247,-0.871941,-0.488208],[0.263812,0.462684,-0.846361]]],"btipPosition":[46.4784,293.243,26.2155],"carpPosition":[46.4833,314.719,85.4087],"dipPosition":[51.0243,301.216,11.6314],"direction":[-0.226624,-0.912967,0.339313],"extended":false,"handId":451,"id":4514,"length":50.4953,"mcpPosition":[52.6013,339.78,33.4981],"pipPosition":[55.4554,319.067,4.99685],"stabilizedTipPosition":[76.5785,278.232,80.1144],"timeVisible":0.61467,"tipPosition":[47.4266,294.509,22.6272],"tipVelocity":[-48.8591,9.26781,-90.6777],"tool":false,"touchDistance":0.333333,"touchZone":"none","type":4,"width":16.0525}],"r":[[0.983057,-0.168602,0.0719155],[0.179011,0.967453,-0.178859],[-0.0394188,0.188702,0.981243]],"s":0.786178,"t":[-52.9994,69.3722,-134.327],"timestamp":521667398726},false],[3,{"currentFrameRate":106.293,"devices":[],"gestures":[],"hands":[{"armBasis":[[0.842313,0.484671,-0.235802],[-0.275829,0.763477,0.58397],[0.463063,-0.426845,0.776773]],"armWidth":63.7005,"confidence":0.799362,"direction":[-0.17788,0.448811,-0.875744],"elbow":[158.785,188.902,301.24],"grabStrength":0,"id":451,"palmNormal":[0.29927,-0.823111,-0.482625],"palmPosition":[18.3421,322.137,42.3074],"palmVelocity":[-43.2166,15.3399,-108.323],"palmWidth":90.9622,"pinchStrength":0.754065,"r":[[0.982919,-0.169033,0.0727853],[0.179652,0.967094,-0.180151],[-0.0399388,0.19015,0.980942]],"s":0.787551,"sphereCenter":[28.9095,292.149,1.31401],"sphereRadius":49.0099,"stabilizedPalmPosition":[42.1532,314.551,85.2955],"t":[-53.3242,69.5835,-135.274],"timeVisible":0.623772,"type":"right","wrist":[33.796,304.114,91.5752]}],"id":4129931,"interactionBox":{"center":[0,200,0],"size":[235.247,235.247,147.751]},"pointables":[{"bases":[[[0.074839,0.963797,0.255918],[-0.818865,-0.0870626,0.567345],[0.569087,-0.252022,0.782704]],[[-0.160497,0.983733,-0.08069],[-0.812962,-0.0853877,0.576023],[0.559763,0.158048,0.813441]],[[-0.160497,0.983733,-0.08069],[-0.964583,-0.138984,0.224193],[0.209332,0.113815,0.971198]],[[-0.160497,0.983733,-0.08069],[-0.717425,-0.172412,-0.674963],[-0.677895,-0.0504407,0.733426]]],"btipPosition":[-8.28913,273.19,-1.15057],"carpPosition":[10.9191,283.776,89.7051],"dipPosition":[-24.1495,272.01,16.009],"direction":[-0.209332,-0.113815,-0.971198],"extended":false,"handId":451,"id":4510,"length":52.1005,"mcpPosition":[10.9191,283.776,89.7051],"pipPosition":[-17.0144,275.889,49.1125],"stabilizedTipPosition":[8.66873,266.378,52.8826],"timeVisible":0.623772,"tipPosition":[-12.1792,273.194,2.37393],"tipVelocity":[-44.6268,9.51511,-93.4726],"tool":false,"touchDistance":-0.429215,"touchZone":"touching","type":0,"width":20.2438},{"bases":[[[0.894267,0.41835,-0.158966],[-0.345319,0.87097,0.349522],[0.284677,-0.257672,0.923344]],[[0.923864,0.380969,-0.0365772],[-0.367879,0.910329,0.189649],[0.105548,-0.161754,0.98117]],[[0.923864,0.380969,-0.0365772],[-0.378075,0.923318,0.0674009],[0.0594501,-0.0484403,0.997055]],[[0.923864,0.380969,-0.0365772],[-0.381977,0.923804,-0.0260758],[0.0238561,0.0380621,0.998991]]],"btipPosition":[-16.5895,333.891,-61.5313],"carpPosition":[10.7248,307.472,89.6736],"dipPosition":[-16.182,334.541,-44.4681],"direction":[-0.0594501,0.0484403,-0.997055],"extended":true,"handId":451,"id":4511,"length":58.7895,"mcpPosition":[-10.2124,326.423,21.7643],"pipPosition":[-14.7456,333.371,-20.3763],"stabilizedTipPosition":[5.92226,325.322,-11.5303],"timeVisible":0.623772,"tipPosition":[-16.0265,332.862,-57.6703],"tipVelocity":[-43.0839,16.3454,-110.357],"tool":false,"touchDistance":-0.451959,"touchZone":"touching","type":1,"width":19.3369},{"bases":[[[0.970184,0.225041,-0.0899978],[-0.182828,0.92329,0.337802],[0.159113,-0.311276,0.936905]],[[0.972227,0.220855,-0.0774513],[-0.227061,0.809861,-0.540896],[-0.0567348,0.54346,0.837516]],[[0.972227,0.220855,-0.0774513],[-0.00509809,-0.310866,-0.95044],[-0.233986,0.924438,-0.301106]],[[0.972227,0.220855,-0.0774513],[0.152521,-0.848892,-0.506082],[-0.177519,0.480214,-0.859]]],"btipPosition":[22.4819,274.423,6.7838],"carpPosition":[20.8591,314.201,87.7889],"dipPosition":[19.147,283.444,-9.3536],"direction":[0.233986,-0.924438,0.301106],"extended":false,"handId":451,"id":4512,"length":66.986,"mcpPosition":[9.7615,335.911,22.4429],"pipPosition":[12.4953,309.724,-17.9134],"stabilizedTipPosition":[48.9263,264.504,53.6488],"timeVisible":0.623772,"tipPosition":[21.7893,276.072,2.82339],"tipVelocity":[-45.6238,15.7311,-58.1345],"tool":false,"touchDistance":0.333333,"touchZone":"none","type":2,"width":18.9914},{"bases":[[[0.994028,0.106535,0.0236491],[-0.10788,0.926615,0.360203],[0.0164606,-0.360603,0.932574]],[[0.992038,0.124019,-0.0219235],[-0.114391,0.814468,-0.56882],[-0.0526884,0.566799,0.82217]],[[0.992038,0.124019,-0.0219235],[0.0248434,-0.363359,-0.931318],[-0.123467,0.923358,-0.363547]],[[0.992038,0.124019,-0.0219235],[0.100943,-0.887081,-0.450442],[-0.0753113,0.444642,-0.892536]]],"btipPosition":[38.5693,281.426,17.842],"carpPosition":[32.4208,318.037,86.2247],"dipPosition":[37.1626,289.731,1.17098],"direction":[0.123467,-0.923358,0.363547],"extended":false,"handId":451,"id":4513,"length":64.4088,"mcpPosition":[31.39,340.618,27.8261],"pipPosition":[33.7434,315.302,-8.89692],"stabilizedTipPosition":[61.4766,271.796,55.9544],"timeVisible":0.623772,"tipPosition":[38.2797,282.978,13.5387],"tipVelocity":[-48.5124,28.2291,-71.2012],"tool":false,"touchDistance":0.333333,"touchZone":"none","type":3,"width":18.0715},{"bases":[[[0.993321,-0.0904948,0.0715822],[0.049922,0.896382,0.440463],[-0.104025,-0.433948,0.894913]],[[0.965593,-0.156014,0.208063],[0.247541,0.796624,-0.551466],[-0.0797113,0.583995,0.807834]],[[0.965593,-0.156014,0.208063],[0.136102,-0.378582,-0.915506],[0.221601,0.912324,-0.344322]],[[0.965593,-0.156014,0.208063],[-0.0377099,-0.875603,-0.481557],[0.25731,0.457142,-0.851359]]],"btipPosition":[46.2906,293.766,25.4942],"carpPosition":[46.2097,314.971,84.5229],"dipPosition":[50.7245,301.644,10.824],"direction":[-0.221601,-0.912324,0.344322],"extended":false,"handId":451,"id":4514,"length":50.4953,"mcpPosition":[52.2397,340.126,32.6471],"pipPosition":[55.0574,319.482,4.09149],"stabilizedTipPosition":[76.3971,278.339,79.7551],"timeVisible":0.623772,"tipPosition":[47.2099,294.997,21.8341],"tipVelocity":[-41.8175,21.9671,-88.1118],"tool":false,"touchDistance":0.333333,"touchZone":"none","type":4,"width":16.0525}],"r":[[0.982919,-0.169033,0.0727853],[0.179652,0.967094,-0.180151],[-0.0399388,0.19015,0.980942]],"s":0.787551,"t":[-53.3242,69.5835,-135.274],"timestamp":521667407828},false],[4,{"currentFrameRate":106.523,"devices":[],"gestures":[],"hands":[{"armBasis":[[0.837477,0.491654,-0.238556],[-0.278969,0.760008,0.586996],[0.469903,-0.425046,0.773645]],"armWidth":63.7005,"confidence":0.802344,"direction":[-0.179106,0.449146,-0.875322],"elbow":[160.436,189.076,299.574],"grabStrength":0,"id":451,"palmNormal":[0.303191,-0.821208,-0.483418],"palmPosition":[18.1091,321.821,41.4964],"palmVelocity":[-38.505,1.49514,-103.433],"palmWidth":90.9622,"pinchStrength":0.752401,"r":[[0.982942,-0.168551,0.0735974],[0.179364,0.967006,-0.180911],[-0.0406764,0.191026,0.980742]],"s":0.78913,"sphereCenter":[28.7358,291.952,0.523282],"sphereRadius":48.9734,"stabilizedPalmPosition":[41.8594,314.64,84.7603],"t":[-53.6031,69.5312,-136.152],"timeVisible":0.632737,"type":"right","wrist":[33.6008,303.803,90.754]}],"id":4129932,"interactionBox":{"center":[0,200,0],"size":[235.247,235.247,147.751]},"pointables":[{"bases":[[[0.0704912,0.963787,0.257189],[-0.818937,-0.0912955,0.566576],[0.569538,-0.25056,0.782845]],[[-0.164866,0.983075,-0.0798906],[-0.81282,-0.0895369,0.575593],[0.558698,0.159832,0.813824]],[[-0.164866,0.983075,-0.0798906],[-0.963896,-0.143416,0.224359],[0.209104,0.113995,0.971226]],[[-0.164866,0.983075,-0.0798906],[-0.714805,-0.174901,-0.677099],[-0.679612,-0.054524,0.731543]]],"btipPosition":[-8.29415,272.783,-1.99176],"carpPosition":[10.813,283.369,88.8399],"dipPosition":[-24.1947,271.508,15.1237],"direction":[-0.209104,-0.113995,-0.971226],"extended":false,"handId":451,"id":4510,"length":52.1005,"mcpPosition":[10.813,283.369,88.8399],"pipPosition":[-17.0673,275.393,48.2282],"stabilizedTipPosition":[8.41275,266.454,52.2502],"timeVisible":0.632737,"tipPosition":[-12.1763,272.767,1.52053],"tipVelocity":[-32.8488,-6.18159,-93.8799],"tool":false,"touchDistance":-0.427397,"touchZone":"touching","type":0,"width":20.2438},{"bases":[[[0.892588,0.422388,-0.15772],[-0.349339,0.869037,0.350339],[0.285043,-0.25761,0.923248]],[[0.922251,0.384973,-0.035331],[-0.371928,0.908489,0.190572],[0.105463,-0.162615,0.981037]],[[0.922251,0.384973,-0.035331],[-0.382093,0.921606,0.0681678],[0.0588041,-0.0493681,0.997048]],[[0.922251,0.384973,-0.035331],[-0.385919,0.922182,-0.0254406],[0.0227877,0.0370975,0.999052]]],"btipPosition":[-16.7868,333.554,-62.3549],"carpPosition":[10.517,307.064,88.838],"dipPosition":[-16.3976,334.188,-45.2908],"direction":[-0.0588041,0.0493681,-0.997048],"extended":true,"handId":451,"id":4511,"length":58.7895,"mcpPosition":[-10.4472,326.011,20.9358],"pipPosition":[-14.9767,332.995,-21.1991],"stabilizedTipPosition":[5.66459,325.418,-12.0646],"timeVisible":0.632737,"tipPosition":[-16.2275,332.532,-58.4945],"tipVelocity":[-37.4447,1.46977,-105.292],"tool":false,"touchDistance":-0.447448,"touchZone":"touching","type":1,"width":19.3369},{"bases":[[[0.96928,0.229321,-0.0889335],[-0.187064,0.922069,0.338815],[0.1597,-0.31177,0.93664]],[[0.97134,0.225107,-0.0763291],[-0.229759,0.806884,-0.544196],[-0.0609138,0.546137,0.835479]],[[0.97134,0.225107,-0.0763291],[-0.000480265,-0.319261,-0.947667],[-0.237696,0.920543,-0.310003]],[[0.97134,0.225107,-0.0763291],[0.158677,-0.853179,-0.496897],[-0.176978,0.470544,-0.864446]]],"btipPosition":[22.5022,274.258,6.43668],"carpPosition":[20.6237,313.838,86.9699],"dipPosition":[19.1775,283.098,-9.80303],"direction":[0.237696,-0.920543,0.310003],"extended":false,"handId":451,"id":4512,"length":66.986,"mcpPosition":[9.48518,335.583,21.6424],"pipPosition":[12.4204,309.267,-18.6157],"stabilizedTipPosition":[48.7662,264.574,53.3488],"timeVisible":0.632737,"tipPosition":[21.7938,275.904,2.30119],"tipVelocity":[-32.4456,5.12643,-53.5396],"tool":false,"touchDistance":0.333333,"touchZone":"none","type":2,"width":18.9914},{"bases":[[[0.993541,0.110776,0.0245836],[-0.11215,0.925688,0.361281],[0.0172643,-0.361705,0.932133]],[[0.991495,0.128402,-0.0212157],[-0.11718,0.809864,-0.574794],[-0.0566231,0.572392,0.818023]],[[0.991495,0.128402,-0.0212157],[0.0287112,-0.374812,-0.926656],[-0.126937,0.918166,-0.375311]],[[0.991495,0.128402,-0.0212157],[0.106137,-0.892125,-0.439144],[-0.0753142,0.433158,-0.898166]]],"btipPosition":[38.5401,281.292,17.681],"carpPosition":[32.17,317.726,85.4199],"dipPosition":[37.1334,289.383,0.904811],"direction":[0.126937,-0.918166,0.375311],"extended":false,"handId":451,"id":4513,"length":64.4088,"mcpPosition":[31.0889,340.377,27.0489],"pipPosition":[33.618,314.81,-9.48887],"stabilizedTipPosition":[61.1316,271.964,55.3294],"timeVisible":0.632737,"tipPosition":[38.2422,282.842,13.1644],"tipVelocity":[-36.1269,14.925,-57.369],"tool":false,"touchDistance":0.333333,"touchZone":"none","type":3,"width":18.0715},{"bases":[[[0.993643,-0.0863158,0.0722684],[0.0457165,0.896032,0.441629],[-0.102874,-0.435518,0.894282]],[[0.966964,-0.150677,0.205614],[0.241404,0.800372,-0.548751],[-0.0818837,0.580259,0.810305]],[[0.966964,-0.150677,0.205614],[0.135939,-0.377538,-0.915962],[0.215641,0.913653,-0.344582]],[[0.966964,-0.150677,0.205614],[-0.0347499,-0.876991,-0.479249],[0.252534,0.456272,-0.853254]]],"btipPosition":[46.2632,293.729,24.6836],"carpPosition":[45.9734,314.721,83.7254],"dipPosition":[50.6148,301.591,9.98067],"direction":[-0.215641,-0.913653,0.344582],"extended":false,"handId":451,"id":4514,"length":50.4953,"mcpPosition":[51.9367,339.967,31.8861],"pipPosition":[54.8312,319.456,3.24312],"stabilizedTipPosition":[76.2559,278.422,79.4717],"timeVisible":0.632737,"tipPosition":[47.1494,294.942,21.0292],"tipVelocity":[-31.787,14.7124,-88.9732],"tool":false,"touchDistance":0.333333,"touchZone":"none","type":4,"width":16.0525}],"r":[[0.982942,-0.168551,0.0735974],[0.179364,0.967006,-0.180911],[-0.0406764,0.191026,0.980742]],"s":0.78913,"t":[-53.6031,69.5312,-136.152],"timestamp":521667416793},false],[5,{"currentFrameRate":106.683,"devices":[],"gestures":[],"hands":[{"armBasis":[[0.833206,0.498463,-0.239379],[-0.283536,0.756786,0.588967],[0.474737,-0.422858,0.771891]],"armWidth":63.7005,"confidence":0.809725,"direction":[-0.18058,0.450899,-0.874117],"elbow":[161.6,189.395,297.962],"grabStrength":0,"id":451,"palmNormal":[0.307952,-0.818123,-0.485634],"palmPosition":[17.9237,321.62,40.3977],"palmVelocity":[-33.4986,-5.03015,-108.296],"palmWidth":90.9622,"pinchStrength":0.751323,"r":[[0.983119,-0.167184,0.0743413],[0.17816,0.967232,-0.180889],[-0.0416636,0.19108,0.98069]],"s":0.791291,"sphereCenter":[28.5259,291.996,-0.590178],"sphereRadius":48.9221,"stabilizedPalmPosition":[41.6355,314.705,84.3453],"t":[-53.8352,69.4047,-137.141],"timeVisible":0.641817,"type":"right","wrist":[33.4604,303.532,89.6152]}],"id":4129933,"interactionBox":{"center":[0,200,0],"size":[235.247,235.247,147.751]},"pointables":[{"bases":[[[0.0652045,0.963345,0.260222],[-0.819011,-0.0973106,0.565467],[0.570062,-0.249995,0.782644]],[[-0.170289,0.982334,-0.0775949],[-0.812396,-0.0953912,0.57525],[0.557686,0.160997,0.814289]],[[-0.170289,0.982334,-0.0775949],[-0.962799,-0.149102,0.225361],[0.20981,0.113085,0.97118]],[[-0.170289,0.982334,-0.0775949],[-0.712302,-0.177126,-0.679156],[-0.680902,-0.060382,0.729881]]],"btipPosition":[-8.26901,272.509,-3.19909],"carpPosition":[10.7816,282.985,87.6153],"dipPosition":[-24.1997,271.097,13.8775],"direction":[-0.20981,-0.113085,-0.97118],"extended":false,"handId":451,"id":4510,"length":52.1005,"mcpPosition":[10.7816,282.985,87.6153],"pipPosition":[-17.0483,274.951,46.9804],"stabilizedTipPosition":[8.22665,266.507,51.7789],"timeVisible":0.641817,"tipPosition":[-12.1115,272.474,0.30386],"tipVelocity":[-23.2068,-13.7733,-104.965],"tool":false,"touchDistance":-0.431235,"touchZone":"touching","type":0,"width":20.2438},{"bases":[[[0.890527,0.427522,-0.155521],[-0.354218,0.86612,0.352656],[0.285468,-0.258961,0.922739]],[[0.920268,0.389879,-0.0331962],[-0.376845,0.905939,0.193035],[0.105334,-0.165134,0.98063]],[[0.920268,0.389879,-0.0331962],[-0.386965,0.919394,0.0705126],[0.0580118,-0.0520447,0.996958]],[[0.920268,0.389879,-0.0331962],[-0.390699,0.920226,-0.0232134],[0.0214976,0.0343322,0.999179]]],"btipPosition":[-16.9265,333.488,-63.452],"carpPosition":[10.3618,306.678,87.686],"dipPosition":[-16.5593,334.074,-46.3857],"direction":[-0.0580118,0.0520447,-0.996958],"extended":true,"handId":451,"id":4511,"length":58.7895,"mcpPosition":[-10.6335,325.724,19.8212],"pipPosition":[-15.1576,332.817,-22.2962],"stabilizedTipPosition":[5.47119,325.488,-12.4725],"timeVisible":0.641817,"tipPosition":[-16.3714,332.469,-59.5937],"tipVelocity":[-31.4951,-1.2855,-109.574],"tool":false,"touchDistance":-0.447485,"touchZone":"touching","type":1,"width":19.3369},{"bases":[[[0.968157,0.234647,-0.0872509],[-0.192211,0.920033,0.341459],[0.160396,-0.313816,0.935838]],[[0.970251,0.230353,-0.0745036],[-0.233764,0.811306,-0.535852],[-0.0629901,0.537327,0.841018]],[[0.970251,0.230353,-0.0745036],[0.00177435,-0.314494,-0.949258],[-0.242096,0.920886,-0.305547]],[[0.970251,0.230353,-0.0745036],[0.164283,-0.852476,-0.496281],[-0.177833,0.469278,-0.864959]]],"btipPosition":[22.5061,274.512,4.98764],"carpPosition":[20.435,313.511,85.8489],"dipPosition":[19.1653,283.328,-11.2617],"direction":[0.242096,-0.920886,0.305547],"extended":false,"handId":451,"id":4512,"length":66.986,"mcpPosition":[9.24786,335.398,20.5773],"pipPosition":[12.2831,309.507,-19.9477],"stabilizedTipPosition":[48.645,264.628,53.1153],"timeVisible":0.641817,"tipPosition":[21.8243,276.076,0.965536],"tipVelocity":[-23.4645,11.2748,-82.9444],"tool":false,"touchDistance":0.333333,"touchZone":"none","type":2,"width":18.9914},{"bases":[[[0.992925,0.115881,0.0259256],[-0.117338,0.923974,0.364012],[0.0182273,-0.364478,0.931033]],[[0.990843,0.133578,-0.0196678],[-0.119507,0.799865,-0.588161],[-0.062834,0.585126,0.808505]],[[0.990843,0.133578,-0.0196678],[0.0360279,-0.401959,-0.914949],[-0.130123,0.905862,-0.40309]],[[0.990843,0.133578,-0.0196678],[0.113751,-0.904339,-0.411377],[-0.0727374,0.405373,-0.911253]]],"btipPosition":[38.5896,281.494,18.0914],"carpPosition":[31.9623,317.464,84.3225],"dipPosition":[37.231,289.066,1.07071],"direction":[0.130123,-0.905862,0.40309],"extended":false,"handId":451,"id":4513,"length":64.4088,"mcpPosition":[30.8209,340.288,26.0203],"pipPosition":[33.6274,314.153,-10.0923],"stabilizedTipPosition":[60.7922,272.132,54.7183],"timeVisible":0.641817,"tipPosition":[38.2884,282.993,13.1154],"tipVelocity":[-24.2866,13.3201,-30.7085],"tool":false,"touchDistance":0.333333,"touchZone":"none","type":3,"width":18.0715},{"bases":[[[0.994008,-0.0813534,0.0730043],[0.0406009,0.894894,0.444428],[-0.101487,-0.438801,0.892835]],[[0.96902,-0.143718,0.200863],[0.233343,0.799253,-0.553846],[-0.080943,0.583558,0.808027]],[[0.96902,-0.143718,0.200863],[0.131552,-0.38797,-0.912236],[0.209033,0.910398,-0.357044]],[[0.96902,-0.143718,0.200863],[-0.0340971,-0.883323,-0.467524],[0.244619,0.446191,-0.860857]]],"btipPosition":[46.2246,293.855,24.1299],"carpPosition":[45.7828,314.536,82.6327],"dipPosition":[50.4398,301.544,9.29602],"direction":[-0.209033,-0.910398,0.357044],"extended":false,"handId":451,"id":4514,"length":50.4953,"mcpPosition":[51.6658,339.972,30.8773],"pipPosition":[54.527,319.344,2.31481],"stabilizedTipPosition":[76.1457,278.488,79.249],"timeVisible":0.641817,"tipPosition":[47.12,295.077,20.2661],"tipVelocity":[-25.1258,13.2595,-82.1453],"tool":false,"touchDistance":0.333333,"touchZone":"none","type":4,"width":16.0525}],"r":[[0.983119,-0.167184,0.0743413],[0.17816,0.967232,-0.180889],[-0.0416636,0.19108,0.98069]],"s":0.791291,"t":[-53.8352,69.4047,-137.141],"timestamp":521667425873},false],[6,{"currentFrameRate":106.898,"devices":[],"gestures":[],"hands":[{"armBasis":[[0.829263,0.503826,-0.241831],[-0.284142,0.752725,0.593859],[0.481234,-0.423751,0.767365]],"armWidth":63.7005,"confidence":0.814773,"direction":[-0.180487,0.450484,-0.874351],"elbow":[163.22,189.072,295.75],"grabStrength":0,"id":451,"palmNormal":[0.309985,-0.817595,-0.48523],"palmPosition":[17.8088,321.505,39.3891],"palmVelocity":[-27.8428,-7.17367,-109.461],"palmWidth":90.9622,"pinchStrength":0.748205,"r":[[0.983305,-0.165723,0.0751484],[0.176877,0.967475,-0.180852],[-0.0427327,0.191125,0.980635]],"s":0.793484,"sphereCenter":[28.332,291.923,-1.54277],"sphereRadius":48.8847,"stabilizedPalmPosition":[41.4729,314.751,84.0383],"t":[-54.0087,69.2838,-138.139],"timeVisible":0.650778,"type":"right","wrist":[33.3267,303.45,88.6248]}],"id":4129934,"interactionBox":{"center":[0,200,0],"size":[235.247,235.247,147.751]},"pointables":[{"bases":[[[0.0631406,0.963488,0.260201],[-0.819429,-0.0987782,0.564605],[0.569693,-0.248866,0.783273]],[[-0.172664,0.981822,-0.0788216],[-0.812232,-0.0966562,0.575271],[0.557196,0.16335,0.814156]],[[-0.172664,0.981822,-0.0788216],[-0.962086,-0.150956,0.227163],[0.211135,0.115056,0.970662]],[[-0.172664,0.981822,-0.0788216],[-0.709697,-0.1795,-0.681256],[-0.683021,-0.0616888,0.727789]]],"btipPosition":[-8.33349,272.231,-4.13845],"carpPosition":[10.6882,282.861,86.6027],"dipPosition":[-24.3137,270.788,12.8892],"direction":[-0.211135,-0.115056,-0.970662],"extended":false,"handId":451,"id":4510,"length":52.1005,"mcpPosition":[10.6882,282.861,86.6027],"pipPosition":[-17.1172,274.71,45.9744],"stabilizedTipPosition":[8.09244,266.542,51.4341],"timeVisible":0.650778,"tipPosition":[-12.1407,272.211,-0.652015],"tipVelocity":[-19.1747,-18.713,-105.271],"tool":false,"touchDistance":-0.430704,"touchZone":"touching","type":0,"width":20.2438},{"bases":[[[0.889897,0.42916,-0.154615],[-0.356198,0.865493,0.352199],[0.284968,-0.258347,0.923066]],[[0.919589,0.391561,-0.032189],[-0.378709,0.905243,0.192652],[0.104574,-0.16497,0.980739]],[[0.919589,0.391561,-0.032189],[-0.388727,0.918689,0.0700137],[0.0569863,-0.0518711,0.997027]],[[0.919589,0.391561,-0.032189],[-0.392358,0.919505,-0.0238019],[0.0202781,0.0345176,0.999198]]],"btipPosition":[-16.9488,333.303,-64.498],"carpPosition":[10.2244,306.553,86.6707],"dipPosition":[-16.6025,333.893,-47.4313],"direction":[-0.0569863,0.0518711,-0.997027],"extended":true,"handId":451,"id":4511,"length":58.7895,"mcpPosition":[-10.7342,325.554,18.7819],"pipPosition":[-15.2255,332.639,-23.3401],"stabilizedTipPosition":[5.33443,325.537,-12.7669],"timeVisible":0.650778,"tipPosition":[-16.4032,332.297,-60.6385],"tipVelocity":[-23.7073,-6.54614,-111.528],"tool":false,"touchDistance":-0.446758,"touchZone":"touching","type":1,"width":19.3369},{"bases":[[[0.967812,0.236435,-0.0862444],[-0.19428,0.919706,0.341169],[0.159984,-0.313432,0.936037]],[[0.969936,0.232069,-0.073265],[-0.234362,0.809641,-0.538104],[-0.0655588,0.539098,0.839688]],[[0.969936,0.232069,-0.073265],[0.00547624,-0.321795,-0.946794],[-0.243297,0.917928,-0.313391]],[[0.969936,0.232069,-0.073265],[0.168245,-0.856972,-0.487126],[-0.175833,0.460155,-0.870253]]],"btipPosition":[22.5071,274.549,4.35511],"carpPosition":[20.2868,313.404,84.8437],"dipPosition":[19.2038,283.194,-11.9937],"direction":[0.243297,-0.917928,0.313391],"extended":false,"handId":451,"id":4512,"length":66.986,"mcpPosition":[9.12845,335.265,19.5582],"pipPosition":[12.2874,309.288,-20.9027],"stabilizedTipPosition":[48.5591,264.666,52.9475],"timeVisible":0.650778,"tipPosition":[21.8263,276.077,0.203844],"tipVelocity":[-16.752,8.11502,-80.2624],"tool":false,"touchDistance":0.333333,"touchZone":"none","type":2,"width":18.9914},{"bases":[[[0.99268,0.117725,0.0269695],[-0.119439,0.923788,0.3638],[0.0179144,-0.364359,0.931086]],[[0.99061,0.135434,-0.0186775],[-0.120152,0.79725,-0.591571],[-0.0652281,0.58826,0.806037]],[[0.99061,0.135434,-0.0186775],[0.0387879,-0.409415,-0.911523],[-0.131098,0.90224,-0.410824]],[[0.99061,0.135434,-0.0186775],[0.116522,-0.907835,-0.402813],[-0.0715106,0.396855,-0.915092]]],"btipPosition":[38.5663,281.521,17.4908],"carpPosition":[31.8084,317.379,83.3291],"dipPosition":[37.2306,288.934,0.398459],"direction":[0.131098,-0.90224,0.410824],"extended":false,"handId":451,"id":4513,"length":64.4088,"mcpPosition":[30.6866,340.195,25.0237],"pipPosition":[33.6001,313.92,-10.9787],"stabilizedTipPosition":[60.5273,272.262,54.2345],"timeVisible":0.650778,"tipPosition":[38.2708,282.989,12.4827],"tipVelocity":[-18.1927,9.37433,-41.1454],"tool":false,"touchDistance":0.333333,"touchZone":"none","type":3,"width":18.0715},{"bases":[[[0.994079,-0.0795024,0.0740677],[0.0384683,0.895009,0.444387],[-0.101621,-0.438907,0.892768]],[[0.970218,-0.13989,0.197755],[0.228865,0.796833,-0.559177],[-0.0793547,0.587783,0.805118]],[[0.970218,-0.13989,0.197755],[0.127407,-0.399636,-0.907777],[0.206019,0.905937,-0.369911]],[[0.970218,-0.13989,0.197755],[-0.035785,-0.890205,-0.454153],[0.239574,0.433551,-0.868699]]],"btipPosition":[46.1754,293.957,23.645],"carpPosition":[45.6361,314.476,81.6543],"dipPosition":[50.3036,301.428,8.676],"direction":[-0.206019,-0.905937,0.369911],"extended":false,"handId":451,"id":4514,"length":50.4953,"mcpPosition":[51.5268,339.919,29.9028],"pipPosition":[54.3319,319.142,1.44319],"stabilizedTipPosition":[76.0631,278.536,79.081],"timeVisible":0.650778,"tipPosition":[47.0752,295.152,19.6281],"tipVelocity":[-20.3645,11.2203,-75.4251],"tool":false,"touchDistance":0.333333,"touchZone":"none","type":4,"width":16.0525}],"r":[[0.983305,-