{"sensorType":"Leap","data":[[0,{"currentFrameRate":105.372,"devices":[],"gestures":[],"hands":[{"armBasis":[[0.873262,0.383279,-0.300851],[-0.210439,0.853564,0.476597],[0.439465,-0.352883,0.826041]],"armWidth":63.7005,"confidence":0.827575,"direction":[-0.157566,0.453335,-0.877303],"elbow":[164.089,210.483,315.499],"grabStrength":0,"id":452,"palmNormal":[0.210126,-0.852664,-0.478342],"palmPosition":[30.5182,324.544,43.4086],"palmVelocity":[-17.7537,-27.2967,-92.7467],"palmWidth":90.9622,"pinchStrength":0.642914,"r":[[0.96831,-0.199377,0.150415],[0.240819,0.904985,-0.350724],[-0.0661969,0.375832,0.92432]],"s":0.868941,"sphereCenter":[36.0161,292.978,1.80904],"sphereRadius":50.6025,"stabilizedPalmPosition":[39.1705,299.493,121.772],"t":[-19.513,94.6048,-157.994],"timeVisible":0.551369,"type":"right","wrist":[45.4696,305.733,92.5363]}],"id":4130440,"interactionBox":{"center":[0,200,0],"size":[235.247,235.247,147.751]},"pointables":[{"bases":[[[0.169582,0.955614,0.240921],[-0.809019,-0.00461398,0.587764],[0.562787,-0.294584,0.772328]],[[-0.0911222,0.988864,-0.117661],[-0.786919,0.000907714,0.617055],[0.610291,0.148817,0.778074]],[[-0.0911222,0.988864,-0.117661],[-0.980936,-0.0687646,0.18176],[0.171645,0.13198,0.976278]],[[-0.0911222,0.988864,-0.117661],[-0.912483,-0.130231,-0.387834],[-0.398838,0.0720235,0.914189]]],"btipPosition":[-6.19562,273.964,-2.00595],"carpPosition":[20.7785,287.574,91.4872],"dipPosition":[-15.527,275.649,19.3828],"direction":[-0.171645,-0.13198,-0.976278],"extended":false,"handId":452,"id":4520,"length":52.1005,"mcpPosition":[20.7785,287.574,91.4872],"pipPosition":[-9.67646,280.148,52.6594],"stabilizedTipPosition":[-7.13504,247.261,90.6396],"timeVisible":0.551369,"tipPosition":[-9.06826,273.866,3.39099],"tipVelocity":[-1.84311,-23.8879,-89.2149],"tool":false,"touchDistance":-0.436133,"touchZone":"hovering","type":0,"width":20.2438},{"bases":[[[0.92474,0.332143,-0.18584],[-0.254875,0.903055,0.345732],[0.282656,-0.272346,0.919746]],[[0.948605,0.302865,-0.0917712],[-0.270084,0.925932,0.264015],[0.164935,-0.22566,0.960143]],[[0.948605,0.302865,-0.0917712],[-0.28781,0.946221,0.147753],[0.131585,-0.113746,0.984757]],[[0.948605,0.302865,-0.0917712],[-0.298791,0.952697,0.0556126],[0.104273,-0.025334,0.994226]]],"btipPosition":[-10.0675,344.088,-58.521],"carpPosition":[22.7654,311.185,91.1376],"dipPosition":[-8.28646,343.656,-41.5392],"direction":[-0.131585,0.113746,-0.984757],"extended":true,"handId":452,"id":4521,"length":58.7895,"mcpPosition":[1.97685,331.215,23.4929],"pipPosition":[-5.10697,340.907,-17.7445],"stabilizedTipPosition":[-10.301,316.427,39.9458],"timeVisible":0.551369,"tipPosition":[-9.48261,342.857,-54.7466],"tipVelocity":[-6.64021,-33.3705,-98.9277],"tool":false,"touchDistance":-0.456282,"touchZone":"hovering","type":1,"width":19.3369},{"bases":[[[0.984236,0.133446,-0.116068],[-0.0885996,0.940009,0.329445],[0.153068,-0.313968,0.937013]],[[0.983293,0.135341,-0.121728],[-0.179709,0.828215,-0.530816],[0.0289755,0.543823,0.8387]],[[0.983293,0.135341,-0.121728],[-0.123261,0.00297759,-0.99237],[-0.133946,0.990795,0.0196102]],[[0.983293,0.135341,-0.121728],[-0.0336675,-0.521968,-0.852301],[-0.17889,0.842159,-0.50869]]],"btipPosition":[28.5221,268.633,-7.84664],"carpPosition":[33.4259,316.927,88.9213],"dipPosition":[25.1615,284.454,-17.403],"direction":[0.133946,-0.990795,-0.0196102],"extended":false,"handId":452,"id":4522,"length":66.986,"mcpPosition":[22.7499,338.825,23.5677],"pipPosition":[21.3537,312.621,-16.8456],"stabilizedTipPosition":[37.6321,245.003,81.9016],"timeVisible":0.551369,"tipPosition":[27.9045,271.949,-9.23419],"tipVelocity":[-18.3359,-33.2781,-84.8938],"tool":false,"touchDistance":-0.410252,"touchZone":"hovering","type":2,"width":18.9914},{"bases":[[[0.999893,0.0145449,-0.00141579],[-0.0131294,0.936653,0.350013],[0.006417,-0.349957,0.936744]],[[0.999234,0.0251934,-0.0299365],[-0.0374491,0.837455,-0.545222],[0.0113345,0.545926,0.837757]],[[0.999234,0.0251934,-0.0299365],[-0.0295872,-0.0141278,-0.999462],[-0.0256028,0.999583,-0.0133716]],[[0.999234,0.0251934,-0.0299365],[-0.0114304,-0.543778,-0.839151],[-0.0374199,0.838851,-0.543074]]],"btipPosition":[45.7488,273.841,1.46598],"carpPosition":[45.249,319.661,87.0309],"dipPosition":[45.0499,289.51,-8.67771],"direction":[0.0256028,-0.999583,0.0133716],"extended":false,"handId":452,"id":4523,"length":64.4088,"mcpPosition":[44.8471,341.576,28.3712],"pipPosition":[44.3409,317.192,-9.04802],"stabilizedTipPosition":[54.86,248.511,90.3428],"timeVisible":0.551369,"tipPosition":[45.6207,277.067,0.0598082],"tipVelocity":[-18.9594,-25.2016,-100.064],"tool":false,"touchDistance":0.333333,"touchZone":"none","type":3,"width":18.0715},{"bases":[[[0.982248,-0.18102,0.049199],[0.143169,0.89289,0.426907],[-0.121208,-0.412284,0.902956]],[[0.934374,-0.264144,0.239111],[0.349454,0.810285,-0.470447],[-0.0694824,0.523131,0.849415]],[[0.934374,-0.264144,0.239111],[0.246982,-0.00351352,-0.969014],[0.256799,0.964477,0.0619559]],[[0.934374,-0.264144,0.239111],[0.0760853,-0.507698,-0.858169],[0.348076,0.820043,-0.454282]]],"btipPosition":[57.1136,287.734,9.29312],"carpPosition":[58.6505,315.315,85.0441],"dipPosition":[63.1115,301.864,1.46514],"direction":[-0.256799,-0.964477,-0.0619559],"extended":false,"handId":452,"id":4524,"length":50.4953,"mcpPosition":[65.6766,339.214,32.702],"pipPosition":[68.1327,320.723,2.67655],"stabilizedTipPosition":[63.9201,260.14,101.136],"timeVisible":0.551369,"tipPosition":[58.1092,290.656,8.50613],"tipVelocity":[-15.3366,-32.3678,-88.521],"tool":false,"touchDistance":-0.411661,"touchZone":"hovering","type":4,"width":16.0525}],"r":[[0.96831,-0.199377,0.150415],[0.240819,0.904985,-0.350724],[-0.0661969,0.375832,0.92432]],"s":0.868941,"t":[-19.513,94.6048,-157.994],"timestamp":521672995213},false],[1,{"currentFrameRate":105.578,"devices":[],"gestures":[],"hands":[{"armBasis":[[0.873568,0.383733,-0.29938],[-0.210711,0.852669,0.478076],[0.438725,-0.35455,0.825721]],"armWidth":63.7005,"confidence":0.828809,"direction":[-0.156972,0.452478,-0.877852],"elbow":[163.729,209.832,314.946],"grabStrength":0,"id":452,"palmNormal":[0.210835,-0.853027,-0.477383],"palmPosition":[30.3937,324.292,42.9116],"palmVelocity":[-16.6319,-27.4072,-82.202],"palmWidth":90.9622,"pinchStrength":0.644561,"r":[[0.968005,-0.19982,0.151784],[0.241836,0.904276,-0.351854],[-0.066947,0.377303,0.923667]],"s":0.868037,"sphereCenter":[36.0069,292.669,1.31428],"sphereRadius":50.6414,"stabilizedPalmPosition":[39.1697,299.495,121.764],"t":[-19.6541,94.3374,-158.608],"timeVisible":0.560459,"type":"right","wrist":[45.3095,305.531,92.0694]}],"id":4130441,"interactionBox":{"center":[0,200,0],"size":[235.247,235.247,147.751]},"pointables":[{"bases":[[[0.16904,0.955894,0.240193],[-0.809522,-0.00436141,0.587074],[0.562227,-0.293681,0.77308]],[[-0.0916594,0.988649,-0.119045],[-0.78832,0.000998918,0.615265],[0.6084,0.150241,0.77928]],[[-0.0916594,0.988649,-0.119045],[-0.980818,-0.0689806,0.182313],[0.172032,0.133473,0.976007]],[[-0.0916594,0.988649,-0.119045],[-0.910528,-0.131611,-0.391941],[-0.40316,0.072469,0.912256]]],"btipPosition":[-6.16623,273.621,-2.4832],"carpPosition":[20.6256,287.363,91.0156],"dipPosition":[-15.5987,275.316,18.8603],"direction":[-0.172032,-0.133473,-0.976007],"extended":false,"handId":452,"id":4520,"length":52.1005,"mcpPosition":[20.6256,287.363,91.0156],"pipPosition":[-9.73499,279.866,52.1277],"stabilizedTipPosition":[-7.13506,247.262,90.6378],"timeVisible":0.560459,"tipPosition":[-9.06104,273.562,2.88527],"tipVelocity":[-1.14589,-27.6658,-79.3657],"tool":false,"touchDistance":-0.428167,"touchZone":"hovering","type":0,"width":20.2438},{"bases":[[[0.924783,0.332298,-0.185349],[-0.255488,0.903281,0.344688],[0.281962,-0.271407,0.920237]],[[0.948581,0.303108,-0.0912145],[-0.270564,0.925982,0.263347],[0.164286,-0.225127,0.960379]],[[0.948581,0.303108,-0.0912145],[-0.288251,0.946244,0.146741],[0.13079,-0.112903,0.98496]],[[0.948581,0.303108,-0.0912145],[-0.299184,0.952648,0.0543205],[0.10336,-0.0242374,0.994349]]],"btipPosition":[-10.1146,343.746,-59.0656],"carpPosition":[22.6045,310.974,90.6462],"dipPosition":[-8.34916,343.332,-42.0818],"direction":[-0.13079,0.112903,-0.98496],"extended":true,"handId":452,"id":4521,"length":58.7895,"mcpPosition":[1.86706,330.935,22.9654],"pipPosition":[-5.18889,340.604,-18.2822],"stabilizedTipPosition":[-10.3009,316.429,39.9387],"timeVisible":0.560459,"tipPosition":[-9.53489,342.534,-55.2888],"tipVelocity":[-6.34576,-34.4162,-88.1104],"tool":false,"touchDistance":-0.447149,"touchZone":"hovering","type":1,"width":19.3369},{"bases":[[[0.984288,0.133686,-0.115345],[-0.089212,0.940278,0.32851],[0.152374,-0.313058,0.937431]],[[0.983204,0.135861,-0.121865],[-0.180139,0.829646,-0.52843],[0.0293114,0.541507,0.840185]],[[0.983204,0.135861,-0.121865],[-0.123652,0.00476512,-0.992314],[-0.134236,0.990716,0.0214847]],[[0.983204,0.135861,-0.121865],[-0.0335718,-0.521695,-0.852471],[-0.179394,0.842244,-0.508372]]],"btipPosition":[28.4111,268.473,-8.49412],"carpPosition":[33.2649,316.718,88.4338],"dipPosition":[25.041,284.296,-18.0445],"direction":[0.134236,-0.990716,-0.0214847],"extended":false,"handId":452,"id":4522,"length":66.986,"mcpPosition":[22.6373,338.552,23.0511],"pipPosition":[21.225,312.46,-17.4338],"stabilizedTipPosition":[37.6295,245.01,81.8774],"timeVisible":0.560459,"tipPosition":[27.7981,271.761,-9.86316],"tipVelocity":[-16.7059,-28.9378,-81.0681],"tool":false,"touchDistance":-0.407252,"touchZone":"hovering","type":2,"width":18.9914},{"bases":[[[0.999889,0.0148951,-0.000571114],[-0.0137583,0.936968,0.349145],[0.00573565,-0.349099,0.937068]],[[0.999213,0.0258727,-0.0300574],[-0.038068,0.838232,-0.543983],[0.0111208,0.544699,0.838558]],[[0.999213,0.0258727,-0.0300574],[-0.029756,-0.0119574,-0.999486],[-0.0262188,0.999594,-0.0111781]],[[0.999213,0.0258727,-0.0300574],[-0.011237,-0.542136,-0.840216],[-0.0380339,0.839892,-0.541419]]],"btipPosition":[45.6693,273.616,0.838374],"carpPosition":[45.0887,319.454,86.551],"dipPosition":[44.9589,289.304,-9.2744],"direction":[0.0262188,-0.999594,0.0111781],"extended":false,"handId":452,"id":4523,"length":64.4088,"mcpPosition":[44.7295,341.315,27.871],"pipPosition":[44.2328,316.986,-9.58396],"stabilizedTipPosition":[54.8588,248.515,90.3309],"timeVisible":0.560459,"tipPosition":[45.5389,276.85,-0.5573],"tipVelocity":[-16.2132,-24.9541,-91.2576],"tool":false,"touchDistance":0.333333,"touchZone":"none","type":3,"width":18.0715},{"bases":[[[0.982269,-0.18063,0.0502072],[0.14249,0.89333,0.426213],[-0.121838,-0.411502,0.903228]],[[0.934784,-0.263012,0.238753],[0.347915,0.813487,-0.466041],[-0.0716484,0.518713,0.851941]],[[0.934784,-0.263012,0.238753],[0.247762,0.00112109,-0.96882],[0.254544,0.964792,0.0662124]],[[0.934784,-0.263012,0.238753],[0.0772147,-0.50561,-0.8593],[0.346722,0.821695,-0.452328]]],"btipPosition":[57.1371,287.606,8.60679],"carpPosition":[58.4934,315.111,84.5798],"dipPosition":[63.1116,301.765,0.812486],"direction":[-0.254544,-0.964792,-0.0662124],"extended":false,"handId":452,"id":4524,"length":50.4953,"mcpPosition":[65.556,338.965,32.2219],"pipPosition":[68.0887,320.63,2.10712],"stabilizedTipPosition":[63.9192,260.145,101.121],"timeVisible":0.560459,"tipPosition":[58.1181,290.508,7.83654],"tipVelocity":[-10.5385,-27.094,-84.6805],"tool":false,"touchDistance":-0.409007,"touchZone":"hovering","type":4,"width":16.0525}],"r":[[0.968005,-0.19982,0.151784],[0.241836,0.904276,-0.351854],[-0.066947,0.377303,0.923667]],"s":0.868037,"t":[-19.6541,94.3374,-158.608],"timestamp":521673004303},false],[2,{"currentFrameRate":105.806,"devices":[],"gestures":[],"hands":[{"armBasis":[[0.875601,0.380634,-0.297391],[-0.209913,0.854339,0.475438],[0.435041,-0.353868,0.82796]],"armWidth":63.7005,"confidence":0.831079,"direction":[-0.15637,0.452454,-0.877971],"elbow":[162.642,209.75,315.088],"grabStrength":0,"id":452,"palmNormal":[0.209608,-0.853457,-0.477153],"palmPosition":[30.3253,324.034,42.4449],"palmVelocity":[-14.1384,-27.7338,-73.7979],"palmWidth":90.9622,"pinchStrength":0.6452,"r":[[0.967704,-0.200437,0.152882],[0.242902,0.903618,-0.352809],[-0.0674308,0.37855,0.923121]],"s":0.867112,"sphereCenter":[35.9623,292.362,0.812978],"sphereRadius":50.6969,"stabilizedPalmPosition":[39.1684,299.499,121.754],"t":[-19.7588,94.0745,-159.148],"timeVisible":0.56949,"type":"right","wrist":[45.2167,305.266,91.6072]}],"id":4130442,"interactionBox":{"center":[0,200,0],"size":[235.247,235.247,147.751]},"pointables":[{"bases":[[[0.170402,0.955721,0.239918],[-0.809502,-0.00305242,0.58711],[0.561845,-0.294259,0.773137]],[[-0.0903167,0.988731,-0.119387],[-0.789118,0.00208515,0.614238],[0.607565,0.149687,0.780038]],[[-0.0903167,0.988731,-0.119387],[-0.980705,-0.0674268,0.183496],[0.173378,0.133657,0.975744]],[[-0.0903167,0.988731,-0.119387],[-0.909579,-0.130714,-0.394436],[-0.405597,0.0729681,0.911135]]],"btipPosition":[-6.23196,273.399,-2.94182],"carpPosition":[20.5071,287.132,90.5596],"dipPosition":[-15.7215,275.107,18.3755],"direction":[-0.173378,-0.133657,-0.975744],"extended":false,"handId":452,"id":4520,"length":52.1005,"mcpPosition":[20.5071,287.132,90.5596],"pipPosition":[-9.81184,279.662,51.6339],"stabilizedTipPosition":[-7.13511,247.263,90.6348],"timeVisible":0.56949,"tipPosition":[-9.13788,273.363,2.41035],"tipVelocity":[-3.23452,-26.7108,-71.6785],"tool":false,"touchDistance":-0.420654,"touchZone":"hovering","type":0,"width":20.2438},{"bases":[[[0.925244,0.330938,-0.185483],[-0.254195,0.903738,0.344446],[0.281618,-0.271548,0.920301]],[[0.949008,0.301736,-0.0913243],[-0.269107,0.926254,0.263883],[0.164212,-0.225851,0.960222]],[[0.949008,0.301736,-0.0913243],[-0.286857,0.946654,0.146831],[0.130757,-0.113147,0.984937]],[[0.949008,0.301736,-0.0913243],[-0.297834,0.953088,0.0540258],[0.103342,-0.0240715,0.994355]]],"btipPosition":[-10.1702,343.557,-59.5258],"carpPosition":[22.5194,310.74,90.1835],"dipPosition":[-8.40509,343.146,-42.5418],"direction":[-0.130757,0.113147,-0.984937],"extended":true,"handId":452,"id":4521,"length":58.7895,"mcpPosition":[1.80718,330.712,22.498],"pipPosition":[-5.24562,340.412,-18.7428],"stabilizedTipPosition":[-10.3009,316.432,39.9292],"timeVisible":0.56949,"tipPosition":[-9.59316,342.363,-55.7487],"tipVelocity":[-6.29629,-30.6916,-77.877],"tool":false,"touchDistance":-0.43767,"touchZone":"hovering","type":1,"width":19.3369},{"bases":[[[0.984471,0.132262,-0.115425],[-0.0878679,0.940495,0.328251],[0.151972,-0.313011,0.937512]],[[0.983165,0.134876,-0.123264],[-0.179851,0.833376,-0.522626],[0.0322358,0.535997,0.843604]],[[0.983165,0.134876,-0.123264],[-0.125859,0.0108527,-0.991989],[-0.132458,0.990803,0.0276454]],[[0.983165,0.134876,-0.123264],[-0.0360045,-0.518383,-0.85439],[-0.179135,0.844445,-0.5048]]],"btipPosition":[28.1657,268.442,-9.3715],"carpPosition":[33.1877,316.468,87.9691],"dipPosition":[24.8004,284.306,-18.8548],"direction":[0.132458,-0.990803,-0.0276454],"extended":false,"handId":452,"id":4522,"length":66.986,"mcpPosition":[22.5882,338.3,22.5807],"pipPosition":[21.0349,312.472,-18.0689],"stabilizedTipPosition":[37.6269,245.017,81.8536],"timeVisible":0.56949,"tipPosition":[27.5697,271.69,-10.6576],"tipVelocity":[-19.5563,-21.6285,-85.0268],"tool":false,"touchDistance":-0.407789,"touchZone":"hovering","type":2,"width":18.9914},{"bases":[[[0.999909,0.0134809,-0.0006186],[-0.0124181,0.937084,0.348884],[0.00528295,-0.348844,0.937166]],[[0.999219,0.0247225,-0.0308375],[-0.0375112,0.839001,-0.542836],[0.0124524,0.543569,0.839272]],[[0.999219,0.0247225,-0.0308375],[-0.0305933,-0.0101953,-0.99948],[-0.0250241,0.999642,-0.00943094]],[[0.999219,0.0247225,-0.0308375],[-0.0125744,-0.540837,-0.841034],[-0.0374705,0.840764,-0.540103]]],"btipPosition":[45.5212,273.366,0.261363],"carpPosition":[45.0153,319.188,86.085],"dipPosition":[44.8213,289.07,-9.82685],"direction":[0.0250241,-0.999642,0.00943094],"extended":false,"handId":452,"id":4523,"length":64.4088,"mcpPosition":[44.6845,341.033,27.3989],"pipPosition":[44.1283,316.754,-10.088],"stabilizedTipPosition":[54.8574,248.519,90.3177],"timeVisible":0.56949,"tipPosition":[45.3936,276.607,-1.13308],"tipVelocity":[-16.1911,-25.5869,-83.5493],"tool":false,"touchDistance":0.333333,"touchZone":"none","type":3,"width":18.0715},{"bases":[[[0.982015,-0.182005,0.0502152],[0.143771,0.893247,0.425957],[-0.122381,-0.411076,0.903349]],[[0.934943,-0.263684,0.237387],[0.347287,0.817081,-0.460186],[-0.0726209,0.512689,0.855498]],[[0.934943,-0.263684,0.237387],[0.248547,0.0092897,-0.968575],[0.253192,0.964564,0.074223]],[[0.934943,-0.263684,0.237387],[0.0781466,-0.499602,-0.862723],[0.346085,0.825148,-0.446493]]],"btipPosition":[57.1607,287.453,7.7515],"carpPosition":[58.4138,314.825,84.1143],"dipPosition":[63.1243,301.672,0.0577417],"direction":[-0.253192,-0.964565,-0.074223],"extended":false,"handId":452,"id":4524,"length":50.4953,"mcpPosition":[65.5079,338.654,31.7495],"pipPosition":[68.0749,320.531,1.50901],"stabilizedTipPosition":[63.9184,260.15,101.107],"timeVisible":0.56949,"tipPosition":[58.1248,290.349,7.04339],"tipVelocity":[-6.99363,-23.8828,-86.7362],"tool":false,"touchDistance":-0.408922,"touchZone":"hovering","type":4,"width":16.0525}],"r":[[0.967704,-0.200437,0.152882],[0.242902,0.903618,-0.352809],[-0.0674308,0.37855,0.923121]],"s":0.867112,"t":[-19.7588,94.0745,-159.148],"timestamp":521673013334},false],[3,{"currentFrameRate":106.038,"devices":[],"gestures":[],"hands":[{"armBasis":[[0.876676,0.379588,-0.295555],[-0.209978,0.854663,0.474827],[0.432838,-0.354209,0.828967]],"armWidth":63.7005,"confidence":0.835406,"direction":[-0.155738,0.452694,-0.87796],"elbow":[161.979,209.434,315.035],"grabStrength":0,"id":452,"palmNormal":[0.209554,-0.853434,-0.477219],"palmPosition":[30.2898,323.826,42.1161],"palmVelocity":[-11.337,-26.4723,-63.5575],"palmWidth":90.9622,"pinchStrength":0.645199,"r":[[0.967432,-0.201006,0.153856],[0.243858,0.903087,-0.353508],[-0.0678881,0.379514,0.922692]],"s":0.866378,"sphereCenter":[35.9926,292.145,0.45308],"sphereRadius":50.7362,"stabilizedPalmPosition":[39.1668,299.503,121.738],"t":[-19.829,93.8389,-159.583],"timeVisible":0.578493,"type":"right","wrist":[45.1482,305.042,91.2825]}],"id":4130443,"interactionBox":{"center":[0,200,0],"size":[235.247,235.247,147.751]},"pointables":[{"bases":[[[0.17062,0.955609,0.240209],[-0.809816,-0.00288234,0.586677],[0.561326,-0.294623,0.773376]],[[-0.0897961,0.988814,-0.119092],[-0.790016,0.00209592,0.613082],[0.606474,0.149137,0.780991]],[[-0.0897961,0.988814,-0.119092],[-0.980707,-0.0669393,0.183666],[0.17364,0.133286,0.975748]],[[-0.0897961,0.988814,-0.119092],[-0.909295,-0.13018,-0.395267],[-0.406349,0.0727959,0.910814]]],"btipPosition":[-6.24332,273.229,-3.32374],"carpPosition":[20.4326,286.917,90.2179],"dipPosition":[-15.7504,274.932,17.9861],"direction":[-0.17364,-0.133286,-0.975748],"extended":false,"handId":452,"id":4520,"length":52.1005,"mcpPosition":[20.4326,286.917,90.2179],"pipPosition":[-9.83189,279.475,51.2446],"stabilizedTipPosition":[-7.13517,247.264,90.6303],"timeVisible":0.578493,"tipPosition":[-9.14125,273.196,2.02437],"tipVelocity":[-2.81626,-24.6114,-63.6954],"tool":false,"touchDistance":-0.412676,"touchZone":"hovering","type":0,"width":20.2438},{"bases":[[[0.925462,0.330643,-0.184919],[-0.254053,0.903758,0.344499],[0.281028,-0.271841,0.920394]],[[0.94916,0.30142,-0.0907801],[-0.268769,0.926093,0.264791],[0.163884,-0.22693,0.960023]],[[0.94916,0.30142,-0.0907801],[-0.286559,0.94669,0.147181],[0.130304,-0.113685,0.984935]],[[0.94916,0.30142,-0.0907801],[-0.297544,0.953186,0.0538949],[0.102775,-0.0241438,0.994412]]],"btipPosition":[-10.1579,343.424,-59.8608],"carpPosition":[22.4536,310.525,89.8478],"dipPosition":[-8.40244,343.011,-42.8758],"direction":[-0.130304,0.113685,-0.984935],"extended":true,"handId":452,"id":4521,"length":58.7895,"mcpPosition":[1.78479,330.518,22.1555],"pipPosition":[-5.25391,340.264,-19.0768],"stabilizedTipPosition":[-10.3008,316.435,39.9174],"timeVisible":0.578493,"tipPosition":[-9.58315,342.247,-56.0838],"tipVelocity":[-4.25886,-26.3365,-66.6998],"tool":false,"touchDistance":-0.427257,"touchZone":"hovering","type":1,"width":19.3369},{"bases":[[[0.984581,0.13193,-0.114872],[-0.0877035,0.940458,0.3284],[0.151358,-0.313262,0.937528]],[[0.983121,0.134857,-0.123642],[-0.179909,0.835424,-0.519326],[0.0332586,0.532805,0.845584]],[[0.983121,0.134857,-0.123642],[-0.126751,0.0146878,-0.991826],[-0.131938,0.990756,0.0315331]],[[0.983121,0.134857,-0.123642],[-0.0368697,-0.515897,-0.855857],[-0.179204,0.845969,-0.502217]]],"btipPosition":[28.0832,268.367,-9.95587],"carpPosition":[33.1252,316.249,87.6403],"dipPosition":[24.7166,284.26,-19.3906],"direction":[0.131938,-0.990756,-0.0315331],"extended":false,"handId":452,"id":4522,"length":66.986,"mcpPosition":[22.5685,338.098,22.2508],"pipPosition":[20.9659,312.425,-18.4942],"stabilizedTipPosition":[37.6245,245.023,81.8318],"timeVisible":0.578493,"tipPosition":[27.4916,271.609,-11.2162],"tipVelocity":[-16.7094,-17.7711,-79.1605],"tool":false,"touchDistance":-0.403942,"touchZone":"hovering","type":2,"width":18.9914},{"bases":[[[0.999914,0.0131197,-0.0000817146],[-0.0122659,0.937015,0.349073],[0.00465628,-0.349042,0.937096]],[[0.999232,0.0244765,-0.0305909],[-0.0371589,0.839526,-0.542048],[0.0124144,0.542769,0.839791]],[[0.999232,0.0244765,-0.0305909],[-0.0303575,-0.00985107,-0.999491],[-0.0247654,0.999652,-0.00910046]],[[0.999232,0.0244765,-0.0305909],[-0.0124922,-0.541008,-0.840925],[-0.0371328,0.840661,-0.540287]]],"btipPosition":[45.4881,273.193,-0.085032],"carpPosition":[44.9548,318.965,85.7631],"dipPosition":[44.7945,288.895,-10.1767],"direction":[0.0247654,-0.999652,0.00910046],"extended":false,"handId":452,"id":4523,"length":64.4088,"mcpPosition":[44.6632,340.822,27.0814],"pipPosition":[44.1087,316.579,-10.4287],"stabilizedTipPosition":[54.8559,248.523,90.3028],"timeVisible":0.578493,"tipPosition":[45.3614,276.432,-1.49974],"tipVelocity":[-12.7083,-23.8503,-71.1934],"tool":false,"touchDistance":0.333333,"touchZone":"none","type":3,"width":18.0715},{"bases":[[[0.981922,-0.18237,0.0507017],[0.143866,0.893106,0.42622],[-0.123012,-0.411221,0.903197]],[[0.935018,-0.263737,0.237031],[0.346724,0.82008,-0.455248],[-0.0743184,0.50785,0.858234]],[[0.935018,-0.263737,0.237031],[0.249928,0.0159632,-0.968133],[0.251549,0.964463,0.0808411]],[[0.935018,-0.263737,0.237031],[0.0798826,-0.494601,-0.865441],[0.345484,0.828138,-0.441393]]],"btipPosition":[57.2387,287.356,7.13059],"carpPosition":[58.3527,314.598,83.7987],"dipPosition":[63.1919,301.626,-0.475281],"direction":[-0.251549,-0.964463,-0.0808411],"extended":false,"handId":452,"id":4524,"length":50.4953,"mcpPosition":[65.4834,338.435,31.4426],"pipPosition":[68.1104,320.484,1.10539],"stabilizedTipPosition":[63.9177,260.154,101.095],"timeVisible":0.578493,"tipPosition":[58.1964,290.254,6.45465],"tipVelocity":[-2.76511,-19.9295,-81.2389],"tool":false,"touchDistance":-0.405374,"touchZone":"hovering","type":4,"width":16.0525}],"r":[[0.967432,-0.201006,0.153856],[0.243858,0.903087,-0.353508],[-0.0678881,0.379514,0.922692]],"s":0.866378,"t":[-19.829,93.8389,-159.583],"timestamp":521673022337},false],[4,{"currentFrameRate":106.183,"devices":[],"gestures":[],"hands":[{"armBasis":[[0.876682,0.378168,-0.297352],[-0.208926,0.856067,0.472756],[0.433335,-0.352332,0.829508]],"armWidth":63.7005,"confidence":0.836276,"direction":[-0.154027,0.452038,-0.878599],"elbow":[161.846,209.666,314.176],"grabStrength":0,"id":452,"palmNormal":[0.208343,-0.854359,-0.476092],"palmPosition":[30.1062,323.526,41.0768],"palmVelocity":[-13.7661,-28.2275,-77.4894],"palmWidth":90.9622,"pinchStrength":0.645477,"r":[[0.967105,-0.201803,0.154863],[0.245041,0.902489,-0.354216],[-0.0682796,0.380512,0.922252]],"s":0.865596,"sphereCenter":[35.8673,291.78,-0.582407],"sphereRadius":50.7782,"stabilizedPalmPosition":[39.1647,299.509,121.72],"t":[-19.9558,93.5712,-160.319],"timeVisible":0.587643,"type":"right","wrist":[44.8816,304.766,90.2776]}],"id":4130444,"interactionBox":{"center":[0,200,0],"size":[235.247,235.247,147.751]},"pointables":[{"bases":[[[0.172252,0.955537,0.23933],[-0.810374,-0.000667438,0.585913],[0.560021,-0.294872,0.774227]],[[-0.0875603,0.988908,-0.119978],[-0.791469,0.00407386,0.611196],[0.604905,0.148475,0.782333]],[[-0.0875603,0.988908,-0.119978],[-0.98089,-0.0645837,0.183532],[0.173747,0.133755,0.975665]],[[-0.0875603,0.988908,-0.119978],[-0.908764,-0.128629,-0.396993],[-0.408022,0.0742708,0.909946]]],"btipPosition":[-6.43034,272.983,-4.37614],"carpPosition":[20.1318,286.689,89.2094],"dipPosition":[-15.9766,274.721,16.9134],"direction":[-0.173747,-0.133755,-0.975665],"extended":false,"handId":452,"id":4520,"length":52.1005,"mcpPosition":[20.1318,286.689,89.2094],"pipPosition":[-10.0544,279.28,50.1691],"stabilizedTipPosition":[-7.13526,247.266,90.6248],"timeVisible":0.587643,"tipPosition":[-9.33004,272.963,0.965209],"tipVelocity":[-7.9972,-24.9932,-78.1279],"tool":false,"touchDistance":-0.415598,"touchZone":"hovering","type":0,"width":20.2438},{"bases":[[[0.926278,0.32864,-0.184403],[-0.252619,0.904625,0.343275],[0.279629,-0.271384,0.920955]],[[0.94982,0.29949,-0.09026],[-0.267035,0.926642,0.264626],[0.162892,-0.227245,0.960118]],[[0.94982,0.29949,-0.09026],[-0.284783,0.94733,0.146507],[0.129383,-0.113451,0.985083]],[[0.94982,0.29949,-0.09026],[-0.295733,0.953812,0.0527761],[0.101897,-0.023435,0.994519]]],"btipPosition":[-10.2296,343.153,-60.9438],"carpPosition":[22.1991,310.292,88.8155],"dipPosition":[-8.48919,342.753,-43.9571],"direction":[-0.129383,0.113451,-0.985083],"extended":true,"handId":452,"id":4521,"length":58.7895,"mcpPosition":[1.63319,330.252,21.0819],"pipPosition":[-5.36289,340.012,-20.1545],"stabilizedTipPosition":[-10.3008,316.438,39.9047],"timeVisible":0.587643,"tipPosition":[-9.65802,341.995,-57.1661],"tipVelocity":[-5.36127,-27.1489,-81.0743],"tool":false,"touchDistance":-0.429105,"touchZone":"hovering","type":1,"width":19.3369},{"bases":[[[0.984944,0.129889,-0.114083],[-0.0861829,0.940984,0.327293],[0.149862,-0.312533,0.938011]],[[0.98332,0.133155,-0.1239],[-0.178467,0.837763,-0.516046],[0.0350846,0.52955,0.847553]],[[0.98332,0.133155,-0.1239],[-0.127568,0.0193429,-0.991641],[-0.129646,0.990906,0.0360066]],[[0.98332,0.133155,-0.1239],[-0.0386207,-0.512814,-0.85763],[-0.177736,0.84811,-0.499118]]],"btipPosition":[27.7655,268.173,-11.2983],"carpPosition":[32.8839,315.993,86.6118],"dipPosition":[24.4265,284.106,-20.6748],"direction":[0.129646,-0.990906,-0.0360066],"extended":false,"handId":452,"id":4522,"length":66.986,"mcpPosition":[22.4315,337.792,21.1887],"pipPosition":[20.741,312.275,-19.6513],"stabilizedTipPosition":[37.6222,245.029,81.8118],"timeVisible":0.587643,"tipPosition":[27.188,271.404,-12.5013],"tipVelocity":[-21.5331,-18.4523,-97.5626],"tool":false,"touchDistance":-0.411816,"touchZone":"hovering","type":2,"width":18.9914},{"bases":[[[0.999937,0.0111744,0.000850549],[-0.0107717,0.937417,0.348041],[0.00309181,-0.348028,0.937479]],[[0.999243,0.0231033,-0.0313004],[-0.0363534,0.841014,-0.539791],[0.0138531,0.54052,0.841217]],[[0.999243,0.0231033,-0.0313004],[-0.0311681,-0.00606619,-0.999496],[-0.0232815,0.999715,-0.00534151]],[[0.999243,0.0231033,-0.0313004],[-0.0139554,-0.538151,-0.842733],[-0.0363142,0.842532,-0.537421]]],"btipPosition":[45.2312,272.912,-1.35059],"carpPosition":[44.7205,318.684,84.7429],"dipPosition":[44.5529,288.649,-11.3887],"direction":[0.0232815,-0.999715,0.00534151],"extended":false,"handId":452,"id":4523,"length":64.4088,"mcpPosition":[44.5269,340.478,26.0371],"pipPosition":[43.9081,316.335,-11.5366],"stabilizedTipPosition":[54.8543,248.528,90.2874],"timeVisible":0.587643,"tipPosition":[45.1087,276.153,-2.71851],"tipVelocity":[-16.8822,-25.5026,-89.5082],"tool":false,"touchDistance":0.333333,"touchZone":"none","type":3,"width":18.0715},{"bases":[[[0.981517,-0.184224,0.0518296],[0.145202,0.893289,0.425384],[-0.124665,-0.409996,0.903528]],[[0.934332,-0.265238,0.238061],[0.348473,0.819991,-0.454071],[-0.0747712,0.507211,0.858572]],[[0.934332,-0.265238,0.238061],[0.251139,0.0160097,-0.967819],[0.252891,0.96405,0.0815699]],[[0.934332,-0.265238,0.238061],[0.0799268,-0.495005,-0.865206],[0.347327,0.827417,-0.441299]]],"btipPosition":[57.0516,287.019,6.08085],"carpPosition":[58.1118,314.289,82.7959],"dipPosition":[63.0366,301.276,-1.52341],"direction":[-0.252891,-0.96405,-0.0815699],"extended":false,"handId":452,"id":4524,"length":50.4953,"mcpPosition":[65.3383,338.055,30.4207],"pipPosition":[67.9813,320.126,0.0715145],"stabilizedTipPosition":[63.9171,260.157,101.083],"timeVisible":0.587643,"tipPosition":[58.0222,289.914,5.38059],"tipVelocity":[-7.46738,-24.7221,-90.5522],"tool":false,"touchDistance":-0.40891,"touchZone":"hovering","type":4,"width":16.0525}],"r":[[0.967105,-0.201803,0.154863],[0.245041,0.902489,-0.354216],[-0.0682796,0.380512,0.922252]],"s":0.865596,"t":[-19.9558,93.5712,-160.319],"timestamp":521673031487},false],[5,{"currentFrameRate":106.427,"devices":[],"gestures":[],"hands":[{"armBasis":[[0.877242,0.37546,-0.299125],[-0.206484,0.857649,0.470959],[0.433371,-0.351381,0.829892]],"armWidth":63.7005,"confidence":0.840383,"direction":[-0.153358,0.450469,-0.879522],"elbow":[161.732,209.749,313.415],"grabStrength":0,"id":452,"palmNormal":[0.205905,-0.855947,-0.474297],"palmPosition":[30.0028,323.28,40.178],"palmVelocity":[-13.1626,-28.0145,-83.7614],"palmWidth":90.9622,"pinchStrength":0.648327,"r":[[0.966757,-0.202864,0.155653],[0.246408,0.901725,-0.355211],[-0.0682967,0.381757,0.921736]],"s":0.864841,"sphereCenter":[35.7224,291.425,-1.42839],"sphereRadius":50.8007,"stabilizedPalmPosition":[39.1626,299.514,121.702],"t":[-20.0709,93.3145,-161.137],"timeVisible":0.596591,"type":"right","wrist":[44.7573,304.593,89.4126]}],"id":4130445,"interactionBox":{"center":[0,200,0],"size":[235.247,235.247,147.751]},"pointables":[{"bases":[[[0.174818,0.955626,0.237103],[-0.810051,0.00270511,0.586353],[0.559693,-0.29457,0.774579]],[[-0.0849865,0.988888,-0.121972],[-0.792295,0.00715954,0.610096],[0.60419,0.148487,0.782883]],[[-0.0849865,0.988888,-0.121972],[-0.980828,-0.0614853,0.18492],[0.175366,0.135349,0.975155]],[[-0.0849865,0.988888,-0.121972],[-0.907585,-0.127347,-0.400089],[-0.411176,0.0766975,0.908323]]],"btipPosition":[-6.54682,272.759,-5.15951],"carpPosition":[19.961,286.576,88.3981],"dipPosition":[-16.1669,274.553,16.092],"direction":[-0.175366,-0.135349,-0.975155],"extended":false,"handId":452,"id":4520,"length":52.1005,"mcpPosition":[19.961,286.576,88.3981],"pipPosition":[-10.1895,279.167,49.3304],"stabilizedTipPosition":[-7.13537,247.267,90.6189],"timeVisible":0.596591,"tipPosition":[-9.47443,272.765,0.163812],"tipVelocity":[-9.88747,-24.6149,-80.9682],"tool":false,"touchDistance":-0.414253,"touchZone":"hovering","type":0,"width":20.2438},{"bases":[[[0.927011,0.325866,-0.185639],[-0.250124,0.906029,0.341392],[0.279442,-0.270041,0.921406]],[[0.950527,0.296872,-0.0914622],[-0.264361,0.927674,0.263695],[0.163131,-0.226471,0.96026]],[[0.950527,0.296872,-0.0914622],[-0.282224,0.948318,0.145062],[0.1298,-0.112073,0.985186]],[[0.950527,0.296872,-0.0914622],[-0.293269,0.954674,0.0508989],[0.102427,-0.0215577,0.994507]]],"btipPosition":[-10.3562,342.837,-61.8505],"carpPosition":[22.0882,310.173,87.9504],"dipPosition":[-8.60669,342.469,-44.8639],"direction":[-0.1298,0.112073,-0.985186],"extended":true,"handId":452,"id":4521,"length":58.7895,"mcpPosition":[1.53602,330.034,20.1836],"pipPosition":[-5.47033,339.761,-21.0589],"stabilizedTipPosition":[-10.3007,316.442,39.8915],"timeVisible":0.596591,"tipPosition":[-9.78454,341.702,-58.0711],"tipVelocity":[-7.69726,-29.164,-86.6089],"tool":false,"touchDistance":-0.428128,"touchZone":"hovering","type":1,"width":19.3369},{"bases":[[[0.985208,0.127124,-0.114908],[-0.0836055,0.941929,0.325239],[0.149581,-0.310821,0.938624]],[[0.983489,0.130563,-0.125312],[-0.177018,0.837968,-0.516211],[0.037609,0.529871,0.847244]],[[0.983489,0.130563,-0.125312],[-0.128804,0.0186221,-0.991495],[-0.127119,0.991265,0.0351317]],[[0.983489,0.130563,-0.125312],[-0.0408742,-0.514293,-0.85664],[-0.176293,0.847618,-0.500464]]],"btipPosition":[27.4669,267.886,-12.1596],"carpPosition":[32.7863,315.842,85.7282],"dipPosition":[24.1551,283.81,-21.5615],"direction":[0.127119,-0.991265,-0.0351317],"extended":false,"handId":452,"id":4522,"length":66.986,"mcpPosition":[22.3536,337.521,20.2623],"pipPosition":[20.5414,311.989,-20.5628],"stabilizedTipPosition":[37.62,245.034,81.7923],"timeVisible":0.596591,"tipPosition":[26.8948,271.114,-13.3856],"tipVelocity":[-24.575,-22.2353,-97.3852],"tool":false,"touchDistance":-0.411976,"touchZone":"hovering","type":2,"width":18.9914},{"bases":[[[0.999963,0.00862737,0.000282187],[-0.00819227,0.938216,0.345954],[0.00271992,-0.345943,0.938252]],[[0.999252,0.0207605,-0.0326394],[-0.0351315,0.840208,-0.541126],[0.0161898,0.541867,0.840308]],[[0.999252,0.0207605,-0.0326394],[-0.0325087,-0.00660159,-0.99945],[-0.0209646,0.999763,-0.00592175]],[[0.999252,0.0207605,-0.0326394],[-0.0163398,-0.538273,-0.842612],[-0.035062,0.842515,-0.53753]]],"btipPosition":[44.9707,272.535,-2.23629],"carpPosition":[44.6287,318.499,83.8468],"dipPosition":[44.3158,288.272,-12.2764],"direction":[0.0209646,-0.999763,0.00592175],"extended":false,"handId":452,"id":4523,"length":64.4088,"mcpPosition":[44.4584,340.162,25.0927],"pipPosition":[43.7352,315.959,-12.4404],"stabilizedTipPosition":[54.8525,248.533,90.2704],"timeVisible":0.596591,"tipPosition":[44.8538,275.793,-3.6146],"tipVelocity":[-20.0585,-30.054,-92.1115],"tool":false,"touchDistance":0.333333,"touchZone":"none","type":3,"width":18.0715},{"bases":[[[0.981072,-0.18661,0.0517072],[0.147711,0.893862,0.42331],[-0.125213,-0.40766,0.904508]],[[0.933906,-0.266952,0.237817],[0.349628,0.820919,-0.451499],[-0.0746996,0.504805,0.859995]],[[0.933906,-0.266952,0.237817],[0.252414,0.0212419,-0.967386],[0.253194,0.963476,0.0872204]],[[0.933906,-0.266952,0.237817],[0.0809091,-0.490118,-0.867893],[0.348244,0.829772,-0.436125]]],"btipPosition":[56.955,286.715,4.88059],"carpPosition":[58.0076,314.065,81.9024],"dipPosition":[62.9558,301.013,-2.63452],"direction":[-0.253194,-0.963476,-0.0872204],"extended":false,"handId":452,"id":4524,"length":50.4953,"mcpPosition":[65.2659,337.696,29.4703],"pipPosition":[67.9064,319.852,-0.929112],"stabilizedTipPosition":[63.9165,260.161,101.073],"timeVisible":0.596591,"tipPosition":[57.9224,289.623,4.23641],"tipVelocity":[-8.26625,-26.9515,-101.835],"tool":false,"touchDistance":-0.414049,"touchZone":"hovering","type":4,"width":16.0525}],"r":[[0.966757,-0.202864,0.155653],[0.246408,0.901725,-0.355211],[-0.0682967,0.381757,0.921736]],"s":0.864841,"t":[-20.0709,93.3145,-161.137],"timestamp":521673040435},false],[6,{"currentFrameRate":106.47,"devices":[],"gestures":[],"hands":[{"armBasis":[[0.877216,0.373633,-0.301479],[-0.204303,0.858778,0.469851],[0.434455,-0.350568,0.829669]],"armWidth":63.7005,"confidence":0.795875,"direction":[-0.153432,0.449663,-0.879922],"elbow":[161.985,209.784,312.816],"grabStrength":0,"id":452,"palmNormal":[0.20368,-0.856953,-0.473441],"palmPosition":[29.9464,323.063,39.6321],"palmVelocity":[-11.1535,-26.6925,-76.653],"palmWidth":90.9622,"pinchStrength":0.649284,"r":[[0.96643,-0.204056,0.156125],[0.247782,0.900923,-0.356288],[-0.0679537,0.383012,0.92124]],"s":0.863671,"sphereCenter":[35.6817,291.116,-1.99843],"sphereRadius":50.8658,"stabilizedPalmPosition":[39.1603,299.52,121.681],"t":[-20.1567,93.0775,-161.819],"timeVisible":0.605905,"type":"right","wrist":[44.7181,304.408,88.874]}],"id":4130446,"interactionBox":{"center":[0,200,0],"size":[235.247,235.247,147.751]},"pointables":[{"bases":[[[0.176978,0.955575,0.235703],[-0.809397,0.0050559,0.58724],[0.55996,-0.294706,0.774334]],[[-0.0834549,0.988824,-0.12354],[-0.792615,0.00927226,0.609652],[0.603984,0.148798,0.782983]],[[-0.0834549,0.988824,-0.12354],[-0.980524,-0.0593648,0.187213],[0.177786,0.136757,0.97452]],[[-0.0834549,0.988824,-0.12354],[-0.907419,-0.126645,-0.40069],[-0.411858,0.0786627,0.907847]]],"btipPosition":[-6.67923,272.513,-5.62025],"carpPosition":[19.8849,286.44,87.9095],"dipPosition":[-16.3152,274.353,15.6201],"direction":[-0.177786,-0.136757,-0.97452],"extended":false,"handId":452,"id":4520,"length":52.1005,"mcpPosition":[19.8849,286.44,87.9095],"pipPosition":[-10.2554,279.015,48.8368],"stabilizedTipPosition":[-7.13552,247.269,90.6112],"timeVisible":0.605905,"tipPosition":[-9.60544,272.567,-0.306597],"tipVelocity":[-11.2224,-24.8002,-72.1421],"tool":false,"touchDistance":-0.408111,"touchZone":"hovering","type":0,"width":20.2438},{"bases":[[[0.927452,0.323787,-0.187071],[-0.247946,0.906955,0.340522],[0.279921,-0.269434,0.921439]],[[0.951018,0.294858,-0.092862],[-0.262076,0.928327,0.263676],[0.163953,-0.226424,0.960131]],[[0.951018,0.294858,-0.092862],[-0.280127,0.949021,0.144523],[0.130742,-0.111431,0.985134]],[[0.951018,0.294858,-0.092862],[-0.291319,0.955323,0.0499136],[0.103431,-0.0204163,0.994427]]],"btipPosition":[-10.4964,342.614,-62.3654],"carpPosition":[22.0585,310.032,87.4297],"dipPosition":[-8.72972,342.265,-45.3802],"direction":[-0.130742,0.111431,-0.985134],"extended":true,"handId":452,"id":4521,"length":58.7895,"mcpPosition":[1.47107,329.848,19.6605],"pipPosition":[-5.5706,339.573,-21.5764],"stabilizedTipPosition":[-10.3007,316.446,39.8765],"timeVisible":0.605905,"tipPosition":[-9.92418,341.499,-58.5854],"tipVelocity":[-9.65599,-27.552,-77.765],"tool":false,"touchDistance":-0.421377,"touchZone":"hovering","type":1,"width":19.3369},{"bases":[[[0.985332,0.125019,-0.116153],[-0.0813744,0.942503,0.32414],[0.149998,-0.309934,0.938851]],[[0.983464,0.128723,-0.127392],[-0.17645,0.839492,-0.513925],[0.0407908,0.527905,0.848324]],[[0.983464,0.128723,-0.127392],[-0.131193,0.0214595,-0.991125],[-0.124847,0.991448,0.0379923]],[[0.983464,0.128723,-0.127392],[-0.0439817,-0.512605,-0.857497],[-0.175681,0.848921,-0.498467]]],"btipPosition":[27.1875,267.724,-12.886],"carpPosition":[32.7654,315.677,85.1886],"dipPosition":[23.8871,283.672,-22.2503],"direction":[0.124847,-0.991448,-0.0379923],"extended":false,"handId":452,"id":4522,"length":66.986,"mcpPosition":[22.3035,337.294,19.7068],"pipPosition":[20.338,311.856,-21.1703],"stabilizedTipPosition":[37.6176,245.04,81.7715],"timeVisible":0.605905,"tipPosition":[26.6234,270.948,-14.0838],"tipVelocity":[-26.0291,-20.704,-91.6386],"tool":false,"touchDistance":-0.409877,"touchZone":"hovering","type":2,"width":18.9914},{"bases":[[[0.999978,0.00663884,-0.000829259],[-0.00594588,0.938666,0.344777],[0.00306732,-0.344764,0.938684]],[[0.999119,0.0198981,-0.0369429],[-0.0364888,0.846726,-0.530776],[0.0207191,0.531656,0.846707]],[[0.999119,0.0198981,-0.0369429],[-0.0371012,0.00764472,-0.999282],[-0.0196014,0.999773,0.00837623]],[[0.999119,0.0198981,-0.0369429],[-0.0208697,-0.528152,-0.848893],[-0.0364029,0.848917,-0.527272]]],"btipPosition":[44.7162,272.606,-3.69281],"carpPosition":[44.6109,318.307,83.2908],"dipPosition":[44.0362,288.463,-13.5414],"direction":[0.0196014,-0.999773,-0.00837623],"extended":false,"handId":452,"id":4523,"length":64.4088,"mcpPosition":[44.4188,339.897,24.5096],"pipPosition":[43.4934,316.15,-13.3094],"stabilizedTipPosition":[54.8509,248.537,90.2549],"timeVisible":0.605905,"tipPosition":[44.6,275.821,-4.83729],"tipVelocity":[-22.2879,-18.5683,-108.94],"tool":false,"touchDistance":0.333333,"touchZone":"none","type":3,"width":18.0715},{"bases":[[[0.980756,-0.188495,0.0508632],[0.149954,0.8941,0.422018],[-0.125025,-0.406269,0.90516]],[[0.933702,-0.268434,0.236944],[0.350497,0.820452,-0.451675],[-0.0731564,0.504779,0.860143]],[[0.933702,-0.268434,0.236944],[0.251974,0.0224697,-0.967473],[0.254379,0.963036,0.0886185]],[[0.933702,-0.268434,0.236944],[0.0800697,-0.488464,-0.868903],[0.348982,0.830269,-0.434586]]],"btipPosition":[56.8249,286.415,4.21856],"carpPosition":[57.9789,313.845,81.3372],"dipPosition":[62.8384,300.722,-3.27003],"direction":[-0.254379,-0.963036,-0.0886185],"extended":false,"handId":452,"id":4524,"length":50.4953,"mcpPosition":[65.2263,337.395,28.8674],"pipPosition":[67.8122,319.552,-1.53729],"