{"sensorType":"Leap","data":[[0,{"currentFrameRate":110.389,"devices":[],"gestures":[],"hands":[{"armBasis":[[0.853135,0.431243,-0.293583],[-0.238174,0.822645,0.516263],[0.464149,-0.370518,0.804538]],"armWidth":63.7005,"confidence":0.79689,"direction":[-0.143525,0.369754,-0.917978],"elbow":[168.696,206.173,314.436],"grabStrength":0,"id":447,"palmNormal":[0.26003,-0.8809,-0.395474],"palmPosition":[29.5123,320.087,46.2446],"palmVelocity":[29.2113,7.05596,-138.621],"palmWidth":90.9622,"pinchStrength":0.545604,"r":[[0.975239,-0.0682855,0.210348],[-0.0397569,0.881509,0.47049],[-0.217551,-0.467203,0.856967]],"s":0.800472,"sphereCenter":[38.6426,286.411,8.91196],"sphereRadius":50.3926,"stabilizedPalmPosition":[59.3255,291.423,196.89],"t":[-48.6771,112.86,-212.428],"timeVisible":1.06648,"type":"right","wrist":[43.4138,306.182,97.2774]}],"id":4127798,"interactionBox":{"center":[0,200,0],"size":[235.247,235.247,147.751]},"pointables":[{"bases":[[[0.123654,0.978945,0.16241],[-0.828753,0.0118625,0.559488],[0.545781,-0.203781,0.812771]],[[-0.0968098,0.981662,-0.164215],[-0.839764,0.00800044,0.542892],[0.534251,0.190459,0.82359]],[[-0.0968098,0.981662,-0.164215],[-0.973192,-0.0587784,0.222355],[0.208625,0.181339,0.961037]],[[-0.0968098,0.981662,-0.164215],[-0.700025,-0.184442,-0.689889],[-0.707526,0.0481666,0.705044]]],"btipPosition":[2.28117,270.174,6.6592],"carpPosition":[19.499,286.986,97.0109],"dipPosition":[-14.2724,271.3,23.1547],"direction":[-0.208625,-0.181339,-0.961037],"extended":false,"handId":447,"id":4470,"length":52.1005,"mcpPosition":[19.499,286.986,97.0109],"pipPosition":[-7.16142,277.481,55.9118],"stabilizedTipPosition":[10.0784,234.749,158.545],"timeVisible":1.06648,"tipPosition":[-1.56104,270.349,9.67315],"tipVelocity":[46.1423,25.0644,-137.623],"tool":false,"touchDistance":-0.474333,"touchZone":"touching","type":0,"width":20.2438},{"bases":[[[0.91722,0.35335,-0.183984],[-0.301924,0.917865,0.257613],[0.259901,-0.180739,0.94857]],[[0.940103,0.331519,-0.0793829],[-0.308864,0.926906,0.213188],[0.144256,-0.1759,0.973781]],[[0.940103,0.331519,-0.0793829],[-0.325562,0.942192,0.0792693],[0.101073,-0.0486772,0.993687]],[[0.940103,0.331519,-0.0793829],[-0.334517,0.941984,-0.0276506],[0.0656107,0.0525493,0.996461]]],"btipPosition":[-8.29375,331.669,-57.9407],"carpPosition":[20.5798,310.543,94.6775],"dipPosition":[-7.17309,332.566,-40.9208],"direction":[-0.101073,0.0486773,-0.993687],"extended":true,"handId":447,"id":4471,"length":58.7895,"mcpPosition":[1.46484,323.836,24.9129],"pipPosition":[-4.73086,331.39,-16.9103],"stabilizedTipPosition":[10.6558,313.866,88.5077],"timeVisible":1.06648,"tipPosition":[-8.78542,333.073,-53.6823],"tipVelocity":[43.8615,-10.9845,-142.628],"tool":false,"touchDistance":-0.496597,"touchZone":"touching","type":1,"width":19.3369},{"bases":[[[0.981843,0.163997,-0.0953405],[-0.136731,0.960199,0.243563],[0.131489,-0.226105,0.965188]],[[0.977396,0.170789,-0.124612],[-0.187673,0.429499,-0.883352],[-0.0973461,0.886771,0.451843]],[[0.977396,0.170789,-0.124612],[-0.103246,-0.128763,-0.986286],[-0.184493,0.976858,-0.108219]],[[0.977396,0.170789,-0.124612],[-0.0519499,-0.377329,-0.924621],[-0.204935,0.910194,-0.359927]]],"btipPosition":[35.6964,244.685,13.064],"carpPosition":[31.082,316.514,92.3169],"dipPosition":[31.8465,261.784,6.30229],"direction":[0.184493,-0.976858,0.108219],"extended":false,"handId":447,"id":4472,"length":66.986,"mcpPosition":[21.9111,332.284,24.9982],"pipPosition":[26.6017,289.554,3.22587],"stabilizedTipPosition":[30.6071,238.98,66.8557],"timeVisible":1.06648,"tipPosition":[34.5812,248.807,10.0768],"tipVelocity":[56.8832,19.3825,-145.443],"tool":false,"touchDistance":0.333333,"touchZone":"none","type":2,"width":18.9914},{"bases":[[[0.997986,0.0560832,0.0296463],[-0.0619725,0.961765,0.266773],[-0.0135513,-0.268073,0.963303]],[[0.997647,0.067542,-0.0117436],[-0.0358485,0.367957,-0.929152],[-0.0584357,0.927387,0.369512]],[[0.997647,0.067542,-0.0117436],[0.00337136,-0.219431,-0.975622],[-0.0684724,0.973287,-0.219142]],[[0.997647,0.067542,-0.0117436],[0.0203101,-0.454804,-0.89036],[-0.0654778,0.888027,-0.455106]]],"btipPosition":[49.4282,251.392,28.3213],"carpPosition":[42.8503,319.568,90.5793],"dipPosition":[48.2052,267.978,19.8207],"direction":[0.0684724,-0.973287,0.219142],"extended":false,"handId":447,"id":4473,"length":64.4088,"mcpPosition":[43.6989,336.355,30.2564],"pipPosition":[46.3089,294.932,13.7518],"stabilizedTipPosition":[49.0387,244.106,75.67],"timeVisible":1.06648,"tipPosition":[49.1298,255.25,24.7105],"tipVelocity":[53.3062,26.0734,-121.806],"tool":false,"touchDistance":0.333333,"touchZone":"none","type":3,"width":18.0715},{"bases":[[[0.986139,-0.135008,0.0964501],[0.0930531,0.931292,0.352187],[-0.137371,-0.33833,0.930947]],[[0.990502,-0.122549,0.0623517],[0.109545,0.429266,-0.89651],[0.0831008,0.894826,0.438613]],[[0.990502,-0.122549,0.0623517],[0.0417945,-0.163674,-0.985629],[0.130993,0.978873,-0.156998]],[[0.990502,-0.122549,0.0623517],[0.00740406,-0.405275,-0.914165],[0.137299,0.905944,-0.400519]]],"btipPosition":[56.5712,268.862,29.9139],"carpPosition":[56.4728,315.631,89.4115],"dipPosition":[58.9371,284.473,23.0124],"direction":[-0.130993,-0.978873,0.156998],"extended":false,"handId":447,"id":4474,"length":50.4953,"mcpPosition":[64.4358,335.243,35.4469],"pipPosition":[61.4983,303.613,19.9426],"stabilizedTipPosition":[68.4107,253.998,127.33],"timeVisible":1.06648,"tipPosition":[57.2389,272.55,26.9304],"tipVelocity":[43.4483,26.6376,-116.356],"tool":false,"touchDistance":0.333333,"touchZone":"none","type":4,"width":16.0525}],"r":[[0.975239,-0.0682855,0.210348],[-0.0397569,0.881509,0.47049],[-0.217551,-0.467203,0.856967]],"s":0.800472,"t":[-48.6771,112.86,-212.428],"timestamp":521645329869},false],[1,{"currentFrameRate":110.366,"devices":[],"gestures":[],"hands":[{"armBasis":[[0.856128,0.425434,-0.293345],[-0.232322,0.823923,0.516891],[0.461597,-0.374375,0.804221]],"armWidth":63.7005,"confidence":0.808078,"direction":[-0.14292,0.373261,-0.916651],"elbow":[168.47,205.194,312.809],"grabStrength":0,"id":447,"palmNormal":[0.253596,-0.881431,-0.398459],"palmPosition":[29.9664,320.382,44.7689],"palmVelocity":[34.9451,14.0862,-145.137],"palmWidth":90.9622,"pinchStrength":0.542881,"r":[[0.975357,-0.0675759,0.210027],[-0.0407792,0.880323,0.472619],[-0.216829,-0.469537,0.855874]],"s":0.800291,"sphereCenter":[38.7979,286.704,7.35286],"sphereRadius":50.3692,"stabilizedPalmPosition":[59.324,291.424,196.882],"t":[-48.3094,113.074,-213.757],"timeVisible":1.07558,"type":"right","wrist":[43.877,306.244,95.7351]}],"id":4127799,"interactionBox":{"center":[0,200,0],"size":[235.247,235.247,147.751]},"pointables":[{"bases":[[[0.13026,0.977667,0.164922],[-0.827576,0.0156047,0.561137],[0.546031,-0.209579,0.811127]],[[-0.0889043,0.983354,-0.158464],[-0.837051,0.0124672,0.546982],[0.539853,0.181272,0.822009]],[[-0.0889043,0.983354,-0.158464],[-0.973985,-0.052534,0.22044],[0.208446,0.17394,0.962442]],[[-0.0889043,0.983354,-0.158464],[-0.697321,-0.17505,-0.695055],[-0.711224,0.048707,0.701276]]],"btipPosition":[2.43398,271.088,5.22879],"carpPosition":[19.8387,287.202,95.4614],"dipPosition":[-14.2061,272.228,21.6362],"direction":[-0.208446,-0.17394,-0.962442],"extended":false,"handId":447,"id":4470,"length":52.1005,"mcpPosition":[19.8387,287.202,95.4614],"pipPosition":[-7.10121,278.157,54.4412],"stabilizedTipPosition":[10.075,234.76,158.501],"timeVisible":1.07558,"tipPosition":[-1.45122,271.164,8.25695],"tipVelocity":[37.3988,46.0648,-143.655],"tool":false,"touchDistance":-0.476994,"touchZone":"touching","type":0,"width":20.2438},{"bases":[[[0.919116,0.347969,-0.18478],[-0.295518,0.919054,0.260784],[0.260568,-0.185085,0.947548]],[[0.94218,0.325528,-0.0795558],[-0.302975,0.928923,0.212857],[0.143192,-0.176446,0.973839]],[[0.94218,0.325528,-0.0795558],[-0.319449,0.944199,0.0802526],[0.101241,-0.0501983,0.993595]],[[0.94218,0.325528,-0.0795558],[-0.32838,0.944201,-0.0255046],[0.0668142,0.0501544,0.996504]]],"btipPosition":[-7.83504,332.305,-59.352],"carpPosition":[21.0665,310.758,93.1921],"dipPosition":[-6.69383,333.162,-42.3313],"direction":[-0.101241,0.0501983,-0.993595],"extended":true,"handId":447,"id":4471,"length":58.7895,"mcpPosition":[1.90245,324.371,23.5026],"pipPosition":[-4.24754,331.949,-18.323],"stabilizedTipPosition":[10.6497,313.872,88.4597],"timeVisible":1.07558,"tipPosition":[-8.30807,333.689,-55.0958],"tipVelocity":[45.817,11.1612,-146.065],"tool":false,"touchDistance":-0.496437,"touchZone":"touching","type":1,"width":19.3369},{"bases":[[[0.982691,0.157956,-0.0967956],[-0.130084,0.960365,0.246531],[0.1319,-0.229672,0.964289]],[[0.978335,0.164713,-0.125417],[-0.185935,0.432686,-0.882163],[-0.0910375,0.886371,0.453938]],[[0.978335,0.164713,-0.125417],[-0.104444,-0.130368,-0.985949],[-0.178749,0.977688,-0.11034]],[[0.978335,0.164713,-0.125417],[-0.0542034,-0.380876,-0.923036],[-0.199804,0.909837,-0.363696]]],"btipPosition":[35.6244,245.091,11.6678],"carpPosition":[31.6023,316.669,90.8278],"dipPosition":[31.8708,262.184,4.83526],"direction":[0.178749,-0.977688,0.11034],"extended":false,"handId":447,"id":4472,"length":66.986,"mcpPosition":[22.4027,332.688,23.5718],"pipPosition":[26.7894,289.977,1.69855],"stabilizedTipPosition":[30.6146,238.998,66.7536],"timeVisible":1.07558,"tipPosition":[34.5373,249.19,8.66984],"tipVelocity":[39.5956,26.3282,-148.144],"tool":false,"touchDistance":0.333333,"touchZone":"none","type":2,"width":18.9914},{"bases":[[[0.998381,0.0495869,0.0278553],[-0.0552714,0.961385,0.269599],[-0.013411,-0.270702,0.96257]],[[0.998041,0.0611266,-0.0133649],[-0.0350505,0.369236,-0.928674],[-0.0518319,0.927323,0.370655]],[[0.998041,0.0611266,-0.0133649],[0.000716383,-0.224747,-0.974417],[-0.0625665,0.972498,-0.22435]],[[0.998041,0.0611266,-0.0133649],[0.016419,-0.461962,-0.886748],[-0.060378,0.884791,-0.46206]]],"btipPosition":[49.4019,251.725,27.0868],"carpPosition":[43.3865,319.652,89.0759],"dipPosition":[48.2742,268.252,18.4563],"direction":[0.0625665,-0.972498,0.22435],"extended":false,"handId":447,"id":4473,"length":64.4088,"mcpPosition":[44.2263,336.603,28.799],"pipPosition":[46.5415,295.184,12.2433],"stabilizedTipPosition":[49.0388,244.118,75.6174],"timeVisible":1.07558,"tipPosition":[49.1247,255.542,23.4499],"tipVelocity":[38.3956,28.5898,-126.546],"tool":false,"touchDistance":0.333333,"touchZone":"none","type":3,"width":18.0715},{"bases":[[[0.985435,-0.141612,0.094144],[0.09972,0.929676,0.354624],[-0.137742,-0.340071,0.930257]],[[0.989702,-0.129457,0.0610784],[0.111654,0.43118,-0.895331],[0.0895709,0.892931,0.441194]],[[0.989702,-0.129457,0.0610784],[0.039305,-0.164519,-0.985591],[0.13764,0.977842,-0.157736]],[[0.989702,-0.129457,0.0610784],[0.0030974,-0.40723,-0.913321],[0.143109,0.904104,-0.402635]]],"btipPosition":[56.6423,269.082,28.3725],"carpPosition":[56.9812,315.631,87.8704],"dipPosition":[59.1083,284.661,21.4344],"direction":[-0.13764,-0.977842,0.157736],"extended":false,"handId":447,"id":4474,"length":50.4953,"mcpPosition":[64.9657,335.344,33.9457],"pipPosition":[61.7995,303.78,18.3502],"stabilizedTipPosition":[68.4046,254.009,127.275],"timeVisible":1.07558,"tipPosition":[57.3308,272.746,25.4149],"tipVelocity":[34.2714,25.7223,-131.303],"tool":false,"touchDistance":0.333333,"touchZone":"none","type":4,"width":16.0525}],"r":[[0.975357,-0.0675759,0.210027],[-0.0407792,0.880323,0.472619],[-0.216829,-0.469537,0.855874]],"s":0.800291,"t":[-48.3094,113.074,-213.757],"timestamp":521645338971},false],[2,{"currentFrameRate":110.429,"devices":[],"gestures":[],"hands":[{"armBasis":[[0.860031,0.419424,-0.29057],[-0.227942,0.825309,0.51663],[0.456497,-0.378085,0.805396]],"armWidth":63.7005,"confidence":0.818979,"direction":[-0.141522,0.37729,-0.915218],"elbow":[167.385,204.301,311.887],"grabStrength":0,"id":447,"palmNormal":[0.248306,-0.881438,-0.40176],"palmPosition":[30.2981,320.749,43.5911],"palmVelocity":[35.5293,21.4465,-141.462],"palmWidth":90.9622,"pinchStrength":0.542737,"r":[[0.975409,-0.0682562,0.209569],[-0.0405277,0.879081,0.474946],[-0.216646,-0.47176,0.854697]],"s":0.800117,"sphereCenter":[38.9104,287.122,6.078],"sphereRadius":50.3521,"stabilizedPalmPosition":[59.3225,291.426,196.874],"t":[-47.9597,113.364,-215.011],"timeVisible":1.08453,"type":"right","wrist":[44.1682,306.353,94.4962]}],"id":4127800,"interactionBox":{"center":[0,200,0],"size":[235.247,235.247,147.751]},"pointables":[{"bases":[[[0.135906,0.976329,0.168258],[-0.827039,0.018297,0.561847],[0.545469,-0.215514,0.809949]],[[-0.0826799,0.984641,-0.153771],[-0.835658,0.0155717,0.54903],[0.542992,0.173893,0.821536]],[[-0.0826799,0.984641,-0.153771],[-0.974807,-0.0478311,0.21786],[0.207159,0.167909,0.96379]],[[-0.0826799,0.984641,-0.153771],[-0.694695,-0.167575,-0.699512],[-0.714537,0.0489881,0.697881]]],"btipPosition":[2.58256,271.902,3.99911],"carpPosition":[20.0226,287.449,94.1746],"dipPosition":[-14.1351,273.048,20.327],"direction":[-0.207159,-0.167909,-0.96379],"extended":false,"handId":447,"id":4470,"length":52.1005,"mcpPosition":[20.0226,287.449,94.1746],"pipPosition":[-7.074,278.771,53.178],"stabilizedTipPosition":[10.0711,234.773,158.448],"timeVisible":1.08453,"tipPosition":[-1.35715,271.942,7.03197],"tipVelocity":[31.1769,58.3694,-142.528],"tool":false,"touchDistance":-0.476347,"touchZone":"touching","type":0,"width":20.2438},{"bases":[[[0.920922,0.343426,-0.184286],[-0.290122,0.919783,0.264253],[0.260254,-0.189891,0.946683]],[[0.944028,0.320358,-0.0786243],[-0.297954,0.930402,0.213482],[0.141543,-0.178107,0.973778]],[[0.944028,0.320358,-0.0786243],[-0.314151,0.945835,0.0818865],[0.100599,-0.0526032,0.993536]],[[0.944028,0.320358,-0.0786243],[-0.322983,0.946126,-0.0229761],[0.0670279,0.0470844,0.99664]]],"btipPosition":[-7.41419,333.088,-60.4915],"carpPosition":[21.3815,311.005,91.9872],"dipPosition":[-6.26933,333.892,-43.4685],"direction":[-0.100599,0.0526032,-0.993536],"extended":true,"handId":447,"id":4471,"length":58.7895,"mcpPosition":[2.2406,324.971,22.3614],"pipPosition":[-3.83856,332.621,-19.4617],"stabilizedTipPosition":[10.6436,313.878,88.41],"timeVisible":1.08453,"tipPosition":[-7.86932,334.445,-56.2382],"tipVelocity":[46.1806,31.6281,-140.952],"tool":false,"touchDistance":-0.492211,"touchZone":"touching","type":1,"width":19.3369},{"bases":[[[0.983491,0.152748,-0.0970213],[-0.124468,0.960209,0.250013],[0.13135,-0.233809,0.963369]],[[0.979265,0.159469,-0.124938],[-0.183362,0.435525,-0.881304],[-0.0861268,0.885939,0.455735]],[[0.979265,0.159469,-0.124938],[-0.104015,-0.133434,-0.985584],[-0.173841,0.978144,-0.114081]],[[0.979265,0.159469,-0.124938],[-0.0546104,-0.386093,-0.920842],[-0.195083,0.908571,-0.369379]]],"btipPosition":[35.5444,245.607,10.6659],"carpPosition":[31.9487,316.864,89.6354],"dipPosition":[31.8795,262.676,3.72668],"direction":[0.173841,-0.978144,0.114081],"extended":false,"handId":447,"id":4472,"length":66.986,"mcpPosition":[22.7875,333.172,22.4435],"pipPosition":[26.9376,290.482,0.48363],"stabilizedTipPosition":[30.6203,239.013,66.6731],"timeVisible":1.08453,"tipPosition":[34.4825,249.679,7.62846],"tipVelocity":[26.9601,34.7201,-139.025],"tool":false,"touchDistance":0.333333,"touchZone":"none","type":2,"width":18.9914},{"bases":[[[0.998667,0.0438537,0.0272348],[-0.0496334,0.960726,0.273025],[-0.0141921,-0.274012,0.961621]],[[0.998362,0.0555104,-0.0138383],[-0.0335399,0.371966,-0.92764],[-0.0463463,0.926585,0.373219]],[[0.998362,0.0555104,-0.0138383],[-0.000843452,-0.227581,-0.973759],[-0.0572031,0.972176,-0.227162]],[[0.998362,0.0555104,-0.0138383],[0.0136861,-0.46661,-0.884357],[-0.0555481,0.88272,-0.466605]]],"btipPosition":[49.3288,252.148,26.0032],"carpPosition":[43.7483,319.787,87.8846],"dipPosition":[48.2912,268.636,17.2878],"direction":[0.0572031,-0.972176,0.227162],"extended":false,"handId":447,"id":4473,"length":64.4088,"mcpPosition":[44.637,336.946,27.667],"pipPosition":[46.7071,295.559,10.9969],"stabilizedTipPosition":[49.0389,244.127,75.5742],"timeVisible":1.08453,"tipPosition":[49.0733,255.934,22.3718],"tipVelocity":[26.309,33.4281,-125.672],"tool":false,"touchDistance":0.333333,"touchZone":"none","type":3,"width":18.0715},{"bases":[[[0.984693,-0.147502,0.0928605],[0.105242,0.927843,0.357814],[-0.138938,-0.342564,0.929164]],[[0.988877,-0.135672,0.060954],[0.114331,0.43125,-0.894959],[0.0951342,0.891973,0.441965]],[[0.988877,-0.135672,0.060954],[0.0374816,-0.169277,-0.984856],[0.143935,0.976186,-0.162309]],[[0.988877,-0.135672,0.060954],[-0.000540064,-0.413088,-0.910691],[0.148734,0.900529,-0.408566]]],"btipPosition":[56.6328,269.417,27.3839],"carpPosition":[57.319,315.694,86.6542],"dipPosition":[59.1957,284.934,20.3437],"direction":[-0.143935,-0.976186,0.162309],"extended":false,"handId":447,"id":4474,"length":50.4953,"mcpPosition":[65.3729,335.551,32.7928],"pipPosition":[62.0101,304.022,17.1701],"stabilizedTipPosition":[68.3997,254.017,127.231],"timeVisible":1.08453,"tipPosition":[57.345,273.053,24.3873],"tipVelocity":[25.3018,28.4987,-126.346],"tool":false,"touchDistance":0.333333,"touchZone":"none","type":4,"width":16.0525}],"r":[[0.975409,-0.0682562,0.209569],[-0.0405277,0.879081,0.474946],[-0.216646,-0.47176,0.854697]],"s":0.800117,"t":[-47.9597,113.364,-215.011],"timestamp":521645347915},false],[3,{"currentFrameRate":110.346,"devices":[],"gestures":[],"hands":[{"armBasis":[[0.863973,0.416689,-0.282703],[-0.2305,0.826436,0.513687],[0.447683,-0.378648,0.810065]],"armWidth":63.7005,"confidence":0.824093,"direction":[-0.14225,0.383217,-0.912639],"elbow":[165.383,204.156,312.149],"grabStrength":0,"id":447,"palmNormal":[0.249254,-0.878436,-0.407705],"palmPosition":[30.6431,321.078,42.6944],"palmVelocity":[36.0722,25.4458,-129.12],"palmWidth":90.9622,"pinchStrength":0.540199,"r":[[0.975478,-0.0688423,0.209052],[-0.0405112,0.877437,0.477979],[-0.216335,-0.474727,0.853132]],"s":0.799905,"sphereCenter":[39.3138,287.656,4.98096],"sphereRadius":50.3405,"stabilizedPalmPosition":[59.3207,291.428,196.865],"t":[-47.6124,113.674,-216.086],"timeVisible":1.09373,"type":"right","wrist":[44.5457,306.36,93.4982]}],"id":4127801,"interactionBox":{"center":[0,200,0],"size":[235.247,235.247,147.751]},"pointables":[{"bases":[[[0.134773,0.975349,0.174731],[-0.826894,0.0135444,0.562195],[0.545969,-0.220252,0.808336]],[[-0.0830829,0.985797,-0.145951],[-0.834247,0.0113079,0.551274],[0.545095,0.167561,0.821459]],[[-0.0830829,0.985797,-0.145951],[-0.975029,-0.0501452,0.216342],[0.20595,0.160281,0.965347]],[[-0.0830829,0.985797,-0.145951],[-0.692269,-0.162444,-0.703118],[-0.71684,0.0426203,0.695933]]],"btipPosition":[2.97309,272.607,2.8783],"carpPosition":[20.4229,287.429,93.0574],"dipPosition":[-13.7984,273.604,19.1607],"direction":[-0.20595,-0.160281,-0.965347],"extended":false,"handId":447,"id":4470,"length":52.1005,"mcpPosition":[20.4229,287.429,93.0574],"pipPosition":[-6.77858,279.067,52.0647],"stabilizedTipPosition":[10.0659,234.791,158.377],"timeVisible":1.09373,"tipPosition":[-0.967487,272.581,5.91418],"tipVelocity":[33.9443,62.4143,-137.018],"tool":false,"touchDistance":-0.474015,"touchZone":"touching","type":0,"width":20.2438},{"bases":[[[0.920451,0.345765,-0.182255],[-0.291157,0.917646,0.270468],[0.260764,-0.195888,0.94532]],[[0.94372,0.321866,-0.0761212],[-0.299578,0.929377,0.215666],[0.140161,-0.180724,0.973496]],[[0.94372,0.321866,-0.0761212],[-0.315541,0.945147,0.0844503],[0.0991274,-0.0556781,0.993516]],[[0.94372,0.321866,-0.0761212],[-0.324181,0.945784,-0.0199815],[0.0655628,0.0435341,0.996898]]],"btipPosition":[-6.96059,333.771,-61.3433],"carpPosition":[21.7527,311.001,91.027],"dipPosition":[-5.84075,334.515,-44.3159],"direction":[-0.0991274,0.0556781,-0.993516],"extended":true,"handId":447,"id":4471,"length":58.7895,"mcpPosition":[2.57426,325.408,21.5014],"pipPosition":[-3.44554,333.17,-20.3096],"stabilizedTipPosition":[10.6359,313.887,88.3456],"timeVisible":1.09373,"tipPosition":[-7.41766,335.118,-57.0882],"tipVelocity":[46.8666,43.1423,-127.356],"tool":false,"touchDistance":-0.484085,"touchZone":"touching","type":1,"width":19.3369},{"bases":[[[0.983277,0.154584,-0.0962833],[-0.125556,0.958368,0.256451],[0.131918,-0.240073,0.96175]],[[0.979138,0.161334,-0.123533],[-0.183393,0.439854,-0.879145],[-0.0874992,0.883459,0.460265]],[[0.979138,0.161334,-0.123533],[-0.102198,-0.134459,-0.985635],[-0.175627,0.977697,-0.115166]],[[0.979138,0.161334,-0.123533],[-0.0518961,-0.389237,-0.919675],[-0.196458,0.906899,-0.372744]]],"btipPosition":[36.0109,246.231,9.7305],"carpPosition":[32.3121,316.888,88.7112],"dipPosition":[32.3201,263.269,2.72804],"direction":[0.175627,-0.977697,0.115166],"extended":false,"handId":447,"id":4472,"length":66.986,"mcpPosition":[23.1113,333.632,21.6323],"pipPosition":[27.3275,291.062,-0.545869],"stabilizedTipPosition":[30.6261,239.027,66.5984],"timeVisible":1.09373,"tipPosition":[34.9478,250.278,6.66694],"tipVelocity":[33.4134,43.7617,-128.982],"tool":false,"touchDistance":0.333333,"touchZone":"none","type":2,"width":18.9914},{"bases":[[[0.998621,0.0448821,0.027239],[-0.0507156,0.958822,0.279444],[-0.0135753,-0.28044,0.959776]],[[0.998293,0.0567864,-0.0136663],[-0.0340649,0.376004,-0.925992],[-0.0474451,0.924876,0.377297]],[[0.998293,0.0567864,-0.0136663],[-0.000235333,-0.230068,-0.973174],[-0.0584072,0.971516,-0.229662]],[[0.998293,0.0567864,-0.0136663],[0.0147233,-0.471087,-0.881964],[-0.0565215,0.880257,-0.471119]]],"btipPosition":[49.7501,252.741,25.1821],"carpPosition":[44.1076,319.837,86.9766],"dipPosition":[48.6944,269.183,16.3824],"direction":[0.0584072,-0.971516,0.229662],"extended":false,"handId":447,"id":4473,"length":64.4088,"mcpPosition":[44.9577,337.398,26.8746],"pipPosition":[47.0769,296.088,10.0223],"stabilizedTipPosition":[49.0393,244.137,75.5319],"timeVisible":1.09373,"tipPosition":[49.4913,256.499,21.5215],"tipVelocity":[31.6248,41.773,-116.038],"tool":false,"touchDistance":0.333333,"touchZone":"none","type":3,"width":18.0715},{"bases":[[[0.984898,-0.146924,0.0915903],[0.104225,0.925562,0.363968],[-0.138248,-0.348925,0.926897]],[[0.989006,-0.135055,0.0602335],[0.114108,0.437896,-0.891755],[0.0940603,0.888824,0.448492]],[[0.989006,-0.135055,0.0602335],[0.037535,-0.164714,-0.985627],[0.143036,0.977051,-0.157834]],[[0.989006,-0.135055,0.0602335],[-0.000445487,-0.410037,-0.912069],[0.147878,0.902014,-0.405589]]],"btipPosition":[57.027,269.929,26.2065],"carpPosition":[57.6829,315.768,85.7149],"dipPosition":[59.5752,285.472,19.2176],"direction":[-0.143036,-0.977051,0.157834],"extended":false,"handId":447,"id":4474,"length":50.4953,"mcpPosition":[65.6968,335.995,31.985],"pipPosition":[62.3719,304.576,16.1315],"stabilizedTipPosition":[68.3953,254.025,127.189],"timeVisible":1.09373,"tipPosition":[57.7327,273.565,23.2588],"tipVelocity":[30.0993,36.268,-126.409],"tool":false,"touchDistance":0.333333,"touchZone":"none","type":4,"width":16.0525}],"r":[[0.975478,-0.0688423,0.209052],[-0.0405112,0.877437,0.477979],[-0.216335,-0.474727,0.853132]],"s":0.799905,"t":[-47.6124,113.674,-216.086],"timestamp":521645357124},false],[4,{"currentFrameRate":110.429,"devices":[],"gestures":[],"hands":[{"armBasis":[[0.86463,0.417242,-0.279866],[-0.23243,0.826046,0.513444],[0.445412,-0.37889,0.811203]],"armWidth":63.7005,"confidence":0.826637,"direction":[-0.143859,0.385733,-0.911326],"elbow":[165.112,204.206,311.132],"grabStrength":0,"id":447,"palmNormal":[0.250783,-0.876633,-0.410637],"palmPosition":[30.9093,321.32,41.4282],"palmVelocity":[34.3845,25.9277,-132.659],"palmWidth":90.9622,"pinchStrength":0.537135,"r":[[0.975599,-0.0690206,0.208428],[-0.0407906,0.875799,0.48095],[-0.215736,-0.477717,0.851613]],"s":0.799444,"sphereCenter":[39.6945,287.933,3.61603],"sphereRadius":50.3309,"stabilizedPalmPosition":[59.3189,291.43,196.855],"t":[-47.3056,113.95,-217.256],"timeVisible":1.10264,"type":"right","wrist":[44.8872,306.475,92.1743]}],"id":4127802,"interactionBox":{"center":[0,200,0],"size":[235.247,235.247,147.751]},"pointables":[{"bases":[[[0.132834,0.97509,0.177634],[-0.826435,0.0100303,0.562942],[0.547138,-0.221581,0.807181]],[[-0.0842793,0.986373,-0.141302],[-0.832016,0.00837115,0.554689],[0.548313,0.164314,0.819972]],[[-0.0842793,0.986373,-0.141302],[-0.97502,-0.052388,0.215849],[0.205505,0.155964,0.966149]],[[-0.0842793,0.986373,-0.141302],[-0.690314,-0.160061,-0.705582],[-0.718584,0.0380769,0.694397]]],"btipPosition":[3.25026,273.087,1.5993],"carpPosition":[20.8047,287.493,91.6956],"dipPosition":[-13.5621,273.978,17.8457],"direction":[-0.205505,-0.155964,-0.966148],"extended":false,"handId":447,"id":4470,"length":52.1005,"mcpPosition":[20.8047,287.493,91.6956],"pipPosition":[-6.55738,279.294,50.7771],"stabilizedTipPosition":[10.0602,234.812,158.295],"timeVisible":1.10264,"tipPosition":[-0.667398,272.997,4.63773],"tipVelocity":[32.8864,59.3541,-139.052],"tool":false,"touchDistance":-0.474256,"touchZone":"touching","type":0,"width":20.2438},{"bases":[[[0.91955,0.348301,-0.181973],[-0.292889,0.916178,0.273558],[0.262,-0.198252,0.944485]],[[0.943076,0.323954,-0.0752423],[-0.30226,0.929258,0.212413],[0.138732,-0.177579,0.974279]],[[0.943076,0.323954,-0.0752423],[-0.317993,0.944602,0.081282],[0.0974057,-0.0527286,0.993847]],[[0.943076,0.323954,-0.0752423],[-0.326418,0.94495,-0.0228184],[0.0637081,0.04608,0.996904]]],"btipPosition":[-6.5873,333.769,-62.6136],"carpPosition":[22.0822,311.075,89.737],"dipPosition":[-5.49915,334.556,-45.5861],"direction":[-0.0974057,0.0527286,-0.993847],"extended":true,"handId":447,"id":4471,"length":58.7895,"mcpPosition":[2.81289,325.656,20.2728],"pipPosition":[-3.14553,333.282,-21.5718],"stabilizedTipPosition":[10.6283,313.896,88.2796],"timeVisible":1.10264,"tipPosition":[-7.05624,335.167,-58.3568],"tipVelocity":[45.292,31.6409,-131.501],"tool":false,"touchDistance":-0.483064,"touchZone":"touching","type":1,"width":19.3369},{"bases":[[[0.98286,0.156991,-0.0966469],[-0.127388,0.957298,0.259525],[0.133263,-0.242765,0.960888]],[[0.978724,0.163754,-0.123624],[-0.184911,0.442847,-0.877322],[-0.0889186,0.881516,0.463705]],[[0.978724,0.163754,-0.123624],[-0.102056,-0.13417,-0.985689],[-0.177997,0.977335,-0.114603]],[[0.978724,0.163754,-0.123624],[-0.0508058,-0.390337,-0.919269],[-0.198789,0.905992,-0.373712]]],"btipPosition":[36.4115,246.644,8.34625],"carpPosition":[32.627,316.992,87.4304],"dipPosition":[32.677,263.664,1.32559],"direction":[0.177997,-0.977335,0.114603],"extended":false,"handId":447,"id":4472,"length":66.986,"mcpPosition":[23.3323,333.924,20.4116],"pipPosition":[27.6169,291.447,-1.93231],"stabilizedTipPosition":[30.6315,239.04,66.5324],"timeVisible":1.10264,"tipPosition":[35.347,250.666,5.31799],"tipVelocity":[36.2519,44.3287,-136.295],"tool":false,"touchDistance":0.333333,"touchZone":"none","type":2,"width":18.9914},{"bases":[[[0.998546,0.0469402,0.0265219],[-0.0525289,0.957841,0.282455],[-0.0121452,-0.283438,0.958914]],[[0.99816,0.0589354,-0.0142271],[-0.035499,0.377894,-0.925168],[-0.0491488,0.923971,0.379291]],[[0.99816,0.0589354,-0.0142271],[-0.0000898829,-0.233222,-0.972424],[-0.0606282,0.970636,-0.232787]],[[0.99816,0.0589354,-0.0142271],[0.0155551,-0.475748,-0.879444],[-0.0585989,0.877605,-0.475789]]],"btipPosition":[50.144,253.178,24.0391],"carpPosition":[44.4146,319.971,85.6948],"dipPosition":[49.0494,269.57,15.1521],"direction":[0.0606282,-0.970636,0.232787],"extended":false,"handId":447,"id":4473,"length":64.4088,"mcpPosition":[45.1751,337.72,25.6468],"pipPosition":[47.3704,296.45,8.70541],"stabilizedTipPosition":[49.0399,244.147,75.4919],"timeVisible":1.10264,"tipPosition":[49.877,256.905,20.3829],"tipVelocity":[34.7779,43.3866,-119.99],"tool":false,"touchDistance":0.333333,"touchZone":"none","type":3,"width":18.0715},{"bases":[[[0.98529,-0.145093,0.0902906],[0.102556,0.924652,0.366743],[-0.136699,-0.352088,0.925931]],[[0.989272,-0.133366,0.059611],[0.113124,0.441208,-0.890246],[0.0924279,0.88744,0.451562]],[[0.989272,-0.133366,0.059611],[0.0371488,-0.164976,-0.985598],[0.14128,0.977239,-0.158252]],[[0.989272,-0.133366,0.059611],[-0.000614256,-0.411859,-0.911247],[0.146081,0.901435,-0.407523]]],"btipPosition":[57.3748,270.335,24.8896],"carpPosition":[57.9975,315.936,84.4089],"dipPosition":[59.892,285.868,17.8674],"direction":[-0.14128,-0.977239,0.158252],"extended":false,"handId":447,"id":4474,"length":50.4953,"mcpPosition":[65.9216,336.345,30.7351],"pipPosition":[62.6545,304.976,14.7731],"stabilizedTipPosition":[68.3915,254.032,127.151],"timeVisible":1.10264,"tipPosition":[58.0705,273.954,21.9577],"tipVelocity":[32.316,38.7288,-132.472],"tool":false,"touchDistance":0.333333,"touchZone":"none","type":4,"width":16.0525}],"r":[[0.975599,-0.0690206,0.208428],[-0.0407906,0.875799,0.48095],[-0.215736,-0.477717,0.851613]],"s":0.799444,"t":[-47.3056,113.95,-217.256],"timestamp":521645366033},false],[5,{"currentFrameRate":110.334,"devices":[],"gestures":[],"hands":[{"armBasis":[[0.866385,0.41858,-0.272337],[-0.237319,0.824953,0.512964],[0.439382,-0.379793,0.814064]],"armWidth":63.7005,"confidence":0.824287,"direction":[-0.145404,0.38504,-0.911373],"elbow":[163.789,203.95,310.565],"grabStrength":0,"id":447,"palmNormal":[0.2558,-0.875212,-0.410574],"palmPosition":[31.1642,321.238,40.0821],"palmVelocity":[32.4832,16.1402,-136.348],"palmWidth":90.9622,"pinchStrength":0.534656,"r":[[0.975746,-0.0681037,0.208045],[-0.0420232,0.874426,0.483336],[-0.214837,-0.480356,0.850355]],"s":0.798876,"sphereCenter":[40.1531,287.812,2.29625],"sphereRadius":50.3085,"stabilizedPalmPosition":[59.3173,291.431,196.846],"t":[-47.0248,114.047,-218.515],"timeVisible":1.11188,"type":"right","wrist":[45.1919,306.463,90.8352]}],"id":4127803,"interactionBox":{"center":[0,200,0],"size":[235.247,235.247,147.751]},"pointables":[{"bases":[[[0.127417,0.97578,0.177814],[-0.826819,0.00547314,0.562442],[0.547846,-0.218685,0.807491]],[[-0.0887993,0.986142,-0.140136],[-0.830606,0.00433653,0.556843],[0.549734,0.165845,0.818711]],[[-0.0887993,0.986142,-0.140136],[-0.975167,-0.057415,0.213898],[0.202888,0.15565,0.966752]],[[-0.0887993,0.986142,-0.140136],[-0.685587,-0.162574,-0.709606],[-0.722555,0.0330627,0.690522]]],"btipPosition":[3.77006,272.996,0.376588],"carpPosition":[21.2134,287.351,90.3399],"dipPosition":[-13.1352,273.77,16.5324],"direction":[-0.202888,-0.15565,-0.966752],"extended":false,"handId":447,"id":4470,"length":52.1005,"mcpPosition":[21.2134,287.351,90.3399],"pipPosition":[-6.21968,279.075,49.4843],"stabilizedTipPosition":[10.0545,234.833,158.209],"timeVisible":1.11188,"tipPosition":[-0.148787,272.852,3.39451],"tipVelocity":[38.807,39.1209,-137.831],"tool":false,"touchDistance":-0.473817,"touchZone":"touching","type":0,"width":20.2438},{"bases":[[[0.917751,0.35332,-0.181379],[-0.298037,0.914542,0.273474],[0.262502,-0.196923,0.944624]],[[0.941415,0.328984,-0.0742067],[-0.308276,0.928674,0.206229],[0.13676,-0.171271,0.975686]],[[0.941415,0.328984,-0.0742067],[-0.32363,0.943155,0.0756383],[0.0948723,-0.0471915,0.99437]],[[0.941415,0.328984,-0.0742067],[-0.331715,0.942972,-0.0277389],[0.0608492,0.0507293,0.996857]]],"btipPosition":[-6.14805,333.052,-64.0486],"carpPosition":[22.3637,310.939,88.3844],"dipPosition":[-5.10872,333.918,-47.0219],"direction":[-0.0948723,0.0471915,-0.99437],"extended":true,"handId":447,"id":4471,"length":58.7895,"mcpPosition":[3.05742,325.422,18.9101],"pipPosition":[-2.81632,332.778,-22.9949],"stabilizedTipPosition":[10.6214,313.904,88.2173],"timeVisible":1.11188,"tipPosition":[-6.62451,334.489,-59.7987],"tipVelocity":[45.5925,1.51213,-138.223],"tool":false,"touchDistance":-0.484619,"touchZone":"touching","type":1,"width":19.3369},{"bases":[[[0.982049,0.162348,-0.0960343],[-0.132754,0.956563,0.259545],[0.133999,-0.242137,0.960944]],[[0.978003,0.16893,-0.122361],[-0.186066,0.441383,-0.877816],[-0.0942811,0.881274,0.463106]],[[0.978003,0.16893,-0.122361],[-0.0989967,-0.140426,-0.98513],[-0.1836,0.975573,-0.120613]],[[0.978003,0.16893,-0.122361],[-0.0458997,-0.397943,-0.916261],[-0.203476,0.901723,-0.381436]]],"btipPosition":[37.1163,246.664,7.34163],"carpPosition":[32.8775,316.914,86.0849],"dipPosition":[33.2938,263.604,0.175879],"direction":[0.1836,-0.975573,0.120613],"extended":false,"handId":447,"id":4472,"length":66.986,"mcpPosition":[23.5315,333.802,19.0622],"pipPosition":[28.0745,291.337,-3.25288],"stabilizedTipPosition":[30.6374,239.052,66.469],"timeVisible":1.11188,"tipPosition":[36.0383,250.642,4.27846],"tipVelocity":[46.8858,31.9403,-129.601],"tool":false,"touchDistance":0.333333,"touchZone":"none","type":2,"width":18.9914},{"bases":[[[0.998259,0.0523711,0.0271327],[-0.0579123,0.957511,0.282521],[-0.011184,-0.2836,0.958877]],[[0.997838,0.0643265,-0.0134726],[-0.036755,0.376247,-0.92579],[-0.0544838,0.924284,0.377798]],[[0.997838,0.0643265,-0.0134726],[0.00236222,-0.239964,-0.970779],[-0.0656798,0.968648,-0.239597]],[[0.997838,0.0643265,-0.0134726],[0.0193517,-0.483475,-0.875144],[-0.0628087,0.872991,-0.483675]]],"btipPosition":[50.7758,253.301,23.1058],"carpPosition":[44.6498,319.957,84.3567],"dipPosition":[49.6026,269.607,14.0716],"direction":[0.0656798,-0.968648,0.239597],"extended":false,"handId":447,"id":4473,"length":64.4088,"mcpPosition":[45.3501,337.717,24.311],"pipPosition":[47.7837,296.433,7.43629],"stabilizedTipPosition":[49.041,244.157,75.4508],"timeVisible":1.11188,"tipPosition":[50.4938,256.989,19.4264],"tipVelocity":[43.6713,34.369,-115.717],"tool":false,"touchDistance":0.333333,"touchZone":"none","type":3,"width":18.0715},{"bases":[[[0.98601,-0.139738,0.0908739],[0.0972994,0.925158,0.366899],[-0.135342,-0.352924,0.925812]],[[0.989824,-0.128412,0.0613034],[0.112425,0.44166,-0.89011],[0.0872256,0.887945,0.451603]],[[0.989824,-0.128412,0.0613034],[0.039128,-0.168587,-0.98491],[0.136809,0.977287,-0.161847]],[[0.989824,-0.128412,0.0613034],[0.0022318,-0.416757,-0.909015],[0.142277,0.899902,-0.41223]]],"btipPosition":[57.8908,270.451,23.7162],"carpPosition":[58.2552,315.996,83.0787],"dipPosition":[60.3424,285.958,16.6129],"direction":[-0.136809,-0.977287,0.161847],"extended":false,"handId":447,"id":4474,"length":50.4953,"mcpPosition":[66.1007,336.454,29.4117],"pipPosition":[63.0174,305.067,13.4483],"stabilizedTipPosition":[68.388,254.039,127.115],"timeVisible":1.11188,"tipPosition":[58.5732,274.048,20.7859],"tipVelocity":[38.4698,31.2152,-131.532],"tool":false,"touchDistance":0.333333,"touchZone":"none","type":4,"width":16.0525}],"r":[[0.975746,-0.0681037,0.208045],[-0.0420232,0.874426,0.483336],[-0.214837,-0.480356,0.850355]],"s":0.798876,"t":[-47.0248,114.047,-218.515],"timestamp":521645375265},false],[6,{"currentFrameRate":110.456,"devices":[],"gestures":[],"hands":[{"armBasis":[[0.865414,0.42509,-0.265249],[-0.244276,0.820147,0.517385],[0.437479,-0.382958,0.813606]],"armWidth":63.7005,"confidence":0.827446,"direction":[-0.146874,0.382386,-0.912255],"elbow":[163.47,203.026,308.906],"grabStrength":0,"id":447,"palmNormal":[0.264258,-0.873567,-0.408716],"palmPosition":[31.3354,320.968,38.4952],"palmVelocity":[28.9391,3.53852,-148.036],"palmWidth":90.9622,"pinchStrength":0.532463,"r":[[0.975892,-0.0656055,0.208161],[-0.0447284,0.873392,0.48496],[-0.213622,-0.482579,0.849402]],"s":0.798491,"sphereCenter":[40.6023,287.481,0.810335],"sphereRadius":50.2836,"stabilizedPalmPosition":[59.3159,291.433,196.839],"t":[-46.7988,113.961,-219.937],"timeVisible":1.12071,"type":"right","wrist":[45.3867,306.393,89.2993]}],"id":4127804,"interactionBox":{"center":[0,200,0],"size":[235.247,235.247,147.751]},"pointables":[{"bases":[[[0.118547,0.97712,0.176588],[-0.827992,-0.000884511,0.560739],[0.548066,-0.212687,0.808942]],[[-0.0964125,0.985331,-0.140809],[-0.82971,-0.00141667,0.558192],[0.549805,0.170647,0.817676]],[[-0.0964125,0.985331,-0.140809],[-0.975372,-0.0653324,0.210668],[0.198379,0.157652,0.967363]],[[-0.0964125,0.985331,-0.140809],[-0.678719,-0.168559,-0.714793],[-0.728042,0.0266549,0.685014]]],"btipPosition":[4.41188,272.559,-1.01957],"carpPosition":[21.5766,287.072,88.784],"dipPosition":[-12.6217,273.183,15.0073],"direction":[-0.198379,-0.157652,-0.967363],"extended":false,"handId":447,"id":4470,"length":52.1005,"mcpPosition":[21.5766,287.072,88.784],"pipPosition":[-5.85995,278.556,47.9801],"stabilizedTipPosition":[10.0499,234.851,158.133],"timeVisible":1.12071,"tipPosition":[0.489089,272.358,1.96124],"tipVelocity":[47.0476,14.1209,-144.188],"tool":false,"touchDistance":-0.476156,"touchZone":"touching","type":0,"width":20.2438},{"bases":[[[0.91501,0.361029,-0.180038],[-0.306554,0.912321,0.27147],[0.262261,-0.193206,0.945458]],[[0.938712,0.336993,-0.0724942],[-0.317481,0.927159,0.198952],[0.134259,-0.163743,0.977324]],[[0.938712,0.336993,-0.0724942],[-0.332344,0.940625,0.069084],[0.0914707,-0.0407569,0.994973]],[[0.938712,0.336993,-0.0724942],[-0.339981,0.939837,-0.0334577],[0.0568578,0.0560538,0.996807]]],"btipPosition":[-5.71078,331.936,-65.7834],"carpPosition":[22.5255,310.666,86.795],"dipPosition":[-4.73963,332.893,-48.7576],"direction":[-0.0914707,0.0407569,-0.994973],"extended":true,"handId":447,"id":4471,"length":58.7895,"mcpPosition":[3.23691,324.876,17.2593],"pipPosition":[-2.52942,331.909,-24.716],"stabilizedTipPosition":[10.615,313.912,88.1581],"timeVisible":1.12071,"tipPosition":[-6.20045,333.401,-61.5444],"tipVelocity":[46.1642,-32.3969,-153.934],"tool":false,"touchDistance":-0.490516,"touchZone":"touching","type":1,"width":19.3369},{"bases":[[[0.980794,0.170754,-0.0942715],[-0.141615,0.95576,0.257815],[0.134124,-0.239513,0.961584]],[[0.976832,0.177132,-0.120094],[-0.187586,0.438607,-0.878883],[-0.103005,0.88105,0.461673]],[[0.976832,0.177132,-0.120094],[-0.094417,-0.146892,-0.984636],[-0.192052,0.973163,-0.126765]],[[0.976832,0.177132,-0.120094],[-0.03879,-0.405326,-0.913349],[-0.210461,0.896847,-0.389065]]],"btipPosition":[38.0135,246.467,6.10727],"carpPosition":[32.9915,316.729,84.5079],"dipPosition":[34.0598,263.315,-1.20181],"direction":[0.192052,-0.973163,0.126765],"extended":false,"handId":447,"id":4472,"length":66.986,"mcpPosition":[23.6368,333.434,17.4406],"pipPosition":[28.6002,290.98,-4.80544],"stabilizedTipPosition":[30.6436,239.063,66.4095],"timeVisible":1.12071,"tipPosition":[36.9164,250.397,3.03142],"tipVelocity":[60.7349,16.6342,-133.335],"tool":false,"touchDistance":0.333333,"touchZone":"none","type":2,"width":18.9914},{"bases":[[[0.997707,0.0611078,0.0290959],[-0.0668318,0.957395,0.280943],[-0.0106884,-0.282243,0.959283]],[[0.997271,0.0729459,-0.0113495],[-0.0378085,0.372633,-0.927208],[-0.0634068,0.925107,0.374374]],[[0.997271,0.0729459,-0.0113495],[0.00734501,-0.251018,-0.967955],[-0.0734572,0.96523,-0.250869]],[[0.997271,0.0729459,-0.0113495],[0.0263888,-0.495825,-0.868022],[-0.0689459,0.865354,-0.496397]]],"btipPosition":[51.5639,253.332,22.2256],"carpPosition":[44.7404,319.872,82.7992],"dipPosition":[50.2761,269.495,12.9537],"direction":[0.0734572,-0.96523,0.250869],"extended":false,"handId":447,"id":4473,"length":64.4088,"mcpPosition":[45.4097,337.547,22.7281],"pipPosition":[48.2418,296.226,6.00628],"stabilizedTipPosition":[49.0427,244.166,75.4091],"timeVisible":1.12071,"tipPosition":[51.2618,256.954,18.4736],"tipVelocity":[55.1705,25.0057,-113.033],"tool":false,"touchDistance":0.333333,"touchZone":"none","type":3,"width":18.0715},{"bases":[[[0.987,-0.131004,0.0931044],[0.0884817,0.926522,0.365688],[-0.13417,-0.352696,0.926069]],[[0.990714,-0.11991,0.0640953],[0.111007,0.441128,-0.890552],[0.0785115,0.889397,0.450342]],[[0.990714,-0.11991,0.0640953],[0.0420442,-0.178125,-0.983109],[0.129301,0.976675,-0.17143]],[[0.990714,-0.11991,0.0640953],[0.00652475,-0.428938,-0.90331],[0.135808,0.89534,-0.424173]]],"btipPosition":[58.5163,270.509,22.6154],"carpPosition":[58.3825,316.028,81.5551],"dipPosition":[60.8565,285.937,15.3062],"direction":[-0.129301,-0.976674,0.17143],"extended":false,"handId":447,"id":4474,"length":50.4953,"mcpPosition":[66.16,336.473,27.8732],"pipPosition":[63.3847,305.034,11.9543],"stabilizedTipPosition":[68.3851,254.045,127.081],"timeVisible":1.12071,"tipPosition":[59.1729,274.056,19.6264],"tipVelocity":[46.4226,23.9884,-131.098],"tool":false,"touchDistance":0.333333,"touchZone":"none","type":4,"width":16.0525}],"r":[[0.975892,-0.0656055,0.208161],[-0.0447284