{"sensorType":"Leap","data":[[0,{"currentFrameRate":109.473,"devices":[],"gestures":[],"hands":[{"armBasis":[[0.890936,0.286859,-0.352057],[-0.109744,0.88826,0.446039],[0.440668,-0.358757,0.822864]],"armWidth":63.7005,"confidence":0.785594,"direction":[-0.120212,0.429127,-0.895209],"elbow":[180.493,210.132,315.504],"grabStrength":0,"id":435,"palmNormal":[0.110337,-0.890386,-0.441632],"palmPosition":[48.0173,325.13,43.6198],"palmVelocity":[-3.25711,1.43331,-136.536],"palmWidth":90.9622,"pinchStrength":0.843406,"r":[[0.979305,0.123948,-0.159997],[-0.139572,0.986079,-0.0903815],[0.146567,0.110842,0.982971]],"s":1.18339,"sphereCenter":[57.5221,293.909,4.58733],"sphereRadius":49.6992,"stabilizedPalmPosition":[52.9445,305.705,142.246],"t":[-23.7472,110.923,-172.927],"timeVisible":0.732073,"type":"right","wrist":[61.5485,306.967,93.3987]}],"id":4122008,"interactionBox":{"center":[0,200,0],"size":[235.247,235.247,147.751]},"pointables":[{"bases":[[[0.274858,0.941232,0.196305],[-0.796438,0.1085,0.594907],[0.538646,-0.31986,0.779455]],[[-0.00355587,0.982915,-0.184027],[-0.816918,0.103282,0.567431],[0.576743,0.152352,0.802594]],[[-0.00355587,0.982915,-0.184027],[-0.984727,0.028592,0.171742],[0.174069,0.181827,0.967801]],[[-0.00355587,0.982915,-0.184027],[-0.759952,-0.122269,-0.638375],[-0.649969,0.137581,0.747403]]],"btipPosition":[15.5266,274.538,2.86845],"carpPosition":[35.0337,291.557,93.394],"dipPosition":[0.319663,277.757,20.355],"direction":[-0.174069,-0.181827,-0.967801],"extended":false,"handId":435,"id":4350,"length":52.1005,"mcpPosition":[35.0337,291.557,93.394],"pipPosition":[6.25285,283.954,53.3427],"stabilizedTipPosition":[16.1442,256.749,109.794],"timeVisible":0.732073,"tipPosition":[11.3328,275.882,6.9738],"tipVelocity":[10.2991,-3.59585,-141.34],"tool":false,"touchDistance":-0.498156,"touchZone":"touching","type":0,"width":20.2438},{"bases":[[[0.952408,0.22176,-0.209146],[-0.151269,0.939506,0.307322],[0.264645,-0.261058,0.928338]],[[0.98742,0.158093,0.00272028],[-0.154599,0.961697,0.226358],[0.0331697,-0.223931,0.97404]],[[0.98742,0.158093,0.00272028],[-0.157408,0.981221,0.111481],[0.0149552,-0.110507,0.993763]],[[0.98742,0.158093,0.00272028],[-0.158116,0.987202,0.0207532],[0.000595483,-0.0209223,0.999781]]],"btipPosition":[18.2857,346.622,-59.2306],"carpPosition":[39.5457,314.777,91.9693],"dipPosition":[18.2958,346.265,-42.1539],"direction":[-0.0149552,0.110507,-0.993763],"extended":true,"handId":435,"id":4351,"length":58.7895,"mcpPosition":[20.0818,333.977,23.6927],"pipPosition":[18.6572,343.595,-18.1416],"stabilizedTipPosition":[12.1332,313.297,44.9216],"timeVisible":0.732073,"tipPosition":[18.3959,345.241,-55.4173],"tipVelocity":[19.5039,18.7067,-141.802],"tool":false,"touchDistance":-0.517251,"touchZone":"touching","type":1,"width":19.3369},{"bases":[[[0.991145,0.0210171,-0.131107],[0.0177719,0.957512,0.287846],[0.131586,-0.287627,0.94866]],[[0.993976,0.0142213,-0.108676],[-0.0859272,0.716638,-0.692132],[0.0680383,0.6973,0.713543]],[[0.993976,0.0142213,-0.108676],[-0.0926545,-0.420639,-0.902484],[-0.0585478,0.907117,-0.416787]],[[0.993976,0.0142213,-0.108676],[-0.0387967,-0.881695,-0.470222],[-0.102506,0.471606,-0.875831]]],"btipPosition":[41.8639,271.044,17.1523],"carpPosition":[50.73,319.23,89.3988],"dipPosition":[39.9382,279.904,0.698681],"direction":[0.0585478,-0.907117,0.416787],"extended":false,"handId":435,"id":4352,"length":66.986,"mcpPosition":[41.5523,339.291,23.2329],"pipPosition":[38.2739,305.691,-11.1496],"stabilizedTipPosition":[58.3041,251.773,118.331],"timeVisible":0.732073,"tipPosition":[41.468,272.888,13.7786],"tipVelocity":[2.71423,2.92522,-135.739],"tool":false,"touchDistance":0.333333,"touchZone":"none","type":2,"width":18.9914},{"bases":[[[0.995528,-0.0937802,-0.0113985],[0.0927249,0.94691,0.307837],[-0.0180757,-0.307518,0.951371]],[[0.99563,-0.0847229,-0.0392894],[0.0319193,0.704081,-0.709402],[0.0877655,0.705048,0.703708]],[[0.99563,-0.0847229,-0.0392894],[-0.0725997,-0.437526,-0.89627],[0.0587445,0.895206,-0.441765]],[[0.99563,-0.0847229,-0.0392894],[-0.0932984,-0.883753,-0.458559],[0.00412834,0.460221,-0.887795]]],"btipPosition":[58.2588,274.962,25.0867],"carpPosition":[62.751,320.584,87.2776],"dipPosition":[58.3359,283.558,8.50417],"direction":[-0.0587445,-0.895206,0.441765],"extended":false,"handId":435,"id":4353,"length":64.4088,"mcpPosition":[63.8829,339.841,27.7019],"pipPosition":[59.9627,308.35,-3.72985],"stabilizedTipPosition":[72.848,259.768,124.483],"timeVisible":0.732073,"tipPosition":[58.2583,276.854,21.5349],"tipVelocity":[0.609951,3.20498,-149.344],"tool":false,"touchDistance":0.333333,"touchZone":"none","type":3,"width":18.0715},{"bases":[[[0.957647,-0.283901,0.048083],[0.244473,0.889883,0.385151],[-0.152133,-0.357084,0.9216]],[[0.941932,-0.312248,0.123554],[0.306615,0.649686,-0.695626],[0.136937,0.693115,0.7077]],[[0.941932,-0.312248,0.123554],[-0.0367996,-0.4617,-0.886272],[0.333782,0.830261,-0.446381]],[[0.941932,-0.312248,0.123554],[-0.224707,-0.859508,-0.459078],[0.249542,0.404657,-0.879762]]],"btipPosition":[68.7292,287.724,30.8111],"carpPosition":[75.5773,314.732,85.3624],"dipPosition":[73.0292,294.697,15.6514],"direction":[-0.333782,-0.830261,0.446381],"extended":false,"handId":435,"id":4354,"length":50.4953,"mcpPosition":[84.3961,335.431,31.9395],"pipPosition":[79.5556,310.931,6.92344],"stabilizedTipPosition":[78.992,273.485,129.189],"timeVisible":0.732073,"tipPosition":[69.4655,289.261,27.6671],"tipVelocity":[2.94704,1.14875,-133.275],"tool":false,"touchDistance":0.333333,"touchZone":"none","type":4,"width":16.0525}],"r":[[0.979305,0.123948,-0.159997],[-0.139572,0.986079,-0.0903815],[0.146567,0.110842,0.982971]],"s":1.18339,"t":[-23.7472,110.923,-172.927],"timestamp":521571876003},false],[1,{"currentFrameRate":109.351,"devices":[],"gestures":[],"hands":[{"armBasis":[[0.892451,0.285178,-0.349578],[-0.110196,0.889194,0.444062],[0.437479,-0.357781,0.824987]],"armWidth":63.7005,"confidence":0.789684,"direction":[-0.117948,0.427907,-0.896094],"elbow":[179.469,210.532,315.225],"grabStrength":0,"id":435,"palmNormal":[0.11072,-0.891099,-0.440095],"palmPosition":[47.9763,325.204,42.7117],"palmVelocity":[-3.57535,3.27059,-125.309],"palmWidth":90.9622,"pinchStrength":0.844423,"r":[[0.979782,0.122895,-0.157872],[-0.138405,0.986159,-0.0912918],[0.144468,0.111296,0.983231]],"s":1.18339,"sphereCenter":[57.5641,293.923,3.73295],"sphereRadius":49.7048,"stabilizedPalmPosition":[52.9445,305.705,142.246],"t":[-23.784,110.962,-173.953],"timeVisible":0.741436,"type":"right","wrist":[61.3854,307.104,92.5467]}],"id":4122009,"interactionBox":{"center":[0,200,0],"size":[235.247,235.247,147.751]},"pointables":[{"bases":[[[0.275051,0.941333,0.195547],[-0.797678,0.109892,0.592987],[0.53671,-0.319085,0.781107]],[[-0.00235009,0.982685,-0.185271],[-0.818895,0.104444,0.56436],[0.573938,0.153044,0.80447]],[[-0.00235009,0.982685,-0.185271],[-0.984617,0.0300954,0.172116],[0.174712,0.182826,0.967497]],[[-0.00235009,0.982685,-0.185271],[-0.755839,-0.123053,-0.643091],[-0.654754,0.138524,0.74304]]],"btipPosition":[15.5833,274.602,1.99893],"carpPosition":[34.8604,291.712,92.5057],"dipPosition":[0.264411,277.843,19.3834],"direction":[-0.174712,-0.182826,-0.967497],"extended":false,"handId":435,"id":4350,"length":52.1005,"mcpPosition":[34.8604,291.712,92.5057],"pipPosition":[6.21949,284.075,52.3608],"stabilizedTipPosition":[16.1442,256.749,109.794],"timeVisible":0.741436,"tipPosition":[11.3752,275.924,6.0707],"tipVelocity":[8.31327,-0.47157,-128.29],"tool":false,"touchDistance":-0.490069,"touchZone":"touching","type":0,"width":20.2438},{"bases":[[[0.953015,0.220825,-0.207362],[-0.151322,0.940051,0.305624],[0.26242,-0.259886,0.929298]],[[0.987504,0.157532,0.00439466],[-0.154456,0.961937,0.225432],[0.0312853,-0.223294,0.974249]],[[0.987504,0.157532,0.00439466],[-0.15705,0.981406,0.11035],[0.0130707,-0.109661,0.993883]],[[0.987504,0.157532,0.00439466],[-0.157588,0.987314,0.0194449],[-0.00127573,-0.0198944,0.999801]]],"btipPosition":[18.4531,346.62,-60.2254],"carpPosition":[39.391,314.927,91.0573],"dipPosition":[18.4313,346.281,-43.1484],"direction":[-0.0130707,0.109661,-0.993883],"extended":true,"handId":435,"id":4351,"length":58.7895,"mcpPosition":[20.0908,334.041,22.7101],"pipPosition":[18.7471,343.631,-19.1332],"stabilizedTipPosition":[12.1335,313.299,44.917],"timeVisible":0.741436,"tipPosition":[18.5635,345.271,-56.4093],"tipVelocity":[18.8207,13.4643,-131.708],"tool":false,"touchDistance":-0.508781,"touchZone":"touching","type":1,"width":19.3369},{"bases":[[[0.991446,0.0201699,-0.128946],[0.0177734,0.957917,0.286495],[0.129298,-0.286336,0.949365]],[[0.994219,0.0134143,-0.106531],[-0.0838943,0.716263,-0.69277],[0.0670108,0.697702,0.713247]],[[0.994219,0.0134143,-0.106531],[-0.0909989,-0.421348,-0.902322],[-0.0569904,0.9068,-0.417691]],[[0.994219,0.0134143,-0.106531],[-0.0383724,-0.882251,-0.469212],[-0.100281,0.470587,-0.876636]]],"btipPosition":[41.8409,271.101,16.2644],"carpPosition":[50.584,319.368,88.5051],"dipPosition":[39.957,279.942,-0.204286],"direction":[0.0569904,-0.9068,0.417691],"extended":false,"handId":435,"id":4352,"length":66.986,"mcpPosition":[41.5658,339.34,22.29],"pipPosition":[38.3369,305.72,-12.0783],"stabilizedTipPosition":[58.3041,251.774,118.331],"timeVisible":0.741436,"tipPosition":[41.4539,272.941,12.8919],"tipVelocity":[1.53567,3.7035,-124.229],"tool":false,"touchDistance":0.333333,"touchZone":"none","type":2,"width":18.9914},{"bases":[[[0.995488,-0.0944563,-0.00906194],[0.0926751,0.947294,0.306668],[-0.0203824,-0.306124,0.951773]],[[0.995654,-0.0853223,-0.0373269],[0.0338394,0.704857,-0.708542],[0.0867646,0.704199,0.704681]],[[0.995654,-0.0853223,-0.0373269],[-0.0710693,-0.437081,-0.89661],[0.060186,0.895366,-0.441245]],[[0.995654,-0.0853223,-0.0373269],[-0.0929309,-0.884035,-0.45809],[0.006087,0.459568,-0.888122]]],"btipPosition":[58.2309,275.048,24.1406],"carpPosition":[62.6105,320.712,86.4084],"dipPosition":[58.3446,283.632,7.55196],"direction":[-0.060186,-0.895366,0.441245],"extended":false,"handId":435,"id":4353,"length":64.4088,"mcpPosition":[63.8868,339.882,26.8076],"pipPosition":[60.0114,308.428,-4.66767],"stabilizedTipPosition":[72.848,259.768,124.483],"timeVisible":0.741436,"tipPosition":[58.2375,276.925,20.6224],"tipVelocity":[-0.152956,4.81822,-135.675],"tool":false,"touchDistance":0.333333,"touchZone":"none","type":3,"width":18.0715},{"bases":[[[0.957349,-0.284465,0.0506113],[0.244214,0.890279,0.3844],[-0.154407,-0.355645,0.921778]],[[0.942006,-0.311893,0.123882],[0.306817,0.650842,-0.694455],[0.135968,0.69219,0.708792]],[[0.942006,-0.311893,0.123882],[-0.0359688,-0.460848,-0.88675],[0.333662,0.830868,-0.44534]],[[0.942006,-0.311893,0.123882],[-0.224218,-0.859585,-0.459174],[0.2497,0.404768,-0.879666]]],"btipPosition":[68.7547,287.776,29.9079],"carpPosition":[75.4371,314.848,84.5301],"dipPosition":[73.0574,294.751,14.7499],"direction":[-0.333662,-0.830868,0.44534],"extended":false,"handId":435,"id":4354,"length":50.4953,"mcpPosition":[84.3876,335.464,31.0969],"pipPosition":[79.5814,310.996,6.04223],"stabilizedTipPosition":[78.992,273.485,129.189],"timeVisible":0.741436,"tipPosition":[69.4812,289.313,26.7831],"tipVelocity":[2.90057,2.40856,-122.813],"tool":false,"touchDistance":0.333333,"touchZone":"none","type":4,"width":16.0525}],"r":[[0.979782,0.122895,-0.157872],[-0.138405,0.986159,-0.0912918],[0.144468,0.111296,0.983231]],"s":1.18339,"t":[-23.784,110.962,-173.953],"timestamp":521571885366},false],[2,{"currentFrameRate":109.564,"devices":[],"gestures":[],"hands":[{"armBasis":[[0.892336,0.285364,-0.34972],[-0.110285,0.88915,0.444128],[0.437692,-0.357742,0.824892]],"armWidth":63.7005,"confidence":0.80102,"direction":[-0.116676,0.426984,-0.8967],"elbow":[179.427,210.65,314.693],"grabStrength":0,"id":435,"palmNormal":[0.110955,-0.891611,-0.438998],"palmPosition":[47.9463,325.262,42.1693],"palmVelocity":[-3.53568,4.17752,-108.344],"palmWidth":90.9622,"pinchStrength":0.848769,"r":[[0.980208,0.12195,-0.155952],[-0.137377,0.986212,-0.0922646],[0.14255,0.111863,0.983446]],"s":1.18305,"sphereCenter":[57.6057,293.917,3.21018],"sphereRadius":49.7155,"stabilizedPalmPosition":[52.9445,305.705,142.246],"t":[-23.8174,111.011,-174.737],"timeVisible":0.750183,"type":"right","wrist":[61.2868,307.211,92.0405]}],"id":4122010,"interactionBox":{"center":[0,200,0],"size":[235.247,235.247,147.751]},"pointables":[{"bases":[[[0.275138,0.941446,0.194879],[-0.79838,0.11081,0.591871],[0.53562,-0.318434,0.78212]],[[-0.00138475,0.982582,-0.185827],[-0.820514,0.105107,0.561881],[0.571625,0.153251,0.806076]],[[-0.00138475,0.982582,-0.185827],[-0.984279,0.0314802,0.17379],[0.176613,0.183146,0.967091]],[[-0.00138475,0.982582,-0.185827],[-0.751252,-0.12367,-0.648325],[-0.660014,0.138705,0.738338]]],"btipPosition":[15.653,274.693,1.5198],"carpPosition":[34.7563,291.829,91.9829],"dipPosition":[0.210978,277.938,18.7943],"direction":[-0.176613,-0.183146,-0.967091],"extended":false,"handId":435,"id":4350,"length":52.1005,"mcpPosition":[34.7563,291.829,91.9829],"pipPosition":[6.23087,284.181,51.7578],"stabilizedTipPosition":[16.1442,256.749,109.794],"timeVisible":0.750183,"tipPosition":[11.4262,275.969,5.55508],"tipVelocity":[7.35154,2.46949,-109.363],"tool":false,"touchDistance":-0.476962,"touchZone":"touching","type":0,"width":20.2438},{"bases":[[[0.953351,0.220266,-0.206407],[-0.151371,0.940432,0.304424],[0.261166,-0.258979,0.929904]],[[0.987543,0.157261,0.0052325],[-0.154411,0.962181,0.224422],[0.0302581,-0.222434,0.974478]],[[0.987543,0.157261,0.0052325],[-0.156889,0.981578,0.109042],[0.0120118,-0.108504,0.994023]],[[0.987543,0.157261,0.0052325],[-0.15733,0.987384,0.0179042],[-0.00235085,-0.0185044,0.999826]]],"btipPosition":[18.5393,346.578,-60.8258],"carpPosition":[39.297,315.04,90.5151],"dipPosition":[18.4992,346.262,-43.7484],"direction":[-0.0120118,0.108504,-0.994023],"extended":true,"handId":435,"id":4351,"length":58.7895,"mcpPosition":[20.089,334.087,22.1233],"pipPosition":[18.7894,343.64,-19.7298],"stabilizedTipPosition":[12.1337,313.3,44.9137],"timeVisible":0.750183,"tipPosition":[18.6505,345.259,-57.0065],"tipVelocity":[16.2895,8.73202,-114.801],"tool":false,"touchDistance":-0.495241,"touchZone":"touching","type":1,"width":19.3369},{"bases":[[[0.991614,0.0196823,-0.127728],[0.0177537,0.958218,0.285488],[0.12801,-0.285361,0.949833]],[[0.994366,0.0129238,-0.105215],[-0.0822594,0.72011,-0.688967],[0.066862,0.69374,0.717115]],[[0.994366,0.0129238,-0.105215],[-0.0902885,-0.416808,-0.904499],[-0.0555438,0.908903,-0.413293]],[[0.994366,0.0129238,-0.105215],[-0.0384404,-0.881021,-0.471512],[-0.09879,0.4729,-0.87556]]],"btipPosition":[41.7795,271.228,15.3672],"carpPosition":[50.4947,319.475,87.9721],"dipPosition":[39.9236,280.112,-1.08127],"direction":[0.0555438,-0.908903,0.413293],"extended":false,"handId":435,"id":4352,"length":66.986,"mcpPosition":[41.5664,339.378,21.7244],"pipPosition":[38.3446,305.95,-12.8302],"stabilizedTipPosition":[58.3041,251.774,118.331],"timeVisible":0.750183,"tipPosition":[41.4107,273.06,12.1088],"tipVelocity":[-0.56019,6.88351,-118.282],"tool":false,"touchDistance":0.333333,"touchZone":"none","type":2,"width":18.9914},{"bases":[[[0.995465,-0.0948163,-0.00771563],[0.0926263,0.947591,0.305765],[-0.0216803,-0.305093,0.952076]],[[0.995668,-0.0856548,-0.0361695],[0.0348889,0.704768,-0.70858],[0.0861843,0.704248,0.704703]],[[0.995668,-0.0856548,-0.0361695],[-0.0702033,-0.437504,-0.896472],[0.0609629,0.895128,-0.441622]],[[0.995668,-0.0856548,-0.0361695],[-0.0927008,-0.884468,-0.457299],[0.00717912,0.458671,-0.888577]]],"btipPosition":[58.21,275.105,23.6203],"carpPosition":[62.5243,320.812,85.8891],"dipPosition":[58.3441,283.672,7.02317],"direction":[-0.0609629,-0.895128,0.441622],"extended":false,"handId":435,"id":4353,"length":64.4088,"mcpPosition":[63.8819,339.917,26.2693],"pipPosition":[60.0324,308.461,-5.20689],"stabilizedTipPosition":[72.848,259.768,124.483],"timeVisible":0.750183,"tipPosition":[58.2204,276.973,20.1077],"tipVelocity":[-0.609268,5.14476,-115.314],"tool":false,"touchDistance":0.333333,"touchZone":"none","type":3,"width":18.0715},{"bases":[[[0.957185,-0.284748,0.0521141],[0.244048,0.890606,0.383748],[-0.155684,-0.354599,0.921966]],[[0.942305,-0.311279,0.123151],[0.306063,0.652109,-0.693599],[0.135595,0.691274,0.709757]],[[0.942305,-0.311279,0.123151],[-0.0359537,-0.459865,-0.887261],[0.332818,0.831643,-0.444525]],[[0.942305,-0.311279,0.123151],[-0.223921,-0.85958,-0.459328],[0.248837,0.405251,-0.879689]]],"btipPosition":[68.7873,287.818,29.3504],"carpPosition":[75.3512,314.942,84.0331],"dipPosition":[73.0752,294.801,14.192],"direction":[-0.332818,-0.831643,0.444525],"extended":false,"handId":435,"id":4354,"length":50.4953,"mcpPosition":[84.3758,335.497,30.589],"pipPosition":[79.5827,311.062,5.50026],"stabilizedTipPosition":[78.992,273.485,129.189],"timeVisible":0.750183,"tipPosition":[69.501,289.357,26.2398],"tipVelocity":[3.01984,3.1033,-106.984],"tool":false,"touchDistance":0.333333,"touchZone":"none","type":4,"width":16.0525}],"r":[[0.980208,0.12195,-0.155952],[-0.137377,0.986212,-0.0922646],[0.14255,0.111863,0.983446]],"s":1.18305,"t":[-23.8174,111.011,-174.737],"timestamp":521571894113},false],[3,{"currentFrameRate":109.65,"devices":[],"gestures":[],"hands":[{"armBasis":[[0.891482,0.282759,-0.353987],[-0.106894,0.890548,0.442152],[0.440265,-0.356332,0.824133]],"armWidth":63.7005,"confidence":0.808773,"direction":[-0.115344,0.427181,-0.896779],"elbow":[180.102,210.891,313.858],"grabStrength":0,"id":435,"palmNormal":[0.107328,-0.892159,-0.438785],"palmPosition":[47.9788,325.16,41.5391],"palmVelocity":[-1.57598,-0.0780941,-97.9269],"palmWidth":90.9622,"pinchStrength":0.854647,"r":[[0.980627,0.120424,-0.154494],[-0.135793,0.986354,-0.0930873],[0.141176,0.112263,0.983599]],"s":1.18243,"sphereCenter":[57.5682,293.758,2.56871],"sphereRadius":49.72,"stabilizedPalmPosition":[52.9445,305.705,142.246],"t":[-23.8178,110.985,-175.444],"timeVisible":0.759149,"type":"right","wrist":[61.2672,307.071,91.4105]}],"id":4122011,"interactionBox":{"center":[0,200,0],"size":[235.247,235.247,147.751]},"pointables":[{"bases":[[[0.278867,0.940425,0.194511],[-0.797726,0.11408,0.592131],[0.534665,-0.320292,0.782014]],[[0.00324738,0.982741,-0.18496],[-0.821608,0.108058,0.559718],[0.570044,0.150147,0.807778]],[[0.00324738,0.982741,-0.18496],[-0.983484,0.0366107,0.177255],[0.180968,0.181329,0.966628]],[[0.00324738,0.982741,-0.18496],[-0.745881,-0.120817,-0.65503],[-0.666071,0.140085,0.732616]]],"btipPosition":[15.6461,274.841,0.968647],"carpPosition":[34.6772,291.792,91.367],"dipPosition":[0.062369,278.119,18.1093],"direction":[-0.180968,-0.181329,-0.966628],"extended":false,"handId":435,"id":4350,"length":52.1005,"mcpPosition":[34.6772,291.792,91.367],"pipPosition":[6.23068,284.3,51.057],"stabilizedTipPosition":[16.1442,256.749,109.794],"timeVisible":0.759149,"tipPosition":[11.3778,276.043,4.96808],"tipVelocity":[4.13411,6.54515,-97.1951],"tool":false,"touchDistance":-0.466328,"touchZone":"touching","type":0,"width":20.2438},{"bases":[[[0.954125,0.216501,-0.206818],[-0.147604,0.9411,0.304212],[0.260498,-0.259729,0.929883]],[[0.988138,0.1535,0.00458213],[-0.150596,0.962739,0.224619],[0.0300677,-0.222645,0.974436]],[[0.988138,0.1535,0.00458213],[-0.153082,0.982196,0.108889],[0.0122139,-0.108299,0.994043]],[[0.988138,0.1535,0.00458213],[-0.153557,0.987985,0.0174608],[-0.00184685,-0.0179573,0.999837]]],"btipPosition":[18.5937,346.574,-61.4472],"carpPosition":[39.3075,314.985,89.891],"dipPosition":[18.5622,346.267,-44.3696],"direction":[-0.0122139,0.108299,-0.994043],"extended":true,"handId":435,"id":4351,"length":58.7895,"mcpPosition":[20.1487,334.088,21.5008],"pipPosition":[18.8573,343.65,-20.3505],"stabilizedTipPosition":[12.1338,313.301,44.911],"timeVisible":0.759149,"tipPosition":[18.708,345.28,-57.6265],"tipVelocity":[13.5507,6.26553,-102.347],"tool":false,"touchDistance":-0.48337,"touchZone":"touching","type":1,"width":19.3369},{"bases":[[[0.991636,0.0157918,-0.128096],[0.0215825,0.958222,0.285209],[0.127248,-0.285588,0.949867]],[[0.994378,0.0090058,-0.105504],[-0.0792356,0.724245,-0.684975],[0.0702421,0.689484,0.720887]],[[0.994378,0.0090058,-0.105504],[-0.0924558,-0.411844,-0.906552],[-0.0516155,0.91121,-0.408696]],[[0.994378,0.0090058,-0.105504],[-0.042335,-0.879464,-0.474079],[-0.0970566,0.47588,-0.874139]]],"btipPosition":[41.5523,271.228,14.3963],"carpPosition":[50.5214,319.376,87.3427],"dipPosition":[39.7289,280.168,-2.02554],"direction":[0.0516155,-0.91121,0.408696],"extended":false,"handId":435,"id":4352,"length":66.986,"mcpPosition":[41.6463,339.295,21.0926],"pipPosition":[38.2616,306.072,-13.6438],"stabilizedTipPosition":[58.3041,251.774,118.331],"timeVisible":0.759149,"tipPosition":[41.1994,273.061,11.2248],"tipVelocity":[-7.11354,5.40671,-115.361],"tool":false,"touchDistance":0.333333,"touchZone":"none","type":2,"width":18.9914},{"bases":[[[0.995086,-0.098687,-0.00805206],[0.0964206,0.94731,0.305462],[-0.0225174,-0.304738,0.95217]],[[0.995313,-0.0894747,-0.0366933],[0.0371665,0.704206,-0.709022],[0.0892792,0.704335,0.704231]],[[0.995313,-0.0894747,-0.0366933],[-0.0724159,-0.438103,-0.896003],[0.0640942,0.894461,-0.442529]],[[0.995313,-0.0894747,-0.0366933],[-0.0963435,-0.884591,-0.456307],[0.00836938,0.457703,-0.889066]]],"btipPosition":[58.0463,274.969,23.0355],"carpPosition":[62.5553,320.666,85.2549],"dipPosition":[58.2027,283.518,6.42922],"direction":[-0.0640942,-0.894461,0.442529],"extended":false,"handId":435,"id":4353,"length":64.4088,"mcpPosition":[63.9654,339.749,25.6292],"pipPosition":[59.9777,308.289,-5.82597],"stabilizedTipPosition":[72.848,259.768,124.483],"timeVisible":0.759149,"tipPosition":[58.0604,276.833,19.5],"tipVelocity":[-5.28268,-0.535892,-101.669],"tool":false,"touchDistance":0.333333,"touchZone":"none","type":3,"width":18.0715},{"bases":[[[0.95609,-0.288451,0.0518456],[0.247648,0.889759,0.383405],[-0.156724,-0.35373,0.922124]],[[0.941609,-0.314218,0.120996],[0.306765,0.652423,-0.692994],[0.138811,0.689646,0.710718]],[[0.941609,-0.314218,0.120996],[-0.0388629,-0.458367,-0.887913],[0.334459,0.831364,-0.443814]],[[0.941609,-0.314218,0.120996],[-0.227392,-0.858451,-0.459734],[0.248326,0.405376,-0.879775]]],"btipPosition":[68.7182,287.632,28.6576],"carpPosition":[75.3587,314.745,83.3959],"dipPosition":[72.9972,294.617,13.4977],"direction":[-0.334459,-0.831364,0.443814],"extended":false,"handId":435,"id":4354,"length":50.4953,"mcpPosition":[84.4435,335.25,29.9426],"pipPosition":[79.5368,310.872,4.81991],"stabilizedTipPosition":[78.992,273.485,129.189],"timeVisible":0.759149,"tipPosition":[69.4241,289.174,25.5562],"tipVelocity":[0.0196689,-3.41129,-98.8601],"tool":false,"touchDistance":0.333333,"touchZone":"none","type":4,"width":16.0525}],"r":[[0.980627,0.120424,-0.154494],[-0.135793,0.986354,-0.0930873],[0.141176,0.112263,0.983599]],"s":1.18243,"t":[-23.8178,110.985,-175.444],"timestamp":521571903079},false],[4,{"currentFrameRate":109.598,"devices":[],"gestures":[],"hands":[{"armBasis":[[0.890089,0.280951,-0.358897],[-0.102309,0.890487,0.443357],[0.444155,-0.357909,0.821357]],"armWidth":63.7005,"confidence":0.816297,"direction":[-0.11322,0.42555,-0.897824],"elbow":[181.053,210.403,312.379],"grabStrength":0,"id":435,"palmNormal":[0.103164,-0.893716,-0.436612],"palmPosition":[47.9705,325.04,40.7633],"palmVelocity":[-1.38916,-3.71759,-94.0724],"palmWidth":90.9622,"pinchStrength":0.857511,"r":[[0.981076,0.118202,-0.153359],[-0.13359,0.986547,-0.0942242],[0.140158,0.112928,0.983668]],"s":1.18186,"sphereCenter":[57.4634,293.506,1.87352],"sphereRadius":49.7149,"stabilizedPalmPosition":[52.9445,305.705,142.246],"t":[-23.8222,110.911,-176.186],"timeVisible":0.768366,"type":"right","wrist":[61.1674,307.009,90.6801]}],"id":4122012,"interactionBox":{"center":[0,200,0],"size":[235.247,235.247,147.751]},"pointables":[{"bases":[[[0.283283,0.939565,0.192271],[-0.797248,0.119279,0.59175],[0.533054,-0.320921,0.782856]],[[0.00885203,0.982488,-0.186114],[-0.822723,0.112946,0.557109],[0.568374,0.148188,0.809315]],[[0.00885203,0.982488,-0.186114],[-0.982694,0.0429856,0.18018],[0.185025,0.181298,0.965866]],[[0.00885203,0.982488,-0.186114],[-0.74081,-0.118571,-0.661167],[-0.671657,0.143728,0.726787]]],"btipPosition":[15.5501,274.918,0.357397],"carpPosition":[34.5055,291.856,90.6701],"dipPosition":[-0.164299,278.281,17.3616],"direction":[-0.185025,-0.181298,-0.965866],"extended":false,"handId":435,"id":4350,"length":52.1005,"mcpPosition":[34.5055,291.856,90.6701],"pipPosition":[6.14231,284.461,50.2834],"stabilizedTipPosition":[16.1442,256.749,109.794],"timeVisible":0.768366,"tipPosition":[11.2525,276.061,4.32001],"tipVelocity":[-0.855509,7.64753,-89.4974],"tool":false,"touchDistance":-0.457668,"touchZone":"touching","type":0,"width":20.2438},{"bases":[[[0.955161,0.21149,-0.207218],[-0.143192,0.94252,0.301915],[0.259159,-0.258705,0.930542]],[[0.988844,0.148895,0.00416624],[-0.146075,0.963879,0.222709],[0.0291445,-0.220833,0.974876]],[[0.988844,0.148895,0.00416624],[-0.148488,0.983157,0.106551],[0.0117688,-0.10598,0.994299]],[[0.988844,0.148895,0.00416624],[-0.148941,0.988735,0.0147899],[-0.00191716,-0.0152454,0.999882]]],"btipPosition":[18.6818,346.356,-62.2739],"carpPosition":[39.2455,315.023,89.1386],"dipPosition":[18.649,346.095,-45.1955],"direction":[-0.0117688,0.10598,-0.994299],"extended":true,"handId":435,"id":4351,"length":58.7895,"mcpPosition":[20.1851,334.05,20.6999],"pipPosition":[18.9334,343.535,-21.1703],"stabilizedTipPosition":[12.134,313.301,44.909],"timeVisible":0.768366,"tipPosition":[18.7939,345.093,-58.4494],"tipVelocity":[12.4223,-1.78627,-98.7978],"tool":false,"touchDistance":-0.475765,"touchZone":"touching","type":1,"width":19.3369},{"bases":[[[0.991715,0.0107978,-0.128006],[0.0260751,0.958797,0.282892],[0.125786,-0.283886,0.950572]],[[0.994418,0.00406436,-0.105434],[-0.0756929,0.72364,-0.686014],[0.073508,0.690166,0.719908]],[[0.994418,0.00406436,-0.105434],[-0.0943488,-0.413088,-0.905791],[-0.0472349,0.910682,-0.410398]],[[0.994418,0.00406436,-0.105434],[-0.0464413,-0.880398,-0.471957],[-0.094742,0.474219,-0.875294]]],"btipPosition":[41.2878,271.101,13.7028],"carpPosition":[50.4803,319.355,86.5811],"dipPosition":[39.5079,280.01,-2.74073],"direction":[0.0472349,-0.910682,0.410398],"extended":false,"handId":435,"id":4352,"length":66.986,"mcpPosition":[41.7072,339.155,20.2819],"pipPosition":[38.1651,305.899,-14.4074],"stabilizedTipPosition":[58.3041,251.774,118.331],"timeVisible":0.768366,"tipPosition":[40.943,272.926,10.5213],"tipVelocity":[-12.8575,-0.182377,-104.272],"tool":false,"touchDistance":0.333333,"touchZone":"none","type":2,"width":18.9914},{"bases":[[[0.99461,-0.103405,-0.00768535],[0.100859,0.94758,0.303182],[-0.0240681,-0.302323,0.952902]],[[0.994881,-0.094141,-0.0367307],[0.0401023,0.701442,-0.711597],[0.0927549,0.706482,0.701627]],[[0.994881,-0.094141,-0.0367307],[-0.0748421,-0.442205,-0.893786],[0.0678994,0.89196,-0.446987]],[[0.994881,-0.094141,-0.0367307],[-0.100561,-0.886519,-0.451632],[0.00995467,0.453014,-0.891448]]],"btipPosition":[57.8183,274.795,22.5107],"carpPosition":[62.5205,320.582,84.4917],"dipPosition":[58.0043,283.257,5.86002],"direction":[-0.0678994,-0.89196,0.446987],"extended":false,"handId":435,"id":4353,"length":64.4088,"mcpPosition":[64.0276,339.514,24.8202],"pipPosition":[59.8846,307.958,-6.51863],"stabilizedTipPosition":[72.848,259.768,124.483],"timeVisible":0.768366,"tipPosition":[57.8355,276.636,18.9038],"tipVelocity":[-10.5269,-6.27826,-89.4451],"tool":false,"touchDistance":0.333333,"touchZone":"none","type":3,"width":18.0715},{"bases":[[[0.954711,-0.292838,0.0526662],[0.251804,0.889504,0.381283],[-0.158501,-0.350754,0.922957]],[[0.940319,-0.318055,0.121002],[0.309134,0.649742,-0.694457],[0.142256,0.690417,0.709287]],[[0.940319,-0.318055,0.121002],[-0.0414528,-0.45999,-0.886956],[0.337761,0.829005,-0.445721]],[[0.940319,-0.318055,0.121002],[-0.231457,-0.858435,-0.457731],[0.249456,0.402406,-0.880818]]],"btipPosition":[68.5526,287.381,27.968],"carpPosition":[75.2959,314.597,82.6487],"dipPosition":[72.8511,294.315,12.7901],"direction":[-0.337761,-0.829005,0.445721],"extended":false,"handId":435,"id":4354,"length":50.4953,"mcpPosition":[84.4838,334.929,29.1472],"pipPosition":[79.4553,310.524,4.07502],"stabilizedTipPosition":[78.992,273.485,129.189],"timeVisible":0.768366,"tipPosition":[69.2621,288.915,24.8579],"tipVelocity":[-4.88323,-10.4384,-92.2505],"tool":false,"touchDistance":0.333333,"touchZone":"none","type":4,"width":16.0525}],"r":[[0.981076,0.118202,-0.153359],[-0.13359,0.986547,-0.0942242],[0.140158,0.112928,0.983668]],"s":1.18186,"t":[-23.8222,110.911,-176.186],"timestamp":521571912296},false],[5,{"currentFrameRate":109.721,"devices":[],"gestures":[],"hands":[{"armBasis":[[0.890287,0.276196,-0.362084],[-0.097398,0.892174,0.441066],[0.444863,-0.357409,0.821192]],"armWidth":63.7005,"confidence":0.818395,"direction":[-0.110968,0.42373,-0.898966],"elbow":[181.101,210.426,311.369],"grabStrength":0,"id":435,"palmNormal":[0.0982503,-0.895444,-0.434197],"palmPosition":[47.9228,324.864,39.7506],"palmVelocity":[-2.46863,-8.06803,-99.4471],"palmWidth":90.9622,"pinchStrength":0.857944,"r":[[0.981554,0.11527,-0.152525],[-0.13075,0.986789,-0.095664],[0.139483,0.113842,0.983659]],"s":1.18139,"sphereCenter":[57.3048,293.176,0.939724],"sphereRadius":49.7252,"stabilizedPalmPosition":[52.9445,305.705,142.246],"t":[-23.8483,110.787,-177.063],"timeVisible":0.777262,"type":"right","wrist":[61.0252,306.897,89.7151]}],"id":4122013,"interactionBox":{"center":[0,200,0],"size":[235.247,235.247,147.751]},"pointables":[{"bases":[[[0.288422,0.938522,0.189709],[-0.796538,0.125229,0.591477],[0.531357,-0.321705,0.783687]],[[0.0150473,0.982116,-0.187673],[-0.823276,0.118687,0.555094],[0.567441,0.146154,0.810339]],[[0.0150473,0.982116,-0.187673],[-0.981793,0.0500576,0.183239],[0.189357,0.181498,0.964988]],[[0.0150473,0.982116,-0.187673],[-0.738679,-0.11558,-0.664074],[-0.67389,0.148622,0.723729]]],"btipPosition":[15.2766,274.932,-0.514453],"carpPosition":[34.2809,291.889,89.7479],"dipPosition":[-0.48998,278.41,16.4182],"direction":[-0.189357,-0.181498,-0.964988],"extended":false,"handId":435,"id":4350,"length":52.1005,"mcpPosition":[34.2809,291.889,89.7479],"pipPosition":[5.96428,284.596,49.3101],"stabilizedTipPosition":[16.1442,256.749,109.794],"timeVisible":0.777262,"tipPosition":[10.9906,276.039,3.43648],"tipVelocity":[-9.34725,6.79939,-92.3133],"tool":false,"touchDistance":-0.453559,"touchZone":"touching","type":0,"width":20.2438},{"bases":[[[0.956284,0.205713,-0.207852],[-0.138022,0.944101,0.299372],[0.257818,-0.257596,0.931222]],[[0.989634,0.143573,0.00348751],[-0.140794,0.965115,0.220751],[0.028328,-0.218954,0.975324]],[[0.989634,0.143573,0.00348751],[-0.143153,0.984211,0.104096],[0.0115129,-0.103516,0.994561]],[[0.989634,0.143573,0.00348751],[-0.143605,0.989563,0.0119437],[-0.00173633,-0.0123207,0.999923]]],"btipPosition":[18.7202,346.087,-63.3354],"carpPosition":[39.1472,315.026,88.1534],"dipPosition":[18.6906,345.877,-46.2564],"direction":[-0.0115129,0.103516,-0.994561],"extended":true,"handId":435,"id":4351,"length":58.7895,"mcpPosition":[20.1854,333.972,19.6647],"pipPosition":[18.9688,343.376,-22.2248],"stabilizedTipPosition":[12.1341,313.302,44.9075],"timeVisible":0.777262,"tipPosition":[18.8319,344.857,-59.5073],"tipVelocity":[10.2423,-9.15383,-104.374],"tool":false,"touchDistance":-0.472442,"touchZone":"touching","type":1,"width":19.3369},{"bases":[[[0.991749,0.00503865,-0.1281],[0.03133,0.959403,0.280294],[0.124311,-0.281995,0.951328]],[[0.994413,-0.00163653,-0.105549],[-0.0718324,0.722192,-0.687953],[0.0773526,0.691691,0.718039]],[[0.994413,-0.00163653,-0.105549],[-0.0966941,-0.415264,-0.904548],[-0.0423505,0.9097,-0.413102]],[[0.994413,-0.00163653,-0.105549],[-0.0512523,-0.881606,-0.469195],[-0.092285,0.471983,-0.876764]]],"btipPosition":[40.9453,270.901,12.8469],"carpPosition":[50.4053,319.29,85.5834],"dipPosition":[39.2116,279.768,-3.62425],"direction":[0.0423505,-0.9097,0.413102],"extended":false,"handId":435,"id":4352,"length":66.986,"mcpPosition":[41.735,338.958,19.2314],"pipPosition":[38.0077,305.628,-15.3678],"stabilizedTipPosition":[58.3041,251.774,118.331],"timeVisible":0.777262,"tipPosition":[40.6085,272.717,9.64635],"tipVelocity":[-19.5037,-6.55574,-102.275],"tool":false,"touchDistance":0.333333,"touchZone":"none","type":2,"width":18.9914},{"bases":[[[0.99403,-0.108852,-0.0074703],[0.106053,0.947833,0.300609],[-0.0256414,-0.299607,0.953718]],[[0.994348,-0.0995807,-0.0368165],[0.0437789,0.700499,-0.712309],[0.0967222,0.706672,0.700899]],[[0.994348,-0.0995807,-0.0368165],[-0.0774275,-0.442904,-0.89322],[0.0726413,0.891022,-0.448111]],[[0.994348,-0.0995807,-0.0368165],[-0.105471,-0.886823,-0.449911],[0.0121528,0.451252,-0.892314]]],"btipPosition":[57.4985,274.539,21.5376],"carpPosition":[62.4517,320.446,83.49],"dipPosition":[57.7255,282.968,4.87073],"direction":[-0.0726413,-0.891022,0.448111],"extended":false,"handId":435,"id":4353,"length":64.4088,"mcpPosition":[64.0574,339.208,23.7673],"pipPosition":[59.7372,307.643,-7.53904],"stabilizedTipPosition":[72.848,259.768,124.483],"timeVisible":0.777262,"tipPosition":[57.5244,276.368,17.9543],"tipVelocity":[-17.1495,-12.6288,-94.9808],"tool":false,"touchDistance":0.333333,"touchZone":"none","type":3,"width":18.0715},{"bases":[[[0.953102,-0.2979,0.0533964],[0.256685,0.889146,0.378858],[-0.160339,-0.347384,0.923913]],[[0.938917,-0.322377,0.120452],[0.311193,0.645862,-0.697152],[0.14695,0.692051,0.706732]],[[0.938917,-0.322377,0.120452],[-0.0453719,-0.462905,-0.885246],[0.34114,0.825707,-0.449257]],[[0.938917,-0.322377,0.120452],[-0.236552,-0.858767,-0.454491],[0.249957,0.398236,-0.88257]]],"btipPosition":[68.3167,287.053,27.1157],"carpPosition":[75.1942,314.386,81.6623],"dipPosition":[72.6239,293.915,11.9077],"direction":[-0.34114,-0.825707,0.449257],"extended":false,"handId":435,"id":4354,"length":50.4953,"mcpPosition":[84.4886,334.523,28.1053],"pipPosition":[79.2941,310.06,3.12348],"stabilizedTipPosition":[78.992,273.485,129.189],"timeVisible":0.777262,"tipPosition":[69.0334,288.578,23.9639],"tipVelocity":[-10.7026,-18.122,-93.4279],"tool":false,"touchDistance":0.333333,"touchZone":"none","type":4,"width":16.0525}],"r":[[0.981554,0.11527,-0.152525],[-0.13075,0.986789,-0.095664],[0.139483,0.113842,0.983659]],"s":1.18139,"t":[-23.8483,110.787,-177.063],"timestamp":521571921192},false],[6,{"currentFrameRate":109.709,"devices":[],"gestures":[],"hands":[{"armBasis":[[0.892437,0.272354,-0.359693],[-0.0948046,0.892645,0.440677],[0.441099,-0.359176,0.82245]],"armWidth":63.7005,"confidence":0.825393,"direction":[-0.109611,0.420941,-0.900441],"elbow":[179.977,209.867,310.808],"grabStrength":0,"id":435,"palmNormal":[0.0959786,-0.897184,-0.431102],"palmPosition":[47.8744,324.646,38.7852],"palmVelocity":[-3.2538,-12.4673,-101.18],"palmWidth":90.9622,"pinchStrength":0.857103,"r":[[0.981999,0.112298,-0.151882],[-0.127947,0.986977,-0.0974967],[0.138955,0.115174,0.983578]],"s":1.18105,"sphereCenter":[57.2008,292.821,0.0728182],"sphereRadius":49.7326,"stabilizedPalmPosition":[52.9445,305.705,142.246],"t":[-23.8855,110.615,-177.984],"timeVisible":0.786397,"type":"right","wrist":[60.9162,306.815,88.8144]}],"id":4122014,"interactionBox":{"center":[0,200,0],"size":[235.247,235.247,147.751]},"pointables":[{"bases":[[[0.290869,0.938396,0.186569],[-0.796352,0.129373,0.590835],[0.5303,-0.32043,0.784924]],[[0.0183315,0.98157,-0.190223],[-0.824054,0.122576,0.553091],[0.566214,0.146615,0.811114]],[[0.0183315,0.98157,-0.190223],[-0.980997,0.0544121,0.186235],[0.193153,0.183194,0.963915]],[[0.0183315,0.98157,-0.190223],[-0.737013,-0.115297,-0.665972],[-0.67563,0.152405,0.721316]]],"btipPosition":[15.1004,274.753,-1.3164],"carpPosition":[34.1322,291.879,88.8915],"dipPosition":[-0.706894,278.318,15.5598],"direction":[-0.193153,-0.183194,-0.963915],"extended":false,"handId":435,"id":4350,"length":52.1005,"mcpPosition":[34.1322,291.879,88.8915],"pipPosition":[5.87676,284.563,48.4151],"stabilizedTipPosition":[16.1442,256.749,109.794],"timeVisible":0.786397,"tipPosition":[10.8408,275.834,2.62451],"tipVelocity":[-12.3966,0.0602923,-91.4502],"tool":false,"touchDistance":-0.44876,"touchZone":"touching","type":0,"width":20.2438},{"bases":[[[0.956881,0.202456,-0.208303],[-0.135587,0.945485,0.2961],[0.256895,-0.255089,0.932167]],[[0.989992,0.141094,0.00279515],[-0.138273,0.965857,0.21909],[0.0282125,-0.217284,0.975701]],[[0.989992,0.141094,0.00279515],[-0.140643,0.984814,0.101789],[0.0116091,-0.101164,0.994802]],[[0.989992,0.141094,0.00279515],[-0.141114,0.989952,0.00908946],[-0.0014846,-0.00939293,0.999955]]],"btipPosition":[18.6997,345.695,-64.3618],"carpPosition":[39.0604,314.997,87.2191],"dipPosition":[18.6743,345.535,-47.2821],"direction":[-0.0116091,0.101164,-0.994802],"extended":true,"handId":435,"id":4351,"length":58.7895,"mcpPosition":[20.1665,333.758,18.6609],"pipPosition":[18.9548,343.091,-23.2447],"stabilizedTipPosition":[12.1341,313.302,44.9062],"timeVisible":0.786397,"tipPosition":[18.8234,344.495,-60.5313],"tipVelocity":[6.79837,-18.189,-106.588],"tool":false,"touchDistance":-0.468924,"touchZone":"touching","type":1,"width":19.3369},{"bases":[[[0.991791,0.00196251,-0.127854],[0.0338105,0.960271,0.277014],[0.123318,-0.279063,0.952322]],[[0.994424,-0.0046202,-0.105357],[-0.0698138,0.719937,-0.690519],[0.0790405,0.694024,0.7156]],[[0.994424,-0.0046202,-0.105357],[-0.0975929,-0.418895,-0.902775],[-0.0399624,0.908023,-0.417011]],[[0.994424,-0.0046202,-0.105357],[-0.0533816,-0.883648,-0.465099],[-0.0909493,0.46813,-0.878967]]],"btipPosition":[40.7654,270.636,12.1017],"carpPosition":[50.3304,319.222,84.6375],"dipPosition":[39.0568,279.431,-4.41079],"direction":[0.0399624,-0.908023,0.417011],"extended":false,"handId":435,"id":4352,"length":66.986,"mcpPosition":[41.7294,338.686,18.2162],"pipPosition":[37.9207,305.244,-16.2654],"stabilizedTipPosition":[58.304,251.774,118.331],"timeVisible":0.786397,"tipPosition":[40.4301,272.436,8.8618],"tipVelocity":[-19.3813,-13.2928,-96.8076],"tool":false,"touchDistance":0.333333,"touchZone":"none","type":2,"width":18.9914},{"bases":[[[0.993739,-0.11152,-0.00683509],[0.108497,0.948572,0.297389],[-0.0266813,-0.296268,0.954732]],[[0.994087,-0.102209,-0.0366623],[0.0458309,0.701026,-0.711662],[0.0984394,0.705773,0.701565]],[[0.994087,-0.102209,-0.0366623],[-0.0783925,-0.441902,-0.893632],[0.0751359,0.891222,-0.447301]],[[0.994087,-0.102209,-0.0366623],[-0.107752,-0.886775,-0.449466],[0.0134282,0.450759,-0.892545]]],"btipPosition":[57.3228,274.267,20.4796],"carpPosition":[62.3804,320.339,82.5433],"dipPosition":[57.5736,282.686,3.80842],"direction":[-0.0751359,-0.891222,0.447301],"extended":false,"handId":435,"id":4353,"length":64.4088,"mcpPosition":[64.0512,338.892,22.7571],"pipPosition":[59.6544,307.368,-8.57894],"stabilizedTipPosition":[72.848,259.768,124.483],"timeVisible":0.786397,"tipPosition":[57.355,276.089,16.9746],"tipVelocity":[-17.5648,-17.4682,-100.805],"tool":false,"touchDistance":0.333333,"touchZone":"none","type":3,"width":18.0715},{"bases":[[[0.952293,-0.300249,0.0546681],[0.258952,0.889753,0.375877],[-0.161498,-0.343789,0.925055]],[[0.938312,-0.324057,0.120656],[0.311866,0.642346,-0.700094],[0.149367,0.694535,0.703783]],[[0.938312,-0.324057,0.120656],[-0.0474847,-0.466377,-0.883311],[0.342514,0.823092,-0.452995]],[[0.938312,-0.324057,0.120656],[-0.238995,-0.859934,-0.450994],[0.249904,0.394336,-0.884334]]],"btipPosition":[68.1856,286.728,26.3347],"carpPosition":[75.1072,314.239,80.7397],"dipPosition":[72.4918,293.523,11.0963],"direction":[-0.342514,-0.823092,0.452995],"extended":false,"handId":435,"id":4354,"length":50.4953,"mcpPosition":[84.4688,334.168,27.1166],"pipPosition":[79.1889,309.617,2.23896],"stabilizedTipPosition":[78.992,273.485,129.189],"timeVisible":0.786397,"tipPosition":[68.9076,288.246,23.1463],"tipVelocity":[-11.726,-23.4431,-91.4356],"tool":false,"touchDistance":0.333333,"touchZone":"none","type":4,"width":16.0525}],"r":[[0.981999,0