{"sensorType":"Leap","data":[[0,{"currentFrameRate":109.089,"devices":[],"gestures":[],"hands":[{"armBasis":[[0.857161,0.425082,-0.290827],[-0.193696,0.789255,0.582716],[0.477238,-0.443149,0.758856]],"armWidth":63.7005,"confidence":0.860633,"direction":[-0.149853,0.512634,-0.845429],"elbow":[180.032,183.317,297.225],"grabStrength":0,"id":433,"palmNormal":[0.202894,-0.820942,-0.533749],"palmPosition":[36.6298,325.142,44.5971],"palmVelocity":[-0.00502685,11.4943,-87.8782],"palmWidth":90.9622,"pinchStrength":0.450838,"r":[[0.980888,-0.193651,0.0189355],[0.194469,0.978912,-0.0625626],[-0.00642085,0.0650493,0.997861]],"s":0.925168,"sphereCenter":[50.0526,297.904,4.42707],"sphereRadius":49.9945,"stabilizedPalmPosition":[35.945,306.914,106.226],"t":[-28.9906,118.616,-150.257],"timeVisible":0.695808,"type":"right","wrist":[51.2172,302.931,92.3966]}],"id":4121273,"interactionBox":{"center":[0,200,0],"size":[235.247,235.247,147.751]},"pointables":[{"bases":[[[0.178671,0.935514,0.304779],[-0.811027,-0.0353453,0.58394],[0.557057,-0.351517,0.752412]],[[-0.0408555,0.999158,0.00373432],[-0.820417,-0.0356796,0.570651],[0.570304,0.0202505,0.821184]],[[-0.0408555,0.999158,0.00373432],[-0.981874,-0.0408405,0.185083],[0.18508,0.00389503,0.982716]],[[-0.0408555,0.999158,0.00373432],[-0.791301,-0.0300738,-0.610687],[-0.610061,-0.0279049,0.791863]]],"btipPosition":[5.84782,284.655,-2.93407],"carpPosition":[26.3425,285.145,90.0678],"dipPosition":[-8.42544,284.002,15.5927],"direction":[-0.18508,-0.00389503,-0.982716],"extended":false,"handId":433,"id":4330,"length":52.1005,"mcpPosition":[26.3425,285.145,90.0678],"pipPosition":[-2.11696,284.135,49.0888],"stabilizedTipPosition":[1.90661,261.465,66.5527],"timeVisible":0.695808,"tipPosition":[2.25262,284.535,1.01152],"tipVelocity":[5.33409,19.6662,-82.1413],"tool":false,"touchDistance":-0.413893,"touchZone":"touching","type":0,"width":20.2438},{"bases":[[[0.928768,0.334018,-0.160689],[-0.246665,0.88056,0.404686],[0.276669,-0.336223,0.900227]],[[0.965523,0.259153,0.0246132],[-0.25932,0.94923,0.178091],[0.0227891,-0.178333,0.983706]],[[0.965523,0.259153,0.0246132],[-0.260119,0.964163,0.0522189],[-0.0101985,-0.0568209,0.998332]],[[0.965523,0.259153,0.0246132],[-0.258021,0.965247,-0.0415162],[-0.0345169,0.0337341,0.998835]]],"btipPosition":[8.08464,341.889,-58.3376],"carpPosition":[28.5757,308.704,91.3042],"dipPosition":[7.49508,342.465,-41.2771],"direction":[0.0101985,0.0568209,-0.998332],"extended":true,"handId":433,"id":4331,"length":58.7895,"mcpPosition":[8.22743,333.433,25.0951],"pipPosition":[7.24865,341.092,-17.1544],"stabilizedTipPosition":[1.11182,315.037,7.40692],"timeVisible":0.695808,"tipPosition":[7.88324,341.411,-54.4348],"tipVelocity":[17.1409,18.3222,-91.9656],"tool":false,"touchDistance":-0.420317,"touchZone":"touching","type":1,"width":19.3369},{"bases":[[[0.985959,0.130482,-0.104207],[-0.0799602,0.916757,0.39136],[0.146598,-0.377532,0.914319]],[[0.985212,0.132372,-0.108788],[-0.16442,0.551787,-0.817617],[-0.0482018,0.823413,0.565391]],[[0.985212,0.132372,-0.108788],[-0.00976238,-0.590529,-0.806958],[-0.171061,0.796086,-0.580504]],[[0.985212,0.132372,-0.108788],[0.0803456,-0.917713,-0.389033],[-0.151334,0.37454,-0.914778]]],"btipPosition":[39.1065,271.456,32.1792],"carpPosition":[39.3027,314.468,89.506],"dipPosition":[36.2635,278.492,14.9939],"direction":[0.171061,-0.796086,0.580504],"extended":false,"handId":433,"id":4332,"length":66.986,"mcpPosition":[29.078,340.8,25.7353],"pipPosition":[31.4006,301.123,-1.50846],"stabilizedTipPosition":[37.6635,254.668,74.5768],"timeVisible":0.695808,"tipPosition":[38.2834,273.124,26.8694],"tipVelocity":[-9.78182,11.751,-72.4371],"tool":false,"touchDistance":0.333333,"touchZone":"none","type":2,"width":18.9914},{"bases":[[[0.999989,0.00401962,0.0022744],[-0.00459961,0.911235,0.411862],[-0.000416988,-0.411868,0.911244]],[[0.999402,0.0183042,-0.0293365],[-0.0345766,0.51998,-0.853478],[-0.000367863,0.853982,0.520302]],[[0.999402,0.0183042,-0.0293365],[-0.011103,-0.633605,-0.773577],[-0.0327475,0.77344,-0.633023]],[[0.999402,0.0183042,-0.0293365],[0.00671368,-0.934974,-0.354654],[-0.0339205,0.354245,-0.934537]]],"btipPosition":[52.743,276.809,42.5184],"carpPosition":[51.1599,317.198,87.8349],"dipPosition":[52.1094,283.426,25.0629],"direction":[0.0327475,-0.77344,0.633023],"extended":false,"handId":433,"id":4333,"length":64.4088,"mcpPosition":[51.1861,342.989,30.772],"pipPosition":[51.2025,304.845,7.53222],"stabilizedTipPosition":[53.1748,262.643,79.8857],"timeVisible":0.695808,"tipPosition":[52.575,278.304,37.2769],"tipVelocity":[-11.1558,8.39404,-78.0475],"tool":false,"touchDistance":0.333333,"touchZone":"none","type":3,"width":18.0715},{"bases":[[[0.980142,-0.194295,0.0396427],[0.150973,0.860776,0.486079],[-0.128566,-0.470441,0.873015]],[[0.966514,-0.231748,0.1102],[0.223404,0.548597,-0.805688],[0.126261,0.803327,0.582]],[[0.966514,-0.231748,0.1102],[-0.0454808,-0.577339,-0.815237],[0.252553,0.782926,-0.568546]],[[0.966514,-0.231748,0.1102],[-0.164997,-0.890125,-0.424797],[0.196538,0.39239,-0.898556]]],"btipPosition":[59.187,289.657,41.0191],"carpPosition":[64.5223,312.853,85.5981],"dipPosition":[62.5737,296.418,25.5356],"direction":[-0.252553,-0.782926,0.568546],"extended":false,"handId":433,"id":4334,"length":50.4953,"mcpPosition":[71.9749,340.123,34.9916],"pipPosition":[67.5118,311.727,14.4189],"stabilizedTipPosition":[61.1222,271.662,92.7738],"timeVisible":0.695808,"tipPosition":[60.0009,291.254,36.4968],"tipVelocity":[-7.52315,5.70351,-79.7214],"tool":false,"touchDistance":0.333333,"touchZone":"none","type":4,"width":16.0525}],"r":[[0.980888,-0.193651,0.0189355],[0.194469,0.978912,-0.0625626],[-0.00642085,0.0650493,0.997861]],"s":0.925168,"t":[-28.9906,118.616,-150.257],"timestamp":521563962995},false],[1,{"currentFrameRate":109.091,"devices":[],"gestures":[],"hands":[{"armBasis":[[0.858736,0.422083,-0.290548],[-0.192251,0.790979,0.580854],[0.474987,-0.442942,0.760388]],"armWidth":63.7005,"confidence":0.863915,"direction":[-0.147484,0.511734,-0.84639],"elbow":[179.352,183.609,297.084],"grabStrength":0,"id":433,"palmNormal":[0.201224,-0.822326,-0.532248],"palmPosition":[36.6731,325.344,43.9915],"palmVelocity":[1.31429,14.4332,-81.8059],"palmWidth":90.9622,"pinchStrength":0.456066,"r":[[0.980437,-0.195811,0.0200487],[0.196697,0.978465,-0.0625865],[-0.00736177,0.0653056,0.997838]],"s":0.924764,"sphereCenter":[49.8659,298.012,3.90545],"sphereRadius":49.9157,"stabilizedPalmPosition":[35.945,306.914,106.226],"t":[-28.9699,118.776,-150.974],"timeVisible":0.704971,"type":"right","wrist":[51.1453,303.166,91.8417]}],"id":4121274,"interactionBox":{"center":[0,200,0],"size":[235.247,235.247,147.751]},"pointables":[{"bases":[[[0.180914,0.935488,0.303533],[-0.811778,-0.0321988,0.583078],[0.555236,-0.351888,0.753583]],[[-0.0373683,0.999297,0.00315809],[-0.820894,-0.0324989,0.570155],[0.569857,0.0187133,0.821531]],[[-0.0373683,0.999297,0.00315809],[-0.982176,-0.0373103,0.184225],[0.184213,0.00378236,0.982879]],[[-0.0373683,0.999297,0.00315809],[-0.781659,-0.0272606,-0.62311],[-0.622585,-0.0257531,0.782128]]],"btipPosition":[6.07434,284.986,-3.28463],"carpPosition":[26.2242,285.446,89.5123],"dipPosition":[-8.49194,284.384,15.0144],"direction":[-0.184213,-0.00378236,-0.982879],"extended":false,"handId":433,"id":4330,"length":52.1005,"mcpPosition":[26.2242,285.446,89.5123],"pipPosition":[-2.21301,284.513,48.516],"stabilizedTipPosition":[1.90666,261.466,66.5483],"timeVisible":0.704971,"tipPosition":[2.36478,284.833,0.574036],"tipVelocity":[8.68854,24.6144,-71.5011],"tool":false,"touchDistance":-0.406881,"touchZone":"touching","type":0,"width":20.2438},{"bases":[[[0.929868,0.331201,-0.160157],[-0.244684,0.881864,0.403044],[0.274726,-0.33559,0.901058]],[[0.966206,0.256528,0.0252881],[-0.256889,0.95014,0.176756],[0.0213157,-0.177279,0.98393]],[[0.966206,0.256528,0.0252881],[-0.257523,0.964925,0.0510055],[-0.0113168,-0.0557941,0.998378]],[[0.966206,0.256528,0.0252881],[-0.255334,0.965912,-0.0426441],[-0.0353655,0.0347461,0.99877]]],"btipPosition":[8.27774,342.051,-58.9977],"carpPosition":[28.521,309.001,90.7148],"dipPosition":[7.67368,342.645,-41.9383],"direction":[0.0113168,0.0557941,-0.998378],"extended":true,"handId":433,"id":4331,"length":58.7895,"mcpPosition":[8.31573,333.683,24.4446],"pipPosition":[7.40023,341.297,-17.8145],"stabilizedTipPosition":[1.1134,315.043,7.39281],"timeVisible":0.704971,"tipPosition":[8.07785,341.58,-55.095],"tipVelocity":[18.1358,18.2865,-86.4188],"tool":false,"touchDistance":-0.416525,"touchZone":"touching","type":1,"width":19.3369},{"bases":[[[0.986433,0.127595,-0.103296],[-0.0778655,0.91758,0.38985],[0.144525,-0.376518,0.915067]],[[0.985691,0.129492,-0.107909],[-0.162006,0.550997,-0.818631],[-0.0465489,0.824399,0.564091]],[[0.985691,0.129492,-0.107909],[-0.0104966,-0.591783,-0.806029],[-0.168234,0.795628,-0.581956]],[[0.985691,0.129492,-0.107909],[0.0782584,-0.918566,-0.387444],[-0.149293,0.373455,-0.915556]]],"btipPosition":[39.016,271.635,31.6594],"carpPosition":[39.266,314.732,88.9198],"dipPosition":[36.2113,278.651,14.4595],"direction":[0.168234,-0.795628,0.581956],"extended":false,"handId":433,"id":4332,"length":66.986,"mcpPosition":[29.1858,340.993,25.0969],"pipPosition":[31.4288,301.269,-2.08418],"stabilizedTipPosition":[37.6636,254.669,74.5744],"timeVisible":0.704971,"tipPosition":[38.2044,273.296,26.3566],"tipVelocity":[-9.54076,13.7885,-68.1602],"tool":false,"touchDistance":0.333333,"touchZone":"none","type":2,"width":18.9914},{"bases":[[[0.999993,0.0012602,0.00339722],[-0.00254354,0.911882,0.410446],[-0.00258062,-0.410452,0.911879]],[[0.99948,0.0155077,-0.0282595],[-0.032204,0.518742,-0.854324],[0.00141076,0.85479,0.518972]],[[0.99948,0.0155077,-0.0282595],[-0.0119962,-0.634763,-0.772614],[-0.0299196,0.772552,-0.634247]],[[0.99948,0.0155077,-0.0282595],[0.0045285,-0.93553,-0.353219],[-0.0319152,0.352907,-0.935114]]],"btipPosition":[52.6559,276.963,42.0057],"carpPosition":[51.1326,317.426,87.2578],"dipPosition":[52.0598,283.555,24.5394],"direction":[0.0299196,-0.772552,0.634247],"extended":false,"handId":433,"id":4333,"length":64.4088,"mcpPosition":[51.2942,343.129,30.1552],"pipPosition":[51.2312,304.949,6.97483],"stabilizedTipPosition":[53.1747,262.643,79.8845],"timeVisible":0.704971,"tipPosition":[52.4976,278.45,36.7676],"tipVelocity":[-10.4327,10.5541,-71.9644],"tool":false,"touchDistance":0.333333,"touchZone":"none","type":3,"width":18.0715},{"bases":[[[0.979556,-0.19694,0.0410499],[0.152805,0.861108,0.484916],[-0.130848,-0.46873,0.873597]],[[0.965782,-0.234166,0.111495],[0.225672,0.546878,-0.806223],[0.127816,0.803797,0.58101]],[[0.965782,-0.234166,0.111495],[-0.0462578,-0.578526,-0.814351],[0.255196,0.781328,-0.569562]],[[0.965782,-0.234166,0.111495],[-0.167013,-0.890416,-0.423398],[0.198422,0.390289,-0.899057]]],"btipPosition":[59.1433,289.797,40.4936],"carpPosition":[64.4854,313.041,85.0429],"dipPosition":[62.5624,296.522,25.0015],"direction":[-0.255196,-0.781328,0.569562],"extended":false,"handId":433,"id":4334,"length":50.4953,"mcpPosition":[72.0703,340.212,34.4027],"pipPosition":[67.5522,311.799,13.8649],"stabilizedTipPosition":[61.1222,271.662,92.7734],"timeVisible":0.704971,"tipPosition":[59.9628,291.382,35.9821],"tipVelocity":[-6.52925,8.12289,-73.543],"tool":false,"touchDistance":0.333333,"touchZone":"none","type":4,"width":16.0525}],"r":[[0.980437,-0.195811,0.0200487],[0.196697,0.978465,-0.0625865],[-0.00736177,0.0653056,0.997838]],"s":0.924764,"t":[-28.9699,118.776,-150.974],"timestamp":521563972158},false],[2,{"currentFrameRate":109.229,"devices":[],"gestures":[],"hands":[{"armBasis":[[0.859443,0.420463,-0.290806],[-0.191173,0.79189,0.579968],[0.474141,-0.442855,0.760966]],"armWidth":63.7005,"confidence":0.858647,"direction":[-0.145985,0.511257,-0.846938],"elbow":[179.105,183.77,296.873],"grabStrength":0,"id":433,"palmNormal":[0.200045,-0.823169,-0.53139],"palmPosition":[36.7261,325.466,43.5953],"palmVelocity":[2.57469,14.2404,-71.6486],"palmWidth":90.9622,"pinchStrength":0.461445,"r":[[0.979995,-0.197898,0.0211015],[0.19885,0.978019,-0.062751],[-0.00821936,0.0656917,0.997806]],"s":0.924114,"sphereCenter":[49.7327,298.083,3.56884],"sphereRadius":49.8419,"stabilizedPalmPosition":[35.945,306.914,106.226],"t":[-28.933,118.917,-151.531],"timeVisible":0.713878,"type":"right","wrist":[51.126,303.304,91.4745]}],"id":4121275,"interactionBox":{"center":[0,200,0],"size":[235.247,235.247,147.751]},"pointables":[{"bases":[[[0.182451,0.93542,0.302823],[-0.812215,-0.0301774,0.582578],[0.554093,-0.352249,0.754256]],[[-0.0345517,0.999396,0.00359747],[-0.821321,-0.0304457,0.569653],[0.569419,0.0167278,0.821877]],[[-0.0345517,0.999396,0.00359747],[-0.98249,-0.0346262,0.18307],[0.183084,0.00279091,0.983093]],[[-0.0345517,0.999396,0.00359747],[-0.772069,-0.0244064,-0.63507],[-0.634598,-0.0247202,0.772447]]],"btipPosition":[6.36514,285.277,-3.45046],"carpPosition":[26.1736,285.628,89.1446],"dipPosition":[-8.48221,284.699,14.6221],"direction":[-0.183084,-0.00279091,-0.983093],"extended":false,"handId":433,"id":4330,"length":52.1005,"mcpPosition":[26.1736,285.628,89.1446],"pipPosition":[-2.24175,284.794,48.131],"stabilizedTipPosition":[1.90678,261.469,66.541],"timeVisible":0.713878,"tipPosition":[2.53457,285.074,0.331004],"tipVelocity":[13.2343,26.9688,-58.6998],"tool":false,"touchDistance":-0.397795,"touchZone":"touching","type":0,"width":20.2438},{"bases":[[[0.930585,0.329335,-0.159845],[-0.24331,0.882673,0.402105],[0.273518,-0.335301,0.901533]],[[0.96666,0.254776,0.0256502],[-0.255242,0.950687,0.176198],[0.0205058,-0.176871,0.98402]],[[0.96666,0.254776,0.0256502],[-0.255789,0.965408,0.0505901],[-0.0118738,-0.0554644,0.99839]],[[0.96666,0.254776,0.0256502],[-0.253559,0.966365,-0.0429631],[-0.0357335,0.0350268,0.998747]]],"btipPosition":[8.41343,342.179,-59.4235],"carpPosition":[28.5134,309.18,90.3277],"dipPosition":[7.80309,342.777,-42.3645],"direction":[0.0118738,0.0554644,-0.99839],"extended":true,"handId":433,"id":4331,"length":58.7895,"mcpPosition":[8.39689,333.84,24.0225],"pipPosition":[7.51618,341.437,-18.2404],"stabilizedTipPosition":[1.11488,315.048,7.37987],"timeVisible":0.713878,"tipPosition":[8.21836,341.711,-55.5211],"tipVelocity":[17.3019,17.2297,-75.9136],"tool":false,"touchDistance":-0.409595,"touchZone":"touching","type":1,"width":19.3369},{"bases":[[[0.986734,0.125675,-0.102766],[-0.0764169,0.918068,0.388988],[0.143232,-0.375974,0.915493]],[[0.985991,0.127591,-0.107435],[-0.160503,0.550461,-0.819287],[-0.0453949,0.825054,0.563228]],[[0.985991,0.127591,-0.107435],[-0.0110688,-0.592631,-0.805398],[-0.166431,0.795304,-0.582916]],[[0.985991,0.127591,-0.107435],[0.0768331,-0.919119,-0.386416],[-0.148049,0.372748,-0.916046]]],"btipPosition":[38.98,271.746,31.3225],"carpPosition":[39.2701,314.89,88.5346],"dipPosition":[36.1987,278.748,14.1134],"direction":[0.166431,-0.795304,0.582916],"extended":false,"handId":433,"id":4332,"length":66.986,"mcpPosition":[29.2801,341.113,24.682],"pipPosition":[31.4675,301.357,-2.45754],"stabilizedTipPosition":[37.6636,254.67,74.5722],"timeVisible":0.713878,"tipPosition":[38.1762,273.401,26.0329],"tipVelocity":[-7.87829,13.3134,-59.9671],"tool":false,"touchDistance":0.333333,"touchZone":"none","type":2,"width":18.9914},{"bases":[[[0.999992,-0.000590598,0.00404707],[-0.00111907,0.912248,0.409637],[-0.00393386,-0.409638,0.91224]],[[0.999523,0.0136606,-0.0276911],[-0.030762,0.517997,-0.854829],[0.00266643,0.855274,0.51817]],[[0.999523,0.0136606,-0.0276911],[-0.0127011,-0.63553,-0.771971],[-0.0281441,0.771955,-0.635054]],[[0.999523,0.0136606,-0.0276911],[0.00303247,-0.935904,-0.352242],[-0.030728,0.35199,-0.935499]]],"btipPosition":[52.6233,277.058,41.6686],"carpPosition":[51.1427,317.56,86.878],"dipPosition":[52.0494,283.632,24.1951],"direction":[0.0281441,-0.771955,0.635054],"extended":false,"handId":433,"id":4333,"length":64.4088,"mcpPosition":[51.3891,343.212,29.7527],"pipPosition":[51.27,305.011,6.6082],"stabilizedTipPosition":[53.1747,262.644,79.8834],"timeVisible":0.713878,"tipPosition":[52.4701,278.539,36.441],"tipVelocity":[-8.43169,10.4617,-62.7284],"tool":false,"touchDistance":0.333333,"touchZone":"none","type":3,"width":18.0715},{"bases":[[[0.979162,-0.198719,0.0418618],[0.154087,0.861252,0.484254],[-0.132284,-0.467713,0.873925]],[[0.965339,-0.235717,0.11206],[0.227,0.546379,-0.806189],[0.128805,0.803684,0.580949]],[[0.965339,-0.235717,0.11206],[-0.0467722,-0.578639,-0.814241],[0.256772,0.780778,-0.569608]],[[0.965339,-0.235717,0.11206],[-0.168294,-0.89034,-0.42305],[0.199491,0.389527,-0.89915]]],"btipPosition":[59.1458,289.873,40.112],"carpPosition":[64.4888,313.148,84.6756],"dipPosition":[62.5833,296.585,24.6182],"direction":[-0.256772,-0.780778,0.569608],"extended":false,"handId":433,"id":4334,"length":50.4953,"mcpPosition":[72.157,340.26,34.0164],"pipPosition":[67.604,311.851,13.4808],"stabilizedTipPosition":[61.1222,271.662,92.7731],"timeVisible":0.713878,"tipPosition":[59.9646,291.453,35.6364],"tipVelocity":[-4.54701,8.14199,-65.2001],"tool":false,"touchDistance":0.333333,"touchZone":"none","type":4,"width":16.0525}],"r":[[0.979995,-0.197898,0.0211015],[0.19885,0.978019,-0.062751],[-0.00821936,0.0656917,0.997806]],"s":0.924114,"t":[-28.933,118.917,-151.531],"timestamp":521563981065},false],[3,{"currentFrameRate":109.211,"devices":[],"gestures":[],"hands":[{"armBasis":[[0.860464,0.417756,-0.291688],[-0.190217,0.794483,0.576727],[0.472673,-0.440769,0.763088]],"armWidth":63.7005,"confidence":0.491782,"direction":[-0.150506,0.518028,-0.842019],"elbow":[178.988,183.897,297.008],"grabStrength":0,"id":433,"palmNormal":[0.197257,-0.818858,-0.539037],"palmPosition":[36.7507,325.413,43.415],"palmVelocity":[2.6031,8.62469,-57.107],"palmWidth":90.9622,"pinchStrength":0.469039,"r":[[0.979665,-0.199582,0.0205851],[0.200488,0.977763,-0.0615213],[-0.0078488,0.0643973,0.997893]],"s":0.923184,"sphereCenter":[49.4722,298.359,3.12379],"sphereRadius":49.7835,"stabilizedPalmPosition":[35.945,306.914,106.225],"t":[-28.9023,118.961,-151.9],"timeVisible":0.723068,"type":"right","wrist":[51.4057,302.868,91.0375]}],"id":4121276,"interactionBox":{"center":[0,200,0],"size":[235.247,235.247,147.751]},"pointables":[{"bases":[[[0.184013,0.932974,0.309351],[-0.809107,-0.0349265,0.586623],[0.558108,-0.358244,0.748449]],[[-0.0328588,0.999359,0.0141792],[-0.818859,-0.0350528,0.572923],[0.573053,0.00721485,0.819486]],[[-0.0328588,0.999359,0.0141792],[-0.981898,-0.034926,0.186163],[0.186539,-0.00780539,0.982416]],[[-0.0328588,0.999359,0.0141792],[-0.765954,-0.0160658,-0.642694],[-0.642055,-0.0319788,0.765992]]],"btipPosition":[6.50902,285.863,-3.60329],"carpPosition":[26.4422,285.209,88.6983],"dipPosition":[-8.51278,285.115,14.3182],"direction":[-0.186539,0.00780539,-0.982416],"extended":false,"handId":433,"id":4330,"length":52.1005,"mcpPosition":[26.4422,285.209,88.6983],"pipPosition":[-2.15455,284.849,47.804],"stabilizedTipPosition":[1.90713,261.476,66.5209],"timeVisible":0.723068,"tipPosition":[2.56222,285.532,0.138714],"tipVelocity":[12.691,36.0815,-47.9986],"tool":false,"touchDistance":-0.389163,"touchZone":"touching","type":0,"width":20.2438},{"bases":[[[0.929707,0.330691,-0.162136],[-0.241212,0.879394,0.410466],[0.278319,-0.342504,0.897346]],[[0.966767,0.254665,0.0225231],[-0.254345,0.949137,0.185601],[0.0258886,-0.185162,0.982367]],[[0.966767,0.254665,0.0225231],[-0.255579,0.964908,0.0602666],[-0.00638493,-0.0640202,0.997928]],[[0.966767,0.254665,0.0225231],[-0.253866,0.96667,-0.0331958],[-0.0302262,0.0263748,0.999195]]],"btipPosition":[7.87618,342.99,-59.3107],"carpPosition":[28.7871,308.751,90.0581],"dipPosition":[7.35991,343.44,-42.2441],"direction":[0.00638493,0.0640202,-0.997928],"extended":true,"handId":433,"id":4331,"length":58.7895,"mcpPosition":[8.31753,333.941,24.0609],"pipPosition":[7.20563,341.893,-18.1311],"stabilizedTipPosition":[1.11759,315.06,7.35422],"timeVisible":0.723068,"tipPosition":[7.70946,342.491,-55.4117],"tipVelocity":[-3.21412,36.0494,-51.2118],"tool":false,"touchDistance":-0.395249,"touchZone":"touching","type":1,"width":19.3369},{"bases":[[[0.986169,0.126584,-0.106993],[-0.0743923,0.914908,0.396747],[0.148111,-0.3833,0.911671]],[[0.985368,0.128618,-0.111834],[-0.165145,0.558211,-0.813098],[-0.0421519,0.819669,0.571284]],[[0.985368,0.128618,-0.111834],[-0.0157809,-0.584487,-0.81125],[-0.169707,0.801145,-0.573905]],[[0.985368,0.128618,-0.111834],[0.074536,-0.915267,-0.395893],[-0.153277,0.381765,-0.911461]]],"btipPosition":[38.9386,271.767,30.5778],"carpPosition":[39.5338,314.476,88.2538],"dipPosition":[36.0591,278.939,13.4549],"direction":[0.169707,-0.801145,0.573905],"extended":false,"handId":433,"id":4332,"length":66.986,"mcpPosition":[29.2036,341.21,24.6678],"pipPosition":[31.2347,301.713,-2.85994],"stabilizedTipPosition":[37.6636,254.67,74.5702],"timeVisible":0.723068,"tipPosition":[38.115,273.476,25.4189],"tipVelocity":[-7.62305,11.4137,-65.2527],"tool":false,"touchDistance":0.333333,"touchZone":"none","type":2,"width":18.9914},{"bases":[[[0.999999,-0.000533856,-0.00126924],[0.00101445,0.908929,0.416949],[0.000931062,-0.41695,0.908929]],[[0.999359,0.0140034,-0.0329582],[-0.0354017,0.524896,-0.85043],[0.00539073,0.851051,0.525055]],[[0.999359,0.0140034,-0.0329582],[-0.0168031,-0.629381,-0.776915],[-0.0316228,0.776971,-0.628742]],[[0.999359,0.0140034,-0.0329582],[0.00121585,-0.933108,-0.359595],[-0.0357892,0.359324,-0.932526]]],"btipPosition":[52.6426,277.029,41.0157],"carpPosition":[51.3974,317.16,86.5556],"dipPosition":[51.9741,283.74,23.5977],"direction":[0.0316228,-0.776971,0.628742],"extended":false,"handId":433,"id":4333,"length":64.4088,"mcpPosition":[51.3391,343.27,29.6377],"pipPosition":[51.0983,305.257,6.18563],"stabilizedTipPosition":[53.1747,262.644,79.8825],"timeVisible":0.723068,"tipPosition":[52.4605,278.549,35.8141],"tipVelocity":[-6.15199,7.60782,-64.6644],"tool":false,"touchDistance":0.333333,"touchZone":"none","type":3,"width":18.0715},{"bases":[[[0.97938,-0.198962,0.0350635],[0.156617,0.85735,0.490329],[-0.127618,-0.474726,0.870832]],[[0.966055,-0.236249,0.104517],[0.22193,0.551881,-0.80385],[0.132228,0.799759,0.585578]],[[0.966055,-0.236249,0.104517],[-0.0516726,-0.573113,-0.817846],[0.253115,0.784684,-0.565866]],[[0.966055,-0.236249,0.104517],[-0.170639,-0.887311,-0.428442],[0.193958,0.396064,-0.897504]]],"btipPosition":[59.1642,289.848,39.5975],"carpPosition":[64.7318,312.767,84.2471],"dipPosition":[62.5064,296.673,24.1322],"direction":[-0.253115,-0.784684,0.565866],"extended":false,"handId":433,"id":4334,"length":50.4953,"mcpPosition":[72.1295,340.286,33.7671],"pipPosition":[67.4555,312.016,13.0679],"stabilizedTipPosition":[61.1222,271.662,92.7729],"timeVisible":0.723068,"tipPosition":[59.9525,291.462,35.1358],"tipVelocity":[-3.38359,5.91112,-62.4242],"tool":false,"touchDistance":0.333333,"touchZone":"none","type":4,"width":16.0525}],"r":[[0.979665,-0.199582,0.0205851],[0.200488,0.977763,-0.0615213],[-0.0078488,0.0643973,0.997893]],"s":0.923184,"t":[-28.9023,118.961,-151.9],"timestamp":521563990255},false],[4,{"currentFrameRate":109.36,"devices":[],"gestures":[],"hands":[{"armBasis":[[0.859658,0.417561,-0.294331],[-0.189607,0.795769,0.575152],[0.474381,-0.438627,0.763262]],"armWidth":63.7005,"confidence":0.524755,"direction":[-0.148068,0.520858,-0.840704],"elbow":[179.421,184.273,296.66],"grabStrength":0,"id":433,"palmNormal":[0.195839,-0.817798,-0.541159],"palmPosition":[36.8431,325.387,43.0664],"palmVelocity":[4.72124,5.5013,-52.2652],"palmWidth":90.9622,"pinchStrength":0.471658,"r":[[0.979288,-0.201449,0.020308],[0.20232,0.977485,-0.0599179],[-0.00778032,0.0627857,0.997997]],"s":0.922338,"sphereCenter":[49.4847,298.42,2.72397],"sphereRadius":49.7514,"stabilizedPalmPosition":[35.945,306.914,106.225],"t":[-28.8407,118.97,-152.259],"timeVisible":0.731945,"type":"right","wrist":[51.3777,302.666,90.6422]}],"id":4121277,"interactionBox":{"center":[0,200,0],"size":[235.247,235.247,147.751]},"pointables":[{"bases":[[[0.186025,0.931592,0.312299],[-0.809958,-0.0345318,0.585471],[0.556204,-0.361861,0.748127]],[[-0.0295414,0.9994,0.0180775],[-0.819861,-0.0345721,0.571517],[0.5718,0.00206237,0.820391]],[[-0.0295414,0.9994,0.0180775],[-0.9822,-0.0323797,0.185026],[0.1855,-0.0122898,0.982567]],[[-0.0295414,0.9994,0.0180775],[-0.760268,-0.0107241,-0.649521],[-0.648937,-0.0329315,0.760129]]],"btipPosition":[6.69747,286.166,-3.9954],"carpPosition":[26.3716,285.079,88.2193],"dipPosition":[-8.48536,285.395,13.7889],"direction":[-0.1855,0.0122898,-0.982567],"extended":false,"handId":433,"id":4330,"length":52.1005,"mcpPosition":[26.3716,285.079,88.2193],"pipPosition":[-2.16256,284.976,47.2799],"stabilizedTipPosition":[1.90784,261.49,66.4844],"timeVisible":0.731945,"tipPosition":[2.70422,285.799,-0.290325],"tipVelocity":[13.8758,35.3724,-47.9243],"tool":false,"touchDistance":-0.384935,"touchZone":"touching","type":0,"width":20.2438},{"bases":[[[0.93077,0.328749,-0.15997],[-0.239469,0.878821,0.412707],[0.276263,-0.345828,0.896706]],[[0.967389,0.25211,0.0244729],[-0.252135,0.949219,0.18818],[0.0242119,-0.188214,0.98183]],[[0.967389,0.25211,0.0244729],[-0.253176,0.965368,0.062984],[-0.00774649,-0.067126,0.997714]],[[0.967389,0.25211,0.0244729],[-0.251348,0.967419,-0.0304089],[-0.0313419,0.023266,0.999238]]],"btipPosition":[8.13994,343.353,-59.6437],"carpPosition":[28.7756,308.61,89.6505],"dipPosition":[7.6046,343.751,-42.5763],"direction":[0.00774649,0.067126,-0.997714],"extended":true,"handId":433,"id":4331,"length":58.7895,"mcpPosition":[8.45731,334.045,23.7004],"pipPosition":[7.41743,342.129,-18.4685],"stabilizedTipPosition":[1.12238,315.08,7.31038],"timeVisible":0.731945,"tipPosition":[7.97118,342.848,-55.7463],"tipVelocity":[5.58772,37.0043,-47.488],"tool":false,"touchDistance":-0.38905,"touchZone":"touching","type":1,"width":19.3369},{"bases":[[[0.986632,0.124337,-0.105348],[-0.0725403,0.913943,0.399308],[0.145931,-0.386328,0.910744]],[[0.985825,0.126432,-0.110289],[-0.16276,0.561168,-0.811542],[-0.040714,0.817989,0.573791]],[[0.985825,0.126432,-0.110289],[-0.0163383,-0.58189,-0.813103],[-0.166978,0.803379,-0.571577]],[[0.985825,0.126432,-0.110289],[0.0726534,-0.914231,-0.398627],[-0.151228,0.384964,-0.910457]]],"btipPosition":[38.9109,271.772,30.0596],"carpPosition":[39.5395,314.313,87.8768],"dipPosition":[36.0699,279.004,12.9555],"direction":[0.166978,-0.803379,0.571577],"extended":false,"handId":433,"id":4332,"length":66.986,"mcpPosition":[29.3613,341.258,24.3554],"pipPosition":[31.3231,301.842,-3.2931],"stabilizedTipPosition":[37.6637,254.671,74.5687],"timeVisible":0.731945,"tipPosition":[38.1005,273.498,24.9356],"tipVelocity":[-6.12884,8.91023,-63.2538],"tool":false,"touchDistance":0.333333,"touchZone":"none","type":2,"width":18.9914},{"bases":[[[0.999995,-0.00312244,0.0000235599],[0.00282439,0.907709,0.41959],[-0.00133153,-0.419588,0.907714]],[[0.99943,0.011551,-0.0317161],[-0.0330352,0.527627,-0.848834],[0.00692938,0.849398,0.527708]],[[0.99943,0.011551,-0.0317161],[-0.017467,-0.627045,-0.778787],[-0.0288832,0.778897,-0.626486]],[[0.99943,0.011551,-0.0317161],[-0.00072181,-0.932094,-0.362215],[-0.0337464,0.362031,-0.931555]]],"btipPosition":[52.6163,276.975,40.5389],"carpPosition":[51.4122,316.972,86.2018],"dipPosition":[51.986,283.737,23.139],"direction":[0.0288832,-0.778897,0.626486],"extended":false,"handId":433,"id":4333,"length":64.4088,"mcpPosition":[51.4956,343.247,29.36],"pipPosition":[51.1861,305.308,5.78941],"stabilizedTipPosition":[53.1747,262.644,79.8819],"timeVisible":0.731945,"tipPosition":[52.4437,278.509,35.3618],"tipVelocity":[-5.01688,4.25963,-61.5653],"tool":false,"touchDistance":0.333333,"touchZone":"none","type":3,"width":18.0715},{"bases":[[[0.978815,-0.201601,0.0357527],[0.158197,0.855514,0.493021],[-0.12998,-0.47692,0.869283]],[[0.965333,-0.238989,0.104957],[0.224267,0.553667,-0.801971],[0.133551,0.797707,0.58807]],[[0.965333,-0.238989,0.104957],[-0.0521879,-0.570698,-0.8195],[0.25575,0.785613,-0.563387]],[[0.965333,-0.238989,0.104957],[-0.172408,-0.885701,-0.431056],[0.195978,0.398017,-0.8962]]],"btipPosition":[59.1744,289.78,39.179],"carpPosition":[64.7382,312.551,83.8978],"dipPosition":[62.5514,296.638,23.7361],"direction":[-0.25575,-0.785613,0.563387],"extended":false,"handId":433,"id":4334,"length":50.4953,"mcpPosition":[72.2728,340.197,33.5076],"pipPosition":[67.552,311.999,12.7203],"stabilizedTipPosition":[61.1222,271.662,92.7728],"timeVisible":0.731945,"tipPosition":[59.9701,291.402,34.732],"tipVelocity":[-1.90934,2.44201,-58.1208],"tool":false,"touchDistance":0.333333,"touchZone":"none","type":4,"width":16.0525}],"r":[[0.979288,-0.201449,0.020308],[0.20232,0.977485,-0.0599179],[-0.00778032,0.0627857,0.997997]],"s":0.922338,"t":[-28.8407,118.97,-152.259],"timestamp":521563999132},false],[5,{"currentFrameRate":109.338,"devices":[],"gestures":[],"hands":[{"armBasis":[[0.861074,0.413841,-0.295443],[-0.187427,0.798442,0.572155],[0.472675,-0.437294,0.765083]],"armWidth":63.7005,"confidence":0.557843,"direction":[-0.145731,0.523485,-0.839479],"elbow":[178.99,184.393,296.723],"grabStrength":0,"id":433,"palmNormal":[0.19265,-0.817279,-0.543085],"palmPosition":[36.9772,325.321,42.6899],"palmVelocity":[7.48095,1.96145,-49.1151],"palmWidth":90.9622,"pinchStrength":0.474144,"r":[[0.978818,-0.203747,0.020035],[0.204584,0.97712,-0.0581531],[-0.00772808,0.0610202,0.998107]],"s":0.921661,"sphereCenter":[49.5109,298.402,2.28699],"sphereRadius":49.7437,"stabilizedPalmPosition":[35.945,306.915,106.225],"t":[-28.7429,118.941,-152.626],"timeVisible":0.741131,"type":"right","wrist":[51.407,302.427,90.2142]}],"id":4121278,"interactionBox":{"center":[0,200,0],"size":[235.247,235.247,147.751]},"pointables":[{"bases":[[[0.189733,0.930071,0.314595],[-0.810243,-0.0326497,0.585185],[0.554534,-0.365927,0.747388]],[[-0.0256989,0.999466,0.0201816],[-0.820427,-0.0326215,0.570821],[0.571174,-0.00188805,0.820827]],[[-0.0256989,0.999466,0.0201816],[-0.982298,-0.0289944,0.18507],[0.185556,-0.0150682,0.982518]],[[-0.0256989,0.999466,0.0201816],[-0.758131,-0.00632666,-0.652072],[-0.651596,-0.0320578,0.757889]]],"btipPosition":[6.74753,286.305,-4.43972],"carpPosition":[26.3301,284.947,87.7427],"dipPosition":[-8.4975,285.555,13.2922],"direction":[-0.185556,0.0150682,-0.982518],"extended":false,"handId":433,"id":4330,"length":52.1005,"mcpPosition":[26.3301,284.947,87.7427],"pipPosition":[-2.17279,285.042,46.7815],"stabilizedTipPosition":[1.90887,261.509,66.4331],"timeVisible":0.741131,"tipPosition":[2.73789,285.966,-0.74137],"tipVelocity":[11.0866,29.8774,-48.4152],"tool":false,"touchDistance":-0.38162,"touchZone":"touching","type":0,"width":20.2438},{"bases":[[[0.932141,0.325344,-0.158945],[-0.235998,0.878789,0.41477],[0.274622,-0.349114,0.895937]],[[0.968399,0.24812,0.0253041],[-0.248324,0.949776,0.190423],[0.0232145,-0.190689,0.981376]],[[0.968399,0.24812,0.0253041],[-0.24927,0.966233,0.0652563],[-0.0082583,-0.0695017,0.997548]],[[0.968399,0.24812,0.0253041],[-0.247411,0.968502,-0.0281386],[-0.0314888,0.0209889,0.999284]]],"btipPosition":[8.37222,343.652,-59.9835],"carpPosition":[28.8295,308.465,89.2313],"dipPosition":[7.83438,344.011,-42.9154],"direction":[0.0082583,0.0695017,-0.997548],"extended":true,"handId":433,"id":4331,"length":58.7895,"mcpPosition":[8.63188,334.141,23.3378],"pipPosition":[7.63483,342.331,-18.8116],"stabilizedTipPosition":[1.13068,315.113,7.23661],"timeVisible":0.741131,"tipPosition":[8.20138,343.142,-56.0873],"tipVelocity":[11.0735,35.4852,-44.5521],"tool":false,"touchDistance":-0.383574,"touchZone":"touching","type":1,"width":19.3369},{"bases":[[[0.987156,0.120576,-0.104803],[-0.0689245,0.913263,0.401497],[0.144123,-0.389117,0.909844]],[[0.986322,0.122783,-0.109967],[-0.16055,0.564638,-0.809573],[-0.0373103,0.816155,0.576627]],[[0.986322,0.122783,-0.109967],[-0.0187542,-0.57923,-0.814948],[-0.163758,0.805864,-0.569005]],[[0.986322,0.122783,-0.109967],[0.0689891,-0.913431,-0.401105],[-0.149696,0.388032,-0.909408]]],"btipPosition":[38.8302,271.742,29.4901],"carpPosition":[39.617,314.128,87.4741],"dipPosition":[36.0179,279.032,12.4058],"direction":[0.163758,-0.805864,0.569005],"extended":false,"handId":433,"id":4332,"length":66.986,"mcpPosition":[29.5649,341.267,24.0154],"pipPosition":[31.3627,301.94,-3.76975],"stabilizedTipPosition":[37.6637,254.671,74.5676],"timeVisible":0.741131,"tipPosition":[38.0329,273.478,24.4384],"tipVelocity":[-6.6718,5.90278,-62.764],"tool":false,"touchDistance":0.333333,"touchZone":"none","type":2,"width":18.9914},{"bases":[[[0.999974,-0.00719138,0.000264236],[0.00640895,0.906674,0.421782],[-0.00327277,-0.42177,0.906697]],[[0.99947,0.00765197,-0.0316357],[-0.0308899,0.529273,-0.847889],[0.0102559,0.848417,0.529229]],[[0.99947,0.00765197,-0.0316357],[-0.0198912,-0.625742,-0.779776],[-0.0257626,0.779992,-0.625259]],[[0.99947,0.00765197,-0.0316357],[-0.0043834,-0.931472,-0.363787],[-0.0322515,0.363733,-0.930945]]],"btipPosition":[52.5636,276.864,40.0958],"carpPosition":[51.5009,316.743,85.8084],"dipPosition":[51.9612,283.658,22.7074],"direction":[0.0257626,-0.779992,0.625259],"extended":false,"handId":433,"id":4333,"length":64.4088,"mcpPosition":[51.7058,343.154,29.0303],"pipPosition":[51.2477,305.259,5.39176],"stabilizedTipPosition":[53.1747,262.644,79.8814],"timeVisible":0.741131,"tipPosition":[52.3951,278.405,34.9398],"tipVelocity":[-5.02406,-0.0803977,-57.7601],"tool":false,"touchDistance":0.333333,"touchZone":"none","type":3,"width":18.0715},{"bases":[[[0.977977,-0.205668,0.0355084],[0.161549,0.85367,0.495125],[-0.132144,-0.478485,0.868096]],[[0.964387,-0.243032,0.104365],[0.2265,0.555089,-0.800358],[0.136581,0.795494,0.590368]],[[0.964387,-0.243032,0.104365],[-0.0543833,-0.568355,-0.820984],[0.258842,0.786071,-0.561331]],[[0.964387,-0.243032,0.104365],[-0.175899,-0.883996,-0.433141],[0.197526,0.399358,-0.895264]]],"btipPosition":[59.1767,289.639,38.7095],"carpPosition":[64.8093,312.273,83.497],"dipPosition":[62.5803,296.52,23.2827],"direction":[-0.258842,-0.786071,0.561331],"extended":false,"handId":433,"id":4334,"length":50.4953,"mcpPosition":[72.4694,340.01,33.1757],"pipPosition":[67.6414,311.89,12.3071],"stabilizedTipPosition":[61.1222,271.662,92.7727],"timeVisible":0.741131,"tipPosition":[59.9742,291.266,34.2884],"tipVelocity":[-1.11912,-2.36465,-56.0487],"tool":false,"touchDistance":0.333333,"touchZone":"none","type":4,"width":16.0525}],"r":[[0.978818,-0.203747,0.020035],[0.204584,0.97712,-0.0581531],[-0.00772808,0.0610202,0.998107]],"s":0.921661,"t":[-28.7429,118.941,-152.626],"timestamp":521564008318},false],[6,{"currentFrameRate":109.464,"devices":[],"gestures":[],"hands":[{"armBasis":[[0.861685,0.411603,-0.296786],[-0.185543,0.799928,0.570691],[0.472306,-0.436689,0.765656]],"armWidth":63.7005,"confidence":0.588703,"direction":[-0.143567,0.525304,-0.838716],"elbow":[178.905,184.471,296.458],"grabStrength":0,"id":433,"palmNormal":[0.190206,-0.817048,-0.544292],"palmPosition":[37.0914,325.359,42.2985],"palmVelocity":[8.93357,2.59549,-47.7021],"palmWidth":90.9622,"pinchStrength":0.476648,"r":[[0.9783,-0.206242,0.0198459],[0.20705,0.976703,-0.0564094],[-0.00774961,0.0592944,0.99821]],"s":0.921213,"sphereCenter":[49.5549,298.465,1.85942],"sphereRadius":49.7469,"stabilizedPalmPosition":[35.945,306.915,106.224],"t":[-28.6369,118.946,-153.006],"timeVisible":0.75004,"type":"right","wrist":[51.4211,302.341,89.7935]}],"id":4121279,"interactionBox":{"center":[0,200,0],"size":[235.247,235.247,147.751]},"pointables":[{"bases":[[[0.192665,0.928932,0.316173],[-0.810641,-0.0308884,0.584728],[0.552938,-0.368959,0.74708]],[[-0.0227699,0.999515,0.0212323],[-0.821068,-0.030813,0.569999],[0.570376,-0.00445437,0.821371]],[[-0.0227699,0.999515,0.0212323],[-0.982375,-0.0263106,0.18506],[0.185528,-0.0166443,0.982498]],[[-0.0227699,0.999515,0.0212323],[-0.756267,-0.00333041,-0.654254],[-0.653866,-0.0309547,0.755977]]],"btipPosition":[6.79874,286.463,-4.88258],"carpPosition":[26.2875,284.949,87.2816],"dipPosition":[-8.49941,285.739,12.8046],"direction":[-0.185528,0.0166443,-0.982498],"extended":false,"handId":433,"id":4330,"length":52.1005,"mcpPosition":[26.2875,284.949,87.2816],"pipPosition":[-2.17564,285.172,46.2932],"stabilizedTipPosition":[1.91003,261.53,66.3762],"timeVisible":0.75004,"tipPosition":[2.78206,286.16,-1.18717],"tipVelocity":[9.26005,26.7554,-49.0819],"tool":false,"touchDistance":-0.378589,"touchZone":"touching","type":0,"width":20.2438},{"bases":[[[0.933298,0.322496,-0.157961],[-0.233285,0.878907,0.416054],[0.273009,-0.351452,0.895515]],[[0.9692,0.244887,0.0261176],[-0.245279,0.950296,0.191769],[0.0221423,-0.192268,0.981093]],[[0.9692,0.244887,0.0261176],[-0.246113,0.966956,0.0665144],[-0.008966,-0.0708937,0.997444]],[[0.9692,0.244887,0.0261176],[-0.244199,0.96935,-0.0269574],[-0.0319186,0.0197492,0.999295]]],"btipPosition":[8.59612,343.938,-60.3604],"carpPosition":[28.8643,308.456,88.809],"dipPosition":[8.05094,344.275,-43.2921],"direction":[0.008966,0.0708937,-0.997444],"extended":true,"handId":433,"id":4331,"length":58.7895,"mcpPosition":[8.78529,334.305,22.9464],"pipPosition":[7.8343,342.562,-19.1908],"stabilizedTipPosition":[1.14269,315.16,7.13241],"timeVisible":0.75004,"tipPosition":[8.42358,343.435,-56.4644],"tipVelocity":[14.8492,34.4118,-43.9382],"tool":false,"touchDistance":-0.379202,"touchZone":"touching","type":1,"width":19.3369},{"bases":[[[0.987604,0.11746,-0.104118],[-0.0660908,0.912846,0.402919],[0.142371,-0.391043,0.909294]],[[0.986738,0.119789,-0.109537],[-0.158587,0.567546,-0.807924],[-0.0346131,0.814581,0.579016]],[[0.986738,0.119789,-0.109537],[-0.020554,-0.577182,-0.816357],[-0.161013,0.807782,-0.567065]],[[0.986738,0.119789,-0.109537],[0.0661256,-0.912938,-0.402706],[-0.14824,0.390122,-0.908752]]],"btipPosition":[38.7715,271.816,28.938],"carpPosition":[39.6714,314.086,87.0661],"dipPosition":[35.9866,279.145,11.866],"direction":[0.161013,-0.807782,0.567065],"extended":false,"handId":433,"id":4332,"length":66.986,"mcpPosition":[29.7415,341.36,23.6459],"pipPosition":[31.4094,302.109,-4.25441],"stabilizedTipPosition":[37.6637,254.672,74.5666],"timeVisible":0.75004,"tipPosition":[37.9881,273.553,23.9633],"tipVelocity":[-6.45647,6.85066,-62.4624],"tool":false,"touchDistance":0.333333,"touchZone":"none","type":2,"width":18.9914},{"bases":[[[0.999944,-0.0105164,0.000751338],[0.00921009,0.905975,0.423232],[-0.00513155,-0.423201,0.906021]],[[0.999499,0.00448055,-0.0313415],[-0.0289505,0.530048,-0.847473],[0.0128154,0.847956,0.529912]],[[0.999499,0.00448055,-0.0313415],[-0.0216568,-0.625348,-0.780045],[-0.0230944,0.780333,-0.624938]],[[0.999499,0.00448055,-0.0313415],[-0.00724775,-0.931266,-0.364267],[-0.0308194,0.364312,-0.930767]]],"btipPosition":[52.5289,276.875,39.6976],"carpPosition":[51.5647,316.664,85.4106],"dipPosition":[51.9532,283.68,22.3125],"direction":[0.0230944,-0.780333,0.624938],"extended":false,"handId":433,"id":4333,"length":64.4088,"mcpPosition":[51.8861,343.165,28.6748],"pipPosition":[51.3136,305.29,5.00574],"stabilizedTipPosition":[53.1747,262.645,79.881],"timeVisible":0.75004,"tipPosition":[52.3645,278.416,34.5602],"tipVelocity":[-4.52868,0.361612,-54.1813],"tool":false,"touchDistance":0.333333,"touchZone":"none","type":3,"width":18.0715},{"bases":[[[0.97727,-0.208974,0.0356679],[0.164136,0.852338,0.496567],[-0.134171,-0.479426,0.867265]],[[0.963897,-0.245582,0.102923],[0.226769,0.554482,-0.800703],[0.139569,0.795135,0.590154]],[[0.963897,-0.245582,0.102923],[-0.0571221,-0.568234,-0.820882],[0.260078,0.785366,-0.561747]],[[0.963897,-0.245582,0.102923],[-0.178767,-0.883292,-0.433402],[0.197347,0.399355,-0.895304]]],"btipPosition":[59.2176,289.601,38.3757],"carpPosition":[64.8594,312.154,83.0987],"dipPosition":[62.6182,296.482,22.9483],"direction":[-0.260078,-0.785366,0.561747],"extended":false,"handId":433,"id":4334,"length":50.4953,"mcpPosition":[72.637,339.945,32.8255],"pipPosition":[67.7034,311.838,11.9645],"stabilizedTipPosition":[61.1222,271.663,92.7726],"timeVisible":0.75004,"tipPosition":[60.0014,291.232,33.9558],"tipVelocity":[0.413901,-2.88791,-50.9944],"tool":false,"touchD