{"sensorType":"Leap","data":[[0,{"currentFrameRate":108.101,"devices":[],"gestures":[],"hands":[{"armBasis":[[0.852669,0.455438,-0.255992],[-0.227922,0.765165,0.602141],[0.470114,-0.455081,0.756237]],"armWidth":63.7005,"confidence":0.763793,"direction":[-0.127416,0.548783,-0.826197],"elbow":[175.404,176.954,295.921],"grabStrength":0,"id":434,"palmNormal":[0.234383,-0.792735,-0.562704],"palmPosition":[35.3018,323.968,44.5574],"palmVelocity":[5.2278,41.3505,-158.262],"palmWidth":90.9622,"pinchStrength":0.565758,"r":[[0.99456,-0.102981,-0.0156659],[0.101215,0.99094,-0.0882844],[0.0246156,0.0862185,0.995972]],"s":0.963507,"sphereCenter":[43.3488,297.585,4.1077],"sphereRadius":47.8304,"stabilizedPalmPosition":[43.0481,300.128,129.403],"t":[-37.4077,117.912,-172.729],"timeVisible":0.623444,"type":"right","wrist":[48.5122,299.788,91.799]}],"id":4121651,"interactionBox":{"center":[0,200,0],"size":[235.247,235.247,147.751]},"pointables":[{"bases":[[[0.153312,0.922903,0.353193],[-0.83072,-0.0731955,0.551857],[0.535163,-0.378011,0.755452]],[[-0.0590392,0.997312,0.0434055],[-0.816761,-0.0732591,0.572306],[0.573947,-0.00166345,0.81889]],[[-0.0590392,0.997312,0.0434055],[-0.991823,-0.0635315,0.110685],[0.113145,-0.0365159,0.992907]],[[-0.0590392,0.997312,0.0434055],[-0.56852,0.00214907,-0.822666],[-0.820548,-0.0732465,0.566865]]],"btipPosition":[10.7121,284.831,-0.207684],"carpPosition":[24.0121,281.79,87.7629],"dipPosition":[-8.48577,283.118,13.0549],"direction":[-0.113145,0.0365159,-0.992907],"extended":false,"handId":434,"id":4340,"length":52.1005,"mcpPosition":[24.0121,281.79,87.7629],"pipPosition":[-4.62921,281.873,46.8984],"stabilizedTipPosition":[10.112,266.07,98.7434],"timeVisible":0.623444,"tipPosition":[5.95265,285.575,3.16638],"tipVelocity":[3.98674,34.5585,-179.076],"tool":false,"touchDistance":-0.519679,"touchZone":"hovering","type":0,"width":20.2438},{"bases":[[[0.928683,0.353719,-0.111494],[-0.274426,0.857607,0.434971],[0.249476,-0.373354,0.893515]],[[0.956203,0.291264,0.0290062],[-0.292108,0.943232,0.158072],[0.0186813,-0.159622,0.987001]],[[0.956203,0.291264,0.0290062],[-0.291865,0.956268,0.0191442],[-0.0221616,-0.0267716,0.999396]],[[0.956203,0.291264,0.0290062],[-0.288123,0.954067,-0.0821044],[-0.0515879,0.0701511,0.996202]]],"btipPosition":[8.10429,339.059,-59.1234],"carpPosition":[25.8382,305.296,90.147],"dipPosition":[7.22315,340.257,-42.1079],"direction":[0.0221616,0.0267716,-0.999396],"extended":true,"handId":434,"id":4341,"length":58.7895,"mcpPosition":[7.49001,332.755,24.4315],"pipPosition":[6.68766,339.611,-17.9595],"stabilizedTipPosition":[3.49415,312.349,35.1533],"timeVisible":0.623444,"tipPosition":[7.58858,338.773,-55.1695],"tipVelocity":[34.3175,70.7365,-161.63],"tool":false,"touchDistance":-0.526276,"touchZone":"touching","type":1,"width":19.3369},{"bases":[[[0.986935,0.148607,-0.0622592],[-0.107927,0.896656,0.429371],[0.119633,-0.417042,0.900979]],[[0.986299,0.150775,-0.0669465],[-0.142816,0.577262,-0.803972],[-0.082573,0.802518,0.590886]],[[0.986299,0.150775,-0.0669465],[0.0235344,-0.53026,-0.847509],[-0.163282,0.834321,-0.526543]],[[0.986299,0.150775,-0.0669465],[0.102116,-0.876709,-0.470057],[-0.129565,0.456781,-0.880093]]],"btipPosition":[39.2436,269.401,29.1928],"carpPosition":[36.533,311.282,89.0034],"dipPosition":[36.8096,277.982,12.6592],"direction":[0.163282,-0.834321,0.526543],"extended":false,"handId":434,"id":4342,"length":66.986,"mcpPosition":[28.189,340.37,26.163],"pipPosition":[32.1678,301.7,-2.30923],"stabilizedTipPosition":[49.5843,248.65,106.279],"timeVisible":0.623444,"tipPosition":[38.635,271.016,25.4582],"tipVelocity":[-10.5103,45.0722,-167.169],"tool":false,"touchDistance":0.333333,"touchZone":"none","type":2,"width":18.9914},{"bases":[[[0.999091,0.0175963,0.0388164],[-0.0332703,0.891231,0.452329],[-0.0266351,-0.453209,0.891006]],[[0.999445,0.0289476,0.0164768],[-0.00205201,0.547246,-0.83697],[-0.0332451,0.836471,0.547001]],[[0.999445,0.0289476,0.0164768],[0.0302063,-0.579239,-0.814598],[-0.0140366,0.814643,-0.579792]],[[0.999445,0.0289476,0.0164768],[0.0332343,-0.899641,-0.435364],[0.00222044,0.43567,-0.900104]]],"btipPosition":[51.8992,274.568,40.531],"carpPosition":[48.3991,314.248,87.89],"dipPosition":[51.9407,282.706,23.7186],"direction":[0.0140366,-0.814644,0.579792],"extended":false,"handId":434,"id":4343,"length":64.4088,"mcpPosition":[50.067,342.628,32.0944],"pipPosition":[51.5519,305.266,7.6621],"stabilizedTipPosition":[63.2594,254.858,114.809],"timeVisible":0.623444,"tipPosition":[51.9112,276.094,36.4414],"tipVelocity":[-10.8728,38.1894,-163.376],"tool":false,"touchDistance":0.333333,"touchZone":"none","type":3,"width":18.0715},{"bases":[[[0.980965,-0.182477,0.0664049],[0.120308,0.839553,0.529789],[-0.152424,-0.511715,0.845526]],[[0.955649,-0.242449,0.167191],[0.279944,0.571509,-0.771368],[0.091466,0.783962,0.614034]],[[0.955649,-0.242449,0.167191],[0.0177915,-0.519135,-0.854507],[0.293969,0.819583,-0.491798]],[[0.955649,-0.242449,0.167191],[-0.126122,-0.849921,-0.511594],[0.266135,0.467818,-0.842804]]],"btipPosition":[57.1665,288.058,39.3666],"carpPosition":[61.8978,310.193,85.9459],"dipPosition":[61.7524,296.119,24.8438],"direction":[-0.293969,-0.819583,0.491798],"extended":false,"handId":434,"id":4344,"length":50.4953,"mcpPosition":[70.7335,339.856,36.9329],"pipPosition":[67.5003,312.144,15.2278],"stabilizedTipPosition":[68.3094,269.128,117.21],"timeVisible":0.623444,"tipPosition":[58.1664,289.804,35.7835],"tipVelocity":[-6.46826,35.794,-157.711],"tool":false,"touchDistance":0.333333,"touchZone":"none","type":4,"width":16.0525}],"r":[[0.99456,-0.102981,-0.0156659],[0.101215,0.99094,-0.0882844],[0.0246156,0.0862185,0.995972]],"s":0.963507,"t":[-37.4077,117.912,-172.729],"timestamp":521568035603},false],[1,{"currentFrameRate":108.072,"devices":[],"gestures":[],"hands":[{"armBasis":[[0.854201,0.451714,-0.25748],[-0.223761,0.766374,0.602164],[0.469332,-0.456755,0.755713]],"armWidth":63.7005,"confidence":0.782792,"direction":[-0.125561,0.54866,-0.826563],"elbow":[175.263,176.703,294.854],"grabStrength":0,"id":434,"palmNormal":[0.230211,-0.794302,-0.562216],"palmPosition":[35.4442,324.189,43.6222],"palmVelocity":[8.07231,36.384,-141.944],"palmWidth":90.9622,"pinchStrength":0.569341,"r":[[0.994226,-0.106336,-0.0143923],[0.104688,0.990651,-0.0874729],[0.0235593,0.0854611,0.996063]],"s":0.96311,"sphereCenter":[43.4413,297.741,3.1766],"sphereRadius":47.8228,"stabilizedPalmPosition":[43.0477,300.129,129.398],"t":[-37.2976,118.226,-173.929],"timeVisible":0.63275,"type":"right","wrist":[48.5819,299.989,90.8735]}],"id":4121652,"interactionBox":{"center":[0,200,0],"size":[235.247,235.247,147.751]},"pointables":[{"bases":[[[0.157908,0.922483,0.352265],[-0.830583,-0.0688512,0.552623],[0.534039,-0.379849,0.755326]],[[-0.0551618,0.997619,0.0413859],[-0.817274,-0.0689238,0.572113],[0.573603,-0.00226483,0.81913]],[[-0.0551618,0.997619,0.0413859],[-0.992025,-0.059463,0.111137],[0.113333,-0.0349253,0.992943]],[[-0.0551618,0.997619,0.0413859],[-0.569896,0.00257699,-0.821713],[-0.819863,-0.0689129,0.568397]]],"btipPosition":[10.6897,285.017,-1.1459],"carpPosition":[23.9949,282.101,86.8737],"dipPosition":[-8.49222,283.405,12.1526],"direction":[-0.113333,0.0349253,-0.992943],"extended":false,"handId":434,"id":4340,"length":52.1005,"mcpPosition":[23.9949,282.101,86.8737],"pipPosition":[-4.62923,282.214,45.9972],"stabilizedTipPosition":[10.112,266.07,98.7429],"timeVisible":0.63275,"tipPosition":[5.93686,285.765,2.23846],"tipVelocity":[2.29058,31.1447,-156.721],"tool":false,"touchDistance":-0.509994,"touchZone":"hovering","type":0,"width":20.2438},{"bases":[[[0.930225,0.349294,-0.112585],[-0.27006,0.85925,0.434462],[0.248493,-0.373743,0.893626]],[[0.957628,0.286599,0.0284436],[-0.287435,0.944836,0.157056],[0.0181375,-0.158577,0.98718]],[[0.957628,0.286599,0.0284436],[-0.28716,0.957712,0.0180529],[-0.0220669,-0.0254558,0.999432]],[[0.957628,0.286599,0.0284436],[-0.283451,0.955369,-0.0832188],[-0.0510245,0.0716303,0.996125]]],"btipPosition":[8.28223,339.291,-60.0499],"carpPosition":[25.9325,305.6,89.2359],"dipPosition":[7.41071,340.514,-43.0357],"direction":[0.0220669,0.0254558,-0.999432],"extended":true,"handId":434,"id":4341,"length":58.7895,"mcpPosition":[7.65651,333.088,23.5123],"pipPosition":[6.87751,339.899,-18.8864],"stabilizedTipPosition":[3.49734,312.368,35.0897],"timeVisible":0.63275,"tipPosition":[7.75717,339.04,-56.0961],"tipVelocity":[30.0923,57.9541,-144.107],"tool":false,"touchDistance":-0.515884,"touchZone":"touching","type":1,"width":19.3369},{"bases":[[[0.987563,0.143955,-0.0632221],[-0.103386,0.897518,0.428687],[0.118455,-0.416819,0.901238]],[[0.986871,0.146331,-0.0683625],[-0.141502,0.579276,-0.802756],[-0.0778672,0.80189,0.592376]],[[0.986871,0.146331,-0.0683625],[0.0197967,-0.529666,-0.847975],[-0.160294,0.835489,-0.525609]],[[0.986871,0.146331,-0.0683625],[0.097541,-0.877335,-0.46986],[-0.128732,0.457023,-0.88009]]],"btipPosition":[39.1195,269.632,28.1511],"carpPosition":[36.654,311.536,88.0781],"dipPosition":[36.7011,278.217,11.6175],"direction":[0.160294,-0.835489,0.525609],"extended":false,"handId":434,"id":4342,"length":66.986,"mcpPosition":[28.3922,340.608,25.2197],"pipPosition":[32.1443,301.968,-3.32435],"stabilizedTipPosition":[49.5832,248.652,106.271],"timeVisible":0.63275,"tipPosition":[38.5157,271.253,24.4696],"tipVelocity":[-11.2005,39.3789,-151.57],"tool":false,"touchDistance":0.333333,"touchZone":"none","type":2,"width":18.9914},{"bases":[[[0.999195,0.0129768,0.0379564],[-0.0287359,0.891765,0.451586],[-0.027988,-0.452313,0.89142]],[[0.999583,0.0243587,0.0155047],[-0.000430147,0.549469,-0.835514],[-0.0288714,0.835159,0.549251]],[[0.999583,0.0243587,0.0155047],[0.026733,-0.577768,-0.815763],[-0.0109128,0.815838,-0.578178]],[[0.999583,0.0243587,0.0155047],[0.0286817,-0.899589,-0.435795],[0.00333246,0.436058,-0.899912]]],"btipPosition":[51.8151,274.728,39.4185],"carpPosition":[48.5329,314.445,86.9521],"dipPosition":[51.8773,282.873,22.6096],"direction":[0.0109128,-0.815838,0.578178],"extended":false,"handId":434,"id":4343,"length":64.4088,"mcpPosition":[50.2855,342.769,31.1306],"pipPosition":[51.5751,305.466,6.59785],"stabilizedTipPosition":[63.2585,254.859,114.802],"timeVisible":0.63275,"tipPosition":[51.8275,276.271,35.4208],"tipVelocity":[-10.2104,32.3035,-150.972],"tool":false,"touchDistance":0.333333,"touchZone":"none","type":3,"width":18.0715},{"bases":[[[0.980161,-0.186986,0.0657331],[0.124666,0.839439,0.528961],[-0.154087,-0.510272,0.846097]],[[0.954577,-0.246887,0.166824],[0.282249,0.569789,-0.771801],[0.0954933,0.783829,0.613591]],[[0.954577,-0.246887,0.166824],[0.0147306,-0.52009,-0.853984],[0.297601,0.817651,-0.492829]],[[0.954577,-0.246887,0.166824],[-0.130628,-0.849953,-0.510407],[0.267805,0.465431,-0.843596]]],"btipPosition":[57.1338,288.191,38.4372],"carpPosition":[62.0109,310.326,85.0001],"dipPosition":[61.7485,296.211,23.9008],"direction":[-0.297601,-0.817651,0.492829],"extended":false,"handId":434,"id":4344,"length":50.4953,"mcpPosition":[70.943,339.905,35.954],"pipPosition":[67.5674,312.198,14.2646],"stabilizedTipPosition":[68.309,269.129,117.207],"timeVisible":0.63275,"tipPosition":[58.1417,289.924,34.8587],"tipVelocity":[-5.43238,29.4347,-141.469],"tool":false,"touchDistance":0.333333,"touchZone":"none","type":4,"width":16.0525}],"r":[[0.994226,-0.106336,-0.0143923],[0.104688,0.990651,-0.0874729],[0.0235593,0.0854611,0.996063]],"s":0.96311,"t":[-37.2976,118.226,-173.929],"timestamp":521568044909},false],[2,{"currentFrameRate":108.325,"devices":[],"gestures":[],"hands":[{"armBasis":[[0.855359,0.448665,-0.25896],[-0.220387,0.76756,0.601899],[0.468818,-0.457768,0.755419]],"armWidth":63.7005,"confidence":0.792603,"direction":[-0.124597,0.548489,-0.826822],"elbow":[175.208,176.507,294.04],"grabStrength":0,"id":434,"palmNormal":[0.226792,-0.795512,-0.561895],"palmPosition":[35.5583,324.278,42.8849],"palmVelocity":[9.39775,29.338,-126.378],"palmWidth":90.9622,"pinchStrength":0.575249,"r":[[0.99387,-0.109716,-0.0135882],[0.108135,0.990323,-0.0869899],[0.0230009,0.0849873,0.996117]],"s":0.96235,"sphereCenter":[43.5109,297.772,2.43675],"sphereRadius":47.8072,"stabilizedPalmPosition":[43.0473,300.13,129.393],"t":[-37.1855,118.427,-174.898],"timeVisible":0.641525,"type":"right","wrist":[48.6659,300.067,90.1389]}],"id":4121653,"interactionBox":{"center":[0,200,0],"size":[235.247,235.247,147.751]},"pointables":[{"bases":[[[0.16153,0.922184,0.351405],[-0.830182,-0.0655486,0.553626],[0.533579,-0.381157,0.754992]],[[-0.0518517,0.997838,0.0403892],[-0.817493,-0.0656405,0.572185],[0.573599,-0.00334913,0.819129]],[[-0.0518517,0.997838,0.0403892],[-0.992191,-0.0560681,0.111418],[0.113442,-0.0342966,0.992953]],[[-0.0518517,0.997838,0.0403892],[-0.569212,0.00370068,-0.822182],[-0.820554,-0.0656216,0.567789]]],"btipPosition":[10.7195,285.134,-1.82519],"carpPosition":[24.0121,282.262,86.1805],"dipPosition":[-8.47857,283.599,11.4591],"direction":[-0.113442,0.0342966,-0.992953],"extended":false,"handId":434,"id":4340,"length":52.1005,"mcpPosition":[24.0121,282.262,86.1805],"pipPosition":[-4.61189,282.43,45.304],"stabilizedTipPosition":[10.112,266.07,98.7425],"timeVisible":0.641525,"tipPosition":[5.94524,285.861,1.54425],"tipVelocity":[2.47411,26.8925,-135.508],"tool":false,"touchDistance":-0.497566,"touchZone":"hovering","type":0,"width":20.2438},{"bases":[[[0.931307,0.345964,-0.113909],[-0.266562,0.860505,0.434139],[0.248216,-0.373953,0.893615]],[[0.958715,0.283018,0.0276833],[-0.283797,0.946068,0.156254],[0.0180324,-0.157659,0.987329]],[[0.958715,0.283018,0.0276833],[-0.283542,0.958805,0.0172324],[-0.0216658,-0.0243704,0.999468]],[[0.958715,0.283018,0.0276833],[-0.279893,0.956347,-0.0840263],[-0.0502558,0.0728089,0.996079]]],"btipPosition":[8.38614,339.376,-60.7683],"carpPosition":[26.0343,305.756,88.5232],"dipPosition":[7.52775,340.62,-43.7549],"direction":[0.0216658,0.0243704,-0.999468],"extended":true,"handId":434,"id":4341,"length":58.7895,"mcpPosition":[7.77872,333.26,22.8004],"pipPosition":[7.00424,340.031,-19.6047],"stabilizedTipPosition":[3.5005,312.387,35.0279],"timeVisible":0.641525,"tipPosition":[7.85257,339.158,-56.8146],"tipVelocity":[25.28,45.1426,-127.387],"tool":false,"touchDistance":-0.503407,"touchZone":"touching","type":1,"width":19.3369},{"bases":[[[0.987985,0.140463,-0.0644612],[-0.0997616,0.898187,0.428145],[0.118037,-0.41657,0.901408]],[[0.98724,0.143024,-0.0700071],[-0.141142,0.582393,-0.800561],[-0.0737273,0.800226,0.595149]],[[0.98724,0.143024,-0.0700071],[0.0160962,-0.527018,-0.849702],[-0.158422,0.837733,-0.522595]],[[0.98724,0.143024,-0.0700071],[0.0935681,-0.876767,-0.471726],[-0.128848,0.459156,-0.878962]]],"btipPosition":[39.0192,269.708,27.1694],"carpPosition":[36.7751,311.654,87.3487],"dipPosition":[36.5986,278.334,10.657],"direction":[0.158422,-0.837733,0.522595],"extended":false,"handId":434,"id":4342,"length":66.986,"mcpPosition":[28.5425,340.708,24.4784],"pipPosition":[32.0951,302.149,-4.1992],"stabilizedTipPosition":[49.5822,248.654,106.264],"timeVisible":0.641525,"tipPosition":[38.42,271.36,23.5856],"tipVelocity":[-11.276,31.4215,-140.753],"tool":false,"touchDistance":0.333333,"touchZone":"none","type":2,"width":18.9914},{"bases":[[[0.999277,0.00951853,0.0368002],[-0.025106,0.89219,0.450962],[-0.0285403,-0.45156,0.891784]],[[0.999679,0.0209125,0.0142806],[0.000400004,0.550822,-0.834623],[-0.0253201,0.834361,0.550637]],[[0.999679,0.0209125,0.0142806],[0.0237356,-0.577255,-0.816219],[-0.0088256,0.816296,-0.577566]],[[0.999679,0.0209125,0.0142806],[0.0250447,-0.899888,-0.435401],[0.00374565,0.435619,-0.900123]]],"btipPosition":[51.7554,274.787,38.5756],"carpPosition":[48.6628,314.52,86.207],"dipPosition":[51.8253,282.924,21.7628],"direction":[0.0088256,-0.816296,0.577566],"extended":false,"handId":434,"id":4343,"length":64.4088,"mcpPosition":[50.45,342.798,30.3627],"pipPosition":[51.5809,305.53,5.76795],"stabilizedTipPosition":[63.2578,254.861,114.797],"timeVisible":0.641525,"tipPosition":[51.7671,276.334,34.6308],"tipVelocity":[-9.2401,25.381,-136.242],"tool":false,"touchDistance":0.333333,"touchZone":"none","type":3,"width":18.0715},{"bases":[[[0.979578,-0.190356,0.0647459],[0.128202,0.839386,0.5282],[-0.154893,-0.509112,0.846648]],[[0.953724,-0.250408,0.166453],[0.284158,0.569603,-0.771237],[0.0983122,0.782846,0.614399]],[[0.953724,-0.250408,0.166453],[0.0125825,-0.51986,-0.854159],[0.300421,0.816726,-0.492652]],[[0.953724,-0.250408,0.166453],[-0.134076,-0.849661,-0.51],[0.269137,0.464082,-0.843915]]],"btipPosition":[57.1159,288.227,37.6211],"carpPosition":[62.1241,310.353,84.2425],"dipPosition":[61.7536,296.223,23.0792],"direction":[-0.300421,-0.816726,0.492652],"extended":false,"handId":434,"id":4344,"length":50.4953,"mcpPosition":[71.1028,339.865,35.1645],"pipPosition":[67.6277,312.193,13.4464],"stabilizedTipPosition":[68.3087,269.129,117.204],"timeVisible":0.641525,"tipPosition":[58.1301,289.949,34.0815],"tipVelocity":[-4.35761,22.4542,-128.483],"tool":false,"touchDistance":0.333333,"touchZone":"none","type":4,"width":16.0525}],"r":[[0.99387,-0.109716,-0.0135882],[0.108135,0.990323,-0.0869899],[0.0230009,0.0849873,0.996117]],"s":0.96235,"t":[-37.1855,118.427,-174.898],"timestamp":521568053684},false],[3,{"currentFrameRate":108.314,"devices":[],"gestures":[],"hands":[{"armBasis":[[0.856874,0.445073,-0.26015],[-0.217438,0.769565,0.600409],[0.467428,-0.457908,0.756195]],"armWidth":63.7005,"confidence":0.810816,"direction":[-0.123113,0.550065,-0.825998],"elbow":[174.881,176.525,293.368],"grabStrength":0,"id":434,"palmNormal":[0.223318,-0.795626,-0.563124],"palmPosition":[35.664,324.446,42.0456],"palmVelocity":[9.96963,26.1932,-116.359],"palmWidth":90.9622,"pinchStrength":0.582949,"r":[[0.993488,-0.113177,-0.0131255],[0.111638,0.98999,-0.0863542],[0.0227674,0.0843265,0.996178]],"s":0.961324,"sphereCenter":[43.5895,297.96,1.54315],"sphereRadius":47.7959,"stabilizedPalmPosition":[43.0469,300.132,129.389],"t":[-37.0766,118.612,-175.802],"timeVisible":0.650776,"type":"right","wrist":[48.7141,300.122,89.2575]}],"id":4121654,"interactionBox":{"center":[0,200,0],"size":[235.247,235.247,147.751]},"pointables":[{"bases":[[[0.165329,0.921088,0.352509],[-0.830012,-0.0631024,0.554165],[0.532679,-0.384206,0.754081]],[[-0.047203,0.997962,0.0429382],[-0.81809,-0.0632886,0.571597],[0.57315,-0.00814619,0.81941]],[[-0.047203,0.997962,0.0429382],[-0.992447,-0.0517279,0.11123],[0.113225,-0.0373635,0.992867]],[[-0.047203,0.997962,0.0429382],[-0.565995,0.00869774,-0.824363],[-0.823057,-0.0632151,0.564431]]],"btipPosition":[10.785,285.576,-2.64422],"carpPosition":[23.9892,282.417,85.294],"dipPosition":[-8.47159,284.097,10.5615],"direction":[-0.113225,0.0373635,-0.992867],"extended":false,"handId":434,"id":4340,"length":52.1005,"mcpPosition":[23.9892,282.417,85.294],"pipPosition":[-4.6123,282.824,44.4035],"stabilizedTipPosition":[10.1119,266.07,98.7418],"timeVisible":0.650776,"tipPosition":[5.97426,286.205,0.678824],"tipVelocity":[3.36024,33.169,-122.855],"tool":false,"touchDistance":-0.4887,"touchZone":"touching","type":0,"width":20.2438},{"bases":[[[0.932542,0.342542,-0.114152],[-0.262934,0.860941,0.435484],[0.24745,-0.376093,0.892929]],[[0.959878,0.279023,0.0279272],[-0.279873,0.947048,0.15739],[0.0174672,-0.158892,0.987141]],[[0.959878,0.279023,0.0279272],[-0.279578,0.959948,0.0183616],[-0.0216854,-0.0254327,0.999441]],[[0.959878,0.279023,0.0279272],[-0.275946,0.957591,-0.0829032],[-0.0498748,0.0718706,0.996166]]],"btipPosition":[8.52974,339.772,-61.5674],"carpPosition":[26.1033,305.9,87.6664],"dipPosition":[7.67786,340.999,-44.5525],"direction":[0.0216854,0.0254327,-0.999441],"extended":true,"handId":434,"id":4341,"length":58.7895,"mcpPosition":[7.90408,333.561,21.994],"pipPosition":[7.15388,340.385,-20.403],"stabilizedTipPosition":[3.50413,312.407,34.9583],"timeVisible":0.650776,"tipPosition":[7.98621,339.574,-57.6147],"tipVelocity":[22.5832,44.3661,-115.853],"tool":false,"touchDistance":-0.493382,"touchZone":"touching","type":1,"width":19.3369},{"bases":[[[0.988468,0.136759,-0.0650203],[-0.0959947,0.897991,0.429414],[0.117114,-0.418221,0.900764]],[[0.987659,0.139567,-0.0710744],[-0.140478,0.58872,-0.796037],[-0.0692579,0.796197,0.601061]],[[0.987659,0.139567,-0.0710744],[0.0122843,-0.521425,-0.853208],[-0.15614,0.841805,-0.516705]],[[0.987659,0.139567,-0.0710744],[0.0894,-0.874971,-0.47585],[-0.128601,0.463624,-0.87665]]],"btipPosition":[38.8894,269.922,25.8615],"carpPosition":[36.8658,311.758,86.4916],"dipPosition":[36.4734,278.631,9.39251],"direction":[0.15614,-0.841805,0.516705],"extended":false,"handId":434,"id":4342,"length":66.986,"mcpPosition":[28.6975,340.927,23.6663],"pipPosition":[32.0347,302.562,-5.29622],"stabilizedTipPosition":[49.5813,248.656,106.257],"timeVisible":0.650776,"tipPosition":[38.2994,271.61,22.4084],"tipVelocity":[-12.0193,29.668,-140.626],"tool":false,"touchDistance":0.333333,"touchZone":"none","type":2,"width":18.9914},{"bases":[[[0.999334,0.00563755,0.0360584],[-0.0213455,0.891678,0.452167],[-0.0296033,-0.452636,0.891204]],[[0.999763,0.0170713,0.0135312],[0.00185118,0.552339,-0.833617],[-0.0217047,0.833445,0.552176]],[[0.999763,0.0170713,0.0135312],[0.020897,-0.576206,-0.817038],[-0.0061511,0.817126,-0.576426]],[[0.999763,0.0170713,0.0135312],[0.0212653,-0.899536,-0.436329],[0.00472314,0.436513,-0.899686]]],"btipPosition":[51.6688,274.916,37.6411],"carpPosition":[48.7635,314.58,85.3447],"dipPosition":[51.7571,283.069,20.8365],"direction":[0.0061511,-0.817126,0.576426],"extended":false,"handId":434,"id":4343,"length":64.4088,"mcpPosition":[50.6173,342.925,29.5368],"pipPosition":[51.5867,305.698,4.87327],"stabilizedTipPosition":[63.2571,254.862,114.793],"timeVisible":0.650776,"tipPosition":[51.6832,276.469,33.7066],"tipVelocity":[-9.14409,22.2694,-126.283],"tool":false,"touchDistance":0.333333,"touchZone":"none","type":3,"width":18.0715},{"bases":[[[0.978889,-0.194197,0.0637531],[0.131816,0.838184,0.529219],[-0.156209,-0.509642,0.846087]],[[0.952796,-0.254436,0.165659],[0.285986,0.568913,-0.77107],[0.101942,0.782049,0.614823]],[[0.952796,-0.254436,0.165659],[0.0097855,-0.519609,-0.854348],[0.303455,0.81564,-0.492591]],[[0.952796,-0.254436,0.165659],[-0.137935,-0.848823,-0.510366],[0.270471,0.463425,-0.84385]]],"btipPosition":[57.0648,288.329,36.7584],"carpPosition":[62.2072,310.364,83.3646],"dipPosition":[61.7254,296.315,22.2176],"direction":[-0.303455,-0.81564,0.492591],"extended":false,"handId":434,"id":4344,"length":50.4953,"mcpPosition":[71.2623,339.907,34.319],"pipPosition":[67.6588,312.263,12.586],"stabilizedTipPosition":[68.3085,269.13,117.202],"timeVisible":0.650776,"tipPosition":[58.0905,290.05,33.2091],"tipVelocity":[-4.52558,19.1782,-118.575],"tool":false,"touchDistance":0.333333,"touchZone":"none","type":4,"width":16.0525}],"r":[[0.993488,-0.113177,-0.0131255],[0.111638,0.98999,-0.0863542],[0.0227674,0.0843265,0.996178]],"s":0.961324,"t":[-37.0766,118.612,-175.802],"timestamp":521568062935},false],[4,{"currentFrameRate":108.507,"devices":[],"gestures":[],"hands":[{"armBasis":[[0.859401,0.442427,-0.256298],[-0.218767,0.771238,0.597774],[0.462138,-0.457658,0.75959]],"armWidth":63.7005,"confidence":0.815303,"direction":[-0.12159,0.549368,-0.826687],"elbow":[173.414,177.023,293.396],"grabStrength":0,"id":434,"palmNormal":[0.224318,-0.79611,-0.562041],"palmPosition":[35.7115,324.838,41.1131],"palmVelocity":[8.71828,31.0537,-113.32],"palmWidth":90.9622,"pinchStrength":0.58555,"r":[[0.993177,-0.115954,-0.0123759],[0.114477,0.989699,-0.0859715],[0.0222172,0.0839682,0.996221]],"s":0.960387,"sphereCenter":[43.836,298.325,0.643978],"sphereRadius":47.7982,"stabilizedPalmPosition":[43.0465,300.133,129.384],"t":[-36.9984,118.9,-176.72],"timeVisible":0.659644,"type":"right","wrist":[48.6748,300.553,88.3693]}],"id":4121655,"interactionBox":{"center":[0,200,0],"size":[235.247,235.247,147.751]},"pointables":[{"bases":[[[0.164716,0.921382,0.352028],[-0.831022,-0.0626072,0.552705],[0.531292,-0.383583,0.755376]],[[-0.0470455,0.997996,0.0423117],[-0.820123,-0.062773,0.568733],[0.57025,-0.00794443,0.821433]],[[-0.0470455,0.997996,0.0423117],[-0.99268,-0.0514279,0.109278],[0.111235,-0.0368609,0.99311]],[[-0.0470455,0.997996,0.0423117],[-0.562862,0.00850778,-0.826507],[-0.825211,-0.0626991,0.561334]]],"btipPosition":[11.0154,285.965,-3.59923],"carpPosition":[23.9566,282.846,84.3758],"dipPosition":[-8.29165,284.498,9.53399],"direction":[-0.111235,0.0368609,-0.99311],"extended":false,"handId":434,"id":4340,"length":52.1005,"mcpPosition":[23.9566,282.846,84.3758],"pipPosition":[-4.50019,283.242,43.3843],"stabilizedTipPosition":[10.1119,266.07,98.7407],"timeVisible":0.659644,"tipPosition":[6.17402,286.537,-0.299902],"tipVelocity":[9.13788,36.1548,-119.253],"tool":false,"touchDistance":-0.482738,"touchZone":"touching","type":0,"width":20.2438},{"bases":[[[0.932759,0.342416,-0.112744],[-0.263699,0.861318,0.434274],[0.245811,-0.375343,0.893697]],[[0.959903,0.278714,0.0300835],[-0.279933,0.947271,0.155936],[0.0149644,-0.158105,0.987309]],[[0.959903,0.278714,0.0300835],[-0.279295,0.960052,0.0171837],[-0.0240924,-0.0248968,0.9994]],[[0.959903,0.278714,0.0300835],[-0.275433,0.957656,-0.0838568],[-0.0521817,0.0722084,0.996024]]],"btipPosition":[8.81915,340.094,-62.5619],"carpPosition":[26.0671,306.33,86.7321],"dipPosition":[7.92786,341.328,-45.5495],"direction":[0.0240924,0.0248968,-0.9994],"extended":true,"handId":434,"id":4341,"length":58.7895,"mcpPosition":[7.98843,333.936,21.0032],"pipPosition":[7.34572,340.726,-21.401],"stabilizedTipPosition":[3.50795,312.428,34.8882],"timeVisible":0.659644,"tipPosition":[8.25831,339.907,-58.6112],"tipVelocity":[25.0317,42.24,-114.865],"tool":false,"touchDistance":-0.487303,"touchZone":"touching","type":1,"width":19.3369},{"bases":[[[0.988589,0.136674,-0.0633357],[-0.0967479,0.898358,0.428477],[0.11546,-0.41746,0.90133]],[[0.98775,0.139616,-0.0696947],[-0.139439,0.589214,-0.795854],[-0.070049,0.795823,0.601464]],[[0.98775,0.139616,-0.0696947],[0.0135138,-0.521489,-0.853151],[-0.155459,0.841758,-0.516988]],[[0.98775,0.139616,-0.0696947],[0.090218,-0.875367,-0.474966],[-0.127321,0.46286,-0.87724]]],"btipPosition":[38.9656,270.331,24.902],"carpPosition":[36.8319,312.187,85.572],"dipPosition":[36.5737,279.027,8.42198],"direction":[0.155459,-0.841758,0.516988],"extended":false,"handId":434,"id":4342,"length":66.986,"mcpPosition":[28.779,341.303,22.7072],"pipPosition":[32.1543,302.956,-6.2748],"stabilizedTipPosition":[49.5806,248.658,106.251],"timeVisible":0.659644,"tipPosition":[38.3821,272.019,21.4612],"tipVelocity":[-6.26075,34.0464,-131.909],"tool":false,"touchDistance":0.333333,"touchZone":"none","type":2,"width":18.9914},{"bases":[[[0.999267,0.00563771,0.0378738],[-0.0221406,0.892062,0.451371],[-0.0312411,-0.451879,0.891532]],[[0.999737,0.0170574,0.0153277],[0.00336139,0.552171,-0.833724],[-0.0226847,0.833557,0.551968]],[[0.999737,0.0170574,0.0153277],[0.0223595,-0.576579,-0.816735],[-0.00509372,0.816863,-0.576809]],[[0.999737,0.0170574,0.0153277],[0.0220317,-0.89989,-0.43556],[0.00636374,0.435783,-0.900029]]],"btipPosition":[51.7235,275.312,36.7466],"carpPosition":[48.7318,315.008,84.4444],"dipPosition":[51.8424,283.452,19.9356],"direction":[0.00509372,-0.816863,0.576809],"extended":false,"handId":434,"id":4343,"length":64.4088,"mcpPosition":[50.6881,343.305,28.6159],"pipPosition":[51.7013,306.073,3.96167],"stabilizedTipPosition":[63.2566,254.863,114.789],"timeVisible":0.659644,"tipPosition":[51.7449,276.867,32.8256],"tipVelocity":[-4.77707,28.2467,-119.439],"tool":false,"touchDistance":0.333333,"touchZone":"none","type":3,"width":18.0715},{"bases":[[[0.978765,-0.194173,0.0657007],[0.130879,0.838628,0.528747],[-0.157767,-0.50892,0.846233]],[[0.952455,-0.254376,0.1677],[0.287521,0.568305,-0.770948],[0.100806,0.782511,0.614423]],[[0.952455,-0.254376,0.1677],[0.0112863,-0.520577,-0.85374],[0.304472,0.815041,-0.492955]],[[0.952455,-0.254376,0.1677],[-0.13715,-0.849446,-0.509541],[0.272067,0.462315,-0.843946]]],"btipPosition":[57.1196,288.727,35.9006],"carpPosition":[62.179,310.79,82.4923],"dipPosition":[61.8077,296.694,21.3581],"direction":[-0.304472,-0.815041,0.492955],"extended":false,"handId":434,"id":4344,"length":50.4953,"mcpPosition":[71.3243,340.29,33.4383],"pipPosition":[67.761,312.63,11.7194],"stabilizedTipPosition":[68.3082,269.13,117.2],"timeVisible":0.659644,"tipPosition":[58.153,290.441,32.3523],"tipVelocity":[-1.4307,26.0168,-112.664],"tool":false,"touchDistance":0.333333,"touchZone":"none","type":4,"width":16.0525}],"r":[[0.993177,-0.115954,-0.0123759],[0.114477,0.989699,-0.0859715],[0.0222172,0.0839682,0.996221]],"s":0.960387,"t":[-36.9984,118.9,-176.72],"timestamp":521568071803},false],[5,{"currentFrameRate":108.61,"devices":[],"gestures":[],"hands":[{"armBasis":[[0.858826,0.441409,-0.259954],[-0.215716,0.771898,0.598031],[0.464634,-0.457528,0.758144]],"armWidth":63.7005,"confidence":0.82226,"direction":[-0.119674,0.5498,-0.826679],"elbow":[174.086,177.192,292.17],"grabStrength":0,"id":434,"palmNormal":[0.221218,-0.796962,-0.562062],"palmPosition":[35.7931,325.019,40.279],"palmVelocity":[8.80841,28.0443,-107.577],"palmWidth":90.9622,"pinchStrength":0.586606,"r":[[0.992833,-0.118922,-0.011813],[0.117488,0.989372,-0.0856729],[0.0218759,0.083671,0.996253]],"s":0.95968,"sphereCenter":[43.9272,298.481,-0.184957],"sphereRadius":47.8071,"stabilizedPalmPosition":[43.0461,300.134,129.38],"t":[-36.9184,119.135,-177.597],"timeVisible":0.668667,"type":"right","wrist":[48.6737,300.687,87.5334]}],"id":4121656,"interactionBox":{"center":[0,200,0],"size":[235.247,235.247,147.751]},"pointables":[{"bases":[[[0.168246,0.920765,0.351974],[-0.83115,-0.0594666,0.55286],[0.529984,-0.38556,0.755288]],[[-0.0426474,0.998154,0.0432487],[-0.821162,-0.0596771,0.567567],[0.5691,-0.0113089,0.822191]],[[-0.0426474,0.998154,0.0432487],[-0.992868,-0.0471658,0.109495],[0.111333,-0.0382705,0.993046]],[[-0.0426474,0.998154,0.0432487],[-0.561464,0.0118616,-0.827416],[-0.826402,-0.0595697,0.559921]]],"btipPosition":[11.0289,286.335,-4.43271],"carpPosition":[23.8883,283.073,83.5449],"dipPosition":[-8.30596,284.941,8.66746],"direction":[-0.111333,0.0382705,-0.993046],"extended":false,"handId":434,"id":4340,"length":52.1005,"mcpPosition":[23.8883,283.073,83.5449],"pipPosition":[-4.51116,283.637,42.5156],"stabilizedTipPosition":[10.1118,266.07,98.7389],"timeVisible":0.668667,"tipPosition":[6.17474,286.84,-1.14942],"tipVelocity":[6.84131,37.9987,-112.088],"tool":false,"touchDistance":-0.475414,"touchZone":"touching","type":0,"width":20.2438},{"bases":[[[0.93402,0.338902,-0.112924],[-0.260377,0.862315,0.434301],[0.244561,-0.376243,0.893662]],[[0.96102,0.274784,0.0305724],[-0.276136,0.948428,0.155668],[0.0137793,-0.158042,0.987336]],[[0.96102,0.274784,0.0305724],[-0.275374,0.961185,0.0170818],[-0.024692,-0.0248348,0.999387]],[[0.96102,0.274784,0.0305724],[-0.271479,0.958787,-0.0838218],[-0.0523453,0.0722546,0.996012]]],"btipPosition":[8.99968,340.375,-63.3919],"carpPosition":[26.0876,306.549,85.9002],"dipPosition":[8.1056,341.609,-46.3796],"direction":[0.024692,0.0248348,-0.999387],"extended":true,"handId":434,"id":4341,"length":58.7895,"mcpPosition":[8.10078,334.221,20.1739],"pipPosition":[7.50897,341.009,-22.2314],"stabilizedTipPosition":[3.51206,312.45,34.815],"timeVisible":0.668667,"tipPosition":[8.42644,340.205,-59.4421],"tipVelocity":[23.6297,39.1694,-108.569],"tool":false,"touchDistance":-0.479356,"touchZone":"touching","type":1,"width":19.3369},{"bases":[[[0.989085,0.132952,-0.0635206],[-0.0932889,0.898726,0.428472],[0.114054,-0.417869,0.90132]],[[0.988232,0.13598,-0.070057],[-0.1376,0.590189,-0.795452],[-0.0668184,0.795731,0.601954]],[[0.988232,0.13598,-0.070057],[0.0112705,-0.521475,-0.853192],[-0.15255,0.842362,-0.516871]],[[0.988232,0.13598,-0.070057],[0.0868656,-0.875856,-0.474689],[-0.125908,0.463017,-0.877361]]],"btipPosition":[38.8409,270.523,24.0441],"carpPosition":[36.8741,312.365,84.7379],"dipPosition":[36.4756,279.221,7.56176],"direction":[0.15255,-0.842362,0.516871],"extended":false,"handId":434,"id":4342,"length":66.986,"mcpPosition":[28.9192,341.51,21.8739],"pipPosition":[32.1389,303.167,-7.13169],"stabilizedTipPosition":[49.5798,248.66,106.246],"timeVisible":0.668667,"tipPosition":[38.2628,272.212,20.6032],"tipVelocity":[-8.15416,30.5339,-121.792],"tool":false,"touchDistance":0.333333,"touchZone":"none","type":2,"width":18.9914},{"bases":[[[0.999288,0.00187929,0.0376903],[-0.0187015,0.89215,0.451352],[-0.0327771,-0.451736,0.891549]],[[0.999797,0.0132905,0.0151559],[0.00534635,0.550103,-0.83508],[-0.0194359,0.834991,0.54992]],[[0.999797,0.0132905,0.0151559],[0.0200539,-0.579549,-0.814691],[-0.00204403,0.814829,-0.579697]],[[0.999797,0.0132905,0.0151559],[0.0185399,-0.90141,-0.43257],[0.00791261,0.432763,-0.901473]]],"btipPosition":[51.6137,275.485,36.1076],"carpPosition":[48.7843,315.142,83.6081],"dipPosition":[51.7615,283.569,19.2696],"direction":[0.00204403,-0.814829,0.579697],"extended":false,"handId":434,"id":4343,"length":64.4088,"mcpPosition":[50.8368,343.43,27.7785],"pipPosition":[51.7049,306.134,3.21577],"stabilizedTipPosition":[63.2561,254.864,114.785],"timeVisible":0.668667,"tipPosition":[51.6425,277.034,32.1119],"tipVelocity":[-6.60824,25.3659,-106.247],"tool":false,"touchDistance":0.333333,"touchZone":"none","type":3,"width":18.0715},{"bases":[[[0.978039,-0.197852,0.065526],[0.13413,0.838143,0.528701],[-0.159525,-0.508302,0.846275]],[[0.951488,-0.258012,0.167633],[0.289702,0.567702,-0.770576],[0.103652,0.781757,0.614908]],[[0.951488,-0.258012,0.167633],[0.00929183,-0.520474,-0.853827],[0.307546,0.813963,-0.492827]],[[0.951488,-0.258012,0.167633],[-0.14047,-0.848986,-0.509403],[0.27375,0.461143,-0.844043]]],"btipPosition":[57.0679,288.842,35.0415],"carpPosition":[62.2152,310.873,81.6536],"dipPosition":[61.7851,296.788,20.4973],"direction":[-0.307546,-0.813963,0.492827],"extended":false,"handId":434,"id":4344,"length":50.4953,"mcpPosition":[71.4624,340.338,32.5972],"pipPosition":[67.7985,312.704,10.8612],"stabilizedTipPosition":[68.308,269.131,117.198],"timeVisible":0.668667,"tipPosition":[58.1071,290.549,31.5062],"tipVelocity":[-2.40778,22.2275,-107.873],"tool":false,"touchDistance":0.333333,"touchZone":"none","type":4,"width":16.0525}],"r":[[0.992833,-0.118922,-0.011813],[0.117488,0.989372,-0.0856729],[0.0218759,0.083671,0.996253]],"s":0.95968,"t":[-36.9184,119.135,-177.597],"timestamp":521568080826},false],[6,{"currentFrameRate":108.732,"devices":[],"gestures":[],"hands":[{"armBasis":[[0.858441,0.441309,-0.261393],[-0.21446,0.771763,0.598656],[0.465925,-0.457852,0.757156]],"armWidth":63.7005,"confidence":0.824906,"direction":[-0.118776,0.550208,-0.826537],"elbow":[174.503,177.137,291.385],"grabStrength":0,"id":434,"palmNormal":[0.21999,-0.797159,-0.562265],"palmPosition":[35.9015,325.084,39.7666],"palmVelocity":[9.70139,22.3547,-93.739],"palmWidth":90.9622,"pinchStrength":0.58699,"r":[[0.992513,-0.121607,-0.0113614],[0.120208,0.989071,-0.0853789],[0.0216199,0.0833739,0.996284]],"s":0.959201,"sphereCenter":[44.0976,298.552,-0.698907],"sphereRadius":47.8188,"stabilizedPalmPosition":[43.0458,300.135,129.375],"t":[-36.8243,119.285,-178.291],"timeVisible":0.677644,"type":"right","wrist":[48.7418,300.719,87.0151]}],"id":4121657,"interactionBox":{"center":[0,200,0],"size":[235.247,235.247,147.751]},"pointables":[{"bases":[[[0.169677,0.920405,0.352227],[-0.831266,-0.058309,0.552808],[0.529346,-0.386593,0.755208]],[[-0.0407629,0.9982,0.0439921],[-0.821991,-0.058533,0.566485],[0.56804,-0.0130695,0.822897]],[[-0.0407629,0.9982,0.0439921],[-0.992946,-0.0453758,0.109537],[0.111336,-0.0392168,0.993009]],[[-0.0407629,0.9982,0.0439921],[-0.561151,0.0135582,-0.827602],[-0.826709,-0.0584217,0.559588]]],"btipPosition":[11.1295,286.501,-4.98295],"carpPosition":[23.9289,283.145,83.0208],"dipPosition":[-8.21253,285.134,8.10943],"direction":[-0.111336,0.0392168,-0.993009],"extended":false,"handId":434,"id":4340,"length":52.1005,"mcpPosition":[23.9289,283.145,83.0208],"pipPosition":[-4.41763,283.797,41.9563],"stabilizedTipPosition":[10.1118,266.071,98.7364],"timeVisible":0.677644,"tipPosition":[6.27246,286.959,-1.70108],"tipVelocity":[7.98736,32.836,-98.2261],"tool":false,"touchDistance":-0.464486,"touchZone":"touching","type":0,"width":20.2438},{"bases":[[[0.934556,0.337465,-0.112794],[-0.259041,0.862607,0.43452],[0.243932,-0.376865,0.893572]],[[0.961517,0.272948,0.0313579],[-0.274448,0.948911,0.155712],[0.0127453,-0.158326,0.987305]],[[0.961517,0.272948,0.0313579],[-0.273565,0.961698,0.017328],[-0.0254272,-0.0252396,0.999358]],[[0.961517,0.272948,0.0313579],[-0.269612,0.959349,-0.0834185],[-0.0528522,0.0717539,0.996021]]],"btipPosition":[9.19418,340.519,-63.9011],"carpPosition":[26.1649,306.618,85.3825],"dipPosition":[8.29145,341.745,-46.8886],"direction":[0.0254272,0.0252396,-0.999358],"extended":true,"handId":434,"id":4341,"length":58.7895,"mcpPosition":[8.22445,334.335,19.6629],"pipPosition":[7.67705,341.135,-22.7411],"stabilizedTipPosition":[3.51635,312.473,34.7407],"timeVisible":0.677644,"tipPosition":[8.60941,340.36,-59.9524],"tipVelocity":[23.0312,32.7929,-94.362],"tool":false,"touchDistance":-0.467391,"touchZone":"touching","type":1,"width":19.3369},{"bases":[[[0.989295,0.131416,-0.0634432],[-0.0918959,0.898757,0.428708],[0.113359,-0.418288,0.901213]],[[0.988433,0.134495,-0.0700846],[-0.136772,0.590839,-0.795111],[-0.0655301,0.7955,0.6024]],[[0.988433,0.134495,-0.0700846],[0.0104322,-0.521317,-0.853299],[-0.151301,0.842698,-0.51669]],[[0.988433,0.134495,-0.0700846],[0.0855423,-0.876006,-0.474654],[-0.125233,0.463169,-0.877378]]],"btipPosition":[38.8657,270.602,23.5095],"carpPosition":[36.9607,312.417,84.2222],"dipPosition":[36.513,279.304,7.02687],"direction":[0.151301,-0.842698,0.51669],"extended":false,"handId":434,"id":4342,"length":66.986,"mcpPosition":[29.0542,341.591,21.3656],"pipPosition":[32.2119,303.26,-7.66143],"stabilizedTipPosition":[49.5791,248.661,106.24],"timeVisible":0.677644,"tipPosition":[38.2902,272.292,20.0653],"tipVelocity":[-5.07502,24.622,-104.74],"tool":false,"touchDistance":0.333333,"touchZone":"none","type":2,"width":18.9914},{"bases":[[[0.999288,0.000300111,0.0377331],[-0.0173199,0.892058,0.45159],[-0.0335245,-0.451922,0.891427]],[[0.999816,0.0117109,0.0152127],[0.00629795,0.548476,-0.836142],[-0.0181358,0.836084,0.548302]],[[0.999816,0.0117109,0.0152127],[0.0191866,-0.581953,-0.812996],[-0.000667892,0.813138,-0.58207]],[[0.999816,0.0117109,0.0152127],[0.0171168,-0.902611,-0.430118],[0.00869404,0.430299,-0.902645]]],"btipPosition":[51.6407,275.574,35.7607],"carpPosition":[48.8752,315.175,83.0936],"dipPosition":[51.8031,283.612,18.9009],"direction":[0.000667892,-0.813138,0.58207],"extended":false,"handId":434,"id":4343,"length":64.4088,"mcpPosition":[50.9745,343.475,27.2717],"pipPosition":[51.7846,306.13,2.78128],"stabilizedTipPosition":[63.2556,254.865,114.782],"timeVisible":0.677644,"tipPosition":[51.6739,277.119,31.7025],"tipVelocity":[-3.87174,20.8115,-87.8782],"tool":false,"touchDistance":0.333333,"touchZone":"none","type":3,"width":18.0715},{"bases":[[[0.977725,-0.199405,0.0655146],[0.135423,0.83779,0.528931],[-0.160359,-0.508276,0.846132]],[[0.951014,-0.259654,0.167784],[0.290898,0.5679,-0.769979],[0.104644,0.781069,0.615614]],[[0.951014,-0.259654,0.167784],[0.00865351,-0.520162,-0.854024],[0.309026,0.813641,-0.492434]],[[0.951014,-0.259654,0.167784],[-0.141835,-0.848709,-0.509486],[0.27469,0.46073,-0.843963]]],"btipPosition":[57.1204,288.891,34.5007],"carpPosition":[62.2995,310.885,81.1386],"dipPosition":[61.8538,296.83,19.958],"direction":[-0.309026,-0.813641,0.492434],"extended":false,"handId":434,"id":4344,"length":50.4953,"mcpPosition":[71.5951,340.349,32.0905],"pipPosition":[67.8961,312.739,10.3295],"stabilizedTipPosition":[68.3078,269.131,117.196],"timeVisible":0.677644,"tipPosition":[58.1637,290.594,30.9779],"tipVelocity":[-0.0323315,17.5859,-94.8119],"tool":false,"touchDistance":0.333333,"touchZone":"none","type":4,"width":16.0525}],"r":[[0.992513,-0.121607,-0.0113614],[0.12