{"sensorType":"Leap","data":[[0,{"currentFrameRate":109.267,"devices":[],"gestures":[],"hands":[{"armBasis":[[0.839444,0.438991,-0.320343],[-0.227226,0.818993,0.526895],[0.493661,-0.369509,0.787249]],"armWidth":63.7005,"confidence":0.722208,"direction":[-0.126076,0.478765,-0.868843],"elbow":[190.623,199.327,306.706],"grabStrength":0,"id":440,"palmNormal":[0.232054,-0.837299,-0.495056],"palmPosition":[44.2216,319.282,45.1301],"palmVelocity":[-14.0979,19.6139,-128.189],"palmWidth":90.9622,"pinchStrength":0.75926,"r":[[0.995246,-0.00142726,0.0973862],[0.00258875,0.999927,-0.0118013],[-0.0973622,0.0119973,0.995177]],"s":1.3492,"sphereCenter":[56.9975,288.621,3.92415],"sphereRadius":50.1,"stabilizedPalmPosition":[61.0424,291.225,134.512],"t":[-25.831,111.57,-169.125],"timeVisible":0.840121,"type":"right","wrist":[57.3754,299.064,94.2135]}],"id":4123931,"interactionBox":{"center":[0,200,0],"size":[235.247,235.247,147.751]},"pointables":[{"bases":[[[0.155954,0.948572,0.27548],[-0.830797,-0.0248857,0.556019],[0.53428,-0.315581,0.78419]],[[-0.107022,0.9875,-0.115713],[-0.871961,-0.0372994,0.488152],[0.477735,0.15314,0.865054]],[[-0.107022,0.9875,-0.115713],[-0.988125,-0.0927335,0.122513],[0.110251,0.12745,0.985698]],[[-0.107022,0.9875,-0.115713],[-0.807009,-0.154256,-0.570037],[-0.580761,0.0323748,0.81343]]],"btipPosition":[18.8143,268.118,-4.11427],"carpPosition":[32.8245,280.862,91.683],"dipPosition":[5.22651,268.875,14.9171],"direction":[-0.110251,-0.12745,-0.985698],"extended":false,"handId":440,"id":4400,"length":52.1005,"mcpPosition":[32.8245,280.862,91.683],"pipPosition":[8.98444,273.219,48.5148],"stabilizedTipPosition":[13.3298,238.391,83.5716],"timeVisible":0.840121,"tipPosition":[14.8335,268.262,-0.203721],"tipVelocity":[1.2832,38.9522,-141.937],"tool":false,"touchDistance":-0.479991,"touchZone":"touching","type":0,"width":20.2438},{"bases":[[[0.929637,0.340671,-0.140423],[-0.271946,0.891472,0.362386],[0.248638,-0.2987,0.921389]],[[0.945795,0.317076,-0.0702535],[-0.298412,0.933829,0.197265],[0.128153,-0.165608,0.97783]],[[0.945795,0.317076,-0.0702535],[-0.312002,0.947159,0.074468],[0.0901532,-0.0485122,0.994746]],[[0.945795,0.317076,-0.0702535],[-0.319089,0.947529,-0.0192709],[0.0604569,0.0406434,0.997343]]],"btipPosition":[7.71478,334.038,-58.7231],"carpPosition":[34.7164,304.479,92.1105],"dipPosition":[8.74741,334.732,-41.6881],"direction":[-0.0901532,0.0485122,-0.994746],"extended":true,"handId":440,"id":4401,"length":58.7895,"mcpPosition":[16.4299,326.447,24.345],"pipPosition":[10.9258,333.56,-17.6521],"stabilizedTipPosition":[18.4138,302.465,21.3701],"timeVisible":0.840121,"tipPosition":[7.74144,333.89,-54.7853],"tipVelocity":[-6.90929,65.3084,-123.013],"tool":false,"touchDistance":-0.475321,"touchZone":"touching","type":1,"width":19.3369},{"bases":[[[0.98733,0.140184,-0.0743558],[-0.10534,0.929458,0.35357],[0.118675,-0.341257,0.932448]],[[0.983386,0.15022,-0.101912],[-0.177392,0.676087,-0.715149],[-0.0385279,0.721346,0.691503]],[[0.983386,0.15022,-0.101912],[-0.128822,0.181965,-0.97483],[-0.127894,0.971763,0.198294]],[[0.983386,0.15022,-0.101912],[-0.0881475,-0.0956194,-0.991507],[-0.158689,0.984018,-0.0807893]]],"btipPosition":[45.6237,253.252,-12.0004],"carpPosition":[45.4275,310.32,90.4747],"dipPosition":[42.6425,271.738,-13.5181],"direction":[0.127894,-0.971763,-0.198294],"extended":false,"handId":440,"id":4402,"length":66.986,"mcpPosition":[37.1503,334.122,25.4395],"pipPosition":[39.0068,299.363,-7.88104],"stabilizedTipPosition":[55.6908,246.868,33.3276],"timeVisible":0.840121,"tipPosition":[44.6344,258.409,-14.1227],"tipVelocity":[22.4068,-9.28974,-13.7694],"tool":false,"touchDistance":-0.392056,"touchZone":"touching","type":2,"width":18.9914},{"bases":[[[0.999145,0.0179695,0.0372315],[-0.0306939,0.925746,0.376898],[-0.0276943,-0.377719,0.925506]],[[0.999045,0.0401414,-0.0172357],[-0.0384803,0.621852,-0.782189],[-0.02068,0.782105,0.622803]],[[0.999045,0.0401414,-0.0172357],[-0.0202697,0.0764447,-0.996868],[-0.038698,0.996265,0.0771853]],[[0.999045,0.0401414,-0.0172357],[-0.00891331,-0.19894,-0.979971],[-0.0427662,0.979189,-0.198393]]],"btipPosition":[61.83,255.99,4.91346],"carpPosition":[57.3016,313.15,89.1194],"dipPosition":[61.0312,274.279,1.20782],"direction":[0.038698,-0.996265,-0.0771853],"extended":false,"handId":440,"id":4403,"length":64.4088,"mcpPosition":[59.0358,336.803,31.1635],"pipPosition":[59.9595,301.869,3.34536],"stabilizedTipPosition":[74.6111,244.884,65.8753],"timeVisible":0.840121,"tipPosition":[61.5301,261.012,1.93613],"tipVelocity":[2.251,0.0167296,-0.712359],"tool":false,"touchDistance":-0.363369,"touchZone":"touching","type":3,"width":18.0715},{"bases":[[[0.980469,-0.179077,0.0813089],[0.122758,0.880239,0.458376],[-0.153656,-0.439443,0.885031]],[[0.963824,-0.215846,0.156375],[0.257354,0.600944,-0.756727],[0.0693636,0.769596,0.634753]],[[0.963824,-0.215846,0.156375],[0.17444,0.0672318,-0.98237],[0.201527,0.97411,0.102452]],[[0.963824,-0.215846,0.156375],[0.115413,-0.190868,-0.974807],[0.240255,0.957591,-0.159051]]],"btipPosition":[69.1633,271.633,14.5152],"carpPosition":[70.7886,308.911,87.5182],"dipPosition":[73.3033,288.133,11.7745],"direction":[-0.201527,-0.97411,-0.102452],"extended":false,"handId":440,"id":4404,"length":50.4953,"mcpPosition":[79.6956,334.384,36.2152],"pipPosition":[77.2437,307.18,13.7777],"stabilizedTipPosition":[91.2267,260.664,75.6],"timeVisible":0.840121,"tipPosition":[70.5649,276.048,12.1675],"tipVelocity":[-20.7228,25.3517,-83.9027],"tool":false,"touchDistance":-0.418198,"touchZone":"touching","type":4,"width":16.0525}],"r":[[0.995246,-0.00142726,0.0973862],[0.00258875,0.999927,-0.0118013],[-0.0973622,0.0119973,0.995177]],"s":1.3492,"t":[-25.831,111.57,-169.125],"timestamp":521591830592},false],[1,{"currentFrameRate":109.337,"devices":[],"gestures":[],"hands":[{"armBasis":[[0.837734,0.442149,-0.320478],[-0.232025,0.819465,0.524063],[0.494334,-0.364666,0.789083]],"armWidth":63.7005,"confidence":0.727223,"direction":[-0.126681,0.486081,-0.864683],"elbow":[190.475,201.362,304.894],"grabStrength":0,"id":440,"palmNormal":[0.235322,-0.832095,-0.502237],"palmPosition":[43.8794,320.403,42.9908],"palmVelocity":[-20.6553,48.4117,-158.162],"palmWidth":90.9622,"pinchStrength":0.761365,"r":[[0.995192,-0.000561522,0.097941],[0.00121813,0.999977,-0.00664441],[-0.097935,0.00673177,0.99517]],"s":1.35176,"sphereCenter":[56.8893,290.155,1.53628],"sphereRadius":50.0949,"stabilizedPalmPosition":[61.0417,291.226,134.509],"t":[-26.0609,112.223,-170.765],"timeVisible":0.849143,"type":"right","wrist":[57.045,299.791,91.9069]}],"id":4123932,"interactionBox":{"center":[0,200,0],"size":[235.247,235.247,147.751]},"pointables":[{"bases":[[[0.152562,0.94658,0.284098],[-0.831321,-0.0325389,0.554839],[0.534444,-0.320824,0.781947]],[[-0.110213,0.988112,-0.107184],[-0.871263,-0.0441545,0.488827],[0.478283,0.14726,0.865771]],[[-0.110213,0.988112,-0.107184],[-0.987955,-0.0971283,0.120461],[0.108618,0.119169,0.986915]],[[-0.110213,0.988112,-0.107184],[-0.800782,-0.152158,-0.579306],[-0.588728,0.0219843,0.808032]]],"btipPosition":[18.7608,269.607,-6.56168],"carpPosition":[32.5564,281.532,89.1866],"dipPosition":[4.98666,270.122,12.3434],"direction":[-0.108618,-0.119169,-0.986915],"extended":false,"handId":440,"id":4400,"length":52.1005,"mcpPosition":[32.5564,281.532,89.1866],"pipPosition":[8.68893,274.184,45.9826],"stabilizedTipPosition":[13.33,238.394,83.5636],"timeVisible":0.849143,"tipPosition":[14.7737,269.698,-2.70575],"tipVelocity":[-2.00722,71.9594,-178.409],"tool":false,"touchDistance":-0.497472,"touchZone":"touching","type":0,"width":20.2438},{"bases":[[[0.928676,0.344925,-0.136334],[-0.275245,0.887318,0.37001],[0.248597,-0.306095,0.91897]],[[0.945002,0.320443,-0.0654786],[-0.301876,0.93161,0.202421],[0.125865,-0.171522,0.977107]],[[0.945002,0.320443,-0.0654786],[-0.315363,0.945817,0.0773051],[0.0867026,-0.052404,0.994855]],[[0.945002,0.320443,-0.0654786],[-0.322206,0.946496,-0.0181426],[0.0561615,0.0382424,0.997689]]],"btipPosition":[7.62724,335.643,-60.8066],"carpPosition":[34.3709,305.151,89.8267],"dipPosition":[8.5865,336.296,-43.7656],"direction":[-0.0867026,0.052404,-0.994855],"extended":true,"handId":440,"id":4401,"length":58.7895,"mcpPosition":[16.0873,327.663,22.2391],"pipPosition":[10.6815,335.03,-19.7269],"stabilizedTipPosition":[18.3993,302.51,21.2631],"timeVisible":0.849143,"tipPosition":[7.5907,335.619,-56.854],"tipVelocity":[-8.1926,96.001,-152.664],"tool":false,"touchDistance":-0.487353,"touchZone":"touching","type":1,"width":19.3369},{"bases":[[[0.986949,0.144046,-0.0719911],[-0.108754,0.925922,0.361721],[0.118762,-0.34917,0.929503]],[[0.983078,0.154139,-0.0989912],[-0.17807,0.677218,-0.713909],[-0.0430025,0.719456,0.693206]],[[0.983078,0.154139,-0.0989912],[-0.125988,0.17661,-0.976184],[-0.132985,0.972137,0.193041]],[[0.983078,0.154139,-0.0989912],[-0.083558,-0.103586,-0.991104],[-0.163022,0.982604,-0.0889537]]],"btipPosition":[45.6966,254.632,-13.7939],"carpPosition":[45.0647,311.041,88.255],"dipPosition":[42.634,273.092,-15.465],"direction":[0.132985,-0.972137,-0.193041],"extended":false,"handId":440,"id":4402,"length":66.986,"mcpPosition":[36.7814,335.395,23.4253],"pipPosition":[38.8535,300.727,-9.97731],"stabilizedTipPosition":[55.6488,246.915,33.1409],"timeVisible":0.849143,"tipPosition":[44.6881,259.755,-15.9535],"tipVelocity":[17.8925,35.1716,-65.7565],"tool":false,"touchDistance":-0.408617,"touchZone":"touching","type":2,"width":18.9914},{"bases":[[[0.99904,0.0208798,0.0385157],[-0.0341214,0.922244,0.385099],[-0.0274801,-0.386043,0.922071]],[[0.998927,0.0435462,-0.0157762],[-0.0397037,0.629717,-0.775809],[-0.023849,0.775603,0.63077]],[[0.998927,0.0435462,-0.0157762],[-0.0194616,0.0855507,-0.996144],[-0.0420286,0.995382,0.0863064]],[[0.998927,0.0435462,-0.0157762],[-0.00719247,-0.190641,-0.981634],[-0.045754,0.980694,-0.190123]]],"btipPosition":[61.7356,257.57,2.18466],"carpPosition":[56.931,313.922,86.9385],"dipPosition":[60.881,275.887,-1.36651],"direction":[0.0420286,-0.995382,-0.0863064],"extended":false,"handId":440,"id":4403,"length":64.4088,"mcpPosition":[58.6518,338.096,29.1976],"pipPosition":[59.7171,303.453,1.02362],"stabilizedTipPosition":[74.5818,244.922,65.7305],"timeVisible":0.849143,"tipPosition":[61.427,262.576,-0.665495],"tipVelocity":[-1.63952,48.3907,-82.655],"tool":false,"touchDistance":-0.395764,"touchZone":"touching","type":3,"width":18.0715},{"bases":[[[0.980957,-0.176611,0.0808141],[0.119388,0.876511,0.466341],[-0.153196,-0.447813,0.880906]],[[0.963222,-0.216139,0.15965],[0.258817,0.586542,-0.767452],[0.0722353,0.780546,0.62091]],[[0.963222,-0.216139,0.15965],[0.172062,0.0397564,-0.984284],[0.206395,0.975553,0.0754835]],[[0.963222,-0.216139,0.15965],[0.111847,-0.217728,-0.96958],[0.244325,0.951776,-0.185545]]],"btipPosition":[68.5147,272.633,14.0239],"carpPosition":[70.4334,309.741,85.3147],"dipPosition":[72.7248,289.033,10.8267],"direction":[-0.206395,-0.975553,-0.0754835],"extended":false,"handId":440,"id":4404,"length":50.4953,"mcpPosition":[79.3138,335.699,34.2508],"pipPosition":[76.7604,308.108,12.3026],"stabilizedTipPosition":[91.1921,260.689,75.501],"timeVisible":0.849143,"tipPosition":[69.9884,277.129,11.3292],"tipVelocity":[-34.3108,48.1734,-79.0006],"tool":false,"touchDistance":-0.413655,"touchZone":"touching","type":4,"width":16.0525}],"r":[[0.995192,-0.000561522,0.097941],[0.00121813,0.999977,-0.00664441],[-0.097935,0.00673177,0.99517]],"s":1.35176,"t":[-26.0609,112.223,-170.765],"timestamp":521591839614},false],[2,{"currentFrameRate":109.376,"devices":[],"gestures":[],"hands":[{"armBasis":[[0.837942,0.443515,-0.318038],[-0.234863,0.819067,0.523419],[0.492639,-0.363899,0.790496]],"armWidth":63.7005,"confidence":0.743612,"direction":[-0.126035,0.487291,-0.864097],"elbow":[189.812,202.085,304.118],"grabStrength":0,"id":440,"palmNormal":[0.237899,-0.830779,-0.503201],"palmPosition":[43.7244,320.976,41.8436],"palmVelocity":[-19.6679,52.5038,-149.397],"palmWidth":90.9622,"pinchStrength":0.764968,"r":[[0.995111,0.000488357,0.0987585],[-0.000274242,0.999998,-0.00218163],[-0.0987593,0.00214388,0.995109]],"s":1.35191,"sphereCenter":[56.8423,290.841,0.41605],"sphereRadius":49.9858,"stabilizedPalmPosition":[61.0408,291.228,134.503],"t":[-26.2534,112.837,-172.159],"timeVisible":0.858215,"type":"right","wrist":[56.8399,300.308,90.7492]}],"id":4123933,"interactionBox":{"center":[0,200,0],"size":[235.247,235.247,147.751]},"pointables":[{"bases":[[[0.150163,0.946397,0.285977],[-0.832284,-0.0351168,0.553236],[0.533624,-0.32109,0.782398]],[[-0.112187,0.988011,-0.106059],[-0.871157,-0.0464474,0.488803],[0.478017,0.147232,0.865923]],[[-0.112187,0.988011,-0.106059],[-0.987981,-0.0994836,0.11831],[0.10634,0.118057,0.987296]],[[-0.112187,0.988011,-0.106059],[-0.794397,-0.153294,-0.587737],[-0.596949,0.0183165,0.80207]]],"btipPosition":[18.8802,270.206,-7.67678],"carpPosition":[32.3925,282.006,87.9526],"dipPosition":[4.91371,270.634,11.0888],"direction":[-0.10634,-0.118057,-0.987296],"extended":false,"handId":440,"id":4400,"length":52.1005,"mcpPosition":[32.3925,282.006,87.9526],"pipPosition":[8.53833,274.658,44.741],"stabilizedTipPosition":[13.3303,238.399,83.5522],"timeVisible":0.858215,"tipPosition":[14.8769,270.283,-3.8747],"tipVelocity":[0.837377,69.6989,-164.047],"tool":false,"touchDistance":-0.493266,"touchZone":"touching","type":0,"width":20.2438},{"bases":[[[0.928244,0.346987,-0.134024],[-0.277684,0.886146,0.370993],[0.247495,-0.307156,0.918913]],[[0.944646,0.322114,-0.0623382],[-0.304287,0.931202,0.200679],[0.122691,-0.170602,0.977672]],[[0.944646,0.322114,-0.0623382],[-0.317501,0.945387,0.0737325],[0.082684,-0.0498586,0.995328]],[[0.944646,0.322114,-0.0623382],[-0.324015,0.945773,-0.0229848],[0.051554,0.041911,0.99779]]],"btipPosition":[7.80866,336.033,-62.0306],"carpPosition":[34.1591,305.627,88.6359],"dipPosition":[8.68922,336.749,-44.9879],"direction":[-0.082684,0.0498586,-0.995328],"extended":true,"handId":440,"id":4401,"length":58.7895,"mcpPosition":[15.9566,328.217,21.0525],"pipPosition":[10.6871,335.544,-20.9378],"stabilizedTipPosition":[18.3827,302.564,21.1357],"timeVisible":0.858215,"tipPosition":[7.71577,336.134,-58.0652],"tipVelocity":[-0.951229,81.7864,-147.748],"tool":false,"touchDistance":-0.485306,"touchZone":"touching","type":1,"width":19.3369},{"bases":[[[0.986794,0.146114,-0.0699119],[-0.111255,0.925093,0.363079],[0.117726,-0.350506,0.929132]],[[0.983213,0.155628,-0.0952494],[-0.175478,0.66346,-0.727343],[-0.0500008,0.731848,0.679632]],[[0.983213,0.155628,-0.0952494],[-0.118317,0.1464,-0.982124],[-0.138901,0.976907,0.162356]],[[0.983213,0.155628,-0.0952494],[-0.0740578,-0.136714,-0.987838],[-0.166757,0.978309,-0.122893]]],"btipPosition":[46.1239,254.573,-12.765],"carpPosition":[44.8442,311.541,87.0941],"dipPosition":[42.9912,272.952,-15.0737],"direction":[0.138901,-0.976907,-0.162356],"extended":false,"handId":440,"id":4402,"length":66.986,"mcpPosition":[36.6332,335.987,22.2902],"pipPosition":[39.0425,300.723,-10.4583],"stabilizedTipPosition":[55.5784,246.997,32.8216],"timeVisible":0.858215,"tipPosition":[45.0478,259.771,-15.3408],"tipVelocity":[25.4761,23.069,-20.6948],"tool":false,"touchDistance":-0.382855,"touchZone":"touching","type":2,"width":18.9914},{"bases":[[[0.998923,0.022786,0.0404094],[-0.0366591,0.921523,0.38659],[-0.0284294,-0.387655,0.921366]],[[0.998766,0.0467527,-0.0167356],[-0.0432794,0.654315,-0.754983],[-0.0243471,0.754776,0.655531]],[[0.998766,0.0467527,-0.0167356],[-0.0222583,0.120226,-0.992497],[-0.0443898,0.991645,0.121118]],[[0.998766,0.0467527,-0.0167356],[-0.00906122,-0.159774,-0.987112],[-0.048824,0.986046,-0.159153]]],"btipPosition":[61.7162,259.129,-1.5537],"carpPosition":[56.7072,314.447,85.8044],"dipPosition":[60.8042,277.547,-4.52641],"direction":[0.0443898,-0.991645,-0.121118],"extended":false,"handId":440,"id":4403,"length":64.4088,"mcpPosition":[58.4874,338.722,28.1077],"pipPosition":[59.5749,305.009,-1.17221],"stabilizedTipPosition":[74.5514,244.965,65.5726],"timeVisible":0.858215,"tipPosition":[61.4277,263.767,-3.06715],"tipVelocity":[-2.1795,83.2404,-169.667],"tool":false,"touchDistance":-0.438601,"touchZone":"touching","type":3,"width":18.0715},{"bases":[[[0.981153,-0.174812,0.0823409],[0.11679,0.875956,0.46804],[-0.153946,-0.449602,0.879863]],[[0.962842,-0.21541,0.162891],[0.261139,0.588819,-0.764918],[0.0688574,0.779032,0.623191]],[[0.962842,-0.21541,0.162891],[0.175344,0.0398915,-0.983699],[0.2054,0.975709,0.0761802]],[[0.962842,-0.21541,0.162891],[0.114933,-0.218976,-0.968938],[0.244388,0.951656,-0.186081]]],"btipPosition":[68.4834,273.343,12.8834],"carpPosition":[70.2208,310.295,84.1988],"dipPosition":[72.6945,289.742,9.67697],"direction":[-0.2054,-0.975709,-0.0761802],"extended":false,"handId":440,"id":4404,"length":50.4953,"mcpPosition":[79.1447,336.357,33.1953],"pipPosition":[76.7107,308.82,11.1665],"stabilizedTipPosition":[91.1483,260.722,75.3733],"timeVisible":0.858215,"tipPosition":[69.9303,277.779,10.315],"tipVelocity":[-25.7735,56.4972,-91.9796],"tool":false,"touchDistance":-0.417762,"touchZone":"touching","type":4,"width":16.0525}],"r":[[0.995111,0.000488357,0.0987585],[-0.000274242,0.999998,-0.00218163],[-0.0987593,0.00214388,0.995109]],"s":1.35191,"t":[-26.2534,112.837,-172.159],"timestamp":521591848686},false],[3,{"currentFrameRate":109.438,"devices":[],"gestures":[],"hands":[{"armBasis":[[0.838948,0.443692,-0.315124],[-0.235194,0.817782,0.525277],[0.490764,-0.366565,0.790431]],"armWidth":63.7005,"confidence":0.758348,"direction":[-0.125558,0.48767,-0.863952],"elbow":[189.302,201.527,303.822],"grabStrength":0,"id":440,"palmNormal":[0.23847,-0.830476,-0.50343],"palmPosition":[43.7491,321.157,41.5658],"palmVelocity":[-13.5008,43.5636,-116.742],"palmWidth":90.9622,"pinchStrength":0.765829,"r":[[0.995031,0.00136819,0.0995559],[-0.00152339,0.999998,0.00148299],[-0.0995537,-0.00162729,0.995031]],"s":1.35038,"sphereCenter":[56.9602,290.991,0.131156],"sphereRadius":49.965,"stabilizedPalmPosition":[61.0395,291.23,134.497],"t":[-26.3372,113.234,-172.995],"timeVisible":0.867242,"type":"right","wrist":[56.8358,300.469,90.4708]}],"id":4123934,"interactionBox":{"center":[0,200,0],"size":[235.247,235.247,147.751]},"pointables":[{"bases":[[[0.149714,0.9463,0.286534],[-0.832662,-0.0355997,0.552636],[0.53316,-0.321323,0.782619]],[[-0.112531,0.987988,-0.105908],[-0.871018,-0.0467879,0.489018],[0.478189,0.147277,0.86582]],[[-0.112531,0.987988,-0.105908],[-0.98802,-0.0999277,0.117608],[0.105613,0.117874,0.987396]],[[-0.112531,0.987988,-0.105908],[-0.792428,-0.153537,-0.590326],[-0.599496,0.0174942,0.800187]]],"btipPosition":[18.9586,270.385,-7.93531],"carpPosition":[32.3951,282.161,87.6483],"dipPosition":[4.93254,270.794,10.7862],"direction":[-0.105613,-0.117874,-0.987396],"extended":false,"handId":440,"id":4400,"length":52.1005,"mcpPosition":[32.3951,282.161,87.6483],"pipPosition":[8.53236,274.812,44.4418],"stabilizedTipPosition":[13.3307,238.404,83.5374],"timeVisible":0.867242,"tipPosition":[14.9723,270.466,-4.14505],"tipVelocity":[2.5801,55.8364,-127.08],"tool":false,"touchDistance":-0.476303,"touchZone":"touching","type":0,"width":20.2438},{"bases":[[[0.928247,0.347295,-0.133208],[-0.278178,0.885896,0.371221],[0.246931,-0.307529,0.91894]],[[0.944743,0.322127,-0.0607838],[-0.304845,0.931502,0.198427],[0.120539,-0.168933,0.978229]],[[0.944743,0.322127,-0.0607838],[-0.317867,0.945522,0.0703459],[0.0801327,-0.0471377,0.995669]],[[0.944743,0.322127,-0.0607838],[-0.324168,0.945611,-0.0271231],[0.0487407,0.0453285,0.997782]]],"btipPosition":[8.04816,336.021,-62.3564],"carpPosition":[34.1551,305.783,88.3441],"dipPosition":[8.88067,336.795,-45.3139],"direction":[-0.0801327,0.0471377,-0.995669],"extended":true,"handId":440,"id":4401,"length":58.7895,"mcpPosition":[15.994,328.4,20.7587],"pipPosition":[10.8169,335.656,-21.2555],"stabilizedTipPosition":[18.3658,302.62,21.0032],"timeVisible":0.867242,"tipPosition":[7.91551,336.22,-58.3815],"tipVelocity":[6.27723,59.3031,-117.012],"tool":false,"touchDistance":-0.469996,"touchZone":"touching","type":1,"width":19.3369},{"bases":[[[0.986805,0.146407,-0.0691502],[-0.111753,0.92489,0.363442],[0.117167,-0.350918,0.929047]],[[0.983297,0.15579,-0.0941054],[-0.174649,0.662111,-0.728771],[-0.0512268,0.733034,0.67826]],[[0.983297,0.15579,-0.0941054],[-0.116184,0.139284,-0.983413],[-0.140098,0.977921,0.155058]],[[0.983297,0.15579,-0.0941054],[-0.0712778,-0.146133,-0.986694],[-0.167469,0.976921,-0.132588]]],"btipPosition":[46.2648,254.701,-12.5849],"carpPosition":[44.8396,311.7,86.8126],"dipPosition":[43.1187,273.054,-15.0758],"direction":[0.140098,-0.977921,-0.155058],"extended":false,"handId":440,"id":4402,"length":66.986,"mcpPosition":[36.6676,336.176,22.0146],"pipPosition":[39.136,300.854,-10.6678],"stabilizedTipPosition":[55.4601,247.137,32.2797],"timeVisible":0.867242,"tipPosition":[45.2119,259.801,-15.0886],"tipVelocity":[22.6665,20.4493,-10.7835],"tool":false,"touchDistance":-0.37083,"touchZone":"touching","type":2,"width":18.9914},{"bases":[[[0.998889,0.0230295,0.0411207],[-0.0371729,0.921329,0.387003],[-0.0289732,-0.388102,0.921161]],[[0.998672,0.0480753,-0.018526],[-0.0460902,0.672946,-0.738254],[-0.0230248,0.738128,0.674268]],[[0.998672,0.0480753,-0.018526],[-0.025498,0.148731,-0.988549],[-0.0447694,0.987708,0.149759]],[[0.998672,0.0480753,-0.018526],[-0.0119668,-0.133299,-0.991004],[-0.0501123,0.989909,-0.132547]]],"btipPosition":[61.7213,260.101,-3.93967],"carpPosition":[56.7027,314.61,85.5327],"dipPosition":[60.7853,278.591,-6.41542],"direction":[0.0447694,-0.987708,-0.149759],"extended":false,"handId":440,"id":4403,"length":64.4088,"mcpPosition":[58.5171,338.913,27.8488],"pipPosition":[59.5455,305.944,-2.26806],"stabilizedTipPosition":[74.5205,245.01,65.4065],"timeVisible":0.867242,"tipPosition":[61.4576,264.462,-4.53116],"tipVelocity":[-1.59109,90.4636,-192.236],"tool":false,"touchDistance":-0.457149,"touchZone":"touching","type":3,"width":18.0715},{"bases":[[[0.981141,-0.174593,0.0829455],[0.116231,0.875763,0.46854],[-0.154444,-0.450063,0.87954]],[[0.961678,-0.217174,0.167364],[0.266538,0.597371,-0.756376],[0.0642869,0.771999,0.632364]],[[0.961678,-0.217174,0.167364],[0.182079,0.0494716,-0.982039],[0.204993,0.974878,0.0871186]],[[0.961678,-0.217174,0.167364],[0.1209,-0.21198,-0.969767],[0.246086,0.952838,-0.1776]]],"btipPosition":[68.6503,273.782,11.9536],"carpPosition":[70.2186,310.462,83.9345],"dipPosition":[72.8907,290.201,8.89326],"direction":[-0.204993,-0.974878,-0.0871186],"extended":false,"handId":440,"id":4404,"length":50.4953,"mcpPosition":[79.1714,336.552,32.9497],"pipPosition":[76.8989,309.263,10.5967],"stabilizedTipPosition":[91.1004,260.759,75.2307],"timeVisible":0.867242,"tipPosition":[70.0197,278.072,9.84869],"tipVelocity":[-13.382,54.4654,-93.9905],"tool":false,"touchDistance":-0.417763,"touchZone":"touching","type":4,"width":16.0525}],"r":[[0.995031,0.00136819,0.0995559],[-0.00152339,0.999998,0.00148299],[-0.0995537,-0.00162729,0.995031]],"s":1.35038,"t":[-26.3372,113.234,-172.995],"timestamp":521591857713},false],[4,{"currentFrameRate":109.459,"devices":[],"gestures":[],"hands":[{"armBasis":[[0.839071,0.44379,-0.314658],[-0.235117,0.817407,0.525895],[0.490591,-0.367282,0.790205]],"armWidth":63.7005,"confidence":0.770258,"direction":[-0.125407,0.487687,-0.863965],"elbow":[189.274,201.394,303.695],"grabStrength":0,"id":440,"palmNormal":[0.238489,-0.830485,-0.503406],"palmPosition":[43.7759,321.219,41.4978],"palmVelocity":[-8.94318,33.3725,-86.4602],"palmWidth":90.9622,"pinchStrength":0.766666,"r":[[0.994963,0.00205697,0.100224],[-0.00251219,0.999987,0.00441601],[-0.100214,-0.00464555,0.994955]],"s":1.34763,"sphereCenter":[56.9827,290.972,0.0778925],"sphereRadius":49.9248,"stabilizedPalmPosition":[61.038,291.232,134.489],"t":[-26.3658,113.464,-173.447],"timeVisible":0.876341,"type":"right","wrist":[56.8544,300.53,90.4044]}],"id":4123935,"interactionBox":{"center":[0,200,0],"size":[235.247,235.247,147.751]},"pointables":[{"bases":[[[0.149733,0.946288,0.286565],[-0.832742,-0.0355536,0.552519],[0.53303,-0.321365,0.78269]],[[-0.112494,0.987985,-0.105973],[-0.870862,-0.0466743,0.489307],[0.478482,0.147332,0.865649]],[[-0.112494,0.987985,-0.105973],[-0.98809,-0.0999577,0.116987],[0.104989,0.117871,0.987463]],[[-0.112494,0.987985,-0.105973],[-0.791141,-0.153584,-0.592037],[-0.6012,0.0172388,0.798913]]],"btipPosition":[19.023,270.45,-7.96928],"carpPosition":[32.413,282.223,87.5782],"dipPosition":[4.95709,270.854,10.7224],"direction":[-0.104989,-0.117871,-0.987463],"extended":false,"handId":440,"id":4400,"length":52.1005,"mcpPosition":[32.413,282.223,87.5782],"pipPosition":[8.53566,274.871,44.3803],"stabilizedTipPosition":[13.3313,238.411,83.5187],"timeVisible":0.876341,"tipPosition":[15.0397,270.53,-4.18276],"tipVelocity":[3.54811,42.3106,-93.1051],"tool":false,"touchDistance":-0.457618,"touchZone":"touching","type":0,"width":20.2438},{"bases":[[[0.928287,0.347238,-0.133074],[-0.278174,0.885909,0.371192],[0.246784,-0.307555,0.918971]],[[0.944906,0.321809,-0.0599282],[-0.305016,0.932034,0.195649],[0.118817,-0.166591,0.978841]],[[0.944906,0.321809,-0.0599282],[-0.317909,0.945801,0.0662882],[0.0780122,-0.0435844,0.995999]],[[0.944906,0.321809,-0.0599282],[-0.324042,0.945501,-0.0320212],[0.0463574,0.0496763,0.997689]]],"btipPosition":[8.24422,335.824,-62.4609],"carpPosition":[34.1744,305.844,88.2745],"dipPosition":[9.03602,336.672,-45.42],"direction":[-0.0780122,0.0435844,-0.995999],"extended":true,"handId":440,"id":4401,"length":58.7895,"mcpPosition":[16.0241,328.464,20.6869],"pipPosition":[10.921,335.619,-21.3537],"stabilizedTipPosition":[18.3502,302.673,20.8786],"timeVisible":0.876341,"tipPosition":[8.07407,336.128,-58.4766],"tipVelocity":[10.224,37.3896,-87.7779],"tool":false,"touchDistance":-0.452903,"touchZone":"touching","type":1,"width":19.3369},{"bases":[[[0.986823,0.146346,-0.0690109],[-0.111746,0.924893,0.363436],[0.117015,-0.350935,0.92906]],[[0.983347,0.155665,-0.0937958],[-0.174283,0.661385,-0.729517],[-0.0515255,0.733716,0.6775]],[[0.983347,0.155665,-0.0937958],[-0.115369,0.135893,-0.983983],[-0.140426,0.978418,0.151588]],[[0.983347,0.155665,-0.0937958],[-0.0702241,-0.150564,-0.986103],[-0.167624,0.976268,-0.137125]]],"btipPosition":[46.3219,254.729,-12.4333],"carpPosition":[44.8595,311.762,86.7446],"dipPosition":[43.1729,273.069,-15.0094],"direction":[0.140426,-0.978418,-0.151588],"extended":false,"handId":440,"id":4402,"length":66.986,"mcpPosition":[36.6981,336.238,21.9458],"pipPosition":[39.1809,300.884,-10.7001],"stabilizedTipPosition":[55.2738,247.36,31.4242],"timeVisible":0.876341,"tipPosition":[45.2819,259.78,-14.8941],"tipVelocity":[18.1032,15.5411,-3.7731],"tool":false,"touchDistance":-0.360099,"touchZone":"touching","type":2,"width":18.9914},{"bases":[[[0.998884,0.0229666,0.0412604],[-0.0371693,0.921327,0.387008],[-0.0291261,-0.38811,0.921153]],[[0.998623,0.0485899,-0.0197646],[-0.0477198,0.685055,-0.726927],[-0.0217815,0.72687,0.68643]],[[0.998623,0.0485899,-0.0197646],[-0.0276576,0.167568,-0.985473],[-0.0445721,0.984662,0.168681]],[[0.998623,0.0485899,-0.0197646],[-0.0140273,-0.115702,-0.993185],[-0.0505455,0.992095,-0.114861]]],"btipPosition":[61.6982,260.708,-5.40305],"carpPosition":[56.723,314.67,85.4664],"dipPosition":[60.7541,279.239,-7.54845],"direction":[0.0445721,-0.984662,-0.168681],"extended":false,"handId":440,"id":4403,"length":64.4088,"mcpPosition":[58.5469,338.974,27.783],"pipPosition":[59.5198,306.508,-2.87708],"stabilizedTipPosition":[74.4893,245.058,65.2363],"timeVisible":0.876341,"tipPosition":[61.455,264.9,-5.48307],"tipVelocity":[-1.91018,84.1792,-181.218],"tool":false,"touchDistance":-0.460579,"touchZone":"touching","type":3,"width":18.0715},{"bases":[[[0.981118,-0.174655,0.0830806],[0.11622,0.875751,0.468565],[-0.154595,-0.450062,0.879514]],[[0.959966,-0.2201,0.173264],[0.274454,0.615323,-0.738954],[0.0560304,0.756924,0.651097]],[[0.959966,-0.2201,0.173264],[0.193463,0.0736338,-0.97834],[0.202575,0.972694,0.113267]],[[0.959966,-0.2201,0.173264],[0.131609,-0.191626,-0.972604],[0.247272,0.95647,-0.154987]]],"btipPosition":[68.998,274.355,10.3276],"carpPosition":[70.2389,310.522,83.87],"dipPosition":[73.2589,290.836,7.65689],"direction":[-0.202575,-0.972694,-0.113267],"extended":false,"handId":440,"id":4404,"length":50.4953,"mcpPosition":[79.2003,336.611,32.8868],"pipPosition":[77.2198,309.855,9.87159],"stabilizedTipPosition":[91.0536,260.798,75.0855],"timeVisible":0.876341,"tipPosition":[70.2193,278.425,9.06081],"tipVelocity":[1.05889,57.2523,-114.738],"tool":false,"touchDistance":-0.427366,"touchZone":"touching","type":4,"width":16.0525}],"r":[[0.994963,0.00205697,0.100224],[-0.00251219,0.999987,0.00441601],[-0.100214,-0.00464555,0.994955]],"s":1.34763,"t":[-26.3658,113.464,-173.447],"timestamp":521591866812},false],[5,{"currentFrameRate":109.552,"devices":[],"gestures":[],"hands":[{"armBasis":[[0.839675,0.442479,-0.314892],[-0.233364,0.817526,0.526492],[0.490394,-0.368597,0.789715]],"armWidth":63.7005,"confidence":0.775638,"direction":[-0.124331,0.487282,-0.864348],"elbow":[189.23,201.11,303.414],"grabStrength":0,"id":440,"palmNormal":[0.236898,-0.831338,-0.502748],"palmPosition":[43.8328,321.279,41.332],"palmVelocity":[-4.75953,26.085,-67.8695],"palmWidth":90.9622,"pinchStrength":0.767945,"r":[[0.994906,0.00222584,0.100785],[-0.00290684,0.999974,0.00661062],[-0.100768,-0.00686991,0.994886]],"s":1.34456,"sphereCenter":[56.9528,290.899,-0.0801345],"sphereRadius":49.9246,"stabilizedPalmPosition":[61.0364,291.235,134.48],"t":[-26.3516,113.609,-173.756],"timeVisible":0.885302,"type":"right","wrist":[56.8642,300.601,90.2558]}],"id":4123936,"interactionBox":{"center":[0,200,0],"size":[235.247,235.247,147.751]},"pointables":[{"bases":[[[0.151579,0.946205,0.285868],[-0.832878,-0.0334797,0.552443],[0.532295,-0.321832,0.782998]],[[-0.110558,0.988115,-0.106797],[-0.870832,-0.0445229,0.48956],[0.478987,0.147127,0.865405]],[[-0.110558,0.988115,-0.106797],[-0.988366,-0.0980162,0.116299],[0.104449,0.118413,0.987456]],[[-0.110558,0.988115,-0.106797],[-0.78967,-0.152583,-0.594256],[-0.603489,0.018635,0.797154]]],"btipPosition":[19.0435,270.527,-8.05342],"carpPosition":[32.3868,282.341,87.4405],"dipPosition":[4.92405,270.963,10.5971],"direction":[-0.104449,-0.118413,-0.987456],"extended":false,"handId":440,"id":4400,"length":52.1005,"mcpPosition":[32.3868,282.341,87.4405],"pipPosition":[8.48423,274.999,44.2548],"stabilizedTipPosition":[13.3319,238.419,83.4961],"timeVisible":0.885302,"tipPosition":[15.0557,270.615,-4.27227],"tipVelocity":[2.8275,33.3139,-70.4919],"tool":false,"touchDistance":-0.441594,"touchZone":"touching","type":0,"width":20.2438},{"bases":[[[0.928992,0.345291,-0.133222],[-0.276457,0.886741,0.370488],[0.24606,-0.30735,0.919234]],[[0.945643,0.319706,-0.0595623],[-0.303248,0.933034,0.19362],[0.117475,-0.165033,0.979267]],[[0.945643,0.319706,-0.0595623],[-0.31602,0.946611,0.0637157],[0.0767526,-0.0414294,0.996189]],[[0.945643,0.319706,-0.0595623],[-0.322053,0.946077,-0.034936],[0.0451812,0.0522192,0.997613]]],"btipPosition":[8.42626,335.761,-62.6572],"carpPosition":[34.195,305.959,88.1191],"dipPosition":[9.19797,336.653,-45.6176],"direction":[-0.0767526,0.0414294,-0.996189],"extended":true,"handId":440,"id":4401,"length":58.7895,"mcpPosition":[16.098,328.564,20.5122],"pipPosition":[11.0525,335.652,-21.5466],"stabilizedTipPosition":[18.3367,302.719,20.7683],"timeVisible":0.885302,"tipPosition":[8.24141,336.11,-58.6704],"tipVelocity":[12.8434,25.5539,-69.7659],"tool":false,"touchDistance":-0.438895,"touchZone":"touching","type":1,"width":19.3369},{"bases":[[[0.987121,0.144331,-0.0689999],[-0.109951,0.925388,0.362723],[0.116204,-0.350465,0.929339]],[[0.983629,0.153728,-0.0940304],[-0.17373,0.670333,-0.721437],[-0.0478731,0.725962,0.686066]],[[0.983629,0.153728,-0.0940304],[-0.116812,0.146599,-0.982275],[-0.137218,0.977178,0.162156]],[[0.983629,0.153728,-0.0940304],[-0.0721098,-0.142428,-0.987175],[-0.165149,0.977794,-0.129011]]],"btipPosition":[46.0974,255.169,-13.477],"carpPosition":[44.8921,311.854,86.586],"dipPosition":[42.9948,273.538,-15.9006],"direction":[0.137218,-0.977178,-0.162156],"extended":false,"handId":440,"id":4402,"length":66.986,"mcpPosition":[36.7873,336.298,21.7677],"pipPosition":[39.094,301.317,-11.2909],"stabilizedTipPosition":[55.105,247.566,30.6481],"timeVisible":0.885302,"tipPosition":[45.1628,259.979,-15.3399],"tipVelocity":[6.62212,24.9168,-33.5328],"tool":false,"touchDistance":-0.367552,"touchZone":"touching","type":2,"width":18.9914},{"bases":[[[0.998923,0.0210113,0.0413661],[-0.0353841,0.921691,0.386307],[-0.0300099,-0.387355,0.921442]],[[0.998711,0.0466832,-0.0199038],[-0.0466171,0.688879,-0.723376],[-0.0200581,0.723371,0.690168]],[[0.998711,0.0466832,-0.0199038],[-0.027675,0.172239,-0.984666],[-0.0425391,0.983948,0.173309]],[[0.998711,0.0466832,-0.0199038],[-0.0145577,-0.112185,-0.993581],[-0.0486164,0.99259,-0.111361]]],"btipPosition":[61.6228,260.896,-5.94096],"carpPosition":[56.7615,314.738,85.3071],"dipPosition":[60.7147,279.436,-8.02099],"direction":[0.0425391,-0.983948,-0.173309],"extended":false,"handId":440,"id":4403,"length":64.4088,"mcpPosition":[58.6407,338.995,27.6056],"pipPosition":[59.5367,306.685,-3.22144],"stabilizedTipPosition":[74.46,245.103,65.0756],"timeVisible":0.885302,"tipPosition":[61.3966,265.031,-5.91042],"tipVelocity":[-3.43836,66.9341,-147.604],"tool":false,"touchDistance":-0.450697,"touchZone":"touching","type":3,"width":18.0715},{"bases":[[[0.980759,-0.176543,0.0833335],[0.117904,0.875872,0.467917],[-0.155597,-0.449089,0.879835]],[[0.958373,-0.223757,0.177352],[0.280735,0.62526,-0.728175],[0.0520431,0.747652,0.662048]],[[0.958373,-0.223757,0.177352],[0.201099,0.0880518,-0.975606],[0.202682,0.970659,0.129384]],[[0.958373,-0.223757,0.177352],[0.13841,-0.179199,-0.974028],[0.249727,0.95803,-0.140769]]],"btipPosition":[69.183,274.679,9.20721],"carpPosition":[70.2693,310.562,83.7155],"dipPosition":[73.4862,291.187,6.78155],"direction":[-0.202682,-0.970659,-0.129384],"extended":false,"handId":440,"id":4404,"length":50.4953,"mcpPosition":[79.2888,336.595,32.7137],"pipPosition":[77.4492,310.166,9.31137],"stabilizedTipPosition":[91.011,260.834,74.9501],"timeVisible":0.885302,"tipPosition":[70.314,278.608,8.42036],"tipVelocity":[6.71514,51.6703,-115.832],"tool":false,"touchDistance":-0.428923,"touchZone":"touching","type":4,"width":16.0525}],"r":[[0.994906,0.00222584,0.100785],[-0.00290684,0.999974,0.00661062],[-0.100768,-0.00686991,0.994886]],"s":1.34456,"t":[-26.3516,113.609,-173.756],"timestamp":521591875773},false],[6,{"currentFrameRate":109.545,"devices":[],"gestures":[],"hands":[{"armBasis":[[0.839655,0.44196,-0.315677],[-0.232145,0.817503,0.527065],[0.491008,-0.36927,0.789019]],"armWidth":63.7005,"confidence":0.786118,"direction":[-0.122698,0.486458,-0.865046],"elbow":[189.37,201.089,303.009],"grabStrength":0,"id":440,"palmNormal":[0.235902,-0.832354,-0.501534],"palmPosition":[43.8869,321.404,41.0788],"palmVelocity":[-1.7887,22.6189,-56.6928],"palmWidth":90.9622,"pinchStrength":0.76622,"r":[[0.994842,0.0020372,0.101414],[-0.00287598,0.999963,0.00812535],[-0.101393,-0.00837511,0.994811]],"s":1.34055,"sphereCenter":[57.0997,290.813,-0.375181],"sphereRadius":50.0291,"stabilizedPalmPosition":[61.0344,291.239,134.469],"t":[-26.3174,113.744,-174.037],"timeVisible":0.894443,"type":"right","wrist":[56.8379,300.762,90.0392]}],"id":4123937,"interactionBox":{"center":[0,200,0],"size":[235.247,235.247,147.751]},"pointables":[{"bases":[[[0.152971,0.946282,0.284869],[-0.833435,-0.0313629,0.551727],[0.531023,-0.321818,0.783867]],[[-0.108756,0.988172,-0.108113],[-0.871142,-0.0423536,0.489201],[0.478836,0.147385,0.865444]],[[-0.108756,0.988172,-0.108113],[-0.988682,-0.0962185,0.115105],[0.103341,0.119408,0.987453]],[[-0.108756,0.988172,-0.108113],[-0.788085,-0.151996,-0.596506],[-0.605884,0.0203287,0.795294]]],"btipPosition":[19.0893,270.641,-8.22863],"carpPosition":[32.3312,282.541,87.2236],"dipPosition":[4.91381,271.116,10.3784],"direction":[-0.103341,-0.119408,-0.987453],"extended":false,"handId":440,"id":4400,"length":52.1005,"mcpPosition":[32.3312,282.541,87.2236],"pipPosition":[8.43621,275.186,44.0359],"stabilizedTipPosition":[13.3327,238.43,83.468],"timeVisible":0.894443,"tipPosition":[15.1008,270.738,-4.45497],"tipVelocity":[3.04246,27.7828,-56.5168],"tool":false,"touchDistance":-0.428546,"touchZone":"touching","type":0,"width":20.2438},{"bases":[[[0.929713,0.34351,-0.132794],[-0.275245,0.887667,0.369171],[0.244691,-0.306673,0.919825]],[[0.946318,0.317856,-0.0587302],[-0.301823,0.93395,0.191417],[0.115694,-0.163415,0.97975]],[[0.946318,0.317856,-0.0587302],[-0.31439,0.947315,0.0612597],[0.0751078,-0.039507,0.996393]],[[0.946318,0.317856,-0.0587302],[-0.320274,0.946581,-0.0375324],[0.043663,0.0543274,0.997568]]],"btipPosition":[8.65414,335.757,-62.9692],"carpPosition":[34.1801,306.157,87.8756],"dipPosition":[9.39992,336.685,-45.9303],"direction":[-0.0751078,0.039507,-0.996392],"extended":true,"handId":440,"id":4401,"length":58.7895,"mcpPosition":[16.1837,328.712,20.2251],"pipPosition":[11.2148,335.73,-21.8545],"stabilizedTipPosition":[18.3246,302.761,20.6671],"timeVisible":0.894443,"tipPosition":[8.45899,336.132,-58.9819],"tipVelocity":[16.0245,18.5714,-59.8566],"tool":false,"touchDistance":-0.428021,"touchZone":"touching","type":1,"width":19.3369},{"bases":[[[0.987433,0.142527,-0.0682775],[-0.108664,0.926014,0.361511],[0.114751,-0.349549,0.929864]],[[0.984019,0.151804,-0.0930669],[-0.17267,0.685874,-0.706938],[-0.0434838,0.711711,0.701125]],[[0.984019,0.151804,-0.0930669],[-0.118762,0.170102,-0.978244],[-0.13267,0.973664,0.185412]],[[0.984019,0.151804,-0.0930669],[-0.0749502,-0.120992,-0.98982],[-0.161519,0.980977,-0.107681]]],"btipPosition":[45.7864,256.009,-15.542],"carpPosition":[44.8888,312.031,86.3451],"dipPosition":[42.7521,274.438,-17.5649],"direction":[0.13267,-0.973664,-0.185412],"extended":false,"handId":440,"id":4402,"length":66.986,"mcpPosition":[36.8853,336.411,21.4901],"pipPosition":[38.9806,302.117,-12.2941],"stabilizedTipPosition":[54.9602,247.749,29.9736],"timeVisible":0.894443,"tipPosition":[45.0042,260.495,-16.4654],"tipVelocity":[-4.20689,43.9727,-84.2507],"tool":false,"touchDistance":-0.388723,"touchZone":"touching","type":2,"width":18.9914},{"bases":[[[0.99892,0.0193192,0.0422472],[-0.0341256,0.922216,0.385167],[-0.0315199,-0.386193,0.921879]],[[0.998723,0.0458288,-0.0212427],[-0.0474884,0.708535,-0.704076],[-0.0172158,0.704186,0.709807]],[[0.998723,0.0458288,-0.0212427],[-0.0300519,0.201064,-0.979117],[-0.0406006,0.978506,0.202184]],[[0.998723,0.0458288,-0.0212427],[-0.0172191,-0.08647,-0.996106],[-0.0474871,0.9952,-0.0855705]]],"btipPosition":[61.5185,261.937,-8.36053],"carpPosition":[56.7643,314.893,85.0734],"dipPosition":[60.6315,280.525,-9.95884],"direction":[0.0406006,-0.978506,-0.202184],"extended":false,"handId":440,"id":4403,"length":64.4088,"mcpPosition":[58.7381,339.077,27.3445],"pipPosition":[59.5071,307.624,-4.35964],"stabilizedTipPosition":[74.4304,245.151,64.9092],"timeVisible":0.894443,"tipPosition":[61.3211,265.842,-7.63622],"tipVelocity":[-5.50941,80.3406,-176.809],"tool":false,"touchDistance":-0.468592,"touchZone":"touching","type":3,"width":18.0715},{"bases":[[[0.980374,-0.178152,0.0844354],[0.119009,0.876227,0.466972],[-0.157177,-0.447758,0.880232]],[[0.957379,-0.225931,0.179948],[0.284414,0.628812,-0.723674],[0.0503472,0.74401,0.666269]],[[0.957379,-0.225931,0.179948],[0.205044,0.0928338,-0.97434],[0.203428,0.96971,0.135203]],[[0.957379,-0.225931,0.179948],[0.141692,-0.175526,-0.974225],[0.251693,0.958199,-0.136033]]],"btipPosition":[69.283,274.875,8.62323],"carpPosition":[70.2663,310.691,83.4991],"dipPosition":[73.6201,291.387,6.27918],"direction":[-0.203428,-0.96971,-0.135203],"extended":false,"handId":440,"id":4404,"length":50.4953,"mcpPosition":[79.3774,336.647,32.4743],"pipPosition":[77.5977,310.347,8.92278],"stabilizedTipPosition":[90.9716,260.868,74.8229],"timeVisible":0.894443,"tipPosition":[70.3747,27