{"sensorType":"Leap","data":[[0,{"currentFrameRate":104.546,"devices":[],"gestures":[],"hands":[{"armBasis":[[0.834707,0.434147,-0.338793],[-0.212516,0.821502,0.529124],[0.508037,-0.369664,0.777976]],"armWidth":63.7005,"confidence":0.735858,"direction":[-0.123131,0.33656,-0.933577],"elbow":[196.378,216.603,308.11],"grabStrength":0,"id":441,"palmNormal":[0.240518,-0.902568,-0.357103],"palmPosition":[46.3049,328.606,46.4109],"palmVelocity":[10.9525,38.8143,-101.904],"palmWidth":90.9622,"pinchStrength":0.847724,"r":[[0.980942,0.192736,0.0246067],[-0.19024,0.978466,-0.0800778],[-0.0395107,0.0738705,0.996485]],"s":0.746121,"sphereCenter":[59.1493,295.702,9.47741],"sphereRadius":49.509,"stabilizedPalmPosition":[45.6918,308.023,81.8244],"t":[-22.6948,132.116,-165.417],"timeVisible":1.10259,"type":"right","wrist":[59.2502,316.382,98.1208]}],"id":4124379,"interactionBox":{"center":[0,200,0],"size":[235.247,235.247,147.751]},"pointables":[{"bases":[[[0.148277,0.981003,0.125085],[-0.834367,0.0561967,0.548337],[0.530891,-0.185672,0.82685]],[[-0.0861106,0.969286,-0.230367],[-0.864773,0.0421011,0.500394],[0.494724,0.242304,0.834588]],[[-0.0861106,0.969286,-0.230367],[-0.989513,-0.0562927,0.133022],[0.115968,0.239406,0.963969]],[[-0.0861106,0.969286,-0.230367],[-0.74071,-0.216922,-0.635841],[-0.666284,0.115882,0.736639]]],"btipPosition":[21.7769,274.87,6.57958],"carpPosition":[34.829,297.833,98.3193],"dipPosition":[6.18827,277.581,23.8143],"direction":[-0.115968,-0.239406,-0.963969],"extended":false,"handId":441,"id":4410,"length":52.1005,"mcpPosition":[34.829,297.833,98.3193],"pipPosition":[10.1411,285.742,56.6714],"stabilizedTipPosition":[17.5723,260.203,33.973],"timeVisible":1.10259,"tipPosition":[18.6708,275.077,10.1266],"tipVelocity":[10.3176,53.7016,-113.293],"tool":false,"touchDistance":-0.447581,"touchZone":"touching","type":0,"width":20.2438},{"bases":[[[0.928461,0.321209,-0.186506],[-0.279843,0.935111,0.217383],[0.24423,-0.149639,0.958102]],[[0.955807,0.292626,-0.0283473],[-0.282952,0.941795,0.181547],[0.0798228,-0.165503,0.982974]],[[0.955807,0.292626,-0.0283473],[-0.29159,0.955878,0.0356657],[0.0375333,-0.0258237,0.998962]],[[0.955807,0.292626,-0.0283473],[-0.293976,0.952417,-0.0805044],[0.00344075,0.0852801,0.996351]]],"btipPosition":[14.2169,338.522,-58.77],"carpPosition":[36.5733,321.241,95.0697],"dipPosition":[14.2757,339.979,-41.7519],"direction":[-0.0375333,0.0258237,-0.998962],"extended":true,"handId":441,"id":4411,"length":58.7895,"mcpPosition":[18.6109,332.247,24.604],"pipPosition":[15.1826,339.355,-17.614],"stabilizedTipPosition":[10.5991,325.393,-35.9534],"timeVisible":1.10259,"tipPosition":[13.6322,338.828,-54.8156],"tipVelocity":[29.4148,57.8534,-103.912],"tool":false,"touchDistance":-0.435817,"touchZone":"touching","type":1,"width":19.3369},{"bases":[[[0.986933,0.133888,-0.0896561],[-0.113417,0.972441,0.203704],[0.114459,-0.190874,0.974919]],[[0.9838,0.138568,-0.113741],[-0.179196,0.778374,-0.601683],[0.00515922,0.612317,0.790595]],[[0.9838,0.138568,-0.113741],[-0.0196485,-0.547297,-0.836708],[-0.178191,0.825388,-0.535708]],[[0.9838,0.138568,-0.113741],[0.122197,-0.982568,-0.1401],[-0.131171,0.123932,-0.983583]]],"btipPosition":[46.5573,284.848,20.2183],"carpPosition":[47.2592,326.832,92.6043],"dipPosition":[44.093,287.176,1.74049],"direction":[0.178191,-0.825388,0.535708],"extended":false,"handId":441,"id":4412,"length":66.986,"mcpPosition":[39.2761,340.145,24.6069],"pipPosition":[39.0275,310.64,-13.4885],"stabilizedTipPosition":[44.0355,263.238,48.7187],"timeVisible":1.10259,"tipPosition":[46.0585,284.957,15.9687],"tipVelocity":[17.5011,50.7681,-109.449],"tool":false,"touchDistance":0.333333,"touchZone":"none","type":2,"width":18.9914},{"bases":[[[0.998742,0.0306496,0.0396892],[-0.0389085,0.972941,0.227753],[-0.0316347,-0.22901,0.97291]],[[0.99909,0.0418615,-0.00814774],[-0.0379313,0.78492,-0.618435],[-0.0194933,0.618181,0.785794]],[[0.99909,0.0418615,-0.00814774],[0.0166857,-0.559515,-0.828652],[-0.0392474,0.827762,-0.559705]],[[0.99909,0.0418615,-0.00814774],[0.0404863,-0.991041,-0.127277],[-0.0134027,0.126831,-0.991834]]],"btipPosition":[63.3135,290.937,28.8956],"carpPosition":[59.1246,329.5,90.8923],"dipPosition":[63.0632,293.306,10.3699],"direction":[0.0392474,-0.827762,0.559705],"extended":false,"handId":441,"id":4413,"length":64.4088,"mcpPosition":[61.1056,343.841,29.9679],"pipPosition":[61.9763,316.229,-5.13033],"stabilizedTipPosition":[60.9093,266.543,62.229],"timeVisible":1.10259,"tipPosition":[63.2626,291.188,24.3816],"tipVelocity":[16.3276,46.4788,-105.185],"tool":false,"touchDistance":0.333333,"touchZone":"none","type":3,"width":18.0715},{"bases":[[[0.980976,-0.157244,0.113846],[0.114265,0.941784,0.316207],[-0.15694,-0.297183,0.941835]],[[0.967017,-0.178375,0.181825],[0.249902,0.802479,-0.541826],[-0.0492629,0.569394,0.820588]],[[0.967017,-0.178375,0.181825],[0.06511,-0.517023,-0.853492],[0.246249,0.83718,-0.488356]],[[0.967017,-0.178375,0.181825],[-0.141748,-0.969963,-0.197687],[0.211626,0.165393,-0.963255]]],"btipPosition":[75.0251,303.039,32.5938],"carpPosition":[72.6478,325.159,90.0489],"dipPosition":[78.6717,305.889,15.9954],"direction":[-0.246249,-0.83718,0.488356],"extended":false,"handId":441,"id":4414,"length":50.4953,"mcpPosition":[81.7452,342.386,35.4531],"pipPosition":[83.4866,322.259,6.44667],"stabilizedTipPosition":[74.031,278.748,65.9295],"timeVisible":1.10259,"tipPosition":[75.986,303.41,28.8583],"tipVelocity":[11.3341,45.3603,-98.059],"tool":false,"touchDistance":0.333333,"touchZone":"none","type":4,"width":16.0525}],"r":[[0.980942,0.192736,0.0246067],[-0.19024,0.978466,-0.0800778],[-0.0395107,0.0738705,0.996485]],"s":0.746121,"t":[-22.6948,132.116,-165.417],"timestamp":521596452529},false],[1,{"currentFrameRate":104.792,"devices":[],"gestures":[],"hands":[{"armBasis":[[0.835358,0.433815,-0.337611],[-0.213249,0.821813,0.528345],[0.506657,-0.369362,0.779018]],"armWidth":63.7005,"confidence":0.755316,"direction":[-0.122749,0.338106,-0.933069],"elbow":[196.092,216.828,307.817],"grabStrength":0,"id":441,"palmNormal":[0.240779,-0.901943,-0.358503],"palmPosition":[46.413,328.835,45.8506],"palmVelocity":[11.2146,35.0447,-90.7735],"palmWidth":90.9622,"pinchStrength":0.845608,"r":[[0.980829,0.193141,0.0259159],[-0.190626,0.978546,-0.0781598],[-0.0404558,0.0717211,0.996604]],"s":0.746111,"sphereCenter":[59.3141,295.986,8.85737],"sphereRadius":49.5309,"stabilizedPalmPosition":[45.6932,308.065,81.7529],"t":[-22.5898,132.396,-166.13],"timeVisible":1.11168,"type":"right","wrist":[59.3364,316.526,97.5458]}],"id":4124380,"interactionBox":{"center":[0,200,0],"size":[235.247,235.247,147.751]},"pointables":[{"bases":[[[0.148111,0.98081,0.126791],[-0.83462,0.0551872,0.548055],[0.53054,-0.186995,0.826777]],[[-0.0857707,0.969811,-0.228275],[-0.864421,0.0414886,0.501054],[0.495399,0.240301,0.834767]],[[-0.0857707,0.969811,-0.228275],[-0.989464,-0.0560928,0.133469],[0.116635,0.237318,0.964405]],[[-0.0857707,0.969811,-0.228275],[-0.741218,-0.215216,-0.635829],[-0.665763,0.114666,0.7373]]],"btipPosition":[21.7966,275.211,5.92333],"carpPosition":[34.9172,297.974,97.7023],"dipPosition":[6.22008,277.893,23.1735],"direction":[-0.116635,-0.237318,-0.964405],"extended":false,"handId":441,"id":4410,"length":52.1005,"mcpPosition":[34.9172,297.974,97.7023],"pipPosition":[10.1956,285.982,56.0455],"stabilizedTipPosition":[17.5776,260.331,33.776],"timeVisible":1.11168,"tipPosition":[18.7103,275.415,9.49121],"tipVelocity":[8.14515,49.0123,-101.824],"tool":false,"touchDistance":-0.440947,"touchZone":"touching","type":0,"width":20.2438},{"bases":[[[0.928509,0.321624,-0.185552],[-0.280045,0.934715,0.218819],[0.243816,-0.151213,0.957961]],[[0.955867,0.292598,-0.0265497],[-0.283118,0.941491,0.182863],[0.0785015,-0.167276,0.98278]],[[0.955867,0.292598,-0.0265497],[-0.291541,0.955821,0.0375369],[0.03636,-0.02814,0.998942]],[[0.955867,0.292598,-0.0265497],[-0.29379,0.952665,-0.0782158],[0.00240712,0.082564,0.996583]]],"btipPosition":[14.4371,338.963,-59.3319],"carpPosition":[36.6603,321.388,94.4926],"dipPosition":[14.4782,340.373,-42.3098],"direction":[-0.03636,0.02814,-0.998942],"extended":true,"handId":441,"id":4411,"length":58.7895,"mcpPosition":[18.7284,332.509,24.0373],"pipPosition":[15.3568,339.693,-18.1724],"stabilizedTipPosition":[10.6784,325.679,-36.3544],"timeVisible":1.11168,"tipPosition":[13.8472,339.245,-55.3768],"tipVelocity":[27.8605,54.9435,-92.2442],"tool":false,"touchDistance":-0.428983,"touchZone":"touching","type":1,"width":19.3369},{"bases":[[[0.986958,0.134147,-0.0889884],[-0.113617,0.972086,0.205278],[0.114042,-0.19249,0.97465]],[[0.983836,0.138866,-0.113058],[-0.179007,0.779384,-0.600431],[0.00473676,0.610964,0.791644]],[[0.983836,0.138866,-0.113058],[-0.0191549,-0.546131,-0.83748],[-0.178042,0.826109,-0.534644]],[[0.983836,0.138866,-0.113058],[0.122432,-0.982379,-0.141212],[-0.130676,0.125088,-0.983502]]],"btipPosition":[46.6807,285.135,19.5918],"carpPosition":[47.3467,326.984,92.0413],"dipPosition":[44.2258,287.485,1.11551],"direction":[0.178042,-0.826109,0.534644],"extended":false,"handId":441,"id":4412,"length":66.986,"mcpPosition":[39.3927,340.409,24.0627],"pipPosition":[39.1645,310.97,-14.0832],"stabilizedTipPosition":[44.0422,263.31,48.6115],"timeVisible":1.11168,"tipPosition":[46.1833,285.252,15.3393],"tipVelocity":[16.4829,45.6285,-98.2346],"tool":false,"touchDistance":0.333333,"touchZone":"none","type":2,"width":18.9914},{"bases":[[[0.998721,0.0306945,0.0401895],[-0.03912,0.972555,0.229361],[-0.0320463,-0.230639,0.972511]],[[0.99909,0.0419766,-0.00758674],[-0.037729,0.786603,-0.616305],[-0.0199026,0.61603,0.787471]],[[0.99909,0.0419766,-0.00758674],[0.0171077,-0.557228,-0.830183],[-0.0390758,0.829298,-0.557439]],[[0.99909,0.0419766,-0.00758674],[0.0406415,-0.990735,-0.129586],[-0.012956,0.12916,-0.991539]]],"btipPosition":[63.4325,291.205,28.2243],"carpPosition":[59.2126,329.656,90.3392],"dipPosition":[63.1905,293.617,9.70402],"direction":[0.0390758,-0.829298,0.557439],"extended":false,"handId":441,"id":4413,"length":64.4088,"mcpPosition":[61.2194,344.099,29.4397],"pipPosition":[62.1084,316.583,-5.73345],"stabilizedTipPosition":[60.915,266.602,62.1392],"timeVisible":1.11168,"tipPosition":[63.3839,291.472,23.741],"tipVelocity":[15.4917,42.0859,-96.49],"tool":false,"touchDistance":0.333333,"touchZone":"none","type":3,"width":18.0715},{"bases":[[[0.980942,-0.157325,0.114024],[0.114017,0.941267,0.317832],[-0.15733,-0.298774,0.941266]],[[0.966389,-0.179278,0.18426],[0.252022,0.802174,-0.541297],[-0.0507658,0.569541,0.820394]],[[0.966389,-0.179278,0.18426],[0.0666691,-0.517446,-0.853115],[0.248289,0.836725,-0.488101]],[[0.966389,-0.179278,0.18426],[-0.142154,-0.969829,-0.198052],[0.214207,0.165202,-0.962717]]],"btipPosition":[75.1053,303.298,32.065],"carpPosition":[72.7367,325.318,89.4946],"dipPosition":[78.7964,306.144,15.4759],"direction":[-0.248289,-0.836725,0.488101],"extended":false,"handId":441,"id":4414,"length":50.4953,"mcpPosition":[81.8567,342.637,34.9318],"pipPosition":[83.6512,322.505,5.93215],"stabilizedTipPosition":[74.0342,278.791,65.8652],"timeVisible":1.11168,"tipPosition":[76.0815,303.68,28.3039],"tipVelocity":[10.9534,40.6462,-86.965],"tool":false,"touchDistance":0.333333,"touchZone":"none","type":4,"width":16.0525}],"r":[[0.980829,0.193141,0.0259159],[-0.190626,0.978546,-0.0781598],[-0.0404558,0.0717211,0.996604]],"s":0.746111,"t":[-22.5898,132.396,-166.13],"timestamp":521596461613},false],[2,{"currentFrameRate":105.005,"devices":[],"gestures":[],"hands":[{"armBasis":[[0.834997,0.435334,-0.336546],[-0.212373,0.819196,0.532744],[0.507619,-0.373367,0.776479]],"armWidth":63.7005,"confidence":0.770275,"direction":[-0.122303,0.33882,-0.932868],"elbow":[196.447,215.935,306.531],"grabStrength":0,"id":441,"palmNormal":[0.240577,-0.901773,-0.359066],"palmPosition":[46.5302,329.065,45.2551],"palmVelocity":[11.6673,32.3013,-83.6808],"palmWidth":90.9622,"pinchStrength":0.842193,"r":[[0.980749,0.193388,0.0270596],[-0.190859,0.978632,-0.0764983],[-0.0412752,0.0698611,0.996702]],"s":0.746286,"sphereCenter":[59.5205,296.234,8.23044],"sphereRadius":49.5696,"stabilizedPalmPosition":[45.6947,308.101,81.6893],"t":[-22.4786,132.65,-166.785],"timeVisible":1.1208,"type":"right","wrist":[59.4313,316.713,96.946]}],"id":4124381,"interactionBox":{"center":[0,200,0],"size":[235.247,235.247,147.751]},"pointables":[{"bases":[[[0.148423,0.980664,0.127546],[-0.83479,0.0550968,0.547805],[0.530185,-0.187781,0.826826]],[[-0.0851033,0.970109,-0.227258],[-0.864229,0.0416371,0.501373],[0.495849,0.239072,0.834852]],[[-0.0851033,0.970109,-0.227258],[-0.989333,-0.0552113,0.134801],[0.118224,0.236306,0.96446]],[[-0.0851033,0.970109,-0.227258],[-0.743843,-0.213611,-0.6333],[-0.662914,0.115149,0.739787]]],"btipPosition":[21.7414,275.492,5.23741],"carpPosition":[35.0052,298.171,97.0807],"dipPosition":[6.23152,278.186,22.5458],"direction":[-0.118224,-0.236306,-0.96446],"extended":false,"handId":441,"id":4410,"length":52.1005,"mcpPosition":[35.0052,298.171,97.0807],"pipPosition":[10.2612,286.24,55.4196],"stabilizedTipPosition":[17.5818,260.443,33.6017],"timeVisible":1.1208,"tipPosition":[18.6982,275.716,8.85334],"tipVelocity":[4.66855,44.0354,-94.0084],"tool":false,"touchDistance":-0.435273,"touchZone":"touching","type":0,"width":20.2438},{"bases":[[[0.92869,0.32142,-0.184999],[-0.279782,0.93466,0.219393],[0.243429,-0.151988,0.957936]],[[0.956063,0.292084,-0.0251148],[-0.28281,0.941476,0.183416],[0.0772179,-0.168254,0.982715]],[[0.956063,0.292084,-0.0251148],[-0.29103,0.955934,0.0386202],[0.0352885,-0.0296142,0.998938]],[[0.956063,0.292084,-0.0251148],[-0.293158,0.95298,-0.0767257],[0.00152355,0.0807172,0.996736]]],"btipPosition":[14.6594,339.328,-59.9339],"carpPosition":[36.758,321.586,93.8884],"dipPosition":[14.6854,340.706,-42.9093],"direction":[-0.0352885,0.0296142,-0.998938],"extended":true,"handId":441,"id":4411,"length":58.7895,"mcpPosition":[18.8545,332.764,23.4349],"pipPosition":[15.5381,339.991,-18.7719],"stabilizedTipPosition":[10.7559,325.951,-36.7369],"timeVisible":1.1208,"tipPosition":[14.066,339.587,-55.9788],"tipVelocity":[26.7797,50.5574,-84.9271],"tool":false,"touchDistance":-0.42344,"touchZone":"touching","type":1,"width":19.3369},{"bases":[[[0.987037,0.133853,-0.0885501],[-0.113336,0.97198,0.205936],[0.113634,-0.193231,0.974551]],[[0.983938,0.138572,-0.11253],[-0.178448,0.779933,-0.599884],[0.00463821,0.610329,0.792134]],[[0.983938,0.138572,-0.11253],[-0.0189842,-0.545583,-0.837842],[-0.177496,0.826521,-0.534189]],[[0.983938,0.138572,-0.11253],[0.122145,-0.982348,-0.141677],[-0.130176,0.125656,-0.983496]]],"btipPosition":[46.7895,285.391,18.9657],"carpPosition":[47.4473,327.18,91.4449],"dipPosition":[44.344,287.752,0.489438],"direction":[0.177496,-0.826521,0.534189],"extended":false,"handId":441,"id":4412,"length":66.986,"mcpPosition":[39.5217,340.657,23.4732],"pipPosition":[39.2982,311.248,-14.6963],"stabilizedTipPosition":[44.0484,263.374,48.5164],"timeVisible":1.1208,"tipPosition":[46.2938,285.513,14.7127],"tipVelocity":[15.2816,40.822,-90.0048],"tool":false,"touchDistance":0.333333,"touchZone":"none","type":2,"width":18.9914},{"bases":[[[0.998718,0.0303033,0.0405575],[-0.0388469,0.972404,0.230045],[-0.0324672,-0.231326,0.972335]],[[0.999108,0.0416105,-0.00717248],[-0.0371936,0.786874,-0.615991],[-0.0199879,0.615709,0.78772]],[[0.999108,0.0416105,-0.00717248],[0.0172406,-0.557081,-0.830279],[-0.038544,0.829415,-0.557301]],[[0.999108,0.0416105,-0.00717248],[0.0403302,-0.990728,-0.129736],[-0.0125044,0.129331,-0.991523]]],"btipPosition":[63.5416,291.449,27.6297],"carpPosition":[59.3147,329.849,89.7488],"dipPosition":[63.308,293.864,9.10971],"direction":[0.038544,-0.829415,0.557301],"extended":false,"handId":441,"id":4413,"length":64.4088,"mcpPosition":[61.3478,344.335,28.8604],"pipPosition":[62.2406,316.834,-6.32393],"stabilizedTipPosition":[60.9202,266.653,62.0613],"timeVisible":1.1208,"tipPosition":[63.4949,291.721,23.1423],"tipVelocity":[14.5676,37.8443,-87.7823],"tool":false,"touchDistance":0.333333,"touchZone":"none","type":3,"width":18.0715},{"bases":[[[0.980845,-0.157763,0.114251],[0.114248,0.940997,0.318546],[-0.157764,-0.299392,0.940997]],[[0.965896,-0.180212,0.185929],[0.253742,0.801819,-0.541018],[-0.0515833,0.569745,0.820201]],[[0.965896,-0.180212,0.185929],[0.067612,-0.517612,-0.85294],[0.249949,0.836422,-0.487775]],[[0.965896,-0.180212,0.185929],[-0.142703,-0.969656,-0.198502],[0.216059,0.1652,-0.962303]]],"btipPosition":[75.1958,303.521,31.4851],"carpPosition":[72.8375,325.507,88.9057],"dipPosition":[78.9189,306.368,14.9031],"direction":[-0.249949,-0.836422,0.487775],"extended":false,"handId":441,"id":4414,"length":50.4953,"mcpPosition":[81.9827,342.862,34.3585],"pipPosition":[83.8061,322.722,5.36573],"stabilizedTipPosition":[74.0373,278.829,65.8077],"timeVisible":1.1208,"tipPosition":[76.1818,303.914,27.7143],"tipVelocity":[10.89,36.1553,-80.409],"tool":false,"touchDistance":0.333333,"touchZone":"none","type":4,"width":16.0525}],"r":[[0.980749,0.193388,0.0270596],[-0.190859,0.978632,-0.0764983],[-0.0412752,0.0698611,0.996702]],"s":0.746286,"t":[-22.4786,132.65,-166.785],"timestamp":521596470739},false],[3,{"currentFrameRate":105.33,"devices":[],"gestures":[],"hands":[{"armBasis":[[0.837859,0.432241,-0.333408],[-0.211002,0.819728,0.532471],[0.503459,-0.375785,0.778019]],"armWidth":63.7005,"confidence":0.782711,"direction":[-0.121089,0.338109,-0.933284],"elbow":[195.326,215.719,306.119],"grabStrength":0,"id":441,"palmNormal":[0.239075,-0.902592,-0.358009],"palmPosition":[46.5877,329.474,44.4072],"palmVelocity":[10.252,36.0361,-86.8572],"palmWidth":90.9622,"pinchStrength":0.83914,"r":[[0.980755,0.193215,0.0280555],[-0.190665,0.978756,-0.0753901],[-0.042026,0.0685901,0.996759]],"s":0.74656,"sphereCenter":[59.6086,296.571,7.4125],"sphereRadius":49.6045,"stabilizedPalmPosition":[45.6961,308.134,81.632],"t":[-22.3944,132.982,-167.536],"timeVisible":1.12969,"type":"right","wrist":[59.4337,317.151,96.1184]}],"id":4124382,"interactionBox":{"center":[0,200,0],"size":[235.247,235.247,147.751]},"pointables":[{"bases":[[[0.150214,0.980508,0.126646],[-0.835016,0.0572412,0.547239],[0.529323,-0.187955,0.827339]],[[-0.0826424,0.970244,-0.227589],[-0.864003,0.0440564,0.501556],[0.496658,0.238087,0.834652]],[[-0.0826424,0.970244,-0.227589],[-0.98936,-0.0524366,0.135713],[0.119741,0.236383,0.964254]],[[-0.0826424,0.970244,-0.227589],[-0.746316,-0.211597,-0.631063],[-0.660442,0.117701,0.741595]]],"btipPosition":[21.5585,275.962,4.38832],"carpPosition":[34.9723,298.654,96.2569],"dipPosition":[6.10646,278.716,21.739],"direction":[-0.119741,-0.236383,-0.964254],"extended":false,"handId":441,"id":4410,"length":52.1005,"mcpPosition":[34.9723,298.654,96.2569],"pipPosition":[10.1878,286.773,54.6058],"stabilizedTipPosition":[17.5844,260.543,33.4454],"timeVisible":1.12969,"tipPosition":[18.5528,276.202,8.04707],"tipVelocity":[-1.78434,46.8722,-94.1166],"tool":false,"touchDistance":-0.43267,"touchZone":"touching","type":0,"width":20.2438},{"bases":[[[0.929413,0.319463,-0.184757],[-0.278133,0.935412,0.218278],[0.242556,-0.151484,0.958238]],[[0.956698,0.290083,-0.0240876],[-0.281102,0.942212,0.182257],[0.0755654,-0.167594,0.982956]],[[0.956698,0.290083,-0.0240876],[-0.289087,0.956554,0.0378535],[0.0340218,-0.029251,0.998993]],[[0.956698,0.290083,-0.0240876],[-0.291081,0.953581,-0.0771668],[0.000584638,0.0808368,0.996727]]],"btipPosition":[14.8548,339.728,-60.814],"carpPosition":[36.7716,322.063,93.042],"dipPosition":[14.8648,341.109,-43.7895],"direction":[-0.0340218,0.029251,-0.998993],"extended":true,"handId":441,"id":4411,"length":58.7895,"mcpPosition":[18.9323,333.204,22.5664],"pipPosition":[15.6868,340.402,-19.6508],"stabilizedTipPosition":[10.827,326.195,-37.0863],"timeVisible":1.12969,"tipPosition":[14.2591,339.979,-56.8595],"tipVelocity":[25.3627,49.0855,-88.7483],"tool":false,"touchDistance":-0.422631,"touchZone":"touching","type":1,"width":19.3369},{"bases":[[[0.987344,0.131882,-0.0880829],[-0.111608,0.972402,0.204885],[0.112673,-0.192462,0.974815]],[[0.984281,0.136567,-0.111987],[-0.176533,0.779715,-0.600734],[0.00527714,0.61106,0.791567]],[[0.984281,0.136567,-0.111987],[-0.0194416,-0.546448,-0.837267],[-0.175538,0.826283,-0.535203]],[[0.984281,0.136567,-0.111987],[0.120377,-0.982746,-0.140426],[-0.129232,0.124738,-0.983738]]],"btipPosition":[46.7781,285.781,18.1625],"carpPosition":[47.473,327.634,90.5994],"dipPosition":[44.3503,288.124,-0.318298],"direction":[0.175538,-0.826283,0.535203],"extended":false,"handId":441,"id":4412,"length":66.986,"mcpPosition":[39.6145,341.058,22.6093],"pipPosition":[39.3602,311.614,-15.5329],"stabilizedTipPosition":[44.0535,263.428,48.434],"timeVisible":1.12969,"tipPosition":[46.2854,285.9,13.9088],"tipVelocity":[10.9057,41.5122,-90.1274],"tool":false,"touchDistance":0.333333,"touchZone":"none","type":2,"width":18.9914},{"bases":[[[0.998749,0.028441,0.0411363],[-0.0371331,0.972709,0.229039],[-0.0334995,-0.23028,0.972548]],[[0.99919,0.0396969,-0.00659464],[-0.0353076,0.786222,-0.616934],[-0.0193055,0.616667,0.786987]],[[0.99919,0.0396969,-0.00659464],[0.0167036,-0.558241,-0.829511],[-0.0366104,0.828728,-0.558452]],[[0.99919,0.0396969,-0.00659464],[0.038524,-0.990985,-0.128315],[-0.0116289,0.127957,-0.991712]]],"btipPosition":[63.5377,291.815,26.8435],"carpPosition":[59.3465,330.279,88.9078],"dipPosition":[63.3205,294.205,8.32004],"direction":[0.0366104,-0.828728,0.558452],"extended":false,"handId":441,"id":4413,"length":64.4088,"mcpPosition":[61.4443,344.699,28.0061],"pipPosition":[62.3066,317.155,-7.14547],"stabilizedTipPosition":[60.9245,266.697,61.9947],"timeVisible":1.12969,"tipPosition":[63.4943,292.084,22.3543],"tipVelocity":[10.6045,38.5786,-87.9805],"tool":false,"touchDistance":0.333333,"touchZone":"none","type":3,"width":18.0715},{"bases":[[[0.980473,-0.159516,0.115008],[0.115848,0.941099,0.317666],[-0.158907,-0.298139,0.941202]],[[0.965138,-0.182228,0.187888],[0.256604,0.800287,-0.541936],[-0.0516084,0.571256,0.819148]],[[0.965138,-0.182228,0.187888],[0.0677895,-0.519314,-0.85189],[0.252811,0.834928,-0.488857]],[[0.965138,-0.182228,0.187888],[-0.144699,-0.969638,-0.197143],[0.218108,0.163083,-0.962202]]],"btipPosition":[75.1957,303.864,30.7015],"carpPosition":[72.8615,325.91,88.0774],"dipPosition":[78.9541,306.674,14.1213],"direction":[-0.252811,-0.834928,0.488857],"extended":false,"handId":441,"id":4414,"length":50.4953,"mcpPosition":[82.073,343.192,33.5183],"pipPosition":[83.8972,322.999,4.56273],"stabilizedTipPosition":[74.0399,278.862,65.7577],"timeVisible":1.12969,"tipPosition":[76.1909,304.255,26.9219],"tipVelocity":[8.17542,36.559,-82.4957],"tool":false,"touchDistance":0.333333,"touchZone":"none","type":4,"width":16.0525}],"r":[[0.980755,0.193215,0.0280555],[-0.190665,0.978756,-0.0753901],[-0.042026,0.0685901,0.996759]],"s":0.74656,"t":[-22.3944,132.982,-167.536],"timestamp":521596479630},false],[4,{"currentFrameRate":105.56,"devices":[],"gestures":[],"hands":[{"armBasis":[[0.838877,0.43163,-0.331632],[-0.21151,0.819864,0.532058],[0.501546,-0.376188,0.77906]],"armWidth":63.7005,"confidence":0.789601,"direction":[-0.119747,0.337811,-0.933565],"elbow":[194.837,215.977,305.67],"grabStrength":0,"id":441,"palmNormal":[0.239359,-0.90277,-0.35737],"palmPosition":[46.6884,329.825,43.6553],"palmVelocity":[10.496,36.8048,-85.8246],"palmWidth":90.9622,"pinchStrength":0.833354,"r":[[0.98076,0.193034,0.0291049],[-0.190445,0.978857,-0.0746232],[-0.0428944,0.0676445,0.996787]],"s":0.747209,"sphereCenter":[59.852,296.893,6.68487],"sphereRadius":49.658,"stabilizedPalmPosition":[45.6975,308.166,81.5771],"t":[-22.3018,133.324,-168.287],"timeVisible":1.13874,"type":"right","wrist":[59.4615,317.517,95.3882]}],"id":4124383,"interactionBox":{"center":[0,200,0],"size":[235.247,235.247,147.751]},"pointables":[{"bases":[[[0.150262,0.980519,0.126509],[-0.835746,0.0576185,0.546085],[0.528158,-0.187785,0.828122]],[[-0.0809925,0.970668,-0.22637],[-0.86386,0.0449271,0.501724],[0.497178,0.236188,0.834883]],[[-0.0809925,0.970668,-0.22637],[-0.98927,-0.0505794,0.137066],[0.121596,0.235043,0.964349]],[[-0.0809925,0.970668,-0.22637],[-0.750627,-0.208823,-0.626859],[-0.655743,0.119149,0.745523]]],"btipPosition":[21.3828,276.441,3.52463],"carpPosition":[34.9957,299.026,95.4999],"dipPosition":[6.04079,279.229,20.9672],"direction":[-0.121596,-0.235043,-0.964349],"extended":false,"handId":441,"id":4410,"length":52.1005,"mcpPosition":[34.9957,299.026,95.4999],"pipPosition":[10.1854,287.24,53.8372],"stabilizedTipPosition":[17.586,260.639,33.2948],"timeVisible":1.13874,"tipPosition":[18.4615,276.674,7.26077],"tipVelocity":[-5.87472,48.7684,-93.8446],"tool":false,"touchDistance":-0.430375,"touchZone":"touching","type":0,"width":20.2438},{"bases":[[[0.929735,0.31919,-0.183606],[-0.27822,0.935551,0.217575],[0.241221,-0.151204,0.958619]],[[0.95688,0.289656,-0.0219012],[-0.281098,0.942338,0.181613],[0.0732436,-0.167625,0.983126]],[[0.95688,0.289656,-0.0219012],[-0.288732,0.95667,0.0376257],[0.0318508,-0.0296797,0.999052]],[[0.95688,0.289656,-0.0219012],[-0.29048,0.953773,-0.0770624],[-0.00143285,0.0801014,0.996786]]],"btipPosition":[15.1727,340.103,-61.6145],"carpPosition":[36.8047,322.434,92.2793],"dipPosition":[15.1482,341.471,-44.589],"direction":[-0.0318508,0.0296797,-0.999052],"extended":true,"handId":441,"id":4411,"length":58.7895,"mcpPosition":[19.0636,333.554,21.7757],"pipPosition":[15.9178,340.754,-20.4489],"stabilizedTipPosition":[10.8969,326.424,-37.4184],"timeVisible":1.13874,"tipPosition":[14.5677,340.335,-57.6611],"tipVelocity":[27.8173,46.8637,-88.6675],"tool":false,"touchDistance":-0.420705,"touchZone":"touching","type":1,"width":19.3369},{"bases":[[[0.987492,0.131631,-0.0867883],[-0.111668,0.972498,0.204396],[0.111306,-0.192148,0.975033]],[[0.984474,0.136292,-0.110617],[-0.17548,0.779594,-0.601199],[0.00429766,0.611275,0.791406]],[[0.984474,0.136292,-0.110617],[-0.0183559,-0.546789,-0.837069],[-0.17457,0.826103,-0.535798]],[[0.984474,0.136292,-0.110617],[0.120366,-0.982845,-0.139739],[-0.127765,0.124255,-0.98399]]],"btipPosition":[46.9032,286.13,17.4264],"carpPosition":[47.5106,328.001,89.8492],"dipPosition":[44.503,288.464,-1.05906],"direction":[0.17457,-0.826103,0.535798],"extended":false,"handId":441,"id":4412,"length":66.986,"mcpPosition":[39.7474,341.403,21.8439],"pipPosition":[39.5403,311.948,-16.2906],"stabilizedTipPosition":[44.0584,263.478,48.3585],"timeVisible":1.13874,"tipPosition":[46.4164,286.25,13.1719],"tipVelocity":[11.9038,40.64,-87.7411],"tool":false,"touchDistance":0.333333,"touchZone":"none","type":2,"width":18.9914},{"bases":[[[0.998698,0.0282319,0.0424822],[-0.0372259,0.972797,0.22865],[-0.0348713,-0.229934,0.972581]],[[0.999207,0.0394725,-0.0052583],[-0.0341945,0.782837,-0.621287],[-0.0204073,0.620974,0.783566]],[[0.999207,0.0394725,-0.0052583],[0.0179042,-0.563273,-0.826077],[-0.0355691,0.825327,-0.563533]],[[0.999207,0.0394725,-0.0052583],[0.0385181,-0.99155,-0.123876],[-0.0101035,0.123575,-0.992284]]],"btipPosition":[63.656,292.141,26.4107],"carpPosition":[59.3871,330.643,88.1729],"dipPosition":[63.4673,294.449,7.87656],"direction":[0.0355691,-0.825327,0.563533],"extended":false,"handId":441,"id":4413,"length":64.4088,"mcpPosition":[61.5707,345.042,27.269],"pipPosition":[62.4822,317.305,-7.72967],"stabilizedTipPosition":[60.9287,266.737,61.933],"timeVisible":1.13874,"tipPosition":[63.6177,292.428,21.833],"tipVelocity":[11.4862,37.2993,-76.9844],"tool":false,"touchDistance":0.333333,"touchZone":"none","type":3,"width":18.0715},{"bases":[[[0.98028,-0.159695,0.116395],[0.115628,0.941184,0.317495],[-0.160251,-0.297776,0.941089]],[[0.964684,-0.182568,0.189879],[0.258027,0.799942,-0.54177],[-0.0529824,0.571631,0.818799]],[[0.964684,-0.182568,0.189879],[0.0692146,-0.519831,-0.851461],[0.254154,0.834533,-0.488836]],[[0.964684,-0.182568,0.189879],[-0.144781,-0.969695,-0.196798],[0.220054,0.162357,-0.961882]]],"btipPosition":[75.3031,304.211,29.9994],"carpPosition":[72.9022,326.271,87.3624],"dipPosition":[79.0949,307.008,13.4247],"direction":[-0.254154,-0.834533,0.488836],"extended":false,"handId":441,"id":4414,"length":50.4953,"mcpPosition":[82.1915,343.532,32.8098],"pipPosition":[84.0644,323.326,3.86658],"stabilizedTipPosition":[74.0424,278.892,65.7115],"timeVisible":1.13874,"tipPosition":[76.3059,304.6,26.2199],"tipVelocity":[9.42873,36.9509,-81.1078],"tool":false,"touchDistance":0.333333,"touchZone":"none","type":4,"width":16.0525}],"r":[[0.98076,0.193034,0.0291049],[-0.190445,0.978857,-0.0746232],[-0.0428944,0.0676445,0.996787]],"s":0.747209,"t":[-22.3018,133.324,-168.287],"timestamp":521596488677},false],[5,{"currentFrameRate":105.774,"devices":[],"gestures":[],"hands":[{"armBasis":[[0.839357,0.434716,-0.326346],[-0.215045,0.81694,0.53513],[0.499235,-0.378986,0.779188]],"armWidth":63.7005,"confidence":0.790084,"direction":[-0.11968,0.339924,-0.932807],"elbow":[194.342,215.897,304.466],"grabStrength":0,"id":441,"palmNormal":[0.243175,-0.900904,-0.359498],"palmPosition":[46.8436,330.595,42.4331],"palmVelocity":[12.329,50.0918,-99.3819],"palmWidth":90.9622,"pinchStrength":0.826987,"r":[[0.980613,0.193593,0.0303264],[-0.190969,0.978838,-0.073528],[-0.0439192,0.0663112,0.996832]],"s":0.747909,"sphereCenter":[60.1965,297.771,5.37888],"sphereRadius":49.6977,"stabilizedPalmPosition":[45.6992,308.199,81.5187],"t":[-22.178,133.879,-169.274],"timeVisible":1.1478,"type":"right","wrist":[59.5894,318.192,94.1501]}],"id":4124384,"interactionBox":{"center":[0,200,0],"size":[235.247,235.247,147.751]},"pointables":[{"bases":[[[0.146481,0.980714,0.1294],[-0.836716,0.0530551,0.545061],[0.527684,-0.188112,0.82835]],[[-0.083187,0.971433,-0.222256],[-0.863229,0.0411909,0.503129],[0.497912,0.233712,0.835142]],[[-0.083187,0.971433,-0.222256],[-0.988955,-0.05302,0.138411],[0.122673,0.231315,0.965114]],[[-0.083187,0.971433,-0.222256],[-0.752818,-0.207393,-0.624703],[-0.652951,0.115351,0.748564]]],"btipPosition":[21.4401,277.365,2.09136],"carpPosition":[35.1916,299.611,94.1768],"dipPosition":[6.16331,280.064,19.6051],"direction":[-0.122673,-0.231315,-0.965114],"extended":false,"handId":441,"id":4410,"length":52.1005,"mcpPosition":[35.1916,299.611,94.1768],"pipPosition":[10.3446,287.948,52.5012],"stabilizedTipPosition":[17.5879,260.738,33.1403],"timeVisible":1.1478,"tipPosition":[18.6005,277.571,5.87337],"tipVelocity":[-2.05127,62.8523,-111.122],"tool":false,"touchDistance":-0.436924,"touchZone":"touching","type":0,"width":20.2438},{"bases":[[[0.928812,0.323102,-0.181422],[-0.28196,0.933924,0.219738],[0.240432,-0.152942,0.958541]],[[0.955918,0.293029,-0.018823],[-0.284824,0.940918,0.18316],[0.071382,-0.169724,0.982903]],[[0.955918,0.293029,-0.018823],[-0.292145,0.955563,0.0393652],[0.0295217,-0.0321309,0.999048]],[[0.955918,0.293029,-0.018823],[-0.293605,0.952966,-0.0751757],[-0.00409103,0.0773884,0.996993]]],"btipPosition":[15.5267,341.026,-62.8592],"carpPosition":[36.919,323.033,91.0227],"dipPosition":[15.4568,342.348,-45.8302],"direction":[-0.0295217,0.0321309,-0.999048],"extended":true,"handId":441,"id":4411,"length":58.7895,"mcpPosition":[19.236,334.282,20.5248],"pipPosition":[16.1701,341.571,-21.6902],"stabilizedTipPosition":[10.9691,326.658,-37.7552],"timeVisible":1.1478,"tipPosition":[14.9041,341.256,-58.9047],"tipVelocity":[30.609,61.7481,-102.101],"tool":false,"touchDistance":-0.425627,"touchZone":"touching","type":1,"width":19.3369},{"bases":[[[0.987123,0.135492,-0.0850353],[-0.115527,0.971518,0.206895],[0.110646,-0.194407,0.974661]],[[0.984141,0.140177,-0.108703],[-0.177384,0.780809,-0.599059],[0.000901734,0.608841,0.793292]],[[0.984141,0.140177,-0.108703],[-0.0150859,-0.544442,-0.838663],[-0.176744,0.827003,-0.533693]],[[0.984141,0.140177,-0.108703],[0.124178,-0.982029,-0.142123],[-0.126672,0.12637,-0.983862]]],"btipPosition":[47.2513,286.985,16.0731],"carpPosition":[47.6079,328.647,88.623],"dipPosition":[44.8717,289.359,-2.41001],"direction":[0.176744,-0.827003,0.533693],"extended":false,"handId":441,"id":4412,"length":66.986,"mcpPosition":[39.8907,342.207,20.6436],"pipPosition":[39.8472,312.869,-17.5817],"stabilizedTipPosition":[44.0639,263.528,48.2831],"timeVisible":1.1478,"tipPosition":[46.771,287.117,11.823],"tipVelocity":[19.3732,55.7711,-104.75],"tool":false,"touchDistance":0.333333,"touchZone":"none","type":2,"width":18.9914},{"bases":[[[0.998527,0.0317812,0.0439679],[-0.0411204,0.972024,0.231255],[-0.0353882,-0.232723,0.971899]],[[0.999062,0.0431487,-0.0037179],[-0.0361759,0.784244,-0.619396],[-0.0238104,0.61895,0.78507]],[[0.999062,0.0431487,-0.0037179],[0.0211524,-0.561063,-0.827503],[-0.0377917,0.826648,-0.561449]],[[0.999062,0.0431487,-0.0037179],[0.0423322,-0.991058,-0.126539],[-0.00914465,0.126263,-0.991955]]],"btipPosition":[63.9738,293.013,25.1201],"carpPosition":[59.4768,331.337,86.9706],"dipPosition":[63.803,295.372,6.59211],"direction":[0.0377917,-0.826648,0.561449],"extended":false,"handId":441,"id":4413,"length":64.4088,"mcpPosition":[61.6929,345.91,26.1095],"pipPosition":[62.7564,318.264,-8.9564],"stabilizedTipPosition":[60.9334,266.779,61.8693],"timeVisible":1.1478,"tipPosition":[63.9407,293.32,20.5456],"tipVelocity":[18.1262,53.9401,-95.0238],"tool":false,"touchDistance":0.333333,"touchZone":"none","type":3,"width":18.0715},{"bases":[[[0.980697,-0.156414,0.117341],[0.111724,0.940729,0.320229],[-0.160474,-0.300938,0.940045]],[[0.964267,-0.180526,0.193907],[0.258699,0.79943,-0.542205],[-0.0571329,0.572993,0.817566]],[[0.964267,-0.180526,0.193907],[0.0732738,-0.521634,-0.850017],[0.254599,0.833851,-0.489767]],[[0.964267,-0.180526,0.193907],[-0.142113,-0.970151,-0.196498],[0.223592,0.16192,-0.961139]]],"btipPosition":[75.4999,305.112,28.9137],"carpPosition":[73.009,327.016,86.1672],"dipPosition":[79.3527,307.903,12.3518],"direction":[-0.254599,-0.833851,0.489767],"extended":false,"handId":441,"id":4414,"length":50.4953,"mcpPosition":[82.3113,344.461,31.6752],"pipPosition":[84.3309,324.207,2.77552],"stabilizedTipPosition":[74.0452,278.925,65.6622],"timeVisible":1.1478,"tipPosition":[76.5299,305.528,25.0721],"tipVelocity":[13.2521,54.185,-91.7155],"tool":false,"touchDistance":0.333333,"touchZone":"none","type":4,"width":16.0525}],"r":[[0.980613,0.193593,0.0303264],[-0.190969,0.978838,-0.073528],[-0.0439192,0.0663112,0.996832]],"s":0.747909,"t":[-22.178,133.879,-169.274],"timestamp":521596497735},false],[6,{"currentFrameRate":105.919,"devices":[],"gestures":[],"hands":[{"armBasis":[[0.840194,0.435915,-0.322571],[-0.216596,0.815087,0.537326],[0.497152,-0.38159,0.779249]],"armWidth":63.7005,"confidence":0.800654,"direction":[-0.119188,0.341708,-0.932218],"elbow":[193.854,215.456,303.774],"grabStrength":0,"id":441,"palmNormal":[0.244801,-0.899811,-0.361128],"palmPosition":[46.9547,330.948,41.7365],"palmVelocity":[12.2668,46.8548,-92.8346],"palmWidth":90.9622,"pinchStrength":0.816341,"r":[[0.980434,0.194298,0.0315884],[-0.191645,0.978799,-0.0722828],[-0.0449631,0.0648147,0.996884]],"s":0.748851,"sphereCenter":[60.4222,298.144,4.60943],"sphereRadius":49.766,"stabilizedPalmPosition":[45.7011,308.234,81.4573],"t":[-22.0605,134.334,-170.116],"timeVisible":1.15697,"type":"right","wrist":[59.6642,318.454,93.4406]}],"id":4124385,"interactionBox":{"center":[0,200,0],"size":[235.247,235.247,147.751]},"pointables":[{"bases":[[[0.144981,0.980644,0.131601],[-0.837352,0.0507513,0.544303],[0.527088,-0.18911,0.828502]],[[-0.0823616,0.972604,-0.217391],[-0.861617,0.0401286,0.50597],[0.500832,0.22898,0.834707]],[[-0.0823616,0.972604,-0.217391],[-0.988423,-0.0518287,0.142597],[0.127424,0.226619,0.965612]],[[-0.0823616,0.972604,-0.217391],[-0.758546,-0.202658,-0.619304],[-0.646394,0.113894,0.754456]]],"btipPosition":[21.0797,278.024,1.1847],"carpPosition":[35.2923,299.84,93.4032],"dipPosition":[5.95637,280.689,18.8363],"direction":[-0.127424,-0.226619,-0.965612],"extended":false,"handId":441,"id":4410,"length":52.1005,"mcpPosition":[35.2923,299.84,93.4032],"pipPosition":[10.2996,288.413,51.7494],"stabilizedTipPosition":[17.588,260.844,32.9752],"timeVisible":1.15697,"tipPosition":[18.3916,278.19,5.044],"tipVelocity":[-11.3674,65.1223,-106.724],"tool":false,"touchDistance":-0.434689,"touchZone":"touching","type":0,"width":20.2438},{"bases":[[[0.928548,0.324772,-0.179783],[-0.283488,0.933069,0.221397],[0.239653,-0.154612,0.958468]],[[0.955612,0.294182,-0.0162047],[-0.286367,0.940345,0.183701],[0.0692796,-0.170907,0.982849]],[[0.955612,0.294182,-0.0162047],[-0.29336,0.955157,0.0401816],[0.0272988,-0.0336442,0.999061]],[[0.955612,0.294182,-0.0162047],[-0.294559,0.952755,-0.0741094],[-0.00636246,0.0755931,0.997118]]],"btipPosition":[15.8381,341.505,-63.5768],"carpPosition":[36.9904,323.271,90.2999],"dipPosition":[15.7295,342.796,-46.5456],"direction":[-0.0272988,0.0336442,-0.999061],"extended":true,"handId":441,"id":4411,"length":58.7895,"mcpPosition":[19.3646,334.643,19.8073],"pipPosition":[16.3891,341.983,-22.4053],"stabilizedTipPosition":[11.0446,326.894,-38.0967],"timeVisible":1.15697,"tipPosition":[15.1974,341.749,-59.6197],"tipVelocity":[31.2685,58.8585,-95.4189],"tool":false,"touchDistance":-0.422154,"touchZone":"touching","type":1,"width":19.3369},{"bases":[[[0.98702,0.137042,-0.0837282],[-0.117094,0.970922,0.208805],[0.109909,-0.196291,0.974367]],[[0.984077,0.141744,-0.107242],[-0.17774,0.782027,-0.597363],[-0.000806593,0.606912,0.794769]],[[0.984077,0.141744,-0.107242],[-0.0133749,-0.542593,-0.839889],[-0.177238,0.82795,-0.532058]],[[0.984077,0.141744,-0.107242],[0.125699,-0.981574,-0.143919],[-0.125665,0.128147,-0.983761]]],"btipPosition":[47.4462,287.407,15.2741],"carpPosition":[47.6739,328.905,87.923],"dipPosition":[45.0854,289.814,-3.20711],"direction":[0.177238,-0.82795,0.532058],"extended":false,"handId":441,"id":4412,"length":66.986,"mcpPosition":[40.0081,342.596,19.9642],"pipPosition":[40.047,313.351,-18.3323],"stabilizedTipPosition":[44.0697,263.577,48.2076],"timeVisible":1.15697,"tipPosition":[46.9709,287.55,11.0283],"tipVelocity":[20.0265,53.2657,-99.8062],"tool":false,"touchDistance":0.333333,"touchZone":"none","type":2,"width":18.9914},{"bases":[[[0.998436,0.0330777,0.0450697],[-0.0427133,0.97148,0.233244],[-0.0360691,-0.234804,0.971373]],[[0.999005,0.0445325,-0.00253644],[-0.0365356,0.784338,-0.619257],[-0.0255876,0.618733,0.785184]],[[0.999005,0.0445325,-0.00253644],[0.0228988,-0.560831,-0.827614],[-0.0382782,0.826732,-0.561293]],[[0.999005,0.0445325,-0.00253644],[0.0438465,-0.990875,-0.127451],[-0.00818899,0.127213,-0.991842]]],"btipPosition":[64.1554,293.411,24.4594],"carpPosition":[59.5408,331.615,86.2886],"dipPosition":[64.0024,295.787,5.93352],"direction":[0.0382782,-0.826732,0.561293],"extended":false,"handId":441,"id":4413,"length":64.4088,"mcpPosition":[61.7995,346.318,25.4603],"pipPosition":[62.9424,318.682,-9.61066],"stabilizedTipPosition":[60.9384,266.822,61.8033],"timeVisible":1.15697,"tipPosition":[64.1264,293.741,19.8623],"tipVelocity":[18.7163,51.1021,-88.5863],"tool":false,"touchDistance":0.333333,"touchZone":"none","type":3,"width":18.0715},{"bases":[[[0.980792,-0.155295,0.11803],[0.110082,0.940212,0.32231],[-0.161027,-0.303126,0.939247]],[[0.963594,-0.180452,0.197291],[0.260701,0.797902,-0.543496],[-0.0593436,0.575143,0.815897]],[[0.963594,-0.180452,0.197291],[0.0756734,-0.523657,-0.848562],[0.256438,0.832599,-0.490937]],[[0.963594,-0.180452,0.197291],[-0.141465,-0.970245,-0.196501],[0.22688,0.161437,-0.96045]]],"btipPosition":[75.5883,305.494,28.3529],"carpPosition":[73.0798,327.315,85.4902],"dipPosition":[79.4977,308.276,11.8029],"direction":[-0.256438,-0.832599,0.490937],"extended":false,"handId":441,"id":4414,"length":50.4953,"mcpPosition":[82.4141,344.886,31.0444],"pipPosition":[84.5118,324.556,2.20372],"stabilizedTipPosition":[74.0484,278.96,65.6092],"timeVisible":1.15697,"tipPosition":[76.6436,305.944,24.4563],"tipVelocity":[12.6377,50.6172,-83.0942],"tool":false,"touchDistance":0.333333,"touchZone":"none","type":4,"width":16.0525}],"r":[[0.980434,0.194298,0.0315884],[-0.191645,0.978799,-0.0722828],[-0.0449631,0.0648147,0.996884]],"s":0.748851,"t":[-2