{"sensorType":"Leap","data":[[0,{"currentFrameRate":106.164,"devices":[],"gestures":[],"hands":[{"armBasis":[[0.820675,0.497553,-0.280951],[-0.274135,0.774259,0.570415],[0.50134,-0.391107,0.771812]],"armWidth":63.7005,"confidence":0.711228,"direction":[-0.147809,0.411779,-0.899217],"elbow":[178.815,201.893,304.816],"grabStrength":0,"id":432,"palmNormal":[0.3004,-0.847557,-0.437501],"palmPosition":[29.6315,323.477,46.0705],"palmVelocity":[25.0819,-8.77285,-157.768],"palmWidth":90.9622,"pinchStrength":0.431938,"r":[[0.982639,0.114503,0.14598],[-0.106476,0.9924,-0.0616864],[-0.151934,0.045072,0.987362]],"s":1.13748,"sphereCenter":[45.7574,295.928,9.96691],"sphereRadius":49.3796,"stabilizedPalmPosition":[30.5116,296.912,137.022],"t":[-30.9095,97.8013,-172.382],"timeVisible":0.623203,"type":"right","wrist":[43.494,307.459,96.4907]}],"id":4120839,"interactionBox":{"center":[0,200,0],"size":[235.247,235.247,147.751]},"pointables":[{"bases":[[[0.0816467,0.973148,0.215212],[-0.835009,-0.051102,0.547859],[0.544145,-0.224434,0.808415]],[[-0.0890893,0.995097,-0.0429654],[-0.838033,-0.0515748,0.543177],[0.538297,0.0843976,0.838518]],[[-0.0890893,0.995097,-0.0429654],[-0.985776,-0.0819188,0.146745],[0.142506,0.0554277,0.988241]],[[-0.0890893,0.995097,-0.0429654],[-0.725917,-0.0944055,-0.681272],[-0.681988,-0.0295047,0.730768]]],"btipPosition":[4.62476,281.948,2.26248],"carpPosition":[20.3883,287.358,94.8883],"dipPosition":[-11.3313,281.257,19.3599],"direction":[-0.142506,-0.0554277,-0.988241],"extended":false,"handId":432,"id":4320,"length":52.1005,"mcpPosition":[20.3883,287.358,94.8883],"pipPosition":[-6.47398,283.147,53.0442],"stabilizedTipPosition":[0.852672,258.104,93.336],"timeVisible":0.623203,"tipPosition":[0.850043,282.875,5.95962],"tipVelocity":[36.0742,-39.6502,-167.286],"tool":false,"touchDistance":-0.501875,"touchZone":"touching","type":0,"width":20.2438},{"bases":[[[0.904096,0.399177,-0.152535],[-0.342161,0.890057,0.301203],[0.255999,-0.220125,0.941281]],[[0.937866,0.343188,0.0512741],[-0.346996,0.927224,0.140887],[0.000808091,-0.149925,0.988697]],[[0.937866,0.343188,0.0512741],[-0.343227,0.939216,-0.00831499],[-0.0510111,-0.00980035,0.99865]],[[0.937866,0.343188,0.0512741],[-0.335195,0.934232,-0.121877],[-0.0897288,0.0971177,0.99122]]],"btipPosition":[4.43521,332.237,-58.9447],"carpPosition":[20.5327,311.03,93.8085],"dipPosition":[2.90261,333.896,-42.0143],"direction":[0.0510111,0.00980035,-0.99865],"extended":true,"handId":432,"id":4321,"length":58.7895,"mcpPosition":[1.70474,327.22,24.58],"pipPosition":[1.67003,333.659,-17.8839],"stabilizedTipPosition":[-6.78231,300.497,39.6961],"timeVisible":0.623203,"tipPosition":[3.95289,331.876,-54.7872],"tipVelocity":[48.4829,23.4038,-161.508],"tool":false,"touchDistance":-0.522397,"touchZone":"touching","type":1,"width":19.3369},{"bases":[[[0.975365,0.208147,-0.0730605],[-0.178683,0.939681,0.291672],[0.129364,-0.271432,0.953724]],[[0.972015,0.214538,-0.0957053],[-0.189511,0.475363,-0.859136],[-0.138823,0.853231,0.502718]],[[0.972015,0.214538,-0.0957053],[0.108028,-0.769978,-0.62886],[-0.208606,0.600922,-0.771606]],[[0.972015,0.214538,-0.0957053],[0.211239,-0.976467,-0.0434836],[-0.102782,0.02205,-0.994459]]],"btipPosition":[36.3366,277.856,41.7835],"carpPosition":[30.809,317.535,91.9093],"dipPosition":[34.4057,278.27,23.1014],"direction":[0.208605,-0.600922,0.771606],"extended":false,"handId":432,"id":4322,"length":66.986,"mcpPosition":[21.7863,336.467,25.3902],"pipPosition":[28.4755,295.353,1.16637],"stabilizedTipPosition":[35.8615,255.944,118.86],"timeVisible":0.623203,"tipPosition":[35.944,277.512,37.1292],"tipVelocity":[11.6959,0.31895,-149.099],"tool":false,"touchDistance":0.333333,"touchZone":"none","type":2,"width":18.9914},{"bases":[[[0.994447,0.0945011,0.046306],[-0.104326,0.943019,0.315961],[-0.0138089,-0.319037,0.947642]],[[0.994532,0.100415,0.0286837],[-0.0192474,0.44621,-0.894721],[-0.102642,0.889277,0.445703]],[[0.994532,0.100415,0.0286837],[0.0986803,-0.81373,-0.572805],[-0.0341773,0.572503,-0.81919]],[[0.994532,0.100415,0.0286837],[0.100488,-0.994938,-0.00110665],[0.0284274,0.00398297,-0.999588]]],"btipPosition":[48.3269,285.476,52.6037],"carpPosition":[42.462,321.147,90.4967],"dipPosition":[48.8579,285.551,33.9331],"direction":[0.0341773,-0.572503,0.81919],"extended":false,"handId":432,"id":4323,"length":64.4088,"mcpPosition":[43.3268,341.126,31.1546],"pipPosition":[47.9114,301.405,11.2468],"stabilizedTipPosition":[48.5904,264.839,126.506],"timeVisible":0.623203,"tipPosition":[48.4459,285.153,47.8197],"tipVelocity":[12.554,-7.668,-142.731],"tool":false,"touchDistance":0.333333,"touchZone":"none","type":3,"width":18.0715},{"bases":[[[0.989642,-0.100181,0.102827],[0.050809,0.914322,0.401789],[-0.134269,-0.392402,0.909941]],[[0.982001,-0.119018,0.14666],[0.186943,0.501616,-0.84465],[0.0269616,0.856864,0.514837]],[[0.982001,-0.119018,0.14666],[0.00102206,-0.773125,-0.634253],[0.188874,0.622987,-0.759088]],[[0.982001,-0.119018,0.14666],[-0.106525,-0.990201,-0.090304],[0.155971,0.0730556,-0.985056]]],"btipPosition":[56.6963,296.847,50.1828],"carpPosition":[56.2467,317.829,89.3121],"dipPosition":[59.3839,298.105,33.2087],"direction":[-0.188874,-0.622987,0.759088],"extended":false,"handId":432,"id":4324,"length":50.4953,"mcpPosition":[64.0299,340.575,36.5651],"pipPosition":[63.0769,310.287,18.3664],"stabilizedTipPosition":[55.9992,277.427,122.336],"timeVisible":0.623203,"tipPosition":[57.1222,296.725,45.9561],"tipVelocity":[19.1455,-12.1767,-145.777],"tool":false,"touchDistance":0.333333,"touchZone":"none","type":4,"width":16.0525}],"r":[[0.982639,0.114503,0.14598],[-0.106476,0.9924,-0.0616864],[-0.151934,0.045072,0.987362]],"s":1.13748,"t":[-30.9095,97.8013,-172.382],"timestamp":521559094356},false],[1,{"currentFrameRate":106.345,"devices":[],"gestures":[],"hands":[{"armBasis":[[0.821708,0.495618,-0.281352],[-0.27299,0.775652,0.56907],[0.500273,-0.390803,0.772658]],"armWidth":63.7005,"confidence":0.732976,"direction":[-0.146486,0.412498,-0.899103],"elbow":[178.681,201.85,304.137],"grabStrength":0,"id":432,"palmNormal":[0.29867,-0.848047,-0.437735],"palmPosition":[29.8446,323.405,45.1636],"palmVelocity":[24.6445,-8.53644,-141.802],"palmWidth":90.9622,"pinchStrength":0.431753,"r":[[0.982759,0.111251,0.147678],[-0.103296,0.992808,-0.0605139],[-0.153348,0.044216,0.987183]],"s":1.13807,"sphereCenter":[45.8377,295.851,9.07324],"sphereRadius":49.3551,"stabilizedPalmPosition":[30.5116,296.912,137.021],"t":[-30.6981,97.6917,-173.577],"timeVisible":0.632272,"type":"right","wrist":[43.649,307.334,95.583]}],"id":4120840,"interactionBox":{"center":[0,200,0],"size":[235.247,235.247,147.751]},"pointables":[{"bases":[[[0.0837573,0.972869,0.215665],[-0.83536,-0.0494452,0.547475],[0.543285,-0.226013,0.808554]],[[-0.0881042,0.995114,-0.0445592],[-0.838072,-0.0498734,0.543275],[0.538398,0.0852086,0.838372]],[[-0.0881042,0.995114,-0.0445592],[-0.986105,-0.0808072,0.145145],[0.140835,0.0567279,0.988407]],[[-0.0881042,0.995114,-0.0445592],[-0.723482,-0.0946748,-0.683821],[-0.684698,-0.0280097,0.728288]]],"btipPosition":[4.85028,281.756,1.3958],"carpPosition":[20.4985,287.287,93.9619],"dipPosition":[-11.1692,281.101,18.4352],"direction":[-0.140835,-0.0567279,-0.988407],"extended":false,"handId":432,"id":4320,"length":52.1005,"mcpPosition":[20.4985,287.287,93.9619],"pipPosition":[-6.36885,283.035,52.1252],"stabilizedTipPosition":[0.85269,258.105,93.331],"timeVisible":0.632272,"tipPosition":[1.04356,282.686,5.07715],"tipVelocity":[32.5324,-34.2813,-147.872],"tool":false,"touchDistance":-0.493222,"touchZone":"touching","type":0,"width":20.2438},{"bases":[[[0.905064,0.397194,-0.151973],[-0.340275,0.890701,0.301438],[0.255091,-0.221108,0.941297]],[[0.938619,0.341037,0.0518408],[-0.344954,0.92797,0.140989],[-0.0000242775,-0.150218,0.988653]],[[0.938619,0.341037,0.0518408],[-0.341094,0.939995,-0.00801183],[-0.0514624,-0.0101625,0.998623]],[[0.938619,0.341037,0.0518408],[-0.333039,0.935063,-0.121416],[-0.0898817,0.0966983,0.991247]]],"btipPosition":[4.71547,332.266,-59.8599],"carpPosition":[20.697,310.958,92.8923],"dipPosition":[3.18025,333.918,-42.9291],"direction":[0.0514624,0.0101625,-0.998623],"extended":true,"handId":432,"id":4321,"length":58.7895,"mcpPosition":[1.93572,327.22,23.6626],"pipPosition":[1.93676,333.672,-18.7993],"stabilizedTipPosition":[-6.77748,300.511,39.6546],"timeVisible":0.632272,"tipPosition":[4.23099,331.91,-55.7042],"tipVelocity":[43.6059,17.7738,-144.761],"tool":false,"touchDistance":-0.512218,"touchZone":"touching","type":1,"width":19.3369},{"bases":[[[0.975866,0.205968,-0.0725491],[-0.176681,0.939958,0.291998],[0.128335,-0.272133,0.953663]],[[0.972546,0.212368,-0.0951588],[-0.187656,0.473855,-0.860376],[-0.137625,0.854612,0.500698]],[[0.972546,0.212368,-0.0951588],[0.107322,-0.772134,-0.626331],[-0.206488,0.598923,-0.773727]],[[0.972546,0.212368,-0.0951588],[0.209349,-0.976991,-0.0407687],[-0.101627,0.019728,-0.994627]]],"btipPosition":[36.4485,277.845,41.0397],"carpPosition":[30.9887,317.441,91.0004],"dipPosition":[34.5393,278.215,22.3543],"direction":[0.206488,-0.598923,0.773727],"extended":false,"handId":432,"id":4322,"length":66.986,"mcpPosition":[22.0378,336.422,24.4855],"pipPosition":[28.6693,295.241,0.359045],"stabilizedTipPosition":[35.8615,255.944,118.859],"timeVisible":0.632272,"tipPosition":[36.0553,277.496,36.3387],"tipVelocity":[12.0251,-0.418993,-130.584],"tool":false,"touchDistance":0.333333,"touchZone":"none","type":2,"width":18.9914},{"bases":[[[0.994639,0.0922284,0.0467768],[-0.102327,0.943117,0.31632],[-0.0149423,-0.319411,0.947498]],[[0.994743,0.0982348,0.0289027],[-0.0179949,0.445567,-0.895068],[-0.100805,0.889843,0.444992]],[[0.994743,0.0982348,0.0289027],[0.0970601,-0.8146,-0.571844],[-0.0326308,0.571643,-0.819853]],[[0.994743,0.0982348,0.0289027],[0.0982819,-0.995159,-0.000211159],[0.028742,0.00305066,-0.999582]]],"btipPosition":[48.4556,285.396,51.7603],"carpPosition":[42.6506,321.027,89.5944],"dipPosition":[48.9925,285.453,33.0899],"direction":[0.0326308,-0.571643,0.819853],"extended":false,"handId":432,"id":4323,"length":64.4088,"mcpPosition":[43.5863,341.029,30.2612],"pipPosition":[48.0888,301.284,10.3852],"stabilizedTipPosition":[48.5904,264.839,126.506],"timeVisible":0.632272,"tipPosition":[48.5741,285.071,46.9688],"tipVelocity":[13.0491,-8.12484,-128.984],"tool":false,"touchDistance":0.333333,"touchZone":"none","type":3,"width":18.0715},{"bases":[[[0.989367,-0.102466,0.103212],[0.0527056,0.914032,0.402203],[-0.135552,-0.392487,0.909714]],[[0.981718,-0.121194,0.146774],[0.188176,0.501923,-0.844194],[0.0286418,0.856379,0.515553]],[[0.981718,-0.121194,0.146774],[-0.000471053,-0.772646,-0.634837],[0.190342,0.623161,-0.758577]],[[0.981718,-0.121194,0.146774],[-0.108616,-0.989919,-0.0908998],[0.156311,0.0732959,-0.984985]]],"btipPosition":[56.8582,296.71,49.2616],"carpPosition":[56.4282,317.678,88.4143],"dipPosition":[59.5516,297.973,32.2888],"direction":[-0.190342,-0.623161,0.758577],"extended":false,"handId":432,"id":4324,"length":50.4953,"mcpPosition":[64.2858,340.43,35.6805],"pipPosition":[63.2734,310.158,17.4565],"stabilizedTipPosition":[55.9993,277.427,122.335],"timeVisible":0.632272,"tipPosition":[57.2843,296.598,45.0467],"tipVelocity":[18.8296,-12.9302,-133.551],"tool":false,"touchDistance":0.333333,"touchZone":"none","type":4,"width":16.0525}],"r":[[0.982759,0.111251,0.147678],[-0.103296,0.992808,-0.0605139],[-0.153348,0.044216,0.987183]],"s":1.13807,"t":[-30.6981,97.6917,-173.577],"timestamp":521559103425},false],[2,{"currentFrameRate":106.53,"devices":[],"gestures":[],"hands":[{"armBasis":[[0.824823,0.489978,-0.282113],[-0.269519,0.779375,0.565627],[0.497017,-0.390507,0.774905]],"armWidth":63.7005,"confidence":0.74804,"direction":[-0.142781,0.412322,-0.89978],"elbow":[177.874,202.237,303.375],"grabStrength":0,"id":432,"palmNormal":[0.294096,-0.85036,-0.436343],"palmPosition":[30.0813,323.736,43.7583],"palmVelocity":[25.063,3.91166,-145.525],"palmWidth":90.9622,"pinchStrength":0.432963,"r":[[0.982937,0.107489,0.14927],[-0.0995294,0.993234,-0.0598312],[-0.154691,0.0439536,0.986985]],"s":1.13841,"sphereCenter":[45.882,296.051,7.73663],"sphereRadius":49.3254,"stabilizedPalmPosition":[30.5116,296.913,137.019],"t":[-30.474,97.8025,-174.876],"timeVisible":0.641321,"type":"right","wrist":[43.7207,307.641,94.2149]}],"id":4120841,"interactionBox":{"center":[0,200,0],"size":[235.247,235.247,147.751]},"pointables":[{"bases":[[[0.0893773,0.972595,0.214639],[-0.836372,-0.0437277,0.546415],[0.540826,-0.228356,0.809544]],[[-0.0830779,0.99541,-0.0475044],[-0.838905,-0.0441265,0.542486],[0.5379,0.0849203,0.83872]],[[-0.0830779,0.99541,-0.0475044],[-0.986928,-0.0755771,0.142339],[0.138095,0.0587086,0.988677]],[[-0.0830779,0.99541,-0.0475044],[-0.719924,-0.09291,-0.687806],[-0.689063,-0.0229419,0.724339]]],"btipPosition":[5.02323,282.031,0.0859092],"carpPosition":[20.4511,287.733,92.5862],"dipPosition":[-11.0984,281.494,17.0329],"direction":[-0.138095,-0.0587086,-0.988677],"extended":false,"handId":432,"id":4320,"length":52.1005,"mcpPosition":[20.4511,287.733,92.5862],"pipPosition":[-6.39138,283.495,50.7321],"stabilizedTipPosition":[0.852714,258.106,93.3265],"timeVisible":0.641321,"tipPosition":[1.16533,282.975,3.73843],"tipVelocity":[28.1146,-15.6323,-147.66],"tool":false,"touchDistance":-0.4922,"touchZone":"touching","type":0,"width":20.2438},{"bases":[[[0.907661,0.391512,-0.151226],[-0.33526,0.893105,0.299941],[0.252491,-0.221545,0.941895]],[[0.940605,0.335382,0.0527297],[-0.339493,0.93027,0.139076],[-0.00240915,-0.148717,0.988877]],[[0.940605,0.335382,0.0527297],[-0.335361,0.942042,-0.00951578],[-0.052865,-0.00873287,0.998563]],[[0.940605,0.335382,0.0527297],[-0.327214,0.936968,-0.122567],[-0.0905127,0.0980331,0.991059]]],"btipPosition":[5.15162,332.619,-61.3119],"carpPosition":[20.7948,311.402,91.4892],"dipPosition":[3.60563,334.294,-44.3843],"direction":[0.052865,0.00873287,-0.998563],"extended":true,"handId":432,"id":4321,"length":58.7895,"mcpPosition":[2.22478,327.696,22.2156],"pipPosition":[2.32825,334.083,-20.256],"stabilizedTipPosition":[-6.77271,300.524,39.6146],"timeVisible":0.641321,"tipPosition":[4.6595,332.283,-57.1588],"tipVelocity":[44.7974,23.8035,-149.114],"tool":false,"touchDistance":-0.511121,"touchZone":"touching","type":1,"width":19.3369},{"bases":[[[0.977194,0.199953,-0.0714842],[-0.171358,0.941356,0.290662],[0.125411,-0.271784,0.954152]],[[0.973939,0.206355,-0.0941348],[-0.183388,0.472227,-0.862189],[-0.133464,0.856983,0.497763]],[[0.973939,0.206355,-0.0941348],[0.104001,-0.775138,-0.623173],[-0.201562,0.597142,-0.776398]],[[0.973939,0.206355,-0.0941348],[0.203701,-0.978331,-0.0370807],[-0.0997467,0.0169389,-0.994869]]],"btipPosition":[36.4161,278.188,39.8306],"carpPosition":[31.1282,317.819,89.6035],"dipPosition":[34.5422,278.506,21.1407],"direction":[0.201562,-0.597142,0.776398],"extended":false,"handId":432,"id":4322,"length":66.986,"mcpPosition":[22.3812,336.775,23.0546],"pipPosition":[28.8123,295.481,-0.930483],"stabilizedTipPosition":[35.8615,255.944,118.859],"timeVisible":0.641321,"tipPosition":[36.0247,277.834,35.1007],"tipVelocity":[7.96824,9.77592,-131.452],"tool":false,"touchDistance":0.333333,"touchZone":"none","type":2,"width":18.9914},{"bases":[[[0.995117,0.0862424,0.0479996],[-0.0970183,0.944093,0.315081],[-0.0181427,-0.318199,0.94785]],[[0.995282,0.0922484,0.0300545],[-0.0141632,0.444601,-0.895617],[-0.0959815,0.890966,0.44381]],[[0.995282,0.0922484,0.0300545],[0.0928558,-0.815911,-0.570672],[-0.0281217,0.57077,-0.820628]],[[0.995282,0.0922484,0.0300545],[0.092253,-0.995735,0.0012342],[0.0300402,0.00154425,-0.999547]]],"btipPosition":[48.4544,285.628,50.4265],"carpPosition":[42.8135,321.333,88.209],"dipPosition":[49.0155,285.657,31.7567],"direction":[0.0281217,-0.57077,0.820628],"extended":false,"handId":432,"id":4323,"length":64.4088,"mcpPosition":[43.9496,341.259,28.8538],"pipPosition":[48.2367,301.463,9.03056],"stabilizedTipPosition":[48.5904,264.839,126.505],"timeVisible":0.641321,"tipPosition":[48.5765,285.298,45.6403],"tipVelocity":[9.58219,0.989236,-134.06],"tool":false,"touchDistance":0.333333,"touchZone":"none","type":3,"width":18.0715},{"bases":[[[0.988589,-0.10835,0.104656],[0.0577206,0.914168,0.401205],[-0.139143,-0.390586,0.90999]],[[0.980827,-0.126856,0.147939],[0.192044,0.500125,-0.84439],[0.033128,0.856611,0.514898]],[[0.980827,-0.126856,0.147939],[-0.00436273,-0.773229,-0.634112],[0.194832,0.621308,-0.758958]],[[0.980827,-0.126856,0.147939],[-0.114401,-0.989359,-0.0898957],[0.157768,0.0712478,-0.984902]]],"btipPosition":[56.9388,296.884,47.9117],"carpPosition":[56.5721,317.899,87.0512],"dipPosition":[59.6574,298.112,30.9403],"direction":[-0.194832,-0.621308,0.758958],"extended":false,"handId":432,"id":4324,"length":50.4953,"mcpPosition":[64.6379,340.54,34.3013],"pipPosition":[63.4669,310.26,16.1005],"stabilizedTipPosition":[55.9993,277.427,122.335],"timeVisible":0.641321,"tipPosition":[57.368,296.772,43.7077],"tipVelocity":[16.2688,-4.31205,-137.853],"tool":false,"touchDistance":0.333333,"touchZone":"none","type":4,"width":16.0525}],"r":[[0.982937,0.107489,0.14927],[-0.0995294,0.993234,-0.0598312],[-0.154691,0.0439536,0.986985]],"s":1.13841,"t":[-30.474,97.8025,-174.876],"timestamp":521559112474},false],[3,{"currentFrameRate":106.559,"devices":[],"gestures":[],"hands":[{"armBasis":[[0.831137,0.482523,-0.276375],[-0.266765,0.782079,0.563195],[0.487902,-0.394365,0.778735]],"armWidth":63.7005,"confidence":0.768175,"direction":[-0.140909,0.411519,-0.900443],"elbow":[175.576,201.438,303.446],"grabStrength":0,"id":432,"palmNormal":[0.290765,-0.852205,-0.434974],"palmPosition":[30.3201,323.956,42.7675],"palmVelocity":[25.2138,9.47898,-134.393],"palmWidth":90.9622,"pinchStrength":0.435604,"r":[[0.983145,0.103731,0.150555],[-0.0957113,0.993624,-0.0595883],[-0.155776,0.0441741,0.986804]],"s":1.1385,"sphereCenter":[45.9474,296.152,6.80322],"sphereRadius":49.2925,"stabilizedPalmPosition":[30.5116,296.913,137.018],"t":[-30.2425,97.9678,-176.022],"timeVisible":0.650651,"type":"right","wrist":[43.8828,307.884,93.2518]}],"id":4120842,"interactionBox":{"center":[0,200,0],"size":[235.247,235.247,147.751]},"pointables":[{"bases":[[[0.0932489,0.972554,0.213175],[-0.836669,-0.0395199,0.546282],[0.539713,-0.229297,0.81002]],[[-0.0802534,0.995474,-0.0508976],[-0.839036,-0.0398984,0.542611],[0.538125,0.0862513,0.83844]],[[-0.0802534,0.995474,-0.0508976],[-0.98742,-0.0724173,0.140562],[0.13624,0.0615379,0.988763]],[[-0.0802534,0.995474,-0.0508976],[-0.716593,-0.0931133,-0.691249],[-0.692859,-0.0190022,0.720822]]],"btipPosition":[5.24647,282.109,-0.758972],"carpPosition":[20.5335,288.066,91.648],"dipPosition":[-10.964,281.665,16.1057],"direction":[-0.13624,-0.0615379,-0.988763],"extended":false,"handId":432,"id":4320,"length":52.1005,"mcpPosition":[20.5335,288.066,91.648],"pipPosition":[-6.32021,283.762,49.8079],"stabilizedTipPosition":[0.852744,258.107,93.3224],"timeVisible":0.650651,"tipPosition":[1.33676,283.067,2.86616],"tipVelocity":[26.3092,-8.1753,-132.069],"tool":false,"touchDistance":-0.48427,"touchZone":"touching","type":0,"width":20.2438},{"bases":[[[0.909268,0.387617,-0.151608],[-0.331725,0.894907,0.298497],[0.251377,-0.221121,0.942292]],[[0.94194,0.331653,0.0524849],[-0.335762,0.931959,0.136806],[-0.00354154,-0.146486,0.989206]],[[0.94194,0.331653,0.0524849],[-0.331538,0.943376,-0.0111466],[-0.0532098,-0.00690129,0.99856]],[[0.94194,0.331653,0.0524849],[-0.323425,0.93814,-0.123649],[-0.0902466,0.0994947,0.990937]]],"btipPosition":[5.46404,332.754,-62.3274],"carpPosition":[20.9729,311.732,90.515],"dipPosition":[3.92259,334.453,-45.4018],"direction":[0.0532098,0.00690129,-0.99856],"extended":true,"handId":432,"id":4321,"length":58.7895,"mcpPosition":[2.48477,327.995,21.2121],"pipPosition":[2.63688,334.286,-21.2736],"stabilizedTipPosition":[-6.76792,300.537,39.5751],"timeVisible":0.650651,"tipPosition":[4.96814,332.453,-58.1781],"tipVelocity":[41.6269,21.3144,-137.728],"tool":false,"touchDistance":-0.503582,"touchZone":"touching","type":1,"width":19.3369},{"bases":[[[0.978009,0.195902,-0.071557],[-0.167627,0.942483,0.289184],[0.124093,-0.27083,0.954595]],[[0.974778,0.202294,-0.0942642],[-0.181205,0.470826,-0.863416],[-0.130282,0.85872,0.495608]],[[0.974778,0.202294,-0.0942642],[0.101299,-0.777398,-0.620799],[-0.198865,0.595592,-0.778282]],[[0.974778,0.202294,-0.0942642],[0.199914,-0.979218,-0.0341509],[-0.0992137,0.0144448,-0.994961]]],"btipPosition":[36.4724,278.414,38.9772],"carpPosition":[31.3326,318.105,88.6219],"dipPosition":[34.6085,278.685,20.2856],"direction":[0.198865,-0.595592,0.778282],"extended":false,"handId":432,"id":4322,"length":66.986,"mcpPosition":[22.6775,336.995,22.042],"pipPosition":[28.9552,295.617,-1.83918],"stabilizedTipPosition":[35.8615,255.944,118.858],"timeVisible":0.650651,"tipPosition":[36.0795,278.054,34.2394],"tipVelocity":[7.48971,13.5543,-120.145],"tool":false,"touchDistance":0.333333,"touchZone":"none","type":2,"width":18.9914},{"bases":[[[0.995446,0.0823024,0.0481046],[-0.0932834,0.944957,0.313616],[-0.0196454,-0.316675,0.948331]],[[0.995639,0.0883003,0.0300898],[-0.0122371,0.443391,-0.896245],[-0.0924803,0.891968,0.442538]],[[0.995639,0.0883003,0.0300898],[0.0896771,-0.817107,-0.569469],[-0.0256977,0.569684,-0.821462]],[[0.995639,0.0883003,0.0300898],[0.0882572,-0.996094,0.00276303],[0.0302163,-0.0000953374,-0.999543]]],"btipPosition":[48.5404,285.785,49.492],"carpPosition":[43.0322,321.57,87.2248],"dipPosition":[49.1048,285.783,30.8223],"direction":[0.0256977,-0.569684,0.821462],"extended":false,"handId":432,"id":4323,"length":64.4088,"mcpPosition":[44.2624,341.4,27.8395],"pipPosition":[48.3932,301.56,8.0731],"stabilizedTipPosition":[48.5904,264.839,126.505],"timeVisible":0.650651,"tipPosition":[48.6612,285.451,44.7145],"tipVelocity":[9.50229,5.26085,-124.462],"tool":false,"touchDistance":0.333333,"touchZone":"none","type":3,"width":18.0715},{"bases":[[[0.988119,-0.112176,0.105056],[0.0613136,0.91454,0.399822],[-0.140928,-0.388631,0.910552]],[[0.980353,-0.130421,0.147982],[0.19388,0.499011,-0.844629],[0.0363131,0.856725,0.514493]],[[0.980353,-0.130421,0.147982],[-0.00730039,-0.773693,-0.633518],[0.197117,0.619991,-0.759445]],[[0.980353,-0.130421,0.147982],[-0.118198,-0.989028,-0.0886187],[0.157916,0.0693864,-0.985012]]],"btipPosition":[57.0875,297.004,46.9291],"carpPosition":[56.7771,318.078,86.0755],"dipPosition":[59.8086,298.2,29.9559],"direction":[-0.197117,-0.619991,0.759445],"extended":false,"handId":432,"id":4324,"length":50.4953,"mcpPosition":[64.9464,340.606,33.2931],"pipPosition":[63.6628,310.322,15.1066],"stabilizedTipPosition":[55.9993,277.427,122.334],"timeVisible":0.650651,"tipPosition":[57.5146,296.896,42.7494],"tipVelocity":[16.1922,0.320459,-128.654],"tool":false,"touchDistance":0.333333,"touchZone":"none","type":4,"width":16.0525}],"r":[[0.983145,0.103731,0.150555],[-0.0957113,0.993624,-0.0595883],[-0.155776,0.0441741,0.986804]],"s":1.1385,"t":[-30.2425,97.9678,-176.022],"timestamp":521559121804},false],[4,{"currentFrameRate":106.885,"devices":[],"gestures":[],"hands":[{"armBasis":[[0.832014,0.479737,-0.278576],[-0.263198,0.783408,0.563027],[0.488343,-0.395126,0.778072]],"armWidth":63.7005,"confidence":0.781629,"direction":[-0.14044,0.411518,-0.900516],"elbow":[175.982,201.301,302.602],"grabStrength":0,"id":432,"palmNormal":[0.287083,-0.853531,-0.434819],"palmPosition":[30.6072,324.046,42.1094],"palmVelocity":[27.2416,9.69586,-118.493],"palmWidth":90.9622,"pinchStrength":0.439846,"r":[[0.98341,0.100009,0.151339],[-0.091931,0.993987,-0.0594834],[-0.156378,0.0445839,0.986691]],"s":1.13837,"sphereCenter":[46.0657,296.166,6.14901],"sphereRadius":49.2682,"stabilizedPalmPosition":[30.5116,296.913,137.017],"t":[-29.9833,98.0956,-176.923],"timeVisible":0.65941,"type":"right","wrist":[44.1696,307.953,92.5871]}],"id":4120843,"interactionBox":{"center":[0,200,0],"size":[235.247,235.247,147.751]},"pointables":[{"bases":[[[0.0971143,0.972324,0.212497],[-0.836165,-0.0360929,0.547289],[0.539812,-0.230833,0.809518]],[[-0.0786872,0.995404,-0.0545753],[-0.838921,-0.0365446,0.543025],[0.538535,0.0885135,0.837941]],[[-0.0786872,0.995404,-0.0545753],[-0.987587,-0.0703699,0.140429],[0.135943,0.0649478,0.988585]],[[-0.0786872,0.995404,-0.0545753],[-0.714353,-0.094486,-0.693377],[-0.695347,-0.0155739,0.718505]]],"btipPosition":[5.50572,281.955,-1.29947],"carpPosition":[20.7449,288.221,91.0224],"dipPosition":[-10.7629,281.591,15.511],"direction":[-0.135943,-0.0649478,-0.988585],"extended":false,"handId":432,"id":4320,"length":52.1005,"mcpPosition":[20.7449,288.221,91.0224],"pipPosition":[-6.12929,283.804,49.2071],"stabilizedTipPosition":[0.852781,258.108,93.3187],"timeVisible":0.65941,"tipPosition":[1.54308,282.959,2.31978],"tipVelocity":[26.7819,-10.1421,-113.572],"tool":false,"touchDistance":-0.472471,"touchZone":"touching","type":0,"width":20.2438},{"bases":[[[0.910523,0.384147,-0.152904],[-0.328044,0.896307,0.298365],[0.251665,-0.221508,0.942125]],[[0.94323,0.328167,0.0512229],[-0.332125,0.933381,0.135987],[-0.00318406,-0.145279,0.989386]],[[0.94323,0.328167,0.0512229],[-0.328022,0.944601,-0.0114594],[-0.0521458,-0.00599333,0.998621]],[[0.94323,0.328167,0.0512229],[-0.32009,0.939298,-0.123534],[-0.0886533,0.100125,0.991017]]],"btipPosition":[5.6726,332.85,-62.9656],"carpPosition":[21.2709,311.885,89.875],"dipPosition":[4.15837,334.56,-46.0387],"direction":[0.0521458,0.00599333,-0.998622],"extended":true,"handId":432,"id":4321,"length":58.7895,"mcpPosition":[2.76162,328.176,20.5844],"pipPosition":[2.89837,334.416,-21.909],"stabilizedTipPosition":[-6.76355,300.549,39.5394],"timeVisible":0.65941,"tipPosition":[5.17915,332.579,-58.8199],"tipVelocity":[37.0385,18.6287,-120.314],"tool":false,"touchDistance":-0.491125,"touchZone":"touching","type":1,"width":19.3369},{"bases":[[[0.978645,0.192223,-0.0728227],[-0.163782,0.943267,0.288831],[0.124211,-0.270736,0.954607]],[[0.975413,0.198611,-0.0955156],[-0.180461,0.471022,-0.863465],[-0.126504,0.859472,0.495283]],[[0.975413,0.198611,-0.0955156],[0.0977055,-0.778198,-0.620373],[-0.197543,0.595787,-0.778469]],[[0.975413,0.198611,-0.0955156],[0.196248,-0.979978,-0.0336226],[-0.100281,0.0140512,-0.99486]]],"btipPosition":[36.5839,278.486,38.3396],"carpPosition":[31.6519,318.218,87.966],"dipPosition":[34.7,278.75,19.6499],"direction":[0.197543,-0.595787,0.778469],"extended":false,"handId":432,"id":4322,"length":66.986,"mcpPosition":[22.9886,337.101,21.3853],"pipPosition":[29.0843,295.687,-2.48021],"stabilizedTipPosition":[35.8615,255.944,118.858],"timeVisible":0.65941,"tipPosition":[36.1845,278.127,33.6071],"tipVelocity":[8.75446,12.0715,-107.427],"tool":false,"touchDistance":0.333333,"touchZone":"none","type":2,"width":18.9914},{"bases":[[[0.995801,0.0786293,0.0468846],[-0.0894007,0.945479,0.313173],[-0.0197038,-0.31605,0.948538]],[[0.995995,0.0846447,0.0287796],[-0.0117232,0.442777,-0.896555],[-0.0886315,0.892627,0.441996]],[[0.995995,0.0846447,0.0287796],[0.085948,-0.817902,-0.568901],[-0.0246156,0.569097,-0.821902]],[[0.995995,0.0846447,0.0287796],[0.0845797,-0.996411,0.00346811],[0.0289698,-0.00102006,-0.99958]]],"btipPosition":[48.696,285.818,48.8444],"carpPosition":[43.3627,321.638,86.5531],"dipPosition":[49.2371,285.799,30.174],"direction":[0.0246156,-0.569097,0.821902],"extended":false,"handId":432,"id":4323,"length":64.4088,"mcpPosition":[44.5966,341.43,27.1548],"pipPosition":[48.5554,301.56,7.41261],"stabilizedTipPosition":[48.5904,264.839,126.505],"timeVisible":0.65941,"tipPosition":[48.8088,285.483,44.0703],"tipVelocity":[11.5543,4.75716,-110.91],"tool":false,"touchDistance":0.333333,"touchZone":"none","type":3,"width":18.0715},{"bases":[[[0.987819,-0.115787,0.103958],[0.0651838,0.914537,0.399216],[-0.141298,-0.387576,0.910944]],[[0.980124,-0.133799,0.146476],[0.194386,0.500168,-0.843828],[0.0396403,0.855529,0.516235]],[[0.980124,-0.133799,0.146476],[-0.0105499,-0.772444,-0.634995],[0.198106,0.620829,-0.758502]],[[0.980124,-0.133799,0.146476],[-0.121602,-0.988553,-0.0893121],[0.156749,0.0697251,-0.985174]]],"btipPosition":[57.3081,296.98,46.1433],"carpPosition":[57.0932,318.095,85.3897],"dipPosition":[60.0091,298.181,29.1673],"direction":[-0.198106,-0.620829,0.758502],"extended":false,"handId":432,"id":4324,"length":50.4953,"mcpPosition":[65.2839,340.562,32.5845],"pipPosition":[63.8826,310.32,14.3364],"stabilizedTipPosition":[55.9993,277.427,122.334],"timeVisible":0.65941,"tipPosition":[57.7278,296.897,42.019],"tipVelocity":[18.4644,-0.463817,-118.225],"tool":false,"touchDistance":0.333333,"touchZone":"none","type":4,"width":16.0525}],"r":[[0.98341,0.100009,0.151339],[-0.091931,0.993987,-0.0594834],[-0.156378,0.0445839,0.986691]],"s":1.13837,"t":[-29.9833,98.0956,-176.923],"timestamp":521559130563},false],[5,{"currentFrameRate":107.011,"devices":[],"gestures":[],"hands":[{"armBasis":[[0.837337,0.473151,-0.273852],[-0.25999,0.785307,0.56187],[0.480908,-0.399276,0.780581]],"armWidth":63.7005,"confidence":0.794781,"direction":[-0.139511,0.41292,-0.900019],"elbow":[174.263,200.168,302.455],"grabStrength":0,"id":432,"palmNormal":[0.28324,-0.854291,-0.435846],"palmPosition":[30.9186,324.135,41.3106],"palmVelocity":[29.1638,9.69259,-109.924],"palmWidth":90.9622,"pinchStrength":0.443746,"r":[[0.983715,0.0962016,0.151819],[-0.0881054,0.994351,-0.0591984],[-0.156657,0.0448583,0.986634]],"s":1.13805,"sphereCenter":[46.2296,296.23,5.31403],"sphereRadius":49.2477,"stabilizedPalmPosition":[30.5116,296.914,137.015],"t":[-29.6979,98.2036,-177.774],"timeVisible":0.668526,"type":"right","wrist":[44.4573,307.939,91.7621]}],"id":4120844,"interactionBox":{"center":[0,200,0],"size":[235.247,235.247,147.751]},"pointables":[{"bases":[[[0.101253,0.971723,0.213313],[-0.83585,-0.0331918,0.547954],[0.53954,-0.23378,0.808853]],[[-0.0760168,0.995552,-0.0556515],[-0.839052,-0.033713,0.543006],[0.538714,0.0879721,0.837883]],[[-0.0760168,0.995552,-0.0556515],[-0.98786,-0.0676112,0.139862],[0.135477,0.0656077,0.988606]],[[-0.0760168,0.995552,-0.0556515],[-0.711835,-0.0932667,-0.696126],[-0.698221,-0.0133027,0.715759]]],"btipPosition":[5.78607,281.99,-2.05664],"carpPosition":[20.9511,288.305,90.1987],"dipPosition":[-10.5498,281.679,14.6896],"direction":[-0.135477,-0.0656077,-0.988606],"extended":false,"handId":432,"id":4320,"length":52.1005,"mcpPosition":[20.9511,288.305,90.1987],"pipPosition":[-5.93205,283.915,48.3864],"stabilizedTipPosition":[0.852832,258.109,93.3147],"timeVisible":0.668526,"tipPosition":[1.77038,282.999,1.55412],"tipVelocity":[27.4135,-5.89253,-105.552],"tool":false,"touchDistance":-0.465137,"touchZone":"touching","type":0,"width":20.2438},{"bases":[[[0.911953,0.380574,-0.15331],[-0.32414,0.897359,0.299465],[0.251543,-0.223404,0.941709]],[[0.944602,0.324272,0.0507398],[-0.328204,0.934624,0.136967],[-0.00300821,-0.146032,0.989275]],[[0.944602,0.324272,0.0507398],[-0.324179,0.94594,-0.0102826],[-0.0513312,-0.00673581,0.998659]],[[0.944602,0.324272,0.0507398],[-0.316377,0.940728,-0.122215],[-0.0873634,0.099392,0.991206]]],"btipPosition":[5.93397,333.135,-63.7367],"carpPosition":[21.5725,311.967,89.0727],"dipPosition":[4.44177,334.832,-46.8066],"direction":[0.0513312,0.00673581,-0.998659],"extended":true,"handId":432,"id":4321,"length":58.7895,"mcpPosition":[3.07226,328.398,19.8127],"pipPosition":[3.20146,334.67,-22.676],"stabilizedTipPosition":[-6.75889,300.562,39.5019],"timeVisible":0.668526,"tipPosition":[5.44392,332.869,-59.5925],"tipVelocity":[34.8703,22.0306,-110.375],"tool":false,"touchDistance":-0.481901,"touchZone":"touching","type":1,"width":19.3369},{"bases":[[[0.97936,0.188301,-0.0734627],[-0.159696,0.943659,0.289837],[0.1239,-0.272123,0.954252]],[[0.976137,0.194719,-0.0961333],[-0.179249,0.472589,-0.862861],[-0.122584,0.859502,0.496215]],[[0.976137,0.194719,-0.0961333],[0.0940335,-0.778048,-0.621128],[-0.195742,0.597266,-0.777791]],[[0.976137,0.194719,-0.0961333],[0.192232,-0.98074,-0.0345757],[-0.101014,0.0152707,-0.994768]]],"btipPosition":[36.7051,278.558,37.4933],"carpPosition":[31.9778,318.26,87.1609],"dipPosition":[34.8074,278.845,18.8053],"direction":[0.195742,-0.597266,0.777791],"extended":false,"handId":432,"id":4322,"length":66.986,"mcpPosition":[23.3361,337.24,20.605],"pipPosition":[29.2429,295.824,-3.30549],"stabilizedTipPosition":[35.8615,255.944,118.858],"timeVisible":0.668526,"tipPosition":[36.3007,278.207,32.7649],"tipVelocity":[9.91847,11.0733,-103.365],"tool":false,"touchDistance":0.333333,"touchZone":"none","type":2,"width":18.9914},{"bases":[[[0.996152,0.0745272,0.0461254],[-0.0852859,0.945545,0.31412],[-0.0202031,-0.316845,0.948262]],[[0.996356,0.0806582,0.0277259],[-0.0111092,0.445034,-0.895445],[-0.0845639,0.891874,0.444309]],[[0.996356,0.0806582,0.0277259],[0.0820135,-0.816797,-0.571067],[-0.0234148,0.57126,-0.820435]],[[0.996356,0.0806582,0.0277259],[0.0806499,-0.996741,0.00141936],[0.02775,0.000821899,-0.999615]]],"btipPosition":[48.8736,285.803,47.9067],"carpPosition":[43.7012,321.634,85.7414],"dipPosition":[49.3919,285.818,29.2357],"direction":[0.0234148,-0.571259,0.820435],"extended":false,"handId":432,"id":4323,"length":64.4088,"mcpPosition":[44.9664,341.475,26.3604],"pipPosition":[48.7435,301.638,6.5149],"stabilizedTipPosition":[48.5904,264.839,126.505],"timeVisible":0.668526,"tipPosition":[48.9741,285.498,43.1864],"tipVelocity":[13.5955,3.20049,-108.68],"tool":false,"touchDistance":0.333333,"touchZone":"none","type":3,"width":18.0715},{"bases":[[[0.987425,-0.119908,0.103026],[0.0692427,0.913894,0.400005],[-0.142119,-0.387841,0.910704]],[[0.97976,-0.137789,0.145206],[0.195418,0.50115,-0.843007],[0.0433868,0.85432,0.517933]],[[0.97976,-0.137789,0.145206],[-0.0141374,-0.77121,-0.636424],[0.199677,0.62149,-0.757548]],[[0.97976,-0.137789,0.145206],[-0.12552,-0.98795,-0.0905526],[0.155934,0.0704935,-0.985249]]],"btipPosition":[57.5295,296.952,45.2534],"carpPosition":[57.4161,318.035,84.5632],"dipPosition":[60.2165,298.167,28.2761],"direction":[-0.199677,-0.62149,0.757548],"extended":false,"handId":432,"id":4324,"length":50.4953,"mcpPosition":[65.6544,340.518,31.772],"pipPosition":[64.1208,310.319,13.4639],"stabilizedTipPosition":[55.9993,277.427,122.334],"timeVisible":0.668526,"tipPosition":[57.9448,296.886,41.1528],"tipVelocity":[19.9843,-1.08889,-112.514],"tool":false,"touchDistance":0.333333,"touchZone":"none","type":4,"width":16.0525}],"r":[[0.983715,0.0962016,0.151819],[-0.0881054,0.994351,-0.0591984],[-0.156657,0.0448583,0.986634]],"s":1.13805,"t":[-29.6979,98.2036,-177.774],"timestamp":521559139679},false],[6,{"currentFrameRate":107.195,"devices":[],"gestures":[],"hands":[{"armBasis":[[0.853124,0.456438,-0.252675],[-0.260375,0.792201,0.551926],[0.452089,-0.405071,0.79469]],"armWidth":63.7005,"confidence":0.803351,"direction":[-0.136568,0.412264,-0.900771],"elbow":[166.535,198.85,305.347],"grabStrength":0,"id":432,"palmNormal":[0.281389,-0.855692,-0.434294],"palmPosition":[31.1129,324.362,40.3507],"palmVelocity":[27.0889,13.9775,-109.051],"palmWidth":90.9622,"pinchStrength":0.44672,"r":[[0.983951,0.0925805,0.152543],[-0.0844048,0.994669,-0.0592406],[-0.157215,0.0454144,0.98652]],"s":1.13764,"sphereCenter":[46.3752,296.366,4.41866],"sphereRadius":49.2247,"stabilizedPalmPosition":[30.5116,296.914,137.013],"t":[-29.4581,98.3714,-178.679],"timeVisible":0.677519,"type":"right","wrist":[44.5082,308.186,90.8465]}],"id":4120845,"interactionBox":{"center":[0,200,0],"size":[235.247,235.247,147.751]},"pointables":[{"bases":[[[0.103877,0.971661,0.212331],[-0.836958,-0.0299359,0.546449],[0.537319,-0.234476,0.810129]],[[-0.0740635,0.995513,-0.0589011],[-0.840437,-0.0305143,0.541049],[0.536824,0.0895746,0.838926]],[[-0.0740635,0.995513,-0.0589011],[-0.988319,-0.0653833,0.137661],[0.133192,0.0684087,0.988726]],[[-0.0740635,0.995513,-0.0589011],[-0.707692,-0.0940805,-0.70023],[-0.702629,-0.0101776,0.711484]]],"btipPosition":[6.05437,282.059,-2.94816],"carpPosition":[20.944,288.623,89.2633],"dipPosition":[-10.3846,281.821,13.698],"direction":[-0.133192,-0.0684087,-0.988726],"extended":false,"handId":432,"id":4320,"length":52.1005,"mcpPosition":[20.944,288.623,89.2633],"pipPosition":[-5.84476,284.153,47.399],"stabilizedTipPosition":[0.852893,258.11,93.3108],"timeVisible":0.677519,"tipPosition":[1.9959,283.082,0.638145],"tipVelocity":[27.3539,-1.65048,-104.493],"tool":false,"touchDistance":-0.460674,"touchZone":"touching","type":0,"width":20.2438},{"bases":[[[0.913412,0.377557,-0.152083],[-0.321903,0.898722,0.297787],[0.249112,-0.223046,0.94244]],[[0.945509,0.321402,0.0520902],[-0.325551,0.935854,0.134887],[-0.00539581,-0.144495,0.989491]],[[0.945509,0.321402,0.0520902],[-0.321217,0.946928,-0.0121138],[-0.0532191,-0.0052785,0.998569]],[[0.945509,0.321402,0.0520902],[-0.313241,0.941568,-0.123809],[-0.088839,0.100746,0.990938]]],"btipPosition":[6.35466,333.298,-64.7557],"carpPosition":[21.641,312.281,88.1101],"dipPosition":[4.83726,335.019,-47.8301],"direction":[0.0532191,0.0052785,-0.998569],"extended":true,"handId":432,"id":4321,"length":58.7895,"mcpPosition":[3.31958,328.686,18.7963],"pipPosition":[3.55132,334.892,-23.7016],"stabilizedTipPosition":[-6.75398,300.574,39.4633],"timeVisible":0.677519,"tipPosition":[5.85707,333.056,-60.6155],"tipVelocity":[37.9613,21.142,-111.21],"tool":false,"touchDistance":-0.477344,"touchZone":"touching","type":1,"width":19.3369},{"bases":[[[0.980074,0.185172,-0.0718797],[-0.157299,0.944499,0.288407],[0.121295,-0.271354,0.954806]],[[0.976914,0.191569,-0.0945504],[-0.17617,0.472057,-0.863786],[-0.120841,0.860502,0.494908]],[[0.976914,0.191569,-0.0945504],[0.0928075,-0.779211,-0.619853],[-0.192419,0.596768,-0.779001]],[[0.976914,0.191569,-0.0945504],[0.189271,-0.981378,-0.0327801],[-0.0990693,0.0141276,-0.99498]]],"btipPosition":[36.7633,278.772,36.605],"carpPosition":[32.0692,318.54,86.2099],"dipPosition":[34.9021,279.037,17.9131],"direction":[0.192419,-0.596768,0.779001],"extended":false,"handId":432,"id":4322,"length":66.986,"mcpPosition":[23.6093,337.466,19.6153],"pipPosition":[29.4321,296.002,-4.23214],"stabilizedTipPosition":[35.8615,255.944,118.857],"timeVisible":0.677519,"tipPosition":[36.3669,278.418,31.8798],"tipVelocity":[9.22989,14.398,-102.133],"tool":false,"touchDistance":0.333333,"touchZone":"none","type":2,"width":18.9914},{"bases":[[[0.996292,0.0714911,0.0478759],[-0.0829281,0.946184,0.312825],[-0.0229352,-0.315635,0.948603]],[[0.99655,0.077659,0.0292886],[-0.00832267,0.444603,-0.895689],[-0.0825802,0.892355,0.443715]],[[0.99655,0.077659,0.0292886],[0.0804653,-0.817464,-0.570332],[-0.020349,0.570721,-0.820892]],[[0.99655,0.077659,0.0292886],[0.0776148,-0.99698,0.0026453],[0.0294056,-0.000362941,-0.999567]]],"btipPosition":[48.9448,285.984,46.9902],"carpPosition":[43.8057,321.875,84.808],"dipPosition":[49.494,285.977,28.32],"direction":[0.020349,-0.57072,0.820892],"extended":false,"handId":432,"id":4323,"length":64.4088,"mcpPosition":[45.2419,341.641,25.4056],"pipPosition":[48.9305,301.783,5.58662],"stabilizedTipPosition":[48.5904,264.84,126.504],"timeVisible":0.677519,"tipPosition":[49.0498,285.682,42.2964],"tipVelocity":[12.2531,7.70243,-106.817],"tool":false,"touchDistance":0.333333,"touchZone":"none","type":3,"width":18.0715},{"bases":[[[0.986856,-0.122847,0.104994],[0.0713429,0.914157,0.399033],[-0.145001,-0.386297,0.910906]],[[0.979051,-0.140666,0.147212],[0.198661,0.501451,-0.842069],[0.0446309,0.853674,0.518891]],[[0.979051,-0.140666,0.147212],[-0.0149635,-0.77075,-0.636962],[0.203063,0.621415,-0.756709]],[[0.979051,-0.140666,0.147212],[-0.128288,-0.9876,-0.0904913],[0.158116,0.0697102,-0.984957]]],"btipPosition":[57.6443,297.098,44.2827],"carpPosition":[57.5116,318.233,83.6595],"dipPosition":[60.3688,298.299,27.3104],"direction":[-0.203063,-0.621415,0.756709],"extended":false,"handId":432,"id":4324,"length":50.4953,"mcpPosition":[65.9169,340.626,30.8566],"pipPosition":[64.3393,310.45,12.5146],"stabilizedTipPosition":[55.9993,277.428,122.333],"timeVisible":0.677519,"tipPosition":[58.0715,297.045,40.2271],"tipVelocity":[18.2652,3.5693,-111.224],"tool":false,"touchDistance":0