{"sensorType":"Leap","data":[[0,{"currentFrameRate":106.187,"devices":[],"gestures":[],"hands":[{"armBasis":[[0.859044,0.391683,-0.329587],[-0.183337,0.83655,0.516306],[0.477944,-0.383104,0.790444]],"armWidth":63.7005,"confidence":0.861184,"direction":[-0.148094,0.433215,-0.889041],"elbow":[183.224,193.96,308.108],"grabStrength":0,"id":437,"palmNormal":[0.194092,-0.868739,-0.455654],"palmPosition":[39.6727,315.172,45.132],"palmVelocity":[23.704,10.7457,-106.52],"palmWidth":90.9622,"pinchStrength":0.818373,"r":[[0.999215,0.0394291,0.00385919],[-0.0394855,0.999095,0.0158154],[-0.00323211,-0.0159554,0.999867]],"s":0.753661,"sphereCenter":[49.6977,284.04,5.83927],"sphereRadius":49.0565,"stabilizedPalmPosition":[44.1782,286.116,134.817],"t":[-17.8885,113.908,-184.256],"timeVisible":0.69575,"type":"right","wrist":[54.219,297.367,94.7537]}],"id":4122790,"interactionBox":{"center":[0,200,0],"size":[235.247,235.247,147.751]},"pointables":[{"bases":[[[0.187721,0.958148,0.216133],[-0.809446,0.0262646,0.586607],[0.556379,-0.285066,0.780499]],[[-0.0603438,0.989989,-0.127593],[-0.795114,0.0296037,0.605737],[0.60345,0.138003,0.785368]],[[-0.0603438,0.989989,-0.127593],[-0.988099,-0.0411254,0.148222],[0.141491,0.135018,0.980689]],[[-0.0603438,0.989989,-0.127593],[-0.606368,-0.137894,-0.783137],[-0.792892,0.0301105,0.608618]]],"btipPosition":[12.7987,267.471,7.28753],"carpPosition":[29.1842,279.664,94.1457],"dipPosition":[-5.75215,268.176,21.527],"direction":[-0.141491,-0.135018,-0.980689],"extended":false,"handId":437,"id":4370,"length":52.1005,"mcpPosition":[29.1842,279.664,94.1457],"pipPosition":[-0.929407,272.778,54.954],"stabilizedTipPosition":[3.95026,242.193,95.9029],"timeVisible":0.69575,"tipPosition":[8.13814,267.85,9.93371],"tipVelocity":[25.5425,14.064,-103.049],"tool":false,"touchDistance":-0.45971,"touchZone":"touching","type":0,"width":20.2438},{"bases":[[[0.931108,0.309366,-0.193211],[-0.237755,0.9165,0.321714],[0.276605,-0.253614,0.926914]],[[0.969356,0.244962,0.0185294],[-0.243542,0.948369,0.203182],[0.0321991,-0.201468,0.978966]],[[0.969356,0.244962,0.0185294],[-0.245659,0.96621,0.0780411],[0.00121375,-0.0802015,0.996778]],[[0.969356,0.244962,0.0185294],[-0.244614,0.969431,-0.0191813],[-0.0226617,0.0140609,0.999644]]],"btipPosition":[10.2562,332.219,-58.1943],"carpPosition":[31.6249,303.216,93.1829],"dipPosition":[9.86914,332.459,-41.12],"direction":[-0.00121375,0.0802015,-0.996778],"extended":true,"handId":437,"id":4371,"length":58.7895,"mcpPosition":[11.2814,321.868,25.011],"pipPosition":[9.89847,330.521,-17.0348],"stabilizedTipPosition":[3.15151,298.038,45.4797],"timeVisible":0.69575,"tipPosition":[10.177,331.14,-54.3059],"tipVelocity":[28.2401,24.2415,-105.732],"tool":false,"touchDistance":-0.484803,"touchZone":"touching","type":1,"width":19.3369},{"bases":[[[0.986715,0.111453,-0.118199],[-0.0707864,0.949817,0.30469],[0.146226,-0.292276,0.945089]],[[0.986493,0.111896,-0.119632],[-0.163756,0.691755,-0.70332],[0.004057,0.71341,0.700735]],[[0.986493,0.111896,-0.119632],[-0.0792963,-0.312836,-0.946491],[-0.143334,0.943193,-0.299737]],[[0.986493,0.111896,-0.119632],[0.00904704,-0.766428,-0.642267],[-0.163556,0.632509,-0.757088]]],"btipPosition":[39.1486,256.006,13.8933],"carpPosition":[42.3956,308.692,90.8318],"dipPosition":[36.076,267.888,-0.329559],"direction":[0.143334,-0.943193,0.299737],"extended":false,"handId":437,"id":4372,"length":66.986,"mcpPosition":[32.1968,329.077,24.915],"pipPosition":[32.0013,294.701,-8.8504],"stabilizedTipPosition":[39.3033,238.442,83.9523],"timeVisible":0.69575,"tipPosition":[38.3641,258.706,9.92398],"tipVelocity":[23.5442,15.2751,-105.155],"tool":false,"touchDistance":0.333333,"touchZone":"none","type":2,"width":18.9914},{"bases":[[[0.999989,-0.00469288,-0.000463672],[0.00458831,0.945552,0.325439],[-0.00108882,-0.325437,0.945563]],[[0.999007,0.0100876,-0.0433939],[-0.037607,0.713153,-0.699999],[0.0238852,0.700936,0.712824]],[[0.999007,0.0100876,-0.0433939],[-0.0383999,-0.298887,-0.953516],[-0.0225885,0.954235,-0.298203]],[[0.999007,0.0100876,-0.0433939],[-0.0204624,-0.761314,-0.648061],[-0.0395738,0.648305,-0.760352]]],"btipPosition":[54.6367,261.684,20.2958],"carpPosition":[54.2707,311.149,88.8864],"dipPosition":[53.8976,273.794,6.09376],"direction":[0.0225885,-0.954235,0.298203],"extended":false,"handId":437,"id":4373,"length":64.4088,"mcpPosition":[54.3389,331.528,29.6744],"pipPosition":[53.272,300.22,-2.16453],"stabilizedTipPosition":[57.4827,228.954,114.441],"timeVisible":0.69575,"tipPosition":[54.4885,264.36,17.6331],"tipVelocity":[19.7655,29.1093,-188.739],"tool":false,"touchDistance":0.333333,"touchZone":"none","type":3,"width":18.0715},{"bases":[[[0.978546,-0.198495,0.0552126],[0.159953,0.90082,0.403656],[-0.12986,-0.386165,0.913243]],[[0.976495,-0.204246,0.0688602],[0.191372,0.674569,-0.712975],[0.0991713,0.709394,0.6978]],[[0.976495,-0.204246,0.0688602],[-0.00303943,-0.332492,-0.943101],[0.21552,0.920724,-0.325297]],[[0.976495,-0.204246,0.0688602],[-0.112767,-0.756372,-0.644349],[0.18369,0.621438,-0.761625]]],"btipPosition":[64.2306,275.094,28.9114],"carpPosition":[67.5878,306.496,87.0315],"dipPosition":[67.3959,285.802,15.7875],"direction":[-0.21552,-0.920724,0.325297],"extended":false,"handId":437,"id":4374,"length":50.4953,"mcpPosition":[75.1155,328.881,34.0931],"pipPosition":[71.6099,303.805,9.42699],"stabilizedTipPosition":[69.1601,243.086,120.904],"timeVisible":0.69575,"tipPosition":[65.0333,277.496,25.5814],"tipVelocity":[24.9353,20.2444,-124.91],"tool":false,"touchDistance":0.333333,"touchZone":"none","type":4,"width":16.0525}],"r":[[0.999215,0.0394291,0.00385919],[-0.0394855,0.999095,0.0158154],[-0.00323211,-0.0159554,0.999867]],"s":0.753661,"t":[-17.8885,113.908,-184.256],"timestamp":521579917116},false],[1,{"currentFrameRate":106.312,"devices":[],"gestures":[],"hands":[{"armBasis":[[0.860683,0.392304,-0.324535],[-0.184688,0.834563,0.519032],[0.474464,-0.386784,0.790748]],"armWidth":63.7005,"confidence":0.862438,"direction":[-0.148929,0.433075,-0.888969],"elbow":[182.519,193.17,307.673],"grabStrength":0,"id":437,"palmNormal":[0.195997,-0.868231,-0.455807],"palmPosition":[39.8741,315.354,44.6163],"palmVelocity":[23.2125,13.2842,-92.4706],"palmWidth":90.9622,"pinchStrength":0.82239,"r":[[0.999203,0.0396722,0.00437196],[-0.039738,0.99908,0.016152],[-0.00372715,-0.0163129,0.99986]],"s":0.751642,"sphereCenter":[49.9869,284.197,5.26008],"sphereRadius":49.0736,"stabilizedPalmPosition":[44.1781,286.116,134.816],"t":[-17.6726,114.054,-184.871],"timeVisible":0.704927,"type":"right","wrist":[54.4533,297.57,94.236]}],"id":4122791,"interactionBox":{"center":[0,200,0],"size":[235.247,235.247,147.751]},"pointables":[{"bases":[[[0.18565,0.958504,0.216343],[-0.80956,0.0244165,0.586528],[0.556908,-0.284032,0.7805]],[[-0.0613628,0.990141,-0.125915],[-0.794929,0.0278077,0.606065],[0.603592,0.137283,0.785386]],[[-0.0613628,0.990141,-0.125915],[-0.988144,-0.0424765,0.14754],[0.140737,0.133475,0.981008]],[[-0.0613628,0.990141,-0.125915],[-0.605849,-0.137204,-0.78366],[-0.79321,0.0281978,0.608295]]],"btipPosition":[13.0971,267.754,6.7595],"carpPosition":[29.4565,279.814,93.6219],"dipPosition":[-5.46122,268.414,20.9914],"direction":[-0.140737,-0.133475,-0.981008],"extended":false,"handId":437,"id":4370,"length":52.1005,"mcpPosition":[29.4565,279.814,93.6219],"pipPosition":[-0.664167,272.964,54.4293],"stabilizedTipPosition":[3.95035,242.193,95.9013],"timeVisible":0.704927,"tipPosition":[8.46083,268.054,9.44053],"tipVelocity":[27.4363,18.4396,-90.3975],"tool":false,"touchDistance":-0.450019,"touchZone":"touching","type":0,"width":20.2438},{"bases":[[[0.930464,0.311395,-0.193053],[-0.239747,0.915926,0.321872],[0.277051,-0.253207,0.926892]],[[0.968831,0.247016,0.018722],[-0.245581,0.947784,0.20346],[0.0325134,-0.201716,0.978904]],[[0.968831,0.247016,0.018722],[-0.247721,0.965668,0.0782287],[0.0012445,-0.0804282,0.99676]],[[0.968831,0.247016,0.018722],[-0.246668,0.968912,-0.0190716],[-0.022851,0.013859,0.999643]]],"btipPosition":[10.4344,332.364,-58.7084],"carpPosition":[31.8469,303.371,92.664],"dipPosition":[10.0441,332.6,-41.6341],"direction":[-0.0012445,0.0804282,-0.99676],"extended":true,"handId":437,"id":4371,"length":58.7895,"mcpPosition":[11.4706,321.994,24.4938],"pipPosition":[10.0742,330.657,-17.5494],"stabilizedTipPosition":[3.15224,298.042,45.4695],"timeVisible":0.704927,"tipPosition":[10.3558,331.295,-54.8202],"tipVelocity":[25.7541,21.8586,-91.8561],"tool":false,"touchDistance":-0.472368,"touchZone":"touching","type":1,"width":19.3369},{"bases":[[[0.986487,0.113586,-0.118075],[-0.0728486,0.949603,0.304872],[0.146754,-0.292151,0.945046]],[[0.986277,0.114002,-0.11942],[-0.165025,0.702312,-0.692478],[0.00492595,0.702682,0.711487]],[[0.986277,0.114002,-0.11942],[-0.0804106,-0.300039,-0.950532],[-0.144193,0.94709,-0.286754]],[[0.986277,0.114002,-0.11942],[0.00941981,-0.761002,-0.648681],[-0.164829,0.638654,-0.751633]]],"btipPosition":[39.3288,256.466,12.39],"carpPosition":[42.6061,308.871,90.3151],"dipPosition":[36.2323,268.464,-1.73038],"direction":[0.144193,-0.94709,0.286754],"extended":false,"handId":437,"id":4372,"length":66.986,"mcpPosition":[32.3705,329.247,24.4013],"pipPosition":[32.1332,295.388,-9.88215],"stabilizedTipPosition":[39.3033,238.442,83.951],"timeVisible":0.704927,"tipPosition":[38.6006,259.111,8.87445],"tipVelocity":[22.2863,25.8357,-120.812],"tool":false,"touchDistance":0.333333,"touchZone":"none","type":2,"width":18.9914},{"bases":[[[0.999997,-0.00255447,-0.000361457],[0.00253294,0.945495,0.325628],[-0.00049005,-0.325628,0.945498]],[[0.998985,0.0122544,-0.0433526],[-0.0390286,0.716072,-0.696934],[0.0225031,0.697919,0.715824]],[[0.998985,0.0122544,-0.0433526],[-0.0378002,-0.295547,-0.95458],[-0.0245105,0.955249,-0.294784]],[[0.998985,0.0122544,-0.0433526],[-0.0188677,-0.760033,-0.649611],[-0.04091,0.649769,-0.75903]]],"btipPosition":[54.9446,261.98,19.5316],"carpPosition":[54.4761,311.353,88.3715],"dipPosition":[54.1805,274.117,5.35424],"direction":[0.0245105,-0.955249,0.294784],"extended":false,"handId":437,"id":4373,"length":64.4088,"mcpPosition":[54.5068,331.744,29.1636],"pipPosition":[53.5017,300.571,-2.80937],"stabilizedTipPosition":[57.4827,228.954,114.44],"timeVisible":0.704927,"tipPosition":[54.7928,264.643,16.9118],"tipVelocity":[23.4384,30.1732,-159.126],"tool":false,"touchDistance":0.333333,"touchZone":"none","type":3,"width":18.0715},{"bases":[[[0.978962,-0.196413,0.0552739],[0.157985,0.901079,0.403852],[-0.129128,-0.386624,0.913153]],[[0.976917,-0.202184,0.0689501],[0.191103,0.682938,-0.705035],[0.0954582,0.701938,0.705812]],[[0.976917,-0.202184,0.0689501],[-0.000154525,-0.323442,-0.946248],[0.213617,0.924395,-0.316008]],[[0.976917,-0.202184,0.0689501],[-0.110036,-0.752942,-0.648823],[0.183097,0.626259,-0.757809]]],"btipPosition":[64.5824,275.462,27.8716],"carpPosition":[67.8033,306.729,86.517],"dipPosition":[67.7374,286.254,14.8134],"direction":[-0.213617,-0.924395,0.316008],"extended":false,"handId":437,"id":4374,"length":50.4953,"mcpPosition":[75.2886,329.141,33.5839],"pipPosition":[71.9143,304.328,8.63453],"stabilizedTipPosition":[69.1601,243.086,120.903],"timeVisible":0.704927,"tipPosition":[65.3528,277.846,24.7731],"tipVelocity":[28.6038,26.3904,-121.212],"tool":false,"touchDistance":0.333333,"touchZone":"none","type":4,"width":16.0525}],"r":[[0.999203,0.0396722,0.00437196],[-0.039738,0.99908,0.016152],[-0.00372715,-0.0163129,0.99986]],"s":0.751642,"t":[-17.6726,114.054,-184.871],"timestamp":521579926293},false],[2,{"currentFrameRate":106.551,"devices":[],"gestures":[],"hands":[{"armBasis":[[0.863793,0.390544,-0.318335],[-0.185628,0.834042,0.519534],[0.468406,-0.389678,0.792936]],"armWidth":63.7005,"confidence":0.864195,"direction":[-0.147731,0.432834,-0.889286],"elbow":[180.968,192.684,307.06],"grabStrength":0,"id":437,"palmNormal":[0.197034,-0.868249,-0.455326],"palmPosition":[40.0273,315.633,43.3868],"palmVelocity":[21.5481,18.156,-104.753],"palmWidth":90.9622,"pinchStrength":0.824322,"r":[[0.999189,0.0399443,0.0050878],[-0.0400227,0.999065,0.0163679],[-0.00442923,-0.0165582,0.999853]],"s":0.749801,"sphereCenter":[50.2189,284.43,4.00581],"sphereRadius":49.0991,"stabilizedPalmPosition":[44.1781,286.117,134.815],"t":[-17.488,114.267,-185.793],"timeVisible":0.713874,"type":"right","wrist":[54.5371,297.864,93.0324]}],"id":4122792,"interactionBox":{"center":[0,200,0],"size":[235.247,235.247,147.751]},"pointables":[{"bases":[[[0.184945,0.95862,0.216431],[-0.810471,0.0242223,0.585278],[0.555817,-0.283655,0.781413]],[[-0.060554,0.990328,-0.124838],[-0.795461,0.0276731,0.605372],[0.602972,0.135962,0.786091]],[[-0.060554,0.990328,-0.124838],[-0.988346,-0.0419886,0.146316],[0.139659,0.132244,0.981329]],[[-0.060554,0.990328,-0.124838],[-0.605342,-0.135879,-0.784282],[-0.793659,0.0280785,0.607715]]],"btipPosition":[13.2669,268.15,5.48863],"carpPosition":[29.5481,280.099,92.3836],"dipPosition":[-5.30187,268.806,19.707],"direction":[-0.139659,-0.132244,-0.981329],"extended":false,"handId":437,"id":4370,"length":52.1005,"mcpPosition":[29.5481,280.099,92.3836],"pipPosition":[-0.541569,273.314,53.1558],"stabilizedTipPosition":[3.95047,242.194,95.8992],"timeVisible":0.713874,"tipPosition":[8.67162,268.391,8.20208],"tipVelocity":[25.0534,25.4481,-104.603],"tool":false,"touchDistance":-0.452461,"touchZone":"touching","type":0,"width":20.2438},{"bases":[[[0.930639,0.311717,-0.191686],[-0.240597,0.915898,0.321315],[0.275725,-0.252909,0.927369]],[[0.968712,0.247357,0.0202788],[-0.246239,0.94768,0.203147],[0.0310319,-0.201784,0.978938]],[[0.968712,0.247357,0.0202788],[-0.248186,0.965578,0.0778689],[-0.000319403,-0.0804655,0.996757]],[[0.968712,0.247357,0.0202788],[-0.246978,0.968825,-0.019474],[-0.0244637,0.0138563,0.999605]]],"btipPosition":[10.7449,332.631,-59.9837],"carpPosition":[31.9309,303.656,91.4246],"dipPosition":[10.3271,332.868,-42.9101],"direction":[0.000319403,0.0804655,-0.996757],"extended":true,"handId":437,"id":4371,"length":58.7895,"mcpPosition":[11.6522,322.257,23.2193],"pipPosition":[10.3194,330.923,-18.8254],"stabilizedTipPosition":[3.15305,298.045,45.4587],"timeVisible":0.713874,"tipPosition":[10.6584,331.577,-56.0957],"tipVelocity":[28.007,24.0429,-105.708],"tool":false,"touchDistance":-0.472597,"touchZone":"touching","type":1,"width":19.3369},{"bases":[[[0.986623,0.113946,-0.116582],[-0.0736859,0.949637,0.304564],[0.145415,-0.2919,0.94533]],[[0.986436,0.11432,-0.117794],[-0.164045,0.711887,-0.682867],[0.00579076,0.692928,0.720984]],[[0.986436,0.11432,-0.117794],[-0.0806168,-0.287701,-0.954321],[-0.142987,0.950873,-0.274583]],[[0.986436,0.11432,-0.117794],[0.00931845,-0.755453,-0.655137],[-0.163883,0.645153,-0.746271]]],"btipPosition":[39.4139,256.978,10.2417],"carpPosition":[42.6916,309.159,89.0911],"dipPosition":[36.3352,269.098,-3.77793],"direction":[0.142987,-0.950873,0.274583],"extended":false,"handId":437,"id":4372,"length":66.986,"mcpPosition":[32.5494,329.518,23.1574],"pipPosition":[32.2704,296.129,-11.5837],"stabilizedTipPosition":[39.3033,238.443,83.9495],"timeVisible":0.713874,"tipPosition":[38.7394,259.591,7.10028],"tipVelocity":[18.922,35.2615,-152.698],"tool":false,"touchDistance":0.333333,"touchZone":"none","type":2,"width":18.9914},{"bases":[[[0.999997,-0.00216591,0.00117626],[0.00166521,0.945562,0.325437],[-0.0018171,-0.325434,0.945563]],[[0.999044,0.0126463,-0.041856],[-0.038277,0.715672,-0.697387],[0.0211358,0.698322,0.715472]],[[0.999044,0.0126463,-0.041856],[-0.0362319,-0.296432,-0.954367],[-0.0244767,0.95497,-0.29569]],[[0.999044,0.0126463,-0.041856],[-0.0175565,-0.760687,-0.648882],[-0.0400453,0.648996,-0.759737]]],"btipPosition":[55.1591,262.265,18.3752],"carpPosition":[54.5636,311.646,87.1651],"dipPosition":[54.4112,274.387,4.18463],"direction":[0.0244767,-0.95497,0.29569],"extended":false,"handId":437,"id":4373,"length":64.4088,"mcpPosition":[54.6774,332.025,27.9532],"pipPosition":[53.7333,300.834,-4.00407],"stabilizedTipPosition":[57.4827,228.954,114.44],"timeVisible":0.713874,"tipPosition":[55.0089,264.927,15.7229],"tipVelocity":[23.6993,30.5329,-151.056],"tool":false,"touchDistance":0.333333,"touchZone":"none","type":3,"width":18.0715},{"bases":[[[0.978952,-0.196021,0.0568191],[0.157014,0.901224,0.403909],[-0.130381,-0.386486,0.913033]],[[0.976959,-0.201605,0.070053],[0.192093,0.687528,-0.700289],[0.0930183,0.69761,0.710414]],[[0.976959,-0.201605,0.070053],[0.00205235,-0.319337,-0.947639],[0.213419,0.925948,-0.311565]],[[0.976959,-0.201605,0.070053],[-0.108568,-0.752018,-0.65014],[0.183753,0.627554,-0.756578]]],"btipPosition":[64.826,275.853,26.4229],"carpPosition":[67.8954,307.027,85.3321],"dipPosition":[67.9923,286.666,13.3859],"direction":[-0.213419,-0.925948,0.311565],"extended":false,"handId":437,"id":4374,"length":50.4953,"mcpPosition":[75.4533,329.431,32.4059],"pipPosition":[72.1653,304.771,7.29394],"stabilizedTipPosition":[69.1601,243.087,120.902],"timeVisible":0.713874,"tipPosition":[65.5779,278.212,23.4346],"tipVelocity":[28.306,31.2522,-132.184],"tool":false,"touchDistance":0.333333,"touchZone":"none","type":4,"width":16.0525}],"r":[[0.999189,0.0399443,0.0050878],[-0.0400227,0.999065,0.0163679],[-0.00442923,-0.0165582,0.999853]],"s":0.749801,"t":[-17.488,114.267,-185.793],"timestamp":521579935240},false],[3,{"currentFrameRate":106.753,"devices":[],"gestures":[],"hands":[{"armBasis":[[0.861909,0.394391,-0.318699],[-0.187204,0.831617,0.522845],[0.471241,-0.390983,0.79061]],"armWidth":63.7005,"confidence":0.851739,"direction":[-0.146392,0.432784,-0.889532],"elbow":[181.839,192.368,305.39],"grabStrength":0,"id":437,"palmNormal":[0.199192,-0.867904,-0.455043],"palmPosition":[40.2168,315.659,42.3167],"palmVelocity":[21.4142,13.9636,-108.646],"palmWidth":90.9622,"pinchStrength":0.823716,"r":[[0.999164,0.0404319,0.00609403],[-0.0405279,0.999041,0.0165562],[-0.00541879,-0.0167894,0.999844]],"s":0.748804,"sphereCenter":[50.498,284.478,2.94996],"sphereRadius":49.1086,"stabilizedPalmPosition":[44.1781,286.117,134.814],"t":[-17.301,114.386,-186.789],"timeVisible":0.722871,"type":"right","wrist":[54.6432,297.902,91.9907]}],"id":4122793,"interactionBox":{"center":[0,200,0],"size":[235.247,235.247,147.751]},"pointables":[{"bases":[[[0.18318,0.958833,0.216989],[-0.811766,0.0230277,0.583528],[0.554509,-0.283035,0.782567]],[[-0.061141,0.990379,-0.124139],[-0.796393,0.0265673,0.604195],[0.601681,0.135804,0.787107]],[[-0.061141,0.990379,-0.124139],[-0.988443,-0.0427927,0.145429],[0.138717,0.131596,0.98155]],[[-0.061141,0.990379,-0.124139],[-0.60481,-0.135699,-0.784724],[-0.794019,0.0271015,0.607288]]],"btipPosition":[13.5035,268.206,4.34165],"carpPosition":[29.6797,280.102,91.2848],"dipPosition":[-5.07374,268.84,18.55],"direction":[-0.138717,-0.131596,-0.98155],"extended":false,"handId":437,"id":4370,"length":52.1005,"mcpPosition":[29.6797,280.102,91.2848],"pipPosition":[-0.345533,273.325,52.0063],"stabilizedTipPosition":[3.95062,242.194,95.8967],"timeVisible":0.722871,"tipPosition":[8.95883,268.415,7.08161],"tipVelocity":[25.3347,20.0211,-110.954],"tool":false,"touchDistance":-0.452787,"touchZone":"touching","type":0,"width":20.2438},{"bases":[[[0.930629,0.313007,-0.189622],[-0.24253,0.915518,0.320946],[0.27406,-0.252693,0.927921]],[[0.968337,0.248628,0.0225188],[-0.247933,0.947228,0.203195],[0.0291894,-0.202344,0.978879]],[[0.968337,0.248628,0.0225188],[-0.249634,0.96521,0.0777994],[-0.00239232,-0.0809575,0.996715]],[[0.968337,0.248628,0.0225188],[-0.248214,0.968506,-0.0196516],[-0.0266956,0.0134399,0.999553]]],"btipPosition":[11.1365,332.665,-61.1096],"carpPosition":[32.0327,303.663,90.3349],"dipPosition":[10.6805,332.894,-44.0368],"direction":[0.00239232,0.0809575,-0.996715],"extended":true,"handId":437,"id":4371,"length":58.7895,"mcpPosition":[11.8764,322.248,22.089],"pipPosition":[10.6227,330.938,-19.9532],"stabilizedTipPosition":[3.15392,298.049,45.4473],"timeVisible":0.722871,"tipPosition":[11.042,331.625,-57.2226],"tipVelocity":[31.9984,18.4314,-111.047],"tool":false,"touchDistance":-0.470561,"touchZone":"touching","type":1,"width":19.3369},{"bases":[[[0.986718,0.115299,-0.114429],[-0.0756285,0.949485,0.304562],[0.143764,-0.291863,0.945594]],[[0.986536,0.115666,-0.115618],[-0.163483,0.716439,-0.678224],[0.00438573,0.687994,0.725703]],[[0.986536,0.115666,-0.115618],[-0.0789163,-0.28252,-0.95601],[-0.143242,0.952263,-0.269588]],[[0.986536,0.115666,-0.115618],[0.0113182,-0.753552,-0.657291],[-0.16315,0.647132,-0.744716]]],"btipPosition":[39.6896,257.158,8.75923],"carpPosition":[42.791,309.181,88.0256],"dipPosition":[36.6246,269.316,-5.23119],"direction":[0.143242,-0.952263,0.269588],"extended":false,"handId":437,"id":4372,"length":66.986,"mcpPosition":[32.7639,329.538,22.0735],"pipPosition":[32.5525,296.386,-12.895],"stabilizedTipPosition":[39.3033,238.443,83.9479],"timeVisible":0.722871,"tipPosition":[39.0376,259.746,5.75788],"tipVelocity":[22.2349,31.3425,-155.808],"tool":false,"touchDistance":0.333333,"touchZone":"none","type":2,"width":18.9914},{"bases":[[[0.999994,-0.000814135,0.00333864],[-0.000317278,0.945509,0.325596],[-0.00342179,-0.325596,0.945503]],[[0.999106,0.0140649,-0.03987],[-0.0380715,0.709394,-0.703783],[0.0183848,0.704672,0.709295]],[[0.999106,0.0140649,-0.03987],[-0.0336227,-0.307385,-0.950991],[-0.0256311,0.951481,-0.306637]],[[0.999106,0.0140649,-0.03987],[-0.0147858,-0.767247,-0.641181],[-0.0396083,0.641197,-0.766353]]],"btipPosition":[55.5065,262.272,18.0422],"carpPosition":[54.6637,311.684,86.1257],"dipPosition":[54.7666,274.249,3.72806],"direction":[0.0256311,-0.951481,0.306637],"extended":false,"handId":437,"id":4373,"length":64.4088,"mcpPosition":[54.878,332.073,26.9175],"pipPosition":[54.0568,300.599,-4.76381],"stabilizedTipPosition":[57.4826,228.955,114.439],"timeVisible":0.722871,"tipPosition":[55.3442,264.953,15.0506],"tipVelocity":[27.848,21.3426,-120.618],"tool":false,"touchDistance":0.333333,"touchZone":"none","type":3,"width":18.0715},{"bases":[[[0.979091,-0.194707,0.0589037],[0.154921,0.901367,0.404397],[-0.131833,-0.386816,0.912685]],[[0.977124,-0.200172,0.0718386],[0.192563,0.689347,-0.69837],[0.0902723,0.696227,0.712123]],[[0.977124,-0.200172,0.0718386],[0.00454816,-0.318044,-0.948065],[0.212624,0.926703,-0.309858]],[[0.977124,-0.200172,0.0718386],[-0.1062,-0.751915,-0.65065],[0.184258,0.628136,-0.755972]]],"btipPosition":[65.1243,275.952,25.3275],"carpPosition":[68.0057,307.084,84.3208],"dipPosition":[68.2994,286.776,12.301],"direction":[-0.212624,-0.926703,0.309858],"extended":false,"handId":437,"id":4374,"length":50.4953,"mcpPosition":[75.6478,329.506,31.4148],"pipPosition":[72.4568,304.896,6.24238],"stabilizedTipPosition":[69.16,243.087,120.9],"timeVisible":0.722871,"tipPosition":[65.8706,278.306,22.3689],"tipVelocity":[29.6999,25.7882,-129.246],"tool":false,"touchDistance":0.333333,"touchZone":"none","type":4,"width":16.0525}],"r":[[0.999164,0.0404319,0.00609403],[-0.0405279,0.999041,0.0165562],[-0.00541879,-0.0167894,0.999844]],"s":0.748804,"t":[-17.301,114.386,-186.789],"timestamp":521579944237},false],[4,{"currentFrameRate":106.896,"devices":[],"gestures":[],"hands":[{"armBasis":[[0.865294,0.392545,-0.31173],[-0.189849,0.832198,0.520964],[0.463923,-0.391605,0.79462]],"armWidth":63.7005,"confidence":0.855162,"direction":[-0.145519,0.432903,-0.889618],"elbow":[179.973,192.163,305.398],"grabStrength":0,"id":437,"palmNormal":[0.201422,-0.867393,-0.455036],"palmPosition":[40.3854,315.617,41.2238],"palmVelocity":[20.6192,8.83635,-111.846],"palmWidth":90.9622,"pinchStrength":0.822697,"r":[[0.999127,0.0411484,0.00725772],[-0.0412654,0.999007,0.0167721],[-0.00656037,-0.017057,0.999833]],"s":0.748699,"sphereCenter":[50.7493,284.492,1.8706],"sphereRadius":49.1214,"stabilizedPalmPosition":[44.178,286.117,134.813],"t":[-17.1232,114.425,-187.834],"timeVisible":0.731963,"type":"right","wrist":[54.7525,297.864,90.9163]}],"id":4122794,"interactionBox":{"center":[0,200,0],"size":[235.247,235.247,147.751]},"pointables":[{"bases":[[[0.181223,0.959044,0.217699],[-0.812839,0.0214632,0.582093],[0.55358,-0.282443,0.783438]],[[-0.0626164,0.99031,-0.123953],[-0.797262,0.0250791,0.603112],[0.600377,0.136588,0.787966]],[[-0.0626164,0.99031,-0.123953],[-0.988378,-0.0442924,0.145421],[0.138522,0.131618,0.981574]],[[-0.0626164,0.99031,-0.123953],[-0.605031,-0.136439,-0.784425],[-0.793736,0.0258778,0.607712]]],"btipPosition":[13.7084,268.116,3.16209],"carpPosition":[29.8196,280.024,90.1589],"dipPosition":[-4.86221,268.722,17.3804],"direction":[-0.138522,-0.131618,-0.981574],"extended":false,"handId":437,"id":4370,"length":52.1005,"mcpPosition":[29.8196,280.024,90.1589],"pipPosition":[-0.140674,273.208,50.8375],"stabilizedTipPosition":[3.95077,242.195,95.8943],"timeVisible":0.731963,"tipPosition":[9.21713,268.322,5.93316],"tipVelocity":[24.606,11.5468,-116.087],"tool":false,"touchDistance":-0.453501,"touchZone":"touching","type":0,"width":20.2438},{"bases":[[[0.930451,0.314607,-0.187841],[-0.244599,0.91499,0.320881],[0.272824,-0.252618,0.928306]],[[0.967897,0.250149,0.0245029],[-0.2498,0.946564,0.204],[0.0278368,-0.203571,0.978664]],[[0.967897,0.250149,0.0245029],[-0.251315,0.964706,0.0786291],[-0.00396907,-0.0822628,0.996603]],[[0.967897,0.250149,0.0245029],[-0.249733,0.968131,-0.0188421],[-0.0284354,0.012118,0.999522]]],"btipPosition":[11.4563,332.692,-62.2377],"carpPosition":[32.1356,303.589,89.2226],"dipPosition":[10.9706,332.899,-45.1655],"direction":[0.00396907,0.0822628,-0.996603],"extended":true,"handId":437,"id":4371,"length":58.7895,"mcpPosition":[12.0702,322.168,20.9484],"pipPosition":[10.8747,330.911,-21.0846],"stabilizedTipPosition":[3.15482,298.053,45.4359],"timeVisible":0.731963,"tipPosition":[11.3582,331.662,-58.3531],"tipVelocity":[32.6684,13.9975,-114.66],"tool":false,"touchDistance":-0.468762,"touchZone":"touching","type":1,"width":19.3369},{"bases":[[[0.98673,0.11696,-0.112628],[-0.0777249,0.949237,0.304807],[0.142561,-0.292008,0.945731]],[[0.986552,0.117323,-0.113802],[-0.163427,0.719427,-0.675067],[0.00267121,0.684587,0.728926]],[[0.986552,0.117323,-0.113802],[-0.0772411,-0.278955,-0.957193],[-0.144046,0.95311,-0.266142]],[[0.986552,0.117323,-0.113802],[0.0134389,-0.75212,-0.658889],[-0.162895,0.648499,-0.743582]]],"btipPosition":[39.9721,257.227,7.38413],"carpPosition":[42.8889,309.126,86.9346],"dipPosition":[36.9119,269.41,-6.585],"direction":[0.144046,-0.95311,0.266142],"extended":false,"handId":437,"id":4372,"length":66.986,"mcpPosition":[32.9458,329.492,20.973],"pipPosition":[32.817,296.505,-14.1508],"stabilizedTipPosition":[39.3033,238.444,83.9463],"timeVisible":0.731963,"tipPosition":[39.3321,259.802,4.4642],"tipVelocity":[24.7177,24.9432,-154.395],"tool":false,"touchDistance":0.333333,"touchZone":"none","type":2,"width":18.9914},{"bases":[[[0.999987,0.000821647,0.00511675],[-0.00244473,0.945376,0.325974],[-0.00456941,-0.325982,0.945365]],[[0.999139,0.0158124,-0.0383653],[-0.0384277,0.701491,-0.711641],[0.0156601,0.712503,0.701495]],[[0.999139,0.0158124,-0.0383653],[-0.0312757,-0.320671,-0.946674],[-0.0272719,0.947059,-0.319901]],[[0.999139,0.0158124,-0.0383653],[-0.0119992,-0.77496,-0.631896],[-0.0397234,0.631812,-0.774103]]],"btipPosition":[55.8448,262.209,17.8425],"carpPosition":[54.7609,311.649,85.0569],"dipPosition":[55.1028,274.01,3.38358],"direction":[0.0272719,-0.947058,0.319901],"extended":false,"handId":437,"id":4373,"length":64.4088,"mcpPosition":[55.0471,332.062,25.8573],"pipPosition":[54.3476,300.238,-5.47559],"stabilizedTipPosition":[57.4826,228.955,114.437],"timeVisible":0.731963,"tipPosition":[55.6682,264.906,14.4844],"tipVelocity":[30.4267,12.28,-94.3095],"tool":false,"touchDistance":0.333333,"touchZone":"none","type":3,"width":18.0715},{"bases":[[[0.979303,-0.193128,0.0605669],[0.152725,0.901456,0.405033],[-0.132821,-0.3874,0.912294]],[[0.977368,-0.198477,0.0732029],[0.192384,0.690015,-0.697759],[0.0879783,0.696051,0.712582]],[[0.977368,-0.198477,0.0732029],[0.00646323,-0.317859,-0.948116],[0.211448,0.927131,-0.309383]],[[0.977368,-0.198477,0.0732029],[-0.10398,-0.752071,-0.650829],[0.184228,0.628488,-0.755687]]],"btipPosition":[65.3941,275.965,24.2728],"carpPosition":[68.1136,307.071,83.2739],"dipPosition":[68.5687,286.795,11.2512],"direction":[-0.211448,-0.927131,0.309383],"extended":false,"handId":437,"id":4374,"length":50.4953,"mcpPosition":[75.813,329.527,30.3905],"pipPosition":[72.7031,304.923,5.20187],"stabilizedTipPosition":[69.16,243.088,120.899],"timeVisible":0.731963,"tipPosition":[66.1384,278.32,21.3113],"tipVelocity":[29.6892,19.079,-125.544],"tool":false,"touchDistance":0.333333,"touchZone":"none","type":4,"width":16.0525}],"r":[[0.999127,0.0411484,0.00725772],[-0.0412654,0.999007,0.0167721],[-0.00656037,-0.017057,0.999833]],"s":0.748699,"t":[-17.1232,114.425,-187.834],"timestamp":521579953329},false],[5,{"currentFrameRate":107.08,"devices":[],"gestures":[],"hands":[{"armBasis":[[0.86516,0.394942,-0.309063],[-0.191999,0.830177,0.523394],[0.463287,-0.39348,0.794065]],"armWidth":63.7005,"confidence":0.860101,"direction":[-0.145282,0.433471,-0.88938],"elbow":[179.986,191.521,304.067],"grabStrength":0,"id":437,"palmNormal":[0.203911,-0.8665,-0.455629],"palmPosition":[40.597,315.5,40.0413],"palmVelocity":[21.4116,2.81998,-117.202],"palmWidth":90.9622,"pinchStrength":0.820823,"r":[[0.999075,0.0421544,0.00846211],[-0.0422946,0.998958,0.0171315],[-0.00773113,-0.0174735,0.999817]],"s":0.749227,"sphereCenter":[51.0401,284.459,0.686098],"sphereRadius":49.1275,"stabilizedPalmPosition":[44.178,286.118,134.813],"t":[-16.9285,114.385,-188.947],"timeVisible":0.740966,"type":"right","wrist":[54.9369,297.728,89.7351]}],"id":4122795,"interactionBox":{"center":[0,200,0],"size":[235.247,235.247,147.751]},"pointables":[{"bases":[[[0.178848,0.959219,0.218891],[-0.813654,0.0191165,0.581035],[0.553155,-0.282018,0.783891]],[[-0.0648013,0.990248,-0.123325],[-0.797852,0.0228142,0.602422],[0.599361,0.137433,0.788593]],[[-0.0648013,0.990248,-0.123325],[-0.98823,-0.0465205,0.145728],[0.138569,0.131317,0.981608]],[[-0.0648013,0.990248,-0.123325],[-0.605076,-0.137265,-0.784245],[-0.793526,0.0238007,0.608071]]],"btipPosition":[13.9768,267.944,1.88934],"carpPosition":[30.0438,279.835,88.927],"dipPosition":[-4.58888,268.501,16.116],"direction":[-0.138569,-0.131317,-0.981608],"extended":false,"handId":437,"id":4370,"length":52.1005,"mcpPosition":[30.0438,279.835,88.927],"pipPosition":[0.134283,272.977,49.5743],"stabilizedTipPosition":[3.9509,242.196,95.8922],"timeVisible":0.740966,"tipPosition":[9.53185,268.148,4.68545],"tipVelocity":[26.0709,2.7718,-122.972],"tool":false,"touchDistance":-0.455546,"touchZone":"touching","type":0,"width":20.2438},{"bases":[[[0.930012,0.316816,-0.186294],[-0.247014,0.914136,0.321464],[0.272142,-0.252948,0.928416]],[[0.967322,0.252201,0.026119],[-0.2521,0.945679,0.205272],[0.0270697,-0.205149,0.978356]],[[0.967322,0.252201,0.026119],[-0.253499,0.964039,0.0797977],[-0.00505468,-0.0838112,0.996469]],[[0.967322,0.252201,0.026119],[-0.251797,0.967616,-0.0177962],[-0.0297614,0.010638,0.9995]]],"btipPosition":[11.7624,332.664,-63.4344],"carpPosition":[32.3098,303.405,88.0171],"dipPosition":[11.2541,332.845,-46.3626],"direction":[0.00505468,0.0838112,-0.996469],"extended":true,"handId":437,"id":4371,"length":58.7895,"mcpPosition":[12.2945,322.009,19.7348],"pipPosition":[11.1319,330.82,-22.2849],"stabilizedTipPosition":[3.15568,298.056,45.4252],"timeVisible":0.740966,"tipPosition":[11.6631,331.643,-59.5522],"tipVelocity":[32.8764,9.10309,-119.679],"tool":false,"touchDistance":-0.468171,"touchZone":"touching","type":1,"width":19.3369},{"bases":[[[0.986621,0.119218,-0.111202],[-0.0801935,0.948762,0.305646],[0.141943,-0.292639,0.945629]],[[0.986445,0.119579,-0.112372],[-0.164093,0.719677,-0.674639],[0.000198507,0.683934,0.729544]],[[0.986445,0.119579,-0.112372],[-0.0752894,-0.278645,-0.957438],[-0.145802,0.95292,-0.265865]],[[0.986445,0.119579,-0.112372],[0.0160614,-0.751876,-0.659108],[-0.163306,0.648369,-0.743605]]],"btipPosition":[40.3572,257.153,6.16833],"carpPosition":[43.0541,308.968,85.7489],"dipPosition":[37.2893,269.333,-7.80123],"direction":[0.145802,-0.95292,0.265865],"extended":false,"handId":437,"id":4372,"length":66.986,"mcpPosition":[33.154,329.379,19.7944],"pipPosition":[33.1445,296.423,-15.3592],"stabilizedTipPosition":[39.3033,238.444,83.9448],"timeVisible":0.740966,"tipPosition":[39.7136,259.728,3.23333],"tipVelocity":[29.6214,15.8058,-149.083],"tool":false,"touchDistance":0.333333,"touchZone":"none","type":2,"width":18.9914},{"bases":[[[0.999975,0.00299073,0.00644448],[-0.00493325,0.945043,0.326909],[-0.00511262,-0.326932,0.945034]],[[0.999147,0.0180607,-0.0371329],[-0.0392144,0.696694,-0.716296],[0.0129335,0.717141,0.696808]],[[0.999147,0.0180607,-0.0371329],[-0.0291101,-0.329703,-0.943636],[-0.0292856,0.943912,-0.328896]],[[0.999147,0.0180607,-0.0371329],[-0.00912406,-0.780481,-0.625113],[-0.0402715,0.624919,-0.77965]]],"btipPosition":[56.2287,262.147,17.2579],"carpPosition":[54.923,311.519,83.8895],"dipPosition":[55.4765,273.82,2.69534],"direction":[0.0292856,-0.943912,0.328896],"extended":false,"handId":437,"id":4373,"length":64.4088,"mcpPosition":[55.2432,331.992,24.7106],"pipPosition":[54.6655,299.96,-6.41296],"stabilizedTipPosition":[57.4826,228.956,114.434],"timeVisible":0.740966,"tipPosition":[56.0421,264.837,13.6681],"tipVelocity":[33.7107,6.11724,-86.9693],"tool":false,"touchDistance":0.333333,"touchZone":"none","type":3,"width":18.0715},{"bases":[[[0.979639,-0.191058,0.0616746],[0.150227,0.901382,0.40613],[-0.133187,-0.388596,0.911732]],[[0.977874,-0.195965,0.0732189],[0.190619,0.690484,-0.697779],[0.086184,0.696297,0.712561]],[[0.977874,-0.195965,0.0732189],[0.00704378,-0.318958,-0.947743],[0.209078,0.927288,-0.31052]],[[0.977874,-0.195965,0.0732189],[-0.102294,-0.753224,-0.649761],[0.182481,0.627894,-0.756604]]],"btipPosition":[65.7296,275.934,23.1899],"carpPosition":[68.288,306.972,82.1196],"dipPosition":[68.874,286.753,10.1525],"direction":[-0.209078,-0.927288,0.31052],"extended":false,"handId":437,"id":4374,"length":50.4953,"mcpPosition":[76.0085,329.497,29.2688],"pipPosition":[72.9621,304.885,4.08092],"stabilizedTipPosition":[69.1599,243.089,120.897],"timeVisible":0.740966,"tipPosition":[66.4637,278.29,20.1853],"tipVelocity":[31.5573,12.8084,-124.21],"tool":false,"touchDistance":0.333333,"touchZone":"none","type":4,"width":16.0525}],"r":[[0.999075,0.0421544,0.00846211],[-0.0422946,0.998958,0.0171315],[-0.00773113,-0.0174735,0.999817]],"s":0.749227,"t":[-16.9285,114.385,-188.947],"timestamp":521579962332},false],[6,{"currentFrameRate":107.182,"devices":[],"gestures":[],"hands":[{"armBasis":[[0.870905,0.389444,-0.299762],[-0.196134,0.834702,0.514592],[0.450617,-0.389367,0.803329]],"armWidth":63.7005,"confidence":0.863224,"direction":[-0.143934,0.433924,-0.889378],"elbow":[176.691,192.46,304.573],"grabStrength":0,"id":437,"palmNormal":[0.206279,-0.865838,-0.455822],"palmPosition":[40.8071,315.344,38.0278],"palmVelocity":[21.8479,-2.70408,-145.861],"palmWidth":90.9622,"pinchStrength":0.820005,"r":[[0.999015,0.0432651,0.00988546],[-0.0434339,0.998902,0.0175504],[-0.00911529,-0.0179624,0.999797]],"s":0.75098,"sphereCenter":[51.2999,284.416,-1.27512],"sphereRadius":49.1288,"stabilizedPalmPosition":[44.178,286.118,134.812],"t":[-16.7261,114.288,-190.511],"timeVisible":0.750111,"type":"right","wrist":[55.0617,297.557,87.7405]}],"id":4122796,"interactionBox":{"center":[0,200,0],"size":[235.247,235.247,147.751]},"pointables":[{"bases":[[[0.176872,0.959326,0.220024],[-0.814998,0.0174208,0.579202],[0.551811,-0.281764,0.78493]],[[-0.0665985,0.990108,-0.123491],[-0.799133,0.0211793,0.600781],[0.597454,0.138697,0.789818]],[[-0.0665985,0.990108,-0.123491],[-0.988258,-0.0483985,0.144924],[0.137514,0.131692,0.981706]],[[-0.0665985,0.990108,-0.123491],[-0.603508,-0.138532,-0.78523],[-0.794571,0.0222325,0.606765]]],"btipPosition":[14.2868,267.695,-0.209176],"carpPosition":[30.1982,279.626,86.8624],"dipPosition":[-4.30337,268.216,13.987],"direction":[-0.137514,-0.131692,-0.981706],"extended":false,"handId":437,"id":4370,"length":52.1005,"mcpPosition":[30.1982,279.626,86.8624],"pipPosition":[0.383804,272.704,47.4486],"stabilizedTipPosition":[3.95103,242.196,95.8903],"timeVisible":0.750111,"tipPosition":[9.86748,267.918,2.59674],"tipVelocity":[28.0769,-5.81569,-152.827],"tool":false,"touchDistance":-0.469908,"touchZone":"touching","type":0,"width":20.2438},{"bases":[[[0.929943,0.318389,-0.183944],[-0.249151,0.91351,0.321596],[0.270427,-0.253236,0.928838]],[[0.966876,0.253639,0.0285952],[-0.253978,0.944865,0.206698],[0.0254083,-0.207114,0.977987]],[[0.966876,0.253639,0.0285952],[-0.255151,0.963485,0.0812054],[-0.00695416,-0.0858116,0.996287]],[[0.966876,0.253639,0.0285952],[-0.253253,0.96726,-0.0164664],[-0.0318355,0.00867911,0.999455]]],"btipPosition":[12.1613,332.646,-65.4861],"carpPosition":[32.4299,303.2,85.9755],"dipPosition":[11.6176,332.794,-48.415],"direction":[0.00695416,0.0858116,-0.996287],"extended":true,"handId":437,"id":4371,"length":58.7895,"mcpPosition":[12.5408,321.825,17.6621],"pipPosition":[11.4495,330.721,-24.3417],"stabilizedTipPosition":[3.15648,298.06,45.4156],"timeVisible":0.750111,"tipPosition":[12.0618,331.629,-61.6075],"tipVelocity":[35.6192,5.79864,-148.816],"tool":false,"touchDistance":-0.480465,"touchZone":"touching","type":1,"width":19.3369},{"bases":[[[0.986686,0.120821,-0.108874],[-0.0823485,0.948404,0.306183],[0.14025,-0.293141,0.945726]],[[0.986512,0.121182,-0.110039],[-0.163668,0.719857,-0.674551],[-0.00253167,0.683463,0.729981]],[[0.986512,0.121182,-0.110039],[-0.0725927,-0.27863,-0.957651],[-0.14671,0.952723,-0.266075]],[[0.986512,0.121182,-0.110039],[0.0188565,-0.751906,-0.659001],[-0.162598,0.648037,-0.744049]]],"btipPosition":[40.7359,257.036,4.1418],"carpPosition":[43.1707,308.781,83.7359],"dipPosition":[37.6813,269.21,-9.8361],"direction":[0.14671,-0.952723,0.266075],"extended":false,"handId":437,"id":4372,"length":66.986,"mcpPosition":[33.3887,329.227,17.7746],"pipPosition":[33.5107,296.294,-17.4],"stabilizedTipPosition":[39.3033,238.444,83.9434],"timeVisible":0.750111,"tipPosition":[40.0928,259.611,1.18638],"tipVelocity":[32.9974,7.79569,-169.324],"tool":false,"touchDistance":0.333333,"touchZone":"none","type":2,"width":18.9914},{"bases":[[[0.999952,0.00452556,0.0087146],[-0.00713105,0.944785,0.327614],[-0.00675078,-0.32766,0.944772]],[[0.999176,0.019819,-0.035406],[-0.0394095,0.681708,-0.730562],[0.00965756,0.731356,0.681927]],[[0.999176,0.019819,-0.035406],[-0.0260184,-0.356631,-0.933883],[-0.0311355,0.934035,-0.355822]],[[0.999176,0.019819,-0.035406],[-0.00561101,-0.796721,-0.604321],[-0.0401857,0.604022,-0.795954]]],"btipPosition":[56.6441,262.055,17.005],"carpPosition":[55.0399,311.352,81.9053],"dipPosition":[55.8935,273.337,2.13795],"direction":[0.0311355,-0.934035,0.355822],"extended":false,"handId":437,"id":4373,"length":64.4088,"mcpPosition":[55.4626,331.87,22.7429],"pipPosition":[55.0312,299.203,-7.71603],"stabilizedTipPosition":[57.4825,228.958,114.429],"timeVisible":0.750111,"tipPosition":[56.4395,264.716,12.8385],"tipVelocity":[36.981,-1.13475,-72.5912],"tool":false,"touchDistance":0.333333,"touchZone":"none","type":3,"width":18.0715},{"bases":[[[0.97979,-0.189596,0.0637512],[0.147917,0.901303,0.407153],[-0.134654,-0.389495,0.911132]],[[0.978325,-0.193669,0.0732984],[0.188794,0.688792,-0.699945],[0.0850701,0.698612,0.710426]],[[0.978325,-0.193669,0.0732984],[0.00681173,-0.32368,-0.946142],[0.206963,0.926134,-0.315345]],[[0.978325,-0.193669,0.0732984],[-0.101356,-0.756523,-0.646065],[0.180574,0.624632,-0.759755]]],"btipPosition":[66.056,275.838,21.4915],"carpPosition":[68.4158,306.826,80.1623],"dipPosition":[69.1676,286.601,8.39977],"direction":[-0.206963,-0.926134,0.315345],"extended":false,"handId":437,"id":4374,"length":50.4953,"mcpPosition":[76.2214,329.405,27.3463],"pipPosition":[73.2143,304.71,2.23389],"stabilizedTipPosition":[69.1599,243.089,120.895],"timeVisible":0.750111,"tipPosition":[66.7822,278.197,18.374],"tipVelocity":[32.4789,5.92668,-141.71],"tool":false,"touchDistance":0.333333,"t