{"sensorType":"Leap","data":[[0,{"currentFrameRate":110.365,"devices":[],"gestures":[],"hands":[{"armBasis":[[-0.725544,-0.686791,0.0436218],[-0.518012,0.586772,0.622385],[0.453044,-0.428971,0.781495]],"armWidth":63.7005,"confidence":0.570576,"direction":[-0.552623,0.0866275,-0.828917],"elbow":[163.24,205.417,310.376],"grabStrength":0,"id":431,"palmNormal":[0.62693,-0.612127,-0.481933],"palmPosition":[18.0151,329.226,50.4439],"palmVelocity":[15.9399,-13.0096,-161.203],"palmWidth":90.9622,"pinchStrength":1,"r":[[0.983018,0.143525,0.114349],[-0.149289,0.987836,0.0435051],[-0.106714,-0.0598374,0.992488]],"s":1.14389,"sphereCenter":[45.0856,306.585,9.4634],"sphereRadius":50.6389,"stabilizedPalmPosition":[53.8671,316.419,155.525],"t":[-125.466,111.486,-123.708],"timeVisible":1.08458,"type":"left","wrist":[40.9553,321.203,99.437]}],"id":4120421,"interactionBox":{"center":[0,200,0],"size":[235.247,235.247,147.751]},"pointables":[{"bases":[[[-0.889555,0.248123,0.383572],[0.377251,0.872512,0.31049],[0.257632,-0.420901,0.869752]],[[-0.917564,0.397581,-0.00239038],[0.396352,0.914221,-0.0842938],[0.0313283,0.0782924,0.996438]],[[-0.917564,0.397581,-0.00239038],[0.277185,0.635372,-0.720743],[0.285035,0.661991,0.693198]],[[-0.917564,0.397581,-0.00239038],[0.0779465,0.173988,-0.981658],[0.389873,0.90092,0.190635]]],"btipPosition":[44.8646,289.149,11.1639],"carpPosition":[65.265,336.699,88.9765],"dipPosition":[53.9862,310.228,15.6241],"direction":[-0.285035,-0.661991,-0.693198],"extended":false,"handId":431,"id":4310,"length":52.1005,"mcpPosition":[65.265,336.699,88.9765],"pipPosition":[63.7017,332.792,39.2519],"stabilizedTipPosition":[71.779,283.434,92.7805],"timeVisible":1.08458,"tipPosition":[46.9971,294.29,11.7906],"tipVelocity":[27.5514,-26.6189,-130.426],"tool":false,"touchDistance":-0.463526,"touchZone":"touching","type":0,"width":20.2438},{"bases":[[[-0.634142,-0.760297,0.140758],[-0.687129,0.637599,0.348312],[0.354568,-0.124161,0.92675]],[[-0.613641,-0.765983,0.191611],[-0.761414,0.638302,0.113221],[0.209031,0.0764184,0.974919]],[[-0.613641,-0.765983,0.191611],[-0.784166,0.619596,-0.0344218],[0.0923548,0.171377,0.980867]],[[-0.613641,-0.765983,0.191611],[-0.78957,0.596793,-0.142886],[0.00490355,0.238971,0.971014]]],"btipPosition":[5.30046,340.88,-58.4983],"carpPosition":[42.6709,343.253,91.8195],"dipPosition":[5.38422,344.962,-41.9131],"direction":[-0.0923548,-0.171377,-0.980867],"extended":true,"handId":431,"id":4311,"length":58.7895,"mcpPosition":[16.5935,352.385,23.6597],"pipPosition":[7.61579,349.103,-18.2123],"stabilizedTipPosition":[39.1698,317.717,46.9909],"timeVisible":1.08458,"tipPosition":[5.99402,340.65,-54.5158],"tipVelocity":[26.6663,23.7811,-165.586],"tool":false,"touchDistance":-0.513851,"touchZone":"touching","type":1,"width":19.3369},{"bases":[[[-0.453916,-0.867562,0.203216],[-0.776494,0.497002,0.387356],[0.437055,-0.0180311,0.899254]],[[-0.459021,-0.86729,0.192634],[-0.702112,0.221272,-0.676814],[-0.544369,0.445922,0.710503]],[[-0.459021,-0.86729,0.192634],[0.441299,-0.410767,-0.797826],[-0.771074,0.281209,-0.571285]],[[-0.459021,-0.86729,0.192634],[0.837607,-0.49475,-0.231596],[-0.296167,-0.0550444,-0.953549]]],"btipPosition":[56.8022,307.964,30.7784],"carpPosition":[33.5708,335.153,93.5805],"dipPosition":[51.2384,306.93,12.8648],"direction":[0.771074,-0.281209,0.571285],"extended":false,"handId":431,"id":4312,"length":66.986,"mcpPosition":[3.08768,336.411,30.8605],"pipPosition":[29.3185,314.924,-3.37556],"stabilizedTipPosition":[80.7492,294.458,83.8554],"timeVisible":1.08458,"tipPosition":[56.4776,307.263,26.8374],"tipVelocity":[1.28542,4.34757,-178.438],"tool":false,"touchDistance":0.333333,"touchZone":"none","type":2,"width":18.9914},{"bases":[[[-0.324817,-0.89574,0.303551],[-0.792612,0.432921,0.429354],[0.516004,0.101137,0.850595]],[[-0.341913,-0.898625,0.274898],[-0.908702,0.24161,-0.340419],[-0.239491,0.366194,0.899192]],[[-0.341913,-0.898625,0.274898],[-0.824328,0.146353,-0.546867],[-0.451197,0.413587,0.790802]],[[-0.341913,-0.898625,0.274898],[-0.752061,0.086259,-0.653425],[-0.563471,0.430155,0.705314]]],"btipPosition":[28.3705,282.835,-32.8272],"carpPosition":[26.9661,325.013,95.6752],"dipPosition":[17.8458,290.869,-19.6531],"direction":[0.451197,-0.413587,-0.790802],"extended":false,"handId":431,"id":4313,"length":64.4088,"mcpPosition":[-5.3465,318.68,42.4102],"pipPosition":[5.3506,302.323,2.24694],"stabilizedTipPosition":[57.6152,274.058,59.2676],"timeVisible":1.08458,"tipPosition":[26.7921,284.585,-29.3327],"tipVelocity":[45.1725,-3.35244,-165.4],"tool":false,"touchDistance":-0.506613,"touchZone":"touching","type":3,"width":18.0715},{"bases":[[[-0.127454,-0.93715,0.324816],[-0.784762,0.295553,0.544791],[0.606551,0.185467,0.773109]],[[-0.102524,-0.928774,0.356184],[-0.988825,0.0561986,-0.138081],[-0.108229,0.36636,0.924157]],[[-0.102524,-0.928774,0.356184],[-0.936115,-0.0310147,-0.350324],[-0.336419,0.369345,0.86626]],[[-0.102524,-0.928774,0.356184],[-0.879306,-0.0827996,-0.469005],[-0.465092,0.361279,0.808188]]],"btipPosition":[9.6767,273.75,-10.9605],"carpPosition":[26.419,310.899,97.3864],"dipPosition":[1.66246,279.976,2.96586],"direction":[0.336419,-0.369345,-0.86626],"extended":false,"handId":431,"id":4314,"length":50.4953,"mcpPosition":[-8.74121,300.148,52.5712],"pipPosition":[-4.91548,287.198,19.9037],"stabilizedTipPosition":[42.3467,261.251,87.4931],"timeVisible":1.08458,"tipPosition":[8.54296,274.932,-7.38891],"tipVelocity":[34.0747,0.411256,-176.956],"tool":false,"touchDistance":-0.510079,"touchZone":"touching","type":4,"width":16.0525}],"r":[[0.983018,0.143525,0.114349],[-0.149289,0.987836,0.0435051],[-0.106714,-0.0598374,0.992488]],"s":1.14389,"t":[-125.466,111.486,-123.708],"timestamp":521554014646},false],[1,{"currentFrameRate":110.368,"devices":[],"gestures":[],"hands":[{"armBasis":[[-0.721786,-0.690795,0.0427421],[-0.524038,0.585801,0.618241],[0.452116,-0.423839,0.784826]],"armWidth":63.7005,"confidence":0.586586,"direction":[-0.551253,0.0860075,-0.829894],"elbow":[163.166,206.396,309.994],"grabStrength":0,"id":431,"palmNormal":[0.629434,-0.610036,-0.481321],"palmPosition":[18.265,328.809,49.1267],"palmVelocity":[19.1586,-22.1408,-156.862],"palmWidth":90.9622,"pinchStrength":1,"r":[[0.982571,0.144456,0.116987],[-0.150408,0.987657,0.0437086],[-0.109229,-0.0605426,0.992171]],"s":1.14428,"sphereCenter":[45.535,306.432,8.09595],"sphereRadius":50.6951,"stabilizedPalmPosition":[53.8664,316.419,155.523],"t":[-125.274,111.083,-125.163],"timeVisible":1.09363,"type":"left","wrist":[41.1318,320.798,98.1561]}],"id":4120422,"interactionBox":{"center":[0,200,0],"size":[235.247,235.247,147.751]},"pointables":[{"bases":[[[-0.890928,0.24545,0.382102],[0.374398,0.873181,0.31206],[0.257049,-0.421082,0.869837]],[[-0.918594,0.395186,-0.0036829],[0.394118,0.915342,-0.0825874],[0.0292662,0.0773157,0.996577]],[[-0.918594,0.395186,-0.0036829],[0.276881,0.636893,-0.719517],[0.281997,0.661963,0.694466]],[[-0.918594,0.395186,-0.0036829],[0.0793745,0.175358,-0.9813],[0.38715,0.901708,0.19245]]],"btipPosition":[45.2911,288.848,9.85218],"carpPosition":[65.4214,336.366,87.7574],"dipPosition":[54.349,309.944,14.3548],"direction":[-0.281997,-0.661963,-0.694466],"extended":false,"handId":431,"id":4310,"length":52.1005,"mcpPosition":[65.4214,336.366,87.7574],"pipPosition":[63.961,332.507,38.0258],"stabilizedTipPosition":[71.7762,283.435,92.7712],"timeVisible":1.09363,"tipPosition":[47.4095,293.987,10.4964],"tipVelocity":[32.5028,-28.3376,-134.118],"tool":false,"touchDistance":-0.465037,"touchZone":"touching","type":0,"width":20.2438},{"bases":[[[-0.632443,-0.762069,0.138802],[-0.689442,0.635482,0.347609],[0.353108,-0.124147,0.927309]],[[-0.612411,-0.76767,0.188772],[-0.762481,0.636641,0.115371],[0.208747,0.0732811,0.97522]],[[-0.612411,-0.76767,0.188772],[-0.785124,0.618524,-0.031764],[0.092376,0.167662,0.981507]],[[-0.612411,-0.76767,0.188772],[-0.790523,0.59621,-0.140024],[0.00505571,0.234981,0.971987]]],"btipPosition":[5.55101,340.778,-59.8407],"carpPosition":[42.805,342.859,90.5633],"dipPosition":[5.63736,344.791,-43.2388],"direction":[-0.092376,-0.167662,-0.981507],"extended":true,"handId":431,"id":4311,"length":58.7895,"mcpPosition":[16.835,351.99,22.3624],"pipPosition":[7.86944,348.843,-19.5226],"stabilizedTipPosition":[39.1606,317.723,46.9625],"timeVisible":1.09363,"tipPosition":[6.25691,340.543,-55.8619],"tipVelocity":[26.9621,13.6202,-160.688],"tool":false,"touchDistance":-0.510877,"touchZone":"touching","type":1,"width":19.3369},{"bases":[[[-0.452061,-0.868929,0.201502],[-0.778519,0.494617,0.386345],[0.435373,-0.0177784,0.900075]],[[-0.457131,-0.868661,0.190942],[-0.705111,0.223112,-0.673082],[-0.542079,0.442322,0.714494]],[[-0.457131,-0.868661,0.190942],[0.441505,-0.408,-0.799131],[-0.772078,0.281005,-0.570028]],[[-0.457131,-0.868661,0.190942],[0.839716,-0.492281,-0.229207],[-0.293101,-0.0555596,-0.954466]]],"btipPosition":[56.9318,307.716,29.2288],"carpPosition":[33.7225,334.734,92.299],"dipPosition":[51.4255,306.672,11.2979],"direction":[0.772078,-0.281005,0.570028],"extended":false,"handId":431,"id":4312,"length":66.986,"mcpPosition":[3.35668,335.974,29.5217],"pipPosition":[29.4771,314.66,-4.90664],"stabilizedTipPosition":[80.7438,294.461,83.8427],"timeVisible":1.09363,"tipPosition":[56.6086,307.041,25.3763],"tipVelocity":[5.28421,-4.47658,-176.548],"tool":false,"touchDistance":0.333333,"touchZone":"none","type":2,"width":18.9914},{"bases":[[[-0.323082,-0.896872,0.302058],[-0.794552,0.430453,0.42825],[0.514107,0.101641,0.851683]],[[-0.34005,-0.899763,0.273482],[-0.908816,0.239679,-0.34148],[-0.241703,0.364665,0.899221]],[[-0.34005,-0.899763,0.273482],[-0.823834,0.144781,-0.54803],[-0.453502,0.411661,0.790488]],[[-0.34005,-0.899763,0.273482],[-0.751176,0.084924,-0.654617],[-0.565775,0.428035,0.704759]]],"btipPosition":[28.8689,282.526,-34.1817],"carpPosition":[27.14,324.575,94.3711],"dipPosition":[18.3012,290.521,-21.018],"direction":[0.453502,-0.411661,-0.790488],"extended":false,"handId":431,"id":4313,"length":64.4088,"mcpPosition":[-5.05378,318.21,41.038],"pipPosition":[5.74211,301.922,0.873397],"stabilizedTipPosition":[57.6139,274.059,59.2638],"timeVisible":1.09363,"tipPosition":[27.2698,284.271,-30.6955],"tipVelocity":[47.5956,-12.1115,-161.113],"tool":false,"touchDistance":-0.504638,"touchZone":"touching","type":3,"width":18.0715},{"bases":[[[-0.125654,-0.937792,0.323661],[-0.786567,0.292994,0.543568],[0.604585,0.18628,0.774453]],[[-0.102128,-0.929868,0.353434],[-0.98881,0.0560538,-0.13825],[-0.108743,0.363598,0.925187]],[[-0.102128,-0.929868,0.353434],[-0.935922,-0.0305722,-0.350877],[-0.337075,0.366621,0.867162]],[[-0.102128,-0.929868,0.353434],[-0.878907,-0.0820663,-0.46988],[-0.465932,0.358623,0.808886]]],"btipPosition":[10.0433,273.459,-12.4233],"carpPosition":[26.6262,310.457,96.0675],"dipPosition":[2.0146,279.638,1.51508],"direction":[0.337075,-0.366621,-0.867162],"extended":false,"handId":431,"id":4314,"length":50.4953,"mcpPosition":[-8.42007,299.659,51.1744],"pipPosition":[-4.57616,286.807,18.4705],"stabilizedTipPosition":[42.3448,261.252,87.4877],"timeVisible":1.09363,"tipPosition":[8.91475,274.617,-8.84332],"tipVelocity":[35.7445,-8.91688,-172.624],"tool":false,"touchDistance":-0.509305,"touchZone":"touching","type":4,"width":16.0525}],"r":[[0.982571,0.144456,0.116987],[-0.150408,0.987657,0.0437086],[-0.109229,-0.0605426,0.992171]],"s":1.14428,"t":[-125.274,111.083,-125.163],"timestamp":521554023700},false],[2,{"currentFrameRate":110.351,"devices":[],"gestures":[],"hands":[{"armBasis":[[-0.720536,-0.692275,0.0397748],[-0.531146,0.587885,0.610144],[0.445771,-0.418505,0.791291]],"armWidth":63.7005,"confidence":0.601674,"direction":[-0.54894,0.0845159,-0.831578],"elbow":[161.487,207.879,309.617],"grabStrength":0,"id":431,"palmNormal":[0.631111,-0.610407,-0.478646],"palmPosition":[18.4342,328.768,46.9276],"palmVelocity":[19.0058,-17.2347,-180.408],"palmWidth":90.9622,"pinchStrength":1,"r":[[0.982126,0.145335,0.119612],[-0.15143,0.987511,0.0434965],[-0.111797,-0.0608318,0.991867]],"s":1.14434,"sphereCenter":[45.8849,306.462,5.94257],"sphereRadius":50.735,"stabilizedPalmPosition":[53.8659,316.419,155.521],"t":[-125.094,110.861,-126.99],"timeVisible":1.10272,"type":"left","wrist":[41.1659,320.84,96.0331]}],"id":4120423,"interactionBox":{"center":[0,200,0],"size":[235.247,235.247,147.751]},"pointables":[{"bases":[[[-0.892134,0.245542,0.379217],[0.373061,0.873827,0.311851],[0.254797,-0.419684,0.871174]],[[-0.918811,0.394641,-0.00665294],[0.393797,0.915448,-0.0829411],[0.0266415,0.0788272,0.996532]],[[-0.918811,0.394641,-0.00665294],[0.278446,0.636153,-0.719568],[0.279738,0.662999,0.694391]],[[-0.918811,0.394641,-0.00665294],[0.0822371,0.174926,-0.981141],[0.386034,0.902031,0.193178]]],"btipPosition":[45.5807,288.77,7.76333],"carpPosition":[65.4769,336.406,85.6807],"dipPosition":[54.6125,309.874,12.283],"direction":[-0.279738,-0.662999,-0.694391],"extended":false,"handId":431,"id":4310,"length":52.1005,"mcpPosition":[65.4769,336.406,85.6807],"pipPosition":[64.1474,332.472,35.9514],"stabilizedTipPosition":[71.7738,283.436,92.7628],"timeVisible":1.10272,"tipPosition":[47.698,293.902,8.42741],"tipVelocity":[32.1387,-22.8114,-160.484],"tool":false,"touchDistance":-0.478141,"touchZone":"touching","type":0,"width":20.2438},{"bases":[[[-0.632442,-0.762195,0.138115],[-0.690752,0.635629,0.344728],[0.35054,-0.122617,0.928486]],[[-0.612793,-0.767661,0.187567],[-0.762551,0.636704,0.114557],[0.207365,0.0728298,0.975549]],[[-0.612793,-0.767661,0.187567],[-0.784967,0.61869,-0.0324062],[0.0911687,0.167092,0.981717]],[[-0.612793,-0.767661,0.187567],[-0.790234,0.596452,-0.140625],[0.00392229,0.234396,0.972133]]],"btipPosition":[5.89205,340.741,-62.0992],"carpPosition":[42.8493,342.892,88.4131],"dipPosition":[5.95905,344.745,-45.4948],"direction":[-0.0911687,-0.167092,-0.981717],"extended":true,"handId":431,"id":4311,"length":58.7895,"mcpPosition":[17.0682,351.91,20.1256],"pipPosition":[8.16196,348.782,-21.7735],"stabilizedTipPosition":[39.1537,317.728,46.9408],"timeVisible":1.10272,"tipPosition":[6.59402,340.523,-58.1244],"tipVelocity":[29.748,8.6592,-184.964],"tool":false,"touchDistance":-0.521991,"touchZone":"touching","type":1,"width":19.3369},{"bases":[[[-0.452183,-0.86887,0.201482],[-0.779866,0.494774,0.383416],[0.432827,-0.0162451,0.901331]],[[-0.457186,-0.868622,0.190988],[-0.706961,0.224644,-0.670627],[-0.539618,0.441623,0.716786]],[[-0.457186,-0.868622,0.190988],[0.440857,-0.407843,-0.799568],[-0.772416,0.281352,-0.569398]],[[-0.457186,-0.868622,0.190988],[0.840554,-0.492179,-0.22634],[-0.290604,-0.0570568,-0.955141]]],"btipPosition":[56.9971,307.691,26.8613],"carpPosition":[33.7661,334.764,90.1348],"dipPosition":[51.5377,306.619,8.91782],"direction":[0.772416,-0.281352,0.569398],"extended":false,"handId":431,"id":4312,"length":66.986,"mcpPosition":[3.57785,335.898,27.27],"pipPosition":[29.5797,314.618,-7.26886],"stabilizedTipPosition":[80.7402,294.463,83.8338],"timeVisible":1.10272,"tipPosition":[56.6605,307.042,23.0996],"tipVelocity":[6.13783,-4.18002,-199.856],"tool":false,"touchDistance":0.333333,"touchZone":"none","type":2,"width":18.9914},{"bases":[[[-0.323476,-0.8966,0.302444],[-0.795985,0.430663,0.425368],[0.511636,0.103144,0.852989]],[[-0.340301,-0.899532,0.273928],[-0.908102,0.23879,-0.343991],[-0.244019,0.365815,0.898128]],[[-0.340301,-0.899532,0.273928],[-0.822517,0.14358,-0.550319],[-0.455699,0.412585,0.788741]],[[-0.340301,-0.899532,0.273928],[-0.749497,0.0835571,-0.656713],[-0.567846,0.428789,0.702632]]],"btipPosition":[29.2696,282.371,-36.2946],"carpPosition":[27.183,324.605,92.203],"dipPosition":[18.6632,290.38,-23.1706],"direction":[0.455699,-0.412585,-0.788741],"extended":false,"handId":431,"id":4313,"length":64.4088,"mcpPosition":[-4.8561,318.146,38.7881],"pipPosition":[6.04326,301.806,-1.32761],"stabilizedTipPosition":[57.6126,274.059,59.2598],"timeVisible":1.10272,"tipPosition":[27.6504,284.123,-32.8221],"tipVelocity":[46.3481,-13.3837,-181.132],"tool":false,"touchDistance":-0.514338,"touchZone":"touching","type":3,"width":18.0715},{"bases":[[[-0.126089,-0.937386,0.324667],[-0.788257,0.293375,0.540908],[0.602289,0.187718,0.775893]],[[-0.103447,-0.929699,0.353493],[-0.988475,0.0566027,-0.140403],[-0.110524,0.363944,0.92484]],[[-0.103447,-0.929699,0.353493],[-0.935103,-0.0302032,-0.353087],[-0.338941,0.367079,0.86624]],[[-0.103447,-0.929699,0.353493],[-0.877736,-0.0818397,-0.472104],[-0.467845,0.359112,0.807564]]],"btipPosition":[10.3542,273.378,-14.6027],"carpPosition":[26.6716,310.49,93.9185],"dipPosition":[2.29253,279.566,-0.687111],"direction":[0.338941,-0.367079,-0.86624],"extended":false,"handId":431,"id":4314,"length":50.4953,"mcpPosition":[-8.24159,299.608,48.9419],"pipPosition":[-4.33473,286.743,16.2503],"stabilizedTipPosition":[42.3432,261.253,87.4831],"timeVisible":1.10272,"tipPosition":[9.20822,274.532,-11.0284],"tipVelocity":[35.0843,-8.84562,-191.363],"tool":false,"touchDistance":-0.519478,"touchZone":"touching","type":4,"width":16.0525}],"r":[[0.982126,0.145335,0.119612],[-0.15143,0.987511,0.0434965],[-0.111797,-0.0608318,0.991867]],"s":1.14434,"t":[-125.094,110.861,-126.99],"timestamp":521554032792},false],[3,{"currentFrameRate":110.39,"devices":[],"gestures":[],"hands":[{"armBasis":[[-0.721976,-0.690469,0.0447594],[-0.526299,0.590006,0.612293],[0.449178,-0.418504,0.789363]],"armWidth":63.7005,"confidence":0.610288,"direction":[-0.546498,0.0842621,-0.833211],"elbow":[162.53,208.038,307.569],"grabStrength":0,"id":431,"palmNormal":[0.630236,-0.613806,-0.475442],"palmPosition":[18.7119,328.879,45.3215],"palmVelocity":[22.2665,-9.11913,-179.92],"palmWidth":90.9622,"pinchStrength":1,"r":[[0.981801,0.145424,0.122145],[-0.151588,0.987519,0.0427392],[-0.114405,-0.0604771,0.991592]],"s":1.14425,"sphereCenter":[46.2478,306.496,4.40325],"sphereRadius":50.7786,"stabilizedPalmPosition":[53.8654,316.42,155.52],"t":[-124.864,110.806,-128.706],"timeVisible":1.11171,"type":"left","wrist":[41.2894,321,94.506]}],"id":4120424,"interactionBox":{"center":[0,200,0],"size":[235.247,235.247,147.751]},"pointables":[{"bases":[[[-0.892258,0.249586,0.376274],[0.375266,0.873339,0.310572],[0.2511,-0.418313,0.872905]],[[-0.917515,0.397589,-0.00939655],[0.396928,0.914005,-0.083922],[0.024778,0.0807294,0.996428]],[[-0.917515,0.397589,-0.00939655],[0.282497,0.634923,-0.719075],[0.27993,0.662417,0.694869]],[[-0.917515,0.397589,-0.00939655],[0.0861538,0.17564,-0.980677],[0.388257,0.900596,0.195406]]],"btipPosition":[45.8188,288.777,6.19601],"carpPosition":[65.6805,336.455,84.1767],"dipPosition":[54.9026,309.848,10.7678],"direction":[-0.27993,-0.662417,-0.694869],"extended":false,"handId":431,"id":4310,"length":52.1005,"mcpPosition":[65.6805,336.455,84.1767],"pipPosition":[64.4441,332.426,34.4526],"stabilizedTipPosition":[71.7718,283.437,92.7559],"timeVisible":1.11171,"tipPosition":[47.9493,293.854,6.93572],"tipVelocity":[30.9512,-16.5633,-163.914],"tool":false,"touchDistance":-0.48199,"touchZone":"touching","type":0,"width":20.2438},{"bases":[[[-0.63542,-0.759656,0.138433],[-0.689444,0.638888,0.341305],[0.347718,-0.121431,0.929703]],[[-0.616268,-0.764988,0.187101],[-0.760023,0.639959,0.113213],[0.206344,0.0724314,0.975795]],[[-0.616268,-0.764988,0.187101],[-0.782274,0.622042,-0.033329],[0.0908885,0.166904,0.981775]],[[-0.616268,-0.764988,0.187101],[-0.787525,0.599861,-0.141316],[0.00412935,0.234436,0.972123]]],"btipPosition":[6.36587,340.809,-63.7798],"carpPosition":[43.0685,343.026,86.8337],"dipPosition":[6.4364,344.813,-47.1756],"direction":[-0.0908885,-0.166904,-0.981775],"extended":true,"handId":431,"id":4311,"length":58.7895,"mcpPosition":[17.4949,351.957,18.4568],"pipPosition":[8.63254,348.846,-23.4529],"stabilizedTipPosition":[39.1484,317.732,46.9236],"timeVisible":1.11171,"tipPosition":[7.06255,340.599,-59.8063],"tipVelocity":[36.0694,8.34607,-185.502],"tool":false,"touchDistance":-0.523335,"touchZone":"touching","type":1,"width":19.3369},{"bases":[[[-0.455695,-0.866787,0.20254],[-0.779143,0.49844,0.380124],[0.430441,-0.0154127,0.902487]],[[-0.4606,-0.866553,0.192178],[-0.707002,0.227273,-0.669697],[-0.536652,0.444333,0.717337]],[[-0.4606,-0.866553,0.192178],[0.439723,-0.410847,-0.798654],[-0.771032,0.283355,-0.57028]],[[-0.4606,-0.866553,0.192178],[0.839627,-0.495589,-0.222303],[-0.287879,-0.0589652,-0.95585]]],"btipPosition":[57.1168,307.651,25.2105],"carpPosition":[33.9529,334.934,88.5528],"dipPosition":[51.7086,306.543,7.25364],"direction":[0.771032,-0.283355,0.57028],"extended":false,"handId":431,"id":4312,"length":66.986,"mcpPosition":[3.93104,336.009,25.6073],"pipPosition":[29.79,314.598,-8.9581],"stabilizedTipPosition":[80.7377,294.464,83.8276],"timeVisible":1.11171,"tipPosition":[56.7699,307.011,21.4969],"tipVelocity":[8.46695,-4.51382,-195.493],"tool":false,"touchDistance":0.333333,"touchZone":"none","type":2,"width":18.9914},{"bases":[[[-0.327344,-0.894699,0.303906],[-0.79559,0.434493,0.422199],[0.509786,0.10358,0.854043]],[[-0.344051,-0.897639,0.275449],[-0.906507,0.2411,-0.346576],[-0.24469,0.368937,0.896667]],[[-0.344051,-0.897639,0.275449],[-0.820746,0.145014,-0.552581],[-0.456075,0.41619,0.786627]],[[-0.344051,-0.897639,0.275449],[-0.747634,0.0844205,-0.658724],[-0.568043,0.43257,0.700151]]],"btipPosition":[29.5759,282.232,-37.7635],"carpPosition":[27.3295,324.802,90.63],"dipPosition":[18.9659,290.311,-24.6859],"direction":[0.456075,-0.41619,-0.786627],"extended":false,"handId":431,"id":4313,"length":64.4088,"mcpPosition":[-4.59376,318.316,37.1491],"pipPosition":[6.33554,301.837,-2.90142],"stabilizedTipPosition":[57.6113,274.059,59.2559],"timeVisible":1.11171,"tipPosition":[27.9449,284,-34.3061],"tipVelocity":[42.9551,-13.4762,-176.586],"tool":false,"touchDistance":-0.513431,"touchZone":"touching","type":3,"width":18.0715},{"bases":[[[-0.130158,-0.936108,0.326744],[-0.788634,0.297478,0.538111],[0.600928,0.187642,0.776965]],[[-0.108585,-0.928799,0.35432],[-0.987942,0.0612565,-0.14219],[-0.110362,0.365487,0.924251]],[[-0.108585,-0.928799,0.35432],[-0.934528,-0.0261442,-0.354929],[-0.338921,0.369661,0.865149]],[[-0.108585,-0.928799,0.35432],[-0.877048,-0.0782806,-0.473982],[-0.46797,0.362223,0.806101]]],"btipPosition":[10.5225,273.428,-16.1356],"carpPosition":[26.765,310.694,92.3804],"dipPosition":[2.45864,279.669,-2.24524],"direction":[0.338921,-0.369661,-0.865149],"extended":false,"handId":431,"id":4314,"length":50.4953,"mcpPosition":[-8.06932,299.816,47.3417],"pipPosition":[-4.16822,286.897,14.6709],"stabilizedTipPosition":[42.3419,261.253,87.4793],"timeVisible":1.11171,"tipPosition":[9.36893,274.582,-12.5649],"tipVelocity":[30.5784,-4.52933,-185.814],"tool":false,"touchDistance":-0.518944,"touchZone":"touching","type":4,"width":16.0525}],"r":[[0.981801,0.145424,0.122145],[-0.151588,0.987519,0.0427392],[-0.114405,-0.0604771,0.991592]],"s":1.14425,"t":[-124.864,110.806,-128.706],"timestamp":521554041783},false],[4,{"currentFrameRate":110.373,"devices":[],"gestures":[],"hands":[{"armBasis":[[-0.729395,-0.682836,0.0414479],[-0.526717,0.599228,0.602906],[0.436522,-0.417925,0.796735]],"armWidth":63.7005,"confidence":0.629572,"direction":[-0.544394,0.0891803,-0.834075],"elbow":[159.346,208.553,307.339],"grabStrength":0,"id":431,"palmNormal":[0.623591,-0.622023,-0.47352],"palmPosition":[19.1013,329.414,43.0581],"palmVelocity":[27.9621,9.69823,-199.048],"palmWidth":90.9622,"pinchStrength":1,"r":[[0.981843,0.143232,0.124377],[-0.149402,0.987895,0.0417413],[-0.116892,-0.0595655,0.991357]],"s":1.1441,"sphereCenter":[46.4291,306.686,2.18095],"sphereRadius":50.8093,"stabilizedPalmPosition":[53.8651,316.42,155.519],"t":[-124.555,111.046,-130.696],"timeVisible":1.1208,"type":"left","wrist":[41.5211,321.358,92.2861]}],"id":4120425,"interactionBox":{"center":[0,200,0],"size":[235.247,235.247,147.751]},"pointables":[{"bases":[[[-0.889748,0.26073,0.374658],[0.385103,0.869426,0.309507],[0.24504,-0.419665,0.873977]],[[-0.912916,0.408018,-0.0102572],[0.407477,0.909692,-0.0801405],[0.0233679,0.0773412,0.996731]],[[-0.912916,0.408018,-0.0102572],[0.292401,0.636283,-0.713895],[0.284755,0.654725,0.700178]],[[-0.912916,0.408018,-0.0102572],[0.0934392,0.184469,-0.978387],[0.397307,0.894143,0.206529]]],"btipPosition":[45.9379,289.411,3.52428],"carpPosition":[66.1055,336.507,81.9612],"dipPosition":[55.2335,310.331,8.35634],"direction":[-0.284755,-0.654725,-0.700178],"extended":false,"handId":431,"id":4310,"length":52.1005,"mcpPosition":[66.1055,336.507,81.9612],"pipPosition":[64.9394,332.648,32.222],"stabilizedTipPosition":[71.7704,283.437,92.7505],"timeVisible":1.1208,"tipPosition":[48.0636,294.267,4.52313],"tipVelocity":[27.4938,6.2921,-198.09],"tool":false,"touchDistance":-0.501302,"touchZone":"touching","type":0,"width":20.2438},{"bases":[[[-0.644483,-0.751887,0.138953],[-0.682328,0.647557,0.339262],[0.345067,-0.123837,0.930373]],[[-0.626,-0.757234,0.186332],[-0.751766,0.649514,0.11393],[0.207297,0.0687579,0.975859]],[[-0.626,-0.757234,0.186332],[-0.774237,0.632061,-0.0324907],[0.0931703,0.164604,0.981949]],[[-0.626,-0.757234,0.186332],[-0.779789,0.610068,-0.140523],[0.00726678,0.233267,0.972386]]],"btipPosition":[6.91154,341.541,-66.0973],"carpPosition":[43.5689,343.348,84.577],"dipPosition":[7.03566,345.525,-49.4886],"direction":[-0.0931703,-0.164604,-0.981949],"extended":true,"handId":431,"id":4311,"length":58.7895,"mcpPosition":[18.1902,352.456,16.1507],"pipPosition":[9.28693,349.503,-25.7617],"stabilizedTipPosition":[39.1438,317.736,46.9079],"timeVisible":1.1208,"tipPosition":[7.60157,341.319,-62.1247],"tipVelocity":[43.0796,28.2093,-204.701],"tool":false,"touchDistance":-0.534082,"touchZone":"touching","type":1,"width":19.3369},{"bases":[[[-0.466111,-0.861007,0.203487],[-0.77372,0.508243,0.378213],[0.429065,-0.0188475,0.903077]],[[-0.470961,-0.860737,0.193204],[-0.704054,0.234793,-0.670209],[-0.531511,0.451668,0.716584]],[[-0.470961,-0.860737,0.193204],[0.436331,-0.417638,-0.796991],[-0.766689,0.29105,-0.572257]],[[-0.470961,-0.860737,0.193204],[0.834573,-0.505698,-0.218536],[-0.285805,-0.0583207,-0.956512]]],"btipPosition":[57.2063,307.739,23.02],"carpPosition":[34.3565,335.367,86.2985],"dipPosition":[51.8371,306.644,5.05072],"direction":[0.766689,-0.29105,0.572257],"extended":false,"handId":431,"id":4312,"length":66.986,"mcpPosition":[4.43067,336.682,23.3118],"pipPosition":[30.0419,314.918,-11.2172],"stabilizedTipPosition":[80.7361,294.465,83.8233],"timeVisible":1.1208,"tipPosition":[56.8509,307.096,19.2942],"tipVelocity":[9.12043,-0.489322,-208.176],"tool":false,"touchDistance":0.333333,"touchZone":"none","type":2,"width":18.9914},{"bases":[[[-0.338229,-0.890244,0.30507],[-0.790973,0.44457,0.42038],[0.509866,0.0991173,0.854525]],[[-0.354881,-0.893031,0.276686],[-0.903279,0.251182,-0.347842],[-0.241135,0.373367,0.895796]],[[-0.354881,-0.893031,0.276686],[-0.818414,0.153678,-0.553698],[-0.451949,0.422941,0.785407]],[[-0.354881,-0.893031,0.276686],[-0.745858,0.0919957,-0.659722],[-0.563698,0.440491,0.698722]]],"btipPosition":[29.4992,282.494,-39.9392],"carpPosition":[27.6119,325.317,88.3851],"dipPosition":[18.9702,290.721,-26.8883],"direction":[0.451949,-0.422941,-0.785407],"extended":false,"handId":431,"id":4313,"length":64.4088,"mcpPosition":[-4.31637,319.111,34.874],"pipPosition":[6.45418,302.434,-5.13761],"stabilizedTipPosition":[57.6103,274.06,59.2528],"timeVisible":1.1208,"tipPosition":[27.8757,284.289,-36.4934],"tipVelocity":[29.2903,-0.728311,-194.154],"tool":false,"touchDistance":-0.523149,"touchZone":"touching","type":3,"width":18.0715},{"bases":[[[-0.141572,-0.933925,0.328241],[-0.785777,0.307691,0.536545],[0.602089,0.181964,0.777417]],[[-0.120672,-0.927075,0.354922],[-0.986917,0.0735285,-0.143487],[-0.106927,0.367593,0.923819]],[[-0.120672,-0.927075,0.354922],[-0.93426,-0.0147934,-0.356286],[-0.335554,0.374583,0.864344]],[[-0.120672,-0.927075,0.354922],[-0.877185,-0.0678021,-0.475342],[-0.464742,0.368692,0.805034]]],"btipPosition":[10.3267,274.001,-18.333],"carpPosition":[26.8793,311.22,90.1598],"dipPosition":[2.31846,280.354,-4.46098],"direction":[0.335554,-0.374583,-0.864344],"extended":false,"handId":431,"id":4314,"length":50.4953,"mcpPosition":[-8.02226,300.672,45.0949],"pipPosition":[-4.24257,287.678,12.4394],"stabilizedTipPosition":[42.341,261.253,87.4765],"timeVisible":1.1208,"tipPosition":[9.16364,275.165,-14.7696],"tipVelocity":[16.536,14.9628,-201.428],"tool":false,"touchDistance":-0.528407,"touchZone":"touching","type":4,"width":16.0525}],"r":[[0.981843,0.143232,0.124377],[-0.149402,0.987895,0.0417413],[-0.116892,-0.0595655,0.991357]],"s":1.1441,"t":[-124.555,111.046,-130.696],"timestamp":521554050873},false],[5,{"currentFrameRate":110.418,"devices":[],"gestures":[],"hands":[{"armBasis":[[-0.73626,-0.675362,0.0425234],[-0.521192,0.606024,0.600911],[0.431603,-0.420264,0.798184]],"armWidth":63.7005,"confidence":0.646601,"direction":[-0.543714,0.0932011,-0.834079],"elbow":[158.339,207.913,305.841],"grabStrength":0,"id":431,"palmNormal":[0.617002,-0.629307,-0.472527],"palmPosition":[19.4904,329.543,41.1606],"palmVelocity":[32.1777,10.9736,-202.427],"palmWidth":90.9622,"pinchStrength":1,"r":[[0.982166,0.139504,0.12605],[-0.145613,0.988509,0.0405811],[-0.11894,-0.0582118,0.991194]],"s":1.14391,"sphereCenter":[46.5744,306.489,0.293313],"sphereRadius":50.8321,"stabilizedPalmPosition":[53.8648,316.42,155.518],"t":[-124.206,111.23,-132.64],"timeVisible":1.12978,"type":"left","wrist":[41.8419,321.35,90.397]}],"id":4120426,"interactionBox":{"center":[0,200,0],"size":[235.247,235.247,147.751]},"pointables":[{"bases":[[[-0.886896,0.270587,0.37443],[0.394133,0.865999,0.307741],[0.240986,-0.42051,0.874698]],[[-0.908823,0.417069,-0.00969645],[0.416517,0.905817,-0.0775233],[0.0235494,0.0744937,0.996943]],[[-0.908823,0.417069,-0.00969645],[0.299874,0.636936,-0.710203],[0.290028,0.648356,0.70393]],[[-0.908823,0.417069,-0.00969645],[0.0983135,0.191528,-0.976551],[0.405432,0.888465,0.215069]]],"btipPosition":[46.0312,289.622,1.26076],"carpPosition":[66.5777,336.225,80.036],"dipPosition":[55.5169,310.409,6.2926],"direction":[-0.290028,-0.648356,-0.70393],"extended":false,"handId":431,"id":4310,"length":52.1005,"mcpPosition":[66.5777,336.225,80.036],"pipPosition":[65.4025,332.508,30.2862],"stabilizedTipPosition":[71.7693,283.438,92.7464],"timeVisible":1.12978,"tipPosition":[48.1582,294.299,2.45554],"tipVelocity":[24.1422,10.0505,-211.499],"tool":false,"touchDistance":-0.512769,"touchZone":"touching","type":0,"width":20.2438},{"bases":[[[-0.652146,-0.744946,0.140573],[-0.675515,0.65519,0.338238],[0.344071,-0.125621,0.930502]],[[-0.634232,-0.750271,0.186663],[-0.744322,0.657832,0.11507],[0.209127,0.0659561,0.975662]],[[-0.634232,-0.750271,0.186663],[-0.76717,0.640667,-0.0315567],[0.0959126,0.163216,0.981917]],[[-0.634232,-0.750271,0.186663],[-0.77307,0.618713,-0.139843],[0.0105704,0.232997,0.97242]]],"btipPosition":[7.32808,341.785,-68.0296],"carpPosition":[44.1135,343.303,82.6455],"dipPosition":[7.50863,345.765,-51.4203],"direction":[-0.0959126,-0.163216,-0.981917],"extended":true,"handId":431,"id":4311,"length":58.7895,"mcpPosition":[18.808,352.542,14.2098],"pipPosition":[9.82617,349.709,-27.6942],"stabilizedTipPosition":[39.1398,317.739,46.8938],"timeVisible":1.12978,"tipPosition":[7.99976,341.562,-64.0589],"tipVelocity":[44.3858,27.91,-207.587],"tool":false,"touchDistance":-0.537989,"touchZone":"touching","type":1,"width":19.3369},{"bases":[[[-0.474886,-0.855775,0.20526],[-0.768325,0.516899,0.377481],[0.429138,-0.021554,0.902982]],[[-0.479696,-0.855478,0.195063],[-0.70222,0.241004,-0.669929],[-0.526098,0.458339,0.716342]],[[-0.479696,-0.855478,0.195063],[0.433163,-0.424218,-0.795241],[-0.76306,0.29698,-0.574057]],[[-0.479696,-0.855478,0.195063],[0.830234,-0.514465,-0.214564],[-0.283908,-0.0590221,-0.957033]]],"btipPosition":[57.2651,307.505,21.1857],"carpPosition":[34.82,335.42,84.3849],"dipPosition":[51.9315,306.396,3.20665],"direction":[0.76306,-0.29698,0.574057],"extended":false,"handId":431,"id":4312,"length":66.986,"mcpPosition":[4.88909,336.924,21.4049],"pipPosition":[30.2395,314.838,-13.1125],"stabilizedTipPosition":[80.7349,294.466,83.8202],"timeVisible":1.12978,"tipPosition":[56.9051,306.847,17.4266],"tipVelocity":[8.66755,-7.61297,-207.191],"tool":false,"touchDistance":0.333333,"touchZone":"none","type":2,"width":18.9914},{"bases":[[[-0.347279,-0.886134,0.30686],[-0.786219,0.453486,0.419774],[0.511133,0.0954804,0.854182]],[[-0.363921,-0.888798,0.278568],[-0.900861,0.259877,-0.347725],[-0.236664,0.377496,0.895258]],[[-0.363921,-0.888798,0.278568],[-0.817096,0.161071,-0.553544],[-0.447119,0.429063,0.78485]],[[-0.363921,-0.888798,0.278568],[-0.745191,0.098404,-0.659551],[-0.558795,0.447611,0.698135]]],"btipPosition":[29.3558,282.362,-41.7598],"carpPosition":[27.9729,325.445,86.4926],"dipPosition":[18.9185,290.722,-28.7198],"direction":[0.44712,-0.429063,-0.78485],"extended":false,"handId":431,"id":4313,"length":64.4088,"mcpPosition":[-4.03469,319.466,33.003],"pipPosition":[6.53613,302.605,-6.98454],"stabilizedTipPosition":[57.6096,274.06,59.2505],"timeVisible":1.12978,"tipPosition":[27.7435,284.182,-38.3228],"tipVelocity":[17.5321,-3.62069,-196.6],"tool":false,"touchDistance":-0.526514,"touchZone":"touching","type":3,"width":18.0715},{"bases":[[[-0.151075,-0.931794,0.330055],[-0.782396,0.316781,0.536197],[0.60418,0.177227,0.776889]],[[-0.130968,-0.925408,0.355621],[-0.986041,0.0843923,-0.143531],[-0.102813,0.369455,0.923543]],[[-0.130968,-0.925408,0.355621],[-0.934298,-0.0047568,-0.356462],[-0.331565,0.378941,0.863984]],[[-0.130968,-0.925408,0.355621],[-0.877721,-0.0585406,-0.475583],[-0.460927,0.374423,0.804583]]],"btipPosition":[10.1328,274.164,-20.1433],"carpPosition":[27.0958,311.359,88.2944],"dipPosition":[2.19035,280.616,-6.27906],"direction":[0.331565,-0.378941,-0.863984],"extended":false,"handId":431,"id":4314,"length":50.4953,"mcpPosition":[-7.92697,301.085,43.26],"pipPosition":[-4.29268,288.026,10.6143],"stabilizedTipPosition":[42.3403,261.254,87.4745],"timeVisible":1.12978,"tipPosition":[8.95636,275.335,-16.5863],"tipVelocity":[6.55011,16.5548,-201.546],"tool":false,"touchDistance":-0.531081,"touchZone":"touching","type":4,"width":16.0525}],"r":[[0.982166,0.139504,0.12605],[-0.145613,0.988509,0.0405811],[-0.11894,-0.0582118,0.991194]],"s":1.14391,"t":[-124.206,111.23,-132.64],"timestamp":521554059850},false],[6,{"currentFrameRate":110.419,"devices":[],"gestures":[],"hands":[{"armBasis":[[-0.740187,-0.67099,0.0435513],[-0.518782,0.611087,0.597862],[0.427773,-0.419936,0.800415]],"armWidth":63.7005,"confidence":0.660989,"direction":[-0.542042,0.0953517,-0.834925],"elbow":[157.607,208.01,305.15],"grabStrength":0,"id":431,"palmNormal":[0.613216,-0.634457,-0.470564],"palmPosition":[19.909,329.611,39.8243],"palmVelocity":[36.0561,10.0104,-187.287],"palmWidth":90.9622,"pinchStrength":1,"r":[[0.982568,0.135214,0.127579],[-0.141222,0.9892,0.0392444],[-0.120895,-0.0565773,0.991052]],"s":1.14379,"sphereCenter":[46.8953,306.386,-0.998656],"sphereRadius":50.8465,"stabilizedPalmPosition":[53.8646,316.42,155.517],"t":[-123.822,111.356,-134.28],"timeVisible":1.13884,"type":"left","wrist":[42.1434,321.358,89.1038]}],"id":4120427,"interactionBox":{"center":[0,200,0],"size":[235.247,235.247,147.751]},"pointables":[{"bases":[[[-0.885461,0.277421,0.372821],[0.39973,0.863846,0.306571],[0.23701,-0.420484,0.875796]],[[-0.905924,0.423285,-0.0115091],[0.422874,0.902967,-0.0763399],[0.0219211,0.074025,0.997015]],[[-0.905924,0.423285,-0.0115091],[0.305998,0.635633,-0.708757],[0.29269,0.645601,0.705359]],[[-0.905924,0.423285,-0.0115091],[0.103035,0.193991,-0.975577],[0.410715,0.884984,0.219354]]],"btipPosition":[46.3144,289.637,-0.182978],"carpPosition":[66.9939,336.042,78.7448],"dipPosition":[55.9236,310.343,4.94913],"direction":[-0.29269,-0.645601,-0.705359],"extended":false,"handId":431,"id":4310,"length":52.1005,"mcpPosition":[66.9939,336.042,78.7448],"pipPosition":[65.9,332.348,28.9914],"stabilizedTipPosition":[71.7685,283.438,92.7432],"timeVisible":1.13884,"tipPosition":[48.4413,294.234,1.10143],"tipVelocity":[26.9766,7.18896,-196.427],"tool":false,"touchDistance":-0.511136,"touchZone":"touching","type":0,"width":20.2438},{"bases":[[[-0.657446,-0.740155,0.141194],[-0.671386,0.660486,0.336154],[0.342062,-0.126207,0.931163]],[[-0.640129,-0.745394,0.186072],[-0.739253,0.663547,0.114934],[0.209139,0.0639816,0.975791]],[[-0.640129,-0.745394,0.186072],[-0.76215,0.646629,-0.0316065],[0.0967603,0.162047,0.982028]],[[-0.640129,-0.745394,0.186072],[-0.768174,0.624767,-0.139912],[0.0119621,0.232497,0.972523]]],"btipPosition":[7.89358,341.927,-69.4205],"carpPosition":[44.576,343.28,81.3132],"dipPosition":[8.0979,345.898,-52.8095],"direction":[-0.0967603,-0.162047,-0.982028],"extended":true,"handId":431,"id":4311,"length":58.7895,"mcpPosition":[19.4183,352.562,12.8288],"pipPosition":[10.4359,349.814,-29.0807],"stabilizedTipPosition":[39.136,317.742,46.88],"timeVisible":1.13884,"tipPosition":[8.5473,341.703,-65.4501],"tipVelocity":[49.5387,24.4676,-192.677],"tool":false,"touchDistance":-0.533382,"touchZone":"touching","type":1,"width":19.3369},{"bases":[[[-0.481035,-0.852081,0.20631],[-0.765196,0.522915,0.375547],[0.427879,-0.0227831,0.903549]],[[-0.485798,-0.851772,0.196175],[-0.700255,0.244944,-0.670557],[-0.523109,0.463128,0.71545]],[[-0.485798,-0.851772,0.196175],[0.431857,-0.429029,-0.793369],[-0.759934,0.300698,-0.576265]],[[-0.485798,-0.851772,0.196175],[0.827543,-0.520455,-0.210475],[-0.281377,-0.0600949,-0.957714]]],"btipPosition":[57.4787,307.319,19.9359],"carpPosition":[35.2262,335.465,83.0562],"dipPosition":[52.1926,306.19,1.94408],"direction":[0.759934,-0.300698,0.576265],"extended":false,"handId":431,"id":4312,"length":66.986,"mcpPosition":[5.38309,337.054,20.0366],"pipPosition":[30.5895,314.738,-14.4378],"stabilizedTipPosition":[80.7341,294.466,83.818],"timeVisible":1.13884,"tipPosition":[57.1165,306.653,16.1614],"tipVelocity":[13.118,-11.3162,-188.189],"tool":false,"touchDistance":0.333333,"touchZone":"none","type":2,"width":18.9914},{"bases":[[[-0.353764,-0.883125,0.308125],[-0.783579,0.459708,0.417939],[0.51074,0.0935885,0.854626]],[[-0.370346,-0.885722,0.279894],[-0.89872,0.265486,-0.349028],[-0.234834,0.380807,0.894337]],[[-0.370346,-0.885722,0.279894],[-0.815411,0.165668,-0.55467],[-0.444914,0.433648,0.783582]],[[-0.370346,-0.885722,0.279894],[-0.743792,0.102265,-0.660542],[-0.556433,0.452812,0.696666]]],"btipPosition":[29.5284,282.204,-43.002],"carpPosition":[28.3078,325.541,85.1745],"dipPosition":[19.1352,290.662,-29.9895],"direction":[0.444914,-0.433648,-0.783582],"extended":false,"handId":431,"id":4313,"length":64.4088,"mcpPosition":[-3.67517,319.681,31.6571],"pipPosition":[6.81391,302.671,-8.28934],"stabilizedTipPosition":[57.6091,274.06,59.2488],"timeVisible":1.13884,"tipPosition":[27.9162,284.044,-39.5763],"tipVelocity":[18.2629,-6.7338,-180.395],"tool":false,"touchDistance":-0.520924,"touchZone":"touching","type":3,"width":18.0715},{"bases":[[[-0.157909,-0.930094,0.331648],[-0.780841,0.323204,0.534627],[0.604443,0.174543,0.777292]],[[-0.139187,-0.924266,0.35547],[-0.985044,0.0924098,-0.145423],[-0.101561,0.370395,0.923305]],[[-0.139187,-0.924266,0.35547],[-0.933472,0.00264097,-0.35864],[-0.33054,0.381739,0.863144]],[[-0.139187,-0.924266,0.35547],[-0.876922,-0.0517202,-0.477843],[-0.460039,0.378229,0.80331]]],"btipPosition":[10.2734,274.273,-21.4121],"carpPosition":[27.3313,311.465,87.0021],"dipPosition":[2.34623,280.79,-7.56987],"direction":[0.33054,-0.381739,-0.863144],"extended":false,"handId":431,"id":4314,"length":50.4953,"mcpPosition":[-7.70678,301.347,41.9444],"pipPosition":[-4.11676,288.254,9.30704],"stabilizedTipPosition":[42.3399,261.254,87.473],"timeVisible":1.13884,"tipPosition":[9.0593,275.435,-17.8642],"tipVelocity":[9.13431,15.7467,-184.749],"tool":false,"touchDistance":-0.525415,"touchZone":"touching","type":4,"width":16.0525}],"r":[[0.982568,0.135214,0.127579],[-0.141222,0.9892,0.0392444],[-0.120895,-0.0565773,0.991052]],"s":1.14379,"t":[-123.822,111.356,-134.28],"timestamp":52