{"sensorType":"Leap","data":[[0,{"currentFrameRate":105.451,"devices":[],"gestures":[],"hands":[{"armBasis":[[0.829665,0.483042,-0.279868],[-0.244229,0.76486,0.596105],[0.502004,-0.426216,0.75255]],"armWidth":63.7005,"confidence":0.802389,"direction":[-0.229567,0.518336,-0.823788],"elbow":[195.775,183.634,292.86],"grabStrength":0,"id":393,"palmNormal":[0.253266,-0.785422,-0.564773],"palmPosition":[41.815,320.689,43.197],"palmVelocity":[23.2597,49.834,-184.363],"palmWidth":90.9622,"pinchStrength":0.48959,"r":[[0.926716,0.365317,0.0879802],[-0.373825,0.920056,0.117271],[-0.0381058,-0.141566,0.989195]],"s":1.07592,"sphereCenter":[53.4874,294.778,2.3911],"sphereRadius":48.2923,"stabilizedPalmPosition":[63.6136,317.215,163.949],"t":[-51.9311,83.7735,-192.876],"timeVisible":0.723179,"type":"right","wrist":[60.2755,298.677,89.7334]}],"id":4100451,"interactionBox":{"center":[0,200,0],"size":[235.247,235.247,147.751]},"pointables":[{"bases":[[[0.106835,0.939774,0.324671],[-0.779988,-0.123291,0.613529],[0.616608,-0.318786,0.719841]],[[-0.120859,0.991621,0.04562],[-0.840024,-0.126653,0.527559],[0.528917,0.0254382,0.848292]],[[-0.120859,0.991621,0.04562],[-0.966224,-0.128052,0.223639],[0.227607,-0.0170504,0.973604]],[[-0.120859,0.991621,0.04562],[-0.857179,-0.0810747,-0.508597],[-0.500637,-0.100573,0.859795]]],"btipPosition":[14.5735,280.448,-7.78221],"carpPosition":[37.0126,278.783,87.8512],"dipPosition":[2.86034,278.095,12.334],"direction":[-0.227607,0.0170504,-0.973604],"extended":false,"handId":393,"id":3930,"length":52.1005,"mcpPosition":[37.0126,278.783,87.8512],"pipPosition":[10.6184,277.513,45.5194],"stabilizedTipPosition":[26.7755,285.618,111.507],"timeVisible":0.723179,"tipPosition":[10.9326,280.571,-2.5887],"tipVelocity":[32.2488,60.8369,-201.636],"tool":false,"touchDistance":-0.577678,"touchZone":"hovering","type":0,"width":20.2438},{"bases":[[[0.887878,0.420518,-0.18665],[-0.307441,0.844105,0.43928],[0.342277,-0.332643,0.878746]],[[0.914109,0.390234,-0.110098],[-0.372451,0.915452,0.152406],[0.160264,-0.0983097,0.982166]],[[0.914109,0.390234,-0.110098],[-0.392023,0.919937,0.00579747],[0.103546,0.0378616,0.993904]],[[0.914109,0.390234,-0.110098],[-0.400837,0.910639,-0.100336],[0.0611054,0.135849,0.988843]]],"btipPosition":[1.58097,327.86,-58.0347],"carpPosition":[37.1834,302.408,89.6835],"dipPosition":[2.62468,330.181,-41.1448],"direction":[-0.103546,-0.0378616,-0.993904],"extended":true,"handId":393,"id":3931,"length":58.7895,"mcpPosition":[12.0099,326.873,25.0542],"pipPosition":[5.12666,331.095,-17.1291],"stabilizedTipPosition":[21.1718,327.836,72.6344],"timeVisible":0.723179,"tipPosition":[1.9573,328.035,-54.0274],"tipVelocity":[36.4452,88.4072,-190.979],"tool":false,"touchDistance":-0.602486,"touchZone":"hovering","type":1,"width":19.3369},{"bases":[[[0.965272,0.221608,-0.138346],[-0.145319,0.895539,0.420586],[0.217099,-0.385876,0.896642]],[[0.965995,0.220312,-0.135335],[-0.243403,0.598284,-0.76342],[-0.0872215,0.770402,0.631565]],[[0.965995,0.220312,-0.135335],[0.0140916,-0.567502,-0.823251],[-0.258175,0.79335,-0.551309]],[[0.965995,0.220312,-0.135335],[0.154482,-0.911506,-0.381173],[-0.207336,0.347305,-0.914544]]],"btipPosition":[47.5657,269.875,27.5238],"carpPosition":[47.2704,309.161,87.6407],"dipPosition":[43.6706,276.399,10.3429],"direction":[0.258175,-0.79335,0.551309],"extended":false,"handId":393,"id":3932,"length":66.986,"mcpPosition":[32.1285,336.075,25.1028],"pipPosition":[36.3313,298.952,-5.32953],"stabilizedTipPosition":[72.9601,266.173,151.267],"timeVisible":0.723179,"tipPosition":[46.7308,271.255,23.9473],"tipVelocity":[9.46408,49.4623,-180.192],"tool":false,"touchDistance":0.333333,"touchZone":"none","type":2,"width":18.9914},{"bases":[[[0.994889,0.0942636,-0.0361987],[-0.0689886,0.896326,0.437996],[0.0737329,-0.43326,0.898248]],[[0.993046,0.103684,-0.0557678],[-0.104731,0.561623,-0.820738],[-0.0537772,0.820871,0.568576]],[[0.993046,0.103684,-0.0557678],[0.0232207,-0.636881,-0.770612],[-0.115418,0.763958,-0.63486]],[[0.993046,0.103684,-0.0557678],[0.0808013,-0.944749,-0.317678],[-0.0856248,0.310963,-0.946557]]],"btipPosition":[61.3386,276.493,39.2097],"carpPosition":[58.7582,312.992,85.5931],"dipPosition":[59.7393,282.301,21.5296],"direction":[0.115418,-0.763958,0.63486],"extended":false,"handId":393,"id":3933,"length":64.4088,"mcpPosition":[54.141,340.123,29.3441],"pipPosition":[56.543,303.458,3.94809],"stabilizedTipPosition":[87.409,275.885,158.029],"timeVisible":0.723179,"tipPosition":[60.9913,277.724,34.9464],"tipVelocity":[11.6984,45.0362,-148.316],"tool":false,"touchDistance":0.333333,"touchZone":"none","type":3,"width":18.0715},{"bases":[[[0.994367,-0.105919,-0.00386167],[0.0933798,0.858253,0.50466],[-0.0501385,-0.502178,0.86331]],[[0.976733,-0.177256,0.120721],[0.203837,0.592326,-0.779487],[0.0666622,0.785958,0.614675]],[[0.976733,-0.177256,0.120721],[-0.00944967,-0.597932,-0.801491],[0.214252,0.781702,-0.585695]],[[0.976733,-0.177256,0.120721],[-0.120719,-0.919678,-0.373657],[0.177258,0.35039,-0.919677]]],"btipPosition":[65.6582,289.935,38.2451],"carpPosition":[72.3519,309.93,82.7173],"dipPosition":[68.7126,295.973,22.3976],"direction":[-0.214252,-0.781702,0.585695],"extended":false,"handId":393,"id":3934,"length":50.4953,"mcpPosition":[75.2583,339.04,32.6734],"pipPosition":[72.9019,311.258,10.9457],"stabilizedTipPosition":[91.9583,292.421,149.231],"timeVisible":0.723179,"tipPosition":[66.5796,291.271,34.7322],"tipVelocity":[15.0797,40.6242,-179.062],"tool":false,"touchDistance":0.333333,"touchZone":"none","type":4,"width":16.0525}],"r":[[0.926716,0.365317,0.0879802],[-0.373825,0.920056,0.117271],[-0.0381058,-0.141566,0.989195]],"s":1.07592,"t":[-51.9311,83.7735,-192.876],"timestamp":521289754208},false],[1,{"currentFrameRate":105.746,"devices":[],"gestures":[],"hands":[{"armBasis":[[0.819598,0.495377,-0.287855],[-0.242732,0.755326,0.60874],[0.51898,-0.42905,0.739307]],"armWidth":63.7005,"confidence":0.8076,"direction":[-0.226429,0.51886,-0.824327],"elbow":[200.18,183.477,286.857],"grabStrength":0,"id":393,"palmNormal":[0.255556,-0.785012,-0.564311],"palmPosition":[41.8157,321.326,40.712],"palmVelocity":[16.9467,55.7324,-210.089],"palmWidth":90.9622,"pinchStrength":0.487878,"r":[[0.927728,0.362271,0.0898931],[-0.371039,0.921288,0.116443],[-0.0406335,-0.141381,0.989121]],"s":1.07698,"sphereCenter":[53.7082,295.463,-0.0631254],"sphereRadius":48.3081,"stabilizedPalmPosition":[63.6132,317.215,163.947],"t":[-51.821,84.351,-194.956],"timeVisible":0.732091,"type":"right","wrist":[60.098,299.285,87.305]}],"id":4100452,"interactionBox":{"center":[0,200,0],"size":[235.247,235.247,147.751]},"pointables":[{"bases":[[[0.105456,0.939569,0.325713],[-0.78235,-0.123797,0.610412],[0.613846,-0.319193,0.722017]],[[-0.121402,0.99156,0.0454987],[-0.842856,-0.127189,0.522893],[0.524267,0.0251315,0.851183]],[[-0.121402,0.99156,0.0454987],[-0.966902,-0.128498,0.220431],[0.224417,-0.017232,0.974341]],[[-0.121402,0.99156,0.0454987],[-0.856298,-0.0814387,-0.510021],[-0.502011,-0.100878,0.858958]]],"btipPosition":[14.7789,281.083,-10.4641],"carpPosition":[36.845,279.39,85.3191],"dipPosition":[3.03361,278.723,9.63246],"direction":[-0.224417,0.017232,-0.974341],"extended":false,"handId":393,"id":3930,"length":52.1005,"mcpPosition":[36.845,279.39,85.3191],"pipPosition":[10.6829,278.135,42.843],"stabilizedTipPosition":[26.7745,285.617,111.498],"timeVisible":0.732091,"tipPosition":[11.1584,281.193,-5.27548],"tipVelocity":[29.5178,63.6317,-228.812],"tool":false,"touchDistance":-0.58854,"touchZone":"hovering","type":0,"width":20.2438},{"bases":[[[0.888544,0.420751,-0.182917],[-0.30925,0.843773,0.438647],[0.338902,-0.33319,0.879846]],[[0.914482,0.390419,-0.106285],[-0.373147,0.9153,0.151618],[0.156477,-0.0989916,0.982708]],[[0.914482,0.390419,-0.106285],[-0.392129,0.919896,0.00517093],[0.0997897,0.0369487,0.994322]],[[0.914482,0.390419,-0.106285],[-0.400532,0.910717,-0.100838],[0.0574262,0.134785,0.989209]]],"btipPosition":[1.96784,328.575,-60.6708],"carpPosition":[37.0058,303.014,87.1679],"dipPosition":[2.9487,330.878,-43.7748],"direction":[-0.0997897,-0.0369487,-0.994322],"extended":true,"handId":393,"id":3931,"length":58.7895,"mcpPosition":[12.0805,327.519,22.4577],"pipPosition":[5.35993,331.77,-19.7489],"stabilizedTipPosition":[21.1643,327.837,72.5834],"timeVisible":0.732091,"tipPosition":[2.3291,328.748,-56.6639],"tipVelocity":[37.9001,86.0592,-219.478],"tool":false,"touchDistance":-0.610092,"touchZone":"hovering","type":1,"width":19.3369},{"bases":[[[0.965775,0.221818,-0.134446],[-0.147063,0.895239,0.420618],[0.213662,-0.386451,0.89722]],[[0.966505,0.220486,-0.131353],[-0.240337,0.598019,-0.764599],[-0.0900312,0.770558,0.630979]],[[0.966505,0.220486,-0.131353],[0.017812,-0.568199,-0.822698],[-0.256028,0.792803,-0.553095]],[[0.966505,0.220486,-0.131353],[0.156384,-0.911764,-0.379777],[-0.203499,0.346515,-0.915705]]],"btipPosition":[47.6371,270.546,25.1124],"carpPosition":[47.0998,309.769,85.1688],"dipPosition":[43.8141,277.056,7.90969],"direction":[0.256028,-0.792803,0.553095],"extended":false,"handId":393,"id":3932,"length":66.986,"mcpPosition":[32.1976,336.723,22.5906],"pipPosition":[36.5358,299.593,-7.81352],"stabilizedTipPosition":[72.9593,266.173,151.263],"timeVisible":0.732091,"tipPosition":[46.8128,271.921,21.4834],"tipVelocity":[9.57553,56.3906,-204.958],"tool":false,"touchDistance":0.333333,"touchZone":"none","type":2,"width":18.9914},{"bases":[[[0.99501,0.0944091,-0.0322699],[-0.0708013,0.896024,0.438325],[0.0702965,-0.433853,0.898237]],[[0.993237,0.103866,-0.0518879],[-0.101628,0.561629,-0.821124],[-0.056145,0.820844,0.568386]],[[0.993237,0.103866,-0.0518879],[0.026364,-0.636988,-0.770423],[-0.113073,0.763844,-0.635418]],[[0.993237,0.103866,-0.0518879],[0.0822164,-0.944742,-0.317338],[-0.0819812,0.310926,-0.946892]]],"btipPosition":[61.3634,277.146,36.8159],"carpPosition":[58.595,313.603,83.1685],"dipPosition":[59.8321,282.954,19.1295],"direction":[0.113073,-0.763844,0.635418],"extended":false,"handId":393,"id":3933,"length":64.4088,"mcpPosition":[54.193,340.771,26.9201],"pipPosition":[56.7007,304.107,1.53257],"stabilizedTipPosition":[87.4081,275.885,158.025],"timeVisible":0.732091,"tipPosition":[61.0304,278.378,32.5416],"tipVelocity":[9.74712,52.7203,-181.115],"tool":false,"touchDistance":0.333333,"touchZone":"none","type":3,"width":18.0715},{"bases":[[[0.994388,-0.105795,-0.0000693254],[0.0913116,0.857926,0.505594],[-0.0534297,-0.502762,0.862772]],[[0.97637,-0.176992,0.123996],[0.206262,0.592051,-0.779058],[0.0644746,0.786225,0.614567]],[[0.97637,-0.176992,0.123996],[-0.00672844,-0.598399,-0.80117],[0.216,0.781404,-0.58545]],[[0.97637,-0.176992,0.123996],[-0.119268,-0.919812,-0.373793],[0.180212,0.350171,-0.919186]]],"btipPosition":[65.6895,290.584,35.893],"carpPosition":[72.2001,310.544,80.3435],"dipPosition":[68.7948,296.618,20.054],"direction":[-0.216,-0.781404,0.58545],"extended":false,"handId":393,"id":3934,"length":50.4953,"mcpPosition":[75.2973,339.688,30.3307],"pipPosition":[73.0182,311.897,8.60677],"stabilizedTipPosition":[91.9579,292.421,149.229],"timeVisible":0.732091,"tipPosition":[66.6126,291.92,32.3554],"tipVelocity":[12.2869,49.3486,-202.112],"tool":false,"touchDistance":0.333333,"touchZone":"none","type":4,"width":16.0525}],"r":[[0.927728,0.362271,0.0898931],[-0.371039,0.921288,0.116443],[-0.0406335,-0.141381,0.989121]],"s":1.07698,"t":[-51.821,84.351,-194.956],"timestamp":521289763120},false],[2,{"currentFrameRate":105.972,"devices":[],"gestures":[],"hands":[{"armBasis":[[0.819352,0.494686,-0.289739],[-0.240982,0.755768,0.608886],[0.520183,-0.42907,0.73845]],"armWidth":63.7005,"confidence":0.816812,"direction":[-0.2246,0.520757,-0.82363],"elbow":[200.615,183.837,284.914],"grabStrength":0,"id":393,"palmNormal":[0.253433,-0.784922,-0.565393],"palmPosition":[42.0078,321.815,39.0264],"palmVelocity":[18.1441,55.3152,-203.702],"palmWidth":90.9622,"pinchStrength":0.481816,"r":[[0.928733,0.359256,0.0915986],[-0.36827,0.92245,0.116034],[-0.0428091,-0.141498,0.989013]],"s":1.07801,"sphereCenter":[53.8919,296.007,-1.76692],"sphereRadius":48.3191,"stabilizedPalmPosition":[63.6126,317.215,163.944],"t":[-51.6699,84.8842,-196.839],"timeVisible":0.741111,"type":"right","wrist":[60.2082,299.651,85.5929]}],"id":4100453,"interactionBox":{"center":[0,200,0],"size":[235.247,235.247,147.751]},"pointables":[{"bases":[[[0.108118,0.938766,0.327153],[-0.78293,-0.122393,0.609951],[0.612642,-0.322085,0.721755]],[[-0.118647,0.991836,0.0467274],[-0.844341,-0.125543,0.52089],[0.522504,0.0223479,0.852344]],[[-0.118647,0.991836,0.0467274],[-0.967191,-0.126089,0.220554],[0.224645,-0.0190264,0.974255]],[[-0.118647,0.991836,0.0467274],[-0.857489,-0.078621,-0.508459],[-0.500635,-0.100395,0.859817]]],"btipPosition":[14.8791,281.709,-12.2892],"carpPosition":[36.8972,279.827,83.5691],"dipPosition":[3.16599,279.36,7.82748],"direction":[-0.224645,0.0190264,-0.974255],"extended":false,"handId":393,"id":3930,"length":52.1005,"mcpPosition":[36.8972,279.827,83.5691],"pipPosition":[10.8231,278.712,41.0351],"stabilizedTipPosition":[26.7734,285.617,111.489],"timeVisible":0.741111,"tipPosition":[11.2947,281.807,-7.09094],"tipVelocity":[24.6788,65.3033,-221.388],"tool":false,"touchDistance":-0.585326,"touchZone":"hovering","type":0,"width":20.2438},{"bases":[[[0.889849,0.418393,-0.181977],[-0.306909,0.844029,0.439798],[0.337602,-0.335504,0.879467]],[[0.915666,0.387876,-0.105395],[-0.370489,0.916166,0.152894],[0.155863,-0.100952,0.982606]],[[0.915666,0.387876,-0.105395],[-0.389383,0.921052,0.00673031],[0.0996845,0.0348762,0.994408]],[[0.915666,0.387876,-0.105395],[-0.397778,0.912115,-0.0990954],[0.0576954,0.132662,0.989481]]],"btipPosition":[2.20921,329.35,-62.3599],"carpPosition":[37.1272,303.448,85.4532],"dipPosition":[3.19467,331.616,-45.4592],"direction":[-0.0996845,-0.0348762,-0.994408],"extended":true,"handId":393,"id":3931,"length":58.7895,"mcpPosition":[12.2976,328.123,20.7709],"pipPosition":[5.60335,332.459,-21.4313],"stabilizedTipPosition":[21.1563,327.837,72.5268],"timeVisible":0.741111,"tipPosition":[2.57091,329.514,-58.3545],"tipVelocity":[34.8675,85.759,-210.582],"tool":false,"touchDistance":-0.602736,"touchZone":"hovering","type":1,"width":19.3369},{"bases":[[[0.966474,0.219161,-0.133775],[-0.144564,0.895041,0.421903],[0.212199,-0.388419,0.896717]],[[0.96722,0.217783,-0.130597],[-0.237799,0.596356,-0.766689],[-0.0890896,0.772613,0.628596]],[[0.96722,0.217783,-0.130597],[0.018068,-0.572002,-0.820053],[-0.253296,0.790812,-0.557187]],[[0.96722,0.217783,-0.130597],[0.154937,-0.913577,-0.375993],[-0.201196,0.343434,-0.917373]]],"btipPosition":[47.7149,271.106,23.7089],"carpPosition":[47.2419,310.176,83.4678],"dipPosition":[43.9352,277.558,6.47494],"direction":[0.253296,-0.790812,0.557187],"extended":false,"handId":393,"id":3932,"length":66.986,"mcpPosition":[32.4417,337.267,20.9247],"pipPosition":[36.7346,300.039,-9.36461],"stabilizedTipPosition":[72.9583,266.173,151.258],"timeVisible":0.741111,"tipPosition":[46.8819,272.466,19.9178],"tipVelocity":[9.61879,57.5477,-191.597],"tool":false,"touchDistance":0.333333,"touchZone":"none","type":2,"width":18.9914},{"bases":[[[0.995297,0.091513,-0.0317793],[-0.0683066,0.895574,0.439638],[0.0686932,-0.435399,0.897613]],[[0.993557,0.101012,-0.0513997],[-0.0996699,0.562823,-0.820547],[-0.0539561,0.820382,0.569264]],[[0.993557,0.101012,-0.0513997],[0.0248036,-0.636308,-0.771036],[-0.11059,0.764793,-0.634714]],[[0.993557,0.101012,-0.0513997],[0.0795727,-0.944645,-0.318299],[-0.0807065,0.312158,-0.946596]]],"btipPosition":[61.4275,277.59,35.0995],"carpPosition":[58.7491,313.979,81.4772],"dipPosition":[59.9201,283.421,17.4187],"direction":[0.11059,-0.764793,0.634714],"extended":false,"handId":393,"id":3933,"length":64.4088,"mcpPosition":[54.4475,341.244,25.2679],"pipPosition":[56.8575,304.601,-0.158812],"stabilizedTipPosition":[87.4072,275.885,158.021],"timeVisible":0.741111,"tipPosition":[61.0988,278.829,30.8205],"tipVelocity":[9.18942,51.9264,-183.6],"tool":false,"touchDistance":0.333333,"touchZone":"none","type":3,"width":18.0715},{"bases":[[[0.994071,-0.108736,0.000122143],[0.093669,0.856897,0.506906],[-0.0552236,-0.503889,0.862001]],[[0.975855,-0.179925,0.12383],[0.207971,0.592176,-0.778508],[0.0667443,0.785464,0.615298]],[[0.975855,-0.179925,0.12383],[-0.00849851,-0.597785,-0.801611],[0.218254,0.781204,-0.584881]],[[0.975855,-0.179925,0.12383],[-0.121938,-0.919145,-0.374572],[0.181212,0.350429,-0.918892]]],"btipPosition":[65.7979,291.016,34.2046],"carpPosition":[72.3461,310.884,78.6524],"dipPosition":[68.9205,297.054,18.3706],"direction":[-0.218254,-0.781204,0.584881],"extended":false,"handId":393,"id":3934,"length":50.4953,"mcpPosition":[75.5473,340.094,28.6844],"pipPosition":[73.188,312.329,6.93458],"stabilizedTipPosition":[91.9575,292.421,149.227],"timeVisible":0.741111,"tipPosition":[66.7177,292.352,30.6523],"tipVelocity":[12.3348,48.9713,-197.97],"tool":false,"touchDistance":0.333333,"touchZone":"none","type":4,"width":16.0525}],"r":[[0.928733,0.359256,0.0915986],[-0.36827,0.92245,0.116034],[-0.0428091,-0.141498,0.989013]],"s":1.07801,"t":[-51.6699,84.8842,-196.839],"timestamp":521289772140},false],[3,{"currentFrameRate":106.097,"devices":[],"gestures":[],"hands":[{"armBasis":[[0.825633,0.487738,-0.283622],[-0.242162,0.760373,0.602653],[0.509595,-0.428888,0.745901]],"armWidth":63.7005,"confidence":0.825494,"direction":[-0.222844,0.523144,-0.822594],"elbow":[197.88,183.855,285.824],"grabStrength":0,"id":393,"palmNormal":[0.252209,-0.784145,-0.567016],"palmPosition":[42.2151,321.931,37.9633],"palmVelocity":[19.3741,43.3613,-179.073],"palmWidth":90.9622,"pinchStrength":0.47752,"r":[[0.929665,0.356403,0.0932761],[-0.365677,0.923474,0.116082],[-0.044766,-0.142026,0.98885]],"s":1.0789,"sphereCenter":[54.1911,296.217,-2.88213],"sphereRadius":48.3444,"stabilizedPalmPosition":[63.6121,317.215,163.94],"t":[-51.4907,85.2086,-198.311],"timeVisible":0.750306,"type":"right","wrist":[60.3317,299.62,84.4924]}],"id":4100454,"interactionBox":{"center":[0,200,0],"size":[235.247,235.247,147.751]},"pointables":[{"bases":[[[0.109856,0.937772,0.329417],[-0.783669,-0.122142,0.609052],[0.611388,-0.325062,0.721484]],[[-0.116549,0.991977,0.0489717],[-0.846148,-0.124992,0.518084],[0.520049,0.018945,0.853927]],[[-0.116549,0.991977,0.0489717],[-0.96751,-0.124537,0.220033],[0.224367,-0.0217359,0.974262]],[[-0.116549,0.991977,0.0489717],[-0.859706,-0.0760731,-0.505092],[-0.497314,-0.100969,0.861675]]],"btipPosition":[15.0164,282.008,-13.5767],"carpPosition":[36.9802,279.85,82.4043],"dipPosition":[3.38099,279.646,6.58346],"direction":[-0.224367,0.0217359,-0.974262],"extended":false,"handId":393,"id":3930,"length":52.1005,"mcpPosition":[36.9802,279.85,82.4043],"pipPosition":[11.0286,278.905,39.7914],"stabilizedTipPosition":[26.7722,285.617,111.48],"timeVisible":0.750306,"tipPosition":[11.4906,282.072,-8.35353],"tipVelocity":[22.4976,56.0365,-198.333],"tool":false,"touchDistance":-0.574289,"touchZone":"hovering","type":0,"width":20.2438},{"bases":[[[0.89088,0.41692,-0.180308],[-0.30546,0.843657,0.441517],[0.336195,-0.338262,0.878949]],[[0.916571,0.386171,-0.103777],[-0.368658,0.916593,0.154752],[0.154882,-0.103583,0.982488]],[[0.916571,0.386171,-0.103777],[-0.387412,0.921865,0.00874066],[0.0990438,0.032193,0.994562]],[[0.916571,0.386171,-0.103777],[-0.395743,0.913224,-0.0970029],[0.057312,0.129979,0.989859]]],"btipPosition":[2.50852,329.795,-63.4367],"carpPosition":[37.2589,303.466,84.3434],"dipPosition":[3.48743,332.015,-46.5295],"direction":[-0.0990438,-0.032193,-0.994562],"extended":true,"handId":393,"id":3931,"length":58.7895,"mcpPosition":[12.5327,328.344,19.6993],"pipPosition":[5.88063,332.793,-22.4979],"stabilizedTipPosition":[21.1475,327.839,72.4643],"timeVisible":0.750306,"tipPosition":[2.86741,329.95,-59.432],"tipVelocity":[34.1741,74.9829,-184.399],"tool":false,"touchDistance":-0.586925,"touchZone":"hovering","type":1,"width":19.3369},{"bases":[[[0.967043,0.217414,-0.132509],[-0.142994,0.894365,0.423868],[0.210666,-0.39095,0.895979]],[[0.967803,0.21599,-0.129247],[-0.235643,0.596967,-0.766878],[-0.0884813,0.772644,0.628644]],[[0.967803,0.21599,-0.129247],[0.0184291,-0.572909,-0.819412],[-0.251031,0.790647,-0.558444]],[[0.967803,0.21599,-0.129247],[0.153963,-0.914201,-0.374876],[-0.199127,0.342907,-0.918021]]],"btipPosition":[47.8368,271.297,22.7199],"carpPosition":[47.3894,310.178,82.3816],"dipPosition":[44.0959,277.739,5.4737],"direction":[0.251031,-0.790647,0.558444],"extended":false,"handId":393,"id":3932,"length":66.986,"mcpPosition":[32.6962,337.445,19.89],"pipPosition":[36.9597,300.215,-10.4016],"stabilizedTipPosition":[72.9573,266.173,151.252],"timeVisible":0.750306,"tipPosition":[47.0046,272.649,18.8461],"tipVelocity":[10.9073,47.1928,-168.186],"tool":false,"touchDistance":0.333333,"touchZone":"none","type":2,"width":18.9914},{"bases":[[[0.995514,0.0894689,-0.0307877],[-0.066749,0.894695,0.441663],[0.0670607,-0.437627,0.896653]],[[0.993807,0.0990267,-0.0504072],[-0.0978684,0.565238,-0.819102],[-0.0526209,0.818963,0.571429]],[[0.993807,0.0990267,-0.0504072],[0.0240123,-0.634309,-0.772706],[-0.108492,0.766711,-0.632759]],[[0.993807,0.0990267,-0.0504072],[0.077803,-0.94401,-0.320611],[-0.0793339,0.314704,-0.945869]]],"btipPosition":[61.5436,277.674,33.9268],"carpPosition":[58.9062,313.96,80.4088],"dipPosition":[60.0617,283.552,16.2596],"direction":[0.108492,-0.766711,0.632759],"extended":false,"handId":393,"id":3933,"length":64.4088,"mcpPosition":[54.7068,341.365,24.2597],"pipPosition":[57.0572,304.785,-1.26374],"stabilizedTipPosition":[87.4064,275.885,158.017],"timeVisible":0.750306,"tipPosition":[61.2205,278.926,29.6637],"tipVelocity":[10.3273,40.2838,-167.827],"tool":false,"touchDistance":0.333333,"touchZone":"none","type":3,"width":18.0715},{"bases":[[[0.993837,-0.11085,0.000647486],[0.0950909,0.855517,0.508968],[-0.0569733,-0.50577,0.860785]],[[0.975417,-0.182179,0.123983],[0.209594,0.593229,-0.77727],[0.0680516,0.784149,0.61683]],[[0.975417,-0.182179,0.123983],[-0.00935562,-0.596354,-0.802667],[0.220167,0.781776,-0.583398]],[[0.975417,-0.182179,0.123983],[-0.123658,-0.918199,-0.376323],[0.182399,0.35174,-0.918155]]],"btipPosition":[65.9481,291.096,33.1143],"carpPosition":[72.4989,310.844,77.5875],"dipPosition":[69.0911,297.157,17.2931],"direction":[-0.220167,-0.781776,0.583398],"extended":false,"handId":393,"id":3934,"length":50.4953,"mcpPosition":[75.8015,340.162,27.69],"pipPosition":[73.396,312.443,5.88603],"stabilizedTipPosition":[91.9571,292.421,149.225],"timeVisible":0.750306,"tipPosition":[66.8664,292.438,29.5532],"tipVelocity":[13.5942,37.8931,-175.679],"tool":false,"touchDistance":0.333333,"touchZone":"none","type":4,"width":16.0525}],"r":[[0.929665,0.356403,0.0932761],[-0.365677,0.923474,0.116082],[-0.044766,-0.142026,0.98885]],"s":1.0789,"t":[-51.4907,85.2086,-198.311],"timestamp":521289781335},false],[4,{"currentFrameRate":106.356,"devices":[],"gestures":[],"hands":[{"armBasis":[[0.832752,0.477654,-0.279947],[-0.238904,0.766164,0.596588],[0.499448,-0.429929,0.752139]],"armWidth":63.7005,"confidence":0.830518,"direction":[-0.217873,0.527777,-0.820964],"elbow":[195.058,183.621,286.012],"grabStrength":0,"id":393,"palmNormal":[0.24631,-0.784209,-0.569515],"palmPosition":[42.3538,322.285,36.5302],"palmVelocity":[18.328,42.3571,-174.027],"palmWidth":90.9622,"pinchStrength":0.474833,"r":[[0.930961,0.352539,0.095019],[-0.362116,0.924798,0.116702],[-0.0467313,-0.143053,0.988611]],"s":1.07951,"sphereCenter":[54.3425,296.65,-4.40161],"sphereRadius":48.3717,"stabilizedPalmPosition":[63.6116,317.215,163.937],"t":[-51.3318,85.5478,-199.764],"timeVisible":0.759231,"type":"right","wrist":[60.2482,299.667,82.997]}],"id":4100455,"interactionBox":{"center":[0,200,0],"size":[235.247,235.247,147.751]},"pointables":[{"bases":[[[0.117197,0.935704,0.332751],[-0.78516,-0.117863,0.607973],[0.608102,-0.332515,0.720864]],[[-0.10844,0.992721,0.0524073],[-0.84927,-0.119914,0.514161],[0.516703,0.0112479,0.856091]],[[-0.10844,0.992721,0.0524073],[-0.969022,-0.117325,0.217328],[0.221895,-0.0272167,0.974691]],[[-0.10844,0.992721,0.0524073],[-0.862519,-0.0677442,-0.50147],[-0.49427,-0.0995818,0.863586]]],"btipPosition":[14.9547,282.791,-15.3273],"carpPosition":[36.7385,280.095,80.821],"dipPosition":[3.39051,280.461,4.87757],"direction":[-0.221895,0.0272167,-0.974691],"extended":false,"handId":393,"id":3930,"length":52.1005,"mcpPosition":[36.7385,280.095,80.821],"pipPosition":[10.9538,279.534,38.1001],"stabilizedTipPosition":[26.771,285.616,111.469],"timeVisible":0.759231,"tipPosition":[11.461,282.82,-10.0709],"tipVelocity":[14.9788,64.9173,-197.422],"tool":false,"touchDistance":-0.571298,"touchZone":"hovering","type":0,"width":20.2438},{"bases":[[[0.894397,0.410277,-0.178123],[-0.298967,0.844585,0.444179],[0.332676,-0.344019,0.878053]],[[0.919776,0.379048,-0.10166],[-0.361289,0.919005,0.157796],[0.153238,-0.108409,0.982225]],[[0.919776,0.379048,-0.10166],[-0.379853,0.924968,0.0120693],[0.0986069,0.0275147,0.994746]],[[0.919776,0.379048,-0.10166],[-0.38817,0.91683,-0.0935213],[0.0577557,0.12548,0.990414]]],"btipPosition":[2.78966,330.851,-64.8748],"carpPosition":[37.2076,303.701,82.8421],"dipPosition":[3.77615,332.994,-47.9581],"direction":[-0.0986069,-0.0275147,-0.994746],"extended":true,"handId":393,"id":3931,"length":58.7895,"mcpPosition":[12.7403,329.003,18.2638],"pipPosition":[6.15879,333.659,-23.922],"stabilizedTipPosition":[21.1376,327.841,72.3913],"timeVisible":0.759231,"tipPosition":[3.14781,330.984,-60.8718],"tipVelocity":[33.4983,86.2465,-177.988],"tool":false,"touchDistance":-0.578104,"touchZone":"hovering","type":1,"width":19.3369},{"bases":[[[0.968893,0.209994,-0.130951],[-0.136078,0.89403,0.42684],[0.206708,-0.395743,0.894796]],[[0.969635,0.208561,-0.127713],[-0.22999,0.600117,-0.766136],[-0.083143,0.772245,0.629861]],[[0.969635,0.208561,-0.127713],[0.0151712,-0.572514,-0.819754],[-0.244086,0.792925,-0.558294]],[[0.969635,0.208561,-0.127713],[0.147394,-0.915096,-0.375332],[-0.195149,0.345111,-0.91805]]],"btipPosition":[47.5881,271.703,21.2703],"carpPosition":[47.3941,310.337,80.9119],"dipPosition":[43.922,278.186,4.02358],"direction":[0.244086,-0.792925,0.558294],"extended":false,"handId":393,"id":3932,"length":66.986,"mcpPosition":[32.9769,337.939,18.5028],"pipPosition":[36.9832,300.727,-11.8474],"stabilizedTipPosition":[72.9562,266.174,151.247],"timeVisible":0.759231,"tipPosition":[46.7652,273.061,17.3341],"tipVelocity":[0.862733,47.0332,-166.617],"tool":false,"touchDistance":0.333333,"touchZone":"none","type":2,"width":18.9914},{"bases":[[[0.996235,0.0814707,-0.0296492],[-0.0598489,0.893678,0.4447],[0.0627268,-0.441251,0.895189]],[[0.994609,0.0911843,-0.0493885],[-0.0928318,0.570641,-0.815936],[-0.0462174,0.816122,0.576029]],[[0.994609,0.0911843,-0.0493885],[0.0192157,-0.63007,-0.776301],[-0.101905,0.771166,-0.628425]],[[0.994609,0.0911843,-0.0493885],[0.0703035,-0.943012,-0.325247],[-0.0762314,0.320021,-0.944339]]],"btipPosition":[61.3253,277.877,32.2174],"carpPosition":[58.943,314.032,78.9618],"dipPosition":[59.9014,283.855,14.5788],"direction":[0.101905,-0.771166,0.628425],"extended":false,"handId":393,"id":3933,"length":64.4088,"mcpPosition":[55.015,341.664,22.9044],"pipPosition":[57.0793,305.211,-2.82453],"stabilizedTipPosition":[87.4057,275.885,158.013],"timeVisible":0.759231,"tipPosition":[61.0141,279.16,28.0228],"tipVelocity":[1.25119,36.2064,-174.089],"tool":false,"touchDistance":0.333333,"touchZone":"none","type":3,"width":18.0715},{"bases":[[[0.992901,-0.118936,0.00109141],[0.101609,0.852952,0.512004],[-0.0618265,-0.508259,0.858982]],[[0.973824,-0.19047,0.124046],[0.214934,0.594061,-0.775174],[0.073956,0.781545,0.61945]],[[0.973824,-0.19047,0.124046],[-0.0136062,-0.593602,-0.804644],[0.226894,0.781894,-0.580655]],[[0.973824,-0.19047,0.124046],[-0.130797,-0.915895,-0.379511],[0.185899,0.353352,-0.916834]]],"btipPosition":[65.8422,291.274,31.6034],"carpPosition":[72.5122,310.815,76.1411],"dipPosition":[69.0455,297.363,15.8049],"direction":[-0.226894,-0.781894,0.580656],"extended":false,"handId":393,"id":3934,"length":50.4953,"mcpPosition":[76.0962,340.277,26.348],"pipPosition":[73.4819,312.651,4.45147],"stabilizedTipPosition":[91.9567,292.421,149.224],"timeVisible":0.759231,"tipPosition":[66.7703,292.621,28.0429],"tipVelocity":[7.07738,33.181,-173.779],"tool":false,"touchDistance":0.333333,"touchZone":"none","type":4,"width":16.0525}],"r":[[0.930961,0.352539,0.095019],[-0.362116,0.924798,0.116702],[-0.0467313,-0.143053,0.988611]],"s":1.07951,"t":[-51.3318,85.5478,-199.764],"timestamp":521289790260},false],[5,{"currentFrameRate":106.457,"devices":[],"gestures":[],"hands":[{"armBasis":[[0.828297,0.482439,-0.284916],[-0.239426,0.764519,0.598486],[0.506557,-0.427508,0.748757]],"armWidth":63.7005,"confidence":0.834164,"direction":[-0.214868,0.53019,-0.820201],"elbow":[196.896,184.524,283.877],"grabStrength":0,"id":393,"palmNormal":[0.246896,-0.78305,-0.570854],"palmPosition":[42.4335,322.678,35.316],"palmVelocity":[15.6215,42.4604,-162.224],"palmWidth":90.9622,"pinchStrength":0.473027,"r":[[0.932021,0.349148,0.0971191],[-0.359089,0.92588,0.11748],[-0.0489026,-0.144368,0.988315]],"s":1.08,"sphereCenter":[54.6756,297.155,-5.66759],"sphereRadius":48.4128,"stabilizedPalmPosition":[63.611,317.215,163.934],"t":[-51.2124,85.9142,-201.098],"timeVisible":0.768439,"type":"right","wrist":[60.1672,299.916,81.7741]}],"id":4100456,"interactionBox":{"center":[0,200,0],"size":[235.247,235.247,147.751]},"pointables":[{"bases":[[[0.117476,0.934683,0.33551],[-0.787026,-0.118412,0.605449],[0.605631,-0.335181,0.72171]],[[-0.107483,0.992716,0.0544346],[-0.851958,-0.120188,0.50963],[0.51246,0.00840057,0.85867]],[[-0.107483,0.992716,0.0544346],[-0.969871,-0.116735,0.213829],[0.218625,-0.0298116,0.975353]],[[-0.107483,0.992716,0.0544346],[-0.864929,-0.0663681,-0.497487],[-0.49025,-0.100554,0.865762]]],"btipPosition":[15.0836,283.331,-16.8694],"carpPosition":[36.6383,280.381,79.4811],"dipPosition":[3.61347,280.978,3.3863],"direction":[-0.218625,0.0298116,-0.975353],"extended":false,"handId":393,"id":3930,"length":52.1005,"mcpPosition":[36.6383,280.381,79.4811],"pipPosition":[11.0654,279.962,36.6314],"stabilizedTipPosition":[26.7696,285.616,111.458],"timeVisible":0.768439,"tipPosition":[11.6564,283.333,-11.5815],"tipVelocity":[15.363,62.9813,-188.685],"tool":false,"touchDistance":-0.565459,"touchZone":"hovering","type":0,"width":20.2438},{"bases":[[[0.895429,0.409566,-0.174534],[-0.29912,0.84382,0.445527],[0.329748,-0.346732,0.878091]],[[0.920551,0.378107,-0.0980841],[-0.360539,0.919066,0.159153],[0.150323,-0.111146,0.982369]],[[0.920551,0.378107,-0.0980841],[-0.378681,0.92543,0.0134185],[0.0958436,0.0247902,0.995088]],[[0.920551,0.378107,-0.0980841],[-0.38671,0.917581,-0.0921956],[0.0551404,0.122801,0.990898]]],"btipPosition":[3.16651,331.559,-66.1776],"carpPosition":[37.1325,303.981,81.5648],"dipPosition":[4.10832,333.657,-49.2527],"direction":[-0.0958436,-0.0247902,-0.995088],"extended":true,"handId":393,"id":3931,"length":58.7895,"mcpPosition":[12.8804,329.482,16.9837],"pipPosition":[6.4242,334.256,-25.2084],"stabilizedTipPosition":[21.1257,327.843,72.3006],"timeVisible":0.768439,"tipPosition":[3.51329,331.683,-62.1736],"tipVelocity":[35.2653,83.3289,-167.713],"tool":false,"touchDistance":-0.568141,"touchZone":"hovering","type":1,"width":19.3369},{"bases":[[[0.969532,0.209064,-0.127673],[-0.136119,0.893097,0.428776],[0.203666,-0.398334,0.894344]],[[0.970253,0.20764,-0.124477],[-0.227109,0.602592,-0.765052],[-0.083846,0.770564,0.631824]],[[0.970253,0.20764,-0.124477],[0.0167206,-0.57042,-0.821183],[-0.241514,0.794674,-0.556924]],[[0.970253,0.20764,-0.124477],[0.147307,-0.914389,-0.377085],[-0.192118,0.347532,-0.917776]]],"btipPosition":[47.643,272.141,19.9318],"carpPosition":[47.333,310.609,79.6805],"dipPosition":[44.0338,278.67,2.69021],"direction":[0.241514,-0.794674,0.556924],"extended":false,"handId":393,"id":3932,"length":66.986,"mcpPosition":[33.128,338.391,17.303],"pipPosition":[37.1681,301.261,-13.1419],"stabilizedTipPosition":[72.9551,266.174,151.241],"timeVisible":0.768439,"tipPosition":[46.8334,273.507,15.9992],"tipVelocity":[2.68794,47.5072,-160.632],"tool":false,"touchDistance":0.333333,"touchZone":"none","type":2,"width":18.9914},{"bases":[[[0.99642,0.0802427,-0.0266285],[-0.0599402,0.892599,0.44685],[0.059625,-0.443654,0.894212]],[[0.994847,0.0900893,-0.0465083],[-0.0900095,0.573681,-0.814118],[-0.0466625,0.81411,0.578834]],[[0.994847,0.0900893,-0.0465083],[0.020425,-0.627409,-0.778422],[-0.0993072,0.773461,-0.626016]],[[0.994847,0.0900893,-0.0465083],[0.0699828,-0.942106,-0.327931],[-0.0733588,0.322986,-0.943556]]],"btipPosition":[61.363,278.26,30.8828],"carpPosition":[58.8921,314.294,77.7727],"dipPosition":[59.9928,284.293,13.2587],"direction":[0.0993072,-0.773461,0.626016],"extended":false,"handId":393,"id":3933,"length":64.4088,"mcpPosition":[55.1584,342.076,21.7763],"pipPosition":[57.2426,305.713,-4.07784],"stabilizedTipPosition":[87.405,275.885,158.01],"timeVisible":0.768439,"tipPosition":[61.0626,279.558,26.7186],"tipVelocity":[2.42146,38.1032,-165.828],"tool":false,"touchDistance":0.333333,"touchZone":"none","type":3,"width":18.0715},{"bases":[[[0.992739,-0.120238,0.00358179],[0.101274,0.851487,0.514503],[-0.0649128,-0.510404,0.857481]],[[0.973248,-0.192002,0.126185],[0.217761,0.595728,-0.773103],[0.0732654,0.7799,0.621602]],[[0.973248,-0.192002,0.126185],[-0.0121846,-0.591576,-0.806157],[0.229432,0.783054,-0.57809]],[[0.973248,-0.192002,0.126185],[-0.130915,-0.91477,-0.382175],[0.188809,0.355432,-0.915434]]],"btipPosition":[65.8986,291.649,30.3808],"carpPosition":[72.4651,311.066,74.9818],"dipPosition":[69.1521,297.774,14.6064],"direction":[-0.229432,-0.783054,0.57809],"extended":false,"handId":393,"id":3934,"length":50.4953,"mcpPosition":[76.2279,340.653,25.2758],"pipPosition":[73.6381,313.085,3.30316],"stabilizedTipPosition":[91.9563,292.421,149.222],"timeVisible":0.768439,"tipPosition":[66.8347,293.005,26.8231],"tipVelocity":[7.16153,35.5504,-162.131],"tool":false,"touchDistance":0.333333,"touchZone":"none","type":4,"width":16.0525}],"r":[[0.932021,0.349148,0.0971191],[-0.359089,0.92588,0.11748],[-0.0489026,-0.144368,0.988315]],"s":1.08,"t":[-51.2124,85.9142,-201.098],"timestamp":521289799468},false],[6,{"currentFrameRate":106.757,"devices":[],"gestures":[],"hands":[{"armBasis":[[0.833645,0.477223,-0.27802],[-0.240559,0.766868,0.595017],[0.49716,-0.429152,0.754096]],"armWidth":63.7005,"confidence":0.840934,"direction":[-0.213682,0.534161,-0.817932],"elbow":[194.344,184.412,283.441],"grabStrength":0,"id":393,"palmNormal":[0.246121,-0.780826,-0.574226],"palmPosition":[42.4748,323.243,33.532],"palmVelocity":[12.6688,48.2826,-173.043],"palmWidth":90.9622,"pinchStrength":0.472976,"r":[[0.932944,0.346083,0.0992104],[-0.356422,0.926729,0.118899],[-0.0507922,-0.146287,0.987937]],"s":1.08026,"sphereCenter":[54.8617,297.899,-7.57884],"sphereRadius":48.4439,"stabilizedPalmPosition":[63.6104,317.216,163.93],"t":[-51.1321,86.3797,-202.657],"timeVisible":0.777257,"type":"right","wrist":[60.1514,300.248,79.8971]}],"id":4100457,"interactionBox":{"center":[0,200,0],"size":[235.247,235.247,147.751]},"pointables":[{"bases":[[[0.11859,0.933005,0.339762],[-0.787521,-0.120031,0.604486],[0.60477,-0.339256,0.720527]],[[-0.106097,0.992611,0.0588769],[-0.853312,-0.121286,0.507098],[0.510492,0.00356107,0.859875]],[[-0.106097,0.992611,0.0588769],[-0.970407,-0.116277,0.211638],[0.216921,-0.0346804,0.975573]],[[-0.106097,0.992611,0.0588769],[-0.867745,-0.0635117,-0.492935],[-0.485553,-0.103389,0.868072]]],"btipPosition":[15.0883,284.18,-18.9684],"carpPosition":[36.5967,280.756,77.5038],"dipPosition":[3.7281,281.761,1.3414],"direction":[-0.216921,0.0346804,-0.975573],"extended":false,"handId":393,"id":3930,"length":52.1005,"mcpPosition":[36.5967,280.756,77.5038],"pipPosition":[11.1219,280.579,34.594],"stabilizedTipPosition":[26.7682,285.616,111.445],"timeVisible":0.777257,"tipPosition":[11.7161,284.134,-13.6516],"tipVelocity":[12.1354,71.499,-201.621],"tool":false,"touchDistance":-0.568544,"touchZone":"hovering","type":0,"width":20.2438},{"bases":[[[0.896093,0.409098,-0.17221],[-0.298192,0.84223,0.449145],[0.328785,-0.351124,0.876706]],[[0.921114,0.377285,-0.0959424],[-0.35941,0.918871,0.162793],[0.149578,-0.115468,0.981985]],[[0.921114,0.377285,-0.0959424],[-0.377445,0.925873,0.0171811],[0.0953126,0.0203872,0.995239]],[[0.921114,0.377285,-0.0959424],[-0.38542,0.918499,-0.0883839],[0.054777,0.11839,0.991455]]],"btipPosition":[3.27833,332.615,-67.9436],"carpPosition":[37.1224,304.346,79.6936],"dipPosition":[4.21394,334.637,-51.0091],"direction":[-0.0953126,-0.0203872,-0.995239],"extended":true,"handId":393,"id":3931,"length":58.7895,"mcpPosition":[12.9412,330.17,15.2144],"pipPosition":[6.51698,335.129,-26.9612],"stabilizedTipPosition":[21.1123,327.847,72.1975],"timeVisible":0.777257,"tipPosition":[3.61965,332.735,-63.9404],"tipVelocity":[29.1271,92.6063,-176.431],"tool":false,"touchDistance":-0.566117,"touchZone":"hovering","type":1,"width":19.3369},{"bases":[[[0.969891,0.208285,-0.126209],[-0.135113,0.891354,0.432703],[0.202623,-0.402623,0.892658]],[[0.970599,0.206865,-0.123062],[-0.226004,0.607304,-0.761645],[-0.0828216,0.767065,0.636201]],[[0.970599,0.206865,-0.123062],[0.0161903,-0.566214,-0.8241],[-0.240157,0.797878,-0.552916]],[[0.970599,0.206865,-0.123062],[0.14625,-0.9129,-0.381083],[-0.191176,0.351881,-0.916314]]],"btipPosition":[47.6103,272.795,17.8611],"carpPosition":[47.3332,310.968,77.8446],"dipPosition":[44.0188,279.406,0.646943],"direction":[0.240157,-0.797878,0.552916],"extended":false,"handId":393,"id":3932,"length":66.986,"mcpPosition":[33.2009,339.049,15.5846],"pipPosition":[37.1917,302.088,-15.0712],"stabilizedTipPosition":[72.954,266.174,151.235],"timeVisible":0.777257,"tipPosition":[46.8085,274.175,13.9574],"tipVelocity":[1.08667,55.2775,-180.461],"tool":false,"touchDistance":0.333333,"touchZone":"none","type":2,"width":18.9914},{"bases":[[[0.996545,0.078975,-0.0257287],[-0.0589453,0.890668,0.450816],[0.058519,-0.447742,0.892246]],[[0.994982,0.0889911,-0.0457215],[-0.0890005,0.57852,-0.810798],[-0.0457031,0.810799,0.583537]],[[0.994982,0.0889911,-0.0457215],[0.019781,-0.622946,-0.782015],[-0.0980744,0.777187,-0.62158]],[[0.994982,0.0889911,-0.0457215],[0.0688187,-0.94046,-0.332866],[-0.0726213,0.328049,-0.941865]]],"btipPosition":[61.3478,278.818,28.8283],"carpPosition":[58.8985,314.646,75.9595],"dipPosition":[59.9914,284.945,11.2358],"direction":[0.0980744,-0.777187,0.62158],"extended":false,"handId":393,"id":3933,"length":64.4088,"mcpPosition":[55.234,342.684,20.0863],"pipPosition":[57.2753,306.468,-5.97792],"stabilizedTipPosition":[87.4043,275.885,158.006],"timeVisible":0.777257,"tipPosition":[61.0491,280.141,24.7063],"tipVelocity":[1.40094,45.5497,-183.729],"tool":false,"touchDistance":0.333333,"touchZone":"none","type":3,"width":18.0715},{"bases":[[[0.992569,-0.121634,0.00358012],[0.102174,0.84903,0.518371],[-0.0660912,-0.514153,0.855148]],[[0.972939,-0.193854,0.125736],[0.218905,0.599158,-0.770124],[0.0739555,0.776808,0.62538]],[[0.972939,-0.193854,0.125736],[-0.0125483,-0.587697,-0.808984],[0.230719,0.785514,-0.574226]],[[0.972939,-0.193854,0.125736],[-0.131924,-0.912807,-0.386496],[0.189697,0.35945,-0.91368]]],"btipPosition":[65.9054,292.204,28.4565],"carpPosition":[72.4685,311.411,73.1616],"dipPosition":[69.1742,298.397,12.7123],"direction":[-0.230719,-0.785514,0.574226],"extended":false,"handId":393,"id":3934,"length":50.4953,"mcpPosition":[76.2996,341.215,23.5908],"pipPosition":[73.6854,313.756,1.4846],"stabilizedTipPosition":[91.956,292.421,149.22],"timeVisible":0.777257,"tipPosition":[66.8396,293.576,24.9098],"tipVelocity":[5.5457,43.411,-177.057],"tool":false,"touchDistance":0.333333,"touchZone":"none","type":4,"width":16.0525}],"r":[[0.932944,0.346083,0.0992104],[-0.356422,0.926729,0.118899],[-0.0507922,-0.146287,0.987937]],"s":1.08026,"t":[-51.1321,86.3797,-202.657],"timestamp":521289808286},false]