{"sensorType":"Leap","data":[[0,{"currentFrameRate":108.211,"devices":[],"gestures":[],"hands":[{"armBasis":[[0.823168,0.516021,-0.236889],[-0.275962,0.728212,0.627338],[0.496224,-0.451032,0.741843]],"armWidth":63.7005,"confidence":0.776852,"direction":[-0.243642,0.560279,-0.791661],"elbow":[185.846,173.798,288.172],"grabStrength":0,"id":392,"palmNormal":[0.281241,-0.740372,-0.610535],"palmPosition":[32.8952,319.757,42.7356],"palmVelocity":[5.02141,-6.58403,-137.89],"palmWidth":90.9622,"pinchStrength":0.433374,"r":[[0.970347,0.227557,0.0815194],[-0.229207,0.973311,0.011369],[-0.0767567,-0.0297167,0.996607]],"s":1.0567,"sphereCenter":[51.3553,298.706,0.335786],"sphereRadius":49.8436,"stabilizedPalmPosition":[46.609,296.257,146.331],"t":[-41.5326,92.9007,-184.649],"timeVisible":0.61466,"type":"right","wrist":[51.9065,295.539,87.9351]}],"id":4099990,"interactionBox":{"center":[0,200,0],"size":[235.247,235.247,147.751]},"pointables":[{"bases":[[[0.0744106,0.920987,0.382421],[-0.777694,-0.186452,0.600356],[0.624223,-0.342079,0.702372]],[[-0.13851,0.982356,0.125665],[-0.844763,-0.183419,0.502725],[0.516904,-0.0365253,0.855264]],[[-0.13851,0.982356,0.125665],[-0.963112,-0.16317,0.213988],[0.230717,-0.0913905,0.968719]],[[-0.13851,0.982356,0.125665],[-0.879671,-0.0637424,-0.471293],[-0.454967,-0.175823,0.872979]]],"btipPosition":[6.30938,284.096,-11.4216],"carpPosition":[29.3235,275.044,84.7017],"dipPosition":[-4.33523,279.982,9.00302],"direction":[-0.230717,0.0913905,-0.968719],"extended":false,"handId":392,"id":3920,"length":52.1005,"mcpPosition":[29.3235,275.044,84.7017],"pipPosition":[3.5288,276.867,42.022],"stabilizedTipPosition":[11.8555,267.527,95.8905],"timeVisible":0.61466,"tipPosition":[3.53785,283.403,-6.78782],"tipVelocity":[13.1937,14.1525,-155.002],"tool":false,"touchDistance":-0.522009,"touchZone":"hovering","type":0,"width":20.2438},{"bases":[[[0.874108,0.460198,-0.15541],[-0.336876,0.804863,0.48858],[0.349927,-0.374718,0.858567]],[[0.912779,0.406467,-0.0402317],[-0.392181,0.899678,0.191763],[0.114141,-0.159259,0.980616]],[[0.912779,0.406467,-0.0402317],[-0.403694,0.912749,0.0626096],[0.0621702,-0.0409074,0.997227]],[[0.912779,0.406467,-0.0402317],[-0.40774,0.912572,-0.0309755],[0.0241238,0.0446779,0.99871]]],"btipPosition":[-3.84904,333.129,-58.4327],"carpPosition":[28.7037,298.505,87.9835],"dipPosition":[-3.43699,333.892,-41.3744],"direction":[-0.0621702,0.0409074,-0.997227],"extended":true,"handId":392,"id":3921,"length":58.7895,"mcpPosition":[2.96749,326.064,24.8384],"pipPosition":[-1.93477,332.904,-17.2784],"stabilizedTipPosition":[2.89276,308.648,59.0609],"timeVisible":0.61466,"tipPosition":[-3.658,332.336,-54.4747],"tipVelocity":[23.5526,35.6731,-139.488],"tool":false,"touchDistance":-0.536148,"touchZone":"hovering","type":1,"width":19.3369},{"bases":[[[0.957884,0.261344,-0.118984],[-0.176484,0.862655,0.474004],[0.22652,-0.433042,0.872447]],[[0.95553,0.265737,-0.127856],[-0.274048,0.64006,-0.717789],[-0.108908,0.720907,0.684421]],[[0.95553,0.265737,-0.127856],[0.0731375,-0.633567,-0.770223],[-0.285682,0.72662,-0.624828]],[[0.95553,0.265737,-0.127856],[0.233641,-0.946736,-0.221591],[-0.17993,0.181864,-0.966721]]],"btipPosition":[39.5187,277.092,28.5109],"carpPosition":[38.5684,305.699,86.4169],"dipPosition":[36.1384,280.508,10.3498],"direction":[0.285682,-0.72662,0.624828],"extended":false,"handId":392,"id":3922,"length":66.986,"mcpPosition":[22.7694,335.902,25.5667],"pipPosition":[28.0172,301.165,-7.41263],"stabilizedTipPosition":[49.9436,251.682,132.373],"timeVisible":0.61466,"tipPosition":[38.6506,278.059,24.4143],"tipVelocity":[-1.26477,-3.82623,-153.661],"tool":false,"touchDistance":0.333333,"touchZone":"none","type":2,"width":18.9914},{"bases":[[[0.991338,0.128991,-0.0246912],[-0.100285,0.864879,0.491862],[0.0848005,-0.485125,0.870323]],[[0.986955,0.149053,-0.0608614],[-0.142652,0.634343,-0.759775],[-0.0746395,0.758546,0.647331]],[[0.986955,0.149053,-0.0608614],[0.0564826,-0.674551,-0.736064],[-0.150766,0.723024,-0.67417]],[[0.986955,0.149053,-0.0608614],[0.135199,-0.97255,-0.189387],[-0.0874194,0.178688,-0.980014]]],"btipPosition":[53.7618,283.161,38.235],"carpPosition":[49.9301,310.024,84.6739],"dipPosition":[52.129,286.499,19.9301],"direction":[0.150766,-0.723024,0.67417],"extended":false,"handId":392,"id":3923,"length":64.4088,"mcpPosition":[44.6199,340.403,30.1735],"pipPosition":[47.9537,306.522,1.2599],"stabilizedTipPosition":[65.5225,258.507,135.673],"timeVisible":0.61466,"tipPosition":[53.3491,284.196,33.8644],"tipVelocity":[-1.79355,-11.4153,-146.064],"tool":false,"touchDistance":0.333333,"touchZone":"none","type":3,"width":18.0715},{"bases":[[[0.997342,-0.0727122,-0.00472294],[0.0630134,0.828132,0.556979],[-0.0365879,-0.555796,0.830513]],[[0.995547,-0.091362,0.0232092],[0.0780991,0.661561,-0.745813],[0.0527846,0.744305,0.665751]],[[0.995547,-0.091362,0.0232092],[-0.0431151,-0.660284,-0.749778],[0.0838259,0.745438,-0.661283]],[[0.995547,-0.091362,0.0232092],[-0.0838164,-0.970621,-0.225544],[0.0431335,0.222595,-0.973956]]],"btipPosition":[61.5011,295.091,39.7293],"carpPosition":[63.6283,307.594,81.6926],"dipPosition":[62.2443,298.927,22.9465],"direction":[-0.0838259,-0.745438,0.661283],"extended":false,"handId":392,"id":3924,"length":50.4953,"mcpPosition":[65.7492,339.812,33.5498],"pipPosition":[63.8834,313.502,10.0166],"stabilizedTipPosition":[74.6248,274.58,130.344],"timeVisible":0.61466,"tipPosition":[61.9616,296.171,35.516],"tipVelocity":[-2.50477,-13.183,-134.455],"tool":false,"touchDistance":0.333333,"touchZone":"none","type":4,"width":16.0525}],"r":[[0.970347,0.227557,0.0815194],[-0.229207,0.973311,0.011369],[-0.0767567,-0.0297167,0.996607]],"s":1.0567,"t":[-41.5326,92.9007,-184.649],"timestamp":521285067537},false],[1,{"currentFrameRate":108.31,"devices":[],"gestures":[],"hands":[{"armBasis":[[0.82743,0.507653,-0.240098],[-0.269853,0.734387,0.62278],[0.492481,-0.450516,0.744646]],"armWidth":63.7005,"confidence":0.787796,"direction":[-0.23845,0.560017,-0.793425],"elbow":[184.765,173.855,287.534],"grabStrength":0,"id":392,"palmNormal":[0.274315,-0.744883,-0.608195],"palmPosition":[33.0484,319.709,41.2659],"palmVelocity":[8.30564,-6.24855,-144.638],"palmWidth":90.9622,"pinchStrength":0.436542,"r":[[0.970946,0.224489,0.0828763],[-0.226219,0.974003,0.0119844],[-0.0780314,-0.0303843,0.996488]],"s":1.05605,"sphereCenter":[51.3752,298.356,-1.06732],"sphereRadius":49.8288,"stabilizedPalmPosition":[46.6089,296.257,146.331],"t":[-41.4058,92.906,-185.912],"timeVisible":0.623713,"type":"right","wrist":[51.8353,295.458,86.5415]}],"id":4099991,"interactionBox":{"center":[0,200,0],"size":[235.247,235.247,147.751]},"pointables":[{"bases":[[[0.0829923,0.921459,0.379507],[-0.779371,-0.177309,0.600951],[0.621041,-0.345651,0.703443]],[[-0.1288,0.983978,0.123281],[-0.847447,-0.173777,0.501632],[0.515018,-0.0398641,0.856252]],[[-0.1288,0.983978,0.123281],[-0.965149,-0.152941,0.212358],[0.22781,-0.0916329,0.969384]],[[-0.1288,0.983978,0.123281],[-0.87828,-0.0554623,-0.474919],[-0.460472,-0.169445,0.871352]]],"btipPosition":[6.37037,284.241,-12.7841],"carpPosition":[29.0625,275.164,83.3731],"dipPosition":[-4.40304,280.276,7.60248],"direction":[-0.22781,0.0916329,-0.969384],"extended":false,"handId":392,"id":3920,"length":52.1005,"mcpPosition":[29.0625,275.164,83.3731],"pipPosition":[3.36192,277.153,40.6441],"stabilizedTipPosition":[11.8552,267.527,95.887],"timeVisible":0.623713,"tipPosition":[3.51326,283.524,-8.14712],"tipVelocity":[10.509,15.715,-154.027],"tool":false,"touchDistance":-0.51871,"touchZone":"hovering","type":0,"width":20.2438},{"bases":[[[0.878346,0.451552,-0.156873],[-0.329353,0.809502,0.486038],[0.34646,-0.375243,0.859743]],[[0.916524,0.39782,-0.041512],[-0.383767,0.903874,0.189037],[0.112724,-0.157326,0.981092]],[[0.916524,0.39782,-0.041512],[-0.395175,0.916662,0.0597249],[0.0618123,-0.0383348,0.997351]],[[0.916524,0.39782,-0.041512],[-0.399227,0.916223,-0.0339495],[0.0245285,0.0476883,0.998561]]],"btipPosition":[-3.57399,333.106,-59.9428],"carpPosition":[28.6611,298.639,86.5808],"dipPosition":[-3.15503,333.92,-42.887],"direction":[-0.0618123,0.0383348,-0.997351],"extended":true,"handId":392,"id":3921,"length":58.7895,"mcpPosition":[3.17996,326.237,23.3492],"pipPosition":[-1.66146,332.994,-18.788],"stabilizedTipPosition":[2.8925,308.649,59.0561],"timeVisible":0.623713,"tipPosition":[-3.39102,332.33,-55.9831],"tipVelocity":[25.4857,25.47,-147.045],"tool":false,"touchDistance":-0.533527,"touchZone":"hovering","type":1,"width":19.3369},{"bases":[[[0.96027,0.252042,-0.11982],[-0.16843,0.865754,0.471277],[0.222516,-0.432372,0.873809]],[[0.957947,0.256445,-0.128738],[-0.268124,0.640159,-0.719935],[-0.102211,0.724177,0.681997]],[[0.957947,0.256445,-0.128738],[0.0671697,-0.63659,-0.768272],[-0.278973,0.727316,-0.627045]],[[0.957947,0.256445,-0.128738],[0.22477,-0.949509,-0.218886],[-0.17837,0.180745,-0.967221]]],"btipPosition":[39.2791,276.926,27.1795],"carpPosition":[38.5923,305.736,84.9914],"dipPosition":[35.9282,280.322,9.00908],"direction":[0.278973,-0.727316,0.627045],"extended":false,"handId":392,"id":3922,"length":66.986,"mcpPosition":[23.0725,335.893,24.0461],"pipPosition":[27.9977,300.998,-8.81638],"stabilizedTipPosition":[49.9436,251.682,132.373],"timeVisible":0.623713,"tipPosition":[38.4191,277.891,23.0775],"tipVelocity":[-8.01213,-7.97035,-151.906],"tool":false,"touchDistance":0.333333,"touchZone":"none","type":2,"width":18.9914},{"bases":[[[0.992495,0.119682,-0.0251092],[-0.0922138,0.867324,0.489127],[0.0803176,-0.48314,0.871851]],[[0.988323,0.139565,-0.0611524],[-0.136805,0.636008,-0.759459],[-0.0671006,0.758956,0.647675]],[[0.988323,0.139565,-0.0611524],[0.0495219,-0.673745,-0.737302],[-0.144103,0.725664,-0.672789]],[[0.988323,0.139565,-0.0611524],[0.1257,-0.973608,-0.190492],[-0.0861245,0.180581,-0.979782]]],"btipPosition":[53.5606,282.836,36.6421],"carpPosition":[49.9937,309.95,83.2346],"dipPosition":[51.952,286.209,18.3414],"direction":[0.144103,-0.725664,0.672789],"extended":false,"handId":392,"id":3923,"length":64.4088,"mcpPosition":[44.9642,340.205,28.6385],"pipPosition":[47.9613,306.305,-0.290482],"stabilizedTipPosition":[65.5224,258.507,135.672],"timeVisible":0.623713,"tipPosition":[53.1634,283.882,32.3692],"tipVelocity":[-7.26073,-17.9298,-154.283],"tool":false,"touchDistance":0.333333,"touchZone":"none","type":3,"width":18.0715},{"bases":[[[0.996622,-0.0820038,-0.00450361],[0.0707385,0.829266,0.554359],[-0.0417248,-0.552804,0.832266]],[[0.994633,-0.100706,0.0237273],[0.0844975,0.658314,-0.747986],[0.0597069,0.745977,0.66329]],[[0.994633,-0.100706,0.0237273],[-0.049204,-0.662145,-0.747758],[0.0910149,0.742578,-0.663547]],[[0.994633,-0.100706,0.0237273],[-0.0929429,-0.970437,-0.222741],[0.0454573,0.21934,-0.974589]]],"btipPosition":[61.4138,294.76,38.338],"carpPosition":[63.6685,307.383,80.2608],"dipPosition":[62.1971,298.539,21.5444],"direction":[-0.0910149,-0.742578,0.663547],"extended":false,"handId":392,"id":3924,"length":50.4953,"mcpPosition":[66.0872,339.428,32.0164],"pipPosition":[63.9767,313.059,8.57017],"stabilizedTipPosition":[74.6247,274.58,130.343],"timeVisible":0.623713,"tipPosition":[61.8843,295.823,34.1266],"tipVelocity":[-4.19315,-20.04,-139.835],"tool":false,"touchDistance":0.333333,"touchZone":"none","type":4,"width":16.0525}],"r":[[0.970946,0.224489,0.0828763],[-0.226219,0.974003,0.0119844],[-0.0780314,-0.0303843,0.996488]],"s":1.05605,"t":[-41.4058,92.906,-185.912],"timestamp":521285076590},false],[2,{"currentFrameRate":108.448,"devices":[],"gestures":[],"hands":[{"armBasis":[[0.823627,0.50949,-0.249115],[-0.267759,0.736551,0.621127],[0.499944,-0.444874,0.743063]],"armWidth":63.7005,"confidence":0.797647,"direction":[-0.235755,0.557917,-0.795706],"elbow":[186.597,175.268,285.393],"grabStrength":0,"id":392,"palmNormal":[0.27257,-0.747959,-0.605197],"palmPosition":[32.9949,319.495,39.4436],"palmVelocity":[4.39597,-11.0489,-160.651],"palmWidth":90.9622,"pinchStrength":0.438038,"r":[[0.971543,0.221463,0.0840151],[-0.223197,0.974703,0.0117265],[-0.0792928,-0.0301448,0.996395]],"s":1.05522,"sphereCenter":[51.3737,297.931,-2.79823],"sphereRadius":49.825,"stabilizedPalmPosition":[46.6089,296.257,146.331],"t":[-41.3692,92.802,-187.455],"timeVisible":0.632685,"type":"right","wrist":[51.653,295.347,84.8274]}],"id":4099992,"interactionBox":{"center":[0,200,0],"size":[235.247,235.247,147.751]},"pointables":[{"bases":[[[0.0855604,0.92255,0.376272],[-0.780606,-0.172613,0.600715],[0.619139,-0.345118,0.705379]],[[-0.12514,0.984811,0.120366],[-0.849337,-0.169043,0.500051],[0.512802,-0.0396552,0.85759]],[[-0.12514,0.984811,0.120366],[-0.966338,-0.148473,0.210112],[0.224792,-0.090021,0.97024]],[[-0.12514,0.984811,0.120366],[-0.877563,-0.0532738,-0.476492],[-0.462842,-0.165257,0.8709]]],"btipPosition":[6.39474,284.03,-14.5358],"carpPosition":[28.818,275.116,81.7068],"dipPosition":[-4.43412,280.163,5.8402],"direction":[-0.224792,0.090021,-0.97024],"extended":false,"handId":392,"id":3920,"length":52.1005,"mcpPosition":[28.818,275.116,81.7068],"pipPosition":[3.22795,277.095,38.911],"stabilizedTipPosition":[11.855,267.528,95.8847],"timeVisible":0.632685,"tipPosition":[3.50124,283.282,-9.88692],"tipVelocity":[7.98571,5.65408,-165.388],"tool":false,"touchDistance":-0.521484,"touchZone":"hovering","type":0,"width":20.2438},{"bases":[[[0.879979,0.448135,-0.15752],[-0.327263,0.812315,0.482745],[0.344291,-0.373255,0.861478]],[[0.917872,0.394664,-0.0418564],[-0.380991,0.905756,0.185611],[0.111166,-0.15442,0.981731]],[[0.917872,0.394664,-0.0418564],[-0.392231,0.918157,0.0560601],[0.0605557,-0.0350386,0.99755]],[[0.917872,0.394664,-0.0418564],[-0.396182,0.917395,-0.0377603],[0.0234962,0.0512418,0.99841]]],"btipPosition":[-3.47148,332.659,-61.8516],"carpPosition":[28.4891,298.604,84.8293],"dipPosition":[-3.07016,333.534,-44.7984],"direction":[-0.0605557,0.0350386,-0.99755],"extended":true,"handId":392,"id":3921,"length":58.7895,"mcpPosition":[3.16754,326.056,21.4701],"pipPosition":[-1.60695,332.688,-20.6946],"stabilizedTipPosition":[2.8923,308.65,59.0525],"timeVisible":0.632685,"tipPosition":[-3.2972,331.908,-57.8903],"tipVelocity":[21.5114,5.29207,-165.056],"tool":false,"touchDistance":-0.537148,"touchZone":"hovering","type":1,"width":19.3369},{"bases":[[[0.961214,0.248497,-0.119656],[-0.166143,0.867991,0.467961],[0.220147,-0.429931,0.875611]],[[0.958919,0.252867,-0.128577],[-0.265233,0.638413,-0.722552],[-0.100625,0.726971,0.679255]],[[0.958919,0.252867,-0.128577],[0.0659344,-0.639505,-0.765954],[-0.27591,0.726011,-0.629906]],[[0.958919,0.252867,-0.128577],[0.221901,-0.950991,-0.215352],[-0.176731,0.177974,-0.968035]]],"btipPosition":[39.1028,276.637,25.5166],"carpPosition":[38.4451,305.663,83.2254],"dipPosition":[35.7827,279.981,7.33084],"direction":[0.27591,-0.726011,0.629906],"extended":false,"handId":392,"id":3922,"length":66.986,"mcpPosition":[23.0905,335.649,22.1544],"pipPosition":[27.9392,300.62,-10.5759],"stabilizedTipPosition":[49.9435,251.682,132.372],"timeVisible":0.632685,"tipPosition":[38.2512,277.591,21.4102],"tipVelocity":[-10.9826,-14.9713,-161.171],"tool":false,"touchDistance":0.333333,"touchZone":"none","type":2,"width":18.9914},{"bases":[[[0.992905,0.116376,-0.0244321],[-0.0899414,0.869379,0.485891],[0.0777867,-0.480246,0.873678]],[[0.988861,0.136045,-0.0603747],[-0.133804,0.634875,-0.760941],[-0.0651922,0.760543,0.646006]],[[0.988861,0.136045,-0.0603747],[0.0478798,-0.67483,-0.736419],[-0.140929,0.725325,-0.673827]],[[0.988861,0.136045,-0.0603747],[0.122505,-0.974308,-0.188988],[-0.0845345,0.179487,-0.980122]]],"btipPosition":[53.3846,282.497,34.8688],"carpPosition":[49.862,309.834,81.4661],"dipPosition":[51.8056,285.85,16.5618],"direction":[0.140929,-0.725325,0.673827],"extended":false,"handId":392,"id":3923,"length":64.4088,"mcpPosition":[44.9909,339.907,26.7557],"pipPosition":[47.9028,305.937,-2.09882],"stabilizedTipPosition":[65.5223,258.507,135.672],"timeVisible":0.632685,"tipPosition":[52.9996,283.538,30.6362],"tipVelocity":[-10.4375,-23.5049,-166.203],"tool":false,"touchDistance":0.333333,"touchZone":"none","type":3,"width":18.0715},{"bases":[[[0.996355,-0.0852469,-0.00309434],[0.0728144,0.83103,0.551441],[-0.0444372,-0.549657,0.834208]],[[0.994207,-0.104314,0.0259237],[0.0885517,0.658178,-0.747636],[0.0609265,0.745601,0.663602]],[[0.994207,-0.104314,0.0259237],[-0.049843,-0.661099,-0.748642],[0.0952319,0.743012,-0.662468]],[[0.994207,-0.104314,0.0259237],[-0.0959662,-0.970074,-0.223041],[0.0484141,0.219261,-0.974464]]],"btipPosition":[61.2577,294.412,36.4473],"carpPosition":[63.5317,307.212,78.5169],"dipPosition":[62.0919,298.19,19.6558],"direction":[-0.0952319,-0.743012,0.662468],"extended":false,"handId":392,"id":3924,"length":50.4953,"mcpPosition":[66.1076,339.074,30.1599],"pipPosition":[63.954,312.718,6.70265],"stabilizedTipPosition":[74.6246,274.58,130.342],"timeVisible":0.632685,"tipPosition":[61.7314,295.47,32.3266],"tipVelocity":[-7.45213,-25.1774,-159.238],"tool":false,"touchDistance":0.333333,"touchZone":"none","type":4,"width":16.0525}],"r":[[0.971543,0.221463,0.0840151],[-0.223197,0.974703,0.0117265],[-0.0792928,-0.0301448,0.996395]],"s":1.05522,"t":[-41.3692,92.802,-187.455],"timestamp":521285085562},false],[3,{"currentFrameRate":108.416,"devices":[],"gestures":[],"hands":[{"armBasis":[[0.826663,0.506415,-0.2453],[-0.269699,0.739187,0.617142],[0.493853,-0.444011,0.747638]],"armWidth":63.7005,"confidence":0.804216,"direction":[-0.237183,0.554476,-0.797685],"elbow":[184.928,175.389,285.4],"grabStrength":0,"id":392,"palmNormal":[0.274123,-0.749548,-0.602523],"palmPosition":[32.9067,319.175,38.1323],"palmVelocity":[0.478541,-17.6556,-155.186],"palmWidth":90.9622,"pinchStrength":0.441051,"r":[[0.971918,0.21954,0.0847214],[-0.221217,0.975165,0.0108216],[-0.0802416,-0.0292594,0.996346]],"s":1.05426,"sphereCenter":[51.4064,297.49,-4.05226],"sphereRadius":49.832,"stabilizedPalmPosition":[46.6088,296.257,146.33],"t":[-41.395,92.59,-188.882],"timeVisible":0.641968,"type":"right","wrist":[51.6289,295.235,83.5997]}],"id":4099993,"interactionBox":{"center":[0,200,0],"size":[235.247,235.247,147.751]},"pointables":[{"bases":[[[0.0835642,0.924108,0.372883],[-0.780086,-0.172175,0.601517],[0.620067,-0.341146,0.706496]],[[-0.126824,0.984947,0.117453],[-0.849445,-0.168987,0.499887],[0.51221,-0.0363721,0.85809]],[[-0.126824,0.984947,0.117453],[-0.966319,-0.149411,0.209532],[0.223926,-0.0869233,0.970722]],[[-0.126824,0.984947,0.117453],[-0.877916,-0.0563412,-0.475489],[-0.461714,-0.163417,0.871846]]],"btipPosition":[6.44824,283.542,-15.7479],"carpPosition":[28.8389,274.941,80.5581],"dipPosition":[-4.35422,279.719,4.65015],"direction":[-0.223926,0.0869233,-0.970722],"extended":false,"handId":392,"id":3920,"length":52.1005,"mcpPosition":[28.8389,274.941,80.5581],"pipPosition":[3.27836,276.756,37.7374],"stabilizedTipPosition":[11.8549,267.528,95.8829],"timeVisible":0.641968,"tipPosition":[3.55283,282.762,-11.0786],"tipVelocity":[7.54367,-10.4361,-155.422],"tool":false,"touchDistance":-0.515775,"touchZone":"hovering","type":0,"width":20.2438},{"bases":[[[0.878933,0.449537,-0.159352],[-0.328987,0.813333,0.479851],[0.345316,-0.369332,0.862757]],[[0.916976,0.396566,-0.0434864],[-0.38298,0.905565,0.182425],[0.111723,-0.150625,0.982258]],[[0.916976,0.396566,-0.0434864],[-0.39428,0.917475,0.0527559],[0.0608189,-0.0312301,0.99766]],[[0.916976,0.396566,-0.0434864],[-0.398248,0.916356,-0.0411166],[0.0235436,0.0550213,0.998208]]],"btipPosition":[-3.60939,331.887,-63.2019],"carpPosition":[28.4578,298.439,83.5949],"dipPosition":[-3.20725,332.826,-46.1521],"direction":[-0.0608189,0.0312301,-0.99766],"extended":true,"handId":392,"id":3921,"length":58.7895,"mcpPosition":[3.06075,325.603,20.1416],"pipPosition":[-1.73769,332.072,-22.0456],"stabilizedTipPosition":[2.89215,308.65,59.0496],"timeVisible":0.641968,"tipPosition":[-3.43385,331.156,-59.2383],"tipVelocity":[11.2663,-19.2061,-159.556],"tool":false,"touchDistance":-0.532033,"touchZone":"hovering","type":1,"width":19.3369},{"bases":[[[0.960626,0.250221,-0.120777],[-0.167996,0.869318,0.464827],[0.221304,-0.426235,0.877125]],[[0.958296,0.254598,-0.129805],[-0.267139,0.636693,-0.723366],[-0.101522,0.727875,0.678153]],[[0.958296,0.254598,-0.129805],[0.0663982,-0.640144,-0.76538],[-0.277959,0.724841,-0.630352]],[[0.958296,0.254598,-0.129805],[0.223615,-0.950861,-0.21415],[-0.177949,0.176192,-0.968138]]],"btipPosition":[39.0989,276.255,24.2163],"carpPosition":[38.3974,305.515,81.963],"dipPosition":[35.7559,279.565,6.02866],"direction":[0.277959,-0.724841,0.630352],"extended":false,"handId":392,"id":3922,"length":66.986,"mcpPosition":[22.9623,335.243,20.7864],"pipPosition":[27.8541,300.17,-11.8908],"stabilizedTipPosition":[49.9435,251.682,132.372],"timeVisible":0.641968,"tipPosition":[38.2504,277.198,20.1583],"tipVelocity":[-8.16722,-22.5998,-155.236],"tool":false,"touchDistance":0.333333,"touchZone":"none","type":2,"width":18.9914},{"bases":[[[0.992635,0.11852,-0.0250795],[-0.0917937,0.870943,0.482734],[0.0790566,-0.476877,0.875408]],[[0.988556,0.137985,-0.0609724],[-0.135295,0.632162,-0.762933],[-0.0667285,0.762451,0.643596]],[[0.988556,0.137985,-0.0609724],[0.0491543,-0.676746,-0.734574],[-0.142623,0.72317,-0.675784]],[[0.988556,0.137985,-0.0609724],[0.124536,-0.974557,-0.186358],[-0.0851356,0.176632,-0.980588]]],"btipPosition":[53.3744,282.186,33.6509],"carpPosition":[49.8046,309.705,80.186],"dipPosition":[51.7842,285.485,15.3352],"direction":[0.142623,-0.72317,0.675784],"extended":false,"handId":392,"id":3923,"length":64.4088,"mcpPosition":[44.854,339.567,25.3672],"pipPosition":[47.8345,305.512,-3.37962],"stabilizedTipPosition":[65.5223,258.507,135.671],"timeVisible":0.641968,"tipPosition":[52.9885,283.212,29.43],"tipVelocity":[-7.88323,-26.7214,-156.397],"tool":false,"touchDistance":0.333333,"touchZone":"none","type":3,"width":18.0715},{"bases":[[[0.996544,-0.0830147,-0.00300665],[0.0710622,0.833199,0.548388],[-0.0430192,-0.546706,0.836219]],[[0.994382,-0.102417,0.0267531],[0.087945,0.658667,-0.747277],[0.0589127,0.745431,0.663974]],[[0.994382,-0.102417,0.0267531],[-0.0477875,-0.659854,-0.749873],[0.0944531,0.744381,-0.661041]],[[0.994382,-0.102417,0.0267531],[-0.0938888,-0.970072,-0.223933],[0.048887,0.220163,-0.974237]]],"btipPosition":[61.2016,294.096,35.0122],"carpPosition":[63.4795,307.103,77.2433],"dipPosition":[62.044,297.89,18.2246],"direction":[-0.0944531,-0.744381,0.661041],"extended":false,"handId":392,"id":3924,"length":50.4953,"mcpPosition":[65.9733,338.794,28.7698],"pipPosition":[63.8908,312.444,5.29935],"stabilizedTipPosition":[74.6245,274.581,130.341],"timeVisible":0.641968,"tipPosition":[61.6654,295.159,30.9847],"tipVelocity":[-6.99883,-27.5682,-157.902],"tool":false,"touchDistance":0.333333,"touchZone":"none","type":4,"width":16.0525}],"r":[[0.971918,0.21954,0.0847214],[-0.221217,0.975165,0.0108216],[-0.0802416,-0.0292594,0.996346]],"s":1.05426,"t":[-41.395,92.59,-188.882],"timestamp":521285094845},false],[4,{"currentFrameRate":108.633,"devices":[],"gestures":[],"hands":[{"armBasis":[[0.830692,0.504747,-0.234908],[-0.277552,0.741227,0.611185],[0.482614,-0.442507,0.755825]],"armWidth":63.7005,"confidence":0.810633,"direction":[-0.238532,0.551181,-0.799564],"elbow":[181.704,175.422,286.213],"grabStrength":0,"id":392,"palmNormal":[0.280901,-0.748976,-0.600109],"palmPosition":[32.6901,318.58,36.629],"palmVelocity":[-6.27755,-31.1151,-159.335],"palmWidth":90.9622,"pinchStrength":0.441483,"r":[[0.971872,0.219338,0.0857635],[-0.220941,0.97524,0.00955076],[-0.0815452,-0.0282308,0.99627]],"s":1.05354,"sphereCenter":[51.5367,296.93,-5.46681],"sphereRadius":49.8585,"stabilizedPalmPosition":[46.6088,296.257,146.33],"t":[-41.5162,92.1862,-190.347],"timeVisible":0.650781,"type":"right","wrist":[51.4379,294.862,82.2024]}],"id":4099994,"interactionBox":{"center":[0,200,0],"size":[235.247,235.247,147.751]},"pointables":[{"bases":[[[0.0762868,0.925436,0.371144],[-0.780686,-0.176112,0.599595],[0.62025,-0.335488,0.70904]],[[-0.132921,0.98431,0.116044],[-0.849991,-0.173426,0.497431],[0.509752,-0.0325171,0.859707]],[[-0.132921,0.98431,0.116044],[-0.966203,-0.154779,0.206144],[0.220871,-0.0847207,0.971616]],[[-0.132921,0.98431,0.116044],[-0.877508,-0.0624423,-0.47548],[-0.460773,-0.16503,0.87204]]],"btipPosition":[6.60733,282.781,-17.2842],"carpPosition":[28.7931,274.41,79.1375],"dipPosition":[-4.17314,278.92,3.11839],"direction":[-0.220871,0.0847207,-0.971616],"extended":false,"handId":392,"id":3920,"length":52.1005,"mcpPosition":[28.7931,274.41,79.1375],"pipPosition":[3.35529,276.032,36.2361],"stabilizedTipPosition":[11.8548,267.528,95.8813],"timeVisible":0.650781,"tipPosition":[3.74071,281.938,-12.6034],"tipVelocity":[10.5326,-31.1796,-160.488],"tool":false,"touchDistance":-0.51556,"touchZone":"hovering","type":0,"width":20.2438},{"bases":[[[0.876375,0.455067,-0.157738],[-0.335828,0.812132,0.477139],[0.345234,-0.365179,0.864556]],[[0.914434,0.402589,-0.0416276],[-0.389551,0.903368,0.17938],[0.109822,-0.147815,0.982899]],[[0.914434,0.402589,-0.0416276],[-0.400547,0.91493,0.0496457],[0.0580732,-0.0287239,0.997899]],[[0.914434,0.402589,-0.0416276],[-0.40423,0.913587,-0.0442427],[0.0202188,0.0572842,0.998153]]],"btipPosition":[-3.61026,330.833,-64.8387],"carpPosition":[28.246,297.911,82.1228],"dipPosition":[-3.26492,331.812,-47.7898],"direction":[-0.0580732,0.0287239,-0.997899],"extended":true,"handId":392,"id":3921,"length":58.7895,"mcpPosition":[2.85506,324.769,18.5372],"pipPosition":[-1.8617,331.118,-23.6776],"stabilizedTipPosition":[2.89198,308.651,59.0464],"timeVisible":0.650781,"tipPosition":[-3.44258,330.118,-60.8733],"tipVelocity":[7.80088,-45.9908,-166.62],"tool":false,"touchDistance":-0.531718,"touchZone":"hovering","type":1,"width":19.3369},{"bases":[[[0.959284,0.256385,-0.118497],[-0.175171,0.86916,0.462468],[0.221562,-0.42288,0.878682]],[[0.956957,0.260716,-0.127517],[-0.269349,0.634157,-0.724773],[-0.108094,0.727923,0.677084]],[[0.956957,0.260716,-0.127517],[0.0724535,-0.640058,-0.764903],[-0.281041,0.72274,-0.631397]],[[0.956957,0.260716,-0.127517],[0.230304,-0.949517,-0.213019],[-0.176617,0.174482,-0.968691]]],"btipPosition":[39.2056,275.645,22.7412],"carpPosition":[38.1429,305.05,80.5049],"dipPosition":[35.8876,278.923,4.54314],"direction":[0.281041,-0.72274,0.631397],"extended":false,"handId":392,"id":3922,"length":66.986,"mcpPosition":[22.6897,334.544,19.2197],"pipPosition":[27.8983,299.469,-13.406],"stabilizedTipPosition":[49.9434,251.682,132.371],"timeVisible":0.650781,"tipPosition":[38.3668,276.582,18.7055],"tipVelocity":[-2.52157,-35.3888,-158.585],"tool":false,"touchDistance":0.333333,"touchZone":"none","type":2,"width":18.9914},{"bases":[[[0.99189,0.125105,-0.0224233],[-0.0990348,0.871333,0.480594],[0.0796629,-0.474476,0.876656]],[[0.987798,0.144423,-0.0582912],[-0.137159,0.629392,-0.764888],[-0.0737795,0.763549,0.641521]],[[0.987798,0.144423,-0.0582912],[0.0559006,-0.678117,-0.732825],[-0.145365,0.720625,-0.677915]],[[0.987798,0.144423,-0.0582912],[0.131573,-0.974111,-0.18384],[-0.0833328,0.173927,-0.981226]]],"btipPosition":[53.4161,281.714,32.3027],"carpPosition":[49.527,309.312,78.7523],"dipPosition":[51.8596,284.963,13.9751],"direction":[0.145365,-0.720625,0.677915],"extended":false,"handId":392,"id":3923,"length":64.4088,"mcpPosition":[44.5385,339.024,23.8554],"pipPosition":[47.8339,304.92,-4.79876],"stabilizedTipPosition":[65.5222,258.507,135.67],"timeVisible":0.650781,"tipPosition":[53.037,282.726,28.0725],"tipVelocity":[-4.24428,-34.2882,-155.558],"tool":false,"touchDistance":0.333333,"touchZone":"none","type":3,"width":18.0715},{"bases":[[[0.997081,-0.076352,0.0000930449],[0.0638757,0.834819,0.546806],[-0.0418274,-0.545204,0.837259]],[[0.994946,-0.0958066,0.030044],[0.0859331,0.657744,-0.748323],[0.051933,0.747123,0.662653]],[[0.994946,-0.0958066,0.030044],[-0.0410445,-0.661162,-0.74912],[0.0916345,0.744101,-0.661753]],[[0.994946,-0.0958066,0.030044],[-0.0867555,-0.970922,-0.223125],[0.0505472,0.219391,-0.974327]]],"btipPosition":[61.1538,293.66,33.626],"carpPosition":[63.2277,306.796,75.8553],"dipPosition":[62.0248,297.441,16.8369],"direction":[-0.0916345,-0.744101,0.661753],"extended":false,"handId":392,"id":3924,"length":50.4953,"mcpPosition":[65.6523,338.4,27.3215],"pipPosition":[63.8165,311.99,3.89774],"stabilizedTipPosition":[74.6244,274.581,130.34],"timeVisible":0.650781,"tipPosition":[61.6188,294.725,29.6101],"tipVelocity":[-6.37062,-33.5561,-157.747],"tool":false,"touchDistance":0.333333,"touchZone":"none","type":4,"width":16.0525}],"r":[[0.971872,0.219338,0.0857635],[-0.220941,0.97524,0.00955076],[-0.0815452,-0.0282308,0.99627]],"s":1.05354,"t":[-41.5162,92.1862,-190.347],"timestamp":521285103658},false],[5,{"currentFrameRate":108.729,"devices":[],"gestures":[],"hands":[{"armBasis":[[0.833386,0.504713,-0.225237],[-0.285277,0.741864,0.606839],[0.473375,-0.441477,0.762243]],"armWidth":63.7005,"confidence":0.814531,"direction":[-0.239766,0.548252,-0.801206],"elbow":[179.128,175.335,286.843],"grabStrength":0,"id":392,"palmNormal":[0.28795,-0.747982,-0.598003],"palmPosition":[32.5906,318.012,35.4298],"palmVelocity":[-7.58512,-39.8526,-152.055],"palmWidth":90.9622,"pinchStrength":0.440208,"r":[[0.971477,0.220541,0.0871433],[-0.222065,0.974998,0.00807894],[-0.0831828,-0.0272,0.996163]],"s":1.05313,"sphereCenter":[51.7353,296.429,-6.57263],"sphereRadius":49.8718,"stabilizedPalmPosition":[46.6087,296.257,146.33],"t":[-41.6266,91.7007,-191.679],"timeVisible":0.659806,"type":"right","wrist":[51.3557,294.497,81.1006]}],"id":4099995,"interactionBox":{"center":[0,200,0],"size":[235.247,235.247,147.751]},"pointables":[{"bases":[[[0.0687438,0.926529,0.369889],[-0.781363,-0.18052,0.597398],[0.620279,-0.330085,0.711546]],[[-0.139498,0.983551,0.114751],[-0.8502,-0.178374,0.495321],[0.507642,-0.0284649,0.861098]],[[-0.139498,0.983551,0.114751],[-0.965852,-0.160699,0.20324],[0.218337,-0.0824806,0.972382]],[[-0.139498,0.983551,0.114751],[-0.876357,-0.0686732,-0.476741],[-0.461019,-0.167067,0.871522]]],"btipPosition":[6.87344,282.025,-18.5082],"carpPosition":[28.8618,273.884,77.997],"dipPosition":[-3.91276,278.116,1.88235],"direction":[-0.218337,0.0824806,-0.972382],"extended":false,"handId":392,"id":3920,"length":52.1005,"mcpPosition":[28.8618,273.884,77.997],"pipPosition":[3.52929,275.305,35.0262],"stabilizedTipPosition":[11.8546,267.529,95.879],"timeVisible":0.659806,"tipPosition":[4.03946,281.139,-13.8317],"tipVelocity":[15.7091,-45.993,-153.727],"tool":false,"touchDistance":-0.510738,"touchZone":"hovering","type":0,"width":20.2438},{"bases":[[[0.873725,0.46083,-0.155691],[-0.342919,0.810563,0.474758],[0.34498,-0.361418,0.866236]],[[0.911799,0.408754,-0.0392792],[-0.396273,0.900948,0.176809],[0.10766,-0.145649,0.983461]],[[0.911799,0.408754,-0.0392792],[-0.406922,0.912245,0.0471613],[0.0551096,-0.0270181,0.998115]],[[0.911799,0.408754,-0.0392792],[-0.410297,0.910758,-0.0466419],[0.0167088,0.0586442,0.998139]]],"btipPosition":[-3.46944,329.874,-66.1716],"carpPosition":[28.1438,297.386,80.9426],"dipPosition":[-3.18405,330.876,-49.123],"direction":[-0.0551096,0.0270181,-0.998115],"extended":true,"handId":392,"id":3921,"length":58.7895,"mcpPosition":[2.77148,323.968,17.2334],"pipPosition":[-1.85244,330.223,-25.0056],"stabilizedTipPosition":[2.89172,308.652,59.0414],"timeVisible":0.659806,"tipPosition":[-3.31127,329.176,-62.2057],"tipVelocity":[9.52788,-62.4148,-161.414],"tool":false,"touchDistance":-0.526875,"touchZone":"hovering","type":1,"width":19.3369},{"bases":[[[0.957872,0.262786,-0.115866],[-0.182611,0.868671,0.460504],[0.221663,-0.419946,0.880063]],[[0.955557,0.267063,-0.12485],[-0.271299,0.630903,-0.726883],[-0.115355,0.72845,0.675318]],[[0.955557,0.267063,-0.12485],[0.0793498,-0.640867,-0.76354],[-0.283925,0.719699,-0.633577]],[[0.955557,0.267063,-0.12485],[0.237475,-0.948244,-0.210806],[-0.174687,0.171788,-0.969522]]],"btipPosition":[39.4477,275.093,21.6472],"carpPosition":[37.9965,304.59,79.3445],"dipPosition":[36.166,278.32,3.43354],"direction":[0.283925,-0.719699,0.633577],"extended":false,"handId":392,"id":3922,"length":66.986,"mcpPosition":[22.5362,333.88,17.963],"pipPosition":[28.0946,298.779,-14.5776],"stabilizedTipPosition":[49.9433,251.682,132.37],"timeVisible":0.659806,"tipPosition":[38.6158,276.017,17.5988],"tipVelocity":[5.81045,-42.8543,-148.41],"tool":false,"touchDistance":0.333333,"touchZone":"none","type":2,"width":18.9914},{"bases":[[[0.991073,0.131887,-0.0194773],[-0.106549,0.871396,0.478869],[0.0801288,-0.472519,0.87767]],[[0.986978,0.15106,-0.0552781],[-0.138873,0.626789,-0.766714],[-0.0811719,0.764406,0.639605]],[[0.986978,0.15106,-0.0552781],[0.0630081,-0.679247,-0.7312],[-0.148002,0.718195,-0.67992]],[[0.986978,0.15106,-0.0552781],[0.138831,-0.973526,-0.181583],[-0.0812445,0.171544,-0.981821]]],"btipPosition":[53.5806,281.281,31.2603],"carpPosition":[49.3565,308.928,77.6212],"dipPosition":[52.0631,284.485,12.9216],"direction":[0.148002,-0.718195,0.67992],"extended":false,"handId":392,"id":3923,"length":64.4088,"mcpPosition":[44.3388,338.518,22.6608],"pipPosition":[47.9644,304.375,-5.9078],"stabilizedTipPosition":[65.5221,258.507,135.669],"timeVisible":0.659806,"tipPosition":[53.21,282.278,27.0153],"tipVelocity":[2.2156,-38.3743,-144.612],"tool":false,"touchDistance":0.333333,"touchZone":"none","type":3,"width":18.0715},{"bases":[[[0.997577,-0.0694939,0.00338088],[0.0563963,0.836109,0.545656],[-0.0407466,-0.544143,0.838002]],[[0.995481,-0.08891,0.0333488],[0.0837502,0.656534,-0.749632],[0.0447552,0.749038,0.661014]],[[0.995481,-0.08891,0.0333488],[-0.0341565,-0.662952,-0.747882],[0.0886029,0.743364,-0.662993]],[[0.995481,-0.08891,0.0333488],[-0.079368,-0.97185,-0.221831],[0.052133,0.218182,-0.974515]]],"btipPosition":[61.2325,293.272,32.5849],"carpPosition":[63.0833,306.501,74.7717],"dipPosition":[62.1308,297.032,15.7925],"direction":[-0.0886029,-0.743364,0.662993],"extended":false,"handId":392,"id":3924,"length":50.4953,"mcpPosition":[65.4453,338.044,26.1949],"pipPosition":[63.8633,311.566,2.82908],"stabilizedTipPosition":[74.6242,274.581,130.339],"timeVisible":0.659806,"tipPosition":[61.6972,294.333,28.5618],"tipVelocity":[-2.02678,-36.3119,-146.105],"tool":false,"touchDistance":0.333333,"touchZone":"none","type":4,"width":16.0525}],"r":[[0.971477,0.220541,0.0871433],[-0.222065,0.974998,0.00807894],[-0.0831828,-0.0272,0.996163]],"s":1.05313,"t":[-41.6266,91.7007,-191.679],"timestamp":521285112683},false],[6,{"currentFrameRate":108.806,"devices":[],"gestures":[],"hands":[{"armBasis":[[0.83046,0.509807,-0.224572],[-0.289818,0.739659,0.60738],[0.475753,-0.43932,0.762008]],"armWidth":63.7005,"confidence":0.815953,"direction":[-0.240682,0.548006,-0.8011],"elbow":[179.82,175.698,285.922],"grabStrength":0,"id":392,"palmNormal":[0.2926,-0.745999,-0.598222],"palmPosition":[32.6245,317.757,34.5592],"palmVelocity":[-4.45902,-36.6564,-136.631],"palmWidth":90.9622,"pinchStrength":0.440381,"r":[[0.970918,0.222382,0.0886843],[-0.223865,0.974595,0.00701954],[-0.0848702,-0.0266687,0.996035]],"s":1.05302,"sphereCenter":[51.9369,296.31,-7.41983],"sphereRadius":49.8785,"stabilizedPalmPosition":[46.6086,296.257,146.329],"t":[-41.6648,91.33,-192.78],"timeVisible":0.668859,"type":"right","wrist":[51.406,294.278,80.2426]}],"id":4099996,"interactionBox":{"center":[0,200,0],"size":[235.247,235.247,147.751]},"pointables":[{"bases":[[[0.0637238,0.926436,0.371019],[-0.781722,-0.184767,0.595628],[0.620363,-0.327989,0.712441]],[[-0.143971,0.98277,0.115909],[-0.850226,-0.182777,0.493669],[0.506348,-0.027475,0.861891]],[[-0.143971,0.98277,0.115909],[-0.965564,-0.165158,0.201019],[0.216699,-0.0829766,0.972706]],[[-0.143971,0.98277,0.115909],[-0.875273,-0.0718152,-0.478268],[-0.461704,-0.170308,0.870531]]],"btipPosition":[7.1618,281.75,-19.4611],"carpPosition":[29.0138,273.566,77.0715],"dipPosition":[-3.64043,277.765,0.906284],"direction":[-0.216699,0.0829766,-0.972706],"extended":false,"handId":392,"id":3920,"length":52.1005,"mcpPosition":[29.0138,273.566,77.0715],"pipPosition":[3.74579,274.937,34.0611],"stabilizedTipPosition":[11.8544,267.529,95.8757],"timeVisible":0.668859,"tipPosition":[4.34247,280.829,-14.7934],"tipVelocity":[20.0513,-42.2238,-140.514],"tool":false,"touchDistance":-0.502371,"touchZone":"touching","type":0,"width":20.2438},{"bases":[[[0.871901,0.465023,-0.153436],[-0.347609,0.808459,0.474933],[0.344901,-0.360759,0.866542]],[[0.909991,0.412977,-0.0369605],[-0.400757,0.898912,0.177065],[0.106348,-0.146315,0.983505]],[[0.909991,0.412977,-0.0369605],[-0.411196,0.910312,0.0474287],[0.0532326,-0.0279616,0.998191]],[[0.909991,0.412977,-0.0369605],[-0.414376,0.908923,-0.0463746],[0.0144426,0.0575161,0.99824]]],"btipPosition":[-3.28566,329.571,-67.1013],"carpPosition":[28.1814,297.061,80.0409],"dipPosition":[-3.03897,330.554,-50.051],"direction":[-0.0532326,0.0279616,-0.998191],"extended":true,"handId":392,"id":3921,"length":58.7895,"mcpPosition":[2.81485,323.594,16.3092],"pipPosition":[-1.75271,329.878,-25.9317],"stabilizedTipPosition":[2.89137,308.653,59.0344],"timeVisible":0.668859,"tipPosition":[-3.13348,328.878,-63.1366],"tipVelocity":[12.2294,-54.5681,-145.197],"tool":false,"touchDistance":-0.51646,"touchZone":"hovering","type":1,"width":19.3369},{"bases":[[[0.95688,0.267326,-0.113653],[-0.187543,0.867321,0.461065],[0.221829,-0.41987,0.880058]],[[0.954583,0.271568,-0.122567],[-0.272717,0.630724,-0.726507],[-0.11999,0.726937,0.67614]],[[0.954583,0.271568,-0.122567],[0.083727,-0.639299,-0.764387],[-0.28594,0.719408,-0.633001]],[[0.954583,0.271568,-0.122567],[0.242179,-0.946844,-0.211747],[-0.173556,0.172446,-0.969608]]],"btipPosition":[39.703,274.878,20.7191],"carpPosition":[38.0039,304.312,78.4704],"dipPosition":[36.4425,278.117,2.5038],"direction":[0.28594,-0.719408,0.633001],"extended":false,"handId":392,"id":3922,"length":66.986,"mcpPosition":[22.5321,333.596,17.0893],"pipPosition":[28.3139,298.569,-15.491],"stabilizedTipPosition":[49.9432,251.683,132.369],"timeVisible":0.668859,"tipPosition":[38.8784,275.802,16.6769],"tipVelocity":[12.1381,-37.4891,-135.758],"tool":false,"touchDistance":0.333333,"touchZone":"none","type":2,"width":18.9914},{"bases":[[[0.990491,0.136477,-0.0173382],[-0.111532,0.870378,0.479587],[0.0805434,-0.473093,0.877323]],[[0.986408,0.155559,-0.0529189],[-0.139768,0.625011,-0.768002],[-0.0863949,0.76496,0.638258]],[[0.986408,0.155559,-0.0529189],[0.0680219,-0.679759,-0.730275],[-0.149573,0.716749,-0.681101]],[[0.986408,0.155559,-0.0529189],[0.143702,-0.972881,-0.181251],[-0.0796791,0.171183,-0.982012]]],"btipPosition":[53.793,281.115,30.5319],"carpPosition":[49.3473,308.704,76.7746],"dipPosition":[52.3047,284.313,12.1896],"direction":[0.149573,-0.716749,0.681101],"extended":false,"handId":392,"id":3923,"length":64.4088,"mcpPosition":[44.3036,338.329,21.8359],"pipPosition":[48.1625,304.162,-6.67248],"stabilizedTipPosition":[65.522,258.508,135.668],"timeVisible":0.668859,"tipPosition":[53.4278,282.103,26.2357],"tipVelocity":[8.28169,-32.8953,-126.934],"tool":false,"touchDistance":0.333333,"touchZone":"none","type":3,"width":18.0715},{"bases":[[[0.997878,-0.0648957,0.0053173],[0.0514403,0.83577,0.546664],[-0.0399202,-0.545231,0.837335]],[[0.995819,-0.0843026,0.0351813],[0.0820123,0.655452,-0.750771],[0.0402322,0.750517,0.659625]],[[0.995819,-0.0843026,0.0351813],[-0.0298171,-0.664008,-0.747131],[0.0863458,0.742958,-0.663745]],[[0.995819,-0.0843026,0.0351813],[-0.0744491,-0.972154,-0.222201],[0.0529338,0.218653,-0.974366]]],"btipPosition":[61.3823,293.125,31.8632],"carpPosition":[63.0908,306.343,73.9502],"dipPosition":[62.2944,296.893,15.0734],"direction":[-0.0863457,-0.742958,0.663745],"extended":false,"handId":392,"id":3924,"length":50.4953,"mcpPosition":[65.4049,337.949,25.412],"pipPosition":[63.9827,311.42,2.09532],"stabilizedTipPosition":[74.6241,274.581,130.338],"timeVisible":0.668859,"tipPosition":[61.8386,294.192,27.8056],"tipVelocity":[3.19612,-30.7193,-127.765],"tool":false,"touchDistance":0.333333,"touchZone":"none","type":4,"width":16.0525}],"r":[[0.970918,0.222382,0.0886843]