{"sensorType":"Leap","data":[[0,{"currentFrameRate":110.521,"devices":[],"gestures":[],"hands":[{"armBasis":[[0.781186,0.541999,-0.309815],[-0.260003,0.733629,0.627843],[0.56758,-0.40991,0.714022]],"armWidth":63.7005,"confidence":0.867342,"direction":[-0.183598,0.461176,-0.868106],"elbow":[213.519,203.164,287.51],"grabStrength":0,"id":399,"palmNormal":[0.292913,-0.817334,-0.496153],"palmPosition":[44.5226,332.54,45.8905],"palmVelocity":[15.8349,-17.0664,-113.792],"palmWidth":90.9622,"pinchStrength":0.621589,"r":[[0.955118,0.230001,0.186682],[-0.251272,0.962803,0.0993623],[-0.156884,-0.141811,0.977383]],"s":1.0359,"sphereCenter":[57.3179,303.018,7.59902],"sphereRadius":47.6372,"stabilizedPalmPosition":[45.4085,320.349,155.62],"t":[-32.036,106.281,-196.187],"timeVisible":1.4823,"type":"right","wrist":[60.3194,313.806,94.7825]}],"id":4103490,"interactionBox":{"center":[0,200,0],"size":[235.247,235.247,147.751]},"pointables":[{"bases":[[[0.0797728,0.960013,0.26835],[-0.814519,-0.0924111,0.57273],[0.574626,-0.264265,0.774576]],[[-0.167623,0.982613,-0.0798411],[-0.796181,-0.0871689,0.598747],[0.581376,0.163931,0.796949]],[[-0.167623,0.982613,-0.0798411],[-0.982313,-0.159617,0.0978955],[0.0834494,0.0948385,0.991989]],[[-0.167623,0.982613,-0.0798411],[-0.611325,-0.167137,-0.773529],[-0.773424,-0.0808521,0.628712]]],"btipPosition":[23.6067,284.039,4.53087],"carpPosition":[37.3677,293.561,92.8223],"dipPosition":[5.51131,282.147,19.2405],"direction":[-0.0834494,-0.0948385,-0.991989],"extended":false,"handId":399,"id":3990,"length":52.1005,"mcpPosition":[37.3677,293.561,92.8223],"pipPosition":[8.35569,285.38,53.0526],"stabilizedTipPosition":[13.3096,286.939,61.5596],"timeVisible":1.4823,"tipPosition":[19.3693,283.978,8.37779],"tipVelocity":[4.04577,-5.3142,-117.959],"tool":false,"touchDistance":-0.44083,"touchZone":"touching","type":0,"width":20.2438},{"bases":[[[0.894199,0.417901,-0.16052],[-0.339892,0.867129,0.364089],[0.291345,-0.271009,0.917427]],[[0.935641,0.350941,0.0376439],[-0.351205,0.936298,0.000443059],[-0.0350904,-0.0136353,0.999291]],[[0.935641,0.350941,0.0376439],[-0.343988,0.930559,-0.125431],[-0.0790487,0.104409,0.991388]],[[0.935641,0.350941,0.0376439],[-0.335605,0.917602,-0.213015],[-0.109298,0.186672,0.976324]]],"btipPosition":[21.1003,332.062,-57.9102],"carpPosition":[37.2439,317.255,93.1137],"dipPosition":[19.2334,335.25,-41.2342],"direction":[0.0790487,-0.104409,-0.991388],"extended":true,"handId":399,"id":3991,"length":58.7895,"mcpPosition":[15.8163,337.187,25.6396],"pipPosition":[17.3234,337.773,-17.2793],"stabilizedTipPosition":[6.44447,317.986,54.3506],"timeVisible":1.4823,"tipPosition":[20.7256,332.404,-54.0349],"tipVelocity":[20.5513,-3.90027,-115.944],"tool":false,"touchDistance":-0.437671,"touchZone":"touching","type":1,"width":19.3369},{"bases":[[[0.970093,0.223457,-0.094797],[-0.177345,0.919136,0.351763],[0.165735,-0.324431,0.931277]],[[0.964275,0.233752,-0.124631],[-0.230041,0.505619,-0.831523],[-0.131354,0.830488,0.541328]],[[0.964275,0.233752,-0.124631],[0.0198953,-0.533057,-0.845845],[-0.264153,0.813148,-0.518664]],[[0.964275,0.233752,-0.124631],[0.145063,-0.859621,-0.489906],[-0.221652,0.454325,-0.862821]]],"btipPosition":[53.8258,274.939,31.1542],"carpPosition":[47.3826,323.979,91.2383],"dipPosition":[49.6618,283.474,14.9451],"direction":[0.264153,-0.813148,0.518664],"extended":false,"handId":399,"id":3992,"length":66.986,"mcpPosition":[35.8232,346.607,26.2849],"pipPosition":[42.1525,306.59,0.20062],"stabilizedTipPosition":[52.7303,268.822,95.1199],"timeVisible":1.4823,"tipPosition":[52.9182,276.388,26.9639],"tipVelocity":[-8.21277,-16.8361,-109.953],"tool":false,"touchDistance":0.333333,"touchZone":"none","type":2,"width":18.9914},{"bases":[[[0.994499,0.10335,0.0170354],[-0.102209,0.921942,0.373599],[0.0229058,-0.373286,0.927434]],[[0.994414,0.104634,0.0138425],[-0.038123,0.478375,-0.877328],[-0.0984204,0.8719,0.479692]],[[0.994414,0.104634,0.0138425],[0.0733537,-0.590842,-0.803446],[-0.0758892,0.799974,-0.595217]],[[0.994414,0.104634,0.0138425],[0.100121,-0.89365,-0.437454],[-0.0334023,0.436396,-0.899134]]],"btipPosition":[64.6298,281.93,43.408],"carpPosition":[58.9426,327.804,89.6327],"dipPosition":[64.006,290.081,26.6137],"direction":[0.0758892,-0.799974,0.595217],"extended":false,"handId":399,"id":3993,"length":64.4088,"mcpPosition":[57.5083,351.179,31.556],"pipPosition":[61.9043,312.235,10.13],"stabilizedTipPosition":[65.062,279.208,98.2738],"timeVisible":1.4823,"tipPosition":[64.5685,283.308,38.9632],"tipVelocity":[-6.12322,-19.5974,-100.802],"tool":false,"touchDistance":0.333333,"touchZone":"none","type":3,"width":18.0715},{"bases":[[[0.993592,-0.0943103,0.0622961],[0.056144,0.890168,0.45216],[-0.0980973,-0.445765,0.889759]],[[0.972842,-0.150631,0.17575],[0.229239,0.521845,-0.821662],[0.032053,0.839636,0.542203]],[[0.972842,-0.150631,0.17575],[0.0646457,-0.552259,-0.831163],[0.222258,0.819952,-0.527523]],[[0.972842,-0.150631,0.17575],[-0.0456464,-0.86922,-0.492314],[0.226923,0.470921,-0.85249]]],"btipPosition":[69.0056,296.734,42.039],"carpPosition":[72.7082,324.721,87.7778],"dipPosition":[72.9159,304.849,27.3493],"direction":[-0.222258,-0.819952,0.527523],"extended":false,"handId":399,"id":3994,"length":50.4953,"mcpPosition":[78.3947,350.561,36.2007],"pipPosition":[77.2616,320.881,17.0347],"stabilizedTipPosition":[70.0057,294.04,104.474],"timeVisible":1.4823,"tipPosition":[69.9872,298.168,38.1667],"tipVelocity":[0.624286,-24.8324,-104.851],"tool":false,"touchDistance":0.333333,"touchZone":"none","type":4,"width":16.0525}],"r":[[0.955118,0.230001,0.186682],[-0.251272,0.962803,0.0993623],[-0.156884,-0.141811,0.977383]],"s":1.0359,"t":[-32.036,106.281,-196.187],"timestamp":521322389930},false],[1,{"currentFrameRate":110.41,"devices":[],"gestures":[],"hands":[{"armBasis":[[0.785045,0.536031,-0.310443],[-0.258379,0.738852,0.622365],[0.562979,-0.408372,0.718531]],"armWidth":63.7005,"confidence":0.872924,"direction":[-0.180608,0.463678,-0.8674],"elbow":[212.302,203.153,287.531],"grabStrength":0,"id":399,"palmNormal":[0.288869,-0.818002,-0.49742],"palmPosition":[44.6769,332.284,44.7182],"palmVelocity":[16.0697,-20.0368,-117.415],"palmWidth":90.9622,"pinchStrength":0.621352,"r":[[0.955807,0.226551,0.187372],[-0.247835,0.963732,0.098989],[-0.15815,-0.141052,0.977289]],"s":1.03605,"sphereCenter":[57.4671,302.798,6.38353],"sphereRadius":47.6566,"stabilizedPalmPosition":[45.4085,320.349,155.62],"t":[-31.8698,106.058,-197.349],"timeVisible":1.49155,"type":"right","wrist":[60.3438,313.38,93.5866]}],"id":4103491,"interactionBox":{"center":[0,200,0],"size":[235.247,235.247,147.751]},"pointables":[{"bases":[[[0.0847102,0.9591,0.270097],[-0.815351,-0.0890899,0.572071],[0.572736,-0.268684,0.774456]],[[-0.162755,0.983515,-0.0788033],[-0.798142,-0.0842811,0.596545],[0.58007,0.159987,0.798701]],[[-0.162755,0.983515,-0.0788033],[-0.983247,-0.155029,0.0958709],[0.0820737,0.0930865,0.99227]],[[-0.162755,0.983515,-0.0788033],[-0.613893,-0.163467,-0.772279],[-0.772429,-0.0773153,0.630377]]],"btipPosition":[23.6137,283.913,3.14921],"carpPosition":[37.286,293.261,91.5766],"dipPosition":[5.54165,282.104,17.8978],"direction":[-0.0820737,-0.0930865,-0.99227],"extended":false,"handId":399,"id":3990,"length":52.1005,"mcpPosition":[37.286,293.261,91.5766],"pipPosition":[8.33915,285.277,51.7195],"stabilizedTipPosition":[13.3096,286.939,61.5594],"timeVisible":1.49155,"tipPosition":[19.3517,283.87,7.01805],"tipVelocity":[3.28566,-7.07347,-126.499],"tool":false,"touchDistance":-0.445671,"touchZone":"touching","type":0,"width":20.2438},{"bases":[[[0.896507,0.413424,-0.159238],[-0.335501,0.86828,0.365417],[0.289335,-0.274174,0.917123]],[[0.937473,0.345881,0.0388661],[-0.346229,0.938147,0.00242223],[-0.0356243,-0.0157274,0.999241]],[[0.937473,0.345881,0.0388661],[-0.339,0.932676,-0.123267],[-0.0788849,0.102383,0.991612]],[[0.937473,0.345881,0.0388661],[-0.330664,0.919913,-0.210764],[-0.108652,0.184734,0.976764]]],"btipPosition":[21.3001,332.166,-59.1025],"carpPosition":[37.2879,316.955,91.9098],"dipPosition":[19.4443,335.321,-42.4189],"direction":[0.0788849,-0.102383,-0.991612],"extended":true,"handId":399,"id":3991,"length":58.7895,"mcpPosition":[16.0081,337.12,24.4581],"pipPosition":[17.5382,337.795,-18.4586],"stabilizedTipPosition":[6.44481,317.986,54.348],"timeVisible":1.49155,"tipPosition":[20.93,332.494,-55.2255],"tipVelocity":[20.9208,0.140339,-119.517],"tool":false,"touchDistance":-0.440096,"touchZone":"touching","type":1,"width":19.3369},{"bases":[[[0.971326,0.218462,-0.0938132],[-0.172672,0.919444,0.353281],[0.163434,-0.326952,0.930801]],[[0.96556,0.228875,-0.123732],[-0.226824,0.507527,-0.831244],[-0.127454,0.830682,0.541962]],[[0.96556,0.228875,-0.123732],[0.0180494,-0.533343,-0.845706],[-0.259553,0.814347,-0.519106]],[[0.96556,0.228875,-0.123732],[0.141277,-0.860561,-0.489363],[-0.218482,0.455029,-0.863258]]],"btipPosition":[53.6888,274.707,29.9918],"carpPosition":[47.4634,323.628,90.0525],"dipPosition":[49.5844,283.255,13.7744],"direction":[0.259553,-0.814347,0.519106],"extended":false,"handId":399,"id":3992,"length":66.986,"mcpPosition":[36.0644,346.432,25.1322],"pipPosition":[42.2058,306.405,-0.982594],"stabilizedTipPosition":[52.7303,268.822,95.1198],"timeVisible":1.49155,"tipPosition":[52.7874,276.17,25.7816],"tipVelocity":[-9.65034,-19.0496,-114.414],"tool":false,"touchDistance":0.333333,"touchZone":"none","type":2,"width":18.9914},{"bases":[[[0.995024,0.0980298,0.0178213],[-0.0975363,0.921811,0.375168],[0.0203498,-0.375039,0.926786]],[[0.994951,0.0992731,0.0147475],[-0.0349554,0.480513,-0.876291],[-0.0940785,0.871351,0.481557]],[[0.994951,0.0992731,0.0147475],[0.0708225,-0.590367,-0.804022],[-0.0711113,0.801007,-0.594417]],[[0.994951,0.0992731,0.0147475],[0.095687,-0.893975,-0.437781],[-0.0302759,0.436982,-0.898961]]],"btipPosition":[64.5072,281.615,42.1679],"carpPosition":[59.0446,327.394,88.4606],"dipPosition":[63.9417,289.777,25.3768],"direction":[0.0711113,-0.801007,0.594417],"extended":false,"handId":399,"id":3993,"length":64.4088,"mcpPosition":[57.7703,350.879,30.4245],"pipPosition":[61.9724,311.96,8.91533],"stabilizedTipPosition":[65.062,279.208,98.2738],"timeVisible":1.49155,"tipPosition":[64.4578,282.996,37.737],"tipVelocity":[-7.7197,-23.5741,-110.115],"tool":false,"touchDistance":0.333333,"touchZone":"none","type":3,"width":18.0715},{"bases":[[[0.993038,-0.0997022,0.0627317],[0.0605972,0.889057,0.453768],[-0.101014,-0.446808,0.888909]],[[0.971928,-0.156095,0.17604],[0.232481,0.522131,-0.820568],[0.0361708,0.838459,0.543763]],[[0.971928,-0.156095,0.17604],[0.0620602,-0.551634,-0.831774],[0.226945,0.81935,-0.526461]],[[0.971928,-0.156095,0.17604],[-0.0501802,-0.868534,-0.493083],[0.229864,0.470408,-0.851985]]],"btipPosition":[68.9733,296.377,40.8345],"carpPosition":[72.7947,324.242,86.6087],"dipPosition":[72.9342,304.483,26.1535],"direction":[-0.226945,-0.81935,0.526461],"extended":false,"handId":399,"id":3994,"length":50.4953,"mcpPosition":[78.6502,350.142,35.0809],"pipPosition":[77.3716,320.504,15.8597],"stabilizedTipPosition":[70.0057,294.04,104.473],"timeVisible":1.49155,"tipPosition":[69.9623,297.812,36.9686],"tipVelocity":[-0.179091,-28.7515,-111.905],"tool":false,"touchDistance":0.333333,"touchZone":"none","type":4,"width":16.0525}],"r":[[0.955807,0.226551,0.187372],[-0.247835,0.963732,0.098989],[-0.15815,-0.141052,0.977289]],"s":1.03605,"t":[-31.8698,106.058,-197.349],"timestamp":521322399184},false],[2,{"currentFrameRate":110.547,"devices":[],"gestures":[],"hands":[{"armBasis":[[0.790063,0.530091,-0.307903],[-0.257373,0.742683,0.618208],[0.556381,-0.409177,0.723198]],"armWidth":63.7005,"confidence":0.875297,"direction":[-0.179679,0.46447,-0.86717],"elbow":[210.604,202.721,288.077],"grabStrength":0,"id":399,"palmNormal":[0.28643,-0.81862,-0.497815],"palmPosition":[44.7931,332.129,44.0178],"palmVelocity":[15.2975,-19.3772,-107.217],"palmWidth":90.9622,"pinchStrength":0.62198,"r":[[0.956486,0.223253,0.187865],[-0.244546,0.964593,0.098778],[-0.159161,-0.140422,0.977215]],"s":1.03609,"sphereCenter":[57.5819,302.647,5.66925],"sphereRadius":47.6646,"stabilizedPalmPosition":[45.4085,320.349,155.62],"t":[-31.7285,105.869,-198.28],"timeVisible":1.50036,"type":"right","wrist":[60.4274,313.165,92.8735]}],"id":4103492,"interactionBox":{"center":[0,200,0],"size":[235.247,235.247,147.751]},"pointables":[{"bases":[[[0.087445,0.958771,0.270392],[-0.815367,-0.0870518,0.572363],[0.572303,-0.270519,0.774137]],[[-0.160399,0.983897,-0.0788554],[-0.799006,-0.0825196,0.595634],[0.579536,0.158545,0.799376]],[[-0.160399,0.983897,-0.0788554],[-0.983678,-0.152739,0.0951263],[0.0815502,0.0928265,0.992337]],[[-0.160399,0.983897,-0.0788554],[-0.615861,-0.162191,-0.77098],[-0.771355,-0.0751004,0.631959]]],"btipPosition":[23.6609,283.791,2.36533],"carpPosition":[37.3138,293.11,90.8657],"dipPosition":[5.61392,282.034,17.1509],"direction":[-0.0815502,-0.0928264,-0.992337],"extended":false,"handId":399,"id":3990,"length":52.1005,"mcpPosition":[37.3138,293.11,90.8657],"pipPosition":[8.39357,285.198,50.9749],"stabilizedTipPosition":[13.3096,286.939,61.5592],"timeVisible":1.50036,"tipPosition":[19.3786,283.758,6.2459],"tipVelocity":[4.01994,-8.52359,-116.146],"tool":false,"touchDistance":-0.441068,"touchZone":"touching","type":0,"width":20.2438},{"bases":[[[0.897574,0.41102,-0.15945],[-0.332976,0.86907,0.365847],[0.288944,-0.275281,0.916914]],[[0.938438,0.343276,0.0386691],[-0.343644,0.939095,0.00309914],[-0.0352501,-0.0161968,0.999247]],[[0.938438,0.343276,0.0386691],[-0.336488,0.933684,-0.122518],[-0.078162,0.101963,0.991713]],[[0.938438,0.343276,0.0386691],[-0.328231,0.920963,-0.20998],[-0.107694,0.184361,0.976941]]],"btipPosition":[21.3718,332.133,-59.7956],"carpPosition":[37.3807,316.804,91.2071],"dipPosition":[19.5323,335.282,-43.1091],"direction":[0.078162,-0.101963,-0.991713],"extended":true,"handId":399,"id":3991,"length":58.7895,"mcpPosition":[16.1297,337.051,23.7706],"pipPosition":[17.6437,337.746,-19.1463],"stabilizedTipPosition":[6.44506,317.986,54.3461],"timeVisible":1.50036,"tipPosition":[21.0044,332.46,-55.9182],"tipVelocity":[17.5934,-0.941426,-108.507],"tool":false,"touchDistance":-0.434806,"touchZone":"touching","type":1,"width":19.3369},{"bases":[[[0.971884,0.215831,-0.094122],[-0.170012,0.919792,0.353665],[0.162905,-0.327719,0.930625]],[[0.966121,0.226294,-0.124103],[-0.225812,0.508307,-0.831043],[-0.124978,0.830912,0.542186]],[[0.966121,0.226294,-0.124103],[0.0165959,-0.534327,-0.845115],[-0.257556,0.814423,-0.51998]],[[0.966121,0.226294,-0.124103],[0.139163,-0.861717,-0.487931],[-0.217358,0.45413,-0.864015]]],"btipPosition":[53.6389,274.586,29.3279],"carpPosition":[47.5738,323.45,89.348],"dipPosition":[49.5556,283.118,13.0963],"direction":[0.257556,-0.814423,0.51998],"extended":false,"handId":399,"id":3992,"length":66.986,"mcpPosition":[36.2117,346.308,24.44],"pipPosition":[42.2339,306.27,-1.68555],"stabilizedTipPosition":[52.7303,268.822,95.1197],"timeVisible":1.50036,"tipPosition":[52.7397,276.048,25.1112],"tipVelocity":[-8.42766,-17.7368,-104.005],"tool":false,"touchDistance":0.333333,"touchZone":"none","type":2,"width":18.9914},{"bases":[[[0.995296,0.0952964,0.0174618],[-0.0948617,0.921946,0.375523],[0.0196871,-0.375412,0.926649]],[[0.995227,0.0965014,0.0144862],[-0.033942,0.481513,-0.875781],[-0.0914894,0.87111,0.482491]],[[0.995227,0.0965014,0.0144862],[0.0689505,-0.590375,-0.804178],[-0.0690521,0.801339,-0.594211]],[[0.995227,0.0965014,0.0144862],[0.0930908,-0.894375,-0.437524],[-0.0292656,0.436784,-0.89909]]],"btipPosition":[64.4772,281.434,41.4237],"carpPosition":[59.1646,327.185,87.7528],"dipPosition":[63.9305,289.593,24.6302],"direction":[0.0690521,-0.801339,0.594211],"extended":false,"handId":399,"id":3993,"length":64.4088,"mcpPosition":[57.9318,350.693,29.7253],"pipPosition":[62.0182,311.784,8.17439],"stabilizedTipPosition":[65.062,279.208,98.2737],"timeVisible":1.50036,"tipPosition":[64.4307,282.818,37.0143],"tipVelocity":[-6.42582,-22.7769,-103.24],"tool":false,"touchDistance":0.333333,"touchZone":"none","type":3,"width":18.0715},{"bases":[[[0.992786,-0.102445,0.0623051],[0.0632125,0.888731,0.454049],[-0.101888,-0.446835,0.888796]],[[0.971548,-0.158853,0.175672],[0.233679,0.52206,-0.820273],[0.0385916,0.837985,0.544326]],[[0.971548,-0.158853,0.175672],[0.0602007,-0.551732,-0.831846],[0.229065,0.818753,-0.526471]],[[0.971548,-0.158853,0.175672],[-0.0528948,-0.868516,-0.492831],[0.230862,0.469516,-0.852207]]],"btipPosition":[68.9903,296.176,40.1109],"carpPosition":[72.9053,323.995,85.8944],"dipPosition":[72.9684,304.267,25.4261],"direction":[-0.229065,-0.818753,0.526471],"extended":false,"handId":399,"id":3994,"length":50.4953,"mcpPosition":[78.8115,349.897,34.3731],"pipPosition":[77.4473,320.276,15.1321],"stabilizedTipPosition":[70.0057,294.04,104.473],"timeVisible":1.50036,"tipPosition":[69.9801,297.609,36.2539],"tipVelocity":[0.511646,-27.2627,-103.928],"tool":false,"touchDistance":0.333333,"touchZone":"none","type":4,"width":16.0525}],"r":[[0.956486,0.223253,0.187865],[-0.244546,0.964593,0.098778],[-0.159161,-0.140422,0.977215]],"s":1.03609,"t":[-31.7285,105.869,-198.28],"timestamp":521322407987},false],[3,{"currentFrameRate":110.551,"devices":[],"gestures":[],"hands":[{"armBasis":[[0.796403,0.524472,-0.301117],[-0.255501,0.743081,0.618507],[0.548144,-0.415644,0.725795]],"armWidth":63.7005,"confidence":0.885371,"direction":[-0.177943,0.464502,-0.86751],"elbow":[208.377,200.971,287.9],"grabStrength":0,"id":399,"palmNormal":[0.284515,-0.819642,-0.497231],"palmPosition":[44.8679,332.141,43.1214],"palmVelocity":[13.3607,-13.6735,-104.997],"palmWidth":90.9622,"pinchStrength":0.622186,"r":[[0.957117,0.220118,0.188346],[-0.241406,0.965414,0.0984836],[-0.160154,-0.139728,0.977152]],"s":1.03609,"sphereCenter":[57.7014,302.632,4.79489],"sphereRadius":47.6773,"stabilizedPalmPosition":[45.4085,320.349,155.619],"t":[-31.6205,105.78,-199.193],"timeVisible":1.5094,"type":"right","wrist":[60.4236,313.161,91.9957]}],"id":4103493,"interactionBox":{"center":[0,200,0],"size":[235.247,235.247,147.751]},"pointables":[{"bases":[[[0.089863,0.958672,0.269948],[-0.81592,-0.0845696,0.571946],[0.571138,-0.271653,0.774601]],[[-0.157941,0.98422,-0.0797836],[-0.800362,-0.0802757,0.594118],[0.578338,0.157691,0.800411]],[[-0.157941,0.98422,-0.0797836],[-0.984195,-0.150352,0.0935665],[0.0800944,0.0933006,0.992411]],[[-0.157941,0.98422,-0.0797836],[-0.618204,-0.161561,-0.769235],[-0.769986,-0.0721709,0.633966]]],"btipPosition":[23.6819,283.806,1.38367],"carpPosition":[37.2574,293.166,89.9852],"dipPosition":[5.66696,282.117,16.2162],"direction":[-0.0800944,-0.0933006,-0.992411],"extended":false,"handId":399,"id":3990,"length":52.1005,"mcpPosition":[37.2574,293.166,89.9852],"pipPosition":[8.397,285.297,50.0427],"stabilizedTipPosition":[13.3096,286.939,61.5591],"timeVisible":1.5094,"tipPosition":[19.3899,283.782,5.28487],"tipVelocity":[3.77779,-5.26045,-113.738],"tool":false,"touchDistance":-0.439857,"touchZone":"touching","type":0,"width":20.2438},{"bases":[[[0.898763,0.408529,-0.159154],[-0.330851,0.870149,0.365211],[0.287686,-0.275582,0.917219]],[[0.939343,0.340741,0.0391204],[-0.341103,0.940022,0.00278325],[-0.0358257,-0.0159585,0.999231]],[[0.939343,0.340741,0.0391204],[-0.333902,0.934581,-0.122749],[-0.078387,0.102241,0.991666]],[[0.939343,0.340741,0.0391204],[-0.32564,0.921841,-0.210163],[-0.107674,0.184676,0.976883]]],"btipPosition":[21.5011,332.189,-60.7079],"carpPosition":[37.3878,316.861,90.3144],"dipPosition":[19.662,335.344,-44.0223],"direction":[0.078387,-0.102241,-0.991666],"extended":true,"handId":399,"id":3991,"length":58.7895,"mcpPosition":[16.2292,337.129,22.8556],"pipPosition":[17.7679,337.814,-20.0607],"stabilizedTipPosition":[6.44526,317.987,54.3446],"timeVisible":1.5094,"tipPosition":[21.1328,332.515,-56.8305],"tipVelocity":[16.6897,1.06262,-106.425],"tool":false,"touchDistance":-0.433346,"touchZone":"touching","type":1,"width":19.3369},{"bases":[[[0.972512,0.213176,-0.0936826],[-0.167745,0.920427,0.353095],[0.161499,-0.327674,0.930885]],[[0.966774,0.223673,-0.123771],[-0.224104,0.508625,-0.831311],[-0.122988,0.831427,0.541852]],[[0.966774,0.223673,-0.123771],[0.0159065,-0.53587,-0.84415],[-0.255139,0.814134,-0.521623]],[[0.966774,0.223673,-0.123771],[0.137546,-0.863256,-0.485665],[-0.215476,0.452504,-0.865338]]],"btipPosition":[53.5629,274.625,28.5071],"carpPosition":[47.5996,323.478,88.4577],"dipPosition":[49.5149,283.126,12.2506],"direction":[0.255139,-0.814134,0.521623],"extended":false,"handId":399,"id":3992,"length":66.986,"mcpPosition":[36.3356,346.333,23.5316],"pipPosition":[42.2619,306.27,-2.57793],"stabilizedTipPosition":[52.7303,268.822,95.1197],"timeVisible":1.5094,"tipPosition":[52.6707,276.078,24.2881],"tipVelocity":[-8.17623,-11.8813,-100.543],"tool":false,"touchDistance":0.333333,"touchZone":"none","type":2,"width":18.9914},{"bases":[[[0.995538,0.0926362,0.0179765],[-0.092601,0.922391,0.374994],[0.0181567,-0.374985,0.926853]],[[0.995477,0.0937859,0.0151337],[-0.0320651,0.481668,-0.875767],[-0.089424,0.871321,0.482497]],[[0.995477,0.0937859,0.0151337],[0.0679238,-0.591298,-0.803587],[-0.0664166,0.800981,-0.594994]],[[0.995477,0.0937859,0.0151337],[0.0909765,-0.895286,-0.436104],[-0.0273514,0.435508,-0.899769]]],"btipPosition":[64.4087,281.428,40.5593],"carpPosition":[59.2013,327.181,86.8672],"dipPosition":[63.8979,289.562,23.7532],"direction":[0.0664166,-0.800981,0.594994],"extended":false,"handId":399,"id":3993,"length":64.4088,"mcpPosition":[58.0643,350.663,28.8269],"pipPosition":[62.0586,311.744,7.27568],"stabilizedTipPosition":[65.062,279.208,98.2737],"timeVisible":1.5094,"tipPosition":[64.3704,282.806,36.1645],"tipVelocity":[-6.49062,-16.8629,-101.23],"tool":false,"touchDistance":0.333333,"touchZone":"none","type":3,"width":18.0715},{"bases":[[[0.992472,-0.105074,0.0629201],[0.0653391,0.888793,0.453627],[-0.103588,-0.446101,0.888968]],[[0.971009,-0.161385,0.176341],[0.235593,0.521225,-0.820256],[0.0404638,0.838021,0.544135]],[[0.971009,-0.161385,0.176341],[0.0591484,-0.552548,-0.83138],[0.23161,0.817708,-0.526983]],[[0.971009,-0.161385,0.176341],[-0.0550786,-0.868898,-0.491918],[0.232611,0.467944,-0.852596]]],"btipPosition":[68.972,296.138,39.2482],"carpPosition":[72.9345,323.953,85.0182],"dipPosition":[72.9802,304.202,24.5566],"direction":[-0.23161,-0.817708,0.526983],"extended":false,"handId":399,"id":3994,"length":50.4953,"mcpPosition":[78.9392,349.813,33.4869],"pipPosition":[77.5089,320.19,14.2526],"stabilizedTipPosition":[70.0057,294.04,104.473],"timeVisible":1.5094,"tipPosition":[69.966,297.566,35.3982],"tipVelocity":[0.0226316,-21.0999,-101.637],"tool":false,"touchDistance":0.333333,"touchZone":"none","type":4,"width":16.0525}],"r":[[0.957117,0.220118,0.188346],[-0.241406,0.965414,0.0984836],[-0.160154,-0.139728,0.977152]],"s":1.03609,"t":[-31.6205,105.78,-199.193],"timestamp":521322417026},false],[4,{"currentFrameRate":110.58,"devices":[],"gestures":[],"hands":[{"armBasis":[[0.803786,0.520225,-0.288608],[-0.256326,0.74062,0.62111],[0.536866,-0.425262,0.728647]],"armWidth":63.7005,"confidence":0.887806,"direction":[-0.176602,0.461797,-0.869227],"elbow":[205.22,198.685,287.877],"grabStrength":0,"id":399,"palmNormal":[0.286633,-0.820704,-0.494254],"palmPosition":[44.8395,332.291,42.2396],"palmVelocity":[8.82813,-5.33893,-103.098],"palmWidth":90.9622,"pinchStrength":0.620461,"r":[[0.957478,0.217957,0.189027],[-0.239177,0.966059,0.0975901],[-0.161341,-0.138651,0.97711]],"s":1.03622,"sphereCenter":[57.8881,302.712,4.0221],"sphereRadius":47.6986,"stabilizedPalmPosition":[45.4085,320.349,155.619],"t":[-31.5807,105.811,-200.091],"timeVisible":1.51839,"type":"right","wrist":[60.3107,313.47,91.2022]}],"id":4103494,"interactionBox":{"center":[0,200,0],"size":[235.247,235.247,147.751]},"pointables":[{"bases":[[[0.0880731,0.959552,0.267401],[-0.817077,-0.0839542,0.570383],[0.569762,-0.268722,0.776634]],[[-0.159238,0.983718,-0.0833166],[-0.801976,-0.0796775,0.592018],[0.57574,0.16109,0.801607]],[[-0.159238,0.983718,-0.0833166],[-0.984228,-0.151599,0.0911729],[0.0770577,0.0965207,0.992344]],[[-0.159238,0.983718,-0.0833166],[-0.621821,-0.165489,-0.765475],[-0.7668,-0.0700848,0.638049]]],"btipPosition":[23.757,283.752,0.443373],"carpPosition":[37.1739,293.441,89.1977],"dipPosition":[5.81661,282.113,15.3714],"direction":[-0.0770577,-0.0965207,-0.992344],"extended":false,"handId":399,"id":3990,"length":52.1005,"mcpPosition":[37.1739,293.441,89.1977],"pipPosition":[8.44314,285.402,49.1957],"stabilizedTipPosition":[13.3096,286.939,61.559],"timeVisible":1.51839,"tipPosition":[19.4954,283.741,4.38768],"tipVelocity":[5.55613,-5.10066,-110.552],"tool":false,"touchDistance":-0.43798,"touchZone":"touching","type":0,"width":20.2438},{"bases":[[[0.898603,0.409196,-0.158338],[-0.33274,0.870775,0.361988],[0.286001,-0.272598,0.918637]],[[0.938837,0.341996,0.0402961],[-0.342264,0.939604,-0.000272521],[-0.0379556,-0.0135361,0.999188]],[[0.938837,0.341996,0.0402961],[-0.334791,0.933869,-0.12571],[-0.0806237,0.10453,0.991248]],[[0.938837,0.341996,0.0402961],[-0.326331,0.920935,-0.213041],[-0.109969,0.186861,0.976212]]],"btipPosition":[21.6961,332.049,-61.6437],"carpPosition":[37.2741,317.136,89.4594],"dipPosition":[19.8178,335.241,-44.9696],"direction":[0.0806236,-0.10453,-0.991248],"extended":true,"handId":399,"id":3991,"length":58.7895,"mcpPosition":[16.2395,337.185,21.8963],"pipPosition":[17.8697,337.767,-21.0181],"stabilizedTipPosition":[6.44543,317.987,54.3433],"timeVisible":1.51839,"tipPosition":[21.32,332.381,-57.7678],"tipVelocity":[17.7859,-3.24715,-105.861],"tool":false,"touchDistance":-0.432422,"touchZone":"touching","type":1,"width":19.3369},{"bases":[[[0.972451,0.214123,-0.0921457],[-0.16967,0.921222,0.350088],[0.159849,-0.324809,0.932174]],[[0.966752,0.22455,-0.122344],[-0.223017,0.506282,-0.833032],[-0.125116,0.83262,0.539528]],[[0.966752,0.22455,-0.122344],[0.0186614,-0.539114,-0.842026],[-0.255035,0.811747,-0.52538]],[[0.966752,0.22455,-0.122344],[0.140068,-0.865279,-0.481325],[-0.213944,0.448186,-0.867962]]],"btipPosition":[53.6309,274.8,27.8339],"carpPosition":[47.4818,323.762,87.6064],"dipPosition":[49.6117,283.22,11.5282],"direction":[0.255035,-0.811747,0.52538],"extended":false,"handId":399,"id":3992,"length":66.986,"mcpPosition":[36.3329,346.416,22.5903],"pipPosition":[42.3617,306.296,-3.40717],"stabilizedTipPosition":[52.7303,268.822,95.1197],"timeVisible":1.51839,"tipPosition":[52.7481,276.232,23.6127],"tipVelocity":[-3.65433,-3.85305,-93.8423],"tool":false,"touchDistance":0.333333,"touchZone":"none","type":2,"width":18.9914},{"bases":[[[0.99538,0.0939322,0.0199085],[-0.0945775,0.923343,0.372147],[0.0165742,-0.372311,0.92796]],[[0.995328,0.0950042,0.0172357],[-0.0306074,0.479747,-0.876873],[-0.0915754,0.872248,0.480413]],[[0.995328,0.0950042,0.0172357],[0.0705803,-0.594073,-0.801309],[-0.0658884,0.798782,-0.598002]],[[0.995328,0.0950042,0.0172357],[0.0931059,-0.897074,-0.431961],[-0.0255764,0.431547,-0.901728]]],"btipPosition":[64.4372,281.647,39.8666],"carpPosition":[59.0823,327.474,86.0308],"dipPosition":[63.9594,289.708,23.0238],"direction":[0.0658884,-0.798782,0.598002],"extended":false,"handId":399,"id":3993,"length":64.4088,"mcpPosition":[58.0445,350.788,27.9212],"pipPosition":[62.1348,311.829,6.46305],"stabilizedTipPosition":[65.062,279.208,98.2737],"timeVisible":1.51839,"tipPosition":[64.4098,283.005,35.4819],"tipVelocity":[-3.60993,-6.0666,-94.85],"tool":false,"touchDistance":0.333333,"touchZone":"none","type":3,"width":18.0715},{"bases":[[[0.99246,-0.103653,0.065411],[0.06323,0.890168,0.451225],[-0.104997,-0.443687,0.89001]],[[0.970794,-0.159708,0.179031],[0.236864,0.519414,-0.821039],[0.0381348,0.839465,0.542073]],[[0.970794,-0.159708,0.179031],[0.0615977,-0.555293,-0.829371],[0.231872,0.816176,-0.529237]],[[0.970794,-0.159708,0.179031],[-0.0531355,-0.870827,-0.488709],[0.233956,0.464923,-0.85388]]],"btipPosition":[68.9968,296.334,38.53],"carpPosition":[72.8235,324.259,84.2214],"dipPosition":[73.0282,304.346,23.8164],"direction":[-0.231872,-0.816176,0.529237],"extended":false,"handId":399,"id":3994,"length":50.4953,"mcpPosition":[78.91,349.978,32.6297],"pipPosition":[77.562,320.304,13.4683],"stabilizedTipPosition":[70.0057,294.04,104.473],"timeVisible":1.51839,"tipPosition":[69.9961,297.749,34.6844],"tipVelocity":[0.936434,-9.69177,-95.8184],"tool":false,"touchDistance":0.333333,"touchZone":"none","type":4,"width":16.0525}],"r":[[0.957478,0.217957,0.189027],[-0.239177,0.966059,0.0975901],[-0.161341,-0.138651,0.97711]],"s":1.03622,"t":[-31.5807,105.811,-200.091],"timestamp":521322426018},false],[5,{"currentFrameRate":110.536,"devices":[],"gestures":[],"hands":[{"armBasis":[[0.807738,0.517428,-0.282537],[-0.25611,0.73964,0.622366],[0.531006,-0.430349,0.729954]],"armWidth":63.7005,"confidence":0.892887,"direction":[-0.176426,0.459864,-0.870287],"elbow":[203.718,197.492,287.649],"grabStrength":0,"id":399,"palmNormal":[0.287219,-0.821626,-0.492377],"palmPosition":[44.9322,332.361,41.6117],"palmVelocity":[9.1993,-1.74525,-93.575],"palmWidth":90.9622,"pinchStrength":0.619523,"r":[[0.957726,0.216394,0.189565],[-0.237486,0.966591,0.0964435],[-0.162362,-0.137386,0.97712]],"s":1.03637,"sphereCenter":[58.0664,302.724,3.45974],"sphereRadius":47.7099,"stabilizedPalmPosition":[45.4085,320.349,155.619],"t":[-31.5145,105.861,-200.854],"timeVisible":1.52751,"type":"right","wrist":[60.3903,313.651,90.6211]}],"id":4103495,"interactionBox":{"center":[0,200,0],"size":[235.247,235.247,147.751]},"pointables":[{"bases":[[[0.0875247,0.960159,0.265393],[-0.817291,-0.0831055,0.570201],[0.56954,-0.26681,0.777455]],[[-0.159666,0.98346,-0.0855181],[-0.802434,-0.0788406,0.59151],[0.574984,0.163067,0.80175]],[[-0.159666,0.98346,-0.0855181],[-0.984223,-0.151901,0.090724],[0.0762332,0.0986544,0.992197]],[[-0.159666,0.98346,-0.0855181],[-0.624924,-0.167757,-0.762449],[-0.764184,-0.0682947,0.641372]]],"btipPosition":[23.8511,283.705,-0.185115],"carpPosition":[37.2634,293.607,88.6492],"dipPosition":[5.97193,282.107,14.8207],"direction":[-0.0762332,-0.0986544,-0.992197],"extended":false,"handId":399,"id":3990,"length":52.1005,"mcpPosition":[37.2634,293.607,88.6492],"pipPosition":[8.57035,285.47,48.64],"stabilizedTipPosition":[13.3096,286.939,61.5589],"timeVisible":1.52751,"tipPosition":[19.6167,283.695,3.78506],"tipVelocity":[7.30654,-4.82749,-98.4326],"tool":false,"touchDistance":-0.431674,"touchZone":"touching","type":0,"width":20.2438},{"bases":[[[0.898489,0.409261,-0.158814],[-0.33329,0.871395,0.359984],[0.285718,-0.270511,0.919342]],[[0.93867,0.342487,0.0400242],[-0.342684,0.939448,-0.0020396],[-0.0382993,-0.0118012,0.999197]],[[0.93867,0.342487,0.0400242],[-0.335173,0.933508,-0.127368],[-0.080985,0.106142,0.991048]],[[0.93867,0.342487,0.0400242],[-0.326685,0.920443,-0.214621],[-0.110345,0.188383,0.975877]]],"btipPosition":[21.8256,331.923,-62.2844],"carpPosition":[37.3528,317.303,88.8604],"dipPosition":[19.9408,335.14,-45.616],"direction":[0.080985,-0.106142,-0.991048],"extended":true,"handId":399,"id":3991,"length":58.7895,"mcpPosition":[16.3391,337.198,21.2455],"pipPosition":[17.984,337.705,-21.6693],"stabilizedTipPosition":[6.44557,317.987,54.3422],"timeVisible":1.52751,"tipPosition":[21.45,332.258,-58.4088],"tipVelocity":[16.7409,-6.00997,-95.9994],"tool":false,"touchDistance":-0.427143,"touchZone":"touching","type":1,"width":19.3369},{"bases":[[[0.972395,0.214364,-0.0921738],[-0.170238,0.92189,0.348049],[0.159583,-0.322749,0.932934]],[[0.966682,0.224761,-0.122508],[-0.223087,0.505032,-0.833771],[-0.125529,0.833322,0.538347]],[[0.966682,0.224761,-0.122508],[0.0193857,-0.541489,-0.840484],[-0.255244,0.810106,-0.527805]],[[0.966682,0.224761,-0.122508],[0.140996,-0.866961,-0.478016],[-0.213648,0.444816,-0.869766]]],"btipPosition":[53.7463,274.9,27.332],"carpPosition":[47.5583,323.929,86.9977],"dipPosition":[49.7326,283.256,10.9923],"direction":[0.255244,-0.810106,0.527805],"extended":false,"handId":399,"id":3992,"length":66.986,"mcpPosition":[36.4279,346.44,21.9287],"pipPosition":[42.4766,306.285,-4.01196],"stabilizedTipPosition":[52.7303,268.822,95.1197],"timeVisible":1.52751,"tipPosition":[52.8672,276.313,23.1209],"tipVelocity":[0.911822,-0.190631,-83.2939],"tool":false,"touchDistance":0.333333,"touchZone":"none","type":2,"width":18.9914},{"bases":[[[0.995328,0.0944218,0.0201464],[-0.0951558,0.924091,0.370136],[0.0163318,-0.370324,0.928759]],[[0.995282,0.0954052,0.0176793],[-0.0303114,0.478801,-0.8774],[-0.0921734,0.872724,0.479434]],[[0.995282,0.0954052,0.0176793],[0.07134,-0.596022,-0.799792],[-0.0657671,0.79728,-0.600016]],[[0.995282,0.0954052,0.0176793],[0.0937454,-0.898496,-0.428855],[-0.0250302,0.428489,-0.9032]]],"btipPosition":[64.5411,281.769,39.3321],"carpPosition":[59.1579,327.643,85.4194],"dipPosition":[64.0735,289.773,22.4619],"direction":[0.0657671,-0.79728,0.600016],"extended":false,"handId":399,"id":3993,"length":64.4088,"mcpPosition":[58.1352,350.833,27.2597],"pipPosition":[62.2522,311.852,5.84533],"stabilizedTipPosition":[65.062,279.208,98.2736],"timeVisible":1.52751,"tipPosition":[64.5181,283.113,34.969],"tipVelocity":[0.627762,-1.06208,-84.9658],"tool":false,"touchDistance":0.333333,"touchZone":"none","type":3,"width":18.0715},{"bases":[[[0.992478,-0.103067,0.0660687],[0.0626317,0.891156,0.449354],[-0.105191,-0.441836,0.890907]],[[0.970767,-0.158926,0.179873],[0.237088,0.518046,-0.821838],[0.0374286,0.840459,0.540581]],[[0.970767,-0.158926,0.179873],[0.061988,-0.557973,-0.827541],[0.231882,0.814499,-0.53181]],[[0.970767,-0.158926,0.179873],[-0.0529658,-0.87276,-0.485267],[0.234107,0.461554,-0.855664]]],"btipPosition":[69.108,296.454,38.0133],"carpPosition":[72.9014,324.43,83.6228],"dipPosition":[73.142,304.407,23.2689],"direction":[-0.231882,-0.814499,0.53181],"extended":false,"handId":399,"id":3994,"length":50.4953,"mcpPosition":[78.999,350.042,31.9792],"pipPosition":[77.676,320.333,12.8705],"stabilizedTipPosition":[70.0057,294.04,104.473],"timeVisible":1.52751,"tipPosition":[70.106,297.852,34.1674],"tipVelocity":[4.08016,-3.75733,-85.1497],"tool":false,"touchDistance":0.333333,"touchZone":"none","type":4,"width":16.0525}],"r":[[0.957726,0.216394,0.189565],[-0.237486,0.966591,0.0964435],[-0.162362,-0.137386,0.97712]],"s":1.03637,"t":[-31.5145,105.861,-200.854],"timestamp":521322435142},false],[6,{"currentFrameRate":110.551,"devices":[],"gestures":[],"hands":[{"armBasis":[[0.804672,0.522375,-0.282182],[-0.258992,0.73651,0.624881],[0.534253,-0.429741,0.72794]],"armWidth":63.7005,"confidence":0.895599,"direction":[-0.177234,0.458184,-0.871008],"elbow":[204.684,197.873,286.508],"grabStrength":0,"id":399,"palmNormal":[0.291309,-0.820938,-0.491121],"palmPosition":[45.0069,332.459,40.9749],"palmVelocity":[8.94606,1.74543,-87.2561],"palmWidth":90.9622,"pinchStrength":0.61468,"r":[[0.957692,0.215991,0.190197],[-0.236971,0.966835,0.0952574],[-0.163314,-0.136298,0.977114]],"s":1.03682,"sphereCenter":[58.3902,302.857,2.8604],"sphereRadius":47.7445,"stabilizedPalmPosition":[45.4085,320.349,155.619],"t":[-31.444,105.935,-201.553],"timeVisible":1.53653,"type":"right","wrist":[60.4802,313.867,90.0243]}],"id":4103496,"interactionBox":{"center":[0,200,0],"size":[235.247,235.247,147.751]},"pointables":[{"bases":[[[0.0831419,0.960803,0.264471],[-0.81767,-0.0859327,0.569238],[0.569652,-0.263578,0.778475]],[[-0.163835,0.982644,-0.0869962],[-0.802876,-0.0815803,0.590538],[0.573192,0.166598,0.802307]],[[-0.163835,0.982644,-0.0869962],[-0.983562,-0.155926,0.0910655],[0.0759201,0.100486,0.992038]],[[-0.163835,0.982644,-0.0869962],[-0.630602,-0.172139,-0.756776],[-0.758617,-0.0691263,0.647859]]],"btipPosition":[23.998,283.603,-0.964186],"carpPosition":[37.4404,293.725,88.0442],"dipPosition":[6.24903,281.986,14.1934],"direction":[-0.0759201,-0.100486,-0.992038],"extended":false,"handId":399,"id":3990,"length":52.1005,"mcpPosition":[37.4404,293.725,88.0442],"pipPosition":[8.83678,285.411,48.0072],"stabilizedTipPosition":[13.3097,286.939,61.5589],"timeVisible":1.53653,"tipPosition":[19.8533,283.586,3.05778],"tipVelocity":[10.6892,-6.74552,-94.0529],"tool":false,"touchDistance":-0.428003,"touchZone":"touching","type":0,"width":20.2438},{"bases":[[[0.896964,0.412868,-0.158099],[-0.337418,0.87037,0.358616],[0.285665,-0.26832,0.92]],[[0.937172,0.346463,0.0408999],[-0.346639,0.937994,-0.00292611],[-0.0393776,-0.0114352,0.999159]],[[0.937172,0.346463,0.0408999],[-0.338984,0.932049,-0.127965],[-0.0824559,0.106061,0.990935]],[[0.937172,0.346463,0.0408999],[-0.330372,0.91903,-0.215032],[-0.112089,0.188009,0.97575]]],"btipPosition":[22.0181,331.872,-62.9566],"carpPosition":[37.4298,317.421,88.23],"dipPosition":[20.1036,335.083,-46.2904],"direction":[0.0824559,-0.106061,-0.990935],"extended":true,"handId":399,"id":3991,"length":58.7895,"mcpPosition":[16.42,337.155,20.5667],"pipPosition":[18.1112,337.646,-22.3465],"stabilizedTipPosition":[6.4457,317.987,54.3412],"timeVisible":1.53653,"tipPosition":[21.6419,332.199,-59.0801],"tipVelocity":[17.7993,-5.95298,-90.1113],"tool":false,"touchDistance":-0.422853,"touchZone":"touching","type":1,"width":19.3369},{"bases":[[[0.971603,0.218355,-0.0911529],[-0.174564,0.921538,0.346836],[0.159734,-0.321075,0.933486]],[[0.965863,0.228733,-0.121617],[-0.224276,0.50336,-0.834464],[-0.129652,0.833253,0.537475]],[[0.965863,0.228733,-0.121617],[0.0231906,-0.543923,-0.838815],[-0.258015,0.80736,-0.530659]],[[0.965863,0.228733,-0.121617],[0.145894,-0.868219,-0.474247],[-0.214066,0.440315,-0.871951]]],"btipPosition":[54.0725,275.107,26.8333],"carpPosition":[47.6098,324.087,86.3733],"dipPosition":[50.051,283.379,10.4526],"direction":[0.258015,-0.80736,0.530659],"extended":false,"handId":399,"id":3992,"length":66.986,"mcpPosition":[36.4689,346.481,21.2658],"pipPosition":[42.7163,306.33,-4.63283],"stabilizedTipPosition":[52.7303,268.822,95.1196],"timeVisible":1.53653,"tipPosition":[53.1948,276.495,22.6101],"tipVelocity":[10.556,5.60209,-75.8794],"tool":false,"touchDistance":0.333333,"touchZone":"none","type":2,"width":18.9914},{"bases":[[[0.994896,0.098631,0.0213259],[-0.0995204,0.924079,0.369018],[0.0166898,-0.369256,0.929178]],[[0.994852,0.0995373,0.0190443],[-0.0310844,0.478571,-0.877498],[-0.0964579,0.872389,0.479201]],[[0.994852,0.0995373,0.0190443],[0.0750059,-0.59682,-0.798862],[-0.0681505,0.796177,-0.601213]],[[0.994852,0.0995373,0.0190443],[0.0981201,-0.89904,-0.426731],[-0.025354,0.426402,-0.904178]]],"btipPosition":[64.8199,281.992,38.7543],"carpPosition":[59.1957,327.849,84.806],"dipPosition":[64.3463,289.957,21.8658],"direction":[0.0681505,-0.796177,0.601213],"extended":false,"handId":399,"id":3993,"length":64.4088,"mcpPosition":[58.1506,350.972,26.62],"pipPosition":[62.459,312.006,5.21606],"stabilizedTipPosition":[65.062,279.208,98.2736],"timeVisible":1.53653,"tipPosition":[64.7994,283.327,34.4115],"tipVelocity":[8.91574,5.76398,-79.3465],"tool":false,"touchDistance":0.333333,"touchZone":"none","type":3,"width":18.0715},{"bases":[[[0.992816,-0.0988188,0.0674572],[0.0583018,0.891893,0.448474],[-0.104482,-0.441319,0.891247]],[[0.971179,-0.154674,0.18135],[0.236046,0.518535,-0.821829],[0.0330788,0.84095,0.540101]],[[0.971179,-0.154674,0.18135],[0.0652069,-0.559411,-0.826322],[0.22926,0.814331,-0.533202]],[[0.971179,-0.154674,0.18135],[-0.0490725,-0.874302,-0.482896],[0.233246,0.460079,-0.856694]]],"btipPosition":[69.3403,296.697,37.4633],"carpPosition":[72.9548,324.691,83.0305],"dipPosition":[73.3595,304.625,22.7011],"direction":[-0.22926,-0.814331,0.533202],"extended":false,"handId":399,"id":3994,"length":50.4953,"mcpPosition":[79.0114,350.274,31.3672],"pipPosition":[77.8421,320.547,12.2755],"stabilizedTipPosition":[70.0057,294.04,104.473],"timeVisible":1.53653,"tipPosition":[70.3344,298.087,33.6218],"tipVelocity":[9.93735,4.50657,-78.6269],"tool":false,"touchDistance":0.333333,"touchZone":"none","type":4,"width":16.0525}],"r":[[0.957692,0.215991,0.190197],[-0.236971,0.966835,0.0952574],[-0.163314,-0.136298,0.977114]],"s":1.03682,"t":[-31.444,105.935,-201.553],"timestamp":521322444161},false],