{"sensorType":"Leap","data":[[0,{"currentFrameRate":107.243,"devices":[],"gestures":[],"hands":[{"armBasis":[[0.82393,0.457789,-0.33402],[-0.216336,0.798872,0.561251],[0.523773,-0.390171,0.75725]],"armWidth":63.7005,"confidence":0.865332,"direction":[-0.227824,0.450445,-0.863247],"elbow":[207.794,198.731,295.426],"grabStrength":0,"id":397,"palmNormal":[0.234172,-0.835194,-0.497608],"palmPosition":[47.9289,322.35,42.9273],"palmVelocity":[-10.9367,-25.9773,-198.566],"palmWidth":90.9622,"pinchStrength":0.493213,"r":[[0.996637,-0.0105761,-0.0812619],[-0.00905167,0.971361,-0.237435],[0.0814458,0.237372,0.967999]],"s":0.896993,"sphereCenter":[61.1207,295.68,4.42177],"sphereRadius":49.4789,"stabilizedPalmPosition":[59.0847,313.852,136.169],"t":[-42.4519,113.118,-181.565],"timeVisible":0.551389,"type":"right","wrist":[66.4186,304.045,91.0312]}],"id":4102390,"interactionBox":{"center":[0,200,0],"size":[235.247,235.247,147.751]},"pointables":[{"bases":[[[0.12641,0.961879,0.242505],[-0.776443,-0.0562068,0.627676],[0.617379,-0.267636,0.73974]],[[-0.0795881,0.996785,-0.00919186],[-0.79445,-0.0578576,0.604568],[0.602093,0.0554189,0.796501]],[[-0.0795881,0.996785,-0.00919186],[-0.970072,-0.0753265,0.230837],[0.229403,0.0272887,0.972949]],[[-0.0795881,0.996785,-0.00919186],[-0.722749,-0.0640534,-0.688136],[-0.686513,-0.0481241,0.725523]]],"btipPosition":[20.9877,281.925,1.14333],"carpPosition":[42.7908,284.495,91.0284],"dipPosition":[4.92573,280.799,18.118],"direction":[-0.229403,-0.0272887,-0.972949],"extended":false,"handId":397,"id":3970,"length":52.1005,"mcpPosition":[42.7908,284.495,91.0284],"pipPosition":[12.745,281.729,51.2811],"stabilizedTipPosition":[27.1214,278.847,97.2704],"timeVisible":0.551389,"tipPosition":[17.4797,282.584,5.17126],"tipVelocity":[-9.74164,-41.3637,-207.574],"tool":false,"touchDistance":-0.585801,"touchZone":"hovering","type":0,"width":20.2438},{"bases":[[[0.893455,0.386667,-0.228533],[-0.288436,0.883966,0.367978],[0.344301,-0.262855,0.901313]],[[0.946278,0.321828,-0.0313705],[-0.310409,0.931288,0.190652],[0.0905721,-0.170672,0.981156]],[[0.946278,0.321828,-0.0313705],[-0.321578,0.946796,0.0128283],[0.03383,-0.00205107,0.999425]],[[0.946278,0.321828,-0.0313705],[-0.323206,0.938464,-0.12175],[-0.00974241,0.125348,0.992065]]],"btipPosition":[13.5334,332.754,-58.6856],"carpPosition":[43.3967,308.183,90.8373],"dipPosition":[13.367,334.895,-41.7407],"direction":[-0.03383,0.00205107,-0.999425],"extended":true,"handId":397,"id":3971,"length":58.7895,"mcpPosition":[18.0744,327.515,24.5484],"pipPosition":[14.1844,334.845,-17.5916],"stabilizedTipPosition":[18.9338,328.553,63.8957],"timeVisible":0.551389,"tipPosition":[13.405,334.498,-54.5173],"tipVelocity":[20.9751,-32.6434,-212.089],"tool":false,"touchDistance":-0.657661,"touchZone":"hovering","type":1,"width":19.3369},{"bases":[[[0.967749,0.191201,-0.164022],[-0.125606,0.930625,0.343743],[0.218367,-0.312055,0.924628]],[[0.968341,0.190349,-0.1615],[-0.237523,0.503543,-0.830678],[-0.0767968,0.84274,0.532814]],[[0.968341,0.190349,-0.1615],[0.0354033,-0.745138,-0.66597],[-0.247107,0.639168,-0.728287]],[[0.968341,0.190349,-0.1615],[0.173555,-0.978375,-0.112523],[-0.179426,0.0809314,-0.980437]]],"btipPosition":[52.4484,276.017,37.1084],"carpPosition":[53.5828,314.55,88.1499],"dipPosition":[49.0776,277.537,18.6896],"direction":[0.247107,-0.639168,0.728287],"extended":false,"handId":397,"id":3972,"length":66.986,"mcpPosition":[38.3524,336.315,23.6601],"pipPosition":[42.0529,295.707,-2.0139],"stabilizedTipPosition":[59.1014,268.953,116.315],"timeVisible":0.551389,"tipPosition":[51.5815,276.022,32.228],"tipVelocity":[-18.2701,-17.3776,-171.108],"tool":false,"touchDistance":0.333333,"touchZone":"none","type":2,"width":18.9914},{"bases":[[[0.996033,0.0724931,-0.0516105],[-0.0491184,0.931486,0.360446],[0.0742043,-0.356481,0.931351]],[[0.992679,0.0853987,-0.0854188],[-0.115857,0.473243,-0.87328],[-0.0341531,0.876783,0.479673]],[[0.992679,0.0853987,-0.0854188],[0.0166143,-0.797008,-0.60374],[-0.119638,0.597901,-0.792592]],[[0.992679,0.0853987,-0.0854188],[0.0817677,-0.995628,-0.0451464],[-0.0889009,0.0378314,-0.995322]]],"btipPosition":[66.97,283.877,46.49],"carpPosition":[65.1176,317.981,85.6964],"dipPosition":[65.3095,284.583,27.899],"direction":[0.119638,-0.597901,0.792592],"extended":false,"handId":397,"id":3973,"length":64.4088,"mcpPosition":[60.4708,340.304,27.3744],"pipPosition":[61.9963,301.141,5.94937],"stabilizedTipPosition":[75.5422,278.013,122.909],"timeVisible":0.551389,"tipPosition":[66.5833,283.695,41.4677],"tipVelocity":[-20.9796,-21.5737,-163.25],"tool":false,"touchDistance":0.333333,"touchZone":"none","type":3,"width":18.0715},{"bases":[[[0.992259,-0.124165,-0.00231181],[0.113149,0.896243,0.428888],[-0.0511808,-0.42583,0.903355]],[[0.993529,-0.0977607,-0.0578226],[0.00430971,0.541168,-0.840903],[0.113499,0.835212,0.538088]],[[0.993529,-0.0977607,-0.0578226],[-0.111474,-0.741679,-0.661427],[0.0217758,0.663592,-0.747777]],[[0.993529,-0.0977607,-0.0578226],[-0.104271,-0.986907,-0.12305],[-0.0450361,0.128283,-0.990714]]],"btipPosition":[77.9333,294.41,43.2968],"carpPosition":[78.6282,314.435,82.9899],"dipPosition":[77.1572,296.621,26.2253],"direction":[-0.0217758,-0.663592,0.747777],"extended":false,"handId":397,"id":3974,"length":50.4953,"mcpPosition":[81.595,339.119,30.6247],"pipPosition":[77.583,309.596,11.6041],"stabilizedTipPosition":[87.3206,288.432,120.945],"timeVisible":0.551389,"tipPosition":[77.911,294.771,38.8703],"tipVelocity":[-19.1904,-32.6816,-178.984],"tool":false,"touchDistance":0.333333,"touchZone":"none","type":4,"width":16.0525}],"r":[[0.996637,-0.0105761,-0.0812619],[-0.00905167,0.971361,-0.237435],[0.0814458,0.237372,0.967999]],"s":0.896993,"t":[-42.4519,113.118,-181.565],"timestamp":521310555373},false],[1,{"currentFrameRate":107.505,"devices":[],"gestures":[],"hands":[{"armBasis":[[0.837155,0.447012,-0.315201],[-0.220923,0.803515,0.552771],[0.500364,-0.39312,0.771422]],"armWidth":63.7005,"confidence":0.876757,"direction":[-0.224325,0.449712,-0.864544],"elbow":[201.044,197.74,297.42],"grabStrength":0,"id":397,"palmNormal":[0.236481,-0.835516,-0.495973],"palmPosition":[47.694,322.113,41.0047],"palmVelocity":[-15.1732,-26.2166,-203.781],"palmWidth":90.9622,"pinchStrength":0.489346,"r":[[0.996866,-0.0130174,-0.0780294],[-0.00601056,0.971054,-0.238786],[0.0788791,0.238506,0.967932]],"s":0.897847,"sphereCenter":[61.0202,295.432,2.58936],"sphereRadius":49.4742,"stabilizedPalmPosition":[59.0843,313.853,136.166],"t":[-42.6026,112.917,-183.246],"timeVisible":0.560213,"type":"right","wrist":[65.9868,303.85,89.1999]}],"id":4102391,"interactionBox":{"center":[0,200,0],"size":[235.247,235.247,147.751]},"pointables":[{"bases":[[[0.125133,0.962102,0.242285],[-0.779053,-0.0559317,0.624459],[0.614344,-0.266893,0.742529]],[[-0.080378,0.996704,-0.0110036],[-0.796735,-0.0576104,0.601576],[0.598959,0.0571205,0.79874]],[[-0.080378,0.996704,-0.0110036],[-0.970902,-0.0757893,0.227167],[0.225585,0.0289427,0.973794]],[[-0.080378,0.996704,-0.0110036],[-0.720746,-0.0657422,-0.690074],[-0.688523,-0.047536,0.723655]]],"btipPosition":[20.8949,281.569,-0.868581],"carpPosition":[42.3645,284.293,89.1133],"dipPosition":[4.7859,280.456,16.0624],"direction":[-0.225585,-0.0289427,-0.973794],"extended":false,"handId":397,"id":3970,"length":52.1005,"mcpPosition":[42.3645,284.293,89.1133],"pipPosition":[12.475,281.443,49.2543],"stabilizedTipPosition":[27.1203,278.847,97.2599],"timeVisible":0.560213,"tipPosition":[17.3824,282.221,3.14559],"tipVelocity":[-10.2818,-40.9962,-213.398],"tool":false,"touchDistance":-0.585883,"touchZone":"hovering","type":0,"width":20.2438},{"bases":[[[0.894301,0.386733,-0.225086],[-0.290215,0.884173,0.366079],[0.34059,-0.262061,0.902952]],[[0.946297,0.322103,-0.0277668],[-0.31152,0.931426,0.188149],[0.0864661,-0.169395,0.981748]],[[0.946297,0.322103,-0.0277668],[-0.321915,0.946703,0.0111191],[0.0298684,-0.00158338,0.999553]],[[0.946297,0.322103,-0.0277668],[-0.323016,0.938393,-0.122798],[-0.0134974,0.125173,0.992043]]],"btipPosition":[13.7105,332.431,-60.7652],"carpPosition":[42.9648,307.982,88.9063],"dipPosition":[13.48,334.569,-43.8208],"direction":[-0.0298684,0.00158338,-0.999553],"extended":true,"handId":397,"id":3971,"length":58.7895,"mcpPosition":[17.9154,327.256,22.4968],"pipPosition":[14.2017,334.531,-19.6686],"stabilizedTipPosition":[18.9337,328.553,63.8927],"timeVisible":0.560213,"tipPosition":[13.5711,334.157,-56.5999],"tipVelocity":[20.2816,-33.723,-218.462],"tool":false,"touchDistance":-0.651425,"touchZone":"hovering","type":1,"width":19.3369},{"bases":[[[0.968377,0.191338,-0.160112],[-0.127297,0.930858,0.34249],[0.214573,-0.311278,0.925778]],[[0.968854,0.190642,-0.158045],[-0.234433,0.500518,-0.83338],[-0.0797733,0.844474,0.529622]],[[0.968854,0.190642,-0.158045],[0.0394626,-0.748925,-0.661479],[-0.24447,0.634639,-0.733122]],[[0.968854,0.190642,-0.158045],[0.17532,-0.978797,-0.105922],[-0.174887,0.0749145,-0.981734]]],"btipPosition":[52.2737,275.92,35.4506],"carpPosition":[53.1603,314.35,86.2567],"dipPosition":[48.9882,277.328,17.0075],"direction":[0.24447,-0.634639,0.733122],"extended":false,"handId":397,"id":3972,"length":66.986,"mcpPosition":[38.1946,336.061,21.6867],"pipPosition":[42.0385,295.369,-3.83345],"stabilizedTipPosition":[59.1009,268.953,116.309],"timeVisible":0.560213,"tipPosition":[51.4257,275.88,30.5302],"tipVelocity":[-18.0818,-16.4306,-175.805],"tool":false,"touchDistance":0.333333,"touchZone":"none","type":2,"width":18.9914},{"bases":[[[0.996221,0.0727252,-0.0474911],[-0.0508805,0.931752,0.359513],[0.0703956,-0.355738,0.931931]],[[0.993014,0.0855716,-0.0812388],[-0.112217,0.472135,-0.874355],[-0.0364642,0.877363,0.478439]],[[0.993014,0.0855716,-0.0812388],[0.019481,-0.797961,-0.602395],[-0.116373,0.596604,-0.794054]],[[0.993014,0.0855716,-0.0812388],[0.0822646,-0.995673,-0.0432227],[-0.0845859,0.0362377,-0.995757]]],"btipPosition":[66.7275,283.671,44.7098],"carpPosition":[64.7044,317.781,83.8489],"dipPosition":[65.1476,284.348,26.1108],"direction":[0.116373,-0.596604,0.794054],"extended":false,"handId":397,"id":3973,"length":64.4088,"mcpPosition":[60.2961,340.058,25.4906],"pipPosition":[61.9248,300.87,4.12065],"stabilizedTipPosition":[75.5411,278.014,122.899],"timeVisible":0.560213,"tipPosition":[66.3634,283.484,39.6944],"tipVelocity":[-22.1679,-22.26,-173.698],"tool":false,"touchDistance":0.333333,"touchZone":"none","type":3,"width":18.0715},{"bases":[[[0.992293,-0.123895,0.00194421],[0.111108,0.896607,0.428662],[-0.0548523,-0.425142,0.903463]],[[0.993791,-0.0976709,-0.0532957],[0.00801158,0.540566,-0.841264],[0.110977,0.835613,0.537992]],[[0.993791,-0.0976709,-0.0532957],[-0.108415,-0.742295,-0.661244],[0.0250232,0.662916,-0.748275]],[[0.993791,-0.0976709,-0.0532957],[-0.103578,-0.987048,-0.122505],[-0.0406403,0.127264,-0.991036]]],"btipPosition":[77.695,294.189,41.5211],"carpPosition":[78.2271,314.237,81.2018],"dipPosition":[76.9947,296.382,24.4441],"direction":[-0.0250232,-0.662916,0.748275],"extended":false,"handId":397,"id":3974,"length":50.4953,"mcpPosition":[81.4068,338.882,28.8303],"pipPosition":[77.484,309.344,9.81316],"stabilizedTipPosition":[87.319,288.433,120.931],"timeVisible":0.560213,"tipPosition":[77.6931,294.545,37.1017],"tipVelocity":[-20.7671,-30.7366,-185.031],"tool":false,"touchDistance":0.333333,"touchZone":"none","type":4,"width":16.0525}],"r":[[0.996866,-0.0130174,-0.0780294],[-0.00601056,0.971054,-0.238786],[0.0788791,0.238506,0.967932]],"s":0.897847,"t":[-42.6026,112.917,-183.246],"timestamp":521310564197},false],[2,{"currentFrameRate":107.565,"devices":[],"gestures":[],"hands":[{"armBasis":[[0.837067,0.450343,-0.310661],[-0.225634,0.801459,0.553854],[0.498406,-0.393517,0.772487]],"armWidth":63.7005,"confidence":0.884236,"direction":[-0.223023,0.449805,-0.864833],"elbow":[200.329,197.504,296.516],"grabStrength":0,"id":397,"palmNormal":[0.241398,-0.834062,-0.496052],"palmPosition":[47.606,321.967,39.7696],"palmVelocity":[-13.6081,-23.3202,-184.395],"palmWidth":90.9622,"pinchStrength":0.48672,"r":[[0.997102,-0.0141897,-0.0747466],[-0.00414902,0.97085,-0.239651],[0.0759683,0.239266,0.967978]],"s":0.898777,"sphereCenter":[61.0988,295.381,1.38116],"sphereRadius":49.478,"stabilizedPalmPosition":[59.084,313.853,136.163],"t":[-42.7219,112.744,-184.705],"timeVisible":0.569402,"type":"right","wrist":[65.8001,303.721,88.0086]}],"id":4102392,"interactionBox":{"center":[0,200,0],"size":[235.247,235.247,147.751]},"pointables":[{"bases":[[[0.120612,0.962305,0.243767],[-0.781007,-0.0595902,0.621672],[0.612764,-0.265365,0.74438]],[[-0.0852332,0.996294,-0.0115792],[-0.798138,-0.0613153,0.599346],[0.596415,0.060326,0.800406]],[[-0.0852332,0.996294,-0.0115792],[-0.970916,-0.0804413,0.225502],[0.223735,0.0304626,0.974174]],[[-0.0852332,0.996294,-0.0115792],[-0.719951,-0.0696174,-0.690525],[-0.688772,-0.0505192,0.723216]]],"btipPosition":[20.9794,281.208,-2.24961],"carpPosition":[42.2531,284.075,87.8181],"dipPosition":[4.86461,280.026,14.6711],"direction":[-0.223735,-0.0304626,-0.974174],"extended":false,"handId":397,"id":3970,"length":52.1005,"mcpPosition":[42.2531,284.075,87.8181],"pipPosition":[12.4906,281.064,47.876],"stabilizedTipPosition":[27.1193,278.847,97.2505],"timeVisible":0.569402,"tipPosition":[17.4939,281.843,1.75646],"tipVelocity":[-4.87844,-40.9948,-195.834],"tool":false,"touchDistance":-0.576379,"touchZone":"hovering","type":0,"width":20.2438},{"bases":[[[0.893597,0.390389,-0.221541],[-0.294864,0.882656,0.366024],[0.338436,-0.261754,0.903851]],[[0.94513,0.325794,-0.0242565],[-0.315803,0.930109,0.187525],[0.0836558,-0.169575,0.98196]],[[0.94513,0.325794,-0.0242565],[-0.325604,0.945436,0.011493],[0.0266773,-0.00296432,0.99964]],[[0.94513,0.325794,-0.0242565],[-0.326258,0.93742,-0.121652],[-0.0168948,0.12289,0.992276]]],"btipPosition":[13.9237,332.272,-62.1138],"carpPosition":[42.7637,307.765,87.639],"dipPosition":[13.6352,334.371,-45.1654],"direction":[-0.0266773,0.00296432,-0.99964],"extended":true,"handId":397,"id":3971,"length":58.7895,"mcpPosition":[17.8727,327.017,21.1634],"pipPosition":[14.2798,334.3,-21.0111],"stabilizedTipPosition":[18.9336,328.553,63.89],"timeVisible":0.569402,"tipPosition":[13.7719,333.968,-57.9483],"tipVelocity":[20.692,-29.4016,-198.397],"tool":false,"touchDistance":-0.634831,"touchZone":"hovering","type":1,"width":19.3369},{"bases":[[[0.968192,0.195206,-0.156521],[-0.132044,0.929988,0.343055],[0.212529,-0.311476,0.926183]],[[0.968605,0.194598,-0.154714],[-0.233648,0.499957,-0.833938],[-0.0849329,0.843904,0.529728]],[[0.968605,0.194598,-0.154714],[0.0448609,-0.748923,-0.661136],[-0.244525,0.633439,-0.734141]],[[0.968605,0.194598,-0.154714],[0.179743,-0.9781,-0.104946],[-0.171748,0.0738428,-0.98237]]],"btipPosition":[52.3912,275.841,34.2334],"carpPosition":[52.944,314.175,85.0319],"dipPosition":[49.1647,277.229,15.7784],"direction":[0.244525,-0.633439,0.734141],"extended":false,"handId":397,"id":3972,"length":66.986,"mcpPosition":[38.1209,335.9,20.4338],"pipPosition":[42.2134,295.236,-5.09155],"stabilizedTipPosition":[59.1004,268.954,116.304],"timeVisible":0.569402,"tipPosition":[51.5603,275.797,29.3166],"tipVelocity":[-9.04237,-14.3836,-163.776],"tool":false,"touchDistance":0.333333,"touchZone":"none","type":2,"width":18.9914},{"bases":[[[0.996095,0.0765769,-0.0439318],[-0.0556918,0.931155,0.360346],[0.0685015,-0.356492,0.931784]],[[0.992979,0.0893783,-0.0774929],[-0.110661,0.470317,-0.875532],[-0.0418073,0.87796,0.476905]],[[0.992979,0.0893783,-0.0774929],[0.0250322,-0.799009,-0.600798],[-0.115616,0.59464,-0.795636]],[[0.992979,0.0893783,-0.0774929],[0.0863283,-0.995387,-0.0418599],[-0.0808768,0.0348761,-0.996114]]],"btipPosition":[66.7734,283.643,43.6574],"carpPosition":[64.4832,317.654,82.6683],"dipPosition":[65.2628,284.295,25.0517],"direction":[0.115616,-0.59464,0.795636],"extended":false,"handId":397,"id":3973,"length":64.4088,"mcpPosition":[60.1936,339.977,24.3192],"pipPosition":[62.061,300.763,3.01773],"stabilizedTipPosition":[75.5403,278.015,122.891],"timeVisible":0.569402,"tipPosition":[66.4279,283.458,38.623],"tipVelocity":[-14.0932,-17.0532,-157.211],"tool":false,"touchDistance":0.333333,"touchZone":"none","type":3,"width":18.0715},{"bases":[[[0.992746,-0.120111,0.00527568],[0.106188,0.896552,0.430022],[-0.0563804,-0.426343,0.902803]],[[0.994338,-0.0939734,-0.0496122],[0.00924743,0.541619,-0.840573],[0.105862,0.835355,0.539421]],[[0.994338,-0.0939734,-0.0496122],[-0.10318,-0.742096,-0.662305],[0.025422,0.663674,-0.74759]],[[0.994338,-0.0939734,-0.0496122],[-0.0994774,-0.987337,-0.123574],[-0.0373713,0.127809,-0.991094]]],"btipPosition":[77.7017,294.171,40.3592],"carpPosition":[78.0286,314.164,80.0645],"dipPosition":[77.0577,296.373,23.2811],"direction":[-0.025422,-0.663674,0.74759],"extended":false,"handId":397,"id":3974,"length":50.4953,"mcpPosition":[81.2968,338.878,27.7313],"pipPosition":[77.5548,309.35,8.66362],"stabilizedTipPosition":[87.3177,288.434,120.92],"timeVisible":0.569402,"tipPosition":[77.7157,294.528,35.9489],"tipVelocity":[-14.3662,-22.656,-168.667],"tool":false,"touchDistance":0.333333,"touchZone":"none","type":4,"width":16.0525}],"r":[[0.997102,-0.0141897,-0.0747466],[-0.00414902,0.97085,-0.239651],[0.0759683,0.239266,0.967978]],"s":0.898777,"t":[-42.7219,112.744,-184.705],"timestamp":521310573386},false],[3,{"currentFrameRate":107.788,"devices":[],"gestures":[],"hands":[{"armBasis":[[0.833535,0.457607,-0.309539],[-0.228603,0.795755,0.560816],[0.502951,-0.396698,0.767901]],"armWidth":63.7005,"confidence":0.887111,"direction":[-0.222123,0.449337,-0.865308],"elbow":[201.344,196.864,294.171],"grabStrength":0,"id":397,"palmNormal":[0.246423,-0.832795,-0.49571],"palmPosition":[47.4731,322.136,38.6134],"palmVelocity":[-13.9794,-11.826,-169.726],"palmWidth":90.9622,"pinchStrength":0.483068,"r":[[0.997339,-0.0142937,-0.0714843],[-0.0033072,0.970708,-0.24024],[0.0728243,0.239837,0.968078]],"s":0.899969,"sphereCenter":[61.0571,295.618,0.265377],"sphereRadius":49.4827,"stabilizedPalmPosition":[59.0837,313.853,136.161],"t":[-42.848,112.742,-186.012],"timeVisible":0.578274,"type":"right","wrist":[65.5887,303.94,86.9007]}],"id":4102393,"interactionBox":{"center":[0,200,0],"size":[235.247,235.247,147.751]},"pointables":[{"bases":[[[0.115857,0.962666,0.244647],[-0.782732,-0.0631456,0.619148],[0.611481,-0.263225,0.746193]],[[-0.0907703,0.995784,-0.0131945],[-0.798904,-0.0649007,0.597946],[0.594569,0.0648169,0.801428]],[[-0.0907703,0.995784,-0.0131945],[-0.970206,-0.0854345,0.226721],[0.224638,0.0333809,0.97387]],[[-0.0907703,0.995784,-0.0131945],[-0.719798,-0.0747575,-0.690147],[-0.688224,-0.0531474,0.723549]]],"btipPosition":[20.8986,281.068,-3.49109],"carpPosition":[42.1238,284.197,86.6251],"dipPosition":[4.79661,279.824,13.4374],"direction":[-0.224638,-0.0333809,-0.97387],"extended":false,"handId":397,"id":3970,"length":52.1005,"mcpPosition":[42.1238,284.197,86.6251],"pipPosition":[12.4534,280.962,46.6319],"stabilizedTipPosition":[27.1186,278.847,97.2429],"timeVisible":0.578274,"tipPosition":[17.4817,281.691,0.498863],"tipVelocity":[-5.93605,-34.5961,-180.615],"tool":false,"touchDistance":-0.56567,"touchZone":"hovering","type":0,"width":20.2438},{"bases":[[[0.892678,0.394195,-0.218488],[-0.299675,0.881236,0.365538],[0.336633,-0.260832,0.90479]],[[0.943816,0.329785,-0.0212857],[-0.320333,0.928792,0.186365],[0.0812303,-0.169075,0.98225]],[[0.943816,0.329785,-0.0212857],[-0.329607,0.944048,0.0115164],[0.0238927,-0.00385348,0.999707]],[[0.943816,0.329785,-0.0212857],[-0.329873,0.936277,-0.120702],[-0.0198764,0.120942,0.992461]]],"btipPosition":[14.0521,332.362,-63.3794],"carpPosition":[42.537,307.889,86.4598],"dipPosition":[13.7126,334.427,-46.4278],"direction":[-0.0238927,0.00385348,-0.999707],"extended":true,"handId":397,"id":3971,"length":58.7895,"mcpPosition":[17.7787,327.073,19.9151],"pipPosition":[14.2899,334.334,-22.2718],"stabilizedTipPosition":[18.9335,328.553,63.8879],"timeVisible":0.578274,"tipPosition":[13.8918,334.025,-59.2147],"tipVelocity":[18.645,-18.9299,-183.251],"tool":false,"touchDistance":-0.618653,"touchZone":"hovering","type":1,"width":19.3369},{"bases":[[[0.967871,0.199288,-0.153331],[-0.13698,0.929252,0.343113],[0.210862,-0.311086,0.926695]],[[0.968241,0.198739,-0.151697],[-0.233222,0.499304,-0.834448],[-0.090094,0.843326,0.529797]],[[0.968241,0.198739,-0.151697],[0.050217,-0.748967,-0.660701],[-0.244923,0.6321,-0.735161]],[[0.968241,0.198739,-0.151697],[0.184369,-0.977373,-0.10368],[-0.16887,0.072419,-0.982974]]],"btipPosition":[52.4685,276.074,33.0913],"carpPosition":[52.6991,314.343,83.8885],"dipPosition":[49.296,277.434,14.6249],"direction":[0.244923,-0.6321,0.735161],"extended":false,"handId":397,"id":3972,"length":66.986,"mcpPosition":[37.9922,336.04,19.2546],"pipPosition":[42.3334,295.404,-6.27401],"stabilizedTipPosition":[59.1002,268.954,116.301],"timeVisible":0.578274,"tipPosition":[51.6553,276.021,28.1824],"tipVelocity":[-3.84716,-3.55613,-154.349],"tool":false,"touchDistance":0.333333,"touchZone":"none","type":2,"width":18.9914},{"bases":[[[0.995905,0.0807147,-0.0407154],[-0.0606879,0.930726,0.360647],[0.0670044,-0.3567,0.931813]],[[0.992853,0.0934859,-0.0741878],[-0.109508,0.466474,-0.87773],[-0.0474487,0.879581,0.473378]],[[0.992853,0.0934859,-0.0741878],[0.0307918,-0.80123,-0.597564],[-0.115305,0.591009,-0.798382]],[[0.992853,0.0934859,-0.0741878],[0.0907678,-0.9951,-0.0392088],[-0.0774898,0.0321947,-0.996473]]],"btipPosition":[66.7953,283.951,42.7911],"carpPosition":[64.2312,317.87,81.5634],"dipPosition":[65.3479,284.552,24.1786],"direction":[0.115305,-0.591009,0.798382],"extended":false,"handId":397,"id":3973,"length":64.4088,"mcpPosition":[60.0354,340.207,23.2125],"pipPosition":[62.1547,300.919,2.06863],"stabilizedTipPosition":[75.5397,278.015,122.886],"timeVisible":0.578274,"tipPosition":[66.4634,283.763,37.7172],"tipVelocity":[-9.15658,-3.38337,-141.101],"tool":false,"touchDistance":0.333333,"touchZone":"none","type":3,"width":18.0715},{"bases":[[[0.993213,-0.116012,0.0083795],[0.10111,0.896755,0.430822],[-0.0574947,-0.42705,0.902398]],[[0.994872,-0.0900611,-0.0460262],[0.0102007,0.542099,-0.840253],[0.100625,0.835475,0.540238]],[[0.994872,-0.0900611,-0.0460262],[-0.0978706,-0.742469,-0.662692],[0.0255098,0.663799,-0.747476]],[[0.994872,-0.0900611,-0.0460262],[-0.0951401,-0.987744,-0.123733],[-0.0343186,0.127477,-0.991248]]],"btipPosition":[77.6676,294.484,39.2908],"carpPosition":[77.7992,314.437,79.0011],"dipPosition":[77.0763,296.681,22.2101],"direction":[-0.0255098,-0.663799,0.747476],"extended":false,"handId":397,"id":3974,"length":50.4953,"mcpPosition":[81.132,339.192,26.6914],"pipPosition":[77.5751,309.66,7.59482],"stabilizedTipPosition":[87.3169,288.435,120.912],"timeVisible":0.578274,"tipPosition":[77.6972,294.837,34.888],"tipVelocity":[-11.14,-6.96502,-155.599],"tool":false,"touchDistance":0.333333,"touchZone":"none","type":4,"width":16.0525}],"r":[[0.997339,-0.0142937,-0.0714843],[-0.0033072,0.970708,-0.24024],[0.0728243,0.239837,0.968078]],"s":0.899969,"t":[-42.848,112.742,-186.012],"timestamp":521310582258},false],[4,{"currentFrameRate":107.87,"devices":[],"gestures":[],"hands":[{"armBasis":[[0.830166,0.464647,-0.308104],[-0.234653,0.792508,0.562911],[0.505729,-0.395012,0.766944]],"armWidth":63.7005,"confidence":0.889877,"direction":[-0.222423,0.449495,-0.865148],"elbow":[201.887,197.308,293.029],"grabStrength":0,"id":397,"palmNormal":[0.252914,-0.830397,-0.496462],"palmPosition":[47.2916,322.099,37.7111],"palmVelocity":[-15.623,-9.69294,-150.061],"palmWidth":90.9622,"pinchStrength":0.475836,"r":[[0.997578,-0.0131305,-0.0683133],[-0.00368408,0.970674,-0.240372],[0.0694661,0.240041,0.968274]],"s":0.901868,"sphereCenter":[60.8639,295.708,-0.651303],"sphereRadius":49.5001,"stabilizedPalmPosition":[59.0835,313.853,136.159],"t":[-43.0018,112.722,-187.117],"timeVisible":0.587396,"type":"right","wrist":[65.3818,303.928,86.0177]}],"id":4102394,"interactionBox":{"center":[0,200,0],"size":[235.247,235.247,147.751]},"pointables":[{"bases":[[[0.109272,0.962923,0.246654],[-0.784076,-0.0690211,0.616815],[0.61097,-0.260796,0.747463]],[[-0.105258,0.994189,-0.0225522],[-0.798301,-0.0709525,0.598064],[0.592989,0.0809548,0.801131]],[[-0.105258,0.994189,-0.0225522],[-0.967619,-0.0971607,0.232966],[0.229421,0.0463436,0.972223]],[[-0.105258,0.994189,-0.0225522],[-0.725268,-0.0922631,-0.682257],[-0.680373,-0.0554569,0.730765]]],"btipPosition":[20.5459,279.72,-4.57295],"carpPosition":[42.039,284.042,85.6411],"dipPosition":[4.62759,278.423,12.5243],"direction":[-0.229421,-0.0463436,-0.972223],"extended":false,"handId":397,"id":3970,"length":52.1005,"mcpPosition":[42.039,284.042,85.6411],"pipPosition":[12.4475,280.002,45.6628],"stabilizedTipPosition":[27.1173,278.847,97.2308],"timeVisible":0.587396,"tipPosition":[17.2951,280.562,-0.543334],"tipVelocity":[-13.7395,-66.3923,-162.209],"tool":false,"touchDistance":-0.553082,"touchZone":"hovering","type":0,"width":20.2438},{"bases":[[[0.890862,0.40003,-0.215268],[-0.306093,0.878742,0.366224],[0.335666,-0.260363,0.905284]],[[0.941798,0.335681,-0.0182932],[-0.326678,0.926671,0.185908],[0.0793577,-0.169112,0.982397]],[[0.941798,0.335681,-0.0182932],[-0.335495,0.941959,0.0125465],[0.0214431,-0.00567895,0.999754]],[[0.941798,0.335681,-0.0182932],[-0.335413,0.934587,-0.118517],[-0.0226872,0.117755,0.992784]]],"btipPosition":[14.0815,332.275,-64.3701],"carpPosition":[42.3077,307.737,85.5183],"dipPosition":[13.694,334.287,-47.413],"direction":[-0.0214431,0.00567895,-0.999754],"extended":true,"handId":397,"id":3971,"length":58.7895,"mcpPosition":[17.6205,326.886,18.9373],"pipPosition":[14.2121,334.149,-23.256],"stabilizedTipPosition":[18.9334,328.553,63.8862],"timeVisible":0.587396,"tipPosition":[13.9095,333.906,-60.2042],"tipVelocity":[14.0255,-16.6839,-162.483],"tool":false,"touchDistance":-0.599964,"touchZone":"hovering","type":1,"width":19.3369},{"bases":[[[0.967062,0.205471,-0.150239],[-0.143632,0.927791,0.344344],[0.210143,-0.311423,0.926744]],[[0.967374,0.205009,-0.148862],[-0.234144,0.49899,-0.834378],[-0.0967738,0.84201,0.530711]],[[0.967374,0.205009,-0.148862],[0.0568995,-0.748355,-0.660853],[-0.246882,0.630822,-0.735604]],[[0.967374,0.205009,-0.148862],[0.190984,-0.97615,-0.103227],[-0.166474,0.071429,-0.983455]]],"btipPosition":[52.5893,276.13,32.1641],"carpPosition":[52.4373,314.257,82.9871],"dipPosition":[49.4619,277.472,13.6886],"direction":[0.246882,-0.630822,0.735604],"extended":false,"handId":397,"id":3972,"length":66.986,"mcpPosition":[37.7805,335.978,18.3497],"pipPosition":[42.4436,295.405,-7.22292],"stabilizedTipPosition":[59.1,268.954,116.299],"timeVisible":0.587396,"tipPosition":[51.7914,276.069,27.2597],"tipVelocity":[1.21624,-0.98168,-139.778],"tool":false,"touchDistance":0.333333,"touchZone":"none","type":2,"width":18.9914},{"bases":[[[0.995504,0.0868739,-0.037751],[-0.0674002,0.9297,0.362098],[0.066554,-0.357925,0.931375]],[[0.992469,0.0996797,-0.0711954],[-0.109804,0.466332,-0.877769],[-0.054295,0.878976,0.473765]],[[0.992469,0.0996797,-0.0711954],[0.0375923,-0.801019,-0.597457],[-0.116583,0.590281,-0.798734]],[[0.992469,0.0996797,-0.0711954],[0.0970813,-0.994509,-0.0390776],[-0.0746997,0.0318716,-0.996697]]],"btipPosition":[66.8355,284.07,41.9525],"carpPosition":[63.9542,317.859,80.7009],"dipPosition":[65.4402,284.665,23.336],"direction":[0.116583,-0.590281,0.798734],"extended":false,"handId":397,"id":3973,"length":64.4088,"mcpPosition":[59.7865,340.272,22.3774],"pipPosition":[62.2116,301.012,1.21618],"stabilizedTipPosition":[75.5393,278.015,122.882],"timeVisible":0.587396,"tipPosition":[66.5192,283.882,36.884],"tipVelocity":[-5.02435,1.13586,-127.472],"tool":false,"touchDistance":0.333333,"touchZone":"none","type":3,"width":18.0715},{"bases":[[[0.993876,-0.109952,0.0109927],[0.094404,0.896596,0.432671],[-0.0574288,-0.428983,0.901485]],[[0.995532,-0.0841813,-0.0427706],[0.00989378,0.54347,-0.839371],[0.0939038,0.835197,0.541874]],[[0.995532,-0.0841813,-0.0427706],[-0.0912972,-0.742563,-0.663525],[0.0240965,0.664465,-0.746931]],[[0.995532,-0.0841813,-0.0427706],[-0.0889097,-0.988239,-0.124414],[-0.0317943,0.127661,-0.991308]]],"btipPosition":[77.6364,294.666,38.4462],"carpPosition":[77.55,314.514,78.1711],"dipPosition":[77.0885,296.866,21.3645],"direction":[-0.0240965,-0.664465,0.746931],"extended":false,"handId":397,"id":3974,"length":50.4953,"mcpPosition":[80.879,339.381,25.9142],"pipPosition":[77.5597,309.858,6.75986],"stabilizedTipPosition":[87.3162,288.435,120.907],"timeVisible":0.587396,"tipPosition":[77.679,295.014,34.0489],"tipVelocity":[-8.69308,0.540364,-138.106],"tool":false,"touchDistance":0.333333,"touchZone":"none","type":4,"width":16.0525}],"r":[[0.997578,-0.0131305,-0.0683133],[-0.00368408,0.970674,-0.240372],[0.0694661,0.240041,0.968274]],"s":0.901868,"t":[-43.0018,112.722,-187.117],"timestamp":521310591380},false],[5,{"currentFrameRate":108.032,"devices":[],"gestures":[],"hands":[{"armBasis":[[0.829401,0.469498,-0.302763],[-0.241095,0.7897,0.564134],[0.503952,-0.394899,0.768172]],"armWidth":63.7005,"confidence":0.892351,"direction":[-0.222797,0.451565,-0.863974],"elbow":[201.257,197.153,292.221],"grabStrength":0,"id":397,"palmNormal":[0.259039,-0.826968,-0.499022],"palmPosition":[47.1608,321.996,36.5951],"palmVelocity":[-15.3399,-10.1642,-143.064],"palmWidth":90.9622,"pinchStrength":0.468218,"r":[[0.997808,-0.0109845,-0.0652642],[-0.00499236,0.970828,-0.239726],[0.0659936,0.239526,0.968645]],"s":0.904115,"sphereCenter":[60.7299,295.8,-1.84005],"sphereRadius":49.5137,"stabilizedPalmPosition":[59.0833,313.853,136.158],"t":[-43.1441,112.661,-188.227],"timeVisible":0.59636,"type":"right","wrist":[65.2313,303.743,84.8779]}],"id":4102395,"interactionBox":{"center":[0,200,0],"size":[235.247,235.247,147.751]},"pointables":[{"bases":[[[0.103015,0.962574,0.250679],[-0.785257,-0.0759907,0.614489],[0.61054,-0.260149,0.74804]],[[-0.117222,0.992738,-0.0270316],[-0.79755,-0.0778857,0.598204],[0.591754,0.0916816,0.800888]],[[-0.117222,0.992738,-0.0270316],[-0.965352,-0.107514,0.237775],[0.233142,0.0539675,0.970944]],[[-0.117222,0.992738,-0.0270316],[-0.730295,-0.104615,-0.675074],[-0.673,-0.0593926,0.737254]]],"btipPosition":[20.2752,278.698,-5.94717],"carpPosition":[42.006,283.723,84.363],"dipPosition":[4.52937,277.309,11.302],"direction":[-0.233142,-0.0539675,-0.970944],"extended":false,"handId":397,"id":3970,"length":52.1005,"mcpPosition":[42.006,283.723,84.363],"pipPosition":[12.4761,279.148,44.3968],"stabilizedTipPosition":[27.1151,278.847,97.2098],"timeVisible":0.59636,"tipPosition":[17.1509,279.629,-1.88725],"tipVelocity":[-17.0333,-80.0711,-158.706],"tool":false,"touchDistance":-0.546197,"touchZone":"hovering","type":0,"width":20.2438},{"bases":[[[0.88907,0.406046,-0.211381],[-0.312161,0.875509,0.368834],[0.33483,-0.261934,0.905141]],[[0.939819,0.341349,-0.0148566],[-0.332732,0.924244,0.187249],[0.0776486,-0.171037,0.9822]],[[0.939819,0.341349,-0.0148566],[-0.341128,0.939888,0.0155745],[0.0192799,-0.00956922,0.999768]],[[0.939819,0.341349,-0.0148566],[-0.340748,0.933192,-0.114211],[-0.0251219,0.1124,0.993345]]],"btipPosition":[14.1393,332.341,-65.5464],"carpPosition":[42.1368,307.42,84.333],"dipPosition":[13.7102,334.261,-48.5797],"direction":[-0.0192799,0.00956922,-0.999768],"extended":true,"handId":397,"id":3971,"length":58.7895,"mcpPosition":[17.5111,326.684,17.7625],"pipPosition":[14.1761,334.03,-24.4222],"stabilizedTipPosition":[18.9334,328.553,63.8849],"timeVisible":0.59636,"tipPosition":[13.9587,333.93,-61.3762],"tipVelocity":[11.6617,-10.7396,-153.86],"tool":false,"touchDistance":-0.585911,"touchZone":"hovering","type":1,"width":19.3369},{"bases":[[[0.966234,0.211683,-0.146909],[-0.149933,0.925589,0.34757],[0.209552,-0.313808,0.926074]],[[0.966498,0.211285,-0.145737],[-0.235046,0.500437,-0.833257],[-0.103123,0.839596,0.533333]],[[0.966498,0.211285,-0.145737],[0.0631209,-0.746009,-0.662938],[-0.24879,0.631529,-0.734353]],[[0.966498,0.211285,-0.145737],[0.197145,-0.974668,-0.105622],[-0.164361,0.0733524,-0.983669]]],"btipPosition":[52.7485,276.108,30.9195],"carpPosition":[52.2347,314.008,81.8537],"dipPosition":[49.6607,277.486,12.44],"direction":[0.24879,-0.631529,0.734353],"extended":false,"handId":397,"id":3972,"length":66.986,"mcpPosition":[37.6192,335.895,17.2631],"pipPosition":[42.5882,295.439,-8.43593],"stabilizedTipPosition":[59.0999,268.954,116.297],"timeVisible":0.59636,"tipPosition":[51.9629,276.06,26.0182],"tipVelocity":[6.0207,-1.14403,-139.549],"tool":false,"touchDistance":0.333333,"touchZone":"none","type":2,"width":18.9914},{"bases":[[[0.995075,0.0928147,-0.0348087],[-0.0737598,0.927872,0.36553],[0.0662246,-0.361163,0.930148]],[[0.992055,0.105725,-0.0681895],[-0.110193,0.468691,-0.876462],[-0.060704,0.877012,0.476618]],[[0.992055,0.105725,-0.0681895],[0.0439545,-0.799132,-0.599547],[-0.117879,0.591786,-0.797429]],[[0.992055,0.105725,-0.0681895],[0.103065,-0.993812,-0.0414247],[-0.0721471,0.0340676,-0.996812]]],"btipPosition":[66.9127,284.105,40.7787],"carpPosition":[63.7363,317.686,79.6116],"dipPosition":[65.5651,284.741,22.16],"direction":[0.117879,-0.591786,0.797429],"extended":false,"handId":397,"id":3973,"length":64.4088,"mcpPosition":[59.5893,340.302,21.3649],"pipPosition":[62.3007,301.129,0.0763326],"stabilizedTipPosition":[75.5391,278.015,122.88],"timeVisible":0.59636,"tipPosition":[66.6116,283.927,35.7192],"tipVelocity":[-0.957139,2.17556,-128.439],"tool":false,"touchDistance":0.333333,"touchZone":"none","type":3,"width":18.0715},{"bases":[[[0.994469,-0.104206,0.0131653],[0.088051,0.895435,0.436397],[-0.0572637,-0.432824,0.899658]],[[0.996115,-0.0785787,-0.0397501],[0.00969157,0.546476,-0.837419],[0.0875257,0.83378,0.545115]],[[0.996115,-0.0785787,-0.0397501],[-0.0850569,-0.741647,-0.665375],[0.0228038,0.666171,-0.74545]],[[0.996115,-0.0785787,-0.0397501],[-0.0830189,-0.988512,-0.126299],[-0.0293691,0.129108,-0.991196]]],"btipPosition":[77.6437,294.797,37.34],"carpPosition":[77.3579,314.43,77.1044],"dipPosition":[77.1376,297.022,20.2602],"direction":[-0.0228038,-0.666171,0.74545],"extended":false,"handId":397,"id":3974,"length":50.4953,"mcpPosition":[80.6774,339.52,24.9535],"pipPosition":[77.5835,310.047,5.68455],"stabilizedTipPosition":[87.3158,288.435,120.903],"timeVisible":0.59636,"tipPosition":[77.6985,295.14,32.9454],"tipVelocity":[-5.79828,4.55486,-134.069],"tool":false,"touchDistance":0.333333,"touchZone":"none","type":4,"width":16.0525}],"r":[[0.997808,-0.0109845,-0.0652642],[-0.00499236,0.970828,-0.239726],[0.0659936,0.239526,0.968645]],"s":0.904115,"t":[-43.1441,112.661,-188.227],"timestamp":521310600344},false],[6,{"currentFrameRate":108.161,"devices":[],"gestures":[],"hands":[{"armBasis":[[0.825422,0.472861,-0.308353],[-0.241473,0.78948,0.56428],[0.510265,-0.39131,0.765837]],"armWidth":63.7005,"confidence":0.893934,"direction":[-0.220859,0.454857,-0.862744],"elbow":[202.603,197.638,289.952],"grabStrength":0,"id":397,"palmNormal":[0.258621,-0.825608,-0.501484],"palmPosition":[46.9011,321.704,34.9927],"palmVelocity":[-19.0452,-16.2733,-152.619],"palmWidth":90.9622,"pinchStrength":0.468458,"r":[[0.997998,-0.009507,-0.0625316],[-0.00569551,0.971115,-0.238543],[0.0629932,0.238422,0.969117]],"s":0.905852,"sphereCenter":[60.3949,295.615,-3.50141],"sphereRadius":49.4976,"stabilizedPalmPosition":[59.0832,313.853,136.156],"t":[-43.345,112.484,-189.583],"timeVisible":0.605371,"type":"right","wrist":[64.8732,303.259,83.2393]}],"id":4102396,"interactionBox":{"center":[0,200,0],"size":[235.247,235.247,147.751]},"pointables":[{"bases":[[[0.103997,0.961556,0.254153],[-0.786287,-0.0769958,0.613045],[0.609046,-0.263592,0.748052]],[[-0.119274,0.992457,-0.0283319],[-0.798524,-0.0789312,0.596765],[0.590028,0.0938024,0.801915]],[[-0.119274,0.992457,-0.0283319],[-0.965502,-0.109288,0.23635],[0.231471,0.0555449,0.971255]],[[-0.119274,0.992457,-0.0283319],[-0.729215,-0.106932,-0.675878],[-0.673809,-0.0599547,0.736469]]],"btipPosition":[20.0516,278.103,-7.73317],"carpPosition":[41.6204,283.274,82.6205],"dipPosition":[4.28689,276.7,9.49759],"direction":[-0.231471,-0.0555449,-0.971255],"extended":false,"handId":397,"id":3970,"length":52.1005,"mcpPosition":[41.6204,283.274,82.6205],"pipPosition":[12.1766,278.593,42.603],"stabilizedTipPosition":[27.112,278.847,97.1806],"timeVisible":0.605371,"tipPosition":[16.8597,279.062,-3.68261],"tipVelocity":[-19.3031,-76.3177,-169.691],"tool":false,"touchDistance":-0.546763,"touchZone":"hovering","type":0,"width":20.2438},{"bases":[[[0.889959,0.405512,-0.208645],[-0.311479,0.874674,0.371384],[0.333098,-0.265528,0.904732]],[[0.940255,0.340233,-0.01272],[-0.331924,0.92433,0.188257],[0.0758089,-0.172788,0.982037]],[[0.940255,0.340233,-0.01272],[-0.339981,0.94025,0.0185029],[0.0182553,-0.0130729,0.999748]],[[0.940255,0.340233,-0.01272],[-0.339516,0.934168,-0.109815],[-0.0254802,0.107573,0.993871]]],"btipPosition":[14.0245,332.399,-67.1784],"carpPosition":[41.7847,306.97,82.6725],"dipPosition":[13.5893,334.236,-50.2027],"direction":[-0.0182553,0.0130729,-0.999748],"extended":true,"handId":397,"id":3971,"length":58.7895,"mcpPosition":[17.2864,326.499,16.132],"pipPosition":[14.0304,333.92,-26.0458],"stabilizedTipPosition":[18.9334,328.553,63.884],"timeVisible":0.605371,"tipPosition":[13.8543,333.948,-63.0049],"tipVelocity":[4.9116,-6.61577,-161.288],"tool":false,"touchDistance":-0.580103,"touchZone":"hovering","type":1,"width":19.3369},{"bases":[[[0.966752,0.210818,-0.144729],[-0.149148,0.924597,0.350537],[0.207715,-0.317296,0.925299]],[[0.966965,0.210492,-0.143779],[-0.233236,0.50298,-0.832233],[-0.102861,0.838275,0.535458]],[[0.966965,0.210492,-0.143779],[0.0633602,-0.744803,-0.664269],[-0.24691,0.633215,-0.733535]],[[0.966965,0.210492,-0.143779],[0.196251,-0.974689,-0.107085],[-0.16268,0.0753302,-0.983799]]],"btipPosition":[52.4399,275.875,29.2277],"carpPosition":[51.8956,313.553,80.231],"dipPosition":[49.3837,277.29,10.7458],"direction":[0.24691,-0.633215,0.733535],"extended":false,"handId":397,"id":3972,"length":66.986,"mcpPosition":[37.4082,335.684,15.6945],"pipPosition":[42.3646,295.291,-10.1069],"stabilizedTipPosition":[59.0998,268.954,116.296],"timeVisible":0.605371,"tipPosition":[51.6618,275.837,24.3262],"tipVelocity":[-4.82651,-7.68197,-152.814],"tool":false,"touchDistance":0.333333,"touchZone":"none","type":2,"width":18.9914},{"bases":[[[0.995256,0.0915234,-0.0329965],[-0.0729988,0.92671,0.368619],[0.0643154,-0.364461,0.928995]],[[0.992307,0.104542,-0.0663102],[-0.108181,0.471819,-0.875033],[-0.0601916,0.875476,0.479499]],[[0.992307,0.104542,-0.0663102],[0.0437561,-0.797229,-0.60209],[-0.115808,0.594556,-0.79567]],[[0.992307,0.104542,-0.0663102],[0.101729,-0.993817,-0.0444852],[-0.0705508,0.0373974,-0.996807]]],"btipPosition":[66.5917,283.777,39.0807],"carpPosition":[63.4058,317.222,78.0189],"dipPosition":[65.2739,284.476,20.4621],"direction":[0.115808,-0.594556,0.79567],"extended":false,"handId":397,"id":3973,"length":64.4088,"mcpPosition":[59.3783,340.045,19.8444],"pipPosition":[62.0668,300.941,-1.57286],"stabilizedTipPosition":[75.5389,278.016,122.878],"timeVisible":0.605371,"tipPosition":[66.2985,283.619,34.0285],"tipVelocity":[-10.277,-7.97181,-144.93],"tool":false,"touchDistance":0.333333,"touchZone":"none","type":3,"width":18.0715},{"bases":[[[0.9943,-0.10566,0.0142965],[0.0886593,0.893799,0.439616],[-0.059228,-0.435842,0.898072]],[[0.996061,-0.0802351,-0.0377512],[0.0125231,0.548758,-0.835888],[0.0877838,0.832122,0.547601]],[[0.996061,-0.0802351,-0.0377512],[-0.0849136,-0.740432,-0.666746],[0.0255442,0.667325,-0.744328]],[[0.996061,-0.0802351,-0.0377512],[-0.0844459,-0.988196,-0.127816],[-0.0270503,0.130501,-0.991079]]],"btipPosition":[77.3235,294.51,35.7366],"carpPosition":[77.0266,313.956,75.5209],"dipPosition":[76.8574,296.758,18.6588],"direction":[-0.0255442,-0.667325,0.744328],"extended":false,"handId":397,"id":3974,"length":50.4953,"mcpPosition":[80.4598,339.221,23.4619],"pipPosition":[77.3568,309.806,4.10506],"stabilizedTipPosition":[87.3155,288.436,120.9],"timeVisible":0.605371,"tipPosition"