{"sensorType":"Leap","data":[[0,{"currentFrameRate":108.298,"devices":[],"gestures":[],"hands":[{"armBasis":[[0.849712,0.491464,-0.190925],[-0.248085,0.692206,0.67772],[0.465235,-0.528501,0.7101]],"armWidth":63.7005,"confidence":0.852478,"direction":[-0.118768,0.513755,-0.849676],"elbow":[173.822,145.699,286.645],"grabStrength":0,"id":395,"palmNormal":[0.275805,-0.804988,-0.525286],"palmPosition":[35.7578,310.347,46.4877],"palmVelocity":[1.38668,2.80429,-160.879],"palmWidth":90.9622,"pinchStrength":0.612138,"r":[[0.977782,0.147434,0.149017],[-0.156862,0.986167,0.0535685],[-0.139058,-0.0757534,0.987383]],"s":0.984349,"sphereCenter":[49.3714,283.068,7.48137],"sphereRadius":47.9722,"stabilizedPalmPosition":[45.871,299.924,262.164],"t":[-10.2765,10.8808,-215.736],"timeVisible":0.976009,"type":"right","wrist":[48.2469,288.351,94.976]}],"id":4101452,"interactionBox":{"center":[0,200,0],"size":[235.247,235.247,147.751]},"pointables":[{"bases":[[[0.113963,0.939658,0.322577],[-0.844644,-0.0793064,0.529422],[0.523058,-0.332797,0.784638]],[[-0.101655,0.994732,-0.0131725],[-0.852816,-0.0803193,0.515998],[0.512222,0.0636877,0.856488]],[[-0.101655,0.994732,-0.0131725],[-0.991215,-0.100152,0.0863824],[0.0846082,0.021838,0.996175]],[[-0.101655,0.994732,-0.0131725],[-0.492525,-0.0618285,-0.868099],[-0.864341,-0.0817591,0.496216]]],"btipPosition":[16.2245,267.436,2.59251],"carpPosition":[24.4469,269.445,90.8978],"dipPosition":[-3.99805,265.523,14.2022],"direction":[-0.0846082,-0.021838,-0.996175],"extended":false,"handId":395,"id":3950,"length":52.1005,"mcpPosition":[24.4469,269.445,90.8978],"pipPosition":[-1.11416,266.267,48.157],"stabilizedTipPosition":[3.64508,270.531,197.889],"timeVisible":0.976009,"tipPosition":[10.646,267.528,5.56866],"tipVelocity":[15.7166,-13.3541,-158.675],"tool":false,"touchDistance":-0.512588,"touchZone":"hovering","type":0,"width":20.2438},{"bases":[[[0.920365,0.37878,-0.0972276],[-0.313878,0.86382,0.394075],[0.233255,-0.332175,0.913921]],[[0.947791,0.309684,0.0760763],[-0.315596,0.945122,0.0845205],[-0.0457267,-0.104117,0.993513]],[[0.947791,0.309684,0.0760763],[-0.307193,0.950684,-0.0428102],[-0.0855821,0.0172051,0.996183]],[[0.947791,0.309684,0.0760763],[-0.298063,0.945112,-0.133873],[-0.113359,0.104208,0.988074]]],"btipPosition":[14.2888,319.775,-58.3862],"carpPosition":[25.476,293.069,92.4482],"dipPosition":[12.3526,321.555,-41.5095],"direction":[0.0855821,-0.0172051,-0.996183],"extended":true,"handId":395,"id":3951,"length":58.7895,"mcpPosition":[8.32074,317.499,25.232],"pipPosition":[10.2847,321.971,-17.4387],"stabilizedTipPosition":[9.51356,318.355,148.643],"timeVisible":0.976009,"tipPosition":[13.983,319.287,-54.4729],"tipVelocity":[4.21806,-4.21962,-165.793],"tool":false,"touchDistance":-0.545265,"touchZone":"touching","type":1,"width":19.3369},{"bases":[[[0.98335,0.177572,-0.0386056],[-0.148564,0.907919,0.391933],[0.104647,-0.379672,0.919183]],[[0.980651,0.186353,-0.059971],[-0.154136,0.546135,-0.823395],[-0.12069,0.816706,0.564291]],[[0.980651,0.186353,-0.059971],[0.0575777,-0.56735,-0.821462],[-0.187107,0.802114,-0.567102]],[[0.980651,0.186353,-0.059971],[0.144751,-0.896489,-0.418754],[-0.1318,0.401971,-0.906117]]],"btipPosition":[42.3236,256.12,33.2399],"carpPosition":[36.0118,299.347,91.3967],"dipPosition":[39.8476,263.672,16.2174],"direction":[0.187107,-0.802114,0.567102],"extended":false,"handId":395,"id":3952,"length":66.986,"mcpPosition":[28.713,325.828,27.2867],"pipPosition":[34.5286,286.474,0.0959542],"stabilizedTipPosition":[55.8322,259.398,203.637],"timeVisible":0.976009,"tipPosition":[41.7155,257.626,28.945],"tipVelocity":[-2.764,2.22161,-133.745],"tool":false,"touchDistance":0.333333,"touchZone":"none","type":2,"width":18.9914},{"bases":[[[0.996415,0.0508131,0.0676456],[-0.0745164,0.90572,0.417275],[-0.0400649,-0.42082,0.906259]],[[0.997118,0.0617081,0.044123],[0.00598755,0.515804,-0.856686],[-0.0756233,0.854481,0.513948]],[[0.997118,0.0617081,0.044123],[0.0729599,-0.620811,-0.780558],[-0.0207747,0.781528,-0.623524]],[[0.997118,0.0617081,0.044123],[0.0738158,-0.923362,-0.376767],[0.0174919,0.378939,-0.925256]]],"btipPosition":[53.9452,262.11,45.3669],"carpPosition":[47.8099,302.646,90.5238],"dipPosition":[54.2719,269.188,28.0847],"direction":[0.0207747,-0.781528,0.623524],"extended":false,"handId":395,"id":3953,"length":64.4088,"mcpPosition":[50.3188,328.998,33.7731],"pipPosition":[53.6966,290.832,10.8171],"stabilizedTipPosition":[67.3562,267.19,210.521],"timeVisible":0.976009,"tipPosition":[54.0269,263.487,40.884],"tipVelocity":[-3.42011,4.23213,-132.283],"tool":false,"touchDistance":0.333333,"touchZone":"none","type":3,"width":18.0715},{"bases":[[[0.983604,-0.148588,0.102198],[0.0781246,0.861837,0.501133],[-0.162541,-0.484932,0.859315]],[[0.957856,-0.204264,0.201962],[0.283364,0.55666,-0.780919],[0.0470892,0.805237,0.591081]],[[0.957856,-0.204264,0.201962],[0.0551537,-0.559226,-0.827178],[0.281905,0.803457,-0.524392]],[[0.957856,-0.204264,0.201962],[-0.0894701,-0.880268,-0.465965],[0.272961,0.428258,-0.861445]]],"btipPosition":[59.0221,275.511,43.5249],"carpPosition":[61.4801,298.954,89.1336],"dipPosition":[63.7256,282.891,28.6809],"direction":[-0.281905,-0.803457,0.524392],"extended":false,"handId":395,"id":3954,"length":50.4953,"mcpPosition":[70.9022,327.065,39.3213],"pipPosition":[69.2377,298.601,18.4276],"stabilizedTipPosition":[70.6225,282.296,214.345],"timeVisible":0.976009,"tipPosition":[60.1337,277.026,39.8937],"tipVelocity":[-3.32236,1.20446,-143.88],"tool":false,"touchDistance":0.333333,"touchZone":"none","type":4,"width":16.0525}],"r":[[0.977782,0.147434,0.149017],[-0.156862,0.986167,0.0535685],[-0.139058,-0.0757534,0.987383]],"s":0.984349,"t":[-10.2765,10.8808,-215.736],"timestamp":521300185988},false],[1,{"currentFrameRate":108.371,"devices":[],"gestures":[],"hands":[{"armBasis":[[0.850352,0.490117,-0.19154],[-0.248033,0.694344,0.675549],[0.464092,-0.526946,0.712002]],"armWidth":63.7005,"confidence":0.860854,"direction":[-0.118149,0.513102,-0.850157],"elbow":[173.472,146.116,286.244],"grabStrength":0,"id":395,"palmNormal":[0.275281,-0.805673,-0.524511],"palmPosition":[35.7457,310.311,45.552],"palmVelocity":[0.633642,0.936941,-144.807],"palmWidth":90.9622,"pinchStrength":0.613779,"r":[[0.977897,0.146407,0.149273],[-0.155508,0.986508,0.0511784],[-0.139766,-0.0732604,0.987471]],"s":0.984946,"sphereCenter":[49.4371,283.027,6.57885],"sphereRadius":47.9902,"stabilizedPalmPosition":[45.871,299.924,262.164],"t":[-10.2764,10.866,-216.925],"timeVisible":0.985105,"type":"right","wrist":[48.2054,288.347,94.0626]}],"id":4101453,"interactionBox":{"center":[0,200,0],"size":[235.247,235.247,147.751]},"pointables":[{"bases":[[[0.114644,0.939849,0.321777],[-0.844835,-0.078159,0.529287],[0.5226,-0.332528,0.785057]],[[-0.101626,0.994705,-0.0153268],[-0.854161,-0.0793486,0.513919],[0.509981,0.0653191,0.857702]],[[-0.101626,0.994705,-0.0153268],[-0.991344,-0.0999716,0.0851031],[0.0831202,0.0238428,0.996254]],[[-0.101626,0.994705,-0.0153268],[-0.492397,-0.0636818,-0.868038],[-0.864418,-0.0806686,0.496261]]],"btipPosition":[16.333,267.273,1.62572],"carpPosition":[24.3911,269.458,89.9953],"dipPosition":[-3.89129,265.385,13.2365],"direction":[-0.0831202,-0.0238428,-0.996254],"extended":false,"handId":395,"id":3950,"length":52.1005,"mcpPosition":[24.3911,269.458,89.9953],"pipPosition":[-1.05812,266.198,47.194],"stabilizedTipPosition":[3.64508,270.531,197.889],"timeVisible":0.985105,"tipPosition":[10.759,267.38,4.60685],"tipVelocity":[14.656,-14.4345,-144.153],"tool":false,"touchDistance":-0.504161,"touchZone":"hovering","type":0,"width":20.2438},{"bases":[[[0.920694,0.377952,-0.0973387],[-0.313276,0.86442,0.393239],[0.232767,-0.331559,0.914269]],[[0.948019,0.309013,0.075971],[-0.314952,0.945265,0.0853172],[-0.0454486,-0.10481,0.993453]],[[0.948019,0.309013,0.075971],[-0.306614,0.950919,-0.0417309],[-0.0851376,0.016268,0.996236]],[[0.948019,0.309013,0.075971],[-0.297544,0.945447,-0.132657],[-0.112819,0.103157,0.988246]]],"btipPosition":[14.2557,319.813,-59.3365],"carpPosition":[25.4388,293.082,91.5252],"dipPosition":[12.3287,321.575,-42.4569],"direction":[0.0851376,-0.016268,-0.996236],"extended":true,"handId":395,"id":3951,"length":58.7895,"mcpPosition":[8.31952,317.467,24.2833],"pipPosition":[10.2715,321.968,-18.3848],"stabilizedTipPosition":[9.51356,318.355,148.643],"timeVisible":0.985105,"tipPosition":[13.9625,319.319,-55.4227],"tipVelocity":[2.10528,-2.02023,-148.783],"tool":false,"touchDistance":-0.533316,"touchZone":"touching","type":1,"width":19.3369},{"bases":[[[0.983503,0.176745,-0.0385245],[-0.147925,0.908383,0.391098],[0.104119,-0.378947,0.919542]],[[0.980794,0.185571,-0.0600501],[-0.153608,0.545174,-0.82413],[-0.120197,0.817526,0.563209]],[[0.980794,0.185571,-0.0600501],[0.0574766,-0.569191,-0.820194],[-0.186384,0.80099,-0.568925]],[[0.980794,0.185571,-0.0600501],[0.144334,-0.897614,-0.416483],[-0.131189,0.399817,-0.907158]]],"btipPosition":[42.2729,256.106,32.4124],"carpPosition":[35.98,299.35,90.4707],"dipPosition":[39.8083,263.617,15.3703],"direction":[0.186384,-0.80099,0.568925],"extended":false,"handId":395,"id":3952,"length":66.986,"mcpPosition":[28.7181,325.781,26.3357],"pipPosition":[34.5098,286.388,-0.802937],"stabilizedTipPosition":[55.8322,259.398,203.637],"timeVisible":0.985105,"tipPosition":[41.6679,257.599,28.1059],"tipVelocity":[-3.46367,0.893027,-122.032],"tool":false,"touchDistance":0.333333,"touchZone":"none","type":2,"width":18.9914},{"bases":[[[0.996439,0.0500689,0.0678414],[-0.0738861,0.906147,0.41646],[-0.0406225,-0.41999,0.906619]],[[0.997158,0.0609564,0.0442795],[0.00655797,0.515263,-0.857007],[-0.0750557,0.854862,0.513398]],[[0.997158,0.0609564,0.0442795],[0.0726365,-0.621727,-0.779858],[-0.0200076,0.780858,-0.624388]],[[0.997158,0.0609564,0.0442795],[0.0731539,-0.923942,-0.375473],[0.0180242,0.377645,-0.925775]]],"btipPosition":[53.8946,262.077,44.4764],"carpPosition":[47.7809,302.639,89.5977],"dipPosition":[54.2313,269.131,27.1845],"direction":[0.0200076,-0.780858,0.624388],"extended":false,"handId":395,"id":3953,"length":64.4088,"mcpPosition":[50.3248,328.939,32.8245],"pipPosition":[53.6772,290.756,9.89303],"stabilizedTipPosition":[67.3562,267.19,210.521],"timeVisible":0.985105,"tipPosition":[53.9783,263.446,40.0018],"tipVelocity":[-3.94254,1.88435,-122.824],"tool":false,"touchDistance":0.333333,"touchZone":"none","type":3,"width":18.0715},{"bases":[[[0.983459,-0.149291,0.102567],[0.0786993,0.862214,0.500393],[-0.163139,-0.484044,0.859702]],[[0.957571,-0.204977,0.202588],[0.284238,0.555595,-0.78136],[0.0476037,0.805791,0.590284]],[[0.957571,-0.204977,0.202588],[0.0548033,-0.560614,-0.826262],[0.282938,0.802307,-0.525594]],[[0.957571,-0.204977,0.202588],[-0.0903402,-0.881012,-0.464389],[0.273671,0.426384,-0.862149]]],"btipPosition":[58.9746,275.476,42.6468],"carpPosition":[61.4486,298.935,88.2141],"dipPosition":[63.6903,282.823,27.7906],"direction":[-0.282938,-0.802307,0.525594],"extended":false,"handId":395,"id":3954,"length":50.4953,"mcpPosition":[70.9053,326.994,38.3794],"pipPosition":[69.2226,298.511,17.5138],"stabilizedTipPosition":[70.6225,282.296,214.345],"timeVisible":0.985105,"tipPosition":[60.091,276.981,39.0105],"tipVelocity":[-3.76392,-0.430278,-130.85],"tool":false,"touchDistance":0.333333,"touchZone":"none","type":4,"width":16.0525}],"r":[[0.977897,0.146407,0.149273],[-0.155508,0.986508,0.0511784],[-0.139766,-0.0732604,0.987471]],"s":0.984946,"t":[-10.2764,10.866,-216.925],"timestamp":521300195084},false],[2,{"currentFrameRate":108.459,"devices":[],"gestures":[],"hands":[{"armBasis":[[0.849354,0.490749,-0.194328],[-0.246448,0.694291,0.676183],[0.466756,-0.526427,0.710643]],"armWidth":63.7005,"confidence":0.872112,"direction":[-0.11757,0.512326,-0.850705],"elbow":[174.216,146.365,285.163],"grabStrength":0,"id":395,"palmNormal":[0.273869,-0.806699,-0.523673],"palmPosition":[35.7922,310.386,44.8155],"palmVelocity":[1.8756,2.94772,-127.266],"palmWidth":90.9622,"pinchStrength":0.616775,"r":[[0.978042,0.145311,0.149394],[-0.15411,0.986835,0.0490515],[-0.1403,-0.0709975,0.98756]],"s":0.985283,"sphereCenter":[49.552,283.084,5.87226],"sphereRadius":48.0052,"stabilizedPalmPosition":[45.871,299.924,262.164],"t":[-10.2532,10.8958,-217.887],"timeVisible":0.994166,"type":"right","wrist":[48.2303,288.457,93.3476]}],"id":4101454,"interactionBox":{"center":[0,200,0],"size":[235.247,235.247,147.751]},"pointables":[{"bases":[[[0.116212,0.940031,0.320683],[-0.844814,-0.0762281,0.529602],[0.522288,-0.332463,0.785292]],[[-0.100589,0.994778,-0.0172752],[-0.855544,-0.0776209,0.511878],[0.507864,0.066269,0.858884]],[[-0.100589,0.994778,-0.0172752],[-0.991573,-0.0988099,0.0837847],[0.0816402,0.0255574,0.996334]],[[-0.100589,0.994778,-0.0172752],[-0.491736,-0.0648022,-0.86833],[-0.864915,-0.0788496,0.495687]]],"btipPosition":[16.4948,267.267,0.890155],"carpPosition":[24.3853,269.6,89.3081],"dipPosition":[-3.74108,265.422,12.4875],"direction":[-0.0816402,-0.0255574,-0.996334],"extended":false,"handId":395,"id":3950,"length":52.1005,"mcpPosition":[24.3853,269.6,89.3081],"pipPosition":[-0.958363,266.293,46.4477],"stabilizedTipPosition":[3.64508,270.531,197.889],"timeVisible":0.994166,"tipPosition":[10.9093,267.375,3.86996],"tipVelocity":[15.4595,-10.323,-126.856],"tool":false,"touchDistance":-0.493158,"touchZone":"touching","type":0,"width":20.2438},{"bases":[[[0.921262,0.376389,-0.0980137],[-0.311807,0.865357,0.392344],[0.232491,-0.33089,0.914582]],[[0.948527,0.307587,0.0754057],[-0.313524,0.945634,0.086485],[-0.0447045,-0.105675,0.993395]],[[0.948527,0.307587,0.0754057],[-0.305337,0.951403,-0.0400335],[-0.0840549,0.0149488,0.996349]],[[0.948527,0.307587,0.0754057],[-0.296406,0.946081,-0.130667],[-0.111531,0.101591,0.988555]]],"btipPosition":[14.2276,320.003,-60.0792],"carpPosition":[25.4706,293.225,90.8109],"dipPosition":[12.3226,321.738,-43.1943],"direction":[0.0840549,-0.0149488,-0.996349],"extended":true,"handId":395,"id":3951,"length":58.7895,"mcpPosition":[8.37158,317.561,23.5461],"pipPosition":[10.2916,322.099,-19.1196],"stabilizedTipPosition":[9.51356,318.355,148.643],"timeVisible":0.994166,"tipPosition":[13.9499,319.489,-56.164],"tipVelocity":[0.822881,4.12328,-130.296],"tool":false,"touchDistance":-0.519441,"touchZone":"touching","type":1,"width":19.3369},{"bases":[[[0.983769,0.17515,-0.0389886],[-0.146388,0.909057,0.39011],[0.103771,-0.37807,0.919943]],[[0.981052,0.184008,-0.0606507],[-0.153122,0.54458,-0.824613],[-0.118707,0.818275,0.562436]],[[0.981052,0.184008,-0.0606507],[0.0563752,-0.57061,-0.819284],[-0.185363,0.80034,-0.570172]],[[0.981052,0.184008,-0.0606507],[0.142909,-0.898636,-0.414765],[-0.130823,0.398239,-0.907905]]],"btipPosition":[42.2308,256.182,31.747],"carpPosition":[36.0214,299.475,89.7465],"dipPosition":[39.7731,263.664,14.6908],"direction":[0.185363,-0.80034,0.570172],"extended":false,"handId":395,"id":3952,"length":66.986,"mcpPosition":[28.7837,325.845,25.5835],"pipPosition":[34.5037,286.415,-1.51786],"stabilizedTipPosition":[55.8322,259.398,203.637],"timeVisible":0.994166,"tipPosition":[41.6277,257.664,27.4424],"tipVelocity":[-3.74012,2.74847,-108.712],"tool":false,"touchDistance":0.333333,"touchZone":"none","type":2,"width":18.9914},{"bases":[[[0.996535,0.0485746,0.067517],[-0.072345,0.906733,0.415454],[-0.0410394,-0.418899,0.907105]],[[0.997266,0.0594637,0.0438786],[0.00690533,0.516175,-0.856456],[-0.073577,0.854417,0.514353]],[[0.997266,0.0594637,0.0438786],[0.0713899,-0.62174,-0.779964],[-0.0190984,0.780964,-0.624285]],[[0.997266,0.0594637,0.0438786],[0.0716017,-0.924424,-0.374585],[0.0182883,0.376702,-0.926154]]],"btipPosition":[53.8709,262.149,43.6765],"carpPosition":[47.8272,302.744,88.8666],"dipPosition":[54.2125,269.185,26.3775],"direction":[0.0190984,-0.780964,0.624285],"extended":false,"handId":395,"id":3953,"length":64.4088,"mcpPosition":[50.3972,328.976,32.0629],"pipPosition":[53.6835,290.813,9.08889],"stabilizedTipPosition":[67.3562,267.19,210.521],"timeVisible":0.994166,"tipPosition":[53.9526,263.516,39.2675],"tipVelocity":[-3.54331,3.42362,-113.335],"tool":false,"touchDistance":0.333333,"touchZone":"none","type":3,"width":18.0715},{"bases":[[[0.98325,-0.150726,0.102471],[0.0801936,0.862655,0.499395],[-0.163669,-0.482813,0.860293]],[[0.957259,-0.206328,0.202692],[0.285054,0.554326,-0.781964],[0.0489833,0.80632,0.589448]],[[0.957259,-0.206328,0.202692],[0.0536758,-0.561892,-0.825467],[0.284208,0.801066,-0.526802]],[[0.957259,-0.206328,0.202692],[-0.092003,-0.881612,-0.462921],[0.274209,0.424487,-0.862914]]],"btipPosition":[58.9625,275.525,41.9483],"carpPosition":[61.4886,299.018,87.4835],"dipPosition":[63.6876,282.84,27.0789],"direction":[-0.284208,-0.801066,0.526802],"extended":false,"handId":395,"id":3954,"length":50.4953,"mcpPosition":[70.9761,327.005,37.6145],"pipPosition":[69.2446,298.503,16.7785],"stabilizedTipPosition":[70.6225,282.296,214.345],"timeVisible":0.994166,"tipPosition":[60.0812,277.02,38.3112],"tipVelocity":[-3.02673,0.957409,-116.096],"tool":false,"touchDistance":0.333333,"touchZone":"none","type":4,"width":16.0525}],"r":[[0.978042,0.145311,0.149394],[-0.15411,0.986835,0.0490515],[-0.1403,-0.0709975,0.98756]],"s":0.985283,"t":[-10.2532,10.8958,-217.887],"timestamp":521300204145},false],[3,{"currentFrameRate":108.582,"devices":[],"gestures":[],"hands":[{"armBasis":[[0.850265,0.489108,-0.194481],[-0.245115,0.694912,0.676029],[0.465799,-0.527134,0.710747]],"armWidth":63.7005,"confidence":0.882149,"direction":[-0.116436,0.510776,-0.851793],"elbow":[173.936,146.404,284.159],"grabStrength":0,"id":395,"palmNormal":[0.272602,-0.808254,-0.521932],"palmPosition":[35.8227,310.537,43.7348],"palmVelocity":[2.293,6.76278,-125.333],"palmWidth":90.9622,"pinchStrength":0.617601,"r":[[0.978199,0.144154,0.149488],[-0.152647,0.987166,0.0469343],[-0.140804,-0.06873,0.987649]],"s":0.985366,"sphereCenter":[49.7603,283.175,4.85237],"sphereRadius":48.0302,"stabilizedPalmPosition":[45.871,299.924,262.164],"t":[-10.2262,10.9865,-218.908],"timeVisible":1.00315,"type":"right","wrist":[48.209,288.687,92.3155]}],"id":4101455,"interactionBox":{"center":[0,200,0],"size":[235.247,235.247,147.751]},"pointables":[{"bases":[[[0.117768,0.940485,0.318777],[-0.845093,-0.0736574,0.52952],[0.521486,-0.331757,0.786123]],[[-0.0988946,0.994908,-0.019438],[-0.857299,-0.075266,0.509287],[0.505231,0.0670299,0.860377]],[[-0.0988946,0.994908,-0.019438],[-0.991945,-0.0970087,0.0814522],[0.0791518,0.0273367,0.996488]],[[-0.0988946,0.994908,-0.019438],[-0.496935,-0.0663006,-0.865251],[-0.862134,-0.0759092,0.500961]]],"btipPosition":[16.5928,267.363,-0.312877],"carpPosition":[24.332,269.864,88.3082],"dipPosition":[-3.57807,265.587,11.4078],"direction":[-0.0791518,-0.0273367,-0.996488],"extended":false,"handId":395,"id":3950,"length":52.1005,"mcpPosition":[24.332,269.864,88.3082],"pipPosition":[-0.880162,266.519,45.3733],"stabilizedTipPosition":[3.64508,270.531,197.889],"timeVisible":1.00315,"tipPosition":[11.0317,267.451,2.7405],"tipVelocity":[14.665,-4.08069,-127.904],"tool":false,"touchDistance":-0.489795,"touchZone":"touching","type":0,"width":20.2438},{"bases":[[[0.921947,0.374573,-0.0985297],[-0.310401,0.866708,0.390472],[0.231657,-0.329411,0.915327]],[[0.949045,0.306073,0.075057],[-0.311945,0.946223,0.0857428],[-0.0447771,-0.104787,0.993486]],[[0.949045,0.306073,0.075057],[-0.303804,0.951883,-0.0402677],[-0.0837704,0.0154132,0.996366]],[[0.949045,0.306073,0.075057],[-0.294942,0.946551,-0.13058],[-0.111012,0.101789,0.988593]]],"btipPosition":[14.2641,320.106,-61.1873],"carpPosition":[25.4583,293.489,89.7626],"dipPosition":[12.3679,321.844,-44.3018],"direction":[0.0837704,-0.0154132,-0.996366],"extended":true,"handId":395,"id":3951,"length":58.7895,"mcpPosition":[8.42064,317.716,22.4429],"pipPosition":[10.3438,322.217,-20.2266],"stabilizedTipPosition":[9.51356,318.355,148.643],"timeVisible":1.00315,"tipPosition":[13.9926,319.595,-57.2709],"tipVelocity":[1.77128,6.15615,-128.364],"tool":false,"touchDistance":-0.512449,"touchZone":"touching","type":1,"width":19.3369},{"bases":[[[0.984085,0.173347,-0.0390724],[-0.144904,0.910114,0.388194],[0.102853,-0.376354,0.920749]],[[0.981364,0.182239,-0.0609355],[-0.152248,0.543938,-0.825198],[-0.117239,0.819097,0.561547]],[[0.981364,0.182239,-0.0609355],[0.0555022,-0.572422,-0.818079],[-0.183967,0.799451,-0.571869]],[[0.981364,0.182239,-0.0609355],[0.141547,-0.90005,-0.412159],[-0.129957,0.395853,-0.909072]]],"btipPosition":[42.1671,256.337,30.7456],"carpPosition":[36.0203,299.719,88.6883],"dipPosition":[39.7257,263.773,13.6675],"direction":[0.183967,-0.799451,0.571869],"extended":false,"handId":395,"id":3952,"length":66.986,"mcpPosition":[28.8467,325.969,24.4691],"pipPosition":[34.4959,286.5,-2.58944],"stabilizedTipPosition":[55.8322,259.398,203.637],"timeVisible":1.00315,"tipPosition":[41.5698,257.801,26.4627],"tipVelocity":[-4.5451,6.39651,-109.604],"tool":false,"touchDistance":0.333333,"touchZone":"none","type":2,"width":18.9914},{"bases":[[[0.9966,0.0469695,0.0676975],[-0.0708731,0.907712,0.413564],[-0.042025,-0.416956,0.907955]],[[0.997358,0.0578724,0.0438973],[0.00761559,0.517693,-0.855533],[-0.0722371,0.853607,0.515885]],[[0.997358,0.0578724,0.0438973],[0.0703998,-0.621301,-0.780403],[-0.0178903,0.781432,-0.623734]],[[0.997358,0.0578724,0.0438973],[0.0701149,-0.92491,-0.373665],[0.0189762,0.375755,-0.926525]]],"btipPosition":[53.8313,262.289,42.4849],"carpPosition":[47.8321,302.966,87.805],"dipPosition":[54.1858,269.308,25.179],"direction":[0.0178903,-0.781432,0.623734],"extended":false,"handId":395,"id":3953,"length":64.4088,"mcpPosition":[50.4638,329.076,30.9481],"pipPosition":[53.6903,290.948,7.90564],"stabilizedTipPosition":[67.3562,267.19,210.521],"timeVisible":1.00315,"tipPosition":[53.9103,263.66,38.1834],"tipVelocity":[-3.68802,6.64714,-118.656],"tool":false,"touchDistance":0.333333,"touchZone":"none","type":3,"width":18.0715},{"bases":[[[0.982957,-0.152235,0.103059],[0.0815648,0.863541,0.497639],[-0.164753,-0.480751,0.86124]],[[0.956797,-0.207655,0.203516],[0.286402,0.552406,-0.782829],[0.0501348,0.807296,0.588013]],[[0.956797,-0.207655,0.203516],[0.0529562,-0.563789,-0.824219],[0.285894,0.799388,-0.528435]],[[0.956797,-0.207655,0.203516],[-0.0935239,-0.882554,-0.460816],[0.275305,0.421873,-0.863846]]],"btipPosition":[58.9315,275.644,40.942],"carpPosition":[61.4874,299.212,86.4334],"dipPosition":[63.6755,282.913,26.0566],"direction":[-0.285894,-0.799388,0.528435],"extended":false,"handId":395,"id":3954,"length":50.4953,"mcpPosition":[71.0377,327.08,36.5095],"pipPosition":[69.2655,298.544,15.7242],"stabilizedTipPosition":[70.6225,282.296,214.345],"timeVisible":1.00315,"tipPosition":[60.0541,277.126,37.3069],"tipVelocity":[-3.00911,3.99073,-115.07],"tool":false,"touchDistance":0.333333,"touchZone":"none","type":4,"width":16.0525}],"r":[[0.978199,0.144154,0.149488],[-0.152647,0.987166,0.0469343],[-0.140804,-0.06873,0.987649]],"s":0.985366,"t":[-10.2262,10.9865,-218.908],"timestamp":521300213134},false],[4,{"currentFrameRate":108.668,"devices":[],"gestures":[],"hands":[{"armBasis":[[0.849951,0.489148,-0.195747],[-0.243835,0.694556,0.676858],[0.467041,-0.527567,0.70961]],"armWidth":63.7005,"confidence":0.889513,"direction":[-0.115819,0.509399,-0.852701],"elbow":[174.293,146.455,283.15],"grabStrength":0,"id":395,"palmNormal":[0.271653,-0.809502,-0.520491],"palmPosition":[35.8711,310.633,42.9938],"palmVelocity":[3.13568,7.80794,-113.359],"palmWidth":90.9622,"pinchStrength":0.615125,"r":[[0.978357,0.143049,0.149517],[-0.151243,0.987477,0.0448893],[-0.141223,-0.0665311,0.98774]],"s":0.985268,"sphereCenter":[50.08,283.22,4.16406],"sphereRadius":48.0687,"stabilizedPalmPosition":[45.871,299.924,262.164],"t":[-10.1886,11.0796,-219.79],"timeVisible":1.0122,"type":"right","wrist":[48.2308,288.854,91.6135]}],"id":4101456,"interactionBox":{"center":[0,200,0],"size":[235.247,235.247,147.751]},"pointables":[{"bases":[[[0.118877,0.94091,0.317108],[-0.845188,-0.0717163,0.529636],[0.521082,-0.330977,0.78672]],[[-0.09646,0.995152,-0.0191796],[-0.859238,-0.0735286,0.506265],[0.5024,0.0653141,0.862165]],[[-0.09646,0.995152,-0.0191796],[-0.992282,-0.0946377,0.0801208],[0.0779173,0.02676,0.996601]],[[-0.09646,0.995152,-0.0191796],[-0.505794,-0.0656044,-0.860156],[-0.857244,-0.0732698,0.50967]]],"btipPosition":[16.6613,267.595,-1.2787],"carpPosition":[24.3316,270.052,87.6391],"dipPosition":[-3.39515,265.881,10.6458],"direction":[-0.0779173,-0.02676,-0.996601],"extended":false,"handId":395,"id":3950,"length":52.1005,"mcpPosition":[24.3316,270.052,87.6391],"pipPosition":[-0.739328,266.793,44.6151],"stabilizedTipPosition":[3.64508,270.531,197.889],"timeVisible":1.0122,"tipPosition":[11.1657,267.582,1.88869],"tipVelocity":[13.5115,4.54589,-120.647],"tool":false,"touchDistance":-0.482933,"touchZone":"touching","type":0,"width":20.2438},{"bases":[[[0.922391,0.373306,-0.0991794],[-0.30938,0.867767,0.388926],[0.231253,-0.328058,0.915915]],[[0.949403,0.305096,0.0744984],[-0.310874,0.946652,0.0848999],[-0.0446215,-0.103764,0.993601]],[[0.949403,0.305096,0.0744984],[-0.302789,0.952184,-0.0407854],[-0.0833797,0.0161645,0.996387]],[[0.949403,0.305096,0.0744984],[-0.29399,0.946804,-0.13089],[-0.110469,0.102365,0.988594]]],"btipPosition":[14.2959,320.124,-61.9469],"carpPosition":[25.4859,293.679,89.0517],"dipPosition":[12.409,321.872,-45.0614],"direction":[0.0833797,-0.0161645,-0.996387],"extended":true,"handId":395,"id":3951,"length":58.7895,"mcpPosition":[8.47785,317.806,21.6888],"pipPosition":[10.3943,322.263,-20.9857],"stabilizedTipPosition":[9.51356,318.355,148.643],"timeVisible":1.0122,"tipPosition":[14.029,319.624,-58.0297],"tipVelocity":[2.31775,5.07917,-116.122],"tool":false,"touchDistance":-0.500932,"touchZone":"touching","type":1,"width":19.3369},{"bases":[[[0.98429,0.172113,-0.0393636],[-0.143833,0.910973,0.386574],[0.102394,-0.374839,0.921418]],[[0.981551,0.181054,-0.0614518],[-0.151915,0.543348,-0.825648],[-0.116097,0.819751,0.560829]],[[0.981551,0.181054,-0.0614518],[0.0547225,-0.573981,-0.817038],[-0.1832,0.798602,-0.5733]],[[0.981551,0.181054,-0.0614518],[0.140576,-0.901233,-0.4099],[-0.129596,0.393699,-0.910058]]],"btipPosition":[42.1504,256.439,30.0708],"carpPosition":[36.0553,299.894,87.9664],"dipPosition":[39.7158,263.835,12.9742],"direction":[0.1832,-0.798602,0.5733],"extended":false,"handId":395,"id":3952,"length":66.986,"mcpPosition":[28.9136,326.038,23.7006],"pipPosition":[34.5078,286.538,-3.32337],"stabilizedTipPosition":[55.8322,259.398,203.637],"timeVisible":1.0122,"tipPosition":[41.556,257.888,25.8074],"tipVelocity":[-3.75219,7.47485,-100.077],"tool":false,"touchDistance":0.333333,"touchZone":"none","type":2,"width":18.9914},{"bases":[[[0.996654,0.0459101,0.0676309],[-0.0698048,0.908529,0.41195],[-0.0425319,-0.415292,0.908693]],[[0.997428,0.0568318,0.0436751],[0.00799452,0.517332,-0.855748],[-0.0712281,0.853896,0.515547]],[[0.997428,0.0568318,0.0436751],[0.0695977,-0.622288,-0.779688],[-0.0171326,0.780723,-0.624643]],[[0.997428,0.0568318,0.0436751],[0.0690294,-0.925706,-0.371891],[0.0192951,0.373949,-0.927248]]],"btipPosition":[53.8298,262.385,41.765],"carpPosition":[47.8709,303.125,87.0776],"dipPosition":[54.1902,269.37,24.4456],"direction":[0.0171326,-0.780722,0.624643],"extended":false,"handId":395,"id":3953,"length":64.4088,"mcpPosition":[50.5343,329.131,30.1744],"pipPosition":[53.7157,290.991,7.14705],"stabilizedTipPosition":[67.3562,267.19,210.521],"timeVisible":1.0122,"tipPosition":[53.9074,263.749,37.499],"tipVelocity":[-2.67494,7.49965,-107.975],"tool":false,"touchDistance":0.333333,"touchZone":"none","type":3,"width":18.0715},{"bases":[[[0.982774,-0.153215,0.103346],[0.0825795,0.864326,0.496105],[-0.165335,-0.479025,0.86209]],[[0.95628,-0.208863,0.204708],[0.288227,0.554495,-0.78068],[0.0495456,0.805551,0.590452]],[[0.95628,-0.208863,0.204708],[0.0540362,-0.561728,-0.825555],[0.287419,0.800523,-0.525883]],[[0.95628,-0.208863,0.204708],[-0.0938074,-0.882045,-0.461733],[0.277001,0.422343,-0.863074]]],"btipPosition":[58.9614,275.716,40.0228],"carpPosition":[61.5217,299.353,85.7129],"dipPosition":[63.7345,282.994,25.1507],"direction":[-0.287419,-0.800523,0.525883],"extended":false,"handId":395,"id":3954,"length":50.4953,"mcpPosition":[71.1057,327.121,35.7397],"pipPosition":[69.3544,298.646,14.8682],"stabilizedTipPosition":[70.6225,282.296,214.345],"timeVisible":1.0122,"tipPosition":[60.0794,277.209,36.4933],"tipVelocity":[-1.06492,5.15142,-111.266],"tool":false,"touchDistance":0.333333,"touchZone":"none","type":4,"width":16.0525}],"r":[[0.978357,0.143049,0.149517],[-0.151243,0.987477,0.0448893],[-0.141223,-0.0665311,0.98774]],"s":0.985268,"t":[-10.1886,11.0796,-219.79],"timestamp":521300222180},false],[5,{"currentFrameRate":108.676,"devices":[],"gestures":[],"hands":[{"armBasis":[[0.852013,0.486232,-0.194044],[-0.24405,0.696806,0.674463],[0.463157,-0.527294,0.712353]],"armWidth":63.7005,"confidence":0.898666,"direction":[-0.11603,0.508606,-0.853145],"elbow":[173.286,146.705,283.115],"grabStrength":0,"id":395,"palmNormal":[0.271497,-0.809994,-0.519806],"palmPosition":[35.8996,310.764,42.2015],"palmVelocity":[3.1268,9.63125,-105.779],"palmWidth":90.9622,"pinchStrength":0.61594,"r":[[0.97849,0.142188,0.149464],[-0.150111,0.98773,0.0430767],[-0.141505,-0.0645864,0.987828]],"s":0.984994,"sphereCenter":[50.4084,283.352,3.38939],"sphereRadius":48.1134,"stabilizedPalmPosition":[45.871,299.924,262.164],"t":[-10.1555,11.192,-220.626],"timeVisible":1.02139,"type":"right","wrist":[48.2715,289.031,90.8382]}],"id":4101457,"interactionBox":{"center":[0,200,0],"size":[235.247,235.247,147.751]},"pointables":[{"bases":[[[0.118982,0.941202,0.316198],[-0.845051,-0.0712015,0.529924],[0.52128,-0.330255,0.786892]],[[-0.0953646,0.995273,-0.0183479],[-0.861224,-0.073249,0.502919],[0.499198,0.0637624,0.864139]],[[-0.0953646,0.995273,-0.0183479],[-0.992387,-0.0936126,0.0800339],[0.077938,0.0258406,0.996623]],[[-0.0953646,0.995273,-0.0183479],[-0.512802,-0.0649167,-0.856049],[-0.853194,-0.072228,0.516568]]],"btipPosition":[16.7649,267.853,-2.29079],"carpPosition":[24.3709,270.226,86.8877],"dipPosition":[-3.19682,266.163,9.79508],"direction":[-0.077938,-0.0258406,-0.996623],"extended":false,"handId":395,"id":3950,"length":52.1005,"mcpPosition":[24.3709,270.226,86.8877],"pipPosition":[-0.540293,267.044,43.7652],"stabilizedTipPosition":[3.64509,270.531,197.889],"timeVisible":1.02139,"tipPosition":[11.323,267.748,0.966555],"tipVelocity":[13.5485,11.2944,-116.586],"tool":false,"touchDistance":-0.477598,"touchZone":"touching","type":0,"width":20.2438},{"bases":[[[0.922374,0.373191,-0.0997695],[-0.309257,0.868138,0.388197],[0.231486,-0.327209,0.91616]],[[0.949428,0.305159,0.0739259],[-0.310883,0.946635,0.0850475],[-0.0440279,-0.103729,0.993631]],[[0.949428,0.305159,0.0739259],[-0.302897,0.952168,-0.0403556],[-0.0827047,0.0159227,0.996447]],[[0.949428,0.305159,0.0739259],[-0.294178,0.946828,-0.130293],[-0.109755,0.101956,0.988716]]],"btipPosition":[14.265,320.248,-62.7436],"carpPosition":[25.5261,293.854,88.2779],"dipPosition":[12.3903,321.989,-45.8559],"direction":[0.0827047,-0.0159227,-0.996447],"extended":true,"handId":395,"id":3951,"length":58.7895,"mcpPosition":[8.50096,317.919,20.8969],"pipPosition":[10.3919,322.374,-21.7788],"stabilizedTipPosition":[9.51356,318.355,148.643],"timeVisible":1.02139,"tipPosition":[14.0051,319.754,-58.826],"tipVelocity":[0.81572,7.37594,-107.887],"tool":false,"touchDistance":-0.491115,"touchZone":"touching","type":1,"width":19.3369},{"bases":[[[0.984284,0.172052,-0.0397823],[-0.14371,0.911337,0.385761],[0.102626,-0.373982,0.921741]],[[0.981494,0.181107,-0.0622136],[-0.152867,0.545334,-0.824162],[-0.115334,0.81842,0.562927]],[[0.981494,0.181107,-0.0622136],[0.0539879,-0.573406,-0.817491],[-0.183727,0.799003,-0.572572]],[[0.981494,0.181107,-0.0622136],[0.140456,-0.901675,-0.408968],[-0.130163,0.392661,-0.910426]]],"btipPosition":[42.1632,256.625,29.1511],"carpPosition":[36.0953,300.068,87.1841],"dipPosition":[39.7179,264.002,12.0476],"direction":[0.183727,-0.799003,0.572572],"extended":false,"handId":395,"id":3952,"length":66.986,"mcpPosition":[28.9375,326.152,22.8957],"pipPosition":[34.4949,286.716,-4.22932],"stabilizedTipPosition":[55.8322,259.398,203.637],"timeVisible":1.02139,"tipPosition":[41.5724,258.062,24.9736],"tipVelocity":[-2.39091,10.91,-100.133],"tool":false,"touchDistance":0.333333,"touchZone":"none","type":2,"width":18.9914},{"bases":[[[0.996672,0.0459491,0.0673267],[-0.069675,0.908915,0.41112],[-0.0423037,-0.414443,0.909092]],[[0.997444,0.0569363,0.0431666],[0.00736768,0.518971,-0.85476],[-0.0710691,0.852894,0.517225]],[[0.997444,0.0569363,0.0431666],[0.0692443,-0.621343,-0.780473],[-0.017616,0.781468,-0.623697]],[[0.997444,0.0569363,0.0431666],[0.0689365,-0.925707,-0.371906],[0.0187847,0.373931,-0.927266]]],"btipPosition":[53.8712,262.529,40.8508],"carpPosition":[47.9108,303.298,86.2891],"dipPosition":[54.2221,269.513,23.5311],"direction":[0.017616,-0.781468,0.623697],"extended":false,"handId":395,"id":3953,"length":64.4088,"mcpPosition":[50.5599,329.25,29.361],"pipPosition":[53.7342,291.155,6.25869],"stabilizedTipPosition":[67.3562,267.19,210.521],"timeVisible":1.02139,"tipPosition":[53.9416,263.901,36.6619],"tipVelocity":[-0.734562,9.7759,-105.61],"tool":false,"touchDistance":0.333333,"touchZone":"none","type":3,"width":18.0715},{"bases":[[[0.982797,-0.153142,0.103231],[0.0827303,0.864787,0.495277],[-0.165121,-0.478216,0.86258]],[[0.956292,-0.208754,0.204761],[0.288169,0.553928,-0.781103],[0.0496357,0.805969,0.589873]],[[0.956292,-0.208754,0.204761],[0.0537592,-0.562798,-0.824844],[0.287429,0.7998,-0.526977]],[[0.956292,-0.208754,0.204761],[-0.0941451,-0.882762,-0.460292],[0.276843,0.420896,-0.863831]]],"btipPosition":[58.9877,275.864,39.2608],"carpPosition":[61.5611,299.524,84.9244],"dipPosition":[63.7582,283.117,24.3756],"direction":[-0.287429,-0.7998,0.526977],"extended":false,"handId":395,"id":3954,"length":50.4953,"mcpPosition":[71.1328,327.245,34.9228],"pipPosition":[69.3782,298.755,14.0717],"stabilizedTipPosition":[70.6225,282.296,214.345],"timeVisible":1.02139,"tipPosition":[60.1049,277.348,35.7295],"tipVelocity":[0.0151644,8.04928,-103.441],"tool":false,"touchDistance":0.333333,"touchZone":"none","type":4,"width":16.0525}],"r":[[0.97849,0.142188,0.149464],[-0.150111,0.98773,0.0430767],[-0.141505,-0.0645864,0.987828]],"s":0.984994,"t":[-10.1555,11.192,-220.626],"timestamp":521300231368},false],[6,{"currentFrameRate":108.851,"devices":[],"gestures":[],"hands":[{"armBasis":[[0.852598,0.485653,-0.192918],[-0.243983,0.696418,0.674888],[0.462113,-0.52834,0.712256]],"armWidth":63.7005,"confidence":0.902558,"direction":[-0.11466,0.506892,-0.85435],"elbow":[172.874,146.684,282.174],"grabStrength":0,"id":395,"palmNormal":[0.271659,-0.811241,-0.517774],"palmPosition":[35.843,310.932,41.2262],"palmVelocity":[0.547612,12.1252,-106.906],"palmWidth":90.9622,"pinchStrength":0.617759,"r":[[0.978576,0.141445,0.149608],[-0.149097,0.987965,0.0411765],[-0.141984,-0.0626005,0.987888]],"s":0.984493,"sphereCenter":[50.6114,283.454,2.47786],"sphereRadius":48.1405,"stabilizedPalmPosition":[45.871,299.924,262.164],"t":[-10.1673,11.3317,-221.533],"timeVisible":1.03026,"type":"right","wrist":[48.1411,289.292,89.9236]}],"id":4101458,"interactionBox":{"center":[0,200,0],"size":[235.247,235.247,147.751]},"pointables":[{"bases":[[[0.119153,0.941789,0.314381],[-0.845754,-0.0695888,0.529016],[0.520099,-0.328923,0.78823]],[[-0.0937818,0.995412,-0.0189916],[-0.863397,-0.0718163,0.499387],[0.495732,0.0632307,0.866171]],[[-0.0937818,0.995412,-0.0189916],[-0.992616,-0.0920103,0.0790429],[0.0769328,0.0262642,0.99669]],[[-0.0937818,0.995412,-0.0189916],[-0.516047,-0.0649143,-0.854097],[-0.851411,-0.0702982,0.519767]]],"btipPosition":[16.7937,268.087,-3.37451],"carpPosition":[24.2341,270.493,85.9825],"dipPosition":[-3.12633,266.442,8.78618],"direction":[-0.0769328,-0.0262642,-0.99669],"extended":false,"handId":395,"id":3950,"length":52.1005,"mcpPosition":[24.2341,270.493,85.9825],"pipPosition":[-0.504063,267.338,42.7586],"stabilizedTipPosition":[3.64509,270.531,197.889],"timeVisible":1.03026,"tipPosition":[11.3948,267.915,-0.0761234],"tipVelocity":[11.0465,15.7115,-117.569],"tool":false,"touchDistance":-0.474169,"touchZone":"touching","type":0,"width":20.2438},{"bases":[[[0.922722,0.37243,-0.0993961],[-0.30922,0.869131,0.385997],[0.230145,-0.325433,0.91713]],[[0.949516,0.304761,0.074435],[-0.310466,0.946917,0.0834223],[-0.0450599,-0.10232,0.99373]],[[0.949516,0.304761,0.074435],[-0.30238,0.952276,-0.0416728],[-0.0835829,0.0170614,0.996355]],[[0.949516,0.304761,0.074435],[-0.293605,0.946852,-0.131404],[-0.110526,0.102915,0.98853]]],"btipPosition":[14.318,320.282,-63.7669],"carpPosition":[25.4018,294.123,87.3248],"dipPosition":[12.4302,322.04,-46.8824],"direction":[0.0835829,-0.0170614,-0.996355],"extended":true,"handId":395,"id":3951,"length":58.7895,"mcpPosition":[8.47526,318.058,19.8725],"pipPosition":[10.4105,322.452,-22.8075],"stabilizedTipPosition":[9.51356,318.355,148.643],"timeVisible":1.03026,"tipPosition":[14.0576,319.8,-59.8487],"tipVelocity":[2.12258,6.54575,-109.932],"tool":false,"touchDistance":-0.485697,"touchZone":"touching","type":1,"width":19.3369},{"bases":[[[0.984436,0.17138,-0.0389117],[-0.143643,0.912227,0.383678],[0.101251,-0.372117,0.922647]],[[0.981627,0.180543,-0.0617506],[-0.152359,0.546802,-0.823283],[-0.114873,0.817565,0.564263]],[[0.981627,0.180543,-0.0617506],[0.0540601,-0.573507,-0.817415],[-0.182993,0.799058,-0.57273]],[[0.981627,0.180543,-0.0617506],[0.140404,-0.902583,-0.406977],[-0.129212,0.39083,-0.911349]]],"btipPosition":[42.0789,256.83,28.0925],"carpPosition":[35.9761,300.329,86.2312],"dipPosition":[39.6515,264.172,10.9717],"direction":[0.182993,-0.799058,0.57273],"extended":false,"handId":395,"id":3952,"length":66.986,"mcpPosition":[28.9142,326.283,21.8796],"pipPosition":[34.4494,286.888,-5.30974],"stabilizedTipPosition":[55.8322,259.398,203.637],"timeVisible":1.03026,"tipPosition":[41.4985,258.252,24.0045],"tipVelocity":[-4.19257,13.9722,-105.459],"tool":false,"touchDistance":0.333333,"touchZone":"none","type":2,"width":18.9914},{"bases":[[[0.996615,0.0454931,0.0684757],[-0.0696417,0.909813,0.409134],[-0.0436873,-0.412518,0.909901]],[[0.997429,0.0565626,0.0439983],[0.00812089,0.52081,-0.853634],[-0.0711986,0.851796,0.519012]],[[0.997429,0.0565626,0.0439983],[0.0696342,-0.620065,-0.781454],[-0.0169193,0.782509,-0.62241]],[[0.997429,0.0565626,0.0439983],[0.0689016,-0.925698,-0.371935],[0.0196915,0.374011,-0.927215]]],"btipPosition":[53.8113,262.679,39.7388],"carpPosition":[47.7946,303.55,85.3443],"dipPosition":[54.1791,269.665,22.42],"direction":[0.0169193,-0.782509,0.62241],"extended":false,"handId":395,"id":3953,"length":64.4088,"mcpPosition":[50.5304,329.382,28.3655],"pipPosition":[53.7105,291.335,5.18331],"stabilizedTipPosition":[67.3562,267.19,210.521],"timeVisible":1.03026,"tipPosition":[53.8778,264.069,35.6604],"tipVelocity":[-2.24891,11.7232,-110.954],"tool":false,"touchDistance":0.333333,"touchZone":"none","type":3,"width":18.0715},{"bases":[[[0.982576,-0.153514,0.104778],[0.0826319,0.86577,0.493573],[-0.166484,-0.476315,0.86337]],[[0.955868,-0.208966,0.206518],[0.289637,0.55238,-0.781656],[0.0492636,0.806975,0.588527]],[[0.955868,-0.208966,0.206518],[0.0544541,-0.564736,-0.823473],[0.288706,0.798377,-0.528434]],[[0.955868,-0.208966,0.206518],[-0.094265,-0.883901,-0.458076],[0.278264,0.418392,-0.864591]]],"btipPosition":[58.9138,276.03,38.3843],"carpPosition":[61.4444,299.765,84.0045],"dipPosition":[63.7087,283.24,23.486],"direction":[-0.288706,-0.798377,0.528434],"extended":false,"handId":395,"id":3954,"length":50.4953,"mcpPosition":[71.0951,327.376,33.9571],"pipPosition":[69.3537,298.851,13.1537],"stabilizedTipPosition":[70.6225,282.296,214.345],"timeVisible":1.03026,"tipPosition":[60.0361,277.501,34.8538],"tipVelocity":[-2.07837,10.64,-102.273],"tool":false,"touchDistance":0.333333,"touchZone":"none","type":4,"width":16.0525}],"r":[[0.978576,0.141445,0.149608],[-0.149097,0.98796