{"sensorType":"Leap","data":[[0,{"currentFrameRate":108.332,"devices":[],"gestures":[],"hands":[{"armBasis":[[0.84793,0.436653,-0.300581],[-0.222611,0.807901,0.545656],[0.481102,-0.395765,0.782247]],"armWidth":63.7005,"confidence":0.842904,"direction":[-0.291799,0.570087,-0.768019],"elbow":[189.378,181.443,294.189],"grabStrength":0,"id":390,"palmNormal":[0.192641,-0.751481,-0.631003],"palmPosition":[37.4607,313.266,39.6951],"palmVelocity":[-11.9525,-23.3611,-122.107],"palmWidth":90.9622,"pinchStrength":0.461735,"r":[[0.999406,-0.0328349,-0.0104319],[0.0344403,0.960112,0.277487],[0.000904574,-0.277681,0.960673]],"s":0.820108,"sphereCenter":[43.7779,288.894,-3.56367],"sphereRadius":48.3484,"stabilizedPalmPosition":[47.0824,314.53,115.725],"t":[-52.7708,46.7846,-116.388],"timeVisible":0.695972,"type":"right","wrist":[59.5205,288.267,83.0465]}],"id":4098861,"interactionBox":{"center":[0,200,0],"size":[235.247,235.247,147.751]},"pointables":[{"bases":[[[0.147755,0.917015,0.370475],[-0.726268,-0.153667,0.670016],[0.671345,-0.368062,0.643294]],[[-0.101523,0.987983,0.116545],[-0.7201,-0.15381,0.676608],[0.686403,-0.015233,0.727062]],[[-0.101523,0.987983,0.116545],[-0.950768,-0.130838,0.280928],[0.292801,-0.0822868,0.952626]],[[-0.101523,0.987983,0.116545],[-0.870214,-0.0314224,-0.491671],[-0.4821,-0.151335,0.862947]]],"btipPosition":[2.94427,275.845,-6.96182],"carpPosition":[35.8981,268.739,81.9806],"dipPosition":[-8.33517,272.304,13.2281],"direction":[-0.292801,0.0822868,-0.952626],"extended":false,"handId":390,"id":3900,"length":52.1005,"mcpPosition":[35.8981,268.739,81.9806],"pipPosition":[1.64501,269.499,45.6985],"stabilizedTipPosition":[6.02331,279.63,78.7115],"timeVisible":0.695972,"tipPosition":[-0.547559,275.92,-1.96919],"tipVelocity":[-2.90126,-27.7347,-123.544],"tool":false,"touchDistance":-0.445806,"touchZone":"touching","type":0,"width":20.2438},{"bases":[[[0.874585,0.423083,-0.236857],[-0.256516,0.818263,0.514437],[0.411461,-0.389162,0.824168]],[[0.924438,0.363081,-0.116561],[-0.335352,0.919572,0.20476],[0.181531,-0.150199,0.971847]],[[0.924438,0.363081,-0.116561],[-0.35753,0.931553,0.0661912],[0.132615,-0.0195157,0.990975]],[[0.924438,0.363081,-0.116561],[-0.369039,0.928805,-0.0336494],[0.0960447,0.0741223,0.992613]]],"btipPosition":[-6.33825,326.483,-58.0377],"carpPosition":[36.565,292.204,85.2168],"dipPosition":[-4.69777,327.749,-41.0834],"direction":[-0.132615,0.0195157,-0.990975],"extended":true,"handId":390,"id":3901,"length":58.7895,"mcpPosition":[6.30322,320.826,24.6016],"pipPosition":[-1.49338,327.277,-17.1385],"stabilizedTipPosition":[-6.88418,324.527,28.5715],"timeVisible":0.695972,"tipPosition":[-6.4271,327.723,-53.8979],"tipVelocity":[-7.31058,-19.3526,-123.12],"tool":false,"touchDistance":-0.43874,"touchZone":"touching","type":1,"width":19.3369},{"bases":[[[0.952964,0.220882,-0.207537],[-0.0958678,0.869267,0.484957],[0.287523,-0.44225,0.849556]],[[0.954163,0.219022,-0.203967],[-0.29762,0.622534,-0.723791],[-0.0315498,0.751319,0.659185]],[[0.954163,0.219022,-0.203967],[-0.077946,-0.476134,-0.875912],[-0.288959,0.851661,-0.437237]],[[0.954163,0.219022,-0.203967],[0.0812146,-0.845418,-0.527895],[-0.288058,0.487133,-0.824454]]],"btipPosition":[41.6285,260.259,19.6238],"carpPosition":[46.5361,298.978,82.7227],"dipPosition":[36.217,269.41,4.13539],"direction":[0.288959,-0.851661,0.437237],"extended":false,"handId":390,"id":3902,"length":66.986,"mcpPosition":[26.4823,329.824,23.469],"pipPosition":[28.0026,293.621,-8.29426],"stabilizedTipPosition":[41.3039,270.474,32.0216],"timeVisible":0.695972,"tipPosition":[40.3888,262.815,16.8201],"tipVelocity":[-13.3305,-23.5223,-116.863],"tool":false,"touchDistance":0.333333,"touchZone":"none","type":2,"width":18.9914},{"bases":[[[0.989386,0.0872315,-0.11622],[-0.0183234,0.868286,0.495725],[0.144155,-0.488334,0.860668]],[[0.988631,0.0897408,-0.120643],[-0.150356,0.595412,-0.789226],[0.00100628,0.798393,0.602136]],[[0.988631,0.0897408,-0.120643],[-0.0542674,-0.535317,-0.842906],[-0.140225,0.83987,-0.524362]],[[0.988631,0.0897408,-0.120643],[0.0215232,-0.87856,-0.477146],[-0.148811,0.469125,-0.870504]]],"btipPosition":[55.4511,265.72,29.9163],"carpPosition":[57.8602,302.823,79.9261],"dipPosition":[52.6715,274.483,13.6568],"direction":[0.140225,-0.83987,0.524362],"extended":false,"handId":390,"id":3903,"length":64.4088,"mcpPosition":[48.8331,333.403,26.0303],"pipPosition":[48.7882,297.742,-0.864652],"stabilizedTipPosition":[61.8234,280.191,82.6239],"timeVisible":0.695972,"tipPosition":[54.8131,267.825,25.7697],"tipVelocity":[-13.5859,-22.4222,-111.981],"tool":false,"touchDistance":0.333333,"touchZone":"none","type":3,"width":18.0715},{"bases":[[[0.988756,-0.114547,-0.0961253],[0.148593,0.824706,0.545692],[0.0167677,-0.553839,0.832455]],[[0.983166,-0.182535,0.00814739],[0.122173,0.623581,-0.772153],[0.135864,0.76015,0.635384]],[[0.983166,-0.182535,0.00814739],[-0.0836189,-0.489137,-0.868189],[0.16246,0.852893,-0.496166]],[[0.983166,-0.182535,0.00814739],[-0.152086,-0.842246,-0.517195],[0.101268,0.507249,-0.855829]]],"btipPosition":[60.4161,279.637,29.4407],"carpPosition":[71.1122,299.819,75.7071],"dipPosition":[62.1611,288.378,14.6935],"direction":[-0.16246,-0.852893,0.496166],"extended":false,"handId":390,"id":3904,"length":50.4953,"mcpPosition":[70.1402,331.924,27.4518],"pipPosition":[65.3376,305.054,4.99201],"stabilizedTipPosition":[75.0744,293.699,90.2347],"timeVisible":0.695972,"tipPosition":[60.6548,281.95,25.3429],"tipVelocity":[-11.1455,-23.6531,-116.777],"tool":false,"touchDistance":0.333333,"touchZone":"none","type":4,"width":16.0525}],"r":[[0.999406,-0.0328349,-0.0104319],[0.0344403,0.960112,0.277487],[0.000904574,-0.277681,0.960673]],"s":0.820108,"t":[-52.7708,46.7846,-116.388],"timestamp":521273667666},false],[1,{"currentFrameRate":108.429,"devices":[],"gestures":[],"hands":[{"armBasis":[[0.848015,0.43654,-0.300505],[-0.223796,0.808951,0.543611],[0.480402,-0.393739,0.783699]],"armWidth":63.7005,"confidence":0.848658,"direction":[-0.29272,0.570643,-0.767256],"elbow":[189.258,181.731,293.86],"grabStrength":0,"id":390,"palmNormal":[0.192754,-0.750715,-0.63188],"palmPosition":[37.4829,313.035,39.0142],"palmVelocity":[-7.97715,-23.9746,-109.19],"palmWidth":90.9622,"pinchStrength":0.462304,"r":[[0.999382,-0.0335292,-0.0105372],[0.035137,0.959949,0.277961],[0.000795387,-0.27816,0.960535]],"s":0.820105,"sphereCenter":[43.7718,288.71,-4.2651],"sphereRadius":48.341,"stabilizedPalmPosition":[47.0823,314.53,115.724],"t":[-52.8104,46.5116,-117.322],"timeVisible":0.705019,"type":"right","wrist":[59.5896,288.008,82.3258]}],"id":4098862,"interactionBox":{"center":[0,200,0],"size":[235.247,235.247,147.751]},"pointables":[{"bases":[[[0.147349,0.916751,0.371289],[-0.725709,-0.154852,0.670349],[0.672038,-0.368223,0.642477]],[[-0.10221,0.987795,0.117532],[-0.719458,-0.154999,0.677019],[0.686974,-0.0153612,0.72652]],[[-0.10221,0.987795,0.117532],[-0.950443,-0.131846,0.281558],[0.293618,-0.0829294,0.952319]],[[-0.10221,0.987795,0.117532],[-0.869408,-0.0312888,-0.493103],[-0.483408,-0.152583,0.861995]]],"btipPosition":[3.00087,275.628,-7.62638],"carpPosition":[35.9805,268.465,81.2563],"dipPosition":[-8.30915,272.058,12.5412],"direction":[-0.293618,0.0829294,-0.952319],"extended":false,"handId":390,"id":3900,"length":52.1005,"mcpPosition":[35.9805,268.465,81.2563],"pipPosition":[1.69888,269.231,45.0012],"stabilizedTipPosition":[6.02324,279.63,78.7105],"timeVisible":0.705019,"tipPosition":[-0.483046,275.672,-2.65675],"tipVelocity":[-0.590014,-26.9106,-109.886],"tool":false,"touchDistance":-0.439604,"touchZone":"touching","type":0,"width":20.2438},{"bases":[[[0.874125,0.423943,-0.237021],[-0.256754,0.817567,0.515424],[0.412291,-0.389688,0.823504]],[[0.92418,0.363731,-0.116579],[-0.335847,0.919213,0.205558],[0.181928,-0.15082,0.971677]],[[0.92418,0.363731,-0.116579],[-0.358023,0.931277,0.0673987],[0.133082,-0.0205507,0.990892]],[[0.92418,0.363731,-0.116579],[-0.369548,0.928656,-0.0321459],[0.0965688,0.0727899,0.992661]]],"btipPosition":[-6.36877,326.318,-58.6817],"carpPosition":[36.6328,291.927,84.5154],"dipPosition":[-4.71934,327.562,-41.7267],"direction":[-0.133082,0.0205507,-0.990892],"extended":true,"handId":390,"id":3901,"length":58.7895,"mcpPosition":[6.31001,320.588,23.9491],"pipPosition":[-1.50368,327.065,-17.7838],"stabilizedTipPosition":[-6.88417,324.527,28.5704],"timeVisible":0.705019,"tipPosition":[-6.45463,327.533,-54.5434],"tipVelocity":[-6.16222,-19.1821,-108.792],"tool":false,"touchDistance":-0.432858,"touchZone":"touching","type":1,"width":19.3369},{"bases":[[[0.952667,0.221768,-0.207954],[-0.0961629,0.868715,0.485887],[0.288407,-0.442891,0.848922]],[[0.953861,0.21992,-0.204414],[-0.29857,0.622842,-0.723134],[-0.0317143,0.750801,0.659766]],[[0.953861,0.21992,-0.204414],[-0.0780487,-0.475793,-0.876087],[-0.289928,0.85162,-0.436676]],[[0.953861,0.21992,-0.204414],[0.0816528,-0.845155,-0.528248],[-0.288933,0.487184,-0.824117]]],"btipPosition":[41.68,260.061,18.9164],"carpPosition":[46.5974,298.71,82.0214],"dipPosition":[36.2521,269.213,3.43428],"direction":[0.289928,-0.85162,0.436676],"extended":false,"handId":390,"id":3902,"length":66.986,"mcpPosition":[26.4819,329.6,22.8119],"pipPosition":[28.0101,293.423,-8.97942],"stabilizedTipPosition":[41.302,270.456,31.9854],"timeVisible":0.705019,"tipPosition":[40.4346,262.601,16.0838],"tipVelocity":[-8.19908,-23.0643,-106.154],"tool":false,"touchDistance":0.333333,"touchZone":"none","type":2,"width":18.9914},{"bases":[[[0.989245,0.0880534,-0.116794],[-0.0186107,0.867779,0.496602],[0.145079,-0.489088,0.860084]],[[0.988486,0.090566,-0.121213],[-0.151308,0.596129,-0.788502],[0.000847331,0.797764,0.602969]],[[0.988486,0.090566,-0.121213],[-0.0544145,-0.534725,-0.843272],[-0.141188,0.840159,-0.52364]],[[0.988486,0.090566,-0.121213],[0.0218915,-0.878261,-0.47768],[-0.149719,0.469526,-0.870132]]],"btipPosition":[55.5005,265.523,29.1837],"carpPosition":[57.9169,302.566,79.2211],"dipPosition":[52.704,274.293,12.9311],"direction":[0.141188,-0.840159,0.52364],"extended":false,"handId":390,"id":3903,"length":64.4088,"mcpPosition":[48.8319,333.193,25.3618],"pipPosition":[48.794,297.56,-1.57035],"stabilizedTipPosition":[61.8224,280.19,82.6159],"timeVisible":0.705019,"tipPosition":[54.8583,267.625,25.0424],"tipVelocity":[-8.45003,-22.1966,-103.382],"tool":false,"touchDistance":0.333333,"touchZone":"none","type":3,"width":18.0715},{"bases":[[[0.988773,-0.113746,-0.0969008],[0.148371,0.824268,0.546413],[0.0177201,-0.554656,0.831891]],[[0.983351,-0.181587,0.00691102],[0.120708,0.624298,-0.771804],[0.135835,0.759788,0.635823]],[[0.983351,-0.181587,0.00691102],[-0.0842404,-0.489226,-0.868079],[0.161013,0.853044,-0.496377]],[[0.983351,-0.181587,0.00691102],[-0.151949,-0.842517,-0.516794],[0.0996659,0.50714,-0.856082]]],"btipPosition":[60.4737,279.453,28.7495],"carpPosition":[71.1682,299.576,74.9902],"dipPosition":[62.1911,288.191,13.9979],"direction":[-0.161013,-0.853044,0.496377],"extended":false,"handId":390,"id":3904,"length":50.4953,"mcpPosition":[70.141,331.728,26.7676],"pipPosition":[65.3394,304.871,4.29228],"stabilizedTipPosition":[75.0734,293.698,90.2302],"timeVisible":0.705019,"tipPosition":[60.7042,281.751,24.6576],"tipVelocity":[-6.50647,-22.7601,-105.673],"tool":false,"touchDistance":0.333333,"touchZone":"none","type":4,"width":16.0525}],"r":[[0.999382,-0.0335292,-0.0105372],[0.035137,0.959949,0.277961],[0.000795387,-0.27816,0.960535]],"s":0.820105,"t":[-52.8104,46.5116,-117.322],"timestamp":521273676713},false],[2,{"currentFrameRate":108.516,"devices":[],"gestures":[],"hands":[{"armBasis":[[0.848145,0.436784,-0.299782],[-0.225743,0.809911,0.541372],[0.479259,-0.391488,0.785524]],"armWidth":63.7005,"confidence":0.851018,"direction":[-0.293144,0.572756,-0.765517],"elbow":[188.928,182.1,293.624],"grabStrength":0,"id":390,"palmNormal":[0.193143,-0.748707,-0.63414],"palmPosition":[37.4415,312.913,38.3628],"palmVelocity":[-7.03666,-21.0808,-98.8937],"palmWidth":90.9622,"pinchStrength":0.462341,"r":[[0.999366,-0.0339573,-0.010662],[0.0355837,0.959657,0.278913],[0.000760755,-0.279116,0.960257]],"s":0.820081,"sphereCenter":[43.7415,288.724,-4.98674],"sphereRadius":48.3368,"stabilizedPalmPosition":[47.0822,314.53,115.724],"t":[-52.8508,46.3139,-118.114],"timeVisible":0.714078,"type":"right","wrist":[59.5678,287.77,81.5973]}],"id":4098863,"interactionBox":{"center":[0,200,0],"size":[235.247,235.247,147.751]},"pointables":[{"bases":[[[0.146833,0.915727,0.374012],[-0.725546,-0.157294,0.669957],[0.672327,-0.369734,0.641306]],[[-0.102843,0.987379,0.120443],[-0.719238,-0.157457,0.676686],[0.68711,-0.0170348,0.726353]],[[-0.102843,0.987379,0.120443],[-0.950315,-0.133297,0.281308],[0.293812,-0.0855281,0.952029]],[[-0.102843,0.987379,0.120443],[-0.868866,-0.0302241,-0.494124],[-0.484248,-0.155466,0.861008]]],"btipPosition":[2.99701,275.618,-8.36965],"carpPosition":[35.9704,268.215,80.4717],"dipPosition":[-8.33267,271.981,11.7749],"direction":[-0.293812,0.0855281,-0.952029],"extended":false,"handId":390,"id":3900,"length":52.1005,"mcpPosition":[35.9704,268.215,80.4717],"pipPosition":[1.68196,269.065,44.225],"stabilizedTipPosition":[6.02318,279.63,78.7096],"timeVisible":0.714078,"tipPosition":[-0.479281,275.63,-3.41448],"tipVelocity":[-0.682696,-20.2465,-102.362],"tool":false,"touchDistance":-0.435206,"touchZone":"touching","type":0,"width":20.2438},{"bases":[[[0.873843,0.425178,-0.235842],[-0.257196,0.815868,0.51789],[0.412611,-0.391898,0.822294]],[[0.924044,0.364485,-0.115297],[-0.336338,0.918483,0.208003],[0.181712,-0.153426,0.971309]],[[0.924044,0.364485,-0.115297],[-0.358411,0.930908,0.0703745],[0.132981,-0.0237056,0.990835]],[[0.924044,0.364485,-0.115297],[-0.369888,0.92863,-0.0288097],[0.0965673,0.0692683,0.992913]]],"btipPosition":[-6.40455,326.471,-59.2944],"carpPosition":[36.6089,291.668,83.8009],"dipPosition":[-4.75515,327.654,-42.3351],"direction":[-0.132981,0.0237056,-0.990835],"extended":true,"handId":390,"id":3901,"length":58.7895,"mcpPosition":[6.26248,320.491,23.3235],"pipPosition":[-1.54192,327.081,-18.3935],"stabilizedTipPosition":[-6.88416,324.527,28.5697],"timeVisible":0.714078,"tipPosition":[-6.48962,327.647,-55.1554],"tipVelocity":[-5.5514,-9.66952,-97.3978],"tool":false,"touchDistance":-0.427081,"touchZone":"touching","type":1,"width":19.3369},{"bases":[[[0.952511,0.222965,-0.207387],[-0.0966381,0.867201,0.48849],[0.288763,-0.445251,0.847566]],[[0.953693,0.221128,-0.203891],[-0.299053,0.624552,-0.721458],[-0.0321936,0.749024,0.66176]],[[0.953693,0.221128,-0.203891],[-0.0776573,-0.473868,-0.877165],[-0.290583,0.85238,-0.434752]],[[0.953693,0.221128,-0.203891],[0.0823615,-0.843954,-0.530056],[-0.289285,0.488718,-0.823085]]],"btipPosition":[41.6753,260.015,18.1456],"carpPosition":[46.5691,298.465,81.3261],"dipPosition":[36.2407,269.196,2.68289],"direction":[0.290583,-0.85238,0.434752],"extended":false,"handId":390,"id":3902,"length":66.986,"mcpPosition":[26.4288,329.52,22.2112],"pipPosition":[27.9801,293.428,-9.67612],"stabilizedTipPosition":[41.3005,270.442,31.9558],"timeVisible":0.714078,"tipPosition":[40.4254,262.544,15.2836],"tipVelocity":[-6.12722,-17.8772,-100.201],"tool":false,"touchDistance":0.333333,"touchZone":"none","type":2,"width":18.9914},{"bases":[[[0.989179,0.0890006,-0.116631],[-0.0190842,0.86628,0.499195],[0.145464,-0.491568,0.858604]],[[0.988423,0.0915136,-0.121021],[-0.151725,0.598754,-0.786431],[0.000492755,0.795688,0.605707]],[[0.988423,0.0915136,-0.121021],[-0.0541938,-0.532073,-0.844962],[-0.141718,0.841738,-0.520954]],[[0.988423,0.0915136,-0.121021],[0.0223859,-0.876858,-0.480228],[-0.150066,0.471959,-0.868755]]],"btipPosition":[55.4825,265.452,28.3691],"carpPosition":[57.886,302.336,78.5362],"dipPosition":[52.6795,274.267,12.1422],"direction":[0.141718,-0.841738,0.520954],"extended":false,"handId":390,"id":3903,"length":64.4088,"mcpPosition":[48.7769,333.118,24.7696],"pipPosition":[48.7549,297.578,-2.28484],"stabilizedTipPosition":[61.8217,280.188,82.6098],"timeVisible":0.714078,"tipPosition":[54.8403,267.56,24.2502],"tipVelocity":[-6.71133,-17.9166,-99.486],"tool":false,"touchDistance":0.333333,"touchZone":"none","type":3,"width":18.0715},{"bases":[[[0.988832,-0.112857,-0.0973406],[0.147929,0.822722,0.548859],[0.0181415,-0.557129,0.830228]],[[0.983493,-0.180846,0.00601066],[0.119965,0.626819,-0.769874],[0.135461,0.757887,0.638167]],[[0.983493,-0.180846,0.00601066],[-0.084223,-0.486924,-0.869374],[0.160149,0.854517,-0.494118]],[[0.983493,-0.180846,0.00601066],[-0.151534,-0.841334,-0.51884],[0.0988869,0.509364,-0.85485]]],"btipPosition":[60.4633,279.387,28.0025],"carpPosition":[71.1386,299.367,74.2951],"dipPosition":[62.1673,288.164,13.2721],"direction":[-0.160149,-0.854517,0.494118],"extended":false,"handId":390,"id":3904,"length":50.4953,"mcpPosition":[70.087,331.662,26.1688],"pipPosition":[65.2987,304.872,3.61067],"stabilizedTipPosition":[75.0726,293.697,90.2266],"timeVisible":0.714078,"tipPosition":[60.6895,281.686,23.9267],"tipVelocity":[-5.12228,-18.2162,-99.1153],"tool":false,"touchDistance":0.333333,"touchZone":"none","type":4,"width":16.0525}],"r":[[0.999366,-0.0339573,-0.010662],[0.0355837,0.959657,0.278913],[0.000760755,-0.279116,0.960257]],"s":0.820081,"t":[-52.8508,46.3139,-118.114],"timestamp":521273685772},false],[3,{"currentFrameRate":108.618,"devices":[],"gestures":[],"hands":[{"armBasis":[[0.849071,0.435884,-0.298469],[-0.226675,0.810932,0.539451],[0.477177,-0.390376,0.787343]],"armWidth":63.7005,"confidence":0.8539,"direction":[-0.293518,0.574176,-0.76431],"elbow":[188.428,182.249,293.553],"grabStrength":0,"id":390,"palmNormal":[0.192889,-0.747508,-0.63563],"palmPosition":[37.4823,312.841,37.8586],"palmVelocity":[-3.8562,-17.4595,-87.0568],"palmWidth":90.9622,"pinchStrength":0.46253,"r":[[0.999353,-0.0342865,-0.0108658],[0.0359576,0.959317,0.280031],[0.000822504,-0.28024,0.95993]],"s":0.820101,"sphereCenter":[43.7718,288.739,-5.53723],"sphereRadius":48.3379,"stabilizedPalmPosition":[47.0821,314.53,115.723],"t":[-52.8507,46.1794,-118.762],"timeVisible":0.723101,"type":"right","wrist":[59.6294,287.618,81.0358]}],"id":4098864,"interactionBox":{"center":[0,200,0],"size":[235.247,235.247,147.751]},"pointables":[{"bases":[[[0.146961,0.915031,0.37566],[-0.725234,-0.158582,0.669991],[0.672635,-0.370904,0.640306]],[[-0.102837,0.987147,0.122335],[-0.718929,-0.158758,0.676711],[0.687434,-0.0183592,0.726014]],[[-0.102837,0.987147,0.122335],[-0.950149,-0.133879,0.281592],[0.29435,-0.0872782,0.951704]],[[-0.102837,0.987147,0.122335],[-0.868681,-0.0292121,-0.494509],[-0.48458,-0.157124,0.86052]]],"btipPosition":[3.03223,275.632,-8.91758],"carpPosition":[36.0324,268.065,79.8844],"dipPosition":[-8.30521,271.956,11.2155],"direction":[-0.29435,0.0872782,-0.951704],"extended":false,"handId":390,"id":3900,"length":52.1005,"mcpPosition":[36.0324,268.065,79.8844],"pipPosition":[1.72777,268.981,43.6545],"stabilizedTipPosition":[6.02313,279.63,78.7089],"timeVisible":0.723101,"tipPosition":[-0.435498,275.621,-3.97144],"tipVelocity":[0.524894,-14.5148,-90.9846],"tool":false,"touchDistance":-0.428277,"touchZone":"touching","type":0,"width":20.2438},{"bases":[[[0.873717,0.425659,-0.235442],[-0.256997,0.814884,0.519535],[0.413003,-0.393419,0.821371]],[[0.924073,0.364588,-0.114742],[-0.336238,0.918168,0.20955],[0.181752,-0.155059,0.971042]],[[0.924073,0.364588,-0.114742],[-0.358228,0.930806,0.0726132],[0.133277,-0.025996,0.990738]],[[0.924073,0.364588,-0.114742],[-0.369688,0.92879,-0.0260845],[0.0970613,0.0665228,0.993053]]],"btipPosition":[-6.38823,326.598,-59.7588],"carpPosition":[36.6713,291.512,83.2572],"dipPosition":[-4.73039,327.734,-42.797],"direction":[-0.133277,0.025996,-0.990738],"extended":true,"handId":390,"id":3901,"length":58.7895,"mcpPosition":[6.2961,320.447,22.8477],"pipPosition":[-1.51002,327.106,-18.8578],"stabilizedTipPosition":[-6.88415,324.527,28.5691],"timeVisible":0.723101,"tipPosition":[-6.46868,327.736,-55.6205],"tipVelocity":[-3.46685,-3.44478,-84.7411],"tool":false,"touchDistance":-0.419663,"touchZone":"touching","type":1,"width":19.3369},{"bases":[[[0.952406,0.223397,-0.207402],[-0.0964553,0.86628,0.490158],[0.289169,-0.446825,0.846599]],[[0.95356,0.221602,-0.204002],[-0.29951,0.625867,-0.720128],[-0.0319034,0.747785,0.663174]],[[0.95356,0.221602,-0.204002],[-0.0779732,-0.472588,-0.877827],[-0.290937,0.852968,-0.433362]],[[0.95356,0.221602,-0.204002],[0.0823359,-0.843265,-0.531155],[-0.289732,0.489691,-0.822349]]],"btipPosition":[41.7124,259.998,17.556],"carpPosition":[46.6301,298.314,80.7906],"dipPosition":[36.2695,269.198,2.10719],"direction":[0.290937,-0.852968,0.433362],"extended":false,"handId":390,"id":3902,"length":66.986,"mcpPosition":[26.4615,329.478,21.7432],"pipPosition":[27.9988,293.446,-10.2123],"stabilizedTipPosition":[41.2994,270.431,31.9327],"timeVisible":0.723101,"tipPosition":[40.4597,262.516,14.678],"tipVelocity":[-3.36645,-13.3487,-90.51],"tool":false,"touchDistance":0.333333,"touchZone":"none","type":2,"width":18.9914},{"bases":[[[0.989122,0.0892646,-0.116914],[-0.0188965,0.865342,0.500826],[0.145877,-0.493169,0.857616]],[[0.988367,0.0917746,-0.121279],[-0.152088,0.600179,-0.785273],[0.000721105,0.794583,0.607155]],[[0.988367,0.0917746,-0.121279],[-0.0544735,-0.530904,-0.845679],[-0.141999,0.842448,-0.519729]],[[0.988367,0.0917746,-0.121279],[0.0223097,-0.876279,-0.481287],[-0.150444,0.472982,-0.868133]]],"btipPosition":[55.5209,265.417,27.7874],"carpPosition":[57.9455,302.19,78.0028],"dipPosition":[52.7108,274.251,11.5721],"direction":[0.141999,-0.842448,0.519729],"extended":false,"handId":390,"id":3903,"length":64.4088,"mcpPosition":[48.8106,333.073,24.2982],"pipPosition":[48.7784,297.582,-2.82099],"stabilizedTipPosition":[61.8212,280.187,82.6052],"timeVisible":0.723101,"tipPosition":[54.8768,267.523,23.6724],"tipVelocity":[-3.74391,-13.9176,-89.7683],"tool":false,"touchDistance":0.333333,"touchZone":"none","type":3,"width":18.0715},{"bases":[[[0.988792,-0.112629,-0.0980014],[0.148141,0.821699,0.550332],[0.0185443,-0.558682,0.829175]],[[0.983554,-0.180548,0.00481887],[0.119048,0.627996,-0.769057],[0.135826,0.756983,0.639162]],[[0.983554,-0.180548,0.00481887],[-0.0850122,-0.486322,-0.869634],[0.159355,0.854923,-0.493673]],[[0.983554,-0.180548,0.00481887],[-0.151854,-0.841092,-0.519139],[0.0977828,0.509869,-0.854676]]],"btipPosition":[60.5194,279.355,27.4717],"carpPosition":[71.1963,299.23,73.7501],"dipPosition":[62.2043,288.141,12.7443],"direction":[-0.159355,-0.854923,0.493673],"extended":false,"handId":390,"id":3904,"length":50.4953,"mcpPosition":[70.1214,331.615,25.685],"pipPosition":[65.3202,304.857,3.0916],"stabilizedTipPosition":[75.072,293.697,90.2238],"timeVisible":0.723101,"tipPosition":[60.7401,281.643,23.4015],"tipVelocity":[-2.13646,-14.1124,-88.007],"tool":false,"touchDistance":0.333333,"touchZone":"none","type":4,"width":16.0525}],"r":[[0.999353,-0.0342865,-0.0108658],[0.0359576,0.959317,0.280031],[0.000822504,-0.28024,0.95993]],"s":0.820101,"t":[-52.8507,46.1794,-118.762],"timestamp":521273694795},false],[4,{"currentFrameRate":108.707,"devices":[],"gestures":[],"hands":[{"armBasis":[[0.854054,0.427787,-0.295957],[-0.224285,0.816174,0.5325],[0.469349,-0.388405,0.793002]],"armWidth":63.7005,"confidence":0.855729,"direction":[-0.291387,0.577501,-0.762618],"elbow":[186.309,182.422,293.881],"grabStrength":0,"id":390,"palmNormal":[0.187839,-0.747151,-0.637559],"palmPosition":[37.5567,312.701,36.7457],"palmVelocity":[-0.525675,-16.9315,-96.9981],"palmWidth":90.9622,"pinchStrength":0.463482,"r":[[0.9993,-0.035656,-0.0113262],[0.0374025,0.958879,0.28134],[0.000828944,-0.281567,0.959541]],"s":0.819824,"sphereCenter":[43.6708,288.67,-6.72216],"sphereRadius":48.3215,"stabilizedPalmPosition":[47.0821,314.53,115.723],"t":[-52.8134,46.0419,-119.643],"timeVisible":0.73214,"type":"right","wrist":[59.6234,287.259,79.8355]}],"id":4098865,"interactionBox":{"center":[0,200,0],"size":[235.247,235.247,147.751]},"pointables":[{"bases":[[[0.152574,0.91336,0.377484],[-0.725168,-0.15604,0.670658],[0.671455,-0.376064,0.638532]],[[-0.0971809,0.987429,0.124663],[-0.718965,-0.156262,0.677252],[0.688218,-0.0238121,0.725113]],[[-0.0971809,0.987429,0.124663],[-0.950502,-0.129221,0.282573],[0.29513,-0.0910312,0.951111]],[[-0.0971809,0.987429,0.124663],[-0.868385,-0.0229259,-0.49536],[-0.486274,-0.156395,0.859697]]],"btipPosition":[2.89021,275.79,-10.0436],"carpPosition":[35.9164,267.84,78.6739],"dipPosition":[-8.48688,272.131,10.0702],"direction":[-0.29513,0.0910312,-0.951111],"extended":false,"handId":390,"id":3900,"length":52.1005,"mcpPosition":[35.9164,267.84,78.6739],"pipPosition":[1.57268,269.028,42.489],"stabilizedTipPosition":[6.02309,279.63,78.7083],"timeVisible":0.73214,"tipPosition":[-0.572889,275.76,-5.11375],"tipVelocity":[-4.22787,-5.58738,-100.377],"tool":false,"touchDistance":-0.430739,"touchZone":"touching","type":0,"width":20.2438},{"bases":[[[0.875741,0.421319,-0.235728],[-0.251734,0.81514,0.521705],[0.411955,-0.397538,0.819912]],[[0.926038,0.359516,-0.114895],[-0.330732,0.919622,0.211923],[0.18185,-0.15825,0.970509]],[[0.926038,0.359516,-0.114895],[-0.352675,0.932665,0.0758754],[0.134437,-0.0297429,0.990476]],[[0.926038,0.359516,-0.114895],[-0.364217,0.931049,-0.0222096],[0.0989882,0.0624137,0.993129]]],"btipPosition":[-6.35716,326.962,-60.7829],"carpPosition":[36.6904,291.275,82.0979],"dipPosition":[-4.6664,328.028,-43.8199],"direction":[-0.134437,0.0297429,-0.990476],"extended":true,"handId":390,"id":3901,"length":58.7895,"mcpPosition":[6.39233,320.513,21.7957],"pipPosition":[-1.418,327.31,-19.887],"stabilizedTipPosition":[-6.88415,324.527,28.5687],"timeVisible":0.73214,"tipPosition":[-6.41787,328.046,-56.647],"tipVelocity":[-1.33328,8.1098,-92.6028],"tool":false,"touchDistance":-0.421388,"touchZone":"touching","type":1,"width":19.3369},{"bases":[[[0.953344,0.21856,-0.208248],[-0.0909496,0.865709,0.492216],[0.287861,-0.450311,0.845196]],[[0.954464,0.216795,-0.204936],[-0.29712,0.629082,-0.718315],[-0.0268052,0.746496,0.66485]],[[0.954464,0.216795,-0.204936],[-0.0817797,-0.4705,-0.878602],[-0.286899,0.855354,-0.431346]],[[0.954464,0.216795,-0.204936],[0.0770445,-0.842778,-0.53272],[-0.288207,0.492672,-0.821103]]],"btipPosition":[41.4679,259.893,16.3342],"carpPosition":[46.6835,298.027,79.6324],"dipPosition":[36.0536,269.148,0.90869],"direction":[0.286899,-0.855354,0.431346],"extended":false,"handId":390,"id":3902,"length":66.986,"mcpPosition":[26.6061,329.435,20.6828],"pipPosition":[27.8977,293.464,-11.3535],"stabilizedTipPosition":[41.2983,270.423,31.9137],"timeVisible":0.73214,"tipPosition":[40.2237,262.41,13.4445],"tipVelocity":[-9.69236,-12.4884,-102.657],"tool":false,"touchDistance":0.333333,"touchZone":"none","type":2,"width":18.9914},{"bases":[[[0.989439,0.0840241,-0.11811],[-0.0133823,0.864315,0.502772],[0.144329,-0.495882,0.856312]],[[0.988698,0.0865257,-0.12243],[-0.149762,0.60738,-0.780167],[0.00685701,0.789685,0.613474]],[[0.988698,0.0865257,-0.12243],[-0.0592533,-0.524617,-0.849274],[-0.137713,0.84693,-0.513561]],[[0.988698,0.0865257,-0.12243],[0.0163909,-0.874131,-0.485414],[-0.14902,0.477921,-0.86567]]],"btipPosition":[55.2693,265.246,26.2044],"carpPosition":[58.0164,301.846,76.8372],"dipPosition":[52.4859,274.172,10.0351],"direction":[0.137713,-0.84693,0.513561],"extended":false,"handId":390,"id":3903,"length":64.4088,"mcpPosition":[48.9784,332.899,23.2142],"pipPosition":[48.6721,297.627,-4.1872],"stabilizedTipPosition":[61.8207,280.187,82.6017],"timeVisible":0.73214,"tipPosition":[54.6484,267.351,22.2548],"tipVelocity":[-10.1961,-14.6557,-112.971],"tool":false,"touchDistance":0.333333,"touchZone":"none","type":3,"width":18.0715},{"bases":[[[0.988013,-0.117906,-0.0996452],[0.153479,0.819634,0.551946],[0.0165947,-0.560623,0.827905]],[[0.982566,-0.185893,0.0028295],[0.121241,0.629148,-0.767771],[0.140943,0.754729,0.640718]],[[0.982566,-0.185893,0.0028295],[-0.0890933,-0.484164,-0.870429],[0.163177,0.855002,-0.492285]],[[0.982566,-0.185893,0.0028295],[-0.157299,-0.839348,-0.520338],[0.0991023,0.510821,-0.853956]]],"btipPosition":[60.4023,279.121,26.2599],"carpPosition":[71.2446,298.822,72.5593],"dipPosition":[62.1099,287.924,11.5449],"direction":[-0.163177,-0.855002,0.492285],"extended":false,"handId":390,"id":3904,"length":50.4953,"mcpPosition":[70.2826,331.32,24.5677],"pipPosition":[65.3005,304.641,1.91938],"stabilizedTipPosition":[75.0716,293.696,90.2217],"timeVisible":0.73214,"tipPosition":[60.6284,281.408,22.2027],"tipVelocity":[-4.95864,-17.2263,-100.612],"tool":false,"touchDistance":0.333333,"touchZone":"none","type":4,"width":16.0525}],"r":[[0.9993,-0.035656,-0.0113262],[0.0374025,0.958879,0.28134],[0.000828944,-0.281567,0.959541]],"s":0.819824,"t":[-52.8134,46.0419,-119.643],"timestamp":521273703834},false],[5,{"currentFrameRate":108.814,"devices":[],"gestures":[],"hands":[{"armBasis":[[0.851662,0.42702,-0.303852],[-0.220831,0.818177,0.530868],[0.475296,-0.38502,0.791109]],"armWidth":63.7005,"confidence":0.859109,"direction":[-0.289047,0.582848,-0.759434],"elbow":[187.803,183.168,291.9],"grabStrength":0,"id":390,"palmNormal":[0.182811,-0.745091,-0.64142],"palmPosition":[37.5371,312.867,35.4283],"palmVelocity":[-0.980767,-7.20766,-110.563],"palmWidth":90.9622,"pinchStrength":0.465286,"r":[[0.999211,-0.0378725,-0.0119825],[0.0397157,0.958206,0.28331],[0.000752101,-0.283562,0.958954]],"s":0.818919,"sphereCenter":[43.4655,289.016,-8.1769],"sphereRadius":48.2802,"stabilizedPalmPosition":[47.082,314.53,115.722],"t":[-52.8046,46.0563,-120.742],"timeVisible":0.741138,"type":"right","wrist":[59.5122,287.091,78.3661]}],"id":4098866,"interactionBox":{"center":[0,200,0],"size":[235.247,235.247,147.751]},"pointables":[{"bases":[[[0.158218,0.910633,0.381726],[-0.725214,-0.155191,0.670806],[0.670098,-0.382967,0.63585]],[[-0.0914509,0.987346,0.129555],[-0.719184,-0.155472,0.677202],[0.688775,-0.0312429,0.724301]],[[-0.0914509,0.987346,0.129555],[-0.950912,-0.12521,0.282999],[0.295639,-0.0973147,0.95033]],[[-0.0914509,0.987346,0.129555],[-0.867491,-0.0151063,-0.497224],[-0.488975,-0.157859,0.857895]]],"btipPosition":[2.68585,276.382,-11.4683],"carpPosition":[35.694,267.813,77.1399],"dipPosition":[-8.75442,272.689,8.60342],"direction":[-0.295639,0.0973147,-0.95033],"extended":false,"handId":390,"id":3900,"length":52.1005,"mcpPosition":[35.694,267.813,77.1399],"pipPosition":[1.3225,269.372,40.9956],"stabilizedTipPosition":[6.02306,279.63,78.7079],"timeVisible":0.741138,"tipPosition":[-0.781167,276.317,-6.56115],"tipVelocity":[-9.74555,13.7695,-116.583],"tool":false,"touchDistance":-0.437514,"touchZone":"touching","type":0,"width":20.2438},{"bases":[[[0.877826,0.417492,-0.234781],[-0.246462,0.814004,0.525978],[0.410704,-0.403853,0.81745]],[[0.928004,0.354681,-0.114062],[-0.325203,0.920516,0.21655],[0.181802,-0.163866,0.969585]],[[0.928004,0.354681,-0.114062],[-0.347133,0.93431,0.0810176],[0.135305,-0.0355899,0.990165]],[[0.928004,0.354681,-0.114062],[-0.358756,0.933281,-0.0167449],[0.100513,0.0564599,0.993332]]],"btipPosition":[-6.39536,327.862,-61.9791],"carpPosition":[36.6052,291.226,80.6768],"dipPosition":[-4.67856,328.826,-45.0126],"direction":[-0.135305,0.0355899,-0.990165],"extended":true,"handId":390,"id":3901,"length":58.7895,"mcpPosition":[6.39909,320.928,20.5557],"pipPosition":[-1.40919,327.966,-21.0872],"stabilizedTipPosition":[-6.88414,324.527,28.5681],"timeVisible":0.741138,"tipPosition":[-6.44335,328.903,-57.8409],"tipVelocity":[-1.94996,32.62,-103.653],"tool":false,"touchDistance":-0.425513,"touchZone":"touching","type":1,"width":19.3369},{"bases":[[[0.954311,0.214166,-0.208385],[-0.0854302,0.863804,0.496533],[0.286344,-0.456044,0.842633]],[[0.955398,0.212422,-0.205164],[-0.294528,0.63444,-0.714661],[-0.0216452,0.743212,0.668706]],[[0.955398,0.212422,-0.205164],[-0.0855913,-0.465727,-0.88078],[-0.282647,0.859055,-0.426773]],[[0.955398,0.212422,-0.205164],[0.0716579,-0.840697,-0.536743],[-0.286497,0.498102,-0.818422]]],"btipPosition":[41.122,260.15,14.7459],"carpPosition":[46.6333,297.933,78.2316],"dipPosition":[35.7398,269.508,-0.629149],"direction":[0.282647,-0.859055,0.426773],"extended":false,"handId":390,"id":3902,"length":66.986,"mcpPosition":[26.6618,329.741,19.4607],"pipPosition":[27.7048,293.929,-12.7613],"stabilizedTipPosition":[41.2973,270.417,31.8981],"timeVisible":0.741138,"tipPosition":[39.8887,262.677,11.8622],"tipVelocity":[-17.3621,-0.497417,-122.577],"tool":false,"touchDistance":0.333333,"touchZone":"none","type":2,"width":18.9914},{"bases":[[[0.989754,0.0789899,-0.118947],[-0.00785915,0.861919,0.506984],[0.142569,-0.500855,0.853709]],[[0.989027,0.0814983,-0.123223],[-0.147149,0.61771,-0.772516],[0.0131573,0.782171,0.622925]],[[0.989027,0.0814983,-0.123223],[-0.0641396,-0.514499,-0.855089],[-0.133086,0.853609,-0.503626]],[[0.989027,0.0814983,-0.123223],[0.0102507,-0.869922,-0.493082],[-0.14738,0.486408,-0.861212]]],"btipPosition":[54.9072,265.405,24.1904],"carpPosition":[57.9843,301.702,75.4408],"dipPosition":[52.1544,274.49,8.10445],"direction":[0.133086,-0.853609,0.503626],"extended":false,"handId":390,"id":3903,"length":64.4088,"mcpPosition":[49.0564,333.066,21.9808],"pipPosition":[48.4687,298.129,-5.84274],"stabilizedTipPosition":[61.8204,280.186,82.5991],"timeVisible":0.741138,"tipPosition":[54.3128,267.528,20.4403],"tipVelocity":[-18.2302,-4.66702,-142.818],"tool":false,"touchDistance":0.333333,"touchZone":"none","type":3,"width":18.0715},{"bases":[[[0.987204,-0.123017,-0.101463],[0.158806,0.816054,0.55573],[0.014435,-0.564732,0.825148]],[[0.980991,-0.194,0.00454741],[0.128862,0.633732,-0.762744],[0.14509,0.748831,0.646684]],[[0.980991,-0.194,0.00454741],[-0.0898985,-0.475104,-0.875325],[0.171974,0.858278,-0.483513]],[[0.980991,-0.194,0.00454741],[-0.162295,-0.833065,-0.528831],[0.106382,0.518041,-0.848715]]],"btipPosition":[60.0287,279.181,24.5192],"carpPosition":[71.1898,298.623,71.1315],"dipPosition":[61.8618,288.108,9.89454],"direction":[-0.171974,-0.858278,0.483513],"extended":false,"handId":390,"id":3904,"length":50.4953,"mcpPosition":[70.3531,331.359,23.2998],"pipPosition":[65.2243,304.889,0.440495],"stabilizedTipPosition":[75.0712,293.696,90.2201],"timeVisible":0.741138,"tipPosition":[60.3464,281.49,20.6108],"tipVelocity":[-14.1161,-9.80246,-125.467],"tool":false,"touchDistance":0.333333,"touchZone":"none","type":4,"width":16.0525}],"r":[[0.999211,-0.0378725,-0.0119825],[0.0397157,0.958206,0.28331],[0.000752101,-0.283562,0.958954]],"s":0.818919,"t":[-52.8046,46.0563,-120.742],"timestamp":521273712832},false],[6,{"currentFrameRate":108.858,"devices":[],"gestures":[],"hands":[{"armBasis":[[0.853596,0.423979,-0.302681],[-0.221156,0.82101,0.526339],[0.471661,-0.382341,0.794576]],"armWidth":63.7005,"confidence":0.86427,"direction":[-0.288193,0.587595,-0.756093],"elbow":[186.823,183.483,291.883],"grabStrength":0,"id":390,"palmNormal":[0.18044,-0.742125,-0.645516],"palmPosition":[37.5685,312.742,34.6303],"palmVelocity":[0.249163,-9.01241,-104.202],"palmWidth":90.9622,"pinchStrength":0.468755,"r":[[0.999114,-0.04013,-0.0127128],[0.0420897,0.957337,0.285894],[0.000697573,-0.286175,0.958177]],"s":0.817663,"sphereCenter":[43.4105,289.106,-9.12057],"sphereRadius":48.2462,"stabilizedPalmPosition":[47.082,314.53,115.722],"t":[-52.7844,46.001,-121.69],"timeVisible":0.750245,"type":"right","wrist":[59.5133,286.684,77.4127]}],"id":4098867,"interactionBox":{"center":[0,200,0],"size":[235.247,235.247,147.751]},"pointables":[{"bases":[[[0.160796,0.908194,0.386431],[-0.725067,-0.156945,0.670557],[0.669644,-0.388011,0.633265]],[[-0.0887676,0.986862,0.134993],[-0.71923,-0.157265,0.676739],[0.689078,-0.0370185,0.723741]],[[-0.0887676,0.986862,0.134993],[-0.951151,-0.124217,0.282632],[0.295688,-0.10331,0.949682]],[[-0.0887676,0.986862,0.134993],[-0.865762,-0.0094295,-0.500367],[-0.492521,-0.161288,0.855225]]],"btipPosition":[2.70411,276.614,-12.3922],"carpPosition":[35.646,267.471,76.1035],"dipPosition":[-8.81913,272.84,7.61698],"direction":[-0.295688,0.10331,-0.949682],"extended":false,"handId":390,"id":3900,"length":52.1005,"mcpPosition":[35.646,267.471,76.1035],"pipPosition":[1.25944,269.319,39.9871],"stabilizedTipPosition":[6.02303,279.63,78.7075],"timeVisible":0.750245,"tipPosition":[-0.778544,276.487,-7.51723],"tipVelocity":[-7.06793,16.442,-112.825],"tool":false,"touchDistance":-0.436171,"touchZone":"touching","type":0,"width":20.2438},{"bases":[[[0.87868,0.416543,-0.233268],[-0.24401,0.81181,0.530494],[0.410343,-0.409214,0.814961]],[[0.928865,0.352852,-0.112718],[-0.322708,0.920239,0.221402],[0.18185,-0.169278,0.968646]],[[0.928865,0.352852,-0.112718],[-0.344631,0.93477,0.0862289],[0.135792,-0.0412488,0.989878]],[[0.928865,0.352852,-0.112718],[-0.356293,0.934306,-0.0113242],[0.101318,0.0506793,0.993562]]],"btipPosition":[-6.38303,328.361,-62.6656],"carpPosition":[36.6185,290.863,79.764],"dipPosition":[-4.65248,329.227,-45.6952],"direction":[-0.135792,0.0412488,-0.989878],"extended":true,"handId":390,"id":3901,"length":58.7895,"mcpPosition":[6.43898,320.96,19.8259],"pipPosition":[-1.37135,328.23,-21.7768],"stabilizedTipPosition":[-6.88413,324.527,28.5668],"timeVisible":0.750245,"tipPosition":[-6.42439,329.364,-58.5248],"tipVelocity":[-0.937359,38.0948,-95.7852],"tool":false,"touchDistance":-0.42158,"touchZone":"touching","type":1,"width":19.3369},{"bases":[[[0.954677,0.212889,-0.208015],[-0.0828776,0.861363,0.501183],[0.285873,-0.461229,0.839967]],[[0.955681,0.211259,-0.205047],[-0.293803,0.63985,-0.710121],[-0.0188203,0.738893,0.67356]],[[0.955681,0.211259,-0.205047],[-0.0882609,-0.458852,-0.884118],[-0.280864,0.863032,-0.41987]],[[0.955681,0.211259,-0.205047],[0.0684549,-0.836845,-0.543143],[-0.286336,0.505035,-0.814218]]],"btipPosition":[40.9931,260.102,13.5374],"carpPosition":[46.6614,297.558,77.3463],"dipPosition":[35.6139,269.589,-1.75868],"direction":[0.280864,-0.863032,0.41987],"extended":false,"handId":390,"id":3902,"length":66.986,"mcpPosition":[26.7227,329.727,18.7613],"pipPosition":[27.6296,294.123,-13.6946],"stabilizedTipPosition":[41.2964,270.412,31.8854],"timeVisible":0.750245,"tipPosition":[39.7666,262.644,10.6874],"tipVelocity":[-16.4499,-0.921629,-124.832],"tool":false,"touchDistance":0.333333,"touchZone":"none","type":2,"width":18.9914},{"bases":[[[0.989853,0.0771522,-0.119325],[-0.00530321,0.85923,0.511562],[0.141996,-0.505738,0.850921]],[[0.989123,0.0797064,-0.123623],[-0.146144,0.627737,-0.764584],[0.0166602,0.774334,0.632558]],[[0.989123,0.0797064,-0.123623],[-0.0670145,-0.503959,-0.861124],[-0.130938,0.860042,-0.493136]],[[0.989123,0.0797064,-0.123623],[0.00705633,-0.865197,-0.501382],[-0.146921,0.495056,-0.856349]]],"btipPosition":[54.7539,265.333,22.679],"carpPosition":[58.0195,301.314,74.5663],"dipPosition":[52.0096,274.579,6.68384],"direction":[0.130938,-0.860042,0.493136],"extended":false,"handId":390,"id":3903,"length":64.4088,"mcpPosition":[49.1276,332.983,21.2809],"pipPosition":[48.3835,298.397,-6.97285],"stabilizedTipPosition":[61.8202,280.186,82.5972],"timeVisible":0.750245,"tipPosition":[54.1779,267.476,19.113],"tipVelocity":[-17.7836,-4.43799,-148.602],"tool":false,"touchDistance":0.333333,"touchZone":"none","type":3,"width":18.0715},{"bases":[[[0.986813,-0.124937,-0.102912],[0.161286,0.812691,0.559929],[0.0136795,-0.569143,0.822125]],[[0.980214,-0.197882,0.00486238],[0.132457,0.637481,-0.758995],[0.147092,0.744621,0.651079]],[[0.980214,-0.197882,0.00486238],[-0.0904828,-0.469786,-0.878131],[0.176051,0.860316,-0.478396]],[[0.980214,-0.197882,0.00486238],[-0.164813,-0.829516,-0.53361],[0.109625,0.522251,-0.845717]]],"btipPosition":[59.8902,279.075,23.486],"carpPosition":[71.2139,298.225,70.2301],"dipPosition":[61.7792,288.074,8.91304],"direction":[-0.176051,-0.860316,0.478396],"extended":false,"handId":390,"id":3904,"length":50.4953,"mcpPosition":[70.421,331.217,22.5736],"pipPosition":[65.2215,304.896,-0.440957],"stabilizedTipPosition":[75.071,293.696,90.2188],"timeVisible":0.750245,"tipPosition":[60.2513,281.387,19.6279],"tipVelocity":[-14.0258,-9.80955,-121.771],"tool":false,"touchDistance":0.333333,"touchZone":"