{"sensorType":"Leap","data":[[0,{"currentFrameRate":107.114,"devices":[],"gestures":[],"hands":[{"armBasis":[[0.797757,0.531821,-0.284165],[-0.280161,0.744229,0.606327],[0.533941,-0.40409,0.74271]],"armWidth":63.7005,"confidence":0.813441,"direction":[-0.259911,0.501393,-0.825258],"elbow":[190.011,198.649,289.98],"grabStrength":0,"id":391,"palmNormal":[0.294739,-0.772654,-0.562259],"palmPosition":[26.1254,328.483,42.9351],"palmVelocity":[-1.69346,16.4248,-211.632],"palmWidth":90.9622,"pinchStrength":0.495958,"r":[[0.994034,0.109044,0.00232865],[-0.105991,0.960726,0.256458],[0.025728,-0.255174,0.966553]],"s":0.960762,"sphereCenter":[38.2112,303.912,2.28594],"sphereRadius":48.4337,"stabilizedPalmPosition":[38.3968,311.214,155.774],"t":[-57.6899,92.6656,-175.692],"timeVisible":0.659587,"type":"right","wrist":[45.8908,307.72,89.5095]}],"id":4099478,"interactionBox":{"center":[0,200,0],"size":[235.247,235.247,147.751]},"pointables":[{"bases":[[[0.0556861,0.945603,0.320521],[-0.770427,-0.163499,0.616206],[0.635091,-0.281252,0.719414]],[[-0.162912,0.984955,0.0576553],[-0.763629,-0.162876,0.624774],[0.624764,0.0577556,0.778674]],[[-0.162912,0.984955,0.0576553],[-0.955182,-0.172086,0.240859],[0.247157,-0.0158326,0.968846]],[[-0.162912,0.984955,0.0576553],[-0.747358,-0.0850403,-0.658957],[-0.64414,-0.150441,0.749967]]],"btipPosition":[-0.775546,287.743,-1.65386],"carpPosition":[23.7554,286.566,87.7737],"dipPosition":[-15.8461,284.223,15.8927],"direction":[-0.247157,0.0158326,-0.968846],"extended":false,"handId":391,"id":3910,"length":52.1005,"mcpPosition":[23.7554,286.566,87.7737],"pipPosition":[-7.42176,283.684,48.916],"stabilizedTipPosition":[-2.59557,268.675,118.719],"timeVisible":0.659587,"tipPosition":[-5.13742,287.676,2.38268],"tipVelocity":[-14.5904,22.1907,-216.31],"tool":false,"touchDistance":-0.573646,"touchZone":"hovering","type":0,"width":20.2438},{"bases":[[[0.862858,0.46803,-0.190851],[-0.352389,0.827729,0.436678],[0.362351,-0.309538,0.879141]],[[0.912695,0.407124,-0.0351871],[-0.395326,0.901476,0.176232],[0.103469,-0.146936,0.98372]],[[0.912695,0.407124,-0.0351871],[-0.406969,0.913366,0.0117865],[0.0369372,0.00356261,0.999311]],[[0.912695,0.407124,-0.0351871],[-0.408451,0.906245,-0.109028],[-0.0124997,0.113881,0.993416]]],"btipPosition":[-9.14477,337.217,-58.5138],"carpPosition":[22.628,310.172,89.5088],"dipPosition":[-9.35827,339.162,-41.5459],"direction":[-0.0369372,-0.00356261,-0.999311],"extended":true,"handId":391,"id":3911,"length":58.7895,"mcpPosition":[-4.02186,332.938,24.8505],"pipPosition":[-8.46576,339.248,-17.3995],"stabilizedTipPosition":[-2.32977,310.622,70.9713],"timeVisible":0.659587,"tipPosition":[-9.48878,337.566,-54.1998],"tipVelocity":[11.6218,30.9272,-215.449],"tool":false,"touchDistance":-0.613852,"touchZone":"hovering","type":1,"width":19.3369},{"bases":[[[0.951226,0.273896,-0.141949],[-0.193398,0.887942,0.417321],[0.240345,-0.369514,0.897604]],[[0.943063,0.28556,-0.17055],[-0.31303,0.588638,-0.74533],[-0.112444,0.75628,0.644512]],[[0.943063,0.28556,-0.17055],[0.0631383,-0.657126,-0.751132],[-0.326566,0.697597,-0.637741]],[[0.943063,0.28556,-0.17055],[0.249325,-0.946302,-0.205789],[-0.220157,0.15155,-0.96362]]],"btipPosition":[34.3965,284.115,29.9813],"carpPosition":[32.3221,317.462,87.4102],"dipPosition":[30.2605,286.962,11.8785],"direction":[0.326566,-0.697597,0.637741],"extended":false,"handId":391,"id":3912,"length":66.986,"mcpPosition":[15.5588,343.235,24.8052],"pipPosition":[20.977,306.793,-6.25103],"stabilizedTipPosition":[46.6872,267.759,137.801],"timeVisible":0.659587,"tipPosition":[33.5255,284.557,26.111],"tipVelocity":[-39.5819,12.4665,-230.181],"tool":false,"touchDistance":0.333333,"touchZone":"none","type":2,"width":18.9914},{"bases":[[[0.988082,0.148812,-0.0393645],[-0.117183,0.893009,0.434514],[0.0998139,-0.424723,0.899804]],[[0.98475,0.161135,-0.0655892],[-0.149209,0.588391,-0.79469],[-0.0894605,0.792358,0.603461]],[[0.98475,0.161135,-0.0655892],[0.0664309,-0.696717,-0.714263],[-0.16079,0.699014,-0.696797]],[[0.98475,0.161135,-0.0655892],[0.148463,-0.974882,-0.166022],[-0.0906938,0.153753,-0.983938]]],"btipPosition":[47.4681,290.887,39.6892],"carpPosition":[43.5759,321.912,85.3149],"dipPosition":[45.7741,293.759,21.3109],"direction":[0.16079,-0.699014,0.696797],"extended":false,"handId":391,"id":3913,"length":64.4088,"mcpPosition":[37.3254,348.508,28.9683],"pipPosition":[41.3213,313.117,2.01417],"stabilizedTipPosition":[60.4021,275.903,148.82],"timeVisible":0.659587,"tipPosition":[47.073,291.464,35.9432],"tipVelocity":[-30.0968,1.63892,-225.623],"tool":false,"touchDistance":0.333333,"touchZone":"none","type":3,"width":18.0715},{"bases":[[[0.998682,-0.0509553,-0.00620698],[0.0472083,0.864229,0.500879],[-0.0201582,-0.500512,0.865495]],[[0.998637,-0.0296703,-0.0429286],[-0.0148449,0.627127,-0.778775],[0.0500282,0.778352,0.625832]],[[0.998637,-0.0296703,-0.0429286],[-0.0516394,-0.680422,-0.730999],[-0.00752063,0.732219,-0.681027]],[[0.998637,-0.0296703,-0.0429286],[-0.0378337,-0.978239,-0.204001],[-0.0359417,0.205347,-0.978029]]],"btipPosition":[57.4767,303.236,40.2899],"carpPosition":[57.3103,319.592,82.4137],"dipPosition":[56.8574,306.775,23.4369],"direction":[0.00752063,-0.732219,0.681027],"extended":false,"handId":391,"id":3914,"length":50.4953,"mcpPosition":[58.4788,348.605,32.2431],"pipPosition":[56.7104,321.091,10.1209],"stabilizedTipPosition":[70.4812,288.85,145.644],"timeVisible":0.659587,"tipPosition":[57.4764,303.97,36.3425],"tipVelocity":[-19.4798,-7.29264,-222.393],"tool":false,"touchDistance":0.333333,"touchZone":"none","type":4,"width":16.0525}],"r":[[0.994034,0.109044,0.00232865],[-0.105991,0.960726,0.256458],[0.025728,-0.255174,0.966553]],"s":0.960762,"t":[-57.6899,92.6656,-175.692],"timestamp":521279764232},false],[1,{"currentFrameRate":107.145,"devices":[],"gestures":[],"hands":[{"armBasis":[[0.806028,0.528452,-0.266567],[-0.290627,0.745709,0.599545],[0.515612,-0.405778,0.754645]],"armWidth":63.7005,"confidence":0.826157,"direction":[-0.260335,0.498945,-0.826607],"elbow":[184.807,197.903,290.84],"grabStrength":0,"id":391,"palmNormal":[0.303434,-0.770472,-0.560626],"palmPosition":[25.9063,328.014,40.4791],"palmVelocity":[-7.86952,-2.44462,-226.585],"palmWidth":90.9622,"pinchStrength":0.500652,"r":[[0.994411,0.105516,0.00357501],[-0.102922,0.961312,0.255511],[0.0235237,-0.254451,0.9668]],"s":0.959136,"sphereCenter":[38.4438,303.506,-0.139764],"sphereRadius":48.4334,"stabilizedPalmPosition":[38.3968,311.214,155.774],"t":[-57.7963,92.5235,-177.814],"timeVisible":0.668865,"type":"right","wrist":[45.6345,307.43,87.1487]}],"id":4099479,"interactionBox":{"center":[0,200,0],"size":[235.247,235.247,147.751]},"pointables":[{"bases":[[[0.0466379,0.946151,0.320349],[-0.771774,-0.169474,0.612898],[0.634185,-0.275822,0.72231]],[[-0.171297,0.983611,0.0562797],[-0.765413,-0.168829,0.620999],[0.620323,0.0632979,0.781788]],[[-0.171297,0.983611,0.0562797],[-0.954696,-0.179828,0.237104],[0.243339,-0.0131149,0.969853]],[[-0.171297,0.983611,0.0562797],[-0.744044,-0.091709,-0.661807],[-0.645799,-0.15524,0.747559]]],"btipPosition":[-0.461742,287.017,-4.23568],"carpPosition":[23.6787,286.097,85.3252],"dipPosition":[-15.5711,283.385,13.2545],"direction":[-0.243339,0.0131149,-0.969853],"extended":false,"handId":391,"id":3910,"length":52.1005,"mcpPosition":[23.6787,286.097,85.3252],"pipPosition":[-7.2769,282.938,46.3122],"stabilizedTipPosition":[-2.59558,268.675,118.719],"timeVisible":0.668865,"tipPosition":[-4.81789,286.906,-0.206564],"tipVelocity":[-1.2217,-6.8835,-234.161],"tool":false,"touchDistance":-0.583536,"touchZone":"hovering","type":0,"width":20.2438},{"bases":[[[0.859876,0.474912,-0.187274],[-0.360976,0.825028,0.43477],[0.360984,-0.306246,0.880854]],[[0.909569,0.414384,-0.0311566],[-0.403447,0.89855,0.172741],[0.0995769,-0.14455,0.984474]],[[0.909569,0.414384,-0.0311566],[-0.41429,0.910093,0.00971845],[0.0323825,0.00406825,0.999467]],[[0.909569,0.414384,-0.0311566],[-0.415188,0.903068,-0.109945],[-0.0174229,0.112938,0.993449]]],"btipPosition":[-8.95805,336.398,-61.1403],"carpPosition":[22.3529,309.694,87.045],"dipPosition":[-9.25564,338.328,-44.1718],"direction":[-0.0323825,-0.00406825,-0.999467],"extended":true,"handId":391,"id":3911,"length":58.7895,"mcpPosition":[-4.19642,332.218,22.2608],"pipPosition":[-8.47318,338.426,-20.0217],"stabilizedTipPosition":[-2.32984,310.622,70.9699],"timeVisible":0.668865,"tipPosition":[-9.32549,336.755,-56.8348],"tipVelocity":[13.4304,-2.75788,-234.502],"tool":false,"touchDistance":-0.620196,"touchZone":"hovering","type":1,"width":19.3369},{"bases":[[[0.949595,0.281518,-0.137901],[-0.202394,0.886517,0.416083],[0.239387,-0.3672,0.898809]],[[0.941481,0.293081,-0.166484],[-0.315043,0.58953,-0.743775],[-0.119839,0.7527,0.647365]],[[0.941481,0.293081,-0.166484],[0.0703946,-0.653995,-0.753216],[-0.329633,0.697419,-0.636356]],[[0.941481,0.293081,-0.166484],[0.25742,-0.944046,-0.206182],[-0.217597,0.15126,-0.964247]]],"btipPosition":[34.5335,283.735,27.3078],"carpPosition":[31.9968,317.061,84.9857],"dipPosition":[30.4457,286.577,9.19317],"direction":[0.329633,-0.697419,0.636356],"extended":false,"handId":391,"id":3912,"length":66.986,"mcpPosition":[15.3004,342.672,22.2967],"pipPosition":[21.0749,306.403,-8.89697],"stabilizedTipPosition":[46.6871,267.759,137.8],"timeVisible":0.668865,"tipPosition":[33.6893,284.184,23.5125],"tipVelocity":[-23.933,-2.59692,-246.598],"tool":false,"touchDistance":0.333333,"touchZone":"none","type":2,"width":18.9914},{"bases":[[[0.98701,0.156778,-0.0351022],[-0.126298,0.892207,0.433607],[0.0992984,-0.423541,0.900418]],[[0.983711,0.169008,-0.0612277],[-0.150591,0.58883,-0.794105],[-0.0981571,0.79039,0.604689]],[[0.983711,0.169008,-0.0612277],[0.0748706,-0.694889,-0.715209],[-0.163422,0.698975,-0.696224]],[[0.983711,0.169008,-0.0612277],[0.156922,-0.973543,-0.166104],[-0.0876806,0.15379,-0.984206]]],"btipPosition":[47.553,290.59,37.208],"carpPosition":[43.2234,321.601,82.9378],"dipPosition":[45.9153,293.463,18.8247],"direction":[0.163422,-0.698975,0.696224],"extended":false,"handId":391,"id":3913,"length":64.4088,"mcpPosition":[37.0052,348.123,26.5528],"pipPosition":[41.3895,312.82,-0.456194],"stabilizedTipPosition":[60.4021,275.903,148.819],"timeVisible":0.668865,"tipPosition":[47.1747,291.171,33.4887],"tipVelocity":[-18.6471,-7.81932,-237.438],"tool":false,"touchDistance":0.333333,"touchZone":"none","type":3,"width":18.0715},{"bases":[[[0.999078,-0.0428842,-0.00181136],[0.0380275,0.864783,0.500704],[-0.0199059,-0.500311,0.865617]],[[0.999007,-0.0212604,-0.0391532],[-0.017047,0.629524,-0.776794],[0.0411628,0.77669,0.628537]],[[0.999007,-0.0212604,-0.0391532],[-0.0431813,-0.678429,-0.733396],[-0.0109704,0.734358,-0.678673]],[[0.999007,-0.0212604,-0.0391532],[-0.0288895,-0.978126,-0.205998],[-0.0339172,0.206925,-0.977769]]],"btipPosition":[57.4865,303.013,37.8208],"carpPosition":[56.9887,319.391,80.0978],"dipPosition":[56.902,306.579,20.9723],"direction":[0.0109704,-0.734358,0.678673],"extended":false,"handId":391,"id":3914,"length":50.4953,"mcpPosition":[58.1426,348.393,29.9201],"pipPosition":[56.6875,320.938,7.70236],"stabilizedTipPosition":[70.4812,288.85,145.643],"timeVisible":0.668865,"tipPosition":[57.4818,303.76,33.9393],"tipVelocity":[-13.4523,-11.8113,-234.682],"tool":false,"touchDistance":0.333333,"touchZone":"none","type":4,"width":16.0525}],"r":[[0.994411,0.105516,0.00357501],[-0.102922,0.961312,0.255511],[0.0235237,-0.254451,0.9668]],"s":0.959136,"t":[-57.7963,92.5235,-177.814],"timestamp":521279773510},false],[2,{"currentFrameRate":107.416,"devices":[],"gestures":[],"hands":[{"armBasis":[[0.802004,0.535337,-0.264958],[-0.298029,0.743055,0.599206],[0.517656,-0.401601,0.755479]],"armWidth":63.7005,"confidence":0.835458,"direction":[-0.26117,0.501721,-0.824662],"elbow":[185.283,198.507,289.373],"grabStrength":0,"id":391,"palmNormal":[0.309683,-0.765605,-0.563867],"palmPosition":[25.8299,327.616,38.8428],"palmVelocity":[-8.08264,-13.9584,-215.53],"palmWidth":90.9622,"pinchStrength":0.500138,"r":[[0.994573,0.103911,0.0052298],[-0.101787,0.961378,0.255718],[0.021544,-0.254863,0.966737]],"s":0.957935,"sphereCenter":[38.708,303.411,-1.88048],"sphereRadius":48.4414,"stabilizedPalmPosition":[38.3968,311.214,155.774],"t":[-57.8877,92.2536,-179.693],"timeVisible":0.677681,"type":"right","wrist":[45.5585,306.906,85.4564]}],"id":4099480,"interactionBox":{"center":[0,200,0],"size":[235.247,235.247,147.751]},"pointables":[{"bases":[[[0.0399478,0.944704,0.325482],[-0.772367,-0.177464,0.609882],[0.633919,-0.275755,0.722569]],[[-0.177782,0.982199,0.0606547],[-0.766589,-0.176876,0.617298],[0.617038,0.0632469,0.784388]],[[-0.177782,0.982199,0.0606547],[-0.95413,-0.187133,0.233704],[0.240895,-0.0163242,0.970414]],[[-0.177782,0.982199,0.0606547],[-0.742448,-0.0934208,-0.663357],[-0.645882,-0.162966,0.745841]]],"btipPosition":[-0.151814,286.662,-6.20952],"carpPosition":[23.7394,285.449,83.46],"dipPosition":[-15.2632,282.849,11.2405],"direction":[-0.240895,0.0163242,-0.970414],"extended":false,"handId":391,"id":3910,"length":52.1005,"mcpPosition":[23.7394,285.449,83.46],"pipPosition":[-7.05223,282.292,44.3172],"stabilizedTipPosition":[-2.59558,268.675,118.719],"timeVisible":0.677681,"tipPosition":[-4.48978,286.493,-2.17095],"tipVelocity":[8.57925,-17.1819,-231.674],"tool":false,"touchDistance":-0.583262,"touchZone":"hovering","type":0,"width":20.2438},{"bases":[[[0.857438,0.481172,-0.182408],[-0.36722,0.820475,0.438145],[0.360484,-0.308698,0.880203]],[[0.907132,0.420026,-0.0262562],[-0.409447,0.895264,0.175656],[0.0972863,-0.148592,0.984101]],[[0.907132,0.420026,-0.0262562],[-0.419806,0.907511,0.0136813],[0.0295743,-0.00138824,0.999562]],[[0.907132,0.420026,-0.0262562],[-0.420345,0.901241,-0.105239],[-0.0205402,0.106503,0.9941]]],"btipPosition":[-8.79095,336.328,-62.8337],"carpPosition":[22.2638,309.028,85.3012],"dipPosition":[-9.14178,338.147,-45.8541],"direction":[-0.0295743,0.00138824,-0.999562],"extended":true,"handId":391,"id":3911,"length":58.7895,"mcpPosition":[-4.2488,331.732,20.5648],"pipPosition":[-8.42717,338.113,-21.7016],"stabilizedTipPosition":[-2.32989,310.622,70.9691],"timeVisible":0.677681,"tipPosition":[-9.17312,336.658,-58.5321],"tipVelocity":[14.546,-4.94863,-222.977],"tool":false,"touchDistance":-0.611871,"touchZone":"hovering","type":1,"width":19.3369},{"bases":[[[0.948213,0.288074,-0.133815],[-0.20897,0.883034,0.420217],[0.239216,-0.370492,0.897503]],[[0.940108,0.299733,-0.162346],[-0.316608,0.591309,-0.741696],[-0.126314,0.748674,0.650793]],[[0.940108,0.299733,-0.162346],[0.076677,-0.650001,-0.756055],[-0.33214,0.698326,-0.634054]],[[0.940108,0.299733,-0.162346],[0.263935,-0.941451,-0.20978],[-0.215719,0.154367,-0.964176]]],"btipPosition":[34.7642,283.478,25.4885],"carpPosition":[31.8677,316.465,83.3072],"dipPosition":[30.7116,286.378,7.37521],"direction":[0.33214,-0.698326,0.634054],"extended":false,"handId":391,"id":3912,"length":66.986,"mcpPosition":[15.1831,342.306,20.7094],"pipPosition":[21.2697,306.23,-10.6495],"stabilizedTipPosition":[46.687,267.759,137.799],"timeVisible":0.677681,"tipPosition":[33.9263,283.938,21.6742],"tipVelocity":[-10.167,-9.34955,-235.732],"tool":false,"touchDistance":0.333333,"touchZone":"none","type":2,"width":18.9914},{"bases":[[[0.986117,0.163021,-0.0315756],[-0.132958,0.889099,0.437979],[0.0994737,-0.427701,0.89843]],[[0.982819,0.17535,-0.0576052],[-0.152041,0.592219,-0.791303],[-0.10464,0.786466,0.608704]],[[0.982819,0.17535,-0.0576052],[0.0810958,-0.690622,-0.718654],[-0.1658,0.701636,-0.692977]],[[0.982819,0.17535,-0.0576052],[0.163361,-0.97169,-0.170681],[-0.0859033,0.158338,-0.983641]]],"btipPosition":[47.7124,290.351,35.4289],"carpPosition":[43.0716,321.084,81.314],"dipPosition":[46.1079,293.308,17.0562],"direction":[0.1658,-0.701636,0.692977],"extended":false,"handId":391,"id":3913,"length":64.4088,"mcpPosition":[36.8424,347.867,25.0536],"pipPosition":[41.5163,312.739,-2.1348],"stabilizedTipPosition":[60.4021,275.903,148.819],"timeVisible":0.677681,"tipPosition":[47.342,290.947,31.7062],"tipVelocity":[-8.50356,-12.4473,-227.748],"tool":false,"touchDistance":0.333333,"touchZone":"none","type":3,"width":18.0715},{"bases":[[[0.999325,-0.0367372,0.000690216],[0.0313519,0.862328,0.505378],[-0.0191614,-0.505016,0.862898]],[[0.99921,-0.0146882,-0.036925],[-0.0191355,0.636526,-0.771018],[0.0348286,0.771115,0.635742]],[[0.99921,-0.0146882,-0.036925],[-0.0372001,-0.672531,-0.739133],[-0.0139767,0.739923,-0.672546]],[[0.99921,-0.0146882,-0.036925],[-0.0222116,-0.976918,-0.212455],[-0.0329521,0.213107,-0.976473]]],"btipPosition":[57.5785,302.851,35.9838],"carpPosition":[56.8578,318.974,78.5],"dipPosition":[57.0107,306.523,19.1577],"direction":[0.0139767,-0.739923,0.672546],"extended":false,"handId":391,"id":3914,"length":50.4953,"mcpPosition":[57.9685,348.248,28.48],"pipPosition":[56.7374,320.99,6.00748],"stabilizedTipPosition":[70.4811,288.85,145.643],"timeVisible":0.677681,"tipPosition":[57.5681,303.617,32.1661],"tipVelocity":[-6.88926,-12.8525,-227.426],"tool":false,"touchDistance":0.333333,"touchZone":"none","type":4,"width":16.0525}],"r":[[0.994573,0.103911,0.0052298],[-0.101787,0.961378,0.255718],[0.021544,-0.254863,0.966737]],"s":0.957935,"t":[-57.8877,92.2536,-179.693],"timestamp":521279782326},false],[3,{"currentFrameRate":107.416,"devices":[],"gestures":[],"hands":[{"armBasis":[[0.796653,0.542264,-0.26701],[-0.300832,0.738864,0.602977],[0.524256,-0.400038,0.751748]],"armWidth":63.7005,"confidence":0.845135,"direction":[-0.259711,0.501614,-0.825187],"elbow":[186.891,198.778,286.818],"grabStrength":0,"id":391,"palmNormal":[0.313884,-0.764261,-0.563367],"palmPosition":[25.7608,327.445,37.2411],"palmVelocity":[-7.89747,-15.2191,-203.255],"palmWidth":90.9622,"pinchStrength":0.501163,"r":[[0.994634,0.1032,0.00727136],[-0.101616,0.961331,0.255964],[0.0194253,-0.255329,0.966659]],"s":0.956886,"sphereCenter":[38.9308,303.309,-3.47597],"sphereRadius":48.4484,"stabilizedPalmPosition":[38.3968,311.214,155.774],"t":[-57.9679,92.0329,-181.434],"timeVisible":0.686989,"type":"right","wrist":[45.3847,306.755,83.9078]}],"id":4099481,"interactionBox":{"center":[0,200,0],"size":[235.247,235.247,147.751]},"pointables":[{"bases":[[[0.0360656,0.944559,0.326356],[-0.773996,-0.180177,0.607014],[0.632163,-0.27449,0.724586]],[[-0.180856,0.981631,0.0607661],[-0.768691,-0.179625,0.613881],[0.613519,0.0643135,0.787056]],[[-0.180856,0.981631,0.0607661],[-0.954384,-0.190089,0.230255],[0.237576,-0.0163513,0.971231]],[[-0.180856,0.981631,0.0607661],[-0.740542,-0.0952579,-0.665225],[-0.647216,-0.16531,0.744166]]],"btipPosition":[0.0636852,286.452,-7.9736],"carpPosition":[23.635,285.236,81.8178],"dipPosition":[-15.0789,282.584,9.43726],"direction":[-0.237576,0.0163513,-0.971231],"extended":false,"handId":391,"id":3910,"length":52.1005,"mcpPosition":[23.635,285.236,81.8178],"pipPosition":[-6.98105,282.027,42.5419],"stabilizedTipPosition":[-2.59558,268.675,118.719],"timeVisible":0.686989,"tipPosition":[-4.26371,286.247,-3.93329],"tipVelocity":[12.4783,-19.0834,-220.039],"tool":false,"touchDistance":-0.579866,"touchZone":"hovering","type":0,"width":20.2438},{"bases":[[[0.85668,0.483793,-0.179007],[-0.371136,0.819064,0.437485],[0.35827,-0.308349,0.881228]],[[0.906042,0.422587,-0.0225393],[-0.412662,0.894058,0.174272],[0.0937963,-0.148596,0.98444]],[[0.906042,0.422587,-0.0225393],[-0.422388,0.906319,0.013168],[0.0259924,-0.0024104,0.999659]],[[0.906042,0.422587,-0.0225393],[-0.4225,0.900252,-0.105069],[-0.0241096,0.10472,0.994209]]],"btipPosition":[-8.50982,336.139,-64.557],"carpPosition":[22.0847,308.809,83.6721],"dipPosition":[-8.92162,337.928,-47.5755],"direction":[-0.0259924,0.0024104,-0.999659],"extended":true,"handId":391,"id":3911,"length":58.7895,"mcpPosition":[-4.26508,331.487,18.8603],"pipPosition":[-8.29356,337.87,-23.4207],"stabilizedTipPosition":[-2.32992,310.623,70.9684],"timeVisible":0.686989,"tipPosition":[-8.90811,336.464,-60.2611],"tipVelocity":[18.5436,-9.49098,-212.275],"tool":false,"touchDistance":-0.60486,"touchZone":"hovering","type":1,"width":19.3369},{"bases":[[[0.947841,0.29092,-0.130244],[-0.213005,0.882094,0.420165],[0.237122,-0.370507,0.898052]],[[0.939806,0.302574,-0.158785],[-0.315866,0.591977,-0.74148],[-0.130356,0.747002,0.651916]],[[0.939806,0.302574,-0.158785],[0.0809531,-0.648602,-0.756811],[-0.33198,0.698401,-0.634054]],[[0.939806,0.302574,-0.158785],[0.267373,-0.940504,-0.209675],[-0.21278,0.154599,-0.964792]]],"btipPosition":[34.8516,283.364,23.8182],"carpPosition":[31.674,316.276,81.7178],"dipPosition":[30.8542,286.269,5.69335],"direction":[0.33198,-0.698401,0.634054],"extended":false,"handId":391,"id":3912,"length":66.986,"mcpPosition":[15.1355,342.118,19.0817],"pipPosition":[21.4168,306.123,-12.3314],"stabilizedTipPosition":[46.687,267.759,137.799],"timeVisible":0.686989,"tipPosition":[34.0292,283.825,20.0136],"tipVelocity":[-4.25659,-10.1365,-219.912],"tool":false,"touchDistance":0.333333,"touchZone":"none","type":2,"width":18.9914},{"bases":[[[0.985746,0.165896,-0.0279692],[-0.137074,0.888365,0.438199],[0.0975425,-0.42812,0.898443]],[[0.98253,0.17815,-0.0538177],[-0.151075,0.594656,-0.789659],[-0.108675,0.783994,0.611181]],[[0.98253,0.17815,-0.0538177],[0.0851384,-0.687434,-0.721239],[-0.165485,0.704058,-0.690592]],[[0.98253,0.17815,-0.0538177],[0.166504,-0.970677,-0.173385],[-0.0831282,0.161395,-0.983383]]],"btipPosition":[47.7528,290.208,33.7004],"carpPosition":[42.8714,320.929,79.7678],"dipPosition":[46.2001,293.223,15.3325],"direction":[0.165485,-0.704058,0.690592],"extended":false,"handId":391,"id":3913,"length":64.4088,"mcpPosition":[36.7632,347.738,23.5065],"pipPosition":[41.6173,312.72,-3.79248],"stabilizedTipPosition":[60.402,275.903,148.819],"timeVisible":0.686989,"tipPosition":[47.3971,290.834,30.0135],"tipVelocity":[-4.5122,-12.8597,-215.837],"tool":false,"touchDistance":0.333333,"touchZone":"none","type":3,"width":18.0715},{"bases":[[[0.999418,-0.0338481,0.0041876],[0.0270738,0.862016,0.506157],[-0.0207422,-0.505749,0.862431]],[[0.999369,-0.0117039,-0.0335228],[-0.0183458,0.638129,-0.769711],[0.0304005,0.769841,0.637512]],[[0.999369,-0.0117039,-0.0335228],[-0.0326944,-0.67159,-0.740201],[-0.0138503,0.740831,-0.671549]],[[0.999369,-0.0117039,-0.0335228],[-0.0185882,-0.976855,-0.213094],[-0.0302529,0.213582,-0.976457]]],"btipPosition":[57.5934,302.799,34.4293],"carpPosition":[56.6735,318.861,77.0007],"dipPosition":[57.0721,306.48,17.6034],"direction":[0.0138503,-0.740831,0.671549],"extended":false,"handId":391,"id":3914,"length":50.4953,"mcpPosition":[57.8759,348.178,27.0077],"pipPosition":[56.8013,320.965,4.47273],"stabilizedTipPosition":[70.4811,288.85,145.643],"timeVisible":0.686989,"tipPosition":[57.5886,303.561,30.628],"tipVelocity":[-4.16594,-10.7226,-210.356],"tool":false,"touchDistance":0.333333,"touchZone":"none","type":4,"width":16.0525}],"r":[[0.994634,0.1032,0.00727136],[-0.101616,0.961331,0.255964],[0.0194253,-0.255329,0.966659]],"s":0.956886,"t":[-57.9679,92.0329,-181.434],"timestamp":521279791634},false],[4,{"currentFrameRate":107.709,"devices":[],"gestures":[],"hands":[{"armBasis":[[0.800587,0.538074,-0.263698],[-0.301348,0.741909,0.598967],[0.517928,-0.40006,0.75611]],"armWidth":63.7005,"confidence":0.852668,"direction":[-0.257354,0.503959,-0.824497],"elbow":[185.079,198.656,286.506],"grabStrength":0,"id":391,"palmNormal":[0.312541,-0.763964,-0.564514],"palmPosition":[25.7699,327.475,35.7694],"palmVelocity":[-5.50201,-10.2198,-193.845],"palmWidth":90.9622,"pinchStrength":0.500591,"r":[[0.994732,0.102097,0.00919052],[-0.10103,0.961244,0.256521],[0.0173558,-0.256098,0.966495]],"s":0.956109,"sphereCenter":[39.0009,303.393,-4.98762],"sphereRadius":48.4587,"stabilizedPalmPosition":[38.3968,311.214,155.773],"t":[-58.0035,91.9375,-183.04],"timeVisible":0.695741,"type":"right","wrist":[45.2809,306.639,82.4186]}],"id":4099482,"interactionBox":{"center":[0,200,0],"size":[235.247,235.247,147.751]},"pointables":[{"bases":[[[0.03818,0.943803,0.328296],[-0.775222,-0.179329,0.605699],[0.630533,-0.277628,0.72481]],[[-0.178016,0.982015,0.062905],[-0.770318,-0.178847,0.612065],[0.612307,0.0605003,0.788302]],[[-0.178016,0.982015,0.062905],[-0.955201,-0.187807,0.228734],[0.236434,-0.0193688,0.971455]],[[-0.178016,0.982015,0.062905],[-0.740992,-0.0917119,-0.665222],[-0.647489,-0.165032,0.743991]]],"btipPosition":[0.0109989,286.685,-9.59849],"carpPosition":[23.4765,285.183,80.2586],"dipPosition":[-15.1379,282.824,7.80826],"direction":[-0.236434,0.0193688,-0.971455],"extended":false,"handId":391,"id":3910,"length":52.1005,"mcpPosition":[23.4765,285.183,80.2586],"pipPosition":[-7.07905,282.163,40.9205],"stabilizedTipPosition":[-2.59558,268.675,118.719],"timeVisible":0.695741,"tipPosition":[-4.28738,286.444,-5.54647],"tipVelocity":[7.47336,-6.77784,-210.85],"tool":false,"touchDistance":-0.5746,"touchZone":"hovering","type":0,"width":20.2438},{"bases":[[[0.858187,0.481864,-0.176981],[-0.369491,0.819172,0.438673],[0.356358,-0.31107,0.881047]],[[0.907234,0.420132,-0.020392],[-0.410551,0.895009,0.174375],[0.0915115,-0.149827,0.984468]],[[0.907234,0.420132,-0.020392],[-0.419904,0.907451,0.0146108],[0.0246432,-0.0046927,0.999685]],[[0.907234,0.420132,-0.020392],[-0.4199,0.901751,-0.102611],[-0.0247216,0.101655,0.994513]]],"btipPosition":[-8.32596,336.446,-66.0645],"carpPosition":[21.9867,308.756,82.1583],"dipPosition":[-8.74821,338.183,-49.0778],"direction":[-0.0246432,0.0046927,-0.999685],"extended":true,"handId":391,"id":3911,"length":58.7895,"mcpPosition":[-4.2224,331.634,17.3598],"pipPosition":[-8.15276,338.069,-24.9224],"stabilizedTipPosition":[-2.32994,310.623,70.9678],"timeVisible":0.695741,"tipPosition":[-8.72986,336.77,-61.7736],"tipVelocity":[19.1307,2.0989,-201.505],"tool":false,"touchDistance":-0.595302,"touchZone":"hovering","type":1,"width":19.3369},{"bases":[[[0.948773,0.288651,-0.128494],[-0.211172,0.881815,0.421673],[0.235024,-0.372938,0.897597]],[[0.940812,0.300375,-0.156999],[-0.313347,0.594304,-0.740686],[-0.129178,0.746041,0.65325]],[[0.940812,0.300375,-0.156999],[0.0802531,-0.647473,-0.757851],[-0.329292,0.700395,-0.633256]],[[0.940812,0.300375,-0.156999],[0.265197,-0.940851,-0.210879],[-0.211055,0.156762,-0.964822]]],"btipPosition":[34.7567,283.408,22.2765],"carpPosition":[31.5983,316.201,80.2308],"dipPosition":[30.7917,286.353,4.15112],"direction":[0.329292,-0.700395,0.633256],"extended":false,"handId":391,"id":3912,"length":66.986,"mcpPosition":[15.2062,342.212,17.6264],"pipPosition":[21.4307,306.264,-13.8509],"stabilizedTipPosition":[46.687,267.759,137.798],"timeVisible":0.695741,"tipPosition":[33.9403,283.877,18.4632],"tipVelocity":[-5.79477,-5.79447,-208.182],"tool":false,"touchDistance":0.333333,"touchZone":"none","type":2,"width":18.9914},{"bases":[[[0.986219,0.163322,-0.0264237],[-0.135247,0.887847,0.439814],[0.0952914,-0.430179,0.8977]],[[0.983089,0.175564,-0.0520988],[-0.148486,0.597657,-0.787882],[-0.107186,0.782294,0.613619]],[[0.983089,0.175564,-0.0520988],[0.0840951,-0.685509,-0.723191],[-0.16268,0.70658,-0.68868]],[[0.983089,0.175564,-0.0520988],[0.164053,-0.970713,-0.175505],[-0.0813853,0.16399,-0.983099]]],"btipPosition":[47.6562,290.194,32.1159],"carpPosition":[42.8105,320.828,78.3039],"dipPosition":[46.136,293.257,13.7533],"direction":[0.16268,-0.70658,0.68868],"extended":false,"handId":391,"id":3913,"length":64.4088,"mcpPosition":[36.8433,347.766,22.0891],"pipPosition":[41.6309,312.824,-5.31873],"stabilizedTipPosition":[60.402,275.903,148.819],"timeVisible":0.695741,"tipPosition":[47.311,290.829,28.4345],"tipVelocity":[-6.0342,-9.50834,-206.471],"tool":false,"touchDistance":0.333333,"touchZone":"none","type":3,"width":18.0715},{"bases":[[[0.999319,-0.0365226,0.00534857],[0.0287462,0.860924,0.50792],[-0.0231553,-0.50742,0.861387]],[[0.99938,-0.0144175,-0.032123],[-0.0155026,0.638961,-0.769083],[0.0316136,0.769104,0.638341]],[[0.99938,-0.0144175,-0.032123],[-0.0334875,-0.671067,-0.74064],[-0.0108785,0.741257,-0.671133]],[[0.99938,-0.0144175,-0.032123],[-0.0209637,-0.976638,-0.213866],[-0.0282892,0.214406,-0.976335]]],"btipPosition":[57.5354,302.768,32.9991],"carpPosition":[56.6105,318.729,75.5496],"dipPosition":[57.048,306.462,16.1754],"direction":[0.0108785,-0.741257,0.671133],"extended":false,"handId":391,"id":3914,"length":50.4953,"mcpPosition":[57.9527,348.142,25.6172],"pipPosition":[56.8352,320.956,3.05284],"stabilizedTipPosition":[70.4811,288.85,145.643],"timeVisible":0.695741,"tipPosition":[57.536,303.53,29.1763],"tipVelocity":[-4.58736,-8.72109,-197.752],"tool":false,"touchDistance":0.333333,"touchZone":"none","type":4,"width":16.0525}],"r":[[0.994732,0.102097,0.00919052],[-0.10103,0.961244,0.256521],[0.0173558,-0.256098,0.966495]],"s":0.956109,"t":[-58.0035,91.9375,-183.04],"timestamp":521279800386},false],[5,{"currentFrameRate":107.76,"devices":[],"gestures":[],"hands":[{"armBasis":[[0.797862,0.538453,-0.27108],[-0.304273,0.747886,0.589987],[0.520418,-0.388246,0.760546]],"armWidth":63.7005,"confidence":0.845066,"direction":[-0.253766,0.508942,-0.822545],"elbow":[185.648,200.574,285.468],"grabStrength":0,"id":391,"palmNormal":[0.311355,-0.762142,-0.567625],"palmPosition":[25.8451,326.502,33.594],"palmVelocity":[-1.67648,-36.9351,-205.831],"palmWidth":90.9622,"pinchStrength":0.503028,"r":[[0.994868,0.100549,0.0112911],[-0.100051,0.96098,0.257888],[0.01508,-0.257694,0.966109]],"s":0.955335,"sphereCenter":[39.2744,302.619,-7.26024],"sphereRadius":48.4736,"stabilizedPalmPosition":[38.3968,311.214,155.773],"t":[-57.9837,91.4037,-184.931],"timeVisible":0.70493,"type":"right","wrist":[45.1783,305.368,80.183]}],"id":4099483,"interactionBox":{"center":[0,200,0],"size":[235.247,235.247,147.751]},"pointables":[{"bases":[[[0.040507,0.94201,0.333132],[-0.777224,-0.179818,0.602983],[0.627919,-0.283344,0.724869]],[[-0.174085,0.982341,0.0685578],[-0.77386,-0.179528,0.60738],[0.608962,0.0526818,0.791448]],[[-0.174085,0.982341,0.0685578],[-0.957022,-0.185176,0.2232],[0.231954,-0.0267555,0.972359]],[[-0.174085,0.982341,0.0685578],[-0.739449,-0.0844285,-0.667898],[-0.650315,-0.166966,0.741089]]],"btipPosition":[0.228957,286.184,-12.1127],"carpPosition":[23.3087,283.995,77.8643],"dipPosition":[-14.9861,282.278,5.22612],"direction":[-0.231954,0.0267555,-0.972359],"extended":false,"handId":391,"id":3910,"length":52.1005,"mcpPosition":[23.3087,283.995,77.8643],"pipPosition":[-7.07992,281.366,38.3691],"stabilizedTipPosition":[-2.59558,268.675,118.719],"timeVisible":0.70493,"tipPosition":[-4.08665,285.828,-8.04856],"tipVelocity":[11.5509,-20.4221,-228.864],"tool":false,"touchDistance":-0.583421,"touchZone":"hovering","type":0,"width":20.2438},{"bases":[[[0.860176,0.479919,-0.172555],[-0.367829,0.818168,0.441931],[0.35327,-0.316667,0.880297]],[[0.908701,0.417143,-0.0159464],[-0.408009,0.895583,0.177371],[0.0882704,-0.154671,0.984015]],[[0.908701,0.417143,-0.0159464],[-0.416847,0.908779,0.0189488],[0.0223961,-0.0105716,0.999693]],[[0.908701,0.417143,-0.0159464],[-0.416626,0.903853,-0.0973253],[-0.0261854,0.0950833,0.995125]]],"btipPosition":[-7.97518,336.128,-68.2796],"carpPosition":[21.8919,307.563,79.8791],"dipPosition":[-8.42244,337.752,-51.2825],"direction":[-0.0223961,0.0105716,-0.999693],"extended":true,"handId":391,"id":3911,"length":58.7895,"mcpPosition":[-4.09013,330.853,15.1359],"pipPosition":[-7.88128,337.496,-27.1269],"stabilizedTipPosition":[-2.32996,310.623,70.9674],"timeVisible":0.70493,"tipPosition":[-8.38267,336.417,-63.993],"tipVelocity":[24.2773,-8.96724,-212.486],"tool":false,"touchDistance":-0.597296,"touchZone":"hovering","type":1,"width":19.3369},{"bases":[[[0.950014,0.286167,-0.12483],[-0.209265,0.880375,0.425615],[0.231695,-0.378218,0.896253]],[[0.942182,0.298025,-0.153209],[-0.309582,0.599134,-0.738375],[-0.128262,0.743115,0.656757]],[[0.942182,0.298025,-0.153209],[0.0797241,-0.643432,-0.761341],[-0.325478,0.705107,-0.62999]],[[0.942182,0.298025,-0.153209],[0.26239,-0.940504,-0.21588],[-0.208431,0.163198,-0.964325]]],"btipPosition":[34.721,282.448,19.8799],"carpPosition":[31.5323,314.986,78.0116],"dipPosition":[30.8054,285.514,1.76384],"direction":[0.325478,-0.705107,0.62999],"extended":false,"handId":391,"id":3912,"length":66.986,"mcpPosition":[15.3724,341.366,15.5009],"pipPosition":[21.5528,305.558,-16.1453],"stabilizedTipPosition":[46.6869,267.759,137.798],"timeVisible":0.70493,"tipPosition":[33.9115,282.957,16.0667],"tipVelocity":[-4.91526,-32.5392,-222.825],"tool":false,"touchDistance":0.333333,"touchZone":"none","type":2,"width":18.9914},{"bases":[[[0.986809,0.160204,-0.0233059],[-0.133363,0.886065,0.443963],[0.0917752,-0.434998,0.895742]],[[0.98379,0.172544,-0.0488406],[-0.144571,0.602015,-0.785288],[-0.106094,0.77962,0.617201]],[[0.98379,0.172544,-0.0488406],[0.0836631,-0.682536,-0.726047],[-0.158611,0.710192,-0.685908]],[[0.98379,0.172544,-0.0488406],[0.161308,-0.97048,-0.179299],[-0.0783358,0.168514,-0.982581]]],"btipPosition":[47.6115,289.188,29.8222],"carpPosition":[42.7641,319.586,76.1341],"dipPosition":[46.1483,292.336,11.4693],"direction":[0.158611,-0.710192,0.685908],"extended":false,"handId":391,"id":3913,"length":64.4088,"mcpPosition":[37.0171,346.826,20.0419],"pipPosition":[41.7559,312.004,-7.52595],"stabilizedTipPosition":[60.402,275.903,148.818],"timeVisible":0.70493,"tipPosition":[47.2799,289.835,26.1237],"tipVelocity":[-5.30783,-36.8396,-218.458],"tool":false,"touchDistance":0.333333,"touchZone":"none","type":3,"width":18.0715},{"bases":[[[0.999178,-0.0398396,0.00749013],[0.0303804,0.85826,0.512314],[-0.0268389,-0.511666,0.858765]],[[0.999402,-0.0176175,-0.029751],[-0.0114212,0.643947,-0.764985],[0.0326351,0.764867,0.643361]],[[0.999402,-0.0176175,-0.029751],[-0.0339191,-0.666473,-0.744757],[-0.0067075,0.745321,-0.666672]],[[0.999402,-0.0176175,-0.029751],[-0.0237174,-0.97541,-0.219119],[-0.0251591,0.219693,-0.975244]]],"btipPosition":[57.5304,301.719,30.7194],"carpPosition":[56.5635,317.455,73.4014],"dipPosition":[57.0969,305.505,13.9145],"direction":[0.0067075,-0.745321,0.666672],"extended":false,"handId":391,"id":3914,"length":50.4953,"mcpPosition":[58.1193,347.115,23.6209],"pipPosition":[56.9657,320.078,0.879167],"stabilizedTipPosition":[70.4811,288.85,145.643],"timeVisible":0.70493,"tipPosition":[57.5412,302.5,26.9201],"tipVelocity":[-3.08081,-37.5329,-211.688],"tool":false,"touchDistance":0.333333,"touchZone":"none","type":4,"width":16.0525}],"r":[[0.994868,0.100549,0.0112911],[-0.100051,0.96098,0.257888],[0.01508,-0.257694,0.966109]],"s":0.955335,"t":[-57.9837,91.4037,-184.931],"timestamp":521279809575},false],[6,{"currentFrameRate":107.962,"devices":[],"gestures":[],"hands":[{"armBasis":[[0.794532,0.541574,-0.274621],[-0.306094,0.747808,0.589143],[0.524428,-0.384033,0.75993]],"armWidth":63.7005,"confidence":0.848467,"direction":[-0.252708,0.510615,-0.821834],"elbow":[186.671,201.166,283.964],"grabStrength":0,"id":391,"palmNormal":[0.312505,-0.760802,-0.568789],"palmPosition":[25.8478,326.05,32.2729],"palmVelocity":[-1.13922,-40.7195,-190.243],"palmWidth":90.9622,"pinchStrength":0.502025,"r":[[0.994961,0.0993776,0.0133155],[-0.0994215,0.960648,0.259366],[0.0129837,-0.259383,0.965687]],"s":0.95469,"sphereCenter":[39.5088,302.269,-8.63021],"sphereRadius":48.5022,"stabilizedPalmPosition":[38.3967,311.214,155.773],"t":[-57.9725,90.9105,-186.537],"timeVisible":0.713826,"type":"right","wrist":[45.1181,304.823,78.8457]}],"id":4099484,"interactionBox":{"center":[0,200,0],"size":[235.247,235.247,147.751]},"pointables":[{"bases":[[[0.0396445,0.941306,0.335219],[-0.778072,-0.181406,0.601412],[0.626923,-0.284667,0.725212]],[[-0.170737,0.982424,0.0754426],[-0.775422,-0.181212,0.604883],[0.607922,0.0447758,0.792733]],[[-0.170737,0.982424,0.0754426],[-0.957751,-0.183457,0.221488],[0.231436,-0.0344391,0.97224]],[[-0.170737,0.982424,0.0754426],[-0.740867,-0.0775233,-0.667162],[-0.649588,-0.169802,0.741082]]],"btipPosition":[0.232964,286.359,-13.5892],"carpPosition":[23.2602,283.446,76.4478],"dipPosition":[-14.9651,282.386,3.74954],"direction":[-0.231436,0.0344391,-0.97224],"extended":false,"handId":391,"id":3910,"length":52.1005,"mcpPosition":[23.2602,283.446,76.4478],"pipPosition":[-7.07656,281.212,36.8885],"stabilizedTipPosition":[-2.59558,268.675,118.719],"timeVisible":0.713826,"tipPosition":[-3.96535,285.738,-9.52039],"tipVelocity":[8.65238,-10.009,-211.764],"tool":false,"touchDistance":-0.575559,"touchZone":"hovering","type":0,"width":20.2438},{"bases":[[[0.860256,0.480612,-0.170214],[-0.368809,0.817078,0.443129],[0.352051,-0.318428,0.88015]],[[0.908597,0.417454,-0.0135247],[-0.408622,0.895148,0.178154],[0.0864775,-0.156343,0.98391]],[[0.908597,0.417454,-0.0135247],[-0.417147,0.908602,0.0207651],[0.0209571,-0.0132253,0.999693]],[[0.908597,0.417454,-0.0135247],[-0.416778,0.904057,-0.0947525],[-0.0273277,0.0917287,0.995409]]],"btipPosition":[-7.81479,335.897,-69.6371],"carpPosition":[21.8313,307.01,78.5112],"dipPosition":[-8.28155,337.464,-52.6351],"direction":[-0.0209571,0.0132253,-0.999693],"extended":true,"handId":391,"id":3911,"length":58.7895,"mcpPosition":[-4.06102,330.429,13.7787],"pipPosition":[-7.77517,337.144,-28.4795],"stabilizedTipPosition":[-2.32998,310.623,70.967],"timeVisible":0.713826,"tipPosition":[-8.22533,336.17,-65.3538],"tipVelocity":[22.4417,-13.9818,-196.168],"tool":false,"touchDistance":-0.586245,"touchZone":"hovering","type":1,"width":19.3369},{"bases":[[[0.950094,0.286791,-0.12277],[-0.210244,0.879379,0.427189],[0.230475,-0.380058,0.895788]],[[0.942354,0.298632,-0.150955],[-0.30868,0.601675,-0.736685],[-0.129172,0.740814,0.659173]],[[0.942354,0.298632,-0.150955],[0.0805651,-0.640345,-0.763851],[-0.324774,0.707656,-0.627491]],[[0.942354,0.298632,-0.150955],[0.262668,-0.939661,-0.219186],[-0.207302,0.1669,-0.963935]]],"btipPosition":[34.7482,281.999,18.3802],"carpPosition":[31.4718,314.44,76.6743],"dipPosition":[30.8538,285.134,0.271442],"direction":[0.324773,-0.707656,0.627491],"extended":false,"handId":391,"id":3912,"length":66.986,"mcpPosition":[15.3969,340.948,14.196],"pipPosition":[21.6212,305.251,-17.5667],"stabilizedTipPosition":[46.6869,267.759,137.798],"timeVisible":0.713826,"tipPosition":[33.9444,282.541,14.5891],"tipVelocity":[-2.59909,-36.914,-208.026],"tool":false,"touchDistance":0.333333,"touchZone":"none","type":2,"width":18.9914},{"bases":[[[0.986782,0.160624,-0.0214607],[-0.134373,0.885058,0.445664],[0.0905782,-0.43689,0.894943]],[[0.983807,0.172984,-0.046905],[-0.143502,0.603448,-0.784383],[-0.107381,0.778413,0.6185]],[[0.983807,0.172984,-0.046905],[0.0851258,-0.681276,-0.72706],[-0.157725,0.711294,-0.68497]],[[0.983807,0.172984,-0.046905],[0.161962,-0.970114,-0.180685],[-0.0767589,0.170163,-0.982422]]],"btipPosition":[47.6306,288.762,28.4749],"carpPosition":[42.7047,319.048,74.8237],"dipPosition":[46.1969,291.94,10.125],"direction":[0.157725,-0.711294,0.68497],"extended":false,"handId":391,"id":3913,"length":64.4088,"mcpPosition":[37.0326,346.407,18.7816],"pipPosition":[41.8289,311.638,-8.84429],"stabilizedTipPosition":[60.402,275.903,148.818],"timeVisible":0.713826,"tipPosition":[47.3059,289.413,24.7579],"tipVelocity":[-3.07421,-39.6422,-200.219],"tool":false,"touchDistance":0.333333,"touchZone":"none","type":3,"width":18.0715},{"bases":[[[0.99918,-0.0394811,0.00892382],[0.0292772,0.857168,0.514205],[-0.0279506,-0.513522,0.857621]],[[0.999453,-0.0172006,-0.0282328],[-0.0104618,0.645549,-0.763647],[0.0313608,0.763525,0.645016]],[[0.999453,-0.0172006,-0.0282328],[-0.0325217,-0.664998,-0.746136],[-0.00594076,0.746647,-0.665194]],[[0.999453,-0.0172006,-0.0282328],[-0.0230244,-0.974985,-0.221073],[-0.023724,0.221602,-0.974849]]],"btipPosition":[57.5457,301.289,29.3976],"carpPosition":[56.5091,316.928,72.1075],"dipPosition":[57.1369,305.107,12.5995],"direction":[0.00594076,-0.746647,0.665194],"extended":false,"handId":391,"id":3914,"length":50.4953,"mcpPosition":[58.1293,346.696,22.3933],"pipPosition":[57.0208,319.706,-0.406949],"stabilizedTipPosition":[70.4811,288.85,145.643],"timeVisible":0.713826,"tipPosition":[57.5614,302.076,25.5976],"tipVelocity":[-1.60133,-40.2473,-194.4