{"sensorType":"Leap","data":[[0,{"currentFrameRate":105.471,"devices":[],"gestures":[],"hands":[{"armBasis":[[0.786495,0.522356,-0.329499],[-0.249306,0.756644,0.604431],[0.565042,-0.393235,0.725323]],"armWidth":63.7005,"confidence":0.752696,"direction":[-0.21761,0.426777,-0.877786],"elbow":[213.858,202.249,289.868],"grabStrength":0,"id":398,"palmNormal":[0.286071,-0.831953,-0.475413],"palmPosition":[43.72,325.134,45.101],"palmVelocity":[1.91845,-10.1137,-150.982],"palmWidth":90.9622,"pinchStrength":0.568508,"r":[[0.982516,-0.17577,-0.0613863],[0.166904,0.977639,-0.127927],[0.0824994,0.115445,0.989882]],"s":0.937543,"sphereCenter":[50.8669,294.381,7.61923],"sphereRadius":47.5313,"stabilizedPalmPosition":[59.7145,302.668,188.855],"t":[-23.4179,36.6333,-161.289],"timeVisible":1.48265,"type":"right","wrist":[61.3431,308.39,94.0908]}],"id":4102949,"interactionBox":{"center":[0,200,0],"size":[235.247,235.247,147.751]},"pointables":[{"bases":[[[0.077173,0.970075,0.230215],[-0.79402,-0.0798456,0.602624],[0.602973,-0.229302,0.764097]],[[-0.178651,0.97821,-0.105782],[-0.734043,-0.0609178,0.676365],[0.655183,0.198482,0.728931]],[[-0.178651,0.97821,-0.105782],[-0.967604,-0.155178,0.199152],[0.178397,0.137934,0.974243]],[[-0.178651,0.97821,-0.105782],[-0.585016,-0.19205,-0.787955],[-0.791101,-0.0788848,0.606578]]],"btipPosition":[18.3144,275.083,9.86648],"carpPosition":[38.5813,287.843,93.6409],"dipPosition":[-0.194528,273.237,24.0583],"direction":[-0.178397,-0.137934,-0.974243],"extended":false,"handId":398,"id":3980,"length":52.1005,"mcpPosition":[38.5813,287.843,93.6409],"pipPosition":[5.88617,277.939,57.2655],"stabilizedTipPosition":[20.2089,270.246,90.0175],"timeVisible":1.48265,"tipPosition":[14.2637,274.656,13.4545],"tipVelocity":[-5.51322,-4.58068,-162.83],"tool":false,"touchDistance":-0.458256,"touchZone":"touching","type":0,"width":20.2438},{"bases":[[[0.883387,0.421187,-0.205498],[-0.337971,0.876327,0.343258],[0.324659,-0.233778,0.916485]],[[0.932271,0.361718,-0.00554419],[-0.361407,0.931928,0.0299107],[0.015986,-0.0258812,0.999537]],[[0.932271,0.361718,-0.00554419],[-0.360445,0.927467,-0.0994183],[-0.0308193,0.0946832,0.99503]],[[0.932271,0.361718,-0.00554419],[-0.356027,0.91467,-0.191372],[-0.0641517,0.180385,0.981502]]],"btipPosition":[15.4617,324.466,-58.0728],"carpPosition":[38.1856,311.53,93.0688],"dipPosition":[14.366,327.547,-41.3084],"direction":[0.0308193,-0.0946832,-0.99503],"extended":true,"handId":398,"id":3981,"length":58.7895,"mcpPosition":[14.3079,328.724,25.6639],"pipPosition":[13.6213,329.835,-17.2655],"stabilizedTipPosition":[13.1748,320.039,12.5664],"timeVisible":1.48265,"tipPosition":[15.2772,324.743,-54.1817],"tipVelocity":[14.2777,-0.273773,-154.692],"tool":false,"touchDistance":-0.446472,"touchZone":"touching","type":1,"width":19.3369},{"bases":[[[0.963713,0.230125,-0.135274],[-0.176548,0.929573,0.323613],[0.200219,-0.287988,0.93647]],[[0.956666,0.2394,-0.165761],[-0.265466,0.483132,-0.834333],[-0.119655,0.842182,0.525749]],[[0.956666,0.2394,-0.165761],[0.0209618,-0.624405,-0.780819],[-0.290431,0.743509,-0.602366]],[[0.956666,0.2394,-0.165761],[0.169629,-0.920884,-0.350996],[-0.236675,0.307668,-0.921588]]],"btipPosition":[52.68,270.877,34.3987],"carpPosition":[48.1764,318.288,90.6108],"dipPosition":[48.2337,276.656,17.0855],"direction":[0.290431,-0.743509,0.602366],"extended":false,"handId":398,"id":3982,"length":66.986,"mcpPosition":[34.2118,338.374,25.2952],"pipPosition":[39.9775,297.793,-0.0383929],"stabilizedTipPosition":[63.4873,258.965,129.11],"timeVisible":1.48265,"tipPosition":[51.6716,271.868,30.3357],"tipVelocity":[-6.80136,-7.86308,-152.495],"tool":false,"touchDistance":0.333333,"touchZone":"none","type":2,"width":18.9914},{"bases":[[[0.993222,0.114503,-0.0199982],[-0.100772,0.933985,0.342809],[0.0579306,-0.33847,0.939192]],[[0.991629,0.122246,-0.0415616],[-0.0972057,0.494944,-0.863471],[-0.084985,0.860283,0.502684]],[[0.991629,0.122246,-0.0415616],[0.046813,-0.640378,-0.766632],[-0.120333,0.758269,-0.640741]],[[0.991629,0.122246,-0.0415616],[0.101661,-0.937651,-0.332378],[-0.0796021,0.325371,-0.94223]]],"btipPosition":[64.6184,277.866,42.5586],"carpPosition":[59.6309,322.173,88.4809],"dipPosition":[63.1316,283.944,24.9594],"direction":[0.120333,-0.758269,0.640741],"extended":false,"handId":398,"id":3983,"length":64.4088,"mcpPosition":[56.0032,343.368,29.6678],"pipPosition":[59.7991,304.943,7.21499],"stabilizedTipPosition":[77.6775,265.443,137.823],"timeVisible":1.48265,"tipPosition":[64.3026,278.874,38.6631],"tipVelocity":[-5.858,-8.62604,-161.982],"tool":false,"touchDistance":0.333333,"touchZone":"none","type":3,"width":18.0715},{"bases":[[[0.996157,-0.0813466,0.0324723],[0.060454,0.906827,0.417145],[-0.0633801,-0.413579,0.90826]],[[0.979489,-0.13437,0.150154],[0.198225,0.508801,-0.837752],[0.0361698,0.850333,0.525001]],[[0.979489,-0.13437,0.150154],[0.0334585,-0.626385,-0.778795],[0.198701,0.767845,-0.609042]],[[0.979489,-0.13437,0.150154],[-0.0694506,-0.924657,-0.374414],[0.189151,0.356306,-0.915023]]],"btipPosition":[68.6143,291.934,42.7495],"carpPosition":[73.3634,319.171,86.2812],"dipPosition":[71.8736,298.073,26.9822],"direction":[-0.198701,-0.767845,0.609042],"extended":false,"handId":398,"id":3984,"length":50.4953,"mcpPosition":[77.0374,343.145,33.6317],"pipPosition":[75.7588,313.087,15.0737],"stabilizedTipPosition":[80.5459,280.64,136.802],"timeVisible":1.48265,"tipPosition":[69.2872,292.994,39.0409],"tipVelocity":[-2.13231,-11.1877,-148.533],"tool":false,"touchDistance":0.333333,"touchZone":"none","type":4,"width":16.0525}],"r":[[0.982516,-0.17577,-0.0613863],[0.166904,0.977639,-0.127927],[0.0824994,0.115445,0.989882]],"s":0.937543,"t":[-23.4179,36.6333,-161.289],"timestamp":521316499685},false],[1,{"currentFrameRate":105.818,"devices":[],"gestures":[],"hands":[{"armBasis":[[0.785975,0.520191,-0.334133],[-0.247818,0.760199,0.60057],[0.566419,-0.389228,0.72641]],"armWidth":63.7005,"confidence":0.764771,"direction":[-0.215038,0.428131,-0.87776],"elbow":[214.134,203.06,288.992],"grabStrength":0,"id":398,"palmNormal":[0.282862,-0.832957,-0.475575],"palmPosition":[43.7379,324.963,43.9248],"palmVelocity":[1.94938,-12.6455,-146.277],"palmWidth":90.9622,"pinchStrength":0.574079,"r":[[0.982266,-0.177497,-0.0604079],[0.168799,0.977411,-0.127177],[0.0816169,0.114724,0.990039]],"s":0.937131,"sphereCenter":[50.963,294.221,6.40452],"sphereRadius":47.5299,"stabilizedPalmPosition":[59.7136,302.669,188.846],"t":[-23.4138,36.5074,-162.727],"timeVisible":1.49146,"type":"right","wrist":[61.248,308.119,92.9211]}],"id":4102950,"interactionBox":{"center":[0,200,0],"size":[235.247,235.247,147.751]},"pointables":[{"bases":[[[0.0811787,0.969623,0.230743],[-0.794855,-0.0766962,0.601933],[0.601345,-0.232271,0.764483]],[[-0.174565,0.978947,-0.10578],[-0.736819,-0.0586094,0.673545],[0.653165,0.195518,0.731538]],[[-0.174565,0.978947,-0.10578],[-0.968423,-0.151275,0.198174],[0.178,0.137034,0.974442]],[[-0.174565,0.978947,-0.10578],[-0.585544,-0.189579,-0.788162],[-0.791622,-0.0756469,0.60631]]],"btipPosition":[18.2575,275.013,8.53761],"carpPosition":[38.398,287.671,92.4426],"dipPosition":[-0.263641,273.243,22.7231],"direction":[-0.178,-0.137034,-0.974442],"extended":false,"handId":398,"id":3980,"length":52.1005,"mcpPosition":[38.398,287.671,92.4426],"pipPosition":[5.80352,277.914,55.9372],"stabilizedTipPosition":[20.2088,270.247,90.0159],"timeVisible":1.49146,"tipPosition":[14.15,274.613,12.1469],"tipVelocity":[-5.85468,-4.9397,-159.65],"tool":false,"touchDistance":-0.460719,"touchZone":"touching","type":0,"width":20.2438},{"bases":[[[0.885369,0.417459,-0.20457],[-0.33446,0.877618,0.3434],[0.32289,-0.235616,0.916639]],[[0.933819,0.357715,-0.00469533],[-0.357419,0.933447,0.0304566],[0.0152776,-0.0267627,0.999525]],[[0.933819,0.357715,-0.00469533],[-0.356396,0.929076,-0.098997],[-0.0310504,0.0941186,0.995077]],[[0.933819,0.357715,-0.00469533],[-0.351967,0.916306,-0.191056],[-0.0640413,0.180064,0.981568]]],"btipPosition":[15.5456,324.488,-59.2731],"carpPosition":[38.1052,311.359,91.8815],"dipPosition":[14.4517,327.563,-42.5076],"direction":[0.0310504,-0.0941186,-0.995077],"extended":true,"handId":398,"id":3981,"length":58.7895,"mcpPosition":[14.3576,328.688,24.4654],"pipPosition":[13.7014,329.838,-18.4635],"stabilizedTipPosition":[13.175,320.039,12.562],"timeVisible":1.49146,"tipPosition":[15.3642,324.765,-55.3824],"tipVelocity":[13.0085,0.42313,-149.719],"tool":false,"touchDistance":-0.448159,"touchZone":"touching","type":1,"width":19.3369},{"bases":[[[0.964811,0.226018,-0.134372],[-0.172792,0.930174,0.323913],[0.198199,-0.289296,0.936496]],[[0.957701,0.235496,-0.165381],[-0.263802,0.48887,-0.831513],[-0.114968,0.839969,0.530316]],[[0.957701,0.235496,-0.165381],[0.0175635,-0.621469,-0.783242],[-0.287229,0.747206,-0.599318]],[[0.957701,0.235496,-0.165381],[0.165605,-0.921034,-0.35252],[-0.235338,0.310221,-0.921075]]],"btipPosition":[52.4296,270.709,32.9047],"carpPosition":[48.1271,318.075,89.4351],"dipPosition":[48.0085,276.537,15.6012],"direction":[0.287229,-0.747206,0.599318],"extended":false,"handId":398,"id":3982,"length":66.986,"mcpPosition":[34.3034,338.253,24.1176],"pipPosition":[39.8432,297.778,-1.43606],"stabilizedTipPosition":[63.4871,258.965,129.109],"timeVisible":1.49146,"tipPosition":[51.44,271.725,28.9603],"tipVelocity":[-12.4547,-10.5418,-157.042],"tool":false,"touchDistance":0.333333,"touchZone":"none","type":2,"width":18.9914},{"bases":[[[0.993724,0.110215,-0.0191269],[-0.097013,0.934249,0.343173],[0.055692,-0.339164,0.939077]],[[0.992162,0.118063,-0.0409351],[-0.094726,0.496967,-0.862584],[-0.0814961,0.8597,0.504255]],[[0.992162,0.118063,-0.0409351],[0.0445377,-0.640189,-0.766925],[-0.116752,0.759091,-0.64043]],[[0.992162,0.118063,-0.0409351],[0.0979594,-0.938254,-0.331788],[-0.0775795,0.325177,-0.942465]]],"btipPosition":[64.435,277.655,41.3269],"carpPosition":[59.6001,321.912,87.3164],"dipPosition":[62.986,283.729,23.7232],"direction":[0.116752,-0.759091,0.64043],"extended":false,"handId":398,"id":3983,"length":64.4088,"mcpPosition":[56.1126,343.15,28.5105],"pipPosition":[59.7527,304.751,5.98749],"stabilizedTipPosition":[77.6774,265.443,137.822],"timeVisible":1.49146,"tipPosition":[64.1247,278.66,37.4444],"tipVelocity":[-9.62629,-12.7819,-156.044],"tool":false,"touchDistance":0.333333,"touchZone":"none","type":3,"width":18.0715},{"bases":[[[0.995768,-0.0856707,0.0332522],[0.0640322,0.906359,0.417628],[-0.065917,-0.413732,0.908009]],[[0.978802,-0.138621,0.15077],[0.201099,0.510965,-0.835748],[0.0388144,0.848351,0.52801]],[[0.978802,-0.138621,0.15077],[0.0315981,-0.625121,-0.779888],[0.202358,0.768119,-0.60749]],[[0.978802,-0.138621,0.15077],[-0.0732101,-0.924311,-0.374552],[0.191279,0.355574,-0.914866]]],"btipPosition":[68.5176,291.7,41.4699],"carpPosition":[73.3213,318.851,85.1266],"dipPosition":[71.8136,297.827,25.7054],"direction":[-0.202358,-0.768119,0.60749],"extended":false,"handId":398,"id":3984,"length":50.4953,"mcpPosition":[77.1423,342.834,32.4915],"pipPosition":[75.7703,312.846,13.8273],"stabilizedTipPosition":[80.5457,280.64,136.8],"timeVisible":1.49146,"tipPosition":[69.1914,292.76,37.8075],"tipVelocity":[-4.25961,-15.4023,-147.634],"tool":false,"touchDistance":0.333333,"touchZone":"none","type":4,"width":16.0525}],"r":[[0.982266,-0.177497,-0.0604079],[0.168799,0.977411,-0.127177],[0.0816169,0.114724,0.990039]],"s":0.937131,"t":[-23.4138,36.5074,-162.727],"timestamp":521316508493},false],[2,{"currentFrameRate":106.11,"devices":[],"gestures":[],"hands":[{"armBasis":[[0.783845,0.520186,-0.339107],[-0.247068,0.762283,0.598233],[0.569687,-0.385139,0.726033]],"armWidth":63.7005,"confidence":0.77307,"direction":[-0.213327,0.428915,-0.877795],"elbow":[214.958,204.039,288.134],"grabStrength":0,"id":398,"palmNormal":[0.28109,-0.833541,-0.475603],"palmPosition":[43.7569,324.896,43.1605],"palmVelocity":[2.00087,-11.2401,-129.904],"palmWidth":90.9622,"pinchStrength":0.578454,"r":[[0.98198,-0.179374,-0.0594959],[0.170827,0.977147,-0.126497],[0.0808265,0.114054,0.990181]],"s":0.936494,"sphereCenter":[51.0973,294.165,5.60834],"sphereRadius":47.5282,"stabilizedPalmPosition":[59.7129,302.67,188.84],"t":[-23.4022,36.4113,-163.827],"timeVisible":1.50034,"type":"right","wrist":[61.1893,307.995,92.1646]}],"id":4102951,"interactionBox":{"center":[0,200,0],"size":[235.247,235.247,147.751]},"pointables":[{"bases":[[[0.08347,0.969351,0.231067],[-0.795476,-0.074847,0.601346],[0.600209,-0.234003,0.764847]],[[-0.17201,0.979415,-0.105636],[-0.739125,-0.0574253,0.671115],[0.651234,0.193517,0.733788]],[[-0.17201,0.979415,-0.105636],[-0.968897,-0.14884,0.1977],[0.177908,0.136357,0.974554]],[[-0.17201,0.979415,-0.105636],[-0.586534,-0.18798,-0.787808],[-0.791448,-0.0735519,0.606795]]],"btipPosition":[18.2429,275.021,7.63178],"carpPosition":[38.2879,287.605,91.6642],"dipPosition":[-0.274201,273.3,21.8286],"direction":[-0.177908,-0.136357,-0.974554],"extended":false,"handId":398,"id":3980,"length":52.1005,"mcpPosition":[38.2879,287.605,91.6642],"pipPosition":[5.78981,277.948,55.0465],"stabilizedTipPosition":[20.2087,270.247,90.0147],"timeVisible":1.50034,"tipPosition":[14.1018,274.63,11.2659],"tipVelocity":[-4.68291,-3.011,-143.89],"tool":false,"touchDistance":-0.456528,"touchZone":"touching","type":0,"width":20.2438},{"bases":[[[0.88657,0.415271,-0.203824],[-0.33248,0.878368,0.343403],[0.321638,-0.236683,0.916804]],[[0.934721,0.35536,-0.00396327],[-0.355081,0.934329,0.0307538],[0.0146317,-0.027339,0.999519]],[[0.934721,0.35536,-0.00396327],[-0.353988,0.930008,-0.0988773],[-0.0314512,0.0938256,0.995092]],[[0.934721,0.35536,-0.00396327],[-0.349524,0.917237,-0.191073],[-0.0642644,0.179985,0.981568]]],"btipPosition":[15.6292,324.534,-60.0574],"carpPosition":[38.0556,311.294,91.1095],"dipPosition":[14.5316,327.609,-43.2919],"direction":[0.0314512,-0.0938256,-0.995092],"extended":true,"handId":398,"id":3981,"length":58.7895,"mcpPosition":[14.4,328.702,23.6811],"pipPosition":[13.7716,329.876,-19.2475],"stabilizedTipPosition":[13.1751,320.04,12.5588],"timeVisible":1.50034,"tipPosition":[15.4477,324.813,-56.1675],"tipVelocity":[12.0054,1.72062,-133.022],"tool":false,"touchDistance":-0.443441,"touchZone":"touching","type":1,"width":19.3369},{"bases":[[[0.965476,0.22361,-0.133622],[-0.170666,0.93052,0.324045],[0.196798,-0.290053,0.936557]],[[0.958274,0.233284,-0.165195],[-0.263087,0.493775,-0.828837],[-0.111786,0.837714,0.534546]],[[0.958274,0.233284,-0.165195],[0.0153175,-0.618981,-0.785257],[-0.28544,0.749961,-0.596726]],[[0.958274,0.233284,-0.165195],[0.163311,-0.921102,-0.353413],[-0.234607,0.311688,-0.920766]]],"btipPosition":[52.2785,270.674,31.8541],"carpPosition":[48.0962,317.985,88.672],"dipPosition":[47.8711,276.53,14.5563],"direction":[0.28544,-0.749961,0.596726],"extended":false,"handId":398,"id":3982,"length":66.986,"mcpPosition":[34.3702,338.215,23.3502],"pipPosition":[39.7567,297.85,-2.40726],"stabilizedTipPosition":[63.487,258.966,129.108],"timeVisible":1.50034,"tipPosition":[51.3039,271.705,28.0104],"tipVelocity":[-13.5937,-8.53398,-146.457],"tool":false,"touchDistance":0.333333,"touchZone":"none","type":2,"width":18.9914},{"bases":[[[0.994013,0.107702,-0.0183884],[-0.094891,0.934398,0.343361],[0.0541628,-0.33956,0.939024]],[[0.992468,0.115641,-0.0404183],[-0.0931857,0.49852,-0.861855],[-0.0795162,0.859131,0.505541]],[[0.992468,0.115641,-0.0404183],[0.04334,-0.64007,-0.767093],[-0.114578,0.759564,-0.640262]],[[0.992468,0.115641,-0.0404183],[0.0958916,-0.938705,-0.331115],[-0.0762313,0.324746,-0.942724]]],"btipPosition":[64.3372,277.582,40.5192],"carpPosition":[59.5803,321.793,86.5625],"dipPosition":[62.9133,283.648,22.9107],"direction":[0.114578,-0.759564,0.640262],"extended":false,"handId":398,"id":3983,"length":64.4088,"mcpPosition":[56.1886,343.057,27.7601],"pipPosition":[59.7403,304.683,5.17958],"stabilizedTipPosition":[77.6772,265.443,137.821],"timeVisible":1.50034,"tipPosition":[64.0304,278.583,36.6475],"tipVelocity":[-9.82359,-11.6031,-138.378],"tool":false,"touchDistance":0.333333,"touchZone":"none","type":3,"width":18.0715},{"bases":[[[0.995524,-0.088202,0.0339383],[0.06603,0.906079,0.417923],[-0.0676125,-0.413812,0.907848]],[[0.978382,-0.141055,0.151236],[0.202966,0.514662,-0.833023],[0.0396673,0.845711,0.532165]],[[0.978382,-0.141055,0.151236],[0.030964,-0.623133,-0.781503],[0.204475,0.769291,-0.605294]],[[0.978382,-0.141055,0.151236],[-0.0752888,-0.924049,-0.374786],[0.192615,0.355298,-0.914693]]],"btipPosition":[68.4953,291.628,40.5416],"carpPosition":[73.2953,318.699,84.3816],"dipPosition":[71.8144,297.75,24.78],"direction":[-0.204475,-0.769291,0.605294],"extended":false,"handId":398,"id":3984,"length":50.4953,"mcpPosition":[77.2146,342.686,31.756],"pipPosition":[75.8124,312.792,12.9448],"stabilizedTipPosition":[80.5456,280.64,136.799],"timeVisible":1.50034,"tipPosition":[69.1642,292.69,36.9476],"tipVelocity":[-3.62033,-13.4763,-135.886],"tool":false,"touchDistance":0.333333,"touchZone":"none","type":4,"width":16.0525}],"r":[[0.98198,-0.179374,-0.0594959],[0.170827,0.977147,-0.126497],[0.0808265,0.114054,0.990181]],"s":0.936494,"t":[-23.4022,36.4113,-163.827],"timestamp":521316517380},false],[3,{"currentFrameRate":105.926,"devices":[],"gestures":[],"hands":[{"armBasis":[[0.779154,0.521697,-0.347492],[-0.24711,0.765108,0.594597],[0.576069,-0.377414,0.725054]],"armWidth":63.7005,"confidence":0.787084,"direction":[-0.211919,0.42699,-0.879074],"elbow":[216.622,206.216,286.343],"grabStrength":0,"id":398,"palmNormal":[0.280456,-0.835098,-0.473239],"palmPosition":[43.7678,324.888,41.575],"palmVelocity":[1.73815,-8.17749,-139.396],"palmWidth":90.9622,"pinchStrength":0.585876,"r":[[0.981713,-0.181162,-0.0584874],[0.172729,0.976824,-0.126408],[0.0800322,0.113994,0.990253]],"s":0.935634,"sphereCenter":[51.1765,294.049,4.07199],"sphereRadius":47.5243,"stabilizedPalmPosition":[59.7124,302.671,188.836],"t":[-23.391,36.3592,-165.17],"timeVisible":1.51012,"type":"right","wrist":[61.1308,308.087,90.6381]}],"id":4102952,"interactionBox":{"center":[0,200,0],"size":[235.247,235.247,147.751]},"pointables":[{"bases":[[[0.0845167,0.969817,0.228717],[-0.796152,-0.0722982,0.600762],[0.599165,-0.232868,0.766012]],[[-0.170816,0.979309,-0.108518],[-0.740587,-0.0549662,0.669708],[0.649886,0.194764,0.734653]],[[-0.170816,0.979309,-0.108518],[-0.969161,-0.147141,0.197679],[0.177622,0.138938,0.974242]],[[-0.170816,0.979309,-0.108518],[-0.586583,-0.189566,-0.787391],[-0.791671,-0.0708444,0.606827]]],"btipPosition":[18.2403,274.928,6.10102],"carpPosition":[38.2032,287.726,90.1667],"dipPosition":[-0.28195,273.271,20.2986],"direction":[-0.177622,-0.138938,-0.974242],"extended":false,"handId":398,"id":3980,"length":52.1005,"mcpPosition":[38.2032,287.726,90.1667],"pipPosition":[5.77232,278.007,53.5058],"stabilizedTipPosition":[20.2086,270.247,90.0139],"timeVisible":1.51012,"tipPosition":[14.0859,274.564,9.73905],"tipVelocity":[-3.41661,-4.47998,-147.608],"tool":false,"touchDistance":-0.462168,"touchZone":"touching","type":0,"width":20.2438},{"bases":[[[0.887309,0.413599,-0.204007],[-0.331661,0.879661,0.340878],[0.320443,-0.234803,0.917706]],[[0.935184,0.354139,-0.00398474],[-0.35389,0.93485,0.0286041],[0.013855,-0.02534,0.999583]],[[0.935184,0.354139,-0.00398474],[-0.352702,0.930251,-0.101164],[-0.0321193,0.0960124,0.994862]],[[0.935184,0.354139,-0.00398474],[-0.348173,0.917253,-0.19345],[-0.0648532,0.182299,0.981102]]],"btipPosition":[15.7234,324.337,-61.6701],"carpPosition":[38.0024,311.414,89.5523],"dipPosition":[14.6157,327.451,-44.9125],"direction":[0.0321193,-0.0960124,-0.994862],"extended":true,"handId":398,"id":3981,"length":58.7895,"mcpPosition":[14.4347,328.683,22.0577],"pipPosition":[13.8396,329.771,-20.8736],"stabilizedTipPosition":[13.1752,320.04,12.5564],"timeVisible":1.51012,"tipPosition":[15.5429,324.625,-57.7813],"tipVelocity":[11.2372,-4.44212,-142.467],"tool":false,"touchDistance":-0.451647,"touchZone":"touching","type":1,"width":19.3369},{"bases":[[[0.965896,0.222012,-0.133248],[-0.16976,0.931552,0.321546],[0.195514,-0.28796,0.937472]],[[0.95854,0.231859,-0.165658],[-0.263438,0.499401,-0.825348],[-0.108634,0.83477,0.539776]],[[0.95854,0.231859,-0.165658],[0.012648,-0.615387,-0.788124],[-0.284677,0.753353,-0.592806]],[[0.95854,0.231859,-0.165658],[0.161471,-0.920947,-0.354661],[-0.234794,0.313207,-0.920203]]],"btipPosition":[52.1558,270.646,29.852],"carpPosition":[48.0541,318.085,87.1078],"dipPosition":[47.745,276.53,12.5649],"direction":[0.284677,-0.753353,0.592806],"extended":false,"handId":398,"id":3982,"length":66.986,"mcpPosition":[34.4176,338.17,21.7222],"pipPosition":[39.6522,297.946,-4.28725],"stabilizedTipPosition":[63.4869,258.966,129.107],"timeVisible":1.51012,"tipPosition":[51.2011,271.713,26.1953],"tipVelocity":[-13.3086,-6.68988,-163.542],"tool":false,"touchDistance":0.333333,"touchZone":"none","type":2,"width":18.9914},{"bases":[[[0.994171,0.106356,-0.0176967],[-0.0939981,0.935379,0.340925],[0.0528126,-0.337274,0.939924]],[[0.992641,0.114315,-0.0399545],[-0.0920102,0.497477,-0.862584],[-0.0787297,0.859912,0.504334]],[[0.992641,0.114315,-0.0399545],[0.0431273,-0.642031,-0.765465],[-0.113156,0.758109,-0.642236]],[[0.992641,0.114315,-0.0399545],[0.0950476,-0.93993,-0.32787],[-0.0750347,0.321659,-0.943878]]],"btipPosition":[64.2898,277.582,39.0303],"carpPosition":[59.5452,321.873,84.9999],"dipPosition":[62.8883,283.59,21.4003],"direction":[0.113156,-0.758109,0.642236],"extended":false,"handId":398,"id":3983,"length":64.4088,"mcpPosition":[56.2381,342.994,26.141],"pipPosition":[59.7546,304.585,3.61448],"stabilizedTipPosition":[77.6772,265.443,137.82],"timeVisible":1.51012,"tipPosition":[63.9864,278.57,35.165],"tipVelocity":[-8.20308,-8.58952,-142.613],"tool":false,"touchDistance":0.333333,"touchZone":"none","type":3,"width":18.0715},{"bases":[[[0.995375,-0.089418,0.0351224],[0.0668137,0.907038,0.415714],[-0.0690296,-0.411445,0.908817]],[[0.978089,-0.141876,0.152358],[0.204417,0.51584,-0.831939],[0.0394401,0.844855,0.533539]],[[0.978089,-0.141876,0.152358],[0.0312508,-0.623484,-0.781211],[0.205828,0.768855,-0.605389]],[[0.978089,-0.141876,0.152358],[-0.0761416,-0.924913,-0.372477],[0.193763,0.352715,-0.91545]]],"btipPosition":[68.5022,291.63,38.9101],"carpPosition":[73.2582,318.755,82.84],"dipPosition":[71.8411,297.708,23.1355],"direction":[-0.205828,-0.768855,0.605389],"extended":false,"handId":398,"id":3984,"length":50.4953,"mcpPosition":[77.2597,342.606,30.1582],"pipPosition":[75.8656,312.741,11.2985],"stabilizedTipPosition":[80.5455,280.64,136.798],"timeVisible":1.51012,"tipPosition":[69.1676,292.686,35.3704],"tipVelocity":[-2.20998,-9.73693,-145.088],"tool":false,"touchDistance":0.333333,"touchZone":"none","type":4,"width":16.0525}],"r":[[0.981713,-0.181162,-0.0584874],[0.172729,0.976824,-0.126408],[0.0800322,0.113994,0.990253]],"s":0.935634,"t":[-23.391,36.3592,-165.17],"timestamp":521316527159},false],[4,{"currentFrameRate":106.517,"devices":[],"gestures":[],"hands":[{"armBasis":[[0.78216,0.518828,-0.345026],[-0.247574,0.766942,0.592037],[0.57178,-0.377648,0.728319]],"armWidth":63.7005,"confidence":0.788342,"direction":[-0.208736,0.427696,-0.879491],"elbow":[215.318,205.991,285.897],"grabStrength":0,"id":398,"palmNormal":[0.2798,-0.835592,-0.472755],"palmPosition":[43.7837,324.777,40.2088],"palmVelocity":[1.78608,-9.49466,-145.85],"palmWidth":90.9622,"pinchStrength":0.589032,"r":[[0.981443,-0.183025,-0.0571921],[0.174748,0.976493,-0.126194],[0.0789444,0.113858,0.990356]],"s":0.934936,"sphereCenter":[51.2767,293.939,2.69201],"sphereRadius":47.5341,"stabilizedPalmPosition":[59.7121,302.671,188.833],"t":[-23.3774,36.2778,-166.525],"timeVisible":1.51842,"type":"right","wrist":[60.9847,307.925,89.3113]}],"id":4102953,"interactionBox":{"center":[0,200,0],"size":[235.247,235.247,147.751]},"pointables":[{"bases":[[[0.0860918,0.969565,0.229197],[-0.797834,-0.0706888,0.598718],[0.596698,-0.234406,0.767467]],[[-0.168803,0.979572,-0.109287],[-0.743085,-0.0536313,0.667045],[0.647558,0.193809,0.736958]],[[-0.168803,0.979572,-0.109287],[-0.969749,-0.14522,0.196208],[0.176329,0.139101,0.974453]],[[-0.168803,0.979572,-0.109287],[-0.585584,-0.188858,-0.788305],[-0.792841,-0.0690716,0.605502]]],"btipPosition":[18.238,274.818,4.61908],"carpPosition":[38.0132,287.615,88.776],"dipPosition":[-0.311703,273.202,18.7857],"direction":[-0.176329,-0.139101,-0.974453],"extended":false,"handId":398,"id":3980,"length":52.1005,"mcpPosition":[38.0132,287.615,88.776],"pipPosition":[5.69851,277.943,52.0001],"stabilizedTipPosition":[20.2086,270.247,90.0134],"timeVisible":1.51842,"tipPosition":[14.0705,274.488,8.24987],"tipVelocity":[-2.80857,-6.44927,-155.752],"tool":false,"touchDistance":-0.46662,"touchZone":"touching","type":0,"width":20.2438},{"bases":[[[0.888742,0.411679,-0.20164],[-0.330568,0.880305,0.340276],[0.317589,-0.235762,0.918452]],[[0.935978,0.352056,-0.00150356],[-0.351866,0.935599,0.0290554],[0.0116358,-0.0266661,0.999577]],[[0.935978,0.352056,-0.00150356],[-0.350404,0.931157,-0.100814],[-0.0340923,0.094887,0.994904]],[[0.935978,0.352056,-0.00150356],[-0.345694,0.91824,-0.193213],[-0.066641,0.181363,0.981156]]],"btipPosition":[15.9711,324.398,-63.1113],"carpPosition":[37.8666,311.303,88.1676],"dipPosition":[14.8328,327.495,-46.3528],"direction":[0.0340923,-0.094887,-0.994904],"extended":true,"handId":398,"id":3981,"length":58.7895,"mcpPosition":[14.5088,328.643,20.6182],"pipPosition":[14.0091,329.788,-22.3129],"stabilizedTipPosition":[13.1752,320.04,12.5548],"timeVisible":1.51842,"tipPosition":[15.7905,324.668,-59.2219],"tipVelocity":[15.7867,-1.56241,-150.445],"tool":false,"touchDistance":-0.456431,"touchZone":"touching","type":1,"width":19.3369},{"bases":[[[0.966723,0.219899,-0.130734],[-0.168504,0.931841,0.32137],[0.192492,-0.288646,0.937886]],[[0.959354,0.229916,-0.163643],[-0.261144,0.503444,-0.823619],[-0.106978,0.832876,0.543022]],[[0.959354,0.229916,-0.163643],[0.0118981,-0.612308,-0.79053],[-0.281955,0.756451,-0.590156]],[[0.959354,0.229916,-0.163643],[0.159702,-0.920394,-0.356889],[-0.232671,0.316249,-0.919702]]],"btipPosition":[52.0548,270.507,28.2246],"carpPosition":[47.9393,317.953,85.7504],"dipPosition":[47.6838,276.448,10.9469],"direction":[0.281955,-0.756451,0.590156],"extended":false,"handId":398,"id":3982,"length":66.986,"mcpPosition":[34.5136,338.085,20.336],"pipPosition":[39.6684,297.953,-5.82988],"stabilizedTipPosition":[63.4868,258.966,129.106],"timeVisible":1.51842,"tipPosition":[51.1132,271.613,24.6423],"tipVelocity":[-12.7353,-8.84238,-171.805],"tool":false,"touchDistance":0.333333,"touchZone":"none","type":2,"width":18.9914},{"bases":[[[0.994446,0.104149,-0.0151434],[-0.0927834,0.935494,0.340942],[0.0496755,-0.337644,0.939962]],[[0.992978,0.112175,-0.0375641],[-0.0889535,0.498694,-0.862202],[-0.0779845,0.859489,0.505171]],[[0.992978,0.112175,-0.0375641],[0.0435544,-0.641904,-0.765547],[-0.109988,0.758535,-0.642283]],[[0.992978,0.112175,-0.0375641],[0.0938397,-0.940263,-0.327261],[-0.0720307,0.321438,-0.944187]]],"btipPosition":[64.208,277.459,37.6705],"carpPosition":[59.4442,321.716,83.6728],"dipPosition":[62.8626,283.463,20.0347],"direction":[0.109988,-0.758535,0.642283],"extended":false,"handId":398,"id":3983,"length":64.4088,"mcpPosition":[56.3334,342.859,24.8115],"pipPosition":[59.8167,304.47,2.24761],"stabilizedTipPosition":[77.6771,265.443,137.82],"timeVisible":1.51842,"tipPosition":[63.9153,278.447,33.8113],"tipVelocity":[-8.22701,-10.2135,-148.086],"tool":false,"touchDistance":0.333333,"touchZone":"none","type":3,"width":18.0715},{"bases":[[[0.995081,-0.0916412,0.0376248],[0.0677745,0.906775,0.416131],[-0.0722521,-0.411535,0.908526]],[[0.977409,-0.144038,0.154678],[0.207649,0.517893,-0.82986],[0.0394243,0.843232,0.536103]],[[0.977409,-0.144038,0.154678],[0.0320732,-0.622278,-0.782139],[0.208911,0.769431,-0.6036]],[[0.977409,-0.144038,0.154678],[-0.0772561,-0.924661,-0.372873],[0.196733,0.352499,-0.914899]]],"btipPosition":[68.4755,291.498,37.4988],"carpPosition":[73.1556,318.568,81.5469],"dipPosition":[71.8655,297.572,21.7337],"direction":[-0.208911,-0.769431,0.6036],"extended":false,"handId":398,"id":3984,"length":50.4953,"mcpPosition":[77.3439,342.424,28.8819],"pipPosition":[75.9503,312.617,9.93157],"stabilizedTipPosition":[80.5454,280.64,136.798],"timeVisible":1.51842,"tipPosition":[69.1475,292.558,33.9948],"tipVelocity":[-2.10499,-11.348,-151.411],"tool":false,"touchDistance":0.333333,"touchZone":"none","type":4,"width":16.0525}],"r":[[0.981443,-0.183025,-0.0571921],[0.174748,0.976493,-0.126194],[0.0789444,0.113858,0.990356]],"s":0.934936,"t":[-23.3774,36.2778,-166.525],"timestamp":521316535460},false],[5,{"currentFrameRate":106.656,"devices":[],"gestures":[],"hands":[{"armBasis":[[0.781231,0.521831,-0.342593],[-0.24978,0.764279,0.594549],[0.572091,-0.378907,0.727421]],"armWidth":63.7005,"confidence":0.800677,"direction":[-0.208823,0.425949,-0.880318],"elbow":[215.466,205.718,284.728],"grabStrength":0,"id":398,"palmNormal":[0.283225,-0.835246,-0.471325],"palmPosition":[43.8655,324.729,39.2361],"palmVelocity":[3.78025,-8.33663,-134.962],"palmWidth":90.9622,"pinchStrength":0.589076,"r":[[0.981361,-0.183889,-0.0558208],[0.175764,0.976309,-0.126206],[0.0777064,0.114043,0.990432]],"s":0.934584,"sphereCenter":[51.5249,293.87,1.7433],"sphereRadius":47.5553,"stabilizedPalmPosition":[59.7119,302.672,188.831],"t":[-23.3297,36.2128,-167.689],"timeVisible":1.52754,"type":"right","wrist":[61.0484,307.992,88.3844]}],"id":4102954,"interactionBox":{"center":[0,200,0],"size":[235.247,235.247,147.751]},"pointables":[{"bases":[[[0.0825894,0.970118,0.228147],[-0.798488,-0.0725671,0.597621],[0.596319,-0.231529,0.768634]],[[-0.172401,0.978695,-0.111507],[-0.744096,-0.0552193,0.665787],[0.645445,0.197754,0.737763]],[[-0.172401,0.978695,-0.111507],[-0.968968,-0.148143,0.197874],[0.177139,0.14216,0.973865]],[[-0.172401,0.978695,-0.111507],[-0.585863,-0.192882,-0.787122],[-0.791861,-0.0703728,0.606634]]],"btipPosition":[18.4237,274.539,3.63631],"carpPosition":[38.144,287.606,87.8399],"dipPosition":[-0.103032,272.892,17.8294],"direction":[-0.177139,-0.14216,-0.973865],"extended":false,"handId":398,"id":3980,"length":52.1005,"mcpPosition":[38.144,287.606,87.8399],"pipPosition":[5.93479,277.738,51.0237],"stabilizedTipPosition":[20.2085,270.247,90.0129],"timeVisible":1.52754,"tipPosition":[14.2943,274.238,7.26199],"tipVelocity":[3.78697,-13.3689,-142.235],"tool":false,"touchDistance":-0.462942,"touchZone":"touching","type":0,"width":20.2438},{"bases":[[[0.887693,0.414332,-0.200823],[-0.333942,0.879633,0.338717],[0.316991,-0.233614,0.919207]],[[0.934818,0.355127,-0.000608253],[-0.354964,0.934439,0.0287121],[0.0107648,-0.0266247,0.999588]],[[0.934818,0.355127,-0.000608253],[-0.353363,0.930003,-0.101134],[-0.0353495,0.0947564,0.994873]],[[0.934818,0.355127,-0.000608253],[-0.348521,0.917099,-0.193553],[-0.0681781,0.181149,0.98109]]],"btipPosition":[16.1636,324.235,-64.1306],"carpPosition":[37.9211,311.293,87.2025],"dipPosition":[14.9991,327.329,-47.3732],"direction":[0.0353495,-0.0947563,-0.994873],"extended":true,"handId":398,"id":3981,"length":58.7895,"mcpPosition":[14.6073,328.475,19.5974],"pipPosition":[14.145,329.618,-23.3341],"stabilizedTipPosition":[13.1753,320.04,12.5535],"timeVisible":1.52754,"tipPosition":[15.9903,324.489,-60.2401],"tipVelocity":[17.0803,-6.10998,-139.707],"tool":false,"touchDistance":-0.454415,"touchZone":"touching","type":1,"width":19.3369},{"bases":[[[0.966194,0.222893,-0.129569],[-0.172019,0.931674,0.319988],[0.192039,-0.286882,0.93852]],[[0.95874,0.232971,-0.162918],[-0.262304,0.503977,-0.822924],[-0.10961,0.831704,0.544292]],[[0.95874,0.232971,-0.162918],[0.0139668,-0.610989,-0.791516],[-0.283941,0.756582,-0.589034]],[[0.95874,0.232971,-0.162918],[0.162724,-0.919638,-0.357472],[-0.233106,0.316212,-0.919604]]],"btipPosition":[52.3142,270.458,27.1272],"carpPosition":[47.9757,317.973,84.7921],"dipPosition":[47.935,276.398,9.85125],"direction":[0.283941,-0.756582,0.589034],"extended":false,"handId":398,"id":3982,"length":66.986,"mcpPosition":[34.5816,337.982,19.3335],"pipPosition":[39.8632,297.906,-6.89363],"stabilizedTipPosition":[63.4867,258.966,129.106],"timeVisible":1.52754,"tipPosition":[51.3735,271.585,23.5931],"tipVelocity":[-1.35604,-7.89875,-157.496],"tool":false,"touchDistance":0.333333,"touchZone":"none","type":2,"width":18.9914},{"bases":[[[0.994123,0.107375,-0.0137967],[-0.0963396,0.935598,0.339668],[0.0493799,-0.336343,0.940444]],[[0.992649,0.115427,-0.0363943],[-0.0895472,0.498156,-0.862451],[-0.0814202,0.85937,0.50483]],[[0.992649,0.115427,-0.0363943],[0.0466933,-0.64267,-0.764719],[-0.111659,0.757398,-0.643335]],[[0.992649,0.115427,-0.0363943],[0.0974421,-0.940563,-0.325341],[-0.0717843,0.319404,-0.944896]]],"btipPosition":[64.4488,277.508,36.7521],"carpPosition":[59.4713,321.771,82.7269],"dipPosition":[63.108,283.474,19.103],"direction":[0.111659,-0.757398,0.643335],"extended":false,"handId":398,"id":3983,"length":64.4088,"mcpPosition":[56.3791,342.833,23.8355],"pipPosition":[60.0158,304.449,1.28681],"stabilizedTipPosition":[77.6771,265.443,137.82],"timeVisible":1.52754,"tipPosition":[64.1572,278.487,32.8975],"tipVelocity":[1.42005,-6.16907,-135.017],"tool":false,"touchDistance":0.333333,"touchZone":"none","type":3,"width":18.0715},{"bases":[[[0.995318,-0.0883487,0.0392102],[0.0641992,0.907494,0.41513],[-0.0722592,-0.410669,0.908917]],[[0.977669,-0.140609,0.156183],[0.207154,0.519729,-0.828836],[0.035369,0.842681,0.537251]],[[0.977669,-0.140609,0.156183],[0.0354737,-0.622105,-0.78213],[0.207136,0.770204,-0.603225]],[[0.977669,-0.140609,0.156183],[-0.0736905,-0.925377,-0.371816],[0.196808,0.352004,-0.915074]]],"btipPosition":[68.6931,291.558,36.5095],"carpPosition":[73.1961,318.665,80.6252],"dipPosition":[72.0844,297.624,20.7414],"direction":[-0.207136,-0.770204,0.603225],"extended":false,"handId":398,"id":3984,"length":50.4953,"mcpPosition":[77.3848,342.471,27.9376],"pipPosition":[76.1345,312.683,8.94663],"stabilizedTipPosition":[80.5454,280.64,136.798],"timeVisible":1.52754,"tipPosition":[69.3629,292.621,33.0354],"tipVelocity":[5.11407,-6.42951,-139.504],"tool":false,"touchDistance":0.333333,"touchZone":"none","type":4,"width":16.0525}],"r":[[0.981361,-0.183889,-0.0558208],[0.175764,0.976309,-0.126206],[0.0777064,0.114043,0.990432]],"s":0.934584,"t":[-23.3297,36.2128,-167.689],"timestamp":521316544581},false],[6,{"currentFrameRate":106.879,"devices":[],"gestures":[],"hands":[{"armBasis":[[0.778181,0.521496,-0.349966],[-0.246454,0.766105,0.593585],[0.577662,-0.375666,0.724694]],"armWidth":63.7005,"confidence":0.808453,"direction":[-0.20495,0.428912,-0.87979],"elbow":[216.905,206.641,282.661],"grabStrength":0,"id":398,"palmNormal":[0.278657,-0.836103,-0.472528],"palmPosition":[43.9728,324.977,37.914],"palmVelocity":[6.02333,1.51943,-138.457],"palmWidth":90.9622,"pinchStrength":0.591012,"r":[[0.981077,-0.185783,-0.0545262],[0.177828,0.975988,-0.125795],[0.0765875,0.113719,0.990557]],"s":0.934425,"sphereCenter":[51.5252,294.152,0.358701],"sphereRadius":47.5713,"stabilizedPalmPosition":[59.7118,302.672,188.83],"t":[-23.2523,36.3045,-168.932],"timeVisible":1.53649,"type":"right","wrist":[60.9833,308.04,87.0538]}],"id":4102955,"interactionBox":{"center":[0,200,0],"size":[235.247,235.247,147.751]},"pointables":[{"bases":[[[0.0883252,0.969149,0.230106],[-0.799746,-0.0687156,0.596393],[0.593805,-0.236703,0.769004]],[[-0.166751,0.979763,-0.110721],[-0.745924,-0.0519144,0.664005],[0.64482,0.193313,0.739485]],[[-0.166751,0.979763,-0.110721],[-0.969852,-0.142743,0.197515],[0.177713,0.140319,0.974027]],[[-0.166751,0.979763,-0.110721],[-0.586691,-0.188844,-0.787484],[-0.792457,-0.0663544,0.606308]]],"btipPosition":[18.2583,274.922,2.15175],"carpPosition":[37.953,287.799,86.4391],"dipPosition":[-0.282394,273.369,16.3372],"direction":[-0.177713,-0.140319,-0.974027],"extended":false,"handId":398,"id":3980,"length":52.1005,"mcpPosition":[37.953,287.799,86.4391],"pipPosition":[5.77499,278.152,49.5371],"stabilizedTipPosition":[20.2085,270.247,90.0126],"timeVisible":1.53649,"tipPosition":[14.122,274.674,5.77093],"tipVelocity":[-2.39682,2.63586,-148.758],"tool":false,"touchDistance":-0.467276,"touchZone":"touching","type":0,"width":20.2438},{"bases":[[[0.890536,0.409165,-0.198823],[-0.328914,0.881056,0.339936],[0.314263,-0.237329,0.919192]],[[0.937002,0.349322,0.00123898],[-0.34919,0.936539,0.0310008],[0.00966891,-0.0294805,0.999519]],[[0.937002,0.349322,0.00123898],[-0.347493,0.932448,-0.0989409],[-0.0357175,0.0922772,0.995093]],[[0.937002,0.349322,0.00123898],[-0.342636,0.919747,-0.191484],[-0.068029,0.178996,0.981495]]],"btipPosition":[16.3753,324.922,-65.4947],"carpPosition":[37.8787,311.488,85.8465],"dipPosition":[15.2133,327.979,-48.7304],"direction":[0.0357175,-0.0922772,-0.995093],"extended":true,"handId":398,"id":3981,"length":58.7895,"mcpPosition":[14.7656,328.943,18.2426],"pipPosition":[14.3503,330.209,-24.686],"stabilizedTipPosition":[13.1753,320.04,12.5525],"timeVisible":1.53649,"tipPosition":[16.2089,325.16,-61.6033],"tipVelocity":[18.8948,16.2865,-143.139],"tool":false,"touchDistance":-0.457744,"touchZone":"touching","type":1,"width":19.3369},{"bases":[[[0.967743,0.217105,-0.127827],[-0.166644,0.932122,0.321526],[0.188955,-0.289853,0.938233]],[[0.960296,0.22742,-0.161591],[-0.258745,0.509434,-0.820688],[-0.104321,0.829914,0.548051]],[[0.960296,0.22742,-0.161591],[0.0103372,-0.607822,-0.794006],[-0.278792,0.76081,-0.58604]],[[0.960296,0.22742,-0.161591],[0.157174,-0.919565,-0.360135],[-0.230496,0.320438,-0.918799]]],"btipPosition":[52.0814,270.688,25.5364],"carpPosition":[47.9781,318.11,83.4626],"dipPosition":[47.7513,276.708,8.27557],"direction":[0.278792,-0.76081,0.58604],"extended":false,"handId":398,"id":3982,"length":66.986,"mcpPosition":[34.7991,338.326,18.024],"pipPosition":[39.8259,298.336,-8.38421],"stabilizedTipPosition":[63.4867,258.966,129.105],"timeVisible":1.53649,"tipPosition":[51.153,271.842,22.0441],"tipVelocity":[-7.74957,1.84716,-162.933],"tool":false,"touchDistance":0.333333,"touchZone":"none","type":2,"width":18.9914},{"bases":[[[0.994791,0.101195,-0.0122365],[-0.0909689,0.935536,0.341317],[0.0459873,-0.338426,0.939869]],[[0.99338,0.109388,-0.0350696],[-0.0854348,0.499462,-0.862113],[-0.076789,0.859402,0.505501]],[[0.99338,0.109388,-0.0350696],[0.0438402,-0.643202,-0.764441],[-0.106178,0.757843,-0.643739]],[[0.99338,0.109388,-0.0350696],[0.0921929,-0.941319,-0.324683],[-0.0685282,0.319301,-0.945172]]],"btipPosition":[64.2705,277.695,35.4679],"carpPosition":[59.5,321.84,81.4204],"dipPosition":[62.9905,283.659,17.8137],"direction":[0.106178,-0.757843,0.643739],"extended":false,"handId":398,"id":3983,"length":64.4088,"mcpPosition":[56.6202,343.032,22.565],"pipPosition":[60.05,304.646,-0.0137028],"stabilizedTipPosition":[77.677,265.443,137.82],"timeVisible":1.53649,"tipPosition":[63.9873,278.673,31.5648],"tipVelocity":[-3.98629,1.21582,-137.375],"tool":false,"touchDistance":0.333333,"touchZone":"none","type":3,"width":18.0715},{"bases":[[[0.994692,-0.0946322,0.0403991],[0.0692876,0.906287,0.416944],[-0.0760696,-0.411932,0.908034]],[[0.976595,-0.146929,0.157081],[0.211404,0.521121,-0.826886],[0.0396354,0.840741,0.539985]],[[0.976595,-0.146929,0.157081],[0.0325985,-0.620768,-0.783316],[0.212603,0.770103,-0.601449]],[[0.976595,-0.146929,0.157081],[-0.0791184,-0.924506,-0.372866],[0.200008,0.351711,-0.914492]]],"btipPosition":[68.6131,291.694,35.1255],"carpPosition":[73.208,318.652,79.3314],"dipPosition":[72.0595,297.754,19.3674],"direction":[-0.212603,-0.770103,0.601449],"extended":false,"handId":398,"id":3984,"length":50.4953,"mcpPosition":[77.6176,342.531,26.695],"pipPosition":[76.2165,312.812,7.60738],"stabilizedTipPosition":[80.5454,280.64,136.797],"timeVisible":1.53649,"tipPosition":[69.291,292.754,31.6612],"tipVelocity":[1.66027,-0.566242,-143.578],"tool":false,"touchDistance":0.333333,"touchZone":"none","type":4,"width":16.0525}],"r":[[0.981077,-0.185783,-0.0545262],[0.177828,0.975988,-0.125795],[0.0765875,0.113719,0.990557]],"s":0.934425,"t":[-23.2523,36