{"sensorType":"Leap","data":[[0,{"currentFrameRate":107.566,"devices":[],"gestures":[],"hands":[{"armBasis":[[0.780668,0.531457,-0.328801],[-0.25141,0.74875,0.613324],[0.572145,-0.396139,0.718139]],"armWidth":63.7005,"confidence":0.886597,"direction":[-0.222789,0.320155,-0.920796],"elbow":[210.125,225.366,289.46],"grabStrength":0,"id":396,"palmNormal":[0.323261,-0.866834,-0.379606],"palmPosition":[38.054,342.918,44.9571],"palmVelocity":[-11.5054,5.31396,-145.464],"palmWidth":90.9622,"pinchStrength":0.493227,"r":[[0.980645,0.193954,-0.0267772],[-0.19547,0.961948,-0.190911],[-0.0112698,0.19245,0.981242]],"s":1.11483,"sphereCenter":[52.5145,310.693,10.4375],"sphereRadius":49.3854,"stabilizedPalmPosition":[47.3662,318.077,158.993],"t":[-38.4881,99.8964,-174.107],"timeVisible":1.01242,"type":"right","wrist":[55.6934,332.291,95.6214]}],"id":4101953,"interactionBox":{"center":[0,200,0],"size":[235.247,235.247,147.751]},"pointables":[{"bases":[[[0.037482,0.991601,0.123787],[-0.797798,-0.0449011,0.601251],[0.601759,-0.121293,0.789414]],[[-0.200636,0.96016,-0.194519],[-0.786301,-0.039392,0.616586],[0.584359,0.27666,0.762879]],[[-0.200636,0.96016,-0.194519],[-0.966669,-0.161798,0.198423],[0.159045,0.227847,0.96062]],[[-0.200636,0.96016,-0.194519],[-0.692934,-0.279447,-0.664644],[-0.692523,0.00143741,0.721395]]],"btipPosition":[15.3552,289.338,9.53673],"carpPosition":[33.7346,310.943,97.2271],"dipPosition":[-0.847384,289.371,26.4148],"direction":[-0.159045,-0.227847,-0.96062],"extended":false,"handId":396,"id":3960,"length":52.1005,"mcpPosition":[33.7346,310.943,97.2271],"pipPosition":[4.5737,297.137,59.1577],"stabilizedTipPosition":[14.6291,273.361,107.538],"timeVisible":1.01242,"tipPosition":[11.3613,290.552,13.5791],"tipVelocity":[-10.2056,-16.2183,-158.094],"tool":false,"touchDistance":-0.483878,"touchZone":"touching","type":0,"width":20.2438},{"bases":[[[0.869247,0.430558,-0.242958],[-0.375171,0.894541,0.242986],[0.321956,-0.120064,0.939111]],[[0.918124,0.3947,-0.0354832],[-0.394395,0.91881,0.015521],[0.0387285,-0.000255812,0.99925]],[[0.918124,0.3947,-0.0354832],[-0.396252,0.913065,-0.0964191],[-0.00565818,0.102585,0.994708]],[[0.918124,0.3947,-0.0354832],[-0.394412,0.901388,-0.178714],[-0.0385542,0.178076,0.983261]]],"btipPosition":[7.90091,337.715,-58.7407],"carpPosition":[32.448,334.394,94.0749],"dipPosition":[7.24239,340.757,-41.9462],"direction":[0.00565818,-0.102585,-0.994708],"extended":true,"handId":396,"id":3961,"length":58.7895,"mcpPosition":[8.76903,343.225,25.006],"pipPosition":[7.10567,343.236,-17.9111],"stabilizedTipPosition":[18.1429,312.457,73.1102],"timeVisible":1.01242,"tipPosition":[8.05891,337.904,-54.7994],"tipVelocity":[-7.17268,28.8221,-150.374],"tool":false,"touchDistance":-0.493961,"touchZone":"touching","type":1,"width":19.3369},{"bases":[[[0.955889,0.25153,-0.151687],[-0.215654,0.951601,0.218972],[0.199423,-0.176601,0.963868]],[[0.948805,0.257208,-0.183338],[-0.267728,0.346886,-0.898884],[-0.167603,0.90195,0.397989]],[[0.948805,0.257208,-0.183338],[0.0626891,-0.722231,-0.688805],[-0.309578,0.642048,-0.701381]],[[0.948805,0.257208,-0.183338],[0.211733,-0.94863,-0.235097],[-0.234388,0.184242,-0.954524]]],"btipPosition":[49.5757,288.373,42.4434],"carpPosition":[42.2048,341.23,90.9768],"dipPosition":[45.1724,291.835,24.5114],"direction":[0.309578,-0.642048,0.701381],"extended":false,"handId":396,"id":3962,"length":66.986,"mcpPosition":[28.2957,353.548,23.7502],"pipPosition":[36.3718,310.087,4.57278],"stabilizedTipPosition":[53.7246,271.284,133.276],"timeVisible":1.01242,"tipPosition":[48.6063,288.827,38.2546],"tipVelocity":[-19.9817,10.0934,-145.307],"tool":false,"touchDistance":0.333333,"touchZone":"none","type":2,"width":18.9914},{"bases":[[[0.988336,0.150344,-0.0242649],[-0.140342,0.961025,0.23819],[0.0591296,-0.232006,0.970915]],[[0.988508,0.149651,-0.0213648],[-0.0712778,0.336783,-0.938881],[-0.133309,0.929614,0.343579]],[[0.988508,0.149651,-0.0213648],[0.101462,-0.761582,-0.640077],[-0.112059,0.630554,-0.768014]],[[0.988508,0.149651,-0.0213648],[0.143505,-0.973409,-0.178555],[-0.0475175,0.173437,-0.983698]]],"btipPosition":[59.7716,297.61,52.0265],"carpPosition":[53.5292,345.306,88.5296],"dipPosition":[58.8841,300.85,33.6527],"direction":[0.112059,-0.630554,0.768014],"extended":false,"handId":396,"id":3963,"length":64.4088,"mcpPosition":[49.8264,359.834,27.73],"pipPosition":[55.7808,318.312,12.3837],"stabilizedTipPosition":[65.3482,282.685,140.111],"timeVisible":1.01242,"tipPosition":[59.6427,297.835,47.3212],"tipVelocity":[-19.9478,17.4085,-125.159],"tool":false,"touchDistance":0.333333,"touchZone":"none","type":3,"width":18.0715},{"bases":[[[0.998048,-0.0383882,0.049251],[0.0208679,0.948412,0.316352],[-0.0588545,-0.314707,0.947362]],[[0.99787,-0.0393175,0.0520487],[0.0636607,0.413035,-0.908487],[0.0142215,0.909866,0.414659]],[[0.99787,-0.0393175,0.0520487],[0.00736692,-0.724894,-0.688821],[0.0648125,0.687738,-0.72306]],[[0.99787,-0.0393175,0.0520487],[-0.0257286,-0.970474,-0.23983],[0.0599414,0.23798,-0.969419]]],"btipPosition":[68.0005,311.153,48.0507],"carpPosition":[67.3917,342.621,86.782],"dipPosition":[69.0334,315.254,31.3461],"direction":[-0.0648125,-0.687738,0.72306],"extended":false,"handId":396,"id":3964,"length":50.4953,"mcpPosition":[70.8034,360.864,31.8657],"pipPosition":[70.3007,328.701,17.2082],"stabilizedTipPosition":[73.2947,295.825,137.183],"timeVisible":1.01242,"tipPosition":[68.277,311.667,43.8758],"tipVelocity":[-16.7535,5.64782,-139.982],"tool":false,"touchDistance":0.333333,"touchZone":"none","type":4,"width":16.0525}],"r":[[0.980645,0.193954,-0.0267772],[-0.19547,0.961948,-0.190911],[-0.0112698,0.19245,0.981242]],"s":1.11483,"t":[-38.4881,99.8964,-174.107],"timestamp":521305854222},false],[1,{"currentFrameRate":107.738,"devices":[],"gestures":[],"hands":[{"armBasis":[[0.782402,0.530105,-0.326857],[-0.252637,0.749881,0.611435],[0.569229,-0.395812,0.720632]],"armWidth":63.7005,"confidence":0.892029,"direction":[-0.222466,0.321589,-0.920375],"elbow":[209.327,225.331,289.438],"grabStrength":0,"id":396,"palmNormal":[0.32327,-0.866294,-0.38083],"palmPosition":[38.0596,342.874,44.2734],"palmVelocity":[-8.18334,2.53417,-126.505],"palmWidth":90.9622,"pinchStrength":0.495466,"r":[[0.980881,0.192902,-0.0257111],[-0.194238,0.96229,-0.190444],[-0.0119954,0.191797,0.981361]],"s":1.11519,"sphereCenter":[52.704,310.75,9.69188],"sphereRadius":49.386,"stabilizedPalmPosition":[47.3662,318.077,158.993],"t":[-38.531,99.8789,-175.075],"timeVisible":1.02139,"type":"right","wrist":[55.6822,332.168,94.9268]}],"id":4101954,"interactionBox":{"center":[0,200,0],"size":[235.247,235.247,147.751]},"pointables":[{"bases":[[[0.0375676,0.991406,0.125313],[-0.797988,-0.0457196,0.600936],[0.601501,-0.122574,0.789413]],[[-0.199114,0.961127,-0.191282],[-0.788492,-0.0412196,0.613662],[0.581922,0.273013,0.766048]],[[-0.199114,0.961127,-0.191282],[-0.966947,-0.160964,0.197747],[0.15927,0.224334,0.961409]],[[-0.199114,0.961127,-0.191282],[-0.690378,-0.276105,-0.668688],[-0.695508,-0.0010883,0.718517]]],"btipPosition":[15.5245,289.576,8.68503],"carpPosition":[33.7201,310.821,96.4932],"dipPosition":[-0.747908,289.55,25.4958],"direction":[-0.15927,-0.224334,-0.961409],"extended":false,"handId":396,"id":3960,"length":52.1005,"mcpPosition":[33.7201,310.821,96.4932],"pipPosition":[4.68085,297.197,58.2656],"stabilizedTipPosition":[14.6291,273.361,107.538],"timeVisible":1.02139,"tipPosition":[11.4837,290.6,12.7399],"tipVelocity":[-2.73287,-4.92159,-141.277],"tool":false,"touchDistance":-0.476832,"touchZone":"touching","type":0,"width":20.2438},{"bases":[[[0.869376,0.43082,-0.242033],[-0.375134,0.894216,0.244237],[0.321652,-0.121539,0.939025]],[[0.918145,0.394704,-0.0348956],[-0.394326,0.918806,0.0174255],[0.0389402,-0.0022389,0.999239]],[[0.918145,0.394704,-0.0348956],[-0.396206,0.913272,-0.0946281],[-0.0054809,0.100708,0.994901]],[[0.918145,0.394704,-0.0348956],[-0.394377,0.901734,-0.177039],[-0.0384113,0.176309,0.983585]]],"btipPosition":[7.8969,337.867,-59.4427],"carpPosition":[32.4374,334.277,93.3764],"dipPosition":[7.24082,340.878,-42.6426],"direction":[0.0054809,-0.100708,-0.994901],"extended":true,"handId":396,"id":3961,"length":58.7895,"mcpPosition":[8.78084,343.215,24.3138],"pipPosition":[7.10839,343.312,-18.6028],"stabilizedTipPosition":[18.1421,312.459,73.0999],"timeVisible":1.02139,"tipPosition":[8.06046,338.052,-55.5027],"tipVelocity":[-5.31407,25.3413,-130.589],"tool":false,"touchDistance":-0.483408,"touchZone":"touching","type":1,"width":19.3369},{"bases":[[[0.955967,0.251642,-0.151009],[-0.215603,0.951292,0.220359],[0.199105,-0.178098,0.963659]],[[0.948908,0.257359,-0.182593],[-0.267485,0.349036,-0.898123],[-0.167408,0.901078,0.400042]],[[0.948908,0.257359,-0.182593],[0.0629874,-0.72148,-0.689564],[-0.309203,0.642832,-0.700829]],[[0.948908,0.257359,-0.182593],[0.21199,-0.948535,-0.235246],[-0.233739,0.184519,-0.95463]]],"btipPosition":[49.5569,288.378,41.6603],"carpPosition":[42.1961,341.116,90.2917],"dipPosition":[45.1658,291.845,23.7264],"direction":[0.309203,-0.642832,0.700829],"extended":false,"handId":396,"id":3962,"length":66.986,"mcpPosition":[28.3092,353.538,23.0797],"pipPosition":[36.3759,310.119,3.80342],"stabilizedTipPosition":[53.7246,271.284,133.276],"timeVisible":1.02139,"tipPosition":[48.5954,288.828,37.4806],"tipVelocity":[-14.9983,7.51178,-129.438],"tool":false,"touchDistance":0.333333,"touchZone":"none","type":2,"width":18.9914},{"bases":[[[0.988362,0.150257,-0.0237314],[-0.140295,0.960678,0.239614],[0.0588021,-0.233496,0.970578]],[[0.988522,0.149607,-0.0210315],[-0.0717841,0.342626,-0.936725],[-0.132935,0.927483,0.349433]],[[0.988522,0.149607,-0.0210315],[0.101197,-0.75906,-0.643107],[-0.112178,0.633597,-0.765487]],[[0.988522,0.149607,-0.0210315],[0.143455,-0.973163,-0.179927],[-0.0473854,0.174844,-0.983455]]],"btipPosition":[59.7688,297.576,51.0364],"carpPosition":[53.5217,345.194,87.8542],"dipPosition":[58.8837,300.842,32.6671],"direction":[0.112178,-0.633597,0.765487],"extended":false,"handId":396,"id":3963,"length":64.4088,"mcpPosition":[49.8394,359.815,27.0758],"pipPosition":[55.7771,318.389,11.4681],"stabilizedTipPosition":[65.3481,282.685,140.11],"timeVisible":1.02139,"tipPosition":[59.6356,297.835,46.4531],"tipVelocity":[-14.5551,11.7893,-121.082],"tool":false,"touchDistance":0.333333,"touchZone":"none","type":3,"width":18.0715},{"bases":[[[0.998028,-0.0385884,0.0494991],[0.0208889,0.947925,0.317807],[-0.0591851,-0.316146,0.946863]],[[0.997837,-0.039585,0.0524843],[0.0641926,0.414594,-0.90774],[0.0141732,0.909145,0.416238]],[[0.997837,-0.039585,0.0524843],[0.00751278,-0.72448,-0.689255],[0.065308,0.688158,-0.722616]],[[0.997837,-0.039585,0.0524843],[-0.0258806,-0.970454,-0.239895],[0.0604298,0.238018,-0.969379]]],"btipPosition":[67.996,311.142,47.3393],"carpPosition":[67.3845,342.51,86.1068],"dipPosition":[69.0373,315.244,30.6354],"direction":[-0.065308,-0.688158,0.722616],"extended":false,"handId":396,"id":3964,"length":50.4953,"mcpPosition":[70.8153,360.836,31.2195],"pipPosition":[70.3143,328.699,16.5062],"stabilizedTipPosition":[73.2947,295.825,137.183],"timeVisible":1.02139,"tipPosition":[68.2752,311.655,43.1688],"tipVelocity":[-12.2447,3.77277,-123.365],"tool":false,"touchDistance":0.333333,"touchZone":"none","type":4,"width":16.0525}],"r":[[0.980881,0.192902,-0.0257111],[-0.194238,0.96229,-0.190444],[-0.0119954,0.191797,0.981361]],"s":1.11519,"t":[-38.531,99.8789,-175.075],"timestamp":521305863192},false],[2,{"currentFrameRate":107.94,"devices":[],"gestures":[],"hands":[{"armBasis":[[0.778877,0.53191,-0.3323],[-0.250395,0.749501,0.612822],[0.575025,-0.394106,0.716956]],"armWidth":63.7005,"confidence":0.89863,"direction":[-0.220209,0.320646,-0.921246],"elbow":[210.78,225.729,287.489],"grabStrength":0,"id":396,"palmNormal":[0.321511,-0.867796,-0.378895],"palmPosition":[38.0538,342.774,43.2718],"palmVelocity":[-6.13598,-1.21671,-122.718],"palmWidth":90.9622,"pinchStrength":0.496582,"r":[[0.981179,0.191523,-0.0246259],[-0.192676,0.962603,-0.190448],[-0.0127701,0.191609,0.981388]],"s":1.11459,"sphereCenter":[52.9311,310.639,8.75179],"sphereRadius":49.3621,"stabilizedPalmPosition":[47.3662,318.077,158.993],"t":[-38.5554,99.8201,-176.059],"timeVisible":1.03029,"type":"right","wrist":[55.571,332.105,93.9696]}],"id":4101955,"interactionBox":{"center":[0,200,0],"size":[235.247,235.247,147.751]},"pointables":[{"bases":[[[0.0400472,0.991509,0.123716],[-0.799015,-0.0425682,0.599803],[0.599976,-0.122871,0.790526]],[[-0.193424,0.962671,-0.189345],[-0.792538,-0.0395486,0.608539],[0.578334,0.267769,0.770603]],[[-0.193424,0.962671,-0.189345],[-0.968453,-0.156433,0.193979],[0.157118,0.220892,0.96256]],[[-0.193424,0.962671,-0.189345],[-0.684085,-0.27067,-0.677322],[-0.703289,-0.00148254,0.710903]]],"btipPosition":[15.788,289.963,7.64184],"carpPosition":[33.5492,310.82,95.5384],"dipPosition":[-0.66642,289.928,24.2744],"direction":[-0.157118,-0.220892,-0.96256],"extended":false,"handId":396,"id":3960,"length":52.1005,"mcpPosition":[33.5492,310.82,95.5384],"pipPosition":[4.68897,297.457,57.0835],"stabilizedTipPosition":[14.6291,273.361,107.537],"timeVisible":1.03029,"tipPosition":[11.6295,290.694,11.6898],"tipVelocity":[4.7845,8.18496,-135.997],"tool":false,"touchDistance":-0.473744,"touchZone":"touching","type":0,"width":20.2438},{"bases":[[[0.870897,0.428075,-0.241435],[-0.373094,0.895629,0.242177],[0.319906,-0.120833,0.939713]],[[0.919203,0.392263,-0.0345744],[-0.391927,0.919852,0.0163022],[0.0381981,-0.00143433,0.999269]],[[0.919203,0.392263,-0.0345744],[-0.393739,0.91422,-0.0957683],[-0.00595775,0.101644,0.994803]],[[0.919203,0.392263,-0.0345744],[-0.391878,0.902592,-0.178211],[-0.0386992,0.177361,0.983385]]],"btipPosition":[7.97059,337.737,-60.4846],"carpPosition":[32.3344,334.274,92.3804],"dipPosition":[7.30959,340.766,-43.688],"direction":[0.00595775,-0.101644,-0.994803],"extended":true,"handId":396,"id":3961,"length":58.7895,"mcpPosition":[8.80622,343.161,23.2673],"pipPosition":[7.16564,343.222,-19.6506],"stabilizedTipPosition":[18.1415,312.461,73.0925],"timeVisible":1.03029,"tipPosition":[8.14156,337.924,-56.546],"tipVelocity":[-1.65162,14.6055,-126.949],"tool":false,"touchDistance":-0.479042,"touchZone":"touching","type":1,"width":19.3369},{"bases":[[[0.956868,0.248817,-0.14998],[-0.213373,0.952236,0.218445],[0.19717,-0.177022,0.964255]],[[0.949934,0.254454,-0.181325],[-0.264507,0.345992,-0.900181],[-0.166318,0.903074,0.395974]],[[0.949934,0.254454,-0.181325],[0.0641507,-0.726801,-0.683846],[-0.305795,0.637976,-0.706736]],[[0.949934,0.254454,-0.181325],[0.211438,-0.950776,-0.226536],[-0.230043,0.176855,-0.956976]]],"btipPosition":[49.3929,288.455,41.0342],"carpPosition":[42.1161,341.082,89.2992],"dipPosition":[45.0713,291.777,23.0562],"direction":[0.305795,-0.637976,0.706736],"extended":false,"handId":396,"id":3962,"length":66.986,"mcpPosition":[28.3641,353.428,22.0456],"pipPosition":[36.3783,309.913,2.96534],"stabilizedTipPosition":[53.7246,271.284,133.275],"timeVisible":1.03029,"tipPosition":[48.4442,288.834,36.7509],"tipVelocity":[-15.4421,6.7908,-113.686],"tool":false,"touchDistance":0.333333,"touchZone":"none","type":2,"width":18.9914},{"bases":[[[0.988798,0.147559,-0.0224853],[-0.13807,0.961451,0.237799],[0.0567078,-0.23203,0.971054]],[[0.988936,0.146979,-0.0200624],[-0.0710677,0.350713,-0.933782],[-0.13021,0.924877,0.357278]],[[0.988936,0.146979,-0.0200624],[0.0990528,-0.754953,-0.648255],[-0.110426,0.639096,-0.761159]],[[0.988936,0.146979,-0.0200624],[0.140914,-0.973045,-0.182556],[-0.0463535,0.177709,-0.982991]]],"btipPosition":[59.645,297.326,49.5454],"carpPosition":[53.4562,345.125,86.8721],"dipPosition":[58.7792,300.645,31.1848],"direction":[0.110426,-0.639096,0.761159],"extended":false,"handId":396,"id":3963,"length":64.4088,"mcpPosition":[49.9051,359.655,26.0638],"pipPosition":[55.7211,318.344,10.1056],"stabilizedTipPosition":[65.3481,282.685,140.11],"timeVisible":1.03029,"tipPosition":[59.5023,297.689,45.2144],"tipVelocity":[-14.2447,1.31686,-133.665],"tool":false,"touchDistance":0.333333,"touchZone":"none","type":3,"width":18.0715},{"bases":[[[0.997845,-0.0411896,0.0510747],[0.0229609,0.948396,0.316257],[-0.0614655,-0.314402,0.947298]],[[0.997631,-0.0422566,0.0542898],[0.0669394,0.414094,-0.90777],[0.0158782,0.909253,0.415941]],[[0.997631,-0.0422566,0.0542898],[0.00673186,-0.725385,-0.68831],[0.0684666,0.687045,-0.723382]],[[0.997631,-0.0422566,0.0542898],[-0.028178,-0.970883,-0.237889],[0.0627614,0.235796,-0.969774]]],"btipPosition":[67.8959,310.988,46.3896],"carpPosition":[67.3144,342.401,85.1501],"dipPosition":[68.9774,315.052,29.6789],"direction":[-0.0684666,-0.687045,0.723382],"extended":false,"handId":396,"id":3964,"length":50.4953,"mcpPosition":[70.8774,360.626,30.2376],"pipPosition":[70.3161,328.485,15.5347],"stabilizedTipPosition":[73.2947,295.825,137.182],"timeVisible":1.03029,"tipPosition":[68.1837,311.498,42.2469],"tipVelocity":[-11.6926,-2.2275,-118.892],"tool":false,"touchDistance":0.333333,"touchZone":"none","type":4,"width":16.0525}],"r":[[0.981179,0.191523,-0.0246259],[-0.192676,0.962603,-0.190448],[-0.0127701,0.191609,0.981388]],"s":1.11459,"t":[-38.5554,99.8201,-176.059],"timestamp":521305872089},false],[3,{"currentFrameRate":107.962,"devices":[],"gestures":[],"hands":[{"armBasis":[[0.782079,0.525883,-0.334365],[-0.246456,0.753812,0.60912],[0.572373,-0.393974,0.719148]],"armWidth":63.7005,"confidence":0.899635,"direction":[-0.217606,0.320077,-0.922062],"elbow":[209.962,225.682,286.675],"grabStrength":0,"id":396,"palmNormal":[0.315947,-0.870736,-0.376824],"palmPosition":[38.0488,342.696,41.834],"palmVelocity":[-4.56968,-3.24069,-132.019],"palmWidth":90.9622,"pinchStrength":0.504382,"r":[[0.98167,0.189107,-0.0237381],[-0.190131,0.963021,-0.190893],[-0.0132388,0.191907,0.981324]],"s":1.1133,"sphereCenter":[53.0185,310.449,7.3632],"sphereRadius":49.3565,"stabilizedPalmPosition":[47.3662,318.077,158.993],"t":[-38.5701,99.7518,-177.27],"timeVisible":1.03952,"type":"right","wrist":[55.4688,332.023,92.5642]}],"id":4101956,"interactionBox":{"center":[0,200,0],"size":[235.247,235.247,147.751]},"pointables":[{"bases":[[[0.0465542,0.991491,0.121565],[-0.799587,-0.0359569,0.599473],[0.598743,-0.12511,0.79111]],[[-0.18496,0.964429,-0.188855],[-0.796016,-0.0343264,0.604302],[0.576323,0.262103,0.77405]],[[-0.18496,0.964429,-0.188855],[-0.970207,-0.148596,0.19136],[0.15649,0.218623,0.96318]],[[-0.18496,0.964429,-0.188855],[-0.682086,-0.264328,-0.681828],[-0.707494,0.00270494,0.706714]]],"btipPosition":[15.7646,290.293,6.17634],"carpPosition":[33.3056,310.887,94.168],"dipPosition":[-0.788213,290.356,22.7109],"direction":[-0.15649,-0.218623,-0.96318],"extended":false,"handId":396,"id":3960,"length":52.1005,"mcpPosition":[33.3056,310.887,94.168],"pipPosition":[4.54576,297.808,55.5411],"stabilizedTipPosition":[14.6291,273.361,107.537],"timeVisible":1.03952,"tipPosition":[11.5255,290.846,10.2376],"tipVelocity":[2.04423,16.5924,-143.101],"tool":false,"touchDistance":-0.477024,"touchZone":"touching","type":0,"width":20.2438},{"bases":[[[0.873839,0.421764,-0.241912],[-0.367274,0.898611,0.240018],[0.318616,-0.120889,0.940144]],[[0.92176,0.386154,-0.035261],[-0.385881,0.922434,0.0145093],[0.0381288,0.000232487,0.999273]],[[0.92176,0.386154,-0.035261],[-0.387724,0.916599,-0.0975516],[-0.00534973,0.103591,0.994606]],[[0.92176,0.386154,-0.035261],[-0.385933,0.904798,-0.179987],[-0.0375986,0.179513,0.983037]]],"btipPosition":[7.94849,337.654,-61.9281],"carpPosition":[32.2479,334.342,90.9581],"dipPosition":[7.30629,340.72,-45.1375],"direction":[0.00534973,-0.103591,-0.994606],"extended":true,"handId":396,"id":3961,"length":58.7895,"mcpPosition":[8.81463,343.233,21.8132],"pipPosition":[7.17703,343.223,-21.1048],"stabilizedTipPosition":[18.1411,312.462,73.0872],"timeVisible":1.03952,"tipPosition":[8.12444,337.854,-57.9914],"tipVelocity":[-1.72884,8.237,-135.278],"tool":false,"touchDistance":-0.481144,"touchZone":"touching","type":1,"width":19.3369},{"bases":[[[0.958573,0.242141,-0.15002],[-0.20717,0.954106,0.216247],[0.195497,-0.176209,0.964744]],[[0.951728,0.247729,-0.181232],[-0.262313,0.349821,-0.899343],[-0.159395,0.903469,0.397917]],[[0.951728,0.247729,-0.181232],[0.0593266,-0.727769,-0.683252],[-0.301156,0.639518,-0.707335]],[[0.951728,0.247729,-0.181232],[0.205552,-0.952884,-0.22307],[-0.227954,0.175049,-0.957807]]],"btipPosition":[48.9649,288.365,39.507],"carpPosition":[42.0761,341.078,87.8671],"dipPosition":[44.6825,291.654,21.5134],"direction":[0.301156,-0.639518,0.707335],"extended":false,"handId":396,"id":3962,"length":66.986,"mcpPosition":[28.4408,353.368,20.5794],"pipPosition":[36.1213,309.834,1.40551],"stabilizedTipPosition":[53.7246,271.284,133.275],"timeVisible":1.03952,"tipPosition":[48.0428,288.74,35.3119],"tipVelocity":[-23.8487,1.93498,-128.344],"tool":false,"touchDistance":0.333333,"touchZone":"none","type":2,"width":18.9914},{"bases":[[[0.989765,0.140953,-0.0222866],[-0.131817,0.962864,0.23562],[0.0546704,-0.23027,0.97159]],[[0.989871,0.140502,-0.0203823],[-0.0695522,0.354756,-0.932368],[-0.123769,0.924342,0.360935]],[[0.989871,0.140502,-0.0203823],[0.0936366,-0.75401,-0.650155],[-0.106716,0.641661,-0.759528]],[[0.989871,0.140502,-0.0203823],[0.134489,-0.973975,-0.182443],[-0.0454853,0.177853,-0.983005]]],"btipPosition":[59.3537,297.082,47.8687],"carpPosition":[53.444,345.041,85.4371],"dipPosition":[58.5041,300.404,29.5079],"direction":[0.106716,-0.641661,0.759528],"extended":false,"handId":396,"id":3963,"length":64.4088,"mcpPosition":[50.0205,359.46,24.5953],"pipPosition":[55.5488,318.174,8.47384],"stabilizedTipPosition":[65.3481,282.685,140.109],"timeVisible":1.03952,"tipPosition":[59.2005,297.496,43.6745],"tipVelocity":[-18.9918,-6.4596,-147.159],"tool":false,"touchDistance":0.333333,"touchZone":"none","type":3,"width":18.0715},{"bases":[[[0.997524,-0.0476889,0.0516913],[0.0290837,0.948914,0.314191],[-0.0640341,-0.311909,0.947952]],[[0.997285,-0.0488199,0.0551296],[0.0704069,0.412797,-0.908098],[0.021576,0.909514,0.415113]],[[0.997285,-0.0488199,0.0551296],[0.00240375,-0.726668,-0.686984],[0.0735995,0.685251,-0.724578]],[[0.997285,-0.0488199,0.0551296],[-0.0345366,-0.971293,-0.235367],[0.0650376,0.232824,-0.970342]]],"btipPosition":[67.6741,310.741,44.9925],"carpPosition":[67.2847,342.221,83.7284],"dipPosition":[68.7948,314.753,28.272],"direction":[-0.0735995,-0.685251,0.724578],"extended":false,"handId":396,"id":3964,"length":50.4953,"mcpPosition":[70.9966,360.302,28.778],"pipPosition":[70.2339,328.152,14.1044],"stabilizedTipPosition":[73.2946,295.825,137.182],"timeVisible":1.03952,"tipPosition":[67.9683,311.245,40.8756],"tipVelocity":[-14.8812,-9.47714,-128.097],"tool":false,"touchDistance":0.333333,"touchZone":"none","type":4,"width":16.0525}],"r":[[0.98167,0.189107,-0.0237381],[-0.190131,0.963021,-0.190893],[-0.0132388,0.191907,0.981324]],"s":1.1133,"t":[-38.5701,99.7518,-177.27],"timestamp":521305881312},false],[4,{"currentFrameRate":108.154,"devices":[],"gestures":[],"hands":[{"armBasis":[[0.781964,0.526073,-0.334334],[-0.246111,0.753371,0.609804],[0.572679,-0.394562,0.718581]],"armWidth":63.7005,"confidence":0.905218,"direction":[-0.216175,0.320187,-0.92236],"elbow":[209.946,225.375,285.575],"grabStrength":0,"id":396,"palmNormal":[0.315602,-0.871067,-0.376349],"palmPosition":[38.0223,342.559,40.8643],"palmVelocity":[-4.13702,-6.54406,-125.75],"palmWidth":90.9622,"pinchStrength":0.515102,"r":[[0.982097,0.186991,-0.0227893],[-0.187867,0.963382,-0.191312],[-0.0138189,0.192168,0.981265]],"s":1.11199,"sphereCenter":[53.3739,310.357,6.34027],"sphereRadius":49.4262,"stabilizedPalmPosition":[47.3662,318.077,158.993],"t":[-38.5907,99.6492,-178.36],"timeVisible":1.04841,"type":"right","wrist":[55.37,331.875,91.617]}],"id":4101957,"interactionBox":{"center":[0,200,0],"size":[235.247,235.247,147.751]},"pointables":[{"bases":[[[0.0473252,0.99146,0.121524],[-0.800357,-0.0351546,0.598492],[0.597653,-0.125587,0.791858]],[[-0.188129,0.962583,-0.195041],[-0.801465,-0.0356785,0.596976],[0.56768,0.268627,0.778189]],[[-0.188129,0.962583,-0.195041],[-0.968811,-0.149267,0.197799],[0.161284,0.22617,0.960643]],[[-0.188129,0.962583,-0.195041],[-0.682062,-0.270936,-0.679254],[-0.706682,0.00524331,0.707512]]],"btipPosition":[15.8931,289.523,5.06512],"carpPosition":[33.1853,310.76,93.1956],"dipPosition":[-0.640717,289.646,21.6184],"direction":[-0.161284,-0.22617,-0.960643],"extended":false,"handId":396,"id":3960,"length":52.1005,"mcpPosition":[33.1853,310.76,93.1956],"pipPosition":[4.85669,297.355,54.3621],"stabilizedTipPosition":[14.6291,273.361,107.537],"timeVisible":1.04841,"tipPosition":[11.6465,290.29,9.14943],"tipVelocity":[5.54857,-11.0184,-138.012],"tool":false,"touchDistance":-0.474259,"touchZone":"touching","type":0,"width":20.2438},{"bases":[[[0.874527,0.420928,-0.240879],[-0.366735,0.898975,0.239477],[0.317347,-0.12109,0.940547]],[[0.922131,0.385346,-0.0344052],[-0.385084,0.922772,0.0142108],[0.0372242,0.000144647,0.999307]],[[0.922131,0.385346,-0.0344052],[-0.386829,0.916938,-0.097922],[-0.00618642,0.103606,0.994599]],[[0.922131,0.385346,-0.0344052],[-0.38497,0.905123,-0.180416],[-0.0383815,0.179612,0.982989]]],"btipPosition":[8.01957,337.544,-62.9343],"carpPosition":[32.1532,334.215,89.982],"dipPosition":[7.364,340.611,-46.1445],"direction":[0.00618643,-0.103606,-0.994599],"extended":true,"handId":396,"id":3961,"length":58.7895,"mcpPosition":[8.81327,343.121,20.8075],"pipPosition":[7.21452,343.115,-22.112],"stabilizedTipPosition":[18.1408,312.463,73.0837],"timeVisible":1.04841,"tipPosition":[8.19384,337.752,-58.9991],"tipVelocity":[0.819644,2.64481,-129.243],"tool":false,"touchDistance":-0.476459,"touchZone":"touching","type":1,"width":19.3369},{"bases":[[[0.958981,0.241236,-0.148865],[-0.206549,0.954319,0.215897],[0.194147,-0.176294,0.965001]],[[0.952201,0.246811,-0.179995],[-0.262139,0.35768,-0.896297],[-0.156836,0.900638,0.405282]],[[0.952201,0.246811,-0.179995],[0.0579928,-0.724573,-0.686754],[-0.299918,0.643489,-0.704252]],[[0.952201,0.246811,-0.179995],[0.204733,-0.952935,-0.223607],[-0.226712,0.176067,-0.957915]]],"btipPosition":[48.7926,288.239,38.0839],"carpPosition":[41.9915,340.942,86.9025],"dipPosition":[44.5336,291.547,20.0883],"direction":[0.299918,-0.643489,0.704252],"extended":false,"handId":396,"id":3962,"length":66.986,"mcpPosition":[28.4503,353.238,19.5968],"pipPosition":[36.0076,309.84,0.0680134],"stabilizedTipPosition":[53.7246,271.284,133.275],"timeVisible":1.04841,"tipPosition":[47.9035,288.654,34.0645],"tipVelocity":[-22.4639,-2.30034,-136.945],"tool":false,"touchDistance":0.333333,"touchZone":"none","type":2,"width":18.9914},{"bases":[[[0.989922,0.140032,-0.0210834],[-0.131213,0.96301,0.235362],[0.0532618,-0.230224,0.971679]],[[0.990002,0.139683,-0.0196095],[-0.0689972,0.358312,-0.931049],[-0.123025,0.923093,0.364367]],[[0.990002,0.139683,-0.0196095],[0.093276,-0.752601,-0.651836],[-0.105809,0.64349,-0.758106]],[[0.990002,0.139683,-0.0196095],[0.133809,-0.974018,-0.182714],[-0.044622,0.178263,-0.982971]]],"btipPosition":[59.2895,296.929,46.7187],"carpPosition":[53.3661,344.894,84.4861],"dipPosition":[58.456,300.259,28.3585],"direction":[0.105809,-0.64349,0.758106],"extended":false,"handId":396,"id":3963,"length":64.4088,"mcpPosition":[50.0308,359.311,23.6387],"pipPosition":[55.5258,318.08,7.36387],"stabilizedTipPosition":[65.3481,282.685,140.109],"timeVisible":1.04841,"tipPosition":[59.1324,297.37,42.6011],"tipVelocity":[-15.6764,-9.3049,-142.278],"tool":false,"touchDistance":0.333333,"touchZone":"none","type":3,"width":18.0715},{"bases":[[[0.997415,-0.0486097,0.0529227],[0.0295784,0.948918,0.314132],[-0.0654892,-0.311755,0.947903]],[[0.997143,-0.0498648,0.0567398],[0.072366,0.415244,-0.906827],[0.0216579,0.908342,0.417667]],[[0.997143,-0.0498648,0.0567398],[0.00286927,-0.725603,-0.688108],[0.075483,0.686305,-0.723386]],[[0.997143,-0.0498648,0.0567398],[-0.035168,-0.971235,-0.235513],[0.0668515,0.232844,-0.970214]]],"btipPosition":[67.609,310.593,43.9458],"carpPosition":[67.2062,342.061,82.7946],"dipPosition":[68.761,314.605,27.2275],"direction":[-0.075483,-0.686305,0.723386],"extended":false,"handId":396,"id":3964,"length":50.4953,"mcpPosition":[71.0024,360.133,27.8471],"pipPosition":[70.2369,328.024,13.0833],"stabilizedTipPosition":[73.2946,295.825,137.182],"timeVisible":1.04841,"tipPosition":[67.91,311.111,39.887],"tipVelocity":[-12.6048,-11.4316,-125.232],"tool":false,"touchDistance":0.333333,"touchZone":"none","type":4,"width":16.0525}],"r":[[0.982097,0.186991,-0.0227893],[-0.187867,0.963382,-0.191312],[-0.0138189,0.192168,0.981265]],"s":1.11199,"t":[-38.5907,99.6492,-178.36],"timestamp":521305890211},false],[5,{"currentFrameRate":108.25,"devices":[],"gestures":[],"hands":[{"armBasis":[[0.783164,0.523052,-0.336259],[-0.242143,0.754619,0.60985],[0.572731,-0.396189,0.717644]],"armWidth":63.7005,"confidence":0.908266,"direction":[-0.213742,0.320968,-0.922656],"elbow":[209.869,224.699,284.076],"grabStrength":0,"id":396,"palmNormal":[0.311018,-0.872977,-0.375737],"palmPosition":[38.0261,342.395,39.6019],"palmVelocity":[-2.87634,-9.73272,-129.481],"palmWidth":90.9622,"pinchStrength":0.525663,"r":[[0.982644,0.184203,-0.0219074],[-0.184957,0.963857,-0.191758],[-0.0142069,0.192482,0.981198]],"s":1.11088,"sphereCenter":[53.5005,310.135,5.03779],"sphereRadius":49.4958,"stabilizedPalmPosition":[47.3662,318.078,158.993],"t":[-38.5991,99.5159,-179.537],"timeVisible":1.05748,"type":"right","wrist":[55.2784,331.637,90.3716]}],"id":4101958,"interactionBox":{"center":[0,200,0],"size":[235.247,235.247,147.751]},"pointables":[{"bases":[[[0.0527515,0.991236,0.121115],[-0.800961,-0.0304348,0.597943],[0.596388,-0.128551,0.792336]],[[-0.186833,0.961541,-0.201326],[-0.80613,-0.0329301,0.590822],[0.56147,0.27268,0.78128]],[[-0.186833,0.961541,-0.201326],[-0.967866,-0.145052,0.205415],[0.168312,0.233235,0.957743]],[[-0.186833,0.961541,-0.201326],[-0.684266,-0.274419,-0.675629],[-0.704893,0.0115308,0.70922]]],"btipPosition":[15.712,288.82,3.7182],"carpPosition":[32.9756,310.647,91.944],"dipPosition":[-0.780041,289.09,20.3114],"direction":[-0.168312,-0.233235,-0.957743],"extended":false,"handId":396,"id":3960,"length":52.1005,"mcpPosition":[32.9756,310.647,91.944],"pipPosition":[4.95691,297.04,52.9563],"stabilizedTipPosition":[14.6291,273.361,107.537],"timeVisible":1.05748,"tipPosition":[11.4994,289.781,7.81331],"tipVelocity":[-1.21233,-28.3723,-140.653],"tool":false,"touchDistance":-0.475232,"touchZone":"touching","type":0,"width":20.2438},{"bases":[[[0.877023,0.415951,-0.240449],[-0.361899,0.901108,0.238817],[0.316007,-0.12243,0.940825]],[[0.92424,0.380272,-0.0342722],[-0.380015,0.924875,0.0139775],[0.0370127,0.000105336,0.999315]],[[0.92424,0.380272,-0.0342722],[-0.381768,0.919027,-0.0981964],[-0.00584428,0.103841,0.994577]],[[0.92424,0.380272,-0.0342722],[-0.379954,0.907177,-0.180733],[-0.0376366,0.180062,0.982935]]],"btipPosition":[8.02923,337.521,-64.2164],"carpPosition":[32.0762,334.106,88.7192],"dipPosition":[7.38638,340.597,-47.4275],"direction":[0.00584428,-0.103841,-0.994577],"extended":true,"handId":396,"id":3961,"length":58.7895,"mcpPosition":[8.83484,343.11,19.5243],"pipPosition":[7.24517,343.106,-23.3955],"stabilizedTipPosition":[18.1406,312.463,73.0812],"timeVisible":1.05748,"tipPosition":[8.20865,337.737,-60.2827],"tipVelocity":[0.976763,1.28909,-132.618],"tool":false,"touchDistance":-0.476381,"touchZone":"touching","type":1,"width":19.3369},{"bases":[[[0.960412,0.235834,-0.148295],[-0.201392,0.95555,0.215326],[0.192485,-0.176936,0.965217]],[[0.953677,0.241438,-0.179463],[-0.260973,0.367241,-0.892764],[-0.149641,0.898244,0.413238]],[[0.953677,0.241438,-0.179463],[0.0524975,-0.720972,-0.690973],[-0.296215,0.649544,-0.700249]],[[0.953677,0.241438,-0.179463],[0.199097,-0.95377,-0.225129],[-0.225521,0.17897,-0.957658]]],"btipPosition":[48.3967,288.008,36.3081],"carpPosition":[41.9539,340.777,85.6436],"dipPosition":[44.16,291.37,18.3173],"direction":[0.296215,-0.649544,0.700249],"extended":false,"handId":396,"id":3962,"length":66.986,"mcpPosition":[28.5287,353.117,18.323],"pipPosition":[35.7392,309.835,-1.58922],"stabilizedTipPosition":[53.7245,271.284,133.275],"timeVisible":1.05748,"tipPosition":[47.5353,288.479,32.4704],"tipVelocity":[-28.1686,-8.34614,-153.199],"tool":false,"touchDistance":0.333333,"touchZone":"none","type":2,"width":18.9914},{"bases":[[[0.9907,0.134517,-0.0204466],[-0.126022,0.96383,0.23484],[0.051297,-0.230079,0.971819]],[[0.99077,0.134199,-0.0191052],[-0.0665137,0.358495,-0.931159],[-0.118112,0.923835,0.364113]],[[0.99077,0.134199,-0.0191052],[0.0895418,-0.753755,-0.651026],[-0.101768,0.643307,-0.758815]],[[0.99077,0.134199,-0.0191052],[0.128568,-0.975,-0.181232],[-0.0429487,0.177103,-0.983255]]],"btipPosition":[59.0358,296.684,45.4937],"carpPosition":[53.352,344.664,83.2335],"dipPosition":[58.2336,299.992,27.1282],"direction":[0.101768,-0.643307,0.758815],"extended":false,"handId":396,"id":3963,"length":64.4088,"mcpPosition":[50.1397,359.072,22.3774],"pipPosition":[55.4153,317.808,6.11392],"stabilizedTipPosition":[65.3481,282.685,140.109],"timeVisible":1.05748,"tipPosition":[58.8829,297.116,41.3718],"tipVelocity":[-18.8579,-14.3561,-140.342],"tool":false,"touchDistance":0.333333,"touchZone":"none","type":3,"width":18.0715},{"bases":[[[0.997092,-0.0541305,0.053649],[0.0346328,0.94888,0.31373],[-0.0678888,-0.310959,0.947995]],[[0.996786,-0.0554869,0.0577852],[0.0757125,0.416733,-0.90587],[0.0261829,0.907334,0.419595]],[[0.996786,-0.0554869,0.0577852],[-0.000441013,-0.725095,-0.688649],[0.0801107,0.68641,-0.722789]],[[0.996786,-0.0554869,0.0577852],[-0.0404436,-0.971177,-0.234904],[0.0691537,0.231812,-0.970299]]],"btipPosition":[67.4291,310.291,42.6205],"carpPosition":[67.1773,341.754,81.5531],"dipPosition":[68.6208,314.285,25.9008],"direction":[-0.0801107,-0.68641,0.722789],"extended":false,"handId":396,"id":3964,"length":50.4953,"mcpPosition":[71.1127,359.779,26.6002],"pipPosition":[70.1871,327.706,11.7682],"stabilizedTipPosition":[73.2946,295.825,137.182],"timeVisible":1.05748,"tipPosition":[67.7365,310.816,38.6092],"tipVelocity":[-14.3268,-17.6037,-131.033],"tool":false,"touchDistance":0.333333,"touchZone":"none","type":4,"width":16.0525}],"r":[[0.982644,0.184203,-0.0219074],[-0.184957,0.963857,-0.191758],[-0.0142069,0.192482,0.981198]],"s":1.11088,"t":[-38.5991,99.5159,-179.537],"timestamp":521305899276},false],[6,{"currentFrameRate":108.377,"devices":[],"gestures":[],"hands":[{"armBasis":[[0.786592,0.510665,-0.347124],[-0.234512,0.767112,0.597113],[0.571207,-0.388279,0.723161]],"armWidth":63.7005,"confidence":0.911141,"direction":[-0.207743,0.321268,-0.923921],"elbow":[209.335,226.052,283.49],"grabStrength":0,"id":396,"palmNormal":[0.297765,-0.878933,-0.372577],"palmPosition":[38.1274,341.717,37.4729],"palmVelocity":[1.00408,-27.7714,-158.895],"palmWidth":90.9622,"pinchStrength":0.537693,"r":[[0.983642,0.178892,-0.0211032],[-0.179578,0.964671,-0.192776],[-0.0141284,0.193412,0.981016]],"s":1.10974,"sphereCenter":[53.4232,309.176,2.9974],"sphereRadius":49.5398,"stabilizedPalmPosition":[47.3662,318.078,158.993],"t":[-38.5526,99.1098,-181.189],"timeVisible":1.06648,"type":"right","wrist":[55.1566,330.855,88.296]}],"id":4101959,"interactionBox":{"center":[0,200,0],"size":[235.247,235.247,147.751]},"pointables":[{"bases":[[[0.0680721,0.990681,0.117976],[-0.801966,-0.0160074,0.597155],[0.593479,-0.135262,0.793402]],[[-0.175082,0.962041,-0.209343],[-0.811425,-0.0205711,0.584094],[0.557616,0.27213,0.784226]],[[-0.175082,0.962041,-0.209343],[-0.969558,-0.131503,0.206555],[0.171185,0.239134,0.955778]],[[-0.175082,0.962041,-0.209343],[-0.685147,-0.271749,-0.675815],[-0.70705,0.0251073,0.706717]]],"btipPosition":[15.4088,287.902,1.66428],"carpPosition":[32.5275,310.221,89.9115],"dipPosition":[-1.13372,288.49,18.199],"direction":[-0.171185,-0.239134,-0.955778],"extended":false,"handId":396,"id":3960,"length":52.1005,"mcpPosition":[32.5275,310.221,89.9115],"pipPosition":[4.70116,296.641,50.7768],"stabilizedTipPosition":[14.6291,273.361,107.537],"timeVisible":1.06648,"tipPosition":[11.1113,289.03,5.74255],"tipVelocity":[-10.4846,-46.3526,-165.12],"tool":false,"touchDistance":-0.487053,"touchZone":"touching","type":0,"width":20.2438},{"bases":[[[0.883653,0.401448,-0.240823],[-0.348057,0.907409,0.235511],[0.313071,-0.12429,0.941562]],[[0.930051,0.365778,-0.034818],[-0.365619,0.930699,0.0110512],[0.0364473,0.00245196,0.999333]],[[0.930051,0.365778,-0.034818],[-0.3674,0.924544,-0.101174],[-0.00481665,0.106889,0.994259]],[[0.930051,0.365778,-0.034818],[-0.365718,0.912409,-0.183739],[-0.0354394,0.18362,0.982358]]],"btipPosition":[8.12827,336.997,-66.363],"carpPosition":[31.9974,333.68,86.6101],"dipPosition":[7.52295,340.133,-49.5839],"direction":[0.00481665,-0.106889,-0.994259],"extended":true,"handId":396,"id":3961,"length":58.7895,"mcpPosition":[8.97195,342.821,17.361],"pipPosition":[7.40656,342.716,-25.5596],"stabilizedTipPosition":[18.1405,312.463,73.0795],"timeVisible":1.06648,"tipPosition":[8.31333,337.228,-62.4315],"tipVelocity":[3.99361,-14.6312,-161.776],"tool":false,"touchDistance":-0.489309,"touchZone":"touching","type":1,"width":19.3369},{"bases":[[[0.964127,0.220353,-0.147997],[-0.186696,0.959266,0.212021],[0.188688,-0.176784,0.965994]],[[0.957501,0.22597,-0.179246],[-0.255086,0.373376,-0.89192],[-0.134621,0.899738,0.41515]],[[0.957501,0.22597,-0.179246],[0.0410559,-0.721906,-0.690772],[-0.285492,0.654056,-0.700504]],[[0.957501,0.22597,-0.179246],[0.184385,-0.95744,-0.22206],[-0.221796,0.179573,-0.958415]]],"btipPosition":[47.5901,287.195,34.0635],"carpPosition":[41.9811,340.186,83.5239],"dipPosition":[43.4234,290.569,16.0585],"direction":[0.285492,-0.654056,0.700504],"extended":false,"handId":396,"id":3962,"length":66.986,"mcpPosition":[28.8207,352.516,16.149],"pipPosition":[35.3075,309.162,-3.85524],"stabilizedTipPosition":[53.7245,271.284,133.274],"timeVisible":1.06648,"tipPosition":[46.7526,287.686,30.3087],"tipVelocity":[-44.5539,-30.7702,-179.728],"tool":false,"touchDistance":0.333333,"touchZone":"none","type":2,"width":18.9914},{"bases":[[[0.992698,0.118991,-0.0197895],[-0.111226,0.966434,0.231591],[0.0466825,-0.227699,0.972612]],[[0.992741,0.118778,-0.0188787],[-0.0602467,0.355277,-0.932818],[-0.104091,0.927184,0.359854]],[[0.992741,0.118778,-0.0188787],[0.0784722,-0.758662,-0.646741],[-0.091141,0.640565,-0.762476]],[[0.992741,0.118778,-0.0188787],[0.113659,-0.977875,-0.175622],[-0.039321,0.172201,-0.984277]]],"btipPosition":[58.4254,295.777,43.6351],"carpPosition":[53.4409,343.888,81.1138],"dipPosition":[57.691,298.993,25.2505],"direction":[0.091141,-0.640565,0.762476],"extended":false,"handId":396,"id":3963,"length":64.4088,"mcpPosition":[50.5176,358.146,20.208],"pipPosition":[55.167,316.733,4.1348],"stabilizedTipPosition":[65.348,282.685,140.109],"timeVisible":1.06648,"tipPosition":[58.2784,296.179,39.467],"tipVelocity":[-31.829,-38.7511,-158.66],"tool":false,"touchDistance":0.333333,"touchZone":"none","type":3,"width":18.0715},{"bases":[[[0.99607,-0.0694918,0.0549211],[0.0490929,0.949238,0.310706],[-0.0737247,-0.306788,0.948918]],[[0.995725,-0.0708813,0.0592204],[0.083378,0.413917,-0.906488],[0.0397407,0.907551,0.418058]],[[0.995725,-0.0708813,0.0592204],[-0.0108946,-0.726814,-0.686748],[0.0917198,0.683167,-0.724479]],[[0.995725,-0.0708813,0.0592204],[-0.0553663,-0.971243,-0.231565],[0.073931,0.227296,-0.971015]]],"btipPosition":[67.0225,309.185,40.5717],"carpPosition":[67.221,340.757,79.4581],"dipPosition":[68.2965,313.102,23.8396],"direction":[-0.0917198,-0.683167,0.724479],"extended":false,"handId":396,"id":3964,"length":50.4953,"mcpPosition":[71.4946,358.54,24.4517],"pipPosition":[70.0898,326.46,9.67399],"stabilizedTipPosition":[73.2946,295.825,137.182],"timeVisible":1.06648,"tipPosition":[67.342,309.699,36.5864],"tipVelocity":[-22.222,-47.0421,-157.662],"tool":false,"touchDistance":0.333333,"touchZone":"none","type":4,"width":16.0525}],"r":[[0.983642,0.178892,-0.0211032],[-0.179578,0.964671,-0.192776],[-0.0141284,0.19341