{"sensorType":"Leap","data":[[0,{"currentFrameRate":110.572,"devices":[],"gestures":[],"hands":[{"armBasis":[[0.767308,0.616605,-0.176172],[-0.350234,0.633071,0.690331],[0.537191,-0.467995,0.701717]],"armWidth":63.7005,"confidence":0.711276,"direction":[-0.204564,0.485713,-0.849845],"elbow":[192.258,191.514,284.016],"grabStrength":0,"id":394,"palmNormal":[0.401429,-0.750209,-0.525395],"palmPosition":[31.1479,337.396,46.1475],"palmVelocity":[34.7198,18.4042,-52.1194],"palmWidth":90.9622,"pinchStrength":0.403251,"r":[[0.891838,0.371855,0.257583],[-0.365893,0.927822,-0.0725912],[-0.265985,-0.0295082,0.963526]],"s":1.13098,"sphereCenter":[57.4173,314.892,6.97539],"sphereRadius":51.0241,"stabilizedPalmPosition":[27.4218,333.06,117.078],"t":[-61.3662,102.024,-152.655],"timeVisible":1.2923,"type":"right","wrist":[47.2605,317.834,94.6105]}],"id":4100921,"interactionBox":{"center":[0,200,0],"size":[235.247,235.247,147.751]},"pointables":[{"bases":[[[-0.039725,0.946313,0.3208],[-0.818173,-0.215107,0.533219],[0.573598,-0.241288,0.782793]],[[-0.234393,0.971605,0.0323042],[-0.854157,-0.221699,0.470388],[0.464193,0.0826627,0.881868]],[[-0.234393,0.971605,0.0323042],[-0.963329,-0.236604,0.126556],[0.130605,-0.00145586,0.991433]],[[-0.234393,0.971605,0.0323042],[-0.801039,-0.174204,-0.572704],[-0.550814,-0.160115,0.819126]]],"btipPosition":[12.1225,294.957,-6.30304],"carpPosition":[26.8515,295.287,90.6621],"dipPosition":[-0.764555,291.211,12.8616],"direction":[-0.130605,0.00145586,-0.991433],"extended":false,"handId":394,"id":3940,"length":52.1005,"mcpPosition":[26.8515,295.287,90.6621],"pipPosition":[3.68716,291.162,46.6548],"stabilizedTipPosition":[3.46178,293.899,55.0984],"timeVisible":1.2923,"tipPosition":[9.08366,295.07,-1.63366],"tipVelocity":[42.9896,-6.23124,-56.8174],"tool":false,"touchDistance":-0.353775,"touchZone":"touching","type":0,"width":20.2438},{"bases":[[[0.845732,0.523813,-0.101766],[-0.449138,0.801763,0.394272],[0.288117,-0.287741,0.913342]],[[0.88565,0.457746,0.0780562],[-0.463595,0.881224,0.0923285],[-0.026522,-0.117957,0.992664]],[[0.88565,0.457746,0.0780562],[-0.456642,0.889057,-0.0324941],[-0.0842704,-0.00686538,0.996419]],[[0.88565,0.457746,0.0780562],[-0.447192,0.886059,-0.122144],[-0.125073,0.0732707,0.989438]]],"btipPosition":[8.13591,343.908,-58.6084],"carpPosition":[24.0145,318.764,92.1759],"dipPosition":[5.99961,345.159,-41.7084],"direction":[0.0842704,0.00686538,-0.996419],"extended":true,"handId":394,"id":3941,"length":58.7895,"mcpPosition":[2.82428,339.927,25.0023],"pipPosition":[3.96338,344.993,-17.6319],"stabilizedTipPosition":[2.31632,335.404,4.75772],"timeVisible":1.2923,"tipPosition":[7.92033,343.375,-54.7126],"tipVelocity":[51.6292,20.5879,-56.2696],"tool":false,"touchDistance":-0.348817,"touchZone":"touching","type":1,"width":19.3369},{"bases":[[[0.940975,0.335715,-0.0431477],[-0.293256,0.872266,0.391348],[0.169017,-0.355595,0.919231]],[[0.938066,0.341521,-0.058268],[-0.240586,0.521114,-0.818877],[-0.249299,0.782179,0.571004]],[[0.938066,0.341521,-0.058268],[0.163258,-0.584082,-0.795107],[-0.305579,0.73635,-0.603664]],[[0.938066,0.341521,-0.058268],[0.300671,-0.886061,-0.352834],[-0.172129,0.313463,-0.93387]]],"btipPosition":[45.5239,286.967,34.147],"carpPosition":[33.3791,326.677,91.0698],"dipPosition":[42.2902,292.856,16.6031],"direction":[0.305579,-0.73635,0.603664],"extended":false,"handId":394,"id":3942,"length":66.986,"mcpPosition":[21.5907,351.478,26.9565],"pipPosition":[33.6033,313.789,-0.557709],"stabilizedTipPosition":[44.8401,279.835,98.8789],"timeVisible":1.2923,"tipPosition":[44.8864,287.919,29.9091],"tipVelocity":[30.0353,21.6781,-48.2636],"tool":false,"touchDistance":0.333333,"touchZone":"none","type":2,"width":18.9914},{"bases":[[[0.975003,0.21301,0.0632171],[-0.219741,0.882242,0.416368],[0.0329179,-0.419852,0.906996]],[[0.974351,0.219706,0.0486852],[-0.0748032,0.520252,-0.85073],[-0.212239,0.825268,0.523343]],[[0.974351,0.219706,0.0486852],[0.180189,-0.632098,-0.753647],[-0.134807,0.743089,-0.655474]],[[0.974351,0.219706,0.0486852],[0.223773,-0.923051,-0.312895],[-0.0238059,0.315764,-0.948539]]],"btipPosition":[56.0727,294.81,45.8379],"carpPosition":[44.4762,331.856,90.1408],"dipPosition":[55.628,300.708,28.1208],"direction":[0.134807,-0.743089,0.655474],"extended":false,"handId":394,"id":3943,"length":64.4088,"mcpPosition":[42.4149,358.148,33.344],"pipPosition":[51.8947,321.286,9.9684],"stabilizedTipPosition":[55.1995,289.209,107.259],"timeVisible":1.2923,"tipPosition":[56.136,295.722,41.4233],"tipVelocity":[27.6008,22.5812,-42.459],"tool":false,"touchDistance":0.333333,"touchZone":"none","type":3,"width":18.0715},{"bases":[[[0.995075,0.0142656,0.0980962],[-0.0616403,0.864051,0.499617],[-0.0776327,-0.503202,0.860674]],[[0.99288,0.00196104,0.119105],[0.094677,0.593805,-0.799019],[-0.0722922,0.804607,0.589391]],[[0.99288,0.00196104,0.119105],[0.0969334,-0.594457,-0.798264],[0.0692375,0.804125,-0.590414]],[[0.99288,0.00196104,0.119105],[0.0481892,-0.921009,-0.386548],[0.108939,0.389535,-0.914546]]],"btipPosition":[62.3846,308.737,45.274],"carpPosition":[58.56,330.445,88.6959],"dipPosition":[64.2618,315.449,29.515],"direction":[-0.0692375,-0.804125,0.590414],"extended":false,"handId":394,"id":3944,"length":50.4953,"mcpPosition":[63.0602,359.614,38.8048],"pipPosition":[65.6156,331.172,17.9707],"stabilizedTipPosition":[60.6011,304.609,105.185],"timeVisible":1.2923,"tipPosition":[62.8724,309.844,41.2581],"tipVelocity":[31.2543,23.0973,-40.8356],"tool":false,"touchDistance":0.333333,"touchZone":"none","type":4,"width":16.0525}],"r":[[0.891838,0.371855,0.257583],[-0.365893,0.927822,-0.0725912],[-0.265985,-0.0295082,0.963526]],"s":1.13098,"t":[-61.3662,102.024,-152.655],"timestamp":521294711029},false],[1,{"currentFrameRate":110.506,"devices":[],"gestures":[],"hands":[{"armBasis":[[0.767127,0.617164,-0.174997],[-0.350174,0.631437,0.691856],[0.537489,-0.469463,0.700507]],"armWidth":63.7005,"confidence":0.734884,"direction":[-0.202647,0.48516,-0.85062],"elbow":[192.481,191.337,283.413],"grabStrength":0,"id":394,"palmNormal":[0.402041,-0.750838,-0.524028],"palmPosition":[31.3955,337.586,45.8243],"palmVelocity":[32.5717,19.0495,-47.4154],"palmWidth":90.9622,"pinchStrength":0.40464,"r":[[0.891833,0.371032,0.258785],[-0.364875,0.928166,-0.073311],[-0.267396,-0.029043,0.963149]],"s":1.1309,"sphereCenter":[57.7546,315.061,6.74071],"sphereRadius":51.0067,"stabilizedPalmPosition":[27.4361,333.076,116.823],"t":[-61.0855,102.222,-153.044],"timeVisible":1.30146,"type":"right","wrist":[47.4032,318.053,94.3338]}],"id":4100922,"interactionBox":{"center":[0,200,0],"size":[235.247,235.247,147.751]},"pointables":[{"bases":[[[-0.0398325,0.946585,0.319984],[-0.819325,-0.214245,0.531795],[0.571944,-0.240988,0.784095]],[[-0.232767,0.971974,0.0329619],[-0.856035,-0.220852,0.467363],[0.461544,0.08057,0.883451]],[[-0.232767,0.971974,0.0329619],[-0.964003,-0.235072,0.124252],[0.128518,-0.00285366,0.991703]],[[-0.232767,0.971974,0.0329619],[-0.797515,-0.171371,-0.578448],[-0.556588,-0.160931,0.815053]]],"btipPosition":[12.5992,295.356,-6.59467],"carpPosition":[26.9897,295.514,90.3633],"dipPosition":[-0.423017,291.59,12.4747],"direction":[-0.128518,0.00285366,-0.991703],"extended":false,"handId":394,"id":3940,"length":52.1005,"mcpPosition":[26.9897,295.514,90.3633],"pipPosition":[3.95754,291.493,46.2771],"stabilizedTipPosition":[3.49863,293.902,54.7546],"timeVisible":1.30146,"tipPosition":[9.48809,295.306,-1.97145],"tipVelocity":[44.5553,7.48912,-50.5107],"tool":false,"touchDistance":-0.351434,"touchZone":"touching","type":0,"width":20.2438},{"bases":[[[0.846214,0.523273,-0.100531],[-0.449466,0.802316,0.392772],[0.286184,-0.287184,0.914125]],[[0.885732,0.457372,0.0793072],[-0.463335,0.881495,0.091033],[-0.0282729,-0.117377,0.992685]],[[0.885732,0.457372,0.0793072],[-0.456146,0.889255,-0.0340145],[-0.0860816,-0.0060479,0.99627]],[[0.885732,0.457372,0.0793072],[-0.446512,0.886169,-0.12382],[-0.126912,0.07426,0.98913]]],"btipPosition":[8.57649,344.035,-58.9806],"carpPosition":[24.1625,318.994,91.8534],"dipPosition":[6.40879,345.303,-42.0859],"direction":[0.0860816,0.0060479,-0.99627],"extended":true,"handId":394,"id":3941,"length":58.7895,"mcpPosition":[3.1145,340.116,24.6221],"pipPosition":[4.3288,345.157,-18.013],"stabilizedTipPosition":[2.40602,335.543,3.82586],"timeVisible":1.30146,"tipPosition":[8.3537,343.518,-55.0852],"tipVelocity":[50.4144,18.8346,-51.936],"tool":false,"touchDistance":-0.347869,"touchZone":"touching","type":1,"width":19.3369},{"bases":[[[0.94124,0.335169,-0.0415801],[-0.293541,0.872731,0.390096],[0.167036,-0.354968,0.919835]],[[0.938318,0.341054,-0.0569438],[-0.238929,0.520478,-0.819766],[-0.249946,0.782806,0.569861]],[[0.938318,0.341054,-0.0569438],[0.164975,-0.586307,-0.793112],[-0.30388,0.734797,-0.606408]],[[0.938318,0.341054,-0.0569438],[0.301368,-0.887385,-0.348892],[-0.169522,0.310211,-0.935431]]],"btipPosition":[45.7505,287.222,33.9567],"carpPosition":[33.5336,326.901,90.7593],"dipPosition":[42.5658,293.05,16.3835],"direction":[0.30388,-0.734797,0.606408],"extended":false,"handId":394,"id":3942,"length":66.986,"mcpPosition":[21.8833,351.658,26.6038],"pipPosition":[33.9272,313.938,-0.855317],"stabilizedTipPosition":[44.8402,279.843,98.8203],"timeVisible":1.30146,"tipPosition":[45.1249,288.151,29.6975],"tipVelocity":[28.8948,22.9674,-40.797],"tool":false,"touchDistance":0.333333,"touchZone":"none","type":2,"width":18.9914},{"bases":[[[0.974994,0.212529,0.0649464],[-0.220069,0.882687,0.415252],[0.0309258,-0.41916,0.907385]],[[0.974378,0.219172,0.0504991],[-0.0728418,0.519933,-0.851095],[-0.212793,0.825611,0.522577]],[[0.974378,0.219172,0.0504991],[0.181545,-0.633867,-0.751834],[-0.132772,0.741739,-0.657416]],[[0.974378,0.219172,0.0504991],[0.223917,-0.924158,-0.309503],[-0.0211655,0.312881,-0.949556]]],"btipPosition":[56.2756,295.059,45.6275],"carpPosition":[44.6353,332.073,89.8478],"dipPosition":[55.8802,300.904,27.8914],"direction":[0.132772,-0.741739,0.657416],"extended":false,"handId":394,"id":3943,"length":64.4088,"mcpPosition":[42.6987,358.322,33.0266],"pipPosition":[52.2033,321.445,9.6852],"stabilizedTipPosition":[55.2007,289.218,107.185],"timeVisible":1.30146,"tipPosition":[56.3517,295.952,41.211],"tipVelocity":[26.4211,23.5031,-37.1523],"tool":false,"touchDistance":0.333333,"touchZone":"none","type":3,"width":18.0715},{"bases":[[[0.99489,0.0138012,0.10002],[-0.0621402,0.864474,0.498821],[-0.0795801,-0.502487,0.860914]],[[0.992643,0.0014923,0.121071],[0.096603,0.593061,-0.799341],[-0.0729956,0.805156,0.588554]],[[0.992643,0.0014923,0.121071],[0.0980916,-0.59611,-0.796888],[0.0709827,0.802901,-0.591871]],[[0.992643,0.0014923,0.121071],[0.0482481,-0.921983,-0.384214],[0.111052,0.387229,-0.915271]]],"btipPosition":[62.6129,308.948,45.0662],"carpPosition":[58.7211,330.653,88.4314],"dipPosition":[64.5265,315.621,29.2946],"direction":[-0.0709827,-0.802901,0.591871],"extended":false,"handId":394,"id":3944,"length":50.4953,"mcpPosition":[63.3342,359.781,38.5263],"pipPosition":[65.9144,331.32,17.7219],"stabilizedTipPosition":[60.6059,304.62,105.061],"timeVisible":1.30146,"tipPosition":[63.1097,310.048,41.0487],"tipVelocity":[29.7388,22.7993,-35.8581],"tool":false,"touchDistance":0.333333,"touchZone":"none","type":4,"width":16.0525}],"r":[[0.891833,0.371032,0.258785],[-0.364875,0.928166,-0.073311],[-0.267396,-0.029043,0.963149]],"s":1.1309,"t":[-61.0855,102.222,-153.044],"timestamp":521294720196},false],[2,{"currentFrameRate":110.558,"devices":[],"gestures":[],"hands":[{"armBasis":[[0.770054,0.614296,-0.17221],[-0.350717,0.633095,0.690064],[0.532929,-0.47099,0.702961]],"armWidth":63.7005,"confidence":0.752544,"direction":[-0.199627,0.485023,-0.851411],"elbow":[191.39,191.084,283.831],"grabStrength":0,"id":394,"palmNormal":[0.401726,-0.752009,-0.522588],"palmPosition":[31.6912,337.747,45.5293],"palmVelocity":[32.6973,18.7641,-43.4643],"palmWidth":90.9622,"pinchStrength":0.408825,"r":[[0.891857,0.370038,0.260121],[-0.36364,0.928581,-0.0741786],[-0.268993,-0.0284337,0.962722]],"s":1.13049,"sphereCenter":[58.1379,315.174,6.55531],"sphereRadius":50.9775,"stabilizedPalmPosition":[27.4521,333.094,116.555],"t":[-60.7973,102.401,-153.386],"timeVisible":1.31042,"type":"right","wrist":[47.5435,318.213,94.0892]}],"id":4100923,"interactionBox":{"center":[0,200,0],"size":[235.247,235.247,147.751]},"pointables":[{"bases":[[[-0.0386307,0.946874,0.319276],[-0.821024,-0.212203,0.52999],[0.569586,-0.241659,0.785604]],[[-0.228587,0.972879,0.0354204],[-0.858698,-0.218635,0.463504],[0.458678,0.0755358,0.885386]],[[-0.228587,0.972879,0.0354204],[-0.965631,-0.231208,0.11874],[0.123709,-0.00706063,0.992293]],[[-0.228587,0.972879,0.0354204],[-0.792119,-0.164719,-0.58772],[-0.565946,-0.162403,0.808289]]],"btipPosition":[13.2282,295.984,-6.83153],"carpPosition":[27.0928,295.713,90.0849],"dipPosition":[-0.0129026,292.185,12.0796],"direction":[-0.123709,0.00706063,-0.992293],"extended":false,"handId":394,"id":3940,"length":52.1005,"mcpPosition":[27.0928,295.713,90.0849],"pipPosition":[4.20373,291.944,45.9021],"stabilizedTipPosition":[3.54814,293.911,54.3307],"timeVisible":1.31042,"tipPosition":[9.98935,295.676,-2.28067],"tipVelocity":[50.0468,24.3897,-45.0478],"tool":false,"touchDistance":-0.348723,"touchZone":"touching","type":0,"width":20.2438},{"bases":[[[0.847531,0.521456,-0.0988639],[-0.448733,0.803499,0.391187],[0.283424,-0.287179,0.914986]],[[0.886466,0.455659,0.0809475],[-0.461786,0.882433,0.0898087],[-0.0305087,-0.116993,0.992664]],[[0.886466,0.455659,0.0809475],[-0.454313,0.890138,-0.0354074],[-0.0881882,-0.00538804,0.996089]],[[0.886466,0.455659,0.0809475],[-0.444477,0.886979,-0.125335],[-0.128909,0.0751263,0.988807]]],"btipPosition":[9.10881,344.193,-59.3334],"carpPosition":[24.3108,319.2,91.553],"dipPosition":[6.90699,345.477,-42.4442],"direction":[0.0881882,0.00538804,-0.996089],"extended":true,"handId":394,"id":3941,"length":58.7895,"mcpPosition":[3.46578,340.322,24.2585],"pipPosition":[4.7761,345.346,-18.3757],"stabilizedTipPosition":[2.50889,335.691,2.84186],"timeVisible":1.31042,"tipPosition":[8.8791,343.693,-55.4384],"tipVelocity":[52.6484,18.6337,-48.5528],"tool":false,"touchDistance":-0.346727,"touchZone":"touching","type":1,"width":19.3369},{"bases":[[[0.942028,0.333194,-0.0395666],[-0.292657,0.87359,0.388834],[0.164122,-0.354713,0.920458]],[[0.939122,0.339136,-0.055103],[-0.236203,0.520793,-0.820355],[-0.249515,0.783429,0.569193]],[[0.939122,0.339136,-0.055103],[0.165891,-0.588007,-0.791662],[-0.300882,0.734326,-0.60847]],[[0.939122,0.339136,-0.055103],[0.300698,-0.888853,-0.345719],[-0.166224,0.308103,-0.936719]]],"btipPosition":[45.9529,287.413,33.7451],"carpPosition":[33.7007,327.087,90.476],"dipPosition":[42.8302,293.201,16.1476],"direction":[0.300882,-0.734326,0.60847],"extended":false,"handId":394,"id":3942,"length":66.986,"mcpPosition":[22.2537,351.827,26.2772],"pipPosition":[34.2768,314.077,-1.14979],"stabilizedTipPosition":[44.8406,279.852,98.7534],"timeVisible":1.31042,"tipPosition":[45.3431,288.325,29.4831],"tipVelocity":[27.613,22.2511,-36.2786],"tool":false,"touchDistance":0.333333,"touchZone":"none","type":2,"width":18.9914},{"bases":[[[0.975275,0.210554,0.0671189],[-0.219224,0.88341,0.414158],[0.0279092,-0.418632,0.907727]],[[0.974711,0.217155,0.0527408],[-0.0698399,0.520207,-0.85118],[-0.212274,0.825971,0.522218]],[[0.974711,0.217155,0.0527408],[0.182148,-0.635315,-0.750464],[-0.12946,0.741093,-0.658803]],[[0.974711,0.217155,0.0527408],[0.222758,-0.925367,-0.306716],[-0.0178004,0.310708,-0.950339]]],"btipPosition":[56.4667,295.231,45.4149],"carpPosition":[44.8153,332.236,89.5876],"dipPosition":[56.1342,301.035,27.6642],"direction":[0.12946,-0.741093,0.658803],"extended":false,"handId":394,"id":3943,"length":64.4088,"mcpPosition":[43.0676,358.451,32.7449],"pipPosition":[52.549,321.558,9.41957],"stabilizedTipPosition":[55.2021,289.227,107.103],"timeVisible":1.31042,"tipPosition":[56.5571,296.108,41.0096],"tipVelocity":[25.4771,22.0391,-33.591],"tool":false,"touchDistance":0.333333,"touchZone":"none","type":3,"width":18.0715},{"bases":[[[0.994677,0.0118085,0.102368],[-0.0615317,0.864926,0.498113],[-0.0826585,-0.50176,0.861048]],[[0.992437,-0.0000914429,0.122754],[0.0990829,0.590923,-0.80062],[-0.072465,0.806728,0.586462]],[[0.992437,-0.0000914429,0.122754],[0.0980653,-0.600906,-0.793281],[0.0738362,0.79932,-0.596352]],[[0.992437,-0.0000914429,0.122754],[0.0466808,-0.924591,-0.378092],[0.113532,0.380962,-0.917594]]],"btipPosition":[62.8544,309.161,45.034],"carpPosition":[58.9014,330.785,88.2054],"dipPosition":[64.8107,315.726,29.2225],"direction":[-0.0738362,-0.79932,0.596352],"extended":false,"handId":394,"id":3944,"length":50.4953,"mcpPosition":[63.6929,359.871,38.2926],"pipPosition":[66.2544,331.354,17.5621],"stabilizedTipPosition":[60.6119,304.634,104.919],"timeVisible":1.31042,"tipPosition":[63.3575,310.228,40.969],"tipVelocity":[29.2835,22.3046,-27.3195],"tool":false,"touchDistance":0.333333,"touchZone":"none","type":4,"width":16.0525}],"r":[[0.891857,0.370038,0.260121],[-0.36364,0.928581,-0.0741786],[-0.268993,-0.0284337,0.962722]],"s":1.13049,"t":[-60.7973,102.401,-153.386],"timestamp":521294729148},false],[3,{"currentFrameRate":110.527,"devices":[],"gestures":[],"hands":[{"armBasis":[[0.769876,0.613764,-0.174883],[-0.348068,0.6335,0.691033],[0.53492,-0.471139,0.701348]],"armWidth":63.7005,"confidence":0.764065,"direction":[-0.196348,0.485564,-0.851865],"elbow":[192.055,191.115,283.165],"grabStrength":0,"id":394,"palmNormal":[0.398966,-0.754046,-0.521766],"palmPosition":[31.9687,337.869,45.2709],"palmVelocity":[32.0825,17.2741,-39.2835],"palmWidth":90.9622,"pinchStrength":0.41139,"r":[[0.892143,0.368455,0.261385],[-0.361788,0.929235,-0.0750407],[-0.270537,-0.027619,0.962313]],"s":1.13034,"sphereCenter":[58.4853,315.206,6.36799],"sphereRadius":51.0096,"stabilizedPalmPosition":[27.471,333.114,116.256],"t":[-60.5145,102.552,-153.686],"timeVisible":1.31952,"type":"right","wrist":[47.6708,318.283,93.859]}],"id":4100924,"interactionBox":{"center":[0,200,0],"size":[235.247,235.247,147.751]},"pointables":[{"bases":[[[-0.0347342,0.947175,0.318832],[-0.822647,-0.20825,0.52904],[0.56749,-0.24391,0.786424]],[[-0.22216,0.974267,0.0380536],[-0.861076,-0.214358,0.461085],[0.457377,0.0696675,0.88654]],[[-0.22216,0.974267,0.0380536],[-0.967561,-0.22511,0.114682],[0.120297,-0.0113415,0.992673]],[[-0.22216,0.974267,0.0380536],[-0.78873,-0.156634,-0.59445],[-0.573193,-0.162077,0.803231]]],"btipPosition":[13.6094,296.577,-7.03035],"carpPosition":[27.1232,295.875,89.8383],"dipPosition":[0.19868,292.785,11.7624],"direction":[-0.120297,0.0113415,-0.992673],"extended":false,"handId":394,"id":3940,"length":52.1005,"mcpPosition":[27.1232,295.875,89.8383],"pipPosition":[4.29902,292.399,45.5979],"stabilizedTipPosition":[3.6176,293.929,53.7628],"timeVisible":1.31952,"tipPosition":[10.2838,296.068,-2.53843],"tipVelocity":[46.5935,35.7479,-39.444],"tool":false,"touchDistance":-0.345575,"touchZone":"touching","type":0,"width":20.2438},{"bases":[[[0.850014,0.517562,-0.09801],[-0.445574,0.805694,0.390284],[0.280962,-0.288076,0.915463]],[[0.888405,0.451727,0.0817259],[-0.45795,0.884476,0.0893568],[-0.0319197,-0.116811,0.992641]],[[0.888405,0.451727,0.0817259],[-0.45031,0.892143,-0.0360705],[-0.0892053,-0.00475676,0.996002]],[[0.888405,0.451727,0.0817259],[-0.440376,0.888905,-0.126161],[-0.129637,0.0760923,0.988638]]],"btipPosition":[9.5227,344.395,-59.6225],"carpPosition":[24.446,319.375,91.2931],"dipPosition":[7.30845,345.694,-42.7362],"direction":[0.0892053,0.00475676,-0.996002],"extended":true,"handId":394,"id":3941,"length":58.7895,"mcpPosition":[3.78206,340.563,23.9634],"pipPosition":[5.15298,345.58,-18.6698],"stabilizedTipPosition":[2.62987,335.859,1.75231],"timeVisible":1.31952,"tipPosition":[9.28895,343.909,-55.7278],"tipVelocity":[50.5722,19.7187,-43.9181],"tool":false,"touchDistance":-0.344734,"touchZone":"touching","type":1,"width":19.3369},{"bases":[[[0.94358,0.328898,-0.0385147],[-0.289178,0.875074,0.388099],[0.161348,-0.355065,0.920812]],[[0.940685,0.334917,-0.0542435],[-0.233025,0.521568,-0.820772],[-0.246599,0.784728,0.568675]],[[0.940685,0.334917,-0.0542435],[0.164707,-0.590565,-0.790003],[-0.29662,0.73421,-0.610698]],[[0.940685,0.334917,-0.0542435],[0.297587,-0.89126,-0.342195],[-0.162952,0.305756,-0.938062]]],"btipPosition":[45.9955,287.555,33.5825],"carpPosition":[33.873,327.219,90.2247],"dipPosition":[42.9342,293.299,15.9598],"direction":[0.29662,-0.73421,0.610698],"extended":false,"handId":394,"id":3942,"length":66.986,"mcpPosition":[22.6195,351.983,26.001],"pipPosition":[34.502,314.171,-1.40095],"stabilizedTipPosition":[44.8411,279.861,98.678],"timeVisible":1.31952,"tipPosition":[45.4001,288.445,29.3038],"tipVelocity":[21.6858,20.0756,-31.3497],"tool":false,"touchDistance":0.333333,"touchZone":"none","type":2,"width":18.9914},{"bases":[[[0.976136,0.206153,0.0682639],[-0.215734,0.884572,0.413512],[0.0248624,-0.41837,0.907936]],[[0.975623,0.212714,0.0539613],[-0.0663258,0.520205,-0.851462],[-0.209189,0.827127,0.521632]],[[0.975623,0.212714,0.0539613],[0.180472,-0.637798,-0.748761],[-0.124856,0.740248,-0.66064]],[[0.975623,0.212714,0.0539613],[0.21897,-0.927313,-0.30355],[-0.0145305,0.307967,-0.951286]]],"btipPosition":[56.5278,295.319,45.257],"carpPosition":[45.0119,332.317,89.3481],"dipPosition":[56.2564,301.071,27.4886],"direction":[0.124856,-0.740248,0.66064],"extended":false,"handId":394,"id":3943,"length":64.4088,"mcpPosition":[43.455,358.516,32.4923],"pipPosition":[52.7987,321.571,9.19313],"stabilizedTipPosition":[55.2038,289.237,107.014],"timeVisible":1.31952,"tipPosition":[56.6313,296.177,40.8425],"tipVelocity":[20.7016,18.2379,-29.2118],"tool":false,"touchDistance":0.333333,"touchZone":"none","type":3,"width":18.0715},{"bases":[[[0.99459,0.0073361,0.10362],[-0.0582328,0.865407,0.497674],[-0.0860226,-0.501016,0.861152]],[[0.993446,0.00111936,0.114297],[0.0918429,0.587444,-0.804036],[-0.0680429,0.809264,0.583491]],[[0.993446,0.00111936,0.114297],[0.0913481,-0.608836,-0.788019],[0.0687058,0.793295,-0.604948]],[[0.993446,0.00111936,0.114297],[0.0433897,-0.928797,-0.36804],[0.105746,0.370587,-0.922758]]],"btipPosition":[63.3192,309.341,45.169],"carpPosition":[59.0931,330.802,87.9843],"dipPosition":[65.1414,315.727,29.2684],"direction":[-0.0687058,-0.793295,0.604948],"extended":false,"handId":394,"id":3944,"length":50.4953,"mcpPosition":[64.0796,359.844,38.0655],"pipPosition":[66.4848,331.238,17.44],"stabilizedTipPosition":[60.6214,304.653,104.726],"timeVisible":1.31952,"tipPosition":[63.6899,310.358,41.0001],"tipVelocity":[34.3825,20.3591,-16.2583],"tool":false,"touchDistance":0.333333,"touchZone":"none","type":4,"width":16.0525}],"r":[[0.892143,0.368455,0.261385],[-0.361788,0.929235,-0.0750407],[-0.270537,-0.027619,0.962313]],"s":1.13034,"t":[-60.5145,102.552,-153.686],"timestamp":521294738250},false],[4,{"currentFrameRate":101.24,"devices":[],"gestures":[],"hands":[{"armBasis":[[0.773831,0.608859,-0.174576],[-0.346072,0.637271,0.688564],[0.530491,-0.472416,0.703849]],"armWidth":63.7005,"confidence":0.803001,"direction":[-0.193129,0.484469,-0.853224],"elbow":[191.303,190.786,283.423],"grabStrength":0,"id":394,"palmNormal":[0.395996,-0.757139,-0.519546],"palmPosition":[32.558,337.843,44.7908],"palmVelocity":[25.7294,6.01319,-25.977],"palmWidth":90.9622,"pinchStrength":0.41262,"r":[[0.892654,0.366474,0.262422],[-0.359415,0.930058,-0.076246],[-0.27201,-0.0262569,0.961936]],"s":1.13059,"sphereCenter":[59.1023,315.005,5.98713],"sphereRadius":51.0475,"stabilizedPalmPosition":[27.5493,333.187,115.156],"t":[-60.0784,102.615,-154.076],"timeVisible":1.34654,"type":"right","wrist":[48.1145,318.299,93.4422]}],"id":4100925,"interactionBox":{"center":[0,200,0],"size":[235.247,235.247,147.751]},"pointables":[{"bases":[[[-0.0306377,0.948077,0.316563],[-0.824197,-0.203139,0.528615],[0.565473,-0.244715,0.787626]],[[-0.216485,0.975571,0.0373609],[-0.863063,-0.209127,0.459771],[0.456352,0.0672888,0.887251]],[[-0.216485,0.975571,0.0373609],[-0.96888,-0.21939,0.114625],[0.120022,-0.0113836,0.992706]],[[-0.216485,0.975571,0.0373609],[-0.786398,-0.151574,-0.598835],[-0.578543,-0.15902,0.800001]]],"btipPosition":[14.1382,296.729,-7.37822],"carpPosition":[27.4664,295.979,89.4514],"dipPosition":[0.602392,293.009,11.3389],"direction":[-0.120022,0.0113836,-0.992706],"extended":false,"handId":394,"id":3940,"length":52.1005,"mcpPosition":[27.4664,295.979,89.4514],"pipPosition":[4.69335,292.621,45.1755],"stabilizedTipPosition":[3.93731,294.013,51.3097],"timeVisible":1.34654,"tipPosition":[10.7865,296.126,-2.93339],"tipVelocity":[29.2225,17.4902,-23.4086],"tool":false,"touchDistance":-0.344829,"touchZone":"touching","type":0,"width":20.2438},{"bases":[[[0.852542,0.513335,-0.0982832],[-0.442216,0.808694,0.387891],[0.278599,-0.287231,0.91645]],[[0.890413,0.447788,0.0815462],[-0.45393,0.886778,0.087024],[-0.033345,-0.114504,0.992863]],[[0.890413,0.447788,0.0815462],[-0.446125,0.894137,-0.0386139],[-0.0902043,-0.00199748,0.995921]],[[0.890413,0.447788,0.0815462],[-0.436097,0.890629,-0.128838],[-0.13032,0.0791574,0.988307]]],"btipPosition":[10.2455,344.233,-60.1422],"carpPosition":[24.8979,319.494,90.848],"dipPosition":[8.01954,345.585,-43.2615],"direction":[0.0902043,0.00199748,-0.995921],"extended":true,"handId":394,"id":3941,"length":58.7895,"mcpPosition":[4.40779,340.619,23.4457],"pipPosition":[5.83993,345.537,-19.1971],"stabilizedTipPosition":[3.06155,336.386,-1.77306],"timeVisible":1.34654,"tipPosition":[10.0045,343.773,-56.2471],"tipVelocity":[35.7761,4.10397,-28.6798],"tool":false,"touchDistance":-0.346409,"touchZone":"touching","type":1,"width":19.3369},{"bases":[[[0.945155,0.324375,-0.03824],[-0.285493,0.877335,0.385717],[0.158666,-0.353645,0.921824]],[[0.942247,0.330488,-0.0542967],[-0.23019,0.521282,-0.821753],[-0.243275,0.786793,0.567251]],[[0.942247,0.330488,-0.0542967],[0.163263,-0.594794,-0.787125],[-0.29243,0.732802,-0.614399]],[[0.942247,0.330488,-0.0542967],[0.294387,-0.89457,-0.336276],[-0.159707,0.300871,-0.940197]]],"btipPosition":[46.3322,287.56,33.2727],"carpPosition":[34.3628,327.291,89.7716],"dipPosition":[43.3319,293.212,15.6099],"direction":[0.29243,-0.732801,0.614399],"extended":false,"handId":394,"id":3942,"length":66.986,"mcpPosition":[23.2964,351.956,25.4774],"pipPosition":[35.0188,314.044,-1.85603],"stabilizedTipPosition":[44.8441,279.895,98.421],"timeVisible":1.34654,"tipPosition":[45.7522,288.414,28.987],"tipVelocity":[16.3014,7.29743,-19.2615],"tool":false,"touchDistance":0.333333,"touchZone":"none","type":2,"width":18.9914},{"bases":[[[0.977017,0.201731,0.0688634],[-0.212033,0.886547,0.411188],[0.0218989,-0.416339,0.908945]],[[0.97656,0.208166,0.0547528],[-0.0627342,0.518588,-0.85272],[-0.205902,0.829297,0.519491]],[[0.97656,0.208166,0.0547528],[0.178787,-0.642818,-0.744862],[-0.119859,0.737192,-0.664968]],[[0.97656,0.208166,0.0547528],[0.214975,-0.930486,-0.296617],[-0.0107988,0.301434,-0.953426]]],"btipPosition":[56.873,295.319,44.9965],"carpPosition":[45.5265,332.335,88.8954],"dipPosition":[56.6713,300.949,27.1882],"direction":[0.119859,-0.737192,0.664968],"extended":false,"handId":394,"id":3943,"length":64.4088,"mcpPosition":[44.1552,358.406,31.9764],"pipPosition":[53.352,321.365,8.77284],"stabilizedTipPosition":[55.2112,289.27,106.713],"timeVisible":1.34654,"tipPosition":[56.994,296.134,40.5627],"tipVelocity":[16.1679,6.32013,-17.3166],"tool":false,"touchDistance":0.333333,"touchZone":"none","type":3,"width":18.0715},{"bases":[[[0.994499,0.00291349,0.104708],[-0.0547167,0.866842,0.495571],[-0.0893214,-0.498574,0.862233]],[[0.99455,0.00320118,0.10421],[0.0827016,0.584414,-0.807231],[-0.063486,0.81145,0.580964]],[[0.99455,0.00320118,0.10421],[0.0838772,-0.618234,-0.781506],[0.0619246,0.785988,-0.615133]],[[0.99455,0.00320118,0.10421],[0.0401342,-0.934259,-0.354329],[0.0962252,0.35658,-0.929296]]],"btipPosition":[64.1548,309.455,45.074],"carpPosition":[59.6019,330.75,87.5508],"dipPosition":[65.813,315.599,29.0608],"direction":[-0.0619246,-0.785988,0.615133],"extended":false,"handId":394,"id":3944,"length":50.4953,"mcpPosition":[64.7796,359.651,37.5693],"pipPosition":[67.0238,330.968,17.0332],"stabilizedTipPosition":[60.6895,304.761,103.624],"timeVisible":1.34654,"tipPosition":[64.3742,310.391,40.843],"tipVelocity":[31.3815,9.10131,-8.97008],"tool":false,"touchDistance":0.333333,"touchZone":"none","type":4,"width":16.0525}],"r":[[0.892654,0.366474,0.262422],[-0.359415,0.930058,-0.076246],[-0.27201,-0.0262569,0.961936]],"s":1.13059,"t":[-60.0784,102.615,-154.076],"timestamp":521294765269},false],[5,{"currentFrameRate":101.632,"devices":[],"gestures":[],"hands":[{"armBasis":[[0.775698,0.606647,-0.173986],[-0.344991,0.63845,0.688014],[0.528463,-0.473668,0.704532]],"armWidth":63.7005,"confidence":0.814288,"direction":[-0.19235,0.484124,-0.853595],"elbow":[190.912,190.446,283.469],"grabStrength":0,"id":394,"palmNormal":[0.394695,-0.758213,-0.518968],"palmPosition":[32.745,337.829,44.6375],"palmVelocity":[24.3047,3.91751,-23.456],"palmWidth":90.9622,"pinchStrength":0.412833,"r":[[0.893184,0.364629,0.263187],[-0.3572,0.930819,-0.077351],[-0.273184,-0.0249219,0.961639]],"s":1.13089,"sphereCenter":[59.2788,314.93,5.85479],"sphereRadius":51.0619,"stabilizedPalmPosition":[27.578,333.212,114.767],"t":[-59.7669,102.639,-154.348],"timeVisible":1.35562,"type":"right","wrist":[48.2707,318.297,93.3036]}],"id":4100926,"interactionBox":{"center":[0,200,0],"size":[235.247,235.247,147.751]},"pointables":[{"bases":[[[-0.0290248,0.948375,0.315819],[-0.824515,-0.201333,0.528809],[0.565095,-0.245049,0.787794]],[[-0.214695,0.975986,0.0368367],[-0.863545,-0.20731,0.459688],[0.456286,0.0668825,0.887316]],[[-0.214695,0.975986,0.0368367],[-0.969248,-0.217553,0.115013],[0.120265,-0.0110111,0.992681]],[[-0.214695,0.975986,0.0368367],[-0.786181,-0.150317,-0.599436],[-0.579504,-0.157656,0.799575]]],"btipPosition":[14.2741,296.734,-7.49082],"carpPosition":[27.5848,296.008,89.3313],"dipPosition":[0.71578,293.046,11.2164],"direction":[-0.120265,0.0110111,-0.992681],"extended":false,"handId":394,"id":3940,"length":52.1005,"mcpPosition":[27.5848,296.008,89.3313],"pipPosition":[4.81505,292.671,45.0521],"stabilizedTipPosition":[4.05101,294.042,50.4513],"timeVisible":1.35562,"tipPosition":[10.9159,296.123,-3.05278],"tipVelocity":[25.1155,13.0325,-20.4289],"tool":false,"touchDistance":-0.340403,"touchZone":"touching","type":0,"width":20.2438},{"bases":[[[0.853402,0.511819,-0.098723],[-0.440834,0.809743,0.387275],[0.278155,-0.286981,0.916664]],[[0.891168,0.446359,0.0811339],[-0.452437,0.887603,0.086375],[-0.0334604,-0.113683,0.992954]],[[0.891168,0.446359,0.0811339],[-0.444626,0.894853,-0.0393106],[-0.0901495,-0.00104191,0.995928]],[[0.891168,0.446359,0.0811339],[-0.434606,0.891253,-0.129564],[-0.130143,0.0802016,0.988246]]],"btipPosition":[10.4368,344.174,-60.2994],"carpPosition":[25.0561,319.529,90.7094],"dipPosition":[8.21396,345.544,-43.4198],"direction":[0.0901495,0.00104191,-0.995928],"extended":true,"handId":394,"id":3941,"length":58.7895,"mcpPosition":[4.59858,340.636,23.2914],"pipPosition":[6.03568,345.518,-19.3552],"stabilizedTipPosition":[3.20707,336.558,-2.93152],"timeVisible":1.35562,"tipPosition":[10.1948,343.72,-56.404],"tipVelocity":[31.7251,1.27618,-25.5387],"tool":false,"touchDistance":-0.342463,"touchZone":"touching","type":1,"width":19.3369},{"bases":[[[0.945699,0.32275,-0.0385355],[-0.283996,0.878117,0.38504],[0.15811,-0.353188,0.922095]],[[0.942784,0.328889,-0.0546862],[-0.22947,0.521102,-0.822068],[-0.241872,0.787581,0.566757]],[[0.942784,0.328889,-0.0546862],[0.162435,-0.596345,-0.786122],[-0.291159,0.73226,-0.615647]],[[0.942784,0.328889,-0.0546862],[0.293087,-0.895739,-0.334291],[-0.158929,0.299137,-0.940882]]],"btipPosition":[46.4238,287.556,33.1809],"carpPosition":[34.534,327.309,89.6265],"dipPosition":[43.4381,293.176,15.5053],"direction":[0.291159,-0.73226,0.615647],"extended":false,"handId":394,"id":3942,"length":66.986,"mcpPosition":[23.5063,351.943,25.3134],"pipPosition":[35.1611,313.992,-1.99616],"stabilizedTipPosition":[44.8452,279.906,98.3327],"timeVisible":1.35562,"tipPosition":[45.8473,288.398,28.8891],"tipVelocity":[14.682,4.93515,-16.8162],"tool":false,"touchDistance":0.333333,"touchZone":"none","type":2,"width":18.9914},{"bases":[[[0.977359,0.200137,0.0686628],[-0.210519,0.887226,0.410501],[0.021237,-0.415662,0.909271]],[[0.976914,0.206542,0.0545916],[-0.0619946,0.518619,-0.852755],[-0.204442,0.829683,0.519451]],[[0.976914,0.206542,0.0545916],[0.177703,-0.643785,-0.744286],[-0.118581,0.736804,-0.665626]],[[0.976914,0.206542,0.0545916],[0.213394,-0.931292,-0.295225],[-0.0101356,0.300059,-0.953867]]],"btipPosition":[56.9811,295.294,44.8549],"carpPosition":[45.7062,332.333,88.7458],"dipPosition":[56.7918,300.899,27.0383],"direction":[0.118581,-0.736804,0.665626],"extended":false,"handId":394,"id":3943,"length":64.4088,"mcpPosition":[44.3763,358.362,31.8065],"pipPosition":[53.5079,321.304,8.60474],"stabilizedTipPosition":[55.2139,289.282,106.612],"timeVisible":1.35562,"tipPosition":[57.1034,296.102,40.4346],"tipVelocity":[15.0732,3.63938,-16.8961],"tool":false,"touchDistance":0.333333,"touchZone":"none","type":3,"width":18.0715},{"bases":[[[0.994507,0.00131858,0.104663],[-0.0532328,0.867322,0.494892],[-0.0901238,-0.497745,0.862628]],[[0.994843,0.00321626,0.101373],[0.0805564,0.582226,-0.809026],[-0.0616241,0.813021,0.578964]],[[0.994843,0.00321626,0.101373],[0.0813436,-0.622306,-0.778536],[0.0605811,0.782767,-0.619359]],[[0.994843,0.00321626,0.101373],[0.0386089,-0.936256,-0.34919],[0.0937881,0.351303,-0.931552]]],"btipPosition":[64.3807,309.479,45.0944],"carpPosition":[59.7788,330.724,87.402],"dipPosition":[65.9968,315.533,29.0423],"direction":[-0.0605811,-0.782767,0.619359],"extended":false,"handId":394,"id":3944,"length":50.4953,"mcpPosition":[65.003,359.577,37.3976],"pipPosition":[67.1814,330.838,16.9321],"stabilizedTipPosition":[60.7176,304.803,103.194],"timeVisible":1.35562,"tipPosition":[64.5695,310.39,40.8222],"tipVelocity":[29.2818,6.68057,-6.13829],"tool":false,"touchDistance":0.333333,"touchZone":"none","type":4,"width":16.0525}],"r":[[0.893184,0.364629,0.263187],[-0.3572,0.930819,-0.077351],[-0.273184,-0.0249219,0.961639]],"s":1.13089,"t":[-59.7669,102.639,-154.348],"timestamp":521294774355},false],[6,{"currentFrameRate":102.046,"devices":[],"gestures":[],"hands":[{"armBasis":[[0.776846,0.604949,-0.174776],[-0.343268,0.639539,0.687863],[0.527899,-0.474369,0.704484]],"armWidth":63.7005,"confidence":0.823657,"direction":[-0.191328,0.483815,-0.854],"elbow":[191.005,190.192,283.304],"grabStrength":0,"id":394,"palmNormal":[0.392854,-0.759594,-0.518346],"palmPosition":[33.0297,337.758,44.4699],"palmVelocity":[26.3122,0.668,-22.125],"palmWidth":90.9622,"pinchStrength":0.415468,"r":[[0.893781,0.362781,0.263714],[-0.354992,0.931577,-0.0783894],[-0.274108,-0.0235535,0.96141]],"s":1.13099,"sphereCenter":[59.5562,314.797,5.71905],"sphereRadius":51.061,"stabilizedPalmPosition":[27.6109,333.24,114.343],"t":[-59.4687,102.615,-154.568],"timeVisible":1.36463,"type":"right","wrist":[48.516,318.233,93.1513]}],"id":4100927,"interactionBox":{"center":[0,200,0],"size":[235.247,235.247,147.751]},"pointables":[{"bases":[[[-0.0267657,0.94872,0.314981],[-0.824915,-0.198935,0.529093],[0.564623,-0.245671,0.787938]],[[-0.212892,0.976441,0.0352125],[-0.864689,-0.205063,0.458543],[0.454961,0.0671722,0.887974]],[[-0.212892,0.976441,0.0352125],[-0.969722,-0.215566,0.114763],[0.11965,-0.00971418,0.992769]],[[-0.212892,0.976441,0.0352125],[-0.784133,-0.14924,-0.602381],[-0.582935,-0.155854,0.797431]]],"btipPosition":[14.6342,296.614,-7.60641],"carpPosition":[27.7775,295.989,89.2014],"dipPosition":[0.995627,292.968,11.0507],"direction":[-0.11965,0.00971419,-0.992769],"extended":false,"handId":394,"id":3940,"length":52.1005,"mcpPosition":[27.7775,295.989,89.2014],"pipPosition":[5.07393,292.637,44.8894],"stabilizedTipPosition":[4.17805,294.072,49.534],"timeVisible":1.36463,"tipPosition":[11.2105,296.019,-3.18666],"tipVelocity":[28.6369,6.07983,-18.6939],"tool":false,"touchDistance":-0.336603,"touchZone":"touching","type":0,"width":20.2438},{"bases":[[[0.854584,0.509734,-0.0992863],[-0.438889,0.811115,0.386612],[0.277602,-0.286817,0.916882]],[[0.892212,0.444374,0.0805548],[-0.450371,0.888721,0.0856784],[-0.0335174,-0.112723,0.993061]],[[0.892212,0.444374,0.0805548],[-0.44256,0.895841,-0.0401089],[-0.0899876,0.00013526,0.995943]],[[0.892212,0.444374,0.0805548],[-0.432554,0.892124,-0.130429],[-0.129824,0.0815264,0.98818]]],"btipPosition":[10.7185,344.057,-60.4698],"carpPosition":[25.304,319.517,90.559],"dipPosition":[8.50108,345.45,-43.5913],"direction":[0.0899876,-0.00013526,-0.995943],"extended":true,"handId":394,"id":3941,"length":58.7895,"mcpPosition":[4.88716,340.612,23.1249],"pipPosition":[6.32671,345.453,-19.5263],"stabilizedTipPosition":[3.35898,336.728,-4.0957],"timeVisible":1.36463,"tipPosition":[10.4747,343.618,-56.5741],"tipVelocity":[31.6393,-2.474,-23.7266],"tool":false,"touchDistance":-0.33911,"touchZone":"touching","type":1,"width":19.3369},{"bases":[[[0.946447,0.320503,-0.0389428],[-0.281892,0.87912,0.384297],[0.157404,-0.352739,0.922388]],[[0.943507,0.326706,-0.0552894],[-0.228566,0.520899,-0.822448],[-0.239899,0.788623,0.566146]],[[0.943507,0.326706,-0.0552894],[0.16147,-0.599038,-0.784271],[-0.289347,0.731038,-0.61795]],[[0.943507,0.326706,-0.0552894],[0.291462,-0.897662,-0.330534],[-0.157619,0.295746,-0.942173]]],"btipPosition":[46.5678,287.538,33.1211],"carpPosition":[34.8,327.273,89.4679],"dipPosition":[43.6068,293.094,15.4212],"direction":[0.289347,-0.731038,0.61795],"extended":false,"handId":394,"id":3942,"length":66.986,"mcpPosition":[23.8216,351.876,25.1344],"pipPosition":[35.3813,313.875,-2.14571],"stabilizedTipPosition":[44.8466,279.918,98.2379],"timeVisible":1.36463,"tipPosition":[45.9978,288.354,28.8105],"tipVelocity":[15.2144,2.56521,-14.1914],"tool":false,"touchDistance":0.333333,"touchZone":"none","type":2,"width":18.9914},{"bases":[[[0.977833,0.197912,0.0683602],[-0.208391,0.88808,0.409741],[0.0203831,-0.414904,0.909637]],[[0.977402,0.204291,0.0543141],[-0.061148,0.519196,-0.852465],[-0.202351,0.82988,0.519955]],[[0.977402,0.204291,0.0543141],[0.176176,-0.645253,-0.743378],[-0.116819,0.736148,-0.666663]],[[0.977402,0.204291,0.0543141],[0.21119,-0.932603,-0.292659],[-0.00913415,0.297516,-0.954673]]],"btipPosition":[57.1513,295.241,44.6888],"carpPosition":[45.9838,332.271,88.5814],"dipPosition":[56.9807,300.798,26.8571],"direction":[0.116819,-0.736148,0.666663],"extended":false,"handId":394,"id":3943,"length":64.4088,"mcpPosition":[44.7073,358.252,31.6192],"pipPosition":[53.7455,321.185,8.39487],"stabilizedTipPosition":[55.2167,289.292,106.513],"timeVisible":1.36463,"tipPosition":[57.2751,296.031,40.2917],"tipVelocity":[16.2529,0.68909,-17.4261],"tool":false,"touchDistance":0.333333,"touchZone":"none","type":3,"width":18.0715},{"bases":[[[0.994521,-0.000914486,0.104534],[-0.05114,0.867883,0.494129],[-0.0911754,-0.496768,0.863081]],[[0.995159,0.00270699,0.0982396],[0.0783448,0.581655,-0.809654],[-0.0593333,0.813431,0.578627]],[[0.995159,0.00270699,0.0982396],[0.0783533,-0.625247,-0.776484],[0.0593221,0.780422,-0.622432]],[[0.995159,0.00270699,0.0982396],[0.0365615,-0.938068,-0.344516],[0.0912228,0.34644,-0.933626]]],"btipPosition":[64.7031,309.441,45.0111],"carpPosition":[60.0524,330.627,87.2371],"dipPosition":[66.275,315.411,28.9233],"direction":[-0.0593221,-0.780423,0.622432],"extended":false,"handId":394,"id":3944,"length":50.4953,"mcpPosition":[65.3376,359.424,37.2065],"pipPosition":[67.4349,330.67,16.7529],"stabilizedTipPosition":[60.7515,304.85,102.712],"timeVisible":1.36463,"tipPosition":[64.8566,310.326,40.7399],"tipVelocity":[30.7609,3.09717,-7.24417],"tool":false,"touchDistance":0.333333,"touchZone":"none","type":4,"width":16.0525}],"r":[[0.893781,0.362781,0.263714],[-0.354992,0.931577,-0.0783894],[-0.274108,-0.0235535,0.96141]],"s":1.13099,"t":[-59.4687,102.615,-154.568],"timestam