{"sensorType":"Leap","data":[[0,{"currentFrameRate":104.887,"devices":[],"gestures":[],"hands":[{"armBasis":[[0.838719,0.489248,-0.239138],[-0.27992,0.76401,0.581321],[0.467114,-0.420625,0.777739]],"armWidth":63.7005,"confidence":0.795598,"direction":[-0.374996,0.616865,-0.691994],"elbow":[186.466,162.631,286.429],"grabStrength":0,"id":380,"palmNormal":[0.218,-0.666853,-0.712589],"palmPosition":[34.2155,303.4,36.9509],"palmVelocity":[0.84479,-43.3629,-235.141],"palmWidth":90.9622,"pinchStrength":0.544424,"r":[[0.824828,0.562801,0.0539759],[-0.549018,0.774492,0.314232],[0.135046,-0.288821,0.947811]],"s":1.02228,"sphereCenter":[46.8302,285.306,-10.897],"sphereRadius":49.5132,"stabilizedPalmPosition":[46.0673,312.194,90.2873],"t":[-157.184,73.6614,-130.341],"timeVisible":0.542112,"type":"right","wrist":[60.3839,276.165,76.5037]}],"id":4094542,"interactionBox":{"center":[0,200,0],"size":[235.247,235.247,147.751]},"pointables":[{"bases":[[[0.0944128,0.885053,0.455815],[-0.676288,-0.278977,0.681767],[0.730562,-0.372629,0.572212]],[[-0.178577,0.959995,0.215685],[-0.71089,-0.277438,0.646269],[0.680254,-0.03792,0.731994]],[[-0.178577,0.959995,0.215685],[-0.901483,-0.247471,0.355086],[0.394256,-0.131027,0.909612]],[[-0.178577,0.959995,0.215685],[-0.926562,-0.0903205,-0.365138],[-0.33105,-0.265051,0.905623]]],"btipPosition":[-1.29756,267.5,-14.2492],"carpPosition":[38.3416,254.94,74.4717],"dipPosition":[-9.04296,261.299,6.93913],"direction":[-0.394256,0.131027,-0.909612],"extended":false,"handId":380,"id":3800,"length":52.1005,"mcpPosition":[38.3416,254.94,74.4717],"pipPosition":[4.39535,256.833,37.9434],"stabilizedTipPosition":[6.27865,274.012,44.7887],"timeVisible":0.542112,"tipPosition":[-3.04744,266.518,-9.8343],"tipVelocity":[4.49379,-16.7331,-259.546],"tool":false,"touchDistance":-0.635097,"touchZone":"hovering","type":0,"width":20.2438},{"bases":[[[0.825275,0.515711,-0.230137],[-0.292867,0.73927,0.60639],[0.482855,-0.433039,0.761136]],[[0.886804,0.447137,-0.116821],[-0.404839,0.873529,0.270283],[0.2229,-0.192394,0.955667]],[[0.886804,0.447137,-0.116821],[-0.4368,0.89351,0.104139],[0.150945,-0.0413235,0.987678]],[[0.886804,0.447137,-0.116821],[-0.451721,0.892037,-0.014773],[0.0976027,0.0658711,0.993043]]],"btipPosition":[-13.0666,317.93,-57.7849],"carpPosition":[37.3338,277.945,80.0665],"dipPosition":[-11.3995,319.056,-40.8233],"direction":[-0.150945,0.0413235,-0.987678],"extended":true,"handId":380,"id":3801,"length":58.7895,"mcpPosition":[1.82117,309.794,24.0872],"pipPosition":[-7.7522,318.057,-16.958],"stabilizedTipPosition":[-6.0428,324.507,-1.92511],"timeVisible":0.542112,"tipPosition":[-12.6793,319.435,-53.5478],"tipVelocity":[22.0748,-27.1067,-242.601],"tool":false,"touchDistance":-0.623761,"touchZone":"hovering","type":1,"width":19.3369},{"bases":[[[0.920677,0.31883,-0.225169],[-0.138456,0.806127,0.575317],[0.364943,-0.498505,0.786327]],[[0.922028,0.316974,-0.222244],[-0.386697,0.781083,-0.49028],[0.0181853,0.537993,0.842753]],[[0.922028,0.316974,-0.222244],[-0.0454651,-0.481454,-0.875291],[-0.384445,0.817147,-0.429503]],[[0.922028,0.316974,-0.222244],[0.228303,-0.908855,-0.349084],[-0.312639,0.271126,-0.910356]]],"btipPosition":[37.0729,266.26,11.7075],"carpPosition":[46.6005,285.738,77.8478],"dipPosition":[31.1996,271.354,-5.39471],"direction":[0.384445,-0.817147,0.429503],"extended":false,"handId":380,"id":3802,"length":66.986,"mcpPosition":[21.147,320.507,23.0041],"pipPosition":[20.2707,294.583,-17.6045],"stabilizedTipPosition":[51.3992,273.649,72.6375],"timeVisible":0.542112,"tipPosition":[36.0056,267.104,8.38143],"tipVelocity":[-1.34488,-21.4113,-256.538],"tool":false,"touchDistance":0.333333,"touchZone":"none","type":2,"width":18.9914},{"bases":[[[0.972147,0.180313,-0.149726],[-0.06062,0.810544,0.582532],[0.226397,-0.557231,0.798898]],[[0.964375,0.198114,-0.175303],[-0.262419,0.800149,-0.53935],[0.0334157,0.566138,0.823633]],[[0.964375,0.198114,-0.175303],[-0.0478293,-0.521174,-0.852109],[-0.260178,0.830138,-0.493132]],[[0.964375,0.198114,-0.175303],[0.138891,-0.943185,-0.301847],[-0.225143,0.266746,-0.9371]]],"btipPosition":[53.1691,272.404,19.3129],"carpPosition":[57.4283,290.769,74.9689],"dipPosition":[48.9638,277.387,1.80945],"direction":[0.260178,-0.830138,0.493132],"extended":false,"handId":380,"id":3803,"length":64.4088,"mcpPosition":[43.2511,325.663,24.9412],"pipPosition":[41.7585,300.376,-11.8471],"stabilizedTipPosition":[68.4171,280.168,79.7163],"timeVisible":0.542112,"tipPosition":[52.3551,273.203,15.8118],"tipVelocity":[-0.134716,-29.2717,-250.003],"tool":false,"touchDistance":0.333333,"touchZone":"none","type":3,"width":18.0715},{"bases":[[[0.988379,-0.0218129,-0.150435],[0.111564,0.776286,0.62043],[0.103247,-0.630003,0.769699]],[[0.971894,0.0450081,-0.231077],[-0.155209,0.860524,-0.485189],[0.17701,0.507417,0.843324]],[[0.971894,0.0450081,-0.231077],[-0.18397,-0.467248,-0.864774],[-0.146892,0.88298,-0.445835]],[[0.971894,0.0450081,-0.231077],[-0.0370941,-0.940016,-0.339107],[-0.232479,0.338148,-0.911926]]],"btipPosition":[65.2745,284.802,19.8933],"carpPosition":[70.6384,289.31,69.8897],"dipPosition":[61.2685,290.629,4.17938],"direction":[0.146892,-0.88298,0.445835],"extended":false,"handId":380,"id":3804,"length":50.4953,"mcpPosition":[64.6534,325.83,25.2722],"pipPosition":[58.3964,307.893,-4.53795],"stabilizedTipPosition":[78.9793,293.019,77.6984],"timeVisible":0.542112,"tipPosition":[64.4948,285.781,17.0741],"tipVelocity":[1.66733,-33.2639,-243.321],"tool":false,"touchDistance":0.333333,"touchZone":"none","type":4,"width":16.0525}],"r":[[0.824828,0.562801,0.0539759],[-0.549018,0.774492,0.314232],[0.135046,-0.288821,0.947811]],"s":1.02228,"t":[-157.184,73.6614,-130.341],"timestamp":521220355454},false],[1,{"currentFrameRate":105.007,"devices":[],"gestures":[],"hands":[{"armBasis":[[0.853703,0.473254,-0.217304],[-0.285096,0.77393,0.565466],[0.435787,-0.420788,0.79563]],"armWidth":63.7005,"confidence":0.805297,"direction":[-0.369263,0.619807,-0.692448],"elbow":[177.695,161.768,288.404],"grabStrength":0,"id":380,"palmNormal":[0.21779,-0.666642,-0.71285],"palmPosition":[34.1906,302.771,34.0376],"palmVelocity":[-0.149512,-50.2032,-257.184],"palmWidth":90.9622,"pinchStrength":0.542668,"r":[[0.825735,0.561039,0.0582881],[-0.548359,0.774243,0.315991],[0.132154,-0.292887,0.94697]],"s":1.02114,"sphereCenter":[46.7718,284.626,-13.7415],"sphereRadius":49.4295,"stabilizedPalmPosition":[46.0547,312.184,90.2276],"t":[-157.113,73.1307,-132.734],"timeVisible":0.551413,"type":"right","wrist":[60.0688,275.346,73.6497]}],"id":4094543,"interactionBox":{"center":[0,200,0],"size":[235.247,235.247,147.751]},"pointables":[{"bases":[[[0.0966911,0.883815,0.457736],[-0.680375,-0.276972,0.67851],[0.726457,-0.377038,0.574545]],[[-0.175156,0.960458,0.216428],[-0.714475,-0.275244,0.643246],[0.677381,-0.0419641,0.734434]],[[-0.175156,0.960458,0.216428],[-0.90411,-0.243935,0.350828],[0.38975,-0.134225,0.911086]],[[-0.175156,0.960458,0.216428],[-0.924379,-0.0847642,-0.371938],[-0.338885,-0.265208,0.902674]]],"btipPosition":[-1.22308,267.102,-17.3333],"carpPosition":[37.9358,254.228,71.4906],"dipPosition":[-9.1518,260.897,3.7861],"direction":[-0.38975,0.134225,-0.911086],"extended":false,"handId":380,"id":3800,"length":52.1005,"mcpPosition":[37.9358,254.228,71.4906],"pipPosition":[4.1329,256.322,34.8407],"stabilizedTipPosition":[6.27165,274.006,44.7457],"timeVisible":0.551413,"tipPosition":[-3.02866,266.114,-12.9283],"tipVelocity":[4.20582,-24.0991,-280.365],"tool":false,"touchDistance":-0.646419,"touchZone":"hovering","type":0,"width":20.2438},{"bases":[[[0.828619,0.512226,-0.225863],[-0.291881,0.739592,0.606473],[0.477698,-0.43661,0.762349]],[[0.888677,0.444151,-0.113941],[-0.403411,0.875447,0.266179],[0.217973,-0.190582,0.957166]],[[0.888677,0.444151,-0.113941],[-0.434445,0.895063,0.100599],[0.146666,-0.0398991,0.988381]],[[0.888677,0.444151,-0.113941],[-0.448801,0.893458,-0.0176272],[0.0939727,0.0668019,0.993331]]],"btipPosition":[-12.6312,317.348,-60.9056],"carpPosition":[37.0129,277.228,77.1213],"dipPosition":[-11.0261,318.489,-43.9391],"direction":[-0.146666,0.0398991,-0.988381],"extended":true,"handId":380,"id":3801,"length":58.7895,"mcpPosition":[1.87957,309.339,21.0527],"pipPosition":[-7.48222,317.525,-20.0569],"stabilizedTipPosition":[-6.04737,324.502,-1.96563],"timeVisible":0.551413,"tipPosition":[-12.2533,318.867,-56.6767],"tipVelocity":[28.6251,-37.0313,-268.801],"tool":false,"touchDistance":-0.636512,"touchZone":"hovering","type":1,"width":19.3369},{"bases":[[[0.923076,0.314892,-0.220848],[-0.137033,0.805777,0.576147],[0.359378,-0.501564,0.786944]],[[0.924419,0.313006,-0.217891],[-0.381039,0.782132,-0.49303],[0.0160983,0.538792,0.842285]],[[0.924419,0.313006,-0.217891],[-0.0425592,-0.483093,-0.874534],[-0.378996,0.817709,-0.433259]],[[0.924419,0.313006,-0.217891],[0.226534,-0.91027,-0.346541],[-0.30681,0.270989,-0.912377]]],"btipPosition":[37.0217,265.665,8.93798],"carpPosition":[46.3251,284.981,74.9541],"dipPosition":[31.2579,270.756,-8.20218],"direction":[0.378996,-0.817709,0.433259],"extended":false,"handId":380,"id":3802,"length":66.986,"mcpPosition":[21.2596,319.964,20.0673],"pipPosition":[20.4839,294.001,-20.5187],"stabilizedTipPosition":[51.393,273.646,72.6107],"timeVisible":0.551413,"tipPosition":[35.938,266.534,5.49108],"tipVelocity":[-1.75377,-33.4589,-268.442],"tool":false,"touchDistance":0.333333,"touchZone":"none","type":2,"width":18.9914},{"bases":[[[0.973587,0.176005,-0.145435],[-0.059207,0.809816,0.583688],[0.220508,-0.55966,0.798847]],[[0.965992,0.193911,-0.171049],[-0.25652,0.801853,-0.539657],[0.03251,0.565182,0.824325]],[[0.965992,0.193911,-0.171049],[-0.0464792,-0.52052,-0.852584],[-0.25436,0.831539,-0.493805]],[[0.965992,0.193911,-0.171049],[0.135976,-0.943618,-0.301822],[-0.219931,0.268299,-0.937894]]],"btipPosition":[53.0795,271.728,16.478],"carpPosition":[57.1879,289.966,72.1283],"dipPosition":[48.9716,276.74,-1.04029],"direction":[0.25436,-0.831539,0.493805],"extended":false,"handId":380,"id":3803,"length":64.4088,"mcpPosition":[43.3795,325.012,22.1038],"pipPosition":[41.9274,299.768,-14.7155],"stabilizedTipPosition":[68.4096,280.164,79.6852],"timeVisible":0.551413,"tipPosition":[52.2757,272.541,12.9359],"tipVelocity":[-2.13542,-41.3187,-265.576],"tool":false,"touchDistance":0.333333,"touchZone":"none","type":3,"width":18.0715},{"bases":[[[0.988874,-0.0261929,-0.14643],[0.112658,0.774686,0.62223],[0.0971389,-0.631804,0.769017]],[[0.972962,0.0410653,-0.227286],[-0.148649,0.864507,-0.480137],[0.176773,0.500941,0.847237]],[[0.972962,0.0410653,-0.227286],[-0.183371,-0.460976,-0.86826],[-0.140429,0.886462,-0.440982]],[[0.972962,0.0410653,-0.227286],[-0.0405187,-0.938458,-0.343009],[-0.227384,0.342944,-0.91142]]],"btipPosition":[65.1962,284.128,16.9017],"carpPosition":[70.4118,288.454,67.1006],"dipPosition":[61.278,290.038,1.19655],"direction":[0.140429,-0.886462,0.440982],"extended":false,"handId":380,"id":3804,"length":50.4953,"mcpPosition":[64.7809,325.078,22.5226],"pipPosition":[58.5322,307.371,-7.4259],"stabilizedTipPosition":[78.9708,293.015,77.661],"timeVisible":0.551413,"tipPosition":[64.4368,285.119,14.1005],"tipVelocity":[-0.567812,-43.7397,-265.371],"tool":false,"touchDistance":0.333333,"touchZone":"none","type":4,"width":16.0525}],"r":[[0.825735,0.561039,0.0582881],[-0.548359,0.774243,0.315991],[0.132154,-0.292887,0.94697]],"s":1.02114,"t":[-157.113,73.1307,-132.734],"timestamp":521220364755},false],[2,{"currentFrameRate":105.396,"devices":[],"gestures":[],"hands":[{"armBasis":[[0.848675,0.479117,-0.22405],[-0.284725,0.770831,0.569869],[0.445739,-0.419841,0.790601]],"armWidth":63.7005,"confidence":0.810997,"direction":[-0.366593,0.620651,-0.693111],"elbow":[180.355,161.613,285.321],"grabStrength":0,"id":380,"palmNormal":[0.219786,-0.666119,-0.712727],"palmPosition":[34.3126,302.412,32.2509],"palmVelocity":[3.62583,-47.7346,-242.864],"palmWidth":90.9622,"pinchStrength":0.542728,"r":[[0.826474,0.559508,0.0623876],[-0.547957,0.774044,0.317173],[0.12917,-0.296321,0.946313]],"s":1.02021,"sphereCenter":[46.9043,284.253,-15.4599],"sphereRadius":49.3626,"stabilizedPalmPosition":[46.0456,312.177,90.1828],"t":[-157.017,72.6856,-134.823],"timeVisible":0.560178,"type":"right","wrist":[60.0426,274.935,71.9242]}],"id":4094544,"interactionBox":{"center":[0,200,0],"size":[235.247,235.247,147.751]},"pointables":[{"bases":[[[0.0956704,0.883342,0.458862],[-0.682796,-0.277196,0.675982],[0.724318,-0.377981,0.576623]],[[-0.175506,0.960369,0.216538],[-0.716249,-0.275462,0.641178],[0.675415,-0.0425649,0.736208]],[[-0.175506,0.960369,0.216538],[-0.905494,-0.243794,0.34734],[0.386365,-0.135114,0.912396]],[[-0.175506,0.960369,0.216538],[-0.921832,-0.0831045,-0.378574],[-0.345576,-0.266054,0.899885]]],"btipPosition":[-0.884084,266.787,-19.2199],"carpPosition":[37.9048,253.833,69.6719],"dipPosition":[-8.96933,260.562,1.83424],"direction":[-0.386365,0.135114,-0.912396],"extended":false,"handId":380,"id":3800,"length":52.1005,"mcpPosition":[37.9048,253.833,69.6719],"pipPosition":[4.19999,255.957,32.9334],"stabilizedTipPosition":[6.267,274.002,44.7152],"timeVisible":0.560178,"tipPosition":[-2.74293,265.787,-14.8279],"tipVelocity":[12.3576,-27.4354,-263.341],"tool":false,"touchDistance":-0.638635,"touchZone":"hovering","type":0,"width":20.2438},{"bases":[[[0.829663,0.511953,-0.222629],[-0.293479,0.739208,0.606169],[0.474899,-0.437579,0.763541]],[[0.88889,0.444343,-0.111506],[-0.40473,0.875714,0.263284],[0.214635,-0.188901,0.958253]],[[0.88889,0.444343,-0.111506],[-0.435049,0.895006,0.0984671],[0.143551,-0.039016,0.988873]],[[0.88889,0.444343,-0.111506],[-0.448962,0.893348,-0.019055],[0.0911463,0.0669996,0.993581]]],"btipPosition":[-12.1951,316.922,-62.8569],"carpPosition":[36.9763,276.828,75.3205],"dipPosition":[-10.6382,318.066,-45.8862],"direction":[-0.143551,0.039016,-0.988873],"extended":true,"handId":380,"id":3801,"length":58.7895,"mcpPosition":[2.04883,309.01,19.1642],"pipPosition":[-7.16961,317.123,-21.992],"stabilizedTipPosition":[-6.05067,324.498,-1.99809],"timeVisible":0.560178,"tipPosition":[-11.8245,318.428,-58.637],"tipVelocity":[33.9593,-40.11,-256.375],"tool":false,"touchDistance":-0.63045,"touchZone":"hovering","type":1,"width":19.3369},{"bases":[[[0.923989,0.314559,-0.217478],[-0.138492,0.805331,0.576421],[0.35646,-0.502488,0.787682]],[[0.925346,0.312635,-0.214463],[-0.378899,0.782097,-0.494732],[0.0130607,0.539058,0.842167]],[[0.925346,0.312635,-0.214463],[-0.03907,-0.484033,-0.874177],[-0.377106,0.817295,-0.435683]],[[0.925346,0.312635,-0.214463],[0.227769,-0.910645,-0.344741],[-0.303078,0.270157,-0.91387]]],"btipPosition":[37.2228,265.34,7.22654],"carpPosition":[46.3001,284.577,73.1914],"dipPosition":[31.5291,270.416,-9.94167],"direction":[0.377106,-0.817295,0.435683],"extended":false,"handId":380,"id":3802,"length":66.986,"mcpPosition":[21.4382,319.624,18.2532],"pipPosition":[20.8088,293.649,-22.3272],"stabilizedTipPosition":[51.3887,273.644,72.5914],"timeVisible":0.560178,"tipPosition":[36.1347,266.218,3.71393],"tipVelocity":[5.36951,-34.5313,-248.991],"tool":false,"touchDistance":0.333333,"touchZone":"none","type":2,"width":18.9914},{"bases":[[[0.974168,0.175575,-0.142024],[-0.06069,0.809319,0.584226],[0.217518,-0.560515,0.799068]],[[0.966658,0.193534,-0.167681],[-0.254298,0.802452,-0.539818],[0.0300834,0.56446,0.824912]],[[0.966658,0.193534,-0.167681],[-0.0438009,-0.520208,-0.852916],[-0.252297,0.831823,-0.494386]],[[0.966658,0.193534,-0.167681],[0.136632,-0.943639,-0.301458],[-0.216573,0.268497,-0.938619]]],"btipPosition":[53.2426,271.395,14.7457],"carpPosition":[57.1752,289.559,70.4064],"dipPosition":[49.1973,276.41,-2.78606],"direction":[0.252297,-0.831823,0.494386],"extended":false,"handId":380,"id":3803,"length":64.4088,"mcpPosition":[43.5541,324.659,20.3681],"pipPosition":[42.2104,299.446,-16.4774],"stabilizedTipPosition":[68.4042,280.162,79.6624],"timeVisible":0.560178,"tipPosition":[52.4479,272.209,11.1821],"tipVelocity":[3.87425,-40.4055,-247.43],"tool":false,"touchDistance":0.333333,"touchZone":"none","type":3,"width":18.0715},{"bases":[[[0.989342,-0.026631,-0.143151],[0.111025,0.774054,0.623309],[0.0942076,-0.63256,0.768761]],[[0.973711,0.0407967,-0.224102],[-0.146532,0.86543,-0.479124],[0.174398,0.499367,0.848657]],[[0.973711,0.0407967,-0.224102],[-0.180792,-0.460064,-0.869284],[-0.138565,0.886948,-0.440594]],[[0.973711,0.0407967,-0.224102],[-0.0397156,-0.938355,-0.343385],[-0.224296,0.343258,-0.912066]]],"btipPosition":[65.3635,283.802,15.1909],"carpPosition":[70.4149,288.044,65.4215],"dipPosition":[61.4986,289.717,-0.525412],"direction":[0.138565,-0.886948,0.440594],"extended":false,"handId":380,"id":3804,"length":50.4953,"mcpPosition":[64.9539,324.711,20.8584],"pipPosition":[58.7892,307.06,-9.14026],"stabilizedTipPosition":[78.9647,293.011,77.6333],"timeVisible":0.560178,"tipPosition":[64.6101,284.791,12.3688],"tipVelocity":[5.0858,-41.9422,-246.607],"tool":false,"touchDistance":0.333333,"touchZone":"none","type":4,"width":16.0525}],"r":[[0.826474,0.559508,0.0623876],[-0.547957,0.774044,0.317173],[0.12917,-0.296321,0.946313]],"s":1.02021,"t":[-157.017,72.6856,-134.823],"timestamp":521220373520},false],[3,{"currentFrameRate":105.546,"devices":[],"gestures":[],"hands":[{"armBasis":[[0.846531,0.482207,-0.225528],[-0.284458,0.767844,0.57402],[0.449967,-0.421772,0.787171]],"armWidth":63.7005,"confidence":0.813307,"direction":[-0.363345,0.620513,-0.694942],"elbow":[181.466,160.894,282.801],"grabStrength":0,"id":380,"palmNormal":[0.222397,-0.66659,-0.711476],"palmPosition":[34.4634,302.209,30.5361],"palmVelocity":[7.19741,-40.5491,-227.09],"palmWidth":90.9622,"pinchStrength":0.538875,"r":[[0.827062,0.558187,0.0663017],[-0.547817,0.773974,0.317586],[0.125956,-0.298984,0.945909]],"s":1.01963,"sphereCenter":[47.1184,283.99,-17.0617],"sphereRadius":49.3007,"stabilizedPalmPosition":[46.0385,312.171,90.1462],"t":[-156.893,72.3617,-136.726],"timeVisible":0.569375,"type":"right","wrist":[60.0119,274.738,70.33]}],"id":4094545,"interactionBox":{"center":[0,200,0],"size":[235.247,235.247,147.751]},"pointables":[{"bases":[[[0.0942394,0.883514,0.458827],[-0.685772,-0.276487,0.673254],[0.721689,-0.378098,0.579833]],[[-0.176,0.960577,0.21521],[-0.718566,-0.274792,0.638868],[0.67282,-0.0422017,0.738602]],[[-0.176,0.960577,0.21521],[-0.907184,-0.243145,0.343362],[0.382153,-0.134803,0.914214]],[[-0.176,0.960577,0.21521],[-0.919268,-0.0821849,-0.384957],[-0.352094,-0.265589,0.897492]]],"btipPosition":[-0.491248,266.561,-21.0218],"carpPosition":[37.872,253.646,67.9955],"dipPosition":[-8.729,260.347,-0.0236459],"direction":[-0.382153,0.134803,-0.914214],"extended":false,"handId":380,"id":3800,"length":52.1005,"mcpPosition":[37.872,253.646,67.9955],"pipPosition":[4.29675,255.752,31.1375],"stabilizedTipPosition":[6.26361,273.998,44.6914],"timeVisible":0.569375,"tipPosition":[-2.39564,265.555,-16.641],"tipVelocity":[19.7804,-26.5568,-244.878],"tool":false,"touchDistance":-0.630326,"touchZone":"hovering","type":0,"width":20.2438},{"bases":[[[0.830871,0.511385,-0.219404],[-0.295603,0.739667,0.604575],[0.471457,-0.437467,0.765735]],[[0.889241,0.444311,-0.108803],[-0.406043,0.876215,0.25957],[0.210664,-0.186642,0.959576]],[[0.889241,0.444311,-0.108803],[-0.435574,0.895093,0.0953048],[0.139734,-0.0373573,0.989484]],[[0.889241,0.444311,-0.108803],[-0.448981,0.893278,-0.0216824],[0.0875575,0.0681313,0.993827]]],"btipPosition":[-11.6614,316.574,-64.7857],"carpPosition":[36.9327,276.645,73.6289],"dipPosition":[-10.1659,317.738,-47.8108],"direction":[-0.139734,0.0373573,-0.989484],"extended":true,"handId":380,"id":3801,"length":58.7895,"mcpPosition":[2.25835,308.819,17.3112],"pipPosition":[-6.78954,316.835,-23.9018],"stabilizedTipPosition":[-6.0533,324.494,-2.02742],"timeVisible":0.569375,"tipPosition":[-11.2973,318.066,-60.5764],"tipVelocity":[40.2594,-39.3313,-243.297],"tool":false,"touchDistance":-0.624655,"touchZone":"hovering","type":1,"width":19.3369},{"bases":[[[0.925065,0.313942,-0.213763],[-0.140457,0.80569,0.575443],[0.352882,-0.502298,0.789411]],[[0.926509,0.311873,-0.210514],[-0.376193,0.779273,-0.50121],[0.00773389,0.54357,0.839328]],[[0.926509,0.311873,-0.210514],[-0.0332045,-0.489523,-0.871358],[-0.374805,0.814311,-0.443191]],[[0.926509,0.311873,-0.210514],[0.230029,-0.912218,-0.339036],[-0.297771,0.265696,-0.916918]]],"btipPosition":[37.5334,265.089,5.857],"carpPosition":[46.2696,284.388,71.5351],"dipPosition":[31.9394,270.08,-11.3685],"direction":[0.374805,-0.814311,0.443191],"extended":false,"handId":380,"id":3802,"length":66.986,"mcpPosition":[21.6572,319.422,16.4762],"pipPosition":[21.2845,293.229,-23.9674],"stabilizedTipPosition":[51.3853,273.643,72.5758],"timeVisible":0.569375,"tipPosition":[36.4171,265.994,2.18484],"tipVelocity":[14.0099,-33.0999,-221.403],"tool":false,"touchDistance":0.333333,"touchZone":"none","type":2,"width":18.9914},{"bases":[[[0.974851,0.174967,-0.138031],[-0.0626852,0.809638,0.583572],[0.213861,-0.560243,0.800244]],[[0.967461,0.192912,-0.163722],[-0.25154,0.803217,-0.539972],[0.0273371,0.563584,0.825606]],[[0.967461,0.192912,-0.163722],[-0.0407677,-0.519763,-0.853337],[-0.249715,0.832245,-0.494986]],[[0.967461,0.192912,-0.163722],[0.137344,-0.943834,-0.300522],[-0.2125,0.268257,-0.939618]]],"btipPosition":[53.4304,271.213,13.0631],"carpPosition":[57.159,289.362,68.7932],"dipPosition":[49.4613,276.224,-4.48741],"direction":[0.249715,-0.832245,0.494986],"extended":false,"handId":380,"id":3803,"length":64.4088,"mcpPosition":[43.7668,324.445,18.6812],"pipPosition":[42.5458,299.272,-18.1953],"stabilizedTipPosition":[68.4001,280.16,79.6439],"timeVisible":0.569375,"tipPosition":[52.6531,272.025,9.50171],"tipVelocity":[9.03591,-34.6629,-229.531],"tool":false,"touchDistance":0.333333,"touchZone":"none","type":3,"width":18.0715},{"bases":[[[0.989918,-0.027248,-0.138997],[0.108845,0.774298,0.623391],[0.090639,-0.632235,0.769457]],[[0.974648,0.0401988,-0.220105],[-0.144043,0.86549,-0.479769],[0.171212,0.49931,0.849338]],[[0.974648,0.0401988,-0.220105],[-0.177411,-0.460572,-0.869712],[-0.136335,0.886712,-0.441763]],[[0.974648,0.0401988,-0.220105],[-0.0386221,-0.938735,-0.342468],[-0.220387,0.342287,-0.913383]]],"btipPosition":[65.5758,283.601,13.6149],"carpPosition":[70.4186,287.837,63.8644],"dipPosition":[61.7782,289.499,-2.12407],"direction":[0.136335,-0.886712,0.441763],"extended":false,"handId":380,"id":3804,"length":50.4953,"mcpPosition":[65.1645,324.486,19.261],"pipPosition":[59.1124,306.836,-10.7618],"stabilizedTipPosition":[78.9599,293.009,77.6106],"timeVisible":0.569375,"tipPosition":[64.8312,284.585,10.7708],"tipVelocity":[10.5875,-36.468,-225.721],"tool":false,"touchDistance":0.333333,"touchZone":"none","type":4,"width":16.0525}],"r":[[0.827062,0.558187,0.0663017],[-0.547817,0.773974,0.317586],[0.125956,-0.298984,0.945909]],"s":1.01963,"t":[-156.893,72.3617,-136.726],"timestamp":521220382717},false],[4,{"currentFrameRate":105.857,"devices":[],"gestures":[],"hands":[{"armBasis":[[0.847214,0.482592,-0.222112],[-0.286991,0.767593,0.573095],[0.447063,-0.42179,0.788814]],"armWidth":63.7005,"confidence":0.798245,"direction":[-0.360816,0.626737,-0.690661],"elbow":[180.629,160.759,281.315],"grabStrength":0,"id":380,"palmNormal":[0.222872,-0.661147,-0.716388],"palmPosition":[34.5422,302.443,28.7759],"palmVelocity":[7.65576,-22.387,-219.298],"palmWidth":90.9622,"pinchStrength":0.540005,"r":[[0.827673,0.55674,0.070699],[-0.547594,0.773577,0.318935],[0.122873,-0.302688,0.945136]],"s":1.01895,"sphereCenter":[47.1258,284.523,-18.9065],"sphereRadius":49.2303,"stabilizedPalmPosition":[46.0336,312.166,90.1204],"t":[-156.792,72.3169,-138.557],"timeVisible":0.578248,"type":"right","wrist":[59.959,274.608,68.4007]}],"id":4094546,"interactionBox":{"center":[0,200,0],"size":[235.247,235.247,147.751]},"pointables":[{"bases":[[[0.0946676,0.879599,0.466201],[-0.687692,-0.280827,0.66949],[0.719804,-0.383982,0.578308]],[[-0.175112,0.959093,0.222432],[-0.719611,-0.278869,0.635918],[0.671934,-0.0487073,0.739007]],[[-0.175112,0.959093,0.222432],[-0.90843,-0.244501,0.339079],[0.379593,-0.142687,0.914084]],[[-0.175112,0.959093,0.222432],[-0.917335,-0.0768958,-0.39062],[-0.357537,-0.272447,0.893275]]],"btipPosition":[-0.314345,267.24,-23.0879],"carpPosition":[37.7901,253.572,65.8465],"dipPosition":[-8.67944,260.866,-2.18846],"direction":[-0.379593,0.142687,-0.914084],"extended":false,"handId":380,"id":3800,"length":52.1005,"mcpPosition":[37.7901,253.572,65.8465],"pipPosition":[4.25905,256.003,28.9683],"stabilizedTipPosition":[6.26137,273.996,44.6748],"timeVisible":0.578248,"tipPosition":[-2.25624,266.198,-18.7285],"tipVelocity":[18.9275,0.297955,-242.311],"tool":false,"touchDistance":-0.626959,"touchZone":"hovering","type":0,"width":20.2438},{"bases":[[[0.832178,0.511789,-0.21343],[-0.295726,0.735212,0.609926],[0.46907,-0.44445,0.763176]],[[0.889741,0.444394,-0.104282],[-0.406338,0.875171,0.262611],[0.207967,-0.191282,0.95925]],[[0.889741,0.444394,-0.104282],[-0.435335,0.894817,0.0989273],[0.137276,-0.0426222,0.989615]],[[0.889741,0.444394,-0.104282],[-0.448407,0.893657,-0.0175456],[0.085395,0.0623716,0.994393]]],"btipPosition":[-11.3306,317.393,-66.5605],"carpPosition":[36.8757,276.525,71.6647],"dipPosition":[-9.87205,318.459,-49.5759],"direction":[-0.137276,0.0426222,-0.989615],"extended":true,"handId":380,"id":3801,"length":58.7895,"mcpPosition":[2.37698,309.213,15.5353],"pipPosition":[-6.55506,317.429,-25.6638],"stabilizedTipPosition":[-6.05512,324.491,-2.04979],"timeVisible":0.578248,"tipPosition":[-10.9808,318.866,-62.3468],"tipVelocity":[39.1923,-4.30631,-231.49],"tool":false,"touchDistance":-0.617112,"touchZone":"hovering","type":1,"width":19.3369},{"bases":[[[0.926039,0.314152,-0.20919],[-0.140409,0.801215,0.58167],[0.350339,-0.509277,0.786066]],[[0.927479,0.312045,-0.205939],[-0.373814,0.783958,-0.495655],[0.00678095,0.536692,0.843751]],[[0.927479,0.312045,-0.205939],[-0.0320914,-0.482345,-0.875393],[-0.372495,0.818518,-0.437351]],[[0.927479,0.312045,-0.205939],[0.229283,-0.909806,-0.345953],[-0.295317,0.273646,-0.915372]]],"btipPosition":[37.6051,265.52,3.80133],"carpPosition":[46.2298,284.27,69.6542],"dipPosition":[32.0572,270.661,-13.3951],"direction":[0.372495,-0.818518,0.437351],"extended":false,"handId":380,"id":3802,"length":66.986,"mcpPosition":[21.7948,319.791,14.8287],"pipPosition":[21.468,293.93,-25.828],"stabilizedTipPosition":[51.3831,273.642,72.5649],"timeVisible":0.578248,"tipPosition":[36.4977,266.459,0.132893],"tipVelocity":[12.727,-9.87949,-223.986],"tool":false,"touchDistance":0.333333,"touchZone":"none","type":2,"width":18.9914},{"bases":[[[0.975433,0.174485,-0.134483],[-0.0626492,0.804969,0.59],[0.211201,-0.56708,0.796125]],[[0.968132,0.192642,-0.160031],[-0.249037,0.808101,-0.53381],[0.026487,0.556652,0.830323]],[[0.968132,0.192642,-0.160031],[-0.0397171,-0.512809,-0.857583],[-0.247272,0.83661,-0.488816]],[[0.968132,0.192642,-0.160031],[0.136527,-0.941665,-0.307614],[-0.209955,0.275963,-0.937957]]],"btipPosition":[53.494,271.573,11.0918],"carpPosition":[57.1332,289.248,66.9766],"dipPosition":[49.5724,276.727,-6.4276],"direction":[0.247272,-0.83661,0.488816],"extended":false,"handId":380,"id":3803,"length":64.4088,"mcpPosition":[43.9077,324.759,17.1225],"pipPosition":[42.7246,299.896,-19.9646],"stabilizedTipPosition":[68.3973,280.159,79.6313],"timeVisible":0.578248,"tipPosition":[52.725,272.414,7.52785],"tipVelocity":[8.86343,-13.2588,-227.313],"tool":false,"touchDistance":0.333333,"touchZone":"none","type":3,"width":18.0715},{"bases":[[[0.990174,-0.0277399,-0.13706],[0.108736,0.769025,0.629903],[0.0879295,-0.638617,0.764485]],[[0.975183,0.0404152,-0.217681],[-0.141474,0.870037,-0.472251],[0.170304,0.491328,0.854163]],[[0.975183,0.0404152,-0.217681],[-0.176279,-0.453134,-0.873839],[-0.133955,0.890526,-0.434764]],[[0.975183,0.0404152,-0.217681],[-0.039231,-0.936097,-0.349548],[-0.217897,0.349414,-0.91128]]],"btipPosition":[65.658,283.96,11.7595],"carpPosition":[70.4011,287.742,62.0645],"dipPosition":[61.9033,289.981,-3.94321],"direction":[0.133955,-0.890526,0.434764],"extended":false,"handId":380,"id":3804,"length":50.4953,"mcpPosition":[65.304,324.761,17.7492],"pipPosition":[59.2841,307.393,-12.4441],"stabilizedTipPosition":[78.9567,293.007,77.595],"timeVisible":0.578248,"tipPosition":[64.9189,284.963,8.90489],"tipVelocity":[10.5302,-14.7168,-220.958],"tool":false,"touchDistance":0.333333,"touchZone":"none","type":4,"width":16.0525}],"r":[[0.827673,0.55674,0.070699],[-0.547594,0.773577,0.318935],[0.122873,-0.302688,0.945136]],"s":1.01895,"t":[-156.792,72.3169,-138.557],"timestamp":521220391590},false],[5,{"currentFrameRate":106.067,"devices":[],"gestures":[],"hands":[{"armBasis":[[0.848527,0.477607,-0.227801],[-0.279746,0.770315,0.573024],[0.449159,-0.4225,0.787242]],"armWidth":63.7005,"confidence":0.816577,"direction":[-0.356118,0.629661,-0.69044],"elbow":[181.386,160.104,279.31],"grabStrength":0,"id":380,"palmNormal":[0.216332,-0.663252,-0.716447],"palmPosition":[34.9327,302.189,27.2154],"palmVelocity":[17.4513,-23.971,-206.43],"palmWidth":90.9622,"pinchStrength":0.537145,"r":[[0.829132,0.554133,0.0740011],[-0.546004,0.774223,0.320091],[0.12008,-0.305803,0.944492]],"s":1.01856,"sphereCenter":[47.1915,284.133,-20.4146],"sphereRadius":49.1652,"stabilizedPalmPosition":[46.0301,312.163,90.1006],"t":[-156.546,72.1673,-140.253],"timeVisible":0.587289,"type":"right","wrist":[60.1503,274.144,66.8199]}],"id":4094547,"interactionBox":{"center":[0,200,0],"size":[235.247,235.247,147.751]},"pointables":[{"bases":[[[0.102818,0.878869,0.465851],[-0.689368,-0.274661,0.670323],[0.717077,-0.390064,0.577625]],[[-0.166854,0.960657,0.22203],[-0.720983,-0.272481,0.637133],[0.672565,-0.0537714,0.738082]],[[-0.166854,0.960657,0.22203],[-0.910514,-0.236528,0.339144],[0.378318,-0.145573,0.914158]],[[-0.166854,0.960657,0.22203],[-0.917039,-0.0684756,-0.392875],[-0.362214,-0.269162,0.892386]]],"btipPosition":[-0.186305,267.244,-24.5739],"carpPosition":[37.7968,253.301,64.296],"dipPosition":[-8.66084,260.947,-3.69527],"direction":[-0.378318,0.145573,-0.914158],"extended":false,"handId":380,"id":3800,"length":52.1005,"mcpPosition":[37.7968,253.301,64.296],"pipPosition":[4.2342,255.985,27.464],"stabilizedTipPosition":[6.25981,273.994,44.6628],"timeVisible":0.587289,"tipPosition":[-2.18079,266.213,-20.2064],"tipVelocity":[16.8465,0.863165,-220.971],"tool":false,"touchDistance":-0.614959,"touchZone":"hovering","type":0,"width":20.2438},{"bases":[[[0.836357,0.504483,-0.214487],[-0.288657,0.737918,0.610045],[0.466031,-0.448302,0.762785]],[[0.89313,0.437102,-0.106119],[-0.399133,0.878935,0.261087],[0.207393,-0.190829,0.959465]],[[0.89313,0.437102,-0.106119],[-0.428042,0.898423,0.098058],[0.138201,-0.0421551,0.989507]],[[0.89313,0.437102,-0.106119],[-0.441224,0.89722,-0.0178413],[0.0874136,0.0627569,0.994193]]],"btipPosition":[-10.9268,317.377,-68.0909],"carpPosition":[37.0882,276.263,70.1087],"dipPosition":[-9.43379,318.449,-51.1097],"direction":[-0.138201,0.042155,-0.989507],"extended":true,"handId":380,"id":3801,"length":58.7895,"mcpPosition":[2.81296,309.235,14.0081],"pipPosition":[-6.09443,317.431,-27.2002],"stabilizedTipPosition":[-6.05648,324.489,-2.06843],"timeVisible":0.587289,"tipPosition":[-10.5543,318.833,-63.8885],"tipVelocity":[40.9416,-3.56427,-214.363],"tool":false,"touchDistance":-0.606701,"touchZone":"hovering","type":1,"width":19.3369},{"bases":[[[0.928502,0.306039,-0.210294],[-0.132804,0.802562,0.581599],[0.346766,-0.512089,0.785823]],[[0.929789,0.304127,-0.207361],[-0.367932,0.784483,-0.499212],[0.0108474,0.540457,0.841302]],[[0.929789,0.304127,-0.207361],[-0.034944,-0.487868,-0.872218],[-0.36643,0.818225,-0.442987]],[[0.929789,0.304127,-0.207361],[0.222863,-0.91347,-0.340447],[-0.292957,0.27033,-0.917114]]],"btipPosition":[37.7188,265.262,2.56083],"carpPosition":[46.5069,283.926,68.0859],"dipPosition":[32.2152,270.34,-14.6683],"direction":[0.36643,-0.818225,0.442987],"extended":false,"handId":380,"id":3802,"length":66.986,"mcpPosition":[22.3211,319.643,13.2773],"pipPosition":[21.7985,293.6,-27.2614],"stabilizedTipPosition":[51.3815,273.641,72.5569],"timeVisible":0.587289,"tipPosition":[36.578,266.206,-1.25011],"tipVelocity":[12.9945,-15.4856,-200.296],"tool":false,"touchDistance":0.333333,"touchZone":"none","type":2,"width":18.9914},{"bases":[[[0.976763,0.165968,-0.135603],[-0.0550051,0.805643,0.589843],[0.207143,-0.568678,0.796051]],[[0.969628,0.184097,-0.161029],[-0.242473,0.80988,-0.534136],[0.0320815,0.556959,0.82992]],[[0.969628,0.184097,-0.161029],[-0.0443763,-0.515033,-0.856021],[-0.240526,0.837167,-0.491221]],[[0.969628,0.184097,-0.161029],[0.128752,-0.943961,-0.30391],[-0.207954,0.273947,-0.938993]]],"btipPosition":[53.5912,271.242,9.61867],"carpPosition":[57.4503,288.809,65.3948],"dipPosition":[49.7069,276.359,-7.92012],"direction":[0.240526,-0.837167,0.491221],"extended":false,"handId":380,"id":3803,"length":64.4088,"mcpPosition":[44.4788,324.42,15.5454],"pipPosition":[43.0459,299.543,-21.5238],"stabilizedTipPosition":[68.3953,280.158,79.6218],"timeVisible":0.587289,"tipPosition":[52.8223,272.062,5.99043],"tipVelocity":[9.64306,-19.9655,-209.705],"tool":false,"touchDistance":0.333333,"touchZone":"none","type":3,"width":18.0715},{"bases":[[[0.989744,-0.0363776,-0.13814],[0.116105,0.768222,0.629567],[0.0832197,-0.63915,0.764567]],[[0.975218,0.0320161,-0.218917],[-0.134664,0.870975,-0.472512],[0.175543,0.490283,0.853702]],[[0.975218,0.0320161,-0.218917],[-0.181149,-0.452538,-0.873152],[-0.127023,0.89117,-0.435524]],[[0.975218,0.0320161,-0.218917],[-0.0474711,-0.93615,-0.348381],[-0.216093,0.35014,-0.911431]]],"btipPosition":[65.8772,283.447,10.1926],"carpPosition":[70.6991,287.186,60.4686],"dipPosition":[62.1536,289.48,-5.5127],"direction":[0.127023,-0.89117,0.435524],"extended":false,"handId":380,"id":3804,"length":50.4953,"mcpPosition":[65.8751,324.236,16.1486],"pipPosition":[59.6699,306.905,-14.0284],"stabilizedTipPosition":[78.9543,293.005,77.5827],"timeVisible":0.587289,"tipPosition":[65.1368,284.456,7.31163],"tipVelocity":[14.53,-26.231,-207.843],"tool":false,"touchDistance":0.333333,"touchZone":"none","type":4,"width":16.0525}],"r":[[0.829132,0.554133,0.0740011],[-0.546004,0.774223,0.320091],[0.12008,-0.305803,0.944492]],"s":1.01856,"t":[-156.546,72.1673,-140.253],"timestamp":521220400631},false],[6,{"currentFrameRate":106.272,"devices":[],"gestures":[],"hands":[{"armBasis":[[0.850392,0.474304,-0.227747],[-0.277478,0.772053,0.571787],[0.447034,-0.423049,0.788156]],"armWidth":63.7005,"confidence":0.751164,"direction":[-0.353483,0.632561,-0.689142],"elbow":[181.005,159.682,278.688],"grabStrength":0,"id":380,"palmNormal":[0.213452,-0.662724,-0.717798],"palmPosition":[35.2421,302.102,26.4049],"palmVelocity":[22.0797,-20.0272,-174.295],"palmWidth":90.9622,"pinchStrength":0.538052,"r":[[0.830761,0.551299,0.0768486],[-0.544067,0.775069,0.321341],[0.117592,-0.308768,0.94384]],"s":1.01814,"sphereCenter":[47.3583,284.065,-21.2463],"sphereRadius":49.1337,"stabilizedPalmPosition":[46.0275,312.161,90.0851],"t":[-156.268,72.049,-141.506],"timeVisible":0.59632,"type":"right","wrist":[60.3429,273.87,65.9509]}],"id":4094548,"interactionBox":{"center":[0,200,0],"size":[235.247,235.247,147.751]},"pointables":[{"bases":[[[0.106595,0.877484,0.46761],[-0.690483,-0.27307,0.669825],[0.715451,-0.394277,0.57678]],[[-0.162838,0.960917,0.223881],[-0.721876,-0.270713,0.636875],[0.672591,-0.057907,0.737745]],[[-0.162838,0.960917,0.223881],[-0.911727,-0.233282,0.338132],[0.377144,-0.149058,0.914081]],[[-0.162838,0.960917,0.223881],[-0.916565,-0.0633298,-0.394838],[-0.365229,-0.269496,0.891055]]],"btipPosition":[0.0267001,267.404,-25.4325],"carpPosition":[37.9006,253.128,63.3869],"dipPosition":[-8.51835,261.098,-4.58497],"direction":[-0.377144,0.149058,-0.914081],"extended":false,"handId":380,"id":3800,"length":52.1005,"mcpPosition":[37.9006,253.128,63.3869],"pipPosition":[4.33669,256.018,26.5716],"stabilizedTipPosition":[6.25872,273.993,44.6541],"timeVisible":0.59632,"tipPosition":[-1.99855,266.361,-21.0625],"tipVelocity":[18.2079,5.43441,-186.518],"tool":false,"touchDistance":-0.594782,"touchZone":"hovering","type":0,"width":20.2438},{"bases":[[[0.838483,0.501346,-0.21354],[-0.285466,0.737911,0.611552],[0.464172,-0.451818,0.761843]],[[0.894721,0.43389,-0.105894],[-0.395888,0.880224,0.261682],[0.206751,-0.19221,0.959327]],[[0.894721,0.43389,-0.105894],[-0.42467,0.899904,0.0991327],[0.138307,-0.0437261,0.989424]],[[0.894721,0.43389,-0.105894],[-0.437853,0.898898,-0.016373],[0.0880837,0.0610152,0.994243]]],"btipPosition":[-10.5745,317.58,-68.8774],"carpPosition":[37.2902,276.081,69.2459],"dipPosition":[-9.07004,318.623,-51.8954],"direction":[-0.138307,0.0437261,-0.989424],"extended":true,"handId":380,"id":3801,"length":58.7895,"mcpPosition":[3.1517,309.311,13.2145],"pipPosition":[-5.72813,317.566,-27.9879],"stabilizedTipPosition":[-6.05755,324.487,-2.08465],"timeVisible":0.59632,"tipPosition":[-10.1899,319.01,-64.6814],"tipVelocity":[40.49,3.40645,-179.308],"tool":false,"touchDistance":-0.586159,"touchZone":"hovering","type":1,"width":19.3369},{"bases":[[[0.929782,0.302503,-0.209754],[-0.129341,0.801948,0.583224],[0.344639,-0.515142,0.784763]],[[0.931026,0.300634,-0.206907],[-0.364716,0.786921,-0.497732],[0.0131844,0.538864,0.84229]],[[0.931026,0.300634,-0.206907],[-0.0370014,-0.486262,-0.873029],[-0.363073,0.820469,-0.441598]],[[0.931026,0.300634,-0.206907],[0.21908,-0.913817,-0.341968],[-0.291883,0.273052,-0.91665]]],"btipPosition":[37.8734,265.218,1.69081],"carpPosition":[46.7414,283.708,67.2377],"dipPosition":[32.39,270.348,-15.5296],"direction":[0.363073,-0.820469,0.441598],"extended":false,"handId":380,"id":3802,"length":66.986,"mcpPosition":[22.704,319.637,12.503],"pipPosition":[22.0687,293.672,-28.0832],"stabilizedTipPosition":[51.3803,273.64,72.551],"timeVisible":0.59632,"tipPosition":[36.7317,266.177,-2.12776],"tipVelocity":[14.2729,-12.1946,-171.606],"tool":false,"touchDistance":0.333333,"touchZone":"none","type":2,"width":18.9914},{"bases":[[[0.977452,0.162078,-0.135348],[-0.0515291,0.804681,0.591467],[0.204776,-0.571156,0.794888]],[[0.97043,0.180195,-0.160608],[-0.238876,0.81254,-0.531711],[0.0346884,0.554354,0.831558]],[[0.97043,0.180195,-0.160608],[-0.0467571,-0.512437,-0.857451],[-0.23681,0.839606,-0.488859]],[[0.97043,0.180195,-0.160608],[0.124588,-0.943805,-0.306121],[-0.206744,0.27706,-0.938347]]],"btipPosition":[53.7523,271.128,8.70163],"carpPosition":[57.7053,288.549,64.5556],"dipPosition":[49.8907,276.303,-8.82509],"direction":[0.23681,-0.839606,0.488859],"extended":false,"handId":380,"id":3803,"length":64.4088,"mcpPosition":[44.882,324.315,14.779],"pipPosition":[43.3326,299.554,-22.3633],"stabilizedTipPosition":[68.3939,280.157,79.6148],"timeVisible":0.59632,"tipPosition":[52.9891,271.964,5.0798],"tipVelocity":[12.0613,-17.5325,-179.835],"tool":false,"touchDistance":0.333333,"touchZone":"none","type":3,"width":18.0715},{"bases":[[[0.98957,-0.0403157,-0.138293],[0.119423,0.766451,0.631103],[0.0805517,-0.641036,0.763272]],[[0.975298,0.0284111,-0.219059],[-0.131184,0.872368,-0.470919],[0.177721,0.488023,0.854546]],[[0.975298,0.0284111,-0.219059],[-0.183059,-0.45106,-0.873519],[-0.123626,0.892042,-0.434717]],[[0.975298,0.0284111,-0.219059],[-0.0510993,-0.935776,-0.348872],[-0.214902,0.351448,-0.911209]]],"btipPosition":[66.1155,283.29,9.37467],"carpPosition":[70.9467,286.879,59.625],"dipPosition":[62.4124,289.346,-6.32685],"direction":[0.123626,-0.892042,0.434717],"extended":false,"handId":380,"id":3804,"length":50.4953,"mcpPosition":[66.2773,324.039,15.38],"pipPosition":[59.9952,306.788,-14.8268],"stabilizedTipPosition":[78.9524,293.004,77.5729],"timeVisible":0.59632,"tipPosition":[65.3714,284.305,6.46106],"tipVelocity":[17.9396,-23.6257,-175.522],"tool":false,"touchDistance":0.333333,"touchZone":"none","type":4,"width":16.0525}],"r":[[0.830761,0.551299,0.0768486],[-0.544067,0.775069,0.321341],[0.117592,-0.308768,0.94384]],"s":1.01814,"t":[-156.268,72.049,-141.506],"timestamp":52122040966