{"sensorType":"Leap","data":[[0,{"currentFrameRate":101.584,"devices":[],"gestures":[],"hands":[{"armBasis":[[0.795346,0.495588,-0.349022],[-0.250729,0.793205,0.554942],[0.551869,-0.353861,0.755131]],"armWidth":63.7005,"confidence":0.81144,"direction":[-0.211128,0.301592,-0.929767],"elbow":[201.766,223.301,300.272],"grabStrength":0,"id":385,"palmNormal":[0.305736,-0.883105,-0.355882],"palmPosition":[35.6549,328.542,45.4378],"palmVelocity":[-10.5031,-78.2825,-198.854],"palmWidth":90.9622,"pinchStrength":0.429987,"r":[[0.981129,0.166998,0.0974566],[-0.165982,0.985955,-0.0184916],[-0.0991759,0.00196655,0.995068]],"s":1.12812,"sphereCenter":[58.7713,294.289,10.2441],"sphereRadius":52.5342,"stabilizedPalmPosition":[55.2593,326.492,136.867],"t":[-41.2835,95.5372,-178.487],"timeVisible":0.569379,"type":"right","wrist":[52.8069,318.814,96.4486]}],"id":4096485,"interactionBox":{"center":[0,200,0],"size":[235.247,235.247,147.751]},"pointables":[{"bases":[[[0.0589344,0.993345,0.0989601],[-0.801515,-0.0120069,0.597855],[0.595064,-0.114552,0.795473]],[[-0.179096,0.958723,-0.220851],[-0.831344,-0.0274326,0.555081],[0.52611,0.283016,0.801941]],[[-0.179096,0.958723,-0.220851],[-0.969627,-0.133997,0.204618],[0.166579,0.250789,0.953602]],[[-0.179096,0.958723,-0.220851],[-0.900831,-0.250045,-0.354938],[-0.39551,0.135381,0.908429]]],"btipPosition":[7.69243,272.166,4.69627],"carpPosition":[30.3709,298.005,98.4727],"dipPosition":[-1.5611,275.334,25.9503],"direction":[-0.166579,-0.250789,-0.953602],"extended":false,"handId":385,"id":3850,"length":52.1005,"mcpPosition":[30.3709,298.005,98.4727],"pipPosition":[4.11677,283.882,58.454],"stabilizedTipPosition":[24.7158,281.018,100.898],"timeVisible":0.569379,"tipPosition":[5.62329,274.32,9.2814],"tipVelocity":[-4.34035,-151.017,-197.119],"tool":false,"touchDistance":-0.54469,"touchZone":"hovering","type":0,"width":20.2438},{"bases":[[[0.879784,0.404936,-0.249013],[-0.356351,0.908486,0.218327],[0.314633,-0.103345,0.943571]],[[0.923514,0.377954,-0.0653621],[-0.381173,0.923331,-0.0465505],[0.0427569,0.0679044,0.996775]],[[0.923514,0.377954,-0.0653621],[-0.383562,0.910609,-0.153857],[0.00136861,0.167159,0.985929]],[[0.923514,0.377954,-0.0653621],[-0.38247,0.894548,-0.231304],[-0.0289526,0.238611,0.970683]]],"btipPosition":[5.1065,317.961,-57.8868],"carpPosition":[29.6218,321.391,94.7235],"dipPosition":[4.61198,322.037,-41.3072],"direction":[-0.00136861,-0.167159,-0.985929],"extended":true,"handId":385,"id":3851,"length":58.7895,"mcpPosition":[6.48143,328.992,25.3266],"pipPosition":[4.64505,326.076,-17.4842],"stabilizedTipPosition":[17.3766,310.42,58.4089],"timeVisible":0.569379,"tipPosition":[5.01402,317.828,-53.8316],"tipVelocity":[18.0299,-33.7857,-213.735],"tool":false,"touchDistance":-0.608686,"touchZone":"hovering","type":1,"width":19.3369},{"bases":[[[0.961976,0.226403,-0.15279],[-0.195489,0.961377,0.193749],[0.190754,-0.156513,0.96908]],[[0.958366,0.229198,-0.170303],[-0.242516,0.338495,-0.909179],[-0.150736,0.912628,0.379987]],[[0.958366,0.229198,-0.170303],[-0.00329753,-0.587495,-0.809221],[-0.285524,0.776092,-0.562279]],[[0.958366,0.229198,-0.170303],[0.119811,-0.864148,-0.488767],[-0.259192,0.448013,-0.855631]]],"btipPosition":[46.4882,264.391,37.6655],"carpPosition":[39.5433,327.929,91.5072],"dipPosition":[41.6189,272.807,21.5914],"direction":[0.285524,-0.776092,0.562279],"extended":false,"handId":385,"id":3852,"length":66.986,"mcpPosition":[26.2388,338.846,23.917],"pipPosition":[33.5021,294.87,5.6071],"stabilizedTipPosition":[64.6675,266.477,110],"timeVisible":0.569379,"tipPosition":[45.3862,265.824,33.6507],"tipVelocity":[-6.47078,-67.4625,-206.768],"tool":false,"touchDistance":0.333333,"touchZone":"none","type":2,"width":18.9914},{"bases":[[[0.991543,0.127782,-0.0226843],[-0.12008,0.969616,0.213131],[0.0492293,-0.208604,0.97676]],[[0.991527,0.127849,-0.0229982],[-0.0627305,0.316222,-0.946609],[-0.11375,0.940031,0.321563]],[[0.991527,0.127849,-0.0229982],[0.0643626,-0.637301,-0.767923],[-0.112835,0.759936,-0.640129]],[[0.991527,0.127849,-0.0229982],[0.105473,-0.895695,-0.431979],[-0.0758274,0.425893,-0.90159]]],"btipPosition":[57.5064,273.765,48.0586],"carpPosition":[50.9673,331.69,89.0195],"dipPosition":[56.09,281.72,31.2185],"direction":[0.112835,-0.759936,0.640129],"extended":false,"handId":385,"id":3853,"length":64.4088,"mcpPosition":[47.8845,344.753,27.8539],"pipPosition":[52.9652,302.765,13.491],"stabilizedTipPosition":[76.9934,275.563,118.855],"timeVisible":0.569379,"tipPosition":[57.2235,275.083,43.7183],"tipVelocity":[-9.18369,-66.1797,-189.287],"tool":false,"touchDistance":0.333333,"touchZone":"none","type":3,"width":18.0715},{"bases":[[[0.996696,-0.0591977,0.0556161],[0.0404269,0.955423,0.29246],[-0.0704499,-0.289245,0.954659]],[[0.991762,-0.0739756,0.104575],[0.12512,0.384508,-0.914603],[0.0274482,0.920153,0.390596]],[[0.991762,-0.0739756,0.104575],[0.0408748,-0.590947,-0.805674],[0.121399,0.803311,-0.583055]],[[0.991762,-0.0739756,0.104575],[-0.013647,-0.87276,-0.487958],[0.127366,0.482511,-0.86658]]],"btipPosition":[63.3201,288.875,44.602],"carpPosition":[64.775,328.656,87.4153],"dipPosition":[65.5149,297.19,29.6695],"direction":[-0.121399,-0.803311,0.583055],"extended":false,"handId":385,"id":3854,"length":50.4953,"mcpPosition":[68.8588,345.422,32.0761],"pipPosition":[67.8886,312.897,18.2692],"stabilizedTipPosition":[83.6104,291.613,118.667],"timeVisible":0.569379,"tipPosition":[63.9879,290.421,40.7058],"tipVelocity":[-10.6313,-67.7457,-187.269],"tool":false,"touchDistance":0.333333,"touchZone":"none","type":4,"width":16.0525}],"r":[[0.981129,0.166998,0.0974566],[-0.165982,0.985955,-0.0184916],[-0.0991759,0.00196655,0.995068]],"s":1.12812,"t":[-41.2835,95.5372,-178.487],"timestamp":521240702704},false],[1,{"currentFrameRate":101.996,"devices":[],"gestures":[],"hands":[{"armBasis":[[0.801799,0.486058,-0.347658],[-0.248233,0.800093,0.546106],[0.543598,-0.351567,0.762169]],"armWidth":63.7005,"confidence":0.817888,"direction":[-0.206282,0.307644,-0.928872],"elbow":[199.36,223.04,300.146],"grabStrength":0,"id":385,"palmNormal":[0.298178,-0.884375,-0.359126],"palmPosition":[35.683,328.048,43.4201],"palmVelocity":[-6.75856,-71.8522,-205.724],"palmWidth":90.9622,"pinchStrength":0.439637,"r":[[0.981194,0.164902,0.100323],[-0.164015,0.98631,-0.017086],[-0.101767,0.000310264,0.994808]],"s":1.12893,"sphereCenter":[58.5268,293.786,8.14268],"sphereRadius":52.4982,"stabilizedPalmPosition":[55.2496,326.493,136.821],"t":[-41.2959,94.8945,-180.4],"timeVisible":0.578393,"type":"right","wrist":[52.633,317.934,94.4236]}],"id":4096486,"interactionBox":{"center":[0,200,0],"size":[235.247,235.247,147.751]},"pointables":[{"bases":[[[0.0680648,0.992302,0.103462],[-0.802875,-0.00708108,0.596105],[0.592249,-0.123641,0.796213]],[[-0.173352,0.959493,-0.222085],[-0.833866,-0.0230076,0.551487],[0.524038,0.28079,0.804078]],[[-0.173352,0.959493,-0.222085],[-0.971064,-0.12891,0.201038],[0.164265,0.250509,0.954077]],[[-0.173352,0.959493,-0.222085],[-0.898406,-0.24645,-0.363497],[-0.403505,0.136509,0.904737]]],"btipPosition":[7.68877,271.584,2.49579],"carpPosition":[29.9979,297.329,96.3087],"dipPosition":[-1.75182,274.778,23.6634],"direction":[-0.164265,-0.250509,-0.954077],"extended":false,"handId":385,"id":3850,"length":52.1005,"mcpPosition":[29.9979,297.329,96.3087],"pipPosition":[3.8472,283.317,56.1833],"stabilizedTipPosition":[24.6552,280.99,100.603],"timeVisible":0.578393,"tipPosition":[5.45375,273.76,7.07147],"tipVelocity":[-4.57082,-127.059,-210.647],"tool":false,"touchDistance":-0.55186,"touchZone":"hovering","type":0,"width":20.2438},{"bases":[[[0.884088,0.397721,-0.24537],[-0.348256,0.910835,0.221578],[0.311618,-0.110443,0.943767]],[[0.927244,0.369422,-0.0612131],[-0.372199,0.927182,-0.0424402],[0.0410774,0.0621358,0.997222]],[[0.927244,0.369422,-0.0612131],[-0.374458,0.915037,-0.149963],[0.000612476,0.161974,0.986795]],[[0.927244,0.369422,-0.0612131],[-0.373331,0.89934,-0.227622],[-0.0290371,0.233914,0.971824]]],"btipPosition":[5.27526,318.283,-60.0234],"carpPosition":[29.4769,320.738,92.661],"dipPosition":[4.77929,322.278,-43.4243],"direction":[-0.000612476,-0.161974,-0.986795],"extended":true,"handId":385,"id":3851,"length":58.7895,"mcpPosition":[6.55834,328.86,23.2496],"pipPosition":[4.79409,326.192,-19.5803],"stabilizedTipPosition":[17.3763,310.42,58.4062],"timeVisible":0.578393,"tipPosition":[5.16561,318.147,-55.9746],"tipVelocity":[18.2099,-15.2554,-220.002],"tool":false,"touchDistance":-0.608132,"touchZone":"hovering","type":1,"width":19.3369},{"bases":[[[0.964389,0.218001,-0.149762],[-0.186851,0.962316,0.197572],[0.187189,-0.162553,0.968781]],[[0.960808,0.220935,-0.167438],[-0.237515,0.344626,-0.908196],[-0.142949,0.912371,0.383595]],[[0.960808,0.220935,-0.167438],[-0.00615733,-0.586845,-0.809676],[-0.277146,0.778974,-0.562485]],[[0.960808,0.220935,-0.167438],[0.114029,-0.865518,-0.487725],[-0.252676,0.449517,-0.85679]]],"btipPosition":[45.9241,263.981,35.5274],"carpPosition":[39.4664,327.196,89.4944],"dipPosition":[41.1773,272.426,19.4315],"direction":[0.277146,-0.778974,0.562485],"extended":false,"handId":385,"id":3852,"length":66.986,"mcpPosition":[26.4106,338.533,21.9251],"pipPosition":[33.2986,294.57,3.44136],"stabilizedTipPosition":[64.6575,266.476,109.96],"timeVisible":0.578393,"tipPosition":[44.8459,265.406,31.4754],"tipVelocity":[-21.0384,-61.2249,-215.288],"tool":false,"touchDistance":0.333333,"touchZone":"none","type":2,"width":18.9914},{"bases":[[[0.992748,0.118536,-0.0200303],[-0.11141,0.96976,0.217149],[0.0451647,-0.213343,0.975933]],[[0.992734,0.118601,-0.0203282],[-0.0576943,0.320887,-0.945359],[-0.105598,0.939662,0.325398]],[[0.992734,0.118601,-0.0203282],[0.0602073,-0.635842,-0.769467],[-0.104185,0.762652,-0.638363]],[[0.992734,0.118601,-0.0203282],[0.0981492,-0.895831,-0.433421],[-0.069615,0.428277,-0.900962]]],"btipPosition":[57.0045,273.128,45.9065],"carpPosition":[50.9306,330.859,87.0475],"dipPosition":[55.7042,281.128,29.078],"direction":[0.104185,-0.762652,0.638363],"extended":false,"handId":385,"id":3853,"length":64.4088,"mcpPosition":[48.1023,344.219,25.9337],"pipPosition":[52.8189,302.248,11.3995],"stabilizedTipPosition":[76.9797,275.562,118.803],"timeVisible":0.578393,"tipPosition":[56.7454,274.455,41.564],"tipVelocity":[-21.153,-67.1015,-202.806],"tool":false,"touchDistance":0.333333,"touchZone":"none","type":3,"width":18.0715},{"bases":[[[0.995973,-0.0688254,0.0574558],[0.0487856,0.953707,0.296753],[-0.0752201,-0.292755,0.953224]],[[0.990742,-0.0838908,0.106733],[0.131129,0.387867,-0.91234],[0.0351387,0.91789,0.395276]],[[0.990742,-0.0838908,0.106733],[0.0371936,-0.588395,-0.807718],[0.130561,0.80421,-0.579828]],[[0.990742,-0.0838908,0.106733],[-0.0209246,-0.871185,-0.490508],[0.134133,0.483734,-0.864875]]],"btipPosition":[62.9666,288.167,42.471],"carpPosition":[64.7126,327.702,85.459],"dipPosition":[65.2779,296.502,27.5679],"direction":[-0.130561,-0.80421,0.579828],"extended":false,"handId":385,"id":3854,"length":50.4953,"mcpPosition":[69.0729,344.673,30.203],"pipPosition":[67.8308,312.227,16.2306],"stabilizedTipPosition":[83.5962,291.612,118.611],"timeVisible":0.578393,"tipPosition":[63.6572,289.715,38.5928],"tipVelocity":[-17.6735,-70.581,-200.575],"tool":false,"touchDistance":0.333333,"touchZone":"none","type":4,"width":16.0525}],"r":[[0.981194,0.164902,0.100323],[-0.164015,0.98631,-0.017086],[-0.101767,0.000310264,0.994808]],"s":1.12893,"t":[-41.2959,94.8945,-180.4],"timestamp":521240711718},false],[2,{"currentFrameRate":102.255,"devices":[],"gestures":[],"hands":[{"armBasis":[[0.806599,0.479636,-0.345467],[-0.243997,0.8025,0.544481],[0.538389,-0.354885,0.764326]],"armWidth":63.7005,"confidence":0.829031,"direction":[-0.201515,0.312087,-0.928436],"elbow":[197.74,221.495,298.666],"grabStrength":0,"id":385,"palmNormal":[0.291739,-0.885736,-0.361055],"palmPosition":[35.6757,327.688,41.3476],"palmVelocity":[-5.07671,-62.5158,-210.651],"palmWidth":90.9622,"pinchStrength":0.447632,"r":[[0.981457,0.161543,0.103177],[-0.160809,0.986865,-0.0154461],[-0.104317,-0.00143197,0.994543]],"s":1.12919,"sphereCenter":[58.3736,293.397,6.03959],"sphereRadius":52.4846,"stabilizedPalmPosition":[55.2408,326.494,136.778],"t":[-41.3057,94.3933,-182.392],"timeVisible":0.587678,"type":"right","wrist":[52.4195,317.284,92.3608]}],"id":4096487,"interactionBox":{"center":[0,200,0],"size":[235.247,235.247,147.751]},"pointables":[{"bases":[[[0.0759921,0.991396,0.106583],[-0.804332,-0.0022255,0.594176],[0.589301,-0.130881,0.797242]],[[-0.166703,0.960675,-0.222066],[-0.836622,-0.0186268,0.547463],[0.521798,0.27705,0.806828]],[[-0.166703,0.960675,-0.222066],[-0.972843,-0.123573,0.19572],[0.160582,0.248663,0.955186]],[[-0.166703,0.960675,-0.222066],[-0.897054,-0.241251,-0.370259],[-0.409272,0.137482,0.901995]]],"btipPosition":[7.67407,271.343,0.206966],"carpPosition":[29.6109,296.861,94.1307],"dipPosition":[-1.90145,274.559,21.3104],"direction":[-0.160582,-0.248663,-0.955186],"extended":false,"handId":385,"id":3850,"length":52.1005,"mcpPosition":[29.6109,296.861,94.1307],"pipPosition":[3.57201,283.035,53.8681],"stabilizedTipPosition":[24.5972,280.964,100.314],"timeVisible":0.587678,"tipPosition":[5.3057,273.474,4.79963],"tipVelocity":[-4.67093,-98.4129,-221.205],"tool":false,"touchDistance":-0.559561,"touchZone":"hovering","type":0,"width":20.2438},{"bases":[[[0.887921,0.391141,-0.242086],[-0.341268,0.913016,0.223469],[0.308436,-0.115806,0.94417]],[[0.930448,0.361875,-0.0575697],[-0.364336,0.930406,-0.0400519],[0.0390694,0.058241,0.997538]],[[0.930448,0.361875,-0.0575697],[-0.366425,0.91863,-0.147825],[-0.000608729,0.158638,0.987337]],[[0.930448,0.361875,-0.0575697],[-0.365221,0.903148,-0.225693],[-0.0296786,0.231021,0.972496]]],"btipPosition":[5.45068,318.52,-62.2004],"carpPosition":[29.2916,320.283,90.5517],"dipPosition":[4.94376,322.466,-45.5898],"direction":[0.000608729,-0.158638,-0.987337],"extended":true,"handId":385,"id":3851,"length":58.7895,"mcpPosition":[6.60706,328.801,21.1107],"pipPosition":[4.92905,326.299,-21.7328],"stabilizedTipPosition":[17.3761,310.42,58.4042],"timeVisible":0.587678,"tipPosition":[5.32431,318.389,-58.1573],"tipVelocity":[18.326,-4.08461,-224],"tool":false,"touchDistance":-0.608268,"touchZone":"hovering","type":1,"width":19.3369},{"bases":[[[0.966509,0.210482,-0.146824],[-0.179387,0.963235,0.199999],[0.183522,-0.166962,0.968733]],[[0.962973,0.213515,-0.164602],[-0.232716,0.350078,-0.907353],[-0.13611,0.912062,0.386804]],[[0.962973,0.213515,-0.164602],[-0.00868402,-0.585667,-0.810506],[-0.269457,0.781924,-0.562127]],[[0.962973,0.213515,-0.164602],[0.108771,-0.866349,-0.48745],[-0.246681,0.451498,-0.857495]]],"btipPosition":[45.3943,263.655,33.3129],"carpPosition":[39.3415,326.668,87.4281],"dipPosition":[40.7601,272.137,17.2038],"direction":[0.269457,-0.781924,0.562127],"extended":false,"handId":385,"id":3852,"length":66.986,"mcpPosition":[26.5414,338.313,19.8622],"pipPosition":[33.1,294.365,1.22378],"stabilizedTipPosition":[64.6484,266.476,109.924],"timeVisible":0.587678,"tipPosition":[44.3425,265.082,29.264],"tipVelocity":[-30.408,-53.6042,-221.925],"tool":false,"touchDistance":0.333333,"touchZone":"none","type":2,"width":18.9914},{"bases":[[[0.993736,0.110403,-0.017323],[-0.103934,0.969998,0.219777],[0.0410673,-0.2166,0.975396]],[[0.993726,0.110454,-0.017553],[-0.052657,0.323609,-0.944725],[-0.0986681,0.939722,0.327395]],[[0.993726,0.110454,-0.017553],[0.0572053,-0.636849,-0.768864],[-0.0961025,0.763036,-0.639172]],[[0.993726,0.110454,-0.017553],[0.0921314,-0.897442,-0.431404],[-0.0634031,0.427081,-0.901988]]],"btipPosition":[56.5224,272.726,43.8642],"carpPosition":[50.8413,330.245,85.0192],"dipPosition":[55.3382,280.704,27.0166],"direction":[0.0961025,-0.763036,0.639172],"extended":false,"handId":385,"id":3853,"length":64.4088,"mcpPosition":[48.2696,343.808,23.9391],"pipPosition":[52.6767,301.835,9.31569],"stabilizedTipPosition":[76.9668,275.562,118.754],"timeVisible":0.587678,"tipPosition":[56.2894,274.037,39.4928],"tipVelocity":[-29.0159,-60.5407,-207.774],"tool":false,"touchDistance":0.333333,"touchZone":"none","type":3,"width":18.0715},{"bases":[[[0.995231,-0.0772079,0.0596111],[0.0559325,0.952389,0.299712],[-0.0799131,-0.294949,0.952166]],[[0.989696,-0.0925139,0.109281],[0.136988,0.389732,-0.910683],[0.0416604,0.91627,0.398389]],[[0.989696,-0.0925139,0.109281],[0.0343609,-0.587469,-0.808517],[0.138998,0.803941,-0.578237]],[[0.989696,-0.0925139,0.109281],[-0.0271483,-0.870634,-0.491183],[0.140585,0.483155,-0.864174]]],"btipPosition":[62.62,287.643,40.3742],"carpPosition":[64.6006,326.979,83.4541],"dipPosition":[65.0425,295.968,25.4832],"direction":[-0.138998,-0.803941,0.578237],"extended":false,"handId":385,"id":3854,"length":50.4953,"mcpPosition":[69.233,344.076,28.2594],"pipPosition":[67.7603,311.687,14.177],"stabilizedTipPosition":[83.5825,291.611,118.556],"timeVisible":0.587678,"tipPosition":[63.3328,289.183,36.503],"tipVelocity":[-22.4385,-66.6632,-207.609],"tool":false,"touchDistance":0.333333,"touchZone":"none","type":4,"width":16.0525}],"r":[[0.981457,0.161543,0.103177],[-0.160809,0.986865,-0.0154461],[-0.104317,-0.00143197,0.994543]],"s":1.12919,"t":[-41.3057,94.3933,-182.392],"timestamp":521240721003},false],[3,{"currentFrameRate":102.747,"devices":[],"gestures":[],"hands":[{"armBasis":[[0.815136,0.471406,-0.336645],[-0.241303,0.804659,0.542491],[0.526618,-0.36097,0.769658]],"armWidth":63.7005,"confidence":0.832889,"direction":[-0.19874,0.312286,-0.928967],"elbow":[194.468,219.685,298.933],"grabStrength":0,"id":385,"palmNormal":[0.288089,-0.887383,-0.359939],"palmPosition":[35.7015,327.559,40.1441],"palmVelocity":[-2.91902,-49.6345,-190.772],"palmWidth":90.9622,"pinchStrength":0.454229,"r":[[0.981774,0.157945,0.105706],[-0.157315,0.987445,-0.0143288],[-0.106642,-0.00256155,0.994294]],"s":1.12897,"sphereCenter":[58.2929,293.175,4.91519],"sphereRadius":52.4455,"stabilizedPalmPosition":[55.2337,326.494,136.743],"t":[-41.2977,94.0781,-183.99],"timeVisible":0.596474,"type":"right","wrist":[52.3244,317.117,91.1891]}],"id":4096488,"interactionBox":{"center":[0,200,0],"size":[235.247,235.247,147.751]},"pointables":[{"bases":[[[0.0804915,0.991113,0.105904],[-0.80517,0.00202193,0.59304],[0.587556,-0.133006,0.798178]],[[-0.162999,0.960726,-0.224579],[-0.838513,-0.0149405,0.544677],[0.51993,0.277095,0.808017]],[[-0.162999,0.960726,-0.224579],[-0.973853,-0.120157,0.192801],[0.158244,0.250134,0.955192]],[[-0.162999,0.960726,-0.224579],[-0.894056,-0.240091,-0.378179],[-0.417246,0.139144,0.898078]]],"btipPosition":[7.84038,271.194,-0.948703],"carpPosition":[29.4178,296.803,92.943],"dipPosition":[-1.9217,274.449,20.0631],"direction":[-0.158244,-0.250134,-0.955192],"extended":false,"handId":385,"id":3850,"length":52.1005,"mcpPosition":[29.4178,296.803,92.943],"pipPosition":[3.47209,282.975,52.621],"stabilizedTipPosition":[24.5497,280.941,100.073],"timeVisible":0.596474,"tipPosition":[5.33669,273.266,3.63689],"tipVelocity":[0.364858,-76.2114,-197.663],"tool":false,"touchDistance":-0.549589,"touchZone":"hovering","type":0,"width":20.2438},{"bases":[[[0.890086,0.386778,-0.241141],[-0.337296,0.914785,0.222262],[0.306558,-0.116496,0.944696]],[[0.932259,0.357398,-0.0562161],[-0.359816,0.932123,-0.0409663],[0.0377591,0.0584187,0.997578]],[[0.932259,0.357398,-0.0562161],[-0.361789,0.920294,-0.148888],[-0.00147679,0.15914,0.987255]],[[0.932259,0.357398,-0.0562161],[-0.360528,0.904739,-0.226865],[-0.03022,0.231764,0.972303]]],"btipPosition":[5.5971,318.479,-63.4424],"carpPosition":[29.2134,320.224,89.3449],"dipPosition":[5.08093,322.437,-46.8351],"direction":[0.00147679,-0.15914,-0.987255],"extended":true,"handId":385,"id":3851,"length":58.7895,"mcpPosition":[6.66697,328.792,19.8652],"pipPosition":[5.04525,326.283,-22.98],"stabilizedTipPosition":[17.376,310.42,58.4028],"timeVisible":0.596474,"tipPosition":[5.45755,318.366,-59.4037],"tipVelocity":[17.8085,-4.16456,-201.725],"tool":false,"touchDistance":-0.594415,"touchZone":"hovering","type":1,"width":19.3369},{"bases":[[[0.967692,0.20583,-0.145625],[-0.175148,0.964225,0.198981],[0.181372,-0.167046,0.969123]],[[0.964175,0.208882,-0.163511],[-0.229935,0.350727,-0.907811],[-0.132278,0.912885,0.386192]],[[0.964175,0.208882,-0.163511],[-0.00972509,-0.588149,-0.808694],[-0.26509,0.781313,-0.565047]],[[0.964175,0.208882,-0.163511],[0.106257,-0.868904,-0.483442],[-0.243057,0.448748,-0.85997]]],"btipPosition":[45.1234,263.581,32.247],"carpPosition":[39.2976,326.559,86.2304],"dipPosition":[40.5573,272.011,16.0914],"direction":[0.26509,-0.781313,0.565047],"extended":false,"handId":385,"id":3852,"length":66.986,"mcpPosition":[26.6475,338.21,18.6373],"pipPosition":[33.0214,294.222,0.0284022],"stabilizedTipPosition":[64.6411,266.476,109.895],"timeVisible":0.596474,"tipPosition":[44.0868,264.986,28.1785],"tipVelocity":[-30.0317,-41.805,-195.123],"tool":false,"touchDistance":0.333333,"touchZone":"none","type":2,"width":18.9914},{"bases":[[[0.994266,0.105727,-0.0160063],[-0.0996926,0.97065,0.21886],[0.038676,-0.21601,0.975625]],[[0.994257,0.105779,-0.0162384],[-0.0499085,0.324085,-0.944711],[-0.0946675,0.940096,0.327503]],[[0.994257,0.105779,-0.0162384],[0.0553278,-0.63796,-0.76808],[-0.0916059,0.76277,-0.640149]],[[0.994257,0.105779,-0.0162384],[0.0886011,-0.898727,-0.429463],[-0.060022,0.425558,-0.902938]]],"btipPosition":[56.2819,272.543,42.7056],"carpPosition":[50.8174,330.079,83.835],"dipPosition":[55.1608,280.492,25.8403],"direction":[0.0916059,-0.76277,0.640149],"extended":false,"handId":385,"id":3853,"length":64.4088,"mcpPosition":[48.3955,343.606,22.7406],"pipPosition":[52.6239,301.616,8.11232],"stabilizedTipPosition":[76.9558,275.561,118.712],"timeVisible":0.596474,"tipPosition":[56.0621,273.849,38.3576],"tipVelocity":[-28.1217,-50.0468,-187.417],"tool":false,"touchDistance":0.333333,"touchZone":"none","type":3,"width":18.0715},{"bases":[[[0.994773,-0.0818268,0.0610787],[0.059977,0.952355,0.299035],[-0.0826377,-0.293809,0.952285]],[[0.989036,-0.0971961,0.111177],[0.14057,0.388964,-0.910465],[0.0452498,0.916111,0.398362]],[[0.989036,-0.0971961,0.111177],[0.0328443,-0.589217,-0.807307],[0.143974,0.802107,-0.579565]],[[0.989036,-0.0971961,0.111177],[-0.0307542,-0.87192,-0.488682],[0.144435,0.479905,-0.865349]]],"btipPosition":[62.4502,287.443,39.2523],"carpPosition":[64.5634,326.748,82.2919],"dipPosition":[64.9391,295.712,24.341],"direction":[-0.143974,-0.802107,0.579565],"extended":false,"handId":385,"id":3854,"length":50.4953,"mcpPosition":[69.3537,343.779,27.0903],"pipPosition":[67.7542,311.396,13.0088],"stabilizedTipPosition":[83.5708,291.61,118.509],"timeVisible":0.596474,"tipPosition":[63.1751,288.963,35.3878],"tipVelocity":[-21.1264,-55.22,-186.194],"tool":false,"touchDistance":0.333333,"touchZone":"none","type":4,"width":16.0525}],"r":[[0.981774,0.157945,0.105706],[-0.157315,0.987445,-0.0143288],[-0.106642,-0.00256155,0.994294]],"s":1.12897,"t":[-41.2977,94.0781,-183.99],"timestamp":521240729799},false],[4,{"currentFrameRate":103.059,"devices":[],"gestures":[],"hands":[{"armBasis":[[0.819009,0.465869,-0.334948],[-0.237184,0.806428,0.54168],[0.522464,-0.364196,0.770969]],"armWidth":63.7005,"confidence":0.838407,"direction":[-0.195341,0.313818,-0.929172],"elbow":[193.262,218.377,298.122],"grabStrength":0,"id":385,"palmNormal":[0.282961,-0.8891,-0.359771],"palmPosition":[35.7609,327.242,38.9569],"palmVelocity":[-0.300961,-45.5001,-173.995],"palmWidth":90.9622,"pinchStrength":0.460775,"r":[[0.982178,0.153804,0.108031],[-0.153255,0.988096,-0.0134159],[-0.108809,-0.00337947,0.994057]],"s":1.1283,"sphereCenter":[58.2358,292.784,3.77681],"sphereRadius":52.4074,"stabilizedPalmPosition":[55.2276,326.494,136.712],"t":[-41.2641,93.7623,-185.383],"timeVisible":0.605585,"type":"right","wrist":[52.2398,316.68,90.0238]}],"id":4096489,"interactionBox":{"center":[0,200,0],"size":[235.247,235.247,147.751]},"pointables":[{"bases":[[[0.0866573,0.990548,0.106322],[-0.806034,0.00699049,0.591828],[0.585491,-0.136985,0.799022]],[[-0.157094,0.961539,-0.22531],[-0.84087,-0.0105799,0.541133],[0.517937,0.274466,0.810191]],[[-0.157094,0.961539,-0.22531],[-0.975337,-0.115238,0.188249],[0.155044,0.249326,0.955928]],[[-0.157094,0.961539,-0.22531],[-0.890821,-0.236453,-0.387979],[-0.426332,0.139762,0.893704]]],"btipPosition":[8.04508,271.047,-2.18588],"carpPosition":[29.2014,296.512,91.7371],"dipPosition":[-1.92958,274.317,18.7236],"direction":[-0.155044,-0.249326,-0.955928],"extended":false,"handId":385,"id":3850,"length":52.1005,"mcpPosition":[29.2014,296.512,91.7371],"pipPosition":[3.35513,282.815,51.3066],"stabilizedTipPosition":[24.5099,280.922,99.8664],"timeVisible":0.605585,"tipPosition":[5.38025,273.016,2.40692],"tipVelocity":[5.00824,-59.4341,-181.213],"tool":false,"touchDistance":-0.541875,"touchZone":"hovering","type":0,"width":20.2438},{"bases":[[[0.8929,0.381158,-0.239684],[-0.331784,0.916855,0.222028],[0.304383,-0.118725,0.945122]],[[0.934656,0.35138,-0.0543207],[-0.353681,0.934479,-0.0407298],[0.0364499,0.0572806,0.997693]],[[0.934656,0.35138,-0.0543207],[-0.355547,0.922734,-0.148819],[-0.00216841,0.158408,0.987371]],[[0.934656,0.35138,-0.0543207],[-0.354247,0.907199,-0.226932],[-0.0304598,0.231347,0.972394]]],"btipPosition":[5.77258,318.427,-64.6822],"carpPosition":[29.1519,319.935,88.1457],"dipPosition":[5.25232,322.379,-48.0733],"direction":[0.00216841,-0.158408,-0.987371],"extended":true,"handId":385,"id":3851,"length":58.7895,"mcpPosition":[6.76542,328.666,18.6347],"pipPosition":[5.19992,326.206,-24.2154],"stabilizedTipPosition":[17.3758,310.421,58.4018],"timeVisible":0.605585,"tipPosition":[5.61991,318.329,-60.6483],"tipVelocity":[18.1827,-4.62814,-183.501],"tool":false,"touchDistance":-0.581899,"touchZone":"hovering","type":1,"width":19.3369},{"bases":[[[0.969205,0.19969,-0.144106],[-0.169289,0.965266,0.199006],[0.17884,-0.168482,0.969345]],[[0.965702,0.202796,-0.162153],[-0.226443,0.352183,-0.908125],[-0.127057,0.913696,0.386026]],[[0.965702,0.202796,-0.162153],[-0.0112911,-0.59111,-0.806512],[-0.259408,0.780681,-0.568546]],[[0.965702,0.202796,-0.162153],[0.102774,-0.872033,-0.478535],[-0.238448,0.445457,-0.862966]]],"btipPosition":[44.7837,263.369,31.2132],"carpPosition":[39.281,326.206,85.0483],"dipPosition":[40.3042,271.737,15.0013],"direction":[0.259408,-0.780681,0.568546],"extended":false,"handId":385,"id":3852,"length":66.986,"mcpPosition":[26.8075,337.957,17.4397],"pipPosition":[32.9298,293.93,-1.1612],"stabilizedTipPosition":[64.6343,266.475,109.868],"timeVisible":0.605585,"tipPosition":[43.7631,264.744,27.098],"tipVelocity":[-31.4376,-37.0938,-172.863],"tool":false,"touchDistance":0.333333,"touchZone":"none","type":2,"width":18.9914},{"bases":[[[0.994944,0.0993819,-0.0144772],[-0.0938239,0.971203,0.219001],[0.035825,-0.216535,0.975617]],[[0.994934,0.0994417,-0.0147468],[-0.0465751,0.325967,-0.944233],[-0.0890892,0.940137,0.328947]],[[0.994934,0.0994417,-0.0147468],[0.0523951,-0.638135,-0.76814],[-0.0857956,0.763476,-0.640113]],[[0.994934,0.0994417,-0.0147468],[0.0835637,-0.899628,-0.428586],[-0.055886,0.425182,-0.903381]]],"btipPosition":[55.9824,272.136,41.4852],"carpPosition":[50.8267,329.654,82.6713],"dipPosition":[54.9385,280.078,24.6116],"direction":[0.0857956,-0.763476,0.640113],"extended":false,"handId":385,"id":3853,"length":64.4088,"mcpPosition":[48.5833,343.213,21.5773],"pipPosition":[52.5625,301.221,6.88459],"stabilizedTipPosition":[76.9453,275.56,118.672],"timeVisible":0.605585,"tipPosition":[55.7775,273.446,37.1713],"tipVelocity":[-28.8996,-48.6085,-172.642],"tool":false,"touchDistance":0.333333,"touchZone":"none","type":3,"width":18.0715},{"bases":[[[0.994137,-0.0881938,0.0625522],[0.0656046,0.951866,0.29941],[-0.0859475,-0.293551,0.952072]],[[0.988165,-0.103669,0.113059],[0.144899,0.388985,-0.909777],[0.0503376,0.915392,0.399403]],[[0.988165,-0.103669,0.113059],[0.0304451,-0.589837,-0.806948],[0.150342,0.80084,-0.5797]],[[0.988165,-0.103669,0.113059],[-0.0357386,-0.872364,-0.487548],[0.149172,0.477737,-0.865745]]],"btipPosition":[62.2462,287.003,38.0933],"carpPosition":[64.5534,326.235,81.1479],"dipPosition":[64.8166,295.235,23.1752],"direction":[-0.150342,-0.80084,0.5797],"extended":false,"handId":385,"id":3854,"length":50.4953,"mcpPosition":[69.5356,343.251,25.9587],"pipPosition":[67.7562,310.893,11.8404],"stabilizedTipPosition":[83.5596,291.608,118.464],"timeVisible":0.605585,"tipPosition":[62.9862,288.509,34.2412],"tipVelocity":[-20.9082,-53.569,-169.875],"tool":false,"touchDistance":0.333333,"touchZone":"none","type":4,"width":16.0525}],"r":[[0.982178,0.153804,0.108031],[-0.153255,0.988096,-0.0134159],[-0.108809,-0.00337947,0.994057]],"s":1.1283,"t":[-41.2641,93.7623,-185.383],"timestamp":521240738910},false],[5,{"currentFrameRate":103.409,"devices":[],"gestures":[],"hands":[{"armBasis":[[0.817509,0.466915,-0.337149],[-0.235969,0.80558,0.54347],[0.525355,-0.364735,0.768746]],"armWidth":63.7005,"confidence":0.839075,"direction":[-0.193766,0.31516,-0.929048],"elbow":[193.974,218.075,296.42],"grabStrength":0,"id":385,"palmNormal":[0.281751,-0.889224,-0.360413],"palmPosition":[35.7677,327.17,37.8488],"palmVelocity":[-0.00990285,-35.219,-159.986],"palmWidth":90.9622,"pinchStrength":0.468362,"r":[[0.982516,0.150109,0.110134],[-0.149647,0.98866,-0.0125001],[-0.110761,-0.00419967,0.993838]],"s":1.12733,"sphereCenter":[58.1659,292.75,2.70051],"sphereRadius":52.3276,"stabilizedPalmPosition":[55.2227,326.494,136.688],"t":[-41.2438,93.568,-186.633],"timeVisible":0.614593,"type":"right","wrist":[52.1721,316.523,88.9222]}],"id":4096490,"interactionBox":{"center":[0,200,0],"size":[235.247,235.247,147.751]},"pointables":[{"bases":[[[0.088325,0.990277,0.107474],[-0.806663,0.00781157,0.59096],[0.584374,-0.138892,0.79951]],[[-0.154353,0.962425,-0.223414],[-0.842445,-0.0100615,0.538688],[0.516198,0.271362,0.812343]],[[-0.154353,0.962425,-0.223414],[-0.976413,-0.114036,0.183342],[0.150976,0.246443,0.957325]],[[-0.154353,0.962425,-0.223414],[-0.885314,-0.235113,-0.401174],[-0.438627,0.135869,0.888339]]],"btipPosition":[8.4523,271.274,-3.36349],"carpPosition":[29.0955,296.394,90.589],"dipPosition":[-1.81002,274.453,17.4205],"direction":[-0.150976,-0.246443,-0.957325],"extended":false,"handId":385,"id":3850,"length":52.1005,"mcpPosition":[29.0955,296.394,90.589],"pipPosition":[3.33602,282.853,50.0511],"stabilizedTipPosition":[24.4808,280.908,99.711],"timeVisible":0.614593,"tipPosition":[5.61562,273.037,1.23135],"tipVelocity":[14.0361,-36.8168,-168.221],"tool":false,"touchDistance":-0.534118,"touchZone":"hovering","type":0,"width":20.2438},{"bases":[[[0.893845,0.379804,-0.238308],[-0.330374,0.917214,0.222647],[0.303141,-0.120281,0.945324]],[[0.935374,0.349711,-0.0527126],[-0.351887,0.935197,-0.0397855],[0.0353833,0.0557631,0.997817]],[[0.935374,0.349711,-0.0527126],[-0.353647,0.923587,-0.148058],[-0.00309287,0.157132,0.987573]],[[0.935374,0.349711,-0.0527126],[-0.352275,0.90812,-0.226318],[-0.0312766,0.230262,0.972626]]],"btipPosition":[5.88623,318.543,-65.8344],"carpPosition":[29.0921,319.821,87.0226],"dipPosition":[5.35202,322.476,-49.2215],"direction":[0.00309287,-0.157132,-0.987573],"extended":true,"handId":385,"id":3851,"length":58.7895,"mcpPosition":[6.79697,328.668,17.4967],"pipPosition":[5.27728,326.273,-25.3588],"stabilizedTipPosition":[17.3758,310.421,58.401],"timeVisible":0.614593,"tipPosition":[5.72554,318.454,-61.8047],"tipVelocity":[16.5552,0.0404981,-168.196],"tool":false,"touchDistance":-0.569311,"touchZone":"hovering","type":1,"width":19.3369},{"bases":[[[0.969719,0.198097,-0.142841],[-0.167767,0.965356,0.199853],[0.177483,-0.169837,0.969358]],[[0.966226,0.201242,-0.160966],[-0.225012,0.354379,-0.907626],[-0.12561,0.913191,0.387692]],[[0.966226,0.201242,-0.160966],[-0.0112074,-0.591222,-0.806431],[-0.257454,0.780998,-0.568999]],[[0.966226,0.201242,-0.160966],[0.102285,-0.872811,-0.47722],[-0.236529,0.444638,-0.863916]]],"btipPosition":[44.672,263.366,30.0573],"carpPosition":[39.2359,326.078,83.9429],"dipPosition":[40.2285,271.719,13.8275],"direction":[0.257454,-0.780998,0.568999],"extended":false,"handId":385,"id":3852,"length":66.986,"mcpPosition":[26.857,337.923,16.3334],"pipPosition":[32.9096,293.921,-2.34782],"stabilizedTipPosition":[64.6288,266.475,109.847],"timeVisible":0.614593,"tipPosition":[43.6628,264.734,25.9502],"tipVelocity":[-25.9558,-27.1016,-160.749],"tool":false,"touchDistance":0.333333,"touchZone":"none","type":2,"width":18.9914},{"bases":[[[0.995137,0.0976046,-0.0132916],[-0.0923131,0.971137,0.219936],[0.0343747,-0.217639,0.975424]],[[0.995129,0.0976525,-0.0135059],[-0.0448129,0.326066,-0.944284],[-0.0878079,0.94029,0.328854]],[[0.995129,0.0976525,-0.0135059],[0.0525443,-0.641322,-0.76547],[-0.0834117,0.761032,-0.64333]],[[0.995129,0.0976525,-0.0135059],[0.0827802,-0.902136,-0.423436],[-0.0535337,0.420255,-0.905826]]],"btipPosition":[55.8696,272.211,40.547],"carpPosition":[50.7903,329.507,81.5821],"dipPosition":[54.8697,280.061,23.6277],"direction":[0.0834117,-0.761032,0.64333],"extended":false,"handId":385,"id":3853,"length":64.4088,"mcpPosition":[48.6377,343.136,20.5002],"pipPosition":[52.5597,301.137,5.81164],"stabilizedTipPosition":[76.9365,275.56,118.638],"timeVisible":0.614593,"tipPosition":[55.6773,273.479,36.1775],"tipVelocity":[-24.0892,-33.596,-154.142],"tool":false,"touchDistance":0.333333,"touchZone":"none","type":3,"width":18.0715},{"bases":[[[0.993908,-0.0900514,0.0635366],[0.0669928,0.951427,0.300498],[-0.0875107,-0.294411,0.951664]],[[0.987789,-0.105702,0.114452],[0.147084,0.390504,-0.908775],[0.051365,0.914513,0.401283]],[[0.987789,-0.105702,0.114452],[0.0304395,-0.589534,-0.80717],[0.152793,0.800798,-0.579118]],[[0.987789,-0.105702,0.114452],[-0.0369131,-0.872503,-0.487213],[0.151359,0.477039,-0.865751]]],"btipPosition":[62.1739,286.927,36.9612],"carpPosition":[64.5125,326.065,80.0699],"dipPosition":[64.7821,295.147,22.043],"direction":[-0.152793,-0.800798,0.579118],"extended":false,"handId":385,"id":3854,"length":50.4953,"mcpPosition":[69.5853,343.131,24.9043],"pipPosition":[67.7696,310.805,10.7196],"stabilizedTipPosition":[83.55,291.607,118.425],"timeVisible":0.614593,"tipPosition":[62.9204,288.427,33.1258],"tipVelocity":[-17.1015,-41.2489,-157.73],"tool":false,"touchDistance":0.333333,"touchZone":"none","type":4,"width":16.0525}],"r":[[0.982516,0.150109,0.110134],[-0.149647,0.98866,-0.0125001],[-0.110761,-0.00419967,0.993838]],"s":1.12733,"t":[-41.2438,93.568,-186.633],"timestamp":521240747918},false],[6,{"currentFrameRate":103.76,"devices":[],"gestures":[],"hands":[{"armBasis":[[0.812581,0.470739,-0.343682],[-0.23579,0.804751,0.544774],[0.533025,-0.361636,0.764921]],"armWidth":63.7005,"confidence":0.843263,"direction":[-0.193297,0.314274,-0.929445],"elbow":[196.067,218.854,293.895],"grabStrength":0,"id":385,"palmNormal":[0.282128,-0.889498,-0.359441],"palmPosition":[35.8169,327.062,36.3366],"palmVelocity":[1.49501,-28.8424,-162.311],"palmWidth":90.9622,"pinchStrength":0.472435,"r":[[0.982756,0.147209,0.111897],[-0.146797,0.989094,-0.0119588],[-0.112437,-0.00467367,0.993648]],"s":1.1265,"sphereCenter":[58.165,292.637,1.26105],"sphereRadius":52.2728,"stabilizedPalmPosition":[55.219,326.495,136.668],"t":[-41.2091,93.4172,-188.014],"timeVisible":0.623569,"type":"right","wrist":[52.1943,316.466,87.429]}],"id":4096491,"interactionBox":{"center":[0,200,0],"size":[235.247,235.247,147.751]},"pointables":[{"bases":[[[0.0880723,0.990392,0.10662],[-0.807001,0.00819452,0.590493],[0.583946,-0.138049,0.799969]],[[-0.154035,0.96237,-0.223868],[-0.843076,-0.00985939,0.537704],[0.515263,0.271562,0.81287]],[[-0.154035,0.96237,-0.223868],[-0.976697,-0.114032,0.181823],[0.149453,0.246658,0.957509]],[[-0.154035,0.96237,-0.223868],[-0.881804,-0.236109,-0.408257],[-0.445751,0.134522,0.884991]]],"btipPosition":[8.74267,271.228,-4.80566],"carpPosition":[29.1207,296.334,89.101],"dipPosition":[-1.68633,274.375,15.9],"direction":[-0.149453,-0.246658,-0.957509],"extended":false,"handId":385,"id":3850,"length":52.1005,"mcpPosition":[29.1207,296.334,89.101],"pipPosition":[3.40782,282.782,48.5369],"stabilizedTipPosition":[24.4597,280.897,99.5953],"timeVisible":0.623569,"tipPosition":[5.83559,272.878,-0.221471],"tipVelocity":[17.8832,-28.3601,-166.702],"tool":false,"touchDistance":-0.530942,"touchZone":"hovering","type":0,"width":20.2438},{"bases":[[[0.893907,0.37976,-0.238146],[-0.330678,0.917353,0.221621],[0.302626,-0.119359,0.945606]],[[0.935358,0.349811,-0.0523299],[-0.351993,0.935123,-0.0405707],[0.0347428,0.0563679,0.997805]],[[0.935358,0.349811,-0.0523299],[-0.353683,0.92342,-0.149011],[-0.00380308,0.157887,0.98745]],[[0.935358,0.349811,-0.0523299],[-0.352249,0.907862,-0.22739],[-0.0320351,0.231124,0.972397]]],"btipPosition":[6.00438,318.352,-67.3571],"carpPosition":[29.1148,319.758,85.5132],"dipPosition":[5.45721,322.3,-50.7481],"direction":[0.00380308,-0.157887,-0.98745],"extended":true,"handId":385,"id":3851,"length":58.7895,"mcpPosition":[6.85749,328.536,15.9666],"pipPosition":[5.36531,326.115,-26.8884],"stabilizedTipPosition":[17.3757,310.421,58.4003],"timeVisible":0.623569,"tipPosition":[5.8386,318.28,-63.3309],"tipVelocity":[15.5348,-5.67677,-168.62],"tool":false,"touchDistance":-0.563568,"touchZone":"hovering","type":1,"width":19.3369},{"bases":[[[0.969761,0.198154,-0.14247],[-0.168068,0.965506,0.198876],[0.176963,-0.168918,0.969614]],[[0.966269,0.20129,-0.160644],[-0.224743,0.35448,-0.907653],[-0.125756,0.913141,0.387762]],[[0.966269,0.20129,-0.160644],[-0.0104975,-0.592473,-0.805522],[-0.257321,0.780037,-0.570376]],[[0.966269,0.20129,-0.160644],[0.103114,-0.873984,-0.474889],[-0.235991,0.442306,-0.86526]]],"btipPosition":[44.7245,263.311,28.5911],"carpPosition":[39.259,326.013,82.4336],"dipPosition":[40.2911,271.62,12.3362],"direction":[0.257321,-0.780037,0.570376],"extended":false,"handId":385,"id":3852,"length":66.986,"mcpPosition":[26.9164,337.795,14.8063],"pipPosition":[32.9761,293.795,-3.87832],"stabilizedTipPosition":[64.6247,266.475,109.83],"timeVisible":0.623569,"tipPosition":[43.7224,264.669,24.4996],"tipVelocity":[-17.1699,-21.6637,-161.635],"tool":false,"touchDistance":0.333333,"touchZone":"none","type":2,"width":18.9914},{"bases":[[[0.995125,0.0977854,-0.0128141],[-0.0926261,0.971319,0.218997],[0.0338613,-0.216742,0.975641]],[[0.995118,0.0978298,-0.0130142],[-0.0442316,0.324216,-0.944949],[-0.0882248,0.940911,0.32696]],[[0.995118,0.0978298,-0.0130142],[0.0535565,-0.646061,-0.761404],[-0.082896,0.75699,-0.648147]],[[0.995118,0.0978298,-0.0130142],[0.0835661,-0.905401,-0.416252],[-0.0525049,0.413132,-0.909156]]],"btipPosition":[55.9107,272.308,39.3077],"carpPosition":[50.8141,329.443,80.0763],"dipPosition":[54.93,280.025,22.3262],"direction":[0.082896,-0.75699,0.648147],"extended":false,"handId":385,"id":3853,"length":64.4088,"mcpPosition":[48.6937,343.015,18.9807],"pipPosition":[52.6344,300.988,4.37677],"stabilizedTipPosition":[76.9299,275.559,118.612],"timeVisible":0.623569,"tipPosition":[55.7255,273.524,34.8844],"tipVelocity":[-16.0994,-22.3753,-150.174],"tool":false,"touchDistance":0.333333,"touchZone":"none","type":3,"width":18.0715},{"bases":[[[0.993889,-0.0898006,0.0641845],[0.0666377,0.951714,0.299668],[-0.0879956,-0.293559,0.951882]],[[0.987679,-0.105538,0.115547],[0.148001,0.390055,-0.90882],[0.0508457,0.914723,0.400869]],[[0.987679,-0.105538,0.115547],[0.0309945,-0.591809,-0.805482],[0.153391,0.79914,-0.581246]],[[0.987679,-0.105538,0.115547],[-0.0368301,-0.874387,-0.48383],[0.152095,0.473613,-0.867501]]],"btipPosition":[62.2214,286.898,35.5401],"carpPosition":[64.5379,326.002,78.575],"dipPosition":[64.8422,295.059,20.5917],"direction":[-0.153391,-0.79914,0.581246],"extended":false,"handId":385,"id":3854,"length":50.4953,"mcpPosition":[69.6388,343.019,23.3968],"pipPosition":[67.8415,310.685,9.22672],"stabilizedTipPosition":[83.5427,291.606,118.394],"timeVisible":0.623569,"tipPosition":[62.9689,288.376,31.7],"tipVelocity":[-10.8784,-31.2311,-158.105],"tool":false,"touchDistance":0.333333,"touchZone":"none","type":4,"width":16.0525}],"r":[[0.982756,0.147209,0.111897],[-0.