{"sensorType":"Leap","data":[[0,{"currentFrameRate":110.073,"devices":[],"gestures":[],"hands":[{"armBasis":[[0.798968,0.546733,-0.250465],[-0.274967,0.702526,0.656392],[0.534829,-0.455567,0.71163]],"armWidth":63.7005,"confidence":0.805173,"direction":[-0.250789,0.578171,-0.776417],"elbow":[200.19,163.557,280.136],"grabStrength":0.113305,"id":384,"palmNormal":[0.283787,-0.7229,-0.629984],"palmPosition":[36.4649,311.729,43.5511],"palmVelocity":[-18.6552,7.93973,-54.865],"palmWidth":90.9622,"pinchStrength":0.591738,"r":[[0.882178,0.259444,0.393002],[-0.239429,0.965741,-0.100093],[-0.405507,-0.00579677,0.914074]],"s":1.25906,"sphereCenter":[50.9118,286.716,-1.65413],"sphereRadius":48.569,"stabilizedPalmPosition":[42.4067,290.301,136.312],"t":[-27.5136,101.269,-158.27],"timeVisible":0.831514,"type":"right","wrist":[55.8306,286.522,88.0543]}],"id":4095976,"interactionBox":{"center":[0,200,0],"size":[235.247,235.247,147.751]},"pointables":[{"bases":[[[0.0696587,0.91164,0.405043],[-0.773885,-0.206827,0.598603],[0.629484,-0.355154,0.691097]],[[-0.191533,0.977345,0.0900716],[-0.785746,-0.207681,0.582642],[0.588148,0.0408215,0.807722]],[[-0.191533,0.977345,0.0900716],[-0.952305,-0.207265,0.223954],[0.237549,-0.0428811,0.970429]],[[-0.191533,0.977345,0.0900716],[-0.767177,-0.0918403,-0.634826],[-0.612172,-0.190691,0.767387]]],"btipPosition":[10.2518,269.843,-6.93932],"carpPosition":[33.376,265.957,84.3993],"dipPosition":[-4.07087,265.382,11.0148],"direction":[-0.237549,0.0428811,-0.970429],"extended":false,"handId":384,"id":3840,"length":52.1005,"mcpPosition":[33.376,265.957,84.3993],"pipPosition":[4.02604,263.92,44.0921],"stabilizedTipPosition":[1.90122,235.195,108.069],"timeVisible":0.831514,"tipPosition":[6.18795,268.105,-3.02186],"tipVelocity":[17.8045,2.69675,-39.5131],"tool":false,"touchDistance":-0.379361,"touchZone":"touching","type":0,"width":20.2438},{"bases":[[[0.870264,0.470036,-0.147335],[-0.340373,0.790028,0.509904],[0.356072,-0.393602,0.84752]],[[0.894655,0.43899,-0.0829521],[-0.43431,0.898128,0.0688488],[0.104726,-0.0255689,0.994172]],[[0.894655,0.43899,-0.0829521],[-0.443852,0.894524,-0.0531297],[0.0508792,0.0843512,0.995136]],[[0.894655,0.43899,-0.0829521],[-0.446545,0.884414,-0.135683],[0.0138003,0.158432,0.987273]]],"btipPosition":[0.457162,314.625,-57.6706],"carpPosition":[32.6083,289.323,88.2695],"dipPosition":[0.692877,317.331,-40.8076],"direction":[-0.0508792,-0.0843512,-0.995136],"extended":true,"handId":384,"id":3841,"length":58.7895,"mcpPosition":[6.42016,318.271,25.9369],"pipPosition":[1.92227,319.37,-16.7621],"stabilizedTipPosition":[-5.56343,283.577,56.3811],"timeVisible":0.831514,"tipPosition":[0.716685,314.113,-53.6665],"tipVelocity":[3.19273,-24.2067,-67.1618],"tool":false,"touchDistance":-0.415724,"touchZone":"touching","type":1,"width":19.3369},{"bases":[[[0.955558,0.270924,-0.116231],[-0.180444,0.849286,0.496138],[0.233129,-0.453116,0.860429]],[[0.949045,0.282835,-0.13899],[-0.292615,0.627123,-0.721867],[-0.117006,0.725755,0.67793]],[[0.949045,0.282835,-0.13899],[-0.160982,0.0559432,-0.985371],[-0.270922,0.957536,0.098624]],[[0.949045,0.282835,-0.13899],[-0.0752508,-0.224896,-0.971473],[-0.306025,0.93243,-0.192153]]],"btipPosition":[45.2454,248.518,-5.02834],"carpPosition":[42.4166,296.623,86.844],"dipPosition":[39.4964,266.035,-8.63817],"direction":[0.270922,-0.957536,-0.098624],"extended":false,"handId":384,"id":3842,"length":66.986,"mcpPosition":[26.1567,328.226,26.832],"pipPosition":[31.7947,293.255,-5.83452],"stabilizedTipPosition":[31.9082,250.202,40.819],"timeVisible":0.831514,"tipPosition":[43.4645,253.194,-7.72957],"tipVelocity":[24.0169,-33.564,43.9503],"tool":false,"touchDistance":-0.267219,"touchZone":"touching","type":2,"width":18.9914},{"bases":[[[0.990315,0.136492,-0.0254129],[-0.104189,0.851595,0.513742],[0.0917632,-0.506119,0.857568]],[[0.98634,0.154741,-0.0564697],[-0.139214,0.599826,-0.787926],[-0.0880529,0.785024,0.613175]],[[0.98634,0.154741,-0.0564697],[-0.0548898,-0.014467,-0.998388],[-0.155309,0.987849,-0.00577567]],[[0.98634,0.154741,-0.0564697],[-0.00950104,-0.288801,-0.957342],[-0.164449,0.944801,-0.283386]]],"btipPosition":[59.3003,252.696,9.52788],"carpPosition":[53.7409,301.07,85.1645],"dipPosition":[56.2287,270.343,4.23471],"direction":[0.155309,-0.987849,0.00577567],"extended":false,"handId":384,"id":3843,"length":64.4088,"mcpPosition":[47.9947,332.764,31.4628],"pipPosition":[51.9276,297.7,4.07476],"stabilizedTipPosition":[48.4821,255.854,60.6491],"timeVisible":0.831514,"tipPosition":[58.3913,257.366,6.3086],"tipVelocity":[9.18745,-20.0673,48.2153],"tool":false,"touchDistance":0.333333,"touchZone":"none","type":3,"width":18.0715},{"bases":[[[0.997791,-0.0655999,-0.0105212],[0.0596282,0.814375,0.577268],[-0.0293004,-0.576619,0.816487]],[[0.99359,-0.10406,0.0441699],[0.101823,0.65407,-0.74955],[0.0491079,0.749242,0.660473]],[[0.99359,-0.10406,0.0441699],[0.050662,0.0605937,-0.996876],[0.101058,0.992723,0.0654771]],[[0.99359,-0.10406,0.0441699],[0.0213004,-0.211394,-0.977169],[0.111021,0.971846,-0.207822]]],"btipPosition":[63.5165,269.595,13.693],"carpPosition":[67.443,298.811,82.0686],"dipPosition":[65.4296,286.341,10.1119],"direction":[-0.101058,-0.992723,-0.0654771],"extended":false,"handId":384,"id":3844,"length":50.4953,"mcpPosition":[69.1414,332.236,34.7389],"pipPosition":[67.4056,305.752,11.3922],"stabilizedTipPosition":[64.4465,262.312,88.2318],"timeVisible":0.831514,"tipPosition":[64.0689,273.894,11.4991],"tipVelocity":[-4.20531,-8.76291,7.75141],"tool":false,"touchDistance":-0.313643,"touchZone":"touching","type":4,"width":16.0525}],"r":[[0.882178,0.259444,0.393002],[-0.239429,0.965741,-0.100093],[-0.405507,-0.00579677,0.914074]],"s":1.25906,"t":[-27.5136,101.269,-158.27],"timestamp":521235375142},false],[1,{"currentFrameRate":100.819,"devices":[],"gestures":[],"hands":[{"armBasis":[[0.807407,0.529726,-0.259779],[-0.260152,0.714841,0.649095],[0.529543,-0.456501,0.714976]],"armWidth":63.7005,"confidence":0.701668,"direction":[-0.243784,0.561408,-0.790817],"elbow":[198.255,163.85,280.362],"grabStrength":0.108463,"id":384,"palmNormal":[0.272316,-0.742989,-0.611401],"palmPosition":[36.2449,311.389,42.2614],"palmVelocity":[-12.1371,-4.761,-50.3958],"palmWidth":90.9622,"pinchStrength":0.598322,"r":[[0.881908,0.261283,0.392389],[-0.237745,0.96526,-0.108404],[-0.407082,0.00231362,0.913389]],"s":1.26075,"sphereCenter":[50.6507,285.108,-2.27757],"sphereRadius":48.6019,"stabilizedPalmPosition":[42.4059,290.304,136.3],"t":[-27.7403,101.122,-159.169],"timeVisible":0.858582,"type":"right","wrist":[55.3223,287.067,87.3776]}],"id":4095977,"interactionBox":{"center":[0,200,0],"size":[235.247,235.247,147.751]},"pointables":[{"bases":[[[0.0834199,0.920733,0.381173],[-0.775756,-0.180091,0.604789],[0.625494,-0.346148,0.699241]],[[-0.173731,0.982326,0.069668],[-0.791967,-0.181412,0.582991],[0.585325,0.046109,0.809486]],[[-0.173731,0.982326,0.069668],[-0.957835,-0.184991,0.219839],[0.228842,-0.0285374,0.973045]],[[-0.173731,0.982326,0.069668],[-0.763424,-0.0896526,-0.639645],[-0.622094,-0.164313,0.765507]]],"btipPosition":[10.1144,269.256,-7.18497],"carpPosition":[32.5688,266.74,84.2869],"dipPosition":[-4.44042,265.412,10.7252],"direction":[-0.228842,0.0285374,-0.973045],"extended":false,"handId":384,"id":3840,"length":52.1005,"mcpPosition":[32.5688,266.74,84.2869],"pipPosition":[3.3597,264.439,43.8916],"stabilizedTipPosition":[1.92307,235.344,107.57],"timeVisible":0.858582,"tipPosition":[5.87104,267.539,-3.17035],"tipVelocity":[2.4157,-9.15965,-20.8979],"tool":false,"touchDistance":-0.373595,"touchZone":"touching","type":0,"width":20.2438},{"bases":[[[0.876668,0.45349,-0.160627],[-0.328136,0.80779,0.489695],[0.351825,-0.376593,0.85697]],[[0.901113,0.423207,-0.0942928],[-0.420392,0.906022,0.0489391],[0.106143,-0.00445976,0.994341]],[[0.901113,0.423207,-0.0942928],[-0.430157,0.899883,-0.0719405],[0.0544067,0.105387,0.992942]],[[0.901113,0.423207,-0.0942928],[-0.433181,0.888108,-0.153681],[0.0187035,0.179329,0.983611]]],"btipPosition":[0.0744394,312.486,-58.9759],"carpPosition":[32.143,290.207,87.5509],"dipPosition":[0.393903,315.549,-42.1755],"direction":[-0.0544067,-0.105387,-0.992942],"extended":true,"handId":384,"id":3841,"length":58.7895,"mcpPosition":[6.26729,317.904,24.5232],"pipPosition":[1.70853,318.096,-18.183],"stabilizedTipPosition":[-5.54577,283.668,56.0363],"timeVisible":0.858582,"tipPosition":[0.332761,312.055,-54.9626],"tipVelocity":[-7.09843,-56.2735,-55.7652],"tool":false,"touchDistance":-0.422281,"touchZone":"touching","type":1,"width":19.3369},{"bases":[[[0.959149,0.254044,-0.124482],[-0.167397,0.864365,0.474185],[0.228062,-0.433976,0.87158]],[[0.952806,0.265391,-0.147406],[-0.284228,0.609261,-0.74028],[-0.106655,0.74724,0.655939]],[[0.952806,0.265391,-0.147406],[-0.158803,0.0218893,-0.987068],[-0.258733,0.963892,0.0630013]],[[0.952806,0.265391,-0.147406],[-0.0759782,-0.26164,-0.96217],[-0.293919,0.927961,-0.229129]]],"btipPosition":[44.1622,246.754,-3.95966],"carpPosition":[42.0527,297.326,85.9236],"dipPosition":[38.6405,264.186,-8.26412],"direction":[0.258733,-0.963892,-0.0630013],"extended":false,"handId":384,"id":3842,"length":66.986,"mcpPosition":[26.1461,327.594,25.1337],"pipPosition":[31.2854,291.588,-6.47314],"stabilizedTipPosition":[32.9692,250.256,36.3977],"timeVisible":0.858582,"tipPosition":[42.4597,251.318,-6.80157],"tipVelocity":[-14.4372,-53.586,37.5286],"tool":false,"touchDistance":-0.252071,"touchZone":"touching","type":2,"width":18.9914},{"bases":[[[0.992127,0.121525,-0.0302546],[-0.0910874,0.866031,0.491622],[0.0859456,-0.484996,0.870283]],[[0.988385,0.138926,-0.0616012],[-0.131867,0.582536,-0.802037],[-0.0755385,0.800844,0.594089]],[[0.988385,0.138926,-0.0616012],[-0.0566545,-0.0392885,-0.997621],[-0.141015,0.989523,-0.0309614]],[[0.988385,0.138926,-0.0616012],[-0.0150322,-0.313988,-0.949308],[-0.151225,0.939208,-0.308252]]],"btipPosition":[58.1586,251.218,9.6959],"carpPosition":[53.4368,301.564,84.1143],"dipPosition":[55.334,268.761,3.93828],"direction":[0.141015,-0.989523,0.0309614],"extended":false,"handId":384,"id":3843,"length":64.4088,"mcpPosition":[48.0548,331.935,29.6164],"pipPosition":[51.4288,296.165,3.08084],"stabilizedTipPosition":[48.7731,255.835,58.9636],"timeVisible":0.858582,"tipPosition":[57.3252,255.775,6.45891],"tipVelocity":[-21.3182,-41.9821,19.761],"tool":false,"touchDistance":0.333333,"touchZone":"none","type":3,"width":18.0715},{"bases":[[[0.996727,-0.0802004,-0.0101371],[0.0722869,0.828117,0.555875],[-0.0361868,-0.554789,0.831204]],[[0.991976,-0.117652,0.0462749],[0.110547,0.629598,-0.769016],[0.061342,0.767961,0.637552]],[[0.991976,-0.117652,0.0462749],[0.0485512,0.0165543,-0.998684],[0.116731,0.992917,0.0221336]],[[0.991976,-0.117652,0.0462749],[0.0144003,-0.258493,-0.965906],[0.125603,0.958822,-0.254725]]],"btipPosition":[62.5822,268.106,14.2971],"carpPosition":[67.0997,299.029,81.0599],"dipPosition":[64.7466,284.628,9.90783],"direction":[-0.116731,-0.992917,-0.0221336],"extended":false,"handId":384,"id":3844,"length":50.4953,"mcpPosition":[69.1973,331.188,32.8771],"pipPosition":[67.029,304.042,10.3406],"stabilizedTipPosition":[64.3684,262.86,83.9464],"timeVisible":0.858582,"tipPosition":[63.1976,272.275,11.8567],"tipVelocity":[-21.6512,-38.5756,12.5186],"tool":false,"touchDistance":0.333333,"touchZone":"none","type":4,"width":16.0525}],"r":[[0.881908,0.261283,0.392389],[-0.237745,0.96526,-0.108404],[-0.407082,0.00231362,0.913389]],"s":1.26075,"t":[-27.7403,101.122,-159.169],"timestamp":521235402210},false],[2,{"currentFrameRate":101.172,"devices":[],"gestures":[],"hands":[{"armBasis":[[0.80667,0.5307,-0.260078],[-0.260343,0.714156,0.649771],[0.53057,-0.456442,0.714252]],"armWidth":63.7005,"confidence":0.716782,"direction":[-0.244105,0.558889,-0.792499],"elbow":[198.37,164.045,279.966],"grabStrength":0.106973,"id":384,"palmNormal":[0.273473,-0.74438,-0.609189],"palmPosition":[36.0729,311.418,41.9836],"palmVelocity":[-13.9696,-2.54469,-44.7393],"palmWidth":90.9622,"pinchStrength":0.599069,"r":[[0.881598,0.263182,0.391817],[-0.236609,0.964702,-0.115611],[-0.408414,0.00921508,0.91275]],"s":1.2619,"sphereCenter":[50.6279,285.051,-2.47444],"sphereRadius":48.6139,"stabilizedPalmPosition":[42.4056,290.305,136.296],"t":[-27.9397,101.063,-159.758],"timeVisible":0.867786,"type":"right","wrist":[55.1595,287.246,87.1764]}],"id":4095978,"interactionBox":{"center":[0,200,0],"size":[235.247,235.247,147.751]},"pointables":[{"bases":[[[0.0821518,0.9219,0.378618],[-0.775807,-0.179317,0.604953],[0.625599,-0.343432,0.700486]],[[-0.173609,0.982425,0.0685644],[-0.793089,-0.180746,0.581671],[0.583841,0.0466054,0.81053]],[[-0.173609,0.982425,0.0685644],[-0.958263,-0.184576,0.218321],[0.227139,-0.0278004,0.973465]],[[-0.173609,0.982425,0.0685644],[-0.761564,-0.0897846,-0.64184],[-0.624404,-0.163645,0.763767]]],"btipPosition":[10.1634,269.333,-7.36462],"carpPosition":[32.4316,266.883,84.1329],"dipPosition":[-4.44546,265.505,10.5048],"direction":[-0.227139,0.0278004,-0.973465],"extended":false,"handId":384,"id":3840,"length":52.1005,"mcpPosition":[32.4316,266.883,84.1329],"pipPosition":[3.29662,264.557,43.6856],"stabilizedTipPosition":[1.92849,235.381,107.446],"timeVisible":0.867786,"tipPosition":[5.91064,267.581,-3.34248],"tipVelocity":[2.85194,-4.12865,-20.7967],"tool":false,"touchDistance":-0.367404,"touchZone":"touching","type":0,"width":20.2438},{"bases":[[[0.876196,0.454084,-0.161518],[-0.329317,0.808771,0.487278],[0.351896,-0.37376,0.85818]],[[0.900781,0.423827,-0.0946831],[-0.421212,0.90574,0.0470754],[0.10571,-0.00252292,0.994394]],[[0.900781,0.423827,-0.0946831],[-0.430902,0.899403,-0.0734709],[0.0540193,0.10698,0.992793]],[[0.900781,0.423827,-0.0946831],[-0.433887,0.887535,-0.154998],[0.0183424,0.180701,0.983367]]],"btipPosition":[-0.0633661,312.284,-59.2796],"carpPosition":[31.9763,290.359,87.3307],"dipPosition":[0.249928,315.371,-42.4833],"direction":[-0.0540193,-0.10698,-0.992793],"extended":true,"handId":384,"id":3841,"length":58.7895,"mcpPosition":[6.09537,317.848,24.214],"pipPosition":[1.5552,317.956,-18.4945],"stabilizedTipPosition":[-5.53673,283.716,55.855],"timeVisible":0.867786,"tipPosition":[0.192202,311.862,-55.266],"tipVelocity":[-9.34501,-46.4974,-49.4217],"tool":false,"touchDistance":-0.412956,"touchZone":"touching","type":1,"width":19.3369},{"bases":[[[0.958899,0.25484,-0.124777],[-0.168639,0.865494,0.471679],[0.228196,-0.43125,0.872897]],[[0.952538,0.266141,-0.147788],[-0.2847,0.606915,-0.742025],[-0.107788,0.748882,0.653879]],[[0.952538,0.266141,-0.147788],[-0.158086,0.0175724,-0.987269],[-0.260156,0.963774,0.0588117]],[[0.952538,0.266141,-0.147788],[-0.0746658,-0.266392,-0.960969],[-0.295123,0.926393,-0.233876]]],"btipPosition":[44.0961,246.676,-3.97982],"carpPosition":[41.8782,297.484,85.6877],"dipPosition":[38.5518,264.079,-8.37348],"direction":[0.260156,-0.963774,-0.0588117],"extended":false,"handId":384,"id":3842,"length":66.986,"mcpPosition":[25.9623,327.563,24.806],"pipPosition":[31.1562,291.477,-6.7016],"stabilizedTipPosition":[33.3357,250.272,34.8583],"timeVisible":0.867786,"tipPosition":[42.3991,251.207,-6.81042],"tipVelocity":[-12.5655,-41.1532,25.7897],"tool":false,"touchDistance":-0.252749,"touchZone":"touching","type":2,"width":18.9914},{"bases":[[[0.991995,0.122625,-0.0301622],[-0.0923386,0.867301,0.489145],[0.0861413,-0.482444,0.871681]],[[0.988253,0.139903,-0.0615035],[-0.13216,0.580275,-0.803626],[-0.0767407,0.802314,0.591949]],[[0.988253,0.139903,-0.0615035],[-0.0560731,-0.0424349,-0.997524],[-0.142167,0.989255,-0.0340916]],[[0.988253,0.139903,-0.0615035],[-0.014117,-0.317153,-0.948269],[-0.152172,0.937998,-0.311453]]],"btipPosition":[58.0709,251.19,9.6076],"carpPosition":[53.258,301.732,83.8715],"dipPosition":[55.2286,268.71,3.7902],"direction":[0.142167,-0.989255,0.0340916],"extended":false,"handId":384,"id":3843,"length":64.4088,"mcpPosition":[47.8638,331.943,29.286],"pipPosition":[51.2915,296.106,2.84608],"stabilizedTipPosition":[48.9043,255.825,58.1944],"timeVisible":0.867786,"tipPosition":[57.2363,255.728,6.37242],"tipVelocity":[-18.1427,-31.2459,11.1282],"tool":false,"touchDistance":0.333333,"touchZone":"none","type":3,"width":18.0715},{"bases":[[[0.996827,-0.0790366,-0.00947537],[0.0710525,0.829763,0.553575],[-0.0358904,-0.552492,0.832745]],[[0.992069,-0.116473,0.0472489],[0.110376,0.627458,-0.770787],[0.060129,0.76989,0.635338]],[[0.992069,-0.116473,0.0472489],[0.0489149,0.0114856,-0.998737],[0.115783,0.993127,0.0170918]],[[0.992069,-0.116473,0.0472489],[0.0148977,-0.2643,-0.964325],[0.124806,0.957382,-0.260469]]],"btipPosition":[62.4659,268.1,14.2539],"carpPosition":[66.9253,299.204,80.8302],"dipPosition":[64.6165,284.598,9.76564],"direction":[-0.115783,-0.993127,-0.0170918],"extended":false,"handId":384,"id":3844,"length":50.4953,"mcpPosition":[69.0058,331.23,32.558],"pipPosition":[66.8803,304.016,10.0998],"stabilizedTipPosition":[64.337,263.062,82.3668],"timeVisible":0.867786,"tipPosition":[63.0768,272.244,11.8077],"tipVelocity":[-19.2263,-28.1206,7.00921],"tool":false,"touchDistance":0.333333,"touchZone":"none","type":4,"width":16.0525}],"r":[[0.881598,0.263182,0.391817],[-0.236609,0.964702,-0.115611],[-0.408414,0.00921508,0.91275]],"s":1.2619,"t":[-27.9397,101.063,-159.758],"timestamp":521235411414},false],[3,{"currentFrameRate":101.65,"devices":[],"gestures":[],"hands":[{"armBasis":[[0.806971,0.530795,-0.258948],[-0.26118,0.71399,0.649618],[0.529701,-0.456591,0.714802]],"armWidth":63.7005,"confidence":0.731269,"direction":[-0.244621,0.556574,-0.793969],"elbow":[197.965,164.18,279.881],"grabStrength":0.10507,"id":384,"palmNormal":[0.27492,-0.74543,-0.607251],"palmPosition":[35.8852,311.453,41.6829],"palmVelocity":[-15.8989,-0.77025,-41.7362],"palmWidth":90.9622,"pinchStrength":0.600931,"r":[[0.881232,0.265166,0.391301],[-0.235985,0.964085,-0.121864],[-0.409562,0.0150493,0.912158]],"s":1.26283,"sphereCenter":[50.5769,285.016,-2.69577],"sphereRadius":48.6187,"stabilizedPalmPosition":[42.4053,290.306,136.291],"t":[-28.1332,101.052,-160.202],"timeVisible":0.876704,"type":"right","wrist":[54.9891,287.422,86.9431]}],"id":4095979,"interactionBox":{"center":[0,200,0],"size":[235.247,235.247,147.751]},"pointables":[{"bases":[[[0.0805304,0.922947,0.376408],[-0.775801,-0.179063,0.605037],[0.625818,-0.340741,0.701603]],[[-0.173275,0.982482,0.0685887],[-0.794506,-0.180598,0.579779],[0.58201,0.0459672,0.811882]],[[-0.173275,0.982482,0.0685887],[-0.958648,-0.184216,0.21693],[0.225765,-0.0281638,0.973775]],[[-0.173275,0.982482,0.0685887],[-0.75684,-0.0882691,-0.647612],[-0.630213,-0.164126,0.758877]]],"btipPosition":[10.3005,269.521,-7.52222],"carpPosition":[32.2946,267.015,83.9389],"dipPosition":[-4.44424,265.681,10.2328],"direction":[-0.225765,0.0281638,-0.973775],"extended":false,"handId":384,"id":3840,"length":52.1005,"mcpPosition":[32.2946,267.015,83.9389],"pipPosition":[3.251,264.721,43.4241],"stabilizedTipPosition":[1.93258,235.408,107.355],"timeVisible":0.876704,"tipPosition":[6.02169,267.722,-3.52336],"tipVelocity":[5.30914,2.65979,-20.7492],"tool":false,"touchDistance":-0.361755,"touchZone":"touching","type":0,"width":20.2438},{"bases":[[[0.875555,0.455067,-0.162227],[-0.33081,0.809437,0.485157],[0.352092,-0.371115,0.859247]],[[0.900363,0.424716,-0.094675],[-0.422243,0.905326,0.0457832],[0.105157,-0.00124558,0.994455]],[[0.900363,0.424716,-0.094675],[-0.431838,0.898878,-0.0743878],[0.0535076,0.10786,0.992725]],[[0.900363,0.424716,-0.094675],[-0.434774,0.886979,-0.15569],[0.0178507,0.18134,0.983258]]],"btipPosition":[-0.208515,312.142,-59.6086],"carpPosition":[31.801,290.498,87.0793],"dipPosition":[0.096381,315.24,-42.8142],"direction":[-0.0535076,-0.10786,-0.992725],"extended":true,"handId":384,"id":3841,"length":58.7895,"mcpPosition":[5.90568,317.792,23.8842],"pipPosition":[1.38929,317.846,-18.8269],"stabilizedTipPosition":[-5.52581,283.775,55.6292],"timeVisible":0.876704,"tipPosition":[0.0386942,311.734,-55.5962],"tipVelocity":[-11.2924,-38.093,-46.0208],"tool":false,"touchDistance":-0.404935,"touchZone":"touching","type":1,"width":19.3369},{"bases":[[[0.958554,0.256042,-0.124963],[-0.170214,0.866374,0.469493],[0.228475,-0.428764,0.874048]],[[0.952165,0.267311,-0.148074],[-0.285523,0.605565,-0.742811],[-0.108893,0.749557,0.652921]],[[0.952165,0.267311,-0.148074],[-0.157695,0.0147649,-0.987377],[-0.261751,0.963497,0.0562123]],[[0.952165,0.267311,-0.148074],[-0.0735712,-0.26978,-0.960107],[-0.296595,0.925075,-0.237209]]],"btipPosition":[44.0171,246.654,-4.14171],"carpPosition":[41.6924,297.635,85.4235],"dipPosition":[38.4451,264.032,-8.59797],"direction":[0.261751,-0.963497,-0.0562123],"extended":false,"handId":384,"id":3842,"length":66.986,"mcpPosition":[25.7571,327.54,24.4615],"pipPosition":[31.0042,291.422,-6.99998],"stabilizedTipPosition":[33.7201,250.288,33.2214],"timeVisible":0.876704,"tipPosition":[42.3323,251.143,-6.92108],"tipVelocity":[-11.7501,-30.7967,13.3773],"tool":false,"touchDistance":-0.255687,"touchZone":"touching","type":2,"width":18.9914},{"bases":[[[0.991814,0.124111,-0.0300119],[-0.0939244,0.868343,0.486989],[0.0865014,-0.480184,0.872892]],[[0.988094,0.141173,-0.0611522],[-0.132448,0.578331,-0.804979],[-0.078275,0.803494,0.590144]],[[0.988094,0.141173,-0.0611522],[-0.0548456,-0.0481432,-0.997334],[-0.143741,0.988814,-0.0398273]],[[0.988094,0.141173,-0.0611522],[-0.0122633,-0.323946,-0.945996],[-0.153359,0.935483,-0.318358]]],"btipPosition":[57.991,251.22,9.63073],"carpPosition":[53.0664,301.896,83.602],"dipPosition":[55.1265,268.693,3.68435],"direction":[0.143741,-0.988814,0.0398273],"extended":false,"handId":384,"id":3843,"length":64.4088,"mcpPosition":[47.6496,331.966,28.9407],"pipPosition":[51.1458,296.077,2.58139],"stabilizedTipPosition":[49.0614,255.814,57.2634],"timeVisible":0.876704,"tipPosition":[57.161,255.705,6.4112],"tipVelocity":[-15.7965,-22.1646,7.89665],"tool":false,"touchDistance":0.333333,"touchZone":"none","type":3,"width":18.0715},{"bases":[[[0.996954,-0.0774921,-0.00883173],[0.069496,0.831219,0.551584],[-0.0354023,-0.550518,0.834072]],[[0.992198,-0.114961,0.0482319],[0.109913,0.624062,-0.773606],[0.0588348,0.772872,0.631829]],[[0.992198,-0.114961,0.0482319],[0.0484504,-0.000894361,-0.998825],[0.114869,0.99337,0.00468253]],[[0.992198,-0.114961,0.0482319],[0.0143422,-0.279055,-0.960168],[0.123841,0.953369,-0.275229]]],"btipPosition":[62.3315,268.124,14.5409],"carpPosition":[66.739,299.382,80.5731],"dipPosition":[64.4655,284.552,9.7983],"direction":[-0.114869,-0.99337,-0.00468253],"extended":false,"handId":384,"id":3844,"length":50.4953,"mcpPosition":[68.7912,331.294,32.224],"pipPosition":[66.7115,303.975,9.88986],"stabilizedTipPosition":[64.3031,263.26,80.8272],"timeVisible":0.876704,"tipPosition":[62.9381,272.225,12.01],"tipVelocity":[-18.21,-20.2381,12.0807],"tool":false,"touchDistance":0.333333,"touchZone":"none","type":4,"width":16.0525}],"r":[[0.881232,0.265166,0.391301],[-0.235985,0.964085,-0.121864],[-0.409562,0.0150493,0.912158]],"s":1.26283,"t":[-28.1332,101.052,-160.202],"timestamp":521235420332},false],[4,{"currentFrameRate":102.046,"devices":[],"gestures":[],"hands":[{"armBasis":[[0.80761,0.530497,-0.257565],[-0.262326,0.714343,0.648767],[0.528158,-0.456385,0.716074]],"armWidth":63.7005,"confidence":0.745201,"direction":[-0.244755,0.555791,-0.794476],"elbow":[197.411,164.33,280.03],"grabStrength":0.102886,"id":384,"palmNormal":[0.275997,-0.745562,-0.606599],"palmPosition":[35.7483,311.498,41.4628],"palmVelocity":[-15.6903,0.818476,-36.9445],"palmWidth":90.9622,"pinchStrength":0.600384,"r":[[0.880845,0.266982,0.390937],[-0.235661,0.963499,-0.127018],[-0.410579,0.0197546,0.911611]],"s":1.26413,"sphereCenter":[50.5466,285.053,-2.87586],"sphereRadius":48.6403,"stabilizedPalmPosition":[42.4049,290.307,136.286],"t":[-28.2984,101.068,-160.535],"timeVisible":0.885743,"type":"right","wrist":[54.8521,287.517,86.7495]}],"id":4095980,"interactionBox":{"center":[0,200,0],"size":[235.247,235.247,147.751]},"pointables":[{"bases":[[[0.0793987,0.923282,0.375827],[-0.775945,-0.179435,0.604742],[0.625784,-0.339637,0.702169]],[[-0.1723,0.982522,0.0704491],[-0.795674,-0.180982,0.578056],[0.580703,0.0435448,0.81295]],[[-0.1723,0.982522,0.0704491],[-0.95897,-0.183656,0.215977],[0.225141,-0.0303457,0.973854]],[[-0.1723,0.982522,0.0704491],[-0.754466,-0.0856486,-0.650727],[-0.63332,-0.165272,0.756037]]],"btipPosition":[10.3449,269.814,-7.70379],"carpPosition":[32.1798,267.085,83.7469],"dipPosition":[-4.47258,265.947,9.98478],"direction":[-0.225141,0.0303457,-0.973854],"extended":false,"handId":384,"id":3840,"length":52.1005,"mcpPosition":[32.1798,267.085,83.7469],"pipPosition":[3.20139,264.912,43.1788],"stabilizedTipPosition":[1.93672,235.436,107.264],"timeVisible":0.885743,"tipPosition":[6.09045,267.969,-3.71478],"tipVelocity":[4.68855,10.6464,-21.033],"tool":false,"touchDistance":-0.356866,"touchZone":"touching","type":0,"width":20.2438},{"bases":[[[0.875183,0.455839,-0.162065],[-0.331885,0.80943,0.484432],[0.352003,-0.37018,0.859686]],[[0.900221,0.425221,-0.0937529],[-0.422707,0.905087,0.046213],[0.104505,-0.00197191,0.994522]],[[0.900221,0.425221,-0.0937529],[-0.432202,0.898766,-0.0736284],[0.0529535,0.106802,0.992869]],[[0.900221,0.425221,-0.0937529],[-0.435088,0.886989,-0.154755],[0.0173526,0.180105,0.983494]]],"btipPosition":[-0.292313,312.223,-59.8595],"carpPosition":[31.6608,290.57,86.8711],"dipPosition":[0.00407526,315.299,-43.061],"direction":[-0.0529535,-0.106802,-0.992869],"extended":true,"handId":384,"id":3841,"length":58.7895,"mcpPosition":[5.77202,317.795,23.6437],"pipPosition":[1.28359,317.88,-19.0703],"stabilizedTipPosition":[-5.51448,283.837,55.3906],"timeVisible":0.885743,"tipPosition":[-0.0549405,311.82,-55.8489],"tipVelocity":[-10.7949,-25.2797,-40.9586],"tool":false,"touchDistance":-0.396524,"touchZone":"touching","type":1,"width":19.3369},{"bases":[[[0.958363,0.256923,-0.124621],[-0.171338,0.866519,0.468816],[0.228437,-0.427944,0.87446]],[[0.951961,0.268194,-0.147793],[-0.285908,0.605592,-0.742641],[-0.10967,0.74922,0.653178]],[[0.951961,0.268194,-0.147793],[-0.157147,0.0136293,-0.987481],[-0.262822,0.963269,0.0551204]],[[0.951961,0.268194,-0.147793],[-0.0724804,-0.271578,-0.959683],[-0.297518,0.924293,-0.239093]]],"btipPosition":[43.9585,246.714,-4.32404],"carpPosition":[41.546,297.716,85.2158],"dipPosition":[38.3692,264.078,-8.8157],"direction":[0.262822,-0.963269,-0.0551204],"extended":false,"handId":384,"id":3842,"length":66.986,"mcpPosition":[25.6133,327.564,24.2251],"pipPosition":[30.8978,291.462,-7.24876],"stabilizedTipPosition":[34.1516,250.308,31.3621],"timeVisible":0.885743,"tipPosition":[42.2867,251.17,-7.05374],"tipVelocity":[-10.4195,-20.5606,3.88333],"tool":false,"touchDistance":-0.258861,"touchZone":"touching","type":2,"width":18.9914},{"bases":[[[0.991705,0.12509,-0.0295633],[-0.0950605,0.868577,0.486351],[0.0865156,-0.479507,0.873263]],[[0.988088,0.141723,-0.0599748],[-0.131383,0.573942,-0.808288],[-0.0801305,0.806539,0.585725]],[[0.988088,0.141723,-0.0599748],[-0.0512638,-0.0643397,-0.99661],[-0.145101,0.987813,-0.0563081]],[[0.988088,0.141723,-0.0599748],[-0.00786411,-0.342714,-0.939407],[-0.153689,0.928688,-0.337517]]],"btipPosition":[57.967,251.287,10.4147],"carpPosition":[52.9166,301.987,83.3976],"dipPosition":[55.0964,268.633,4.11048],"direction":[0.145101,-0.987813,0.0563081],"extended":false,"handId":384,"id":3843,"length":64.4088,"mcpPosition":[47.4989,332.014,28.7131],"pipPosition":[51.078,295.989,2.55111],"stabilizedTipPosition":[49.1929,255.806,56.4933],"timeVisible":0.885743,"tipPosition":[57.1415,255.699,7.05068],"tipVelocity":[-12.2169,-14.9028,27.1142],"tool":false,"touchDistance":0.333333,"touchZone":"none","type":3,"width":18.0715},{"bases":[[[0.997036,-0.0764937,-0.00824417],[0.0683625,0.831661,0.55106],[-0.0352963,-0.54999,0.834425]],[[0.99227,-0.114021,0.0489839],[0.10986,0.623521,-0.774049],[0.0577156,0.773447,0.631228]],[[0.99227,-0.114021,0.0489839],[0.0485219,-0.00682575,-0.998799],[0.114219,0.993455,-0.00124045]],[[0.99227,-0.114021,0.0489839],[0.0143273,-0.286823,-0.957876],[0.123268,0.951174,-0.282972]]],"btipPosition":[62.2419,268.211,14.5956],"carpPosition":[66.5934,299.485,80.3777],"dipPosition":[64.366,284.601,9.71952],"direction":[-0.114219,-0.993455,0.00124045],"extended":false,"handId":384,"id":3844,"length":50.4953,"mcpPosition":[68.6394,331.366,32.0082],"pipPosition":[66.5993,304.026,9.69527],"stabilizedTipPosition":[64.2672,263.459,79.2864],"timeVisible":0.885743,"tipPosition":[62.8425,272.274,12.059],"tipVelocity":[-15.9935,-12.2515,9.48207],"tool":false,"touchDistance":0.333333,"touchZone":"none","type":4,"width":16.0525}],"r":[[0.880845,0.266982,0.390937],[-0.235661,0.963499,-0.127018],[-0.410579,0.0197546,0.911611]],"s":1.26413,"t":[-28.2984,101.068,-160.535],"timestamp":521235429371},false],[5,{"currentFrameRate":102.435,"devices":[],"gestures":[],"hands":[{"armBasis":[[0.807404,0.531016,-0.257141],[-0.263287,0.714314,0.64841],[0.527996,-0.455827,0.716549]],"armWidth":63.7005,"confidence":0.761234,"direction":[-0.244723,0.555562,-0.794646],"elbow":[197.24,164.54,279.959],"grabStrength":0.100186,"id":384,"palmNormal":[0.2769,-0.745389,-0.606401],"palmPosition":[35.6286,311.54,41.2514],"palmVelocity":[-15.0236,1.87736,-33.2271],"palmWidth":90.9622,"pinchStrength":0.598221,"r":[[0.880452,0.268571,0.390736],[-0.235528,0.962974,-0.131177],[-0.411499,0.0234653,0.911108]],"s":1.26562,"sphereCenter":[50.5065,285.109,-3.0719],"sphereRadius":48.6569,"stabilizedPalmPosition":[42.4044,290.309,136.279],"t":[-28.4409,101.098,-160.807],"timeVisible":0.894764,"type":"right","wrist":[54.7247,287.576,86.5502]}],"id":4095981,"interactionBox":{"center":[0,200,0],"size":[235.247,235.247,147.751]},"pointables":[{"bases":[[[0.0784926,0.923362,0.37582],[-0.776152,-0.179984,0.604312],[0.625641,-0.339128,0.702542]],[[-0.170809,0.982577,0.0732638],[-0.796495,-0.181467,0.576772],[0.580017,0.0401636,0.813613]],[[-0.170809,0.982577,0.0732638],[-0.959325,-0.182807,0.215122],[0.224767,-0.0335391,0.973835]],[[-0.170809,0.982577,0.0732638],[-0.75249,-0.0820868,-0.653468],[-0.636068,-0.166749,0.7534]]],"btipPosition":[10.3458,270.168,-7.88547],"carpPosition":[32.0695,267.127,83.536],"dipPosition":[-4.5359,266.266,9.74142],"direction":[-0.224767,0.0335391,-0.973835],"extended":false,"handId":384,"id":3840,"length":52.1005,"mcpPosition":[32.0695,267.127,83.536],"pipPosition":[3.12532,265.123,42.9348],"stabilizedTipPosition":[1.9422,235.473,107.141],"timeVisible":0.894764,"tipPosition":[6.13302,268.272,-3.91301],"tipVelocity":[2.97764,18.2693,-21.2199],"tool":false,"touchDistance":-0.352451,"touchZone":"touching","type":0,"width":20.2438},{"bases":[[[0.874932,0.456487,-0.161595],[-0.332767,0.809208,0.484199],[0.351794,-0.369868,0.859906]],[[0.900216,0.425515,-0.0924576],[-0.422872,0.904944,0.0474955],[0.103879,-0.0036585,0.994583]],[[0.900216,0.425515,-0.0924576],[-0.432268,0.898871,-0.0719392],[0.0524962,0.104727,0.993114]],[[0.900216,0.425515,-0.0924576],[-0.435112,0.887307,-0.152855],[0.0169962,0.177832,0.983914]]],"btipPosition":[-0.362589,312.403,-60.1039],"carpPosition":[31.5312,290.611,86.6586],"dipPosition":[-0.0722862,315.441,-43.2983],"direction":[-0.0524962,-0.104727,-0.993114],"extended":true,"handId":384,"id":3841,"length":58.7895,"mcpPosition":[5.65771,317.814,23.415],"pipPosition":[1.19618,317.971,-19.3016],"stabilizedTipPosition":[-5.50504,283.89,55.1887],"timeVisible":0.894764,"tipPosition":[-0.132745,311.995,-56.0951],"tipVelocity":[-10.0109,-13.1078,-37.0939],"tool":false,"touchDistance":-0.388846,"touchZone":"touching","type":1,"width":19.3369},{"bases":[[[0.95824,0.257636,-0.124093],[-0.172254,0.866416,0.46867],[0.228263,-0.427723,0.874614]],[[0.951837,0.268909,-0.147288],[-0.28605,0.605927,-0.742312],[-0.110369,0.748692,0.653666]],[[0.951837,0.268909,-0.147288],[-0.156424,0.012746,-0.987608],[-0.2637,0.963081,0.0541959]],[[0.951837,0.268909,-0.147288],[-0.0712795,-0.273143,-0.959329],[-0.298203,0.923624,-0.24082]]],"btipPosition":[43.908,246.791,-4.50683],"carpPosition":[41.4119,297.765,85.0085],"dipPosition":[38.3059,264.143,-9.03094],"direction":[0.2637,-0.963081,-0.0541959],"extended":false,"handId":384,"id":3842,"length":66.986,"mcpPosition":[25.4913,327.597,24.007],"pipPosition":[30.8095,291.521,-7.49028],"stabilizedTipPosition":[34.6064,250.333,29.3794],"timeVisible":0.894764,"tipPosition":[42.2462,251.221,-7.20489],"tipVelocity":[-9.18243,-12.6479,-2.98751],"tool":false,"touchDistance":-0.262032,"touchZone":"touching","type":2,"width":18.9914},{"bases":[[[0.991627,0.125833,-0.0290091],[-0.0959879,0.868533,0.486248],[0.0863813,-0.479393,0.873339]],[[0.988067,0.142258,-0.0590507],[-0.130998,0.57447,-0.807975],[-0.0810182,0.806069,0.58625]],[[0.988067,0.142258,-0.0590507],[-0.0495989,-0.0690977,-0.996376],[-0.145823,0.987415,-0.0612173]],[[0.988067,0.142258,-0.0590507],[-0.00567874,-0.349473,-0.936929],[-0.153922,0.926084,-0.344495]]],"btipPosition":[57.9032,251.418,10.4517],"carpPosition":[52.7803,302.044,83.1964],"dipPosition":[55.0282,268.715,4.0171],"direction":[0.145823,-0.987415,0.0612173],"extended":false,"handId":384,"id":3843,"length":64.4088,"mcpPosition":[47.371,332.064,28.5072],"pipPosition":[50.9898,296.06,2.32178],"stabilizedTipPosition":[49.2992,255.8,55.8658],"timeVisible":0.894764,"tipPosition":[57.0916,255.765,7.13224],"tipVelocity":[-10.8346,-7.1524,19.867],"tool":false,"touchDistance":0.333333,"touchZone":"none","type":3,"width":18.0715},{"bases":[[[0.997098,-0.0757455,-0.00767551],[0.067426,0.831743,0.551051],[-0.0353556,-0.54997,0.834436]],[[0.992316,-0.113333,0.0496428],[0.109833,0.622129,-0.775173],[0.0569682,0.774669,0.629796]],[[0.992316,-0.113333,0.0496428],[0.0476456,-0.0202652,-0.998659],[0.114187,0.99335,-0.0147096]],[[0.992316,-0.113333,0.0496428],[0.0129378,-0.30398,-0.952591],[0.12305,0.945913,-0.300178]]],"btipPosition":[62.1434,268.327,15.0121],"carpPosition":[66.4607,299.552,80.1844],"dipPosition":[64.2638,284.627,9.8396],"direction":[-0.114187,-0.99335,0.0147096],"extended":false,"handId":384,"id":3844,"length":50.4953,"mcpPosition":[68.5102,331.433,31.8143],"pipPosition":[66.4964,304.049,9.55199],"stabilizedTipPosition":[64.2356,263.625,78.0241],"timeVisible":0.894764,"tipPosition":[62.7424,272.339,12.3602],"tipVelocity":[-14.6225,-5.98592,17.4979],"tool":false,"touchDistance":0.333333,"touchZone":"none","type":4,"width":16.0525}],"r":[[0.880452,0.268571,0.390736],[-0.235528,0.962974,-0.131177],[-0.411499,0.0234653,0.911108]],"s":1.26562,"t":[-28.4409,101.098,-160.807],"timestamp":521235438392},false],[6,{"currentFrameRate":102.738,"devices":[],"gestures":[],"hands":[{"armBasis":[[0.807289,0.531395,-0.256719],[-0.264311,0.714491,0.647798],[0.52766,-0.455106,0.717254]],"armWidth":63.7005,"confidence":0.776567,"direction":[-0.245164,0.555443,-0.794593],"elbow":[197.056,164.777,279.993],"grabStrength":0.0984656,"id":384,"palmNormal":[0.277715,-0.745023,-0.606478],"palmPosition":[35.5179,311.57,41.0954],"palmVelocity":[-14.2072,2.26725,-28.7174],"palmWidth":90.9622,"pinchStrength":0.595793,"r":[[0.880073,0.270003,0.390602],[-0.235606,0.9625,-0.134479],[-0.412264,0.0263231,0.910684]],"s":1.26709,"sphereCenter":[50.4533,285.172,-3.21592],"sphereRadius":48.6615,"stabilizedPalmPosition":[42.4037,290.311,136.269],"t":[-28.5675,101.127,-161.021],"timeVisible":0.903921,"type":"right","wrist":[54.6316,287.618,86.3931]}],"id":4095982,"interactionBox":{"center":[0,200,0],"size":[235.247,235.247,147.751]},"pointables":[{"bases":[[[0.077533,0.923382,0.375972],[-0.776055,-0.180841,0.604181],[0.625881,-0.338619,0.702574]],[[-0.169957,0.982533,0.0757829],[-0.796989,-0.182276,0.575834],[0.579589,0.0374688,0.814047]],[[-0.169957,0.982533,0.0757829],[-0.959319,-0.182552,0.215366],[0.225438,-0.036097,0.973588]],[[-0.169957,0.982533,0.0757829],[-0.751023,-0.0793527,-0.65549],[-0.638027,-0.16832,0.751392]]],"btipPosition":[10.3175,270.446,-8.01506],"carpPosition":[31.9969,267.147,83.3727],"dipPosition":[-4.61006,266.508,9.56485],"direction":[-0.225438,0.036097,-0.973588],"extended":false,"handId":384,"id":3840,"length":52.1005,"mcpPosition":[31.9969,267.147,83.3727],"pipPosition":[3.07405,265.278,42.7498],"stabilizedTipPosition":[1.95022,235.528,106.961],"timeVisible":0.903921,"tipPosition":[6.148,268.519,-4.05547],"tipVelocity":[0.965032,21.3947,-19.5792],"tool":false,"touchDistance":-0.347645,"touchZone":"touching","type":0,"width":20.2438},{"bases":[[[0.874504,0.457373,-0.161408],[-0.333629,0.808806,0.484278],[0.352044,-0.369653,0.859896]],[[0.900042,0.426078,-0.0915483],[-0.42333,0.904673,0.0485703],[0.103516,-0.00496018,0.994615]],[[0.900042,0.426078,-0.0915483],[-0.432662,0.898793,-0.0705361],[0.052229,0.103095,0.993299]],[[0.900042,0.426078,-0.0915483],[-0.435479,0.887397,-0.151276],[0.0167841,0.176022,0.984243]]],"btipPosition":[-0.451445,312.533,-60.2745],"carpPosition":[31.435,290.63,86.4988],"dipPosition":[-0.164766,315.539,-43.4632],"direction":[-0.052229,-0.103095,-0.993299],"extended":true,"handId":384,"id":3841,"length":58.7895,"mcpPosition":[5.54318,317.817,23.2559],"pipPosition":[1.09724,318.03,-19.4621],"stabilizedTipPosition":[-5.49759,283.933,55.0264],"timeVisible":0.903921,"tipPosition":[-0.232686,312.131,-56.2679],"tipVelocity":[-9.95068,-5.73216,-31.909],"tool":false,"touchDistance":-0.380834,"touchZone":"touching","type":1,"width":19.3369},{"bases":[[[0.958003,0.258599,-0.123926],[-0.17317,0.866174,0.46878],[0.228567,-0.427632,0.874579]],[[0.951582,0.269885,-0.147151],[-0.2866,0.605878,-0.742141],[-0.111137,0.748381,0.653891]],[[0.951582,0.269885,-0.147151],[-0.155072,0.00814581,-0.98787],[-0.265412,0.962858,0.0496031]],[[0.951582,0.269885,-0.147151],[-0.0688022,-0.279562,-0.957659],[-0.299595,0.921416,-0.247457]]],"btipPosition":[43.8956,246.877,-4.4174],"carpPosition":[41.3088,297.794,84.8511],"dipPosition":[38.2673,264.187,-9.0662],"direction":[0.265412,-0.962858,-0.0496031],"extended":false,"handId":384,"id":3842,"length":66.986,"mcpPosition":[25.367,327.62,23.8521],"pipPosition":[30.7222,291.559,-7.6561],"stabilizedTipPosition":[35.0882,250.365,27.2784],"timeVisible":0.903921,"tipPosition":[42.242,251.258,-7.1168],"tipVelocity":[-7.18487,-6.81417,-0.30652],"tool":false,"touchDistance":-0.26102,"touchZone":"touching","type":2,"width":18.9914},{"bases":[[[0.991507,0.126814,-0.0288573],[-0.0969083,0.868363,0.486369],[0.0867369,-0.479441,0.873277]],[[0.987977,0.143071,-0.0585854],[-0.131061,0.574078,-0.808243],[-0.0820033,0.806204,0.585927]],[[0.987977,0.143071,-0.0585854],[-0.0481645,-0.0752475,-0.996001],[-0.146907,0.986848,-0.0674519]],[[0.987977,0.143071,-0.0585854],[-0.00362616,-0.357397,-0.933946],[-0.154558,0.922929,-0.352581]]],"btipPosition":[57.8598,251.53,10.6385],"carpPosition":[52.6733,302.085,83.0412],"dipPosition":[54.9729,268.768,4.05286],"direction":[0.146907,-0.986848,0.0674519],"extended":false,"handId":384,"id":3843,"length":64.4088,"mcpPosition":[47.2418,332.108,28.3559],"pipPosition":[50.9045,296.098,2.18487],"stabilizedTipPosition":[49.3814,255.797,55.3788],"timeVisible":0.903921,"tipPosition":[57.0548,255.823,7.31887],"tipVelocity":[-9.21824,-2.16076,18.9582],"tool":false,"touchDistance":0.333333,"touchZone":"none","type":3,"width":18.0715},{"bases":[[[0.997173,-0.0747622,-0.00755391],[0.0665332,0.831724,0.551188],[-0.0349252,-0.550132,0.834347]],[[0.992395,-0.112497,0.0499636],[0.109582,0.622523,-0.774892],[0.0560696,0.774474,0.630116]],[[0.992395,-0.112497,0.0499636],[0.0473005,-0.0262197,-0.998537],[0.113643,0.993306,-0.0206992]],[[0.992395,-0.112497,0.0499636],[0.0124266,-0.312265,-0.949914],[0.122464,0.943311,-0.308493]]],"btipPosition":[62.0668,268.443,15.1126],"carpPosition":[66.3565,299.607,80.0307],"dipPosition":[64.1771,284.698,9.79679],"direction":[-0.113642,-0.993306,0.0206992],"extended":false,"handId":384,"id":3844,"length":50.4953,"mcpPosition":[68.3811,331.496,31.6657],"pipPosition":[66.3991,304.12,9.39206],"stabilizedTipPosition":[64.2078,263.767,76.9635],"timeVisible":0.903921,"tipPosition":[62.6592,272.413,12.4