{"sensorType":"Leap","data":[[0,{"currentFrameRate":106.36,"devices":[],"gestures":[],"hands":[{"armBasis":[[0.834308,0.478827,-0.27323],[-0.2387,0.760497,0.603877],[0.496943,-0.438599,0.748785]],"armWidth":63.7005,"confidence":0.71172,"direction":[-0.304143,0.707762,-0.637628],"elbow":[205.299,163.632,273.752],"grabStrength":0.0913675,"id":383,"palmNormal":[0.174532,-0.616608,-0.76768],"palmPosition":[48.3637,314.934,34.3931],"palmVelocity":[-14.3454,7.86694,-218.77],"palmWidth":90.9622,"pinchStrength":0.330747,"r":[[0.925838,0.225325,0.303401],[-0.225369,0.973632,-0.0353607],[-0.303369,-0.0356391,0.952206]],"s":1.37893,"sphereCenter":[45.3925,297.216,-10.6889],"sphereRadius":46.2841,"stabilizedPalmPosition":[56.733,286.524,107.696],"t":[-29.5542,117.523,-165.554],"timeVisible":0.497056,"type":"right","wrist":[71.1652,282.017,71.6421]}],"id":4095593,"interactionBox":{"center":[0,200,0],"size":[235.247,235.247,147.751]},"pointables":[{"bases":[[[0.161391,0.828353,0.536455],[-0.713048,-0.277928,0.643675],[0.682287,-0.486402,0.545801]],[[-0.0881034,0.946316,0.311005],[-0.707477,-0.279236,0.649233],[0.701223,-0.162829,0.694099]],[[-0.0881034,0.946316,0.311005],[-0.894951,-0.21229,0.392423],[0.437379,-0.24376,0.86561]],[[-0.0881034,0.946316,0.311005],[-0.926473,0.0368407,-0.374555],[-0.365905,-0.321137,0.87349]]],"btipPosition":[6.06032,287.06,-17.219],"carpPosition":[47.4003,263.113,67.3592],"dipPosition":[-2.50056,279.547,3.21756],"direction":[-0.437379,0.24376,-0.86561],"extended":true,"handId":383,"id":3830,"length":52.1005,"mcpPosition":[47.4003,263.113,67.3592],"pipPosition":[12.4076,271.238,32.722],"stabilizedTipPosition":[6.60869,260.293,74.787],"timeVisible":0.497056,"tipPosition":[2.76035,286.469,-11.6473],"tipVelocity":[27.1652,-24.1226,-232.93],"tool":false,"touchDistance":-0.623659,"touchZone":"hovering","type":0,"width":20.2438},{"bases":[[[0.872141,0.458711,-0.17016],[-0.240403,0.704698,0.667538],[0.426118,-0.54128,0.724872]],[[0.851519,0.483233,-0.203474],[-0.420662,0.861278,0.285033],[0.312985,-0.157117,0.936672]],[[0.851519,0.483233,-0.203474],[-0.483647,0.873769,0.0511116],[0.202488,0.0548871,0.977745]],[[0.851519,0.483233,-0.203474],[-0.510465,0.852677,-0.111211],[0.119756,0.198565,0.972744]]],"btipPosition":[-3.43441,327.357,-58.7533],"carpPosition":[48.2861,285.517,75.0284],"dipPosition":[-1.38893,330.748,-42.1385],"direction":[-0.202488,-0.0548871,-0.977745],"extended":true,"handId":383,"id":3831,"length":58.7895,"mcpPosition":[16.9463,325.326,21.7161],"pipPosition":[3.50379,332.075,-18.5132],"stabilizedTipPosition":[-0.0850906,302.386,22.3139],"timeVisible":0.497056,"tipPosition":[-3.66882,329.586,-54.4978],"tipVelocity":[1.20487,-37.037,-225.189],"tool":false,"touchDistance":-0.623724,"touchZone":"hovering","type":1,"width":19.3369},{"bases":[[[0.949811,0.254465,-0.181952],[-0.0800822,0.760049,0.644913],[0.3024,-0.597974,0.742281]],[[0.95324,0.247542,-0.173367],[-0.302141,0.768003,-0.564696],[-0.0066395,0.590672,0.806884]],[[0.95324,0.247542,-0.173367],[-0.0298601,-0.493704,-0.869117],[-0.300735,0.833654,-0.463227]],[[0.95324,0.247542,-0.173367],[0.160901,-0.901295,-0.402217],[-0.255821,0.355515,-0.89898]]],"btipPosition":[50.8299,275.488,13.0705],"carpPosition":[58.2462,292.621,73.6654],"dipPosition":[46.0239,282.166,-3.81799],"direction":[0.300735,-0.833654,0.463227],"extended":false,"handId":383,"id":3832,"length":66.986,"mcpPosition":[37.1548,334.327,21.8938],"pipPosition":[37.4747,305.865,-16.9865],"stabilizedTipPosition":[55.4935,271.053,38.107],"timeVisible":0.497056,"tipPosition":[49.6629,276.735,8.5335],"tipVelocity":[-39.6347,9.51669,-239.733],"tool":false,"touchDistance":0.333333,"touchZone":"none","type":2,"width":18.9914},{"bases":[[[0.987276,0.10567,-0.118831],[-0.00233714,0.756838,0.653599],[0.159001,-0.645004,0.747454]],[[0.989021,0.0983251,-0.11032],[-0.144209,0.805231,-0.575157],[0.0322803,0.584752,0.81057]],[[0.989021,0.0983251,-0.11032],[-0.0465075,-0.501493,-0.863911],[-0.140269,0.859556,-0.491414]],[[0.989021,0.0983251,-0.11032],[0.0501224,-0.925467,-0.375497],[-0.139018,0.365844,-0.920235]]],"btipPosition":[64.6163,280.54,19.1998],"carpPosition":[69.5338,296.905,71.4135],"dipPosition":[62.0197,287.373,2.01138],"direction":[0.140269,-0.859556,0.491414],"extended":false,"handId":383,"id":3833,"length":64.4088,"mcpPosition":[59.577,337.296,24.6073],"pipPosition":[58.1352,311.177,-11.5976],"stabilizedTipPosition":[73.5079,264.105,76.2861],"timeVisible":0.497056,"tipPosition":[64.1285,281.987,16.2183],"tipVelocity":[-41.1468,17.481,-313.17],"tool":false,"touchDistance":0.333333,"touchZone":"none","type":3,"width":18.0715},{"bases":[[[0.985767,-0.0962064,-0.137871],[0.165305,0.704082,0.69061],[0.0306315,-0.703571,0.709964]],[[0.986241,-0.116954,-0.116833],[0.0285573,0.816648,-0.576429],[0.162827,0.565162,0.808752]],[[0.986241,-0.116954,-0.116833],[-0.1598,-0.493486,-0.854948],[0.0423342,0.861855,-0.505385]],[[0.986241,-0.116954,-0.116833],[-0.152683,-0.91536,-0.372564],[-0.0633711,0.385276,-0.920623]]],"btipPosition":[75.4077,292.054,22.4108],"carpPosition":[82.6748,294.738,66.4083],"dipPosition":[74.3158,298.693,6.54707],"direction":[-0.0423343,-0.861855,0.505385],"extended":false,"handId":383,"id":3834,"length":50.4953,"mcpPosition":[80.8992,335.523,25.2534],"pipPosition":[75.1435,315.545,-3.33464],"stabilizedTipPosition":[84.61,276.321,77.437],"timeVisible":0.497056,"tipPosition":[75.5273,293.422,18.8233],"tipVelocity":[-42.0556,12.7941,-259.738],"tool":false,"touchDistance":0.333333,"touchZone":"none","type":4,"width":16.0525}],"r":[[0.925838,0.225325,0.303401],[-0.225369,0.973632,-0.0353607],[-0.303369,-0.0356391,0.952206]],"s":1.37893,"t":[-29.5542,117.523,-165.554],"timestamp":521231445162},false],[1,{"currentFrameRate":106.638,"devices":[],"gestures":[],"hands":[{"armBasis":[[0.841028,0.470493,-0.267037],[-0.239122,0.766067,0.596626],[0.485276,-0.437924,0.756789]],"armWidth":63.7005,"confidence":0.716279,"direction":[-0.300861,0.704524,-0.642751],"elbow":[202.098,163.711,274.678],"grabStrength":0.096698,"id":383,"palmNormal":[0.175093,-0.621713,-0.763423],"palmPosition":[48.484,314.654,32.8978],"palmVelocity":[-6.77718,-2.83897,-205.163],"palmWidth":90.9622,"pinchStrength":0.338487,"r":[[0.926881,0.222759,0.30211],[-0.2218,0.974354,-0.0379445],[-0.302814,-0.031838,0.952518]],"s":1.37195,"sphereCenter":[45.7469,296.596,-12.2183],"sphereRadius":46.2447,"stabilizedPalmPosition":[56.729,286.538,107.66],"t":[-29.5497,117.297,-167.268],"timeVisible":0.505925,"type":"right","wrist":[71.1131,281.914,70.4074]}],"id":4095594,"interactionBox":{"center":[0,200,0],"size":[235.247,235.247,147.751]},"pointables":[{"bases":[[[0.161915,0.831263,0.531775],[-0.715348,-0.272333,0.643515],[0.67975,-0.484599,0.550548]],[[-0.089673,0.949091,0.301968],[-0.710943,-0.27333,0.647959],[0.697509,-0.156577,0.69926]],[[-0.089673,0.949091,0.301968],[-0.895711,-0.209423,0.392229],[0.4355,-0.235304,0.868891]],[[-0.089673,0.949091,0.301968],[-0.924035,0.033854,-0.380807],[-0.371644,-0.313177,0.873957]]],"btipPosition":[6.35953,286.2,-18.7796],"carpPosition":[47.3158,263.038,66.1789],"dipPosition":[-2.33561,278.872,1.66789],"direction":[-0.4355,0.235304,-0.868891],"extended":true,"handId":383,"id":3830,"length":52.1005,"mcpPosition":[47.3158,263.038,66.1789],"pipPosition":[12.5085,270.852,31.2842],"stabilizedTipPosition":[6.60824,260.298,74.7691],"timeVisible":0.505925,"tipPosition":[3.11522,285.689,-13.2411],"tipVelocity":[28.0032,-42.5933,-217.404],"tool":false,"touchDistance":-0.612998,"touchZone":"hovering","type":0,"width":20.2438},{"bases":[[[0.873633,0.455658,-0.170707],[-0.240501,0.709337,0.662571],[0.422994,-0.537789,0.729287]],[[0.853454,0.479686,-0.203756],[-0.420154,0.864595,0.275584],[0.30836,-0.149589,0.939434]],[[0.853454,0.479686,-0.203756],[-0.481798,0.875252,0.042471],[0.198711,0.0619224,0.9781]],[[0.853454,0.479686,-0.203756],[-0.507897,0.853188,-0.118788],[0.116862,0.204867,0.971788]]],"btipPosition":[-2.91787,326.469,-60.5047],"carpPosition":[48.2335,285.487,73.7127],"dipPosition":[-0.92183,329.968,-43.9061],"direction":[-0.198711,-0.0619224,-0.9781],"extended":true,"handId":383,"id":3831,"length":58.7895,"mcpPosition":[17.1235,325.04,20.0757],"pipPosition":[3.87963,331.465,-20.2723],"stabilizedTipPosition":[-0.0866144,302.402,22.2632],"timeVisible":0.505925,"tipPosition":[-3.15922,328.684,-56.2735],"tipVelocity":[16.3246,-53.3734,-217.785],"tool":false,"touchDistance":-0.616011,"touchZone":"hovering","type":1,"width":19.3369},{"bases":[[[0.950863,0.251165,-0.181042],[-0.0799951,0.76418,0.640023],[0.2991,-0.594091,0.746722]],[[0.954158,0.244486,-0.172656],[-0.299254,0.768654,-0.565347],[-0.00550703,0.591098,0.806581]],[[0.954158,0.244486,-0.172656],[-0.0311838,-0.492512,-0.869747],[-0.297676,0.835259,-0.46231]],[[0.954158,0.244486,-0.172656],[0.158338,-0.901843,-0.402006],[-0.253993,0.356239,-0.899212]]],"btipPosition":[50.8514,275.076,11.4202],"carpPosition":[58.2134,292.559,72.332],"dipPosition":[46.0798,281.768,-5.47263],"direction":[0.297676,-0.835259,0.46231],"extended":false,"handId":383,"id":3832,"length":66.986,"mcpPosition":[37.3522,333.995,20.2506],"pipPosition":[37.6175,305.513,-18.6151],"stabilizedTipPosition":[55.4724,271.073,37.9944],"timeVisible":0.505925,"tipPosition":[49.7222,276.345,7.08769],"tipVelocity":[-27.9875,-5.55659,-225.212],"tool":false,"touchDistance":0.333333,"touchZone":"none","type":2,"width":18.9914},{"bases":[[[0.987821,0.102676,-0.116912],[-0.00228037,0.760844,0.64893],[0.155581,-0.64076,0.751812]],[[0.98947,0.095631,-0.108646],[-0.140829,0.80938,-0.57015],[0.0334122,0.579447,0.814325]],[[0.98947,0.095631,-0.108646],[-0.0473024,-0.495764,-0.867168],[-0.136791,0.863176,-0.48602]],[[0.98947,0.095631,-0.108646],[0.0480085,-0.924988,-0.376952],[-0.136545,0.367767,-0.919839]]],"btipPosition":[64.6203,280.274,17.2721],"carpPosition":[69.5167,296.804,70.0831],"dipPosition":[62.0699,287.143,0.0910463],"direction":[0.136791,-0.863176,0.48602],"extended":false,"handId":383,"id":3833,"length":64.4088,"mcpPosition":[59.7741,336.929,23.004],"pipPosition":[58.2817,311.047,-13.3686],"stabilizedTipPosition":[73.4999,264.12,76.2329],"timeVisible":0.505925,"tipPosition":[64.1515,281.702,14.3921],"tipVelocity":[-29.5403,4.86261,-287.134],"tool":false,"touchDistance":0.333333,"touchZone":"none","type":3,"width":18.0715},{"bases":[[[0.985895,-0.0993099,-0.134716],[0.165144,0.707933,0.686701],[0.0271739,-0.699263,0.714348]],[[0.986253,-0.122615,-0.110777],[0.038685,0.823075,-0.566614],[0.160653,0.554539,0.816503]],[[0.986253,-0.122615,-0.110777],[-0.156724,-0.48159,-0.86227],[0.0523778,0.867777,-0.494186]],[[0.986253,-0.122615,-0.110777],[-0.155969,-0.912182,-0.378942],[-0.0545849,0.391011,-0.918766]]],"btipPosition":[75.328,291.804,20.3489],"carpPosition":[82.6656,294.577,65.1255],"dipPosition":[74.3874,298.541,4.51713],"direction":[-0.0523778,-0.867777,0.494186],"extended":false,"handId":383,"id":3834,"length":50.4953,"mcpPosition":[81.0904,335.111,23.7165],"pipPosition":[75.4116,315.509,-5.14559],"stabilizedTipPosition":[84.6021,276.335,77.3863],"timeVisible":0.505925,"tipPosition":[75.4923,293.161,17.0282],"tipVelocity":[-32.0241,2.35642,-252.123],"tool":false,"touchDistance":0.333333,"touchZone":"none","type":4,"width":16.0525}],"r":[[0.926881,0.222759,0.30211],[-0.2218,0.974354,-0.0379445],[-0.302814,-0.031838,0.952518]],"s":1.37195,"t":[-29.5497,117.297,-167.268],"timestamp":521231454031},false],[2,{"currentFrameRate":106.798,"devices":[],"gestures":[],"hands":[{"armBasis":[[0.844997,0.469138,-0.256692],[-0.24327,0.764676,0.596733],[0.476236,-0.441792,0.760276]],"armWidth":63.7005,"confidence":0.719283,"direction":[-0.303355,0.701563,-0.644814],"elbow":[199.269,163.746,273.341],"grabStrength":0.113253,"id":383,"palmNormal":[0.17949,-0.622516,-0.761746],"palmPosition":[47.9922,315.535,30.5097],"palmVelocity":[-19.8886,24.7912,-221.231],"palmWidth":90.9622,"pinchStrength":0.35945,"r":[[0.927385,0.221773,0.301286],[-0.219917,0.974677,-0.0405229],[-0.302643,-0.0286775,0.952672]],"s":1.36471,"sphereCenter":[45.768,297.283,-14.7509],"sphereRadius":46.1865,"stabilizedPalmPosition":[56.726,286.548,107.632],"t":[-29.7933,117.624,-169.319],"timeVisible":0.514995,"type":"right","wrist":[70.7246,282.993,68.1293]}],"id":4095595,"interactionBox":{"center":[0,200,0],"size":[235.247,235.247,147.751]},"pointables":[{"bases":[[[0.156836,0.833252,0.530183],[-0.715024,-0.274514,0.642949],[0.681281,-0.479931,0.552741]],[[-0.0969308,0.949726,0.297699],[-0.711549,-0.275264,0.646473],[0.695918,-0.149164,0.702458]],[[-0.0969308,0.949726,0.297699],[-0.894866,-0.214093,0.391637],[0.435683,-0.228439,0.87063]],[[-0.0969308,0.949726,0.297699],[-0.922327,0.0266991,-0.385486],[-0.374054,-0.311941,0.87337]]],"btipPosition":[6.20323,286.517,-21.2597],"carpPosition":[47.03,263.988,63.904],"dipPosition":[-2.54831,279.218,-0.825923],"direction":[-0.435683,0.228439,-0.87063],"extended":true,"handId":383,"id":3830,"length":52.1005,"mcpPosition":[47.03,263.988,63.904],"pipPosition":[12.302,271.432,28.8496],"stabilizedTipPosition":[6.60788,260.301,74.7556],"timeVisible":0.514995,"tipPosition":[3.00255,286.005,-15.7576],"tipVelocity":[15.1051,-20.9575,-232.988],"tool":false,"touchDistance":-0.61728,"touchZone":"hovering","type":0,"width":20.2438},{"bases":[[[0.871601,0.459688,-0.170292],[-0.245174,0.709584,0.660591],[0.424502,-0.534021,0.731177]],[[0.852113,0.482701,-0.202244],[-0.427376,0.864834,0.263462],[0.302081,-0.138065,0.943231]],[[0.852113,0.482701,-0.202244],[-0.487181,0.872771,0.0304261],[0.191199,0.072603,0.978862]],[[0.852113,0.482701,-0.202244],[-0.511856,0.849215,-0.129757],[0.109115,0.214087,0.970701]]],"btipPosition":[-2.85696,326.252,-63.1302],"carpPosition":[47.8218,286.458,71.3891],"dipPosition":[-0.993231,329.909,-46.5503],"direction":[-0.191199,-0.072603,-0.978862],"extended":true,"handId":383,"id":3831,"length":58.7895,"mcpPosition":[16.6009,325.734,17.6131],"pipPosition":[3.62673,331.663,-22.898],"stabilizedTipPosition":[-0.0877947,302.415,22.2221],"timeVisible":0.514995,"tipPosition":[-3.20185,328.536,-58.9021],"tipVelocity":[12.7414,-44.1237,-237.73],"tool":false,"touchDistance":-0.62219,"touchZone":"hovering","type":1,"width":19.3369},{"bases":[[[0.949879,0.255566,-0.180045],[-0.0849104,0.765187,0.638184],[0.300866,-0.59091,0.748536]],[[0.953172,0.248967,-0.171693],[-0.302406,0.777712,-0.551103],[-0.00367804,0.577217,0.816583]],[[0.953172,0.248967,-0.171693],[-0.0339434,-0.47606,-0.878757],[-0.300518,0.843435,-0.445316]],[[0.953172,0.248967,-0.171693],[0.159652,-0.896394,-0.413508],[-0.256855,0.366733,-0.894166]]],"btipPosition":[50.3293,276.112,7.91088],"carpPosition":[57.7682,293.578,70.009],"dipPosition":[45.504,283.001,-8.88715],"direction":[0.300518,-0.843435,0.445316],"extended":false,"handId":383,"id":3832,"length":66.986,"mcpPosition":[36.7837,334.792,17.8011],"pipPosition":[36.961,306.978,-21.5465],"stabilizedTipPosition":[55.4556,271.091,37.9032],"timeVisible":0.514995,"tipPosition":[49.2814,277.41,4.07545],"tipVelocity":[-36.5361,28.9184,-269.24],"tool":false,"touchDistance":0.333333,"touchZone":"none","type":2,"width":18.9914},{"bases":[[[0.987481,0.107408,-0.115522],[-0.0071946,0.762264,0.647226],[0.157576,-0.638292,0.753494]],[[0.989113,0.10056,-0.107438],[-0.144141,0.809116,-0.569697],[0.0296415,0.578981,0.814802]],[[0.989113,0.10056,-0.107438],[-0.0438048,-0.495795,-0.867334],[-0.140486,0.862598,-0.485992]],[[0.989113,0.10056,-0.107438],[0.0532393,-0.92517,-0.3758],[-0.137189,0.365988,-0.920452]]],"btipPosition":[64.315,281.26,14.8421],"carpPosition":[69.0535,297.874,67.7692],"dipPosition":[61.7526,288.096,-2.35034],"direction":[0.140486,-0.862598,0.485992],"extended":false,"handId":383,"id":3833,"length":64.4088,"mcpPosition":[59.186,337.845,20.5847],"pipPosition":[57.862,311.984,-15.8092],"stabilizedTipPosition":[73.4937,264.132,76.1915],"timeVisible":0.514995,"tipPosition":[63.8395,282.671,11.9417],"tipVelocity":[-30.7639,33.3247,-281.901],"tool":false,"touchDistance":0.333333,"touchZone":"none","type":3,"width":18.0715},{"bases":[[[0.986605,-0.0946235,-0.132879],[0.160432,0.710284,0.685389],[0.0295279,-0.697526,0.715951]],[[0.987012,-0.121291,-0.105338],[0.04261,0.829881,-0.556311],[0.154893,0.544597,0.824271]],[[0.987012,-0.121291,-0.105338],[-0.150753,-0.472753,-0.868204],[0.0555065,0.872808,-0.484898]],[[0.987012,-0.121291,-0.105338],[-0.152833,-0.910976,-0.3831],[-0.0494937,0.394223,-0.917681]]],"btipPosition":[74.8023,293.027,17.4937],"carpPosition":[82.2216,295.702,62.838],"dipPosition":[73.9494,299.82,1.68063],"direction":[-0.0555065,-0.872808,0.484898],"extended":false,"handId":383,"id":3834,"length":50.4953,"mcpPosition":[80.51,336.136,21.3362],"pipPosition":[75.0348,316.885,-7.8005],"stabilizedTipPosition":[84.5955,276.347,77.3444],"timeVisible":0.514995,"tipPosition":[74.999,294.344,14.3383],"tipVelocity":[-38.5784,39.3558,-269.314],"tool":false,"touchDistance":0.333333,"touchZone":"none","type":4,"width":16.0525}],"r":[[0.927385,0.221773,0.301286],[-0.219917,0.974677,-0.0405229],[-0.302643,-0.0286775,0.952672]],"s":1.36471,"t":[-29.7933,117.624,-169.319],"timestamp":521231463101},false],[3,{"currentFrameRate":106.98,"devices":[],"gestures":[],"hands":[{"armBasis":[[0.84947,0.462765,-0.253475],[-0.24113,0.767774,0.593616],[0.469316,-0.443138,0.763787]],"armWidth":63.7005,"confidence":0.728749,"direction":[-0.301113,0.702745,-0.644577],"elbow":[197.268,163.57,272.811],"grabStrength":0.124497,"id":383,"palmNormal":[0.176735,-0.623111,-0.761904],"palmPosition":[47.9585,315.81,29.0476],"palmVelocity":[-15.4497,26.3768,-205.002],"palmWidth":90.9622,"pinchStrength":0.362583,"r":[[0.927986,0.220286,0.300526],[-0.217689,0.97509,-0.0425442],[-0.302412,-0.025941,0.952824]],"s":1.35868,"sphereCenter":[45.8238,297.553,-16.2572],"sphereRadius":46.1349,"stabilizedPalmPosition":[56.7237,286.555,107.612],"t":[-29.932,117.925,-171.076],"timeVisible":0.524009,"type":"right","wrist":[70.5912,283.181,66.6512]}],"id":4095596,"interactionBox":{"center":[0,200,0],"size":[235.247,235.247,147.751]},"pointables":[{"bases":[[[0.16024,0.832614,0.530166],[-0.715671,-0.271909,0.643335],[0.679807,-0.482513,0.552307]],[[-0.0951962,0.950486,0.295828],[-0.713305,-0.272421,0.645741],[0.694358,-0.149544,0.70392]],[[-0.0951962,0.950486,0.295828],[-0.895105,-0.211766,0.392354],[0.435573,-0.227447,0.870944]],[[-0.0951962,0.950486,0.295828],[-0.920942,0.0287227,-0.38864],[-0.377894,-0.309438,0.872608]]],"btipPosition":[6.16829,286.72,-22.7916],"carpPosition":[46.8236,264.265,62.4379],"dipPosition":[-2.67308,279.48,-2.3757],"direction":[-0.435573,0.227447,-0.870944],"extended":true,"handId":383,"id":3830,"length":52.1005,"mcpPosition":[46.8236,264.265,62.4379],"pipPosition":[12.1735,271.727,27.3106],"stabilizedTipPosition":[6.60763,260.304,74.7462],"timeVisible":0.524009,"tipPosition":[2.99863,286.223,-17.3154],"tipVelocity":[9.25606,-8.59515,-215.781],"tool":false,"touchDistance":-0.606926,"touchZone":"hovering","type":0,"width":20.2438},{"bases":[[[0.873207,0.456457,-0.170752],[-0.242152,0.710432,0.660795],[0.422932,-0.535663,0.730886]],[[0.854438,0.478817,-0.20167],[-0.42548,0.867624,0.257285],[0.298166,-0.134027,0.945057]],[[0.854438,0.478817,-0.20167],[-0.484169,0.874611,0.0252206],[0.188459,0.0760931,0.979129]],[[0.854438,0.478817,-0.20167],[-0.5083,0.850739,-0.133695],[0.107553,0.216743,0.970286]]],"btipPosition":[-2.59892,326.343,-64.6511],"carpPosition":[47.7033,286.731,69.9245],"dipPosition":[-0.761869,330.045,-48.0783],"direction":[-0.188459,-0.0760931,-0.979129],"extended":true,"handId":383,"id":3831,"length":58.7895,"mcpPosition":[16.5979,326.127,16.1699],"pipPosition":[3.79187,331.883,-24.4196],"stabilizedTipPosition":[-0.0885659,302.424,22.1914],"timeVisible":0.524009,"tipPosition":[-2.96662,328.614,-60.4316],"tipVelocity":[16.9217,-28.9213,-218.809],"tool":false,"touchDistance":-0.611143,"touchZone":"hovering","type":1,"width":19.3369},{"bases":[[[0.95072,0.252046,-0.180568],[-0.0816957,0.76544,0.6383],[0.299095,-0.592093,0.74831]],[[0.953984,0.245453,-0.172243],[-0.299857,0.779408,-0.550099],[-0.000775258,0.576434,0.817143]],[[0.953984,0.245453,-0.172243],[-0.0362747,-0.475731,-0.878842],[-0.297656,0.84465,-0.444936]],[[0.953984,0.245453,-0.172243],[0.156233,-0.897154,-0.413165],[-0.255941,0.367242,-0.894219]]],"btipPosition":[50.1217,276.423,6.42009],"carpPosition":[57.6753,293.813,68.5393],"dipPosition":[45.3135,283.322,-10.3789],"direction":[0.297656,-0.84465,0.444936],"extended":false,"handId":383,"id":3832,"length":66.986,"mcpPosition":[36.8144,335.11,16.3472],"pipPosition":[36.8518,307.334,-23.0274],"stabilizedTipPosition":[55.4432,271.105,37.835],"timeVisible":0.524009,"tipPosition":[49.0786,277.724,2.59237],"tipVelocity":[-32.7054,30.5452,-240.693],"tool":false,"touchDistance":0.333333,"touchZone":"none","type":2,"width":18.9914},{"bases":[[[0.987807,0.103743,-0.11608],[-0.00398618,0.762227,0.647297],[0.155632,-0.638942,0.753347]],[[0.9894,0.0969696,-0.108094],[-0.141536,0.81045,-0.568452],[0.0324822,0.577726,0.815584]],[[0.9894,0.0969696,-0.108094],[-0.0462463,-0.495208,-0.867543],[-0.137654,0.863346,-0.485474]],[[0.9894,0.0969696,-0.108094],[0.0496928,-0.925519,-0.375425],[-0.136448,0.366075,-0.920528]]],"btipPosition":[64.1394,281.528,13.3277],"carpPosition":[68.9753,298.068,66.2934],"dipPosition":[61.5907,288.365,-3.86617],"direction":[0.137654,-0.863346,0.485474],"extended":false,"handId":383,"id":3833,"length":64.4088,"mcpPosition":[59.2295,338.079,19.1182],"pipPosition":[57.7786,312.275,-17.3107],"stabilizedTipPosition":[73.489,264.141,76.16],"timeVisible":0.524009,"tipPosition":[63.6648,282.926,10.4028],"tipVelocity":[-27.5665,32.3562,-250.596],"tool":false,"touchDistance":0.333333,"touchZone":"none","type":3,"width":18.0715},{"bases":[[[0.98617,-0.0982823,-0.133454],[0.163468,0.709621,0.685359],[0.0273432,-0.697696,0.715872]],[[0.986437,-0.128009,-0.102739],[0.0510958,0.834309,-0.548925],[0.155983,0.53623,0.829534]],[[0.986437,-0.128009,-0.102739],[-0.151118,-0.463953,-0.872875],[0.0640695,0.876562,-0.477005]],[[0.986437,-0.128009,-0.102739],[-0.158256,-0.907807,-0.388383],[-0.0435509,0.399374,-0.915753]]],"btipPosition":[74.5313,293.315,15.6411],"carpPosition":[82.1324,295.848,61.3545],"dipPosition":[73.7809,300.197,-0.138697],"direction":[-0.0640695,-0.876562,0.477005],"extended":false,"handId":383,"id":3834,"length":50.4953,"mcpPosition":[80.5474,336.291,19.8572],"pipPosition":[75.0336,317.336,-9.4655],"stabilizedTipPosition":[84.5902,276.356,77.3109],"timeVisible":0.524009,"tipPosition":[74.7618,294.635,12.5787],"tipVelocity":[-35.5173,37.9638,-251.541],"tool":false,"touchDistance":0.333333,"touchZone":"none","type":4,"width":16.0525}],"r":[[0.927986,0.220286,0.300526],[-0.217689,0.97509,-0.0425442],[-0.302412,-0.025941,0.952824]],"s":1.35868,"t":[-29.932,117.925,-171.076],"timestamp":521231472115},false],[4,{"currentFrameRate":107.132,"devices":[],"gestures":[],"hands":[{"armBasis":[[0.850367,0.458076,-0.258924],[-0.235318,0.771191,0.591515],[0.470639,-0.442075,0.763589]],"armWidth":63.7005,"confidence":0.729627,"direction":[-0.295414,0.705572,-0.644127],"elbow":[197.689,163.761,271.657],"grabStrength":0.12994,"id":383,"palmNormal":[0.171294,-0.624174,-0.762276],"palmPosition":[48.2857,315.922,27.9712],"palmVelocity":[-1.2102,22.498,-181.22],"palmWidth":90.9622,"pinchStrength":0.365566,"r":[[0.928847,0.217509,0.299889],[-0.214278,0.975779,-0.0440494],[-0.302206,-0.0233442,0.952957]],"s":1.35388,"sphereCenter":[46.1153,297.713,-17.3706],"sphereRadius":46.1067,"stabilizedPalmPosition":[56.7221,286.561,107.597],"t":[-29.8377,118.131,-172.492],"timeVisible":0.533066,"type":"right","wrist":[70.6558,283.085,65.5513]}],"id":4095597,"interactionBox":{"center":[0,200,0],"size":[235.247,235.247,147.751]},"pointables":[{"bases":[[[0.167354,0.830971,0.530546],[-0.717731,-0.266246,0.643409],[0.67591,-0.488466,0.551857]],[[-0.0891097,0.951535,0.294347],[-0.716619,-0.266493,0.644545],[0.691748,-0.1535,0.705636]],[[-0.0891097,0.951535,0.294347],[-0.896578,-0.205348,0.392402],[0.433828,-0.228939,0.871424]],[[-0.0891097,0.951535,0.294347],[-0.919235,0.0352167,-0.392131],[-0.383492,-0.305517,0.871546]]],"btipPosition":[6.39496,286.982,-23.9713],"carpPosition":[46.7296,264.37,61.3353],"dipPosition":[-2.5774,279.834,-3.58025],"direction":[-0.433828,0.228939,-0.871424],"extended":true,"handId":383,"id":3830,"length":52.1005,"mcpPosition":[46.7296,264.37,61.3353],"pipPosition":[12.2097,272.03,26.1224],"stabilizedTipPosition":[6.60747,260.306,74.7397],"timeVisible":0.533066,"tipPosition":[3.24205,286.509,-18.5182],"tipVelocity":[12.6915,2.41404,-192.345],"tool":false,"touchDistance":-0.592348,"touchZone":"hovering","type":0,"width":20.2438},{"bases":[[[0.876944,0.449225,-0.170778],[-0.236008,0.712091,0.661231],[0.418651,-0.539558,0.730485]],[[0.858728,0.471329,-0.201084],[-0.418776,0.871641,0.254693],[0.295317,-0.134503,0.945884]],[[0.858728,0.471329,-0.201084],[-0.476803,0.878698,0.0234313],[0.187736,0.0757563,0.979294]],[[0.858728,0.471329,-0.201084],[-0.500822,0.85501,-0.134665],[0.108457,0.216348,0.970273]]],"btipPosition":[-2.06365,326.758,-65.7522],"carpPosition":[47.7994,286.824,68.8332],"dipPosition":[-0.211165,330.454,-49.1796],"direction":[-0.187736,-0.0757563,-0.979294],"extended":true,"handId":383,"id":3831,"length":58.7895,"mcpPosition":[17.0088,326.507,15.1081],"pipPosition":[4.32509,332.284,-25.5169],"stabilizedTipPosition":[-0.0889935,302.431,22.1682],"timeVisible":0.533066,"tipPosition":[-2.41112,328.989,-61.5432],"tipVelocity":[28.6736,-8.31916,-191.968],"tool":false,"touchDistance":-0.594879,"touchZone":"hovering","type":1,"width":19.3369},{"bases":[[[0.952742,0.244179,-0.180721],[-0.0751036,0.765768,0.638717],[0.294352,-0.594959,0.747917]],[[0.95595,0.23756,-0.172409],[-0.293498,0.782347,-0.549356],[0.00437869,0.575759,0.817608]],[[0.95595,0.23756,-0.172409],[-0.0405282,-0.474918,-0.879096],[-0.290719,0.84736,-0.44437]],[[0.95595,0.23756,-0.172409],[0.148654,-0.898287,-0.413501],[-0.253105,0.369657,-0.894031]]],"btipPosition":[50.1081,276.544,5.31488],"carpPosition":[57.8298,293.824,67.4487],"dipPosition":[45.3533,283.489,-11.4806],"direction":[0.290719,-0.84736,0.44437],"extended":false,"handId":383,"id":3832,"length":66.986,"mcpPosition":[37.2998,335.321,15.2839],"pipPosition":[37.0888,307.577,-24.113],"stabilizedTipPosition":[55.4342,271.114,37.7842],"timeVisible":0.533066,"tipPosition":[49.0756,277.855,1.49038],"tipVelocity":[-23.715,26.1145,-207.911],"tool":false,"touchDistance":0.333333,"touchZone":"none","type":2,"width":18.9914},{"bases":[[[0.988606,0.0955378,-0.116321],[0.00257898,0.7619,0.64769],[0.150504,-0.64061,0.752973]],[[0.990106,0.0889252,-0.108548],[-0.135012,0.814506,-0.564227],[0.0382392,0.5733,0.818453]],[[0.990106,0.0889252,-0.108548],[-0.0511661,-0.491516,-0.869364],[-0.130662,0.866317,-0.482103]],[[0.990106,0.0889252,-0.108548],[0.0418009,-0.925355,-0.376791],[-0.133952,0.368525,-0.919916]]],"btipPosition":[64.1521,281.619,12.0264],"carpPosition":[69.1643,297.985,65.2016],"dipPosition":[61.6501,288.503,-5.15605],"direction":[0.130662,-0.866317,0.482103],"extended":false,"handId":383,"id":3833,"length":64.4088,"mcpPosition":[59.7397,338.101,18.0498],"pipPosition":[58.0317,312.494,-18.5072],"stabilizedTipPosition":[73.4856,264.148,76.1364],"timeVisible":0.533066,"tipPosition":[63.6882,283,9.11048],"tipVelocity":[-19.2403,26.5298,-221.001],"tool":false,"touchDistance":0.333333,"touchZone":"none","type":3,"width":18.0715},{"bases":[[[0.985274,-0.106458,-0.133798],[0.169598,0.707875,0.685674],[0.0217168,-0.698269,0.715506]],[[0.985272,-0.137194,-0.102066],[0.0594383,0.834449,-0.54787],[0.160334,0.533734,0.830314]],[[0.985272,-0.137194,-0.102066],[-0.154774,-0.461756,-0.873399],[0.0726959,0.876333,-0.476189]],[[0.985272,-0.137194,-0.102066],[-0.166456,-0.906148,-0.388829],[-0.0391416,0.400092,-0.915639]]],"btipPosition":[74.6276,293.239,14.52],"carpPosition":[82.301,295.657,60.2576],"dipPosition":[73.9532,300.133,-1.25784],"direction":[-0.0726959,-0.876333,0.476189],"extended":false,"handId":383,"id":3834,"length":50.4953,"mcpPosition":[81.0421,336.134,18.7816],"pipPosition":[75.3746,317.268,-10.5687],"stabilizedTipPosition":[84.5864,276.363,77.2856],"timeVisible":0.533066,"tipPosition":[74.8713,294.558,11.4463],"tipVelocity":[-22.2451,25.2365,-216.259],"tool":false,"touchDistance":0.333333,"touchZone":"none","type":4,"width":16.0525}],"r":[[0.928847,0.217509,0.299889],[-0.214278,0.975779,-0.0440494],[-0.302206,-0.0233442,0.952957]],"s":1.35388,"t":[-29.8377,118.131,-172.492],"timestamp":521231481172},false],[5,{"currentFrameRate":107.219,"devices":[],"gestures":[],"hands":[{"armBasis":[[0.853836,0.446305,-0.267909],[-0.226335,0.781783,0.581023],[0.46876,-0.435461,0.768529]],"armWidth":63.7005,"confidence":0.633116,"direction":[-0.279047,0.717867,-0.637808],"elbow":[196.664,164.867,271.166],"grabStrength":0.134171,"id":383,"palmNormal":[0.160779,-0.619889,-0.768041],"palmPosition":[48.5536,316.067,26.4169],"palmVelocity":[7.2771,20.6318,-177.961],"palmWidth":90.9622,"pinchStrength":0.368293,"r":[[0.930231,0.210883,0.300332],[-0.20753,0.977265,-0.0434103],[-0.302658,-0.0219463,0.952847]],"s":1.34994,"sphereCenter":[46.2388,298.351,-19.147],"sphereRadius":46.0829,"stabilizedPalmPosition":[56.721,286.565,107.586],"t":[-29.6566,118.307,-173.978],"timeVisible":0.542234,"type":"right","wrist":[70.1376,282.406,63.7263]}],"id":4095598,"interactionBox":{"center":[0,200,0],"size":[235.247,235.247,147.751]},"pointables":[{"bases":[[[0.182703,0.822031,0.539338],[-0.724916,-0.257947,0.638717],[0.664166,-0.50767,0.548776]],[[-0.0725335,0.950669,0.301607],[-0.724847,-0.257964,0.638789],[0.685081,-0.172285,0.707801]],[[-0.0725335,0.950669,0.301607],[-0.901587,-0.191805,0.387751],[0.426473,-0.2438,0.871024]],[[-0.0725335,0.950669,0.301607],[-0.916023,0.0561186,-0.397181],[-0.394514,-0.305088,0.866764]]],"btipPosition":[6.35381,288.272,-26.0329],"carpPosition":[45.8471,264.227,59.2563],"dipPosition":[-2.87641,281.134,-5.75364],"direction":[-0.426473,0.2438,-0.871024],"extended":true,"handId":383,"id":3830,"length":52.1005,"mcpPosition":[45.8471,264.227,59.2563],"pipPosition":[11.66,272.824,23.9354],"stabilizedTipPosition":[6.60733,260.307,74.7337],"timeVisible":0.542234,"tipPosition":[3.20747,287.813,-20.6142],"tipVelocity":[6.09536,41.0656,-202.197],"tool":false,"touchDistance":-0.592755,"touchZone":"hovering","type":0,"width":20.2438},{"bases":[[[0.88643,0.432899,-0.163833],[-0.223386,0.710116,0.667708],[0.40539,-0.555278,0.726171]],[[0.869025,0.455347,-0.19353],[-0.402148,0.87793,0.259839],[0.288223,-0.147979,0.94606]],[[0.869025,0.455347,-0.19353],[-0.458765,0.888069,0.0294587],[0.185282,0.0631844,0.980652]],[[0.869025,0.455347,-0.19353],[-0.482528,0.866467,-0.128071],[0.10937,0.20468,0.972699]]],"btipPosition":[-1.18666,328.75,-67.3674],"carpPosition":[47.3526,286.578,66.9826],"dipPosition":[0.68143,332.246,-50.7533],"direction":[-0.185282,-0.0631844,-0.980652],"extended":true,"handId":383,"id":3831,"length":58.7895,"mcpPosition":[17.5373,327.417,13.5748],"pipPosition":[5.1584,333.773,-27.0578],"stabilizedTipPosition":[-0.0892122,302.44,22.1401],"timeVisible":0.542234,"tipPosition":[-1.49625,330.908,-63.1465],"tipVelocity":[47.4658,53.2016,-187.272],"tool":false,"touchDistance":-0.587809,"touchZone":"hovering","type":1,"width":19.3369},{"bases":[[[0.958056,0.226456,-0.175629],[-0.0613539,0.760716,0.646179],[0.279935,-0.6083,0.742703]],[[0.961101,0.219699,-0.167385],[-0.275847,0.794063,-0.541638],[0.0139175,0.566742,0.823778]],[[0.961101,0.219699,-0.167385],[-0.0476433,-0.465077,-0.883988],[-0.272058,0.857576,-0.436518]],[[0.961101,0.219699,-0.167385],[0.131637,-0.897138,-0.421681],[-0.242811,0.383244,-0.891161]]],"btipPosition":[49.6282,276.924,3.35168],"carpPosition":[57.5279,293.385,65.6962],"dipPosition":[45.0667,284.124,-13.3899],"direction":[0.272058,-0.857576,0.436518],"extended":false,"handId":383,"id":3832,"length":66.986,"mcpPosition":[38.0034,335.812,13.8952],"pipPosition":[37.3327,308.503,-25.7991],"stabilizedTipPosition":[55.427,271.122,37.7438],"timeVisible":0.542234,"tipPosition":[48.6368,278.287,-0.456324],"tipVelocity":[-30.3478,32.1798,-209.27],"tool":false,"touchDistance":0.333333,"touchZone":"none","type":2,"width":18.9914},{"bases":[[[0.99069,0.0764765,-0.112629],[0.0162067,0.755172,0.655326],[0.135171,-0.65105,0.746902]],[[0.991996,0.0699428,-0.105132],[-0.116751,0.825205,-0.552635],[0.0481027,0.560486,0.826766]],[[0.991996,0.0699428,-0.105132],[-0.0591818,-0.477947,-0.876393],[-0.111545,0.8756,-0.469982]],[[0.991996,0.0699428,-0.105132],[0.0238187,-0.921281,-0.388168],[-0.124006,0.382557,-0.915572]]],"btipPosition":[63.7438,281.677,9.93922],"carpPosition":[68.9516,297.336,63.5224],"dipPosition":[61.4275,288.822,-7.16211],"direction":[0.111545,-0.8756,0.469982],"extended":false,"handId":383,"id":3833,"length":64.4088,"mcpPosition":[60.487,338.105,16.7507],"pipPosition":[58.3385,313.071,-20.1776],"stabilizedTipPosition":[73.4829,264.152,76.1182],"timeVisible":0.542234,"tipPosition":[63.3154,283.094,7.05088],"tipVelocity":[-24.9981,22.7149,-222.291],"tool":false,"touchDistance":0.333333,"touchZone":"none","type":3,"width":18.0715},{"bases":[[[0.983288,-0.125224,-0.132146],[0.181976,0.697369,0.693226],[0.00534621,-0.705688,0.708502]],[[0.982455,-0.158215,-0.0987394],[0.0816099,0.840775,-0.535199],[0.167694,0.517751,0.838935]],[[0.982455,-0.158215,-0.0987394],[-0.160376,-0.446493,-0.880298],[0.0951901,0.880688,-0.464033]],[[0.982455,-0.158215,-0.0987394],[-0.18475,-0.897973,-0.399389],[-0.0254758,0.410624,-0.911449]]],"btipPosition":[74.3927,293.099,12.6452],"carpPosition":[82.0526,294.79,58.5915],"dipPosition":[73.9537,300.175,-3.06051],"direction":[-0.0951901,-0.880688,0.464033],"extended":false,"handId":383,"id":3834,"length":50.4953,"mcpPosition":[81.7427,335.697,17.5214],"pipPosition":[75.8149,317.395,-12.1337],"stabilizedTipPosition":[84.5836,276.368,77.2668],"timeVisible":0.542234,"tipPosition":[74.6836,294.424,9.61322],"tipVelocity":[-21.5408,15.2275,-212.475],"tool":false,"touchDistance":0.333333,"touchZone":"none","type":4,"width":16.0525}],"r":[[0.930231,0.210883,0.300332],[-0.20753,0.977265,-0.0434103],[-0.302658,-0.0219463,0.952847]],"s":1.34994,"t":[-29.6566,118.307,-173.978],"timestamp":521231490340},false],[6,{"currentFrameRate":107.467,"devices":[],"gestures":[],"hands":[{"armBasis":[[0.855955,0.440191,-0.271244],[-0.222832,0.787433,0.574713],[0.46657,-0.431486,0.772096]],"armWidth":63.7005,"confidence":0.646572,"direction":[-0.274538,0.723895,-0.632934],"elbow":[195.858,165.526,270.494],"grabStrength":0.140558,"id":383,"palmNormal":[0.155058,-0.616283,-0.772109],"palmPosition":[48.5404,316.045,25.0237],"palmVelocity":[4.9019,14.3747,-172.374],"palmWidth":90.9622,"pinchStrength":0.375211,"r":[[0.931696,0.203804,0.300678],[-0.20067,0.978774,-0.0416221],[-0.302778,-0.0215579,0.952817]],"s":1.34629,"sphereCenter":[46.2058,298.636,-20.6682],"sphereRadius":46.03,"stabilizedPalmPosition":[56.7202,286.568,107.578],"t":[-29.5727,118.384,-175.417],"timeVisible":0.551089,"type":"right","wrist":[69.923,281.991,62.0922]}],"id":4095599,"interactionBox":{"center":[0,200,0],"size":[235.247,235.247,147.751]},"pointables":[{"bases":[[[0.189613,0.817265,0.544174],[-0.725945,-0.256478,0.63814],[0.661098,-0.51604,0.544658]],[[-0.0671779,0.949869,0.305346],[-0.728258,-0.255872,0.635744],[0.682003,-0.179662,0.708938]],[[-0.0671779,0.949869,0.305346],[-0.903627,-0.187675,0.385015],[0.423019,-0.250054,0.870935]],[[-0.0671779,0.949869,0.305346],[-0.913006,0.0648978,-0.402751],[-0.402377,-0.305838,0.862876]]],"btipPosition":[6.45255,288.667,-27.7078],"carpPosition":[45.4906,264.023,57.5442],"dipPosition":[-2.96164,281.512,-7.51951],"direction":[-0.423019,0.250054,-0.870935],"extended":true,"handId":383,"id":3830,"length":52.1005,"mcpPosition":[45.4906,264.023,57.5442],"pipPosition":[11.4571,272.989,22.1665],"stabilizedTipPosition":[6.6072,260.309,74.7284],"timeVisible":0.551089,"tipPosition":[3.24346,288.179,-22.3014],"tipVelocity":[6.17033,41.9099,-199.303],"tool":false,"touchDistance":-0.58725,"touchZone":"hovering","type":0,"width":20.2438},{"bases":[[[0.889425,0.427255,-0.16241],[-0.217125,0.707599,0.672428],[0.402219,-0.562811,0.722124]],[[0.872504,0.449575,-0.19136],[-0.395961,0.880046,0.262172],[0.286272,-0.152975,0.945858]],[[0.872504,0.449575,-0.19136],[-0.452005,0.891394,0.0332993],[0.185548,0.057442,0.980955]],[[0.872504,0.449575,-0.19136],[-0.475756,0.870921,-0.123092],[0.111321,0.19844,0.973771]]],"btipPosition":[-1.08758,329.5,-68.6622],"carpPosition":[47.1745,286.314,65.4071],"dipPosition":[0.813817,332.889,-52.0298],"direction":[-0.185548,-0.057442,-0.980955],"extended":true,"handId":383,"id":3831,"length":58.7895,"mcpPosition":[17.5924,327.707,12.2969],"pipPosition":[5.29722,334.277,-28.327],"stabilizedTipPosition":[-0.0894247,302.45,22.1072],"timeVisible":0.551089,"tipPosition":[-1.38099,331.608,-64.434],"tipVelocity":[37.8755,60.9771,-176.027],"tool":false,"touchDistance":-0.576721,"touchZone":"hovering","type":1,"width":19.3369},{"bases":[[[0.959484,0.220359,-0.175592],[-0.0547484,0.757117,0.650981],[0.276393,-0.614993,0.738506]],[[0.962462,0.213591,-0.16747],[-0.270716,0.799757,-0.535818],[0.0194895,0.561042,0.827558]],[[0.962462,0.213591,-0.16747],[-0.0521648,-0.459949,-0.886412],[-0.266357,0.861874,-0.431541]],[[0.962462,0.213591,-0.16747],[0.124765,-0.896131,-0.42589],[-0.241041,0.389009,-0.889141]]],"btipPosition":[49.2823,277.103,1.73503],"carpPosition":[57.3987,293.052,64.1485],"dipPosition":[44.754,284.411,-14.9686],"direction":[0.266357,-0.861874,0.431541],"extended":false,"handId":383,"id":3832,"length":66.986,"mcpPosition":[38.1212,335.946,12.6401],"pipPosition":[37.1821,308.912,-27.2363],"stabilizedTipPosition":[55.4213,271.128,37.7126],"timeVisible":0.551089,"tipPosition":[48.2969,278.479,-2.07455],"tipVelocity":[-32.4754,29.682,-201.772],"tool":false,"touchDistance":0.333333,"touchZone":"none","type":2,"width":18.9914},{"bases":[[[0.991078,0.0697497,-0.113572],[0.022781,0.750935,0.659983],[0.131318,-0.656682,0.742647]],[[0.992326,0.0632689,-0.106241],[-0.111392,0.830401,-0.545917],[0.0536829,0.553562,0.831076]],[[0.992326,0.0632689,-0.106241],[-0.0641798,-0.47086,-0.87987],[-0.105693,0.879936,-0.463186]],[[0.992326,0.0632689,-0.106241],[0.0163549,-0.918792,-0.394403],[-0.122567,0.389638,-0.912776]]],"btipPosition":[63.4439,281.681,8.23316],"carpPosition":[68.8487,296.931,61.9828],"dipPosition":[61.1546,288.959,-8.81593],"direction":[0.105693,-0.879936,0.463186],"extended":false,"handId":383,"id":3833,"length":64.4088,"mcpPosition":[60.6254,338.053,15.4776],"pipPosition":[58.2276,313.328,-21.6432],"stabilizedTipPosition":[73.4809,264.156,76.1047],"timeVisible":0.551089,"tipPosition":[63.0191,283.119,5.33827],"tipVelocity":[-27.2083,17.6377,-213.9],"tool":false,"touchDistance":0.333333,"touchZone":"none","type":3,"width":18.0715},{"bases":[[[0.982137,-0.131764,-0.134332],[0.188164,0.691656,0.697285],[0.00103395,-0.710106,0.704095]],[[0.980914,-0.167772,-0.0982846],[0.0920163,0.845823,-0.525468],[0.17129,0.506395,0.845118]],[[0.980914,-0.167772,-0.0982846],[-0.163299,-0.436432,-0.884794],[0.105549,0.883957,-0.455499]],[[0.980914,-0.167772,-0.0982846],[-0.19343,-0.893463,-0.405351],[-0.019807,0.416626,-0.908862]]],"btipPosition":[74.0861,293.117,10.8966],"carpPosition":[81.9233,294.317,57.0174],"dipPosition":[73.7448,300.296,-4.76446],"direction":[-0.105549,-0.883957,0.455499],"extended":false,"handId":383,"id":3834,"length":50.4953,"mcpPosition":[81.8634,335.48,16.2028],"pipPosition":[75.8086,317.58,-13.6708],"stabilizedTipPosition":[84.5815,276.372,77.2532],"timeVisible":0.551089,"tipPosition":[74.4049,294.429,7.89756],"tipVelocity":[-24.3966,12.3795,-208.095],"tool":false,"touchDistance":0.333333,"touchZone":"none","type":4,"width":16.0525}],"r":[[0.931696,0.203804,0.300678],[-0.20067,0.978774,-0.0416221],[-0.302778,