{"sensorType":"Leap","data":[[0,{"currentFrameRate":106.6,"devices":[],"gestures":[],"hands":[{"armBasis":[[0.832838,0.479636,-0.27628],[-0.24932,0.770697,0.5864],[0.494187,-0.419494,0.761449]],"armWidth":63.7005,"confidence":0.76134,"direction":[-0.308152,0.586332,-0.749171],"elbow":[199.473,184.727,286.043],"grabStrength":0.0225668,"id":387,"palmNormal":[0.222663,-0.721167,-0.656002],"palmPosition":[43.3613,323.681,37.9371],"palmVelocity":[-32.8237,-54.092,-238.191],"palmWidth":90.9622,"pinchStrength":0.489571,"r":[[0.994626,-0.101134,0.022174],[0.103518,0.975342,-0.194914],[-0.00191489,0.196162,0.98057]],"s":0.902819,"sphereCenter":[52.5649,299.98,-6.57441],"sphereRadius":47.9331,"stabilizedPalmPosition":[57.8531,305.107,115.412],"t":[-35.013,111.018,-169.839],"timeVisible":0.488253,"type":"right","wrist":[66.083,297.955,80.5145]}],"id":4097321,"interactionBox":{"center":[0,200,0],"size":[235.247,235.247,147.751]},"pointables":[{"bases":[[[0.112896,0.907913,0.403669],[-0.723681,-0.203246,0.659527],[0.680838,-0.366585,0.634094]],[[-0.125994,0.978499,0.163294],[-0.775069,-0.199836,0.599444],[0.619188,-0.0510375,0.783583]],[[-0.125994,0.978499,0.163294],[-0.939732,-0.170464,0.296388],[0.317852,-0.116109,0.941004]],[[-0.125994,0.978499,0.163294],[-0.863021,-0.0269415,-0.504449],[-0.489204,-0.204484,0.84786]]],"btipPosition":[12.8945,288.937,-12.4065],"carpPosition":[43.1818,277.648,78.6073],"dipPosition":[1.44886,284.153,7.43043],"direction":[-0.317852,0.116109,-0.941004],"extended":false,"handId":387,"id":3870,"length":52.1005,"mcpPosition":[43.1818,277.648,78.6073],"pipPosition":[12.2829,280.195,39.5047],"stabilizedTipPosition":[23.3149,270.717,83.3206],"timeVisible":0.488253,"tipPosition":[10.1821,288.506,-6.84047],"tipVelocity":[-24.3503,-68.8544,-263.73],"tool":false,"touchDistance":-0.634139,"touchZone":"hovering","type":0,"width":20.2438},{"bases":[[[0.860043,0.46217,-0.21616],[-0.288299,0.789741,0.541473],[0.420963,-0.403371,0.812454]],[[0.882342,0.43877,-0.170159],[-0.413471,0.895447,0.164976],[0.224755,-0.0752089,0.971509]],[[0.882342,0.43877,-0.170159],[-0.444108,0.895943,0.00739331],[0.155697,0.0690455,0.985389]],[[0.882342,0.43877,-0.170159],[-0.458672,0.8827,-0.10228],[0.105322,0.168293,0.980094]]],"btipPosition":[-3.18429,329.346,-59.3523],"carpPosition":[42.9904,300.992,82.6773],"dipPosition":[-1.38535,332.221,-42.612],"direction":[-0.155697,-0.0690455,-0.985389],"extended":true,"handId":387,"id":3871,"length":58.7895,"mcpPosition":[12.0298,330.659,22.9236],"pipPosition":[2.37676,333.889,-18.802],"stabilizedTipPosition":[7.61016,310.452,37.6316],"timeVisible":0.488253,"tipPosition":[-2.87198,330.072,-55.3816],"tipVelocity":[0.929221,-57.3658,-257.3],"tool":false,"touchDistance":-0.651232,"touchZone":"hovering","type":1,"width":19.3369},{"bases":[[[0.945472,0.261975,-0.193527],[-0.129436,0.847459,0.514839],[0.298881,-0.461716,0.835158]],[[0.94379,0.264545,-0.19818],[-0.325376,0.637931,-0.697978],[-0.0582213,0.723229,0.68815]],[[0.94379,0.264545,-0.19818],[-0.0914101,-0.367289,-0.925604],[-0.317653,0.891692,-0.322462]],[[0.94379,0.264545,-0.19818],[0.0724947,-0.750622,-0.656743],[-0.322497,0.605461,-0.727608]]],"btipPosition":[49.7729,268.832,11.9155],"carpPosition":[52.7248,308.202,80.4881],"dipPosition":[43.7144,280.207,-1.75353],"direction":[0.317653,-0.891692,0.322462],"extended":false,"handId":387,"id":3872,"length":66.986,"mcpPosition":[31.8788,340.405,22.2386],"pipPosition":[34.6842,305.555,-10.9204],"stabilizedTipPosition":[62.8656,256.442,78.6002],"timeVisible":0.488253,"tipPosition":[48.4034,271.243,8.86215],"tipVelocity":[-21.994,-55.349,-221.584],"tool":false,"touchDistance":0.333333,"touchZone":"none","type":2,"width":18.9914},{"bases":[[[0.986198,0.126539,-0.106774],[-0.0519617,0.84886,0.526057],[0.157203,-0.513249,0.84372]],[[0.982581,0.137573,-0.124936],[-0.183988,0.62555,-0.758179],[-0.026151,0.767959,0.639965]],[[0.982581,0.137573,-0.124936],[-0.0566086,-0.418766,-0.906328],[-0.177005,0.897613,-0.403684]],[[0.982581,0.137573,-0.124936],[0.0315207,-0.785925,-0.617518],[-0.183145,0.602823,-0.776571]]],"btipPosition":[63.5644,274.265,22.1668],"carpPosition":[63.9178,312.545,77.9014],"dipPosition":[60.1436,285.525,7.66174],"direction":[0.177005,-0.897613,0.403684],"extended":false,"handId":387,"id":3873,"length":64.4088,"mcpPosition":[54.0736,344.685,25.067],"pipPosition":[55.2417,310.383,-3.51769],"stabilizedTipPosition":[77.6284,260.98,88.4706],"timeVisible":0.488253,"tipPosition":[62.7828,276.71,18.6265],"tipVelocity":[-25.0288,-54.3585,-201.894],"tool":false,"touchDistance":0.333333,"touchZone":"none","type":3,"width":18.0715},{"bases":[[[0.992703,-0.0757221,-0.0938471],[0.116155,0.809506,0.575506],[0.0323912,-0.582208,0.812395]],[[0.988828,-0.148747,0.009652],[0.10611,0.656954,-0.746426],[0.104688,0.739111,0.665398]],[[0.988828,-0.148747,0.009652],[-0.0488683,-0.384673,-0.921758],[0.140822,0.910989,-0.387645]],[[0.988828,-0.148747,0.009652],[-0.107789,-0.758273,-0.642965],[0.102958,0.634742,-0.765835]]],"btipPosition":[67.1844,289.041,23.8257],"carpPosition":[77.2902,310.168,73.6628],"dipPosition":[68.9585,299.978,10.6292],"direction":[-0.140822,-0.910989,0.387645],"extended":false,"handId":387,"id":3874,"length":50.4953,"mcpPosition":[75.4125,343.917,26.5704],"pipPosition":[71.712,317.791,3.04961],"stabilizedTipPosition":[80.4855,276.829,90.2208],"timeVisible":0.488253,"tipPosition":[67.3084,291.422,20.3202],"tipVelocity":[-19.0323,-56.4653,-210.018],"tool":false,"touchDistance":0.333333,"touchZone":"none","type":4,"width":16.0525}],"r":[[0.994626,-0.101134,0.022174],[0.103518,0.975342,-0.194914],[-0.00191489,0.196162,0.98057]],"s":0.902819,"t":[-35.013,111.018,-169.839],"timestamp":521249646984},false],[1,{"currentFrameRate":106.916,"devices":[],"gestures":[],"hands":[{"armBasis":[[0.83155,0.483383,-0.273616],[-0.253238,0.768356,0.587793],[0.494363,-0.419489,0.761337]],"armWidth":63.7005,"confidence":0.7703,"direction":[-0.308916,0.581085,-0.752935],"elbow":[199.362,184.546,284.874],"grabStrength":0.0227693,"id":387,"palmNormal":[0.228637,-0.723069,-0.651841],"palmPosition":[43.201,323.173,36.6046],"palmVelocity":[-28.9123,-55.113,-214.984],"palmWidth":90.9622,"pinchStrength":0.488211,"r":[[0.994614,-0.100385,0.0258064],[0.103507,0.974997,-0.19664],[-0.00542152,0.198252,0.980136]],"s":0.904523,"sphereCenter":[52.7731,299.339,-7.78509],"sphereRadius":47.9786,"stabilizedPalmPosition":[57.8478,305.113,115.384],"t":[-35.2167,110.379,-171.544],"timeVisible":0.497029,"type":"right","wrist":[65.9251,297.773,79.3761]}],"id":4097322,"interactionBox":{"center":[0,200,0],"size":[235.247,235.247,147.751]},"pointables":[{"bases":[[[0.106714,0.910422,0.399681],[-0.724676,-0.204011,0.658198],[0.680777,-0.359878,0.637989]],[[-0.133994,0.978657,0.155811],[-0.776857,-0.201351,0.596616],[0.615255,-0.0410996,0.787256]],[[-0.133994,0.978657,0.155811],[-0.938575,-0.175783,0.296948],[0.317999,-0.106451,0.942096]],[[-0.133994,0.978657,0.155811],[-0.864637,-0.0386337,-0.50091],[-0.484199,-0.201839,0.851359]]],"btipPosition":[12.9266,287.736,-13.8227],"carpPosition":[43.1398,277.334,77.4935],"dipPosition":[1.59808,283.013,6.09608],"direction":[-0.317999,0.106451,-0.942096],"extended":false,"handId":387,"id":3870,"length":52.1005,"mcpPosition":[43.1398,277.334,77.4935],"pipPosition":[12.4371,279.385,38.2076],"stabilizedTipPosition":[23.3115,270.722,83.2963],"timeVisible":0.497029,"tipPosition":[10.2858,287.372,-8.2696],"tipVelocity":[-15.9968,-86.6991,-235.644],"tool":false,"touchDistance":-0.620019,"touchZone":"hovering","type":0,"width":20.2438},{"bases":[[[0.858225,0.465775,-0.215644],[-0.294275,0.790741,0.536778],[0.420537,-0.397218,0.8157]],[[0.880474,0.442749,-0.169526],[-0.418869,0.893969,0.159273],[0.222069,-0.0692264,0.97257]],[[0.880474,0.442749,-0.169526],[-0.448962,0.893549,0.00187492],[0.15231,0.0744601,0.985524]],[[0.880474,0.442749,-0.169526],[-0.4631,0.879753,-0.107581],[0.10151,0.17323,0.979636]]],"btipPosition":[-3.07143,328.125,-60.8582],"carpPosition":[42.8097,300.696,81.4512],"dipPosition":[-1.33761,331.084,-44.1256],"direction":[-0.15231,-0.0744601,-0.985524],"extended":true,"handId":387,"id":3871,"length":58.7895,"mcpPosition":[11.8804,329.91,21.4588],"pipPosition":[2.34266,332.883,-20.3124],"stabilizedTipPosition":[7.60719,310.457,37.6043],"timeVisible":0.497029,"tipPosition":[-2.77102,328.87,-56.891],"tipVelocity":[3.67696,-78.7501,-234.318],"tool":false,"touchDistance":-0.637057,"touchZone":"hovering","type":1,"width":19.3369},{"bases":[[[0.944659,0.266155,-0.191784],[-0.135641,0.849189,0.510371],[0.298699,-0.456113,0.838296]],[[0.942932,0.268765,-0.196585],[-0.326726,0.632822,-0.701987],[-0.0642658,0.726155,0.68452]],[[0.942932,0.268765,-0.196585],[-0.0864188,-0.372624,-0.92395],[-0.321577,0.88821,-0.328132]],[[0.942932,0.268765,-0.196585],[0.0788354,-0.753771,-0.652391],[-0.32352,0.599662,-0.731942]]],"btipPosition":[49.9948,268.254,10.8845],"carpPosition":[52.5119,307.947,79.2584],"dipPosition":[43.917,279.519,-2.86596],"direction":[0.321577,-0.88821,0.328132],"extended":false,"handId":387,"id":3872,"length":66.986,"mcpPosition":[31.6786,339.759,20.7901],"pipPosition":[34.7753,304.769,-12.194],"stabilizedTipPosition":[62.8601,256.448,78.5731],"timeVisible":0.497029,"tipPosition":[48.6198,270.639,7.80481],"tipVelocity":[-9.42321,-58.9538,-194.178],"tool":false,"touchDistance":0.333333,"touchZone":"none","type":2,"width":18.9914},{"bases":[[[0.985838,0.131356,-0.104257],[-0.0582121,0.851062,0.521828],[0.157274,-0.508369,0.846656]],[[0.982237,0.142231,-0.122396],[-0.184832,0.620857,-0.761822],[-0.0323647,0.770913,0.636118]],[[0.982237,0.142231,-0.122396],[-0.0511286,-0.424731,-0.903875],[-0.180545,0.894077,-0.409915]],[[0.982237,0.142231,-0.122396],[0.038121,-0.789926,-0.612017],[-0.183732,0.596479,-0.781316]]],"btipPosition":[63.7183,273.838,21.201],"carpPosition":[63.6896,312.338,76.6865],"dipPosition":[60.2865,284.979,6.60733],"direction":[0.180545,-0.894077,0.409915],"extended":false,"handId":387,"id":3873,"length":64.4088,"mcpPosition":[53.841,344.173,23.6681],"pipPosition":[55.2866,309.739,-4.74466],"stabilizedTipPosition":[77.6224,260.986,88.4422],"timeVisible":0.497029,"tipPosition":[62.9356,276.247,17.6263],"tipVelocity":[-13.6676,-53.677,-177.834],"tool":false,"touchDistance":0.333333,"touchZone":"none","type":3,"width":18.0715},{"bases":[[[0.993391,-0.0708034,-0.0903431],[0.109955,0.812853,0.571996],[0.0329364,-0.578149,0.815266]],[[0.98981,-0.141937,0.0114321],[0.10248,0.654303,-0.749257],[0.0988673,0.742793,0.662181]],[[0.98981,-0.141937,0.0114321],[-0.0453927,-0.390605,-0.919439],[0.134968,0.90955,-0.393067]],[[0.98981,-0.141937,0.0114321],[-0.102093,-0.763333,-0.637886],[0.0992662,0.630219,-0.770046]]],"btipPosition":[67.3345,288.627,22.7903],"carpPosition":[77.088,310.014,72.5016],"dipPosition":[69.045,299.487,9.52125],"direction":[-0.134968,-0.90955,0.393067],"extended":false,"handId":387,"id":3874,"length":50.4953,"mcpPosition":[75.1788,343.528,25.2427],"pipPosition":[71.684,317.271,1.83567],"stabilizedTipPosition":[80.4818,276.833,90.2004],"timeVisible":0.497029,"tipPosition":[67.4331,290.983,19.2692],"tipVelocity":[-9.76873,-54.5053,-185.792],"tool":false,"touchDistance":0.333333,"touchZone":"none","type":4,"width":16.0525}],"r":[[0.994614,-0.100385,0.0258064],[0.103507,0.974997,-0.19664],[-0.00542152,0.198252,0.980136]],"s":0.904523,"t":[-35.2167,110.379,-171.544],"timestamp":521249655760},false],[2,{"currentFrameRate":107.058,"devices":[],"gestures":[],"hands":[{"armBasis":[[0.835701,0.47948,-0.267775],[-0.251843,0.767886,0.589004],[0.488036,-0.424794,0.762477]],"armWidth":63.7005,"confidence":0.780272,"direction":[-0.306593,0.575046,-0.758501],"elbow":[197.461,183.083,283.905],"grabStrength":0.0230396,"id":387,"palmNormal":[0.23036,-0.728361,-0.645309],"palmPosition":[43.1377,322.801,35.0581],"palmVelocity":[-22.8397,-51.221,-202.622],"palmWidth":90.9622,"pinchStrength":0.484578,"r":[[0.994574,-0.0997795,0.0294511],[0.103663,0.974392,-0.199535],[-0.00878746,0.201505,0.979448]],"s":0.906185,"sphereCenter":[52.9403,298.639,-9.13006],"sphereRadius":48.0288,"stabilizedPalmPosition":[57.8428,305.119,115.357],"t":[-35.3501,109.873,-173.169],"timeVisible":0.50611,"type":"right","wrist":[65.7316,297.742,78.0992]}],"id":4097323,"interactionBox":{"center":[0,200,0],"size":[235.247,235.247,147.751]},"pointables":[{"bases":[[[0.105766,0.913599,0.392619],[-0.726631,-0.198533,0.657717],[0.678838,-0.354853,0.642852]],[[-0.136485,0.97997,0.145019],[-0.779756,-0.196566,0.594426],[0.611025,-0.0319493,0.790966]],[[-0.136485,0.97997,0.145019],[-0.938078,-0.174902,0.299029],[0.318404,-0.0952263,0.94316]],[[-0.136485,0.97997,0.145019],[-0.866894,-0.0473011,-0.496243],[-0.479443,-0.193446,0.855986]]],"btipPosition":[12.82,286.659,-15.3301],"carpPosition":[42.9471,277.293,76.3158],"dipPosition":[1.60269,282.133,4.69689],"direction":[-0.318404,0.0952263,-0.94316],"extended":false,"handId":387,"id":3870,"length":52.1005,"mcpPosition":[42.9471,277.293,76.3158],"pipPosition":[12.4556,278.888,36.8447],"stabilizedTipPosition":[23.3068,270.727,83.2625],"timeVisible":0.50611,"tipPosition":[10.2576,286.393,-9.78853],"tipVelocity":[-14.0407,-94.1292,-215.617],"tool":false,"touchDistance":-0.608589,"touchZone":"hovering","type":0,"width":20.2438},{"bases":[[[0.858956,0.463837,-0.216907],[-0.295648,0.795115,0.529513],[0.418074,-0.390701,0.820102]],[[0.881022,0.441229,-0.170639],[-0.419199,0.895304,0.150676],[0.219257,-0.0612173,0.973745]],[[0.881022,0.441229,-0.170639],[-0.448777,0.893621,-0.00638783],[0.149668,0.0822067,0.985313]],[[0.881022,0.441229,-0.170639],[-0.462593,0.879018,-0.115481],[0.0990413,0.180678,0.978543]]],"btipPosition":[-2.8622,326.978,-62.5762],"carpPosition":[42.611,300.686,80.0836],"dipPosition":[-1.17054,330.064,-45.8623],"direction":[-0.149668,-0.0822067,-0.985313],"extended":true,"handId":387,"id":3871,"length":58.7895,"mcpPosition":[11.8628,329.421,19.7674],"pipPosition":[2.4459,332.05,-22.0542],"stabilizedTipPosition":[7.60354,310.463,37.5694],"timeVisible":0.50611,"tipPosition":[-2.56618,327.751,-58.6156],"tipVelocity":[8.73898,-91.0217,-221.964],"tool":false,"touchDistance":-0.62752,"touchZone":"hovering","type":1,"width":19.3369},{"bases":[[[0.945274,0.264398,-0.191184],[-0.136925,0.853315,0.503096],[0.296158,-0.449386,0.842818]],[[0.943467,0.267108,-0.196272],[-0.324736,0.626131,-0.708877],[-0.0664551,0.732539,0.677474]],[[0.943467,0.267108,-0.196272],[-0.0830273,-0.382817,-0.920086],[-0.320899,0.884367,-0.338998]],[[0.943467,0.267108,-0.196272],[0.081602,-0.76108,-0.643505],[-0.321264,0.59111,-0.73985]]],"btipPosition":[50.0252,267.718,9.96805],"carpPosition":[52.3212,307.918,77.8604],"dipPosition":[43.9898,278.822,-3.93097],"direction":[0.320899,-0.884367,0.338998],"extended":false,"handId":387,"id":3872,"length":66.986,"mcpPosition":[31.6652,339.261,19.0766],"pipPosition":[34.8674,303.963,-13.5679],"stabilizedTipPosition":[62.8542,256.454,78.5433],"timeVisible":0.50611,"tipPosition":[48.6462,270.067,6.79177],"tipVelocity":[-5.59187,-60.1092,-169.416],"tool":false,"touchDistance":0.333333,"touchZone":"none","type":2,"width":18.9914},{"bases":[[[0.986167,0.130302,-0.10245],[-0.0595285,0.855264,0.514762],[0.154696,-0.501543,0.85119]],[[0.982637,0.140988,-0.120613],[-0.182395,0.614846,-0.767265],[-0.0340168,0.775942,0.629886]],[[0.982637,0.140988,-0.120613],[-0.0484898,-0.43233,-0.900411],[-0.179091,0.890625,-0.417987]],[[0.982637,0.140988,-0.120613],[0.0398374,-0.795225,-0.605005],[-0.181213,0.589695,-0.787034]]],"btipPosition":[63.6839,273.355,20.1248],"carpPosition":[63.5074,312.285,75.2855],"dipPosition":[60.2992,284.37,5.42439],"direction":[0.179091,-0.890625,0.417987],"extended":false,"handId":387,"id":3873,"length":64.4088,"mcpPosition":[53.8201,343.692,21.9833],"pipPosition":[55.3395,309.034,-6.15114],"stabilizedTipPosition":[77.6162,260.992,88.412],"timeVisible":0.50611,"tipPosition":[62.914,275.731,16.5274],"tipVelocity":[-10.6021,-54.4156,-162.167],"tool":false,"touchDistance":0.333333,"touchZone":"none","type":3,"width":18.0715},{"bases":[[[0.993632,-0.0717395,-0.0868815],[0.108484,0.817426,0.565726],[0.0304343,-0.571549,0.820004]],[[0.989972,-0.14063,0.0133608],[0.102281,0.64834,-0.754449],[0.0974356,0.748251,0.656222]],[[0.989972,-0.14063,0.0133608],[-0.0444176,-0.399667,-0.915583],[0.134098,0.905809,-0.401906]],[[0.989972,-0.14063,0.0133608],[-0.100894,-0.770097,-0.629897],[0.0988713,0.622233,-0.776564]]],"btipPosition":[67.3832,288.173,21.6684],"carpPosition":[76.9173,309.924,71.1586],"dipPosition":[69.087,298.895,8.28702],"direction":[-0.134098,-0.905809,0.401906],"extended":false,"handId":387,"id":3874,"length":50.4953,"mcpPosition":[75.1531,343.056,23.625],"pipPosition":[71.7089,316.606,0.428625],"stabilizedTipPosition":[80.4779,276.837,90.1789],"timeVisible":0.50611,"tipPosition":[67.4696,290.491,18.1167],"tipVelocity":[-5.62739,-54.2234,-169.357],"tool":false,"touchDistance":0.333333,"touchZone":"none","type":4,"width":16.0525}],"r":[[0.994574,-0.0997795,0.0294511],[0.103663,0.974392,-0.199535],[-0.00878746,0.201505,0.979448]],"s":0.906185,"t":[-35.3501,109.873,-173.169],"timestamp":521249664841},false],[3,{"currentFrameRate":107.148,"devices":[],"gestures":[],"hands":[{"armBasis":[[0.838293,0.477064,-0.263962],[-0.252782,0.769034,0.587102],[0.48308,-0.425438,0.765268]],"armWidth":63.7005,"confidence":0.784139,"direction":[-0.304337,0.572438,-0.761376],"elbow":[196.008,182.495,283.687],"grabStrength":0.0233341,"id":387,"palmNormal":[0.232005,-0.730677,-0.642094],"palmPosition":[43.1489,322.24,33.9351],"palmVelocity":[-16.1287,-53.9904,-180.272],"palmWidth":90.9622,"pinchStrength":0.479985,"r":[[0.99451,-0.0993072,0.0329929],[0.103952,0.973754,-0.202476],[-0.0120197,0.204794,0.978731]],"s":0.907969,"sphereCenter":[53.1778,297.959,-10.1619],"sphereRadius":48.0876,"stabilizedPalmPosition":[57.8379,305.125,115.329],"t":[-35.4112,109.34,-174.544],"timeVisible":0.515278,"type":"right","wrist":[65.6165,297.329,77.1273]}],"id":4097324,"interactionBox":{"center":[0,200,0],"size":[235.247,235.247,147.751]},"pointables":[{"bases":[[[0.104869,0.914953,0.389696],[-0.728516,-0.196061,0.656372],[0.676954,-0.352733,0.645997]],[[-0.139518,0.98055,0.138042],[-0.782799,-0.194591,0.591066],[0.606432,-0.0255949,0.794723]],[[-0.139518,0.98055,0.138042],[-0.937037,-0.175807,0.301751],[0.32015,-0.087251,0.94334]],[[-0.139518,0.98055,0.138042],[-0.869945,-0.0547846,-0.490096],[-0.473001,-0.188466,0.860669]]],"btipPosition":[12.7243,285.539,-16.5971],"carpPosition":[42.8325,276.878,75.352],"dipPosition":[1.65776,281.129,3.53947],"direction":[-0.32015,0.087251,-0.94334],"extended":false,"handId":387,"id":3870,"length":52.1005,"mcpPosition":[42.8325,276.878,75.352],"pipPosition":[12.5701,278.155,35.6934],"stabilizedTipPosition":[23.2997,270.734,83.211],"timeVisible":0.515278,"tipPosition":[10.2625,285.363,-11.0609],"tipVelocity":[-11.9803,-101.15,-193.256],"tool":false,"touchDistance":-0.59469,"touchZone":"hovering","type":0,"width":20.2438},{"bases":[[[0.859665,0.462887,-0.216129],[-0.296953,0.797037,0.525881],[0.415687,-0.387901,0.82264]],[[0.881527,0.440514,-0.169874],[-0.419523,0.895896,0.146189],[0.216588,-0.0576039,0.974562]],[[0.881527,0.440514,-0.169874],[-0.448538,0.893707,-0.0100562],[0.147388,0.0850597,0.985414]],[[0.881527,0.440514,-0.169874],[-0.462041,0.878904,-0.118517],[0.0970943,0.182965,0.978313]]],"btipPosition":[-2.60356,326.107,-63.8437],"carpPosition":[42.491,300.284,79.0365],"dipPosition":[-0.945152,329.232,-47.1337],"direction":[-0.147388,-0.0850597,-0.985415],"extended":true,"handId":387,"id":3871,"length":58.7895,"mcpPosition":[11.9185,328.813,18.5336],"pipPosition":[2.61618,331.287,-23.3231],"stabilizedTipPosition":[7.59882,310.471,37.5225],"timeVisible":0.515278,"tipPosition":[-2.30368,326.88,-59.8866],"tipVelocity":[13.9374,-91.8593,-198.641],"tool":false,"touchDistance":-0.612126,"touchZone":"hovering","type":1,"width":19.3369},{"bases":[[[0.945865,0.263522,-0.189462],[-0.138143,0.855109,0.499704],[0.293694,-0.44648,0.845222]],[[0.943988,0.266341,-0.194806],[-0.322765,0.622497,-0.712966],[-0.0686261,0.735908,0.673595]],[[0.943988,0.266341,-0.194806],[-0.0795221,-0.389338,-0.917656],[-0.320254,0.881748,-0.34635]],[[0.943988,0.266341,-0.194806],[0.084528,-0.765836,-0.637456],[-0.31897,0.585285,-0.745453]]],"btipPosition":[50.1281,267.125,9.25628],"carpPosition":[52.2091,307.506,76.8151],"dipPosition":[44.1358,278.12,-4.748],"direction":[0.320254,-0.881748,0.34635],"extended":false,"handId":387,"id":3872,"length":66.986,"mcpPosition":[31.7249,338.646,17.8637],"pipPosition":[35.0317,303.186,-14.5939],"stabilizedTipPosition":[62.8471,256.46,78.5068],"timeVisible":0.515278,"tipPosition":[48.7453,269.448,5.98484],"tipVelocity":[-0.600374,-62.1488,-144.554],"tool":false,"touchDistance":0.333333,"touchZone":"none","type":2,"width":18.9914},{"bases":[[[0.986479,0.12973,-0.100143],[-0.0607796,0.857083,0.51158],[0.152198,-0.498577,0.85338]],[[0.983024,0.14029,-0.118246],[-0.179984,0.612208,-0.76994],[-0.0356238,0.778152,0.627065]],[[0.983024,0.14029,-0.118246],[-0.0457888,-0.436501,-0.898538],[-0.17767,0.888699,-0.422668]],[[0.983024,0.14029,-0.118246],[0.0416652,-0.798329,-0.600779],[-0.178682,0.585653,-0.790622]]],"btipPosition":[63.7216,272.776,19.2811],"carpPosition":[63.4034,311.862,74.2562],"dipPosition":[60.3841,283.715,4.51359],"direction":[0.17767,-0.888699,0.422668],"extended":false,"handId":387,"id":3873,"length":64.4088,"mcpPosition":[53.8726,343.083,20.8169],"pipPosition":[55.4638,308.326,-7.19157],"stabilizedTipPosition":[77.6092,260.999,88.3771],"timeVisible":0.515278,"tipPosition":[62.964,275.126,15.6591],"tipVelocity":[-6.16998,-57.3784,-143.075],"tool":false,"touchDistance":0.333333,"touchZone":"none","type":3,"width":18.0715},{"bases":[[[0.993856,-0.0722573,-0.0838427],[0.107081,0.819389,0.563147],[0.0280083,-0.568665,0.822092]],[[0.990148,-0.139286,0.0143901],[0.10184,0.645778,-0.756703],[0.0961052,0.750713,0.653601]],[[0.990148,-0.139286,0.0143901],[-0.0436358,-0.404569,-0.913466],[0.133055,0.903838,-0.406661]],[[0.990148,-0.139286,0.0143901],[-0.0997861,-0.773958,-0.625325],[0.0982364,0.617728,-0.780232]]],"btipPosition":[67.5093,287.594,20.8128],"carpPosition":[76.8243,309.484,70.1752],"dipPosition":[69.202,298.239,7.36823],"direction":[-0.133055,-0.903838,0.406661],"extended":false,"handId":387,"id":3874,"length":50.4953,"mcpPosition":[75.2008,342.448,22.5206],"pipPosition":[71.8036,315.911,-0.583133],"stabilizedTipPosition":[80.4736,276.842,90.1537],"timeVisible":0.515278,"tipPosition":[67.5815,289.89,17.2408],"tipVelocity":[-0.30087,-57.2493,-148.592],"tool":false,"touchDistance":0.333333,"touchZone":"none","type":4,"width":16.0525}],"r":[[0.99451,-0.0993072,0.0329929],[0.103952,0.973754,-0.202476],[-0.0120197,0.204794,0.978731]],"s":0.907969,"t":[-35.4112,109.34,-174.544],"timestamp":521249674009},false],[4,{"currentFrameRate":107.405,"devices":[],"gestures":[],"hands":[{"armBasis":[[0.833772,0.481992,-0.269272],[-0.255257,0.768985,0.586094],[0.489559,-0.419935,0.76419]],"armWidth":63.7005,"confidence":0.791712,"direction":[-0.301652,0.573856,-0.761377],"elbow":[197.614,183.408,282.118],"grabStrength":0.0232511,"id":387,"palmNormal":[0.234132,-0.729536,-0.642619],"palmPosition":[43.1568,321.749,32.626],"palmVelocity":[-11.524,-54.4134,-171.551],"palmWidth":90.9622,"pinchStrength":0.477275,"r":[[0.994423,-0.0989553,0.0364733],[0.104351,0.973309,-0.204401],[-0.0152732,0.207067,0.978207]],"s":0.909873,"sphereCenter":[53.3932,297.576,-11.4903],"sphereRadius":48.1363,"stabilizedPalmPosition":[57.8332,305.13,115.303],"t":[-35.4378,108.828,-175.886],"timeVisible":0.524121,"type":"right","wrist":[65.4729,296.756,75.85]}],"id":4097325,"interactionBox":{"center":[0,200,0],"size":[235.247,235.247,147.751]},"pointables":[{"bases":[[[0.103629,0.914231,0.391718],[-0.730792,-0.197169,0.653504],[0.674688,-0.353986,0.647681]],[[-0.142176,0.980344,0.136789],[-0.785942,-0.195814,0.586474],[0.601732,-0.0241261,0.798334]],[[-0.142176,0.980344,0.136789],[-0.93661,-0.177947,0.301822],[0.320231,-0.0852064,0.9435]],[[-0.142176,0.980344,0.136789],[-0.871836,-0.0585875,-0.486281],[-0.468708,-0.188395,0.863029]]],"btipPosition":[12.716,284.828,-18.2309],"carpPosition":[42.6929,276.312,73.959],"dipPosition":[1.74992,280.42,1.96095],"direction":[-0.320231,0.0852064,-0.9435],"extended":false,"handId":387,"id":3870,"length":52.1005,"mcpPosition":[42.6929,276.312,73.959],"pipPosition":[12.6651,277.516,34.1203],"stabilizedTipPosition":[23.2909,270.743,83.1461],"timeVisible":0.524121,"tipPosition":[10.3208,284.687,-12.7089],"tipVelocity":[-8.28593,-95.528,-190.567],"tool":false,"touchDistance":-0.58787,"touchZone":"hovering","type":0,"width":20.2438},{"bases":[[[0.860455,0.463179,-0.212328],[-0.298673,0.796115,0.526304],[0.41281,-0.389444,0.82336]],[[0.882044,0.440846,-0.166295],[-0.420023,0.89562,0.146442],[0.213495,-0.0593209,0.975141]],[[0.882044,0.440846,-0.166295],[-0.448331,0.893828,-0.00846135],[0.144909,0.0820183,0.98604]],[[0.882044,0.440846,-0.166295],[-0.461467,0.879539,-0.116015],[0.0951178,0.17907,0.979228]]],"btipPosition":[-2.31526,325.861,-65.3037],"carpPosition":[42.3413,299.711,77.6849],"dipPosition":[-0.690608,328.92,-48.5781],"direction":[-0.144909,-0.0820183,-0.98604],"extended":true,"handId":387,"id":3871,"length":58.7895,"mcpPosition":[11.9803,328.354,17.1292],"pipPosition":[2.81082,330.901,-24.7524],"stabilizedTipPosition":[7.59398,310.479,37.4722],"timeVisible":0.524121,"tipPosition":[-2.00067,326.596,-61.3468],"tipVelocity":[18.7489,-74.9998,-189.461],"tool":false,"touchDistance":-0.601094,"touchZone":"hovering","type":1,"width":19.3369},{"bases":[[[0.94654,0.263755,-0.185727],[-0.139767,0.854216,0.50078],[0.290734,-0.44805,0.845414]],[[0.944651,0.266631,-0.191159],[-0.320298,0.62341,-0.713281],[-0.0710119,0.73503,0.674306]],[[0.944651,0.266631,-0.191159],[-0.0759805,-0.389025,-0.918088],[-0.319156,0.881798,-0.347235]],[[0.944651,0.266631,-0.191159],[0.0871944,-0.765755,-0.637194],[-0.316277,0.585258,-0.746621]]],"btipPosition":[50.2263,266.705,7.95068],"carpPosition":[52.0678,306.935,75.5101],"dipPosition":[44.2847,277.7,-6.07553],"direction":[0.319156,-0.881798,0.347235],"extended":false,"handId":387,"id":3872,"length":66.986,"mcpPosition":[31.79,338.185,16.5453],"pipPosition":[35.2118,302.768,-15.9466],"stabilizedTipPosition":[62.8397,256.467,78.4679],"timeVisible":0.524121,"tipPosition":[48.8508,269.029,4.64725],"tipVelocity":[2.92327,-58.1693,-145.544],"tool":false,"touchDistance":0.333333,"touchZone":"none","type":2,"width":18.9914},{"bases":[[[0.986833,0.129796,-0.0965118],[-0.062445,0.856159,0.512925],[0.149205,-0.500145,0.852991]],[[0.983485,0.14026,-0.114386],[-0.176952,0.612436,-0.770461],[-0.0380111,0.777978,0.627141]],[[0.983485,0.14026,-0.114386],[-0.0418684,-0.438548,-0.897732],[-0.17608,0.887695,-0.425433]],[[0.983485,0.14026,-0.114386],[0.044517,-0.800054,-0.598274],[-0.175429,0.583301,-0.793085]]],"btipPosition":[63.7787,272.387,18.1661],"carpPosition":[63.2713,311.295,72.9977],"dipPosition":[60.502,283.282,3.35262],"direction":[0.17608,-0.887695,0.425433],"extended":false,"handId":387,"id":3873,"length":64.4088,"mcpPosition":[53.9279,342.615,19.5827],"pipPosition":[55.6257,307.866,-8.42913],"stabilizedTipPosition":[77.6019,261.006,88.3405],"timeVisible":0.524121,"tipPosition":[63.0321,274.717,14.4718],"tipVelocity":[-2.32619,-54.072,-138.803],"tool":false,"touchDistance":0.333333,"touchZone":"none","type":3,"width":18.0715},{"bases":[[[0.99413,-0.072221,-0.0805533],[0.105233,0.818352,0.565001],[0.025116,-0.570162,0.821148]],[[0.990294,-0.138112,0.0155988],[0.102131,0.646952,-0.75566],[0.0942744,0.749919,0.654778]],[[0.990294,-0.138112,0.0155988],[-0.0420944,-0.404982,-0.913355],[0.132463,0.903833,-0.406865]],[[0.990294,-0.138112,0.0155988],[-0.0982015,-0.774678,-0.624684],[0.0983607,0.617089,-0.780722]]],"btipPosition":[67.6326,287.159,19.6217],"carpPosition":[76.7059,308.923,68.9586],"dipPosition":[69.3275,297.793,6.16869],"direction":[-0.132463,-0.903833,0.406865],"extended":false,"handId":387,"id":3874,"length":50.4953,"mcpPosition":[75.25,341.974,21.3587],"pipPosition":[71.9176,315.465,-1.78667],"stabilizedTipPosition":[80.469,276.847,90.1266],"timeVisible":0.524121,"tipPosition":[67.6987,289.452,16.0348],"tipVelocity":[3.56974,-55.1507,-144.892],"tool":false,"touchDistance":0.333333,"touchZone":"none","type":4,"width":16.0525}],"r":[[0.994423,-0.0989553,0.0364733],[0.104351,0.973309,-0.204401],[-0.0152732,0.207067,0.978207]],"s":0.909873,"t":[-35.4378,108.828,-175.886],"timestamp":521249682852},false],[5,{"currentFrameRate":107.464,"devices":[],"gestures":[],"hands":[{"armBasis":[[0.833711,0.481593,-0.270175],[-0.255196,0.769913,0.584901],[0.489696,-0.418691,0.764785]],"armWidth":63.7005,"confidence":0.798547,"direction":[-0.297539,0.575221,-0.761965],"elbow":[197.534,183.415,281.288],"grabStrength":0.0225927,"id":387,"palmNormal":[0.234064,-0.729803,-0.642341],"palmPosition":[43.2522,321.512,31.5804],"palmVelocity":[-5.39966,-46.3914,-155.365],"palmWidth":90.9622,"pinchStrength":0.476791,"r":[[0.994263,-0.0992515,0.0398806],[0.105373,0.972916,-0.205746],[-0.0183799,0.208768,0.977793]],"s":0.911553,"sphereCenter":[53.5827,297.357,-12.5263],"sphereRadius":48.1598,"stabilizedPalmPosition":[57.8286,305.136,115.277],"t":[-35.4034,108.453,-177.079],"timeVisible":0.533319,"type":"right","wrist":[65.3568,296.427,74.8593]}],"id":4097326,"interactionBox":{"center":[0,200,0],"size":[235.247,235.247,147.751]},"pointables":[{"bases":[[[0.105035,0.913674,0.392643],[-0.733453,-0.195458,0.651032],[0.671576,-0.356366,0.649607]],[[-0.141066,0.980683,0.135504],[-0.789272,-0.194029,0.582583],[0.597621,-0.0247666,0.801396]],[[-0.141066,0.980683,0.135504],[-0.937274,-0.176368,0.300686],[0.318776,-0.0845875,0.944048]],[[-0.141066,0.980683,0.135504],[-0.872077,-0.0583078,-0.485882],[-0.468596,-0.186711,0.863456]]],"btipPosition":[12.7988,284.538,-19.4893],"carpPosition":[42.5236,276.05,72.8821],"dipPosition":[1.83535,280.169,0.712514],"direction":[-0.318776,0.0845875,-0.944048],"extended":false,"handId":387,"id":3870,"length":52.1005,"mcpPosition":[42.5236,276.05,72.8821],"pipPosition":[12.7009,277.286,32.8906],"stabilizedTipPosition":[23.2809,270.753,83.0709],"timeVisible":0.533319,"tipPosition":[10.4143,284.411,-13.9914],"tipVelocity":[-3.43235,-77.3586,-175.463],"tool":false,"touchDistance":-0.576258,"touchZone":"hovering","type":0,"width":20.2438},{"bases":[[[0.862476,0.460806,-0.20927],[-0.298038,0.796643,0.525864],[0.409035,-0.391174,0.824423]],[[0.883715,0.438538,-0.163498],[-0.417931,0.896656,0.14609],[0.210667,-0.0607713,0.975667]],[[0.883715,0.438538,-0.163498],[-0.44557,0.895219,-0.00715183],[0.14323,0.0791699,0.986518]],[[0.883715,0.438538,-0.163498],[-0.458425,0.881445,-0.113582],[0.0943042,0.175326,0.979983]]],"btipPosition":[-1.97476,325.92,-66.4918],"carpPosition":[42.2282,299.448,76.6221],"dipPosition":[-0.364009,328.915,-49.7533],"direction":[-0.14323,-0.0791699,-0.986518],"extended":true,"handId":387,"id":3871,"length":58.7895,"mcpPosition":[12.1449,328.218,15.9881],"pipPosition":[3.09686,330.828,-25.9161],"stabilizedTipPosition":[7.5894,310.487,37.4224],"timeVisible":0.533319,"tipPosition":[-1.63268,326.605,-62.537],"tipVelocity":[23.7615,-52.6717,-172.507],"tool":false,"touchDistance":-0.587095,"touchZone":"hovering","type":1,"width":19.3369},{"bases":[[[0.947895,0.261115,-0.182523],[-0.138883,0.854298,0.500886],[0.286718,-0.449438,0.846049]],[[0.946011,0.264031,-0.188019],[-0.316271,0.624898,-0.713775],[-0.0709659,0.734704,0.674666]],[[0.946011,0.264031,-0.188019],[-0.0740354,-0.388719,-0.918377],[-0.315566,0.882715,-0.348185]],[[0.946011,0.264031,-0.188019],[0.087285,-0.766147,-0.636711],[-0.312161,0.585924,-0.747829]]],"btipPosition":[50.2396,266.489,6.91185],"carpPosition":[51.9826,306.645,74.4832],"dipPosition":[44.3753,277.496,-7.13706],"direction":[0.315566,-0.882715,0.348185],"extended":false,"handId":387,"id":3872,"length":66.986,"mcpPosition":[31.9849,337.992,15.4741],"pipPosition":[35.4045,302.59,-17.0352],"stabilizedTipPosition":[62.8322,256.474,78.4277],"timeVisible":0.533319,"tipPosition":[48.8821,268.812,3.59811],"tipVelocity":[3.0513,-48.3862,-136.584],"tool":false,"touchDistance":0.333333,"touchZone":"none","type":2,"width":18.9914},{"bases":[[[0.98751,0.126982,-0.0932671],[-0.0615947,0.856008,0.51328],[0.145015,-0.501125,0.853138]],[[0.984269,0.137413,-0.111053],[-0.172634,0.614281,-0.769972],[-0.0375868,0.777031,0.62834]],[[0.984269,0.137413,-0.111053],[-0.0402222,-0.437776,-0.898184],[-0.172039,0.888521,-0.425363]],[[0.984269,0.137413,-0.111053],[0.0442292,-0.800186,-0.598119],[-0.171052,0.583798,-0.793675]]],"btipPosition":[63.7639,272.137,17.1242],"carpPosition":[63.2067,310.974,72.0095],"dipPosition":[60.569,283.042,2.29966],"direction":[0.172039,-0.888521,0.425363],"extended":false,"handId":387,"id":3873,"length":64.4088,"mcpPosition":[54.1258,342.355,18.5852],"pipPosition":[55.8046,307.648,-9.48014],"stabilizedTipPosition":[77.5945,261.013,88.3025],"timeVisible":0.533319,"tipPosition":[63.041,274.462,13.4486],"tipVelocity":[-1.55237,-46.4744,-131.741],"tool":false,"touchDistance":0.333333,"touchZone":"none","type":3,"width":18.0715},{"bases":[[[0.994169,-0.0750658,-0.0774169],[0.105804,0.817679,0.565868],[0.0208248,-0.57076,0.820853]],[[0.990042,-0.139761,0.0168399],[0.104185,0.647015,-0.755326],[0.0946698,0.749559,0.655133]],[[0.990042,-0.139761,0.0168399],[-0.0418724,-0.406582,-0.912654],[0.134401,0.902861,-0.408385]],[[0.990042,-0.139761,0.0168399],[-0.0989694,-0.776118,-0.622773],[0.100109,0.614905,-0.782221]]],"btipPosition":[67.7407,286.906,18.7351],"carpPosition":[76.6473,308.565,68.0118],"dipPosition":[69.4658,297.501,5.25624],"direction":[-0.134401,-0.902861,0.408385],"extended":false,"handId":387,"id":3874,"length":50.4953,"mcpPosition":[75.4401,341.65,20.4291],"pipPosition":[72.0937,315.155,-2.72884],"stabilizedTipPosition":[80.4641,276.852,90.0969],"timeVisible":0.533319,"tipPosition":[67.8085,289.186,15.1293],"tipVelocity":[6.06906,-47.703,-131.507],"tool":false,"touchDistance":0.333333,"touchZone":"none","type":4,"width":16.0525}],"r":[[0.994263,-0.0992515,0.0398806],[0.105373,0.972916,-0.205746],[-0.0183799,0.208768,0.977793]],"s":0.911553,"t":[-35.4034,108.453,-177.079],"timestamp":521249692050},false],[6,{"currentFrameRate":107.658,"devices":[],"gestures":[],"hands":[{"armBasis":[[0.838946,0.474205,-0.26702],[-0.251595,0.773027,0.582348],[0.482566,-0.421377,0.767835]],"armWidth":63.7005,"confidence":0.803048,"direction":[-0.292768,0.576706,-0.76269],"elbow":[195.614,182.321,281.146],"grabStrength":0.0210251,"id":387,"palmNormal":[0.230199,-0.731669,-0.641614],"palmPosition":[43.478,321.261,30.5709],"palmVelocity":[2.96861,-41.3859,-143.791],"palmWidth":90.9622,"pinchStrength":0.475043,"r":[[0.993985,-0.100768,0.0428881],[0.107511,0.972437,-0.206898],[-0.0208572,0.210265,0.977422]],"s":0.91281,"sphereCenter":[53.7011,297.045,-13.5016],"sphereRadius":48.1519,"stabilizedPalmPosition":[57.8246,305.14,115.253],"t":[-35.2734,108.141,-178.181],"timeVisible":0.542256,"type":"right","wrist":[65.3607,296.058,73.8938]}],"id":4097327,"interactionBox":{"center":[0,200,0],"size":[235.247,235.247,147.751]},"pointables":[{"bases":[[[0.110425,0.913196,0.392275],[-0.735588,-0.190329,0.650142],[0.668368,-0.360345,0.650719]],[[-0.135976,0.981671,0.133537],[-0.792159,-0.18868,0.580417],[0.594974,-0.0268594,0.803296]],[[-0.135976,0.981671,0.133537],[-0.938462,-0.170825,0.300179],[0.317488,-0.0845019,0.94449]],[[-0.135976,0.981671,0.133537],[-0.872103,-0.0546534,-0.486261],[-0.47005,-0.182578,0.86355]]],"btipPosition":[12.8837,284.321,-20.5865],"carpPosition":[42.3985,275.828,71.8969],"dipPosition":[1.88622,280.049,-0.382542],"direction":[-0.317488,0.0845019,-0.94449],"extended":false,"handId":387,"id":3870,"length":52.1005,"mcpPosition":[42.3985,275.828,71.8969],"pipPosition":[12.7079,277.169,31.8106],"stabilizedTipPosition":[23.2715,270.762,82.9983],"timeVisible":0.542256,"tipPosition":[10.4756,284.219,-15.111],"tipVelocity":[-0.14152,-62.1851,-161.067],"tool":false,"touchDistance":-0.563417,"touchZone":"hovering","type":0,"width":20.2438},{"bases":[[[0.865729,0.455085,-0.208353],[-0.293579,0.798857,0.525013],[0.40537,-0.39335,0.825197]],[[0.886641,0.432847,-0.162821],[-0.412229,0.899312,0.145961],[0.209606,-0.062295,0.9758]],[[0.886641,0.432847,-0.162821],[-0.439495,0.898229,-0.00539579],[0.143915,0.0763433,0.986641]],[[0.886641,0.432847,-0.162821],[-0.452334,0.884968,-0.110568],[0.0962327,0.171684,0.980441]]],"btipPosition":[-1.6876,326.058,-67.5639],"carpPosition":[42.2497,299.23,75.6234],"dipPosition":[-0.04391,328.991,-50.8176],"direction":[-0.143915,-0.0763433,-0.986641],"extended":true,"handId":387,"id":3871,"length":58.7895,"mcpPosition":[12.4359,328.16,14.9325],"pipPosition":[3.43352,330.835,-26.9774],"stabilizedTipPosition":[7.58571,310.494,37.3805],"timeVisible":0.542256,"tipPosition":[-1.30158,326.678,-63.6131],"tipVelocity":[26.2775,-34.5187,-158.11],"tool":false,"touchDistance":-0.572773,"touchZone":"hovering","type":1,"width":19.3369},{"bases":[[[0.949815,0.25486,-0.181379],[-0.13402,0.855464,0.500219],[0.282649,-0.450807,0.846689]],[[0.947952,0.257794,-0.186896],[-0.311117,0.624953,-0.715988],[-0.0677762,0.736869,0.67263]],[[0.947952,0.257794,-0.186896],[-0.07386,-0.392923,-0.9166],[-0.30973,0.882697,-0.353431]],[[0.947952,0.257794,-0.186896],[0.0847854,-0.770127,-0.632231],[-0.306919,0.583479,-0.7519]]],"btipPosition":[50.1763,266.244,6.20153],"carpPosition":[52.0535,306.363,73.4938],"dipPosition":[44.4104,277.205,-7.92386],"direction":[0.30973,-0.882697,0.353431],"extended":false,"handId":387,"id":3872,"length":66.986,"mcpPosition":[32.3396,337.805,14.44],"pipPosition":[35.6055,302.298,-17.9711],"stabilizedTipPosition":[62.8251,256.48,78.3891],"timeVisible":0.542256,"tipPosition":[48.8266,268.557,2.7844],"tipVelocity":[0.974173,-42.9851,-121.535],"tool":false,"touchDistance":0.333333,"touchZone":"none","type":2,"width":18.9914},{"bases":[[[0.988439,0.120523,-0.0919939],[-0.056739,0.85668,0.512718],[0.140604,-0.501571,0.853614]],[[0.985338,0.130812,-0.109528],[-0.167465,0.618846,-0.767453],[-0.0326112,0.774543,0.63168]],[[0.985338,0.130812,-0.109528],[-0.0421644,-0.435351,-0.899273],[-0.165319,0.890706,-0.423452]],[[0.985338,0.130812,-0.109528],[0.0397774,-0.800421,-0.598117],[-0.165909,0.584991,-0.793889]]],"btipPosition":[63.6378,271.837,15.9197],"carpPosition":[63.3088,310.617,71.033],"dipPosition":[60.5389,282.763,1.09121],"direction":[0.165319,-0.890706,0.423452],"extended":false,"handId":387,"id":3873,"length":64.4088,"mcpPosition":[54.5041,342.026,17.5789],"pipPosition":[55.9607,307.43,-10.6357],"stabilizedTipPosition":[77.5877,261.019,88.2675],"timeVisible":0.542256,"tipPosition":[62.9539,274.148,12.3559],"tipVelocity":[-4.30537,-42.8172,-132.597],"tool":false,"touchDistance":0.333333,"touchZone":"none","type":3,"width":18.0715},{"bases":[[[0.993765,-0.0815542,-0.0760219],[0.110336,0.817296,0.565555],[0.016009,-0.570417,0.821199]],[[0.989182,-0.145645,0.0174915],[0.108529,0.646395,-0.755245],[0.0986913,0.748973,0.65521]],[[0.989182,-0.145645,0.0174915],[-0.0437959,-0.407022,-0.912368],[0.140001,0.901732,-0.408998]],[[0.989182,-0.145645,0.0174915],[-0.103303,-0.776289,-0.621855],[0.104149,0.613321,-0.782937]]],"btipPosition":[67.7902,286.509,17.7797],"carpPosition":[76.7389,308.119,67.0549],"dipPosition":[69.5849,297.078,4.28854],"direction":[-0.140001,-0.901732,0.408998],"extended":false,"handId":387,"id":3874,"length":50.4953,"mcpPosition":[75.8109,341.184,19.4521],"pipPosition":[72.3223,314.709,-3.70852],"stabilizedTipPosition":[80.4591,276.857,90.066],"timeVisible":0.542256,"tipPosition":[67.8718,288.782,14.1843],"tipVelocity":[6.41316,-46.9711,-124.878],"tool":false,"touchDistance":0.333333,"touchZone":"none","type":4,"width":16.0525}],"r":[[0.993985,-0.100768,0.0428881],