{"sensorType":"Leap","data":[[0,{"currentFrameRate":104.854,"devices":[],"gestures":[],"hands":[{"armBasis":[[0.815873,0.49845,-0.293086],[-0.256917,0.766575,0.588521],[0.518021,-0.404859,0.753487]],"armWidth":63.7005,"confidence":0.838625,"direction":[-0.300334,0.657944,-0.690586],"elbow":[210.711,165.246,280.424],"grabStrength":0.0529268,"id":381,"palmNormal":[0.207534,-0.66159,-0.720575],"palmPosition":[48.4772,304.444,37.126],"palmVelocity":[-27.4808,-2.1465,-177.237],"palmWidth":90.9622,"pinchStrength":0.502069,"r":[[0.989841,-0.139653,0.0266992],[0.141758,0.983821,-0.109545],[-0.0109689,0.112217,0.993623]],"s":0.91109,"sphereCenter":[56.4358,284.636,-9.74226],"sphereRadius":47.7362,"stabilizedPalmPosition":[56.7894,287.181,96.2927],"t":[-17.5054,68.688,-117.311],"timeVisible":0.388699,"type":"right","wrist":[70.8885,274.524,77.0445]}],"id":4094906,"interactionBox":{"center":[0,200,0],"size":[235.247,235.247,147.751]},"pointables":[{"bases":[[[0.130396,0.864886,0.484736],[-0.724852,-0.250412,0.641782],[0.676452,-0.435047,0.594262]],[[-0.125241,0.963973,0.234673],[-0.759487,-0.245344,0.602483],[0.638352,-0.102776,0.762852]],[[-0.125241,0.963973,0.234673],[-0.926548,-0.198212,0.31972],[0.354716,-0.177394,0.917991]],[[-0.125241,0.963973,0.234673],[-0.909414,-0.0169908,-0.415544],[-0.396586,-0.265458,0.878779]]],"btipPosition":[12.957,272.264,-16.5199],"carpPosition":[47.6242,254.878,73.3984],"dipPosition":[3.67833,266.054,4.04043],"direction":[-0.354716,0.177394,-0.917991],"extended":false,"handId":381,"id":3810,"length":52.1005,"mcpPosition":[47.6242,254.878,73.3984],"pipPosition":[15.7689,260.007,35.3303],"stabilizedTipPosition":[19.9384,244.645,77.4492],"timeVisible":0.388699,"tipPosition":[10.7891,271.801,-10.9738],"tipVelocity":[-24.4089,-35.544,-187.269],"tool":false,"touchDistance":-0.481991,"touchZone":"hovering","type":0,"width":20.2438},{"bases":[[[0.86734,0.465097,-0.17722],[-0.272345,0.741525,0.613163],[0.416594,-0.483556,0.769821]],[[0.887102,0.440313,-0.13847],[-0.4033,0.885316,0.231443],[0.224497,-0.149468,0.962943]],[[0.887102,0.440313,-0.13847],[-0.434584,0.89784,0.0708461],[0.155519,-0.00267067,0.987829]],[[0.887102,0.440313,-0.13847],[-0.449371,0.892395,-0.0411997],[0.105429,0.0987729,0.989509]]],"btipPosition":[2.02127,318.111,-59.1506],"carpPosition":[47.8611,277.749,79.5953],"dipPosition":[3.82205,319.798,-42.2494],"direction":[-0.155519,0.00267067,-0.987829],"extended":true,"handId":381,"id":3811,"length":58.7895,"mcpPosition":[17.2218,313.313,22.9772],"pipPosition":[7.57985,319.733,-18.3805],"stabilizedTipPosition":[6.48156,296.814,23.451],"timeVisible":0.388699,"tipPosition":[2.36678,318.755,-55.1123],"tipVelocity":[-16.2855,-20.8659,-188.483],"tool":false,"touchDistance":-0.513325,"touchZone":"hovering","type":1,"width":19.3369},{"bases":[[[0.949283,0.262219,-0.173501],[-0.112578,0.798683,0.591127],[0.293577,-0.541615,0.787697]],[[0.950763,0.259462,-0.169495],[-0.309114,0.754538,-0.578896],[-0.0223111,0.602786,0.797591]],[[0.950763,0.259462,-0.169495],[-0.0990181,-0.263926,-0.959447],[-0.293675,0.92899,-0.225239]],[[0.950763,0.259462,-0.169495],[0.0694559,-0.711378,-0.699369],[-0.302035,0.653162,-0.694373]]],"btipPosition":[52.3357,255.01,4.10343],"carpPosition":[57.714,284.96,78.0274],"dipPosition":[46.6616,267.281,-8.94124],"direction":[0.293675,-0.92899,0.225239],"extended":false,"handId":381,"id":3812,"length":66.986,"mcpPosition":[37.238,322.735,23.0882],"pipPosition":[38.3131,293.69,-15.3443],"stabilizedTipPosition":[59.8864,243.287,52.4987],"timeVisible":0.388699,"tipPosition":[51.257,257.17,1.48469],"tipVelocity":[-30.8313,9.66871,-187.877],"tool":false,"touchDistance":0.333333,"touchZone":"none","type":2,"width":18.9914},{"bases":[[[0.987906,0.118698,-0.0997583],[-0.0350525,0.797704,0.60203],[0.151037,-0.591252,0.792218]],[[0.983572,0.134273,-0.120648],[-0.18027,0.765372,-0.617825],[0.00938329,0.629425,0.777004]],[[0.983572,0.134273,-0.120648],[-0.0769573,-0.292672,-0.953111],[-0.163288,0.946739,-0.277531]],[[0.983572,0.134273,-0.120648],[0.0178113,-0.737286,-0.675346],[-0.179633,0.662102,-0.727566]]],"btipPosition":[66.9732,259.653,12.7536],"carpPosition":[68.9731,289.327,75.7931],"dipPosition":[63.618,272.02,-0.836102],"direction":[0.163288,-0.946739,0.277531],"extended":false,"handId":381,"id":3813,"length":64.4088,"mcpPosition":[59.5151,326.352,26.1837],"pipPosition":[59.0959,298.238,-8.52191],"stabilizedTipPosition":[75.8204,246.305,64.9451],"timeVisible":0.388699,"tipPosition":[66.3636,261.905,10.3258],"tipVelocity":[-27.131,7.46982,-184.579],"tool":false,"touchDistance":0.333333,"touchZone":"none","type":3,"width":18.0715},{"bases":[[[0.990868,-0.083977,-0.10549],[0.132512,0.751064,0.646794],[0.0249136,-0.654867,0.755334]],[[0.983908,-0.178582,0.00579337],[0.141124,0.756823,-0.638204],[0.109587,0.628751,0.769846]],[[0.983908,-0.178582,0.00579337],[-0.0486282,-0.298837,-0.953064],[0.171932,0.937446,-0.302713]],[[0.983908,-0.178582,0.00579337],[-0.12748,-0.724337,-0.677558],[0.125196,0.665916,-0.735447]]],"btipPosition":[71.4493,273.05,18.8799],"carpPosition":[82.2863,287.119,71.2857],"dipPosition":[73.6066,284.525,6.20701],"direction":[-0.171932,-0.937446,0.302713],"extended":false,"handId":381,"id":3814,"length":50.4953,"mcpPosition":[80.8421,325.08,27.5009],"pipPosition":[76.9684,302.854,0.288122],"stabilizedTipPosition":[79.5358,259.37,72.0185],"timeVisible":0.388699,"tipPosition":[71.6802,275.2,16.1499],"tipVelocity":[-18.7423,4.54098,-177.699],"tool":false,"touchDistance":0.333333,"touchZone":"none","type":4,"width":16.0525}],"r":[[0.989841,-0.139653,0.0266992],[0.141758,0.983821,-0.109545],[-0.0109689,0.112217,0.993623]],"s":0.91109,"t":[-17.5054,68.688,-117.311],"timestamp":521224112498},false],[1,{"currentFrameRate":105.056,"devices":[],"gestures":[],"hands":[{"armBasis":[[0.823529,0.492594,-0.281338],[-0.260753,0.769158,0.583442],[0.503793,-0.407121,0.761869]],"armWidth":63.7005,"confidence":0.840979,"direction":[-0.297941,0.65639,-0.693097],"elbow":[206.416,165.034,281.213],"grabStrength":0.0517703,"id":381,"palmNormal":[0.211045,-0.662811,-0.71843],"palmPosition":[48.1667,304.749,35.5024],"palmVelocity":[-29.2839,7.72756,-177.338],"palmWidth":90.9622,"pinchStrength":0.508017,"r":[[0.989772,-0.13966,0.0290822],[0.142061,0.983541,-0.111646],[-0.013011,0.114636,0.993322]],"s":0.910371,"sphereCenter":[56.3488,284.867,-11.3125],"sphereRadius":47.7502,"stabilizedPalmPosition":[56.7878,287.185,96.282],"t":[-17.8118,68.8229,-118.906],"timeVisible":0.397841,"type":"right","wrist":[70.4335,274.923,75.5716]}],"id":4094907,"interactionBox":{"center":[0,200,0],"size":[235.247,235.247,147.751]},"pointables":[{"bases":[[[0.127715,0.865913,0.483616],[-0.727339,-0.249734,0.639226],[0.674289,-0.433391,0.597918]],[[-0.12794,0.964453,0.231218],[-0.762833,-0.244682,0.598512],[0.633812,-0.0998067,0.767021]],[[-0.12794,0.964453,0.231218],[-0.926581,-0.19937,0.318903],[0.353665,-0.173442,0.919151]],[[-0.12794,0.964453,0.231218],[-0.907811,-0.0199991,-0.418902],[-0.399387,-0.263497,0.8781]]],"btipPosition":[12.8603,272.309,-18.284],"carpPosition":[47.1995,255.252,71.866],"dipPosition":[3.51607,266.145,2.26043],"direction":[-0.353665,0.173442,-0.919151],"extended":false,"handId":381,"id":3810,"length":52.1005,"mcpPosition":[47.1995,255.252,71.866],"pipPosition":[15.5708,260.233,33.5899],"stabilizedTipPosition":[19.9379,244.647,77.444],"timeVisible":0.397841,"tipPosition":[10.6879,271.855,-12.7663],"tipVelocity":[-21.0197,-23.9634,-188.966],"tool":false,"touchDistance":-0.488642,"touchZone":"hovering","type":0,"width":20.2438},{"bases":[[[0.867721,0.465418,-0.174486],[-0.275466,0.742491,0.610595],[0.413736,-0.481761,0.772482]],[[0.887373,0.44068,-0.135539],[-0.404747,0.885363,0.228719],[0.220793,-0.1481,0.964011]],[[0.887373,0.44068,-0.135539],[-0.435243,0.897661,0.0690444],[0.152095,-0.00227566,0.988363]],[[0.887373,0.44068,-0.135539],[-0.449566,0.892243,-0.0423462],[0.102272,0.0985106,0.989867]]],"btipPosition":[2.0593,318.3,-60.9866],"carpPosition":[47.3932,278.135,78.0199],"dipPosition":[3.80616,319.983,-44.0793],"direction":[-0.152095,0.00227566,-0.988363],"extended":true,"handId":381,"id":3811,"length":58.7895,"mcpPosition":[16.9641,313.567,21.2061],"pipPosition":[7.48122,319.928,-20.1975],"stabilizedTipPosition":[6.48144,296.815,23.4488],"timeVisible":0.397841,"tipPosition":[2.41016,318.896,-56.9568],"tipVelocity":[-10.9741,-9.30927,-191.876],"tool":false,"touchDistance":-0.517845,"touchZone":"hovering","type":1,"width":19.3369},{"bases":[[[0.949802,0.26261,-0.170035],[-0.115652,0.799729,0.589117],[0.29069,-0.53988,0.789955]],[[0.951222,0.259949,-0.166145],[-0.307579,0.757312,-0.576085],[-0.0239296,0.599087,0.800326]],[[0.951222,0.259949,-0.166145],[-0.0959958,-0.262411,-0.960169],[-0.293194,0.929283,-0.224657]],[[0.951222,0.259949,-0.166145],[0.0728636,-0.712603,-0.697773],[-0.299781,0.651631,-0.696784]]],"btipPosition":[52.0922,255.478,2.29481],"carpPosition":[57.2472,285.35,76.4794],"dipPosition":[46.4604,267.72,-10.7952],"direction":[0.293194,-0.929283,0.224657],"extended":false,"handId":381,"id":3812,"length":66.986,"mcpPosition":[36.9725,323.005,21.3826],"pipPosition":[38.1256,294.137,-17.1817],"stabilizedTipPosition":[59.8838,243.292,52.4838],"timeVisible":0.397841,"tipPosition":[51.041,257.614,-0.255702],"tipVelocity":[-29.368,21.0196,-190.965],"tool":false,"touchDistance":0.333333,"touchZone":"none","type":2,"width":18.9914},{"bases":[[[0.988225,0.11926,-0.0958562],[-0.0381715,0.79883,0.600345],[0.14817,-0.589617,0.793976]],[[0.983855,0.135167,-0.1173],[-0.178884,0.762778,-0.621426],[0.00547735,0.632376,0.774643]],[[0.983855,0.135167,-0.1173],[-0.072355,-0.299056,-0.951489],[-0.163689,0.944614,-0.284447]],[[0.983855,0.135167,-0.1173],[0.0220872,-0.742119,-0.669904],[-0.177599,0.656498,-0.733123]]],"btipPosition":[66.8394,259.977,11.535],"carpPosition":[68.5122,289.722,74.2837],"dipPosition":[63.5222,272.239,-2.1585],"direction":[0.163689,-0.944614,0.284447],"extended":false,"handId":381,"id":3813,"length":64.4088,"mcpPosition":[59.2337,326.644,24.5643],"pipPosition":[58.989,298.398,-10.0358],"stabilizedTipPosition":[75.8181,246.309,64.9318],"timeVisible":0.397841,"tipPosition":[66.2111,262.235,8.95372],"tipVelocity":[-23.3875,14.5177,-171.036],"tool":false,"touchDistance":0.333333,"touchZone":"none","type":3,"width":18.0715},{"bases":[[[0.991364,-0.083423,-0.101186],[0.12924,0.752404,0.645899],[0.0222497,-0.653398,0.756687]],[[0.984106,-0.177319,0.00964521],[0.142943,0.758753,-0.635501],[0.105368,0.626779,0.77204]],[[0.984106,-0.177319,0.00964521],[-0.044595,-0.299342,-0.953103],[0.17189,0.937525,-0.302492]],[[0.984106,-0.177319,0.00964521],[-0.124321,-0.726721,-0.67559],[0.126804,0.663653,-0.737215]]],"btipPosition":[71.2855,273.468,17.3006],"carpPosition":[81.8458,287.515,69.8363],"dipPosition":[73.4705,284.904,4.59728],"direction":[-0.17189,-0.937524,0.302492],"extended":false,"handId":381,"id":3814,"length":50.4953,"mcpPosition":[80.556,325.391,25.9731],"pipPosition":[76.8314,303.235,-1.3173],"stabilizedTipPosition":[79.5348,259.372,72.0107],"timeVisible":0.397841,"tipPosition":[71.5233,275.595,14.5967],"tipVelocity":[-18.3204,15.7315,-176.535],"tool":false,"touchDistance":0.333333,"touchZone":"none","type":4,"width":16.0525}],"r":[[0.989772,-0.13966,0.0290822],[0.142061,0.983541,-0.111646],[-0.013011,0.114636,0.993322]],"s":0.910371,"t":[-17.8118,68.8229,-118.906],"timestamp":521224121640},false],[2,{"currentFrameRate":105.36,"devices":[],"gestures":[],"hands":[{"armBasis":[[0.828364,0.487824,-0.275393],[-0.261299,0.771323,0.58033],[0.495516,-0.408765,0.766404]],"armWidth":63.7005,"confidence":0.617623,"direction":[-0.290078,0.658491,-0.694438],"elbow":[203.527,165.392,280.852],"grabStrength":0.0514444,"id":381,"palmNormal":[0.212377,-0.663251,-0.717631],"palmPosition":[47.9254,305.698,33.7988],"palmVelocity":[-28.671,34.6152,-181.017],"palmWidth":90.9622,"pinchStrength":0.507127,"r":[[0.989531,-0.14067,0.0322563],[0.14345,0.983189,-0.112964],[-0.0158235,0.116408,0.993075]],"s":0.90923,"sphereCenter":[56.3961,285.831,-13.0498],"sphereRadius":47.7643,"stabilizedPalmPosition":[56.7865,287.187,96.2725],"t":[-18.0857,69.365,-120.555],"timeVisible":0.406768,"type":"right","wrist":[69.7785,275.725,73.9858]}],"id":4094908,"interactionBox":{"center":[0,200,0],"size":[235.247,235.247,147.751]},"pointables":[{"bases":[[[0.128933,0.864835,0.485217],[-0.732757,-0.246597,0.634237],[0.668164,-0.437321,0.601919]],[[-0.125943,0.965073,0.229722],[-0.768724,-0.241311,0.592311],[0.627058,-0.101995,0.772266]],[[-0.125943,0.965073,0.229722],[-0.927616,-0.196651,0.317579],[0.351662,-0.173097,0.919984]],[[-0.125943,0.965073,0.229722],[-0.906896,-0.0181468,-0.420963],[-0.402091,-0.261352,0.877507]]],"btipPosition":[12.5993,273.28,-20.3154],"carpPosition":[46.4699,256.175,70.1109],"dipPosition":[3.19178,267.165,0.215173],"direction":[-0.351662,0.173097,-0.919984],"extended":false,"handId":381,"id":3810,"length":52.1005,"mcpPosition":[46.4699,256.175,70.1109],"pipPosition":[15.1782,261.265,31.573],"stabilizedTipPosition":[19.9375,244.648,77.44],"timeVisible":0.406768,"tipPosition":[10.483,272.838,-14.8343],"tipVelocity":[-23.7058,12.5722,-199.586],"tool":false,"touchDistance":-0.498629,"touchZone":"hovering","type":0,"width":20.2438},{"bases":[[[0.871189,0.461165,-0.168397],[-0.275689,0.743349,0.609449],[0.406234,-0.48452,0.774735]],[[0.890481,0.436263,-0.129297],[-0.401681,0.887186,0.227051],[0.213765,-0.150249,0.965262]],[[0.890481,0.436263,-0.129297],[-0.431011,0.899808,0.0676409],[0.145852,-0.00450443,0.989296]],[[0.890481,0.436263,-0.129297],[-0.444631,0.894655,-0.0435444],[0.0966796,0.096265,0.990649]]],"btipPosition":[2.50532,319.605,-62.9753],"carpPosition":[46.7393,279.052,76.2865],"dipPosition":[4.15665,321.249,-46.0547],"direction":[-0.145852,0.00450443,-0.989296],"extended":true,"handId":381,"id":3811,"length":58.7895,"mcpPosition":[16.8619,314.687,19.307],"pipPosition":[7.68087,321.14,-22.1503],"stabilizedTipPosition":[6.48136,296.816,23.4469],"timeVisible":0.406768,"tipPosition":[2.84047,320.172,-58.9472],"tipVelocity":[4.97168,32.7958,-200.208],"tool":false,"touchDistance":-0.524179,"touchZone":"hovering","type":1,"width":19.3369},{"bases":[[[0.952211,0.257939,-0.163592],[-0.115449,0.799794,0.589067],[0.282783,-0.54203,0.791352]],[[0.953569,0.255311,-0.159757],[-0.300108,0.760902,-0.575295],[-0.0253199,0.596528,0.802193]],[[0.953569,0.255311,-0.159757],[-0.0913758,-0.260188,-0.961225],[-0.286978,0.931192,-0.224778]],[[0.953569,0.255311,-0.159757],[0.073971,-0.712738,-0.697519],[-0.291949,0.653315,-0.698531]]],"btipPosition":[51.7791,256.533,0.481154],"carpPosition":[56.6395,286.218,74.8168],"dipPosition":[46.2944,268.807,-12.6416],"direction":[0.286978,-0.931192,0.224778],"extended":false,"handId":381,"id":3812,"length":66.986,"mcpPosition":[36.9163,324.023,19.6227],"pipPosition":[38.1363,295.279,-19.0316],"stabilizedTipPosition":[59.8815,243.296,52.47],"timeVisible":0.406768,"tipPosition":[50.7561,258.68,-2.06667],"tipVelocity":[-29.8902,47.7469,-194.523],"tool":false,"touchDistance":0.333333,"touchZone":"none","type":2,"width":18.9914},{"bases":[[[0.989421,0.114333,-0.0892924],[-0.0380496,0.798493,0.6008],[0.139991,-0.591047,0.794396]],[[0.985205,0.130516,-0.111067],[-0.171217,0.777702,-0.604868],[0.00743243,0.614936,0.788542]],[[0.985205,0.130516,-0.111067],[-0.0703861,-0.282749,-0.956608],[-0.156257,0.950273,-0.269379]],[[0.985205,0.130516,-0.111067],[0.0215598,-0.737326,-0.675193],[-0.170016,0.662809,-0.729232]]],"btipPosition":[66.3452,261.383,8.81282],"carpPosition":[67.9406,290.535,72.6987],"dipPosition":[63.1696,273.763,-4.80798],"direction":[0.156257,-0.950273,0.269379],"extended":false,"handId":381,"id":3813,"length":64.4088,"mcpPosition":[59.1743,327.546,22.953],"pipPosition":[58.8423,300.08,-12.268],"stabilizedTipPosition":[75.8159,246.313,64.9187],"timeVisible":0.406768,"tipPosition":[65.7842,263.587,6.54735],"tipVelocity":[-31.1104,54.3557,-207.039],"tool":false,"touchDistance":0.333333,"touchZone":"none","type":3,"width":18.0715},{"bases":[[[0.991569,-0.0883591,-0.0947835],[0.128823,0.75118,0.647405],[0.0139953,-0.654157,0.756229]],[[0.983214,-0.18181,0.0153097],[0.150209,0.758968,-0.633565],[0.103569,0.62523,0.773538]],[[0.983214,-0.18181,0.0153097],[-0.0407384,-0.30055,-0.952896],[0.177848,0.936277,-0.302912]],[[0.983214,-0.18181,0.0153097],[-0.124132,-0.728066,-0.674174],[0.133718,0.660957,-0.738414]]],"btipPosition":[71.0378,274.387,15.8033],"carpPosition":[81.2916,288.264,68.3365],"dipPosition":[73.3419,285.776,3.07929],"direction":[-0.177848,-0.936277,0.302912],"extended":false,"handId":381,"id":3814,"length":50.4953,"mcpPosition":[80.4804,326.184,24.4998],"pipPosition":[76.8194,304.083,-2.84349],"stabilizedTipPosition":[79.5338,259.374,72.0035],"timeVisible":0.406768,"tipPosition":[71.3002,276.504,13.0545],"tipVelocity":[-20.054,39.1758,-174.279],"tool":false,"touchDistance":0.333333,"touchZone":"none","type":4,"width":16.0525}],"r":[[0.989531,-0.14067,0.0322563],[0.14345,0.983189,-0.112964],[-0.0158235,0.116408,0.993075]],"s":0.90923,"t":[-18.0857,69.365,-120.555],"timestamp":521224130567},false],[3,{"currentFrameRate":105.61,"devices":[],"gestures":[],"hands":[{"armBasis":[[0.831697,0.485729,-0.268974],[-0.263031,0.771312,0.579562],[0.488974,-0.411272,0.76926]],"armWidth":63.7005,"confidence":0.64371,"direction":[-0.29071,0.656356,-0.696193],"elbow":[201.441,165.568,280.319],"grabStrength":0.0510223,"id":381,"palmNormal":[0.214398,-0.664431,-0.715937],"palmPosition":[47.585,306.417,32.4073],"palmVelocity":[-31.1781,47.0289,-173.729],"palmWidth":90.9622,"pinchStrength":0.505808,"r":[[0.98938,-0.141064,0.0350517],[0.144195,0.982911,-0.114426],[-0.0183113,0.118265,0.992813]],"s":0.908419,"sphereCenter":[56.1549,286.466,-14.4014],"sphereRadius":47.7657,"stabilizedPalmPosition":[56.785,287.19,96.2621],"t":[-18.3929,69.9954,-122.076],"timeVisible":0.415775,"type":"right","wrist":[69.4585,276.577,72.6826]}],"id":4094909,"interactionBox":{"center":[0,200,0],"size":[235.247,235.247,147.751]},"pointables":[{"bases":[[[0.126738,0.866175,0.483403],[-0.732883,-0.246637,0.634076],[0.668446,-0.43464,0.603547]],[[-0.129066,0.965456,0.226355],[-0.76965,-0.241463,0.591046],[0.625285,-0.0979297,0.774228]],[[-0.129066,0.965456,0.226355],[-0.926336,-0.198848,0.31994],[0.353898,-0.168387,0.920001]],[[-0.129066,0.965456,0.226355],[-0.906967,-0.0226379,-0.420593],[-0.40094,-0.259581,0.878559]]],"btipPosition":[12.3073,273.672,-21.7205],"carpPosition":[46.1926,256.973,68.8288],"dipPosition":[2.92677,267.599,-1.16538],"direction":[-0.353898,0.168387,-0.920001],"extended":false,"handId":381,"id":3810,"length":52.1005,"mcpPosition":[46.1926,256.973,68.8288],"pipPosition":[14.9894,261.86,30.193],"stabilizedTipPosition":[19.9372,244.649,77.4367],"timeVisible":0.415775,"tipPosition":[10.2155,273.236,-16.2604],"tipVelocity":[-25.9093,21.3802,-187.44],"tool":false,"touchDistance":-0.498092,"touchZone":"hovering","type":0,"width":20.2438},{"bases":[[[0.870433,0.462522,-0.168583],[-0.277762,0.74416,0.607514],[0.406441,-0.481974,0.776213]],[[0.889768,0.437703,-0.129342],[-0.403582,0.886868,0.224913],[0.213155,-0.14792,0.965756]],[[0.889768,0.437703,-0.129342],[-0.43271,0.899115,0.0659805],[0.145173,-0.00273956,0.989402]],[[0.889768,0.437703,-0.129342],[-0.446209,0.893804,-0.0448519],[0.0959749,0.0976214,0.990585]]],"btipPosition":[2.21587,320.063,-64.4398],"carpPosition":[46.4104,279.863,74.9534],"dipPosition":[3.85516,321.73,-47.5203],"direction":[-0.145173,0.00273956,-0.989402],"extended":true,"handId":381,"id":3811,"length":58.7895,"mcpPosition":[16.5178,315.311,17.8652],"pipPosition":[7.36299,321.664,-23.6133],"stabilizedTipPosition":[6.48128,296.816,23.4451],"timeVisible":0.415775,"tipPosition":[2.55464,320.614,-60.4172],"tipVelocity":[-5.30876,37.9341,-189.882],"tool":false,"touchDistance":-0.522065,"touchZone":"hovering","type":1,"width":19.3369},{"bases":[[[0.951855,0.259469,-0.163244],[-0.117616,0.800879,0.587161],[0.283089,-0.539692,0.792838]],[[0.953161,0.256956,-0.159554],[-0.301227,0.758794,-0.57749],[-0.0273208,0.598503,0.800655]],[[0.953161,0.256956,-0.159554],[-0.0896795,-0.263706,-0.960425],[-0.288863,0.929749,-0.228311]],[[0.953161,0.256956,-0.159554],[0.0765095,-0.715191,-0.694728],[-0.292627,0.649981,-0.701352]]],"btipPosition":[51.5788,257.207,-0.734516],"carpPosition":[56.2977,287.046,73.4773],"dipPosition":[46.0814,269.418,-13.9103],"direction":[0.288863,-0.929749,0.228311],"extended":false,"handId":381,"id":3812,"length":66.986,"mcpPosition":[36.5532,324.688,18.1794],"pipPosition":[37.8697,295.848,-20.4007],"stabilizedTipPosition":[59.8789,243.3,52.4552],"timeVisible":0.415775,"tipPosition":[50.542,259.357,-3.33088],"tipVelocity":[-27.8771,54.7326,-178.532],"tool":false,"touchDistance":0.333333,"touchZone":"none","type":2,"width":18.9914},{"bases":[[[0.989279,0.116104,-0.088587],[-0.0402253,0.799758,0.598973],[0.140391,-0.588987,0.795854]],[[0.985036,0.132286,-0.110478],[-0.172236,0.778921,-0.603007],[0.00628418,0.613012,0.790049]],[[0.985036,0.132286,-0.110478],[-0.069228,-0.28334,-0.956518],[-0.157836,0.949852,-0.269942]],[[0.985036,0.132286,-0.110478],[0.0238583,-0.739493,-0.672742],[-0.170691,0.660039,-0.731583]]],"btipPosition":[66.0795,262.249,7.37553],"carpPosition":[67.5924,291.38,71.3605],"dipPosition":[62.8913,274.578,-6.28919],"direction":[0.157836,-0.949852,0.269942],"extended":false,"handId":381,"id":3813,"length":64.4088,"mcpPosition":[58.8009,328.263,21.5234],"pipPosition":[58.5203,300.882,-13.7648],"stabilizedTipPosition":[75.8132,246.318,64.9035],"timeVisible":0.415775,"tipPosition":[65.5148,264.443,5.08689],"tipVelocity":[-30.7568,65.478,-194.306],"tool":false,"touchDistance":0.333333,"touchZone":"none","type":3,"width":18.0715},{"bases":[[[0.991835,-0.0865951,-0.0936219],[0.126696,0.752882,0.645846],[0.0145592,-0.652434,0.757706]],[[0.983616,-0.179534,0.0163321],[0.149547,0.76201,-0.630061],[0.100672,0.62218,0.776374]],[[0.983616,-0.179534,0.0163321],[-0.0391194,-0.301002,-0.952821],[0.17598,0.936571,-0.303093]],[[0.983616,-0.179534,0.0163321],[-0.122346,-0.731334,-0.670956],[0.132404,0.657965,-0.741317]]],"btipPosition":[70.8271,275.303,14.3509],"carpPosition":[80.9521,289.126,67.0164],"dipPosition":[73.1087,286.641,1.57682],"direction":[-0.17598,-0.936571,0.303093],"extended":false,"handId":381,"id":3814,"length":50.4953,"mcpPosition":[80.1081,326.946,23.0941],"pipPosition":[76.5496,304.953,-4.34951],"stabilizedTipPosition":[79.5326,259.377,71.9949],"timeVisible":0.415775,"tipPosition":[71.0871,277.378,11.6409],"tipVelocity":[-21.1278,56.0019,-171.052],"tool":false,"touchDistance":0.333333,"touchZone":"none","type":4,"width":16.0525}],"r":[[0.98938,-0.141064,0.0350517],[0.144195,0.982911,-0.114426],[-0.0183113,0.118265,0.992813]],"s":0.908419,"t":[-18.3929,69.9954,-122.076],"timestamp":521224139574},false],[4,{"currentFrameRate":105.843,"devices":[],"gestures":[],"hands":[{"armBasis":[[0.835779,0.481555,-0.263777],[-0.26095,0.77106,0.580837],[0.483093,-0.416619,0.770097]],"armWidth":63.7005,"confidence":0.660889,"direction":[-0.288441,0.652334,-0.700901],"elbow":[199.351,165.003,279.288],"grabStrength":0.049615,"id":381,"palmNormal":[0.214753,-0.669289,-0.71129],"palmPosition":[47.201,307.07,30.9199],"palmVelocity":[-34.313,54.0124,-171.311],"palmWidth":90.9622,"pinchStrength":0.505443,"r":[[0.989198,-0.141619,0.0378389],[0.145128,0.982496,-0.116791],[-0.0206366,0.121021,0.992435]],"s":0.908073,"sphereCenter":[55.8067,286.815,-15.741],"sphereRadius":47.7667,"stabilizedPalmPosition":[56.7832,287.194,96.2497],"t":[-18.7384,70.6371,-123.58],"timeVisible":0.424793,"type":"right","wrist":[68.9553,277.455,71.4252]}],"id":4094910,"interactionBox":{"center":[0,200,0],"size":[235.247,235.247,147.751]},"pointables":[{"bases":[[[0.127114,0.869049,0.478117],[-0.734428,-0.241521,0.634258],[0.666676,-0.431766,0.607553]],[[-0.128491,0.967117,0.219487],[-0.771629,-0.236524,0.590462],[0.62296,-0.0934936,0.776647]],[[-0.128491,0.967117,0.219487],[-0.926666,-0.19592,0.320788],[0.353242,-0.162173,0.921369]],[[-0.128491,0.967117,0.219487],[-0.906212,-0.0246021,-0.422107],[-0.402827,-0.253139,0.879574]]],"btipPosition":[11.965,273.977,-23.0877],"carpPosition":[45.6678,257.861,67.6527],"dipPosition":[2.54032,268.054,-2.5088],"direction":[-0.353242,0.162173,-0.921369],"extended":false,"handId":381,"id":3810,"length":52.1005,"mcpPosition":[45.6678,257.861,67.6527],"pipPosition":[14.5806,262.526,28.8962],"stabilizedTipPosition":[19.9368,244.65,77.4336],"timeVisible":0.424793,"tipPosition":[9.86496,273.566,-17.6453],"tipVelocity":[-29.5326,25.8351,-177.417],"tool":false,"touchDistance":-0.497042,"touchZone":"hovering","type":0,"width":20.2438},{"bases":[[[0.871427,0.460164,-0.169891],[-0.277797,0.748419,0.602243],[0.404281,-0.477616,0.780026]],[[0.890708,0.435491,-0.130335],[-0.402457,0.88878,0.219314],[0.211349,-0.14289,0.96691]],[[0.890708,0.435491,-0.130335],[-0.431123,0.900192,0.0615365],[0.144125,0.00137954,0.989558]],[[0.890708,0.435491,-0.130335],[-0.444434,0.894501,-0.0484434],[0.0954883,0.101074,0.990286]]],"btipPosition":[1.98347,320.294,-66.09],"carpPosition":[45.9079,280.79,73.6319],"dipPosition":[3.61444,322.021,-49.1755],"direction":[-0.144125,-0.00137954,-0.989558],"extended":true,"handId":381,"id":3811,"length":58.7895,"mcpPosition":[16.1742,315.917,16.2632],"pipPosition":[7.09695,322.054,-25.2648],"stabilizedTipPosition":[6.4812,296.816,23.4434],"timeVisible":0.424793,"tipPosition":[2.33938,320.806,-62.0783],"tipVelocity":[-10.9951,34.9666,-188.021],"tool":false,"touchDistance":-0.522962,"touchZone":"hovering","type":1,"width":19.3369},{"bases":[[[0.952539,0.257031,-0.163107],[-0.117529,0.804773,0.58183],[0.280813,-0.535046,0.796787]],[[0.95375,0.254705,-0.159644],[-0.299312,0.755542,-0.582725],[-0.0278048,0.603558,0.796834]],[[0.95375,0.254705,-0.159644],[-0.0879461,-0.271414,-0.958436],[-0.287448,0.928149,-0.23646]],[[0.95375,0.254705,-0.159644],[0.077506,-0.721493,-0.68807],[-0.290437,0.643873,-0.707865]]],"btipPosition":[51.1903,257.702,-1.82048],"carpPosition":[55.8086,287.948,72.1286],"dipPosition":[45.7341,269.798,-15.1186],"direction":[0.287448,-0.928149,0.23646],"extended":false,"handId":381,"id":3812,"length":66.986,"mcpPosition":[36.2228,325.266,16.5554],"pipPosition":[37.5626,296.183,-21.8406],"stabilizedTipPosition":[59.876,243.305,52.4384],"timeVisible":0.424793,"tipPosition":[50.1493,259.838,-4.48693],"tipVelocity":[-31.7683,53.9674,-163.407],"tool":false,"touchDistance":0.333333,"touchZone":"none","type":2,"width":18.9914},{"bases":[[[0.989612,0.11409,-0.0874689],[-0.0401629,0.803614,0.593794],[0.138037,-0.584112,0.799849]],[[0.985431,0.130148,-0.109485],[-0.169981,0.775073,-0.608579],[0.00565314,0.618323,0.785904]],[[0.985431,0.130148,-0.109485],[-0.0675889,-0.291046,-0.954318],[-0.156068,0.947815,-0.27801]],[[0.985431,0.130148,-0.109485],[0.0244136,-0.745324,-0.666255],[-0.168314,0.653876,-0.737643]]],"btipPosition":[65.6829,262.75,6.2921],"carpPosition":[67.1135,292.252,70.0055],"dipPosition":[62.5391,274.964,-7.48581],"direction":[0.156068,-0.947815,0.27801],"extended":false,"handId":381,"id":3813,"length":64.4088,"mcpPosition":[58.4695,328.83,19.9183],"pipPosition":[58.217,301.212,-15.1849],"stabilizedTipPosition":[75.8101,246.323,64.8853],"timeVisible":0.424793,"tipPosition":[65.1169,264.938,3.91651],"tipVelocity":[-34.0825,61.9471,-174.701],"tool":false,"touchDistance":0.333333,"touchZone":"none","type":3,"width":18.0715},{"bases":[[[0.991879,-0.0886409,-0.0912086],[0.126601,0.756793,0.641277],[0.0121828,-0.647616,0.761869]],[[0.983392,-0.18051,0.0188852],[0.151865,0.7614,-0.630243],[0.0993862,0.622644,0.776168]],[[0.983392,-0.18051,0.0188852],[-0.0379257,-0.306132,-0.951233],[0.177489,0.934719,-0.307894]],[[0.983392,-0.18051,0.0188852],[-0.122597,-0.737384,-0.664255],[0.133831,0.650908,-0.747267]]],"btipPosition":[70.4821,275.99,12.9977],"carpPosition":[80.478,289.951,65.7009],"dipPosition":[72.7882,287.206,0.121089],"direction":[-0.177489,-0.934719,0.307894],"extended":false,"handId":381,"id":3814,"length":50.4953,"mcpPosition":[79.7718,327.492,21.5372],"pipPosition":[76.2586,305.483,-5.89911],"stabilizedTipPosition":[79.5311,259.38,71.9839],"timeVisible":0.424793,"tipPosition":[70.7476,278.012,10.2962],"tipVelocity":[-25.667,60.7043,-165.996],"tool":false,"touchDistance":0.333333,"touchZone":"none","type":4,"width":16.0525}],"r":[[0.989198,-0.141619,0.0378389],[0.145128,0.982496,-0.116791],[-0.0206366,0.121021,0.992435]],"s":0.908073,"t":[-18.7384,70.6371,-123.58],"timestamp":521224148592},false],[5,{"currentFrameRate":106.007,"devices":[],"gestures":[],"hands":[{"armBasis":[[0.836558,0.481437,-0.261512],[-0.261084,0.769943,0.582257],[0.48167,-0.418815,0.769797]],"armWidth":63.7005,"confidence":0.674013,"direction":[-0.288205,0.649358,-0.703756],"elbow":[198.662,164.872,278.494],"grabStrength":0.0481564,"id":381,"palmNormal":[0.216383,-0.671766,-0.708455],"palmPosition":[46.9186,307.355,30.0664],"palmVelocity":[-33.3722,47.6877,-149.68],"palmWidth":90.9622,"pinchStrength":0.500864,"r":[[0.989066,-0.141821,0.0404356],[0.145703,0.982098,-0.119391],[-0.0227796,0.123977,0.992024]],"s":0.90874,"sphereCenter":[55.5217,286.961,-16.4469],"sphereRadius":47.7606,"stabilizedPalmPosition":[56.781,287.199,96.2348],"t":[-19.0524,71.1006,-124.758],"timeVisible":0.433923,"type":"right","wrist":[68.6508,277.918,70.7126]}],"id":4094911,"interactionBox":{"center":[0,200,0],"size":[235.247,235.247,147.751]},"pointables":[{"bases":[[[0.125579,0.870996,0.47497],[-0.735005,-0.239876,0.634213],[0.666331,-0.428749,0.610063]],[[-0.130306,0.967869,0.215059],[-0.77266,-0.235055,0.5897],[0.621303,-0.0893255,0.778462]],[[-0.130306,0.967869,0.215059],[-0.926237,-0.196214,0.321845],[0.353701,-0.157257,0.922044]],[[-0.130306,0.967869,0.215059],[-0.905569,-0.0278657,-0.423284],[-0.40369,-0.249907,0.880103]]],"btipPosition":[11.7732,273.949,-23.8821],"carpPosition":[45.3887,258.285,66.9843],"dipPosition":[2.32829,268.103,-3.29086],"direction":[-0.353701,0.157257,-0.922044],"extended":false,"handId":381,"id":3810,"length":52.1005,"mcpPosition":[45.3887,258.285,66.9843],"pipPosition":[14.3843,262.742,28.1372],"stabilizedTipPosition":[19.9365,244.651,77.4306],"timeVisible":0.433923,"tipPosition":[9.66997,273.549,-18.4588],"tipVelocity":[-27.3058,18.3555,-152.204],"tool":false,"touchDistance":-0.487545,"touchZone":"hovering","type":0,"width":20.2438},{"bases":[[[0.871168,0.460429,-0.170504],[-0.279368,0.750414,0.599026],[0.403758,-0.474219,0.782366]],[[0.890451,0.435887,-0.130766],[-0.403458,0.889078,0.216245],[0.210519,-0.139797,0.967543]],[[0.890451,0.435887,-0.130766],[-0.431777,0.899996,0.0598002],[0.143755,0.00321246,0.989608]],[[0.890451,0.435887,-0.130766],[-0.444953,0.894199,-0.049245],[0.0954653,0.102035,0.99019]]],"btipPosition":[1.75606,320.298,-67.0443],"carpPosition":[45.5971,281.236,72.8764],"dipPosition":[3.38665,322.04,-50.1315],"direction":[-0.143755,-0.00321245,-0.989608],"extended":true,"handId":381,"id":3811,"length":58.7895,"mcpPosition":[15.9018,316.114,15.3356],"pipPosition":[6.86019,322.118,-26.2196],"stabilizedTipPosition":[6.48112,296.817,23.4419],"timeVisible":0.433923,"tipPosition":[2.1328,320.761,-63.0422],"tipVelocity":[-14.8647,25.4654,-164.826],"tool":false,"touchDistance":-0.51332,"touchZone":"hovering","type":1,"width":19.3369},{"bases":[[[0.952483,0.257409,-0.162841],[-0.119133,0.806859,0.578608],[0.280328,-0.531714,0.799185]],[[0.953515,0.255438,-0.159879],[-0.299812,0.750665,-0.58874],[-0.0303704,0.609306,0.792354]],[[0.953515,0.255438,-0.159879],[-0.0844491,-0.282787,-0.955458],[-0.289272,0.924545,-0.24807]],[[0.953515,0.255438,-0.159879],[0.0817239,-0.729861,-0.678693],[-0.290054,0.634078,-0.716808]]],"btipPosition":[51.076,257.93,-2.04354],"carpPosition":[55.4922,288.399,71.3588],"dipPosition":[45.627,269.842,-15.5097],"direction":[0.289272,-0.924545,0.24807],"extended":false,"handId":381,"id":3812,"length":66.986,"mcpPosition":[35.9402,325.485,15.6183],"pipPosition":[37.4037,296.125,-22.5618],"stabilizedTipPosition":[59.8726,243.311,52.4188],"timeVisible":0.433923,"tipPosition":[49.9895,260.078,-4.93226],"tipVelocity":[-26.368,44.6359,-125.957],"tool":false,"touchDistance":0.333333,"touchZone":"none","type":2,"width":18.9914},{"bases":[[[0.989606,0.114795,-0.0866105],[-0.0417806,0.805826,0.590676],[0.1376,-0.580918,0.802247]],[[0.985476,0.130629,-0.108503],[-0.169794,0.767691,-0.617917],[0.00257928,0.627365,0.778721]],[[0.985476,0.130629,-0.108503],[-0.0634188,-0.309612,-0.948746],[-0.157527,0.941847,-0.296831]],[[0.985476,0.130629,-0.108503],[0.0289096,-0.758682,-0.650819],[-0.167335,0.63823,-0.75144]]],"btipPosition":[65.5516,263.059,6.47028],"carpPosition":[66.7954,292.708,69.2341],"dipPosition":[62.4261,274.98,-7.56533],"direction":[0.157527,-0.941848,0.296831],"extended":false,"handId":381,"id":3813,"length":64.4088,"mcpPosition":[58.1788,329.085,18.9967],"pipPosition":[58.0636,301.063,-15.7856],"stabilizedTipPosition":[75.8057,246.331,64.8608],"timeVisible":0.433923,"tipPosition":[64.9408,265.259,3.65957],"tipVelocity":[-28.4792,52.0833,-122.525],"tool":false,"touchDistance":0.333333,"touchZone":"none","type":3,"width":18.0715},{"bases":[[[0.99209,-0.0879456,-0.0895753],[0.12497,0.759362,0.638555],[0.0118619,-0.644698,0.764345]],[[0.983612,-0.179125,0.0205129],[0.151671,0.760565,-0.631298],[0.0974797,0.624064,0.775269]],[[0.983612,-0.179125,0.0205129],[-0.0367849,-0.310759,-0.949777],[0.176503,0.933457,-0.312256]],[[0.983612,-0.179125,0.0205129],[-0.121393,-0.742085,-0.659222],[0.133305,0.645929,-0.751668]]],"btipPosition":[70.2864,276.334,12.3019],"carpPosition":[80.1679,290.404,64.9557],"dipPosition":[72.5834,287.464,-0.650526],"direction":[-0.176503,-0.933457,0.312256],"extended":false,"handId":381,"id":3814,"length":50.4953,"mcpPosition":[79.4803,327.776,20.6485],"pipPosition":[76.0345,305.716,-6.75601],"stabilizedTipPosition":[79.5291,259.385,71.9697],"timeVisible":0.433923,"tipPosition":[70.5522,278.329,9.57224],"tipVelocity":[-24.5562,53.7028,-141.572],"tool":false,"touchDistance":0.333333,"touchZone":"none","type":4,"width":16.0525}],"r":[[0.989066,-0.141821,0.0404356],[0.145703,0.982098,-0.119391],[-0.0227796,0.123977,0.992024]],"s":0.90874,"t":[-19.0524,71.1006,-124.758],"timestamp":521224157722},false],[6,{"currentFrameRate":106.254,"devices":[],"gestures":[],"hands":[{"armBasis":[[0.835512,0.479996,-0.267439],[-0.256738,0.77135,0.582327],[0.485804,-0.417879,0.767706]],"armWidth":63.7005,"confidence":0.694546,"direction":[-0.286238,0.645998,-0.70764],"elbow":[199.547,165.272,277.04],"grabStrength":0.0455702,"id":381,"palmNormal":[0.21377,-0.67687,-0.704378],"palmPosition":[46.7738,307.326,29.0043],"palmVelocity":[-28.6695,33.7489,-141.18],"palmWidth":90.9622,"pinchStrength":0.500894,"r":[[0.988861,-0.142611,0.0426126],[0.14684,0.981522,-0.122692],[-0.024328,0.127582,0.99153]],"s":0.909609,"sphereCenter":[55.282,286.644,-17.3834],"sphereRadius":47.7774,"stabilizedPalmPosition":[56.7788,287.203,96.2205],"t":[-19.2818,71.3177,-125.879],"timeVisible":0.442879,"type":"right","wrist":[68.4202,278.065,69.823]}],"id":4094912,"interactionBox":{"center":[0,200,0],"size":[235.247,235.247,147.751]},"pointables":[{"bases":[[[0.128787,0.873469,0.469538],[-0.735576,-0.233409,0.635962],[0.665088,-0.427284,0.612443]],[[-0.128627,0.969813,0.207164],[-0.774507,-0.228706,0.589773],[0.619349,-0.0845892,0.780545]],[[-0.128627,0.969813,0.207164],[-0.925587,-0.192398,0.325993],[0.35601,-0.149817,0.922394]],[[-0.128627,0.969813,0.207164],[-0.906158,-0.0300683,-0.421868],[-0.402904,-0.241987,0.882672]]],"btipPosition":[11.4737,273.479,-24.8176],"carpPosition":[45.0888,258.49,66.2249],"dipPosition":[2.04714,267.817,-4.16616],"direction":[-0.35601,0.149817,-0.922394],"extended":false,"handId":381,"id":3810,"length":52.1005,"mcpPosition":[45.0888,258.49,66.2249],"pipPosition":[14.1818,262.711,27.2738],"stabilizedTipPosition":[19.9362,244.651,77.4281],"timeVisible":0.442879,"tipPosition":[9.37823,273.147,-19.3966],"tipVelocity":[-28.8553,0.276285,-138.723],"tool":false,"touchDistance":-0.480948,"touchZone":"hovering","type":0,"width":20.2438},{"bases":[[[0.872688,0.456346,-0.173675],[-0.276525,0.75506,0.59449],[0.402429,-0.470779,0.785123]],[[0.891912,0.43197,-0.133773],[-0.399952,0.891583,0.212409],[0.211024,-0.135947,0.967981]],[[0.891912,0.43197,-0.133773],[-0.428185,0.901868,0.0573789],[0.145431,0.00610257,0.98935]],[[0.891912,0.43197,-0.133773],[-0.441475,0.895841,-0.0506879],[0.0979434,0.104266,0.989715]]],"btipPosition":[1.53129,320.011,-68.1529],"carpPosition":[45.379,281.476,71.9751],"dipPosition":[3.2042,321.792,-51.2482],"direction":[-0.145431,-0.00610257,-0.98935],"extended":true,"handId":381,"id":3811,"length":58.7895,"mcpPosition":[15.7816,316.101,14.2316],"pipPosition":[6.71825,321.94,-27.3425],"stabilizedTipPosition":[6.48106,296.817,23.4407],"timeVisible":0.442879,"tipPosition":[1.94766,320.416,-64.1642],"tipVelocity":[-17.3655,10.0277,-153.658],"tool":false,"touchDistance":-0.506977,"touchZone":"hovering","type":1,"width":19.3369},{"bases":[[[0.953303,0.253096,-0.16479],[-0.116104,0.810821,0.573663],[0.278807,-0.527742,0.802344]],[[0.954228,0.251333,-0.162111],[-0.297781,0.747982,-0.593169],[-0.0278272,0.614292,0.788588]],[[0.954228,0.251333,-0.162111],[-0.0854308,-0.290391,-0.953087],[-0.286618,0.923312,-0.255628]],[[0.954228,0.251333,-0.162111],[0.079774,-0.736286,-0.671951],[-0.288243,0.628263,-0.722635]]],"btipPosition":[50.7562,257.753,-2.70731],"carpPosition":[55.2983,288.596,70.4096],"dipPosition":[45.3412,269.556,-16.2829],"direction":[0.286618,-0.923312,0.255628],"extended":false,"handId":381,"id":3812,"length":66.986,"mcpPosition":[35.8524,325.404,14.4488],"pipPosition":[37.1933,295.804,-23.5498],"stabilizedTipPosition":[59.8692,243.317,52.3998],"timeVisible":0.442879,"tipPosition":[49.6637,259.887,-5.66125],"tipVelocity":[-28.6836,26.2599,-112.55],"tool":false,"touchDistance":0.333333,"touchZone":"none","type":2,"width":18.9914},{"bases":[[[0.989963,0.110828,-0.0876954],[-0.0387508,0.809595,0.585708],[0.135911,-0.576431,0.805764]],[[0.985873,0.126559,-0.10971],[-0.16741,0.765042,-0.62184],[0.0052336,0.631422,0.775422]],[[0.985873,0.126559,-0.10971],[-0.0647365,-0.316193,-0.946484],[-0.154476,0.940215,-0.303533]],[[0.985873,0.126559,-0.10971],[0.0263815,-0.764177,-0.644467],[-0.165401,0.632469,-0.756721]]],"btipPosition":[65.2383,262.894,5.70155],"carpPosition":[66.6155,292.851,68.254],"dipPosition":[62.1489,274.707,-8.4327],"direction":[0.154476,-0.940215,0.303533],"extended":false,"handId":381,"id":3813,"length":64.4088,"mcpPosition":[58.1047,328.948,17.7964],"pipPosition":[57.8709,300.745,-16.8386],"stabilizedTipPosition":[75.8011,246.339,64.8355],"timeVisible":0.442879,"tipPosition":[64.6313,265.071,2.8445],"tipVelocity":[-30.0038,32.0269,-113.185],"tool":false,"touchDistance":0.333333,"touchZone":"none","type":3,"width":18.0715},{"bases":[[[0.991743,-0.0919348,-0.0894099],[0.127857,0.762849,0.633809],[0.00993715,-0.640007,0.768305]],[[0.983175,-0.181549,0.0201773],[0.152743,0.756507,-0.635898],[0.100182,0.628281,0.771509]],[[0.983175,-0.181549,0.0201773],[-0.0395171,-0.319237,-0.946851],[0.178341,0.930122,-0.32104]],[[0.983175,-0.181549,0.0201773],[-0.124882,-0.748656,-0.65109],[0.13331,0.637616,-0.758732]]],"btipPosition":[70.0767,276.193,11.5279],"carpPosition":[79.9782,290.475,63.9848],"dipPosition":[72.3738,287.18,-1.54627],"direction":[-0.178341,-0.930122,0.32104],"extended":false,"handId":381,"id":3814,"length":50.4953,"mcpPosition":[79.4022,327.575,19.4481],"pipPosition":[75.8609,305.366,-7.82351],"stabilizedTipPosition":[79.5272,259.389,71.9559],"timeVisible":0.442879,"tipPosition":[70.3383,278.162,8.72483],"tipVelocity":[-24.2424,33.6908,-127.347],"tool":false,"touchDistance":0.333333,"touchZone":"none","type":4,"width":16.0525}],"r":[[0.988861,-0.142611,0.0426126],[0.14684,0.981522,-0.122692],[-0.024328,