{"sensorType":"Leap","data":[[0,{"currentFrameRate":107.132,"devices":[],"gestures":[],"hands":[{"armBasis":[[0.832434,0.488721,-0.261161],[-0.24823,0.750259,0.612775],[0.495414,-0.445267,0.745857]],"armWidth":63.7005,"confidence":0.788483,"direction":[-0.213039,0.498692,-0.840191],"elbow":[192.912,183.935,291.757],"grabStrength":0,"id":388,"palmNormal":[0.267973,-0.797133,-0.541082],"palmPosition":[41.6877,325.005,43.0197],"palmVelocity":[-9.22495,41.8085,-201.329],"palmWidth":90.9622,"pinchStrength":0.376962,"r":[[0.987646,-0.14005,0.0702899],[0.140404,0.990094,-0.0000948545],[-0.0695803,0.00996268,0.997527]],"s":0.889872,"sphereCenter":[61.615,299.274,2.21639],"sphereRadius":50.8894,"stabilizedPalmPosition":[45.7679,306.51,88.3124],"t":[-31.2569,101.967,-124.264],"timeVisible":0.469783,"type":"right","wrist":[59.1909,304.12,90.4372]}],"id":4097692,"interactionBox":{"center":[0,200,0],"size":[235.247,235.247,147.751]},"pointables":[{"bases":[[[0.0968298,0.947272,0.305449],[-0.792866,-0.112101,0.598997],[0.601654,-0.300181,0.740205]],[[-0.077656,0.993507,0.083143],[-0.84969,-0.109578,0.515771],[0.521533,-0.0305931,0.852682]],[[-0.077656,0.993507,0.083143],[-0.987045,-0.0883584,0.133924],[0.140401,-0.0716659,0.987498]],[[-0.077656,0.993507,0.083143],[-0.924364,-0.0405046,-0.379355],[-0.373525,-0.106314,0.921508]]],"btipPosition":[13.9634,290.563,-9.2692],"carpPosition":[36.0356,284.106,88.5007],"dipPosition":[5.22428,288.076,12.2908],"direction":[-0.140401,0.0716659,-0.987498],"extended":false,"handId":388,"id":3880,"length":52.1005,"mcpPosition":[36.0356,284.106,88.5007],"pipPosition":[10.0099,285.633,45.9499],"stabilizedTipPosition":[14.8668,273.745,46.6807],"timeVisible":0.469783,"tipPosition":[11.9756,290.728,-4.08689],"tipVelocity":[-3.57681,7.63822,-197.955],"tool":false,"touchDistance":-0.5493,"touchZone":"hovering","type":0,"width":20.2438},{"bases":[[[0.890469,0.419319,-0.17674],[-0.319564,0.852761,0.413132],[0.323951,-0.311401,0.893356]],[[0.929227,0.367385,-0.0395604],[-0.354682,0.916838,0.183325],[0.103621,-0.15632,0.982256]],[[0.929227,0.367385,-0.0395604],[-0.367553,0.929997,0.00318637],[0.0379617,0.0115797,0.999212]],[[0.929227,0.367385,-0.0395604],[-0.369329,0.920103,-0.130406],[-0.0115096,0.135788,0.990671]]],"btipPosition":[7.09741,334.785,-59.158],"carpPosition":[36.0942,307.768,89.798],"dipPosition":[6.90082,337.104,-42.2369],"direction":[-0.0379617,-0.0115797,-0.999212],"extended":true,"handId":388,"id":3881,"length":58.7895,"mcpPosition":[12.2686,330.67,24.0942],"pipPosition":[7.81809,337.384,-18.093],"stabilizedTipPosition":[5.99876,318.82,-5.65612],"timeVisible":0.469783,"tipPosition":[7.14357,335.223,-55.0164],"tipVelocity":[5.30695,22.0054,-213.113],"tool":false,"touchDistance":-0.576002,"touchZone":"hovering","type":1,"width":19.3369},{"bases":[[[0.967392,0.221832,-0.122241],[-0.157229,0.904331,0.396817],[0.198573,-0.364658,0.909721]],[[0.967501,0.221633,-0.121744],[-0.227463,0.552464,-0.8019],[-0.110468,0.803531,0.584923]],[[0.967501,0.221633,-0.121744],[0.0317923,-0.584245,-0.810954],[-0.250862,0.780728,-0.572303]],[[0.967501,0.221633,-0.121744],[0.159853,-0.90911,-0.384663],[-0.195933,0.3527,-0.914993]]],"btipPosition":[48.4884,272.403,29.6464],"carpPosition":[46.2029,314.508,87.8228],"dipPosition":[44.8075,279.029,12.4571],"direction":[0.250862,-0.780728,0.572303],"extended":false,"handId":388,"id":3882,"length":66.986,"mcpPosition":[32.3531,339.942,24.3727],"pipPosition":[37.6761,301.223,-3.81217],"stabilizedTipPosition":[51.1125,257.086,67.8338],"timeVisible":0.469783,"tipPosition":[47.632,273.854,26.0978],"tipVelocity":[0.0340347,38.5112,-194.65],"tool":false,"touchDistance":0.333333,"touchZone":"none","type":2,"width":18.9914},{"bases":[[[0.995151,0.0969441,-0.0165994],[-0.0813015,0.905784,0.415867],[0.0553514,-0.412502,0.909274]],[[0.993828,0.105267,-0.0349866],[-0.0871142,0.545371,-0.833656],[-0.0686761,0.831559,0.551175]],[[0.993828,0.105267,-0.0349866],[0.037444,-0.615228,-0.787459],[-0.104419,0.781289,-0.615373]],[[0.993828,0.105267,-0.0349866],[0.0857237,-0.928985,-0.360054],[-0.070404,0.354833,-0.932275]]],"btipPosition":[61.5292,278.757,38.8368],"carpPosition":[57.7211,318.332,85.9399],"dipPosition":[60.2142,285.384,21.4235],"direction":[0.104419,-0.781289,0.615373],"extended":false,"handId":388,"id":3883,"length":64.4088,"mcpPosition":[54.255,344.164,29.0004],"pipPosition":[57.3225,307.021,4.38167],"stabilizedTipPosition":[65.2257,262.943,76.5935],"timeVisible":0.469783,"tipPosition":[61.2395,280.204,35.2579],"tipVelocity":[-2.23001,42.2832,-191.17],"tool":false,"touchDistance":0.333333,"touchZone":"none","type":3,"width":18.0715},{"bases":[[[0.994531,-0.102453,0.020267],[0.0796824,0.86981,0.486911],[-0.067514,-0.482633,0.873217]],[[0.979577,-0.158788,0.12335],[0.193351,0.57555,-0.79458],[0.0551757,0.802202,0.594498]],[[0.979577,-0.158788,0.12335],[0.00806053,-0.581965,-0.813174],[0.200908,0.79756,-0.5688]],[[0.979577,-0.158788,0.12335],[-0.0950992,-0.906399,-0.411579],[0.177158,0.391443,-0.902988]]],"btipPosition":[66.366,292.535,38.4809],"carpPosition":[71.3838,315.254,83.4321],"dipPosition":[69.4187,299.28,22.9211],"direction":[-0.200908,-0.797561,0.5688],"extended":false,"handId":388,"id":3884,"length":50.4953,"mcpPosition":[75.2974,343.231,32.814],"pipPosition":[73.3471,314.874,11.7994],"stabilizedTipPosition":[70.7314,277.444,75.8589],"timeVisible":0.469783,"tipPosition":[67.1385,293.767,34.8483],"tipVelocity":[-6.39508,45.0741,-195.493],"tool":false,"touchDistance":0.333333,"touchZone":"none","type":4,"width":16.0525}],"r":[[0.987646,-0.14005,0.0702899],[0.140404,0.990094,-0.0000948545],[-0.0695803,0.00996268,0.997527]],"s":0.889872,"t":[-31.2569,101.967,-124.264],"timestamp":521253719287},false],[1,{"currentFrameRate":107.241,"devices":[],"gestures":[],"hands":[{"armBasis":[[0.831839,0.489373,-0.261837],[-0.253171,0.754388,0.605643],[0.493912,-0.437508,0.751424]],"armWidth":63.7005,"confidence":0.799916,"direction":[-0.215892,0.495784,-0.841183],"elbow":[192.174,186.486,289.97],"grabStrength":0,"id":388,"palmNormal":[0.271499,-0.797045,-0.539451],"palmPosition":[41.2291,325.271,39.6929],"palmVelocity":[-20.623,38.3052,-246.668],"palmWidth":90.9622,"pinchStrength":0.379055,"r":[[0.987736,-0.13834,0.0723856],[0.138875,0.990307,-0.00238589],[-0.0713539,0.0124092,0.997374]],"s":0.889941,"sphereCenter":[61.23,299.549,-1.0686],"sphereRadius":50.879,"stabilizedPalmPosition":[45.7622,306.533,88.252],"t":[-31.5422,102.243,-126.786],"timeVisible":0.47891,"type":"right","wrist":[58.8584,304.577,87.147]}],"id":4097693,"interactionBox":{"center":[0,200,0],"size":[235.247,235.247,147.751]},"pointables":[{"bases":[[[0.0924492,0.948406,0.30328],[-0.791989,-0.114566,0.59969],[0.603495,-0.295635,0.740536]],[[-0.0833647,0.993329,0.0796705],[-0.849189,-0.112649,0.515934],[0.521467,-0.0246447,0.852915]],[[-0.0833647,0.993329,0.0796705],[-0.986076,-0.0937711,0.137337],[0.143891,-0.0671121,0.987315]],[[-0.0833647,0.993329,0.0796705],[-0.923232,-0.0468937,-0.381371],[-0.375091,-0.105347,0.920983]]],"btipPosition":[13.6472,290.43,-12.4948],"carpPosition":[35.7984,284.448,85.2682],"dipPosition":[4.87142,287.965,9.05294],"direction":[-0.143891,0.0671121,-0.987315],"extended":false,"handId":388,"id":3880,"length":52.1005,"mcpPosition":[35.7984,284.448,85.2682],"pipPosition":[9.77598,285.678,42.7058],"stabilizedTipPosition":[14.8659,273.75,46.6657],"timeVisible":0.47891,"tipPosition":[11.6501,290.616,-7.32865],"tipVelocity":[-12.4664,1.62376,-241.236],"tool":false,"touchDistance":-0.57113,"touchZone":"hovering","type":0,"width":20.2438},{"bases":[[[0.888348,0.423191,-0.178175],[-0.323427,0.852139,0.411406],[0.325933,-0.307845,0.893867]],[[0.927395,0.371822,-0.0410771],[-0.359049,0.915557,0.181216],[0.104989,-0.15331,0.982585]],[[0.927395,0.371822,-0.0410771],[-0.372049,0.92821,0.00225075],[0.0389651,0.0131954,0.999153]],[[0.927395,0.371822,-0.0410771],[-0.373929,0.918241,-0.130428],[-0.0107774,0.136318,0.990606]]],"btipPosition":[6.50609,334.691,-62.4925],"carpPosition":[35.7441,308.112,86.5127],"dipPosition":[6.32201,337.019,-45.5726],"direction":[-0.0389651,-0.0131954,-0.999153],"extended":true,"handId":388,"id":3881,"length":58.7895,"mcpPosition":[11.7727,330.753,20.7713],"pipPosition":[7.26352,337.338,-21.43],"stabilizedTipPosition":[5.99904,318.83,-5.68837],"timeVisible":0.47891,"tipPosition":[6.56338,335.124,-58.3561],"tipVelocity":[-14.0821,13.0805,-255.421],"tool":false,"touchDistance":-0.596757,"touchZone":"hovering","type":1,"width":19.3369},{"bases":[[[0.966249,0.226199,-0.123278],[-0.161351,0.904451,0.394886],[0.200822,-0.361667,0.910422]],[[0.966335,0.226043,-0.122886],[-0.230777,0.550351,-0.802407],[-0.113748,0.803753,0.583989]],[[0.966335,0.226043,-0.122886],[0.033921,-0.585387,-0.810044],[-0.255041,0.778606,-0.573347]],[[0.966335,0.226043,-0.122886],[0.163966,-0.90912,-0.382905],[-0.198271,0.349865,-0.915578]]],"btipPosition":[48.2687,272.686,26.3772],"carpPosition":[45.8193,314.897,84.5167],"dipPosition":[44.5439,279.258,9.17691],"direction":[0.255041,-0.778606,0.573347],"extended":false,"handId":388,"id":3882,"length":66.986,"mcpPosition":[31.8127,340.122,21.0178],"pipPosition":[37.2937,301.392,-7.12204],"stabilizedTipPosition":[51.1078,257.107,67.7767],"timeVisible":0.47891,"tipPosition":[47.4056,274.123,22.8341],"tipVelocity":[-6.97145,36.0449,-240.169],"tool":false,"touchDistance":0.333333,"touchZone":"none","type":2,"width":18.9914},{"bases":[[[0.994665,0.101682,-0.0173736],[-0.0854201,0.90631,0.41389],[0.0578309,-0.410198,0.910161]],[[0.993281,0.110015,-0.0359062],[-0.0904027,0.543935,-0.834244],[-0.0722484,0.831885,0.550226]],[[0.993281,0.110015,-0.0359062],[0.0398248,-0.616268,-0.786529],[-0.108658,0.779814,-0.616509]],[[0.993281,0.110015,-0.0359062],[0.089978,-0.929292,-0.358219],[-0.0727766,0.352581,-0.932947]]],"btipPosition":[61.292,279.12,35.5466],"carpPosition":[57.318,318.772,82.6189],"dipPosition":[59.9327,285.706,18.1208],"direction":[0.108658,-0.779814,0.616509],"extended":false,"handId":388,"id":3883,"length":64.4088,"mcpPosition":[53.6966,344.459,25.6238],"pipPosition":[56.9236,307.302,1.04748],"stabilizedTipPosition":[65.2197,262.968,76.5299],"timeVisible":0.47891,"tipPosition":[60.9917,280.557,31.9721],"tipVelocity":[-9.14044,41.3083,-238.305],"tool":false,"touchDistance":0.333333,"touchZone":"none","type":3,"width":18.0715},{"bases":[[[0.995023,-0.0976335,0.0199382],[0.0757736,0.871268,0.484923],[-0.0647163,-0.480998,0.87433]],[[0.980194,-0.154325,0.124114],[0.191277,0.575333,-0.795239],[0.0513183,0.803228,0.593457]],[[0.980194,-0.154325,0.124114],[0.0109333,-0.583583,-0.81198],[0.19774,0.797254,-0.570337]],[[0.980194,-0.154325,0.124114],[-0.0911279,-0.907886,-0.409193],[0.17583,0.389778,-0.903967]]],"btipPosition":[66.0351,292.938,35.1783],"carpPosition":[70.9939,315.754,80.1103],"dipPosition":[69.0649,299.654,19.6016],"direction":[-0.19774,-0.797254,0.570337],"extended":false,"handId":388,"id":3884,"length":50.4953,"mcpPosition":[74.7453,343.636,29.4276],"pipPosition":[72.9313,315.243,8.4499],"stabilizedTipPosition":[70.7255,277.469,75.7937],"timeVisible":0.47891,"tipPosition":[66.81,294.164,31.5575],"tipVelocity":[-14.8525,44.6226,-241.835],"tool":false,"touchDistance":0.333333,"touchZone":"none","type":4,"width":16.0525}],"r":[[0.987736,-0.13834,0.0723856],[0.138875,0.990307,-0.00238589],[-0.0713539,0.0124092,0.997374]],"s":0.889941,"t":[-31.5422,102.243,-126.786],"timestamp":521253728414},false],[2,{"currentFrameRate":107.431,"devices":[],"gestures":[],"hands":[{"armBasis":[[0.834149,0.487087,-0.258733],[-0.256145,0.757574,0.600393],[0.488453,-0.434544,0.756694]],"armWidth":63.7005,"confidence":0.810429,"direction":[-0.217396,0.494088,-0.841793],"elbow":[190.507,187.514,289.852],"grabStrength":0,"id":388,"palmNormal":[0.273318,-0.797105,-0.538444],"palmPosition":[40.9696,325.389,38.1301],"palmVelocity":[-22.9042,31.429,-226.895],"palmWidth":90.9622,"pinchStrength":0.379545,"r":[[0.987876,-0.136454,0.0740335],[0.13716,0.990539,-0.00450197],[-0.0727188,0.0146018,0.997246]],"s":0.890008,"sphereCenter":[60.9915,299.661,-2.60771],"sphereRadius":50.8736,"stabilizedPalmPosition":[45.758,306.55,88.2073],"t":[-31.8146,102.44,-128.828],"timeVisible":0.487871,"type":"right","wrist":[58.6656,304.805,85.607]}],"id":4097694,"interactionBox":{"center":[0,200,0],"size":[235.247,235.247,147.751]},"pointables":[{"bases":[[[0.0901769,0.94905,0.301948],[-0.791511,-0.115719,0.6001],[0.604466,-0.29311,0.740748]],[[-0.086718,0.993241,0.0771518],[-0.848914,-0.114202,0.516045],[0.521368,-0.0207448,0.85308]],[[-0.086718,0.993241,0.0771518],[-0.985289,-0.0969553,0.140733],[0.147262,-0.0638127,0.987037]],[[-0.086718,0.993241,0.0771518],[-0.922682,-0.0508701,-0.382192],[-0.375684,-0.104329,0.920856]]],"btipPosition":[13.408,290.266,-13.9956],"carpPosition":[35.6553,284.615,83.7632],"dipPosition":[4.61832,287.825,7.54922],"direction":[-0.147262,0.0638127,-0.987037],"extended":false,"handId":388,"id":3880,"length":52.1005,"mcpPosition":[35.6553,284.615,83.7632],"pipPosition":[9.63777,285.65,41.1926],"stabilizedTipPosition":[14.8652,273.753,46.6552],"timeVisible":0.487871,"tipPosition":[11.4265,290.468,-8.84241],"tipVelocity":[-16.4563,-3.65044,-221.079],"tool":false,"touchDistance":-0.564872,"touchZone":"hovering","type":0,"width":20.2438},{"bases":[[[0.887232,0.425163,-0.17904],[-0.325423,0.851893,0.41034],[0.326984,-0.305803,0.894185]],[[0.926394,0.374189,-0.0421582],[-0.361372,0.91492,0.179812],[0.105855,-0.151342,0.982797]],[[0.926394,0.374189,-0.0421582],[-0.374458,0.927243,0.00163847],[0.039704,0.0142686,0.99911]],[[0.926394,0.374189,-0.0421582],[-0.37642,0.917223,-0.130419],[-0.0101328,0.136688,0.990562]]],"btipPosition":[6.1609,334.592,-64.0606],"carpPosition":[35.5423,308.281,84.9752],"dipPosition":[5.98783,336.927,-47.1414],"direction":[-0.039704,-0.0142686,-0.99911],"extended":true,"handId":388,"id":3881,"length":58.7895,"mcpPosition":[11.4936,330.772,19.2105],"pipPosition":[6.9472,337.272,-22.9999],"stabilizedTipPosition":[5.99909,318.836,-5.71101],"timeVisible":0.487871,"tipPosition":[6.22927,335.027,-59.9287],"tipVelocity":[-20.6907,6.5446,-233.423],"tool":false,"touchDistance":-0.588939,"touchZone":"hovering","type":1,"width":19.3369},{"bases":[[[0.965642,0.228441,-0.123898],[-0.163483,0.904587,0.393696],[0.202013,-0.359914,0.910853]],[[0.965707,0.228324,-0.123602],[-0.232551,0.548976,-0.802836],[-0.115452,0.804048,0.583247]],[[0.965707,0.228324,-0.123602],[0.035041,-0.586327,-0.809316],[-0.257257,0.777231,-0.574221]],[[0.965707,0.228324,-0.123602],[0.166143,-0.90928,-0.381584],[-0.199513,0.347963,-0.916033]]],"btipPosition":[48.1346,272.815,24.8662],"carpPosition":[45.5999,315.088,82.9667],"dipPosition":[44.3865,279.352,7.6574],"direction":[0.257257,-0.777231,0.574221],"extended":false,"handId":388,"id":3882,"length":66.986,"mcpPosition":[31.5102,340.191,19.4378],"pipPosition":[37.0733,301.447,-8.6664],"stabilizedTipPosition":[51.1045,257.123,67.7354],"timeVisible":0.487871,"tipPosition":[47.2674,274.242,21.3196],"tipVelocity":[-9.32017,29.8835,-220.654],"tool":false,"touchDistance":0.333333,"touchZone":"none","type":2,"width":18.9914},{"bases":[[[0.994403,0.104141,-0.0178316],[-0.0875517,0.906662,0.412673],[0.0591433,-0.408802,0.910705]],[[0.992984,0.112487,-0.0364696],[-0.092191,0.543273,-0.834479],[-0.0740549,0.831986,0.549832]],[[0.992984,0.112487,-0.0364696],[0.0410153,-0.61689,-0.78598],[-0.11091,0.77897,-0.617175]],[[0.992984,0.112487,-0.0364696],[0.09219,-0.929551,-0.356982],[-0.0740561,0.351115,-0.933399]]],"btipPosition":[61.1471,279.296,33.9981],"carpPosition":[57.0882,318.989,81.0599],"dipPosition":[59.7638,285.855,16.5638],"direction":[0.11091,-0.77897,0.617175],"extended":false,"handId":388,"id":3883,"length":64.4088,"mcpPosition":[53.3846,344.588,24.0308],"pipPosition":[56.6924,307.427,-0.52795],"stabilizedTipPosition":[65.2153,262.986,76.4831],"timeVisible":0.487871,"tipPosition":[60.841,280.725,30.4251],"tipVelocity":[-11.2332,35.1879,-220.446],"tool":false,"touchDistance":0.333333,"touchZone":"none","type":3,"width":18.0715},{"bases":[[[0.99527,-0.0951217,0.0197536],[0.0737515,0.87212,0.483702],[-0.0632381,-0.479958,0.87501]],[[0.98045,-0.15213,0.1248],[0.190517,0.575297,-0.795447],[0.0492144,0.803673,0.593033]],[[0.98045,-0.15213,0.1248],[0.012536,-0.584661,-0.811181],[0.196371,0.796887,-0.571323]],[[0.98045,-0.15213,0.1248],[-0.0891638,-0.908875,-0.407426],[0.175409,0.388333,-0.904671]]],"btipPosition":[65.8348,293.142,33.6261],"carpPosition":[70.7709,316.001,78.5511],"dipPosition":[68.8573,299.833,18.0372],"direction":[-0.196371,-0.796887,0.571323],"extended":false,"handId":388,"id":3884,"length":50.4953,"mcpPosition":[74.4366,343.823,27.829],"pipPosition":[72.697,315.415,6.86623],"stabilizedTipPosition":[70.7211,277.487,75.7449],"timeVisible":0.487871,"tipPosition":[66.6131,294.361,30.0142],"tipVelocity":[-16.9566,38.4656,-223.15],"tool":false,"touchDistance":0.333333,"touchZone":"none","type":4,"width":16.0525}],"r":[[0.987876,-0.136454,0.0740335],[0.13716,0.990539,-0.00450197],[-0.0727188,0.0146018,0.997246]],"s":0.890008,"t":[-31.8146,102.44,-128.828],"timestamp":521253737375},false],[3,{"currentFrameRate":107.579,"devices":[],"gestures":[],"hands":[{"armBasis":[[0.84218,0.478711,-0.248128],[-0.256368,0.760346,0.596782],[0.47435,-0.438986,0.763075]],"armWidth":63.7005,"confidence":0.823267,"direction":[-0.218669,0.493906,-0.84157],"elbow":[186.713,186.168,290.475],"grabStrength":0,"id":388,"palmNormal":[0.272494,-0.797225,-0.538683],"palmPosition":[40.9102,325.233,37.0534],"palmVelocity":[-18.4083,18.0086,-197.265],"palmWidth":90.9622,"pinchStrength":0.381724,"r":[[0.988007,-0.134941,0.0750547],[0.135789,0.990718,-0.00628216],[-0.0735103,0.0163984,0.99716]],"s":0.890034,"sphereCenter":[60.9294,299.509,-3.73989],"sphereRadius":50.9063,"stabilizedPalmPosition":[45.7549,306.562,88.1748],"t":[-31.9805,102.46,-130.387],"timeVisible":0.496899,"type":"right","wrist":[58.6781,304.658,84.5079]}],"id":4097695,"interactionBox":{"center":[0,200,0],"size":[235.247,235.247,147.751]},"pointables":[{"bases":[[[0.0906422,0.949115,0.301603],[-0.7906,-0.115581,0.601326],[0.605587,-0.292953,0.739894]],[[-0.0887513,0.993284,0.0742332],[-0.849014,-0.114412,0.515835],[0.520864,-0.0172439,0.853466]],[[-0.0887513,0.993284,0.0742332],[-0.983991,-0.0989961,0.148192],[0.154545,-0.0598926,0.986169]],[[-0.0887513,0.993284,0.0742332],[-0.923329,-0.0540879,-0.380181],[-0.373613,-0.102283,0.921928]]],"btipPosition":[13.1461,289.764,-15.0701],"carpPosition":[35.6649,284.469,82.7034],"dipPosition":[4.40486,287.371,6.49976],"direction":[-0.154545,0.0598926,-0.986169],"extended":false,"handId":388,"id":3880,"length":52.1005,"mcpPosition":[35.6649,284.469,82.7034],"pipPosition":[9.67255,285.329,40.1135],"stabilizedTipPosition":[14.8647,273.755,46.6473],"timeVisible":0.496899,"tipPosition":[11.218,290.033,-9.9067],"tipVelocity":[-19.5733,-17.6332,-192.806],"tool":false,"touchDistance":-0.552749,"touchZone":"hovering","type":0,"width":20.2438},{"bases":[[[0.886963,0.425117,-0.180479],[-0.324794,0.851985,0.410647],[0.328338,-0.30561,0.893754]],[[0.926264,0.374301,-0.0439649],[-0.361199,0.914971,0.179896],[0.107562,-0.150752,0.982703]],[[0.926264,0.374301,-0.0439649],[-0.374547,0.927204,0.00280143],[0.041813,0.0138721,0.999029]],[[0.926264,0.374301,-0.0439649],[-0.376794,0.917346,-0.128458],[-0.00775082,0.135552,0.99074]]],"btipPosition":[5.90796,334.436,-65.0908],"carpPosition":[35.5539,308.135,83.9104],"dipPosition":[5.77557,336.751,-48.1686],"direction":[-0.041813,-0.0138721,-0.999029],"extended":true,"handId":388,"id":3881,"length":58.7895,"mcpPosition":[11.4056,330.611,18.1774],"pipPosition":[6.7859,337.086,-24.029],"stabilizedTipPosition":[5.99906,318.841,-5.7274],"timeVisible":0.496899,"tipPosition":[5.99662,334.863,-60.9634],"tipVelocity":[-22.4225,-0.169021,-200.554],"tool":false,"touchDistance":-0.573821,"touchZone":"hovering","type":1,"width":19.3369},{"bases":[[[0.965454,0.228406,-0.125413],[-0.162879,0.904674,0.393745],[0.203392,-0.359716,0.910624]],[[0.965462,0.228392,-0.125379],[-0.234305,0.550632,-0.80119],[-0.113948,0.802896,0.585128]],[[0.965462,0.228392,-0.125379],[0.0331222,-0.584908,-0.810423],[-0.25843,0.77828,-0.572271]],[[0.965462,0.228392,-0.125379],[0.165316,-0.908941,-0.38275],[-0.20138,0.348803,-0.915305]]],"btipPosition":[48.043,272.665,23.6409],"carpPosition":[45.6085,314.941,81.8852],"dipPosition":[44.2598,279.217,6.44576],"direction":[0.25843,-0.77828,0.572271],"extended":false,"handId":388,"id":3882,"length":66.986,"mcpPosition":[31.4226,340.03,18.3722],"pipPosition":[36.9132,301.342,-9.82261],"stabilizedTipPosition":[51.1021,257.133,67.7059],"timeVisible":0.496899,"tipPosition":[47.1733,274.095,20.1308],"tipVelocity":[-9.79555,17.1799,-197.177],"tool":false,"touchDistance":0.333333,"touchZone":"none","type":2,"width":18.9914},{"bases":[[[0.994375,0.104129,-0.0193636],[-0.0869184,0.906753,0.412607],[0.0605223,-0.408603,0.910703]],[[0.992913,0.112547,-0.0381715],[-0.0938787,0.545825,-0.832624],[-0.0728743,0.830306,0.552522]],[[0.992913,0.112547,-0.0381715],[0.0394463,-0.615084,-0.787474],[-0.112107,0.780388,-0.615164]],[[0.992913,0.112547,-0.0381715],[0.0915657,-0.929226,-0.357986],[-0.0757602,0.351954,-0.932946]]],"btipPosition":[61.0787,279.157,32.714],"carpPosition":[57.094,318.842,79.9601],"dipPosition":[59.6636,285.731,15.2882],"direction":[0.112107,-0.780388,0.615164],"extended":false,"handId":388,"id":3883,"length":64.4088,"mcpPosition":[53.304,344.429,22.931],"pipPosition":[56.559,307.343,-1.74791],"stabilizedTipPosition":[65.2121,262.999,76.4492],"timeVisible":0.496899,"tipPosition":[60.7662,280.587,29.186],"tipVelocity":[-10.4492,21.3584,-198.855],"tool":false,"touchDistance":0.333333,"touchZone":"none","type":3,"width":18.0715},{"bases":[[[0.995298,-0.0951252,0.0182639],[0.0744921,0.872225,0.483399],[-0.0619136,-0.479765,0.87521]],[[0.980506,-0.152446,0.123971],[0.190041,0.575415,-0.795476],[0.0499323,0.803528,0.593169]],[[0.980506,-0.152446,0.123971],[0.0115723,-0.585028,-0.810931],[0.19615,0.796557,-0.571859]],[[0.980506,-0.152446,0.123971],[-0.0899603,-0.9092,-0.406526],[0.174688,0.387448,-0.905189]]],"btipPosition":[65.7513,293.01,32.5091],"carpPosition":[70.7727,315.854,77.4312],"dipPosition":[68.7614,299.686,16.9113],"direction":[-0.19615,-0.796557,0.571859],"extended":false,"handId":388,"id":3884,"length":50.4953,"mcpPosition":[74.3617,343.664,26.6974],"pipPosition":[72.5967,315.261,5.72987],"stabilizedTipPosition":[70.7178,277.5,75.7091],"timeVisible":0.496899,"tipPosition":[66.5304,294.225,28.8997],"tipVelocity":[-14.922,23.7415,-195.839],"tool":false,"touchDistance":0.333333,"touchZone":"none","type":4,"width":16.0525}],"r":[[0.988007,-0.134941,0.0750547],[0.135789,0.990718,-0.00628216],[-0.0735103,0.0163984,0.99716]],"s":0.890034,"t":[-31.9805,102.46,-130.387],"timestamp":521253746403},false],[4,{"currentFrameRate":107.719,"devices":[],"gestures":[],"hands":[{"armBasis":[[0.845033,0.473876,-0.247713],[-0.252771,0.762246,0.595893],[0.471197,-0.440934,0.763905]],"armWidth":63.7005,"confidence":0.831376,"direction":[-0.216919,0.490801,-0.843837],"elbow":[185.575,185.798,289.14],"grabStrength":0,"id":388,"palmNormal":[0.269537,-0.800702,-0.535],"palmPosition":[40.6951,325.234,35.4006],"palmVelocity":[-19.8995,13.0672,-193.359],"palmWidth":90.9622,"pinchStrength":0.389501,"r":[[0.988012,-0.134382,0.0759837],[0.135418,0.990751,-0.00862638],[-0.0741217,0.0188125,0.997072]],"s":0.889928,"sphereCenter":[60.6392,299.263,-5.29975],"sphereRadius":50.9226,"stabilizedPalmPosition":[45.7526,306.57,88.1511],"t":[-32.171,102.471,-131.994],"timeVisible":0.505927,"type":"right","wrist":[58.3909,304.814,82.9489]}],"id":4097696,"interactionBox":{"center":[0,200,0],"size":[235.247,235.247,147.751]},"pointables":[{"bases":[[[0.0941365,0.950163,0.2972],[-0.790975,-0.109901,0.601897],[0.604563,-0.291738,0.74121]],[[-0.0886389,0.993941,0.0650015],[-0.850492,-0.109491,0.514466],[0.518466,-0.00968152,0.855044]],[[-0.0886389,0.993941,0.0650015],[-0.982985,-0.0978292,0.155469],[0.160886,-0.0501149,0.9857]],[[-0.0886389,0.993941,0.0650015],[-0.922092,-0.0572025,-0.38272],[-0.376683,-0.0938612,0.921575]]],"btipPosition":[12.7604,289.088,-16.5889],"carpPosition":[35.3038,284.701,81.2392],"dipPosition":[3.94735,286.892,4.97271],"direction":[-0.160886,0.0501149,-0.9857],"extended":false,"handId":388,"id":3880,"length":52.1005,"mcpPosition":[35.3038,284.701,81.2392],"pipPosition":[9.43118,285.184,38.5705],"stabilizedTipPosition":[14.8642,273.757,46.6403],"timeVisible":0.505927,"tipPosition":[10.8315,289.509,-11.4313],"tipVelocity":[-26.4496,-32.0074,-186.098],"tool":false,"touchDistance":-0.548618,"touchZone":"hovering","type":0,"width":20.2438},{"bases":[[[0.8885,0.421027,-0.182493],[-0.321644,0.85506,0.406714],[0.32728,-0.302668,0.895142]],[[0.927583,0.370782,-0.0459513],[-0.357919,0.917137,0.175368],[0.107167,-0.146222,0.98343]],[[0.927583,0.370782,-0.0459513],[-0.371214,0.928547,-0.00093479],[0.0423213,0.0179248,0.998943]],[[0.927583,0.370782,-0.0459513],[-0.373561,0.918236,-0.13151],[-0.00656724,0.139152,0.990249]]],"btipPosition":[5.69589,334.103,-66.7875],"carpPosition":[35.2796,308.372,82.3365],"dipPosition":[5.58372,336.479,-49.8737],"direction":[-0.0423213,-0.0179248,-0.998943],"extended":true,"handId":388,"id":3881,"length":58.7895,"mcpPosition":[11.2091,330.632,16.5014],"pipPosition":[6.60633,336.913,-25.7362],"stabilizedTipPosition":[5.99899,318.844,-5.73953],"timeVisible":0.505927,"tipPosition":[5.79456,334.544,-62.665],"tipVelocity":[-22.5747,-9.84388,-197.141],"tool":false,"touchDistance":-0.570252,"touchZone":"hovering","type":1,"width":19.3369},{"bases":[[[0.966275,0.224288,-0.126521],[-0.159539,0.907078,0.389561],[0.202138,-0.356238,0.912269]],[[0.966224,0.224377,-0.126751],[-0.233162,0.551682,-0.800801],[-0.109755,0.803307,0.585364]],[[0.966224,0.224377,-0.126751],[0.0296423,-0.585351,-0.810238],[-0.255993,0.779114,-0.572232]],[[0.966224,0.224377,-0.126751],[0.16144,-0.910396,-0.38094],[-0.200868,0.347611,-0.91587]]],"btipPosition":[47.5999,272.592,21.9184],"carpPosition":[45.3589,315.132,80.2793],"dipPosition":[43.8263,279.122,4.71259],"direction":[0.255993,-0.779114,0.572232],"extended":false,"handId":388,"id":3882,"length":66.986,"mcpPosition":[31.2604,339.979,16.6515],"pipPosition":[36.549,301.271,-11.5546],"stabilizedTipPosition":[51.1002,257.14,67.6844],"timeVisible":0.505927,"tipPosition":[46.7449,274.02,18.4843],"tipVelocity":[-20.5435,10.0781,-195.495],"tool":false,"touchDistance":0.333333,"touchZone":"none","type":2,"width":18.9914},{"bases":[[[0.994748,0.100398,-0.0198986],[-0.0835703,0.908966,0.408408],[0.0590905,-0.404601,0.912582]],[[0.993306,0.10878,-0.0388487],[-0.0921293,0.543235,-0.834511],[-0.0696738,0.832504,0.549621]],[[0.993306,0.10878,-0.0388487],[0.0370336,-0.618488,-0.784921],[-0.109411,0.778229,-0.618377]],[[0.993306,0.10878,-0.0388487],[0.0881572,-0.931256,-0.35354],[-0.0746361,0.347749,-0.934612]]],"btipPosition":[60.6942,279.087,31.2215],"carpPosition":[56.8584,318.982,78.3355],"dipPosition":[59.3001,285.582,13.7645],"direction":[0.109411,-0.778229,0.618377],"extended":false,"handId":388,"id":3883,"length":64.4088,"mcpPosition":[53.1581,344.318,21.1888],"pipPosition":[56.2701,307.134,-3.36053],"stabilizedTipPosition":[65.2097,263.007,76.4246],"timeVisible":0.505927,"tipPosition":[60.386,280.496,27.6894],"tipVelocity":[-19.1508,12.7813,-189.842],"tool":false,"touchDistance":0.333333,"touchZone":"none","type":3,"width":18.0715},{"bases":[[[0.994944,-0.0986819,0.0186511],[0.0777178,0.874175,0.479351],[-0.0636076,-0.475478,0.877425]],[[0.979864,-0.155673,0.125029],[0.192543,0.570959,-0.798081],[0.0528534,0.806084,0.589436]],[[0.979864,-0.155673,0.125029],[0.00949999,-0.589133,-0.80798],[0.19944,0.792898,-0.575792]],[[0.979864,-0.155673,0.125029],[-0.0934472,-0.910929,-0.40184],[0.176448,0.382065,-0.907134]]],"btipPosition":[65.4048,292.914,31.0117],"carpPosition":[70.526,315.932,75.8197],"dipPosition":[68.4452,299.497,15.3803],"direction":[-0.19944,-0.792898,0.575792],"extended":false,"handId":388,"id":3884,"length":50.4953,"mcpPosition":[74.2131,343.494,24.9576],"pipPosition":[72.3448,315,4.12199],"stabilizedTipPosition":[70.7153,277.509,75.6829],"timeVisible":0.505927,"tipPosition":[66.1925,294.108,27.3937],"tipVelocity":[-21.1676,13.6196,-187.823],"tool":false,"touchDistance":0.333333,"touchZone":"none","type":4,"width":16.0525}],"r":[[0.988012,-0.134382,0.0759837],[0.135418,0.990751,-0.00862638],[-0.0741217,0.0188125,0.997072]],"s":0.889928,"t":[-32.171,102.471,-131.994],"timestamp":521253755431},false],[5,{"currentFrameRate":107.708,"devices":[],"gestures":[],"hands":[{"armBasis":[[0.843918,0.473847,-0.251537],[-0.250783,0.76294,0.595844],[0.474247,-0.439763,0.762692]],"armWidth":63.7005,"confidence":0.845671,"direction":[-0.216813,0.490062,-0.844293],"elbow":[186.316,185.999,287.811],"grabStrength":0,"id":388,"palmNormal":[0.267752,-0.801847,-0.534183],"palmPosition":[40.6061,325.086,34.3875],"palmVelocity":[-16.98,4.89145,-169.499],"palmWidth":90.9622,"pinchStrength":0.39742,"r":[[0.987984,-0.134243,0.0765947],[0.135451,0.990725,-0.0107831],[-0.0744368,0.0210284,0.997004]],"s":0.889817,"sphereCenter":[60.4424,299.041,-6.30945],"sphereRadius":50.9229,"stabilizedPalmPosition":[45.751,306.576,88.1339],"t":[-32.3107,102.402,-133.303],"timeVisible":0.515232,"type":"right","wrist":[58.308,304.699,81.9474]}],"id":4097697,"interactionBox":{"center":[0,200,0],"size":[235.247,235.247,147.751]},"pointables":[{"bases":[[[0.0959696,0.950391,0.295882],[-0.79065,-0.107799,0.602704],[0.604701,-0.29178,0.741081]],[[-0.090316,0.994144,0.0593312],[-0.851207,-0.107983,0.513602],[0.517001,-0.00411664,0.855975]],[[-0.090316,0.994144,0.0593312],[-0.981633,-0.0989154,0.163135],[0.168048,-0.0435077,0.984818]],[[-0.090316,0.994144,0.0593312],[-0.920703,-0.0606357,-0.385524],[-0.379669,-0.0894455,0.920788]]],"btipPosition":[12.5414,288.403,-17.5427],"carpPosition":[35.186,284.622,80.2834],"dipPosition":[3.65846,286.31,4.00051],"direction":[-0.168049,0.0435077,-0.984818],"extended":false,"handId":388,"id":3880,"length":52.1005,"mcpPosition":[35.186,284.622,80.2834],"pipPosition":[9.38642,284.827,37.5682],"stabilizedTipPosition":[14.8636,273.759,46.6325],"timeVisible":0.515232,"tipPosition":[10.6064,288.932,-12.3982],"tipVelocity":[-26.115,-43.0445,-162.617],"tool":false,"touchDistance":-0.53646,"touchZone":"hovering","type":0,"width":20.2438},{"bases":[[[0.889046,0.419308,-0.183789],[-0.319877,0.856124,0.40587],[0.32753,-0.302047,0.895261]],[[0.9281,0.369289,-0.0475021],[-0.35636,0.917995,0.174049],[0.107881,-0.144607,0.983591]],[[0.9281,0.369289,-0.0475021],[-0.369766,0.929124,-0.00136831],[0.04363,0.0188346,0.99887]],[[0.9281,0.369289,-0.0475021],[-0.3723,0.918785,-0.131252],[-0.00482582,0.1395,0.99021]]],"btipPosition":[5.50799,333.882,-67.7873],"carpPosition":[35.2021,308.294,81.3499],"dipPosition":[5.42556,336.265,-50.8742],"direction":[-0.04363,-0.0188346,-0.99887],"extended":true,"handId":388,"id":3881,"length":58.7895,"mcpPosition":[11.1132,330.509,15.5061],"pipPosition":[6.4798,336.72,-26.7384],"stabilizedTipPosition":[5.99891,318.847,-5.74892],"timeVisible":0.515232,"tipPosition":[5.62047,334.328,-63.6683],"tipVelocity":[-21.6944,-13.7161,-171.813],"tool":false,"touchDistance":-0.556559,"touchZone":"hovering","type":1,"width":19.3369},{"bases":[[[0.96654,0.222512,-0.127626],[-0.157699,0.907849,0.388512],[0.202313,-0.355386,0.912562]],[[0.966422,0.22272,-0.12816],[-0.233766,0.554949,-0.798364],[-0.106689,0.801516,0.588379]],[[0.966422,0.22272,-0.12816],[0.0267166,-0.583141,-0.811931],[-0.255569,0.781244,-0.569511]],[[0.966422,0.22272,-0.12816],[0.159127,-0.910333,-0.382063],[-0.201762,0.34884,-0.915206]]],"btipPosition":[47.3767,272.438,20.6589],"carpPosition":[45.2909,315.035,79.2754],"dipPosition":[43.5863,278.992,3.46561],"direction":[0.255569,-0.781244,0.569511],"extended":false,"handId":388,"id":3882,"length":66.986,"mcpPosition":[31.1802,339.822,15.6272],"pipPosition":[36.3211,301.201,-12.7243],"stabilizedTipPosition":[51.0987,257.146,67.6684],"timeVisible":0.515232,"tipPosition":[46.53,273.869,17.2969],"tipVelocity":[-21.6339,2.72394,-178.422],"tool":false,"touchDistance":0.333333,"touchZone":"none","type":2,"width":18.9914},{"bases":[[[0.994897,0.0987135,-0.0208658],[-0.0817117,0.909635,0.407293],[0.0591856,-0.40351,0.913059]],[[0.993447,0.107102,-0.0398908],[-0.0919338,0.541508,-0.835654],[-0.0678988,0.833845,0.547806]],[[0.993447,0.107102,-0.0398908],[0.035573,-0.621463,-0.782635],[-0.108612,0.776088,-0.621201]],[[0.993447,0.107102,-0.0398908],[0.0865184,-0.932814,-0.349818],[-0.0746769,0.344075,-0.935968]]],"btipPosition":[60.5244,278.967,30.3576],"carpPosition":[56.7952,318.863,77.3169],"dipPosition":[59.1295,285.394,12.8753],"direction":[0.108612,-0.776088,0.621201],"extended":false,"handId":388,"id":3883,"length":64.4088,"mcpPosition":[53.0889,344.131,20.1404],"pipPosition":[56.1217,306.887,-4.32794],"stabilizedTipPosition":[65.2079,263.014,76.4066],"timeVisible":0.515232,"tipPosition":[60.2155,280.345,26.7575],"tipVelocity":[-18.9019,5.07751,-162.622],"tool":false,"touchDistance":0.333333,"touchZone":"none","type":3,"width":18.0715},{"bases":[[[0.994794,-0.100316,0.0179432],[0.0795779,0.874668,0.478145],[-0.0636599,-0.474228,0.878097]],[[0.979587,-0.157445,0.12498],[0.193438,0.569163,-0.799147],[0.0546876,0.80701,0.588001]],[[0.979587,-0.157445,0.12498],[0.00797635,-0.590797,-0.806781],[0.200862,0.791309,-0.577481]],[[0.979587,-0.157445,0.12498],[-0.0954803,-0.911546,-0.39996],[0.176897,0.379863,-0.907971]]],"btipPosition":[65.237,292.733,30.0448],"carpPosition":[70.4555,315.787,74.7936],"dipPosition":[68.2852,299.278,14.399],"direction":[-0.200862,-0.791309,0.577481],"extended":false,"handId":388,"id":3884,"length":50.4953,"mcpPosition":[74.1457,343.277,23.8925],"pipPosition":[72.2126,314.75,3.10764],"stabilizedTipPosition":[70.7134,277.516,75.6635],"timeVisible":0.515232,"tipPosition":[66.031,293.923,26.4149],"tipVelocity":[-20.228,4.01548,-164.225],"tool":false,"touchDistance":0.333333,"touchZone":"none","type":4,"width":16.0525}],"r":[[0.987984,-0.134243,0.0765947],[0.135451,0.990725,-0.0107831],[-0.0744368,0.0210284,0.997004]],"s":0.889817,"t":[-32.3107,102.402,-133.303],"timestamp":521253764736},false],[6,{"currentFrameRate":107.98,"devices":[],"gestures":[],"hands":[{"armBasis":[[0.845592,0.471082,-0.251109],[-0.251483,0.766454,0.59102],[0.470882,-0.436612,0.766576]],"armWidth":63.7005,"confidence":0.855095,"direction":[-0.216741,0.487,-0.846082],"elbow":[185.271,186.892,287.408],"grabStrength":0,"id":388,"palmNormal":[0.26785,-0.803758,-0.531253],"palmPosition":[40.4739,324.956,32.8602],"palmVelocity":[-16.4715,-0.404744,-170.757],"palmWidth":90.9622,"pinchStrength":0.404618,"r":[[0.987961,-0.134065,0.0772024],[0.135469,0.990693,-0.0132208],[-0.0747115,0.0235202,0.996928]],"s":0.889878,"sphereCenter":[60.2374,298.787,-7.73129],"sphereRadius":50.9098,"stabilizedPalmPosition":[45.7499,306.58,88.1222],"t":[-32.4467,102.303,-134.722],"timeVisible":0.524,"type":"right","wrist":[58.1713,304.741,80.4955]}],"id":4097698,"interactionBox":{"center":[0,200,0],"size":[235.247,235.247,147.751]},"pointables":[{"bases":[[[0.0958915,0.951458,0.292459],[-0.790712,-0.105659,0.603001],[0.604631,-0.289074,0.742198]],[[-0.0942618,0.99426,0.0506114],[-0.852454,-0.106868,0.511763],[0.514234,0.00509574,0.857635]],[[-0.0942618,0.99426,0.0506114],[-0.980221,-0.101577,0.169851],[0.174017,-0.0335999,0.984169]],[[-0.0942618,0.99426,0.0506114],[-0.917771,-0.0670863,-0.391403],[-0.385761,-0.083344,0.918827]]],"btipPosition":[12.483,287.498,-18.9395],"carpPosition":[35.0504,284.657,78.9014],"dipPosition":[3.45755,285.548,2.55777],"direction":[-0.174017,0.0335999,-0.984169],"extended":false,"handId":388,"id":3880,"length":52.1005,"mcpPosition":[35.0504,284.657,78.9014],"pipPosition":[9.38895,284.403,36.1034],"stabilizedTipPosition":[14.8629,273.761,46.623],"timeVisible":0.524,"tipPosition":[10.4943,288.161,-13.8168],"tipVelocity":[-21.894,-58.1819,-162.053],"tool":false,"touchDistance":-0.532258,"touchZone":"hovering","type":0,"width":20.2438},{"bases":[[[0.889047,0.418683,-0.185202],[-0.319963,0.857569,0.402739],[0.327443,-0.298797,0.896382]],[[0.928028,0.369272,-0.0490194],[-0.356543,0.918637,0.170245],[0.107898,-0.140515,0.984182]],[[0.928028,0.369272,-0.0490194],[-0.369914,0.929056,-0.00441141],[0.0439127,0.0222269,0.998788]],[[0.928028,0.369272,-0.0490194],[-0.372486,0.918364,-0.133647],[-0.00433434,0.142287,0.989816]]],"btipPosition":[5.36163,333.377,-69.354],"carpPosition":[35.0653,308.334,79.8824],"dipPosition":[5.2876,335.807,-52.4476],"direction":[-0.0439127,-0.0222269,-0.998788],"extended":true,"handId":388,"id":3881,"length":58.7895,"mcpPosition":[10.9828,330.31,13.956],"pipPosition":[6.34867,336.345,-28.3138],"stabilizedTipPosition":[5.99883,318.849,-5.7562],"timeVisible":0.524,"tipPosition":[5.4821,333.84,-65.2394],"tipVelocity":[-20.2919,-25.1634,-173.705],"tool":false,"touchDistance":-0.55276,"touchZone":"hovering","type":1,"width":19.3369},{"bases":[[[0.966544,0.222095,-0.12832],[-0.157786,0.909238,0.385213],[0.202227,-0.352078,0.913863]],[[0.966398,0.222349,-0.128979],[-0.234106,0.554111,-0.798846],[-0.106154,0.802198,0.587545]],[[0.966398,0.222349,-0.128979],[0.0262109,-0.584389,-0.81105],[-0.25571,0.780417,-0.570581]],[[0.966398,0.222349,-0.128979],[0.158985,-0.911307,-0.379793],[-0.201986,0.346526,-0.916036]]],"btipPosition":[47.2283,272.274,19.1637],"carpPosition":[45.154,315.068,77.7847],"dipPosition":[43.4337,278.784,1.95483],"direction":[0.25571,-0.780417,0.570581],"extended":false,"handId":388,"id":3882,"length":66.986,"mcpPosition":[31.0493,339.624,14.0458],"pipPosition":[36.1644,300.969,-14.2655],"stabilizedTipPosition":[51.0977,257.149,67.6573],"timeVisible":0.524,"tipPosition":[46.3868,273.695,15.822],"tipVelocity":[-20.3993,-3.34329,-176.412],"tool":false,"touchDistance":0.333333,"touchZone":"none","type":2,"width":18.9914},{"bases":[[[0.994895,0.0986847,-0.0211102],[-0.0818004,0.911096,0.403996],[0.0591017,-0.400207,0.914517]],[[0.993441,0.107033,-0.0402324],[-0.0918195,0.537034,-0.838549],[-0.0681465,0.836743,0.543339]],[[0.993441,0.107033,-0.0402324],[0.0359898,-0.626657,-0.778464],[-0.108533,0.77191,-0.626399]],[[0.993441,0.107033,-0.0402324],[0.0868352,-0.935109,-0.343557],[-0.0743936,0.33781,-0.93827]]],"btipPosition":[60.3964,278.89,29.1496],"carpPosition":[56.6583,318.889,75.8137],"dipPosition":[59.0068,285.199,11.6243],"direction":[0.108533,-0.77191,0.626399],"extended":false,"handId":388,"id":3883,"length":64.4088,"mcpPosition":[52.9573,343.95,18.5458],"pipPosition":[56.0012,306.576,-5.72291],"stabilizedTipPosition":[65.2067,263.018,76.3942],"timeVisible":0.524,"tipPosition":[60.087,280.228,25.4608],"tipVelocity":[-17.7083,0.50919,-156.253],"tool":false,"touchDistance":0.333333,"touchZone":"none","type":3,"width":18.0715},{"bases":[[[0.994797,-0.100203,0.0184173],[0.0794829,0.876393,0.474993],[-0.0637366,-0.471057,0.879797]],[[0.979306,-0.157621,0.126949],[0.194569,0.560584,-0.804915],[0.0557059,0.812958,0.579651]],[[0.979306,-0.157621,0.126949],[0.00749178,-0.598596,-0.801016],[0.202248,0.78539,-0.585028]],[[0.979306,-0.157621,0.126949],[-0.0961638,-0.914322,-0.393406],[0.178081,0.373057,-0.910558]]],"btipPosition":[65.0215,292.589,28.9429],"carpPosition":[70.3191,315.805,73.3031],"dipPosition":[68.0901,299.017,13.2526],"direction":[-0.202248,-0.78539,0.585028],"extended":false,"handId":388,"id":3884,"length":50.4953,"mcpPosition":[74.0138,343.111,22.3034],"pipPosition":[72.0446,314.374,1.81369],"stabilizedTipPosition":[70.7121,277.52,75.6499],"timeVisible":0.524,"tipPosition":[65.8434,293.786,25.1964],"tipVelocity":[-21.2512,-2.29106,-154.183],"tool":false,"touchDistance":0.333333,"touchZone":"none","type":4,"width":16.0525}],"r":[[0.987961,-0.134065,0.0772024],[0.135469,0.990693,-0.0132208],[-0.0747115