{"sensorType":"Leap","data":[[0,{"currentFrameRate":102.959,"devices":[],"gestures":[],"hands":[{"armBasis":[[0.860268,0.453087,-0.233777],[-0.249986,0.774477,0.581113],[0.44435,-0.441471,0.779523]],"armWidth":63.7005,"confidence":0.765721,"direction":[-0.394837,0.572457,-0.718607],"elbow":[198.306,175.814,285.479],"grabStrength":0,"id":389,"palmNormal":[0.202416,-0.708737,-0.675811],"palmPosition":[51.0988,319.676,34.61],"palmVelocity":[-30.8016,-20.5983,-206.99],"palmWidth":90.9622,"pinchStrength":0.383374,"r":[[0.942581,0.286829,0.171084],[-0.307716,0.944974,0.111065],[-0.129813,-0.157333,0.978976]],"s":1.13243,"sphereCenter":[66.4596,299.428,-12.923],"sphereRadius":51.544,"stabilizedPalmPosition":[61.3938,298.93,99.1057],"t":[-26.3527,112.089,-159.307],"timeVisible":0.50614,"type":"right","wrist":[78.3685,294.975,75.0721]}],"id":4098088,"interactionBox":{"center":[0,200,0],"size":[235.247,235.247,147.751]},"pointables":[{"bases":[[[0.102527,0.911524,0.398262],[-0.657669,-0.238263,0.714634],[0.746297,-0.335194,0.575053]],[[-0.113939,0.969211,0.218284],[-0.743493,-0.228918,0.628343],[0.658966,-0.0907,0.746684]],[[-0.113939,0.969211,0.218284],[-0.894675,-0.195626,0.401605],[0.431942,-0.149535,0.889419]],[[-0.113939,0.969211,0.218284],[-0.97722,-0.0697368,-0.200445],[-0.179051,-0.23615,0.955078]]],"btipPosition":[12.9466,288.763,-15.0161],"carpPosition":[56.3642,273.615,74.9066],"dipPosition":[8.75747,283.238,7.32933],"direction":[-0.431942,0.149535,-0.889419],"extended":false,"handId":389,"id":3890,"length":52.1005,"mcpPosition":[56.3642,273.615,74.9066],"pipPosition":[23.4803,278.141,37.6453],"stabilizedTipPosition":[18.808,262.455,65.5855],"timeVisible":0.50614,"tipPosition":[12.4306,287.285,-10.2754],"tipVelocity":[-18.7878,-20.8068,-217.923],"tool":false,"touchDistance":-0.607469,"touchZone":"hovering","type":0,"width":20.2438},{"bases":[[[0.81716,0.502556,-0.282289],[-0.280236,0.77434,0.567332],[0.503704,-0.384493,0.773594]],[[0.878879,0.444658,-0.172778],[-0.391961,0.879542,0.269762],[0.271917,-0.169366,0.947299]],[[0.878879,0.444658,-0.172778],[-0.438066,0.895663,0.0767265],[0.188868,0.0082548,0.981968]],[[0.878879,0.444658,-0.172778],[-0.460438,0.885423,-0.0634256],[0.124779,0.135297,0.982917]]],"btipPosition":[-0.00988075,329.959,-58.9894],"carpPosition":[55.4096,296.916,79.1079],"dipPosition":[2.12139,332.27,-42.2008],"direction":[-0.188868,-0.0082548,-0.981968],"extended":true,"handId":389,"id":3891,"length":58.7895,"mcpPosition":[18.3637,325.195,22.2123],"pipPosition":[6.68501,332.469,-18.4735],"stabilizedTipPosition":[8.71298,307.344,20.8519],"timeVisible":0.50614,"tipPosition":[1.04557,330.883,-54.9945],"tipVelocity":[-23.6172,-46.0364,-214.856],"tool":false,"touchDistance":-0.624534,"touchZone":"hovering","type":1,"width":19.3369},{"bases":[[[0.913419,0.306571,-0.267731],[-0.126924,0.839526,0.528287],[0.386724,-0.448566,0.80575]],[[0.916781,0.302618,-0.260642],[-0.398734,0.656151,-0.640684],[-0.0228621,0.691294,0.722212]],[[0.916781,0.302618,-0.260642],[-0.109222,-0.437757,-0.892434],[-0.384165,0.846635,-0.368275]],[[0.916781,0.302618,-0.260642],[0.115187,-0.825212,-0.552953],[-0.382418,0.476914,-0.791397]]],"btipPosition":[56.8208,269.528,10.5183],"carpPosition":[64.5868,304.58,76.1803],"dipPosition":[49.6366,278.488,-4.34912],"direction":[0.384165,-0.846635,0.368275],"extended":false,"handId":389,"id":3892,"length":66.986,"mcpPosition":[37.614,335.866,19.9819],"pipPosition":[38.7157,302.556,-14.8183],"stabilizedTipPosition":[53.5601,250.948,57.7772],"timeVisible":0.50614,"tipPosition":[54.5749,271.767,5.21231],"tipVelocity":[0.863438,-13.9987,-153.674],"tool":false,"touchDistance":0.333333,"touchZone":"none","type":2,"width":18.9914},{"bases":[[[0.967325,0.173054,-0.185298],[-0.0489478,0.844556,0.533225],[0.248771,-0.506732,0.825431]],[[0.961461,0.184451,-0.203887],[-0.274892,0.630979,-0.725466],[-0.00516434,0.753554,0.657365]],[[0.961461,0.184451,-0.203887],[-0.0792855,-0.524059,-0.847984],[-0.26326,0.831469,-0.489238]],[[0.961461,0.184451,-0.203887],[0.0687928,-0.879372,-0.471139],[-0.266195,0.438956,-0.858171]]],"btipPosition":[72.2334,276.299,21.2499],"carpPosition":[75.3183,309.45,72.723],"dipPosition":[67.2613,284.498,5.2207],"direction":[0.26326,-0.831469,0.489238],"extended":false,"handId":389,"id":3893,"length":64.4088,"mcpPosition":[59.7401,341.182,21.0338],"pipPosition":[59.9707,307.524,-8.32802],"stabilizedTipPosition":[71.3297,262.95,55.0773],"timeVisible":0.50614,"tipPosition":[70.6656,278.224,15.7488],"tipVelocity":[-3.89923,-5.84997,-141.838],"tool":false,"touchDistance":0.333333,"touchZone":"none","type":3,"width":18.0715},{"bases":[[[0.984317,-0.0286979,-0.174058],[0.124274,0.813082,0.568729],[0.125202,-0.581441,0.803897]],[[0.982173,-0.0193293,-0.186983],[-0.12339,0.684118,-0.718858],[0.141813,0.729115,0.669538]],[[0.982173,-0.0193293,-0.186983],[-0.172071,-0.492926,-0.852886],[-0.0756831,0.869856,-0.487465]],[[0.982173,-0.0193293,-0.186983],[-0.108617,-0.8702,-0.480578],[-0.153423,0.49232,-0.856786]]],"btipPosition":[80.2537,290.154,21.4342],"carpPosition":[88.4007,307.714,67.4062],"dipPosition":[77.61,298.637,6.67051],"direction":[0.0756831,-0.869856,0.487465],"extended":false,"handId":389,"id":3894,"length":50.4953,"mcpPosition":[81.1431,341.419,20.8063],"pipPosition":[76.1302,315.646,-2.8608],"stabilizedTipPosition":[82.1213,276.875,58.1619],"timeVisible":0.50614,"tipPosition":[79.2682,292.181,16.3135],"tipVelocity":[-11.1763,-6.4004,-161.867],"tool":false,"touchDistance":0.333333,"touchZone":"none","type":4,"width":16.0525}],"r":[[0.942581,0.286829,0.171084],[-0.307716,0.944974,0.111065],[-0.129813,-0.157333,0.978976]],"s":1.13243,"t":[-26.3527,112.089,-159.307],"timestamp":521257913573},false],[1,{"currentFrameRate":103.205,"devices":[],"gestures":[],"hands":[{"armBasis":[[0.860232,0.453108,-0.233868],[-0.250744,0.775265,0.579734],[0.443992,-0.440065,0.780522]],"armWidth":63.7005,"confidence":0.773098,"direction":[-0.391973,0.575566,-0.717691],"elbow":[197.917,175.983,284.627],"grabStrength":0,"id":389,"palmNormal":[0.202076,-0.707201,-0.677519],"palmPosition":[50.9488,319.652,33.507],"palmVelocity":[-26.7238,-15.5349,-182.484],"palmWidth":90.9622,"pinchStrength":0.366427,"r":[[0.941933,0.287631,0.173296],[-0.309034,0.944405,0.112234],[-0.131379,-0.159272,0.978454]],"s":1.13492,"sphereCenter":[66.2659,299.504,-13.9615],"sphereRadius":51.4792,"stabilizedPalmPosition":[61.39,298.937,99.0816],"t":[-26.551,111.929,-160.755],"timeVisible":0.515364,"type":"right","wrist":[78.0756,294.764,73.9503]}],"id":4098089,"interactionBox":{"center":[0,200,0],"size":[235.247,235.247,147.751]},"pointables":[{"bases":[[[0.103927,0.910075,0.401202],[-0.659707,-0.238799,0.712574],[0.744302,-0.338731,0.575566]],[[-0.112233,0.968846,0.220775],[-0.744696,-0.229109,0.626846],[0.657899,-0.0940577,0.74721]],[[-0.112233,0.968846,0.220775],[-0.896986,-0.194381,0.39703],[0.427575,-0.153472,0.890857]],[[-0.112233,0.968846,0.220775],[-0.977289,-0.0674321,-0.200895],[-0.179749,-0.238308,0.954411]]],"btipPosition":[12.8207,288.958,-16.3064],"carpPosition":[56.0198,273.458,73.676],"dipPosition":[8.61517,283.383,6.02345],"direction":[-0.427575,0.153472,-0.890857],"extended":false,"handId":389,"id":3890,"length":52.1005,"mcpPosition":[56.0198,273.458,73.676],"pipPosition":[23.1891,278.152,36.3885],"stabilizedTipPosition":[18.807,262.458,65.5745],"timeVisible":0.515364,"tipPosition":[12.2888,287.481,-11.5518],"tipVelocity":[-17.4635,-9.37794,-196.153],"tool":false,"touchDistance":-0.594463,"touchZone":"hovering","type":0,"width":20.2438},{"bases":[[[0.818955,0.501407,-0.279114],[-0.279514,0.773318,0.569079],[0.501184,-0.388034,0.773463]],[[0.879569,0.443903,-0.1712],[-0.391871,0.879992,0.268423],[0.269808,-0.169008,0.947966]],[[0.879569,0.443903,-0.1712],[-0.437577,0.896032,0.0751884],[0.186777,0.00877988,0.982363]],[[0.879569,0.443903,-0.1712],[-0.459642,0.885731,-0.0648831],[0.122836,0.13576,0.983097]]],"btipPosition":[0.0533996,330.016,-60.1838],"carpPosition":[55.1133,296.75,77.9451],"dipPosition":[2.15148,332.335,-43.3921],"direction":[-0.186777,-0.00877988,-0.982363],"extended":true,"handId":389,"id":3891,"length":58.7895,"mcpPosition":[18.2527,325.288,21.0592],"pipPosition":[6.66458,332.547,-19.6553],"stabilizedTipPosition":[8.71048,307.351,20.8283],"timeVisible":0.515364,"tipPosition":[1.05853,331.022,-56.1876],"tipVelocity":[-15.3047,-31.3283,-190.901],"tool":false,"touchDistance":-0.608319,"touchZone":"hovering","type":1,"width":19.3369},{"bases":[[[0.914708,0.305144,-0.264947],[-0.125965,0.838247,0.530542],[0.383983,-0.451917,0.805188]],[[0.918018,0.301196,-0.257923],[-0.395493,0.648229,-0.65068],[-0.0287891,0.699342,0.714207]],[[0.918018,0.301196,-0.257923],[-0.100368,-0.452765,-0.885963],[-0.383627,0.839217,-0.385416]],[[0.918018,0.301196,-0.257923],[0.121448,-0.832737,-0.540185],[-0.377484,0.464575,-0.801047]]],"btipPosition":[56.9178,269.636,10.4907],"carpPosition":[64.315,304.4,75.0593],"dipPosition":[49.8263,278.364,-4.558],"direction":[0.383627,-0.839217,0.385416],"extended":false,"handId":389,"id":3892,"length":66.986,"mcpPosition":[37.5334,335.919,18.9001],"pipPosition":[38.9207,302.221,-15.5145],"stabilizedTipPosition":[53.5607,250.955,57.7609],"timeVisible":0.515364,"tipPosition":[54.6775,271.819,5.06184],"tipVelocity":[4.21803,-8.4118,-112.696],"tool":false,"touchDistance":0.333333,"touchZone":"none","type":2,"width":18.9914},{"bases":[[[0.96812,0.171251,-0.182805],[-0.0479864,0.843073,0.535654],[0.245849,-0.509805,0.824413]],[[0.962263,0.182829,-0.201554],[-0.272086,0.63443,-0.72351],[-0.00440721,0.751047,0.660234]],[[0.962263,0.182829,-0.201554],[-0.079019,-0.521024,-0.849876],[-0.260397,0.833731,-0.486915]],[[0.962263,0.182829,-0.201554],[0.0676689,-0.878176,-0.473527],[-0.263574,0.442019,-0.857408]]],"btipPosition":[72.0014,276.287,20.0224],"carpPosition":[75.0654,309.254,71.6385],"dipPosition":[67.0783,284.543,4.00745],"direction":[0.260397,-0.833731,0.486915],"extended":false,"handId":389,"id":3893,"length":64.4088,"mcpPosition":[59.6701,341.178,20.013],"pipPosition":[59.867,307.632,-9.47695],"stabilizedTipPosition":[71.3294,262.96,55.0523],"timeVisible":0.515364,"tipPosition":[70.4613,278.222,14.586],"tipVelocity":[-9.51558,-4.16956,-139.282],"tool":false,"touchDistance":0.333333,"touchZone":"none","type":3,"width":18.0715},{"bases":[[[0.984599,-0.0305747,-0.172135],[0.125086,0.811071,0.571417],[0.122143,-0.584148,0.802404]],[[0.982451,-0.0209394,-0.185341],[-0.120817,0.6856,-0.717883],[0.142102,0.727677,0.671039]],[[0.982451,-0.0209394,-0.185341],[-0.171404,-0.493226,-0.852847],[-0.0735571,0.869649,-0.48816]],[[0.982451,-0.0209394,-0.185341],[-0.109046,-0.870652,-0.479661],[-0.151324,0.491454,-0.857656]]],"btipPosition":[80.0968,290.168,20.4333],"carpPosition":[88.1544,307.502,66.3432],"dipPosition":[77.4892,298.637,5.6546],"direction":[0.0735571,-0.869649,0.48816],"extended":false,"handId":389,"id":3894,"length":50.4953,"mcpPosition":[81.0741,341.363,19.8298],"pipPosition":[76.051,315.641,-3.89031],"stabilizedTipPosition":[82.1198,276.884,58.1381],"timeVisible":0.515364,"tipPosition":[79.1306,292.175,15.3553],"tipVelocity":[-12.5607,-4.27382,-147.014],"tool":false,"touchDistance":0.333333,"touchZone":"none","type":4,"width":16.0525}],"r":[[0.941933,0.287631,0.173296],[-0.309034,0.944405,0.112234],[-0.131379,-0.159272,0.978454]],"s":1.13492,"t":[-26.551,111.929,-160.755],"timestamp":521257922797},false],[2,{"currentFrameRate":103.558,"devices":[],"gestures":[],"hands":[{"armBasis":[[0.867039,0.447137,-0.219799],[-0.256945,0.779238,0.571636],[0.426875,-0.439154,0.79052]],"armWidth":63.7005,"confidence":0.784834,"direction":[-0.38827,0.584193,-0.712717],"elbow":[192.837,175.743,285.64],"grabStrength":0,"id":389,"palmNormal":[0.201857,-0.700698,-0.684307],"palmPosition":[50.675,319.668,32.0091],"palmVelocity":[-27.7508,-10.7994,-178.136],"palmWidth":90.9622,"pinchStrength":0.353112,"r":[[0.941486,0.287341,0.176182],[-0.30959,0.943894,0.114968],[-0.133262,-0.162785,0.977621]],"s":1.13641,"sphereCenter":[66.0397,299.974,-15.5909],"sphereRadius":51.4205,"stabilizedPalmPosition":[61.3871,298.943,99.0634],"t":[-26.7872,111.858,-162.227],"timeVisible":0.524353,"type":"right","wrist":[77.6154,294.278,72.2648]}],"id":4098090,"interactionBox":{"center":[0,200,0],"size":[235.247,235.247,147.751]},"pointables":[{"bases":[[[0.105512,0.905525,0.410964],[-0.662389,-0.244241,0.708228],[0.741693,-0.346945,0.574039]],[[-0.109981,0.966823,0.230558],[-0.746876,-0.233442,0.62264],[0.655805,-0.10372,0.747771]],[[-0.109981,0.966823,0.230558],[-0.89903,-0.195685,0.391731],[0.423851,-0.164196,0.890724]],[[-0.109981,0.966823,0.230558],[-0.97709,-0.0626443,-0.203399],[-0.182208,-0.247646,0.951563]]],"btipPosition":[12.5871,289.609,-18.2318],"carpPosition":[55.4974,273.042,71.7075],"dipPosition":[8.32409,283.815,4.03141],"direction":[-0.423851,0.164196,-0.890724],"extended":false,"handId":389,"id":3890,"length":52.1005,"mcpPosition":[55.4974,273.042,71.7075],"pipPosition":[22.7711,278.218,34.3919],"stabilizedTipPosition":[18.8063,262.461,65.5666],"timeVisible":0.524353,"tipPosition":[12.0399,288.086,-13.4875],"tipVelocity":[-20.2037,11.5029,-201.57],"tool":false,"touchDistance":-0.592461,"touchZone":"hovering","type":0,"width":20.2438},{"bases":[[[0.82121,0.501835,-0.271615],[-0.278797,0.768174,0.576351],[0.497881,-0.39758,0.770743]],[[0.88074,0.443769,-0.165427],[-0.391201,0.878561,0.274032],[0.266945,-0.176636,0.947386]],[[0.88074,0.443769,-0.165427],[-0.436316,0.896141,0.0809942],[0.184189,0.000843682,0.982891]],[[0.88074,0.443769,-0.165427],[-0.457992,0.887001,-0.0589236],[0.120586,0.127661,0.98446]]],"btipPosition":[0.0550445,330.917,-61.723],"carpPosition":[54.6481,296.29,76.217],"dipPosition":[2.11469,333.097,-44.9081],"direction":[-0.184189,-0.000843682,-0.982891],"extended":true,"handId":389,"id":3891,"length":58.7895,"mcpPosition":[18.0303,325.531,19.5311],"pipPosition":[6.56525,333.118,-21.1585],"stabilizedTipPosition":[8.70881,307.356,20.8123],"timeVisible":0.524353,"tipPosition":[1.02207,331.941,-57.7177],"tipVelocity":[-11.3262,3.77908,-185.342],"tool":false,"touchDistance":-0.598828,"touchZone":"hovering","type":1,"width":19.3369},{"bases":[[[0.916341,0.30515,-0.259235],[-0.12495,0.833041,0.538916],[0.380404,-0.461439,0.801478]],[[0.919641,0.301092,-0.252198],[-0.391346,0.648017,-0.653393],[-0.0333027,0.699583,0.713775]],[[0.919641,0.301092,-0.252198],[-0.0922091,-0.458656,-0.883817],[-0.381783,0.836049,-0.394035]],[[0.919641,0.301092,-0.252198],[0.12705,-0.835649,-0.534368],[-0.371643,0.459385,-0.806751]]],"btipPosition":[56.7882,270.02,9.49964],"carpPosition":[63.8804,303.943,73.4364],"dipPosition":[49.8064,278.65,-5.65618],"direction":[0.381783,-0.836049,0.394035],"extended":false,"handId":389,"id":3892,"length":66.986,"mcpPosition":[37.3485,336.127,17.536],"pipPosition":[38.9532,302.417,-16.8577],"stabilizedTipPosition":[53.561,250.959,57.7499],"timeVisible":0.524353,"tipPosition":[54.5849,272.161,4.01833],"tipVelocity":[-0.123721,4.90096,-112.777],"tool":false,"touchDistance":0.333333,"touchZone":"none","type":2,"width":18.9914},{"bases":[[[0.969127,0.170247,-0.178349],[-0.0469717,0.83758,0.544292],[0.242046,-0.519111,0.819718]],[[0.963083,0.182572,-0.197836],[-0.269206,0.652235,-0.708602],[-0.000334943,0.735701,0.677306]],[[0.963083,0.182572,-0.197836],[-0.0816752,-0.502089,-0.86095],[-0.256517,0.845325,-0.468642]],[[0.963083,0.182572,-0.197836],[0.0646708,-0.870274,-0.488304],[-0.261323,0.457483,-0.849953]]],"btipPosition":[71.4974,276.492,17.3661],"carpPosition":[74.6546,308.8,70.0961],"dipPosition":[66.6163,285.037,1.49043],"direction":[0.256517,-0.845325,0.468642],"extended":false,"handId":389,"id":3893,"length":64.4088,"mcpPosition":[59.4975,341.307,18.7646],"pipPosition":[59.5124,308.447,-11.4879],"stabilizedTipPosition":[71.3289,262.966,55.0339],"timeVisible":0.524353,"tipPosition":[70.0676,278.472,12.4391],"tipVelocity":[-21.9901,5.23894,-181.155],"tool":false,"touchDistance":0.333333,"touchZone":"none","type":3,"width":18.0715},{"bases":[[[0.984978,-0.0317269,-0.169742],[0.125905,0.804688,0.580194],[0.118181,-0.59285,0.796594]],[[0.982876,-0.0218639,-0.182965],[-0.11692,0.693451,-0.710954],[0.142421,0.720172,0.67902]],[[0.982876,-0.0218639,-0.182965],[-0.170471,-0.48485,-0.857823],[-0.0699552,0.874324,-0.480275]],[[0.982876,-0.0218639,-0.182965],[-0.110016,-0.866166,-0.487496],[-0.147819,0.499277,-0.85374]]],"btipPosition":[79.783,290.274,18.7418],"carpPosition":[87.753,307.064,64.8187],"dipPosition":[77.2358,298.877,4.03057],"direction":[0.0699551,-0.874324,0.480275],"extended":false,"handId":389,"id":3894,"length":50.4953,"mcpPosition":[80.9023,341.43,18.6421],"pipPosition":[75.868,315.973,-5.36016],"stabilizedTipPosition":[82.1187,276.89,58.1211],"timeVisible":0.524353,"tipPosition":[78.8431,292.315,13.7209],"tipVelocity":[-18.2683,1.07134,-157.831],"tool":false,"touchDistance":0.333333,"touchZone":"none","type":4,"width":16.0525}],"r":[[0.941486,0.287341,0.176182],[-0.30959,0.943894,0.114968],[-0.133262,-0.162785,0.977621]],"s":1.13641,"t":[-26.7872,111.858,-162.227],"timestamp":521257931786},false],[3,{"currentFrameRate":103.916,"devices":[],"gestures":[],"hands":[{"armBasis":[[0.86285,0.452045,-0.226155],[-0.258923,0.77955,0.570317],[0.434108,-0.433541,0.789679]],"armWidth":63.7005,"confidence":0.792989,"direction":[-0.385218,0.5889,-0.710496],"elbow":[194.587,176.824,284.491],"grabStrength":0,"id":389,"palmNormal":[0.202149,-0.697365,-0.687617],"palmPosition":[50.6299,319.51,31.1582],"palmVelocity":[-21.5423,-12.6526,-155.441],"palmWidth":90.9622,"pinchStrength":0.350908,"r":[[0.941153,0.286511,0.179285],[-0.309703,0.943479,0.118029],[-0.135335,-0.166608,0.976691]],"s":1.13729,"sphereCenter":[66.0606,300.022,-16.5091],"sphereRadius":51.4021,"stabilizedPalmPosition":[61.3849,298.947,99.0497],"t":[-26.9278,111.743,-163.389],"timeVisible":0.533302,"type":"right","wrist":[77.4138,293.844,71.3429]}],"id":4098091,"interactionBox":{"center":[0,200,0],"size":[235.247,235.247,147.751]},"pointables":[{"bases":[[[0.106348,0.903038,0.416187],[-0.664714,-0.24672,0.705184],[0.73949,-0.35164,0.574024]],[[-0.108783,0.965801,0.235361],[-0.747988,-0.235472,0.620538],[0.654737,-0.108543,0.748023]],[[-0.108783,0.965801,0.235361],[-0.901481,-0.195626,0.386086],[0.418925,-0.170173,0.891932]],[[-0.108783,0.965801,0.235361],[-0.977325,-0.0606413,-0.202877],[-0.181667,-0.252093,0.950498]]],"btipPosition":[12.5513,289.773,-19.3553],"carpPosition":[55.253,272.658,70.6127],"dipPosition":[8.30095,283.875,2.88296],"direction":[-0.418925,0.170173,-0.891932],"extended":false,"handId":389,"id":3890,"length":52.1005,"mcpPosition":[55.253,272.658,70.6127],"pipPosition":[22.5801,278.075,33.2846],"stabilizedTipPosition":[18.8058,262.463,65.5609],"timeVisible":0.533302,"tipPosition":[12.0096,288.244,-14.5993],"tipVelocity":[-15.6873,12.6524,-180.971],"tool":false,"touchDistance":-0.578487,"touchZone":"hovering","type":0,"width":20.2438},{"bases":[[[0.822951,0.501586,-0.266762],[-0.278671,0.765593,0.579836],[0.495069,-0.402839,0.769823]],[[0.881591,0.443423,-0.161783],[-0.391054,0.878085,0.275759],[0.264337,-0.17984,0.947514]],[[0.881591,0.443423,-0.161783],[-0.435568,0.896308,0.0831381],[0.181873,-0.00282602,0.983318]],[[0.881591,0.443423,-0.161783],[-0.456868,0.887745,-0.0564001],[0.118613,0.123636,0.985213]]],"btipPosition":[0.256107,331.191,-62.6537],"carpPosition":[54.4407,295.883,75.2474],"dipPosition":[2.28207,333.303,-45.8259],"direction":[-0.181873,0.00282602,-0.983318],"extended":true,"handId":389,"id":3891,"length":58.7895,"mcpPosition":[18.0298,325.511,18.6291],"pipPosition":[6.67667,333.235,-22.0659],"stabilizedTipPosition":[8.70769,307.359,20.8011],"timeVisible":0.533302,"tipPosition":[1.19249,332.232,-58.6438],"tipVelocity":[-2.32825,10.6474,-163.023],"tool":false,"touchDistance":-0.581195,"touchZone":"hovering","type":1,"width":19.3369},{"bases":[[[0.917639,0.304636,-0.255217],[-0.124592,0.83034,0.54315],[0.37738,-0.466618,0.799908]],[[0.920871,0.300586,-0.248283],[-0.388363,0.651367,-0.651839],[-0.0342102,0.696684,0.716562]],[[0.920871,0.300586,-0.248283],[-0.0904929,-0.454651,-0.886061],[-0.379219,0.838416,-0.391474]],[[0.920871,0.300586,-0.248283],[0.126921,-0.833284,-0.538078],[-0.368629,0.463989,-0.805498]]],"btipPosition":[56.729,269.955,8.47447],"carpPosition":[63.6961,303.531,72.5324],"dipPosition":[49.8038,278.672,-6.65783],"direction":[0.379219,-0.838416,0.391474],"extended":false,"handId":389,"id":3892,"length":66.986,"mcpPosition":[37.3751,336.076,16.7415],"pipPosition":[39.0235,302.506,-17.7865],"stabilizedTipPosition":[53.5612,250.962,57.7423],"timeVisible":0.533302,"tipPosition":[54.5675,272.127,3.08673],"tipVelocity":[-1.49976,2.20103,-113.098],"tool":false,"touchDistance":0.333333,"touchZone":"none","type":2,"width":18.9914},{"bases":[[[0.969935,0.169182,-0.174936],[-0.0466191,0.834685,0.548751],[0.238855,-0.524097,0.817478]],[[0.963856,0.181845,-0.194714],[-0.266423,0.658835,-0.70353],[0.000350911,0.729978,0.68347]],[[0.963856,0.181845,-0.194714],[-0.0811311,-0.495799,-0.864639],[-0.25377,0.849185,-0.463126]],[[0.963856,0.181845,-0.194714],[0.0641202,-0.867694,-0.492946],[-0.258592,0.462643,-0.847992]]],"btipPosition":[71.3738,276.44,16.1918],"carpPosition":[74.489,308.384,69.2462],"dipPosition":[66.5437,285.081,0.352777],"direction":[0.25377,-0.849185,0.463126],"extended":false,"handId":389,"id":3893,"length":64.4088,"mcpPosition":[59.5316,341.204,18.055],"pipPosition":[59.516,308.598,-12.4728],"stabilizedTipPosition":[71.3286,262.971,55.0205],"timeVisible":0.533302,"tipPosition":[69.9896,278.424,11.4123],"tipVelocity":[-19.3962,2.91333,-167.252],"tool":false,"touchDistance":0.333333,"touchZone":"none","type":3,"width":18.0715},{"bases":[[[0.985342,-0.0328689,-0.167395],[0.126096,0.801234,0.584913],[0.114897,-0.597447,0.793634]],[[0.98327,-0.0228178,-0.180717],[-0.113535,0.699049,-0.706003],[0.142439,0.714709,0.684764]],[[0.98327,-0.0228178,-0.180717],[-0.169392,-0.479336,-0.861129],[-0.0669749,0.877335,-0.475182]],[[0.98327,-0.0228178,-0.180717],[-0.110429,-0.863684,-0.491787],[-0.144861,0.503516,-0.851755]]],"btipPosition":[79.7076,290.187,17.7508],"carpPosition":[87.5972,306.649,63.9929],"dipPosition":[77.2115,298.864,3.07377],"direction":[0.0669749,-0.877335,0.475182],"extended":false,"handId":389,"id":3894,"length":50.4953,"mcpPosition":[80.9369,341.282,17.9879],"pipPosition":[75.9019,316.018,-6.21739],"stabilizedTipPosition":[82.1178,276.895,58.1088],"timeVisible":0.533302,"tipPosition":[78.7991,292.231,12.8233],"tipVelocity":[-15.2174,-1.36294,-144.722],"tool":false,"touchDistance":0.333333,"touchZone":"none","type":4,"width":16.0525}],"r":[[0.941153,0.286511,0.179285],[-0.309703,0.943479,0.118029],[-0.135335,-0.166608,0.976691]],"s":1.13729,"t":[-26.9278,111.743,-163.389],"timestamp":521257940735},false],[4,{"currentFrameRate":104.216,"devices":[],"gestures":[],"hands":[{"armBasis":[[0.868433,0.445537,-0.217533],[-0.26038,0.783202,0.564621],[0.421932,-0.433695,0.796167]],"armWidth":63.7005,"confidence":0.799302,"direction":[-0.382581,0.591564,-0.709707],"elbow":[191.123,176.458,285.396],"grabStrength":0,"id":389,"palmNormal":[0.200981,-0.696466,-0.68887],"palmPosition":[50.579,319.351,30.3334],"palmVelocity":[-17.1613,-14.0303,-137.777],"palmWidth":90.9622,"pinchStrength":0.351588,"r":[[0.941003,0.285208,0.182128],[-0.309276,0.943268,0.120806],[-0.13734,-0.170006,0.975826]],"s":1.13768,"sphereCenter":[66.0181,299.904,-17.3762],"sphereRadius":51.4016,"stabilizedPalmPosition":[61.3832,298.95,99.039],"t":[-27.0235,111.606,-164.383],"timeVisible":0.542335,"type":"right","wrist":[77.2362,293.519,70.4964]}],"id":4098092,"interactionBox":{"center":[0,200,0],"size":[235.247,235.247,147.751]},"pointables":[{"bases":[[[0.108464,0.90182,0.418279],[-0.666335,-0.246293,0.703802],[0.737722,-0.355051,0.5742]],[[-0.106769,0.965663,0.236846],[-0.74831,-0.234893,0.620368],[0.6547,-0.110998,0.747695]],[[-0.106769,0.965663,0.236846],[-0.903711,-0.193582,0.381881],[0.414617,-0.173267,0.893348]],[[-0.106769,0.965663,0.236846],[-0.978005,-0.0590692,-0.200043],[-0.179184,-0.252995,0.95073]]],"btipPosition":[12.4031,289.764,-20.3132],"carpPosition":[55.0142,272.4,69.6921],"dipPosition":[8.21084,283.845,1.93046],"direction":[-0.414617,0.173267,-0.893348],"extended":false,"handId":389,"id":3890,"length":52.1005,"mcpPosition":[55.0142,272.4,69.6921],"pipPosition":[22.3431,277.939,32.3804],"stabilizedTipPosition":[18.8054,262.464,65.5566],"timeVisible":0.542335,"tipPosition":[11.8767,288.261,-15.5321],"tipVelocity":[-15.4777,8.74414,-160.296],"tool":false,"touchDistance":-0.563322,"touchZone":"hovering","type":0,"width":20.2438},{"bases":[[[0.824759,0.499744,-0.264627],[-0.277165,0.765151,0.58114],[0.492901,-0.405955,0.769577]],[[0.882723,0.44164,-0.160479],[-0.389523,0.878762,0.275769],[0.262814,-0.180917,0.947733]],[[0.882723,0.44164,-0.160479],[-0.433629,0.897182,0.0838519],[0.181012,-0.00442945,0.983471]],[[0.882723,0.44164,-0.160479],[-0.454754,0.888911,-0.0551071],[0.118314,0.121623,0.9855]]],"btipPosition":[0.330328,331.274,-63.5249],"carpPosition":[54.2641,295.617,74.3761],"dipPosition":[2.35118,333.351,-46.6922],"direction":[-0.181011,0.00442945,-0.983471],"extended":true,"handId":389,"id":3891,"length":58.7895,"mcpPosition":[18.0126,325.474,17.7759],"pipPosition":[6.72497,333.244,-22.9285],"stabilizedTipPosition":[8.70692,307.362,20.7933],"timeVisible":0.542335,"tipPosition":[1.25451,332.319,-59.5154],"tipVelocity":[0.540408,9.99493,-144.651],"tool":false,"touchDistance":-0.564459,"touchZone":"hovering","type":1,"width":19.3369},{"bases":[[[0.918854,0.302493,-0.253389],[-0.122851,0.829525,0.54479],[0.374987,-0.469453,0.799374]],[[0.922061,0.298423,-0.246469],[-0.385671,0.654827,-0.649968],[-0.0325713,0.694367,0.718884]],[[0.922061,0.298423,-0.246469],[-0.0909161,-0.451982,-0.887382],[-0.376215,0.840628,-0.389623]],[[0.922061,0.298423,-0.246469],[0.125239,-0.832583,-0.539556],[-0.366222,0.466636,-0.805067]]],"btipPosition":[56.5356,269.865,7.49617],"carpPosition":[63.5454,303.244,71.6894],"dipPosition":[49.6556,278.631,-7.62802],"direction":[0.376215,-0.840628,0.389623],"extended":false,"handId":389,"id":3892,"length":66.986,"mcpPosition":[37.3912,335.987,15.9358],"pipPosition":[38.9607,302.528,-18.7041],"stabilizedTipPosition":[53.5614,250.964,57.737],"timeVisible":0.542335,"tipPosition":[54.4179,272.034,2.19996],"tipVelocity":[-6.66758,-0.81396,-111.721],"tool":false,"touchDistance":0.333333,"touchZone":"none","type":2,"width":18.9914},{"bases":[[[0.97065,0.166712,-0.173335],[-0.0448723,0.833629,0.550499],[0.236272,-0.526564,0.816643]],[[0.964526,0.179652,-0.19343],[-0.263975,0.6639,-0.699681],[0.00271866,0.725921,0.687773]],[[0.964526,0.179652,-0.19343],[-0.0826185,-0.490487,-0.867523],[-0.250727,0.852729,-0.458245]],[[0.964526,0.179652,-0.19343],[0.0616009,-0.865658,-0.496831],[-0.256701,0.467291,-0.846016]]],"btipPosition":[71.1779,276.279,15.0612],"carpPosition":[74.3566,308.072,68.4275],"dipPosition":[66.3831,285.007,-0.740966],"direction":[0.250727,-0.852729,0.458245],"extended":false,"handId":389,"id":3893,"length":64.4088,"mcpPosition":[59.561,341.046,17.2886],"pipPosition":[59.4396,308.622,-13.4314],"stabilizedTipPosition":[71.3283,262.975,55.0106],"timeVisible":0.542335,"tipPosition":[69.8366,278.275,10.4572],"tipVelocity":[-19.7804,-2.19385,-155.402],"tool":false,"touchDistance":0.333333,"touchZone":"none","type":3,"width":18.0715},{"bases":[[[0.985454,-0.0353989,-0.166212],[0.127697,0.799593,0.586809],[0.11213,-0.599498,0.792483]],[[0.983412,-0.0252299,-0.179624],[-0.110629,0.701347,-0.704183],[0.143745,0.712373,0.686922]],[[0.983412,-0.0252299,-0.179624],[-0.16974,-0.477143,-0.862277],[-0.0639514,0.878463,-0.473511]],[[0.983412,-0.0252299,-0.179624],[-0.112209,-0.862676,-0.493153],[-0.142515,0.505128,-0.851197]]],"btipPosition":[79.5916,290,16.8932],"carpPosition":[87.4664,306.31,63.1871],"dipPosition":[77.1358,298.704,2.2258],"direction":[0.0639514,-0.878463,0.473511],"extended":false,"handId":389,"id":3894,"length":50.4953,"mcpPosition":[80.9665,341.062,17.2489],"pipPosition":[75.8854,315.88,-7.03268],"stabilizedTipPosition":[82.1172,276.898,58.0998],"timeVisible":0.542335,"tipPosition":[78.7014,292.043,12.0085],"tipVelocity":[-14.2824,-6.5048,-130.943],"tool":false,"touchDistance":0.333333,"touchZone":"none","type":4,"width":16.0525}],"r":[[0.941003,0.285208,0.182128],[-0.309276,0.943268,0.120806],[-0.13734,-0.170006,0.975826]],"s":1.13768,"t":[-27.0235,111.606,-164.383],"timestamp":521257949768},false],[5,{"currentFrameRate":104.436,"devices":[],"gestures":[],"hands":[{"armBasis":[[0.867035,0.443281,-0.227493],[-0.25683,0.788875,0.558314],[0.426954,-0.42565,0.79783]],"armWidth":63.7005,"confidence":0.808264,"direction":[-0.379767,0.593818,-0.709335],"elbow":[192.532,177.965,284.721],"grabStrength":0,"id":389,"palmNormal":[0.195126,-0.69811,-0.688889],"palmPosition":[50.7406,318.849,29.2421],"palmVelocity":[-7.46169,-25.3985,-132.566],"palmWidth":90.9622,"pinchStrength":0.352744,"r":[[0.941323,0.282904,0.184058],[-0.307623,0.943519,0.123046],[-0.138852,-0.172446,0.975183]],"s":1.13798,"sphereCenter":[65.9263,299.27,-18.465],"sphereRadius":51.3815,"stabilizedPalmPosition":[61.3819,298.953,99.0299],"t":[-26.9906,111.286,-165.425],"timeVisible":0.551499,"type":"right","wrist":[77.2899,292.856,69.3722]}],"id":4098093,"interactionBox":{"center":[0,200,0],"size":[235.247,235.247,147.751]},"pointables":[{"bases":[[[0.115244,0.901252,0.417689],[-0.666804,-0.241481,0.705024],[0.736269,-0.359767,0.573129]],[[-0.100258,0.966513,0.236222],[-0.748059,-0.229762,0.622589],[0.656016,-0.114288,0.746044]],[[-0.100258,0.966513,0.236222],[-0.905682,-0.186948,0.380514],[0.411933,-0.175792,0.894096]],[[-0.100258,0.966513,0.236222],[-0.978888,-0.0533156,-0.197319],[-0.178117,-0.251018,0.951454]]],"btipPosition":[12.3145,289.454,-21.3508],"carpPosition":[54.9247,271.886,68.6146],"dipPosition":[8.14719,283.582,0.909821],"direction":[-0.411933,0.175793,-0.894096],"extended":false,"handId":389,"id":3890,"length":52.1005,"mcpPosition":[54.9247,271.886,68.6146],"pipPosition":[22.188,277.59,31.3853],"stabilizedTipPosition":[18.8051,262.465,65.5534],"timeVisible":0.551499,"tipPosition":[11.7626,287.979,-16.5442],"tipVelocity":[-13.6835,-2.79222,-147.053],"tool":false,"touchDistance":-0.550828,"touchZone":"hovering","type":0,"width":20.2438},{"bases":[[[0.827668,0.494052,-0.26623],[-0.271025,0.76726,0.581255],[0.491437,-0.408932,0.768937]],[[0.885106,0.435986,-0.1628],[-0.383566,0.881508,0.275356],[0.263561,-0.181274,0.947457]],[[0.885106,0.435986,-0.1628],[-0.427796,0.89994,0.0842526],[0.183243,-0.00492725,0.983055]],[[0.885106,0.435986,-0.1628],[-0.449221,0.891783,-0.0540771],[0.121606,0.120997,0.985176]]],"btipPosition":[0.370741,331.024,-64.5372],"carpPosition":[54.3391,295.11,73.2893],"dipPosition":[2.44781,333.091,-47.71],"direction":[-0.183243,0.00492725,-0.983055],"extended":true,"handId":389,"id":3891,"length":58.7895,"mcpPosition":[18.1953,325.186,16.7362],"pipPosition":[6.87552,332.971,-23.9564],"stabilizedTipPosition":[8.7064,307.363,20.7879],"timeVisible":0.551499,"tipPosition":[1.31152,332.06,-60.5348],"tipVelocity":[2.01265,-0.476923,-135.158],"tool":false,"touchDistance":-0.55155,"touchZone":"touching","type":1,"width":19.3369},{"bases":[[[0.920449,0.296175,-0.255059],[-0.116341,0.830575,0.544619],[0.373148,-0.47162,0.798959]],[[0.923631,0.292098,-0.248161],[-0.382356,0.65723,-0.649501],[-0.0266189,0.694786,0.718724]],[[0.923631,0.292098,-0.248161],[-0.0956213,-0.451382,-0.887193],[-0.371162,0.843168,-0.38898]],[[0.923631,0.292098,-0.248161],[0.118533,-0.833409,-0.539796],[-0.364493,0.469158,-0.804386]]],"btipPosition":[56.3227,269.305,6.39599],"carpPosition":[63.6671,302.673,70.5837],"dipPosition":[49.4752,278.119,-8.71541],"direction":[0.371162,-0.843168,0.38898],"extended":false,"handId":389,"id":3892,"length":66.986,"mcpPosition":[37.6413,335.567,14.859],"pipPosition":[38.9239,302.088,-19.7732],"stabilizedTipPosition":[53.5615,250.966,57.7326],"timeVisible":0.551499,"tipPosition":[54.2229,271.487,1.15037],"tipVelocity":[-11.0592,-17.286,-113.955],"tool":false,"touchDistance":0.333333,"touchZone":"none","type":2,"width":18.9914},{"bases":[[[0.971462,0.160083,-0.17503],[-0.0383272,0.834156,0.550196],[0.23408,-0.527786,0.816486]],[[0.965351,0.173137,-0.195247],[-0.26082,0.664253,-0.700529],[0.00840584,0.727181,0.686395]],[[0.965351,0.173137,-0.195247],[-0.0863431,-0.494139,-0.865085],[-0.246257,0.851968,-0.462068]],[[0.965351,0.173137,-0.195247],[0.0562929,-0.868748,-0.492044],[-0.254812,0.464004,-0.848393]]],"btipPosition":[71.0506,275.736,14.1569],"carpPosition":[74.5052,307.427,67.3016],"dipPosition":[66.2912,284.403,-1.68963],"direction":[0.246257,-0.851968,0.462068],"extended":false,"handId":389,"id":3893,"length":64.4088,"mcpPosition":[59.8469,340.477,16.1725],"pipPosition":[59.4715,307.997,-14.4859],"stabilizedTipPosition":[71.3281,262.977,55.0025],"timeVisible":0.551499,"tipPosition":[69.7192,277.69,9.52936],"tipVelocity":[-17.8893,-18.5284,-139.897],"tool":false,"touchDistance":0.333333,"touchZone":"none","type":3,"width":18.0715},{"bases":[[[0.984914,-0.0421201,-0.167841],[0.134069,0.798972,0.586233],[0.109408,-0.599891,0.792566]],[[0.982893,-0.0318262,-0.181408],[-0.107014,0.702952,-0.70314],[0.149899,0.710525,0.687521]],[[0.982893,-0.0318262,-0.181408],[-0.174516,-0.475767,-0.862084],[-0.0588711,0.878995,-0.473182]],[[0.982893,-0.0318262,-0.181408],[-0.118785,-0.862274,-0.492315],[-0.140755,0.505442,-0.851303]]],"btipPosition":[79.5297,289.336,15.7156],"carpPosition":[87.594,305.574,62.0401],"dipPosition":[77.1043,298.045,1.04638],"direction":[0.0588711,-0.878995,0.473182],"extended":false,"handId":389,"id":3894,"length":50.4953,"mcpPosition":[81.2519,340.348,16.0971],"pipPosition":[75.9532,315.232,-8.20568],"stabilizedTipPosition":[82.1167,276.9,58.0921],"timeVisible":0.551499,"tipPosition":[78.6573,291.366,10.9057],"tipVelocity":[-11.9686,-24.8551,-130.275],"tool":false,"touchDistance":0.333333,"touchZone":"none","type":4,"width":16.0525}],"r":[[0.941323,0.282904,0.184058],[-0.307623,0.943519,0.123046],[-0.138852,-0.172446,0.975183]],"s":1.13798,"t":[-26.9906,111.286,-165.425],"timestamp":521257958932},false],[6,{"currentFrameRate":104.662,"devices":[],"gestures":[],"hands":[{"armBasis":[[0.8699,0.435954,-0.230693],[-0.251773,0.794677,0.552357],[0.424128,-0.422413,0.801051]],"armWidth":63.7005,"confidence":0.814553,"direction":[-0.376023,0.595772,-0.709692],"elbow":[191.697,178.141,284.572],"grabStrength":0,"id":389,"palmNormal":[0.188496,-0.700705,-0.6881],"palmPosition":[50.8193,318.302,28.2234],"palmVelocity":[-2.99181,-34.9751,-126.723],"palmWidth":90.9622,"pinchStrength":0.354757,"r":[[0.942079,0.279598,0.185237],[-0.304747,0.944243,0.12464],[-0.14006,-0.173871,0.974757]],"s":1.13764,"sphereCenter":[65.759,298.512,-19.4849],"sphereRadius":51.3476,"stabilizedPalmPosition":[61.3805,298.955,99.021],"t":[-26.9348,110.853,-166.455],"timeVisible":0.560631,"type":"right","wrist":[77.2178,292.158,68.3547]}],"id":4098094,"interactionBox":{"center":[0,200,0],"size":[235.247,235.247,147.751]},"pointables":[{"bases":[[[0.123099,0.900931,0.416137],[-0.667687,-0.235038,0.706365],[0.734194,-0.364802,0.572607]],[[-0.092323,0.967669,0.234718],[-0.748182,-0.22296,0.62491],[0.657039,-0.117918,0.744577]],[[-0.092323,0.967669,0.234718],[-0.908374,-0.1784,0.378194],[0.40784,-0.178295,0.895476]],[[-0.092323,0.967669,0.234718],[-0.979488,-0.0458561,-0.196217],[-0.17911,-0.248018,0.952054]]],"btipPosition":[12.1851,289.132,-22.2915],"carpPosition":[54.6836,271.368,67.6618],"dipPosition":[7.99453,283.329,-0.0167946],"direction":[-0.40784,0.178295,-0.895476],"extended":false,"handId":389,"id":3890,"length":52.1005,"mcpPosition":[54.6836,271.368,67.6618],"pipPosition":[21.8958,277.252,30.5057],"stabilizedTipPosition":[18.8049,262.466,65.551],"timeVisible":0.560631,"tipPosition":[11.5713,287.677,-17.4562],"tipVelocity":[-13.9821,-11.3385,-134.71],"tool":false,"touchDistance":-0.53814,"touchZone":"touching","type":0,"width":20.2438},{"bases":[[[0.831221,0.486975,-0.268193],[-0.263994,0.770299,0.580471],[0.489264,-0.411699,0.768847]],[[0.887977,0.429064,-0.165532],[-0.376606,0.885012,0.273719],[0.263941,-0.180716,0.947458]],[[0.887977,0.429064,-0.165532],[-0.420899,0.903263,0.0834247],[0.185314,-0.00440688,0.98267]],[[0.887977,0.429064,-0.165532],[-0.442605,0.895075,-0.0542386],[0.124892,0.121428,0.984712]]],"btipPosition":[0.3606,330.676,-65.5009],"carpPosition":[54.2916,294.603,72.3017],"dipPosition":[2.4938,332.75,-48.6816],"direction":[-0.185314,0.00440688,-0.98267],"extended":true,"handId":389,"id":3891,"length":58.7895,"mcpPosition":[18.3076,324.882,15.7553],"pipPosition":[6.97154,332.643,-24.9374],"stabilizedTipPosition":[8.70603,307.365,20.784],"timeVisible":0.560631,"tipPosition":[1.31865,331.712,-61.5067],"tipVelocity":[1.53748,-10.8867,-126.978],"tool":false,"touchDistance":-0.539212,"touchZone":"touching","type":1,"width":19.3369},{"bases":[[[0.922424,0.288375,-0.256854],[-0.10886,0.832312,0.543513],[0.370518,-0.473388,0.799137]],[[0.925579,0.28429,-0.249965],[-0.378028,0.659348,-0.649888],[-0.0199425,0.696017,0.717749]],[[0.925579,0.28429,-0.249965],[-0.100582,-0.451892,-0.886384],[-0.364947,0.845561,-0.389667]],[[0.925579,0.28429,-0.249965],[0.111024,-0.83514,-0.538716],[-0.361907,0.470872,-0.804551]]],"btipPosition":[55.9681,268.682,5.44043],"carpPosition":[63.676,302.086,69.571],"dipPosition":[49.1692,277.528,-9.67408],"direction":[0.364947,-0.845561,0.389667],"extended":false,"handId":389,"id":3892,"length":66.986,"mcpPosition":[37.8336,335.103,13.8338],"pipPosition":[38.7946,301.565,-20.7514],"stabilizedTipPosition":[53.5616,250.968,57.7273],"timeVisible":0.560631,"tipPosition":[53.8842,270.871,0.214921],"tipVelocity":[-18.4387,-31.2261,-111.387],"tool":false,"touchDistance":0.333333,"touchZone":"none","type":2,"width":18.9914},{"bases":[[[0.972459,0.152,-0.176691],[-0.0308122,0.835274,0.54897],[0.231029,-0.528407,0.816953]],[[0.96645,0.165018,-0.196835],[-0.256264,0.671449,-0.695331],[0.0174228,0.722444,0.69121]],[[0.96645,0.165018,-0.196835],[-0.093746,-0.486849,-0.868441],[-0.239137,0.857757,-0.455045]],[[0.96645,0.165018,-0.196835],[0.0468759,-0.866769,-0.496502],[-0.252542,0.470618,-0.845424]]],"btipPosition":[70.6413,275.023,12.6268],"carpPosition":[74.5472,306.747,66.2657],"dipPosition":[65.9243,283.814,-3.1643],"direction":[0.239137,-0.857757,0.455045],"extended":false,"handId":389,"id":3893,"length":64.4088,"mcpPosition":[60.08,339.837,15.1075],"pipPosition":[59.3018,307.568,-15.7661],"stabilizedTipPosition":[71.3278,262.98,54.9946],"timeVisible":0.560631,"tipPosition":[69.3836,277.003,8.30285],"tipVelocity":[-25.0787,-34.2066,-147.198],"tool":false,"touchDistance":0.333333,"touchZone":"none","type":3,"width":18.0715},{"bases":[[[0.984296,-0.0502937,-0.169211],[0.141349,0.79876,0.58481],[0.105746,-0.599544,0.793325]],[[0.982321,-0.0399232,-0.182898],[-0.102498,0.702844,-0.703921],[0.156651,0.710223,0.686326]],[[0.982321,-0.0399232,-0.182898],[-0.179586,-0.476845,-0.860446],[-0.052862,0.87808,-0.475584]],[[0.982321,-0.0399232,-0.182898],[-0.126135,-0.863083,-0.489059],[-0.138331,0.503482,-0.85286]]],"btipPosition":[79.363,288.586,14.7356],"carpPosition":[87.613,304.782,60.9881],"dipPosition":[76.9794,297.261,0.0394907],"direction":[0.052862,-0.87808,0.475584],"extended":false,"handId":389,"id":3894,"length":50.4953,"mcpPosition":[81.4831,339.536,15.001],"pipPosition":[75.9457,314.43,-9.25952],"stabilizedTipPosition":[82.116,276.903,58.0833],"timeVisible":0.560631,"tipPosition":[78.5042,290.592,9.95356],"tipVelocity":[-13.4248,-41.0215,-124.082],"tool":false,"touchDistance":0.333333,"touchZone":"none","type":4,"width":16.0525}],"r":[[0.942079,0.279598,0.185237],[-0.304747,0.944243,0.12464],[-0.14006,-0.173871,0.974757]],"s":1.13764,"t":[-26.9348,110.853,-166.455],"timestamp":5212