{"sensorType":"Leap","data":[[0,{"currentFrameRate":109.684,"devices":[],"gestures":[],"hands":[{"armBasis":[[0.79487,0.506571,-0.334018],[-0.245013,0.771559,0.587081],[0.555113,-0.384815,0.737406]],"armWidth":63.7005,"confidence":0.733282,"direction":[-0.267546,0.423151,-0.865658],"elbow":[209.562,202.196,290.812],"grabStrength":0,"id":386,"palmNormal":[0.277977,-0.826313,-0.489832],"palmPosition":[39.4544,322.507,43.7149],"palmVelocity":[-1.52833,-12.8219,-82.3946],"palmWidth":90.9622,"pinchStrength":0.602672,"r":[[0.978103,-0.20047,-0.0559148],[0.207756,0.95641,0.205225],[0.0123361,-0.212348,0.977116]],"s":0.836714,"sphereCenter":[52.2688,293.503,5.0308],"sphereRadius":48.5371,"stabilizedPalmPosition":[54.021,295.941,121.695],"t":[-26.3744,88.7059,-145.404],"timeVisible":0.795564,"type":"right","wrist":[59.7274,306.065,91.7732]}],"id":4096922,"interactionBox":{"center":[0,200,0],"size":[235.247,235.247,147.751]},"pointables":[{"bases":[[[0.0704053,0.971213,0.227573],[-0.762386,-0.094732,0.640151],[0.643281,-0.218568,0.733769]],[[-0.190067,0.978376,-0.0815759],[-0.774912,-0.0984829,0.62435],[0.602815,0.181882,0.776874]],[[-0.190067,0.978376,-0.0815759],[-0.960655,-0.168195,0.221026],[0.202526,0.120376,0.97185]],[[-0.190067,0.978376,-0.0815759],[-0.710386,-0.194405,-0.676431],[-0.677663,-0.0706169,0.731974]]],"btipPosition":[16.2209,273.575,3.37517],"carpPosition":[37.351,285.103,92.3943],"dipPosition":[0.366008,271.923,20.5008],"direction":[-0.202526,-0.120376,-0.97185],"extended":false,"handId":386,"id":3860,"length":52.1005,"mcpPosition":[37.351,285.103,92.3943],"pipPosition":[7.26915,276.026,53.6265],"stabilizedTipPosition":[21.1498,254.402,77.3426],"timeVisible":0.795564,"tipPosition":[11.8204,273.784,7.28064],"tipVelocity":[-0.254824,-6.00411,-86.0155],"tool":false,"touchDistance":-0.419857,"touchZone":"touching","type":0,"width":20.2438},{"bases":[[[0.864558,0.437457,-0.247327],[-0.337004,0.869793,0.3604],[0.372783,-0.228236,0.899412]],[[0.92119,0.383705,-0.0646463],[-0.378252,0.922012,0.0825805],[0.0912912,-0.0516198,0.994485]],[[0.92119,0.383705,-0.0646463],[-0.387001,0.920743,-0.0496254],[0.0404811,0.0707326,0.996674]],[[0.92119,0.383705,-0.0646463],[-0.3891,0.909665,-0.145295],[0.00305611,0.158998,0.987274]]],"btipPosition":[4.12561,323.357,-57.9322],"carpPosition":[36.494,308.778,91.875],"dipPosition":[4.17781,326.072,-41.0692],"direction":[-0.0404811,-0.0707326,-0.996674],"extended":true,"handId":386,"id":3861,"length":58.7895,"mcpPosition":[9.07684,325.564,25.7259],"pipPosition":[5.15595,327.781,-16.9866],"stabilizedTipPosition":[10.7383,304.323,10.0236],"timeVisible":0.795564,"tipPosition":[3.81971,323.2,-53.9677],"tipVelocity":[-1.8186,8.33415,-82.4746],"tool":false,"touchDistance":-0.430897,"touchZone":"touching","type":1,"width":19.3369},{"bases":[[[0.951673,0.247868,-0.181331],[-0.177723,0.926006,0.333057],[0.250468,-0.284734,0.925307]],[[0.947236,0.252716,-0.197177],[-0.302164,0.498733,-0.81238],[-0.106963,0.829096,0.54878]],[[0.947236,0.252716,-0.197177],[-0.00209865,-0.610243,-0.792211],[-0.320531,0.750825,-0.577514]],[[0.947236,0.252716,-0.197177],[0.167968,-0.915269,-0.366155],[-0.273003,0.313715,-0.909424]]],"btipPosition":[48.1542,268.391,31.4686],"carpPosition":[46.2287,315.72,88.9469],"dipPosition":[43.0255,274.284,14.3839],"direction":[0.320531,-0.750825,0.577514],"extended":false,"handId":386,"id":3862,"length":66.986,"mcpPosition":[28.7595,335.579,24.4098],"pipPosition":[33.9135,295.629,-2.03348],"stabilizedTipPosition":[63.2149,243.237,101.59],"timeVisible":0.795564,"tipPosition":[46.8801,269.64,27.1294],"tipVelocity":[-20.1769,-13.7467,-83.6495],"tool":false,"touchDistance":0.333333,"touchZone":"none","type":2,"width":18.9914},{"bases":[[[0.98883,0.132749,-0.0677758],[-0.101201,0.9318,0.348577],[0.109427,-0.337825,0.934826]],[[0.986685,0.138847,-0.0846985],[-0.142192,0.48362,-0.863651],[-0.0789532,0.864195,0.496924]],[[0.986685,0.138847,-0.0846985],[0.0279873,-0.657948,-0.752543],[-0.160215,0.740153,-0.653073]],[[0.986685,0.138847,-0.0846985],[0.106005,-0.943965,-0.312559],[-0.12335,0.299419,-0.946115]]],"btipPosition":[60.9088,276.281,41.2943],"carpPosition":[57.4938,319.816,86.2718],"dipPosition":[58.6049,281.873,23.6225],"direction":[0.160215,-0.740153,0.653073],"extended":false,"handId":386,"id":3863,"length":64.4088,"mcpPosition":[50.6414,340.971,27.7321],"pipPosition":[54.1679,302.371,5.53655],"stabilizedTipPosition":[79.3247,244.366,115.991],"timeVisible":0.795564,"tipPosition":[60.4435,277.129,37.0039],"tipVelocity":[-17.7463,-12.0484,-72.2419],"tool":false,"touchDistance":0.333333,"touchZone":"none","type":3,"width":18.0715},{"bases":[[[0.997886,-0.0630401,-0.0157815],[0.063898,0.907573,0.415004],[-0.011839,-0.415135,0.909683]],[[0.989614,-0.111284,0.0909962],[0.136074,0.521092,-0.842583],[0.0463483,0.846214,0.530823]],[[0.989614,-0.111284,0.0909962],[-0.000531219,-0.635839,-0.771821],[0.14375,0.763757,-0.629294]],[[0.989614,-0.111284,0.0909962],[-0.0732396,-0.935013,-0.346968],[0.123694,0.336699,-0.933452]]],"btipPosition":[65.2625,290.484,40.3009],"carpPosition":[71.1568,317.068,83.4073],"dipPosition":[67.394,296.286,24.2161],"direction":[-0.14375,-0.763757,0.629294],"extended":false,"handId":386,"id":3864,"length":50.4953,"mcpPosition":[71.843,341.132,30.6753],"pipPosition":[70.2047,311.22,11.9116],"stabilizedTipPosition":[82.8226,262.345,116.159],"timeVisible":0.795564,"tipPosition":[65.6835,291.687,36.1448],"tipVelocity":[-8.2739,-16.4925,-75.9394],"tool":false,"touchDistance":0.333333,"touchZone":"none","type":4,"width":16.0525}],"r":[[0.978103,-0.20047,-0.0559148],[0.207756,0.95641,0.205225],[0.0123361,-0.212348,0.977116]],"s":0.836714,"t":[-26.3744,88.7059,-145.404],"timestamp":521245255920},false],[1,{"currentFrameRate":109.849,"devices":[],"gestures":[],"hands":[{"armBasis":[[0.801647,0.503766,-0.321841],[-0.248392,0.770402,0.587182],[0.543749,-0.39077,0.742722]],"armWidth":63.7005,"confidence":0.750568,"direction":[-0.267483,0.420601,-0.866919],"elbow":[206.312,201.057,291.226],"grabStrength":0,"id":386,"palmNormal":[0.282097,-0.826098,-0.487835],"palmPosition":[39.3022,322.813,42.6256],"palmVelocity":[-5.77486,-0.00266702,-93.5195],"palmWidth":90.9622,"pinchStrength":0.601825,"r":[[0.977893,-0.201675,-0.0552508],[0.208785,0.95633,0.204553],[0.0115847,-0.211566,0.977295]],"s":0.836957,"sphereCenter":[52.3201,293.812,4.01263],"sphereRadius":48.5562,"stabilizedPalmPosition":[54.0208,295.941,121.694],"t":[-26.4464,88.7796,-146.25],"timeVisible":0.804374,"type":"right","wrist":[59.5446,306.533,90.752]}],"id":4096923,"interactionBox":{"center":[0,200,0],"size":[235.247,235.247,147.751]},"pointables":[{"bases":[[[0.066237,0.971873,0.225997],[-0.76326,-0.0965346,0.638838],[0.642687,-0.214809,0.735398]],[[-0.194656,0.97719,-0.0849046],[-0.776779,-0.10072,0.621667],[0.598935,0.186963,0.778667]],[[-0.194656,0.97719,-0.0849046],[-0.959179,-0.171532,0.224838],[0.205146,0.125205,0.97069]],[[-0.194656,0.97719,-0.0849046],[-0.705614,-0.199632,-0.679894],[-0.681335,-0.0724354,0.728379]]],"btipPosition":[16.3078,273.583,2.38168],"carpPosition":[37.2476,285.486,91.3666],"dipPosition":[0.366937,271.889,19.4231],"direction":[-0.205146,-0.125205,-0.97069],"extended":false,"handId":386,"id":3860,"length":52.1005,"mcpPosition":[37.2476,285.486,91.3666],"pipPosition":[7.35937,276.156,52.5093],"stabilizedTipPosition":[21.1498,254.402,77.3423],"timeVisible":0.804374,"tipPosition":[11.9417,273.804,6.25601],"tipVelocity":[1.86733,-4.44072,-93.8218],"tool":false,"touchDistance":-0.421397,"touchZone":"touching","type":0,"width":20.2438},{"bases":[[[0.863353,0.440338,-0.246422],[-0.341038,0.869124,0.358213],[0.371906,-0.225225,0.900533]],[[0.919911,0.387005,-0.0631754],[-0.381801,0.920715,0.0806993],[0.0893975,-0.0501158,0.994734]],[[0.919911,0.387005,-0.0631754],[-0.390265,0.919264,-0.0514409],[0.038167,0.0719762,0.996676]],[[0.919911,0.387005,-0.0631754],[-0.392127,0.908081,-0.147058],[0.000456034,0.160053,0.987108]]],"btipPosition":[4.1786,323.402,-59.0937],"carpPosition":[36.3008,309.157,90.8039],"dipPosition":[4.18639,326.135,-42.2335],"direction":[-0.038167,-0.0719763,-0.996676],"extended":true,"handId":386,"id":3861,"length":58.7895,"mcpPosition":[8.94818,325.722,24.5723],"pipPosition":[5.10862,327.875,-18.1508],"stabilizedTipPosition":[10.7383,304.323,10.0235],"timeVisible":0.804374,"tipPosition":[3.87159,323.254,-55.1309],"tipVelocity":[-0.0189031,7.59073,-95.8051],"tool":false,"touchDistance":-0.433572,"touchZone":"touching","type":1,"width":19.3369},{"bases":[[[0.951066,0.251201,-0.179923],[-0.181921,0.9259,0.331079],[0.249758,-0.282147,0.926291]],[[0.946582,0.256066,-0.195991],[-0.302666,0.495845,-0.81396],[-0.111246,0.8298,0.54686]],[[0.946582,0.256066,-0.195991],[0.00228787,-0.613113,-0.789992],[-0.322455,0.747344,-0.580947]],[[0.946582,0.256066,-0.195991],[0.172885,-0.91606,-0.361862],[-0.2722,0.308648,-0.911396]]],"btipPosition":[48.2355,268.782,30.5627],"carpPosition":[46.0145,316.131,87.8825],"dipPosition":[43.1219,274.58,13.4409],"direction":[0.322455,-0.747344,0.580947],"extended":false,"handId":386,"id":3862,"length":66.986,"mcpPosition":[28.5948,335.81,23.2768],"pipPosition":[33.9552,295.826,-3.07406],"stabilizedTipPosition":[63.2142,243.238,101.587],"timeVisible":0.804374,"tipPosition":[46.9687,269.99,26.2061],"tipVelocity":[-12.1412,1.25833,-89.0819],"tool":false,"touchDistance":0.333333,"touchZone":"none","type":2,"width":18.9914},{"bases":[[[0.988443,0.136425,-0.0660931],[-0.105452,0.932015,0.346738],[0.108903,-0.335761,0.93563]],[[0.986308,0.142484,-0.0830297],[-0.142297,0.480847,-0.865181],[-0.0833502,0.86515,0.494539]],[[0.986308,0.142484,-0.0830297],[0.0324909,-0.661509,-0.749233],[-0.161679,0.736277,-0.657081]],[[0.986308,0.142484,-0.0830297],[0.11072,-0.945276,-0.306911],[-0.122216,0.293516,-0.94811]]],"btipPosition":[60.9325,276.776,40.4489],"carpPosition":[57.269,320.266,85.2219],"dipPosition":[58.6497,282.259,22.7398],"direction":[0.161679,-0.736277,0.657081],"extended":false,"handId":386,"id":3863,"length":64.4088,"mcpPosition":[50.4494,341.292,26.632],"pipPosition":[54.1723,302.649,4.5429],"stabilizedTipPosition":[79.3234,244.368,115.986],"timeVisible":0.804374,"tipPosition":[60.4718,277.588,36.1185],"tipVelocity":[-12.0868,5.59165,-78.8992],"tool":false,"touchDistance":0.333333,"touchZone":"none","type":3,"width":18.0715},{"bases":[[[0.998149,-0.0592364,-0.0137363],[0.0596092,0.908539,0.413527],[-0.0120158,-0.41358,0.910388]],[[0.989987,-0.106906,0.0921735],[0.134709,0.520444,-0.843203],[0.0421727,0.847177,0.529634]],[[0.989987,-0.106906,0.0921735],[0.00275497,-0.638234,-0.769838],[0.141129,0.762384,-0.631549]],[[0.989987,-0.106906,0.0921735],[-0.069176,-0.936647,-0.343376],[0.123043,0.333562,-0.934664]]],"btipPosition":[65.274,290.938,39.3485],"carpPosition":[70.9479,317.565,82.3889],"dipPosition":[67.3942,296.686,23.2428],"direction":[-0.141129,-0.762384,0.631549],"extended":false,"handId":386,"id":3864,"length":50.4953,"mcpPosition":[71.6445,341.539,29.6159],"pipPosition":[70.1537,311.593,10.8942],"stabilizedTipPosition":[82.8219,262.346,116.155],"timeVisible":0.804374,"tipPosition":[65.6851,292.115,35.1941],"tipVelocity":[-5.77013,1.47097,-84.7591],"tool":false,"touchDistance":0.333333,"touchZone":"none","type":4,"width":16.0525}],"r":[[0.977893,-0.201675,-0.0552508],[0.208785,0.95633,0.204553],[0.0115847,-0.211566,0.977295]],"s":0.836957,"t":[-26.4464,88.7796,-146.25],"timestamp":521245264730},false],[2,{"currentFrameRate":109.733,"devices":[],"gestures":[],"hands":[{"armBasis":[[0.804096,0.502079,-0.31835],[-0.248406,0.770257,0.587365],[0.540115,-0.393218,0.74408]],"armWidth":63.7005,"confidence":0.763832,"direction":[-0.268039,0.418395,-0.867814],"elbow":[205.272,200.566,290.632],"grabStrength":0,"id":386,"palmNormal":[0.282877,-0.826891,-0.486036],"palmPosition":[39.2195,322.854,41.6321],"palmVelocity":[-6.65022,1.26652,-97.2168],"palmWidth":90.9622,"pinchStrength":0.603184,"r":[[0.977764,-0.202462,-0.0546573],[0.209418,0.956398,0.203584],[0.0110562,-0.210503,0.977531]],"s":0.837298,"sphereCenter":[52.3417,293.812,3.04822],"sphereRadius":48.5938,"stabilizedPalmPosition":[54.0207,295.941,121.693],"t":[-26.5237,88.8373,-147.17],"timeVisible":0.813694,"type":"right","wrist":[59.4855,306.702,89.7917]}],"id":4096924,"interactionBox":{"center":[0,200,0],"size":[235.247,235.247,147.751]},"pointables":[{"bases":[[[0.0652685,0.972442,0.223824],[-0.76307,-0.0958981,0.639162],[0.643012,-0.21251,0.735782]],[[-0.200471,0.975275,-0.0930062],[-0.779049,-0.101129,0.618753],[0.594049,0.196498,0.780061]],[[-0.200471,0.975275,-0.0930062],[-0.956396,-0.174236,0.234412],[0.212411,0.135943,0.967678]],[[-0.200471,0.975275,-0.0930062],[-0.703003,-0.209322,-0.679685],[-0.682348,-0.0708732,0.727584]]],"btipPosition":[16.2904,272.853,1.52316],"carpPosition":[37.2103,285.635,90.4564],"dipPosition":[0.325849,271.195,18.546],"direction":[-0.212411,-0.135943,-0.967678],"extended":false,"handId":386,"id":3860,"length":52.1005,"mcpPosition":[37.2103,285.635,90.4564],"pipPosition":[7.56591,275.829,51.5295],"stabilizedTipPosition":[21.1497,254.402,77.342],"timeVisible":0.813694,"tipPosition":[11.9963,273.259,5.40086],"tipVelocity":[0.645881,-25.0852,-93.4691],"tool":false,"touchDistance":-0.420533,"touchZone":"touching","type":0,"width":20.2438},{"bases":[[[0.862864,0.440677,-0.247526],[-0.341882,0.869568,0.356327],[0.372266,-0.222837,0.900978]],[[0.919561,0.387718,-0.0638901],[-0.382637,0.920519,0.0789496],[0.0894223,-0.0481522,0.994829]],[[0.919561,0.387718,-0.0638901],[-0.391096,0.918814,-0.0531436],[0.0380984,0.073856,0.996541]],[[0.919561,0.387718,-0.0638901],[-0.392947,0.907456,-0.148718],[0.000316861,0.161861,0.986814]]],"btipPosition":[4.09335,323.211,-60.085],"carpPosition":[36.239,309.303,89.8412],"dipPosition":[4.09876,325.976,-43.2298],"direction":[-0.0380984,-0.073856,-0.996541],"extended":true,"handId":386,"id":3861,"length":58.7895,"mcpPosition":[8.85996,325.692,23.5768],"pipPosition":[5.01933,327.761,-19.1504],"stabilizedTipPosition":[10.7383,304.323,10.0235],"timeVisible":0.813694,"tipPosition":[3.79005,323.08,-56.1231],"tipVelocity":[-2.6171,-0.113757,-98.8248],"tool":false,"touchDistance":-0.433435,"touchZone":"touching","type":1,"width":19.3369},{"bases":[[[0.950781,0.251779,-0.180619],[-0.182827,0.926447,0.329044],[0.25018,-0.279827,0.92688]],[[0.946243,0.256652,-0.196862],[-0.303489,0.493926,-0.81482],[-0.11189,0.830763,0.545265]],[[0.946243,0.256652,-0.196862],[0.00320765,-0.616033,-0.787714],[-0.323442,0.744737,-0.58374]],[[0.946243,0.256652,-0.196862],[0.174442,-0.917438,-0.3576],[-0.272387,0.304036,-0.91289]]],"btipPosition":[48.1993,268.884,29.7262],"carpPosition":[45.9452,316.281,86.9028],"dipPosition":[43.0822,274.596,12.5764],"direction":[0.323442,-0.744737,0.58374],"extended":false,"handId":386,"id":3862,"length":66.986,"mcpPosition":[28.496,335.798,22.256],"pipPosition":[33.8875,295.767,-4.01795],"stabilizedTipPosition":[63.2136,243.239,101.585],"timeVisible":0.813694,"tipPosition":[46.9377,270.05,25.3669],"tipVelocity":[-9.83043,3.39425,-89.4664],"tool":false,"touchDistance":0.333333,"touchZone":"none","type":2,"width":18.9914},{"bases":[[[0.988293,0.137295,-0.0665396],[-0.106362,0.932676,0.344678],[0.109382,-0.333566,0.93636]],[[0.986135,0.143351,-0.0835942],[-0.143292,0.48152,-0.864642],[-0.0836954,0.864632,0.495385]],[[0.986135,0.143351,-0.0835942],[0.0327128,-0.661793,-0.748973],[-0.162688,0.735853,-0.657307]],[[0.986135,0.143351,-0.0835942],[0.111632,-0.945788,-0.304999],[-0.122784,0.291438,-0.948677]]],"btipPosition":[60.8825,276.868,39.3918],"carpPosition":[57.195,320.421,84.2315],"dipPosition":[58.5891,282.311,21.6721],"direction":[0.162688,-0.735853,0.657307],"extended":false,"handId":386,"id":3863,"length":64.4088,"mcpPosition":[50.3454,341.309,25.5958],"pipPosition":[54.0837,302.69,3.46897],"stabilizedTipPosition":[79.3224,244.37,115.982],"timeVisible":0.813694,"tipPosition":[60.4215,277.684,35.1363],"tipVelocity":[-10.2593,6.50931,-88.7365],"tool":false,"touchDistance":0.333333,"touchZone":"none","type":3,"width":18.0715},{"bases":[[[0.998208,-0.0582395,-0.013749],[0.0587327,0.909518,0.411495],[-0.0114603,-0.411565,0.911308]],[[0.990226,-0.105316,0.0914417],[0.133189,0.519434,-0.844067],[0.0413955,0.847996,0.528384]],[[0.990226,-0.105316,0.0914417],[0.00280766,-0.640434,-0.768008],[0.139446,0.760758,-0.633879]],[[0.990226,-0.105316,0.0914417],[-0.0683825,-0.938006,-0.339807],[0.12156,0.330233,-0.936039]]],"btipPosition":[65.2561,291.045,38.4221],"carpPosition":[70.8763,317.728,81.4024],"dipPosition":[67.3508,296.735,22.2927],"direction":[-0.139446,-0.760758,0.633879],"extended":false,"handId":386,"id":3864,"length":50.4953,"mcpPosition":[71.5406,341.585,28.5762],"pipPosition":[70.0774,311.61,9.89863],"stabilizedTipPosition":[82.8214,262.347,116.153],"timeVisible":0.813694,"tipPosition":[65.6529,292.197,34.278],"tipVelocity":[-4.85904,3.88014,-89.0633],"tool":false,"touchDistance":0.333333,"touchZone":"none","type":4,"width":16.0525}],"r":[[0.977764,-0.202462,-0.0546573],[0.209418,0.956398,0.203584],[0.0110562,-0.210503,0.977531]],"s":0.837298,"t":[-26.5237,88.8373,-147.17],"timestamp":521245274050},false],[3,{"currentFrameRate":109.884,"devices":[],"gestures":[],"hands":[{"armBasis":[[0.805474,0.501084,-0.316427],[-0.248477,0.770287,0.587296],[0.538024,-0.394427,0.744954]],"armWidth":63.7005,"confidence":0.775155,"direction":[-0.268254,0.417197,-0.868324],"elbow":[204.727,200.405,290.336],"grabStrength":0,"id":386,"palmNormal":[0.283304,-0.827338,-0.485027],"palmPosition":[39.2306,322.95,41.0809],"palmVelocity":[-4.51616,3.85751,-87.8127],"palmWidth":90.9622,"pinchStrength":0.60292,"r":[[0.977681,-0.203004,-0.0541325],[0.209827,0.956523,0.202575],[0.0106555,-0.209412,0.977769]],"s":0.83782,"sphereCenter":[52.4414,293.888,2.50905],"sphereRadius":48.632,"stabilizedPalmPosition":[54.0206,295.942,121.692],"t":[-26.5569,88.9141,-147.905],"timeVisible":0.822525,"type":"right","wrist":[59.5048,306.868,89.2602]}],"id":4096925,"interactionBox":{"center":[0,200,0],"size":[235.247,235.247,147.751]},"pointables":[{"bases":[[[0.0647666,0.972748,0.222637],[-0.763021,-0.0955118,0.639278],[0.643121,-0.211281,0.736041]],[[-0.204068,0.974035,-0.0980417],[-0.780847,-0.101548,0.616414],[0.590453,0.202346,0.781295]],[[-0.204068,0.974035,-0.0980417],[-0.954351,-0.175625,0.241598],[0.218107,0.142869,0.965411]],[[-0.204068,0.974035,-0.0980417],[-0.702749,-0.215478,-0.678022],[-0.681543,-0.0694636,0.728474]]],"btipPosition":[16.287,272.447,1.01223],"carpPosition":[37.2405,285.789,89.9506],"dipPosition":[0.341338,270.822,18.0559],"direction":[-0.218107,-0.142869,-0.965411],"extended":false,"handId":386,"id":3860,"length":52.1005,"mcpPosition":[37.2405,285.789,89.9506],"pipPosition":[7.77555,275.691,50.9621],"stabilizedTipPosition":[21.1497,254.402,77.3414],"timeVisible":0.822525,"tipPosition":[12.0734,272.946,4.90904],"tipVelocity":[0.501573,-30.5093,-83.7],"tool":false,"touchDistance":-0.414405,"touchZone":"touching","type":0,"width":20.2438},{"bases":[[[0.862637,0.440819,-0.248063],[-0.342331,0.869825,0.355266],[0.37238,-0.221546,0.90125]],[[0.919386,0.388074,-0.0642404],[-0.383067,0.920426,0.0779387],[0.0893746,-0.0470474,0.994886]],[[0.919386,0.388074,-0.0642404],[-0.391515,0.918578,-0.0541352],[0.0380013,0.0749223,0.996465]],[[0.919386,0.388074,-0.0642404],[-0.393355,0.907119,-0.149689],[0.000183368,0.162891,0.986644]]],"btipPosition":[4.1096,323.179,-60.6373],"carpPosition":[36.257,309.457,89.3065],"dipPosition":[4.11274,325.961,-43.7851],"direction":[-0.0380013,-0.0749223,-0.996465],"extended":true,"handId":386,"id":3861,"length":58.7895,"mcpPosition":[8.86953,325.751,23.0222],"pipPosition":[5.03096,327.771,-19.7075],"stabilizedTipPosition":[10.7383,304.323,10.0234],"timeVisible":0.822525,"tipPosition":[3.80935,323.059,-56.6763],"tipVelocity":[-1.42865,-0.957956,-89.0429],"tool":false,"touchDistance":-0.42672,"touchZone":"touching","type":1,"width":19.3369},{"bases":[[[0.950651,0.252049,-0.180926],[-0.183305,0.926753,0.327914],[0.250324,-0.278567,0.927221]],[[0.946084,0.256927,-0.197265],[-0.303879,0.493091,-0.81518],[-0.112172,0.831174,0.54458]],[[0.946084,0.256927,-0.197265],[0.00364523,-0.617398,-0.786643],[-0.323901,0.743511,-0.585047]],[[0.946084,0.256927,-0.197265],[0.175209,-0.918113,-0.355487],[-0.272446,0.301758,-0.913628]]],"btipPosition":[48.2314,269.008,29.2433],"carpPosition":[45.9596,316.435,86.3596],"dipPosition":[43.1132,274.677,12.0796],"direction":[0.323901,-0.743511,0.585047],"extended":false,"handId":386,"id":3862,"length":66.986,"mcpPosition":[28.5003,335.864,21.6891],"pipPosition":[33.9054,295.814,-4.55189],"stabilizedTipPosition":[63.2133,243.239,101.583],"timeVisible":0.822525,"tipPosition":[46.9743,270.155,24.8918],"tipVelocity":[-6.20011,5.98617,-80.166],"tool":false,"touchDistance":0.333333,"touchZone":"none","type":2,"width":18.9914},{"bases":[[[0.988222,0.137723,-0.0667067],[-0.106844,0.933041,0.34354],[0.109554,-0.332367,0.936766]],[[0.986043,0.143804,-0.0838991],[-0.143655,0.480158,-0.865339],[-0.0841544,0.865314,0.494115]],[[0.986043,0.143804,-0.0838991],[0.0332618,-0.663925,-0.747059],[-0.163133,0.733842,-0.659442]],[[0.986043,0.143804,-0.0838991],[0.112399,-0.946744,-0.301732],[-0.122821,0.288091,-0.949694]]],"btipPosition":[60.9175,277.037,38.953],"carpPosition":[57.2072,320.578,83.6832],"dipPosition":[58.6235,282.418,21.2143],"direction":[0.163133,-0.733842,0.659442],"extended":false,"handId":386,"id":3863,"length":64.4088,"mcpPosition":[50.3469,341.391,25.0221],"pipPosition":[54.1057,302.741,2.95204],"stabilizedTipPosition":[79.3217,244.371,115.979],"timeVisible":0.822525,"tipPosition":[60.4537,277.835,34.6792],"tipVelocity":[-6.42075,9.50576,-78.3194],"tool":false,"touchDistance":0.333333,"touchZone":"none","type":3,"width":18.0715},{"bases":[[[0.998238,-0.0577412,-0.0136776],[0.0582631,0.910049,0.410385],[-0.0112489,-0.410459,0.91181]],[[0.990409,-0.104281,0.0906386],[0.132011,0.520586,-0.843542],[0.0407805,0.847417,0.529359]],[[0.990409,-0.104281,0.0906386],[0.00278491,-0.640811,-0.767694],[0.138138,0.760583,-0.634374]],[[0.990409,-0.104281,0.0906386],[-0.0679197,-0.938738,-0.337874],[0.12032,0.328477,-0.936817]]],"btipPosition":[65.3262,291.195,37.8368],"carpPosition":[70.8899,317.889,80.8575],"dipPosition":[67.3995,296.856,21.694],"direction":[-0.138138,-0.760583,0.634374],"extended":false,"handId":386,"id":3864,"length":50.4953,"mcpPosition":[71.542,341.682,28.0022],"pipPosition":[70.1005,311.727,9.29018],"stabilizedTipPosition":[82.8211,262.348,116.151],"timeVisible":0.822525,"tipPosition":[65.707,292.331,33.7371],"tipVelocity":[-1.55363,7.23001,-83.0028],"tool":false,"touchDistance":0.333333,"touchZone":"none","type":4,"width":16.0525}],"r":[[0.977681,-0.203004,-0.0541325],[0.209827,0.956523,0.202575],[0.0106555,-0.209412,0.977769]],"s":0.83782,"t":[-26.5569,88.9141,-147.905],"timestamp":521245282881},false],[4,{"currentFrameRate":109.835,"devices":[],"gestures":[],"hands":[{"armBasis":[[0.804073,0.503645,-0.315926],[-0.248892,0.767736,0.590452],[0.539926,-0.396135,0.742669]],"armWidth":63.7005,"confidence":0.789623,"direction":[-0.268076,0.415642,-0.869124],"elbow":[205.214,200.355,289.305],"grabStrength":0,"id":386,"palmNormal":[0.285355,-0.827406,-0.483707],"palmPosition":[39.2275,323.265,40.6252],"palmVelocity":[-3.34625,12.3605,-77.1245],"palmWidth":90.9622,"pinchStrength":0.603908,"r":[[0.9777,-0.203089,-0.05345],[0.209757,0.956748,0.20158],[0.0101995,-0.208296,0.978013]],"s":0.838299,"sphereCenter":[52.6059,294.204,2.08848],"sphereRadius":48.655,"stabilizedPalmPosition":[54.0205,295.942,121.692],"t":[-26.575,89.11,-148.501],"timeVisible":0.831717,"type":"right","wrist":[59.4789,307.279,88.8461]}],"id":4096926,"interactionBox":{"center":[0,200,0],"size":[235.247,235.247,147.751]},"pointables":[{"bases":[[[0.0627334,0.973136,0.221518],[-0.763539,-0.0961367,0.638565],[0.642707,-0.209197,0.736997]],[[-0.207141,0.973064,-0.101185],[-0.782645,-0.102766,0.613927],[0.586992,0.206362,0.782851]],[[-0.207141,0.973064,-0.101185],[-0.953323,-0.177541,0.244244],[0.219701,0.147055,0.96442]],[[-0.207141,0.973064,-0.101185],[-0.701696,-0.219846,-0.67771],[-0.681701,-0.0693805,0.728334]]],"btipPosition":[16.4212,272.473,0.559157],"carpPosition":[37.2527,286.16,89.5381],"dipPosition":[0.471845,270.85,17.5996],"direction":[-0.219701,-0.147055,-0.96442],"extended":false,"handId":386,"id":3860,"length":52.1005,"mcpPosition":[37.2527,286.16,89.5381],"pipPosition":[7.96039,275.862,50.472],"stabilizedTipPosition":[21.1496,254.402,77.3406],"timeVisible":0.831717,"tipPosition":[12.2422,272.988,4.46896],"tipVelocity":[4.4166,-21.174,-74.1042],"tool":false,"touchDistance":-0.408105,"touchZone":"touching","type":0,"width":20.2438},{"bases":[[[0.862094,0.442104,-0.247665],[-0.344318,0.869626,0.353829],[0.371805,-0.219759,0.901924]],[[0.918762,0.389654,-0.0636091],[-0.384805,0.91982,0.076524],[0.0883268,-0.0458303,0.995037]],[[0.918762,0.389654,-0.0636091],[-0.393097,0.91782,-0.0555067],[0.0367533,0.076002,0.99643]],[[0.918762,0.389654,-0.0636091],[-0.39481,0.906266,-0.151019],[-0.00119849,0.163864,0.986482]]],"btipPosition":[4.2199,323.321,-61.1323],"carpPosition":[36.2263,309.825,88.864],"dipPosition":[4.19943,326.12,-44.2828],"direction":[-0.0367533,-0.076002,-0.99643],"extended":true,"handId":386,"id":3861,"length":58.7895,"mcpPosition":[8.88107,325.988,22.5301],"pipPosition":[5.0875,327.956,-20.206],"stabilizedTipPosition":[10.7383,304.324,10.0234],"timeVisible":0.831717,"tipPosition":[3.91976,323.212,-57.1725],"tipVelocity":[2.15967,3.7472,-79.2233],"tool":false,"touchDistance":-0.419815,"touchZone":"touching","type":1,"width":19.3369},{"bases":[[[0.950382,0.253578,-0.180201],[-0.185367,0.926814,0.326581],[0.249826,-0.276973,0.927832]],[[0.945795,0.258457,-0.19665],[-0.304162,0.492714,-0.815302],[-0.113829,0.830923,0.54462]],[[0.945795,0.258457,-0.19665],[0.0056032,-0.618414,-0.785833],[-0.324715,0.742135,-0.586341]],[[0.945795,0.258457,-0.19665],[0.177617,-0.91859,-0.35305],[-0.271889,0.298984,-0.914705]]],"btipPosition":[48.3182,269.383,28.8153],"carpPosition":[45.9192,316.818,85.9192],"dipPosition":[43.2105,275,11.6314],"direction":[0.324715,-0.742135,0.586341],"extended":false,"handId":386,"id":3862,"length":66.986,"mcpPosition":[28.4946,336.136,21.2059],"pipPosition":[33.9795,296.097,-5.03694],"stabilizedTipPosition":[63.213,243.24,101.581],"timeVisible":0.831717,"tipPosition":[47.0756,270.504,24.4944],"tipVelocity":[-1.75297,15.3495,-70.915],"tool":false,"touchDistance":0.333333,"touchZone":"none","type":2,"width":18.9914},{"bases":[[[0.988039,0.139462,-0.0658013],[-0.108935,0.933261,0.342282],[0.109145,-0.33102,0.93729]],[[0.985851,0.145561,-0.0831272],[-0.1437,0.478567,-0.866212],[-0.086305,0.865902,0.492713]],[[0.985851,0.145561,-0.0831272],[0.0356264,-0.666531,-0.744626],[-0.163795,0.731128,-0.662286]],[[0.985851,0.145561,-0.0831272],[0.11487,-0.947822,-0.297387],[-0.122078,0.283631,-0.951131]]],"btipPosition":[60.9985,277.486,38.655],"carpPosition":[57.1621,320.978,83.2499],"dipPosition":[58.7183,282.783,20.8895],"direction":[0.163795,-0.731129,0.662286],"extended":false,"handId":386,"id":3863,"length":64.4088,"mcpPosition":[50.3274,341.707,24.556],"pipPosition":[54.1823,303.031,2.5485],"stabilizedTipPosition":[79.321,244.373,115.976],"timeVisible":0.831717,"tipPosition":[60.5363,278.254,34.3561],"tipVelocity":[-2.06598,19.893,-65.6751],"tool":false,"touchDistance":0.333333,"touchZone":"none","type":3,"width":18.0715},{"bases":[[[0.998357,-0.0559189,-0.0125223],[0.0561409,0.910655,0.409335],[-0.011486,-0.409365,0.912298]],[[0.990619,-0.101966,0.090981],[0.131098,0.521175,-0.843321],[0.038573,0.847337,0.529653]],[[0.990619,-0.101966,0.090981],[0.00435568,-0.641873,-0.766798],[0.136586,0.760001,-0.635408]],[[0.990619,-0.101966,0.090981],[-0.0659265,-0.939763,-0.335409],[0.119701,0.326264,-0.937669]]],"btipPosition":[65.4219,291.606,37.4178],"carpPosition":[70.8528,318.311,80.4423],"dipPosition":[67.4845,297.228,21.2603],"direction":[-0.136586,-0.760001,0.635408],"extended":false,"handId":386,"id":3864,"length":50.4953,"mcpPosition":[71.5186,342.041,27.5587],"pipPosition":[70.1552,312.089,8.83628],"stabilizedTipPosition":[82.8208,262.348,116.15],"timeVisible":0.831717,"tipPosition":[65.792,292.721,33.3421],"tipVelocity":[1.71616,17.4393,-72.6457],"tool":false,"touchDistance":0.333333,"touchZone":"none","type":4,"width":16.0525}],"r":[[0.9777,-0.203089,-0.05345],[0.209757,0.956748,0.20158],[0.0101995,-0.208296,0.978013]],"s":0.838299,"t":[-26.575,89.11,-148.501],"timestamp":521245292073},false],[5,{"currentFrameRate":109.96,"devices":[],"gestures":[],"hands":[{"armBasis":[[0.809301,0.501286,-0.306177],[-0.249447,0.765213,0.593486],[0.531797,-0.403934,0.744332]],"armWidth":63.7005,"confidence":0.796882,"direction":[-0.265805,0.412712,-0.871216],"elbow":[202.826,199.079,288.447],"grabStrength":0,"id":386,"palmNormal":[0.287948,-0.82848,-0.480319],"palmPosition":[39.1686,323.925,39.2058],"palmVelocity":[-4.24143,29.1836,-99.6015],"palmWidth":90.9622,"pinchStrength":0.603808,"r":[[0.977801,-0.202941,-0.0521553],[0.209331,0.957101,0.200347],[0.00925919,-0.206817,0.978336]],"s":0.838859,"sphereCenter":[52.7428,294.793,0.802639],"sphereRadius":48.6694,"stabilizedPalmPosition":[54.0204,295.942,121.691],"t":[-26.6135,89.5379,-149.508],"timeVisible":0.84059,"type":"right","wrist":[59.285,308.108,87.5389]}],"id":4096927,"interactionBox":{"center":[0,200,0],"size":[235.247,235.247,147.751]},"pointables":[{"bases":[[[0.0607971,0.97387,0.218815],[-0.765465,-0.0952025,0.636396],[0.640599,-0.206186,0.739676]],[[-0.208468,0.972345,-0.105289],[-0.785157,-0.102195,0.610807],[0.583155,0.210002,0.784748]],[[-0.208468,0.972345,-0.105289],[-0.953538,-0.178126,0.242974],[0.2175,0.151049,0.964302]],[[-0.208468,0.972345,-0.105289],[-0.699491,-0.223472,-0.678803],[-0.68356,-0.0678601,0.726733]]],"btipPosition":[16.5618,272.923,-0.809684],"carpPosition":[37.0833,286.963,88.2225],"dipPosition":[0.568947,271.335,16.1933],"direction":[-0.2175,-0.151049,-0.964302],"extended":false,"handId":386,"id":3860,"length":52.1005,"mcpPosition":[37.0833,286.963,88.2225],"pipPosition":[7.98247,276.484,49.0617],"stabilizedTipPosition":[21.1495,254.402,77.3401],"timeVisible":0.84059,"tipPosition":[12.3882,273.435,3.09825],"tipVelocity":[7.21137,-1.42434,-96.1158],"tool":false,"touchDistance":-0.41629,"touchZone":"touching","type":0,"width":20.2438},{"bases":[[[0.862328,0.442457,-0.246214],[-0.346547,0.870239,0.350128],[0.369182,-0.2166,0.903764]],[[0.918486,0.390604,-0.0617489],[-0.386174,0.919559,0.0726703],[0.085167,-0.0429007,0.995443]],[[0.918486,0.390604,-0.0617489],[-0.394036,0.917178,-0.0593306],[0.03346,0.0788256,0.996327]],[[0.918486,0.390604,-0.0617489],[-0.395428,0.905361,-0.154784],[-0.00455427,0.166585,0.986017]]],"btipPosition":[4.48842,323.648,-62.6641],"carpPosition":[36.0293,310.625,87.4745],"dipPosition":[4.41063,326.493,-45.8225],"direction":[-0.03346,-0.0788256,-0.996327],"extended":true,"handId":386,"id":3861,"length":58.7895,"mcpPosition":[8.87699,326.555,21.0053],"pipPosition":[5.21913,328.398,-21.7483],"stabilizedTipPosition":[10.7383,304.324,10.0234],"timeVisible":0.84059,"tipPosition":[4.18048,323.557,-58.706],"tipVelocity":[9.38068,13.056,-104.621],"tool":false,"touchDistance":-0.429171,"touchZone":"touching","type":1,"width":19.3369},{"bases":[[[0.950636,0.254245,-0.177905],[-0.187582,0.927547,0.323219],[0.247192,-0.273892,0.929451]],[[0.946072,0.259094,-0.19447],[-0.302293,0.49021,-0.817504],[-0.116479,0.832204,0.542097]],[[0.946072,0.259094,-0.19447],[0.00922947,-0.621608,-0.783274],[-0.323826,0.739238,-0.590477]],[[0.946072,0.259094,-0.19447],[0.180439,-0.92,-0.347911],[-0.269055,0.294059,-0.917136]]],"btipPosition":[48.3547,270.085,27.608],"carpPosition":[45.7228,317.621,84.5399],"dipPosition":[43.3002,275.609,10.3784],"direction":[0.323826,-0.739238,0.590477],"extended":false,"handId":386,"id":3862,"length":66.986,"mcpPosition":[28.4819,336.724,19.7138],"pipPosition":[34.0946,296.624,-6.40748],"stabilizedTipPosition":[63.2126,243.241,101.58],"timeVisible":0.84059,"tipPosition":[47.1314,271.168,23.2821],"tipVelocity":[0.212784,31.9839,-88.9095],"tool":false,"touchDistance":0.333333,"touchZone":"none","type":2,"width":18.9914},{"bases":[[[0.988069,0.140518,-0.063046],[-0.111208,0.934137,0.339147],[0.10655,-0.328089,0.938619]],[[0.985909,0.146614,-0.080545],[-0.141513,0.474231,-0.868953],[-0.0892036,0.868107,0.488297]],[[0.985909,0.146614,-0.080545],[0.0396485,-0.67258,-0.738962],[-0.162515,0.725356,-0.668915]],[[0.985909,0.146614,-0.080545],[0.117775,-0.950303,-0.288188],[-0.118795,0.274641,-0.95418]]],"btipPosition":[61.0006,278.341,37.6541],"carpPosition":[56.969,321.788,81.8944],"dipPosition":[58.7817,283.471,19.8317],"direction":[0.162515,-0.725356,0.668915],"extended":false,"handId":386,"id":3863,"length":64.4088,"mcpPosition":[50.2967,342.333,23.1173],"pipPosition":[54.2811,303.558,1.30705],"stabilizedTipPosition":[79.32,244.375,115.971],"timeVisible":0.84059,"tipPosition":[60.5489,279.05,33.2804],"tipVelocity":[-1.0107,39.4663,-78.8609],"tool":false,"touchDistance":0.333333,"touchZone":"none","type":3,"width":18.0715},{"bases":[[[0.998461,-0.0546903,-0.00915179],[0.0536798,0.911941,0.406795],[-0.0139019,-0.406661,0.913473]],[[0.990555,-0.100105,0.0937007],[0.132317,0.51866,-0.84468],[0.0359579,0.8491,0.527007]],[[0.990555,-0.100105,0.0937007],[0.00695288,-0.645817,-0.76346],[0.13694,0.756901,-0.639022]],[[0.990555,-0.100105,0.0937007],[-0.0639626,-0.94181,-0.330003],[0.121283,0.320893,-0.939318]]],"btipPosition":[65.4393,292.359,36.2387],"carpPosition":[70.672,319.129,79.1387],"dipPosition":[67.5292,297.889,20.0528],"direction":[-0.13694,-0.756901,0.639022],"extended":false,"handId":386,"id":3864,"length":50.4953,"mcpPosition":[71.4778,342.702,26.187],"pipPosition":[70.2068,312.688,7.55812],"stabilizedTipPosition":[82.8203,262.349,116.148],"timeVisible":0.84059,"tipPosition":[65.813,293.437,32.1484],"tipVelocity":[1.97574,35.0698,-89.1879],"tool":false,"touchDistance":0.333333,"touchZone":"none","type":4,"width":16.0525}],"r":[[0.977801,-0.202941,-0.0521553],[0.209331,0.957101,0.200347],[0.00925919,-0.206817,0.978336]],"s":0.838859,"t":[-26.6135,89.5379,-149.508],"timestamp":521245300946},false],[6,{"currentFrameRate":109.956,"devices":[],"gestures":[],"hands":[{"armBasis":[[0.812609,0.49807,-0.302642],[-0.247663,0.765171,0.594286],[0.52757,-0.407969,0.745139]],"armWidth":63.7005,"confidence":0.803325,"direction":[-0.263613,0.410913,-0.872731],"elbow":[201.625,198.446,287.719],"grabStrength":0,"id":386,"palmNormal":[0.287075,-0.83032,-0.477657],"palmPosition":[39.216,324.292,38.186],"palmVelocity":[-1.62159,32.2621,-103.056],"palmWidth":90.9622,"pinchStrength":0.602252,"r":[[0.977817,-0.203233,-0.0507012],[0.209304,0.957405,0.198918],[0.00811502,-0.205117,0.978704]],"s":0.839551,"sphereCenter":[52.8811,295.075,-0.113724],"sphereRadius":48.6955,"stabilizedPalmPosition":[54.0202,295.942,121.69],"t":[-26.6091,89.9352,-150.522],"timeVisible":0.84969,"type":"right","wrist":[59.2248,308.564,86.5928]}],"id":4096928,"interactionBox":{"center":[0,200,0],"size":[235.247,235.247,147.751]},"pointables":[{"bases":[[[0.0623687,0.974328,0.216321],[-0.766657,-0.0920036,0.635431],[0.63902,-0.205475,0.741237]],[[-0.206113,0.972565,-0.107862],[-0.787196,-0.0993262,0.608652],[0.58124,0.210359,0.786072]],[[-0.206113,0.972565,-0.107862],[-0.954181,-0.175324,0.242489],[0.216925,0.1529,0.96414]],[[-0.206113,0.972565,-0.107862],[-0.700549,-0.223621,-0.677661],[-0.68319,-0.0641124,0.727421]]],"btipPosition":[16.5654,273.256,-1.81136],"carpPosition":[36.9804,287.465,87.2974],"dipPosition":[0.581161,271.756,15.2077],"direction":[-0.216925,-0.1529,-0.96414],"extended":false,"handId":386,"id":3860,"length":52.1005,"mcpPosition":[36.9804,287.465,87.2974],"pipPosition":[7.9751,276.967,48.0706],"stabilizedTipPosition":[21.1495,254.403,77.3396],"timeVisible":0.84969,"tipPosition":[12.4143,273.742,2.12639],"tipVelocity":[5.38148,9.72254,-99.8719],"tool":false,"touchDistance":-0.417964,"touchZone":"touching","type":0,"width":20.2438},{"bases":[[[0.863586,0.440105,-0.246021],[-0.345386,0.871847,0.347262],[0.367325,-0.214919,0.904921]],[[0.919368,0.388604,-0.0612404],[-0.384439,0.92051,0.0697687],[0.0834848,-0.0405999,0.995682]],[[0.919368,0.388604,-0.0612404],[-0.392091,0.917825,-0.0621443],[0.0320585,0.0811453,0.996187]],[[0.919368,0.388604,-0.0612404],[-0.393358,0.905792,-0.157511],[-0.00573837,0.1689,0.985616]]],"btipPosition":[4.69625,323.831,-63.7389],"carpPosition":[35.9741,311.126,86.4849],"dipPosition":[4.59824,326.716,-46.9042],"direction":[-0.0320585,-0.0811453,-0.996187],"extended":true,"handId":386,"id":3861,"length":58.7895,"mcpPosition":[8.95848,326.933,19.9305],"pipPosition":[5.37287,328.677,-22.8333],"stabilizedTipPosition":[10.7383,304.324,10.0233],"timeVisible":0.84969,"tipPosition":[4.38781,323.757,-59.7821],"tipVelocity":[12.969,15.297,-108.408],"tool":false,"touchDistance":-0.430733,"touchZone":"touching","type":1,"width":19.3369},{"bases":[[[0.951415,0.251902,-0.177072],[-0.186266,0.928771,0.320453],[0.245182,-0.271902,0.930567]],[[0.946865,0.256738,-0.193732],[-0.300106,0.488592,-0.819276],[-0.115683,0.833885,0.53968]],[[0.946865,0.256738,-0.193732],[0.00995533,-0.625449,-0.780201],[-0.321477,0.736817,-0.594772]],[[0.946865,0.256738,-0.193732],[0.180082,-0.922264,-0.342052],[-0.26649,0.28899,-0.919493]]],"btipPosition":[48.3049,270.504,26.8201],"carpPosition":[45.686,318.096,83.5471],"dipPosition":[43.2985,275.933,9.54631],"direction":[0.321477,-0.736817,0.594772],"extended":false,"handId":386,"id":3862,"length":66.986,"mcpPosition":[28.5854,337.06,18.6431],"pipPosition":[34.1597,296.879,-7.3617],"stabilizedTipPosition":[63.2121,243.242,101.577],"timeVisible":0.84969,"tipPosition":[47.0982,271.54,22.4746],"tipVelocity":[-1.02634,35.2073,-88.5733],"tool":false,"touchDistance":0.333333,"touchZone":"none","type":2,"width":18.9914},{"bases":[[[0.988442,0.138408,-0.061851],[-0.109904,0.935253,0.336485],[0.104418,-0.325798,0.939655]],[[0.986289,0.144547,-0.0796189],[-0.139226,0.469833,-0.871707],[-0.0885952,0.870841,0.483516]],[[0.986289,0.144547,-0.0796189],[0.040515,-0.679798,-0.732279],[-0.159974,0.719014,-0.676334]],[[0.986289,0.144547,-0.0796189],[0.117334,-0.953506,-0.277594],[-0.116042,0.264446,-0.957394]]],"btipPosition":[60.9607,278.887,37.0822],"carpPosition":[56.9446,322.233,80.9083],"dipPosition":[58.7933,283.826,19.1997],"direction":[0.159974,-0.719014,0.676334],"extended":false,"handId":386,"id":3863,"length":64.4088,"mcpPosition":[50.4058,342.635,22.0663],"pipPosition":[54.363,303.738,0.469601],"stabilizedTipPosition":[79.3182,244.378,115.963],"timeVisible":0.84969,"tipPosition":[60.5138,279.524,32.613],"tipVelocity":[-1.58503,43.8176,-74.8449],"tool":false,"touchDistance":0.333333,"touchZone":"none","type":3,"width":18.0715},{"bases":[[[0.998365,-0.0566766,-0.00742154],[0.0548321,0.912913,0.404454],[-0.0161479,-0.4042,0.914528]],[[0.990336,-0.101401,0.094616],[0.133656,0.515697,-0.846282],[0.0370204,0.850749,0.524266]],[[0.990336,-0.101401,0.094616],[0.00606221,-0.649921,-0.759978],[0.138555,0.753207,-0.643025]],[[0.990336,-0.101401,0.094616],[-0.0656388,-0.943672,-0.324306],[0.122171,0.314962,-0.941208]]],"btipPosition":[65.4598,292.744,35.428],"carpPosition":[70.6467,319.54,78.1815],"dipPosition":[67.565,298.171,19.2096],"direction":[-0.138555,-0.753207,0.643025],"extended":false,"handId":386,"id":3864,"length":50.4953,"mcpPosition":[71.5827,342.971,25.1686],"pipPosition":[70.2741,312.898,6.63662],"stabilizedTipPosition":[82.8198,262.35,116.145],"timeVisible":0.84969,"tipPosition":[65.8327,293.783,31.317],"tipVelocity":[2.15799,36.3454,-89.3864],"tool":false,"touchDistance":0.333333,"touchZone":"none","type":4,"width":16.0525}],"r":[[0.977817,-0.203233,-0.0507012],[0.209304,0.957405,0.198918],[0.00811502,-0.205117,0.978704]],"s":0.839551,"