{"sensorType":"Leap","data":[[0,{"currentFrameRate":106.094,"devices":[],"gestures":[],"hands":[{"armBasis":[[0.867358,0.362707,-0.340785],[-0.148996,0.842577,0.517556],[0.474858,-0.398131,0.784858]],"armWidth":63.7005,"confidence":0.72863,"direction":[-0.158443,0.487041,-0.858887],"elbow":[190.541,202.161,303.363],"grabStrength":0,"id":359,"palmNormal":[0.150675,-0.84776,-0.508527],"palmPosition":[47.0298,330.654,43.4183],"palmVelocity":[4.64406,-32.9127,-177.309],"palmWidth":90.9622,"pinchStrength":0.532029,"r":[[0.974563,0.0753082,0.211082],[-0.0863305,0.995317,0.0434849],[-0.206819,-0.0606016,0.976501]],"s":1.06351,"sphereCenter":[70.089,301.891,3.55069],"sphereRadius":53.09,"stabilizedPalmPosition":[56.034,304.35,124.264],"t":[-17.6443,59.2681,-121.43],"timeVisible":0.560178,"type":"right","wrist":[62.3684,309.624,91.5159]}],"id":4085713,"interactionBox":{"center":[0,200,0],"size":[235.247,235.247,147.751]},"pointables":[{"bases":[[[0.226975,0.937795,0.262723],[-0.79087,0.0200602,0.611655],[0.568336,-0.34661,0.746227]],[[-0.0193575,0.998143,-0.0577649],[-0.891479,0.00892584,0.452974],[0.452648,0.0602646,0.88965]],[[-0.0193575,0.998143,-0.0577649],[-0.998839,-0.0167568,0.045171],[0.0441191,0.0585722,0.997308]],[[-0.0193575,0.998143,-0.0577649],[-0.899448,-0.0426148,-0.434946],[-0.4366,0.0435371,0.898602]]],"btipPosition":[22.8503,286.798,-8.71288],"carpPosition":[36.7274,292.82,90.7003],"dipPosition":[12.6354,287.816,12.3112],"direction":[-0.0441191,-0.0585722,-0.997308],"extended":false,"handId":359,"id":3590,"length":52.1005,"mcpPosition":[36.7274,292.82,90.7003],"pipPosition":[14.1392,289.813,46.3046],"stabilizedTipPosition":[25.8849,269.988,72.0877],"timeVisible":0.560178,"tipPosition":[21.6287,287.158,-3.66478],"tipVelocity":[-2.96473,-30.204,-201.528],"tool":false,"touchDistance":-0.500434,"touchZone":"touching","type":0,"width":20.2438},{"bases":[[[0.935348,0.28878,-0.20428],[-0.196482,0.904373,0.37882],[0.294141,-0.314191,0.902644]],[[0.97565,0.218736,-0.0161593],[-0.214444,0.96678,0.139105],[0.0460499,-0.132253,0.990146]],[[0.97565,0.218736,-0.0161593],[-0.218488,0.975712,0.0158032],[0.0192235,-0.0118877,0.999745]],[[0.97565,0.218736,-0.0161593],[-0.219331,0.972744,-0.0752485],[-0.000740705,0.0769604,0.997034]]],"btipPosition":[15.8922,344.055,-59.1378],"carpPosition":[39.955,316.295,90.9616],"dipPosition":[15.8795,345.37,-42.1081],"direction":[-0.0192235,0.0118877,-0.999745],"extended":true,"handId":359,"id":3591,"length":58.7895,"mcpPosition":[18.3218,339.402,24.5748],"pipPosition":[16.344,345.083,-17.9512],"stabilizedTipPosition":[11.7828,312.506,48.4228],"timeVisible":0.560178,"tipPosition":[16.0256,344.161,-55.1706],"tipVelocity":[52.6635,-8.02989,-190.236],"tool":false,"touchDistance":-0.501981,"touchZone":"touching","type":1,"width":19.3369},{"bases":[[[0.986187,0.0852431,-0.142018],[-0.0290162,0.933057,0.358555],[0.163075,-0.349482,0.922642]],[[0.982285,0.0930532,-0.162658],[-0.187232,0.523394,-0.831266],[0.00778214,0.846994,0.531545]],[[0.982285,0.0930532,-0.162658],[-0.071747,-0.61511,-0.78517],[-0.173115,0.782931,-0.597537]],[[0.982285,0.0930532,-0.162658],[0.0274668,-0.930118,-0.366231],[-0.18537,0.355276,-0.916197]]],"btipPosition":[47.492,276.166,32.8216],"carpPosition":[50.8373,321.535,88.5872],"dipPosition":[44.0096,282.84,15.6097],"direction":[0.173115,-0.782931,0.597537],"extended":false,"handId":359,"id":3592,"length":66.986,"mcpPosition":[39.4633,345.91,24.2359],"pipPosition":[39.0884,305.097,-1.3769],"stabilizedTipPosition":[49.7631,252.593,103.278],"timeVisible":0.560178,"tipPosition":[46.6545,277.529,28.3545],"tipVelocity":[11.5844,-24.1346,-199.01],"tool":false,"touchDistance":0.333333,"touchZone":"none","type":2,"width":18.9914},{"bases":[[[0.998798,-0.0376971,-0.0313181],[0.0467298,0.925147,0.376722],[0.0147725,-0.377733,0.925797]],[[0.998536,-0.0329798,-0.0428705],[-0.0208562,0.496539,-0.867764],[0.0499055,0.867388,0.495125]],[[0.998536,-0.0329798,-0.0428705],[-0.0539986,-0.653456,-0.755036],[-0.0031131,0.756245,-0.654281]],[[0.998536,-0.0329798,-0.0428705],[-0.0451678,-0.944472,-0.325473],[-0.0297559,0.326933,-0.944579]]],"btipPosition":[60.2175,281.565,42.0907],"carpPosition":[62.7297,323.703,86.4176],"dipPosition":[59.6617,287.672,24.4476],"direction":[0.0031131,-0.756245,0.654281],"extended":false,"handId":359,"id":3593,"length":64.4088,"mcpPosition":[61.8046,347.357,28.4434],"pipPosition":[59.5755,308.615,6.32821],"stabilizedTipPosition":[65.3693,255.014,114.837],"timeVisible":0.560178,"tipPosition":[60.0172,282.798,38.0331],"tipVelocity":[9.66207,-26.7281,-202.003],"tool":false,"touchDistance":0.333333,"touchZone":"none","type":3,"width":18.0715},{"bases":[[[0.972252,-0.233502,0.0142313],[0.202631,0.870991,0.447567],[-0.116903,-0.432264,0.894137]],[[0.974642,-0.223692,-0.00594014],[0.115325,0.524875,-0.843331],[0.191764,0.82126,0.537362]],[[0.974642,-0.223692,-0.00594014],[-0.144588,-0.609277,-0.779663],[0.170785,0.760751,-0.626171]],[[0.974642,-0.223692,-0.00594014],[-0.210198,-0.906097,-0.367158],[0.0767481,0.359096,-0.93014]]],"btipPosition":[71.1548,293.689,41.3481],"carpPosition":[75.8186,318.725,83.9027],"dipPosition":[72.4773,299.877,25.3204],"direction":[-0.170785,-0.760751,0.626171],"extended":false,"handId":359,"id":3594,"length":50.4953,"mcpPosition":[82.5952,343.782,32.0719],"pipPosition":[75.8166,314.752,13.077],"stabilizedTipPosition":[76.3993,269.819,109.168],"timeVisible":0.560178,"tipPosition":[71.309,294.815,37.3797],"tipVelocity":[12.0821,-25.8325,-169.457],"tool":false,"touchDistance":0.333333,"touchZone":"none","type":4,"width":16.0525}],"r":[[0.974563,0.0753082,0.211082],[-0.0863305,0.995317,0.0434849],[-0.206819,-0.0606016,0.976501]],"s":1.06351,"t":[-17.6443,59.2681,-121.43],"timestamp":521086958211},false],[1,{"currentFrameRate":106.241,"devices":[],"gestures":[],"hands":[{"armBasis":[[0.867283,0.365241,-0.33826],[-0.150274,0.839872,0.521568],[0.474593,-0.401515,0.783293]],"armWidth":63.7005,"confidence":0.751077,"direction":[-0.155541,0.485941,-0.86004],"elbow":[190.402,201.016,301.933],"grabStrength":0,"id":359,"palmNormal":[0.152951,-0.848289,-0.506963],"palmPosition":[47.1284,330.358,42.3301],"palmVelocity":[6.35374,-32.7907,-161.1],"palmWidth":90.9622,"pinchStrength":0.538978,"r":[[0.973644,0.0755728,0.215189],[-0.0871173,0.995196,0.044665],[-0.21078,-0.0622345,0.97555]],"s":1.06373,"sphereCenter":[70.3708,301.551,2.55096],"sphereRadius":53.1094,"stabilizedPalmPosition":[56.0339,304.35,124.263],"t":[-17.5834,58.9371,-122.826],"timeVisible":0.569319,"type":"right","wrist":[62.3014,309.392,90.5084]}],"id":4085714,"interactionBox":{"center":[0,200,0],"size":[235.247,235.247,147.751]},"pointables":[{"bases":[[[0.225551,0.938219,0.262434],[-0.793111,0.0203943,0.608735],[0.565775,-0.345441,0.748712]],[[-0.0203617,0.997993,-0.0599643],[-0.893058,0.0088088,0.449855],[0.44948,0.0627114,0.891086]],[[-0.0203617,0.997993,-0.0599643],[-0.998862,-0.0177184,0.0442863],[0.043135,0.0607978,0.997218]],[[-0.0203617,0.997993,-0.0599643],[-0.898506,-0.0445706,-0.436693],[-0.43849,0.0449865,0.89761]]],"btipPosition":[23.0306,286.32,-9.83948],"carpPosition":[36.6719,292.574,89.619],"dipPosition":[12.7715,287.373,11.1614],"direction":[-0.043135,-0.0607978,-0.997218],"extended":false,"handId":359,"id":3590,"length":52.1005,"mcpPosition":[36.6719,292.574,89.619],"pipPosition":[14.2418,289.445,45.1517],"stabilizedTipPosition":[25.8849,269.988,72.0875],"timeVisible":0.569319,"tipPosition":[21.7762,286.719,-4.80506],"tipVelocity":[3.03844,-36.0997,-179.911],"tool":false,"touchDistance":-0.495703,"touchZone":"touching","type":0,"width":20.2438},{"bases":[[[0.935946,0.289001,-0.201203],[-0.198311,0.904725,0.377022],[0.290993,-0.312971,0.904086]],[[0.975596,0.219196,-0.0128386],[-0.215424,0.96684,0.137161],[0.0424781,-0.131048,0.990466]],[[0.975596,0.219196,-0.0128386],[-0.219021,0.975623,0.0137645],[0.0155427,-0.0106167,0.999823]],[[0.975596,0.219196,-0.0128386],[-0.219526,0.972536,-0.0773374],[-0.0044661,0.0782685,0.996922]]],"btipPosition":[16.3616,343.617,-60.355],"carpPosition":[39.887,316.051,89.8643],"dipPosition":[16.2853,344.954,-43.3272],"direction":[-0.0155427,0.0106167,-0.999823],"extended":true,"handId":359,"id":3591,"length":58.7895,"mcpPosition":[18.4852,339.069,23.3713],"pipPosition":[16.6608,344.697,-19.1685],"stabilizedTipPosition":[11.7833,312.51,48.4115],"timeVisible":0.569319,"tipPosition":[16.4783,343.731,-56.3879],"tipVelocity":[51.8524,-18.9797,-174.37],"tool":false,"touchDistance":-0.498381,"touchZone":"touching","type":1,"width":19.3369},{"bases":[[[0.986657,0.0855643,-0.138513],[-0.0307867,0.933468,0.357336],[0.159873,-0.348304,0.923648]],[[0.982884,0.0932401,-0.15889],[-0.184109,0.527951,-0.829079],[0.00658261,0.844141,0.536081]],[[0.982884,0.0932401,-0.15889],[-0.0690956,-0.612935,-0.787106],[-0.170779,0.784613,-0.596001]],[[0.982884,0.0932401,-0.15889],[0.029141,-0.930295,-0.365654],[-0.181908,0.354765,-0.917089]]],"btipPosition":[47.5797,275.942,31.4422],"carpPosition":[50.7752,321.294,87.5234],"dipPosition":[44.1623,282.607,14.2135],"direction":[0.170779,-0.784613,0.596001],"extended":false,"handId":359,"id":3592,"length":66.986,"mcpPosition":[39.6246,345.587,23.102],"pipPosition":[39.3074,304.911,-2.72942],"stabilizedTipPosition":[49.763,252.593,103.277],"timeVisible":0.569319,"tipPosition":[46.7898,277.29,27.148],"tipVelocity":[11.4844,-24.3088,-185.743],"tool":false,"touchDistance":0.333333,"touchZone":"none","type":2,"width":18.9914},{"bases":[[[0.998925,-0.037238,-0.0276217],[0.0448963,0.925617,0.375788],[0.0115735,-0.376624,0.926294]],[[0.998701,-0.0325195,-0.0392173],[-0.0179223,0.496316,-0.867957],[0.0476897,0.867533,0.495089]],[[0.998701,-0.0325195,-0.0392173],[-0.0509333,-0.654602,-0.754256],[-0.00114368,0.755274,-0.655408]],[[0.998701,-0.0325195,-0.0392173],[-0.0434801,-0.945247,-0.323447],[-0.0265517,0.324732,-0.945433]]],"btipPosition":[60.3472,281.319,41.0854],"carpPosition":[62.6744,323.465,85.3947],"dipPosition":[59.8512,287.385,23.4264],"direction":[0.00114368,-0.755274,0.655408],"extended":false,"handId":359,"id":3593,"length":64.4088,"mcpPosition":[61.9497,347.05,27.3894],"pipPosition":[59.8196,308.301,5.27579],"stabilizedTipPosition":[65.3693,255.015,114.836],"timeVisible":0.569319,"tipPosition":[60.1625,282.533,37.0339],"tipVelocity":[11.3383,-27.0609,-176.51],"tool":false,"touchDistance":0.333333,"touchZone":"none","type":3,"width":18.0715},{"bases":[[[0.972309,-0.233001,0.0180635],[0.200564,0.871623,0.447267],[-0.119958,-0.431259,0.894218]],[[0.974789,-0.223116,-0.00231365],[0.118139,0.524889,-0.842932],[0.189286,0.821408,0.538015]],[[0.974789,-0.223116,-0.00231365],[-0.14153,-0.610259,-0.779457],[0.172497,0.760134,-0.626451]],[[0.974789,-0.223116,-0.00231365],[-0.208464,-0.906983,-0.365958],[0.0795526,0.357214,-0.930628]]],"btipPosition":[71.294,293.436,40.3651],"carpPosition":[75.7749,318.49,82.9336],"dipPosition":[72.6648,299.591,24.329],"direction":[-0.172497,-0.760134,0.626451],"extended":false,"handId":359,"id":3594,"length":50.4953,"mcpPosition":[82.7286,343.489,31.0981],"pipPosition":[76.0376,314.454,12.0801],"stabilizedTipPosition":[76.3992,269.819,109.167],"timeVisible":0.569319,"tipPosition":[71.4599,294.551,36.4142],"tipVelocity":[13.2962,-26.5844,-152.287],"tool":false,"touchDistance":0.333333,"touchZone":"none","type":4,"width":16.0525}],"r":[[0.973644,0.0755728,0.215189],[-0.0871173,0.995196,0.044665],[-0.21078,-0.0622345,0.97555]],"s":1.06373,"t":[-17.5834,58.9371,-122.826],"timestamp":521086967352},false],[2,{"currentFrameRate":106.491,"devices":[],"gestures":[],"hands":[{"armBasis":[[0.868652,0.371031,-0.328297],[-0.157737,0.835305,0.526673],[0.469641,-0.405711,0.784115]],"armWidth":63.7005,"confidence":0.762423,"direction":[-0.154995,0.484308,-0.861059],"elbow":[188.959,199.907,301.337],"grabStrength":0,"id":359,"palmNormal":[0.161584,-0.847427,-0.505726],"palmPosition":[47.0984,330.243,41.4283],"palmVelocity":[3.70344,-27.3552,-144.693],"palmWidth":90.9622,"pinchStrength":0.542561,"r":[[0.972575,0.0772313,0.219391],[-0.0892523,0.994974,0.0454053],[-0.214782,-0.0637413,0.97458]],"s":1.06389,"sphereCenter":[70.7743,301.563,1.73697],"sphereRadius":53.1551,"stabilizedPalmPosition":[56.0338,304.35,124.262],"t":[-17.5679,58.7141,-123.975],"timeVisible":0.578251,"type":"right","wrist":[62.1947,309.415,89.6908]}],"id":4085715,"interactionBox":{"center":[0,200,0],"size":[235.247,235.247,147.751]},"pointables":[{"bases":[[[0.217412,0.939994,0.262951],[-0.796135,0.0149155,0.604935],[0.564714,-0.340865,0.751605]],[[-0.0281988,0.997696,-0.061711],[-0.894644,0.00234838,0.446774],[0.445889,0.0678079,0.892516]],[[-0.0281988,0.997696,-0.061711],[-0.998704,-0.0255035,0.0440373],[0.042362,0.0628728,0.997122]],[[-0.0281988,0.997696,-0.061711],[-0.897932,-0.0524093,-0.437003],[-0.43923,0.0430893,0.897341]]],"btipPosition":[23.2753,285.875,-10.8311],"carpPosition":[36.6937,292.41,88.6892],"dipPosition":[12.9988,286.883,10.1635],"direction":[-0.042362,-0.0628728,-0.997122],"extended":false,"handId":359,"id":3590,"length":52.1005,"mcpPosition":[36.6937,292.41,88.6892],"pipPosition":[14.4428,289.026,44.1506],"stabilizedTipPosition":[25.8849,269.988,72.0872],"timeVisible":0.578251,"tipPosition":[22.0298,286.302,-5.80972],"tipVelocity":[9.56058,-40.153,-161.16],"tool":false,"touchDistance":-0.489362,"touchZone":"touching","type":0,"width":20.2438},{"bases":[[[0.934752,0.295746,-0.19691],[-0.206736,0.903456,0.375537],[0.288963,-0.310325,0.905648]],[[0.97401,0.22635,-0.00834502],[-0.223185,0.965372,0.135076],[0.0386304,-0.129703,0.9908]],[[0.97401,0.22635,-0.00834502],[-0.226253,0.974005,0.0111223],[0.0106456,-0.0089451,0.999903]],[[0.97401,0.22635,-0.00834502],[-0.226279,0.970743,-0.0803504],[-0.0100864,0.0801505,0.996732]]],"btipPosition":[16.7388,343.151,-61.4113],"carpPosition":[39.7353,315.91,88.9359],"dipPosition":[16.5665,344.52,-44.3868],"direction":[-0.0106456,0.0089451,-0.999903],"extended":true,"handId":359,"id":3591,"length":58.7895,"mcpPosition":[18.4829,338.733,22.3281],"pipPosition":[16.8238,344.304,-20.2261],"stabilizedTipPosition":[11.7839,312.513,48.399],"timeVisible":0.578251,"tipPosition":[16.8251,343.304,-57.4451],"tipVelocity":[48.5542,-27.8142,-159.085],"tool":false,"touchDistance":-0.492732,"touchZone":"touching","type":1,"width":19.3369},{"bases":[[[0.986653,0.0927217,-0.133859],[-0.0393346,0.933416,0.356633],[0.158014,-0.346607,0.924605]],[[0.982958,0.100286,-0.154065],[-0.183826,0.53109,-0.827134],[-0.00112769,0.841359,0.540475]],[[0.982958,0.100286,-0.154065],[-0.0612381,-0.611582,-0.788808],[-0.17333,0.7848,-0.595018]],[[0.982958,0.100286,-0.154065],[0.0377645,-0.930372,-0.364668],[-0.179909,0.352635,-0.918303]]],"btipPosition":[47.9365,275.93,30.279],"carpPosition":[50.5959,321.231,86.6438],"dipPosition":[44.5567,282.554,13.0275],"direction":[0.17333,-0.7848,0.595018],"extended":false,"handId":359,"id":3592,"length":66.986,"mcpPosition":[39.575,345.406,22.1557],"pipPosition":[39.6293,304.864,-3.88749],"stabilizedTipPosition":[49.763,252.593,103.277],"timeVisible":0.578251,"tipPosition":[47.1815,277.249,26.1171],"tipVelocity":[19.5146,-18.3358,-170.758],"tool":false,"touchDistance":0.333333,"touchZone":"none","type":2,"width":18.9914},{"bases":[[[0.999291,-0.0299255,-0.0228376],[0.036315,0.926131,0.37545],[0.00991504,-0.376013,0.926561]],[[0.999088,-0.0252032,-0.0344666],[-0.0174466,0.495791,-0.868267],[0.0389713,0.868076,0.494899]],[[0.999088,-0.0252032,-0.0344666],[-0.0425432,-0.656322,-0.753281],[-0.00363608,0.75406,-0.656795]],[[0.999088,-0.0252032,-0.0344666],[-0.0349571,-0.946326,-0.321319],[-0.0245183,0.322231,-0.946344]]],"btipPosition":[60.6859,281.36,40.3085],"carpPosition":[62.4889,323.489,84.5706],"dipPosition":[60.228,287.379,22.6324],"direction":[0.00363608,-0.75406,0.656795],"extended":false,"handId":359,"id":3593,"length":64.4088,"mcpPosition":[61.868,347.035,26.5486],"pipPosition":[60.1273,308.262,4.44342],"stabilizedTipPosition":[65.3693,255.015,114.835],"timeVisible":0.578251,"tipPosition":[60.5124,282.55,36.2404],"tipVelocity":[18.8592,-18.7519,-152.205],"tool":false,"touchDistance":0.333333,"touchZone":"none","type":3,"width":18.0715},{"bases":[[[0.973894,-0.225853,0.0228361],[0.192032,0.873319,0.447702],[-0.121058,-0.431629,0.893891]],[[0.976422,-0.215858,0.00225375],[0.118272,0.526205,-0.842093],[0.180586,0.822504,0.539328]],[[0.976422,-0.215858,0.00225375],[-0.133478,-0.61192,-0.779575],[0.169657,0.760893,-0.626305]],[[0.976422,-0.215858,0.00225375],[-0.200148,-0.909173,-0.365163],[0.0808725,0.356103,-0.930941]]],"btipPosition":[71.5602,293.541,39.5815],"carpPosition":[75.6371,318.608,82.175],"dipPosition":[72.9538,299.677,23.54],"direction":[-0.169657,-0.760893,0.626305],"extended":false,"handId":359,"id":3594,"length":50.4953,"mcpPosition":[82.6545,343.629,30.3583],"pipPosition":[76.2711,314.554,11.2939],"stabilizedTipPosition":[76.3992,269.819,109.166],"timeVisible":0.578251,"tipPosition":[71.7335,294.646,35.645],"tipVelocity":[17.9605,-16.2557,-134.713],"tool":false,"touchDistance":0.333333,"touchZone":"none","type":4,"width":16.0525}],"r":[[0.972575,0.0772313,0.219391],[-0.0892523,0.994974,0.0454053],[-0.214782,-0.0637413,0.97458]],"s":1.06389,"t":[-17.5679,58.7141,-123.975],"timestamp":521086976284},false],[3,{"currentFrameRate":106.624,"devices":[],"gestures":[],"hands":[{"armBasis":[[0.872747,0.366777,-0.322161],[-0.158601,0.837166,0.523449],[0.461691,-0.405743,0.788805]],"armWidth":63.7005,"confidence":0.770093,"direction":[-0.154734,0.48701,-0.859581],"elbow":[187.109,198.829,301.184],"grabStrength":0,"id":359,"palmNormal":[0.161365,-0.845917,-0.508316],"palmPosition":[47.4066,329.327,40.0722],"palmVelocity":[12.0548,-47.6181,-145.741],"palmWidth":90.9622,"pinchStrength":0.539873,"r":[[0.971705,0.0783537,0.222821],[-0.0908996,0.994769,0.0466013],[-0.218004,-0.065537,0.973745]],"s":1.06472,"sphereCenter":[71.1239,300.772,0.284255],"sphereRadius":53.2291,"stabilizedPalmPosition":[56.0337,304.35,124.261],"t":[-17.4061,58.1449,-125.227],"timeVisible":0.587385,"type":"right","wrist":[62.4903,308.346,88.2721]}],"id":4085716,"interactionBox":{"center":[0,200,0],"size":[235.247,235.247,147.751]},"pointables":[{"bases":[[[0.21769,0.939108,0.265872],[-0.796201,0.0133134,0.604885],[0.564513,-0.343365,0.750617]],[[-0.028741,0.997797,-0.0597927],[-0.894384,0.00104197,0.447298],[0.446375,0.0663334,0.892384]],[[-0.028741,0.997797,-0.0597927],[-0.998487,-0.0258524,0.0485349],[0.0468822,0.0610972,0.99703]],[[-0.028741,0.997797,-0.0597927],[-0.900422,-0.0518188,-0.43192],[-0.434066,0.0414249,0.899928]]],"btipPosition":[23.2663,284.991,-12.356],"carpPosition":[36.9838,291.353,87.2152],"dipPosition":[13.1107,285.96,8.69914],"direction":[-0.0468822,-0.0610972,-0.99703],"extended":false,"handId":359,"id":3590,"length":52.1005,"mcpPosition":[36.9838,291.353,87.2152],"pipPosition":[14.7087,288.042,42.6831],"stabilizedTipPosition":[25.8849,269.988,72.0865],"timeVisible":0.587385,"tipPosition":[22.0584,285.439,-7.32691],"tipVelocity":[7.47579,-56.1858,-162.345],"tool":false,"touchDistance":-0.491424,"touchZone":"touching","type":0,"width":20.2438},{"bases":[[[0.934872,0.296044,-0.195888],[-0.206483,0.902362,0.378295],[0.288754,-0.313209,0.904722]],[[0.974086,0.226051,-0.00752562],[-0.222882,0.965027,0.138011],[0.0384598,-0.132757,0.990402]],[[0.974086,0.226051,-0.00752562],[-0.225933,0.974044,0.0138814],[0.0104682,-0.0118214,0.999875]],[[0.974086,0.226051,-0.00752562],[-0.225943,0.971033,-0.0777489],[-0.0102676,0.0774345,0.996945]]],"btipPosition":[17.0667,342.551,-62.7304],"carpPosition":[40.0332,314.85,87.5346],"dipPosition":[16.8914,343.873,-45.7022],"direction":[-0.0104682,0.0118214,-0.999875],"extended":true,"handId":359,"id":3591,"length":58.7895,"mcpPosition":[18.7961,337.886,20.9949],"pipPosition":[17.1443,343.588,-21.5422],"stabilizedTipPosition":[11.7846,312.518,48.3836],"timeVisible":0.587385,"tipPosition":[17.1491,342.7,-58.7646],"tipVelocity":[45.0151,-38.6763,-154.979],"tool":false,"touchDistance":-0.491565,"touchZone":"touching","type":1,"width":19.3369},{"bases":[[[0.986699,0.092809,-0.133457],[-0.0390699,0.932326,0.359502],[0.15779,-0.349507,0.923551]],[[0.983043,0.100371,-0.153466],[-0.183373,0.534618,-0.82496],[-0.000756595,0.839112,0.543958]],[[0.983043,0.100371,-0.153466],[-0.0612786,-0.608978,-0.790816],[-0.172833,0.786811,-0.592501]],[[0.983043,0.100371,-0.153466],[0.0376048,-0.929456,-0.36701],[-0.179477,0.355016,-0.91747]]],"btipPosition":[48.2118,275.082,28.7139],"carpPosition":[50.8958,320.175,85.2602],"dipPosition":[44.8401,281.752,11.478],"direction":[0.172833,-0.786811,0.592501],"extended":false,"handId":359,"id":3592,"length":66.986,"mcpPosition":[39.8904,344.552,20.8455],"pipPosition":[39.9269,304.119,-5.36543],"stabilizedTipPosition":[49.763,252.593,103.276],"timeVisible":0.587385,"tipPosition":[47.4638,276.409,24.579],"tipVelocity":[22.5263,-38.7183,-170.814],"tool":false,"touchDistance":0.333333,"touchZone":"none","type":2,"width":18.9914},{"bases":[[[0.999284,-0.0301839,-0.0228124],[0.0365751,0.924958,0.378306],[0.00968177,-0.37887,0.925399]],[[0.999081,-0.025375,-0.0345506],[-0.0175592,0.493021,-0.86984],[0.0391063,0.869647,0.492122]],[[0.999081,-0.025375,-0.0345506],[-0.0426848,-0.663227,-0.7472],[-0.00395465,0.747988,-0.6637]],[[0.999081,-0.025375,-0.0345506],[-0.0349074,-0.949396,-0.312134],[-0.0248818,0.313053,-0.94941]]],"btipPosition":[61.011,280.755,39.3785],"carpPosition":[62.7897,322.435,83.1954],"dipPosition":[60.5462,286.602,21.6451],"direction":[0.00395465,-0.747988,0.6637],"extended":false,"handId":359,"id":3593,"length":64.4088,"mcpPosition":[62.1834,346.16,25.246],"pipPosition":[60.4367,307.317,3.26494],"stabilizedTipPosition":[65.3692,255.015,114.835],"timeVisible":0.587385,"tipPosition":[60.8327,281.843,35.0927],"tipVelocity":[23.4624,-33.1612,-138.596],"tool":false,"touchDistance":0.333333,"touchZone":"none","type":3,"width":18.0715},{"bases":[[[0.973817,-0.226243,0.0222543],[0.192266,0.871872,0.450414],[-0.121306,-0.434342,0.892543]],[[0.976373,-0.216088,0.00150642],[0.118511,0.529624,-0.839913],[0.180698,0.820246,0.542719]],[[0.976373,-0.216088,0.00150642],[-0.133724,-0.609664,-0.781299],[0.169748,0.762638,-0.624155]],[[0.976373,-0.216088,0.00150642],[-0.200485,-0.908429,-0.366827],[0.0806356,0.357858,-0.930288]]],"btipPosition":[71.8725,292.663,38.0978],"carpPosition":[75.9366,317.558,80.7862],"dipPosition":[73.262,298.829,22.0675],"direction":[-0.169748,-0.762638,0.624155],"extended":false,"handId":359,"id":3594,"length":50.4953,"mcpPosition":[82.9684,342.736,29.0478],"pipPosition":[76.581,313.741,9.8635],"stabilizedTipPosition":[76.3992,269.82,109.165],"timeVisible":0.587385,"tipPosition":[72.0438,293.771,34.1778],"tipVelocity":[22.4433,-38.2419,-142.344],"tool":false,"touchDistance":0.333333,"touchZone":"none","type":4,"width":16.0525}],"r":[[0.971705,0.0783537,0.222821],[-0.0908996,0.994769,0.0466013],[-0.218004,-0.065537,0.973745]],"s":1.06472,"t":[-17.4061,58.1449,-125.227],"timestamp":521086985418},false],[4,{"currentFrameRate":106.866,"devices":[],"gestures":[],"hands":[{"armBasis":[[0.873803,0.36641,-0.319707],[-0.160473,0.837898,0.521705],[0.459039,-0.404563,0.790956]],"armWidth":63.7005,"confidence":0.780606,"direction":[-0.154282,0.488957,-0.858556],"elbow":[186.554,198.567,300.783],"grabStrength":0,"id":359,"palmNormal":[0.162564,-0.844555,-0.510196],"palmPosition":[47.5977,328.851,39.1263],"palmVelocity":[14.6114,-49.1999,-134.946],"palmWidth":90.9622,"pinchStrength":0.535751,"r":[[0.970942,0.0792981,0.225795],[-0.0923934,0.994564,0.0480156],[-0.22076,-0.0674823,0.972991]],"s":1.06598,"sphereCenter":[71.4269,300.416,-0.729854],"sphereRadius":53.3097,"stabilizedPalmPosition":[56.0336,304.351,124.26],"t":[-17.2296,57.6221,-126.327],"timeVisible":0.5963,"type":"right","wrist":[62.6509,307.766,87.2903]}],"id":4085717,"interactionBox":{"center":[0,200,0],"size":[235.247,235.247,147.751]},"pointables":[{"bases":[[[0.216654,0.938641,0.268354],[-0.796811,0.0112001,0.604125],[0.564051,-0.344714,0.750346]],[[-0.0304966,0.997808,-0.0587224],[-0.894346,-0.00100583,0.447375],[0.446336,0.0661615,0.892417]],[[-0.0304966,0.997808,-0.0587224],[-0.998177,-0.0273412,0.0538092],[0.0520858,0.0602563,0.996823]],[[-0.0304966,0.997808,-0.0587224],[-0.902097,-0.052777,-0.428293],[-0.430453,0.0399118,0.90173]]],"btipPosition":[23.182,284.465,-13.4408],"carpPosition":[37.1595,290.754,86.167],"dipPosition":[13.111,285.399,7.65643],"direction":[-0.0520858,-0.0602563,-0.996823],"extended":false,"handId":359,"id":3590,"length":52.1005,"mcpPosition":[37.1595,290.754,86.167],"pipPosition":[14.8863,287.452,41.6333],"stabilizedTipPosition":[25.8848,269.989,72.0851],"timeVisible":0.5963,"tipPosition":[22.0161,284.938,-8.41431],"tipVelocity":[3.45878,-57.199,-150.975],"tool":false,"touchDistance":-0.486742,"touchZone":"touching","type":0,"width":20.2438},{"bases":[[[0.934822,0.297282,-0.194245],[-0.2076,0.901277,0.380267],[0.288115,-0.315157,0.904249]],[[0.973908,0.226862,-0.0060033],[-0.223809,0.964508,0.140121],[0.0375784,-0.135121,0.990116]],[[0.973908,0.226862,-0.0060033],[-0.226745,0.973824,0.0159088],[0.00945528,-0.0141325,0.999855]],[[0.973908,0.226862,-0.0060033],[-0.226657,0.97102,-0.0758032],[-0.0113676,0.0751861,0.997105]]],"btipPosition":[17.3509,342.293,-63.674],"carpPosition":[40.1892,314.253,86.5462],"dipPosition":[17.1567,343.577,-46.643],"direction":[-0.00945528,0.0141325,-0.999855],"extended":true,"handId":359,"id":3591,"length":58.7895,"mcpPosition":[18.9992,337.432,20.0413],"pipPosition":[17.3852,343.236,-22.4835],"stabilizedTipPosition":[11.7855,312.523,48.3661],"timeVisible":0.5963,"tipPosition":[17.4271,342.436,-59.7084],"tipVelocity":[41.3035,-36.2908,-141.576],"tool":false,"touchDistance":-0.484886,"touchZone":"touching","type":1,"width":19.3369},{"bases":[[[0.986755,0.0939395,-0.132253],[-0.0401922,0.931423,0.361713],[0.157162,-0.351607,0.922861]],[[0.983127,0.101518,-0.15217],[-0.182915,0.536813,-0.823634],[-0.00192651,0.837571,0.546325]],[[0.983127,0.101518,-0.15217],[-0.0598659,-0.607501,-0.79206],[-0.172852,0.787805,-0.591173]],[[0.983127,0.101518,-0.15217],[0.0389171,-0.928904,-0.368271],[-0.178738,0.356135,-0.917181]]],"btipPosition":[48.4525,274.671,27.64],"carpPosition":[51.0497,319.593,84.2954],"dipPosition":[45.0947,281.362,10.4096],"direction":[0.172852,-0.787805,0.591173],"extended":false,"handId":359,"id":3592,"length":66.986,"mcpPosition":[40.0881,344.116,19.9289],"pipPosition":[40.1809,303.757,-6.39608],"stabilizedTipPosition":[49.763,252.594,103.276],"timeVisible":0.5963,"tipPosition":[47.7095,275.996,23.5101],"tipVelocity":[23.8425,-40.5843,-157.058],"tool":false,"touchDistance":0.333333,"touchZone":"none","type":2,"width":18.9914},{"bases":[[[0.999331,-0.0293099,-0.0218934],[0.0354402,0.924071,0.380575],[0.00907647,-0.381096,0.924491]],[[0.999128,-0.02435,-0.0339176],[-0.0175574,0.492005,-0.870415],[0.0378822,0.870252,0.491148]],[[0.999128,-0.02435,-0.0339176],[-0.0415021,-0.668125,-0.742891],[-0.00457181,0.743651,-0.668553]],[[0.999128,-0.02435,-0.0339176],[-0.0335476,-0.951784,-0.304928],[-0.0248573,0.3058,-0.951771]]],"btipPosition":[61.2743,280.555,38.7099],"carpPosition":[62.9438,321.867,82.2479],"dipPosition":[60.81,286.267,20.9324],"direction":[0.00457181,-0.743651,0.668553],"extended":false,"handId":359,"id":3593,"length":64.4088,"mcpPosition":[62.3754,345.732,24.3554],"pipPosition":[60.6834,306.861,2.41785],"stabilizedTipPosition":[65.3692,255.016,114.833],"timeVisible":0.5963,"tipPosition":[61.0935,281.563,34.2977],"tipVelocity":[25.1194,-31.1862,-121.583],"tool":false,"touchDistance":0.333333,"touchZone":"none","type":3,"width":18.0715},{"bases":[[[0.97398,-0.225498,0.0226746],[0.191103,0.870939,0.452708],[-0.121833,-0.436595,0.891371]],[[0.976571,-0.215187,0.00174238],[0.118832,0.532506,-0.838043],[0.179408,0.818616,0.545602]],[[0.976571,-0.215187,0.00174238],[-0.132706,-0.608589,-0.78231],[0.169403,0.76375,-0.622887]],[[0.976571,-0.215187,0.00174238],[-0.199524,-0.908466,-0.367259],[0.0806122,0.358307,-0.930117]]],"btipPosition":[72.1163,292.271,37.0899],"carpPosition":[76.0971,317.007,79.84],"dipPosition":[73.5053,298.445,21.0626],"direction":[-0.169403,-0.76375,0.622887],"extended":false,"handId":359,"id":3594,"length":50.4953,"mcpPosition":[83.1594,342.315,28.1695],"pipPosition":[76.8176,313.378,8.88336],"stabilizedTipPosition":[76.3991,269.82,109.164],"timeVisible":0.5963,"tipPosition":[72.286,293.372,33.1775],"tipVelocity":[23.775,-39.761,-134.345],"tool":false,"touchDistance":0.333333,"touchZone":"none","type":4,"width":16.0525}],"r":[[0.970942,0.0792981,0.225795],[-0.0923934,0.994564,0.0480156],[-0.22076,-0.0674823,0.972991]],"s":1.06598,"t":[-17.2296,57.6221,-126.327],"timestamp":521086994333},false],[5,{"currentFrameRate":106.988,"devices":[],"gestures":[],"hands":[{"armBasis":[[0.873741,0.370515,-0.315113],[-0.16407,0.834402,0.52617],[0.457884,-0.408035,0.789841]],"armWidth":63.7005,"confidence":0.787071,"direction":[-0.153248,0.487735,-0.859436],"elbow":[186.247,197.499,299.76],"grabStrength":0,"id":359,"palmNormal":[0.167184,-0.844375,-0.508999],"palmPosition":[47.6837,328.628,38.3396],"palmVelocity":[13.1691,-42.3075,-121.412],"palmWidth":90.9622,"pinchStrength":0.526123,"r":[[0.970121,0.0807705,0.228784],[-0.0943249,0.994339,0.0489254],[-0.223537,-0.0690436,0.972247]],"s":1.0675,"sphereCenter":[71.8585,300.237,-1.46662],"sphereRadius":53.4305,"stabilizedPalmPosition":[56.0333,304.352,124.257],"t":[-17.0984,57.2494,-127.27],"timeVisible":0.605424,"type":"right","wrist":[62.6564,307.635,86.5684]}],"id":4085718,"interactionBox":{"center":[0,200,0],"size":[235.247,235.247,147.751]},"pointables":[{"bases":[[[0.212474,0.939611,0.268301],[-0.798783,0.00885827,0.601554],[0.56285,-0.342129,0.752428]],[[-0.0345168,0.99757,-0.0605236],[-0.895045,-0.00391263,0.445958],[0.444637,0.0695644,0.893005]],[[-0.0345168,0.99757,-0.0605236],[-0.997796,-0.0309636,0.0586938],[0.0566771,0.0624161,0.99644]],[[-0.0345168,0.99757,-0.0605236],[-0.904112,-0.056976,-0.423479],[-0.425898,0.040103,0.903882]]],"btipPosition":[23.0731,283.995,-14.2976],"carpPosition":[37.2289,290.532,85.3769],"dipPosition":[13.1086,284.933,6.84998],"direction":[-0.0566771,-0.0624161,-0.99644],"extended":false,"handId":359,"id":3590,"length":52.1005,"mcpPosition":[37.2289,290.532,85.3769],"pipPosition":[15.0404,287.06,40.8138],"stabilizedTipPosition":[25.8846,269.989,72.0823],"timeVisible":0.605424,"tipPosition":[21.9823,284.485,-9.26543],"tipVelocity":[-0.0722025,-55.5921,-134.77],"tool":false,"touchDistance":-0.47908,"touchZone":"touching","type":0,"width":20.2438},{"bases":[[[0.934386,0.300432,-0.191478],[-0.212002,0.900836,0.37888],[0.286318,-0.313426,0.90542]],[[0.973115,0.2303,-0.003061],[-0.227665,0.963822,0.138621],[0.0348746,-0.134197,0.990341]],[[0.973115,0.2303,-0.003061],[-0.230235,0.97303,0.0143081],[0.00627361,-0.0132187,0.999893]],[[0.973115,0.2303,-0.003061],[-0.22984,0.970141,-0.0774621],[-0.0148699,0.076083,0.996991]]],"btipPosition":[17.721,341.877,-64.5678],"carpPosition":[40.1743,314.042,85.747],"dipPosition":[17.467,343.177,-47.5389],"direction":[-0.00627361,0.0132187,-0.999893],"extended":true,"handId":359,"id":3591,"length":58.7895,"mcpPosition":[19.1165,337.094,19.156],"pipPosition":[17.6186,342.857,-23.3784],"stabilizedTipPosition":[11.7867,312.529,48.3436],"timeVisible":0.605424,"tipPosition":[17.7824,342.028,-60.6027],"tipVelocity":[40.6801,-38.7596,-129.477],"tool":false,"touchDistance":-0.478146,"touchZone":"touching","type":1,"width":19.3369},{"bases":[[[0.986837,0.0973224,-0.129158],[-0.0446439,0.931558,0.36084],[0.155436,-0.350324,0.923641]],[[0.983287,0.104793,-0.148882],[-0.181934,0.534591,-0.825295],[-0.00689372,0.838589,0.544721]],[[0.983287,0.104793,-0.148882],[-0.0543217,-0.611636,-0.789272],[-0.173772,0.784168,-0.595721]],[[0.983287,0.104793,-0.148882],[0.0443064,-0.930891,-0.3626],[-0.176591,0.349943,-0.919976]]],"btipPosition":[48.7715,274.578,27.0762],"carpPosition":[51.0231,319.418,83.527],"dipPosition":[45.4541,281.152,9.79328],"direction":[0.173772,-0.784168,0.595721],"extended":false,"handId":359,"id":3592,"length":66.986,"mcpPosition":[40.1819,343.852,19.1061],"pipPosition":[40.5141,303.444,-7.14171],"stabilizedTipPosition":[49.763,252.594,103.275],"timeVisible":0.605424,"tipPosition":[48.034,275.848,22.8804],"tipVelocity":[27.2139,-32.9735,-130.964],"tool":false,"touchDistance":0.333333,"touchZone":"none","type":2,"width":18.9914},{"bases":[[[0.999493,-0.0257951,-0.0186604],[0.030953,0.924489,0.37995],[0.00745048,-0.380335,0.924819]],[[0.9993,-0.0206343,-0.0312018],[-0.0170121,0.492173,-0.870331],[0.0333153,0.870253,0.491477]],[[0.9993,-0.0206343,-0.0312018],[-0.0369888,-0.66951,-0.741882],[-0.00558167,0.742517,-0.669804]],[[0.9993,-0.0206343,-0.0312018],[-0.0291127,-0.952764,-0.302313],[-0.0234899,0.30301,-0.952698]]],"btipPosition":[61.5543,280.457,37.9946],"carpPosition":[62.9156,321.733,81.5158],"dipPosition":[61.1156,286.116,20.1998],"direction":[0.00558167,-0.742517,0.669804],"extended":false,"handId":359,"id":3593,"length":64.4088,"mcpPosition":[62.4491,345.55,23.6028],"pipPosition":[60.961,306.679,1.65054],"stabilizedTipPosition":[65.3691,255.016,114.832],"timeVisible":0.605424,"tipPosition":[61.3768,281.439,33.5967],"tipVelocity":[26.8466,-25.8877,-109.709],"tool":false,"touchDistance":0.333333,"touchZone":"none","type":3,"width":18.0715},{"bases":[[[0.974692,-0.222037,0.0259822],[0.18657,0.871964,0.452625],[-0.123155,-0.436323,0.891322]],[[0.977333,-0.211651,0.00488511],[0.119607,0.532974,-0.837635],[0.174682,0.819233,0.546208]],[[0.977333,-0.211651,0.00488511],[-0.128312,-0.610542,-0.781521],[0.168392,0.763179,-0.62386]],[[0.977333,-0.211651,0.00488511],[-0.195311,-0.910306,-0.364961],[0.0816911,0.355734,-0.93101]]],"btipPosition":[72.3577,292.199,36.4197],"carpPosition":[76.0936,316.917,79.1541],"dipPosition":[73.7653,298.329,20.377],"direction":[-0.168392,-0.763179,0.62386],"extended":false,"handId":359,"id":3594,"length":50.4953,"mcpPosition":[83.2326,342.209,27.4863],"pipPosition":[77.0579,313.251,8.17876],"stabilizedTipPosition":[76.399,269.821,109.162],"timeVisible":0.605424,"tipPosition":[72.5321,293.279,32.5093],"tipVelocity":[24.6509,-31.2135,-117.538],"tool":false,"touchDistance":0.333333,"touchZone":"none","type":4,"width":16.0525}],"r":[[0.970121,0.0807705,0.228784],[-0.0943249,0.994339,0.0489254],[-0.223537,-0.0690436,0.972247]],"s":1.0675,"t":[-17.0984,57.2494,-127.27],"timestamp":521087003457},false],[6,{"currentFrameRate":107.185,"devices":[],"gestures":[],"hands":[{"armBasis":[[0.876533,0.367707,-0.310614],[-0.1646,0.835384,0.524443],[0.452323,-0.408565,0.792766]],"armWidth":63.7005,"confidence":0.799094,"direction":[-0.148133,0.487694,-0.860355],"elbow":[184.622,196.752,298.4],"grabStrength":0,"id":359,"palmNormal":[0.167507,-0.845011,-0.507837],"palmPosition":[47.8312,328.038,36.1117],"palmVelocity":[14.0654,-48.7534,-156.173],"palmWidth":90.9622,"pinchStrength":0.517645,"r":[[0.969281,0.0815034,0.232059],[-0.0954429,0.994205,0.0494702],[-0.226682,-0.0700989,0.971443]],"s":1.0692,"sphereCenter":[72.1021,299.597,-3.55926],"sphereRadius":53.4579,"stabilizedPalmPosition":[56.033,304.352,124.254],"t":[-16.9591,56.7678,-128.855],"timeVisible":0.614394,"type":"right","wrist":[62.532,307.031,84.4185]}],"id":4085719,"interactionBox":{"center":[0,200,0],"size":[235.247,235.247,147.751]},"pointables":[{"bases":[[[0.21348,0.939228,0.268843],[-0.801516,0.0110449,0.597872],[0.558569,-0.343115,0.755164]],[[-0.0323047,0.99757,-0.0617369],[-0.896724,-0.00164851,0.442587],[0.441409,0.0696586,0.894598]],[[-0.0323047,0.99757,-0.0617369],[-0.997886,-0.0287072,0.0582961],[0.0563821,0.0634897,0.996389]],[[-0.0323047,0.99757,-0.0617369],[-0.902692,-0.0556381,-0.426675],[-0.429073,0.0419458,0.902295]]],"btipPosition":[23.1592,283.367,-16.5972],"carpPosition":[37.0695,289.988,83.118],"dipPosition":[13.1204,284.348,4.51335],"direction":[-0.0563821,-0.0634897,-0.996389],"extended":false,"handId":359,"id":3590,"length":52.1005,"mcpPosition":[37.0695,289.988,83.118],"pipPosition":[15.0422,286.512,38.4754],"stabilizedTipPosition":[25.8844,269.99,72.0786],"timeVisible":0.614394,"tipPosition":[22.0374,283.87,-11.587],"tipVelocity":[2.05318,-59.2345,-168.321],"tool":false,"touchDistance":-0.494126,"touchZone":"touching","type":0,"width":20.2438},{"bases":[[[0.93597,0.298114,-0.18732],[-0.211592,0.901516,0.377488],[0.281406,-0.313682,0.906871]],[[0.973664,0.227984,0.00129425],[-0.226001,0.96442,0.137175],[0.0300255,-0.133855,0.990546]],[[0.973664,0.227984,0.00129425],[-0.227981,0.973581,0.012827],[0.00166429,-0.0127843,0.999917]],[[0.973664,0.227984,0.00129425],[-0.227173,0.970648,-0.0789575],[-0.0192573,0.0765841,0.996877]]],"btipPosition":[18.3718,341.312,-66.9381],"carpPosition":[40.0693,313.491,83.4909],"dipPosition":[18.0429,342.62,-49.9111],"direction":[-0.00166429,0.0127843,-0.999917],"extended":true,"handId":359,"id":3591,"length":58.7895,"mcpPosition":[19.3727,336.562,16.7932],"pipPosition":[18.0831,342.311,-25.7501],"stabilizedTipPosition":[11.7882,312.535,48.3174],"timeVisible":0.614394,"tipPosition":[18.415,341.464,-62.9733],"tipVelocity":[48.8806,-45.3456,-166.391],"tool":false,"touchDistance":-0.494226,"touchZone":"touching","type":1,"width":19.3369},{"bases":[[[0.987649,0.0949098,-0.124666],[-0.0440795,0.931832,0.360203],[0.150354,-0.350259,0.924506]],[[0.984275,0.102241,-0.144044],[-0.176457,0.531927,-0.828201],[-0.00805523,0.840595,0.541604]],[[0.984275,0.102241,-0.144044],[-0.0505441,-0.618351,-0.784275],[-0.169255,0.779223,-0.60346]],[[0.984275,0.102241,-0.144044],[0.0453719,-0.934439,-0.353222],[-0.170714,0.341132,-0.924384]]],"btipPosition":[48.861,274.205,25.2601],"carpPosition":[50.9409,318.841,81.3182],"dipPosition":[45.6539,280.614,7.8944],"direction":[0.169255,-0.779223,0.60346],"extended":false,"handId":359,"id":3592,"length":66.986,"mcpPosition":[40.4542,343.27,16.8369],"pipPosition":[40.8424,302.765,-9.26059],"stabilizedTipPosition":[49.7629,252.594,103.273],"timeVisible":0.614394,"tipPosition":[48.1373,275.396,20.929],"tipVelocity":[23.2674,-36.4773,-151.121],"tool":false,"touchDistance":0.333333,"touchZone":"none","type":2,"width":18.9914},{"bases":[[[0.999504,-0.0281854,-0.0140547],[0.0314117,0.924591,0.379663],[0.00229392,-0.379917,0.925018]],[[0.999368,-0.0227333,-0.0273211],[-0.012746,0.488334,-0.872564],[0.0331781,0.872361,0.487736]],[[0.999368,-0.0227333,-0.0273211],[-0.0355021,-0.674964,-0.736996],[-0.00168643,0.7375,-0.675345]],[[0.999368,-0.0227333,-0.0273211],[-0.0297963,-0.95493,-0.29533],[-0.0193759,0.295958,-0.955004]]],"btipPosition":[61.6311,280,36.1906],"carpPosition":[62.8481,321.126,79.3606],"dipPosition":[61.2692,285.528,18.3527],"direction":[0.00168643,-0.7375,0.675345],"extended":false,"handId":359,"id":3593,"length":64.4088,"mcpPosition":[62.7044,344.917,21.4352],"pipPosition":[61.2225,305.952,-0.34997],"stabilizedTipPosition":[65.369,255.017,114.83],"timeVisible":0.614394,"tipPosition":[61.465,280.932,31.6851],"tipVelocity":[22.379,-33.6537,-135.039],"tool":false,"touchDistance":0.333333,"touchZone":"none","type":3,"width":18.0715},{"bases":[[[0.97403,-0.224346,0.0305636],[0.186567,0.87173,0.453077],[-0.128289,-0.435609,0.890947]],[[0.976818,-0.213873,0.00926456],[0.124601,0.532829,-0.836999],[0.174075,0.81875,0.547125]],[[0.976818,-0.213873,0.00926456],[-0.12658,-0.611943,-0.780707],[0.172641,0.761436,-0.624829]],[[0.976818,-0.213873,0.00926456],[-0.196048,-0.911111,-0.362549],[0.0859805,0.352328,-0.931919]]],"btipPosition":[72.4514,291.628,34.3513],"carpPosition":[76.0253,316.278,77.0617],"dipPosition":[73.933,297.699,18.2929],"direction":[-0.172641,-0.761436,0.624829],"extended":false,"handId":359,"id":3594,"length":50.4953,"mcpPosition":[83.4619,341.529,25.4157],"pipPosition":[77.3086,312.587,6.07574],"stabilizedTipPosition":[76.3989,269.821,109.161],"timeVisible":0.614394,"tipPosition":[72.6409,292.682,30.4353],"tipVelocity":[21.2815,-40.4988