{"sensorType":"Leap","data":[[0,{"currentFrameRate":108.995,"devices":[],"gestures":[],"hands":[{"armBasis":[[0.876966,0.361522,-0.316595],[-0.155475,0.836831,0.52492],[0.454707,-0.411115,0.79008]],"armWidth":63.7005,"confidence":0.683272,"direction":[-0.101075,0.824219,-0.557177],"elbow":[172.123,122.696,280.582],"grabStrength":0,"id":357,"palmNormal":[0.12488,-0.545105,-0.829015],"palmPosition":[36.9508,274.635,33.3025],"palmVelocity":[-35.7306,-154.382,317.309],"palmWidth":90.9622,"pinchStrength":0.420629,"r":[[0.982733,0.0193393,0.184014],[-0.0650989,0.967075,0.246027],[-0.173197,-0.253758,0.951635]],"s":1.07057,"sphereCenter":[24.4898,263.247,-13.3282],"sphereRadius":46.9818,"stabilizedPalmPosition":[42.6489,289.077,9.51458],"t":[-48.8079,99.1549,-185.758],"timeVisible":2.3409,"type":"right","wrist":[49.3893,233.663,67.3256]}],"id":4085139,"interactionBox":{"center":[0,200,0],"size":[235.247,235.247,147.751]},"pointables":[{"bases":[[[0.265751,0.710106,0.652017],[-0.810742,-0.201318,0.549699],[0.521607,-0.674701,0.522212]],[[0.0651148,0.902168,0.426441],[-0.697411,-0.264507,0.666074],[0.713707,-0.340776,0.611959]],[[0.0651148,0.902168,0.426441],[-0.972867,-0.0376842,0.228274],[0.222012,-0.429735,0.875236]],[[0.0651148,0.902168,0.426441],[-0.773785,0.315491,-0.549292],[-0.630092,-0.294207,0.718628]]],"btipPosition":[-5.48683,259.124,-18.2662],"carpPosition":[22.9542,220.588,58.9179],"dipPosition":[-20.2288,252.241,-1.4529],"direction":[-0.222012,0.429735,-0.875236],"extended":true,"handId":357,"id":3570,"length":52.1005,"mcpPosition":[22.9542,220.588,58.9179],"pipPosition":[-12.6614,237.593,28.3797],"stabilizedTipPosition":[-3.95816,275.792,-41.9457],"timeVisible":2.3409,"tipPosition":[-10.0753,258.301,-14.0399],"tipVelocity":[-48.0803,-191.289,359.816],"tool":false,"touchDistance":0.67081,"touchZone":"hovering","type":0,"width":20.2438},{"bases":[[[0.956028,0.289583,-0.0463985],[-0.162862,0.655784,0.737173],[0.2439,-0.697201,0.674109]],[[0.933402,0.344535,-0.100282],[-0.269324,0.857329,0.438693],[0.23712,-0.382468,0.893024]],[[0.933402,0.344535,-0.100282],[-0.331565,0.934967,0.126105],[0.137208,-0.0844564,0.986935]],[[0.933402,0.344535,-0.100282],[-0.35419,0.929426,-0.103522],[0.0575376,0.132147,0.989559]]],"btipPosition":[-5.03031,308.784,-59.1346],"carpPosition":[27.3901,241.296,69.5483],"dipPosition":[-4.04755,311.041,-42.2325],"direction":[-0.137208,0.0844564,-0.986935],"extended":true,"handId":357,"id":3571,"length":58.7895,"mcpPosition":[9.45193,292.574,19.9695],"pipPosition":[-0.732193,309,-18.3852],"stabilizedTipPosition":[0.175033,323.151,-70.4912],"timeVisible":2.3409,"tipPosition":[-5.56359,311.291,-54.4957],"tipVelocity":[-86.4128,-288.72,324.122],"tool":false,"touchDistance":0.655173,"touchZone":"hovering","type":1,"width":19.3369},{"bases":[[[0.993852,0.07666,-0.0798829],[0.00650496,0.679834,0.733337],[0.110525,-0.729348,0.675156]],[[0.997385,0.0483788,-0.0536963],[-0.067878,0.882189,-0.465977],[0.0248269,0.468403,0.883166]],[[0.997385,0.0483788,-0.0536963],[-0.0397495,-0.253322,-0.966565],[-0.0603637,0.966171,-0.250737]],[[0.997385,0.0483788,-0.0536963],[0.00237039,-0.764431,-0.644701],[-0.072237,0.642887,-0.762547]]],"btipPosition":[32.779,235.105,1.6483],"carpPosition":[38.611,246.349,69.8409],"dipPosition":[31.4219,247.182,-12.6771],"direction":[0.0603637,-0.966171,0.250737],"extended":false,"handId":357,"id":3572,"length":66.986,"mcpPosition":[30.9022,297.219,22.751],"pipPosition":[29.7059,274.649,-19.805],"stabilizedTipPosition":[37.7428,249.531,-21.9273],"timeVisible":2.3409,"tipPosition":[32.476,237.893,-1.37874],"tipVelocity":[-62.6171,-141.155,300.354],"tool":false,"touchDistance":0.333333,"touchZone":"none","type":2,"width":18.9914},{"bases":[[[0.995947,-0.0829735,-0.0347107],[0.0810146,0.659977,0.746905],[-0.039065,-0.746689,0.664025]],[[0.995922,-0.0834429,-0.0342933],[0.058314,0.885471,-0.461022],[0.0688347,0.457142,0.886726]],[[0.995922,-0.0834429,-0.0342933],[-0.053507,-0.240295,-0.969224],[0.0726343,0.967107,-0.24378]],[[0.995922,-0.0834429,-0.0342933],[-0.0854631,-0.750899,-0.654864],[0.0288929,0.655125,-0.754968]]],"btipPosition":[47.4927,235.817,8.63534],"carpPosition":[50.6721,248.496,68.9709],"dipPosition":[48.0323,248.053,-5.46617],"direction":[-0.0726343,-0.967107,0.24378],"extended":false,"handId":357,"id":3573,"length":64.4088,"mcpPosition":[53.1184,295.255,27.3892],"pipPosition":[50.0438,274.836,-12.2173],"stabilizedTipPosition":[52.2509,250.194,-14.1502],"timeVisible":2.3409,"tipPosition":[47.4402,238.534,5.79133],"tipVelocity":[-52.1078,-148.455,301.036],"tool":false,"touchDistance":0.333333,"touchZone":"none","type":3,"width":18.0715},{"bases":[[[0.957564,-0.276736,-0.0805537],[0.231163,0.570459,0.788124],[-0.17215,-0.7733,0.610222]],[[0.95152,-0.301509,-0.0608499],[0.247339,0.86762,-0.431345],[0.182849,0.395383,0.900133]],[[0.95152,-0.301509,-0.0608499],[-0.121342,-0.186168,-0.974996],[0.282642,0.935112,-0.213728]],[[0.95152,-0.301509,-0.0608499],[-0.25959,-0.681049,-0.684679],[0.164995,0.667282,-0.7263]]],"btipPosition":[58.7134,245.385,14.1509],"carpPosition":[63.5672,244.318,64.6479],"dipPosition":[61.5565,256.884,1.63564],"direction":[-0.282642,-0.935112,0.213728],"extended":false,"handId":357,"id":3574,"length":50.4953,"mcpPosition":[73.5463,289.144,29.2749],"pipPosition":[67.0829,275.168,-2.54335],"stabilizedTipPosition":[64.3744,259.366,-8.20105],"timeVisible":2.3409,"tipPosition":[59.7021,248.015,11.2859],"tipVelocity":[-54.7877,-146.294,295.096],"tool":false,"touchDistance":0.333333,"touchZone":"none","type":4,"width":16.0525}],"r":[[0.982733,0.0193393,0.184014],[-0.0650989,0.967075,0.246027],[-0.173197,-0.253758,0.951635]],"s":1.07057,"t":[-48.8079,99.1549,-185.758],"timestamp":521080537923},false],[1,{"currentFrameRate":106.368,"devices":[],"gestures":[],"hands":[{"armBasis":[[0.895448,0.341183,-0.28595],[-0.114658,0.797433,0.592413],[0.430147,-0.497689,0.753179]],"armWidth":63.7005,"confidence":0.709285,"direction":[-0.186625,0.734086,-0.652909],"elbow":[169.76,136.682,279.646],"grabStrength":0.303923,"id":358,"palmNormal":[0.0754509,-0.651912,-0.754532],"palmPosition":[36.4424,306.381,38.3496],"palmVelocity":[51.2314,71.2926,-122.019],"palmWidth":90.9622,"pinchStrength":0.249926,"r":[[0.959078,-0.00256344,0.283131],[-0.00287534,0.999819,0.0187922],[-0.283128,-0.0188373,0.958897]],"s":1.10724,"sphereCenter":[49.4113,283.645,-17.3346],"sphereRadius":55.9053,"stabilizedPalmPosition":[31.1752,268.356,113.249],"t":[0.855119,62.9325,-108.128],"timeVisible":0.388438,"type":"right","wrist":[53.6556,271.017,76.3495]}],"id":4085305,"interactionBox":{"center":[0,200,0],"size":[235.247,235.247,147.751]},"pointables":[{"bases":[[[0.290258,0.802818,0.520801],[-0.749229,-0.147916,0.645582],[0.59532,-0.577585,0.558561]],[[-0.0198864,0.979327,0.201305],[-0.758209,-0.146016,0.635451],[0.651708,-0.139994,0.745438]],[[-0.0198864,0.979327,0.201305],[-0.947715,-0.0826044,0.30824],[0.318496,-0.18465,0.929766]],[[-0.0198864,0.979327,0.201305],[-0.951315,0.0434073,-0.30515],[-0.30758,-0.197572,0.930785]]],"btipPosition":[-8.98885,273.952,-18.342],"carpPosition":[27.1927,256.05,72.3254],"dipPosition":[-16.1851,269.33,3.43501],"direction":[-0.318496,0.18465,-0.929766],"extended":false,"handId":358,"id":3580,"length":52.1005,"mcpPosition":[27.1927,256.05,72.3254],"pipPosition":[-5.32911,263.036,35.1263],"stabilizedTipPosition":[-23.1898,227.552,79.4775],"timeVisible":0.388438,"tipPosition":[-10.8257,273.011,-13.4832],"tipVelocity":[62.4673,91.4235,-136.455],"tool":false,"touchDistance":-0.470527,"touchZone":"hovering","type":0,"width":20.2438},{"bases":[[[0.934289,0.310633,-0.174959],[-0.126304,0.747314,0.652357],[0.333393,-0.587392,0.737442]],[[0.956097,0.26701,-0.120765],[-0.250922,0.958784,0.13331],[0.151382,-0.0971544,0.983689]],[[0.956097,0.26701,-0.120765],[-0.266219,0.96364,0.0229432],[0.1225,0.010214,0.992416]],[[0.956097,0.26701,-0.120765],[-0.274386,0.960373,-0.0489422],[0.102911,0.0799297,0.991474]]],"btipPosition":[-4.1203,323.94,-57.8442],"carpPosition":[31.6193,278.178,79.5558],"dipPosition":[-2.36254,325.305,-40.9094],"direction":[-0.1225,-0.010214,-0.992416],"extended":true,"handId":358,"id":3581,"length":58.7895,"mcpPosition":[7.09919,321.379,25.3191],"pipPosition":[0.597427,325.552,-16.9296],"stabilizedTipPosition":[-20.2127,284.163,18.4975],"timeVisible":0.388438,"tipPosition":[-3.31369,323.187,-53.9338],"tipVelocity":[86.487,102.648,-134.054],"tool":false,"touchDistance":-0.491264,"touchZone":"touching","type":1,"width":19.3369},{"bases":[[[0.978493,0.0964372,-0.18235],[0.0408174,0.775994,0.629418],[0.202202,-0.623324,0.755368]],[[0.988059,0.0623195,-0.140907],[-0.064705,0.997827,-0.0124071],[0.139828,0.0213763,0.989945]],[[0.988059,0.0623195,-0.140907],[-0.0880539,0.978877,-0.184514],[0.126432,0.194718,0.972677]],[[0.988059,0.0623195,-0.140907],[-0.10117,0.952183,-0.288293],[0.116203,0.299106,0.947118]]],"btipPosition":[15.9671,314.869,-67.7282],"carpPosition":[42.5849,283.579,78.1012],"dipPosition":[18.1502,320.488,-49.9354],"direction":[-0.126432,-0.194718,-0.972677],"extended":true,"handId":358,"id":3582,"length":66.986,"mcpPosition":[28.482,327.053,25.4168],"pipPosition":[21.7443,326.023,-22.2844],"stabilizedTipPosition":[-3.11292,286.539,-1.64672],"timeVisible":0.388438,"tipPosition":[16.6763,315.324,-63.4366],"tipVelocity":[86.1039,94.1806,-129.37],"tool":false,"touchDistance":-0.486762,"touchZone":"touching","type":2,"width":18.9914},{"bases":[[[0.991704,-0.0551151,-0.116129],[0.117047,0.760635,0.63854],[0.0531389,-0.646835,0.760776]],[[0.991454,-0.0521973,-0.119559],[-0.0211888,0.839867,-0.542379],[0.128725,0.540277,0.831583]],[[0.991454,-0.0521973,-0.119559],[-0.0702907,0.558321,-0.826642],[0.109901,0.827981,0.54988]],[[0.991454,-0.0521973,-0.119559],[-0.0897845,0.391874,-0.915628],[0.0946455,0.918537,0.383838]]],"btipPosition":[40.5255,262.254,-31.3618],"carpPosition":[54.4141,285.967,75.8197],"dipPosition":[42.2933,279.411,-24.1923],"direction":[-0.109901,-0.827981,-0.549881],"extended":false,"handId":358,"id":3583,"length":64.4088,"mcpPosition":[51.0865,326.472,28.1793],"pipPosition":[45.3368,302.34,-8.96421],"stabilizedTipPosition":[24.0753,232.108,39.8802],"timeVisible":0.388438,"tipPosition":[40.8753,266.435,-30.1264],"tipVelocity":[58.1002,85.7594,-130.04],"tool":false,"touchDistance":-0.439233,"touchZone":"touching","type":3,"width":18.0715},{"bases":[[[0.958126,-0.254525,-0.131196],[0.2741,0.682649,0.677392],[-0.0828527,-0.684987,0.723828]],[[0.945751,-0.319092,-0.0611201],[0.227302,0.78427,-0.577281],[0.232141,0.532071,0.814255]],[[0.945751,-0.319092,-0.0611201],[0.115289,0.505492,-0.855094],[0.30375,0.80166,0.514857]],[[0.945751,-0.319092,-0.0611201],[0.0578593,0.350535,-0.93476],[0.3197,0.880514,0.349982]]],"btipPosition":[52.2,271.689,-15.9172],"carpPosition":[67.0511,281.637,70.9215],"dipPosition":[57.7089,286.861,-9.8865],"direction":[-0.30375,-0.80166,-0.514857],"extended":false,"handId":358,"id":3584,"length":50.4953,"mcpPosition":[71.8539,321.344,28.963],"pipPosition":[63.6481,302.536,0.180415],"stabilizedTipPosition":[40.3706,247.496,44.8992],"timeVisible":0.388438,"tipPosition":[53.5316,275.415,-14.9424],"tipVelocity":[58.1583,73.0112,-119.887],"tool":false,"touchDistance":-0.419752,"touchZone":"touching","type":4,"width":16.0525}],"r":[[0.959078,-0.00256344,0.283131],[-0.00287534,0.999819,0.0187922],[-0.283128,-0.0188373,0.958897]],"s":1.10724,"t":[0.855119,62.9325,-108.128],"timestamp":521082802045},false],[2,{"currentFrameRate":106.421,"devices":[],"gestures":[],"hands":[{"armBasis":[[0.897058,0.340857,-0.281252],[-0.116053,0.795814,0.594317],[0.426401,-0.500497,0.753449]],"armWidth":63.7005,"confidence":0.683798,"direction":[-0.183973,0.735083,-0.652539],"elbow":[169.119,136.491,278.787],"grabStrength":0.304056,"id":358,"palmNormal":[0.0777289,-0.650911,-0.755164],"palmPosition":[36.9637,307.01,37.4072],"palmVelocity":[52.5948,70.2565,-116.184],"palmWidth":90.9622,"pinchStrength":0.250614,"r":[[0.958134,-0.00554714,0.286266],[-0.00000139505,0.999812,0.0193786],[-0.28632,-0.0185677,0.957954]],"s":1.10706,"sphereCenter":[50.0279,284.328,-18.2458],"sphereRadius":55.8745,"stabilizedPalmPosition":[31.2094,268.584,112.8],"t":[1.35164,63.5231,-109.033],"timeVisible":0.397737,"type":"right","wrist":[54.0264,271.584,75.4177]}],"id":4085306,"interactionBox":{"center":[0,200,0],"size":[235.247,235.247,147.751]},"pointables":[{"bases":[[[0.288868,0.801946,0.522912],[-0.751543,-0.14841,0.642773],[0.593075,-0.578668,0.559826]],[[-0.020182,0.979082,0.202464],[-0.7606,-0.146469,0.632482],[0.648907,-0.141229,0.747646]],[[-0.020182,0.979082,0.202464],[-0.948637,-0.0827008,0.305366],[0.315722,-0.185902,0.930462]],[[-0.020182,0.979082,0.202464],[-0.949447,0.0446847,-0.31073],[-0.313278,-0.1985,0.928685]]],"btipPosition":[-8.24404,274.665,-19.471],"carpPosition":[27.5698,256.637,71.2812],"dipPosition":[-15.5736,270.021,2.25688],"direction":[-0.315722,0.185902,-0.930462],"extended":false,"handId":358,"id":3580,"length":52.1005,"mcpPosition":[27.5698,256.637,71.2812],"pipPosition":[-4.81219,263.685,33.9719],"stabilizedTipPosition":[-23.0582,228.009,78.5448],"timeVisible":0.397737,"tipPosition":[-10.1179,273.722,-14.6233],"tipVelocity":[66.5125,87.1068,-132.551],"tool":false,"touchDistance":-0.468912,"touchZone":"touching","type":0,"width":20.2438},{"bases":[[[0.935053,0.310381,-0.171287],[-0.128177,0.746481,0.652945],[0.330524,-0.588583,0.737783]],[[0.956666,0.266633,-0.11703],[-0.250861,0.958749,0.133678],[0.147845,-0.0985273,0.984091]],[[0.956666,0.266633,-0.11703],[-0.265752,0.963758,0.0233643],[0.119018,0.00874903,0.992854]],[[0.956666,0.266633,-0.11703],[-0.273662,0.960603,-0.0484882],[0.0994907,0.0784137,0.991944]]],"btipPosition":[-3.25126,324.722,-58.9035],"carpPosition":[31.9828,278.753,78.5574],"dipPosition":[-1.55193,326.062,-41.9607],"direction":[-0.119018,-0.00874903,-0.992854],"extended":true,"handId":358,"id":3581,"length":58.7895,"mcpPosition":[7.67376,322.042,24.2956],"pipPosition":[1.32391,326.273,-17.9703],"stabilizedTipPosition":[-19.7163,285.333,16.3947],"timeVisible":0.397737,"tipPosition":[-2.46423,323.974,-54.9911],"tipVelocity":[88.0461,97.2453,-128.313],"tool":false,"touchDistance":-0.486333,"touchZone":"touching","type":1,"width":19.3369},{"bases":[[[0.97917,0.0961723,-0.178819],[0.0390378,0.775104,0.630626],[0.199252,-0.624471,0.755205]],[[0.988539,0.0621465,-0.137578],[-0.0642715,0.997871,-0.011053],[0.136598,0.0197687,0.990429]],[[0.988539,0.0621465,-0.137578],[-0.08696,0.979365,-0.182436],[0.123401,0.192309,0.973545]],[[0.988539,0.0621465,-0.137578],[-0.099697,0.953081,-0.285828],[0.11336,0.296269,0.948354]]],"btipPosition":[16.8394,315.719,-68.7408],"carpPosition":[42.9563,284.149,77.1484],"dipPosition":[18.969,321.285,-50.9248],"direction":[-0.123401,-0.192309,-0.973545],"extended":true,"handId":358,"id":3582,"length":66.986,"mcpPosition":[29.0591,327.704,24.4753],"pipPosition":[22.477,326.752,-23.2492],"stabilizedTipPosition":[-2.61485,287.281,-3.18161],"timeVisible":0.397737,"tipPosition":[17.5353,316.17,-64.4475],"tipVelocity":[87.9034,93.0278,-123.429],"tool":false,"touchDistance":-0.481528,"touchZone":"touching","type":2,"width":18.9914},{"bases":[[[0.992072,-0.0554782,-0.112763],[0.115227,0.759693,0.639992],[0.0501595,-0.647911,0.760062]],[[0.991835,-0.0525528,-0.116193],[-0.0187872,0.840982,-0.540737],[0.126133,0.538505,0.833128]],[[0.991835,-0.0525528,-0.116193],[-0.0671491,0.559374,-0.826191],[0.108414,0.827248,0.551278]],[[0.991835,-0.0525528,-0.116193],[-0.0864609,0.392631,-0.915623],[0.0937394,0.918194,0.384881]]],"btipPosition":[41.2664,262.995,-32.3527],"carpPosition":[54.7945,286.535,74.9112],"dipPosition":[43.0173,280.145,-25.1638],"direction":[-0.108414,-0.827248,-0.551278],"extended":false,"handId":358,"id":3583,"length":64.4088,"mcpPosition":[51.6535,327.107,27.3155],"pipPosition":[46.0196,303.054,-9.89699],"stabilizedTipPosition":[24.243,232.44,39.2074],"timeVisible":0.397737,"tipPosition":[41.615,267.163,-31.1015],"tipVelocity":[64.072,83.9982,-123.278],"tool":false,"touchDistance":-0.43844,"touchZone":"touching","type":3,"width":18.0715},{"bases":[[[0.958442,-0.25485,-0.128221],[0.272104,0.68157,0.679281],[-0.085723,-0.685941,0.722591]],[[0.945797,-0.319481,-0.058306],[0.231039,0.788096,-0.570548],[0.22823,0.526152,0.819192]],[[0.945797,-0.319481,-0.058306],[0.119382,0.508995,-0.852451],[0.302019,0.799285,0.519546]],[[0.945797,-0.319481,-0.058306],[0.0615613,0.352654,-0.933727],[0.31887,0.879527,0.353207]]],"btipPosition":[52.9478,272.585,-17.0378],"carpPosition":[67.4462,282.205,70.051],"dipPosition":[58.4425,287.74,-10.9515],"direction":[-0.302019,-0.799285,-0.519546],"extended":false,"handId":358,"id":3584,"length":50.4953,"mcpPosition":[72.4154,321.967,28.1642],"pipPosition":[64.3478,303.368,-0.792893],"stabilizedTipPosition":[40.5022,247.767,44.3237],"timeVisible":0.397737,"tipPosition":[54.2527,276.218,-15.9487],"tipVelocity":[64.3436,79.4739,-119.673],"tool":false,"touchDistance":-0.422727,"touchZone":"touching","type":4,"width":16.0525}],"r":[[0.958134,-0.00554714,0.286266],[-0.00000139505,0.999812,0.0193786],[-0.28632,-0.0185677,0.957954]],"s":1.10706,"t":[1.35164,63.5231,-109.033],"timestamp":521082811344},false],[3,{"currentFrameRate":106.745,"devices":[],"gestures":[],"hands":[{"armBasis":[[0.897916,0.341152,-0.278141],[-0.117092,0.79426,0.596188],[0.424306,-0.502759,0.753125]],"armWidth":63.7005,"confidence":0.662403,"direction":[-0.181528,0.73883,-0.648982],"elbow":[168.765,136.475,277.458],"grabStrength":0.305154,"id":358,"palmNormal":[0.0788988,-0.646877,-0.758502],"palmPosition":[37.3088,307.83,36.3172],"palmVelocity":[49.0317,76.4715,-118.344],"palmWidth":90.9622,"pinchStrength":0.25253,"r":[[0.957219,-0.00845943,0.289242],[0.0025068,0.999778,0.0209444],[-0.289355,-0.0193233,0.957027]],"s":1.10678,"sphereCenter":[50.4404,285.43,-19.4091],"sphereRadius":55.8452,"stabilizedPalmPosition":[31.2501,268.846,112.29],"t":[1.77248,64.2281,-110.03],"timeVisible":0.406512,"type":"right","wrist":[54.2373,272.178,74.1766]}],"id":4085307,"interactionBox":{"center":[0,200,0],"size":[235.247,235.247,147.751]},"pointables":[{"bases":[[[0.288445,0.798764,0.527992],[-0.753312,-0.151067,0.640078],[0.591033,-0.58237,0.558144]],[[-0.0197984,0.978029,0.207527],[-0.762664,-0.148991,0.629401],[0.646492,-0.145812,0.748857]],[[-0.0197984,0.978029,0.207527],[-0.949391,-0.0834701,0.302803],[0.313472,-0.191029,0.930184]],[[-0.0197984,0.978029,0.207527],[-0.947258,0.0480563,-0.316849],[-0.31986,-0.202855,0.925494]]],"btipPosition":[-7.68802,275.817,-20.8359],"carpPosition":[27.7746,257.283,69.8927],"dipPosition":[-15.1716,271.071,0.817407],"direction":[-0.313472,0.191029,-0.930184],"extended":false,"handId":358,"id":3580,"length":52.1005,"mcpPosition":[27.7746,257.283,69.8927],"pipPosition":[-4.48687,264.56,32.5229],"stabilizedTipPosition":[-22.9007,228.548,77.4553],"timeVisible":0.406512,"tipPosition":[-9.621,274.857,-15.9998],"tipVelocity":[64.5815,98.2503,-139.254],"tool":false,"touchDistance":-0.471084,"touchZone":"touching","type":0,"width":20.2438},{"bases":[[[0.935821,0.310262,-0.167259],[-0.128985,0.743058,0.656679],[0.328026,-0.592961,0.735389]],[[0.957312,0.26605,-0.11301],[-0.250105,0.95839,0.137609],[0.144918,-0.10347,0.984019]],[[0.957312,0.26605,-0.11301],[-0.264672,0.963952,0.0273046],[0.116201,0.00377158,0.993219]],[[0.957312,0.26605,-0.11301],[-0.272378,0.961158,-0.0445522],[0.0967673,0.0734318,0.992595]]],"btipPosition":[-2.61626,326.063,-60.0014],"carpPosition":[32.1938,279.354,77.3003],"dipPosition":[-0.963436,327.318,-43.0475],"direction":[-0.116201,-0.00377158,-0.993219],"extended":true,"handId":358,"id":3581,"length":58.7895,"mcpPosition":[8.06846,322.965,23.2146],"pipPosition":[1.84432,327.409,-19.0483],"stabilizedTipPosition":[-19.126,286.718,13.9465],"timeVisible":0.406512,"tipPosition":[-1.86468,325.346,-56.0892],"tipVelocity":[83.5044,111.581,-127.376],"tool":false,"touchDistance":-0.482463,"touchZone":"touching","type":1,"width":19.3369},{"bases":[[[0.97972,0.0960491,-0.175848],[0.0383163,0.771615,0.634934],[0.196672,-0.628796,0.752287]],[[0.988919,0.0619191,-0.134927],[-0.0632519,0.997982,-0.00560947],[0.134307,0.0140817,0.99084]],[[0.988919,0.0619191,-0.134927],[-0.0854723,0.980592,-0.17645],[0.121382,0.186028,0.975018]],[[0.988919,0.0619191,-0.134927],[-0.0979527,0.955101,-0.279621],[0.111555,0.289739,0.950582]]],"btipPosition":[17.4416,317.193,-69.8412],"carpPosition":[43.1768,284.746,75.948],"dipPosition":[19.5372,322.636,-51.9833],"direction":[-0.121382,-0.186028,-0.975018],"extended":true,"handId":358,"id":3582,"length":66.986,"mcpPosition":[29.4595,328.603,23.4785],"pipPosition":[22.9879,327.924,-24.2658],"stabilizedTipPosition":[-2.00182,288.211,-5.04866],"timeVisible":0.406512,"tipPosition":[18.1281,317.622,-65.5452],"tipVelocity":[82.4831,112.294,-123.663],"tool":false,"touchDistance":-0.47807,"touchZone":"touching","type":2,"width":18.9914},{"bases":[[[0.992289,-0.0559731,-0.110587],[0.114465,0.756068,0.644406],[0.0475418,-0.652095,0.756645]],[[0.992065,-0.053033,-0.113997],[-0.0163543,0.844552,-0.535224],[0.124661,0.532841,0.836983]],[[0.992065,-0.053033,-0.113997],[-0.0644566,0.563943,-0.823294],[0.107949,0.824109,0.55605]],[[0.992065,-0.053033,-0.113997],[-0.0837922,0.397097,-0.913944],[0.0937369,0.916243,0.389502]]],"btipPosition":[41.7376,264.229,-33.6871],"carpPosition":[55.0232,287.13,73.7535],"dipPosition":[43.4885,281.343,-26.4119],"direction":[-0.107949,-0.824109,-0.55605],"extended":false,"handId":358,"id":3583,"length":64.4088,"mcpPosition":[52.0461,327.965,26.3717],"pipPosition":[46.478,304.165,-11.0129],"stabilizedTipPosition":[24.4477,232.848,38.3929],"timeVisible":0.406512,"tipPosition":[42.0891,268.369,-32.3953],"tipVelocity":[61.2856,98.9606,-130.407],"tool":false,"touchDistance":-0.442648,"touchZone":"touching","type":3,"width":18.0715},{"bases":[[[0.958478,-0.25522,-0.127214],[0.271156,0.677557,0.68366],[-0.0882885,-0.689768,0.718627]],[[0.945569,-0.320282,-0.0576132],[0.233864,0.791907,-0.564084],[0.22629,0.519906,0.823705]],[[0.945569,-0.320282,-0.0576132],[0.122278,0.513753,-0.849179],[0.301576,0.795913,0.524953]],[[0.945569,-0.320282,-0.0576132],[0.0641947,0.357145,-0.931841],[0.319028,0.877421,0.358265]]],"btipPosition":[53.4071,273.737,-18.3101],"carpPosition":[67.6822,282.813,68.9013],"dipPosition":[58.9044,288.857,-12.1367],"direction":[-0.301576,-0.795913,-0.524952],"extended":false,"handId":358,"id":3584,"length":50.4953,"mcpPosition":[72.8001,322.797,27.2443],"pipPosition":[64.8011,304.419,-1.87238],"stabilizedTipPosition":[40.6632,248.102,43.6281],"timeVisible":0.406512,"tipPosition":[54.7058,277.337,-17.1725],"tipVelocity":[61.1356,93.1678,-125.865],"tool":false,"touchDistance":-0.427572,"touchZone":"touching","type":4,"width":16.0525}],"r":[[0.957219,-0.00845943,0.289242],[0.0025068,0.999778,0.0209444],[-0.289355,-0.0193233,0.957027]],"s":1.10678,"t":[1.77248,64.2281,-110.03],"timestamp":521082820119},false],[4,{"currentFrameRate":106.888,"devices":[],"gestures":[],"hands":[{"armBasis":[[0.898199,0.341839,-0.276379],[-0.117919,0.79304,0.597647],[0.423479,-0.504216,0.752617]],"armWidth":63.7005,"confidence":0.668381,"direction":[-0.17782,0.740253,-0.648387],"elbow":[168.752,136.4,276.596],"grabStrength":0.307185,"id":358,"palmNormal":[0.0806938,-0.6457,-0.759315],"palmPosition":[37.7233,308.242,35.5902],"palmVelocity":[48.0755,67.8442,-107.704],"palmWidth":90.9622,"pinchStrength":0.253995,"r":[[0.956249,-0.0112134,0.29234],[0.00482913,0.999734,0.022551],[-0.292515,-0.0201527,0.956049]],"s":1.1064,"sphereCenter":[50.9974,285.913,-20.1091],"sphereRadius":55.818,"stabilizedPalmPosition":[31.302,269.162,111.674],"t":[2.19016,64.7867,-110.892],"timeVisible":0.415606,"type":"right","wrist":[54.4479,272.497,73.4519]}],"id":4085308,"interactionBox":{"center":[0,200,0],"size":[235.247,235.247,147.751]},"pointables":[{"bases":[[[0.287778,0.797365,0.530465],[-0.755991,-0.1509,0.636951],[0.58793,-0.584327,0.559375]],[[-0.0190561,0.977726,0.209016],[-0.765433,-0.148761,0.626085],[0.643233,-0.148057,0.751219]],[[-0.0190561,0.977726,0.209016],[-0.950702,-0.0824377,0.298948],[0.30952,-0.193015,0.931097]],[[-0.0190561,0.977726,0.209016],[-0.944963,0.0506816,-0.323229],[-0.326622,-0.203672,0.922949]]],"btipPosition":[-7.03034,276.386,-21.7762],"carpPosition":[27.9768,257.654,69.0418],"dipPosition":[-14.6721,271.621,-0.182427],"direction":[-0.30952,0.193015,-0.931098],"extended":false,"handId":358,"id":3580,"length":52.1005,"mcpPosition":[27.9768,257.654,69.0418],"pipPosition":[-4.12211,265.042,31.5542],"stabilizedTipPosition":[-22.6997,229.214,76.1126],"timeVisible":0.415606,"tipPosition":[-9.01571,275.423,-16.9509],"tipVelocity":[65.6168,88.244,-129.738],"tool":false,"touchDistance":-0.466619,"touchZone":"touching","type":0,"width":20.2438},{"bases":[[[0.93697,0.308973,-0.163168],[-0.130232,0.742141,0.65747],[0.324234,-0.59478,0.735601]],[[0.958229,0.264511,-0.108769],[-0.249085,0.958728,0.137105],[0.140546,-0.104286,0.984567]],[[0.958229,0.264511,-0.108769],[-0.26319,0.964378,0.0265846],[0.111926,0.00315274,0.993712]],[[0.958229,0.264511,-0.108769],[-0.270598,0.961622,-0.0453771],[0.0925919,0.0729144,0.993031]]],"btipPosition":[-1.76392,326.606,-60.8559],"carpPosition":[32.4049,279.705,76.5043],"dipPosition":[-0.182411,327.852,-43.8945],"direction":[-0.111926,-0.00315274,-0.993712],"extended":true,"handId":358,"id":3581,"length":58.7895,"mcpPosition":[8.5584,323.449,22.403],"pipPosition":[2.52207,327.928,-19.8835],"stabilizedTipPosition":[-18.3793,288.41,10.9599],"timeVisible":0.415606,"tipPosition":[-1.06264,325.97,-56.9391],"tipVelocity":[85.8362,97.1458,-118.068],"tool":false,"touchDistance":-0.475342,"touchZone":"touching","type":1,"width":19.3369},{"bases":[[[0.980541,0.0947009,-0.171962],[0.0371991,0.770454,0.636409],[0.192757,-0.630423,0.751939]],[[0.9895,0.0606072,-0.13121],[-0.0616591,0.998089,-0.00396537],[0.130719,0.0120141,0.991347]],[[0.9895,0.0606072,-0.13121],[-0.0832057,0.981177,-0.174267],[0.118179,0.183355,0.975917]],[[0.9895,0.0606072,-0.13121],[-0.0953126,0.956085,-0.277159],[0.108651,0.286755,0.951823]]],"btipPosition":[18.2583,317.872,-70.6352],"carpPosition":[43.4019,285.08,75.2031],"dipPosition":[20.2994,323.259,-52.754],"direction":[-0.118179,-0.183355,-0.975917],"extended":true,"handId":358,"id":3582,"length":66.986,"mcpPosition":[29.9578,329.05,22.7578],"pipPosition":[23.6589,328.471,-25.0109],"stabilizedTipPosition":[-1.19418,289.415,-7.44374],"timeVisible":0.415606,"tipPosition":[18.9297,318.297,-66.3374],"tipVelocity":[84.1294,101.483,-113.428],"tool":false,"touchDistance":-0.470425,"touchZone":"touching","type":2,"width":18.9914},{"bases":[[[0.992607,-0.0574546,-0.106916],[0.113285,0.754762,0.646143],[0.0435722,-0.653478,0.75569]],[[0.9924,-0.0545017,-0.110329],[-0.0127767,0.846089,-0.532888],[0.122391,0.530247,0.838963]],[[0.9924,-0.0545017,-0.110329],[-0.0603999,0.565406,-0.822599],[0.107214,0.82301,0.557816]],[[0.9924,-0.0545017,-0.110329],[-0.0797333,0.398118,-0.913862],[0.0937309,0.915714,0.390747]]],"btipPosition":[42.3454,264.789,-34.4838],"carpPosition":[55.2606,287.448,73.0577],"dipPosition":[44.0962,281.893,-27.1853],"direction":[-0.107214,-0.82301,-0.557816],"extended":false,"handId":358,"id":3583,"length":64.4088,"mcpPosition":[52.532,328.369,25.7357],"pipPosition":[47.0653,304.685,-11.7374],"stabilizedTipPosition":[24.7159,233.374,37.3497],"timeVisible":0.415606,"tipPosition":[42.7,268.908,-33.1694],"tipVelocity":[62.8224,88.5547,-118.386],"tool":false,"touchDistance":-0.438586,"touchZone":"touching","type":3,"width":18.0715},{"bases":[[[0.958524,-0.256615,-0.124016],[0.269694,0.675919,0.685856],[-0.0921758,-0.690856,0.717092]],[[0.945238,-0.321787,-0.0545639],[0.237438,0.792676,-0.561505],[0.223937,0.5178,0.825673]],[[0.945238,-0.321787,-0.0545639],[0.126268,0.514701,-0.848021],[0.300966,0.794692,0.527146]],[[0.945238,-0.321787,-0.0545639],[0.0681049,0.357963,-0.931249],[0.319196,0.876536,0.360276]]],"btipPosition":[53.9731,274.219,-19.0234],"carpPosition":[67.9307,283.118,68.2461],"dipPosition":[59.4733,289.323,-12.8153],"direction":[-0.300966,-0.794692,-0.527147],"extended":false,"handId":358,"id":3584,"length":50.4953,"mcpPosition":[73.2738,323.165,26.6781],"pipPosition":[65.3581,304.862,-2.50813],"stabilizedTipPosition":[40.8747,248.531,42.7396],"timeVisible":0.415606,"tipPosition":[55.2727,277.813,-17.8768],"tipVelocity":[61.4613,81.9207,-112.484],"tool":false,"touchDistance":-0.423728,"touchZone":"touching","type":4,"width":16.0525}],"r":[[0.956249,-0.0112134,0.29234],[0.00482913,0.999734,0.022551],[-0.292515,-0.0201527,0.956049]],"s":1.1064,"t":[2.19016,64.7867,-110.892],"timestamp":521082829213},false],[5,{"currentFrameRate":107.087,"devices":[],"gestures":[],"hands":[{"armBasis":[[0.899005,0.340854,-0.274971],[-0.118837,0.794186,0.595942],[0.421508,-0.503078,0.754483]],"armWidth":63.7005,"confidence":0.682095,"direction":[-0.173969,0.743305,-0.645935],"elbow":[168.503,136.988,276.427],"grabStrength":0.308121,"id":358,"palmNormal":[0.0816228,-0.642796,-0.761676],"palmPosition":[38.213,308.716,35.0092],"palmVelocity":[49.8501,63.7377,-95.9355],"palmWidth":90.9622,"pinchStrength":0.255012,"r":[[0.955263,-0.0141115,0.29542],[0.00714114,0.99967,0.0246603],[-0.29567,-0.0214475,0.955049]],"s":1.10605,"sphereCenter":[51.5613,286.578,-20.7237],"sphereRadius":55.7914,"stabilizedPalmPosition":[31.367,269.534,110.953],"t":[2.64381,65.3032,-111.614],"timeVisible":0.424581,"type":"right","wrist":[54.7303,272.778,72.7786]}],"id":4085309,"interactionBox":{"center":[0,200,0],"size":[235.247,235.247,147.751]},"pointables":[{"bases":[[[0.287945,0.794514,0.534636],[-0.758403,-0.151691,0.633888],[0.584732,-0.587994,0.558883]],[[-0.0175004,0.97693,0.212844],[-0.767785,-0.149492,0.623023],[0.640468,-0.152515,0.752688]],[[-0.0175004,0.97693,0.212844],[-0.951844,-0.0814459,0.295566],[0.306082,-0.197422,0.93131]],[[-0.0175004,0.97693,0.212844],[-0.942809,0.0547481,-0.328807],[-0.332874,-0.206425,0.9201]]],"btipPosition":[-6.36714,277.185,-22.6092],"carpPosition":[28.2385,258.016,68.2227],"dipPosition":[-14.1552,272.356,-1.08213],"direction":[-0.306082,0.197422,-0.93131],"extended":false,"handId":358,"id":3580,"length":52.1005,"mcpPosition":[28.2385,258.016,68.2227],"pipPosition":[-3.72236,265.627,30.6617],"stabilizedTipPosition":[-22.4521,230.012,74.5164],"timeVisible":0.424581,"tipPosition":[-8.39664,276.21,-17.8003],"tipVelocity":[66.8576,88.009,-120.092],"tool":false,"touchDistance":-0.461016,"touchZone":"touching","type":0,"width":20.2438},{"bases":[[[0.938221,0.307404,-0.158884],[-0.130602,0.739768,0.660065],[0.320444,-0.598536,0.734214]],[[0.95922,0.262619,-0.104537],[-0.247292,0.958825,0.139649],[0.136907,-0.108103,0.984668]],[[0.95922,0.262619,-0.104537],[-0.261006,0.964899,0.0290737],[0.108503,-0.00060339,0.994096]],[[0.95922,0.262619,-0.104537],[-0.268172,0.962414,-0.0429258],[0.0893343,0.0692091,0.993594]]],"btipPosition":[-0.900752,327.522,-61.4921],"carpPosition":[32.6946,280.025,75.7893],"dipPosition":[0.625111,328.704,-44.5212],"direction":[-0.108503,0.00060339,-0.994096],"extended":true,"handId":358,"id":3581,"length":58.7895,"mcpPosition":[9.12691,324.046,21.79],"pipPosition":[3.24686,328.689,-20.5008],"stabilizedTipPosition":[-17.4623,290.436,7.43413],"timeVisible":0.424581,"tipPosition":[-0.231726,326.916,-57.5745],"tipVelocity":[88.2775,98.0245,-105.078],"tool":false,"touchDistance":-0.465652,"touchZone":"touching","type":1,"width":19.3369},{"bases":[[[0.981314,0.0930666,-0.16841],[0.0369621,0.767768,0.639661],[0.188831,-0.633933,0.749982]],[[0.990037,0.0588944,-0.127898],[-0.0593767,0.998236,0.0000412778],[0.127674,0.00755327,0.991787]],[[0.990037,0.0588944,-0.127898],[-0.0803662,0.982192,-0.169823],[0.115618,0.17841,0.97714]],[[0.990037,0.0588944,-0.127898],[-0.0921786,0.957722,-0.272529],[0.10644,0.281603,0.953609]]],"btipPosition":[19.0997,318.869,-71.2458],"carpPosition":[43.7085,285.38,74.5454],"dipPosition":[21.0993,324.159,-53.3311],"direction":[-0.115618,-0.17841,-0.97714],"extended":true,"handId":358,"id":3582,"length":66.986,"mcpPosition":[30.5382,329.595,22.2367],"pipPosition":[24.3861,329.231,-25.5533],"stabilizedTipPosition":[-0.167075,290.933,-10.3974],"timeVisible":0.424581,"tipPosition":[19.7585,319.279,-66.9459],"tipVelocity":[86.4758,103.438,-100.761],"tool":false,"touchDistance":-0.460761,"touchZone":"touching","type":2,"width":18.9914},{"bases":[[[0.992809,-0.0593804,-0.103946],[0.112979,0.751856,0.649576],[0.0395803,-0.656648,0.753158]],[[0.992619,-0.0563978,-0.107365],[-0.00892774,0.84891,-0.528463],[0.120947,0.525521,0.84214]],[[0.992619,-0.0563978,-0.107365],[-0.0564228,0.56889,-0.820476],[0.107352,0.820477,0.561509]],[[0.992619,-0.0563978,-0.107365],[-0.0759213,0.401387,-0.912757],[0.0945724,0.914171,0.394142]]],"btipPosition":[42.9594,265.578,-35.2425],"carpPosition":[55.5796,287.729,72.4479],"dipPosition":[44.7258,282.654,-27.8806],"direction":[-0.107352,-0.820477,-0.561509],"extended":false,"handId":358,"id":3583,"length":64.4088,"mcpPosition":[53.101,328.848,25.2845],"pipPosition":[47.6988,305.376,-12.3304],"stabilizedTipPosition":[25.0538,234.029,36.065],"timeVisible":0.424581,"tipPosition":[43.3206,269.67,-33.8941],"tipVelocity":[64.4625,88.1786,-108.669],"tool":false,"touchDistance":-0.434223,"touchZone":"touching","type":3,"width":18.0715},{"bases":[[[0.958311,-0.258388,-0.121968],[0.269071,0.67248,0.689472],[-0.0961301,-0.693546,0.71397]],[[0.944639,-0.323837,-0.0527961],[0.241314,0.794719,-0.556946],[0.222318,0.513372,0.828869]],[[0.944639,-0.323837,-0.0527961],[0.130178,0.517601,-0.845661],[0.301184,0.791971,0.531102]],[[0.944639,-0.323837,-0.0527961],[0.0717429,0.360872,-0.929852],[0.320173,0.874586,0.364127]]],"btipPosition":[54.5627,274.888,-19.6856],"carpPosition":[68.2549,283.388,67.6597],"dipPosition":[60.0798,289.959,-13.4111],"direction":[-0.301184,-0.791971,-0.531102],"extended":false,"handId":358,"id":3584,"length":50.4953,"mcpPosition":[73.8273,323.591,26.2726],"pipPosition":[65.9688,305.444,-3.02655],"stabilizedTipPosition":[41.142,249.064,41.6498],"timeVisible":0.424581,"tipPosition":[55.8653,278.469,-18.5189],"tipVelocity":[62.7397,79.6694,-101.414],"tool":false,"touchDistance":-0.419392,"touchZone":"touching","type":4,"width":16.0525}],"r":[[0.955263,-0.0141115,0.29542],[0.00714114,0.99967,0.0246603],[-0.29567,-0.0214475,0.955049]],"s":1.10605,"t":[2.64381,65.3032,-111.614],"timestamp":521082838188},false],[6,{"currentFrameRate":107.251,"devices":[],"gestures":[],"hands":[{"armBasis":[[0.9007,0.337415,-0.273661],[-0.116438,0.794358,0.596186],[0.418546,-0.50512,0.754767]],"armWidth":63.7005,"confidence":0.6941,"direction":[-0.165822,0.746102,-0.644852],"elbow":[167.731,136.924,275.385],"grabStrength":0.308148,"id":358,"palmNormal":[0.0808287,-0.641422,-0.762918],"palmPosition":[38.6657,309.411,33.9046],"palmVelocity":[49.9357,67.3776,-103.216],"palmWidth":90.9622,"pinchStrength":0.257002,"r":[[0.954158,-0.0178911,0.298769],[0.0103294,0.999586,0.0268698],[-0.299126,-0.0225519,0.953947]],"s":1.10606,"sphereCenter":[52.0193,287.326,-21.7981],"sphereRadius":55.7453,"stabilizedPalmPosition":[31.4458,269.965,110.122],"t":[3.09698,65.9087,-112.527],"timeVisible":0.433606,"type":"right","wrist":[54.7579,273.265,71.6599]}],"id":4085310,"interactionBox":{"center":[0,200,0],"size":[235.247,235.247,147.751]},"pointables":[{"bases":[[[0.290839,0.791175,0.538011],[-0.762415,-0.148086,0.629916],[0.578045,-0.593391,0.560135]],[[-0.0120392,0.97654,0.215001],[-0.771449,-0.14587,0.619345],[0.636178,-0.158406,0.755106]],[[-0.0120392,0.97654,0.215001],[-0.953807,-0.0757636,0.290711],[0.30018,-0.201569,0.932342]],[[-0.0120392,0.97654,0.215001],[-0.939071,0.0628243,-0.337934],[-0.343513,-0.20597,0.916283]]],"btipPosition":[-5.75388,278.291,-23.957],"carpPosition":[28.1876,258.696,66.9414],"dipPosition":[-13.7909,273.472,-2.51926],"direction":[-0.30018,0.201569,-0.932342],"extended":false,"handId":358,"id":3580,"length":52.1005,"mcpPosition":[28.1876,258.696,66.9414],"pipPosition":[-3.55918,266.601,29.2598],"stabilizedTipPosition":[-22.1497,230.972,72.6116],"timeVisible":0.433606,"tipPosition":[-7.85823,277.328,-19.1755],"tipVelocity":[65.4126,97.5715,-128.77],"tool":false,"touchDistance":-0.463773,"touchZone":"touching","type":0,"width":20.2438},{"bases":[[[0.941043,0.301367,-0.153673],[-0.128662,0.738983,0.661325],[0.312864,-0.602563,0.734189]],[[0.96148,0.256297,-0.0993353],[-0.241384,0.960145,0.140908],[0.131491,-0.111502,0.985027]],[[0.96148,0.256297,-0.0993353],[-0.254528,0.96659,0.0303134],[0.103786,-0.0038621,0.994592]],[[0.96148,0.256297,-0.0993353],[-0.261368,0.964338,-0.0417064],[0.0851035,0.0660629,0.99418]]],"btipPosition":[0.139236,328.727,-62.732],"carpPosition":[32.7583,280.656,74.585],"dipPosition":[1.59284,329.855,-45.751],"direction":[-0.103786,0.0038621,-0.994592],"extended":true,"handId":358,"id":3581,"length":58.7895,"mcpPosition":[9.74804,324.973,20.5875],"pipPosition":[4.10061,329.762,-21.7187],"stabilizedTipPosition":[-16.3285,292.873,3.24553],"timeVisible":0.433606,"tipPosition":[0.784207,328.11,-58.8128],"tipVelocity":[95.1899,107.422,-113.899],"tool":false,"touchDistance":-0.465984,"touchZone":"touching","type":1,"width":19.3369},{"bases":[[[0.982714,0.0867641,-0.163542],[0.0391844,0.765885,0.641782],[0.180938,-0.637097,0.749246]],[[0.990991,0.0525303,-0.123194],[-0.052632,0.998611,0.00243049],[0.12315,0.00407534,0.99238]],[[0.990991,0.0525303,-0.123194],[-0.0728862,0.983251,-0.167047],[0.112355,0.174522,0.978222]],[[0.990991,0.0525303,-0.123194],[-0.0843607,0.959278,-0.269572],[0.104016,0.277536,0.955068]]],"btipPosition":[20.1123,320.002,-72.4199],"carpPosition":[43.8143,285.938,73.4067],"dipPosition":[22.0663,325.216,-54.4778],"direction":[-0.112355,-0.174522,-0.978222],"extended":true,"handId":358,"id":3582,"length":66.986,"mcpPosition":[31.1944,330.374,21.1493],"pipPosition":[25.2603,330.177,-26.6692],"stabilizedTipPosition":[1.1217,292.815,-13.997],"timeVisible":0.433606,"tipPosition":[20.7534,320.402,-68.1175],"tipVelocity":[93.2339,108.993,-108.641],"tool":false,"touchDistance":-0.460534,"touchZone":"touching","type":2,"width":18.9914},{"bases":[[[0.99286,-0.0659198,-0.0994136],[0.115043,0.749427,0.652015],[0.0315226,-0.658797,0.75166]],[[0.992705,-0.0628993,-0.102858],[-0.000630063,0.85041,-0.52612],[0.120564,0.522347,0.844167]],[[0.992705,-0.0628993,-0.102858],[-0.0489607,0.569303,-0.820668],[0.110177,0.819718,0.562071]],[[0.992705,-0.0628993,-0.102858],[-0.0692666,0.400743,-0.913568],[0.0986825,0.914029,0.393463]]],"btipPosition":[43.4574,266.36,-36.3188],"carpPosition":[55.7109,288.21,71.3713],"dipPosition":[45.3007,283.433,-28.9696],"direction":[-0.110177,-0.819718,-0.562071],"extended":false,"handId":358,"id":3583,"length":64.4088,"mcpPosition":[53.737,329.465,24.3016],"pipPosition":[48.3518,306.134,-13.4039],"stabilizedTipPosition":[25.4614,234.814,34.5344],"timeVisible":0.433606,"tipPosition":[43.8386,270.466,-34.9944],"tipVelocity":[62.4475,87.7368,-111.672],"tool":false,"touchDistance":-0.435322,"touchZone":"touching","type":3,"width":18.0715},{"bases":[[[0.957088,-0.26464,-0.118105],[0.270398,0.668884,0.692444],[-0.10425,-0.694665,0.711739]],[[0.942648,-0.330144,-0.0491917],[0.249235,0.794205,-0.554184],[0.222029,0.510141,0.830939]],[[0.942648,-0.330144,-0.0491917],[0.13606,0.514623,-0.846552],[0.304799,0.791308,0.530028]],[[0.942648,-0.330144,-0.0491917],[0.0761624,0.356227,-0.93129],[0.324983,0.874132,0.360941]]],"btipPosition":[55.0139,275.495,-20.5814],"carpPosition":[68.3788,283.795,66.6318],"dipPosition":[60.6139,290.558,-14.3618],"direction":[-0.304799,-0.791308,-0.530028],"extended":false,"handId":358,"id":3584,"length":50.4953,"mcpPosition":[74.4219,324.063,25.3741],"pipPosition":[66.5735,306.03,-3.99828],"stabilizedTipPosition":[41.4622,249.696,40.3657],"timeVisible":0.433606,"tipPosition":[56.3462,279.109,-19.4781],"tipVelocity