{"sensorType":"Leap","data":[[0,{"currentFrameRate":109.656,"devices":[],"gestures":[],"hands":[{"armBasis":[[0.879995,0.361835,-0.307707],[-0.131864,0.80847,0.573575],[0.456312,-0.464168,0.759163]],"armWidth":63.7005,"confidence":0.884053,"direction":[-0.135044,0.501312,-0.854663],"elbow":[181.622,170.33,296.648],"grabStrength":0,"id":362,"palmNormal":[0.141245,-0.844016,-0.517385],"palmPosition":[44.3017,317.582,43.6934],"palmVelocity":[-14.329,-2.97102,-167.04],"palmWidth":90.9622,"pinchStrength":0.586064,"r":[[0.907801,0.404802,-0.109693],[-0.413206,0.908047,-0.0686386],[0.0718217,0.107636,0.991593]],"s":1.28472,"sphereCenter":[47.4455,290.151,5.22527],"sphereRadius":47.0202,"stabilizedPalmPosition":[58.3537,319.519,92.9947],"t":[-124.899,112.907,-108.518],"timeVisible":0.723085,"type":"right","wrist":[58.4554,295.617,91.7365]}],"id":4087142,"interactionBox":{"center":[0,200,0],"size":[235.247,235.247,147.751]},"pointables":[{"bases":[[[0.241954,0.929425,0.278619],[-0.799742,0.0284277,0.599671],[0.549428,-0.367916,0.750178]],[[0.00623387,0.999218,-0.0390548],[-0.843798,0.0262148,0.53602],[0.536625,0.0296129,0.843301]],[[0.00623387,0.999218,-0.0390548],[-0.98685,0.0124557,0.161159],[0.161519,0.0375365,0.986155]],[[0.00623387,0.999218,-0.0390548],[-0.708394,-0.0231528,-0.705437],[-0.70579,0.0320638,0.707696]]],"btipPosition":[16.7212,275.851,-1.94903],"carpPosition":[32.4924,279.358,90.3046],"dipPosition":[0.208192,276.601,14.6085],"direction":[-0.161519,-0.0375365,-0.986155],"extended":false,"handId":362,"id":3620,"length":52.1005,"mcpPosition":[32.4924,279.358,90.3046],"pipPosition":[5.7136,277.88,48.2218],"stabilizedTipPosition":[21.9359,283.537,47.837],"timeVisible":0.723085,"tipPosition":[12.6595,276.508,1.51578],"tipVelocity":[-10.4209,-12.3058,-156.888],"tool":false,"touchDistance":-0.502642,"touchZone":"hovering","type":0,"width":20.2438},{"bases":[[[0.944124,0.272053,-0.186058],[-0.183857,0.90324,0.387755],[0.273545,-0.33188,0.902789]],[[0.96401,0.242764,-0.108402],[-0.221478,0.958836,0.177709],[0.147082,-0.147305,0.978094]],[[0.96401,0.242764,-0.108402],[-0.241043,0.970084,0.0289049],[0.112177,-0.00173499,0.993687]],[[0.96401,0.242764,-0.108402],[-0.25207,0.9642,-0.082337],[0.0845332,0.106699,0.990691]]],"btipPosition":[5.60442,331.71,-58.4104],"carpPosition":[36.1943,302.755,90.9275],"dipPosition":[7.04827,333.533,-41.489],"direction":[-0.112177,0.00173499,-0.993687],"extended":true,"handId":362,"id":3621,"length":58.7895,"mcpPosition":[16.0758,327.164,24.5299],"pipPosition":[9.7588,333.491,-17.4785],"stabilizedTipPosition":[14.232,330.618,-1.19493],"timeVisible":0.723085,"tipPosition":[5.79276,330.939,-54.3486],"tipVelocity":[16.9351,-2.06179,-182.331],"tool":false,"touchDistance":-0.529338,"touchZone":"hovering","type":1,"width":19.3369},{"bases":[[[0.989818,0.0667201,-0.125736],[-0.0155449,0.928725,0.370444],[0.14149,-0.364717,0.920305]],[[0.984596,0.0787468,-0.156107],[-0.172139,0.59301,-0.786579],[0.0306321,0.801335,0.597431]],[[0.984596,0.0787468,-0.156107],[-0.0593251,-0.689406,-0.721942],[-0.164471,0.720082,-0.674115]],[[0.984596,0.0787468,-0.156107],[0.0514848,-0.983828,-0.171559],[-0.167092,0.16088,-0.972727]]],"btipPosition":[43.6871,271.133,33.2516],"carpPosition":[47.217,307.801,88.79],"dipPosition":[40.5481,274.156,14.9777],"direction":[0.164471,-0.720082,0.674115],"extended":false,"handId":362,"id":3622,"length":66.986,"mcpPosition":[37.3486,333.239,24.6018],"pipPosition":[35.8725,294.626,-4.18581],"stabilizedTipPosition":[57.6806,274.363,80.2363],"timeVisible":0.723085,"tipPosition":[43.1207,271.851,29.8291],"tipVelocity":[-21.5655,-7.99695,-171.38],"tool":false,"touchDistance":0.333333,"touchZone":"none","type":2,"width":18.9914},{"bases":[[[0.998187,-0.0578806,-0.0165002],[0.0597311,0.919019,0.389662],[-0.00738991,-0.389941,0.92081]],[[0.997772,-0.04334,-0.0507305],[-0.0150666,0.594332,-0.804079],[0.0649995,0.803051,0.592354]],[[0.997772,-0.04334,-0.0507305],[-0.066598,-0.693385,-0.717483],[-0.00408003,0.719263,-0.694726]],[[0.997772,-0.04334,-0.0507305],[-0.0511832,-0.984925,-0.165237],[-0.0428043,0.167466,-0.984948]]],"btipPosition":[57.6556,275.254,40.3487],"carpPosition":[59.1836,309.751,86.8321],"dipPosition":[56.8561,278.382,21.9515],"direction":[0.00408003,-0.719263,0.694726],"extended":false,"handId":362,"id":3623,"length":64.4088,"mcpPosition":[59.6464,334.17,29.1702],"pipPosition":[56.7431,298.301,2.71209],"stabilizedTipPosition":[71.8372,279.044,86.7734],"timeVisible":0.723085,"tipPosition":[57.5598,276.106,36.9978],"tipVelocity":[-20.0068,-8.86735,-159.853],"tool":false,"touchDistance":0.333333,"touchZone":"none","type":3,"width":18.0715},{"bases":[[[0.96694,-0.253671,0.0260293],[0.213369,0.860743,0.462163],[-0.139642,-0.44133,0.886413]],[[0.943911,-0.303645,0.129734],[0.286526,0.557922,-0.778862],[0.164116,0.772349,0.613631]],[[0.943911,-0.303645,0.129734],[-0.117652,-0.676387,-0.727089],[0.308528,0.671044,-0.674174]],[[0.943911,-0.303645,0.129734],[-0.275229,-0.940572,-0.198931],[0.182429,0.152066,-0.971388]]],"btipPosition":[65.3231,287.077,41.2987],"carpPosition":[72.2058,304.537,84.4522],"dipPosition":[68.4666,289.697,24.5602],"direction":[-0.308528,-0.671044,0.674174],"extended":false,"handId":362,"id":3624,"length":50.4953,"mcpPosition":[80.3004,330.119,33.069],"pipPosition":[74.4992,302.818,11.3782],"stabilizedTipPosition":[78.8865,291.057,85.8966],"timeVisible":0.723085,"tipPosition":[65.8677,287.813,37.9574],"tipVelocity":[-13.7286,-11.0816,-171.765],"tool":false,"touchDistance":0.333333,"touchZone":"none","type":4,"width":16.0525}],"r":[[0.907801,0.404802,-0.109693],[-0.413206,0.908047,-0.0686386],[0.0718217,0.107636,0.991593]],"s":1.28472,"t":[-124.899,112.907,-108.518],"timestamp":521104964046},false],[1,{"currentFrameRate":109.761,"devices":[],"gestures":[],"hands":[{"armBasis":[[0.882576,0.355984,-0.30714],[-0.12877,0.811291,0.570286],[0.452192,-0.46377,0.761866]],"armWidth":63.7005,"confidence":0.890008,"direction":[-0.131957,0.499149,-0.85641],"elbow":[180.365,170.574,296.492],"grabStrength":0,"id":362,"palmNormal":[0.137843,-0.84633,-0.514513],"palmPosition":[44.3014,317.627,42.7235],"palmVelocity":[-10.4325,-0.788699,-151.129],"palmWidth":90.9622,"pinchStrength":0.5886,"r":[[0.908676,0.403066,-0.10884],[-0.411603,0.90853,-0.0718133],[0.069939,0.110054,0.991462]],"s":1.28466,"sphereCenter":[47.3897,290.086,4.34938],"sphereRadius":47.0267,"stabilizedPalmPosition":[58.351,319.519,92.9849],"t":[-124.922,112.986,-109.757],"timeVisible":0.732009,"type":"right","wrist":[58.31,295.753,90.8508]}],"id":4087143,"interactionBox":{"center":[0,200,0],"size":[235.247,235.247,147.751]},"pointables":[{"bases":[[[0.245963,0.929204,0.275829],[-0.800153,0.034044,0.598829],[0.547044,-0.367995,0.751879]],[[0.0112622,0.999065,-0.0417492],[-0.844566,0.0318566,0.534503],[0.535333,0.0292403,0.844135]],[[0.0112622,0.999065,-0.0417492],[-0.986916,0.0178218,0.160248],[0.160842,0.0393982,0.986193]],[[0.0112622,0.999065,-0.0417492],[-0.70578,-0.0216342,-0.7081],[-0.708341,0.0374406,0.704876]]],"btipPosition":[16.6499,275.931,-2.78309],"carpPosition":[32.274,279.609,89.4474],"dipPosition":[0.0772303,276.807,13.7085],"direction":[-0.160842,-0.0393982,-0.986193],"extended":false,"handId":362,"id":3620,"length":52.1005,"mcpPosition":[32.274,279.609,89.4474],"pipPosition":[5.55957,278.15,47.3231],"stabilizedTipPosition":[21.9345,283.536,47.83],"timeVisible":0.732009,"tipPosition":[12.5619,276.575,0.674233],"tipVelocity":[-10.1764,-5.61104,-140.061],"tool":false,"touchDistance":-0.49345,"touchZone":"hovering","type":0,"width":20.2438},{"bases":[[[0.945533,0.267112,-0.186059],[-0.180064,0.905329,0.384652],[0.27119,-0.330199,0.904115]],[[0.965425,0.23759,-0.107263],[-0.216862,0.960335,0.175293],[0.144656,-0.145971,0.978656]],[[0.965425,0.23759,-0.107263],[-0.235886,0.971363,0.0284901],[0.11096,-0.00220329,0.993822]],[[0.965425,0.23759,-0.107263],[-0.246684,0.965682,-0.0812782],[0.0842707,0.104928,0.990903]]],"btipPosition":[5.80404,331.807,-59.4685],"carpPosition":[36.0826,302.991,89.9979],"dipPosition":[7.24341,333.599,-42.5435],"direction":[-0.11096,0.00220329,-0.993822],"extended":true,"handId":362,"id":3621,"length":58.7895,"mcpPosition":[16.1374,327.276,23.5028],"pipPosition":[9.92454,333.546,-18.5297],"stabilizedTipPosition":[14.2319,330.618,-1.19623],"timeVisible":0.732009,"tipPosition":[5.98061,331.037,-55.4099],"tipVelocity":[18.3851,1.23101,-164.923],"tool":false,"touchDistance":-0.520596,"touchZone":"hovering","type":1,"width":19.3369},{"bases":[[[0.990228,0.0617691,-0.125028],[-0.0116205,0.929984,0.367415],[0.138969,-0.362372,0.921615]],[[0.985067,0.0737701,-0.155568],[-0.16878,0.592232,-0.787893],[0.0340094,0.802384,0.595839]],[[0.985067,0.0737701,-0.155568],[-0.0620034,-0.690937,-0.720251],[-0.160621,0.719141,-0.676045]],[[0.985067,0.0737701,-0.155568],[0.0471442,-0.984595,-0.168373],[-0.165593,0.158525,-0.97337]]],"btipPosition":[43.4759,271.168,32.3683],"carpPosition":[47.1304,307.979,87.8544],"dipPosition":[40.365,274.146,14.0824],"direction":[0.160621,-0.719141,0.676045],"extended":false,"handId":362,"id":3622,"length":66.986,"mcpPosition":[37.4377,333.253,23.5748],"pipPosition":[35.799,294.59,-5.13606],"stabilizedTipPosition":[57.6781,274.362,80.2277],"timeVisible":0.732009,"tipPosition":[42.9125,271.869,28.9386],"tipVelocity":[-21.9406,-5.05663,-151.728],"tool":false,"touchDistance":0.333333,"touchZone":"none","type":2,"width":18.9914},{"bases":[[[0.997926,-0.0625133,-0.0153817],[0.0635925,0.919995,0.386736],[-0.0100251,-0.386911,0.922062]],[[0.997616,-0.0482015,-0.0493768],[-0.0115293,0.589077,-0.807995],[0.0680333,0.806638,0.587117]],[[0.997616,-0.0482015,-0.0493768],[-0.0690032,-0.697899,-0.712864],[-0.000098886,0.714572,-0.699562]],[[0.997616,-0.0482015,-0.0493768],[-0.0555287,-0.98559,-0.159778],[-0.0409637,0.162139,-0.985917]]],"btipPosition":[57.4645,275.25,39.7254],"carpPosition":[59.1076,309.868,85.9013],"dipPosition":[56.6993,278.279,21.3101],"direction":[0.000098886,-0.714572,0.699562],"extended":false,"handId":362,"id":3623,"length":64.4088,"mcpPosition":[59.7354,334.097,28.1609],"pipPosition":[56.6966,298.068,1.93679],"stabilizedTipPosition":[71.8345,279.044,86.764],"timeVisible":0.732009,"tipPosition":[57.3702,276.07,36.2425],"tipVelocity":[-20.1502,-7.26244,-135.442],"tool":false,"touchDistance":0.333333,"touchZone":"none","type":3,"width":18.0715},{"bases":[[[0.965741,-0.258019,0.0277534],[0.216895,0.861251,0.459568],[-0.14248,-0.437804,0.887709]],[[0.942492,-0.307384,0.131238],[0.289751,0.555728,-0.779237],[0.166592,0.772451,0.612834]],[[0.942492,-0.307384,0.131238],[-0.119666,-0.676976,-0.726212],[0.312071,0.668744,-0.674828]],[[0.942492,-0.307384,0.131238],[-0.279083,-0.939837,-0.197027],[0.183905,0.14907,-0.971574]]],"btipPosition":[65.2074,287.015,40.366],"carpPosition":[72.1078,304.586,83.5505],"dipPosition":[68.3764,289.584,23.6243],"direction":[-0.312071,-0.668744,0.674828],"extended":false,"handId":362,"id":3624,"length":50.4953,"mcpPosition":[80.367,329.964,32.0922],"pipPosition":[74.4783,302.659,10.4295],"stabilizedTipPosition":[78.8844,291.056,85.8885],"timeVisible":0.732009,"tipPosition":[65.7571,287.736,37.0331],"tipVelocity":[-13.3406,-10.3165,-153.454],"tool":false,"touchDistance":0.333333,"touchZone":"none","type":4,"width":16.0525}],"r":[[0.908676,0.403066,-0.10884],[-0.411603,0.90853,-0.0718133],[0.069939,0.110054,0.991462]],"s":1.28466,"t":[-124.922,112.986,-109.757],"timestamp":521104972970},false],[2,{"currentFrameRate":109.737,"devices":[],"gestures":[],"hands":[{"armBasis":[[0.885736,0.349317,-0.305695],[-0.125089,0.813814,0.567503],[0.447017,-0.464419,0.76452]],"armWidth":63.7005,"confidence":0.896405,"direction":[-0.1291,0.497094,-0.858039],"elbow":[178.913,170.408,296.23],"grabStrength":0,"id":362,"palmNormal":[0.133936,-0.84861,-0.511783],"palmPosition":[44.3765,317.553,41.6696],"palmVelocity":[-5.24091,-2.81489,-141.095],"palmWidth":90.9622,"pinchStrength":0.590046,"r":[[0.909777,0.400717,-0.108317],[-0.409416,0.909263,-0.0749628],[0.0684494,0.112546,0.991286]],"s":1.28486,"sphereCenter":[47.3956,289.918,3.38889],"sphereRadius":47.041,"stabilizedPalmPosition":[58.3491,319.519,92.9779],"t":[-124.896,112.988,-110.903],"timeVisible":0.741165,"type":"right","wrist":[58.2547,295.763,89.8722]}],"id":4087144,"interactionBox":{"center":[0,200,0],"size":[235.247,235.247,147.751]},"pointables":[{"bases":[[[0.250386,0.92885,0.273028],[-0.800261,0.0398496,0.598327],[0.544876,-0.368306,0.7533]],[[0.0166731,0.998882,-0.0442271],[-0.845066,0.0377197,0.533329],[0.534401,0.0284826,0.844751]],[[0.0166731,0.998882,-0.0442271],[-0.98693,0.0235324,0.159425],[0.160287,0.0409909,0.986219]],[[0.0166731,0.998882,-0.0442271],[-0.704417,-0.0196569,-0.709515],[-0.709591,0.0429841,0.703302]]],"btipPosition":[16.6112,275.918,-3.71851],"carpPosition":[32.1406,279.742,88.5068],"dipPosition":[0.00925613,276.923,12.7363],"direction":[-0.160287,-0.0409909,-0.986219],"extended":false,"handId":362,"id":3620,"length":52.1005,"mcpPosition":[32.1406,279.742,88.5068],"pipPosition":[5.47268,278.32,46.3517],"stabilizedTipPosition":[21.9336,283.535,47.825],"timeVisible":0.741165,"tipPosition":[12.5069,276.546,-0.254002],"tipVelocity":[-8.7245,-3.54833,-129.76],"tool":false,"touchDistance":-0.486597,"touchZone":"touching","type":0,"width":20.2438},{"bases":[[[0.94692,0.261887,-0.186433],[-0.175805,0.907406,0.381716],[0.269137,-0.328679,0.905282]],[[0.966861,0.232079,-0.106391],[-0.211761,0.961784,0.173578],[0.142609,-0.145296,0.979057]],[[0.966861,0.232079,-0.106391],[-0.230311,0.972691,0.0287861],[0.110166,-0.00332912,0.993908]],[[0.966861,0.232079,-0.106391],[-0.240931,0.967278,-0.0795301],[0.0844525,0.102527,0.991139]]],"btipPosition":[6.03991,331.85,-60.5898],"carpPosition":[36.0636,303.107,88.9856],"dipPosition":[7.48239,333.601,-43.6608],"direction":[-0.110166,0.00332912,-0.993908],"extended":true,"handId":362,"id":3621,"length":58.7895,"mcpPosition":[16.2693,327.28,22.4048],"pipPosition":[10.1443,333.52,-19.645],"stabilizedTipPosition":[14.2317,330.618,-1.1973],"timeVisible":0.741165,"tipPosition":[6.20781,331.07,-56.5358],"tipVelocity":[20.462,1.90507,-153.067],"tool":false,"touchDistance":-0.513676,"touchZone":"hovering","type":1,"width":19.3369},{"bases":[[[0.990579,0.0565202,-0.124736],[-0.00723431,0.931181,0.364485],[0.136753,-0.360149,0.922817]],[[0.985471,0.0684916,-0.155422],[-0.165589,0.590999,-0.789494],[0.0377805,0.803759,0.593754]],[[0.985471,0.0684916,-0.155422],[-0.065184,-0.692491,-0.718476],[-0.156838,0.718168,-0.677965]],[[0.985471,0.0684916,-0.155422],[0.0423589,-0.985281,-0.165614],[-0.164477,0.156624,-0.973867]]],"btipPosition":[43.3266,271.065,31.4263],"carpPosition":[47.1367,308.033,86.8319],"dipPosition":[40.2367,274.007,13.131],"direction":[0.156838,-0.718168,0.677965],"extended":false,"handId":362,"id":3622,"length":66.986,"mcpPosition":[37.5986,333.153,22.4685],"pipPosition":[35.7782,294.423,-6.14198],"stabilizedTipPosition":[57.6762,274.362,80.221],"timeVisible":0.741165,"tipPosition":[42.7644,271.759,27.9865],"tipVelocity":[-20.224,-7.04927,-138.185],"tool":false,"touchDistance":0.333333,"touchZone":"none","type":2,"width":18.9914},{"bases":[[[0.997614,-0.067453,-0.0146954],[0.0679196,0.920884,0.383873],[-0.0123607,-0.383956,0.923269]],[[0.997397,-0.0533346,-0.048526],[-0.00832235,0.583332,-0.812191],[0.0716246,0.810481,0.581369]],[[0.997397,-0.0533346,-0.048526],[-0.0720142,-0.702752,-0.707781],[0.00364745,0.709433,-0.704763]],[[0.997397,-0.0533346,-0.048526],[-0.0602288,-0.986239,-0.153967],[-0.0396465,0.156488,-0.986884]]],"btipPosition":[57.3383,275.131,39.0461],"carpPosition":[59.1239,309.858,84.8787],"dipPosition":[56.5978,278.054,20.6128],"direction":[-0.00364745,-0.709433,0.704763],"extended":false,"handId":362,"id":3623,"length":64.4088,"mcpPosition":[59.898,333.901,27.0628],"pipPosition":[56.6988,297.7,1.09542],"stabilizedTipPosition":[71.8324,279.043,86.7565],"timeVisible":0.741165,"tipPosition":[57.242,275.916,35.4189],"tipVelocity":[-18.2032,-9.60925,-118.503],"tool":false,"touchDistance":0.333333,"touchZone":"none","type":3,"width":18.0715},{"bases":[[[0.964451,-0.262662,0.0290381],[0.220898,0.861619,0.456965],[-0.145047,-0.434306,0.889011]],[[0.940978,-0.311482,0.132438],[0.292684,0.552299,-0.780578],[0.169991,0.773269,0.610867]],[[0.940978,-0.311482,0.132438],[-0.122556,-0.678286,-0.724506],[0.315501,0.665513,-0.676426]],[[0.940978,-0.311482,0.132438],[-0.283459,-0.939042,-0.194554],[0.184965,0.14553,-0.97191]]],"btipPosition":[65.1422,286.826,39.3975],"carpPosition":[72.0992,304.505,82.5509],"dipPosition":[68.3294,289.334,22.65],"direction":[-0.315501,-0.665513,0.676426],"extended":false,"handId":362,"id":3624,"length":50.4953,"mcpPosition":[80.5072,329.68,31.0172],"pipPosition":[74.4983,302.346,9.424],"stabilizedTipPosition":[78.8829,291.056,85.8824],"timeVisible":0.741165,"tipPosition":[65.6973,287.535,36.0591],"tipVelocity":[-11.4817,-13.6189,-140.21],"tool":false,"touchDistance":0.333333,"touchZone":"none","type":4,"width":16.0525}],"r":[[0.909777,0.400717,-0.108317],[-0.409416,0.909263,-0.0749628],[0.0684494,0.112546,0.991286]],"s":1.28486,"t":[-124.896,112.988,-110.903],"timestamp":521104982126},false],[3,{"currentFrameRate":109.835,"devices":[],"gestures":[],"hands":[{"armBasis":[[0.886594,0.346861,-0.306003],[-0.12301,0.814547,0.566905],[0.445891,-0.464974,0.76484]],"armWidth":63.7005,"confidence":0.90039,"direction":[-0.126803,0.496324,-0.858827],"elbow":[178.529,170.094,295.591],"grabStrength":0,"id":362,"palmNormal":[0.131801,-0.849708,-0.510514],"palmPosition":[44.4071,317.367,40.9021],"palmVelocity":[-2.87549,-7.75176,-126.049],"palmWidth":90.9622,"pinchStrength":0.5904,"r":[[0.910916,0.398251,-0.107834],[-0.40709,0.910068,-0.077801],[0.0671523,0.114768,0.99112]],"s":1.28553,"sphereCenter":[47.394,289.727,2.68229],"sphereRadius":47.0632,"stabilizedPalmPosition":[58.3478,319.519,92.9732],"t":[-124.867,112.896,-111.859],"timeVisible":0.750095,"type":"right","wrist":[58.175,295.599,89.1468]}],"id":4087145,"interactionBox":{"center":[0,200,0],"size":[235.247,235.247,147.751]},"pointables":[{"bases":[[[0.25298,0.928449,0.271999],[-0.800676,0.0431077,0.597545],[0.543065,-0.36895,0.754292]],[[0.0197859,0.998767,-0.0455404],[-0.845706,0.0410144,0.53207],[0.533282,0.0279863,0.845475]],[[0.0197859,0.998767,-0.0455404],[-0.986987,0.0267822,0.158556],[0.15958,0.0418106,0.986299]],[[0.0197859,0.998767,-0.0455404],[-0.70429,-0.0184065,-0.709674],[-0.709636,0.0461152,0.703057]]],"btipPosition":[16.5648,275.755,-4.47912],"carpPosition":[32.0132,279.656,87.7793],"dipPosition":[-0.0381417,276.834,11.9699],"direction":[-0.15958,-0.0418106,-0.986299],"extended":false,"handId":362,"id":3620,"length":52.1005,"mcpPosition":[32.0132,279.656,87.7793],"pipPosition":[5.40118,278.259,45.5881],"stabilizedTipPosition":[21.9329,283.535,47.8215],"timeVisible":0.750095,"tipPosition":[12.4637,276.392,-1.00079],"tipVelocity":[-7.76747,-7.01783,-117.639],"tool":false,"touchDistance":-0.477699,"touchZone":"touching","type":0,"width":20.2438},{"bases":[[[0.947885,0.258737,-0.185927],[-0.173372,0.908455,0.38033],[0.267312,-0.328275,0.905969]],[[0.967878,0.228563,-0.104741],[-0.208536,0.962524,0.173378],[0.140443,-0.145966,0.97927]],[[0.967878,0.228563,-0.104741],[-0.226633,0.973514,0.0301338],[0.108854,-0.00542819,0.994043]],[[0.967878,0.228563,-0.104741],[-0.237036,0.968438,-0.0770798],[0.0838173,0.0994312,0.991508]]],"btipPosition":[6.25347,331.855,-61.4146],"carpPosition":[36.0073,303.009,88.2302],"dipPosition":[7.6851,333.553,-44.4793],"direction":[-0.108854,0.00542819,-0.994043],"extended":true,"handId":362,"id":3621,"length":58.7895,"mcpPosition":[16.3473,327.153,21.5987],"pipPosition":[10.3153,333.422,-20.4602],"stabilizedTipPosition":[14.2316,330.618,-1.19819],"timeVisible":0.750095,"tipPosition":[6.40979,331.069,-57.3662],"tipVelocity":[21.3274,1.18058,-136.465],"tool":false,"touchDistance":-0.502992,"touchZone":"hovering","type":1,"width":19.3369},{"bases":[[[0.99086,0.0533208,-0.123912],[-0.00471419,0.931692,0.363219],[0.134815,-0.359315,0.923427]],[[0.985807,0.0652851,-0.154668],[-0.163097,0.590806,-0.790156],[0.0397932,0.804168,0.593069]],[[0.985807,0.0652851,-0.154668],[-0.0667414,-0.692954,-0.717886],[-0.154045,0.71802,-0.678762]],[[0.985807,0.0652851,-0.154668],[0.0394648,-0.985591,-0.16448],[-0.163177,0.156042,-0.974179]]],"btipPosition":[43.2216,270.868,30.6932],"carpPosition":[47.0973,307.899,86.0798],"dipPosition":[40.1561,273.799,12.3921],"direction":[0.154045,-0.71802,0.678762],"extended":false,"handId":362,"id":3622,"length":66.986,"mcpPosition":[37.6944,332.96,21.6738],"pipPosition":[35.7769,294.211,-6.90359],"stabilizedTipPosition":[57.6748,274.362,80.2159],"timeVisible":0.750095,"tipPosition":[42.662,271.559,27.2446],"tipVelocity":[-17.7444,-11.21,-122.926],"tool":false,"touchDistance":0.333333,"touchZone":"none","type":2,"width":18.9914},{"bases":[[[0.997416,-0.0705242,-0.0136981],[0.0703903,0.921191,0.38269],[-0.0143703,-0.382665,0.923775]],[[0.997288,-0.0567192,-0.0469051],[-0.00577614,0.575007,-0.818128],[0.0733744,0.81618,0.573119]],[[0.997288,-0.0567192,-0.0469051],[-0.0733267,-0.71066,-0.699704],[0.00635313,0.701246,-0.712891]],[[0.997288,-0.0567192,-0.0469051],[-0.0629889,-0.987384,-0.14528],[-0.0380732,0.14784,-0.988278]]],"btipPosition":[57.2496,275.01,38.8904],"carpPosition":[59.0919,309.684,84.1351],"dipPosition":[56.5385,277.772,20.431],"direction":[-0.00635313,-0.701246,0.712891],"extended":false,"handId":362,"id":3623,"length":64.4088,"mcpPosition":[59.9918,333.647,26.2874],"pipPosition":[56.7144,297.192,0.688524],"stabilizedTipPosition":[71.8307,279.043,86.7505],"timeVisible":0.750095,"tipPosition":[57.1483,275.728,35.0002],"tipVelocity":[-15.7401,-11.8008,-91.1195],"tool":false,"touchDistance":0.333333,"touchZone":"none","type":3,"width":18.0715},{"bases":[[[0.963616,-0.265571,0.030269],[0.22312,0.861557,0.456001],[-0.147179,-0.432656,0.889465]],[[0.939943,-0.314113,0.133567],[0.29492,0.550373,-0.781097],[0.171841,0.773578,0.609957]],[[0.939943,-0.314113,0.133567],[-0.124007,-0.678828,-0.723751],[0.318009,0.663721,-0.677012]],[[0.939943,-0.314113,0.133567],[-0.28609,-0.938431,-0.193649],[0.186171,0.143806,-0.971936]]],"btipPosition":[65.0841,286.568,38.6906],"carpPosition":[72.0528,304.288,81.8262],"dipPosition":[68.2922,289.046,21.9427],"direction":[-0.318009,-0.663721,0.677012],"extended":false,"handId":362,"id":3624,"length":50.4953,"mcpPosition":[80.5844,329.368,30.2662],"pipPosition":[74.5101,302.024,8.7052],"stabilizedTipPosition":[78.8817,291.055,85.8778],"timeVisible":0.750095,"tipPosition":[65.6446,287.271,35.3465],"tipVelocity":[-9.97645,-17.9929,-123.561],"tool":false,"touchDistance":0.333333,"touchZone":"none","type":4,"width":16.0525}],"r":[[0.910916,0.398251,-0.107834],[-0.40709,0.910068,-0.077801],[0.0671523,0.114768,0.99112]],"s":1.28553,"t":[-124.867,112.896,-111.859],"timestamp":521104991056},false],[4,{"currentFrameRate":109.768,"devices":[],"gestures":[],"hands":[{"armBasis":[[0.889305,0.343692,-0.301682],[-0.123273,0.815424,0.565586],[0.440386,-0.46579,0.767528]],"armWidth":63.7005,"confidence":0.903535,"direction":[-0.125027,0.494689,-0.86003],"elbow":[176.985,169.81,295.78],"grabStrength":0,"id":362,"palmNormal":[0.13203,-0.850826,-0.508589],"palmPosition":[44.4447,317.216,40.2999],"palmVelocity":[-0.927604,-10.1675,-108.996],"palmWidth":90.9622,"pinchStrength":0.587882,"r":[[0.911915,0.396102,-0.107301],[-0.405068,0.91073,-0.0805699],[0.0658084,0.116937,0.990957]],"s":1.28688,"sphereCenter":[47.5157,289.552,2.17261],"sphereRadius":47.1053,"stabilizedPalmPosition":[58.3469,319.518,92.9697],"t":[-124.834,112.775,-112.639],"timeVisible":0.759325,"type":"right","wrist":[58.1172,295.535,88.6108]}],"id":4087146,"interactionBox":{"center":[0,200,0],"size":[235.247,235.247,147.751]},"pointables":[{"bases":[[[0.253201,0.928811,0.270553],[-0.80163,0.0448827,0.596134],[0.541553,-0.367825,0.755927]],[[0.0207705,0.998667,-0.0472588],[-0.846821,0.0427006,0.530161],[0.531472,0.0290081,0.846579]],[[0.0207705,0.998667,-0.0472588],[-0.987069,0.0279982,0.157831],[0.158944,0.0433695,0.986335]],[[0.0207705,0.998667,-0.0472588],[-0.706247,-0.0188017,-0.707715],[-0.70766,0.048076,0.704915]]],"btipPosition":[16.5636,275.557,-5.12616],"carpPosition":[31.9462,279.608,87.232],"dipPosition":[0.00685909,276.682,11.3663],"direction":[-0.158944,-0.0433695,-0.986335],"extended":false,"handId":362,"id":3620,"length":52.1005,"mcpPosition":[31.9462,279.608,87.232],"pipPosition":[5.42448,278.161,44.9857],"stabilizedTipPosition":[21.9324,283.534,47.8188],"timeVisible":0.759325,"tipPosition":[12.511,276.178,-1.59935],"tipVelocity":[-5.30286,-10.7434,-104.001],"tool":false,"touchDistance":-0.467818,"touchZone":"touching","type":0,"width":20.2438},{"bases":[[[0.948377,0.257682,-0.18488],[-0.173344,0.909342,0.378219],[0.265579,-0.326647,0.907067]],[[0.968383,0.227331,-0.102739],[-0.207847,0.962977,0.171684],[0.137964,-0.144902,0.97978]],[[0.968383,0.227331,-0.102739],[-0.225466,0.973802,0.0295708],[0.10677,-0.00547175,0.994269]],[[0.968383,0.227331,-0.102739],[-0.235581,0.968815,-0.0768088],[0.0820741,0.0985837,0.991738]]],"btipPosition":[6.51659,331.655,-62.1142],"carpPosition":[35.9564,302.96,87.6426],"dipPosition":[7.91844,333.339,-45.1749],"direction":[-0.10677,0.00547175,-0.994269],"extended":true,"handId":362,"id":3621,"length":58.7895,"mcpPosition":[16.4238,326.983,20.9305],"pipPosition":[10.4983,333.207,-21.1504],"stabilizedTipPosition":[14.2315,330.618,-1.19908],"timeVisible":0.759325,"tipPosition":[6.65755,330.885,-58.0687],"tipVelocity":[23.1332,-5.32543,-119.417],"tool":false,"touchDistance":-0.491506,"touchZone":"touching","type":1,"width":19.3369},{"bases":[[[0.991101,0.05236,-0.122382],[-0.00464135,0.932422,0.361341],[0.133032,-0.357557,0.924368]],[[0.986105,0.0642736,-0.153189],[-0.161392,0.589219,-0.79169],[0.0393769,0.805413,0.591405]],[[0.986105,0.0642736,-0.153189],[-0.0660385,-0.694472,-0.716483],[-0.152436,0.716643,-0.680577]],[[0.986105,0.0642736,-0.153189],[0.0390514,-0.985968,-0.162303],[-0.161471,0.154066,-0.974777]]],"btipPosition":[43.2444,270.699,30.1917],"carpPosition":[47.0535,307.837,85.5008],"dipPosition":[40.211,273.594,11.8793],"direction":[0.152436,-0.716643,0.680577],"extended":false,"handId":362,"id":3622,"length":66.986,"mcpPosition":[37.775,332.776,21.0292],"pipPosition":[35.8776,293.966,-7.46801],"stabilizedTipPosition":[57.6736,274.361,80.2117],"timeVisible":0.759325,"tipPosition":[42.6882,271.383,26.7268],"tipVelocity":[-11.8487,-13.4493,-103.766],"tool":false,"touchDistance":0.333333,"touchZone":"none","type":2,"width":18.9914},{"bases":[[[0.997386,-0.0712681,-0.0119087],[0.0704233,0.921907,0.380956],[-0.0161713,-0.380799,0.924516]],[[0.997335,-0.0577673,-0.0445707],[-0.00440429,0.562088,-0.827065],[0.0728301,0.825057,0.560336]],[[0.997335,-0.0577673,-0.0445707],[-0.0725777,-0.722752,-0.687286],[0.00748914,0.688689,-0.725018]],[[0.997335,-0.0577673,-0.0445707],[-0.0632079,-0.989193,-0.132294],[-0.0364468,0.134758,-0.990208]]],"btipPosition":[57.2855,275.014,39.224],"carpPosition":[59.0525,309.61,83.5723],"dipPosition":[56.6047,277.531,20.7287],"direction":[-0.00748914,-0.688689,0.725018],"extended":false,"handId":362,"id":3623,"length":64.4088,"mcpPosition":[60.0652,333.456,25.6783],"pipPosition":[56.8121,296.604,0.650343],"stabilizedTipPosition":[71.8291,279.042,86.7449],"timeVisible":0.759325,"tipPosition":[57.1733,275.639,34.9918],"tipVelocity":[-10.0222,-10.0778,-55.6702],"tool":false,"touchDistance":0.333333,"touchZone":"none","type":3,"width":18.0715},{"bases":[[[0.963373,-0.266202,0.0323938],[0.222989,0.862311,0.454639],[-0.148959,-0.430763,0.890087]],[[0.939812,-0.314033,0.134671],[0.295165,0.547574,-0.782969],[0.172136,0.775594,0.607309]],[[0.939812,-0.314033,0.134671],[-0.124197,-0.681122,-0.72156],[0.318321,0.661405,-0.679128]],[[0.939812,-0.314033,0.134671],[-0.286287,-0.93884,-0.19136],[0.186528,0.141288,-0.972237]]],"btipPosition":[65.1252,286.387,38.2643],"carpPosition":[72.0134,304.2,81.2957],"dipPosition":[68.3393,288.822,21.5111],"direction":[-0.318321,-0.661405,0.679128],"extended":false,"handId":362,"id":3624,"length":50.4953,"mcpPosition":[80.6482,329.17,29.6996],"pipPosition":[74.5634,301.754,8.23225],"stabilizedTipPosition":[78.8807,291.055,85.8739],"timeVisible":0.759325,"tipPosition":[65.6877,287.081,34.8677],"tipVelocity":[-5.88758,-18.7493,-101.895],"tool":false,"touchDistance":0.333333,"touchZone":"none","type":4,"width":16.0525}],"r":[[0.911915,0.396102,-0.107301],[-0.405068,0.91073,-0.0805699],[0.0658084,0.116937,0.990957]],"s":1.28688,"t":[-124.834,112.775,-112.639],"timestamp":521105000286},false],[5,{"currentFrameRate":109.885,"devices":[],"gestures":[],"hands":[{"armBasis":[[0.888816,0.344414,-0.302299],[-0.123538,0.815318,0.565681],[0.441299,-0.465441,0.767216]],"armWidth":63.7005,"confidence":0.904986,"direction":[-0.122422,0.496649,-0.859275],"elbow":[177.146,169.452,294.718],"grabStrength":0,"id":362,"palmNormal":[0.131909,-0.849964,-0.51006],"palmPosition":[44.497,316.883,39.3367],"palmVelocity":[0.92505,-17.5741,-108.81],"palmWidth":90.9622,"pinchStrength":0.583138,"r":[[0.912872,0.394162,-0.106306],[-0.403144,0.911403,-0.0825837],[0.0643361,0.118245,0.990898]],"s":1.28872,"sphereCenter":[47.6852,289.34,1.17501],"sphereRadius":47.1564,"stabilizedPalmPosition":[58.3462,319.518,92.967],"t":[-124.792,112.548,-113.51],"timeVisible":0.768217,"type":"right","wrist":[58.0321,295.082,87.6325]}],"id":4087147,"interactionBox":{"center":[0,200,0],"size":[235.247,235.247,147.751]},"pointables":[{"bases":[[[0.253956,0.92788,0.27303],[-0.802869,0.044818,0.594469],[0.539359,-0.370176,0.756347]],[[0.0220682,0.998721,-0.0454907],[-0.848248,0.0427871,0.527868],[0.529139,0.0269383,0.848108]],[[0.0220682,0.998721,-0.0454907],[-0.987037,0.029,0.157852],[0.158969,0.0414175,0.986414]],[[0.0220682,0.998721,-0.0454907],[-0.71002,-0.0163771,-0.703991],[-0.703835,0.0478351,0.708751]]],"btipPosition":[16.4845,275.321,-6.36348],"carpPosition":[31.841,279.197,86.1634],"dipPosition":[0.0172899,276.441,10.2188],"direction":[-0.158969,-0.0414175,-0.986414],"extended":false,"handId":362,"id":3620,"length":52.1005,"mcpPosition":[31.841,279.197,86.1634],"pipPosition":[5.43578,277.852,43.8409],"stabilizedTipPosition":[21.932,283.534,47.8168],"timeVisible":0.768217,"tipPosition":[12.5194,275.934,-2.76027],"tipVelocity":[-5.64898,-15.0767,-112.923],"tool":false,"touchDistance":-0.46762,"touchZone":"touching","type":0,"width":20.2438},{"bases":[[[0.949154,0.256681,-0.182269],[-0.172852,0.908809,0.379721],[0.263115,-0.328909,0.906967]],[[0.969086,0.22583,-0.0993585],[-0.206547,0.962856,0.173919],[0.134944,-0.14802,0.979735]],[[0.969086,0.22583,-0.0993585],[-0.223643,0.97412,0.0327743],[0.104189,-0.00954033,0.994512]],[[0.969086,0.22583,-0.0993585],[-0.233436,0.969632,-0.0729443],[0.0798682,0.0938832,0.992374]]],"btipPosition":[6.85548,331.716,-63.1331],"carpPosition":[35.8843,302.541,86.6312],"dipPosition":[8.21966,333.319,-46.1829],"direction":[-0.104189,0.00954033,-0.994512],"extended":true,"handId":362,"id":3621,"length":58.7895,"mcpPosition":[16.5329,326.732,19.9264],"pipPosition":[10.7372,333.089,-22.1525],"stabilizedTipPosition":[14.2313,330.618,-1.20002],"timeVisible":0.768217,"tipPosition":[6.9803,330.941,-59.0938],"tipVelocity":[26.9394,-2.58861,-118.028],"tool":false,"touchDistance":-0.485935,"touchZone":"touching","type":1,"width":19.3369},{"bases":[[[0.991442,0.0511684,-0.120103],[-0.00407874,0.931679,0.36326],[0.130485,-0.359662,0.923914]],[[0.986516,0.0631841,-0.150976],[-0.158903,0.590668,-0.791114],[0.0391907,0.804437,0.592743]],[[0.986516,0.0631841,-0.150976],[-0.0654028,-0.69342,-0.717559],[-0.150028,0.717758,-0.679938]],[[0.986516,0.0631841,-0.150976],[0.0380947,-0.985785,-0.163635],[-0.159169,0.155677,-0.9749]]],"btipPosition":[43.2589,270.401,29.1659],"carpPosition":[46.9931,307.407,84.5238],"dipPosition":[40.2687,273.326,10.8512],"direction":[0.150028,-0.717758,0.679938],"extended":false,"handId":362,"id":3622,"length":66.986,"mcpPosition":[37.8922,332.492,20.0838],"pipPosition":[36.0038,293.73,-8.4779],"stabilizedTipPosition":[57.6727,274.361,80.2084],"timeVisible":0.768217,"tipPosition":[42.7044,271.086,25.6665],"tipVelocity":[-7.88095,-18.6941,-106.933],"tool":false,"touchDistance":0.333333,"touchZone":"none","type":2,"width":18.9914},{"bases":[[[0.997305,-0.0726969,-0.00987261],[0.0709274,0.921014,0.383018],[-0.0187515,-0.382686,0.923688]],[[0.997352,-0.059295,-0.0421078],[-0.00204582,0.555894,-0.831251],[0.0726965,0.829136,0.5543]],[[0.997352,-0.059295,-0.0421078],[-0.0720746,-0.728621,-0.681115],[0.00970612,0.682346,-0.730965]],[[0.997352,-0.059295,-0.0421078],[-0.0642,-0.989857,-0.126732],[-0.0341661,0.129099,-0.991043]]],"btipPosition":[57.2954,274.788,38.7787],"carpPosition":[58.9989,309.166,82.6252],"dipPosition":[56.6573,277.2,20.2677],"direction":[-0.00970612,-0.682346,0.730965],"extended":false,"handId":362,"id":3623,"length":64.4088,"mcpPosition":[60.1731,333.13,24.7831],"pipPosition":[56.9261,296.096,0.0247221],"stabilizedTipPosition":[71.8276,279.042,86.7395],"timeVisible":0.768217,"tipPosition":[57.182,275.36,34.3382],"tipVelocity":[-6.69519,-14.9933,-54.2611],"tool":false,"touchDistance":0.333333,"touchZone":"none","type":3,"width":18.0715},{"bases":[[[0.962912,-0.267672,0.0339515],[0.223244,0.861043,0.456911],[-0.151536,-0.432385,0.888864]],[[0.939415,-0.315134,0.134873],[0.29596,0.54716,-0.782958],[0.17294,0.775439,0.607277]],[[0.939415,-0.315134,0.134873],[-0.124879,-0.681058,-0.721502],[0.319226,0.660947,-0.679149]],[[0.939415,-0.315134,0.134873],[-0.287193,-0.938388,-0.192217],[0.187138,0.141837,-0.97204]]],"btipPosition":[65.1614,286.028,37.4034],"carpPosition":[71.9568,303.742,80.3658],"dipPosition":[68.3861,288.472,20.6536],"direction":[-0.319226,-0.660947,0.679149],"extended":false,"handId":362,"id":3624,"length":50.4953,"mcpPosition":[80.741,328.806,28.8406],"pipPosition":[74.6279,301.396,7.37433],"stabilizedTipPosition":[78.8798,291.055,85.8704],"timeVisible":0.768217,"tipPosition":[65.7285,286.72,33.9399],"tipVelocity":[-3.106,-24.5499,-100.491],"tool":false,"touchDistance":0.333333,"touchZone":"none","type":4,"width":16.0525}],"r":[[0.912872,0.394162,-0.106306],[-0.403144,0.911403,-0.0825837],[0.0643361,0.118245,0.990898]],"s":1.28872,"t":[-124.792,112.548,-113.51],"timestamp":521105009178},false],[6,{"currentFrameRate":109.925,"devices":[],"gestures":[],"hands":[{"armBasis":[[0.887808,0.352742,-0.295583],[-0.136092,0.814778,0.563574],[0.439631,-0.460119,0.771372]],"armWidth":63.7005,"confidence":0.906932,"direction":[-0.121949,0.499242,-0.857838],"elbow":[176.445,170.017,293.99],"grabStrength":0,"id":362,"palmNormal":[0.143679,-0.846305,-0.512956],"palmPosition":[44.3342,316.091,37.4982],"palmVelocity":[-4.29473,-36.8805,-134.928],"palmWidth":90.9622,"pinchStrength":0.574727,"r":[[0.912978,0.394534,-0.10399],[-0.403323,0.911203,-0.0839032],[0.0616537,0.118543,0.991033]],"s":1.29085,"sphereCenter":[48.1632,288.78,-0.78399],"sphereRadius":47.2251,"stabilizedPalmPosition":[58.3455,319.518,92.9641],"t":[-124.852,112.038,-114.865],"timeVisible":0.777243,"type":"right","wrist":[57.7808,294.211,85.7827]}],"id":4087148,"interactionBox":{"center":[0,200,0],"size":[235.247,235.247,147.751]},"pointables":[{"bases":[[[0.24288,0.929145,0.278744],[-0.807037,0.0341059,0.589516],[0.538239,-0.368139,0.758138]],[[0.0121425,0.999078,-0.041178],[-0.851847,0.0319015,0.522818],[0.523649,0.0287291,0.851449]],[[0.0121425,0.999078,-0.041178],[-0.987569,0.0184364,0.1561],[0.156716,0.0387707,0.986882]],[[0.0121425,0.999078,-0.041178],[-0.713906,-0.0201726,-0.699951],[-0.700137,0.0378963,0.713002]]],"btipPosition":[16.6682,274.429,-8.73303],"carpPosition":[31.7605,278.071,84.0761],"dipPosition":[0.287525,275.315,7.94869],"direction":[-0.156716,-0.0387707,-0.986883],"extended":false,"handId":362,"id":3620,"length":52.1005,"mcpPosition":[31.7605,278.071,84.0761],"pipPosition":[5.62921,276.637,41.5868],"stabilizedTipPosition":[21.9317,283.534,47.8146],"timeVisible":0.777243,"tipPosition":[12.848,274.966,-5.03824],"tipVelocity":[2.11488,-39.7817,-153.404],"tool":false,"touchDistance":-0.484391,"touchZone":"touching","type":0,"width":20.2438},{"bases":[[[0.947665,0.266994,-0.175061],[-0.184383,0.905321,0.382619],[0.260643,-0.330316,0.907169]],[[0.967539,0.235647,-0.0913127],[-0.21697,0.959818,0.177973],[0.129582,-0.152383,0.97979]],[[0.967539,0.235647,-0.0913127],[-0.233086,0.971717,0.0379187],[0.0976655,-0.0154042,0.9951]],[[0.967539,0.235647,-0.0913127],[-0.242075,0.967936,-0.0670857],[0.0725763,0.0870125,0.99356]]],"btipPosition":[7.23135,331.177,-65.1432],"carpPosition":[35.5659,301.452,84.6728],"dipPosition":[8.47099,332.663,-48.1728],"direction":[-0.0976655,0.0154042,-0.9951],"extended":true,"handId":362,"id":3621,"length":58.7895,"mcpPosition":[16.3963,325.746,17.9531],"pipPosition":[10.8309,332.291,-24.1282],"stabilizedTipPosition":[14.2312,330.618,-1.20112],"timeVisible":0.777243,"tipPosition":[7.33628,330.38,-61.1129],"tipVelocity":[30.1132,-19.1395,-146.698],"tool":false,"touchDistance":-0.495756,"touchZone":"touching","type":1,"width":19.3369},{"bases":[[[0.99162,0.0616387,-0.113534],[-0.0157475,0.929954,0.367339],[0.128224,-0.362472,0.923132]],[[0.986755,0.0737753,-0.144468],[-0.159908,0.592079,-0.789856],[0.0272647,0.802496,0.596034]],[[0.986755,0.0737753,-0.144468],[-0.0537862,-0.691412,-0.720456],[-0.153039,0.718684,-0.678286]],[[0.986755,0.0737753,-0.144468],[0.0491621,-0.984718,-0.167075],[-0.154586,0.157759,-0.975303]]],"btipPosition":[43.6361,269.657,27.1567],"carpPosition":[46.6384,306.439,82.658],"dipPosition":[40.732,272.621,8.83438],"direction":[0.153039,-0.718684,0.678286],"extended":false,"handId":362,"id":3622,"length":66.986,"mcpPosition":[37.6952,331.72,18.2726],"pipPosition":[36.3815,293.051,-10.4477],"stabilizedTipPosition":[57.6718,274.361,80.205],"timeVisible":0.777243,"tipPosition":[43.0898,270.345,23.6187],"tipVelocity":[6.39486,-35.9771,-138.825],"tool":false,"touchDistance":0.333333,"touchZone":"none","type":2,"width":18.9914},{"bases":[[[0.998028,-0.0626544,-0.00381683],[0.059235,0.919953,0.387529],[-0.0207691,-0.38699,0.92185]],[[0.998146,-0.0491298,-0.0359407],[-0.00230529,0.559493,-0.828832],[0.060829,0.827378,0.558342]],[[0.998146,-0.0491298,-0.0359407],[-0.060407,-0.726547,-0.684456],[0.00751456,0.685358,-0.728168]],[[0.998146,-0.0491298,-0.0359407],[-0.0534414,-0.989948,-0.130948],[-0.029146,0.132626,-0.990738]]],"btipPosition":[57.5576,274.147,36.8489],"carpPosition":[58.6378,308.326,80.844],"dipPosition":[57.0132,276.624,18.3436],"direction":[-0.00751456,-0.685358,0.728168],"extended":false,"handId":362,"id":3623,"length":64.4088,"mcpPosition":[59.9383,332.56,23.117],"pipPosition":[57.2213,295.604,-1.82194],"stabilizedTipPosition":[71.8261,279.042,86.7337],"timeVisible":0.777243,"tipPosition":[57.4659,274.729,32.4105],"tipVelocity":[3.80152,-29.9554,-98.137],"tool":false,"touchDistance":0.333333,"touchZone":"none","type":3,"width":18.0715},{"bases":[[[0.965318,-0.258159,0.0389248],[0.211675,0.86118,0.462128],[-0.152824,-0.437861,0.885959]],[[0.942252,-0.305381,0.137489],[0.292435,0.55015,-0.782187],[0.163226,0.777224,0.607684]],[[0.942252,-0.305381,0.137489],[-0.116121,-0.68297,-0.721157],[0.314129,0.663546,-0.678991]],[[0.942252,-0.305381,0.137489],[-0.276809,-0.941231,-0.193547],[0.188515,0.144312,-0.971409]]],"btipPosition":[65.3622,285.49,35.8212],"carpPosition":[71.6636,303.042,78.6436],"dipPosition":[68.6106,287.976,19.0823],"direction":[-0.314129,-0.663546,0.678991],"extended":false,"handId":362,"id":3624,"length":50.4953,"mcpPosition":[80.5224,328.424,27.2868],"pipPosition":[74.7527,300.951,5.8061],"stabilizedTipPosition":[78.8789,291.054,85.8667],"timeVisible":0.777243,"tipPosition":[65.9354,286.174,32.2363],"tipVelocity":[4.03748,-33.9227,-121.004],"tool":false,"touchDistance":0.333333,"touchZone":"none","type