{"sensorType":"Leap","data":[[0,{"currentFrameRate":109.771,"devices":[],"gestures":[],"hands":[{"armBasis":[[0.90032,0.317972,-0.297182],[-0.109289,0.826109,0.55281],[0.421283,-0.465228,0.778514]],"armWidth":63.7005,"confidence":0.543577,"direction":[-0.157257,0.670986,-0.724602],"elbow":[167.857,144.471,289.818],"grabStrength":0,"id":353,"palmNormal":[0.0836402,-0.722046,-0.68677],"palmPosition":[38.519,301.863,38.0389],"palmVelocity":[-31.339,-70.38,-210.137],"palmWidth":90.9622,"pinchStrength":0.558346,"r":[[0.985858,0.116245,0.120712],[-0.132569,0.981602,0.137415],[-0.102517,-0.151474,0.983131]],"s":1.15693,"sphereCenter":[42.9773,276.634,-11.2057],"sphereRadius":50.7782,"stabilizedPalmPosition":[65.7343,322.989,129.776],"t":[-103.383,58.6764,-129.442],"timeVisible":0.777233,"type":"right","wrist":[54.1456,270.044,79.6838]}],"id":4083550,"interactionBox":{"center":[0,200,0],"size":[235.247,235.247,147.751]},"pointables":[{"bases":[[[0.290467,0.844595,0.449765],[-0.767958,-0.0746453,0.636136],[0.57085,-0.530177,0.626932]],[[0.00852991,0.991906,0.12669],[-0.787333,-0.0714439,0.612375],[0.61647,-0.10497,0.78035]],[[0.00852991,0.991906,0.12669],[-0.935751,-0.0367508,0.350741],[0.352558,-0.121542,0.927863]],[[0.00852991,0.991906,0.12669],[-0.925526,0.0557979,-0.37455],[-0.378587,-0.11406,0.918511]]],"btipPosition":[-6.3797,267.197,-15.6732],"carpPosition":[27.543,255.148,76.3844],"dipPosition":[-15.2373,264.529,5.81667],"direction":[-0.352558,0.121542,-0.927863],"extended":false,"handId":353,"id":3530,"length":52.1005,"mcpPosition":[27.543,255.148,76.3844],"pipPosition":[-3.22029,260.386,37.4431],"stabilizedTipPosition":[12.785,295.433,84.4488],"timeVisible":0.777233,"tipPosition":[-8.60627,267.564,-10.6714],"tipVelocity":[-8.03269,-69.5901,-234.161],"tool":false,"touchDistance":-0.633014,"touchZone":"hovering","type":0,"width":20.2438},{"bases":[[[0.943636,0.278871,-0.178272],[-0.13022,0.80798,0.574641],[0.304291,-0.519037,0.798754]],[[0.950774,0.266136,-0.158748],[-0.209736,0.929764,0.302571],[0.228124,-0.254381,0.939814]],[[0.950774,0.266136,-0.158748],[-0.254908,0.962979,0.0877093],[0.176214,-0.0429255,0.983415]],[[0.950774,0.266136,-0.158748],[-0.279759,0.957491,-0.0703297],[0.133283,0.111279,0.984811]]],"btipPosition":[-6.55209,326.035,-58.0989],"carpPosition":[32.1598,277.799,81.5947],"dipPosition":[-4.27557,327.935,-41.2779],"direction":[-0.176214,0.0429255,-0.983415],"extended":true,"handId":353,"id":3531,"length":58.7895,"mcpPosition":[9.78005,315.973,22.8487],"pipPosition":[-0.0177027,326.898,-17.5156],"stabilizedTipPosition":[10.4653,340.269,43.5054],"timeVisible":0.777233,"tipPosition":[-5.74785,325.045,-54.0162],"tipVelocity":[14.2795,-20.3228,-232.977],"tool":false,"touchDistance":-0.670377,"touchZone":"hovering","type":1,"width":19.3369},{"bases":[[[0.984352,0.0643295,-0.164051],[0.0379003,0.831903,0.553626],[0.172089,-0.55118,0.816447]],[[0.971974,0.0979444,-0.213715],[-0.188841,0.866745,-0.46162],[0.140023,0.489041,0.860949]],[[0.971974,0.0979444,-0.213715],[-0.234608,0.462274,-0.855138],[0.015039,0.881311,0.472297]],[[0.971974,0.0979444,-0.213715],[-0.228803,0.185287,-0.955677],[-0.0540045,0.977791,0.202504]]],"btipPosition":[25.087,254.331,-35.7291],"carpPosition":[43.2498,282.875,79.9314],"dipPosition":[24.0725,272.7,-31.9248],"direction":[-0.015039,-0.881311,-0.472297],"extended":false,"handId":353,"id":3532,"length":66.986,"mcpPosition":[31.2471,321.318,22.9869],"pipPosition":[24.5,297.754,-18.4985],"stabilizedTipPosition":[36.4598,285.435,40.5937],"timeVisible":0.777233,"tipPosition":[24.532,259.153,-35.7068],"tipVelocity":[-1.52986,-70.0863,-212.175],"tool":false,"touchDistance":-0.619872,"touchZone":"hovering","type":2,"width":18.9914},{"bases":[[[0.993271,-0.080379,-0.0833812],[0.113597,0.816379,0.566235],[0.0225572,-0.571896,0.820016]],[[0.987249,-0.0287845,-0.15656],[-0.0437457,0.896589,-0.440698],[0.153056,0.441927,0.883897]],[[0.987249,-0.0287845,-0.15656],[-0.119027,0.519573,-0.846095],[0.105699,0.853941,0.509522]],[[0.987249,-0.0287845,-0.15656],[-0.144614,0.248881,-0.957677],[0.0665312,0.968106,0.241545]]],"btipPosition":[42.7538,259.205,-31.6971],"carpPosition":[55.1726,284.862,77.7552],"dipPosition":[43.9965,277.287,-27.1855],"direction":[-0.105699,-0.853941,-0.509522],"extended":false,"handId":353,"id":3533,"length":64.4088,"mcpPosition":[53.76,320.675,26.4051],"pipPosition":[46.9236,300.936,-13.075],"stabilizedTipPosition":[56.0187,291.617,43.1731],"timeVisible":0.777233,"tipPosition":[42.8638,264.031,-31.5159],"tipVelocity":[-2.8792,-71.2773,-202.695],"tool":false,"touchDistance":-0.605217,"touchZone":"hovering","type":3,"width":18.0715},{"bases":[[[0.956691,-0.279807,-0.0803174],[0.268248,0.740184,0.61658],[-0.113073,-0.611421,0.783185]],[[0.947872,-0.317065,-0.0317532],[0.256723,0.818887,-0.51334],[0.188764,0.478429,0.857598]],[[0.947872,-0.317065,-0.0317532],[0.0761457,0.32214,-0.943625],[0.309419,0.892018,0.329491]],[[0.947872,-0.317065,-0.0317532],[-0.0304599,0.00903636,-0.999495],[0.317192,0.948361,-0.00109244]]],"btipPosition":[56.2217,264.649,-8.50147],"carpPosition":[67.8553,279.901,73.6362],"dipPosition":[61.6874,280.991,-8.52029],"direction":[-0.309419,-0.892018,-0.329491],"extended":false,"handId":353,"id":3534,"length":50.4953,"mcpPosition":[74.4099,315.344,28.2369],"pipPosition":[67.7374,298.432,-2.07781],"stabilizedTipPosition":[71.5314,283.941,62.6394],"timeVisible":0.777233,"tipPosition":[57.6745,268.629,-6.32632],"tipVelocity":[-10.1201,-33.8292,-364.883],"tool":false,"touchDistance":-0.0971302,"touchZone":"hovering","type":4,"width":16.0525}],"r":[[0.985858,0.116245,0.120712],[-0.132569,0.981602,0.137415],[-0.102517,-0.151474,0.983131]],"s":1.15693,"t":[-103.383,58.6764,-129.442],"timestamp":521064158340},false],[1,{"currentFrameRate":109.878,"devices":[],"gestures":[],"hands":[{"armBasis":[[0.89471,0.322995,-0.308493],[-0.105953,0.824455,0.555921],[0.433899,-0.464702,0.77187]],"armWidth":63.7005,"confidence":0.570875,"direction":[-0.1556,0.674576,-0.721621],"elbow":[171.369,143.517,286.58],"grabStrength":0,"id":353,"palmNormal":[0.0804628,-0.719436,-0.689883],"palmPosition":[38.6977,300.997,36.7433],"palmVelocity":[-17.3457,-77.6734,-192.514],"palmWidth":90.9622,"pinchStrength":0.558874,"r":[[0.985702,0.113813,0.124249],[-0.130689,0.981854,0.137413],[-0.106356,-0.151686,0.98269]],"s":1.1548,"sphereCenter":[43.0078,275.944,-12.614],"sphereRadius":50.7901,"stabilizedPalmPosition":[65.72,322.977,129.727],"t":[-103.398,57.9454,-130.845],"timeVisible":0.786143,"type":"right","wrist":[54.2527,268.949,78.2389]}],"id":4083551,"interactionBox":{"center":[0,200,0],"size":[235.247,235.247,147.751]},"pointables":[{"bases":[[[0.293845,0.841674,0.453034],[-0.767609,-0.0746418,0.636557],[0.569589,-0.534802,0.624144]],[[0.0121094,0.991329,0.130844],[-0.787073,-0.0712591,0.61273],[0.616741,-0.110404,0.779386]],[[0.0121094,0.991329,0.130844],[-0.935604,-0.0349414,0.351319],[0.352844,-0.126673,0.927068]],[[0.0121094,0.991329,0.130844],[-0.925572,0.0606283,-0.373684],[-0.378377,-0.116581,0.918281]]],"btipPosition":[-6.35588,266.714,-17.0745],"carpPosition":[27.595,254.16,74.9025],"dipPosition":[-15.2086,263.987,4.41003],"direction":[-0.352844,0.126673,-0.927068],"extended":false,"handId":353,"id":3530,"length":52.1005,"mcpPosition":[27.595,254.16,74.9025],"pipPosition":[-3.1818,259.669,36.0093],"stabilizedTipPosition":[12.7747,295.419,84.4016],"timeVisible":0.786143,"tipPosition":[-8.58053,267.05,-12.069],"tipVelocity":[-5.0834,-65.8233,-213.265],"tool":false,"touchDistance":-0.619083,"touchZone":"hovering","type":0,"width":20.2438},{"bases":[[[0.944435,0.276324,-0.178009],[-0.126848,0.806002,0.578161],[0.303235,-0.523455,0.796268]],[[0.951698,0.263195,-0.158113],[-0.206044,0.929256,0.306641],[0.227634,-0.259252,0.938601]],[[0.951698,0.263195,-0.158113],[-0.25077,0.963439,0.0943339],[0.177161,-0.0501274,0.982905]],[[0.951698,0.263195,-0.158113],[-0.275591,0.959273,-0.0620018],[0.135355,0.102581,0.985473]]],"btipPosition":[-6.37553,325.865,-59.254],"carpPosition":[32.2959,276.772,80.2036],"dipPosition":[-4.06361,327.617,-42.4218],"direction":[-0.177161,0.0501274,-0.982905],"extended":true,"handId":353,"id":3531,"length":58.7895,"mcpPosition":[9.99383,315.271,21.6404],"pipPosition":[0.217119,326.406,-18.6719],"stabilizedTipPosition":[10.4651,340.269,43.5039],"timeVisible":0.786143,"tipPosition":[-5.58453,324.868,-55.1828],"tipVelocity":[16.0355,-21.0264,-204.766],"tool":false,"touchDistance":-0.648961,"touchZone":"hovering","type":1,"width":19.3369},{"bases":[[[0.984414,0.0615829,-0.16473],[0.0413342,0.829427,0.557084],[0.170938,-0.555211,0.813954]],[[0.972135,0.0953802,-0.214139],[-0.186138,0.869352,-0.457798],[0.142497,0.484901,0.862882]],[[0.972135,0.0953802,-0.214139],[-0.233694,0.46617,-0.853272],[0.0184398,0.879539,0.47547]],[[0.972135,0.0953802,-0.214139],[-0.228903,0.189215,-0.954883],[-0.0505587,0.977292,0.205775]]],"btipPosition":[25.0388,253.813,-37.1805],"carpPosition":[43.402,281.817,78.551],"dipPosition":[24.089,272.173,-33.3147],"direction":[-0.0184398,-0.879539,-0.47547],"extended":false,"handId":353,"id":3532,"length":66.986,"mcpPosition":[31.4796,320.541,21.7804],"pipPosition":[24.6132,297.176,-19.7982],"stabilizedTipPosition":[36.4515,285.416,40.5391],"timeVisible":0.786143,"tipPosition":[24.5045,258.627,-37.1306],"tipVelocity":[-2.12978,-66.9007,-198.326],"tool":false,"touchDistance":-0.607777,"touchZone":"hovering","type":2,"width":18.9914},{"bases":[[[0.992904,-0.0834943,-0.084678],[0.116989,0.813585,0.569555],[0.0213383,-0.575419,0.81758]],[[0.98699,-0.0315538,-0.157658],[-0.0408488,0.899171,-0.435688],[0.155509,0.436459,0.886183]],[[0.98699,-0.0315538,-0.157658],[-0.118003,0.523873,-0.843583],[0.109211,0.851212,0.513334]],[[0.98699,-0.0315538,-0.157658],[-0.144705,0.253107,-0.956555],[0.0700873,0.966924,0.245248]]],"btipPosition":[42.7138,258.676,-33.205],"carpPosition":[55.3295,283.772,76.3716],"dipPosition":[44.0229,276.737,-28.6242],"direction":[-0.109211,-0.851212,-0.513334],"extended":false,"handId":353,"id":3533,"length":64.4088,"mcpPosition":[53.9933,319.805,25.1741],"pipPosition":[47.0474,300.31,-14.4081],"stabilizedTipPosition":[56.0032,291.583,43.0832],"timeVisible":0.786143,"tipPosition":[42.8488,263.454,-32.9598],"tipVelocity":[-2.84931,-68.1721,-193.099],"tool":false,"touchDistance":-0.595408,"touchZone":"hovering","type":3,"width":18.0715},{"bases":[[[0.95563,-0.282804,-0.082418],[0.27142,0.73664,0.619429],[-0.114465,-0.614315,0.780714]],[[0.947088,-0.318989,-0.035643],[0.258804,0.824606,-0.503037],[0.189855,0.467196,0.86353]],[[0.947088,-0.318989,-0.035643],[0.0815629,0.346578,-0.934469],[0.310438,0.882117,0.354257]],[[0.947088,-0.318989,-0.035643],[-0.0239863,0.0403978,-0.998896],[0.320077,0.946897,0.0306089]]],"btipPosition":[56.3298,264.315,-11.0151],"carpPosition":[67.991,278.783,72.2195],"dipPosition":[61.8452,280.631,-10.4876],"direction":[-0.310438,-0.882117,-0.354257],"extended":false,"handId":353,"id":3534,"length":50.4953,"mcpPosition":[74.6262,314.394,26.9635],"pipPosition":[67.9151,297.879,-3.56092],"stabilizedTipPosition":[71.5314,283.941,62.6394],"timeVisible":0.786143,"tipPosition":[57.7337,268.136,-8.75162],"tipVelocity":[-3.7119,-35.0056,-338.509],"tool":false,"touchDistance":-0.13693,"touchZone":"hovering","type":4,"width":16.0525}],"r":[[0.985702,0.113813,0.124249],[-0.130689,0.981854,0.137413],[-0.106356,-0.151686,0.98269]],"s":1.1548,"t":[-103.398,57.9454,-130.845],"timestamp":521064167250},false],[2,{"currentFrameRate":109.903,"devices":[],"gestures":[],"hands":[{"armBasis":[[0.896907,0.317209,-0.308117],[-0.103868,0.828372,0.550464],[0.429848,-0.461712,0.775921]],"armWidth":63.7005,"confidence":0.598984,"direction":[-0.153952,0.679557,-0.717287],"elbow":[170.427,143.389,286.682],"grabStrength":0,"id":353,"palmNormal":[0.0768419,-0.715509,-0.694365],"palmPosition":[38.9182,300.373,35.968],"palmVelocity":[-5.83903,-75.2651,-163.017],"palmWidth":90.9622,"pinchStrength":0.559259,"r":[[0.985681,0.110965,0.126961],[-0.128407,0.981982,0.138649],[-0.109288,-0.152967,0.98217]],"s":1.15308,"sphereCenter":[43.0938,275.59,-13.5594],"sphereRadius":50.812,"stabilizedPalmPosition":[65.7039,322.964,129.671],"t":[-103.295,57.2678,-131.935],"timeVisible":0.795197,"type":"right","wrist":[54.4039,268.013,77.247]}],"id":4083552,"interactionBox":{"center":[0,200,0],"size":[235.247,235.247,147.751]},"pointables":[{"bases":[[[0.297625,0.837769,0.45778],[-0.767074,-0.0756112,0.637087],[0.568345,-0.540764,0.620127]],[[0.0160393,0.99046,0.136862],[-0.786652,-0.0719914,0.613185],[0.617189,-0.117498,0.777993]],[[0.0160393,0.99046,0.136862],[-0.935299,-0.0335304,0.352267],[0.353495,-0.133657,0.925838]],[[0.0160393,0.99046,0.136862],[-0.925812,0.0664101,-0.372105],[-0.377645,-0.12074,0.918045]]],"btipPosition":[-6.32665,266.59,-18.005],"carpPosition":[27.6859,253.346,73.855],"dipPosition":[-15.1622,263.765,3.47397],"direction":[-0.353495,0.133657,-0.925838],"extended":false,"handId":353,"id":3530,"length":52.1005,"mcpPosition":[27.6859,253.346,73.855],"pipPosition":[-3.11324,259.209,35.0313],"stabilizedTipPosition":[12.7658,295.406,84.3604],"timeVisible":0.795197,"tipPosition":[-8.54401,266.89,-12.9935],"tipVelocity":[-2.66928,-52.1349,-182.811],"tool":false,"touchDistance":-0.599486,"touchZone":"hovering","type":0,"width":20.2438},{"bases":[[[0.945253,0.273815,-0.177547],[-0.12304,0.802932,0.583233],[0.302256,-0.529457,0.792664]],[[0.952643,0.260244,-0.157305],[-0.20196,0.928192,0.312524],[0.227342,-0.265954,0.936795]],[[0.952643,0.260244,-0.157305],[-0.246423,0.963769,0.102107],[0.178178,-0.0585076,0.982257]],[[0.952643,0.260244,-0.157305],[-0.271295,0.961034,-0.0530416],[0.137371,0.0932056,0.986125]]],"btipPosition":[-6.16625,326.092,-59.8226],"carpPosition":[32.4796,275.908,79.2879],"dipPosition":[-3.81989,327.684,-42.9792],"direction":[-0.178178,0.0585076,-0.982257],"extended":true,"handId":353,"id":3531,"length":58.7895,"mcpPosition":[10.2496,314.848,20.9898],"pipPosition":[0.485426,326.27,-19.2449],"stabilizedTipPosition":[10.4649,340.269,43.5027],"timeVisible":0.795197,"tipPosition":[-5.38983,325.085,-55.7634],"tipVelocity":[18.2307,-9.42074,-165.507],"tool":false,"touchDistance":-0.620888,"touchZone":"hovering","type":1,"width":19.3369},{"bases":[[[0.984431,0.0588469,-0.165631],[0.0452033,0.825846,0.562082],[0.169862,-0.560817,0.810327]],[[0.972244,0.0929261,-0.214722],[-0.183307,0.87285,-0.452252],[0.145394,0.479059,0.865657]],[[0.972244,0.0929261,-0.214722],[-0.232905,0.471774,-0.850403],[0.0222756,0.876809,0.480322]],[[0.972244,0.0929261,-0.214722],[-0.229254,0.195076,-0.953618],[-0.046729,0.976376,0.210965]]],"btipPosition":[24.9941,253.683,-38.196],"carpPosition":[43.6027,280.92,77.6516],"dipPosition":[24.1162,272.026,-34.2328],"direction":[-0.0222756,-0.876809,-0.480322],"extended":false,"handId":353,"id":3532,"length":66.986,"mcpPosition":[31.7554,320.035,21.134],"pipPosition":[24.7495,296.951,-20.5783],"stabilizedTipPosition":[36.4444,285.399,40.4915],"timeVisible":0.795197,"tipPosition":[24.4818,258.489,-38.1092],"tipVelocity":[-2.40178,-52.5098,-173.864],"tool":false,"touchDistance":-0.590229,"touchZone":"hovering","type":2,"width":18.9914},{"bases":[[[0.99247,-0.0867477,-0.0864768],[0.120813,0.809641,0.574357],[0.020191,-0.580479,0.814025]],[[0.986633,-0.0341963,-0.159328],[-0.0377589,0.90315,-0.427662],[0.158522,0.427962,0.889786]],[[0.986633,-0.0341963,-0.159328],[-0.117123,0.53099,-0.839245],[0.113301,0.846688,0.519887]],[[0.986633,-0.0341963,-0.159328],[-0.145123,0.260352,-0.954545],[0.0741233,0.964908,0.251909]]],"btipPosition":[42.6678,258.607,-34.352],"carpPosition":[55.5349,282.843,75.4688],"dipPosition":[44.0523,276.63,-29.6468],"direction":[-0.113301,-0.846688,-0.519887],"extended":false,"handId":353,"id":3533,"length":64.4088,"mcpPosition":[54.2705,319.193,24.4939],"pipPosition":[47.19,300.077,-15.2493],"stabilizedTipPosition":[55.9903,291.554,43.0074],"timeVisible":0.795197,"tipPosition":[42.8372,263.291,-33.9852],"tipVelocity":[-2.93756,-51.7471,-173.899],"tool":false,"touchDistance":-0.580977,"touchZone":"hovering","type":3,"width":18.0715},{"bases":[[[0.95444,-0.285925,-0.0853847],[0.275013,0.731806,0.62356],[-0.115806,-0.618633,0.777099]],[[0.946109,-0.321354,-0.0401306],[0.260602,0.829033,-0.494764],[0.192264,0.457642,0.8681]],[[0.946109,-0.321354,-0.0401306],[0.0838916,0.362883,-0.928051],[0.312795,0.87467,0.370286]],[[0.946109,-0.321354,-0.0401306],[-0.0216157,0.0609786,-0.997905],[0.323128,0.944994,0.0507461]]],"btipPosition":[56.4046,264.129,-12.5771],"carpPosition":[68.1719,277.832,71.2698],"dipPosition":[61.9726,280.413,-11.7027],"direction":[-0.312795,-0.87467,-0.370286],"extended":false,"handId":353,"id":3534,"length":50.4953,"mcpPosition":[74.8849,313.692,26.2234],"pipPosition":[68.0887,297.515,-4.46257],"stabilizedTipPosition":[71.5234,283.932,62.596],"timeVisible":0.795197,"tipPosition":[57.7893,267.858,-10.3121],"tipVelocity":[-0.0369598,-31.2225,-290.269],"tool":false,"touchDistance":-0.161634,"touchZone":"hovering","type":4,"width":16.0525}],"r":[[0.985681,0.110965,0.126961],[-0.128407,0.981982,0.138649],[-0.109288,-0.152967,0.98217]],"s":1.15308,"t":[-103.295,57.2678,-131.935],"timestamp":521064176304},false],[3,{"currentFrameRate":109.938,"devices":[],"gestures":[],"hands":[{"armBasis":[[0.901559,0.309179,-0.302655],[-0.102623,0.832377,0.544625],[0.42031,-0.459952,0.782166]],"armWidth":63.7005,"confidence":0.625061,"direction":[-0.150923,0.682639,-0.715001],"elbow":[167.787,143.169,287.349],"grabStrength":0,"id":353,"palmNormal":[0.0747234,-0.713338,-0.696825],"palmPosition":[39.0013,299.88,35.0532],"palmVelocity":[-1.69503,-69.5649,-146.007],"palmWidth":90.9622,"pinchStrength":0.55947,"r":[[0.985715,0.107868,0.129348],[-0.125882,0.982072,0.140316],[-0.111893,-0.154594,0.981621]],"s":1.15201,"sphereCenter":[43.1485,275.271,-14.557],"sphereRadius":50.8119,"stabilizedPalmPosition":[65.6862,322.948,129.608],"t":[-103.202,56.6825,-132.937],"timeVisible":0.804231,"type":"right","wrist":[54.3376,267.318,76.2291]}],"id":4083553,"interactionBox":{"center":[0,200,0],"size":[235.247,235.247,147.751]},"pointables":[{"bases":[[[0.300366,0.835052,0.460943],[-0.767817,-0.0750304,0.636261],[0.565896,-0.545031,0.618631]],[[0.0195789,0.989907,0.140361],[-0.787438,-0.0712397,0.612264],[0.616083,-0.122513,0.778095]],[[0.0195789,0.989907,0.140361],[-0.935666,-0.0313328,0.351493],[0.352343,-0.138213,0.925609]],[[0.0195789,0.989907,0.140361],[-0.925367,0.0710979,-0.372345],[-0.378566,-0.122595,0.917419]]],"btipPosition":[-6.32828,266.454,-19.0765],"carpPosition":[27.5683,252.761,72.7662],"dipPosition":[-15.1854,263.586,2.38783],"direction":[-0.352343,0.138213,-0.925609],"extended":false,"handId":353,"id":3530,"length":52.1005,"mcpPosition":[27.5683,252.761,72.7662],"pipPosition":[-3.17569,258.875,33.9374],"stabilizedTipPosition":[12.7584,295.396,84.3262],"timeVisible":0.804231,"tipPosition":[-8.54549,266.736,-14.0639],"tipVelocity":[-2.13499,-42.2094,-165.228],"tool":false,"touchDistance":-0.583993,"touchZone":"hovering","type":0,"width":20.2438},{"bases":[[[0.946384,0.270959,-0.175896],[-0.120518,0.801322,0.585968],[0.299722,-0.533352,0.791013]],[[0.953842,0.25703,-0.155313],[-0.19865,0.927877,0.315566],[0.225221,-0.270147,0.936107]],[[0.953842,0.25703,-0.155313],[-0.242453,0.964269,0.106779],[0.177209,-0.0641946,0.982077]],[[0.953842,0.25703,-0.155313],[-0.267065,0.962518,-0.0472722],[0.137341,0.0865689,0.986734]]],"btipPosition":[-5.90363,326.188,-60.6836],"carpPosition":[32.4409,275.286,78.282],"dipPosition":[-3.55779,327.666,-43.8298],"direction":[-0.177209,0.0641946,-0.982077],"extended":true,"handId":353,"id":3531,"length":58.7895,"mcpPosition":[10.3972,314.513,20.1052],"pipPosition":[0.724118,326.115,-20.0999],"stabilizedTipPosition":[10.4647,340.268,43.5017],"timeVisible":0.804231,"tipPosition":[-5.14746,325.18,-56.6318],"tipVelocity":[21.2127,-4.6988,-146.098],"tool":false,"touchDistance":-0.600013,"touchZone":"hovering","type":1,"width":19.3369},{"bases":[[[0.984762,0.0558074,-0.164709],[0.0478243,0.82369,0.56502],[0.167201,-0.564287,0.80847]],[[0.972762,0.0900433,-0.213602],[-0.179667,0.875119,-0.449317],[0.14647,0.475456,0.867461]],[[0.972762,0.0900433,-0.213602],[-0.230449,0.475175,-0.849177],[0.0250359,0.875272,0.482983]],[[0.972762,0.0900433,-0.213602],[-0.2277,0.198508,-0.953283],[-0.043435,0.975954,0.213603]]],"btipPosition":[24.9684,253.494,-39.2588],"carpPosition":[43.5836,280.263,76.6714],"dipPosition":[24.1524,271.828,-35.246],"direction":[-0.0250359,-0.875272,-0.482983],"extended":false,"handId":353,"id":3532,"length":66.986,"mcpPosition":[31.9218,319.621,20.2833],"pipPosition":[24.8641,296.71,-21.5159],"stabilizedTipPosition":[36.4385,285.385,40.4516],"timeVisible":0.804231,"tipPosition":[24.4772,258.292,-39.1487],"tipVelocity":[-2.0907,-43.8774,-158.029],"tool":false,"touchDistance":-0.57531,"touchZone":"hovering","type":2,"width":18.9914},{"bases":[[[0.992208,-0.0900935,-0.0860621],[0.123365,0.807165,0.577292],[0.017456,-0.583411,0.811989]],[[0.986663,-0.0375118,-0.158396],[-0.0339143,0.904357,-0.425427],[0.159205,0.425125,0.891023]],[[0.986663,-0.0375118,-0.158396],[-0.114549,0.531353,-0.83937],[0.115651,0.84632,0.519969]],[[0.986663,-0.0375118,-0.158396],[-0.14344,0.259653,-0.95499],[0.0769515,0.964973,0.250809]]],"btipPosition":[42.68,258.233,-35.2263],"carpPosition":[55.5243,282.15,74.504],"dipPosition":[44.1174,276.257,-30.5417],"direction":[-0.115651,-0.84632,-0.519969],"extended":false,"handId":353,"id":3533,"length":64.4088,"mcpPosition":[54.4312,318.683,23.6565],"pipPosition":[47.3201,299.695,-16.1419],"stabilizedTipPosition":[55.9794,291.529,42.9427],"timeVisible":0.804231,"tipPosition":[42.8619,262.932,-34.8806],"tipVelocity":[-1.38434,-48.8768,-152.8],"tool":false,"touchDistance":-0.564398,"touchZone":"hovering","type":3,"width":18.0715},{"bases":[[[0.953446,-0.289132,-0.0856992],[0.277242,0.72859,0.626333],[-0.118653,-0.620934,0.774831]],[[0.945098,-0.324176,-0.0412387],[0.263184,0.82987,-0.491986],[0.193713,0.454122,0.869626]],[[0.945098,-0.324176,-0.0412387],[0.0855045,0.367107,-0.926241],[0.315404,0.871862,0.37467]],[[0.945098,-0.324176,-0.0412387],[-0.0206779,0.0666172,-0.997564],[0.326133,0.943648,0.0562565]]],"btipPosition":[56.3897,263.741,-13.6535],"carpPosition":[68.1459,277.107,70.2966],"dipPosition":[62.0095,280.001,-12.6841],"direction":[-0.315404,-0.871862,-0.37467],"extended":false,"handId":353,"id":3534,"length":50.4953,"mcpPosition":[75.0239,313.101,25.3816],"pipPosition":[68.1765,297.049,-5.35826],"stabilizedTipPosition":[71.5009,283.905,62.4722],"timeVisible":0.804231,"tipPosition":[57.7816,267.458,-11.4274],"tipVelocity":[-0.119309,-34.6352,-242.466],"tool":false,"touchDistance":-0.179209,"touchZone":"hovering","type":4,"width":16.0525}],"r":[[0.985715,0.107868,0.129348],[-0.125882,0.982072,0.140316],[-0.111893,-0.154594,0.981621]],"s":1.15201,"t":[-103.202,56.6825,-132.937],"timestamp":521064185338},false],[4,{"currentFrameRate":109.943,"devices":[],"gestures":[],"hands":[{"armBasis":[[0.90437,0.304016,-0.299483],[-0.102581,0.836067,0.538951],[0.414237,-0.45669,0.7873]],"armWidth":63.7005,"confidence":0.646437,"direction":[-0.146727,0.685275,-0.713351],"elbow":[165.816,143.574,287.157],"grabStrength":0,"id":353,"palmNormal":[0.0742724,-0.711488,-0.698762],"palmPosition":[38.8889,299.578,33.5321],"palmVelocity":[-4.64994,-59.4934,-151.926],"palmWidth":90.9622,"pinchStrength":0.559667,"r":[[0.985729,0.104659,0.131851],[-0.123294,0.982132,0.142177],[-0.114616,-0.156405,0.98102]],"s":1.15134,"sphereCenter":[43.114,275.111,-16.1453],"sphereRadius":50.8211,"stabilizedPalmPosition":[65.669,322.933,129.546],"t":[-103.212,56.2391,-134.198],"timeVisible":0.813318,"type":"right","wrist":[54.0057,266.843,74.6514]}],"id":4083554,"interactionBox":{"center":[0,200,0],"size":[235.247,235.247,147.751]},"pointables":[{"bases":[[[0.301856,0.83267,0.464267],[-0.76979,-0.0744046,0.633946],[0.562412,-0.548748,0.618521]],[[0.0224678,0.989409,0.143407],[-0.789363,-0.0704703,0.609868],[0.613515,-0.126902,0.77942]],[[0.0224678,0.989409,0.143407],[-0.936711,-0.0292955,0.348876],[0.349382,-0.142169,0.926132]],[[0.0224678,0.989409,0.143407],[-0.924055,0.0753033,-0.374768],[-0.381598,-0.124095,0.91596]]],"btipPosition":[-6.39833,266.467,-20.8205],"carpPosition":[27.1982,252.385,71.072],"dipPosition":[-15.3264,263.563,0.609747],"direction":[-0.349382,0.142169,-0.926132],"extended":false,"handId":353,"id":3530,"length":52.1005,"mcpPosition":[27.1982,252.385,71.072],"pipPosition":[-3.41763,258.717,32.1771],"stabilizedTipPosition":[12.7529,295.388,84.3001],"timeVisible":0.813318,"tipPosition":[-8.62885,266.731,-15.8141],"tipVelocity":[-4.17507,-30.3888,-172.856],"tool":false,"touchDistance":-0.580204,"touchZone":"hovering","type":0,"width":20.2438},{"bases":[[[0.947746,0.268361,-0.172511],[-0.119475,0.799954,0.588047],[0.29581,-0.536709,0.790215]],[[0.95524,0.254068,-0.151545],[-0.196294,0.927603,0.31784],[0.221327,-0.273866,0.935955]],[[0.95524,0.254068,-0.151545],[-0.23901,0.964681,0.110746],[0.17433,-0.0695679,0.982227]],[[0.95524,0.254068,-0.151545],[-0.263047,0.963862,-0.0421423],[0.135362,0.0801196,0.987552]]],"btipPosition":[-5.65625,326.425,-62.2492],"carpPosition":[32.1299,274.877,76.6688],"dipPosition":[-3.34422,327.794,-45.3815],"direction":[-0.17433,0.0695679,-0.982227],"extended":true,"handId":353,"id":3531,"length":58.7895,"mcpPosition":[10.3739,314.35,18.5507],"pipPosition":[0.868113,326.113,-21.6479],"stabilizedTipPosition":[10.4646,340.268,43.5009],"timeVisible":0.813318,"tipPosition":[-4.92701,325.415,-58.2037],"tipVelocity":[22.6398,3.05815,-153.251],"tool":false,"touchDistance":-0.59178,"touchZone":"hovering","type":1,"width":19.3369},{"bases":[[[0.985385,0.0530515,-0.161867],[0.0489963,0.82183,0.567623],[0.163141,-0.567258,0.80722]],[[0.973654,0.0874168,-0.21061],[-0.175473,0.877065,-0.447176],[0.145628,0.472351,0.869297]],[[0.973654,0.0874168,-0.21061],[-0.226486,0.478067,-0.84862],[0.0265022,0.873962,0.485271]],[[0.973654,0.0874168,-0.21061],[-0.224328,0.201405,-0.953474],[-0.0409318,0.975599,0.215709]]],"btipPosition":[24.9131,253.453,-40.9326],"carpPosition":[43.2932,279.822,75.1034],"dipPosition":[24.1441,271.781,-36.8802],"direction":[-0.0265022,-0.873962,-0.485271],"extended":false,"handId":353,"id":3532,"length":66.986,"mcpPosition":[31.9147,319.386,18.8026],"pipPosition":[24.8975,296.626,-23.0851],"stabilizedTipPosition":[36.434,285.374,40.4207],"timeVisible":0.813318,"tipPosition":[24.4408,258.243,-40.8028],"tipVelocity":[-2.86709,-33.0139,-164.996],"tool":false,"touchDistance":-0.571083,"touchZone":"hovering","type":2,"width":18.9914},{"bases":[[[0.992137,-0.0931084,-0.0836402],[0.124448,0.805018,0.580051],[0.0133242,-0.585898,0.810275]],[[0.98697,-0.0403391,-0.155767],[-0.0296815,0.905809,-0.422646],[0.158144,0.421762,0.892808]],[[0.98697,-0.0403391,-0.155767],[-0.110489,0.533849,-0.83833],[0.116973,0.844617,0.522435]],[[0.98697,-0.0403391,-0.155767],[-0.139976,0.262187,-0.954811],[0.0793564,0.964174,0.253124]]],"btipPosition":[42.6263,258.127,-36.8401],"carpPosition":[55.246,281.675,72.9741],"dipPosition":[44.1085,276.136,-32.1122],"direction":[-0.116973,-0.844617,-0.522435],"extended":false,"handId":353,"id":3533,"length":64.4088,"mcpPosition":[54.4116,318.365,22.234],"pipPosition":[47.3479,299.526,-17.6441],"stabilizedTipPosition":[55.9709,291.51,42.891],"timeVisible":0.813318,"tipPosition":[42.824,262.813,-36.4737],"tipVelocity":[-2.32424,-38.6861,-159.361],"tool":false,"touchDistance":-0.560349,"touchZone":"hovering","type":3,"width":18.0715},{"bases":[[[0.952719,-0.292018,-0.0839812],[0.277932,0.72579,0.629272],[-0.122806,-0.62286,0.772634]],[[0.944363,-0.326381,-0.040657],[0.266182,0.831021,-0.488417],[0.193197,0.450421,0.871663]],[[0.944363,-0.326381,-0.040657],[0.0888541,0.372183,-0.923897],[0.316674,0.868882,0.380476]],[[0.944363,-0.326381,-0.040657],[-0.0176108,0.0732593,-0.997157],[0.328432,0.942395,0.0634356]]],"btipPosition":[56.3006,263.56,-15.3462],"carpPosition":[67.8623,276.604,68.7858],"dipPosition":[61.96,279.799,-14.2531],"direction":[-0.316674,-0.868882,-0.380476],"extended":false,"handId":353,"id":3534,"length":50.4953,"mcpPosition":[74.9811,312.71,23.9982],"pipPosition":[68.1519,296.788,-6.81373],"stabilizedTipPosition":[71.4794,283.88,62.3523],"timeVisible":0.813318,"tipPosition":[57.6885,267.257,-13.1454],"tipVelocity":[-2.52283,-30.7074,-226.044],"tool":false,"touchDistance":-0.206947,"touchZone":"hovering","type":4,"width":16.0525}],"r":[[0.985729,0.104659,0.131851],[-0.123294,0.982132,0.142177],[-0.114616,-0.156405,0.98102]],"s":1.15134,"t":[-103.212,56.2391,-134.198],"timestamp":521064194425},false],[5,{"currentFrameRate":109.982,"devices":[],"gestures":[],"hands":[{"armBasis":[[0.909621,0.295401,-0.292111],[-0.101727,0.840107,0.532797],[0.402793,-0.454928,0.794228]],"armWidth":63.7005,"confidence":0.662405,"direction":[-0.140344,0.686106,-0.713837],"elbow":[162.356,143.843,287.671],"grabStrength":0,"id":353,"palmNormal":[0.0738581,-0.711709,-0.698581],"palmPosition":[38.8541,299.452,32.1176],"palmVelocity":[-4.43337,-46.9775,-153.253],"palmWidth":90.9622,"pinchStrength":0.559912,"r":[[0.985712,0.101132,0.134704],[-0.120404,0.982283,0.143604],[-0.117794,-0.157771,0.980425]],"s":1.15102,"sphereCenter":[43.2017,274.985,-17.5518],"sphereRadius":50.8327,"stabilizedPalmPosition":[65.6545,322.921,129.493],"t":[-103.234,55.9541,-135.536],"timeVisible":0.822342,"type":"right","wrist":[53.6353,266.636,73.295]}],"id":4083555,"interactionBox":{"center":[0,200,0],"size":[235.247,235.247,147.751]},"pointables":[{"bases":[[[0.303858,0.83112,0.465735],[-0.772868,-0.0708105,0.630604],[0.557086,-0.551566,0.62083]],[[0.0265183,0.989282,0.143587],[-0.792343,-0.0667769,0.60641],[0.609499,-0.129851,0.78208]],[[0.0265183,0.989282,0.143587],[-0.938291,-0.0249154,0.344949],[0.344829,-0.143874,0.927574]],[[0.0265183,0.989282,0.143587],[-0.921893,0.0797429,-0.379151],[-0.386537,-0.122318,0.914127]]],"btipPosition":[-6.35122,266.554,-22.4344],"carpPosition":[26.7742,252.308,69.597],"dipPosition":[-15.3948,263.692,-1.04712],"direction":[-0.344829,0.143874,-0.927574],"extended":false,"handId":353,"id":3530,"length":52.1005,"mcpPosition":[26.7742,252.308,69.597],"pipPosition":[-3.64125,258.788,30.5694],"stabilizedTipPosition":[12.749,295.383,84.2815],"timeVisible":0.822342,"tipPosition":[-8.6027,266.818,-17.4403],"tipVelocity":[-2.39996,-19.0744,-174.807],"tool":false,"touchDistance":-0.574875,"touchZone":"hovering","type":0,"width":20.2438},{"bases":[[[0.949764,0.263822,-0.168365],[-0.118155,0.800412,0.58769],[0.289807,-0.538274,0.791374]],[[0.957299,0.249075,-0.146766],[-0.192931,0.928488,0.317314],[0.215305,-0.275449,0.936895]],[[0.957299,0.249075,-0.146766],[-0.234034,0.965711,0.112388],[0.169726,-0.0732407,0.982766]],[[0.957299,0.249075,-0.146766],[-0.257194,0.965576,-0.0389081],[0.132022,0.074994,0.988406]]],"btipPosition":[-5.12779,326.683,-63.8515],"carpPosition":[31.79,274.775,75.2197],"dipPosition":[-2.8728,327.964,-46.9692],"direction":[-0.169726,0.0732407,-0.982766],"extended":true,"handId":353,"id":3531,"length":58.7895,"mcpPosition":[10.4755,314.364,17.0163],"pipPosition":[1.22831,326.194,-23.2226],"stabilizedTipPosition":[10.4645,340.268,43.5],"timeVisible":0.822342,"tipPosition":[-4.43654,325.671,-59.8092],"tipVelocity":[32.1256,9.4655,-159.839],"tool":false,"touchDistance":-0.58492,"touchZone":"hovering","type":1,"width":19.3369},{"bases":[[[0.986319,0.0483316,-0.157603],[0.0505057,0.821479,0.567997],[0.15692,-0.568186,0.8078]],[[0.974984,0.0827099,-0.206316],[-0.169232,0.877994,-0.447757],[0.14411,0.471471,0.870027]],[[0.974984,0.0827099,-0.206316],[-0.220438,0.47893,-0.849725],[0.0285301,0.873948,0.485181]],[[0.974984,0.0827099,-0.206316],[-0.219129,0.202002,-0.954556],[-0.0372751,0.975886,0.215073]]],"btipPosition":[24.9842,253.4,-42.3937],"carpPosition":[42.9836,279.667,73.7035],"dipPosition":[24.2839,271.734,-38.3533],"direction":[-0.0285301,-0.873948,-0.485181],"extended":false,"handId":353,"id":3532,"length":66.986,"mcpPosition":[32.039,319.296,17.3622],"pipPosition":[25.095,296.578,-24.5607],"stabilizedTipPosition":[36.4307,285.366,40.398],"timeVisible":0.822342,"tipPosition":[24.5377,258.184,-42.2584],"tipVelocity":[0.572403,-25.5048,-164.232],"tool":false,"touchDistance":-0.564266,"touchZone":"hovering","type":2,"width":18.9914},{"bases":[[[0.992028,-0.0978735,-0.0793776],[0.125821,0.804302,0.580747],[0.00700382,-0.586105,0.810205]],[[0.987434,-0.0451071,-0.151461],[-0.0234228,0.906044,-0.422536],[0.156289,0.420773,0.893601]],[[0.987434,-0.0451071,-0.151461],[-0.104282,0.534151,-0.838933],[0.118745,0.844185,0.522735]],[[0.987434,-0.0451071,-0.151461],[-0.134586,0.262336,-0.955545],[0.0828354,0.963922,0.252968]]],"btipPosition":[42.6992,257.988,-38.2245],"carpPosition":[54.9543,281.463,71.6262],"dipPosition":[44.2464,275.993,-33.4995],"direction":[-0.118745,-0.844185,-0.522735],"extended":false,"handId":353,"id":3533,"length":64.4088,"mcpPosition":[54.5157,318.165,20.8905],"pipPosition":[47.5349,299.371,-19.0231],"stabilizedTipPosition":[55.9645,291.496,42.8517],"timeVisible":0.822342,"tipPosition":[42.919,262.666,-37.8518],"tipVelocity":[0.994994,-32.2985,-157.743],"tool":false,"touchDistance":-0.553423,"touchZone":"hovering","type":3,"width":18.0715},{"bases":[[[0.951654,-0.296591,-0.0799296],[0.278707,0.724326,0.630614],[-0.129139,-0.622404,0.77197]],[[0.943196,-0.33009,-0.0377135],[0.271098,0.830272,-0.486986],[0.192062,0.449099,0.872595]],[[0.943196,-0.33009,-0.0377135],[0.0941218,0.37434,-0.922502],[0.318627,0.866551,0.384145]],[[0.943196,-0.33009,-0.0377135],[-0.0129089,0.0770175,-0.996946],[0.331987,0.940802,0.0683814]]],"btipPosition":[56.3101,263.381,-16.7921],"carpPosition":[67.564,276.332,67.4913],"dipPosition":[62.0308,279.592,-15.6138],"direction":[-0.318627,-0.866551,-0.384145],"extended":false,"handId":353,"id":3534,"length":50.4953,"mcpPosition":[75.0499,312.411,22.7422],"pipPosition":[68.2608,296.536,-8.10267],"stabilizedTipPosition":[71.4612,283.858,62.249],"timeVisible":0.822342,"tipPosition":[57.6979,267.065,-14.6229],"tipVelocity":[-1.10905,-27.9096,-207.334],"tool":false,"touchDistance":-0.230718,"touchZone":"hovering","type":4,"width":16.0525}],"r":[[0.985712,0.101132,0.134704],[-0.120404,0.982283,0.143604],[-0.117794,-0.157771,0.980425]],"s":1.15102,"t":[-103.234,55.9541,-135.536],"timestamp":521064203449},false],[6,{"currentFrameRate":110.034,"devices":[],"gestures":[],"hands":[{"armBasis":[[0.908885,0.295227,-0.294565],[-0.101648,0.841829,0.530087],[0.404469,-0.451846,0.795135]],"armWidth":63.7005,"confidence":0.677533,"direction":[-0.134258,0.689142,-0.71208],"elbow":[162.289,144.396,286.177],"grabStrength":0,"id":353,"palmNormal":[0.0743653,-0.709553,-0.700717],"palmPosition":[38.6585,299.375,30.4253],"palmVelocity":[-9.18327,-36.4288,-162.829],"palmWidth":90.9622,"pinchStrength":0.560341,"r":[[0.985631,0.0974323,0.137983],[-0.117457,0.982387,0.145327],[-0.121393,-0.159446,0.979715]],"s":1.15101,"sphereCenter":[43.1325,275.087,-19.3065],"sphereRadius":50.8389,"stabilizedPalmPosition":[65.6432,322.911,129.452],"t":[-103.343,55.7732,-137.051],"timeVisible":0.831337,"type":"right","wrist":[53.1152,266.358,71.5566]}],"id":4083556,"interactionBox":{"center":[0,200,0],"size":[235.247,235.247,147.751]},"pointables":[{"bases":[[[0.304917,0.828282,0.470079],[-0.77612,-0.0699557,0.626693],[0.551963,-0.555927,0.621515]],[[0.0295338,0.988704,0.146942],[-0.795456,-0.0657722,0.602431],[0.605291,-0.134678,0.784528]],[[0.0295338,0.988704,0.146942],[-0.939938,-0.0225432,0.340601],[0.340066,-0.148175,0.928654]],[[0.0295338,0.988704,0.146942],[-0.919238,0.0846039,-0.384504],[-0.392593,-0.123718,0.911353]]],"btipPosition":[-6.39567,266.815,-24.4441],"carpPosition":[26.2157,252.149,67.6815],"dipPosition":[-15.581,263.92,-3.12163],"direction":[-0.340066,0.148175,-0.928654],"extended":false,"handId":353,"id":3530,"length":52.1005,"mcpPosition":[26.2157,252.149,67.6815],"pipPosition":[-3.98973,258.87,28.5317],"stabilizedTipPosition":[12.7464,295.379,84.2687],"timeVisible":0.831337,"tipPosition":[-8.67772,267.06,-19.4673],"tipVelocity":[-4.09183,-6.10706,-188.603],"tool":false,"touchDistance":-0.576089,"touchZone":"hovering","type":0,"width":20.2438},{"bases":[[[0.951582,0.260652,-0.16295],[-0.117787,0.798817,0.589931],[0.283933,-0.542174,0.790841]],[[0.959228,0.245222,-0.14053],[-0.190276,0.92795,0.320474],[0.208992,-0.280669,0.936775]],[[0.959228,0.245222,-0.14053],[-0.229554,0.966019,0.118797],[0.164886,-0.0816939,0.982924]],[[0.959228,0.245222,-0.14053],[-0.251725,0.967326,-0.0302563],[0.128519,0.0643976,0.989614]]],"btipPosition":[-4.7446,327.38,-65.6447],"carpPosition":[31.2932,274.576,73.4066],"dipPosition":[-2.54945,328.48,-48.7417],"direction":[-0.164886,0.0816939,-0.982924],"extended":true,"handId":353,"id":3531,"length":58.7895,"mcpPosition":[10.4107,314.452,15.2425],"pipPosition":[1.43469,326.506,-24.9913],"stabilizedTipPosition":[10.4643,340.268,43.4989],"timeVisible":0.831337,"tipPosition":[-4.09081,326.329,-61.6138],"tipVelocity":[34.5805,26.8724,-170.538],"tool":false,"touchDistance":-0.581588,"touchZone":"hovering","type":1,"width":19.3369},{"bases":[[[0.987237,0.0449824,-0.152771],[0.051047,0.819286,0.571109],[0.150853,-0.571618,0.806533]],[[0.976286,0.079526,-0.201347],[-0.163575,0.880225,-0.445475],[0.141804,0.467846,0.87236]],[[0.976286,0.079526,-0.201347],[-0.214451,0.482407,-0.84929],[0.0295904,0.87233,0.488022]],[[0.976286,0.079526,-0.201347],[-0.213708,0.205584,-0.955021],[-0.0345553,0.975403,0.217704]]],"btipPosition":[24.9667,253.631,-44.2909],"carpPosition":[42.5131,279.429,71.9605],"dipPosition":[24.3175,271.956,-40.2011],"direction":[-0.0295904,-0.87233,-0.488022],"extended":false,"handId":353,"id":3532,"length":66.986,"mcpPosition":[31.9916,319.297,15.7075],"pipPosition":[25.1587,296.754,-26.3277],"stabilizedTipPosition":[36.4286,285.361,40.3821],"timeVisible":0.831337,"tipPosition":[24.5414,258.408,-44.1345],"tipVelocity":[0.239493,-11.518,-176.699],"tool":false,"touchDistance":-0.56446,"touchZone":"hovering","type":2,"width":18.9914},{"bases":[[[0.992,-0.101516,-0.0750331],[0.126233,0.801766,0.584154],[0.000857849,-0.588952,0.808167]],[[0.98798,-0.0486475,-0.146728],[-0.0177121,0.907314,-0.420081],[0.153564,0.417631,0.895546]],[[0.98798,-0.0486475,-0.146728],[-0.0981827,0.535665,-0.838703],[0.119398,0.843028,0.52445]],[[0.98798,-0.0486475,-0.146728],[-0.129006,0.263469,-0.956003],[0.0851655,0.96344,0.254026]]],"btipPosition":[42.6903,258.07,-39.9311],"carpPosition":[54.5004,281.185,69.9461],"dipPosition":[44.281,276.065,-35.1863],"direction":[-0.119398,-0.843028,-0.52445],"extended":false,"handId":353,"id":3533,"length":64.4088,"mcpPosition":[54.4467,318.066,19.3379],"pipPosition":[47.5876,299.412,-20.6625],"stabilizedTipPosition":[55.9601,291.486,42.8235],"timeVisible":0.831337,"tipPosition":[42.926,262.749,-39.555],"tipVelocity":[0.756064,-21.0079,-166.384],"tool":false,"touchDistance":-0.551945,"touchZone":"hovering","type":3,"width":18.0715},{"bases":[[[0.950847,-0.300069,-0.076473],[0.278565,0.721013,0.634462],[-0.135244,-0.624579,0.769162]],[[0.942471,-0.332328,-0.0361361],[0.275211,0.83273,-0.480437],[0.189754,0.442853,0.876284]],[[0.942471,-0.332328,-0.0361361],[0.100504,0.384794,-0.917514],[0.31882,0.861099,0.396058]],[[0.942471,-0.332328,-0.0361361],[-0.00622145,0.0906426,-0.995864],[0.334229,0.938798,0.0833605]]],"btipPosition":[56.2484,263.555,-18.8893],"carpPosition":[67.1093,276.018,65.8528],"dipPosition":[62.0077,279.732,-17.4528],"direction":[-0.318821,-0.861099,-0.396058],"extended":false,"handId":353,"id":3534,"length":50.4953,"mcpPosition":[74.9491,312.223,21.2665],"pipPosition":[68.2416,296.569,-9.70879],"stabilizedTipPosition":[71.4468,283.84,62.1647],"timeVisible":0.831337,"tipPosition":[57.6148,267.182,-16.7014],"tipVelocity":[-2.41529,-15.1671,-212.607],"tool":false,"touchDistance"