{"sensorType":"Leap","data":[[0,{"currentFrameRate":100.909,"devices":[],"gestures":[],"hands":[{"armBasis":[[0.900705,0.307731,-0.306647],[-0.0825215,0.814199,0.574691],[0.426522,-0.492322,0.758748]],"armWidth":63.7005,"confidence":0.698672,"direction":[-0.130362,0.678829,-0.722632],"elbow":[181.073,134.4,284.018],"grabStrength":0,"id":356,"palmNormal":[0.0639112,-0.721582,-0.689372],"palmPosition":[51.6464,299.779,37.617],"palmVelocity":[-41.7908,53.1823,-192.561],"palmWidth":90.9622,"pinchStrength":0.693763,"r":[[0.99623,-0.00894526,0.0862883],[-0.004463,0.988067,0.153957],[-0.0866358,-0.153762,0.984303]],"s":0.928587,"sphereCenter":[54.2469,276.584,-10.3832],"sphereRadius":49.1846,"stabilizedPalmPosition":[62.16,267.929,95.0906],"t":[-34.4298,128.546,-171.006],"timeVisible":0.497147,"type":"right","wrist":[65.9474,267.286,79.2182]}],"id":4084593,"interactionBox":{"center":[0,200,0],"size":[235.247,235.247,147.751]},"pointables":[{"bases":[[[0.315532,0.832611,0.45519],[-0.773973,-0.0517153,0.631103],[0.549004,-0.551438,0.628101]],[[0.0319792,0.992195,0.120523],[-0.808304,-0.0452543,0.587023],[0.587896,-0.116192,0.800549]],[[0.0319792,0.992195,0.120523],[-0.943428,-0.00985209,0.331432],[0.330032,-0.124304,0.93575]],[[0.0319792,0.992195,0.120523],[-0.84672,0.0909663,-0.524205],[-0.531077,-0.0852859,0.84302]]],"btipPosition":[10.7248,265.327,-15.8764],"carpPosition":[38.886,253.296,75.6917],"dipPosition":[-1.70055,263.331,3.84727],"direction":[-0.330032,0.124304,-0.93575],"extended":true,"handId":356,"id":3560,"length":52.1005,"mcpPosition":[38.886,253.296,75.6917],"pipPosition":[9.54866,259.094,35.7425],"stabilizedTipPosition":[10.171,226.788,61.3358],"timeVisible":0.497147,"tipPosition":[7.02094,264.832,-11.8747],"tipVelocity":[-16.2804,64.9941,-193.011],"tool":false,"touchDistance":-0.570263,"touchZone":"hovering","type":0,"width":20.2438},{"bases":[[[0.95347,0.248098,-0.171294],[-0.10691,0.809479,0.577334],[0.281894,-0.532158,0.798338]],[[0.968309,0.216588,-0.124367],[-0.1668,0.931435,0.32343],[0.185891,-0.292436,0.938043]],[[0.968309,0.216588,-0.124367],[-0.193012,0.964964,0.177738],[0.158506,-0.148101,0.976187]],[[0.968309,0.216588,-0.124367],[-0.209278,0.9754,0.0692696],[0.136311,-0.0410471,0.989815]]],"btipPosition":[9.34505,331.738,-58.4695],"carpPosition":[44.2197,275.76,81.0284],"dipPosition":[11.6733,331.037,-41.563],"direction":[-0.158506,0.148101,-0.976187],"extended":true,"handId":356,"id":3561,"length":58.7895,"mcpPosition":[23.4872,314.898,22.3129],"pipPosition":[15.5033,327.458,-17.9754],"stabilizedTipPosition":[12.7738,306.803,-13.2785],"timeVisible":0.497147,"tipPosition":[10.0794,329.995,-54.7246],"tipVelocity":[-19.4414,99.8577,-195.088],"tool":false,"touchDistance":-0.596944,"touchZone":"hovering","type":1,"width":19.3369},{"bases":[[[0.986951,0.0322643,-0.157756],[0.0620392,0.827889,0.55745],[0.14859,-0.559963,0.815084]],[[0.990487,0.0176636,-0.136465],[-0.0782848,0.887927,-0.453274],[0.113165,0.459645,0.880863]],[[0.990487,0.0176636,-0.136465],[-0.135443,0.300189,-0.944215],[0.0242871,0.953716,0.299726]],[[0.990487,0.0176636,-0.136465],[-0.133885,-0.10527,-0.98539],[-0.0317713,0.994287,-0.101904]]],"btipPosition":[39.5721,251.588,-26.4457],"carpPosition":[55.4823,280.472,79.4548],"dipPosition":[38.9753,270.267,-28.3601],"direction":[-0.0242871,-0.953716,-0.299726],"extended":false,"handId":356,"id":3562,"length":66.986,"mcpPosition":[45.1186,319.527,22.6054],"pipPosition":[39.6657,297.379,-19.8396],"stabilizedTipPosition":[40.4387,245.61,13.6675],"timeVisible":0.497147,"tipPosition":[39.2555,257.028,-28.3703],"tipVelocity":[-14.62,3.06623,-111.916],"tool":false,"touchDistance":-0.482793,"touchZone":"hovering","type":2,"width":18.9914},{"bases":[[[0.990556,-0.112993,-0.0776608],[0.137099,0.809806,0.570454],[-0.00156691,-0.575714,0.81765]],[[0.989546,-0.0859536,-0.115802],[0.0163776,0.864762,-0.501915],[0.143283,0.494771,0.85713]],[[0.989546,-0.0859536,-0.115802],[-0.0925062,0.237716,-0.96692],[0.110638,0.967524,0.22728]],[[0.989546,-0.0859536,-0.115802],[-0.128769,-0.16505,-0.977843],[0.0649359,0.982533,-0.174393]]],"btipPosition":[56.8992,250.876,-15.1631],"carpPosition":[67.4778,282.07,77.3602],"dipPosition":[58.1121,269.228,-18.4205],"direction":[-0.110638,-0.967524,-0.22728],"extended":false,"handId":356,"id":3563,"length":64.4088,"mcpPosition":[67.5759,318.122,26.1582],"pipPosition":[61.1761,296.023,-12.1263],"stabilizedTipPosition":[61.8427,231.462,35.2707],"timeVisible":0.497147,"tipPosition":[57.0907,256.241,-17.6263],"tipVelocity":[-23.1249,12.8679,-108.158],"tool":false,"touchDistance":-0.47028,"touchZone":"touching","type":3,"width":18.0715},{"bases":[[[0.947357,-0.311106,-0.0756856],[0.288817,0.728308,0.621412],[-0.138202,-0.610558,0.77982]],[[0.936827,-0.348778,-0.0266391],[0.279429,0.792012,-0.542804],[0.210416,0.501069,0.839437]],[[0.936827,-0.348778,-0.0266391],[0.0324651,0.162524,-0.98617],[0.348284,0.923006,0.16358]],[[0.936827,-0.348778,-0.0266391],[-0.104459,-0.206272,-0.972903],[0.333832,0.914224,-0.229674]]],"btipPosition":[68.0253,260.587,-0.820596],"carpPosition":[80.0143,276.707,73.2972],"dipPosition":[73.7778,276.34,-4.77824],"direction":[-0.348284,-0.923006,-0.16358],"extended":false,"handId":356,"id":3564,"length":50.4953,"mcpPosition":[88.0256,312.1,28.093],"pipPosition":[80.5877,294.388,-1.57978],"stabilizedTipPosition":[77.9123,243.662,39.5195],"timeVisible":0.497147,"tipPosition":[69.7515,265.239,-3.53304],"tipVelocity":[-43.8909,12.0027,-93.7715],"tool":false,"touchDistance":-0.458373,"touchZone":"touching","type":4,"width":16.0525}],"r":[[0.99623,-0.00894526,0.0862883],[-0.004463,0.988067,0.153957],[-0.0866358,-0.153762,0.984303]],"s":0.928587,"t":[-34.4298,128.546,-171.006],"timestamp":521075106026},false],[1,{"currentFrameRate":101.389,"devices":[],"gestures":[],"hands":[{"armBasis":[[0.90292,0.303658,-0.304183],[-0.0814894,0.815824,0.572529],[0.422013,-0.49216,0.761369]],"armWidth":63.7005,"confidence":0.714087,"direction":[-0.129626,0.679212,-0.722404],"elbow":[179.744,134.703,283.66],"grabStrength":0,"id":356,"palmNormal":[0.0626238,-0.721489,-0.689589],"palmPosition":[51.5673,300.071,36.5653],"palmVelocity":[-32.8004,47.5794,-172.127],"palmWidth":90.9622,"pinchStrength":0.700068,"r":[[0.99603,-0.00952928,0.0885082],[-0.00420958,0.9881,0.153757],[-0.0889201,-0.153519,0.984137]],"s":0.932814,"sphereCenter":[53.8002,277.028,-11.2783],"sphereRadius":49.0233,"stabilizedPalmPosition":[62.1012,268.108,94.7659],"t":[-34.6193,128.877,-172.351],"timeVisible":0.506083,"type":"right","wrist":[65.8355,267.546,78.1528]}],"id":4084594,"interactionBox":{"center":[0,200,0],"size":[235.247,235.247,147.751]},"pointables":[{"bases":[[[0.316899,0.832029,0.455304],[-0.773829,-0.0507609,0.631358],[0.54842,-0.552404,0.627762]],[[0.0342679,0.991969,0.121754],[-0.807239,-0.0443532,0.588556],[0.589229,-0.118454,0.799236]],[[0.0342679,0.991969,0.121754],[-0.943908,-0.00791052,0.330113],[0.328425,-0.126237,0.936056]],[[0.0342679,0.991969,0.121754],[-0.841956,0.0942905,-0.531243],[-0.538456,-0.0843074,0.838425]]],"btipPosition":[10.7522,265.782,-16.7736],"carpPosition":[38.7526,253.596,74.6319],"dipPosition":[-1.84573,263.81,2.84255],"direction":[-0.328425,0.126237,-0.936056],"extended":true,"handId":356,"id":3560,"length":52.1005,"mcpPosition":[38.7526,253.596,74.6319],"pipPosition":[9.34869,259.507,34.7482],"stabilizedTipPosition":[10.1655,226.88,61.1611],"timeVisible":0.506083,"tipPosition":[7.01368,265.262,-12.8026],"tipVelocity":[-12.211,61.3426,-168.491],"tool":false,"touchDistance":-0.555399,"touchZone":"hovering","type":0,"width":20.2438},{"bases":[[[0.953771,0.246758,-0.171558],[-0.105534,0.809477,0.577589],[0.281397,-0.532782,0.798097]],[[0.968624,0.215108,-0.124487],[-0.164828,0.930886,0.326011],[0.186011,-0.295263,0.937134]],[[0.968624,0.215108,-0.124487],[-0.190885,0.964662,0.181629],[0.159158,-0.152168,0.975456]],[[0.968624,0.215108,-0.124487],[-0.207127,0.975511,0.0739996],[0.137356,-0.0458932,0.989458]]],"btipPosition":[9.24395,332.377,-59.4445],"carpPosition":[44.1207,276.05,79.9728],"dipPosition":[11.59,331.593,-42.5441],"direction":[-0.159158,0.152168,-0.975456],"extended":true,"handId":356,"id":3561,"length":58.7895,"mcpPosition":[23.4248,315.235,21.275],"pipPosition":[15.4358,327.916,-18.9742],"stabilizedTipPosition":[12.7343,307.138,-13.836],"timeVisible":0.506083,"tipPosition":[9.97777,330.642,-55.7081],"tipVelocity":[-17.0979,91.5474,-171.665],"tool":false,"touchDistance":-0.580229,"touchZone":"hovering","type":1,"width":19.3369},{"bases":[[[0.986942,0.0308728,-0.158089],[0.0634352,0.827648,0.557652],[0.148058,-0.560398,0.814882]],[[0.990331,0.0168705,-0.137693],[-0.0801579,0.879692,-0.468739],[0.11322,0.475244,0.872539]],[[0.990331,0.0168705,-0.137693],[-0.137063,0.27206,-0.952469],[0.0213921,0.962132,0.271742]],[[0.990331,0.0168705,-0.137693],[-0.134134,-0.136718,-0.981487],[-0.0353834,0.990466,-0.133134]]],"btipPosition":[39.6641,250.974,-25.7065],"carpPosition":[55.3896,280.747,78.3966],"dipPosition":[38.9993,269.581,-28.2076],"direction":[-0.0213921,-0.962132,-0.271742],"extended":false,"handId":356,"id":3562,"length":66.986,"mcpPosition":[45.063,319.832,21.5613],"pipPosition":[39.6075,296.932,-20.4826],"stabilizedTipPosition":[40.4383,245.614,13.6505],"timeVisible":0.506083,"tipPosition":[39.301,256.484,-27.9478],"tipVelocity":[-8.29889,-17.022,-62.9162],"tool":false,"touchDistance":-0.453783,"touchZone":"hovering","type":2,"width":18.9914},{"bases":[[[0.990364,-0.114411,-0.0780348],[0.138473,0.809452,0.570624],[-0.00212021,-0.575931,0.817495]],[[0.989431,-0.0880368,-0.115221],[0.0174702,0.861188,-0.507986],[0.143949,0.500604,0.853624]],[[0.989431,-0.0880368,-0.115221],[-0.0928728,0.225488,-0.969809],[0.11136,0.97026,0.214929]],[[0.989431,-0.0880368,-0.115221],[-0.12948,-0.178689,-0.975349],[0.0652778,0.979959,-0.188199]]],"btipPosition":[56.7867,250.86,-15.4589],"carpPosition":[67.3867,282.328,76.2982],"dipPosition":[58.006,269.164,-18.9741],"direction":[-0.11136,-0.97026,-0.214929],"extended":false,"handId":356,"id":3563,"length":64.4088,"mcpPosition":[67.5195,318.394,25.1059],"pipPosition":[61.0899,296.034,-13.022],"stabilizedTipPosition":[61.8385,231.483,35.2248],"timeVisible":0.506083,"tipPosition":[56.9734,256.202,-18.0189],"tipVelocity":[-20.205,8.51397,-89.4844],"tool":false,"touchDistance":-0.456912,"touchZone":"touching","type":3,"width":18.0715},{"bases":[[[0.946877,-0.312461,-0.0760979],[0.29009,0.72772,0.621507],[-0.138819,-0.610567,0.779704]],[[0.936349,-0.350014,-0.0272136],[0.280396,0.792245,-0.541965],[0.211255,0.499838,0.839961]],[[0.936349,-0.350014,-0.0272136],[0.0322344,0.162903,-0.986115],[0.349587,0.922471,0.163817]],[[0.936349,-0.350014,-0.0272136],[-0.105362,-0.206226,-0.972815],[0.334887,0.913762,-0.229978]]],"btipPosition":[67.8875,260.89,-1.8995],"carpPosition":[79.9141,276.948,72.2294],"dipPosition":[73.6581,276.636,-5.86237],"direction":[-0.349587,-0.922471,-0.163817],"extended":false,"handId":356,"id":3564,"length":50.4953,"mcpPosition":[87.9611,312.341,27.032],"pipPosition":[80.4935,294.673,-2.65929],"stabilizedTipPosition":[77.8693,243.765,39.3106],"timeVisible":0.506083,"tipPosition":[69.6059,265.509,-4.5699],"tipVelocity":[-35.9941,17.9389,-101.168],"tool":false,"touchDistance":-0.45707,"touchZone":"touching","type":4,"width":16.0525}],"r":[[0.99603,-0.00952928,0.0885082],[-0.00420958,0.9881,0.153757],[-0.0889201,-0.153519,0.984137]],"s":0.932814,"t":[-34.6193,128.877,-172.351],"timestamp":521075114962},false],[2,{"currentFrameRate":101.701,"devices":[],"gestures":[],"hands":[{"armBasis":[[0.903718,0.301119,-0.304336],[-0.0802396,0.817385,0.570477],[0.420541,-0.49113,0.762847]],"armWidth":63.7005,"confidence":0.72626,"direction":[-0.127024,0.677297,-0.724661],"elbow":[179.039,135.418,282.784],"grabStrength":0,"id":356,"palmNormal":[0.0618382,-0.72375,-0.687286],"palmPosition":[51.3937,300.413,35.172],"palmVelocity":[-28.8693,44.646,-166.163],"palmWidth":90.9622,"pinchStrength":0.703206,"r":[[0.995836,-0.0104162,0.0905615],[-0.0035764,0.988221,0.15299],[-0.0910884,-0.152677,0.98407]],"s":0.936486,"sphereCenter":[53.4128,277.313,-12.4997],"sphereRadius":48.931,"stabilizedPalmPosition":[62.0526,268.255,94.4951],"t":[-34.8008,129.214,-173.72],"timeVisible":0.515318,"type":"right","wrist":[65.5279,267.983,76.8785]}],"id":4084595,"interactionBox":{"center":[0,200,0],"size":[235.247,235.247,147.751]},"pointables":[{"bases":[[[0.318265,0.832667,0.453182],[-0.774804,-0.0469781,0.630454],[0.546248,-0.551778,0.630202]],[[0.037379,0.992087,0.119862],[-0.807241,-0.0407251,0.588815],[0.589037,-0.118767,0.799331]],[[0.037379,0.992087,0.119862],[-0.945025,-0.00389861,0.326974],[0.324854,-0.125495,0.937401]],[[0.037379,0.992087,0.119862],[-0.836464,0.0966881,-0.539424],[-0.546745,-0.0800975,0.833459]]],"btipPosition":[10.7414,266.165,-17.9765],"carpPosition":[38.4165,254.087,73.3635],"dipPosition":[-2.05047,264.291,1.5235],"direction":[-0.324854,0.125495,-0.937401],"extended":true,"handId":356,"id":3560,"length":52.1005,"mcpPosition":[38.4165,254.087,73.3635],"pipPosition":[9.02223,260.013,33.475],"stabilizedTipPosition":[10.1604,226.963,61.0012],"timeVisible":0.515318,"tipPosition":[6.96463,265.632,-14.036],"tipVelocity":[-10.4682,56.4401,-158.572],"tool":false,"touchDistance":-0.546636,"touchZone":"hovering","type":0,"width":20.2438},{"bases":[[[0.954589,0.243958,-0.171012],[-0.104386,0.811497,0.574958],[0.279041,-0.530997,0.800111]],[[0.969302,0.212417,-0.123825],[-0.162659,0.931649,0.324918],[0.184379,-0.294803,0.937601]],[[0.969302,0.212417,-0.123825],[-0.188281,0.965142,0.181798],[0.158125,-0.152903,0.975509]],[[0.969302,0.212417,-0.123825],[-0.204303,0.976026,0.0750554],[0.136799,-0.0474536,0.989462]]],"btipPosition":[9.23196,332.765,-60.9441],"carpPosition":[43.831,276.545,78.6427],"dipPosition":[11.5685,331.954,-44.0437],"direction":[-0.158125,0.152903,-0.975509],"extended":true,"handId":356,"id":3561,"length":58.7895,"mcpPosition":[23.3083,315.598,19.7968],"pipPosition":[15.3893,328.259,-20.4725],"stabilizedTipPosition":[12.6991,307.44,-14.3497],"timeVisible":0.515318,"tipPosition":[9.96242,331.052,-57.2085],"tipVelocity":[-12.7304,77.4437,-169.06],"tool":false,"touchDistance":-0.573033,"touchZone":"hovering","type":1,"width":19.3369},{"bases":[[[0.987227,0.0280362,-0.156836],[0.0646528,0.829203,0.555196],[0.145614,-0.558244,0.816799]],[[0.99048,0.0144341,-0.1369],[-0.0791197,0.873507,-0.480338],[0.11265,0.486597,0.866333]],[[0.99048,0.0144341,-0.1369],[-0.136072,0.253214,-0.957793],[0.02084,0.967303,0.252767]],[[0.99048,0.0144341,-0.1369],[-0.132958,-0.157348,-0.978552],[-0.0356654,0.987438,-0.153931]]],"btipPosition":[39.6065,250.649,-25.9401],"carpPosition":[55.1131,281.209,77.0676],"dipPosition":[38.9365,269.199,-28.8319],"direction":[-0.02084,-0.967303,-0.252767],"extended":false,"handId":356,"id":3562,"length":66.986,"mcpPosition":[44.957,320.145,20.0985],"pipPosition":[39.5289,296.698,-21.6463],"stabilizedTipPosition":[40.4378,245.619,13.6298],"timeVisible":0.515318,"tipPosition":[39.2397,256.115,-28.2951],"tipVelocity":[-7.75574,-22.5189,-55.0901],"tool":false,"touchDistance":-0.441591,"touchZone":"hovering","type":2,"width":18.9914},{"bases":[[[0.990193,-0.117009,-0.0763316],[0.139629,0.810869,0.568326],[-0.00460419,-0.573411,0.819255]],[[0.989384,-0.0908967,-0.113389],[0.0200281,0.858085,-0.513117],[0.143938,0.505399,0.850796]],[[0.989384,-0.0908967,-0.113389],[-0.0913299,0.218,-0.971666],[0.11304,0.971707,0.207385]],[[0.989384,-0.0908967,-0.113389],[-0.128758,-0.186507,-0.97398],[0.0673838,0.97824,-0.196231]]],"btipPosition":[56.587,250.907,-16.4014],"carpPosition":[67.1169,282.756,74.9807],"dipPosition":[57.8456,269.179,-20.0666],"direction":[-0.11304,-0.971707,-0.207385],"extended":false,"handId":356,"id":3563,"length":64.4088,"mcpPosition":[67.4052,318.663,23.6782],"pipPosition":[60.9761,296.089,-14.3234],"stabilizedTipPosition":[61.8349,231.5,35.187],"timeVisible":0.515318,"tipPosition":[56.789,256.185,-18.9397],"tipVelocity":[-20.3288,7.34161,-94.0601],"tool":false,"touchDistance":-0.454208,"touchZone":"touching","type":3,"width":18.0715},{"bases":[[[0.946232,-0.314948,-0.0738464],[0.290982,0.728932,0.619667],[-0.141334,-0.607837,0.781383]],[[0.935752,-0.351724,-0.0256644],[0.281493,0.788775,-0.546439],[0.212439,0.504107,0.837106]],[[0.935752,-0.351724,-0.0256644],[0.0309062,0.154283,-0.987543],[0.351303,0.923302,0.155241]],[[0.935752,-0.351724,-0.0256644],[-0.107583,-0.215399,-0.970582],[0.335849,0.910985,-0.2394]]],"btipPosition":[67.6641,260.998,-2.84982],"carpPosition":[79.6368,277.333,70.9455],"dipPosition":[73.4513,276.696,-6.97504],"direction":[-0.351303,-0.923302,-0.155241],"extended":false,"handId":356,"id":3564,"length":50.4953,"mcpPosition":[87.8296,312.568,25.6507],"pipPosition":[80.3202,294.749,-3.93964],"stabilizedTipPosition":[77.8322,243.852,39.1302],"timeVisible":0.515318,"tipPosition":[69.3694,265.559,-5.52883],"tipVelocity":[-32.5671,15.8371,-102.79],"tool":false,"touchDistance":-0.454512,"touchZone":"touching","type":4,"width":16.0525}],"r":[[0.995836,-0.0104162,0.0905615],[-0.0035764,0.988221,0.15299],[-0.0910884,-0.152677,0.98407]],"s":0.936486,"t":[-34.8008,129.214,-173.72],"timestamp":521075124197},false],[3,{"currentFrameRate":102.113,"devices":[],"gestures":[],"hands":[{"armBasis":[[0.903137,0.302142,-0.305048],[-0.0811023,0.817744,0.56984],[0.421624,-0.489903,0.763039]],"armWidth":63.7005,"confidence":0.736224,"direction":[-0.124065,0.674275,-0.727984],"elbow":[178.894,136.349,281.7],"grabStrength":0,"id":356,"palmNormal":[0.0636002,-0.72674,-0.683962],"palmPosition":[51.1218,300.844,33.8502],"palmVelocity":[-29.2335,45.5156,-160.844],"palmWidth":90.9622,"pinchStrength":0.705049,"r":[[0.995614,-0.0111958,0.0928848],[-0.00302127,0.988449,0.151526],[-0.0935084,-0.151142,0.984079]],"s":0.939478,"sphereCenter":[53.1143,277.605,-13.6541],"sphereRadius":48.8735,"stabilizedPalmPosition":[62.0129,268.373,94.2751],"t":[-35.0275,129.598,-175.065],"timeVisible":0.524322,"type":"right","wrist":[65.0906,268.582,75.7429]}],"id":4084596,"interactionBox":{"center":[0,200,0],"size":[235.247,235.247,147.751]},"pointables":[{"bases":[[[0.317373,0.834366,0.450676],[-0.776959,-0.0436905,0.628033],[0.5437,-0.549477,0.634402]],[[0.0393026,0.992277,0.117652],[-0.808391,-0.0376328,0.587442],[0.587333,-0.118197,0.800668]],[[0.0393026,0.992277,0.117652],[-0.946973,-0.000589312,0.321313],[0.318901,-0.124042,0.939636]],[[0.0393026,0.992277,0.117652],[-0.829852,0.0979999,-0.54931],[-0.556598,-0.0760447,0.827294]]],"btipPosition":[10.824,266.597,-19.1425],"carpPosition":[37.9807,254.691,72.1961],"dipPosition":[-2.19841,264.818,0.213231],"direction":[-0.318901,0.124042,-0.939636],"extended":true,"handId":356,"id":3560,"length":52.1005,"mcpPosition":[37.9807,254.691,72.1961],"pipPosition":[8.67139,260.59,32.2409],"stabilizedTipPosition":[10.1561,227.035,60.8614],"timeVisible":0.524322,"tipPosition":[6.99961,266.019,-15.2354],"tipVelocity":[-6.69081,54.7753,-151.598],"tool":false,"touchDistance":-0.538294,"touchZone":"hovering","type":0,"width":20.2438},{"bases":[[[0.955345,0.242506,-0.168837],[-0.105702,0.814035,0.571116],[0.275938,-0.527766,0.803318]],[[0.969893,0.211113,-0.1214],[-0.162555,0.932414,0.322769],[0.181336,-0.293317,0.93866]],[[0.969893,0.211113,-0.1214],[-0.187513,0.96547,0.180852],[0.155388,-0.152643,0.975989]],[[0.969893,0.211113,-0.1214],[-0.203122,0.976281,0.0749497],[0.134343,-0.0480342,0.98977]]],"btipPosition":[9.26247,333.09,-62.4878],"carpPosition":[43.3945,277.168,77.3972],"dipPosition":[11.5571,332.269,-45.5822],"direction":[-0.155388,0.152643,-0.975989],"extended":true,"handId":356,"id":3561,"length":58.7895,"mcpPosition":[23.1,315.983,18.3154],"pipPosition":[15.3117,328.581,-21.9993],"stabilizedTipPosition":[12.6712,307.684,-14.7734],"timeVisible":0.524322,"tipPosition":[9.98435,331.393,-58.7516],"tipVelocity":[-8.59706,66.0232,-169.68],"tool":false,"touchDistance":-0.567201,"touchZone":"hovering","type":1,"width":19.3369},{"bases":[[[0.987771,0.0266226,-0.153625],[0.0634156,0.83153,0.551848],[0.142435,-0.554841,0.819673]],[[0.990906,0.0132912,-0.133897],[-0.0777418,0.868762,-0.48909],[0.109824,0.495052,0.861895]],[[0.990906,0.0132912,-0.133897],[-0.133149,0.240341,-0.961513],[0.0194013,0.970597,0.239925]],[[0.990906,0.0132912,-0.133897],[-0.129678,-0.171159,-0.976672],[-0.0358989,0.985154,-0.167878]]],"btipPosition":[39.582,250.561,-26.5271],"carpPosition":[54.6854,281.817,75.8401],"dipPosition":[38.9075,269.069,-29.6809],"direction":[-0.0194013,-0.970598,-0.239925],"extended":false,"handId":356,"id":3562,"length":66.986,"mcpPosition":[44.751,320.515,18.6706],"pipPosition":[39.4591,296.661,-22.8603],"stabilizedTipPosition":[40.4373,245.623,13.6101],"timeVisible":0.524322,"tipPosition":[39.2211,255.967,-28.9207],"tipVelocity":[-6.40513,-19.3112,-59.7013],"tool":false,"touchDistance":-0.435473,"touchZone":"hovering","type":2,"width":18.9914},{"bases":[[[0.990355,-0.118078,-0.0724894],[0.138333,0.813196,0.56531],[-0.00780235,-0.569885,0.821687]],[[0.989689,-0.0921003,-0.109695],[0.0223915,0.855924,-0.516617],[0.141471,0.508834,0.849161]],[[0.989689,-0.0921003,-0.109695],[-0.0880368,0.212957,-0.973087],[0.112982,0.972711,0.202653]],[[0.989689,-0.0921003,-0.109695],[-0.125754,-0.192104,-0.973284],[0.068567,0.977043,-0.201705]]],"btipPosition":[56.4574,251.117,-17.4409],"carpPosition":[66.6973,283.345,73.7871],"dipPosition":[57.7381,269.367,-21.2084],"direction":[-0.112982,-0.972711,-0.202653],"extended":false,"handId":356,"id":3563,"length":64.4088,"mcpPosition":[67.1859,319.032,22.3323],"pipPosition":[60.8669,296.305,-15.5962],"stabilizedTipPosition":[61.8321,231.513,35.1577],"timeVisible":0.524322,"tipPosition":[56.6718,256.345,-19.9666],"tipVelocity":[-18.5439,11.5763,-100.655],"tool":false,"touchDistance":-0.453067,"touchZone":"touching","type":3,"width":18.0715},{"bases":[[[0.946234,-0.315972,-0.0693033],[0.289449,0.731367,0.617512],[-0.14443,-0.604371,0.783502]],[[0.935731,-0.352048,-0.0216522],[0.282902,0.785773,-0.550025],[0.210649,0.50855,0.834868]],[[0.935731,-0.352048,-0.0216522],[0.0325651,0.147356,-0.988547],[0.351207,0.92431,0.14935]],[[0.935731,-0.352048,-0.0216522],[-0.106199,-0.222671,-0.969092],[0.336346,0.909109,-0.245747]]],"btipPosition":[67.4899,261.216,-3.79705],"carpPosition":[79.2266,277.896,69.8175],"dipPosition":[73.2857,276.881,-8.03165],"direction":[-0.351207,-0.92431,-0.14935],"extended":false,"handId":356,"id":3564,"length":50.4953,"mcpPosition":[87.5989,312.93,24.3998],"pipPosition":[80.1528,294.954,-5.11143],"stabilizedTipPosition":[77.8024,243.922,38.9851],"timeVisible":0.524322,"tipPosition":[69.1847,265.724,-6.45652],"tipVelocity":[-28.8733,17.9027,-104.219],"tool":false,"touchDistance":-0.45198,"touchZone":"touching","type":4,"width":16.0525}],"r":[[0.995614,-0.0111958,0.0928848],[-0.00302127,0.988449,0.151526],[-0.0935084,-0.151142,0.984079]],"s":0.939478,"t":[-35.0275,129.598,-175.065],"timestamp":521075133201},false],[4,{"currentFrameRate":102.574,"devices":[],"gestures":[],"hands":[{"armBasis":[[0.902615,0.303256,-0.305486],[-0.0822329,0.818104,0.56916],[0.422521,-0.488612,0.763371]],"armWidth":63.7005,"confidence":0.746747,"direction":[-0.123317,0.672038,-0.730176],"elbow":[178.885,137.03,280.994],"grabStrength":0,"id":356,"palmNormal":[0.0651139,-0.728727,-0.681701],"palmPosition":[50.9174,301.043,32.9362],"palmVelocity":[-27.5557,39.2716,-145.167],"palmWidth":90.9622,"pinchStrength":0.705312,"r":[[0.995403,-0.0116417,0.0950646],[-0.0027399,0.988717,0.149768],[-0.0957356,-0.14934,0.98414]],"s":0.941934,"sphereCenter":[52.8724,277.715,-14.4582],"sphereRadius":48.8423,"stabilizedPalmPosition":[61.9803,268.469,94.0947],"t":[-35.2431,129.89,-176.195],"timeVisible":0.533192,"type":"right","wrist":[64.8393,268.915,74.9464]}],"id":4084597,"interactionBox":{"center":[0,200,0],"size":[235.247,235.247,147.751]},"pointables":[{"bases":[[[0.316163,0.835889,0.448698],[-0.777924,-0.0422948,0.626934],[0.543025,-0.547266,0.636886]],[[0.0396508,0.99244,0.116153],[-0.808585,-0.0364253,0.58725],[0.587042,-0.117205,0.801028]],[[0.0396508,0.99244,0.116153],[-0.947926,0.000596749,0.318491],[0.316014,-0.122733,0.940782]],[[0.0396508,0.99244,0.116153],[-0.8263,0.0979284,-0.554651],[-0.561833,-0.073985,0.823936]]],"btipPosition":[10.822,266.76,-19.9189],"carpPosition":[37.7433,254.997,71.3981],"dipPosition":[-2.3229,265.029,-0.641758],"direction":[-0.316014,0.122733,-0.940782],"extended":true,"handId":356,"id":3560,"length":52.1005,"mcpPosition":[37.7433,254.997,71.3981],"pipPosition":[8.4485,260.846,31.425],"stabilizedTipPosition":[10.1524,227.097,60.7417],"timeVisible":0.533192,"tipPosition":[6.99531,266.149,-16.025],"tipVelocity":[-5.79923,45.2494,-134.776],"tool":false,"touchDistance":-0.524715,"touchZone":"hovering","type":0,"width":20.2438},{"bases":[[[0.955466,0.242578,-0.168049],[-0.10709,0.815662,0.568531],[0.274984,-0.525215,0.805315]],[[0.97001,0.211208,-0.120303],[-0.163112,0.932563,0.322058],[0.180211,-0.292776,0.939045]],[[0.97001,0.211208,-0.120303],[-0.187735,0.965375,0.181127],[0.154393,-0.15311,0.976074]],[[0.97001,0.211208,-0.120303],[-0.203146,0.976204,0.0758815],[0.133467,-0.0491668,0.989833]]],"btipPosition":[9.16088,333.234,-63.5105],"carpPosition":[43.1354,277.492,76.541],"dipPosition":[11.4406,332.394,-46.6038],"direction":[-0.154393,0.15311,-0.976074],"extended":true,"handId":356,"id":3561,"length":58.7895,"mcpPosition":[22.9111,316.12,17.3124],"pipPosition":[15.1711,328.694,-23.0189],"stabilizedTipPosition":[12.6487,307.875,-15.1122],"timeVisible":0.533192,"tipPosition":[9.87683,331.554,-59.7756],"tipVelocity":[-9.47683,52.381,-154.923],"tool":false,"touchDistance":-0.554151,"touchZone":"hovering","type":1,"width":19.3369},{"bases":[[[0.987996,0.0267609,-0.152145],[0.0620478,0.833201,0.549478],[0.141472,-0.552322,0.821539]],[[0.991083,0.0136095,-0.132551],[-0.078062,0.865491,-0.494805],[0.107988,0.50074,0.858835]],[[0.991083,0.0136095,-0.132551],[-0.132081,0.231735,-0.96377],[0.0176004,0.972684,0.231467]],[[0.991083,0.0136095,-0.132551],[-0.127957,-0.180321,-0.975249],[-0.0371745,0.983514,-0.176972]]],"btipPosition":[39.5534,250.409,-26.9507],"carpPosition":[54.426,282.143,74.9879],"dipPosition":[38.855,268.886,-30.2753],"direction":[-0.0176004,-0.972684,-0.231467],"extended":false,"handId":356,"id":3562,"length":66.986,"mcpPosition":[44.5588,320.666,17.6883],"pipPosition":[39.3554,296.537,-23.6952],"stabilizedTipPosition":[40.4368,245.627,13.5914],"timeVisible":0.533192,"tipPosition":[39.1919,255.76,-29.349],"tipVelocity":[-5.7091,-18.9383,-57.663],"tool":false,"touchDistance":-0.427202,"touchZone":"hovering","type":2,"width":18.9914},{"bases":[[[0.990539,-0.117696,-0.0705765],[0.136955,0.814953,0.563112],[-0.00875983,-0.56745,0.823361]],[[0.989914,-0.0918039,-0.107897],[0.0227003,0.854569,-0.518842],[0.139837,0.511159,0.848034]],[[0.989914,-0.0918039,-0.107897],[-0.086668,0.210027,-0.973847],[0.112064,0.973376,0.199952]],[[0.989914,-0.0918039,-0.107897],[-0.124148,-0.195284,-0.972857],[0.0682416,0.976441,-0.204712]]],"btipPosition":[56.3647,251.181,-18.2022],"carpPosition":[66.4402,283.673,72.9494],"dipPosition":[57.6394,269.419,-22.0258],"direction":[-0.112064,-0.973376,-0.199952],"extended":false,"handId":356,"id":3563,"length":64.4088,"mcpPosition":[66.9888,319.207,21.3898],"pipPosition":[60.7428,296.376,-16.4885],"stabilizedTipPosition":[61.83,231.523,35.135],"timeVisible":0.533192,"tipPosition":[56.5807,256.38,-20.715],"tipVelocity":[-16.3902,10.3118,-97.0273],"tool":false,"touchDistance":-0.447706,"touchZone":"touching","type":3,"width":18.0715},{"bases":[[[0.946531,-0.315607,-0.0668728],[0.288037,0.73337,0.615795],[-0.145306,-0.602131,0.785063]],[[0.936024,-0.351404,-0.0193261],[0.283195,0.784666,-0.551453],[0.208947,0.5107,0.833982]],[[0.936024,-0.351404,-0.0193261],[0.0338921,0.144663,-0.9889],[0.350299,0.92498,0.147318]],[[0.936024,-0.351404,-0.0193261],[-0.104728,-0.225694,-0.968553],[0.335992,0.908613,-0.248057]]],"btipPosition":[67.3772,261.328,-4.57847],"carpPosition":[78.979,278.22,69.0157],"dipPosition":[73.1668,276.985,-8.85287],"direction":[-0.350299,-0.92498,-0.147318],"extended":false,"handId":356,"id":3564,"length":50.4953,"mcpPosition":[87.4021,313.124,23.5076],"pipPosition":[80.0162,295.071,-5.97238],"stabilizedTipPosition":[77.7789,243.976,38.8697],"timeVisible":0.533192,"tipPosition":[69.0628,265.808,-7.21318],"tipVelocity":[-24.5337,16.4367,-100.127],"tool":false,"touchDistance":-0.446974,"touchZone":"touching","type":4,"width":16.0525}],"r":[[0.995403,-0.0116417,0.0950646],[-0.0027399,0.988717,0.149768],[-0.0957356,-0.14934,0.98414]],"s":0.941934,"t":[-35.2431,129.89,-176.195],"timestamp":521075142071},false],[5,{"currentFrameRate":102.837,"devices":[],"gestures":[],"hands":[{"armBasis":[[0.900689,0.307551,-0.306874],[-0.0845618,0.816916,0.570524],[0.426156,-0.487915,0.761794]],"armWidth":63.7005,"confidence":0.753812,"direction":[-0.122038,0.669376,-0.732832],"elbow":[179.558,137.559,279.572],"grabStrength":0,"id":356,"palmNormal":[0.068256,-0.730943,-0.679017],"palmPosition":[50.6922,301.222,31.789],"palmVelocity":[-26.6755,33.6964,-139.338],"palmWidth":90.9622,"pinchStrength":0.703992,"r":[[0.995175,-0.0116425,0.0974274],[-0.00288801,0.98903,0.147688],[-0.0980781,-0.147257,0.984224]],"s":0.944092,"sphereCenter":[52.7336,277.781,-15.4983],"sphereRadius":48.8322,"stabilizedPalmPosition":[61.9525,268.549,93.9413],"t":[-35.4635,130.125,-177.334],"timeVisible":0.542416,"type":"right","wrist":[64.531,269.256,73.9507]}],"id":4084598,"interactionBox":{"center":[0,200,0],"size":[235.247,235.247,147.751]},"pointables":[{"bases":[[[0.31358,0.837865,0.446822],[-0.779785,-0.0412918,0.624684],[0.541851,-0.544314,0.640406]],[[0.0391776,0.992648,0.114519],[-0.809528,-0.0356549,0.585998],[0.585773,-0.115665,0.802179]],[[0.0391776,0.992648,0.114519],[-0.949249,0.00117882,0.314525],[0.312077,-0.12103,0.942316]],[[0.0391776,0.992648,0.114519],[-0.823698,0.0969627,-0.558677],[-0.565674,-0.0724417,0.821441]]],"btipPosition":[10.8322,266.88,-21.0018],"carpPosition":[37.4661,255.288,70.3666],"dipPosition":[-2.4026,265.185,-1.78301],"direction":[-0.312077,0.12103,-0.942316],"extended":true,"handId":356,"id":3560,"length":52.1005,"mcpPosition":[37.4661,255.288,70.3666],"pipPosition":[8.23461,261.059,30.336],"stabilizedTipPosition":[10.1493,227.149,60.6402],"timeVisible":0.542416,"tipPosition":[7.03348,266.225,-17.1108],"tipVelocity":[-4.49239,36.452,-130.312],"tool":false,"touchDistance":-0.517022,"touchZone":"hovering","type":0,"width":20.2438},{"bases":[[[0.955628,0.243389,-0.16594],[-0.110009,0.817432,0.565423],[0.273262,-0.522079,0.807936]],[[0.970132,0.21205,-0.117811],[-0.164828,0.932552,0.321213],[0.177978,-0.2922,0.93965]],[[0.970132,0.21205,-0.117811],[-0.189011,0.965185,0.180811],[0.15205,-0.153143,0.976436]],[[0.970132,0.21205,-0.117811],[-0.20412,0.976002,0.0758615],[0.13107,-0.049548,0.990134]]],"btipPosition":[9.15562,333.301,-64.8347],"carpPosition":[42.8101,277.807,75.4495],"dipPosition":[11.3944,332.455,-47.9228],"direction":[-0.15205,0.153143,-0.976436],"extended":true,"handId":356,"id":3561,"length":58.7895,"mcpPosition":[22.7124,316.205,16.0282],"pipPosition":[15.0684,328.755,-24.3291],"stabilizedTipPosition":[12.6312,308.024,-15.3817],"timeVisible":0.542416,"tipPosition":[9.86075,331.638,-61.1011],"tipVelocity":[-7.26601,39.7078,-151.7],"tool":false,"touchDistance":-0.546914,"touchZone":"hovering","type":1,"width":19.3369},{"bases":[[[0.988419,0.0276743,-0.149202],[0.0591612,0.835151,0.54683],[0.13974,-0.549324,0.823842]],[[0.991446,0.0146812,-0.129686],[-0.0781968,0.86238,-0.500186],[0.104495,0.506049,0.856151]],[[0.991446,0.0146812,-0.129686],[-0.129663,0.224104,-0.965901],[0.0148826,0.974455,0.224091]],[[0.991446,0.0146812,-0.129686],[-0.124636,-0.188346,-0.974162],[-0.0387277,0.981993,-0.184905]]],"btipPosition":[39.6216,250.249,-27.6959],"carpPosition":[54.0987,282.47,73.9153],"dipPosition":[38.8941,268.697,-31.1696],"direction":[-0.0148826,-0.974455,-0.224091],"extended":false,"handId":356,"id":3562,"length":66.986,"mcpPosition":[44.3523,320.783,16.455],"pipPosition":[39.3172,296.399,-24.7992],"stabilizedTipPosition":[40.4364,245.631,13.574],"timeVisible":0.542416,"tipPosition":[39.2605,255.548,-30.0912],"tipVelocity":[-2.23913,-18.6886,-65.1902],"tool":false,"touchDistance":-0.424508,"touchZone":"hovering","type":2,"width":18.9914},{"bases":[[[0.990919,-0.116501,-0.0671359],[0.134053,0.817057,0.560756],[-0.010475,-0.564663,0.825255]],[[0.990369,-0.0906831,-0.104623],[0.0231619,0.853521,-0.520544],[0.136503,0.513107,0.847401]],[[0.990369,-0.0906831,-0.104623],[-0.0839536,0.207561,-0.974613],[0.110097,0.97401,0.197949]],[[0.990369,-0.0906831,-0.104623],[-0.120906,-0.198254,-0.972665],[0.0674622,0.975947,-0.207309]]],"btipPosition":[56.3668,251.249,-19.2295],"carpPosition":[66.1169,284.01,71.9084],"dipPosition":[57.6268,269.478,-23.1016],"direction":[-0.110097,-0.97401,-0.197949],"extended":false,"handId":356,"id":3563,"length":64.4088,"mcpPosition":[66.7728,319.37,20.2302],"pipPosition":[60.6758,296.451,-17.6197],"stabilizedTipPosition":[61.8283,231.53,35.1175],"timeVisible":0.542416,"tipPosition":[56.5866,256.378,-21.6643],"tipVelocity":[-11.8345,9.40567,-101.388],"tool":false,"touchDistance":-0.446846,"touchZone":"touching","type":3,"width":18.0715},{"bases":[[[0.947184,-0.314461,-0.0628945],[0.285089,0.735872,0.614179],[-0.146853,-0.599671,0.786656]],[[0.936653,-0.349915,-0.0155278],[0.283525,0.783479,-0.552968],[0.205657,0.513536,0.833058]],[[0.936653,-0.349915,-0.0155278],[0.0361966,0.140796,-0.989377],[0.348384,0.92614,0.144542]],[[0.936653,-0.349915,-0.0155278],[-0.102055,-0.230235,-0.967769],[0.335062,0.908048,-0.251361]]],"btipPosition":[67.3331,261.415,-5.51083],"carpPosition":[78.6756,278.562,68.0318],"dipPosition":[73.1068,277.062,-9.84216],"direction":[-0.348384,-0.92614,-0.144542],"extended":false,"handId":356,"id":3564,"length":50.4953,"mcpPosition":[87.1883,313.323,22.4313],"pipPosition":[79.9186,295.171,-7.01595],"stabilizedTipPosition":[77.7604,244.019,38.7779],"timeVisible":0.542416,"tipPosition":[69.0078,265.863,-8.13118],"tipVelocity":[-19.106,14.3837,-100.792],"tool":false,"touchDistance":-0.444791,"touchZone":"touching","type":4,"width":16.0525}],"r":[[0.995175,-0.0116425,0.0974274],[-0.00288801,0.98903,0.147688],[-0.0980781,-0.147257,0.984224]],"s":0.944092,"t":[-35.4635,130.125,-177.334],"timestamp":521075151295},false],[6,{"currentFrameRate":103.257,"devices":[],"gestures":[],"hands":[{"armBasis":[[0.900573,0.310798,-0.303929],[-0.0898746,0.817177,0.569336],[0.425312,-0.485413,0.763861]],"armWidth":63.7005,"confidence":0.76011,"direction":[-0.121318,0.667062,-0.735058],"elbow":[178.769,138.687,278.579],"grabStrength":0,"id":356,"palmNormal":[0.0738935,-0.732404,-0.676849],"palmPosition":[50.1969,301.516,30.0968],"palmVelocity":[-34.5677,33.5183,-153.208],"palmWidth":90.9622,"pinchStrength":0.703881,"r":[[0.99491,-0.0108549,0.100185],[-0.00385891,0.989348,0.145516],[-0.100698,-0.145162,0.98427]],"s":0.945873,"sphereCenter":[52.4451,278.004,-17.1073],"sphereRadius":48.8257,"stabilizedPalmPosition":[61.9295,268.614,93.8164],"t":[-35.8213,130.39,-178.749],"timeVisible":0.551304,"type":"right","wrist":[63.9701,269.708,72.3994]}],"id":4084599,"interactionBox":{"center":[0,200,0],"size":[235.247,235.247,147.751]},"pointables":[{"bases":[[[0.308551,0.840146,0.446039],[-0.782333,-0.0425874,0.621403],[0.541065,-0.540686,0.644134]],[[0.0360576,0.99289,0.113443],[-0.811232,-0.0372119,0.58354],[0.583612,-0.113069,0.804122]],[[0.0360576,0.99289,0.113443],[-0.951072,-0.000762391,0.308969],[0.306859,-0.119033,0.944282]],[[0.0360576,0.99289,0.113443],[-0.81962,0.0943294,-0.565088],[-0.571771,-0.0726044,0.817194]]],"btipPosition":[10.767,267.029,-22.6993],"carpPosition":[36.9726,255.631,68.7337],"dipPosition":[-2.61039,265.33,-3.57987],"direction":[-0.306859,0.119033,-0.944282],"extended":true,"handId":356,"id":3560,"length":52.1005,"mcpPosition":[36.9726,255.631,68.7337],"pipPosition":[7.84894,261.273,28.6062],"stabilizedTipPosition":[10.147,227.187,60.5644],"timeVisible":0.551304,"tipPosition":[6.96154,266.335,-18.8263],"tipVelocity":[-6.26569,31.0849,-147.495],"tool":false,"touchDistance":-0.519458,"touchZone":"hovering","type":0,"width":20.2438},{"bases":[[[0.955438,0.246494,-0.162418],[-0.115471,0.81845,0.562855],[0.271671,-0.519018,0.810441]],[[0.969952,0.215069,-0.113744],[-0.168995,0.931901,0.320939],[0.175022,-0.292073,0.940245]],[[0.969952,0.215069,-0.113744],[-0.192595,0.964411,0.181161],[0.148658,-0.153811,0.976854]],[[0.969952,0.215069,-0.113744],[-0.207271,0.975282,0.0765699],[0.127401,-0.0506933,0.990555]]],"btipPosition":[8.94568,333.482,-66.7289],"carpPosition":[42.2115,278.183,73.7823],"dipPosition":[11.1217,332.616,-49.8098],"direction":[-0.148658,0.153811,-0.976854],"extended":true,"handId":356,"id":3561,"length":58.7895,"mcpPosition":[22.2308,316.355,14.1767],"pipPosition":[14.7138,328.9,-26.2061],"stabilizedTipPosition":[12.6179,308.129,-15.5792],"timeVisible":0.551304,"tipPosition":[9.63372,331.827,-62.9965],"tipVelocity":[-12.1499,34.3016,-168.337],"tool":false,"touchDistance":-0.548944,"touchZone":"hovering","type":1,"width":19.3369},{"bases":[[[0.988949,0.0309448,-0.144989],[0.0537121,0.836746,0.54495],[0.138182,-0.546715,0.825838]],[[0.991925,0.0180796,-0.125528],[-0.0793721,0.860478,-0.503267],[0.0989152,0.509167,0.854965]],[[0.991925,0.0180796,-0.125528],[-0.126426,0.219282,-0.967436],[0.0100351,0.975494,0.219797]],[[0.991925,0.0180796,-0.125528],[-0.119695,-0.193694,-0.973733],[-0.0419187,0.980895,-0.189965]]],"btipPosition":[39.5877,250.322,-29.191],"carpPosition":[53.4895,282.883,72.2851],"dipPosition":[38.8002,268.749,-32.7597],"direction":[-0.0100351,-0.975494,-0.219797],"extended":false,"handId":356,"id":3562,"length":66.986,"mcpPosition":[43.8517,321.014,14.6857],"pipPosition":[39.0854,296.48,-26.5114],"stabilizedTipPosition":[40.4361,245.634,13.5617],"timeVisible":0.551304,"tipPosition":[39.2203,255.57,-31.5704],"tipVelocity":[-3.09049,-11.5536,-93.8466],"tool":false,"touchDistance":-0.433144,"touchZone":"hovering","type":2,"width":18.9914},{"bases":[[[0.991623,-0.113012,-0.0625448],[0.128608,0.818965,0.559247],[-0.0119798,-0.562606,0.826639]],[[0.991131,-0.0871243,-0.100342],[0.0222923,0.853396,-0.520787],[0.131005,0.513931,0.847769]],[[0.991131,-0.0871243,-0.100342],[-0.0805845,0.206362,-0.975152],[0.105666,0.974589,0.19751]],[[0.991131,-0.0871243,-0.100342],[-0.116097,-0.200308,-0.97283],[0.0646577,0.975851,-0.208647]]],"btipPosition":[56.2753,251.521,-20.8774],"carpPosition":[65.5105,284.463,70.3264],"dipPosition":[57.483,269.748,-24.7746],"direction":[-0.105666,-0.974589,-0.19751],"extended":false,"handId":356,"id":3563,"length":64.4088,"mcpPosition":[66.2607,319.693,18.5616],"pipPosition":[60.4092,296.738,-19.3048],"stabilizedTipPosition":[61.8271,231.536,35.1046],"timeVisible":0.551304,"tipPosition":[56.4904,256.564,-23.1993],"tipVelocity":[-11.7844,15.1672,-124.392],"tool":false,"touchDistance":-0.4553,"touchZone":"touching","type":3,"width":18.0715},{"bases":[[[0.9486,-0.311121,-0.0579882],[0.279709,0.738473,0.61353],[-0.148059,-0.598215,0.787539]],[[0.938031,-0.346386,-0.0107228],[0.283054,0.783643,-0.552978],[0.199947,0.515675,0.833127]],[[0.938031,-0.346386,-0.0107228],[0.039923,0.138745,-0.989523],[0.344245,0.927775,0.143976]],[[0.938031,-0.346386,-0.0107228],[-0.0971803,-0.233217,-0.967557],[0.332648,0.90864,-0.252427]]],"btipPosition":[67.1577,261.702,-7.04865],"carpPosition":[78.1059,279.051,66.5182],"dipPosition":[72.8897,277.359,-11.3983],"direction":[-0.344245,-0.927775,-0.143976],"extended":false,"handId":356,"id":3564,"length":50.4953,"mcpPosition":[86.6885,313.728,20.8665],"pipPosition":[79.6207,295.5,-8.58321],"stabilizedTipPosition":[77.7467,244.05,38.7086],"timeVisible":0.551304,"tipPosition":[68.8133,266.117,-9.62359],"tipVelocity":[-19.5692,19.3149,-1