{"sensorType":"Leap","data":[[0,{"currentFrameRate":109.123,"devices":[],"gestures":[],"hands":[{"armBasis":[[0.837988,0.482317,-0.255237],[-0.281097,0.782441,0.555671],[0.467717,-0.3939,0.791254]],"armWidth":63.7005,"confidence":0.3623,"direction":[-0.247123,0.732953,-0.633807],"elbow":[183.72,134.022,278.533],"grabStrength":0,"id":356,"palmNormal":[0.21869,-0.59503,-0.773378],"palmPosition":[37.8852,274.828,27.304],"palmVelocity":[-43.3063,-345.737,315.756],"palmWidth":90.9622,"pinchStrength":0.434191,"r":[[0.98705,0.106648,0.119828],[-0.13199,0.964472,0.228849],[-0.0911649,-0.241702,0.966059]],"s":1.06292,"sphereCenter":[40.0892,260.973,-19.8242],"sphereRadius":48.1705,"stabilizedPalmPosition":[44.5748,294.997,4.12916],"t":[-48.1165,108.042,-186.099],"timeVisible":2.41333,"type":"right","wrist":[57.4748,240.343,64.96]}],"id":4084799,"interactionBox":{"center":[0,200,0],"size":[235.247,235.247,147.751]},"pointables":[{"bases":[[[0.136032,0.807915,0.573384],[-0.76107,-0.285302,0.582559],[0.634245,-0.515632,0.57607]],[[0.000245074,0.897956,0.440085],[-0.713122,-0.30836,0.62958],[0.70104,-0.313988,0.640277]],[[0.000245074,0.897956,0.440085],[-0.947441,-0.140588,0.287386],[0.31993,-0.417025,0.850726]],[[0.000245074,0.897956,0.440085],[-0.768429,0.281794,-0.57455],[-0.639934,-0.338033,0.690085]]],"btipPosition":[2.86218,259.806,-18.6932],"carpPosition":[33.7784,222.014,58.4008],"dipPosition":[-12.11,251.897,-2.54767],"direction":[-0.31993,0.417025,-0.850726],"extended":true,"handId":356,"id":3560,"length":52.1005,"mcpPosition":[33.7784,222.014,58.4008],"pipPosition":[-1.20513,237.683,26.4495],"stabilizedTipPosition":[4.66016,279.264,-41.5803],"timeVisible":2.41333,"tipPosition":[-0.490939,257.383,-15.6324],"tipVelocity":[15.155,-348.245,274.091],"tool":false,"touchDistance":0.614959,"touchZone":"hovering","type":0,"width":20.2438},{"bases":[[[0.88909,0.44811,-0.093361],[-0.27592,0.687417,0.671808],[0.365222,-0.571537,0.734819]],[[0.931138,0.364546,0.00941469],[-0.307966,0.772269,0.55566],[0.195293,-0.520296,0.831356]],[[0.931138,0.364546,0.00941469],[-0.346813,0.877273,0.331832],[0.112709,-0.312247,0.943291]],[[0.931138,0.364546,0.00941469],[-0.361909,0.920617,0.146582],[0.0447686,-0.139896,0.989154]]],"btipPosition":[-4.26545,318.46,-62.5927],"carpPosition":[34.4713,244.144,66.8451],"dipPosition":[-3.50078,316.071,-45.6976],"direction":[-0.112709,0.312247,-0.943291],"extended":true,"handId":356,"id":3561,"length":58.7895,"mcpPosition":[7.61029,286.179,12.8013],"pipPosition":[-0.777399,308.526,-22.9048],"stabilizedTipPosition":[-0.0247474,330.177,-71.0871],"timeVisible":2.41333,"tipPosition":[-4.29258,319.223,-58.0384],"tipVelocity":[-77.5715,-343.736,344.499],"tool":false,"touchDistance":0.646349,"touchZone":"hovering","type":1,"width":19.3369},{"bases":[[[0.964182,0.242976,-0.106376],[-0.113552,0.740564,0.662322],[0.239706,-0.62652,0.741629]],[[0.968915,0.230018,-0.0910752],[-0.245005,0.841156,-0.48211],[-0.0342853,0.489437,0.871364]],[[0.968915,0.230018,-0.0910752],[-0.0490918,-0.182055,-0.982062],[-0.242472,0.956006,-0.165104]],[[0.968915,0.230018,-0.0910752],[0.094252,-0.683592,-0.723753],[-0.228734,0.692672,-0.684022]]],"btipPosition":[40.7366,231.032,-9.75092],"carpPosition":[44.6132,251.108,66.4188],"dipPosition":[36.4395,244.044,-22.6011],"direction":[0.242472,-0.956006,0.165103],"extended":false,"handId":356,"id":3562,"length":66.986,"mcpPosition":[27.8945,294.805,14.6926],"pipPosition":[29.5466,271.221,-27.2947],"stabilizedTipPosition":[40.9459,251.441,-35.5639],"timeVisible":2.41333,"tipPosition":[39.7108,233.774,-13.3993],"tipVelocity":[84.5322,-263.678,260.748],"tool":false,"touchDistance":0.333333,"touchZone":"none","type":2,"width":18.9914},{"bases":[[[0.994746,0.0916071,-0.0457034],[-0.0366757,0.735682,0.676333],[0.0955801,-0.671104,0.735176]],[[0.989258,0.122561,-0.079671],[-0.146159,0.819928,-0.553494],[-0.00251224,0.559193,0.829034]],[[0.989258,0.122561,-0.079671],[-0.0417038,-0.285744,-0.957398],[-0.140105,0.950436,-0.277563]],[[0.989258,0.122561,-0.079671],[0.0408484,-0.755079,-0.654361],[-0.140357,0.644077,-0.751974]]],"btipPosition":[56.7263,233.954,3.772],"carpPosition":[56.0977,255.257,65.1067],"dipPosition":[54.1047,245.985,-10.2736],"direction":[0.140105,-0.950436,0.277563],"extended":false,"handId":356,"id":3563,"length":64.4088,"mcpPosition":[50.1124,297.282,19.0693],"pipPosition":[50.2247,272.306,-17.9603],"stabilizedTipPosition":[56.8694,254.057,-26.043],"timeVisible":2.41333,"tipPosition":[55.9814,236.938,-0.86249],"tipVelocity":[73.5443,-262.508,319.369],"tool":false,"touchDistance":0.333333,"touchZone":"none","type":3,"width":18.0715},{"bases":[[[0.991417,-0.109505,-0.0714249],[0.127079,0.678774,0.723268],[-0.0307201,-0.726136,0.686864]],[[0.984436,-0.175552,-0.00821436],[0.144463,0.834948,-0.531029],[0.100082,0.521577,0.847314]],[[0.984436,-0.175552,-0.00821436],[-0.051062,-0.240989,-0.969184],[0.168163,0.954519,-0.246202]],[[0.984436,-0.175552,-0.00821436],[-0.132515,-0.710774,-0.690825],[0.115437,0.681162,-0.722975]]],"btipPosition":[62.4901,246.269,8.47263],"carpPosition":[69.5243,253.014,60.9677],"dipPosition":[64.4792,258.006,-3.98534],"direction":[-0.168163,-0.954519,0.246202],"extended":false,"handId":356,"id":3564,"length":50.4953,"mcpPosition":[71.305,295.107,21.1519],"pipPosition":[67.7673,276.67,-8.79928],"stabilizedTipPosition":[66.0978,265.75,-20.268],"timeVisible":2.41333,"tipPosition":[63.0149,249.047,4.47929],"tipVelocity":[35.8501,-250.994,331.611],"tool":false,"touchDistance":0.333333,"touchZone":"none","type":4,"width":16.0525}],"r":[[0.98705,0.106648,0.119828],[-0.13199,0.964472,0.228849],[-0.0911649,-0.241702,0.966059]],"s":1.06292,"t":[-48.1165,108.042,-186.099],"timestamp":521077022208},false],[1,{"currentFrameRate":109.261,"devices":[],"gestures":[],"hands":[{"armBasis":[[0.823848,0.487691,-0.288847],[-0.263042,0.780359,0.567317],[0.50208,-0.391404,0.77118]],"armWidth":63.7005,"confidence":0.398999,"direction":[-0.251219,0.723799,-0.642654],"elbow":[193.577,132.585,276.471],"grabStrength":0,"id":356,"palmNormal":[0.203487,-0.609616,-0.766134],"palmPosition":[38.1633,272.209,30.3589],"palmVelocity":[-23.0239,-331.685,323.187],"palmWidth":90.9622,"pinchStrength":0.434752,"r":[[0.98563,0.117963,0.12091],[-0.143984,0.960988,0.236158],[-0.0883352,-0.250173,0.964163]],"s":1.06296,"sphereCenter":[39.3812,257.49,-16.499],"sphereRadius":48.1366,"stabilizedPalmPosition":[44.115,293.363,6.01022],"t":[-48.1647,104.695,-183.001],"timeVisible":2.42223,"type":"right","wrist":[58.0573,238.232,68.3157]}],"id":4084800,"interactionBox":{"center":[0,200,0],"size":[235.247,235.247,147.751]},"pointables":[{"bases":[[[0.149763,0.816564,0.557489],[-0.754536,-0.269985,0.59815],[0.638941,-0.510226,0.575694]],[[0.0119729,0.90564,0.423879],[-0.704151,-0.293339,0.646624],[0.709949,-0.306217,0.634195]],[[0.0119729,0.90564,0.423879],[-0.943874,-0.129701,0.303775],[0.330088,-0.403725,0.853257]],[[0.0119729,0.90564,0.423879],[-0.770768,0.27841,-0.573066],[-0.637003,-0.319851,0.701372]]],"btipPosition":[2.36916,256.487,-14.7313],"carpPosition":[34.1448,219.962,62.4095],"dipPosition":[-12.5344,249.004,1.67829],"direction":[-0.330088,0.403725,-0.853257],"extended":true,"handId":356,"id":3560,"length":52.1005,"mcpPosition":[34.1448,219.962,62.4095],"pipPosition":[-1.28333,235.243,30.7617],"stabilizedTipPosition":[4.3504,277.937,-39.9216],"timeVisible":2.42223,"tipPosition":[-0.973138,254.244,-11.603],"tipVelocity":[-3.55277,-351.913,322.43],"tool":false,"touchDistance":0.647136,"touchZone":"hovering","type":0,"width":20.2438},{"bases":[[[0.890685,0.440177,-0.113683],[-0.261542,0.700665,0.663825],[0.371855,-0.561526,0.739197]],[[0.933518,0.358377,-0.0104666],[-0.295306,0.785129,0.544396],[0.203316,-0.505113,0.838763]],[[0.933518,0.358377,-0.0104666],[-0.336836,0.886662,0.316815],[0.12282,-0.292227,0.94843]],[[0.933518,0.358377,-0.0104666],[-0.354128,0.926225,0.129229],[0.0560071,-0.116931,0.99156]]],"btipPosition":[-4.89573,314.278,-59.7796],"carpPosition":[35.1097,242.227,70.4636],"dipPosition":[-3.93911,312.281,-42.8434],"direction":[-0.12282,0.292227,-0.94843],"extended":true,"handId":356,"id":3561,"length":58.7895,"mcpPosition":[7.76088,283.526,16.0978],"pipPosition":[-0.971416,305.22,-19.9265],"stabilizedTipPosition":[-1.03892,326.61,-67.7721],"timeVisible":2.42223,"tipPosition":[-4.87119,315.142,-55.2442],"tipVelocity":[-74.3738,-375.234,337.004],"tool":false,"touchDistance":0.657385,"touchZone":"hovering","type":1,"width":19.3369},{"bases":[[[0.964184,0.234327,-0.124259],[-0.0989682,0.752497,0.651117],[0.246079,-0.615499,0.748737]],[[0.968952,0.221862,-0.109129],[-0.246535,0.833442,-0.494566],[-0.0187733,0.506115,0.862262]],[[0.968952,0.221862,-0.109129],[-0.0633623,-0.203815,-0.976957],[-0.238992,0.953539,-0.183429]],[[0.968952,0.221862,-0.109129],[0.080715,-0.701029,-0.70855],[-0.233703,0.677743,-0.697171]]],"btipPosition":[40.2175,227.812,-5.68525],"carpPosition":[45.2916,249.11,69.7736],"dipPosition":[35.827,240.545,-18.7825],"direction":[0.238992,-0.953539,0.183429],"extended":false,"handId":356,"id":3562,"length":66.986,"mcpPosition":[28.1284,292.039,17.5517],"pipPosition":[29.0331,267.652,-23.997],"stabilizedTipPosition":[40.8687,250.521,-34.3704],"timeVisible":2.42223,"tipPosition":[39.1491,230.495,-9.43276],"tipVelocity":[45.0105,-292.27,312.296],"tool":false,"touchDistance":0.333333,"touchZone":"none","type":2,"width":18.9914},{"bases":[[[0.994586,0.0837998,-0.0614497],[-0.0219338,0.747312,0.664112],[0.101574,-0.659168,0.745104]],[[0.988823,0.1142,-0.0958493],[-0.148552,0.809376,-0.568192],[0.0126904,0.57608,0.817295]],[[0.988823,0.1142,-0.0958493],[-0.0566075,-0.307171,-0.949969],[-0.137929,0.944777,-0.297273]],[[0.988823,0.1142,-0.0958493],[0.0271248,-0.769948,-0.637529],[-0.146605,0.627804,-0.76444]]],"btipPosition":[56.4146,230.812,7.57371],"carpPosition":[56.7841,253.156,68.227],"dipPosition":[53.6763,242.538,-6.70473],"direction":[0.137929,-0.944777,0.297273],"extended":false,"handId":356,"id":3563,"length":64.4088,"mcpPosition":[50.4234,294.434,21.568],"pipPosition":[49.8566,268.702,-14.9373],"stabilizedTipPosition":[56.8312,253.334,-24.9763],"timeVisible":2.42223,"tipPosition":[55.6255,233.696,2.88741],"tipVelocity":[43.1881,-289.241,346.999],"tool":false,"touchDistance":0.333333,"touchZone":"none","type":3,"width":18.0715},{"bases":[[[0.989518,-0.117692,-0.0836792],[0.142088,0.690057,0.709671],[-0.0257794,-0.714122,0.699546]],[[0.982938,-0.182967,-0.0188913],[0.142645,0.823079,-0.549722],[0.11613,0.537647,0.835134]],[[0.982938,-0.182967,-0.0188913],[-0.0674009,-0.262713,-0.962517],[0.171146,0.947367,-0.270563]],[[0.982938,-0.182967,-0.0188913],[-0.147985,-0.725624,-0.67199],[0.109244,0.66332,-0.740319]]],"btipPosition":[62.2946,243.185,11.9114],"carpPosition":[70.1341,250.748,63.9359],"dipPosition":[64.1771,254.615,-0.845465],"direction":[-0.171145,-0.947367,0.270563],"extended":false,"handId":356,"id":3564,"length":50.4953,"mcpPosition":[71.6284,292.144,23.3849],"pipPosition":[67.5234,273.139,-6.13573],"stabilizedTipPosition":[65.9914,265.121,-19.3449],"timeVisible":2.42223,"tipPosition":[62.7781,245.869,7.85067],"tipVelocity":[19.372,-279.077,344.354],"tool":false,"touchDistance":0.333333,"touchZone":"none","type":4,"width":16.0525}],"r":[[0.98563,0.117963,0.12091],[-0.143984,0.960988,0.236158],[-0.0883352,-0.250173,0.964163]],"s":1.06296,"t":[-48.1647,104.695,-183.001],"timestamp":521077031113},false],[2,{"currentFrameRate":104.226,"devices":[],"gestures":[],"hands":[{"armBasis":[[0.883719,0.405646,-0.233435],[-0.196092,0.773803,0.60231],[0.424958,-0.486498,0.763368]],"armWidth":63.7005,"confidence":0.820055,"direction":[-0.090036,0.659391,-0.746389],"elbow":[178.547,130.628,287.564],"grabStrength":0,"id":357,"palmNormal":[0.189621,-0.724375,-0.662816],"palmPosition":[52.351,292.876,37.9065],"palmVelocity":[7.12011,104.545,-201.851],"palmWidth":90.9622,"pinchStrength":0.241705,"r":[[0.978665,0.117313,0.16868],[-0.118174,0.992981,-0.00495917],[-0.168078,-0.0150802,0.985658]],"s":1.169,"sphereCenter":[43.1349,272.874,-6.91487],"sphereRadius":49.6028,"stabilizedPalmPosition":[61.8367,251.372,110.602],"t":[-33.7882,115.296,-176.579],"timeVisible":0.406784,"type":"right","wrist":[63.8432,261.942,81.5176]}],"id":4084935,"interactionBox":{"center":[0,200,0],"size":[235.247,235.247,147.751]},"pointables":[{"bases":[[[0.206261,0.857535,0.471265],[-0.836527,-0.095318,0.539571],[0.507621,-0.505518,0.697691]],[[0.0213998,0.978318,0.206002],[-0.77445,-0.114088,0.622263],[0.632274,-0.172854,0.755216]],[[0.0213998,0.978318,0.206002],[-0.92659,-0.0579741,0.371578],[0.375465,-0.198831,0.905258]],[[0.0213998,0.978318,0.206002],[-0.973964,0.0669137,-0.216601],[-0.225689,-0.196003,0.954278]]],"btipPosition":[-0.735347,266.12,-15.6597],"carpPosition":[38.334,246.131,75.21],"dipPosition":[-6.01567,261.534,6.66703],"direction":[-0.375465,0.198831,-0.905258],"extended":true,"handId":357,"id":3570,"length":52.1005,"mcpPosition":[38.334,246.131,75.21],"pipPosition":[6.78211,254.757,37.5229],"stabilizedTipPosition":[1.12246,225.242,74.4924],"timeVisible":0.406784,"tipPosition":[-2.22096,265.979,-10.701],"tipVelocity":[35.0564,109.887,-237.459],"tool":false,"touchDistance":-0.632626,"touchZone":"hovering","type":0,"width":20.2438},{"bases":[[[0.948723,0.309065,-0.0663546],[-0.225042,0.807775,0.544845],[0.221992,-0.501975,0.835907]],[[0.940845,0.325532,-0.0940215],[-0.242164,0.84009,0.485392],[0.236997,-0.43391,0.869226]],[[0.940845,0.325532,-0.0940215],[-0.291489,0.919064,0.265246],[0.172758,-0.222149,0.959586]],[[0.940845,0.325532,-0.0940215],[-0.318587,0.944367,0.0816899],[0.115383,-0.0469035,0.992213]]],"btipPosition":[8.89668,330.69,-58.2808],"carpPosition":[41.5476,268.967,80.6643],"dipPosition":[10.8675,329.889,-41.3334],"direction":[-0.172758,0.222149,-0.959586],"extended":true,"handId":357,"id":3571,"length":58.7895,"mcpPosition":[25.2207,305.885,19.1857],"pipPosition":[15.0418,324.521,-18.1469],"stabilizedTipPosition":[10.5828,291.076,8.563],"timeVisible":0.406784,"tipPosition":[10.0865,329.459,-54.6544],"tipVelocity":[54.7493,163.413,-207.003],"tool":false,"touchDistance":-0.63116,"touchZone":"hovering","type":1,"width":19.3369},{"bases":[[[0.994363,0.0961405,-0.0447144],[-0.0564805,0.83718,0.544003],[0.0897348,-0.538411,0.837891]],[[0.996084,0.0843674,-0.0264179],[-0.0865993,0.87102,-0.483554],[-0.0177857,0.483949,0.874916]],[[0.996084,0.0843674,-0.0264179],[-0.000765242,-0.290582,-0.95685],[-0.0884035,0.953123,-0.28938]],[[0.996084,0.0843674,-0.0264179],[0.0566858,-0.83881,-0.541466],[-0.0678416,0.537848,-0.840308]]],"btipPosition":[50.9725,251.434,3.70537],"carpPosition":[52.5866,274.4,80.2912],"dipPosition":[49.698,261.538,-12.0809],"direction":[0.0884035,-0.953123,0.28938],"extended":false,"handId":357,"id":3572,"length":66.986,"mcpPosition":[46.3279,311.953,21.8511],"pipPosition":[47.1849,288.633,-20.3073],"stabilizedTipPosition":[54.5373,209.83,67.4833],"timeVisible":0.406784,"tipPosition":[50.6064,254.265,-1.1342],"tipVelocity":[30.8418,153.863,57.9228],"tool":false,"touchDistance":0.333333,"touchZone":"none","type":2,"width":18.9914},{"bases":[[[0.99814,-0.0475246,0.0381943],[0.0175959,0.82432,0.565851],[-0.0583762,-0.564126,0.823622]],[[0.996964,-0.0573965,0.052612],[0.0764346,0.850222,-0.520846],[-0.0148371,0.523286,0.852028]],[[0.996964,-0.0573965,0.052612],[0.0254035,-0.398957,-0.916618],[0.0736006,0.915171,-0.396288]],[[0.996964,-0.0573965,0.052612],[-0.0291376,-0.901643,-0.431498],[0.0722037,0.428655,-0.900578]]],"btipPosition":[65.5457,255.372,17.7105],"carpPosition":[64.6143,276.77,79.5472],"dipPosition":[66.8943,263.379,0.889283],"direction":[-0.0736006,-0.915171,0.396288],"extended":false,"handId":357,"id":3573,"length":64.4088,"mcpPosition":[68.2699,312.096,27.9713],"pipPosition":[68.9326,288.723,-10.0853],"stabilizedTipPosition":[68.1037,230.763,63.2312],"timeVisible":0.406784,"tipPosition":[65.8279,257.303,14.8521],"tipVelocity":[10.5482,108.064,-229.906],"tool":false,"touchDistance":0.333333,"touchZone":"none","type":3,"width":18.0715},{"bases":[[[0.967955,-0.248041,0.0392393],[0.167402,0.753793,0.635431],[-0.187191,-0.608499,0.77116]],[[0.978746,-0.20451,-0.0152428],[0.174933,0.871361,-0.458397],[0.107029,0.445988,0.888617]],[[0.978746,-0.20451,-0.0152428],[-0.083389,-0.328974,-0.94065],[0.187358,0.921928,-0.339036]],[[0.978746,-0.20451,-0.0152428],[-0.185884,-0.853295,-0.48717],[0.0866245,0.479649,-0.873174]]],"btipPosition":[79.7687,265.423,22.6128],"carpPosition":[77.857,272.206,77.0509],"dipPosition":[81.2613,273.688,7.56665],"direction":[-0.187358,-0.921928,0.339036],"extended":false,"handId":357,"id":3574,"length":50.4953,"mcpPosition":[88.708,307.479,32.3487],"pipPosition":[84.9247,291.714,0.937535],"stabilizedTipPosition":[81.5925,243.238,62.4307],"timeVisible":0.406784,"tipPosition":[80.0552,267.643,19.55],"tipVelocity":[16.784,101.752,-204.905],"tool":false,"touchDistance":0.333333,"touchZone":"none","type":4,"width":16.0525}],"r":[[0.978665,0.117313,0.16868],[-0.118174,0.992981,-0.00495917],[-0.168078,-0.0150802,0.985658]],"s":1.169,"t":[-33.7882,115.296,-176.579],"timestamp":521078603805},false],[3,{"currentFrameRate":104.563,"devices":[],"gestures":[],"hands":[{"armBasis":[[0.885264,0.403443,-0.231391],[-0.196708,0.775621,0.599765],[0.421442,-0.485434,0.76599]],"armWidth":63.7005,"confidence":0.828573,"direction":[-0.0873896,0.659773,-0.746366],"elbow":[177.657,131.194,287.087],"grabStrength":0,"id":357,"palmNormal":[0.190234,-0.724391,-0.662622],"palmPosition":[52.5545,293.186,36.7057],"palmVelocity":[11.3938,85.4678,-183.45],"palmWidth":90.9622,"pinchStrength":0.243287,"r":[[0.978124,0.114993,0.173349],[-0.116202,0.99322,-0.0031889],[-0.172541,-0.0170244,0.984855]],"s":1.16683,"sphereCenter":[43.3515,273.2,-8.15836],"sphereRadius":49.6024,"stabilizedPalmPosition":[61.7284,251.86,109.74],"t":[-33.6256,115.866,-177.951],"timeVisible":0.415718,"type":"right","wrist":[63.9021,262.221,80.3328]}],"id":4084936,"interactionBox":{"center":[0,200,0],"size":[235.247,235.247,147.751]},"pointables":[{"bases":[[[0.206278,0.857094,0.472059],[-0.837931,-0.0943991,0.53755],[0.505293,-0.506437,0.698713]],[[0.0214164,0.978483,0.205215],[-0.774456,-0.113573,0.622349],[0.632265,-0.172259,0.75536]],[[0.0214164,0.978483,0.205215],[-0.928653,-0.0565628,0.366611],[0.37033,-0.198425,0.90746]],[[0.0214164,0.978483,0.205215],[-0.97247,0.0680286,-0.222879],[-0.232043,-0.194792,0.953002]]],"btipPosition":[-0.358166,266.363,-16.9629],"carpPosition":[38.3871,246.446,73.9591],"dipPosition":[-5.78716,261.805,5.33391],"direction":[-0.37033,0.198425,-0.90746],"extended":true,"handId":357,"id":3570,"length":52.1005,"mcpPosition":[38.3871,246.446,73.9591],"pipPosition":[6.83562,255.042,36.2648],"stabilizedTipPosition":[1.10907,225.439,74.0687],"timeVisible":0.415718,"tipPosition":[-1.88189,266.224,-12.0099],"tipVelocity":[35.9664,87.5219,-212.678],"tool":false,"touchDistance":-0.617349,"touchZone":"hovering","type":0,"width":20.2438},{"bases":[[[0.949287,0.30783,-0.0639922],[-0.225264,0.80788,0.544597],[0.219341,-0.502564,0.836253]],[[0.941253,0.324793,-0.0924783],[-0.242379,0.840427,0.484701],[0.235149,-0.433812,0.869777]],[[0.941253,0.324793,-0.0924783],[-0.291195,0.919284,0.264805],[0.171021,-0.222319,0.959857]],[[0.941253,0.324793,-0.0924783],[-0.317938,0.9446,0.081525],[0.113834,-0.0473333,0.992372]]],"btipPosition":[9.30983,331.05,-59.5743],"carpPosition":[41.6179,269.275,79.4291],"dipPosition":[11.2542,330.241,-42.6242],"direction":[-0.171021,0.222319,-0.959857],"extended":true,"handId":357,"id":3571,"length":58.7895,"mcpPosition":[25.486,306.237,17.9251],"pipPosition":[15.3865,324.869,-19.4312],"stabilizedTipPosition":[10.5549,292.421,6.39142],"timeVisible":0.415718,"tipPosition":[10.4887,329.874,-55.9335],"tipVelocity":[52.2428,129.743,-190.007],"tool":false,"touchDistance":-0.615771,"touchZone":"hovering","type":1,"width":19.3369},{"bases":[[[0.994593,0.0948374,-0.0423197],[-0.0566623,0.837062,0.544166],[0.0870315,-0.538826,0.83791]],[[0.996274,0.0829,-0.0237818],[-0.084018,0.870691,-0.484601],[-0.0194668,0.484793,0.874412]],[[0.996274,0.0829,-0.0237818],[0.00213297,-0.299352,-0.954141],[-0.0862174,0.950535,-0.298413]],[[0.996274,0.0829,-0.0237818],[0.0577333,-0.845919,-0.530177],[-0.0640691,0.526828,-0.847554]]],"btipPosition":[51.1874,251.997,2.91422],"carpPosition":[52.665,274.694,79.0842],"dipPosition":[49.9838,261.894,-13.0081],"direction":[0.0862174,-0.950535,0.298413],"extended":false,"handId":357,"id":3572,"length":66.986,"mcpPosition":[46.5948,312.276,20.6428],"pipPosition":[47.5328,288.916,-21.4913],"stabilizedTipPosition":[54.3144,212.562,63.2892],"timeVisible":0.415718,"tipPosition":[50.8511,254.667,-1.97825],"tipVelocity":[29.4888,127.618,16.9969],"tool":false,"touchDistance":0.333333,"touchZone":"none","type":2,"width":18.9914},{"bases":[[[0.997982,-0.0488618,0.0405466],[0.0173449,0.824096,0.566185],[-0.0610791,-0.564339,0.82328]],[[0.996712,-0.0590791,0.055457],[0.0792208,0.854288,-0.513728],[-0.0170256,0.516432,0.856159]],[[0.996712,-0.0590791,0.055457],[0.0282274,-0.388378,-0.921068],[0.0759541,0.919604,-0.385434]],[[0.996712,-0.0590791,0.055457],[-0.0286357,-0.897057,-0.440986],[0.0758011,0.437948,-0.895799]]],"btipPosition":[65.7636,255.674,15.98],"carpPosition":[64.6976,277.049,78.3696],"dipPosition":[67.1794,263.854,-0.752033],"direction":[-0.0759541,-0.919604,0.385434],"extended":false,"handId":357,"id":3573,"length":64.4088,"mcpPosition":[68.5224,312.388,26.8151],"pipPosition":[69.2829,289.321,-11.4261],"stabilizedTipPosition":[68.0853,231.007,62.7654],"timeVisible":0.415718,"tipPosition":[66.0565,257.629,13.2255],"tipVelocity":[14.7978,89.0079,-219.401],"tool":false,"touchDistance":0.333333,"touchZone":"none","type":3,"width":18.0715},{"bases":[[[0.967529,-0.249338,0.0414485],[0.166892,0.753346,0.636095],[-0.189828,-0.608523,0.770497]],[[0.979034,-0.203034,-0.016409],[0.173369,0.872852,-0.45615],[0.106937,0.443742,0.889752]],[[0.979034,-0.203034,-0.016409],[-0.0831059,-0.324591,-0.942197],[0.185972,0.923806,-0.334659]],[[0.979034,-0.203034,-0.016409],[-0.184723,-0.851008,-0.491592],[0.0858458,0.484317,-0.870671]]],"btipPosition":[80.0484,265.648,21.3346],"carpPosition":[77.9401,272.468,75.9031],"dipPosition":[81.5276,273.994,6.33159],"direction":[-0.185972,-0.923806,0.334659],"extended":false,"handId":357,"id":3574,"length":50.4953,"mcpPosition":[88.944,307.742,31.2394],"pipPosition":[85.1639,292.057,-0.211932],"stabilizedTipPosition":[81.5777,243.535,61.886],"timeVisible":0.415718,"tipPosition":[80.3094,267.885,18.3053],"tipVelocity":[20.6533,81.4366,-187.729],"tool":false,"touchDistance":0.333333,"touchZone":"none","type":4,"width":16.0525}],"r":[[0.978124,0.114993,0.173349],[-0.116202,0.99322,-0.0031889],[-0.172541,-0.0170244,0.984855]],"s":1.16683,"t":[-33.6256,115.866,-177.951],"timestamp":521078612739},false],[4,{"currentFrameRate":104.771,"devices":[],"gestures":[],"hands":[{"armBasis":[[0.883373,0.407506,-0.231498],[-0.196329,0.770273,0.606741],[0.425567,-0.490528,0.760444]],"armWidth":63.7005,"confidence":0.833586,"direction":[-0.084565,0.657338,-0.748836],"elbow":[178.552,130.603,283.743],"grabStrength":0,"id":357,"palmNormal":[0.190979,-0.726903,-0.659651],"palmPosition":[52.4915,293.837,34.7244],"palmVelocity":[6.30145,81.4558,-192.622],"palmWidth":90.9622,"pinchStrength":0.247147,"r":[[0.977612,0.112986,0.177509],[-0.11436,0.993436,-0.00250302],[-0.176626,-0.017853,0.984116]],"s":1.16514,"sphereCenter":[43.2304,273.73,-10.0588],"sphereRadius":49.6018,"stabilizedPalmPosition":[61.634,252.289,108.973],"t":[-33.5758,116.477,-179.629],"timeVisible":0.424875,"type":"right","wrist":[63.6842,263.005,78.4862]}],"id":4084937,"interactionBox":{"center":[0,200,0],"size":[235.247,235.247,147.751]},"pointables":[{"bases":[[[0.206204,0.858424,0.469668],[-0.83945,-0.0914442,0.535688],[0.502796,-0.504724,0.701748]],[[0.0212261,0.979471,0.200462],[-0.774261,-0.110747,0.623101],[0.63251,-0.168436,0.756016]],[[0.0212261,0.979471,0.200462],[-0.931229,-0.0535951,0.360473],[0.363817,-0.194327,0.910974]],[[0.0212261,0.979471,0.200462],[-0.96991,0.068815,-0.233535],[-0.242535,-0.189473,0.95146]]],"btipPosition":[-0.125422,266.705,-18.9385],"carpPosition":[38.1646,247.243,72.1],"dipPosition":[-5.79989,262.272,3.32231],"direction":[-0.363817,0.194327,-0.910974],"extended":true,"handId":357,"id":3570,"length":52.1005,"mcpPosition":[38.1646,247.243,72.1],"pipPosition":[6.60088,255.648,34.373],"stabilizedTipPosition":[1.09799,225.614,73.6852],"timeVisible":0.424875,"tipPosition":[-1.73871,266.591,-13.9959],"tipVelocity":[31.309,74.4229,-213.784],"tool":false,"touchDistance":-0.613705,"touchZone":"hovering","type":0,"width":20.2438},{"bases":[[[0.949863,0.306342,-0.0625731],[-0.22559,0.810035,0.541251],[0.216494,-0.499999,0.838529]],[[0.941749,0.323566,-0.0917322],[-0.242668,0.842594,0.480778],[0.232856,-0.430511,0.872031]],[[0.941749,0.323566,-0.0917322],[-0.290818,0.92046,0.261108],[0.168922,-0.219221,0.960941]],[[0.941749,0.323566,-0.0917322],[-0.317114,0.945154,0.0782418],[0.112017,-0.0445945,0.992705]]],"btipPosition":[9.49343,331.409,-61.799],"carpPosition":[41.4119,270.087,77.5006],"dipPosition":[11.4067,330.647,-44.8432],"direction":[-0.168922,0.219221,-0.960941],"extended":true,"handId":357,"id":3571,"length":58.7895,"mcpPosition":[25.4894,306.86,15.8292],"pipPosition":[15.4884,325.35,-21.6239],"stabilizedTipPosition":[10.5351,293.655,4.34738],"timeVisible":0.424875,"tipPosition":[10.6591,330.285,-58.1413],"tipVelocity":[43.0556,104.854,-204.718],"tool":false,"touchDistance":-0.615877,"touchZone":"hovering","type":1,"width":19.3369},{"bases":[[[0.994826,0.0933639,-0.0400567],[-0.056949,0.83899,0.541159],[0.0841318,-0.536078,0.839966]],[[0.99645,0.0814289,-0.0213824],[-0.0814654,0.868506,-0.488939],[-0.0212431,0.488945,0.872056]],[[0.99645,0.0814289,-0.0213824],[0.00490427,-0.30969,-0.950825],[-0.0840466,0.947344,-0.30899]],[[0.99645,0.0814289,-0.0213824],[0.0585959,-0.853155,-0.518356],[-0.0604517,0.515263,-0.854897]]],"btipPosition":[51.1477,252.709,1.40466],"carpPosition":[52.4671,275.49,77.1659],"dipPosition":[50.0121,262.389,-14.6557],"direction":[0.0840466,-0.947344,0.30899],"extended":false,"handId":357,"id":3572,"length":66.986,"mcpPosition":[46.5992,312.88,18.5811],"pipPosition":[47.6228,289.319,-23.4395],"stabilizedTipPosition":[54.0432,215.915,58.1001],"timeVisible":0.424875,"tipPosition":[50.8373,255.246,-3.52893],"tipVelocity":[20.5394,112.195,-34.6383],"tool":false,"touchDistance":0.333333,"touchZone":"none","type":2,"width":18.9914},{"bases":[[[0.997807,-0.050056,0.0433077],[0.0169833,0.826,0.563415],[-0.0639745,-0.561444,0.825038]],[[0.996461,-0.0603805,0.0584846],[0.0819924,0.851535,-0.517847],[-0.0185338,0.520809,0.853472]],[[0.996461,-0.0603805,0.0584846],[0.0302819,-0.391188,-0.919813],[0.0784172,0.918328,-0.387975]],[[0.996461,-0.0603805,0.0584846],[-0.0285756,-0.897618,-0.439846],[0.079055,0.436618,-0.896167]]],"btipPosition":[65.6904,256.134,14.1721],"carpPosition":[64.5047,277.826,76.4746],"dipPosition":[67.167,264.29,-2.5668],"direction":[-0.0784172,-0.918328,0.387975],"extended":false,"handId":357,"id":3573,"length":64.4088,"mcpPosition":[68.5108,312.984,24.8099],"pipPosition":[69.3386,289.721,-13.3112],"stabilizedTipPosition":[68.0696,231.214,62.3648],"timeVisible":0.424875,"tipPosition":[66.0005,258.121,11.3628],"tipVelocity":[8.87187,78.0377,-213.328],"tool":false,"touchDistance":0.333333,"touchZone":"none","type":3,"width":18.0715},{"bases":[[[0.967082,-0.250487,0.0448141],[0.166253,0.75529,0.633954],[-0.192645,-0.605635,0.772071]],[[0.979365,-0.201393,-0.0168974],[0.171503,0.872415,-0.457689],[0.106917,0.445347,0.888952]],[[0.979365,-0.201393,-0.0168974],[-0.0833437,-0.326295,-0.941587],[0.184115,0.923565,-0.336347]],[[0.979365,-0.201393,-0.0168974],[-0.183721,-0.852342,-0.489652],[0.0842101,0.482652,-0.871754]]],"btipPosition":[80.0842,266.208,19.4783],"carpPosition":[77.7474,273.219,74.0582],"dipPosition":[81.5352,274.525,4.45663],"direction":[-0.184115,-0.923565,0.336347],"extended":false,"handId":357,"id":3574,"length":50.4953,"mcpPosition":[88.9145,308.326,29.3031],"pipPosition":[85.1352,292.583,-2.1199],"stabilizedTipPosition":[81.5657,243.791,61.4091],"timeVisible":0.424875,"tipPosition":[80.3107,268.426,16.4391],"tipVelocity":[15.7896,75.587,-192.036],"tool":false,"touchDistance":0.333333,"touchZone":"none","type":4,"width":16.0525}],"r":[[0.977612,0.112986,0.177509],[-0.11436,0.993436,-0.00250302],[-0.176626,-0.017853,0.984116]],"s":1.16514,"t":[-33.5758,116.477,-179.629],"timestamp":521078621896},false],[5,{"currentFrameRate":105.104,"devices":[],"gestures":[],"hands":[{"armBasis":[[0.88512,0.40481,-0.229544],[-0.195888,0.771531,0.605283],[0.422126,-0.490784,0.762195]],"armWidth":63.7005,"confidence":0.836072,"direction":[-0.0830964,0.656178,-0.750017],"elbow":[177.692,130.986,283.027],"grabStrength":0,"id":357,"palmNormal":[0.190639,-0.728253,-0.658259],"palmPosition":[52.6365,294.229,33.4735],"palmVelocity":[9.02192,71.2987,-178.492],"palmWidth":90.9622,"pinchStrength":0.251403,"r":[[0.977184,0.111193,0.180964],[-0.112638,0.993633,-0.00230292],[-0.180067,-0.0181331,0.983487]],"s":1.16382,"sphereCenter":[43.2332,274.086,-11.2568],"sphereRadius":49.6089,"stabilizedPalmPosition":[61.5583,252.642,108.338],"t":[-33.4784,116.978,-181.092],"timeVisible":0.433769,"type":"right","wrist":[63.7529,263.457,77.297]}],"id":4084938,"interactionBox":{"center":[0,200,0],"size":[235.247,235.247,147.751]},"pointables":[{"bases":[[[0.206872,0.858957,0.468398],[-0.840025,-0.0894909,0.535116],[0.501559,-0.504167,0.703033]],[[0.0207473,0.980283,0.196508],[-0.773087,-0.108902,0.624881],[0.63396,-0.164883,0.755584]],[[0.0207473,0.980283,0.196508],[-0.93299,-0.0516533,0.356177],[0.359305,-0.19073,0.913522]],[[0.0207473,0.980283,0.196508],[-0.968026,0.068843,-0.241219],[-0.249991,-0.185221,0.950367]]],"btipPosition":[0.184966,266.779,-20.1629],"carpPosition":[38.2191,247.716,70.9153],"dipPosition":[-5.66394,262.445,2.07227],"direction":[-0.359305,0.19073,-0.913522],"extended":true,"handId":357,"id":3570,"length":52.1005,"mcpPosition":[38.2191,247.716,70.9153],"pipPosition":[6.58303,255.944,33.2098],"stabilizedTipPosition":[1.08998,225.757,73.3707],"timeVisible":0.433769,"tipPosition":[-1.48417,266.709,-15.2171],"tipVelocity":[31.0585,57.1468,-193.274],"tool":false,"touchDistance":-0.599123,"touchZone":"hovering","type":0,"width":20.2438},{"bases":[[[0.950299,0.305048,-0.0622682],[-0.225043,0.811228,0.539689],[0.215145,-0.498853,0.839558]],[[0.942064,0.322562,-0.0920274],[-0.242112,0.843764,0.479004],[0.232158,-0.428971,0.872976]],[[0.942064,0.322562,-0.0920274],[-0.289934,0.921001,0.260184],[0.168683,-0.218428,0.961164]],[[0.942064,0.322562,-0.0920274],[-0.316107,0.945501,0.078125],[0.112212,-0.0445083,0.992687]]],"btipPosition":[9.70354,331.716,-63.1408],"carpPosition":[41.4904,270.565,76.2801],"dipPosition":[11.6202,330.956,-46.1853],"direction":[-0.168683,0.218428,-0.961164],"extended":true,"handId":357,"id":3571,"length":58.7895,"mcpPosition":[25.6671,307.254,14.533],"pipPosition":[15.696,325.678,-22.9607],"stabilizedTipPosition":[10.5244,294.695,2.60173],"timeVisible":0.433769,"tipPosition":[10.8663,330.618,-59.4752],"tipVelocity":[37.7968,85.7503,-190.081],"tool":false,"touchDistance":-0.602751,"touchZone":"hovering","type":1,"width":19.3369},{"bases":[[[0.994976,0.0920529,-0.0393537],[-0.0563661,0.839972,0.539694],[0.0827364,-0.534764,0.840941]],[[0.996582,0.0800319,-0.0204767],[-0.0797719,0.867899,-0.490293],[-0.0214673,0.49025,0.871317]],[[0.996582,0.0800319,-0.0204767],[0.00573087,-0.314253,-0.949322],[-0.0824109,0.94596,-0.313637]],[[0.996582,0.0800319,-0.0204767],[0.0582644,-0.856669,-0.512565],[-0.0585633,0.50962,-0.858404]]],"btipPosition":[51.2594,253.163,0.350205],"carpPosition":[52.5526,275.954,75.9459],"dipPosition":[50.1592,262.737,-15.776],"direction":[0.0824109,-0.94596,0.313637],"extended":false,"handId":357,"id":3572,"length":66.986,"mcpPosition":[46.782,313.252,17.293],"pipPosition":[47.8164,289.629,-24.692],"stabilizedTipPosition":[53.7919,219.179,53.0146],"timeVisible":0.433769,"tipPosition":[50.9644,255.62,-4.5703],"tipVelocity":[18.6178,94.8483,-57.9135],"tool":false,"touchDistance":0.333333,"touchZone":"none","type":2,"width":18.9914},{"bases":[[[0.997706,-0.0512298,0.044255],[0.0175307,0.826927,0.562035],[-0.0653886,-0.55997,0.825928]],[[0.996316,-0.0616435,0.0596201],[0.0836997,0.850376,-0.519475],[-0.0186773,0.522551,0.852403]],[[0.996316,-0.0616435,0.0596201],[0.0307351,-0.392364,-0.919297],[0.0800614,0.917742,-0.389023]],[[0.996316,-0.0616435,0.0596201],[-0.0292715,-0.897903,-0.439219],[0.080608,0.435855,-0.8964]]],"btipPosition":[65.7998,256.442,12.9839],"carpPosition":[64.5937,278.273,75.261],"dipPosition":[67.3054,264.583,-3.75932],"direction":[-0.0800614,-0.917742,0.389023],"extended":false,"handId":357,"id":3573,"length":64.4088,"mcpPosition":[68.6884,313.339,23.5406],"pipPosition":[69.5226,289.999,-14.5328],"stabilizedTipPosition":[68.058,231.378,62.0431],"timeVisible":0.433769,"tipPosition":[66.1186,258.436,10.1502],"tipVelocity":[10.0082,66.1382,-191.684],"tool":false,"touchDistance":0.333333,"touchZone":"none","type":3,"width":18.0715},{"bases":[[[0.966729,-0.251619,0.0460728],[0.166651,0.75615,0.632823],[-0.194068,-0.60409,0.772925]],[[0.979529,-0.200456,-0.018432],[0.169793,0.871924,-0.459258],[0.108132,0.446727,0.888112]],[[0.979529,-0.200456,-0.018432],[-0.0845893,-0.326792,-0.941303],[0.182667,0.923593,-0.337059]],[[0.979529,-0.200456,-0.018432],[-0.183658,-0.852436,-0.489513],[0.0824138,0.482877,-0.871801]]],"btipPosition":[80.2683,266.493,18.2789],"carpPosition":[77.8327,273.646,72.8638],"dipPosition":[81.6884,274.813,3.25645],"direction":[-0.182667,-0.923593,0.337059],"extended":false,"handId":357,"id":3574,"length":50.4953,"mcpPosition":[89.0824,308.663,28.0593],"pipPosition":[85.26,292.872,-3.33401],"stabilizedTipPosition":[81.5576,243.995,61.0231],"timeVisible":0.433769,"tipPosition":[80.4734,268.717,15.2292],"tipVelocity":[16.9075,63.7543,-176.497],"tool":false,"touchDistance":0.333333,"touchZone":"none","type":4,"width":16.0525}],"r":[[0.977184,0.111193,0.180964],[-0.112638,0.993633,-0.00230292],[-0.180067,-0.0181331,0.983487]],"s":1.16382,"t":[-33.4784,116.978,-181.092],"timestamp":521078630790},false],[6,{"currentFrameRate":105.212,"devices":[],"gestures":[],"hands":[{"armBasis":[[0.885436,0.404346,-0.229145],[-0.195931,0.771838,0.604878],[0.421442,-0.490684,0.762637]],"armWidth":63.7005,"confidence":0.840859,"direction":[-0.0818941,0.65553,-0.750716],"elbow":[177.62,131.297,282.361],"grabStrength":0,"id":357,"palmNormal":[0.19081,-0.729,-0.657382],"palmPosition":[52.8138,294.479,32.6485],"palmVelocity":[11.8531,58.7538,-153.122],"palmWidth":90.9622,"pinchStrength":0.253882,"r":[[0.976808,0.109659,0.183902],[-0.111125,0.993804,-0.00234721],[-0.18302,-0.0181434,0.982942]],"s":1.16295,"sphereCenter":[43.1929,274.342,-12.0352],"sphereRadius":49.6352,"stabilizedPalmPosition":[61.4937,252.951,107.779],"t":[-33.3411,117.354,-182.237],"timeVisible":0.443074,"type":"right","wrist":[63.865,263.741,76.512]}],"id":4084939,"interactionBox":{"center":[0,200,0],"size":[235.247,235.247,147.751]},"pointables":[{"bases":[[[0.206981,0.859256,0.4678],[-0.840626,-0.0884199,0.53435],[0.500507,-0.503846,0.704012]],[[0.0180904,0.98145,0.190862],[-0.770993,-0.107846,0.627645],[0.636586,-0.158507,0.75474]],[[0.0180904,0.98145,0.190862],[-0.934669,-0.0511887,0.351814],[0.355058,-0.184757,0.916405]],[[0.0180904,0.98145,0.190862],[-0.966363,0.0661435,-0.248529],[-0.256543,-0.179946,0.949634]]],"btipPosition":[0.45988,266.429,-20.998],"carpPosition":[38.327,248.011,70.1193],"dipPosition":[-5.54232,262.219,1.22009],"direction":[-0.355058,0.184757,-0.916405],"extended":true,"handId":357,"id":3570,"length":52.1005,"mcpPosition":[38.327,248.011,70.1193],"pipPosition":[6.55988,255.921,32.4559],"stabilizedTipPosition":[1.08424,225.87,73.116],"timeVisible":0.443074,"tipPosition":[-1.21564,266.467,-16.0391],"tipVelocity":[29.5609,31.243,-164.153],"tool":false,"touchDistance":-0.580128,"touchZone":"hovering","type":0,"width":20.2438},{"bases":[[[0.950568,0.304347,-0.0615939],[-0.225038,0.811887,0.5387],[0.213959,-0.49821,0.840243]],[[0.942209,0.322165,-0.0919397],[-0.242127,0.844471,0.477748],[0.231554,-0.427877,0.873673]],[[0.942209,0.322165,-0.0919397],[-0.289632,0.921204,0.2598],[0.168393,-0.218157,0.961276]],[[0.942209,0.322165,-0.0919397],[-0.315664,0.945614,0.0785472],[0.112245,-0.0449858,0.992662]]],"btipPosition":[9.94112,331.921,-64.0375],"carpPosition":[41.6083,270.863,75.466],"dipPosition":[11.8583,331.153,-47.0824],"direction":[-0.168393,0.218157,-0.961276],"extended":true,"handId":357,"id":3571,"length":58.7895,"mcpPosition":[25.8723,307.505,13.6685],"pipPosition":[15.9272,325.882,-23.8551],"stabilizedTipPosition":[10.5208,295.623,1.03005],"timeVisible":0.443074,"tipPosition":[11.1004,330.849,-60.3641],"tipVelocity":[34.3369,67.7034,-163.617],"tool":false,"touchDistance":-0.584261,"touchZone":"hovering","type":1,"width":19.3369},{"bases":[[[0.995078,0.0913425,-0.0384344],[-0.0563419,0.840517,0.538848],[0.0815245,-0.53403,0.841526]],[[0.996673,0.0791836,-0.0193017],[-0.0783933,0.866598,-0.49281],[-0.0222957,0.492684,0.869923]],[[0.996673,0.0791836,-0.0193017],[0.00704223,-0.319607,-0.947524],[-0.0811973,0.944236,-0.319101]],[[0.996673,0.0791836,-0.0193017],[0.0585122,-0.860038,-0.506864],[-0.0567355,0.504048,-0.86181]]],"btipPosition":[51.4369,253.439,-0.212084],"carpPosition":[52.6745,276.244,75.1378],"dipPosition":[50.3711,262.908,-16.4023],"direction":[0.0811973,-0.944236,0.319101],"extended":false,"handId":357,"id":3572,"length":66.986,"mcpPosition":[46.9885,313.491,16.4442],"pipPosition":[48.0628,289.75,-25.4736],"stabilizedTipPosition":[53.568,222.317,48.1101],"timeVisible":0.443074,"tipPosition":[51.1546,255.842,-5.14626],"tipVelocity":[18.9881,75.6857,-59.0705],"tool":false,"touchDistance":0.333333,"touchZone":"none","type":2,"width":18.9914},{"bases":[[[0.997626,-0.0518634,0.0453113],[0.0175234,0.827443,0.561277],[-0.0666023,-0.55915,0.826387]],[[0.996203,-0.0623268,0.0607811],[0.0849044,0.849881,-0.52009],[-0.0192411,0.523276,0.851946]],[[0.996203,-0.0623268,0.0607811],[0.0314787,-0.393047,-0.918979],[0.0811669,0.917404,-0.389593]],[[0.996203,-0.0623268,0.0607811],[-0.0294334,-0.898191,-0.438619],[0.0819307,0.435165,-0.896615]]],"btipPosition":[65.9699,256.662,12.1974],"carpPosition":[64.7179,278.555,74.463],"dipPosition":[67.5002,264.79,-4.54987],"direction":[-0.0811669,-0.917404,0.389593],"extended":false,"handId":357,"id":3573,"length":64.4088,"mcpPosition":[68.8886,313.569,22.7139],"pipPosition":[69.748,290.196,-15.3391],"stabilizedTipPosition":[68.0491,231.517,61.7682],"timeVisible":0.443074,"tipPosition":[66.2945,258.652,9.35164],"tipVelocity":[12.5158,54.0415,-161.447],"tool":false,"touchDistance":0.333333,"touchZone":"none","type":3,"width":18.0715},{"bases":[[[0.966511,-0.25223,0.0472859],[0.166524,0.756631,0.632281],[-0.195258,-0.603232,0.773295]],[[0.979749,-0.199272,-0.0195736],[0.168094,0.871677,-0.460351],[0.108797,0.447738,0.887521]],[[0.979749,-0.199272,-0.0195736],[-0.0852774,-0.326825,-0.941229],[0.181164,0.923838,-0.3372]],[[0.979749,-0.199272,-0.0195736],[-0.183132,-0.852264,-0.490009],[0.0809633,0.48367,-0.871498]]],"btipPosition":[80.4916,266.659,17.4956],"carpPosition":[77.9562,273.916,72.0835],"dipPosition":[81.8867,274.993,2.47833],"direction":[-0.181164,-0.923838,0.3372],"extended":false,"handId":357,"id":3574,"length":50.4953,"mcpPosition":[89.2748,308.884,27.2576],"pipPosition":[85.429,293.057,-4.11488],"stabilizedTipPosition":[81.5524,244.167,60.6935],"timeVisible":0.443074,"tipPosition":[80.6804,268.893,14.4352],"tipVelocity":[18.7368,50.8877,-150.389],"tool":false,"touchDistance":0.333333,"touchZone":"none","type":4,"width":16.0525}],"r":[[0.976808,0.109659,0.183902],[-0.111125,