{"sensorType":"Leap","data":[[0,{"currentFrameRate":105.951,"devices":[],"gestures":[],"hands":[{"armBasis":[[0.906158,0.264196,-0.33027],[-0.0354194,0.825553,0.563212],[0.421454,-0.498661,0.757439]],"armWidth":63.7005,"confidence":0.6084,"direction":[-0.138257,0.710039,-0.690456],"elbow":[173.598,133.46,277.553],"grabStrength":0,"id":355,"palmNormal":[0.0076216,-0.696368,-0.717645],"palmPosition":[44.8628,302.585,33.4272],"palmVelocity":[26.0962,11.9474,-164.802],"palmWidth":90.9622,"pinchStrength":0.382665,"r":[[0.95579,0.0331457,0.292178],[0.0225465,0.982441,-0.185207],[-0.293186,0.183607,0.938259]],"s":1.16669,"sphereCenter":[52.5811,279.115,-19.2546],"sphereRadius":54.1682,"stabilizedPalmPosition":[37.6854,277.704,115.109],"t":[1.18106,54.4056,-120.386],"timeVisible":0.43394,"type":"right","wrist":[59.8404,268.058,73.1073]}],"id":4084259,"interactionBox":{"center":[0,200,0],"size":[235.247,235.247,147.751]},"pointables":[{"bases":[[[0.364726,0.803445,0.470586],[-0.746493,-0.0497638,0.66353],[0.556528,-0.593296,0.581616]],[[0.0686865,0.986109,0.151232],[-0.765336,-0.0451564,0.642045],[0.639955,-0.159843,0.751603]],[[0.0686865,0.986109,0.151232],[-0.930317,0.00856937,0.366656],[0.360267,-0.165878,0.917983]],[[0.0686865,0.986109,0.151232],[-0.994627,0.0794566,-0.0663578],[-0.0774523,-0.145861,0.986269]]],"btipPosition":[-10.2321,272.176,-21.5608],"carpPosition":[32.1709,255.133,70.3107],"dipPosition":[-12.0442,268.763,1.51434],"direction":[-0.360267,0.165878,-0.917983],"extended":false,"handId":355,"id":3550,"length":52.1005,"mcpPosition":[32.1709,255.133,70.3107],"pipPosition":[0.235589,263.109,32.804],"stabilizedTipPosition":[-23.4127,230.459,104.135],"timeVisible":0.43394,"tipPosition":[-11.1151,271.256,-16.0687],"tipVelocity":[54.6572,20.9782,-187.426],"tool":false,"touchDistance":-0.498709,"touchZone":"hovering","type":0,"width":20.2438},{"bases":[[[0.953094,0.222215,-0.205505],[-0.0524219,0.789893,0.610999],[0.2981,-0.571567,0.764492]],[[0.981407,0.153876,-0.114728],[-0.0999598,0.920027,0.37889],[0.163855,-0.360377,0.918303]],[[0.981407,0.153876,-0.114728],[-0.121044,0.960067,0.25223],[0.148959,-0.233653,0.960842]],[[0.981407,0.153876,-0.114728],[-0.135098,0.978383,0.156576],[0.136341,-0.138165,0.98098]]],"btipPosition":[3.63819,342.703,-59.4187],"carpPosition":[38.5281,277.183,76.2202],"dipPosition":[5.96695,340.344,-42.6632],"direction":[-0.148959,0.233653,-0.960842],"extended":true,"handId":355,"id":3551,"length":58.7895,"mcpPosition":[16.6037,319.22,19.994],"pipPosition":[9.56625,334.698,-19.4464],"stabilizedTipPosition":[-14.7014,301.72,37.6223],"timeVisible":0.43394,"tipPosition":[4.37897,340.728,-55.9104],"tipVelocity":[54.9884,47.3866,-167.048],"tool":false,"touchDistance":-0.500371,"touchZone":"hovering","type":1,"width":19.3369},{"bases":[[[0.979484,0.00501611,-0.201459],[0.116022,0.80335,0.584096],[0.164772,-0.595487,0.786286]],[[0.98252,-0.00663209,-0.186041],[-0.0801401,0.886953,-0.454853],[0.168027,0.461812,0.870917]],[[0.98252,-0.00663209,-0.186041],[-0.128942,0.696576,-0.705801],[0.134273,0.717452,0.683545]],[[0.98252,-0.00663209,-0.186041],[-0.149034,0.570837,-0.807425],[0.111554,0.821037,0.55987]]],"btipPosition":[24.3678,265.03,-52.4487],"carpPosition":[49.8693,281.57,74.3073],"dipPosition":[26.4634,280.454,-41.9309],"direction":[-0.134273,-0.717452,-0.683545],"extended":false,"handId":355,"id":3552,"length":66.986,"mcpPosition":[38.377,323.103,19.4665],"pipPosition":[30.2805,300.85,-22.4993],"stabilizedTipPosition":[6.89817,241.345,47.6251],"timeVisible":0.43394,"tipPosition":[24.9484,267.857,-49.4799],"tipVelocity":[42.8076,20.8302,-173.1],"tool":false,"touchDistance":-0.495137,"touchZone":"hovering","type":2,"width":18.9914},{"bases":[[[0.981504,-0.143244,-0.127009],[0.190899,0.782263,0.592978],[0.0144145,-0.606256,0.795139]],[[0.981,-0.130753,-0.143326],[0.0530019,0.891289,-0.450327],[0.186626,0.434175,0.881285]],[[0.981,-0.130753,-0.143326],[-0.01284,0.69339,-0.720448],[0.193581,0.7086,0.678537]],[[0.981,-0.130753,-0.143326],[-0.0463337,0.559488,-0.827542],[0.188392,0.81846,0.5428]]],"btipPosition":[43.6907,266.503,-46.3592],"carpPosition":[61.8089,282.842,71.7262],"dipPosition":[47.2095,281.79,-36.2207],"direction":[-0.193581,-0.7086,-0.678537],"extended":false,"handId":355,"id":3553,"length":64.4088,"mcpPosition":[60.9063,320.807,21.9339],"pipPosition":[52.5705,301.414,-17.4296],"stabilizedTipPosition":[28.0313,251.914,37.5822],"timeVisible":0.43394,"tipPosition":[44.5602,269.583,-43.7045],"tipVelocity":[40.5492,10.8661,-161.177],"tool":false,"touchDistance":-0.483269,"touchZone":"hovering","type":3,"width":18.0715},{"bases":[[[0.931451,-0.339719,-0.130347],[0.341753,0.693805,0.633908],[-0.124915,-0.635,0.762345]],[[0.89964,-0.436574,-0.00718982],[0.37028,0.771549,-0.517305],[0.231389,0.462726,0.855771]],[[0.89964,-0.436574,-0.00718982],[0.255517,0.539749,-0.802111],[0.354061,0.719774,0.597131]],[[0.89964,-0.436574,-0.00718982],[0.185738,0.397545,-0.898587],[0.395158,0.80707,0.438736]]],"btipPosition":[59.2845,269.692,-26.7778],"carpPosition":[73.9548,277.22,66.8993],"dipPosition":[66.0937,283.599,-19.2177],"direction":[-0.354061,-0.719774,-0.597131],"extended":false,"handId":355,"id":3554,"length":50.4953,"mcpPosition":[81.1958,314.029,22.708],"pipPosition":[73.0166,297.672,-7.5421],"stabilizedTipPosition":[46.5198,260.179,46.999],"timeVisible":0.43394,"tipPosition":[60.9862,273.113,-25.3099],"tipVelocity":[24.7642,-13.8982,-130.638],"tool":false,"touchDistance":-0.44787,"touchZone":"touching","type":4,"width":16.0525}],"r":[[0.95579,0.0331457,0.292178],[0.0225465,0.982441,-0.185207],[-0.293186,0.183607,0.938259]],"s":1.16669,"t":[1.18106,54.4056,-120.386],"timestamp":521071697433},false],[1,{"currentFrameRate":106.281,"devices":[],"gestures":[],"hands":[{"armBasis":[[0.906815,0.264082,-0.328552],[-0.0360086,0.825113,0.563819],[0.419987,-0.499449,0.757734]],"armWidth":63.7005,"confidence":0.631534,"direction":[-0.136062,0.710331,-0.690592],"elbow":[173.304,133.192,276.685],"grabStrength":0,"id":355,"palmNormal":[0.00875365,-0.696185,-0.717809],"palmPosition":[45.0854,302.551,32.4535],"palmVelocity":[25.8792,7.71063,-150.203],"palmWidth":90.9622,"pinchStrength":0.385516,"r":[[0.955195,0.031138,0.294335],[0.0250357,0.982387,-0.185175],[-0.294916,0.184247,0.937591]],"s":1.16711,"sphereCenter":[52.8266,279.158,-20.1752],"sphereRadius":54.1192,"stabilizedPalmPosition":[37.686,277.706,115.102],"t":[1.3929,54.4516,-121.633],"timeVisible":0.442742,"type":"right","wrist":[59.9419,268.002,72.1596]}],"id":4084260,"interactionBox":{"center":[0,200,0],"size":[235.247,235.247,147.751]},"pointables":[{"bases":[[[0.36426,0.803029,0.471656],[-0.748093,-0.0493401,0.661757],[0.554682,-0.593894,0.582768]],[[0.0691727,0.986001,0.151713],[-0.766725,-0.044749,0.640414],[0.638238,-0.160621,0.752896]],[[0.0691727,0.986001,0.151713],[-0.931882,0.00957834,0.362636],[0.356106,-0.166463,0.919499]],[[0.0691727,0.986001,0.151713],[-0.993919,0.0811763,-0.0744025],[-0.0856764,-0.145644,0.98562]]],"btipPosition":[-9.71434,272.197,-22.6781],"carpPosition":[32.2687,255.1,69.2945],"dipPosition":[-11.7189,268.789,0.381922],"direction":[-0.356106,0.166463,-0.919499],"extended":false,"handId":355,"id":3550,"length":52.1005,"mcpPosition":[32.2687,255.1,69.2945],"pipPosition":[0.419088,263.115,31.7232],"stabilizedTipPosition":[-23.4089,230.47,104.1],"timeVisible":0.442742,"tipPosition":[-10.6745,271.287,-17.196],"tipVelocity":[54.4237,16.003,-171.233],"tool":false,"touchDistance":-0.493982,"touchZone":"hovering","type":0,"width":20.2438},{"bases":[[[0.953753,0.221506,-0.203202],[-0.0532279,0.789775,0.611083],[0.295842,-0.572007,0.76504]],[[0.981801,0.153107,-0.112359],[-0.0995671,0.918793,0.381976],[0.161718,-0.363838,0.917316]],[[0.981801,0.153107,-0.112359],[-0.120472,0.959474,0.254747],[0.146809,-0.236574,0.960458]],[[0.981801,0.153107,-0.112359],[-0.134401,0.978168,0.158504],[0.134174,-0.140518,0.980944]]],"btipPosition":[4.08657,342.956,-60.4023],"carpPosition":[38.6297,277.143,75.2248],"dipPosition":[6.37832,340.556,-43.6474],"direction":[-0.146809,0.236574,-0.960458],"extended":true,"handId":355,"id":3551,"length":58.7895,"mcpPosition":[16.8714,319.213,18.9583],"pipPosition":[9.92567,334.839,-20.4398],"stabilizedTipPosition":[-14.6522,301.824,37.3826],"timeVisible":0.442742,"tipPosition":[4.81339,340.988,-56.8961],"tipVelocity":[53.6371,42.0597,-152.15],"tool":false,"touchDistance":-0.493422,"touchZone":"hovering","type":1,"width":19.3369},{"bases":[[[0.979959,0.00428429,-0.199151],[0.11529,0.803103,0.58458],[0.162444,-0.595825,0.786514]],[[0.982948,-0.00736723,-0.183734],[-0.0783277,0.887236,-0.454617],[0.166365,0.461256,0.87153]],[[0.982948,-0.00736723,-0.183734],[-0.126711,0.696958,-0.705829],[0.133255,0.717074,0.68414]],[[0.982948,-0.00736723,-0.183734],[-0.146673,0.571224,-0.807583],[0.110903,0.820761,0.560403]]],"btipPosition":[24.761,265.049,-53.4887],"carpPosition":[49.9788,281.522,73.3398],"dipPosition":[26.8444,280.468,-42.9608],"direction":[-0.133255,-0.717074,-0.68414],"extended":false,"handId":355,"id":3552,"length":66.986,"mcpPosition":[38.6489,323.078,18.483],"pipPosition":[30.6325,300.852,-23.5123],"stabilizedTipPosition":[6.89967,241.347,47.6171],"timeVisible":0.442742,"tipPosition":[25.3359,267.882,-50.5239],"tipVelocity":[43.2234,15.7414,-158.225],"tool":false,"touchDistance":-0.489522,"touchZone":"hovering","type":2,"width":18.9914},{"bases":[[[0.981685,-0.143997,-0.124736],[0.190128,0.781954,0.593632],[0.0120571,-0.606476,0.79501]],[[0.981203,-0.131003,-0.141698],[0.0533396,0.889778,-0.453265],[0.185459,0.437187,0.880041]],[[0.981203,-0.131003,-0.141698],[-0.0125478,0.689408,-0.724264],[0.192568,0.712428,0.674806]],[[0.981203,-0.131003,-0.141698],[-0.04601,0.554286,-0.831053],[0.187412,0.821952,0.53784]]],"btipPosition":[44.0534,266.154,-47.0388],"carpPosition":[61.9255,282.785,70.787],"dipPosition":[47.5539,281.506,-36.9928],"direction":[-0.192568,-0.712428,-0.674806],"extended":false,"handId":355,"id":3553,"length":64.4088,"mcpPosition":[61.1705,320.763,21.0028],"pipPosition":[52.8868,301.236,-18.3051],"stabilizedTipPosition":[28.0327,251.915,37.5751],"timeVisible":0.442742,"tipPosition":[44.9221,269.408,-44.534],"tipVelocity":[40.5976,-2.28254,-139.203],"tool":false,"touchDistance":-0.473788,"touchZone":"hovering","type":3,"width":18.0715},{"bases":[[[0.931483,-0.34043,-0.128243],[0.340815,0.693365,0.634894],[-0.127218,-0.635101,0.761881]],[[0.899331,-0.437237,-0.00526158],[0.372053,0.771467,-0.516154],[0.229741,0.462236,0.85648]],[[0.899331,-0.437237,-0.00526158],[0.25775,0.539796,-0.801365],[0.353227,0.719336,0.598153]],[[0.899331,-0.437237,-0.00526158],[0.188066,0.39763,-0.898065],[0.39476,0.806668,0.43983]]],"btipPosition":[59.6228,269.665,-27.7268],"carpPosition":[74.0782,277.154,65.9873],"dipPosition":[66.4251,283.565,-20.1478],"direction":[-0.353227,-0.719336,-0.598153],"extended":false,"handId":355,"id":3554,"length":50.4953,"mcpPosition":[81.4527,313.97,21.8229],"pipPosition":[73.3317,297.63,-8.45224],"stabilizedTipPosition":[46.5212,260.18,46.9922],"timeVisible":0.442742,"tipPosition":[61.3226,273.083,-26.2519],"tipVelocity":[28.4,-11.02,-124.356],"tool":false,"touchDistance":-0.445586,"touchZone":"touching","type":4,"width":16.0525}],"r":[[0.955195,0.031138,0.294335],[0.0250357,0.982387,-0.185175],[-0.294916,0.184247,0.937591]],"s":1.16711,"t":[1.3929,54.4516,-121.633],"timestamp":521071706235},false],[2,{"currentFrameRate":106.447,"devices":[],"gestures":[],"hands":[{"armBasis":[[0.908796,0.261759,-0.324919],[-0.0362463,0.825317,0.563505],[0.415663,-0.500334,0.759533]],"armWidth":63.7005,"confidence":0.651087,"direction":[-0.134587,0.7106,-0.690604],"elbow":[172.409,132.933,276.389],"grabStrength":0,"id":355,"palmNormal":[0.00922466,-0.696016,-0.717967],"palmPosition":[45.4377,302.552,31.6598],"palmVelocity":[29.4475,5.60096,-132.792],"palmWidth":90.9622,"pinchStrength":0.387574,"r":[[0.954636,0.029377,0.296323],[0.0272231,0.982344,-0.18509],[-0.296529,0.18476,0.936981]],"s":1.16769,"sphereCenter":[53.1285,279.229,-20.9296],"sphereRadius":54.08,"stabilizedPalmPosition":[37.6865,277.707,115.096],"t":[1.67501,54.475,-122.653],"timeVisible":0.451832,"type":"right","wrist":[60.2142,267.982,71.3778]}],"id":4084261,"interactionBox":{"center":[0,200,0],"size":[235.247,235.247,147.751]},"pointables":[{"bases":[[[0.364206,0.802644,0.472353],[-0.749038,-0.0489475,0.660717],[0.553441,-0.594447,0.583384]],[[0.069958,0.985849,0.152344],[-0.767388,-0.0443892,0.639645],[0.637356,-0.161655,0.753422]],[[0.069958,0.985849,0.152344],[-0.932888,0.0105671,0.360011],[0.353306,-0.167305,0.920426]],[[0.069958,0.985849,0.152344],[-0.993252,0.0830003,-0.0809995],[-0.0924978,-0.145649,0.985003]]],"btipPosition":[-9.14861,272.279,-23.5446],"carpPosition":[32.5353,255.101,68.4714],"dipPosition":[-11.3127,268.871,-0.498992],"direction":[-0.353306,0.167305,-0.920426],"extended":false,"handId":355,"id":3550,"length":52.1005,"mcpPosition":[32.5353,255.101,68.4714],"pipPosition":[0.729784,263.168,30.8739],"stabilizedTipPosition":[-23.4049,230.482,104.065],"timeVisible":0.451832,"tipPosition":[-10.1683,271.365,-18.077],"tipVelocity":[55.4691,14.0622,-150.313],"tool":false,"touchDistance":-0.485964,"touchZone":"hovering","type":0,"width":20.2438},{"bases":[[[0.954195,0.220849,-0.201837],[-0.0534829,0.789665,0.611203],[0.294367,-0.572412,0.765306]],[[0.982047,0.152477,-0.111064],[-0.0988283,0.917369,0.385573],[0.160678,-0.367675,0.915968]],[[0.982047,0.152477,-0.111064],[-0.119687,0.958725,0.257917],[0.145806,-0.239994,0.959762]],[[0.982047,0.152477,-0.111064],[-0.133596,0.977842,0.161171],[0.133178,-0.14344,0.980657]]],"btipPosition":[4.5558,343.278,-61.1511],"carpPosition":[38.9045,277.139,74.4158],"dipPosition":[6.83053,340.828,-44.4011],"direction":[-0.145806,0.239994,-0.959762],"extended":true,"handId":355,"id":3551,"length":58.7895,"mcpPosition":[17.2546,319.238,18.1298],"pipPosition":[10.3537,335.029,-21.2104],"stabilizedTipPosition":[-14.6026,301.927,37.1445],"timeVisible":0.451832,"tipPosition":[5.27712,341.313,-57.6501],"tipVelocity":[52.9595,39.8825,-132.865],"tool":false,"touchDistance":-0.483663,"touchZone":"hovering","type":1,"width":19.3369},{"bases":[[[0.980235,0.00360721,-0.197804],[0.115081,0.802875,0.584935],[0.160922,-0.596137,0.786591]],[[0.983193,-0.00804719,-0.182389],[-0.0770157,0.887503,-0.454321],[0.165527,0.460733,0.871967]],[[0.983193,-0.00804719,-0.182389],[-0.125213,0.697315,-0.705743],[0.132862,0.71672,0.684588]],[[0.983193,-0.00804719,-0.182389],[-0.145138,0.571585,-0.807605],[0.11075,0.820504,0.560811]]],"btipPosition":[25.2021,265.098,-54.3277],"carpPosition":[50.2595,281.509,72.5475],"dipPosition":[27.2827,280.512,-43.7922],"direction":[-0.132862,-0.71672,-0.684588],"extended":false,"handId":355,"id":3552,"length":66.986,"mcpPosition":[39.0357,323.087,17.6854],"pipPosition":[31.0597,300.887,-24.3309],"stabilizedTipPosition":[6.90134,241.35,47.6083],"timeVisible":0.451832,"tipPosition":[25.7741,267.937,-51.3675],"tipVelocity":[44.6742,12.846,-139.916],"tool":false,"touchDistance":-0.481461,"touchZone":"hovering","type":2,"width":18.9914},{"bases":[[[0.981749,-0.144693,-0.123423],[0.189891,0.781668,0.594085],[0.0105158,-0.606679,0.794878]],[[0.981285,-0.13141,-0.140752],[0.0539356,0.889259,-0.454212],[0.184853,0.43812,0.879705]],[[0.981285,-0.13141,-0.140752],[-0.0119516,0.687975,-0.725636],[0.19219,0.713738,0.673529]],[[0.981285,-0.13141,-0.140752],[-0.0454154,0.552388,-0.832349],[0.187129,0.823164,0.536082]]],"btipPosition":[44.4778,266.045,-47.7228],"carpPosition":[62.2106,282.764,70.0115],"dipPosition":[47.973,281.42,-37.7097],"direction":[-0.19219,-0.713738,-0.673529],"extended":false,"handId":355,"id":3553,"length":64.4088,"mcpPosition":[61.5521,320.755,20.2356],"pipPosition":[53.2954,301.186,-19.0573],"stabilizedTipPosition":[28.0345,251.917,37.5667],"timeVisible":0.451832,"tipPosition":[45.3455,269.369,-45.2787],"tipVelocity":[42.2473,-4.80786,-121.723],"tool":false,"touchDistance":-0.465116,"touchZone":"touching","type":3,"width":18.0715},{"bases":[[[0.931406,-0.341089,-0.127047],[0.340455,0.692957,0.635532],[-0.128735,-0.635192,0.76155]],[[0.899072,-0.43778,-0.00429684],[0.373195,0.77149,-0.515294],[0.228901,0.461683,0.857003]],[[0.899072,-0.43778,-0.00429684],[0.259104,0.539983,-0.800802],[0.352896,0.718865,0.598914]],[[0.899072,-0.43778,-0.00429684],[0.189438,0.397859,-0.897675],[0.394694,0.806261,0.440636]]],"btipPosition":[60.0355,269.677,-28.515],"carpPosition":[74.3656,277.126,65.2271],"dipPosition":[66.8367,283.57,-20.9222],"direction":[-0.352896,-0.718865,-0.598914],"extended":false,"handId":355,"id":3554,"length":50.4953,"mcpPosition":[81.8281,313.946,21.0819],"pipPosition":[73.7368,297.626,-9.21175],"stabilizedTipPosition":[46.5226,260.181,46.9851],"timeVisible":0.451832,"tipPosition":[61.7329,273.087,-27.0304],"tipVelocity":[33.0999,-7.6439,-113.837],"tool":false,"touchDistance":-0.441137,"touchZone":"touching","type":4,"width":16.0525}],"r":[[0.954636,0.029377,0.296323],[0.0272231,0.982344,-0.18509],[-0.296529,0.18476,0.936981]],"s":1.16769,"t":[1.67501,54.475,-122.653],"timestamp":521071715325},false],[3,{"currentFrameRate":106.664,"devices":[],"gestures":[],"hands":[{"armBasis":[[0.910517,0.259067,-0.322246],[-0.0361006,0.826202,0.562216],[0.411892,-0.500274,0.761624]],"armWidth":63.7005,"confidence":0.669776,"direction":[-0.133358,0.710988,-0.690443],"elbow":[171.688,132.892,276.4],"grabStrength":0,"id":355,"palmNormal":[0.00907923,-0.69576,-0.718217],"palmPosition":[45.799,302.524,31.1084],"palmVelocity":[32.4046,3.20014,-113.236],"palmWidth":90.9622,"pinchStrength":0.388461,"r":[[0.954143,0.0277575,0.29806],[0.0291959,0.982316,-0.184941],[-0.297923,0.185163,0.93646]],"s":1.16837,"sphereCenter":[53.4349,279.258,-21.4667],"sphereRadius":54.0647,"stabilizedPalmPosition":[37.6871,277.709,115.09],"t":[1.99668,54.4725,-123.439],"timeVisible":0.460809,"type":"right","wrist":[60.5109,267.925,70.8248]}],"id":4084262,"interactionBox":{"center":[0,200,0],"size":[235.247,235.247,147.751]},"pointables":[{"bases":[[[0.364643,0.802108,0.472926],[-0.749588,-0.0484477,0.66013],[0.552407,-0.595211,0.583584]],[[0.070952,0.98569,0.152908],[-0.767795,-0.0438889,0.639191],[0.636755,-0.162754,0.753694]],[[0.070952,0.98569,0.152908],[-0.933409,0.0115555,0.358628],[0.351729,-0.168171,0.920872]],[[0.070952,0.98569,0.152908],[-0.992878,0.0844975,-0.0839834],[-0.095702,-0.14586,0.984665]]],"btipPosition":[-8.7037,272.339,-24.1441],"carpPosition":[32.8215,255.072,67.8928],"dipPosition":[-10.9428,268.926,-1.10643],"direction":[-0.351729,0.168171,-0.920872],"extended":false,"handId":355,"id":3550,"length":52.1005,"mcpPosition":[32.8215,255.072,67.8928],"pipPosition":[1.04596,263.194,30.2817],"stabilizedTipPosition":[-23.4004,230.495,104.025],"timeVisible":0.460809,"tipPosition":[-9.74445,271.424,-18.6856],"tipVelocity":[53.3241,12.0108,-127.484],"tool":false,"touchDistance":-0.474721,"touchZone":"touching","type":0,"width":20.2438},{"bases":[[[0.954566,0.219976,-0.201031],[-0.0531634,0.789492,0.611454],[0.293217,-0.572986,0.765317]],[[0.98226,0.151614,-0.110356],[-0.0976967,0.91606,0.388959],[0.160064,-0.371277,0.914622]],[[0.98226,0.151614,-0.110356],[-0.118606,0.958123,0.260639],[0.145251,-0.242927,0.959108]],[[0.98226,0.151614,-0.110356],[-0.132566,0.977646,0.163201],[0.132633,-0.145676,0.980401]]],"btipPosition":[4.99296,343.547,-61.6397],"carpPosition":[39.208,277.101,73.8501],"dipPosition":[7.25838,341.058,-44.894],"direction":[-0.145251,0.242927,-0.959108],"extended":true,"handId":355,"id":3551,"length":58.7895,"mcpPosition":[17.6427,319.242,17.5633],"pipPosition":[10.7681,335.188,-21.7191],"stabilizedTipPosition":[-14.5511,302.032,36.9017],"timeVisible":0.460809,"tipPosition":[5.70952,341.592,-58.142],"tipVelocity":[51.7263,36.8782,-111.403],"tool":false,"touchDistance":-0.470974,"touchZone":"hovering","type":1,"width":19.3369},{"bases":[[[0.980388,0.00270713,-0.197058],[0.115433,0.802544,0.585319],[0.159733,-0.596587,0.786492]],[[0.983323,-0.00895301,-0.18165],[-0.0757618,0.887836,-0.45388],[0.165339,0.460073,0.872351]],[[0.983323,-0.00895301,-0.18165],[-0.123974,0.697783,-0.705499],[0.133068,0.716253,0.685036]],[[0.983323,-0.00895301,-0.18165],[-0.143955,0.572077,-0.807468],[0.111147,0.820151,0.561248]]],"btipPosition":[25.5901,265.133,-54.9158],"carpPosition":[50.5688,281.461,71.992],"dipPosition":[27.6782,280.54,-44.372],"direction":[-0.133068,-0.716253,-0.685036],"extended":false,"handId":355,"id":3552,"length":66.986,"mcpPosition":[39.4279,323.07,17.1368],"pipPosition":[31.461,300.902,-24.898],"stabilizedTipPosition":[6.90336,241.353,47.5977],"timeVisible":0.460809,"tipPosition":[26.1617,267.978,-51.9598],"tipVelocity":[44.328,10.3423,-119.472],"tool":false,"touchDistance":-0.470441,"touchZone":"touching","type":2,"width":18.9914},{"bases":[[[0.981698,-0.145622,-0.122731],[0.190216,0.78126,0.594517],[0.00931,-0.606982,0.794661]],[[0.981259,-0.132306,-0.140089],[0.0551328,0.889395,-0.453804],[0.184635,0.437576,0.880021]],[[0.981259,-0.132306,-0.140089],[-0.0107517,0.688287,-0.725359],[0.192391,0.713272,0.673965]],[[0.981259,-0.132306,-0.140089],[-0.0442699,0.552774,-0.832155],[0.187537,0.822761,0.536557]]],"btipPosition":[44.8623,266.049,-48.2902],"carpPosition":[62.523,282.705,69.4656],"dipPosition":[48.3651,281.417,-38.2683],"direction":[-0.192391,-0.713272,-0.673965],"extended":false,"handId":355,"id":3553,"length":64.4088,"mcpPosition":[61.94,320.715,19.7032],"pipPosition":[53.6931,301.17,-19.6038],"stabilizedTipPosition":[28.0367,251.919,37.5562],"timeVisible":0.460809,"tipPosition":[45.7313,269.372,-45.8443],"tipVelocity":[42.4605,-3.40352,-105.63],"tool":false,"touchDistance":-0.455419,"touchZone":"touching","type":3,"width":18.0715},{"bases":[[[0.931163,-0.341966,-0.126466],[0.34066,0.692384,0.636046],[-0.129943,-0.635345,0.761217]],[[0.89869,-0.438566,-0.00391746],[0.374209,0.771411,-0.514678],[0.228742,0.46107,0.857375]],[[0.89869,-0.438566,-0.00391746],[0.260097,0.540128,-0.800382],[0.353136,0.718276,0.599478]],[[0.89869,-0.438566,-0.00391746],[0.190363,0.398098,-0.897374],[0.395117,0.805716,0.441254]]],"btipPosition":[60.4097,269.659,-29.0694],"carpPosition":[74.6761,277.056,64.6883],"dipPosition":[67.2181,283.543,-21.4659],"direction":[-0.353136,-0.718276,-0.599478],"extended":false,"handId":355,"id":3554,"length":50.4953,"mcpPosition":[82.2086,313.885,20.5624],"pipPosition":[74.123,297.587,-9.74442],"stabilizedTipPosition":[46.5243,260.183,46.9768],"timeVisible":0.460809,"tipPosition":[62.1082,273.064,-27.5793],"tipVelocity":[35.5019,-6.16607,-99.4909],"tool":false,"touchDistance":-0.433635,"touchZone":"touching","type":4,"width":16.0525}],"r":[[0.954143,0.0277575,0.29806],[0.0291959,0.982316,-0.184941],[-0.297923,0.185163,0.93646]],"s":1.16837,"t":[1.99668,54.4725,-123.439],"timestamp":521071724302},false],[4,{"currentFrameRate":106.648,"devices":[],"gestures":[],"hands":[{"armBasis":[[0.911786,0.257266,-0.320093],[-0.0357223,0.826184,0.562267],[0.409108,-0.501233,0.762493]],"armWidth":63.7005,"confidence":0.685068,"direction":[-0.131667,0.710404,-0.691369],"elbow":[171.246,132.619,276.183],"grabStrength":0,"id":355,"palmNormal":[0.00919939,-0.696535,-0.717464],"palmPosition":[46.1986,302.484,30.6009],"palmVelocity":[35.2783,1.08733,-96.3395],"palmWidth":90.9622,"pinchStrength":0.388654,"r":[[0.953675,0.0263084,0.299686],[0.0310453,0.982244,-0.185021],[-0.299233,0.185754,0.935925]],"s":1.1691,"sphereCenter":[53.8371,279.188,-21.9315],"sphereRadius":54.0607,"stabilizedPalmPosition":[37.6878,277.711,115.083],"t":[2.35734,54.4514,-124.086],"timeVisible":0.470215,"type":"right","wrist":[60.8205,267.911,70.3729]}],"id":4084263,"interactionBox":{"center":[0,200,0],"size":[235.247,235.247,147.751]},"pointables":[{"bases":[[[0.364956,0.802195,0.472537],[-0.750482,-0.0468896,0.659225],[0.550984,-0.595219,0.58492]],[[0.0719211,0.985761,0.151993],[-0.768654,-0.0423316,0.638262],[0.635608,-0.162735,0.754665]],[[0.0719211,0.985761,0.151993],[-0.933941,0.0130662,0.357188],[0.350116,-0.167642,0.921583]],[[0.0719211,0.985761,0.151993],[-0.992639,0.0856292,-0.0856506],[-0.0974461,-0.144714,0.984663]]],"btipPosition":[-8.25203,272.307,-24.6903],"carpPosition":[33.1202,255.087,67.4192],"dipPosition":[-10.5319,268.922,-1.65272],"direction":[-0.350116,0.167642,-0.921583],"extended":false,"handId":355,"id":3550,"length":52.1005,"mcpPosition":[33.1202,255.087,67.4192],"pipPosition":[1.40183,263.207,29.7596],"stabilizedTipPosition":[-23.3945,230.512,103.976],"timeVisible":0.470215,"tipPosition":[-9.29834,271.4,-19.2347],"tipVelocity":[51.5276,7.82297,-107.701],"tool":false,"touchDistance":-0.463776,"touchZone":"touching","type":0,"width":20.2438},{"bases":[[[0.955072,0.218673,-0.200048],[-0.0530406,0.790203,0.610546],[0.291588,-0.572505,0.766299]],[[0.982558,0.150422,-0.109327],[-0.0967333,0.915569,0.390354],[0.158814,-0.37297,0.914151]],[[0.982558,0.150422,-0.109327],[-0.117611,0.958088,0.261217],[0.144037,-0.243803,0.959069]],[[0.982558,0.150422,-0.109327],[-0.131555,0.97781,0.163037],[0.131425,-0.145811,0.980544]]],"btipPosition":[5.53263,343.621,-62.182],"carpPosition":[39.5242,277.114,73.3613],"dipPosition":[7.77742,341.13,-45.434],"direction":[-0.144037,0.243803,-0.959069],"extended":true,"handId":355,"id":3551,"length":58.7895,"mcpPosition":[18.0787,319.22,17.0021],"pipPosition":[11.2578,335.239,-22.26],"stabilizedTipPosition":[-14.4913,302.151,36.6253],"timeVisible":0.470215,"tipPosition":[6.24018,341.691,-58.6813],"tipVelocity":[53.1926,28.6002,-96.0698],"tool":false,"touchDistance":-0.460337,"touchZone":"hovering","type":1,"width":19.3369},{"bases":[[[0.980641,0.00137926,-0.195811],[0.115604,0.803035,0.584611],[0.15805,-0.59593,0.787329]],[[0.983542,-0.010265,-0.18039],[-0.0741429,0.887526,-0.454754],[0.164769,0.460644,0.872157]],[[0.983542,-0.010265,-0.18039],[-0.122268,0.697254,-0.70632],[0.133028,0.716751,0.684523]],[[0.983542,-0.010265,-0.18039],[-0.142272,0.57143,-0.808224],[0.111377,0.820586,0.560565]]],"btipPosition":[26.0553,265.035,-55.4165],"carpPosition":[50.8923,281.459,71.513],"dipPosition":[28.1476,280.451,-44.8856],"direction":[-0.133028,-0.716751,-0.684523],"extended":false,"handId":355,"id":3552,"length":66.986,"mcpPosition":[39.8688,323.023,16.5994],"pipPosition":[31.9293,300.827,-25.4261],"stabilizedTipPosition":[6.90637,241.357,47.5822],"timeVisible":0.470215,"tipPosition":[26.6254,267.89,-52.4686],"tipVelocity":[45.8189,4.50897,-100.682],"tool":false,"touchDistance":-0.459285,"touchZone":"touching","type":2,"width":18.9914},{"bases":[[[0.981687,-0.146872,-0.121325],[0.19035,0.781675,0.593928],[0.00760518,-0.606145,0.795317]],[[0.98128,-0.133472,-0.13883],[0.0565283,0.888749,-0.454896],[0.184101,0.438533,0.879657]],[[0.98128,-0.133472,-0.13883],[-0.00930347,0.687184,-0.726424],[0.192359,0.714117,0.673079]],[[0.98128,-0.133472,-0.13883],[-0.0428566,0.551461,-0.833099],[0.187755,0.823454,0.535418]]],"btipPosition":[45.3178,265.9,-48.7344],"carpPosition":[62.8512,282.687,69.0004],"dipPosition":[48.8248,281.281,-38.7337],"direction":[-0.192359,-0.714117,-0.673079],"extended":false,"handId":355,"id":3553,"length":64.4088,"mcpPosition":[62.3749,320.645,19.197],"pipPosition":[54.1519,301.057,-20.0937],"stabilizedTipPosition":[28.0403,251.923,37.5395],"timeVisible":0.470215,"tipPosition":[46.1873,269.241,-46.3058],"tipVelocity":[44.1914,-6.86726,-89.1298],"tool":false,"touchDistance":-0.444946,"touchZone":"touching","type":3,"width":18.0715},{"bases":[[[0.930933,-0.343163,-0.124915],[0.34064,0.692673,0.635743],[-0.131638,-0.634385,0.761727]],[[0.898244,-0.43949,-0.0024473],[0.375595,0.770522,-0.515],[0.228223,0.461676,0.857187]],[[0.898244,-0.43949,-0.0024473],[0.261587,0.539098,-0.800591],[0.353171,0.718486,0.599206]],[[0.898244,-0.43949,-0.0024473],[0.191824,0.397055,-0.897525],[0.395425,0.805727,0.440957]]],"btipPosition":[60.848,269.541,-29.5254],"carpPosition":[75.0039,277.019,64.2447],"dipPosition":[67.6618,283.425,-21.9271],"direction":[-0.353171,-0.718486,-0.599206],"extended":false,"handId":355,"id":3554,"length":50.4953,"mcpPosition":[82.6346,313.793,20.0893],"pipPosition":[74.5673,297.473,-10.2109],"stabilizedTipPosition":[46.5271,260.185,46.964],"timeVisible":0.470215,"tipPosition":[62.5475,272.943,-28.0337],"tipVelocity":[38.7037,-7.98679,-84.9898],"tool":false,"touchDistance":-0.425463,"touchZone":"touching","type":4,"width":16.0525}],"r":[[0.953675,0.0263084,0.299686],[0.0310453,0.982244,-0.185021],[-0.299233,0.185754,0.935925]],"s":1.1691,"t":[2.35734,54.4514,-124.086],"timestamp":521071733708},false],[5,{"currentFrameRate":106.991,"devices":[],"gestures":[],"hands":[{"armBasis":[[0.907763,0.26606,-0.324313],[-0.0373132,0.821272,0.569316],[0.417821,-0.504702,0.755448]],"armWidth":63.7005,"confidence":0.640012,"direction":[-0.129853,0.710086,-0.692037],"elbow":[173.685,131.897,272.811],"grabStrength":0,"id":355,"palmNormal":[0.0123523,-0.696734,-0.717223],"palmPosition":[46.3962,302.674,29.0686],"palmVelocity":[31.905,6.62018,-117.562],"palmWidth":90.9622,"pinchStrength":0.388836,"r":[[0.953079,0.0253368,0.301659],[0.0324812,0.982179,-0.185118],[-0.300973,0.18623,0.935272]],"s":1.16957,"sphereCenter":[54.1211,279.342,-23.4118],"sphereRadius":54.0459,"stabilizedPalmPosition":[37.6885,277.713,115.076],"t":[2.63645,54.5359,-125.176],"timeVisible":0.478935,"type":"right","wrist":[60.9081,268.125,68.902]}],"id":4084264,"interactionBox":{"center":[0,200,0],"size":[235.247,235.247,147.751]},"pointables":[{"bases":[[[0.362572,0.802655,0.473588],[-0.752765,-0.0473655,0.656583],[0.549442,-0.59456,0.587037]],[[0.0708058,0.985796,0.152293],[-0.770976,-0.0427888,0.635425],[0.632916,-0.162406,0.756995]],[[0.0708058,0.985796,0.152293],[-0.935297,0.0125454,0.353642],[0.346709,-0.167479,0.9229]],[[0.0708058,0.985796,0.152293],[-0.992402,0.0850199,-0.0889369],[-0.100621,-0.144838,0.984326]]],"btipPosition":[-7.81761,272.477,-26.4086],"carpPosition":[33.2298,255.276,65.8542],"dipPosition":[-10.1718,269.089,-3.37884],"direction":[-0.346709,0.167479,-0.9229],"extended":false,"handId":355,"id":3550,"length":52.1005,"mcpPosition":[33.2298,255.276,65.8542],"pipPosition":[1.64582,263.38,28.0784],"stabilizedTipPosition":[-23.3888,230.527,103.929],"timeVisible":0.478935,"tipPosition":[-8.87191,271.556,-20.9599],"tipVelocity":[50.547,10.9219,-131.639],"tool":false,"touchDistance":-0.471533,"touchZone":"touching","type":0,"width":20.2438},{"bases":[[[0.955579,0.219463,-0.196736],[-0.0558986,0.790332,0.610123],[0.289387,-0.572024,0.767492]],[[0.982813,0.151236,-0.105862],[-0.0987264,0.915152,0.390833],[0.155988,-0.373664,0.914354]],[[0.982813,0.151236,-0.105862],[-0.119292,0.957934,0.261021],[0.140884,-0.243906,0.959511]],[[0.982813,0.151236,-0.105862],[-0.132977,0.977745,0.162271],[0.128047,-0.145405,0.981051]]],"btipPosition":[6.01887,343.807,-63.8467],"carpPosition":[39.5933,277.311,71.8124],"dipPosition":[8.20596,341.324,-47.0899],"direction":[-0.140884,0.243906,-0.959511],"extended":true,"handId":355,"id":3551,"length":58.7895,"mcpPosition":[18.3097,319.381,15.3656],"pipPosition":[11.6102,335.43,-23.9052],"stabilizedTipPosition":[-14.4385,302.254,36.3824],"timeVisible":0.478935,"tipPosition":[6.70956,341.907,-60.3382],"tipVelocity":[53.4724,26.719,-121.356],"tool":false,"touchDistance":-0.467576,"touchZone":"hovering","type":1,"width":19.3369},{"bases":[[[0.981325,0.00219372,-0.192346],[0.112825,0.803307,0.584781],[0.155796,-0.595562,0.788057]],[[0.984181,-0.00944101,-0.176915],[-0.0732995,0.887406,-0.455124],[0.161292,0.460892,0.872676]],[[0.984181,-0.00944101,-0.176915],[-0.120381,0.697014,-0.706881],[0.129986,0.716996,0.684851]],[[0.984181,-0.00944101,-0.176915],[-0.13992,0.571114,-0.808858],[0.108675,0.820816,0.560759]]],"btipPosition":[26.589,265.193,-57.0151],"carpPosition":[50.9639,281.665,70.0031],"dipPosition":[28.6306,280.613,-46.4806],"direction":[-0.129986,-0.716996,-0.684851],"extended":false,"handId":355,"id":3552,"length":66.986,"mcpPosition":[40.0977,323.203,15.0387],"pipPosition":[32.3257,300.995,-27.0118],"stabilizedTipPosition":[6.90975,241.361,47.5651],"timeVisible":0.478935,"tipPosition":[27.1453,268.055,-54.0713],"tipVelocity":[49.5728,8.1486,-122.748],"tool":false,"touchDistance":-0.465657,"touchZone":"touching","type":2,"width":18.9914},{"bases":[[[0.982239,-0.146035,-0.117813],[0.187557,0.782016,0.594368],[0.00533291,-0.605908,0.795517]],[[0.981879,-0.132549,-0.135443],[0.0571687,0.888577,-0.455151],[0.180681,0.43916,0.880053]],[[0.981879,-0.132549,-0.135443],[-0.0075812,0.686657,-0.726942],[0.189358,0.714796,0.673209]],[[0.981879,-0.132549,-0.135443],[-0.0406513,0.550751,-0.833679],[0.185098,0.824078,0.535383]]],"btipPosition":[45.825,266.043,-50.2355],"carpPosition":[62.9305,282.903,67.5324],"dipPosition":[49.2823,281.435,-40.2355],"direction":[-0.189358,-0.714796,-0.673209],"extended":false,"handId":355,"id":3553,"length":64.4088,"mcpPosition":[62.5966,320.846,17.7165],"pipPosition":[54.5263,301.23,-21.5919],"stabilizedTipPosition":[28.0444,251.927,37.5208],"timeVisible":0.478935,"tipPosition":[46.6826,269.4,-47.8182],"tipVelocity":[47.5747,-0.578872,-111.325],"tool":false,"touchDistance":-0.451304,"touchZone":"touching","type":3,"width":18.0715},{"bases":[[[0.931672,-0.342372,-0.121525],[0.337777,0.693159,0.63674],[-0.133765,-0.634281,0.761442]],[[0.899033,-0.437881,-0.000237627],[0.378376,0.777133,-0.502887],[0.22039,0.452022,0.864352]],[[0.899033,-0.437881,-0.000237627],[0.268331,0.55135,-0.789944],[0.346033,0.710122,0.613179]],[[0.899033,-0.437881,-0.000237627],[0.199935,0.410978,-0.889451],[0.389572,0.799598,0.457031]]],"btipPosition":[61.5898,270.371,-31.7358],"carpPosition":[75.105,277.245,62.8213],"dipPosition":[68.3027,284.149,-23.8605],"direction":[-0.346033,-0.710122,-0.613179],"extended":false,"handId":355,"id":3554,"length":50.4953,"mcpPosition":[82.8591,314.012,18.6824],"pipPosition":[75.0686,298.034,-11.8711],"stabilizedTipPosition":[46.5303,260.188,46.949],"timeVisible":0.478935,"tipPosition":[63.1518,273.522,-29.8991],"tipVelocity":[50.3845,18.8375,-128.075],"tool":false,"touchDistance":-0.44345,"touchZone":"touching","type":4,"width":16.0525}],"r":[[0.953079,0.0253368,0.301659],[0.0324812,0.982179,-0.185118],[-0.300973,0.18623,0.935272]],"s":1.16957,"t":[2.63645,54.5359,-125.176],"timestamp":521071742428},false],[6,{"currentFrameRate":107.068,"devices":[],"gestures":[],"hands":[{"armBasis":[[0.909811,0.265757,-0.318775],[-0.0406087,0.821409,0.568892],[0.413032,-0.504639,0.758119]],"armWidth":63.7005,"confidence":0.627439,"direction":[-0.127634,0.710537,-0.691987],"elbow":[172.466,131.89,272.04],"grabStrength":0,"id":355,"palmNormal":[0.0160077,-0.696127,-0.71774],"palmPosition":[46.6039,302.67,27.5451],"palmVelocity":[29.2983,4.63386,-131.006],"palmWidth":90.9622,"pinchStrength":0.388836,"r":[[0.952341,0.0246903,0.304036],[0.0335991,0.982163,-0.185003],[-0.30318,0.186402,0.934524]],"s":1.17002,"sphereCenter":[54.4785,279.377,-24.912],"sphereRadius":54.0461,"stabilizedPalmPosition":[37.6891,277.715,115.07],"t":[2.87988,54.5759,-126.482],"timeVisible":0.488133,"type":"right","wrist":[60.982,268.101,67.4103]}],"id":4084265,"interactionBox":{"center":[0,200,0],"size":[235.247,235.247,147.751]},"pointables":[{"bases":[[[0.359831,0.802604,0.475762],[-0.755456,-0.0486204,0.653393],[0.547548,-0.594528,0.588836]],[[0.0695593,0.985655,0.153769],[-0.773783,-0.0439773,0.631922],[0.62962,-0.16294,0.759625]],[[0.0695593,0.985655,0.153769],[-0.936793,0.0115561,0.349694],[0.342901,-0.168375,0.924158]],[[0.0695593,0.985655,0.153769],[-0.992165,0.0843905,-0.0921225],[-0.103778,-0.146157,0.983803]]],"btipPosition":[-7.35041,272.518,-28.1884],"carpPosition":[33.3289,255.228,64.2363],"dipPosition":[-9.77844,269.099,-5.17091],"direction":[-0.342901,0.168375,-0.924158],"extended":false,"handId":355,"id":3550,"length":52.1005,"mcpPosition":[33.3289,255.228,64.2363],"pipPosition":[1.9094,263.359,26.3292],"stabilizedTipPosition":[-23.3831,230.543,103.881],"timeVisible":0.488133,"tipPosition":[-8.40691,271.574,-22.7474],"tipVelocity":[50.0996,8.88946,-149.027],"tool":false,"touchDistance":-0.479453,"touchZone":"touching","type":0,"width":20.2438},{"bases":[[[0.956184,0.220528,-0.192561],[-0.0591948,0.789773,0.610537],[0.28672,-0.572387,0.768222]],[[0.983131,0.152154,-0.101503],[-0.10083,0.913869,0.39329],[0.152601,-0.376421,0.913794]],[[0.983131,0.152154,-0.101503],[-0.12103,0.957261,0.262686],[0.137133,-0.24597,0.959528]],[[0.983131,0.152154,-0.101503],[-0.134416,0.977392,0.163211],[0.124041,-0.146814,0.981356]]],"btipPosition":[6.57279,343.98,-65.4551],"carpPosition":[39.6466,277.264,70.2392],"dipPosition":[8.69146,341.472,-48.6932],"direction":[-0.137133,0.24597,-0.959528],"extended":true,"handId":355,"id":3551,"length":58.7895,"mcpPosition":[18.5591,319.362,13.7387],"pipPosition":[12.005,335.529,-25.5081],"stabilizedTipPosition":[-14.388,302.351,36.1522],"timeVisible":0.488133,"tipPosition":[7.24154,342.096,-61.9443],"tipVelocity":[54.8816,24.3311,-136.287],"tool":false,"touchDistance":-0.473261,"touchZone":"hovering","type":1,"width":19.3369},{"bases":[[[0.982117,0.00327909,-0.188243],[0.109621,0.802927,0.585911],[0.153067,-0.596068,0.788209]],[[0.984919,-0.00836322,-0.172813],[-0.0722148,0.887793,-0.454542],[0.157223,0.460167,0.8738]],[[0.984919,-0.00836322,-0.172813],[-0.118079,0.69756,-0.70673],[0.126458,0.716478,0.686053]],[[0.984919,-0.00836322,-0.172813],[-0.13708,0.571697,-0.808932],[0.105562,0.820422,0.561929]]],"btipPosition":[27.1907,265.251,-58.6581],"carpPosition":[51.0205,281.631,68.481],"dipPosition":[29.1738,280.663,-48.1016],"direction":[-0.126458,-0.716478,-0.686053],"extended":false,"handId":355,"id":3552,"length":66.986,"mcpPosition":[40.3447,323.205,13.506],"pipPosition":[32.7688,301.031,-28.5987],"stabilizedTipPosition":[6.91389,241.367,47.5444],"timeVisible":0.488133,"tipPosition":[27.7312,268.118,-55.7151],"tipVelocity":[53.5975,7.59078,-138.223],"tool":false,"touchDistance":-0.471994,"touchZone":"touching","type":2,"width":18.9914},{"bases":[[[0.982861,-0.14501,-0.113829],[0.184332,0.781699,0.595792],[0.00258381,-0.606563,0.795031]],[[0.982557,-0.13142,-0.131567],[0.0580547,0.88892,-0.454368],[0.176665,0.438804,0.881045]],[[0.982557,-0.13142,-0.131567],[-0.00542333,0.68695,-0.726685],[0.18588,0.714723,0.674255]],[[0.982557,-0.13142,-0.131567],[-0.0379328,0.550982,-0.833655],[0.182049,0.824104,0.536386]]],"btipPosition":[46.3954,266.08,-51.7682],"carpPosition":[62.9962,282.883,66.0613],"dipPosition":[49.7958,281.473,-41.7494],"direction":[-0.18588,-0.714723,-0.674255],"extended":false,"handId":355,"id":3553,"length":64.4088,"mcpPosition":[62.8344,320.866,16.2758],"pipPosition":[54.9435,301.266,-23.0769],"stabilizedTipPosition":[28.0493,251.931,37.4983],"timeVisible":0.488133,"tipPosition":[47.2395,269.451,-49.3575],"tipVelocity":[51.2162,0.731353,-126.663],"tool":false,"touchDistance":-0.457433,"touchZone":"touching","type":3,"width":18.0715},{"bases":[[[0.932496,-0.341391,-0.117914],[0.334458,0.692949,0.638717],[-0.136344,-0.635039,0.760353]],[[0.899908,-0.436076,0.001874],[0.380644,0.783404,-0.491313],[0.212782,0.44285,0.870981]],[[0.899908,-0.436076,0.001874],[0.274829,0.563803,-0.778842],[0.338578,0.701401,0.627217]],[[0.899908,-0.436076,0.001874],[0.208139,0.425741,-0.880581],[0.383203,0.792832,0.473892]]],"btipPosition":[62.3543,271.021,-33.8968],"carpPosition":[75.1956,277.239,61.3964],"dipPosition":[68.9574,284.682,-25.731],"direction":[-0.338578,-0.701401,-0.627217],"extended":false,"handId":355,"id":3554,"length":50.4953,"mcpPosition":[83.0991,314.051,17.3207],"pipPosition":[75.5776,298.397,-13.4671],"stabilizedTipPosition":[46.5348,260.191,46.9287],"timeVisible":0.488133,"tipPosition":[63.8014,273.968,-31.7773],"tipVelocity":[58.7708,32.5152,-155.934],"tool":false,"touchDistance":-0.458852,"touchZone":"touching","type":4,"width":16.0525}],"r":[[0.952341,0.0246903,0.304036],[0.0335991,0.982163,-0.185003],[-0.30318,0.18640