{"sensorType":"Leap","data":[[0,{"currentFrameRate":107.774,"devices":[],"gestures":[],"hands":[{"armBasis":[[0.866107,0.374967,-0.330543],[-0.143806,0.820232,0.55366],[0.478726,-0.431994,0.764331]],"armWidth":63.7005,"confidence":0.787004,"direction":[-0.21076,0.560043,-0.801207],"elbow":[186.795,187.927,291.477],"grabStrength":0,"id":361,"palmNormal":[0.134237,-0.795271,-0.591205],"palmPosition":[39.402,329.559,40.0699],"palmVelocity":[-38.6396,-10.4875,-157.991],"palmWidth":90.9622,"pinchStrength":0.629033,"r":[[0.972382,0.172002,0.157759],[-0.205871,0.950541,0.232572],[-0.109954,-0.258627,0.959699]],"s":1.04431,"sphereCenter":[50.4769,305.086,-2.2298],"sphereRadius":49.1028,"stabilizedPalmPosition":[56.3563,309.795,96.2683],"t":[-41.7119,97.0163,-150.412],"timeVisible":0.496913,"type":"right","wrist":[57.5785,304.53,85.1707]}],"id":4086508,"interactionBox":{"center":[0,200,0],"size":[235.247,235.247,147.751]},"pointables":[{"bases":[[[0.228441,0.914013,0.335254],[-0.757044,-0.0497446,0.651467],[0.612126,-0.402624,0.680585]],[[-0.0237255,0.998533,0.0486753],[-0.812703,-0.0476188,0.580729],[0.582195,-0.0257805,0.812641]],[[-0.0237255,0.998533,0.0486753],[-0.968713,-0.0349943,0.245704],[0.247047,-0.041323,0.968122]],[[-0.0237255,0.998533,0.0486753],[-0.742984,0.014965,-0.669142],[-0.668889,-0.0520407,0.741539]]],"btipPosition":[10.3296,291.324,-6.73788],"carpPosition":[32.1535,287.411,84.1628],"dipPosition":[-5.31998,290.106,10.6115],"direction":[-0.247047,0.041323,-0.968122],"extended":false,"handId":361,"id":3610,"length":52.1005,"mcpPosition":[32.1535,287.411,84.1628],"pipPosition":[3.10067,288.698,43.6101],"stabilizedTipPosition":[23.5718,280.963,51.0983],"timeVisible":0.496913,"tipPosition":[6.7852,292.188,-2.59246],"tipVelocity":[-36.0848,-24.2112,-156.566],"tool":false,"touchDistance":-0.528022,"touchZone":"hovering","type":0,"width":20.2438},{"bases":[[[0.919144,0.322891,-0.225645],[-0.187689,0.862588,0.469802],[0.346333,-0.389465,0.853446]],[[0.967299,0.245398,-0.0641254],[-0.223096,0.943459,0.24518],[0.120666,-0.222856,0.967355]],[[0.967299,0.245398,-0.0641254],[-0.240806,0.967924,0.071666],[0.0796552,-0.0538807,0.995365]],[[0.967299,0.245398,-0.0641254],[-0.249119,0.966713,-0.0583606],[0.0476693,0.072427,0.996234]]],"btipPosition":[1.68887,349.1,-58.9794],"carpPosition":[35.0821,310.819,86.4034],"dipPosition":[2.50308,350.337,-41.9633],"direction":[-0.0796552,0.0538807,-0.995365],"extended":true,"handId":361,"id":3611,"length":58.7895,"mcpPosition":[9.61032,339.463,23.6349],"pipPosition":[4.42779,349.035,-17.9123],"stabilizedTipPosition":[12.247,334.874,-1.99277],"timeVisible":0.496913,"tipPosition":[2.11849,349.976,-54.8032],"tipVelocity":[-15.8169,-15.8379,-171.649],"tool":false,"touchDistance":-0.54622,"touchZone":"hovering","type":1,"width":19.3369},{"bases":[[[0.975923,0.115491,-0.185028],[-0.0219455,0.895999,0.443514],[0.217007,-0.428775,0.876961]],[[0.977435,0.112453,-0.178816],[-0.207413,0.671254,-0.711616],[0.0400076,0.732647,0.679432]],[[0.977435,0.112453,-0.178816],[-0.0708883,-0.622809,-0.779155],[-0.198987,0.77425,-0.600784]],[[0.977435,0.112453,-0.178816],[0.066895,-0.967735,-0.242928],[-0.200365,0.225484,-0.953421]]],"btipPosition":[38.1089,284.805,25.0387],"carpPosition":[45.7513,316.449,83.9526],"dipPosition":[34.3448,289.041,7.12752],"direction":[0.198987,-0.77425,0.600784],"extended":false,"handId":361,"id":3612,"length":66.986,"mcpPosition":[30.6158,346.354,22.7875],"pipPosition":[28.688,311.051,-9.95139],"stabilizedTipPosition":[54.3394,269.595,71.79],"timeVisible":0.496913,"tipPosition":[37.4151,285.454,21.7022],"tipVelocity":[-60.4451,-10.4808,-177.933],"tool":false,"touchDistance":0.333333,"touchZone":"none","type":2,"width":18.9914},{"bases":[[[0.99608,-0.0167408,-0.0868632],[0.0547648,0.887835,0.456891],[0.0694715,-0.459857,0.885271]],[[0.992215,0.00286917,-0.124506],[-0.0960774,0.65374,-0.750595],[0.079241,0.756714,0.648926]],[[0.992215,0.00286917,-0.124506],[-0.0928407,-0.649318,-0.754829],[-0.0830098,0.760512,-0.643996]],[[0.992215,0.00286917,-0.124506],[-0.0246269,-0.975473,-0.218736],[-0.12208,0.220099,-0.967808]]],"btipPosition":[54.1697,288.843,32.8615],"carpPosition":[57.4804,319.018,81.3713],"dipPosition":[51.8895,292.954,14.7845],"direction":[0.0830098,-0.760512,0.643996],"extended":false,"handId":361,"id":3613,"length":64.4088,"mcpPosition":[53.13,347.815,25.9348],"pipPosition":[49.5906,314.015,-3.05005],"stabilizedTipPosition":[71.4117,275.476,80.8353],"timeVisible":0.496913,"tipPosition":[53.7963,289.739,29.743],"tipVelocity":[-57.8878,-21.3237,-171.33],"tool":false,"touchDistance":0.333333,"touchZone":"none","type":3,"width":18.0715},{"bases":[[[0.974593,-0.216316,-0.0581084],[0.214946,0.830285,0.514223],[-0.0629883,-0.513649,0.855686]],[[0.976626,-0.182477,-0.113597],[0.0409153,0.676645,-0.735172],[0.211016,0.71334,0.668295]],[[0.976626,-0.182477,-0.113597],[-0.203067,-0.610021,-0.765923],[0.0704669,0.771088,-0.632817]],[[0.976626,-0.182477,-0.113597],[-0.205512,-0.94756,-0.244736],[-0.0629811,0.262361,-0.962912]]],"btipPosition":[66.3791,299.486,33.4703],"carpPosition":[70.4794,314.524,77.7296],"dipPosition":[65.2938,304.007,16.8778],"direction":[-0.0704669,-0.771088,0.632817],"extended":false,"handId":361,"id":3614,"length":50.4953,"mcpPosition":[74.1307,344.299,28.1276],"pipPosition":[66.6716,319.084,4.50448],"stabilizedTipPosition":[82.7458,287.606,77.841],"timeVisible":0.496913,"tipPosition":[66.287,300.31,30.253],"tipVelocity":[-55.3392,-23.421,-161.057],"tool":false,"touchDistance":0.333333,"touchZone":"none","type":4,"width":16.0525}],"r":[[0.972382,0.172002,0.157759],[-0.205871,0.950541,0.232572],[-0.109954,-0.258627,0.959699]],"s":1.04431,"t":[-41.7119,97.0163,-150.412],"timestamp":521095036950},false],[1,{"currentFrameRate":107.958,"devices":[],"gestures":[],"hands":[{"armBasis":[[0.863808,0.377804,-0.333316],[-0.143928,0.819052,0.555373],[0.482825,-0.431762,0.76188]],"armWidth":63.7005,"confidence":0.610903,"direction":[-0.210583,0.56103,-0.800562],"elbow":[187.813,187.804,290.385],"grabStrength":0,"id":361,"palmNormal":[0.134545,-0.794499,-0.592173],"palmPosition":[39.3245,329.429,39.6653],"palmVelocity":[-30.4672,-11.6111,-127.255],"palmWidth":90.9622,"pinchStrength":0.632421,"r":[[0.972621,0.169445,0.159049],[-0.203502,0.951486,0.230783],[-0.112228,-0.256831,0.959918]],"s":1.04201,"sphereCenter":[50.4404,304.957,-2.72677],"sphereRadius":49.0835,"stabilizedPalmPosition":[56.3369,309.817,96.2037],"t":[-41.8895,96.8921,-151.26],"timeVisible":0.505843,"type":"right","wrist":[57.4901,304.345,84.7401]}],"id":4086509,"interactionBox":{"center":[0,200,0],"size":[235.247,235.247,147.751]},"pointables":[{"bases":[[[0.228198,0.913619,0.33649],[-0.757247,-0.0506837,0.651159],[0.611966,-0.403399,0.68027]],[[-0.0238889,0.998467,0.0499358],[-0.812859,-0.0484774,0.58044],[0.581971,-0.0267247,0.812771]],[[-0.0238889,0.998467,0.0499358],[-0.968784,-0.0354497,0.245358],[0.246752,-0.0425157,0.968145]],[[-0.0238889,0.998467,0.0499358],[-0.742875,0.015697,-0.669246],[-0.669004,-0.0530836,0.741361]]],"btipPosition":[10.268,291.248,-7.20157],"carpPosition":[32.068,287.224,83.7022],"dipPosition":[-5.38431,290.006,10.1436],"direction":[-0.246752,0.0425157,-0.968145],"extended":false,"handId":361,"id":3610,"length":52.1005,"mcpPosition":[32.068,287.224,83.7022],"pipPosition":[3.02629,288.557,43.1431],"stabilizedTipPosition":[23.5391,280.982,50.993],"timeVisible":0.505843,"tipPosition":[6.72396,292.098,-3.05668],"tipVelocity":[-28.1434,-20.0804,-128.053],"tool":false,"touchDistance":-0.510523,"touchZone":"touching","type":0,"width":20.2438},{"bases":[[[0.91917,0.323312,-0.224937],[-0.187967,0.861963,0.470838],[0.346115,-0.390499,0.853062]],[[0.967193,0.245857,-0.0639693],[-0.223496,0.943191,0.245848],[0.120779,-0.223485,0.967195]],[[0.967193,0.245857,-0.0639693],[-0.241167,0.967735,0.0729931],[0.0798512,-0.0551711,0.995279]],[[0.967193,0.245857,-0.0639693],[-0.249478,0.966729,-0.0565304],[0.0479426,0.0706348,0.996349]]],"btipPosition":[1.601,349.075,-59.3741],"carpPosition":[34.9924,310.629,85.9735],"dipPosition":[2.41987,350.281,-42.356],"direction":[-0.0798512,0.0551711,-0.995279],"extended":true,"handId":361,"id":3611,"length":58.7895,"mcpPosition":[9.53668,339.35,23.2332],"pipPosition":[4.34932,348.948,-18.3071],"stabilizedTipPosition":[12.2434,334.879,-2.01151],"timeVisible":0.505843,"tipPosition":[2.03902,349.933,-55.2029],"tipVelocity":[-14.1539,-12.4988,-136.87],"tool":false,"touchDistance":-0.525844,"touchZone":"hovering","type":1,"width":19.3369},{"bases":[[[0.975966,0.115869,-0.184565],[-0.0222202,0.895431,0.444646],[0.216786,-0.429858,0.876485]],[[0.977526,0.112721,-0.178148],[-0.206934,0.674446,-0.708732],[0.0402624,0.729669,0.682614]],[[0.977526,0.112721,-0.178148],[-0.0710124,-0.619599,-0.7817],[-0.198494,0.776782,-0.59767]],[[0.977526,0.112721,-0.178148],[0.0667508,-0.967064,-0.245625],[-0.199968,0.228213,-0.952855]]],"btipPosition":[38.0007,284.715,24.4001],"carpPosition":[45.6615,316.263,83.5333],"dipPosition":[34.2441,289.003,6.49956],"direction":[0.198494,-0.776782,0.59767],"extended":false,"handId":361,"id":3612,"length":66.986,"mcpPosition":[30.5414,346.244,22.4014],"pipPosition":[28.6014,311.085,-10.4908],"stabilizedTipPosition":[54.3021,269.63,71.6785],"timeVisible":0.505843,"tipPosition":[37.3133,285.387,21.0822],"tipVelocity":[-47.2078,-9.99591,-148.83],"tool":false,"touchDistance":0.333333,"touchZone":"none","type":2,"width":18.9914},{"bases":[[[0.99611,-0.0164846,-0.0865625],[0.0544869,0.887262,0.458037],[0.069253,-0.460972,0.884708]],[[0.99221,0.00335539,-0.12453],[-0.095036,0.666696,-0.739246],[0.0805434,0.745323,0.661821]],[[0.99221,0.00335539,-0.12453],[-0.0940287,-0.635554,-0.766309],[-0.0817171,0.772049,-0.630288]],[[0.99221,0.00335539,-0.12453],[-0.0256722,-0.972673,-0.230754],[-0.121902,0.232154,-0.96501]]],"btipPosition":[53.9968,288.697,31.4767],"carpPosition":[57.3911,318.838,80.9591],"dipPosition":[51.7199,293.033,13.4519],"direction":[0.0817171,-0.772049,0.630288],"extended":false,"handId":361,"id":3613,"length":64.4088,"mcpPosition":[53.0544,347.704,25.5579],"pipPosition":[49.4569,314.414,-4.00296],"stabilizedTipPosition":[71.3746,275.505,80.7247],"timeVisible":0.505843,"tipPosition":[53.6385,289.662,28.5484],"tipVelocity":[-47.3562,-18.395,-166.529],"tool":false,"touchDistance":0.333333,"touchZone":"none","type":3,"width":18.0715},{"bases":[[[0.974643,-0.216099,-0.0580684],[0.214658,0.829662,0.515348],[-0.0631893,-0.514745,0.855011]],[[0.976689,-0.182765,-0.112586],[0.0426184,0.679146,-0.732764],[0.210386,0.710885,0.671104]],[[0.976689,-0.182765,-0.112586],[-0.202133,-0.606495,-0.768964],[0.0722567,0.773796,-0.6293]],[[0.976689,-0.182765,-0.112586],[-0.205785,-0.94644,-0.248806],[-0.0610829,0.266175,-0.961987]]],"btipPosition":[66.2578,299.344,32.9117],"carpPosition":[70.392,314.35,77.3159],"dipPosition":[65.2053,303.93,16.3352],"direction":[-0.0722567,-0.773796,0.6293],"extended":false,"handId":361,"id":3614,"length":50.4953,"mcpPosition":[74.0549,344.189,27.753],"pipPosition":[66.6181,319.06,4.03057],"stabilizedTipPosition":[82.7056,287.637,77.7237],"timeVisible":0.505843,"tipPosition":[66.1821,300.2,29.7127],"tipVelocity":[-43.7176,-20.9105,-134.077],"tool":false,"touchDistance":0.333333,"touchZone":"none","type":4,"width":16.0525}],"r":[[0.972621,0.169445,0.159049],[-0.203502,0.951486,0.230783],[-0.112228,-0.256831,0.959918]],"s":1.04201,"t":[-41.8895,96.8921,-151.26],"timestamp":521095045880},false],[2,{"currentFrameRate":108.043,"devices":[],"gestures":[],"hands":[{"armBasis":[[0.862536,0.38222,-0.331572],[-0.147461,0.816718,0.557877],[0.484033,-0.432295,0.760811]],"armWidth":63.7005,"confidence":0.635873,"direction":[-0.210939,0.560303,-0.800978],"elbow":[187.997,187.157,289.15],"grabStrength":0,"id":361,"palmNormal":[0.138751,-0.793956,-0.591931],"palmPosition":[39.1869,328.861,38.6817],"palmVelocity":[-26.213,-25.6952,-121.939],"palmWidth":90.9622,"pinchStrength":0.636986,"r":[[0.972612,0.168118,0.160504],[-0.202406,0.952084,0.229278],[-0.114267,-0.255486,0.960036]],"s":1.04,"sphereCenter":[50.4645,304.401,-3.71791],"sphereRadius":49.074,"stabilizedPalmPosition":[56.32,309.836,96.1471],"t":[-42.0471,96.546,-152.176],"timeVisible":0.514944,"type":"right","wrist":[57.3485,303.841,83.7938]}],"id":4086510,"interactionBox":{"center":[0,200,0],"size":[235.247,235.247,147.751]},"pointables":[{"bases":[[[0.224097,0.914434,0.337033],[-0.758449,-0.0535278,0.64953],[0.611993,-0.40118,0.681556]],[[-0.0278039,0.998372,0.0498096],[-0.813808,-0.0515429,0.578843],[0.580468,-0.0244414,0.813916]],[[-0.0278039,0.998372,0.0498096],[-0.969148,-0.0391311,0.243353],[0.244906,-0.0415067,0.968658]],[[-0.0278039,0.998372,0.0498096],[-0.742401,0.0127434,-0.669835],[-0.669379,-0.0556027,0.740837]]],"btipPosition":[10.3388,290.561,-8.26581],"carpPosition":[31.9921,286.626,82.7004],"dipPosition":[-5.32226,289.26,9.06715],"direction":[-0.244906,0.0415067,-0.968658],"extended":false,"handId":361,"id":3610,"length":52.1005,"mcpPosition":[31.9921,286.626,82.7004],"pipPosition":[3.02539,287.846,42.084],"stabilizedTipPosition":[23.5109,280.998,50.9002],"timeVisible":0.514944,"tipPosition":[6.79768,291.373,-4.12307],"tipVelocity":[-18.2468,-35.8528,-125.057],"tool":false,"touchDistance":-0.50381,"touchZone":"touching","type":0,"width":20.2438},{"bases":[[[0.918448,0.326724,-0.222946],[-0.192162,0.86123,0.470486],[0.345727,-0.389275,0.853779]],[[0.966298,0.249733,-0.0624699],[-0.227737,0.942436,0.244849],[0.120021,-0.222371,0.967547]],[[0.966298,0.249733,-0.0624699],[-0.245158,0.96676,0.0726108],[0.0785267,-0.0548486,0.995402]],[[0.966298,0.249733,-0.0624699],[-0.253239,0.965758,-0.0563994],[0.0462461,0.0703185,0.996452]]],"btipPosition":[1.55575,348.347,-60.4407],"carpPosition":[34.8251,310.042,84.9793],"dipPosition":[2.34565,349.548,-43.421],"direction":[-0.0785267,0.0548486,-0.995402],"extended":true,"handId":361,"id":3611,"length":58.7895,"mcpPosition":[9.3979,338.672,22.1864],"pipPosition":[4.24309,348.223,-19.369],"stabilizedTipPosition":[12.2401,334.884,-2.02835],"timeVisible":0.514944,"tipPosition":[1.99375,349.196,-56.2755],"tipVelocity":[-11.8118,-31.2282,-131.406],"tool":false,"touchDistance":-0.517587,"touchZone":"touching","type":1,"width":19.3369},{"bases":[[[0.975925,0.119489,-0.182465],[-0.0264842,0.895312,0.444652],[0.216495,-0.429114,0.876921]],[[0.977543,0.116221,-0.175789],[-0.207472,0.677005,-0.70613],[0.0369427,0.726744,0.685914]],[[0.977543,0.116221,-0.175789],[-0.0679465,-0.615796,-0.784971],[-0.199481,0.779287,-0.59407]],[[0.977543,0.116221,-0.175789],[0.0700333,-0.965925,-0.249166],[-0.198758,0.231259,-0.952373]]],"btipPosition":[38.0033,284.128,23.1283],"carpPosition":[45.4785,315.716,82.5624],"dipPosition":[34.2694,288.473,5.23681],"direction":[0.199481,-0.779287,0.59407],"extended":false,"handId":361,"id":3612,"length":66.986,"mcpPosition":[30.3787,345.645,21.4],"pipPosition":[28.5986,310.626,-11.6512],"stabilizedTipPosition":[54.2718,269.658,71.5854],"timeVisible":0.514944,"tipPosition":[37.3282,284.841,19.8533],"tipVelocity":[-33.8844,-24.702,-146.247],"tool":false,"touchDistance":0.333333,"touchZone":"none","type":2,"width":18.9914},{"bases":[[[0.996347,-0.0127955,-0.0844275],[0.0502237,0.887426,0.458207],[0.0690602,-0.460773,0.884827]],[[0.99244,0.00709595,-0.122524],[-0.0956808,0.669952,-0.736213],[0.0768609,0.74237,0.665566]],[[0.99244,0.00709595,-0.122524],[-0.0904376,-0.6326,-0.76918],[-0.0829665,0.774446,-0.627176]],[[0.99244,0.00709595,-0.122524],[-0.0218071,-0.972245,-0.232945],[-0.120776,0.233856,-0.964741]]],"btipPosition":[53.9998,288.214,30.2651],"carpPosition":[57.204,318.334,80.0135],"dipPosition":[51.7439,292.582,12.2454],"direction":[0.0829665,-0.774446,0.627176],"extended":false,"handId":361,"id":3613,"length":64.4088,"mcpPosition":[52.8793,347.188,24.6049],"pipPosition":[49.4463,314.029,-5.1233],"stabilizedTipPosition":[71.3445,275.528,80.6329],"timeVisible":0.514944,"tipPosition":[53.6398,289.178,27.3264],"tipVelocity":[-33.9909,-27.7782,-157.234],"tool":false,"touchDistance":0.333333,"touchZone":"none","type":3,"width":18.0715},{"bases":[[[0.975558,-0.21249,-0.0559917],[0.210483,0.830414,0.515857],[-0.0631184,-0.515034,0.854843]],[[0.977596,-0.179615,-0.109746],[0.0426834,0.679716,-0.732233],[0.206116,0.711144,0.672154]],[[0.977596,-0.179615,-0.109746],[-0.197868,-0.606363,-0.770176],[0.0717889,0.774637,-0.628319]],[[0.977596,-0.179615,-0.109746],[-0.202063,-0.946854,-0.250276],[-0.0589602,0.266845,-0.961934]]],"btipPosition":[66.2144,298.868,31.9462],"carpPosition":[70.2291,313.895,76.3979],"dipPosition":[65.1984,303.466,15.3706],"direction":[-0.0717889,-0.774637,0.628319],"extended":false,"handId":361,"id":3614,"length":50.4953,"mcpPosition":[73.8879,343.75,26.8448],"pipPosition":[66.6021,318.612,3.08521],"stabilizedTipPosition":[82.6705,287.663,77.6197],"timeVisible":0.514944,"tipPosition":[66.1517,299.735,28.742],"tipVelocity":[-32.6663,-29.534,-126.311],"tool":false,"touchDistance":0.333333,"touchZone":"none","type":4,"width":16.0525}],"r":[[0.972612,0.168118,0.160504],[-0.202406,0.952084,0.229278],[-0.114267,-0.255486,0.960036]],"s":1.04,"t":[-42.0471,96.546,-152.176],"timestamp":521095054981},false],[3,{"currentFrameRate":108.205,"devices":[],"gestures":[],"hands":[{"armBasis":[[0.861196,0.386429,-0.330174],[-0.151091,0.814866,0.559611],[0.485297,-0.432049,0.760145]],"armWidth":63.7005,"confidence":0.660326,"direction":[-0.210655,0.561407,-0.800279],"elbow":[188.227,186.247,288.034],"grabStrength":0,"id":361,"palmNormal":[0.142481,-0.792274,-0.593296],"palmPosition":[39.1103,327.929,37.7559],"palmVelocity":[-21.3883,-47.1281,-116.883],"palmWidth":90.9622,"pinchStrength":0.65014,"r":[[0.972427,0.167555,0.162207],[-0.202191,0.952344,0.228386],[-0.11621,-0.254886,0.959963]],"s":1.03761,"sphereCenter":[50.5976,303.515,-4.76781],"sphereRadius":49.0896,"stabilizedPalmPosition":[56.3023,309.854,96.087],"t":[-42.1643,95.907,-153.097],"timeVisible":0.523894,"type":"right","wrist":[57.2367,302.865,82.8578]}],"id":4086511,"interactionBox":{"center":[0,200,0],"size":[235.247,235.247,147.751]},"pointables":[{"bases":[[[0.220623,0.914355,0.339529],[-0.759842,-0.0571311,0.647593],[0.611528,-0.400862,0.682161]],[[-0.0312753,0.99819,0.0513648],[-0.814838,-0.0552244,0.577053],[0.578845,-0.0238064,0.81509]],[[-0.0312753,0.99819,0.0513648],[-0.969369,-0.0428172,0.241847],[0.243609,-0.0422276,0.968954]],[[-0.0312753,0.99819,0.0513648],[-0.742977,0.0111579,-0.669224],[-0.668586,-0.059093,0.741283]]],"btipPosition":[10.3867,289.589,-9.37865],"carpPosition":[31.9334,285.579,81.6666],"dipPosition":[-5.25582,288.206,7.96474],"direction":[-0.243609,0.0422276,-0.968954],"extended":false,"handId":361,"id":3610,"length":52.1005,"mcpPosition":[31.9334,285.579,81.6666],"pipPosition":[3.04762,286.767,40.9917],"stabilizedTipPosition":[23.4819,281.012,50.8028],"timeVisible":0.523894,"tipPosition":[6.87627,290.351,-5.22833],"tipVelocity":[-11.6674,-56.3277,-124.788],"tool":false,"touchDistance":-0.498419,"touchZone":"touching","type":0,"width":20.2438},{"bases":[[[0.918023,0.329874,-0.220041],[-0.195797,0.859653,0.471868],[0.344816,-0.390102,0.853769]],[[0.96562,0.252918,-0.0600933],[-0.231267,0.941344,0.245736],[0.11872,-0.22339,0.967472]],[[0.96562,0.252918,-0.0600933],[-0.24835,0.96582,0.0742497],[0.0768184,-0.0567727,0.995427]],[[0.96562,0.252918,-0.0600933],[-0.256158,0.965115,-0.054187],[0.0442921,0.0677174,0.996721]]],"btipPosition":[1.62076,347.499,-61.4189],"carpPosition":[34.6926,308.998,84.0025],"dipPosition":[2.37729,348.655,-44.3945],"direction":[-0.0768184,0.0567727,-0.995427],"extended":true,"handId":361,"id":3611,"length":58.7895,"mcpPosition":[9.33237,337.689,21.2103],"pipPosition":[4.23345,347.284,-20.342],"stabilizedTipPosition":[12.2364,334.888,-2.04799],"timeVisible":0.523894,"tipPosition":[2.05553,348.329,-57.2564],"tipVelocity":[-6.83294,-48.9143,-125.33],"tool":false,"touchDistance":-0.508818,"touchZone":"touching","type":1,"width":19.3369},{"bases":[[[0.976006,0.122721,-0.179867],[-0.0301581,0.894273,0.446504],[0.215646,-0.430366,0.876517]],[[0.977747,0.119176,-0.17265],[-0.206719,0.687563,-0.696077],[0.0357521,0.716278,0.696899]],[[0.977747,0.119176,-0.17265],[-0.0668224,-0.60319,-0.794793],[-0.198862,0.788644,-0.581804]],[[0.977747,0.119176,-0.17265],[0.0714198,-0.962907,-0.26021],[-0.197257,0.242089,-0.949991]]],"btipPosition":[37.9308,283.243,21.2947],"carpPosition":[45.3352,314.708,81.6233],"dipPosition":[34.2251,287.791,3.44796],"direction":[0.198862,-0.788644,0.581804],"extended":false,"handId":361,"id":3612,"length":66.986,"mcpPosition":[30.2946,344.725,20.4892],"pipPosition":[28.5719,310.21,-13.0914],"stabilizedTipPosition":[54.2466,269.679,71.5059],"timeVisible":0.523894,"tipPosition":[37.2943,284.033,18.2011],"tipVelocity":[-26.641,-43.5638,-161.954],"tool":false,"touchDistance":0.333333,"touchZone":"none","type":2,"width":18.9914},{"bases":[[[0.99658,-0.00971433,-0.0820641],[0.0465398,0.886581,0.460227],[0.0682857,-0.462472,0.884001]],[[0.992682,0.0103474,-0.120317],[-0.095235,0.679694,-0.727287],[0.0742531,0.733423,0.675705]],[[0.992682,0.0103474,-0.120317],[-0.0879827,-0.620483,-0.779269],[-0.0827181,0.784152,-0.615032]],[[0.992682,0.0103474,-0.120317],[-0.019628,-0.969249,-0.245298],[-0.119155,0.245865,-0.961952]]],"btipPosition":[53.9827,287.259,28.5703],"carpPosition":[57.059,317.366,79.1082],"dipPosition":[51.7571,291.851,10.6027],"direction":[0.0827181,-0.784152,0.615032],"extended":false,"handId":361,"id":3613,"length":64.4088,"mcpPosition":[52.7829,346.326,23.7513],"pipPosition":[49.4663,313.567,-6.42972],"stabilizedTipPosition":[71.3192,275.546,80.5533],"timeVisible":0.523894,"tipPosition":[53.6353,288.304,25.7459],"tipVelocity":[-25.0117,-47.7827,-165.649],"tool":false,"touchDistance":0.333333,"touchZone":"none","type":3,"width":18.0715},{"bases":[[[0.976304,-0.20953,-0.0541063],[0.206827,0.829912,0.518139],[-0.063662,-0.517052,0.853583]],[[0.978374,-0.176915,-0.107171],[0.0430892,0.681077,-0.730943],[0.202307,0.710517,0.673971]],[[0.978374,-0.176915,-0.107171],[-0.194024,-0.605364,-0.771939],[0.0716905,0.776038,-0.626598]],[[0.978374,-0.176915,-0.107171],[-0.198914,-0.946818,-0.252922],[-0.0567254,0.26877,-0.961532]]],"btipPosition":[66.2205,298.024,31.0309],"carpPosition":[70.1057,312.972,75.5143],"dipPosition":[65.243,302.655,14.4622],"direction":[-0.0716905,-0.776038,0.626598],"extended":false,"handId":361,"id":3614,"length":50.4953,"mcpPosition":[73.796,342.944,26.0342],"pipPosition":[66.6448,317.829,2.21043],"stabilizedTipPosition":[82.6372,287.686,77.519],"timeVisible":0.523894,"tipPosition":[66.1693,298.904,27.8119],"tipVelocity":[-23.2815,-47.0009,-119.693],"tool":false,"touchDistance":0.333333,"touchZone":"none","type":4,"width":16.0525}],"r":[[0.972427,0.167555,0.162207],[-0.202191,0.952344,0.228386],[-0.11621,-0.254886,0.959963]],"s":1.03761,"t":[-42.1643,95.907,-153.097],"timestamp":521095063931},false],[4,{"currentFrameRate":108.16,"devices":[],"gestures":[],"hands":[{"armBasis":[[0.864655,0.384214,-0.323652],[-0.156092,0.817842,0.553868],[0.4775,-0.428385,0.767124]],"armWidth":63.7005,"confidence":0.682794,"direction":[-0.209606,0.564407,-0.798442],"elbow":[185.894,185.645,288.359],"grabStrength":0,"id":361,"palmNormal":[0.145373,-0.789518,-0.596262],"palmPosition":[38.9525,326.496,36.257],"palmVelocity":[-20.1239,-77.2674,-129.29],"palmWidth":90.9622,"pinchStrength":0.660748,"r":[[0.972134,0.167307,0.164206],[-0.202467,0.952289,0.228372],[-0.118163,-0.255254,0.959626]],"s":1.03543,"sphereCenter":[50.5783,302.228,-6.39332],"sphereRadius":49.0924,"stabilizedPalmPosition":[56.2759,309.88,95.9961],"t":[-42.3017,94.8711,-154.307],"timeVisible":0.53322,"type":"right","wrist":[57.0083,301.274,81.2989]}],"id":4086512,"interactionBox":{"center":[0,200,0],"size":[235.247,235.247,147.751]},"pointables":[{"bases":[[[0.218159,0.913299,0.343935],[-0.761381,-0.0611817,0.645411],[0.610496,-0.402668,0.682021]],[[-0.0337932,0.997929,0.0547333],[-0.81613,-0.0591646,0.574832],[0.576879,-0.0252441,0.816439]],[[-0.0337932,0.997929,0.0547333],[-0.969799,-0.0459783,0.239533],[0.241554,-0.0449857,0.969344]],[[-0.0337932,0.997929,0.0547333],[-0.744146,0.011434,-0.667919],[-0.667161,-0.0633007,0.742219]]],"btipPosition":[10.3265,288.223,-11.1772],"carpPosition":[31.7383,283.949,79.9706],"dipPosition":[-5.2827,286.742,6.18811],"direction":[-0.241554,0.0449857,-0.969344],"extended":false,"handId":361,"id":3610,"length":52.1005,"mcpPosition":[31.7383,283.949,79.9706],"pipPosition":[2.95071,285.209,39.2284],"stabilizedTipPosition":[23.444,281.028,50.6714],"timeVisible":0.53322,"tipPosition":[6.84385,288.938,-7.00542],"tipVelocity":[-9.96054,-82.5143,-143.895],"tool":false,"touchDistance":-0.503812,"touchZone":"touching","type":0,"width":20.2438},{"bases":[[[0.917999,0.332395,-0.216314],[-0.198499,0.857315,0.474983],[0.343331,-0.393096,0.852994]],[[0.965245,0.255058,-0.0569811],[-0.233681,0.939936,0.248826],[0.117024,-0.226862,0.966871]],[[0.965245,0.255058,-0.0569811],[-0.250368,0.964982,0.0782727],[0.0749498,-0.0612861,0.995302]],[[0.965245,0.255058,-0.0569811],[-0.257891,0.964904,-0.0495148],[0.0423522,0.0624888,0.997147]]],"btipPosition":[1.63912,346.431,-62.9307],"carpPosition":[34.4506,307.363,82.4121],"dipPosition":[2.36251,347.499,-45.8991],"direction":[-0.0749498,0.0612861,-0.995302],"extended":true,"handId":361,"id":3611,"length":58.7895,"mcpPosition":[9.1996,336.274,19.6768],"pipPosition":[4.17353,346.018,-21.8496],"stabilizedTipPosition":[12.2308,334.895,-2.07862],"timeVisible":0.53322,"tipPosition":[2.0722,347.221,-58.77],"tipVelocity":[-4.57365,-68.0876,-135.686],"tool":false,"touchDistance":-0.508922,"touchZone":"touching","type":1,"width":19.3369},{"bases":[[[0.976243,0.125176,-0.176865],[-0.0328566,0.89233,0.450187],[0.214175,-0.43368,0.875243]],[[0.978069,0.121397,-0.169242],[-0.205372,0.697414,-0.686612],[0.0346788,0.706312,0.707051]],[[0.978069,0.121397,-0.169242],[-0.0664105,-0.588389,-0.805846],[-0.197408,0.799413,-0.567423]],[[0.978069,0.121397,-0.169242],[0.0711602,-0.958447,-0.276252],[-0.195746,0.25815,-0.946067]]],"btipPosition":[37.7694,281.74,18.8726],"carpPosition":[45.0892,313.101,80.084],"dipPosition":[34.0921,286.589,1.09952],"direction":[0.197408,-0.799413,0.567423],"extended":false,"handId":361,"id":3612,"length":66.986,"mcpPosition":[30.1513,343.349,19.0387],"pipPosition":[28.4802,309.315,-15.031],"stabilizedTipPosition":[54.221,269.698,71.4219],"timeVisible":0.53322,"tipPosition":[37.1516,282.67,15.9079],"tipVelocity":[-23.8004,-74.7431,-189.105],"tool":false,"touchDistance":0.333333,"touchZone":"none","type":2,"width":18.9914},{"bases":[[[0.9968,-0.00763407,-0.0795685],[0.0438197,0.884713,0.464071],[0.0668526,-0.466073,0.882217]],[[0.99297,0.0125563,-0.117698],[-0.0945364,0.682492,-0.724754],[0.0712278,0.730785,0.678881]],[[0.99297,0.0125563,-0.117698],[-0.0848883,-0.617426,-0.782035],[-0.0824894,0.786529,-0.61202]],[[0.99297,0.0125563,-0.117698],[-0.0173158,-0.968251,-0.249381],[-0.117093,0.249666,-0.961226]]],"btipPosition":[53.9184,285.889,26.9449],"carpPosition":[56.8147,315.79,77.6099],"dipPosition":[51.7313,290.553,8.99085],"direction":[0.0824894,-0.786529,0.61202],"extended":false,"handId":361,"id":3613,"length":64.4088,"mcpPosition":[52.6284,344.976,22.3647],"pipPosition":[49.4469,312.334,-7.95813],"stabilizedTipPosition":[71.2913,275.564,80.4635],"timeVisible":0.53322,"tipPosition":[53.5743,286.947,24.1008],"tipVelocity":[-19.6156,-75.3119,-167.999],"tool":false,"touchDistance":0.333333,"touchZone":"none","type":3,"width":18.0715},{"bases":[[[0.976804,-0.2076,-0.0525037],[0.204058,0.82808,0.522153],[-0.0649218,-0.520754,0.851234]],[[0.978934,-0.176427,-0.102774],[0.0480769,0.688376,-0.723759],[0.198438,0.703571,0.682356]],[[0.978934,-0.176427,-0.102774],[-0.18938,-0.596434,-0.780001],[0.076315,0.783033,-0.617281]],[[0.978934,-0.176427,-0.102774],[-0.197804,-0.944262,-0.26314],[-0.0506208,0.277926,-0.959268]]],"btipPosition":[66.0071,296.651,29.1659],"carpPosition":[69.8781,311.434,74.0308],"dipPosition":[65.1349,301.44,12.6363],"direction":[-0.076315,-0.783033,0.617281],"extended":false,"handId":361,"id":3614,"length":50.4953,"mcpPosition":[73.6415,341.621,24.6869],"pipPosition":[66.627,316.751,0.566673],"stabilizedTipPosition":[82.5979,287.709,77.3973],"timeVisible":0.53322,"tipPosition":[66.0074,297.584,26.0191],"tipVelocity":[-22.4334,-74.2365,-142.138],"tool":false,"touchDistance":0.333333,"touchZone":"none","type":4,"width":16.0525}],"r":[[0.972134,0.167307,0.164206],[-0.202467,0.952289,0.228372],[-0.118163,-0.255254,0.959626]],"s":1.03543,"t":[-42.3017,94.8711,-154.307],"timestamp":521095073257},false],[5,{"currentFrameRate":108.414,"devices":[],"gestures":[],"hands":[{"armBasis":[[0.862904,0.386462,-0.325645],[-0.158127,0.818486,0.552337],[0.479993,-0.42512,0.767385]],"armWidth":63.7005,"confidence":0.695548,"direction":[-0.208416,0.565408,-0.798045],"elbow":[186.423,185.646,287.69],"grabStrength":0,"id":361,"palmNormal":[0.146897,-0.788611,-0.597087],"palmPosition":[38.8794,325.668,35.5193],"palmVelocity":[-16.9597,-81.8706,-117.17],"palmWidth":90.9622,"pinchStrength":0.66685,"r":[[0.971818,0.167164,0.166212],[-0.202872,0.95216,0.228549],[-0.120056,-0.255828,0.959239]],"s":1.03356,"sphereCenter":[50.5999,301.43,-7.18194],"sphereRadius":49.0996,"stabilizedPalmPosition":[56.2393,309.913,95.8689],"t":[-42.407,93.9393,-155.281],"timeVisible":0.541986,"type":"right","wrist":[56.8646,300.393,80.5597]}],"id":4086513,"interactionBox":{"center":[0,200,0],"size":[235.247,235.247,147.751]},"pointables":[{"bases":[[[0.217039,0.912934,0.345611],[-0.762549,-0.0624781,0.643906],[0.609437,-0.403297,0.682596]],[[-0.0349813,0.997852,0.0553946],[-0.817261,-0.0604647,0.573087],[0.575205,-0.0252245,0.81762]],[[-0.0349813,0.997852,0.0553946],[-0.970158,-0.0472135,0.237833],[0.239937,-0.0454218,0.969725]],[[-0.0349813,0.997852,0.0553946],[-0.745221,0.0108877,-0.666728],[-0.665899,-0.0646043,0.743239]]],"btipPosition":[10.3035,287.375,-12.0834],"carpPosition":[31.6062,283.057,79.1602],"dipPosition":[-5.27613,285.864,5.30577],"direction":[-0.239937,0.0454218,-0.969725],"extended":false,"handId":361,"id":3610,"length":52.1005,"mcpPosition":[31.6062,283.057,79.1602],"pipPosition":[2.90217,284.316,38.359],"stabilizedTipPosition":[23.3971,281.045,50.5068],"timeVisible":0.541986,"tipPosition":[6.83848,288.062,-7.89283],"tipVelocity":[-7.78134,-86.5416,-132.848],"tool":false,"touchDistance":-0.495275,"touchZone":"touching","type":0,"width":20.2438},{"bases":[[[0.918225,0.333176,-0.214142],[-0.199833,0.856549,0.475805],[0.34195,-0.394103,0.853085]],[[0.96511,0.255921,-0.0553749],[-0.234841,0.93954,0.249226],[0.115809,-0.227527,0.966861]],[[0.96511,0.255921,-0.0553749],[-0.251243,0.964659,0.0794392],[0.073748,-0.062755,0.9953]],[[0.96511,0.255921,-0.0553749],[-0.258581,0.964808,-0.0477597],[0.0412034,0.0604123,0.997323]]],"btipPosition":[1.69262,345.711,-63.7127],"carpPosition":[34.3017,306.469,81.6393],"dipPosition":[2.39639,346.743,-46.678],"direction":[-0.073748,0.062755,-0.9953],"extended":true,"handId":361,"id":3611,"length":58.7895,"mcpPosition":[9.15228,335.454,18.8974],"pipPosition":[4.17836,345.226,-22.6286],"stabilizedTipPosition":[12.2228,334.903,-2.12342],"timeVisible":0.541986,"tipPosition":[2.12976,346.481,-59.5562],"tipVelocity":[-1.8452,-72.128,-123.185],"tool":false,"touchDistance":-0.498082,"touchZone":"touching","type":1,"width":19.3369},{"bases":[[[0.976504,0.125933,-0.174873],[-0.0341636,0.891685,0.451365],[0.212773,-0.434786,0.875037]],[[0.97838,0.122014,-0.166989],[-0.203971,0.702729,-0.681592],[0.0341842,0.700917,0.712423]],[[0.97838,0.122014,-0.166989],[-0.0660728,-0.58071,-0.811425],[-0.195977,0.804915,-0.560094]],[[0.97838,0.122014,-0.166989],[0.0708055,-0.956249,-0.283857],[-0.194318,0.265896,-0.944214]]],"btipPosition":[37.6759,280.889,17.64],"carpPosition":[44.9416,312.216,79.339],"dipPosition":[34.0254,285.885,-0.0982786],"direction":[0.195977,-0.804915,0.560094],"extended":false,"handId":361,"id":3612,"length":66.986,"mcpPosition":[30.1014,342.541,18.3081],"pipPosition":[28.4542,308.766,-16.0205],"stabilizedTipPosition":[54.1957,269.716,71.3376],"timeVisible":0.541986,"tipPosition":[37.0667,281.882,14.7209],"tipVelocity":[-20.0863,-79.6925,-175.839],"tool":false,"touchDistance":0.333333,"touchZone":"none","type":2,"width":18.9914},{"bases":[[[0.99695,-0.00700201,-0.0777226],[0.0424907,0.884089,0.465382],[0.0654551,-0.467265,0.881691]],[[0.993206,0.01313,-0.115626],[-0.0931626,0.685116,-0.722452],[0.0697312,0.728316,0.681685]],[[0.993206,0.01313,-0.115626],[-0.0833024,-0.613576,-0.785229],[-0.0812553,0.789526,-0.608314]],[[0.993206,0.01313,-0.115626],[-0.0167779,-0.967075,-0.253937],[-0.115153,0.254152,-0.960285]]],"btipPosition":[53.8579,285.032,26.013],"carpPosition":[56.6702,314.914,76.8905],"dipPosition":[51.707,289.779,8.07653],"direction":[0.0812553,-0.789526,0.608314],"extended":false,"handId":361,"id":3613,"length":64.4088,"mcpPosition":[52.5714,344.175,21.6783],"pipPosition":[49.4568,311.644,-8.76983],"stabilizedTipPosition":[71.2609,275.582,80.364],"timeVisible":0.541986,"tipPosition":[53.5203,286.123,23.161],"tipVelocity":[-15.9479,-80.769,-151.311],"tool":false,"touchDistance":0.333333,"touchZone":"none","type":3,"width":18.0715},{"bases":[[[0.977009,-0.207016,-0.0509732],[0.20265,0.827459,0.523683],[-0.0662326,-0.521973,0.850387]],[[0.979202,-0.176603,-0.0998764],[0.0507867,0.689954,-0.722069],[0.19643,0.701979,0.684573]],[[0.979202,-0.176603,-0.0998764],[-0.186964,-0.594258,-0.782241],[0.078794,0.784645,-0.614917]],[[0.979202,-0.176603,-0.0998764],[-0.197314,-0.943524,-0.266139],[-0.0472348,0.280311,-0.958746]]],"btipPosition":[65.9117,295.842,28.3803],"carpPosition":[69.7426,310.57,73.3297],"dipPosition":[65.0978,300.672,11.8597],"direction":[-0.078794,-0.784645,0.614917],"extended":false,"handId":361,"id":3614,"length":50.4953,"mcpPosition":[73.5819,340.828,24.0349],"pipPosition":[66.6384,316.014,-0.163696],"stabilizedTipPosition":[82.5531,287.734,77.257],"timeVisible":0.541986,"tipPosition":[65.9331,296.791,25.2292],"tipVelocity":[-18.9219,-78.8161,-127.972],"tool":false,"touchDistance":0.333333,"touchZone":"none","type":4,"width":16.0525}],"r":[[0.971818,0.167164,0.166212],[-0.202872,0.95216,0.228549],[-0.120056,-0.255828,0.959239]],"s":1.03356,"t":[-42.407,93.9393,-155.281],"timestamp":521095082023},false],[6,{"currentFrameRate":108.464,"devices":[],"gestures":[],"hands":[{"armBasis":[[0.861807,0.390577,-0.323633],[-0.162187,0.81672,0.553772],[0.480608,-0.424756,0.767202]],"armWidth":63.7005,"confidence":0.710001,"direction":[-0.206627,0.563743,-0.799687],"elbow":[186.26,185.638,286.414],"grabStrength":0,"id":361,"palmNormal":[0.151829,-0.78895,-0.595404],"palmPosition":[38.6709,325.45,34.1811],"palmVelocity":[-18.5941,-65.7575,-125.344],"palmWidth":90.9622,"pinchStrength":0.66824,"r":[[0.971316,0.167671,0.168616],[-0.203961,0.951996,0.228262],[-0.122249,-0.256106,0.958887]],"s":1.03145,"sphereCenter":[50.6105,301.141,-8.47864],"sphereRadius":49.0663,"stabilizedPalmPosition":[56.1966,309.951,95.7189],"t":[-42.5639,93.3644,-156.437],"timeVisible":0.551115,"type":"right","wrist":[56.5353,300.287,79.3324]}],"id":4086514,"interactionBox":{"center":[0,200,0],"size":[235.247,235.247,147.751]},"pointables":[{"bases":[[[0.212825,0.914026,0.345344],[-0.765149,-0.0639047,0.640674],[0.607662,-0.400591,0.685765]],[[-0.0383929,0.99782,0.0536764],[-0.819529,-0.0621766,0.569654],[0.57175,-0.0221188,0.82013]],[[-0.0383929,0.99782,0.0536764],[-0.971069,-0.0499256,0.233521],[0.235692,-0.043158,0.970869]],[[-0.0383929,0.99782,0.0536764],[-0.742312,0.0074807,-0.670013],[-0.668954,-0.0655684,0.740407]]],"btipPosition":[10.4207,286.983,-13.4953],"carpPosition":[31.3348,282.874,77.8463],"dipPosition":[-5.2304,285.449,3.82759],"direction":[-0.235692,0.043158,-0.970869],"extended":false,"handId":361,"id":3610,"length":52.1005,"mcpPosition":[31.3348,282.874,77.8463],"pipPosition":[2.80319,283.978,36.9198],"stabilizedTipPosition":[23.3447,281.062,50.3169],"timeVisible":0.551115,"tipPosition":[6.9307,287.65,-9.32511],"tipVelocity":[-2.55137,-74.5852,-139.374],"tool":false,"touchDistance":-0.495488,"touchZone":"touching","type":0,"width":20.2438},{"bases":[[[0.918153,0.335625,-0.210596],[-0.204439,0.856572,0.473803],[0.339411,-0.39197,0.855079]],[[0.964468,0.259011,-0.0521041],[-0.238924,0.939245,0.246443],[0.11277,-0.225237,0.967756]],[[0.964468,0.259011,-0.0521041],[-0.254684,0.963922,0.0773942],[0.0702703,-0.0613742,0.995638]],[[0.964468,0.259011,-0.0521041],[-0.261527,0.963943,-0.0491694],[0.0374899,0.0610489,0.99743]]],"btipPosition":[1.80563,345.24,-65.241],"carpPosition":[33.95,306.298,80.3062],"dipPosition":[2.44597,346.283,-48.2045],"direction":[-0.0702703,0.0613742,-0.995638],"extended":true,"handId":361,"id":3611,"length":58.7895,"mcpPosition":[8.9873,335.126,17.4175],"pipPosition":[4.14391,344.8,-24.1469],"stabilizedTipPosition":[12.2128,334.913,-2.18092],"timeVisible":0.551115,"tipPosition":[2.23511,346.003,-61.0897],"tipVelocity":[1.66377,-66.3406,-135.463],"tool":false,"touchDistance":-0.499525,"touchZone":"touching","type":1,"width":19.3369},{"bases":[[[0.976876,0.128608,-0.170801],[-0.0387699,0.892168,0.450036],[0.210261,-0.433008,0.876524]],[[0.978752,0.124655,-0.162803],[-0.202958,0.701971,-0.682674],[0.0291844,0.701211,0.712356]],[[0.978752,0.124655,-0.162803],[-0.0610194,-0.580941,-0.811655],[-0.195756,0.804344,-0.560991]],[[0.978752,0.124655,-0.162803],[0.0746669,-0.956146,-0.283214],[-0.190968,0.265041,-0.945137]]],"btipPosition":[37.6638,280.641,16.2877],"carpPosition":[44.5826,312.073,78.0445],"dipPosition":[34.0763,285.62,-1.46787],"direction":[0.195756,-0.804344,0.560991],"extended":false,"handId":361,"id":3612,"length":66.986,"mcpPosition":[29.9176,342.274,16.9098],"pipPosition":[28.5114,308.486,-17.4156],"stabilizedTipPosition":[54.171,269.734,71.2535],"timeVisible":0.551115,"tipPosition":[37.0598,281.639,13.3395],"tipVelocity":[-14.4301,-65.2268,-168.259],"tool":false,"touchDistance":0.333333,"touchZone":"none","type":2,"width":18.9914},{"bases":[[[0.997295,-0.00413836,-0.0733878],[0.037845,0.884819,0.464396],[0.0630131,-0.465917,0.882582]],[[0.99373,0.0156044,-0.110713],[-0.0905647,0.693023,-0.715205],[0.0655665,0.720747,0.690091]],[[0.99373,0.0156044,-0.110713],[-0.0790464,-0.602254,-0.794381],[-0.0790734,0.798152,-0.597245]],[[0.99373,0.0156044,-0.110713],[-0.0143853,-0.964139,-0.265008],[-0.110878,0.264939,-0.957869]]],"btipPosition":[53.7001,284.734,23.9829],"carpPosition":[56.3138,314.803,75.6433],"dipPosition":[51.6291,289.682,6.0915],"direction":[0.0790734,-0.798152,0.597245],"extended":false,"handId":361,"id":3613,"length":64.4088,"mcpPosition":[52.3678,343.979,20.3752],"pipPosition":[49.4392,311.786,-10.4483],"stabilizedTipPosition":[71.2313,275.599,80.2649],"timeVisible":0.551115,"tipPosition":[53.3942,285.909,21.2543],"tipVelocity":[-15.7603,-65.979,-170.747],"tool":false,"touchDistance":0.333333,"touchZone":"none","type":3,"width":18.0715},{"bases":[[[0.977831,-0.204176,-0.0464613],[0.197917,0.828742,0.523465],[-0.0683745,-0.521056,0.850779]],[[0.980111,-0.175243,-0.0931288],[0.055027,0.690859,-0.720892],[0.19067,0.70143,0.686761]],[[0.980111,-0.175243,-0.0931288],[-0.180566,-0.592792,-0.784853],[0.0823341,0.786058,-0.612644]],[[0.980111,-0.175243,-0.0931288],[-0.194228,-0.943371,-0.268938],[-0.0407255,0.281677,-0.958645]]],"btipPosition":[65.7298,295.68,27.0493],"carpPosition":[69.4143,310.493,72.1449],"dipPosition":[65.028,300.534,10.5304],"direction":[-0.0823341,-0.786058,0.612644],"extended":false,"handId":361,"id":3614,"length":50.4953,"mcpPosition":[73.3778,340.698,22.8274],"pipPosition":[66.6379,315.903,-1.44854],"stabilizedTipPosition":[82.5071,287.758,77.1106],"timeVisible":0.551115,"tipPosition":[65.7937,296.649,23.9157],"tipVelocity":[-18.416,-61.6705,-132.915],"tool":false,"touchDistance":0.333333,"touchZone":"none","