{"sensorType":"Leap","data":[[0,{"currentFrameRate":55.2966,"devices":[],"gestures":[],"hands":[{"armBasis":[[0.995213,0.0933461,-0.0289378],[-0.0808239,0.952615,0.293246],[0.0549399,-0.289503,0.955599]],"armWidth":62.4607,"confidence":0.356927,"direction":[-0.0122649,0.81673,-0.57689],"elbow":[44.7047,163.827,278.844],"grabStrength":0,"id":473,"palmNormal":[0.0925458,-0.57353,-0.81394],"palmPosition":[22.4673,280.778,-8.56398],"palmVelocity":[6.08099,-3.70983,21.4726],"palmWidth":89.1918,"pinchStrength":0.275241,"r":[[0.849699,0.498631,0.171405],[-0.456707,0.85847,-0.233341],[-0.263497,0.119988,0.957169]],"s":1.30444,"sphereCenter":[-0.592728,274.824,-49.9094],"sphereRadius":49.8538,"stabilizedPalmPosition":[21.5727,281.11,-10.62],"t":[50.2362,-22.6014,-32.3079],"timeVisible":32.4935,"type":"right","wrist":[30.1641,240.448,25.9314]}],"id":1688403,"interactionBox":{"center":[0,200,0],"size":[235.247,235.247,147.751]},"pointables":[{"bases":[[[0.315471,0.697852,0.643025],[-0.837881,-0.113251,0.533976],[0.445459,-0.707232,0.548989]],[[0.28482,0.743805,0.604675],[-0.797395,-0.166254,0.580104],[0.532014,-0.64739,0.545754]],[[0.28482,0.743805,0.604675],[-0.949022,0.307663,0.0685644],[-0.135038,-0.593378,0.793516]],[[0.28482,0.743805,0.604675],[-0.81008,0.524016,-0.263015],[-0.512491,-0.414923,0.751792]]],"btipPosition":[-6.39935,290.894,-53.1379],"carpPosition":[3.36235,229.866,17.334],"dipPosition":[-18.1565,281.375,-35.891],"direction":[0.135038,0.593378,-0.793516],"extended":false,"handId":473,"id":4730,"length":51.0864,"mcpPosition":[3.36235,229.866,17.334],"pipPosition":[-22.6696,261.544,-9.37033],"stabilizedTipPosition":[-9.24339,288.989,-49.1637],"timeVisible":32.4935,"tipPosition":[-9.06198,288.933,-48.6304],"tipVelocity":[7.9969,-15.9987,5.28822],"tool":false,"touchDistance":-0.150459,"touchZone":"touching","type":0,"width":19.8498},{"bases":[[[0.979439,0.199602,-0.0292836],[-0.118113,0.68504,0.718866],[0.163548,-0.700627,0.694531]],[[0.954634,0.277621,-0.107706],[-0.124986,0.701848,0.701276],[0.270282,-0.656,0.704707]],[[0.954634,0.277621,-0.107706],[-0.177152,0.820196,0.543964],[0.239356,-0.500206,0.832167]],[[0.954634,0.277621,-0.107706],[-0.21344,0.890139,0.40261],[0.207647,-0.361356,0.909013]]],"btipPosition":[-22.9942,345.982,-87.2788],"carpPosition":[9.33132,249.927,27.4257],"dipPosition":[-19.5165,339.93,-72.0547],"direction":[-0.239356,0.500206,-0.832167],"extended":true,"handId":473,"id":4731,"length":57.6453,"mcpPosition":[-2.46305,300.453,-22.6609],"pipPosition":[-13.8455,328.079,-52.3384],"stabilizedTipPosition":[-22.1907,344.729,-84.0704],"timeVisible":32.4935,"tipPosition":[-22.2303,345.372,-83.1532],"tipVelocity":[4.50545,-10.7986,20.355],"tool":false,"touchDistance":-0.12202,"touchZone":"touching","type":1,"width":18.9605},{"bases":[[[0.998219,-0.0166168,-0.0572979],[0.0527923,0.693375,0.71864],[0.0277874,-0.720385,0.693017]],[[0.997765,-0.0070971,-0.0664495],[-0.0309432,0.832265,-0.553514],[0.059232,0.554332,0.830185]],[[0.997765,-0.0070971,-0.0664495],[-0.0616063,-0.48299,-0.873456],[-0.0258954,0.875597,-0.482347]],[[0.997765,-0.0070971,-0.0664495],[-0.0332874,-0.914992,-0.402097],[-0.0579471,0.40341,-0.913183]]],"btipPosition":[17.8247,245.095,-28.4782],"carpPosition":[20.7344,253.858,27.8745],"dipPosition":[16.7573,252.526,-45.2996],"direction":[0.0258954,-0.875597,0.482347],"extended":false,"handId":473,"id":4732,"length":65.6822,"mcpPosition":[18.834,303.124,-19.5203],"pipPosition":[16.0355,276.933,-58.7448],"stabilizedTipPosition":[16.9136,246.743,-33.4298],"timeVisible":32.4935,"tipPosition":[17.5703,246.898,-32.5258],"tipVelocity":[10.7634,0.561602,13.3019],"tool":false,"touchDistance":0.333333,"touchZone":"none","type":2,"width":18.6218},{"bases":[[[0.984589,-0.174668,-0.00870019],[0.124835,0.667098,0.734436],[-0.122479,-0.724204,0.678622]],[[0.985845,-0.166894,-0.015975],[0.12596,0.800173,-0.586393],[0.110648,0.576081,0.809869]],[[0.985845,-0.166894,-0.015975],[-0.101078,-0.515626,-0.850831],[0.133762,0.840402,-0.525197]],[[0.985845,-0.166894,-0.015975],[-0.160604,-0.912731,-0.37567],[0.0481163,0.372918,-0.926616]]],"btipPosition":[30.8814,244.436,-18.6412],"carpPosition":[32.7205,254.85,27.2649],"dipPosition":[31.7627,251.266,-35.612],"direction":[-0.133762,-0.840402,0.525197],"extended":false,"handId":473,"id":4733,"length":63.1552,"mcpPosition":[40.2409,299.317,-14.4039],"pipPosition":[35.3949,274.087,-49.8734],"stabilizedTipPosition":[30.3349,246.143,-23.8337],"timeVisible":32.4935,"tipPosition":[31.1614,246.094,-22.623],"tipVelocity":[10.7322,-1.46507,18.4907],"tool":false,"touchDistance":0.333333,"touchZone":"none","type":3,"width":17.7198},{"bases":[[[0.929544,-0.36512,-0.0513283],[0.26514,0.56519,0.781192],[-0.256219,-0.739762,0.622177]],[[0.933263,-0.354045,-0.0606032],[0.271719,0.806212,-0.525539],[0.234923,0.473999,0.848608]],[[0.933263,-0.354045,-0.0606032],[-0.216638,-0.420223,-0.881181],[0.286511,0.835503,-0.468878]],[[0.933263,-0.354045,-0.0606032],[-0.344402,-0.834083,-0.430921],[0.102017,0.423035,-0.900352]]],"btipPosition":[44.2285,251.965,-17.1522],"carpPosition":[45.0245,249.513,23.423],"dipPosition":[45.9522,259.113,-32.3647],"direction":[-0.286511,-0.835503,0.468878],"extended":false,"handId":473,"id":4734,"length":49.5125,"mcpPosition":[59.5878,291.56,-11.9411],"pipPosition":[51.4453,275.131,-41.3542],"stabilizedTipPosition":[43.6403,253.729,-22.243],"timeVisible":32.4935,"tipPosition":[44.4154,253.768,-20.8613],"tipVelocity":[11.0342,1.18389,17.5594],"tool":false,"touchDistance":0.333333,"touchZone":"none","type":4,"width":15.7401}],"r":[[0.849699,0.498631,0.171405],[-0.456707,0.85847,-0.233341],[-0.263497,0.119988,0.957169]],"s":1.30444,"t":[50.2362,-22.6014,-32.3079],"timestamp":93544744839},false],[1,{"currentFrameRate":55.2953,"devices":[],"gestures":[],"hands":[{"armBasis":[[0.994532,0.100089,-0.0298139],[-0.087054,0.952214,0.292762],[0.0576916,-0.288566,0.95572]],"armWidth":62.4607,"confidence":0.404318,"direction":[-0.0150531,0.818069,-0.574923],"elbow":[45.5702,164.063,279.619],"grabStrength":0,"id":473,"palmNormal":[0.0984244,-0.570983,-0.815041],"palmPosition":[22.4864,280.806,-7.74706],"palmVelocity":[3.69086,-1.19891,32.7348],"palmWidth":89.1918,"pinchStrength":0.267973,"r":[[0.848794,0.499397,0.173644],[-0.457764,0.858459,-0.231301],[-0.264577,0.116839,0.95726]],"s":1.30424,"sphereCenter":[-0.305911,274.774,-49.2348],"sphereRadius":49.8464,"stabilizedPalmPosition":[21.5871,281.105,-10.5746],"t":[50.2966,-22.6183,-31.7077],"timeVisible":32.5116,"type":"right","wrist":[30.3014,240.436,26.674]}],"id":1688404,"interactionBox":{"center":[0,200,0],"size":[235.247,235.247,147.751]},"pointables":[{"bases":[[[0.309427,0.698042,0.64575],[-0.838937,-0.119326,0.530986],[0.447705,-0.706045,0.54869]],[[0.279335,0.742934,0.608294],[-0.796993,-0.173922,0.578405],[0.535513,-0.646375,0.543531]],[[0.279335,0.742934,0.608294],[-0.95127,0.300291,0.0700759],[-0.130603,-0.598227,0.790612]],[[0.279335,0.742934,0.608294],[-0.816855,0.516853,-0.256145],[-0.504698,-0.425338,0.751244]]],"btipPosition":[-6.67188,291.102,-52.2894],"carpPosition":[3.58803,229.723,17.9641],"dipPosition":[-18.2502,281.345,-35.055],"direction":[0.130603,0.598226,-0.790612],"extended":false,"handId":473,"id":4730,"length":51.0864,"mcpPosition":[3.58803,229.723,17.9641],"pipPosition":[-22.6152,261.351,-8.63139],"stabilizedTipPosition":[-9.27458,288.944,-48.878],"timeVisible":32.5116,"tipPosition":[-9.17332,288.99,-47.86],"tipVelocity":[-1.88728,-4.36392,25.0003],"tool":false,"touchDistance":-0.136364,"touchZone":"touching","type":0,"width":19.8498},{"bases":[[[0.978377,0.205233,-0.0256287],[-0.12432,0.682581,0.720158],[0.165294,-0.7014,0.693336]],[[0.953479,0.283062,-0.103695],[-0.131886,0.700998,0.700863],[0.271078,-0.654582,0.705719]],[[0.953479,0.283062,-0.103695],[-0.184185,0.819316,0.542952],[0.238648,-0.498595,0.833337]],[[0.953479,0.283062,-0.103695],[-0.220319,0.889103,0.401192],[0.205758,-0.359682,0.910106]]],"btipPosition":[-23.0262,345.778,-86.5827],"carpPosition":[9.41031,249.792,28.1242],"dipPosition":[-19.5802,339.754,-71.3403],"direction":[-0.238648,0.498595,-0.833337],"extended":true,"handId":473,"id":4731,"length":57.6453,"mcpPosition":[-2.50998,300.374,-21.8762],"pipPosition":[-13.926,327.941,-51.5963],"stabilizedTipPosition":[-22.2015,344.644,-83.8201],"timeVisible":32.5116,"tipPosition":[-22.2963,345.179,-82.4428],"tipVelocity":[1.33033,-10.8734,29.0831],"tool":false,"touchDistance":-0.110348,"touchZone":"touching","type":1,"width":18.9605},{"bases":[[[0.998476,-0.010806,-0.0541122],[0.0465356,0.691887,0.720505],[0.0296537,-0.721925,0.691335]],[[0.997998,-0.00126878,-0.0632398],[-0.033879,0.83357,-0.551374],[0.0534143,0.552413,0.831858]],[[0.997998,-0.00126878,-0.0632398],[-0.0560538,-0.480966,-0.874945],[-0.0293061,0.876738,-0.480074]],[[0.997998,-0.00126878,-0.0632398],[-0.0267988,-0.914111,-0.404576],[-0.0572949,0.405461,-0.912315]]],"btipPosition":[18.1099,245.151,-27.7766],"carpPosition":[20.7893,253.787,28.6195],"dipPosition":[17.0545,252.62,-44.582],"direction":[0.0293061,-0.876738,0.480074],"extended":false,"handId":473,"id":4732,"length":65.6822,"mcpPosition":[18.7613,303.159,-18.6603],"pipPosition":[16.2376,277.058,-57.9638],"stabilizedTipPosition":[16.9526,246.748,-33.3566],"timeVisible":32.5116,"tipPosition":[17.8589,246.96,-31.8124],"tipVelocity":[13.2156,1.98311,25.5166],"tool":false,"touchDistance":0.333333,"touchZone":"none","type":2,"width":18.6218},{"bases":[[[0.985589,-0.169052,-0.00594649],[0.118675,0.66598,0.736469],[-0.120541,-0.726561,0.676445]],[[0.986839,-0.161156,-0.0132878],[0.12307,0.801829,-0.584743],[0.10489,0.575413,0.811109]],[[0.986839,-0.161156,-0.0132878],[-0.0955699,-0.514983,-0.851856],[0.130439,0.841915,-0.523608]],[[0.986839,-0.161156,-0.0132878],[-0.154184,-0.913005,-0.37769],[0.0487354,0.374768,-0.925837]]],"btipPosition":[31.1446,244.534,-17.8331],"carpPosition":[32.7715,254.848,28.051],"dipPosition":[32.0372,251.398,-34.7896],"direction":[-0.130439,-0.841915,0.523608],"extended":false,"handId":473,"id":4733,"length":63.1552,"mcpPosition":[40.173,299.461,-13.4841],"pipPosition":[35.5792,274.26,-49.0079],"stabilizedTipPosition":[30.3739,246.142,-23.7531],"timeVisible":32.5116,"tipPosition":[31.4226,246.2,-21.8284],"tipVelocity":[12.6144,2.00518,31.0253],"tool":false,"touchDistance":0.333333,"touchZone":"none","type":3,"width":17.7198},{"bases":[[[0.931766,-0.359707,-0.049219],[0.259406,0.564755,0.783428],[-0.254008,-0.74274,0.61953]],[[0.935594,-0.348143,-0.0588231],[0.268223,0.809155,-0.522805],[0.229608,0.473355,0.850421]],[[0.935594,-0.348143,-0.0588231],[-0.211584,-0.419453,-0.882775],[0.282658,0.838365,-0.4661]],[[0.935594,-0.348143,-0.0588231],[-0.338044,-0.835145,-0.433887],[0.101929,0.425827,-0.899045]]],"btipPosition":[44.4559,252.133,-16.3271],"carpPosition":[45.118,249.591,24.2359],"dipPosition":[46.1781,259.328,-31.5175],"direction":[-0.282658,-0.838365,0.4661],"extended":false,"handId":473,"id":4734,"length":49.5125,"mcpPosition":[59.5556,291.808,-10.9777],"pipPosition":[51.5973,275.401,-40.4537],"stabilizedTipPosition":[43.6788,253.73,-22.1661],"timeVisible":32.5116,"tipPosition":[44.6404,253.945,-20.0306],"tipVelocity":[11.7565,5.3124,31.0324],"tool":false,"touchDistance":0.333333,"touchZone":"none","type":4,"width":15.7401}],"r":[[0.848794,0.499397,0.173644],[-0.457764,0.858459,-0.231301],[-0.264577,0.116839,0.95726]],"s":1.30424,"t":[50.2966,-22.6183,-31.7077],"timestamp":93544762928},false],[2,{"currentFrameRate":55.3569,"devices":[],"gestures":[],"hands":[{"armBasis":[[0.994096,0.104682,-0.0285325],[-0.0918592,0.951955,0.292135],[0.0577428,-0.287789,0.955951]],"armWidth":62.4607,"confidence":0.427691,"direction":[-0.0178102,0.819602,-0.572656],"elbow":[45.7012,164.284,280.152],"grabStrength":0,"id":473,"palmNormal":[0.10257,-0.568228,-0.816454],"palmPosition":[22.4789,280.882,-7.1759],"palmVelocity":[1.75431,1.35138,32.3861],"palmWidth":89.1918,"pinchStrength":0.249651,"r":[[0.847537,0.500694,0.176028],[-0.459326,0.858146,-0.229358],[-0.265895,0.113535,0.957293]],"s":1.30529,"sphereCenter":[-0.150484,274.831,-48.7799],"sphereRadius":49.8845,"stabilizedPalmPosition":[21.5936,281.103,-10.5501],"t":[50.323,-22.5891,-31.1219],"timeVisible":32.5295,"type":"right","wrist":[30.4188,240.452,27.1463]}],"id":1688405,"interactionBox":{"center":[0,200,0],"size":[235.247,235.247,147.751]},"pointables":[{"bases":[[[0.304994,0.697656,0.64827],[-0.839341,-0.124716,0.529106],[0.449984,-0.705494,0.547534]],[[0.276058,0.74069,0.612512],[-0.7943,-0.183015,0.579304],[0.541184,-0.64644,0.537807]],[[0.276058,0.74069,0.612512],[-0.953497,0.291261,0.0775276],[-0.120977,-0.60543,0.78665]],[[0.276058,0.74069,0.612512],[-0.831108,0.504045,-0.234945],[-0.482754,-0.444205,0.754739]]],"btipPosition":[-7.59098,291.695,-51.5639],"carpPosition":[3.77154,229.639,18.3573],"dipPosition":[-18.6659,281.505,-34.2494],"direction":[0.120977,0.60543,-0.78665],"extended":false,"handId":473,"id":4730,"length":51.0864,"mcpPosition":[3.77154,229.639,18.3573],"pipPosition":[-22.7092,261.27,-7.95812],"stabilizedTipPosition":[-9.51247,289.056,-48.5209],"timeVisible":32.5295,"tipPosition":[-9.71015,289.297,-47.2383],"tipVelocity":[-22.1919,10.7016,32.8533],"tool":false,"touchDistance":-0.123965,"touchZone":"touching","type":0,"width":19.8498},{"bases":[[[0.977457,0.209851,-0.0232537],[-0.128811,0.67997,0.721837],[0.16729,-0.702569,0.691672]],[[0.952428,0.287567,-0.100928],[-0.136852,0.69945,0.701457],[0.27231,-0.654275,0.705529]],[[0.952428,0.287567,-0.100928],[-0.189367,0.817884,0.543329],[0.238791,-0.498369,0.833431]],[[0.952428,0.287567,-0.100928],[-0.225488,0.887707,0.401412],[0.205028,-0.359557,0.91032]]],"btipPosition":[-23.1417,345.756,-86.0005],"carpPosition":[9.48178,249.706,28.5843],"dipPosition":[-19.7079,339.734,-70.7545],"direction":[-0.238791,0.498369,-0.833431],"extended":true,"handId":473,"id":4731,"length":57.6453,"mcpPosition":[-2.58245,300.373,-21.2961],"pipPosition":[-14.0503,327.926,-51.0083],"stabilizedTipPosition":[-22.2226,344.605,-83.634],"timeVisible":32.5295,"tipPosition":[-22.4336,345.149,-81.8601],"tipVelocity":[-2.41835,-6.3185,30.7673],"tool":false,"touchDistance":-0.100631,"touchZone":"touching","type":1,"width":18.9605},{"bases":[[[0.998613,-0.00601172,-0.0523051],[0.0419984,0.690069,0.722524],[0.0317505,-0.723719,0.689364]],[[0.998106,0.00355,-0.0614078],[-0.0367647,0.834814,-0.549303],[0.0493141,0.550521,0.833364]],[[0.998106,0.00355,-0.0614078],[-0.0522075,-0.479006,-0.876258],[-0.0325254,0.877804,-0.477914]],[[0.998106,0.00355,-0.0614078],[-0.0217927,-0.913167,-0.407002],[-0.0575205,0.40757,-0.911361]]],"btipPosition":[18.306,245.26,-27.2986],"carpPosition":[20.8412,253.752,29.1117],"dipPosition":[17.2464,252.768,-44.0864],"direction":[0.0325254,-0.877804,0.477914],"extended":false,"handId":473,"id":4732,"length":65.6822,"mcpPosition":[18.6698,303.247,-18.0333],"pipPosition":[16.3398,277.236,-57.4079],"stabilizedTipPosition":[16.9809,246.754,-33.3007],"timeVisible":32.5295,"tipPosition":[18.0536,247.078,-31.3328],"tipVelocity":[12.1386,4.1628,26.2164],"tool":false,"touchDistance":0.333333,"touchZone":"none","type":2,"width":18.6218},{"bases":[[[0.986375,-0.16445,-0.00460645],[0.114228,0.664454,0.738548],[-0.118394,-0.729011,0.674185]],[[0.987615,-0.156434,-0.0120104],[0.120212,0.803679,-0.582795],[0.100822,0.574133,0.812531]],[[0.987615,-0.156434,-0.0120104],[-0.0917894,-0.514015,-0.852856],[0.127242,0.843396,-0.522008]],[[0.987615,-0.156434,-0.0120104],[-0.149244,-0.913087,-0.37947],[0.0483957,0.376563,-0.925126]]],"btipPosition":[31.3317,244.69,-17.2959],"carpPosition":[32.8193,254.871,28.5682],"dipPosition":[32.2181,251.587,-34.2393],"direction":[-0.127242,-0.843396,0.522008],"extended":false,"handId":473,"id":4733,"length":63.1552,"mcpPosition":[40.0889,299.634,-12.8281],"pipPosition":[35.6733,274.489,-48.4142],"stabilizedTipPosition":[30.3997,246.145,-23.6961],"timeVisible":32.5295,"tipPosition":[31.6033,246.359,-21.3043],"tipVelocity":[11.5722,5.38288,30.6666],"tool":false,"touchDistance":0.333333,"touchZone":"none","type":3,"width":17.7198},{"bases":[[[0.933519,-0.355232,-0.0485117],[0.255343,0.563753,0.785483],[-0.25168,-0.74565,0.61698]],[[0.937502,-0.343015,-0.0585742],[0.264536,0.811883,-0.520449],[0.226077,0.472426,0.851882]],[[0.937502,-0.343015,-0.0585742],[-0.20848,-0.418882,-0.883784],[0.278616,0.84076,-0.464215]],[[0.937502,-0.343015,-0.0585742],[-0.333152,-0.836131,-0.435769],[0.1005,0.428049,-0.89815]]],"btipPosition":[44.6267,252.338,-15.7588],"carpPosition":[45.1971,249.682,24.7611],"dipPosition":[46.3247,259.571,-30.9341],"direction":[-0.278616,-0.84076,0.464215],"extended":false,"handId":473,"id":4734,"length":49.5125,"mcpPosition":[59.5023,292.064,-10.3076],"pipPosition":[51.6664,275.69,-39.8341],"stabilizedTipPosition":[43.7041,253.736,-22.1109],"timeVisible":32.5295,"tipPosition":[44.8017,254.154,-19.4665],"tipVelocity":[10.5771,8.45319,31.5018],"tool":false,"touchDistance":0.333333,"touchZone":"none","type":4,"width":15.7401}],"r":[[0.847537,0.500694,0.176028],[-0.459326,0.858146,-0.229358],[-0.265895,0.113535,0.957293]],"s":1.30529,"t":[50.323,-22.5891,-31.1219],"timestamp":93544780780},false],[3,{"currentFrameRate":55.2766,"devices":[],"gestures":[],"hands":[{"armBasis":[[0.994014,0.106355,-0.0249981],[-0.0944133,0.951343,0.293314],[0.0549772,-0.289198,0.955689]],"armWidth":62.4607,"confidence":0.451502,"direction":[-0.0211672,0.819384,-0.572854],"elbow":[45.1,163.808,280.422],"grabStrength":0,"id":473,"palmNormal":[0.103111,-0.568138,-0.816448],"palmPosition":[22.4351,280.744,-6.83618],"palmVelocity":[-0.233901,-2.90114,25.7098],"palmWidth":89.1918,"pinchStrength":0.235637,"r":[[0.846273,0.502254,0.17766],[-0.461168,0.857595,-0.227717],[-0.266732,0.11078,0.957383]],"s":1.30692,"sphereCenter":[-0.196071,274.6,-48.4251],"sphereRadius":49.9099,"stabilizedPalmPosition":[21.5964,281.102,-10.5374],"t":[50.3144,-22.6434,-30.6592],"timeVisible":32.5479,"type":"right","wrist":[30.5495,240.348,27.4854]}],"id":1688406,"interactionBox":{"center":[0,200,0],"size":[235.247,235.247,147.751]},"pointables":[{"bases":[[[0.303806,0.698769,0.647629],[-0.838175,-0.127143,0.530375],[0.452951,-0.703957,0.547064]],[[0.275576,0.740457,0.61301],[-0.791084,-0.187599,0.58223],[0.546117,-0.645392,0.534066]],[[0.275576,0.740457,0.61301],[-0.954406,0.286875,0.0825318],[-0.114746,-0.607804,0.785753]],[[0.275576,0.740457,0.61301],[-0.842852,0.49276,-0.216306],[-0.462232,-0.457068,0.759888]]],"btipPosition":[-8.36027,291.831,-51.0877],"carpPosition":[3.92267,229.451,18.7386],"dipPosition":[-18.9644,281.345,-33.655],"direction":[0.114746,0.607804,-0.785753],"extended":false,"handId":473,"id":4730,"length":51.0864,"mcpPosition":[3.92267,229.451,18.7386],"pipPosition":[-22.7994,261.031,-7.39377],"stabilizedTipPosition":[-9.86491,289.156,-48.1257],"timeVisible":32.5479,"tipPosition":[-10.2372,289.255,-46.8105],"tipVelocity":[-28.8223,7.32633,30.2349],"tool":false,"touchDistance":-0.115575,"touchZone":"touching","type":0,"width":19.8498},{"bases":[[[0.976773,0.212842,-0.0247502],[-0.129834,0.679773,0.721839],[0.170462,-0.70186,0.691618]],[[0.951491,0.29022,-0.102166],[-0.13828,0.699995,0.700632],[0.274853,-0.652517,0.706171]],[[0.951491,0.29022,-0.102166],[-0.191336,0.818171,0.542205],[0.240948,-0.496355,0.834012]],[[0.951491,0.29022,-0.102166],[-0.227806,0.88771,0.400095],[0.20681,-0.357413,0.910761]]],"btipPosition":[-23.454,345.38,-85.6774],"carpPosition":[9.58635,249.539,28.9516],"dipPosition":[-19.9903,339.394,-70.424],"direction":[-0.240948,0.496355,-0.834012],"extended":true,"handId":473,"id":4731,"length":57.6453,"mcpPosition":[-2.70664,300.154,-20.9248],"pipPosition":[-14.2816,327.634,-50.664],"stabilizedTipPosition":[-22.2732,344.535,-83.4635],"timeVisible":32.5479,"tipPosition":[-22.7532,344.771,-81.541],"tipVelocity":[-9.2467,-12.9109,24.4792],"tool":false,"touchDistance":-0.0952175,"touchZone":"touching","type":1,"width":18.9605},{"bases":[[[0.998549,-0.00296288,-0.0537734],[0.040944,0.690396,0.722272],[0.0349849,-0.723426,0.689515]],[[0.997997,0.006627,-0.0629088],[-0.040279,0.8334,-0.551201],[0.0487753,0.552631,0.831998]],[[0.997997,0.006627,-0.0629088],[-0.051959,-0.481338,-0.874993],[-0.036079,0.87651,-0.48003]],[[0.997997,0.006627,-0.0629088],[-0.0194852,-0.913934,-0.405394],[-0.060181,0.405808,-0.911975]]],"btipPosition":[18.3512,245.076,-26.8245],"carpPosition":[20.934,253.62,29.4613],"dipPosition":[17.2426,252.551,-43.6236],"direction":[0.036079,-0.87651,0.48003],"extended":false,"handId":473,"id":4732,"length":65.6822,"mcpPosition":[18.5415,303.094,-17.6941],"pipPosition":[16.2369,276.984,-57.0042],"stabilizedTipPosition":[16.9962,246.755,-33.2647],"timeVisible":32.5479,"tipPosition":[18.0841,246.896,-30.8972],"tipVelocity":[7.19186,-2.83943,25.9525],"tool":false,"touchDistance":0.333333,"touchZone":"none","type":2,"width":18.6218},{"bases":[[[0.986867,-0.161425,-0.00601334],[0.113276,0.665007,0.738197],[-0.115165,-0.729183,0.674559]],[[0.988087,-0.153299,-0.0135215],[0.116575,0.802942,-0.584546],[0.100467,0.576006,0.811248]],[[0.988087,-0.153299,-0.0135215],[-0.0918643,-0.51705,-0.851011],[0.123468,0.842116,-0.524973]],[[0.988087,-0.153299,-0.0135215],[-0.147069,-0.914743,-0.376319],[0.0453204,0.373824,-0.926392]]],"btipPosition":[31.3963,244.608,-16.8273],"carpPosition":[32.9079,254.775,28.8998],"dipPosition":[32.2264,251.454,-33.7939],"direction":[-0.123468,-0.842116,0.524973],"extended":false,"handId":473,"id":4733,"length":63.1552,"mcpPosition":[39.9792,299.549,-12.5194],"pipPosition":[35.5791,274.322,-48.0493],"stabilizedTipPosition":[30.4136,246.145,-23.6615],"timeVisible":32.5479,"tipPosition":[31.6475,246.254,-20.8848],"tipVelocity":[7.36265,0.336408,28.0483],"tool":false,"touchDistance":0.333333,"touchZone":"none","type":3,"width":17.7198},{"bases":[[[0.934532,-0.35238,-0.0497884],[0.254768,0.564752,0.784951],[-0.248483,-0.746246,0.617554]],[[0.9387,-0.339388,-0.0604885],[0.260279,0.812786,-0.521185],[0.226048,0.473492,0.851297]],[[0.9387,-0.339388,-0.0604885],[-0.208909,-0.420448,-0.882938],[0.274226,0.841451,-0.465576]],[[0.9387,-0.339388,-0.0604885],[-0.330911,-0.837884,-0.434107],[0.0966483,0.427513,-0.898828]]],"btipPosition":[44.694,252.272,-15.4188],"carpPosition":[45.2959,249.623,25.0759],"dipPosition":[46.327,259.495,-30.6056],"direction":[-0.274226,-0.841451,0.465576],"extended":false,"handId":473,"id":4734,"length":49.5125,"mcpPosition":[59.4194,292.039,-10.0254],"pipPosition":[51.5845,275.628,-39.5317],"stabilizedTipPosition":[43.7182,253.738,-22.0779],"timeVisible":32.5479,"tipPosition":[44.8473,254.08,-19.132],"tipVelocity":[6.86432,2.60446,25.1876],"tool":false,"touchDistance":0.333333,"touchZone":"none","type":4,"width":15.7401}],"r":[[0.846273,0.502254,0.17766],[-0.461168,0.857595,-0.227717],[-0.266732,0.11078,0.957383]],"s":1.30692,"t":[50.3144,-22.6434,-30.6592],"timestamp":93544799148},false],[4,{"currentFrameRate":55.3588,"devices":[],"gestures":[],"hands":[{"armBasis":[[0.993789,0.108395,-0.025174],[-0.0963336,0.951249,0.292994],[0.0557059,-0.288749,0.955783]],"armWidth":62.4607,"confidence":0.475777,"direction":[-0.0240412,0.818775,-0.573611],"elbow":[45.3949,163.67,280.931],"grabStrength":0,"id":473,"palmNormal":[0.103283,-0.568673,-0.816054],"palmPosition":[22.3864,280.434,-6.37901],"palmVelocity":[-1.4108,-9.71309,25.711],"palmWidth":89.1918,"pinchStrength":0.222116,"r":[[0.845064,0.503947,0.178617],[-0.463131,0.856876,-0.226433],[-0.267163,0.108627,0.957509]],"s":1.30889,"sphereCenter":[-0.226966,274.175,-47.9511],"sphereRadius":49.924,"stabilizedPalmPosition":[21.5983,281.1,-10.5277],"t":[50.2857,-22.8253,-30.1993],"timeVisible":32.5656,"type":"right","wrist":[30.6516,240.092,27.9692]}],"id":1688407,"interactionBox":{"center":[0,200,0],"size":[235.247,235.247,147.751]},"pointables":[{"bases":[[[0.303058,0.70014,0.646498],[-0.837063,-0.128689,0.531756],[0.455501,-0.702313,0.547061]],[[0.275475,0.740609,0.612872],[-0.788242,-0.190911,0.585002],[0.550261,-0.644245,0.531188]],[[0.275475,0.740609,0.612872],[-0.955049,0.283483,0.0867099],[-0.109521,-0.60921,0.78541]],[[0.275475,0.740609,0.612872],[-0.853899,0.481356,-0.197869],[-0.441553,-0.468823,0.765007]]],"btipPosition":[-9.09628,291.761,-50.5185],"carpPosition":[4.03852,229.121,19.273],"dipPosition":[-19.226,281.006,-32.9684],"direction":[0.109521,0.60921,-0.78541],"extended":false,"handId":473,"id":4730,"length":51.0864,"mcpPosition":[4.03852,229.121,19.273],"pipPosition":[-22.8864,260.645,-6.71859],"stabilizedTipPosition":[-10.2663,289.189,-47.7031],"timeVisible":32.5656,"tipPosition":[-10.7523,289.03,-46.2695],"tipVelocity":[-31.845,0.411513,31.7839],"tool":false,"touchDistance":-0.105638,"touchZone":"touching","type":0,"width":19.8498},{"bases":[[[0.976209,0.215218,-0.0264225],[-0.130423,0.68015,0.721378],[0.173225,-0.700769,0.692037]],[[0.950708,0.292248,-0.10366],[-0.139328,0.701243,0.699175],[0.277023,-0.650268,0.707396]],[[0.950708,0.292248,-0.10366],[-0.192989,0.819312,0.539892],[0.242712,-0.493274,0.835327]],[[0.950708,0.292248,-0.10366],[-0.229836,0.88853,0.397101],[0.208157,-0.353703,0.911902]]],"btipPosition":[-23.7272,344.765,-85.303],"carpPosition":[9.6681,249.233,29.4581],"dipPosition":[-20.241,338.841,-70.0305],"direction":[-0.242712,0.493274,-0.835327],"extended":true,"handId":473,"id":4731,"length":57.6453,"mcpPosition":[-2.82411,299.769,-20.4486],"pipPosition":[-14.4905,327.154,-50.2394],"stabilizedTipPosition":[-22.3584,344.387,-83.2449],"timeVisible":32.5656,"tipPosition":[-23.0356,344.169,-81.1638],"tipVelocity":[-11.9837,-22.709,22.9877],"tool":false,"touchDistance":-0.0889046,"touchZone":"touching","type":1,"width":18.9605},{"bases":[[[0.998471,-0.000560908,-0.0552704],[0.0403294,0.691193,0.721544],[0.0377978,-0.72267,0.690159]],[[0.997881,0.00903913,-0.0644337],[-0.0432906,0.831532,-0.553788],[0.0485729,0.555404,0.830161]],[[0.997881,0.00903913,-0.0644337],[-0.052004,-0.484344,-0.873331],[-0.0391022,0.874831,-0.482848]],[[0.997881,0.00903913,-0.0644337],[-0.0177406,-0.914981,-0.403106],[-0.0625993,0.403395,-0.912882]]],"btipPosition":[18.3696,244.707,-26.201],"carpPosition":[21.0065,253.342,29.9468],"dipPosition":[17.2165,252.138,-43.0168],"direction":[0.0391022,-0.874831,0.482848],"extended":false,"handId":473,"id":4732,"length":65.6822,"mcpPosition":[18.4215,302.765,-17.2526],"pipPosition":[16.1265,276.523,-56.4759],"stabilizedTipPosition":[17.0055,246.752,-33.238],"timeVisible":32.5656,"tipPosition":[18.0889,246.526,-30.3137],"tipVelocity":[4.03078,-11.5327,30.1319],"tool":false,"touchDistance":0.333333,"touchZone":"none","type":2,"width":18.6218},{"bases":[[[0.98725,-0.159005,-0.00734019],[0.112747,0.665997,0.737384],[-0.112359,-0.728811,0.675433]],[[0.988457,-0.150758,-0.014973],[0.113461,0.802137,-0.586262],[0.100394,0.577796,0.809983]],[[0.988457,-0.150758,-0.014973],[-0.092177,-0.520027,-0.849161],[0.120232,0.84074,-0.527921]],[[0.988457,-0.150758,-0.014973],[-0.145418,-0.916405,-0.372901],[0.0424967,0.370774,-0.92775]]],"btipPosition":[31.4356,244.351,-16.2543],"carpPosition":[32.9765,254.526,29.3662],"dipPosition":[32.2139,251.141,-33.2458],"direction":[-0.120232,-0.84074,0.527921],"extended":false,"handId":473,"id":4733,"length":63.1552,"mcpPosition":[39.8756,299.277,-12.1068],"pipPosition":[35.4787,273.971,-47.5813],"stabilizedTipPosition":[30.421,246.144,-23.6399],"timeVisible":32.5656,"tipPosition":[31.6673,245.97,-20.346],"tipVelocity":[4.62658,-6.95082,29.86],"tool":false,"touchDistance":0.333333,"touchZone":"none","type":3,"width":17.7198},{"bases":[[[0.93532,-0.35013,-0.0508525],[0.254555,0.566136,0.784023],[-0.245721,-0.746257,0.618645]],[[0.939752,-0.336112,-0.0624139],[0.256018,0.81294,-0.523052],[0.226543,0.47556,0.850013]],[[0.939752,-0.336112,-0.0624139],[-0.209981,-0.423454,-0.881246],[0.269768,0.841258,-0.468519]],[[0.939752,-0.336112,-0.0624139],[-0.329137,-0.840237,-0.430895],[0.0923865,0.425477,-0.900241]]],"btipPosition":[44.7529,252.017,-14.9033],"carpPosition":[45.3715,249.401,25.5287],"dipPosition":[46.3139,259.206,-30.1139],"direction":[-0.269768,-0.841258,0.468519],"extended":false,"handId":473,"id":4734,"length":49.5125,"mcpPosition":[59.338,291.818,-9.63467],"pipPosition":[51.486,275.335,-39.0964],"stabilizedTipPosition":[43.7257,253.737,-22.0581],"timeVisible":32.5656,"tipPosition":[44.881,253.81,-18.6374],"tipVelocity":[4.75933,-5.57079,26.8312],"tool":false,"touchDistance":0.333333,"touchZone":"none","type":4,"width":15.7401}],"r":[[0.845064,0.503947,0.178617],[-0.463131,0.856876,-0.226433],[-0.267163,0.108627,0.957509]],"s":1.30889,"t":[50.2857,-22.8253,-30.1993],"timestamp":93544816928},false],[5,{"currentFrameRate":55.3557,"devices":[],"gestures":[],"hands":[{"armBasis":[[0.993543,0.110932,-0.0237975],[-0.0991287,0.950795,0.293533],[0.0551888,-0.289279,0.955653]],"armWidth":62.4607,"confidence":0.493109,"direction":[-0.026662,0.81766,-0.575084],"elbow":[45.3814,163.247,281.35],"grabStrength":0,"id":473,"palmNormal":[0.104661,-0.569843,-0.815061],"palmPosition":[22.3784,280.065,-5.99482],"palmVelocity":[-0.950277,-14.8116,23.5931],"palmWidth":89.1918,"pinchStrength":0.206315,"r":[[0.843809,0.50586,0.179139],[-0.465221,0.855942,-0.225683],[-0.267497,0.107094,0.957589]],"s":1.31126,"sphereCenter":[-0.150293,273.655,-47.5565],"sphereRadius":49.9331,"stabilizedPalmPosition":[21.6005,281.098,-10.515],"t":[50.2673,-23.101,-29.7772],"timeVisible":32.5837,"type":"right","wrist":[30.7749,239.809,28.4234]}],"id":1688408,"interactionBox":{"center":[0,200,0],"size":[235.247,235.247,147.751]},"pointables":[{"bases":[[[0.30123,0.7022,0.645117],[-0.836487,-0.13019,0.532297],[0.457767,-0.699976,0.548163]],[[0.27389,0.742007,0.61189],[-0.785788,-0.194195,0.587218],[0.554546,-0.641649,0.529872]],[[0.27389,0.742007,0.61189],[-0.9561,0.278994,0.0896407],[-0.1042,-0.60958,0.785847]],[[0.27389,0.742007,0.61189],[-0.866204,0.466788,-0.178325],[-0.417941,-0.481181,0.770578]]],"btipPosition":[-9.87285,291.553,-50.1126],"carpPosition":[4.19111,228.744,19.7568],"dipPosition":[-19.4609,280.514,-32.4348],"direction":[0.1042,0.60958,-0.785847],"extended":false,"handId":473,"id":4730,"length":51.0864,"mcpPosition":[4.19111,228.744,19.7568],"pipPosition":[-22.9434,260.141,-6.17038],"stabilizedTipPosition":[-10.7411,289.143,-47.2691],"timeVisible":32.5837,"tipPosition":[-11.2745,288.686,-45.867],"tipVelocity":[-33.8522,-6.96392,28.1214],"tool":false,"touchDistance":-0.0983849,"touchZone":"touching","type":0,"width":19.8498},{"bases":[[[0.975561,0.218043,-0.0271733],[-0.132163,0.681069,0.720193],[0.17554,-0.699001,0.693241]],[[0.949893,0.29465,-0.104328],[-0.141522,0.703013,0.696954],[0.278701,-0.647267,0.709487]],[[0.949893,0.29465,-0.104328],[-0.195729,0.820931,0.536434],[0.243706,-0.489135,0.837469]],[[0.949893,0.29465,-0.104328],[-0.232854,0.889712,0.392671],[0.208523,-0.348703,0.913742]]],"btipPosition":[-23.8975,343.987,-85.1141],"carpPosition":[9.76514,248.891,29.9035],"dipPosition":[-20.4052,338.147,-69.8108],"direction":[-0.243706,0.489135,-0.837469],"extended":true,"handId":473,"id":4731,"length":57.6453,"mcpPosition":[-2.89406,299.3,-20.0901],"pipPosition":[-14.6311,326.558,-49.9689],"stabilizedTipPosition":[-22.5013,344.049,-82.9245],"timeVisible":32.5837,"tipPosition":[-23.2196,343.411,-80.97],"tipVelocity":[-10.7289,-31.8533,17.2167],"tool":false,"touchDistance":-0.0856379,"touchZone":"touching","type":1,"width":18.9605},{"bases":[[[0.998448,0.00227941,-0.0556387],[0.0385563,0.692615,0.720276],[0.040178,-0.721304,0.691452]],[[0.99783,0.0118104,-0.0647705],[-0.0460564,0.828219,-0.558509],[0.047048,0.56028,0.826966]],[[0.99783,0.0118104,-0.0647705],[-0.0506813,-0.490164,-0.870155],[-0.0420251,0.87155,-0.488502]],[[0.99783,0.0118104,-0.0647705],[-0.0149936,-0.917166,-0.398224],[-0.0641085,0.398331,-0.914999]]],"btipPosition":[18.4732,244.26,-25.5082],"carpPosition":[21.0915,253.034,30.3804],"dipPosition":[17.2923,251.598,-42.363],"direction":[0.0420251,-0.87155,0.488502],"extended":false,"handId":473,"id":4732,"length":65.6822,"mcpPosition":[18.3438,302.364,-16.9074],"pipPosition":[16.1209,275.892,-55.9797],"stabilizedTipPosition":[17.0137,246.746,-33.2114],"timeVisible":32.5837,"tipPosition":[18.1816,246.068,-29.7016],"tipVelocity":[4.67117,-18.3595,33.7908],"tool":false,"touchDistance":0.333333,"touchZone":"none","type":2,"width":18.6218},{"bases":[[[0.987712,-0.15611,-0.00741747],[0.111054,0.667661,0.736136],[-0.109966,-0.727914,0.676793]],[[0.988909,-0.147744,-0.0151863],[0.110614,0.800881,-0.588519],[0.0991123,0.580312,0.808341]],[[0.988909,-0.147744,-0.0151863],[-0.0912629,-0.523805,-0.846935],[0.117175,0.838928,-0.531479]],[[0.988909,-0.147744,-0.0151863],[-0.142882,-0.918462,-0.368799],[0.0405395,0.366878,-0.929385]]],"btipPosition":[31.5449,244.033,-15.7122],"carpPosition":[33.0579,254.253,29.7934],"dipPosition":[32.2874,250.752,-32.7337],"direction":[-0.117175,-0.838928,0.531479],"extended":false,"handId":473,"id":4733,"length":63.1552,"mcpPosition":[39.81,298.948,-11.7631],"pipPosition":[35.4692,273.533,-47.1657],"stabilizedTipPosition":[30.4268,246.141,-23.6219],"timeVisible":32.5837,"tipPosition":[31.7611,245.621,-19.8385],"tipVelocity":[5.08624,-12.4429,29.7409],"tool":false,"touchDistance":0.333333,"touchZone":"none","type":3,"width":17.7198},{"bases":[[[0.936328,-0.347466,-0.0505644],[0.253172,0.568302,0.782902],[-0.243296,-0.745855,0.620086]],[[0.94102,-0.332434,-0.0629928],[0.251834,0.812494,-0.525769],[0.225965,0.478896,0.848292]],[[0.94102,-0.332434,-0.0629928],[-0.210071,-0.428091,-0.878981],[0.265237,0.840372,-0.472677]],[[0.94102,-0.332434,-0.0629928],[-0.326526,-0.84347,-0.426544],[0.0886653,0.421955,-0.902271]]],"btipPosition":[44.8798,251.711,-14.3797],"carpPosition":[45.4664,249.157,25.9605],"dipPosition":[46.3779,258.84,-29.6246],"direction":[-0.265237,-0.840372,0.472677],"extended":false,"handId":473,"id":4734,"length":49.5125,"mcpPosition":[59.2952,291.551,-9.28475],"pipPosition":[51.4631,274.952,-38.6869],"stabilizedTipPosition":[43.7318,253.736,-22.0413],"timeVisible":32.5837,"tipPosition":[44.9862,253.482,-18.1468],"tipVelocity":[5.45353,-11.3224,27.6382],"tool":false,"touchDistance":0.333333,"touchZone":"none","type":4,"width":15.7401}],"r":[[0.843809,0.50586,0.179139],[-0.465221,0.855942,-0.225683],[-0.267497,0.107094,0.957589]],"s":1.31126,"t":[50.2673,-23.101,-29.7772],"timestamp":93544835004},false],[6,{"currentFrameRate":55.3631,"devices":[],"gestures":[],"hands":[{"armBasis":[[0.993452,0.111803,-0.0235066],[-0.0998662,0.949751,0.296647],[0.0554916,-0.292357,0.954698]],"armWidth":62.4607,"confidence":0.512572,"direction":[-0.0280297,0.818117,-0.574368],"elbow":[45.4822,162.325,281.156],"grabStrength":0,"id":473,"palmNormal":[0.104414,-0.569054,-0.815644],"palmPosition":[22.3258,279.978,-5.89391],"palmVelocity":[-1.88358,-10.0668,15.0535],"palmWidth":89.1918,"pinchStrength":0.201163,"r":[[0.842738,0.507523,0.179477],[-0.467104,0.855136,-0.224849],[-0.267594,0.105654,0.957722]],"s":1.31328,"sphereCenter":[-0.116672,273.559,-47.4572],"sphereRadius":49.9048,"stabilizedPalmPosition":[21.6029,281.094,-10.4995],"t":[50.2319,-23.2822,-29.5157],"timeVisible":32.6018,"type":"right","wrist":[30.7956,239.702,28.4821]}],"id":1688409,"interactionBox":{"center":[0,200,0],"size":[235.247,235.247,147.751]},"pointables":[{"bases":[[[0.301179,0.701951,0.645411],[-0.835833,-0.131458,0.533012],[0.458992,-0.699988,0.547122]],[[0.273484,0.742151,0.611897],[-0.78452,-0.195971,0.588323],[0.556539,-0.640942,0.528638]],[[0.273484,0.742151,0.611897],[-0.956384,0.277693,0.0906448],[-0.102648,-0.609998,0.785726]],[[0.273484,0.742151,0.611897],[-0.872562,0.459121,-0.166867],[-0.404775,-0.488283,0.773135]]],"btipPosition":[-10.3012,291.569,-50.0313],"carpPosition":[4.21415,228.618,19.8324],"dipPosition":[-19.5872,280.367,-32.2947],"direction":[0.102648,0.609998,-0.785726],"extended":false,"handId":473,"id":4730,"length":51.0864,"mcpPosition":[4.21415,228.618,19.8324],"pipPosition":[-23.0179,259.98,-6.03437],"stabilizedTipPosition":[-11.23,289.1,-46.8893],"timeVisible":32.6018,"tipPosition":[-11.6064,288.663,-45.7657],"tipVelocity":[-27.2321,-4.2222,17.2744],"tool":false,"touchDistance":-0.0968037,"touchZone":"touching","type":0,"width":19.8498},{"bases":[[[0.97532,0.219022,-0.0279512],[-0.132118,0.680333,0.720897],[0.176908,-0.699412,0.692478]],[[0.949607,0.295419,-0.104762],[-0.142007,0.703439,0.696425],[0.27943,-0.646453,0.709942]],[[0.949607,0.295419,-0.104762],[-0.196614,0.821701,0.534931],[0.244111,-0.487376,0.838376]],[[0.949607,0.295419,-0.104762],[-0.23395,0.890445,0.390353],[0.208602,-0.346173,0.914686]]],"btipPosition":[-24.0244,343.769,-85.0285],"carpPosition":[9.77846,248.761,29.9905],"dipPosition":[-20.5308,337.971,-69.7094],"direction":[-0.244111,0.487376,-0.838376],"extended":true,"handId":473,"id":4731,"length":57.6453,"mcpPosition":[-2.97939,299.2,-19.948],"pipPosition":[-14.7471,326.424,-49.846],"stabilizedTipPosition":[-22.68,343.648,-82.5719],"timeVisible":32.6018,"tipPosition":[-23.3617,343.207,-80.8769],"tipVelocity":[-8.96971,-22.2185,11.3949],"tool":false,"touchDistance":-0.084151,"touchZone":"touching","type":1,"width":18.9605},{"bases":[[[0.99839,0.00330432,-0.0566209],[0.038589,0.692046,0.720821],[0.0415661,-0.721846,0.690804]],[[0.997753,0.0128507,-0.0657522],[-0.0474329,0.828603,-0.557824],[0.047314,0.55969,0.827351]],[[0.997753,0.0128507,-0.0657522],[-0.051052,-0.489702,-0.870394],[-0.0433842,0.871795,-0.487946]],[[0.997753,0.0128507,-0.0657522],[-0.0144644,-0.916966,-0.398703],[-0.0654161,0.398758,-0.91472]]],"btipPosition":[18.4374,244.192,-25.4233],"carpPosition":[21.1013,252.916,30.4598],"dipPosition":[17.2324,251.537,-42.273],"direction":[0.0433842,-0.871795,0.487946],"extended":false,"handId":473,"id":4732,"length":65.6822,"mcpPosition":[18.2586,302.282,-16.7837],"pipPosition":[16.0231,275.838,-55.8742],"stabilizedTipPosition":[17.0204,246.741,-33.1888],"timeVisible":32.6018,"tipPosition":[18.1398,245.998,-29.6134],"tipVelocity":[1.36732,-11.3993,20.0218],"tool":false,"touchDistance":0.333333,"touchZone":"none","type":2,"width":18.6218},{"bases":[[[0.987856,-0.155136,-0.00852264],[0.111126,0.66715,0.736588],[-0.108586,-0.72859,0.676288]],[[0.989056,-0.146629,-0.016409],[0.108968,0.800911,-0.588786],[0.099475,0.580554,0.808123]],[[0.989056,-0.146629,-0.016409],[-0.0918765,-0.52505,-0.846098],[0.115447,0.838345,-0.532775]],[[0.989056,-0.146629,-0.016409],[-0.142359,-0.919158,-0.367264],[0.0387689,0.36558,-0.929972]]],"btipPosition":[31.5316,243.997,-15.5571],"carpPosition":[33.0658,254.146,29.862],"dipPosition":[32.2416,250.692,-32.5893],"direction":[-0.115447,-0.838345,0.532775],"extended":false,"handId":473,"id":4733,"length":63.1552,"mcpPosition":[39.7332,298.883,-11.6635],"pipPosition":[35.3765,273.457,-47.0565],"stabilizedTipPosition":[30.4307,246.139,-23.6093],"timeVisible":32.6018,"tipPosition":[31.7337,245.569,-19.7116],"tipVelocity":[2.12582,-7.62613,19.6459],"tool":false,"touchDistance":0.333333,"touchZone":"none","type":3,"width":17.7198},{"bases":[[[0.936618,-0.346505,-0.0517801],[0.253388,0.567891,0.783131],[-0.241954,-0.746615,0.619697]],[[0.941655,-0.330197,-0.0652366],[0.248659,0.813111,-0.526325],[0.226835,0.479395,0.847777]],[[0.941655,-0.330197,-0.0652366],[-0.211542,-0.429856,-0.877767],[0.261793,0.840354,-0.474626]],[[0.941655,-0.330197,-0.0652366],[-0.325675,-0.844935,-0.424287],[0.0849776,0.420778,-0.903175]]],"btipPosition":[44.9108,251.666,-14.235],"carpPosition":[45.4756,249.066,26.0126],"dipPosition":[46.3466,258.776,-29.4952],"direction":[-0.261793,-0.840354,0.474626],"extended":false,"handId":473,"id":4734,"length":49.5125,"mcpPosition":[59.228,291.503,-9.21055],"pipPosition":[51.3658,274.887,-38.5948],"stabilizedTipPosition":[43.7362,253.734,-22.0286],"timeVisible":32.6018,"tipPosition":[44.9927,253.425,-18.0267],"tipVelocity":[3.30503,-7.25258,18.2382],"tool":false,"touchDistance":0.333333,"touchZone":"none","type":4,"width":1