{"sensorType":"Leap","data":[[0,{"currentFrameRate":50.8053,"devices":[],"gestures":[],"hands":[{"armBasis":[[0.998969,0.035545,-0.0282417],[-0.0259816,0.957756,0.286406],[0.037229,-0.285377,0.957692]],"armWidth":62.4607,"confidence":0.4235,"direction":[0.0386501,0.852339,-0.52156],"elbow":[43.5056,163.399,277.983],"grabStrength":0,"id":473,"palmNormal":[0.0693311,-0.522979,-0.849521],"palmPosition":[28.5433,281.805,-7.28161],"palmVelocity":[-4.67541,-14.1921,41.764],"palmWidth":89.1918,"pinchStrength":0.15355,"r":[[0.873089,0.437341,0.21552],[-0.408003,0.897368,-0.168118],[-0.266926,0.0588486,0.961919]],"s":1.32117,"sphereCenter":[6.66878,278.383,-50.1772],"sphereRadius":49.7483,"stabilizedPalmPosition":[27.9291,283.524,-11.1712],"t":[56.478,-21.3606,-31.4488],"timeVisible":34.0751,"type":"right","wrist":[33.6524,238.928,24.516]}],"id":1688488,"interactionBox":{"center":[0,200,0],"size":[235.247,235.247,147.751]},"pointables":[{"bases":[[[0.346658,0.635424,0.689974],[-0.848344,-0.101431,0.519638],[0.400176,-0.765472,0.503896]],[[0.323235,0.678109,0.660066],[-0.794554,-0.184386,0.57852],[0.514007,-0.711456,0.479194]],[[0.323235,0.678109,0.660066],[-0.933759,0.341812,0.106108],[-0.153666,-0.650641,0.743676]],[[0.323235,0.678109,0.660066],[-0.879126,0.473318,-0.0557469],[-0.350224,-0.562262,0.749136]]],"btipPosition":[-5.58036,299.896,-50.4326],"carpPosition":[6.40025,230.44,15.0558],"dipPosition":[-13.6149,286.997,-33.2467],"direction":[0.153666,0.650641,-0.743676],"extended":false,"handId":473,"id":4730,"length":51.0864,"mcpPosition":[6.40025,230.44,15.0558],"pipPosition":[-18.7507,265.252,-8.39171],"stabilizedTipPosition":[-6.94929,297.755,-47.7497],"timeVisible":34.0751,"tipPosition":[-6.56898,296.17,-46.6312],"tipVelocity":[-12.8571,-22.7865,37.9381],"tool":false,"touchDistance":-0.080681,"touchZone":"touching","type":0,"width":19.8498},{"bases":[[[0.989183,0.146388,-0.00938992],[-0.0877401,0.641752,0.761877],[0.117556,-0.752812,0.647654]],[[0.962782,0.25091,-0.100472],[-0.118021,0.724707,0.678875],[0.243149,-0.641751,0.727348]],[[0.962782,0.25091,-0.100472],[-0.162164,0.833653,0.527944],[0.216225,-0.492003,0.843315]],[[0.962782,0.25091,-0.100472],[-0.192164,0.896877,0.398354],[0.190061,-0.364221,0.911713]]],"btipPosition":[-13.6657,348.503,-86.0919],"carpPosition":[13.3578,249.43,26.4948],"dipPosition":[-10.4826,342.403,-70.8226],"direction":[-0.216225,0.492003,-0.843315],"extended":true,"handId":473,"id":4731,"length":57.6453,"mcpPosition":[4.88017,303.719,-20.2111],"pipPosition":[-5.35964,330.746,-50.8422],"stabilizedTipPosition":[-12.7056,347.288,-82.9551],"timeVisible":34.0751,"tipPosition":[-12.8701,347.636,-82.1703],"tipVelocity":[-14.7335,-28.1427,36.7358],"tool":false,"touchDistance":-0.109163,"touchZone":"touching","type":1,"width":18.9605},{"bases":[[[0.996337,-0.0682274,-0.0515462],[0.0833583,0.640578,0.763355],[-0.0190624,-0.764856,0.643919]],[[0.996456,-0.0622421,-0.0565817],[0.0247215,0.859651,-0.510282],[0.0804016,0.507075,0.858144]],[[0.996456,-0.0622421,-0.0565817],[-0.0783753,-0.442758,-0.893209],[0.0305432,0.894478,-0.446068]],[[0.996456,-0.0622421,-0.0565817],[-0.0808728,-0.89389,-0.44093],[-0.0231334,0.443944,-0.895756]]],"btipPosition":[22.0341,247.922,-28.3682],"carpPosition":[24.9544,252.683,27.28],"dipPosition":[21.6079,256.1,-44.8686],"direction":[-0.0305432,-0.894478,0.446068],"extended":false,"handId":473,"id":4732,"length":65.6822,"mcpPosition":[26.2581,304.991,-16.7571],"pipPosition":[22.4593,281.033,-57.3025],"stabilizedTipPosition":[21.107,251.773,-36.5563],"timeVisible":34.0751,"tipPosition":[21.9262,249.96,-32.6187],"tipVelocity":[-4.937,-15.2816,41.3223],"tool":false,"touchDistance":0.333333,"touchZone":"none","type":2,"width":18.6218},{"bases":[[[0.973535,-0.228133,-0.0136237],[0.153679,0.609358,0.77786],[-0.169154,-0.759367,0.62829]],[[0.977763,-0.207462,-0.0306524],[0.159491,0.830526,-0.533657],[0.136171,0.516901,0.845146]],[[0.977763,-0.207462,-0.0306524],[-0.125559,-0.462045,-0.877923],[0.167973,0.862249,-0.477819]],[[0.977763,-0.207462,-0.0306524],[-0.200723,-0.88346,-0.423331],[0.0607447,0.42007,-0.905456]]],"btipPosition":[35.7315,245.927,-19.2164],"carpPosition":[36.9826,253.046,26.8182],"dipPosition":[36.844,253.62,-35.7996],"direction":[-0.167973,-0.862249,0.477819],"extended":false,"handId":473,"id":4733,"length":63.1552,"mcpPosition":[47.369,299.673,-11.7601],"pipPosition":[41.4052,277.034,-48.7746],"stabilizedTipPosition":[35.1087,249.497,-27.6687],"timeVisible":34.0751,"tipPosition":[35.8986,247.737,-23.2953],"tipVelocity":[-3.156,-14.3806,51.7372],"tool":false,"touchDistance":0.333333,"touchZone":"none","type":3,"width":17.7198},{"bases":[[[0.90855,-0.412014,-0.0691508],[0.287676,0.496959,0.818703],[-0.302952,-0.763725,0.570038]],[[0.925357,-0.3646,-0.103838],[0.280495,0.842749,-0.459453],[0.255025,0.396032,0.882112]],[[0.925357,-0.3646,-0.103838],[-0.236231,-0.340349,-0.910142],[0.296496,0.866735,-0.401074]],[[0.925357,-0.3646,-0.103838],[-0.366354,-0.789626,-0.492214],[0.0974682,0.493515,-0.864258]]],"btipPosition":[50.0629,252.026,-17.9687],"carpPosition":[49.014,247.299,22.7141],"dipPosition":[51.7098,260.364,-32.5713],"direction":[-0.296496,-0.866735,0.401074],"extended":false,"handId":473,"id":4734,"length":49.5125,"mcpPosition":[66.2335,290.708,-9.68646],"pipPosition":[57.3943,276.982,-40.2608],"stabilizedTipPosition":[49.3764,255.808,-25.7692],"timeVisible":34.0751,"tipPosition":[50.304,254.035,-21.3097],"tipVelocity":[-4.69693,-13.8565,40.7282],"tool":false,"touchDistance":0.333333,"touchZone":"none","type":4,"width":15.7401}],"r":[[0.873089,0.437341,0.21552],[-0.408003,0.897368,-0.168118],[-0.266926,0.0588486,0.961919]],"s":1.32117,"t":[56.478,-21.3606,-31.4488],"timestamp":93546326411},false],[1,{"currentFrameRate":51.1922,"devices":[],"gestures":[],"hands":[{"armBasis":[[0.998778,0.0407617,-0.0279438],[-0.0309155,0.956465,0.290205],[0.0385565,-0.288986,0.956556]],"armWidth":62.4607,"confidence":0.441432,"direction":[0.0359226,0.8517,-0.522797],"elbow":[43.8187,162.332,278.506],"grabStrength":0,"id":473,"palmNormal":[0.0729488,-0.523974,-0.848605],"palmPosition":[28.3773,281.623,-6.53193],"palmVelocity":[-6.81687,-12.225,41.6108],"palmWidth":89.1918,"pinchStrength":0.153343,"r":[[0.87267,0.438049,0.215777],[-0.408573,0.897013,-0.168628],[-0.267422,0.0589963,0.961772]],"s":1.32134,"sphereCenter":[6.71802,278.016,-49.461],"sphereRadius":49.6922,"stabilizedPalmPosition":[27.9363,283.494,-11.0966],"t":[56.3629,-21.5894,-30.6705],"timeVisible":34.0932,"type":"right","wrist":[33.6142,238.817,25.3396]}],"id":1688489,"interactionBox":{"center":[0,200,0],"size":[235.247,235.247,147.751]},"pointables":[{"bases":[[[0.342827,0.63793,0.689576],[-0.848772,-0.104219,0.518386],[0.402562,-0.763009,0.505728]],[[0.318118,0.682455,0.65807],[-0.795221,-0.185834,0.577139],[0.516163,-0.706909,0.483586]],[[0.318118,0.682455,0.65807],[-0.935675,0.337799,0.101999],[-0.152685,-0.648187,0.746016]],[[0.318118,0.682455,0.65807],[-0.883465,0.465213,-0.0553762],[-0.343935,-0.563765,0.750918]]],"btipPosition":[-5.84928,299.386,-49.9752],"carpPosition":[6.41389,230.199,15.8472],"dipPosition":[-13.7395,286.452,-32.7483],"direction":[0.152685,0.648187,-0.746016],"extended":false,"handId":473,"id":4730,"length":51.0864,"mcpPosition":[6.41389,230.199,15.8472],"pipPosition":[-18.8425,264.789,-7.81516],"stabilizedTipPosition":[-7.1117,297.45,-47.3551],"timeVisible":34.0932,"tipPosition":[-6.83575,295.756,-46.0726],"tipVelocity":[-12.9399,-25.5873,32.1702],"tool":false,"touchDistance":-0.0729002,"touchZone":"touching","type":0,"width":19.8498},{"bases":[[[0.988571,0.150547,-0.00797485],[-0.0917128,0.642534,0.760749],[0.119652,-0.751323,0.648997]],[[0.961884,0.254809,-0.0992523],[-0.122719,0.726582,0.676031],[0.244374,-0.638084,0.730158]],[[0.961884,0.254809,-0.0992523],[-0.167023,0.834827,0.524564],[0.216522,-0.487992,0.845566]],[[0.961884,0.254809,-0.0992523],[-0.197005,0.897432,0.394721],[0.189651,-0.360123,0.913424]]],"btipPosition":[-13.9542,347.883,-85.6152],"carpPosition":[13.2723,249.236,27.2687],"dipPosition":[-10.7779,341.852,-70.3173],"direction":[-0.216522,0.487992,-0.845566],"extended":true,"handId":473,"id":4731,"length":57.6453,"mcpPosition":[4.64344,303.418,-19.5341],"pipPosition":[-5.64794,330.29,-50.2835],"stabilizedTipPosition":[-12.9829,346.864,-82.4957],"timeVisible":34.0932,"tipPosition":[-13.1762,347.051,-81.674],"tipVelocity":[-15.3515,-30.6353,31.9709],"tool":false,"touchDistance":-0.101109,"touchZone":"touching","type":1,"width":18.9605},{"bases":[[[0.996701,-0.0641008,-0.0497911],[0.0793864,0.642084,0.762513],[-0.0169075,-0.763949,0.645055]],[[0.996802,-0.0581294,-0.05483],[0.0218924,0.858568,-0.512232],[0.076851,0.509393,0.857095]],[[0.996802,-0.0581294,-0.05483],[-0.0750436,-0.445222,-0.89227],[0.0274556,0.893532,-0.44816]],[[0.996802,-0.0581294,-0.05483],[-0.0763583,-0.895158,-0.43916],[-0.0235534,0.441942,-0.896734]]],"btipPosition":[22.0476,247.67,-27.5319],"carpPosition":[24.8538,252.539,28.0682],"dipPosition":[21.6137,255.811,-44.0502],"direction":[-0.0274556,-0.893532,0.44816],"extended":false,"handId":473,"id":4732,"length":65.6822,"mcpPosition":[26.01,304.785,-16.0466],"pipPosition":[22.379,280.717,-56.5424],"stabilizedTipPosition":[21.1212,251.736,-36.4684],"timeVisible":34.0932,"tipPosition":[21.9378,249.699,-31.7905],"tipVelocity":[-2.2815,-14.874,43.5482],"tool":false,"touchDistance":0.333333,"touchZone":"none","type":2,"width":18.6218},{"bases":[[[0.974509,-0.224043,-0.0116622],[0.149814,0.611184,0.777181],[-0.166994,-0.759117,0.629169]],[[0.978663,-0.203465,-0.028646],[0.156818,0.829715,-0.535706],[0.132765,0.519784,0.843918]],[[0.978663,-0.203465,-0.028646],[-0.122391,-0.465274,-0.876664],[0.165042,0.861465,-0.480249]],[[0.978663,-0.203465,-0.028646],[-0.196414,-0.885454,-0.42118],[0.0603304,0.417819,-0.906525]]],"btipPosition":[35.7336,245.754,-18.3235],"carpPosition":[36.8811,252.952,27.6257],"dipPosition":[36.8386,253.406,-34.9263],"direction":[-0.165042,-0.861465,0.480249],"extended":false,"handId":473,"id":4733,"length":63.1552,"mcpPosition":[47.1349,299.564,-11.0065],"pipPosition":[41.3202,276.799,-47.9673],"stabilizedTipPosition":[35.1207,249.47,-27.5931],"timeVisible":34.0932,"tipPosition":[35.9043,247.556,-22.4249],"tipVelocity":[-1.6444,-12.3446,50.4876],"tool":false,"touchDistance":0.333333,"touchZone":"none","type":3,"width":17.7198},{"bases":[[[0.910393,-0.408282,-0.0670157],[0.284216,0.499413,0.818418],[-0.300676,-0.764129,0.570702]],[[0.92702,-0.36097,-0.10166],[0.277776,0.843064,-0.460526],[0.251942,0.398678,0.881806]],[[0.92702,-0.36097,-0.10166],[-0.233338,-0.34299,-0.909896],[0.293577,0.867213,-0.402187]],[[0.92702,-0.36097,-0.10166],[-0.362282,-0.791985,-0.491438],[0.096881,0.492402,-0.864959]]],"btipPosition":[50.0357,251.917,-17.1264],"carpPosition":[48.9433,247.249,23.5503],"dipPosition":[51.6726,260.237,-31.7408],"direction":[-0.293577,-0.867213,0.402187],"extended":false,"handId":473,"id":4734,"length":49.5125,"mcpPosition":[66.0336,290.682,-8.88794],"pipPosition":[57.3011,276.863,-39.4517],"stabilizedTipPosition":[49.3901,255.781,-25.6993],"timeVisible":34.0932,"tipPosition":[50.2778,253.921,-20.4751],"tipVelocity":[-3.23947,-10.2381,43.4304],"tool":false,"touchDistance":0.333333,"touchZone":"none","type":4,"width":15.7401}],"r":[[0.87267,0.438049,0.215777],[-0.408573,0.897013,-0.168628],[-0.267422,0.0589963,0.961772]],"s":1.32134,"t":[56.3629,-21.5894,-30.6705],"timestamp":93546344501},false],[2,{"currentFrameRate":51.5641,"devices":[],"gestures":[],"hands":[{"armBasis":[[0.998208,0.0542075,-0.0253483],[-0.0445281,0.955826,0.290539],[0.039978,-0.28889,0.956527]],"armWidth":62.4607,"confidence":0.454048,"direction":[0.0279589,0.84964,-0.526622],"elbow":[44.5472,161.255,280.532],"grabStrength":0,"id":473,"palmNormal":[0.0835449,-0.526971,-0.845767],"palmPosition":[28.3572,280.304,-4.72423],"palmVelocity":[-4.11466,-41.1589,69.4533],"palmWidth":89.1918,"pinchStrength":0.150042,"r":[[0.871039,0.440973,0.21641],[-0.41108,0.895555,-0.170276],[-0.268894,0.0593546,0.961339]],"s":1.32161,"sphereCenter":[7.0123,276.214,-47.7481],"sphereRadius":49.6743,"stabilizedPalmPosition":[27.9417,283.453,-11.0148],"t":[56.2954,-22.3636,-29.3775],"timeVisible":34.1112,"type":"right","wrist":[33.9665,237.713,27.3733]}],"id":1688490,"interactionBox":{"center":[0,200,0],"size":[235.247,235.247,147.751]},"pointables":[{"bases":[[[0.331564,0.645318,0.688208],[-0.849938,-0.112293,0.514777],[0.409475,-0.755616,0.511248]],[[0.305896,0.690329,0.655647],[-0.795241,-0.193375,0.574629],[0.523469,-0.697174,0.489825]],[[0.305896,0.690329,0.655647],[-0.940528,0.325997,0.0955675],[-0.147766,-0.645888,0.748995]],[[0.305896,0.690329,0.655647],[-0.891416,0.449534,-0.057418],[-0.334373,-0.56689,0.752881]]],"btipPosition":[-6.08326,297.421,-48.4816],"carpPosition":[6.92114,228.716,17.7907],"dipPosition":[-13.7541,284.416,-31.2097],"direction":[0.147766,0.645888,-0.748995],"extended":false,"handId":473,"id":4730,"length":51.0864,"mcpPosition":[6.92114,228.716,17.7907],"pipPosition":[-18.6928,262.829,-6.17694],"stabilizedTipPosition":[-7.29853,296.683,-46.6325],"timeVisible":34.1112,"tipPosition":[-6.99831,293.835,-44.5342],"tipVelocity":[-11.6352,-65.5796,56.4962],"tool":false,"touchDistance":-0.0478337,"touchZone":"touching","type":0,"width":19.8498},{"bases":[[[0.986665,0.162717,-0.00392113],[-0.103342,0.644881,0.757264],[0.125749,-0.746761,0.653097]],[[0.959159,0.266162,-0.0957675],[-0.135282,0.728962,0.671054],[0.24842,-0.630692,0.735198]],[[0.959159,0.266162,-0.0957675],[-0.180151,0.835809,0.518622],[0.218081,-0.480188,0.849624]],[[0.959159,0.266162,-0.0957675],[-0.210225,0.897268,0.388221],[0.189259,-0.352233,0.916577]]],"btipPosition":[-14.3785,345.579,-84.3854],"carpPosition":[13.4883,247.889,29.1554],"dipPosition":[-11.2088,339.68,-69.0346],"direction":[-0.218081,0.480188,-0.849624],"extended":true,"handId":473,"id":4731,"length":57.6453,"mcpPosition":[4.41988,301.742,-17.9431],"pipPosition":[-6.0419,328.303,-48.9047],"stabilizedTipPosition":[-13.351,345.405,-81.5894],"timeVisible":34.1112,"tipPosition":[-13.6215,344.784,-80.4306],"tipVelocity":[-19.2796,-75.937,49.4978],"tool":false,"touchDistance":-0.0804084,"touchZone":"touching","type":1,"width":18.9605},{"bases":[[[0.997646,-0.0520056,-0.0446866],[0.0677392,0.646554,0.759854],[-0.0106244,-0.761093,0.648556]],[[0.997699,-0.0460253,-0.04978],[0.0136449,0.855548,-0.517544],[0.0664092,0.515674,0.854208]],[[0.997699,-0.0460253,-0.04978],[-0.0652367,-0.451878,-0.889691],[0.0184538,0.890891,-0.453841]],[[0.997699,-0.0460253,-0.04978],[-0.063117,-0.898622,-0.434161],[-0.024751,0.436304,-0.899459]]],"btipPosition":[22.5546,246.155,-25.4994],"carpPosition":[25.0241,251.339,29.9951],"dipPosition":[22.0987,254.192,-42.068],"direction":[-0.0184538,-0.890891,0.453841],"extended":false,"handId":473,"id":4732,"length":65.6822,"mcpPosition":[25.7507,303.39,-14.3591],"pipPosition":[22.613,279.025,-54.7186],"stabilizedTipPosition":[21.1406,251.681,-36.3637],"timeVisible":34.1112,"tipPosition":[22.4387,248.162,-29.7855],"tipVelocity":[12.0082,-48.3064,76.0826],"tool":false,"touchDistance":0.333333,"touchZone":"none","type":2,"width":18.6218},{"bases":[[[0.977245,-0.212031,-0.00591234],[0.13847,0.616595,0.775007],[-0.16068,-0.758191,0.631925]],[[0.981213,-0.191562,-0.0229065],[0.149336,0.82931,-0.538464],[0.122146,0.524927,0.842337]],[[0.981213,-0.191562,-0.0229065],[-0.112099,-0.469465,-0.875806],[0.157017,0.86192,-0.48212]],[[0.981213,-0.191562,-0.0229065],[-0.183351,-0.888977,-0.419645],[0.0600247,0.415961,-0.907399]]],"btipPosition":[36.2009,244.44,-16.3738],"carpPosition":[37.0475,251.899,29.6086],"dipPosition":[37.3003,252.058,-32.9926],"direction":[-0.157017,-0.86192,0.48212],"extended":false,"handId":473,"id":4733,"length":63.1552,"mcpPosition":[46.9135,298.453,-9.19282],"pipPosition":[41.564,275.463,-46.0843],"stabilizedTipPosition":[35.1348,249.435,-27.5146],"timeVisible":34.1112,"tipPosition":[36.3781,246.241,-20.4468],"tipVelocity":[11.3975,-41.2712,77.7628],"tool":false,"touchDistance":0.333333,"touchZone":"none","type":3,"width":17.7198},{"bases":[[[0.915677,-0.397303,-0.0607061],[0.274039,0.506687,0.817417],[-0.294004,-0.765126,0.572839]],[[0.931854,-0.350065,-0.0954107],[0.269665,0.84413,-0.463385],[0.242754,0.406078,0.881006]],[[0.931854,-0.350065,-0.0954107],[-0.224716,-0.350362,-0.909258],[0.284871,0.868735,-0.405151]],[[0.931854,-0.350065,-0.0954107],[-0.350164,-0.798779,-0.489222],[0.0950474,0.489292,-0.866925]]],"btipPosition":[50.4283,250.818,-15.0621],"carpPosition":[49.1989,246.327,25.6183],"dipPosition":[52.0343,259.085,-29.7098],"direction":[-0.284871,-0.868735,0.405151],"extended":false,"handId":473,"id":4734,"length":49.5125,"mcpPosition":[65.9098,289.816,-6.94143],"pipPosition":[57.4959,275.741,-37.4774],"stabilizedTipPosition":[49.4029,255.754,-25.6332],"timeVisible":34.1112,"tipPosition":[50.6656,252.807,-18.4243],"tipVelocity":[8.44088,-34.6265,76.9608],"tool":false,"touchDistance":0.333333,"touchZone":"none","type":4,"width":15.7401}],"r":[[0.871039,0.440973,0.21641],[-0.41108,0.895555,-0.170276],[-0.268894,0.0593546,0.961339]],"s":1.32161,"t":[56.2954,-22.3636,-29.3775],"timestamp":93546362516},false],[3,{"currentFrameRate":51.8535,"devices":[],"gestures":[],"hands":[{"armBasis":[[0.997726,0.0630334,-0.0238712],[-0.0533535,0.955001,0.291764],[0.0411879,-0.289827,0.956192]],"armWidth":62.4607,"confidence":0.454355,"direction":[0.0231246,0.848705,-0.52836],"elbow":[44.9994,160.33,281.607],"grabStrength":0,"id":473,"palmNormal":[0.0906698,-0.528104,-0.844325],"palmPosition":[28.2672,279.513,-3.67175],"palmVelocity":[-4.5089,-42.2309,63.8696],"palmWidth":89.1918,"pinchStrength":0.147903,"r":[[0.868875,0.444773,0.217332],[-0.414368,0.893656,-0.17227],[-0.270841,0.0596261,0.960776]],"s":1.3219,"sphereCenter":[7.12575,275.149,-46.781],"sphereRadius":49.6719,"stabilizedPalmPosition":[27.9455,283.407,-10.9293],"t":[56.2166,-23.1461,-28.2048],"timeVisible":34.1294,"type":"right","wrist":[34.0985,237.037,28.5375]}],"id":1688491,"interactionBox":{"center":[0,200,0],"size":[235.247,235.247,147.751]},"pointables":[{"bases":[[[0.324047,0.649381,0.687966],[-0.850836,-0.117885,0.512036],[0.413608,-0.75127,0.514317]],[[0.297759,0.694745,0.654728],[-0.79508,-0.199125,0.572884],[0.528381,-0.691143,0.493087]],[[0.297759,0.694745,0.654728],[-0.943569,0.318334,0.0913276],[-0.144973,-0.644975,0.750327]],[[0.297759,0.694745,0.654728],[-0.896684,0.438868,-0.0578957],[-0.327562,-0.569846,0.753644]]],"btipPosition":[-6.33565,296.254,-47.6143],"carpPosition":[7.15873,227.806,18.8796],"dipPosition":[-13.8503,283.181,-30.3249],"direction":[0.144973,0.644975,-0.750327],"extended":false,"handId":473,"id":4730,"length":51.0864,"mcpPosition":[7.15873,227.806,18.8796],"pipPosition":[-18.6955,261.625,-5.24764],"stabilizedTipPosition":[-7.5209,295.685,-45.7626],"timeVisible":34.1294,"tipPosition":[-7.20209,292.699,-43.6482],"tipVelocity":[-11.7524,-65.276,52.3525],"tool":false,"touchDistance":-0.0333117,"touchZone":"touching","type":0,"width":19.8498},{"bases":[[[0.985361,0.170478,-0.000814395],[-0.111082,0.645665,0.755499],[0.129322,-0.744348,0.65515]],[[0.957376,0.273477,-0.0929543],[-0.143553,0.729754,0.668469],[0.250645,-0.626633,0.737908]],[[0.957376,0.273477,-0.0929543],[-0.188689,0.835802,0.515589],[0.218693,-0.476073,0.851779]],[[0.957376,0.273477,-0.0929543],[-0.218751,0.896639,0.38495],[0.188622,-0.348208,0.918244]]],"btipPosition":[-14.6874,344.235,-83.6563],"carpPosition":[13.5347,247.055,30.2257],"dipPosition":[-11.5284,338.403,-68.2776],"direction":[-0.218693,0.476073,-0.851779],"extended":true,"handId":473,"id":4731,"length":57.6453,"mcpPosition":[4.20857,300.734,-17.0209],"pipPosition":[-6.34692,327.124,-48.0966],"stabilizedTipPosition":[-13.7062,343.942,-80.7329],"timeVisible":34.1294,"tipPosition":[-13.9441,343.454,-79.6983],"tipVelocity":[-18.2321,-74.4991,45.1362],"tool":false,"touchDistance":-0.0681498,"touchZone":"touching","type":1,"width":18.9605},{"bases":[[[0.998176,-0.0442382,-0.0410758],[0.05997,0.648692,0.758685],[-0.00691728,-0.759764,0.650162]],[[0.9982,-0.0382555,-0.046193],[0.00869241,0.854317,-0.51968],[0.0593441,0.518343,0.853111]],[[0.9982,-0.0382555,-0.046193],[-0.058551,-0.454581,-0.888779],[0.0130023,0.889884,-0.456002]],[[0.9982,-0.0382555,-0.046193],[-0.0545001,-0.900088,-0.432286],[-0.0250405,0.434025,-0.900553]]],"btipPosition":[22.808,245.267,-24.3738],"carpPosition":[25.04,250.598,31.0983],"dipPosition":[22.3467,253.262,-40.9625],"direction":[-0.0130023,-0.889884,0.456002],"extended":false,"handId":473,"id":4732,"length":65.6822,"mcpPosition":[25.513,302.557,-13.3657],"pipPosition":[22.7092,278.067,-53.6733],"stabilizedTipPosition":[21.1629,251.616,-36.2467],"timeVisible":34.1294,"tipPosition":[22.6911,247.263,-28.6618],"tipVelocity":[12.8843,-48.7858,69.1271],"tool":false,"touchDistance":0.333333,"touchZone":"none","type":2,"width":18.6218},{"bases":[[[0.978899,-0.204336,-0.0020267],[0.130881,0.619323,0.77415],[-0.156932,-0.75808,0.632999]],[[0.982745,-0.183995,-0.0189499],[0.145018,0.83003,-0.538535],[0.114817,0.526495,0.84239]],[[0.982745,-0.183995,-0.0189499],[-0.10459,-0.46827,-0.877373],[0.152559,0.864216,-0.479434]],[[0.982745,-0.183995,-0.0189499],[-0.174613,-0.889051,-0.4232],[0.0610192,0.419207,-0.905838]]],"btipPosition":[36.4069,243.595,-15.3994],"carpPosition":[37.0598,251.251,30.7528],"dipPosition":[37.5245,251.273,-31.9896],"direction":[-0.152559,-0.864216,0.479434],"extended":false,"handId":473,"id":4733,"length":63.1552,"mcpPosition":[46.6957,297.799,-8.11456],"pipPosition":[41.6671,274.74,-45.0084],"stabilizedTipPosition":[35.1504,249.393,-27.4299],"timeVisible":34.1294,"tipPosition":[36.6025,245.435,-19.3858],"tipVelocity":[11.4647,-43.3573,66.3337],"tool":false,"touchDistance":0.333333,"touchZone":"none","type":3,"width":17.7198},{"bases":[[[0.918985,-0.390205,-0.0566344],[0.26716,0.510578,0.817273],[-0.289988,-0.766192,0.573461]],[[0.934882,-0.343012,-0.0913139],[0.26472,0.845129,-0.464414],[0.236472,0.409999,0.880898]],[[0.934882,-0.343012,-0.0913139],[-0.218755,-0.354167,-0.909237],[0.279539,0.870005,-0.40614]],[[0.934882,-0.343012,-0.0913139],[-0.342192,-0.802553,-0.488686],[0.0943409,0.48811,-0.867668]]],"btipPosition":[50.6018,250.178,-13.8633],"carpPosition":[49.2687,245.766,26.8172],"dipPosition":[52.1958,258.425,-28.5235],"direction":[-0.279539,-0.870005,0.40614],"extended":false,"handId":473,"id":4734,"length":49.5125,"mcpPosition":[65.7514,289.316,-5.77788],"pipPosition":[57.5552,275.105,-36.3102],"stabilizedTipPosition":[49.4139,255.728,-25.5745],"timeVisible":34.1294,"tipPosition":[50.8387,252.161,-17.231],"tipVelocity":[8.88471,-34.9911,71.5516],"tool":false,"touchDistance":0.333333,"touchZone":"none","type":4,"width":15.7401}],"r":[[0.868875,0.444773,0.217332],[-0.414368,0.893656,-0.17227],[-0.270841,0.0596261,0.960776]],"s":1.3219,"t":[56.2166,-23.1461,-28.2048],"timestamp":93546380735},false],[4,{"currentFrameRate":52.1891,"devices":[],"gestures":[],"hands":[{"armBasis":[[0.996617,0.0806497,-0.015803],[-0.0726525,0.954479,0.289293],[0.0384151,-0.287167,0.95711]],"armWidth":62.4607,"confidence":0.470229,"direction":[0.0149563,0.848645,-0.528752],"elbow":[44.5069,160.108,282.773],"grabStrength":0,"id":473,"palmNormal":[0.109253,-0.527032,-0.842794],"palmPosition":[28.1676,278.462,-2.84833],"palmVelocity":[-5.00209,-49.9616,55.3881],"palmWidth":89.1918,"pinchStrength":0.176595,"r":[[0.865117,0.450752,0.219989],[-0.419585,0.890693,-0.174968],[-0.27481,0.0590642,0.959683]],"s":1.32041,"sphereCenter":[7.83655,273.736,-46.1041],"sphereRadius":49.4722,"stabilizedPalmPosition":[27.9485,283.34,-10.8192],"t":[56.1274,-24.0627,-27.2067],"timeVisible":34.1474,"type":"right","wrist":[34.3398,236.11,29.4606]}],"id":1688492,"interactionBox":{"center":[0,200,0],"size":[235.247,235.247,147.751]},"pointables":[{"bases":[[[0.305143,0.655163,0.691122],[-0.854582,-0.131846,0.502301],[0.420211,-0.743894,0.519659]],[[0.272104,0.710149,0.649344],[-0.802257,-0.205205,0.560602],[0.531359,-0.673483,0.513886]],[[0.272104,0.710149,0.649344],[-0.950399,0.303996,0.0657967],[-0.150672,-0.635039,0.757643]],[[0.272104,0.710149,0.649344],[-0.893612,0.436804,-0.103244],[-0.356954,-0.552169,0.753454]]],"btipPosition":[-5.10334,293.268,-48.2511],"carpPosition":[7.672,226.422,19.5007],"dipPosition":[-13.2923,280.601,-30.966],"direction":[0.150672,0.635039,-0.757643],"extended":false,"handId":473,"id":4730,"length":51.0864,"mcpPosition":[7.672,226.422,19.5007],"pipPosition":[-18.328,259.376,-5.64427],"stabilizedTipPosition":[-7.28405,293.321,-45.1031],"timeVisible":34.1474,"tipPosition":[-6.58309,290.335,-43.8656],"tipVelocity":[22.1843,-110.648,10.8103],"tool":false,"touchDistance":-0.0468941,"touchZone":"touching","type":0,"width":19.8498},{"bases":[[[0.982303,0.18701,0.0103927],[-0.130612,0.644177,0.753642],[0.134244,-0.741662,0.657203]],[[0.953663,0.289451,-0.0821324],[-0.163411,0.727482,0.666384],[0.252635,-0.622084,0.741072]],[[0.953663,0.289451,-0.0821324],[-0.208509,0.832587,0.51315],[0.216914,-0.472246,0.85436]],[[0.953663,0.289451,-0.0821324],[-0.238063,0.892837,0.382319],[0.183994,-0.345051,0.920373]]],"btipPosition":[-14.9486,342.433,-83.3564],"carpPosition":[13.5926,245.782,30.9037],"dipPosition":[-11.8671,336.655,-67.942],"direction":[-0.216914,0.472246,-0.85436],"extended":true,"handId":473,"id":4731,"length":57.6453,"mcpPosition":[3.91146,299.268,-16.4909],"pipPosition":[-6.72785,325.466,-47.6999],"stabilizedTipPosition":[-14.0549,342.088,-80.1307],"timeVisible":34.1474,"tipPosition":[-14.2356,341.64,-79.4077],"tipVelocity":[-16.9715,-86.4434,31.9282],"tool":false,"touchDistance":-0.0630146,"touchZone":"touching","type":1,"width":18.9605},{"bases":[[[0.999186,-0.0274851,-0.0295432],[0.0403176,0.650081,0.758795],[-0.00165011,-0.759368,0.650659]],[[0.999168,-0.0215221,-0.0346509],[0.000346677,0.853929,-0.52039],[0.0407893,0.519945,0.853225]],[[0.999168,-0.0215221,-0.0346509],[-0.0406541,-0.455938,-0.889083],[0.0033363,0.889751,-0.456433]],[[0.999168,-0.0215221,-0.0346509],[-0.0344047,-0.901005,-0.432443],[-0.0219135,0.433275,-0.900995]]],"btipPosition":[23.5222,244.102,-23.5855],"carpPosition":[25.0259,249.518,31.9059],"dipPosition":[23.1186,252.083,-40.1824],"direction":[-0.0033363,-0.889751,0.456433],"extended":false,"handId":473,"id":4732,"length":65.6822,"mcpPosition":[25.1388,301.451,-12.5922],"pipPosition":[23.2116,276.885,-52.9052],"stabilizedTipPosition":[21.2064,251.507,-36.0771],"timeVisible":34.1474,"tipPosition":[23.4219,246.097,-27.8676],"tipVelocity":[25.9648,-56.5006,57.1868],"tool":false,"touchDistance":0.333333,"touchZone":"none","type":2,"width":18.6218},{"bases":[[[0.982151,-0.18786,0.00941211],[0.111529,0.621917,0.7751],[-0.151464,-0.760215,0.631768]],[[0.985829,-0.167594,-0.00737802],[0.137586,0.832914,-0.536027],[0.09598,0.527415,0.844169]],[[0.985829,-0.167594,-0.00737802],[-0.0858096,-0.465986,-0.880621],[0.144149,0.868775,-0.473763]],[[0.985829,-0.167594,-0.00737802],[-0.154448,-0.889576,-0.429884],[0.0654826,0.424931,-0.902854]]],"btipPosition":[37.0193,242.579,-14.6649],"carpPosition":[37.0363,250.373,31.6983],"dipPosition":[38.2186,250.362,-31.2005],"direction":[-0.144149,-0.868775,0.473763],"extended":false,"handId":473,"id":4733,"length":63.1552,"mcpPosition":[46.3364,297.052,-7.09358],"pipPosition":[42.1328,273.953,-44.0653],"stabilizedTipPosition":[35.1794,249.325,-27.3088],"timeVisible":34.1474,"tipPosition":[37.2466,244.469,-18.5531],"tipVelocity":[22.6771,-48.9895,54.6745],"tool":false,"touchDistance":0.333333,"touchZone":"none","type":3,"width":17.7198},{"bases":[[[0.926,-0.374743,-0.0457301],[0.249109,0.515504,0.819878],[-0.28367,-0.770599,0.570709]],[[0.94147,-0.327421,-0.0801848],[0.255957,0.849132,-0.462019],[0.219362,0.414453,0.883238]],[[0.94147,-0.327421,-0.0801848],[-0.202186,-0.358141,-0.911513],[0.269731,0.874375,-0.403379]],[[0.94147,-0.327421,-0.0801848],[-0.323031,-0.808301,-0.49224],[0.0963561,0.489332,-0.866758]]],"btipPosition":[51.1011,249.496,-12.7655],"carpPosition":[49.3801,245.092,27.908],"dipPosition":[52.7292,257.763,-27.4104],"direction":[-0.269731,-0.874375,0.403379],"extended":false,"handId":473,"id":4734,"length":49.5125,"mcpPosition":[65.5037,288.892,-4.5307],"pipPosition":[57.9005,274.527,-35.1441],"stabilizedTipPosition":[49.427,255.7,-25.5147],"timeVisible":34.1474,"tipPosition":[51.3485,251.482,-16.1287],"tipVelocity":[18.0495,-36.3115,66.7625],"tool":false,"touchDistance":0.333333,"touchZone":"none","type":4,"width":15.7401}],"r":[[0.865117,0.450752,0.219989],[-0.419585,0.890693,-0.174968],[-0.27481,0.0590642,0.959683]],"s":1.32041,"t":[56.1274,-24.0627,-27.2067],"timestamp":93546398667},false],[5,{"currentFrameRate":52.4726,"devices":[],"gestures":[],"hands":[{"armBasis":[[0.996809,0.0768158,-0.0216919],[-0.0677216,0.95774,0.279551],[0.0422491,-0.27719,0.959886]],"armWidth":62.4607,"confidence":0.35126,"direction":[0.0155681,0.850083,-0.526419],"elbow":[45.4268,161.297,284.057],"grabStrength":0,"id":473,"palmNormal":[0.104677,-0.524975,-0.844656],"palmPosition":[28.0822,277.12,-2.15733],"palmVelocity":[-4.87661,-61.5943,47.3011],"palmWidth":89.1918,"pinchStrength":0.179082,"r":[[0.862503,0.45489,0.221729],[-0.423343,0.888642,-0.176338],[-0.277253,0.0582249,0.959031]],"s":1.31925,"sphereCenter":[7.55032,272.552,-45.4054],"sphereRadius":49.493,"stabilizedPalmPosition":[27.9513,283.211,-10.6402],"t":[56.0401,-25.1924,-26.3622],"timeVisible":34.1654,"type":"right","wrist":[34.245,234.659,30.0102]}],"id":1688493,"interactionBox":{"center":[0,200,0],"size":[235.247,235.247,147.751]},"pointables":[{"bases":[[[0.30955,0.652313,0.691858],[-0.853163,-0.130745,0.504993],[0.419871,-0.746588,0.516057]],[[0.27658,0.707424,0.650426],[-0.800124,-0.205356,0.563588],[0.532264,-0.676299,0.50923]],[[0.27658,0.707424,0.650426],[-0.949429,0.305825,0.0711],[-0.148619,-0.637198,0.756235]],[[0.27658,0.707424,0.650426],[-0.891417,0.441705,-0.101355],[-0.358998,-0.551768,0.752777]]],"btipPosition":[-5.32816,292.124,-47.3424],"carpPosition":[7.51321,225.077,20.119],"dipPosition":[-13.5639,279.466,-30.0728],"direction":[0.148619,0.637198,-0.756235],"extended":false,"handId":473,"id":4730,"length":51.0864,"mcpPosition":[7.51321,225.077,20.119],"pipPosition":[-18.531,258.169,-4.79814],"stabilizedTipPosition":[-7.25,291.052,-44.1464],"timeVisible":34.1654,"tipPosition":[-6.82391,289.198,-43.0032],"tipVelocity":[5.46515,-88.2214,29.4988],"tool":false,"touchDistance":-0.0318078,"touchZone":"touching","type":0,"width":19.8498},{"bases":[[[0.982882,0.184089,0.0073908],[-0.126009,0.642434,0.755911],[0.134407,-0.743902,0.654633]],[[0.954204,0.286896,-0.0847635],[-0.158777,0.725829,0.6693],[0.253543,-0.62519,0.738141]],[[0.954204,0.286896,-0.0847635],[-0.204048,0.831373,0.516897],[0.218766,-0.47593,0.851841]],[[0.954204,0.286896,-0.0847635],[-0.233871,0.89208,0.386649],[0.186544,-0.349119,0.918323]]],"btipPosition":[-15.146,341.487,-82.3023],"carpPosition":[13.5317,244.388,31.555],"dipPosition":[-12.0218,335.64,-66.9223],"direction":[-0.218766,0.47593,-0.851841],"extended":true,"handId":473,"id":4731,"length":57.6453,"mcpPosition":[3.8389,298.035,-15.6543],"pipPosition":[-6.83866,324.363,-46.7399],"stabilizedTipPosition":[-14.2984,340.816,-79.238],"timeVisible":34.1654,"tipPosition":[-14.4156,340.644,-78.383],"tipVelocity":[-13.8581,-70.7724,44.3105],"tool":false,"touchDistance":-0.045579,"touchZone":"touching","type":1,"width":18.9605},{"bases":[[[0.998988,-0.030342,-0.0332072],[0.0449546,0.647819,0.760467],[-0.00156179,-0.76119,0.648527]],[[0.998969,-0.0243688,-0.0382944],[0.00117478,0.857263,-0.514877],[0.0453754,0.514302,0.856408]],[[0.998969,-0.0243688,-0.0382944],[-0.0451575,-0.448177,-0.892803],[0.00459387,0.893612,-0.448816]],[[0.998969,-0.0243688,-0.0382944],[-0.038741,-0.897372,-0.439571],[-0.0236525,0.440601,-0.897391]]],"btipPosition":[23.2501,242.82,-23.2481],"carpPosition":[24.9796,248.087,32.5266],"dipPosition":[22.8144,250.936,-39.7786],"direction":[-0.00459387,-0.893612,0.448816],"extended":false,"handId":473,"id":4732,"length":65.6822,"mcpPosition":[25.0864,300.144,-11.8257],"pipPosition":[22.9425,275.845,-52.2891],"stabilizedTipPosition":[21.2657,251.299,-35.8017],"timeVisible":34.1654,"tipPosition":[23.1458,244.836,-27.3817],"tipVelocity":[6.29897,-62.631,39.3451],"tool":false,"touchDistance":0.333333,"touchZone":"none","type":2,"width":18.6218},{"bases":[[[0.981619,-0.190775,0.00535881],[0.11614,0.619401,0.776437],[-0.151444,-0.761543,0.630172]],[[0.985283,-0.170559,-0.0113168],[0.138486,0.83531,-0.532052],[0.100199,0.522654,0.846636]],[[0.985283,-0.170559,-0.0113168],[-0.0890379,-0.455585,-0.885728],[0.145913,0.8737,-0.464066]],[[0.985283,-0.170559,-0.0113168],[-0.157984,-0.883365,-0.441257],[0.0652632,0.43655,-0.89731]]],"btipPosition":[36.7447,241.057,-14.4599],"carpPosition":[36.9916,248.908,32.2783],"dipPosition":[37.94,249.052,-30.8939],"direction":[-0.145913,-0.8737,0.464066],"extended":false,"handId":473,"id":4733,"length":63.1552,"mcpPosition":[46.2905,295.668,-6.4156],"pipPosition":[41.9022,272.777,-43.4954],"stabilizedTipPosition":[35.2267,249.16,-27.0757],"timeVisible":34.1654,"tipPosition":[36.9887,243.048,-18.1964],"tipVelocity":[4.67452,-64.5231,34.7553],"tool":false,"touchDistance":0.333333,"touchZone":"none","type":3,"width":17.7198},{"bases":[[[0.92472,-0.377336,-0.0501057],[0.253565,0.512458,0.820422],[-0.283898,-0.771365,0.569559]],[[0.940166,-0.330103,-0.0843822],[0.25695,0.849572,-0.460656],[0.223753,0.411411,0.883558]],[[0.940166,-0.330103,-0.0843822],[-0.206401,-0.354747,-0.911895],[0.271085,0.874749,-0.401655]],[[0.940166,-0.330103,-0.0843822],[-0.327206,-0.8057,-0.493745],[0.0950003,0.491813,-0.865503]]],"btipPosition":[50.8848,248.104,-12.2446],"carpPosition":[49.3061,243.601,28.4288],"dipPosition":[52.49,256.414,-26.8683],"direction":[-0.271085,-0.874749,0.401655],"extended":false,"handId":473,"id":4734,"length":49.5125,"mcpPosition":[65.4426,287.444,-3.94445],"pipPosition":[57.6873,273.185,-34.5689],"stabilizedTipPosition":[49.4469,255.638,-25.4064],"timeVisible":34.1654,"tipPosition":[51.1326,250.102,-15.6001],"tipVelocity":[3.66064,-55.4502,48.9336],"tool":false,"touchDistance":0.333333,"touchZone":"none","type":4,"width":15.7401}],"r":[[0.862503,0.45489,0.221729],[-0.423343,0.888642,-0.176338],[-0.277253,0.0582249,0.959031]],"s":1.31925,"t":[56.0401,-25.1924,-26.3622],"timestamp":93546416692},false],[6,{"currentFrameRate":52.7077,"devices":[],"gestures":[],"hands":[{"armBasis":[[0.996713,0.0774088,-0.0238996],[-0.0678296,0.958676,0.276295],[0.0442997,-0.273766,0.960776]],"armWidth":62.4607,"confidence":0.375589,"direction":[0.0146136,0.849706,-0.527054],"elbow":[46.0356,161.442,284.745],"grabStrength":0,"id":473,"palmNormal":[0.104264,-0.525531,-0.844361],"palmPosition":[28.0955,276.332,-1.73104],"palmVelocity":[-2.2051,-52.9656,35.9839],"palmWidth":89.1918,"pinchStrength":0.179113,"r":[[0.860379,0.458327,0.222901],[-0.426476,0.886912,-0.177498],[-0.279046,0.0576537,0.958545]],"s":1.31847,"sphereCenter":[7.4808,271.686,-45.0331],"sphereRadius":49.5345,"stabilizedPalmPosition":[27.9555,283.012,-10.3827],"t":[56.0031,-26.151,-25.7268],"timeVisible":34.1835,"type":"right","wrist":[34.311,233.898,30.4623]}],"id":1688494,"interactionBox":{"center":[0,200,0],"size":[235.247,235.247,147.751]},"pointables":[{"bases":[[[0.309756,0.653002,0.691115],[-0.852653,-0.130881,0.50582],[0.420755,-0.745961,0.516243]],[[0.277336,0.707095,0.650462],[-0.797888,-0.207641,0.565914],[0.535218,-0.675945,0.506597]],[[0.277336,0.707095,0.650462],[-0.949821,0.303715,0.0748155],[-0.144653,-0.638571,0.755845]],[[0.277336,0.707095,0.650462],[-0.891021,0.442545,-0.101173],[-0.359398,-0.551516,0.75277]]],"btipPosition":[-5.53282,291.363,-46.7184],"carpPosition":[7.57646,224.294,20.601],"dipPosition":[-13.7778,278.711,-29.449],"direction":[0.144653,0.638571,-0.755845],"extended":false,"handId":473,"id":4730,"length":51.0864,"mcpPosition":[7.57646,224.294,20.601],"pipPosition":[-18.6123,257.369,-4.18733],"stabilizedTipPosition":[-7.35255,289.565,-43.3451],"timeVisible":34.1835,"tipPosition":[-6.99168,288.409,-42.471],"tipVelocity":[-2.56827,-66.1746,31.8482],"tool":false,"touchDistance":-0.0214087,"touchZone":"touching","type":0,"width":19.8498},{"bases":[[[0.982779,0.184676,0.00641376],[-0.125742,0.642912,0.755548],[0.135408,-0.743343,0.655062]],[[0.953959,0.287404,-0.0857964],[-0.158631,0.726218,0.668913],[0.254555,-0.624505,0.738373]],[[0.953959,0.287404,-0.0857964],[-0.204092,0.831612,0.516497],[0.219793,-0.475206,0.85198]],[[0.953959,0.287404,-0.0857964],[-0.23406,0.892203,0.386252],[0.187558,-0.348387,0.918395]]],"btipPosition":[-15.2406,340.616,-81.8848],"carpPosition":[13.5933,243.616,32.0177],"dipPosition":[-12.0994,334.782,-66.5036],"direction":[-0.219793,0.475206,-0.85198],"extended":true,"handId":473,"id":4731,"length":57.6453,"mcpPosition":[3.82829,297.223,-15.2225],"pipPosition":[-6.89188,323.523,-46.3179],"stabilizedTipPosition":[-14.4427,339.804,-78.6531],"timeVisible":34.1835,"tipPosition":[-14.5059,339.773,-77.9688],"tipVelocity":[-9.64208,-59.8678,34.1935],"tool":false,"touchDistance":-0.0386158,"touchZone":"touching","type":1,"width":18.9605},{"bases":[[[0.998977,-0.0297751,-0.0340411],[0.0452222,0.648402,0.759954],[-0.000555365,-0.760716,0.649085]],[[0.99895,-0.0238121,-0.0391273],[0.00043657,0.859154,-0.511717],[0.0458014,0.511163,0.858263]],[[0.99895,-0.0238121,-0.0391273],[-0.0456287,-0.442774,-0.895471],[0.00399845,0.896317,-0.443396]],[[0.99895,-0.0238121,-0.0391273],[-0.0387395,-0.895006,-0.444368],[-0.0244379,0.445418,-0.894989]]],"btipPosition":[23.2525,242.007,-23.119],"carpPosition":[25.0398,247.323,32.9767],"dipPosition":[22.8023,250.212,-39.6053],"direction":[-0.00399845,-0.896317,0.443396],"extended":false,"handId":473,"id":4732,"length":65.6822,"mcpPosition":[25.0778,299.348,-11.4137],"pipPosition":[22.9138,275.197,-51.9647],"stabilizedTipPosition":[21.3535,250.953,-35.3872],"timeVisible":34.1835,"tipPosition":[23.1495,244.029,-27.0978],"tipVelocity":[3.27469,-53.6206,24.2743],"tool":false,"touchDistance":0.333333,"touchZone":"none","type":2,"width":18.6218},{"bases":[[[0.981736,-0.19019,0.0046571],[0.116438,0.620038,0.775884],[-0.150453,-0.761171,0.630859]],[[0.985354,-0.170103,-0.0119385],[0.137919,0.836182,-0.530828],[0.100278,0.521407,0.847396]],[[0.985354,-0.170103,-0.0119385],[-0.0881624,-0.448267,-0.889542],[0.145962,0.877566,-0.456698]],[[0.985354,-0.170103,-0.0119385],[-0.157173,-0.878841,-0.450483],[0.0661363,0.445761,-0.892705]]],"btipPosition":[36.7226,240.058,-14.3804],"carpPosition":[37.0511,248.15,32.7175],"dipPosition":[37.9339,248.222,-30.7301],"direction":[-0.145962,-0.877566,0.456698],"extended":false,"handId":473,"id":4733,"length":63.1552,"mcpPosition":[46.2892,294.888,-6.01847],"pipPosition":[41.8974,272.052,-43.1315],"stabilizedTipPosition":[35.3045,248.843,-26.684],"timeVisible":34.1835,"tipPosition":[36.9882,242.14,-17.9782],"tipVelocity":[1.96569,-59.034,20.8083],"tool":false,"touchDistance":0.333333,"touchZone":"none","type":3,"width":17.7198},{"bases":[[[0.9249,-0.376825,-0.0506221],[0.253964,0.513208,0.819829],[-0.282953,-0.771116,0.570366]],[[0.940252,-0.329736,-0.0848556],[0.256193,0.849318,-0.461546],[0.224257,0.41223,0.883049]],[[0.940252,-0.329736,-0.0848556],[-0.206742,-0.354894,-0.911761],[0.270525,0.874828,-0.40186]],[[0.940252,-0.329736,-0.0848556],[-0.327114,-0.805695,-0.493814],[0.0944602,0.492067,-0.865418]]],"btipPosition":[50.8929,247.303,-11.8378],"carpPosition":[49.3655,242.848,28.8614],"dipPosition":[52.4889,255.617,-26.46],"direction":[-0.270525,-0.874828,0.40186],"extended":false,"handId":473,"id":4734,"length":49.5125,"mcpPosition":[65.4483,286.678,-3.55773],"pipPosition":[57.6755,272.389,-34.1645],"stabilizedTipPosition":[49.4792,255.524,-25.2248],"timeVisible":34.1835,"tipPosition":[51.1461,249.307,-15.1856],"tipVelocity":[2.0742,-50.0717,36.3382