{"sensorType":"Leap","data":[[0,{"currentFrameRate":55.365,"devices":[],"gestures":[],"hands":[{"armBasis":[[0.972267,0.221676,-0.074544],[-0.188756,0.931966,0.309533],[0.138089,-0.286878,0.947962]],"armWidth":62.4607,"confidence":0.769684,"direction":[0.0389419,0.665285,-0.745574],"elbow":[61.294,196.671,306.222],"grabStrength":0,"id":473,"palmNormal":[0.220327,-0.733493,-0.642997],"palmPosition":[20.4586,303.666,11.8339],"palmVelocity":[70.0949,7.98333,51.3834],"palmWidth":89.1918,"pinchStrength":0.460192,"r":[[0.805382,0.580561,0.11962],[-0.464625,0.743614,-0.480793],[-0.368081,0.331644,0.868636]],"s":1.26181,"sphereCenter":[1.49384,285.777,-30.368],"sphereRadius":50.4555,"stabilizedPalmPosition":[18.3093,303.419,10.3109],"t":[47.0638,0.0980589,-12.46],"timeVisible":43.7373,"type":"right","wrist":[24.7469,272.597,55.3307]}],"id":1689021,"interactionBox":{"center":[0,200,0],"size":[235.247,235.247,147.751]},"pointables":[{"bases":[[[0.202729,0.8419,0.500105],[-0.898122,-0.0436605,0.437574],[0.390228,-0.537864,0.747278]],[[0.155931,0.898781,0.409729],[-0.889922,-0.0521703,0.45312],[0.428631,-0.435282,0.79171]],[[0.155931,0.898781,0.409729],[-0.944998,0.256478,-0.202972],[-0.287514,-0.355543,0.88934]],[[0.155931,0.898781,0.409729],[-0.56417,0.421525,-0.70995],[-0.8108,-0.120454,0.572795]]],"btipPosition":[6.94904,294.655,-35.4729],"carpPosition":[-0.287427,258.71,46.1302],"dipPosition":[-11.6516,291.892,-22.3323],"direction":[0.287514,0.355543,-0.88934],"extended":false,"handId":473,"id":4730,"length":51.0864,"mcpPosition":[-0.287427,258.71,46.1302],"pipPosition":[-21.2608,280.009,7.39095],"stabilizedTipPosition":[2.36429,294,-32.7553],"timeVisible":43.7373,"tipPosition":[2.9676,293.89,-32.4343],"tipVelocity":[62.0534,12.4802,49.8893],"tool":false,"touchDistance":-0.159209,"touchZone":"touching","type":0,"width":19.8498},{"bases":[[[0.967351,0.248956,0.0474739],[-0.23647,0.819197,0.522492],[0.0911872,-0.516659,0.851322]],[[0.940573,0.327886,-0.0883963],[-0.241261,0.828377,0.505554],[0.23899,-0.454184,0.858255]],[[0.940573,0.327886,-0.0883963],[-0.281166,0.897881,0.338756],[0.190443,-0.293771,0.936712]],[[0.940573,0.327886,-0.0883963],[-0.306097,0.9313,0.197444],[0.147062,-0.158652,0.976321]]],"btipPosition":[-20.0122,346.851,-84.0634],"carpPosition":[3.60358,280.848,52.0188],"dipPosition":[-17.5492,344.194,-67.712],"direction":[-0.190443,0.293771,-0.936713],"extended":true,"handId":473,"id":4731,"length":57.6453,"mcpPosition":[-2.97244,318.107,-9.37479],"pipPosition":[-13.0371,337.234,-45.5187],"stabilizedTipPosition":[-19.7686,346.316,-80.4696],"timeVisible":43.7373,"tipPosition":[-19.8756,346.705,-79.9958],"tipVelocity":[86.7805,-0.0612318,42.6271],"tool":false,"touchDistance":-0.0795194,"touchZone":"touching","type":1,"width":18.9605},{"bases":[[[0.99682,0.0335395,0.0722816],[-0.0674638,0.837951,0.54156],[-0.0424048,-0.544714,0.837549]],[[0.997476,0.04459,0.0552649],[0.0070817,0.71192,-0.702225],[-0.0706564,0.700843,0.709807]],[[0.997476,0.04459,0.0552649],[0.0697417,-0.468705,-0.880597],[-0.0133629,0.882229,-0.470632]],[[0.997476,0.04459,0.0552649],[0.0658149,-0.872739,-0.483731],[0.0266622,0.486147,-0.87347]]],"btipPosition":[20.8263,256.078,-8.64177],"carpPosition":[14.7066,285.485,52.9659],"dipPosition":[21.3175,265.033,-24.7316],"direction":[0.0133629,-0.882229,0.470632],"extended":false,"handId":473,"id":4732,"length":65.6822,"mcpPosition":[17.6066,322.738,-4.31337],"pipPosition":[20.945,289.625,-37.8502],"stabilizedTipPosition":[17.5432,257.554,-16.151],"timeVisible":43.7373,"tipPosition":[20.9961,258.34,-13.7491],"tipVelocity":[70.5807,7.87709,78.6635],"tool":false,"touchDistance":0.333333,"touchZone":"none","type":2,"width":18.6218},{"bases":[[[0.981946,-0.11025,0.153714],[0.00260954,0.820414,0.571763],[-0.189146,-0.561039,0.80589]],[[0.988004,-0.0903979,0.125201],[0.15335,0.669853,-0.726486],[-0.0181936,0.736971,0.67568]],[[0.988004,-0.0903979,0.125201],[0.0596522,-0.524413,-0.849372],[0.142439,0.846652,-0.51273]],[[0.988004,-0.0903979,0.125201],[-0.0237912,-0.890181,-0.454985],[0.152582,0.446549,-0.881654]]],"btipPosition":[32.3747,258.068,4.63093],"carpPosition":[26.6263,287.065,53.6365],"dipPosition":[35.1692,266.247,-11.5163],"direction":[-0.142439,-0.846652,0.51273],"extended":false,"handId":473,"id":4733,"length":63.1552,"mcpPosition":[38.2402,321.514,4.15321],"pipPosition":[39.037,289.237,-25.4393],"stabilizedTipPosition":[29.6998,259.281,-2.34404],"timeVisible":43.7373,"tipPosition":[33.2112,260.046,-0.525676],"tipVelocity":[67.695,8.09396,69.0344],"tool":false,"touchDistance":0.333333,"touchZone":"none","type":3,"width":17.7198},{"bases":[[[0.939435,-0.308473,0.149355],[0.138585,0.740468,0.657648],[-0.313459,-0.597119,0.738371]],[[0.957377,-0.270095,0.102363],[0.26949,0.707725,-0.653069],[0.103946,0.652819,0.750348]],[[0.957377,-0.270095,0.102363],[-0.0285327,-0.441092,-0.897008],[0.287429,0.855854,-0.429998]],[[0.957377,-0.270095,0.102363],[-0.175566,-0.825562,-0.536305],[0.229361,0.495475,-0.837794]]],"btipPosition":[44.3326,268.32,7.09927],"carpPosition":[39.5046,281.787,52.6756],"dipPosition":[48.2079,276.691,-7.05622],"direction":[-0.287429,-0.855854,0.429998],"extended":false,"handId":473,"id":4734,"length":49.5125,"mcpPosition":[57.3214,315.727,10.7071],"pipPosition":[53.7186,293.1,-15.3002],"stabilizedTipPosition":[41.8397,269.736,0.755998],"timeVisible":43.7373,"tipPosition":[45.3817,270.446,2.95445],"tipVelocity":[69.4959,7.84019,62.7281],"tool":false,"touchDistance":0.333333,"touchZone":"none","type":4,"width":15.7401}],"r":[[0.805382,0.580561,0.11962],[-0.464625,0.743614,-0.480793],[-0.368081,0.331644,0.868636]],"s":1.26181,"t":[47.0638,0.0980589,-12.46],"timestamp":93555988596},false],[1,{"currentFrameRate":55.3843,"devices":[],"gestures":[],"hands":[{"armBasis":[[0.971359,0.227812,-0.0675462],[-0.195575,0.927965,0.317225],[0.134948,-0.294929,0.945942]],"armWidth":62.4607,"confidence":0.777122,"direction":[0.0371684,0.671713,-0.739878],"elbow":[61.3351,194.153,306.41],"grabStrength":0,"id":473,"palmNormal":[0.226896,-0.726725,-0.648374],"palmPosition":[21.2756,303.614,12.8032],"palmVelocity":[58.4085,2.82427,52.5665],"palmWidth":89.1918,"pinchStrength":0.453035,"r":[[0.805976,0.579057,0.122864],[-0.463532,0.746474,-0.477403],[-0.368158,0.327825,0.870052]],"s":1.26375,"sphereCenter":[2.70729,285.902,-29.6374],"sphereRadius":50.4236,"stabilizedPalmPosition":[19.0117,303.465,10.9011],"t":[48.105,0.135252,-11.5086],"timeVisible":43.7553,"type":"right","wrist":[25.6192,272.21,56.0533]}],"id":1689022,"interactionBox":{"center":[0,200,0],"size":[235.247,235.247,147.751]},"pointables":[{"bases":[[[0.195928,0.838931,0.507747],[-0.89921,-0.0528545,0.434314],[0.391196,-0.541665,0.744019]],[[0.149397,0.895918,0.418345],[-0.888974,-0.0635339,0.453529],[0.432904,-0.439653,0.786955]],[[0.149397,0.895918,0.418345],[-0.947753,0.250356,-0.1977],[-0.281858,-0.366952,0.886511]],[[0.149397,0.895918,0.418345],[-0.568937,0.423927,-0.704696],[-0.808697,-0.132732,0.573054]]],"btipPosition":[7.49071,295.068,-34.6247],"carpPosition":[0.700597,258.246,46.6572],"dipPosition":[-11.0617,292.022,-21.4782],"direction":[0.281858,0.366952,-0.886511],"extended":false,"handId":473,"id":4730,"length":51.0864,"mcpPosition":[0.700597,258.246,46.6572],"pipPosition":[-20.4819,279.758,8.1506],"stabilizedTipPosition":[2.91796,294.236,-32.0116],"timeVisible":43.7553,"tipPosition":[3.65991,294.199,-31.5885],"tipVelocity":[47.2191,15.7256,48.6288],"tool":false,"touchDistance":-0.145049,"touchZone":"touching","type":0,"width":19.8498},{"bases":[[[0.965634,0.254517,0.052646],[-0.24319,0.813332,0.528536],[0.0917028,-0.523175,0.847277]],[[0.938961,0.33409,-0.0820763],[-0.248706,0.824041,0.50902],[0.237693,-0.457537,0.856833]],[[0.938961,0.33409,-0.0820763],[-0.288361,0.894422,0.341845],[0.187618,-0.297311,0.936165]],[[0.938961,0.33409,-0.0820763],[-0.312848,0.928455,0.200246],[0.143104,-0.162346,0.976302]]],"btipPosition":[-19.0294,347.118,-82.9749],"carpPosition":[4.43571,280.357,52.7424],"dipPosition":[-16.6327,344.399,-66.6239],"direction":[-0.187618,0.297311,-0.936165],"extended":true,"handId":473,"id":4731,"length":57.6453,"mcpPosition":[-2.17749,318.086,-8.35951],"pipPosition":[-12.1875,337.354,-44.4436],"stabilizedTipPosition":[-18.7819,346.451,-79.5097],"timeVisible":43.7553,"tipPosition":[-18.9245,346.997,-78.885],"tipVelocity":[71.1553,6.60178,51.092],"tool":false,"touchDistance":-0.0613799,"touchZone":"touching","type":1,"width":18.9605},{"bases":[[[0.99636,0.0390868,0.0757532],[-0.0743643,0.832968,0.548301],[-0.0416687,-0.551938,0.832843]],[[0.997001,0.0502848,0.0588282],[0.00486628,0.717908,-0.696121],[-0.0772376,0.694319,0.71551]],[[0.997001,0.0502848,0.0588282],[0.0754211,-0.460912,-0.884235],[-0.017349,0.88602,-0.463322]],[[0.997001,0.0502848,0.0588282],[0.0727447,-0.868327,-0.490628],[0.026411,0.493436,-0.869381]]],"btipPosition":[22.0028,256.21,-8.07069],"carpPosition":[15.5067,285.055,53.7637],"dipPosition":[22.4893,265.299,-24.0852],"direction":[0.017349,-0.88602,0.463322],"extended":false,"handId":473,"id":4732,"length":65.6822,"mcpPosition":[18.3564,322.802,-3.19375],"pipPosition":[22.0057,289.997,-37],"stabilizedTipPosition":[18.1865,257.659,-15.5322],"timeVisible":43.7553,"tipPosition":[22.1739,258.509,-13.1384],"tipVelocity":[68.099,8.43688,56.9012],"tool":false,"touchDistance":0.333333,"touchZone":"none","type":2,"width":18.6218},{"bases":[[[0.98212,-0.105466,0.155937],[-0.00427921,0.815613,0.578582],[-0.188205,-0.568904,0.800579]],[[0.988097,-0.0855235,0.127869],[0.151831,0.675854,-0.721227],[-0.0247386,0.732056,0.680795]],[[0.988097,-0.0855235,0.127869],[0.0654832,-0.518308,-0.852683],[0.1392,0.850907,-0.506538]],[[0.988097,-0.0855235,0.127869],[-0.0170834,-0.887079,-0.461302],[0.152882,0.453627,-0.877981]]],"btipPosition":[33.4739,258.159,5.34674],"carpPosition":[27.4142,286.703,54.4856],"dipPosition":[36.2739,266.467,-10.7332],"direction":[-0.1392,-0.850907,0.506538],"extended":false,"handId":473,"id":4733,"length":63.1552,"mcpPosition":[38.9704,321.634,5.32843],"pipPosition":[40.0538,289.573,-24.4881],"stabilizedTipPosition":[30.3579,259.399,-1.74937],"timeVisible":43.7553,"tipPosition":[34.3142,260.174,0.24433],"tipVelocity":[64.609,7.43107,55.5935],"tool":false,"touchDistance":0.333333,"touchZone":"none","type":3,"width":17.7198},{"bases":[[[0.940853,-0.303905,0.149791],[0.131918,0.735793,0.664233],[-0.312079,-0.605186,0.732364]],[[0.958753,-0.264908,0.103037],[0.266889,0.714278,-0.646975],[0.0977914,0.647789,0.755518]],[[0.958753,-0.264908,0.103037],[-0.0235084,-0.43516,-0.900046],[0.283267,0.8605,-0.423438]],[[0.958753,-0.264908,0.103037],[-0.16911,-0.822979,-0.542317],[0.228462,0.502523,-0.833832]]],"btipPosition":[45.3858,268.47,7.91531],"carpPosition":[40.328,281.513,53.522],"dipPosition":[49.246,276.961,-6.17323],"direction":[-0.283267,-0.8605,0.423438],"extended":false,"handId":473,"id":4734,"length":49.5125,"mcpPosition":[58.0663,315.911,11.895],"pipPosition":[54.6768,293.458,-14.2915],"stabilizedTipPosition":[42.5024,269.838,1.34172],"timeVisible":43.7553,"tipPosition":[46.4271,270.622,3.79612],"tipVelocity":[64.2196,8.80047,54.9102],"tool":false,"touchDistance":0.333333,"touchZone":"none","type":4,"width":15.7401}],"r":[[0.805976,0.579057,0.122864],[-0.463532,0.746474,-0.477403],[-0.368158,0.327825,0.870052]],"s":1.26375,"t":[48.105,0.135252,-11.5086],"timestamp":93556006585},false],[2,{"currentFrameRate":55.3498,"devices":[],"gestures":[],"hands":[{"armBasis":[[0.971407,0.228777,-0.063475],[-0.197539,0.927125,0.318462],[0.131706,-0.296817,0.945808]],"armWidth":62.4607,"confidence":0.782465,"direction":[0.035428,0.673653,-0.738198],"elbow":[61.1281,193.473,306.759],"grabStrength":0,"id":473,"palmNormal":[0.22846,-0.724562,-0.650244],"palmPosition":[21.8433,303.531,13.2679],"palmVelocity":[45.4318,-0.690271,39.6749],"palmWidth":89.1918,"pinchStrength":0.43286,"r":[[0.806183,0.578158,0.125709],[-0.463029,0.748771,-0.474286],[-0.368339,0.324154,0.87135]],"s":1.26637,"sphereCenter":[3.37242,285.802,-29.2783],"sphereRadius":50.4605,"stabilizedPalmPosition":[19.5589,303.478,11.3584],"t":[48.9095,0.112567,-10.8005],"timeVisible":43.7735,"type":"right","wrist":[26.2702,272.029,56.4381]}],"id":1689023,"interactionBox":{"center":[0,200,0],"size":[235.247,235.247,147.751]},"pointables":[{"bases":[[[0.194068,0.838113,0.509808],[-0.898988,-0.0560562,0.434372],[0.392631,-0.542609,0.742574]],[[0.149227,0.893229,0.424115],[-0.884366,-0.0712928,0.461317],[0.442298,-0.443914,0.779303]],[[0.149227,0.893229,0.424115],[-0.951097,0.246979,-0.185517],[-0.270456,-0.375691,0.886403]],[[0.149227,0.893229,0.424115],[-0.583708,0.425786,-0.691369],[-0.798133,-0.144389,0.584923]]],"btipPosition":[7.08941,295.62,-34.1637],"carpPosition":[1.38238,258.03,47.0124],"dipPosition":[-11.2206,292.307,-20.7449],"direction":[0.270456,0.37569,-0.886403],"extended":false,"handId":473,"id":4730,"length":51.0864,"mcpPosition":[1.38238,258.03,47.0124],"pipPosition":[-20.2598,279.751,8.88024],"stabilizedTipPosition":[2.89867,294.537,-31.5595],"timeVisible":43.7735,"tipPosition":[3.57369,294.542,-31.0773],"tipVelocity":[15.6155,21.1028,39.1619],"tool":false,"touchDistance":-0.136322,"touchZone":"touching","type":0,"width":19.8498},{"bases":[[[0.965045,0.256652,0.053078],[-0.244983,0.81143,0.530627],[0.0931175,-0.525082,0.845942]],[[0.938259,0.336297,-0.0810806],[-0.251193,0.823472,0.50872],[0.237848,-0.456944,0.857106]],[[0.938259,0.336297,-0.0810806],[-0.290941,0.893923,0.340961],[0.187144,-0.29632,0.936574]],[[0.938259,0.336297,-0.0810806],[-0.315375,0.927867,0.198999],[0.142155,-0.161142,0.97664]]],"btipPosition":[-18.4797,346.964,-82.4957],"carpPosition":[5.06689,280.135,53.1523],"dipPosition":[-16.0989,344.266,-66.139],"direction":[-0.187144,0.29632,-0.936574],"extended":true,"handId":473,"id":4731,"length":57.6453,"mcpPosition":[-1.64834,318.001,-7.85339],"pipPosition":[-11.6649,337.245,-43.949],"stabilizedTipPosition":[-18.1801,346.375,-78.9601],"timeVisible":43.7735,"tipPosition":[-18.3835,346.885,-78.3881],"tipVelocity":[51.5265,-0.449159,39.32],"tool":false,"touchDistance":-0.0533703,"touchZone":"touching","type":1,"width":18.9605},{"bases":[[[0.996282,0.0412373,0.075638],[-0.0762001,0.831413,0.550405],[-0.0401892,-0.554122,0.831465]],[[0.996892,0.0524616,0.0587677],[0.00318047,0.718587,-0.69543],[-0.078713,0.693455,0.716187]],[[0.996892,0.0524616,0.0587677],[0.0763629,-0.46026,-0.884494],[-0.0193535,0.886233,-0.462835]],[[0.996892,0.0524616,0.0587677],[0.0746325,-0.867737,-0.491389],[0.0252158,0.494248,-0.868955]]],"btipPosition":[22.6696,256.181,-7.61053],"carpPosition":[16.1271,284.856,54.183],"dipPosition":[23.1341,265.285,-23.6172],"direction":[0.0193535,-0.886233,0.462835],"extended":false,"handId":473,"id":4732,"length":65.6822,"mcpPosition":[18.8756,322.752,-2.68021],"pipPosition":[22.5946,289.988,-36.5185],"stabilizedTipPosition":[18.8087,257.743,-14.9574],"timeVisible":43.7735,"tipPosition":[22.8347,258.48,-12.6538],"tipVelocity":[52.9634,3.7276,41.8683],"tool":false,"touchDistance":0.333333,"touchZone":"none","type":2,"width":18.6218},{"bases":[[[0.9824,-0.103549,0.155462],[-0.00606778,0.814147,0.580627],[-0.186692,-0.571351,0.799189]],[[0.988314,-0.0835559,0.127489],[0.15014,0.678056,-0.719512],[-0.0263253,0.730245,0.682678]],[[0.988314,-0.0835559,0.127489],[0.0665472,-0.515945,-0.854033],[0.137137,0.852537,-0.504356]],[[0.988314,-0.0835559,0.127489],[-0.015099,-0.885925,-0.463582],[0.151681,0.45624,-0.876834]]],"btipPosition":[34.1452,258.124,5.69018],"carpPosition":[28.0308,286.53,54.9065],"dipPosition":[36.9231,266.48,-10.3688],"direction":[-0.137137,-0.852537,0.504356],"extended":false,"handId":473,"id":4733,"length":63.1552,"mcpPosition":[39.4941,321.612,5.83461],"pipPosition":[40.647,289.63,-24.0644],"stabilizedTipPosition":[30.9911,259.491,-1.21347],"timeVisible":43.7735,"tipPosition":[34.9787,260.153,0.606655],"tipVelocity":[51.256,3.25104,38.201],"tool":false,"touchDistance":0.333333,"touchZone":"none","type":3,"width":17.7198},{"bases":[[[0.941597,-0.302069,0.148827],[0.130335,0.734433,0.666049],[-0.310496,-0.607752,0.73091]],[[0.959488,-0.26268,0.101893],[0.264591,0.71579,-0.646247],[0.0968223,0.647027,0.756295]],[[0.959488,-0.26268,0.101893],[-0.0235729,-0.435219,-0.900016],[0.280762,0.861152,-0.423779]],[[0.959488,-0.26268,0.101893],[-0.167882,-0.823452,-0.54198],[0.226272,0.502917,-0.834191]]],"btipPosition":[46.043,268.483,8.3887],"carpPosition":[40.9565,281.373,53.9271],"dipPosition":[49.8661,276.981,-5.70592],"direction":[-0.280762,-0.861152,0.423779],"extended":false,"handId":473,"id":4734,"length":49.5125,"mcpPosition":[58.6049,315.917,12.3828],"pipPosition":[55.249,293.491,-13.8307],"stabilizedTipPosition":[43.1062,269.92,1.8615],"timeVisible":43.7735,"tipPosition":[47.0666,270.624,4.27067],"tipVelocity":[50.5932,4.9902,41.0906],"tool":false,"touchDistance":0.333333,"touchZone":"none","type":4,"width":15.7401}],"r":[[0.806183,0.578158,0.125709],[-0.463029,0.748771,-0.474286],[-0.368339,0.324154,0.87135]],"s":1.26637,"t":[48.9095,0.112567,-10.8005],"timestamp":93556024771},false],[3,{"currentFrameRate":55.3845,"devices":[],"gestures":[],"hands":[{"armBasis":[[0.971063,0.230928,-0.0608971],[-0.200447,0.926708,0.317858],[0.129836,-0.296454,0.946181]],"armWidth":62.4607,"confidence":0.797956,"direction":[0.0335921,0.675261,-0.736813],"elbow":[61.1033,193.554,307.168],"grabStrength":0,"id":473,"palmNormal":[0.231178,-0.722486,-0.651591],"palmPosition":[22.232,303.589,13.6399],"palmVelocity":[34.205,1.15177,30.7273],"palmWidth":89.1918,"pinchStrength":0.428241,"r":[[0.805954,0.577908,0.1283],[-0.463071,0.750484,-0.471528],[-0.368787,0.320617,0.872468]],"s":1.26855,"sphereCenter":[3.9307,285.848,-28.9603],"sphereRadius":50.4455,"stabilizedPalmPosition":[19.973,303.495,11.7119],"t":[49.5061,0.129991,-10.2604],"timeVisible":43.7914,"type":"right","wrist":[26.7403,272.014,56.7485]}],"id":1689024,"interactionBox":{"center":[0,200,0],"size":[235.247,235.247,147.751]},"pointables":[{"bases":[[[0.191047,0.837711,0.511607],[-0.899022,-0.059894,0.433788],[0.394031,-0.54282,0.741678]],[[0.146359,0.892537,0.426563],[-0.883027,-0.0765,0.463046],[0.445918,-0.444438,0.776938]],[[0.146359,0.892537,0.426563],[-0.952519,0.243535,-0.182749],[-0.266994,-0.379563,0.885803]],[[0.146359,0.892537,0.426563],[-0.587961,0.425263,-0.68808],[-0.795538,-0.150096,0.587018]]],"btipPosition":[7.25823,295.828,-33.8069],"carpPosition":[1.90356,257.952,47.2814],"dipPosition":[-10.9923,292.385,-20.3401],"direction":[0.266994,0.379563,-0.885803],"extended":false,"handId":473,"id":4730,"length":51.0864,"mcpPosition":[1.90356,257.952,47.2814],"pipPosition":[-19.9157,279.699,9.26497],"stabilizedTipPosition":[2.95729,294.718,-31.2518],"timeVisible":43.7914,"tipPosition":[3.78946,294.715,-30.7169],"tipVelocity":[13.0447,15.8195,30.3452],"tool":false,"touchDistance":-0.130193,"touchZone":"touching","type":0,"width":19.8498},{"bases":[[[0.964168,0.259717,0.0541024],[-0.247926,0.809542,0.532142],[0.0944082,-0.526488,0.844925]],[[0.93727,0.339386,-0.0796294],[-0.254831,0.822906,0.507826],[0.237877,-0.455679,0.857771]],[[0.93727,0.339386,-0.0796294],[-0.294605,0.893265,0.339537],[0.186364,-0.294779,0.937216]],[[0.93727,0.339386,-0.0796294],[-0.318915,0.927023,0.197284],[0.140774,-0.159513,0.977107]]],"btipPosition":[-18.0871,346.87,-82.1576],"carpPosition":[5.51214,280.056,53.468],"dipPosition":[-15.7294,344.199,-65.7931],"direction":[-0.186364,0.294779,-0.937216],"extended":true,"handId":473,"id":4731,"length":57.6453,"mcpPosition":[-1.29617,318.024,-7.46429],"pipPosition":[-11.314,337.215,-43.5879],"stabilizedTipPosition":[-17.7687,346.298,-78.5934],"timeVisible":43.7914,"tipPosition":[-17.9996,346.831,-78.0337],"tipVelocity":[37.3799,-2.55091,29.6927],"tool":false,"touchDistance":-0.0477062,"touchZone":"touching","type":1,"width":18.9605},{"bases":[[[0.996102,0.0443607,0.0762421],[-0.0792193,0.83004,0.552049],[-0.0387947,-0.555937,0.830319]],[[0.996684,0.0556172,0.0594008],[0.00121353,0.719733,-0.69425],[-0.0813649,0.69202,0.717278]],[[0.996684,0.0556172,0.0594008],[0.0783532,-0.458876,-0.885039],[-0.0219658,0.886758,-0.461712]],[[0.996684,0.0556172,0.0594008],[0.0777215,-0.866877,-0.492426],[0.0241058,0.49541,-0.868325]]],"btipPosition":[23.2219,256.292,-7.29557],"carpPosition":[16.5562,284.812,54.514],"dipPosition":[23.6659,265.418,-23.2906],"direction":[0.0219658,-0.886758,0.461712],"extended":false,"handId":473,"id":4732,"length":65.6822,"mcpPosition":[19.2093,322.832,-2.27076],"pipPosition":[23.0536,290.136,-36.1606],"stabilizedTipPosition":[19.4039,257.828,-14.4323],"timeVisible":43.7914,"tipPosition":[23.3817,258.591,-12.3107],"tipVelocity":[42.3629,5.03999,30.4516],"tool":false,"touchDistance":0.333333,"touchZone":"none","type":2,"width":18.6218},{"bases":[[[0.982655,-0.100632,0.155765],[-0.00904622,0.812943,0.582273],[-0.185224,-0.573582,0.797932]],[[0.988412,-0.0809687,0.128401],[0.149073,0.677322,-0.720425],[-0.0286369,0.731217,0.681543]],[[0.988412,-0.0809687,0.128401],[0.0681052,-0.519415,-0.851804],[0.135663,0.850678,-0.507881]],[[0.988412,-0.0809687,0.128401],[-0.0129922,-0.887885,-0.459882],[0.151241,0.452884,-0.878648]]],"btipPosition":[34.6275,258.324,6.2867],"carpPosition":[28.454,286.524,55.2472],"dipPosition":[37.3974,266.618,-9.80551],"direction":[-0.135663,-0.850678,0.507881],"extended":false,"handId":473,"id":4733,"length":63.1552,"mcpPosition":[39.8271,321.743,6.2525],"pipPosition":[41.0813,289.718,-23.5968],"stabilizedTipPosition":[31.5138,259.582,-0.748788],"timeVisible":43.7914,"tipPosition":[35.4657,260.314,1.18979],"tipVelocity":[39.6933,6.60959,35.6641],"tool":false,"touchDistance":0.333333,"touchZone":"none","type":3,"width":17.7198},{"bases":[[[0.942509,-0.299271,0.148706],[0.127574,0.733505,0.667604],[-0.308872,-0.610252,0.729514]],[[0.960387,-0.259494,0.101586],[0.262115,0.717401,-0.64547],[0.0946176,0.646528,0.757]],[[0.960387,-0.259494,0.101586],[-0.0224284,-0.435333,-0.89999],[0.277765,0.862061,-0.423908]],[[0.960387,-0.259494,0.101586],[-0.165366,-0.824107,-0.541757],[0.2243,0.503498,-0.834374]]],"btipPosition":[46.5584,268.653,8.78614],"carpPosition":[41.3971,281.411,54.2641],"dipPosition":[50.3483,277.161,-5.31156],"direction":[-0.277765,-0.862061,0.423908],"extended":false,"handId":473,"id":4734,"length":49.5125,"mcpPosition":[58.9531,316.097,12.7991],"pipPosition":[55.6736,293.688,-13.4388],"stabilizedTipPosition":[43.6387,270.005,2.31497],"timeVisible":43.7914,"tipPosition":[47.5662,270.785,4.67323],"tipVelocity":[40.0633,7.17602,32.1255],"tool":false,"touchDistance":0.333333,"touchZone":"none","type":4,"width":15.7401}],"r":[[0.805954,0.577908,0.1283],[-0.463071,0.750484,-0.471528],[-0.368787,0.320617,0.872468]],"s":1.26855,"t":[49.5061,0.129991,-10.2604],"timestamp":93556042707},false],[4,{"currentFrameRate":55.3767,"devices":[],"gestures":[],"hands":[{"armBasis":[[0.970636,0.233021,-0.059733],[-0.202995,0.926664,0.316364],[0.129072,-0.294949,0.946755]],"armWidth":62.4607,"confidence":0.778593,"direction":[0.0317518,0.67652,-0.735739],"elbow":[61.2106,193.99,307.528],"grabStrength":0,"id":473,"palmNormal":[0.233574,-0.72075,-0.652658],"palmPosition":[22.4582,303.681,13.8954],"palmVelocity":[23.8906,3.02595,22.8367],"palmWidth":89.1918,"pinchStrength":0.431094,"r":[[0.805409,0.578151,0.130603],[-0.463536,0.751713,-0.469108],[-0.369391,0.317285,0.87343]],"s":1.26998,"sphereCenter":[4.33799,285.935,-28.7185],"sphereRadius":50.3995,"stabilizedPalmPosition":[20.2841,303.519,11.9852],"t":[49.9175,0.184769,-9.86267],"timeVisible":43.8095,"type":"right","wrist":[27.05,272.052,56.9556]}],"id":1689025,"interactionBox":{"center":[0,200,0],"size":[235.247,235.247,147.751]},"pointables":[{"bases":[[[0.188338,0.837483,0.512983],[-0.898964,-0.0633183,0.433421],[0.395464,-0.542783,0.740942]],[[0.142953,0.892907,0.426944],[-0.883132,-0.0796664,0.46231],[0.446813,-0.443137,0.777167]],[[0.142953,0.892907,0.426944],[-0.953001,0.240607,-0.184112],[-0.26712,-0.380559,0.885337]],[[0.142953,0.892907,0.426944],[-0.587434,0.423722,-0.689479],[-0.796546,-0.152239,0.585096]]],"btipPosition":[7.59722,295.824,-33.581],"carpPosition":[2.25901,257.93,47.4589],"dipPosition":[-10.6764,292.332,-20.1582],"direction":[0.26712,0.380559,-0.885337],"extended":false,"handId":473,"id":4730,"length":51.0864,"mcpPosition":[2.25901,257.93,47.4589],"pipPosition":[-19.604,279.613,9.43128],"stabilizedTipPosition":[3.09108,294.811,-31.0198],"timeVisible":43.8095,"tipPosition":[4.06227,294.764,-30.4918],"tipVelocity":[15.6144,7.90404,21.5932],"tool":false,"touchDistance":-0.126596,"touchZone":"touching","type":0,"width":19.8498},{"bases":[[[0.963355,0.26257,0.0548028],[-0.250552,0.807943,0.533341],[0.0957619,-0.527527,0.844123]],[[0.936343,0.342196,-0.0785092],[-0.258099,0.822509,0.506817],[0.238005,-0.454292,0.858471]],[[0.936343,0.342196,-0.0785092],[-0.297949,0.892789,0.337868],[0.185709,-0.292968,0.937914]],[[0.936343,0.342196,-0.0785092],[-0.322172,0.926337,0.195204],[0.139524,-0.157485,0.977615]]],"btipPosition":[-17.8675,346.788,-81.941],"carpPosition":[5.79832,280.035,53.6813],"dipPosition":[-15.5308,344.151,-65.5679],"direction":[-0.185709,0.292968,-0.937914],"extended":true,"handId":473,"id":4731,"length":57.6453,"mcpPosition":[-1.10761,318.078,-7.19315],"pipPosition":[-11.1308,337.21,-43.3462],"stabilizedTipPosition":[-17.5077,346.229,-78.3445],"timeVisible":43.8095,"tipPosition":[-17.7884,346.785,-77.8037],"tipVelocity":[25.2569,-3.28181,21.3232],"tool":false,"touchDistance":-0.0440633,"touchZone":"touching","type":1,"width":18.9605},{"bases":[[[0.995939,0.047278,0.0766132],[-0.0819149,0.828924,0.553331],[-0.0373462,-0.55736,0.829431]],[[0.996491,0.0585517,0.0598061],[-0.000750189,0.72078,-0.693163],[-0.083693,0.690686,0.718295]],[[0.996491,0.0585517,0.0598061],[0.0800312,-0.457453,-0.885625],[-0.0244964,0.887304,-0.460534]],[[0.996491,0.0585517,0.0598061],[0.0805035,-0.866008,-0.493508],[0.0228968,0.496591,-0.867683]]],"btipPosition":[23.5969,256.426,-7.10338],"carpPosition":[16.8275,284.823,54.7382],"dipPosition":[24.0187,265.574,-23.0866],"direction":[0.0244964,-0.887304,0.460534],"extended":false,"handId":473,"id":4732,"length":65.6822,"mcpPosition":[19.3816,322.94,-1.98586],"pipPosition":[23.3359,290.307,-35.9237],"stabilizedTipPosition":[19.9759,257.922,-13.9454],"timeVisible":43.8095,"tipPosition":[23.7511,258.728,-12.0987],"tipVelocity":[31.9488,6.29515,21.0993],"tool":false,"touchDistance":0.333333,"touchZone":"none","type":2,"width":18.6218},{"bases":[[[0.982911,-0.0978806,0.155904],[-0.011699,0.811994,0.583549],[-0.183711,-0.5754,0.796972]],[[0.988498,-0.0786075,0.129198],[0.148113,0.675822,-0.72203],[-0.0305577,0.732862,0.679691]],[[0.988498,-0.0786075,0.129198],[0.0692102,-0.524453,-0.848622],[0.134466,0.847803,-0.51298]],[[0.988498,-0.0786075,0.129198],[-0.0114434,-0.890729,-0.454391],[0.150799,0.447686,-0.881384]]],"btipPosition":[34.9251,258.582,6.84581],"carpPosition":[28.7198,286.569,55.4776],"dipPosition":[37.687,266.781,-9.2965],"direction":[-0.134466,-0.847803,0.51298],"extended":false,"handId":473,"id":4733,"length":63.1552,"mcpPosition":[40,321.9,6.54192],"pipPosition":[41.3383,289.803,-23.2262],"stabilizedTipPosition":[31.9029,259.667,-0.375525],"timeVisible":43.8095,"tipPosition":[35.7679,260.517,1.72875],"tipVelocity":[28.5994,9.68815,33.104],"tool":false,"touchDistance":0.333333,"touchZone":"none","type":3,"width":17.7198},{"bases":[[[0.943373,-0.296629,0.14852],[0.125138,0.732838,0.668796],[-0.307226,-0.612339,0.728459]],[[0.961286,-0.256358,0.101041],[0.259448,0.718543,-0.645277],[0.0928199,0.646511,0.757237]],[[0.961286,-0.256358,0.101041],[-0.0218669,-0.4365,-0.899438],[0.274683,0.862408,-0.425207]],[[0.961286,-0.256358,0.101041],[-0.163333,-0.825435,-0.540351],[0.221926,0.502929,-0.835351]]],"btipPosition":[46.9081,268.862,9.10566],"carpPosition":[41.6787,281.498,54.4905],"dipPosition":[50.6578,277.36,-5.00856],"direction":[-0.274683,-0.862408,0.425207],"extended":false,"handId":473,"id":4734,"length":49.5125,"mcpPosition":[59.1412,316.303,13.0854],"pipPosition":[55.9241,293.894,-13.1607],"stabilizedTipPosition":[44.101,270.096,2.71156],"timeVisible":43.8095,"tipPosition":[47.8959,270.977,4.98977],"tipVelocity":[29.9665,9.19766,25.1529],"tool":false,"touchDistance":0.333333,"touchZone":"none","type":4,"width":15.7401}],"r":[[0.805409,0.578151,0.130603],[-0.463536,0.751713,-0.469108],[-0.369391,0.317285,0.87343]],"s":1.26998,"t":[49.9175,0.184769,-9.86267],"timestamp":93556060792},false],[5,{"currentFrameRate":55.3619,"devices":[],"gestures":[],"hands":[{"armBasis":[[0.970199,0.234737,-0.0600957],[-0.205015,0.927432,0.312792],[0.129159,-0.29115,0.947919]],"armWidth":62.4607,"confidence":0.773559,"direction":[0.0310066,0.677449,-0.734916],"elbow":[61.4777,195.038,308.44],"grabStrength":0,"id":473,"palmNormal":[0.23607,-0.719431,-0.653215],"palmPosition":[22.6778,303.762,14.531],"palmVelocity":[18.2894,3.71641,28.6667],"palmWidth":89.1918,"pinchStrength":0.431488,"r":[[0.804665,0.578693,0.132772],[-0.464158,0.752576,-0.467105],[-0.370231,0.314236,0.874176]],"s":1.2709,"sphereCenter":[4.74849,286.015,-28.1036],"sphereRadius":50.3558,"stabilizedPalmPosition":[20.478,303.538,12.1914],"t":[50.2329,0.252705,-9.346],"timeVisible":43.8276,"type":"right","wrist":[27.2941,272.094,57.5599]}],"id":1689026,"interactionBox":{"center":[0,200,0],"size":[235.247,235.247,147.751]},"pointables":[{"bases":[[[0.185727,0.837333,0.514177],[-0.899324,-0.0659698,0.432279],[0.395881,-0.542698,0.740781]],[[0.139768,0.893333,0.427109],[-0.883547,-0.0822041,0.461071],[0.447,-0.441814,0.777812]],[[0.139768,0.893333,0.427109],[-0.953385,0.237911,-0.185623],[-0.267437,-0.381255,0.884942]],[[0.139768,0.893333,0.427109],[-0.586661,0.422194,-0.691073],[-0.79768,-0.153978,0.583093]]],"btipPosition":[7.91388,295.817,-32.9949],"carpPosition":[2.54824,257.924,48.0173],"dipPosition":[-10.3858,292.284,-19.6182],"direction":[0.267437,0.381255,-0.884942],"extended":false,"handId":473,"id":4730,"length":51.0864,"mcpPosition":[2.54824,257.924,48.0173],"pipPosition":[-19.324,279.542,9.95815],"stabilizedTipPosition":[3.23392,294.856,-30.7635],"timeVisible":43.8276,"tipPosition":[4.33454,294.802,-29.9047],"tipVelocity":[16.3458,3.70074,26.4359],"tool":false,"touchDistance":-0.117005,"touchZone":"touching","type":0,"width":19.8498},{"bases":[[[0.962659,0.264808,0.056252],[-0.253115,0.806721,0.533979],[0.0960221,-0.528278,0.843624]],[[0.935681,0.344393,-0.076771],[-0.261182,0.822306,0.505566],[0.237243,-0.452998,0.859366]],[[0.935681,0.344393,-0.076771],[-0.3009,0.892449,0.336144],[0.18428,-0.291424,0.938676]],[[0.935681,0.344393,-0.076771],[-0.324902,0.925799,0.193223],[0.137619,-0.155852,0.978147]]],"btipPosition":[-17.5594,346.719,-81.3813],"carpPosition":[6.02731,280.03,54.2696],"dipPosition":[-15.2546,344.109,-64.9994],"direction":[-0.18428,0.291424,-0.938676],"extended":true,"handId":473,"id":4731,"length":57.6453,"mcpPosition":[-0.897386,318.127,-6.56886],"pipPosition":[-10.8885,337.204,-42.7596],"stabilizedTipPosition":[-17.2777,346.176,-77.9931],"timeVisible":43.8276,"tipPosition":[-17.4876,346.741,-77.2359],"tipVelocity":[21.139,-3.37216,25.9327],"tool":false,"touchDistance":-0.0347016,"touchZone":"touching","type":1,"width":18.9605},{"bases":[[[0.995732,0.0495684,0.0778514],[-0.0845523,0.828082,0.554194],[-0.0369968,-0.558411,0.828739]],[[0.996275,0.060792,0.0611636],[-0.00133844,0.720073,-0.693897],[-0.0862257,0.69123,0.717472]],[[0.996275,0.060792,0.0611636],[0.0823268,-0.459356,-0.884429],[-0.0256704,0.88617,-0.462649]],[[0.996275,0.060792,0.0611636],[0.0830716,-0.866923,-0.491471],[0.0231466,0.494721,-0.868743]]],"btipPosition":[23.9371,256.559,-6.33171],"carpPosition":[17.0438,284.843,55.3452],"dipPosition":[24.3635,265.672,-22.3345],"direction":[0.0256704,-0.88617,0.462649],"extended":false,"handId":473,"id":4732,"length":65.6822,"mcpPosition":[19.5739,323.032,-1.3316],"pipPosition":[23.6479,290.373,-35.2306],"stabilizedTipPosition":[20.3773,257.994,-13.5564],"timeVisible":43.8276,"tipPosition":[24.0956,258.839,-11.3219],"tipVelocity":[25.7085,6.57228,31.2137],"tool":false,"touchDistance":0.333333,"touchZone":"none","type":2,"width":18.6218},{"bases":[[[0.982956,-0.095713,0.156958],[-0.014332,0.811285,0.584476],[-0.18328,-0.576764,0.796086]],[[0.988441,-0.0767352,0.13075],[0.147971,0.67601,-0.721883],[-0.0329947,0.732886,0.679551]],[[0.988441,-0.0767352,0.13075],[0.0711094,-0.527023,-0.846871],[0.133893,0.84638,-0.515475]],[[0.988441,-0.0767352,0.13075],[-0.00965627,-0.892558,-0.450829],[0.151297,0.444355,-0.882982]]],"btipPosition":[35.223,258.812,7.62653],"carpPosition":[28.9309,286.617,56.1007],"dipPosition":[37.9939,266.951,-8.54507],"direction":[-0.133893,-0.84638,0.515475],"extended":false,"handId":473,"id":4733,"length":63.1552,"mcpPosition":[40.1847,322.031,7.21946],"pipPosition":[41.6297,289.934,-22.5425],"stabilizedTipPosition":[32.161,259.733,-0.096261],"timeVisible":43.8276,"tipPosition":[36.0687,260.699,2.53199],"tipVelocity":[22.8688,10.7533,37.6843],"tool":false,"touchDistance":0.333333,"touchZone":"none","type":3,"width":17.7198},{"bases":[[[0.943903,-0.294547,0.149297],[0.122592,0.732357,0.669794],[-0.306625,-0.613918,0.727383]],[[0.961911,-0.253828,0.101478],[0.257905,0.719618,-0.644698],[0.0906167,0.646314,0.757672]],[[0.961911,-0.253828,0.101478],[-0.0205351,-0.437271,-0.899095],[0.272589,0.862766,-0.425828]],[[0.961911,-0.253828,0.101478],[-0.161183,-0.826473,-0.539409],[0.220786,0.502507,-0.835907]]],"btipPosition":[47.2341,269.039,9.80566],"carpPosition":[41.9031,281.578,55.1231],"dipPosition":[50.9645,277.529,-4.31795],"direction":[-0.272589,-0.862766,0.425828],"extended":false,"handId":473,"id":4734,"length":49.5125,"mcpPosition":[59.3315,316.472,13.7792],"pipPosition":[56.1906,294.071,-12.482],"stabilizedTipPosition":[44.4283,270.169,3.02692],"timeVisible":43.8276,"tipPosition":[48.2079,271.138,5.69539],"tipVelocity":[24.1534,9.42061,31.5167],"tool":false,"touchDistance":0.333333,"touchZone":"none","type":4,"width":15.7401}],"r":[[0.804665,0.578693,0.132772],[-0.464158,0.752576,-0.467105],[-0.370231,0.314236,0.874176]],"s":1.2709,"t":[50.2329,0.252705,-9.346],"timestamp":93556078906},false],[6,{"currentFrameRate":55.3576,"devices":[],"gestures":[],"hands":[{"armBasis":[[0.970466,0.233392,-0.0610314],[-0.20352,0.927926,0.312303],[0.129522,-0.290659,0.94802]],"armWidth":62.4607,"confidence":0.706755,"direction":[0.0326447,0.678199,-0.734153],"elbow":[61.7318,195.154,309.295],"grabStrength":0,"id":473,"palmNormal":[0.235338,-0.719107,-0.653835],"palmPosition":[22.9185,303.803,15.3905],"palmVelocity":[15.9251,3.02876,37.6368],"palmWidth":89.1918,"pinchStrength":0.423971,"r":[[0.804241,0.578826,0.134747],[-0.464342,0.753517,-0.465401],[-0.37092,0.311726,0.874783]],"s":1.27182,"sphereCenter":[5.01459,286.164,-27.2175],"sphereRadius":50.3402,"stabilizedPalmPosition":[20.5889,303.55,12.3368],"t":[50.511,0.307187,-8.65791],"timeVisible":43.8457,"type":"right","wrist":[27.4521,272.081,58.388]}],"id":1689027,"interactionBox":{"center":[0,200,0],"size":[235.247,235.247,147.751]},"pointables":[{"bases":[[[0.186752,0.836463,0.515222],[-0.899735,-0.0649523,0.431575],[0.394462,-0.544161,0.740465]],[[0.140631,0.892973,0.427576],[-0.883889,-0.081331,0.46057],[0.446052,-0.4427,0.777852]],[[0.140631,0.892973,0.427576],[-0.9531,0.239007,-0.185677],[-0.267999,-0.381411,0.884705]],[[0.140631,0.892973,0.427576],[-0.585829,0.423203,-0.69116],[-0.79814,-0.153288,0.582646]]],"btipPosition":[8.13091,295.887,-32.1835],"carpPosition":[2.68955,257.961,48.8126],"dipPosition":[-10.1793,292.371,-18.817],"direction":[0.267999,0.381411,-0.884705],"extended":false,"handId":473,"id":4730,"length":51.0864,"mcpPosition":[2.68955,257.961,48.8126],"pipPosition":[-19.1362,279.623,10.7514],"stabilizedTipPosition":[3.33236,294.888,-30.5259],"timeVisible":43.8457,"tipPosition":[4.54133,294.9,-29.0852],"tipVelocity":[14.2189,3.89521,35.1414],"tool":false,"touchDistance":-0.10352,"touchZone":"touching","type":0,"width":19.8498},{"bases":[[[0.963056,0.263151,0.0572165],[-0.252154,0.806556,0.534683],[0.0945542,-0.529357,0.843113]],[[0.936363,0.342811,-0.0755364],[-0.26047,0.822768,0.505181],[0.23533,-0.453357,0.859702]],[[0.936363,0.342811,-0.0755364],[-0.299851,0.892983,0.335666],[0.182522,-0.291655,0.938948]],[[0.936363,0.342811,-0.0755364],[-0.323599,0.926356,0.19274],[0.136047,-0.156031,0.978338]]],"btipPosition":[-17.1315,346.846,-80.5464],"carpPosition":[6.20082,280.055,55.0915],"dipPosition":[-14.853,344.233,-64.1613],"direction":[-0.182522,0.291655,-0.938948],"extended":true,"handId":473,"id":4731,"length":57.6453,"mcpPosition":[-0.618019,318.23,-5.71018],"pipPosition":[-10.5286,337.323,-41.9151],"stabilizedTipPosition":[-17.0424,346.2,-77.5664],"timeVisible":43.8457,"tipPosition":[-17.0607,346.868,-76.4013],"tipVelocity":[22.1812,1.54355,35.5749],"tool":false,"touchDistance":-0.0207743,"touchZone":"touching","type":1,"width":18.9605},{"bases":[[[0.995758,0.047834,0.0786037],[-0.0835709,0.827615,0.555039],[-0.0385039,-0.559254,0.828102]],[[0.996317,0.0586653,0.0625375],[0.00193532,0.713755,-0.700393],[-0.0857252,0.697934,0.711013]],[[0.996317,0.0586653,0.0625375],[0.0828765,-0.471695,-0.877859],[-0.0220012,0.879808,-0.474819]],[[0.996317,0.0586653,0.0625375],[0.0815777,-0.873159,-0.48056],[0.026413,0.483892,-0.874729]]],"btipPosition":[24.0348,256.682,-4.69864],"carpPosition":[17.2245,284.849,56.18],"dipPosition":[24.5213,265.596,-20.8117],"direction":[0.0220012,-0.879808,0.474819],"extended":false,"handId":473,"id":4732,"length":65.6822,"mcpPosition":[19.8577,323.096,-0.453192],"pipPosition":[23.908,290.12,-34.047],"stabilizedTipPosition":[20.567,258.031,-13.2972],"timeVisible":43.8457,"tipPosition":[24.2246,258.903,-9.83727],"tipVelocity":[16.4221,5.48946,58.642],"tool":false,"touchDistance":0.333333,"touchZone":"none","type":2,"width":18.6218},{"bases":[[[0.982686,-0.0975123,0.157543],[-0.0133998,0.810668,0.585352],[-0.184794,-0.577328,0.795326]],[[0.988138,-0.0788275,0.13179],[0.150169,0.675514,-0.721893],[-0.0321212,0.733121,0.679339]],[[0.988138,-0.0788275,0.13179],[0.0703462,-0.53051,-0.844755],[0.136506,0.844006,-0.518672]],[[0.988138,-0.0788275,0.13179],[-0.0118466,-0.894773,-0.446365],[0.153108,0.439509,-0.885093]]],"btipPosition":[35.3567,258.975,8.65304],"carpPosition":[29.114,286.602,56.9458],"dipPosition":[38.1608,267.025,-7.55722],"direction":[-0.136506,-0.844006,0.518672],"extended":false,"handId":473,"id":4733,"length":63.1552,"mcpPosition":[40.4607,322.051,8.11122],"pipPosition":[41.8675,289.943,-21.6415],"stabilizedTipPosition":[32.2995,259.773,0.0847659],"timeVisible":43.8457,"tipPosition":[36.21,260.802,3.56982],"tipVelocity":[15.7154,9.3885,46.5253],"tool":false,"touchDistance":0.333333,"touchZone":"none","type":3,"width":17.7198},{"bases":[[[0.943309,-0.296273,0.149637],[0.123334,0.731421,0.67068],[-0.308152,-0.614203,0.726496]],[[0.961503,-0.255312,0.101621],[0.259226,0.720031,-0.643705],[0.0911758,0.645268,0.758496]],[[0.961503,-0.255312,0.101621],[-0.0210039,-0.437009,-0.899212],[0.273989,0.862461,-0.425549]],[[0.961503,-0.255312,0.101621],[-0.16242,-0.826317,-0.539277],[0.221655,0.502011,-0.835975]]],"btipPosition":[47.4354,269.071,10.672],"carpPosition":[42.0786,281.542,55.9718],"dipPosition":[51.1805,277.553,-3.45278],"direction":[-0.273989,-0.862461,0.425549],"extended":false,"handId":473,"id":4734,"length":49.5125,"mcpPosition":[59.5937,316.453,14.6783],"pipPosition":[56.4335,294.088,-11.6115],"stabilizedTipPosition":[44.6133,270.21,3.23717],"timeVisible":43.8457,"tipPosition":[48.4053,271.156,6.57568],"tipVelocity":[18.0553,5.72398,39.3046],"tool":false,"touchDistance":0.333333,"touchZone":"none","type":4,"width":15.7401}],"r":[[0.804241,0.578826,0.134747],[-0.464342,0.753517,-0.465401],[-0.37092,0.311726,0.874783]],"s":1.27182,"t":[50.511,0.307187,-8.65791],"timestamp":93556096985},false],[7,{"currentFrameRate":55.3506,"devices"