{"sensorType":"Leap","data":[[0,{"currentFrameRate":55.2856,"devices":[],"gestures":[],"hands":[{"armBasis":[[0.956081,0.278322,-0.0919003],[-0.242012,0.926497,0.288154],[0.165345,-0.253258,0.953164]],"armWidth":62.4607,"confidence":0.772298,"direction":[0.0383247,0.548208,-0.835464],"elbow":[62.644,192.244,307.137],"grabStrength":0,"id":473,"palmNormal":[0.260715,-0.812605,-0.521249],"palmPosition":[14.8077,283.371,7.13792],"palmVelocity":[32.9668,-38.5121,66.5465],"palmWidth":89.1918,"pinchStrength":0.55629,"r":[[0.78651,0.613761,0.0685527],[-0.472771,0.669791,-0.572597],[-0.397354,0.417943,0.816966]],"s":1.24883,"sphereCenter":[-9.05072,260.15,-32.6907],"sphereRadius":52.7772,"stabilizedPalmPosition":[12.8065,284.99,3.81852],"t":[42.0786,-19.3457,-17.4509],"timeVisible":42.0382,"type":"right","wrist":[18.8831,259.272,54.8693]}],"id":1688927,"interactionBox":{"center":[0,200,0],"size":[235.247,235.247,147.751]},"pointables":[{"bases":[[[0.162462,0.9134,0.373238],[-0.907901,-0.00975917,0.419072],[0.386423,-0.406946,0.827691]],[[0.119493,0.952225,0.28105],[-0.908717,-0.0091378,0.417314],[0.399945,-0.305261,0.864211]],[[0.119493,0.952225,0.28105],[-0.938365,0.200792,-0.281343],[-0.324335,-0.230109,0.917528]],[[0.119493,0.952225,0.28105],[-0.562462,0.298196,-0.771178],[-0.818143,-0.0659301,0.571223]]],"btipPosition":[4.59684,267.442,-38.7674],"carpPosition":[-5.44235,243.302,47.2892],"dipPosition":[-14.1722,265.929,-25.6629],"direction":[0.324335,0.230109,-0.917528],"extended":false,"handId":473,"id":4730,"length":51.0864,"mcpPosition":[-5.44235,243.302,47.2892],"pipPosition":[-25.0121,258.239,5.00245],"stabilizedTipPosition":[-0.692843,268.353,-37.2861],"timeVisible":42.0382,"tipPosition":[0.21832,266.552,-35.9276],"tipVelocity":[47.5385,-57.5088,73.8344],"tool":false,"touchDistance":-0.165764,"touchZone":"touching","type":0,"width":19.8498},{"bases":[[[0.957395,0.287078,0.0313218],[-0.276253,0.878854,0.388973],[0.0841382,-0.381053,0.920717]],[[0.92191,0.356693,-0.151169],[-0.255132,0.852652,0.455952],[0.291529,-0.381779,0.877072]],[[0.92191,0.356693,-0.151169],[-0.302995,0.907034,0.292374],[0.241403,-0.22374,0.94428]],[[0.92191,0.356693,-0.151169],[-0.335088,0.930024,0.150903],[0.194417,-0.0884644,0.976922]]],"btipPosition":[-29.7315,316.532,-92.1755],"carpPosition":[-2.41096,266.191,49.8929],"dipPosition":[-26.4754,315.05,-75.8141],"direction":[-0.241403,0.22374,-0.94428],"extended":true,"handId":473,"id":4731,"length":57.6453,"mcpPosition":[-8.47863,293.671,-16.5051],"pipPosition":[-20.7559,309.749,-53.4416],"stabilizedTipPosition":[-29.0554,316.286,-88.4704],"timeVisible":42.0382,"tipPosition":[-28.8539,315.724,-88.572],"tipVelocity":[63.6667,-83.3742,38.0817],"tool":false,"touchDistance":-0.192153,"touchZone":"touching","type":1,"width":18.9605},{"bases":[[[0.992933,0.0788992,0.0886537],[-0.108502,0.906157,0.408788],[-0.0480811,-0.415518,0.908313]],[[0.993497,0.084571,0.0762308],[0.00130299,0.661043,-0.750347],[-0.113849,0.745567,0.656634]],[[0.993497,0.084571,0.0762308],[0.111014,-0.570833,-0.813527],[-0.0252857,0.816699,-0.576509]],[[0.993497,0.084571,0.0762308],[0.104782,-0.941071,-0.321567],[0.0445434,0.327463,-0.943813]]],"btipPosition":[17.0626,235.699,-9.30349],"carpPosition":[8.51089,271.306,50.3843],"dipPosition":[17.8831,241.731,-26.6891],"direction":[0.0252857,-0.816699,0.576509],"extended":false,"handId":473,"id":4732,"length":65.6822,"mcpPosition":[11.7991,299.723,-11.7345],"pipPosition":[17.1782,264.496,-42.759],"stabilizedTipPosition":[14.2934,240.052,-20.8929],"timeVisible":42.0382,"tipPosition":[17.2264,237.55,-13.5565],"tipVelocity":[33.8754,-49.6795,93.819],"tool":false,"touchDistance":0.333333,"touchZone":"none","type":2,"width":18.6218},{"bases":[[[0.98037,-0.0516436,0.190283],[-0.0387619,0.89577,0.442824],[-0.193319,-0.441507,0.876185]],[[0.98197,-0.0479084,0.182867],[0.170566,0.641611,-0.747825],[-0.0815026,0.765532,0.638215]],[[0.98197,-0.0479084,0.182867],[0.11862,-0.597047,-0.793388],[0.14719,0.800774,-0.580599]],[[0.98197,-0.0479084,0.182867],[0.0134257,-0.947236,-0.320256],[0.188561,0.316936,-0.929514]]],"btipPosition":[28.3417,239.417,2.11559],"carpPosition":[20.3523,273.385,51.077],"dipPosition":[31.7951,245.222,-14.9082],"direction":[-0.14719,-0.800774,0.580599],"extended":false,"handId":473,"id":4733,"length":63.1552,"mcpPosition":[32.2225,300.494,-2.7225],"pipPosition":[35.792,266.967,-30.6741],"stabilizedTipPosition":[26.4002,243.107,-9.10614],"timeVisible":42.0382,"tipPosition":[29.236,241.172,-2.13363],"tipVelocity":[31.699,-45.2059,87.8943],"tool":false,"touchDistance":0.333333,"touchZone":"none","type":3,"width":17.7198},{"bases":[[[0.944244,-0.249689,0.214612],[0.0972673,0.834284,0.542687],[-0.314551,-0.491554,0.812055]],[[0.964132,-0.214286,0.156622],[0.261895,0.67215,-0.69255],[0.0431299,0.708728,0.704162]],[[0.964132,-0.214286,0.156622],[0.0118271,-0.554817,-0.831888],[0.265159,0.803903,-0.532383]],[[0.964132,-0.214286,0.156622],[-0.141985,-0.914947,-0.377772],[0.224252,0.341984,-0.912556]]],"btipPosition":[40.9228,250.663,6.26424],"carpPosition":[33.4116,268.479,51.2017],"dipPosition":[44.7118,256.441,-9.15443],"direction":[-0.265159,-0.803903,0.532383],"extended":false,"handId":473,"id":4734,"length":49.5125,"mcpPosition":[51.2904,296.418,5.04513],"pipPosition":[49.7955,271.854,-19.3614],"stabilizedTipPosition":[39.19,254.479,-4.18885],"timeVisible":42.0382,"tipPosition":[41.8962,252.398,2.74461],"tipVelocity":[29.5911,-45.4555,92.0376],"tool":false,"touchDistance":0.333333,"touchZone":"none","type":4,"width":15.7401}],"r":[[0.78651,0.613761,0.0685527],[-0.472771,0.669791,-0.572597],[-0.397354,0.417943,0.816966]],"s":1.24883,"t":[42.0786,-19.3457,-17.4509],"timestamp":93554289516},false],[1,{"currentFrameRate":55.3316,"devices":[],"gestures":[],"hands":[{"armBasis":[[0.955532,0.279277,-0.0946721],[-0.242802,0.927305,0.284873],[0.167348,-0.249219,0.953879]],"armWidth":62.4607,"confidence":0.784079,"direction":[0.0406593,0.546353,-0.836567],"elbow":[63.2165,192.929,308.287],"grabStrength":0,"id":473,"palmNormal":[0.26222,-0.813748,-0.518706],"palmPosition":[14.9838,282.881,8.03408],"palmVelocity":[22.0417,-33.2462,58.7461],"palmWidth":89.1918,"pinchStrength":0.558796,"r":[[0.786951,0.613313,0.0674948],[-0.470857,0.667627,-0.576686],[-0.398751,0.422043,0.814173]],"s":1.24846,"sphereCenter":[-8.58482,259.521,-31.8073],"sphereRadius":52.6962,"stabilizedPalmPosition":[12.9599,284.842,4.11549],"t":[42.4665,-19.9532,-16.3886],"timeVisible":42.0561,"type":"right","wrist":[18.9254,258.888,55.8302]}],"id":1688928,"interactionBox":{"center":[0,200,0],"size":[235.247,235.247,147.751]},"pointables":[{"bases":[[[0.161369,0.914234,0.371666],[-0.909079,-0.00887297,0.416529],[0.384103,-0.405089,0.82968]],[[0.118712,0.952812,0.279388],[-0.910312,-0.00793285,0.413846],[0.396534,-0.303459,0.866414]],[[0.118712,0.952812,0.279388],[-0.937281,0.200406,-0.285204],[-0.327737,-0.228008,0.916843]],[[0.118712,0.952812,0.279388],[-0.55433,0.297043,-0.777486],[-0.823787,-0.062576,0.563435]]],"btipPosition":[5.07144,266.805,-37.746],"carpPosition":[-5.37783,242.9,48.2169],"dipPosition":[-13.8271,265.369,-24.8202],"direction":[0.327737,0.228008,-0.916843],"extended":false,"handId":473,"id":4730,"length":51.0864,"mcpPosition":[-5.37783,242.9,48.2169],"pipPosition":[-24.7807,257.749,5.82233],"stabilizedTipPosition":[-0.167501,267.657,-36.3548],"timeVisible":42.0561,"tipPosition":[0.609234,265.978,-34.9679],"tipVelocity":[36.8171,-46.6844,64.8117],"tool":false,"touchDistance":-0.149425,"touchZone":"touching","type":0,"width":19.8498},{"bases":[[[0.957291,0.287193,0.0333862],[-0.277387,0.879702,0.38624],[0.0815554,-0.379004,0.921794]],[[0.922519,0.356165,-0.148676],[-0.257191,0.854532,0.451252],[0.287768,-0.378051,0.879925]],[[0.922519,0.356165,-0.148676],[-0.304766,0.908603,0.285585],[0.236802,-0.218146,0.946751]],[[0.922519,0.356165,-0.148676],[-0.336415,0.930864,0.142536],[0.189163,-0.0814758,0.97856]]],"btipPosition":[-29.1337,315.581,-91.5739],"carpPosition":[-2.35477,265.795,50.7784],"dipPosition":[-25.9656,314.217,-75.1851],"direction":[-0.236802,0.218146,-0.946751],"extended":true,"handId":473,"id":4731,"length":57.6453,"mcpPosition":[-8.23619,293.127,-15.6974],"pipPosition":[-20.3551,309.048,-52.754],"stabilizedTipPosition":[-28.4511,315.34,-87.8517],"timeVisible":42.0561,"tipPosition":[-28.3354,314.918,-87.9135],"tipVelocity":[48.8293,-68.3473,36.1247],"tool":false,"touchDistance":-0.182021,"touchZone":"touching","type":1,"width":18.9605},{"bases":[[[0.992675,0.079144,0.0912802],[-0.109694,0.907056,0.406467],[-0.0506268,-0.413503,0.909094]],[[0.993275,0.0847995,0.0788216],[0.00345979,0.658773,-0.752334],[-0.115723,0.747547,0.65405]],[[0.993275,0.0847995,0.0788216],[0.113333,-0.573087,-0.81162],[-0.0236533,0.815095,-0.578844]],[[0.993275,0.0847995,0.0788216],[0.105724,-0.94183,-0.319027],[0.0471833,0.325215,-0.944462]]],"btipPosition":[17.2856,235.159,-8.25289],"carpPosition":[8.56543,270.911,51.2892],"dipPosition":[18.1547,241.15,-25.6505],"direction":[0.0236533,-0.815095,0.578844],"extended":false,"handId":473,"id":4732,"length":65.6822,"mcpPosition":[12.0278,299.19,-10.883],"pipPosition":[17.4954,263.87,-41.7854],"stabilizedTipPosition":[14.3691,239.969,-20.6881],"timeVisible":42.0561,"tipPosition":[17.4626,236.992,-12.5185],"tipVelocity":[24.0544,-40.6971,77.1401],"tool":false,"touchDistance":0.333333,"touchZone":"none","type":2,"width":18.6218},{"bases":[[[0.979831,-0.0511735,0.193163],[-0.0400495,0.896749,0.440723],[-0.195772,-0.43957,0.876613]],[[0.98146,-0.0474362,0.185707],[0.172626,0.639806,-0.748898],[-0.0832916,0.767071,0.636133]],[[0.98146,-0.0474362,0.185707],[0.120855,-0.598855,-0.791686],[0.148766,0.799452,-0.582019]],[[0.98146,-0.0474362,0.185707],[0.014387,-0.947925,-0.318169],[0.191129,0.314942,-0.929667]]],"btipPosition":[28.5333,238.911,3.15547],"carpPosition":[20.4047,272.993,52.0107],"dipPosition":[32.0338,244.679,-13.8712],"direction":[-0.148766,-0.799452,0.582019],"extended":false,"handId":473,"id":4733,"length":63.1552,"mcpPosition":[32.4256,299.983,-1.81514],"pipPosition":[36.0735,266.388,-29.6756],"stabilizedTipPosition":[26.4607,243.048,-8.93418],"timeVisible":42.0561,"tipPosition":[29.4382,240.653,-1.09366],"tipVelocity":[22.068,-37.4235,73.7853],"tool":false,"touchDistance":0.333333,"touchZone":"none","type":3,"width":17.7198},{"bases":[[[0.943645,-0.249166,0.21783],[0.0957,0.835492,0.541106],[-0.31682,-0.489765,0.812253]],[[0.963608,-0.214068,0.160107],[0.264032,0.668535,-0.695232],[0.0417897,0.712204,0.700727]],[[0.963608,-0.214068,0.160107],[0.0139669,-0.557801,-0.829857],[0.266954,0.801893,-0.534512]],[[0.963608,-0.214068,0.160107],[-0.140883,-0.915686,-0.376392],[0.227181,0.340138,-0.912521]]],"btipPosition":[41.0666,250.119,7.39371],"carpPosition":[33.4638,268.087,52.1831],"dipPosition":[44.9051,255.866,-8.02438],"direction":[-0.266954,-0.801893,0.534512],"extended":false,"handId":473,"id":4734,"length":49.5125,"mcpPosition":[51.4716,295.925,6.0153],"pipPosition":[50.0232,271.24,-18.2722],"stabilizedTipPosition":[39.2444,254.419,-4.03046],"timeVisible":42.0561,"tipPosition":[42.0597,251.849,3.83922],"tipVelocity":[19.71,-38.5149,78.3543],"tool":false,"touchDistance":0.333333,"touchZone":"none","type":4,"width":15.7401}],"r":[[0.786951,0.613313,0.0674948],[-0.470857,0.667627,-0.576686],[-0.398751,0.422043,0.814173]],"s":1.24846,"t":[42.4665,-19.9532,-16.3886],"timestamp":93554307430},false],[2,{"currentFrameRate":55.3421,"devices":[],"gestures":[],"hands":[{"armBasis":[[0.955544,0.276783,-0.101624],[-0.239996,0.93034,0.277252],[0.171283,-0.240537,0.955408]],"armWidth":62.4607,"confidence":0.803415,"direction":[0.0434772,0.542024,-0.839238],"elbow":[64.3396,194.165,310.405],"grabStrength":0,"id":473,"palmNormal":[0.260386,-0.817147,-0.514267],"palmPosition":[15.2041,281.592,9.62173],"palmVelocity":[17.3815,-51.388,72.6435],"palmWidth":89.1918,"pinchStrength":0.559882,"r":[[0.787667,0.612528,0.0662497],[-0.468751,0.665591,-0.580742],[-0.399816,0.426377,0.811387]],"s":1.24801,"sphereCenter":[-8.2987,258.076,-30.14],"sphereRadius":52.661,"stabilizedPalmPosition":[13.0824,284.664,4.41614],"t":[42.7706,-20.9016,-15.0636],"timeVisible":42.0742,"type":"right","wrist":[19.0072,257.827,57.5427]}],"id":1688929,"interactionBox":{"center":[0,200,0],"size":[235.247,235.247,147.751]},"pointables":[{"bases":[[[0.16371,0.915582,0.3673],[-0.90966,-0.00396739,0.415335],[0.38173,-0.402113,0.832218]],[[0.121326,0.953806,0.274836],[-0.911183,-0.00281017,0.411991],[0.393732,-0.300411,0.868751]],[[0.121326,0.953806,0.274836],[-0.936208,0.201964,-0.287619],[-0.32984,-0.222408,0.917464]],[[0.121326,0.953806,0.274836],[-0.54938,0.295131,-0.781716],[-0.826718,-0.0561473,0.559808]]],"btipPosition":[5.38847,265.297,-36.0381],"carpPosition":[-5.33542,241.876,49.9767],"dipPosition":[-13.5773,264.009,-23.1955],"direction":[0.32984,0.222408,-0.917464],"extended":false,"handId":473,"id":4730,"length":51.0864,"mcpPosition":[-5.33542,241.876,49.9767],"pipPosition":[-24.6011,256.576,7.46777],"stabilizedTipPosition":[0.22006,266.795,-35.2931],"timeVisible":42.0742,"tipPosition":[0.885022,264.53,-33.2824],"tipVelocity":[27.2848,-63.3066,78.491],"tool":false,"touchDistance":-0.121279,"touchZone":"touching","type":0,"width":19.8498},{"bases":[[[0.958132,0.284389,0.0332452],[-0.275171,0.882483,0.381451],[0.0791423,-0.374629,0.923791]],[[0.92393,0.352426,-0.148829],[-0.25537,0.857831,0.445997],[0.284851,-0.374063,0.882574]],[[0.92393,0.352426,-0.148829],[-0.302633,0.911297,0.279199],[0.234024,-0.21292,0.948629]],[[0.92393,0.352426,-0.148829],[-0.334007,0.932802,0.135353],[0.18653,-0.0753468,0.979556]]],"btipPosition":[-28.6168,313.851,-90.2415],"carpPosition":[-2.2447,264.774,52.4275],"dipPosition":[-25.4928,312.589,-73.836],"direction":[-0.234024,0.21292,-0.948629],"extended":true,"handId":473,"id":4731,"length":57.6453,"mcpPosition":[-7.9521,291.791,-14.1922],"pipPosition":[-19.9481,307.544,-51.3604],"stabilizedTipPosition":[-27.9611,313.763,-86.6255],"timeVisible":42.0742,"tipPosition":[-27.8548,313.254,-86.5575],"tipVelocity":[38.9957,-80.8339,54.139],"tool":false,"touchDistance":-0.159751,"touchZone":"touching","type":1,"width":18.9605},{"bases":[[[0.992793,0.0765241,0.0922285],[-0.107421,0.909418,0.401769],[-0.0531293,-0.408781,0.911085]],[[0.993429,0.0821258,0.0797187],[0.00652889,0.654716,-0.755847],[-0.114268,0.7514,0.649877]],[[0.993429,0.0821258,0.0797187],[0.112626,-0.577447,-0.808623],[-0.0203755,0.812287,-0.582902]],[[0.993429,0.0821258,0.0797187],[0.103247,-0.94362,-0.314517],[0.0493941,0.320681,-0.945898]]],"btipPosition":[17.3811,233.764,-6.41399],"carpPosition":[8.69064,269.859,52.9275],"dipPosition":[18.291,239.671,-23.838],"direction":[0.0203755,-0.812287,0.582902],"extended":false,"handId":473,"id":4732,"length":65.6822,"mcpPosition":[12.3241,297.815,-9.38077],"pipPosition":[17.723,262.313,-40.0861],"stabilizedTipPosition":[14.437,239.867,-20.4717],"timeVisible":42.0742,"tipPosition":[17.5692,235.574,-10.6863],"tipVelocity":[15.4018,-58.6036,88.7609],"tool":false,"touchDistance":0.333333,"touchZone":"none","type":2,"width":18.6218},{"bases":[[[0.979408,-0.0532406,0.194746],[-0.037855,0.899067,0.436171],[-0.198311,-0.434561,0.878538]],[[0.98111,-0.0494261,0.187031],[0.175236,0.636629,-0.750997],[-0.0819502,0.769585,0.633264]],[[0.98111,-0.0494261,0.187031],[0.120776,-0.598744,-0.791782],[0.151118,0.799414,-0.581464]],[[0.98111,-0.0494261,0.187031],[0.0132472,-0.947375,-0.319851],[0.192997,0.316287,-0.928824]]],"btipPosition":[28.663,237.385,4.77638],"carpPosition":[20.5354,271.907,53.6547],"dipPosition":[32.1977,243.177,-12.2348],"direction":[-0.151118,-0.799414,0.581464],"extended":false,"handId":473,"id":4733,"length":63.1552,"mcpPosition":[32.7121,298.59,-0.28938],"pipPosition":[36.3013,264.885,-28.0242],"stabilizedTipPosition":[26.522,242.96,-8.73519],"timeVisible":42.0742,"tipPosition":[29.5565,239.158,0.623833],"tipVelocity":[15.2184,-59.6813,81.5167],"tool":false,"touchDistance":0.333333,"touchZone":"none","type":3,"width":17.7198},{"bases":[[[0.942574,-0.250994,0.220355],[0.0975689,0.837893,0.537043],[-0.319428,-0.484703,0.814266]],[[0.96267,-0.216354,0.162659],[0.267155,0.662788,-0.699529],[0.0435373,0.71687,0.695846]],[[0.96267,-0.216354,0.162659],[0.0132018,-0.562687,-0.826565],[0.270357,0.797856,-0.538825]],[[0.96267,-0.216354,0.162659],[-0.143184,-0.917001,-0.372299],[0.229707,0.335111,-0.913748]]],"btipPosition":[41.1614,248.707,9.23813],"carpPosition":[33.5789,266.963,53.8694],"dipPosition":[45.0426,254.369,-6.20069],"direction":[-0.270357,-0.797856,0.538825],"extended":false,"handId":473,"id":4734,"length":49.5125,"mcpPosition":[51.735,294.513,7.58711],"pipPosition":[50.226,269.666,-16.5312],"stabilizedTipPosition":[39.2937,254.341,-3.85987],"timeVisible":42.0742,"tipPosition":[42.1702,250.416,5.6553],"tipVelocity":[13.1132,-57.9021,89.5791],"tool":false,"touchDistance":0.333333,"touchZone":"none","type":4,"width":15.7401}],"r":[[0.787667,0.612528,0.0662497],[-0.468751,0.665591,-0.580742],[-0.399816,0.426377,0.811387]],"s":1.24801,"t":[42.7706,-20.9016,-15.0636],"timestamp":93554325463},false],[3,{"currentFrameRate":55.3544,"devices":[],"gestures":[],"hands":[{"armBasis":[[0.953081,0.285812,-0.0997442],[-0.248238,0.92649,0.282832],[0.173249,-0.244801,0.953969]],"armWidth":62.4607,"confidence":0.808937,"direction":[0.0437432,0.543837,-0.83805],"elbow":[64.6504,192.71,311.472],"grabStrength":0,"id":473,"palmNormal":[0.268377,-0.814416,-0.514491],"palmPosition":[15.0591,281.326,11.0952],"palmVelocity":[5.32334,-34.0103,76.9638],"palmWidth":89.1918,"pinchStrength":0.556644,"r":[[0.787344,0.612946,0.066223],[-0.467413,0.663519,-0.584182],[-0.402012,0.428999,0.808917]],"s":1.2477,"sphereCenter":[-8.05274,257.687,-28.8339],"sphereRadius":52.6542,"stabilizedPalmPosition":[13.1468,284.555,4.63357],"t":[42.8502,-21.5086,-13.6643],"timeVisible":42.0922,"type":"right","wrist":[18.7977,257.5,58.991]}],"id":1688930,"interactionBox":{"center":[0,200,0],"size":[235.247,235.247,147.751]},"pointables":[{"bases":[[[0.155727,0.916004,0.369711],[-0.911563,-0.0109188,0.411016],[0.380529,-0.401021,0.833295]],[[0.114138,0.953638,0.278473],[-0.91272,-0.010035,0.408463],[0.39232,-0.300789,0.869259]],[[0.114138,0.953638,0.278473],[-0.936569,0.196785,-0.290023],[-0.331376,-0.227707,0.915609]],[[0.114138,0.953638,0.278473],[-0.545599,0.294421,-0.784626],[-0.830237,-0.0623789,0.553909]]],"btipPosition":[5.52552,265.157,-34.5611],"carpPosition":[-5.39953,241.398,51.2812],"dipPosition":[-13.521,263.726,-21.8538],"direction":[0.331376,0.227707,-0.915609],"extended":false,"handId":473,"id":4730,"length":51.0864,"mcpPosition":[-5.39953,241.398,51.2812],"pipPosition":[-24.5962,256.116,8.74747],"stabilizedTipPosition":[0.428999,266.35,-34.4673],"timeVisible":42.0922,"tipPosition":[1.03483,264.34,-31.8525],"tipVelocity":[17.4636,-37.8258,79.3138],"tool":false,"touchDistance":-0.0971809,"touchZone":"touching","type":0,"width":19.8498},{"bases":[[[0.956004,0.290846,0.0382904],[-0.282979,0.879892,0.381725],[0.0773316,-0.375766,0.923483]],[[0.922268,0.358896,-0.143578],[-0.263424,0.85537,0.446038],[0.282894,-0.373545,0.883422]],[[0.922268,0.358896,-0.143578],[-0.310247,0.908825,0.278896],[0.230583,-0.212673,0.949527]],[[0.922268,0.358896,-0.143578],[-0.341053,0.930332,0.134776],[0.181946,-0.0753323,0.980419]]],"btipPosition":[-28.4774,313.443,-88.9306],"carpPosition":[-2.4766,264.312,53.7877],"dipPosition":[-25.4302,312.181,-72.5106],"direction":[-0.230583,0.212673,-0.949527],"extended":true,"handId":473,"id":4731,"length":57.6453,"mcpPosition":[-8.05342,291.411,-12.8098],"pipPosition":[-19.967,307.142,-50.0137],"stabilizedTipPosition":[-27.8231,313.307,-85.5257],"timeVisible":42.0922,"tipPosition":[-27.7434,312.865,-85.2355],"tipVelocity":[23.7069,-53.2387,63.0459],"tool":false,"touchDistance":-0.137846,"touchZone":"touching","type":1,"width":18.9605},{"bases":[[[0.991802,0.0831141,0.0970646],[-0.115515,0.907932,0.402885],[-0.0546426,-0.410794,0.910089]],[[0.992458,0.0887462,0.0845607],[0.00582784,0.654889,-0.755703],[-0.122444,0.750496,0.649433]],[[0.992458,0.0887462,0.0845607],[0.120399,-0.576112,-0.808455],[-0.0230308,0.812539,-0.582452]],[[0.992458,0.0887462,0.0845607],[0.111146,-0.942424,-0.31541],[0.0517007,0.32243,-0.945181]]],"btipPosition":[17.6331,233.516,-4.92961],"carpPosition":[8.42133,269.47,54.3486],"dipPosition":[18.5855,239.456,-22.3404],"direction":[0.0230308,-0.812539,0.582452],"extended":false,"handId":473,"id":4732,"length":65.6822,"mcpPosition":[12.1583,297.564,-7.89164],"pipPosition":[17.9435,262.105,-38.5759],"stabilizedTipPosition":[14.4854,239.796,-20.308],"timeVisible":42.0922,"tipPosition":[17.8318,235.327,-9.21983],"tipVelocity":[14.9861,-37.1322,85.8059],"tool":false,"touchDistance":0.333333,"touchZone":"none","type":2,"width":18.6218},{"bases":[[[0.978817,-0.0469254,0.199285],[-0.046043,0.897992,0.437597],[-0.19949,-0.437503,0.87681]],[[0.980571,-0.0429906,0.191395],[0.174012,0.641029,-0.74753],[-0.0905528,0.766311,0.636056]],[[0.980571,-0.0429906,0.191395],[0.129202,-0.592621,-0.795052],[0.147604,0.804334,-0.575552]],[[0.980571,-0.0429906,0.191395],[0.0222249,-0.94506,-0.326142],[0.1949,0.324059,-0.925743]]],"btipPosition":[28.8856,237.123,6.02406],"carpPosition":[20.2483,271.598,55.1354],"dipPosition":[32.4552,243.058,-10.9307],"direction":[-0.147604,-0.804334,0.575552],"extended":false,"handId":473,"id":4733,"length":63.1552,"mcpPosition":[32.4974,298.461,1.29754],"pipPosition":[36.4633,264.9,-26.5595],"stabilizedTipPosition":[26.5688,242.894,-8.57547],"timeVisible":42.0922,"tipPosition":[29.7639,238.931,1.97804],"tipVelocity":[14.0697,-37.3961,76.0306],"tool":false,"touchDistance":0.333333,"touchZone":"none","type":3,"width":17.7198},{"bases":[[[0.943212,-0.244971,0.224365],[0.089317,0.837558,0.538999],[-0.319958,-0.488351,0.811875]],[[0.96334,-0.210097,0.166838],[0.265932,0.66566,-0.697263],[0.0354353,0.71607,0.697129]],[[0.96334,-0.210097,0.166838],[0.0210751,-0.560689,-0.827758],[0.267454,0.800929,-0.535707]],[[0.96334,-0.210097,0.166838],[-0.134957,-0.91696,-0.375461],[0.231867,0.33918,-0.911699]]],"btipPosition":[41.2367,248.593,10.7688],"carpPosition":[33.3241,266.742,55.403],"dipPosition":[45.1543,254.324,-4.63537],"direction":[-0.267454,-0.800929,0.535707],"extended":false,"handId":473,"id":4734,"length":49.5125,"mcpPosition":[51.5102,294.499,9.25669],"pipPosition":[50.282,269.68,-14.9061],"stabilizedTipPosition":[39.3246,254.293,-3.7396],"timeVisible":42.0922,"tipPosition":[42.2504,250.32,7.19795],"tipVelocity":[9.09463,-33.014,87.584],"tool":false,"touchDistance":0.333333,"touchZone":"none","type":4,"width":15.7401}],"r":[[0.787344,0.612946,0.066223],[-0.467413,0.663519,-0.584182],[-0.402012,0.428999,0.808917]],"s":1.2477,"t":[42.8502,-21.5086,-13.6643],"timestamp":93554343486},false],[4,{"currentFrameRate":55.3489,"devices":[],"gestures":[],"hands":[{"armBasis":[[0.950325,0.294668,-0.100265],[-0.255952,0.92311,0.286979],[0.177119,-0.247061,0.952675]],"armWidth":62.4607,"confidence":0.820823,"direction":[0.0418637,0.546387,-0.836486],"elbow":[65.5893,192.06,312.016],"grabStrength":0,"id":473,"palmNormal":[0.275578,-0.811058,-0.515986],"palmPosition":[14.9191,281.374,12.0363],"palmVelocity":[-0.886524,-16.5718,65.1139],"palmWidth":89.1918,"pinchStrength":0.554649,"r":[[0.786158,0.614391,0.066921],[-0.467007,0.661485,-0.586806],[-0.404796,0.43007,0.806957]],"s":1.24771,"sphereCenter":[-7.90659,257.656,-28.0147],"sphereRadius":52.6626,"stabilizedPalmPosition":[13.1762,284.503,4.75664],"t":[42.82,-21.788,-12.4942],"timeVisible":42.1103,"type":"right","wrist":[18.7121,257.448,59.8777]}],"id":1688931,"interactionBox":{"center":[0,200,0],"size":[235.247,235.247,147.751]},"pointables":[{"bases":[[[0.148134,0.916117,0.372539],[-0.912478,-0.0186533,0.408701],[0.381368,-0.400476,0.833173]],[[0.107116,0.953222,0.282654],[-0.913201,-0.0180993,0.407107],[0.39318,-0.301728,0.868545]],[[0.107116,0.953222,0.282654],[-0.937747,0.19133,-0.289868],[-0.330389,-0.234009,0.914376]],[[0.107116,0.953222,0.282654],[-0.542894,0.294243,-0.786566],[-0.832942,-0.069198,0.549017]]],"btipPosition":[5.5641,265.363,-33.5894],"carpPosition":[-5.34798,241.191,52.0645],"dipPosition":[-13.5445,263.776,-20.9944],"direction":[0.330389,0.234009,-0.914376],"extended":false,"handId":473,"id":4730,"length":51.0864,"mcpPosition":[-5.34798,241.191,52.0645],"pipPosition":[-24.5867,255.955,9.56565],"stabilizedTipPosition":[0.526145,266.173,-33.9719],"timeVisible":42.1103,"tipPosition":[1.09297,264.497,-30.9261],"tipVelocity":[9.80055,-15.378,66.4696],"tool":false,"touchDistance":-0.0814174,"touchZone":"touching","type":0,"width":19.8498},{"bases":[[[0.953762,0.29769,0.0414589],[-0.290327,0.876782,0.383358],[0.0777713,-0.377669,0.922669]],[[0.92007,0.365879,-0.140014],[-0.270866,0.852342,0.447375],[0.283025,-0.373692,0.883318]],[[0.92007,0.365879,-0.140014],[-0.3176,0.905884,0.280185],[0.229351,-0.213321,0.94968]],[[0.92007,0.365879,-0.140014],[-0.348146,0.927522,0.136002],[0.179627,-0.0763861,0.980765]]],"btipPosition":[-28.5682,313.426,-88.0253],"carpPosition":[-2.59824,264.119,54.6393],"dipPosition":[-25.5598,312.146,-71.5995],"direction":[-0.229351,0.213321,-0.94968],"extended":true,"handId":473,"id":4731,"length":57.6453,"mcpPosition":[-8.20676,291.355,-11.8995],"pipPosition":[-20.1259,307.092,-49.099],"stabilizedTipPosition":[-27.8512,313.214,-84.8511],"timeVisible":42.1103,"tipPosition":[-27.8542,312.858,-84.3222],"tipVelocity":[9.81468,-28.4782,56.9044],"tool":false,"touchDistance":-0.122736,"touchZone":"touching","type":1,"width":18.9605},{"bases":[[[0.990926,0.0900672,0.0997689],[-0.123124,0.905983,0.405012],[-0.0539107,-0.413621,0.908852]],[[0.991573,0.0957452,0.0872644],[0.00292699,0.656886,-0.753984],[-0.129513,0.747886,0.65107]],[[0.991573,0.0957452,0.0872644],[0.126549,-0.571833,-0.810551],[-0.0277057,0.814764,-0.57913]],[[0.991573,0.0957452,0.0872644],[0.118907,-0.940005,-0.319769],[0.0514126,0.327451,-0.943469]]],"btipPosition":[17.8918,233.563,-4.15383],"carpPosition":[8.26042,269.355,55.2412],"dipPosition":[18.8388,239.595,-21.5331],"direction":[0.0277057,-0.814764,0.57913],"extended":false,"handId":473,"id":4732,"length":65.6822,"mcpPosition":[11.9473,297.642,-6.91438],"pipPosition":[18.0665,262.306,-37.676],"stabilizedTipPosition":[14.516,239.755,-20.2056],"timeVisible":42.1103,"tipPosition":[18.0839,235.401,-8.40954],"tipVelocity":[14.6289,-17.6994,65.5969],"tool":false,"touchDistance":0.333333,"touchZone":"none","type":2,"width":18.6218},{"bases":[[[0.978635,-0.0403371,0.201609],[-0.0536682,0.896456,0.439871],[-0.198477,-0.441293,0.875138]],[[0.980404,-0.036312,0.193622],[0.171486,0.641054,-0.748093],[-0.0969573,0.766637,0.634719]],[[0.980404,-0.036312,0.193622],[0.134798,-0.593085,-0.793776],[0.143658,0.804321,-0.576568]],[[0.980404,-0.036312,0.193622],[0.0293389,-0.94499,-0.325782],[0.1948,0.325078,-0.925406]]],"btipPosition":[29.0342,237.292,7.13457],"carpPosition":[20.0696,271.566,56.0633],"dipPosition":[32.6019,243.245,-9.81401],"direction":[-0.143658,-0.804321,0.576568],"extended":false,"handId":473,"id":4733,"length":63.1552,"mcpPosition":[32.2565,298.662,2.32807],"pipPosition":[36.5028,265.086,-25.4704],"stabilizedTipPosition":[26.5948,242.861,-8.48212],"timeVisible":42.1103,"tipPosition":[29.923,239.08,3.0072],"tipVelocity":[11.2747,-15.0788,69.1134],"tool":false,"touchDistance":0.333333,"touchZone":"none","type":3,"width":17.7198},{"bases":[[[0.944411,-0.238703,0.226073],[0.0818759,0.836736,0.541451],[-0.318409,-0.492842,0.809767]],[[0.964412,-0.20356,0.168738],[0.262871,0.669562,-0.694684],[0.0284286,0.714318,0.699244]],[[0.964412,-0.20356,0.168738],[0.0275036,-0.557489,-0.829728],[0.262969,0.804841,-0.532051]],[[0.964412,-0.20356,0.168738],[-0.127046,-0.91645,-0.379446],[0.23188,0.344504,-0.909697]]],"btipPosition":[41.3329,248.807,11.6591],"carpPosition":[33.1797,266.805,56.3507],"dipPosition":[45.2507,254.628,-3.71124],"direction":[-0.262969,-0.804841,0.532051],"extended":false,"handId":473,"id":4734,"length":49.5125,"mcpPosition":[51.2778,294.817,10.3242],"pipPosition":[50.2924,270.059,-13.9119],"stabilizedTipPosition":[39.3404,254.271,-3.6753],"timeVisible":42.1103,"tipPosition":[42.3414,250.553,8.10855],"tipVelocity":[7.301,-11.1552,69.554],"tool":false,"touchDistance":0.333333,"touchZone":"none","type":4,"width":15.7401}],"r":[[0.786158,0.614391,0.066921],[-0.467007,0.661485,-0.586806],[-0.404796,0.43007,0.806957]],"s":1.24771,"t":[42.82,-21.788,-12.4942],"timestamp":93554361572},false],[5,{"currentFrameRate":55.3368,"devices":[],"gestures":[],"hands":[{"armBasis":[[0.948693,0.300769,-0.0975684],[-0.261711,0.920064,0.291529],[0.177452,-0.251037,0.951573]],"armWidth":62.4607,"confidence":0.829886,"direction":[0.0390125,0.548655,-0.835138],"elbow":[65.7207,191.016,312.182],"grabStrength":0,"id":473,"palmNormal":[0.280496,-0.808183,-0.517844],"palmPosition":[14.8421,281.476,12.5502],"palmVelocity":[-2.48897,-6.00479,47.6276],"palmWidth":89.1918,"pinchStrength":0.557016,"r":[[0.784483,0.616428,0.0678373],[-0.467396,0.659597,-0.588619],[-0.407587,0.430055,0.805559]],"s":1.24754,"sphereCenter":[-7.69382,257.66,-27.5939],"sphereRadius":52.6142,"stabilizedPalmPosition":[13.1893,284.479,4.81782],"t":[42.7663,-21.8766,-11.6521],"timeVisible":42.1284,"type":"right","wrist":[18.7554,257.456,60.3348]}],"id":1688932,"interactionBox":{"center":[0,200,0],"size":[235.247,235.247,147.751]},"pointables":[{"bases":[[[0.142654,0.916055,0.374825],[-0.912514,-0.0249563,0.408283],[0.383364,-0.400276,0.832353]],[[0.101719,0.952938,0.285591],[-0.913001,-0.0245847,0.407216],[0.395073,-0.302167,0.867533]],[[0.101719,0.952938,0.285591],[-0.93895,0.186814,-0.288919],[-0.328674,-0.238767,0.913763]],[[0.101719,0.952938,0.285591],[-0.542504,0.293772,-0.787011],[-0.833872,-0.0748803,0.546855]]],"btipPosition":[5.57684,265.562,-33.0621],"carpPosition":[-5.20659,241.078,52.4723],"dipPosition":[-13.5531,263.844,-20.5166],"direction":[0.328674,0.238767,-0.913763],"extended":false,"handId":473,"id":4730,"length":51.0864,"mcpPosition":[-5.20659,241.078,52.4723],"pipPosition":[-24.5379,255.864,10.023],"stabilizedTipPosition":[0.568375,266.108,-33.7256],"timeVisible":42.1284,"tipPosition":[1.11717,264.67,-30.4199],"tipVelocity":[5.34258,-3.63586,48.3939],"tool":false,"touchDistance":-0.0728179,"touchZone":"touching","type":0,"width":19.8498},{"bases":[[[0.951997,0.303132,0.0425711],[-0.295575,0.874143,0.38537],[0.0796048,-0.379454,0.92178]],[[0.918151,0.371363,-0.138159],[-0.276519,0.850275,0.447851],[0.283788,-0.372991,0.88337]],[[0.918151,0.371363,-0.138159],[-0.32348,0.903894,0.279887],[0.228821,-0.212287,0.95004]],[[0.918151,0.371363,-0.138159],[-0.353984,0.925443,0.135095],[0.178028,-0.0751317,0.981153]]],"btipPosition":[-28.6863,313.376,-87.5137],"carpPosition":[-2.59133,264.016,55.1039],"dipPosition":[-25.7047,312.118,-71.0814],"direction":[-0.228821,0.212287,-0.95004],"extended":true,"handId":473,"id":4731,"length":57.6453,"mcpPosition":[-8.33208,291.38,-11.3708],"pipPosition":[-20.2834,307.088,-48.5724],"stabilizedTipPosition":[-27.9007,313.172,-84.481],"timeVisible":42.1284,"tipPosition":[-28.0158,312.88,-83.781],"tipVelocity":[1.87892,-16.0987,43.3047],"tool":false,"touchDistance":-0.114185,"touchZone":"touching","type":1,"width":18.9605},{"bases":[[[0.990346,0.095588,0.100391],[-0.128553,0.904263,0.407163],[-0.0518603,-0.416138,0.907821]],[[0.990971,0.10137,0.0877483],[-0.00132241,0.66184,-0.749644],[-0.134067,0.74276,0.655998]],[[0.990971,0.10137,0.0877483],[0.12987,-0.563163,-0.816077],[-0.0333088,0.820104,-0.571244]],[[0.990971,0.10137,0.0877483],[0.124876,-0.936083,-0.328869],[0.0488023,0.336858,-0.94029]]],"btipPosition":[18.147,233.614,-4.11282],"carpPosition":[8.23644,269.313,55.723],"dipPosition":[19.0459,239.819,-21.4335],"direction":[0.0333088,-0.820104,0.571244],"extended":false,"handId":473,"id":4732,"length":65.6822,"mcpPosition":[11.7831,297.772,-6.36213],"pipPosition":[18.1175,262.679,-37.3566],"stabilizedTipPosition":[14.5387,239.727,-20.134],"timeVisible":42.1284,"tipPosition":[18.3114,235.487,-8.20429],"tipVelocity":[14.0815,-6.90036,35.8117],"tool":false,"touchDistance":0.333333,"touchZone":"none","type":2,"width":18.6218},{"bases":[[[0.978774,-0.035133,0.201909],[-0.0590569,0.895056,0.442027],[-0.19625,-0.444569,0.873982]],[[0.980544,-0.0310269,0.193831],[0.167967,0.643635,-0.746674],[-0.10159,0.764704,0.636324]],[[0.980544,-0.0310269,0.193831],[0.138639,-0.589591,-0.795715],[0.13897,0.807106,-0.573819]],[[0.980544,-0.0310269,0.193831],[0.0352919,-0.943476,-0.329557],[0.1931,0.329986,-0.924025]]],"btipPosition":[29.2214,237.437,7.52728],"carpPosition":[20.0322,271.591,56.5553],"dipPosition":[32.7579,243.481,-9.396],"direction":[-0.13897,-0.807106,0.573819],"extended":false,"handId":473,"id":4733,"length":63.1552,"mcpPosition":[32.0823,298.889,2.89104],"pipPosition":[36.5316,265.397,-24.9778],"stabilizedTipPosition":[26.6091,242.844,-8.43144],"timeVisible":42.1284,"tipPosition":[30.0967,239.252,3.42026],"tipVelocity":[10.6391,-3.54139,46.6939],"tool":false,"touchDistance":0.333333,"touchZone":"none","type":3,"width":17.7198},{"bases":[[[0.945695,-0.233754,0.225876],[0.0767924,0.835879,0.543516],[-0.315854,-0.496655,0.808437]],[[0.965519,-0.198345,0.168619],[0.259212,0.672422,-0.693295],[0.0241278,0.713097,0.70065]],[[0.965519,-0.198345,0.168619],[0.0310087,-0.555476,-0.830955],[0.258479,0.807531,-0.530172]],[[0.965519,-0.198345,0.168619],[-0.121541,-0.916221,-0.381793],[0.230219,0.348134,-0.908736]]],"btipPosition":[41.4408,249.054,12.1195],"carpPosition":[33.1697,266.905,56.8365],"dipPosition":[45.3307,254.936,-3.23465],"direction":[-0.258479,-0.807531,0.530172],"extended":false,"handId":473,"id":4734,"length":49.5125,"mcpPosition":[51.1226,295.135,10.8856],"pipPosition":[50.2863,270.419,-13.3992],"stabilizedTipPosition":[39.3482,254.261,-3.64341],"timeVisible":42.1284,"tipPosition":[42.4402,250.811,8.56809],"tipVelocity":[6.49406,1.00979,48.6474],"tool":false,"touchDistance":0.333333,"touchZone":"none","type":4,"width":15.7401}],"r":[[0.784483,0.616428,0.0678373],[-0.467396,0.659597,-0.588619],[-0.407587,0.430055,0.805559]],"s":1.24754,"t":[42.7663,-21.8766,-11.6521],"timestamp":93554379685},false],[6,{"currentFrameRate":55.3512,"devices":[],"gestures":[],"hands":[{"armBasis":[[0.947728,0.304731,-0.0946125],[-0.265458,0.917524,0.29611],[0.177043,-0.255516,0.950456]],"armWidth":62.4607,"confidence":0.837594,"direction":[0.0375329,0.54937,-0.834736],"elbow":[65.6033,189.858,312.289],"grabStrength":0,"id":473,"palmNormal":[0.283505,-0.806856,-0.518274],"palmPosition":[14.7736,281.524,12.9681],"palmVelocity":[-3.11198,-1.89244,36.046],"palmWidth":89.1918,"pinchStrength":0.555348,"r":[[0.782709,0.618582,0.0687266],[-0.468095,0.657847,-0.590021],[-0.410188,0.429644,0.804457]],"s":1.2472,"sphereCenter":[-7.46418,257.581,-27.2148],"sphereRadius":52.5345,"stabilizedPalmPosition":[13.1951,284.468,4.84751],"t":[42.7052,-21.8969,-11.0222],"timeVisible":42.1464,"type":"right","wrist":[18.7463,257.484,60.7378]}],"id":1688933,"interactionBox":{"center":[0,200,0],"size":[235.247,235.247,147.751]},"pointables":[{"bases":[[[0.139341,0.916274,0.375533],[-0.912618,-0.0283628,0.407829],[0.384335,-0.399546,0.832256]],[[0.0984977,0.952948,0.286686],[-0.912885,-0.0281591,0.407244],[0.396155,-0.301824,0.867158]],[[0.0984977,0.952948,0.286686],[-0.939441,0.18407,-0.289083],[-0.328251,-0.240851,0.913369]],[[0.0984977,0.952948,0.286686],[-0.541429,0.293034,-0.788026],[-0.834957,-0.0776015,0.544817]]],"btipPosition":[5.58543,265.629,-32.6036],"carpPosition":[-5.15581,241.03,52.8524],"dipPosition":[-13.5694,263.848,-20.105],"direction":[0.328251,0.240851,-0.913369],"extended":false,"handId":473,"id":4730,"length":51.0864,"mcpPosition":[-5.15581,241.03,52.8524],"pipPosition":[-24.5401,255.799,10.4214],"stabilizedTipPosition":[0.586664,266.081,-33.6061],"timeVisible":42.1464,"tipPosition":[1.12542,264.731,-29.9826],"tipVelocity":[2.88499,-0.523553,37.2304],"tool":false,"touchDistance":-0.0653569,"touchZone":"touching","type":0,"width":19.8498},{"bases":[[[0.950935,0.306356,0.0432379],[-0.298746,0.872857,0.385839],[0.0804637,-0.379825,0.921552]],[[0.917125,0.37438,-0.136827],[-0.280513,0.85008,0.445732],[0.283187,-0.37041,0.884647]],[[0.917125,0.37438,-0.136827],[-0.327641,0.903548,0.276139],[0.227011,-0.208424,0.951328]],[[0.917125,0.37438,-0.136827],[-0.358017,0.924602,0.130136],[0.175231,-0.0703648,0.98201]]],"btipPosition":[-28.6622,313.082,-87.1986],"carpPosition":[-2.62027,263.975,55.5014],"dipPosition":[-25.7274,311.903,-70.752],"direction":[-0.227011,0.208424,-0.951328],"extended":true,"handId":473,"id":4731,"length":57.6453,"mcpPosition":[-8.42296,291.366,-10.957],"pipPosition":[-20.3489,306.965,-48.2124],"stabilizedTipPosition":[-27.9203,313.09,-84.2399],"timeVisible":42.1464,"tipPosition":[-28.054,312.711,-83.4185],"tipVelocity":[1.34009,-15.7329,31.1533],"tool":false,"touchDistance":-0.108878,"touchZone":"touching","type":1,"width":18.9605},{"bases":[[[0.989965,0.098904,0.100931],[-0.131839,0.903533,0.407733],[-0.0508684,-0.416949,0.907506]],[[0.990581,0.104737,0.0882054],[-0.00306928,0.660984,-0.750394],[-0.136896,0.743055,0.655079]],[[0.990581,0.104737,0.0882054],[0.132177,-0.563119,-0.815737],[-0.0357674,0.819712,-0.571658]],[[0.990581,0.104737,0.0882054],[0.128229,-0.935502,-0.329233],[0.0480336,0.337442,-0.94012]]],"btipPosition":[18.2481,233.651,-3.63306],"carpPosition":[8.18902,269.308,56.1293],"dipPosition":[19.1329,239.866,-20.9506],"direction":[0.0357674,-0.819712,0.571658],"extended":false,"handId":473,"id":4732,"length":65.6822,"mcpPosition":[11.6679,297.823,-5.93424],"pipPosition":[18.1359,262.715,-36.8853],"stabilizedTipPosition":[14.5526,239.711,-20.0892],"timeVisible":42.1464,"tipPosition":[18.4104,235.523,-7.755],"tipVelocity":[9.98111,-2.58963,31.4767],"tool":false,"touchDistance":0.333333,"touchZone":"none","type":2,"width":18.6218},{"bases":[[[0.978792,-0.0319269,0.202352],[-0.0623281,0.894539,0.442624],[-0.195144,-0.445849,0.873577]],[[0.980587,-0.0277265,0.194116],[0.165781,0.645919,-0.745188],[-0.104722,0.762902,0.637976]],[[0.980587,-0.0277265,0.194116],[0.141663,-0.584303,-0.799076],[0.135578,0.811062,-0.569032]],[[0.980587,-0.0277265,0.194116],[0.039928,-0.940979,-0.336102],[0.191978,0.337328,-0.921604]]],"btipPosition":[29.3476,237.388,7.71896],"carpPosition":[19.9765,271.626,56.9688],"dipPosition":[32.8636,243.566,-9.15999],"direction":[-0.135578,-0.811062,0.569032],"extended":false,"handId":473,"id":4733,"length":63.1552,"mcpPosition":[31.9587,299.002,3.32941],"pipPosition":[36.5452,265.59,-24.6118],"stabilizedTipPosition":[26.618,242.834,-8.40073],"timeVisible":42.1464,"tipPosition":[30.198,239.255,3.70814],"tipVelocity":[8.79294,-2.3456,29.869],"tool":false,"touchDistance":0.333333,"touchZone":"none","type":3,"width":17.7198},{"bases":[[[0.946381,-0.230676,0.226165],[0.0736746,0.835755,0.544137],[-0.314538,-0.498298,0.807938]],[[0.966124,-0.195134,0.168901],[0.257187,0.673599,-0.692906],[0.0214378,0.712873,0.700966]],[[0.966124,-0.195134,0.168901],[0.0333117,-0.554693,-0.831388],[0.25592,0.80885,-0.529402]],[[0.966124,-0.195134,0.168901],[-0.118128,-0.916232,-0.382837],[0.229457,0.349916,-0.908244]]],"btipPosition":[41.4813,249.18,12.5303],"carpPosition":[33.1298,266.985,57.253],"dipPosition":[45.3583,255.092,-2.81552],"direction":[-0.25592,-0.80885,0.529402],"extended":false,"handId":473,"id":4734,"length":49.5125,"mcpPosition":[51.0079,295.308,11.3304],"pipPosition":[50.2649,270.6,-12.9653],"stabilizedTipPosition":[39.3521,254.256,-3.62696],"timeVisible":42.1464,"tipPosition":[42.4755,250.942,8.98016],"tipVelocity":[4.40333,4.01935,36.4447],"tool":false,"touchDistance":0.333333,"touchZone":"none","type":4,"width":15.7401}],"r":[[0.782709,0.618582,0.0687266],[-0.468095,0.657847,-0.590021],[-0.410188,0.429644,0.804457]],"s":1.2472,"t":[42.7052,-21.8969,-11.0222],"timestamp":93