{"sensorType":"Leap","data":[[0,{"currentFrameRate":55.4121,"devices":[],"gestures":[],"hands":[{"armBasis":[[0.994143,0.0994416,-0.0423305],[-0.0856046,0.96361,0.253236],[0.0659723,-0.248129,0.966478]],"armWidth":62.4607,"confidence":0.453097,"direction":[-0.0752755,0.844678,-0.529955],"elbow":[45.701,160.885,276.419],"grabStrength":0,"id":473,"palmNormal":[0.0466739,-0.527895,-0.848026],"palmPosition":[17.0109,268.37,-11.0139],"palmVelocity":[24.3508,-5.32195,17.8907],"palmWidth":89.1918,"pinchStrength":0.512406,"r":[[0.849678,0.515758,0.109732],[-0.497716,0.853172,-0.156129],[-0.174145,0.0780438,0.981622]],"s":1.23596,"sphereCenter":[-4.69624,261.433,-52.5559],"sphereRadius":47.6476,"stabilizedPalmPosition":[15.9956,268.593,-11.7431],"t":[44.4475,-34.9726,-34.694],"timeVisible":40.3929,"type":"right","wrist":[28.2405,226.556,20.6268]}],"id":1688836,"interactionBox":{"center":[0,200,0],"size":[235.247,235.247,147.751]},"pointables":[{"bases":[[[0.344381,0.672629,0.65496],[-0.793127,-0.164847,0.586324],[0.502346,-0.721385,0.47671]],[[0.266475,0.771724,0.577437],[-0.780682,-0.17854,0.598881],[0.565267,-0.610381,0.554895]],[[0.266475,0.771724,0.577437],[-0.957542,0.280349,0.0672081],[-0.110018,-0.570829,0.813665]],[[0.266475,0.771724,0.577437],[-0.695528,0.568714,-0.439096],[-0.667257,-0.284616,0.688304]]],"btipPosition":[-7.52222,271.133,-56.7006],"carpPosition":[1.15231,215.659,13.4356],"dipPosition":[-22.8298,264.604,-40.9102],"direction":[0.110018,0.570829,-0.813665],"extended":false,"handId":473,"id":4730,"length":51.0864,"mcpPosition":[1.15231,215.659,13.4356],"pipPosition":[-26.5068,245.526,-13.716],"stabilizedTipPosition":[-11.0583,269.632,-53.0763],"timeVisible":40.3929,"tipPosition":[-11.4475,269.348,-52.9021],"tipVelocity":[32.06,-1.83262,13.8606],"tool":false,"touchDistance":-0.222421,"touchZone":"touching","type":0,"width":19.8498},{"bases":[[[0.96929,0.229136,-0.0892891],[-0.0819742,0.64337,0.761154],[0.231854,-0.73046,0.642396]],[[0.920331,0.341942,-0.189911],[-0.151842,0.759791,0.632188],[0.360464,-0.552986,0.751181]],[[0.920331,0.341942,-0.189911],[-0.222345,0.856816,0.465219],[0.321796,-0.385929,0.864584]],[[0.920331,0.341942,-0.189911],[-0.269322,0.906092,0.326285],[0.283648,-0.249143,0.925998]]],"btipPosition":[-36.9323,324.619,-89.826],"carpPosition":[7.34303,235.337,24.1284],"dipPosition":[-32.1818,320.446,-74.3174],"direction":[-0.321796,0.385929,-0.864584],"extended":true,"handId":473,"id":4731,"length":57.6453,"mcpPosition":[-9.37727,288.015,-22.1984],"pipPosition":[-24.5576,311.303,-53.8331],"stabilizedTipPosition":[-35.8722,323.675,-86.2604],"timeVisible":40.3929,"tipPosition":[-35.9746,324.126,-85.9296],"tipVelocity":[39.0936,-14.7569,4.91971],"tool":false,"touchDistance":-0.154105,"touchZone":"touching","type":1,"width":18.9605},{"bases":[[[0.991381,0.0152832,-0.130119],[0.0881862,0.656653,0.749019],[0.0968906,-0.754038,0.649645]],[[0.989847,0.0263822,-0.139669],[-0.0907751,0.87347,-0.478341],[0.109377,0.486162,0.866996]],[[0.989847,0.0263822,-0.139669],[-0.116521,-0.412136,-0.903641],[-0.0814026,0.91074,-0.404877]],[[0.989847,0.0263822,-0.139669],[-0.0416805,-0.885552,-0.462666],[-0.13589,0.46379,-0.875461]]],"btipPosition":[11.6239,234.237,-34.0187],"carpPosition":[18.6458,239.568,23.9615],"dipPosition":[9.12075,242.78,-50.1452],"direction":[0.0814026,-0.91074,0.404877],"extended":false,"handId":473,"id":4732,"length":65.6822,"mcpPosition":[12.0195,291.136,-20.4672],"pipPosition":[6.8517,268.166,-61.4309],"stabilizedTipPosition":[10.0371,236.398,-38.5323],"timeVisible":40.3929,"tipPosition":[11.0307,236.223,-37.6288],"tipVelocity":[25.5115,-4.53732,20.8402],"tool":false,"touchDistance":0.333333,"touchZone":"none","type":2,"width":18.6218},{"bases":[[[0.985346,-0.145391,-0.089192],[0.161834,0.631695,0.758137],[-0.0538844,-0.761461,0.645967]],[[0.98642,-0.125382,-0.106093],[0.049093,0.841492,-0.538035],[0.156737,0.52552,0.836219]],[[0.98642,-0.125382,-0.106093],[-0.15278,-0.463344,-0.87291],[0.0602897,0.877264,-0.476207]],[[0.98642,-0.125382,-0.106093],[-0.158625,-0.894782,-0.417377],[-0.0425987,0.428538,-0.902519]]],"btipPosition":[26.1127,233.006,-24.2858],"carpPosition":[30.5256,240.937,22.5408],"dipPosition":[25.3326,240.855,-40.8153],"direction":[-0.0602897,-0.877264,0.476207],"extended":false,"handId":473,"id":4733,"length":63.1552,"mcpPosition":[33.8342,287.693,-17.1229],"pipPosition":[26.9697,264.677,-53.7464],"stabilizedTipPosition":[24.8782,234.939,-29.0412],"timeVisible":40.3929,"tipPosition":[25.888,234.784,-28.1084],"tipVelocity":[25.1252,-2.56591,24.1589],"tool":false,"touchDistance":0.333333,"touchZone":"none","type":3,"width":17.7198},{"bases":[[[0.932111,-0.334907,-0.137861],[0.307721,0.53162,0.789106],[-0.190988,-0.777957,0.598587]],[[0.945398,-0.264433,-0.19052],[0.149492,0.871273,-0.467477],[0.289612,0.413471,0.863231]],[[0.945398,-0.264433,-0.19052],[-0.277939,-0.348832,-0.895023],[0.170214,0.899106,-0.403281]],[[0.945398,-0.264433,-0.19052],[-0.324545,-0.817428,-0.475901],[-0.029893,0.511748,-0.858615]]],"btipPosition":[40.7024,240.167,-24.1646],"carpPosition":[42.6432,236.164,17.5394],"dipPosition":[40.1973,248.814,-38.6719],"direction":[-0.170214,-0.899106,0.403281],"extended":false,"handId":473,"id":4734,"length":49.5125,"mcpPosition":[53.4988,280.383,-16.4838],"pipPosition":[43.4607,266.052,-46.4037],"stabilizedTipPosition":[39.5108,242.472,-28.4172],"timeVisible":40.3929,"tipPosition":[40.5329,242.186,-27.5334],"tipVelocity":[24.3978,-7.12725,20.9576],"tool":false,"touchDistance":0.333333,"touchZone":"none","type":4,"width":15.7401}],"r":[[0.849678,0.515758,0.109732],[-0.497716,0.853172,-0.156129],[-0.174145,0.0780438,0.981622]],"s":1.23596,"t":[44.4475,-34.9726,-34.694],"timestamp":93552644231},false],[1,{"currentFrameRate":55.3961,"devices":[],"gestures":[],"hands":[{"armBasis":[[0.994264,0.0980519,-0.0427256],[-0.0841604,0.963741,0.25322],[0.0660051,-0.248172,0.966465]],"armWidth":62.4607,"confidence":0.448992,"direction":[-0.0735858,0.844055,-0.531183],"elbow":[45.8716,160.832,276.652],"grabStrength":0,"id":473,"palmNormal":[0.0463254,-0.529159,-0.847257],"palmPosition":[17.2597,268.301,-10.8421],"palmVelocity":[19.3036,-4.58858,13.8919],"palmWidth":89.1918,"pinchStrength":0.510212,"r":[[0.850025,0.51506,0.110321],[-0.497035,0.853638,-0.15575],[-0.174395,0.0775583,0.981617]],"s":1.23524,"sphereCenter":[-4.2335,261.288,-52.4397],"sphereRadius":47.5847,"stabilizedPalmPosition":[16.2057,268.545,-11.5934],"t":[44.7889,-35.0564,-34.4482],"timeVisible":40.411,"type":"right","wrist":[28.4025,226.514,20.8639]}],"id":1688837,"interactionBox":{"center":[0,200,0],"size":[235.247,235.247,147.751]},"pointables":[{"bases":[[[0.34508,0.672987,0.654224],[-0.793745,-0.162737,0.586076],[0.500888,-0.72153,0.478023]],[[0.268011,0.77139,0.577172],[-0.781611,-0.176156,0.598376],[0.563253,-0.611495,0.555715]],[[0.268011,0.77139,0.577172],[-0.956871,0.282845,0.0663028],[-0.112105,-0.570049,0.813927]],[[0.268011,0.77139,0.577172],[-0.695944,0.569288,-0.437691],[-0.666207,-0.284373,0.68942]]],"btipPosition":[-7.22942,271.148,-56.539],"carpPosition":[1.3009,215.651,13.6716],"dipPosition":[-22.5129,264.624,-40.723],"direction":[0.112105,0.570049,-0.813927],"extended":false,"handId":473,"id":4730,"length":51.0864,"mcpPosition":[1.3009,215.651,13.6716],"pipPosition":[-26.2597,245.572,-13.5201],"stabilizedTipPosition":[-10.7608,269.646,-52.9104],"timeVisible":40.411,"tipPosition":[-11.1399,269.339,-52.7472],"tipVelocity":[24.6456,-0.544809,11.6652],"tool":false,"touchDistance":-0.219631,"touchZone":"touching","type":0,"width":19.8498},{"bases":[[[0.969715,0.227437,-0.0890264],[-0.081386,0.644569,0.760202],[0.230282,-0.729933,0.643558]],[[0.921276,0.339682,-0.189383],[-0.151921,0.7626,0.628778],[0.358008,-0.550507,0.75417]],[[0.921276,0.339682,-0.189383],[-0.222703,0.859995,0.459143],[0.318831,-0.380821,0.867941]],[[0.921276,0.339682,-0.189383],[-0.269694,0.908857,0.318189],[0.280205,-0.242064,0.928919]]],"btipPosition":[-36.4135,324.234,-89.952],"carpPosition":[7.51715,235.334,24.3406],"dipPosition":[-31.7207,320.18,-74.3945],"direction":[-0.318831,0.380821,-0.867941],"extended":true,"handId":473,"id":4731,"length":57.6453,"mcpPosition":[-9.08978,287.973,-22.07],"pipPosition":[-24.1667,311.157,-53.8306],"stabilizedTipPosition":[-35.3489,323.312,-86.3706],"timeVisible":40.411,"tipPosition":[-35.5014,323.827,-86.0049],"tipVelocity":[33.778,-17.1438,-0.435758],"tool":false,"touchDistance":-0.156017,"touchZone":"touching","type":1,"width":18.9605},{"bases":[[[0.991482,0.0134917,-0.129544],[0.088803,0.657559,0.748151],[0.0952763,-0.753282,0.65076]],[[0.989948,0.0247447,-0.139252],[-0.0893766,0.872518,-0.480338],[0.109614,0.487956,0.865958]],[[0.989948,0.0247447,-0.139252],[-0.116559,-0.414927,-0.902358],[-0.0801079,0.909518,-0.407872]],[[0.989948,0.0247447,-0.139252],[-0.0424926,-0.887053,-0.459709],[-0.134899,0.461005,-0.877084]]],"btipPosition":[11.8499,234.164,-33.7194],"carpPosition":[18.8269,239.546,24.1745],"dipPosition":[9.36495,242.656,-49.8758],"direction":[0.0801079,-0.909518,0.407872],"extended":false,"handId":473,"id":4732,"length":65.6822,"mcpPosition":[12.311,291.063,-20.3304],"pipPosition":[7.13199,268.008,-61.245],"stabilizedTipPosition":[10.2355,236.353,-38.357],"timeVisible":40.411,"tipPosition":[11.2548,236.134,-37.3714],"tipVelocity":[19.4209,-4.60741,18.6075],"tool":false,"touchDistance":0.333333,"touchZone":"none","type":2,"width":18.6218},{"bases":[[[0.985162,-0.147115,-0.0883947],[0.162405,0.632494,0.757348],[-0.0555083,-0.760466,0.647001]],[[0.98629,-0.126835,-0.105574],[0.0503005,0.840365,-0.539683],[0.157171,0.526973,0.835223]],[[0.98629,-0.126835,-0.105574],[-0.153264,-0.466853,-0.870953],[0.0611794,0.875192,-0.479891]],[[0.98629,-0.126835,-0.105574],[-0.159514,-0.896668,-0.412968],[-0.0422862,0.424146,-0.904606]]],"btipPosition":[26.3477,232.975,-23.9491],"carpPosition":[30.7097,240.894,22.7591],"dipPosition":[25.5732,240.743,-40.5167],"direction":[-0.0611794,-0.875192,0.479891],"extended":false,"handId":473,"id":4733,"length":63.1552,"mcpPosition":[34.1181,287.588,-16.9681],"pipPosition":[27.2345,264.509,-53.548],"stabilizedTipPosition":[25.0484,234.916,-28.8723],"timeVisible":40.411,"tipPosition":[26.1146,234.714,-27.82],"tipVelocity":[19.3791,-2.65462,21.2817],"tool":false,"touchDistance":0.333333,"touchZone":"none","type":3,"width":17.7198},{"bases":[[[0.931649,-0.336613,-0.13683],[0.30811,0.532226,0.788545],[-0.19261,-0.776806,0.599561]],[[0.945088,-0.266188,-0.189614],[0.151137,0.870392,-0.468588],[0.289771,0.4142,0.862828]],[[0.945088,-0.266188,-0.189614],[-0.277985,-0.349661,-0.894685],[0.171854,0.898265,-0.404457]],[[0.945088,-0.266188,-0.189614],[-0.325562,-0.817602,-0.474907],[-0.0286137,0.51056,-0.859366]]],"btipPosition":[40.9154,240.043,-23.9385],"carpPosition":[42.8225,236.095,17.7717],"dipPosition":[40.4319,248.669,-38.4585],"direction":[-0.171854,-0.898265,0.404457],"extended":false,"handId":473,"id":4734,"length":49.5125,"mcpPosition":[53.7703,280.248,-16.3069],"pipPosition":[43.7268,265.891,-46.2128],"stabilizedTipPosition":[39.6955,242.409,-28.2545],"timeVisible":40.411,"tipPosition":[40.7505,242.056,-27.3103],"tipVelocity":[18.5172,-7.12756,16.8507],"tool":false,"touchDistance":0.333333,"touchZone":"none","type":4,"width":15.7401}],"r":[[0.850025,0.51506,0.110321],[-0.497035,0.853638,-0.15575],[-0.174395,0.0775583,0.981617]],"s":1.23524,"t":[44.7889,-35.0564,-34.4482],"timestamp":93552662338},false],[2,{"currentFrameRate":55.3934,"devices":[],"gestures":[],"hands":[{"armBasis":[[0.994242,0.0982176,-0.0428413],[-0.0845342,0.964632,0.249677],[0.0658488,-0.244618,0.967381]],"armWidth":62.4607,"confidence":0.453086,"direction":[-0.0738243,0.844103,-0.531074],"elbow":[46.1741,161.583,277.391],"grabStrength":0,"id":473,"palmNormal":[0.0465009,-0.529034,-0.847325],"palmPosition":[17.5919,268.113,-10.3408],"palmVelocity":[18.8694,-7.3557,20.4751],"palmWidth":89.1918,"pinchStrength":0.505138,"r":[[0.850272,0.514548,0.110809],[-0.49654,0.853985,-0.155427],[-0.174604,0.0771338,0.981613]],"s":1.23483,"sphereCenter":[-3.78616,261.074,-51.9614],"sphereRadius":47.5512,"stabilizedPalmPosition":[16.3719,268.493,-11.4432],"t":[45.1257,-35.1923,-34.0747],"timeVisible":40.4291,"type":"right","wrist":[28.7463,226.325,21.36]}],"id":1688838,"interactionBox":{"center":[0,200,0],"size":[235.247,235.247,147.751]},"pointables":[{"bases":[[[0.344866,0.673003,0.65432],[-0.79371,-0.163049,0.586037],[0.501091,-0.721444,0.477939]],[[0.268186,0.770925,0.577711],[-0.781903,-0.176124,0.598004],[0.562765,-0.61209,0.555555]],[[0.268186,0.770925,0.577711],[-0.956872,0.282683,0.0669742],[-0.111677,-0.570758,0.813489]],[[0.268186,0.770925,0.577711],[-0.700007,0.567943,-0.432932],[-0.661866,-0.288296,0.691968]]],"btipPosition":[-6.97221,271.094,-56.081],"carpPosition":[1.64812,215.455,14.1656],"dipPosition":[-22.1561,264.481,-40.2065],"direction":[0.111677,0.570758,-0.813489],"extended":false,"handId":473,"id":4730,"length":51.0864,"mcpPosition":[1.64812,215.455,14.1656],"pipPosition":[-25.8886,245.405,-13.0183],"stabilizedTipPosition":[-10.5169,269.586,-52.5148],"timeVisible":40.4291,"tipPosition":[-10.8204,269.236,-52.2708],"tipVelocity":[20.3064,-2.23034,18.5231],"tool":false,"touchDistance":-0.211772,"touchZone":"touching","type":0,"width":19.8498},{"bases":[[[0.969649,0.227737,-0.0889752],[-0.0815937,0.644445,0.760285],[0.230484,-0.72995,0.643468]],[[0.921286,0.339789,-0.189145],[-0.152581,0.76321,0.627877],[0.357703,-0.549594,0.75498]],[[0.921286,0.339789,-0.189145],[-0.223755,0.860963,0.456811],[0.318066,-0.378531,0.869223]],[[0.921286,0.339789,-0.189145],[-0.270902,0.909703,0.314725],[0.279006,-0.238712,0.930146]]],"btipPosition":[-36.0359,323.89,-89.5337],"carpPosition":[7.8583,235.138,24.8374],"dipPosition":[-31.3631,319.893,-73.9557],"direction":[-0.318066,0.378531,-0.869223],"extended":true,"handId":473,"id":4731,"length":57.6453,"mcpPosition":[-8.76322,287.779,-21.5667],"pipPosition":[-23.8273,310.924,-53.3614],"stabilizedTipPosition":[-34.974,322.982,-85.9647],"timeVisible":40.4291,"tipPosition":[-35.1388,323.515,-85.5721],"tipVelocity":[27.543,-17.6896,10.893],"tool":false,"touchDistance":-0.148967,"touchZone":"touching","type":1,"width":18.9605},{"bases":[[[0.991481,0.0138026,-0.12952],[0.0885917,0.657487,0.74824],[0.0954853,-0.75334,0.650663]],[[0.989913,0.0252667,-0.139408],[-0.0901325,0.871487,-0.482066],[0.109312,0.489768,0.864973]],[[0.989913,0.0252667,-0.139408],[-0.116184,-0.418345,-0.900827],[-0.0810814,0.907937,-0.411189]],[[0.989913,0.0252667,-0.139408],[-0.0416105,-0.888727,-0.456544],[-0.135431,0.45774,-0.878711]]],"btipPosition":[12.2267,233.994,-33.0462],"carpPosition":[19.1668,239.354,24.6721],"dipPosition":[9.73196,242.426,-49.2326],"direction":[0.0810814,-0.907937,0.411189],"extended":false,"handId":473,"id":4732,"length":65.6822,"mcpPosition":[12.6366,290.874,-19.8262],"pipPosition":[7.47186,267.734,-60.6943],"stabilizedTipPosition":[10.387,236.308,-38.1873],"timeVisible":40.4291,"tipPosition":[11.6185,235.95,-36.774],"tipVelocity":[20.0461,-7.24632,27.2892],"tool":false,"touchDistance":0.333333,"touchZone":"none","type":2,"width":18.6218},{"bases":[[[0.985207,-0.146812,-0.0883924],[0.162201,0.632443,0.757434],[-0.0552971,-0.760567,0.6469]],[[0.986333,-0.126439,-0.105644],[0.0499835,0.840581,-0.539375],[0.157001,0.526723,0.835412]],[[0.986333,-0.126439,-0.105644],[-0.153152,-0.467097,-0.870842],[0.0607624,0.875119,-0.480077]],[[0.986333,-0.126439,-0.105644],[-0.159161,-0.896962,-0.412464],[-0.0426072,0.423642,-0.904827]]],"btipPosition":[26.6989,232.815,-23.4441],"carpPosition":[31.0493,240.706,23.2571],"dipPosition":[25.9186,240.574,-40.0158],"direction":[-0.0607624,-0.875119,0.480077],"extended":false,"handId":473,"id":4733,"length":63.1552,"mcpPosition":[34.4446,287.406,-16.4639],"pipPosition":[27.5685,264.337,-53.0521],"stabilizedTipPosition":[25.1826,234.887,-28.7248],"timeVisible":40.4291,"tipPosition":[26.4628,234.545,-27.3174],"tipVelocity":[19.3753,-5.66073,24.4279],"tool":false,"touchDistance":0.333333,"touchZone":"none","type":3,"width":17.7198},{"bases":[[[0.931752,-0.336319,-0.136853],[0.307935,0.532214,0.788622],[-0.192393,-0.776942,0.599455]],[[0.945179,-0.265821,-0.189673],[0.150815,0.870516,-0.468461],[0.28964,0.414174,0.862884]],[[0.945179,-0.265821,-0.189673],[-0.277901,-0.349746,-0.894678],[0.171487,0.898341,-0.404444]],[[0.945179,-0.265821,-0.189673],[-0.325274,-0.817742,-0.474863],[-0.0288745,0.510526,-0.859377]]],"btipPosition":[41.2601,239.866,-23.4368],"carpPosition":[43.1636,235.91,18.2693],"dipPosition":[40.7722,248.492,-37.957],"direction":[-0.171487,-0.898341,0.404444],"extended":false,"handId":473,"id":4734,"length":49.5125,"mcpPosition":[54.0991,280.071,-15.8032],"pipPosition":[44.06,265.716,-45.7111],"stabilizedTipPosition":[39.8452,242.351,-28.1021],"timeVisible":40.4291,"tipPosition":[41.0934,241.878,-26.8097],"tipVelocity":[18.7596,-8.38909,22.0375],"tool":false,"touchDistance":0.333333,"touchZone":"none","type":4,"width":15.7401}],"r":[[0.850272,0.514548,0.110809],[-0.49654,0.853985,-0.155427],[-0.174604,0.0771338,0.981613]],"s":1.23483,"t":[45.1257,-35.1923,-34.0747],"timestamp":93552680400},false],[3,{"currentFrameRate":55.2806,"devices":[],"gestures":[],"hands":[{"armBasis":[[0.994302,0.0971722,-0.0438374],[-0.0833421,0.964987,0.248707],[0.0664699,-0.243636,0.967586]],"armWidth":62.4607,"confidence":0.456648,"direction":[-0.0738207,0.843272,-0.532393],"elbow":[46.6539,161.539,278.101],"grabStrength":0,"id":473,"palmNormal":[0.0448793,-0.5305,-0.846496],"palmPosition":[17.9001,267.766,-9.74039],"palmVelocity":[17.8125,-12.8881,26.276],"palmWidth":89.1918,"pinchStrength":0.502148,"r":[[0.850588,0.514028,0.110793],[-0.496038,0.854296,-0.155319],[-0.174488,0.0771552,0.981632]],"s":1.2345,"sphereCenter":[-3.42961,260.666,-51.3162],"sphereRadius":47.5074,"stabilizedPalmPosition":[16.5005,268.432,-11.2999],"t":[45.4482,-35.4341,-33.5877],"timeVisible":40.4476,"type":"right","wrist":[29.0618,226.021,22.0154]}],"id":1688839,"interactionBox":{"center":[0,200,0],"size":[235.247,235.247,147.751]},"pointables":[{"bases":[[[0.346347,0.673803,0.652712],[-0.793046,-0.161372,0.587398],[0.501121,-0.721074,0.478466]],[[0.269424,0.771914,0.575812],[-0.782533,-0.173015,0.598087],[0.561295,-0.611731,0.557434]],[[0.269424,0.771914,0.575812],[-0.956407,0.284435,0.0662016],[-0.112679,-0.568547,0.814897]],[[0.269424,0.771914,0.575812],[-0.701877,0.566792,-0.431411],[-0.659378,-0.287917,0.694496]]],"btipPosition":[-6.6277,270.702,-55.5671],"carpPosition":[1.94431,215.162,14.8765],"dipPosition":[-21.7545,264.097,-39.6346],"direction":[0.112679,0.568547,-0.814897],"extended":false,"handId":473,"id":4730,"length":51.0864,"mcpPosition":[1.94431,215.162,14.8765],"pipPosition":[-25.5205,245.095,-12.3993],"stabilizedTipPosition":[-10.2505,269.324,-52.117],"timeVisible":40.4476,"tipPosition":[-10.4837,268.862,-51.7085],"tipVelocity":[19.8465,-11.3583,23.3544],"tool":false,"touchDistance":-0.202985,"touchZone":"touching","type":0,"width":19.8498},{"bases":[[[0.969723,0.226743,-0.0906875],[-0.0799915,0.645794,0.759309],[0.230734,-0.729066,0.64438]],[[0.92146,0.338416,-0.19075],[-0.15127,0.764848,0.626198],[0.357811,-0.548162,0.75597]],[[0.92146,0.338416,-0.19075],[-0.222845,0.86268,0.454007],[0.3182,-0.375842,0.87034]],[[0.92146,0.338416,-0.19075],[-0.270241,0.91116,0.311059],[0.279071,-0.23508,0.931052]]],"btipPosition":[-35.7348,323.362,-89.0136],"carpPosition":[8.1862,234.858,25.5066],"dipPosition":[-31.0609,319.425,-73.4204],"direction":[-0.3182,0.375842,-0.87034],"extended":true,"handId":473,"id":4731,"length":57.6453,"mcpPosition":[-8.4533,287.435,-20.9632],"pipPosition":[-23.5219,310.52,-52.7996],"stabilizedTipPosition":[-34.6829,322.495,-85.4667],"timeVisible":40.4476,"tipPosition":[-34.8464,323.006,-85.0458],"tipVelocity":[22.1212,-22.5928,19.3131],"tool":false,"touchDistance":-0.14024,"touchZone":"touching","type":1,"width":18.9605},{"bases":[[[0.991314,0.0127223,-0.130902],[0.0901885,0.658668,0.747009],[0.0957245,-0.752326,0.651799]],[[0.989708,0.0243987,-0.141004],[-0.0907328,0.868959,-0.486495],[0.110657,0.494282,0.86223]],[[0.989708,0.0243987,-0.141004],[-0.117411,-0.424833,-0.897625],[-0.0818039,0.904943,-0.417596]],[[0.989708,0.0243987,-0.141004],[-0.0422057,-0.891754,-0.450549],[-0.136733,0.451863,-0.881546]]],"btipPosition":[12.5222,233.613,-32.1169],"carpPosition":[19.4981,239.064,25.3187],"dipPosition":[10.0035,241.937,-48.3555],"direction":[0.0818039,-0.904943,0.417596],"extended":false,"handId":473,"id":4732,"length":65.6822,"mcpPosition":[12.9516,290.515,-19.2573],"pipPosition":[7.72329,267.161,-59.9958],"stabilizedTipPosition":[10.491,236.256,-38.0312],"timeVisible":40.4476,"tipPosition":[11.8939,235.553,-35.9526],"tipVelocity":[17.9462,-14.3499,38.0784],"tool":false,"touchDistance":0.333333,"touchZone":"none","type":2,"width":18.6218},{"bases":[[[0.984957,-0.147817,-0.0894952],[0.163788,0.633575,0.756145],[-0.0550692,-0.759429,0.648255]],[[0.986078,-0.127438,-0.106813],[0.0499416,0.839685,-0.540772],[0.158605,0.527909,0.83436]],[[0.986078,-0.127438,-0.106813],[-0.154764,-0.468477,-0.869814],[0.0608079,0.874236,-0.481678]],[[0.986078,-0.127438,-0.106813],[-0.160478,-0.897587,-0.41059],[-0.0435495,0.422015,-0.905542]]],"btipPosition":[26.9612,232.444,-22.7966],"carpPosition":[31.3798,240.403,23.8852],"dipPosition":[26.1636,240.173,-39.3814],"direction":[-0.0608079,-0.874236,0.481678],"extended":false,"handId":473,"id":4733,"length":63.1552,"mcpPosition":[34.7612,287.033,-15.919],"pipPosition":[27.8148,263.913,-52.4611],"stabilizedTipPosition":[25.2814,234.846,-28.5939],"timeVisible":40.4476,"tipPosition":[26.7207,234.165,-26.6719],"tipVelocity":[16.7709,-12.7955,29.472],"tool":false,"touchDistance":0.333333,"touchZone":"none","type":3,"width":17.7198},{"bases":[[[0.931271,-0.337359,-0.137564],[0.309478,0.533272,0.787302],[-0.192244,-0.775764,0.601026]],[[0.944695,-0.266901,-0.190565],[0.150855,0.869613,-0.470124],[0.291194,0.415376,0.861782]],[[0.944695,-0.266901,-0.190565],[-0.27947,-0.351127,-0.893648],[0.171603,0.897482,-0.406299]],[[0.944695,-0.266901,-0.190565],[-0.326599,-0.818362,-0.472882],[-0.029738,0.508968,-0.860272]]],"btipPosition":[41.5297,239.479,-22.8177],"carpPosition":[43.4831,235.588,18.8889],"dipPosition":[41.0272,248.078,-37.353],"direction":[-0.171603,-0.897482,0.406299],"extended":false,"handId":473,"id":4734,"length":49.5125,"mcpPosition":[54.4101,279.682,-15.2729],"pipPosition":[44.3172,265.285,-45.1427],"stabilizedTipPosition":[39.9596,242.286,-27.9605],"timeVisible":40.4476,"tipPosition":[41.3588,241.484,-26.1949],"tipVelocity":[16.6583,-14.6206,27.4814],"tool":false,"touchDistance":0.333333,"touchZone":"none","type":4,"width":15.7401}],"r":[[0.850588,0.514028,0.110793],[-0.496038,0.854296,-0.155319],[-0.174488,0.0771552,0.981632]],"s":1.2345,"t":[45.4482,-35.4341,-33.5877],"timestamp":93552698879},false],[4,{"currentFrameRate":55.3641,"devices":[],"gestures":[],"hands":[{"armBasis":[[0.994491,0.0956921,-0.0427777],[-0.0823465,0.965766,0.245999],[0.0648534,-0.241121,0.968326]],"armWidth":62.4607,"confidence":0.443911,"direction":[-0.0747184,0.842346,-0.533732],"elbow":[46.6061,161.983,278.885],"grabStrength":0,"id":473,"palmNormal":[0.0426172,-0.532042,-0.845645],"palmPosition":[18.2227,267.491,-9.1996],"palmVelocity":[17.9712,-14.078,28.2244],"palmWidth":89.1918,"pinchStrength":0.498087,"r":[[0.85094,0.513575,0.110188],[-0.495634,0.854534,-0.155303],[-0.173919,0.0775411,0.981702]],"s":1.23439,"sphereCenter":[-3.11905,260.319,-50.7155],"sphereRadius":47.4793,"stabilizedPalmPosition":[16.5994,268.378,-11.1792],"t":[45.7708,-35.6921,-33.0738],"timeVisible":40.4654,"type":"right","wrist":[29.4417,225.799,22.6045]}],"id":1688840,"interactionBox":{"center":[0,200,0],"size":[235.247,235.247,147.751]},"pointables":[{"bases":[[[0.348208,0.67482,0.650668],[-0.79171,-0.159958,0.589583],[0.501943,-0.720438,0.478563]],[[0.271047,0.772937,0.573674],[-0.781749,-0.170961,0.599701],[0.561607,-0.611016,0.557904]],[[0.271047,0.772937,0.573674],[-0.956162,0.284834,0.0679937],[-0.110847,-0.566955,0.816257]],[[0.271047,0.772937,0.573674],[-0.705624,0.564914,-0.427745],[-0.654697,-0.288859,0.698522]]],"btipPosition":[-6.45349,270.412,-55.0543],"carpPosition":[2.30242,214.939,15.5501],"dipPosition":[-21.4729,263.786,-39.0295],"direction":[0.110847,0.566955,-0.816257],"extended":false,"handId":473,"id":4730,"length":51.0864,"mcpPosition":[2.30242,214.939,15.5501],"pipPosition":[-25.1776,244.837,-11.7488],"stabilizedTipPosition":[-10.0946,269.126,-51.7764],"timeVisible":40.4654,"tipPosition":[-10.2605,268.564,-51.1526],"tipVelocity":[15.7827,-13.7957,26.4942],"tool":false,"touchDistance":-0.194085,"touchZone":"touching","type":0,"width":19.8498},{"bases":[[[0.969605,0.226143,-0.0934148],[-0.0778864,0.647195,0.758335],[0.23195,-0.728009,0.645137]],[[0.921299,0.337394,-0.193323],[-0.14957,0.766383,0.624729],[0.358939,-0.546646,0.756532]],[[0.921299,0.337394,-0.193323],[-0.22168,0.864169,0.451742],[0.319479,-0.373333,0.870951]],[[0.921299,0.337394,-0.193323],[-0.269456,0.912369,0.308181],[0.28036,-0.231835,0.931478]]],"btipPosition":[-35.5296,322.902,-88.4904],"carpPosition":[8.57851,234.652,26.1297],"dipPosition":[-30.8341,319.019,-72.8901],"direction":[-0.319479,0.373333,-0.870951],"extended":true,"handId":473,"id":4731,"length":57.6453,"mcpPosition":[-8.1487,287.153,-20.3948],"pipPosition":[-23.2648,310.174,-52.2549],"stabilizedTipPosition":[-34.5003,322.114,-85.0249],"timeVisible":40.4654,"tipPosition":[-34.6442,322.559,-84.5205],"tipVelocity":[17.2862,-23.8087,24.1087],"tool":false,"touchDistance":-0.131493,"touchZone":"touching","type":1,"width":18.9605},{"bases":[[[0.991003,0.0120405,-0.133295],[0.0922693,0.65997,0.745604],[0.0969484,-0.751195,0.652921]],[[0.989355,0.0238592,-0.143553],[-0.0919954,0.866886,-0.489944],[0.112754,0.497935,0.859853]],[[0.989355,0.0238592,-0.143553],[-0.119497,-0.429777,-0.894993],[-0.0830495,0.90262,-0.422351]],[[0.989355,0.0238592,-0.143553],[-0.0431391,-0.89404,-0.445906],[-0.138981,0.447352,-0.883493]]],"btipPosition":[12.8092,233.299,-31.3245],"carpPosition":[19.8918,238.852,25.9072],"dipPosition":[10.2491,241.54,-47.599],"direction":[0.0830495,-0.90262,0.422351],"extended":false,"handId":473,"id":4732,"length":65.6822,"mcpPosition":[13.2616,290.226,-18.7456],"pipPosition":[7.93418,266.7,-59.3717],"stabilizedTipPosition":[10.5612,236.213,-37.9108],"timeVisible":40.4654,"tipPosition":[12.1622,235.225,-35.2273],"tipVelocity":[16.8503,-16.4073,40.9149],"tool":false,"touchDistance":0.333333,"touchZone":"none","type":2,"width":18.6218},{"bases":[[[0.984674,-0.148421,-0.0915847],[0.16588,0.634861,0.75461],[-0.0538565,-0.758237,0.649751]],[[0.985763,-0.128064,-0.108951],[0.0490138,0.838706,-0.542374],[0.160836,0.529313,0.833043]],[[0.985763,-0.128064,-0.108951],[-0.157056,-0.469956,-0.868605],[0.060035,0.87335,-0.483379]],[[0.985763,-0.128064,-0.108951],[-0.161854,-0.898253,-0.40859],[-0.0455397,0.420407,-0.906192]]],"btipPosition":[27.2373,232.143,-22.215],"carpPosition":[31.7706,240.183,24.4428],"dipPosition":[26.4032,239.843,-38.8117],"direction":[-0.060035,-0.87335,0.483379],"extended":false,"handId":473,"id":4733,"length":63.1552,"mcpPosition":[35.0775,286.74,-15.4532],"pipPosition":[28.0335,263.558,-51.9376],"stabilizedTipPosition":[25.3544,234.807,-28.4879],"timeVisible":40.4654,"tipPosition":[26.9884,233.858,-26.092],"tipVelocity":[15.9678,-14.9132,30.925],"tool":false,"touchDistance":0.333333,"touchZone":"none","type":3,"width":17.7198},{"bases":[[[0.930788,-0.338025,-0.139183],[0.311599,0.534548,0.785598],[-0.191151,-0.774595,0.602879]],[[0.944127,-0.2676,-0.192393],[0.15001,0.868682,-0.472111],[0.293466,0.416872,0.860288]],[[0.944127,-0.2676,-0.192393],[-0.281857,-0.353003,-0.892158],[0.170826,0.896537,-0.408704]],[[0.944127,-0.2676,-0.192393],[-0.328043,-0.819357,-0.470152],[-0.0318259,0.506996,-0.861361]]],"btipPosition":[41.8157,239.178,-22.2694],"carpPosition":[43.8598,235.354,19.4263],"dipPosition":[41.2779,247.744,-36.8231],"direction":[-0.170826,-0.896537,0.408704],"extended":false,"handId":473,"id":4734,"length":49.5125,"mcpPosition":[54.7247,279.382,-14.8409],"pipPosition":[44.5531,264.933,-44.6588],"stabilizedTipPosition":[40.0466,242.229,-27.8428],"timeVisible":40.4654,"tipPosition":[41.6351,241.172,-25.655],"tipVelocity":[16.1779,-15.9085,28.9514],"tool":false,"touchDistance":0.333333,"touchZone":"none","type":4,"width":15.7401}],"r":[[0.85094,0.513575,0.110188],[-0.495634,0.854534,-0.155303],[-0.173919,0.0775411,0.981702]],"s":1.23439,"t":[45.7708,-35.6921,-33.0738],"timestamp":93552716653},false],[5,{"currentFrameRate":55.3798,"devices":[],"gestures":[],"hands":[{"armBasis":[[0.994026,0.101266,-0.0407205],[-0.0881507,0.964846,0.247592],[0.0643616,-0.242523,0.968008]],"armWidth":62.4607,"confidence":0.465727,"direction":[-0.0772927,0.842232,-0.533546],"elbow":[46.8036,162.012,279.485],"grabStrength":0,"id":473,"palmNormal":[0.0482208,-0.531363,-0.845771],"palmPosition":[18.4412,267.85,-8.53241],"palmVelocity":[15.2069,2.02735,32.411],"palmWidth":89.1918,"pinchStrength":0.493273,"r":[[0.850615,0.514084,0.11033],[-0.496092,0.854226,-0.155536],[-0.174205,0.077568,0.98165]],"s":1.2348,"sphereCenter":[-2.57806,260.595,-50.111],"sphereRadius":47.4408,"stabilizedPalmPosition":[16.6609,268.36,-11.0909],"t":[46.0413,-35.6419,-32.4833],"timeVisible":40.4834,"type":"right","wrist":[29.7694,226.199,23.2878]}],"id":1688841,"interactionBox":{"center":[0,200,0],"size":[235.247,235.247,147.751]},"pointables":[{"bases":[[[0.342512,0.67627,0.652184],[-0.792848,-0.164377,0.586833],[0.504062,-0.71808,0.479878]],[[0.26404,0.775209,0.573877],[-0.783415,-0.174702,0.59644],[0.562623,-0.607067,0.561181]],[[0.26404,0.775209,0.573877],[-0.958282,0.278361,0.0648862],[-0.109445,-0.567069,0.816367]],[[0.26404,0.775209,0.573877],[-0.714603,0.556839,-0.423406],[-0.647786,-0.298298,0.700994]]],"btipPosition":[-6.30036,270.703,-54.6887],"carpPosition":[2.71067,215.203,16.1364],"dipPosition":[-21.1613,263.86,-38.6072],"direction":[0.109445,0.567069,-0.816367],"extended":false,"handId":473,"id":4730,"length":51.0864,"mcpPosition":[2.71067,215.203,16.1364],"pipPosition":[-24.8191,244.907,-11.3228],"stabilizedTipPosition":[-9.98676,269.127,-51.551],"timeVisible":40.4834,"tipPosition":[-9.98565,268.822,-50.7135],"tipVelocity":[13.2945,-0.922362,23.9063],"tool":false,"touchDistance":-0.187775,"touchZone":"touching","type":0,"width":19.8498},{"bases":[[[0.968727,0.231219,-0.0900343],[-0.0837932,0.646378,0.758402],[0.233553,-0.72714,0.645539]],[[0.92041,0.341862,-0.189673],[-0.155992,0.765991,0.623638],[0.358486,-0.544415,0.758354]],[[0.92041,0.341862,-0.189673],[-0.228189,0.863698,0.449395],[0.317451,-0.370346,0.872965]],[[0.92041,0.341862,-0.189673],[-0.275755,0.91159,0.304898],[0.277137,-0.228328,0.933307]]],"btipPosition":[-35.2539,322.906,-88.0568],"carpPosition":[8.84878,234.942,26.7473],"dipPosition":[-30.6124,319.082,-72.4259],"direction":[-0.317451,0.370346,-0.872965],"extended":true,"handId":473,"id":4731,"length":57.6453,"mcpPosition":[-7.99405,287.38,-19.8061],"pipPosition":[-23.0911,310.307,-51.7429],"stabilizedTipPosition":[-34.3182,322.063,-84.6982],"timeVisible":40.4834,"tipPosition":[-34.4014,322.585,-84.071],"tipVelocity":[16.026,-12.0691,24.2819],"tool":false,"touchDistance":-0.124149,"touchZone":"touching","type":1,"width":18.9605},{"bases":[[[0.99137,0.0172516,-0.129953],[0.0863358,0.660042,0.746251],[0.0986484,-0.751031,0.652856]],[[0.989685,0.0291338,-0.140268],[-0.0950209,0.866234,-0.49052],[0.107214,0.498789,0.860067]],[[0.989685,0.0291338,-0.140268],[-0.114168,-0.431063,-0.89507],[-0.0865409,0.901852,-0.42329]],[[0.989685,0.0291338,-0.140268],[-0.0368097,-0.894519,-0.445511],[-0.138451,0.446079,-0.88422]]],"btipPosition":[13.2913,233.641,-30.6327],"carpPosition":[20.1408,239.201,26.565],"dipPosition":[10.741,241.858,-46.9206],"direction":[0.0865409,-0.901852,0.42329],"extended":false,"handId":473,"id":4732,"length":65.6822,"mcpPosition":[13.3943,290.563,-18.0833],"pipPosition":[8.3287,266.997,-58.7196],"stabilizedTipPosition":[10.6172,236.195,-37.8187],"timeVisible":40.4834,"tipPosition":[12.6448,235.563,-34.5555],"tipVelocity":[21.6133,0.227853,39.6531],"tool":false,"touchDistance":0.333333,"touchZone":"none","type":2,"width":18.6218},{"bases":[[[0.985734,-0.143263,-0.0883467],[0.160045,0.63531,0.755491],[-0.0521063,-0.758852,0.649175]],[[0.986776,-0.12286,-0.105725],[0.0454965,0.835994,-0.546849],[0.155571,0.534808,0.830529]],[[0.986776,-0.12286,-0.105725],[-0.152157,-0.477344,-0.865443],[0.0558614,0.870085,-0.489726]],[[0.986776,-0.12286,-0.105725],[-0.155505,-0.901584,-0.40369],[-0.0457223,0.414792,-0.908767]]],"btipPosition":[27.7239,232.543,-21.1515],"carpPosition":[32.0174,240.594,25.1414],"dipPosition":[26.8865,240.14,-37.7954],"direction":[-0.0558614,-0.870085,0.489726],"extended":false,"handId":473,"id":4733,"length":63.1552,"mcpPosition":[35.2169,287.189,-14.7193],"pipPosition":[28.4034,263.767,-51.0936],"stabilizedTipPosition":[25.4087,234.794,-28.4003],"timeVisible":40.4834,"tipPosition":[27.4666,234.258,-25.1737],"tipVelocity":[21.1888,2.05274,43.9767],"tool":false,"touchDistance":0.333333,"touchZone":"none","type":3,"width":17.7198},{"bases":[[[0.932993,-0.333118,-0.136224],[0.306178,0.535738,0.786918],[-0.189156,-0.775897,0.601833]],[[0.946155,-0.262513,-0.189414],[0.146943,0.869659,-0.471276],[0.288442,0.418067,0.861407]],[[0.946155,-0.262513,-0.189414],[-0.277147,-0.354547,-0.893021],[0.167274,0.897431,-0.408211]],[[0.946155,-0.262513,-0.189414],[-0.322139,-0.821199,-0.471018],[-0.0318977,0.506674,-0.861547]]],"btipPosition":[42.2342,239.675,-21.5182],"carpPosition":[44.1483,235.831,20.163],"dipPosition":[41.6953,248.236,-36.0751],"direction":[-0.167274,-0.897431,0.408211],"extended":false,"handId":473,"id":4734,"length":49.5125,"mcpPosition":[54.8998,279.932,-14.0447],"pipPosition":[44.9023,265.442,-43.9014],"stabilizedTipPosition":[40.1127,242.21,-27.7476],"timeVisible":40.4834,"tipPosition":[42.0513,241.665,-24.911],"tipVelocity":[19.5208,4.69095,34.9841],"tool":false,"touchDistance":0.333333,"touchZone":"none","type":4,"width":15.7401}],"r":[[0.850615,0.514084,0.11033],[-0.496092,0.854226,-0.155536],[-0.174205,0.077568,0.98165]],"s":1.2348,"t":[46.0413,-35.6419,-32.4833],"timestamp":93552734656},false],[6,{"currentFrameRate":55.3774,"devices":[],"gestures":[],"hands":[{"armBasis":[[0.993818,0.103474,-0.0402318],[-0.0904103,0.964627,0.24763],[0.064432,-0.242462,0.968019]],"armWidth":62.4607,"confidence":0.487423,"direction":[-0.0785174,0.842171,-0.533463],"elbow":[47.0397,162.19,279.867],"grabStrength":0,"id":473,"palmNormal":[0.0501709,-0.531098,-0.845824],"palmPosition":[18.6036,267.994,-8.15611],"palmVelocity":[12.2518,4.85933,26.9095],"palmWidth":89.1918,"pinchStrength":0.487743,"r":[[0.850117,0.514841,0.110632],[-0.496783,0.853778,-0.155789],[-0.174662,0.0774791,0.981575]],"s":1.23545,"sphereCenter":[-2.22302,260.695,-49.7822],"sphereRadius":47.4097,"stabilizedPalmPosition":[16.6998,268.353,-11.0321],"t":[46.2577,-35.5446,-31.9998],"timeVisible":40.5014,"type":"right","wrist":[29.9868,226.361,23.6674]}],"id":1688842,"interactionBox":{"center":[0,200,0],"size":[235.247,235.247,147.751]},"pointables":[{"bases":[[[0.340451,0.676858,0.652654],[-0.793087,-0.166143,0.586011],[0.50508,-0.71712,0.480244]],[[0.26109,0.776488,0.573496],[-0.782948,-0.177169,0.596325],[0.564645,-0.604713,0.561693]],[[0.26109,0.776488,0.573496],[-0.959351,0.274658,0.0648805],[-0.107136,-0.567124,0.816635]],[[0.26109,0.776488,0.573496],[-0.722778,0.551054,-0.41705],[-0.639862,-0.305623,0.705104]]],"btipPosition":[-6.41061,270.865,-54.4664],"carpPosition":[2.95826,215.31,16.487],"dipPosition":[-21.0897,263.853,-38.2906],"direction":[0.107136,0.567124,-0.816635],"extended":false,"handId":473,"id":4730,"length":51.0864,"mcpPosition":[2.95826,215.31,16.487],"pipPosition":[-24.6704,244.899,-10.9972],"stabilizedTipPosition":[-9.95647,269.146,-51.429],"timeVisible":40.5014,"tipPosition":[-9.93444,268.953,-50.4505],"tipVelocity":[5.17983,2.74785,18.9668],"tool":false,"touchDistance":-0.183708,"touchZone":"touching","type":0,"width":19.8498},{"bases":[[[0.968332,0.233256,-0.0890252],[-0.0858961,0.646056,0.758441],[0.234426,-0.726776,0.645633]],[[0.920177,0.343294,-0.188212],[-0.15852,0.766274,0.622653],[0.357974,-0.543115,0.759526]],[[0.920177,0.343294,-0.188212],[-0.230883,0.864085,0.44727],[0.316176,-0.368113,0.874372]],[[0.920177,0.343294,-0.188212],[-0.278409,0.911779,0.301906],[0.27525,-0.225408,0.934574]]],"btipPosition":[-35.0376,322.84,-87.8071],"carpPosition":[9.04463,235.059,27.1077],"dipPosition":[-30.4277,319.065,-72.1549],"direction":[-0.316176,0.368113,-0.874372],"extended":true,"handId":473,"id":4731,"length":57.6453,"mcpPosition":[-7.86115,287.471,-19.4525],"pipPosition":[-22.9366,310.344,-51.4386],"stabilizedTipPosition":[-34.1756,322.025,-84.4928],"timeVisible":40.5014,"tipPosition":[-34.2135,322.537,-83.8076],"tipVelocity":[13.9095,-7.75438,19.443],"tool":false,"touchDistance":-0.119905,"touchZone":"touching","type":1,"width":18.9605},{"bases":[[[0.991461,0.0193436,-0.128962],[0.0842161,0.660077,0.746462],[0.0995641,-0.750949,0.652812]],[[0.989755,0.0312675,-0.139313],[-0.0964503,0.865861,-0.490899],[0.105277,0.499306,0.860006]],[[0.989755,0.0312675,-0.139313],[-0.112331,-0.431768,-0.894962],[-0.0881344,0.901442,-0.423832]],[[0.989755,0.0312675,-0.139313],[-0.0343982,-0.894768,-0.445204],[-0.138574,0.445435,-0.884525]]],"btipPosition":[13.554,233.776,-30.2335],"carpPosition":[20.3279,239.342,26.9375],"dipPosition":[11.0014,241.981,-46.527],"direction":[0.0881344,-0.901442,0.423832],"extended":false,"handId":473,"id":4732,"length":65.6822,"mcpPosition":[13.5188,290.699,-17.7077],"pipPosition":[8.5447,267.108,-58.3411],"stabilizedTipPosition":[10.6595,236.186,-37.7495],"timeVisible":40.5014,"tipPosition":[12.9061,235.696,-34.1659],"tipVelocity":[18.2398,3.58213,31.2803],"tool":false,"touchDistance":0.333333,"touchZone":"none","type":2,"width":18.6218},{"bases":[[[0.986118,-0.14119,-0.0873918],[0.157967,0.635497,0.755771],[-0.0511703,-0.759084,0.648979]],[[0.987136,-0.120773,-0.104773],[0.0442874,0.836199,-0.546635],[0.15363,0.534963,0.83079]],[[0.987136,-0.120773,-0.104773],[-0.150301,-0.477471,-0.865697],[0.0545267,0.870308,-0.489481]],[[0.987136,-0.120773,-0.104773],[-0.153219,-0.901817,-0.404041],[-0.0456887,0.414897,-0.908721]]],"btipPosition":[27.9727,232.709,-20.7738],"carpPosition":[32.203,240.761,25.526],"dipPosition":[27.1359,240.308,-37.4168],"direction":[-0.0545267,-0.870308,0.489481],"extended":false,"handId":473,"id":4733,"length":63.1552,"mcpPosition":[35.345,287.37,-14.3226],"pipPosition":[28.6165,263.94,-50.7084],"stabilizedTipPosition":[25.4481,234.789,-28.3372],"timeVisible":40.5014,"tipPosition":[27.7164,234.424,-24.7933],"tipVelocity":[17.6691,5.44669,33.0243],"tool":false,"touchDistance":0.333333,"touchZone":"none","type":3,"width":17.7198},{"bases":[[[0.93382,-0.331146,-0.135358],[0.304276,0.536224,0.787324],[-0.188137,-0.776406,0.601497]],[[0.946911,-0.260329,-0.188648],[0.145064,0.869626,-0.471918],[0.286908,0.419499,0.861223]],[[0.946911,-0.260329,-0.188648],[-0.275882,-0.356687,-0.89256],[0.165071,0.89722,-0.409571]],[[0.946911,-0.260329,-0.188648],[-0.319811,-0.82273,-0.469933],[-0.0328693,0.505316,-0.862308]]],"btipPosition":[42.4886,239.874,-21.058],"carpPosition":[44.3488,236.024,20.5588],"dipPosition":[41.9332,248.412,-35.6277],"direction":[-0.165071,-0.89722,0.409571],"extended":false,"handId":473,"id":4734,"length":49.5125,"mcpPosition":[55.0423,280.154,-13.6298],"pipPosition":[45.098,265.614,-43.4801],"stabilizedTipPosition":[40.1611,242.202,-27.6756],"timeVisible":40.5014,"tipPosition":[42.2973,241.86,-24.4766],"tipVelocity":[16.8365,7.55037,30.3889],"tool":false,"touchDistance":0.333333,"touchZone":"none","type":4,"width":15.7401}],"r":[[0.850117,0.5148