{"sensorType":"Leap","data":[[0,{"currentFrameRate":55.305,"devices":[],"gestures":[{"center":[-27.1648,299.854,-96.7906],"duration":0,"handIds":[473],"id":26,"normal":[0.0153222,-0.0673957,0.997609],"pointableIds":[4731],"progress":1,"radius":27.2235,"state":"start","type":"circle"}],"hands":[{"armBasis":[[0.994049,0.094741,-0.0537606],[-0.0788002,0.966162,0.245604],[0.0752102,-0.239907,0.967878]],"armWidth":62.4607,"confidence":0.47731,"direction":[-0.0703811,0.840529,-0.537175],"elbow":[47.6064,164.586,277.514],"grabStrength":0,"id":473,"palmNormal":[0.041957,-0.535539,-0.843467],"palmPosition":[16.7062,269.693,-10.6364],"palmVelocity":[48.6608,-75.7617,50.2847],"palmWidth":89.1918,"pinchStrength":0.469619,"r":[[0.854565,0.505594,0.118716],[-0.484561,0.858468,-0.168027],[-0.186868,0.0860649,0.978608]],"s":1.24463,"sphereCenter":[-5.99924,262.378,-52.0677],"sphereRadius":47.8764,"stabilizedPalmPosition":[15.2142,272.004,-12.0777],"t":[43.6705,-32.3338,-34.9391],"timeVisible":38.7299,"type":"right","wrist":[27.701,228.081,21.3514]}],"id":1688745,"interactionBox":{"center":[0,200,0],"size":[235.247,235.247,147.751]},"pointables":[{"bases":[[[0.349783,0.675973,0.648624],[-0.793384,-0.154443,0.588803],[0.49819,-0.720561,0.482285]],[[0.277491,0.769166,0.575658],[-0.776738,-0.173015,0.605594],[0.5654,-0.615183,0.54943]],[[0.277491,0.769166,0.575658],[-0.954887,0.286782,0.0771117],[-0.105777,-0.571087,0.814046]],[[0.277491,0.769166,0.575658],[-0.721836,0.562332,-0.403405],[-0.633996,-0.30359,0.711254]]],"btipPosition":[-9.05529,273.456,-56.1164],"carpPosition":[0.530529,217.303,14.2916],"dipPosition":[-23.5998,266.492,-39.7995],"direction":[0.105777,0.571087,-0.814046],"extended":false,"handId":473,"id":4730,"length":51.0864,"mcpPosition":[0.530529,217.303,14.2916],"pipPosition":[-27.1351,247.405,-12.5926],"stabilizedTipPosition":[-12.6253,272.202,-52.5659],"timeVisible":38.7299,"tipPosition":[-13.1934,271.987,-52.3314],"tipVelocity":[70.7691,-95.7316,47.3883],"tool":false,"touchDistance":-0.162046,"touchZone":"touching","type":0,"width":19.8498},{"bases":[[[0.970672,0.221866,-0.0925841],[-0.0766078,0.650489,0.755642],[0.227876,-0.726388,0.648408]],[[0.916955,0.343595,-0.20282],[-0.149391,0.767016,0.623994],[0.369967,-0.541874,0.75465]],[[0.916955,0.343595,-0.20282],[-0.227467,0.867813,0.441769],[0.327799,-0.358947,0.873902]],[[0.916955,0.343595,-0.20282],[-0.278886,0.915475,0.290047],[0.285335,-0.209397,0.935274]]],"btipPosition":[-37.6917,324.247,-90.1055],"carpPosition":[6.86748,237.032,24.8047],"dipPosition":[-32.913,320.74,-74.4416],"direction":[-0.327799,0.358947,-0.873902],"extended":true,"handId":473,"id":4731,"length":57.6453,"mcpPosition":[-9.56597,289.416,-21.9557],"pipPosition":[-25.1465,312.236,-53.7365],"stabilizedTipPosition":[-36.8971,324.163,-86.6723],"timeVisible":38.7299,"tipPosition":[-36.6642,324.062,-86.1126],"tipVelocity":[51.0023,-125.321,24.2222],"tool":false,"touchDistance":-0.142562,"touchZone":"touching","type":1,"width":18.9605},{"bases":[[[0.991277,0.00752364,-0.131584],[0.0936202,0.662528,0.743164],[0.0927691,-0.749,0.656044]],[[0.990329,0.0147942,-0.137946],[-0.0820864,0.864067,-0.496639],[0.111847,0.50316,0.856925]],[[0.990329,0.0147942,-0.137946],[-0.118861,-0.422341,-0.89861],[-0.0715544,0.906316,-0.416498]],[[0.990329,0.0147942,-0.137946],[-0.0506713,-0.887038,-0.458907],[-0.129152,0.461459,-0.87771]]],"btipPosition":[10.9427,234.873,-32.9908],"carpPosition":[18.198,241.186,24.5857],"dipPosition":[8.5636,243.373,-49.1588],"direction":[0.0715544,-0.906316,0.416498],"extended":false,"handId":473,"id":4732,"length":65.6822,"mcpPosition":[11.8536,292.409,-20.2806],"pipPosition":[6.56906,268.636,-60.7684],"stabilizedTipPosition":[8.31698,239.903,-39.7248],"timeVisible":38.7299,"tipPosition":[10.3409,236.906,-37.0018],"tipVelocity":[55.657,-81.1667,84.2686],"tool":false,"touchDistance":0.333333,"touchZone":"none","type":2,"width":18.6218},{"bases":[[[0.984227,-0.152746,-0.0892531],[0.167113,0.637158,0.752398],[-0.0580571,-0.755446,0.652634]],[[0.984882,-0.143188,-0.0974924],[0.0672482,0.834702,-0.546581],[0.159641,0.531762,0.831712]],[[0.984882,-0.143188,-0.0974924],[-0.153828,-0.464149,-0.872297],[0.0796512,0.874107,-0.479159]],[[0.984882,-0.143188,-0.0974924],[-0.17108,-0.892335,-0.417695],[-0.027187,0.42806,-0.903341]]],"btipPosition":[24.9928,233.984,-23.8062],"carpPosition":[30.0847,242.463,23.1372],"dipPosition":[24.4949,241.824,-40.3506],"direction":[-0.0796512,-0.874107,0.479159],"extended":false,"handId":473,"id":4733,"length":63.1552,"mcpPosition":[33.6495,288.849,-16.9358],"pipPosition":[26.6578,265.559,-53.362],"stabilizedTipPosition":[22.809,238.401,-29.9616],"timeVisible":38.7299,"tipPosition":[24.7957,235.704,-27.981],"tipVelocity":[54.826,-70.2355,64.5254],"tool":false,"touchDistance":0.333333,"touchZone":"none","type":3,"width":17.7198},{"bases":[[[0.92966,-0.342317,-0.136201],[0.312372,0.536382,0.78404],[-0.195334,-0.771436,0.605583]],[[0.941944,-0.281882,-0.18244],[0.16414,0.860564,-0.48217],[0.292916,0.424232,0.856871]],[[0.941944,-0.281882,-0.18244],[-0.278157,-0.350749,-0.894206],[0.18807,0.893038,-0.408793]],[[0.941944,-0.281882,-0.18244],[-0.335501,-0.811897,-0.477768],[-0.0134481,0.511239,-0.859333]]],"btipPosition":[39.7346,240.95,-23.6023],"carpPosition":[42.1631,237.566,18.1612],"dipPosition":[39.5074,249.588,-38.1217],"direction":[-0.18807,-0.893038,0.408793],"extended":false,"handId":473,"id":4734,"length":49.5125,"mcpPosition":[53.2657,281.414,-16.2597],"pipPosition":[43.1131,266.71,-45.9592],"stabilizedTipPosition":[38.2805,244.959,-28.3031],"timeVisible":38.7299,"tipPosition":[39.5961,243.033,-26.9544],"tipVelocity":[52.1196,-74.6105,53.1401],"tool":false,"touchDistance":0.333333,"touchZone":"none","type":4,"width":15.7401}],"r":[[0.854565,0.505594,0.118716],[-0.484561,0.858468,-0.168027],[-0.186868,0.0860649,0.978608]],"s":1.24463,"t":[43.6705,-32.3338,-34.9391],"timestamp":93550981214},false],[1,{"currentFrameRate":55.2991,"devices":[],"gestures":[{"center":[-27.1648,299.854,-96.7906],"duration":0,"handIds":[473],"id":26,"normal":[0.0153222,-0.0673957,0.997609],"pointableIds":[4731],"progress":1,"radius":27.2235,"state":"start","type":"circle"}],"hands":[{"armBasis":[[0.994768,0.0850586,-0.0565862],[-0.0689204,0.967606,0.242876],[0.0754118,-0.237705,0.968406]],"armWidth":62.4607,"confidence":0.479766,"direction":[-0.0649081,0.847075,-0.527494],"elbow":[48.1131,163.484,277.915],"grabStrength":0,"id":473,"palmNormal":[0.0330685,-0.526493,-0.849536],"palmPosition":[17.4064,268.462,-9.8604],"palmVelocity":[43.9102,-72.0536,46.755],"palmWidth":89.1918,"pinchStrength":0.472245,"r":[[0.855282,0.504627,0.11766],[-0.484371,0.85928,-0.164387],[-0.184057,0.0836063,0.979353]],"s":1.24147,"sphereCenter":[-5.06191,261.673,-51.4039],"sphereRadius":47.6909,"stabilizedPalmPosition":[15.8523,270.973,-11.4323],"t":[44.4737,-33.6565,-34.0799],"timeVisible":38.748,"type":"right","wrist":[28.1543,226.396,21.6128]}],"id":1688746,"interactionBox":{"center":[0,200,0],"size":[235.247,235.247,147.751]},"pointables":[{"bases":[[[0.359085,0.665409,0.654437],[-0.792113,-0.153545,0.590746],[0.493573,-0.730517,0.471944]],[[0.287029,0.760448,0.582522],[-0.776206,-0.171726,0.606642],[0.561354,-0.626281,0.540974]],[[0.287029,0.760448,0.582522],[-0.95174,0.295364,0.083376],[-0.108653,-0.578341,0.808527]],[[0.287029,0.760448,0.582522],[-0.716322,0.574138,-0.396546],[-0.636001,-0.303453,0.70952]]],"btipPosition":[-8.39403,272.888,-55.2093],"carpPosition":[0.851725,215.953,14.5607],"dipPosition":[-22.9846,265.926,-38.9322],"direction":[0.108653,0.578341,-0.808527],"extended":false,"handId":473,"id":4730,"length":51.0864,"mcpPosition":[0.851725,215.953,14.5607],"pipPosition":[-26.6159,246.597,-11.9097],"stabilizedTipPosition":[-11.893,271.436,-51.6455],"timeVisible":38.748,"tipPosition":[-12.5414,271.446,-51.4138],"tipVelocity":[54.2008,-65.1054,48.4398],"tool":false,"touchDistance":-0.147081,"touchZone":"touching","type":0,"width":19.8498},{"bases":[[[0.972286,0.21378,-0.0946419],[-0.067035,0.642732,0.763153],[0.223976,-0.735659,0.63925]],[[0.919591,0.336562,-0.202678],[-0.142469,0.766438,0.626319],[0.366136,-0.547082,0.752759]],[[0.919591,0.336562,-0.202678],[-0.221773,0.870519,0.439334],[0.324298,-0.359059,0.875161]],[[0.919591,0.336562,-0.202678],[-0.273775,0.91896,0.283829],[0.281779,-0.205519,0.93721]]],"btipPosition":[-36.5521,323.544,-88.9703],"carpPosition":[7.42203,235.503,25.2621],"dipPosition":[-31.8329,320.102,-73.274],"direction":[-0.324298,0.359059,-0.875161],"extended":true,"handId":473,"id":4731,"length":57.6453,"mcpPosition":[-8.73018,288.555,-20.8378],"pipPosition":[-24.1494,311.595,-52.539],"stabilizedTipPosition":[-35.7175,322.999,-85.5902],"timeVisible":38.748,"tipPosition":[-35.61,323.554,-84.8381],"tipVelocity":[56.3262,-83.7985,42.7242],"tool":false,"touchDistance":-0.123518,"touchZone":"touching","type":1,"width":18.9605},{"bases":[[[0.990694,-0.000298673,-0.13611],[0.10324,0.653314,0.750015],[0.0886983,-0.757087,0.647264]],[[0.989801,0.00693514,-0.142288],[-0.0761401,0.869935,-0.487254],[0.120402,0.493118,0.86159]],[[0.989801,0.00693514,-0.142288],[-0.126657,-0.414355,-0.901259],[-0.065208,0.910089,-0.40925]],[[0.989801,0.00693514,-0.142288],[-0.060592,-0.883467,-0.464558],[-0.128929,0.468441,-0.874037]]],"btipPosition":[11.2279,234.033,-32.4299],"carpPosition":[18.79,239.552,25.0364],"dipPosition":[8.85293,242.662,-48.5302],"direction":[0.065208,-0.910089,0.40925],"extended":false,"handId":473,"id":4732,"length":65.6822,"mcpPosition":[12.724,291.329,-19.2295],"pipPosition":[7.0353,268.03,-59.9378],"stabilizedTipPosition":[8.7591,239.176,-39.0533],"timeVisible":38.748,"tipPosition":[10.6247,236.07,-36.4564],"tipVelocity":[36.6995,-63.8358,59.3288],"tool":false,"touchDistance":0.333333,"touchZone":"none","type":2,"width":18.6218},{"bases":[[[0.982328,-0.160956,-0.0955254],[0.176532,0.627155,0.758625],[-0.0621959,-0.762082,0.644486]],[[0.983047,-0.151138,-0.103809],[0.0724097,0.840153,-0.537494],[0.168451,0.520865,0.836854]],[[0.983047,-0.151138,-0.103809],[-0.162368,-0.454543,-0.875801],[0.0851808,0.877808,-0.471377]],[[0.983047,-0.151138,-0.103809],[-0.18121,-0.887179,-0.424353],[-0.0279616,0.43597,-0.899527]]],"btipPosition":[25.3219,232.894,-23.4027],"carpPosition":[30.6815,240.734,23.5467],"dipPosition":[24.8098,240.879,-39.8773],"direction":[-0.0851808,-0.877808,0.471377],"extended":false,"handId":473,"id":4733,"length":63.1552,"mcpPosition":[34.5005,287.528,-16.026],"pipPosition":[27.1229,264.716,-52.6774],"stabilizedTipPosition":[23.3208,237.617,-29.3697],"timeVisible":38.748,"tipPosition":[25.114,234.634,-27.568],"tipVelocity":[37.307,-64.5704,44.8525],"tool":false,"touchDistance":0.333333,"touchZone":"none","type":3,"width":17.7198},{"bases":[[[0.925765,-0.349474,-0.144316],[0.320978,0.524678,0.788471],[-0.19983,-0.776261,0.597902]],[[0.938492,-0.288108,-0.190332],[0.169608,0.864756,-0.472685],[0.300775,0.411329,0.860432]],[[0.938492,-0.288108,-0.190332],[-0.285684,-0.338248,-0.896645],[0.193951,0.89587,-0.399751]],[[0.938492,-0.288108,-0.190332],[-0.345041,-0.803815,-0.48459],[-0.013378,0.520456,-0.853783]]],"btipPosition":[40.1312,239.676,-23.2569],"carpPosition":[42.6904,235.78,18.4605],"dipPosition":[39.9052,248.469,-37.6825],"direction":[-0.193951,-0.89587,0.399751],"extended":false,"handId":473,"id":4734,"length":49.5125,"mcpPosition":[54.0486,279.902,-15.5238],"pipPosition":[43.6237,265.645,-45.3467],"stabilizedTipPosition":[38.8764,243.878,-27.7305],"timeVisible":38.748,"tipPosition":[39.9866,241.784,-26.5831],"tipVelocity":[37.7542,-71.6635,37.5033],"tool":false,"touchDistance":0.333333,"touchZone":"none","type":4,"width":15.7401}],"r":[[0.855282,0.504627,0.11766],[-0.484371,0.85928,-0.164387],[-0.184057,0.0836063,0.979353]],"s":1.24147,"t":[44.4737,-33.6565,-34.0799],"timestamp":93550999318},false],[2,{"currentFrameRate":55.3214,"devices":[],"gestures":[{"center":[-27.1648,299.854,-96.7906],"duration":0,"handIds":[473],"id":26,"normal":[0.0153222,-0.0673957,0.997609],"pointableIds":[4731],"progress":1,"radius":27.2235,"state":"start","type":"circle"}],"hands":[{"armBasis":[[0.995652,0.0746189,-0.0557575],[-0.0587937,0.967695,0.245174],[0.0722508,-0.24083,0.967874]],"armWidth":62.4607,"confidence":0.448993,"direction":[-0.062935,0.848083,-0.526112],"elbow":[47.8336,161.366,278.097],"grabStrength":0,"id":473,"palmNormal":[0.0209134,-0.525921,-0.850277],"palmPosition":[18.013,267.288,-9.39888],"palmVelocity":[39.0746,-68.8346,36.7523],"palmWidth":89.1918,"pinchStrength":0.4819,"r":[[0.856884,0.502447,0.115312],[-0.483117,0.860734,-0.16042],[-0.179855,0.0817518,0.98029]],"s":1.23796,"sphereCenter":[-4.54379,260.632,-50.7969],"sphereRadius":47.5332,"stabilizedPalmPosition":[16.4602,269.936,-10.8602],"t":[45.1787,-34.9052,-33.4195],"timeVisible":38.766,"type":"right","wrist":[28.7114,225.105,21.9355]}],"id":1688747,"interactionBox":{"center":[0,200,0],"size":[235.247,235.247,147.751]},"pointables":[{"bases":[[[0.370525,0.661847,0.651667],[-0.787814,-0.147699,0.597942],[0.491997,-0.734945,0.466686]],[[0.297521,0.758781,0.579425],[-0.77447,-0.163078,0.61123],[0.558281,-0.630601,0.539134]],[[0.297521,0.758781,0.579425],[-0.94817,0.305787,0.0864226],[-0.111604,-0.575105,0.810431]],[[0.297521,0.758781,0.579425],[-0.705948,0.583436,-0.401546],[-0.642743,-0.289575,0.709244]]],"btipPosition":[-7.58128,271.61,-54.6092],"carpPosition":[1.26075,214.89,15.1281],"dipPosition":[-22.3265,264.967,-38.3384],"direction":[0.111604,0.575105,-0.810431],"extended":false,"handId":473,"id":4730,"length":51.0864,"mcpPosition":[1.26075,214.89,15.1281],"pipPosition":[-26.0565,245.746,-11.2523],"stabilizedTipPosition":[-11.1337,270.319,-51.0031],"timeVisible":38.766,"tipPosition":[-11.87,270.34,-50.7543],"tipVelocity":[48.9791,-65.9625,41.2485],"tool":false,"touchDistance":-0.137103,"touchZone":"touching","type":0,"width":19.8498},{"bases":[[[0.973067,0.205994,-0.10348],[-0.0547371,0.642514,0.764316],[0.223932,-0.738066,0.636485]],[[0.920701,0.328706,-0.210386],[-0.132416,0.770213,0.62389],[0.367118,-0.546557,0.752661]],[[0.920701,0.328706,-0.210386],[-0.213417,0.875396,0.433746],[0.326746,-0.35445,0.876129]],[[0.920701,0.328706,-0.210386],[-0.266646,0.923461,0.275898],[0.284973,-0.197921,0.937879]]],"btipPosition":[-36.0354,322.332,-88.2776],"carpPosition":[8.08833,234.376,25.7854],"dipPosition":[-31.2627,319.017,-72.5701],"direction":[-0.326746,0.35445,-0.876129],"extended":true,"handId":473,"id":4731,"length":57.6453,"mcpPosition":[-8.06064,287.602,-20.1151],"pipPosition":[-23.5212,310.619,-51.8122],"stabilizedTipPosition":[-35.0759,321.823,-84.8289],"timeVisible":38.766,"tipPosition":[-35.1162,322.452,-84.0882],"tipVelocity":[43.565,-75.2181,40.7845],"tool":false,"touchDistance":-0.11193,"touchZone":"touching","type":1,"width":18.9605},{"bases":[[[0.989353,-0.00818697,-0.145308],[0.115489,0.65173,0.749607],[0.0885645,-0.758407,0.645736]],[[0.988475,-0.00104807,-0.151379],[-0.0738278,0.869659,-0.488101],[0.13216,0.493652,0.859559]],[[0.988475,-0.00104807,-0.151379],[-0.13794,-0.418198,-0.897821],[-0.0623655,0.908355,-0.413523]],[[0.988475,-0.00104807,-0.151379],[-0.0711934,-0.885711,-0.458746],[-0.133598,0.464236,-0.875578]]],"btipPosition":[11.3844,233.005,-31.6606],"carpPosition":[19.4862,238.334,25.4577],"dipPosition":[8.92348,241.557,-47.7893],"direction":[0.0623655,-0.908355,0.413523],"extended":false,"handId":473,"id":4732,"length":65.6822,"mcpPosition":[13.4294,290.201,-18.7037],"pipPosition":[7.18508,266.877,-59.316],"stabilizedTipPosition":[9.10552,238.469,-38.4337],"timeVisible":38.766,"tipPosition":[10.7493,235.007,-35.7709],"tipVelocity":[22.9131,-61.1148,51.2984],"tool":false,"touchDistance":0.333333,"touchZone":"none","type":2,"width":18.6218},{"bases":[[[0.980062,-0.16881,-0.104791],[0.188643,0.624971,0.757512],[-0.0623846,-0.762177,0.644356]],[[0.980788,-0.158923,-0.113129],[0.0741446,0.840094,-0.53735],[0.180436,0.518639,0.835737]],[[0.980788,-0.158923,-0.113129],[-0.174219,-0.452691,-0.874482],[0.0877627,0.877391,-0.471681]],[[0.980788,-0.158923,-0.113129],[-0.192271,-0.885526,-0.422938],[-0.0329643,0.436564,-0.899069]]],"btipPosition":[25.5211,231.685,-23.034],"carpPosition":[31.3725,239.421,23.8587],"dipPosition":[24.9174,239.68,-39.5002],"direction":[-0.0877627,-0.877391,0.471681],"extended":false,"handId":473,"id":4733,"length":63.1552,"mcpPosition":[35.2031,286.22,-15.706],"pipPosition":[27.3006,263.505,-52.3085],"stabilizedTipPosition":[23.7726,236.72,-28.8112],"timeVisible":38.766,"tipPosition":[25.2873,233.425,-27.1933],"tipVelocity":[24.3214,-65.7542,33.3612],"tool":false,"touchDistance":0.333333,"touchZone":"none","type":3,"width":17.7198},{"bases":[[[0.921523,-0.356817,-0.153222],[0.332525,0.521299,0.785923],[-0.200556,-0.775197,0.599039]],[[0.934389,-0.295075,-0.199619],[0.171831,0.864128,-0.473029],[0.312075,0.407692,0.858135]],[[0.934389,-0.295075,-0.199619],[-0.296848,-0.335069,-0.894209],[0.196972,0.894796,-0.400677]],[[0.934389,-0.295075,-0.199619],[-0.355814,-0.800795,-0.481792],[-0.0176896,0.521208,-0.853246]]],"btipPosition":[40.3984,238.343,-23.0371],"carpPosition":[43.2932,234.374,18.6567],"dipPosition":[40.0996,247.15,-37.4536],"direction":[-0.196972,-0.894796,0.400677],"extended":false,"handId":473,"id":4734,"length":49.5125,"mcpPosition":[54.6926,278.436,-15.3922],"pipPosition":[43.876,264.305,-45.1355],"stabilizedTipPosition":[39.3536,242.726,-27.2781],"timeVisible":38.766,"tipPosition":[40.2327,240.449,-26.3578],"tipVelocity":[26.4606,-72.7005,25.5773],"tool":false,"touchDistance":0.333333,"touchZone":"none","type":4,"width":15.7401}],"r":[[0.856884,0.502447,0.115312],[-0.483117,0.860734,-0.16042],[-0.179855,0.0817518,0.98029]],"s":1.23796,"t":[45.1787,-34.9052,-33.4195],"timestamp":93551017317},false],[3,{"currentFrameRate":55.3223,"devices":[],"gestures":[{"center":[-27.1648,299.854,-96.7906],"duration":0,"handIds":[473],"id":26,"normal":[0.0153222,-0.0673957,0.997609],"pointableIds":[4731],"progress":1,"radius":27.2235,"state":"start","type":"circle"}],"hands":[{"armBasis":[[0.995788,0.0729255,-0.0555638],[-0.057138,0.9676,0.24594],[0.0716988,-0.241729,0.967691]],"armWidth":62.4607,"confidence":0.466735,"direction":[-0.0630945,0.848261,-0.525806],"elbow":[47.8664,160.839,278.335],"grabStrength":0,"id":473,"palmNormal":[0.0184759,-0.525772,-0.850425],"palmPosition":[18.1729,267.017,-9.08127],"palmVelocity":[24.7119,-43.2436,27.6399],"palmWidth":89.1918,"pinchStrength":0.491188,"r":[[0.858318,0.500504,0.113075],[-0.481971,0.862006,-0.157004],[-0.176052,0.0802611,0.981103]],"s":1.23442,"sphereCenter":[-4.18791,260.339,-50.4652],"sphereRadius":47.3982,"stabilizedPalmPosition":[16.8987,269.189,-10.4047],"t":[45.6111,-35.6649,-32.9306],"timeVisible":38.7841,"type":"right","wrist":[28.8903,224.816,22.2216]}],"id":1688748,"interactionBox":{"center":[0,200,0],"size":[235.247,235.247,147.751]},"pointables":[{"bases":[[[0.37269,0.661289,0.650999],[-0.786692,-0.146915,0.59961],[0.492157,-0.735604,0.465477]],[[0.298248,0.759957,0.577506],[-0.776528,-0.158637,0.609786],[0.555025,-0.630317,0.542815]],[[0.298248,0.759957,0.577506],[-0.947446,0.309072,0.0825844],[-0.11573,-0.571787,0.812198]],[[0.298248,0.759957,0.577506],[-0.698125,0.586284,-0.410967],[-0.650899,-0.280601,0.705403]]],"btipPosition":[-6.94437,271.023,-54.417],"carpPosition":[1.41335,214.634,15.4713],"dipPosition":[-21.8767,264.586,-38.2343],"direction":[0.11573,0.571787,-0.812198],"extended":false,"handId":473,"id":4730,"length":51.0864,"mcpPosition":[1.41335,214.634,15.4713],"pipPosition":[-25.7446,245.476,-11.0892],"stabilizedTipPosition":[-10.5008,269.668,-50.7448],"timeVisible":38.7841,"tipPosition":[-11.3553,269.883,-50.5095],"tipVelocity":[41.3202,-48.8078,26.1693],"tool":false,"touchDistance":-0.134238,"touchZone":"touching","type":0,"width":19.8498},{"bases":[[[0.973077,0.204897,-0.105536],[-0.0523509,0.642422,0.764561],[0.224455,-0.738452,0.635853]],[[0.920964,0.327077,-0.211766],[-0.131466,0.772449,0.62132],[0.366798,-0.544374,0.754398]],[[0.920964,0.327077,-0.211766],[-0.213024,0.877719,0.429219],[0.326259,-0.350184,0.878024]],[[0.920964,0.327077,-0.211766],[-0.266506,0.925237,0.27002],[0.284251,-0.192242,0.939279]]],"btipPosition":[-35.8381,321.805,-88.0411],"carpPosition":[8.28627,234.11,26.1178],"dipPosition":[-31.0775,318.586,-72.3102],"direction":[-0.326259,0.350184,-0.878024],"extended":true,"handId":473,"id":4731,"length":57.6453,"mcpPosition":[-7.90044,287.364,-19.7372],"pipPosition":[-23.3475,310.289,-51.5074],"stabilizedTipPosition":[-34.8015,321.198,-84.4941],"timeVisible":38.7841,"tipPosition":[-34.9513,321.974,-83.8246],"tipVelocity":[27.9788,-52.7504,27.7645],"tool":false,"touchDistance":-0.107899,"touchZone":"touching","type":1,"width":18.9605},{"bases":[[[0.989027,-0.00929402,-0.147442],[0.117854,0.651445,0.749486],[0.0890848,-0.758639,0.645392]],[[0.988153,-0.00221512,-0.153458],[-0.0740634,0.868878,-0.489455],[0.13442,0.495022,0.85842]],[[0.988153,-0.00221512,-0.153458],[-0.140055,-0.421903,-0.895758],[-0.06276,0.906638,-0.417215]],[[0.988153,-0.00221512,-0.153458],[-0.0725798,-0.887762,-0.454545],[-0.135227,0.460298,-0.877405]]],"btipPosition":[11.4848,232.797,-31.1381],"carpPosition":[19.688,238.055,25.7663],"dipPosition":[8.99385,241.276,-47.3004],"direction":[0.06276,-0.906638,0.417215],"extended":false,"handId":473,"id":4732,"length":65.6822,"mcpPosition":[13.5955,289.937,-18.3716],"pipPosition":[7.24446,266.548,-58.9301],"stabilizedTipPosition":[9.35029,237.965,-37.9488],"timeVisible":38.7841,"tipPosition":[10.8362,234.77,-35.3019],"tipVelocity":[14.4839,-37.9797,40.4572],"tool":false,"touchDistance":0.333333,"touchZone":"none","type":2,"width":18.6218},{"bases":[[[0.979639,-0.169915,-0.106937],[0.190994,0.624601,0.757228],[-0.061871,-0.762235,0.644336]],[[0.980365,-0.159923,-0.115363],[0.0737268,0.839876,-0.537748],[0.182888,0.518684,0.835176]],[[0.980365,-0.159923,-0.115363],[-0.176791,-0.453702,-0.873441],[0.0873429,0.876687,-0.473066]],[[0.980365,-0.159923,-0.115363],[-0.19408,-0.886036,-0.421038],[-0.0348819,0.435161,-0.899677]]],"btipPosition":[25.6282,231.438,-22.6763],"carpPosition":[31.572,239.128,24.1419],"dipPosition":[24.9894,239.408,-39.1536],"direction":[-0.0873429,-0.876687,0.473066],"extended":false,"handId":473,"id":4733,"length":63.1552,"mcpPosition":[35.371,285.931,-15.4217],"pipPosition":[27.3611,263.214,-51.9995],"stabilizedTipPosition":[24.1203,236.018,-28.3341],"timeVisible":38.7841,"tipPosition":[25.3829,233.168,-26.8481],"tipVelocity":[15.369,-41.1425,26.8456],"tool":false,"touchDistance":0.333333,"touchZone":"none","type":3,"width":17.7198},{"bases":[[[0.92078,-0.357844,-0.15528],[0.334817,0.520757,0.785308],[-0.200155,-0.775087,0.599315]],[[0.933733,-0.295376,-0.202227],[0.171512,0.865009,-0.471532],[0.314207,0.405601,0.858348]],[[0.933733,-0.295376,-0.202227],[-0.299044,-0.333118,-0.894206],[0.196762,0.895425,-0.399374]],[[0.933733,-0.295376,-0.202227],[-0.357442,-0.800006,-0.481897],[-0.0194416,0.522248,-0.852572]]],"btipPosition":[40.5178,238.075,-22.8401],"carpPosition":[43.4756,234.069,18.9132],"dipPosition":[40.1894,246.899,-37.2453],"direction":[-0.196762,-0.895425,0.399374],"extended":false,"handId":473,"id":4734,"length":49.5125,"mcpPosition":[54.8523,278.124,-15.1514],"pipPosition":[43.9617,264.066,-44.9021],"stabilizedTipPosition":[39.6924,241.91,-26.9281],"timeVisible":38.7841,"tipPosition":[40.3412,240.171,-26.1324],"tipVelocity":[16.8483,-45.115,18.6725],"tool":false,"touchDistance":0.333333,"touchZone":"none","type":4,"width":15.7401}],"r":[[0.858318,0.500504,0.113075],[-0.481971,0.862006,-0.157004],[-0.176052,0.0802611,0.981103]],"s":1.23442,"t":[45.6111,-35.6649,-32.9306],"timestamp":93551035390},false],[4,{"currentFrameRate":55.3251,"devices":[],"gestures":[{"center":[-27.1648,299.854,-96.7906],"duration":0,"handIds":[473],"id":26,"normal":[0.0153222,-0.0673957,0.997609],"pointableIds":[4731],"progress":1,"radius":27.2235,"state":"start","type":"circle"}],"hands":[{"armBasis":[[0.995836,0.0721168,-0.0557695],[-0.0565581,0.968506,0.24248],[0.0715001,-0.238316,0.968552]],"armWidth":62.4607,"confidence":0.471305,"direction":[-0.062261,0.848338,-0.525782],"elbow":[47.928,161.49,278.875],"grabStrength":0,"id":473,"palmNormal":[0.0183151,-0.525744,-0.850446],"palmPosition":[18.3301,266.775,-8.77015],"palmVelocity":[17.1078,-29.077,22.6917],"palmWidth":89.1918,"pinchStrength":0.500423,"r":[[0.859529,0.498813,0.111335],[-0.480896,0.863094,-0.154294],[-0.173056,0.07908,0.981732]],"s":1.23107,"sphereCenter":[-3.86249,260.106,-50.1444],"sphereRadius":47.3097,"stabilizedPalmPosition":[17.2109,268.662,-10.0482],"t":[45.9059,-36.1659,-32.5305],"timeVisible":38.8022,"type":"right","wrist":[29.0045,224.564,22.5338]}],"id":1688749,"interactionBox":{"center":[0,200,0],"size":[235.247,235.247,147.751]},"pointables":[{"bases":[[[0.373018,0.66096,0.651145],[-0.78699,-0.14632,0.599364],[0.491431,-0.736018,0.465589]],[[0.29701,0.761642,0.575922],[-0.779353,-0.15513,0.607078],[0.551719,-0.629155,0.547513]],[[0.29701,0.761642,0.575922],[-0.947109,0.31174,0.0761683],[-0.121525,-0.568084,0.813948]],[[0.29701,0.761642,0.575922],[-0.687665,0.589072,-0.424395],[-0.662497,-0.269992,0.698715]]],"btipPosition":[-6.21471,270.369,-54.2486],"carpPosition":[1.5215,214.403,15.7747],"dipPosition":[-21.4131,264.175,-38.2193],"direction":[0.121525,0.568084,-0.813948],"extended":false,"handId":473,"id":4730,"length":51.0864,"mcpPosition":[1.5215,214.403,15.7747],"pipPosition":[-25.4747,245.189,-11.0157],"stabilizedTipPosition":[-9.81512,269.04,-50.5861],"timeVisible":38.8022,"tipPosition":[-10.749,269.383,-50.3265],"tipVelocity":[39.2699,-41.3561,17.2405],"tool":false,"touchDistance":-0.132019,"touchZone":"touching","type":0,"width":19.8498},{"bases":[[[0.973272,0.204129,-0.105232],[-0.0520714,0.642425,0.764577],[0.223675,-0.738662,0.635883]],[[0.921548,0.325887,-0.21106],[-0.131591,0.773581,0.619884],[0.365285,-0.543479,0.755776]],[[0.921548,0.325887,-0.21106],[-0.213036,0.878872,0.426848],[0.324599,-0.348397,0.879349]],[[0.921548,0.325887,-0.21106],[-0.266359,0.926149,0.267022],[0.282492,-0.189856,0.940294]]],"btipPosition":[-35.529,321.464,-87.8433],"carpPosition":[8.40668,233.873,26.4242],"dipPosition":[-30.7978,318.285,-72.0953],"direction":[-0.324599,0.348397,-0.879349],"extended":true,"handId":473,"id":4731,"length":57.6453,"mcpPosition":[-7.72382,287.142,-19.4329],"pipPosition":[-23.1072,310.03,-51.2612],"stabilizedTipPosition":[-34.5037,320.814,-84.2688],"timeVisible":38.8022,"tipPosition":[-34.6646,321.633,-83.6252],"tipVelocity":[22.6401,-36.4222,19.8808],"tool":false,"touchDistance":-0.104537,"touchZone":"touching","type":1,"width":18.9605},{"bases":[[[0.989064,-0.0100729,-0.147144],[0.118145,0.651314,0.749555],[0.0882864,-0.758742,0.645381]],[[0.9882,-0.00301578,-0.15314],[-0.0736174,0.867403,-0.49213],[0.134318,0.497597,0.856946]],[[0.9882,-0.00301578,-0.15314],[-0.139792,-0.426387,-0.893673],[-0.0626016,0.904536,-0.421777]],[[0.9882,-0.00301578,-0.15314],[-0.0725142,-0.889875,-0.450405],[-0.134917,0.456195,-0.879593]]],"btipPosition":[11.6578,232.572,-30.5901],"carpPosition":[19.8116,237.809,26.0764],"dipPosition":[9.17252,240.975,-46.7927],"direction":[0.0626016,-0.904536,0.421777],"extended":false,"handId":473,"id":4732,"length":65.6822,"mcpPosition":[13.7738,289.699,-18.0607],"pipPosition":[7.42754,266.189,-58.5495],"stabilizedTipPosition":[9.52304,237.621,-37.5874],"timeVisible":38.8022,"tipPosition":[11.0027,234.53,-34.8195],"tipVelocity":[12.1862,-26.333,35.4059],"tool":false,"touchDistance":0.333333,"touchZone":"none","type":2,"width":18.6218},{"bases":[[[0.979536,-0.170688,-0.10665],[0.191261,0.624411,0.757318],[-0.0626719,-0.762218,0.644279]],[[0.980281,-0.160575,-0.115176],[0.0743741,0.839787,-0.537797],[0.18308,0.518626,0.83517]],[[0.980281,-0.160575,-0.115176],[-0.177042,-0.454735,-0.872853],[0.0877838,0.876032,-0.474197]],[[0.980281,-0.160575,-0.115176],[-0.194528,-0.886681,-0.419471],[-0.034768,0.433604,-0.900433]]],"btipPosition":[25.78,231.232,-22.3142],"carpPosition":[31.697,238.873,24.4556],"dipPosition":[25.1432,239.173,-38.8054],"direction":[-0.0877838,-0.876032,0.474197],"extended":false,"handId":473,"id":4733,"length":63.1552,"mcpPosition":[35.5452,285.675,-15.1044],"pipPosition":[27.5269,262.961,-51.682],"stabilizedTipPosition":[24.3775,235.515,-27.9556],"timeVisible":38.8022,"tipPosition":[25.5322,232.946,-26.4943],"tipVelocity":[12.0704,-27.213,23.5305],"tool":false,"touchDistance":0.333333,"touchZone":"none","type":3,"width":17.7198},{"bases":[[[0.920542,-0.358568,-0.15502],[0.334993,0.520451,0.785436],[-0.200952,-0.774958,0.599215]],[[0.933626,-0.295687,-0.202267],[0.172079,0.865338,-0.470722],[0.314215,0.404672,0.858784]],[[0.933626,-0.295687,-0.202267],[-0.299083,-0.332517,-0.894417],[0.19721,0.895546,-0.398881]],[[0.933626,-0.295687,-0.202267],[-0.357731,-0.799827,-0.481981],[-0.0192632,0.522347,-0.852515]]],"btipPosition":[40.6738,237.832,-22.5428],"carpPosition":[43.5982,233.805,19.2303],"dipPosition":[40.3484,246.657,-36.947],"direction":[-0.19721,-0.895546,0.398881],"extended":false,"handId":473,"id":4734,"length":49.5125,"mcpPosition":[55.0201,277.853,-14.8287],"pipPosition":[44.1293,263.827,-44.5944],"stabilizedTipPosition":[39.9393,241.352,-26.636],"timeVisible":38.8022,"tipPosition":[40.4943,239.92,-25.8279],"tipVelocity":[12.965,-30.0671,17.6259],"tool":false,"touchDistance":0.333333,"touchZone":"none","type":4,"width":15.7401}],"r":[[0.859529,0.498813,0.111335],[-0.480896,0.863094,-0.154294],[-0.173056,0.07908,0.981732]],"s":1.23107,"t":[45.9059,-36.1659,-32.5305],"timestamp":93551053455},false],[5,{"currentFrameRate":50.7528,"devices":[],"gestures":[{"center":[-27.1648,299.854,-96.7906],"duration":0,"handIds":[473],"id":26,"normal":[0.0153222,-0.0673957,0.997609],"pointableIds":[4731],"progress":1,"radius":27.2235,"state":"start","type":"circle"}],"hands":[{"armBasis":[[0.995768,0.0731528,-0.0556295],[-0.0577082,0.968807,0.241005],[0.0715244,-0.236775,0.968928]],"armWidth":62.4607,"confidence":0.49796,"direction":[-0.0632333,0.848298,-0.52573],"elbow":[48.1612,161.822,279.243],"grabStrength":0,"id":473,"palmNormal":[0.0189028,-0.525672,-0.850477],"palmPosition":[18.5084,266.689,-8.49848],"palmVelocity":[8.28557,-9.73196,11.6941],"palmWidth":89.1918,"pinchStrength":0.502298,"r":[[0.860379,0.497656,0.109942],[-0.480227,0.863853,-0.152116],[-0.170675,0.0780804,0.982229]],"s":1.22835,"sphereCenter":[-3.49123,259.966,-49.9003],"sphereRadius":47.2384,"stabilizedPalmPosition":[17.5265,268.182,-9.67127],"t":[46.1424,-36.4594,-32.1946],"timeVisible":38.8383,"type":"right","wrist":[29.2313,224.488,22.8028]}],"id":1688750,"interactionBox":{"center":[0,200,0],"size":[235.247,235.247,147.751]},"pointables":[{"bases":[[[0.372274,0.661345,0.65118],[-0.786815,-0.147251,0.599365],[0.492274,-0.735486,0.465539]],[[0.29549,0.762714,0.575286],[-0.78023,-0.154827,0.606027],[0.551295,-0.62793,0.549343]],[[0.29549,0.762714,0.575286],[-0.947629,0.310388,0.0752278],[-0.121184,-0.567386,0.814486]],[[0.29549,0.762714,0.575286],[-0.685483,0.588706,-0.428414],[-0.665431,-0.267756,0.696784]]],"btipPosition":[-5.8998,270.128,-54.043],"carpPosition":[1.75976,214.297,16.0434],"dipPosition":[-21.1655,263.985,-38.0581],"direction":[0.121184,0.567386,-0.814486],"extended":false,"handId":473,"id":4730,"length":51.0864,"mcpPosition":[1.75976,214.297,16.0434],"pipPosition":[-25.2157,245.022,-10.8365],"stabilizedTipPosition":[-9.41624,268.719,-50.3694],"timeVisible":38.8383,"tipPosition":[-10.4094,269.159,-50.1201],"tipVelocity":[16.8161,-15.9865,8.66347],"tool":false,"touchDistance":-0.128763,"touchZone":"touching","type":0,"width":19.8498},{"bases":[[[0.973037,0.205243,-0.105232],[-0.052793,0.64232,0.764616],[0.224524,-0.738445,0.635836]],[[0.921458,0.326437,-0.210603],[-0.133122,0.774635,0.618239],[0.364956,-0.541645,0.75725]],[[0.921458,0.326437,-0.210603],[-0.214942,0.879997,0.423563],[0.323596,-0.345028,0.881045]],[[0.921458,0.326437,-0.210603],[-0.268344,0.926857,0.262541],[0.280902,-0.185407,0.941657]]],"btipPosition":[-35.3097,321.118,-87.6952],"carpPosition":[8.62291,233.774,26.694],"dipPosition":[-30.6052,318.012,-71.9244],"direction":[-0.323596,0.345028,-0.881045],"extended":true,"handId":473,"id":4731,"length":57.6453,"mcpPosition":[-7.56879,287.027,-19.1597],"pipPosition":[-22.9383,309.838,-51.05],"stabilizedTipPosition":[-34.2349,320.414,-84.0732],"timeVisible":38.8383,"tipPosition":[-34.4702,321.298,-83.474],"tipVelocity":[10.5068,-16.6342,8.54909],"tool":false,"touchDistance":-0.10198,"touchZone":"touching","type":1,"width":18.9605},{"bases":[[[0.989073,-0.00893823,-0.147157],[0.117413,0.651403,0.749592],[0.0891582,-0.758679,0.645335]],[[0.988212,-0.0019713,-0.153076],[-0.0746909,0.866623,-0.493341],[0.133632,0.498959,0.85626]],[[0.988212,-0.0019713,-0.153076],[-0.139106,-0.429061,-0.8925],[-0.0639197,0.903273,-0.424278]],[[0.988212,-0.0019713,-0.153076],[-0.0711584,-0.891248,-0.447899],[-0.135546,0.453512,-0.880882]]],"btipPosition":[11.8906,232.501,-30.1911],"carpPosition":[20.0233,237.723,26.3463],"dipPosition":[9.39379,240.855,-46.4175],"direction":[0.0639197,-0.903273,0.424278],"extended":false,"handId":473,"id":4732,"length":65.6822,"mcpPosition":[13.9259,289.608,-17.7876],"pipPosition":[7.61207,266.033,-58.244],"stabilizedTipPosition":[9.69016,237.323,-37.2459],"timeVisible":38.8383,"tipPosition":[11.232,234.444,-34.4424],"tipVelocity":[7.96972,-8.89202,17.637],"tool":false,"touchDistance":0.333333,"touchZone":"none","type":2,"width":18.6218},{"bases":[[[0.979729,-0.169567,-0.106672],[0.19056,0.624583,0.757353],[-0.0617961,-0.762328,0.644234]],[[0.980471,-0.159301,-0.115325],[0.0732875,0.840131,-0.53741],[0.182498,0.518463,0.835399]],[[0.980471,-0.159301,-0.115325],[-0.176642,-0.455553,-0.872507],[0.086454,0.87584,-0.474796]],[[0.980471,-0.159301,-0.115325],[-0.193392,-0.887502,-0.418258],[-0.0357229,0.432393,-0.900977]]],"btipPosition":[26.0158,231.2,-22.0254],"carpPosition":[31.9075,238.801,24.7255],"dipPosition":[25.3615,239.119,-38.5266],"direction":[-0.086454,-0.87584,0.474796],"extended":false,"handId":473,"id":4733,"length":63.1552,"mcpPosition":[35.7019,285.609,-14.8318],"pipPosition":[27.7091,262.902,-51.4194],"stabilizedTipPosition":[24.648,235.062,-27.5673],"timeVisible":38.8383,"tipPosition":[25.7618,232.898,-26.2006],"tipVelocity":[7.9697,-8.22832,12.2226],"tool":false,"touchDistance":0.333333,"touchZone":"none","type":3,"width":17.7198},{"bases":[[[0.920948,-0.357511,-0.155053],[0.33441,0.520786,0.785463],[-0.200062,-0.775222,0.599172]],[[0.934037,-0.29412,-0.202655],[0.170716,0.865993,-0.470013],[0.313738,0.404413,0.85908]],[[0.934037,-0.29412,-0.202655],[-0.298877,-0.332928,-0.894333],[0.195572,0.895908,-0.398873]],[[0.934037,-0.29412,-0.202655],[-0.356579,-0.80068,-0.481417],[-0.0206676,0.521923,-0.852742]]],"btipPosition":[40.9111,237.797,-22.2775],"carpPosition":[43.8144,233.746,19.4997],"dipPosition":[40.5619,246.615,-36.6856],"direction":[-0.195572,-0.895908,0.398873],"extended":false,"handId":473,"id":4734,"length":49.5125,"mcpPosition":[55.1858,277.809,-14.5568],"pipPosition":[44.3115,263.792,-44.3329],"stabilizedTipPosition":[40.2074,240.893,-26.3219],"timeVisible":38.8383,"tipPosition":[40.7201,239.873,-25.5623],"tipVelocity":[8.21712,-9.00931,10.1529],"tool":false,"touchDistance":0.333333,"touchZone":"none","type":4,"width":15.7401}],"r":[[0.860379,0.497656,0.109942],[-0.480227,0.863853,-0.152116],[-0.170675,0.0780804,0.982229]],"s":1.22835,"t":[46.1424,-36.4594,-32.1946],"timestamp":93551089609},false],[6,{"currentFrameRate":51.1487,"devices":[],"gestures":[{"center":[-27.1648,299.854,-96.7906],"duration":0,"handIds":[473],"id":26,"normal":[0.0153222,-0.0673957,0.997609],"pointableIds":[4731],"progress":1,"radius":27.2235,"state":"stop","type":"circle"}],"hands":[{"armBasis":[[0.995888,0.0704938,-0.0569033],[-0.0548341,0.969027,0.240791],[0.0721151,-0.23668,0.968908]],"armWidth":62.4607,"confidence":0.502854,"direction":[-0.0618687,0.848539,-0.525504],"elbow":[48.3851,161.488,279.36],"grabStrength":0,"id":473,"palmNormal":[0.0161968,-0.525589,-0.850584],"palmPosition":[18.6358,266.362,-8.35265],"palmVelocity":[7.69808,-13.7011,9.97195],"palmWidth":89.1918,"pinchStrength":0.502623,"r":[[0.861347,0.496281,0.108567],[-0.479288,0.86471,-0.150196],[-0.168419,0.0773362,0.982677]],"s":1.22621,"sphereCenter":[-3.33867,259.696,-49.7126],"sphereRadius":47.1903,"stabilizedPalmPosition":[17.6604,267.962,-9.51214],"t":[46.3244,-36.7696,-31.9538],"timeVisible":38.8564,"type":"right","wrist":[29.2989,224.129,22.9253]}],"id":1688751,"interactionBox":{"center":[0,200,0],"size":[235.247,235.247,147.751]},"pointables":[{"bases":[[[0.375014,0.66028,0.650688],[-0.786245,-0.145306,0.600588],[0.491105,-0.736829,0.46465]],[[0.297676,0.76267,0.574215],[-0.780728,-0.151673,0.606184],[0.549412,-0.628752,0.550289]],[[0.297676,0.76267,0.574215],[-0.946777,0.313015,0.075069],[-0.122485,-0.566,0.815256]],[[0.297676,0.76267,0.574215],[-0.682052,0.590755,-0.43106],[-0.667978,-0.263328,0.696035]]],"btipPosition":[-5.6751,269.733,-53.9334],"carpPosition":[1.79043,214.01,16.2079],"dipPosition":[-20.9992,263.692,-37.9656],"direction":[0.122485,0.566,-0.815256],"extended":false,"handId":473,"id":4730,"length":51.0864,"mcpPosition":[1.79043,214.01,16.2079],"pipPosition":[-25.0929,244.775,-10.7183],"stabilizedTipPosition":[-9.22124,268.381,-50.2716],"timeVisible":38.8564,"tipPosition":[-10.1977,268.814,-49.9908],"tipVelocity":[14.3808,-18.1556,7.32651],"tool":false,"touchDistance":-0.127001,"touchZone":"touching","type":0,"width":19.8498},{"bases":[[[0.973398,0.202739,-0.10674],[-0.0499206,0.642337,0.764794],[0.223617,-0.739121,0.635371]],[[0.922113,0.323817,-0.211779],[-0.130508,0.77557,0.617624],[0.364247,-0.54188,0.757424]],[[0.922113,0.323817,-0.211779],[-0.212524,0.88127,0.422134],[0.323329,-0.344247,0.881449]],[[0.922113,0.323817,-0.211779],[-0.266084,0.928082,0.260504],[0.280904,-0.183863,0.941959]]],"btipPosition":[-35.1102,320.825,-87.527],"carpPosition":[8.72081,233.467,26.8506],"dipPosition":[-30.4057,317.746,-71.7511],"direction":[-0.323329,0.344247,-0.881449],"extended":true,"handId":473,"id":4731,"length":57.6453,"mcpPosition":[-7.4055,286.77,-18.9696],"pipPosition":[-22.7451,309.59,-50.8672],"stabilizedTipPosition":[-34.0618,320.165,-83.9269],"timeVisible":38.8564,"tipPosition":[-34.2767,321.012,-83.3038],"tipVelocity":[10.759,-16.2587,8.93945],"tool":false,"touchDistance":-0.099158,"touchZone":"touching","type":1,"width":18.9605},{"bases":[[[0.988812,-0.0114758,-0.148723],[0.120284,0.650982,0.749502],[0.0882146,-0.759006,0.64508]],[[0.987979,-0.0046488,-0.154518],[-0.0735089,0.865182,-0.49604],[0.135993,0.501436,0.85444]],[[0.987979,-0.0046488,-0.154518],[-0.141255,-0.43324,-0.89014],[-0.0628055,0.901267,-0.428689]],[[0.987979,-0.0046488,-0.154518],[-0.0736157,-0.893085,-0.443824],[-0.135935,0.449864,-0.882692]]],"btipPosition":[11.9272,232.194,-29.7924],"carpPosition":[20.1309,237.387,26.4854],"dipPosition":[9.42325,240.481,-46.0521],"direction":[0.0628055,-0.901267,0.428689],"extended":false,"handId":473,"id":4732,"length":65.6822,"mcpPosition":[14.0979,289.295,-17.6311],"pipPosition":[7.67258,265.603,-58.0015],"stabilizedTipPosition":[9.7502,237.206,-37.1117],"timeVisible":38.8564,"tipPosition":[11.259,234.13,-34.1129],"tipVelocity":[5.10253,-13.1582,19.5397],"tool":false,"touchDistance":0.333333,"touchZone":"none","type":2,"width":18.6218},{"bases":[[[0.979116,-0.172086,-0.108247],[0.193374,0.623972,0.757143],[-0.0627502,-0.762263,0.644218]],[[0.979882,-0.161661,-0.117034],[0.0744631,0.840204,-0.537133],[0.185166,0.517612,0.835339]],[[0.979882,-0.161661,-0.117034],[-0.179321,-0.455745,-0.871861],[0.0876079,0.875307,-0.475565]],[[0.979882,-0.161661,-0.117034],[-0.196209,-0.887609,-0.416715],[-0.0365142,0.431295,-0.901472]]],"btipPosition":[26.0484,230.901,-21.8714],"carpPosition":[32.0152,238.434,24.8459],"di