{"sensorType":"Leap","data":[[0,{"currentFrameRate":55.3195,"devices":[],"gestures":[],"hands":[{"armBasis":[[0.996891,0.0697843,-0.0365772],[-0.0575334,0.961927,0.267183],[0.0538298,-0.264248,0.962951]],"armWidth":62.4607,"confidence":0.425394,"direction":[-0.0411479,0.864293,-0.501303],"elbow":[48.9112,164.73,277.853],"grabStrength":0,"id":473,"palmNormal":[0.0402303,-0.499888,-0.865155],"palmPosition":[25.197,277.883,-7.31052],"palmVelocity":[63.8424,-21.2309,43.2411],"palmWidth":89.1918,"pinchStrength":0.472189,"r":[[0.863836,0.480138,0.152495],[-0.462882,0.875944,-0.135875],[-0.198816,0.0467867,0.978919]],"s":1.2359,"sphereCenter":[3.49841,272.896,-49.3899],"sphereRadius":47.7503,"stabilizedPalmPosition":[22.7641,278.713,-8.97829],"t":[51.9238,-25.1696,-31.4425],"timeVisible":37.1484,"type":"right","wrist":[34.6644,234.667,22.9946]}],"id":1688658,"interactionBox":{"center":[0,200,0],"size":[235.247,235.247,147.751]},"pointables":[{"bases":[[[0.357718,0.638205,0.681713],[-0.805393,-0.158627,0.571121],[0.47263,-0.753347,0.457262]],[[0.294216,0.729465,0.61751],[-0.793409,-0.173809,0.583346],[0.532859,-0.661568,0.527626]],[[0.294216,0.729465,0.61751],[-0.94788,0.3054,0.0908548],[-0.122312,-0.612056,0.781298]],[[0.294216,0.729465,0.61751],[-0.656709,0.623724,-0.423913],[-0.694385,-0.280802,0.662556]]],"btipPosition":[1.27443,284.187,-52.0092],"carpPosition":[7.32998,224.918,15.1202],"dipPosition":[-14.6555,277.745,-36.8095],"direction":[0.122312,0.612056,-0.781298],"extended":false,"handId":473,"id":4730,"length":51.0864,"mcpPosition":[7.32998,224.918,15.1202],"pipPosition":[-18.7434,257.289,-10.6971],"stabilizedTipPosition":[-2.65134,282.866,-48.6222],"timeVisible":37.1484,"tipPosition":[-2.88112,282.599,-48.6606],"tipVelocity":[67.0748,-35.5507,34.7522],"tool":false,"touchDistance":-0.0942038,"touchZone":"touching","type":0,"width":19.8498},{"bases":[[[0.977261,0.200092,-0.0701699],[-0.0706678,0.619358,0.781922],[0.199916,-0.759183,0.619414]],[[0.931308,0.321759,-0.170696],[-0.134337,0.739035,0.660137],[0.338555,-0.59186,0.731493]],[[0.931308,0.321759,-0.170696],[-0.21033,0.857688,0.469183],[0.297367,-0.401051,0.866447]],[[0.931308,0.321759,-0.170696],[-0.259957,0.91543,0.307262],[0.255124,-0.241782,0.936191]]],"btipPosition":[-25.9729,337.231,-85.1261],"carpPosition":[14.0201,244.005,26.5567],"dipPosition":[-21.7001,333.181,-69.4468],"direction":[-0.297368,0.401051,-0.866447],"extended":true,"handId":473,"id":4731,"length":57.6453,"mcpPosition":[-0.396953,298.754,-18.1128],"pipPosition":[-14.6546,323.679,-48.9184],"stabilizedTipPosition":[-25.0546,336.362,-81.5271],"timeVisible":37.1484,"tipPosition":[-25.2218,337.104,-80.931],"tipVelocity":[68.1565,-62.4815,13.9125],"tool":false,"touchDistance":-0.0634748,"touchZone":"touching","type":1,"width":18.9605},{"bases":[[[0.992918,-0.0128532,-0.118103],[0.0999734,0.627451,0.772212],[0.0641786,-0.77855,0.624292]],[[0.99242,-0.00713173,-0.122688],[-0.0519713,0.880298,-0.471566],[0.111365,0.474368,0.873254]],[[0.99242,-0.00713173,-0.122688],[-0.115595,-0.39311,-0.912196],[-0.0417242,0.919464,-0.390955]],[[0.99242,-0.00713173,-0.122688],[-0.0667158,-0.869666,-0.489111],[-0.103209,0.493588,-0.86355]]],"btipPosition":[18.8687,243.976,-30.4835],"carpPosition":[25.4554,247.866,26.6659],"dipPosition":[16.9676,253.068,-46.3906],"direction":[0.0417242,-0.919464,0.390955],"extended":false,"handId":473,"id":4732,"length":65.6822,"mcpPosition":[21.0663,301.111,-16.0289],"pipPosition":[15.8045,278.698,-57.2882],"stabilizedTipPosition":[16.129,247.008,-35.8817],"timeVisible":37.1484,"tipPosition":[18.388,246.023,-34.4637],"tipVelocity":[71.7588,-26.5421,53.804],"tool":false,"touchDistance":0.333333,"touchZone":"none","type":2,"width":18.6218},{"bases":[[[0.98116,-0.174546,-0.0828205],[0.172652,0.599791,0.781308],[-0.0866993,-0.780887,0.618627]],[[0.983384,-0.150139,-0.102049],[0.0780576,0.857223,-0.508995],[0.163899,0.492572,0.854699]],[[0.983384,-0.150139,-0.102049],[-0.156941,-0.420577,-0.89358],[0.0912421,0.894748,-0.437152]],[[0.983384,-0.150139,-0.102049],[-0.180503,-0.868586,-0.461495],[-0.0193495,0.472247,-0.881254]]],"btipPosition":[33.4124,242.322,-21.9771],"carpPosition":[37.3903,248.892,25.4302],"dipPosition":[33.058,250.971,-38.117],"direction":[-0.0912421,-0.894748,0.437152],"extended":false,"handId":473,"id":4733,"length":63.1552,"mcpPosition":[42.7139,296.84,-12.5548],"pipPosition":[35.5357,275.267,-49.9877],"stabilizedTipPosition":[31.1629,244.992,-27.202],"timeVisible":37.1484,"tipPosition":[33.2869,244.176,-25.7009],"tipVelocity":[71.6425,-19.6318,48.7548],"tool":false,"touchDistance":0.333333,"touchZone":"none","type":3,"width":17.7198},{"bases":[[[0.922426,-0.36044,-0.138613],[0.314814,0.493979,0.810479],[-0.223657,-0.791244,0.569131]],[[0.934228,-0.312099,-0.172661],[0.209956,0.872529,-0.441148],[0.288333,0.375882,0.880668]],[[0.934228,-0.312099,-0.172661],[-0.270102,-0.302897,-0.913947],[0.232944,0.900471,-0.367273]],[[0.934228,-0.312099,-0.172661],[-0.355685,-0.779135,-0.516176],[0.0265723,0.543639,-0.838898]]],"btipPosition":[47.2126,249.393,-21.251],"carpPosition":[49.4089,243.897,20.4066],"dipPosition":[47.6616,258.579,-35.4252],"direction":[-0.232944,-0.900471,0.367273],"extended":false,"handId":473,"id":4734,"length":49.5125,"mcpPosition":[62.1214,288.871,-11.9423],"pipPosition":[52.1276,275.843,-42.4666],"stabilizedTipPosition":[45.1164,252.199,-26.1063],"timeVisible":37.1484,"tipPosition":[47.24,251.484,-24.3515],"tipVelocity":[70.9061,-19.9672,49.863],"tool":false,"touchDistance":0.333333,"touchZone":"none","type":4,"width":15.7401}],"r":[[0.863836,0.480138,0.152495],[-0.462882,0.875944,-0.135875],[-0.198816,0.0467867,0.978919]],"s":1.2359,"t":[51.9238,-25.1696,-31.4425],"timestamp":93549399648},false],[1,{"currentFrameRate":55.3621,"devices":[],"gestures":[],"hands":[{"armBasis":[[0.997261,0.0655683,-0.0342135],[-0.0537084,0.960095,0.274468],[0.0508446,-0.271879,0.960987]],"armWidth":62.4607,"confidence":0.43874,"direction":[-0.0385034,0.863791,-0.502377],"elbow":[48.7817,162.216,277.937],"grabStrength":0,"id":473,"palmNormal":[0.0374849,-0.501147,-0.86455],"palmPosition":[25.9843,277.384,-6.75271],"palmVelocity":[54.4461,-24.364,37.5247],"palmWidth":89.1918,"pinchStrength":0.483043,"r":[[0.864198,0.479396,0.152778],[-0.462139,0.876354,-0.135757],[-0.198969,0.0467166,0.978892]],"s":1.23435,"sphereCenter":[4.5619,272.359,-48.8411],"sphereRadius":47.6066,"stabilizedPalmPosition":[23.5453,278.391,-8.43834],"t":[52.8893,-25.6137,-30.7778],"timeVisible":37.1663,"type":"right","wrist":[35.3249,234.173,23.5983]}],"id":1688659,"interactionBox":{"center":[0,200,0],"size":[235.247,235.247,147.751]},"pointables":[{"bases":[[[0.360775,0.637766,0.680511],[-0.805368,-0.154933,0.572169],[0.470344,-0.754487,0.457741]],[[0.294923,0.732565,0.613489],[-0.795619,-0.167291,0.58224],[0.52916,-0.65982,0.533504]],[[0.294923,0.732565,0.613489],[-0.946879,0.31022,0.0847618],[-0.128223,-0.605898,0.785141]],[[0.294923,0.732565,0.613489],[-0.652184,0.623565,-0.431071],[-0.698338,-0.272975,0.661671]]],"btipPosition":[2.36032,283.311,-51.7599],"carpPosition":[7.94663,224.513,15.7652],"dipPosition":[-13.6603,277.049,-36.5805],"direction":[0.128223,0.605898,-0.785141],"extended":false,"handId":473,"id":4730,"length":51.0864,"mcpPosition":[7.94663,224.513,15.7652],"pipPosition":[-17.9457,256.799,-10.3397],"stabilizedTipPosition":[-1.55403,282.043,-48.3298],"timeVisible":37.1663,"tipPosition":[-1.8691,281.922,-48.2653],"tipVelocity":[63.4725,-40.7422,24.7889],"tool":false,"touchDistance":-0.0901273,"touchZone":"touching","type":0,"width":19.8498},{"bases":[[[0.977915,0.196412,-0.0714526],[-0.0675713,0.620621,0.781194],[0.197781,-0.759113,0.620186]],[[0.932642,0.317432,-0.171513],[-0.132294,0.743114,0.655957],[0.335676,-0.589083,0.735053]],[[0.932642,0.317432,-0.171513],[-0.208477,0.862088,0.461889],[0.294478,-0.395021,0.870196]],[[0.932642,0.317432,-0.171513],[-0.258069,0.919103,0.297742],[0.252151,-0.233424,0.939113]]],"btipPosition":[-24.8807,336.412,-84.8562],"carpPosition":[14.7188,243.591,27.17],"dipPosition":[-20.6577,332.502,-69.128],"direction":[-0.294478,0.395021,-0.870196],"extended":true,"handId":473,"id":4731,"length":57.6453,"mcpPosition":[0.455743,298.335,-17.5551],"pipPosition":[-13.6807,323.143,-48.5107],"stabilizedTipPosition":[-23.9618,335.551,-81.2519],"timeVisible":37.1663,"tipPosition":[-24.1706,336.37,-80.6139],"tipVelocity":[64.4583,-53.7205,14.7542],"tool":false,"touchDistance":-0.0587883,"touchZone":"touching","type":1,"width":18.9605},{"bases":[[[0.992739,-0.0166506,-0.119127],[0.103088,0.628075,0.771294],[0.0619781,-0.777975,0.625231]],[[0.992259,-0.010953,-0.123702],[-0.048986,0.880813,-0.470924],[0.114117,0.473338,0.873458]],[[0.992259,-0.010953,-0.123702],[-0.118013,-0.393326,-0.911794],[-0.0386684,0.919334,-0.391574]],[[0.992259,-0.010953,-0.123702],[-0.0703477,-0.870446,-0.487211],[-0.10234,0.492141,-0.864479]]],"btipPosition":[19.5009,243.56,-29.9267],"carpPosition":[26.1683,247.41,27.2623],"dipPosition":[17.6157,252.625,-45.8509],"direction":[0.0386684,-0.919334,0.391574],"extended":false,"handId":473,"id":4732,"length":65.6822,"mcpPosition":[21.9296,300.615,-15.4968],"pipPosition":[16.5379,278.251,-56.7658],"stabilizedTipPosition":[16.8913,246.654,-35.287],"timeVisible":37.1663,"tipPosition":[19.028,245.569,-33.8752],"tipVelocity":[54.6334,-25.1494,42.9706],"tool":false,"touchDistance":0.333333,"touchZone":"none","type":2,"width":18.6218},{"bases":[[[0.980425,-0.178254,-0.0836227],[0.175675,0.60016,0.78035],[-0.0889133,-0.779765,0.619727]],[[0.982743,-0.153549,-0.103145],[0.0793965,0.853784,-0.514537],[0.16707,0.497468,0.851242]],[[0.982743,-0.153549,-0.103145],[-0.159877,-0.424629,-0.891139],[0.0930357,0.892251,-0.44185]],[[0.982743,-0.153549,-0.103145],[-0.183979,-0.869201,-0.458957],[-0.0191808,0.470013,-0.882451]]],"btipPosition":[34.0729,241.645,-21.1612],"carpPosition":[38.1056,248.391,26.0127],"dipPosition":[33.7216,250.254,-37.3231],"direction":[-0.0930357,-0.892251,0.44185],"extended":false,"handId":473,"id":4733,"length":63.1552,"mcpPosition":[43.5651,296.27,-12.0398],"pipPosition":[36.248,274.482,-49.3213],"stabilizedTipPosition":[31.8935,244.639,-26.6019],"timeVisible":37.1663,"tipPosition":[33.9455,243.552,-24.9697],"tipVelocity":[55.2407,-28.4326,47.1034],"tool":false,"touchDistance":0.333333,"touchZone":"none","type":3,"width":17.7198},{"bases":[[[0.920951,-0.364002,-0.139113],[0.317478,0.493865,0.809509],[-0.22596,-0.789683,0.570388]],[[0.933019,-0.315156,-0.173646],[0.212446,0.871968,-0.441065],[0.290418,0.374632,0.880516]],[[0.933019,-0.315156,-0.173646],[-0.272074,-0.302075,-0.913634],[0.235483,0.899682,-0.367587]],[[0.933019,-0.315156,-0.173646],[-0.358801,-0.778413,-0.515106],[0.0271699,0.542908,-0.839352]]],"btipPosition":[47.904,248.823,-20.7272],"carpPosition":[50.1005,243.345,20.983],"dipPosition":[48.3631,257.996,-34.909],"direction":[-0.235483,-0.899682,0.367587],"extended":false,"handId":473,"id":4734,"length":49.5125,"mcpPosition":[62.9438,288.23,-11.4374],"pipPosition":[52.8778,275.245,-41.9565],"stabilizedTipPosition":[45.8765,251.867,-25.55],"timeVisible":37.1663,"tipPosition":[47.928,250.901,-23.8163],"tipVelocity":[55.7092,-25.6379,40.0787],"tool":false,"touchDistance":0.333333,"touchZone":"none","type":4,"width":15.7401}],"r":[[0.864198,0.479396,0.152778],[-0.462139,0.876354,-0.135757],[-0.198969,0.0467166,0.978892]],"s":1.23435,"t":[52.8893,-25.6137,-30.7778],"timestamp":93549417564},false],[2,{"currentFrameRate":55.2684,"devices":[],"gestures":[],"hands":[{"armBasis":[[0.997819,0.05468,-0.0369713],[-0.0424721,0.960648,0.274504],[0.0505263,-0.272335,0.960875]],"armWidth":62.4607,"confidence":0.279444,"direction":[-0.0322255,0.861981,-0.505916],"elbow":[49.3768,160.821,278.735],"grabStrength":0,"id":473,"palmNormal":[0.027954,-0.505204,-0.862547],"palmPosition":[26.9516,276.072,-6.06411],"palmVelocity":[53.5211,-46.9254,37.4595],"palmWidth":89.1918,"pinchStrength":0.485677,"r":[[0.865621,0.477161,0.151715],[-0.459885,0.877509,-0.135956],[-0.198004,0.0479146,0.979029]],"s":1.23303,"sphereCenter":[5.35938,271.056,-48.0562],"sphereRadius":47.5728,"stabilizedPalmPosition":[24.3625,277.834,-7.86875],"t":[53.8558,-26.4915,-30.1011],"timeVisible":37.1847,"type":"right","wrist":[36.0043,232.898,24.4264]}],"id":1688660,"interactionBox":{"center":[0,200,0],"size":[235.247,235.247,147.751]},"pointables":[{"bases":[[[0.37074,0.636944,0.67591],[-0.803986,-0.144218,0.576895],[0.464928,-0.7573,0.458627]],[[0.305339,0.732361,0.608618],[-0.794205,-0.156762,0.587081],[0.525363,-0.662626,0.533779]],[[0.305339,0.732361,0.608618],[-0.943212,0.320423,0.0876313],[-0.130838,-0.600813,0.78861]],[[0.305339,0.732361,0.608618],[-0.648059,0.628111,-0.430692],[-0.697702,-0.262913,0.6664]]],"btipPosition":[3.16141,282.021,-50.9895],"carpPosition":[8.48914,223.486,16.7736],"dipPosition":[-12.8446,275.989,-35.7015],"direction":[0.130838,0.600813,-0.78861],"extended":false,"handId":473,"id":4730,"length":51.0864,"mcpPosition":[8.48914,223.486,16.7736],"pipPosition":[-17.2174,255.909,-9.3448],"stabilizedTipPosition":[-0.685767,280.86,-47.6106],"timeVisible":37.1847,"tipPosition":[-1.04518,280.699,-47.4627],"tipVelocity":[53.9414,-53.4777,33.6499],"tool":false,"touchDistance":-0.07687,"touchZone":"touching","type":0,"width":19.8498},{"bases":[[[0.979496,0.186071,-0.0772399],[-0.0572412,0.624621,0.778827],[0.193163,-0.758437,0.622464]],[[0.935047,0.306927,-0.177433],[-0.121839,0.748204,0.652185],[0.33293,-0.588206,0.737002]],[[0.935047,0.306927,-0.177433],[-0.198015,0.867285,0.456734],[0.294069,-0.391934,0.871729]],[[0.935047,0.306927,-0.177433],[-0.247904,0.92384,0.291657],[0.253437,-0.228727,0.939922]]],"btipPosition":[-23.6486,335.125,-84.2612],"carpPosition":[15.5141,242.542,28.0612],"dipPosition":[-19.4041,331.295,-68.5194],"direction":[-0.294069,0.391934,-0.871729],"extended":true,"handId":473,"id":4731,"length":57.6453,"mcpPosition":[1.58402,297.237,-16.8282],"pipPosition":[-12.4368,322.009,-47.8658],"stabilizedTipPosition":[-22.7205,334.293,-80.6634],"timeVisible":37.1847,"tipPosition":[-22.9239,335.103,-80.0245],"tipVelocity":[65.7623,-61.0099,23.2876],"tool":false,"touchDistance":-0.04882,"touchZone":"touching","type":1,"width":18.9605},{"bases":[[[0.991898,-0.0273343,-0.124064],[0.113433,0.630283,0.768034],[0.057202,-0.775884,0.628277]],[[0.991449,-0.0216084,-0.128697],[-0.042189,0.880162,-0.472794],[0.12349,0.47418,0.871724]],[[0.991449,-0.0216084,-0.128697],[-0.126708,-0.395368,-0.909741],[-0.0312246,0.918269,-0.394725]],[[0.991449,-0.0216084,-0.128697],[-0.0816429,-0.872063,-0.482536],[-0.101805,0.488917,-0.866369]]],"btipPosition":[20.0013,242.3,-29.1135],"carpPosition":[27.0023,246.244,28.0791],"dipPosition":[18.126,251.306,-45.0726],"direction":[0.0312246,-0.918269,0.394725],"extended":false,"handId":473,"id":4732,"length":65.6822,"mcpPosition":[23.0903,299.306,-14.8882],"pipPosition":[17.2557,276.902,-56.0753],"stabilizedTipPosition":[17.5235,246.115,-34.6962],"timeVisible":37.1847,"tipPosition":[19.5319,244.268,-33.034],"tipVelocity":[41.4692,-46.3316,43.33],"tool":false,"touchDistance":0.333333,"touchZone":"none","type":2,"width":18.6218},{"bases":[[[0.978112,-0.188649,-0.0877982],[0.185775,0.601665,0.776844],[-0.0937259,-0.776151,0.623542]],[[0.980593,-0.163934,-0.107533],[0.0853232,0.850651,-0.51876],[0.176516,0.499518,0.84813]],[[0.980593,-0.163934,-0.107533],[-0.168682,-0.425914,-0.8889],[0.0999216,0.889788,-0.445301]],[[0.980593,-0.163934,-0.107533],[-0.195161,-0.868529,-0.455599],[-0.0187071,0.467743,-0.883667]]],"btipPosition":[34.596,240.149,-20.3909],"carpPosition":[38.9425,247.097,26.765],"dipPosition":[34.2534,248.715,-36.575],"direction":[-0.0999216,-0.889788,0.445301],"extended":false,"handId":473,"id":4733,"length":63.1552,"mcpPosition":[44.6975,294.754,-11.5217],"pipPosition":[36.9667,272.877,-48.6669],"stabilizedTipPosition":[32.521,244.037,-26.0067],"timeVisible":37.1847,"tipPosition":[34.4725,242.063,-24.1897],"tipVelocity":[42.369,-54.1288,44.4292],"tool":false,"touchDistance":0.333333,"touchZone":"none","type":3,"width":17.7198},{"bases":[[[0.916459,-0.374014,-0.142182],[0.326631,0.494048,0.805747],[-0.231116,-0.784876,0.57494]],[[0.928896,-0.32523,-0.177136],[0.218748,0.86779,-0.446195],[0.298833,0.375721,0.87723]],[[0.928896,-0.32523,-0.177136],[-0.280054,-0.303908,-0.91061],[0.242325,0.895469,-0.373381]],[[0.928896,-0.32523,-0.177136],[-0.369288,-0.777399,-0.509192],[0.0278996,0.538401,-0.842227]]],"btipPosition":[48.5209,247.231,-19.9985],"carpPosition":[50.8594,241.907,21.6968],"dipPosition":[48.9923,256.328,-34.2289],"direction":[-0.242325,-0.895469,0.373381],"extended":false,"handId":473,"id":4734,"length":49.5125,"mcpPosition":[63.9958,286.519,-10.9823],"pipPosition":[53.6382,273.496,-41.3875],"stabilizedTipPosition":[46.574,251.222,-24.9727],"timeVisible":37.1847,"tipPosition":[48.5455,249.294,-23.1122],"tipVelocity":[45.0857,-55.3743,39.5379],"tool":false,"touchDistance":0.333333,"touchZone":"none","type":4,"width":15.7401}],"r":[[0.865621,0.477161,0.151715],[-0.459885,0.877509,-0.135956],[-0.198004,0.0479146,0.979029]],"s":1.23303,"t":[53.8558,-26.4915,-30.1011],"timestamp":93549435981},false],[3,{"currentFrameRate":55.386,"devices":[],"gestures":[],"hands":[{"armBasis":[[0.998038,0.0498065,-0.0379389],[-0.0376624,0.961647,0.271694],[0.050016,-0.269732,0.961636]],"armWidth":62.4607,"confidence":0.313197,"direction":[-0.0312616,0.861618,-0.506594],"elbow":[49.6142,160.977,279.274],"grabStrength":0,"id":473,"palmNormal":[0.0222029,-0.506118,-0.862179],"palmPosition":[27.3494,275.544,-5.72729],"palmVelocity":[39.0489,-38.9726,28.8757],"palmWidth":89.1918,"pinchStrength":0.483187,"r":[[0.867245,0.474748,0.149999],[-0.457543,0.878745,-0.135873],[-0.196317,0.0492045,0.979305]],"s":1.23214,"sphereCenter":[5.61469,270.556,-47.6145],"sphereRadius":47.5534,"stabilizedPalmPosition":[25.0191,277.331,-7.398],"t":[54.5379,-27.1943,-29.5943],"timeVisible":37.2023,"type":"right","wrist":[36.3768,232.365,24.7639]}],"id":1688661,"interactionBox":{"center":[0,200,0],"size":[235.247,235.247,147.751]},"pointables":[{"bases":[[[0.376142,0.636187,0.673634],[-0.801931,-0.14066,0.580621],[0.464137,-0.758605,0.45727]],[[0.310723,0.731884,0.606463],[-0.792173,-0.1532,0.590755],[0.525274,-0.663985,0.532176]],[[0.310723,0.731884,0.606463],[-0.94156,0.324312,0.0910291],[-0.130061,-0.599306,0.789884]],[[0.310723,0.731884,0.606463],[-0.647452,0.630104,-0.42869],[-0.695886,-0.259452,0.669647]]],"btipPosition":[3.40159,281.521,-50.5585],"carpPosition":[8.79259,223.05,17.2432],"dipPosition":[-12.5628,275.569,-35.196],"direction":[0.130061,0.599306,-0.789884],"extended":false,"handId":473,"id":4730,"length":51.0864,"mcpPosition":[8.79259,223.05,17.2432],"pipPosition":[-16.9096,255.539,-8.79674],"stabilizedTipPosition":[-0.350393,280.289,-47.1381],"timeVisible":37.2023,"tipPosition":[-0.790508,280.225,-47.0095],"tipVelocity":[35.3539,-41.2435,29.7917],"tool":false,"touchDistance":-0.0694013,"touchZone":"touching","type":0,"width":19.8498},{"bases":[[[0.97983,0.182326,-0.0817967],[-0.0514171,0.625565,0.778476],[0.193105,-0.758568,0.622322]],[[0.935498,0.303023,-0.181714],[-0.116451,0.749975,0.651135],[0.33359,-0.587975,0.736888]],[[0.935498,0.303023,-0.181714],[-0.193155,0.86923,0.455116],[0.295862,-0.390661,0.871693]],[[0.935498,0.303023,-0.181714],[-0.24357,0.925631,0.289624],[0.255963,-0.226682,0.939733]]],"btipPosition":[-23.3319,334.608,-83.8223],"carpPosition":[15.9393,242.09,28.481],"dipPosition":[-19.045,330.812,-68.0837],"direction":[-0.295862,0.390661,-0.871693],"extended":true,"handId":473,"id":4731,"length":57.6453,"mcpPosition":[2.01334,296.794,-16.3982],"pipPosition":[-12.0353,321.556,-47.431],"stabilizedTipPosition":[-22.3654,333.764,-80.2264],"timeVisible":37.2023,"tipPosition":[-22.5954,334.588,-79.5923],"tipVelocity":[43.6826,-45.9876,24.0056],"tool":false,"touchDistance":-0.0415178,"touchZone":"touching","type":1,"width":18.9605},{"bases":[[[0.991223,-0.0311686,-0.128471],[0.119227,0.630578,0.766914],[0.0571075,-0.7755,0.628759]],[[0.990777,-0.0254654,-0.133091],[-0.0414006,0.87833,-0.476258],[0.129026,0.477375,0.869175]],[[0.990777,-0.0254654,-0.133091],[-0.132138,-0.399171,-0.907305],[-0.0300214,0.916523,-0.398855]],[[0.990777,-0.0254654,-0.133091],[-0.0867933,-0.873524,-0.478981],[-0.104061,0.486115,-0.867677]]],"btipPosition":[20.1932,241.727,-28.522],"carpPosition":[27.4412,245.749,28.444],"dipPosition":[18.2763,250.682,-44.5051],"direction":[0.0300214,-0.916523,0.398855],"extended":false,"handId":473,"id":4732,"length":65.6822,"mcpPosition":[23.5357,298.784,-14.5564],"pipPosition":[17.4395,276.23,-55.623],"stabilizedTipPosition":[17.953,245.667,-34.2149],"timeVisible":37.2023,"tipPosition":[19.7065,243.714,-32.5028],"tipVelocity":[26.9223,-40.1532,38.5989],"tool":false,"touchDistance":0.333333,"touchZone":"none","type":2,"width":18.6218},{"bases":[[[0.976996,-0.192396,-0.0919891],[0.191501,0.601697,0.775428],[-0.0938401,-0.775206,0.624699]],[[0.979492,-0.16758,-0.111862],[0.0857788,0.849193,-0.52107],[0.182313,0.500788,0.846152]],[[0.979492,-0.16758,-0.111862],[-0.174409,-0.42721,-0.887172],[0.100884,0.888487,-0.447676]],[[0.979492,-0.16758,-0.111862],[-0.200367,-0.868542,-0.453307],[-0.0211917,0.466424,-0.884307]]],"btipPosition":[34.8045,239.553,-19.9884],"carpPosition":[39.3786,246.555,27.0757],"dipPosition":[34.4164,248.095,-36.1843],"direction":[-0.100884,-0.888487,0.447676],"extended":false,"handId":473,"id":4733,"length":63.1552,"mcpPosition":[45.1405,294.155,-11.2821],"pipPosition":[37.1558,272.222,-48.3407],"stabilizedTipPosition":[32.9768,243.513,-25.5304],"timeVisible":37.2023,"tipPosition":[34.6686,241.475,-23.8116],"tipVelocity":[27.8187,-44.7573,34.2556],"tool":false,"touchDistance":0.333333,"touchZone":"none","type":3,"width":17.7198},{"bases":[[[0.914407,-0.37758,-0.145919],[0.33208,0.49358,0.803805],[-0.231478,-0.783462,0.57672]],[[0.926879,-0.328835,-0.181004],[0.219995,0.866616,-0.447861],[0.304133,0.375293,0.87559]],[[0.926879,-0.328835,-0.181004],[-0.285223,-0.303529,-0.90913],[0.244013,0.894281,-0.375126]],[[0.926879,-0.328835,-0.181004],[-0.374446,-0.776406,-0.506935],[0.0261649,0.537644,-0.842766]]],"btipPosition":[48.7484,246.61,-19.7379],"carpPosition":[51.2531,241.316,21.9592],"dipPosition":[49.1905,255.695,-33.9774],"direction":[-0.244013,-0.894281,0.375126],"extended":false,"handId":473,"id":4734,"length":49.5125,"mcpPosition":[64.4101,285.848,-10.8211],"pipPosition":[53.8688,272.84,-41.1694],"stabilizedTipPosition":[47.1031,250.636,-24.5171],"timeVisible":37.2023,"tipPosition":[48.7676,248.671,-22.8523],"tipVelocity":[29.868,-46.0177,27.9115],"tool":false,"touchDistance":0.333333,"touchZone":"none","type":4,"width":15.7401}],"r":[[0.867245,0.474748,0.149999],[-0.457543,0.878745,-0.135873],[-0.196317,0.0492045,0.979305]],"s":1.23214,"t":[54.5379,-27.1943,-29.5943],"timestamp":93549453630},false],[4,{"currentFrameRate":55.377,"devices":[],"gestures":[],"hands":[{"armBasis":[[0.997855,0.0547862,-0.0358351],[-0.0430881,0.961745,0.270535],[0.0492858,-0.268411,0.962043]],"armWidth":62.4607,"confidence":0.342273,"direction":[-0.0333455,0.862084,-0.505668],"elbow":[49.8384,161.172,279.995],"grabStrength":0,"id":473,"palmNormal":[0.0277066,-0.504957,-0.862699],"palmPosition":[27.6814,275.385,-5.09546],"palmVelocity":[29.2074,-24.633,31.7537],"palmWidth":89.1918,"pinchStrength":0.48262,"r":[[0.867994,0.473574,0.149382],[-0.456372,0.879344,-0.135938],[-0.195735,0.0498199,0.979391]],"s":1.23148,"sphereCenter":[6.18683,270.335,-47.0697],"sphereRadius":47.5317,"stabilizedPalmPosition":[25.4998,276.98,-6.98227],"t":[55.0449,-27.6254,-29.025],"timeVisible":37.2204,"type":"right","wrist":[36.7942,232.211,25.3768]}],"id":1688662,"interactionBox":{"center":[0,200,0],"size":[235.247,235.247,147.751]},"pointables":[{"bases":[[[0.370731,0.637082,0.675785],[-0.803414,-0.145044,0.577484],[0.465923,-0.757027,0.458068]],[[0.304961,0.732768,0.608317],[-0.79378,-0.157364,0.587495],[0.526225,-0.662033,0.533667]],[[0.304961,0.732768,0.608317],[-0.943281,0.320416,0.086917],[-0.131225,-0.60032,0.788921]],[[0.304961,0.732768,0.608317],[-0.648329,0.627621,-0.431001],[-0.697616,-0.262951,0.666474]]],"btipPosition":[3.92204,281.268,-50.0266],"carpPosition":[9.28096,222.778,17.743],"dipPosition":[-12.082,275.235,-34.737],"direction":[0.131225,0.60032,-0.788921],"extended":false,"handId":473,"id":4730,"length":51.0864,"mcpPosition":[9.28096,222.778,17.743],"pipPosition":[-16.4678,255.172,-8.36984],"stabilizedTipPosition":[0.103539,279.975,-46.6561],"timeVisible":37.2204,"tipPosition":[-0.279312,279.962,-46.4884],"tipVelocity":[31.9847,-28.7767,29.167],"tool":false,"touchDistance":-0.0608157,"touchZone":"touching","type":0,"width":19.8498},{"bases":[[[0.979278,0.186916,-0.0779553],[-0.0571596,0.624372,0.779033],[0.194287,-0.758434,0.622118]],[[0.934869,0.30731,-0.177706],[-0.122564,0.749227,0.650874],[0.333163,-0.586702,0.738095]],[[0.934869,0.30731,-0.177706],[-0.19925,0.868548,0.453787],[0.2938,-0.388824,0.873211]],[[0.934869,0.30731,-0.177706],[-0.249345,0.924765,0.287467],[0.252678,-0.224434,0.94116]]],"btipPosition":[-22.9358,334.211,-83.3692],"carpPosition":[16.2987,241.837,29.0301],"dipPosition":[-18.704,330.452,-67.6067],"direction":[-0.2938,0.388824,-0.873211],"extended":true,"handId":473,"id":4731,"length":57.6453,"mcpPosition":[2.28756,296.532,-15.8343],"pipPosition":[-11.743,321.24,-46.9179],"stabilizedTipPosition":[-21.9936,333.378,-79.7811],"timeVisible":37.2204,"tipPosition":[-22.2216,334.189,-79.1407],"tipVelocity":[32.9927,-34.3445,24.6476],"tool":false,"touchDistance":-0.0338734,"touchZone":"touching","type":1,"width":18.9605},{"bases":[[[0.991823,-0.0264672,-0.124845],[0.113501,0.630181,0.768108],[0.0583449,-0.775997,0.628032]],[[0.991375,-0.0208476,-0.129389],[-0.0437686,0.877918,-0.476807],[0.123533,0.478357,0.869433]],[[0.991375,-0.0208476,-0.129389],[-0.126885,-0.399815,-0.907771],[-0.0328068,0.916359,-0.399012]],[[0.991375,-0.0208476,-0.129389],[-0.0810117,-0.873541,-0.479962],[-0.10302,0.486304,-0.867695]]],"btipPosition":[20.7691,241.516,-27.8837],"carpPosition":[27.7838,245.548,29.04],"dipPosition":[18.8714,250.474,-43.8672],"direction":[0.0328068,-0.916359,0.399012],"extended":false,"handId":473,"id":4732,"length":65.6822,"mcpPosition":[23.7936,298.618,-13.9106],"pipPosition":[17.9569,276.017,-54.9894],"stabilizedTipPosition":[18.3264,245.339,-33.7982],"timeVisible":37.2204,"tipPosition":[20.2884,243.526,-31.8787],"tipVelocity":[29.3756,-26.6055,37.0223],"tool":false,"touchDistance":0.333333,"touchZone":"none","type":2,"width":18.6218},{"bases":[[[0.978202,-0.187803,-0.0886094],[0.185875,0.601621,0.776854],[-0.0925863,-0.776391,0.623414]],[[0.980667,-0.162812,-0.108553],[0.0834193,0.849642,-0.52072],[0.177011,0.501598,0.846798]],[[0.980667,-0.162812,-0.108553],[-0.169396,-0.428618,-0.887464],[0.0979623,0.888695,-0.447911]],[[0.980667,-0.162812,-0.108553],[-0.194598,-0.869728,-0.453547],[-0.0205685,0.465903,-0.884597]]],"btipPosition":[35.3713,239.45,-19.285],"carpPosition":[39.7222,246.411,27.7168],"dipPosition":[34.9946,247.983,-35.4861],"direction":[-0.0979623,-0.888695,0.447911],"extended":false,"handId":473,"id":4733,"length":63.1552,"mcpPosition":[45.4072,294.083,-10.5621],"pipPosition":[37.6548,272.115,-47.649],"stabilizedTipPosition":[33.361,243.164,-25.111],"timeVisible":37.2204,"tipPosition":[35.2349,241.373,-23.138],"tipVelocity":[29.5601,-26.2378,36.4255],"tool":false,"touchDistance":0.333333,"touchZone":"none","type":3,"width":17.7198},{"bases":[[[0.916663,-0.373206,-0.142993],[0.326843,0.494115,0.80562],[-0.230007,-0.785218,0.574917]],[[0.929041,-0.324357,-0.177976],[0.217661,0.868162,-0.446003],[0.299176,0.375617,0.877158]],[[0.929041,-0.324357,-0.177976],[-0.280471,-0.303722,-0.910543],[0.241286,0.895849,-0.373142]],[[0.929041,-0.324357,-0.177976],[-0.369004,-0.777493,-0.509255],[0.0268052,0.538793,-0.842012]]],"btipPosition":[49.2645,246.566,-19.0618],"carpPosition":[51.6395,241.233,22.638],"dipPosition":[49.7174,255.67,-33.2885],"direction":[-0.241286,-0.895849,0.373142],"extended":false,"handId":473,"id":4734,"length":49.5125,"mcpPosition":[64.7129,285.864,-10.0399],"pipPosition":[54.3434,272.845,-40.4425],"stabilizedTipPosition":[47.532,250.262,-24.1038],"timeVisible":37.2204,"tipPosition":[49.2859,248.631,-22.1739],"tipVelocity":[29.2972,-25.1811,32.4896],"tool":false,"touchDistance":0.333333,"touchZone":"none","type":4,"width":15.7401}],"r":[[0.867994,0.473574,0.149382],[-0.456372,0.879344,-0.135938],[-0.195735,0.0498199,0.979391]],"s":1.23148,"t":[55.0449,-27.6254,-29.025],"timestamp":93549471719},false],[5,{"currentFrameRate":55.362,"devices":[],"gestures":[],"hands":[{"armBasis":[[0.99773,0.0610941,-0.0283263],[-0.0510289,0.960383,0.273973],[0.0439422,-0.271906,0.96132]],"armWidth":62.4607,"confidence":0.38223,"direction":[-0.0366324,0.861975,-0.505626],"elbow":[48.9832,160.059,280.73],"grabStrength":0,"id":473,"palmNormal":[0.0355748,-0.50452,-0.862667],"palmPosition":[28.1025,275.142,-4.20461],"palmVelocity":[26.3725,-19.2894,40.0459],"palmWidth":89.1918,"pinchStrength":0.480594,"r":[[0.867792,0.473811,0.149801],[-0.456495,0.879206,-0.136417],[-0.196341,0.0499981,0.97926]],"s":1.23096,"sphereCenter":[6.96794,269.93,-46.3128],"sphereRadius":47.4972,"stabilizedPalmPosition":[25.8249,276.75,-6.63536],"t":[55.509,-27.9624,-28.295],"timeVisible":37.2385,"type":"right","wrist":[37.3533,232.022,26.3037]}],"id":1688663,"interactionBox":{"center":[0,200,0],"size":[235.247,235.247,147.751]},"pointables":[{"bases":[[[0.362905,0.63941,0.677831],[-0.805357,-0.150679,0.57332],[0.468721,-0.753957,0.460272]],[[0.296816,0.734683,0.610034],[-0.795585,-0.163066,0.583484],[0.528151,-0.658521,0.536102]],[[0.296816,0.734683,0.610034],[-0.945888,0.313916,0.0821703],[-0.13113,-0.601413,0.788103]],[[0.296816,0.734683,0.610034],[-0.65149,0.622857,-0.433139],[-0.698184,-0.268868,0.663513]]],"btipPosition":[4.50126,280.895,-49.267],"carpPosition":[9.94459,222.404,18.5266],"dipPosition":[-11.5158,274.727,-34.0453],"direction":[0.13113,0.601413,-0.788103],"extended":false,"handId":473,"id":4730,"length":51.0864,"mcpPosition":[9.94459,222.404,18.5266],"pipPosition":[-15.8984,254.626,-7.70545],"stabilizedTipPosition":[0.594213,279.632,-46.0442],"timeVisible":37.2385,"tipPosition":[0.31968,279.547,-45.7443],"tipVelocity":[31.9011,-25.6994,34.8327],"tool":false,"touchDistance":-0.0484156,"touchZone":"touching","type":0,"width":19.8498},{"bases":[[[0.978367,0.193612,-0.0728857],[-0.0654123,0.623754,0.778879],[0.196263,-0.757262,0.622925]],[[0.933833,0.313357,-0.172521],[-0.131475,0.749207,0.649155],[0.332672,-0.58352,0.740833]],[[0.933833,0.313357,-0.172521],[-0.208131,0.868226,0.450405],[0.290925,-0.384696,0.875997]],[[0.933833,0.313357,-0.172521],[-0.257754,0.923873,0.282881],[0.248031,-0.219696,0.943512]]],"btipPosition":[-22.4362,333.486,-82.8241],"carpPosition":[16.7741,241.508,29.8541],"dipPosition":[-18.2822,329.807,-67.0222],"direction":[-0.290925,0.384696,-0.875997],"extended":true,"handId":473,"id":4731,"length":57.6453,"mcpPosition":[2.62048,296.118,-15.0685],"pipPosition":[-11.3894,320.692,-46.2675],"stabilizedTipPosition":[-21.5403,332.725,-79.2583],"timeVisible":37.2385,"tipPosition":[-21.759,333.482,-78.5873],"tipVelocity":[29.9448,-36.5597,27.475],"tool":false,"touchDistance":-0.0246383,"touchZone":"touching","type":1,"width":18.9605},{"bases":[[[0.992608,-0.0196672,-0.119761],[0.105259,0.630729,0.768831],[0.0604161,-0.775754,0.628137]],[[0.992151,-0.01413,-0.124241],[-0.0473685,0.877071,-0.47802],[0.115723,0.480153,0.869518]],[[0.992151,-0.01413,-0.124241],[-0.119426,-0.401499,-0.90804],[-0.0370521,0.91575,-0.400035]],[[0.992151,-0.01413,-0.124241],[-0.0725685,-0.874215,-0.480085],[-0.10183,0.485333,-0.868379]]],"btipPosition":[21.5426,241.198,-26.97],"carpPosition":[28.2335,245.298,29.9238],"dipPosition":[19.6668,250.138,-42.966],"direction":[0.0370521,-0.91575,0.400035],"extended":false,"handId":473,"id":4732,"length":65.6822,"mcpPosition":[24.1017,298.351,-13.034],"pipPosition":[18.634,275.664,-54.1168],"stabilizedTipPosition":[18.6677,245.083,-33.4123],"timeVisible":37.2385,"tipPosition":[21.0689,243.221,-30.9803],"tipVelocity":[35.8483,-22.3924,43.3315],"tool":false,"touchDistance":0.333333,"touchZone":"none","type":2,"width":18.6218},{"bases":[[[0.979902,-0.181102,-0.0836349],[0.177779,0.602662,0.777942],[-0.0904833,-0.777175,0.622745]],[[0.982305,-0.156014,-0.103619],[0.0802093,0.850389,-0.520005],[0.169245,0.502492,0.847855]],[[0.982305,-0.156014,-0.103619],[-0.162038,-0.430498,-0.887928],[0.0939212,0.889006,-0.44816]],[[0.982305,-0.156014,-0.103619],[-0.186261,-0.871677,-0.453305],[-0.0196009,0.464584,-0.885312]]],"btipPosition":[36.1245,239.306,-18.3251],"carpPosition":[40.1724,246.242,28.6621],"dipPosition":[35.7655,247.814,-34.5394],"direction":[-0.0939212,-0.889006,0.44816],"extended":false,"handId":473,"id":4733,"length":63.1552,"mcpPosition":[45.7282,293.962,-9.57577],"pipPosition":[38.3159,271.955,-46.7089],"stabilizedTipPosition":[33.6891,242.931,-24.7369],"timeVisible":37.2385,"tipPosition":[35.9897,241.211,-22.1911],"tipVelocity":[35.3858,-17.6881,44.2293],"tool":false,"touchDistance":0.333333,"touchZone":"none","type":3,"width":17.7198},{"bases":[[[0.919909,-0.366905,-0.138378],[0.319329,0.496112,0.807404],[-0.22759,-0.786926,0.573541]],[[0.93213,-0.317977,-0.173276],[0.21403,0.86974,-0.444684],[0.292104,0.377417,0.878767]],[[0.93213,-0.317977,-0.173276],[-0.273718,-0.30539,-0.912039],[0.237091,0.897568,-0.371699]],[[0.93213,-0.317977,-0.173276],[-0.361082,-0.779855,-0.511318],[0.0274575,0.539182,-0.841742]]],"btipPosition":[49.9527,246.475,-18.0664],"carpPosition":[52.1506,241.147,23.6432],"dipPosition":[50.4166,255.585,-32.2886],"direction":[-0.237091,-0.897568,0.371699],"extended":false,"handId":473,"id":4734,"length":49.5125,"mcpPosition":[65.0866,285.875,-8.95648],"pipPosition":[54.9622,272.794,-39.4149],"stabilizedTipPosition":[47.8699,250.036,-23.7339],"timeVisible":37.2385,"tipPosition":[49.9765,248.541,-21.1787],"tipVelocity":[33.5021,-15.5492,43.2056],"tool":false,"touchDistance":0.333333,"touchZone":"none","type":4,"width":15.7401}],"r":[[0.867792,0.473811,0.149801],[-0.456495,0.879206,-0.136417],[-0.196341,0.0499981,0.97926]],"s":1.23096,"t":[55.509,-27.9624,-28.295],"timestamp":93549489834},false],[6,{"currentFrameRate":55.3545,"devices":[],"gestures":[],"hands":[{"armBasis":[[0.997142,0.0721261,-0.0224691],[-0.0630964,0.958702,0.277327],[0.0415437,-0.275117,0.960513]],"armWidth":62.4607,"confidence":0.411559,"direction":[-0.0425986,0.862533,-0.504204],"elbow":[49.0247,158.978,281.311],"grabStrength":0,"id":473,"palmNormal":[0.0465633,-0.5024,-0.863381],"palmPosition":[28.5147,274.87,-3.3877],"palmVelocity":[24.6663,-17.2691,42.4755],"palmWidth":89.1918,"pinchStrength":0.479573,"r":[[0.866417,0.4758,0.151444],[-0.458297,0.878168,-0.137056],[-0.198204,0.0493414,0.978918]],"s":1.23052,"sphereCenter":[7.80081,269.497,-45.6556],"sphereRadius":47.4655,"stabilizedPalmPosition":[26.0488,276.594,-6.36505],"t":[55.9472,-28.2669,-27.5215],"timeVisible":37.2566,"type":"right","wrist":[38.0296,231.792,27.0975]}],"id":1688664,"interactionBox":{"center":[0,200,0],"size":[235.247,235.247,147.751]},"pointables":[{"bases":[[[0.351635,0.641915,0.681394],[-0.807389,-0.16043,0.56779],[0.473789,-0.749805,0.461862]],[[0.28471,0.736938,0.613076],[-0.797511,-0.17277,0.578037],[0.531898,-0.653508,0.538527]],[[0.28471,0.736938,0.613076],[-0.949735,0.303688,0.0760098],[-0.13017,-0.603901,0.786359]],[[0.28471,0.736938,0.613076],[-0.655983,0.616129,-0.435972],[-0.699018,-0.278042,0.658837]]],"btipPosition":[5.13686,280.435,-48.6223],"carpPosition":[10.7765,221.896,19.1243],"dipPosition":[-10.8994,274.056,-33.5079],"direction":[0.13017,0.603901,-0.786359],"extended":false,"handId":473,"id":4730,"length":51.0864,"mcpPosition":[10.7765,221.896,19.1243],"pipPosition":[-15.2499,253.873,-7.22642],"stabilizedTipPosition":[1.13335,279.213,-45.4774],"timeVisible":37.2566,"tipPosition":[0.966209,279.041,-45.1164],"tipVelocity":[33.3223,-26.8463,34.5643],"tool":false,"touchDistance":-0.0380831,"touchZone":"touching","type":0,"width":19.8498},{"bases":[[[0.976686,0.204222,-0.0661622],[-0.0771345,0.621473,0.779629],[0.200335,-0.75635,0.622736]],[[0.931647,0.323417,-0.165634],[-0.144137,0.747369,0.648586],[0.333553,-0.580379,0.742901]],[[0.931647,0.323417,-0.165634],[-0.2209,0.86604,0.448529],[0.288507,-0.381283,0.878286]],[[0.931647,0.323417,-0.165634],[-0.270014,0.921232,0.280042],[0.243158,-0.216177,0.945591]]],"btipPosition":[-22.0749,332.689,-82.3084],"carpPosition":[17.3274,241.049,30.5323],"dipPosition":[-18.0025,329.069,-66.4717],"direction":[-0.288507,0.381283,-0.878286],"extended":true,"handId":473,"id":4731,"length":57.6453,"mcpPosition":[2.88009,295.593,-14.3767],"pipPosition":[-11.167,320.035,-45.6627],"stabilizedTipPosition":[-21.2009,331.992,-78.7583],"timeVisible":37.2566,"tipPosition":[-21.4339,332.692,-78.0669],"tipVelocity":[24.7111,-39.7609,28.1758],"tool":false,"touchDistance":-0.0159097,"touchZone":"touching","type":1,"width":18.9605},{"bases":[[[0.993516,-0.00879972,-0.113352],[0.0935134,0.630296,0.770703],[0.0646632,-0.776305,0.627032]],[[0.993038,-0.00335354,-0.117748],[-0.053696,0.876814,-0.477822],[0.104845,0.480818,0.870529]],[[0.993038,-0.00335354,-0.117748],[-0.10914,-0.402285,-0.908986],[-0.0443199,0.915508,-0.39985]],[[0.993038,-0.00335354,-0.117748],[-0.0600291,-0.874468,-0.481355],[-0.101352,0.485072,-0.868581]]],"btipPosition":[22.4711,240.88,-26.1837],"carpPosition":[28.7447,244.961,30.6837],"dipPosition":[20.6042,249.815,-42.1835],"direction":[0.0443199,-0.915508,0.39985],"extended":false,"handId":473,"id":4732,"length":65.6822,"mcpPosition":[24.3225,298.052,-12.1985],"pipPosition":[19.3688,275.334,-53.3291],"stabilizedTipPosition":[19.0194,244.859,-33.0424],"timeVisible":37.2566,"tipPosition":[22.0017,242.914,-30.2103],"tipVelocity":[43.2608,-20.1502,43.3712],"tool":false,"touchDistance":0.333333,"touchZone":"none","type":2,"width":18.6218},{"bases":[[[0.982308,-0.170433,-0.0776177],[0.16627,0.602988,0.78023],[-0.0861742,-0.779332,0.620658]],[[0.984573,-0.145253,-0.0975605],[0.0744804,0.852437,-0.517497],[0.158332,0.502247,0.850105]],[[0.984573,-0.145253,-0.0975605],[-0.151688,-0.430621,-0.889695],[0.0872189,0.890768,-0.446011]],[[0.984573,-0.145253,-0.0975605],[-0.173942,-0.873008,-0.455633],[-0.0189892,0.465574,-0.884805]]],"btipPosition":[37.017,239.177,-17.5238],"carpPosition":[40.6808,246.036,29.5013],"dipPosition":[36.6693,247.704,-33.7288],"direction":[-0.0872189,-0.890768,0.446011],"extended":false,"handId":473,"id":4733,"length":63.1552,"mcpPosition":[45.972,293.889,-8.60832],"pipPosition":[39.0376,271.892,-45.84],"stabilizedTipPosition":[34.0061,242.756,-24.3967],"timeVisible":37.2566,"tipPosition":[36.8856,241.077,-21.3847],"tipVelocity":[42.0865,-12.561,44.3143],"tool":false,"touchDistance":0.333333,"touchZone":"none","type":3,"width":17.7198},{"bases":[[[0.924665,-0.356759,-0.133104],[0.30876,0.497902,0.810408],[-0.222847,-0.790453,0.570546]],[[0.936557,-0.307778,-0.167728],[0.20756,0.872575,-0.442189],[0.282452,0.379322,0.881099]],[[0.936557,-0.307778,-0.167728],[-0.264768,-0.307619,-0.91393],[0.229691,0.900357,-0.369593]],[[0.936557,-0.307778,-0.167728],[-0.349485,-0.783321,-0.514071],[0.0268349,0.540075,-0.841189]]],"btipPosition":[50.7646,246.473,-17.1193],"carpPosition":[52.7451,241.079,24.5506],"dipPosition":[51.218,255.599,-31.3321],"direction":[-0.229691,-0.900357,0.369593],"extended":false,"handId":473,"id":4734,"length":49.5125,"mcpPosition":[65.4116,286.008,-7.87883],"pipPosition":[55.6217,272.86,-38.4181],"stabilizedTipPosition":[48.1585,249.895,-23.4121],"timeVisible":37.2566,"tipPosition":[50.7864,248.541,-20.2503],"tipVelocity":[38.848,-8.11453,47.6104],"tool":false,"touchDistance":0.333333,"touchZone":"none","type":4,"width":15.7401}],"r":[