{"sensorType":"Leap","data":[[0,{"currentFrameRate":55.3066,"devices":[],"gestures":[],"hands":[{"armBasis":[[0.997704,0.0230259,-0.0636833],[-0.000417705,0.942491,0.334231],[0.0677169,-0.333437,0.940337]],"armWidth":62.4607,"confidence":0.304168,"direction":[-0.00531304,0.865041,-0.501674],"elbow":[45.0785,157.478,276.561],"grabStrength":0,"id":473,"palmNormal":[-0.00396756,-0.501695,-0.865035],"palmPosition":[19.3863,289.372,-2.48474],"palmVelocity":[17.4365,-10.7209,25.3412],"palmWidth":89.1918,"pinchStrength":0.134983,"r":[[0.882605,0.443573,0.155727],[-0.427008,0.89498,-0.129131],[-0.196652,0.0474751,0.979323]],"s":1.32755,"sphereCenter":[-2.7345,288.52,-42.8151],"sphereRadius":49.3081,"stabilizedPalmPosition":[19.0034,289.616,-3.071],"t":[46.9611,-13.8916,-26.2852],"timeVisible":30.8124,"type":"right","wrist":[27.1563,245.727,27.6878]}],"id":1688310,"interactionBox":{"center":[0,200,0],"size":[235.247,235.247,147.751]},"pointables":[{"bases":[[[0.4049,0.618576,0.673365],[-0.800928,-0.115327,0.587549],[0.4411,-0.777216,0.448739]],[[0.410276,0.609003,0.678814],[-0.744929,-0.205585,0.634678],[0.526075,-0.766061,0.369318]],[[0.410276,0.609003,0.678814],[-0.905003,0.363668,0.220718],[-0.112445,-0.704883,0.700354]],[[0.410276,0.609003,0.678814],[-0.818433,0.574236,-0.0205188],[-0.402295,-0.547145,0.734024]]],"btipPosition":[-13.5662,311.036,-37.9342],"carpPosition":[-0.811953,237.441,20.3832],"dipPosition":[-22.7952,298.484,-21.095],"direction":[0.112445,0.704883,-0.700354],"extended":false,"handId":473,"id":4730,"length":51.0864,"mcpPosition":[-0.811953,237.441,20.3832],"pipPosition":[-26.5534,274.925,2.31211],"stabilizedTipPosition":[-16.0833,308.483,-34.294],"timeVisible":30.8124,"tipPosition":[-15.7175,308.036,-33.7965],"tipVelocity":[23.7928,-18.8117,14.335],"tool":false,"touchDistance":0.0850976,"touchZone":"hovering","type":0,"width":19.8498},{"bases":[[[0.98489,0.147811,-0.090243],[-0.0217594,0.622578,0.782255],[0.171809,-0.768471,0.616388]],[[0.978885,0.172335,-0.109928],[-0.0234103,0.628761,0.777246],[0.203065,-0.758261,0.619519]],[[0.978885,0.172335,-0.109928],[-0.0653017,0.77325,0.63073],[0.193699,-0.610233,0.768177]],[[0.978885,0.172335,-0.109928],[-0.0967632,0.864381,0.493439],[0.180057,-0.472383,0.862806]]],"btipPosition":[-21.4325,365.872,-71.5386],"carpPosition":[7.11414,256.151,31.653],"dipPosition":[-18.417,357.961,-57.0884],"direction":[-0.193699,0.610233,-0.768177],"extended":true,"handId":473,"id":4731,"length":57.6453,"mcpPosition":[-5.27597,311.57,-12.7982],"pipPosition":[-13.8277,343.503,-38.8882],"stabilizedTipPosition":[-20.8463,364.31,-68.1694],"timeVisible":30.8124,"tipPosition":[-20.8764,365.183,-66.9824],"tipVelocity":[24.0747,-34.7466,2.13406],"tool":false,"touchDistance":0.328202,"touchZone":"hovering","type":1,"width":18.9605},{"bases":[[[0.988229,-0.0656864,-0.138161],[0.148839,0.621582,0.769079],[0.0353606,-0.78059,0.624042]],[[0.987648,-0.0549248,-0.146747],[-0.029964,0.85306,-0.520952],[0.153797,0.518915,0.840877]],[[0.987648,-0.0549248,-0.146747],[-0.155452,-0.460922,-0.87372],[-0.0196499,0.885739,-0.463767]],[[0.987648,-0.0549248,-0.146747],[-0.113166,-0.897804,-0.425608],[-0.108373,0.436958,-0.89293]]],"btipPosition":[11.5975,255.526,-21.5069],"carpPosition":[18.7383,259.398,31.5249],"dipPosition":[9.60119,263.575,-37.9552],"direction":[0.0196499,-0.88574,0.463767],"extended":false,"handId":473,"id":4732,"length":65.6822,"mcpPosition":[16.32,312.782,-11.1528],"pipPosition":[9.05346,288.265,-50.8824],"stabilizedTipPosition":[9.50229,258.617,-28.122],"timeVisible":30.8124,"tipPosition":[10.996,257.94,-26.6203],"tipVelocity":[17.6228,-14.9613,40.3054],"tool":false,"touchDistance":0.333333,"touchZone":"none","type":2,"width":18.6218},{"bases":[[[0.968611,-0.22651,-0.102403],[0.220114,0.5901,0.776744],[-0.115512,-0.774903,0.621436]],[[0.970669,-0.211434,-0.11444],[0.116291,0.829528,-0.546223],[0.210421,0.516894,0.829785]],[[0.970669,-0.211434,-0.11444],[-0.205816,-0.484763,-0.850085],[0.124261,0.848705,-0.514061]],[[0.970669,-0.211434,-0.11444],[-0.239377,-0.8942,-0.378291],[-0.0223488,0.39459,-0.918586]]],"btipPosition":[25.5954,254.457,-13.6702],"carpPosition":[30.6834,259.788,30.0462],"dipPosition":[25.1861,261.684,-30.4939],"direction":[-0.124261,-0.848705,0.514061],"extended":false,"handId":473,"id":4733,"length":63.1552,"mcpPosition":[37.7761,307.368,-8.11122],"pipPosition":[28.5603,284.73,-44.453],"stabilizedTipPosition":[23.9861,257.232,-19.6515],"timeVisible":30.8124,"tipPosition":[25.5446,256.326,-18.7284],"tipVelocity":[16.174,-10.9679,29.5854],"tool":false,"touchDistance":0.333333,"touchZone":"none","type":3,"width":17.7198},{"bases":[[[0.898958,-0.409041,-0.156714],[0.357013,0.476891,0.803191],[-0.253803,-0.777984,0.574739]],[[0.898664,-0.409941,-0.15605],[0.297975,0.831612,-0.468649],[0.321891,0.374659,0.869492]],[[0.898664,-0.409941,-0.15605],[-0.302355,-0.32119,-0.897451],[0.31778,0.85369,-0.412589]],[[0.898664,-0.409941,-0.15605],[-0.432295,-0.767446,-0.473443],[0.0743239,0.492926,-0.866891]]],"btipPosition":[38.2357,260.697,-15.4593],"carpPosition":[42.315,254.158,24.7879],"dipPosition":[39.4915,269.026,-30.1064],"direction":[-0.31778,-0.85369,0.412589],"extended":false,"handId":473,"id":4734,"length":49.5125,"mcpPosition":[56.7409,298.379,-7.87977],"pipPosition":[45.5841,285.393,-38.0167],"stabilizedTipPosition":[37.6234,263.432,-20.1565],"timeVisible":30.8124,"tipPosition":[38.6544,263.057,-19.6631],"tipVelocity":[14.9721,-11.1883,24.9594],"tool":false,"touchDistance":0.333333,"touchZone":"none","type":4,"width":15.7401}],"r":[[0.882605,0.443573,0.155727],[-0.427008,0.89498,-0.129131],[-0.196652,0.0474751,0.979323]],"s":1.32755,"t":[46.9611,-13.8916,-26.2852],"timestamp":93543063715},false],[1,{"currentFrameRate":55.3478,"devices":[],"gestures":[],"hands":[{"armBasis":[[0.997702,0.0226514,-0.063857],[-0.0000778385,0.942845,0.333231],[0.0677554,-0.33246,0.94068]],"armWidth":62.4607,"confidence":0.309066,"direction":[-0.00558336,0.863745,-0.503897],"elbow":[45.26,157.712,276.919],"grabStrength":0,"id":473,"palmNormal":[-0.00462892,-0.503922,-0.863737],"palmPosition":[19.5406,289.27,-2.32449],"palmVelocity":[13.266,-8.33857,17.594],"palmWidth":89.1918,"pinchStrength":0.133066,"r":[[0.884046,0.440799,0.155431],[-0.424835,0.896459,-0.126001],[-0.194878,0.0453578,0.979778]],"s":1.32633,"sphereCenter":[-2.42401,288.266,-42.6812],"sphereRadius":49.2567,"stabilizedPalmPosition":[19.1695,289.509,-2.84018],"t":[47.1861,-14.0317,-25.985],"timeVisible":30.8304,"type":"right","wrist":[27.3276,245.702,27.9549]}],"id":1688311,"interactionBox":{"center":[0,200,0],"size":[235.247,235.247,147.751]},"pointables":[{"bases":[[[0.405437,0.620268,0.671482],[-0.800524,-0.113732,0.58841],[0.441341,-0.776101,0.450428]],[[0.410786,0.610763,0.676921],[-0.744536,-0.203812,0.63571],[0.526233,-0.765133,0.371012]],[[0.410786,0.610763,0.676921],[-0.904814,0.364382,0.220312],[-0.1121,-0.702989,0.702311]],[[0.410786,0.610763,0.676921],[-0.818589,0.573991,-0.0211367],[-0.401457,-0.545437,0.735752]]],"btipPosition":[-13.4393,310.847,-37.8139],"carpPosition":[-0.646564,237.4,20.6915],"dipPosition":[-22.6491,298.334,-20.935],"direction":[0.1121,0.702989,-0.702311],"extended":false,"handId":473,"id":4730,"length":51.0864,"mcpPosition":[-0.646564,237.4,20.6915],"pipPosition":[-26.3957,274.839,2.53749],"stabilizedTipPosition":[-15.7744,308.181,-34.0812],"timeVisible":30.8304,"tipPosition":[-15.5846,307.859,-33.6678],"tipVelocity":[16.014,-14.6569,10.9753],"tool":false,"touchDistance":0.0872553,"touchZone":"hovering","type":0,"width":19.8498},{"bases":[[[0.98484,0.147479,-0.0913204],[-0.0211448,0.624594,0.780663],[0.17217,-0.766897,0.618244]],[[0.979086,0.170969,-0.11027],[-0.0232595,0.632529,0.774188],[0.202111,-0.755432,0.623277]],[[0.979086,0.170969,-0.11027],[-0.0652883,0.777392,0.625619],[0.192684,-0.605336,0.772296]],[[0.979086,0.170969,-0.11027],[-0.0968028,0.868225,0.486635],[0.178939,-0.465784,0.866618]]],"btipPosition":[-21.2004,365.4,-71.7377],"carpPosition":[7.28934,256.138,31.9074],"dipPosition":[-18.2036,357.6,-57.2237],"direction":[-0.192684,0.605336,-0.772296],"extended":true,"handId":473,"id":4731,"length":57.6453,"mcpPosition":[-5.1268,311.444,-12.6776],"pipPosition":[-13.6384,343.257,-38.9259],"stabilizedTipPosition":[-20.5684,363.726,-68.3602],"timeVisible":30.8304,"tipPosition":[-20.679,364.714,-67.1995],"tipVelocity":[18.7061,-30.0936,-3.73477],"tool":false,"touchDistance":0.325127,"touchZone":"hovering","type":1,"width":18.9605},{"bases":[[[0.988125,-0.0661408,-0.138691],[0.149444,0.623547,0.767369],[0.0357258,-0.778983,0.626026]],[[0.987536,-0.055366,-0.147332],[-0.0307909,0.850037,-0.525823],[0.15435,0.523805,0.837737]],[[0.987536,-0.055366,-0.147332],[-0.15604,-0.466801,-0.870488],[-0.0205791,0.882628,-0.469622]],[[0.987536,-0.055366,-0.147332],[-0.113182,-0.900293,-0.420312],[-0.109371,0.431749,-0.895339]]],"btipPosition":[11.7661,255.354,-21.0488],"carpPosition":[18.9137,259.384,31.7627],"dipPosition":[9.75141,263.307,-37.5415],"direction":[0.0205791,-0.882628,0.469622],"extended":false,"handId":473,"id":4732,"length":65.6822,"mcpPosition":[16.4705,312.658,-11.0507],"pipPosition":[9.17778,287.91,-50.632],"stabilizedTipPosition":[9.59963,258.539,-27.9446],"timeVisible":30.8304,"tipPosition":[11.1579,257.72,-26.1616],"tipVelocity":[13.6297,-13.0153,33.0684],"tool":false,"touchDistance":0.333333,"touchZone":"none","type":2,"width":18.6218},{"bases":[[[0.968516,-0.22687,-0.102505],[0.220722,0.592078,0.775065],[-0.115148,-0.773288,0.623512]],[[0.970544,-0.212015,-0.114429],[0.116097,0.827745,-0.548962],[0.211107,0.519507,0.827978]],[[0.970544,-0.212015,-0.114429],[-0.206563,-0.487818,-0.848154],[0.124001,0.846808,-0.517243]],[[0.970544,-0.212015,-0.114429],[-0.239825,-0.895511,-0.374893],[-0.0229897,0.391293,-0.919979]]],"btipPosition":[25.7362,254.336,-13.3783],"carpPosition":[30.8578,259.769,30.2746],"dipPosition":[25.3152,261.503,-30.2274],"direction":[-0.124001,-0.846808,0.517243],"extended":false,"handId":473,"id":4733,"length":63.1552,"mcpPosition":[37.9281,307.25,-8.01033],"pipPosition":[28.6824,284.497,-44.2729],"stabilizedTipPosition":[24.105,257.142,-19.4791],"timeVisible":30.8304,"tipPosition":[25.6815,256.18,-18.4238],"tipVelocity":[12.1742,-9.33317,23.1504],"tool":false,"touchDistance":0.333333,"touchZone":"none","type":3,"width":17.7198},{"bases":[[[0.898807,-0.409534,-0.156296],[0.357628,0.478924,0.801707],[-0.253472,-0.776475,0.576921]],[[0.898271,-0.41117,-0.155079],[0.298646,0.83007,-0.470951],[0.322367,0.376728,0.868421]],[[0.898271,-0.41117,-0.155079],[-0.302704,-0.323128,-0.896637],[0.31856,0.852366,-0.41472]],[[0.898271,-0.41117,-0.155079],[-0.433039,-0.7682,-0.471537],[0.0747503,0.490723,-0.868103]]],"btipPosition":[38.3484,260.568,-15.2502],"carpPosition":[42.4851,254.125,25.0226],"dipPosition":[39.6114,268.86,-29.9178],"direction":[-0.31856,-0.852366,0.41472],"extended":false,"handId":473,"id":4734,"length":49.5125,"mcpPosition":[56.8923,298.259,-7.76914],"pipPosition":[45.7189,285.202,-37.869],"stabilizedTipPosition":[37.7332,263.328,-19.9908],"timeVisible":30.8304,"tipPosition":[38.7752,262.903,-19.435],"tipVelocity":[10.9131,-9.51573,18.555],"tool":false,"touchDistance":0.333333,"touchZone":"none","type":4,"width":15.7401}],"r":[[0.884046,0.440799,0.155431],[-0.424835,0.896459,-0.126001],[-0.194878,0.0453578,0.979778]],"s":1.32633,"t":[47.1861,-14.0317,-25.985],"timestamp":93543081640},false],[2,{"currentFrameRate":55.3615,"devices":[],"gestures":[],"hands":[{"armBasis":[[0.997911,0.0244084,-0.0598189],[-0.0031381,0.943107,0.332473],[0.0645308,-0.331591,0.941214]],"armWidth":62.4607,"confidence":0.314017,"direction":[-0.00722256,0.86368,-0.503989],"elbow":[44.7187,157.617,277.514],"grabStrength":0,"id":473,"palmNormal":[-0.00201304,-0.504014,-0.863693],"palmPosition":[19.777,288.921,-1.88587],"palmVelocity":[13.1974,-13.5748,20.7949],"palmWidth":89.1918,"pinchStrength":0.13302,"r":[[0.884908,0.439066,0.155431],[-0.423546,0.897398,-0.123635],[-0.193767,0.0435739,0.980079]],"s":1.32524,"sphereCenter":[-1.90992,287.787,-42.3448],"sphereRadius":49.1921,"stabilizedPalmPosition":[19.3417,289.342,-2.56964],"t":[47.4169,-14.2763,-25.6156],"timeVisible":30.8484,"type":"right","wrist":[27.6397,245.377,28.4089]}],"id":1688312,"interactionBox":{"center":[0,200,0],"size":[235.247,235.247,147.751]},"pointables":[{"bases":[[[0.402777,0.621438,0.672001],[-0.801052,-0.115865,0.587274],[0.442816,-0.774849,0.451136]],[[0.407879,0.612421,0.677182],[-0.7449,-0.205682,0.63468],[0.527975,-0.763306,0.372299]],[[0.407879,0.612421,0.677182],[-0.906226,0.361961,0.218492],[-0.111304,-0.702798,0.702628]],[[0.407879,0.612421,0.677182],[-0.820673,0.570972,-0.0220615],[-0.400163,-0.546746,0.735485]]],"btipPosition":[-13.2355,310.379,-37.4667],"carpPosition":[-0.30125,236.998,21.1062],"dipPosition":[-22.4157,297.836,-20.5938],"direction":[0.111304,0.702798,-0.702628],"extended":false,"handId":473,"id":4730,"length":51.0864,"mcpPosition":[-0.30125,236.998,21.1062],"pipPosition":[-26.1356,274.348,2.88923],"stabilizedTipPosition":[-15.5165,307.767,-33.7823],"timeVisible":30.8484,"tipPosition":[-15.3653,307.398,-33.3145],"tipVelocity":[13.9644,-20.2011,14.8726],"tool":false,"touchDistance":0.0930193,"touchZone":"hovering","type":0,"width":19.8498},{"bases":[[[0.984563,0.150163,-0.0899233],[-0.0239714,0.624608,0.780571],[0.17338,-0.766366,0.618565]],[[0.979055,0.172574,-0.108026],[-0.026615,0.634521,0.772447],[0.201849,-0.753393,0.625824]],[[0.979055,0.172574,-0.108026],[-0.0688924,0.780101,0.62185],[0.191586,-0.601383,0.77565]],[[0.979055,0.172574,-0.108026],[-0.100426,0.870893,0.481103],[0.177105,-0.460177,0.869983]]],"btipPosition":[-20.942,364.709,-71.5797],"carpPosition":[7.56731,255.759,32.3317],"dipPosition":[-17.9758,357.002,-57.0093],"direction":[-0.191586,0.601383,-0.77565],"extended":true,"handId":473,"id":4731,"length":57.6453,"mcpPosition":[-4.93607,311.026,-12.2765],"pipPosition":[-13.4366,342.754,-38.632],"stabilizedTipPosition":[-20.2948,363.026,-68.2435],"timeVisible":30.8484,"tipPosition":[-20.4644,364.027,-67.0499],"tipVelocity":[16.4537,-33.4448,2.53488],"tool":false,"touchDistance":0.327977,"touchZone":"hovering","type":1,"width":18.9605},{"bases":[[[0.9885,-0.0634519,-0.137268],[0.146638,0.624025,0.767522],[0.036958,-0.778824,0.626153]],[[0.987891,-0.0526329,-0.145948],[-0.0325027,0.849616,-0.526399],[0.151706,0.524768,0.837618]],[[0.987891,-0.0526329,-0.145948],[-0.153505,-0.468125,-0.870227],[-0.0225194,0.882093,-0.470536]],[[0.987891,-0.0526329,-0.145948],[-0.109996,-0.901018,-0.419605],[-0.109417,0.430578,-0.895897]]],"btipPosition":[12.1309,254.986,-20.5755],"carpPosition":[19.183,259.037,32.2033],"dipPosition":[10.1154,262.918,-37.0785],"direction":[0.0225194,-0.882093,0.470536],"extended":false,"handId":473,"id":4732,"length":65.6822,"mcpPosition":[16.6554,312.3,-10.6188],"pipPosition":[9.48768,287.506,-50.1944],"stabilizedTipPosition":[9.69422,258.46,-27.7812],"timeVisible":30.8484,"tipPosition":[11.5244,257.33,-25.6643],"tipVelocity":[16.7635,-16.6472,29.785],"tool":false,"touchDistance":0.333333,"touchZone":"none","type":2,"width":18.6218},{"bases":[[[0.969278,-0.224231,-0.101094],[0.217991,0.592752,0.775323],[-0.113927,-0.773541,0.623422]],[[0.971271,-0.20947,-0.112939],[0.114811,0.828152,-0.548619],[0.20845,0.519891,0.828409]],[[0.971271,-0.20947,-0.112939],[-0.203961,-0.488214,-0.848556],[0.122609,0.847213,-0.516912]],[[0.971271,-0.20947,-0.112939],[-0.236901,-0.896127,-0.375278],[-0.0225981,0.391252,-0.920006]]],"btipPosition":[26.0785,254.01,-12.9424],"carpPosition":[31.1281,259.453,30.7323],"dipPosition":[25.6646,261.175,-29.7921],"direction":[-0.122609,-0.847213,0.516912],"extended":false,"handId":473,"id":4733,"length":63.1552,"mcpPosition":[38.1234,306.95,-7.54712],"pipPosition":[28.994,284.181,-43.8286],"stabilizedTipPosition":[24.2191,257.052,-19.3174],"timeVisible":30.8484,"tipPosition":[26.0277,255.847,-17.9612],"tipVelocity":[15.4533,-13.5084,23.6402],"tool":false,"touchDistance":0.333333,"touchZone":"none","type":3,"width":17.7198},{"bases":[[[0.900146,-0.407089,-0.154967],[0.355168,0.479975,0.802172],[-0.252175,-0.777111,0.576633]],[[0.899389,-0.40941,-0.153243],[0.297903,0.830561,-0.470556],[0.319928,0.377561,0.868961]],[[0.899389,-0.40941,-0.153243],[-0.30024,-0.323722,-0.897251],[0.317735,0.852987,-0.414073]],[[0.899389,-0.40941,-0.153243],[-0.430569,-0.769037,-0.472432],[0.0755689,0.490882,-0.867943]]],"btipPosition":[38.6544,260.277,-14.7928],"carpPosition":[42.7783,253.841,25.4975],"dipPosition":[39.9312,268.571,-29.4577],"direction":[-0.317735,-0.852987,0.414073],"extended":false,"handId":473,"id":4734,"length":49.5125,"mcpPosition":[57.1117,298.011,-7.27786],"pipPosition":[46.0229,284.925,-37.3964],"stabilizedTipPosition":[37.836,263.232,-19.8363],"timeVisible":30.8484,"tipPosition":[39.0905,262.6,-18.9534],"tipVelocity":[13.8742,-12.649,21.8124],"tool":false,"touchDistance":0.333333,"touchZone":"none","type":4,"width":15.7401}],"r":[[0.884908,0.439066,0.155431],[-0.423546,0.897398,-0.123635],[-0.193767,0.0435739,0.980079]],"s":1.32524,"t":[47.4169,-14.2763,-25.6156],"timestamp":93543099656},false],[3,{"currentFrameRate":55.3671,"devices":[],"gestures":[],"hands":[{"armBasis":[[0.997989,0.0262149,-0.0577103],[-0.00559406,0.943342,0.331774],[0.0631379,-0.330784,0.941592]],"armWidth":62.4607,"confidence":0.320713,"direction":[-0.00897126,0.864226,-0.503024],"elbow":[44.5831,157.484,277.974],"grabStrength":0,"id":473,"palmNormal":[-0.000293039,-0.503046,-0.864259],"palmPosition":[19.9248,288.589,-1.48204],"palmVelocity":[10.8229,-15.8475,21.5484],"palmWidth":89.1918,"pinchStrength":0.137482,"r":[[0.885369,0.438064,0.155633],[-0.422925,0.89797,-0.121593],[-0.193019,0.0418334,0.980303]],"s":1.32393,"sphereCenter":[-1.40609,287.364,-42.0328],"sphereRadius":49.0694,"stabilizedPalmPosition":[19.4815,289.162,-2.30894],"t":[47.6061,-14.5642,-25.229],"timeVisible":30.8664,"type":"right","wrist":[27.8727,245.031,28.7686]}],"id":1688313,"interactionBox":{"center":[0,200,0],"size":[235.247,235.247,147.751]},"pointables":[{"bases":[[[0.400893,0.621637,0.672943],[-0.801129,-0.118429,0.586657],[0.444384,-0.774301,0.450535]],[[0.404453,0.615392,0.676544],[-0.745743,-0.206311,0.633485],[0.52942,-0.760742,0.375481]],[[0.404453,0.615392,0.676544],[-0.907658,0.360797,0.214433],[-0.112135,-0.700799,0.704491]],[[0.404453,0.615392,0.676544],[-0.822679,0.567965,-0.0248111],[-0.399521,-0.546543,0.735985]]],"btipPosition":[-13.0357,309.778,-37.3627],"carpPosition":[-0.0438132,236.594,21.4396],"dipPosition":[-22.2011,297.239,-20.4784],"direction":[0.112135,0.700799,-0.704491],"extended":false,"handId":473,"id":4730,"length":51.0864,"mcpPosition":[-0.0438132,236.594,21.4396],"pipPosition":[-25.9489,273.817,3.06691],"stabilizedTipPosition":[-15.2646,307.177,-33.5775],"timeVisible":30.8664,"tipPosition":[-15.1875,306.888,-33.1159],"tipVelocity":[12.6818,-26.4102,10.6186],"tool":false,"touchDistance":0.094796,"touchZone":"hovering","type":0,"width":19.8498},{"bases":[[[0.984258,0.152603,-0.0891572],[-0.0259278,0.623671,0.781257],[0.174827,-0.766646,0.61781]],[[0.979016,0.17386,-0.1063],[-0.0292232,0.636027,0.771114],[0.201675,-0.751826,0.627761]],[[0.979016,0.17386,-0.1063],[-0.0718514,0.782643,0.61831],[0.190694,-0.597698,0.778712]],[[0.979016,0.17386,-0.1063],[-0.103489,0.873547,0.47561],[0.175548,-0.454629,0.87321]]],"btipPosition":[-20.7858,364.085,-71.3743],"carpPosition":[7.77334,255.36,32.6909],"dipPosition":[-17.8457,356.471,-56.7498],"direction":[-0.190694,0.597698,-0.778712],"extended":true,"handId":473,"id":4731,"length":57.6453,"mcpPosition":[-4.83443,310.648,-11.8629],"pipPosition":[-13.3277,342.309,-38.3],"stabilizedTipPosition":[-20.125,362.391,-68.0301],"timeVisible":30.8664,"tipPosition":[-20.3502,363.414,-66.8439],"tipVelocity":[12.5955,-33.4417,7.06342],"tool":false,"touchDistance":0.331609,"touchZone":"hovering","type":1,"width":18.9605},{"bases":[[[0.98873,-0.0609481,-0.136739],[0.144691,0.623509,0.768311],[0.0384311,-0.779437,0.625301]],[[0.988098,-0.0500651,-0.145452],[-0.0343489,0.849871,-0.52587],[0.149943,0.524607,0.838036]],[[0.988098,-0.0500651,-0.145452],[-0.151851,-0.468539,-0.870295],[-0.0245785,0.882023,-0.470564]],[[0.988098,-0.0500651,-0.145452],[-0.107431,-0.901347,-0.419561],[-0.110097,0.430194,-0.895998]]],"btipPosition":[12.3817,254.674,-20.1644],"carpPosition":[19.3813,258.666,32.5732],"dipPosition":[10.3536,262.598,-36.6692],"direction":[0.0245785,-0.882023,0.470564],"extended":false,"handId":473,"id":4732,"length":65.6822,"mcpPosition":[16.753,311.971,-10.1906],"pipPosition":[9.6685,287.184,-49.7859],"stabilizedTipPosition":[9.78637,258.379,-27.6227],"timeVisible":30.8664,"tipPosition":[11.7725,256.996,-25.2304],"tipVelocity":[15.3278,-17.0066,26.4518],"tool":false,"touchDistance":0.333333,"touchZone":"none","type":2,"width":18.6218},{"bases":[[[0.96987,-0.221813,-0.100758],[0.216113,0.592397,0.77612],[-0.112465,-0.77451,0.622484]],[[0.971816,-0.207187,-0.112463],[0.11357,0.829518,-0.54681],[0.206582,0.518626,0.829669]],[[0.971816,-0.207187,-0.112463],[-0.20214,-0.48689,-0.849751],[0.1213,0.848535,-0.515048]],[[0.971816,-0.207187,-0.112463],[-0.23465,-0.896006,-0.376979],[-0.0226623,0.392744,-0.919369]]],"btipPosition":[26.3054,253.72,-12.6247],"carpPosition":[31.3262,259.113,31.1099],"dipPosition":[25.8903,260.913,-29.4627],"direction":[-0.1213,-0.848535,0.515048],"extended":false,"handId":473,"id":4733,"length":63.1552,"mcpPosition":[38.2318,306.669,-7.11191],"pipPosition":[29.1842,283.955,-43.4486],"stabilizedTipPosition":[24.3299,256.959,-19.1605],"timeVisible":30.8664,"tipPosition":[26.2569,255.553,-17.5835],"tipVelocity":[14.0796,-14.5407,20.8502],"tool":false,"touchDistance":0.333333,"touchZone":"none","type":3,"width":17.7198},{"bases":[[[0.901205,-0.404774,-0.154878],[0.353541,0.479916,0.802925],[-0.250675,-0.778356,0.575607]],[[0.900246,-0.407729,-0.152689],[0.296998,0.83154,-0.469398],[0.318354,0.377225,0.869685]],[[0.900246,-0.407729,-0.152689],[-0.298657,-0.323134,-0.897991],[0.316798,0.854015,-0.412671]],[[0.900246,-0.407729,-0.152689],[-0.428738,-0.76917,-0.47388],[0.0757707,0.492072,-0.867251]]],"btipPosition":[38.8528,260.013,-14.4198],"carpPosition":[42.9929,253.534,25.8759],"dipPosition":[40.1331,268.327,-29.073],"direction":[-0.316798,-0.854015,0.412671],"extended":false,"handId":473,"id":4734,"length":49.5125,"mcpPosition":[57.2411,297.775,-6.84117],"pipPosition":[46.2068,284.7,-36.9848],"stabilizedTipPosition":[37.9247,263.143,-19.6979],"timeVisible":30.8664,"tipPosition":[39.2946,262.329,-18.5555],"tipVelocity":[12.5309,-13.4875,21.3439],"tool":false,"touchDistance":0.333333,"touchZone":"none","type":4,"width":15.7401}],"r":[[0.885369,0.438064,0.155633],[-0.422925,0.89797,-0.121593],[-0.193019,0.0418334,0.980303]],"s":1.32393,"t":[47.6061,-14.5642,-25.229],"timestamp":93543117698},false],[4,{"currentFrameRate":55.365,"devices":[],"gestures":[],"hands":[{"armBasis":[[0.997987,0.0221911,-0.0594116],[-0.00113448,0.942883,0.333123],[0.0634105,-0.332385,0.94101]],"armWidth":62.4607,"confidence":0.331432,"direction":[-0.00880794,0.863618,-0.504071],"elbow":[44.6376,157.035,277.875],"grabStrength":0,"id":473,"palmNormal":[-0.00597476,-0.504127,-0.863609],"palmPosition":[19.8919,288.55,-1.44355],"palmVelocity":[4.81659,-9.34472,12.3236],"palmWidth":89.1918,"pinchStrength":0.141378,"r":[[0.88615,0.436769,0.154827],[-0.422002,0.898648,-0.119778],[-0.19145,0.0408036,0.980654]],"s":1.32237,"sphereCenter":[-1.17461,287.196,-42.0261],"sphereRadius":48.9123,"stabilizedPalmPosition":[19.5621,289.042,-2.13909],"t":[47.6843,-14.7277,-25.0164],"timeVisible":30.8845,"type":"right","wrist":[27.8551,245.006,28.8236]}],"id":1688314,"interactionBox":{"center":[0,200,0],"size":[235.247,235.247,147.751]},"pointables":[{"bases":[[[0.406,0.621273,0.670212],[-0.798639,-0.115285,0.590665],[0.44423,-0.775067,0.449367]],[[0.407997,0.617776,0.672229],[-0.74452,-0.201026,0.636615],[0.528421,-0.760225,0.377929]],[[0.407997,0.617776,0.672229],[-0.905912,0.365397,0.214027],[-0.11341,-0.696303,0.708732]],[[0.407997,0.617776,0.672229],[-0.82278,0.567913,-0.0225389],[-0.395691,-0.543901,0.74]]],"btipPosition":[-13.1099,309.591,-37.5158],"carpPosition":[-0.121652,236.644,21.6401],"dipPosition":[-22.1875,297.114,-20.5394],"direction":[0.11341,0.696303,-0.708732],"extended":false,"handId":473,"id":4730,"length":51.0864,"mcpPosition":[-0.121652,236.644,21.6401],"pipPosition":[-25.9778,273.842,3.14763],"stabilizedTipPosition":[-15.213,306.825,-33.6036],"timeVisible":30.8845,"tipPosition":[-15.262,306.791,-33.1586],"tipVelocity":[5.23743,-18.3925,2.1048],"tool":false,"touchDistance":0.0925967,"touchZone":"hovering","type":0,"width":19.8498},{"bases":[[[0.984269,0.149533,-0.0940984],[-0.0202846,0.624725,0.780581],[0.175508,-0.766393,0.617931]],[[0.979425,0.169212,-0.109974],[-0.0246896,0.641317,0.766879],[0.200293,-0.748385,0.6323]],[[0.979425,0.169212,-0.109974],[-0.067715,0.788902,0.610777],[0.190109,-0.590764,0.784128]],[[0.979425,0.169212,-0.109974],[-0.0996862,0.879471,0.465396],[0.175469,-0.444858,0.878244]]],"btipPosition":[-20.7288,363.634,-71.6479],"carpPosition":[7.80598,255.401,32.8297],"dipPosition":[-17.7901,356.184,-56.9391],"direction":[-0.190109,0.590764,-0.784128],"extended":true,"handId":473,"id":4731,"length":57.6453,"mcpPosition":[-4.85089,310.67,-11.7328],"pipPosition":[-13.2859,342.187,-38.361],"stabilizedTipPosition":[-20.057,361.947,-68.2518],"timeVisible":30.8845,"tipPosition":[-20.3275,363.025,-67.0817],"tipVelocity":[8.10094,-28.4127,-2.97729],"tool":false,"touchDistance":0.327371,"touchZone":"hovering","type":1,"width":18.9605},{"bases":[[[0.987871,-0.0640907,-0.141431],[0.150268,0.624034,0.766812],[0.039112,-0.778764,0.626096]],[[0.987227,-0.0531878,-0.150177],[-0.0343878,0.849269,-0.52684],[0.155562,0.525275,0.836592]],[[0.987227,-0.0531878,-0.150177],[-0.157456,-0.469411,-0.868827],[-0.0242838,0.881376,-0.47179]],[[0.987227,-0.0531878,-0.150177],[-0.112106,-0.901685,-0.417609],[-0.113201,0.42911,-0.896131]]],"btipPosition":[12.1604,254.64,-20.0353],"carpPosition":[19.4231,258.671,32.6519],"dipPosition":[10.0751,262.544,-36.5426],"direction":[0.0242838,-0.881376,0.47179],"extended":false,"handId":473,"id":4732,"length":65.6822,"mcpPosition":[16.7482,311.93,-10.1663],"pipPosition":[9.39825,287.112,-49.6935],"stabilizedTipPosition":[9.84129,258.323,-27.5128],"timeVisible":30.8845,"tipPosition":[11.5346,256.946,-25.0855],"tipVelocity":[1.88227,-9.94375,17.2642],"tool":false,"touchDistance":0.333333,"touchZone":"none","type":2,"width":18.6218},{"bases":[[[0.968702,-0.224852,-0.105154],[0.221633,0.592717,0.774316],[-0.11178,-0.773387,0.624001]],[[0.970618,-0.210389,-0.116774],[0.11379,0.828932,-0.547652],[0.212018,0.518274,0.828517]],[[0.970618,-0.210389,-0.116774],[-0.207562,-0.486552,-0.848637],[0.121728,0.847941,-0.515926]],[[0.970618,-0.210389,-0.116774],[-0.239255,-0.895526,-0.375219],[-0.0256319,0.392133,-0.919551]]],"btipPosition":[26.1039,253.662,-12.6198],"carpPosition":[31.3621,259.08,31.1303],"dipPosition":[25.6345,260.844,-29.4611],"direction":[-0.121728,-0.847941,0.515926],"extended":false,"handId":473,"id":4733,"length":63.1552,"mcpPosition":[38.2256,306.568,-7.18461],"pipPosition":[28.94,283.869,-43.4708],"stabilizedTipPosition":[24.4075,256.882,-19.0363],"timeVisible":30.8845,"tipPosition":[26.0405,255.479,-17.5266],"tipVelocity":[1.76601,-9.23657,11.0539],"tool":false,"touchDistance":0.333333,"touchZone":"none","type":3,"width":17.7198},{"bases":[[[0.899229,-0.407675,-0.15871],[0.358852,0.479858,0.800601],[-0.250226,-0.776877,0.577797]],[[0.898086,-0.411189,-0.156092],[0.297903,0.829796,-0.471904],[0.323566,0.37731,0.867723]],[[0.898086,-0.411189,-0.156092],[-0.303795,-0.323317,-0.8962],[0.318041,0.852285,-0.415284]],[[0.898086,-0.411189,-0.156092],[-0.433603,-0.768301,-0.470853],[0.0736843,0.490548,-0.868293]]],"btipPosition":[38.6518,259.911,-14.4372],"carpPosition":[42.9866,253.46,25.8472],"dipPosition":[39.8968,268.199,-29.108],"direction":[-0.318041,-0.852285,0.415284],"extended":false,"handId":473,"id":4734,"length":49.5125,"mcpPosition":[57.2093,297.617,-6.9943],"pipPosition":[45.9944,284.539,-37.0699],"stabilizedTipPosition":[37.9834,263.066,-19.5887],"timeVisible":30.8845,"tipPosition":[39.0869,262.208,-18.5623],"tipVelocity":[1.07956,-9.91623,10.64],"tool":false,"touchDistance":0.333333,"touchZone":"none","type":4,"width":15.7401}],"r":[[0.88615,0.436769,0.154827],[-0.422002,0.898648,-0.119778],[-0.19145,0.0408036,0.980654]],"s":1.32237,"t":[47.6843,-14.7277,-25.0164],"timestamp":93543135767},false],[5,{"currentFrameRate":55.3674,"devices":[],"gestures":[],"hands":[{"armBasis":[[0.998077,0.00235002,-0.0619465],[0.0180277,0.94509,0.326314],[0.0593118,-0.326803,0.94323]],"armWidth":62.4607,"confidence":0.28641,"direction":[-0.0108209,0.871688,-0.489942],"elbow":[43.7623,157.01,277],"grabStrength":0,"id":473,"palmNormal":[-0.0337056,-0.49001,-0.871065],"palmPosition":[19.8817,287.621,-2.00275],"palmVelocity":[2.26073,-29.3369,-8.23315],"palmWidth":89.1918,"pinchStrength":0.144827,"r":[[0.888573,0.433136,0.151101],[-0.419702,0.900557,-0.113351],[-0.185171,0.0373031,0.981998]],"s":1.32048,"sphereCenter":[-1.59528,286.96,-42.2852],"sphereRadius":48.7254,"stabilizedPalmPosition":[19.6525,288.64,-2.1005],"t":[47.7183,-15.2739,-25.1897],"timeVisible":30.9025,"type":"right","wrist":[28.0646,243.503,27.3607]}],"id":1688315,"interactionBox":{"center":[0,200,0],"size":[235.247,235.247,147.751]},"pointables":[{"bases":[[[0.430181,0.60552,0.669544],[-0.784993,-0.115345,0.608672],[0.445792,-0.787426,0.42571]],[[0.431025,0.604026,0.67035],[-0.73187,-0.20053,0.651271],[0.52781,-0.771324,0.355635]],[[0.431025,0.604026,0.67035],[-0.896028,0.374226,0.238933],[-0.10654,-0.703639,0.702525]],[[0.431025,0.604026,0.67035],[-0.817345,0.576113,0.00642833],[-0.382315,-0.550678,0.742017]]],"btipPosition":[-13.6779,309.481,-37.1521],"carpPosition":[-0.183052,235.589,20.7518],"dipPosition":[-22.4486,296.848,-20.1295],"direction":[0.10654,0.703639,-0.702525],"extended":false,"handId":473,"id":4730,"length":51.0864,"mcpPosition":[-0.183052,235.589,20.7518],"pipPosition":[-26.0094,273.331,3.35016],"stabilizedTipPosition":[-15.5699,306.64,-33.3322],"timeVisible":30.9025,"tipPosition":[-15.7709,306.688,-32.722],"tipVelocity":[-10.3301,-13.5088,10.9503],"tool":false,"touchDistance":0.0988359,"touchZone":"hovering","type":0,"width":19.8498},{"bases":[[[0.983369,0.139371,-0.116453],[0.00685923,0.612236,0.790645],[0.181489,-0.778295,0.601098]],[[0.979022,0.156901,-0.12999],[0.000655295,0.635549,0.77206],[0.203752,-0.755949,0.622114]],[[0.979022,0.156901,-0.12999],[-0.0445619,0.787415,0.614811],[0.19882,-0.596121,0.777888]],[[0.979022,0.156901,-0.12999],[-0.0789245,0.880198,0.467999],[0.187846,-0.447922,0.874116]]],"btipPosition":[-21.2751,363.657,-70.5836],"carpPosition":[8.25047,254.068,32.0342],"dipPosition":[-18.129,356.155,-55.9439],"direction":[-0.19882,0.596121,-0.777888],"extended":true,"handId":473,"id":4731,"length":57.6453,"mcpPosition":[-4.83775,310.195,-11.3144],"pipPosition":[-13.4184,342.031,-37.5137],"stabilizedTipPosition":[-20.4289,361.935,-67.473],"timeVisible":30.9025,"tipPosition":[-20.8463,363.073,-65.9575],"tipVelocity":[-8.85568,-14.6418,26.0079],"tool":false,"touchDistance":0.343693,"touchZone":"hovering","type":1,"width":18.9605},{"bases":[[[0.983174,-0.0734882,-0.16724],[0.176994,0.609748,0.77258],[0.0451986,-0.789181,0.612495]],[[0.982442,-0.0624031,-0.175821],[-0.0371164,0.85819,-0.511989],[0.182837,0.509526,0.840806]],[[0.982442,-0.0624031,-0.175821],[-0.184852,-0.453083,-0.872093],[-0.0252401,0.889282,-0.456663]],[[0.982442,-0.0624031,-0.175821],[-0.13354,-0.893317,-0.429129],[-0.130285,0.445074,-0.885966]]],"btipPosition":[11.2724,254.114,-20.9491],"carpPosition":[19.8986,257.203,31.6159],"dipPosition":[8.87244,262.313,-37.2691],"direction":[0.0252401,-0.889282,0.456663],"extended":false,"handId":473,"id":4732,"length":65.6822,"mcpPosition":[16.8076,311.175,-10.2721],"pipPosition":[8.16888,287.101,-49.9983],"stabilizedTipPosition":[9.88343,258.212,-27.3781],"timeVisible":30.9025,"tipPosition":[10.553,256.498,-25.9118],"tipVelocity":[-24.268,-17.2728,-13.8298],"tool":false,"touchDistance":0.333333,"touchZone":"none","type":2,"width":18.6218},{"bases":[[[0.96295,-0.234577,-0.133045],[0.248135,0.577472,0.777789],[-0.105622,-0.781985,0.614283]],[[0.964738,-0.22008,-0.144378],[0.110575,0.836646,-0.536466],[0.238859,0.501585,0.83148]],[[0.964738,-0.22008,-0.144378],[-0.234505,-0.469577,-0.851179],[0.119531,0.855022,-0.504628]],[[0.964738,-0.22008,-0.144378],[-0.25959,-0.88623,-0.383678],[-0.043512,0.407628,-0.912111]]],"btipPosition":[25.3753,252.86,-13.925],"carpPosition":[31.8001,257.496,29.8012],"dipPosition":[24.5784,260.326,-30.6301],"direction":[-0.119531,-0.855022,0.504628],"extended":false,"handId":473,"id":4733,"length":63.1552,"mcpPosition":[38.2854,305.511,-7.91707],"pipPosition":[27.8242,283.543,-44.3331],"stabilizedTipPosition":[24.4451,256.772,-18.9755],"timeVisible":30.9025,"tipPosition":[25.2157,254.747,-18.7509],"tipVelocity":[-20.2138,-24.2261,-27.6959],"tool":false,"touchDistance":0.333333,"touchZone":"none","type":3,"width":17.7198},{"bases":[[[0.889929,-0.415675,-0.187726],[0.384576,0.462586,0.798821],[-0.245211,-0.783089,0.571527]],[[0.888624,-0.419797,-0.18471],[0.296859,0.833459,-0.466071],[0.349604,0.359328,0.865252]],[[0.888624,-0.419797,-0.18471],[-0.329899,-0.305279,-0.893293],[0.318614,0.854737,-0.409768]],[[0.888624,-0.419797,-0.18471],[-0.454891,-0.755356,-0.471712],[0.0585011,0.503197,-0.862189]]],"btipPosition":[37.9426,258.99,-15.9124],"carpPosition":[43.2194,251.824,24.1388],"dipPosition":[38.931,267.492,-30.4801],"direction":[-0.318614,-0.854737,0.409768],"extended":false,"handId":473,"id":4734,"length":49.5125,"mcpPosition":[57.157,296.334,-8.34633],"pipPosition":[45.0396,283.88,-38.3363],"stabilizedTipPosition":[37.9935,262.952,-19.5711],"timeVisible":30.9025,"tipPosition":[38.3078,261.334,-19.9972],"tipVelocity":[-19.636,-28.1192,-32.5847],"tool":false,"touchDistance":0.333333,"touchZone":"none","type":4,"width":15.7401}],"r":[[0.888573,0.433136,0.151101],[-0.419702,0.900557,-0.113351],[-0.185171,0.0373031,0.981998]],"s":1.32048,"t":[47.7183,-15.2739,-25.1897],"timestamp":93543153820},false],[6,{"currentFrameRate":55.3497,"devices":[],"gestures":[],"hands":[{"armBasis":[[0.997806,-0.0106514,-0.0653444],[0.0311133,0.946638,0.320793],[0.0584406,-0.322122,0.944893]],"armWidth":62.4607,"confidence":0.242907,"direction":[-0.010152,0.879386,-0.476001],"elbow":[43.6799,156.701,276.153],"grabStrength":0,"id":473,"palmNormal":[-0.0518056,-0.475849,-0.878],"palmPosition":[19.9944,286.606,-2.46326],"palmVelocity":[4.14372,-42.0404,-16.409],"palmWidth":89.1918,"pinchStrength":0.230607,"r":[[0.891744,0.428113,0.146673],[-0.416479,0.903168,-0.104079],[-0.177028,0.0317259,0.983694]],"s":1.31294,"sphereCenter":[-0.310456,286.394,-42.6017],"sphereRadius":47.8493,"stabilizedPalmPosition":[19.7674,287.956,-2.22244],"t":[47.7916,-16.0548,-25.5066],"timeVisible":30.9207,"type":"right","wrist":[28.2128,241.955,26.0743]}],"id":1688316,"interactionBox":{"center":[0,200,0],"size":[235.247,235.247,147.751]},"pointables":[{"bases":[[[0.446192,0.590872,0.672148],[-0.776542,-0.117715,0.618972],[0.444855,-0.798131,0.406314]],[[0.43014,0.618797,0.65732],[-0.745039,-0.167852,0.645556],[0.509801,-0.767409,0.388828]],[[0.43014,0.618797,0.65732],[-0.893367,0.396545,0.2113],[-0.129905,-0.678117,0.723382]],[[0.43014,0.618797,0.65732],[-0.784749,0.616227,-0.0665854],[-0.446262,-0.48719,0.750664]]],"btipPosition":[-10.573,305.798,-40.6395],"carpPosition":[-0.207291,234.408,19.784],"dipPosition":[-20.8107,294.622,-23.4185],"direction":[0.129905,0.678117,-0.723382],"extended":false,"handId":473,"id":4730,"length":51.0864,"mcpPosition":[-0.207291,234.408,19.784],"pipPosition":[-25.1524,271.958,0.758262],"stabilizedTipPosition":[-13.7857,304.336,-35.592],"timeVisible":30.9207,"tipPosition":[-13.7583,304.221,-34.9589],"tipVelocity":[67.2814,-95.0075,-84.6676],"tool":false,"touchDistance":0.0414736,"touchZone":"hovering","type":0,"width":19.8498},{"bases":[[[0.982725,0.132128,-0.129594],[0.024876,0.599573,0.799934],[0.183395,-0.789338,0.585928]],[[0.978956,0.147518,-0.141012],[0.0168089,0.630352,0.776128],[0.20338,-0.762165,0.614607]],[[0.978956,0.147518,-0.141012],[-0.0294828,0.785973,0.617557],[0.201933,-0.600403,0.773782]],[[0.978956,0.147518,-0.141012],[-0.0650939,0.880615,0.46934],[0.193414,-0.450284,0.871685]]],"btipPosition":[-21.2402,363.415,-69.8482],"carpPosition":[8.57411,252.628,31.2214],"dipPosition":[-18.0009,355.874,-55.2493],"direction":[-0.201933,0.600403,-0.773782],"extended":true,"handId":473,"id":4731,"length":57.6453,"mcpPosition":[-4.65153,309.551,-11.0331],"pipPosition":[-13.2165,341.648,-36.9163],"stabilizedTipPosition":[-20.461,361.812,-66.997],"timeVisible":30.9207,"tipPosition":[-20.8074,362.854,-65.1658],"tipVelocity":[-3.15894,-14.2528,32.6945],"tool":false,"touchDistance":0.353548,"touchZone":"hovering","type":1,"width":18.9605},{"bases":[[[0.979731,-0.0798906,-0.183699],[0.194679,0.595804,0.779178],[0.0471997,-0.799147,0.59928]],[[0.978966,-0.0685965,-0.192144],[-0.0369086,0.866699,-0.497464],[0.200656,0.494092,0.845938]],[[0.978966,-0.0685965,-0.192144],[-0.202624,-0.436942,-0.87637],[-0.0238401,0.89687,-0.441651]],[[0.978966,-0.0685965,-0.192144],[-0.148646,-0.884898,-0.441429],[-0.139748,0.460706,-0.876482]]],"btipPosition":[10.7738,253.484,-21.8263],"carpPosition":[20.2435,255.661,30.6705],"dipPosition":[8.19959,261.97,-37.9717],"direction":[0.0238401,-0.89687,0.441651],"extended":false,"handId":473,"id":4732,"length":65.6822,"mcpPosition":[17.0156,310.314,-10.3137],"pipPosition":[7.53506,286.97,-50.2824],"stabilizedTipPosition":[9.89861,258.071,-27.2845],"timeVisible":30.9207,"tipPosition":[10.0059,255.94,-26.6967],"tipVelocity":[-26.8605,-23.8726,-29.2311],"tool":false,"touchDistance":0.333333,"touchZone":"none","type":2,"width":18.6218},{"bases":[[[0.958516,-0.241306,-0.15172],[0.265585,0.562795,0.782769],[-0.1035,-0.790591,0.603535]],[[0.960253,-0.226767,-0.162762],[0.110508,0.844301,-0.52435],[0.256326,0.485522,0.835802]],[[0.960253,-0.226767,-0.162762],[-0.251961,-0.453229,-0.855043],[0.120127,0.862067,-0.492351]],[[0.960253,-0.226767,-0.162762],[-0.273956,-0.877414,-0.393817],[-0.0535047,0.422754,-0.904664]]],"btipPosition":[24.9646,252.001,-15.0503],"carpPosition":[32.1177,255.873,28.675],"dipPosition":[23.9846,259.743,-31.619],"direction":[-0.120127,-0.862067,0.492351],"extended":false,"handId":473,"id":4733,"length":63.1552,"mcpPosition":[38.4728,304.417,-8.38327],"pipPosition":[27.2466,283.152,-44.9886],"stabilizedTipPosition":[24.4577,256.644,-18.9706],"timeVisible":30.9207,"tipPosition":[24.7522,253.956,-19.7994],"tipVelocity":[-22.4845,-33.5895,-43.2417],"tool":false,"touchDistance":0.333333,"touchZone":"none","type":3,"width":17.7198},{"bases":[[[0.882948,-0.420837,-0.208084],[0.401241,0.446339,0.799867],[-0.243738,-0.789733,0.562951]],[[0.881424,-0.425711,-0.2046],[0.298321,0.837605,-0.457627],[0.366191,0.342328,0.865284]],[[0.881424,-0.425711,-0.2046],[-0.346427,-0.28823,-0.892699],[0.32106,0.857726,-0.401531]],[[0.881424,-0.425711,-0.2046],[-0.469615,-0.743537,-0.476041],[0.0505283,0.515677,-0.855292]]],"btipPosition":[37.5463,258.051,-17.0925],"carpPosition":[43.3939,250.186,22.7469],"dipPosition":[38.4001,266.764,-31.5436],"direction":[-0.32106,-0.857726,0.401531],"extended":false,"handId":473,"id":4734,"length":49.5125,"mcpPosition":[57.2478,295.074,-9.25078],"pipPosition":[44.5555,283.209,-39.2419],"stabilizedTipPosition":[37.9817,262.816,-19.6107],"timeVisible":30.9207,"tipPosition":[37.8769,260.438,-21.1324],"tipVelocity":[-21.5087,-38.1197,-47.3608],"tool":false,"touchDistance":0.333333,"touchZone":"none","type":4,"width":15.7401}],"r":[[0.891744,0.428113,0.146673],[-0