{"sensorType":"Leap","data":[[0,{"currentFrameRate":55.3557,"devices":[],"gestures":[],"hands":[{"armBasis":[[0.915564,-0.313601,-0.251787],[0.359923,0.918262,0.165077],[0.179438,-0.241762,0.9536]],"armWidth":62.4607,"confidence":0.507111,"direction":[0.21024,0.720909,-0.660371],"elbow":[31.0215,114.021,292.032],"grabStrength":0,"id":470,"palmNormal":[-0.292862,-0.598009,-0.746068],"palmPosition":[-13.5505,216.251,2.17241],"palmVelocity":[69.2248,24.1845,59.7501],"palmWidth":89.1918,"pinchStrength":0.129862,"r":[[0.956297,0.237666,0.170328],[-0.193195,0.950833,-0.242057],[-0.219482,0.198572,0.955195]],"s":2.03025,"sphereCenter":[-40.3835,214.332,-36.7769],"sphereRadius":48.5272,"stabilizedPalmPosition":[-17.8556,214.655,-2.58408],"t":[-19.4638,-76.4956,-38.4563],"timeVisible":7.04098,"type":"right","wrist":[-16.4693,178.006,39.6489]}],"id":1682201,"interactionBox":{"center":[0,200,0],"size":[235.247,235.247,147.751]},"pointables":[{"bases":[[[0.678306,0.534608,0.504078],[-0.701752,0.267972,0.660102],[0.217817,-0.801489,0.55693]],[[0.629645,0.666778,0.398691],[-0.652549,0.175434,0.737158],[0.421577,-0.724313,0.545567]],[[0.629645,0.666778,0.398691],[-0.774641,0.577807,0.25704],[-0.0589774,-0.470686,0.880327]],[[0.629645,0.666778,0.398691],[-0.714045,0.698889,-0.0411577],[-0.306084,-0.258768,0.916161]]],"btipPosition":[-57.9757,236.154,-40.7828],"carpPosition":[-46.3405,179.045,36.3522],"dipPosition":[-64.9976,230.218,-19.7651],"direction":[0.0589774,0.470686,-0.880327],"extended":false,"handId":470,"id":4700,"length":51.0864,"mcpPosition":[-46.3405,179.045,36.3522],"pipPosition":[-66.9687,214.486,9.65701],"stabilizedTipPosition":[-64.6459,232.741,-41.8902],"timeVisible":7.04098,"tipPosition":[-60.1553,234.062,-36.6433],"tipVelocity":[81.8559,21.6702,63.6366],"tool":false,"touchDistance":0.209065,"touchZone":"hovering","type":0,"width":19.8498},{"bases":[[[0.954813,-0.224237,-0.195066],[0.297134,0.705538,0.643372],[-0.00664057,-0.67226,0.740285]],[[0.949759,-0.148996,-0.275243],[0.277253,0.808559,0.519002],[0.14522,-0.569239,0.809245]],[[0.949759,-0.148996,-0.275243],[0.246046,0.89897,0.362373],[0.193443,-0.411889,0.890465]],[[0.949759,-0.148996,-0.275243],[0.216776,0.947486,0.235113],[0.225758,-0.282966,0.932182]]],"btipPosition":[-45.1487,282.25,-81.1256],"carpPosition":[-31.1477,195.3,43.0502],"dipPosition":[-41.3677,277.511,-65.5135],"direction":[-0.193443,0.411889,-0.890465],"extended":true,"handId":470,"id":4701,"length":57.6453,"mcpPosition":[-30.6688,243.78,-10.3359],"pipPosition":[-36.7845,267.753,-44.4159],"stabilizedTipPosition":[-47.5675,279.175,-84.4068],"timeVisible":7.04098,"tipPosition":[-43.8482,281.466,-77.4244],"tipVelocity":[51.6302,18.5299,62.3176],"tool":false,"touchDistance":0.0949746,"touchZone":"hovering","type":1,"width":18.9605},{"bases":[[[0.880399,-0.429969,-0.20006],[0.454061,0.64254,0.617228],[-0.136842,-0.634246,0.760924]],[[0.880715,-0.428494,-0.201828],[0.205812,0.729995,-0.651727],[0.426594,0.532447,0.731107]],[[0.880715,-0.428494,-0.201828],[-0.390303,-0.415149,-0.821776],[0.268337,0.802524,-0.53287]],[[0.880715,-0.428494,-0.201828],[-0.473611,-0.801936,-0.364129],[-0.00582563,0.416282,-0.909217]]],"btipPosition":[-37.417,182.368,-13.6132],"carpPosition":[-19.2475,194.188,41.3672],"dipPosition":[-37.5243,190.036,-30.3616],"direction":[-0.268337,-0.802524,0.53287],"extended":false,"handId":470,"id":4702,"length":65.6822,"mcpPosition":[-9.88893,237.563,-10.6718],"pipPosition":[-30.0446,212.406,-45.215],"stabilizedTipPosition":[-44.9867,181.673,-26.5254],"timeVisible":7.04098,"tipPosition":[-37.5627,184.104,-18.0116],"tipVelocity":[83.0413,18.6158,55.7054],"tool":false,"touchDistance":0.333333,"touchZone":"none","type":2,"width":18.6218},{"bases":[[[0.813915,-0.565823,-0.131859],[0.511208,0.589633,0.625299],[-0.27606,-0.576348,0.769165]],[[0.808348,-0.577011,-0.116759],[0.345842,0.625941,-0.698993],[0.47641,0.524649,0.705533]],[[0.808348,-0.577011,-0.116759],[-0.427013,-0.438153,-0.791],[0.405257,0.689261,-0.600572]],[[0.808348,-0.577011,-0.116759],[-0.581664,-0.752231,-0.30954],[0.0907786,0.318131,-0.943691]]],"btipPosition":[-24.7683,177.98,-5.63385],"carpPosition":[-8.1867,190.112,38.9026],"dipPosition":[-23.1057,183.807,-22.9173],"direction":[-0.405257,-0.689261,0.600572],"extended":false,"handId":470,"id":4703,"length":63.1552,"mcpPosition":[8.76396,225.501,-8.32562],"pipPosition":[-12.1012,202.523,-39.2255],"stabilizedTipPosition":[-31.8444,176.513,-17.3467],"timeVisible":7.04098,"tipPosition":[-24.572,179.158,-10.0864],"tipVelocity":[85.7818,24.5701,58.3541],"tool":false,"touchDistance":0.333333,"touchZone":"none","type":3,"width":17.7198},{"bases":[[[0.680764,-0.718321,-0.143443],[0.605167,0.441198,0.662659],[-0.412715,-0.537921,0.735056]],[[0.676465,-0.723838,-0.135844],[0.482178,0.574714,-0.661217],[0.556686,0.381789,0.737793]],[[0.676465,-0.723838,-0.135844],[-0.484358,-0.298309,-0.822441],[0.55479,0.62215,-0.552392]],[[0.676465,-0.723838,-0.135844],[-0.713113,-0.59768,-0.366399],[0.184022,0.344729,-0.920488]]],"btipPosition":[-9.53146,179.587,-7.25275],"carpPosition":[0.0509362,179.998,33.9561],"dipPosition":[-6.4222,185.412,-22.8054],"direction":[-0.55479,-0.62215,0.552392],"extended":false,"handId":470,"id":4704,"length":49.5125,"mcpPosition":[23.5093,210.573,-7.82386],"pipPosition":[4.21439,197.34,-33.396],"stabilizedTipPosition":[-15.909,178.107,-17.5784],"timeVisible":7.04098,"tipPosition":[-9.0423,181.028,-11.0111],"tipVelocity":[86.2516,28.0573,58.1627],"tool":false,"touchDistance":0.333333,"touchZone":"none","type":4,"width":15.7401}],"r":[[0.956297,0.237666,0.170328],[-0.193195,0.950833,-0.242057],[-0.219482,0.198572,0.955195]],"s":2.03025,"t":[-19.4638,-76.4956,-38.4563],"timestamp":93439346907},false],[1,{"currentFrameRate":55.3512,"devices":[],"gestures":[],"hands":[{"armBasis":[[0.917974,-0.306915,-0.251249],[0.351038,0.923543,0.154406],[0.184649,-0.229939,0.955528]],"armWidth":62.4607,"confidence":0.512892,"direction":[0.21362,0.727372,-0.652148],"elbow":[33.5069,117.178,293.27],"grabStrength":0,"id":470,"palmNormal":[-0.27909,-0.594297,-0.754268],"palmPosition":[-12.2329,216.584,3.2308],"palmVelocity":[70.9577,21.4392,59.1715],"palmWidth":89.1918,"pinchStrength":0.129169,"r":[[0.954609,0.242725,0.172647],[-0.198504,0.950559,-0.238817],[-0.222077,0.193706,0.955594]],"s":2.02988,"sphereCenter":[-38.495,214.673,-36.114],"sphereRadius":48.496,"stabilizedPalmPosition":[-16.8094,215.014,-1.50212],"t":[-18.1741,-76.111,-37.3915],"timeVisible":7.05906,"type":"right","wrist":[-15.3632,178.035,40.3766]}],"id":1682202,"interactionBox":{"center":[0,200,0],"size":[235.247,235.247,147.751]},"pointables":[{"bases":[[[0.668036,0.535412,0.516781],[-0.712005,0.258063,0.653033],[0.216279,-0.8042,0.553612]],[[0.62049,0.666587,0.413104],[-0.663662,0.165706,0.729448],[0.417787,-0.726776,0.545206]],[[0.62049,0.666587,0.413104],[-0.781165,0.571777,0.250702],[-0.069089,-0.47826,0.875496]],[[0.62049,0.666587,0.413104],[-0.717764,0.694941,-0.0432655],[-0.315923,-0.269665,0.909656]]],"btipPosition":[-56.0823,236.625,-40.1025],"carpPosition":[-45.1962,178.892,36.7042],"dipPosition":[-63.3299,230.438,-19.234],"direction":[0.069089,0.47826,-0.875496],"extended":false,"handId":470,"id":4700,"length":51.0864,"mcpPosition":[-45.1962,178.892,36.7042],"pipPosition":[-65.639,214.454,10.0266],"stabilizedTipPosition":[-62.6696,233.446,-40.0026],"timeVisible":7.05906,"tipPosition":[-58.3255,234.481,-35.9768],"tipVelocity":[91.3548,22.2306,50.3705],"tool":false,"touchDistance":0.219832,"touchZone":"hovering","type":0,"width":19.8498},{"bases":[[[0.958779,-0.216137,-0.184466],[0.283924,0.702635,0.652451],[-0.0114065,-0.67793,0.735038]],[[0.954172,-0.139935,-0.264525],[0.264297,0.808655,0.525571],[0.140363,-0.571398,0.80858]],[[0.954172,-0.139935,-0.264525],[0.234133,0.899596,0.368657],[0.186377,-0.413697,0.891133]],[[0.954172,-0.139935,-0.264525],[0.205947,0.948377,0.24118],[0.217119,-0.284605,0.933734]]],"btipPosition":[-43.3453,282.72,-80.0917],"carpPosition":[-30.2047,195.199,43.7195],"dipPosition":[-39.709,277.954,-64.4536],"direction":[-0.186377,0.413697,-0.891133],"extended":true,"handId":470,"id":4701,"length":57.6453,"mcpPosition":[-29.3821,244.089,-9.28817],"pipPosition":[-35.2932,268.152,-43.3402],"stabilizedTipPosition":[-47.0185,279.44,-83.5482],"timeVisible":7.05906,"tipPosition":[-42.0717,282.004,-76.3381],"tipVelocity":[73.6178,21.9104,60.0326],"tool":false,"touchDistance":0.112306,"touchZone":"hovering","type":1,"width":18.9605},{"bases":[[[0.885879,-0.422335,-0.19197],[0.44161,0.640924,0.627851],[-0.142125,-0.640975,0.754288]],[[0.886203,-0.420861,-0.193701],[0.208929,0.736204,-0.643702],[0.413513,0.529981,0.740356]],[[0.886203,-0.420861,-0.193701],[-0.376993,-0.412046,-0.829515],[0.269297,0.808142,-0.523818]],[[0.886203,-0.420861,-0.193701],[-0.46329,-0.802662,-0.375627],[0.00261011,0.422622,-0.906302]]],"btipPosition":[-35.6487,182.667,-13.0883],"carpPosition":[-18.2764,194.183,42.1813],"dipPosition":[-35.6006,190.451,-29.783],"direction":[-0.269297,-0.808142,0.523818],"extended":false,"handId":470,"id":4702,"length":65.6822,"mcpPosition":[-8.55657,238.018,-9.40388],"pipPosition":[-28.0942,212.978,-44.3841],"stabilizedTipPosition":[-44.1289,181.929,-25.6448],"timeVisible":7.05906,"tipPosition":[-35.7516,184.431,-17.4733],"tipVelocity":[90.9925,18.3164,43.3501],"tool":false,"touchDistance":0.333333,"touchZone":"none","type":2,"width":18.6218},{"bases":[[[0.81948,-0.559162,-0.125658],[0.499018,0.588353,0.636256],[-0.281839,-0.584105,0.761176]],[[0.813775,-0.570549,-0.110653],[0.350154,0.633279,-0.690181],[0.463856,0.522906,0.715127]],[[0.813775,-0.570549,-0.110653],[-0.414725,-0.436698,-0.798309],[0.407153,0.695534,-0.591995]],[[0.813775,-0.570549,-0.110653],[-0.572682,-0.754767,-0.319942],[0.0990257,0.32373,-0.940953]]],"btipPosition":[-23.0362,178.351,-4.92079],"carpPosition":[-7.15669,190.203,39.8284],"dipPosition":[-21.2225,184.28,-22.1541],"direction":[-0.407153,-0.695534,0.591995],"extended":false,"handId":470,"id":4703,"length":63.1552,"mcpPosition":[10.1488,226.068,-6.90933],"pipPosition":[-10.1665,203.167,-38.2295],"stabilizedTipPosition":[-30.9217,176.833,-16.5003],"timeVisible":7.05906,"tipPosition":[-22.8041,179.545,-9.37577],"tipVelocity":[91.4542,23.2438,49.6649],"tool":false,"touchDistance":0.333333,"touchZone":"none","type":3,"width":17.7198},{"bases":[[[0.68756,-0.712483,-0.140104],[0.593529,0.44029,0.673698],[-0.418312,-0.546364,0.725604]],[[0.683527,-0.717677,-0.133157],[0.486311,0.583797,-0.650141],[0.544327,0.379634,0.748055]],[[0.683527,-0.717677,-0.133157],[-0.47247,-0.29596,-0.830168],[0.556384,0.630355,-0.541378]],[[0.683527,-0.717677,-0.133157],[-0.704375,-0.600689,-0.378191],[0.191433,0.352296,-0.916101]]],"btipPosition":[-7.77744,180.042,-6.40075],"carpPosition":[1.21426,180.184,34.9119],"dipPosition":[-4.54296,185.995,-21.8793],"direction":[-0.556384,-0.630355,0.541378],"extended":false,"handId":470,"id":4704,"length":49.5125,"mcpPosition":[24.9908,211.238,-6.33089],"pipPosition":[6.12417,198.08,-32.2588],"stabilizedTipPosition":[-14.955,178.462,-16.7596],"timeVisible":7.05906,"tipPosition":[-7.27006,181.502,-10.1441],"tipVelocity":[92.1191,27.4591,53.3613],"tool":false,"touchDistance":0.333333,"touchZone":"none","type":4,"width":15.7401}],"r":[[0.954609,0.242725,0.172647],[-0.198504,0.950559,-0.238817],[-0.222077,0.193706,0.955594]],"s":2.02988,"t":[-18.1741,-76.111,-37.3915],"timestamp":93439364989},false],[2,{"currentFrameRate":55.3404,"devices":[],"gestures":[],"hands":[{"armBasis":[[0.919105,-0.303856,-0.250833],[0.347361,0.925357,0.151837],[0.185973,-0.226683,0.956048]],"armWidth":62.4607,"confidence":0.526911,"direction":[0.216125,0.729829,-0.648567],"elbow":[34.8611,118.224,294.095],"grabStrength":0,"id":470,"palmNormal":[-0.272278,-0.592863,-0.757878],"palmPosition":[-11.0783,216.884,4.0513],"palmVelocity":[67.5349,19.1193,52.5785],"palmWidth":89.1918,"pinchStrength":0.127382,"r":[[0.95286,0.247171,0.175969],[-0.202941,0.950336,-0.235958],[-0.225552,0.189124,0.955698]],"s":2.02935,"sphereCenter":[-36.9425,214.838,-35.5554],"sphereRadius":48.4425,"stabilizedPalmPosition":[-15.6585,215.389,-0.386887],"t":[-16.9519,-75.7687,-36.4488],"timeVisible":7.07717,"type":"right","wrist":[-14.3593,178.219,41.0637]}],"id":1682203,"interactionBox":{"center":[0,200,0],"size":[235.247,235.247,147.751]},"pointables":[{"bases":[[[0.663007,0.535715,0.522907],[-0.71718,0.254252,0.648852],[0.21465,-0.805212,0.552775]],[[0.616545,0.665497,0.420697],[-0.669844,0.162587,0.724482],[0.413741,-0.728477,0.546021]],[[0.616545,0.665497,0.420697],[-0.78366,0.570186,0.246506],[-0.0758268,-0.481665,0.873069]],[[0.616545,0.665497,0.420697],[-0.719517,0.693198,-0.0420897],[-0.319637,-0.276749,0.906224]]],"btipPosition":[-54.5463,237.099,-39.4983],"carpPosition":[-44.1686,179.006,37.1883],"dipPosition":[-61.8791,230.75,-18.7086],"direction":[0.0758268,0.481665,-0.873069],"extended":false,"handId":470,"id":4700,"length":51.0864,"mcpPosition":[-44.1686,179.006,37.1883],"pipPosition":[-64.4134,214.652,10.4709],"stabilizedTipPosition":[-60.3909,234.222,-38.1313],"timeVisible":7.07717,"tipPosition":[-56.8216,234.907,-35.3606],"tipVelocity":[87.7338,23.1257,41.8046],"tool":false,"touchDistance":0.229599,"touchZone":"hovering","type":0,"width":19.8498},{"bases":[[[0.960609,-0.213015,-0.178478],[0.277518,0.701508,0.656408],[-0.0146213,-0.680082,0.73299]],[[0.956288,-0.136148,-0.258799],[0.257607,0.811042,0.525214],[0.138391,-0.568924,0.810662]],[[0.956288,-0.136148,-0.258799],[0.227741,0.901886,0.367064],[0.183433,-0.409958,0.893469]],[[0.956288,-0.136148,-0.258799],[0.199929,0.950252,0.238852],[0.213405,-0.280153,0.935934]]],"btipPosition":[-41.9638,282.743,-79.4898],"carpPosition":[-29.2701,195.334,44.3537],"dipPosition":[-38.3897,278.051,-63.8148],"direction":[-0.183433,0.409958,-0.893469],"extended":true,"handId":470,"id":4701,"length":57.6453,"mcpPosition":[-28.2156,244.378,-8.50639],"pipPosition":[-34.0437,268.338,-42.6461],"stabilizedTipPosition":[-45.9668,279.838,-82.1766],"timeVisible":7.07717,"tipPosition":[-40.6902,282.154,-75.6657],"tipVelocity":[74.516,12.5229,47.5092],"tool":false,"touchDistance":0.122479,"touchZone":"hovering","type":1,"width":18.9605},{"bases":[[[0.888323,-0.419386,-0.187076],[0.435536,0.640294,0.632717],[-0.145569,-0.643536,0.751446]],[[0.888651,-0.417923,-0.188783],[0.211271,0.73848,-0.640322],[0.407018,0.529139,0.744546]],[[0.888651,-0.417923,-0.188783],[-0.370304,-0.411126,-0.832977],[0.270507,0.810133,-0.520106]],[[0.888651,-0.417923,-0.188783],[-0.458523,-0.803078,-0.380554],[0.00743526,0.424741,-0.905284]]],"btipPosition":[-34.2813,182.958,-12.5007],"carpPosition":[-17.3288,194.354,42.8947],"dipPosition":[-34.1443,190.782,-29.1766],"direction":[-0.270507,-0.810133,0.520106],"extended":false,"handId":470,"id":4702,"length":65.6822,"mcpPosition":[-7.37342,238.365,-8.4961],"pipPosition":[-26.6041,213.364,-43.6743],"stabilizedTipPosition":[-43.0176,182.247,-24.5977],"timeVisible":7.07717,"tipPosition":[-34.3599,184.731,-16.8793],"tipVelocity":[84.1679,17.4961,38.2789],"tool":false,"touchDistance":0.333333,"touchZone":"none","type":2,"width":18.6218},{"bases":[[[0.821842,-0.556584,-0.121617],[0.493028,0.587854,0.641367],[-0.285481,-0.587062,0.757534]],[[0.816038,-0.56808,-0.106618],[0.353318,0.63625,-0.685822],[0.457437,0.521987,0.719917]],[[0.816038,-0.56808,-0.106618],[-0.408567,-0.436453,-0.801612],[0.408846,0.697706,-0.588261]],[[0.816038,-0.56808,-0.106618],[-0.568652,-0.756026,-0.324131],[0.103527,0.325131,-0.939985]]],"btipPosition":[-21.6855,178.696,-4.24751],"carpPosition":[-6.18238,190.411,40.607],"dipPosition":[-19.7895,184.65,-21.4631],"direction":[-0.408846,-0.697706,0.588261],"extended":false,"handId":470,"id":4703,"length":63.1552,"mcpPosition":[11.3468,226.458,-5.90712],"pipPosition":[-8.68744,203.596,-37.437],"stabilizedTipPosition":[-29.8084,177.205,-15.5457],"timeVisible":7.07717,"tipPosition":[-21.4359,179.887,-8.69549],"tipVelocity":[83.9298,21.4093,43.8338],"tool":false,"touchDistance":0.333333,"touchZone":"none","type":3,"width":17.7198},{"bases":[[[0.690442,-0.710217,-0.137412],[0.587681,0.439938,0.679033],[-0.421808,-0.549587,0.721132]],[[0.686784,-0.714922,-0.131199],[0.48847,0.587622,-0.645057],[0.538261,0.378928,0.752787]],[[0.686784,-0.714922,-0.131199],[-0.467237,-0.295956,-0.833126],[0.556792,0.633479,-0.537296]],[[0.686784,-0.714922,-0.131199],[-0.700439,-0.602725,-0.38224],[0.194195,0.354413,-0.914702]]],"btipPosition":[-6.3878,180.399,-5.60486],"carpPosition":[2.24939,180.428,35.7195],"dipPosition":[-3.10665,186.387,-21.0598],"direction":[-0.556792,-0.633479,0.537296],"extended":false,"handId":470,"id":4704,"length":49.5125,"mcpPosition":[26.2246,211.666,-5.26909],"pipPosition":[7.5683,198.533,-31.361],"stabilizedTipPosition":[-13.8512,178.855,-15.8598],"timeVisible":7.07717,"tipPosition":[-5.88212,181.859,-9.35521],"tipVelocity":[85.087,23.9861,49.0289],"tool":false,"touchDistance":0.333333,"touchZone":"none","type":4,"width":15.7401}],"r":[[0.95286,0.247171,0.175969],[-0.202941,0.950336,-0.235958],[-0.225552,0.189124,0.955698]],"s":2.02935,"t":[-16.9519,-75.7687,-36.4488],"timestamp":93439383096},false],[3,{"currentFrameRate":55.3478,"devices":[],"gestures":[],"hands":[{"armBasis":[[0.92084,-0.300671,-0.248294],[0.342719,0.92778,0.14754],[0.186001,-0.220956,0.957383]],"armWidth":62.4607,"confidence":0.540752,"direction":[0.217813,0.736731,-0.640144],"elbow":[35.7154,120.013,294.751],"grabStrength":0,"id":470,"palmNormal":[-0.264917,-0.586639,-0.765293],"palmPosition":[-10.1236,217.518,4.74451],"palmVelocity":[60.5986,26.7239,45.8602],"palmWidth":89.1918,"pinchStrength":0.126583,"r":[[0.951009,0.251072,0.180403],[-0.206878,0.950423,-0.232158],[-0.229748,0.183463,0.955802]],"s":2.02872,"sphereCenter":[-35.5588,215.578,-35.124],"sphereRadius":48.3812,"stabilizedPalmPosition":[-14.4698,215.846,0.715166],"t":[-15.8635,-75.2805,-35.6309],"timeVisible":7.09521,"type":"right","wrist":[-13.5123,178.492,41.3663]}],"id":1682204,"interactionBox":{"center":[0,200,0],"size":[235.247,235.247,147.751]},"pointables":[{"bases":[[[0.657443,0.53315,0.532466],[-0.722513,0.245466,0.646314],[0.21388,-0.809628,0.546587]],[[0.611589,0.662861,0.431943],[-0.676098,0.154319,0.72047],[0.410914,-0.732667,0.542539]],[[0.611589,0.662861,0.431943],[-0.786963,0.565934,0.245778],[-0.0815346,-0.490239,0.867766]],[[0.611589,0.662861,0.431943],[-0.72214,0.690729,-0.0375147],[-0.323223,-0.28898,0.90112]]],"btipPosition":[-53.2636,238.072,-38.9269],"carpPosition":[-43.2972,179.207,37.295],"dipPosition":[-60.6787,231.442,-18.2542],"direction":[0.0815346,0.490239,-0.867766],"extended":false,"handId":470,"id":4700,"length":51.0864,"mcpPosition":[-43.2972,179.207,37.295],"pipPosition":[-63.4037,215.058,10.748],"stabilizedTipPosition":[-58.1722,235.174,-36.5112],"timeVisible":7.09521,"tipPosition":[-55.5646,235.828,-34.784],"tipVelocity":[79.3403,36.048,36.2875],"tool":false,"touchDistance":0.238674,"touchZone":"hovering","type":0,"width":19.8498},{"bases":[[[0.962585,-0.207803,-0.17392],[0.270442,0.69626,0.664893],[-0.0170735,-0.687052,0.726408]],[[0.958497,-0.129981,-0.25375],[0.250228,0.810084,0.530235],[0.136639,-0.571724,0.808988]],[[0.958497,-0.129981,-0.25375],[0.220567,0.902014,0.371106],[0.18065,-0.411673,0.893247]],[[0.958497,-0.129981,-0.25375],[0.193054,0.950832,0.242174],[0.209796,-0.281111,0.936463]]],"btipPosition":[-40.8253,283.606,-78.5858],"carpPosition":[-28.5085,195.52,44.7161],"dipPosition":[-37.3116,278.898,-62.902],"direction":[-0.18065,0.411673,-0.893247],"extended":true,"handId":470,"id":4701,"length":57.6453,"mcpPosition":[-27.2772,245.068,-7.66932],"pipPosition":[-33.0316,269.145,-41.7385],"stabilizedTipPosition":[-44.5113,280.495,-80.4157],"timeVisible":7.09521,"tipPosition":[-39.5654,283.114,-74.698],"tipVelocity":[68.7354,29.2017,48.7941],"tool":false,"touchDistance":0.13758,"touchZone":"hovering","type":1,"width":18.9605},{"bases":[[[0.891126,-0.414346,-0.184963],[0.428844,0.635852,0.641705],[-0.148279,-0.65116,0.744314]],[[0.891457,-0.412881,-0.186636],[0.212797,0.745154,-0.632031],[0.400026,0.523713,0.752133]],[[0.891457,-0.412881,-0.186636],[-0.363241,-0.404992,-0.83907],[0.27085,0.815789,-0.511008]],[[0.891457,-0.412881,-0.186636],[-0.452951,-0.801347,-0.390741],[0.0117689,0.432866,-0.901381]]],"btipPosition":[-33.0803,183.673,-12.2622],"carpPosition":[-16.554,194.598,43.3295],"dipPosition":[-32.8635,191.646,-28.8662],"direction":[-0.270849,-0.815789,0.511008],"extended":false,"handId":470,"id":4702,"length":65.6822,"mcpPosition":[-6.41336,239.13,-7.57357],"pipPosition":[-25.3137,214.386,-43.1102],"stabilizedTipPosition":[-41.6613,182.69,-23.4411],"timeVisible":7.09521,"tipPosition":[-33.1367,185.484,-16.622],"tipVelocity":[76.2986,28.8929,26.8232],"tool":false,"touchDistance":0.333333,"touchZone":"none","type":2,"width":18.6218},{"bases":[[[0.824712,-0.5524,-0.12126],[0.48647,0.583542,0.65025],[-0.288438,-0.595259,0.74998]],[[0.818792,-0.56417,-0.106268],[0.355278,0.643357,-0.678136],[0.450952,0.517498,0.727213]],[[0.818792,-0.56417,-0.106268],[-0.403013,-0.433032,-0.806266],[0.408853,0.702991,-0.58193]],[[0.818792,-0.56417,-0.106268],[-0.564169,-0.756471,-0.330854],[0.106269,0.330853,-0.93768]]],"btipPosition":[-20.4658,179.454,-3.84357],"carpPosition":[-5.37775,190.717,41.0808],"dipPosition":[-18.5195,185.514,-21.0169],"direction":[-0.408853,-0.702991,0.58193],"extended":false,"handId":470,"id":4703,"length":63.1552,"mcpPosition":[12.3329,227.268,-4.96953],"pipPosition":[-7.41724,204.603,-36.819],"stabilizedTipPosition":[-28.5126,177.687,-14.5197],"timeVisible":7.09521,"tipPosition":[-20.2109,180.659,-8.31046],"tipVelocity":[76.4881,31.8274,33.9124],"tool":false,"touchDistance":0.333333,"touchZone":"none","type":3,"width":17.7198},{"bases":[[[0.693994,-0.706356,-0.139405],[0.581414,0.435622,0.687161],[-0.424652,-0.557938,0.713004]],[[0.69079,-0.71052,-0.134053],[0.489723,0.596157,-0.636214],[0.53196,0.373841,0.759777]],[[0.69079,-0.71052,-0.134053],[-0.461924,-0.291028,-0.837812],[0.556269,0.640674,-0.529246]],[[0.69079,-0.71052,-0.134053],[-0.695905,-0.602997,-0.390015],[0.19628,0.362706,-0.910999]]],"btipPosition":[-5.15825,181.156,-5.16481],"carpPosition":[3.12408,180.813,36.1568],"dipPosition":[-1.84187,187.285,-20.5572],"direction":[-0.556269,-0.640674,0.529246],"extended":false,"handId":470,"id":4704,"length":49.5125,"mcpPosition":[27.261,212.525,-4.36983],"pipPosition":[8.82306,199.568,-30.704],"stabilizedTipPosition":[-12.5953,179.348,-14.9095],"timeVisible":7.09521,"tipPosition":[-4.65696,182.643,-8.91555],"tipVelocity":[77.2624,33.3685,37.7151],"tool":false,"touchDistance":0.333333,"touchZone":"none","type":4,"width":15.7401}],"r":[[0.951009,0.251072,0.180403],[-0.206878,0.950423,-0.232158],[-0.229748,0.183463,0.955802]],"s":2.02872,"t":[-15.8635,-75.2805,-35.6309],"timestamp":93439401138},false],[4,{"currentFrameRate":55.3451,"devices":[],"gestures":[],"hands":[{"armBasis":[[0.921281,-0.296051,-0.252179],[0.340198,0.927701,0.153743],[0.188431,-0.227432,0.955389]],"armWidth":62.4607,"confidence":0.549731,"direction":[0.220562,0.740178,-0.635208],"elbow":[37.2659,118.898,294.59],"grabStrength":0,"id":470,"palmNormal":[-0.25911,-0.583382,-0.769758],"palmPosition":[-9.05349,218.299,5.32146],"palmVelocity":[59.9302,34.5555,39.2328],"palmWidth":89.1918,"pinchStrength":0.126256,"r":[[0.949186,0.254313,0.185395],[-0.210071,0.950616,-0.228472],[-0.234343,0.177916,0.955735]],"s":2.02799,"sphereCenter":[-34.0698,216.329,-34.783],"sphereRadius":48.314,"stabilizedPalmPosition":[-13.1673,216.436,1.82286],"t":[-14.7842,-74.6459,-34.9334],"timeVisible":7.11329,"type":"right","wrist":[-12.605,179.091,41.7328]}],"id":1682205,"interactionBox":{"center":[0,200,0],"size":[235.247,235.247,147.751]},"pointables":[{"bases":[[[0.653179,0.531677,0.539145],[-0.726969,0.241129,0.642941],[0.211833,-0.811897,0.544013]],[[0.607959,0.661294,0.439404],[-0.681749,0.151141,0.715804],[0.406945,-0.734743,0.542724]],[[0.607959,0.661294,0.439404],[-0.789112,0.564389,0.242421],[-0.0876833,-0.494121,0.86496]],[[0.607959,0.661294,0.439404],[-0.723731,0.689153,-0.0358077],[-0.326496,-0.29624,0.897576]]],"btipPosition":[-51.8566,239.038,-38.5777],"carpPosition":[-42.365,179.776,37.4782],"dipPosition":[-59.3467,232.242,-17.9864],"direction":[0.0876833,0.494121,-0.86496],"extended":false,"handId":470,"id":4700,"length":51.0864,"mcpPosition":[-42.365,179.776,37.4782],"pipPosition":[-62.2773,215.728,10.9221],"stabilizedTipPosition":[-56.0244,236.25,-35.2628],"timeVisible":7.11329,"tipPosition":[-54.1825,236.779,-34.4071],"tipVelocity":[78.1689,43.3178,27.7292],"tool":false,"touchDistance":0.244182,"touchZone":"hovering","type":0,"width":19.8498},{"bases":[[[0.96401,-0.205344,-0.168872],[0.265077,0.693495,0.669924],[-0.0204529,-0.690578,0.722969]],[[0.960258,-0.126887,-0.248605],[0.244743,0.810983,0.53142],[0.134184,-0.571145,0.809808]],[[0.960258,-0.126887,-0.248605],[0.215344,0.903458,0.370662],[0.177572,-0.409467,0.894877]],[[0.960258,-0.126887,-0.248605],[0.188115,0.95222,0.240601],[0.206197,-0.277806,0.938247]]],"btipPosition":[-39.4875,284.286,-78.0864],"carpPosition":[-27.6511,196.078,45.0704],"dipPosition":[-36.0342,279.634,-62.3727],"direction":[-0.177572,0.409467,-0.894877],"extended":true,"handId":470,"id":4701,"length":57.6453,"mcpPosition":[-26.1761,245.879,-7.06697],"pipPosition":[-31.827,269.932,-41.1707],"stabilizedTipPosition":[-42.6841,281.35,-78.5491],"timeVisible":7.11329,"tipPosition":[-38.2402,283.897,-74.139],"tipVelocity":[70.8725,33.5284,38.9128],"tool":false,"touchDistance":0.146017,"touchZone":"hovering","type":1,"width":18.9605},{"bases":[[[0.892976,-0.411951,-0.181359],[0.423724,0.633466,0.64744],[-0.151829,-0.654994,0.740223]],[[0.893312,-0.410491,-0.183007],[0.215415,0.748431,-0.627254],[0.39445,0.520911,0.757008]],[[0.893312,-0.410491,-0.183007],[-0.357408,-0.40195,-0.843028],[0.272496,0.818494,-0.50578]],[[0.893312,-0.410491,-0.183007],[-0.449136,-0.80044,-0.396954],[0.0164604,0.436799,-0.899409]]],"btipPosition":[-31.8389,184.503,-11.9698],"carpPosition":[-15.6865,195.182,43.7544],"dipPosition":[-31.5356,192.55,-28.5375],"direction":[-0.272496,-0.818494,0.50578],"extended":false,"handId":470,"id":4702,"length":65.6822,"mcpPosition":[-5.30308,239.977,-6.86883],"pipPosition":[-23.94,215.365,-42.6358],"stabilizedTipPosition":[-40.0871,183.273,-22.222],"timeVisible":7.11329,"tipPosition":[-31.8719,186.333,-16.3189],"tipVelocity":[73.1959,37.4445,21.9804],"tool":false,"touchDistance":0.333333,"touchZone":"none","type":2,"width":18.6218},{"bases":[[[0.8264,-0.550422,-0.118739],[0.481385,0.581213,0.656095],[-0.292116,-0.599356,0.745279]],[[0.820354,-0.562372,-0.103717],[0.358142,0.646644,-0.673488],[0.445819,0.515353,0.731886]],[[0.820354,-0.562372,-0.103717],[-0.39856,-0.432208,-0.808916],[0.410085,0.704935,-0.578703]],[[0.820354,-0.562372,-0.103717],[-0.561286,-0.757124,-0.334248],[0.109446,0.332417,-0.936761]]],"btipPosition":[-19.2187,180.332,-3.38751],"carpPosition":[-4.48978,191.331,41.5573],"dipPosition":[-17.2142,186.42,-20.544],"direction":[-0.410085,-0.704935,0.578703],"extended":false,"handId":470,"id":4703,"length":63.1552,"mcpPosition":[13.4468,228.133,-4.20433],"pipPosition":[-6.07858,205.562,-36.2584],"stabilizedTipPosition":[-27.0492,178.294,-13.4416],"timeVisible":7.11329,"tipPosition":[-18.9546,181.534,-7.87126],"tipVelocity":[73.2722,39.9565,29.8867],"tool":false,"touchDistance":0.333333,"touchZone":"none","type":3,"width":17.7198},{"bases":[[[0.696061,-0.704508,-0.138446],[0.576348,0.433276,0.692888],[-0.42816,-0.562086,0.707629]],[[0.693329,-0.708062,-0.13395],[0.491695,0.600717,-0.630376],[0.526812,0.371195,0.764646]],[[0.693329,-0.708062,-0.13395],[-0.457654,-0.289064,-0.84083],[0.55664,0.644274,-0.524464]],[[0.693329,-0.708062,-0.13395],[-0.692734,-0.603671,-0.39459],[0.198532,0.366372,-0.909041]]],"btipPosition":[-3.89003,182.005,-4.6704],"carpPosition":[4.05968,181.465,36.6391],"dipPosition":[-0.535595,188.195,-20.0297],"direction":[-0.55664,-0.644274,0.524464],"extended":false,"handId":470,"id":4704,"length":49.5125,"mcpPosition":[28.396,213.413,-3.58194],"pipPosition":[10.1364,200.548,-30.0849],"stabilizedTipPosition":[-11.1881,179.954,-13.9136],"timeVisible":7.11329,"tipPosition":[-3.39171,183.501,-8.42865],"tipVelocity":[74.1137,40.1935,32.9885],"tool":false,"touchDistance":0.333333,"touchZone":"none","type":4,"width":15.7401}],"r":[[0.949186,0.254313,0.185395],[-0.210071,0.950616,-0.228472],[-0.234343,0.177916,0.955735]],"s":2.02799,"t":[-14.7842,-74.6459,-34.9334],"timestamp":93439419216},false],[5,{"currentFrameRate":55.3365,"devices":[],"gestures":[],"hands":[{"armBasis":[[0.922015,-0.289872,-0.256638],[0.335731,0.928758,0.15714],[0.192804,-0.231047,0.953648]],"armWidth":62.4607,"confidence":0.55811,"direction":[0.220686,0.746479,-0.627747],"elbow":[39.3582,118.651,294.311],"grabStrength":0,"id":470,"palmNormal":[-0.25306,-0.577752,-0.775992],"palmPosition":[-8.09849,219.335,5.85969],"palmVelocity":[56.5193,45.3387,34.715],"palmWidth":89.1918,"pinchStrength":0.124641,"r":[[0.947315,0.257306,0.190755],[-0.213172,0.950966,-0.224102],[-0.239064,0.171632,0.955715]],"s":2.02701,"sphereCenter":[-32.6602,217.347,-34.4909],"sphereRadius":48.2161,"stabilizedPalmPosition":[-11.8007,217.217,2.91123],"t":[-13.7671,-73.8107,-34.3156],"timeVisible":7.13139,"type":"right","wrist":[-11.6701,179.801,41.9153]}],"id":1682206,"interactionBox":{"center":[0,200,0],"size":[235.247,235.247,147.751]},"pointables":[{"bases":[[[0.648443,0.529584,0.546866],[-0.731025,0.232724,0.641438],[0.212427,-0.815708,0.538047]],[[0.60329,0.659654,0.448216],[-0.686727,0.143907,0.712528],[0.405521,-0.737663,0.53982]],[[0.60329,0.659654,0.448216],[-0.792316,0.559851,0.242492],[-0.0909735,-0.501422,0.860407]],[[0.60329,0.659654,0.448216],[-0.727151,0.685796,-0.0305771],[-0.327555,-0.307474,0.893402]]],"btipPosition":[-50.6993,240.313,-38.1441],"carpPosition":[-41.4117,180.406,37.5218],"dipPosition":[-58.2138,233.259,-17.6485],"direction":[0.0909735,0.501422,-0.860407],"extended":false,"handId":470,"id":4700,"length":51.0864,"mcpPosition":[-41.4117,180.406,37.5218],"pipPosition":[-61.2543,216.5,11.1078],"stabilizedTipPosition":[-54.1891,237.495,-34.3277],"timeVisible":7.13139,"tipPosition":[-53.0295,238.02,-33.9472],"tipVelocity":[71.2511,54.6433,25.356],"tool":false,"touchDistance":0.251042,"touchZone":"hovering","type":0,"width":19.8498},{"bases":[[[0.965625,-0.200087,-0.165931],[0.259072,0.688743,0.677138],[-0.0212029,-0.696849,0.716904]],[[0.961928,-0.12081,-0.245152],[0.237875,0.811766,0.53334],[0.134573,-0.57135,0.809598]],[[0.961928,-0.12081,-0.245152],[0.208127,0.905182,0.370579],[0.177138,-0.407493,0.895864]],[[0.961928,-0.12081,-0.245152],[0.180768,0.954003,0.239167],[0.204982,-0.274377,0.939521]]],"btipPosition":[-38.5678,285.264,-77.4301],"carpPosition":[-26.7996,196.699,45.3253],"dipPosition":[-35.1347,280.669,-61.6951],"direction":[-0.177138,0.407493,-0.895864],"extended":true,"handId":470,"id":4701,"length":57.6453,"mcpPosition":[-25.2705,246.953,-6.37474],"pipPosition":[-30.9379,271.015,-40.4696],"stabilizedTipPosition":[-40.9154,282.38,-76.841],"timeVisible":7.13139,"tipPosition":[-37.3222,285.02,-73.3984],"tipVelocity":[61.2082,43.6347,37.7802],"tool":false,"touchDistance":0.157038,"touchZone":"hovering","type":1,"width":18.9605},{"bases":[[[0.895474,-0.406857,-0.180537],[0.418064,0.629534,0.654912],[-0.152801,-0.661933,0.733824]],[[0.8958,-0.405434,-0.182113],[0.214759,0.753577,-0.62129],[0.389128,0.517441,0.762125]],[[0.8958,-0.405434,-0.182113],[-0.352609,-0.398846,-0.846516],[0.270571,0.822523,-0.500246]],[[0.8958,-0.405434,-0.182113],[-0.444103,-0.800156,-0.40314],[0.0177284,0.44201,-0.896835]]],"btipPosition":[-30.6294,185.614,-11.67],"carpPosition":[-14.8254,195.862,44.06],"dipPosition":[-30.3029,193.756,-28.1903],"direction":[-0.270571,-0.822523,0.500246],"extended":false,"handId":470,"id":4702,"length":65.6822,"mcpPosition":[-4.37542,241.131,-6.12561],"pipPosition":[-22.7609,216.683,-42.1343],"stabilizedTipPosition":[-38.3646,184.034,-21.0019],"timeVisible":7.13139,"tipPosition":[-30.6599,187.47,-16.0387],"tipVelocity":[70.302,49.3871,19.6901],"tool":false,"touchDistance":0.333333,"touchZone":"none","type":2,"width":18.6218},{"bases":[[[0.829148,-0.546123,-0.119434],[0.475889,0.577435,0.663399],[-0.293332,-0.606893,0.738673]],[[0.823043,-0.55829,-0.104463],[0.35936,0.654282,-0.665414],[0.439842,0.510124,0.739129]],[[0.823043,-0.55829,-0.104463],[-0.392913,-0.426833,-0.814514],[0.410147,0.711425,-0.570661]],[[0.823043,-0.55829,-0.104463],[-0.556776,-0.756695,-0.342656],[0.112254,0.340183,-0.933635]]],"btipPosition":[-18.0486,181.449,-3.24761],"carpPosition":[-3.60289,192.075,41.8844],"dipPosition":[-15.9927,187.679,-20.3469],"direction":[-0.410147,-0.711425,0.570661],"extended":false,"handId":470,"id":4703,"length":63.1552,"mcpPosition":[14.4083,229.339,-3.47159],"pipPosition":[-4.85532,206.997,-35.8429],"stabilizedTipPosition":[-25.4149,179.086,-12.3615],"timeVisible":7.13139,"tipPosition":[-17.7706,182.678,-7.69362],"tipVelocity":[69.4795,51.1496,19.6931],"tool":false,"touchDistance":0.333333,"touchZone":"none","type":3,"width":17.7198},{"bases":[[[0.69952,-0.700545,-0.141097],[0.571262,0.429563,0.699383],[-0.429339,-0.569836,0.700682]],[[0.697367,-0.703382,-0.137597],[0.491407,0.609,-0.622606],[0.521726,0.366569,0.770343]],[[0.697367,-0.703382,-0.137597],[-0.453721,-0.284646,-0.844461],[0.554812,0.65133,-0.517642]],[[0.697367,-0.703382,-0.137597],[-0.688619,-0.604342,-0.400717],[0.198701,0.374199,-0.905811]]],"btipPosition":[-2.66479,183.158,-4.37411],"carpPosition":[5.00944,182.284,36.9234],"dipPosition":[0.692497,189.481,-19.6788],"direction":[-0.554812,-0.65133,0.517642],"extended":false,"handId":470,"id":4704,"length":49.5125,"mcpPosition":[29.4127,214.673,-2.90278],"pipPosition":[11.3295,201.968,-29.6032],"stabilizedTipPosition":[-9.62258,180.738,-12.8998],"timeVisible":7.13139,"tipPosition":[-2.17951,184.681,-8.12763],"tipVelocity":[71.0749,52.1711,25.4131],"tool":false,"touchDistance":0.333333,"touchZone":"none","type":4,"width":15.7401}],"r":[[0.947315,0.257306,0.190755],[-0.213172,0.950966,-0.224102],[-0.239064,0.171632,0.955715]],"s":2.02701,"t":[-13.7671,-73.8107,-34.3156],"timestamp":93439437317},false],[6,{"currentFrameRate":55.3437,"devices":[],"gestures":[],"hands":[{"armBasis":[[0.923348,-0.28615,-0.256021],[0.334155,0.927294,0.168721],[0.189127,-0.241339,0.951833]],"armWidth":62.4607,"confidence":0.5502,"direction":[0.221899,0.75223,-0.620412],"elbow":[39.0257,116.292,293.871],"grabStrength":0,"id":470,"palmNormal":[-0.249845,-0.571169,-0.781885],"palmPosition":[-7.38435,220.02,6.26075],"palmVelocity":[48.4789,41.8425,28.7881],"palmWidth":89.1918,"pinchStrength":0.124739,"r":[[0.945606,0.259544,0.196127],[-0.215738,0.951557,-0.219078],[-0.243487,0.16485,0.955792]],"s":2.0257,"sphereCenter":[-31.4927,218.051,-34.3113],"sphereRadius":48.0918,"stabilizedPalmPosition":[-10.5203,218.03,3.88229],"t":[-12.9015,-73.0505,-33.8062],"timeVisible":7.14944,"type":"right","wrist":[-11.0295,180.166,41.9546]}],"id":1682207,"interactionBox":{"center":[0,200,0],"size":[235.247,235.247,147.751]},"pointables":[{"bases":[[[0.646034,0.525463,0.55365],[-0.733397,0.226245,0.641047],[0.211586,-0.820184,0.531536]],[[0.600989,0.656504,0.455867],[-0.690556,0.139335,0.709731],[0.402423,-0.741342,0.537092]],[[0.600989,0.656504,0.455867],[-0.79356,0.55811,0.242437],[-0.0952632,-0.50746,0.856393]],[[0.600989,0.656504,0.455867],[-0.728826,0.684258,-0.0245725],[-0.328063,-0.31748,0.889708]]],"btipPosition":[-49.7381,241.294,-37.8451],"carpPosition":[-40.7571,180.776,37.4684],"dipPosition":[-57.2643,234.011,-17.4343],"direction":[0.0952632,0.50746,-0.856393],"extended":false,"handId":470,"id":4700,"length":51.0864,"mcpPosition":[-40.7571,180.776,37.4684],"pipPosition":[-60.4481,217.051,11.1879],"stabilizedTipPosition":[-52.7289,238.635,-33.6958],"timeVisible":7.14944,"tipPosition":[-52.0825,239.014,-33.5849],"tipVelocity":[62.6461,53.146,20.6733],"tool":false,"touchDistance":0.2557,"touchZone":"hovering","type":0,"width":19.8498},{"bases":[[[0.966394,-0.197541,-0.164499],[0.256055,0.683033,0.684033],[-0.0227667,-0.703166,0.710661]],[[0.96287,-0.117595,-0.243009],[0.234034,0.812297,0.53423],[0.134573,-0.571266,0.809657]],[[0.96287,-0.117595,-0.243009],[0.203942,0.90664,0.36934],[0.17689,-0.405186,0.896959]],[[0.96287,-0.117595,-0.243009],[0.17639,0.955476,0.236541],[0.204374,-0.270622,0.940742]]],"btipPosition":[-37.8287,285.916,-76.8907],"carpPosition":[-26.1894,197.017,45.4634],"dipPosition":[-34.4059,281.384,-61.1352],"direction":[-0.17689,0.405186,-0.896959],"extended":true,"handId":470,"id":4701,"length":57.6453,"mcpPosition":[-24.5476,247.726,-5.78642],"pipPosition":[-30.2149,271.784,-39.8838],"stabilizedTipPosition":[-39.4286,283.337,-75.4693],"timeVisible":7.14944,"tipPosition":[-36.587,285.816,-72.7736],"tipVelocity":[51.5362,40.4487,34.1618],"tool":false,"touchDistance":0.166106,"touchZone":"hovering","type":1,"width":18.9605},{"bases":[[[0.896528,-0.404252,-0.181158],[0.415187,0.6242,0.661811],[-0.15446,-0.668547,0.727453]],[[0.896837,-0.402903,-0.182625],[0.215339,0.758259,-0.615364],[0.386409,0.512555,0.766796]],[[0.896837,-0.402903,-0.182625],[-0.350298,-0.394732,-0.849399],[0.270138,0.825746,-0.495146]],[[0.896837,-0.402903,-0.182625],[-0.441966,-0.798675,-0.408392],[0.0186846,0.446976,-0.894351]]],"btipPosition":[-29.7778,186.457,-11.4726],"carpPosition":[-14.2101,196.204,44.2303],"dipPosition":[-29.4336,194.691,-27.9471],"direction":[-0.270138,-0.825746,0.495146],"extended":false,"handId":470,"id":4702,"length":65.6822,"mcpPosition":[-3.64674,241.925,-5.51963],"pipPosition":[-21.9037,217.708,-41.749],"stabilizedTipPosition":[-36.671,184.878,-19.8801],"timeVisible":7.14944,"tipPosition":[-29.8091,188.336,-15.8594],"tipVelocity":[59.4426,48.6926,15.8134],"tool":false,"touchDistance":0.333333,"touchZone":"none","type":2,"width":18.6218},{"bases":[[[0.830159,-0.544125,-0.121504],[0.473044,0.572093,0.670029],[-0.295068,-0.613708,0.732323]],[[0.823988,-0.556492,-0.106588],[0.361298,0.660946,-0.657734],[0.436473,0.503455,0.745671]],[[0.823988,-0.556492,-0.106588],[-0.389735,-0.420106,-0.819523],[0.41128,0.716817,-0.563047]],[[0.823988,-0.556492,-0.106588],[-0.554904,-0.754523,-0.350396],[0.11457,0.347868,-0.930517]]],"btipPosition":[-17.2409,182.245,-3.23402],"carpPosition":[-2.97623,192.448,42.0585],"dipPosition":[-15.1425,188.617,-20.2762],"direction":[-0.41128,-0.716817,0.563047],"extended":false,"handId":470,"id":4703,"length":63.1552,"mcpPosition":[15.1416,230.131,-2.90764],"pipPosition":[-3.97444,208.081,-35.5655],"stabilizedTipPosition":[-23.7655,179.967,-11.3693],"timeVisible":7.14944,"tipPosition":[-16.9523,183.503,-7.64411],"tipVelocity":[58.0059,48.6879,11.0496],"tool":false,"touchDistance":0.333333,"touchZone":"none","type":3,"width":17.7198},{"bases":[[[0.70078,-0.698495,-0.144956],[0.568466,0.424015,0.705024],[-0.430992,-0.576469,0.694211]],[[0.699202,-0.700595,-0.14242],[0.491766,0.615907,-0.615487],[0.518925,0.360312,0.775172]],[[0.699202,-0.700595,-0.14242],[-0.452007,-0.278864,-0.847305],[0.553902,0.656812,-0.511656]],[[0.699202,-0.700595,-0.14242],[-0.68685,-0.603004,-0.405738],[0.198378,0.381514,-0.902825]]],"btipPosition":[-1.7967,183.951,-4.2225],"carpPosition":[5.66356,182.712,37.0399],"dipPosition":[1.55513,190.397,-19.4768],"direction":[-0.553902,-0.656812,0.511656],"extended":false,"handId":470,"id":4704,"length":49.5125,"mcpPosition":[30.1608,215.478,-2.41857],"pipPosition":[12.1747,202.989,-29.2864],"stabilizedTipPosition":[-8.03921,181.603,-11.9478],"timeVisible":7.14944,"tipPosition":[-1.32596,185.498,-7.97397],"tipVelocity":[60.1428,49.0037,17.645],"tool":false,"touchDistance":0.333333,"touchZone":"none","type":4,"width":15.7401}],"r":[[0.945606,0.259544,0.196127],[-0.215738,0.951557,-0.219078],[-0.24348