{"sensorType":"Leap","data":[[0,{"currentFrameRate":55.3543,"devices":[],"gestures":[],"hands":[{"armBasis":[[0.969824,-0.102773,-0.221087],[0.151167,0.964943,0.214556],[0.191285,-0.241502,0.95136]],"armWidth":62.4607,"confidence":0.81832,"direction":[0.101769,0.594494,-0.797634],"elbow":[41.5994,129.161,301.515],"grabStrength":0,"id":470,"palmNormal":[-0.11958,-0.788673,-0.603072],"palmPosition":[-11.5258,222.378,4.88054],"palmVelocity":[123.613,33.6835,35.3321],"palmWidth":89.1918,"pinchStrength":0.313834,"r":[[0.861262,0.500431,0.0883023],[-0.413226,0.79084,-0.45146],[-0.295757,0.352336,0.887911]],"s":2.00571,"sphereCenter":[-31.1837,208.554,-32.9109],"sphereRadius":48.0932,"stabilizedPalmPosition":[-12.3303,222.146,4.6392],"t":[-18.4108,-70.5495,-35.3135],"timeVisible":17.5708,"type":"right","wrist":[-9.02696,193.078,49.7239]}],"id":1682781,"interactionBox":{"center":[0,200,0],"size":[235.247,235.247,147.751]},"pointables":[{"bases":[[[0.52422,0.758337,0.387451],[-0.78105,0.246851,0.573608],[0.339346,-0.603315,0.721703]],[[0.48659,0.816297,0.31127],[-0.726375,0.180062,0.663292],[0.485396,-0.54885,0.680554]],[[0.48659,0.816297,0.31127],[-0.863262,0.503991,0.0277824],[-0.134199,-0.282226,0.949915]],[[0.48659,0.816297,0.31127],[-0.605865,0.572,-0.552941],[-0.62941,0.0804678,0.772895]]],"btipPosition":[-43.0587,221.557,-37.0206],"carpPosition":[-38.2323,187.115,45.7586],"dipPosition":[-57.4981,223.403,-19.2895],"direction":[0.134199,0.282226,-0.949915],"extended":false,"handId":470,"id":4700,"length":51.0864,"mcpPosition":[-38.2323,187.115,45.7586],"pipPosition":[-61.9832,213.971,12.4583],"stabilizedTipPosition":[-47.4431,221.582,-33.1998],"timeVisible":17.5708,"tipPosition":[-46.8937,222.362,-33.013],"tipVelocity":[136.708,50.4031,29.8168],"tool":false,"touchDistance":-0.0522155,"touchZone":"touching","type":0,"width":19.8498},{"bases":[[[0.990662,-0.0547132,-0.124881],[0.108541,0.870787,0.47953],[0.0825083,-0.488607,0.868594]],[[0.992519,-0.0678004,-0.101536],[0.109176,0.865143,0.489499],[0.0546552,-0.496922,0.866072]],[[0.992519,-0.0678004,-0.101536],[0.0972317,0.941909,0.321486],[0.0738411,-0.328954,0.941455]],[[0.992519,-0.0678004,-0.101536],[0.0851875,0.980317,0.178108],[0.087462,-0.185425,0.978758]]],"btipPosition":[-38.5311,274.29,-88.7865],"carpPosition":[-27.065,207.228,49.0238],"dipPosition":[-37.0663,271.185,-72.3943],"direction":[-0.0738411,0.328954,-0.941455],"extended":true,"handId":470,"id":4701,"length":57.6453,"mcpPosition":[-33.0151,242.464,-13.6155],"pipPosition":[-35.3168,263.391,-50.0887],"stabilizedTipPosition":[-39.0825,273.28,-85.2125],"timeVisible":17.5708,"tipPosition":[-37.9944,274.2,-84.7342],"tipVelocity":[160.21,52.815,34.8407],"tool":false,"touchDistance":-0.0947939,"touchZone":"touching","type":1,"width":18.9605},{"bases":[[[0.959585,-0.267864,-0.086289],[0.276247,0.838062,0.470467],[-0.0537055,-0.47529,0.878188]],[[0.960841,-0.251901,-0.115462],[0.0690486,0.621183,-0.780617],[0.268361,0.742076,0.614252]],[[0.960841,-0.251901,-0.115462],[-0.252767,-0.626001,-0.737721],[0.113553,0.738017,-0.665159]],[[0.960841,-0.251901,-0.115462],[-0.272154,-0.93625,-0.222188],[-0.0521322,0.244911,-0.968143]]],"btipPosition":[-26.3144,180.67,-4.87464],"carpPosition":[-15.1029,208.31,47.8313],"dipPosition":[-27.2747,185.181,-22.7084],"direction":[-0.113553,-0.738017,0.665159],"extended":false,"handId":470,"id":4702,"length":65.6822,"mcpPosition":[-11.43,240.814,-12.2273],"pipPosition":[-24.1095,205.753,-41.2493],"stabilizedTipPosition":[-32.5219,179.703,-11.4654],"timeVisible":17.5708,"tipPosition":[-26.5334,181.74,-8.97345],"tipVelocity":[113.656,40.505,31.1233],"tool":false,"touchDistance":0.333333,"touchZone":"none","type":2,"width":18.6218},{"bases":[[[0.917649,-0.397296,0.00866557],[0.342246,0.801205,0.490855],[-0.201958,-0.447467,0.871198]],[[0.921157,-0.389126,-0.00711708],[0.217799,0.530567,-0.819184],[0.322542,0.753047,0.573487]],[[0.921157,-0.389126,-0.00711708],[-0.281718,-0.654057,-0.702028],[0.268522,0.648683,-0.712114]],[[0.921157,-0.389126,-0.00711708],[-0.38316,-0.903526,-0.191909],[0.0682464,0.179506,-0.981387]]],"btipPosition":[-13.5841,179.814,5.2071],"carpPosition":[-3.317,206.222,46.5063],"dipPosition":[-12.3342,183.101,-12.7668],"direction":[-0.268522,-0.648683,0.712114],"extended":false,"handId":470,"id":4703,"length":63.1552,"mcpPosition":[9.08362,233.697,-6.9871],"pipPosition":[-5.0426,200.716,-32.1039],"stabilizedTipPosition":[-19.8184,178.747,-1.95944],"timeVisible":17.5708,"tipPosition":[-13.3126,180.552,0.748857],"tipVelocity":[110.695,35.4679,33.5867],"tool":false,"touchDistance":0.333333,"touchZone":"none","type":3,"width":17.7198},{"bases":[[[0.81886,-0.5733,0.0282157],[0.461612,0.686956,0.561254],[-0.34115,-0.446564,0.827162]],[[0.793924,-0.602177,0.0840691],[0.439094,0.472202,-0.764344],[0.420573,0.643746,0.639304]],[[0.793924,-0.602177,0.0840691],[-0.340998,-0.55546,-0.758409],[0.503393,0.573451,-0.646335]],[[0.793924,-0.602177,0.0840691],[-0.562258,-0.779746,-0.27543],[0.23141,0.171402,-0.957638]]],"btipPosition":[-1.66989,186.433,3.42214],"carpPosition":[7.07776,197.254,44.0239],"dipPosition":[2.24005,189.329,-12.7583],"direction":[-0.503393,-0.573452,0.646335],"extended":false,"handId":470,"id":4704,"length":49.5125,"mcpPosition":[26.4685,222.636,-2.99141],"pipPosition":[11.8912,200.324,-25.1499],"stabilizedTipPosition":[-6.80574,185.865,-2.67819],"timeVisible":17.5708,"tipPosition":[-0.979406,187.266,-0.427432],"tipVelocity":[114.086,30.3075,34.1729],"tool":false,"touchDistance":0.333333,"touchZone":"none","type":4,"width":15.7401}],"r":[[0.861262,0.500431,0.0883023],[-0.413226,0.79084,-0.45146],[-0.295757,0.352336,0.887911]],"s":2.00571,"t":[-18.4108,-70.5495,-35.3135],"timestamp":93449876739},false],[1,{"currentFrameRate":55.3412,"devices":[],"gestures":[],"hands":[{"armBasis":[[0.972484,-0.110675,-0.205],[0.155174,0.964064,0.215642],[0.173767,-0.241519,0.954711]],"armWidth":62.4607,"confidence":0.823356,"direction":[0.106793,0.594314,-0.797111],"elbow":[38.7507,129.765,302.987],"grabStrength":0,"id":470,"palmNormal":[-0.121694,-0.787855,-0.603717],"palmPosition":[-9.47527,223.015,5.47169],"palmVelocity":[118.655,34.3979,34.0477],"palmWidth":89.1918,"pinchStrength":0.313184,"r":[[0.864165,0.495193,0.0894572],[-0.408225,0.793828,-0.450766],[-0.29423,0.353018,0.888148]],"s":2.00561,"sphereCenter":[-29.1405,209.324,-32.37],"sphereRadius":48.1093,"stabilizedPalmPosition":[-9.98707,222.859,5.32246],"t":[-16.2688,-69.9223,-34.6996],"timeVisible":17.5889,"type":"right","wrist":[-7.2393,193.686,50.3098]}],"id":1682782,"interactionBox":{"center":[0,200,0],"size":[235.247,235.247,147.751]},"pointables":[{"bases":[[[0.526774,0.755671,0.389192],[-0.78143,0.250356,0.571568],[0.334481,-0.605213,0.722384]],[[0.490294,0.812938,0.314235],[-0.727376,0.18304,0.661377],[0.480141,-0.552837,0.681055]],[[0.490294,0.812938,0.314235],[-0.860499,0.508766,0.026422],[-0.138393,-0.283354,0.948977]],[[0.490294,0.812938,0.314235],[-0.598551,0.576142,-0.556594],[-0.63352,0.0848088,0.769064]]],"btipPosition":[-40.7966,222.44,-36.4223],"carpPosition":[-36.4618,187.864,46.2622],"dipPosition":[-55.3303,224.385,-18.7791],"direction":[0.138393,0.283354,-0.948977],"extended":false,"handId":470,"id":4700,"length":51.0864,"mcpPosition":[-36.4618,187.864,46.2622],"pipPosition":[-59.9556,214.915,12.9374],"stabilizedTipPosition":[-44.7486,222.646,-32.5184],"timeVisible":17.5889,"tipPosition":[-44.6566,223.215,-32.4627],"tipVelocity":[130.506,50.203,30.8142],"tool":false,"touchDistance":-0.051342,"touchZone":"touching","type":0,"width":19.8498},{"bases":[[[0.990728,-0.0593979,-0.122191],[0.111387,0.87007,0.480179],[0.0777933,-0.489337,0.868618]],[[0.992451,-0.0724361,-0.0989661],[0.112002,0.864086,0.490725],[0.0499689,-0.498105,0.865676]],[[0.992451,-0.0724361,-0.0989661],[0.100861,0.941148,0.322596],[0.0697741,-0.330143,0.941349]],[[0.992451,-0.0724361,-0.0989661],[0.0893648,0.979774,0.179042],[0.0839953,-0.186535,0.978851]]],"btipPosition":[-35.9819,275.134,-88.2282],"carpPosition":[-25.2075,207.922,49.5661],"dipPosition":[-34.5751,272.01,-71.8345],"direction":[-0.0697741,0.330143,-0.941349],"extended":true,"handId":470,"id":4701,"length":57.6453,"mcpPosition":[-30.8176,243.211,-13.0749],"pipPosition":[-32.922,264.188,-49.5314],"stabilizedTipPosition":[-36.1685,274.246,-84.5701],"timeVisible":17.5889,"tipPosition":[-35.46,275.004,-84.1906],"tipVelocity":[150.587,49.7327,32.9345],"tool":false,"touchDistance":-0.0963914,"touchZone":"touching","type":1,"width":18.9605},{"bases":[[[0.958527,-0.272413,-0.0837707],[0.278958,0.836547,0.471562],[-0.0583812,-0.475373,0.877845]],[[0.959937,-0.256474,-0.112879],[0.0739272,0.620355,-0.780829],[0.270288,0.741202,0.614462]],[[0.959937,-0.256474,-0.112879],[-0.253879,-0.625528,-0.73774],[0.118602,0.736841,-0.665581]],[[0.959937,-0.256474,-0.112879],[-0.275974,-0.935131,-0.222192],[-0.0485706,0.244442,-0.968447]]],"btipPosition":[-24.4263,181.396,-4.26827],"carpPosition":[-13.2372,208.947,48.4068],"dipPosition":[-25.321,185.898,-22.1076],"direction":[-0.118602,-0.736841,0.665581],"extended":false,"handId":470,"id":4702,"length":65.6822,"mcpPosition":[-9.24452,241.458,-11.6283],"pipPosition":[-22.015,206.438,-40.6603],"stabilizedTipPosition":[-30.2797,180.478,-10.5861],"timeVisible":17.5889,"tipPosition":[-24.6335,182.46,-8.39627],"tipVelocity":[109.566,40.2529,32.208],"tool":false,"touchDistance":0.333333,"touchZone":"none","type":2,"width":18.6218},{"bases":[[[0.915714,-0.401681,0.0110161],[0.344725,0.799367,0.492115],[-0.206479,-0.446839,0.87046]],[[0.919284,-0.393566,-0.00466603],[0.222921,0.530392,-0.817918],[0.32438,0.750859,0.575316]],[[0.919284,-0.393566,-0.00466603],[-0.282747,-0.652096,-0.703438],[0.273807,0.647979,-0.710742]],[[0.919284,-0.393566,-0.00466603],[-0.386965,-0.901573,-0.193454],[0.0719303,0.179645,-0.981098]]],"btipPosition":[-11.7388,180.47,5.73666],"carpPosition":[-1.4578,206.804,47.1132],"dipPosition":[-10.4214,183.76,-12.2319],"direction":[-0.273807,-0.647979,0.710742],"extended":false,"handId":470,"id":4703,"length":63.1552,"mcpPosition":[11.2204,234.24,-6.33489],"pipPosition":[-2.9863,201.355,-31.5318],"stabilizedTipPosition":[-17.6883,179.377,-1.05394],"timeVisible":17.5889,"tipPosition":[-11.4503,181.206,1.30349],"tipVelocity":[106.901,35.8332,31.5467],"tool":false,"touchDistance":0.333333,"touchZone":"none","type":3,"width":17.7198},{"bases":[[[0.816031,-0.577218,0.0302243],[0.46335,0.684521,0.562795],[-0.345544,-0.445253,0.826044]],[[0.791434,-0.605358,0.0847015],[0.441583,0.470417,-0.764011],[0.422655,0.642067,0.63962]],[[0.791434,-0.605358,0.0847015],[-0.342758,-0.554245,-0.758505],[0.506112,0.571274,-0.646139]],[[0.791434,-0.605358,0.0847015],[-0.565127,-0.777458,-0.276027],[0.232947,0.17059,-0.95741]]],"btipPosition":[0.252623,187.006,4.09891],"carpPosition":[8.90075,197.787,44.6556],"dipPosition":[4.18853,189.888,-12.0776],"direction":[-0.506112,-0.571274,0.646139],"extended":false,"handId":470,"id":4704,"length":49.5125,"mcpPosition":[28.5412,223.095,-2.29612],"pipPosition":[13.8918,200.841,-24.4656],"stabilizedTipPosition":[-4.60025,186.365,-1.83171],"timeVisible":17.5889,"tipPosition":[0.946551,187.837,0.226968],"tipVelocity":[110.456,30.8425,35.7127],"tool":false,"touchDistance":0.333333,"touchZone":"none","type":4,"width":15.7401}],"r":[[0.864165,0.495193,0.0894572],[-0.408225,0.793828,-0.450766],[-0.29423,0.353018,0.888148]],"s":2.00561,"t":[-16.2688,-69.9223,-34.6996],"timestamp":93449894854},false],[2,{"currentFrameRate":55.3522,"devices":[],"gestures":[],"hands":[{"armBasis":[[0.971518,-0.113342,-0.208104],[0.1589,0.96309,0.217276],[0.175797,-0.244155,0.953669]],"armWidth":62.4607,"confidence":0.820662,"direction":[0.112871,0.595523,-0.79537],"elbow":[40.8579,129.916,303.268],"grabStrength":0,"id":470,"palmNormal":[-0.122938,-0.785964,-0.605926],"palmPosition":[-7.58249,223.971,6.08385],"palmVelocity":[112.174,43.2402,34.0041],"palmWidth":89.1918,"pinchStrength":0.309201,"r":[[0.866855,0.490129,0.0913007],[-0.403088,0.796772,-0.450194],[-0.293399,0.35345,0.888251]],"s":2.00577,"sphereCenter":[-27.2649,210.509,-31.8539],"sphereRadius":48.1543,"stabilizedPalmPosition":[-7.92827,223.811,5.97436],"t":[-14.2514,-69.1305,-34.0866],"timeVisible":17.607,"type":"right","wrist":[-5.66916,194.535,50.8667]}],"id":1682783,"interactionBox":{"center":[0,200,0],"size":[235.247,235.247,147.751]},"pointables":[{"bases":[[[0.528738,0.752326,0.392992],[-0.782576,0.252817,0.568909],[0.32865,-0.60835,0.722427]],[[0.494177,0.808052,0.320687],[-0.728847,0.184012,0.659485],[0.473889,-0.559635,0.679881]],[[0.494177,0.808052,0.320687],[-0.857515,0.513755,0.0268915],[-0.143025,-0.288283,0.946803]],[[0.494177,0.808052,0.320687],[-0.589749,0.582615,-0.559246],[-0.638737,0.0872415,0.764463]]],"btipPosition":[-38.6564,223.878,-35.762],"carpPosition":[-34.902,188.861,46.6868],"dipPosition":[-53.3097,225.879,-18.2244],"direction":[0.143025,0.288283,-0.946803],"extended":false,"handId":470,"id":4700,"length":51.0864,"mcpPosition":[-34.902,188.861,46.6868],"pipPosition":[-58.0899,216.244,13.4195],"stabilizedTipPosition":[-42.4092,224.1,-31.8394],"timeVisible":17.607,"tipPosition":[-42.5233,224.549,-31.8789],"tipVelocity":[124.19,64.5593,32.9315],"tool":false,"touchDistance":-0.0494847,"touchZone":"touching","type":0,"width":19.8498},{"bases":[[[0.990929,-0.0638242,-0.118264],[0.113526,0.868493,0.482526],[0.0719148,-0.491575,0.867861]],[[0.992487,-0.0768305,-0.0952209],[0.114132,0.861797,0.494247],[0.0440878,-0.501402,0.864091]],[[0.992487,-0.0768305,-0.0952209],[0.10404,0.939503,0.326358],[0.0643861,-0.333813,0.940438]],[[0.992487,-0.0768305,-0.0952209],[0.0933049,0.978707,0.182831],[0.0791464,-0.190342,0.978522]]],"btipPosition":[-33.4606,276.521,-87.5654],"carpPosition":[-23.5667,208.858,50.0804],"dipPosition":[-32.135,273.333,-71.1771],"direction":[-0.0643861,0.333813,-0.940438],"extended":true,"handId":470,"id":4701,"length":57.6453,"mcpPosition":[-28.7529,244.308,-12.5059],"pipPosition":[-30.6095,265.424,-48.8956],"stabilizedTipPosition":[-33.4953,275.614,-83.8833],"timeVisible":17.607,"tipPosition":[-32.964,276.309,-83.5558],"tipVelocity":[145.005,62.2394,34.7196],"tool":false,"touchDistance":-0.0960415,"touchZone":"touching","type":1,"width":18.9605},{"bases":[[[0.957564,-0.276767,-0.0804402],[0.280972,0.834197,0.474522],[-0.0642289,-0.476987,0.87656]],[[0.959166,-0.260827,-0.109409],[0.0795737,0.620033,-0.78053],[0.271421,0.739952,0.615469]],[[0.959166,-0.260827,-0.109409],[-0.254106,-0.624743,-0.738327],[0.124223,0.735979,-0.665509]],[[0.959166,-0.260827,-0.109409],[-0.279411,-0.933853,-0.223266],[-0.0439382,0.244719,-0.968598]]],"btipPosition":[-22.6717,182.466,-3.66157],"carpPosition":[-11.587,209.829,48.9724],"dipPosition":[-23.4811,186.973,-21.5037],"direction":[-0.124223,-0.735979,0.665509],"extended":false,"handId":470,"id":4702,"length":65.6822,"mcpPosition":[-7.19442,242.449,-10.9748],"pipPosition":[-20.0185,207.488,-40.0544],"stabilizedTipPosition":[-28.0363,181.392,-9.73345],"timeVisible":17.607,"tipPosition":[-22.865,183.525,-7.84422],"tipVelocity":[104.276,49.3376,32.8766],"tool":false,"touchDistance":0.333333,"touchZone":"none","type":2,"width":18.6218},{"bases":[[[0.913752,-0.406035,0.0138886],[0.346477,0.796661,0.495263],[-0.212159,-0.447736,0.868632]],[[0.917423,-0.397908,-0.00175206],[0.228792,0.531098,-0.815837],[0.325559,0.748067,0.57828]],[[0.917423,-0.397908,-0.00175206],[-0.282941,-0.649244,-0.705993],[0.279783,0.648191,-0.708216]],[[0.917423,-0.397908,-0.00175206],[-0.390431,-0.899316,-0.196965],[0.0767985,0.181385,-0.980409]]],"btipPosition":[-10.048,181.438,6.24711],"carpPosition":[0.187332,207.632,47.7223],"dipPosition":[-8.64143,184.76,-11.7088],"direction":[-0.279783,-0.648191,0.708216],"extended":false,"handId":470,"id":4703,"length":63.1552,"mcpPosition":[13.2143,235.124,-5.61342],"pipPosition":[-1.04405,202.361,-30.9401],"stabilizedTipPosition":[-15.5038,180.152,-0.184066],"timeVisible":17.607,"tipPosition":[-9.73782,182.182,1.81813],"tipVelocity":[101.221,44.5041,30.0901],"tool":false,"touchDistance":0.333333,"touchZone":"none","type":3,"width":17.7198},{"bases":[[[0.813163,-0.581139,0.0323059],[0.464266,0.681102,0.566177],[-0.351031,-0.445396,0.82365]],[[0.788682,-0.608804,0.0856603],[0.445794,0.47035,-0.761603],[0.423376,0.638849,0.642358]],[[0.788682,-0.608804,0.0856603],[-0.342868,-0.551201,-0.76067],[0.510315,0.570557,-0.643462]],[[0.788682,-0.608804,0.0856603],[-0.567513,-0.774506,-0.279409],[0.23645,0.171752,-0.956343]]],"btipPosition":[2.01214,187.905,4.70267],"carpPosition":[10.5132,198.572,45.2875],"dipPosition":[6.00723,190.807,-11.4559],"direction":[-0.510315,-0.570557,0.643462],"extended":false,"handId":470,"id":4704,"length":49.5125,"mcpPosition":[30.4655,223.888,-1.5281],"pipPosition":[15.7911,201.745,-23.7925],"stabilizedTipPosition":[-2.41249,187.006,-1.01313],"timeVisible":17.607,"tipPosition":[2.71719,188.742,0.82733],"tipVelocity":[104.716,39.9746,34.7677],"tool":false,"touchDistance":0.333333,"touchZone":"none","type":4,"width":15.7401}],"r":[[0.866855,0.490129,0.0913007],[-0.403088,0.796772,-0.450194],[-0.293399,0.35345,0.888251]],"s":2.00577,"t":[-14.2514,-69.1305,-34.0866],"timestamp":93449912882},false],[3,{"currentFrameRate":55.3451,"devices":[],"gestures":[],"hands":[{"armBasis":[[0.972833,-0.11174,-0.202757],[0.158382,0.96001,0.230857],[0.168853,-0.256699,0.951627]],"armWidth":62.4607,"confidence":0.828171,"direction":[0.118134,0.599311,-0.791752],"elbow":[40.7348,127.591,302.94],"grabStrength":0,"id":470,"palmNormal":[-0.120455,-0.782798,-0.610506],"palmPosition":[-5.57631,225.19,6.43191],"palmVelocity":[111.56,54.7086,26.9825],"palmWidth":89.1918,"pinchStrength":0.307134,"r":[[0.868999,0.485755,0.0942449],[-0.398253,0.79965,-0.449394],[-0.293658,0.352989,0.888349]],"s":2.00606,"sphereCenter":[-25.1596,212.009,-31.6691],"sphereRadius":48.1914,"stabilizedPalmPosition":[-5.82721,225.043,6.3831],"t":[-12.2396,-68.1253,-33.6061],"timeVisible":17.6251,"type":"right","wrist":[-3.95442,195.53,51.0784]}],"id":1682784,"interactionBox":{"center":[0,200,0],"size":[235.247,235.247,147.751]},"pointables":[{"bases":[[[0.527419,0.749702,0.399719],[-0.785491,0.250985,0.565694],[0.323779,-0.612334,0.721259]],[[0.494388,0.804319,0.329622],[-0.732253,0.181036,0.65653],[0.468386,-0.565947,0.678468]],[[0.494388,0.804319,0.329622],[-0.856457,0.515532,0.0266068],[-0.14853,-0.295461,0.943738]],[[0.494388,0.804319,0.329622],[-0.583223,0.588118,-0.560328],[-0.644539,0.0847762,0.759857]]],"btipPosition":[-36.338,225.536,-35.4673],"carpPosition":[-33.1699,189.913,46.7042],"dipPosition":[-51.1244,227.48,-18.0354],"direction":[0.14853,0.295461,-0.943738],"extended":false,"handId":470,"id":4700,"length":51.0864,"mcpPosition":[-33.1699,189.913,46.7042],"pipPosition":[-56.0886,217.606,13.506],"stabilizedTipPosition":[-40.0033,225.797,-31.4957],"timeVisible":17.6251,"tipPosition":[-40.2216,226.106,-31.6408],"tipVelocity":[125.263,77.0928,24.3785],"tool":false,"touchDistance":-0.0557163,"touchZone":"touching","type":0,"width":19.8498},{"bases":[[[0.991507,-0.0644891,-0.112939],[0.111848,0.865949,0.487465],[0.0663637,-0.495957,0.865808]],[[0.99291,-0.0775233,-0.090107],[0.11247,0.858036,0.501124],[0.0384663,-0.507705,0.860672]],[[0.99291,-0.0775233,-0.090107],[0.103457,0.936888,0.333971],[0.0585296,-0.340926,0.938267]],[[0.99291,-0.0775233,-0.090107],[0.0936056,0.977163,0.190763],[0.0732606,-0.197845,0.977492]]],"btipPosition":[-30.849,278.417,-87.0237],"carpPosition":[-21.8295,209.879,50.2614],"dipPosition":[-29.622,275.104,-70.6527],"direction":[-0.0585296,0.340926,-0.938267],"extended":true,"handId":470,"id":4701,"length":57.6453,"mcpPosition":[-26.6153,245.645,-12.1769],"pipPosition":[-28.2353,267.026,-48.4226],"stabilizedTipPosition":[-30.8076,277.487,-83.3098],"timeVisible":17.6251,"tipPosition":[-30.3902,278.077,-83.0573],"tipVelocity":[144.094,81.7364,32.3417],"tool":false,"touchDistance":-0.0993406,"touchZone":"touching","type":1,"width":18.9605},{"bases":[[[0.957665,-0.277574,-0.0763623],[0.279294,0.831481,0.480244],[-0.0698092,-0.48124,0.873805]],[[0.959447,-0.26154,-0.105159],[0.0847997,0.623562,-0.777161],[0.268832,0.736728,0.620453]],[[0.959447,-0.26154,-0.105159],[-0.250707,-0.621169,-0.742493],[0.12887,0.738746,-0.661548]],[[0.959447,-0.26154,-0.105159],[-0.279291,-0.932516,-0.228934],[-0.0381872,0.24902,-0.967745]]],"btipPosition":[-20.6587,183.764,-3.58077],"carpPosition":[-9.84246,210.84,49.2263],"dipPosition":[-21.3622,188.351,-21.4072],"direction":[-0.12887,-0.738746,0.661548],"extended":false,"handId":470,"id":4702,"length":65.6822,"mcpPosition":[-5.06827,243.752,-10.5325],"pipPosition":[-17.77,208.943,-39.8475],"stabilizedTipPosition":[-25.638,182.531,-9.05123],"timeVisible":17.6251,"tipPosition":[-20.8278,184.838,-7.76705],"tipVelocity":[108.236,60.4806,19.4618],"tool":false,"touchDistance":0.333333,"touchZone":"none","type":2,"width":18.6218},{"bases":[[[0.913156,-0.407252,0.0170735],[0.344633,0.79376,0.501171],[-0.217655,-0.451763,0.86518]],[[0.916924,-0.399059,0.00150678],[0.234107,0.534846,-0.81187],[0.323179,0.744776,0.583836]],[[0.916924,-0.399059,0.00150678],[-0.279717,-0.645393,-0.710793],[0.284621,0.651322,-0.703399]],[[0.916924,-0.399059,0.00150678],[-0.390419,-0.897839,-0.203612],[0.0826061,0.186108,-0.979051]]],"btipPosition":[-8.09526,182.661,6.37012],"carpPosition":[1.93605,208.635,48.0324],"dipPosition":[-6.58235,186.069,-11.5609],"direction":[-0.284621,-0.651322,0.703399],"extended":false,"handId":470,"id":4703,"length":63.1552,"mcpPosition":[15.3005,236.374,-5.0914],"pipPosition":[1.1464,203.755,-30.6614],"stabilizedTipPosition":[-13.1478,181.152,0.554044],"timeVisible":17.6251,"tipPosition":[-7.75888,183.425,1.94818],"tipVelocity":[105.053,56.0025,19.1652],"tool":false,"touchDistance":0.333333,"touchZone":"none","type":3,"width":17.7198},{"bases":[[[0.812248,-0.582318,0.0340497],[0.461875,0.677703,0.57218],[-0.356266,-0.449025,0.819421]],[[0.787636,-0.610008,0.0867131],[0.450347,0.473919,-0.756696],[0.420496,0.635052,0.647991]],[[0.787636,-0.610008,0.0867131],[-0.33934,-0.546942,-0.765312],[0.514274,0.573362,-0.637792]],[[0.787636,-0.610008,0.0867131],[-0.566778,-0.772518,-0.286319],[0.241645,0.176368,-0.954202]]],"btipPosition":[3.9971,189.113,4.92688],"carpPosition":[12.2644,199.574,45.6115],"dipPosition":[8.07996,192.093,-11.1955],"direction":[-0.514274,-0.573362,0.637792],"extended":false,"handId":470,"id":4704,"length":49.5125,"mcpPosition":[32.5143,225.097,-0.963751],"pipPosition":[17.9398,203.085,-23.4234],"stabilizedTipPosition":[-0.094406,187.887,-0.309101],"timeVisible":17.6251,"tipPosition":[4.72178,189.969,1.06223],"tipVelocity":[107.621,53.1909,24.3467],"tool":false,"touchDistance":0.333333,"touchZone":"none","type":4,"width":15.7401}],"r":[[0.868999,0.485755,0.0942449],[-0.398253,0.79965,-0.449394],[-0.293658,0.352989,0.888349]],"s":2.00606,"t":[-12.2396,-68.1253,-33.6061],"timestamp":93449930975},false],[4,{"currentFrameRate":55.3402,"devices":[],"gestures":[],"hands":[{"armBasis":[[0.973625,-0.104381,-0.202876],[0.155411,0.954431,0.254772],[0.167038,-0.279582,0.94548]],"armWidth":62.4607,"confidence":0.831385,"direction":[0.124431,0.601428,-0.789178],"elbow":[41.7599,122.685,301.848],"grabStrength":0,"id":470,"palmNormal":[-0.115886,-0.781107,-0.613549],"palmPosition":[-3.71656,226.462,7.03652],"palmVelocity":[107.406,62.1212,30.0466],"palmWidth":89.1918,"pinchStrength":0.301203,"r":[[0.870567,0.482148,0.098212],[-0.393637,0.802196,-0.448923],[-0.295233,0.352158,0.888157]],"s":2.00668,"sphereCenter":[-23.146,213.47,-31.245],"sphereRadius":48.254,"stabilizedPalmPosition":[-3.89313,226.343,6.98186],"t":[-10.3038,-66.9869,-33.0635],"timeVisible":17.6431,"type":"right","wrist":[-2.449,196.68,51.6135]}],"id":1682785,"interactionBox":{"center":[0,200,0],"size":[235.247,235.247,147.751]},"pointables":[{"bases":[[[0.52447,0.748479,0.405845],[-0.789809,0.24965,0.560247],[0.318014,-0.614373,0.722089]],[[0.493616,0.800892,0.338993],[-0.736637,0.177835,0.652488],[0.462288,-0.571793,0.677748]],[[0.493616,0.800892,0.338993],[-0.855855,0.516572,0.0257972],[-0.154453,-0.302862,0.940435]],[[0.493616,0.800892,0.338993],[-0.57743,0.59329,-0.560876],[-0.650322,0.0811125,0.755316]]],"btipPosition":[-34.17,227.322,-34.9248],"carpPosition":[-31.6309,191.083,46.9969],"dipPosition":[-49.0891,229.183,-17.597],"direction":[0.154453,0.302862,-0.940435],"extended":false,"handId":470,"id":4700,"length":51.0864,"mcpPosition":[-31.6309,191.083,46.9969],"pipPosition":[-54.2512,219.061,13.834],"stabilizedTipPosition":[-37.7733,227.611,-30.9792],"timeVisible":17.6431,"tipPosition":[-38.0264,227.723,-31.1679],"tipVelocity":[121.895,86.8999,26.4182],"tool":false,"touchDistance":-0.0582609,"touchZone":"touching","type":0,"width":19.8498},{"bases":[[[0.99234,-0.0644363,-0.105399],[0.108256,0.864594,0.490671],[0.0595099,-0.498323,0.864947]],[[0.99356,-0.0774857,-0.0826737],[0.10885,0.85537,0.506453],[0.0314738,-0.51219,0.858295]],[[0.99356,-0.0774857,-0.0826737],[0.101214,0.934915,0.340131],[0.0509376,-0.346308,0.936737]],[[0.99356,-0.0774857,-0.0826737],[0.0925359,0.975951,0.197375],[0.0653918,-0.203754,0.976836]]],"btipPosition":[-28.2329,280.16,-86.3792],"carpPosition":[-20.3138,211.036,50.6965],"dipPosition":[-27.1377,276.748,-70.0192],"direction":[-0.0509376,0.346308,-0.936737],"extended":true,"handId":470,"id":4701,"length":57.6453,"mcpPosition":[-24.6054,246.973,-11.6797],"pipPosition":[-25.9308,268.543,-47.8254],"stabilizedTipPosition":[-28.156,279.258,-82.6593],"timeVisible":17.6431,"tipPosition":[-27.8235,279.692,-82.458],"tipVelocity":[143.557,88.0868,33.8393],"tool":false,"touchDistance":-0.101295,"touchZone":"touching","type":1,"width":18.9605},{"bases":[[[0.958164,-0.277611,-0.0696648],[0.275745,0.830103,0.484659],[-0.0767176,-0.483593,0.871925]],[[0.960171,-0.261536,-0.098338],[0.0910032,0.625469,-0.774923],[0.264178,0.73511,0.624358]],[[0.960171,-0.261536,-0.098338],[-0.245103,-0.61941,-0.745826],[0.134149,0.740223,-0.658843]],[[0.960171,-0.261536,-0.098338],[-0.277727,-0.931925,-0.233203],[-0.0306525,0.251226,-0.967443]]],"btipPosition":[-18.7287,185.076,-3.18672],"carpPosition":[-8.31886,211.997,49.7573],"dipPosition":[-19.2934,189.704,-21.0076],"direction":[-0.134149,-0.740223,0.658843],"extended":false,"handId":470,"id":4702,"length":65.6822,"mcpPosition":[-3.07221,245.069,-9.87289],"pipPosition":[-15.554,210.337,-39.3725],"stabilizedTipPosition":[-23.217,183.82,-8.42067],"timeVisible":17.6431,"tipPosition":[-18.8656,186.157,-7.37729],"tipVelocity":[108.348,66.459,20.6006],"tool":false,"touchDistance":0.333333,"touchZone":"none","type":2,"width":18.6218},{"bases":[[[0.9129,-0.407531,0.0230693],[0.340911,0.792308,0.505991],[-0.224485,-0.454055,0.86223]],[[0.916788,-0.399304,0.00756674],[0.240559,0.536993,-0.808561],[0.318798,0.743099,0.588364]],[[0.916788,-0.399304,0.00756674],[-0.274331,-0.643399,-0.714689],[0.290246,0.653142,-0.699401]],[[0.916788,-0.399304,0.00756674],[-0.389041,-0.897187,-0.209053],[0.0902644,0.188713,-0.977875]]],"btipPosition":[-6.24502,183.934,6.83947],"carpPosition":[3.46807,209.792,48.6491],"dipPosition":[-4.59185,187.391,-11.0701],"direction":[-0.290246,-0.653142,0.699401],"extended":false,"handId":470,"id":4703,"length":63.1552,"mcpPosition":[17.2519,237.672,-4.29363],"pipPosition":[3.28966,205.126,-30.062],"stabilizedTipPosition":[-10.7675,182.321,1.26204],"timeVisible":17.6431,"tipPosition":[-5.874,184.711,2.42381],"tipVelocity":[104.59,63.1463,22.5207],"tool":false,"touchDistance":0.333333,"touchZone":"none","type":3,"width":17.7198},{"bases":[[[0.811821,-0.582617,0.0387844],[0.457569,0.676029,0.577594],[-0.362736,-0.451157,0.815402]],[[0.78694,-0.610298,0.0908935],[0.456082,0.476111,-0.751869],[0.415589,0.633131,0.653017]],[[0.78694,-0.610298,0.0908935],[-0.333604,-0.544748,-0.769388],[0.51907,0.57514,-0.632282]],[[0.78694,-0.610298,0.0908935],[-0.564658,-0.771682,-0.292691],[0.24877,0.179007,-0.951877]]],"btipPosition":[5.87094,190.383,5.50864],"carpPosition":[13.8128,200.735,46.284],"dipPosition":[10.0742,193.407,-10.5744],"direction":[-0.51907,-0.57514,0.632282],"extended":false,"handId":470,"id":4704,"length":49.5125,"mcpPosition":[34.4304,226.378,-0.0628645],"pipPosition":[20.0259,204.434,-22.6967],"stabilizedTipPosition":[2.21962,188.952,0.398128],"timeVisible":17.6431,"tipPosition":[6.6238,191.248,1.65394],"tipVelocity":[106.438,61.5479,28.3007],"tool":false,"touchDistance":0.333333,"touchZone":"none","type":4,"width":15.7401}],"r":[[0.870567,0.482148,0.098212],[-0.393637,0.802196,-0.448923],[-0.295233,0.352158,0.888157]],"s":2.00668,"t":[-10.3038,-66.9869,-33.0635],"timestamp":93449949062},false],[5,{"currentFrameRate":55.3429,"devices":[],"gestures":[],"hands":[{"armBasis":[[0.975079,-0.100102,-0.197994],[0.152005,0.95148,0.267544],[0.161606,-0.290972,0.942984]],"armWidth":62.4607,"confidence":0.765375,"direction":[0.128166,0.602109,-0.78806],"elbow":[41.7914,120.786,301.799],"grabStrength":0,"id":470,"palmNormal":[-0.111542,-0.78082,-0.614718],"palmPosition":[-2.03135,227.607,7.66219],"palmVelocity":[100.713,62.7318,32.2297],"palmWidth":89.1918,"pinchStrength":0.292117,"r":[[0.871578,0.479438,0.102426],[-0.389619,0.804189,-0.448863],[-0.297571,0.351312,0.887711]],"s":2.00778,"sphereCenter":[-21.4152,214.733,-30.7288],"sphereRadius":48.341,"stabilizedPalmPosition":[-2.16264,227.518,7.61421],"t":[-8.49332,-65.8452,-32.4794],"timeVisible":17.6612,"type":"right","wrist":[-0.979744,197.796,52.2254]}],"id":1682786,"interactionBox":{"center":[0,200,0],"size":[235.247,235.247,147.751]},"pointables":[{"bases":[[[0.521323,0.748803,0.409289],[-0.793228,0.248361,0.555973],[0.314663,-0.614501,0.723447]],[[0.492699,0.798311,0.346334],[-0.739437,0.174248,0.650284],[0.458781,-0.576486,0.676153]],[[0.492699,0.798311,0.346334],[-0.855944,0.516337,0.0275014],[-0.15687,-0.309992,0.937708]],[[0.492699,0.798311,0.346334],[-0.575567,0.59746,-0.558358],[-0.652664,0.0757637,0.75385]]],"btipPosition":[-32.3618,228.999,-34.2776],"carpPosition":[-30.1289,192.168,47.4413],"dipPosition":[-47.3346,230.737,-16.9834],"direction":[0.15687,0.309992,-0.937708],"extended":false,"handId":470,"id":4700,"length":51.0864,"mcpPosition":[-30.1289,192.168,47.4413],"pipPosition":[-52.5775,220.377,14.3564],"stabilizedTipPosition":[-35.9154,229.299,-30.3378],"timeVisible":17.6612,"tipPosition":[-36.1395,229.19,-30.5708],"tipVelocity":[111.23,88.9743,30.6882],"tool":false,"touchDistance":-0.0568179,"touchZone":"touching","type":0,"width":19.8498},{"bases":[[[0.99299,-0.0632266,-0.09987],[0.104506,0.864382,0.491856],[0.0552275,-0.498845,0.86493]],[[0.994093,-0.0762326,-0.077248],[0.105111,0.853501,0.51038],[0.0270236,-0.515485,0.856472]],[[0.994093,-0.0762326,-0.077248],[0.0984252,0.933159,0.345727],[0.045729,-0.351288,0.93515]],[[0.994093,-0.0762326,-0.077248],[0.0906142,0.97473,0.204184],[0.0597304,-0.209978,0.97588]]],"btipPosition":[-26.0602,281.655,-85.7262],"carpPosition":[-18.8556,212.132,51.2178],"dipPosition":[-25.0599,278.138,-69.3823],"direction":[-0.045729,0.351288,-0.93515],"extended":true,"handId":470,"id":4701,"length":57.6453,"mcpPosition":[-22.8384,248.107,-11.1571],"pipPosition":[-23.9764,269.815,-47.226],"stabilizedTipPosition":[-25.9451,280.768,-82.0014],"timeVisible":17.6612,"tipPosition":[-25.6952,281.026,-81.8639],"tipVelocity":[131.94,84.9346,34.8424],"tool":false,"touchDistance":-0.100695,"touchZone":"touching","type":1,"width":18.9605},{"bases":[[[0.958859,-0.276465,-0.064473],[0.272066,0.830087,0.486761],[-0.0810539,-0.484276,0.871153]],[[0.961005,-0.260403,-0.0930631],[0.0946455,0.625938,-0.774109],[0.259832,0.735114,0.626175]],[[0.961005,-0.260403,-0.0930631],[-0.240233,-0.61948,-0.74735],[0.136961,0.740564,-0.657881]],[[0.961005,-0.260403,-0.0930631],[-0.275349,-0.932181,-0.234992],[-0.0255593,0.251453,-0.967532]]],"btipPosition":[-16.9369,186.22,-2.65556],"carpPosition":[-6.85671,213.108,50.3467],"dipPosition":[-17.4077,190.851,-20.4781],"direction":[-0.136961,-0.740564,0.657881],"extended":false,"handId":470,"id":4702,"length":65.6822,"mcpPosition":[-1.3135,246.227,-9.23075],"pipPosition":[-13.59,211.494,-38.8161],"stabilizedTipPosition":[-20.9224,185.108,-7.80131],"timeVisible":17.6612,"tipPosition":[-17.052,187.298,-6.85155],"tipVelocity":[104.58,64.9932,24.7745],"tool":false,"touchDistance":0.333333,"touchZone":"none","type":2,"width":18.6218},{"bases":[[[0.913224,-0.4065,0.0279176],[0.337154,0.792353,0.508433],[-0.228799,-0.454901,0.860649]],[[0.917186,-0.398264,0.0124545],[0.244492,0.537825,-0.806826],[0.314631,0.743055,0.590658]],[[0.917186,-0.398264,0.0124545],[-0.269576,-0.643234,-0.716644],[0.293425,0.653939,-0.697328]],[[0.917186,-0.398264,0.0124545],[-0.386836,-0.897493,-0.211813],[0.0955353,0.189454,-0.977231]]],"btipPosition":[-4.5098,185.078,7.42206],"carpPosition":[4.93878,210.917,49.3031],"dipPosition":[-2.76009,188.548,-10.4757],"direction":[-0.293425,-0.653939,0.697328],"extended":false,"handId":470,"id":4703,"length":63.1552,"mcpPosition":[18.9875,238.848,-3.54249],"pipPosition":[5.20771,206.305,-29.4113],"stabilizedTipPosition":[-8.50089,183.531,1.9575],"timeVisible":17.6612,"tipPosition":[-4.11483,185.857,3.01049],"tipVelocity":[101.133,63.3123,27.2164],"tool":false,"touchDistance":0.333333,"touchZone":"none","type":3,"width":17.7198},{"bases":[[[0.81226,-0.581712,0.0429465],[0.453542,0.676158,0.580611],[-0.366787,-0.452129,0.813047]],[[0.787268,-0.60931,0.0946087],[0.459567,0.477515,-0.74885],[0.411105,0.633025,0.655952]],[[0.787268,-0.60931,0.0946087],[-0.328665,-0.54448,-0.7717],[0.521717,0.57644,-0.62891]],[[0.787268,-0.60931,0.0946087],[-0.562036,-0.772201,-0.296348],[0.253624,0.180131,-0.950383]]],"btipPosition":[7.61811,191.536,6.15689],"carpPosition":[15.307,201.873,46.99],"dipPosition":[11.9034,194.58,-9.90092],"direction":[-0.521717,-0.57644,0.62891],"extended":false,"handId":470,"id":4704,"length":49.5125,"mcpPosition":[36.1549,227.572,0.776993],"pipPosition":[21.9059,205.631,-21.9585],"stabilizedTipPosition":[4.41148,190.08,1.10727],"timeVisible":17.6612,"tipPosition":[8.38971,192.404,2.31223],"tipVelocity":[102.33,62.765,32.0595],"tool":false,"touchDistance":0.333333,"touchZone":"none","type":4,"width":15.7401}],"r":[[0.871578,0.479438,0.102426],[-0.389619,0.804189,-0.448863],[-0.297571,0.351312,0.887711]],"s":2.00778,"t":[-8.49332,-65.8452,-32.4794],"timestamp":93449967122},false],[6,{"currentFrameRate":55.3305,"devices":[],"gestures":[],"hands":[{"armBasis":[[0.975412,-0.0954403,-0.198653],[0.148504,0.950641,0.272449],[0.162845,-0.295251,0.941439]],"armWidth":62.4607,"confidence":0.786073,"direction":[0.130859,0.602937,-0.786984],"elbow":[43.4824,121.049,301.825],"grabStrength":0,"id":470,"palmNormal":[-0.106958,-0.78059,-0.615824],"palmPosition":[-0.50771,229.032,8.11301],"palmVelocity":[92.8082,70.3302,28.7343],"palmWidth":89.1918,"pinchStrength":0.279214,"r":[[0.872076,0.477592,0.106725],[-0.386277,0.805686,-0.449067],[-0.300457,0.350395,0.887101]],"s":2.00945,"sphereCenter":[-19.8805,216.273,-30.3814],"sphereRadius":48.4493,"stabilizedPalmPosition":[-0.602569,228.945,8.08442],"t":[-6.82626,-64.5615,-31.9619],"timeVisible":17.6793,"type":"right","wrist":[0.383111,199.192,52.6594]}],"id":1682787,"interactionBox":{"center":[0,200,0],"size":[235.247,235.247,147.751]},"pointables":[{"bases":[[[0.517809,0.749535,0.412397],[-0.796453,0.246384,0.55223],[0.312307,-0.614404,0.724549]],[[0.491905,0.795123,0.354696],[-0.74166,0.16929,0.649062],[0.456038,-0.582341,0.672985]],[[0.491905,0.795123,0.354696],[-0.856299,0.51549,0.0319722],[-0.157421,-0.319454,0.934435]],[[0.491905,0.795123,0.354696],[-0.575998,0.602697,-0.552252],[-0.652882,0.0673508,0.754459]]],"btipPosition":[-30.8061,231.136,-33.741],"carpPosition":[-28.7308,193.51,47.7274],"dipPosition":[-45.784,232.681,-16.4329],"direction":[0.157421,0.319454,-0.934435],"extended":false,"handId":470,"id":4700,"length":51.0864,"mcpPosition":[-28.7308,193.51,47.7274],"pipPosition":[-51.0452,222.004,14.7976],"stabilizedTipPosition":[-34.3237,231.395,-29.7854],"timeVisible":17.6793,"tipPosition":[-34.4771,231.063,-30.0753],"tipVelocity":[99.1316,101.598,30.2633],"tool":false,"touchDistance":-0.0569323,"touchZone":"touching","type":0,"width":19.8498},{"bases":[[[0.993594,-0.0611867,-0.0950125],[0.100362,0.864228,0.492988],[0.0519481,-0.499366,0.864833]],[[0.994615,-0.0742694,-0.0722859],[0.100983,0.851391,0.514719],[0.0233157,-0.519247,0.854306]],[[0.994615,-0.0742694,-0.0722859],[0.0951144,0.931144,0.35203],[0.0411635,-0.35701,0.933193]],[[0.994615,-0.0742694,-0.0722859],[0.0880804,0.973309,0.211922],[0.0546172,-0.217148,0.97461]]],"btipPosition":[-24.1341,283.467,-85.2043],"carpPosition":[-17.516,213.493,51.5739],"dipPosition":[-23.2194,279.83,-68.8816],"direction":[-0.0411635,0.35701,-0.933193],"extended":true,"handId":470,"id":4701,"length":57.6453,"mcpPosition":[-21.2622,249.505,-10.794],"pipPosition":[-22.2441,271.372,-46.7717],"stabilizedTipPosition":[-24.0027,282.558,-81.4716],"timeVisible":17.6793,"tipPosition":[-23.8187,282.667,-81.4058],"tipVelocity":[119.228,91.3953,31.844],"tool":false,"touchDistance":-0.10103,"touchZone":"touching","type":1,"width":18.9605},{"bases":[[[0.959712,-0.274518,-0.0599379],[0.268012,0.830269,0.488695],[-0.0843909,-0.485071,0.870393]],[[0.961963,-0.258469,-0.0884387],[0.0972453,0.626525,-0.773311],[0.255286,0.735296,0.627829]],[[0.961963,-0.258469,-0.0884387],[-0.23534,-0.619696,-0.748727],[0.138717,0.74106,-0.656953]],[[0.961963,-0.258469,-0.0884387],[-0.272347,-0.932645,-0.236644],[-0.0213169,0.251729,-0.967563]]],"btipPosition":[-15.2791,187.631,-2.29101],"carpPosition":[-5.51488,214.493,50.7627],"dipPosition":[-15.6718,192.268,-20.1141],"direction":[-0.138717,-0.74106,0.656953],"extended":false,"handId":470,"id":4702,"length":65.6822,"mcpPosition":[0.256544,247.666,-8.76276],"pipPosition":[-11.8051,212.925,-38.4263],"stabilizedTipPosition":[-18.7838,186.491,-7.25791],"timeVisible":17.6793,"tipPosition":[-15.376,188.708,-6.49186],"tipVelocity":[98.8299,71.183,22.5572],"tool":false,"touchDistance":0.333333,"touchZone":"none","type":2,"width":18.6218},{"bases":[[[0.91388,-0.404711,0.0321326],[0.333068,0.792648,0.510662],[-0.23214,-0.455981,0.859181]],[[0.917899,-0.396461,0.0167069],[0.247419,0.538901,-0.805214],[0.310233,0.743239,0.592749]],[[0.917899,-0.396461,0.0167069],[-0.264759,-0.643253,-0.71842],[0.295573,0.655014,-0.695409]],[[0.917899,-0.396461,0.0167069],[-0.384011,-0.898106,-0.214339],[0.0999817,0.190326,-0.976616]]],"btipPosition":[-2.90062,186.5,7.82992],"carpPosition":[6.28994,212.326,49.7758],"dipPosition":[-1.06948,189.986,-10.0566],"direction":[-0.295573,-0.655014,0.695409],"extended":false,"handId":470,"id":4703,"length":63.1552,"mcpPosition":[20.5438,240.324,-2.97967],"pipPosition":[6.95666,207.773,-28.94],"stabilizedTipPosition":[-6.37259,184.864,2.57906],"timeVisible":17.6793,"tipPosition":[-2.48538,187.283,3.42232],"tipVelocity":[95.768,70.6404,25.0464],"tool":false,"touchDistance":0.333333,"touchZone":"none","type":3,"width":17.7198},{"bases":[[[0.813191,-0.580133,0.0465368],[0.449329,0.676631,0.58333],[-0.369897,-0.453448,0.810901]],[[0.788175,-0.607644,0.0977171],[0.462135,0.479466,-0.746018],[0.406461,0.633152,0.658717]],[[0.788175,-0.607644,0.0977171],[-0.323722,-0.54435,-0.773878],[0.523435,0.578318,-0.625751]],[[0.788175,-0.607644,0.0977171],[-0.558911,-0.773164,-0.299727],[0.257678,0.181622,-0.949008]]],"btipPosition":[9.23477,192.977,6.61662],"carpPosition":[16.6874,203.305,47.5074],"dipPosition":[13.5885,196.046,-9.41796],"direction":[-0.523435,-0.578318,0.625751],"extended":false,"handId":470,"id":4704,"length":49.5125,"mcpPosition":[37.7121,229.078,1.41638],"pipPosition":[23.624,207.133,-21.415],"stabilizedTipPosition":[6.47392,191.355,1.7522],"timeVisible":17.6793,"tipPosition":[10.0216,193.849,2.78439],"tipVelocity":[96.5133,70.8958,29.0193],"tool":false,"touchDistance":0.333333,"touchZone":"none","type":4,"width":15.7401