{"sensorType":"Leap","data":[[0,{"currentFrameRate":55.3049,"devices":[],"gestures":[],"hands":[{"armBasis":[[0.971436,-0.0964888,-0.216801],[0.150995,0.956127,0.251043],[0.183067,-0.276608,0.943385]],"armWidth":62.4607,"confidence":0.770355,"direction":[0.136821,0.586408,-0.798377],"elbow":[49.4499,126.669,299.94],"grabStrength":0,"id":470,"palmNormal":[-0.10694,-0.792502,-0.60042],"palmPosition":[0.429606,228.813,5.11588],"palmVelocity":[88.8345,53.2687,21.7248],"palmWidth":89.1918,"pinchStrength":0.288202,"r":[[0.870951,0.477722,0.115002],[-0.376426,0.799116,-0.46874],[-0.315828,0.36496,0.875818]],"s":2.00222,"sphereCenter":[-20.8403,215.703,-33.2136],"sphereRadius":48.6584,"stabilizedPalmPosition":[0.283834,228.728,5.0823],"t":[-5.82944,-64.4666,-34.8306],"timeVisible":16.1429,"type":"right","wrist":[0.998697,199.877,50.2604]}],"id":1682703,"interactionBox":{"center":[0,200,0],"size":[235.247,235.247,147.751]},"pointables":[{"bases":[[[0.518632,0.755849,0.399641],[-0.798138,0.260389,0.543299],[0.30659,-0.60074,0.738318]],[[0.487152,0.809513,0.327675],[-0.739445,0.182708,0.64795],[0.464655,-0.557948,0.687597]],[[0.487152,0.809513,0.327675],[-0.858631,0.512487,0.010433],[-0.159484,-0.286435,0.944733]],[[0.487152,0.809513,0.327675],[-0.57552,0.579789,-0.576733],[-0.656856,0.0923729,0.748337]]],"btipPosition":[-30.4493,228.957,-37.0828],"carpPosition":[-28.1125,194.202,45.3043],"dipPosition":[-45.5183,231.076,-19.9151],"direction":[0.159484,0.286435,-0.944733],"extended":false,"handId":470,"id":4700,"length":51.0864,"mcpPosition":[-28.1125,194.202,45.3043],"pipPosition":[-50.8485,221.503,11.6595],"stabilizedTipPosition":[-34.0779,229.305,-33.1791],"timeVisible":16.1429,"tipPosition":[-34.0754,228.783,-33.6104],"tipVelocity":[94.7057,78.963,26.3898],"tool":false,"touchDistance":-0.024525,"touchZone":"touching","type":0,"width":19.8498},{"bases":[[[0.993798,-0.0666913,-0.0889775],[0.101237,0.87366,0.475888],[0.0459984,-0.481945,0.874993]],[[0.993639,-0.0650804,-0.0919009],[0.101784,0.868192,0.485678],[0.0481795,-0.491943,0.869293]],[[0.993639,-0.0650804,-0.0919009],[0.0910022,0.944757,0.314885],[0.0663312,-0.321245,0.94467]],[[0.993639,-0.0650804,-0.0919009],[0.0799913,0.982325,0.16923],[0.079263,-0.175505,0.981283]]],"btipPosition":[-25.0871,280.242,-89.7259],"carpPosition":[-16.8418,214.218,48.7999],"dipPosition":[-23.7596,277.302,-73.2915],"direction":[-0.0663312,0.321245,-0.94467],"extended":true,"handId":470,"id":4701,"length":57.6453,"mcpPosition":[-20.159,248.974,-14.3008],"pipPosition":[-22.188,269.691,-50.9097],"stabilizedTipPosition":[-24.9438,279.465,-85.9809],"timeVisible":16.1429,"tipPosition":[-24.6349,280.207,-85.6483],"tipVelocity":[108.617,61.8737,21.0803],"tool":false,"touchDistance":-0.0867158,"touchZone":"touching","type":1,"width":18.9605},{"bases":[[[0.958959,-0.279145,-0.0497596],[0.268778,0.839014,0.47309],[-0.0903114,-0.467048,0.879608]],[[0.9614,-0.263716,-0.0785086],[0.101844,0.606116,-0.788829],[0.255612,0.750385,0.609578]],[[0.9614,-0.263716,-0.0785086],[-0.234464,-0.635848,-0.735339],[0.144001,0.725363,-0.673137]],[[0.9614,-0.263716,-0.0785086],[-0.274713,-0.936102,-0.219648],[-0.0155674,0.232737,-0.972415]]],"btipPosition":[-14.4614,187.139,-4.25481],"carpPosition":[-4.83338,215.158,48.0263],"dipPosition":[-14.7481,191.426,-22.1673],"direction":[-0.144001,-0.725363,0.673137],"extended":false,"handId":470,"id":4702,"length":65.6822,"mcpPosition":[1.34295,247.099,-12.1294],"pipPosition":[-10.7342,211.645,-40.9306],"stabilizedTipPosition":[-17.8478,186.143,-9.23291],"timeVisible":16.1429,"tipPosition":[-14.4776,188.274,-8.43893],"tipVelocity":[88.7051,54.4352,18.269],"tool":false,"touchDistance":0.333333,"touchZone":"none","type":2,"width":18.6218},{"bases":[[[0.912208,-0.407281,0.0447034],[0.333588,0.80161,0.496124],[-0.237897,-0.437656,0.8671]],[[0.915857,-0.400308,0.0309835],[0.258906,0.529837,-0.807614],[0.306878,0.74768,0.588897]],[[0.915857,-0.400308,0.0309835],[-0.257262,-0.644326,-0.72018],[0.308257,0.651611,-0.693095]],[[0.915857,-0.400308,0.0309835],[-0.384924,-0.897363,-0.215807],[0.114193,0.185722,-0.975944]]],"btipPosition":[-2.327,185.96,4.80161],"carpPosition":[6.96785,212.929,47.1402],"dipPosition":[-0.235592,189.362,-13.0726],"direction":[-0.308257,-0.651611,0.693095],"extended":false,"handId":470,"id":4703,"length":63.1552,"mcpPosition":[21.5752,239.802,-6.10152],"pipPosition":[8.13499,207.056,-31.8932],"stabilizedTipPosition":[-5.2695,184.808,0.154402],"timeVisible":16.1429,"tipPosition":[-1.83521,186.889,0.833438],"tipVelocity":[87.6696,52.0368,7.29449],"tool":false,"touchDistance":0.333333,"touchZone":"none","type":3,"width":17.7198},{"bases":[[[0.810801,-0.582011,0.0621676],[0.449072,0.686669,0.571682],[-0.375413,-0.435603,0.818117]],[[0.756047,-0.633004,0.166429],[0.52107,0.42824,-0.738307],[0.39608,0.644916,0.653608]],[[0.756047,-0.633004,0.166429],[-0.300147,-0.561275,-0.771286],[0.581639,0.533175,-0.614345]],[[0.756047,-0.633004,0.166429],[-0.571652,-0.76246,-0.303099],[0.318758,0.134018,-0.938314]]],"btipPosition":[8.41515,193.746,3.58147],"carpPosition":[17.3424,203.826,45.1047],"dipPosition":[13.8009,196.011,-12.2724],"direction":[-0.581639,-0.533175,0.614345],"extended":false,"handId":470,"id":4704,"length":49.5125,"mcpPosition":[38.6806,228.586,-1.39648],"pipPosition":[24.9523,206.233,-24.0508],"stabilizedTipPosition":[6.30761,192.394,-1.01172],"timeVisible":16.1429,"tipPosition":[9.83769,194.309,-0.126788],"tipVelocity":[88.1983,52.4312,22.5664],"tool":false,"touchDistance":0.333333,"touchZone":"none","type":4,"width":15.7401}],"r":[[0.870951,0.477722,0.115002],[-0.376426,0.799116,-0.46874],[-0.315828,0.36496,0.875818]],"s":2.00222,"t":[-5.82944,-64.4666,-34.8306],"timestamp":93448448842},false],[1,{"currentFrameRate":55.2665,"devices":[],"gestures":[],"hands":[{"armBasis":[[0.973161,-0.0950154,-0.209594],[0.148436,0.955159,0.256199],[0.175853,-0.280434,0.943627]],"armWidth":62.4607,"confidence":0.781727,"direction":[0.139534,0.590559,-0.79484],"elbow":[49.0295,126.724,300.194],"grabStrength":0,"id":470,"palmNormal":[-0.10303,-0.789677,-0.60481],"palmPosition":[2.07839,230.104,5.44685],"palmVelocity":[89.6108,61.6452,20.02],"palmWidth":89.1918,"pinchStrength":0.282146,"r":[[0.871394,0.476302,0.117513],[-0.374631,0.800715,-0.467448],[-0.316741,0.363307,0.876175]],"s":2.00301,"sphereCenter":[-19.1322,217.213,-33.0652],"sphereRadius":48.7395,"stabilizedPalmPosition":[1.97312,230.023,5.42547],"t":[-4.20127,-63.3365,-34.4706],"timeVisible":16.1611,"type":"right","wrist":[2.48759,200.945,50.4498]}],"id":1682704,"interactionBox":{"center":[0,200,0],"size":[235.247,235.247,147.751]},"pointables":[{"bases":[[[0.515679,0.754633,0.405714],[-0.800974,0.256505,0.540967],[0.304164,-0.603932,0.736716]],[[0.486672,0.80522,0.338779],[-0.741252,0.17542,0.647899],[0.462273,-0.566435,0.682243]],[[0.486672,0.80522,0.338779],[-0.858409,0.512763,0.0143935],[-0.162124,-0.297816,0.940756]],[[0.486672,0.80522,0.338779],[-0.572699,0.586923,-0.572309],[-0.659672,0.084508,0.746787]]],"btipPosition":[-28.6598,230.982,-36.6224],"carpPosition":[-26.5923,195.251,45.3342],"dipPosition":[-43.7933,232.921,-19.4903],"direction":[0.162124,0.297816,-0.940756],"extended":false,"handId":470,"id":4700,"length":51.0864,"mcpPosition":[-26.5923,195.251,45.3342],"pipPosition":[-49.2118,222.967,11.9514],"stabilizedTipPosition":[-32.2604,231.297,-32.7128],"timeVisible":16.1611,"tipPosition":[-32.2553,230.649,-33.1957],"tipVelocity":[95.9782,93.2435,25.6335],"tool":false,"touchDistance":-0.025335,"touchZone":"touching","type":0,"width":19.8498},{"bases":[[[0.99429,-0.0647676,-0.084814],[0.0977659,0.871442,0.480656],[0.0427795,-0.486203,0.872798]],[[0.994197,-0.0637377,-0.0866624],[0.0983765,0.864642,0.492663],[0.0435307,-0.498329,0.865894]],[[0.994197,-0.0637377,-0.0866624],[0.0885359,0.942389,0.32259],[0.0611085,-0.328391,0.942563]],[[0.994197,-0.0637377,-0.0866624],[0.0783426,0.981048,0.177219],[0.0737244,-0.18298,0.980348]]],"btipPosition":[-22.9687,282.161,-89.1792],"carpPosition":[-15.3678,215.267,48.9796],"dipPosition":[-21.7339,279.096,-72.7603],"direction":[-0.0611085,0.328391,-0.942563],"extended":true,"handId":470,"id":4701,"length":57.6453,"mcpPosition":[-18.4529,250.329,-13.9628],"pipPosition":[-20.2861,271.316,-50.4285],"stabilizedTipPosition":[-22.8049,281.35,-85.4336],"timeVisible":16.1611,"tipPosition":[-22.593,281.98,-85.1483],"tipVelocity":[111.693,81.868,25.249],"tool":false,"touchDistance":-0.0851002,"touchZone":"touching","type":1,"width":18.9605},{"bases":[[[0.959595,-0.277464,-0.0468052],[0.26537,0.837061,0.478443],[-0.0935721,-0.471532,0.87687]],[[0.962122,-0.262051,-0.0751732],[0.105523,0.612219,-0.783615],[0.25137,0.746001,0.616681]],[[0.962122,-0.262051,-0.0751732],[-0.229586,-0.63014,-0.741764],[0.14701,0.730926,-0.666435]],[[0.962122,-0.262051,-0.0751732],[-0.272416,-0.93479,-0.22794],[-0.0105394,0.239784,-0.970769]]],"btipPosition":[-12.7385,188.438,-4.38165],"carpPosition":[-3.35747,216.228,48.265],"dipPosition":[-12.9326,192.855,-22.2638],"direction":[-0.14701,-0.730926,0.666435],"extended":false,"handId":470,"id":4702,"length":65.6822,"mcpPosition":[3.04185,248.476,-11.7034],"pipPosition":[-8.83481,213.229,-40.8403],"stabilizedTipPosition":[-15.9742,187.367,-8.95976],"timeVisible":16.1611,"tipPosition":[-12.7252,189.599,-8.48471],"tipVelocity":[92.0448,63.2672,6.39275],"tool":false,"touchDistance":0.333333,"touchZone":"none","type":2,"width":18.6218},{"bases":[[[0.912613,-0.406136,0.0468106],[0.330133,0.79964,0.501585],[-0.241144,-0.4423,0.863841]],[[0.916325,-0.399065,0.033093],[0.261631,0.534087,-0.803928],[0.303145,0.745318,0.593805]],[[0.916325,-0.399065,0.033093],[-0.253094,-0.641223,-0.724414],[0.310308,0.655423,-0.68857]],[[0.916325,-0.399065,0.033093],[-0.382578,-0.896872,-0.221934],[0.118246,0.190703,-0.9745]]],"btipPosition":[-0.610904,187.246,4.91849],"carpPosition":[8.451,214.021,47.4212],"dipPosition":[1.55474,190.739,-12.9292],"direction":[-0.310308,-0.655423,0.68857],"extended":false,"handId":470,"id":4703,"length":63.1552,"mcpPosition":[23.2577,241.179,-5.62038],"pipPosition":[9.98101,208.537,-31.627],"stabilizedTipPosition":[-3.39986,185.983,0.393375],"timeVisible":16.1611,"tipPosition":[-0.103303,188.194,0.951046],"tipVelocity":[91.2157,61.4387,7.03246],"tool":false,"touchDistance":0.333333,"touchZone":"none","type":3,"width":17.7198},{"bases":[[[0.811393,-0.581102,0.0629519],[0.445448,0.684498,0.577095],[-0.378441,-0.440209,0.814247]],[[0.756485,-0.632512,0.166312],[0.523268,0.432811,-0.734075],[0.392329,0.642342,0.658388]],[[0.756485,-0.632512,0.166312],[-0.296001,-0.557885,-0.775337],[0.583193,0.537302,-0.609255]],[[0.756485,-0.632512,0.166312],[-0.569008,-0.761895,-0.309427],[0.322429,0.139444,-0.936266]]],"btipPosition":[10.1314,195.044,3.7865],"carpPosition":[18.8483,204.944,45.3876],"dipPosition":[15.5792,197.4,-12.0328],"direction":[-0.583193,-0.537302,0.609255],"extended":false,"handId":470,"id":4704,"length":49.5125,"mcpPosition":[40.3587,229.965,-0.893613],"pipPosition":[26.7604,207.702,-23.7136],"stabilizedTipPosition":[8.10195,193.522,-0.601808],"timeVisible":16.1611,"tipPosition":[11.5627,195.632,0.0839743],"tipVelocity":[91.423,61.9631,17.3652],"tool":false,"touchDistance":0.333333,"touchZone":"none","type":4,"width":15.7401}],"r":[[0.871394,0.476302,0.117513],[-0.374631,0.800715,-0.467448],[-0.316741,0.363307,0.876175]],"s":2.00301,"t":[-4.20127,-63.3365,-34.4706],"timestamp":93448467069},false],[2,{"currentFrameRate":55.3586,"devices":[],"gestures":[],"hands":[{"armBasis":[[0.973782,-0.0937473,-0.207269],[0.146157,0.956028,0.254262],[0.174318,-0.277889,0.944664]],"armWidth":62.4607,"confidence":0.783153,"direction":[0.141749,0.592645,-0.792893],"elbow":[49.9309,128.489,300.728],"grabStrength":0,"id":470,"palmNormal":[-0.0991573,-0.788451,-0.607052],"palmPosition":[3.51891,231.298,5.77288],"palmVelocity":[85.6542,64.29,19.2472],"palmWidth":89.1918,"pinchStrength":0.273083,"r":[[0.871478,0.475412,0.120455],[-0.373093,0.802075,-0.466345],[-0.31832,0.361469,0.876363]],"s":2.00425,"sphereCenter":[-17.6183,218.543,-32.8608],"sphereRadius":48.8235,"stabilizedPalmPosition":[3.44559,231.237,5.7564],"t":[-2.66692,-62.1744,-34.1276],"timeVisible":16.1789,"type":"right","wrist":[3.79509,202.036,50.7096]}],"id":1682705,"interactionBox":{"center":[0,200,0],"size":[235.247,235.247,147.751]},"pointables":[{"bases":[[[0.512679,0.754594,0.40957],[-0.803636,0.253844,0.538268],[0.302207,-0.605105,0.736559]],[[0.485873,0.802142,0.347124],[-0.742766,0.169612,0.647712],[0.46068,-0.572538,0.678214]],[[0.485873,0.802142,0.347124],[-0.858526,0.512473,0.017453],[-0.163892,-0.306495,0.937657]],[[0.485873,0.802142,0.347124],[-0.572253,0.592145,-0.567354],[-0.660647,0.0770188,0.746736]]],"btipPosition":[-27.1616,232.794,-36.1932],"carpPosition":[-25.2535,196.302,45.4616],"dipPosition":[-42.3175,234.561,-19.0623],"direction":[0.163892,0.306495,-0.937657],"extended":false,"handId":470,"id":4700,"length":51.0864,"mcpPosition":[-25.2535,196.302,45.4616],"pipPosition":[-47.7951,224.317,12.2759],"stabilizedTipPosition":[-30.7289,233.104,-32.2763],"timeVisible":16.1789,"tipPosition":[-30.7025,232.321,-32.786],"tipVelocity":[90.424,96.3519,24.9486],"tool":false,"touchDistance":-0.0260763,"touchZone":"touching","type":0,"width":19.8498},{"bases":[[[0.994742,-0.0628261,-0.0808836],[0.0942577,0.870495,0.483067],[0.0400595,-0.488151,0.871839]],[[0.994722,-0.0625889,-0.0813071],[0.0949348,0.862051,0.497851],[0.0389309,-0.502943,0.863443]],[[0.994722,-0.0625889,-0.0813071],[0.0860531,0.940459,0.328835],[0.0558845,-0.334096,0.940881]],[[0.994722,-0.0625889,-0.0813071],[0.0767028,0.979916,0.184068],[0.0681536,-0.189333,0.979545]]],"btipPosition":[-21.0733,283.8,-88.7338],"carpPosition":[-14.0794,216.329,49.1993],"dipPosition":[-19.9319,280.629,-72.3284],"direction":[-0.0558845,0.334096,-0.940881],"extended":true,"handId":470,"id":4701,"length":57.6453,"mcpPosition":[-16.9683,251.532,-13.674],"pipPosition":[-18.6078,272.713,-50.0364],"stabilizedTipPosition":[-20.8974,282.995,-84.9811],"timeVisible":16.1789,"tipPosition":[-20.7847,283.456,-84.7595],"tipVelocity":[108.834,86.1366,25.0956],"tool":false,"touchDistance":-0.0852354,"touchZone":"touching","type":1,"width":18.9605},{"bases":[[[0.960267,-0.275671,-0.0435094],[0.26193,0.836413,0.481462],[-0.0963333,-0.473729,0.875386]],[[0.962876,-0.260232,-0.0717495],[0.107809,0.614396,-0.781598],[0.24748,0.744847,0.619643]],[[0.962876,-0.260232,-0.0717495],[-0.225328,-0.628465,-0.744486],[0.148647,0.733015,-0.663772]],[[0.962876,-0.260232,-0.0717495],[-0.269858,-0.934609,-0.231697],[-0.00676261,0.242458,-0.970138]]],"btipPosition":[-11.1915,189.62,-4.23476],"carpPosition":[-2.06791,217.313,48.5361],"dipPosition":[-11.3161,194.086,-22.1053],"direction":[-0.148647,-0.733015,0.663772],"extended":false,"handId":470,"id":4702,"length":65.6822,"mcpPosition":[4.52024,249.711,-11.3308],"pipPosition":[-7.17263,214.519,-40.6075],"stabilizedTipPosition":[-14.2003,188.591,-8.73036],"timeVisible":16.1789,"tipPosition":[-11.1614,190.792,-8.32638],"tipVelocity":[90.183,65.145,7.3473],"tool":false,"touchDistance":0.333333,"touchZone":"none","type":2,"width":18.6218},{"bases":[[[0.913128,-0.404642,0.049615],[0.326663,0.799052,0.504784],[-0.243902,-0.444725,0.861819]],[[0.916915,-0.397472,0.0358141],[0.263524,0.535627,-0.802284],[0.299702,0.745064,0.595868]],[[0.916915,-0.397472,0.0358141],[-0.249345,-0.640641,-0.726227],[0.311599,0.656959,-0.686521]],[[0.916915,-0.397472,0.0358141],[-0.380116,-0.897152,-0.225014],[0.121567,0.192705,-0.973697]]],"btipPosition":[0.910128,188.436,5.19648],"carpPosition":[9.74779,215.129,47.7357],"dipPosition":[3.1366,191.965,-12.6365],"direction":[-0.311599,-0.656959,0.686521],"extended":false,"handId":470,"id":4703,"length":63.1552,"mcpPosition":[24.7239,242.436,-5.18173],"pipPosition":[11.5979,209.805,-31.2787],"stabilizedTipPosition":[-1.6507,187.167,0.647839],"timeVisible":16.1789,"tipPosition":[1.43029,189.388,1.20408],"tipVelocity":[89.004,64.2858,11.1701],"tool":false,"touchDistance":0.333333,"touchZone":"none","type":3,"width":17.7198},{"bases":[[[0.812152,-0.579822,0.0649363],[0.441871,0.683938,0.580499],[-0.380998,-0.44276,0.811668]],[[0.757063,-0.631452,0.1677],[0.525218,0.435544,-0.731059],[0.388589,0.641537,0.661384]],[[0.757063,-0.631452,0.1677],[-0.291959,-0.556601,-0.777789],[0.584478,0.539874,-0.60574]],[[0.757063,-0.631452,0.1677],[-0.566329,-0.762237,-0.313473],[0.32577,0.142345,-0.934672]]],"btipPosition":[11.6464,196.25,4.07115],"carpPosition":[20.1694,206.075,45.7238],"dipPosition":[17.1506,198.655,-11.7212],"direction":[-0.584478,-0.539874,0.60574],"extended":false,"handId":470,"id":4704,"length":49.5125,"mcpPosition":[41.825,231.241,-0.410781],"pipPosition":[28.3564,209.005,-23.3346],"stabilizedTipPosition":[9.80378,194.683,-0.233622],"timeVisible":16.1789,"tipPosition":[13.0863,196.851,0.37401],"tipVelocity":[88.9261,65.0591,16.9075],"tool":false,"touchDistance":0.333333,"touchZone":"none","type":4,"width":15.7401}],"r":[[0.871478,0.475412,0.120455],[-0.373093,0.802075,-0.466345],[-0.31832,0.361469,0.876363]],"s":2.00425,"t":[-2.66692,-62.1744,-34.1276],"timestamp":93448484815},false],[3,{"currentFrameRate":55.357,"devices":[],"gestures":[],"hands":[{"armBasis":[[0.974121,-0.0880907,-0.208155],[0.143877,0.951918,0.270466],[0.174321,-0.293416,0.939957]],"armWidth":62.4607,"confidence":0.797374,"direction":[0.144209,0.594728,-0.790887],"elbow":[51.2119,125.9,299.876],"grabStrength":0,"id":470,"palmNormal":[-0.0970979,-0.78688,-0.609419],"palmPosition":[4.93937,232.936,6.24191],"palmVelocity":[82.3069,76.81,22.4346],"palmWidth":89.1918,"pinchStrength":0.263503,"r":[[0.871449,0.474654,0.123613],[-0.371587,0.803392,-0.465279],[-0.320156,0.359533,0.876491]],"s":2.00581,"sphereCenter":[-16.1385,220.358,-32.4976],"sphereRadius":48.8964,"stabilizedPalmPosition":[4.88673,232.876,6.22481],"t":[-1.18952,-60.7744,-33.7216],"timeVisible":16.197,"type":"right","wrist":[5.07548,203.557,51.1028]}],"id":1682706,"interactionBox":{"center":[0,200,0],"size":[235.247,235.247,147.751]},"pointables":[{"bases":[[[0.511256,0.753592,0.413178],[-0.805395,0.252334,0.536346],[0.299927,-0.606982,0.735946]],[[0.486386,0.798508,0.354701],[-0.743826,0.165421,0.647579],[0.458422,-0.578809,0.67441]],[[0.486386,0.798508,0.354701],[-0.858025,0.513164,0.021331],[-0.164987,-0.314718,0.934736]],[[0.486386,0.798508,0.354701],[-0.572933,0.597969,-0.560519],[-0.659679,0.0694088,0.748336]]],"btipPosition":[-25.7385,235.081,-35.661],"carpPosition":[-23.9553,197.833,45.7468],"dipPosition":[-40.8722,236.673,-18.4934],"direction":[0.164987,0.314718,-0.934736],"extended":false,"handId":470,"id":4700,"length":51.0864,"mcpPosition":[-23.9553,197.833,45.7468],"pipPosition":[-46.3864,226.155,12.7472],"stabilizedTipPosition":[-29.2754,235.36,-31.7334],"timeVisible":16.197,"tipPosition":[-29.2204,234.487,-32.2425],"tipVelocity":[85.0139,109.651,27.31],"tool":false,"touchDistance":-0.02666,"touchZone":"touching","type":0,"width":19.8498},{"bases":[[[0.995005,-0.0624833,-0.0778544],[0.0925846,0.869246,0.485634],[0.0373306,-0.490416,0.870688]],[[0.995059,-0.0632109,-0.0765625],[0.0933207,0.858703,0.503906],[0.0338921,-0.508561,0.860359]],[[0.995059,-0.0632109,-0.0765625],[0.0854614,0.937818,0.336442],[0.0505349,-0.341322,0.938587]],[[0.995059,-0.0632109,-0.0765625],[0.0769664,0.978242,0.192661],[0.0627184,-0.197602,0.978274]]],"btipPosition":[-19.1632,286.032,-88.0721],"carpPosition":[-12.7961,217.852,49.5724],"dipPosition":[-18.1128,282.722,-71.688],"direction":[-0.0505349,0.341322,-0.938587],"extended":true,"handId":470,"id":4701,"length":57.6453,"mcpPosition":[-15.4882,253.218,-13.2178],"pipPosition":[-16.9155,274.635,-49.4504],"stabilizedTipPosition":[-18.9866,285.196,-84.3261],"timeVisible":16.197,"tipPosition":[-18.9666,285.496,-84.1653],"tipVelocity":[106.797,103.062,30.441],"tool":false,"touchDistance":-0.0837505,"touchZone":"touching","type":1,"width":18.9605},{"bases":[[[0.96044,-0.275429,-0.0411458],[0.260266,0.83519,0.484478],[-0.099075,-0.476021,0.873835]],[[0.963136,-0.259933,-0.0693087],[0.110232,0.616349,-0.779719],[0.245393,0.743336,0.622281]],[[0.963136,-0.259933,-0.0693087],[-0.222842,-0.62657,-0.746828],[0.150698,0.734742,-0.661396]],[[0.963136,-0.259933,-0.0693087],[-0.26899,-0.934019,-0.235058],[-0.00363635,0.245036,-0.969507]]],"btipPosition":[-9.73494,191.279,-3.9169],"carpPosition":[-0.782675,218.839,48.9504],"dipPosition":[-9.80192,195.792,-21.7758],"direction":[-0.150698,-0.734742,0.661396],"extended":false,"handId":470,"id":4702,"length":65.6822,"mcpPosition":[5.99298,251.394,-10.8104],"pipPosition":[-5.6013,216.273,-40.2118],"stabilizedTipPosition":[-12.4749,190.036,-8.45666],"timeVisible":16.197,"tipPosition":[-9.69159,192.461,-8.00731],"tipVelocity":[85.982,78.0826,12.2839],"tool":false,"touchDistance":0.333333,"touchZone":"none","type":2,"width":18.6218},{"bases":[[[0.913021,-0.404649,0.0514905],[0.324929,0.797777,0.50791],[-0.246603,-0.447002,0.85987]],[[0.916872,-0.397402,0.0376444],[0.265322,0.536238,-0.801282],[0.298245,0.744661,0.597101]],[[0.916872,-0.397402,0.0376444],[-0.247582,-0.640106,-0.727301],[0.313128,0.657522,-0.685285]],[[0.916872,-0.397402,0.0376444],[-0.379397,-0.896867,-0.227347],[0.12411,0.194166,-0.973086]]],"btipPosition":[2.33978,190.081,5.6639],"carpPosition":[11.0358,216.658,48.1822],"dipPosition":[4.61283,193.637,-12.1579],"direction":[-0.313128,-0.657522,0.685285],"extended":false,"handId":470,"id":4703,"length":63.1552,"mcpPosition":[26.1778,244.105,-4.61553],"pipPosition":[13.1157,211.492,-30.7665],"stabilizedTipPosition":[0.0334891,188.56,0.990047],"timeVisible":16.197,"tipPosition":[2.87069,191.033,1.62404],"tipVelocity":[84.5887,77.1508,18.2203],"tool":false,"touchDistance":0.333333,"touchZone":"none","type":3,"width":17.7198},{"bases":[[[0.812021,-0.579881,0.0660311],[0.43991,0.682481,0.583694],[-0.383538,-0.444924,0.809284]],[[0.75688,-0.631582,0.16804],[0.52975,0.442298,-0.723697],[0.38275,0.636771,0.669347]],[[0.75688,-0.631582,0.16804],[-0.285817,-0.551101,-0.783962],[0.587743,0.545336,-0.597634]],[[0.75688,-0.631582,0.16804],[-0.563944,-0.761091,-0.320482],[0.330304,0.147801,-0.932231]]],"btipPosition":[13.1496,197.877,4.19036],"carpPosition":[21.4651,207.611,46.1802],"dipPosition":[18.7305,200.374,-11.5607],"direction":[-0.587743,-0.545336,0.597634],"extended":false,"handId":470,"id":4704,"length":49.5125,"mcpPosition":[43.2651,232.9,0.181086],"pipPosition":[29.9988,210.83,-23.0187],"stabilizedTipPosition":[11.5185,196.079,0.0631455],"timeVisible":16.197,"tipPosition":[14.5675,198.501,0.615093],"tipVelocity":[86.6646,77.4948,12.2586],"tool":false,"touchDistance":0.333333,"touchZone":"none","type":4,"width":15.7401}],"r":[[0.871449,0.474654,0.123613],[-0.371587,0.803392,-0.465279],[-0.320156,0.359533,0.876491]],"s":2.00581,"t":[-1.18952,-60.7744,-33.7216],"timestamp":93448502885},false],[4,{"currentFrameRate":55.3455,"devices":[],"gestures":[],"hands":[{"armBasis":[[0.975174,-0.0836255,-0.205042],[0.140716,0.948978,0.282204],[0.170981,-0.304051,0.937186]],"armWidth":62.4607,"confidence":0.801719,"direction":[0.145871,0.595619,-0.789911],"elbow":[51.5833,124.453,299.466],"grabStrength":0,"id":470,"palmNormal":[-0.0942083,-0.78646,-0.610414],"palmPosition":[6.29463,234.343,6.592],"palmVelocity":[78.7558,77.251,20.9589],"palmWidth":89.1918,"pinchStrength":0.253303,"r":[[0.87122,0.474244,0.126759],[-0.370305,0.804431,-0.464505],[-0.322258,0.357747,0.876451]],"s":2.00767,"sphereCenter":[-14.6664,221.835,-32.2258],"sphereRadius":48.9578,"stabilizedPalmPosition":[6.24843,234.295,6.57995],"t":[0.226813,-59.3706,-33.3435],"timeVisible":16.2151,"type":"right","wrist":[6.33077,204.925,51.427]}],"id":1682707,"interactionBox":{"center":[0,200,0],"size":[235.247,235.247,147.751]},"pointables":[{"bases":[[[0.509011,0.753881,0.415418],[-0.807365,0.250817,0.534091],[0.298447,-0.607252,0.736325]],[[0.485914,0.79612,0.360667],[-0.745085,0.161611,0.647093],[0.456876,-0.583159,0.671707]],[[0.485914,0.79612,0.360667],[-0.858239,0.512657,0.0246603],[-0.165266,-0.321522,0.932368]],[[0.485914,0.79612,0.360667],[-0.575325,0.602,-0.553712],[-0.657943,0.0615551,0.750548]]],"btipPosition":[-24.414,237.037,-35.2705],"carpPosition":[-22.676,199.169,45.9766],"dipPosition":[-39.5079,238.449,-18.0521],"direction":[0.165266,0.321522,-0.932368],"extended":false,"handId":470,"id":4700,"length":51.0864,"mcpPosition":[-22.676,199.169,45.9766],"pipPosition":[-45.0314,227.703,13.1093],"stabilizedTipPosition":[-27.9255,237.304,-31.3224],"timeVisible":16.2151,"tipPosition":[-27.831,236.326,-31.8292],"tipVelocity":[79.6061,107.776,24.8838],"tool":false,"touchDistance":-0.0282946,"touchZone":"touching","type":0,"width":19.8498},{"bases":[[[0.995319,-0.061132,-0.0748498],[0.0899692,0.86893,0.486689],[0.035287,-0.491145,0.870363]],[[0.995437,-0.0628491,-0.0718059],[0.0907115,0.856813,0.507585],[0.029623,-0.511782,0.858604]],[[0.995437,-0.0628491,-0.0718059],[0.0837381,0.936155,0.341469],[0.0457604,-0.345924,0.937146]],[[0.995437,-0.0628491,-0.0718059],[0.0760204,0.977124,0.198621],[0.05768,-0.203174,0.977442]]],"btipPosition":[-17.3969,287.768,-87.6448],"carpPosition":[-11.5544,219.198,49.8544],"dipPosition":[-16.4309,284.366,-71.2746],"direction":[-0.0457604,0.345924,-0.937146],"extended":true,"handId":470,"id":4701,"length":57.6453,"mcpPosition":[-14.0992,254.617,-12.9124],"pipPosition":[-15.3467,276.17,-49.0711],"stabilizedTipPosition":[-17.2217,286.939,-83.8912],"timeVisible":16.2151,"tipPosition":[-17.2835,287.095,-83.7879],"tipVelocity":[101.884,99.0942,27.1016],"tool":false,"touchDistance":-0.0848482,"touchZone":"touching","type":1,"width":18.9605},{"bases":[[[0.960917,-0.274155,-0.038437],[0.257697,0.835092,0.486018],[-0.101146,-0.476928,0.873103]],[[0.963676,-0.258651,-0.0665395],[0.11182,0.617012,-0.778969],[0.242537,0.743233,0.623522]],[[0.963676,-0.258651,-0.0665395],[-0.21974,-0.626275,-0.747994],[0.151797,0.735445,-0.660362]],[[0.963676,-0.258651,-0.0665395],[-0.267071,-0.934148,-0.23673],[-0.000927269,0.245902,-0.969294]]],"btipPosition":[-8.29669,192.672,-3.63846],"carpPosition":[0.459536,220.201,49.2702],"dipPosition":[-8.31377,197.202,-21.4935],"direction":[-0.151797,-0.735445,0.660362],"extended":false,"handId":470,"id":4702,"length":65.6822,"mcpPosition":[7.37683,252.818,-10.4406],"pipPosition":[-4.08251,217.702,-39.9007],"stabilizedTipPosition":[-10.8333,191.482,-8.17682],"timeVisible":16.2151,"tipPosition":[-8.24224,193.857,-7.73205],"tipVelocity":[83.1644,77.6426,13.7789],"tool":false,"touchDistance":0.333333,"touchZone":"none","type":2,"width":18.6218},{"bases":[[[0.91338,-0.403518,0.0539382],[0.322336,0.797742,0.509615],[-0.248668,-0.448086,0.85871]],[[0.917282,-0.396219,0.0400437],[0.26648,0.535964,-0.801082],[0.295942,0.745489,0.597214]],[[0.917282,-0.396219,0.0400437],[-0.245099,-0.64094,-0.727408],[0.313878,0.657424,-0.685036]],[[0.917282,-0.396219,0.0400437],[-0.377657,-0.897376,-0.228236],[0.126366,0.194234,-0.972782]]],"btipPosition":[3.75306,191.491,6.07197],"carpPosition":[12.2832,218.037,48.5364],"dipPosition":[6.06742,195.048,-11.7443],"direction":[-0.313878,-0.657424,0.685036],"extended":false,"handId":470,"id":4703,"length":63.1552,"mcpPosition":[27.5519,245.55,-4.19015],"pipPosition":[14.5906,212.9,-30.3461],"stabilizedTipPosition":[1.62868,189.966,1.35929],"timeVisible":16.2151,"tipPosition":[4.29351,192.437,1.9911],"tipVelocity":[81.7261,77.4954,20.307],"tool":false,"touchDistance":0.333333,"touchZone":"none","type":3,"width":17.7198},{"bases":[[[0.812562,-0.578893,0.0680124],[0.437232,0.682526,0.58565],[-0.385449,-0.44614,0.807705]],[[0.757361,-0.630614,0.1695],[0.531096,0.443842,-0.721762],[0.379922,0.636656,0.671065]],[[0.757361,-0.630614,0.1695],[-0.282767,-0.550692,-0.785354],[0.588597,0.546867,-0.59539]],[[0.757361,-0.630614,0.1695],[-0.561869,-0.761595,-0.322919],[0.332728,0.149329,-0.931125]]],"btipPosition":[14.564,199.288,4.53702],"carpPosition":[22.7302,209.005,46.5584],"dipPosition":[20.1859,201.811,-11.1954],"direction":[-0.588597,-0.546867,0.59539],"extended":false,"handId":470,"id":4704,"length":49.5125,"mcpPosition":[44.6389,234.363,0.649021],"pipPosition":[31.4706,212.296,-22.6104],"stabilizedTipPosition":[13.1539,197.507,0.3856],"timeVisible":16.2151,"tipPosition":[15.9864,199.921,0.964796],"tipVelocity":[82.842,77.8606,15.6476],"tool":false,"touchDistance":0.333333,"touchZone":"none","type":4,"width":15.7401}],"r":[[0.87122,0.474244,0.126759],[-0.370305,0.804431,-0.464505],[-0.322258,0.357747,0.876451]],"s":2.00767,"t":[0.226813,-59.3706,-33.3435],"timestamp":93448520993},false],[5,{"currentFrameRate":55.3464,"devices":[],"gestures":[],"hands":[{"armBasis":[[0.978305,-0.0807126,-0.190798],[0.134475,0.947994,0.288487],[0.157591,-0.307886,0.938281]],"armWidth":62.4607,"confidence":0.806379,"direction":[0.144999,0.601506,-0.785599],"elbow":[49.4494,125.228,299.351],"grabStrength":0,"id":470,"palmNormal":[-0.0878214,-0.783033,-0.615749],"palmPosition":[7.68011,236.42,6.3763],"palmVelocity":[77.7767,95.163,5.33246],"palmWidth":89.1918,"pinchStrength":0.247811,"r":[[0.870412,0.47473,0.130441],[-0.369894,0.805438,-0.463085],[-0.324902,0.354825,0.876663]],"s":2.00922,"sphereCenter":[-13.0709,224.055,-32.608],"sphereRadius":48.9768,"stabilizedPalmPosition":[7.6481,236.373,6.38086],"t":[1.62772,-57.6303,-33.2623],"timeVisible":16.2331,"type":"right","wrist":[7.74077,206.714,51.0214]}],"id":1682708,"interactionBox":{"center":[0,200,0],"size":[235.247,235.247,147.751]},"pointables":[{"bases":[[[0.503417,0.754049,0.421878],[-0.810459,0.242816,0.533101],[0.299546,-0.610287,0.733363]],[[0.481386,0.794633,0.369899],[-0.7475,0.151803,0.646684],[0.457725,-0.587804,0.667064]],[[0.481386,0.794633,0.369899],[-0.860702,0.508333,0.0280934],[-0.165708,-0.331897,0.928647]],[[0.481386,0.794633,0.369899],[-0.577997,0.605044,-0.547577],[-0.658929,0.0497953,0.750555]]],"btipPosition":[-22.9577,239.542,-35.4545],"carpPosition":[-21.2155,200.83,45.4413],"dipPosition":[-38.0742,240.684,-18.2359],"direction":[0.165708,0.331897,-0.928647],"extended":false,"handId":470,"id":4700,"length":51.0864,"mcpPosition":[-21.2155,200.83,45.4413],"pipPosition":[-43.6125,229.592,12.8011],"stabilizedTipPosition":[-26.4623,239.758,-31.491],"timeVisible":16.2331,"tipPosition":[-26.3616,238.751,-32.0131],"tipVelocity":[79.9486,120.815,8.22809],"tool":false,"touchDistance":-0.0426079,"touchZone":"touching","type":0,"width":19.8498},{"bases":[[[0.995881,-0.0550344,-0.072052],[0.0835075,0.866272,0.492543],[0.0353098,-0.496531,0.8673]],[[0.996045,-0.0575105,-0.067725],[0.0842595,0.853235,0.514675],[0.0281862,-0.518346,0.854706]],[[0.996045,-0.0575105,-0.067725],[0.0776841,0.933638,0.349692],[0.0431197,-0.35357,0.934414]],[[0.996045,-0.0575105,-0.067725],[0.0704468,0.975685,0.207546],[0.0541422,-0.211496,0.975878]]],"btipPosition":[-15.8817,290.452,-87.54],"carpPosition":[-10.2199,220.896,49.4831],"dipPosition":[-14.9749,286.91,-71.1961],"direction":[-0.0431197,0.35357,-0.934414],"extended":true,"handId":470,"id":4701,"length":57.6453,"mcpPosition":[-12.7662,256.703,-13.0628],"pipPosition":[-13.9533,278.533,-49.0573],"stabilizedTipPosition":[-15.701,289.589,-83.7829],"timeVisible":16.2331,"tipPosition":[-15.8236,289.689,-83.7126],"tipVelocity":[92.973,121.742,16.824],"tool":false,"touchDistance":-0.0936612,"touchZone":"touching","type":1,"width":18.9605},{"bases":[[[0.96257,-0.268478,-0.0371179],[0.251426,0.833385,0.492193],[-0.10121,-0.483103,0.869695]],[[0.96533,-0.252786,-0.0650981],[0.1108,0.622611,-0.774648],[0.236351,0.740578,0.629033]],[[0.96533,-0.252786,-0.0650981],[-0.213815,-0.622669,-0.752706],[0.149739,0.740529,-0.65513]],[[0.96533,-0.252786,-0.0650981],[-0.261032,-0.934085,-0.243612],[0.000774513,0.252159,-0.967686]]],"btipPosition":[-6.64354,194.732,-4.16749],"carpPosition":[1.79003,221.971,48.9439],"dipPosition":[-6.62927,199.377,-21.9928],"direction":[-0.149739,-0.740529,0.65513],"extended":false,"handId":470,"id":4702,"length":65.6822,"mcpPosition":[8.71166,255.01,-10.5338],"pipPosition":[-2.45539,220.019,-40.2542],"stabilizedTipPosition":[-9.12295,193.244,-8.21374],"timeVisible":16.2331,"tipPosition":[-6.58276,195.944,-8.25352],"tipVelocity":[87.3186,95.6344,-6.49648],"tool":false,"touchDistance":0.333333,"touchZone":"none","type":2,"width":18.6218},{"bases":[[[0.915474,-0.3987,0.0542721],[0.3162,0.796249,0.515756],[-0.248846,-0.455001,0.855015]],[[0.919385,-0.391277,0.0404142],[0.267125,0.545621,-0.794318],[0.288747,0.74108,0.606156]],[[0.919385,-0.391277,0.0404142],[-0.237929,-0.634977,-0.734979],[0.313242,0.666113,-0.676884]],[[0.919385,-0.391277,0.0404142],[-0.371523,-0.89751,-0.237584],[0.129233,0.203416,-0.970526]]],"btipPosition":[5.38867,193.545,5.34233],"carpPosition":[13.628,219.878,48.2341],"dipPosition":[7.75554,197.271,-12.4326],"direction":[-0.313242,-0.666113,0.676884],"extended":false,"handId":470,"id":4703,"length":63.1552,"mcpPosition":[28.9076,247.816,-4.26552],"pipPosition":[16.2615,215.359,-30.8131],"stabilizedTipPosition":[3.31042,191.7,1.31819],"timeVisible":16.2331,"tipPosition":[5.93719,194.525,1.35746],"tipVelocity":[86.2303,95.7259,-8.27342],"tool":false,"touchDistance":0.333333,"touchZone":"none","type":3,"width":17.7198},{"bases":[[[0.815606,-0.574727,0.0668971],[0.431505,0.681196,0.591418],[-0.385474,-0.453497,0.803586]],[[0.760626,-0.627218,0.16747],[0.530235,0.451384,-0.717707],[0.374566,0.634705,0.675907]],[[0.760626,-0.627218,0.16747],[-0.277625,-0.547459,-0.789439],[0.586833,0.553973,-0.590543]],[[0.760626,-0.627218,0.16747],[-0.556531,-0.76281,-0.329232],[0.334248,0.15722,-0.929279]]],"btipPosition":[16.1612,201.418,4.15253],"carpPosition":[24.1322,210.918,46.2316],"dipPosition":[21.8087,204.074,-11.5487],"direction":[-0.586833,-0.553973,0.590543],"extended":false,"handId":470,"id":4704,"length":49.5125,"mcpPosition":[46.0422,236.694,0.556439],"pipPosition":[33.0596,214.695,-22.8708],"stabilizedTipPosition":[14.8516,199.29,0.44696],"timeVisible":16.2331,"tipPosition":[17.5842,202.083,0.575714],"tipVelocity":[85.6439,97.6711,-1.7058],"tool":false,"touchDistance":0.333333,"touchZone":"none","type":4,"width":15.7401}],"r":[[0.870412,0.47473,0.130441],[-0.369894,0.805438,-0.463085],[-0.324902,0.354825,0.876663]],"s":2.00922,"t":[1.62772,-57.6303,-33.2623],"timestamp":93448539058},false],[6,{"currentFrameRate":55.3443,"devices":[],"gestures":[],"hands":[{"armBasis":[[0.979596,-0.0780924,-0.185186],[0.13063,0.947645,0.291385],[0.152736,-0.309631,0.93851]],"armWidth":62.4607,"confidence":0.768974,"direction":[0.145557,0.606126,-0.781937],"elbow":[49.1892,125.832,299.318],"grabStrength":0,"id":470,"palmNormal":[-0.0831767,-0.780059,-0.620153],"palmPosition":[8.75171,237.721,6.44059],"palmVelocity":[68.9884,84.1535,4.48836],"palmWidth":89.1918,"pinchStrength":0.244177,"r":[[0.869352,0.47555,0.13446],[-0.369804,0.806481,-0.461339],[-0.327829,0.351342,0.876976]],"s":2.01057,"sphereCenter":[-11.7926,225.548,-32.6679],"sphereRadius":48.9869,"stabilizedPalmPosition":[8.72971,237.695,6.43939],"t":[2.86397,-56.1094,-33.1896],"timeVisible":16.2512,"type":"right","wrist":[8.76553,207.78,50.9285]}],"id":1682709,"interactionBox":{"center":[0,200,0],"size":[235.247,235.247,147.751]},"pointables":[{"bases":[[[0.499501,0.753485,0.427503],[-0.813012,0.237294,0.531699],[0.299183,-0.613149,0.731121]],[[0.478168,0.793152,0.37718],[-0.749903,0.145165,0.645425],[0.457167,-0.59147,0.664201]],[[0.478168,0.793152,0.37718],[-0.862126,0.50585,0.0292293],[-0.167613,-0.339153,0.925679]],[[0.478168,0.793152,0.37718],[-0.578151,0.607548,-0.544634],[-0.661133,0.0423594,0.749072]]],"btipPosition":[-21.7531,241.134,-35.4004],"carpPosition":[-20.1524,201.829,45.222],"dipPosition":[-36.9202,242.105,-18.2159],"direction":[0.167613,0.339153,-0.925679],"extended":false,"handId":470,"id":4700,"length":51.0864,"mcpPosition":[-20.1524,201.829,45.222],"pipPosition":[-42.5221,230.77,12.7219],"stabilizedTipPosition":[-25.2559,241.338,-31.4484],"timeVisible":16.2512,"tipPosition":[-25.1706,240.314,-31.9651],"tipVelocity":[73.3202,104.222,5.53399],"tool":false,"touchDistance":-0.048432,"touchZone":"touching","type":0,"width":19.8498},{"bases":[[[0.996291,-0.0513322,-0.0690571],[0.0789878,0.863933,0.497374],[0.0341295,-0.500984,0.864784]],[[0.996501,-0.0547472,-0.0631587],[0.0797357,0.849293,0.521865],[0.0250696,-0.525075,0.850687]],[[0.996501,-0.0547472,-0.0631587],[0.0738665,0.93044,0.358923],[0.0391153,-0.362333,0.931228]],[[0.996501,-0.0547472,-0.0631587],[0.0673192,0.973572,0.218234],[0.0495419,-0.221722,0.973851]]],"btipPosition":[-14.5109,292.45,-87.1572],"carpPosition":[-9.23739,221.91,49.4058],"dipPosition":[-13.6812,288.736,-70.8472],"direction":[-0.0391153,0.362333,-0.931228],"extended":true,"handId":470,"id":4701,"length":57.6453,"mcpPosition":[-11.6987,258.039,-12.9586],"pipPosition":[-12.7544,280.152,-48.7839],"stabilizedTipPosition":[-14.3382,291.569,-83.4108],"timeVisible":16.2512,"tipPosition":[-14.5194,291.544,-83.3802],"tipVelocity":[84.3621,115.372,18.6885],"tool":false,"touchDistance":-0.0955803,"touchZone":"touching","type":1,"width":18.9605},{"bases":[[[0.963581,-0.265067,-0.0353583],[0.247016,0.831609,0.497404],[-0.102441,-0.488023,0.866798]],[[0.966367,-0.249306,-0.063093],[0.111066,0.625881,-0.77197],[0.231945,0.738999,0.632521]],[[0.966367,-0.249306,-0.063093],[-0.209399,-0.6204,-0.755815],[0.149286,0.743606,-0.651739]],[[0.966367,-0.249306,-0.063093],[-0.257147,-0.933815,-0.248725],[0.00309145,0.256584,-0.966517]]],"btipPosition":[-5.40074,196.034,-4.28235],"carpPosition":[2.77052,223.028,48.9118],"dipPosition":[-5.34379,200.76,-22.0862],"direction":[-0.149286,-0.743606,0.651739],"extended":false,"handId":470,"id":4702,"length":65.6822,"mcpPosition":[9.77639,256.404,-10.3678],"pipPosition":[-1.18253,221.488,-40.253],"stabilizedTipPosition":[-7.58185,194.843,-8.28119],"timeVisible":16.2512,"tipPosition":[-5.33175,197.263,-8.39655],"tipVelocity":[78.7549,84.8855,-6.29871],"tool":false,"touchDistance":0.333333,"touchZone":"none","type":2,"width":18.6218},{"bases":[[[0.916623,-0.395926,0.0551885],[0.311836,0.794565,0.520985],[-0.250122,-0.460336,0.85178]],[[0.92056,-0.388405,0.0413614],[0.268952,0.553505,-0.788224],[0.283256,0.736732,0.613997]],[[0.92056,-0.388405,0.0413614],[-0.232229,-0.629379,-0.741588],[0.314068,0.673071,-0.66958]],[[0.92056,-0.388405,0.0413614],[-0.367421,-0.896997,-0.24576],[0.132555,0.21104,-0.968448]]],"btipPosition":[6.61394,194.835,4.95702],"carpPosition":[14.6177,220.978,48.23],"dipPosition":[9.04166,198.701,-12.7799],"direction":[-0.314068,-0.673071,0.66958],"extended":false,"handId":470,"id":4703,"length":63.1552,"mcpPosition":[29.9757,249.244,-4.071],"pipPosition":[17.57,216.977,-30.962],"stabilizedTipPosition":[4.83207,193.285,1.14457],"timeVisible":16.2512,"tipPosition":[7.17243,195.841,1.05552],"tipVelocity":[77.8328,84.995,-14.241],"tool":false,"touchDistance":0.333333,"touchZone":"none","type":3,"width":17.7198},{"bases":[[[0.817304,-0.57235,0.0665564],[0.427278,0.679499,0.596419],[-0.386585,-0.459017,0.799909]],[[0.76272,-0.62512,0.165781],[0.529629,0.45664,-0.714824],[0.371148,0.633013,0.67937]],[[0.76272,-0.62512,0.165781],[-0.274357,-0.544881,-0.792359],[0.58565,0.558865,-0.587098]],[[0.76272,-0.62512,0.165781],[-0.552962,-0.763285,-0.334109],[0.335396,0.163161,-0.927841]]],"btipPosition":[17.3723,202.742,4.13445],"carpPosition":[25.1584,212.064,46.215],"dipPosition":[23.0392,205.499,-11.5425],"direction":[-0.58565,-0.558865,0.587098],"extended":false,"handId":470,"id":4704,"length":49.5125,"mcpPosition":[47.1316,238.154,0.748757],"pipPosition":[34.2674,216.214,-22.7985],"stabilizedTipPosition":[16.3856,200.929,0.479772],"timeVisible":16.2512,"tipPosition":[18.7914,203.436,0.534595],"tipVelocity":[76.9011,86.6848,-1.22338],"tool":false,"touchDistance":0.333333,"touchZone":"none","type":4,"width":15.7401}],"r":[[0.869352,0.47555,0.13446],[-0.369804,0.806481,-0.461339],[-0.327829,0