{"sensorType":"Leap","data":[[0,{"currentFrameRate":55.2837,"devices":[],"gestures":[],"hands":[{"armBasis":[[0.964071,-0.135067,-0.228744],[0.220021,0.888511,0.402665],[0.148855,-0.438527,0.886305]],"armWidth":62.4607,"confidence":0.717225,"direction":[0.122421,0.698792,-0.704771],"elbow":[55.875,139.024,294.472],"grabStrength":0,"id":470,"palmNormal":[-0.188381,-0.680843,-0.707789],"palmPosition":[14.8797,290.832,19.9567],"palmVelocity":[40.0309,-6.22029,-64.5704],"palmWidth":89.1918,"pinchStrength":0.24218,"r":[[0.896415,0.417149,0.149756],[-0.364652,0.886202,-0.285788],[-0.25193,0.201576,0.946519]],"s":2.02096,"sphereCenter":[-5.24863,283.907,-18.6967],"sphereRadius":47.7811,"stabilizedPalmPosition":[15.5632,288.037,22.9816],"t":[9.49368,-1.35666,-18.3993],"timeVisible":13.5761,"type":"right","wrist":[16.4784,255.087,59.8986]}],"id":1682561,"interactionBox":{"center":[0,200,0],"size":[235.247,235.247,147.751]},"pointables":[{"bases":[[[0.584492,0.65703,0.47611],[-0.74775,0.208351,0.630444],[0.315022,-0.724501,0.613074]],[[0.540987,0.741683,0.396534],[-0.709951,0.149954,0.688102],[0.450891,-0.653774,0.607681]],[[0.540987,0.741683,0.396534],[-0.836369,0.524013,0.160927],[-0.0884328,-0.418708,0.903805]],[[0.540987,0.741683,0.396534],[-0.670497,0.664969,-0.329015],[-0.507707,-0.0878823,0.857036]]],"btipPosition":[-20.6165,299.666,-23.4835],"carpPosition":[-13.1568,251.666,56.119],"dipPosition":[-32.2638,297.65,-3.82222],"direction":[0.0884328,0.418708,-0.903805],"extended":false,"handId":470,"id":4700,"length":51.0864,"mcpPosition":[-13.1568,251.666,56.119],"pipPosition":[-35.2194,283.656,26.3845],"stabilizedTipPosition":[-21.9288,297.915,-13.284],"timeVisible":13.5761,"tipPosition":[-22.9263,299.855,-18.0937],"tipVelocity":[39.8063,-26.7993,-83.8319],"tool":false,"touchDistance":0.241183,"touchZone":"hovering","type":0,"width":19.8498},{"bases":[[[0.981157,-0.0989705,-0.165937],[0.179929,0.780963,0.598099],[0.0703962,-0.616686,0.784055]],[[0.98217,-0.108955,-0.153204],[0.181532,0.761521,0.622199],[0.0488766,-0.638916,0.767722]],[[0.98217,-0.108955,-0.153204],[0.166647,0.881771,0.441257],[0.0870139,-0.45892,0.884206]],[[0.98217,-0.108955,-0.153204],[0.148782,0.948645,0.27917],[0.114919,-0.296987,0.947941]]],"btipPosition":[-11.6795,357.538,-63.7882],"carpPosition":[-0.5582,270.311,61.911],"dipPosition":[-9.75482,352.564,-47.9122],"direction":[-0.0870139,0.45892,-0.884206],"extended":true,"handId":470,"id":4701,"length":57.6453,"mcpPosition":[-5.63487,314.784,5.36843],"pipPosition":[-7.69322,341.691,-26.9629],"stabilizedTipPosition":[-14.5078,357.539,-54.0362],"timeVisible":13.5761,"tipPosition":[-11.5696,357.353,-59.4637],"tipVelocity":[67.6062,-39.1444,-99.5448],"tool":false,"touchDistance":0.23525,"touchZone":"hovering","type":1,"width":18.9605},{"bases":[[[0.936502,-0.313052,-0.157996],[0.344717,0.739259,0.578504],[-0.064302,-0.596234,0.800232]],[[0.93813,-0.2929,-0.184719],[0.0866794,0.715079,-0.693649],[0.335258,0.634722,0.696225]],[[0.93813,-0.2929,-0.184719],[-0.319385,-0.525746,-0.788406],[0.133809,0.798624,-0.586766]],[[0.93813,-0.2929,-0.184719],[-0.337886,-0.891026,-0.30316],[-0.0757934,0.346818,-0.934865]]],"btipPosition":[-2.35984,252.925,6.42929],"carpPosition":[11.4165,270.788,60.475],"dipPosition":[-3.756,259.314,-10.7915],"direction":[-0.133809,-0.798624,0.586766],"extended":false,"handId":470,"id":4702,"length":65.6822,"mcpPosition":[15.8141,311.564,5.74786],"pipPosition":[-0.0261558,281.575,-27.1473],"stabilizedTipPosition":[-0.158707,251.02,4.94489],"timeVisible":13.5761,"tipPosition":[-2.65439,254.419,2.69047],"tipVelocity":[29.4578,-7.46228,-51.5203],"tool":false,"touchDistance":0.333333,"touchZone":"none","type":2,"width":18.6218},{"bases":[[[0.888163,-0.452213,-0.0816709],[0.408519,0.69562,0.590952],[-0.210424,-0.558226,0.802562]],[[0.890765,-0.445084,-0.0918605],[0.241461,0.634741,-0.73403],[0.385013,0.631667,0.672876]],[[0.890765,-0.445084,-0.0918605],[-0.346847,-0.535189,-0.77024],[0.293659,0.717964,-0.631104]],[[0.890765,-0.445084,-0.0918605],[-0.452027,-0.846792,-0.280382],[0.0470068,0.291278,-0.955483]]],"btipPosition":[10.2179,249.95,14.3369],"carpPosition":[22.9947,268.169,58.4488],"dipPosition":[11.0788,255.284,-3.16251],"direction":[-0.293659,-0.717964,0.631104],"extended":false,"handId":470,"id":4703,"length":63.1552,"mcpPosition":[35.9152,302.445,9.16984],"pipPosition":[19.053,274.78,-20.2998],"stabilizedTipPosition":[13.7394,247.609,12.3741],"timeVisible":13.5761,"tipPosition":[10.4129,251.231,10.2574],"tipVelocity":[28.1042,-8.7611,-48.8827],"tool":false,"touchDistance":0.333333,"touchZone":"none","type":3,"width":17.7198},{"bases":[[[0.778049,-0.622461,-0.0847465],[0.521482,0.564747,0.639623],[-0.35028,-0.541852,0.764003]],[[0.757687,-0.651216,-0.0427554],[0.447791,0.566425,-0.691843],[0.474757,0.505055,0.720781]],[[0.757687,-0.651216,-0.0427554],[-0.408624,-0.422309,-0.809124],[0.508859,0.630534,-0.58608]],[[0.757687,-0.651216,-0.0427554],[-0.625031,-0.705252,-0.334598],[0.187743,0.280244,-0.94139]]],"btipPosition":[23.211,255.492,13.0513],"carpPosition":[32.6848,259.022,54.3168],"dipPosition":[26.3832,260.227,-2.8546],"direction":[-0.508859,-0.630534,0.58608],"extended":false,"handId":470,"id":4704,"length":49.5125,"mcpPosition":[52.5944,289.821,10.8915],"pipPosition":[36.1391,272.315,-14.0911],"stabilizedTipPosition":[26.5765,253.658,12.3295],"timeVisible":13.5761,"tipPosition":[24.1153,256.532,9.4884],"tipVelocity":[28.7635,-12.9353,-48.7667],"tool":false,"touchDistance":0.333333,"touchZone":"none","type":4,"width":15.7401}],"r":[[0.896415,0.417149,0.149756],[-0.364652,0.886202,-0.285788],[-0.25193,0.201576,0.946519]],"s":2.02096,"t":[9.49368,-1.35666,-18.3993],"timestamp":93445882033},false],[1,{"currentFrameRate":55.3629,"devices":[],"gestures":[],"hands":[{"armBasis":[[0.966292,-0.142841,-0.214186],[0.220501,0.88862,0.402161],[0.132885,-0.435833,0.890164]],"armWidth":62.4607,"confidence":0.719682,"direction":[0.125743,0.694054,-0.708857],"elbow":[52.1066,139.829,293.653],"grabStrength":0,"id":470,"palmNormal":[-0.187861,-0.684941,-0.703963],"palmPosition":[15.5186,290.673,17.8868],"palmVelocity":[38.0967,-7.50595,-88.8996],"palmWidth":89.1918,"pinchStrength":0.246821,"r":[[0.89812,0.41403,0.14819],[-0.360888,0.886502,-0.289611],[-0.251279,0.206626,0.945603]],"s":2.02011,"sphereCenter":[-4.40408,283.514,-20.7765],"sphereRadius":47.7368,"stabilizedPalmPosition":[15.5628,288.059,22.9387],"t":[10.1804,-1.49702,-20.035],"timeVisible":13.5939,"type":"right","wrist":[16.9368,255.178,58.0589]}],"id":1682562,"interactionBox":{"center":[0,200,0],"size":[235.247,235.247,147.751]},"pointables":[{"bases":[[[0.584545,0.658857,0.473513],[-0.74902,0.213861,0.627083],[0.311892,-0.721228,0.618509]],[[0.540106,0.745276,0.39096],[-0.712437,0.15759,0.683812],[0.448017,-0.647865,0.616078]],[[0.540106,0.745276,0.39096],[-0.836593,0.52603,0.152986],[-0.0916395,-0.409703,0.907604]],[[0.540106,0.745276,0.39096],[-0.668227,0.662168,-0.339126],[-0.511623,-0.0780864,0.855654]]],"btipPosition":[-19.817,298.979,-25.8878],"carpPosition":[-12.695,251.794,54.2209],"dipPosition":[-31.5542,297.188,-6.2582],"direction":[0.0916395,0.409703,-0.907604],"extended":false,"handId":470,"id":4700,"length":51.0864,"mcpPosition":[-12.695,251.794,54.2209],"pipPosition":[-34.617,283.495,24.0755],"stabilizedTipPosition":[-21.9306,297.917,-13.3096],"timeVisible":13.5939,"tipPosition":[-22.1836,299.283,-20.5103],"tipVelocity":[41.6728,-30.9868,-108.136],"tool":false,"touchDistance":0.20099,"touchZone":"hovering","type":0,"width":19.8498},{"bases":[[[0.981397,-0.102005,-0.162649],[0.179908,0.78438,0.593617],[0.0670266,-0.611836,0.788139]],[[0.982374,-0.112137,-0.149557],[0.181384,0.765249,0.617652],[0.045187,-0.633892,0.7721]],[[0.982374,-0.112137,-0.149557],[0.167303,0.884312,0.435893],[0.0833755,-0.453231,0.887485]],[[0.982374,-0.112137,-0.149557],[0.150071,0.950138,0.273343],[0.111448,-0.290969,0.950219]]],"btipPosition":[-10.6527,356.879,-66.3655],"carpPosition":[-0.074096,270.45,59.9286],"dipPosition":[-8.78613,352.006,-50.4512],"direction":[-0.0833755,0.453231,-0.887485],"extended":true,"handId":470,"id":4701,"length":57.6453,"mcpPosition":[-4.90776,314.573,3.0914],"pipPosition":[-6.81073,341.268,-29.4243],"stabilizedTipPosition":[-14.4413,357.511,-54.1708],"timeVisible":13.5939,"tipPosition":[-10.5567,356.704,-62.0519],"tipVelocity":[62.6098,-37.5249,-120.611],"tool":false,"touchDistance":0.192442,"touchZone":"hovering","type":1,"width":18.9605},{"bases":[[[0.936284,-0.315941,-0.153471],[0.344663,0.742219,0.574733],[-0.0676728,-0.591009,0.803821]],[[0.938026,-0.295957,-0.180324],[0.0900005,0.710493,-0.697925],[0.334675,0.638443,0.693097]],[[0.938026,-0.295957,-0.180324],[-0.318354,-0.530218,-0.785824],[0.136959,0.79453,-0.591578]],[[0.938026,-0.295957,-0.180324],[-0.338864,-0.892328,-0.298197],[-0.0726545,0.340822,-0.937316]]],"btipPosition":[-1.75848,252.722,4.55779],"carpPosition":[11.9054,270.894,58.522],"dipPosition":[-3.09682,259,-12.7081],"direction":[-0.136959,-0.79453,0.591578],"extended":false,"handId":470,"id":4702,"length":65.6822,"mcpPosition":[16.5335,311.312,3.54931],"pipPosition":[0.720825,281.147,-29.198],"stabilizedTipPosition":[-0.168657,251.036,4.92215],"timeVisible":13.5939,"tipPosition":[-2.04172,254.189,0.804201],"tipVelocity":[31.8513,-9.99211,-77.0154],"tool":false,"touchDistance":0.333333,"touchZone":"none","type":2,"width":18.6218},{"bases":[[[0.887456,-0.454516,-0.0763956],[0.408343,0.698532,0.587631],[-0.213723,-0.552692,0.805515]],[[0.890102,-0.447451,-0.0866326],[0.244726,0.629592,-0.737376],[0.384483,0.635139,0.669904]],[[0.890102,-0.447451,-0.0866326],[-0.345873,-0.53939,-0.767744],[0.296799,0.713334,-0.634874]],[[0.890102,-0.447451,-0.0866326],[-0.452995,-0.847659,-0.276171],[0.050138,0.285064,-0.957196]]],"btipPosition":[10.7899,249.767,12.5145],"carpPosition":[23.4837,268.238,56.5437],"dipPosition":[11.7082,254.987,-5.01635],"direction":[-0.296799,-0.713334,0.634874],"extended":false,"handId":470,"id":4703,"length":63.1552,"mcpPosition":[36.6067,302.175,7.08348],"pipPosition":[19.7676,274.358,-22.256],"stabilizedTipPosition":[13.7293,247.621,12.3598],"timeVisible":13.5939,"tipPosition":[10.998,251.02,8.42754],"tipVelocity":[30.3573,-10.1728,-74.2383],"tool":false,"touchDistance":0.333333,"touchZone":"none","type":3,"width":17.7198},{"bases":[[[0.777005,-0.624557,-0.078689],[0.520907,0.567742,0.637436],[-0.35344,-0.53628,0.766475]],[[0.756206,-0.653339,-0.0360582],[0.45138,0.560758,-0.694123],[0.473718,0.508625,0.718952]],[[0.756206,-0.653339,-0.0360582],[-0.407169,-0.426708,-0.807548],[0.512216,0.625355,-0.588698]],[[0.756206,-0.653339,-0.0360582],[-0.625756,-0.705973,-0.331709],[0.191262,0.273404,-0.942692]]],"btipPosition":[23.7842,255.29,11.2257],"carpPosition":[33.1661,259.046,52.4961],"dipPosition":[27.0158,259.909,-4.70218],"direction":[-0.512216,-0.625355,0.588698],"extended":false,"handId":470,"id":4704,"length":49.5125,"mcpPosition":[53.2554,289.528,8.93032],"pipPosition":[36.8362,271.899,-15.9889],"stabilizedTipPosition":[26.5685,253.669,12.3108],"timeVisible":13.5939,"tipPosition":[24.7026,256.298,7.65769],"tipVelocity":[30.7497,-12.8945,-74.2022],"tool":false,"touchDistance":0.333333,"touchZone":"none","type":4,"width":15.7401}],"r":[[0.89812,0.41403,0.14819],[-0.360888,0.886502,-0.289611],[-0.251279,0.206626,0.945603]],"s":2.02011,"t":[10.1804,-1.49702,-20.035],"timestamp":93445899822},false],[2,{"currentFrameRate":55.363,"devices":[],"gestures":[],"hands":[{"armBasis":[[0.966187,-0.149325,-0.210201],[0.222822,0.893765,0.389275],[0.129742,-0.42295,0.896817]],"armWidth":62.4607,"confidence":0.675518,"direction":[0.128046,0.689414,-0.71296],"elbow":[51.5837,143.081,294.131],"grabStrength":0,"id":470,"palmNormal":[-0.189009,-0.688739,-0.699939],"palmPosition":[15.9483,290.274,16.388],"palmVelocity":[31.3016,-14.4334,-86.089],"palmWidth":89.1918,"pinchStrength":0.24999,"r":[[0.899656,0.411254,0.146591],[-0.357385,0.88654,-0.293806],[-0.250788,0.211935,0.944558]],"s":2.01941,"sphereCenter":[-3.88628,282.92,-22.2428],"sphereRadius":47.713,"stabilizedPalmPosition":[15.5648,288.071,22.905],"t":[10.7386,-1.76672,-21.6022],"timeVisible":13.612,"type":"right","wrist":[17.2456,255.021,56.7763]}],"id":1682563,"interactionBox":{"center":[0,200,0],"size":[235.247,235.247,147.751]},"pointables":[{"bases":[[[0.585811,0.660264,0.469975],[-0.748984,0.219539,0.62516],[0.309592,-0.71823,0.623136]],[[0.540659,0.747923,0.385096],[-0.712982,0.164439,0.681628],[0.446481,-0.643095,0.622161]],[[0.540659,0.747923,0.385096],[-0.836156,0.528038,0.148386],[-0.0923639,-0.402227,0.910869]],[[0.540659,0.747923,0.385096],[-0.665763,0.660247,-0.347611],[-0.514245,-0.068444,0.854908]]],"btipPosition":[-19.354,298.168,-27.5636],"carpPosition":[-12.3915,251.687,52.9347],"dipPosition":[-31.1513,296.598,-7.95114],"direction":[0.0923639,0.402227,-0.910869],"extended":false,"handId":470,"id":4700,"length":51.0864,"mcpPosition":[-12.3915,251.687,52.9347],"pipPosition":[-34.2383,283.155,22.4917],"stabilizedTipPosition":[-21.931,297.917,-13.3337],"timeVisible":13.612,"tipPosition":[-21.7445,298.556,-22.217],"tipVelocity":[33.6917,-36.2663,-100.947],"tool":false,"touchDistance":0.172994,"touchZone":"hovering","type":0,"width":19.8498},{"bases":[[[0.981269,-0.105441,-0.161225],[0.181394,0.787524,0.588984],[0.0648657,-0.607197,0.791899]],[[0.98223,-0.115749,-0.147738],[0.182784,0.768615,0.613043],[0.0425946,-0.629153,0.776113]],[[0.98223,-0.115749,-0.147738],[0.169238,0.886538,0.430592],[0.0811348,-0.447943,0.890373]],[[0.98223,-0.115749,-0.147738],[0.152375,0.951383,0.267678],[0.109572,-0.285433,0.952114]]],"btipPosition":[-9.95762,356.023,-68.2951],"carpPosition":[0.27142,270.346,58.5392],"dipPosition":[-8.12252,351.243,-52.3492],"direction":[-0.0811348,0.447943,-0.890373],"extended":true,"handId":470,"id":4701,"length":57.6453,"mcpPosition":[-4.40641,314.134,1.4309],"pipPosition":[-6.20021,340.63,-31.2538],"stabilizedTipPosition":[-14.3837,357.481,-54.2935],"timeVisible":13.612,"tipPosition":[-9.87039,355.852,-63.9939],"tipVelocity":[50.96,-41.6537,-113.876],"tool":false,"touchDistance":0.160403,"touchZone":"hovering","type":1,"width":18.9605},{"bases":[[[0.935614,-0.319204,-0.150784],[0.346058,0.744838,0.570491],[-0.0697936,-0.585939,0.807344]],[[0.937428,-0.299371,-0.177779],[0.0923279,0.706053,-0.702115],[0.335714,0.641768,0.689514]],[[0.937428,-0.299371,-0.177779],[-0.319068,-0.534251,-0.782797],[0.139369,0.79054,-0.596342]],[[0.937428,-0.299371,-0.177779],[-0.340835,-0.893332,-0.292898],[-0.0711301,0.335164,-0.939471]]],"btipPosition":[-1.41008,252.291,3.27639],"carpPosition":[12.2531,270.751,57.1397],"dipPosition":[-2.72034,258.465,-14.0292],"direction":[-0.139369,-0.79054,0.596342],"extended":false,"handId":470,"id":4702,"length":65.6822,"mcpPosition":[17.0262,310.823,1.92611],"pipPosition":[1.16448,280.501,-30.6519],"stabilizedTipPosition":[-0.173778,251.045,4.90348],"timeVisible":13.612,"tipPosition":[-1.68825,253.734,-0.488894],"tipVelocity":[26.0551,-17.2067,-74.3724],"tool":false,"touchDistance":0.333333,"touchZone":"none","type":2,"width":18.6218},{"bases":[[[0.886378,-0.457185,-0.0729071],[0.409617,0.701071,0.583706],[-0.215749,-0.547248,0.808685]],[[0.889068,-0.450141,-0.0832556],[0.246378,0.623804,-0.741732],[0.385819,0.638938,0.665509]],[[0.889068,-0.450141,-0.0832556],[-0.347067,-0.544221,-0.763785],[0.298502,0.707952,-0.640078]],[[0.889068,-0.450141,-0.0832556],[-0.454926,-0.84854,-0.270227],[0.0509945,0.278125,-0.95919]]],"btipPosition":[11.1365,249.356,11.3335],"carpPosition":[23.8263,268.055,55.1871],"dipPosition":[12.0705,254.45,-6.23385],"direction":[-0.298502,-0.707952,0.640078],"extended":false,"handId":470,"id":4703,"length":63.1552,"mcpPosition":[37.0737,301.657,5.53214],"pipPosition":[20.1761,273.674,-23.6149],"stabilizedTipPosition":[13.7236,247.628,12.3475],"timeVisible":13.612,"tipPosition":[11.3439,250.577,7.21206],"tipVelocity":[25.1474,-16.9105,-70.2542],"tool":false,"touchDistance":0.333333,"touchZone":"none","type":3,"width":17.7198},{"bases":[[[0.775503,-0.626961,-0.0742568],[0.521814,0.570307,0.634398],[-0.355394,-0.530726,0.769432]],[[0.754306,-0.655796,-0.0308994],[0.454044,0.555085,-0.696939],[0.474202,0.511676,0.716464]],[[0.754306,-0.655796,-0.0308994],[-0.407344,-0.430584,-0.8054],[0.514873,0.620104,-0.591926]],[[0.754306,-0.655796,-0.0308994],[-0.627439,-0.706238,-0.327945],[0.193243,0.266759,-0.944191]]],"btipPosition":[24.1169,254.849,9.93824],"carpPosition":[33.489,258.814,51.2033],"dipPosition":[27.382,259.356,-6.01495],"direction":[-0.514873,-0.620104,0.591926],"extended":false,"handId":470,"id":4704,"length":49.5125,"mcpPosition":[53.6893,288.98,7.46942],"pipPosition":[37.2533,271.245,-17.3635],"stabilizedTipPosition":[26.5641,253.674,12.2952],"timeVisible":13.612,"tipPosition":[25.0437,255.827,6.36689],"tipVelocity":[25.0958,-19.0304,-72.9672],"tool":false,"touchDistance":0.333333,"touchZone":"none","type":4,"width":15.7401}],"r":[[0.899656,0.411254,0.146591],[-0.357385,0.88654,-0.293806],[-0.250788,0.211935,0.944558]],"s":2.01941,"t":[10.7386,-1.76672,-21.6022],"timestamp":93445917884},false],[3,{"currentFrameRate":55.3563,"devices":[],"gestures":[],"hands":[{"armBasis":[[0.966273,-0.146908,-0.211504],[0.221817,0.892034,0.393794],[0.130817,-0.427427,0.894535]],"armWidth":62.4607,"confidence":0.675567,"direction":[0.135304,0.684396,-0.716446],"elbow":[51.8303,142.097,291.905],"grabStrength":0,"id":470,"palmNormal":[-0.185658,-0.692774,-0.696846],"palmPosition":[16.3114,290.214,14.5284],"palmVelocity":[25.964,-9.14764,-94.0368],"palmWidth":89.1918,"pinchStrength":0.25214,"r":[[0.900882,0.408723,0.146141],[-0.353651,0.886352,-0.29885],[-0.251679,0.217546,0.943044]],"s":2.01885,"sphereCenter":[-3.19706,282.662,-24.198],"sphereRadius":47.6961,"stabilizedPalmPosition":[15.5669,288.077,22.8812],"t":[11.1992,-1.93155,-23.3156],"timeVisible":13.63,"type":"right","wrist":[17.2078,255.222,55.1538]}],"id":1682564,"interactionBox":{"center":[0,200,0],"size":[235.247,235.247,147.751]},"pointables":[{"bases":[[[0.584095,0.661719,0.470065],[-0.753044,0.225653,0.618065],[0.302914,-0.714989,0.630106]],[[0.539107,0.750131,0.382973],[-0.717866,0.171434,0.674744],[0.440492,-0.638682,0.630914]],[[0.539107,0.750131,0.382973],[-0.836361,0.530421,0.138398],[-0.0993205,-0.394915,0.913333]],[[0.539107,0.750131,0.382973],[-0.660996,0.658626,-0.359577],[-0.521965,-0.0592934,0.850903]]],"btipPosition":[-18.6686,297.754,-29.806],"carpPosition":[-12.4088,251.944,51.1111],"dipPosition":[-30.6431,296.394,-10.2854],"direction":[0.0993205,0.394915,-0.913333],"extended":false,"handId":470,"id":4700,"length":51.0864,"mcpPosition":[-12.4088,251.944,51.1111],"pipPosition":[-33.9625,283.195,20.2398],"stabilizedTipPosition":[-21.9301,297.916,-13.3543],"timeVisible":13.63,"tipPosition":[-21.1087,298.207,-24.5059],"tipVelocity":[34.618,-28.6258,-112.449],"tool":false,"touchDistance":0.135269,"touchZone":"hovering","type":0,"width":19.8498},{"bases":[[[0.982155,-0.109162,-0.153148],[0.17915,0.790853,0.585198],[0.0572363,-0.602192,0.796297]],[[0.983002,-0.119611,-0.139286],[0.180301,0.772005,0.609508],[0.0346261,-0.624261,0.780448]],[[0.983002,-0.119611,-0.139286],[0.168555,0.888688,0.426407],[0.0727793,-0.442636,0.893743]],[[0.983002,-0.119611,-0.139286],[0.153187,0.95252,0.263135],[0.101199,-0.279999,0.954651]]],"btipPosition":[-8.74168,355.498,-70.7672],"carpPosition":[0.26339,270.604,56.6892],"dipPosition":[-7.0468,350.808,-54.7788],"direction":[-0.0727793,0.442636,-0.893743],"extended":true,"handId":470,"id":4701,"length":57.6453,"mcpPosition":[-3.86424,314.031,-0.736271],"pipPosition":[-5.32246,340.321,-33.6036],"stabilizedTipPosition":[-14.3305,357.454,-54.4064],"timeVisible":13.63,"tipPosition":[-8.69232,355.32,-66.484],"tipVelocity":[57.8444,-35.1138,-124.456],"tool":false,"touchDistance":0.119364,"touchZone":"hovering","type":1,"width":18.9605},{"bases":[[[0.935831,-0.322728,-0.14166],[0.343829,0.7476,0.568222],[-0.0774758,-0.580466,0.81059]],[[0.937903,-0.30308,-0.168765],[0.0996035,0.701289,-0.705884],[0.332292,0.645241,0.687929]],[[0.937903,-0.30308,-0.168765],[-0.314659,-0.538461,-0.781697],[0.146043,0.786258,-0.600391]],[[0.937903,-0.30308,-0.168765],[-0.341099,-0.894319,-0.28956],[-0.0631698,0.329144,-0.942164]]],"btipPosition":[-1.0525,252.2,1.52936],"carpPosition":[12.2563,270.968,55.3773],"dipPosition":[-2.21613,258.263,-15.8259],"direction":[-0.146043,-0.786258,0.600391],"extended":false,"handId":470,"id":4702,"length":65.6822,"mcpPosition":[17.5548,310.665,-0.0582912],"pipPosition":[1.85474,280.179,-32.5614],"stabilizedTipPosition":[-0.175966,251.05,4.88942],"timeVisible":13.63,"tipPosition":[-1.29902,253.616,-2.24804],"tipVelocity":[23.9529,-12.1049,-85.2326],"tool":false,"touchDistance":0.333333,"touchZone":"none","type":2,"width":18.6218},{"bases":[[[0.88563,-0.460064,-0.0632606],[0.407166,0.703747,0.582199],[-0.223329,-0.54137,0.810581]],[[0.88842,-0.453085,-0.0736481],[0.253682,0.618336,-0.743845],[0.382564,0.642164,0.664282]],[[0.88842,-0.453085,-0.0736481],[-0.34283,-0.548234,-0.762828],[0.305249,0.70296,-0.642394]],[[0.88842,-0.453085,-0.0736481],[-0.455233,-0.849057,-0.268076],[0.0589296,0.271691,-0.960579]]],"btipPosition":[11.426,249.279,9.70138],"carpPosition":[23.8363,268.227,53.5294],"dipPosition":[12.5053,254.255,-7.89137],"direction":[-0.305249,-0.70296,0.642394],"extended":false,"handId":470,"id":4703,"length":63.1552,"mcpPosition":[37.5492,301.468,3.75802],"pipPosition":[20.7942,273.344,-25.3353],"stabilizedTipPosition":[13.7207,247.632,12.3382],"timeVisible":13.63,"tipPosition":[11.667,250.471,5.57552],"tipVelocity":[21.6791,-11.5941,-79.9052],"tool":false,"touchDistance":0.333333,"touchZone":"none","type":3,"width":17.7198},{"bases":[[[0.774298,-0.629542,-0.0643402],[0.518617,0.573011,0.634583],[-0.362629,-0.524724,0.770172]],[[0.752235,-0.658589,-0.0200798],[0.46109,0.547933,-0.697973],[0.47068,0.515781,0.715843]],[[0.752235,-0.658589,-0.0200798],[-0.402878,-0.435622,-0.804936],[0.521375,0.613591,-0.593021]],[[0.752235,-0.658589,-0.0200798],[-0.627357,-0.70658,-0.327365],[0.201411,0.258853,-0.944684]]],"btipPosition":[24.4016,254.744,8.42236],"carpPosition":[33.503,258.934,49.6787],"dipPosition":[27.8046,259.118,-7.53917],"direction":[-0.521375,-0.613591,0.593021],"extended":false,"handId":470,"id":4704,"length":49.5125,"mcpPosition":[54.1145,288.759,5.90268],"pipPosition":[37.8006,270.882,-18.9087],"stabilizedTipPosition":[26.562,253.678,12.2838],"timeVisible":13.63,"tipPosition":[25.3639,255.688,4.82767],"tipVelocity":[21.4807,-13.5432,-78.1705],"tool":false,"touchDistance":0.333333,"touchZone":"none","type":4,"width":15.7401}],"r":[[0.900882,0.408723,0.146141],[-0.353651,0.886352,-0.29885],[-0.251679,0.217546,0.943044]],"s":2.01885,"t":[11.1992,-1.93155,-23.3156],"timestamp":93445935972},false],[4,{"currentFrameRate":55.3568,"devices":[],"gestures":[],"hands":[{"armBasis":[[0.967446,-0.146834,-0.206126],[0.216914,0.900671,0.376483],[0.130372,-0.408939,0.903201]],"armWidth":62.4607,"confidence":0.674287,"direction":[0.139995,0.682396,-0.717452],"elbow":[51.6482,146.998,292.437],"grabStrength":0,"id":470,"palmNormal":[-0.177368,-0.695584,-0.696207],"palmPosition":[16.524,290.084,12.6444],"palmVelocity":[19.2222,-8.20236,-98.9134],"palmWidth":89.1918,"pinchStrength":0.254492,"r":[[0.901364,0.407289,0.14717],[-0.350591,0.885776,-0.304116],[-0.254222,0.222523,0.941198]],"s":2.01838,"sphereCenter":[-2.56372,282.358,-26.2251],"sphereRadius":47.6803,"stabilizedPalmPosition":[15.5683,288.08,22.8662],"t":[11.5359,-2.07861,-25.1143],"timeVisible":13.6481,"type":"right","wrist":[17.1436,255.23,53.3925]}],"id":1682565,"interactionBox":{"center":[0,200,0],"size":[235.247,235.247,147.751]},"pointables":[{"bases":[[[0.57795,0.664881,0.473189],[-0.759293,0.225612,0.610388],[0.299078,-0.712063,0.635232]],[[0.532813,0.75405,0.384082],[-0.724737,0.172288,0.667138],[0.436882,-0.633818,0.638285]],[[0.532813,0.75405,0.384082],[-0.839572,0.527869,0.128346],[-0.105966,-0.390849,0.914335]],[[0.532813,0.75405,0.384082],[-0.658977,0.654462,-0.370715],[-0.530904,-0.0555793,0.845607]]],"btipPosition":[-18.0817,297.208,-32.1001],"carpPosition":[-12.4257,251.857,49.0897],"dipPosition":[-30.2612,295.933,-12.7009],"direction":[0.105966,0.390849,-0.914335],"extended":false,"handId":470,"id":4700,"length":51.0864,"mcpPosition":[-12.4257,251.857,49.0897],"pipPosition":[-33.8028,282.87,17.8577],"stabilizedTipPosition":[-21.9289,297.915,-13.3709],"timeVisible":13.6481,"tipPosition":[-20.5885,297.699,-26.8491],"tipVelocity":[32.3687,-28.8841,-120.096],"tool":false,"touchDistance":0.0965687,"touchZone":"hovering","type":0,"width":19.8498},{"bases":[[[0.983813,-0.106952,-0.143782],[0.171615,0.793275,0.584177],[0.0515797,-0.599396,0.798789]],[[0.984572,-0.117557,-0.129606],[0.172594,0.774315,0.608808],[0.0287863,-0.621785,0.782659]],[[0.984572,-0.117557,-0.129606],[0.162314,0.890254,0.42556],[0.0653547,-0.440031,0.895601]],[[0.984572,-0.117557,-0.129606],[0.148369,0.953532,0.262229],[0.0927564,-0.277413,0.956263]]],"btipPosition":[-7.89009,355.053,-73.0787],"carpPosition":[0.143809,270.57,54.7215],"dipPosition":[-6.33662,350.407,-57.0633],"direction":[-0.0653547,0.440031,-0.895601],"extended":true,"handId":470,"id":4701,"length":57.6453,"mcpPosition":[-3.5759,313.796,-2.88369],"pipPosition":[-4.78818,339.981,-35.8441],"stabilizedTipPosition":[-14.2885,357.432,-54.4991],"timeVisible":13.6481,"tipPosition":[-7.88295,354.845,-68.8199],"tipVelocity":[51.9077,-29.8756,-125.962],"tool":false,"touchDistance":0.0809423,"touchZone":"hovering","type":1,"width":18.9605},{"bases":[[[0.937969,-0.320606,-0.132008],[0.33656,0.750421,0.568854],[-0.0833165,-0.577996,0.811775]],[[0.940234,-0.301057,-0.159137],[0.104167,0.699198,-0.707299],[0.324206,0.64845,0.68877]],[[0.940234,-0.301057,-0.159137],[-0.306022,-0.542032,-0.782657],[0.149367,0.78458,-0.601767]],[[0.940234,-0.301057,-0.159137],[-0.335981,-0.896272,-0.289506],[-0.0554723,0.32567,-0.943855]]],"btipPosition":[-0.614533,251.985,-0.380943],"carpPosition":[12.1472,270.963,53.5182],"dipPosition":[-1.63637,257.984,-17.7673],"direction":[-0.149367,-0.78458,0.601767],"extended":false,"handId":470,"id":4702,"length":65.6822,"mcpPosition":[17.8452,310.491,-1.99837],"pipPosition":[2.52715,279.853,-34.5412],"stabilizedTipPosition":[-0.176714,251.052,4.87913],"timeVisible":13.6481,"tipPosition":[-0.831209,253.385,-4.17],"tipVelocity":[24.9499,-12.3977,-95.1693],"tool":false,"touchDistance":0.333333,"touchZone":"none","type":2,"width":18.6218},{"bases":[[[0.887427,-0.45782,-0.0536145],[0.399887,0.70679,0.583557],[-0.22927,-0.539304,0.8103]],[[0.890297,-0.450858,-0.064015],[0.258816,0.616641,-0.743484],[0.37468,0.645354,0.665682]],[[0.890297,-0.450858,-0.064015],[-0.334322,-0.551685,-0.764116],[0.309191,0.701692,-0.641895]],[[0.890297,-0.450858,-0.064015],[-0.450431,-0.85121,-0.269358],[0.0669521,0.268643,-0.96091]]],"btipPosition":[11.7969,249.124,7.90606],"carpPosition":[23.7511,268.248,51.7856],"dipPosition":[13.0231,254.044,-9.69276],"direction":[-0.309191,-0.701692,0.641895],"extended":false,"handId":470,"id":4703,"length":63.1552,"mcpPosition":[37.8288,301.362,2.03151],"pipPosition":[21.4191,273.098,-27.1231],"stabilizedTipPosition":[13.7194,247.634,12.3314],"timeVisible":13.6481,"tipPosition":[12.0717,250.301,3.78057],"tipVelocity":[22.0243,-10.5202,-89.1974],"tool":false,"touchDistance":0.333333,"touchZone":"none","type":3,"width":17.7198},{"bases":[[[0.776573,-0.627609,-0.0551493],[0.511209,0.576536,0.637394],[-0.368238,-0.523176,0.768562]],[[0.753872,-0.656939,-0.0104121],[0.466354,0.546194,-0.695835],[0.462808,0.519715,0.718126]],[[0.753872,-0.656939,-0.0104121],[-0.394328,-0.439722,-0.806938],[0.525531,0.612434,-0.590544]],[[0.753872,-0.656939,-0.0104121],[-0.622629,-0.70926,-0.33058],[0.209786,0.255698,-0.94372]]],"btipPosition":[24.7471,254.63,6.74687],"carpPosition":[33.4781,258.969,48.0546],"dipPosition":[28.2917,258.951,-9.19837],"direction":[-0.525531,-0.612434,0.590544],"extended":false,"handId":470,"id":4704,"length":49.5125,"mcpPosition":[54.4085,288.706,4.3701],"pipPosition":[38.3673,270.692,-20.5204],"stabilizedTipPosition":[26.5611,253.679,12.2758],"timeVisible":13.6481,"tipPosition":[25.7443,255.56,3.14964],"tipVelocity":[21.2207,-10.4351,-85.0005],"tool":false,"touchDistance":0.333333,"touchZone":"none","type":4,"width":15.7401}],"r":[[0.901364,0.407289,0.14717],[-0.350591,0.885776,-0.304116],[-0.254222,0.222523,0.941198]],"s":2.01838,"t":[11.5359,-2.07861,-25.1143],"timestamp":93445954035},false],[5,{"currentFrameRate":55.2618,"devices":[],"gestures":[],"hands":[{"armBasis":[[0.968063,-0.147761,-0.202533],[0.215651,0.902783,0.372126],[0.127858,-0.403918,0.905816]],"armWidth":62.4607,"confidence":0.67517,"direction":[0.146427,0.674665,-0.723454],"elbow":[50.7533,148.397,290.942],"grabStrength":0,"id":470,"palmNormal":[-0.173689,-0.702441,-0.690224],"palmPosition":[16.6525,289.731,10.0949],"palmVelocity":[13.324,-13.4807,-117.924],"palmWidth":89.1918,"pinchStrength":0.257506,"r":[[0.901682,0.406118,0.14845],[-0.34736,0.88478,-0.310653],[-0.257507,0.228545,0.93886]],"s":2.01793,"sphereCenter":[-2.14293,281.652,-28.815],"sphereRadius":47.6645,"stabilizedPalmPosition":[15.5691,288.081,22.8567],"t":[11.7684,-2.32864,-27.2885],"timeVisible":13.6665,"type":"right","wrist":[16.914,255.3,51.2051]}],"id":1682566,"interactionBox":{"center":[0,200,0],"size":[235.247,235.247,147.751]},"pointables":[{"bases":[[[0.575801,0.668698,0.470421],[-0.763221,0.233309,0.602545],[0.293168,-0.705981,0.644704]],[[0.530787,0.758157,0.378765],[-0.729457,0.181167,0.6596],[0.43146,-0.6264,0.649203]],[[0.530787,0.758157,0.378765],[-0.839933,0.530195,0.115783],[-0.113038,-0.379594,0.918222]],[[0.530787,0.758157,0.378765],[-0.654005,0.650661,-0.385899],[-0.53902,-0.042884,0.841201]]],"btipPosition":[-17.5982,296.257,-35.0278],"carpPosition":[-12.63,251.936,46.725],"dipPosition":[-29.9639,295.273,-15.7298],"direction":[0.113038,0.379594,-0.918222],"extended":false,"handId":470,"id":4700,"length":51.0864,"mcpPosition":[-12.63,251.936,46.725],"pipPosition":[-33.7418,282.587,14.9588],"stabilizedTipPosition":[-21.9277,297.913,-13.385],"timeVisible":13.6665,"tipPosition":[-20.1732,296.841,-29.8299],"tipVelocity":[28.2994,-38.0769,-139.398],"tool":false,"touchDistance":0.0473857,"touchZone":"hovering","type":0,"width":19.8498},{"bases":[[[0.984614,-0.110227,-0.135592],[0.168924,0.798976,0.57715],[0.0447169,-0.591175,0.805303]],[[0.985257,-0.120798,-0.121146],[0.16969,0.780106,0.602196],[0.0217629,-0.613875,0.789103]],[[0.985257,-0.120798,-0.121146],[0.161009,0.894098,0.41793],[0.0578313,-0.431274,0.900366]],[[0.985257,-0.120798,-0.121146],[0.148417,0.955734,0.254058],[0.0850937,-0.268293,0.959572]]],"btipPosition":[-7.00242,353.881,-76.4567],"carpPosition":[-0.0657977,270.684,52.2529],"dipPosition":[-5.57727,349.387,-60.3859],"direction":[-0.0578313,0.431274,-0.900366],"extended":true,"handId":470,"id":4701,"length":57.6453,"mcpPosition":[-3.29059,313.317,-5.82198],"pipPosition":[-4.20709,339.169,-39.0538],"stabilizedTipPosition":[-14.2544,357.412,-54.5809],"timeVisible":13.6665,"tipPosition":[-7.02536,353.681,-72.2168],"tipVelocity":[49.3407,-45.2096,-153.269],"tool":false,"touchDistance":0.0248549,"touchZone":"hovering","type":1,"width":18.9605},{"bases":[[[0.938282,-0.323663,-0.121936],[0.333894,0.755665,0.563458],[-0.0902282,-0.569396,0.817096]],[[0.940776,-0.304425,-0.149215],[0.110578,0.691585,-0.713781],[0.320487,0.655008,0.684289]],[[0.940776,-0.304425,-0.149215],[-0.301451,-0.549731,-0.779053],[0.155135,0.777895,-0.608943]],[[0.940776,-0.304425,-0.149215],[-0.335593,-0.898691,-0.282369],[-0.0481381,0.315721,-0.94763]]],"btipPosition":[-0.462606,251.536,-2.64984],"carpPosition":[11.9466,271.042,51.132],"dipPosition":[-1.34934,257.352,-20.1058],"direction":[-0.155135,-0.777895,0.608943],"extended":false,"handId":470,"id":4702,"length":65.6822,"mcpPosition":[18.1173,309.983,-4.74854],"pipPosition":[2.97495,279.035,-37.0797],"stabilizedTipPosition":[-0.177023,251.054,4.87186],"timeVisible":13.6665,"tipPosition":[-0.650491,252.894,-6.46109],"tipVelocity":[17.7166,-19.2575,-109.064],"tool":false,"touchDistance":0.333333,"touchZone":"none","type":2,"width":18.6218},{"bases":[[[0.88692,-0.459965,-0.0424908],[0.39703,0.712073,0.579067],[-0.236094,-0.530456,0.814172]],[[0.889884,-0.453101,-0.0529641],[0.265266,0.608411,-0.747978],[0.371134,0.651564,0.661607]],[[0.889884,-0.453101,-0.0529641],[-0.329925,-0.559051,-0.760665],[0.315049,0.694378,-0.64698]],[[0.889884,-0.453101,-0.0529641],[-0.450101,-0.853177,-0.263625],[0.0742613,0.258435,-0.96317]]],"btipPosition":[11.8847,248.735,5.75169],"carpPosition":[23.5575,268.289,49.511],"dipPosition":[13.2448,253.468,-11.8885],"direction":[-0.315049,-0.694378,0.64698],"extended":false,"handId":470,"id":4703,"length":63.1552,"mcpPosition":[38.0542,300.86,-0.480813],"pipPosition":[21.7998,272.323,-29.457],"stabilizedTipPosition":[13.7187,247.635,12.3268],"timeVisible":13.6665,"tipPosition":[12.19,249.867,1.61519],"tipVelocity":[14.5158,-16.743,-102.805],"tool":false,"touchDistance":0.333333,"touchZone":"none","type":3,"width":17.7198},{"bases":[[[0.775759,-0.629558,-0.0430643],[0.507717,0.582183,0.635049],[-0.374729,-0.514509,0.771271]],[[0.752169,-0.658964,0.00275318],[0.472779,0.53673,-0.698857],[0.459044,0.526961,0.715256]],[[0.752169,-0.658964,0.00275318],[-0.389663,-0.448139,-0.804571],[0.531417,0.604101,-0.59385]],[[0.752169,-0.658964,0.00275318],[-0.622021,-0.711368,-0.327177],[0.217556,0.24438,-0.944959]]],"btipPosition":[24.8177,254.223,4.66837],"carpPosition":[33.2934,258.954,45.9463],"dipPosition":[28.4935,258.352,-11.2978],"direction":[-0.531417,-0.604101,0.59385],"extended":false,"handId":470,"id":4704,"length":49.5125,"mcpPosition":[54.5927,288.198,2.10782],"pipPosition":[38.682,269.934,-22.6832],"stabilizedTipPosition":[26.5607,253.68,12.2704],"timeVisible":13.6665,"tipPosition":[25.8505,255.106,1.04876],"tipVelocity":[13.633,-17.2199,-98.5235],"tool":false,"touchDistance":0.333333,"touchZone":"none","type":4,"width":15.7401}],"r":[[0.901682,0.406118,0.14845],[-0.34736,0.88478,-0.310653],[-0.257507,0.228545,0.93886]],"s":2.01793,"t":[11.7684,-2.32864,-27.2885],"timestamp":93445972459},false],[6,{"currentFrameRate":55.3542,"devices":[],"gestures":[],"hands":[{"armBasis":[[0.967957,-0.154699,-0.197807],[0.217601,0.90988,0.353226],[0.125337,-0.384951,0.914387]],"armWidth":62.4607,"confidence":0.611576,"direction":[0.155275,0.677218,-0.719211],"elbow":[49.6723,153.265,290.813],"grabStrength":0,"id":470,"palmNormal":[-0.170017,-0.698858,-0.69476],"palmPosition":[16.7281,289.755,7.8456],"palmVelocity":[9.07267,-6.52261,-122.062],"palmWidth":89.1918,"pinchStrength":0.260196,"r":[[0.901951,0.404415,0.151437],[-0.343565,0.884466,-0.315725],[-0.261625,0.232741,0.936688]],"s":2.01752,"sphereCenter":[-1.74444,281.947,-31.2493],"sphereRadius":47.6546,"stabilizedPalmPosition":[15.5695,288.082,22.8516],"t":[11.9225,-2.44163,-29.5002],"timeVisible":13.6843,"type":"right","wrist":[16.5003,255.148,48.808]}],"id":1682567,"interactionBox":{"center":[0,200,0],"size":[235.247,235.247,147.751]},"pointables":[{"bases":[[[0.573952,0.664611,0.478405],[-0.767734,0.233473,0.59672],[0.284891,-0.709776,0.644247]],[[0.52943,0.755719,0.385477],[-0.734766,0.181348,0.65363],[0.424055,-0.629287,0.651288]],[[0.52943,0.755719,0.385477],[-0.839498,0.53218,0.109675],[-0.122259,-0.381672,0.916176]],[[0.52943,0.755719,0.385477],[-0.647644,0.653531,-0.391731],[-0.54796,-0.0422575,0.835436]]],"btipPosition":[-17.1069,296.427,-37.6038],"carpPosition":[-13.0143,251.91,44.0505],"dipPosition":[-29.6777,295.457,-18.438],"direction":[0.122259,0.381672,-0.916176],"extended":false,"handId":470,"id":4700,"length":51.0864,"mcpPosition":[-13.0143,251.91,44.0505],"pipPosition":[-33.7638,282.701,12.1823],"stabilizedTipPosition":[-21.9268,297.913,-13.3938],"timeVisible":13.6843,"tipPosition":[-19.741,297.022,-32.4536],"tipVelocity":[26.765,-15.6465,-142.903],"tool":false,"touchDistance":0.00394621,"touchZone":"hovering","type":0,"width":19.8498},{"bases":[[[0.985387,-0.113183,-0.127286],[0.166605,0.795892,0.582065],[0.0354265,-0.594766,0.803118]],[[0.985867,-0.123922,-0.112739],[0.167088,0.776271,0.607853],[0.0121899,-0.618099,0.786006]],[[0.985867,-0.123922,-0.112739],[0.16057,0.890907,0.424855],[0.0477913,-0.436953,0.898214]],[[0.985867,-0.123922,-0.112739],[0.149785,0.953419,0.261831],[0.0750412,-0.275017,0.958506]]],"btipPosition":[-5.89066,354.469,-78.5821],"carpPosition":[-0.433405,270.588,49.7707],"dipPosition":[-4.63387,349.863,-62.5291],"direction":[-0.0477913,0.436953,-0.898214],"extended":true,"handId":470,"id":4701,"length":57.6453,"mcpPosition":[-2.98821,313.48,-8.14668],"pipPosition":[-3.50157,339.51,-41.248],"stabilizedTipPosition":[-14.2544,357.412,-54.5809],"timeVisible":13.6843,"tipPosition":[-5.94957,354.162,-74.3916],"tipVelocity":[54.5584,-9.14271,-137.667],"tool":false,"touchDistance":-0.0606372,"touchZone":"hovering","type":1,"width":18.9605},{"bases":[[[0.938177,-0.326508,-0.114962],[0.331535,0.752048,0.569657],[-0.0995403,-0.572553,0.813803]],[[0.940981,-0.307177,-0.142115],[0.11951,0.694392,-0.709603],[0.316657,0.650739,0.690121]],[[0.940981,-0.307177,-0.142115],[-0.296412,-0.545227,-0.784135],[0.163384,0.779981,-0.604099]],[[0.940981,-0.307177,-0.142115],[-0.336256,-0.896281,-0.289159],[-0.0385514,0.31988,-0.946673]]],"btipPosition":[-0.40819,251.685,-5.22638],"carpPosition":[11.5898,270.908,48.7584],"dipPosition":[-1.11833,257.577,-22.6647],"direction":[-0.163384,-0.779981,0.604099],"extended":false,"handId":470,"id":4702,"length":65.6822,"mcpPosition":[18.3972,310.065,-6.89689],"pipPosition":[3.43589,279.319,-39.5036],"stabilizedTipPosition":[-0.17714,251.054,4.86766],"timeVisible":13.6843,"tipPosition":[-0.557441,253.056,-9.03226],"tipVelocity":[11.9193,-5.82701,-125.899],"tool":false,"touchDistance":0.333333,"touchZone":"none","type":2,"width":18.6218},{"bases":[[[0.885623,-0.462962,-0.0365654],[0.394374,0.708163,0.585639],[-0.245235,-0.533076,0.809747]],[[0.888746,-0.455972,-0.0471208],[0.274549,0.611794,-0.741843],[0.367088,0.646373,0.668916]],[[0.888746,-0.455972,-0.0471208],[-0.324503,-0.553209,-0.76724],[0.323772,0.697173,-0.639626]],[[0.888746,-0.455972,-0.0471208],[-0.450581,-0.850053,-0.27274],[0.0843065,0.263628,-0.960933]]],"btipPosition":[11.8495,248.783,3.18077],"carpPosition":[23.2048,268.12,47.2291],"dipPosition":[13.3936,253.612,-14.4185],"direction":[-0.323772,-0.697173,0.639626],"extended":false,"handId":470,"id":4703,"length":63.1552,"mcpPosition":[38.2627,300.852,-2.49099],"pipPosition":[22.1855,272.543,-31.7872],"stabilizedTipPosition":[13.7184,247.636,12.3241],"timeVisible":13.6843,"tipPosition":[12.1993,249.939,-0.903661],"tipVelocity":[7.89738,-7.02981,-122.285],"tool":false,"touchDistance":0.333333,"touchZone":"none","type":3,"width":17.7198},{"bases":[[[0.77387,-0.632151,-0.0388589],[0.504094,0.577638,0.642046],[-0.383424,-0.516449,0.765681]],[[0.749434,-0.66204,0.00721782],[0.481423,0.537425,-0.692392],[0.454512,0.522376,0.721486]],[[0.749434,-0.66204,0.00721782],[-0.383975,-0.443492,-0.809863],[0.539363,0.604167,-0.586575]],[[0.749434,-0.66204,0.00721782],[-0.621817,-0.707561,-0.33571],[0.22736,0.247104,-0.941938]]],"btipPosition":[24.7965,254.256,2.34449],"carpPosition":[32.9388,258.766,43.7111],"dipPosition":[28.638,258.431,-13.5706],"direction":[-0.539363,-0.604167,0.586575],"extended":false,"handId":470,"id":4704,"length":49.5125,"mcpPosition":[54.7323,288.12,0.190392],"pipPosition":[38.9788,270.014,-24.8166],"stabilizedTipPosition":[26.5605,253.68,12.2674],"timeVisible":13.6843,"tipPosition":[25.8693,255.145,-1.26525],"tipVelocity":[7.68512,-7.97866,-113.422],"tool":false,"touchDistance":0.333333,"touchZone":"none","type":4,"width":15.7401}],"r":[[0.901951,0.404415,0.151437],[-0.343565,0.884466,-0.315725],[-0.261625,0.232741,0.936688]],"