{"sensorType":"Leap","data":[[0,{"currentFrameRate":55.2453,"devices":[],"gestures":[],"hands":[{"armBasis":[[0.934118,-0.264008,-0.240259],[0.319795,0.917974,0.234637],[0.158605,-0.296012,0.941924]],"armWidth":62.4607,"confidence":0.500288,"direction":[0.21428,0.737222,-0.640771],"elbow":[41.4244,103.301,295.436],"grabStrength":0,"id":470,"palmNormal":[-0.239262,-0.596408,-0.766193],"palmPosition":[2.7004,220.515,9.34375],"palmVelocity":[56.5125,22.0309,38.0652],"palmWidth":89.1918,"pinchStrength":0.186768,"r":[[0.940013,0.266848,0.212524],[-0.215614,0.947521,-0.236039],[-0.264358,0.176057,0.948219]],"s":1.99844,"sphereCenter":[-17.8786,213.502,-32.4429],"sphereRadius":46.8266,"stabilizedPalmPosition":[0.3777,219.579,7.64684],"t":[-2.96054,-72.1836,-30.8854],"timeVisible":8.8306,"type":"right","wrist":[-0.552675,181.645,46.143]}],"id":1682299,"interactionBox":{"center":[0,200,0],"size":[235.247,235.247,147.751]},"pointables":[{"bases":[[[0.636891,0.549541,0.540716],[-0.738777,0.234526,0.631828],[0.220404,-0.801874,0.555356]],[[0.605095,0.643633,0.468612],[-0.689468,0.129302,0.712682],[0.398113,-0.754333,0.522004]],[[0.605095,0.643633,0.468612],[-0.786777,0.573483,0.228253],[-0.12183,-0.506807,0.853407]],[[0.605095,0.643633,0.468612],[-0.745568,0.664554,0.0499578],[-0.279263,-0.379611,0.881991]]],"btipPosition":[-39.2702,244.287,-32.7595],"carpPosition":[-30.2684,181.73,41.5389],"dipPosition":[-45.6768,235.579,-12.5257],"direction":[0.12183,0.506807,-0.853407],"extended":false,"handId":470,"id":4700,"length":51.0864,"mcpPosition":[-30.2684,181.73,41.5389],"pipPosition":[-49.7485,218.64,15.9967],"stabilizedTipPosition":[-43.2645,240.36,-31.1158],"timeVisible":8.8306,"tipPosition":[-41.4796,241.088,-28.9474],"tipVelocity":[65.7105,55.1292,79.2212],"tool":false,"touchDistance":0.330689,"touchZone":"hovering","type":0,"width":19.8498},{"bases":[[[0.969549,-0.189204,-0.155487],[0.244363,0.705524,0.665223],[-0.0161625,-0.682962,0.730275]],[[0.965814,-0.115857,-0.231905],[0.200171,0.901733,0.383158],[0.164725,-0.41648,0.894097]],[[0.965814,-0.115857,-0.231905],[0.146745,0.981788,0.120657],[0.213703,-0.150563,0.965226]],[[0.965814,-0.115857,-0.231905],[0.10162,0.99218,-0.072467],[0.238488,0.0464235,0.970035]]],"btipPosition":[-30.7768,267.965,-80.3134],"carpPosition":[-15.9479,198.384,49.1192],"dipPosition":[-26.7826,268.743,-64.0673],"direction":[-0.213703,0.150563,-0.965226],"extended":true,"handId":470,"id":4701,"length":57.6453,"mcpPosition":[-14.7823,247.636,-3.54501],"pipPosition":[-21.7194,265.176,-41.1984],"stabilizedTipPosition":[-30.2343,269.966,-77.3269],"timeVisible":8.8306,"tipPosition":[-29.2871,270.636,-75.7141],"tipVelocity":[5.49563,-89.5052,18.1509],"tool":false,"touchDistance":0.142039,"touchZone":"hovering","type":1,"width":18.9605},{"bases":[[[0.902493,-0.397219,-0.166506],[0.404344,0.648215,0.645231],[-0.148366,-0.649642,0.745622]],[[0.903822,-0.391211,-0.173374],[0.197867,0.741342,-0.641296],[0.379412,0.545313,0.747449]],[[0.903822,-0.391211,-0.173374],[-0.359247,-0.4736,-0.804142],[0.232479,0.789086,-0.568592]],[[0.903822,-0.391211,-0.173374],[-0.427121,-0.849356,-0.310099],[-0.025942,0.354327,-0.934762]]],"btipPosition":[-17.7364,187.838,-5.28874],"carpPosition":[-3.95427,197.696,47.951],"dipPosition":[-18.2142,194.365,-22.5076],"direction":[-0.232479,-0.789086,0.568592],"extended":false,"handId":470,"id":4702,"length":65.6822,"mcpPosition":[6.19238,242.125,-3.04146],"pipPosition":[-11.734,216.36,-38.3568],"stabilizedTipPosition":[-26.1612,187.085,-16.242],"timeVisible":8.8306,"tipPosition":[-17.9478,189.471,-9.89236],"tipVelocity":[64.5236,12.5904,54.8667],"tool":false,"touchDistance":0.333333,"touchZone":"none","type":2,"width":18.6218},{"bases":[[[0.837756,-0.536217,-0.10313],[0.462854,0.597139,0.655126],[-0.289707,-0.59657,0.748448]],[[0.829297,-0.552746,-0.0820869],[0.359345,0.639996,-0.679173],[0.427946,0.533739,0.729373]],[[0.829297,-0.552746,-0.0820869],[-0.398148,-0.481386,-0.780862],[0.392103,0.680249,-0.619287]],[[0.829297,-0.552746,-0.0820869],[-0.552242,-0.788208,-0.271584],[0.0854157,0.270556,-0.958908]]],"btipPosition":[-5.82907,183.859,2.40391],"carpPosition":[7.33665,194.031,45.9256],"dipPosition":[-4.2647,188.814,-15.1582],"direction":[-0.392103,-0.680249,0.619287],"extended":false,"handId":470,"id":4703,"length":63.1552,"mcpPosition":[25.1252,230.662,-0.0306126],"pipPosition":[6.38267,207.286,-31.9747],"stabilizedTipPosition":[-12.8348,182.692,-6.74508],"timeVisible":8.8306,"tipPosition":[-5.49785,184.974,-1.94852],"tipVelocity":[65.6084,18.9967,39.5242],"tool":false,"touchDistance":0.333333,"touchZone":"none","type":3,"width":17.7198},{"bases":[[[0.710525,-0.692904,-0.122631],[0.560096,0.451401,0.694643],[-0.425965,-0.562247,0.708825]],[[0.706516,-0.698125,-0.116006],[0.487623,0.599023,-0.635134],[0.512893,0.392165,0.763641]],[[0.706516,-0.698125,-0.116006],[-0.471295,-0.341862,-0.813026],[0.527935,0.629089,-0.570554]],[[0.706516,-0.698125,-0.116006],[-0.690748,-0.644608,-0.327639],[0.153955,0.311613,-0.937654]]],"btipPosition":[9.83536,185.311,1.2399],"carpPosition":[16.1238,184.272,41.2155],"dipPosition":[12.4366,190.576,-14.6028],"direction":[-0.527935,-0.629089,0.570554],"extended":false,"handId":470,"id":4704,"length":49.5125,"mcpPosition":[40.3354,216.23,0.926441],"pipPosition":[22.5583,202.637,-25.5417],"stabilizedTipPosition":[3.47626,183.982,-7.00179],"timeVisible":8.8306,"tipPosition":[10.3868,186.577,-2.69154],"tipVelocity":[65.8953,23.1174,37.6055],"tool":false,"touchDistance":0.333333,"touchZone":"none","type":4,"width":15.7401}],"r":[[0.940013,0.266848,0.212524],[-0.215614,0.947521,-0.236039],[-0.264358,0.176057,0.948219]],"s":1.99844,"t":[-2.96054,-72.1836,-30.8854],"timestamp":93441136524},false],[1,{"currentFrameRate":55.2335,"devices":[],"gestures":[],"hands":[{"armBasis":[[0.937264,-0.255569,-0.23711],[0.311409,0.919502,0.239876],[0.156718,-0.298665,0.941402]],"armWidth":62.4607,"confidence":0.507208,"direction":[0.207587,0.742083,-0.637354],"elbow":[42.1713,103.008,295.522],"grabStrength":0,"id":470,"palmNormal":[-0.233818,-0.595019,-0.768948],"palmPosition":[3.59423,221.121,9.7467],"palmVelocity":[53.0555,27.4582,30.5083],"palmWidth":89.1918,"pinchStrength":0.195559,"r":[[0.938547,0.272535,0.21179],[-0.2222,0.946636,-0.233467],[-0.264116,0.17206,0.949019]],"s":1.99535,"sphereCenter":[-16.6778,213.797,-32.1778],"sphereRadius":46.7437,"stabilizedPalmPosition":[1.39031,220.064,8.30791],"t":[-2.0089,-71.6863,-30.3481],"timeVisible":8.84875,"type":"right","wrist":[0.693645,182.054,46.3663]}],"id":1682300,"interactionBox":{"center":[0,200,0],"size":[235.247,235.247,147.751]},"pointables":[{"bases":[[[0.631862,0.552807,0.543282],[-0.74089,0.224891,0.632856],[0.227668,-0.80239,0.551669]],[[0.602257,0.63952,0.477808],[-0.690107,0.116204,0.714318],[0.401297,-0.759941,0.511321]],[[0.602257,0.63952,0.477808],[-0.789492,0.565819,0.237804],[-0.118273,-0.520445,0.845665]],[[0.602257,0.63952,0.477808],[-0.749076,0.659644,0.0612817],[-0.275992,-0.394822,0.876324]]],"btipPosition":[-38.373,245.527,-31.6262],"carpPosition":[-29.0216,181.891,41.7607],"dipPosition":[-44.7046,236.47,-11.5224],"direction":[0.118273,0.520445,-0.845665],"extended":false,"handId":470,"id":4700,"length":51.0864,"mcpPosition":[-29.0216,181.891,41.7607],"pipPosition":[-48.6575,219.075,16.7412],"stabilizedTipPosition":[-42.3677,241.165,-30.0419],"timeVisible":8.84875,"tipPosition":[-40.503,242.165,-27.9109],"tipVelocity":[58.4108,59.3086,70.4473],"tool":false,"touchDistance":0.347505,"touchZone":"hovering","type":0,"width":19.8498},{"bases":[[[0.971231,-0.17967,-0.156297],[0.23793,0.704642,0.668483],[-0.00997249,-0.686439,0.727119]],[[0.966813,-0.105872,-0.232515],[0.188624,0.90963,0.370127],[0.172317,-0.401701,0.899413]],[[0.966813,-0.105872,-0.232515],[0.13235,0.986007,0.10136],[0.21853,-0.12877,0.967297]],[[0.966813,-0.105872,-0.232515],[0.0859661,0.991838,-0.0941641],[0.240587,0.0710507,0.968024]]],"btipPosition":[-30.5976,266.92,-80.0256],"carpPosition":[-14.853,198.639,49.4186],"dipPosition":[-26.5683,268.11,-63.8132],"direction":[-0.21853,0.12877,-0.967297],"extended":true,"handId":470,"id":4701,"length":57.6453,"mcpPosition":[-14.1339,248.142,-3.01803],"pipPosition":[-21.3907,265.059,-40.8953],"stabilizedTipPosition":[-29.906,268.35,-76.7266],"timeVisible":8.84875,"tipPosition":[-29.1382,269.709,-75.4653],"tipVelocity":[7.79551,-71.8197,16.8553],"tool":false,"touchDistance":0.146706,"touchZone":"hovering","type":1,"width":18.9605},{"bases":[[[0.906067,-0.388233,-0.168279],[0.398426,0.648881,0.648236],[-0.142474,-0.654392,0.742611]],[[0.907363,-0.382081,-0.175233],[0.189794,0.744356,-0.640244],[0.375061,0.547676,0.747918]],[[0.907363,-0.382081,-0.175233],[-0.35573,-0.475884,-0.804357],[0.223939,0.79218,-0.567717]],[[0.907363,-0.382081,-0.175233],[-0.419257,-0.852631,-0.311839],[-0.0302614,0.356419,-0.933836]]],"btipPosition":[-16.5155,188.296,-4.84943],"carpPosition":[-2.85366,198.066,48.248],"dipPosition":[-17.073,194.861,-22.0513],"direction":[-0.223939,-0.79218,0.567717],"extended":false,"handId":470,"id":4702,"length":65.6822,"mcpPosition":[6.89,242.819,-2.53857],"pipPosition":[-10.8308,216.943,-37.876],"stabilizedTipPosition":[-25.0201,187.411,-15.3504],"timeVisible":8.84875,"tipPosition":[-16.7481,189.948,-9.47649],"tipVelocity":[65.356,18.8432,40.3615],"tool":false,"touchDistance":0.333333,"touchZone":"none","type":2,"width":18.6218},{"bases":[[[0.842595,-0.528104,-0.105548],[0.457398,0.598294,0.6579],[-0.284291,-0.60262,0.745673]],[[0.834341,-0.544701,-0.0847154],[0.353481,0.646579,-0.676008],[0.422998,0.534076,0.732008]],[[0.834341,-0.544701,-0.0847154],[-0.393532,-0.480938,-0.783474],[0.386016,0.687022,-0.615623]],[[0.834341,-0.544701,-0.0847154],[-0.544932,-0.791784,-0.275912],[0.0832133,0.276369,-0.957442]]],"btipPosition":[-4.60582,184.406,2.6134],"carpPosition":[8.47013,194.512,46.2064],"dipPosition":[-3.08179,189.468,-14.9219],"direction":[-0.386016,-0.687022,0.615623],"extended":false,"handId":470,"id":4703,"length":63.1552,"mcpPosition":[25.9261,231.514,0.420591],"pipPosition":[7.4003,208.124,-31.6389],"stabilizedTipPosition":[-11.3592,183.187,-5.8292],"timeVisible":8.84875,"tipPosition":[-4.28176,185.553,-1.71664],"tipVelocity":[66.2241,24.9699,26.3539],"tool":false,"touchDistance":0.333333,"touchZone":"none","type":3,"width":17.7198},{"bases":[[[0.716793,-0.685848,-0.125778],[0.555958,0.453265,0.696751],[-0.420854,-0.569353,0.7062]],[[0.713138,-0.690731,-0.119686],[0.481568,0.606768,-0.632396],[0.509437,0.393349,0.765343]],[[0.713138,-0.690731,-0.119686],[-0.468276,-0.342322,-0.814575],[0.521681,0.636951,-0.567576]],[[0.713138,-0.690731,-0.119686],[-0.684628,-0.649527,-0.330755],[0.150723,0.317815,-0.936096]]],"btipPosition":[11.061,186.002,1.48311],"carpPosition":[17.3457,184.856,41.4519],"dipPosition":[13.6076,191.372,-14.3333],"direction":[-0.521681,-0.636951,0.567576],"extended":false,"handId":470,"id":4704,"length":49.5125,"mcpPosition":[41.2667,217.217,1.31208],"pipPosition":[23.6094,203.584,-25.215],"stabilizedTipPosition":[4.98691,184.583,-6.1056],"timeVisible":8.84875,"tipPosition":[11.5963,187.299,-2.43705],"tipVelocity":[66.351,30.8746,26.2318],"tool":false,"touchDistance":0.333333,"touchZone":"none","type":4,"width":15.7401}],"r":[[0.938547,0.272535,0.21179],[-0.2222,0.946636,-0.233467],[-0.264116,0.17206,0.949019]],"s":1.99535,"t":[-2.0089,-71.6863,-30.3481],"timestamp":93441154670},false],[2,{"currentFrameRate":55.2218,"devices":[],"gestures":[],"hands":[{"armBasis":[[0.943786,-0.24423,-0.222755],[0.296257,0.923872,0.242265],[0.146629,-0.294639,0.944292]],"armWidth":62.4607,"confidence":0.51708,"direction":[0.195629,0.75482,-0.626079],"elbow":[40.8964,104.978,296.151],"grabStrength":0,"id":470,"palmNormal":[-0.223475,-0.587305,-0.777902],"palmPosition":[4.36306,222.609,10.1983],"palmVelocity":[47.9596,53.4385,27.8269],"palmWidth":89.1918,"pinchStrength":0.204402,"r":[[0.936393,0.27955,0.212179],[-0.23056,0.945819,-0.228624],[-0.264595,0.165162,0.950111]],"s":1.99206,"sphereCenter":[-15.4057,215.253,-31.9436],"sphereRadius":46.6144,"stabilizedPalmPosition":[2.38961,220.92,8.94336],"t":[-1.14866,-70.6938,-29.8536],"timeVisible":8.86689,"type":"right","wrist":[2.08912,182.958,46.2306]}],"id":1682301,"interactionBox":{"center":[0,200,0],"size":[235.247,235.247,147.751]},"pointables":[{"bases":[[[0.622295,0.555054,0.551963],[-0.744884,0.203147,0.635515],[0.240615,-0.806627,0.539868]],[[0.592676,0.638907,0.490442],[-0.692707,0.0936419,0.715114],[0.410966,-0.763563,0.498075]],[[0.592676,0.638907,0.490442],[-0.797682,0.549921,0.24757],[-0.11153,-0.537945,0.835569]],[[0.592676,0.638907,0.490442],[-0.757797,0.648642,0.0707638],[-0.27291,-0.413595,0.868596]]],"btipPosition":[-37.7372,247.201,-30.6255],"carpPosition":[-27.6166,182.371,41.5985],"dipPosition":[-43.9981,237.713,-10.699],"direction":[0.11153,0.537945,-0.835569],"extended":false,"handId":470,"id":4700,"length":51.0864,"mcpPosition":[-27.6166,182.371,41.5985],"pipPosition":[-47.7256,219.733,17.2272],"stabilizedTipPosition":[-41.5359,242.17,-28.9992],"timeVisible":8.86689,"tipPosition":[-39.8429,243.776,-26.9481],"tipVelocity":[47.6972,72.3918,62.0804],"tool":false,"touchDistance":0.360486,"touchZone":"hovering","type":0,"width":19.8498},{"bases":[[[0.974167,-0.161211,-0.158146],[0.225828,0.698463,0.679081],[0.000983732,-0.697252,0.716826]],[[0.968624,-0.0867338,-0.232906],[0.170605,0.913501,0.369337],[0.180726,-0.397483,0.899636]],[[0.968624,-0.0867338,-0.232906],[0.111468,0.989197,0.0952049],[0.222132,-0.118179,0.967828]],[[0.968624,-0.0867338,-0.232906],[0.0641407,0.992622,-0.102898],[0.240112,0.084731,0.96704]]],"btipPosition":[-30.6983,267.639,-79.1911],"carpPosition":[-13.7321,199.236,49.5163],"dipPosition":[-26.6769,269.058,-62.9952],"direction":[-0.222132,0.118179,-0.967828],"extended":true,"handId":470,"id":4701,"length":57.6453,"mcpPosition":[-13.8031,249.519,-2.17806],"pipPosition":[-21.414,266.258,-40.0647],"stabilizedTipPosition":[-29.8573,268.209,-76.2634],"timeVisible":8.86689,"tipPosition":[-29.3175,270.476,-74.6437],"tipVelocity":[1.38779,-17.3142,30.634],"tool":false,"touchDistance":0.16055,"touchZone":"hovering","type":1,"width":18.9605},{"bases":[[[0.912476,-0.370623,-0.17328],[0.387238,0.645676,0.658141],[-0.13204,-0.667638,0.732683]],[[0.913696,-0.364225,-0.180275],[0.177025,0.755997,-0.630183],[0.365816,0.543883,0.755229]],[[0.913696,-0.364225,-0.180275],[-0.347748,-0.471144,-0.810614],[0.21031,0.803345,-0.557141]],[[0.913696,-0.364225,-0.180275],[-0.404775,-0.855212,-0.323681],[-0.0362804,0.368717,-0.928833]]],"btipPosition":[-15.1721,189.657,-4.80358],"carpPosition":[-1.72421,198.88,48.3472],"dipPosition":[-15.8404,196.449,-21.9133],"direction":[-0.21031,-0.803345,0.557141],"extended":false,"handId":470,"id":4702,"length":65.6822,"mcpPosition":[7.30587,244.539,-1.76035],"pipPosition":[-9.97814,218.842,-37.4432],"stabilizedTipPosition":[-23.6158,187.963,-14.3927],"timeVisible":8.86689,"tipPosition":[-15.4331,191.372,-9.41233],"tipVelocity":[68.8159,46.9734,22.8874],"tool":false,"touchDistance":0.333333,"touchZone":"none","type":2,"width":18.6218},{"bases":[[[0.851294,-0.512444,-0.112688],[0.447034,0.595935,0.6671],[-0.274697,-0.618274,0.736396]],[[0.843354,-0.529383,-0.0922355],[0.343059,0.662536,-0.665851],[0.413599,0.529906,0.740362]],[[0.843354,-0.529383,-0.0922355],[-0.384858,-0.475259,-0.79121],[0.375017,0.702767,-0.604549]],[[0.843354,-0.529383,-0.0922355],[-0.531461,-0.796359,-0.288724],[0.0793931,0.292516,-0.952959]]],"btipPosition":[-3.22667,185.86,2.49035],"carpPosition":[9.65811,195.545,46.2624],"dipPosition":[-1.77261,191.217,-14.9629],"direction":[-0.375017,-0.702767,0.604549],"extended":false,"handId":470,"id":4703,"length":63.1552,"mcpPosition":[26.5251,233.508,1.04622],"pipPosition":[8.41081,210.3,-31.3791],"stabilizedTipPosition":[-9.685,183.959,-4.97789],"timeVisible":8.86689,"tipPosition":[-2.91659,187.083,-1.80574],"tipVelocity":[70.4557,53.015,11.0597],"tool":false,"touchDistance":0.333333,"touchZone":"none","type":3,"width":17.7198},{"bases":[[[0.728136,-0.671933,-0.135366],[0.547963,0.451996,0.703872],[-0.41177,-0.58669,0.697309]],[[0.725037,-0.676301,-0.130148],[0.471325,0.625035,-0.622241],[0.50217,0.389806,0.771931]],[[0.725037,-0.676301,-0.130148],[-0.461767,-0.337159,-0.820424],[0.510972,0.654936,-0.556746]],[[0.725037,-0.676301,-0.130148],[-0.673121,-0.655878,-0.34166],[0.145704,0.335322,-0.930768]]],"btipPosition":[12.4363,187.723,1.38284],"carpPosition":[18.6953,186.109,41.3723],"dipPosition":[14.8981,193.388,-14.3436],"direction":[-0.510972,-0.654936,0.556746],"extended":false,"handId":470,"id":4704,"length":49.5125,"mcpPosition":[42.1,219.456,1.73779],"pipPosition":[24.6946,205.945,-25.0176],"stabilizedTipPosition":[6.67962,185.522,-5.28806],"timeVisible":8.86689,"tipPosition":[12.9453,189.096,-2.49361],"tipVelocity":[70.3311,63.1237,11.6418],"tool":false,"touchDistance":0.333333,"touchZone":"none","type":4,"width":15.7401}],"r":[[0.936393,0.27955,0.212179],[-0.23056,0.945819,-0.228624],[-0.264595,0.165162,0.950111]],"s":1.99206,"t":[-1.14866,-70.6938,-29.8536],"timestamp":93441172819},false],[3,{"currentFrameRate":55.2508,"devices":[],"gestures":[],"hands":[{"armBasis":[[0.948539,-0.237283,-0.209692],[0.284479,0.929393,0.235158],[0.139087,-0.28271,0.949068]],"armWidth":62.4607,"confidence":0.526174,"direction":[0.185059,0.760209,-0.622765],"elbow":[40.0633,109.344,297.48],"grabStrength":0.00346629,"id":470,"palmNormal":[-0.216487,-0.586607,-0.780401],"palmPosition":[4.96822,224.009,10.4448],"palmVelocity":[41.167,64.9816,21.1335],"palmWidth":89.1918,"pinchStrength":0.214149,"r":[[0.933913,0.287411,0.212605],[-0.239769,0.944675,-0.223828],[-0.265174,0.15806,0.951157]],"s":1.98833,"sphereCenter":[-14.3049,216.224,-31.8208],"sphereRadius":46.4519,"stabilizedPalmPosition":[3.3194,222.034,9.48476],"t":[-0.41596,-69.4974,-29.4831],"timeVisible":8.88489,"type":"right","wrist":[3.25191,184.167,46.2956]}],"id":1682302,"interactionBox":{"center":[0,200,0],"size":[235.247,235.247,147.751]},"pointables":[{"bases":[[[0.615475,0.560652,0.553949],[-0.74687,0.190387,0.637133],[0.251745,-0.805867,0.535913]],[[0.585944,0.641451,0.495187],[-0.693535,0.0808858,0.715868],[0.419141,-0.762888,0.492264]],[[0.585944,0.641451,0.495187],[-0.803493,0.539226,0.252257],[-0.105207,-0.545688,0.831358]],[[0.585944,0.641451,0.495187],[-0.764405,0.640359,0.0750002],[-0.268989,-0.422469,0.865543]]],"btipPosition":[-37.27,248.469,-30.0407],"carpPosition":[-26.448,183.21,41.6882],"dipPosition":[-43.4408,238.777,-10.1842],"direction":[0.105207,0.545688,-0.831358],"extended":false,"handId":470,"id":4700,"length":51.0864,"mcpPosition":[-26.448,183.21,41.6882],"pipPosition":[-46.957,220.539,17.6013],"stabilizedTipPosition":[-40.7623,243.276,-28.0411],"timeVisible":8.88489,"tipPosition":[-39.3582,245.017,-26.3673],"tipVelocity":[37.9438,70.2308,47.6396],"tool":false,"touchDistance":0.366302,"touchZone":"hovering","type":0,"width":19.8498},{"bases":[[[0.976049,-0.147636,-0.159786],[0.217279,0.69824,0.682093],[0.0108679,-0.700474,0.713595]],[[0.969567,-0.07361,-0.2335],[0.155796,0.921211,0.356508],[0.18886,-0.382036,0.904644]],[[0.969567,-0.07361,-0.2335],[0.0934082,0.992808,0.0748817],[0.226309,-0.0944136,0.969469]],[[0.969567,-0.07361,-0.2335],[0.044821,0.99098,-0.126292],[0.24069,0.111983,0.96412]]],"btipPosition":[-30.9092,267.185,-79.0042],"carpPosition":[-12.779,200.219,49.6711],"dipPosition":[-26.8782,269.06,-62.8572],"direction":[-0.226309,0.0944136,-0.969469],"extended":true,"handId":470,"id":4701,"length":57.6453,"mcpPosition":[-13.5628,250.735,-1.79027],"pipPosition":[-21.5163,266.823,-39.8878],"stabilizedTipPosition":[-29.8923,268.043,-75.9901],"timeVisible":8.88489,"tipPosition":[-29.5928,270.187,-74.4893],"tipVelocity":[-4.76279,-18.3102,20.7451],"tool":false,"touchDistance":0.163478,"touchZone":"hovering","type":1,"width":18.9605},{"bases":[[[0.917106,-0.357771,-0.175831],[0.379349,0.64768,0.660761],[-0.122518,-0.672689,0.729711]],[[0.918247,-0.351253,-0.182875],[0.166145,0.7609,-0.627238],[0.359469,0.545576,0.757053]],[[0.918247,-0.351253,-0.182875],[-0.342464,-0.472467,-0.812092],[0.198847,0.808329,-0.554133]],[[0.918247,-0.351253,-0.182875],[-0.393738,-0.859169,-0.326801],[-0.0423313,0.372089,-0.927231]]],"btipPosition":[-14.1368,190.868,-4.65782],"carpPosition":[-0.768627,200.026,48.4893],"dipPosition":[-14.9166,197.722,-21.738],"direction":[-0.198847,-0.808329,0.554133],"extended":false,"handId":470,"id":4702,"length":65.6822,"mcpPosition":[7.61029,246.031,-1.41503],"pipPosition":[-9.37383,220.254,-37.1841],"stabilizedTipPosition":[-22.0487,188.718,-13.4142],"timeVisible":8.88489,"tipPosition":[-14.4261,192.597,-9.25316],"tipVelocity":[62.7899,56.973,16.0596],"tool":false,"touchDistance":0.333333,"touchZone":"none","type":2,"width":18.6218},{"bases":[[[0.857857,-0.500663,-0.115839],[0.439804,0.59869,0.669435],[-0.265809,-0.625225,0.733784]],[[0.850205,-0.517704,-0.0955716],[0.333604,0.670245,-0.662933],[0.40726,0.531745,0.742554]],[[0.850205,-0.517704,-0.0955716],[-0.379173,-0.476241,-0.793361],[0.365211,0.710758,-0.601203]],[[0.850205,-0.517704,-0.0955716],[-0.521112,-0.801807,-0.292484],[0.0747899,0.298474,-0.951483]]],"btipPosition":[-2.14769,187.186,2.55303],"carpPosition":[10.6546,196.852,46.3786],"dipPosition":[-0.777928,192.653,-14.8731],"direction":[-0.365211,-0.710758,0.601202],"extended":false,"handId":470,"id":4703,"length":63.1552,"mcpPosition":[26.9758,235.242,1.32283],"pipPosition":[9.13921,211.953,-31.1985],"stabilizedTipPosition":[-7.96912,184.939,-4.20807],"timeVisible":8.88489,"tipPosition":[-1.85569,188.44,-1.72279],"tipVelocity":[64.9668,63.4806,7.63346],"tool":false,"touchDistance":0.333333,"touchZone":"none","type":3,"width":17.7198},{"bases":[[[0.736787,-0.661654,-0.13914],[0.542655,0.455926,0.705448],[-0.403325,-0.59527,0.694969]],[[0.734407,-0.665136,-0.135059],[0.461953,0.635653,-0.618502],[0.497238,0.391841,0.774089]],[[0.734407,-0.665136,-0.135059],[-0.457466,-0.33811,-0.822439],[0.50137,0.66579,-0.552587]],[[0.734407,-0.665136,-0.135059],[-0.664083,-0.663119,-0.345352],[0.140146,0.343319,-0.928704]]],"btipPosition":[13.5203,189.246,1.39073],"carpPosition":[19.8104,187.558,41.4366],"dipPosition":[15.8882,195.046,-14.3008],"direction":[-0.501369,-0.66579,0.552587],"extended":false,"handId":470,"id":4704,"length":49.5125,"mcpPosition":[42.7351,221.392,1.9351],"pipPosition":[25.5006,207.811,-24.8951],"stabilizedTipPosition":[8.40506,186.703,-4.57087],"timeVisible":8.88489,"tipPosition":[13.9982,190.656,-2.44107],"tipVelocity":[64.9751,74.1224,6.54524],"tool":false,"touchDistance":0.333333,"touchZone":"none","type":4,"width":15.7401}],"r":[[0.933913,0.287411,0.212605],[-0.239769,0.944675,-0.223828],[-0.265174,0.15806,0.951157]],"s":1.98833,"t":[-0.41596,-69.4974,-29.4831],"timestamp":93441190818},false],[4,{"currentFrameRate":55.2686,"devices":[],"gestures":[],"hands":[{"armBasis":[[0.95077,-0.231628,-0.205875],[0.277068,0.932939,0.22991],[0.138815,-0.275632,0.951187]],"armWidth":62.4607,"confidence":0.543659,"direction":[0.1797,0.762537,-0.621486],"elbow":[40.8828,112.315,298.227],"grabStrength":0.0297368,"id":470,"palmNormal":[-0.211159,-0.587143,-0.781457],"palmPosition":[5.58215,225.172,10.6907],"palmVelocity":[37.7893,64.7488,17.5774],"palmWidth":89.1918,"pinchStrength":0.221776,"r":[[0.931375,0.295076,0.21324],[-0.248557,0.943358,-0.219762],[-0.266008,0.151678,0.951963]],"s":1.98448,"sphereCenter":[-13.1726,216.993,-31.6897],"sphereRadius":46.3068,"stabilizedPalmPosition":[4.18029,223.228,9.94359],"t":[0.257352,-68.3177,-29.1749],"timeVisible":8.90293,"type":"right","wrist":[4.14342,185.265,46.4821]}],"id":1682303,"interactionBox":{"center":[0,200,0],"size":[235.247,235.247,147.751]},"pointables":[{"bases":[[[0.610552,0.564637,0.555348],[-0.748936,0.183618,0.636694],[0.257529,-0.804655,0.534986]],[[0.581123,0.643712,0.497927],[-0.695202,0.0745868,0.714935],[0.423073,-0.761624,0.490854]],[[0.581123,0.643712,0.497927],[-0.807321,0.533133,0.252986],[-0.102611,-0.549002,0.829498]],[[0.581123,0.643712,0.497927],[-0.768077,0.636051,0.0741345],[-0.268986,-0.425527,0.864045]]],"btipPosition":[-36.6449,249.461,-29.7184],"carpPosition":[-25.5438,184.083,41.845],"dipPosition":[-42.8158,239.699,-9.8963],"direction":[0.102611,0.549002,-0.829498],"extended":false,"handId":470,"id":4700,"length":51.0864,"mcpPosition":[-25.5438,184.083,41.845],"pipPosition":[-46.2452,221.35,17.827],"stabilizedTipPosition":[-39.9585,244.449,-27.1826],"timeVisible":8.90293,"tipPosition":[-38.7352,246.032,-26.024],"tipVelocity":[36.3868,62.5963,33.3107],"tool":false,"touchDistance":0.367721,"touchZone":"hovering","type":0,"width":19.8498},{"bases":[[[0.977323,-0.139772,-0.159068],[0.211171,0.698923,0.683311],[0.0156681,-0.701406,0.71259]],[[0.970511,-0.0667779,-0.231624],[0.145827,0.927744,0.343549],[0.191947,-0.367195,0.910123]],[[0.970511,-0.0667779,-0.231624],[0.0818226,0.995075,0.0559556],[0.226747,-0.0732576,0.971195]],[[0.970511,-0.0667779,-0.231624],[0.0328499,0.988538,-0.147356],[0.23881,0.135402,0.96158]]],"btipPosition":[-30.6009,266.701,-78.9664],"carpPosition":[-12.0157,201.187,49.8655],"dipPosition":[-26.6014,268.969,-62.8619],"direction":[-0.226747,0.0732576,-0.971195],"extended":true,"handId":470,"id":4701,"length":57.6453,"mcpPosition":[-13.1456,251.77,-1.52335],"pipPosition":[-21.2291,267.234,-39.8517],"stabilizedTipPosition":[-29.8303,267.802,-75.7766],"timeVisible":8.90293,"tipPosition":[-29.3619,269.781,-74.5039],"tipVelocity":[5.41703,-19.9679,11.642],"tool":false,"touchDistance":0.163946,"touchZone":"hovering","type":1,"width":18.9605},{"bases":[[[0.92004,-0.350337,-0.175473],[0.373652,0.649662,0.66206],[-0.117946,-0.674687,0.728619]],[[0.921149,-0.343725,-0.182588],[0.160452,0.762767,-0.626451],[0.354599,0.547758,0.757773]],[[0.921149,-0.343725,-0.182588],[-0.33818,-0.474617,-0.812633],[0.192663,0.810304,-0.553434]],[[0.921149,-0.343725,-0.182588],[-0.386634,-0.862006,-0.327812],[-0.0447146,0.372558,-0.926931]]],"btipPosition":[-13.2375,191.901,-4.43655],"carpPosition":[-0.00301199,201.09,48.695],"dipPosition":[-14.0612,198.764,-21.5112],"direction":[-0.192663,-0.810304,0.553434],"extended":false,"handId":470,"id":4702,"length":65.6822,"mcpPosition":[8.06323,247.231,-1.13469],"pipPosition":[-8.6908,221.351,-36.9378],"stabilizedTipPosition":[-20.4277,189.613,-12.4647],"timeVisible":8.90293,"tipPosition":[-13.538,193.63,-9.02673],"tipVelocity":[56.3967,57.1822,14.296],"tool":false,"touchDistance":0.333333,"touchZone":"none","type":2,"width":18.6218},{"bases":[[[0.861852,-0.493775,-0.115745],[0.43448,0.601133,0.670721],[-0.261608,-0.628351,0.732623]],[[0.854356,-0.510817,-0.0956153],[0.328935,0.67397,-0.661488],[0.402341,0.533695,0.743836]],[[0.854356,-0.510817,-0.0956153],[-0.374534,-0.477664,-0.794708],[0.360278,0.714775,-0.599414]],[[0.854356,-0.510817,-0.0956153],[-0.514461,-0.805293,-0.294676],[0.0735272,0.300948,-0.950802]]],"btipPosition":[-1.24112,188.294,2.71905],"carpPosition":[11.4466,198.008,46.5906],"dipPosition":[0.105509,193.806,-14.6946],"direction":[-0.360278,-0.714775,0.599414],"extended":false,"handId":470,"id":4703,"length":63.1552,"mcpPosition":[27.5099,236.59,1.60604],"pipPosition":[9.8887,213.216,-30.9714],"stabilizedTipPosition":[-6.32223,186.021,-3.52431],"timeVisible":8.90293,"tipPosition":[-0.952852,189.563,-1.54086],"tipVelocity":[57.8576,62.7903,8.4554],"tool":false,"touchDistance":0.333333,"touchZone":"none","type":3,"width":17.7198},{"bases":[[[0.742066,-0.655673,-0.139394],[0.538409,0.459124,0.706626],[-0.399316,-0.599414,0.693721]],[[0.740137,-0.658549,-0.136056],[0.456878,0.640919,-0.616835],[0.493417,0.394381,0.775244]],[[0.740137,-0.658549,-0.136056],[-0.453982,-0.34008,-0.823556],[0.496082,0.671311,-0.550676]],[[0.740137,-0.658549,-0.136056],[-0.658168,-0.667942,-0.347374],[0.137885,0.346651,-0.927804]]],"btipPosition":[14.4336,190.466,1.57706],"carpPosition":[20.6795,188.793,41.6439],"dipPosition":[16.7633,196.323,-14.0993],"direction":[-0.496082,-0.671311,0.550676],"extended":false,"handId":470,"id":4704,"length":49.5125,"mcpPosition":[43.3763,222.863,2.21331],"pipPosition":[26.2743,209.193,-24.6569],"stabilizedTipPosition":[10.0474,187.982,-3.93481],"timeVisible":8.90293,"tipPosition":[14.8973,191.895,-2.23912],"tipVelocity":[57.9472,71.403,8.43408],"tool":false,"touchDistance":0.333333,"touchZone":"none","type":4,"width":15.7401}],"r":[[0.931375,0.295076,0.21324],[-0.248557,0.943358,-0.219762],[-0.266008,0.151678,0.951963]],"s":1.98448,"t":[0.257352,-68.3177,-29.1749],"timestamp":93441208850},false],[5,{"currentFrameRate":55.278,"devices":[],"gestures":[],"hands":[{"armBasis":[[0.953836,-0.221166,-0.20318],[0.266703,0.934822,0.234472],[0.13808,-0.277836,0.950653]],"armWidth":62.4607,"confidence":0.563347,"direction":[0.176024,0.769558,-0.613837],"elbow":[41.5055,113.008,297.828],"grabStrength":0.0524002,"id":470,"palmNormal":[-0.200774,-0.582399,-0.787719],"palmPosition":[6.22706,226.767,10.785],"palmVelocity":[36.8035,75.9466,11.709],"palmWidth":89.1918,"pinchStrength":0.228932,"r":[[0.928453,0.30261,0.21541],[-0.257134,0.942111,-0.215195],[-0.26806,0.14441,0.952517]],"s":1.9806,"sphereCenter":[-11.8102,218.502,-31.8521],"sphereRadius":46.172,"stabilizedPalmPosition":[5.00084,224.647,10.2809],"t":[0.916464,-66.9303,-28.9737],"timeVisible":8.92098,"type":"right","wrist":[4.96065,186.542,46.2243]}],"id":1682304,"interactionBox":{"center":[0,200,0],"size":[235.247,235.247,147.751]},"pointables":[{"bases":[[[0.601713,0.565692,0.563857],[-0.754482,0.170901,0.63368],[0.262104,-0.806713,0.529638]],[[0.572051,0.644538,0.507275],[-0.700519,0.062218,0.710917],[0.426651,-0.762037,0.487103]],[[0.572051,0.644538,0.507275],[-0.813784,0.52331,0.252787],[-0.102531,-0.55742,0.823875]],[[0.572051,0.644538,0.507275],[-0.773943,0.628961,0.0736194],[-0.271606,-0.434716,0.858634]]],"btipPosition":[-35.9042,251.003,-29.6708],"carpPosition":[-24.6854,185.113,41.397],"dipPosition":[-42.1351,241.031,-9.97286],"direction":[0.102531,0.55742,-0.823875],"extended":false,"handId":470,"id":4700,"length":51.0864,"mcpPosition":[-24.6854,185.113,41.397],"pipPosition":[-45.5619,222.401,17.5625],"stabilizedTipPosition":[-39.0487,245.928,-26.4737],"timeVisible":8.92098,"tipPosition":[-37.9949,247.571,-25.9822],"tipVelocity":[38.2245,72.159,17.993],"tool":false,"touchDistance":0.364567,"touchZone":"hovering","type":0,"width":19.8498},{"bases":[[[0.979568,-0.128971,-0.154317],[0.200291,0.695015,0.690535],[0.0181937,-0.707334,0.706646]],[[0.972639,-0.0563731,-0.225377],[0.132712,0.93107,0.339847],[0.190683,-0.360458,0.913077]],[[0.972639,-0.0563731,-0.225377],[0.0686151,0.996542,0.0468527],[0.221956,-0.061035,0.973144]],[[0.972639,-0.0563731,-0.225377],[0.0204029,0.987092,-0.158849],[0.231422,0.149904,0.961235]]],"btipPosition":[-29.8489,267.403,-78.9225],"carpPosition":[-11.372,202.277,49.6455],"dipPosition":[-25.9731,269.913,-62.8238],"direction":[-0.221956,0.061035,-0.973144],"extended":true,"handId":470,"id":4701,"length":57.6453,"mcpPosition":[-12.684,253.287,-1.31468],"pipPosition":[-20.7143,268.467,-39.7674],"stabilizedTipPosition":[-29.5366,267.862,-75.5893],"timeVisible":8.92098,"tipPosition":[-28.7059,270.508,-74.4867],"tipVelocity":[21.8716,9.42579,7.23194],"tool":false,"touchDistance":0.164654,"touchZone":"hovering","type":1,"width":18.9605},{"bases":[[[0.924426,-0.339929,-0.172871],[0.363366,0.647507,0.669851],[-0.115767,-0.682043,0.722091]],[[0.925525,-0.333175,-0.179996],[0.156503,0.769352,-0.619357],[0.344835,0.54506,0.764198]],[[0.925525,-0.333175,-0.179996],[-0.328857,-0.471458,-0.818279],[0.18777,0.81653,-0.545912]],[[0.925525,-0.333175,-0.179996],[-0.376229,-0.863082,-0.33696],[-0.0430844,0.379584,-0.924154]]],"btipPosition":[-12.1679,193.445,-4.70223],"carpPosition":[0.647894,202.306,48.5472],"dipPosition":[-12.9616,200.437,-21.7257],"direction":[-0.18777,-0.81653,0.545912],"extended":false,"handId":470,"id":4702,"length":65.6822,"mcpPosition":[8.56509,248.95,-0.836024],"pipPosition":[-7.7276,223.197,-36.9427],"stabilizedTipPosition":[-18.724,190.761,-11.6532],"timeVisible":8.92098,"tipPosition":[-12.4594,195.206,-9.27578],"tipVelocity":[57.9232,71.3991,0.830415],"tool":false,"touchDistance":0.333333,"touchZone":"none","type":2,"width":18.6218},{"bases":[[[0.867274,-0.484431,-0.114726],[0.424607,0.599494,0.678466],[-0.259892,-0.637129,0.725619]],[[0.859861,-0.501633,-0.0948873],[0.3263,0.682942,-0.653543],[0.392641,0.530994,0.750918]],[[0.859861,-0.501633,-0.0948873],[-0.364975,-0.474041,-0.801298],[0.356977,0.723636,-0.590693]],[[0.859861,-0.501633,-0.0948873],[-0.50477,-0.807514,-0.305169],[0.07646,0.310299,-0.947559]]],"btipPosition":[-0.193051,189.884,2.4383],"carpPosition":[12.1393,199.352,46.4861],"dipPosition":[1.20729,195.567,-14.916],"direction":[-0.356977,-0.723636,0.590693],"extended":false,"handId":470,"id":4703,"length":63.1552,"mcpPosition":[28.0972,238.473,1.93166],"pipPosition":[10.9008,215.217,-30.956],"stabilizedTipPosition":[-4.70347,187.318,-3.02971],"timeVisible":8.92098,"tipPosition":[0.110198,191.198,-1.79593],"tipVelocity":[58.2687,75.8225,-2.5832],"tool":false,"touchDistance":0.333333,"touchZone":"none","type":3,"width":17.7198},{"bases":[[[0.749207,-0.647266,-0.140487],[0.529691,0.458189,0.713786],[-0.397639,-0.609188,0.686129]],[[0.748472,-0.648388,-0.139222],[0.454115,0.6541,-0.604924],[0.483291,0.389546,0.784018]],[[0.748472,-0.648388,-0.139222],[-0.443839,-0.333783,-0.831622],[0.492744,0.684238,-0.537607]],[[0.748472,-0.648388,-0.139222],[-0.648172,-0.670857,-0.36031],[0.140223,0.359921,-0.922385]]],"btipPosition":[15.5247,192.194,1.2354],"carpPosition":[21.4905,190.27,41.5169],"dipPosition":[17.8939,198.275,-14.3494],"direction":[-0.492744,-0.684238,0.537607],"extended":false,"handId":470,"id":4704,"length":49.5125,"mcpPosition":[44.092,224.895,2.51787],"pipPosition":[27.3409,211.394,-24.6565],"stabilizedTipPosition":[11.666,189.49,-3.5086],"timeVisible":8.92098,"tipPosition":[15.9821,193.68,-2.47515],"tipVelocity":[59.3617,84.2948,-4.00137],"tool":false,"touchDistance":0.333333,"touchZone":"none","type":4,"width":15.7401}],"r":[[0.928453,0.30261,0.21541],[-0.257134,0.942111,-0.215195],[-0.26806,0.14441,0.952517]],"s":1.9806,"t":[0.916464,-66.9303,-28.9737],"timestamp":93441226908},false],[6,{"currentFrameRate":55.272,"devices":[],"gestures":[],"hands":[{"armBasis":[[0.955819,-0.214897,-0.20057],[0.259916,0.936554,0.23518],[0.137305,-0.276921,0.951032]],"armWidth":62.4607,"confidence":0.57327,"direction":[0.172268,0.776395,-0.606246],"elbow":[41.8287,114.058,297.767],"grabStrength":0.0663185,"id":470,"palmNormal":[-0.19495,-0.576402,-0.793571],"palmPosition":[6.5672,227.909,11.0014],"palmVelocity":[28.2257,69.8118,11.8225],"palmWidth":89.1918,"pinchStrength":0.234179,"r":[[0.925544,0.309456,0.218187],[-0.26516,0.941074,-0.20993],[-0.270294,0.136445,0.95306]],"s":1.97703,"sphereCenter":[-11.0452,219.73,-31.8124],"sphereRadius":46.0781,"stabilizedPalmPosition":[5.64063,225.979,10.5752],"t":[1.41609,-65.6656,-28.7649],"timeVisible":8.9391,"type":"right","wrist":[5.4889,187.349,46.0631]}],"id":1682305,"interactionBox":{"center":[0,200,0],"size":[235.247,235.247,147.751]},"pointables":[{"bases":[[[0.596525,0.564481,0.570544],[-0.757128,0.159913,0.633392],[0.2663,-0.809808,0.522776]],[[0.566584,0.64337,0.514837],[-0.703114,0.0516845,0.709197],[0.429667,-0.763809,0.481646]],[[0.566584,0.64337,0.514837],[-0.817776,0.515707,0.255516],[-0.101114,-0.565793,0.818324]],[[0.566584,0.64337,0.514837],[-0.777821,0.62382,0.0764396],[-0.271987,-0.443761,0.853873]]],"btipPosition":[-35.5402,252.229,-29.3557],"carpPosition":[-24.1352,185.765,41.1504],"dipPosition":[-41.7799,242.049,-9.76691],"direction":[0.101114,0.565793,-0.818324],"extended":false,"handId":470,"id":4700,"length":51.0864,"mcpPosition":[-24.1352,185.765,41.1504],"pipPosition":[-45.1593,223.139,17.5829],"stabilizedTipPosition":[-38.262,247.431,-25.8578],"timeVisible":8.9391,"tipPosition":[-37.6287,248.8,-25.6587],"tipVelocity":[29.5435,68.7767,17.0506],"tool":false,"touchDistance":0.365794,"touchZone":"hovering","type":0,"width":19.8498},{"bases":[[[0.980783,-0.120918,-0.153113],[0.193935,0.689909,0.697434],[0.0213019,-0.713726,0.700101]],[[0.973641,-0.0483613,-0.222901],[0.124368,0.931768,0.341087],[0.191196,-0.359818,0.913222]],[[0.973641,-0.0483613,-0.222901],[0.0596712,0.997235,0.0442831],[0.220143,-0.0564166,0.973835]],[[0.973641,-0.0483613,-0.222901],[0.0115966,0.986495,-0.163379],[0.227792,0.156487,0.961053]]],"btipPosition":[-29.5769,268.281,-78.5254],"carpPosition":[-10.958,202.942,49.5902],"dipPosition":[-25.7619,270.902,-62.4297],"direction":[-0.220143,0.0564166,-0.973835],"extended":true,"handId":470,"id":4701,"length":57.6453,"mcpPosition":[-12.4942,254.412,-0.898095],"pipPosition":[-20.5461,269.565,-39.3569],"stabilizedTipPosition":[-29.2462,268.217,-75.3235],"timeVisible":8.9391,"tipPosition":[-28.4964,271.325,-74.1228],"tipVelocity":[18.2416,28.6854,14.2065],"tool":false,"touchDistance":0.171262,"touchZone":"hovering","type":1,"width":18.9605},{"bases":[[[0.927116,-0.332062,-0.173756],[0.357377,0.643697,0.676709],[-0.112863,-0.689484,0.715453]],[[0.928195,-0.325171,-0.180881],[0.152493,0.775844,-0.612218],[0.339411,0.540675,0.769721]],[[0.928195,-0.325171,-0.180881],[-0.323856,-0.466616,-0.823035],[0.183224,0.822516,-0.538419]],[[0.928195,-0.325171,-0.180881],[-0.369514,-0.862663,-0.345358],[-0.0437392,0.387398,-0.920874]]],"btipPosition":[-11.5554,194.605,-4.80421],"carpPosition":[1.06397,203.061,48.5215],"dipPosition":[-12.3611,201.741,-21.7673],"direction":[-0.183224,-0.822516,0.538419],"extended":false,"handId":470,"id":4702,"length":65.6822,"mcpPosition":[8.78259,250.214,-0.407761],"pipPosition":[-7.25385,224.669,-36.7754],"stabilizedTipPosition":[-17.1429,192.003,-10.9859],"timeVisible":8.9391,"tipPosition":[-11.8493,196.403,-9.35816],"tipVelocity":[46.3785,68.7875,-1.87892],"tool":false,"touchDistance":0.333333,"touchZone":"none","type":2,"width":18.6218},{"bases":[[[0.870806,-0.47748,-0.117093],[0.418922,0.596021,0.685028],[-0.257297,-0.645579,0.719045]],[[0.863497,-0.494835,-0.0975231],[0.323178,0.691316,-0.646249],[0.387206,0.526517,0.75687]],[[0.863497,-0.494835,-0.0975231],[-0.359715,-0.468705,-0.806797],[0.353522,0.731747,-0.582725]],[[0.863497,-0.494835,-0.0975231],[-0.498479,-0.807906,-0.314334],[0.0767542,0.32004,-0.94429]]],"btipPosition":[0.41477,191.053,2.28012],"carpPosition":[12.5799,200.205,46.4612],"dipPosition":[1.8205,196.915,-15.0143],"direction":[-0.353522,-0.731747,0.582725],"extended":false,"handId":470,"id":4703,"length":63.1552,"mcpPosition":[28.3785,239.844,2.3104],"pipPosition":[11.4202,216.785,-30.8379],"stabilizedTipPosition":[-3.28978,188.639,-2.68363],"timeVisible":8.9391,"tipPosition":[0.720765,192.413,-1.929],"tipVelocity":[46.5414,71.521,-5.14782],"tool":false,"touchDistance":0.333333,"touchZone":"none","type":3,"width":17.7198},{"bases":[[[0.753905,-0.640862,-0.14465],[0.524876,0.455107,0.719293],[-0.395136,-0.618202,0.67948]],[[0.754572,-0.639816,-0.145799],[0.451863,0.667716,-0.591587],[0.475859,0.380514,0.792949]],[[0.754572,-0.639816,-0.145799],[-0.436419,-0.323363,-0.839628],[0.490061,0.697189,-0.523228]],[[0.754572,-0.639816,-0.145799],[-0.640949,-0.670944,-0.372853],[0.140734,0.374794,-0.916364]]],"btipPosition":[16.1966,193.482,0.84036],"carpPosition":[22.0042,191.232,41.4309],"dipPosition":[18.5744,199.815,-14.6427],"direction":[-0.490061,-0.697189,0.523228],"extended":false,"handId":470,"id":4704,"length":49.5125,"mcpPosition":[44.4635,226.37,2.80979],"pipPosition":[27.97,213.181,-24.6741],"stabilizedTipPosition":[13.0741,191.001,-3.29011],"timeVisible":8.9391,"tipPosition":[16.636,195.019,-2.72088],"tipVelocity":[48.8174,79.5406,-11.8614],"tool":false,"touchDistance":0.333333,"touchZone":"none","type":4,"width":15.7401}],"r":[[0.925544,0.309456,0.218187],[-0.26516,0.941074,-0.20993],[-0.270294,0.136445,0.95306]],