{"sensorType":"Leap","data":[[0,{"currentFrameRate":52.9104,"devices":[],"gestures":[],"hands":[{"armBasis":[[0.955081,-0.00556605,-0.296294],[0.125498,0.91334,0.387377],[0.268461,-0.40716,0.873012]],"armWidth":62.4607,"confidence":0.69611,"direction":[0.0496672,0.603011,-0.796185],"elbow":[41.4806,81.3051,291.358],"grabStrength":0,"id":470,"palmNormal":[-0.116819,-0.78819,-0.604244],"palmPosition":[-34.8487,218.566,15.8338],"palmVelocity":[-38.0029,-46.1203,186.317],"palmWidth":89.1918,"pinchStrength":0.327522,"r":[[0.855667,0.508006,0.0988138],[-0.418793,0.791859,-0.444491],[-0.304051,0.338954,0.890317]],"s":2.00213,"sphereCenter":[-56.6966,203.974,-21.1848],"sphereRadius":48.1908,"stabilizedPalmPosition":[-32.4983,220.66,5.31659],"t":[-38.7656,-72.8625,-27.3107],"timeVisible":20.4003,"type":"right","wrist":[-29.5714,189.066,60.303]}],"id":1682935,"interactionBox":{"center":[0,200,0],"size":[235.247,235.247,147.751]},"pointables":[{"bases":[[[0.51332,0.773142,0.372497],[-0.765424,0.216162,0.606136],[0.388109,-0.59626,0.702741]],[[0.462723,0.839457,0.284954],[-0.689834,0.139075,0.710484],[0.556791,-0.525328,0.64344]],[[0.462723,0.839457,0.284954],[-0.885028,0.455969,0.0938972],[-0.0511075,-0.295641,0.953931]],[[0.462723,0.839457,0.284954],[-0.640726,0.538833,-0.546927],[-0.612664,0.0704982,0.787193]]],"btipPosition":[-70.1744,216.105,-23.974],"carpPosition":[-58.6933,182.137,57.4513],"dipPosition":[-84.2296,217.722,-5.91491],"direction":[0.0511075,0.295641,-0.953931],"extended":false,"handId":470,"id":4700,"length":51.0864,"mcpPosition":[-58.6933,182.137,57.4513],"pipPosition":[-85.9377,207.841,25.9672],"stabilizedTipPosition":[-69.7382,218.465,-31.9839],"timeVisible":20.4003,"tipPosition":[-73.4475,215.777,-20.409],"tipVelocity":[-62.4593,-44.1208,223.855],"tool":false,"touchDistance":0.334385,"touchZone":"hovering","type":0,"width":19.8498},{"bases":[[[0.986168,-0.0200276,-0.164533],[0.0980847,0.870715,0.481908],[0.13361,-0.491381,0.860636]],[[0.986666,-0.0218835,-0.161281],[0.0914941,0.894103,0.438415],[0.134608,-0.447326,0.884183]],[[0.986666,-0.0218835,-0.161281],[0.063935,0.963377,0.260418],[0.149675,-0.267257,0.95193]],[[0.986666,-0.0218835,-0.161281],[0.0404953,0.992766,0.113034],[0.157641,-0.118058,0.980414]]],"btipPosition":[-69.5818,265.18,-77.8407],"carpPosition":[-48.0913,202.596,60.4342],"dipPosition":[-66.9416,263.203,-61.4208],"direction":[-0.149675,0.267257,-0.95193],"extended":true,"handId":470,"id":4701,"length":57.6453,"mcpPosition":[-57.7266,238.032,-1.63105],"pipPosition":[-63.3954,256.871,-38.867],"stabilizedTipPosition":[-65.6957,267.716,-79.6904],"timeVisible":20.4003,"tipPosition":[-68.6561,265.336,-73.8151],"tipVelocity":[-107.78,-100.515,186.409],"tool":false,"touchDistance":0.22525,"touchZone":"hovering","type":1,"width":18.9605},{"bases":[[[0.963885,-0.234371,-0.126472],[0.266306,0.843794,0.465932],[-0.00248484,-0.482785,0.875735]],[[0.96366,-0.222551,-0.147749],[0.0247708,0.62516,-0.780103],[0.26598,0.748095,0.607955]],[[0.96366,-0.222551,-0.147749],[-0.260985,-0.666416,-0.69841],[0.0569694,0.71159,-0.700282]],[[0.96366,-0.222551,-0.147749],[-0.244241,-0.958058,-0.149905],[-0.108191,0.180544,-0.977598]]],"btipPosition":[-48.2219,178.604,7.68942],"carpPosition":[-36.2298,204.094,58.7769],"dipPosition":[-50.2148,181.93,-10.3185],"direction":[-0.0569694,-0.71159,0.700282],"extended":false,"handId":470,"id":4702,"length":65.6822,"mcpPosition":[-36.0599,237.111,-1.11394],"pipPosition":[-48.6268,201.765,-29.8385],"stabilizedTipPosition":[-44.5694,182.09,-11.531],"timeVisible":20.4003,"tipPosition":[-48.7321,179.174,3.43891],"tipVelocity":[-51.5611,-48.7768,209.114],"tool":false,"touchDistance":0.333333,"touchZone":"none","type":2,"width":18.6218},{"bases":[[[0.930178,-0.3658,-0.0309834],[0.334276,0.809073,0.483385],[-0.151754,-0.459991,0.874859]],[[0.93314,-0.356127,-0.0492221],[0.164342,0.544314,-0.822626],[0.319752,0.759536,0.566448]],[[0.93314,-0.356127,-0.0492221],[-0.298461,-0.691053,-0.658306],[0.200426,0.628983,-0.751139]],[[0.93314,-0.356127,-0.0492221],[-0.359472,-0.92631,-0.112828],[-0.00541377,0.122978,-0.992395]]],"btipPosition":[-34.4717,178.065,17.0139],"carpPosition":[-24.4423,202.418,56.9683],"dipPosition":[-34.5708,180.318,-1.16154],"direction":[-0.200426,-0.628983,0.751139],"extended":false,"handId":470,"id":4703,"length":63.1552,"mcpPosition":[-15.1243,230.662,3.25013],"pipPosition":[-29.1284,197.397,-21.5584],"stabilizedTipPosition":[-30.8288,181.163,-1.87389],"timeVisible":20.4003,"tipPosition":[-34.5278,178.42,12.5643],"tipVelocity":[-44.4403,-46.5813,201.015],"tool":false,"touchDistance":0.333333,"touchZone":"none","type":3,"width":17.7198},{"bases":[[[0.838258,-0.5452,-0.00896011],[0.460154,0.698489,0.548061],[-0.292545,-0.46354,0.83639]],[[0.824162,-0.565617,0.0288957],[0.376116,0.508467,-0.774595],[0.423432,0.64926,0.631797]],[[0.824162,-0.565617,0.0288957],[-0.375614,-0.584068,-0.719568],[0.423877,0.582187,-0.69382]],[[0.824162,-0.565617,0.0288957],[-0.550372,-0.811896,-0.194717],[0.133596,0.144575,-0.980434]]],"btipPosition":[-22.2898,184.067,14.4321],"carpPosition":[-13.8576,193.827,54.0026],"dipPosition":[-20.0326,186.509,-2.13342],"direction":[-0.423877,-0.582187,0.69382],"extended":false,"handId":470,"id":4704,"length":49.5125,"mcpPosition":[2.77042,220.175,6.4628],"pipPosition":[-11.9059,197.671,-15.4355],"stabilizedTipPosition":[-18.2228,187.244,-2.71773],"timeVisible":20.4003,"tipPosition":[-21.8432,184.457,10.4637],"tipVelocity":[-44.4216,-49.0975,187.431],"tool":false,"touchDistance":0.333333,"touchZone":"none","type":4,"width":15.7401}],"r":[[0.855667,0.508006,0.0988138],[-0.418793,0.791859,-0.444491],[-0.304051,0.338954,0.890317]],"s":2.00213,"t":[-38.7656,-72.8625,-27.3107],"timestamp":93452706182},false],[1,{"currentFrameRate":53.2148,"devices":[],"gestures":[],"hands":[{"armBasis":[[0.951991,-0.0116132,-0.305906],[0.133509,0.91499,0.380749],[0.275479,-0.40331,0.872612]],"armWidth":62.4607,"confidence":0.71701,"direction":[0.0389262,0.582312,-0.812033],"elbow":[43.1371,81.614,295.925],"grabStrength":0,"id":470,"palmNormal":[-0.127998,-0.803048,-0.582005],"palmPosition":[-35.6587,216.724,19.8514],"palmVelocity":[-41.6385,-73.2467,205.363],"palmWidth":89.1918,"pinchStrength":0.327631,"r":[[0.857154,0.508288,0.0832533],[-0.42475,0.788992,-0.443935],[-0.291333,0.345158,0.892183]],"s":2.00074,"sphereCenter":[-58.0864,201.015,-16.5045],"sphereRadius":48.1646,"stabilizedPalmPosition":[-32.6537,220.466,6.03126],"t":[-39.5379,-74.224,-23.5084],"timeVisible":20.418,"type":"right","wrist":[-29.7722,188.356,64.9757]}],"id":1682936,"interactionBox":{"center":[0,200,0],"size":[235.247,235.247,147.751]},"pointables":[{"bases":[[[0.52086,0.780955,0.344694],[-0.755508,0.23376,0.612016],[0.397381,-0.579194,0.711774]],[[0.470732,0.843418,0.258955],[-0.678091,0.15808,0.717777],[0.56445,-0.513475,0.646327]],[[0.470732,0.843418,0.258955],[-0.881435,0.462386,0.0962913],[-0.0385231,-0.273579,0.961078]],[[0.470732,0.843418,0.258955],[-0.642916,0.528918,-0.553989],[-0.60421,0.0942944,0.791226]]],"btipPosition":[-71.4217,213.544,-19.1505],"carpPosition":[-58.9513,181.439,62.7474],"dipPosition":[-85.283,215.707,-0.998974],"direction":[0.0385231,0.273579,-0.961078],"extended":false,"handId":470,"id":4700,"length":51.0864,"mcpPosition":[-58.9513,181.439,62.7474],"pipPosition":[-86.5705,206.563,31.1219],"stabilizedTipPosition":[-70.0263,218.203,-30.978],"timeVisible":20.418,"tipPosition":[-74.7136,213.307,-15.5595],"tipVelocity":[-65.0338,-87.888,247.206],"tool":false,"touchDistance":0.40695,"touchZone":"hovering","type":0,"width":19.8498},{"bases":[[[0.983477,-0.0270249,-0.179002],[0.107591,0.882471,0.457897],[0.14559,-0.46959,0.870798]],[[0.983848,-0.0282292,-0.176768],[0.0990172,0.908483,0.406023],[0.149129,-0.416968,0.896604]],[[0.983848,-0.0282292,-0.176768],[0.0677215,0.97279,0.22157],[0.165704,-0.229962,0.958989]],[[0.983848,-0.0282292,-0.176768],[0.041225,0.996675,0.0702828],[0.174197,-0.0764349,0.98174]]],"btipPosition":[-71.8779,260.091,-74.6771],"carpPosition":[-48.2548,201.938,65.0431],"dipPosition":[-68.9604,258.811,-58.235],"direction":[-0.165704,0.229962,-0.958989],"extended":true,"handId":470,"id":4701,"length":57.6453,"mcpPosition":[-58.7541,235.802,2.24501],"pipPosition":[-65.0345,253.362,-35.514],"stabilizedTipPosition":[-67.2972,265.415,-77.1347],"timeVisible":20.418,"tipPosition":[-70.8691,260.629,-70.6067],"tipVelocity":[-116.371,-183.825,182.96],"tool":false,"touchDistance":0.279041,"touchZone":"hovering","type":1,"width":18.9605},{"bases":[[[0.961257,-0.240261,-0.135129],[0.275481,0.854674,0.440049],[0.00976427,-0.460226,0.887748]],[[0.960735,-0.228994,-0.156686],[0.0143314,0.604898,-0.796174],[0.277098,0.762667,0.584428]],[[0.960735,-0.228994,-0.156686],[-0.273294,-0.683378,-0.676982],[0.047949,0.693221,-0.719128]],[[0.960735,-0.228994,-0.156686],[-0.248844,-0.960895,-0.12148],[-0.12274,0.155701,-0.980149]]],"btipPosition":[-49.2522,176.607,12.942],"carpPosition":[-36.4165,203.359,63.1671],"dipPosition":[-51.5131,179.476,-5.11296],"direction":[-0.047949,-0.693221,0.719128],"extended":false,"handId":470,"id":4702,"length":65.6822,"mcpPosition":[-37.0843,234.833,2.45471],"pipPosition":[-50.1766,198.799,-25.1582],"stabilizedTipPosition":[-44.6774,181.989,-11.1089],"timeVisible":20.418,"tipPosition":[-49.826,177.07,8.68598],"tipVelocity":[-56.3061,-81.541,249.866],"tool":false,"touchDistance":0.333333,"touchZone":"none","type":2,"width":18.6218},{"bases":[[[0.928696,-0.369109,-0.0358021],[0.343625,0.820217,0.457346],[-0.139445,-0.437038,0.888568]],[[0.931388,-0.359968,-0.0542174],[0.153267,0.522861,-0.838526],[0.330191,0.772683,0.542158]],[[0.931388,-0.359968,-0.0542174],[-0.310135,-0.706662,-0.63596],[0.190612,0.60914,-0.769815]],[[0.931388,-0.359968,-0.0542174],[-0.363468,-0.927843,-0.0836511],[-0.0201935,0.0976179,-0.995019]]],"btipPosition":[-35.3675,176.269,22.0452],"carpPosition":[-24.6623,201.604,61.2223],"dipPosition":[-35.7374,178.057,3.82168],"direction":[-0.190612,-0.60914,0.769815],"extended":false,"handId":470,"id":4703,"length":63.1552,"mcpPosition":[-16.1001,228.439,6.66237],"pipPosition":[-30.5614,194.598,-17.0823],"stabilizedTipPosition":[-30.9121,181.083,-1.51859],"timeVisible":20.418,"tipPosition":[-35.488,176.512,17.6009],"tipVelocity":[-48.9788,-75.1059,239.699],"tool":false,"touchDistance":0.333333,"touchZone":"none","type":3,"width":17.7198},{"bases":[[[0.836687,-0.547626,-0.0077907],[0.47021,0.710967,0.522904],[-0.280817,-0.44117,0.852356]],[[0.823331,-0.566756,0.0302287],[0.364606,0.487346,-0.793446],[0.434958,0.66429,0.607889]],[[0.823331,-0.566756,0.0302287],[-0.388519,-0.601629,-0.697923],[0.413738,0.562877,-0.715535]],[[0.823331,-0.566756,0.0302287],[-0.55516,-0.815271,-0.164712],[0.117996,0.118831,-0.985878]]],"btipPosition":[-23.1857,182.162,19.1753],"carpPosition":[-14.1453,192.91,58.3163],"dipPosition":[-21.1921,184.17,2.51775],"direction":[-0.413738,-0.562877,0.715535],"extended":false,"handId":470,"id":4704,"length":49.5125,"mcpPosition":[1.81607,217.986,9.86902],"pipPosition":[-13.2598,194.961,-11.2007],"stabilizedTipPosition":[-18.3193,187.145,-2.33063],"timeVisible":20.418,"tipPosition":[-22.8074,182.455,15.1826],"tipVelocity":[-48.9267,-79.1319,224.586],"tool":false,"touchDistance":0.333333,"touchZone":"none","type":4,"width":15.7401}],"r":[[0.857154,0.508288,0.0832533],[-0.42475,0.788992,-0.443935],[-0.291333,0.345158,0.892183]],"s":2.00074,"t":[-39.5379,-74.224,-23.5084],"timestamp":93452723880},false],[2,{"currentFrameRate":53.377,"devices":[],"gestures":[],"hands":[{"armBasis":[[0.954911,-0.015709,-0.296477],[0.132619,0.916006,0.378611],[0.265627,-0.400858,0.876787]],"armWidth":62.4607,"confidence":0.717111,"direction":[0.0229148,0.575756,-0.8173],"elbow":[40.6476,81.2222,300.048],"grabStrength":0,"id":470,"palmNormal":[-0.130788,-0.808763,-0.573408],"palmPosition":[-36.4012,215.263,22.7286],"palmVelocity":[-41.2859,-76.6975,183.021],"palmWidth":89.1918,"pinchStrength":0.326591,"r":[[0.85767,0.50976,0.0674294],[-0.43192,0.785364,-0.443452],[-0.27901,0.351211,0.893758]],"s":1.99893,"sphereCenter":[-59.2419,198.814,-13.2276],"sphereRadius":48.1423,"stabilizedPalmPosition":[-32.8047,220.256,6.70405],"t":[-40.2953,-75.6354,-20.1686],"timeVisible":20.4361,"type":"right","wrist":[-29.6544,187.315,67.9946]}],"id":1682937,"interactionBox":{"center":[0,200,0],"size":[235.247,235.247,147.751]},"pointables":[{"bases":[[[0.520286,0.787427,0.330546],[-0.74812,0.233595,0.621087],[0.411847,-0.570432,0.710626]],[[0.471015,0.846229,0.249081],[-0.667977,0.157731,0.727274],[0.576153,-0.508937,0.639555]],[[0.471015,0.846229,0.249081],[-0.881797,0.459386,0.106765],[-0.0240773,-0.269927,0.96258]],[[0.471015,0.846229,0.249081],[-0.648237,0.52355,-0.552887],[-0.598276,0.0989544,0.795157]]],"btipPosition":[-72.475,211.83,-15.4549],"carpPosition":[-58.8131,180.176,66.2521],"dipPosition":[-86.2001,214.1,2.78683],"direction":[0.0240772,0.269927,-0.96258],"extended":false,"handId":470,"id":4700,"length":51.0864,"mcpPosition":[-58.8131,180.176,66.2521],"pipPosition":[-87.0048,205.079,34.9579],"stabilizedTipPosition":[-70.2927,217.925,-30.0409],"timeVisible":20.4361,"tipPosition":[-75.8012,211.564,-11.861],"tipVelocity":[-60.8685,-90.3463,226.952],"tool":false,"touchDistance":0.455334,"touchZone":"hovering","type":0,"width":19.8498},{"bases":[[[0.980922,-0.0216583,-0.19319],[0.108006,0.887,0.448961],[0.161636,-0.461261,0.872417]],[[0.981097,-0.0221584,-0.192244],[0.0966365,0.916789,0.387504],[0.167661,-0.398756,0.9016]],[[0.981097,-0.0221584,-0.192244],[0.0605175,0.978728,0.196035],[0.183811,-0.203963,0.961568]],[[0.981097,-0.0221584,-0.192244],[0.030423,0.998731,0.040145],[0.19111,-0.0452347,0.980526]]],"btipPosition":[-74.5028,256.415,-71.8672],"carpPosition":[-48.2299,200.767,68.2211],"dipPosition":[-71.3021,255.657,-55.4454],"direction":[-0.183811,0.203963,-0.961568],"extended":true,"handId":470,"id":4701,"length":57.6453,"mcpPosition":[-59.8864,234.032,5.30614],"pipPosition":[-66.9472,250.825,-32.6633],"stabilizedTipPosition":[-69.4574,262.351,-74.1146],"timeVisible":20.4361,"tipPosition":[-73.4138,257.317,-67.7539],"tipVelocity":[-128.113,-189.571,169.407],"tool":false,"touchDistance":0.326201,"touchZone":"hovering","type":1,"width":18.9605},{"bases":[[[0.96086,-0.23467,-0.147234],[0.27581,0.860227,0.428881],[0.0260094,-0.452704,0.891282]],[[0.959945,-0.223601,-0.168846],[-0.00173282,0.597864,-0.801596],[0.280185,0.76978,0.573529]],[[0.959945,-0.223601,-0.168846],[-0.278321,-0.691458,-0.666651],[0.0323137,0.686941,-0.725994]],[[0.959945,-0.223601,-0.168846],[-0.24368,-0.963689,-0.109195],[-0.138299,0.145965,-0.979575]]],"btipPosition":[-49.8008,175.008,16.3888],"carpPosition":[-36.4307,202.255,66.1597],"dipPosition":[-52.3483,177.697,-1.6556],"direction":[-0.0323137,-0.686941,0.725994],"extended":false,"handId":470,"id":4702,"length":65.6822,"mcpPosition":[-38.2095,233.215,5.20573],"pipPosition":[-51.4476,196.845,-21.8923],"stabilizedTipPosition":[-44.762,181.895,-10.7632],"timeVisible":20.4361,"tipPosition":[-50.4421,175.43,12.1258],"tipVelocity":[-45.6032,-85.7512,221.33],"tool":false,"touchDistance":0.333333,"touchZone":"none","type":2,"width":18.6218},{"bases":[[[0.930671,-0.362906,-0.0463792],[0.344443,0.826393,0.44546],[-0.123333,-0.430551,0.8941]],[[0.933016,-0.35395,-0.0648075],[0.137292,0.516642,-0.845123],[0.332614,0.779616,0.53063]],[[0.933016,-0.35395,-0.0648075],[-0.314422,-0.714351,-0.625173],[0.174985,0.603673,-0.777791]],[[0.933016,-0.35395,-0.0648075],[-0.358083,-0.931041,-0.0702846],[-0.0354612,0.0887831,-0.99542]]],"btipPosition":[-35.7907,174.84,25.2692],"carpPosition":[-24.6941,200.566,64.0572],"dipPosition":[-36.4402,176.466,7.03839],"direction":[-0.174985,-0.603673,0.777791],"extended":false,"handId":470,"id":4703,"length":63.1552,"mcpPosition":[-17.1212,227.003,9.15761],"pipPosition":[-31.6885,192.859,-14.0822],"stabilizedTipPosition":[-30.9744,181.01,-1.23878],"timeVisible":20.4361,"tipPosition":[-35.9772,175.044,20.8233],"tipVelocity":[-38.4327,-77.8055,210.053],"tool":false,"touchDistance":0.333333,"touchZone":"none","type":3,"width":17.7198},{"bases":[[[0.84035,-0.541821,-0.0155461],[0.472745,0.718581,0.510053],[-0.265186,-0.435972,0.860003]],[[0.827923,-0.560404,0.0221533],[0.348534,0.483162,-0.803168],[0.439395,0.672682,0.595341]],[[0.827923,-0.560404,0.0221533],[-0.395009,-0.610704,-0.686301],[0.398135,0.559453,-0.72698]],[[0.827923,-0.560404,0.0221533],[-0.551575,-0.820758,-0.148733],[0.101533,0.11092,-0.988629]]],"btipPosition":[-23.6645,180.787,22.1943],"carpPosition":[-14.1592,191.922,61.0691],"dipPosition":[-21.949,182.661,5.4903],"direction":[-0.398135,-0.559453,0.72698],"extended":false,"handId":470,"id":4704,"length":49.5125,"mcpPosition":[0.913748,216.703,12.1872],"pipPosition":[-14.3159,193.387,-8.44756],"stabilizedTipPosition":[-18.3944,187.055,-2.01719],"timeVisible":20.4361,"tipPosition":[-23.3584,181.052,18.1832],"tipVelocity":[-39.8567,-78.3181,196.523],"tool":false,"touchDistance":0.333333,"touchZone":"none","type":4,"width":15.7401}],"r":[[0.85767,0.50976,0.0674294],[-0.43192,0.785364,-0.443452],[-0.27901,0.351211,0.893758]],"s":1.99893,"t":[-40.2953,-75.6354,-20.1686],"timestamp":93452742034},false],[3,{"currentFrameRate":53.5714,"devices":[],"gestures":[],"hands":[{"armBasis":[[0.950786,-0.00408557,-0.309822],[0.132933,0.908593,0.395965],[0.279884,-0.417663,0.86442]],"armWidth":62.4607,"confidence":0.725091,"direction":[0.0116044,0.564099,-0.825625],"elbow":[44.375,75.4261,300.301],"grabStrength":0,"id":470,"palmNormal":[-0.133113,-0.817461,-0.560392],"palmPosition":[-37.0548,213.234,25.9344],"palmVelocity":[-38.9572,-93.8357,180.818],"palmWidth":89.1918,"pinchStrength":0.324176,"r":[[0.857563,0.511798,0.0514754],[-0.439311,0.780788,-0.444271],[-0.267568,0.358376,0.894412]],"s":1.99679,"sphereCenter":[-60.1208,195.842,-9.61659],"sphereRadius":48.1006,"stabilizedPalmPosition":[-32.9646,219.992,7.42775],"t":[-41.0008,-77.3558,-16.8958],"timeVisible":20.4541,"type":"right","wrist":[-29.7003,185.966,71.5199]}],"id":1682938,"interactionBox":{"center":[0,200,0],"size":[235.247,235.247,147.751]},"pointables":[{"bases":[[[0.520113,0.794392,0.313725],[-0.742576,0.239114,0.625624],[0.421975,-0.55836,0.714263]],[[0.472188,0.849367,0.235829],[-0.660264,0.163537,0.733012],[0.584029,-0.501829,0.638027]],[[0.472188,0.849367,0.235829],[-0.881396,0.458986,0.11168],[-0.013385,-0.260593,0.965356]],[[0.472188,0.849367,0.235829],[-0.651535,0.516485,-0.555648],[-0.593751,0.108719,0.79727]]],"btipPosition":[-73.351,209.443,-11.5835],"carpPosition":[-58.8425,178.673,70.1899],"dipPosition":[-86.9723,211.938,6.70672],"direction":[0.013385,0.260593,-0.965356],"extended":false,"handId":470,"id":4700,"length":51.0864,"mcpPosition":[-58.8425,178.673,70.1899],"pipPosition":[-87.4197,203.228,38.9706],"stabilizedTipPosition":[-70.5548,217.59,-29.0816],"timeVisible":20.4541,"tipPosition":[-76.689,209.169,-7.98023],"tipVelocity":[-54.4993,-109.074,221.779],"tool":false,"touchDistance":0.501372,"touchZone":"hovering","type":0,"width":19.8498},{"bases":[[[0.978912,-0.0200387,-0.203296],[0.108654,0.893807,0.435091],[0.172988,-0.448005,0.877136]],[[0.97892,-0.0200598,-0.203254],[0.0942703,0.927196,0.36252],[0.181185,-0.374039,0.909542]],[[0.97892,-0.0200598,-0.203254],[0.0539451,0.98522,0.162578],[0.196989,-0.170115,0.965534]],[[0.97892,-0.0200598,-0.203254],[0.0207585,0.999784,0.00130601],[0.203184,-0.00549773,0.979125]]],"btipPosition":[-76.5099,251.521,-69.0812],"carpPosition":[-48.3343,199.338,71.7523],"dipPosition":[-73.107,251.428,-52.6829],"direction":[-0.196989,0.170115,-0.965534],"extended":true,"handId":470,"id":4701,"length":57.6453,"mcpPosition":[-60.8095,231.646,8.49711],"pipPosition":[-68.4398,247.398,-29.8067],"stabilizedTipPosition":[-71.8638,258.186,-70.7352],"timeVisible":20.4541,"tipPosition":[-75.3758,252.821,-64.9396],"tipVelocity":[-119.107,-224.692,162.452],"tool":false,"touchDistance":0.368623,"touchZone":"hovering","type":1,"width":18.9605},{"bases":[[[0.960322,-0.232458,-0.154096],[0.276358,0.867498,0.413609],[0.0375312,-0.439784,0.897319]],[[0.959128,-0.221717,-0.175827],[-0.0130979,0.585907,-0.810272],[0.282669,0.779458,0.559056]],[[0.959128,-0.221717,-0.175827],[-0.282172,-0.702667,-0.653175],[0.021272,0.676092,-0.73651]],[[0.959128,-0.221717,-0.175827],[-0.240282,-0.966314,-0.092209],[-0.14946,0.130688,-0.980093]]],"btipPosition":[-50.3266,172.844,20.3471],"carpPosition":[-36.5646,200.849,69.5444],"dipPosition":[-53.0798,175.252,2.29316],"direction":[-0.021272,-0.676092,0.73651],"extended":false,"handId":470,"id":4702,"length":65.6822,"mcpPosition":[-39.1313,230.925,8.17754],"pipPosition":[-52.4868,194.097,-18.2366],"stabilizedTipPosition":[-44.8357,181.794,-10.4425],"timeVisible":20.4541,"tipPosition":[-51.0169,173.202,16.0748],"tipVelocity":[-39.1129,-103.844,220.754],"tool":false,"touchDistance":0.333333,"touchZone":"none","type":2,"width":18.6218},{"bases":[[[0.931794,-0.359372,-0.0511068],[0.345318,0.834212,0.429937],[-0.111873,-0.41826,0.901411]],[[0.9339,-0.350684,-0.0696562],[0.125983,0.505096,-0.853819],[0.334604,0.788605,0.515889]],[[0.9339,-0.350684,-0.0696562],[-0.317716,-0.724639,-0.611519],[0.163974,0.593228,-0.788158]],[[0.9339,-0.350684,-0.0696562],[-0.354513,-0.93354,-0.0531433],[-0.0463903,0.0743245,-0.996155]]],"btipPosition":[-36.2314,172.856,29.045],"carpPosition":[-24.8432,199.182,67.3413],"dipPosition":[-37.081,174.217,10.8007],"direction":[-0.163974,-0.593228,0.788158],"extended":false,"handId":470,"id":4703,"length":63.1552,"mcpPosition":[-17.9739,224.864,11.9928],"pipPosition":[-32.6284,190.326,-10.6014],"stabilizedTipPosition":[-31.0269,180.934,-0.987283],"timeVisible":20.4541,"tipPosition":[-36.4654,172.996,24.6002],"tipVelocity":[-33.0614,-94.8296,209.983],"tool":false,"touchDistance":0.333333,"touchZone":"none","type":3,"width":17.7198},{"bases":[[[0.842632,-0.538229,-0.0167655],[0.474793,0.72791,0.494691],[-0.254053,-0.424803,0.868907]],[[0.830834,-0.556128,0.0208957],[0.337283,0.473312,-0.813766],[0.442668,0.683152,0.580817]],[[0.830834,-0.556128,0.0208957],[-0.399686,-0.6224,-0.672956],[0.387255,0.550763,-0.739388]],[[0.830834,-0.556128,0.0208957],[-0.549209,-0.825407,-0.130667],[0.0899148,0.0970861,-0.991206]]],"btipPosition":[-24.1474,178.811,25.7687],"carpPosition":[-14.3007,190.544,64.3648],"dipPosition":[-22.6281,180.451,9.02115],"direction":[-0.387255,-0.550763,0.739388],"extended":false,"handId":470,"id":4704,"length":49.5125,"mcpPosition":[0.139454,214.689,14.9768],"pipPosition":[-15.2036,191.011,-5.15458],"stabilizedTipPosition":[-18.4594,186.96,-1.72913],"timeVisible":20.4541,"tipPosition":[-23.8917,179.023,21.7494],"tipVelocity":[-34.8968,-94.7053,197.373],"tool":false,"touchDistance":0.333333,"touchZone":"none","type":4,"width":15.7401}],"r":[[0.857563,0.511798,0.0514754],[-0.439311,0.780788,-0.444271],[-0.267568,0.358376,0.894412]],"s":1.99679,"t":[-41.0008,-77.3558,-16.8958],"timestamp":93452760007},false],[4,{"currentFrameRate":53.7201,"devices":[],"gestures":[],"hands":[{"armBasis":[[0.952919,0.000395641,-0.303225],[0.12902,0.904432,0.40664],[0.274407,-0.426617,0.8618]],"armWidth":62.4607,"confidence":0.740805,"direction":[0.00509102,0.55408,-0.832448],"elbow":[42.7676,72.0003,302.31],"grabStrength":0,"id":470,"palmNormal":[-0.129932,-0.825035,-0.549941],"palmPosition":[-37.5474,211.575,28.3363],"palmVelocity":[-33.3865,-92.8378,157.995],"palmWidth":89.1918,"pinchStrength":0.320147,"r":[[0.856691,0.514514,0.0368339],[-0.446537,0.775463,-0.446387],[-0.258236,0.365968,0.894081]],"s":1.99436,"sphereCenter":[-60.5401,193.265,-6.99949],"sphereRadius":48.0528,"stabilizedPalmPosition":[-33.1372,219.675,8.21511],"t":[-41.5999,-79.0455,-14.0585],"timeVisible":20.4722,"type":"right","wrist":[-29.858,184.91,74.2223]}],"id":1682939,"interactionBox":{"center":[0,200,0],"size":[235.247,235.247,147.751]},"pointables":[{"bases":[[[0.516189,0.801402,0.302165],[-0.74184,0.24203,0.625375],[0.428044,-0.54697,0.719446]],[[0.470541,0.852331,0.228305],[-0.65812,0.166651,0.734238],[0.587767,-0.495741,0.639352]],[[0.470541,0.852331,0.228305],[-0.882333,0.457113,0.111964],[-0.00893117,-0.254125,0.96713]],[[0.470541,0.852331,0.228305],[-0.652694,0.510321,-0.559967],[-0.593786,0.114474,0.796438]]],"btipPosition":[-73.7975,207.543,-8.7914],"carpPosition":[-58.9581,177.418,73.0871],"dipPosition":[-87.4196,210.169,9.47974],"direction":[0.00893117,0.254125,-0.96713],"extended":false,"handId":470,"id":4700,"length":51.0864,"mcpPosition":[-58.9581,177.418,73.0871],"pipPosition":[-87.7181,201.675,41.8029],"stabilizedTipPosition":[-70.8226,217.194,-28.0527],"timeVisible":20.4722,"tipPosition":[-77.159,207.221,-5.18662],"tipVelocity":[-40.333,-106.386,189.623],"tool":false,"touchDistance":0.526384,"touchZone":"hovering","type":0,"width":19.8498},{"bases":[[[0.978289,-0.016355,-0.2066],[0.104544,0.899696,0.423813],[0.178946,-0.43621,0.881873]],[[0.978099,-0.0158939,-0.207532],[0.0872819,0.936498,0.339638],[0.188955,-0.350314,0.917375]],[[0.978099,-0.0158939,-0.207532],[0.0438726,0.990422,0.13092],[0.203463,-0.137158,0.969428]],[[0.978099,-0.0158939,-0.207532],[0.00863635,0.999321,-0.03583],[0.20796,0.033253,0.977572]]],"btipPosition":[-77.7412,247.069,-67.2109],"carpPosition":[-48.5754,198.166,74.3603],"dipPosition":[-74.2583,247.626,-50.8386],"direction":[-0.203463,0.137158,-0.969428],"extended":true,"handId":470,"id":4701,"length":57.6453,"mcpPosition":[-61.4802,229.624,10.7635],"pipPosition":[-69.4377,244.377,-27.8702],"stabilizedTipPosition":[-74.1715,253.191,-67.4212],"timeVisible":20.4722,"tipPosition":[-76.5981,248.729,-63.0584],"tipVelocity":[-94.3672,-230.953,134.227],"tool":false,"touchDistance":0.393058,"touchZone":"hovering","type":1,"width":18.9605},{"bases":[[[0.961219,-0.228273,-0.154758],[0.272334,0.874184,0.402042],[0.0435119,-0.428596,0.902448]],[[0.959881,-0.217816,-0.17659],[-0.0198033,0.575534,-0.817538],[0.279707,0.788237,0.548131]],[[0.959881,-0.217816,-0.17659],[-0.280047,-0.712775,-0.64306],[0.0141997,0.666715,-0.745178]],[[0.959881,-0.217816,-0.17659],[-0.234405,-0.968922,-0.079018],[-0.153891,0.117242,-0.981108]]],"btipPosition":[-50.5758,171.049,23.3198],"carpPosition":[-36.8234,199.724,72.0914],"dipPosition":[-53.4105,173.209,5.24718],"direction":[-0.0141997,-0.666715,0.745178],"extended":false,"handId":470,"id":4702,"length":65.6822,"mcpPosition":[-39.7992,229.035,10.3738],"pipPosition":[-53.0147,191.793,-15.5242],"stabilizedTipPosition":[-44.9043,181.684,-10.1249],"timeVisible":20.4722,"tipPosition":[-51.2852,171.35,19.0365],"tipVelocity":[-27.5606,-103.168,193.835],"tool":false,"touchDistance":0.333333,"touchZone":"none","type":2,"width":18.6218},{"bases":[[[0.933862,-0.354102,-0.0501333],[0.341561,0.841532,0.418521],[-0.10601,-0.407964,0.906823]],[[0.935828,-0.345715,-0.068603],[0.120591,0.49696,-0.859354],[0.331184,0.795935,0.506759]],[[0.935828,-0.345715,-0.068603],[-0.314974,-0.732967,-0.602952],[0.158166,0.585868,-0.794822]],[[0.935828,-0.345715,-0.068603],[-0.348908,-0.936238,-0.0414853],[-0.0498867,0.0627592,-0.996781]]],"btipPosition":[-36.4764,171.237,31.8298],"carpPosition":[-25.0996,198.105,69.866],"dipPosition":[-37.39,172.386,13.574],"direction":[-0.158166,-0.585868,0.794822],"extended":false,"handId":470,"id":4703,"length":63.1552,"mcpPosition":[-18.5904,223.155,14.1853],"pipPosition":[-33.0951,188.295,-8.00906],"stabilizedTipPosition":[-31.0749,180.854,-0.744542],"timeVisible":20.4722,"tipPosition":[-36.7162,171.335,27.4359],"tipVelocity":[-24.1699,-93.5874,183.288],"tool":false,"touchDistance":0.333333,"touchZone":"none","type":3,"width":17.7198},{"bases":[[[0.845957,-0.533085,-0.0132994],[0.471936,0.736841,0.484089],[-0.248261,-0.415795,0.874918]],[[0.834556,-0.550393,0.0241608],[0.331174,0.466143,-0.820386],[0.440273,0.69266,0.571299]],[[0.834556,-0.550393,0.0241608],[-0.398103,-0.632794,-0.664143],[0.380829,0.544646,-0.747215]],[[0.834556,-0.550393,0.0241608],[-0.544266,-0.830475,-0.118685],[0.0853885,0.0858996,-0.992638]]],"btipPosition":[-24.4065,177.229,28.5226],"carpPosition":[-14.5134,189.497,66.9562],"dipPosition":[-22.9638,178.68,11.7509],"direction":[-0.380829,-0.544646,0.747215],"extended":false,"handId":470,"id":4704,"length":49.5125,"mcpPosition":[-0.402433,213.13,17.2265],"pipPosition":[-15.6625,189.123,-2.57492],"stabilizedTipPosition":[-18.5182,186.862,-1.45277],"timeVisible":20.4722,"tipPosition":[-24.1718,177.401,24.5112],"tipVelocity":[-25.5825,-92.4076,175.785],"tool":false,"touchDistance":0.333333,"touchZone":"none","type":4,"width":15.7401}],"r":[[0.856691,0.514514,0.0368339],[-0.446537,0.775463,-0.446387],[-0.258236,0.365968,0.894081]],"s":1.99436,"t":[-41.5999,-79.0455,-14.0585],"timestamp":93452778093},false],[5,{"currentFrameRate":53.8645,"devices":[],"gestures":[],"hands":[{"armBasis":[[0.953704,0.00519545,-0.300701],[0.123944,0.904203,0.408723],[0.274018,-0.427071,0.861699]],"armWidth":62.4607,"confidence":0.753662,"direction":[0.00101983,0.547308,-0.836931],"elbow":[42.6487,71.0293,304.312],"grabStrength":0,"id":470,"palmNormal":[-0.125261,-0.83027,-0.543104],"palmPosition":[-37.7638,210.302,30.1562],"palmVelocity":[-23.2264,-82.2435,130.845],"palmWidth":89.1918,"pinchStrength":0.316727,"r":[[0.855229,0.517689,0.0241309],[-0.453355,0.769885,-0.449163],[-0.251104,0.373197,0.893124]],"s":1.99175,"sphereCenter":[-60.528,191.222,-5.08807],"sphereRadius":47.9892,"stabilizedPalmPosition":[-33.3082,219.329,9.02597],"t":[-42.0076,-80.527,-11.7298],"timeVisible":20.4902,"type":"right","wrist":[-29.8741,184.06,76.2512]}],"id":1682940,"interactionBox":{"center":[0,200,0],"size":[235.247,235.247,147.751]},"pointables":[{"bases":[[[0.511464,0.807005,0.295208],[-0.742834,0.24253,0.624],[0.431975,-0.538445,0.723516]],[[0.467755,0.85485,0.22458],[-0.658356,0.167447,0.733845],[0.589722,-0.491114,0.64112]],[[0.467755,0.85485,0.22458],[-0.883829,0.454444,0.111025],[-0.00714924,-0.250423,0.96811]],[[0.467755,0.85485,0.22458],[-0.653385,0.505551,-0.563477],[-0.595225,0.116832,0.79502]]],"btipPosition":[-73.8899,206.099,-6.76414],"carpPosition":[-58.9282,176.379,75.2011],"dipPosition":[-87.545,208.779,11.4745],"direction":[0.00714924,0.250423,-0.96811],"extended":false,"handId":470,"id":4700,"length":51.0864,"mcpPosition":[-58.9282,176.379,75.2011],"pipPosition":[-87.7839,200.41,43.8304],"stabilizedTipPosition":[-71.0923,216.738,-26.9456],"timeVisible":20.4902,"tipPosition":[-77.2738,205.744,-3.15007],"tipVelocity":[-23.8123,-93.5119,152.714],"tool":false,"touchDistance":0.537376,"touchZone":"hovering","type":0,"width":19.8498},{"bases":[[[0.97821,-0.0119987,-0.207271],[0.099314,0.903744,0.416394],[0.182324,-0.427905,0.885243]],[[0.977838,-0.0111309,-0.209065],[0.0792174,0.944014,0.320254],[0.193796,-0.329718,0.923975]],[[0.977838,-0.0111309,-0.209065],[0.033456,0.994061,0.103555],[0.206671,-0.108254,0.972403]],[[0.977838,-0.0111309,-0.209065],[-0.00318109,0.99768,-0.0679964],[0.209337,0.0671546,0.975535]]],"btipPosition":[-78.3853,243.385,-65.8317],"carpPosition":[-48.6729,197.2,76.2969],"dipPosition":[-74.8793,244.509,-49.4935],"direction":[-0.206671,0.108254,-0.972403],"extended":true,"handId":470,"id":4701,"length":57.6453,"mcpPosition":[-61.8213,228.059,12.457],"pipPosition":[-69.9827,241.944,-26.4546],"stabilizedTipPosition":[-75.9686,248.155,-64.6011],"timeVisible":20.4902,"tipPosition":[-77.2541,245.348,-61.6789],"tipVelocity":[-66.3628,-214.773,106.565],"tool":false,"touchDistance":0.407656,"touchZone":"hovering","type":1,"width":18.9605},{"bases":[[[0.96249,-0.223589,-0.153693],[0.267241,0.879091,0.394692],[0.0468615,-0.42096,0.905868]],[[0.961072,-0.213329,-0.175587],[-0.0240925,0.568375,-0.822417],[0.275244,0.794632,0.54111]],[[0.961072,-0.213329,-0.175587],[-0.276138,-0.720113,-0.636542],[0.00935048,0.660249,-0.750989]],[[0.961072,-0.213329,-0.175587],[-0.2284,-0.971018,-0.0704098],[-0.155477,0.107773,-0.981943]]],"btipPosition":[-50.5387,169.667,25.5092],"carpPosition":[-36.9326,198.812,74.0057],"dipPosition":[-53.4027,171.653,7.42121],"direction":[-0.00935048,-0.660249,0.750989],"extended":false,"handId":470,"id":4702,"length":65.6822,"mcpPosition":[-40.1374,227.601,12.0541],"pipPosition":[-53.1421,190.057,-13.5122],"stabilizedTipPosition":[-44.9675,181.568,-9.80858],"timeVisible":20.4902,"tipPosition":[-51.2548,169.928,21.2158],"tipVelocity":[-13.6786,-91.579,159.294],"tool":false,"touchDistance":0.333333,"touchZone":"none","type":2,"width":18.6218},{"bases":[[[0.935992,-0.348729,-0.0480254],[0.336681,0.847003,0.411378],[-0.102782,-0.401216,0.910199]],[[0.937876,-0.34056,-0.0663872],[0.117626,0.492079,-0.862567],[0.326424,0.801173,0.501568]],[[0.937876,-0.34056,-0.0663872],[-0.310615,-0.738831,-0.598037],[0.154618,0.581505,-0.798714]],[[0.937876,-0.34056,-0.0663872],[-0.343265,-0.938606,-0.0344714],[-0.0505719,0.0551183,-0.997198]]],"btipPosition":[-36.4583,169.994,33.8809],"carpPosition":[-25.2007,197.247,71.7838],"dipPosition":[-37.3845,171.004,15.6175],"direction":[-0.154618,-0.581505,0.798714],"extended":false,"handId":470,"id":4703,"length":63.1552,"mcpPosition":[-18.8897,221.883,15.8958],"pipPosition":[-33.1859,186.794,-6.0712],"stabilizedTipPosition":[-31.1185,180.772,-0.507464],"timeVisible":20.4902,"tipPosition":[-36.6926,170.067,29.5324],"tipVelocity":[-12.2955,-82.6896,150.166],"tool":false,"touchDistance":0.333333,"touchZone":"none","type":3,"width":17.7198},{"bases":[[[0.849223,-0.527945,-0.00966404],[0.467752,0.743655,0.477688],[-0.245006,-0.410184,0.878477]],[[0.838136,-0.544773,0.0273891],[0.32701,0.46165,-0.824587],[0.436568,0.700073,0.565072]],[[0.838136,-0.544773,0.0273891],[-0.395017,-0.640831,-0.658253],[0.37615,0.540886,-0.752299]],[[0.838136,-0.544773,0.0273891],[-0.539063,-0.834928,-0.110932],[0.0833008,0.0782119,-0.99345]]],"btipPosition":[-24.3885,176.04,30.6265],"carpPosition":[-14.5638,188.681,68.9353],"dipPosition":[-22.9811,177.361,13.841],"direction":[-0.37615,-0.540886,0.752299],"extended":false,"handId":470,"id":4704,"length":49.5125,"mcpPosition":[-0.6378,211.996,19.0034],"pipPosition":[-15.7694,187.731,-0.582243],"stabilizedTipPosition":[-18.5691,186.765,-1.19366],"timeVisible":20.4902,"tipPosition":[-24.1664,176.184,26.6106],"tipVelocity":[-13.1766,-80.601,147.574],"tool":false,"touchDistance":0.333333,"touchZone":"none","type":4,"width":15.7401}],"r":[[0.855229,0.517689,0.0241309],[-0.453355,0.769885,-0.449163],[-0.251104,0.373197,0.893124]],"s":1.99175,"t":[-42.0076,-80.527,-11.7298],"timestamp":93452796146},false],[6,{"currentFrameRate":53.9932,"devices":[],"gestures":[],"hands":[{"armBasis":[[0.952793,0.0181355,-0.303077],[0.119186,0.895747,0.428289],[0.279248,-0.444194,0.8513]],"armWidth":62.4607,"confidence":0.757901,"direction":[-0.00378826,0.544683,-0.838634],"elbow":[44.2515,65.5877,303.484],"grabStrength":0,"id":470,"palmNormal":[-0.120669,-0.832761,-0.540323],"palmPosition":[-37.7843,209.196,32.0105],"palmVelocity":[-12.7326,-72.2544,117.451],"palmWidth":89.1918,"pinchStrength":0.312542,"r":[[0.853294,0.521258,0.013376],[-0.459943,0.764511,-0.451637],[-0.245646,0.379227,0.892101]],"s":1.98919,"sphereCenter":[-60.2884,189.544,-3.20972],"sphereRadius":47.9216,"stabilizedPalmPosition":[-33.4613,218.982,9.81254],"t":[-42.2217,-81.8206,-9.63837],"timeVisible":20.5083,"type":"right","wrist":[-29.6553,183.15,78.1751]}],"id":1682941,"interactionBox":{"center":[0,200,0],"size":[235.247,235.247,147.751]},"pointables":[{"bases":[[[0.506645,0.811231,0.291917],[-0.743464,0.239647,0.624364],[0.436546,-0.533361,0.724537]],[[0.46431,0.856882,0.223986],[-0.658365,0.164761,0.734445],[0.592429,-0.488475,0.640641]],[[0.46431,0.856882,0.223986],[-0.885664,0.450314,0.113208],[-0.00385832,-0.25094,0.967995]],[[0.46431,0.856882,0.223986],[-0.65686,0.502803,-0.561893],[-0.594097,0.113766,0.796308]]],"btipPosition":[-73.8904,204.956,-4.77459],"carpPosition":[-58.6604,175.277,77.1929],"dipPosition":[-87.5196,207.566,13.4936],"direction":[0.00385832,0.25094,-0.967995],"extended":false,"handId":470,"id":4700,"length":51.0864,"mcpPosition":[-58.6604,175.277,77.1929],"pipPosition":[-87.6485,199.179,45.8457],"stabilizedTipPosition":[-71.3482,216.256,-25.8081],"timeVisible":20.5083,"tipPosition":[-77.2597,204.551,-1.12533],"tipVelocity":[-12.3581,-79.5771,132.667],"tool":false,"touchDistance":0.546917,"touchZone":"hovering","type":0,"width":19.8498},{"bases":[[[0.977957,-0.00628951,-0.208711],[0.0940556,0.905668,0.413423],[0.186423,-0.423941,0.886296]],[[0.977459,-0.00516466,-0.211062],[0.071192,0.949213,0.306473],[0.19876,-0.314591,0.928185]],[[0.977459,-0.00516466,-0.211062],[0.0230606,0.996331,0.0824167],[0.209862,-0.0854262,0.973992]],[[0.977459,-0.00516466,-0.211062],[-0.0149578,0.995495,-0.0936314],[0.210595,0.0946779,0.972978]]],"btipPosition":[-78.8528,240.428,-64.1684],"carpPosition":[-48.5391,196.168,78.2082],"dipPosition":[-75.3258,242.013,-47.873],"direction":[-0.209862,0.0854262,-0.973992],"extended":true,"handId":470,"id":4701,"length":57.6453,"mcpPosition":[-61.9831,226.741,14.2924],"pipPosition":[-70.3536,239.989,-24.7965],"stabilizedTipPosition":[-77.1665,243.901,-62.1853],"timeVisible":20.5083,"tipPosition":[-77.7457,242.619,-60.0252],"tipVelocity":[-47.0077,-187.717,99.4229],"tool":false,"touchDistance":0.425026,"touchZone":"hovering","type":1,"width":18.9605},{"bases":[[[0.963693,-0.217809,-0.154451],[0.262107,0.882039,0.391544],[0.0509497,-0.417811,0.907104]],[[0.962178,-0.207636,-0.176354],[-0.0291033,0.565307,-0.824367],[0.270862,0.79832,0.537883]],[[0.962178,-0.207636,-0.176354],[-0.272395,-0.724257,-0.633445],[0.00380022,0.657525,-0.753423]],[[0.962178,-0.207636,-0.176354],[-0.222114,-0.972747,-0.0665493],[-0.15773,0.103203,-0.982075]]],"btipPosition":[-50.2954,168.475,27.536],"carpPosition":[-36.8129,197.849,75.8943],"dipPosition":[-53.2009,170.376,9.44562],"direction":[-0.00380022,-0.657525,0.753423],"extended":false,"handId":470,"id":4702,"length":65.6822,"mcpPosition":[-40.2973,226.423,13.8582],"pipPosition":[-53.095,188.704,-11.5556],"stabilizedTipPosition":[-45.0238,181.449,-9.49702],"timeVisible":20.5083,"tipPosition":[-51.0209,168.718,23.2356],"tipVelocity":[-1.03531,-79.9427,136.909],"tool":false,"touchDistance":0.333333,"touchZone":"none","type":2,"width":18.6218},{"bases":[[[0.938168,-0.342788,-0.0483534],[0.331779,0.850455,0.408226],[-0.0988124,-0.399027,0.911599]],[[0.939971,-0.334664,-0.0667418],[0.113137,0.490129,-0.864276],[0.321955,0.804844,0.49857]],[[0.939971,-0.334664,-0.0667418],[-0.306697,-0.742708,-0.59525],[0.149639,0.579987,-0.800764]],[[0.939971,-0.334664,-0.0667418],[-0.337204,-0.940921,-0.0310103],[-0.0524207,0.0516544,-0.997288]]],"btipPosition":[-36.211,168.91,35.8593],"carpPosition":[-25.0744,196.354,73.6596],"dipPosition":[-37.1711,169.856,17.5942],"direction":[-0.149639,-0.579987,0.800764],"extended":false,"handId":470,"id":4703,"length":63.1552,"mcpPosition":[-19.0072,220.855,17.6855],"pipPosition":[-33.1077,185.605,-4.15017],"stabilizedTipPosition":[-31.1562,180.689,-0.279402],"timeVisible":20.5083,"tipPosition":[-36.4522,168.968,31.5112],"tipVelocity":[-0.157595,-72.303,130.846],"tool":false,"touchDistance":0.333333,"touchZone":"none","type":3,"width":17.7198},{"bases":[[[0.852624,-0.522443,-0.00930231],[0.463618,0.74817,0.474659],[-0.241022,-0.409018,0.880121]],[[0.84185,-0.539018,0.0273465],[0.322408,0.461616,-0.826416],[0.43283,0.704536,0.562395]],[[0.84185,-0.539018,0.0273465],[-0.391894,-0.645335,-0.655715],[0.37109,0.541297,-0.754513]],[[0.84185,-0.539018,0.0273465],[-0.53362,-0.83887,-0.107456],[0.0808606,0.0758688,-0.993834]]],"btipPosition":[-24.1697,175.017,32.5612],"carpPosition":[-14.3863,187.848,70.8217],"dipPosition":[-22.8034,176.299,15.7692],"direction":[-0.37109,-0.541297,0.754513],"extended":false,"handId":470,"id":4704,"length":49.5125,"mcpPosition":[-0.686761,211.096,20.7963],"pipPosition":[-15.6888,186.677,1.30347],"stabilizedTipPosition":[-18.6111,186.674,-0.956427],"timeVisible":20.5083,"tipPosition":[-23.9601,175.156,28.5496],"t