{"sensorType":"Leap","data":[[0,{"currentFrameRate":55.4079,"devices":[],"gestures":[],"hands":[{"armBasis":[[0.89782,-0.359126,-0.254848],[0.426387,0.853596,0.299277],[0.110059,-0.377361,0.919503]],"armWidth":62.4607,"confidence":0.467833,"direction":[0.292029,0.754528,-0.587714],"elbow":[40.1349,115.27,283.414],"grabStrength":0,"id":470,"palmNormal":[-0.314496,-0.504569,-0.804054],"palmPosition":[18.3835,256.082,6.21275],"palmVelocity":[-1.99912,4.35769,7.08876],"palmWidth":89.1918,"pinchStrength":0.177536,"r":[[0.962643,0.158975,0.219192],[-0.128321,0.980672,-0.147704],[-0.238437,0.114059,0.964437]],"s":1.99946,"sphereCenter":[-4.15236,256.782,-34.9893],"sphereRadius":47.0886,"stabilizedPalmPosition":[16.0153,256.015,0.676434],"t":[13.7697,-36.3062,-33.4695],"timeVisible":5.54061,"type":"right","wrist":[11.0064,215.144,40.0548]}],"id":1682118,"interactionBox":{"center":[0,200,0],"size":[235.247,235.247,147.751]},"pointables":[{"bases":[[[0.701733,0.429671,0.568291],[-0.70023,0.268909,0.661337],[0.131339,-0.862016,0.48957]],[[0.660966,0.594296,0.458188],[-0.681258,0.21919,0.698458],[0.314661,-0.773801,0.549746]],[[0.660966,0.594296,0.458188],[-0.738115,0.624975,0.25415],[-0.135315,-0.50618,0.851746]],[[0.660966,0.594296,0.458188],[-0.683036,0.729324,0.0393482],[-0.310783,-0.338966,0.887984]]],"btipPosition":[-22.2874,281.555,-39.7102],"carpPosition":[-18.5429,218.998,36.0276],"dipPosition":[-29.4171,273.779,-19.3389],"direction":[0.135315,0.50618,-0.851746],"extended":false,"handId":470,"id":4700,"length":51.0864,"mcpPosition":[-18.5429,218.998,36.0276],"pipPosition":[-33.9396,256.861,9.12795],"stabilizedTipPosition":[-26.4415,280.218,-41.1939],"timeVisible":5.54061,"tipPosition":[-23.9811,280.125,-34.7705],"tipVelocity":[0.0827307,2.05209,4.54386],"tool":false,"touchDistance":0.278287,"touchZone":"hovering","type":0,"width":19.8498},{"bases":[[[0.939433,-0.286996,-0.187349],[0.331225,0.619777,0.711454],[-0.0880703,-0.730418,0.677299]],[[0.943406,-0.204266,-0.261268],[0.319199,0.773032,0.54821],[0.0899876,-0.600581,0.794484]],[[0.943406,-0.204266,-0.261268],[0.296896,0.871237,0.390896],[0.147779,-0.446342,0.882576]],[[0.943406,-0.204266,-0.261268],[0.27357,0.924653,0.264909],[0.18747,-0.321392,0.928204]]],"btipPosition":[-6.39049,327.191,-74.1951],"carpPosition":[-2.31103,233.266,44.5632],"dipPosition":[-3.25075,321.808,-58.6496],"direction":[-0.147779,0.446342,-0.882576],"extended":true,"handId":470,"id":4701,"length":57.6453,"mcpPosition":[4.04022,285.941,-4.28062],"pipPosition":[0.250541,311.233,-37.739],"stabilizedTipPosition":[-8.13837,324.711,-76.4731],"timeVisible":5.54061,"tipPosition":[-5.89132,325.873,-70.5363],"tipVelocity":[-0.489164,6.05314,8.12917],"tool":false,"touchDistance":0.115442,"touchZone":"hovering","type":1,"width":18.9605},{"bases":[[[0.848574,-0.484463,-0.212643],[0.483265,0.546147,0.684235],[-0.215353,-0.683387,0.697571]],[[0.850153,-0.479364,-0.217829],[0.296175,0.777417,-0.554891],[0.435338,0.407227,0.802899]],[[0.850153,-0.479364,-0.217829],[-0.390286,-0.296011,-0.871811],[0.353435,0.826189,-0.438744]],[[0.850153,-0.479364,-0.217829],[-0.523658,-0.726576,-0.444825],[0.0549639,0.492237,-0.868724]]],"btipPosition":[-7.19581,226.694,-14.287],"carpPosition":[9.50945,231.295,43.1223],"dipPosition":[-6.18334,235.761,-30.2895],"direction":[-0.353435,-0.826189,0.438744],"extended":false,"handId":470,"id":4702,"length":65.6822,"mcpPosition":[24.2372,278.032,-4.58397],"pipPosition":[3.66845,258.791,-42.5192],"stabilizedTipPosition":[-9.1672,227.951,-22.3295],"timeVisible":5.54061,"tipPosition":[-6.74217,229.015,-17.4872],"tipVelocity":[-0.941519,1.02221,3.6159],"tool":false,"touchDistance":0.333333,"touchZone":"none","type":2,"width":18.6218},{"bases":[[[0.768773,-0.619532,-0.158644],[0.535546,0.488076,0.689183],[-0.349541,-0.614786,0.707007]],[[0.759396,-0.635354,-0.140152],[0.435094,0.656067,-0.61666],[0.483747,0.40731,0.774653]],[[0.759396,-0.635354,-0.140152],[-0.415034,-0.307152,-0.856391],[0.501063,0.708508,-0.496943]],[[0.759396,-0.635354,-0.140152],[-0.62641,-0.65574,-0.421444],[0.175863,0.407836,-0.895959]]],"btipPosition":[3.72682,219.723,-6.81827],"carpPosition":[20.2778,226.521,40.6171],"dipPosition":[6.94771,227.193,-23.2275],"direction":[-0.501063,-0.708507,0.496943],"extended":false,"handId":470,"id":4703,"length":63.1552,"mcpPosition":[41.7403,264.27,-2.79462],"pipPosition":[20.5538,246.432,-36.7218],"stabilizedTipPosition":[2.25447,220.688,-14.5032],"timeVisible":5.54061,"tipPosition":[4.75016,221.725,-10.0763],"tipVelocity":[-0.203468,2.76606,5.89641],"tool":false,"touchDistance":0.333333,"touchZone":"none","type":3,"width":17.7198},{"bases":[[[0.624024,-0.758594,-0.187426],[0.615599,0.329529,0.715855],[-0.481281,-0.56209,0.672624]],[[0.588636,-0.796242,-0.139663],[0.593348,0.542888,-0.594315],[0.549041,0.266966,0.792012]],[[0.588636,-0.796242,-0.139663],[-0.461962,-0.189542,-0.866409],[0.6634,0.574519,-0.479405]],[[0.588636,-0.796242,-0.139663],[-0.757345,-0.482745,-0.439756],[0.282731,0.36463,-0.887191]]],"btipPosition":[18.6551,221.726,-6.47533],"carpPosition":[27.8253,216.206,35.0261],"dipPosition":[23.4321,227.887,-21.4654],"direction":[-0.6634,-0.574519,0.479405],"extended":false,"handId":470,"id":4704,"length":49.5125,"mcpPosition":[55.181,248.155,-3.20528],"pipPosition":[36.151,238.902,-30.6567],"stabilizedTipPosition":[17.2799,222.405,-14.2043],"timeVisible":5.54061,"tipPosition":[19.9644,223.444,-9.56241],"tipVelocity":[-0.443449,2.00179,5.29078],"tool":false,"touchDistance":0.333333,"touchZone":"none","type":4,"width":15.7401}],"r":[[0.962643,0.158975,0.219192],[-0.128321,0.980672,-0.147704],[-0.238437,0.114059,0.964437]],"s":1.99946,"t":[13.7697,-36.3062,-33.4695],"timestamp":93437846533},false],[1,{"currentFrameRate":55.4044,"devices":[],"gestures":[],"hands":[{"armBasis":[[0.898692,-0.357599,-0.25392],[0.42498,0.853091,0.302702],[0.108371,-0.379947,0.918638]],"armWidth":62.4607,"confidence":0.473019,"direction":[0.29172,0.755888,-0.586116],"elbow":[39.643,114.719,283.197],"grabStrength":0,"id":470,"palmNormal":[-0.313075,-0.503559,-0.805241],"palmPosition":[18.3234,256.282,6.30291],"palmVelocity":[-2.63022,7.53732,6.0929],"palmWidth":89.1918,"pinchStrength":0.177338,"r":[[0.962323,0.159572,0.220163],[-0.129022,0.980707,-0.146855],[-0.239349,0.112916,0.964345]],"s":1.99962,"sphereCenter":[-4.16955,257.023,-34.9183],"sphereRadius":47.0931,"stabilizedPalmPosition":[16.0207,256.016,0.689701],"t":[13.7208,-36.1671,-33.362],"timeVisible":5.55867,"type":"right","wrist":[10.961,215.277,40.0669]}],"id":1682119,"interactionBox":{"center":[0,200,0],"size":[235.247,235.247,147.751]},"pointables":[{"bases":[[[0.70064,0.429531,0.569743],[-0.701222,0.26693,0.661087],[0.131875,-0.8627,0.488218]],[[0.659727,0.594467,0.459749],[-0.682301,0.217379,0.698006],[0.315001,-0.77418,0.549016]],[[0.659727,0.594467,0.459749],[-0.739174,0.623676,0.254266],[-0.135582,-0.50758,0.85087]],[[0.659727,0.594467,0.459749],[-0.683843,0.728574,0.0392315],[-0.311639,-0.340278,0.887182]]],"btipPosition":[-22.3214,281.755,-39.6381],"carpPosition":[-18.5887,219.103,36.0163],"dipPosition":[-29.4707,273.948,-19.2852],"direction":[0.135582,0.50758,-0.85087],"extended":false,"handId":470,"id":4700,"length":51.0864,"mcpPosition":[-18.5887,219.103,36.0163],"pipPosition":[-34.0021,256.984,9.15236],"stabilizedTipPosition":[-26.434,280.217,-41.175],"timeVisible":5.55867,"tipPosition":[-24.0219,280.318,-34.7009],"tipVelocity":[-0.96879,6.14392,4.17034],"tool":false,"touchDistance":0.279418,"touchZone":"hovering","type":0,"width":19.8498},{"bases":[[[0.939966,-0.285548,-0.186888],[0.32976,0.618946,0.712857],[-0.0878819,-0.731689,0.67595]],[[0.943914,-0.202665,-0.260678],[0.317727,0.772354,0.550017],[0.0898669,-0.601993,0.793428]],[[0.943914,-0.202665,-0.260678],[0.295487,0.870787,0.392961],[0.147356,-0.447948,0.881833]],[[0.943914,-0.202665,-0.260678],[0.272247,0.924407,0.267122],[0.186837,-0.323109,0.927735]]],"btipPosition":[-6.45,327.517,-73.9982],"carpPosition":[-2.38267,233.375,44.5929],"dipPosition":[-3.32087,322.106,-58.4605],"direction":[-0.147356,0.447948,-0.881833],"extended":true,"handId":470,"id":4701,"length":57.6453,"mcpPosition":[3.95499,286.141,-4.15361],"pipPosition":[0.170391,311.493,-37.5675],"stabilizedTipPosition":[-8.11907,324.723,-76.4246],"timeVisible":5.55867,"tipPosition":[-5.95037,326.187,-70.3467],"tipVelocity":[-1.88584,11.5968,9.39969],"tool":false,"touchDistance":0.118694,"touchZone":"hovering","type":1,"width":18.9605},{"bases":[[[0.84937,-0.48308,-0.212614],[0.481915,0.545545,0.685666],[-0.215241,-0.684846,0.696173]],[[0.85097,-0.477899,-0.217861],[0.29548,0.778549,-0.553673],[0.434215,0.406785,0.803731]],[[0.85097,-0.477899,-0.217861],[-0.388717,-0.294123,-0.87315],[0.3532,0.82771,-0.436057]],[[0.85097,-0.477899,-0.217861],[-0.522203,-0.725509,-0.448264],[0.0561648,0.495227,-0.866946]]],"btipPosition":[-7.23376,226.843,-14.3],"carpPosition":[9.44161,231.421,43.1607],"dipPosition":[-6.19917,235.965,-30.2697],"direction":[-0.3532,-0.82771,0.436057],"extended":false,"handId":470,"id":4702,"length":65.6822,"mcpPosition":[24.1618,278.257,-4.45004],"pipPosition":[3.64606,259.037,-42.4246],"stabilizedTipPosition":[-9.16221,227.953,-22.3195],"timeVisible":5.55867,"tipPosition":[-6.772,229.187,-17.5008],"tipVelocity":[-1.3586,4.77707,1.75466],"tool":false,"touchDistance":0.333333,"touchZone":"none","type":2,"width":18.6218},{"bases":[[[0.769676,-0.618337,-0.158928],[0.534261,0.487528,0.690567],[-0.349521,-0.616422,0.705592]],[[0.760327,-0.634157,-0.140527],[0.434556,0.657427,-0.615589],[0.482767,0.406982,0.775437]],[[0.760327,-0.634157,-0.140527],[-0.413872,-0.306245,-0.857277],[0.500612,0.709971,-0.495306]],[[0.760327,-0.634157,-0.140527],[-0.625115,-0.655634,-0.423527],[0.176448,0.409865,-0.894917]]],"btipPosition":[3.71045,219.904,-6.78809],"carpPosition":[20.2182,226.664,40.6582],"dipPosition":[6.94206,227.41,-23.1783],"direction":[-0.500612,-0.709971,0.495306],"extended":false,"handId":470,"id":4703,"length":63.1552,"mcpPosition":[41.6795,264.514,-2.66659],"pipPosition":[20.5359,246.689,-36.6281],"stabilizedTipPosition":[2.25796,220.69,-14.497],"timeVisible":5.55867,"tipPosition":[4.73307,221.916,-10.0614],"tipVelocity":[-0.472531,6.42421,4.00511],"tool":false,"touchDistance":0.333333,"touchZone":"none","type":3,"width":17.7198},{"bases":[[[0.625123,-0.757522,-0.188098],[0.614477,0.329031,0.717047],[-0.481289,-0.563824,0.671165]],[[0.590602,-0.794447,-0.141571],[0.591931,0.545742,-0.593113],[0.548458,0.266493,0.792575]],[[0.590602,-0.794447,-0.141571],[-0.460666,-0.187882,-0.86746],[0.662553,0.577541,-0.476938]],[[0.590602,-0.794447,-0.141571],[-0.755558,-0.482788,-0.442773],[0.283411,0.368468,-0.885387]]],"btipPosition":[18.6389,221.88,-6.45869],"carpPosition":[27.7838,216.367,35.0572],"dipPosition":[23.4275,228.105,-21.4183],"direction":[-0.662553,-0.577541,0.476938],"extended":false,"handId":470,"id":4704,"length":49.5125,"mcpPosition":[55.1399,248.415,-3.09134],"pipPosition":[36.1301,239.178,-30.5623],"stabilizedTipPosition":[17.2849,222.406,-14.1956],"timeVisible":5.55867,"tipPosition":[19.9466,223.625,-9.5471],"tipVelocity":[-0.588419,5.4802,3.40009],"tool":false,"touchDistance":0.333333,"touchZone":"none","type":4,"width":15.7401}],"r":[[0.962323,0.159572,0.220163],[-0.129022,0.980707,-0.146855],[-0.239349,0.112916,0.964345]],"s":1.99962,"t":[13.7208,-36.1671,-33.362],"timestamp":93437864594},false],[2,{"currentFrameRate":55.3928,"devices":[],"gestures":[],"hands":[{"armBasis":[[0.898894,-0.356313,-0.255011],[0.424385,0.852798,0.304356],[0.109026,-0.381807,0.917789]],"armWidth":62.4607,"confidence":0.477045,"direction":[0.290634,0.757107,-0.585081],"elbow":[39.7957,114.39,282.957],"grabStrength":0,"id":470,"palmNormal":[-0.313169,-0.502529,-0.805847],"palmPosition":[18.2425,256.508,6.34905],"palmVelocity":[-3.50528,9.87917,4.40828],"palmWidth":89.1918,"pinchStrength":0.177974,"r":[[0.962067,0.160151,0.22086],[-0.129782,0.980759,-0.14584],[-0.239967,0.111644,0.96434]],"s":1.99975,"sphereCenter":[-4.27027,257.285,-34.8578],"sphereRadius":47.0927,"stabilizedPalmPosition":[16.0327,256.018,0.720068],"t":[13.6559,-35.9848,-33.2852],"timeVisible":5.57676,"type":"right","wrist":[10.9404,215.441,40.0511]}],"id":1682120,"interactionBox":{"center":[0,200,0],"size":[235.247,235.247,147.751]},"pointables":[{"bases":[[[0.70064,0.429236,0.569965],[-0.701012,0.265216,0.661999],[0.132991,-0.863375,0.486721]],[[0.659413,0.594566,0.460072],[-0.68214,0.215963,0.698602],[0.316006,-0.774501,0.547986]],[[0.659413,0.594566,0.460072],[-0.739624,0.622692,0.255364],[-0.134653,-0.508671,0.850366]],[[0.659413,0.594566,0.460072],[-0.684261,0.728155,0.0397197],[-0.311388,-0.341001,0.886993]]],"btipPosition":[-22.4342,281.967,-39.5559],"carpPosition":[-18.6156,219.246,36.0269],"dipPosition":[-29.5778,274.144,-19.2073],"direction":[0.134653,0.508671,-0.850366],"extended":false,"handId":470,"id":4700,"length":51.0864,"mcpPosition":[-18.6156,219.246,36.0269],"pipPosition":[-34.0781,257.143,9.2134],"stabilizedTipPosition":[-26.4218,280.217,-41.1422],"timeVisible":5.57676,"tipPosition":[-24.1389,280.531,-34.615],"tipVelocity":[-3.43949,8.70216,4.32212],"tool":false,"touchDistance":0.280772,"touchZone":"hovering","type":0,"width":19.8498},{"bases":[[[0.940096,-0.28439,-0.187994],[0.329686,0.618081,0.71364],[-0.0867568,-0.732869,0.674815]],[[0.943919,-0.201373,-0.261661],[0.317406,0.771703,0.551115],[0.0909455,-0.60326,0.792342]],[[0.943919,-0.201373,-0.261661],[0.294972,0.870379,0.394248],[0.148354,-0.449321,0.880966]],[[0.943919,-0.201373,-0.261661],[0.2716,0.924192,0.26852],[0.187753,-0.324528,0.927055]]],"btipPosition":[-6.64948,327.857,-73.8158],"carpPosition":[-2.41662,233.519,44.6158],"dipPosition":[-3.50502,322.421,-58.2896],"direction":[-0.148354,0.449321,-0.880966],"extended":true,"handId":470,"id":4701,"length":57.6453,"mcpPosition":[3.83991,286.37,-4.04895],"pipPosition":[0.00988751,311.776,-37.4171],"stabilizedTipPosition":[-8.09224,324.746,-76.349],"timeVisible":5.57676,"tipPosition":[-6.14406,326.52,-70.169],"tipVelocity":[-6.13916,14.8509,9.65276],"tool":false,"touchDistance":0.121689,"touchZone":"hovering","type":1,"width":18.9605},{"bases":[[[0.849662,-0.481962,-0.213981],[0.481889,0.544864,0.686226],[-0.214144,-0.686175,0.695202]],[[0.851281,-0.476679,-0.219313],[0.294252,0.77975,-0.552635],[0.434439,0.405915,0.80405]],[[0.851281,-0.476679,-0.219313],[-0.388568,-0.291818,-0.873989],[0.352613,0.829228,-0.433641]],[[0.851281,-0.476679,-0.219313],[-0.521698,-0.724191,-0.450976],[0.0561464,0.498322,-0.865172]]],"btipPosition":[-7.3358,227.033,-14.3371],"carpPosition":[9.40845,231.578,43.1723],"dipPosition":[-6.30155,236.212,-30.2741],"direction":[-0.352613,-0.829228,0.433641],"extended":false,"handId":470,"id":4702,"length":65.6822,"mcpPosition":[24.0536,278.505,-4.37202],"pipPosition":[3.52733,259.326,-42.3616],"stabilizedTipPosition":[-9.15313,227.959,-22.3005],"timeVisible":5.57676,"tipPosition":[-6.87095,229.396,-17.5296],"tipVelocity":[-3.39635,7.84539,0.143188],"tool":false,"touchDistance":0.333333,"touchZone":"none","type":2,"width":18.6218},{"bases":[[[0.770127,-0.617379,-0.160462],[0.53429,0.486886,0.690996],[-0.34848,-0.617888,0.704823]],[[0.760831,-0.633195,-0.142129],[0.433196,0.658623,-0.61527],[0.483195,0.406546,0.775398]],[[0.760831,-0.633195,-0.142129],[-0.414249,-0.305288,-0.857436],[0.499534,0.71124,-0.494573]],[[0.760831,-0.633195,-0.142129],[-0.624737,-0.655392,-0.424459],[0.175615,0.411735,-0.894223]]],"btipPosition":[3.64172,220.115,-6.77538],"carpPosition":[20.1876,226.835,40.6547],"dipPosition":[6.85807,227.656,-23.1528],"direction":[-0.499534,-0.71124,0.494573],"extended":false,"handId":470,"id":4703,"length":63.1552,"mcpPosition":[41.585,264.775,-2.62294],"pipPosition":[20.4227,246.97,-36.5827],"stabilizedTipPosition":[2.26459,220.693,-14.4846],"timeVisible":5.57676,"tipPosition":[4.65856,222.136,-10.064],"tipVelocity":[-2.14635,9.13932,2.5117],"tool":false,"touchDistance":0.333333,"touchZone":"none","type":3,"width":17.7198},{"bases":[[[0.625681,-0.756647,-0.18976],[0.614669,0.328419,0.717163],[-0.480319,-0.565355,0.670573]],[[0.591998,-0.792919,-0.144281],[0.589867,0.548272,-0.592837],[0.549177,0.265852,0.792293]],[[0.591998,-0.792919,-0.144281],[-0.460691,-0.186041,-0.867843],[0.661288,0.580231,-0.475427]],[[0.591998,-0.792919,-0.144281],[-0.754629,-0.482499,-0.444668],[0.28297,0.372121,-0.883999]]],"btipPosition":[18.5655,222.063,-6.49312],"carpPosition":[27.7587,216.555,35.0317],"dipPosition":[23.3466,228.35,-21.4293],"direction":[-0.661288,-0.580231,0.475427],"extended":false,"handId":470,"id":4704,"length":49.5125,"mcpPosition":[55.0597,248.689,-3.08313],"pipPosition":[36.025,239.474,-30.5443],"stabilizedTipPosition":[17.294,222.411,-14.1792],"timeVisible":5.57676,"tipPosition":[19.8695,223.832,-9.5808],"tipVelocity":[-2.28266,8.06045,1.02018],"tool":false,"touchDistance":0.333333,"touchZone":"none","type":4,"width":15.7401}],"r":[[0.962067,0.160151,0.22086],[-0.129782,0.980759,-0.14584],[-0.239967,0.111644,0.96434]],"s":1.99975,"t":[13.6559,-35.9848,-33.2852],"timestamp":93437882687},false],[3,{"currentFrameRate":55.3848,"devices":[],"gestures":[],"hands":[{"armBasis":[[0.898706,-0.355581,-0.256691],[0.424632,0.851848,0.306663],[0.109618,-0.384599,0.916552]],"armWidth":62.4607,"confidence":0.466556,"direction":[0.29054,0.758207,-0.583702],"elbow":[39.8895,113.727,282.596],"grabStrength":0,"id":470,"palmNormal":[-0.313595,-0.500874,-0.806711],"palmPosition":[18.1738,256.649,6.39434],"palmVelocity":[-3.6468,8.89892,3.50353],"palmWidth":89.1918,"pinchStrength":0.178222,"r":[[0.961886,0.160489,0.221403],[-0.130365,0.980861,-0.144629],[-0.240377,0.110253,0.964398]],"s":1.99989,"sphereCenter":[-4.34461,257.495,-34.8111],"sphereRadius":47.095,"stabilizedPalmPosition":[16.0519,256.024,0.770991],"t":[13.5891,-35.8229,-33.2242],"timeVisible":5.59485,"type":"right","wrist":[10.8775,215.517,40.0182]}],"id":1682121,"interactionBox":{"center":[0,200,0],"size":[235.247,235.247,147.751]},"pointables":[{"bases":[[[0.700955,0.427975,0.570526],[-0.70069,0.26404,0.66281],[0.133024,-0.864361,0.484958]],[[0.659679,0.593629,0.4609],[-0.681863,0.214853,0.699215],[0.316048,-0.775528,0.546507]],[[0.659679,0.593629,0.4609],[-0.73944,0.622308,0.25683],[-0.13436,-0.510232,0.849476]],[[0.659679,0.593629,0.4609],[-0.68416,0.728157,0.0413786],[-0.311044,-0.342626,0.886487]]],"btipPosition":[-22.5177,282.196,-39.4556],"carpPosition":[-18.6794,219.336,36.0136],"dipPosition":[-29.6534,274.336,-19.1186],"direction":[0.13436,0.510232,-0.849476],"extended":false,"handId":470,"id":4700,"length":51.0864,"mcpPosition":[-18.6794,219.336,36.0136],"pipPosition":[-34.1439,257.283,9.27238],"stabilizedTipPosition":[-26.405,280.218,-41.0952],"timeVisible":5.59485,"tipPosition":[-24.219,280.749,-34.5168],"tipVelocity":[-3.95133,10.3726,4.83431],"tool":false,"touchDistance":0.282399,"touchZone":"hovering","type":0,"width":19.8498},{"bases":[[[0.939964,-0.284198,-0.188941],[0.330097,0.616606,0.714726],[-0.0866213,-0.734186,0.6734]],[[0.943773,-0.201032,-0.262449],[0.317774,0.77058,0.552473],[0.0911732,-0.604808,0.791135]],[[0.943773,-0.201032,-0.262449],[0.295267,0.869638,0.395659],[0.148695,-0.450905,0.880099]],[[0.943773,-0.201032,-0.262449],[0.271822,0.923717,0.269926],[0.188165,-0.326088,0.926424]]],"btipPosition":[-6.74136,328.15,-73.6236],"carpPosition":[-2.47414,233.589,44.624],"dipPosition":[-3.58999,322.689,-58.1079],"direction":[-0.148695,0.450905,-0.880099],"extended":true,"handId":470,"id":4701,"length":57.6453,"mcpPosition":[3.77261,286.535,-3.93868],"pipPosition":[-0.0669919,312.006,-37.256],"stabilizedTipPosition":[-8.0597,324.78,-76.2503],"timeVisible":5.59485,"tipPosition":[-6.22965,326.812,-69.9787],"tipVelocity":[-5.59443,15.3474,10.0535],"tool":false,"touchDistance":0.124852,"touchZone":"hovering","type":1,"width":18.9605},{"bases":[[[0.849481,-0.4817,-0.215282],[0.482275,0.543413,0.687105],[-0.213992,-0.687508,0.693931]],[[0.851118,-0.476347,-0.220664],[0.29426,0.780974,-0.5509],[0.434752,0.403948,0.80487]],[[0.851118,-0.476347,-0.220664],[-0.388277,-0.288286,-0.87529],[0.353327,0.830653,-0.43032]],[[0.851118,-0.476347,-0.220664],[-0.521848,-0.721867,-0.454514],[0.057216,0.501998,-0.862974]]],"btipPosition":[-7.45915,227.18,-14.4225],"carpPosition":[9.34997,231.648,43.1718],"dipPosition":[-6.40519,236.427,-30.319],"direction":[-0.353327,-0.830653,0.43032],"extended":false,"handId":470,"id":4702,"length":65.6822,"mcpPosition":[23.9847,278.666,-4.28559],"pipPosition":[3.44358,259.581,-42.314],"stabilizedTipPosition":[-9.14084,227.967,-22.2737],"timeVisible":5.59485,"tipPosition":[-6.98576,229.559,-17.5964],"tipVelocity":[-4.9052,8.38646,-1.92493],"tool":false,"touchDistance":0.333333,"touchZone":"none","type":2,"width":18.6218},{"bases":[[[0.769943,-0.617207,-0.161998],[0.534667,0.485416,0.691739],[-0.34831,-0.619214,0.703743]],[[0.760674,-0.63302,-0.143737],[0.432755,0.659571,-0.614564],[0.483836,0.40528,0.775661]],[[0.760674,-0.63302,-0.143737],[-0.414722,-0.303574,-0.857816],[0.49938,0.71213,-0.493448]],[[0.760674,-0.63302,-0.143737],[-0.624969,-0.654323,-0.425764],[0.175466,0.413699,-0.893345]]],"btipPosition":[3.5497,220.265,-6.78143],"carpPosition":[20.1272,226.908,40.6404],"dipPosition":[6.76332,227.842,-23.1428],"direction":[-0.49938,-0.71213,0.493448],"extended":false,"handId":470,"id":4703,"length":63.1552,"mcpPosition":[41.5141,264.929,-2.57084],"pipPosition":[20.3238,247.18,-36.5422],"stabilizedTipPosition":[2.27472,220.7,-14.4649],"timeVisible":5.59485,"tipPosition":[4.56378,222.294,-10.0831],"tipVelocity":[-3.56147,8.95452,1.25596],"tool":false,"touchDistance":0.333333,"touchZone":"none","type":3,"width":17.7198},{"bases":[[[0.625458,-0.75639,-0.191512],[0.615025,0.326883,0.71756],[-0.480153,-0.566588,0.66965]],[[0.592637,-0.791904,-0.147203],[0.5884,0.550438,-0.592287],[0.550061,0.264397,0.792166]],[[0.592637,-0.791904,-0.147203],[-0.460942,-0.183563,-0.868238],[0.66054,0.582402,-0.473809]],[[0.592637,-0.791904,-0.147203],[-0.754193,-0.4814,-0.446595],[0.282797,0.375688,-0.882544]]],"btipPosition":[18.478,222.164,-6.52956],"carpPosition":[27.694,216.638,34.994],"dipPosition":[23.2562,228.512,-21.4412],"direction":[-0.66054,-0.582402,0.473809],"extended":false,"handId":470,"id":4704,"length":49.5125,"mcpPosition":[54.9855,248.842,-3.06835],"pipPosition":[35.9202,239.678,-30.5251],"stabilizedTipPosition":[17.3071,222.418,-14.1549],"timeVisible":5.59485,"tipPosition":[19.7772,223.958,-9.6196],"tipVelocity":[-3.51582,7.26179,-0.274073],"tool":false,"touchDistance":0.333333,"touchZone":"none","type":4,"width":15.7401}],"r":[[0.961886,0.160489,0.221403],[-0.130365,0.980861,-0.144629],[-0.240377,0.110253,0.964398]],"s":1.99989,"t":[13.5891,-35.8229,-33.2242],"timestamp":93437900770},false],[4,{"currentFrameRate":55.3654,"devices":[],"gestures":[],"hands":[{"armBasis":[[0.898272,-0.356007,-0.257616],[0.425425,0.851389,0.30684],[0.110094,-0.385222,0.916233]],"armWidth":62.4607,"confidence":0.468249,"direction":[0.290523,0.758702,-0.583067],"elbow":[39.9631,113.594,282.504],"grabStrength":0,"id":470,"palmNormal":[-0.314561,-0.499754,-0.80703],"palmPosition":[18.1189,256.714,6.42801],"palmVelocity":[-3.35122,6.37769,2.71951],"palmWidth":89.1918,"pinchStrength":0.178555,"r":[[0.961796,0.160591,0.221717],[-0.130735,0.98099,-0.143413],[-0.240533,0.108948,0.964507]],"s":2.00003,"sphereCenter":[-4.42111,257.613,-34.7573],"sphereRadius":47.0936,"stabilizedPalmPosition":[16.0772,256.033,0.840185],"t":[13.5283,-35.7094,-33.1768],"timeVisible":5.61298,"type":"right","wrist":[10.8252,215.548,40.0104]}],"id":1682122,"interactionBox":{"center":[0,200,0],"size":[235.247,235.247,147.751]},"pointables":[{"bases":[[[0.701683,0.426891,0.570443],[-0.699986,0.263702,0.663687],[0.132895,-0.865,0.483853]],[[0.660291,0.593051,0.460767],[-0.681333,0.214955,0.699699],[0.315913,-0.775941,0.545998]],[[0.660291,0.593051,0.460767],[-0.738956,0.622526,0.257693],[-0.134014,-0.510639,0.849287]],[[0.660291,0.593051,0.460767],[-0.683816,0.728423,0.0423766],[-0.310502,-0.343061,0.886509]]],"btipPosition":[-22.5884,282.294,-39.4039],"carpPosition":[-18.7327,219.39,36.0345],"dipPosition":[-29.7116,274.424,-19.0665],"direction":[0.134014,0.510639,-0.849287],"extended":false,"handId":470,"id":4700,"length":51.0864,"mcpPosition":[-18.7327,219.39,36.0345],"pipPosition":[-34.1906,257.357,9.31819],"stabilizedTipPosition":[-26.385,280.22,-41.0365],"timeVisible":5.61298,"tipPosition":[-24.2864,280.848,-34.4563],"tipVelocity":[-3.85071,7.93372,3.89245],"tool":false,"touchDistance":0.283262,"touchZone":"hovering","type":0,"width":19.8498},{"bases":[[[0.939636,-0.284551,-0.190039],[0.331057,0.615582,0.715165],[-0.0865166,-0.734908,0.672625]],[[0.943434,-0.201275,-0.263477],[0.318704,0.769644,0.553242],[0.0914298,-0.605918,0.790255]],[[0.943434,-0.201275,-0.263477],[0.296125,0.86895,0.396529],[0.149137,-0.452121,0.8794]],[[0.943434,-0.201275,-0.263477],[0.2726,0.923221,0.270837],[0.188735,-0.327341,0.925866]]],"btipPosition":[-6.81731,328.333,-73.4808],"carpPosition":[-2.51171,233.623,44.648],"dipPosition":[-3.65639,322.85,-57.9745],"direction":[-0.149137,0.452121,-0.8794],"extended":true,"handId":470,"id":4701,"length":57.6453,"mcpPosition":[3.72749,286.621,-3.8588],"pipPosition":[-0.122925,312.138,-37.1391],"stabilizedTipPosition":[-8.02477,324.821,-76.138],"timeVisible":5.61298,"tipPosition":[-6.30057,326.987,-69.8416],"tipVelocity":[-4.86759,12.7066,8.9613],"tool":false,"touchDistance":0.127197,"touchZone":"hovering","type":1,"width":18.9605},{"bases":[[[0.849011,-0.481968,-0.216532],[0.483168,0.542329,0.687334],[-0.213842,-0.688176,0.693315]],[[0.850663,-0.476556,-0.221964],[0.294119,0.781372,-0.55041],[0.435737,0.40293,0.804848]],[[0.850663,-0.476556,-0.221964],[-0.388871,-0.286279,-0.875685],[0.353769,0.831227,-0.428845]],[[0.850663,-0.476556,-0.221964],[-0.522555,-0.720288,-0.456204],[0.057529,0.504064,-0.861748]]],"btipPosition":[-7.57399,227.248,-14.4309],"carpPosition":[9.31001,231.677,43.1839],"dipPosition":[-6.51427,236.533,-30.3048],"direction":[-0.353769,-0.831227,0.428845],"extended":false,"handId":470,"id":4702,"length":65.6822,"mcpPosition":[23.9345,278.74,-4.23133],"pipPosition":[3.34684,259.703,-42.2586],"stabilizedTipPosition":[-9.12592,227.979,-22.2392],"timeVisible":5.61298,"tipPosition":[-7.09746,229.64,-17.6048],"tipVelocity":[-5.55098,6.41282,-1.09193],"tool":false,"touchDistance":0.333333,"touchZone":"none","type":2,"width":18.6218},{"bases":[[[0.769434,-0.617488,-0.163339],[0.535528,0.484294,0.691859],[-0.34811,-0.619812,0.703315]],[[0.760192,-0.633281,-0.145131],[0.432361,0.659845,-0.614548],[0.484945,0.404426,0.775415]],[[0.760192,-0.633281,-0.145131],[-0.415668,-0.30239,-0.857777],[0.499328,0.712401,-0.493109]],[[0.760192,-0.633281,-0.145131],[-0.625654,-0.653352,-0.42625],[0.175114,0.414833,-0.892888]]],"btipPosition":[3.45184,220.336,-6.76413],"carpPosition":[20.0823,226.933,40.6382],"dipPosition":[6.65901,227.934,-23.1171],"direction":[-0.499328,-0.712401,0.493109],"extended":false,"handId":470,"id":4703,"length":63.1552,"mcpPosition":[41.457,264.991,-2.54676],"pipPosition":[20.218,247.278,-36.5073],"stabilizedTipPosition":[2.28768,220.709,-14.4382],"timeVisible":5.61298,"tipPosition":[4.46258,222.369,-10.0796],"tipVelocity":[-4.47507,6.67391,1.16294],"tool":false,"touchDistance":0.333333,"touchZone":"none","type":3,"width":17.7198},{"bases":[[[0.62484,-0.756549,-0.192895],[0.615811,0.325682,0.717431],[-0.479949,-0.567067,0.669391]],[[0.592747,-0.791385,-0.149534],[0.587114,0.551684,-0.592404],[0.551315,0.263352,0.791642]],[[0.592747,-0.791385,-0.149534],[-0.461644,-0.181713,-0.868254],[0.659951,0.583687,-0.473048]],[[0.592747,-0.791385,-0.149534],[-0.754245,-0.480347,-0.447639],[0.282427,0.378122,-0.881623]]],"btipPosition":[18.3847,222.189,-6.54705],"carpPosition":[27.6382,216.664,34.9738],"dipPosition":[23.1566,228.577,-21.4431],"direction":[-0.659951,-0.583687,0.473048],"extended":false,"handId":470,"id":4704,"length":49.5125,"mcpPosition":[54.9182,248.896,-3.07384],"pipPosition":[35.8094,239.768,-30.5125],"stabilizedTipPosition":[17.3234,222.427,-14.1236],"timeVisible":5.61298,"tipPosition":[19.6791,224,-9.64133],"tipVelocity":[-4.32993,4.69199,-0.508739],"tool":false,"touchDistance":0.333333,"touchZone":"none","type":4,"width":15.7401}],"r":[[0.961796,0.160591,0.221717],[-0.130735,0.98099,-0.143413],[-0.240533,0.108948,0.964507]],"s":2.00003,"t":[13.5283,-35.7094,-33.1768],"timestamp":93437918899},false],[5,{"currentFrameRate":55.3643,"devices":[],"gestures":[],"hands":[{"armBasis":[[0.897962,-0.356565,-0.257927],[0.426062,0.851118,0.306708],[0.110165,-0.385305,0.91619]],"armWidth":62.4607,"confidence":0.465567,"direction":[0.290564,0.759083,-0.582551],"elbow":[39.9264,113.605,282.5],"grabStrength":0,"id":470,"palmNormal":[-0.315279,-0.498869,-0.807297],"palmPosition":[18.0645,256.774,6.46767],"palmVelocity":[-3.19029,4.92458,2.47042],"palmWidth":89.1918,"pinchStrength":0.178037,"r":[[0.961767,0.160536,0.221885],[-0.130951,0.981131,-0.142248],[-0.240534,0.107753,0.964641]],"s":2.00024,"sphereCenter":[-4.48494,257.715,-34.6988],"sphereRadius":47.0947,"stabilizedPalmPosition":[16.1058,256.043,0.921146],"t":[13.4706,-35.6226,-33.1333],"timeVisible":5.63104,"type":"right","wrist":[10.7696,215.581,40.0172]}],"id":1682123,"interactionBox":{"center":[0,200,0],"size":[235.247,235.247,147.751]},"pointables":[{"bases":[[[0.702227,0.426026,0.57042],[-0.699468,0.263453,0.664332],[0.132743,-0.865502,0.482996]],[[0.660744,0.592614,0.460679],[-0.681026,0.215231,0.699913],[0.315626,-0.776198,0.545799]],[[0.660744,0.592614,0.460679],[-0.738569,0.62279,0.258164],[-0.133915,-0.510823,0.849191]],[[0.660744,0.592614,0.460679],[-0.68367,0.728497,0.0434449],[-0.309857,-0.343659,0.886503]]],"btipPosition":[-22.6483,282.378,-39.3635],"carpPosition":[-18.7885,219.441,36.0619],"dipPosition":[-29.7568,274.494,-19.0261],"direction":[0.133915,0.510823,-0.849191],"extended":false,"handId":470,"id":4700,"length":51.0864,"mcpPosition":[-18.7885,219.441,36.0619],"pipPosition":[-34.2325,257.421,9.35535],"stabilizedTipPosition":[-26.3627,280.224,-40.9692],"timeVisible":5.63104,"tipPosition":[-24.3441,280.931,-34.4071],"tipVelocity":[-3.50856,6.29402,3.10662],"tool":false,"touchDistance":0.283936,"touchZone":"hovering","type":0,"width":19.8498},{"bases":[[[0.939383,-0.284849,-0.190841],[0.33178,0.614771,0.715527],[-0.0864936,-0.735471,0.672012]],[[0.94318,-0.201511,-0.264205],[0.319438,0.768805,0.553983],[0.0914882,-0.606903,0.789492]],[[0.94318,-0.201511,-0.264205],[0.296837,0.868303,0.397413],[0.149327,-0.453257,0.878783]],[[0.94318,-0.201511,-0.264205],[0.27328,0.922738,0.271797],[0.189021,-0.328556,0.925377]]],"btipPosition":[-6.87449,328.498,-73.3509],"carpPosition":[-2.55548,233.658,44.6788],"dipPosition":[-3.70877,322.995,-57.8527],"direction":[-0.149327,0.453257,-0.878783],"extended":true,"handId":470,"id":4701,"length":57.6453,"mcpPosition":[3.68206,286.697,-3.78379],"pipPosition":[-0.170815,312.256,-37.0319],"stabilizedTipPosition":[-7.99022,324.865,-76.0211],"timeVisible":5.63104,"tipPosition":[-6.35499,327.142,-69.7192],"tipVelocity":[-4.02991,10.89,8.07167],"tool":false,"touchDistance":0.129331,"touchZone":"hovering","type":1,"width":18.9605},{"bases":[[[0.848644,-0.482197,-0.21746],[0.483838,0.541467,0.687542],[-0.213783,-0.688695,0.692818]],[[0.850315,-0.476712,-0.222956],[0.293668,0.781362,-0.550665],[0.436718,0.402764,0.804399]],[[0.850315,-0.476712,-0.222956],[-0.389473,-0.285099,-0.875802],[0.353941,0.831543,-0.428091]],[[0.850315,-0.476712,-0.222956],[-0.523091,-0.719061,-0.457523],[0.0577881,0.505665,-0.860792]]],"btipPosition":[-7.67948,227.284,-14.3922],"carpPosition":[9.26442,231.708,43.2061],"dipPosition":[-6.61499,236.599,-30.2485],"direction":[-0.353941,-0.831543,0.428091],"extended":false,"handId":470,"id":4702,"length":65.6822,"mcpPosition":[23.8849,278.807,-4.17518],"pipPosition":[3.25091,259.777,-42.1813],"stabilizedTipPosition":[-9.10933,227.993,-22.198],"timeVisible":5.63104,"tipPosition":[-7.20069,229.694,-17.5832],"tipVelocity":[-5.65907,4.49622,0.550957],"tool":false,"touchDistance":0.333333,"touchZone":"none","type":2,"width":18.6218},{"bases":[[[0.76903,-0.617725,-0.164343],[0.536172,0.483402,0.691984],[-0.348012,-0.620273,0.702958]],[[0.759811,-0.633497,-0.146182],[0.432063,0.660026,-0.614563],[0.485808,0.403792,0.775205]],[[0.759811,-0.633497,-0.146182],[-0.416371,-0.30146,-0.857763],[0.499322,0.712603,-0.492823]],[[0.759811,-0.633497,-0.146182],[-0.626171,-0.652561,-0.426702],[0.174922,0.415748,-0.8925]]],"btipPosition":[3.36225,220.398,-6.73627],"carpPosition":[20.0328,226.961,40.6498],"dipPosition":[6.5659,228.012,-23.0822],"direction":[-0.499322,-0.712603,0.492823],"extended":false,"handId":470,"id":4703,"length":63.1552,"mcpPosition":[41.4015,265.047,-2.5132],"pipPosition":[20.1247,247.363,-36.4645],"stabilizedTipPosition":[2.30238,220.721,-14.4062],"timeVisible":5.63104,"tipPosition":[4.37019,222.435,-10.0647],"tipVelocity":[-4.72611,5.23321,1.38586],"tool":false,"touchDistance":0.333333,"touchZone":"none","type":3,"width":17.7198},{"bases":[[[0.624349,-0.756687,-0.19394],[0.616391,0.324727,0.717367],[-0.479844,-0.56743,0.669158]],[[0.593397,-0.790413,-0.152078],[0.5853,0.553423,-0.592577],[0.552544,0.262622,0.791028]],[[0.593397,-0.790413,-0.152078],[-0.462411,-0.180111,-0.86818],[0.658829,0.585497,-0.472373]],[[0.593397,-0.790413,-0.152078],[-0.754029,-0.479764,-0.448628],[0.28164,0.380885,-0.880685]]],"btipPosition":[18.313,222.183,-6.54332],"carpPosition":[27.5803,216.694,34.9718],"dipPosition":[23.0717,228.618,-21.4235],"direction":[-0.65883,-0.585497,0.472373],"extended":false,"handId":470,"id":4704,"length":49.5125,"mcpPosition":[54.8543,248.946,-3.06262],"pipPosition":[35.7029,239.843,-30.48],"stabilizedTipPosition":[17.342,222.438,-14.0866],"timeVisible":5.63104,"tipPosition":[19.5956,224.019,-9.64606],"tipVelocity":[-4.23772,2.58896,-0.0730989],"tool":false,"touchDistance":0.333333,"touchZone":"none","type":4,"width":15.7401}],"r":[[0.961767,0.160536,0.221885],[-0.130951,0.981131,-0.142248],[-0.240534,0.107753,0.964641]],"s":2.00024,"t":[13.4706,-35.6226,-33.1333],"timestamp":93437936965},false],[6,{"currentFrameRate":55.2657,"devices":[],"gestures":[],"hands":[{"armBasis":[[0.897924,-0.356477,-0.258178],[0.426004,0.851368,0.306093],[0.110689,-0.384834,0.916325]],"armWidth":62.4607,"confidence":0.482274,"direction":[0.289888,0.759976,-0.581723],"elbow":[40.0346,113.766,282.541],"grabStrength":0,"id":470,"palmNormal":[-0.315613,-0.49791,-0.807759],"palmPosition":[17.996,256.858,6.5238],"palmVelocity":[-3.44178,4.74783,2.74738],"palmWidth":89.1918,"pinchStrength":0.17784,"r":[[0.96176,0.160507,0.221937],[-0.131218,0.98127,-0.141036],[-0.240417,0.10652,0.964807]],"s":2.00049,"sphereCenter":[-4.55809,257.832,-34.627],"sphereRadius":47.0941,"stabilizedPalmPosition":[16.1356,256.056,1.00972],"t":[13.4076,-35.5372,-33.0835],"timeVisible":5.64948,"type":"right","wrist":[10.7392,215.618,40.0228]}],"id":1682124,"interactionBox":{"center":[0,200,0],"size":[235.247,235.247,147.751]},"pointables":[{"bases":[[[0.702434,0.425535,0.570531],[-0.699136,0.26229,0.665141],[0.133396,-0.866097,0.481749]],[[0.660732,0.592486,0.460862],[-0.680888,0.214649,0.700227],[0.315951,-0.776457,0.545242]],[[0.660732,0.592486,0.460862],[-0.738695,0.622263,0.259072],[-0.133281,-0.511614,0.848816]],[[0.660732,0.592486,0.460862],[-0.684248,0.727842,0.0452806],[-0.308606,-0.345262,0.886316]]],"btipPosition":[-22.7487,282.484,-39.2892],"carpPosition":[-18.8231,219.471,36.092],"dipPosition":[-29.8285,274.563,-18.9562],"direction":[0.133281,0.511614,-0.848816],"extended":false,"handId":470,"id":4700,"length":51.0864,"mcpPosition":[-18.8231,219.471,36.092],"pipPosition":[-34.2829,257.464,9.41274],"stabilizedTipPosition":[-26.34,280.229,-40.8966],"timeVisible":5.64948,"tipPosition":[-24.4399,281.025,-34.3257],"tipVelocity":[-4.26914,5.80809,3.5245],"tool":false,"touchDistance":0.285157,"touchZone":"hovering","type":0,"width":19.8498},{"bases":[[[0.939369,-0.284227,-0.191836],[0.332009,0.613941,0.716133],[-0.0857681,-0.736405,0.671083]],[[0.943087,-0.200829,-0.265057],[0.319532,0.768054,0.55497],[0.0921236,-0.608079,0.788513]],[[0.943087,-0.200829,-0.265057],[0.296815,0.867773,0.398587],[0.149961,-0.454575,0.877994]],[[0.943087,-0.200829,-0.265057],[0.273172,0.922391,0.273078],[0.189644,-0.329943,0.924756]]],"btipPosition":[-7.01347,328.694,-73.1749],"carpPosition":[-2.58994,233.683,44.7174],"dipPosition":[-3.83733,323.168,-57.6871],"direction":[-0.149961,0.454575,-0.877994],"extended":true,"handId":470,"id":4701,"length":57.6453,"mcpPosition":[3.59529,286.79,-3.67815],"pipPosition":[-0.284346,312.398,-36.8851],"stabilizedTipPosition":[-7.95848,324.913,-75.902],"timeVisible":5.64948,"tipPosition":[-6.49099,327.329,-69.5497],"tipVelocity":[-5.65822,10.6284,8.71954],"tool":false,"touchDistance":0.132224,"touchZone":"hovering","type":1,"width":18.9605},{"bases":[[[0.84869,-0.481574,-0.218661],[0.484077,0.540734,0.687951],[-0.213062,-0.689705,0.692034]],[[0.850375,-0.476015,-0.224216],[0.292741,0.78209,-0.550125],[0.437225,0.402175,0.804419]],[[0.850375,-0.476015,-0.224216],[-0.389754,-0.283573,-0.876173],[0.353489,0.832464,-0.426672]],[[0.850375,-0.476015,-0.224216],[-0.523019,-0.718064,-0.459169],[0.0575695,0.507735,-0.859588]]],"btipPosition":[-7.77079,227.348,-14.373],"carpPosition":[9.22976,231.739,43.2343],"dipPosition":[-6.71032,236.701,-30.2071],"direction":[-0.353489,-0.832464,0.426672],"extended":false,"handId":470,"id":4702,"length":65.6822,"mcpPosition":[23.8009,278.908,-4.09331],"pipPosition":[3.14298,259.906,-42.1003],"stabilizedTipPosition":[-9.09167,228.01,-22.1513],"timeVisible":5.64948,"tipPosition":[-7.29228,229.772,-17.5675],"tipVelocity":[-5.34304,4.24588,0.921477],"tool":false,"touchDistance":0.333333,"touchZone":"none","type":2,"width":18.6218},{"bases":[[[0.769163,-0.617204,-0.165673],[0.536436,0.482684,0.692281],[-0.347311,-0.621349,0.702353]],[[0.75998,-0.632973,-0.147563],[0.43115,0.660869,-0.614298],[0.486354,0.403232,0.775154]],[[0.75998,-0.632973,-0.147563],[-0.416866,-0.300522,-0.857852],[0.498651,0.713464,-0.492256]],[[0.75998,-0.632973,-0.147563],[-0.626142,-0.652145,-0.42738],[0.174288,0.417195,-0.891948]]],"btipPosition":[3.29061,220.478,-6.70753],"carpPosition":[19.9983,227,40.6647],"dipPosition":[6.48265,228.118,-23.0433],"direction":[-0.498651,-0.713464,0.492256],"extended":false,"handId":470,"id":4703,"length":63.1552,"mcpPosition":[41.3239,265.152,-2.46121],"pipPosition":[20.0233,247.492,-36.4103],"stabilizedTipPosition":[2.31835,220.735,-14.3697],"timeVisible":5.64948,"tipPosition":[4.29363,222.52,-10.0473],"tipVelocity":[-4.39115,4.95542,1.53014],"tool":false,"touchDistance":0.333333,"touchZone":"none","type":3,"width":17.7198},{"bases":[[[0.624517,-0.756183,-0.195362],[0.616733,0.324006,0.717398],[-0.479186,-0.568513,0.66871]],[[0.594639,-0.788933,-0.154886],[0.582741,0.555649,-0.593015],[0.553911,0.262372,0.790154]],[[0.594639,-0.788933,-0.154886],[-0.463348,-0.17884,-0.867943],[0.657049,0.587879,-0.471896]],[[0.594639,-0.788933,-0.154886],[-0.75351,-0.479674,-0.449595],[0.280406,0.384055,-0.879701]]],"btipPosition":[18.249,222.203,-6.51717],"carpPosition":[27.5461,216.743,34.968],"dipPosition":[22.9868,228.692,-21.3807],"direction":[-0.657049,-0.587879,0.471896],"extended":false,"handId":470,"id":4704,"length":49.5125,"mcpPosition":[54.7827,249.057,-3.04099],"pipPosition":[35.5839,239.963,-30.428],"stabilizedTipPosition":[17.362,222.451,-14.0449],"timeVisible":5.64948,"tipPosition":[19.5209,224.066,-9.63611],"tipVelocity":[-3.99472,2.20188,0.745389],"tool":false,"touchDistance":0.333333,"touchZone":"none","type":4,"width":15.7401}],"r":[[0.96176,0.160507,0.221937],[-0.131218,0.98127,-0.141036],[-0.240417,0.10652,0.964807]],"s":2.00049,"t":[13.4076,-35.5372,-33.0835],"timestamp":93437955400},fals