{"sensorType":"Leap","data":[[0,{"currentFrameRate":55.36,"devices":[],"gestures":[],"hands":[{"armBasis":[[0.966261,-0.124398,-0.225534],[0.18521,0.944083,0.27277],[0.178991,-0.305338,0.93527]],"armWidth":62.4607,"confidence":0.719703,"direction":[0.188707,0.616542,-0.764373],"elbow":[50.977,129.548,298.272],"grabStrength":0,"id":470,"palmNormal":[-0.118454,-0.758383,-0.640955],"palmPosition":[5.80733,241.364,7.04138],"palmVelocity":[115.497,126.033,43.1235],"palmWidth":89.1918,"pinchStrength":0.231503,"r":[[0.887769,0.432372,0.157864],[-0.324704,0.831365,-0.450999],[-0.326242,0.349124,0.878453]],"s":2.02752,"sphereCenter":[-15.4275,232.491,-31.8427],"sphereRadius":48.8579,"stabilizedPalmPosition":[5.67407,241.2,6.98822],"t":[-0.912148,-53.2344,-33.2897],"timeVisible":14.7327,"type":"right","wrist":[3.60442,210.36,50.7396]}],"id":1682625,"interactionBox":{"center":[0,200,0],"size":[235.247,235.247,147.751]},"pointables":[{"bases":[[[0.535054,0.71352,0.452334],[-0.805235,0.268756,0.528551],[0.255565,-0.647039,0.718351]],[[0.499582,0.787645,0.360602],[-0.759936,0.198663,0.618894],[0.415831,-0.583222,0.697808]],[[0.499582,0.787645,0.360602],[-0.84258,0.538498,-0.00889614],[-0.20119,-0.299391,0.932678]],[[0.499582,0.787645,0.360602],[-0.675274,0.614832,-0.407414],[-0.542607,-0.0399683,0.839035]]],"btipPosition":[-26.6997,245.634,-40.0049],"carpPosition":[-25.5248,206.174,44.5597],"dipPosition":[-39.1477,244.717,-20.7565],"direction":[0.20119,0.299391,-0.932678],"extended":false,"handId":470,"id":4700,"length":51.0864,"mcpPosition":[-25.5248,206.174,44.5597],"pipPosition":[-45.8719,234.711,10.4152],"stabilizedTipPosition":[-29.6704,245.308,-35.6065],"timeVisible":14.7327,"tipPosition":[-29.5805,245.252,-35.6967],"tipVelocity":[133.151,131.072,34.7323],"tool":false,"touchDistance":-0.121282,"touchZone":"touching","type":0,"width":19.8498},{"bases":[[[0.992708,-0.104975,-0.0592543],[0.120459,0.84542,0.520341],[-0.004528,-0.523684,0.851901]],[[0.992556,-0.093095,-0.0785212],[0.121369,0.809538,0.574384],[0.0100936,-0.579639,0.814811]],[[0.992556,-0.093095,-0.0785212],[0.116118,0.917826,0.379621],[0.0367279,-0.385913,0.921804]],[[0.992556,-0.093095,-0.0785212],[0.107516,0.972649,0.205897],[0.0572056,-0.212807,0.975418]]],"btipPosition":[-15.4946,300.388,-84.5447],"carpPosition":[-13.5678,225.504,49.3814],"dipPosition":[-14.5366,296.824,-68.2084],"direction":[-0.0367279,0.385913,-0.921804],"extended":true,"handId":470,"id":4701,"length":57.6453,"mcpPosition":[-13.2413,263.27,-12.054],"pipPosition":[-13.6664,287.681,-46.3684],"stabilizedTipPosition":[-15.4524,299.353,-80.8661],"timeVisible":14.7327,"tipPosition":[-15.2008,300.488,-80.2785],"tipVelocity":[136.255,143.005,51.8861],"tool":false,"touchDistance":-0.122289,"touchZone":"touching","type":1,"width":18.9605},{"bases":[[[0.947791,-0.317337,-0.031446],[0.286425,0.803799,0.521409],[-0.140186,-0.503194,0.852727]],[[0.951771,-0.301168,-0.0585574],[0.15497,0.636629,-0.755439],[0.264794,0.70993,0.652597]],[[0.951771,-0.301168,-0.0585574],[-0.239406,-0.609664,-0.755642],[0.191875,0.733218,-0.652362]],[[0.951771,-0.301168,-0.0585574],[-0.306303,-0.921789,-0.237664],[0.0175992,0.244138,-0.969581]]],"btipPosition":[-10.1075,201.899,-4.05642],"carpPosition":[-1.51119,225.964,49.0502],"dipPosition":[-9.78331,206.396,-21.9167],"direction":[-0.191875,-0.733218,0.652362],"extended":false,"handId":470,"id":4702,"length":65.6822,"mcpPosition":[8.07601,260.377,-9.2671],"pipPosition":[-4.43491,226.834,-40.1009],"stabilizedTipPosition":[-11.1412,201.754,-8.38155],"timeVisible":14.7327,"tipPosition":[-10.0172,202.988,-8.26058],"tipVelocity":[126.249,128.587,27.5102],"tool":false,"touchDistance":0.333333,"touchZone":"none","type":2,"width":18.6218},{"bases":[[[0.892525,-0.447612,0.0551667],[0.348794,0.762623,0.544747],[-0.285907,-0.466958,0.836784]],[[0.895249,-0.443073,0.0470689],[0.31083,0.545349,-0.778447],[0.31924,0.711534,0.625943]],[[0.895249,-0.443073,0.0470689],[-0.270326,-0.624084,-0.733105],[0.354194,0.643588,-0.678484]],[[0.895249,-0.443073,0.0470689],[-0.422368,-0.877531,-0.227034],[0.141897,0.183372,-0.972749]]],"btipPosition":[1.56873,199.95,5.89298],"carpPosition":[10.2119,223.275,48.4478],"dipPosition":[4.16754,203.308,-11.9227],"direction":[-0.354194,-0.643588,0.678484],"extended":false,"handId":470,"id":4703,"length":63.1552,"mcpPosition":[27.7672,251.948,-2.93241],"pipPosition":[13.7855,220.785,-30.3466],"stabilizedTipPosition":[0.950016,199.415,1.53443],"timeVisible":14.7327,"tipPosition":[2.22573,200.755,1.61716],"tipVelocity":[122.94,126.978,28.6894],"tool":false,"touchDistance":0.333333,"touchZone":"none","type":3,"width":17.7198},{"bases":[[[0.783453,-0.618462,0.0608731],[0.456729,0.639448,0.61847],[-0.421425,-0.45674,0.783447]],[[0.743959,-0.655738,0.128579],[0.535155,0.469443,-0.702306],[0.400168,0.591296,0.700167]],[[0.743959,-0.655738,0.128579],[-0.318063,-0.516718,-0.794883],[0.587674,0.550464,-0.592983]],[[0.743959,-0.655738,0.128579],[-0.59399,-0.737097,-0.322279],[0.306106,0.163388,-0.937872]]],"btipPosition":[13.9117,205.993,4.73771],"carpPosition":[20.2672,213.841,46.3211],"dipPosition":[19.0837,208.754,-11.1087],"direction":[-0.587674,-0.550464,0.592983],"extended":false,"handId":470,"id":4704,"length":49.5125,"mcpPosition":[44.2207,239.802,1.79054],"pipPosition":[30.3507,219.308,-22.4775],"stabilizedTipPosition":[13.9021,205.299,0.786204],"timeVisible":14.7327,"tipPosition":[15.2986,206.568,1.19697],"tipVelocity":[122.525,129.458,32.685],"tool":false,"touchDistance":0.333333,"touchZone":"none","type":4,"width":15.7401}],"r":[[0.887769,0.432372,0.157864],[-0.324704,0.831365,-0.450999],[-0.326242,0.349124,0.878453]],"s":2.02752,"t":[-0.912148,-53.2344,-33.2897],"timestamp":93447038647},false],[1,{"currentFrameRate":55.3511,"devices":[],"gestures":[],"hands":[{"armBasis":[[0.967358,-0.123942,-0.221036],[0.183518,0.944127,0.27376],[0.174756,-0.305388,0.936055]],"armWidth":62.4607,"confidence":0.724724,"direction":[0.189756,0.62567,-0.756657],"elbow":[51.6556,131.263,298.858],"grabStrength":0,"id":470,"palmNormal":[-0.114642,-0.751268,-0.649964],"palmPosition":[7.67666,243.595,7.78479],"palmVelocity":[109.694,124.708,42.1514],"palmWidth":89.1918,"pinchStrength":0.233405,"r":[[0.887352,0.431294,0.16307],[-0.32365,0.834494,-0.445948],[-0.328416,0.342936,0.880079]],"s":2.02649,"sphereCenter":[-13.0874,234.837,-31.3434],"sphereRadius":48.7547,"stabilizedPalmPosition":[7.56748,243.464,7.74136],"t":[1.05651,-50.9749,-32.5312],"timeVisible":14.7508,"type":"right","wrist":[5.40397,212.088,51.1184]}],"id":1682626,"interactionBox":{"center":[0,200,0],"size":[235.247,235.247,147.751]},"pointables":[{"bases":[[[0.531951,0.709508,0.462199],[-0.807552,0.260872,0.528966],[0.254731,-0.654633,0.711735]],[[0.496637,0.784539,0.371283],[-0.762568,0.190096,0.618348],[0.414539,-0.590222,0.692673]],[[0.496637,0.784539,0.371283],[-0.84363,0.536891,-0.00601865],[-0.20406,-0.310236,0.9285]],[[0.496637,0.784539,0.371283],[-0.672563,0.618241,-0.406739],[-0.548645,-0.0477098,0.834693]]],"btipPosition":[-24.5727,248.25,-39.2778],"carpPosition":[-23.6955,207.906,44.7963],"dipPosition":[-37.1592,247.155,-20.1291],"direction":[0.20406,0.310236,-0.9285],"extended":false,"handId":470,"id":4700,"length":51.0864,"mcpPosition":[-23.6955,207.906,44.7963],"pipPosition":[-43.9793,236.787,10.903],"stabilizedTipPosition":[-27.5452,247.903,-34.8994],"timeVisible":14.7508,"tipPosition":[-27.522,247.861,-34.9973],"tipVelocity":[124.887,136.394,36.7194],"tool":false,"touchDistance":-0.123666,"touchZone":"touching","type":0,"width":19.8498},{"bases":[[[0.993133,-0.102046,-0.0572203],[0.116836,0.839683,0.530359],[-0.00607416,-0.533403,0.84584]],[[0.99305,-0.091157,-0.0744419],[0.117464,0.806953,0.578816],[0.00730794,-0.583538,0.812053]],[[0.99305,-0.091157,-0.0744419],[0.11283,0.917299,0.38188],[0.0334744,-0.387626,0.921209]],[[0.99305,-0.091157,-0.0744419],[0.104768,0.972868,0.206282],[0.053618,-0.212648,0.975657]]],"btipPosition":[-13.3594,302.994,-83.4852],"carpPosition":[-11.7986,227.208,49.8775],"dipPosition":[-12.4614,299.433,-67.145],"direction":[-0.0334744,0.387626,-0.921209],"extended":true,"handId":470,"id":4701,"length":57.6453,"mcpPosition":[-11.3605,265.674,-11.1208],"pipPosition":[-11.6683,290.249,-45.319],"stabilizedTipPosition":[-13.3009,301.993,-79.8003],"timeVisible":14.7508,"tipPosition":[-13.1286,303.187,-79.1576],"tipVelocity":[127.205,143.505,55.0758],"tool":false,"touchDistance":-0.119573,"touchZone":"touching","type":1,"width":18.9605},{"bases":[[[0.948615,-0.314813,-0.0319875],[0.282893,0.798428,0.531492],[-0.141781,-0.51323,0.846459]],[[0.952652,-0.298295,-0.0589503],[0.155747,0.645217,-0.747955],[0.261147,0.70336,0.661126]],[[0.952652,-0.298295,-0.0589503],[-0.235648,-0.601771,-0.763113],[0.192158,0.740873,-0.64357]],[[0.952652,-0.298295,-0.0589503],[-0.303399,-0.919722,-0.249119],[0.020093,0.255209,-0.966677]]],"btipPosition":[-8.11077,204.213,-3.78865],"carpPosition":[0.258001,227.698,49.5908],"dipPosition":[-7.74065,208.914,-21.5954],"direction":[-0.192158,-0.740873,0.64357],"extended":false,"handId":470,"id":4702,"length":65.6822,"mcpPosition":[9.95427,262.798,-8.29782],"pipPosition":[-2.38435,229.566,-39.5346],"stabilizedTipPosition":[-8.96581,204.226,-8.03429],"timeVisible":14.7508,"tipPosition":[-8.01028,205.353,-7.98781],"tipVelocity":[118.958,129.474,21.7869],"tool":false,"touchDistance":0.333333,"touchZone":"none","type":2,"width":18.6218},{"bases":[[[0.893368,-0.446195,0.0529501],[0.345281,0.757129,0.554561],[-0.287532,-0.477144,0.830457]],[[0.896089,-0.441591,0.0449704],[0.312151,0.554895,-0.771138],[0.315573,0.705045,0.635078]],[[0.896089,-0.441591,0.0449704],[-0.266471,-0.616206,-0.741136],[0.35499,0.652141,-0.669847]],[[0.896089,-0.441591,0.0449704],[-0.419616,-0.875792,-0.238561],[0.144731,0.194901,-0.970086]]],"btipPosition":[3.53285,202.184,6.14611],"carpPosition":[11.9891,225.043,48.9959],"dipPosition":[6.18356,205.754,-11.6208],"direction":[-0.35499,-0.652141,0.669847],"extended":false,"handId":470,"id":4703,"length":63.1552,"mcpPosition":[29.6442,254.341,-1.99587],"pipPosition":[15.8231,223.462,-29.8101],"stabilizedTipPosition":[3.09651,201.829,1.88761],"timeVisible":14.7508,"tipPosition":[4.20311,203.041,1.88511],"tipVelocity":[116.402,126.579,21.9922],"tool":false,"touchDistance":0.333333,"touchZone":"none","type":3,"width":17.7198},{"bases":[[[0.784672,-0.617345,0.0563483],[0.45326,0.633363,0.627221],[-0.422901,-0.466622,0.7768]],[[0.745029,-0.655496,0.123521],[0.53587,0.477906,-0.696023],[0.397209,0.584748,0.707315]],[[0.745029,-0.655496,0.123521],[-0.314727,-0.508719,-0.801344],[0.588115,0.558149,-0.585312]],[[0.745029,-0.655496,0.123521],[-0.591275,-0.734705,-0.33257],[0.308749,0.17474,-0.934955]]],"btipPosition":[15.8507,208.259,5.14453],"carpPosition":[22.0729,215.657,46.7942],"dipPosition":[21.0674,211.211,-10.6526],"direction":[-0.588115,-0.558149,0.585312],"extended":false,"handId":470,"id":4704,"length":49.5125,"mcpPosition":[46.1103,242.18,2.64145],"pipPosition":[32.3428,221.912,-21.8744],"stabilizedTipPosition":[16.0118,207.737,1.272],"timeVisible":14.7508,"tipPosition":[17.2492,208.884,1.59602],"tipVelocity":[115.48,128.578,28.1296],"tool":false,"touchDistance":0.333333,"touchZone":"none","type":4,"width":15.7401}],"r":[[0.887352,0.431294,0.16307],[-0.32365,0.834494,-0.445948],[-0.328416,0.342936,0.880079]],"s":2.02649,"t":[1.05651,-50.9749,-32.5312],"timestamp":93447056744},false],[2,{"currentFrameRate":55.3415,"devices":[],"gestures":[],"hands":[{"armBasis":[[0.96923,-0.118326,-0.215852],[0.179639,0.939521,0.2916],[0.168294,-0.321403,0.931868]],"armWidth":62.4607,"confidence":0.72797,"direction":[0.193839,0.628665,-0.753131],"elbow":[51.027,128.153,298.156],"grabStrength":0,"id":470,"palmNormal":[-0.110477,-0.74882,-0.653501],"palmPosition":[8.9946,244.891,8.32553],"palmVelocity":[92.1445,99.448,36.3091],"palmWidth":89.1918,"pinchStrength":0.234448,"r":[[0.886772,0.430363,0.168592],[-0.322383,0.83728,-0.441623],[-0.331217,0.337268,0.881218]],"s":2.02533,"sphereCenter":[-11.3061,236.057,-31.0148],"sphereRadius":48.6854,"stabilizedPalmPosition":[8.9261,244.823,8.29749],"t":[2.69981,-49.197,-31.8815],"timeVisible":14.7689,"type":"right","wrist":[6.48572,213.217,51.5238]}],"id":1682627,"interactionBox":{"center":[0,200,0],"size":[235.247,235.247,147.751]},"pointables":[{"bases":[[[0.528892,0.707984,0.468009],[-0.810749,0.258445,0.525254],[0.250916,-0.65724,0.710687]],[[0.49438,0.782786,0.377934],[-0.766247,0.187162,0.614683],[0.41043,-0.593478,0.692337]],[[0.49438,0.782786,0.377934],[-0.843548,0.536982,-0.00875423],[-0.209796,-0.314477,0.925791]],[[0.49438,0.782786,0.377934],[-0.667337,0.620397,-0.41203],[-0.557,-0.0485095,0.829094]]],"btipPosition":[-22.8672,249.708,-38.8223],"carpPosition":[-22.5743,209.046,45.0164],"dipPosition":[-35.6454,248.595,-19.802],"direction":[0.209796,0.314477,-0.925791],"extended":false,"handId":470,"id":4700,"length":51.0864,"mcpPosition":[-22.5743,209.046,45.0164],"pipPosition":[-42.6571,238.085,11.1396],"stabilizedTipPosition":[-25.855,249.409,-34.4603],"timeVisible":14.7689,"tipPosition":[-25.8952,249.317,-34.5922],"tipVelocity":[109.137,109.727,30.446],"tool":false,"touchDistance":-0.125194,"touchZone":"touching","type":0,"width":19.8498},{"bases":[[[0.9935,-0.101344,-0.0518289],[0.113322,0.837695,0.534252],[-0.0107264,-0.536652,0.843735]],[[0.993529,-0.0913959,-0.0674333],[0.113569,0.807636,0.578641],[0.00157615,-0.582555,0.81279]],[[0.993529,-0.0913959,-0.0674333],[0.110239,0.918895,0.378786],[0.0273446,-0.383769,0.923024]],[[0.993529,-0.0913959,-0.0674333],[0.103246,0.97417,0.200829],[0.0473366,-0.206492,0.977303]]],"btipPosition":[-11.4505,304.118,-83.0717],"carpPosition":[-10.717,228.333,50.2409],"dipPosition":[-10.6577,300.66,-66.7039],"direction":[-0.0273446,0.383769,-0.923024],"extended":true,"handId":470,"id":4701,"length":57.6453,"mcpPosition":[-9.94343,267.034,-10.6056],"pipPosition":[-10.0098,291.567,-44.8349],"stabilizedTipPosition":[-11.3779,303.251,-79.3337],"timeVisible":14.7689,"tipPosition":[-11.2819,304.39,-78.7098],"tipVelocity":[116.219,105.391,39.9101],"tool":false,"touchDistance":-0.121408,"touchZone":"touching","type":1,"width":18.9605},{"bases":[[[0.948944,-0.314228,-0.0276731],[0.27939,0.796517,0.536192],[-0.146444,-0.516548,0.843642]],[[0.953136,-0.297575,-0.0545946],[0.159594,0.647837,-0.744874],[0.257024,0.701253,0.664968]],[[0.953136,-0.297575,-0.0545946],[-0.230975,-0.599175,-0.766576],[0.195402,0.743261,-0.639828]],[[0.953136,-0.297575,-0.0545946],[-0.301464,-0.918925,-0.254356],[0.0255217,0.258894,-0.965569]]],"btipPosition":[-6.70467,205.537,-3.46678],"carpPosition":[1.34082,228.831,50.0263],"dipPosition":[-6.23454,210.306,-21.2531],"direction":[-0.195402,-0.743262,0.639828],"extended":false,"handId":470,"id":4702,"length":65.6822,"mcpPosition":[11.356,264.157,-7.66969],"pipPosition":[-0.787811,231.024,-39.088],"stabilizedTipPosition":[-7.3206,205.898,-7.70331],"timeVisible":14.7689,"tipPosition":[-6.58104,206.695,-7.66791],"tipVelocity":[99.9229,103.089,20.0041],"tool":false,"touchDistance":0.333333,"touchZone":"none","type":2,"width":18.6218},{"bases":[[[0.893271,-0.445962,0.0564363],[0.341663,0.755159,0.559465],[-0.292119,-0.480472,0.82693]],[[0.89591,-0.441541,0.0488569],[0.316248,0.556685,-0.768173],[0.311982,0.703664,0.638376]],[[0.89591,-0.441541,0.0488569],[-0.26239,-0.614708,-0.743832],[0.358465,0.653587,-0.666579]],[[0.89591,-0.441541,0.0488569],[-0.418106,-0.87526,-0.243119],[0.15011,0.197386,-0.968765]]],"btipPosition":[4.86633,203.504,6.59889],"carpPosition":[13.0765,226.183,49.4895],"dipPosition":[7.61555,207.119,-11.1438],"direction":[-0.358465,-0.653587,0.666579],"extended":false,"handId":470,"id":4703,"length":63.1552,"mcpPosition":[31.0132,255.685,-1.28574],"pipPosition":[17.3495,224.867,-29.2444],"stabilizedTipPosition":[4.69602,203.498,2.30741],"timeVisible":14.7689,"tipPosition":[5.5637,204.366,2.31516],"tipVelocity":[96.6654,101.331,23.5746],"tool":false,"touchDistance":0.333333,"touchZone":"none","type":3,"width":17.7198},{"bases":[[[0.784644,-0.617177,0.0585443],[0.449281,0.631167,0.632277],[-0.427178,-0.469809,0.772527]],[[0.744518,-0.655698,0.12551],[0.539976,0.480896,-0.690771],[0.39258,0.582064,0.712097]],[[0.744518,-0.655698,0.12551],[-0.309452,-0.505536,-0.805402],[0.591551,0.560797,-0.579288]],[[0.744518,-0.655698,0.12551],[-0.588871,-0.733577,-0.339258],[0.314522,0.178674,-0.932283]]],"btipPosition":[17.1957,209.569,5.5773],"carpPosition":[23.1777,216.811,47.3105],"dipPosition":[22.5099,212.588,-10.1747],"direction":[-0.591551,-0.560797,0.579288],"extended":false,"handId":470,"id":4704,"length":49.5125,"mcpPosition":[47.4582,243.514,3.40063],"pipPosition":[33.8512,223.34,-21.2809],"stabilizedTipPosition":[17.6053,209.41,1.7239],"timeVisible":14.7689,"tipPosition":[18.6142,210.21,2.04601],"tipVelocity":[96.4781,102.252,26.3933],"tool":false,"touchDistance":0.333333,"touchZone":"none","type":4,"width":15.7401}],"r":[[0.886772,0.430363,0.168592],[-0.322383,0.83728,-0.441623],[-0.331217,0.337268,0.881218]],"s":2.02533,"t":[2.69981,-49.197,-31.8815],"timestamp":93447074847},false],[3,{"currentFrameRate":55.3424,"devices":[],"gestures":[],"hands":[{"armBasis":[[0.969367,-0.117823,-0.215511],[0.17918,0.939364,0.292385],[0.167993,-0.322044,0.931701]],"armWidth":62.4607,"confidence":0.730569,"direction":[0.196622,0.635641,-0.746525],"elbow":[52.1473,129.255,298.216],"grabStrength":0,"id":470,"palmNormal":[-0.107407,-0.742842,-0.660794],"palmPosition":[10.3563,246.559,8.73316],"palmVelocity":[84.1787,96.0767,29.7799],"palmWidth":89.1918,"pinchStrength":0.236786,"r":[[0.886111,0.42936,0.174522],[-0.321101,0.840261,-0.436871],[-0.334219,0.331077,0.882432]],"s":2.02408,"sphereCenter":[-9.58021,237.892,-30.8215],"sphereRadius":48.6254,"stabilizedPalmPosition":[10.2987,246.489,8.71561],"t":[4.20232,-47.4738,-31.3529],"timeVisible":14.787,"type":"right","wrist":[7.68552,214.489,51.6283]}],"id":1682628,"interactionBox":{"center":[0,200,0],"size":[235.247,235.247,147.751]},"pointables":[{"bases":[[[0.526603,0.703905,0.476662],[-0.813036,0.253235,0.524256],[0.248319,-0.663618,0.705655]],[[0.492683,0.779039,0.387766],[-0.768949,0.181123,0.613117],[0.407408,-0.600244,0.688277]],[[0.492683,0.779039,0.387766],[-0.843451,0.537154,-0.00750591],[-0.214137,-0.323363,0.921727]],[[0.492683,0.779039,0.387766],[-0.662078,0.624749,-0.413934],[-0.564727,-0.0527926,0.823587]]],"btipPosition":[-21.168,251.753,-38.4148],"carpPosition":[-21.3454,210.364,44.9631],"dipPosition":[-34.1234,250.542,-19.5208],"direction":[0.214137,0.323363,-0.921727],"extended":false,"handId":470,"id":4700,"length":51.0864,"mcpPosition":[-21.3454,210.364,44.9631],"pipPosition":[-41.2803,239.735,11.285],"stabilizedTipPosition":[-24.1852,251.429,-34.0777],"timeVisible":14.787,"tipPosition":[-24.2797,251.356,-34.2325],"tipVelocity":[100.901,110.774,25.9348],"tool":false,"touchDistance":-0.12671,"touchZone":"touching","type":0,"width":19.8498},{"bases":[[[0.993756,-0.100401,-0.0486602],[0.110698,0.83281,0.542378],[-0.0139305,-0.544379,0.838724]],[[0.99385,-0.0912287,-0.0627628],[0.110701,0.804948,0.582927],[-0.00265887,-0.58629,0.810097]],[[0.99385,-0.0912287,-0.0627628],[0.108372,0.917759,0.382066],[0.0227458,-0.386518,0.922002]],[[0.99385,-0.0912287,-0.0627628],[0.102219,0.973789,0.20319],[0.0425809,-0.208356,0.977126]]],"btipPosition":[-9.65483,306.204,-82.3974],"carpPosition":[-9.51935,229.608,50.4132],"dipPosition":[-8.94169,302.715,-66.0325],"direction":[-0.0227458,0.386518,-0.922001],"extended":true,"handId":470,"id":4701,"length":57.6453,"mcpPosition":[-8.51475,268.866,-10.0719],"pipPosition":[-8.40278,293.557,-44.1878],"stabilizedTipPosition":[-9.57823,305.302,-78.6659],"timeVisible":14.787,"tipPosition":[-9.53706,306.496,-78.0132],"tipVelocity":[107.745,109.988,38.6636],"tool":false,"touchDistance":-0.118672,"touchZone":"touching","type":1,"width":18.9605},{"bases":[[[0.949208,-0.313518,-0.0266427],[0.276778,0.791692,0.544626],[-0.149657,-0.524338,0.838256]],[[0.953504,-0.296609,-0.0534051],[0.162314,0.654712,-0.738245],[0.253935,0.695252,0.672415]],[[0.953504,-0.296609,-0.0534051],[-0.227511,-0.592191,-0.773012],[0.197657,0.749221,-0.632139]],[[0.953504,-0.296609,-0.0534051],[-0.299944,-0.916674,-0.264087],[0.0293756,0.267827,-0.963019]]],"btipPosition":[-5.27468,207.306,-3.48495],"carpPosition":[2.53896,230.113,50.2529],"dipPosition":[-4.73357,212.239,-21.2244],"direction":[-0.197657,-0.749221,0.632139],"extended":false,"handId":470,"id":4702,"length":65.6822,"mcpPosition":[12.7739,265.972,-7.07473],"pipPosition":[0.775992,233.123,-38.8449],"stabilizedTipPosition":[-5.82622,207.648,-7.60809],"timeVisible":14.787,"tipPosition":[-5.13432,208.503,-7.67369],"tipVelocity":[90.4865,101.612,10.3084],"tool":false,"touchDistance":0.333333,"touchZone":"none","type":2,"width":18.6218},{"bases":[[[0.893256,-0.446044,0.056024],[0.338976,0.750152,0.567775],[-0.295279,-0.488177,0.821275]],[[0.895813,-0.441743,0.0488135],[0.319136,0.56293,-0.762405],[0.309308,0.698551,0.645256]],[[0.895813,-0.441743,0.0488135],[-0.259153,-0.608427,-0.750104],[0.361052,0.659303,-0.659516]],[[0.895813,-0.441743,0.0488135],[-0.416781,-0.873134,-0.252846],[0.154314,0.206158,-0.966274]]],"btipPosition":[6.23182,205.179,6.65809],"carpPosition":[14.2781,227.477,49.7402],"dipPosition":[9.05804,208.955,-11.039],"direction":[-0.361052,-0.659303,0.659516],"extended":false,"handId":470,"id":4703,"length":63.1552,"mcpPosition":[32.4089,257.452,-0.687792],"pipPosition":[18.8622,226.858,-28.9478],"stabilizedTipPosition":[6.13459,205.176,2.49192],"timeVisible":14.787,"tipPosition":[6.95431,206.083,2.37365],"tipVelocity":[87.1169,98.1975,14.2089],"tool":false,"touchDistance":0.333333,"touchZone":"none","type":3,"width":17.7198},{"bases":[[[0.784707,-0.617322,0.0561131],[0.446355,0.625547,0.639889],[-0.430119,-0.477079,0.766416]],[[0.744241,-0.656546,0.122685],[0.542651,0.487287,-0.684164],[0.389403,0.575758,0.718935]],[[0.744241,-0.656546,0.122685],[-0.30587,-0.498318,-0.811248],[0.593758,0.566238,-0.571687]],[[0.744241,-0.656546,0.122685],[-0.587128,-0.730663,-0.348443],[0.31841,0.187293,-0.929266]]],"btipPosition":[18.5801,211.269,5.69742],"carpPosition":[24.3929,218.129,47.517],"dipPosition":[23.96,214.434,-10.0036],"direction":[-0.593758,-0.566238,0.571687],"extended":false,"handId":470,"id":4704,"length":49.5125,"mcpPosition":[48.8406,245.246,3.95446],"pipPosition":[35.3437,225.29,-20.9641],"stabilizedTipPosition":[19.0525,211.103,1.9609],"timeVisible":14.787,"tipPosition":[20.0135,211.943,2.17603],"tipVelocity":[87.4495,99.2657,17.3228],"tool":false,"touchDistance":0.333333,"touchZone":"none","type":4,"width":15.7401}],"r":[[0.886111,0.42936,0.174522],[-0.321101,0.840261,-0.436871],[-0.334219,0.331077,0.882432]],"s":2.02408,"t":[4.20232,-47.4738,-31.3529],"timestamp":93447092913},false],[4,{"currentFrameRate":55.3221,"devices":[],"gestures":[],"hands":[{"armBasis":[[0.970798,-0.124775,-0.204896],[0.183819,0.935702,0.301119],[0.154149,-0.329989,0.931314]],"armWidth":62.4607,"confidence":0.742398,"direction":[0.199523,0.638157,-0.743603],"elbow":[49.9764,128.94,298.131],"grabStrength":0,"id":470,"palmNormal":[-0.111865,-0.739067,-0.664279],"palmPosition":[11.9922,248.537,8.90313],"palmVelocity":[87.0242,102.238,20.0531],"palmWidth":89.1918,"pinchStrength":0.236465,"r":[[0.886054,0.427403,0.179544],[-0.319242,0.843381,-0.432195],[-0.336145,0.32563,0.883726]],"s":2.02298,"sphereCenter":[-7.87057,240.042,-30.7072],"sphereRadius":48.5868,"stabilizedPalmPosition":[11.9437,248.479,8.89777],"t":[5.77151,-45.6232,-31.0036],"timeVisible":14.8051,"type":"right","wrist":[9.17856,216.276,51.6455]}],"id":1682629,"interactionBox":{"center":[0,200,0],"size":[235.247,235.247,147.751]},"pointables":[{"bases":[[[0.530717,0.69876,0.47966],[-0.811295,0.255083,0.526054],[0.245232,-0.668332,0.702278]],[[0.497353,0.774102,0.391671],[-0.767529,0.18217,0.614584],[0.4044,-0.606284,0.684748]],[[0.497353,0.774102,0.391671],[-0.840365,0.542006,-0.00411074],[-0.21547,-0.327102,0.920096]],[[0.497353,0.774102,0.391671],[-0.655736,0.631029,-0.414504],[-0.568024,-0.0506779,0.82145]]],"btipPosition":[-19.434,254.1,-38.1201],"carpPosition":[-19.8787,212.339,44.9816],"dipPosition":[-32.4651,252.938,-19.2752],"direction":[0.21547,0.327102,-0.920096],"extended":false,"handId":470,"id":4700,"length":51.0864,"mcpPosition":[-19.8787,212.339,44.9816],"pipPosition":[-39.6665,242.005,11.4761],"stabilizedTipPosition":[-22.4587,253.795,-33.7903],"timeVisible":14.8051,"tipPosition":[-22.5907,253.726,-33.9651],"tipVelocity":[97.8977,119.922,21.0187],"tool":false,"touchDistance":-0.130599,"touchZone":"touching","type":0,"width":19.8498},{"bases":[[[0.993167,-0.105512,-0.0498591],[0.115559,0.829583,0.546295],[-0.0162785,-0.548324,0.836108]],[[0.9933,-0.0970524,-0.0627342],[0.115391,0.80339,0.584166],[-0.00629471,-0.587491,0.809206]],[[0.9933,-0.0970524,-0.0627342],[0.113758,0.916738,0.382949],[0.0203447,-0.38752,0.921637]],[[0.9933,-0.0970524,-0.0627342],[0.107947,0.973032,0.203855],[0.0412577,-0.209262,0.976989]]],"btipPosition":[-7.67947,308.463,-82.0579],"carpPosition":[-7.94549,231.493,50.5155],"dipPosition":[-6.98849,304.958,-65.6954],"direction":[-0.0203447,0.38752,-0.921637],"extended":true,"handId":470,"id":4701,"length":57.6453,"mcpPosition":[-6.77156,271.036,-9.78092],"pipPosition":[-6.50646,295.777,-43.8593],"stabilizedTipPosition":[-7.59182,307.575,-78.3074],"timeVisible":14.8051,"tipPosition":[-7.58651,308.75,-77.6702],"tipVelocity":[108.142,116.806,29.1406],"tool":false,"touchDistance":-0.122644,"touchZone":"touching","type":1,"width":18.9605},{"bases":[[[0.947488,-0.31849,-0.028834],[0.281416,0.787562,0.548225],[-0.151896,-0.52755,0.835834]],[[0.951872,-0.301407,-0.0556256],[0.164612,0.65583,-0.736743],[0.25854,0.692128,0.673881]],[[0.951872,-0.301407,-0.0556256],[-0.231704,-0.588837,-0.774328],[0.200634,0.74995,-0.630334]],[[0.951872,-0.301407,-0.0556256],[-0.305059,-0.914117,-0.267074],[0.0296497,0.271189,-0.962069]]],"btipPosition":[-3.8509,209.411,-3.36033],"carpPosition":[4.11526,231.934,50.349],"dipPosition":[-3.30474,214.407,-21.0822],"direction":[-0.200634,-0.74995,0.630334],"extended":false,"handId":470,"id":4702,"length":65.6822,"mcpPosition":[14.5033,268.013,-6.81301],"pipPosition":[2.2878,235.311,-38.6524],"stabilizedTipPosition":[-4.38804,209.642,-7.49054],"timeVisible":14.8051,"tipPosition":[-3.71163,210.629,-7.58911],"tipVelocity":[84.7875,108.867,8.77463],"tool":false,"touchDistance":0.333333,"touchZone":"none","type":2,"width":18.6218},{"bases":[[[0.890879,-0.45111,0.0532352],[0.343405,0.745577,0.571129],[-0.297333,-0.490526,0.819132]],[[0.893359,-0.446951,0.0463154],[0.321731,0.564284,-0.760311],[0.313687,0.694132,0.647906]],[[0.893359,-0.446951,0.0463154],[-0.262999,-0.603667,-0.752607],[0.364338,0.660167,-0.656839]],[[0.893359,-0.446951,0.0463154],[-0.421752,-0.869598,-0.256757],[0.155033,0.209842,-0.965366]]],"btipPosition":[7.62531,207.186,6.65924],"carpPosition":[15.8397,229.237,49.8151],"dipPosition":[10.4647,211.029,-11.0212],"direction":[-0.364338,-0.660167,0.656839],"extended":false,"handId":470,"id":4703,"length":63.1552,"mcpPosition":[34.0965,259.356,-0.48127],"pipPosition":[20.3581,228.956,-28.8573],"stabilizedTipPosition":[7.5379,207.07,2.55792],"timeVisible":14.8051,"tipPosition":[8.35554,208.107,2.37378],"tipVelocity":[82.2773,104.515,7.56914],"tool":false,"touchDistance":0.333333,"touchZone":"none","type":3,"width":17.7198},{"bases":[[[0.78141,-0.621799,0.0525794],[0.450162,0.620051,0.642566],[-0.432149,-0.478438,0.764424]],[[0.740699,-0.661194,0.119115],[0.544892,0.487509,-0.682223],[0.393012,0.570226,0.721376]],[[0.740699,-0.661194,0.119115],[-0.309047,-0.49275,-0.813442],[0.596536,0.565703,-0.569319]],[[0.740699,-0.661194,0.119115],[-0.591297,-0.725748,-0.35165],[0.318956,0.190034,-0.928523]]],"btipPosition":[20.0174,213.219,5.69082],"carpPosition":[25.9025,219.846,47.5397],"dipPosition":[25.4066,216.43,-9.99763],"direction":[-0.596536,-0.565703,0.569319],"extended":false,"handId":470,"id":4704,"length":49.5125,"mcpPosition":[50.4655,247.04,4.09041],"pipPosition":[36.8435,227.276,-20.9128],"stabilizedTipPosition":[20.4879,212.961,2.04007],"timeVisible":14.8051,"tipPosition":[21.4528,213.903,2.17128],"tipVelocity":[83.5782,103.441,8.97102],"tool":false,"touchDistance":0.333333,"touchZone":"none","type":4,"width":15.7401}],"r":[[0.886054,0.427403,0.179544],[-0.319242,0.843381,-0.432195],[-0.336145,0.32563,0.883726]],"s":2.02298,"t":[5.77151,-45.6232,-31.0036],"timestamp":93447111059},false],[5,{"currentFrameRate":55.3377,"devices":[],"gestures":[],"hands":[{"armBasis":[[0.970848,-0.126948,-0.203318],[0.185417,0.935301,0.301385],[0.151903,-0.330297,0.931573]],"armWidth":62.4607,"confidence":0.746724,"direction":[0.201188,0.644326,-0.737813],"elbow":[50.6133,130.14,298.006],"grabStrength":0,"id":470,"palmNormal":[-0.111601,-0.733232,-0.670758],"palmPosition":[13.3153,250.183,8.99265],"palmVelocity":[80.5818,97.0596,12.9016],"palmWidth":89.1918,"pinchStrength":0.234494,"r":[[0.886025,0.425332,0.184536],[-0.317481,0.846648,-0.427074],[-0.337886,0.319812,0.885186]],"s":2.02214,"sphereCenter":[-6.41259,241.982,-30.7255],"sphereRadius":48.5685,"stabilizedPalmPosition":[13.2879,250.149,8.99075],"t":[7.21764,-43.8753,-30.7842],"timeVisible":14.8232,"type":"right","wrist":[10.4101,217.558,51.4525]}],"id":1682630,"interactionBox":{"center":[0,200,0],"size":[235.247,235.247,147.751]},"pointables":[{"bases":[[[0.53068,0.694115,0.486398],[-0.811812,0.251327,0.527064],[0.243598,-0.674566,0.696865]],[[0.497691,0.7699,0.399448],[-0.768316,0.177621,0.614933],[0.402486,-0.612948,0.679926]],[[0.497691,0.7699,0.399448],[-0.839707,0.543039,-0.00042904],[-0.217246,-0.335206,0.916756]],[[0.497691,0.7699,0.399448],[-0.651947,0.635809,-0.413173],[-0.572074,-0.0547866,0.81837]]],"btipPosition":[-17.9506,256.159,-37.9699],"carpPosition":[-18.6413,213.706,44.7135],"dipPosition":[-31.0746,254.902,-19.1956],"direction":[0.217246,0.335206,-0.916756],"extended":false,"handId":470,"id":4700,"length":51.0864,"mcpPosition":[-18.6413,213.706,44.7135],"pipPosition":[-38.3354,243.699,11.4439],"stabilizedTipPosition":[-20.9857,255.847,-33.6534],"timeVisible":14.8232,"tipPosition":[-21.1506,255.771,-33.8416],"tipVelocity":[89.9559,116.66,14.5779],"tool":false,"touchDistance":-0.135587,"touchZone":"touching","type":0,"width":19.8498},{"bases":[[[0.993139,-0.106021,-0.0493434],[0.115549,0.824755,0.55356],[-0.0179928,-0.555463,0.831346]],[[0.993295,-0.097935,-0.0614237],[0.115278,0.799277,0.589803],[-0.00866783,-0.59293,0.805208]],[[0.993295,-0.097935,-0.0614237],[0.1142,0.913816,0.389743],[0.0179605,-0.394144,0.918873]],[[0.993295,-0.097935,-0.0614237],[0.108844,0.971305,0.211471],[0.0389507,-0.216739,0.975452]]],"btipPosition":[-6.11341,310.797,-81.5418],"carpPosition":[-6.69812,232.801,50.4287],"dipPosition":[-5.46106,307.167,-65.205],"direction":[-0.0179605,0.394144,-0.918873],"extended":true,"handId":470,"id":4701,"length":57.6453,"mcpPosition":[-5.40056,272.858,-9.52441],"pipPosition":[-5.03553,297.828,-43.4344],"stabilizedTipPosition":[-6.00838,309.896,-77.7988],"timeVisible":14.8232,"tipPosition":[-6.04602,311.029,-77.1617],"tipVelocity":[97.8477,122.08,28.7506],"tool":false,"touchDistance":-0.123241,"touchZone":"touching","type":1,"width":18.9605},{"bases":[[[0.94723,-0.319128,-0.0302124],[0.281364,0.782562,0.555366],[-0.15359,-0.53456,0.831057]],[[0.951687,-0.301739,-0.0569735],[0.165208,0.659526,-0.733302],[0.258841,0.688461,0.677512]],[[0.951687,-0.301739,-0.0569735],[-0.231805,-0.584261,-0.777756],[0.201392,0.753387,-0.625978]],[[0.951687,-0.301739,-0.0569735],[-0.305533,-0.911937,-0.273899],[0.0306898,0.278074,-0.960069]]],"btipPosition":[-2.54155,211.139,-3.42926],"carpPosition":[5.36326,233.232,50.2831],"dipPosition":[-1.97622,216.261,-21.1143],"direction":[-0.201392,-0.753387,0.625978],"extended":false,"handId":470,"id":4702,"length":65.6822,"mcpPosition":[15.8671,269.79,-6.55215],"pipPosition":[3.63746,237.262,-38.5631],"stabilizedTipPosition":[-3.05917,211.441,-7.49477],"timeVisible":14.8232,"tipPosition":[-2.3988,212.402,-7.71355],"tipVelocity":[79.1604,103.481,3.02371],"tool":false,"touchDistance":0.333333,"touchZone":"none","type":2,"width":18.6218},{"bases":[[[0.89038,-0.452393,0.0506345],[0.343281,0.740322,0.577997],[-0.298968,-0.497255,0.814466]],[[0.892834,-0.448245,0.0438629],[0.32345,0.570382,-0.755013],[0.313412,0.688289,0.654241]],[[0.892834,-0.448245,0.0438629],[-0.262446,-0.59694,-0.758145],[0.366018,0.665386,-0.650609]],[[0.892834,-0.448245,0.0438629],[-0.422225,-0.866927,-0.264883],[0.156758,0.217977,-0.963282]]],"btipPosition":[8.90678,208.855,6.38876],"carpPosition":[17.0859,230.528,49.7429],"dipPosition":[11.7778,212.848,-11.2535],"direction":[-0.366018,-0.665386,0.650609],"extended":false,"handId":470,"id":4703,"length":63.1552,"mcpPosition":[35.4432,261.061,-0.266948],"pipPosition":[21.7168,230.916,-28.9205],"stabilizedTipPosition":[8.84224,208.808,2.41208],"timeVisible":14.8232,"tipPosition":[9.64598,209.812,2.11445],"tipVelocity":[77.1815,99.8011,-2.9057],"tool":false,"touchDistance":0.333333,"touchZone":"none","type":3,"width":17.7198},{"bases":[[[0.780752,-0.622967,0.0483571],[0.449818,0.614087,0.648507],[-0.433694,-0.484571,0.759671]],[[0.739794,-0.66299,0.114665],[0.546554,0.492764,-0.677099],[0.392407,0.563584,0.726904]],[[0.739794,-0.66299,0.114665],[-0.308115,-0.485325,-0.818245],[0.598138,0.570003,-0.563318]],[[0.739794,-0.66299,0.114665],[-0.591427,-0.722031,-0.359006],[0.320809,0.197774,-0.926265]]],"btipPosition":[21.3049,214.886,5.47785],"carpPosition":[27.1432,221.147,47.4014],"dipPosition":[26.7254,218.228,-10.1725],"direction":[-0.598138,-0.570003,0.563318],"extended":false,"handId":470,"id":4704,"length":49.5125,"mcpPosition":[51.794,248.69,4.22224],"pipPosition":[38.193,229.156,-20.9725],"stabilizedTipPosition":[21.8092,214.686,1.93648],"timeVisible":14.8232,"tipPosition":[22.7466,215.599,1.96959],"tipVelocity":[78.0226,99.0607,-0.655244],"tool":false,"touchDistance":0.333333,"touchZone":"none","type":4,"width":15.7401}],"r":[[0.886025,0.425332,0.184536],[-0.317481,0.846648,-0.427074],[-0.337886,0.319812,0.885186]],"s":2.02214,"t":[7.21764,-43.8753,-30.7842],"timestamp":93447129076},false],[6,{"currentFrameRate":55.3419,"devices":[],"gestures":[],"hands":[{"armBasis":[[0.970253,-0.129986,-0.204236],[0.187865,0.936365,0.296527],[0.152695,-0.326075,0.932931]],"armWidth":62.4607,"confidence":0.753459,"direction":[0.202788,0.646266,-0.735675],"elbow":[51.7414,132.147,298.228],"grabStrength":0,"id":470,"palmNormal":[-0.112314,-0.730976,-0.673097],"palmPosition":[14.3185,251.198,8.95845],"palmVelocity":[68.7049,77.684,5.8766],"palmWidth":89.1918,"pinchStrength":0.233549,"r":[[0.886104,0.423242,0.18891],[-0.315736,0.8496,-0.422481],[-0.33931,0.314716,0.886466]],"s":2.02143,"sphereCenter":[-5.3352,243.098,-30.8122],"sphereRadius":48.5577,"stabilizedPalmPosition":[14.3054,251.185,8.95886],"t":[8.44234,-42.4935,-30.6916],"timeVisible":14.8412,"type":"right","wrist":[11.3286,218.448,51.3153]}],"id":1682631,"interactionBox":{"center":[0,200,0],"size":[235.247,235.247,147.751]},"pointables":[{"bases":[[[0.531464,0.691737,0.488923],[-0.811784,0.251037,0.527245],[0.241977,-0.677111,0.694958]],[[0.499039,0.767112,0.403111],[-0.768429,0.176687,0.615059],[0.400595,-0.616701,0.677645]],[[0.499039,0.767112,0.403111],[-0.838493,0.544911,0.00107307],[-0.218837,-0.338542,0.91515]],[[0.499039,0.767112,0.403111],[-0.646989,0.639285,-0.415595],[-0.576511,-0.0534105,0.815342]]],"btipPosition":[-16.786,257.381,-37.9054],"carpPosition":[-17.7241,214.665,44.5433],"dipPosition":[-30.0118,256.155,-19.2006],"direction":[0.218837,0.338542,-0.91515],"extended":false,"handId":470,"id":4700,"length":51.0864,"mcpPosition":[-17.7241,214.665,44.5433],"pipPosition":[-37.3257,244.841,11.3854],"stabilizedTipPosition":[-19.8364,257.09,-33.6036],"timeVisible":14.8412,"tipPosition":[-20.0381,256.996,-33.8164],"tipVelocity":[77.256,93.5925,8.93396],"tool":false,"touchDistance":-0.137901,"touchZone":"touching","type":0,"width":19.8498},{"bases":[[[0.992999,-0.107503,-0.0489468],[0.116498,0.822853,0.556185],[-0.0195155,-0.557993,0.829616]],[[0.993173,-0.0999024,-0.060228],[0.116135,0.798186,0.591111],[-0.0109803,-0.59407,0.804338]],[[0.993173,-0.0999024,-0.060228],[0.115575,0.912717,0.391905],[0.0158189,-0.396191,0.918032]],[[0.993173,-0.0999024,-0.060228],[0.110621,0.970455,0.214431],[0.0370264,-0.21963,0.97488]]],"btipPosition":[-4.8789,312.045,-81.4535],"carpPosition":[-5.75378,233.722,50.3261],"dipPosition":[-4.25879,308.367,-65.1262],"direction":[-0.0158189,0.396191,-0.918032],"extended":true,"handId":470,"id":4701,"length":57.6453,"mcpPosition":[-4.34641,273.962,-9.5022],"pipPosition":[-3.88399,298.98,-43.3756],"stabilizedTipPosition":[-4.7614,311.173,-77.7002],"timeVisible":14.8412,"tipPosition":[-4.83746,312.241,-77.0831],"tipVelocity":[83.659,96.6508,17.3643],"tool":false,"touchDistance":-0.126109,"touchZone":"touching","type":1,"width":18.9605},{"bases":[[[0.946726,-0.320592,-0.0305067],[0.282243,0.780381,0.557982],[-0.155078,-0.536866,0.829292]],[[0.951246,-0.303062,-0.0573101],[0.166062,0.659816,-0.732848],[0.259913,0.687602,0.677974]],[[0.951246,-0.303062,-0.0573101],[-0.232639,-0.582994,-0.778458],[0.20251,0.753838,-0.625075]],[[0.951246,-0.303062,-0.0573101],[-0.306823,-0.910842,-0.276093],[0.0314729,0.280216,-0.959421]]],"btipPosition":[-1.59087,212.187,-3.46004],"carpPosition":[6.30839,234.133,50.1907],"dipPosition":[-1.01112,217.349,-21.1332],"direction":[-0.20251,-0.753838,0.625075],"extended":false,"handId":470,"id":4702,"length":65.6822,"mcpPosition":[16.914,270.849,-6.52394],"pipPosition":[4.63373,238.361,-38.5567],"stabilizedTipPosition":[-2.01541,212.701,-7.51437],"timeVisible":14.8412,"tipPosition":[-1.44515,213.469,-7.78026],"tipVelocity":[66.6627,82.142,0.851019],"tool":false,"touchDistance":0.333333,"touchZone":"none","type":2,"width":18.6218},{"bases":[[[0.889598,-0.454012,0.0498873],[0.344073,0.737971,0.580528],[-0.300382,-0.499272,0.81271]],[[0.892002,-0.449953,0.0433022],[0.325048,0.571903,-0.753173],[0.314128,0.685907,0.656395]],[[0.892002,-0.449953,0.0433022],[-0.262896,-0.594319,-0.760047],[0.367721,0.666579,-0.648424]],[[0.892002,-0.449953,0.0433022],[-0.423531,-0.865393,-0.267798],[0.15797,0.220537,-0.962501]]],"btipPosition":[9.83489,209.888,6.23632],"carpPosition":[18.027,231.412,49.6507],"dipPosition":[12.7281,213.927,-11.3917],"direction":[-0.367721,-0.666579,0.648424],"extended":false,"handId":470,"id":4703,"length":63.1552,"mcpPosition":[36.4711,262.068,-0.251428],"pipPosition":[22.7134,232.028,-28.9993],"stabilizedTipPosition":[9.8739,210.058,2.26885],"timeVisible":14.8412,"tipPosition":[10.5814,210.855,1.96436],"tipVelocity":[65.077,79.8568,-5.44833],"tool":false,"touchDistance":0.333333,"touchZone":"none","type":3,"width":17.7198},{"bases":[[[0.779691,-0.624398,0.047004],[0.450351,0.611343,0.650725],[-0.435047,-0.486197,0.757857]],[[0.738309,-0.664823,0.113622],[0.548724,0.494128,-0.674344],[0.392175,0.560222,0.729623]],[[0.738309,-0.664823,0.113622],[-0.307408,-0.481647,-0.82068],[0.600333,0.570987,-0.559977]],[[0.738309,-0.664823,0.113622],[-0.592168,-0.719601,-0.362646],[0.322858,0.200461,-0.924975]]],"btipPosition":[22.2405,215.905,5.28698],"carpPosition":[28.0705,222.022,47.2875],"dipPosition":[27.6956,219.292,-10.3415],"direction":[-0.600333,-0.570987,0.559977],"extended":false,"handId":470,"id":4704,"length":49.5125,"mcpPosition":[52.7983,249.657,4.21149],"pipPosition":[39.2053,230.239,-21.0775],"stabilizedTipPosition":[22.855,215.926,1.78509],"timeVisible":14.8412,"tipPosition":[23.6871,216.628,1.80092],"tipVelocity":[65.79,79.106,-5.23156],"tool":false,"touchDistance":0.333333,"touchZone":"none","type":4,"width":15.7401}],"r":[[0.886104,0.423242,0.18891],[-0.315736,0.8496,-0.422481],[-0.33931,0.314716,0.886466]],"s":2.02143,"t":[8.44