{"sensorType":"Leap","data":[[0,{"currentFrameRate":55.3244,"devices":[],"gestures":[{"center":[-23.17,290.662,-96.1556],"duration":108445,"handIds":[470],"id":2,"normal":[-0.501711,0.669148,-0.548204],"pointableIds":[4701],"progress":0.986462,"radius":23.1122,"state":"update","type":"circle"}],"hands":[{"armBasis":[[0.896116,-0.365694,-0.251483],[0.421095,0.879556,0.221497],[0.140193,-0.304385,0.942176]],"armWidth":62.4607,"confidence":0.532657,"direction":[0.268694,0.702736,-0.658761],"elbow":[39.9602,118.169,285.54],"grabStrength":0,"id":470,"palmNormal":[-0.325386,-0.577487,-0.748754],"palmPosition":[8.92668,236.586,-1.3116],"palmVelocity":[125.376,133.734,23.4461],"palmWidth":89.1918,"pinchStrength":0.159762,"r":[[0.959295,0.209219,0.189686],[-0.162226,0.958047,-0.236279],[-0.231162,0.19589,0.952991]],"s":2.03771,"sphereCenter":[-19.5888,240.811,-38.4464],"sphereRadius":49.2048,"stabilizedPalmPosition":[8.85047,236.499,-1.32628],"t":[2.02289,-58.1422,-41.2842],"timeVisible":2.06088,"type":"right","wrist":[2.85609,198.729,36.18]}],"id":1681929,"interactionBox":{"center":[0,200,0],"size":[235.247,235.247,147.751]},"pointables":[{"bases":[[[0.708279,0.486436,0.511587],[-0.688973,0.318429,0.651091],[0.15381,-0.813623,0.560678]],[[0.671767,0.617816,0.408696],[-0.662303,0.253811,0.704936],[0.331789,-0.744233,0.579684]],[[0.671767,0.617816,0.408696],[-0.729517,0.647537,0.220228],[-0.128586,-0.446093,0.885701]],[[0.671767,0.617816,0.408696],[-0.683139,0.730034,0.0192891],[-0.286445,-0.292154,0.912467]]],"btipPosition":[-32.1905,259.898,-46.3825],"carpPosition":[-26.8246,201.87,32.5167],"dipPosition":[-38.7618,253.196,-25.4495],"direction":[0.128586,0.446093,-0.885701],"extended":false,"handId":470,"id":4700,"length":51.0864,"mcpPosition":[-26.8246,201.87,32.5167],"pipPosition":[-43.0594,238.287,4.15218],"stabilizedTipPosition":[-33.7656,258.278,-41.5844],"timeVisible":2.06088,"tipPosition":[-33.8607,257.927,-41.996],"tipVelocity":[137.68,146.939,17.6142],"tool":false,"touchDistance":0.270305,"touchZone":"hovering","type":0,"width":19.8498},{"bases":[[[0.938846,-0.291647,-0.183057],[0.338497,0.684212,0.645967],[-0.0631445,-0.668428,0.741092]],[[0.939826,-0.212034,-0.267897],[0.337703,0.695419,0.63431],[0.0518053,-0.686611,0.725177]],[[0.939826,-0.212034,-0.267897],[0.318828,0.826095,0.464667],[0.122783,-0.522119,0.843988]],[[0.939826,-0.212034,-0.267897],[0.293186,0.903104,0.313759],[0.175411,-0.373422,0.910926]]],"btipPosition":[-14.0769,312.769,-79.8592],"carpPosition":[-10.6021,217.025,39.3773],"dipPosition":[-11.1391,306.515,-64.603],"direction":[-0.122783,0.522119,-0.843988],"extended":true,"handId":470,"id":4701,"length":57.6453,"mcpPosition":[-6.04838,265.229,-14.067],"pipPosition":[-8.23008,294.144,-44.6067],"stabilizedTipPosition":[-13.4908,311.199,-76.3905],"timeVisible":2.06088,"tipPosition":[-12.817,312.275,-75.6527],"tipVelocity":[144.578,149.696,36.1496],"tool":false,"touchDistance":0.26601,"touchZone":"hovering","type":1,"width":18.9605},{"bases":[[[0.85013,-0.491612,-0.188671],[0.490879,0.610214,0.621833],[-0.190571,-0.621254,0.760083]],[[0.847202,-0.500795,-0.177349],[0.287773,0.713187,-0.639179],[0.446581,0.490478,0.748329]],[[0.847202,-0.500795,-0.177349],[-0.415473,-0.41649,-0.808652],[0.331105,0.758776,-0.560918]],[[0.847202,-0.500795,-0.177349],[-0.531063,-0.788973,-0.309019],[0.0148313,0.355986,-0.934374]]],"btipPosition":[-16.3604,206.675,-16.6499],"carpPosition":[1.20912,215.07,37.8415],"dipPosition":[-16.0872,213.233,-33.8616],"direction":[-0.331105,-0.758776,0.560918],"extended":false,"handId":470,"id":4702,"length":65.6822,"mcpPosition":[14.2421,257.557,-14.14],"pipPosition":[-6.85786,234.383,-49.4969],"stabilizedTipPosition":[-16.9978,207.426,-20.6333],"timeVisible":2.06088,"tipPosition":[-16.1992,208.436,-20.5466],"tipVelocity":[131.326,140.311,5.31785],"tool":false,"touchDistance":0.333333,"touchZone":"none","type":2,"width":18.6218},{"bases":[[[0.77338,-0.622269,-0.121098],[0.544037,0.553416,0.630677],[-0.325433,-0.553635,0.766539]],[[0.775715,-0.618246,-0.126643],[0.39081,0.62817,-0.672808],[0.495514,0.472414,0.728897]],[[0.775715,-0.618246,-0.126643],[-0.458619,-0.414407,-0.786088],[0.433514,0.667861,-0.605002]],[[0.775715,-0.618246,-0.126643],[-0.626172,-0.729035,-0.276436],[0.0785784,0.293735,-0.952652]]],"btipPosition":[-2.94769,200.006,-9.59597],"carpPosition":[11.9829,210.217,35.5182],"dipPosition":[-1.50855,205.386,-27.0435],"direction":[-0.433514,-0.667861,0.605002],"extended":false,"handId":470,"id":4703,"length":63.1552,"mcpPosition":[31.9651,244.212,-11.5489],"pipPosition":[10.2633,223.521,-43.4721],"stabilizedTipPosition":[-3.49652,200.275,-13.5832],"timeVisible":2.06088,"tipPosition":[-2.48163,201.116,-13.4155],"tipVelocity":[128.546,141.369,-4.58377],"tool":false,"touchDistance":0.333333,"touchZone":"none","type":3,"width":17.7198},{"bases":[[[0.629924,-0.764993,-0.134096],[0.6268,0.398793,0.669392],[-0.458604,-0.505718,0.730707]],[[0.570021,-0.820397,-0.0449971],[0.597207,0.451314,-0.663068],[0.564287,0.35109,0.747206]],[[0.570021,-0.820397,-0.0449971],[-0.506331,-0.307618,-0.805605],[0.647074,0.481995,-0.590742]],[[0.570021,-0.820397,-0.0449971],[-0.788332,-0.530666,-0.31133],[0.231536,0.212937,-0.949236]]],"btipPosition":[9.73388,203.271,-9.37995],"carpPosition":[19.5435,199.534,30.687],"dipPosition":[13.6459,206.869,-25.4184],"direction":[-0.647074,-0.481995,0.590742],"extended":false,"handId":470,"id":4704,"length":49.5125,"mcpPosition":[45.6102,228.279,-10.8458],"pipPosition":[26.0518,216.11,-36.7442],"stabilizedTipPosition":[9.62773,203.007,-13.1443],"timeVisible":2.06088,"tipPosition":[10.5454,204.257,-13.332],"tipVelocity":[130.058,137.989,12.8073],"tool":false,"touchDistance":0.333333,"touchZone":"none","type":4,"width":15.7401}],"r":[[0.959295,0.209219,0.189686],[-0.162226,0.958047,-0.236279],[-0.231162,0.19589,0.952991]],"s":2.03771,"t":[2.02289,-58.1422,-41.2842],"timestamp":93434366805},false],[1,{"currentFrameRate":55.3512,"devices":[],"gestures":[{"center":[-23.3038,291.486,-95.0053],"duration":126419,"handIds":[470],"id":2,"normal":[-0.502673,0.674517,-0.540691],"pointableIds":[4701],"progress":0.992471,"radius":23.1929,"state":"update","type":"circle"}],"hands":[{"armBasis":[[0.895774,-0.366599,-0.251383],[0.422237,0.878522,0.223416],[0.138941,-0.306274,0.941749]],"armWidth":62.4607,"confidence":0.536417,"direction":[0.268997,0.708346,-0.6526],"elbow":[41.4049,119.569,285.778],"grabStrength":0,"id":470,"palmNormal":[-0.326387,-0.570441,-0.753703],"palmPosition":[10.718,238.815,-0.623388],"palmVelocity":[113.206,129.112,30.471],"palmWidth":89.1918,"pinchStrength":0.159452,"r":[[0.959556,0.20466,0.193304],[-0.158575,0.960293,-0.229545],[-0.232607,0.189608,0.953909]],"s":2.03656,"sphereCenter":[-17.7073,243.241,-37.7934],"sphereRadius":49.1508,"stabilizedPalmPosition":[10.6635,238.747,-0.643879],"t":[4.0447,-55.8188,-40.7325],"timeVisible":2.07886,"type":"right","wrist":[4.63219,200.629,36.5313]}],"id":1681930,"interactionBox":{"center":[0,200,0],"size":[235.247,235.247,147.751]},"pointables":[{"bases":[[[0.709053,0.481145,0.515504],[-0.688281,0.313255,0.654324],[0.15334,-0.818762,0.553278]],[[0.672623,0.613441,0.413847],[-0.661629,0.248091,0.7076],[0.331399,-0.749761,0.572742]],[[0.672623,0.613441,0.413847],[-0.728725,0.646308,0.226376],[-0.128604,-0.453846,0.881751]],[[0.672623,0.613441,0.413847],[-0.682457,0.730447,0.0264583],[-0.286063,-0.300229,0.909962]]],"btipPosition":[-30.4025,262.574,-45.4562],"carpPosition":[-25.0475,203.832,32.9138],"dipPosition":[-36.9651,255.687,-24.5807],"direction":[0.128604,0.453846,-0.881751],"extended":false,"handId":470,"id":4700,"length":51.0864,"mcpPosition":[-25.0475,203.832,32.9138],"pipPosition":[-41.2632,240.518,4.88893],"stabilizedTipPosition":[-31.9591,260.921,-40.6785],"timeVisible":2.07886,"tipPosition":[-32.07,260.567,-41.0836],"tipVelocity":[119.652,146.744,33.3189],"tool":false,"touchDistance":0.289653,"touchZone":"hovering","type":0,"width":19.8498},{"bases":[[[0.938453,-0.29091,-0.186217],[0.339543,0.678069,0.651868],[-0.0633669,-0.674977,0.735113]],[[0.939509,-0.21127,-0.269607],[0.338629,0.691276,0.638332],[0.0515123,-0.691015,0.721003]],[[0.939509,-0.21127,-0.269607],[0.319696,0.823417,0.468806],[0.122954,-0.52664,0.84115]],[[0.939509,-0.21127,-0.269607],[0.293925,0.901423,0.317874],[0.175873,-0.37789,0.908993]]],"btipPosition":[-12.2644,315.492,-78.6296],"carpPosition":[-8.80621,218.908,39.9002],"dipPosition":[-9.31894,309.163,-63.4059],"direction":[-0.122954,0.52664,-0.84115],"extended":true,"handId":470,"id":4701,"length":57.6453,"mcpPosition":[-4.23647,267.585,-13.113],"pipPosition":[-6.40582,296.686,-43.4768],"stabilizedTipPosition":[-11.6713,313.911,-75.1841],"timeVisible":2.07886,"tipPosition":[-11.0434,314.983,-74.4167],"tipVelocity":[123.924,150.102,51.2196],"tool":false,"touchDistance":0.2905,"touchZone":"hovering","type":1,"width":18.9605},{"bases":[[[0.849538,-0.49073,-0.193569],[0.491838,0.604142,0.626983],[-0.190736,-0.62785,0.754602]],[[0.84663,-0.499946,-0.182408],[0.287917,0.718552,-0.633077],[0.447574,0.483464,0.75229]],[[0.84663,-0.499946,-0.182408],[-0.416421,-0.408915,-0.812024],[0.331378,0.763442,-0.554387]],[[0.84663,-0.499946,-0.182408],[-0.531984,-0.78568,-0.315754],[0.0145453,0.364364,-0.931143]]],"btipPosition":[-14.6053,209.059,-16.2052],"carpPosition":[3.00219,216.956,38.34],"dipPosition":[-14.3374,215.771,-33.3574],"direction":[-0.331378,-0.763442,0.554387],"extended":false,"handId":470,"id":4702,"length":65.6822,"mcpPosition":[16.0465,259.894,-13.2666],"pipPosition":[-5.10042,237.052,-48.8107],"stabilizedTipPosition":[-15.0931,209.892,-20.2584],"timeVisible":2.07886,"tipPosition":[-14.4471,210.854,-20.0904],"tipVelocity":[115.354,137.615,14.8706],"tool":false,"touchDistance":0.333333,"touchZone":"none","type":2,"width":18.6218},{"bases":[[[0.7727,-0.621912,-0.127124],[0.544946,0.547216,0.635286],[-0.325528,-0.560161,0.761742]],[[0.77498,-0.617939,-0.132502],[0.391073,0.633598,-0.667544],[0.496455,0.465516,0.732685]],[[0.77498,-0.617939,-0.132502],[-0.459661,-0.407249,-0.789215],[0.433725,0.672532,-0.599653]],[[0.77498,-0.617939,-0.132502],[-0.627141,-0.72604,-0.282063],[0.0780955,0.301691,-0.950202]]],"btipPosition":[-1.193,202.333,-9.20872],"carpPosition":[13.7698,212.114,35.9669],"dipPosition":[0.2373,207.858,-26.6114],"direction":[-0.433725,-0.672532,0.599653],"extended":false,"handId":470,"id":4703,"length":63.1552,"mcpPosition":[33.7579,246.509,-10.8056],"pipPosition":[12.0149,226.121,-42.8947],"stabilizedTipPosition":[-1.54813,202.739,-13.308],"timeVisible":2.07886,"tipPosition":[-0.732976,203.474,-13.0305],"tipVelocity":[113.858,136.61,8.0543],"tool":false,"touchDistance":0.333333,"touchZone":"none","type":3,"width":17.7198},{"bases":[[[0.629096,-0.764374,-0.141314],[0.62758,0.392171,0.672566],[-0.458673,-0.511795,0.72642]],[[0.568364,-0.821162,-0.0515318],[0.602606,0.458099,-0.653461],[0.560204,0.340351,0.755204]],[[0.568364,-0.821162,-0.0515318],[-0.502517,-0.296858,-0.812005],[0.65149,0.48741,-0.581371]],[[0.568364,-0.821162,-0.0515318],[-0.788639,-0.525859,-0.318624],[0.234543,0.221734,-0.946479]]],"btipPosition":[11.5175,205.669,-9.29093],"carpPosition":[21.3172,201.467,31.0358],"dipPosition":[15.4804,209.416,-25.2828],"direction":[-0.65149,-0.48741,0.581371],"extended":false,"handId":470,"id":4704,"length":49.5125,"mcpPosition":[47.3878,230.557,-10.2533],"pipPosition":[27.9709,218.76,-36.429],"stabilizedTipPosition":[11.6448,205.544,-13.0181],"timeVisible":2.07886,"tipPosition":[12.3365,206.643,-13.0967],"tipVelocity":[115.777,136.723,9.37201],"tool":false,"touchDistance":0.333333,"touchZone":"none","type":4,"width":15.7401}],"r":[[0.959556,0.20466,0.193304],[-0.158575,0.960293,-0.229545],[-0.232607,0.189608,0.953909]],"s":2.03656,"t":[4.0447,-55.8188,-40.7325],"timestamp":93434384779},false],[2,{"currentFrameRate":55.2873,"devices":[],"gestures":[{"center":[-22.8845,292.126,-93.6164],"duration":144727,"handIds":[470],"id":2,"normal":[-0.482426,0.683197,-0.548185],"pointableIds":[4701],"progress":1.00647,"radius":23.569,"state":"update","type":"circle"}],"hands":[{"armBasis":[[0.895084,-0.37377,-0.243147],[0.427796,0.873629,0.231867],[0.125755,-0.311557,0.941869]],"armWidth":62.4607,"confidence":0.537341,"direction":[0.278561,0.703594,-0.653727],"elbow":[39.3321,121.476,286.037],"grabStrength":0,"id":470,"palmNormal":[-0.326691,-0.570664,-0.753402],"palmPosition":[12.6624,241.924,-0.506156],"palmVelocity":[109.848,148.649,18.9301],"palmWidth":89.1918,"pinchStrength":0.158992,"r":[[0.959849,0.199571,0.197131],[-0.153823,0.962127,-0.225057],[-0.23458,0.185698,0.954195]],"s":2.03577,"sphereCenter":[-15.4736,246.413,-37.8663],"sphereRadius":49.1391,"stabilizedPalmPosition":[12.6257,241.866,-0.508684],"t":[6.02779,-53.1023,-40.3981],"timeVisible":2.09716,"type":"right","wrist":[6.04918,203.934,36.7581]}],"id":1681931,"interactionBox":{"center":[0,200,0],"size":[235.247,235.247,147.751]},"pointables":[{"bases":[[[0.709982,0.477322,0.517773],[-0.68946,0.321399,0.649113],[0.143424,-0.817842,0.557282]],[[0.675245,0.609464,0.415449],[-0.663639,0.256183,0.702818],[0.321911,-0.750282,0.577451]],[[0.675245,0.609464,0.415449],[-0.724652,0.653205,0.219553],[-0.137563,-0.449308,0.882722]],[[0.675245,0.609464,0.415449],[-0.676765,0.735917,0.0203818],[-0.293314,-0.294924,0.909388]]],"btipPosition":[-28.0068,265.86,-45.6637],"carpPosition":[-23.5819,207.365,32.9561],"dipPosition":[-34.7358,259.094,-24.8014],"direction":[0.137563,0.449308,-0.882722],"extended":false,"handId":470,"id":4700,"length":51.0864,"mcpPosition":[-23.5819,207.365,32.9561],"pipPosition":[-39.3334,244.077,4.70078],"stabilizedTipPosition":[-29.5909,264.252,-40.8625],"timeVisible":2.09716,"tipPosition":[-29.7103,263.882,-41.2881],"tipVelocity":[124.021,163.159,11.8289],"tool":false,"touchDistance":0.291081,"touchZone":"hovering","type":0,"width":19.8498},{"bases":[[[0.937098,-0.299289,-0.179649],[0.341318,0.677787,0.651235],[-0.0731442,-0.671588,0.737305]],[[0.939306,-0.220349,-0.262965],[0.340574,0.691369,0.637195],[0.0414005,-0.68808,0.724453]],[[0.939306,-0.220349,-0.262965],[0.323782,0.822797,0.467087],[0.113445,-0.52388,0.844203]],[[0.939306,-0.220349,-0.262965],[0.299605,0.900282,0.315798],[0.167157,-0.375417,0.911658]]],"btipPosition":[-9.21421,318.444,-78.9712],"carpPosition":[-7.25818,222.335,39.979],"dipPosition":[-6.41467,312.157,-63.7028],"direction":[-0.113445,0.52388,-0.844203],"extended":true,"handId":470,"id":4701,"length":57.6453,"mcpPosition":[-1.98335,270.767,-13.1922],"pipPosition":[-3.72686,299.745,-43.7013],"stabilizedTipPosition":[-8.6551,316.914,-75.4519],"timeVisible":2.09716,"tipPosition":[-8.05323,317.922,-74.7622],"tipVelocity":[143.512,155.695,17.9828],"tool":false,"touchDistance":0.290346,"touchZone":"hovering","type":1,"width":18.9605},{"bases":[[[0.846591,-0.498403,-0.186754],[0.493143,0.602522,0.627517],[-0.200233,-0.623347,0.755874]],[[0.843565,-0.507489,-0.175652],[0.297275,0.713674,-0.634269],[0.447243,0.48283,0.752894]],[[0.843565,-0.507489,-0.175652],[-0.415128,-0.408718,-0.812784],[0.340687,0.758554,-0.555453]],[[0.843565,-0.507489,-0.175652],[-0.536542,-0.782543,-0.315831],[0.0228254,0.360669,-0.932415]]],"btipPosition":[-12.8117,212.31,-16.1126],"carpPosition":[4.54263,220.28,38.495],"dipPosition":[-12.3913,218.954,-33.2883],"direction":[-0.340687,-0.758554,0.555453],"extended":false,"handId":470,"id":4702,"length":65.6822,"mcpPosition":[18.2364,262.911,-13.1986],"pipPosition":[-2.89484,240.098,-48.7712],"stabilizedTipPosition":[-13.2024,213.029,-20.103],"timeVisible":2.09716,"tipPosition":[-12.6188,214.087,-20.0079],"tipVelocity":[107.936,156.356,10.0245],"tool":false,"touchDistance":0.333333,"touchZone":"none","type":2,"width":18.6218},{"bases":[[[0.768298,-0.628695,-0.120256],[0.545733,0.545195,0.636347],[-0.334505,-0.554531,0.761972]],[[0.770473,-0.625048,-0.125246],[0.399965,0.626979,-0.668525],[0.496386,0.464986,0.733068]],[[0.770473,-0.625048,-0.125246],[-0.459272,-0.40802,-0.789043],[0.442087,0.665458,-0.601435]],[[0.770473,-0.625048,-0.125246],[-0.631775,-0.722495,-0.280823],[0.0850386,0.295493,-0.951552]]],"btipPosition":[0.520871,205.544,-8.93037],"carpPosition":[15.2838,215.341,36.203],"dipPosition":[2.07833,210.955,-26.3578],"direction":[-0.442087,-0.665458,0.601435],"extended":false,"handId":470,"id":4703,"length":63.1552,"mcpPosition":[35.823,249.39,-10.5836],"pipPosition":[14.083,229.026,-42.6895],"stabilizedTipPosition":[0.297853,205.819,-13.0271],"timeVisible":2.09716,"tipPosition":[0.99721,206.654,-12.7989],"tipVelocity":[104.916,154.506,11.3336],"tool":false,"touchDistance":0.333333,"touchZone":"none","type":3,"width":17.7198},{"bases":[[[0.623616,-0.770032,-0.134736],[0.626877,0.389625,0.674698],[-0.467042,-0.505215,0.725692]],[[0.561909,-0.825968,-0.0451016],[0.610011,0.450585,-0.651813],[0.558699,0.338748,0.757037]],[[0.561909,-0.825968,-0.0451016],[-0.500422,-0.296012,-0.813606],[0.658662,0.479743,-0.579665]],[[0.561909,-0.825968,-0.0451016],[-0.791133,-0.520687,-0.320927],[0.241592,0.216013,-0.946029]]],"btipPosition":[13.2436,208.741,-9.03273],"carpPosition":[22.772,204.614,31.3565],"dipPosition":[17.3255,212.391,-25.017],"direction":[-0.658662,-0.479743,0.579665],"extended":false,"handId":470,"id":4704,"length":49.5125,"mcpPosition":[49.3183,233.33,-9.89126],"pipPosition":[29.9536,221.589,-36.1305],"stabilizedTipPosition":[13.5277,208.54,-12.7888],"timeVisible":2.09716,"tipPosition":[14.0916,209.692,-12.84],"tipVelocity":[106.185,151.047,11.6863],"tool":false,"touchDistance":0.333333,"touchZone":"none","type":4,"width":15.7401}],"r":[[0.959849,0.199571,0.197131],[-0.153823,0.962127,-0.225057],[-0.23458,0.185698,0.954195]],"s":2.03577,"t":[6.02779,-53.1023,-40.3981],"timestamp":93434403087},false],[3,{"currentFrameRate":55.3503,"devices":[],"gestures":[{"center":[-22.8496,292.984,-92.6155],"duration":162576,"handIds":[470],"id":2,"normal":[-0.482626,0.680548,-0.551296],"pointableIds":[4701],"progress":1.01648,"radius":23.8316,"state":"update","type":"circle"}],"hands":[{"armBasis":[[0.893038,-0.374814,-0.248994],[0.43163,0.869936,0.238552],[0.127196,-0.32051,0.938667]],"armWidth":62.4607,"confidence":0.524329,"direction":[0.281005,0.695824,-0.660958],"elbow":[41.155,122.221,285.478],"grabStrength":0,"id":470,"palmNormal":[-0.33045,-0.576442,-0.74734],"palmPosition":[14.2335,244.64,-0.596366],"palmVelocity":[99.5698,150.303,7.63531],"palmWidth":89.1918,"pinchStrength":0.156774,"r":[[0.960303,0.194953,0.199527],[-0.14916,0.963271,-0.223294],[-0.235731,0.184668,0.954111]],"s":2.03532,"sphereCenter":[-13.9146,248.871,-37.9788],"sphereRadius":49.1392,"stabilizedPalmPosition":[14.2125,244.604,-0.595223],"t":[7.80489,-50.386,-40.2759],"timeVisible":2.11501,"type":"right","wrist":[7.49093,207.048,37.0469]}],"id":1681932,"interactionBox":{"center":[0,200,0],"size":[235.247,235.247,147.751]},"pointables":[{"bases":[[[0.712965,0.478968,0.512123],[-0.687021,0.331028,0.646857],[0.140297,-0.813025,0.565072]],[[0.679041,0.609365,0.409363],[-0.661267,0.265575,0.701567],[0.318794,-0.747091,0.583289]],[[0.679041,0.609365,0.409363],[-0.7208,0.659118,0.214504],[-0.139107,-0.440726,0.886798]],[[0.679041,0.609365,0.409363],[-0.673606,0.738883,0.0174836],[-0.291817,-0.287621,0.912204]]],"btipPosition":[-26.3838,268.468,-45.8551],"carpPosition":[-22.1287,210.584,33.2511],"dipPosition":[-33.0784,261.869,-24.9281],"direction":[0.139107,0.440726,-0.886798],"extended":false,"handId":470,"id":4700,"length":51.0864,"mcpPosition":[-22.1287,210.584,33.2511],"pipPosition":[-37.7276,247.14,4.7102],"stabilizedTipPosition":[-27.9413,266.922,-41.04],"timeVisible":2.11501,"tipPosition":[-28.0759,266.5,-41.4648],"tipVelocity":[108.646,156.152,1.60087],"tool":false,"touchDistance":0.292216,"touchZone":"hovering","type":0,"width":19.8498},{"bases":[[[0.935411,-0.305508,-0.177963],[0.345445,0.682489,0.644109],[-0.0753227,-0.663984,0.743944]],[[0.937895,-0.227713,-0.261725],[0.344735,0.696287,0.629557],[0.0388772,-0.680684,0.731544]],[[0.937895,-0.227713,-0.261725],[0.32841,0.825911,0.458277],[0.111806,-0.515769,0.849401]],[[0.937895,-0.227713,-0.261725],[0.304477,0.901891,0.306407],[0.166275,-0.367067,0.915213]]],"btipPosition":[-7.36315,320.461,-79.8049],"carpPosition":[-5.72411,225.544,40.1053],"dipPosition":[-4.5784,314.313,-64.477],"direction":[-0.111806,0.515769,-0.849401],"extended":true,"handId":470,"id":4701,"length":57.6453,"mcpPosition":[-0.292165,273.427,-13.5446],"pipPosition":[-1.92941,302.093,-44.3524],"stabilizedTipPosition":[-6.7606,319.005,-76.2633],"timeVisible":2.11501,"tipPosition":[-6.22522,319.958,-75.6028],"tipVelocity":[124.677,136.428,-12.1228],"tool":false,"touchDistance":0.28146,"touchZone":"hovering","type":1,"width":18.9605},{"bases":[[[0.843947,-0.504247,-0.182997],[0.496877,0.60627,0.620926],[-0.202155,-0.614956,0.762209]],[[0.840913,-0.513152,-0.171875],[0.299631,0.705959,-0.64175],[0.450652,0.488157,0.747406]],[[0.840913,-0.513152,-0.171875],[-0.41826,-0.414742,-0.808114],[0.343401,0.751442,-0.563392]],[[0.840913,-0.513152,-0.171875],[-0.540674,-0.783044,-0.30743],[0.0231726,0.35145,-0.93592]]],"btipPosition":[-11.4014,214.99,-15.87],"carpPosition":[6.06471,223.418,38.6257],"dipPosition":[-10.9745,221.464,-33.1102],"direction":[-0.343401,-0.751442,0.563392],"extended":false,"handId":470,"id":4702,"length":65.6822,"mcpPosition":[19.8899,265.475,-13.5012],"pipPosition":[-1.40242,242.41,-48.8145],"stabilizedTipPosition":[-11.7003,215.758,-19.8913],"timeVisible":2.11501,"tipPosition":[-11.2076,216.727,-19.7866],"tipVelocity":[94.3552,152.408,11.3123],"tool":false,"touchDistance":0.333333,"touchZone":"none","type":2,"width":18.6218},{"bases":[[[0.765126,-0.633506,-0.115121],[0.549206,0.548782,0.630247],[-0.336088,-0.545443,0.767813]],[[0.767218,-0.630073,-0.119934],[0.40226,0.618336,-0.675165],[0.499563,0.469754,0.727851]],[[0.767218,-0.630073,-0.119934],[-0.462452,-0.413852,-0.784133],[0.444426,0.657065,-0.608894]],[[0.767218,-0.630073,-0.119934],[-0.635743,-0.722303,-0.27223],[0.0848954,0.285107,-0.954729]]],"btipPosition":[1.91333,208.259,-8.63504],"carpPosition":[16.779,218.405,36.3678],"dipPosition":[3.46817,213.481,-26.1206],"direction":[-0.444426,-0.657065,0.608894],"extended":false,"handId":470,"id":4703,"length":63.1552,"mcpPosition":[37.4155,251.897,-10.7775],"pipPosition":[15.5363,231.323,-42.6549],"stabilizedTipPosition":[1.79254,208.577,-12.7465],"timeVisible":2.11501,"tipPosition":[2.38395,209.322,-12.5236],"tipVelocity":[92.231,152.236,13.4352],"tool":false,"touchDistance":0.333333,"touchZone":"none","type":3,"width":17.7198},{"bases":[[[0.619752,-0.774285,-0.128024],[0.629661,0.393209,0.67001],[-0.468439,-0.495852,0.731229]],[[0.557955,-0.829008,-0.0378337],[0.61093,0.441181,-0.657361],[0.561649,0.343665,0.752625]],[[0.557955,-0.829008,-0.0378337],[-0.503557,-0.301972,-0.809471],[0.659633,0.4707,-0.585939]],[[0.557955,-0.829008,-0.0378337],[-0.794243,-0.520232,-0.313905],[0.240548,0.205194,-0.9487]]],"btipPosition":[14.657,211.377,-8.76902],"carpPosition":[24.2093,207.596,31.6166],"dipPosition":[18.7214,214.844,-24.7984],"direction":[-0.659633,-0.4707,0.585939],"extended":false,"handId":470,"id":4704,"length":49.5125,"mcpPosition":[50.835,235.78,-9.9459],"pipPosition":[31.368,223.868,-36.0322],"stabilizedTipPosition":[15.0546,211.228,-12.5425],"timeVisible":2.11501,"tipPosition":[15.5,212.281,-12.5956],"tipVelocity":[93.3658,148.332,12.8667],"tool":false,"touchDistance":0.333333,"touchZone":"none","type":4,"width":15.7401}],"r":[[0.960303,0.194953,0.199527],[-0.14916,0.963271,-0.223294],[-0.235731,0.184668,0.954111]],"s":2.03532,"t":[7.80489,-50.386,-40.2759],"timestamp":93434420936},false],[4,{"currentFrameRate":55.3386,"devices":[],"gestures":[{"center":[-21.6386,293.33,-91.5575],"duration":180687,"handIds":[470],"id":2,"normal":[-0.422773,0.674208,-0.605563],"pointableIds":[4701],"progress":1.02242,"radius":24.4706,"state":"update","type":"circle"}],"hands":[{"armBasis":[[0.890739,-0.372642,-0.260233],[0.437296,0.858723,0.267146],[0.123918,-0.351756,0.927853]],"armWidth":62.4607,"confidence":0.529378,"direction":[0.28582,0.696234,-0.658457],"elbow":[41.216,116.91,282.65],"grabStrength":0,"id":470,"palmNormal":[-0.335616,-0.570874,-0.749309],"palmPosition":[15.4205,247.695,-0.419868],"palmVelocity":[83.3787,159.039,8.63937],"palmWidth":89.1918,"pinchStrength":0.154655,"r":[[0.960982,0.189596,0.20141],[-0.143968,0.964571,-0.221081],[-0.236191,0.183458,0.954231]],"s":2.03539,"sphereCenter":[-12.7262,252.316,-37.7228],"sphereRadius":49.1617,"stabilizedPalmPosition":[15.4111,247.671,-0.421236],"t":[9.28697,-47.5006,-40.1266],"timeVisible":2.13312,"type":"right","wrist":[8.41941,210.007,37.0803]}],"id":1681933,"interactionBox":{"center":[0,200,0],"size":[235.247,235.247,147.751]},"pointables":[{"bases":[[[0.717145,0.471357,0.513347],[-0.683828,0.333798,0.648812],[0.134468,-0.816334,0.561709]],[[0.684406,0.601675,0.411796],[-0.658487,0.267607,0.703407],[0.313023,-0.752578,0.579347]],[[0.684406,0.601675,0.411796],[-0.715057,0.664234,0.217914],[-0.142415,-0.443599,0.884838]],[[0.684406,0.601675,0.411796],[-0.668211,0.74358,0.0241239],[-0.291689,-0.291677,0.910957]]],"btipPosition":[-25.0403,272.13,-45.4927],"carpPosition":[-21.1752,213.788,33.3265],"dipPosition":[-31.732,265.439,-24.5944],"direction":[0.142415,0.443599,-0.884838],"extended":false,"handId":470,"id":4700,"length":51.0864,"mcpPosition":[-21.1752,213.788,33.3265],"pipPosition":[-36.4918,250.613,4.97846],"stabilizedTipPosition":[-26.5881,270.568,-40.6883],"timeVisible":2.13312,"tipPosition":[-26.7347,270.129,-41.108],"tipVelocity":[92.2633,177.511,10.1877],"tool":false,"touchDistance":0.301658,"touchZone":"hovering","type":0,"width":19.8498},{"bases":[[[0.932838,-0.312079,-0.180056],[0.351344,0.67721,0.646486],[-0.0798193,-0.666328,0.741374]],[[0.935866,-0.234362,-0.263113],[0.350728,0.691281,0.63176],[0.033825,-0.683524,0.729144]],[[0.935866,-0.234362,-0.263113],[0.335384,0.821445,0.461244],[0.108035,-0.519906,0.847364]],[[0.935866,-0.234362,-0.263113],[0.312042,0.898087,0.309952],[0.163658,-0.372176,0.91362]]],"btipPosition":[-5.61706,323.982,-79.3244],"carpPosition":[-4.64821,228.593,40.2246],"dipPosition":[-2.87613,317.749,-64.0231],"direction":[-0.108035,0.519906,-0.847364],"extended":true,"handId":470,"id":4701,"length":57.6453,"mcpPosition":[1.10801,276.646,-13.2401],"pipPosition":[-0.316476,305.431,-43.9468],"stabilizedTipPosition":[-5.00733,322.507,-75.8104],"timeVisible":2.13312,"tipPosition":[-4.51127,323.431,-75.1387],"tipVelocity":[110.962,163.513,6.1109],"tool":false,"touchDistance":0.293655,"touchZone":"hovering","type":1,"width":18.9605},{"bases":[[[0.839822,-0.510078,-0.185793],[0.502156,0.599906,0.622858],[-0.206248,-0.616387,0.759953]],[[0.836758,-0.518921,-0.174805],[0.304191,0.705962,-0.639599],[0.455307,0.482015,0.74857]],[[0.836758,-0.518921,-0.174805],[-0.422361,-0.408475,-0.809172],[0.348493,0.750912,-0.560967]],[[0.836758,-0.518921,-0.174805],[-0.547004,-0.777609,-0.310018],[0.0249454,0.355029,-0.934522]]],"btipPosition":[-10.4583,218.29,-15.7644],"carpPosition":[7.12233,226.381,38.7253],"dipPosition":[-9.99882,224.83,-32.9789],"direction":[-0.348493,-0.750912,0.560967],"extended":false,"handId":470,"id":4702,"length":65.6822,"mcpPosition":[21.2275,268.536,-13.2472],"pipPosition":[-0.284774,245.761,-48.6155],"stabilizedTipPosition":[-10.6211,218.99,-19.7571],"timeVisible":2.13312,"tipPosition":[-10.2572,220.042,-19.6842],"tipVelocity":[74.4317,166.989,8.85909],"tool":false,"touchDistance":0.333333,"touchZone":"none","type":2,"width":18.6218},{"bases":[[[0.760057,-0.638987,-0.118356],[0.554043,0.541976,0.631901],[-0.339631,-0.545855,0.765959]],[[0.761907,-0.635986,-0.122551],[0.402531,0.613199,-0.679674],[0.507412,0.468518,0.723204]],[[0.761907,-0.635986,-0.122551],[-0.470785,-0.413857,-0.779156],[0.444814,0.65134,-0.614734]],[[0.761907,-0.635986,-0.122551],[-0.642454,-0.718098,-0.267561],[0.0821611,0.28259,-0.955716]]],"btipPosition":[2.84278,211.429,-8.07134],"carpPosition":[17.7951,221.294,36.4375],"dipPosition":[4.34754,216.604,-25.575],"direction":[-0.444814,-0.65134,0.614734],"extended":false,"handId":470,"id":4703,"length":63.1552,"mcpPosition":[38.6491,254.811,-10.5939],"pipPosition":[16.4262,234.291,-42.2678],"stabilizedTipPosition":[2.85989,211.667,-12.2502],"timeVisible":2.13312,"tipPosition":[3.28821,212.514,-12.1661],"tipVelocity":[72.4607,162.802,21.7433],"tool":false,"touchDistance":0.333333,"touchZone":"none","type":3,"width":17.7198},{"bases":[[[0.613578,-0.778577,-0.131679],[0.633318,0.385623,0.670971],[-0.471624,-0.495088,0.729697]],[[0.551558,-0.833088,-0.0418098],[0.613093,0.438874,-0.656891],[0.565598,0.33668,0.752825]],[[0.551558,-0.833088,-0.0418098],[-0.507697,-0.295514,-0.809268],[0.661837,0.467585,-0.585949]],[[0.551558,-0.833088,-0.0418098],[-0.798864,-0.513148,-0.313839],[0.240001,0.206501,-0.948555]]],"btipPosition":[15.5955,214.463,-8.67131],"carpPosition":[25.1366,210.446,31.6364],"dipPosition":[19.6506,217.952,-24.6982],"direction":[-0.661837,-0.467585,0.585949],"extended":false,"handId":470,"id":4704,"length":49.5125,"mcpPosition":[51.9433,238.586,-9.839],"pipPosition":[32.3395,226.917,-35.9322],"stabilizedTipPosition":[16.1609,214.259,-12.4036],"timeVisible":2.13312,"tipPosition":[16.4352,215.37,-12.5126],"tipVelocity":[73.5391,158.98,9.3263],"tool":false,"touchDistance":0.333333,"touchZone":"none","type":4,"width":15.7401}],"r":[[0.960982,0.189596,0.20141],[-0.143968,0.964571,-0.221081],[-0.236191,0.183458,0.954231]],"s":2.03539,"t":[9.28697,-47.5006,-40.1266],"timestamp":93434439047},false],[5,{"currentFrameRate":55.3457,"devices":[],"gestures":[{"center":[-21.2522,294.399,-90.8239],"duration":198731,"handIds":[470],"id":2,"normal":[-0.425916,0.665449,-0.613003],"pointableIds":[4701],"progress":1.02936,"radius":24.9835,"state":"update","type":"circle"}],"hands":[{"armBasis":[[0.889494,-0.36644,-0.272987],[0.438906,0.85136,0.287311],[0.127128,-0.375377,0.918113]],"armWidth":62.4607,"confidence":0.540337,"direction":[0.293823,0.693875,-0.657423],"elbow":[42.6412,113.194,279.974],"grabStrength":0,"id":470,"palmNormal":[-0.333858,-0.569968,-0.750783],"palmPosition":[16.4417,250.146,-0.516014],"palmVelocity":[70.6657,148.038,2.01034],"palmWidth":89.1918,"pinchStrength":0.151827,"r":[[0.961442,0.184316,0.204103],[-0.138486,0.965684,-0.219717],[-0.237596,0.182979,0.953974]],"s":2.0358,"sphereCenter":[-11.4103,254.861,-37.9927],"sphereRadius":49.1718,"stabilizedPalmPosition":[16.4366,250.134,-0.515546],"t":[10.5386,-44.8322,-40.1],"timeVisible":2.15117,"type":"right","wrist":[8.99502,212.543,36.9829]}],"id":1681934,"interactionBox":{"center":[0,200,0],"size":[235.247,235.247,147.751]},"pointables":[{"bases":[[[0.716357,0.468104,0.517408],[-0.686185,0.338279,0.643986],[0.126424,-0.816361,0.563535]],[[0.685258,0.597642,0.416227],[-0.66155,0.271773,0.698921],[0.304586,-0.754297,0.581605]],[[0.685258,0.597642,0.416227],[-0.712487,0.668558,0.213056],[-0.150941,-0.442554,0.883947]],[[0.685258,0.597642,0.416227],[-0.66505,0.74644,0.0231298],[-0.296865,-0.292662,0.908967]]],"btipPosition":[-23.6025,274.893,-45.8207],"carpPosition":[-20.5539,216.479,33.0336],"dipPosition":[-30.4129,268.179,-24.9681],"direction":[0.150941,0.442554,-0.883947],"extended":false,"handId":470,"id":4700,"length":51.0864,"mcpPosition":[-20.5539,216.479,33.0336],"pipPosition":[-35.4576,253.388,4.575],"stabilizedTipPosition":[-25.1746,273.337,-41.0233],"timeVisible":2.15117,"tipPosition":[-25.3168,272.862,-41.4436],"tipVelocity":[85.5761,165.79,-3.55176],"tool":false,"touchDistance":0.299245,"touchZone":"hovering","type":0,"width":19.8498},{"bases":[[[0.932279,-0.317333,-0.173657],[0.350823,0.676092,0.647937],[-0.0882036,-0.664981,0.741634]],[[0.936276,-0.240217,-0.256288],[0.350372,0.690669,0.632626],[0.0250427,-0.682109,0.730822]],[[0.936276,-0.240217,-0.256288],[0.336933,0.820448,0.461888],[0.0993179,-0.518807,0.849103]],[[0.936276,-0.240217,-0.256288],[0.315083,0.896849,0.310457],[0.155275,-0.371426,0.915387]]],"btipPosition":[-3.63933,326.397,-79.6885],"carpPosition":[-3.99191,231.203,40.0206],"dipPosition":[-1.03879,320.176,-64.3577],"direction":[-0.0993179,0.518807,-0.849103],"extended":true,"handId":470,"id":4701,"length":57.6453,"mcpPosition":[2.36895,279.158,-13.4628],"pipPosition":[1.31432,307.884,-44.2401],"stabilizedTipPosition":[-3.05591,324.947,-76.1598],"timeVisible":2.15117,"tipPosition":[-2.59649,325.832,-75.5032],"tipVelocity":[109.469,149.491,-6.18746],"tool":false,"touchDistance":0.291587,"touchZone":"hovering","type":1,"width":18.9605},{"bases":[[[0.838232,-0.514833,-0.179759],[0.501364,0.597946,0.625376],[-0.214478,-0.614335,0.759336]],[[0.835078,-0.52357,-0.168876],[0.311796,0.703353,-0.63881],[0.453241,0.480801,0.750602]],[[0.835078,-0.52357,-0.168876],[-0.41947,-0.407384,-0.811223],[0.355935,0.748273,-0.559819]],[[0.835078,-0.52357,-0.168876],[-0.549154,-0.77505,-0.312614],[0.0327878,0.353797,-0.934748]]],"btipPosition":[-9.49621,220.848,-15.9714],"carpPosition":[7.77593,228.926,38.6],"dipPosition":[-8.89224,227.365,-33.19],"direction":[-0.355935,-0.748273,0.559819],"extended":false,"handId":470,"id":4702,"length":65.6822,"mcpPosition":[22.4439,270.94,-13.3303],"pipPosition":[1.02923,248.223,-48.7946],"stabilizedTipPosition":[-9.61432,221.664,-19.8962],"timeVisible":2.15117,"tipPosition":[-9.26279,222.594,-19.9009],"tipVelocity":[65.2866,154.873,-0.813465],"tool":false,"touchDistance":0.333333,"touchZone":"none","type":2,"width":18.6218},{"bases":[[[0.757338,-0.643227,-0.112686],[0.552878,0.539747,0.634822],[-0.347513,-0.543076,0.764397]],[[0.759005,-0.640601,-0.11637],[0.406945,0.606279,-0.683243],[0.508239,0.471229,0.720858]],[[0.759005,-0.640601,-0.11637],[-0.47168,-0.417804,-0.776504],[0.448809,0.64426,-0.619274]],[[0.759005,-0.640601,-0.11637],[-0.645322,-0.716446,-0.265075],[0.0864343,0.276289,-0.95718]]],"btipPosition":[3.74422,213.931,-7.77283],"carpPosition":[18.4356,223.778,36.3872],"dipPosition":[5.32724,218.991,-25.3033],"direction":[-0.448809,-0.64426,0.619274],"extended":false,"handId":470,"id":4703,"length":63.1552,"mcpPosition":[39.7736,257.124,-10.5483],"pipPosition":[17.5144,236.486,-42.1194],"stabilizedTipPosition":[3.80451,214.261,-11.9132],"timeVisible":2.15117,"tipPosition":[4.19626,215.015,-12.023],"tipVelocity":[62.2546,150.656,19.1133],"tool":false,"touchDistance":0.333333,"touchZone":"none","type":3,"width":17.7198},{"bases":[[[0.610195,-0.78204,-0.126789],[0.631053,0.383017,0.674589],[-0.478993,-0.491642,0.727223]],[[0.547446,-0.836003,-0.0374502],[0.619137,0.434729,-0.653973],[0.563004,0.334828,0.755591]],[[0.547446,-0.836003,-0.0374502],[-0.504936,-0.294301,-0.811435],[0.66734,0.463126,-0.583242]],[[0.547446,-0.836003,-0.0374502],[-0.799832,-0.509549,-0.317222],[0.246116,0.203615,-0.947612]]],"btipPosition":[16.5079,216.904,-8.68426],"carpPosition":[25.7491,212.885,31.6466],"dipPosition":[20.6663,220.345,-24.6952],"direction":[-0.66734,-0.463126,0.583242],"extended":false,"handId":470,"id":4704,"length":49.5125,"mcpPosition":[52.9747,240.829,-9.68825],"pipPosition":[33.4608,229.224,-35.8773],"stabilizedTipPosition":[17.134,216.825,-12.3761],"timeVisible":2.15117,"tipPosition":[17.3707,217.798,-12.534],"tipVelocity":[63.2621,147.444,4.65583],"tool":false,"touchDistance":0.333333,"touchZone":"none","type":4,"width":15.7401}],"r":[[0.961442,0.184316,0.204103],[-0.138486,0.965684,-0.219717],[-0.237596,0.182979,0.953974]],"s":2.0358,"t":[10.5386,-44.8322,-40.1],"timestamp":93434457091},false],[6,{"currentFrameRate":55.337,"devices":[],"gestures":[{"center":[-21.2522,294.399,-90.8239],"duration":198731,"handIds":[470],"id":2,"normal":[-0.425916,0.665449,-0.613003],"pointableIds":[4701],"progress":1.02936,"radius":24.9835,"state":"update","type":"circle"}],"hands":[{"armBasis":[[0.888388,-0.368147,-0.27429],[0.441239,0.849691,0.288675],[0.126787,-0.377483,0.917296]],"armWidth":62.4607,"confidence":0.516613,"direction":[0.298672,0.695494,-0.653515],"elbow":[43.0282,114.364,279.718],"grabStrength":0,"id":470,"palmNormal":[-0.33323,-0.565672,-0.754303],"palmPosition":[17.1886,251.999,-0.374889],"palmVelocity":[56.6806,126.315,4.7626],"palmWidth":89.1918,"pinchStrength":0.150207,"r":[[0.961767,0.179221,0.207085],[-0.133243,0.966829,-0.217917],[-0.239271,0.181993,0.953744]],"s":2.0363,"sphereCenter":[-10.4902,256.97,-37.9143],"sphereRadius":49.175,"stabilizedPalmPosition":[17.1863,251.994,-0.37532],"t":[11.5379,-42.5715,-40.0162],"timeVisible":2.16927,"type":"right","wrist":[9.47237,214.27,36.9424]}],"id":1681935,"interactionBox":{"center":[0,200,0],"size":[235.247,235.247,147.751]},"pointables":[{"bases":[[[0.71619,0.46338,0.521873],[-0.687255,0.338122,0.642927],[0.121463,-0.819117,0.56062]],[[0.686053,0.593039,0.421469],[-0.663161,0.271452,0.697518],[0.299247,-0.758036,0.579511]],[[0.686053,0.593039,0.421469],[-0.710598,0.67051,0.213228],[-0.156147,-0.44578,0.881418]],[[0.686053,0.593039,0.421469],[-0.663032,0.748118,0.0266015],[-0.299532,-0.297697,0.906453]]],"btipPosition":[-22.6,277.149,-45.7054],"carpPosition":[-20.0478,218.329,32.9042],"dipPosition":[-29.4716,270.32,-24.9104],"direction":[0.156147,0.44578,-0.881418],"extended":false,"handId":470,"id":4700,"length":51.0864,"mcpPosition":[-20.0478,218.329,32.9042],"pipPosition":[-34.6903,255.421,4.54811],"stabilizedTipPosition":[-24.1829,275.573,-40.9228],"timeVisible":2.16927,"tipPosition":[-24.3283,275.089,-41.3327],"tipVelocity":[70.843,145.526,0.818897],"tool":false,"touchDistance":0.302949,"touchZone":"hovering","type":0,"width":19.8498},{"bases":[[[0.931741,-0.319995,-0.171644],[0.350945,0.672154,0.651955],[-0.0932517,-0.667691,0.738575]],[[0.936318,-0.242887,-0.253605],[0.350607,0.686945,0.636539],[0.0196059,-0.684918,0.728356]],[[0.936318,-0.242887,-0.253605],[0.338344,0.817296,0.466423],[0.0939823,-0.522526,0.847428]],[[0.936318,-0.242887,-0.253605],[0.317411,0.894306,0.315383],[0.150198,-0.375796,0.91445]]],"btipPosition":[-2.30085,328.633,-79.3187],"carpPosition":[-3.45788,232.964,40.0106],"dipPosition":[0.214665,322.339,-64.0036],"direction":[-0.0939823,0.522526,-0.847428],"extended":true,"handId":470,"id":4701,"length":57.6453,"mcpPosition":[3.26703,281.115,-13.2522],"pipPosition":[2.44136,309.959,-43.9257],"stabilizedTipPosition":[-1.72849,327.175,-75.798],"timeVisible":2.16927,"tipPosition":[-1.30169,328.028,-75.1449],"tipVelocity":[92.0577,136.706,6.37745],"tool":false,"touchDistance":0.299995,"touchZone":"hovering","type":1,"width":18.9605},{"bases":[[[0.837005,-0.517127,-0.178892],[0.501283,0.593557,0.629608],[-0.219405,-0.616661,0.756037]],[[0.833807,-0.525826,-0.168145],[0.316309,0.704671,-0.635127],[0.452453,0.476388,0.753884]],[[0.833807,-0.525826,-0.168145],[-0.418166,-0.402725,-0.814217],[0.36042,0.749213,-0.555677]],[[0.833807,-0.525826,-0.168145],[-0.550794,-0.771793,-0.317744],[0.0373043,0.35755,-0.933149]]],"btipPosition":[-8.79954,222.845,-16.0232],"carpPosition":[8.30666,230.65,38.6225],"dipPosition":[-8.11237,229.431,-33.2124],"direction":[-0.36042,-0.749213,0.555677],"extended":false,"handId":470,"id":4702,"length":65.6822,"mcpPosition":[23.3116,272.823,-13.0822],"pipPosition":[1.93413,250.315,-48.7015],"stabilizedTipPosition":[-8.85281,223.774,-19.9592],"timeVisible":2.16927,"tipPosition":[-8.54808,224.606,-19.953],"tipVelocity":[53.0423,134.09,-1.61018],"tool":false,"touchDistance":0.333333,"touchZone":"none","type":2,"width":18.6218},{"bases":[[[0.755409,-0.645501,-0.112635],[0.552552,0.535133,0.638998],[-0.352199,-0.544941,0.760917]],[[0.756921,-0.643143,-0.115917],[0.409872,0.605359,-0.682309],[0.508994,0.468943,0.721816]],[[0.756921,-0.643143,-0.115917],[-0.472908,-0.416637,-0.776384],[0.451031,0.642479,-0.619509]],[[0.756921,-0.643143,-0.115917],[-0.647541,-0.714209,-0.265698],[0.088093,0.276174,-0.957062]]],"btipPosition":[4.4281,215.891,-7.55759],"carpPosition":[18.9555,225.473,36.4265],"dipPosition":[6.0415,220.949,-25.0859],"direction":