{"sensorType":"Leap","data":[[0,{"currentFrameRate":55.2546,"devices":[],"gestures":[],"hands":[{"armBasis":[[0.97473,-0.0784518,-0.209158],[0.1305,0.959899,0.248121],[0.181305,-0.269146,0.94588]],"armWidth":62.4607,"confidence":0.812082,"direction":[0.0852355,0.522873,-0.848139],"elbow":[40.6208,124.007,299.072],"grabStrength":0,"id":470,"palmNormal":[-0.109859,-0.841114,-0.529583],"palmPosition":[-10.7169,220.389,1.48839],"palmVelocity":[121.74,43.393,19.3938],"palmWidth":89.1918,"pinchStrength":0.233694,"r":[[0.855896,0.512267,0.070886],[-0.411616,0.757787,-0.506291],[-0.313073,0.404155,0.859444]],"s":2.01642,"sphereCenter":[-34.2382,203.417,-34.7183],"sphereRadius":49.3734,"stabilizedPalmPosition":[-11.491,220.105,1.38737],"t":[-17.5934,-72.7135,-38.4072],"timeVisible":18.9811,"type":"right","wrist":[-7.36396,195.241,48.7318]}],"id":1682858,"interactionBox":{"center":[0,200,0],"size":[235.247,235.247,147.751]},"pointables":[{"bases":[[[0.513381,0.798687,0.313908],[-0.78111,0.283414,0.556366],[0.355397,-0.530825,0.769362]],[[0.496549,0.822182,0.278308],[-0.70137,0.191142,0.686691],[0.511389,-0.536172,0.671566]],[[0.496549,0.822182,0.278308],[-0.863369,0.500928,0.060547],[-0.0896315,-0.270347,0.958582]],[[0.496549,0.822182,0.278308],[-0.59755,0.556342,-0.577424],[-0.629582,0.120416,0.767546]]],"btipPosition":[-44.07,220.956,-36.9342],"carpPosition":[-36.4861,188.447,45.5721],"dipPosition":[-58.5133,223.718,-19.3259],"direction":[0.0896315,0.270347,-0.958582],"extended":false,"handId":470,"id":4700,"length":51.0864,"mcpPosition":[-36.4861,188.447,45.5721],"pipPosition":[-61.5089,214.683,12.7116],"stabilizedTipPosition":[-48.9067,220.191,-33.6085],"timeVisible":18.9811,"tipPosition":[-47.1761,220.297,-33.4976],"tipVelocity":[105.453,97.2432,50.7947],"tool":false,"touchDistance":-0.0119045,"touchZone":"touching","type":0,"width":19.8498},{"bases":[[[0.990539,-0.0485599,-0.128356],[0.096443,0.911716,0.399341],[0.097632,-0.407942,0.907773]],[[0.990089,-0.0467226,-0.132442],[0.0959565,0.913646,0.395024],[0.102548,-0.403817,0.909074]],[[0.990089,-0.0467226,-0.132442],[0.072057,0.978451,0.193497],[0.120547,-0.201122,0.972121]],[[0.990089,-0.0467226,-0.132442],[0.0505497,0.998391,0.0256813],[0.131029,-0.0321216,0.990858]]],"btipPosition":[-42.0672,260.688,-96.4367],"carpPosition":[-25.6573,208.96,46.9391],"dipPosition":[-39.8728,260.15,-79.8418],"direction":[-0.120547,0.201122,-0.972121],"extended":true,"handId":470,"id":4701,"length":57.6453,"mcpPosition":[-32.6981,238.379,-18.5255],"pipPosition":[-37.0167,255.385,-56.8097],"stabilizedTipPosition":[-42.4044,260.918,-92.4839],"timeVisible":18.9811,"tipPosition":[-41.2639,262.189,-92.0768],"tipVelocity":[118.852,-54.9213,-17.0137],"tool":false,"touchDistance":-0.175621,"touchZone":"touching","type":1,"width":18.9605},{"bases":[[[0.96357,-0.257937,-0.0707169],[0.264637,0.881203,0.391725],[-0.0387244,-0.396169,0.917361]],[[0.964252,-0.247534,-0.09458],[0.0568863,0.541968,-0.838471],[0.258809,0.803117,0.536675]],[[0.964252,-0.247534,-0.09458],[-0.24745,-0.713439,-0.655571],[0.0947989,0.65554,-0.749187]],[[0.964252,-0.247534,-0.09458],[-0.256641,-0.961245,-0.100717],[-0.0659837,0.12139,-0.990409]]],"btipPosition":[-24.7324,178.776,-3.41851],"carpPosition":[-13.7256,210.137,45.5487],"dipPosition":[-25.9479,181.012,-21.6625],"direction":[-0.0947989,-0.65554,0.749187],"extended":false,"handId":470,"id":4702,"length":65.6822,"mcpPosition":[-11.0772,237.231,-17.1889],"pipPosition":[-23.3054,199.285,-42.5456],"stabilizedTipPosition":[-30.78,176.695,-11.0554],"timeVisible":18.9811,"tipPosition":[-25.0418,179.173,-7.96022],"tipVelocity":[112.352,40.7793,44.0718],"tool":false,"touchDistance":0.333333,"touchZone":"none","type":2,"width":18.6218},{"bases":[[[0.92466,-0.379115,0.0357237],[0.331434,0.847445,0.414716],[-0.187499,-0.371631,0.90925]],[[0.930608,-0.365994,0.00415796],[0.186531,0.464456,-0.865729],[0.31492,0.80643,0.500496]],[[0.930608,-0.365994,0.00415796],[-0.28393,-0.729021,-0.622826],[0.230982,0.578426,-0.782349]],[[0.930608,-0.365994,0.00415796],[-0.364531,-0.927792,-0.0794889],[0.0329502,0.0724573,-0.996827]]],"btipPosition":[-11.0695,178.608,6.06043],"carpPosition":[-1.91423,208.142,44.3093],"dipPosition":[-10.4661,179.935,-12.1962],"direction":[-0.230982,-0.578426,0.782349],"extended":false,"handId":470,"id":4703,"length":63.1552,"mcpPosition":[9.59858,230.961,-11.5205],"pipPosition":[-4.19386,195.642,-33.4405],"stabilizedTipPosition":[-16.4646,176.542,-1.00084],"timeVisible":18.9811,"tipPosition":[-11.033,178.835,1.55446],"tipVelocity":[113.282,43.6972,44.3765],"tool":false,"touchDistance":0.333333,"touchZone":"none","type":3,"width":17.7198},{"bases":[[[0.829186,-0.554355,0.071702],[0.453342,0.741978,0.493913],[-0.327005,-0.37704,0.86655]],[[0.816446,-0.567999,0.103891],[0.405313,0.435592,-0.80373],[0.411263,0.69831,0.585854]],[[0.816446,-0.567999,0.103891],[-0.34598,-0.625264,-0.699531],[0.462292,0.535185,-0.70701]],[[0.816446,-0.567999,0.103891],[-0.546018,-0.817971,-0.181076],[0.187831,0.0911119,-0.977966]]],"btipPosition":[0.916364,184.596,3.05914],"carpPosition":[8.62102,199.17,42.5403],"dipPosition":[4.08998,186.136,-13.4647],"direction":[-0.462292,-0.535185,0.70701],"extended":false,"handId":470,"id":4704,"length":49.5125,"mcpPosition":[27.2077,220.6,-6.71377],"pipPosition":[12.9532,196.397,-27.0197],"stabilizedTipPosition":[-3.15217,183.235,-2.6056],"timeVisible":18.9811,"tipPosition":[1.46028,184.963,-0.742027],"tipVelocity":[114.712,39.1719,37.0575],"tool":false,"touchDistance":0.333333,"touchZone":"none","type":4,"width":15.7401}],"r":[[0.855896,0.512267,0.070886],[-0.411616,0.757787,-0.506291],[-0.313073,0.404155,0.859444]],"s":2.01642,"t":[-17.5934,-72.7135,-38.4072],"timestamp":93451287057},true],[1,{"currentFrameRate":55.3466,"devices":[],"gestures":[],"hands":[{"armBasis":[[0.975793,-0.0770182,-0.204684],[0.127806,0.960306,0.247949],[0.177463,-0.268107,0.946903]],"armWidth":62.4607,"confidence":0.771384,"direction":[0.0844978,0.519332,-0.850385],"elbow":[41.9248,125.595,299.684],"grabStrength":0,"id":470,"palmNormal":[-0.107475,-0.843708,-0.525933],"palmPosition":[-8.42747,221.485,1.71638],"palmVelocity":[125.138,51.9948,16.3217],"palmWidth":89.1918,"pinchStrength":0.210805,"r":[[0.857577,0.510349,0.0640775],[-0.411854,0.755956,-0.508828],[-0.308119,0.409968,0.85848]],"s":2.0179,"sphereCenter":[-32.128,204.175,-34.5132],"sphereRadius":49.5347,"stabilizedPalmPosition":[-8.90372,221.271,1.66523],"t":[-15.3362,-71.7692,-38.1241],"timeVisible":18.9989,"type":"right","wrist":[-5.04313,196.553,49.0724]}],"id":1682859,"interactionBox":{"center":[0,200,0],"size":[235.247,235.247,147.751]},"pointables":[{"bases":[[[0.511236,0.801314,0.310699],[-0.78215,0.283961,0.554624],[0.356202,-0.526557,0.771918]],[[0.499198,0.81826,0.285046],[-0.698556,0.185415,0.691115],[0.51266,-0.544124,0.66416]],[[0.499198,0.81826,0.285046],[-0.862485,0.500821,0.0727896],[-0.0831964,-0.282184,0.955746]],[[0.499198,0.81826,0.285046],[-0.600403,0.563841,-0.567097],[-0.624754,0.111951,0.772755]]],"btipPosition":[-42.1186,223.163,-36.244],"carpPosition":[-34.1466,189.675,45.9246],"dipPosition":[-56.4511,225.731,-18.5162],"direction":[0.0831964,0.282184,-0.955746],"extended":false,"handId":470,"id":4700,"length":51.0864,"mcpPosition":[-34.1466,189.675,45.9246],"pipPosition":[-59.2316,216.3,13.4265],"stabilizedTipPosition":[-46.497,222.649,-32.6134],"timeVisible":18.9989,"tipPosition":[-45.1059,222.273,-32.8079],"tipVelocity":[108.231,108.765,45.9337],"tool":false,"touchDistance":0.0500565,"touchZone":"hovering","type":0,"width":19.8498},{"bases":[[[0.990735,-0.04671,-0.127525],[0.0939694,0.913701,0.395373],[0.0980514,-0.403693,0.909625]],[[0.990355,-0.0451733,-0.130986],[0.0928035,0.918242,0.384992],[0.102885,-0.393435,0.913577]],[[0.990355,-0.0451733,-0.130986],[0.0686729,0.981107,0.180865],[0.120341,-0.188116,0.974746]],[[0.990355,-0.0451733,-0.130986],[0.0470998,0.998822,0.0116461],[0.130305,-0.0177031,0.991316]]],"btipPosition":[-39.8061,260.655,-96.5611],"carpPosition":[-23.3686,210.22,47.2078],"dipPosition":[-37.6237,260.358,-79.9586],"direction":[-0.120341,0.188116,-0.974746],"extended":true,"handId":470,"id":4701,"length":57.6453,"mcpPosition":[-30.4397,239.332,-18.3904],"pipPosition":[-34.7725,255.901,-56.8642],"stabilizedTipPosition":[-39.8007,260.64,-92.7011],"timeVisible":18.9989,"tipPosition":[-39.0486,262.222,-92.2105],"tipVelocity":[122.784,-28.5723,-12.2747],"tool":false,"touchDistance":-0.180357,"touchZone":"touching","type":1,"width":18.9605},{"bases":[[[0.96424,-0.255896,-0.0689789],[0.262242,0.883566,0.387996],[-0.0383393,-0.392211,0.919076]],[[0.964911,-0.245608,-0.0928594],[0.0561424,0.538448,-0.840786],[0.256504,0.806071,0.533343]],[[0.964911,-0.245608,-0.0928594],[-0.245283,-0.716895,-0.652609],[0.0937157,0.652486,-0.751984]],[[0.964911,-0.245608,-0.0928594],[-0.254245,-0.962299,-0.0966498],[-0.0656204,0.116867,-0.990977]]],"btipPosition":[-22.3398,179.817,-3.01905],"carpPosition":[-11.439,211.42,45.8196],"dipPosition":[-23.5485,181.97,-21.2735],"direction":[-0.0937157,-0.652486,0.751984],"extended":false,"handId":470,"id":4702,"length":65.6822,"mcpPosition":[-8.817,238.243,-17.0352],"pipPosition":[-20.9363,200.158,-42.2346],"stabilizedTipPosition":[-28.873,177.54,-10.1588],"timeVisible":18.9989,"tipPosition":[-22.6464,180.194,-7.55823],"tipVelocity":[122.921,48.657,33.8921],"tool":false,"touchDistance":0.333333,"touchZone":"none","type":2,"width":18.6218},{"bases":[[[0.925558,-0.376698,0.0379714],[0.329107,0.850072,0.411177],[-0.187168,-0.368071,0.910764]],[[0.931492,-0.363706,0.00636247],[0.185957,0.461078,-0.867656],[0.312638,0.809398,0.497124]],[[0.931492,-0.363706,0.00636247],[-0.28176,-0.732461,-0.619768],[0.230074,0.575517,-0.784759]],[[0.931492,-0.363706,0.00636247],[-0.362224,-0.92902,-0.0756039],[0.0334085,0.0681198,-0.997118]]],"btipPosition":[-8.68145,179.725,6.4729],"carpPosition":[0.377966,209.449,44.5963],"dipPosition":[-8.06958,180.972,-11.7891],"direction":[-0.230074,-0.575517,0.784759],"extended":false,"handId":470,"id":4703,"length":63.1552,"mcpPosition":[11.8705,232.049,-11.3264],"pipPosition":[-1.82203,196.6,-33.0988],"stabilizedTipPosition":[-14.4883,177.407,-0.184385],"timeVisible":18.9989,"tipPosition":[-8.64212,179.931,1.96703],"tipVelocity":[123.305,52.2146,34.4289],"tool":false,"touchDistance":0.333333,"touchZone":"none","type":3,"width":17.7198},{"bases":[[[0.830488,-0.55201,0.0746634],[0.451221,0.745253,0.490915],[-0.326633,-0.37401,0.868002]],[[0.817814,-0.56549,0.106776],[0.404617,0.433075,-0.805438],[0.409225,0.701902,0.582982]],[[0.817814,-0.56549,0.106776],[-0.344088,-0.629214,-0.696917],[0.461285,0.533208,-0.709158]],[[0.817814,-0.56549,0.106776],[-0.543886,-0.820126,-0.177709],[0.188062,0.0872585,-0.978273]]],"btipPosition":[3.29643,185.727,3.45577],"carpPosition":[10.9362,200.494,42.8735],"dipPosition":[6.47396,187.201,-13.0733],"direction":[-0.461285,-0.533208,0.709158],"extended":false,"handId":470,"id":4704,"length":49.5125,"mcpPosition":[29.5017,221.752,-6.46307],"pipPosition":[15.3178,197.424,-26.6694],"stabilizedTipPosition":[-1.02376,184.075,-1.93569],"timeVisible":18.9989,"tipPosition":[3.84163,186.078,-0.34808],"tipVelocity":[123.824,50.277,30.1253],"tool":false,"touchDistance":0.333333,"touchZone":"none","type":4,"width":15.7401}],"r":[[0.857577,0.510349,0.0640775],[-0.411854,0.755956,-0.508828],[-0.308119,0.409968,0.85848]],"s":2.0179,"t":[-15.3362,-71.7692,-38.1241],"timestamp":93451304807},true],[2,{"currentFrameRate":55.3265,"devices":[],"gestures":[],"hands":[{"armBasis":[[0.9771,-0.0612424,-0.203775],[0.114723,0.958192,0.262119],[0.179203,-0.279494,0.943276]],"armWidth":62.4607,"confidence":0.781212,"direction":[0.0878704,0.519885,-0.849705],"elbow":[44.7363,124.497,299.066],"grabStrength":0,"id":470,"palmNormal":[-0.093528,-0.844931,-0.526635],"palmPosition":[-5.84747,223.349,2.01604],"palmVelocity":[133.265,76.1732,16.414],"palmWidth":89.1918,"pinchStrength":0.189035,"r":[[0.857739,0.510532,0.0603364],[-0.412548,0.753598,-0.511757],[-0.306738,0.414062,0.857009]],"s":2.01979,"sphereCenter":[-29.2217,205.68,-34.5201],"sphereRadius":49.6833,"stabilizedPalmPosition":[-6.15631,223.139,1.98059],"t":[-12.9176,-70.365,-37.8328],"timeVisible":19.017,"type":"right","wrist":[-2.69232,198.469,49.4148]}],"id":1682860,"interactionBox":{"center":[0,200,0],"size":[235.247,235.247,147.751]},"pointables":[{"bases":[[[0.49987,0.806575,0.315542],[-0.790605,0.276172,0.546509],[0.353657,-0.522652,0.775733]],[[0.492025,0.8178,0.29852],[-0.703857,0.171883,0.689232],[0.512344,-0.549236,0.660185]],[[0.492025,0.8178,0.29852],[-0.866529,0.493087,0.0774079],[-0.0838924,-0.296763,0.951259]],[[0.492025,0.8178,0.29852],[-0.603562,0.567547,-0.560003],[-0.627394,0.09536,0.772841]]],"btipPosition":[-39.5634,225.899,-35.8523],"carpPosition":[-31.6908,191.294,45.9738],"dipPosition":[-53.9565,228.087,-18.1225],"direction":[0.0838924,0.296763,-0.951259],"extended":false,"handId":470,"id":4700,"length":51.0864,"mcpPosition":[-31.6908,191.294,45.9738],"pipPosition":[-56.7603,218.169,13.6703],"stabilizedTipPosition":[-43.6706,225.577,-31.9589],"timeVisible":19.017,"tipPosition":[-42.464,224.804,-32.433],"tipVelocity":[123.395,126.508,34.3465],"tool":false,"touchDistance":0.0768923,"touchZone":"hovering","type":0,"width":19.8498},{"bases":[[[0.992406,-0.0366721,-0.11741],[0.0806422,0.91474,0.395914],[0.0928808,-0.402376,0.910751]],[[0.992121,-0.0354549,-0.120164],[0.078928,0.921738,0.379696],[0.097298,-0.386189,0.917274]],[[0.992121,-0.0354549,-0.120164],[0.0560323,0.983421,0.172462],[0.112058,-0.177836,0.977659]],[[0.992121,-0.0354549,-0.120164],[0.0358653,0.999356,0.00125387],[0.120042,-0.00555372,0.992753]]],"btipPosition":[-36.597,261.535,-96.741],"carpPosition":[-21.1359,211.947,47.3578],"dipPosition":[-34.5866,261.442,-80.1144],"direction":[-0.112058,0.177836,-0.977659],"extended":true,"handId":470,"id":4701,"length":57.6453,"mcpPosition":[-27.8341,240.965,-18.3216],"pipPosition":[-31.9316,257.229,-56.951],"stabilizedTipPosition":[-36.5107,261.424,-92.8947],"timeVisible":19.017,"tipPosition":[-35.9366,263.17,-92.3859],"tipVelocity":[147.513,9.39267,-11.0047],"tool":false,"touchDistance":-0.188006,"touchZone":"touching","type":1,"width":18.9605},{"bases":[[[0.967445,-0.246097,-0.059047],[0.249279,0.886315,0.390264],[-0.0437088,-0.392278,0.918807]],[[0.968253,-0.235849,-0.0828385],[0.059204,0.538325,-0.840655],[0.242861,0.809063,0.535197]],[[0.968253,-0.235849,-0.0828385],[-0.231343,-0.719919,-0.654368],[0.0946947,0.652758,-0.751625]],[[0.968253,-0.235849,-0.0828385],[-0.243454,-0.964905,-0.0984281],[-0.0567172,0.115471,-0.99169]]],"btipPosition":[-19.2858,181.547,-2.81408],"carpPosition":[-9.20555,213.268,46.0907],"dipPosition":[-20.3306,183.674,-21.0816],"direction":[-0.0946947,-0.652758,0.751625],"extended":false,"handId":470,"id":4702,"length":65.6822,"mcpPosition":[-6.21634,240.096,-16.7458],"pipPosition":[-17.691,201.869,-42.0327],"stabilizedTipPosition":[-26.1015,178.874,-9.22678],"timeVisible":19.017,"tipPosition":[-19.5497,181.918,-7.35951],"tipVelocity":[145.541,70.7468,23.047],"tool":false,"touchDistance":0.333333,"touchZone":"none","type":2,"width":18.6218},{"bases":[[[0.928905,-0.367251,0.0475561],[0.316241,0.853511,0.414139],[-0.192683,-0.369657,0.90897]],[[0.935021,-0.35423,0.01605],[0.190073,0.462475,-0.866019],[0.299347,0.812796,0.499753]],[[0.935021,-0.35423,0.01605],[-0.268016,-0.73564,-0.622094],[0.232171,0.577369,-0.782778]],[[0.935021,-0.35423,0.01605],[-0.351995,-0.932688,-0.0786984],[0.042847,0.0679351,-0.996769]]],"btipPosition":[-5.72582,181.595,6.80003],"carpPosition":[2.64268,211.417,44.9886],"dipPosition":[-4.94109,182.839,-11.4555],"direction":[-0.232171,-0.577369,0.782778],"extended":false,"handId":470,"id":4703,"length":63.1552,"mcpPosition":[14.4738,234.115,-10.824],"pipPosition":[1.36341,198.517,-32.7115],"stabilizedTipPosition":[-11.7294,178.787,0.674973],"timeVisible":19.017,"tipPosition":[-5.64097,181.799,2.29475],"tipVelocity":[143.214,76.4216,26.6538],"tool":false,"touchDistance":0.333333,"touchZone":"none","type":3,"width":17.7198},{"bases":[[[0.835254,-0.543509,0.083354],[0.438596,0.749965,0.495162],[-0.331638,-0.377027,0.864793]],[[0.822447,-0.557052,0.11521],[0.408303,0.437082,-0.801404],[0.396067,0.706153,0.586923]],[[0.822447,-0.557052,0.11521],[-0.330544,-0.632837,-0.700184],[0.462949,0.537783,-0.704605]],[[0.822447,-0.557052,0.11521],[-0.533633,-0.8257,-0.182908],[0.197018,0.0889519,-0.976356]]],"btipPosition":[6.22592,187.711,3.88564],"carpPosition":[13.3084,202.57,43.3773],"dipPosition":[9.55477,189.213,-12.611],"direction":[-0.462949,-0.537783,0.704605],"extended":false,"handId":470,"id":4704,"length":49.5125,"mcpPosition":[32.1584,224,-5.77691],"pipPosition":[18.4305,199.524,-26.1199],"stabilizedTipPosition":[1.7879,185.471,-1.22461],"timeVisible":19.017,"tipPosition":[6.80623,188.067,0.0891952],"tipVelocity":[142.669,78.5838,27.2557],"tool":false,"touchDistance":0.333333,"touchZone":"none","type":4,"width":15.7401}],"r":[[0.857739,0.510532,0.0603364],[-0.412548,0.753598,-0.511757],[-0.306738,0.414062,0.857009]],"s":2.01979,"t":[-12.9176,-70.365,-37.8328],"timestamp":93451322951},true],[3,{"currentFrameRate":55.3369,"devices":[],"gestures":[],"hands":[{"armBasis":[[0.978179,-0.0521316,-0.201116],[0.105279,0.958899,0.263493],[0.179114,-0.278917,0.943464]],"armWidth":62.4607,"confidence":0.787022,"direction":[0.0916612,0.521493,-0.848318],"elbow":[46.8798,126.289,299.488],"grabStrength":0,"id":470,"palmNormal":[-0.0824976,-0.844999,-0.528366],"palmPosition":[-3.43778,225.018,2.38849],"palmVelocity":[133.43,83.9437,18.4244],"palmWidth":89.1918,"pinchStrength":0.170275,"r":[[0.857001,0.511926,0.0590005],[-0.413293,0.751199,-0.514674],[-0.307796,0.416692,0.855354]],"s":2.02185,"sphereCenter":[-26.5794,207.149,-34.441],"sphereRadius":49.8244,"stabilizedPalmPosition":[-3.62765,224.887,2.36],"t":[-10.5034,-68.8283,-37.5009],"timeVisible":19.0351,"type":"right","wrist":[-0.525249,200.108,49.787]}],"id":1682861,"interactionBox":{"center":[0,200,0],"size":[235.247,235.247,147.751]},"pointables":[{"bases":[[[0.491,0.8099,0.320906],[-0.797529,0.269675,0.539651],[0.350523,-0.5209,0.778329]],[[0.48691,0.815875,0.311876],[-0.708418,0.160009,0.687416],[0.510943,-0.555648,0.65589]],[[0.48691,0.815875,0.311876],[-0.869292,0.487456,0.0819669],[-0.085151,-0.311021,0.946581]],[[0.48691,0.815875,0.311876],[-0.604565,0.57251,-0.553836],[-0.630413,0.0811192,0.77201]]],"btipPosition":[-37.1302,228.444,-35.3637],"carpPosition":[-29.4374,192.722,46.0768],"dipPosition":[-51.5925,230.305,-17.653],"direction":[0.085151,0.311022,-0.946581],"extended":false,"handId":470,"id":4700,"length":51.0864,"mcpPosition":[-29.4374,192.722,46.0768],"pipPosition":[-54.4384,219.91,13.9834],"stabilizedTipPosition":[-40.9654,228.351,-31.3961],"timeVisible":19.0351,"tipPosition":[-39.9928,227.199,-31.9685],"tipVelocity":[128.442,131.465,30.7881],"tool":false,"touchDistance":0.105129,"touchZone":"hovering","type":0,"width":19.8498},{"bases":[[[0.993669,-0.0291742,-0.108491],[0.0702724,0.91486,0.39761],[0.0876544,-0.402716,0.911118]],[[0.993456,-0.0282057,-0.110682],[0.0681955,0.923829,0.376682],[0.0916266,-0.381765,0.919706]],[[0.993456,-0.0282057,-0.110682],[0.0466447,0.984729,0.167728],[0.104261,-0.171793,0.9796]],[[0.993456,-0.0282057,-0.110682],[0.0278812,0.999601,-0.00447847],[0.110764,0.00136322,0.993846]]],"btipPosition":[-33.5544,262.619,-96.7138],"carpPosition":[-19.0492,213.452,47.5782],"dipPosition":[-31.6994,262.642,-80.069],"direction":[-0.104261,0.171793,-0.9796],"extended":true,"handId":470,"id":4701,"length":57.6453,"mcpPosition":[-25.3704,242.494,-18.1277],"pipPosition":[-29.2291,258.571,-56.8596],"stabilizedTipPosition":[-33.357,262.543,-92.8861],"timeVisible":19.0351,"tipPosition":[-32.974,264.27,-92.3606],"tipVelocity":[156.627,34.1396,-4.95902],"tool":false,"touchDistance":-0.193256,"touchZone":"touching","type":1,"width":18.9605},{"bases":[[[0.969739,-0.238845,-0.050581],[0.23916,0.887693,0.393451],[-0.0490735,-0.393642,0.917953]],[[0.970683,-0.228599,-0.0742721],[0.0627623,0.539338,-0.839747],[0.232023,0.810467,0.537874]],[[0.970683,-0.228599,-0.0742721],[-0.220103,-0.721202,-0.656828],[0.0965851,0.653919,-0.750374]],[[0.970683,-0.228599,-0.0742721],[-0.23539,-0.966609,-0.101288],[-0.0486378,0.115801,-0.992081]]],"btipPosition":[-16.5208,183.13,-2.58031],"carpPosition":[-7.11802,214.863,46.4201],"dipPosition":[-17.4168,185.263,-20.855],"direction":[-0.0965851,-0.653919,0.750374],"extended":false,"handId":470,"id":4702,"length":65.6822,"mcpPosition":[-3.76192,241.783,-16.3579],"pipPosition":[-14.7245,203.491,-41.7713],"stabilizedTipPosition":[-22.782,180.554,-8.36162],"timeVisible":19.0351,"tipPosition":[-16.7462,183.504,-7.13019],"tipVelocity":[150.128,78.8502,18.219],"tool":false,"touchDistance":0.333333,"touchZone":"none","type":2,"width":18.6218},{"bases":[[[0.931142,-0.360404,0.0555396],[0.306146,0.85536,0.417893],[-0.198117,-0.372115,0.906797]],[[0.937423,-0.347349,0.0242159],[0.194812,0.465572,-0.863302],[0.288593,0.813997,0.504106]],[[0.937423,-0.347349,0.0242159],[-0.256689,-0.736392,-0.62597],[0.235262,0.580583,-0.779471]],[[0.937423,-0.347349,0.0242159],[-0.344345,-0.935131,-0.0834035],[0.0516152,0.0698458,-0.996222]]],"btipPosition":[-3.05526,183.254,7.0775],"carpPosition":[4.7531,213.1,45.4231],"dipPosition":[-2.10994,184.533,-11.168],"direction":[-0.235262,-0.580583,0.779471],"extended":false,"handId":470,"id":4703,"length":63.1552,"mcpPosition":[16.9179,235.949,-10.2561],"pipPosition":[4.27849,200.299,-32.3342],"stabilizedTipPosition":[-8.5099,180.511,1.47375],"timeVisible":19.0351,"tipPosition":[-2.9251,183.471,2.60309],"tipVelocity":[146.492,84.0303,21.3681],"tool":false,"touchDistance":0.333333,"touchZone":"none","type":3,"width":17.7198},{"bases":[[[0.838484,-0.537392,0.0903015],[0.428531,0.752632,0.499905],[-0.336609,-0.380465,0.86136]],[[0.825579,-0.55098,0.12182],[0.412164,0.44135,-0.797077],[0.385408,0.70826,0.591463]],[[0.825579,-0.55098,0.12182],[-0.319455,-0.634314,-0.703984],[0.465153,0.542279,-0.69969]],[[0.825579,-0.55098,0.12182],[-0.525729,-0.829462,-0.188686],[0.205007,0.0917311,-0.974452]]],"btipPosition":[8.89067,189.464,4.31822],"carpPosition":[15.4983,204.334,43.8985],"dipPosition":[12.3545,191.014,-12.1463],"direction":[-0.465153,-0.542279,0.69969],"extended":false,"handId":470,"id":4704,"length":49.5125,"mcpPosition":[34.6309,225.96,-5.06055],"pipPosition":[21.2725,201.411,-25.5609],"stabilizedTipPosition":[4.93186,187.202,-0.525729],"timeVisible":19.0351,"tipPosition":[9.50206,189.831,0.531685],"tipVelocity":[145.898,87.722,25.899],"tool":false,"touchDistance":0.333333,"touchZone":"none","type":4,"width":15.7401}],"r":[[0.857001,0.511926,0.0590005],[-0.413293,0.751199,-0.514674],[-0.307796,0.416692,0.855354]],"s":2.02185,"t":[-10.5034,-68.8283,-37.5009],"timestamp":93451340986},true],[4,{"currentFrameRate":55.3396,"devices":[],"gestures":[],"hands":[{"armBasis":[[0.979896,-0.0447688,-0.194419],[0.0978082,0.957154,0.272562],[0.173887,-0.286098,0.94229]],"armWidth":62.4607,"confidence":0.801436,"direction":[0.0958209,0.523213,-0.846798],"elbow":[47.3278,126.03,299.487],"grabStrength":0,"id":470,"palmNormal":[-0.0739851,-0.844616,-0.530236],"palmPosition":[-1.35211,226.717,2.71292],"palmVelocity":[124.905,88.7328,18.2054],"palmWidth":89.1918,"pinchStrength":0.146563,"r":[[0.855798,0.513883,0.0594513],[-0.413811,0.749006,-0.517446],[-0.310436,0.418228,0.853648]],"s":2.02421,"sphereCenter":[-24.3337,208.695,-34.4043],"sphereRadius":49.9807,"stabilizedPalmPosition":[-1.46021,226.63,2.69615],"t":[-8.2535,-67.2109,-37.1727],"timeVisible":19.0531,"type":"right","wrist":[1.30626,201.75,50.0971]}],"id":1682862,"interactionBox":{"center":[0,200,0],"size":[235.247,235.247,147.751]},"pointables":[{"bases":[[[0.48431,0.811888,0.32601],[-0.803183,0.264843,0.533624],[0.346902,-0.520285,0.78036]],[[0.484505,0.811594,0.326449],[-0.711661,0.14867,0.686612],[0.508717,-0.564988,0.649612]],[[0.484505,0.811594,0.326449],[-0.870621,0.483744,0.089498],[-0.0852819,-0.327576,0.940968]],[[0.484505,0.811594,0.326449],[-0.607041,0.580627,-0.542562],[-0.629885,0.0647057,0.773988]]],"btipPosition":[-35.1291,231.334,-34.8468],"carpPosition":[-27.5375,194.224,46.1443],"dipPosition":[-49.5793,232.818,-17.0907],"direction":[0.0852819,0.327576,-0.940968],"extended":false,"handId":470,"id":4700,"length":51.0864,"mcpPosition":[-27.5375,194.224,46.1443],"pipPosition":[-52.4296,221.87,14.3581],"stabilizedTipPosition":[-38.7332,231.304,-30.8336],"timeVisible":19.0531,"tipPosition":[-37.9312,229.893,-31.4602],"tipVelocity":[120.135,142.725,30.0338],"tool":false,"touchDistance":0.132376,"touchZone":"hovering","type":0,"width":19.8498},{"bases":[[[0.994642,-0.023999,-0.100557],[0.0624555,0.914609,0.399487],[0.0823826,-0.403627,0.911207]],[[0.994519,-0.0234018,-0.101905],[0.0599806,0.926004,0.372717],[0.0856419,-0.376787,0.922332]],[[0.994519,-0.0234018,-0.101905],[0.0397421,0.986088,0.161406],[0.0967097,-0.164571,0.981613]],[[0.994519,-0.0234018,-0.101905],[0.0222736,0.999678,-0.0121953],[0.102157,0.00985863,0.994719]]],"btipPosition":[-30.8166,263.714,-96.7123],"carpPosition":[-17.2666,215.004,47.7591],"dipPosition":[-29.1057,263.879,-80.0528],"direction":[-0.0967097,0.164571,-0.981613],"extended":true,"handId":470,"id":4701,"length":57.6453,"mcpPosition":[-23.2077,244.112,-17.9532],"pipPosition":[-26.8143,259.98,-56.7957],"stabilizedTipPosition":[-30.55,263.699,-92.8808],"timeVisible":19.0531,"tipPosition":[-30.3141,265.415,-92.3548],"tipVelocity":[153.363,47.5765,-2.47428],"tool":false,"touchDistance":-0.198634,"touchZone":"touching","type":1,"width":18.9605},{"bases":[[[0.971309,-0.233874,-0.0431443],[0.231506,0.888301,0.396644],[-0.0544398,-0.395252,0.916958]],[[0.972388,-0.223634,-0.066708],[0.0665568,0.539725,-0.839206],[0.223679,0.811594,0.539706]],[[0.972388,-0.223634,-0.066708],[-0.211298,-0.722333,-0.658475],[0.0990719,0.654388,-0.749641]],[[0.972388,-0.223634,-0.066708],[-0.229669,-0.967747,-0.103526],[-0.0414046,0.115988,-0.992387]]],"btipPosition":[-14.1779,184.784,-2.33492],"carpPosition":[-5.33383,216.477,46.6988],"dipPosition":[-14.9406,186.921,-20.6153],"direction":[-0.0990719,-0.654388,0.749641],"extended":false,"handId":470,"id":4702,"length":65.6822,"mcpPosition":[-1.61073,243.508,-16.0111],"pipPosition":[-12.1791,205.162,-41.5111],"stabilizedTipPosition":[-19.3647,182.469,-7.62281],"timeVisible":19.0531,"tipPosition":[-14.3703,185.161,-6.90522],"tipVelocity":[141.242,84.9312,15.985],"tool":false,"touchDistance":0.333333,"touchZone":"none","type":2,"width":18.6218},{"bases":[[[0.932477,-0.355784,0.0624867],[0.298457,0.856269,0.421577],[-0.203496,-0.374461,0.904637]],[[0.938908,-0.34273,0.0314201],[0.20014,0.469443,-0.859981],[0.279992,0.813732,0.509358]],[[0.938908,-0.34273,0.0314201],[-0.247425,-0.73563,-0.630579],[0.239232,0.584282,-0.775489]],[[0.938908,-0.34273,0.0314201],[-0.338931,-0.936626,-0.0886405],[0.0598087,0.0725761,-0.995568]]],"btipPosition":[-0.805583,184.935,7.23141],"carpPosition":[6.55366,214.776,45.7945],"dipPosition":[0.289798,186.264,-11.0022],"direction":[-0.239232,-0.584282,0.775489],"extended":false,"handId":470,"id":4703,"length":63.1552,"mcpPosition":[19.0487,237.769,-9.75206],"pipPosition":[6.78603,202.13,-32.0602],"stabilizedTipPosition":[-5.2464,182.451,2.11525],"timeVisible":19.0531,"tipPosition":[-0.631029,185.171,2.81562],"tipVelocity":[136.984,88.6225,15.3398],"tool":false,"touchDistance":0.333333,"touchZone":"none","type":3,"width":17.7198},{"bases":[[[0.84044,-0.533289,0.0962473],[0.420699,0.754039,0.504419],[-0.341575,-0.383443,0.858078]],[[0.827533,-0.546812,0.127226],[0.41507,0.443307,-0.794478],[0.37803,0.710265,0.593816]],[[0.827533,-0.546812,0.127226],[-0.311211,-0.635404,-0.706689],[0.467266,0.545214,-0.695992]],[[0.827533,-0.546812,0.127226],[-0.519832,-0.831894,-0.194236],[0.212049,0.0946005,-0.972669]]],"btipPosition":[11.1258,191.192,4.76717],"carpPosition":[17.3549,206.066,44.3435],"dipPosition":[14.7086,192.79,-11.6672],"direction":[-0.467266,-0.545214,0.695992],"extended":false,"handId":470,"id":4704,"length":49.5125,"mcpPosition":[36.7698,227.861,-4.42903],"pipPosition":[23.6672,203.243,-25.0109],"stabilizedTipPosition":[8.00229,189.108,0.136219],"timeVisible":19.0531,"tipPosition":[11.7785,191.58,0.956622],"tipVelocity":[136.102,91.7701,25.5864],"tool":false,"touchDistance":0.333333,"touchZone":"none","type":4,"width":15.7401}],"r":[[0.855798,0.513883,0.0594513],[-0.413811,0.749006,-0.517446],[-0.310436,0.418228,0.853648]],"s":2.02421,"t":[-8.2535,-67.2109,-37.1727],"timestamp":93451359047},true],[5,{"currentFrameRate":55.342,"devices":[],"gestures":[],"hands":[{"armBasis":[[0.982327,-0.0329876,-0.184244],[0.0849148,0.955763,0.281614],[0.166804,-0.292282,0.941673]],"armWidth":62.4607,"confidence":0.810843,"direction":[0.0967784,0.534019,-0.839915],"elbow":[47.4403,126.036,299.341],"grabStrength":0,"id":470,"palmNormal":[-0.0600542,-0.839206,-0.540488],"palmPosition":[0.738228,228.874,2.99954],"palmVelocity":[120.551,103.321,17.0961],"palmWidth":89.1918,"pinchStrength":0.133534,"r":[[0.853563,0.517238,0.0624044],[-0.41505,0.747502,-0.518627],[-0.314901,0.41678,0.85272]],"s":2.02616,"sphereCenter":[-21.6986,210.849,-34.5747],"sphereRadius":50.0145,"stabilizedPalmPosition":[0.667474,228.802,2.98978],"t":[-6.08338,-65.3234,-36.8653],"timeVisible":19.0712,"type":"right","wrist":[3.29326,203.393,50.1146]}],"id":1682863,"interactionBox":{"center":[0,200,0],"size":[235.247,235.247,147.751]},"pointables":[{"bases":[[[0.472377,0.813467,0.339309],[-0.810469,0.249587,0.52995],[0.34641,-0.525335,0.777189]],[[0.474809,0.809741,0.344783],[-0.717414,0.129188,0.684564],[0.509778,-0.572389,0.642259]],[[0.474809,0.809741,0.344783],[-0.875811,0.473314,0.0944989],[-0.0866707,-0.346833,0.933914]],[[0.474809,0.809741,0.344783],[-0.613185,0.585393,-0.530395],[-0.631316,0.0404209,0.774471]]],"btipPosition":[-32.9942,234.261,-34.57],"carpPosition":[-25.4299,195.589,45.8367],"dipPosition":[-47.4772,235.188,-16.8028],"direction":[0.0866707,0.346833,-0.933914],"extended":false,"handId":470,"id":4700,"length":51.0864,"mcpPosition":[-25.4299,195.589,45.8367],"pipPosition":[-50.3739,223.596,14.4102],"stabilizedTipPosition":[-36.5091,234.232,-30.5103],"timeVisible":19.0712,"tipPosition":[-35.7853,232.723,-31.1705],"tipVelocity":[119.021,148.542,23.1146],"tool":false,"touchDistance":0.154489,"touchZone":"hovering","type":0,"width":19.8498},{"bases":[[[0.995638,-0.0116265,-0.0925742],[0.0487975,0.910572,0.410459],[0.0795233,-0.413186,0.907168]],[[0.995624,-0.0115561,-0.0927286],[0.0458185,0.925223,0.376648],[0.0814421,-0.379248,0.921704]],[[0.995624,-0.0115561,-0.0927286],[0.0265934,0.986331,0.162613],[0.089582,-0.164368,0.982323]],[[0.995624,-0.0115561,-0.0927286],[0.0104041,0.999863,-0.0128972],[0.0928649,0.011876,0.995608]]],"btipPosition":[-28.2517,265.927,-96.4105],"carpPosition":[-15.4093,216.463,47.7748],"dipPosition":[-26.6964,266.125,-79.7361],"direction":[-0.089582,0.164368,-0.982323],"extended":true,"handId":470,"id":4701,"length":57.6453,"mcpPosition":[-21.1442,246.26,-17.6462],"pipPosition":[-24.574,262.231,-56.4622],"stabilizedTipPosition":[-27.9675,265.909,-92.5838],"timeVisible":19.0712,"tipPosition":[-27.8471,267.672,-92.0274],"tipVelocity":[147.031,83.376,6.72704],"tool":false,"touchDistance":-0.199732,"touchZone":"touching","type":1,"width":18.9605},{"bases":[[[0.974223,-0.222401,-0.0377692],[0.218154,0.886205,0.408716],[-0.0574279,-0.40642,0.91188]],[[0.975376,-0.211898,-0.061159],[0.0672843,0.549982,-0.832462],[0.210033,0.807848,0.550697]],[[0.975376,-0.211898,-0.061159],[-0.197701,-0.717138,-0.668302],[0.0977523,0.663937,-0.741372]],[[0.975376,-0.211898,-0.061159],[-0.217815,-0.969029,-0.116357],[-0.0346091,0.126813,-0.991323]]],"btipPosition":[-11.5692,186.865,-2.62529],"carpPosition":[-3.48576,218.082,46.8306],"dipPosition":[-12.2067,189.201,-20.8861],"direction":[-0.0977523,-0.663937,0.741372],"extended":false,"handId":470,"id":4702,"length":65.6822,"mcpPosition":[0.441686,245.877,-15.5321],"pipPosition":[-9.48193,207.707,-41.5514],"stabilizedTipPosition":[-15.8548,184.732,-7.25684],"timeVisible":19.0712,"tipPosition":[-11.7281,187.292,-7.19062],"tipVelocity":[143.518,100.502,0.876864],"tool":false,"touchDistance":0.333333,"touchZone":"none","type":2,"width":18.6218},{"bases":[[[0.935918,-0.345954,0.0661305],[0.285258,0.854644,0.433834],[-0.206605,-0.387169,0.898563]],[[0.942446,-0.332489,0.0353108],[0.201877,0.481658,-0.85279],[0.266535,0.810837,0.521059]],[[0.942446,-0.332489,0.0353108],[-0.233861,-0.730968,-0.641089],[0.238966,0.595934,-0.766654]],[[0.942446,-0.332489,0.0353108],[-0.327543,-0.939287,-0.102253],[0.0671649,0.084802,-0.994132]]],"btipPosition":[1.72077,187.051,7.03656],"carpPosition":[8.42726,216.526,46.0054],"dipPosition":[2.95088,188.604,-11.1707],"direction":[-0.238966,-0.595934,0.766654],"extended":false,"handId":470,"id":4703,"length":63.1552,"mcpPosition":[21.1132,240.299,-9.16822],"pipPosition":[9.43988,204.787,-31.9888],"stabilizedTipPosition":[-1.90698,184.734,2.45316],"timeVisible":19.0712,"tipPosition":[1.93051,187.342,2.63077],"tipVelocity":[139.174,103.54,3.09012],"tool":false,"touchDistance":0.333333,"touchZone":"none","type":3,"width":17.7198},{"bases":[[[0.845631,-0.524864,0.0970879],[0.407974,0.752846,0.516508],[-0.344189,-0.397166,0.85076]],[[0.832798,-0.538715,0.127413],[0.415423,0.456056,-0.787043],[0.365884,0.708378,0.603597]],[[0.832798,-0.538715,0.127413],[-0.299012,-0.631452,-0.715444],[0.465875,0.557722,-0.686954]],[[0.832798,-0.538715,0.127413],[-0.508779,-0.835557,-0.207335],[0.218155,0.107843,-0.969937]]],"btipPosition":[13.6022,193.463,4.82529],"carpPosition":[19.3383,207.956,44.5441],"dipPosition":[17.2881,195.285,-11.5629],"direction":[-0.465875,-0.557722,0.686954],"extended":false,"handId":470,"id":4704,"length":49.5125,"mcpPosition":[38.9017,230.53,-3.81245],"pipPosition":[26.22,205.978,-24.7334],"stabilizedTipPosition":[11.1176,191.415,0.580629],"timeVisible":19.0712,"tipPosition":[14.2868,193.905,0.996518],"tipVelocity":[137.205,109.261,15.2426],"tool":false,"touchDistance":0.333333,"touchZone":"none","type":4,"width":15.7401}],"r":[[0.853563,0.517238,0.0624044],[-0.41505,0.747502,-0.518627],[-0.314901,0.41678,0.85272]],"s":2.02616,"t":[-6.08338,-65.3234,-36.8653],"timestamp":93451377108},true],[6,{"currentFrameRate":55.3324,"devices":[],"gestures":[],"hands":[{"armBasis":[[0.98465,-0.0251543,-0.17272],[0.0745233,0.955416,0.285702],[0.157833,-0.294188,0.942625]],"armWidth":62.4607,"confidence":0.811475,"direction":[0.097375,0.540648,-0.835594],"elbow":[46.8445,127.231,299.544],"grabStrength":0,"id":470,"palmNormal":[-0.0487891,-0.835982,-0.546584],"palmPosition":[2.59187,230.873,3.10881],"palmVelocity":[111.905,106.681,11.8337],"palmWidth":89.1918,"pinchStrength":0.100633,"r":[[0.850718,0.521386,0.0665978],[-0.416718,0.746242,-0.519104],[-0.320352,0.413859,0.852113]],"s":2.02889,"sphereCenter":[-19.6065,212.745,-34.8431],"sphereRadius":50.1855,"stabilizedPalmPosition":[2.55163,230.829,3.10632],"t":[-4.0715,-63.3804,-36.657],"timeVisible":19.0893,"type":"right","wrist":[5.07178,205.092,50.0649]}],"id":1682864,"interactionBox":{"center":[0,200,0],"size":[235.247,235.247,147.751]},"pointables":[{"bases":[[[0.462643,0.815401,0.34797],[-0.816189,0.238511,0.526258],[0.346117,-0.527479,0.775867]],[[0.469493,0.804656,0.363464],[-0.718834,0.109311,0.686533],[0.512692,-0.583593,0.629735]],[[0.469493,0.804656,0.363464],[-0.879262,0.463603,0.10941],[-0.0804653,-0.370947,0.925161]],[[0.469493,0.804656,0.363464],[-0.629073,0.593701,-0.501783],[-0.619551,0.00693802,0.784926]]],"btipPosition":[-31.7339,237.85,-34.1975],"carpPosition":[-23.5498,197.055,45.5436],"dipPosition":[-45.9471,238.009,-16.1905],"direction":[0.0804653,0.370947,-0.925161],"extended":false,"handId":470,"id":4700,"length":51.0864,"mcpPosition":[-23.5498,197.055,45.5436],"pipPosition":[-48.6364,225.611,14.73],"stabilizedTipPosition":[-35.0809,237.697,-30.0794],"timeVisible":19.0893,"tipPosition":[-34.3013,235.983,-30.7516],"tipVelocity":[97.1418,167.534,23.3554],"tool":false,"touchDistance":0.177458,"touchZone":"hovering","type":0,"width":19.8498},{"bases":[[[0.996289,-0.00188139,-0.086053],[0.0377304,0.908135,0.416974],[0.0773633,-0.418673,0.904836]],[[0.996405,-0.00251473,-0.0846842],[0.0341471,0.926695,0.37426],[0.0775352,-0.375806,0.923449]],[[0.996405,-0.00251473,-0.0846842],[0.0157477,0.987638,0.155961],[0.0832451,-0.156734,0.984126]],[[0.996405,-0.00251473,-0.0846842],[0.000625726,0.999751,-0.0223256],[0.0847192,0.0221923,0.996158]]],"btipPosition":[-25.9699,267.367,-96.4521],"carpPosition":[-13.7344,218.006,47.6904],"dipPosition":[-24.551,267.739,-79.7685],"direction":[-0.0832451,0.156734,-0.984126],"extended":true,"handId":470,"id":4701,"length":57.6453,"mcpPosition":[-19.3135,248.199,-17.5624],"pipPosition":[-22.5787,264.026,-56.4519],"stabilizedTipPosition":[-25.6836,267.426,-92.6143],"timeVisible":19.0893,"tipPosition":[-25.6592,269.222,-92.0468],"tipVelocity":[136.212,82.6116,2.48829],"tool":false,"touchDistance":-0.205308,"touchZone":"touching","type":1,"width":18.9605},{"bases":[[[0.976453,-0.213215,-0.0328298],[0.207311,0.885331,0.416187],[-0.0596722,-0.413193,0.908686]],[[0.977662,-0.202559,-0.0561013],[0.0677744,0.55647,-0.828099],[0.198957,0.805798,0.557768]],[[0.977662,-0.202559,-0.0561013],[-0.186681,-0.714186,-0.674603],[0.0965799,0.670007,-0.736046]],[[0.977662,-0.202559,-0.0561013],[-0.208144,-0.970147,-0.124466],[-0.0292148,0.133363,-0.990637]]],"btipPosition":[-9.29359,188.794,-2.89637],"carpPosition":[-1.82028,219.741,46.8363],"dipPosition":[-9.83175,191.251,-21.1445],"direction":[-0.0965799,-0.670007,0.736046],"extended":false,"handId":470,"id":4702,"length":65.6822,"mcpPosition":[2.26066,247.999,-15.308],"pipPosition":[-7.13964,209.927,-41.6614],"stabilizedTipPosition":[-12.6161,187.06,-7.17463],"timeVisible":19.0893,"tipPosition":[-9.42538,189.252,-7.44884],"tipVelocity":[135.633,104.112,-6.58708],"tool":false,"touchDistance":0.333333,"touchZone":"none","type":2,"width":18.6218},{"bases":[[[0.938604,-0.337826,0.0699689],[0.274537,0.854212,0.441532],[-0.208929,-0.395215,0.894513]],[[0.945205,-0.324102,0.0393144],[0.203083,0.489394,-0.848087],[0.255626,0.8096,0.528397]],[[0.945205,-0.324102,0.0393144],[-0.222894,-0.728605,-0.647652],[0.23855,0.603401,-0.760921]],[[0.945205,-0.324102,0.0393144],[-0.318224,-0.94151,-0.110869],[0.0729479,0.0922834,-0.993057]]],"btipPosition":[3.93109,189.034,6.86256],"carpPosition":[10.1117,218.3,46.0794],"dipPosition":[5.26711,190.724,-11.325],"direction":[-0.23855,-0.603401,0.760921],"extended":false,"handId":470,"id":4703,"length":63.1552,"mcpPosition":[22.9404,242.567,-8.8455],"pipPosition":[11.7448,207.109,-31.9875],"stabilizedTipPosition":[1.18381,187.092,2.56696],"timeVisible":19.0893,"tipPosition":[4.16834,189.357,2.46419],"tipVelocity":[131.68,107.197,-2.8331],"tool":false,"touchDistance":0.333333,"touchZone":"none","type":3,"width":17.7198},{"bases":[[[0.849765,-0.517763,0.0991066],[0.397638,0.752975,0.524322],[-0.346099,-0.406142,0.845733]],[[0.837137,-0.531653,0.128631],[0.415322,0.464765,-0.781985],[0.355962,0.708053,0.609879]],[[0.837137,-0.531653,0.128631],[-0.289181,-0.629771,-0.720946],[0.464301,0.566333,-0.680949]],[[0.837137,-0.531653,0.128631],[-0.499648,-0.838936,-0.215727],[0.222605,0.116323,-0.967944]]],"btipPosition":[15.7818,195.56,4.83245],"carpPosition":[21.1104,209.84,44.6321],"dipPosition":[19.5429,197.525,-11.5221],"direction":[-0.464301,-0.566333,0.680949],"extended":false,"handId":470,"id":4704,"length":49.5125,"mcpPosition":[40.7824,232.925,-3.43874],"pipPosition":[28.4446,208.383,-24.5774],"stabilizedTipPosition":[14.0086,193.819,0.83698],"timeVisible":19.0893,"tipPosition":[16.4859,196.037,0.991802],"tipVelocity":[129.655,113.256,8.38253],"tool":false,"touchDistance":0.333333,"touchZo