{"sensorType":"Leap","data":[[0,{"currentFrameRate":55.2035,"devices":[],"gestures":[],"hands":[{"armBasis":[[0.989885,0.102148,-0.0984547],[-0.0774609,0.970542,0.228142],[0.118859,-0.218208,0.968637]],"armWidth":62.4607,"confidence":0.741927,"direction":[0.0408842,0.759023,-0.649779],"elbow":[56.338,139.075,306.699],"grabStrength":0,"id":469,"palmNormal":[0.12504,-0.649097,-0.750358],"palmPosition":[20.1668,233.878,11.8565],"palmVelocity":[-27.7405,155.538,21.2868],"palmWidth":89.1918,"pinchStrength":0.197803,"r":[[0.789432,0.445945,0.421819],[-0.47929,0.877133,-0.0303125],[-0.383509,-0.178244,0.906173]],"s":1.11139,"sphereCenter":[9.83139,222.077,-31.101],"sphereRadius":47.0341,"stabilizedPalmPosition":[20.3272,233.025,11.7185],"t":[35.9089,-18.4545,-56.0532],"timeVisible":21.738,"type":"right","wrist":[24.8804,196.827,50.3361]}],"id":1680857,"interactionBox":{"center":[0,200,0],"size":[235.247,235.247,147.751]},"pointables":[{"bases":[[[0.295039,0.74903,0.593217],[-0.869675,-0.0466332,0.491418],[0.39575,-0.660893,0.637653]],[[0.200598,0.876231,0.438154],[-0.840212,-0.076116,0.536889],[0.50379,-0.475841,0.720951]],[[0.200598,0.876231,0.438154],[-0.966249,0.250746,-0.0590749],[-0.161629,-0.411516,0.896957]],[[0.200598,0.876231,0.438154],[-0.968288,0.245321,-0.0472908],[-0.148926,-0.414773,0.897655]]],"btipPosition":[-17.4674,232.549,-44.6698],"carpPosition":[-1.63484,185.996,41.1782],"dipPosition":[-20.8839,223.033,-24.0766],"direction":[0.161629,0.411516,-0.896957],"extended":false,"handId":469,"id":4690,"length":51.0864,"mcpPosition":[-1.63484,185.996,41.1782],"pipPosition":[-26.2858,209.28,5.90126],"stabilizedTipPosition":[-17.9133,228.732,-40.1576],"timeVisible":21.738,"tipPosition":[-18.5895,230.681,-39.627],"tipVelocity":[-36.4184,179.937,22.4658],"tool":false,"touchDistance":0.454756,"touchZone":"hovering","type":0,"width":19.8498},{"bases":[[[0.984101,0.177294,0.0106226],[-0.142368,0.751652,0.644012],[0.106195,-0.635285,0.764942]],[[0.973392,0.224345,-0.0466603],[-0.167338,0.835054,0.524101],[0.156544,-0.502348,0.850377]],[[0.973392,0.224345,-0.0466603],[-0.20133,0.934553,0.293388],[0.109427,-0.276187,0.954854]],[[0.973392,0.224345,-0.0466603],[-0.218631,0.970243,0.104063],[0.0686179,-0.0910927,0.993476]]],"btipPosition":[-13.7581,281.837,-80.5334],"carpPosition":[4.23461,206.799,49.7049],"dipPosition":[-12.6089,280.312,-63.8947],"direction":[-0.109427,0.276187,-0.954854],"extended":true,"handId":469,"id":4691,"length":57.6453,"mcpPosition":[-3.4237,252.613,-5.45942],"pipPosition":[-10.0163,273.768,-41.2716],"stabilizedTipPosition":[-13.1244,279.347,-77.2819],"timeVisible":21.738,"tipPosition":[-14.2043,282.753,-75.9981],"tipVelocity":[-30.5228,188.456,43.3189],"tool":false,"touchDistance":0.498704,"touchZone":"hovering","type":1,"width":18.9605},{"bases":[[[0.999155,-0.0409188,0.00392643],[0.0284215,0.756674,0.653174],[-0.0296981,-0.65251,0.757198]],[[0.999526,-0.029266,-0.00958888],[0.0173582,0.792554,-0.609554],[0.0254389,0.609099,0.792686]],[[0.999526,-0.029266,-0.00958888],[-0.0234665,-0.522118,-0.852551],[0.0199443,0.852371,-0.522557]],[[0.999526,-0.029266,-0.00958888],[-0.0307532,-0.931926,-0.361342],[0.00163892,0.361465,-0.932384]]],"btipPosition":[15.929,195.965,-7.03116],"carpPosition":[15.686,210.537,50.4646],"dipPosition":[15.9591,202.623,-24.2062],"direction":[-0.0199443,-0.852371,0.522557],"extended":false,"handId":469,"id":4692,"length":65.6822,"mcpPosition":[17.717,255.161,-1.31951],"pipPosition":[16.5151,226.383,-38.7722],"stabilizedTipPosition":[16.3017,195.746,-11.0616],"timeVisible":21.738,"tipPosition":[15.9449,197.419,-10.7376],"tipVelocity":[-34.5654,168.734,8.57593],"tool":false,"touchDistance":0.333333,"touchZone":"none","type":2,"width":18.6218},{"bases":[[[0.97889,-0.193419,0.0660612],[0.0987728,0.730631,0.67559],[-0.178938,-0.654803,0.734312]],[[0.978512,-0.194791,0.0676003],[0.191863,0.740132,-0.64451],[0.0755119,0.643631,0.761601]],[[0.978512,-0.194791,0.0676003],[-0.0585266,-0.576772,-0.814806],[0.197707,0.793341,-0.575779]],[[0.978512,-0.194791,0.0676003],[-0.163648,-0.933148,-0.320084],[0.125431,0.302143,-0.944974]]],"btipPosition":[27.7222,196.18,4.9774],"carpPosition":[27.708,211.239,50.4792],"dipPosition":[30.0194,201.713,-12.3296],"direction":[-0.197707,-0.793341,0.575779],"extended":false,"handId":469,"id":4693,"length":63.1552,"mcpPosition":[38.6952,251.445,5.39097],"pipPosition":[35.388,223.256,-27.9646],"stabilizedTipPosition":[28.6955,195.227,1.04073],"timeVisible":21.738,"tipPosition":[28.214,197.296,0.960259],"tipVelocity":[-31.4744,162.346,-4.94453],"tool":false,"touchDistance":0.333333,"touchZone":"none","type":3,"width":17.7198},{"bases":[[[0.921734,-0.38595,0.0380646],[0.233624,0.630913,0.739844],[-0.309558,-0.673046,0.671701]],[[0.934194,-0.356649,0.00914251],[0.296285,0.761295,-0.576755],[0.198739,0.541509,0.816866]],[[0.934194,-0.356649,0.00914251],[-0.172267,-0.473375,-0.863852],[0.312419,0.80543,-0.503663]],[[0.934194,-0.356649,0.00914251],[-0.32305,-0.856505,-0.402539],[0.151395,0.373096,-0.915357]]],"btipPosition":[42.2368,203.072,6.51698],"carpPosition":[40.0779,205.332,47.8865],"dipPosition":[44.7948,209.376,-8.94903],"direction":[-0.312419,-0.80543,0.503663],"extended":false,"handId":469,"id":4694,"length":49.5125,"mcpPosition":[57.6729,243.587,9.70751],"pipPosition":[50.7846,224.818,-18.6054],"stabilizedTipPosition":[43.2766,202.175,2.92217],"timeVisible":21.738,"tipPosition":[42.7066,204.503,2.93613],"tipVelocity":[-29.6574,158.889,0.929974],"tool":false,"touchDistance":0.333333,"touchZone":"none","type":4,"width":15.7401}],"r":[[0.789432,0.445945,0.421819],[-0.47929,0.877133,-0.0303125],[-0.383509,-0.178244,0.906173]],"s":1.11139,"t":[35.9089,-18.4545,-56.0532],"timestamp":93416986358},false],[1,{"currentFrameRate":55.3793,"devices":[],"gestures":[],"hands":[{"armBasis":[[0.990198,0.0958577,-0.101587],[-0.0707218,0.971286,0.227162],[0.120445,-0.21775,0.968544]],"armWidth":62.4607,"confidence":0.697821,"direction":[0.0410027,0.769214,-0.637675],"elbow":[56.38,141.02,306.102],"grabStrength":0,"id":469,"palmNormal":[0.119052,-0.637426,-0.761258],"palmPosition":[19.7644,236.334,11.9059],"palmVelocity":[-25.5716,148.693,12.7341],"palmWidth":89.1918,"pinchStrength":0.199057,"r":[[0.791121,0.440788,0.424068],[-0.478947,0.877644,-0.0187471],[-0.380444,-0.188275,0.905436]],"s":1.11043,"sphereCenter":[9.37905,225.226,-31.2026],"sphereRadius":46.9998,"stabilizedPalmPosition":[19.8493,235.835,11.8776],"t":[35.4544,-15.7973,-55.8381],"timeVisible":21.7554,"type":"right","wrist":[24.5025,198.651,49.763]}],"id":1680858,"interactionBox":{"center":[0,200,0],"size":[235.247,235.247,147.751]},"pointables":[{"bases":[[[0.300712,0.738218,0.603826],[-0.867632,-0.0511075,0.494573],[0.395963,-0.672623,0.625133]],[[0.205136,0.869303,0.449702],[-0.838349,-0.08104,0.539077],[0.505065,-0.487591,0.712155]],[[0.205136,0.869303,0.449702],[-0.965844,0.254123,-0.050657],[-0.158316,-0.42395,0.891741]],[[0.205136,0.869303,0.449702],[-0.967465,0.249624,-0.0412214],[-0.14809,-0.426615,0.892227]]],"btipPosition":[-18.1217,235.888,-44.5653],"carpPosition":[-2.09692,188.073,40.5534],"dipPosition":[-21.5191,226.101,-24.0967],"direction":[0.158316,0.42395,-0.891741],"extended":false,"handId":469,"id":4690,"length":51.0864,"mcpPosition":[-2.09692,188.073,40.5534],"pipPosition":[-26.8103,211.932,5.7069],"stabilizedTipPosition":[-18.6292,232.279,-39.9406],"timeVisible":21.7554,"tipPosition":[-19.215,233.998,-39.5243],"tipVelocity":[-36.8019,183.569,14.0702],"tool":false,"touchDistance":0.443751,"touchZone":"hovering","type":0,"width":19.8498},{"bases":[[[0.984842,0.173221,0.00897461],[-0.136447,0.741746,0.656654],[0.107089,-0.647925,0.754138]],[[0.974236,0.220628,-0.0467801],[-0.16188,0.82849,0.536096],[0.157035,-0.514711,0.84286]],[[0.974236,0.220628,-0.0467801],[-0.196113,0.931158,0.307384],[0.111377,-0.290291,0.950435]],[[0.974236,0.220628,-0.0467801],[-0.213847,0.969568,0.119198],[0.0716548,-0.106123,0.991768]]],"btipPosition":[-14.2806,285.769,-79.6228],"carpPosition":[3.89433,208.712,49.3864],"dipPosition":[-13.0806,283.992,-63.0127],"direction":[-0.111377,0.290291,-0.950435],"extended":true,"handId":469,"id":4691,"length":57.6453,"mcpPosition":[-3.82848,255.438,-4.99872],"pipPosition":[-10.4417,277.114,-40.4943],"stabilizedTipPosition":[-13.7442,283.581,-76.2402],"timeVisible":21.7554,"tipPosition":[-14.7,286.588,-75.087],"tipVelocity":[-29.9441,204.001,47.2508],"tool":false,"touchDistance":0.495727,"touchZone":"hovering","type":1,"width":18.9605},{"bases":[[[0.99899,-0.0449137,-0.00129698],[0.0344007,0.745948,0.665116],[-0.0289053,-0.664489,0.746739]],[[0.999346,-0.0331072,-0.0145568],[0.0178808,0.802158,-0.596843],[0.0314367,0.596193,0.802226]],[[0.999346,-0.0331072,-0.0145568],[-0.029395,-0.509063,-0.860227],[0.0210694,0.860092,-0.509703]],[[0.999346,-0.0331072,-0.0145568],[-0.0361501,-0.926372,-0.374871],[-0.00107406,0.375152,-0.926963]]],"btipPosition":[15.2879,198.782,-7.53553],"carpPosition":[15.3639,212.393,50.1539],"dipPosition":[15.2681,205.693,-24.6108],"direction":[-0.0210694,-0.860092,0.509703],"extended":false,"handId":469,"id":4692,"length":65.6822,"mcpPosition":[17.3407,257.836,-0.915013],"pipPosition":[15.8554,229.668,-38.8184],"stabilizedTipPosition":[15.6217,198.835,-11.3295],"timeVisible":21.7554,"tipPosition":[15.2933,200.281,-11.2402],"tipVelocity":[-35.8763,166.904,-8.18025],"tool":false,"touchDistance":0.333333,"touchZone":"none","type":2,"width":18.6218},{"bases":[[[0.978393,-0.198313,0.0584705],[0.104747,0.71927,0.686789],[-0.178255,-0.665825,0.724501]],[[0.977994,-0.199794,0.0600826],[0.192099,0.749984,-0.632947],[0.0813982,0.63056,0.77186]],[[0.977994,-0.199794,0.0600826],[-0.0644464,-0.563201,-0.823803],[0.19843,0.801802,-0.563683]],[[0.977994,-0.199794,0.0600826],[-0.168907,-0.927276,-0.33411],[0.122466,0.31661,-0.940617]]],"btipPosition":[27.1377,198.742,4.3678],"carpPosition":[27.3886,213.047,50.1248],"dipPosition":[29.3806,204.541,-12.8594],"direction":[-0.19843,-0.801802,0.563683],"extended":false,"handId":469,"id":4693,"length":63.1552,"mcpPosition":[38.3339,253.93,5.63895],"pipPosition":[34.7689,226.314,-28.1659],"stabilizedTipPosition":[28.0593,198.188,0.652895],"timeVisible":21.7554,"tipPosition":[27.6169,199.916,0.375409],"tipVelocity":[-32.742,156.789,-18.3524],"tool":false,"touchDistance":0.333333,"touchZone":"none","type":3,"width":17.7198},{"bases":[[[0.92034,-0.390142,0.0276441],[0.239485,0.618,0.748814],[-0.309228,-0.682543,0.662203]],[[0.932957,-0.359986,-0.00127967],[0.296205,0.769671,-0.565569],[0.204582,0.527273,0.8247]],[[0.932957,-0.359986,-0.00127967],[-0.178187,-0.458704,-0.87054],[0.312795,0.812405,-0.492096]],[[0.932957,-0.359986,-0.00127967],[-0.328093,-0.848828,-0.414544],[0.148143,0.387171,-0.910029]]],"btipPosition":[41.7082,205.536,5.96801],"carpPosition":[39.7229,207.134,47.381],"dipPosition":[44.2113,212.078,-9.40797],"direction":[-0.312795,-0.812405,0.492096],"extended":false,"handId":469,"id":4694,"length":49.5125,"mcpPosition":[57.2992,245.929,9.74187],"pipPosition":[50.2083,227.653,-18.8426],"stabilizedTipPosition":[42.689,205.055,2.63171],"timeVisible":21.7554,"tipPosition":[42.1599,207.022,2.40991],"tipVelocity":[-30.286,152.139,-13.5277],"tool":false,"touchDistance":0.333333,"touchZone":"none","type":4,"width":15.7401}],"r":[[0.791121,0.440788,0.424068],[-0.478947,0.877644,-0.0187471],[-0.380444,-0.188275,0.905436]],"s":1.11043,"t":[35.4544,-15.7973,-55.8381],"timestamp":93417003808},false],[2,{"currentFrameRate":55.3738,"devices":[],"gestures":[],"hands":[{"armBasis":[[0.991086,0.0796989,-0.106753],[-0.0550685,0.974737,0.216461],[0.121307,-0.208653,0.970437]],"armWidth":62.4607,"confidence":0.530994,"direction":[0.0429632,0.783848,-0.619464],"elbow":[56.0036,145.127,305.398],"grabStrength":0,"id":469,"palmNormal":[0.105366,-0.620134,-0.777388],"palmPosition":[19.1947,238.977,11.6605],"palmVelocity":[-28.3957,147.517,0.233242],"palmWidth":89.1918,"pinchStrength":0.201793,"r":[[0.794173,0.432996,0.426385],[-0.476874,0.878961,-0.00437535],[-0.376671,-0.199857,0.904531]],"s":1.10952,"sphereCenter":[8.4707,229.005,-31.5917],"sphereRadius":46.9473,"stabilizedPalmPosition":[19.2551,238.687,11.6806],"t":[34.9423,-13.147,-55.8532],"timeVisible":21.7735,"type":"right","wrist":[23.8979,200.35,48.5587]}],"id":1680859,"interactionBox":{"center":[0,200,0],"size":[235.247,235.247,147.751]},"pointables":[{"bases":[[[0.313925,0.720444,0.618394],[-0.863455,-0.0542253,0.501503],[0.394837,-0.69139,0.605048]],[[0.215909,0.858798,0.464596],[-0.835403,-0.0838386,0.543206],[0.505456,-0.505408,0.699341]],[[0.215909,0.858798,0.464596],[-0.964178,0.262612,-0.0373575],[-0.154091,-0.439887,0.884735]],[[0.215909,0.858798,0.464596],[-0.965659,0.258237,-0.0285827],[-0.144523,-0.44247,0.885062]]],"btipPosition":[-19.1609,239.848,-44.739],"carpPosition":[-2.89389,190.265,39.3542],"dipPosition":[-22.4764,229.697,-24.4347],"direction":[0.154091,0.439887,-0.884735],"extended":false,"handId":469,"id":4690,"length":51.0864,"mcpPosition":[-2.89389,190.265,39.3542],"pipPosition":[-27.6264,214.995,5.1347],"stabilizedTipPosition":[-19.6328,236.338,-40.0401],"timeVisible":21.7735,"tipPosition":[-20.2149,237.985,-39.6456],"tipVelocity":[-46.1346,198.239,1.82473],"tool":false,"touchDistance":0.429538,"touchZone":"hovering","type":0,"width":19.8498},{"bases":[[[0.986615,0.163028,0.00367357],[-0.122662,0.727105,0.675479],[0.107451,-0.666888,0.73737]],[[0.976077,0.2115,-0.0504163],[-0.148448,0.817676,0.556209],[0.158863,-0.535419,0.829511]],[[0.976077,0.2115,-0.0504163],[-0.183515,0.925741,0.330643],[0.116604,-0.313481,0.942408]],[[0.976077,0.2115,-0.0504163],[-0.202452,0.968647,0.144],[0.0792917,-0.130349,0.988293]]],"btipPosition":[-15.1379,290.877,-78.3691],"carpPosition":[3.39182,210.625,48.6204],"dipPosition":[-13.81,288.694,-61.8172],"direction":[-0.116604,0.313481,-0.942408],"extended":true,"handId":469,"id":4691,"length":57.6453,"mcpPosition":[-4.35709,258.718,-4.55553],"pipPosition":[-11.0473,281.267,-39.489],"stabilizedTipPosition":[-14.5834,288.819,-74.9463],"timeVisible":21.7735,"tipPosition":[-15.4986,291.559,-73.8292],"tipVelocity":[-37.4774,238.866,57.401],"tool":false,"touchDistance":0.498092,"touchZone":"hovering","type":1,"width":18.9605},{"bases":[[[0.998419,-0.054928,-0.0119458],[0.0482916,0.729381,0.682401],[-0.0287699,-0.681899,0.730881]],[[0.998771,-0.0429012,-0.0248255],[0.0206546,0.815527,-0.57835],[0.0450578,0.577126,0.815411]],[[0.998771,-0.0429012,-0.0248255],[-0.042685,-0.48986,-0.870755],[0.0251954,0.870745,-0.491089]],[[0.998771,-0.0429012,-0.0248255],[-0.049218,-0.917666,-0.394293],[-0.00586593,0.39503,-0.91865]]],"btipPosition":[14.1498,201.988,-8.53422],"carpPosition":[14.9054,214.17,49.3656],"dipPosition":[14.0417,209.265,-25.4563],"direction":[-0.0251954,-0.870745,0.491089],"extended":false,"handId":469,"id":4692,"length":65.6822,"mcpPosition":[16.8729,260.805,-0.618743],"pipPosition":[14.744,233.537,-39.1451],"stabilizedTipPosition":[14.5772,202.203,-12.0949],"timeVisible":21.7735,"tipPosition":[14.1357,203.56,-12.2513],"tipVelocity":[-49.2793,174.079,-29.6202],"tool":false,"touchDistance":0.333333,"touchZone":"none","type":2,"width":18.6218},{"bases":[[[0.976803,-0.209503,0.0443315],[0.118559,0.701484,0.702755],[-0.178327,-0.681197,0.71005]],[[0.976368,-0.21115,0.0460488],[0.194368,0.76481,-0.614237],[0.0944776,0.608672,0.787777]],[[0.976368,-0.21115,0.0460488],[-0.0774251,-0.540697,-0.837647],[0.201767,0.814287,-0.544267]],[[0.976368,-0.21115,0.0460488],[-0.181538,-0.916938,-0.355342],[0.117254,0.338585,-0.933601]]],"btipPosition":[26.1208,201.56,3.01448],"carpPosition":[26.9354,214.704,49.2369],"dipPosition":[28.2683,207.762,-14.0842],"direction":[-0.201768,-0.814287,0.544267],"extended":false,"handId":469,"id":4693,"length":63.1552,"mcpPosition":[37.885,256.531,5.63842],"pipPosition":[33.7472,229.873,-28.8635],"stabilizedTipPosition":[27.155,201.192,-0.330605],"timeVisible":21.7735,"tipPosition":[26.5739,202.816,-0.895773],"tipVelocity":[-44.4901,158.789,-44.4299],"tool":false,"touchDistance":0.333333,"touchZone":"none","type":3,"width":17.7198},{"bases":[[[0.916491,-0.399942,0.00948515],[0.252821,0.597403,0.761047],[-0.310041,-0.695095,0.648628]],[[0.929314,-0.36879,-0.019228],[0.298308,0.780361,-0.549589],[0.217688,0.505005,0.835214]],[[0.929314,-0.36879,-0.019228],[-0.191193,-0.435934,-0.879436],[0.315945,0.820948,-0.475629]],[[0.929314,-0.36879,-0.019228],[-0.340503,-0.835552,-0.431174],[0.142947,0.407243,-0.902064]]],"btipPosition":[40.7866,208.119,4.77834],"carpPosition":[39.1819,208.734,46.2344],"dipPosition":[43.2019,215,-10.4631],"direction":[-0.315945,-0.820948,0.475629],"extended":false,"handId":469,"id":4694,"length":49.5125,"mcpPosition":[56.8044,248.243,9.36689],"pipPosition":[49.2593,230.739,-19.5819],"stabilizedTipPosition":[41.8716,207.875,1.80704],"timeVisible":21.7735,"tipPosition":[41.2124,209.682,1.25242],"tipVelocity":[-40.6511,149.787,-37.559],"tool":false,"touchDistance":0.333333,"touchZone":"none","type":4,"width":15.7401}],"r":[[0.794173,0.432996,0.426385],[-0.476874,0.878961,-0.00437535],[-0.376671,-0.199857,0.904531]],"s":1.10952,"t":[34.9423,-13.147,-55.8532],"timestamp":93417021886},false],[3,{"currentFrameRate":55.3635,"devices":[],"gestures":[],"hands":[{"armBasis":[[0.990759,0.0801343,-0.109429],[-0.0533756,0.972061,0.228578],[0.124689,-0.220625,0.967356]],"armWidth":62.4607,"confidence":0.572961,"direction":[0.0457109,0.776681,-0.628233],"elbow":[56.13,144.536,305.114],"grabStrength":0,"id":469,"palmNormal":[0.102382,-0.629221,-0.770454],"palmPosition":[18.5576,241.157,11.7637],"palmVelocity":[-31.6324,134.637,2.83404],"palmWidth":89.1918,"pinchStrength":0.203072,"r":[[0.796999,0.427063,0.427094],[-0.47447,0.880256,0.00521487],[-0.373725,-0.2068,0.904192]],"s":1.10879,"sphereCenter":[7.88127,230.726,-31.3674],"sphereRadius":46.9242,"stabilizedPalmPosition":[18.5991,241.01,11.7588],"t":[34.3677,-10.7321,-55.8091],"timeVisible":21.7916,"type":"right","wrist":[23.1295,202.927,49.0895]}],"id":1680860,"interactionBox":{"center":[0,200,0],"size":[235.247,235.247,147.751]},"pointables":[{"bases":[[[0.317206,0.726058,0.610098],[-0.863345,-0.0451356,0.502591],[0.392448,-0.68615,0.612522]],[[0.218695,0.864126,0.453275],[-0.835664,-0.0739855,0.544235],[0.503824,-0.497807,0.705939]],[[0.218695,0.864126,0.453275],[-0.963363,0.26511,-0.0406069],[-0.155257,-0.427788,0.890445]],[[0.218695,0.864126,0.453275],[-0.964656,0.261439,-0.0329832],[-0.147005,-0.430041,0.89076]]],"btipPosition":[-19.7997,241.369,-44.7231],"carpPosition":[-3.70845,192.847,40.0145],"dipPosition":[-23.1721,231.503,-24.2881],"direction":[0.155257,0.427788,-0.890445],"extended":false,"handId":469,"id":4690,"length":51.0864,"mcpPosition":[-3.70845,192.847,40.0145],"pipPosition":[-28.3611,217.206,5.47214],"stabilizedTipPosition":[-20.3712,238.502,-40.0268],"timeVisible":21.7916,"tipPosition":[-20.8525,239.609,-39.5951],"tipVelocity":[-41.3237,145.64,2.16357],"tool":false,"touchDistance":0.420606,"touchZone":"hovering","type":0,"width":19.8498},{"bases":[[[0.987263,0.159095,0.00126178],[-0.119314,0.735112,0.667363],[0.105246,-0.659013,0.744731]],[[0.976985,0.206635,-0.0529417],[-0.144982,0.825313,0.545746],[0.156464,-0.52551,0.836277]],[[0.976985,0.206635,-0.0529417],[-0.179499,0.930496,0.319308],[0.115242,-0.302456,0.946171]],[[0.976985,0.206635,-0.0529417],[-0.198212,0.971144,0.132635],[0.078821,-0.119088,0.98975]]],"btipPosition":[-15.5648,292.101,-78.8706],"carpPosition":[2.66476,213.284,49.0482],"dipPosition":[-14.2448,290.106,-62.2943],"direction":[-0.115242,0.302456,-0.946171],"extended":true,"handId":469,"id":4691,"length":57.6453,"mcpPosition":[-4.92515,260.809,-4.65852],"pipPosition":[-11.5144,282.94,-39.8769],"stabilizedTipPosition":[-15.1227,291.065,-75.0352],"timeVisible":21.7916,"tipPosition":[-15.9126,292.81,-74.3531],"tipVelocity":[-30.9191,158.569,17.0702],"tool":false,"touchDistance":0.474179,"touchZone":"hovering","type":1,"width":18.9605},{"bases":[[[0.998183,-0.0590685,-0.0119217],[0.0516514,0.736779,0.674157],[-0.0310378,-0.673548,0.738491]],[[0.998574,-0.0472142,-0.0249071],[0.0235696,0.808614,-0.587867],[0.0478959,0.586442,0.808574]],[[0.998574,-0.0472142,-0.0249071],[-0.0452338,-0.500654,-0.864465],[0.0283451,0.864359,-0.502076]],[[0.998574,-0.0472142,-0.0249071],[-0.0531539,-0.922461,-0.382414],[-0.00492052,0.383192,-0.923655]]],"btipPosition":[13.3531,203.994,-7.95194],"carpPosition":[14.1929,216.791,49.7469],"dipPosition":[13.2625,211.053,-24.9662],"direction":[-0.0283451,-0.864359,0.502076],"extended":false,"handId":469,"id":4692,"length":65.6822,"mcpPosition":[16.3156,262.854,-0.757947],"pipPosition":[14.0526,235.146,-38.9613],"stabilizedTipPosition":[13.7009,204.607,-11.9332],"timeVisible":21.7916,"tipPosition":[13.3419,205.513,-11.7183],"tipVelocity":[-46.6725,142.68,-0.78804],"tool":false,"touchDistance":0.333333,"touchZone":"none","type":2,"width":18.6218},{"bases":[[[0.975983,-0.212915,0.0460966],[0.121819,0.70883,0.694781],[-0.180604,-0.672479,0.717743]],[[0.975528,-0.214597,0.0478924],[0.197147,0.757235,-0.622679],[0.0973593,0.616882,0.781011]],[[0.975528,-0.214597,0.0478924],[-0.0801135,-0.549748,-0.83148],[0.204762,0.807295,-0.553487]],[[0.975528,-0.214597,0.0478924],[-0.185501,-0.920194,-0.344722],[0.118047,0.327402,-0.937482]]],"btipPosition":[25.3281,203.631,3.52807],"carpPosition":[26.2249,217.275,49.6051],"dipPosition":[27.4901,209.628,-13.6417],"direction":[-0.204762,-0.807295,0.553487],"extended":false,"handId":469,"id":4693,"length":63.1552,"mcpPosition":[37.3143,258.567,5.53425],"pipPosition":[33.0503,231.549,-28.6714],"stabilizedTipPosition":[26.3094,203.621,-0.388081],"timeVisible":21.7916,"tipPosition":[25.7846,204.838,-0.394836],"tipVelocity":[-44.0747,136.454,-10.2315],"tool":false,"touchDistance":0.333333,"touchZone":"none","type":3,"width":17.7198},{"bases":[[[0.914886,-0.403489,0.0134219],[0.2557,0.604869,0.754156],[-0.312412,-0.686535,0.656558]],[[0.928097,-0.371982,-0.0163278],[0.300081,0.773224,-0.558638],[0.220428,0.51357,0.829251]],[[0.928097,-0.371982,-0.0163278],[-0.194005,-0.445685,-0.873915],[0.317803,0.814245,-0.485805]],[[0.928097,-0.371982,-0.0163278],[-0.343902,-0.83958,-0.420519],[0.142717,0.395897,-0.907137]]],"btipPosition":[40.0582,210.145,5.24306],"carpPosition":[38.4455,211.223,46.6624],"dipPosition":[42.4696,216.834,-10.0841],"direction":[-0.317803,-0.814245,0.485805],"extended":false,"handId":469,"id":4694,"length":49.5125,"mcpPosition":[56.2027,250.245,9.34412],"pipPosition":[48.5626,232.445,-19.398],"stabilizedTipPosition":[41.0986,210.214,1.75225],"timeVisible":21.7916,"tipPosition":[40.4744,211.663,1.68777],"tipVelocity":[-40.4827,130.619,-8.00119],"tool":false,"touchDistance":0.333333,"touchZone":"none","type":4,"width":15.7401}],"r":[[0.796999,0.427063,0.427094],[-0.47447,0.880256,0.00521487],[-0.373725,-0.2068,0.904192]],"s":1.10879,"t":[34.3677,-10.7321,-55.8091],"timestamp":93417039984},false],[4,{"currentFrameRate":55.2782,"devices":[],"gestures":[],"hands":[{"armBasis":[[0.990806,0.0745547,-0.112895],[-0.0455915,0.969648,0.240219],[0.127378,-0.232863,0.964132]],"armWidth":62.4607,"confidence":0.574564,"direction":[0.0484791,0.780735,-0.622979],"elbow":[56.0952,143.41,303.953],"grabStrength":0,"id":469,"palmNormal":[0.0941222,-0.624508,-0.775326],"palmPosition":[17.9175,243.565,11.748],"palmVelocity":[-33.1657,132.887,1.05897],"palmWidth":89.1918,"pinchStrength":0.204717,"r":[[0.800275,0.420531,0.42745],[-0.471209,0.881901,0.0145742],[-0.37084,-0.213081,0.903922]],"s":1.1082,"sphereCenter":[7.02409,233.512,-31.4044],"sphereRadius":46.9104,"stabilizedPalmPosition":[17.9418,243.474,11.7484],"t":[33.7603,-8.32039,-55.795],"timeVisible":21.81,"type":"right","wrist":[22.3829,205.041,48.7825]}],"id":1680861,"interactionBox":{"center":[0,200,0],"size":[235.247,235.247,147.751]},"pointables":[{"bases":[[[0.32541,0.719393,0.613662],[-0.861283,-0.0423448,0.506358],[0.390256,-0.693311,0.605822]],[[0.226443,0.86011,0.457094],[-0.833878,-0.0713289,0.547321],[0.50336,-0.505098,0.701074]],[[0.226443,0.86011,0.457094],[-0.961815,0.271524,-0.0344437],[-0.153738,-0.43184,0.888751]],[[0.226443,0.86011,0.457094],[-0.962699,0.26899,-0.0292363],[-0.1481,-0.433424,0.888938]]],"btipPosition":[-20.6651,244.313,-44.6365],"carpPosition":[-4.57093,195.222,39.7646],"dipPosition":[-24.0627,234.37,-24.2434],"direction":[0.153738,0.43184,-0.888751],"extended":false,"handId":469,"id":4690,"length":51.0864,"mcpPosition":[-4.57093,195.222,39.7646],"pipPosition":[-29.2009,219.937,5.46028],"stabilizedTipPosition":[-21.2248,241.3,-39.9627],"timeVisible":21.81,"tipPosition":[-21.7113,242.556,-39.5067],"tipVelocity":[-44.2403,152.163,3.13582],"tool":false,"touchDistance":0.413033,"touchZone":"hovering","type":0,"width":19.8498},{"bases":[[[0.988403,0.151837,-0.0023123],[-0.110758,0.731245,0.673063],[0.103887,-0.665001,0.739581]],[[0.978264,0.199673,-0.0559518],[-0.136391,0.822819,0.551693],[0.156197,-0.53207,0.832168]],[[0.978264,0.199673,-0.0559518],[-0.17106,0.929579,0.326531],[0.117211,-0.309862,0.943529]],[[0.978264,0.199673,-0.0559518],[-0.190272,0.971609,0.140618],[0.0824408,-0.126916,0.988482]]],"btipPosition":[-16.2325,295.379,-78.3794],"carpPosition":[1.99505,215.548,48.9111],"dipPosition":[-14.8518,293.254,-61.8244],"direction":[-0.117211,0.309862,-0.943529],"extended":true,"handId":469,"id":4691,"length":57.6453,"mcpPosition":[-5.49682,263.505,-4.42426],"pipPosition":[-12.0748,285.912,-39.4696],"stabilizedTipPosition":[-15.7697,294.189,-74.6567],"timeVisible":21.81,"tipPosition":[-16.5454,296.033,-73.8686],"tipVelocity":[-33.1505,167.274,21.5802],"tool":false,"touchDistance":0.467388,"touchZone":"hovering","type":1,"width":18.9605},{"bases":[[[0.997653,-0.066302,-0.0170777],[0.0602452,0.73161,0.679057],[-0.0325286,-0.678492,0.733887]],[[0.998071,-0.0543715,-0.0299685],[0.0267925,0.812665,-0.582114],[0.0560048,0.580188,0.812554]],[[0.998071,-0.0543715,-0.0299685],[-0.05298,-0.494274,-0.867691],[0.0323651,0.867604,-0.496201]],[[0.998071,-0.0543715,-0.0299685],[-0.0617488,-0.919442,-0.388347],[-0.00643925,0.389448,-0.921026]]],"btipPosition":[12.3468,206.596,-8.20465],"carpPosition":[13.5519,218.965,49.5796],"dipPosition":[12.2282,213.77,-25.1705],"direction":[-0.0323651,-0.867604,0.496201],"extended":false,"handId":469,"id":4692,"length":65.6822,"mcpPosition":[15.7765,265.366,-0.610387],"pipPosition":[13.1304,237.954,-39.0018],"stabilizedTipPosition":[12.7174,207.198,-12.0568],"timeVisible":21.81,"tipPosition":[12.3289,208.137,-11.9622],"tipVelocity":[-50.7179,142.812,-6.72828],"tool":false,"touchDistance":0.333333,"touchZone":"none","type":2,"width":18.6218},{"bases":[[[0.974593,-0.220387,0.0399648],[0.130301,0.703001,0.69915],[-0.182179,-0.676179,0.713857]],[[0.974111,-0.222163,0.0418401],[0.199973,0.760462,-0.617825],[0.10544,0.610197,0.785202]],[[0.974111,-0.222163,0.0418401],[-0.0880023,-0.543123,-0.835029],[0.208237,0.809729,-0.548613]],[[0.974111,-0.222163,0.0418401],[-0.193965,-0.91641,-0.350101],[0.116122,0.332922,-0.935777]]],"btipPosition":[24.3732,206.071,3.19844],"carpPosition":[25.5863,219.362,49.384],"dipPosition":[26.5,212.168,-13.9401],"direction":[-0.208237,-0.809729,0.548613],"extended":false,"handId":469,"id":4693,"length":63.1552,"mcpPosition":[36.7724,260.881,5.55174],"pipPosition":[32.1545,234.156,-28.8374],"stabilizedTipPosition":[25.3744,206.11,-0.617684],"timeVisible":21.81,"tipPosition":[24.8211,207.297,-0.711345],"tipVelocity":[-48.0692,135.25,-13.7459],"tool":false,"touchDistance":0.333333,"touchZone":"none","type":3,"width":17.7198},{"bases":[[[0.911942,-0.410273,0.00624455],[0.26369,0.597646,0.757157],[-0.314373,-0.688837,0.653203]],[[0.925452,-0.378115,-0.0238435],[0.30249,0.775317,-0.554421],[0.228121,0.505878,0.831894]],[[0.925452,-0.378115,-0.0238435],[-0.201588,-0.438156,-0.876003],[0.320783,0.815505,-0.481716]],[[0.925452,-0.378115,-0.0238435],[-0.351821,-0.834335,-0.424391],[0.140575,0.401142,-0.905165]]],"btipPosition":[39.1846,212.447,4.90897],"carpPosition":[37.748,213.241,46.3409],"dipPosition":[41.5598,219.225,-10.3848],"direction":[-0.320783,-0.815505,0.481716],"extended":false,"handId":469,"id":4694,"length":49.5125,"mcpPosition":[55.6167,252.394,9.21337],"pipPosition":[47.7099,234.86,-19.6204],"stabilizedTipPosition":[40.2492,212.569,1.52814],"timeVisible":21.81,"tipPosition":[39.586,213.986,1.36223],"tipVelocity":[-44.0839,128.571,-12.6924],"tool":false,"touchDistance":0.333333,"touchZone":"none","type":4,"width":15.7401}],"r":[[0.800275,0.420531,0.42745],[-0.471209,0.881901,0.0145742],[-0.37084,-0.213081,0.903922]],"s":1.1082,"t":[33.7603,-8.32039,-55.795],"timestamp":93417058369},false],[5,{"currentFrameRate":55.2825,"devices":[],"gestures":[],"hands":[{"armBasis":[[0.989942,0.0805667,-0.116293],[-0.0485181,0.965492,0.255874],[0.132895,-0.247658,0.95969]],"armWidth":62.4607,"confidence":0.611466,"direction":[0.0476174,0.778191,-0.62622],"elbow":[56.7803,142.792,302.645],"grabStrength":0,"id":469,"palmNormal":[0.0947128,-0.627624,-0.772734],"palmPosition":[17.0994,246.704,11.4555],"palmVelocity":[-38.9136,152.251,-7.13296],"palmWidth":89.1918,"pinchStrength":0.204497,"r":[[0.8028,0.415822,0.427322],[-0.468757,0.883069,0.0213372],[-0.368483,-0.21744,0.903848]],"s":1.1078,"sphereCenter":[6.20634,236.472,-31.6425],"sphereRadius":46.9113,"stabilizedPalmPosition":[17.1293,246.589,11.4659],"t":[33.0476,-5.54536,-55.9341],"timeVisible":21.8281,"type":"right","wrist":[21.6078,208.338,48.6494]}],"id":1680862,"interactionBox":{"center":[0,200,0],"size":[235.247,235.247,147.751]},"pointables":[{"bases":[[[0.324708,0.722274,0.610643],[-0.861199,-0.0411384,0.5066],[0.391025,-0.690382,0.608664]],[[0.225195,0.862665,0.452875],[-0.833392,-0.070237,0.548201],[0.504723,-0.500875,0.703121]],[[0.225195,0.862665,0.452875],[-0.962251,0.269838,-0.035519],[-0.152844,-0.427781,0.890866]],[[0.225195,0.862665,0.452875],[-0.962649,0.268711,-0.0331739],[-0.15031,-0.428489,0.890957]]],"btipPosition":[-21.4765,247.09,-44.9438],"carpPosition":[-5.33646,198.454,39.6745],"dipPosition":[-24.9248,237.26,-24.5043],"direction":[0.152844,0.427781,-0.890866],"extended":false,"handId":469,"id":4690,"length":51.0864,"mcpPosition":[-5.33646,198.454,39.6745],"pipPosition":[-30.0331,222.962,5.27003],"stabilizedTipPosition":[-22.0498,244.086,-40.1838],"timeVisible":21.8281,"tipPosition":[-22.5226,245.367,-39.8183],"tipVelocity":[-44.8568,153.532,-6.15151],"tool":false,"touchDistance":0.400614,"touchZone":"hovering","type":0,"width":19.8498},{"bases":[[[0.988244,0.152856,-0.00302368],[-0.111468,0.733918,0.670029],[0.104637,-0.661815,0.742328]],[[0.978077,0.200363,-0.0567523],[-0.137224,0.8251,0.548069],[0.156639,-0.528266,0.834505]],[[0.978077,0.200363,-0.0567523],[-0.171925,0.930702,0.322855],[0.117508,-0.306019,0.944746]],[[0.978077,0.200363,-0.0567523],[-0.191148,0.971936,0.137124],[0.0826342,-0.12327,0.988927]]],"btipPosition":[-17.1015,298.113,-78.8874],"carpPosition":[1.20905,218.824,48.736],"dipPosition":[-15.7176,296.049,-62.3249],"direction":[-0.117508,0.306019,-0.944746],"extended":true,"handId":469,"id":4691,"length":57.6453,"mcpPosition":[-6.33691,266.551,-4.79749],"pipPosition":[-12.9335,288.798,-39.9413],"stabilizedTipPosition":[-16.6042,297.029,-75.0035],"timeVisible":21.8281,"tipPosition":[-17.4091,298.765,-74.3886],"tipVelocity":[-40.2247,160.046,-1.98187],"tool":false,"touchDistance":0.446389,"touchZone":"hovering","type":1,"width":18.9605},{"bases":[[[0.997721,-0.0653332,-0.0168837],[0.0595355,0.734486,0.676007],[-0.0317649,-0.675472,0.736702]],[[0.998124,-0.0535141,-0.0297606],[0.0259081,0.809456,-0.586609],[0.0554818,0.584737,0.809323]],[[0.998124,-0.0535141,-0.0297606],[-0.0525876,-0.500164,-0.864332],[0.0313688,0.864275,-0.50204]],[[0.998124,-0.0535141,-0.0297606],[-0.0608322,-0.922104,-0.38213],[-0.00699307,0.383223,-0.923629]]],"btipPosition":[11.5678,209.673,-8.22399],"carpPosition":[12.7624,222.256,49.3893],"dipPosition":[11.439,216.732,-25.2378],"direction":[-0.0313688,-0.864275,0.50204],"extended":false,"handId":469,"id":4692,"length":65.6822,"mcpPosition":[14.9347,268.451,-0.993115],"pipPosition":[12.3133,240.824,-39.2319],"stabilizedTipPosition":[11.8778,210.116,-12.114],"timeVisible":21.8281,"tipPosition":[11.5465,211.188,-12.0436],"tipVelocity":[-47.1619,155.159,-4.32975],"tool":false,"touchDistance":0.333333,"touchZone":"none","type":2,"width":18.6218},{"bases":[[[0.974826,-0.219204,0.0408001],[0.129623,0.706035,0.696213],[-0.181419,-0.673398,0.716674]],[[0.974328,-0.221037,0.0427516],[0.199251,0.758222,-0.620805],[0.104805,0.613386,0.782799]],[[0.974328,-0.221037,0.0427516],[-0.087519,-0.54683,-0.832657],[0.207426,0.807539,-0.552137]],[[0.974328,-0.221037,0.0427516],[-0.193128,-0.918198,-0.345853],[0.115701,0.328718,-0.937314]]],"btipPosition":[23.5941,209.2,3.06165],"carpPosition":[24.7963,222.665,49.1911],"dipPosition":[25.7132,215.22,-14.105],"direction":[-0.207426,-0.807539,0.552137],"extended":false,"handId":469,"id":4693,"length":63.1552,"mcpPosition":[35.9358,264.013,5.18588],"pipPosition":[31.3457,237.148,-29.098],"stabilizedTipPosition":[24.5321,209.025,-0.792929],"timeVisible":21.8281,"tipPosition":[24.041,210.405,-0.854411],"tipVelocity":[-45.7573,152.778,-10.9808],"tool":false,"touchDistance":0.333333,"touchZone":"none","type":3,"width":17.7198},{"bases":[[[0.912369,-0.409293,0.00787392],[0.263125,0.60106,0.754647],[-0.313604,-0.686445,0.656084]],[[0.926034,-0.37675,-0.0228109],[0.301066,0.773755,-0.557371],[0.227639,0.509277,0.82995]],[[0.926034,-0.37675,-0.0228109],[-0.201332,-0.441938,-0.87416],[0.319258,0.814095,-0.485102]],[[0.926034,-0.37675,-0.0228109],[-0.350753,-0.836666,-0.420668],[0.139401,0.397554,-0.906928]]],"btipPosition":[38.4229,215.584,4.73887],"carpPosition":[36.9642,216.544,46.1725],"dipPosition":[40.7782,222.301,-10.5847],"direction":[-0.319258,-0.814095,0.485102],"extended":false,"handId":469,"id":4694,"length":49.5125,"mcpPosition":[54.7892,255.561,8.88118],"pipPosition":[46.8991,237.909,-19.8852],"stabilizedTipPosition":[39.4455,215.422,1.33189],"timeVisible":21.8281,"tipPosition":[38.8143,217.107,1.18814],"tipVelocity":[-43.2827,149.58,-11.3135],"tool":false,"touchDistance":0.333333,"touchZone":"none","type":4,"width":15.7401}],"r":[[0.8028,0.415822,0.427322],[-0.468757,0.883069,0.0213372],[-0.368483,-0.21744,0.903848]],"s":1.1078,"t":[33.0476,-5.54536,-55.9341],"timestamp":93417076443},false],[6,{"currentFrameRate":55.3674,"devices":[],"gestures":[],"hands":[{"armBasis":[[0.990192,0.0831461,-0.112283],[-0.0499215,0.961146,0.27149],[0.130493,-0.263221,0.955869]],"armWidth":62.4607,"confidence":0.628648,"direction":[0.0460955,0.777664,-0.626988],"elbow":[55.4507,142.148,300.504],"grabStrength":0,"id":469,"palmNormal":[0.0934033,-0.628261,-0.772375],"palmPosition":[16.3179,250.145,10.3014],"palmVelocity":[-41.294,171.689,-34.2743],"palmWidth":89.1918,"pinchStrength":0.199537,"r":[[0.80495,0.412184,0.426802],[-0.466831,0.883941,0.0267797],[-0.366229,-0.220801,0.903949]],"s":1.10774,"sphereCenter":[5.30239,239.907,-32.7279],"sphereRadius":46.9204,"stabilizedPalmPosition":[16.3566,249.975,10.357],"t":[32.3005,-2.43735,-56.5807],"timeVisible":21.8459,"type":"right","wrist":[20.9138,211.813,47.5195]}],"id":1680863,"interactionBox":{"center":[0,200,0],"size":[235.247,235.247,147.751]},"pointables":[{"bases":[[[0.325661,0.72292,0.60937],[-0.860177,-0.0410052,0.508344],[0.39248,-0.689714,0.608486]],[[0.225633,0.863306,0.451435],[-0.831651,-0.0706541,0.550786],[0.507392,-0.499711,0.702027]],[[0.225633,0.863306,0.451435],[-0.962512,0.269148,-0.0336315],[-0.150537,-0.426923,0.89167]],[[0.225633,0.863306,0.451435],[-0.962538,0.269073,-0.033475],[-0.150368,-0.42697,0.891676]]],"btipPosition":[-22.3911,250.427,-46.0014],"carpPosition":[-6.04464,201.912,38.6068],"dipPosition":[-25.8407,240.632,-25.5454],"direction":[0.150537,0.426923,-0.89167],"extended":false,"handId":469,"id":4690,"length":51.0864,"mcpPosition":[-6.04464,201.912,38.6068],"pipPosition":[-30.8719,226.363,4.25582],"stabilizedTipPosition":[-22.9369,247.282,-41.0537],"timeVisible":21.8459,"tipPosition":[-23.4162,248.707,-40.8942],"tipVelocity":[-47.9708,169.836,-31.103],"tool":false,"touchDistance":0.378079,"touchZone":"hovering","type":0,"width":19.8498},{"bases":[[[0.988181,0.153205,-0.00511851],[-0.1104,0.73446,0.669612],[0.106347,-0.661133,0.742693]],[[0.977927,0.200529,-0.0587167],[-0.136441,0.825669,0.547408],[0.158252,-0.527313,0.834804]],[[0.977927,0.200529,-0.0587167],[-0.171446,0.930704,0.323105],[0.11944,-0.305906,0.94454]],[[0.977927,0.200529,-0.0587167],[-0.19098,0.971818,0.138187],[0.0847725,-0.123923,0.988664]]],"btipPosition":[-18.0719,301.5,-80.0154],"carpPosition":[0.511549,222.292,47.6375],"dipPosition":[-16.6521,299.425,-63.4573],"direction":[-0.11944,0.305906,-0.94454],"extended":true,"handId":469,"id":4691,"length":57.6453,"mcpPosition":[-7.15775,269.97,-5.92225],"pipPosition":[-13.8223,292.177,-41.0786],"stabilizedTipPosition":[-17.5417,300.31,-75.9923],"timeVisible":21.8459,"tipPosition":[-18.3581,302.109,-75.5351],"tipVelocity":[-46.7607,174.323,-30.8796],"tool":false,"touchDistance":0.418147,"touchZone":"hovering","type":1,"width":18.9605},{"bases":[[[0.997709,-0.0649924,-0.0188079],[0.0606145,0.735094,0.67525],[-0.0300605,-0.674843,0.737349]],[[0.998079,-0.0533195,-0.0315486],[0.0243168,0.80551,-0.592083],[0.0569823,0.590178,0.805259]],[[0.998079,-0.0533195,-0.0315486],[-0.0543492,-0.509099,-0.85899],[0.0297396,0.859055,-0.511019]],[[0.998079,-0.0533195,-0.0315486],[-0.0612493,-0.925793,-0.373037],[-0.00931726,0.374253,-0.92728]]],"btipPosition":[10.7711,213.156,-8.88311],"carpPosition":[12.0649,225.729,48.2649],"dipPosition":[10.5995,220.05,-25.9642],"direction":[-0.0297396,-0.859055,0.511019],"extended":false,"handId":469,"id":4692,"length":65.6822,"mcpPosition":[14.1207,271.88,-2.16178],"pipPosition":[11.4284,243.996,-40.2085],"stabilizedTipPosition":[11.0572,213.428,-12.6136],"timeVisible":21.8459,"tipPosition":[10.736,214.639,-12.8908],"tipVelocity":[-46.3312,173.34,-20.1187],"tool":false,"touchDistance":0.333333,"touchZone":"none","type":2,"width":18.6218},{"bases":[[[0.974983,-0.218821,0.0390547],[0.130752,0.706685,0.695342],[-0.179755,-0.67284,0.717617]],[[0.974467,-0.220737,0.0410986],[0.197903,0.75793,-0.621592],[0.106058,0.613855,0.782262]],[[0.974467,-0.220737,0.0410986],[-0.0890382,-0.547935,-0.831769],[0.206121,0.806872,-0.553599]],[[0.974467,-0.220737,0.0410986],[-0.193635,-0.918844,-0.343848],[0.113663,0.32711,-0.938126]]],"btipPosition":[22.8118,212.669,1.93317],"carpPosition":[24.0983,226.141,48.0425],"dipPosition":[24.8935,218.66,-15.2484],"direction":[-0.206121,-0.806872,0.553599],"extended":false,"handId":469,"id":4693,"length":63.1552,"mcpPosition":[35.1356,267.455,3.97936],"pipPosition":[30.4906,240.57,-30.2811],"stabilizedTipPosition":[23.719,212.314,-1.59568],"timeVisible":21.8459,"tipPosition":[23.2504,213.861,-1.98878],"tipVelocity":[-45.1735,172.537,-35.7288],"tool":false,"touchDistance":0.333333,"touchZone":"none","type":3,"width":17.7198},{"bases":[[[0.912529,-0.408961,0.0064176],[0.264408,0.601809,0.753601],[-0.312056,-0.685986,0.657301]],[[0.926338,-0.375872,-0.0248519],[0.298976,0.773755,-0.558495],[0.229152,0.509925,0.829135]],[[0.926338,-0.375872,-0.0248519],[-0.203216,-0.443098,-0.873137],[0.317175,0.81387,-0.486842]],[[0.926338,-0.375872,-0.0248519],[-0.351093,-0.8376,-0.418522],[0.136494,0.396418,-0.907867]]],"btipPosition":[37.6696,219.037,3.57969],"carpPosition":[36.2623,220.022,45.005],"dipPosition":[39.9759,225.735,-11.7598],"direction":[-0.317175,-0.81387,0.486842],"extended":false,"handId":469,"id":4694,"length":49.5125,"mcpPosition":[53.9993,259.013,7.64455],"pipPosition":[46.0568,241.339,-21.0936],"stabilizedTipPosition":[38.662,218.666,0.526428],"timeVisible":21.8459,"tipPosition":[38.0429,220.553,0.0225909],"tipVelocity":[-43.1638,170.478,-36.7226],"tool":false,"touchDistance":0.333333,"touchZone":