{"sensorType":"Leap","data":[[0,{"currentFrameRate":55.155,"devices":[],"gestures":[],"hands":[{"armBasis":[[0.991491,0.00586364,-0.130041],[0.027266,0.96747,0.251513],[0.127285,-0.252919,0.959078]],"armWidth":62.4607,"confidence":0.724932,"direction":[0.089244,0.729699,-0.677919],"elbow":[62.0715,140.201,306.184],"grabStrength":0,"id":469,"palmNormal":[0.0245991,-0.682042,-0.730899],"palmPosition":[25.7718,243.239,12.7819],"palmVelocity":[-54.1465,137.748,39.2308],"palmWidth":89.1918,"pinchStrength":0.195631,"r":[[0.835059,0.393904,0.384077],[-0.403404,0.913093,-0.0593757],[-0.374087,-0.105356,0.92139]],"s":1.08915,"sphereCenter":[17.3789,228.658,-29.9464],"sphereRadius":46.1246,"stabilizedPalmPosition":[26.2955,241.889,12.3515],"t":[41.9985,-8.73641,-55.4466],"timeVisible":23.22,"type":"right","wrist":[28.3837,207.139,52.3501]}],"id":1680937,"interactionBox":{"center":[0,200,0],"size":[235.247,235.247,147.751]},"pointables":[{"bases":[[[0.396082,0.732888,0.553168],[-0.847168,0.0593175,0.528004],[0.354155,-0.677759,0.644374]],[[0.307323,0.865353,0.395875],[-0.82939,0.0396181,0.557264],[0.466546,-0.499594,0.729891]],[[0.307323,0.865353,0.395875],[-0.937015,0.347751,-0.0327414],[-0.165999,-0.360879,0.917721]],[[0.307323,0.865353,0.395875],[-0.938708,0.34394,-0.0230957],[-0.156143,-0.364513,0.918014]]],"btipPosition":[-13.1785,243.697,-42.7626],"carpPosition":[0.520068,198.828,44.6838],"dipPosition":[-16.7606,235.335,-21.7023],"direction":[0.165999,0.360879,-0.917721],"extended":false,"handId":469,"id":4690,"length":51.0864,"mcpPosition":[0.520068,198.828,44.6838],"pipPosition":[-22.3085,223.274,8.9695],"stabilizedTipPosition":[-13.5811,240.872,-38.1866],"timeVisible":23.22,"tipPosition":[-14.3325,241.626,-37.7612],"tipVelocity":[-70.4704,167.658,48.4599],"tool":false,"touchDistance":0.503171,"touchZone":"hovering","type":0,"width":19.8498},{"bases":[[[0.996555,0.074655,-0.0361248],[-0.0360761,0.782413,0.621714],[0.0746786,-0.618269,0.782411]],[[0.98923,0.116265,-0.0889155],[-0.0698369,0.908793,0.411362],[0.128633,-0.400722,0.907125]],[[0.98923,0.116265,-0.0889155],[-0.102757,0.98426,0.143783],[0.104233,-0.133098,0.985607]],[[0.98923,0.116265,-0.0889155],[-0.121953,0.990632,-0.0614479],[0.0809382,0.0716297,0.994142]]],"btipPosition":[-5.7711,282.587,-82.4223],"carpPosition":[8.85666,219.171,52.2054],"dipPosition":[-4.41555,283.787,-65.7724],"direction":[-0.104233,0.133098,-0.985607],"extended":true,"handId":469,"id":4691,"length":57.6453,"mcpPosition":[3.47117,263.757,-4.21869],"pipPosition":[-1.94599,280.633,-42.4207],"stabilizedTipPosition":[-4.55427,281.301,-79.2737],"timeVisible":23.22,"tipPosition":[-5.92529,284.901,-77.8589],"tipVelocity":[-73.9655,133.513,57.4154],"tool":false,"touchDistance":0.52447,"touchZone":"hovering","type":1,"width":18.9605},{"bases":[[[0.988933,-0.144045,-0.0355404],[0.134571,0.770006,0.623683],[-0.0624723,-0.621563,0.780869]],[[0.989947,-0.132127,-0.050474],[0.0682034,0.758561,-0.648023],[0.123909,0.638066,0.759946]],[[0.989947,-0.132127,-0.050474],[-0.116387,-0.558197,-0.821505],[0.0803682,0.819121,-0.567963]],[[0.989947,-0.132127,-0.050474],[-0.141304,-0.939497,-0.312055],[-0.00618938,0.31605,-0.948722]]],"btipPosition":[16.9441,205.431,-3.64144],"carpPosition":[20.6523,221.725,52.3596],"dipPosition":[16.8301,211.253,-21.1175],"direction":[-0.0803682,-0.819121,0.567963],"extended":false,"handId":469,"id":4692,"length":65.6822,"mcpPosition":[24.9247,264.233,-1.04332],"pipPosition":[19.0703,234.086,-36.9491],"stabilizedTipPosition":[17.9199,204.51,-8.14205],"timeVisible":23.22,"tipPosition":[16.9191,206.844,-7.73237],"tipVelocity":[-65.764,148.52,26.069],"tool":false,"touchDistance":0.333333,"touchZone":"none","type":2,"width":18.6218},{"bases":[[[0.955983,-0.291577,0.0328442],[0.202822,0.737541,0.644125],[-0.212036,-0.609111,0.764215]],[[0.957911,-0.285909,0.0257473],[0.227182,0.700199,-0.676838],[0.175486,0.654199,0.735682]],[[0.957911,-0.285909,0.0257473],[-0.155455,-0.592048,-0.790767],[0.241331,0.753482,-0.611576]],[[0.957911,-0.285909,0.0257473],[-0.267854,-0.922461,-0.278065],[0.103252,0.259465,-0.960217]]],"btipPosition":[29.5614,204.714,6.9047],"carpPosition":[32.6719,221.178,51.8562],"dipPosition":[31.4524,209.466,-10.6814],"direction":[-0.241331,-0.753482,0.611576],"extended":false,"handId":469,"id":4693,"length":63.1552,"mcpPosition":[45.6913,258.579,4.93188],"pipPosition":[38.0056,229.927,-27.2885],"stabilizedTipPosition":[31.3174,202.751,2.43063],"timeVisible":23.22,"tipPosition":[29.9635,205.847,2.88817],"tipVelocity":[-60.3636,142.026,11.474],"tool":false,"touchDistance":0.333333,"touchZone":"none","type":3,"width":17.7198},{"bases":[[[0.878276,-0.477944,0.0141905],[0.329508,0.626481,0.706361],[-0.346491,-0.615704,0.707709]],[[0.884325,-0.466869,0.00154689],[0.368222,0.695426,-0.617086],[0.287023,0.546274,0.786894]],[[0.884325,-0.466869,0.00154689],[-0.256266,-0.488173,-0.834275],[0.390253,0.737374,-0.551346]],[[0.884325,-0.466869,0.00154689],[-0.437052,-0.829002,-0.348915],[0.16418,0.307878,-0.937153]]],"btipPosition":[43.7361,210.665,7.87917],"carpPosition":[44.2462,213.942,48.9741],"dipPosition":[46.5101,215.867,-7.9551],"direction":[-0.390253,-0.737374,0.551346],"extended":false,"handId":469,"id":4694,"length":49.5125,"mcpPosition":[63.9405,248.938,8.7484],"pipPosition":[53.9921,230.004,-18.5257],"stabilizedTipPosition":[45.9968,208.204,3.49617],"timeVisible":23.22,"tipPosition":[44.4717,211.85,4.09535],"tipVelocity":[-60.2703,138.434,19.6067],"tool":false,"touchDistance":0.333333,"touchZone":"none","type":4,"width":15.7401}],"r":[[0.835059,0.393904,0.384077],[-0.403404,0.913093,-0.0593757],[-0.374087,-0.105356,0.92139]],"s":1.08915,"t":[41.9985,-8.73641,-55.4466],"timestamp":93418468351},false],[1,{"currentFrameRate":55.1599,"devices":[],"gestures":[],"hands":[{"armBasis":[[0.990845,0.0158536,-0.134069],[0.018917,0.96698,0.254151],[0.133672,-0.254361,0.957827]],"armWidth":62.4607,"confidence":0.729501,"direction":[0.0819262,0.739326,-0.668346],"elbow":[62.9477,142.306,306.136],"grabStrength":0,"id":469,"palmNormal":[0.0308864,-0.672161,-0.73976],"palmPosition":[24.5936,246.213,13.542],"palmVelocity":[-59.3352,150.342,40.5312],"palmWidth":89.1918,"pinchStrength":0.197065,"r":[[0.83792,0.388044,0.383812],[-0.402441,0.9143,-0.0457909],[-0.368688,-0.116092,0.922275]],"s":1.0863,"sphereCenter":[16.7835,231.894,-29.4345],"sphereRadius":46.0633,"stabilizedPalmPosition":[24.9648,245.27,13.2823],"t":[40.9138,-5.9987,-54.7167],"timeVisible":23.2381,"type":"right","wrist":[27.5696,209.626,52.6341]}],"id":1680938,"interactionBox":{"center":[0,200,0],"size":[235.247,235.247,147.751]},"pointables":[{"bases":[[[0.389213,0.729385,0.562594],[-0.847489,0.0442293,0.528967],[0.360937,-0.682673,0.63536]],[[0.299082,0.863071,0.407012],[-0.830281,0.025151,0.556778],[0.470302,-0.504457,0.724113]],[[0.299082,0.863071,0.407012],[-0.940552,0.338587,-0.0268345],[-0.160969,-0.37479,0.913029]],[[0.299082,0.863071,0.407012],[-0.942107,0.334841,-0.017749],[-0.151603,-0.378141,0.91325]]],"btipPosition":[-14.3701,247.032,-42.0301],"carpPosition":[-0.215576,201.147,44.8675],"dipPosition":[-17.8481,238.357,-21.0792],"direction":[0.160969,0.37479,-0.913029],"extended":false,"handId":469,"id":4690,"length":51.0864,"mcpPosition":[-0.215576,201.147,44.8675],"pipPosition":[-23.2279,225.831,9.43582],"stabilizedTipPosition":[-14.832,244.151,-37.4189],"timeVisible":23.2381,"tipPosition":[-15.4937,244.883,-37.0413],"tipVelocity":[-67.6159,173.603,43.9822],"tool":false,"touchDistance":0.496796,"touchZone":"hovering","type":0,"width":19.8498},{"bases":[[[0.995773,0.0847385,-0.0354197],[-0.0433752,0.773835,0.6319],[0.0809553,-0.627693,0.77424]],[[0.988123,0.126556,-0.0871555],[-0.0793561,0.90597,0.415838],[0.131587,-0.403983,0.905253]],[[0.988123,0.126556,-0.0871555],[-0.113276,0.983166,0.143361],[0.103832,-0.131786,0.985825]],[[0.988123,0.126556,-0.0871555],[-0.132425,0.989047,-0.0651903],[0.0779506,0.0759576,0.994059]]],"btipPosition":[-7.21793,285.599,-81.3113],"carpPosition":[7.92734,221.469,52.652],"dipPosition":[-5.91242,286.871,-64.6629],"direction":[-0.103832,0.131786,-0.985825],"extended":true,"handId":469,"id":4691,"length":57.6453,"mcpPosition":[2.0892,266.736,-3.1828],"pipPosition":[-3.45237,283.749,-41.306],"stabilizedTipPosition":[-6.11196,284.327,-78.0929],"timeVisible":23.2381,"tipPosition":[-7.38192,287.92,-76.7532],"tipVelocity":[-77.0837,149.557,59.273],"tool":false,"touchDistance":0.522016,"touchZone":"hovering","type":1,"width":18.9605},{"bases":[[[0.990262,-0.134014,-0.0376926],[0.127384,0.763052,0.63366],[-0.056158,-0.632291,0.772693]],[[0.991157,-0.121875,-0.05249],[0.0608385,0.768894,-0.636475],[0.11793,0.627653,0.769509]],[[0.991157,-0.121875,-0.05249],[-0.11123,-0.547336,-0.829488],[0.0723643,0.827991,-0.556052]],[[0.991157,-0.121875,-0.05249],[-0.13235,-0.936554,-0.324578],[-0.00960177,0.328654,-0.944401]]],"btipPosition":[16.1263,208.588,-3.46892],"carpPosition":[19.6979,224.135,52.8364],"dipPosition":[15.9494,214.642,-20.8654],"direction":[-0.0723643,-0.827991,0.556052],"extended":false,"handId":469,"id":4692,"length":65.6822,"mcpPosition":[23.5385,267.377,-0.00739073],"pipPosition":[17.9665,237.722,-36.365],"stabilizedTipPosition":[16.7577,207.976,-7.71632],"timeVisible":23.2381,"tipPosition":[16.0854,210.033,-7.4996],"tipVelocity":[-56.3363,162.18,18.6774],"tool":false,"touchDistance":0.333333,"touchZone":"none","type":2,"width":18.6218},{"bases":[[[0.958766,-0.282739,0.0287663],[0.195954,0.730982,0.653657],[-0.205842,-0.621067,0.756244]],[[0.960654,-0.276902,0.0216732],[0.220024,0.711058,-0.667821],[0.16951,0.646314,0.744006]],[[0.960654,-0.276902,0.0216732],[-0.150118,-0.583286,-0.798274],[0.233685,0.763612,-0.601904]],[[0.960654,-0.276902,0.0216732],[-0.25903,-0.921341,-0.289885],[0.100238,0.272865,-0.956816]]],"btipPosition":[28.7556,207.806,7.171],"carpPosition":[31.7219,223.711,52.3226],"dipPosition":[30.5915,212.804,-10.3528],"direction":[-0.233685,-0.763612,0.601904],"extended":false,"handId":469,"id":4693,"length":63.1552,"mcpPosition":[44.361,261.846,5.88767],"pipPosition":[36.9371,233.539,-26.6973],"stabilizedTipPosition":[30.1091,206.255,2.83154],"timeVisible":23.2381,"tipPosition":[29.144,208.995,3.16489],"tipVelocity":[-53.1422,157.161,13.387],"tool":false,"touchDistance":0.333333,"touchZone":"none","type":3,"width":17.7198},{"bases":[[[0.882853,-0.469587,0.00769897],[0.323731,0.620347,0.714401],[-0.340249,-0.628218,0.699694]],[[0.888916,-0.458043,-0.00507243],[0.360987,0.707292,-0.607805],[0.281988,0.538456,0.79407]],[[0.888916,-0.458043,-0.00507243],[-0.251784,-0.479321,-0.840747],[0.382667,0.74863,-0.541404]],[[0.888916,-0.458043,-0.00507243],[-0.428969,-0.828507,-0.359947],[0.160669,0.322139,-0.932959]]],"btipPosition":[42.8788,213.874,8.19336],"carpPosition":[43.3644,216.625,49.3429],"dipPosition":[45.5935,219.317,-7.57005],"direction":[-0.382667,-0.74863,0.541404],"extended":false,"handId":469,"id":4694,"length":49.5125,"mcpPosition":[62.7039,252.333,9.5728],"pipPosition":[52.9301,233.67,-17.95],"stabilizedTipPosition":[44.7019,211.798,4.05265],"timeVisible":23.2381,"tipPosition":[43.5955,215.12,4.43423],"tipVelocity":[-54.4729,158.324,18.9596],"tool":false,"touchDistance":0.333333,"touchZone":"none","type":4,"width":15.7401}],"r":[[0.83792,0.388044,0.383812],[-0.402441,0.9143,-0.0457909],[-0.368688,-0.116092,0.922275]],"s":1.0863,"t":[40.9138,-5.9987,-54.7167],"timestamp":93418486463},false],[2,{"currentFrameRate":55.2655,"devices":[],"gestures":[],"hands":[{"armBasis":[[0.991515,0.0237257,-0.127805],[0.0118549,0.9626,0.270667],[0.129447,-0.269886,0.954152]],"armWidth":62.4607,"confidence":0.735525,"direction":[0.0773676,0.743736,-0.663981],"elbow":[61.0478,140.385,305.301],"grabStrength":0,"id":469,"palmNormal":[0.0352111,-0.6676,-0.743687],"palmPosition":[23.5873,248.611,13.8941],"palmVelocity":[-58.1286,143.261,30.8449],"palmWidth":89.1918,"pinchStrength":0.198606,"r":[[0.839707,0.383961,0.384013],[-0.402759,0.914679,-0.0338578],[-0.364249,-0.126234,0.922707]],"s":1.08357,"sphereCenter":[16.2873,234.307,-29.2316],"sphereRadius":46.0152,"stabilizedPalmPosition":[23.8163,248.055,13.7924],"t":[39.8683,-3.43107,-54.1757],"timeVisible":23.2558,"type":"right","wrist":[26.7879,211.815,52.7714]}],"id":1680939,"interactionBox":{"center":[0,200,0],"size":[235.247,235.247,147.751]},"pointables":[{"bases":[[[0.384544,0.728502,0.566931],[-0.847822,0.0357962,0.529072],[0.365135,-0.684108,0.631405]],[[0.293501,0.862638,0.411962],[-0.83128,0.0175097,0.555578],[0.472049,-0.505519,0.722233]],[[0.293501,0.862638,0.411962],[-0.942968,0.332052,-0.0234944],[-0.15706,-0.381572,0.910898]],[[0.293501,0.862638,0.411962],[-0.944384,0.328499,-0.015045],[-0.148308,-0.384635,0.911077]]],"btipPosition":[-15.3887,249.519,-41.7342],"carpPosition":[-0.942347,203.207,44.9503],"dipPosition":[-18.791,240.695,-20.8331],"direction":[0.15706,0.381572,-0.910898],"extended":false,"handId":469,"id":4690,"length":51.0864,"mcpPosition":[-0.942347,203.207,44.9503],"pipPosition":[-24.0402,227.942,9.61069],"stabilizedTipPosition":[-15.8985,246.81,-37.0271],"timeVisible":23.2558,"tipPosition":[-16.4791,247.334,-36.7412],"tipVelocity":[-62.3917,157.08,30.8896],"tool":false,"touchDistance":0.484717,"touchZone":"hovering","type":0,"width":19.8498},{"bases":[[[0.995226,0.0912018,-0.0347503],[-0.0483242,0.769825,0.636423],[0.0847946,-0.631706,0.770557]],[[0.987402,0.132932,-0.0858222],[-0.085891,0.905822,0.41486],[0.132888,-0.402263,0.905829]],[[0.987402,0.132932,-0.0858222],[-0.120324,0.983051,0.138318],[0.102755,-0.126249,0.986662]],[[0.987402,0.132932,-0.0858222],[-0.139274,0.987583,-0.0726811],[0.0750948,0.0837182,0.993656]]],"btipPosition":[-8.33198,287.619,-80.8797],"carpPosition":[7.07161,223.534,52.8554],"dipPosition":[-7.0743,289.021,-64.238],"direction":[-0.102755,0.126249,-0.986662],"extended":true,"handId":469,"id":4691,"length":57.6453,"mcpPosition":[0.956591,269.089,-2.7138],"pipPosition":[-4.63976,286.03,-40.8613],"stabilizedTipPosition":[-7.42052,286.777,-77.3875],"timeVisible":23.2558,"tipPosition":[-8.49998,289.944,-76.3442],"tipVelocity":[-70.698,133.652,42.8646],"tool":false,"touchDistance":0.509599,"touchZone":"hovering","type":1,"width":18.9605},{"bases":[[[0.99109,-0.127564,-0.0383079],[0.1225,0.760105,0.638149],[-0.0522869,-0.637156,0.768959]],[[0.991911,-0.115307,-0.0530646],[0.0563477,0.774612,-0.629921],[0.113739,0.621836,0.774844]],[[0.991911,-0.115307,-0.0530646],[-0.107525,-0.541148,-0.834024],[0.0674532,0.832984,-0.54917]],[[0.991911,-0.115307,-0.0530646],[-0.126417,-0.935013,-0.331314],[-0.0114132,0.335343,-0.942027]]],"btipPosition":[15.3571,211.07,-3.48018],"carpPosition":[18.8251,226.272,53.0575],"dipPosition":[15.1468,217.247,-20.8329],"direction":[-0.0674532,-0.832984,0.54917],"extended":false,"handId":469,"id":4692,"length":65.6822,"mcpPosition":[22.401,269.846,0.469013],"pipPosition":[17.027,240.466,-36.1407],"stabilizedTipPosition":[15.8139,210.917,-7.55672],"timeVisible":23.2558,"tipPosition":[15.3089,212.526,-7.44503],"tipVelocity":[-50.4707,152.537,9.89223],"tool":false,"touchDistance":0.333333,"touchZone":"none","type":2,"width":18.6218},{"bases":[[[0.96052,-0.276871,0.0272717],[0.191266,0.72835,0.657969],[-0.202036,-0.626776,0.752551]],[[0.962417,-0.270834,0.0200379],[0.215614,0.717157,-0.66272],[0.165117,0.642133,0.748599]],[[0.962417,-0.270834,0.0200379],[-0.146141,-0.578679,-0.802355],[0.228901,0.769272,-0.59651]],[[0.962417,-0.270834,0.0200379],[-0.253046,-0.921098,-0.295883],[0.0985922,0.279693,-0.955014]]],"btipPosition":[28.0042,210.277,7.23778],"carpPosition":[30.8517,225.926,52.5433],"dipPosition":[29.8099,215.399,-10.2531],"direction":[-0.228901,-0.769272,0.59651],"extended":false,"handId":469,"id":4693,"length":63.1552,"mcpPosition":[43.2571,264.412,6.3351],"pipPosition":[36.0256,236.289,-26.451],"stabilizedTipPosition":[29.1216,209.294,3.05559],"timeVisible":23.2558,"tipPosition":[28.3817,211.488,3.26212],"tipVelocity":[-48.2845,149.573,9.07918],"tool":false,"touchDistance":0.333333,"touchZone":"none","type":3,"width":17.7198},{"bases":[[[0.885786,-0.464066,0.00509505],[0.319728,0.618165,0.718085],[-0.336388,-0.634441,0.695937]],[[0.891855,-0.452255,-0.00777393],[0.35644,0.713278,-0.603477],[0.278471,0.535443,0.797342]],[[0.891855,-0.452255,-0.00777393],[-0.248612,-0.475765,-0.843706],[0.377872,0.754396,-0.536749]],[[0.891855,-0.452255,-0.00777393],[-0.423583,-0.829036,-0.365071],[0.15866,0.328883,-0.930947]]],"btipPosition":[42.0816,216.414,8.35142],"carpPosition":[42.5388,218.932,49.524],"dipPosition":[44.7623,221.971,-7.378],"direction":[-0.377872,-0.754396,0.536749],"extended":false,"handId":469,"id":4694,"length":49.5125,"mcpPosition":[61.6589,254.993,9.9675],"pipPosition":[52.007,236.434,-17.6687],"stabilizedTipPosition":[43.6122,215.003,4.42298],"timeVisible":23.2558,"tipPosition":[42.7873,217.689,4.60482],"tipVelocity":[-50.2239,151.963,14.459],"tool":false,"touchDistance":0.333333,"touchZone":"none","type":4,"width":15.7401}],"r":[[0.839707,0.383961,0.384013],[-0.402759,0.914679,-0.0338578],[-0.364249,-0.126234,0.922707]],"s":1.08357,"t":[39.8683,-3.43107,-54.1757],"timestamp":93418504192},false],[3,{"currentFrameRate":55.1999,"devices":[],"gestures":[],"hands":[{"armBasis":[[0.991563,0.024783,-0.127233],[0.010481,0.96301,0.269261],[0.1292,-0.268323,0.954626]],"armWidth":62.4607,"confidence":0.711438,"direction":[0.0747141,0.747196,-0.660391],"elbow":[60.4066,142.189,305.418],"grabStrength":0,"id":469,"palmNormal":[0.0357758,-0.663824,-0.747033],"palmPosition":[22.872,250.185,14.0727],"palmVelocity":[-48.9403,115.676,20.7093],"palmWidth":89.1918,"pinchStrength":0.197506,"r":[[0.84106,0.380711,0.384287],[-0.403412,0.914722,-0.0232924],[-0.360384,-0.135436,0.92292]],"s":1.08106,"sphereCenter":[15.8854,235.918,-29.1867],"sphereRadius":45.9829,"stabilizedPalmPosition":[22.9918,249.915,14.0372],"t":[38.9879,-1.36021,-53.8159],"timeVisible":23.2742,"type":"right","wrist":[26.2121,213.204,52.7628]}],"id":1680940,"interactionBox":{"center":[0,200,0],"size":[235.247,235.247,147.751]},"pointables":[{"bases":[[[0.383595,0.726592,0.570017],[-0.847186,0.0311717,0.530382],[0.367603,-0.686362,0.627515]],[[0.291932,0.861385,0.415682],[-0.831343,0.0136369,0.555592],[0.47291,-0.507769,0.720088]],[[0.291932,0.861385,0.415682],[-0.944147,0.328994,-0.0186769],[-0.152845,-0.387012,0.909318]],[[0.291932,0.861385,0.415682],[-0.945395,0.32574,-0.0110578],[-0.144929,-0.389755,0.909443]]],"btipPosition":[-16.2152,251.291,-41.5528],"carpPosition":[-1.50838,204.57,44.9365],"dipPosition":[-19.54,242.35,-20.6892],"direction":[0.152845,0.387012,-0.909318],"extended":false,"handId":469,"id":4690,"length":51.0864,"mcpPosition":[-1.50838,204.57,44.9365],"pipPosition":[-24.6484,229.415,9.7018],"stabilizedTipPosition":[-16.7739,248.773,-36.8062],"timeVisible":23.2742,"tipPosition":[-17.2655,249.077,-36.5532],"tipVelocity":[-53.6029,127.344,20.5799],"tool":false,"touchDistance":0.47217,"touchZone":"hovering","type":0,"width":19.8498},{"bases":[[[0.99496,0.0937247,-0.0356359],[-0.0492752,0.766547,0.640295],[0.0873281,-0.635312,0.767302]],[[0.987022,0.135472,-0.0862258],[-0.0879766,0.905375,0.415399],[0.134342,-0.402422,0.905543]],[[0.987022,0.135472,-0.0862258],[-0.122995,0.982979,0.136474],[0.103247,-0.124097,0.986884]],[[0.987022,0.135472,-0.0862258],[-0.142099,0.98693,-0.0760021],[0.0748027,0.0872684,0.993372]]],"btipPosition":[-9.18592,289.118,-80.5574],"carpPosition":[6.46836,224.876,52.9314],"dipPosition":[-7.93313,290.579,-63.9205],"direction":[-0.103247,0.124097,-0.986884],"extended":true,"handId":469,"id":4691,"length":57.6453,"mcpPosition":[0.170641,270.692,-2.40307],"pipPosition":[-5.48694,287.639,-40.5385],"stabilizedTipPosition":[-8.46002,288.661,-76.9255],"timeVisible":23.2742,"tipPosition":[-9.33761,291.4,-76.0491],"tipVelocity":[-59.1341,109.069,30.6893],"tool":false,"touchDistance":0.49679,"touchZone":"hovering","type":1,"width":18.9605},{"bases":[[[0.991335,-0.12503,-0.040272],[0.121573,0.757223,0.641743],[-0.0497422,-0.641078,0.765862]],[[0.992107,-0.112708,-0.0549577],[0.0537065,0.777985,-0.625983],[0.11331,0.61809,0.777898]],[[0.992107,-0.112708,-0.0549577],[-0.107358,-0.537026,-0.836706],[0.0647897,0.836002,-0.544888]],[[0.992107,-0.112708,-0.0549577],[-0.124671,-0.933578,-0.335989],[-0.0134387,0.340189,-0.940261]]],"btipPosition":[14.7054,212.711,-3.49075],"carpPosition":[18.2156,227.641,53.1313],"dipPosition":[14.4579,218.977,-20.8109],"direction":[-0.0647897,-0.836002,0.544888],"extended":false,"handId":469,"id":4692,"length":65.6822,"mcpPosition":[21.6175,271.484,0.754622],"pipPosition":[16.2638,242.28,-35.9994],"stabilizedTipPosition":[15.0334,213.083,-7.50159],"timeVisible":23.2742,"tipPosition":[14.6491,214.186,-7.44291],"tipVelocity":[-43.5193,122.788,5.06149],"tool":false,"touchDistance":0.333333,"touchZone":"none","type":2,"width":18.6218},{"bases":[[[0.961206,-0.274732,0.0246078],[0.190441,0.725533,0.661313],[-0.199537,-0.630971,0.749707]],[[0.963175,-0.268335,0.0170233],[0.213536,0.724928,-0.654891],[0.16339,0.63441,0.755531]],[[0.963175,-0.268335,0.0170233],[-0.143924,-0.568015,-0.810337],[0.227112,0.778046,-0.585717]],[[0.963175,-0.268335,0.0170233],[-0.250304,-0.917971,-0.307697],[0.098193,0.292105,-0.951332]]],"btipPosition":[27.3729,211.807,6.80424],"carpPosition":[30.2423,227.327,52.5992],"dipPosition":[29.1713,217.157,-10.6192],"direction":[-0.227112,-0.778046,0.585717],"extended":false,"handId":469,"id":4693,"length":63.1552,"mcpPosition":[42.4943,266.07,6.56565],"pipPosition":[35.3384,238.285,-26.524],"stabilizedTipPosition":[28.316,211.553,2.89947],"timeVisible":23.2742,"tipPosition":[27.7499,213.094,2.98909],"tipVelocity":[-41.6687,119.183,-6.22338],"tool":false,"touchDistance":0.333333,"touchZone":"none","type":3,"width":17.7198},{"bases":[[[0.886883,-0.461991,0.00160426],[0.319244,0.615355,0.720709],[-0.333948,-0.638673,0.693236]],[[0.893122,-0.449663,-0.0116843],[0.353786,0.718258,-0.599117],[0.277793,0.53095,0.800576]],[[0.893122,-0.449663,-0.0116843],[-0.248003,-0.470581,-0.846787],[0.375271,0.759181,-0.531804]],[[0.893122,-0.449663,-0.0116843],[-0.421628,-0.827822,-0.370054],[0.156727,0.33543,-0.928937]]],"btipPosition":[41.4518,218.051,8.26963],"carpPosition":[41.9418,220.375,49.5296],"dipPosition":[44.0999,223.718,-7.42582],"direction":[-0.375271,-0.759181,0.531804],"extended":false,"handId":469,"id":4694,"length":49.5125,"mcpPosition":[60.9231,256.676,10.1266],"pipPosition":[51.2947,238.273,-17.6217],"stabilizedTipPosition":[42.7303,217.477,4.55754],"timeVisible":23.2742,"tipPosition":[42.1397,219.354,4.56435],"tipVelocity":[-42.7892,122.507,5.57971],"tool":false,"touchDistance":0.333333,"touchZone":"none","type":4,"width":15.7401}],"r":[[0.84106,0.380711,0.384287],[-0.403412,0.914722,-0.0232924],[-0.360384,-0.135436,0.92292]],"s":1.08106,"t":[38.9879,-1.36021,-53.8159],"timestamp":93418522535},false],[4,{"currentFrameRate":55.2783,"devices":[],"gestures":[],"hands":[{"armBasis":[[0.991113,0.0268942,-0.130273],[0.00903318,0.96348,0.267629],[0.132713,-0.266428,0.954675]],"armWidth":62.4607,"confidence":0.71345,"direction":[0.0717451,0.750495,-0.65697],"elbow":[60.9343,143.842,305.393],"grabStrength":0,"id":469,"palmNormal":[0.0361929,-0.660192,-0.750224],"palmPosition":[22.3129,251.51,14.2157],"palmVelocity":[-40.6789,96.2583,14.7417],"palmWidth":89.1918,"pinchStrength":0.195833,"r":[[0.842082,0.378168,0.384559],[-0.404367,0.914492,-0.0138391],[-0.35691,-0.143849,0.922997]],"s":1.0788,"sphereCenter":[15.6017,237.291,-29.1637],"sphereRadius":45.958,"stabilizedPalmPosition":[22.4054,251.293,14.1913],"t":[38.2681,0.338016,-53.5645],"timeVisible":23.292,"type":"right","wrist":[25.8099,214.356,52.7247]}],"id":1680941,"interactionBox":{"center":[0,200,0],"size":[235.247,235.247,147.751]},"pointables":[{"bases":[[[0.382724,0.724849,0.572814],[-0.846377,0.0265373,0.531923],[0.370363,-0.688397,0.623652]],[[0.290439,0.860173,0.419223],[-0.831142,0.00967031,0.555976],[0.474182,-0.509911,0.717734]],[[0.290439,0.860173,0.419223],[-0.945373,0.325717,-0.0133566],[-0.148037,-0.392443,0.907785]],[[0.290439,0.860173,0.419223],[-0.946402,0.322918,-0.00690156],[-0.141311,-0.394749,0.907857]]],"btipPosition":[-16.9146,252.811,-41.383],"carpPosition":[-1.90187,205.689,44.9035],"dipPosition":[-20.1564,243.755,-20.5558],"direction":[0.148037,0.392443,-0.907785],"extended":false,"handId":469,"id":4690,"length":51.0864,"mcpPosition":[-1.90187,205.689,44.9035],"pipPosition":[-25.1041,230.639,9.78395],"stabilizedTipPosition":[-17.4755,250.321,-36.6372],"timeVisible":23.292,"tipPosition":[-17.9197,250.563,-36.3812],"tipVelocity":[-46.3479,106.874,15.1606],"tool":false,"touchDistance":0.460708,"touchZone":"hovering","type":0,"width":19.8498},{"bases":[[[0.994662,0.096389,-0.0368363],[-0.050127,0.763385,0.643996],[0.0901944,-0.638712,0.764142]],[[0.986606,0.138065,-0.0868658],[-0.0899678,0.904791,0.416243],[0.136064,-0.402853,0.905094]],[[0.986606,0.138065,-0.0868658],[-0.125604,0.982788,0.135466],[0.104074,-0.122741,0.986967]],[[0.986606,0.138065,-0.0868658],[-0.144912,0.986352,-0.07817],[0.0748877,0.0897109,0.993148]]],"btipPosition":[-9.91721,290.409,-80.259],"carpPosition":[6.03734,225.977,52.9812],"dipPosition":[-8.66299,291.912,-63.6258],"direction":[-0.104074,0.122741,-0.986967],"extended":true,"handId":469,"id":4691,"length":57.6453,"mcpPosition":[-0.467083,272.038,-2.12535],"pipPosition":[-6.1972,289.004,-40.2419],"stabilizedTipPosition":[-9.27121,290.114,-76.5839],"timeVisible":23.292,"tipPosition":[-10.0594,292.652,-75.7712],"tipVelocity":[-50.6147,92.1032,24.1086],"tool":false,"touchDistance":0.484908,"touchZone":"hovering","type":1,"width":18.9605},{"bases":[[[0.991577,-0.12235,-0.0425016],[0.120746,0.754483,0.645117],[-0.0468633,-0.644815,0.762901]],[[0.992292,-0.109973,-0.0571107],[0.0507277,0.780986,-0.622485],[0.113059,0.61479,0.780545]],[[0.992292,-0.109973,-0.0571107],[-0.107407,-0.533444,-0.838988],[0.0618006,0.838656,-0.541145]],[[0.992292,-0.109973,-0.0571107],[-0.122901,-0.932318,-0.340116],[-0.0158418,0.344513,-0.938648]]],"btipPosition":[14.2103,214.098,-3.50389],"carpPosition":[17.778,228.771,53.1747],"dipPosition":[13.9185,220.444,-20.7944],"direction":[-0.0618006,-0.838656,0.541145],"extended":false,"handId":469,"id":4692,"length":65.6822,"mcpPosition":[20.9829,272.869,1.0006],"pipPosition":[15.6411,243.822,-35.8784],"stabilizedTipPosition":[14.4537,214.695,-7.48799],"timeVisible":23.292,"tipPosition":[14.1439,215.592,-7.45236],"tipVelocity":[-36.3881,102.14,2.51431],"tool":false,"touchDistance":0.333333,"touchZone":"none","type":2,"width":18.6218},{"bases":[[[0.96193,-0.272432,0.0217188],[0.189726,0.722873,0.664423],[-0.19671,-0.635008,0.747041]],[[0.96395,-0.265725,0.013845],[0.210968,0.731531,-0.648347],[0.162154,0.627895,0.761219]],[[0.96395,-0.265725,0.013845],[-0.142594,-0.559806,-0.816263],[0.224652,0.784862,-0.577515]],[[0.96395,-0.265725,0.013845],[-0.247886,-0.915717,-0.316252],[0.0967141,0.301419,-0.948574]]],"btipPosition":[26.9095,213.147,6.46768],"carpPosition":[29.8045,228.489,52.6213],"dipPosition":[28.6808,218.667,-10.9052],"direction":[-0.224652,-0.784862,0.577515],"extended":false,"handId":469,"id":4693,"length":63.1552,"mcpPosition":[41.8829,267.48,6.75143],"pipPosition":[34.7811,239.98,-26.5874],"stabilizedTipPosition":[27.7338,213.222,2.65034],"timeVisible":23.292,"tipPosition":[27.2781,214.476,2.75494],"tipVelocity":[-34.4662,99.5261,-11.8734],"tool":false,"touchDistance":0.333333,"touchZone":"none","type":3,"width":17.7198},{"bases":[[[0.888038,-0.459766,-0.00204781],[0.318902,0.61274,0.723084],[-0.331195,-0.642779,0.690757]],[[0.894548,-0.446685,-0.0160033],[0.350867,0.723939,-0.593973],[0.276904,0.525723,0.804326]],[[0.894548,-0.446685,-0.0160033],[-0.246841,-0.463851,-0.85083],[0.37263,0.765059,-0.525197]],[[0.894548,-0.446685,-0.0160033],[-0.419212,-0.826032,-0.37674],[0.155065,0.343721,-0.926181]]],"btipPosition":[40.9793,219.419,8.07727],"carpPosition":[41.5162,221.581,49.4995],"dipPosition":[43.5993,225.226,-7.57161],"direction":[-0.37263,-0.765059,0.525197],"extended":false,"handId":469,"id":4694,"length":49.5125,"mcpPosition":[60.3411,258.116,10.2374],"pipPosition":[50.7434,239.894,-17.6408],"stabilizedTipPosition":[42.0922,219.298,4.51336],"timeVisible":23.292,"tipPosition":[41.6496,220.764,4.44369],"tipVelocity":[-35.3075,101.848,-1.83976],"tool":false,"touchDistance":0.333333,"touchZone":"none","type":4,"width":15.7401}],"r":[[0.842082,0.378168,0.384559],[-0.404367,0.914492,-0.0138391],[-0.35691,-0.143849,0.922997]],"s":1.0788,"t":[38.2681,0.338016,-53.5645],"timestamp":93418540354},false],[5,{"currentFrameRate":55.2974,"devices":[],"gestures":[],"hands":[{"armBasis":[[0.991772,0.0301557,-0.124417],[0.00563109,0.960644,0.277724],[0.127896,-0.276139,0.95257]],"armWidth":62.4607,"confidence":0.66481,"direction":[0.0677584,0.759031,-0.647519],"elbow":[59.2357,142.591,304.48],"grabStrength":0,"id":469,"palmNormal":[0.0378476,-0.650499,-0.758563],"palmPosition":[21.6836,253.299,14.3381],"palmVelocity":[-37.9516,97.6887,10.9731],"palmWidth":89.1918,"pinchStrength":0.194601,"r":[[0.8427,0.375847,0.385481],[-0.405853,0.91393,-0.00385322],[-0.353751,-0.153202,0.922708]],"s":1.07679,"sphereCenter":[15.2728,239.473,-29.2592],"sphereRadius":45.9339,"stabilizedPalmPosition":[21.7847,253.018,14.3175],"t":[37.5936,2.0815,-53.3776],"timeVisible":23.31,"type":"right","wrist":[25.3863,215.675,52.3693]}],"id":1680942,"interactionBox":{"center":[0,200,0],"size":[235.247,235.247,147.751]},"pointables":[{"bases":[[[0.380553,0.719114,0.581424],[-0.845736,0.0163321,0.533351],[0.374045,-0.6947,0.614396]],[[0.287373,0.856137,0.429471],[-0.831103,-3.2461e-7,0.556118],[0.476114,-0.516748,0.711538]],[[0.287373,0.856137,0.429471],[-0.947075,0.320954,-0.00609308],[-0.143057,-0.404991,0.90306]],[[0.287373,0.856137,0.429471],[-0.94792,0.318508,-0.000652202],[-0.137349,-0.406917,0.90308]]],"btipPosition":[-17.6653,255.15,-41.2396],"carpPosition":[-2.30071,206.994,44.4762],"dipPosition":[-20.8162,245.815,-20.5219],"direction":[0.143057,0.404991,-0.90306],"extended":false,"handId":469,"id":4690,"length":51.0864,"mcpPosition":[-2.30071,206.994,44.4762],"pipPosition":[-25.5975,232.279,9.65991],"stabilizedTipPosition":[-18.1952,252.431,-36.5092],"timeVisible":23.31,"tipPosition":[-18.6263,252.836,-36.2509],"tipVelocity":[-43.578,116.044,11.0847],"tool":false,"touchDistance":0.449744,"touchZone":"hovering","type":0,"width":19.8498},{"bases":[[[0.994207,0.100933,-0.036949],[-0.0523518,0.754969,0.653668],[0.0938717,-0.647947,0.755879]],[[0.985971,0.142966,-0.0861559],[-0.0935935,0.90089,0.423836],[0.138211,-0.409826,0.901632]],[[0.985971,0.142966,-0.0861559],[-0.129944,0.981385,0.141415],[0.10477,-0.128235,0.986194]],[[0.985971,0.142966,-0.0861559],[-0.149405,0.986034,-0.0735868],[0.0744323,0.0854266,0.99356]]],"btipPosition":[-10.7523,292.805,-79.6878],"carpPosition":[5.56669,227.211,52.7993],"dipPosition":[-9.50574,294.236,-63.0477],"direction":[-0.10477,0.128235,-0.986194],"extended":true,"handId":469,"id":4691,"length":57.6453,"mcpPosition":[-1.20293,273.938,-1.71139],"pipPosition":[-7.02346,291.197,-39.6821],"stabilizedTipPosition":[-10.1024,292.216,-76.0806],"timeVisible":23.31,"tipPosition":[-10.8889,294.989,-75.2018],"tipVelocity":[-48.6384,111.036,27.7495],"tool":false,"touchDistance":0.478342,"touchZone":"hovering","type":1,"width":18.9605},{"bases":[[[0.992009,-0.117728,-0.0453767],[0.118558,0.746755,0.654447],[-0.0431615,-0.654597,0.754745]],[[0.992653,-0.105174,-0.0598185],[0.04668,0.789005,-0.612611],[0.111628,0.605318,0.788118]],[[0.992653,-0.105174,-0.0598185],[-0.106387,-0.523191,-0.845549],[0.0576329,0.845701,-0.530536]],[[0.992653,-0.105174,-0.0598185],[-0.119566,-0.928421,-0.351765],[-0.0185403,0.356333,-0.934175]]],"btipPosition":[13.7087,216.08,-3.84435],"carpPosition":[17.2961,230.05,53.0124],"dipPosition":[13.3672,222.644,-21.0524],"direction":[-0.0576329,-0.845701,0.530536],"extended":false,"handId":469,"id":4692,"length":65.6822,"mcpPosition":[20.2478,274.817,1.39603],"pipPosition":[14.9737,246.218,-35.8408],"stabilizedTipPosition":[13.9234,216.559,-7.69034],"timeVisible":23.31,"tipPosition":[13.6311,217.624,-7.7729],"tipVelocity":[-32.6349,107.183,-7.13759],"tool":false,"touchDistance":0.333333,"touchZone":"none","type":2,"width":18.6218},{"bases":[[[0.963066,-0.26873,0.0169798],[0.187693,0.715188,0.673259],[-0.193069,-0.645206,0.739212]],[[0.965083,-0.261789,0.00904331],[0.207107,0.741452,-0.638244],[0.16038,0.617831,0.769781]],[[0.965083,-0.261789,0.00904331],[-0.141086,-0.548583,-0.824107],[0.220703,0.794055,-0.566363]],[[0.965083,-0.261789,0.00904331],[-0.24437,-0.912228,-0.328821],[0.0943311,0.315129,-0.944349]]],"btipPosition":[26.4328,215.049,6.01121],"carpPosition":[29.3228,229.825,52.4393],"dipPosition":[28.1605,220.821,-11.2843],"direction":[-0.220703,-0.794055,0.566363],"extended":false,"handId":469,"id":4693,"length":63.1552,"mcpPosition":[41.1777,269.442,7.05017],"pipPosition":[34.1536,242.383,-26.6636],"stabilizedTipPosition":[27.2174,215.025,2.29768],"timeVisible":23.31,"tipPosition":[26.7906,216.43,2.33704],"tipVelocity":[-30.9316,103.91,-17.787],"tool":false,"touchDistance":0.333333,"touchZone":"none","type":3,"width":17.7198},{"bases":[[[0.889908,-0.456051,-0.00905538],[0.317401,0.604853,0.730349],[-0.327599,-0.652817,0.683014]],[[0.896758,-0.441884,-0.0237651],[0.346649,0.734842,-0.58296],[0.275064,0.514535,0.812153]],[[0.896758,-0.441884,-0.0237651],[-0.244842,-0.450713,-0.858435],[0.368617,0.775627,-0.512372]],[[0.896758,-0.441884,-0.0237651],[-0.4153,-0.821834,-0.390019],[0.152812,0.359622,-0.9205]]],"btipPosition":[40.4958,221.33,7.61932],"carpPosition":[41.0584,223.005,49.2147],"dipPosition":[43.0778,227.406,-7.93358],"direction":[-0.368617,-0.775627,0.512372],"extended":false,"handId":469,"id":4694,"length":49.5125,"mcpPosition":[59.6788,260.111,10.3927],"pipPosition":[50.145,242.277,-17.7569],"stabilizedTipPosition":[41.5396,221.188,4.25361],"timeVisible":23.31,"tipPosition":[41.1445,222.746,4.06444],"tipVelocity":[-31.5187,105.476,-12.4366],"tool":false,"touchDistance":0.333333,"touchZone":"none","type":4,"width":15.7401}],"r":[[0.8427,0.375847,0.385481],[-0.405853,0.91393,-0.00385322],[-0.353751,-0.153202,0.922708]],"s":1.07679,"t":[37.5936,2.0815,-53.3776],"timestamp":93418558372},false],[6,{"currentFrameRate":55.2847,"devices":[],"gestures":[],"hands":[{"armBasis":[[0.990771,0.0256784,-0.133094],[0.012488,0.960424,0.278262],[0.134972,-0.277356,0.951239]],"armWidth":62.4607,"confidence":0.67349,"direction":[0.0691819,0.763958,-0.641547],"elbow":[60.2443,144.595,303.351],"grabStrength":0,"id":469,"palmNormal":[0.0312607,-0.644432,-0.764023],"palmPosition":[20.866,255.956,13.8868],"palmVelocity":[-41.3523,120.939,-6.10421],"palmWidth":89.1918,"pinchStrength":0.195395,"r":[[0.843916,0.37245,0.386117],[-0.406039,0.913836,0.00596887],[-0.350624,-0.161816,0.922431]],"s":1.07458,"sphereCenter":[14.5864,242.36,-29.8691],"sphereRadius":45.8929,"stabilizedPalmPosition":[20.9976,255.535,13.9485],"t":[36.8475,4.28151,-53.5098],"timeVisible":23.3281,"type":"right","wrist":[24.5222,218.001,51.5926]}],"id":1680943,"interactionBox":{"center":[0,200,0],"size":[235.247,235.247,147.751]},"pointables":[{"bases":[[[0.386775,0.712271,0.585726],[-0.843451,0.0164514,0.536954],[0.372821,-0.701712,0.607129]],[[0.293447,0.851341,0.434865],[-0.82989,0.0010649,0.557926],[0.474522,-0.524612,0.706832]],[[0.293447,0.851341,0.434865],[-0.945758,0.324866,0.00220368],[-0.139397,-0.411923,0.900493]],[[0.293447,0.851341,0.434865],[-0.946323,0.323167,0.00591069],[-0.135502,-0.413257,0.900476]]],"btipPosition":[-18.6944,258.45,-41.597],"carpPosition":[-3.24296,209.533,43.743],"dipPosition":[-21.803,248.97,-20.9391],"direction":[0.139397,0.411923,-0.900493],"extended":false,"handId":469,"id":4690,"length":51.0864,"mcpPosition":[-3.24296,209.533,43.743],"pipPosition":[-26.4618,235.203,9.15694],"stabilizedTipPosition":[-19.1549,255.466,-36.7752],"timeVisible":23.3281,"tipPosition":[-19.6377,256.117,-36.5974],"tipVelocity":[-49.5972,146.591,-3.9437],"tool":false,"touchDistance":0.432535,"touchZone":"hovering","type":0,"width":19.8498},{"bases":[[[0.994575,0.0959344,-0.040224],[-0.0456328,0.749836,0.660048],[0.0934827,-0.654632,0.750146]],[[0.986403,0.13825,-0.0888612],[-0.0876496,0.899924,0.427147],[0.139021,-0.413551,0.899805]],[[0.986403,0.13825,-0.0888612],[-0.124968,0.982122,0.140781],[0.106735,-0.127762,0.986045]],[[0.986403,0.13825,-0.0888612],[-0.145186,0.986404,-0.076989],[0.0770093,0.0888435,0.993064]]],"btipPosition":[-11.6482,295.803,-79.7858],"carpPosition":[4.76665,229.638,52.199],"dipPosition":[-10.3584,297.291,-63.154],"direction":[-0.106735,0.127762,-0.986045],"extended":true,"handId":469,"id":4691,"length":57.6453,"mcpPosition":[-1.97491,276.848,-1.89818],"pipPosition":[-7.82957,294.264,-39.792],"stabilizedTipPosition":[-10.9938,295.02,-75.9949],"timeVisible":23.3281,"tipPosition":[-11.7469,297.991,-75.3127],"tipVelocity":[-48.7438,137.241,11.91],"tool":false,"touchDistance":0.462342,"touchZone":"hovering","type":1,"width":18.9605},{"bases":[[[0.99117,-0.122635,-0.0504356],[0.125232,0.740706,0.660055],[-0.0435876,-0.660542,0.749523]],[[0.99182,-0.110026,-0.0647083],[0.0486674,0.794614,-0.605161],[0.118002,0.597062,0.793469]],[[0.99182,-0.110026,-0.0647083],[-0.112524,-0.514331,-0.850177],[0.0602601,0.850504,-0.522505]],[[0.99182,-0.110026,-0.0647083],[-0.12603,-0.924466,-0.359832],[-0.0202298,0.365043,-0.930771]]],"btipPosition":[12.6104,218.946,-4.65203],"carpPosition":[16.5118,232.413,52.387],"dipPosition":[12.2377,225.67,-21.7974],"direction":[-0.0602601,-0.850504,0.522505],"extended":false,"handId":469,"id":4692,"length":65.6822,"mcpPosition":[19.4928,277.587,1.12776],"pipPosition":[13.9175,249.377,-36.3619],"stabilizedTipPosition":[13.0307,219.069,-8.26799],"timeVisible":23.3281,"tipPosition":[12.5283,220.517,-8.53472],"tipVelocity":[-46.1287,132.365,-24.5735],"tool":false,"touchDistance":0.333333,"touchZone":"none","type":2,"width":18.6218},{"bases":[[[0.961672,-0.273988,0.0107993],[0.194274,0.708617,0.678321],[-0.193505,-0.650225,0.734686]],[[0.963747,-0.266804,0.00270002],[0.209185,0.749255,-0.628378],[0.165631,0.606162,0.777904]],[[0.963747,-0.266804,0.00270002],[-0.145994,-0.535775,-0.831644],[0.223333,0.8011,-0.555303]],[[0.963747,-0.266804,0.00270002],[-0.250072,-0.906743,-0.339532],[0.0930368,0.326548,-0.940591]]],"btipPosition":[25.3939,217.772,4.88732],"carpPosition":[28.5348,232.128,51.7624],"dipPosition":[27.0978,223.752,-12.3394],"direction":[-0.223333,-0.8011,0.555303],"extended":false,"handId":469,"id":4693,"length":63.1552,"mcpPosition":[40.4164,272.054,6.65118],"pipPosition":[33.1623,245.506,-27.4184],"stabilizedTipPosition":[26.4206,217.319,1.53378],"timeVisible":23.3281,"tipPosition":[25.7436,219.184,1.32975],"tipVelocity":[-43.6323,127.194,-38.4193],"tool":false,"touchDistance":0.333333,"touchZone":"none","type":3,"width":17.7198},{"bases":[[[0.887405,-0.460696,-0.0164692],[0.32362,0.597127,0.733968],[-0.328302,-0.656657,0.678984]],[[0.894357,-0.446258,-0.0312803],[0.348049,0.738051,-0.578051],[0.281046,0.506097,0.815401]],[[0.894357,-0.446258,-0.0312803],[-0.25049,-0.441625,-0.861523],[0.370648,0.778345,-0.506754]],[[0.894357,-0.446258,-0.0312803],[-0.421044,-0.816073,-0.395913],[0.151153,0.367258,-0.917755]]],"btipPosition":[39.4795,223.927,6.80062],"carpPosition":[40.2203,225.273,48.4335],"dipPosition":[42.0334,230.133,-8.7059],"direction":[-0.370648,-0.778345,0.506754],"extended":false,"handId":469,"id":4694,"length":49.5125,"mcpPosition":[58.8808,262.597,9.8406],"pipPosition":[49.1396,245.055,-18.4215],"stabilizedTipPosition":[40.7358,223.463,3.69715],"timeVisible":23.3281,"tipPosition":[40.12,225.377,3.26597],"tipVelocity":[-43.3714,124.248,-27.737],"tool":false,"touchDistance":0.333333,"touchZone":"none","type":4,"width":15.7401}],"r":[[0.843916,0.37245,0.386117],[-0.406039,0.913836,0