{"sensorType":"Leap","data":[[0,{"currentFrameRate":110.668,"devices":[],"gestures":[],"hands":[{"armBasis":[[0.984058,0.159188,-0.0793101],[-0.128543,0.944789,0.301416],[0.122913,-0.286416,0.950189]],"armWidth":62.4607,"confidence":0.739239,"direction":[-0.0146883,0.726053,-0.687482],"elbow":[65.3617,144.541,297.257],"grabStrength":0,"id":469,"palmNormal":[0.138534,-0.679448,-0.720527],"palmPosition":[25.241,255.109,5.65769],"palmVelocity":[-49.8914,177.923,31.8876],"palmWidth":89.1918,"pinchStrength":0.226671,"r":[[0.773092,0.460837,0.435842],[-0.505662,0.862599,-0.015131],[-0.38293,-0.208691,0.899896]],"s":1.09785,"sphereCenter":[12.8605,240.122,-37.3314],"sphereRadius":47.6952,"stabilizedPalmPosition":[25.5158,254.201,5.49633],"t":[40.8693,4.29554,-62.0953],"timeVisible":3.91348,"type":"right","wrist":[32.8311,220.345,45.7762]}],"id":1679878,"interactionBox":{"center":[0,200,0],"size":[235.247,235.247,147.751]},"pointables":[{"bases":[[[0.271699,0.791976,0.546767],[-0.853168,-0.0646596,0.517613],[0.445291,-0.607119,0.65812]],[[0.217155,0.858191,0.465136],[-0.813531,-0.104224,0.572106],[0.539454,-0.502638,0.675532]],[[0.217155,0.858191,0.465136],[-0.967631,0.252023,-0.013239],[-0.128587,-0.447205,0.88514]],[[0.217155,0.858191,0.465136],[-0.949381,0.296485,-0.103793],[-0.22698,-0.419052,0.879134]]],"btipPosition":[-10.2165,256.914,-44.8833],"carpPosition":[6.6748,207.759,37.9225],"dipPosition":[-15.4237,247.3,-24.715],"direction":[0.128587,0.447205,-0.88514],"extended":false,"handId":469,"id":4690,"length":51.0864,"mcpPosition":[6.6748,207.759,37.9225],"pipPosition":[-19.7213,232.354,4.86796],"stabilizedTipPosition":[-11.0567,253.911,-40.4074],"timeVisible":3.91348,"tipPosition":[-11.2968,255.333,-39.86],"tipVelocity":[-71.2948,173.567,36.2845],"tool":false,"touchDistance":-0.193879,"touchZone":"touching","type":0,"width":19.8498},{"bases":[[[0.973725,0.226226,-0.0261131],[-0.163813,0.775469,0.609765],[0.158195,-0.589466,0.792152]],[[0.962475,0.261197,-0.0736092],[-0.186486,0.83367,0.519825],[0.197142,-0.486591,0.851096]],[[0.962475,0.261197,-0.0736092],[-0.224768,0.919292,0.323082],[0.152056,-0.294414,0.943504]],[[0.962475,0.261197,-0.0736092],[-0.247108,0.955674,0.160079],[0.112158,-0.135882,0.984356]]],"btipPosition":[-13.4973,301.487,-86.571],"carpPosition":[11.6943,229.234,45.2381],"dipPosition":[-11.6189,299.212,-70.0851],"direction":[-0.152056,0.294414,-0.943504],"extended":true,"handId":469,"id":4691,"length":57.6453,"mcpPosition":[0.286029,271.744,-11.8885],"pipPosition":[-8.01628,292.236,-47.7309],"stabilizedTipPosition":[-12.627,299.721,-83.1281],"timeVisible":3.91348,"tipPosition":[-13.5898,301.717,-82.2538],"tipVelocity":[-75.0826,212.516,60.6176],"tool":false,"touchDistance":-0.197547,"touchZone":"touching","type":1,"width":18.9605},{"bases":[[[0.999708,0.00897174,-0.0224153],[0.00667833,0.789421,0.613815],[0.0232021,-0.613786,0.789131]],[[0.999528,0.0131452,-0.0277808],[-0.0271838,0.799855,-0.599577],[0.014339,0.600049,0.799835]],[[0.999528,0.0131452,-0.0277808],[-0.0186412,-0.459363,-0.888053],[-0.0244351,0.888151,-0.458901]],[[0.999528,0.0131452,-0.0277808],[-0.000136354,-0.90201,-0.431715],[-0.0307335,0.431515,-0.901582]]],"btipPosition":[21.939,214.49,-16.8728],"carpPosition":[22.956,233.57,45.4863],"dipPosition":[21.3729,222.439,-33.4805],"direction":[0.0244351,-0.888151,0.458901],"extended":false,"handId":469,"id":4692,"length":65.6822,"mcpPosition":[21.3692,275.546,-8.48169],"pipPosition":[20.6918,247.195,-46.2721],"stabilizedTipPosition":[22.167,215.185,-20.6988],"timeVisible":3.91348,"tipPosition":[21.839,216.528,-20.16],"tipVelocity":[-57.6786,186.064,11.889],"tool":false,"touchDistance":0.333333,"touchZone":"none","type":2,"width":18.6218},{"bases":[[[0.98886,-0.140985,0.0477484],[0.0788222,0.768076,0.635488],[-0.126269,-0.624645,0.770633]],[[0.986652,-0.151227,0.0604009],[0.154104,0.747222,-0.646461],[0.0526297,0.64714,0.760552]],[[0.986652,-0.151227,0.0604009],[-0.0269329,-0.517349,-0.85535],[0.160601,0.842306,-0.514517]],[[0.986652,-0.151227,0.0604009],[-0.11474,-0.90881,-0.401122],[0.115554,0.388838,-0.914031]]],"btipPosition":[33.8938,214.886,-4.79145],"carpPosition":[34.923,234.868,45.1249],"dipPosition":[36.0101,222.007,-21.5317],"direction":[-0.160601,-0.842306,0.514517],"extended":false,"handId":469,"id":4693,"length":63.1552,"mcpPosition":[42.6761,273.222,-2.19355],"pipPosition":[40.3711,244.88,-35.5032],"stabilizedTipPosition":[34.7439,215.288,-8.8497],"timeVisible":3.91348,"tipPosition":[34.375,216.681,-8.48056],"tipVelocity":[-52.3109,186.317,22.1611],"tool":false,"touchDistance":0.333333,"touchZone":"none","type":3,"width":17.7198},{"bases":[[[0.940891,-0.337291,0.0309579],[0.220199,0.678574,0.700749],[-0.257364,-0.652512,0.712736]],[[0.949191,-0.314634,0.00640969],[0.253993,0.753906,-0.605898],[0.185804,0.576741,0.795517]],[[0.949191,-0.314634,0.00640969],[-0.148885,-0.466915,-0.871679],[0.277253,0.826436,-0.490036]],[[0.949191,-0.314634,0.00640969],[-0.281459,-0.857866,-0.429938],[0.140772,0.406289,-0.902836]]],"btipPosition":[48.001,223.846,-0.95685],"carpPosition":[47.5068,229.457,42.4779],"dipPosition":[50.3795,230.711,-16.2113],"direction":[-0.277253,-0.826436,0.490036],"extended":false,"handId":469,"id":4694,"length":49.5125,"mcpPosition":[62.1351,266.546,1.96653],"pipPosition":[55.6951,246.556,-25.6064],"stabilizedTipPosition":[49.0599,223.605,-4.51704],"timeVisible":3.91348,"tipPosition":[48.3535,225.592,-4.21735],"tipVelocity":[-50.2188,181.406,6.35231],"tool":false,"touchDistance":0.333333,"touchZone":"none","type":4,"width":15.7401}],"r":[[0.773092,0.460837,0.435842],[-0.505662,0.862599,-0.015131],[-0.38293,-0.208691,0.899896]],"s":1.09785,"t":[40.8693,4.29554,-62.0953],"timestamp":93399161835},false],[1,{"currentFrameRate":110.604,"devices":[],"gestures":[],"hands":[{"armBasis":[[0.983427,0.160348,-0.084615],[-0.128345,0.945338,0.299771],[0.128057,-0.283943,0.950251]],"armWidth":62.4607,"confidence":0.741361,"direction":[-0.0164743,0.726291,-0.68719],"elbow":[66.2459,146.784,297.29],"grabStrength":0,"id":469,"palmNormal":[0.137468,-0.679111,-0.721048],"palmPosition":[24.6637,256.708,5.70223],"palmVelocity":[-53.5596,177.017,24.3596],"palmWidth":89.1918,"pinchStrength":0.228954,"r":[[0.774346,0.459624,0.434895],[-0.505857,0.862549,-0.0108994],[-0.380128,-0.211555,0.900415]],"s":1.09739,"sphereCenter":[12.359,241.711,-37.2954],"sphereRadius":47.6551,"stabilizedPalmPosition":[24.9564,255.847,5.63151],"t":[40.3842,5.76471,-61.9609],"timeVisible":3.92263,"type":"right","wrist":[32.3538,221.934,45.7929]}],"id":1679879,"interactionBox":{"center":[0,200,0],"size":[235.247,235.247,147.751]},"pointables":[{"bases":[[[0.272352,0.791931,0.546506],[-0.852092,-0.065324,0.5193],[0.44695,-0.607106,0.657007]],[[0.216807,0.859001,0.463802],[-0.812108,-0.104945,0.573992],[0.541734,-0.501103,0.674848]],[[0.216807,0.859001,0.463802],[-0.967944,0.25087,-0.0121622],[-0.126802,-0.446298,0.885855]],[[0.216807,0.859001,0.463802],[-0.94975,0.295478,-0.103283],[-0.225764,-0.418104,0.879898]]],"btipPosition":[-10.9016,258.364,-44.8266],"carpPosition":[6.1888,209.336,37.9871],"dipPosition":[-16.0809,248.772,-24.6408],"direction":[0.126802,0.446298,-0.885855],"extended":false,"handId":469,"id":4690,"length":51.0864,"mcpPosition":[6.1888,209.336,37.9871],"pipPosition":[-20.3188,233.856,4.96609],"stabilizedTipPosition":[-11.7479,255.41,-40.2583],"timeVisible":3.92263,"tipPosition":[-11.978,256.803,-39.7996],"tipVelocity":[-72.0848,169.488,28.0245],"tool":false,"touchDistance":-0.200289,"touchZone":"touching","type":0,"width":19.8498},{"bases":[[[0.973544,0.226782,-0.0279849],[-0.163023,0.775158,0.610372],[0.160114,-0.589661,0.791621]],[[0.962404,0.261169,-0.0746313],[-0.185988,0.833868,0.519686],[0.197958,-0.486267,0.851092]],[[0.962404,0.261169,-0.0746313],[-0.224404,0.919309,0.323287],[0.153042,-0.294385,0.943354]],[[0.962404,0.261169,-0.0746313],[-0.246877,0.955641,0.16063],[0.113272,-0.136166,0.984189]]],"btipPosition":[-14.1955,303.069,-86.4639],"carpPosition":[11.211,230.812,45.3004],"dipPosition":[-12.2984,300.789,-69.9807],"direction":[-0.153042,0.294385,-0.943353],"extended":true,"handId":469,"id":4691,"length":57.6453,"mcpPosition":[-0.33574,273.336,-11.7878],"pipPosition":[-8.67242,293.814,-47.6301],"stabilizedTipPosition":[-13.3301,301.475,-82.8453],"timeVisible":3.92263,"tipPosition":[-14.2926,303.274,-82.1572],"tipVelocity":[-75.2794,201.414,46.9721],"tool":false,"touchDistance":-0.205389,"touchZone":"touching","type":1,"width":18.9605},{"bases":[[[0.999656,0.00954051,-0.0244175],[0.00746761,0.789204,0.614085],[0.0251291,-0.614056,0.788862]],[[0.999463,0.0137098,-0.0297735],[-0.0288165,0.800396,-0.598778],[0.0156214,0.599314,0.800361]],[[0.999463,0.0137098,-0.0297735],[-0.0201752,-0.458581,-0.888423],[-0.0258337,0.888547,-0.458058]],[[0.999463,0.0137098,-0.0297735],[-0.000509406,-0.901722,-0.432317],[-0.0327743,0.4321,-0.90123]]],"btipPosition":[21.3379,216.105,-16.868],"carpPosition":[22.4707,235.153,45.5276],"dipPosition":[20.7342,224.064,-33.4692],"direction":[0.0258337,-0.888547,0.458058],"extended":false,"handId":469,"id":4692,"length":65.6822,"mcpPosition":[20.7521,277.148,-8.42199],"pipPosition":[20.0141,248.832,-46.2373],"stabilizedTipPosition":[21.5955,216.809,-20.6914],"timeVisible":3.92263,"tipPosition":[21.2298,218.136,-20.157],"tipVelocity":[-60.1653,183.446,8.76979],"tool":false,"touchDistance":0.333333,"touchZone":"none","type":2,"width":18.6218},{"bases":[[[0.989032,-0.140448,0.0457137],[0.0796667,0.767892,0.635606],[-0.124373,-0.624993,0.770659]],[[0.986929,-0.150372,0.0579673],[0.152275,0.752338,-0.640937],[0.0527682,0.641386,0.765402]],[[0.986929,-0.150372,0.0579673],[-0.0276945,-0.51259,-0.858187],[0.158761,0.845364,-0.510054]],[[0.986929,-0.150372,0.0579673],[-0.114709,-0.908107,-0.402719],[0.113198,0.390806,-0.913486]]],"btipPosition":[33.3775,216.63,-5.11889],"carpPosition":[34.4362,236.458,45.1426],"dipPosition":[35.4507,223.788,-21.8492],"direction":[-0.158761,-0.845364,0.510054],"extended":false,"handId":469,"id":4693,"length":63.1552,"mcpPosition":[42.0729,274.834,-2.17744],"pipPosition":[39.7618,246.743,-35.6994],"stabilizedTipPosition":[34.2355,216.996,-8.91666],"timeVisible":3.92263,"tipPosition":[33.8281,218.372,-8.69393],"tipVelocity":[-53.748,187.753,6.09364],"tool":false,"touchDistance":0.333333,"touchZone":"none","type":3,"width":17.7198},{"bases":[[[0.94114,-0.336774,0.0289488],[0.221224,0.678446,0.70055],[-0.255568,-0.652912,0.713015]],[[0.949458,-0.313866,0.00413624],[0.25206,0.754506,-0.605959],[0.187069,0.576376,0.795485]],[[0.949458,-0.313866,0.00413624],[-0.150451,-0.466606,-0.871575],[0.275488,0.826902,-0.490244]],[[0.949458,-0.313866,0.00413624],[-0.281742,-0.857945,-0.429595],[0.138384,0.406717,-0.903012]]],"btipPosition":[47.4402,225.464,-0.974117],"carpPosition":[47.0177,231.056,42.4684],"dipPosition":[49.7783,232.336,-16.2315],"direction":[-0.275488,-0.826902,0.490244],"extended":false,"handId":469,"id":4694,"length":49.5125,"mcpPosition":[61.5439,268.167,1.94118],"pipPosition":[55.06,248.189,-25.6306],"stabilizedTipPosition":[48.5148,225.338,-4.50006],"timeVisible":3.92263,"tipPosition":[47.7826,227.207,-4.23688],"tipVelocity":[-53.5778,180.143,4.03636],"tool":false,"touchDistance":0.333333,"touchZone":"none","type":4,"width":15.7401}],"r":[[0.774346,0.459624,0.434895],[-0.505857,0.862549,-0.0108994],[-0.380128,-0.211555,0.900415]],"s":1.09739,"t":[40.3842,5.76471,-61.9609],"timestamp":93399170990},false],[2,{"currentFrameRate":110.604,"devices":[],"gestures":[],"hands":[{"armBasis":[[0.983073,0.160266,-0.0887784],[-0.127335,0.946076,0.297869],[0.131729,-0.281523,0.950469]],"armWidth":62.4607,"confidence":0.745784,"direction":[-0.0186421,0.728532,-0.684758],"elbow":[66.8454,148.57,297.447],"grabStrength":0,"id":469,"palmNormal":[0.135439,-0.676724,-0.723672],"palmPosition":[24.1662,257.983,5.93824],"palmVelocity":[-53.9669,167.086,24.8411],"palmWidth":89.1918,"pinchStrength":0.231592,"r":[[0.775589,0.4584,0.433971],[-0.506038,0.862485,-0.00664869],[-0.377342,-0.214449,0.900902]],"s":1.09699,"sphereCenter":[11.8094,243.131,-37.0659],"sphereRadius":47.6352,"stabilizedPalmPosition":[24.4173,257.304,5.84074],"t":[39.8929,7.13655,-61.7757],"timeVisible":3.93167,"type":"right","wrist":[31.9814,223.079,45.8919]}],"id":1679880,"interactionBox":{"center":[0,200,0],"size":[235.247,235.247,147.751]},"pointables":[{"bases":[[[0.273841,0.790189,0.548282],[-0.850532,-0.0671761,0.521615],[0.449006,-0.609171,0.653686]],[[0.217142,0.858471,0.464625],[-0.810234,-0.106948,0.576267],[0.544399,-0.501586,0.672339]],[[0.217142,0.858471,0.464625],[-0.968115,0.250304,-0.0100289],[-0.124907,-0.447633,0.885451]],[[0.217142,0.858471,0.464625],[-0.950321,0.294666,-0.100312],[-0.223024,-0.419761,0.879808]]],"btipPosition":[-11.5516,259.636,-44.5526],"carpPosition":[5.79546,210.502,38.1228],"dipPosition":[-16.668,250.006,-24.3688],"direction":[0.124907,0.447633,-0.885451],"extended":false,"handId":469,"id":4690,"length":51.0864,"mcpPosition":[5.79546,210.502,38.1228],"pipPosition":[-20.8426,235.045,5.22451],"stabilizedTipPosition":[-12.4247,256.798,-40.0181],"timeVisible":3.93167,"tipPosition":[-12.6184,258.084,-39.5203],"tipVelocity":[-71.5929,161.292,28.6399],"tool":false,"touchDistance":-0.202224,"touchZone":"touching","type":0,"width":19.8498},{"bases":[[[0.973417,0.227048,-0.0301375],[-0.16134,0.773128,0.613386],[0.162568,-0.592218,0.789208]],[[0.962319,0.261095,-0.0759713],[-0.184583,0.832373,0.522575],[0.199678,-0.48886,0.849202]],[[0.962319,0.261095,-0.0759713],[-0.223345,0.918296,0.326879],[0.155111,-0.297594,0.942008]],[[0.962319,0.261095,-0.0759713],[-0.246143,0.955135,0.164714],[0.115569,-0.139808,0.983411]]],"btipPosition":[-14.9077,304.642,-85.9745],"carpPosition":[10.8357,231.954,45.4913],"dipPosition":[-12.9721,302.301,-69.5044],"direction":[-0.155111,0.297594,-0.942008],"extended":true,"handId":469,"id":4691,"length":57.6453,"mcpPosition":[-0.888025,274.663,-11.4229],"pipPosition":[-9.29714,295.25,-47.1857],"stabilizedTipPosition":[-14.0571,303.163,-82.4223],"timeVisible":3.93167,"tipPosition":[-14.9995,304.803,-81.6804],"tipVelocity":[-75.9754,193.442,48.8553],"tool":false,"touchDistance":-0.20606,"touchZone":"touching","type":1,"width":18.9605},{"bases":[[[0.999578,0.00980095,-0.0273585],[0.00915892,0.787193,0.616639],[0.02758,-0.616629,0.786771]],[[0.999367,0.0139987,-0.0327142],[-0.0307395,0.802733,-0.595546],[0.0179238,0.596175,0.802655]],[[0.999367,0.0139987,-0.0327142],[-0.0227588,-0.45527,-0.890062],[-0.0273535,0.890243,-0.454664]],[[0.999367,0.0139987,-0.0327142],[-0.00164174,-0.900247,-0.435377],[-0.0355455,0.435155,-0.899653]]],"btipPosition":[20.7795,217.469,-16.7854],"carpPosition":[22.0953,236.297,45.6992],"dipPosition":[20.1247,225.485,-33.3575],"direction":[0.0273535,-0.890243,0.454664],"extended":false,"handId":469,"id":4692,"length":65.6822,"mcpPosition":[20.2091,278.468,-8.10735],"pipPosition":[19.3623,250.3,-46.031],"stabilizedTipPosition":[21.0206,218.298,-20.6352],"timeVisible":3.93167,"tipPosition":[20.6606,219.499,-20.0694],"tipVelocity":[-60.9652,174.886,9.07518],"tool":false,"touchDistance":0.333333,"touchZone":"none","type":2,"width":18.6218},{"bases":[[[0.989188,-0.140418,0.042313],[0.0814253,0.765824,0.637875],[-0.121973,-0.627532,0.768977]],[[0.987156,-0.150229,0.0543519],[0.14996,0.754014,-0.639511],[0.0550912,0.639448,0.766858]],[[0.987156,-0.150229,0.0543519],[-0.0304705,-0.511013,-0.859033],[0.156826,0.846343,-0.509027]],[[0.987156,-0.150229,0.0543519],[-0.115851,-0.907407,-0.403969],[0.110007,0.392484,-0.913157]]],"btipPosition":[32.8626,217.961,-4.97299],"carpPosition":[34.0593,237.605,45.2829],"dipPosition":[34.8774,225.15,-21.6972],"direction":[-0.156826,-0.846343,0.509027],"extended":false,"handId":469,"id":4693,"length":63.1552,"mcpPosition":[41.5487,276.137,-1.93383],"pipPosition":[39.1359,248.132,-35.5196],"stabilizedTipPosition":[33.7111,218.506,-8.86067],"timeVisible":3.93167,"tipPosition":[33.2991,219.701,-8.58003],"tipVelocity":[-55.0431,176.798,8.90479],"tool":false,"touchDistance":0.333333,"touchZone":"none","type":3,"width":17.7198},{"bases":[[[0.94128,-0.336697,0.0250485],[0.223191,0.676191,0.702105],[-0.253334,-0.655287,0.711633]],[[0.949665,-0.313267,-0.000182896],[0.249684,0.757268,-0.603492],[0.189193,0.57307,0.797369]],[[0.949665,-0.313267,-0.000182896],[-0.152977,-0.463239,-0.872931],[0.273375,0.82902,-0.487844]],[[0.949665,-0.313267,-0.000182896],[-0.282656,-0.856618,-0.431637],[0.135061,0.409962,-0.902047]]],"btipPosition":[46.9524,226.776,-0.937865],"carpPosition":[46.6338,232.214,42.5537],"dipPosition":[49.2344,233.703,-16.179],"direction":[-0.273375,-0.82902,0.487844],"extended":false,"handId":469,"id":4694,"length":49.5125,"mcpPosition":[61.0331,269.46,2.10505],"pipPosition":[54.4756,249.597,-25.5321],"stabilizedTipPosition":[47.9844,226.888,-4.47105],"timeVisible":3.93167,"tipPosition":[47.2794,228.522,-4.19107],"tipVelocity":[-54.0771,170.895,4.14347],"tool":false,"touchDistance":0.333333,"touchZone":"none","type":4,"width":15.7401}],"r":[[0.775589,0.4584,0.433971],[-0.506038,0.862485,-0.00664869],[-0.377342,-0.214449,0.900902]],"s":1.09699,"t":[39.8929,7.13655,-61.7757],"timestamp":93399180030},false],[3,{"currentFrameRate":110.649,"devices":[],"gestures":[],"hands":[{"armBasis":[[0.982999,0.162036,-0.0863524],[-0.129437,0.945116,0.300003],[0.130224,-0.283725,0.950022]],"armWidth":62.4607,"confidence":0.696331,"direction":[-0.0230138,0.732833,-0.680019],"elbow":[66.0301,149.886,297.079],"grabStrength":0,"id":469,"palmNormal":[0.135645,-0.67162,-0.728373],"palmPosition":[23.5196,260.11,5.93521],"palmVelocity":[-58.9463,186.337,17.9541],"palmWidth":89.1918,"pinchStrength":0.236138,"r":[[0.77652,0.457386,0.433375],[-0.506752,0.86209,-0.00185741],[-0.374458,-0.218172,0.901212]],"s":1.09643,"sphereCenter":[11.2491,245.469,-37.1513],"sphereRadius":47.6007,"stabilizedPalmPosition":[23.7808,259.294,5.90773],"t":[39.324,8.88621,-61.6846],"timeVisible":3.94063,"type":"right","wrist":[31.5644,224.978,45.6422]}],"id":1679881,"interactionBox":{"center":[0,200,0],"size":[235.247,235.247,147.751]},"pointables":[{"bases":[[[0.272755,0.787578,0.552563],[-0.848822,-0.0733668,0.523564],[0.452887,-0.611832,0.648502]],[[0.2147,0.857147,0.468191],[-0.807966,-0.113447,0.578205],[0.548722,-0.502422,0.668189]],[[0.2147,0.857147,0.468191],[-0.969123,0.246485,-0.00684237],[-0.121267,-0.452265,0.883601]],[[0.2147,0.857147,0.468191],[-0.951689,0.291349,-0.0969735],[-0.219528,-0.424752,0.87829]]],"btipPosition":[-12.3617,261.807,-44.5093],"carpPosition":[5.39871,212.363,37.8663],"dipPosition":[-17.3979,252.063,-24.3604],"direction":[0.121267,0.452265,-0.883601],"extended":false,"handId":469,"id":4690,"length":51.0864,"mcpPosition":[5.39871,212.363,37.8663],"pipPosition":[-21.4508,236.947,5.17111],"stabilizedTipPosition":[-13.2086,258.779,-39.9157],"timeVisible":3.94063,"tipPosition":[-13.4108,260.243,-39.4806],"tipVelocity":[-76.1807,182.661,21.882],"tool":false,"touchDistance":-0.209536,"touchZone":"touching","type":0,"width":19.8498},{"bases":[[[0.972565,0.230501,-0.0314193],[-0.16218,0.76864,0.618781],[0.16678,-0.596709,0.784935]],[[0.961497,0.264086,-0.0760392],[-0.186091,0.829262,0.526968],[0.202221,-0.492528,0.846477]],[[0.961497,0.264086,-0.0760392],[-0.225382,0.916079,0.331667],[0.157247,-0.301759,0.940327]],[[0.961497,0.264086,-0.0760392],[-0.248505,0.953642,0.169743],[0.117341,-0.144312,0.98255]]],"btipPosition":[-15.8463,307.125,-85.6307],"carpPosition":[10.3882,233.785,45.3579],"dipPosition":[-13.881,304.708,-69.175],"direction":[-0.157247,0.301759,-0.940327],"extended":true,"handId":469,"id":4691,"length":57.6453,"mcpPosition":[-1.63924,276.817,-11.2481],"pipPosition":[-10.1554,297.559,-46.8961],"stabilizedTipPosition":[-14.9466,305.429,-82.0388],"timeVisible":3.94063,"tipPosition":[-15.9462,307.259,-81.3386],"tipVelocity":[-83.6416,215.799,45.8874],"tool":false,"touchDistance":-0.210907,"touchZone":"touching","type":1,"width":18.9605},{"bases":[[[0.999458,0.0133297,-0.0301065],[0.00827946,0.783256,0.621644],[0.0318674,-0.621556,0.782721]],[[0.99922,0.0175237,-0.0353877],[-0.0349933,0.808196,-0.587873],[0.0182985,0.588653,0.808179]],[[0.99922,0.0175237,-0.0353877],[-0.0238095,-0.447576,-0.893929],[-0.0315036,0.894074,-0.446809]],[[0.99922,0.0175237,-0.0353877],[0.0000812074,-0.897054,-0.441921],[-0.0394887,0.441573,-0.896356]]],"btipPosition":[20.1954,219.803,-17.1863],"carpPosition":[21.6338,238.164,45.5621],"dipPosition":[19.468,227.937,-33.6977],"direction":[0.0315036,-0.894074,0.446809],"extended":false,"handId":469,"id":4692,"length":65.6822,"mcpPosition":[19.4544,280.672,-7.96759],"pipPosition":[18.5898,252.859,-46.1523],"stabilizedTipPosition":[20.4194,220.343,-20.8464],"timeVisible":3.94063,"tipPosition":[20.0619,221.82,-20.4295],"tipVelocity":[-62.6329,199.138,-5.22084],"tool":false,"touchDistance":0.333333,"touchZone":"none","type":2,"width":18.6218},{"bases":[[[0.989767,-0.137366,0.0386296],[0.0806767,0.761994,0.642539],[-0.117699,-0.632847,0.765279]],[[0.987815,-0.1472,0.0505374],[0.145549,0.758755,-0.634907],[0.0551131,0.634526,0.770934]],[[0.987815,-0.1472,0.0505374],[-0.0312099,-0.505479,-0.862274],[0.152473,0.85019,-0.503914]],[[0.987815,-0.1472,0.0505374],[-0.113939,-0.905186,-0.409459],[0.106018,0.398712,-0.910928]]],"btipPosition":[32.3233,220.194,-5.26652],"carpPosition":[33.5922,239.515,45.1205],"dipPosition":[34.265,227.496,-21.9499],"direction":[-0.152473,-0.85019,0.503914],"extended":false,"handId":469,"id":4693,"length":63.1552,"mcpPosition":[40.8191,278.373,-1.86919],"pipPosition":[38.4053,250.583,-35.6335],"stabilizedTipPosition":[33.1583,220.484,-9.00342],"timeVisible":3.94063,"tipPosition":[32.742,221.955,-8.86321],"tipVelocity":[-56.9665,197.407,-2.20595],"tool":false,"touchDistance":0.333333,"touchZone":"none","type":3,"width":17.7198},{"bases":[[[0.942465,-0.333691,0.020242],[0.222922,0.672428,0.705795],[-0.249128,-0.660675,0.708127]],[[0.950805,-0.309746,-0.00520449],[0.245066,0.762326,-0.599],[0.189506,0.568257,0.800732]],[[0.950805,-0.309746,-0.00520449],[-0.154056,-0.458186,-0.875404],[0.268768,0.83314,-0.483364]],[[0.950805,-0.309746,-0.00520449],[-0.280928,-0.85502,-0.435914],[0.130573,0.415931,-0.899973]]],"btipPosition":[46.4096,229.039,-1.20843],"carpPosition":[46.1767,234.183,42.3214],"dipPosition":[48.6157,236.066,-16.4145],"direction":[-0.268768,-0.83314,0.483364],"extended":false,"handId":469,"id":4694,"length":49.5125,"mcpPosition":[60.337,271.736,2.072],"pipPosition":[53.7686,252.04,-25.6817],"stabilizedTipPosition":[47.4249,228.862,-4.59411],"timeVisible":3.94063,"tipPosition":[46.7169,230.797,-4.45577],"tipVelocity":[-56.39,193.931,-5.00412],"tool":false,"touchDistance":0.333333,"touchZone":"none","type":4,"width":15.7401}],"r":[[0.77652,0.457386,0.433375],[-0.506752,0.86209,-0.00185741],[-0.374458,-0.218172,0.901212]],"s":1.09643,"t":[39.324,8.88621,-61.6846],"timestamp":93399188989},false],[4,{"currentFrameRate":110.644,"devices":[],"gestures":[],"hands":[{"armBasis":[[0.98404,0.154255,-0.088712],[-0.121687,0.947089,0.297011],[0.129834,-0.281475,0.950744]],"armWidth":62.4607,"confidence":0.574984,"direction":[-0.0213781,0.735469,-0.677221],"elbow":[65.5352,151.029,297.073],"grabStrength":0,"id":469,"palmNormal":[0.128049,-0.669782,-0.731434],"palmPosition":[23.1747,260.855,5.90443],"palmVelocity":[-53.2037,157.644,12.0642],"palmWidth":89.1918,"pinchStrength":0.239767,"r":[[0.77824,0.455264,0.432523],[-0.506206,0.862407,0.00306657],[-0.371615,-0.221332,0.901618]],"s":1.0959,"sphereCenter":[10.6889,246.463,-37.176],"sphereRadius":47.5781,"stabilizedPalmPosition":[23.3316,260.451,5.90528],"t":[38.8671,10.1333,-61.6545],"timeVisible":3.94968,"type":"right","wrist":[31.1729,225.525,45.4457]}],"id":1679882,"interactionBox":{"center":[0,200,0],"size":[235.247,235.247,147.751]},"pointables":[{"bases":[[[0.28029,0.783772,0.554201],[-0.846906,-0.0698656,0.527134],[0.451872,-0.617106,0.644199]],[[0.221054,0.855352,0.468518],[-0.80603,-0.11022,0.581522],[0.549046,-0.506187,0.665074]],[[0.221054,0.855352,0.468518],[-0.967726,0.251982,-0.00344496],[-0.121005,-0.452635,0.883447]],[[0.221054,0.855352,0.468518],[-0.950459,0.296598,-0.0930442],[-0.218547,-0.424739,0.878541]]],"btipPosition":[-12.9155,262.747,-44.4815],"carpPosition":[4.89204,213.107,37.7423],"dipPosition":[-17.9292,253.003,-24.3268],"direction":[0.121005,0.452635,-0.883447],"extended":false,"handId":469,"id":4690,"length":51.0864,"mcpPosition":[4.89204,213.107,37.7423],"pipPosition":[-21.9734,237.876,5.19952],"stabilizedTipPosition":[-13.8503,260.068,-39.8637],"timeVisible":3.94968,"tipPosition":[-13.9625,261.211,-39.4364],"tipVelocity":[-71.894,160.951,16.7346],"tool":false,"touchDistance":-0.214658,"touchZone":"touching","type":0,"width":19.8498},{"bases":[[[0.973872,0.224388,-0.0349828],[-0.154454,0.767374,0.622319],[0.166486,-0.600656,0.781982]],[[0.962991,0.25775,-0.0788224],[-0.178324,0.828554,0.530754],[0.202111,-0.497055,0.843853]],[[0.962991,0.25775,-0.0788224],[-0.217687,0.916196,0.336448],[0.158936,-0.306838,0.938397]],[[0.962991,0.25775,-0.0788224],[-0.241149,0.954543,0.175201],[0.120398,-0.149709,0.981372]]],"btipPosition":[-16.2473,308.495,-85.3101],"carpPosition":[10.0525,234.469,45.2896],"dipPosition":[-14.2309,305.988,-68.8741],"direction":[-0.158936,0.306838,-0.938397],"extended":true,"handId":469,"id":4691,"length":57.6453,"mcpPosition":[-1.95368,277.785,-11.1035],"pipPosition":[-10.4652,298.718,-46.6409],"stabilizedTipPosition":[-15.5263,307.153,-81.6862],"timeVisible":3.94968,"tipPosition":[-16.3291,308.572,-81.0353],"tipVelocity":[-72.4394,197.409,42.8682],"tool":false,"touchDistance":-0.213863,"touchZone":"touching","type":1,"width":18.9605},{"bases":[[[0.999377,0.00704569,-0.0345869],[0.0161063,0.780888,0.624463],[0.0314082,-0.624631,0.780288]],[[0.999143,0.0112525,-0.0398414],[-0.0324249,0.811043,-0.584087],[0.0257407,0.584878,0.810713]],[[0.999143,0.0112525,-0.0398414],[-0.0307164,-0.443738,-0.89563],[-0.0277572,0.896086,-0.443012]],[[0.999143,0.0112525,-0.0398414],[-0.00766582,-0.895428,-0.445141],[-0.0406841,0.445065,-0.894574]]],"btipPosition":[19.4858,220.683,-17.3816],"carpPosition":[21.3268,238.775,45.4588],"dipPosition":[18.7363,228.881,-33.8602],"direction":[0.0277572,-0.896086,0.443012],"extended":false,"handId":469,"id":4692,"length":65.6822,"mcpPosition":[19.1788,281.493,-7.90444],"pipPosition":[17.9626,253.859,-46.2089],"stabilizedTipPosition":[19.7394,221.711,-21.0464],"timeVisible":3.94968,"tipPosition":[19.3503,222.697,-20.6217],"tipVelocity":[-67.1457,171.472,-9.50353],"tool":false,"touchDistance":0.333333,"touchZone":"none","type":2,"width":18.6218},{"bases":[[[0.989029,-0.143838,0.0336404],[0.0884592,0.759086,0.644952],[-0.118304,-0.6349,0.763483]],[[0.987106,-0.153525,0.0453064],[0.147317,0.760593,-0.632295],[0.0626135,0.630816,0.773402]],[[0.987106,-0.153525,0.0453064],[-0.0381613,-0.500584,-0.864846],[0.155456,0.851966,-0.499988]],[[0.987106,-0.153525,0.0453064],[-0.121305,-0.902133,-0.414053],[0.10444,0.403219,-0.909124]]],"btipPosition":[31.6792,220.888,-5.55644],"carpPosition":[33.2915,240.051,44.968],"dipPosition":[33.592,228.273,-22.2068],"direction":[-0.155455,-0.851966,0.499988],"extended":false,"handId":469,"id":4693,"length":63.1552,"mcpPosition":[40.5556,279.035,-1.91138],"pipPosition":[37.8134,251.408,-35.7838],"stabilizedTipPosition":[32.5402,221.735,-9.231],"timeVisible":3.94968,"tipPosition":[32.091,222.676,-9.12805],"tipVelocity":[-61.0922,164.696,-10.204],"tool":false,"touchDistance":0.333333,"touchZone":"none","type":3,"width":17.7198},{"bases":[[[0.940387,-0.339786,0.0147489],[0.230411,0.66838,0.707234],[-0.250166,-0.661675,0.706826]],[[0.948832,-0.315594,-0.0108661],[0.24698,0.763108,-0.597217],[0.19677,0.563975,0.802006]],[[0.948832,-0.315594,-0.0108661],[-0.161058,-0.454049,-0.876299],[0.271621,0.833211,-0.481645]],[[0.948832,-0.315594,-0.0108661],[-0.288311,-0.851745,-0.437501],[0.128817,0.418248,-0.899152]]],"btipPosition":[45.8439,229.67,-1.45444],"carpPosition":[45.8288,234.649,42.0924],"dipPosition":[48.0204,236.736,-16.6466],"direction":[-0.271621,-0.833211,0.481645],"extended":false,"handId":469,"id":4694,"length":49.5125,"mcpPosition":[60.0481,272.259,1.91698],"pipPosition":[53.228,252.711,-25.8809],"stabilizedTipPosition":[46.8486,230.16,-4.78322],"timeVisible":3.94968,"tipPosition":[46.1455,231.433,-4.7017],"tipVelocity":[-58.2908,159.952,-11.0263],"tool":false,"touchDistance":0.333333,"touchZone":"none","type":4,"width":15.7401}],"r":[[0.77824,0.455264,0.432523],[-0.506206,0.862407,0.00306657],[-0.371615,-0.221332,0.901618]],"s":1.0959,"t":[38.8671,10.1333,-61.6545],"timestamp":93399198036},false],[5,{"currentFrameRate":110.623,"devices":[],"gestures":[],"hands":[{"armBasis":[[0.984155,0.152081,-0.0911652],[-0.118583,0.946775,0.299257],[0.131824,-0.283705,0.949807]],"armWidth":62.4607,"confidence":0.595986,"direction":[-0.0215867,0.737791,-0.674684],"elbow":[65.6611,151.234,296.793],"grabStrength":0,"id":469,"palmNormal":[0.124417,-0.667613,-0.734039],"palmPosition":[22.744,261.801,6.01359],"palmVelocity":[-51.6128,142.886,12.0535],"palmWidth":89.1918,"pinchStrength":0.241473,"r":[[0.780069,0.452916,0.431693],[-0.505352,0.862877,0.00787199],[-0.368933,-0.224298,0.901986]],"s":1.09543,"sphereCenter":[10.188,247.59,-37.0829],"sphereRadius":47.5563,"stabilizedPalmPosition":[22.8803,261.488,5.98845],"t":[38.4233,11.2302,-61.5848],"timeVisible":3.95876,"type":"right","wrist":[30.772,226.321,45.4131]}],"id":1679883,"interactionBox":{"center":[0,200,0],"size":[235.247,235.247,147.751]},"pointables":[{"bases":[[[0.283682,0.781252,0.55603],[-0.845568,-0.0696765,0.529301],[0.45226,-0.620314,0.640836]],[[0.223441,0.854245,0.469403],[-0.80468,-0.110104,0.58341],[0.550058,-0.508077,0.662793]],[[0.223441,0.854245,0.469403],[-0.967371,0.253365,-0.000608216],[-0.11945,-0.453951,0.882984]],[[0.223441,0.854245,0.469403],[-0.950264,0.298105,-0.090173],[-0.216961,-0.425908,0.878368]]],"btipPosition":[-13.5048,263.793,-44.3499],"carpPosition":[4.44062,213.99,37.7428],"dipPosition":[-18.4821,254.022,-24.1992],"direction":[0.11945,0.453951,-0.882984],"extended":false,"handId":469,"id":4690,"length":51.0864,"mcpPosition":[4.44062,213.99,37.7428],"pipPosition":[-22.4743,238.85,5.31169],"stabilizedTipPosition":[-14.467,261.208,-39.7491],"timeVisible":3.95876,"tipPosition":[-14.5393,262.261,-39.2968],"tipVelocity":[-69.7114,148.104,16.089],"tool":false,"touchDistance":-0.216936,"touchZone":"touching","type":0,"width":19.8498},{"bases":[[[0.974288,0.222248,-0.0369969],[-0.150905,0.765632,0.625328],[0.167304,-0.603667,0.779484]],[[0.963509,0.255388,-0.0801737],[-0.174841,0.827247,0.533941],[0.202685,-0.500439,0.841712]],[[0.963509,0.255388,-0.0801737],[-0.2143,0.915438,0.340659],[0.160394,-0.311047,0.936762]],[[0.963509,0.255388,-0.0801737],[-0.237988,0.954416,0.180147],[0.122526,-0.154493,0.980367]]],"btipPosition":[-16.7811,309.879,-84.9268],"carpPosition":[9.67217,235.313,45.3471],"dipPosition":[-14.729,307.292,-68.5076],"direction":[-0.160394,0.311047,-0.936762],"extended":true,"handId":469,"id":4691,"length":57.6453,"mcpPosition":[-2.39305,278.847,-10.8659],"pipPosition":[-10.9288,299.922,-46.3132],"stabilizedTipPosition":[-16.0855,308.676,-81.3034],"timeVisible":3.95876,"tipPosition":[-16.8498,309.901,-80.6692],"tipVelocity":[-68.4187,184.425,42.5728],"tool":false,"touchDistance":-0.214516,"touchZone":"touching","type":1,"width":18.9605},{"bases":[[[0.999289,0.00484709,-0.0374031],[0.0196923,0.778744,0.627033],[0.0321667,-0.627323,0.778094]],[[0.999049,0.00907125,-0.0426417],[-0.0321888,0.813149,-0.581165],[0.0294022,0.581985,0.812668]],[[0.999049,0.00907125,-0.0426417],[-0.034285,-0.440684,-0.897007],[-0.0269285,0.897616,-0.439954]],[[0.999049,0.00907125,-0.0426417],[-0.0110036,-0.893976,-0.44798],[-0.0421844,0.448023,-0.893026]]],"btipPosition":[18.8955,221.724,-17.3977],"carpPosition":[20.9569,239.593,45.4987],"dipPosition":[18.1184,229.977,-33.8478],"direction":[0.0269285,-0.897616,0.439954],"extended":false,"handId":469,"id":4692,"length":65.6822,"mcpPosition":[18.757,282.495,-7.71451],"pipPosition":[17.3678,254.998,-46.1113],"stabilizedTipPosition":[19.1085,222.89,-21.1296],"timeVisible":3.95876,"tipPosition":[18.7551,223.745,-20.6374],"tipVelocity":[-66.7544,156.168,-7.1675],"tool":false,"touchDistance":0.333333,"touchZone":"none","type":2,"width":18.6218},{"bases":[[[0.988784,-0.14624,0.0303464],[0.092052,0.756706,0.647242],[-0.117616,-0.637189,0.76168]],[[0.986915,-0.15575,0.0417298],[0.147131,0.763974,-0.628248],[0.065969,0.626167,0.776893]],[[0.986915,-0.15575,0.0417298],[-0.0415722,-0.495831,-0.867423],[0.155792,0.854338,-0.495818]],[[0.986915,-0.15575,0.0417298],[-0.124392,-0.900091,-0.417568],[0.102597,0.406913,-0.907687]]],"btipPosition":[31.1462,221.892,-5.72803],"carpPosition":[32.923,240.843,44.9782],"dipPosition":[33.0252,229.344,-22.3521],"direction":[-0.155792,-0.854338,0.495818],"extended":false,"handId":469,"id":4693,"length":63.1552,"mcpPosition":[40.1449,279.968,-1.79051],"pipPosition":[37.2557,252.544,-35.8158],"stabilizedTipPosition":[31.968,222.848,-9.42172],"timeVisible":3.95876,"tipPosition":[31.544,223.675,-9.26023],"tipVelocity":[-60.6737,150.21,-12.4256],"tool":false,"touchDistance":0.333333,"touchZone":"none","type":3,"width":17.7198},{"bases":[[[0.939632,-0.342011,0.0109354],[0.233968,0.665461,0.708816],[-0.2497,-0.663468,0.705309]],[[0.948127,-0.317547,-0.0148364],[0.246803,0.76471,-0.595237],[0.200361,0.560698,0.803414]],[[0.948127,-0.317547,-0.0148364],[-0.164649,-0.450613,-0.877405],[0.271932,0.834333,-0.479522]],[[0.948127,-0.317547,-0.0148364],[-0.291432,-0.849615,-0.439571],[0.126979,0.421093,-0.898085]]],"btipPosition":[45.3288,230.588,-1.51927],"carpPosition":[45.4396,235.422,42.0489],"dipPosition":[47.4742,237.703,-16.6935],"direction":[-0.271932,-0.834333,0.479522],"extended":false,"handId":469,"id":4694,"length":49.5125,"mcpPosition":[59.6324,273.133,1.95966],"pipPosition":[52.6878,253.699,-25.887],"stabilizedTipPosition":[46.2988,231.266,-4.90434],"timeVisible":3.95876,"tipPosition":[45.6238,232.361,-4.7629],"tipVelocity":[-58.0823,144.037,-9.82589],"tool":false,"touchDistance":0.333333,"touchZone":"none","type":4,"width":15.7401}],"r":[[0.780069,0.452916,0.431693],[-0.505352,0.862877,0.00787199],[-0.368933,-0.224298,0.901986]],"s":1.09543,"t":[38.4233,11.2302,-61.5848],"timestamp":93399207113},false],[6,{"currentFrameRate":110.655,"devices":[],"gestures":[],"hands":[{"armBasis":[[0.984276,0.152003,-0.0899811],[-0.11751,0.943797,0.308932],[0.131883,-0.293501,0.946818]],"armWidth":62.4607,"confidence":0.606778,"direction":[-0.0237231,0.741944,-0.670042],"elbow":[65.1074,150.634,295.826],"grabStrength":0,"id":469,"palmNormal":[0.121781,-0.663095,-0.738563],"palmPosition":[22.0484,264.038,6.08535],"palmVelocity":[-58.6964,171.989,10.9406],"palmWidth":89.1918,"pinchStrength":0.24518,"r":[[0.78184,0.450475,0.431044],[-0.504614,0.863245,0.0131238],[-0.366185,-0.227771,0.902236]],"s":1.09492,"sphereCenter":[9.49808,250.107,-37.0519],"sphereRadius":47.5121,"stabilizedPalmPosition":[22.2247,263.497,6.06482],"t":[37.8536,12.8969,-61.5141],"timeVisible":3.96773,"type":"right","wrist":[30.2028,228.313,45.2377]}],"id":1679884,"interactionBox":{"center":[0,200,0],"size":[235.247,235.247,147.751]},"pointables":[{"bases":[[[0.285735,0.777752,0.559872],[-0.843779,-0.0727798,0.531732],[0.454304,-0.624343,0.635456]],[[0.223238,0.853391,0.471051],[-0.803345,-0.11263,0.584765],[0.552088,-0.508958,0.660424]],[[0.223238,0.853391,0.471051],[-0.967795,0.251727,0.0026041],[-0.116354,-0.456462,0.882102]],[[0.223238,0.853391,0.471051],[-0.950934,0.296863,-0.0871575],[-0.214217,-0.428482,0.87779]]],"btipPosition":[-14.3682,266.024,-44.3531],"carpPosition":[3.8429,216.035,37.5811],"dipPosition":[-19.2826,256.194,-24.2156],"direction":[0.116354,0.456462,-0.882102],"extended":false,"handId":469,"id":4690,"length":51.0864,"mcpPosition":[3.8429,216.035,37.5811],"pipPosition":[-23.1714,240.939,5.26577],"stabilizedTipPosition":[-15.2834,263.23,-39.7272],"timeVisible":3.96773,"tipPosition":[-15.3947,264.528,-39.2571],"tipVelocity":[-76.5182,175.202,11.49],"tool":false,"touchDistance":-0.223062,"touchZone":"touching","type":0,"width":19.8498},{"bases":[[[0.974204,0.222286,-0.038937],[-0.148617,0.761788,0.63055],[0.169824,-0.608497,0.775172]],[[0.963474,0.255189,-0.0812169],[-0.172812,0.824127,0.539398],[0.204581,-0.505661,0.838125]],[[0.963474,0.255189,-0.0812169],[-0.2126,0.913269,0.347479],[0.162846,-0.31752,0.934164]],[[0.963474,0.255189,-0.0812169],[-0.236642,0.953254,0.187902],[0.125371,-0.161819,0.978824]]],"btipPosition":[-17.7157,312.72,-84.4255],"carpPosition":[9.10477,237.31,45.2989],"dipPosition":[-15.616,310.01,-68.0322],"direction":[-0.162846,0.31752,-0.934164],"extended":true,"handId":469,"id":4691,"length":57.6453,"mcpPosition":[-3.14219,281.192,-10.6031],"pipPosition":[-11.7578,302.487,-45.8993],"stabilizedTipPosition":[-16.924,311.176,-80.8296],"timeVisible":3.96773,"tipPosition":[-17.774,312.676,-80.1842],"tipVelocity":[-77.8619,219.736,46.0242],"tool":false,"touchDistance":-0.216167,"touchZone":"touching","type":1,"width":18.9605},{"bases":[[[0.999157,0.00488701,-0.0407695],[0.0219882,0.774856,0.631755],[0.0346779,-0.632119,0.774095]],[[0.9989,0.00914345,-0.0459812],[-0.0339911,0.81673,-0.576018],[0.0322874,0.576948,0.816143]],[[0.9989,0.00914345,-0.0459812],[-0.0374265,-0.435138,-0.899586],[-0.0282335,0.900318,-0.434317]],[[0.9989,0.00914345,-0.0459812],[-0.0127149,-0.891198,-0.453437],[-0.0451243,0.453523,-0.890101]]],"btipPosition":[18.1119,224.107,-17.5596],"carpPosition":[20.3908,241.587,45.4386],"dipPosition":[17.2807,232.461,-33.9558],"direction":[0.0282335,-0.900318,0.434317],"extended":false,"handId":469,"id":4692,"length":65.6822,"mcpPosition":[18.0192,284.817,-7.50117],"pipPosition":[16.4937,257.557,-46.0621],"stabilizedTipPosition":[18.3707,224.84,-21.2545],"timeVisible":3.96773,"tipPosition":[17.9608,226.147,-20.788],"tipVelocity":[-72.7557,186.812,-9.76506],"tool":false,"touchDistance":0.333333,"touchZone":"none","type":2,"width":18.6218},{"bases":[[[0.98885,-0.146614,0.0260818],[0.0944114,0.75268,0.651582],[-0.115162,-0.641855,0.758129]],[[0.987056,-0.156004,0.0371885],[0.145019,0.769206,-0.622327],[0.0684796,0.619665,0.781874]],[[0.987056,-0.156004,0.0371885],[-0.0444484,-0.48891,-0.871201],[0.154092,0.858271,-0.489516]],[[0.987056,-0.156004,0.0371885],[-0.125841,-0.89715,-0.423422],[0.099419,0.413262,-0.905169]]],"btipPosition":[30.4223,224.235,-6.03852],"carpPosition":[32.3554,242.837,44.8851],"dipPosition":[32.2431,231.803,-22.6165],"direction":[-0.154092,-0.858271,0.489516],"extended":false,"handId":469,"id":4693,"length":63.1552,"mcpPosition":[39.4266,282.249,-1.66563],"pipPosition":[36.4274,255.109,-35.909],"stabilizedTipPosition":[31.2954,224.715,-9.67819],"timeVisible":3.96773,"tipPosition":[30.8019,226.026,-9.53326],"tipVelocity":[-66.5488,181.363,-18.1731],"tool":false,"touchDistance":0.333333,"touchZone":"none","type":3,"width":17.7198},{"bases":[[[0.939591,-0.342252,0.00563053],[0.236517,0.66103,0.712109],[-0.247442,-0.66776,0.702047]],[[0.948129,-0.317228,-0.0204341],[0.244496,0.768812,-0.590889],[0.203156,0.555243,0.806494]],[[0.948129,-0.317228,-0.0204341],[-0.167738,-0.444658,-0.879854],[0.270028,0.837643,-0.474804]],[[0.948129,-0.317228,-0.0204341],[-0.29288,-0.846753,-0.444106],[0.12358,0.427055,-0.895741]]],"btipPosition":[44.6187,232.867,-1.73972],"carpPosition":[44.8608,237.432,41.8798],"dipPosition":[46.7067,240.083,-16.8743],"direction":[-0.270028,-0.837643,0.474804],"extended":false,"handId":469,"id":4694,"length":49.5125,"mcpPosition":[58.9252,275.387,1.97603],"pipPosition":[51.8838,256.142,-25.9774],"stabilizedTipPosition":[45.6515,233.025,-5.07499],"timeVisible":3.96773,"tipPosition":[44.8997,234.658,-4.96982],"tipVelocity":[-64.2404,174.831,-13.5832],"tool":false,"touchDistance"