{"sensorType":"Leap","data":[[0,{"currentFrameRate":55.241,"devices":[],"gestures":[],"hands":[{"armBasis":[[0.992449,0.0921873,-0.0809152],[-0.0701485,0.967706,0.242123],[0.100623,-0.234618,0.966866]],"armWidth":62.4607,"confidence":0.82649,"direction":[0.0215571,0.754777,-0.655628],"elbow":[59.2795,144.146,305.666],"grabStrength":0,"id":469,"palmNormal":[0.100347,-0.654102,-0.749721],"palmPosition":[26.7816,243.053,11.2212],"palmVelocity":[-28.3691,128.492,1.75341],"palmWidth":89.1918,"pinchStrength":0.238647,"r":[[0.810007,0.42883,0.399991],[-0.465295,0.885131,-0.00669662],[-0.356916,-0.18069,0.916494]],"s":1.07605,"sphereCenter":[20.4059,229.463,-31.8798],"sphereRadius":46.2466,"stabilizedPalmPosition":[27.1718,241.488,11.0931],"t":[42.5284,-8.79591,-56.3114],"timeVisible":15.2664,"type":"right","wrist":[32.6483,206.241,49.7715]}],"id":1680504,"interactionBox":{"center":[0,200,0],"size":[235.247,235.247,147.751]},"pointables":[{"bases":[[[0.314726,0.752298,0.578788],[-0.853833,-0.0419798,0.518851],[0.414628,-0.657484,0.629125]],[[0.2451,0.846917,0.471866],[-0.831325,-0.0668259,0.551754],[0.498823,-0.527509,0.687684]],[[0.2451,0.846917,0.471866],[-0.953934,0.297534,-0.0385228],[-0.173022,-0.440687,0.880828]],[[0.2451,0.846917,0.471866],[-0.929241,0.344016,-0.134775],[-0.276472,-0.405444,0.871308]]],"btipPosition":[-6.44146,245.239,-41.5536],"carpPosition":[5.84119,195.398,41.5231],"dipPosition":[-12.784,235.938,-21.5648],"direction":[0.173022,0.440687,-0.880828],"extended":false,"handId":469,"id":4690,"length":51.0864,"mcpPosition":[5.84119,195.398,41.5231],"pipPosition":[-18.5667,221.21,7.87399],"stabilizedTipPosition":[-7.75565,242.138,-36.929],"timeVisible":15.2664,"tipPosition":[-7.89332,242.779,-37.1479],"tipVelocity":[-27.1912,157.188,3.66029],"tool":false,"touchDistance":0.11594,"touchZone":"hovering","type":0,"width":19.8498},{"bases":[[[0.984217,0.175652,-0.0215164],[-0.12086,0.756003,0.643313],[0.129266,-0.630559,0.765301]],[[0.980791,0.190898,-0.0400763],[-0.148948,0.865618,0.478037],[0.125947,-0.462886,0.877425]],[[0.980791,0.190898,-0.0400763],[-0.176823,0.95687,0.230508],[0.0823513,-0.218994,0.972245]],[[0.980791,0.190898,-0.0400763],[-0.189619,0.981282,0.0336311],[0.0457462,-0.0253859,0.99863]]],"btipPosition":[-5.33527,286.825,-82.1752],"carpPosition":[12.0082,216.244,49.7264],"dipPosition":[-4.56911,286.4,-65.4502],"direction":[-0.0823513,0.218994,-0.972245],"extended":true,"handId":469,"id":4691,"length":57.6453,"mcpPosition":[2.68607,261.717,-5.46379],"pipPosition":[-2.61798,281.211,-42.4151],"stabilizedTipPosition":[-4.76522,284.393,-78.6585],"timeVisible":15.2664,"tipPosition":[-5.73226,288.03,-77.7482],"tipVelocity":[-24.7651,158.51,17.6875],"tool":false,"touchDistance":0.488873,"touchZone":"hovering","type":1,"width":18.9605},{"bases":[[[0.998719,-0.0426246,-0.0272755],[0.0501414,0.760789,0.64706],[-0.00682977,-0.647599,0.761951]],[[0.998741,-0.0393166,-0.0311666],[0.011066,0.778534,-0.627505],[0.0489356,0.62637,0.777988]],[[0.998741,-0.0393166,-0.0311666],[-0.0477317,-0.553257,-0.831642],[0.0154542,0.832082,-0.554437]],[[0.998741,-0.0393166,-0.0311666],[-0.0473194,-0.944626,-0.324719],[-0.0166739,0.325785,-0.945297]]],"btipPosition":[21.5149,205.466,-5.89889],"carpPosition":[23.4835,219.967,50.101],"dipPosition":[21.2077,211.467,-23.3118],"direction":[-0.0154542,-0.832082,0.554437],"extended":false,"handId":469,"id":4692,"length":65.6822,"mcpPosition":[23.9506,264.256,-2.00819],"pipPosition":[21.6385,234.661,-38.7664],"stabilizedTipPosition":[21.723,204.307,-9.66425],"timeVisible":15.2664,"tipPosition":[21.4249,206.846,-9.87295],"tipVelocity":[-13.2082,137.455,-15.3162],"tool":false,"touchDistance":0.333333,"touchZone":"none","type":2,"width":18.6218},{"bases":[[[0.980188,-0.194689,0.0364492],[0.121124,0.734767,0.667417],[-0.15672,-0.649779,0.743791]],[[0.981005,-0.191241,0.0325047],[0.16527,0.73625,-0.656217],[0.101564,0.649124,0.753871]],[[0.981005,-0.191241,0.0325047],[-0.0878078,-0.587194,-0.804669],[0.172972,0.78653,-0.592833]],[[0.981005,-0.191241,0.0325047],[-0.172945,-0.93814,-0.299971],[0.0878607,0.288651,-0.953394]]],"btipPosition":[34.3698,205.473,4.60445],"carpPosition":[35.5011,220.649,49.7325],"dipPosition":[35.9789,210.759,-12.8567],"direction":[-0.172972,-0.78653,0.592833],"extended":false,"handId":469,"id":4693,"length":63.1552,"mcpPosition":[45.124,260.546,4.06218],"pipPosition":[40.6759,232.117,-28.9548],"stabilizedTipPosition":[35.1473,203.78,0.829538],"timeVisible":15.2664,"tipPosition":[34.7687,206.674,0.49843],"tipVelocity":[-15.1369,136.958,-16.6478],"tool":false,"touchDistance":0.333333,"touchZone":"none","type":3,"width":17.7198},{"bases":[[[0.921884,-0.387296,0.0115089],[0.257779,0.635229,0.728034],[-0.289275,-0.668196,0.685444]],[[0.924288,-0.381654,0.00573463],[0.31112,0.744595,-0.590578],[0.221126,0.547648,0.80696]],[[0.924288,-0.381654,0.00573463],[-0.195211,-0.485565,-0.852126],[0.328002,0.78649,-0.523305]],[[0.924288,-0.381654,0.00573463],[-0.351163,-0.856141,-0.379087],[0.14959,0.348372,-0.925343]]],"btipPosition":[47.7359,212.737,5.52768],"carpPosition":[47.7741,214.704,46.7897],"dipPosition":[50.2634,218.623,-10.107],"direction":[-0.328002,-0.78649,0.523305],"extended":false,"handId":469,"id":4694,"length":49.5125,"mcpPosition":[64.2163,252.683,7.82957],"pipPosition":[56.552,233.702,-20.14],"stabilizedTipPosition":[48.7761,211.094,2.05294],"timeVisible":15.2664,"tipPosition":[48.4706,214.021,1.95073],"tipVelocity":[-17.5358,140.304,-10.4252],"tool":false,"touchDistance":0.333333,"touchZone":"none","type":4,"width":15.7401}],"r":[[0.810007,0.42883,0.399991],[-0.465295,0.885131,-0.00669662],[-0.356916,-0.18069,0.916494]],"s":1.07605,"t":[42.5284,-8.79591,-56.3114],"timestamp":93410514737},false],[1,{"currentFrameRate":55.3919,"devices":[],"gestures":[],"hands":[{"armBasis":[[0.991847,0.0984636,-0.0808943],[-0.0752885,0.964948,0.251409],[0.102813,-0.243269,0.964494]],"armWidth":62.4607,"confidence":0.8135,"direction":[0.0171204,0.760309,-0.649336],"elbow":[59.5906,143.722,304.575],"grabStrength":0,"id":469,"palmNormal":[0.103413,-0.647295,-0.755192],"palmPosition":[26.2928,245.206,11.0687],"palmVelocity":[-28.1436,125.838,-3.1042],"palmWidth":89.1918,"pinchStrength":0.236017,"r":[[0.808754,0.427882,0.403526],[-0.46837,0.88353,0.00185798],[-0.355733,-0.190502,0.914966]],"s":1.07609,"sphereCenter":[20.1423,231.881,-32.1727],"sphereRadius":46.2472,"stabilizedPalmPosition":[26.4939,244.355,11.0743],"t":[42.0283,-6.53224,-56.3857],"timeVisible":15.2839,"type":"right","wrist":[32.3796,208.107,49.3082]}],"id":1680505,"interactionBox":{"center":[0,200,0],"size":[235.247,235.247,147.751]},"pointables":[{"bases":[[[0.311026,0.749137,0.584856],[-0.85329,-0.050879,0.518949],[0.418521,-0.660458,0.623406]],[[0.241631,0.843341,0.47999],[-0.830408,-0.0762004,0.55192],[0.502032,-0.531949,0.681905]],[[0.241631,0.843341,0.47999],[-0.955661,0.292611,-0.0330286],[-0.168305,-0.450727,0.876652]],[[0.241631,0.843341,0.47999],[-0.931172,0.340684,-0.12982],[-0.273007,-0.415584,0.867616]]],"btipPosition":[-7.05065,247.815,-41.5851],"carpPosition":[5.6262,197.188,40.9845],"dipPosition":[-13.3137,238.281,-21.6811],"direction":[0.168305,0.450727,-0.876652],"extended":false,"handId":469,"id":4690,"length":51.0864,"mcpPosition":[5.6262,197.188,40.9845],"pipPosition":[-18.9388,223.217,7.61815],"stabilizedTipPosition":[-8.38315,245.111,-36.9957],"timeVisible":15.2839,"tipPosition":[-8.45455,245.265,-37.218],"tipVelocity":[-30.219,150.997,0.605239],"tool":false,"touchDistance":0.126873,"touchZone":"hovering","type":0,"width":19.8498},{"bases":[[[0.983248,0.181108,-0.0205902],[-0.124535,0.749966,0.649647],[0.133099,-0.6362,0.759957]],[[0.979912,0.195751,-0.0381333],[-0.153405,0.862036,0.483074],[0.127435,-0.467521,0.874749]],[[0.979912,0.195751,-0.0381333],[-0.181555,0.954743,0.235592],[0.0825248,-0.223936,0.971104]],[[0.979912,0.195751,-0.0381333],[-0.194301,0.98018,0.0386476],[0.0449428,-0.0304619,0.998525]]],"btipPosition":[-5.98706,289.383,-82.0171],"carpPosition":[11.6861,217.999,49.3576],"dipPosition":[-5.23436,288.873,-65.2939],"direction":[-0.0825248,0.223936,-0.971104],"extended":true,"handId":469,"id":4691,"length":57.6453,"mcpPosition":[2.08757,263.879,-5.44722],"pipPosition":[-3.27912,283.567,-42.2858],"stabilizedTipPosition":[-5.45893,287.616,-78.3359],"timeVisible":15.2839,"tipPosition":[-6.39985,290.54,-77.5909],"tipVelocity":[-30.6177,152.142,13.6455],"tool":false,"touchDistance":0.475684,"touchZone":"hovering","type":1,"width":18.9605},{"bases":[[[0.998917,-0.0370319,-0.0281732],[0.0464398,0.755638,0.653341],[-0.00290571,-0.653941,0.75654]],[[0.998919,-0.0336848,-0.0320445],[0.00650824,0.783773,-0.621013],[0.0460344,0.620133,0.783145]],[[0.998919,-0.0336848,-0.0320445],[-0.0452552,-0.546562,-0.836195],[0.0106528,0.836741,-0.547496]],[[0.998919,-0.0336848,-0.0320445],[-0.0424379,-0.942129,-0.332554],[-0.018988,0.333555,-0.942539]]],"btipPosition":[21.218,207.734,-6.3608],"carpPosition":[23.1415,221.78,49.7569],"dipPosition":[20.8682,213.879,-23.7229],"direction":[-0.0106528,-0.836741,0.547496],"extended":false,"handId":469,"id":4692,"length":65.6822,"mcpPosition":[23.3402,266.502,-1.9822],"pipPosition":[21.1652,237.202,-38.9841],"stabilizedTipPosition":[21.4097,206.897,-10.0334],"timeVisible":15.2839,"tipPosition":[21.1182,209.146,-10.3232],"tipVelocity":[-15.1994,134.57,-20.1345],"tool":false,"touchDistance":0.333333,"touchZone":"none","type":2,"width":18.6218},{"bases":[[[0.981239,-0.189718,0.034294],[0.117573,0.72983,0.673442],[-0.152793,-0.656776,0.738444]],[[0.982005,-0.186372,0.0305341],[0.161107,0.742324,-0.650384],[0.0985473,0.643599,0.758992]],[[0.982005,-0.186372,0.0305341],[-0.085167,-0.581324,-0.809202],[0.168563,0.79204,-0.586736]],[[0.982005,-0.186372,0.0305341],[-0.168208,-0.936637,-0.307273],[0.0858666,0.296608,-0.951131]]],"btipPosition":[34.0709,207.729,4.15657],"carpPosition":[35.155,222.529,49.3875],"dipPosition":[35.6435,213.161,-13.2632],"direction":[-0.168563,-0.79204,0.586736],"extended":false,"handId":469,"id":4693,"length":63.1552,"mcpPosition":[44.5368,262.856,4.04556],"pipPosition":[40.2208,234.669,-29.1957],"stabilizedTipPosition":[34.7907,206.374,0.490498],"timeVisible":15.2839,"tipPosition":[34.4636,208.964,0.0536909],"tipVelocity":[-16.2475,134.011,-20.532],"tool":false,"touchDistance":0.333333,"touchZone":"none","type":3,"width":17.7198},{"bases":[[[0.923955,-0.382422,0.00778366],[0.254796,0.630526,0.733154],[-0.285282,-0.675418,0.680018]],[[0.926315,-0.376744,0.00208022],[0.306812,0.751145,-0.584507],[0.218647,0.542076,0.811386]],[[0.926315,-0.376744,0.00208022],[-0.193096,-0.4795,-0.856034],[0.323503,0.792555,-0.516916]],[[0.926315,-0.376744,0.00208022],[-0.346804,-0.854832,-0.385992],[0.147198,0.356829,-0.9225]]],"btipPosition":[47.4055,215.052,5.11116],"carpPosition":[47.458,216.674,46.3887],"dipPosition":[49.8925,221.081,-10.4755],"direction":[-0.323503,-0.792555,0.516916],"extended":false,"handId":469,"id":4694,"length":49.5125,"mcpPosition":[63.6732,255.065,7.73699],"pipPosition":[56.0948,236.276,-20.386],"stabilizedTipPosition":[48.3773,213.763,1.78989],"timeVisible":15.2839,"tipPosition":[48.1306,216.37,1.54475],"tipVelocity":[-18.3933,137.346,-16.3307],"tool":false,"touchDistance":0.333333,"touchZone":"none","type":4,"width":15.7401}],"r":[[0.808754,0.427882,0.403526],[-0.46837,0.88353,0.00185798],[-0.355733,-0.190502,0.914966]],"s":1.07609,"t":[42.0283,-6.53224,-56.3857],"timestamp":93410532269},false],[2,{"currentFrameRate":55.3739,"devices":[],"gestures":[],"hands":[{"armBasis":[[0.99186,0.10126,-0.0772053],[-0.0775053,0.961154,0.264907],[0.101031,-0.256767,0.961178]],"armWidth":62.4607,"confidence":0.821811,"direction":[0.015959,0.763451,-0.645668],"elbow":[58.5789,141.675,303.588],"grabStrength":0,"id":469,"palmNormal":[0.104496,-0.643488,-0.75829],"palmPosition":[25.6967,246.905,11.1381],"palmVelocity":[-30.4045,110.585,0.196284],"palmWidth":89.1918,"pinchStrength":0.233838,"r":[[0.807614,0.426961,0.406772],[-0.471103,0.882027,0.0095338],[-0.354713,-0.199331,0.91348]],"s":1.07613,"sphereCenter":[19.7079,233.743,-32.1863],"sphereRadius":46.2466,"stabilizedPalmPosition":[25.8129,246.534,11.1288],"t":[41.4802,-4.55057,-56.3882],"timeVisible":15.302,"type":"right","wrist":[31.8397,209.632,49.1991]}],"id":1680506,"interactionBox":{"center":[0,200,0],"size":[235.247,235.247,147.751]},"pointables":[{"bases":[[[0.309793,0.746807,0.588479],[-0.853245,-0.0547311,0.51863],[0.419525,-0.662785,0.620254]],[[0.240622,0.84098,0.484617],[-0.830305,-0.0802381,0.551504],[0.502688,-0.535084,0.678962]],[[0.240622,0.84098,0.484617],[-0.956233,0.291036,-0.0302615],[-0.166491,-0.456125,0.874203]],[[0.240622,0.84098,0.484617],[-0.931997,0.339631,-0.126623],[-0.271078,-0.421193,0.865513]]],"btipPosition":[-7.70952,249.801,-41.4747],"carpPosition":[5.10431,198.712,40.8208],"dipPosition":[-13.9284,240.139,-21.6189],"direction":[0.166491,0.456125,-0.874203],"extended":false,"handId":469,"id":4690,"length":51.0864,"mcpPosition":[5.10431,198.712,40.8208],"pipPosition":[-19.4928,224.894,7.59846],"stabilizedTipPosition":[-9.07163,247.356,-36.9158],"timeVisible":15.302,"tipPosition":[-9.08304,247.209,-37.1211],"tipVelocity":[-32.875,130.512,2.92611],"tool":false,"touchDistance":0.135605,"touchZone":"hovering","type":0,"width":19.8498},{"bases":[[[0.98296,0.182767,-0.0196406],[-0.125773,0.746632,0.653239],[0.134055,-0.639638,0.756897]],[[0.979749,0.196891,-0.0364026],[-0.154824,0.86024,0.485815],[0.126968,-0.470341,0.873303]],[[0.979749,0.196891,-0.0364026],[-0.182812,0.953783,0.238489],[0.0816766,-0.227004,0.970463]],[[0.979749,0.196891,-0.0364026],[-0.195365,0.979847,0.0416134],[0.0438623,-0.0336589,0.99847]]],"btipPosition":[-6.55372,291.369,-81.7826],"carpPosition":[11.1305,219.491,49.2944],"dipPosition":[-5.81911,290.805,-65.0603],"direction":[-0.0816766,0.227004,-0.970463],"extended":true,"handId":469,"id":4691,"length":57.6453,"mcpPosition":[1.46307,265.619,-5.28969],"pipPosition":[-3.88397,285.427,-42.0674],"stabilizedTipPosition":[-6.11339,290.177,-78.0535],"timeVisible":15.302,"tipPosition":[-6.97323,292.476,-77.366],"tipVelocity":[-31.0379,131.552,13.3044],"tool":false,"touchDistance":0.464963,"touchZone":"hovering","type":1,"width":18.9605},{"bases":[[[0.998976,-0.0353094,-0.0282721],[0.0451926,0.752558,0.656973],[-0.00192092,-0.657579,0.753384]],[[0.998973,-0.0319102,-0.0321656],[0.00523786,0.786494,-0.617576],[0.045005,0.616773,0.785853]],[[0.998973,-0.0319102,-0.0321656],[-0.044345,-0.542946,-0.838596],[0.00929556,0.839161,-0.543804]],[[0.998973,-0.0319102,-0.0321656],[-0.0408944,-0.940662,-0.336872],[-0.0195073,0.337841,-0.941001]]],"btipPosition":[20.6851,209.504,-6.44824],"carpPosition":[22.5799,223.289,49.7129],"dipPosition":[20.3257,215.728,-23.7821],"direction":[-0.00929556,-0.839161,0.543804],"extended":false,"handId":469,"id":4692,"length":65.6822,"mcpPosition":[22.7112,268.26,-1.81041],"pipPosition":[20.5849,239.119,-38.9403],"stabilizedTipPosition":[20.9598,209.148,-10.2572],"timeVisible":15.302,"tipPosition":[20.5827,210.937,-10.414],"tipVelocity":[-22.0214,117.481,-12.6758],"tool":false,"touchDistance":0.333333,"touchZone":"none","type":2,"width":18.6218},{"bases":[[[0.981537,-0.188323,0.0334582],[0.116365,0.726767,0.676956],[-0.151802,-0.660564,0.735263]],[[0.982276,-0.185052,0.0298199],[0.160098,0.745571,-0.646911],[0.0974792,0.640219,0.761983]],[[0.982276,-0.185052,0.0298199],[-0.0841981,-0.577758,-0.811854],[0.167464,0.794954,-0.583099]],[[0.982276,-0.185052,0.0298199],[-0.166775,-0.935468,-0.311586],[0.0855551,0.30109,-0.94975]]],"btipPosition":[33.5296,209.478,4.05737],"carpPosition":[34.5922,224.058,49.348],"dipPosition":[35.0965,214.992,-13.3371],"direction":[-0.167464,-0.794954,0.583099],"extended":false,"handId":469,"id":4693,"length":63.1552,"mcpPosition":[43.9132,264.618,4.20141],"pipPosition":[39.6439,236.579,-29.1708],"stabilizedTipPosition":[34.3199,208.659,0.263721],"timeVisible":15.302,"tipPosition":[33.9224,210.732,-0.0424993],"tipVelocity":[-22.767,116.66,-13.2113],"tool":false,"touchDistance":0.333333,"touchZone":"none","type":3,"width":17.7198},{"bases":[[[0.924561,-0.380987,0.00601622],[0.253742,0.627395,0.7362],[-0.284257,-0.679136,0.676737]],[[0.926897,-0.375317,0.000379075],[0.305724,0.754442,-0.580818],[0.217705,0.538474,0.814033]],[[0.926897,-0.375317,0.000379075],[-0.192243,-0.475637,-0.858378],[0.322344,0.795555,-0.513018]],[[0.926897,-0.375317,0.000379075],[-0.345433,-0.853489,-0.390169],[0.146761,0.361516,-0.920743]]],"btipPosition":[46.8562,216.815,5.03482],"carpPosition":[46.9047,218.238,46.322],"dipPosition":[49.3359,222.923,-10.5222],"direction":[-0.322344,-0.795555,0.513018],"extended":false,"handId":469,"id":4694,"length":49.5125,"mcpPosition":[63.0617,256.84,7.85681],"pipPosition":[55.5159,238.176,-20.3579],"stabilizedTipPosition":[47.8793,216.097,1.6154],"timeVisible":15.302,"tipPosition":[47.5791,218.152,1.47568],"tipVelocity":[-24.1111,118.759,-10.383],"tool":false,"touchDistance":0.333333,"touchZone":"none","type":4,"width":15.7401}],"r":[[0.807614,0.426961,0.406772],[-0.471103,0.882027,0.0095338],[-0.354713,-0.199331,0.91348]],"s":1.07613,"t":[41.4802,-4.55057,-56.3882],"timestamp":93410550390},false],[3,{"currentFrameRate":55.3784,"devices":[],"gestures":[],"hands":[{"armBasis":[[0.991959,0.101129,-0.0760903],[-0.0784533,0.963139,0.257309],[0.0993068,-0.24927,0.963329]],"armWidth":62.4607,"confidence":0.816944,"direction":[0.0120588,0.765081,-0.643821],"elbow":[57.8815,145.775,303.666],"grabStrength":0,"id":469,"palmNormal":[0.103877,-0.641343,-0.76019],"palmPosition":[25.2457,249.099,10.7575],"palmVelocity":[-27.8397,115.804,-9.90737],"palmWidth":89.1918,"pinchStrength":0.231432,"r":[[0.80673,0.426417,0.409091],[-0.473728,0.880519,0.0163837],[-0.353226,-0.207015,0.912346]],"s":1.07614,"sphereCenter":[19.3074,235.987,-32.6026],"sphereRadius":46.2454,"stabilizedPalmPosition":[25.3016,248.846,10.7942],"t":[40.9807,-2.46294,-56.5797],"timeVisible":15.3201,"type":"right","wrist":[31.5986,211.748,48.7075]}],"id":1680507,"interactionBox":{"center":[0,200,0],"size":[235.247,235.247,147.751]},"pointables":[{"bases":[[[0.309634,0.746149,0.589397],[-0.851543,-0.0582122,0.521044],[0.423086,-0.663229,0.617353]],[[0.24032,0.839925,0.486593],[-0.828345,-0.0838859,0.553903],[0.506055,-0.536181,0.675588]],[[0.24032,0.839925,0.486593],[-0.957174,0.288422,-0.0251242],[-0.161447,-0.459716,0.873267]],[[0.24032,0.839925,0.486593],[-0.933378,0.337605,-0.121774],[-0.266557,-0.424911,0.8651]]],"btipPosition":[-8.38446,252.128,-41.7074],"carpPosition":[4.86641,200.779,40.3823],"dipPosition":[-14.4996,242.38,-21.861],"direction":[0.161447,0.459716,-0.873267],"extended":false,"handId":469,"id":4690,"length":51.0864,"mcpPosition":[4.86641,200.779,40.3823],"pipPosition":[-19.8954,227.015,7.32509],"stabilizedTipPosition":[-9.74838,249.736,-37.1293],"timeVisible":15.3201,"tipPosition":[-9.71538,249.502,-37.3612],"tipVelocity":[-34.3993,129.254,-4.63898],"tool":false,"touchDistance":0.138481,"touchZone":"hovering","type":0,"width":19.8498},{"bases":[[[0.982423,0.18535,-0.0221288],[-0.125734,0.744691,0.655459],[0.137969,-0.641156,0.754907]],[[0.979284,0.198876,-0.0380978],[-0.155629,0.859574,0.486736],[0.129548,-0.470723,0.872718]],[[0.979284,0.198876,-0.0380978],[-0.184287,0.953291,0.239322],[0.0839136,-0.227343,0.970193]],[[0.979284,0.198876,-0.0380978],[-0.197254,0.979433,0.0424517],[0.0457568,-0.0340573,0.998372]]],"btipPosition":[-7.29536,293.571,-82.0116],"carpPosition":[10.8645,221.553,48.8892],"dipPosition":[-6.52902,293.001,-65.2909],"direction":[-0.0839136,0.227343,-0.970193],"extended":true,"handId":469,"id":4691,"length":57.6453,"mcpPosition":[0.914808,267.79,-5.55132],"pipPosition":[-4.54088,287.614,-42.3044],"stabilizedTipPosition":[-6.84446,292.549,-78.1351],"timeVisible":15.3201,"tipPosition":[-7.71121,294.648,-77.6032],"tipVelocity":[-35.624,127.009,0.958889],"tool":false,"touchDistance":0.448361,"touchZone":"hovering","type":1,"width":18.9605},{"bases":[[[0.998975,-0.0326618,-0.0313481],[0.0452259,0.751049,0.658696],[0.00202969,-0.659439,0.751756]],[[0.998951,-0.0292324,-0.0352566],[0.00129792,0.787569,-0.616225],[0.0457808,0.615532,0.786781]],[[0.998951,-0.0292324,-0.0352566],[-0.0454745,-0.541579,-0.839419],[0.00544402,0.840142,-0.54234]],[[0.998951,-0.0292324,-0.0352566],[-0.0394633,-0.940067,-0.338699],[-0.0232426,0.339735,-0.940234]]],"btipPosition":[20.2798,211.718,-6.86569],"carpPosition":[22.3053,225.379,49.2828],"dipPosition":[19.8517,217.977,-24.1854],"direction":[-0.00544402,-0.840142,0.54234],"extended":false,"handId":469,"id":4692,"length":65.6822,"mcpPosition":[22.1665,270.478,-2.1291],"pipPosition":[20.0034,241.395,-39.3028],"stabilizedTipPosition":[20.5249,211.388,-10.5879],"timeVisible":15.3201,"tipPosition":[20.1615,213.164,-10.8443],"tipVelocity":[-22.6471,120.178,-17.5549],"tool":false,"touchDistance":0.333333,"touchZone":"none","type":2,"width":18.6218},{"bases":[[[0.982114,-0.185871,0.0300551],[0.116524,0.725392,0.678402],[-0.147897,-0.662766,0.734076]],[[0.982815,-0.18268,0.0265228],[0.156388,0.747657,-0.645408],[0.0980734,0.638464,0.763377]],[[0.982815,-0.18268,0.0265228],[-0.0851009,-0.575889,-0.813086],[0.163809,0.796856,-0.581539]],[[0.982815,-0.18268,0.0265228],[-0.165355,-0.935109,-0.313414],[0.0820563,0.303642,-0.949246]]],"btipPosition":[33.1494,211.714,3.55351],"carpPosition":[34.3145,226.181,48.884],"dipPosition":[34.6522,217.275,-13.8317],"direction":[-0.163809,-0.796856,0.581539],"extended":false,"handId":469,"id":4693,"length":63.1552,"mcpPosition":[43.3956,266.876,3.81023],"pipPosition":[39.1004,238.913,-29.6231],"stabilizedTipPosition":[33.8868,210.935,-0.108476],"timeVisible":15.3201,"tipPosition":[33.5282,212.977,-0.540174],"tipVelocity":[-22.3523,120.396,-20.1389],"tool":false,"touchDistance":0.333333,"touchZone":"none","type":3,"width":17.7198},{"bases":[[[0.925552,-0.378614,0.00230685],[0.254333,0.626228,0.736989],[-0.280479,-0.681535,0.675901]],[[0.927844,-0.372953,-0.00329417],[0.302075,0.756634,-0.579876],[0.218759,0.53704,0.814698]],[[0.927844,-0.372953,-0.00329417],[-0.193593,-0.474041,-0.858957],[0.318789,0.797616,-0.512037]],[[0.927844,-0.372953,-0.00329417],[-0.344425,-0.853417,-0.391217],[0.143094,0.364124,-0.920292]]],"btipPosition":[46.463,219.079,4.51761],"carpPosition":[46.6327,220.4,45.8067],"dipPosition":[48.8808,225.232,-11.0318],"direction":[-0.318789,-0.797616,0.512037],"extended":false,"handId":469,"id":4694,"length":49.5125,"mcpPosition":[62.5749,259.138,7.38906],"pipPosition":[54.9927,240.524,-20.8487],"stabilizedTipPosition":[47.4265,218.412,1.26051],"timeVisible":15.3201,"tipPosition":[47.1714,220.426,0.959064],"tipVelocity":[-23.3856,122.222,-19.0137],"tool":false,"touchDistance":0.333333,"touchZone":"none","type":4,"width":15.7401}],"r":[[0.80673,0.426417,0.409091],[-0.473728,0.880519,0.0163837],[-0.353226,-0.207015,0.912346]],"s":1.07614,"t":[40.9807,-2.46294,-56.5797],"timestamp":93410568432},false],[4,{"currentFrameRate":55.3849,"devices":[],"gestures":[],"hands":[{"armBasis":[[0.991555,0.105947,-0.0747898],[-0.0825593,0.960434,0.265989],[0.100011,-0.257568,0.96107]],"armWidth":62.4607,"confidence":0.766653,"direction":[0.010762,0.768757,-0.639451],"elbow":[57.4568,146.369,302.493],"grabStrength":0,"id":469,"palmNormal":[0.107673,-0.63666,-0.76359],"palmPosition":[24.5848,252.082,10.3812],"palmVelocity":[-32.019,139.334,-15.1073],"palmWidth":89.1918,"pinchStrength":0.226329,"r":[[0.805559,0.426055,0.411766],[-0.476434,0.878918,0.0226547],[-0.352256,-0.214429,0.911008]],"s":1.0763,"sphereCenter":[18.9366,239.16,-33.0816],"sphereRadius":46.2499,"stabilizedPalmPosition":[24.6326,251.866,10.4088],"t":[40.4005,0.0722462,-56.8636],"timeVisible":15.3381,"type":"right","wrist":[30.9874,214.538,48.1323]}],"id":1680508,"interactionBox":{"center":[0,200,0],"size":[235.247,235.247,147.751]},"pointables":[{"bases":[[[0.305829,0.743855,0.594264],[-0.852421,-0.0640931,0.518912],[0.424084,-0.665261,0.614476]],[[0.236815,0.837497,0.492461],[-0.829236,-0.0898835,0.551623],[0.506247,-0.538999,0.673197]],[[0.236815,0.837497,0.492461],[-0.95833,0.284708,-0.0233422],[-0.159757,-0.466412,0.870021]],[[0.236815,0.837497,0.492461],[-0.93512,0.333994,-0.11832],[-0.263571,-0.43249,0.862254]]],"btipPosition":[-9.07466,255.409,-42.11],"carpPosition":[4.31059,203.525,39.6889],"dipPosition":[-15.1213,245.487,-22.329],"direction":[0.159757,0.466412,-0.870021],"extended":false,"handId":469,"id":4690,"length":51.0864,"mcpPosition":[4.31059,203.525,39.6889],"pipPosition":[-20.4606,229.899,6.74865],"stabilizedTipPosition":[-10.4372,252.994,-37.5435],"timeVisible":15.3381,"tipPosition":[-10.3501,252.725,-37.7772],"tipVelocity":[-35.8229,153.206,-13.4262],"tool":false,"touchDistance":0.142976,"touchZone":"hovering","type":0,"width":19.8498},{"bases":[[[0.981822,0.188849,-0.0190111],[-0.129669,0.740525,0.6594],[0.138605,-0.644949,0.751552]],[[0.978795,0.201947,-0.0343153],[-0.159669,0.857109,0.489766],[0.128318,-0.473901,0.871179]],[[0.978795,0.201947,-0.0343153],[-0.187876,0.951797,0.242455],[0.0816241,-0.230866,0.969556]],[[0.978795,0.201947,-0.0343153],[-0.200322,0.978668,0.045602],[0.0427925,-0.0377609,0.99837]]],"btipPosition":[-7.83087,296.841,-82.253],"carpPosition":[10.2192,224.271,48.3259],"dipPosition":[-7.11418,296.209,-65.5323],"direction":[-0.0816241,0.230866,-0.969556],"extended":true,"handId":469,"id":4691,"length":57.6453,"mcpPosition":[0.223632,270.782,-5.87269],"pipPosition":[-5.18028,290.739,-42.5609],"stabilizedTipPosition":[-7.45735,295.643,-78.3381],"timeVisible":15.3381,"tipPosition":[-8.26058,297.875,-77.8518],"tipVelocity":[-33.1123,152.418,-5.8469],"tool":false,"touchDistance":0.433237,"touchZone":"hovering","type":1,"width":18.9605},{"bases":[[[0.999145,-0.0290493,-0.0294302],[0.0412614,0.747452,0.663033],[0.00273699,-0.66368,0.748011]],[[0.999115,-0.0254234,-0.0335158],[-0.000483414,0.789728,-0.613457],[0.0420646,0.612931,0.789016]],[[0.999115,-0.0254234,-0.0335158],[-0.0419357,-0.538946,-0.841296],[0.00332538,0.841957,-0.539535]],[[0.999115,-0.0254234,-0.0335158],[-0.0353818,-0.938814,-0.342602],[-0.022755,0.343484,-0.938883]]],"btipPosition":[19.7977,214.766,-7.33587],"carpPosition":[21.6459,228.134,48.7653],"dipPosition":[19.3786,221.094,-24.6307],"direction":[-0.00332538,-0.841957,0.539535],"extended":false,"handId":469,"id":4692,"length":65.6822,"mcpPosition":[21.4587,273.522,-2.39058],"pipPosition":[19.4712,244.563,-39.6699],"stabilizedTipPosition":[20.0561,214.139,-11.001],"timeVisible":15.3381,"tipPosition":[19.6781,216.238,-11.3571],"tipVelocity":[-24.5315,143.769,-21.4454],"tool":false,"touchDistance":0.333333,"touchZone":"none","type":2,"width":18.6218},{"bases":[[[0.982685,-0.182662,0.0310687],[0.112607,0.721929,0.682743],[-0.14714,-0.667423,0.729997]],[[0.983366,-0.179523,0.0276373],[0.155271,0.751879,-0.640757],[0.0942505,0.63439,0.767246]],[[0.983366,-0.179523,0.0276373],[-0.0813824,-0.571494,-0.816561],[0.162386,0.800728,-0.576598]],[[0.983366,-0.179523,0.0276373],[-0.161516,-0.933858,-0.319096],[0.0830942,0.309324,-0.947319]]],"btipPosition":[32.6286,214.768,2.9773],"carpPosition":[33.653,228.979,48.3962],"dipPosition":[34.1504,220.433,-14.3726],"direction":[-0.162386,-0.800728,0.576598],"extended":false,"handId":469,"id":4693,"length":63.1552,"mcpPosition":[42.6878,269.96,3.57292],"pipPosition":[38.5599,242.176,-30.0299],"stabilizedTipPosition":[33.3991,213.692,-0.594228],"timeVisible":15.3381,"tipPosition":[33.013,216.055,-1.1053],"tipVelocity":[-25.3345,144.235,-25.53],"tool":false,"touchDistance":0.333333,"touchZone":"none","type":3,"width":17.7198},{"bases":[[[0.926846,-0.375437,0.00211021],[0.250634,0.622909,0.741058],[-0.279535,-0.686317,0.671438]],[[0.929126,-0.369747,-0.00344339],[0.300685,0.760935,-0.574949],[0.215206,0.533164,0.818182]],[[0.929126,-0.369747,-0.00344339],[-0.190166,-0.469835,-0.862028],[0.317115,0.801587,-0.506849]],[[0.929126,-0.369747,-0.00344339],[-0.340671,-0.852365,-0.396758],[0.143765,0.369811,-0.917917]]],"btipPosition":[45.9181,222.171,4.0164],"carpPosition":[45.9976,223.258,45.3122],"dipPosition":[48.3472,228.42,-11.4929],"direction":[-0.317115,-0.801587,0.506849],"extended":false,"handId":469,"id":4694,"length":49.5125,"mcpPosition":[61.8861,262.268,7.14821],"pipPosition":[54.427,243.788,-21.2103],"stabilizedTipPosition":[46.9137,221.218,0.822431],"timeVisible":15.3381,"tipPosition":[46.629,223.541,0.466818],"tipVelocity":[-26.5573,146.164,-22.9361],"tool":false,"touchDistance":0.333333,"touchZone":"none","type":4,"width":15.7401}],"r":[[0.805559,0.426055,0.411766],[-0.476434,0.878918,0.0226547],[-0.352256,-0.214429,0.911008]],"s":1.0763,"t":[40.4005,0.0722462,-56.8636],"timestamp":93410586465},false],[5,{"currentFrameRate":55.3623,"devices":[],"gestures":[],"hands":[{"armBasis":[[0.990592,0.110751,-0.0803893],[-0.085589,0.959736,0.267546],[0.106784,-0.258149,0.960186]],"armWidth":62.4607,"confidence":0.72204,"direction":[0.00809613,0.772771,-0.634633],"elbow":[58.6289,148.399,301.951],"grabStrength":0,"id":469,"palmNormal":[0.109905,-0.631497,-0.76755],"palmPosition":[23.8345,254.478,10.3081],"palmVelocity":[-36.4675,135.874,-9.82977],"palmWidth":89.1918,"pinchStrength":0.223362,"r":[[0.804326,0.425792,0.414441],[-0.479205,0.877232,0.0287578],[-0.351316,-0.221733,0.909622]],"s":1.0764,"sphereCenter":[18.4177,241.758,-33.2636],"sphereRadius":46.2492,"stabilizedPalmPosition":[23.8866,254.307,10.3147],"t":[39.7352,2.53779,-57.0421],"timeVisible":15.3562,"type":"right","wrist":[30.3671,216.721,47.8241]}],"id":1680509,"interactionBox":{"center":[0,200,0],"size":[235.247,235.247,147.751]},"pointables":[{"bases":[[[0.303224,0.741187,0.598913],[-0.852203,-0.0703035,0.518467],[0.426387,-0.667607,0.610324]],[[0.234136,0.834932,0.498064],[-0.828869,-0.096308,0.551091],[0.508091,-0.54186,0.6695]],[[0.234136,0.834932,0.498064],[-0.959637,0.280584,-0.0192404],[-0.155813,-0.473456,0.866927]],[[0.234136,0.834932,0.498064],[-0.93684,0.33068,-0.113935],[-0.259828,-0.43993,0.859622]]],"btipPosition":[-9.96412,258.099,-42.1433],"carpPosition":[3.72904,205.669,39.3109],"dipPosition":[-15.9249,248.006,-22.4226],"direction":[0.155813,0.473456,-0.866927],"extended":false,"handId":469,"id":4690,"length":51.0864,"mcpPosition":[3.72904,205.669,39.3109],"pipPosition":[-21.1324,232.182,6.55158],"stabilizedTipPosition":[-11.3129,255.709,-37.606],"timeVisible":15.3562,"tipPosition":[-11.1802,255.37,-37.8212],"tipVelocity":[-41.5965,149.815,-8.26781],"tool":false,"touchDistance":0.152753,"touchZone":"hovering","type":0,"width":19.8498},{"bases":[[[0.981159,0.192383,-0.0177906],[-0.13226,0.735934,0.66401],[0.140837,-0.649146,0.747512]],[[0.978224,0.205013,-0.0323731],[-0.162809,0.85469,0.492948],[0.128729,-0.476943,0.869456]],[[0.978224,0.205013,-0.0323731],[-0.191061,0.950405,0.245409],[0.0810795,-0.23388,0.968879]],[[0.978224,0.205013,-0.0323731],[-0.203346,0.977911,0.0483712],[0.0415747,-0.040735,0.998305]]],"btipPosition":[-8.62981,299.503,-82.1202],"carpPosition":[9.56523,226.38,48.0777],"dipPosition":[-7.93352,298.821,-65.4007],"direction":[-0.0810796,0.23388,-0.968879],"extended":true,"handId":469,"id":4691,"length":57.6453,"mcpPosition":[-0.591304,273.194,-5.8296],"pipPosition":[-6.01253,293.279,-42.4453],"stabilizedTipPosition":[-8.22609,298.455,-78.29],"timeVisible":15.3562,"tipPosition":[-9.06549,300.509,-77.7213],"tipVelocity":[-38.442,149.397,0.418219],"tool":false,"touchDistance":0.425234,"touchZone":"hovering","type":1,"width":18.9605},{"bases":[[[0.99924,-0.0253844,-0.0295705],[0.038645,0.743433,0.667693],[0.00503468,-0.668329,0.743849]],[[0.999196,-0.021607,-0.0337739],[-0.00342065,0.793353,-0.608752],[0.0399479,0.608378,0.792641]],[[0.999196,-0.021607,-0.0337739],[-0.0400936,-0.53446,-0.844242],[0.000190791,0.844918,-0.534896]],[[0.999196,-0.021607,-0.0337739],[-0.0320155,-0.937065,-0.347684],[-0.0241359,0.348485,-0.937003]]],"btipPosition":[19.1859,217.271,-7.61005],"carpPosition":[20.9783,230.28,48.5417],"dipPosition":[18.7413,223.691,-24.8702],"direction":[-0.000190791,-0.844918,0.534896],"extended":false,"handId":469,"id":4692,"length":65.6822,"mcpPosition":[20.634,275.987,-2.32957],"pipPosition":[18.7466,247.242,-39.7801],"stabilizedTipPosition":[19.4922,216.812,-11.3367],"timeVisible":15.3562,"tipPosition":[19.0582,218.76,-11.6342],"tipVelocity":[-29.0664,141.61,-18.2198],"tool":false,"touchDistance":0.333333,"touchZone":"none","type":2,"width":18.6218},{"bases":[[[0.983315,-0.179428,0.0299665],[0.110078,0.718036,0.687246],[-0.144828,-0.67248,0.725806]],[[0.983974,-0.176315,0.0266084],[0.152735,0.756389,-0.636041],[0.0920174,0.629912,0.771196]],[[0.983974,-0.176315,0.0266084],[-0.0793633,-0.566674,-0.820111],[0.159676,0.804856,-0.571586]],[[0.983974,-0.176315,0.0266084],[-0.158288,-0.932402,-0.324917],[0.0820976,0.315498,-0.945368]]],"btipPosition":[32.0057,217.24,2.67195],"carpPosition":[32.9825,231.17,48.1784],"dipPosition":[33.5093,223.018,-14.6422],"direction":[-0.159676,-0.804856,0.571586],"extended":false,"handId":469,"id":4693,"length":63.1552,"mcpPosition":[41.8753,272.461,3.61241],"pipPosition":[37.8452,244.873,-30.1634],"stabilizedTipPosition":[32.8237,216.371,-0.987579],"timeVisible":15.3562,"tipPosition":[32.3867,218.553,-1.40204],"tipVelocity":[-29.7331,141.121,-21.1703],"tool":false,"touchDistance":0.333333,"touchZone":"none","type":3,"width":17.7198},{"bases":[[[0.928148,-0.372212,-0.000198391],[0.248449,0.619135,0.744946],[-0.277155,-0.691469,0.667125]],[[0.930404,-0.366492,-0.00570463],[0.298119,0.765699,-0.569938],[0.213246,0.528572,0.821668]],[[0.930404,-0.366492,-0.00570463],[-0.188428,-0.464891,-0.865085],[0.314395,0.805953,-0.501593]],[[0.930404,-0.366492,-0.00570463],[-0.337679,-0.850995,-0.402219],[0.142555,0.376152,-0.915526]]],"btipPosition":[45.2727,224.685,3.74656],"carpPosition":[45.3469,225.511,45.0592],"dipPosition":[47.6814,231.041,-11.7223],"direction":[-0.314395,-0.805953,0.501593],"extended":false,"handId":469,"id":4694,"length":49.5125,"mcpPosition":[61.1002,264.813,7.14035],"pipPosition":[53.709,246.493,-21.339],"stabilizedTipPosition":[46.3118,223.948,0.471509],"timeVisible":15.3562,"tipPosition":[45.9765,226.08,0.209801],"tipVelocity":[-30.9773,143.201,-18.8515],"tool":false,"touchDistance":0.333333,"touchZone":"none","type":4,"width":15.7401}],"r":[[0.804326,0.425792,0.414441],[-0.479205,0.877232,0.0287578],[-0.351316,-0.221733,0.909622]],"s":1.0764,"t":[39.7352,2.53779,-57.0421],"timestamp":93410604606},false],[6,{"currentFrameRate":55.3694,"devices":[],"gestures":[],"hands":[{"armBasis":[[0.990428,0.111912,-0.0807926],[-0.0867241,0.959921,0.266515],[0.107381,-0.256958,0.960439]],"armWidth":62.4607,"confidence":0.709824,"direction":[0.00675998,0.774742,-0.632242],"elbow":[58.3007,150.136,301.763],"grabStrength":0,"id":469,"palmNormal":[0.11071,-0.628949,-0.769523],"palmPosition":[23.2815,256.005,10.1719],"palmVelocity":[-33.7128,111.586,-8.74816],"palmWidth":89.1918,"pinchStrength":0.218825,"r":[[0.803226,0.425556,0.416808],[-0.481686,0.875677,0.0341951],[-0.350437,-0.228237,0.908351]],"s":1.07669,"sphereCenter":[17.9742,243.387,-33.4599],"sphereRadius":46.2662,"stabilizedPalmPosition":[23.3284,255.873,10.183],"t":[39.1261,4.53423,-57.1995],"timeVisible":15.3743,"type":"right","wrist":[29.8809,218.143,47.5696]}],"id":1680510,"interactionBox":{"center":[0,200,0],"size":[235.247,235.247,147.751]},"pointables":[{"bases":[[[0.302212,0.739799,0.601136],[-0.851977,-0.0732245,0.518433],[0.427554,-0.668831,0.608163]],[[0.233421,0.833206,0.501281],[-0.82831,-0.0996503,0.551336],[0.50933,-0.543909,0.666893]],[[0.233421,0.833206,0.501281],[-0.960483,0.277948,-0.0147445],[-0.151615,-0.47803,0.865159]],[[0.233421,0.833206,0.501281],[-0.938178,0.328495,-0.109147],[-0.25561,-0.444813,0.858373]]],"btipPosition":[-10.7328,259.871,-42.2109],"carpPosition":[3.25798,207.075,39.0281],"dipPosition":[-16.5968,249.666,-22.5189],"direction":[0.151615,0.47803,-0.865159],"extended":false,"handId":469,"id":4690,"length":51.0864,"mcpPosition":[3.25798,207.075,39.0281],"pipPosition":[-21.6641,233.689,6.39627],"stabilizedTipPosition":[-12.0691,257.494,-37.6805],"timeVisible":15.3743,"tipPosition":[-11.8683,257.097,-37.8987],"tipVelocity":[-41.4974,124.672,-6.2962],"tool":false,"touchDistance":0.157198,"touchZone":"hovering","type":0,"width":19.8498},{"bases":[[[0.980856,0.193954,-0.0174096],[-0.133249,0.733671,0.666312],[0.142007,-0.651236,0.74547]],[[0.977972,0.206329,-0.031612],[-0.164072,0.853466,0.494647],[0.12904,-0.478565,0.868519]],[[0.977972,0.206329,-0.031612],[-0.192356,0.949639,0.247356],[0.0810567,-0.235827,0.968409]],[[0.977972,0.206329,-0.031612],[-0.204606,0.977541,0.0504881],[0.0413192,-0.0429079,0.998224]]],"btipPosition":[-9.22357,301.193,-82.1411],"carpPosition":[9.0641,227.769,47.8576],"dipPosition":[-8.53156,300.475,-65.4229],"direction":[-0.0810567,0.235827,-0.968409],"extended":true,"handId":469,"id":4691,"length":57.6453,"mcpPosition":[-1.17681,274.733,-5.90247],"pipPosition":[-6.61111,294.887,-42.4787],"stabilizedTipPosition":[-8.85701,300.391,-78.2945],"timeVisible":15.3743,"tipPosition":[-9.65302,302.161,-77.7518],"tipVelocity":[-35.8483,122.757,-0.338181],"tool":false,"touchDistance":0.415725,"touchZone":"hovering","type":1,"width":18.9605},{"bases":[[[0.999272,-0.0237474,-0.0298669],[0.0376445,0.741423,0.669981],[0.0062337,-0.670617,0.741777]],[[0.999219,-0.0198675,-0.0341575],[-0.00493491,0.794904,-0.606715],[0.0392059,0.606409,0.794185]],[[0.999219,-0.0198675,-0.0341575],[-0.0394906,-0.532596,-0.845448],[-0.00139519,0.846136,-0.532965]],[[0.999219,-0.0198675,-0.0341575],[-0.0305771,-0.936291,-0.349891],[-0.0250299,0.350662,-0.936168]]],"btipPosition":[18.6925,218.851,-7.82111],"carpPosition":[20.4713,231.685,48.3311],"dipPosition":[18.2315,225.311,-25.0659],"direction":[0.00139519,-0.846136,0.532965],"extended":false,"handId":469,"id":4692,"length":65.6822,"mcpPosition":[20.045,277.548,-2.39846],"pipPosition":[18.1926,248.896,-39.922],"stabilizedTipPosition":[18.9753,218.824,-11.5939],"timeVisible":15.3743,"tipPosition":[18.5597,220.348,-11.8551],"tipVelocity":[-28.353,116.237,-15.0345],"tool":false,"touchDistance":0.333333,"touchZone":"none","type":2,"width":18.6218},{"bases":[[[0.983597,-0.177999,0.0291969],[0.109121,0.716076,0.68944],[-0.143627,-0.674945,0.723754]],[[0.984224,-0.175006,0.0259893],[0.151588,0.758376,-0.633946],[0.0912348,0.627884,0.772941]],[[0.984224,-0.175006,0.0259893],[-0.0786791,-0.564508,-0.821669],[0.158468,0.806662,-0.569372]],[[0.984224,-0.175006,0.0259893],[-0.157015,-0.931687,-0.327575],[0.0815417,0.318327,-0.944467]]],"btipPosition":[31.5006,218.803,2.4345],"carpPosition":[32.474,232.594,47.968],"dipPosition":[32.994,224.633,-14.8632],"direction":[-0.158468,-0.806662,0.569372],"extended":false,"handId":469,"id":4693,"length":63.1552,"mcpPosition":[41.2929,274.037,3.52796],"pipPosition":[37.2972,246.538,-30.3242],"stabilizedTipPosition":[32.2931,218.415,-1.28896],"timeVisible":15.3743,"tipPosition":[31.8815,220.13,-1.64013],"tipVelocity":[-28.9739,115.617,-17.2726],"tool":false,"touchDistance":0.333333,"touchZone":"none","type":3,"width":17.7198},{"bases":[[[0.928722,-0.370774,-0.00155212],[0.247658,0.617212,0.746803],[-0.275937,-0.693957,0.665043]],[[0.930959,-0.365056,-0.00701915],[0.296897,0.768051,-0.567406],[0.212526,0.526148,0.823408]],[[0.930959,-0.365056,-0.00701915],[-0.187819,-0.462308,-0.8666],[0.313113,0.808087,-0.498954]],[[0.930959,-0.365056,-0.00701915],[-0.336447,-0.850216,-0.404891],[0.14184,0.379298,-0.914338]]],"btipPosition":[44.7646,226.27,3.50326],"carpPosition":[44.8464,226.964,44.8286],"dipPosition":[47.1612,232.679,-11.9455],"direction":[-0.313113,-0.808087,0.498954],"extended":false,"handId":469,"id":4694,"length":49.5125,"mcpPosition":[60.5305,266.408,7.02803],"pipPosition":[53.1642,248.172,-21.5116],"stabilizedTipPosition":[45.7677,226.022,0.186637],"timeVisible":15.3743,"tipPosition":[45.4632,227.676,-0.0254105]