{"sensorType":"Leap","data":[[0,{"currentFrameRate":55.3794,"devices":[],"gestures":[],"hands":[{"armBasis":[[0.98166,0.175544,-0.0743454],[-0.143638,0.93749,0.316987],[0.125343,-0.300495,0.945512]],"armWidth":62.4607,"confidence":0.770483,"direction":[-0.019878,0.764176,-0.644701],"elbow":[63.977,146.715,297.638],"grabStrength":0,"id":469,"palmNormal":[0.155617,-0.634605,-0.757007],"palmPosition":[23.0304,263.146,9.26939],"palmVelocity":[-39.3973,154.59,7.69722],"palmWidth":89.1918,"pinchStrength":0.237813,"r":[[0.76028,0.476517,0.441481],[-0.532577,0.846374,0.00361633],[-0.371934,-0.237872,0.897264]],"s":1.09522,"sphereCenter":[15.0087,250.348,-34.0715],"sphereRadius":46.9053,"stabilizedPalmPosition":[23.1028,262.862,9.27469],"t":[38.9776,10.8904,-58.3797],"timeVisible":5.50433,"type":"right","wrist":[30.8032,226.245,47.3952]}],"id":1679968,"interactionBox":{"center":[0,200,0],"size":[235.247,235.247,147.751]},"pointables":[{"bases":[[[0.254347,0.76315,0.594062],[-0.856665,-0.107279,0.504595],[0.448812,-0.637255,0.626478]],[[0.190504,0.843212,0.502695],[-0.830806,-0.134298,0.540116],[0.522943,-0.520537,0.674961]],[[0.190504,0.843212,0.502695],[-0.968691,0.244512,-0.0430396],[-0.159206,-0.478757,0.863392]],[[0.190504,0.843212,0.502695],[-0.957238,0.273126,-0.0953766],[-0.217722,-0.46303,0.859186]]],"btipPosition":[-10.3537,265.833,-43.0203],"carpPosition":[4.91868,213.739,38.573],"dipPosition":[-15.3485,255.211,-23.3097],"direction":[0.159206,0.478757,-0.863392],"extended":false,"handId":469,"id":4690,"length":51.0864,"mcpPosition":[4.91868,213.739,38.573],"pipPosition":[-20.6695,239.21,5.5464],"stabilizedTipPosition":[-11.4393,263.192,-38.4882],"timeVisible":5.50433,"tipPosition":[-11.4001,263.232,-38.4436],"tipVelocity":[-55.2204,172.217,13.6824],"tool":false,"touchDistance":-0.144012,"touchZone":"touching","type":0,"width":19.8498},{"bases":[[[0.970259,0.242043,-0.00345121],[-0.181401,0.736459,0.651707],[0.160283,-0.631698,0.758463]],[[0.962027,0.270337,-0.0377159],[-0.209989,0.821281,0.530473],[0.174382,-0.50241,0.846862]],[[0.962027,0.270337,-0.0377159],[-0.244677,0.915334,0.319839],[0.120987,-0.298465,0.946721]],[[0.962027,0.270337,-0.0377159],[-0.262237,0.953725,0.147105],[0.0757385,-0.131628,0.988402]]],"btipPosition":[-13.5022,310.82,-82.1847],"carpPosition":[9.53553,234.83,47.1606],"dipPosition":[-12.2337,308.615,-65.631],"direction":[-0.120987,0.298465,-0.946721],"extended":true,"handId":469,"id":4691,"length":57.6453,"mcpPosition":[-2.02337,280.386,-7.53642],"pipPosition":[-9.36718,301.544,-43.2006],"stabilizedTipPosition":[-13.113,309.974,-78.4094],"timeVisible":5.50433,"tipPosition":[-13.5875,311.241,-77.8652],"tipVelocity":[-55.1457,187.853,31.9199],"tool":false,"touchDistance":-0.133006,"touchZone":"touching","type":1,"width":18.9605},{"bases":[[[0.999607,0.0253547,-0.0119975],[-0.0111924,0.75273,0.658235],[0.0257202,-0.657841,0.752717]],[[0.999301,0.0318966,-0.0194837],[-0.0372519,0.807413,-0.588809],[-0.00304957,0.589124,0.808037]],[[0.999301,0.0318966,-0.0194837],[-0.000768525,-0.503637,-0.863915],[-0.0373686,0.863326,-0.503261]],[[0.999301,0.0318966,-0.0194837],[0.0223044,-0.927192,-0.373923],[-0.029992,0.373227,-0.927255]]],"btipPosition":[20.7045,225.529,-10.778],"carpPosition":[20.7253,239.314,47.7689],"dipPosition":[20.152,232.404,-27.8587],"direction":[0.0373686,-0.863326,0.503261],"extended":false,"handId":469,"id":4692,"length":65.6822,"mcpPosition":[18.9663,284.303,-3.70877],"pipPosition":[19.1104,256.469,-41.8867],"stabilizedTipPosition":[20.8068,226.363,-14.6779],"timeVisible":5.50433,"tipPosition":[20.5625,227.138,-15.0604],"tipVelocity":[-49.135,162.214,3.12071],"tool":false,"touchDistance":0.333333,"touchZone":"none","type":2,"width":18.6218},{"bases":[[[0.990477,-0.128545,0.0493157],[0.0610791,0.731263,0.679355],[-0.12339,-0.669873,0.732151]],[[0.991328,-0.123782,0.044112],[0.123358,0.76092,-0.637011],[0.0452847,0.636929,0.769592]],[[0.991328,-0.123782,0.044112],[-0.0342377,-0.567395,-0.822734],[0.126869,0.814089,-0.566713]],[[0.991328,-0.123782,0.044112],[-0.102513,-0.938494,-0.329728],[0.0822133,0.322347,-0.943045]]],"btipPosition":[33.3155,226.038,1.60018],"carpPosition":[32.6732,240.811,47.6008],"dipPosition":[34.8213,231.941,-15.6714],"direction":[-0.126869,-0.814089,0.566713],"extended":false,"handId":469,"id":4693,"length":63.1552,"mcpPosition":[40.2496,281.943,2.64523],"pipPosition":[38.2663,254.048,-31.0603],"stabilizedTipPosition":[33.9672,226.344,-2.27032],"timeVisible":5.50433,"tipPosition":[33.6343,227.414,-2.86208],"tipVelocity":[-45.1227,158.314,-10.2266],"tool":false,"touchDistance":0.333333,"touchZone":"none","type":3,"width":17.7198},{"bases":[[[0.94574,-0.324259,0.0207911],[0.203248,0.640294,0.740752],[-0.253508,-0.696333,0.671457]],[[0.964127,-0.262796,-0.0373813],[0.197974,0.805719,-0.558232],[0.17682,0.530806,0.828843]],[[0.964127,-0.262796,-0.0373813],[-0.160709,-0.465821,-0.870163],[0.211262,0.844955,-0.491344]],[[0.964127,-0.262796,-0.0373813],[-0.255053,-0.878151,-0.404722],[0.0735328,0.399737,-0.913676]]],"btipPosition":[48.3512,233.981,2.73601],"carpPosition":[45.3634,235.753,44.7713],"dipPosition":[49.5936,240.735,-12.7016],"direction":[-0.211262,-0.844955,0.491344],"extended":false,"handId":469,"id":4694,"length":49.5125,"mcpPosition":[59.7726,275.332,6.60625],"pipPosition":[53.644,256.934,-22.1218],"stabilizedTipPosition":[48.9543,234.444,-0.723345],"timeVisible":5.50433,"tipPosition":[48.4684,235.511,-0.981586],"tipVelocity":[-44.4353,155.481,-8.09201],"tool":false,"touchDistance":0.333333,"touchZone":"none","type":4,"width":15.7401}],"r":[[0.76028,0.476517,0.441481],[-0.532577,0.846374,0.00361633],[-0.371934,-0.237872,0.897264]],"s":1.09522,"t":[38.9776,10.8904,-58.3797],"timestamp":93400752691},false],[1,{"currentFrameRate":55.39,"devices":[],"gestures":[],"hands":[{"armBasis":[[0.980298,0.17924,-0.0830035],[-0.144383,0.936985,0.318139],[0.134796,-0.299887,0.944403]],"armWidth":62.4607,"confidence":0.761808,"direction":[-0.0197537,0.766654,-0.641756],"elbow":[65.4812,150.07,297.167],"grabStrength":0,"id":469,"palmNormal":[0.156747,-0.631569,-0.75931],"palmPosition":[22.0453,266.482,9.2272],"palmVelocity":[-46.6401,169.089,2.938],"palmWidth":89.1918,"pinchStrength":0.23738,"r":[[0.762031,0.472712,0.442551],[-0.531976,0.846679,0.0116305],[-0.369201,-0.244289,0.896668]],"s":1.09571,"sphereCenter":[14.1112,253.867,-34.1448],"sphereRadius":46.9132,"stabilizedPalmPosition":[22.1005,266.293,9.22968],"t":[38.1292,13.9491,-58.3406],"timeVisible":5.52235,"type":"right","wrist":[29.8054,229.439,47.2172]}],"id":1679969,"interactionBox":{"center":[0,200,0],"size":[235.247,235.247,147.751]},"pointables":[{"bases":[[[0.253291,0.761006,0.597256],[-0.857077,-0.10978,0.503356],[0.448624,-0.63939,0.624434]],[[0.188942,0.841977,0.505347],[-0.831239,-0.136854,0.538806],[0.522821,-0.521867,0.674027]],[[0.188942,0.841977,0.505347],[-0.969112,0.242943,-0.0424393],[-0.158503,-0.481719,0.861872]],[[0.188942,0.841977,0.505347],[-0.957788,0.271554,-0.0943431],[-0.216664,-0.46619,0.857744]]],"btipPosition":[-11.3769,269.281,-43.1418],"carpPosition":[3.93739,216.951,38.3219],"dipPosition":[-16.3474,258.586,-23.4642],"direction":[0.158503,0.481719,-0.861872],"extended":false,"handId":469,"id":4690,"length":51.0864,"mcpPosition":[3.93739,216.951,38.3219],"pipPosition":[-21.6448,242.487,5.34107],"stabilizedTipPosition":[-12.483,266.697,-38.6115],"timeVisible":5.52235,"tipPosition":[-12.3927,266.697,-38.5537],"tipVelocity":[-55.816,180.867,3.79963],"tool":false,"touchDistance":-0.158405,"touchZone":"touching","type":0,"width":19.8498},{"bases":[[[0.970107,0.242674,-0.00158633],[-0.182495,0.733814,0.65438],[0.159965,-0.634529,0.756165]],[[0.961969,0.270847,-0.0354491],[-0.211006,0.819224,0.533243],[0.173468,-0.505484,0.845219]],[[0.961969,0.270847,-0.0354491],[-0.24543,0.913983,0.323108],[0.119913,-0.302119,0.945698]],[[0.961969,0.270847,-0.0354491],[-0.262776,0.95302,0.15067],[0.0745922,-0.135625,0.987948]]],"btipPosition":[-14.3991,314.488,-82.0829],"carpPosition":[8.53251,238.012,46.9956],"dipPosition":[-13.1499,312.217,-65.5368],"direction":[-0.119913,0.302119,-0.945698],"extended":true,"handId":469,"id":4691,"length":57.6453,"mcpPosition":[-3.00347,283.771,-7.53567],"pipPosition":[-10.3088,305.059,-43.1307],"stabilizedTipPosition":[-14.0564,313.744,-78.2846],"timeVisible":5.52235,"tipPosition":[-14.4924,314.868,-77.7723],"tipVelocity":[-52.7202,194.911,19.4193],"tool":false,"touchDistance":-0.146688,"touchZone":"touching","type":1,"width":18.9605},{"bases":[[[0.999601,0.0260389,-0.0109435],[-0.0123033,0.750168,0.661133],[0.0254247,-0.660735,0.750189]],[[0.9993,0.0325893,-0.0183817],[-0.0371796,0.809767,-0.585572],[-0.00419849,0.585846,0.810412]],[[0.9993,0.0325893,-0.0183817],[0.000385376,-0.500219,-0.865899],[-0.0374139,0.865285,-0.499882]],[[0.9993,0.0325893,-0.0183817],[0.023247,-0.925735,-0.377459],[-0.0293177,0.376767,-0.925844]]],"btipPosition":[19.7613,228.948,-10.9745],"carpPosition":[19.7188,242.5,47.632],"dipPosition":[19.2213,235.888,-28.0291],"direction":[0.0374139,-0.865285,0.499882],"extended":false,"handId":469,"id":4692,"length":65.6822,"mcpPosition":[17.98,287.687,-3.67281],"pipPosition":[18.1784,260.007,-41.963],"stabilizedTipPosition":[19.8478,229.791,-14.8576],"timeVisible":5.52235,"tipPosition":[19.6232,230.57,-15.2436],"tipVelocity":[-50.5829,175.666,-3.37029],"tool":false,"touchDistance":0.333333,"touchZone":"none","type":2,"width":18.6218},{"bases":[[[0.990512,-0.128103,0.0497645],[0.0599619,0.728666,0.682239],[-0.123659,-0.672782,0.729433]],[[0.991388,-0.123189,0.0444395],[0.122983,0.759137,-0.639208],[0.0450079,0.639168,0.767749]],[[0.991388,-0.123189,0.0444395],[-0.0340696,-0.570262,-0.820756],[0.126451,0.812174,-0.569547]],[[0.991388,-0.123189,0.0444395],[-0.101934,-0.938914,-0.328711],[0.0822184,0.32135,-0.943385]]],"btipPosition":[32.3481,229.383,1.81119],"carpPosition":[31.6659,244.005,47.481],"dipPosition":[33.8539,235.268,-15.4667],"direction":[-0.126451,-0.812174,0.569547],"extended":false,"handId":469,"id":4693,"length":63.1552,"mcpPosition":[39.2588,285.316,2.69234],"pipPosition":[37.2876,257.322,-30.9324],"stabilizedTipPosition":[32.9943,229.702,-2.18806],"timeVisible":5.52235,"tipPosition":[32.6766,230.778,-2.7513],"tipVelocity":[-49.1869,171.166,0.136343],"tool":false,"touchDistance":0.333333,"touchZone":"none","type":3,"width":17.7198},{"bases":[[[0.945928,-0.323733,0.0204396],[0.202131,0.63755,0.74342],[-0.253701,-0.69909,0.668513]],[[0.964355,-0.261932,-0.0375704],[0.197905,0.808186,-0.554679],[0.175652,0.527471,0.831216]],[[0.964355,-0.261932,-0.0375704],[-0.159623,-0.462598,-0.87208],[0.211046,0.846992,-0.487919]],[[0.964355,-0.261932,-0.0375704],[-0.254073,-0.876886,-0.408066],[0.0739407,0.403066,-0.912179]]],"btipPosition":[47.3985,237.371,2.60294],"carpPosition":[44.3621,238.967,44.6441],"dipPosition":[48.6478,244.181,-12.8094],"direction":[-0.211046,-0.846992,0.487919],"extended":false,"handId":469,"id":4694,"length":49.5125,"mcpPosition":[58.7822,278.702,6.6464],"pipPosition":[52.6941,260.42,-22.1639],"stabilizedTipPosition":[47.9994,237.827,-0.887865],"timeVisible":5.52235,"tipPosition":[47.5177,238.91,-1.10525],"tipVelocity":[-48.3948,171.318,-7.60408],"tool":false,"touchDistance":0.333333,"touchZone":"none","type":4,"width":15.7401}],"r":[[0.762031,0.472712,0.442551],[-0.531976,0.846679,0.0116305],[-0.369201,-0.244289,0.896668]],"s":1.09571,"t":[38.1292,13.9491,-58.3406],"timestamp":93400770708},false],[2,{"currentFrameRate":55.3465,"devices":[],"gestures":[],"hands":[{"armBasis":[[0.980899,0.175972,-0.0828959],[-0.14123,0.937314,0.318585],[0.133762,-0.300792,0.944263]],"armWidth":62.4607,"confidence":0.763142,"direction":[-0.0210652,0.770721,-0.636825],"elbow":[64.7537,151.763,296.702],"grabStrength":0,"id":469,"palmNormal":[0.152729,-0.627009,-0.763893],"palmPosition":[21.5007,268.666,9.06525],"palmVelocity":[-38.6373,145.573,-2.7138],"palmWidth":89.1918,"pinchStrength":0.237185,"r":[[0.763933,0.46886,0.443369],[-0.531193,0.847026,0.0195319],[-0.366387,-0.250436,0.896126]],"s":1.09629,"sphereCenter":[13.4131,256.379,-34.316],"sphereRadius":46.9098,"stabilizedPalmPosition":[21.5199,268.59,9.0705],"t":[37.4327,16.5704,-58.4021],"timeVisible":5.54057,"type":"right","wrist":[29.3518,231.372,46.7898]}],"id":1679970,"interactionBox":{"center":[0,200,0],"size":[235.247,235.247,147.751]},"pointables":[{"bases":[[[0.25687,0.75682,0.601034],[-0.855253,-0.111604,0.50605],[0.450066,-0.644025,0.618605]],[[0.191758,0.839058,0.509128],[-0.829238,-0.138965,0.541343],[0.524969,-0.525995,0.669131]],[[0.191758,0.839058,0.509128],[-0.969123,0.243816,-0.0368052],[-0.155015,-0.48635,0.859904]],[[0.191758,0.839058,0.509128],[-0.958047,0.272621,-0.0884482],[-0.213012,-0.470808,0.856134]]],"btipPosition":[-12.1909,271.774,-43.2028],"carpPosition":[3.42879,218.981,37.9186],"dipPosition":[-17.0776,260.973,-23.5622],"direction":[0.155015,0.48635,-0.859904],"extended":false,"handId":469,"id":4690,"length":51.0864,"mcpPosition":[3.42879,218.981,37.9186],"pipPosition":[-22.2585,244.718,5.17734],"stabilizedTipPosition":[-13.2976,269.236,-38.6839],"timeVisible":5.54057,"tipPosition":[-13.1696,269.198,-38.6088],"tipVelocity":[-49.991,159.178,0.1607],"tool":false,"touchDistance":-0.167837,"touchZone":"touching","type":0,"width":19.8498},{"bases":[[[0.97048,0.24115,-0.00390403],[-0.178729,0.729955,0.659713],[0.161939,-0.639541,0.751507]],[[0.962382,0.269156,-0.0370857],[-0.207499,0.816218,0.539197],[0.175398,-0.511218,0.841363]],[[0.962382,0.269156,-0.0370857],[-0.242417,0.912266,0.330158],[0.122696,-0.308748,0.943197]],[[0.962382,0.269156,-0.0370857],[-0.260279,0.952462,0.15834],[0.0779409,-0.142731,0.986688]]],"btipPosition":[-15.1854,317.334,-81.7932],"carpPosition":[8.09191,239.979,46.7067],"dipPosition":[-13.8801,314.944,-65.2682],"direction":[-0.122696,0.308748,-0.943197],"extended":true,"handId":469,"id":4691,"length":57.6453,"mcpPosition":[-3.58646,286.1,-7.48876],"pipPosition":[-10.9731,307.629,-42.9214],"stabilizedTipPosition":[-14.8556,316.676,-78.0029],"timeVisible":5.54057,"tipPosition":[-15.2663,317.645,-77.497],"tipVelocity":[-47.8135,175.716,17.6104],"tool":false,"touchDistance":-0.153429,"touchZone":"touching","type":1,"width":18.9605},{"bases":[[[0.99959,0.0245318,-0.0147442],[-0.00848607,0.745997,0.665895],[0.0273348,-0.665497,0.7459]],[[0.999271,0.0311121,-0.0221201],[-0.0381741,0.813504,-0.580306],[-0.0000597412,0.580727,0.814098]],[[0.999271,0.0311121,-0.0221201],[-0.00382949,-0.494832,-0.86898],[-0.0379816,0.868432,-0.494352]],[[0.999271,0.0311121,-0.0221201],[0.0202671,-0.923424,-0.383245],[-0.0323498,0.382517,-0.923382]]],"btipPosition":[19.0758,231.267,-11.3599],"carpPosition":[19.2878,244.446,47.3269],"dipPosition":[18.4799,238.313,-28.3691],"direction":[0.0379816,-0.868432,0.494352],"extended":false,"handId":469,"id":4692,"length":65.6822,"mcpPosition":[17.4184,289.958,-3.68455],"pipPosition":[17.4212,262.52,-42.1489],"stabilizedTipPosition":[19.1015,232.333,-15.1978],"timeVisible":5.54057,"tipPosition":[18.924,232.915,-15.6163],"tipVelocity":[-44.7293,153.203,-11.5952],"tool":false,"touchDistance":0.333333,"touchZone":"none","type":2,"width":18.6218},{"bases":[[[0.990494,-0.129976,0.0450261],[0.0638275,0.724249,0.686578],[-0.121849,-0.677178,0.725661]],[[0.991346,-0.125096,0.0397991],[0.121574,0.760515,-0.637837],[0.0495228,0.637156,0.769142]],[[0.991346,-0.125096,0.0397991],[-0.0395221,-0.573523,-0.818236],[0.125183,0.809582,-0.573503]],[[0.991346,-0.125096,0.0397991],[-0.105696,-0.940422,-0.323165],[0.0778544,0.316162,-0.945505]]],"btipPosition":[31.7242,231.834,1.78517],"carpPosition":[31.2366,245.933,47.1381],"dipPosition":[33.1501,237.624,-15.5315],"direction":[-0.125183,-0.809582,0.573503],"extended":false,"handId":469,"id":4693,"length":63.1552,"mcpPosition":[38.7184,287.513,2.58107],"pipPosition":[36.5494,259.608,-31.1047],"stabilizedTipPosition":[32.266,232.38,-2.19549],"timeVisible":5.54057,"tipPosition":[32.0332,233.142,-2.8797],"tipVelocity":[-42.5283,153.093,-0.84567],"tool":false,"touchDistance":0.333333,"touchZone":"none","type":3,"width":17.7198},{"bases":[[[0.945482,-0.325346,0.0146451],[0.206091,0.632525,0.746618],[-0.252173,-0.702896,0.665092]],[[0.963795,-0.263135,-0.0431147],[0.19678,0.811024,-0.550924],[0.179934,0.522494,0.833441]],[[0.963795,-0.263135,-0.0431147],[-0.164055,-0.457714,-0.873833],[0.210202,0.849269,-0.484311]],[[0.963795,-0.263135,-0.0431147],[-0.257114,-0.874281,-0.411733],[0.070647,0.407912,-0.910284]]],"btipPosition":[46.7864,239.56,2.1941],"carpPosition":[43.9134,240.892,44.2192],"dipPosition":[47.98,246.452,-13.1862],"direction":[-0.210202,-0.849269,0.484311],"extended":false,"handId":469,"id":4694,"length":49.5125,"mcpPosition":[58.2467,280.844,6.41587],"pipPosition":[52.0101,262.735,-22.4715],"stabilizedTipPosition":[47.2895,240.337,-1.23243],"timeVisible":5.54057,"tipPosition":[46.8949,241.121,-1.51587],"tipVelocity":[-41.6616,147.365,-14.501],"tool":false,"touchDistance":0.333333,"touchZone":"none","type":4,"width":15.7401}],"r":[[0.763933,0.46886,0.443369],[-0.531193,0.847026,0.0195319],[-0.366387,-0.250436,0.896126]],"s":1.09629,"t":[37.4327,16.5704,-58.4021],"timestamp":93400788926},false],[3,{"currentFrameRate":55.3876,"devices":[],"gestures":[],"hands":[{"armBasis":[[0.982116,0.169115,-0.0827495],[-0.134387,0.937499,0.320992],[0.131862,-0.304131,0.94346]],"armWidth":62.4607,"confidence":0.756207,"direction":[-0.0188009,0.771944,-0.635412],"elbow":[63.8086,152.472,296.02],"grabStrength":0,"id":469,"palmNormal":[0.146072,-0.626585,-0.765542],"palmPosition":[21.1422,270.372,8.68981],"palmVelocity":[-29.8461,121.803,-11.3281],"palmWidth":89.1918,"pinchStrength":0.233904,"r":[[0.766349,0.464696,0.443583],[-0.529506,0.847891,0.0265445],[-0.363775,-0.255222,0.89584]],"s":1.09697,"sphereCenter":[12.87,258.244,-34.6533],"sphereRadius":46.9097,"stabilizedPalmPosition":[21.1507,270.331,8.69845],"t":[36.9052,18.7339,-58.6205],"timeVisible":5.55848,"type":"right","wrist":[28.9094,232.965,46.3202]}],"id":1679971,"interactionBox":{"center":[0,200,0],"size":[235.247,235.247,147.751]},"pointables":[{"bases":[[[0.26369,0.754206,0.601366],[-0.854006,-0.107326,0.509073],[0.448488,-0.647807,0.615796]],[[0.19827,0.83751,0.509182],[-0.82783,-0.13505,0.54448],[0.524772,-0.529471,0.666539]],[[0.19827,0.83751,0.509182],[-0.968027,0.248765,-0.0322325],[-0.153662,-0.486511,0.860055]],[[0.19827,0.83751,0.509182],[-0.957155,0.277304,-0.0834068],[-0.211052,-0.470829,0.856608]]],"btipPosition":[-12.8213,273.715,-43.4852],"carpPosition":[2.87894,220.746,37.5254],"dipPosition":[-17.6631,262.914,-23.8337],"direction":[0.153662,0.486511,-0.860055],"extended":false,"handId":469,"id":4690,"length":51.0864,"mcpPosition":[2.87894,220.746,37.5254],"pipPosition":[-22.7987,246.654,4.91087],"stabilizedTipPosition":[-13.9258,271.202,-38.9613],"timeVisible":5.55848,"tipPosition":[-13.7636,271.164,-38.8787],"tipVelocity":[-42.7319,135.191,-7.29244],"tool":false,"touchDistance":-0.177112,"touchZone":"touching","type":0,"width":19.8498},{"bases":[[[0.971897,0.235298,-0.00714157],[-0.17184,0.729867,0.661638],[0.160894,-0.641817,0.749789]],[[0.964,0.262926,-0.0396695],[-0.200397,0.816448,0.54153],[0.17477,-0.514085,0.839745]],[[0.964,0.262926,-0.0396695],[-0.235275,0.912932,0.333467],[0.123893,-0.312129,0.941927]],[[0.964,0.262926,-0.0396695],[-0.253419,0.953639,0.162333],[0.0805119,-0.146436,0.985938]]],"btipPosition":[-15.5452,319.483,-81.9333],"carpPosition":[7.70174,241.7,46.3319],"dipPosition":[-14.1968,317.031,-65.4209],"direction":[-0.123893,0.312129,-0.941927],"extended":true,"handId":469,"id":4691,"length":57.6453,"mcpPosition":[-3.90126,287.986,-7.73959],"pipPosition":[-11.2614,309.635,-43.1041],"stabilizedTipPosition":[-15.2259,318.865,-78.1322],"timeVisible":5.55848,"tipPosition":[-15.6114,319.725,-77.6606],"tipVelocity":[-34.4603,149.009,5.52838],"tool":false,"touchDistance":-0.16255,"touchZone":"touching","type":1,"width":18.9605},{"bases":[[[0.999658,0.0185272,-0.0184645],[-0.00148122,0.744871,0.667207],[0.0261152,-0.666951,0.744644]],[[0.999354,0.0250529,-0.0257505],[-0.0353573,0.812956,-0.581251],[0.00637201,0.581786,0.813317]],[[0.999354,0.0250529,-0.0257505],[-0.00991923,-0.496484,-0.867989],[-0.0345304,0.867684,-0.495915]],[[0.999354,0.0250529,-0.0257505],[0.0133105,-0.92393,-0.38233],[-0.0333702,0.38174,-0.923667]]],"btipPosition":[18.4168,233.004,-11.5974],"carpPosition":[18.9266,246.098,46.9177],"dipPosition":[17.8021,240.036,-28.6119],"direction":[0.0345304,-0.867684,0.495915],"extended":false,"handId":469,"id":4692,"length":65.6822,"mcpPosition":[17.1406,291.711,-4.00782],"pipPosition":[16.8396,264.223,-42.4353],"stabilizedTipPosition":[18.4408,234.164,-15.4481],"timeVisible":5.55848,"tipPosition":[18.2594,234.661,-15.9055],"tipVelocity":[-41.0952,126.576,-12.4131],"tool":false,"touchDistance":0.333333,"touchZone":"none","type":2,"width":18.6218},{"bases":[[[0.989853,-0.136027,0.0410732],[0.0707768,0.722651,0.68758],[-0.123211,-0.677696,0.724946]],[[0.990728,-0.131067,0.0357704],[0.12366,0.760895,-0.636983],[0.0562698,0.6355,0.770048]],[[0.990728,-0.131067,0.0357704],[-0.0464103,-0.573944,-0.817578],[0.127688,0.808337,-0.574706]],[[0.990728,-0.131067,0.0357704],[-0.112821,-0.940378,-0.320874],[0.0756937,0.313864,-0.946446]]],"btipPosition":[31.1308,233.595,1.38765],"carpPosition":[30.8834,247.514,46.6865],"dipPosition":[32.5171,239.343,-15.9463],"direction":[-0.127688,-0.808337,0.574706],"extended":false,"handId":469,"id":4693,"length":63.1552,"mcpPosition":[38.4488,289.126,2.17335],"pipPosition":[35.9844,261.293,-31.5521],"stabilizedTipPosition":[31.6491,234.297,-2.5005],"timeVisible":5.55848,"tipPosition":[31.4243,234.863,-3.27345],"tipVelocity":[-38.3308,126.981,-11.0281],"tool":false,"touchDistance":0.333333,"touchZone":"none","type":3,"width":17.7198},{"bases":[[[0.943548,-0.331069,0.0105253],[0.212708,0.629966,0.746926],[-0.253915,-0.702522,0.664824]],[[0.962023,-0.268854,-0.0472088],[0.199248,0.809844,-0.551773],[0.186578,0.521412,0.832657]],[[0.962023,-0.268854,-0.0472088],[-0.170633,-0.457311,-0.872783],[0.213062,0.847693,-0.485819]],[[0.962023,-0.268854,-0.0472088],[-0.264071,-0.872851,-0.410363],[0.0691217,0.407246,-0.910699]]],"btipPosition":[46.2311,241.127,1.76444],"carpPosition":[43.5185,242.402,43.7112],"dipPosition":[47.399,248.008,-13.6229],"direction":[-0.213062,-0.847693,0.485819],"extended":false,"handId":469,"id":4694,"length":49.5125,"mcpPosition":[57.9508,282.333,5.92311],"pipPosition":[51.4839,264.261,-22.9371],"stabilizedTipPosition":[46.7117,242.073,-1.6291],"timeVisible":5.55848,"tipPosition":[46.3389,242.691,-1.97333],"tipVelocity":[-36.7824,119.035,-19.0216],"tool":false,"touchDistance":0.333333,"touchZone":"none","type":4,"width":15.7401}],"r":[[0.766349,0.464696,0.443583],[-0.529506,0.847891,0.0265445],[-0.363775,-0.255222,0.89584]],"s":1.09697,"t":[36.9052,18.7339,-58.6205],"timestamp":93400806839},false],[4,{"currentFrameRate":55.3822,"devices":[],"gestures":[],"hands":[{"armBasis":[[0.982376,0.167244,-0.0834698],[-0.132337,0.937689,0.321289],[0.132002,-0.304581,0.943295]],"armWidth":62.4607,"confidence":0.773835,"direction":[-0.0184576,0.771673,-0.635751],"elbow":[63.4652,153.137,295.898],"grabStrength":0,"id":469,"palmNormal":[0.143838,-0.627196,-0.765465],"palmPosition":[20.7679,271.15,8.60498],"palmVelocity":[-25.5027,84.3921,-8.17527],"palmWidth":89.1918,"pinchStrength":0.225837,"r":[[0.768569,0.461144,0.443451],[-0.52784,0.848732,0.0322346],[-0.361506,-0.258846,0.895719]],"s":1.09785,"sphereCenter":[12.4307,259.06,-34.6656],"sphereRadius":46.9109,"stabilizedPalmPosition":[20.7736,271.138,8.60636],"t":[36.4543,20.205,-58.7722],"timeVisible":5.57656,"type":"right","wrist":[28.5289,233.748,46.2414]}],"id":1679972,"interactionBox":{"center":[0,200,0],"size":[235.247,235.247,147.751]},"pointables":[{"bases":[[[0.265889,0.754042,0.600603],[-0.85341,-0.105632,0.510425],[0.448325,-0.648277,0.61542]],[[0.200056,0.837874,0.507882],[-0.827019,-0.133546,0.546082],[0.525374,-0.529275,0.666221]],[[0.200056,0.837874,0.507882],[-0.967917,0.249443,-0.0302514],[-0.152034,-0.485536,0.860895]],[[0.200056,0.837874,0.507882],[-0.957305,0.277555,-0.080809],[-0.208673,-0.470032,0.857628]]],"btipPosition":[-13.3743,274.478,-43.5544],"carpPosition":[2.46435,221.57,37.492],"dipPosition":[-18.1615,263.695,-23.8795],"direction":[0.152034,0.485536,-0.860895],"extended":false,"handId":469,"id":4690,"length":51.0864,"mcpPosition":[2.46435,221.57,37.492],"pipPosition":[-23.2428,247.468,4.89312],"stabilizedTipPosition":[-14.4705,271.991,-39.0286],"timeVisible":5.57656,"tipPosition":[-14.2759,271.952,-38.9346],"tipVelocity":[-36.6348,91.1172,-5.50586],"tool":false,"touchDistance":-0.178176,"touchZone":"touching","type":0,"width":19.8498},{"bases":[[[0.972284,0.233641,-0.00873549],[-0.16959,0.730472,0.661551],[0.160946,-0.641734,0.749849]],[[0.964475,0.260983,-0.0409283],[-0.198102,0.817016,0.541516],[0.174766,-0.514171,0.839693]],[[0.964475,0.260983,-0.0409283],[-0.233009,0.913429,0.333699],[0.124475,-0.312307,0.941791]],[[0.964475,0.260983,-0.0409283],[-0.251277,0.954132,0.162765],[0.08153,-0.146699,0.985816]]],"btipPosition":[-15.9451,320.309,-81.9809],"carpPosition":[7.33619,242.52,46.2812],"dipPosition":[-14.5797,317.852,-65.4705],"direction":[-0.124475,0.312307,-0.941791],"extended":true,"handId":469,"id":4691,"length":57.6453,"mcpPosition":[-4.27055,288.799,-7.79463],"pipPosition":[-11.6305,310.452,-43.1569],"stabilizedTipPosition":[-15.6251,319.731,-78.1827],"timeVisible":5.57656,"tipPosition":[-16.0055,320.517,-77.7237],"tipVelocity":[-28.4972,99.8794,1.63811],"tool":false,"touchDistance":-0.163813,"touchZone":"touching","type":1,"width":18.9605},{"bases":[[[0.999659,0.0168182,-0.0199972],[0.000802752,0.74519,0.666852],[0.0261169,-0.666641,0.744922]],[[0.999352,0.0234063,-0.027359],[-0.0350309,0.807652,-0.588618],[0.00831912,0.589195,0.807948]],[[0.999352,0.0234063,-0.027359],[-0.011706,-0.507365,-0.861652],[-0.0340491,0.861414,-0.506762]],[[0.999352,0.0234063,-0.027359],[0.0115419,-0.92802,-0.372352],[-0.0341051,0.371794,-0.927688]]],"btipPosition":[17.9676,233.792,-11.0562],"carpPosition":[18.5694,246.899,46.8478],"dipPosition":[17.3394,240.64,-28.1448],"direction":[0.0340491,-0.861414,0.506762],"extended":false,"handId":469,"id":4692,"length":65.6822,"mcpPosition":[16.7833,292.49,-4.09672],"pipPosition":[16.3903,264.652,-42.2705],"stabilizedTipPosition":[17.9634,235.094,-15.0914],"timeVisible":5.57656,"tipPosition":[17.8011,235.421,-15.5537],"tipVelocity":[-33.4588,86.0177,7.26467],"tool":false,"touchDistance":0.333333,"touchZone":"none","type":2,"width":18.6218},{"bases":[[[0.989682,-0.137691,0.0396292],[0.0730539,0.722856,0.687126],[-0.123257,-0.677141,0.725457]],[[0.990561,-0.132715,0.0343012],[0.123951,0.760367,-0.637556],[0.0585316,0.63579,0.76964]],[[0.990561,-0.132715,0.0343012],[-0.0487055,-0.574673,-0.816933],[0.128131,0.807551,-0.575712]],[[0.990561,-0.132715,0.0343012],[-0.11495,-0.940565,-0.319569],[0.0746741,0.31261,-0.946942]]],"btipPosition":[30.686,234.373,1.32178],"carpPosition":[30.5282,248.294,46.5977],"dipPosition":[32.0537,240.098,-16.0212],"direction":[-0.128131,-0.807551,0.575712],"extended":false,"handId":469,"id":4693,"length":63.1552,"mcpPosition":[38.0965,289.872,2.05319],"pipPosition":[35.533,262.027,-31.6544],"stabilizedTipPosition":[31.1751,235.315,-2.62228],"timeVisible":5.57656,"tipPosition":[30.9737,235.63,-3.33177],"tipVelocity":[-31.9225,86.9463,-7.57438],"tool":false,"touchDistance":0.333333,"touchZone":"none","type":3,"width":17.7198},{"bases":[[[0.942999,-0.332668,0.00924504],[0.214918,0.629958,0.7463],[-0.254094,-0.701773,0.665546]],[[0.961482,-0.270553,-0.0485096],[0.199546,0.808425,-0.553742],[0.189033,0.522733,0.831274]],[[0.961482,-0.270553,-0.0485096],[-0.173212,-0.459351,-0.871203],[0.213424,0.846048,-0.48852]],[[0.961482,-0.270553,-0.0485096],[-0.266337,-0.873389,-0.407745],[0.067949,0.404959,-0.911806]]],"btipPosition":[45.8007,241.866,1.73623],"carpPosition":[43.15,243.159,43.6056],"dipPosition":[46.9488,248.709,-13.6698],"direction":[-0.213424,-0.846048,0.488521],"extended":false,"handId":469,"id":4694,"length":49.5125,"mcpPosition":[57.5925,283.047,5.77646],"pipPosition":[51.0406,264.929,-23.0358],"stabilizedTipPosition":[46.256,243.036,-1.75451],"timeVisible":5.57656,"tipPosition":[45.9093,243.422,-2.02773],"tipVelocity":[-30.7399,81.6659,-10.8379],"tool":false,"touchDistance":0.333333,"touchZone":"none","type":4,"width":15.7401}],"r":[[0.768569,0.461144,0.443451],[-0.52784,0.848732,0.0322346],[-0.361506,-0.258846,0.895719]],"s":1.09785,"t":[36.4543,20.205,-58.7722],"timestamp":93400824914},false],[5,{"currentFrameRate":55.3733,"devices":[],"gestures":[],"hands":[{"armBasis":[[0.982498,0.164192,-0.0879677],[-0.128291,0.938855,0.319519],[0.135051,-0.302641,0.943488]],"armWidth":62.4607,"confidence":0.77648,"direction":[-0.0185645,0.772204,-0.635104],"elbow":[63.7881,154.49,295.653],"grabStrength":0,"id":469,"palmNormal":[0.139239,-0.627026,-0.766453],"palmPosition":[20.2538,272.041,8.36596],"palmVelocity":[-26.8896,67.6684,-10.5705],"palmWidth":89.1918,"pinchStrength":0.222221,"r":[[0.770926,0.457791,0.442833],[-0.525981,0.849678,0.0372983],[-0.359191,-0.261676,0.895828]],"s":1.0987,"sphereCenter":[11.7472,260.042,-34.8545],"sphereRadius":46.9131,"stabilizedPalmPosition":[20.2597,272.03,8.36867],"t":[35.9718,21.3857,-58.9675],"timeVisible":5.59465,"type":"right","wrist":[28.0449,234.588,45.9458]}],"id":1679973,"interactionBox":{"center":[0,200,0],"size":[235.247,235.247,147.751]},"pointables":[{"bases":[[[0.270246,0.752822,0.600189],[-0.851839,-0.103569,0.513463],[0.448707,-0.650025,0.613294]],[[0.20412,0.837131,0.507492],[-0.825261,-0.131702,0.54918],[0.526573,-0.530911,0.663968]],[[0.20412,0.837131,0.507492],[-0.96747,0.251649,-0.0259774],[-0.149456,-0.48568,0.861265]],[[0.20412,0.837131,0.507492],[-0.957082,0.279602,-0.076265],[-0.205739,-0.470144,0.858275]]],"btipPosition":[-14.1372,275.487,-43.6807],"carpPosition":[1.91362,222.491,37.2827],"dipPosition":[-18.8571,264.701,-23.9909],"direction":[0.149456,0.48568,-0.861265],"extended":false,"handId":469,"id":4690,"length":51.0864,"mcpPosition":[1.91362,222.491,37.2827],"pipPosition":[-23.8522,248.469,4.79406],"stabilizedTipPosition":[-15.2184,273,-39.1513],"timeVisible":5.59465,"tipPosition":[-15.0067,272.968,-39.0564],"tipVelocity":[-38.8603,74.2915,-6.11689],"tool":false,"touchDistance":-0.180224,"touchZone":"touching","type":0,"width":19.8498},{"bases":[[[0.972912,0.230857,-0.0121156],[-0.165073,0.730455,0.662711],[0.161842,-0.64276,0.748777]],[[0.96519,0.257857,-0.0437986],[-0.193578,0.81688,0.543354],[0.175886,-0.515962,0.83836]],[[0.96519,0.257857,-0.0437986],[-0.228785,0.913509,0.336392],[0.126751,-0.314661,0.940703]],[[0.96519,0.257857,-0.0437986],[-0.247482,0.954559,0.166042],[0.0846234,-0.149423,0.985146]]],"btipPosition":[-16.6211,321.46,-82.0219],"carpPosition":[6.87767,243.42,46.0697],"dipPosition":[-15.2039,318.957,-65.5228],"direction":[-0.126751,0.314661,-0.940703],"extended":true,"handId":469,"id":4691,"length":57.6453,"mcpPosition":[-4.79364,289.773,-7.92883],"pipPosition":[-12.2008,311.502,-43.235],"stabilizedTipPosition":[-16.289,320.874,-78.2267],"timeVisible":5.59465,"tipPosition":[-16.6602,321.594,-77.7945],"tipVelocity":[-32.402,82.375,-0.287865],"tool":false,"touchDistance":-0.16454,"touchZone":"touching","type":1,"width":18.9605},{"bases":[[[0.999623,0.0139656,-0.0236391],[0.00537889,0.744679,0.667401],[0.0269242,-0.667276,0.744324]],[[0.999305,0.0206202,-0.0310617],[-0.0349986,0.805967,-0.590924],[0.0128497,0.591601,0.806129]],[[0.999305,0.0206202,-0.0310617],[-0.0161219,-0.51222,-0.858703],[-0.033617,0.858607,-0.511531]],[[0.999305,0.0206202,-0.0310617],[0.00777289,-0.930052,-0.367345],[-0.0364637,0.366849,-0.929566]]],"btipPosition":[17.2857,234.759,-11.0112],"carpPosition":[18.1254,247.767,46.5985],"dipPosition":[16.6141,241.516,-28.1344],"direction":[0.033617,-0.858607,0.511531],"extended":false,"handId":469,"id":4692,"length":65.6822,"mcpPosition":[16.2841,293.401,-4.30517],"pipPosition":[15.677,265.449,-42.393],"stabilizedTipPosition":[17.3485,235.995,-14.9866],"timeVisible":5.59465,"tipPosition":[17.1051,236.355,-15.5782],"tipVelocity":[-35.7344,69.9845,4.78514],"tool":false,"touchDistance":0.333333,"touchZone":"none","type":2,"width":18.6218},{"bases":[[[0.989421,-0.140559,0.0359081],[0.0776392,0.722123,0.687394],[-0.122549,-0.677334,0.725397]],[[0.990297,-0.135562,0.0305599],[0.123816,0.760905,-0.636941],[0.0630919,0.634544,0.770307]],[[0.990297,-0.135562,0.0305599],[-0.0532777,-0.573485,-0.817482],[0.128345,0.807922,-0.575143]],[[0.990297,-0.135562,0.0305599],[-0.118789,-0.939921,-0.320059],[0.0721117,0.313323,-0.946905]]],"btipPosition":[30.0429,235.25,0.988073],"carpPosition":[30.0872,249.128,46.3057],"dipPosition":[31.3636,240.988,-16.3542],"direction":[-0.128345,-0.807922,0.575143],"extended":false,"handId":469,"id":4693,"length":63.1552,"mcpPosition":[37.612,290.718,1.76483],"pipPosition":[34.8488,262.927,-31.972],"stabilizedTipPosition":[30.6024,236.182,-2.88388],"timeVisible":5.59465,"tipPosition":[30.3166,236.508,-3.63634],"tipVelocity":[-33.9307,68.734,-12.7398],"tool":false,"touchDistance":0.333333,"touchZone":"none","type":3,"width":17.7198},{"bases":[[[0.942067,-0.335379,0.00554936],[0.219451,0.628774,0.745979],[-0.253675,-0.701544,0.665946]],[[0.960512,-0.273298,-0.0522036],[0.199596,0.807509,-0.555059],[0.193851,0.522721,0.830171]],[[0.960512,-0.273298,-0.0522036],[-0.178156,-0.459974,-0.869876],[0.213723,0.844827,-0.4905]],[[0.960512,-0.273298,-0.0522036],[-0.270465,-0.873051,-0.405747],[0.0653135,0.403844,-0.912493]]],"btipPosition":[45.1818,242.696,1.45926],"carpPosition":[42.6832,243.959,43.2636],"dipPosition":[46.2853,249.519,-13.9584],"direction":[-0.213723,-0.844827,0.4905],"extended":false,"handId":469,"id":4694,"length":49.5125,"mcpPosition":[57.1019,283.834,5.41171],"pipPosition":[50.3829,265.717,-23.3624],"stabilizedTipPosition":[45.7111,243.853,-1.97522],"timeVisible":5.59465,"tipPosition":[45.2845,244.25,-2.32641],"tipVelocity":[-32.66,64.5248,-13.0345],"tool":false,"touchDistance":0.333333,"touchZone":"none","type":4,"width":15.7401}],"r":[[0.770926,0.457791,0.442833],[-0.525981,0.849678,0.0372983],[-0.359191,-0.261676,0.895828]],"s":1.0987,"t":[35.9718,21.3857,-58.9675],"timestamp":93400843004},false],[6,{"currentFrameRate":55.3744,"devices":[],"gestures":[],"hands":[{"armBasis":[[0.982377,0.16574,-0.0864016],[-0.129801,0.937569,0.322671],[0.134487,-0.30577,0.942559]],"armWidth":62.4607,"confidence":0.753674,"direction":[-0.0214889,0.776112,-0.630229],"elbow":[63.0572,154.965,294.887],"grabStrength":0,"id":469,"palmNormal":[0.139413,-0.62189,-0.770595],"palmPosition":[19.5188,273.56,8.09414],"palmVelocity":[-33.4512,75.4866,-12.6997],"palmWidth":89.1918,"pinchStrength":0.220266,"r":[[0.772739,0.454921,0.442631],[-0.524869,0.850117,0.0425891],[-0.356913,-0.265233,0.895692]],"s":1.09948,"sphereCenter":[10.9818,261.848,-35.1692],"sphereRadius":46.9183,"stabilizedPalmPosition":[19.5256,273.546,8.09667],"t":[35.363,22.7355,-59.2011],"timeVisible":5.6127,"type":"right","wrist":[27.4633,235.892,45.4258]}],"id":1679974,"interactionBox":{"center":[0,200,0],"size":[235.247,235.247,147.751]},"pointables":[{"bases":[[[0.269486,0.749699,0.604425],[-0.850708,-0.108809,0.514253],[0.451302,-0.652773,0.608452]],[[0.20272,0.83474,0.511971],[-0.823767,-0.137306,0.550049],[0.529445,-0.533251,0.659797]],[[0.20272,0.83474,0.511971],[-0.96834,0.248664,-0.0220087],[-0.14568,-0.4913,0.858721]],[[0.20272,0.83474,0.511971],[-0.958062,0.277207,-0.0726154],[-0.202537,-0.475779,0.855928]]],"btipPosition":[-15.045,277.214,-43.8888],"carpPosition":[1.34603,223.787,36.7316],"dipPosition":[-19.6914,266.299,-24.2529],"direction":[0.14568,0.4913,-0.858721],"extended":false,"handId":469,"id":4690,"length":51.0864,"mcpPosition":[1.34603,223.787,36.7316],"pipPosition":[-24.5603,249.879,4.44707],"stabilizedTipPosition":[-16.1099,274.696,-39.3716],"timeVisible":5.6127,"tipPosition":[-15.8784,274.679,-39.2753],"tipVelocity":[-43.8374,83.6576,-9.01135],"tool":false,"touchDistance":-0.183899,"touchZone":"touching","type":0,"width":19.8498},{"bases":[[[0.972339,0.23325,-0.0123267],[-0.165671,0.725903,0.667546],[0.164653,-0.647039,0.744466]],[[0.964641,0.259984,-0.0433086],[-0.19426,0.81237,0.549834],[0.178131,-0.521979,0.83415]],[[0.964641,0.259984,-0.0433086],[-0.229874,0.910279,0.344312],[0.128938,-0.322182,0.937856]],[[0.964641,0.259984,-0.0433086],[-0.248901,0.952631,0.174767],[0.0866937,-0.157808,0.983657]]],"btipPosition":[-17.6071,323.593,-81.8702],"carpPosition":[6.27542,244.672,45.6409],"dipPosition":[-16.1552,320.95,-65.396],"direction":[-0.128938,0.322182,-0.937856],"extended":true,"handId":469,"id":4691,"length":57.6453,"mcpPosition":[-5.59863,291.334,-8.0468],"pipPosition":[-13.1003,313.316,-43.1756],"stabilizedTipPosition":[-17.2675,322.973,-78.082],"timeVisible":5.6127,"tipPosition":[-17.6272,323.604,-77.6847],"tipVelocity":[-42.7376,98.5,3.68754],"tool":false,"touchDistance":-0.162993,"touchZone":"touching","type":1,"width":18.9605},{"bases":[[[0.999545,0.0164985,-0.0252518],[0.00475502,0.740504,0.672035],[0.0297867,-0.671849,0.740089]],[[0.999196,0.0232301,-0.0326668],[-0.0379953,0.808542,-0.58721],[0.0127715,0.587979,0.808775]],[[0.999196,0.0232301,-0.0326668],[-0.0162762,-0.509614,-0.860249],[-0.0366312,0.860089,-0.508827]],[[0.999196,0.0232301,-0.0326668],[0.00949121,-0.928887,-0.370241],[-0.0389445,0.369634,-0.928361]]],"btipPosition":[16.6117,236.425,-11.365],"carpPosition":[17.5137,249.042,46.1777],"dipPosition":[15.8943,243.234,-28.466],"direction":[0.0366312,-0.860089,0.508827],"extended":false,"handId":469,"id":4692,"length":65.6822,"mcpPosition":[15.4766,294.99,-4.43638],"pipPosition":[14.8732,267.209,-42.6492],"stabilizedTipPosition":[16.7123,237.403,-15.2065],"timeVisible":5.6127,"tipPosition":[16.4188,238.028,-15.9446],"tipVelocity":[-36.7705,80.8977,-6.65713],"tool":false,"touchDistance":0.333333,"touchZone":"none","type":2,"width":18.6218},{"bases":[[[0.989812,-0.138419,0.0333451],[0.0771029,0.717996,0.691763],[-0.119695,-0.682145,0.721354]],[[0.990671,-0.133367,0.0280054],[0.121001,0.766322,-0.630959],[0.0626877,0.628461,0.775311]],[[0.990671,-0.133367,0.0280054],[-0.0530925,-0.566993,-0.82201],[0.125507,0.812854,-0.568784]],[[0.990671,-0.133367,0.0280054],[-0.117014,-0.937823,-0.326795],[0.0698476,0.32047,-0.94468]]],"btipPosition":[29.3884,236.852,0.371099],"carpPosition":[29.4717,250.434,45.873],"dipPosition":[30.6676,242.722,-16.9305],"direction":[-0.125507,-0.812854,0.568784],"extended":false,"handId":469,"id":4693,"length":63.1552,"mcpPosition":[36.8212,292.319,1.58043],"pipPosition":[34.0757,264.794,-32.3755],"stabilizedTipPosition":[30.0105,237.482,-3.35],"timeVisible":5.6127,"tipPosition":[29.6507,238.141,-4.17822],"tipVelocity":[-35.2844,79.0432,-22.6694],"tool":false,"touchDistance":0.333333,"touchZone":"none","type":3,"width":17.7198},{"bases":[[[0.942869,-0.333158,0.00184918],[0.219237,0.624621,0.749522],[-0.250864,-0.706296,0.661976]],[[0.961041,-0.270788,-0.0554422],[0.196575,0.810597,-0.551625],[0.194315,0.519236,0.832247]],[[0.961041,-0.270788,-0.0554422],[-0.179068,-0.457153,-0.871175],[0.210559,0.847163,-0.487833]],[[0.961041,-0.270788,-0.0554422],[-0.2693,-0.872118,-0.408518],[0.0622698,0.407533,-0.911065]]],"btipPosition":[44.5096,244.335,1.05135],"carpPosition":[42.0747,245.314,42.7773],"dipPosition":[45.5617,251.221,-14.3421],"direction":[-0.210559,-0.847163,0.487833],"extended":false,"handId":469,"id":4694,"length":49.5125,"mcpPosition":[56.3336,285.459,5.15103],"pipPosition":[49.5986,267.463,-23.695],"stabilizedTipPosition":[45.111,245.145,-2.29665],"timeVisible":5.6127,"tipPosition":[44.6054,245.902,-2.75191],"tipVelocity":[-35.1419,77.3633,-17.427],"tool":false,"touchDistance":0.333333,"touchZone":"none","type":4,"