{"sensorType":"Leap","data":[[0,{"currentFrameRate":54.3581,"devices":[],"gestures":[],"hands":[{"armBasis":[[0.924103,-0.224639,-0.309147],[0.318064,0.900553,0.296378],[0.211825,-0.372212,0.903653]],"armWidth":62.4607,"confidence":0.390955,"direction":[0.0128635,0.748766,-0.66271],"elbow":[58.8362,159.033,288.294],"grabStrength":0,"id":469,"palmNormal":[-0.355935,-0.615925,-0.702814],"palmPosition":[-5.03474,296.401,13.0065],"palmVelocity":[15.077,76.4366,-141.425],"palmWidth":89.1918,"pinchStrength":0.363015,"r":[[0.991435,0.0866248,0.097743],[-0.10054,0.983888,0.147838],[-0.0833618,-0.156399,0.98417]],"s":1.02653,"sphereCenter":[-19.4762,282.606,-30.3562],"sphereRadius":46.3799,"stabilizedPalmPosition":[-7.32275,285.378,28.2339],"t":[9.93757,45.5828,-51.9861],"timeVisible":0.217019,"type":"right","wrist":[2.77371,257.544,49.1295]}],"id":1679494,"interactionBox":{"center":[0,200,0],"size":[235.247,235.247,147.751]},"pointables":[{"bases":[[[0.696877,0.598452,0.395244],[-0.597858,0.180346,0.781051],[0.396141,-0.780596,0.483468]],[[0.588586,0.760226,0.274998],[-0.722746,0.342409,0.600329],[0.362223,-0.552098,0.750987]],[[0.588586,0.760226,0.274998],[-0.765062,0.41387,0.493348],[0.261242,-0.500768,0.825218]],[[0.588586,0.760226,0.274998],[-0.807004,0.53228,0.255777],[0.0480722,-0.372471,0.926798]]],"btipPosition":[-54.7077,307.653,-34.4503],"carpPosition":[-27.1497,255.357,51.1383],"dipPosition":[-53.6048,299.108,-13.1885],"direction":[-0.261242,0.500768,-0.825218],"extended":false,"handId":469,"id":4690,"length":51.0864,"mcpPosition":[-27.1497,255.357,51.1383],"pipPosition":[-44.8737,282.371,14.3917],"stabilizedTipPosition":[-59.2652,297.964,-10.2978],"timeVisible":0.217019,"tipPosition":[-55.2309,306.261,-29.0149],"tipVelocity":[33.0447,45.5003,-153.363],"tool":false,"touchDistance":0.329416,"touchZone":"hovering","type":0,"width":19.8498},{"bases":[[[0.923317,-0.115726,-0.366188],[0.330605,0.724706,0.604567],[0.195414,-0.679271,0.707393]],[[0.93142,-0.147253,-0.332827],[0.31754,0.775653,0.545464],[0.177837,-0.613742,0.769217]],[[0.93142,-0.147253,-0.332827],[0.256201,0.914804,0.312242],[0.258493,-0.376099,0.889793]],[[0.93142,-0.147253,-0.332827],[0.19427,0.974473,0.112528],[0.307761,-0.169469,0.93625]]],"btipPosition":[-45.6656,359.661,-64.5567],"carpPosition":[-12.8051,273.079,55.6135],"dipPosition":[-40.5112,356.823,-48.8765],"direction":[-0.258493,0.376099,-0.889793],"extended":true,"handId":469,"id":4691,"length":57.6453,"mcpPosition":[-26.8975,322.065,4.59944],"pipPosition":[-34.3868,347.912,-27.7949],"stabilizedTipPosition":[-44.4829,355.649,-57.3654],"timeVisible":0.217019,"tipPosition":[-44.1849,357.061,-61.4817],"tipVelocity":[0.600915,121.425,-130.141],"tool":false,"touchDistance":0.210591,"touchZone":"hovering","type":1,"width":18.9605},{"bases":[[[0.87125,-0.328272,-0.364913],[0.486153,0.679619,0.549339],[0.0676689,-0.656015,0.751708]],[[0.867694,-0.300782,-0.395775],[0.0697494,0.861959,-0.502157],[0.492182,0.408113,0.768896]],[[0.867694,-0.300782,-0.395775],[-0.453196,-0.151506,-0.878442],[0.204258,0.941582,-0.267774]],[[0.867694,-0.300782,-0.395775],[-0.488383,-0.664255,-0.565904],[-0.0926816,0.684321,-0.723267]]],"btipPosition":[-33.2104,260.029,-15.1088],"carpPosition":[-1.34176,273.299,51.8415],"dipPosition":[-34.9177,272.635,-28.4318],"direction":[-0.204258,-0.941582,0.267774],"extended":false,"handId":469,"id":4692,"length":65.6822,"mcpPosition":[-5.96958,318.163,0.432832],"pipPosition":[-29.2241,298.881,-35.8958],"stabilizedTipPosition":[-38.2824,254.833,-4.17003],"timeVisible":0.217019,"tipPosition":[-33.8606,263.629,-19.3049],"tipVelocity":[34.798,55.4351,-131.994],"tool":false,"touchDistance":0.333333,"touchZone":"none","type":2,"width":18.6218},{"bases":[[[0.832568,-0.471524,-0.290682],[0.549067,0.63317,0.545547],[-0.0731877,-0.613809,0.786055]],[[0.835059,-0.442686,-0.326659],[0.209322,0.804748,-0.555486],[0.508784,0.395487,0.764676]],[[0.835059,-0.442686,-0.326659],[-0.428033,-0.149747,-0.891271],[0.345637,0.884084,-0.314532]],[[0.835059,-0.442686,-0.326659],[-0.548903,-0.630262,-0.549068],[0.0371839,0.637808,-0.769298]]],"btipPosition":[-18.3825,255.173,-11.7761],"carpPosition":[9.47324,270.493,47.349],"dipPosition":[-17.7015,266.854,-25.8656],"direction":[-0.345637,-0.884084,0.314532],"extended":false,"handId":469,"id":4693,"length":63.1552,"mcpPosition":[13.9671,308.182,-0.916374],"pipPosition":[-8.3159,290.861,-34.4066],"stabilizedTipPosition":[-22.992,247.299,1.14399],"timeVisible":0.217019,"tipPosition":[-18.2177,257.823,-14.9472],"tipVelocity":[33.6716,68.2799,-140.079],"tool":false,"touchDistance":0.333333,"touchZone":"none","type":3,"width":17.7198},{"bases":[[[0.716258,-0.63749,-0.283868],[0.66324,0.49539,0.560983],[-0.216995,-0.590081,0.777636]],[[0.72409,-0.61427,-0.313633],[0.360246,0.724615,-0.587499],[0.588146,0.312417,0.745975]],[[0.72409,-0.61427,-0.313633],[-0.466977,-0.101988,-0.878369],[0.507569,0.782477,-0.360698]],[[0.72409,-0.61427,-0.313633],[-0.671837,-0.52535,-0.522152],[0.155975,0.588795,-0.79309]]],"btipPosition":[-2.69735,259.171,-9.0331],"carpPosition":[17.7208,261.41,40.7074],"dipPosition":[-0.0619713,269.119,-22.4333],"direction":[-0.507569,-0.782477,0.360698],"extended":false,"handId":469,"id":4694,"length":49.5125,"mcpPosition":[30.0547,294.95,-3.49286],"pipPosition":[9.66927,284.121,-29.3487],"stabilizedTipPosition":[-5.74714,252.442,0.725981],"timeVisible":0.217019,"tipPosition":[-2.05491,261.454,-12.0638],"tipVelocity":[31.6961,73.5592,-136.299],"tool":false,"touchDistance":0.333333,"touchZone":"none","type":4,"width":15.7401}],"r":[[0.991435,0.0866248,0.097743],[-0.10054,0.983888,0.147838],[-0.0833618,-0.156399,0.98417]],"s":1.02653,"t":[9.93757,45.5828,-51.9861],"timestamp":93395465377},false],[1,{"currentFrameRate":54.5033,"devices":[],"gestures":[],"hands":[{"armBasis":[[0.925049,-0.220131,-0.30956],[0.312642,0.904083,0.291356],[0.215732,-0.3663,0.905143]],"armWidth":62.4607,"confidence":0.411092,"direction":[0.0140131,0.738876,-0.673696],"elbow":[60.196,160.793,288.49],"grabStrength":0,"id":469,"palmNormal":[-0.347935,-0.628053,-0.696054],"palmPosition":[-4.6364,296.015,12.178],"palmVelocity":[18.4914,30.2891,-96.7162],"palmWidth":89.1918,"pinchStrength":0.357899,"r":[[0.990054,0.0946894,0.104055],[-0.109375,0.983229,0.145939],[-0.0884906,-0.155869,0.983806]],"s":1.03054,"sphereCenter":[-19.61,282.094,-30.6572],"sphereRadius":46.2722,"stabilizedPalmPosition":[-7.21094,285.821,27.5656],"t":[10.2683,46.0619,-53.6684],"timeVisible":0.234857,"type":"right","wrist":[3.09967,257.74,48.931]}],"id":1679495,"interactionBox":{"center":[0,200,0],"size":[235.247,235.247,147.751]},"pointables":[{"bases":[[[0.691149,0.607679,0.391202],[-0.604293,0.189012,0.774018],[0.396412,-0.771363,0.497852]],[[0.583523,0.76646,0.268403],[-0.724588,0.342146,0.598254],[0.366704,-0.543576,0.755018]],[[0.583523,0.76646,0.268403],[-0.770271,0.417668,0.481908],[0.25726,-0.487947,0.834101]],[[0.583523,0.76646,0.268403],[-0.811599,0.538829,0.225766],[0.0284176,-0.349575,0.936477]]],"btipPosition":[-54.0197,306.361,-35.5447],"carpPosition":[-26.8265,255.435,50.76],"dipPosition":[-53.3678,298.341,-14.0609],"direction":[-0.25726,0.487947,-0.834101],"extended":false,"handId":469,"id":4690,"length":51.0864,"mcpPosition":[-26.8265,255.435,50.76],"pipPosition":[-44.7697,282.033,13.8162],"stabilizedTipPosition":[-59.1782,298.07,-10.6253],"timeVisible":0.234857,"tipPosition":[-54.53,305.035,-30.1852],"tipVelocity":[32.9072,-6.82573,-108.706],"tool":false,"touchDistance":0.312026,"touchZone":"hovering","type":0,"width":19.8498},{"bases":[[[0.926459,-0.116631,-0.35787],[0.322786,0.735235,0.596019],[0.193604,-0.667703,0.718812]],[[0.933443,-0.143166,-0.328919],[0.31048,0.781708,0.540865],[0.179685,-0.60699,0.77413]],[[0.933443,-0.143166,-0.328919],[0.251554,0.914922,0.315655],[0.255744,-0.377387,0.890042]],[[0.933443,-0.143166,-0.328919],[0.19265,0.973531,0.122981],[0.302606,-0.178162,0.936316]]],"btipPosition":[-45.2558,358.932,-66.1357],"carpPosition":[-12.5995,273.293,55.072],"dipPosition":[-40.1878,355.948,-50.4543],"direction":[-0.255744,0.377387,-0.890042],"extended":true,"handId":469,"id":4691,"length":57.6453,"mcpPosition":[-26.5614,321.445,3.23439],"pipPosition":[-34.1285,347.007,-29.3668],"stabilizedTipPosition":[-44.3962,356.222,-58.5045],"timeVisible":0.234857,"tipPosition":[-43.7495,356.277,-63.0886],"tipVelocity":[10.6082,44.1461,-110.541],"tool":false,"touchDistance":0.18428,"touchZone":"hovering","type":1,"width":18.9605},{"bases":[[[0.875405,-0.329387,-0.353793],[0.478941,0.690094,0.542573],[0.0654341,-0.644417,0.761869]],[[0.871998,-0.302763,-0.384649],[0.0678247,0.852932,-0.517597],[0.484789,0.425254,0.76429]],[[0.871998,-0.302763,-0.384649],[-0.446633,-0.170483,-0.878325],[0.200348,0.937694,-0.283885]],[[0.871998,-0.302763,-0.384649],[-0.480762,-0.677584,-0.556549],[-0.0921298,0.670234,-0.736409]]],"btipPosition":[-32.3784,259.008,-15.358],"carpPosition":[-1.11068,273.513,51.3784],"dipPosition":[-34.0754,271.354,-28.9231],"direction":[-0.200348,-0.937694,0.283885],"extended":false,"handId":469,"id":4692,"length":65.6822,"mcpPosition":[-5.58567,317.584,-0.725155],"pipPosition":[-28.4909,297.491,-36.8362],"stabilizedTipPosition":[-38.0361,255.146,-4.80905],"timeVisible":0.234857,"tipPosition":[-33.0217,262.518,-19.6206],"tipVelocity":[40.4361,0.804922,-77.9075],"tool":false,"touchDistance":0.333333,"touchZone":"none","type":2,"width":18.6218},{"bases":[[[0.836881,-0.471707,-0.27771],[0.542102,0.643903,0.53992],[-0.0758658,-0.602396,0.794584]],[[0.839483,-0.443522,-0.313936],[0.210778,0.798293,-0.564181],[0.50084,0.40745,0.763638]],[[0.839483,-0.443522,-0.313936],[-0.42011,-0.163326,-0.892655],[0.344639,0.881256,-0.323437]],[[0.839483,-0.443522,-0.313936],[-0.541879,-0.64031,-0.5444],[0.0404373,0.627129,-0.777865]]],"btipPosition":[-17.6263,254.42,-12.1996],"carpPosition":[9.74954,270.693,47.005],"dipPosition":[-16.8857,265.906,-26.446],"direction":[-0.344639,-0.881256,0.323437],"extended":false,"handId":469,"id":4693,"length":63.1552,"mcpPosition":[14.4079,307.681,-1.78403],"pipPosition":[-7.52723,289.836,-35.2288],"stabilizedTipPosition":[-22.7132,247.79,0.306913],"timeVisible":0.234857,"tipPosition":[-17.4422,257.004,-15.3647],"tipVelocity":[38.1385,15.1005,-86.269],"tool":false,"touchDistance":0.333333,"touchZone":"none","type":3,"width":17.7198},{"bases":[[[0.721323,-0.638122,-0.269246],[0.656822,0.50693,0.558217],[-0.219721,-0.579502,0.784793]],[[0.729182,-0.615544,-0.298996],[0.361559,0.717503,-0.595369],[0.581007,0.326028,0.745746]],[[0.729182,-0.615544,-0.298996],[-0.459496,-0.116635,-0.880488],[0.507106,0.779424,-0.367888]],[[0.729182,-0.615544,-0.298996],[-0.665382,-0.535671,-0.519926],[0.159874,0.578067,-0.800174]]],"btipPosition":[-1.98479,258.481,-9.32356],"carpPosition":[18.088,261.553,40.5582],"dipPosition":[0.716469,268.248,-22.8434],"direction":[-0.507106,-0.779424,0.367888],"extended":false,"handId":469,"id":4694,"length":49.5125,"mcpPosition":[30.5768,294.491,-4.04882],"pipPosition":[10.4388,283.191,-29.8967],"stabilizedTipPosition":[-5.44908,253.005,-0.168761],"timeVisible":0.234857,"tipPosition":[-1.32129,260.72,-12.3694],"tipVelocity":[35.9796,19.614,-80.5316],"tool":false,"touchDistance":0.333333,"touchZone":"none","type":4,"width":15.7401}],"r":[[0.990054,0.0946894,0.104055],[-0.109375,0.983229,0.145939],[-0.0884906,-0.155869,0.983806]],"s":1.03054,"t":[10.2683,46.0619,-53.6684],"timestamp":93395483215},false],[2,{"currentFrameRate":54.5707,"devices":[],"gestures":[],"hands":[{"armBasis":[[0.9294,-0.209578,-0.303796],[0.300448,0.907687,0.292976],[0.21435,-0.363566,0.906572]],"armWidth":62.4607,"confidence":0.425938,"direction":[0.0120728,0.734422,-0.678586],"elbow":[60.099,162.103,288.199],"grabStrength":0,"id":469,"palmNormal":[-0.33423,-0.636639,-0.694969],"palmPosition":[-4.44985,296.263,11.1761],"palmVelocity":[14.603,22.3959,-77.0673],"palmWidth":89.1918,"pinchStrength":0.353299,"r":[[0.988435,0.10352,0.110818],[-0.118919,0.982579,0.142819],[-0.0941028,-0.154346,0.983525]],"s":1.03479,"sphereCenter":[-19.7961,282.476,-31.302],"sphereRadius":46.2223,"stabilizedPalmPosition":[-7.14353,286.076,27.1654],"t":[10.527,46.4253,-55.0105],"timeVisible":0.252946,"type":"right","wrist":[3.36825,258.326,48.2618]}],"id":1679496,"interactionBox":{"center":[0,200,0],"size":[235.247,235.247,147.751]},"pointables":[{"bases":[[[0.680525,0.618095,0.393503],[-0.613689,0.187378,0.766991],[0.40034,-0.763445,0.506833]],[[0.573421,0.773551,0.269828],[-0.728294,0.330473,0.600313],[0.375202,-0.540746,0.752873]],[[0.573421,0.773551,0.269828],[-0.778847,0.412552,0.472439],[0.254138,-0.481061,0.839044]],[[0.573421,0.773551,0.269828],[-0.819254,0.540062,0.19276],[0.00338601,-0.33159,0.943417]]],"btipPosition":[-53.4765,305.84,-36.6989],"carpPosition":[-26.546,255.695,49.8253],"dipPosition":[-53.3988,298.233,-15.0559],"direction":[-0.254138,0.481061,-0.839044],"extended":false,"handId":469,"id":4690,"length":51.0864,"mcpPosition":[-26.546,255.695,49.8253],"pipPosition":[-44.9051,282.155,12.9864],"stabilizedTipPosition":[-59.1167,298.135,-10.8522],"timeVisible":0.252946,"tipPosition":[-53.9825,304.519,-31.4587],"tipVelocity":[28.0686,-14.7791,-86.3954],"tool":false,"touchDistance":0.2934,"touchZone":"hovering","type":0,"width":19.8498},{"bases":[[[0.931062,-0.108544,-0.34834],[0.308825,0.742851,0.593969],[0.194293,-0.660599,0.725162]],[[0.936909,-0.130054,-0.324479],[0.297204,0.785028,0.543508],[0.18404,-0.605654,0.774153]],[[0.936909,-0.130054,-0.324479],[0.240521,0.913406,0.328388],[0.253674,-0.385714,0.88706]],[[0.936909,-0.130054,-0.324479],[0.184839,0.972153,0.144062],[0.296708,-0.194949,0.934858]]],"btipPosition":[-45.3041,359.291,-67.4233],"carpPosition":[-12.5626,273.742,54.1482],"dipPosition":[-40.3349,356.026,-51.7663],"direction":[-0.253674,0.385714,-0.88706],"extended":true,"handId":469,"id":4691,"length":57.6453,"mcpPosition":[-26.5741,321.381,1.85266],"pipPosition":[-34.3247,346.887,-30.7495],"stabilizedTipPosition":[-44.3643,356.536,-59.2264],"timeVisible":0.252946,"tipPosition":[-43.7619,356.54,-64.4285],"tipVelocity":[3.69745,30.8895,-91.976],"tool":false,"touchDistance":0.162726,"touchZone":"hovering","type":1,"width":18.9605},{"bases":[[[0.882371,-0.321833,-0.343285],[0.465977,0.699122,0.542304],[0.0654667,-0.638476,0.766852]],[[0.879001,-0.295742,-0.374024],[0.0623422,0.848962,-0.524764],[0.472727,0.437951,0.764675]],[[0.879001,-0.295742,-0.374024],[-0.436519,-0.183489,-0.880786],[0.191856,0.93748,-0.290384]],[[0.879001,-0.295742,-0.374024],[-0.46761,-0.688086,-0.554868],[-0.0932633,0.662627,-0.74312]]],"btipPosition":[-31.4849,258.702,-16.2293],"carpPosition":[-1.04246,274.067,50.5613],"dipPosition":[-33.2029,270.908,-29.918],"direction":[-0.191856,-0.93748,0.290384],"extended":false,"handId":469,"id":4692,"length":65.6822,"mcpPosition":[-5.51967,317.732,-1.88304],"pipPosition":[-27.855,297.039,-38.0123],"stabilizedTipPosition":[-37.781,255.41,-5.41273],"timeVisible":0.252946,"tipPosition":[-32.1242,262.156,-20.5097],"tipVelocity":[44.5683,-8.46582,-64.5156],"tool":false,"touchDistance":0.333333,"touchZone":"none","type":2,"width":18.6218},{"bases":[[[0.844733,-0.464063,-0.266592],[0.529677,0.653633,0.540561],[-0.0766011,-0.597838,0.797949]],[[0.847358,-0.436142,-0.302925],[0.207088,0.796701,-0.567787],[0.488977,0.418387,0.765411]],[[0.847358,-0.436142,-0.302925],[-0.409832,-0.17438,-0.895337],[0.33767,0.88282,-0.326508]],[[0.847358,-0.436142,-0.302925],[-0.529463,-0.650248,-0.544835],[0.0406491,0.622059,-0.781915]]],"btipPosition":[-16.736,254.36,-13.0217],"carpPosition":[9.88977,271.341,46.3096],"dipPosition":[-15.9916,265.753,-27.3423],"direction":[-0.33767,-0.88282,0.326508],"extended":false,"handId":469,"id":4693,"length":63.1552,"mcpPosition":[14.5932,308.049,-2.68606],"pipPosition":[-6.82228,289.725,-36.2085],"stabilizedTipPosition":[-22.4458,248.19,-0.416081],"timeVisible":0.252946,"tipPosition":[-16.5527,256.924,-16.2107],"tipVelocity":[43.429,5.76739,-67.3097],"tool":false,"touchDistance":0.333333,"touchZone":"none","type":3,"width":17.7198},{"bases":[[[0.730982,-0.631714,-0.258074],[0.645754,0.518094,0.560875],[-0.220606,-0.576642,0.786649]],[[0.738829,-0.609372,-0.287747],[0.359159,0.717361,-0.596992],[0.570208,0.337728,0.748868]],[[0.738829,-0.609372,-0.287747],[-0.449705,-0.127824,-0.883983],[0.501893,0.782514,-0.368477]],[[0.738829,-0.609372,-0.287747],[-0.654338,-0.546587,-0.522575],[0.161164,0.574377,-0.802569]]],"btipPosition":[-1.17871,258.615,-10.0395],"carpPosition":[18.3913,262.252,40.0042],"dipPosition":[1.54433,268.32,-23.5998],"direction":[-0.501893,-0.782513,0.368477],"extended":false,"handId":469,"id":4694,"length":49.5125,"mcpPosition":[30.9304,295.028,-4.7083],"pipPosition":[11.1668,283.322,-30.6644],"stabilizedTipPosition":[-5.16238,253.464,-0.92929],"timeVisible":0.252946,"tipPosition":[-0.508958,260.841,-13.0958],"tipVelocity":[40.1914,13.4488,-61.3054],"tool":false,"touchDistance":0.333333,"touchZone":"none","type":4,"width":15.7401}],"r":[[0.988435,0.10352,0.110818],[-0.118919,0.982579,0.142819],[-0.0941028,-0.154346,0.983525]],"s":1.03479,"t":[10.527,46.4253,-55.0105],"timestamp":93395501304},false],[3,{"currentFrameRate":54.6306,"devices":[],"gestures":[],"hands":[{"armBasis":[[0.930807,-0.2123,-0.297536],[0.299244,0.910054,0.286801],[0.209886,-0.355992,0.910614]],"armWidth":62.4607,"confidence":0.241197,"direction":[0.0212184,0.716696,-0.697063],"elbow":[59.0127,162.966,287.762],"grabStrength":0,"id":469,"palmNormal":[-0.325803,-0.654204,-0.682547],"palmPosition":[-3.85568,294.156,8.60816],"palmVelocity":[23.274,-43.633,-107.905],"palmWidth":89.1918,"pinchStrength":0.338939,"r":[[0.986759,0.111081,0.118184],[-0.126783,0.982714,0.134902],[-0.101156,-0.1481,0.983786]],"s":1.04131,"sphereCenter":[-20.3699,280.519,-32.9967],"sphereRadius":46.2345,"stabilizedPalmPosition":[-7.08676,286.216,26.845],"t":[10.9534,45.5533,-56.9656],"timeVisible":0.271041,"type":"right","wrist":[3.46345,257.184,46.755]}],"id":1679497,"interactionBox":{"center":[0,200,0],"size":[235.247,235.247,147.751]},"pointables":[{"bases":[[[0.675893,0.627774,0.386094],[-0.623268,0.207297,0.754033],[0.393326,-0.750285,0.531382]],[[0.574429,0.775634,0.261576],[-0.72407,0.332438,0.604324],[0.381777,-0.536541,0.752576]],[[0.574429,0.775634,0.261576],[-0.780769,0.423216,0.45966],[0.245825,-0.468273,0.848699]],[[0.574429,0.775634,0.261576],[-0.817961,0.556081,0.147357],[-0.0311622,-0.298605,0.953868]]],"btipPosition":[-52.6519,303.36,-39.0676],"carpPosition":[-26.4701,254.605,48.0045],"dipPosition":[-53.3668,296.509,-17.1848],"direction":[-0.245825,0.468273,-0.848699],"extended":false,"handId":469,"id":4690,"length":51.0864,"mcpPosition":[-26.4701,254.605,48.0045],"pipPosition":[-45.1509,280.859,11.1802],"stabilizedTipPosition":[-59.0286,298.186,-11.1764],"timeVisible":0.271041,"tipPosition":[-52.9759,301.92,-34.1204],"tipVelocity":[31.6005,-68.3525,-106.112],"tool":false,"touchDistance":0.254841,"touchZone":"hovering","type":0,"width":19.8498},{"bases":[[[0.935344,-0.117824,-0.333541],[0.30176,0.757789,0.57853],[0.184589,-0.641774,0.744347]],[[0.939392,-0.132749,-0.316102],[0.293913,0.786515,0.543147],[0.176517,-0.603134,0.777863]],[[0.939392,-0.132749,-0.316102],[0.243548,0.907309,0.342745],[0.241303,-0.398958,0.88465]],[[0.939392,-0.132749,-0.316102],[0.193888,0.966098,0.170477],[0.282755,-0.221434,0.933283]]],"btipPosition":[-43.7284,357.595,-70.9887],"carpPosition":[-12.5302,272.752,52.0391],"dipPosition":[-38.9928,353.886,-55.3582],"direction":[-0.241303,0.398958,-0.88465],"extended":true,"handId":469,"id":4691,"length":57.6453,"mcpPosition":[-25.842,319.034,-1.64003],"pipPosition":[-33.2757,344.434,-34.3984],"stabilizedTipPosition":[-44.2297,356.552,-59.8635],"timeVisible":0.271041,"tipPosition":[-42.3031,354.439,-68.1088],"tipVelocity":[41.9376,-31.0597,-142.099],"tool":false,"touchDistance":0.1032,"touchZone":"hovering","type":1,"width":18.9605},{"bases":[[[0.886444,-0.330893,-0.323616],[0.459526,0.712686,0.530014],[0.0552585,-0.618538,0.78381]],[[0.883547,-0.306047,-0.354514],[0.0714486,0.836176,-0.543788],[0.46286,0.455133,0.760667]],[[0.883547,-0.306047,-0.354514],[-0.424622,-0.204121,-0.882061],[0.197588,0.929876,-0.310304]],[[0.883547,-0.306047,-0.354514],[-0.460992,-0.701889,-0.54299],[-0.082649,0.643186,-0.761237]]],"btipPosition":[-30.5986,256.01,-18.2799],"carpPosition":[-0.965193,272.98,48.5921],"dipPosition":[-32.1211,267.858,-32.3023],"direction":[-0.197588,-0.929876,0.310304],"extended":false,"handId":469,"id":4692,"length":65.6822,"mcpPosition":[-4.74428,315.281,-5.01201],"pipPosition":[-26.6134,293.777,-40.9519],"stabilizedTipPosition":[-37.4213,255.585,-6.26004],"timeVisible":0.271041,"tipPosition":[-31.1533,259.282,-22.5496],"tipVelocity":[47.8472,-77.3528,-89.7436],"tool":false,"touchDistance":0.333333,"touchZone":"none","type":2,"width":18.6218},{"bases":[[[0.847734,-0.471087,-0.243772],[0.523211,0.667143,0.530255],[-0.0871651,-0.577059,0.812037]],[[0.850831,-0.444226,-0.280624],[0.214494,0.78119,-0.586288],[0.479665,0.43864,0.759945]],[[0.850831,-0.444226,-0.280624],[-0.398454,-0.197332,-0.895709],[0.342521,0.873913,-0.3449]],[[0.850831,-0.444226,-0.280624],[-0.522899,-0.663391,-0.535247],[0.0516066,0.602142,-0.796719]]],"btipPosition":[-15.8834,251.604,-14.6349],"carpPosition":[10.0184,270.141,44.5516],"dipPosition":[-14.9382,262.632,-29.2266],"direction":[-0.342521,-0.873913,0.3449],"extended":false,"handId":469,"id":4693,"length":63.1552,"mcpPosition":[15.3705,305.574,-5.30917],"pipPosition":[-5.63723,286.363,-38.5922],"stabilizedTipPosition":[-22.051,248.537,-1.43945],"timeVisible":0.271041,"tipPosition":[-15.6482,254.106,-17.8972],"tipVelocity":[46.398,-71.5979,-79.3342],"tool":false,"touchDistance":0.333333,"touchZone":"none","type":3,"width":17.7198},{"bases":[[[0.733767,-0.638421,-0.232389],[0.638925,0.53213,0.555529],[-0.231,-0.556108,0.798363]],[[0.74197,-0.616957,-0.262384],[0.367417,0.701547,-0.610603],[0.560791,0.356645,0.747207]],[[0.74197,-0.616957,-0.262384],[-0.438312,-0.150247,-0.886176],[0.50731,0.772522,-0.381899]],[[0.74197,-0.616957,-0.262384],[-0.64797,-0.559452,-0.516864],[0.172091,0.553514,-0.814866]]],"btipPosition":[-0.348234,255.975,-11.5957],"carpPosition":[18.5931,260.891,38.5911],"dipPosition":[2.55945,265.327,-25.3638],"direction":[-0.50731,-0.772522,0.381899],"extended":false,"handId":469,"id":4694,"length":49.5125,"mcpPosition":[31.7229,292.499,-6.78719],"pipPosition":[12.2857,280.138,-32.6857],"stabilizedTipPosition":[-4.77294,253.796,-1.91184],"timeVisible":0.271041,"tipPosition":[0.364944,258.121,-14.697],"tipVelocity":[44.0201,-64.4731,-74.3065],"tool":false,"touchDistance":0.333333,"touchZone":"none","type":4,"width":15.7401}],"r":[[0.986759,0.111081,0.118184],[-0.126783,0.982714,0.134902],[-0.101156,-0.1481,0.983786]],"s":1.04131,"t":[10.9534,45.5533,-56.9656],"timestamp":93395519399},false],[4,{"currentFrameRate":54.6907,"devices":[],"gestures":[],"hands":[{"armBasis":[[0.936324,-0.194009,-0.292673],[0.282304,0.911578,0.29888],[0.208809,-0.362471,0.908303]],"armWidth":62.4607,"confidence":0.284434,"direction":[0.0175466,0.718093,-0.695726],"elbow":[58.6786,162.259,286.094],"grabStrength":0,"id":469,"palmNormal":[-0.307527,-0.658226,-0.687143],"palmPosition":[-4.06775,295.104,7.52617],"palmVelocity":[6.63966,2.03581,-85.0755],"palmWidth":89.1918,"pinchStrength":0.32845,"r":[[0.984674,0.120292,0.126284],[-0.136481,0.982271,0.128517],[-0.108585,-0.143783,0.983634]],"s":1.04799,"sphereCenter":[-21.1138,281.981,-33.8241],"sphereRadius":46.2779,"stabilizedPalmPosition":[-7.06274,286.286,26.6913],"t":[11.0606,45.5916,-58.4841],"timeVisible":0.289116,"type":"right","wrist":[3.41451,258.192,45.6989]}],"id":1679498,"interactionBox":{"center":[0,200,0],"size":[235.247,235.247,147.751]},"pointables":[{"bases":[[[0.661316,0.637912,0.394625],[-0.63498,0.196015,0.747247],[0.399325,-0.744746,0.534689]],[[0.562341,0.7805,0.273117],[-0.727204,0.309557,0.612658],[0.393634,-0.543134,0.741659]],[[0.562341,0.7805,0.273117],[-0.790652,0.410786,0.454009],[0.242161,-0.471249,0.848105]],[[0.562341,0.7805,0.273117],[-0.824975,0.552099,0.120842],[-0.0564711,-0.293269,0.954361]]],"btipPosition":[-52.5448,304.185,-39.9229],"carpPosition":[-26.4859,255.131,46.6065],"dipPosition":[-53.8403,297.457,-18.0288],"direction":[-0.242161,0.471249,-0.848105],"extended":false,"handId":469,"id":4690,"length":51.0864,"mcpPosition":[-26.4859,255.131,46.6065],"pipPosition":[-45.7468,281.707,10.3163],"stabilizedTipPosition":[-58.9803,298.221,-11.3616],"timeVisible":0.289116,"tipPosition":[-52.8569,302.58,-35.179],"tipVelocity":[15.89,-13.4417,-78.1074],"tool":false,"touchDistance":0.240629,"touchZone":"hovering","type":0,"width":19.8498},{"bases":[[[0.940818,-0.102234,-0.323126],[0.282995,0.761583,0.583014],[0.186483,-0.639953,0.745442]],[[0.943497,-0.111776,-0.311962],[0.276083,0.785808,0.55343],[0.183282,-0.608286,0.772266]],[[0.943497,-0.111776,-0.311962],[0.22753,0.902929,0.364621],[0.240924,-0.415,0.877343]],[[0.943497,-0.111776,-0.311962],[0.180725,0.962636,0.201671],[0.277764,-0.246655,0.928444]]],"btipPosition":[-44.4131,359.223,-71.7921],"carpPosition":[-12.886,273.492,50.8248],"dipPosition":[-39.7611,355.092,-56.2426],"direction":[-0.240924,0.415,-0.877343],"extended":true,"handId":469,"id":4691,"length":57.6453,"mcpPosition":[-26.3344,319.643,-2.93321],"pipPosition":[-34.053,345.26,-35.4559],"stabilizedTipPosition":[-44.1938,356.622,-60.2019],"timeVisible":0.289116,"tipPosition":[-42.9194,356.047,-68.9738],"tipVelocity":[3.50472,23.9555,-96.1861],"tool":false,"touchDistance":0.0895005,"touchZone":"hovering","type":1,"width":18.9605},{"bases":[[[0.895241,-0.316077,-0.314067],[0.442003,0.7191,0.536217],[0.0563593,-0.618862,0.783475]],[[0.892311,-0.291349,-0.344813],[0.0642952,0.838078,-0.541748],[0.446818,0.461238,0.766559]],[[0.892311,-0.291349,-0.344813],[-0.411233,-0.209577,-0.88711],[0.186194,0.933377,-0.306821]],[[0.892311,-0.291349,-0.344813],[-0.443464,-0.708533,-0.548927],[-0.0843822,0.642726,-0.761435]]],"btipPosition":[-29.8892,256.586,-19.7118],"carpPosition":[-1.28799,273.912,47.5091],"dipPosition":[-31.4436,268.425,-33.7379],"direction":[-0.186194,-0.933377,0.306821],"extended":false,"handId":469,"id":4692,"length":65.6822,"mcpPosition":[-5.14236,316.235,-6.07214],"pipPosition":[-26.2536,294.443,-42.2904],"stabilizedTipPosition":[-37.1338,255.734,-6.9282],"timeVisible":0.289116,"tipPosition":[-30.4454,259.845,-23.9716],"tipVelocity":[43.5678,-25.4959,-84.7668],"tool":false,"touchDistance":0.333333,"touchZone":"none","type":2,"width":18.6218},{"bases":[[[0.857893,-0.457006,-0.234871],[0.506406,0.674586,0.53711],[-0.0870219,-0.579723,0.810153]],[[0.860953,-0.430301,-0.271297],[0.205358,0.781949,-0.588544],[0.465391,0.450995,0.761587]],[[0.860953,-0.430301,-0.271297],[-0.387166,-0.208376,-0.898155],[0.329945,0.878306,-0.345999]],[[0.860953,-0.430301,-0.271297],[-0.506295,-0.67322,-0.538925],[0.0492569,0.601345,-0.79747]]],"btipPosition":[-15.1162,252.237,-15.5103],"carpPosition":[9.78463,271.257,43.5888],"dipPosition":[-14.2141,263.251,-30.1157],"direction":[-0.329945,-0.878306,0.345999],"extended":false,"handId":469,"id":4693,"length":63.1552,"mcpPosition":[15.128,306.853,-6.1563],"pipPosition":[-5.2546,287.101,-39.5112],"stabilizedTipPosition":[-21.6762,248.864,-2.35416],"timeVisible":0.289116,"tipPosition":[-14.8995,254.81,-18.9279],"tipVelocity":[44.2585,-21.0236,-64.7335],"tool":false,"touchDistance":0.333333,"touchZone":"none","type":3,"width":17.7198},{"bases":[[[0.746511,-0.626168,-0.225022],[0.623983,0.541407,0.563491],[-0.231012,-0.561063,0.794885]],[[0.754634,-0.60473,-0.254616],[0.363213,0.708169,-0.605453],[0.546447,0.364416,0.754054]],[[0.754634,-0.60473,-0.254616],[-0.425464,-0.155571,-0.891503],[0.499508,0.781089,-0.37469]],[[0.754634,-0.60473,-0.254616],[-0.632922,-0.568555,-0.525505],[0.173025,0.557716,-0.811797]]],"btipPosition":[0.263974,257.016,-12.7046],"carpPosition":[18.5736,262.155,37.712],"dipPosition":[3.18744,266.439,-26.4208],"direction":[-0.499508,-0.781089,0.37469],"extended":false,"handId":469,"id":4694,"length":49.5125,"mcpPosition":[31.7042,294.045,-7.46869],"pipPosition":[12.7641,281.414,-33.6045],"stabilizedTipPosition":[-4.4773,254.074,-2.63405],"timeVisible":0.289116,"tipPosition":[0.984891,259.179,-15.7905],"tipVelocity":[39.2927,-6.04018,-67.8358],"tool":false,"touchDistance":0.333333,"touchZone":"none","type":4,"width":15.7401}],"r":[[0.984674,0.120292,0.126284],[-0.136481,0.982271,0.128517],[-0.108585,-0.143783,0.983634]],"s":1.04799,"t":[11.0606,45.5916,-58.4841],"timestamp":93395537474},false],[5,{"currentFrameRate":54.746,"devices":[],"gestures":[],"hands":[{"armBasis":[[0.939622,-0.184142,-0.288449],[0.272463,0.912548,0.304991],[0.207062,-0.365168,0.907622]],"armWidth":62.4607,"confidence":0.324454,"direction":[0.0169606,0.716243,-0.697645],"elbow":[58.1632,162.184,285.708],"grabStrength":0,"id":469,"palmNormal":[-0.295886,-0.662898,-0.687763],"palmPosition":[-4.13018,295.566,7.15166],"palmVelocity":[1.84338,13.2014,-54.4988],"palmWidth":89.1918,"pinchStrength":0.316133,"r":[[0.982444,0.129512,0.13428],[-0.146155,0.981642,0.122543],[-0.115945,-0.140017,0.983337]],"s":1.05461,"sphereCenter":[-21.6021,282.681,-33.9857],"sphereRadius":46.3718,"stabilizedPalmPosition":[-7.04984,286.327,26.6054],"t":[11.0829,45.8415,-59.4306],"timeVisible":0.307189,"type":"right","wrist":[3.36141,258.83,45.4929]}],"id":1679499,"interactionBox":{"center":[0,200,0],"size":[235.247,235.247,147.751]},"pointables":[{"bases":[[[0.652276,0.644918,0.398266],[-0.642932,0.192449,0.741352],[0.401465,-0.739624,0.540168]],[[0.556674,0.782225,0.279711],[-0.726698,0.29538,0.62021],[0.402522,-0.54852,0.732872]],[[0.556674,0.782225,0.279711],[-0.795916,0.405748,0.449318],[0.237976,-0.47275,0.848454]],[[0.556674,0.782225,0.279711],[-0.827172,0.55306,0.0995562],[-0.0768219,-0.28679,0.954908]]],"btipPosition":[-52.4041,304.724,-39.9637],"carpPosition":[-26.5171,255.505,46.16],"dipPosition":[-54.1665,298.144,-18.0571],"direction":[-0.237976,0.47275,-0.848454],"extended":false,"handId":469,"id":4690,"length":51.0864,"mcpPosition":[-26.5171,255.505,46.16],"pipPosition":[-46.2129,282.344,10.2997],"stabilizedTipPosition":[-58.9513,298.244,-11.4723],"timeVisible":0.307189,"tipPosition":[-52.7003,302.971,-35.3955],"tipVelocity":[9.21527,8.00872,-41.9928],"tool":false,"touchDistance":0.239997,"touchZone":"hovering","type":0,"width":19.8498},{"bases":[[[0.944362,-0.0947335,-0.31497],[0.271305,0.765735,0.583132],[0.185941,-0.636141,0.748833]],[[0.946017,-0.100525,-0.308134],[0.265398,0.785979,0.558392],[0.186054,-0.610027,0.770228]],[[0.946017,-0.100525,-0.308134],[0.218354,0.900239,0.376685],[0.239528,-0.423633,0.873591]],[[0.946017,-0.100525,-0.308134],[0.173519,0.960052,0.219524],[0.273757,-0.26114,0.925669]]],"btipPosition":[-44.6218,359.975,-72.2021],"carpPosition":[-13.1172,273.999,50.4381],"dipPosition":[-40.0369,355.602,-56.6991],"direction":[-0.239528,0.423633,-0.873591],"extended":true,"handId":469,"id":4691,"length":57.6453,"mcpPosition":[-26.5265,319.874,-3.56449],"pipPosition":[-34.3619,345.565,-36.0014],"stabilizedTipPosition":[-44.1748,356.694,-60.4583],"timeVisible":0.307189,"tipPosition":[-43.106,356.803,-69.4164],"tipVelocity":[-4.05361,30.8773,-61.5461],"tool":false,"touchDistance":0.0824879,"touchZone":"hovering","type":1,"width":18.9605},{"bases":[[[0.900621,-0.308949,-0.305668],[0.431071,0.724543,0.537787],[0.0553209,-0.616106,0.785718]],[[0.897754,-0.284518,-0.336286],[0.0614207,0.836817,-0.544027],[0.436195,0.467747,0.768731]],[[0.897754,-0.284518,-0.336286],[-0.401772,-0.21588,-0.88993],[0.180604,0.934048,-0.308118]],[[0.897754,-0.284518,-0.336286],[-0.432512,-0.714056,-0.550507],[-0.0834977,0.639667,-0.764103]]],"btipPosition":[-29.3848,256.729,-20.1736],"carpPosition":[-1.49609,274.513,47.2179],"dipPosition":[-30.9229,268.512,-34.2489],"direction":[-0.180604,-0.934048,0.308118],"extended":false,"handId":469,"id":4692,"length":65.6822,"mcpPosition":[-5.27943,316.648,-6.51665],"pipPosition":[-25.8887,294.548,-42.8375],"stabilizedTipPosition":[-36.8844,255.859,-7.4842],"timeVisible":0.307189,"tipPosition":[-29.9274,259.964,-24.4327],"tipVelocity":[36.2263,-9.97685,-56.9288],"tool":false,"touchDistance":0.333333,"touchZone":"none","type":2,"width":18.6218},{"bases":[[[0.863869,-0.449981,-0.226377],[0.495859,0.68061,0.539347],[-0.0886219,-0.578176,0.811085]],[[0.866976,-0.423579,-0.262551],[0.199509,0.77779,-0.596019],[0.45667,0.464353,0.758834]],[[0.866976,-0.423579,-0.262551],[-0.380551,-0.222551,-0.897581],[0.321766,0.878096,-0.354139]],[[0.866976,-0.423579,-0.262551],[-0.496051,-0.682961,-0.536188],[0.0478057,0.595101,-0.802228]]],"btipPosition":[-14.5398,252.366,-15.3297],"carpPosition":[9.63218,271.945,43.3978],"dipPosition":[-13.6642,263.265,-30.0223],"direction":[-0.321766,-0.878096,0.354139],"extended":false,"handId":469,"id":4693,"length":63.1552,"mcpPosition":[15.0737,307.447,-6.40443],"pipPosition":[-4.92686,287.109,-39.6388],"stabilizedTipPosition":[-21.1515,249.293,-3.5235],"timeVisible":0.307189,"tipPosition":[-14.3458,254.983,-18.9439],"tipVelocity":[38.2231,-8.33897,-29.7547],"tool":false,"touchDistance":0.333333,"touchZone":"none","type":3,"width":17.7198},{"bases":[[[0.753922,-0.620104,-0.216964],[0.614395,0.548563,0.567096],[-0.23264,-0.560847,0.794562]],[[0.761989,-0.598997,-0.246122],[0.36189,0.709043,-0.605221],[0.537036,0.372103,0.757054]],[[0.761989,-0.598997,-0.246122],[-0.416497,-0.162272,-0.894538],[0.495887,0.784137,-0.37313]],[[0.761989,-0.598997,-0.246122],[-0.623371,-0.575485,-0.529363],[0.175447,0.556794,-0.811911]]],"btipPosition":[0.688405,257.445,-12.9091],"carpPosition":[18.5509,262.906,37.6211],"dipPosition":[3.65279,266.853,-26.6273],"direction":[-0.495887,-0.784137,0.37313],"extended":false,"handId":469,"id":4694,"length":49.5125,"mcpPosition":[31.7739,294.784,-7.54122],"pipPosition":[13.1601,281.887,-33.781],"stabilizedTipPosition":[-4.18899,254.347,-3.29624],"timeVisible":0.307189,"tipPosition":[1.42453,259.612,-16.0055],"tipVelocity":[32.0289,8.02881,-40.9929],"tool":false,"touchDistance":0.333333,"touchZone":"none","type":4,"width":15.7401}],"r":[[0.982444,0.129512,0.13428],[-0.146155,0.981642,0.122543],[-0.115945,-0.140017,0.983337]],"s":1.05461,"t":[11.0829,45.8415,-59.4306],"timestamp":93395555547},false],[6,{"currentFrameRate":54.6483,"devices":[],"gestures":[],"hands":[{"armBasis":[[0.941106,-0.178328,-0.28726],[0.26609,0.914808,0.303847],[0.208603,-0.362389,0.908383]],"armWidth":62.4607,"confidence":0.345095,"direction":[0.0189222,0.718597,-0.695169],"elbow":[58.2639,163.708,285.65],"grabStrength":0,"id":469,"palmNormal":[-0.288597,-0.661773,-0.691931],"palmPosition":[-4.31901,296.451,6.96258],"palmVelocity":[-3.97142,29.8698,-32.9581],"palmWidth":89.1918,"pinchStrength":0.304099,"r":[[0.980252,0.137577,0.142053],[-0.154783,0.980859,0.118139],[-0.123081,-0.137794,0.982784]],"s":1.06178,"sphereCenter":[-22.7245,284.457,-33.7623],"sphereRadius":46.4336,"stabilizedPalmPosition":[-7.02386,286.423,26.4185],"t":[10.9997,46.4094,-59.9984],"timeVisible":0.325829,"type":"right","wrist":[3.05425,259.62,45.2338]}],"id":1679500,"interactionBox":{"center":[0,200,0],"size":[235.247,235.247,147.751]},"pointables":[{"bases":[[[0.647022,0.64613,0.404819],[-0.64872,0.187509,0.737566],[0.400656,-0.739835,0.54048]],[[0.554598,0.780151,0.289457],[-0.725145,0.282498,0.62798],[0.408148,-0.558175,0.722396]],[[0.554598,0.780151,0.289457],[-0.798825,0.401746,0.447749],[0.233024,-0.479546,0.846011]],[[0.554598,0.780151,0.289457],[-0.826837,0.555792,0.0862306],[-0.0936052,-0.287157,0.953299]]],"btipPosition":[-52.4267,306.103,-39.8066],"carpPosition":[-26.8149,256.175,45.6859],"dipPosition":[-54.5741,299.515,-17.9369],"direction":[-0.233024,0.479546,-0.846011],"extended":false,"handId":469,"id":4690,"length":51.0864,"mcpPosition":[-26.8149,256.175,45.6859],"pipPosition":[-46.786,283.488,10.3383],"stabilizedTipPosition":[-58.8,298.403,-12.057],"timeVisible":0.325829,"tipPosition":[-52.7255,304.222,-35.3752],"tipVelocity":[1.84461,39.9961,-17.7269],"tool":false,"touchDistance":0.242474,"touchZone":"hovering","type":0,"width":19.8498},{"bases":[[[0.946851,-0.0900288,-0.308817],[0.264329,0.764858,0.587471],[0.183312,-0.637877,0.748004]],[[0.947417,-0.0920153,-0.306485],[0.260432,0.778249,0.571405],[0.185944,-0.621178,0.76129]],[[0.947417,-0.0920153,-0.306485],[0.215798,0.890927,0.399601],[0.236287,-0.444727,0.863936]],[[0.947417,-0.0920153,-0.306485],[0.173441,0.952541,0.250169],[0.26892,-0.290172,0.918413]]],"btipPosition":[-44.6693,362.265,-71.7379],"carpPosition":[-13.5168,274.707,50.1159],"dipPosition":[-40.1654,357.405,-56.3564],"direction":[-0.236287,0.444727,-0.863936],"extended":true,"handId":469,"id":4691,"length":57.6453,"mcpPosition":[-26.7364,320.708,-3.82689],"pipPosition":[-34.5672,346.868,-35.8874],"stabilizedTipPosition":[-44.1225,357.123,-61.2052],"timeVisible":0.325829,"tipPosition":[-43.1915,358.947,-69.0572],"tipVelocity":[-3.80752,72.6187,-20.289],"tool":false,"touchDistance":0.0897598,"touchZone":"hovering","type":1,"width":18.9605},{"bases":[[[0.903884,-0.304442,-0.300514],[0.424561,0.724436,0.543084],[0.0523653,-0.618472,0.78406]],[[0.901189,-0.280344,-0.330553],[0.0615262,0.837673,-0.542695],[0.429037,0.468734,0.77215]],[[0.901189,-0.280344,-0.330553],[-0.394727,-0.215849,-0.893084],[0.179021,0.935316,-0.30518]],[[0.901189,-0.280344,-0.330553],[-0.425879,-0.714451,-0.555146],[-0.0805326,0.641067,-0.763248]]],"btipPosition":[-29.235,257.547,-20.5605],"carpPosition":[-1.87608,275.277,46.9769],"dipPosition":[-30.7185,269.356,-34.62],"direction":[-0.179021,-0.935316,0.30518],"extended":false,"handId":469,"id":4692,"length":65.6822,"mcpPosition":[-5.4573,317.574,-6.64431],"pipPosition":[-25.7283,295.427,-43.1267],"stabilizedTipPosition":[-36.6543,255.998,-7.99761],"timeVisible":0.325829,"tipPosition":[-29.7516,260.79,-24.8028],"tipVelocity":[22.8642,16.3452,-39.2671],"tool":false,"touchDistance":0.333333,"touchZone":"none","type":2,"width":18.6218},{"bases":[[[0.867144,-0.445876,-0.221937],[0.489507,0.680749,0.544944],[-0.0918942,-0.581184,0.808567]],[[0.870368,-0.419636,-0.257613],[0.194884,0.774027,-0.602413],[0.452194,0.474117,0.755469]],[[0.870368,-0.419636,-0.257613],[-0.377663,-0.233202,-0.896096],[0.315959,0.877224,-0.361452]],[[0.870368,-0.419636,-0.257613],[-0.490167,-0.688602,-0.534382],[0.0468536,0.591382,-0.805029]]],"btipPosition":[-14.312,253.035,-14.9511],"carpPosition":[9.28792,272.766,43.2246],"dipPosition":[-13.4538,263.866,-29.695],"direction":[-0.315959,-0.877224,0.361452],"extended":false,"handId":469,"id":4693,"length":63.1552,"mcpPosition":[14.9304,308.451,-6.42307],"pipPosition":[-4.87413,287.687,-39.5101],"stabilizedTipPosition":[-20.2167,250.121,-5.4922],"timeVisible":0.325829,"tipPosition":[-14.1419,255.733,-18.8124],"tipVelocity":[25.4919,12.7336,-5.7483],"tool":false,"touchDistance":0.333333,"touchZone":"none","type":3,"width":17.7198},{"bases":[[[0.757799,-0.616455,-0.213832],[0.608366,0.549073,0.57307],[-0.235863,-0.56436,0.791117]],[[0.765755,-0.595863,-0.242006],[0.361776,0.710206,-0.603926],[0.531731,0.374907,0.759412]],[[0.765755,-0.595863,-0.242006],[-0.410881,-0.163777,-0.896858],[0.494769,0.786209,-0.370241]],[[0.765755,-0.595863,-0.242006],[-0.617738,-0.576763,-0.53455],[0.178938,0.558831,-0.809746]]],"btipPosition":[0.748069,258.347,-13.0286],"carpPosition":[18.281,263.78,37.4794],"dipPosition":[3.77143,267.79,-26.7102],"direction":[-0.494769,-0.786209,0.370241],"extended":false,"handId":469,"id":4694,"length":49.5125,"mcpPosition":[31.6873,295.857,-7.48708],"pipPosition":[13.2573,282.863,-33.8086],"stabilizedTipPosition":[-3.78302,254.792,-4.22452],"timeVisible":0.325829,"tipPosition":[1.5088,260.552,-16.1785],"tipVelocity":[18.3821,27.8444,-23.9799],"tool":false,"touchDistance":0.333333,"touchZone":"none","type":4,"width":15.7401}],"r":