{"sensorType":"Leap","data":[[0,{"currentFrameRate":55.4075,"devices":[],"gestures":[],"hands":[{"armBasis":[[0.981338,0.183702,-0.0568338],[-0.161,0.946543,0.279528],[0.105146,-0.265162,0.958454]],"armWidth":62.4607,"confidence":0.735187,"direction":[-0.0175255,0.769002,-0.639006],"elbow":[65.7018,150.104,299.43],"grabStrength":0,"id":469,"palmNormal":[0.181491,-0.626041,-0.758376],"palmPosition":[30.3676,257.371,7.76516],"palmVelocity":[-24.8079,179.265,35.503],"palmWidth":89.1918,"pinchStrength":0.304198,"r":[[0.752228,0.48131,0.449993],[-0.539447,0.842019,0.00114389],[-0.378352,-0.243608,0.893031]],"s":1.06246,"sphereCenter":[28.6965,243.343,-36.4744],"sphereRadius":46.1936,"stabilizedPalmPosition":[30.5223,256.302,7.57909],"t":[46.0514,4.67564,-60.382],"timeVisible":7.05889,"type":"right","wrist":[37.8736,220.283,45.7619]}],"id":1680054,"interactionBox":{"center":[0,200,0],"size":[235.247,235.247,147.751]},"pointables":[{"bases":[[[0.229901,0.762021,0.605367],[-0.865628,-0.124172,0.485045],[0.444784,-0.635536,0.63108]],[[0.159539,0.849858,0.502283],[-0.847665,-0.142848,0.51094],[0.505976,-0.507282,0.697605]],[[0.159539,0.849858,0.502283],[-0.969951,0.22962,-0.0804307],[-0.183689,-0.474358,0.860955]],[[0.159539,0.849858,0.502283],[-0.950972,0.268863,-0.152858],[-0.264953,-0.45327,0.851085]]],"btipPosition":[-0.162955,258.538,-46.1508],"carpPosition":[12.3775,207.463,36.2832],"dipPosition":[-6.24126,248.139,-26.626],"direction":[0.183689,0.474358,-0.860955],"extended":false,"handId":469,"id":4690,"length":51.0864,"mcpPosition":[12.3775,207.463,36.2832],"pipPosition":[-12.3805,232.285,2.14861],"stabilizedTipPosition":[-1.45495,255.228,-41.7694],"timeVisible":7.05889,"tipPosition":[-1.68994,256.001,-41.6093],"tipVelocity":[-25.5995,206.524,32.5486],"tool":false,"touchDistance":-0.112908,"touchZone":"touching","type":0,"width":19.8498},{"bases":[[[0.966336,0.256547,0.0194793],[-0.206535,0.72835,0.653338],[0.153424,-0.635367,0.756816]],[[0.961996,0.273062,-0.000303734],[-0.243416,0.858055,0.452206],[0.123741,-0.434946,0.891914]],[[0.961996,0.273062,-0.000303734],[-0.266013,0.937412,0.224715],[0.0616459,-0.216095,0.974424]],[[0.961996,0.273062,-0.000303734],[-0.272737,0.960906,0.0476969],[0.0133161,-0.0458014,0.998862]]],"btipPosition":[-1.4705,298.574,-86.8223],"carpPosition":[16.4885,228.551,45.133],"dipPosition":[-1.24749,297.807,-70.0934],"direction":[-0.0616459,0.216095,-0.974424],"extended":true,"handId":469,"id":4691,"length":57.6453,"mcpPosition":[5.42421,274.37,-9.44523],"pipPosition":[0.213074,292.688,-47.0067],"stabilizedTipPosition":[-1.31196,297.211,-83.2312],"timeVisible":7.05889,"tipPosition":[-1.88905,299.338,-82.4911],"tipVelocity":[-25.6621,241.874,60.7086],"tool":false,"touchDistance":0.490955,"touchZone":"hovering","type":1,"width":18.9605},{"bases":[[[0.999135,0.0403977,0.00988331],[-0.0367727,0.74711,0.663682],[0.0194273,-0.663472,0.747949]],[[0.99897,0.0451579,0.00451566],[-0.0350587,0.831065,-0.55507],[-0.0288186,0.554339,0.831792]],[[0.99897,0.0451579,0.00451566],[0.0249545,-0.463463,-0.885765],[-0.0379064,0.884965,-0.464112]],[[0.99897,0.0451579,0.00451566],[0.0431196,-0.913406,-0.404759],[-0.0141534,0.404537,-0.914412]]],"btipPosition":[28.9437,220.259,-14.6523],"carpPosition":[27.5934,233.196,46.0188],"dipPosition":[28.683,227.711,-31.4963],"direction":[0.0379064,-0.884965,0.464112],"extended":false,"handId":469,"id":4692,"length":65.6822,"mcpPosition":[26.2648,278.57,-5.13283],"pipPosition":[27.6264,252.379,-44.4332],"stabilizedTipPosition":[29.1175,219.748,-18.685],"timeVisible":7.05889,"tipPosition":[28.8902,222.023,-18.3573],"tipVelocity":[-20.7586,193.779,14.0222],"tool":false,"touchDistance":0.333333,"touchZone":"none","type":2,"width":18.6218},{"bases":[[[0.991014,-0.114114,0.069783],[0.0353429,0.726556,0.686197],[-0.129006,-0.677565,0.724061]],[[0.991672,-0.110583,0.0660099],[0.12744,0.768713,-0.626769],[0.0185671,0.629962,0.776404]],[[0.991672,-0.110583,0.0660099],[-0.00548018,-0.548325,-0.836247],[0.128669,0.828922,-0.544365]],[[0.991672,-0.110583,0.0660099],[-0.0798396,-0.930058,-0.358634],[0.101052,0.350377,-0.931142]]],"btipPosition":[41.2815,219.961,-0.505564],"carpPosition":[39.5181,234.873,46.1215],"dipPosition":[43.1322,226.378,-17.5592],"direction":[-0.128669,-0.828922,0.544365],"extended":false,"handId":469,"id":4693,"length":63.1552,"mcpPosition":[47.4394,276.477,1.66269],"pipPosition":[46.6262,248.887,-32.3411],"stabilizedTipPosition":[42.0752,218.301,-4.80516],"timeVisible":7.05889,"tipPosition":[41.7304,221.701,-4.80561],"tipVelocity":[-21.0459,185.166,17.1296],"tool":false,"touchDistance":0.333333,"touchZone":"none","type":3,"width":17.7198},{"bases":[[[0.949868,-0.310237,0.0387707],[0.177514,0.637228,0.749953],[-0.257369,-0.705474,0.660354]],[[0.968701,-0.247503,-0.0189908],[0.19699,0.813035,-0.547876],[0.151042,0.526987,0.836344]],[[0.968701,-0.247503,-0.0189908],[-0.133994,-0.456965,-0.879334],[0.20896,0.854356,-0.475827]],[[0.968701,-0.247503,-0.0189908],[-0.232039,-0.875679,-0.423491],[0.0881856,0.414642,-0.905701]]],"btipPosition":[56.2388,228.476,1.43212],"carpPosition":[52.3415,230.029,43.5286],"dipPosition":[57.7288,235.482,-13.8707],"direction":[-0.20896,-0.854356,0.475827],"extended":false,"handId":469,"id":4694,"length":49.5125,"mcpPosition":[66.9701,270.127,5.99458],"pipPosition":[61.735,251.862,-22.9934],"stabilizedTipPosition":[56.9278,227.18,-2.43695],"timeVisible":7.05889,"tipPosition":[56.5829,230.175,-2.06686],"tipVelocity":[-21.9021,187.032,19.6908],"tool":false,"touchDistance":0.333333,"touchZone":"none","type":4,"width":15.7401}],"r":[[0.752228,0.48131,0.449993],[-0.539447,0.842019,0.00114389],[-0.378352,-0.243608,0.893031]],"s":1.06246,"t":[46.0514,4.67564,-60.382],"timestamp":93402307247},false],[1,{"currentFrameRate":55.3948,"devices":[],"gestures":[],"hands":[{"armBasis":[[0.980749,0.185025,-0.0624346],[-0.16148,0.948226,0.273479],[0.109803,-0.258132,0.959849]],"armWidth":62.4607,"confidence":0.761706,"direction":[-0.022558,0.774791,-0.631815],"elbow":[66.7128,155.12,299.769],"grabStrength":0,"id":469,"palmNormal":[0.180329,-0.618457,-0.764848],"palmPosition":[29.8739,260.851,8.10937],"palmVelocity":[-25.9838,185.463,27.6648],"palmWidth":89.1918,"pinchStrength":0.303334,"r":[[0.752348,0.478423,0.452863],[-0.540799,0.841094,0.00987004],[-0.376178,-0.252333,0.891526]],"s":1.06321,"sphereCenter":[28.0615,247.239,-36.242],"sphereRadius":46.2006,"stabilizedPalmPosition":[29.968,260.191,8.03243],"t":[45.5804,8.02623,-59.9007],"timeVisible":7.07698,"type":"right","wrist":[37.652,223.438,45.7317]}],"id":1680055,"interactionBox":{"center":[0,200,0],"size":[235.247,235.247,147.751]},"pointables":[{"bases":[[[0.230003,0.757141,0.611421],[-0.863234,-0.13137,0.48741],[0.449361,-0.639905,0.623375]],[[0.15849,0.846189,0.508768],[-0.844811,-0.150488,0.513466],[0.511053,-0.511192,0.691019]],[[0.15849,0.846189,0.508768],[-0.971098,0.226729,-0.0745847],[-0.178465,-0.482242,0.857667]],[[0.15849,0.846189,0.508768],[-0.952776,0.266256,-0.146034],[-0.259035,-0.461597,0.848428]]],"btipPosition":[-0.941766,262.346,-45.7015],"carpPosition":[12.1574,210.626,36.2394],"dipPosition":[-6.8843,251.757,-26.2377],"direction":[0.178465,0.482242,-0.857667],"extended":false,"handId":469,"id":4690,"length":51.0864,"mcpPosition":[12.1574,210.626,36.2394],"pipPosition":[-12.8489,235.639,2.42709],"stabilizedTipPosition":[-2.20955,259.368,-41.288],"timeVisible":7.07698,"tipPosition":[-2.40988,259.796,-41.1655],"tipVelocity":[-33.0719,207.245,28.5095],"tool":false,"touchDistance":-0.124828,"touchZone":"touching","type":0,"width":19.8498},{"bases":[[[0.9656,0.259415,0.017898],[-0.206125,0.721648,0.66086],[0.158521,-0.641816,0.750295]],[[0.961207,0.275825,-0.00139128],[-0.244126,0.85307,0.461165],[0.128387,-0.442935,0.887313]],[[0.961207,0.275825,-0.00139128],[-0.267742,0.934229,0.235649],[0.0662976,-0.226135,0.971837]],[[0.961207,0.275825,-0.00139128],[-0.275252,0.959513,0.0597663],[0.01782,-0.0570649,0.998211]]],"btipPosition":[-2.4691,302.896,-85.9528],"carpPosition":[16.2388,231.644,45.2664],"dipPosition":[-2.17065,301.94,-69.2348],"direction":[-0.0662976,0.226135,-0.971837],"extended":true,"handId":469,"id":4691,"length":57.6453,"mcpPosition":[4.80694,277.929,-8.84165],"pipPosition":[-0.599884,296.582,-46.2094],"stabilizedTipPosition":[-2.24879,301.915,-82.2642],"timeVisible":7.07698,"tipPosition":[-2.85748,303.547,-81.6369],"tipVelocity":[-39.2456,239.275,54.6225],"tool":false,"touchDistance":0.488198,"touchZone":"hovering","type":1,"width":18.9605},{"bases":[[[0.999036,0.0434682,0.00617658],[-0.0363811,0.74085,0.670684],[0.0245775,-0.670262,0.741717]],[[0.99884,0.0481476,0.00099703],[-0.0397303,0.835566,-0.547951],[-0.0272156,0.547276,0.83651]],[[0.99884,0.0481476,0.00099703],[0.0228322,-0.45523,-0.890081],[-0.0424014,0.889071,-0.455801]],[[0.99884,0.0481476,0.00099703],[0.0442411,-0.909226,-0.413944],[-0.0190239,0.413508,-0.910302]]],"btipPosition":[28.47,223.898,-14.6256],"carpPosition":[27.3327,236.316,46.1496],"dipPosition":[28.1196,231.515,-31.3939],"direction":[0.0424014,-0.889071,0.455801],"extended":false,"handId":469,"id":4692,"length":65.6822,"mcpPosition":[25.6518,282.155,-4.57584],"pipPosition":[26.9377,256.297,-44.0991],"stabilizedTipPosition":[28.6005,223.939,-18.541],"timeVisible":7.07698,"tipPosition":[28.3974,225.713,-18.3253],"tipVelocity":[-23.8772,198.246,8.5128],"tool":false,"touchDistance":0.333333,"touchZone":"none","type":2,"width":18.6218},{"bases":[[[0.991644,-0.111613,0.0646823],[0.0358905,0.720319,0.692714],[-0.123908,-0.684605,0.718306]],[[0.992289,-0.10797,0.0608608],[0.122332,0.774315,-0.620864],[0.0199094,0.623522,0.781553]],[[0.992289,-0.10797,0.0608608],[-0.00732725,-0.541287,-0.840806],[0.123725,0.833877,-0.537905]],[[0.992289,-0.10797,0.0608608],[-0.0784041,-0.927128,-0.366452],[0.0959916,0.358855,-0.928444]]],"btipPosition":[40.8709,223.542,-0.504967],"carpPosition":[39.2524,238.03,46.219],"dipPosition":[42.629,230.114,-17.5092],"direction":[-0.123725,-0.833877,0.537905],"extended":false,"handId":469,"id":4693,"length":63.1552,"mcpPosition":[46.8606,280.066,2.11361],"pipPosition":[45.9887,252.758,-32.1157],"stabilizedTipPosition":[41.5639,222.617,-4.55638],"timeVisible":7.07698,"tipPosition":[41.2956,225.318,-4.79626],"tipVelocity":[-22.3883,192.166,9.2976],"tool":false,"touchDistance":0.333333,"touchZone":"none","type":3,"width":17.7198},{"bases":[[[0.950986,-0.307571,0.0320321],[0.178602,0.630858,0.755063],[-0.252444,-0.712333,0.654869]],[[0.969404,-0.244164,-0.0253014],[0.19206,0.818621,-0.541269],[0.152871,0.519849,0.840469]],[[0.969404,-0.244164,-0.0253014],[-0.136179,-0.449169,-0.883007],[0.204234,0.859436,-0.468676]],[[0.969404,-0.244164,-0.0253014],[-0.230969,-0.87237,-0.430841],[0.0831238,0.423503,-0.902073]]],"btipPosition":[55.8101,232.088,1.4032],"carpPosition":[52.0801,233.25,43.5293],"dipPosition":[57.2146,239.243,-13.8384],"direction":[-0.204234,-0.859436,0.468676],"extended":false,"handId":469,"id":4694,"length":49.5125,"mcpPosition":[66.4288,273.739,6.30703],"pipPosition":[61.1302,255.72,-22.8239],"stabilizedTipPosition":[56.4118,231.436,-2.21966],"timeVisible":7.07698,"tipPosition":[56.1341,233.824,-2.08075],"tipVelocity":[-23.2674,193.908,9.93715],"tool":false,"touchDistance":0.333333,"touchZone":"none","type":4,"width":15.7401}],"r":[[0.752348,0.478423,0.452863],[-0.540799,0.841094,0.00987004],[-0.376178,-0.252333,0.891526]],"s":1.06321,"t":[45.5804,8.02623,-59.9007],"timestamp":93402325343},false],[2,{"currentFrameRate":55.3845,"devices":[],"gestures":[],"hands":[{"armBasis":[[0.982433,0.177495,-0.0576287],[-0.155122,0.948391,0.276571],[0.103745,-0.262773,0.959264]],"armWidth":62.4607,"confidence":0.777688,"direction":[-0.0215482,0.77537,-0.63114],"elbow":[64.6912,156.504,299.804],"grabStrength":0,"id":469,"palmNormal":[0.173149,-0.618853,-0.766186],"palmPosition":[29.4688,263.532,8.36551],"palmVelocity":[-24.2757,167.75,21.2428],"palmWidth":89.1918,"pinchStrength":0.301256,"r":[[0.75342,0.475219,0.454451],[-0.540944,0.840876,0.0175097],[-0.373816,-0.259025,0.8906]],"s":1.0639,"sphereCenter":[27.3549,249.978,-35.977],"sphereRadius":46.2039,"stabilizedPalmPosition":[29.5186,263.199,8.3323],"t":[45.1424,11.0421,-59.532],"timeVisible":7.09508,"type":"right","wrist":[37.2337,226.05,45.9215]}],"id":1680056,"interactionBox":{"center":[0,200,0],"size":[235.247,235.247,147.751]},"pointables":[{"bases":[[[0.237151,0.755436,0.610799],[-0.861473,-0.127076,0.491645],[0.449025,-0.642781,0.620652]],[[0.165127,0.845461,0.507866],[-0.842799,-0.146499,0.517907],[0.512273,-0.51355,0.688363]],[[0.165127,0.845461,0.507866],[-0.970307,0.231539,-0.0699655],[-0.176744,-0.481233,0.85859]],[[0.165127,0.845461,0.507866],[-0.952516,0.270274,-0.140233],[-0.255825,-0.460595,0.849945]]],"btipPosition":[-1.66702,265.161,-45.3283],"carpPosition":[11.623,213.383,36.5483],"dipPosition":[-7.53591,254.595,-25.8297],"direction":[0.176744,0.481233,-0.85859],"extended":false,"handId":469,"id":4690,"length":51.0864,"mcpPosition":[11.623,213.383,36.5483],"pipPosition":[-13.443,238.511,2.86594],"stabilizedTipPosition":[-2.9522,262.462,-40.8792],"timeVisible":7.09508,"tipPosition":[-3.09406,262.649,-40.7725],"tipVelocity":[-35.9632,182.837,24.9728],"tool":false,"touchDistance":-0.132432,"touchZone":"touching","type":0,"width":19.8498},{"bases":[[[0.967063,0.254192,0.0132332],[-0.198909,0.722259,0.662403],[0.158819,-0.643218,0.749031]],[[0.962716,0.270452,-0.0058016],[-0.237103,0.853944,0.463208],[0.13023,-0.444562,0.886231]],[[0.962716,0.270452,-0.0058016],[-0.261292,0.935234,0.238879],[0.070031,-0.228457,0.971032]],[[0.962716,0.270452,-0.0058016],[-0.269548,0.96087,0.0638191],[0.0228346,-0.0598759,0.997945]]],"btipPosition":[-3.11646,305.895,-85.4892],"carpPosition":[15.863,234.372,45.5697],"dipPosition":[-2.73402,304.892,-68.7757],"direction":[-0.070031,0.228457,-0.971032],"extended":true,"handId":469,"id":4691,"length":57.6453,"mcpPosition":[4.4096,280.758,-8.44718],"pipPosition":[-1.0748,299.48,-45.7693],"stabilizedTipPosition":[-2.93803,305.229,-81.7169],"timeVisible":7.09508,"tipPosition":[-3.46255,306.478,-81.194],"tipVelocity":[-37.0916,204.05,40.8087],"tool":false,"touchDistance":0.47965,"touchZone":"hovering","type":1,"width":18.9605},{"bases":[[[0.999274,0.0380765,0.00118958],[-0.0290168,0.740538,0.671388],[0.0246832,-0.670935,0.741105]],[[0.999087,0.0425516,-0.00375442],[-0.037625,0.834976,-0.548999],[-0.0202259,0.548639,0.835814]],[[0.999087,0.0425516,-0.00375442],[0.0160676,-0.45578,-0.889948],[-0.0395798,0.889075,-0.456048]],[[0.999087,0.0425516,-0.00375442],[0.0371612,-0.909128,-0.414857],[-0.021066,0.414338,-0.909879]]],"btipPosition":[27.7451,226.531,-14.3009],"carpPosition":[26.9862,238.983,46.4005],"dipPosition":[27.357,234.164,-31.0614],"direction":[0.0395798,-0.889075,0.456048],"extended":false,"handId":469,"id":4692,"length":65.6822,"mcpPosition":[25.2981,284.868,-4.2831],"pipPosition":[26.2538,258.946,-43.7735],"stabilizedTipPosition":[27.9054,227.138,-18.2576],"timeVisible":7.09508,"tipPosition":[27.6662,228.375,-18.0395],"tipVelocity":[-31.8056,173.286,13.0454],"tool":false,"touchDistance":0.333333,"touchZone":"none","type":2,"width":18.6218},{"bases":[[[0.99134,-0.117006,0.0596208],[0.0432526,0.7196,0.69304],[-0.123993,-0.684459,0.718429]],[[0.992004,-0.113258,0.0556872],[0.123269,0.774838,-0.620025],[0.027074,0.621932,0.782603]],[[0.992004,-0.113258,0.0556872],[-0.0143521,-0.539607,-0.841795],[0.125389,0.834264,-0.536918]],[[0.992004,-0.113258,0.0556872],[-0.0851111,-0.926142,-0.367446],[0.0931903,0.359768,-0.928376]]],"btipPosition":[40.2313,226.178,-0.3944],"carpPosition":[38.9152,240.633,46.4113],"dipPosition":[41.938,232.767,-17.3974],"direction":[-0.125389,-0.834264,0.536918],"extended":false,"handId":469,"id":4693,"length":63.1552,"mcpPosition":[46.5287,282.66,2.29824],"pipPosition":[45.3429,255.421,-31.9771],"stabilizedTipPosition":[40.9304,226.038,-4.38702],"timeVisible":7.09508,"tipPosition":[40.6391,227.945,-4.64761],"tipVelocity":[-28.8642,170.183,7.79034],"tool":false,"touchDistance":0.333333,"touchZone":"none","type":3,"width":17.7198},{"bases":[[[0.949461,-0.312718,0.0270352],[0.18579,0.629325,0.754607],[-0.252993,-0.711447,0.65562]],[[0.967968,-0.249219,-0.0304782],[0.193492,0.817807,-0.54199],[0.159999,0.518731,0.839832]],[[0.967968,-0.249219,-0.0304782],[-0.143092,-0.447833,-0.882593],[0.20631,0.858682,-0.469149]],[[0.967968,-0.249219,-0.0304782],[-0.237735,-0.870717,-0.430503],[0.0807515,0.423959,-0.902074]]],"btipPosition":[55.2178,234.618,1.5161],"carpPosition":[51.7033,235.786,43.6537],"dipPosition":[56.5822,241.782,-13.7255],"direction":[-0.20631,-0.858683,0.469149],"extended":false,"handId":469,"id":4694,"length":49.5125,"mcpPosition":[66.0832,276.224,6.38879],"pipPosition":[60.5376,258.245,-22.7201],"stabilizedTipPosition":[55.8133,234.72,-2.06314],"timeVisible":7.09508,"tipPosition":[55.5324,236.36,-1.97127],"tipVelocity":[-28.0154,168.271,8.17951],"tool":false,"touchDistance":0.333333,"touchZone":"none","type":4,"width":15.7401}],"r":[[0.75342,0.475219,0.454451],[-0.540944,0.840876,0.0175097],[-0.373816,-0.259025,0.8906]],"s":1.0639,"t":[45.1424,11.0421,-59.532],"timestamp":93402343434},false],[3,{"currentFrameRate":55.3921,"devices":[],"gestures":[],"hands":[{"armBasis":[[0.982865,0.174028,-0.060754],[-0.150264,0.947355,0.282735],[0.10676,-0.268761,0.957272]],"armWidth":62.4607,"confidence":0.779267,"direction":[-0.0211183,0.775236,-0.631319],"elbow":[65.0097,156.723,299.547],"grabStrength":0,"id":469,"palmNormal":[0.166997,-0.619853,-0.766743],"palmPosition":[28.9781,265.357,8.65728],"palmVelocity":[-25.6729,136.186,18.8441],"palmWidth":89.1918,"pinchStrength":0.296694,"r":[[0.7551,0.472036,0.454978],[-0.540306,0.841125,0.0240532],[-0.37134,-0.26399,0.890178]],"s":1.0646,"sphereCenter":[26.5871,251.814,-35.6684],"sphereRadius":46.2117,"stabilizedPalmPosition":[29.0158,265.206,8.63463],"t":[44.678,13.4622,-59.2017],"timeVisible":7.1131,"type":"right","wrist":[36.7543,227.855,46.1912]}],"id":1680057,"interactionBox":{"center":[0,200,0],"size":[235.247,235.247,147.751]},"pointables":[{"bases":[[[0.243168,0.754627,0.609432],[-0.859752,-0.12322,0.495624],[0.449105,-0.644481,0.618829]],[[0.170838,0.845163,0.506471],[-0.840609,-0.143129,0.52239],[0.513995,-0.514988,0.686]],[[0.170838,0.845163,0.506471],[-0.969765,0.235146,-0.0652821],[-0.174269,-0.480006,0.859782]],[[0.170838,0.845163,0.506471],[-0.952547,0.2731,-0.134425],[-0.251929,-0.459473,0.851714]]],"btipPosition":[-2.49934,267.076,-44.9017],"carpPosition":[11.0471,215.294,36.9397],"dipPosition":[-8.27885,256.535,-25.3625],"direction":[0.174269,0.480006,-0.859782],"extended":false,"handId":469,"id":4690,"length":51.0864,"mcpPosition":[11.0471,215.294,36.9397],"pipPosition":[-14.1032,240.493,3.37296],"stabilizedTipPosition":[-3.77792,264.525,-40.435],"timeVisible":7.1131,"tipPosition":[-3.86652,264.582,-40.3375],"tipVelocity":[-40.2637,146.646,24.5977],"tool":false,"touchDistance":-0.133086,"touchZone":"touching","type":0,"width":19.8498},{"bases":[[[0.968192,0.250057,0.00871996],[-0.192789,0.723332,0.663041],[0.159491,-0.643632,0.748533]],[[0.963898,0.266085,-0.0100136],[-0.231136,0.85478,0.46468],[0.132204,-0.445589,0.885422]],[[0.963898,0.266085,-0.0100136],[-0.255842,0.935905,0.242128],[0.0737984,-0.230825,0.970193]],[[0.963898,0.266085,-0.0100136],[-0.264816,0.961873,0.0683523],[0.0278194,-0.0632328,0.997611]]],"btipPosition":[-3.8658,307.976,-85.0295],"carpPosition":[15.4179,236.267,45.9339],"dipPosition":[-3.39988,306.917,-68.3216],"direction":[-0.0737984,0.230825,-0.970193],"extended":true,"handId":469,"id":4691,"length":57.6453,"mcpPosition":[3.91615,282.683,-8.04701],"pipPosition":[-1.65139,301.448,-45.3351],"stabilizedTipPosition":[-3.66526,307.448,-81.247],"timeVisible":7.1131,"tipPosition":[-4.16053,308.452,-80.7696],"tipVelocity":[-38.7093,161.685,33.5142],"tool":false,"touchDistance":0.471894,"touchZone":"hovering","type":1,"width":18.9605},{"bases":[[[0.999423,0.0338025,-0.0033916],[-0.0227805,0.740888,0.671242],[0.0252025,-0.670778,0.74123]],[[0.999245,0.0380042,-0.00803524],[-0.036117,0.832847,-0.552324],[-0.0142985,0.552197,0.833591]],[[0.999245,0.0380042,-0.00803524],[0.0102984,-0.458644,-0.888561],[-0.0374544,0.887807,-0.458689]],[[0.999245,0.0380042,-0.00803524],[0.0312742,-0.909798,-0.413871],[-0.0230393,0.413307,-0.9103]]],"btipPosition":[26.9849,228.255,-13.8113],"carpPosition":[26.5644,240.832,46.7122],"dipPosition":[26.5605,235.868,-30.5796],"direction":[0.0374544,-0.887807,0.458689],"extended":false,"handId":469,"id":4692,"length":65.6822,"mcpPosition":[24.8409,286.706,-3.97995],"pipPosition":[25.5164,260.615,-43.3653],"stabilizedTipPosition":[27.1585,229.242,-17.8251],"timeVisible":7.1131,"tipPosition":[26.8995,230.13,-17.6244],"tipVelocity":[-36.9414,136.337,19.6921],"tool":false,"touchDistance":0.333333,"touchZone":"none","type":2,"width":18.6218},{"bases":[[[0.991093,-0.121224,0.0551321],[0.049497,0.719649,0.692571],[-0.123632,-0.683674,0.719239]],[[0.991795,-0.117246,0.0509478],[0.123563,0.777031,-0.617216],[0.032778,0.618447,0.785143]],[[0.991795,-0.117246,0.0509478],[-0.0200055,-0.535977,-0.843996],[0.126262,0.836052,-0.533925]],[[0.991795,-0.117246,0.0509478],[-0.0903678,-0.924906,-0.369301],[0.0904208,0.361667,-0.927912]]],"btipPosition":[39.5715,227.997,-0.388533],"carpPosition":[38.5004,242.43,46.6679],"dipPosition":[41.2275,234.62,-17.383],"direction":[-0.126262,-0.836052,0.533925],"extended":false,"handId":469,"id":4693,"length":63.1552,"mcpPosition":[46.0916,284.409,2.50509],"pipPosition":[44.6561,257.323,-31.8815],"stabilizedTipPosition":[40.2608,228.422,-4.32557],"timeVisible":7.1131,"tipPosition":[39.9544,229.736,-4.5217],"tipVelocity":[-32.8409,137.519,4.30131],"tool":false,"touchDistance":0.333333,"touchZone":"none","type":3,"width":17.7198},{"bases":[[[0.948229,-0.316767,0.0228099],[0.191927,0.628786,0.75352],[-0.253033,-0.710131,0.65703]],[[0.966774,-0.253237,-0.0349272],[0.194278,0.816645,-0.543459],[0.166147,0.518616,0.838709]],[[0.966774,-0.253237,-0.0349272],[-0.149083,-0.447536,-0.881752],[0.207661,0.857661,-0.470419]],[[0.966774,-0.253237,-0.0349272],[-0.243334,-0.869755,-0.42932],[0.0783415,0.423554,-0.902477]]],"btipPosition":[54.5733,236.316,1.70598],"carpPosition":[51.2548,237.527,43.8537],"dipPosition":[55.897,243.472,-13.5424],"direction":[-0.207661,-0.857661,0.470419],"extended":false,"handId":469,"id":4694,"length":49.5125,"mcpPosition":[65.637,277.891,6.50859],"pipPosition":[59.8783,259.915,-22.5614],"stabilizedTipPosition":[55.1723,236.941,-1.88364],"timeVisible":7.1131,"tipPosition":[54.8785,238.06,-1.78549],"tipVelocity":[-31.9305,133.078,9.25455],"tool":false,"touchDistance":0.333333,"touchZone":"none","type":4,"width":15.7401}],"r":[[0.7551,0.472036,0.454978],[-0.540306,0.841125,0.0240532],[-0.37134,-0.26399,0.890178]],"s":1.0646,"t":[44.678,13.4622,-59.2017],"timestamp":93402361461},false],[4,{"currentFrameRate":55.386,"devices":[],"gestures":[],"hands":[{"armBasis":[[0.983727,0.167685,-0.0645159],[-0.142956,0.948025,0.284275],[0.108832,-0.270426,0.95657]],"armWidth":62.4607,"confidence":0.573347,"direction":[-0.0208277,0.775969,-0.630428],"elbow":[65.182,157.043,299.146],"grabStrength":0,"id":469,"palmNormal":[0.158409,-0.620038,-0.768414],"palmPosition":[28.5704,266.198,8.53064],"palmVelocity":[-24.1903,93.5789,6.5604],"palmWidth":89.1918,"pinchStrength":0.296032,"r":[[0.757578,0.468535,0.454478],[-0.538781,0.841906,0.0301579],[-0.368498,-0.267711,0.890247]],"s":1.06532,"sphereCenter":[25.7391,252.757,-35.7986],"sphereRadius":46.2328,"stabilizedPalmPosition":[28.5906,266.153,8.53535],"t":[44.242,15.0928,-59.0999],"timeVisible":7.13118,"type":"right","wrist":[36.3782,228.615,45.9769]}],"id":1680058,"interactionBox":{"center":[0,200,0],"size":[235.247,235.247,147.751]},"pointables":[{"bases":[[[0.251479,0.752621,0.608539],[-0.85717,-0.118795,0.501146],[0.449464,-0.647649,0.61525]],[[0.178877,0.843797,0.505974],[-0.83787,-0.138926,0.527896],[0.51573,-0.518369,0.682141]],[[0.178877,0.843797,0.505974],[-0.968857,0.240569,-0.058669],[-0.171226,-0.479722,0.860551]],[[0.178877,0.843797,0.505974],[-0.951983,0.278307,-0.127568],[-0.248458,-0.458859,0.853063]]],"btipPosition":[-3.27324,268.134,-44.8266],"carpPosition":[10.5394,216.21,36.8826],"dipPosition":[-8.97313,257.607,-25.2565],"direction":[0.171226,0.479722,-0.860551],"extended":false,"handId":469,"id":4690,"length":51.0864,"mcpPosition":[10.5394,216.21,36.8826],"pipPosition":[-14.6958,241.574,3.50468],"stabilizedTipPosition":[-4.55197,265.665,-40.3299],"timeVisible":7.13118,"tipPosition":[-4.61209,265.652,-40.2541],"tipVelocity":[-40.994,104.862,15.0694],"tool":false,"touchDistance":-0.133472,"touchZone":"touching","type":0,"width":19.8498},{"bases":[[[0.969643,0.244511,0.00259484],[-0.184289,0.723766,0.664982],[0.160718,-0.645273,0.746855]],[[0.96544,0.260157,-0.015598],[-0.222549,0.854066,0.470153],[0.135635,-0.450434,0.882447]],[[0.96544,0.260157,-0.015598],[-0.248029,0.93552,0.251564],[0.0800384,-0.239002,0.967715]],[[0.96544,0.260157,-0.015598],[-0.258132,0.962752,0.0804744],[0.035953,-0.0736669,0.996635]]],"btipPosition":[-4.71164,309.549,-84.7742],"carpPosition":[15.0891,237.149,45.8678],"dipPosition":[-4.1095,308.315,-68.0826],"direction":[-0.0800384,0.239002,-0.967715],"extended":true,"handId":469,"id":4691,"length":57.6453,"mcpPosition":[3.49887,283.684,-7.99206],"pipPosition":[-2.21317,302.653,-45.1548],"stabilizedTipPosition":[-4.46273,309.044,-80.9731],"timeVisible":7.13118,"tipPosition":[-4.90731,309.764,-80.5942],"tipVelocity":[-41.7273,125.147,24.2012],"tool":false,"touchDistance":0.461811,"touchZone":"hovering","type":1,"width":18.9605},{"bases":[[[0.999556,0.0280936,-0.00992769],[-0.0141329,0.740341,0.672083],[0.0262311,-0.671644,0.740409]],[[0.999377,0.03219,-0.0144438],[-0.0348145,0.833294,-0.551733],[-0.00572432,0.551892,0.833896]],[[0.999377,0.03219,-0.0144438],[0.0019008,-0.45791,-0.888996],[-0.0352307,0.888415,-0.457686]],[[0.999377,0.03219,-0.0144438],[0.0232921,-0.909433,-0.415199],[-0.0265009,0.414604,-0.909616]]],"btipPosition":[26.2132,229.105,-13.9451],"carpPosition":[26.2664,241.649,46.5772],"dipPosition":[25.725,236.743,-30.7008],"direction":[0.0352307,-0.888415,0.457686],"extended":false,"handId":469,"id":4692,"length":65.6822,"mcpPosition":[24.4725,287.582,-4.05878],"pipPosition":[24.743,261.507,-43.4585],"stabilizedTipPosition":[26.3968,230.409,-17.8063],"timeVisible":7.13118,"tipPosition":[26.1152,230.991,-17.7623],"tipVelocity":[-40.0589,94.0492,6.89359],"tool":false,"touchDistance":0.333333,"touchZone":"none","type":2,"width":18.6218},{"bases":[[[0.990724,-0.126941,0.0485018],[0.0581604,0.718668,0.692916],[-0.122816,-0.683668,0.719385]],[[0.991467,-0.122696,0.0440361],[0.123773,0.780028,-0.613381],[0.0409098,0.613598,0.788558]],[[0.991467,-0.122696,0.0440361],[-0.0276725,-0.528205,-0.848666],[0.127388,0.840206,-0.527093]],[[0.991467,-0.122696,0.0440361],[-0.0972792,-0.921251,-0.376608],[0.0867765,0.36911,-0.925326]]],"btipPosition":[38.9118,228.709,-0.99184],"carpPosition":[38.2108,243.179,46.456],"dipPosition":[40.5011,235.469,-17.9389],"direction":[-0.127388,-0.840206,0.527093],"extended":false,"handId":469,"id":4693,"length":63.1552,"mcpPosition":[45.7519,285.158,2.28427],"pipPosition":[43.9602,258.284,-32.2519],"stabilizedTipPosition":[39.6022,229.655,-4.70334],"timeVisible":7.13118,"tipPosition":[39.2707,230.483,-4.96182],"tipVelocity":[-34.9807,91.7173,-13.3163],"tool":false,"touchDistance":0.333333,"touchZone":"none","type":3,"width":17.7198},{"bases":[[[0.946531,-0.322203,0.0162757],[0.200466,0.626933,0.75284],[-0.252771,-0.709324,0.658002]],[[0.96508,-0.25863,-0.0416045],[0.195218,0.815987,-0.54411],[0.174672,0.516988,0.837982]],[[0.96508,-0.25863,-0.0416045],[-0.157488,-0.445927,-0.881105],[0.209328,0.856889,-0.471086]],[[0.96508,-0.25863,-0.0416045],[-0.251075,-0.86796,-0.428493],[0.07471,0.423976,-0.902587]]],"btipPosition":[53.9558,237.013,1.39026],"carpPosition":[50.9182,238.207,43.5533],"dipPosition":[55.2181,244.177,-13.86],"direction":[-0.209328,-0.856889,0.471086],"extended":false,"handId":469,"id":4694,"length":49.5125,"mcpPosition":[65.2855,278.524,6.15301],"pipPosition":[59.2313,260.605,-22.8918],"stabilizedTipPosition":[54.5494,238.097,-2.04077],"timeVisible":7.13118,"tipPosition":[54.2466,238.76,-2.10435],"tipVelocity":[-33.3625,88.2189,-3.45425],"tool":false,"touchDistance":0.333333,"touchZone":"none","type":4,"width":15.7401}],"r":[[0.757578,0.468535,0.454478],[-0.538781,0.841906,0.0301579],[-0.368498,-0.267711,0.890247]],"s":1.06532,"t":[44.242,15.0928,-59.0999],"timestamp":93402379537},false],[5,{"currentFrameRate":55.385,"devices":[],"gestures":[],"hands":[{"armBasis":[[0.982078,0.178929,-0.0592204],[-0.152129,0.938036,0.31136],[0.111262,-0.296771,0.948445]],"armWidth":62.4607,"confidence":0.609344,"direction":[-0.0246024,0.777983,-0.627803],"elbow":[64.8715,153.946,296.349],"grabStrength":0,"id":469,"palmNormal":[0.164776,-0.616248,-0.770122],"palmPosition":[27.4523,270.147,7.99302],"palmVelocity":[-42.1061,153,-10.6921],"palmWidth":89.1918,"pinchStrength":0.29669,"r":[[0.75866,0.466483,0.454784],[-0.538741,0.84173,0.0353338],[-0.366323,-0.271817,0.889901]],"s":1.06572,"sphereCenter":[24.8222,256.864,-36.4144],"sphereRadius":46.2351,"stabilizedPalmPosition":[27.4859,270.029,8.00906],"t":[43.4649,17.8829,-59.3178],"timeVisible":7.14924,"type":"right","wrist":[35.4245,232.49,45.3301]}],"id":1680059,"interactionBox":{"center":[0,200,0],"size":[235.247,235.247,147.751]},"pointables":[{"bases":[[[0.244593,0.75225,0.611796],[-0.857635,-0.126526,0.498451],[0.452368,-0.646616,0.614208]],[[0.171161,0.84377,0.508681],[-0.838269,-0.146573,0.525188],[0.517696,-0.516303,0.682218]],[[0.171161,0.84377,0.508681],[-0.970422,0.233594,-0.0609439],[-0.170248,-0.483204,0.858795]],[[0.171161,0.84377,0.508681],[-0.953687,0.271511,-0.129469],[-0.247355,-0.462963,0.851165]]],"btipPosition":[-4.26961,271.97,-45.4863],"carpPosition":[9.69728,219.937,36.1244],"dipPosition":[-9.94419,261.349,-25.9597],"direction":[0.170248,0.483204,-0.858795],"extended":false,"handId":469,"id":4690,"length":51.0864,"mcpPosition":[9.69728,219.937,36.1244],"pipPosition":[-15.6342,245.2,2.74278],"stabilizedTipPosition":[-5.54821,269.427,-40.9779],"timeVisible":7.14924,"tipPosition":[-5.59895,269.496,-40.9102],"tipVelocity":[-47.5741,155.373,-9.69639],"tool":false,"touchDistance":-0.153261,"touchZone":"touching","type":0,"width":19.8498},{"bases":[[[0.967896,0.251281,0.00601755],[-0.191109,0.72015,0.66698],[0.163266,-0.646717,0.745052]],[[0.963743,0.266576,-0.0116867],[-0.229254,0.849636,0.474933],[0.136535,-0.455035,0.879944]],[[0.963743,0.266576,-0.0116867],[-0.254559,0.931664,0.259232],[0.0799932,-0.246858,0.965744]],[[0.963743,0.266576,-0.0116867],[-0.264497,0.960174,0.0900362],[0.0352228,-0.0836807,0.99587]]],"btipPosition":[-5.93268,313.928,-85.1532],"carpPosition":[14.0764,240.876,45.1939],"dipPosition":[-5.34278,312.526,-68.4745],"direction":[-0.0799932,0.246858,-0.965744],"extended":true,"handId":469,"id":4691,"length":57.6453,"mcpPosition":[2.30244,287.514,-8.53598],"pipPosition":[-3.44752,306.678,-45.5934],"stabilizedTipPosition":[-5.65151,313.108,-81.2796],"timeVisible":7.14924,"tipPosition":[-6.09007,313.939,-81.0374],"tipVelocity":[-54.0943,179.841,2.66468],"tool":false,"touchDistance":0.443234,"touchZone":"hovering","type":1,"width":18.9605},{"bases":[[[0.999357,0.0351224,-0.00717109],[-0.0210925,0.737891,0.67459],[0.0289847,-0.674006,0.738157]],[[0.999164,0.0391981,-0.0116353],[-0.0391478,0.834934,-0.548957],[-0.0118034,0.548953,0.83577]],[[0.999164,0.0391981,-0.0116353],[0.00746779,-0.454716,-0.890605],[-0.0402008,0.889774,-0.454628]],[[0.999164,0.0391981,-0.0116353],[0.0307392,-0.907741,-0.418403],[-0.0269624,0.417695,-0.908187]]],"btipPosition":[25.4127,233.113,-14.6199],"carpPosition":[25.22,245.452,45.9485],"dipPosition":[24.9161,240.807,-31.3493],"direction":[0.0402008,-0.889774,0.454628],"extended":false,"handId":469,"id":4692,"length":65.6822,"mcpPosition":[23.2378,291.546,-4.53349],"pipPosition":[23.7955,265.609,-44.0218],"stabilizedTipPosition":[25.6,233.655,-18.2861],"timeVisible":7.14924,"tipPosition":[25.3122,235.012,-18.4297],"tipVelocity":[-42.136,155.126,-13.9657],"tool":false,"touchDistance":0.333333,"touchZone":"none","type":2,"width":18.6218},{"bases":[[[0.991458,-0.120172,0.0507001],[0.0512957,0.716653,0.695541],[-0.119919,-0.686999,0.716695]],[[0.992242,-0.115545,0.0458753],[0.119731,0.78885,-0.60281],[0.0334632,0.603627,0.796565]],[[0.992242,-0.115545,0.0458753],[-0.0203893,-0.515266,-0.856788],[0.122636,0.849206,-0.513624]],[[0.992242,-0.115545,0.0458753],[-0.088815,-0.917047,-0.388762],[0.0869895,0.381672,-0.920195]]],"btipPosition":[38.128,232.762,-2.22868],"carpPosition":[37.1536,247.066,45.8643],"dipPosition":[39.7212,239.752,-19.0818],"direction":[-0.122636,-0.849206,0.513624],"extended":false,"handId":469,"id":4693,"length":63.1552,"mcpPosition":[44.5169,289.249,1.85776],"pipPosition":[43.0513,262.812,-33.0291],"stabilizedTipPosition":[38.8644,232.795,-5.63682],"timeVisible":7.14924,"tipPosition":[38.4701,234.562,-5.95601],"tipVelocity":[-38.9558,156.137,-38.9482],"tool":false,"touchDistance":0.333333,"touchZone":"none","type":3,"width":17.7198},{"bases":[[[0.948719,-0.315626,0.0176838],[0.194082,0.625708,0.755527],[-0.249529,-0.713351,0.654879]],[[0.966985,-0.251679,-0.0399673],[0.190868,0.81922,-0.540785],[0.168846,0.515303,0.840211]],[[0.966985,-0.251679,-0.0399673],[-0.152047,-0.443954,-0.883055],[0.204503,0.859978,-0.467564]],[[0.966985,-0.251679,-0.0399673],[-0.243831,-0.868203,-0.432169],[0.0740681,0.427646,-0.900907]]],"btipPosition":[53.0617,241.165,0.819669],"carpPosition":[49.9032,242.192,42.9784],"dipPosition":[54.3132,248.39,-14.4022],"direction":[-0.204503,-0.859978,0.467564],"extended":false,"handId":469,"id":4694,"length":49.5125,"mcpPosition":[64.0862,282.739,5.75558],"pipPosition":[58.234,264.878,-23.3664],"stabilizedTipPosition":[53.7321,241.319,-2.47715],"timeVisible":7.14924,"tipPosition":[53.3488,242.925,-2.66816],"tipVelocity":[-41.0947,155.872,-16.6464],"tool":false,"touchDistance":0.333333,"touchZone":"none","type":4,"width":15.7401}],"r":[[0.75866,0.466483,0.454784],[-0.538741,0.84173,0.0353338],[-0.366323,-0.271817,0.889901]],"s":1.06572,"t":[43.4649,17.8829,-59.3178],"timestamp":93402397596},false],[6,{"currentFrameRate":55.3727,"devices":[],"gestures":[],"hands":[{"armBasis":[[0.982047,0.178763,-0.060236],[-0.151328,0.93721,0.314224],[0.112625,-0.299468,0.947436]],"armWidth":62.4607,"confidence":0.638578,"direction":[-0.0277438,0.781307,-0.62353],"elbow":[64.5836,155.904,295.705],"grabStrength":0,"id":469,"palmNormal":[0.162043,-0.612004,-0.774075],"palmPosition":[26.623,273.012,7.85044],"palmVelocity":[-43.8698,155.513,-9.35286],"palmWidth":89.1918,"pinchStrength":0.296416,"r":[[0.759834,0.464464,0.454891],[-0.53879,0.841451,0.0408165],[-0.36381,-0.276104,0.889611]],"s":1.06566,"sphereCenter":[23.8693,259.963,-36.6621],"sphereRadius":46.2264,"stabilizedPalmPosition":[26.6392,272.956,7.85343],"t":[42.6616,20.7106,-59.4981],"timeVisible":7.16734,"type":"right","wrist":[34.7758,235.163,44.9527]}],"id":1680060,"interactionBox":{"center":[0,200,0],"size":[235.247,235.247,147.751]},"pointables":[{"bases":[[[0.246573,0.749151,0.614796],[-0.855484,-0.129818,0.501293],[0.455356,-0.649554,0.608877]],[[0.172,0.841867,0.511543],[-0.835863,-0.150071,0.528027],[0.521296,-0.5184,0.677873]],[[0.172,0.841867,0.511543],[-0.971017,0.232372,-0.0559328],[-0.165956,-0.487097,0.857435]],[[0.172,0.841867,0.511543],[-0.955052,0.269779,-0.122863],[-0.241438,-0.467417,0.850428]]],"btipPosition":[-5.40232,275.008,-45.5499],"carpPosition":[9.01985,222.639,35.7859],"dipPosition":[-10.9412,264.285,-26.0401],"direction":[0.165956,0.487097,-0.857435],"extended":false,"handId":469,"id":4690,"length":51.0864,"mcpPosition":[9.01985,222.639,35.7859],"pipPosition":[-16.4877,248.005,2.61689],"stabilizedTipPosition":[-6.65783,272.491,-41.0612],"timeVisible":7.16734,"tipPosition":[-6.67144,272.544,-40.9593],"tipVelocity":[-53.8889,160.667,-6.8559],"tool":false,"touchDistance":-0.163324,"touchZone":"touching","type":0,"width":19.8498},{"bases":[[[0.967732,0.251958,0.00337765],[-0.188875,0.716436,0.671599],[0.166795,-0.650566,0.740907]],[[0.963564,0.267115,-0.0139631],[-0.227612,0.846247,0.481724],[0.140492,-0.460994,0.876212]],[[0.963564,0.267115,-0.0139631],[-0.253769,0.929426,0.267896],[0.0845367,-0.254592,0.963347]],[[0.963564,0.267115,-0.0139631],[-0.264463,0.959217,0.099808],[0.0400538,-0.0924786,0.994909]]],"btipPosition":[-7.19745,317.444,-84.869],"carpPosition":[13.4214,243.533,44.9491],"dipPosition":[-6.52663,315.895,-68.2064],"direction":[-0.0845367,0.254592,-0.963347],"extended":true,"handId":469,"id":4691,"length":57.6453,"mcpPosition":[1.39285,290.449,-8.48189],"pipPosition":[-4.52373,309.863,-45.3821],"stabilizedTipPosition":[-6.90579,316.695,-81.0606],"timeVisible":7.16734,"tipPosition":[-7.30936,317.336,-80.7906],"tipVelocity":[-61.109,185.804,8.76759],"tool":false,"touchDistance":0.436451,"touchZone":"hovering","type":1,"width":18.9605},{"bases":[[[0.999294,0.0358963,-0.0110953],[-0.0188412,0.734262,0.678605],[0.0325063,-0.677917,0.734419]],[[0.999082,0.0399358,-0.015472],[-0.041919,0.837793,-0.544376],[-0.00877774,0.544525,0.838699]],[[0.999082,0.0399358,-0.015472],[0.00414841,-0.449796,-0.893122],[-0.0426267,0.892238,-0.449549]],[[0.999082,0.0399358,-0.015472],[0.0296283,-0.905346,-0.423639],[-0.0309259,0.422792,-0.905699]]],"btipPosition":[24.5142,236.089,-14.9563],"carpPosition":[24.5647,248.113,45.6822],"dipPosition":[23.9446,243.877,-31.6399],"direction":[0.0426267,-0.892238,0.449549],"extended":false,"handId":469,"id":4692,"length":65.6822,"mcpPosition":[22.3416,294.475,-4.54409],"pipPosition":[22.7564,268.747,-44.1708],"stabilizedTipPosition":[24.7095,236.747,-18.6575],"timeVisible":7.16734,"tipPosition":[24.3976,238.011,-18.7538],"tipVelocity":[-46.1443,160.089,-15.885],"tool":false,"touchDistance":0.333333,"touchZone":"none","type":2,"width":18.6218},{"bases":[[[0.991744,-0.119711,0.0459771],[0.0536478,0.712965,0.699144],[-0.116475,-0.690905,0.713501]],[[0.992566,-0.114675,0.0407784],[0.116633,0.800435,-0.587963],[0.034784,0.588348,0.807859]],[[0.992566,-0.114675,0.0407784],[-0.0218935,-0.497809,-0.86701],[0.119724,0.859672,-0.496619]],[[0.992566,-0.114675,0.0407784],[-0.0887077,-0.911016,-0.402717],[0.0833311,0.396106,-0.914416]]],"btipPosition":[37.3478,235.793,-3.40155],"carpPosition":[36.4967,249.736,45.5576],"dipPosition":[38.874,243.048,-20.1488],"direction":[-0.119724,-0.859672,0.496619],"extended":false,"handId":469,"id":4693,"length":63.1552,"mcpPosition":[43.6485,292.159,1.74718],"pipPosition":[42.1251,266.391,-33.6343],"stabilizedTipPosition":[38.0967,235.869,-6.70164],"timeVisible":7.16734,"tipPosition":[37.6549,237.59,-6.84458],"tipVelocity":[-41.331,163.109,-50.6018],"tool":false,"touchDistance":0.333333,"touchZone":"none","type":3,"width":17.7198},{"bases":[[[0.949009,-0.315017,0.0120929],[0.196745,0.621807,0.758055],[-0.24632,-0.717022,0.652078]],[[0.967012,-0.250658,-0.0453707],[0.187958,0.822334,-0.537064],[0.171929,0.51082,0.84232]],[[0.967012,-0.250658,-0.0453707],[-0.155362,-0.439207,-0.88485],[0.201868,0.862709,-0.463661]],[[0.967012,-0.250658,-0.0453707],[-0.244933,-0.866028,-0.435894],[0.0699679,0.432627,-0.898854]]],"btipPosition":[52.2268,244.088,0.411053],"carpPosition":[49.2378,244.888,42.5932],"dipPosition":[53.409,251.397,-14.7761],"direction":[-0.201868,-0.862709,0.463661],"extended":false,"handId":469,"id":4694,"length":49.5125,"mcpPosition":[63.2384,285.643,5.5296],"pipPosition":[57.2792,267.937,-23.6655],"stabilizedTipPosition":[52.8815,244.388,-2.89425],"timeVisible":7.16734,"tipPosition":[52.4967,245.866,-3.06616],"tipVelocity":[-43.9051,159.041,-19.2559],"tool":false,"touchDistance":0.333333,"touchZone":"none","type":4,"width":15.7401}]