{"sensorType":"Leap","data":[[0,{"currentFrameRate":110.198,"devices":[],"gestures":[{"center":[-17.0143,283.273,-92.9744],"duration":17998,"handIds":[469],"id":1,"normal":[-0.94889,-0.200535,-0.243707],"pointableIds":[4691],"progress":0.790726,"radius":18.6193,"state":"update","type":"circle"}],"hands":[{"armBasis":[[0.979299,0.156811,-0.127996],[-0.112527,0.947373,0.299702],[0.168256,-0.279095,0.945408]],"armWidth":62.4607,"confidence":0.787757,"direction":[-0.0501312,0.719934,-0.692229],"elbow":[69.9787,144.129,305.114],"grabStrength":0,"id":469,"palmNormal":[0.100842,-0.68591,-0.720665],"palmPosition":[15.7962,252.407,14.9194],"palmVelocity":[-16.7161,65.1137,33.6519],"palmWidth":89.1918,"pinchStrength":0.146062,"r":[[0.80333,0.454558,0.384758],[-0.498126,0.866961,0.0157914],[-0.326392,-0.204344,0.922882]],"s":1.09713,"sphereCenter":[4.49059,236.17,-27.9453],"sphereRadius":47.2995,"stabilizedPalmPosition":[15.9606,251.772,14.6226],"t":[31.1776,2.3672,-52.8675],"timeVisible":2.34999,"type":"right","wrist":[25.4473,217.995,54.8983]}],"id":1679707,"interactionBox":{"center":[0,200,0],"size":[235.247,235.247,147.751]},"pointables":[{"bases":[[[0.29986,0.796606,0.524883],[-0.825208,-0.0594709,0.56169],[0.478661,-0.601566,0.639533]],[[0.239916,0.863369,0.443885],[-0.785777,-0.0958029,0.611045],[0.570083,-0.495394,0.655431]],[[0.239916,0.863369,0.443885],[-0.968141,0.246561,0.0437031],[-0.071713,-0.440229,0.895017]],[[0.239916,0.863369,0.443885],[-0.961999,0.272843,-0.0107354],[-0.13038,-0.424441,0.896019]]],"btipPosition":[-23.5908,254.049,-34.0166],"carpPosition":[-1.08387,205.358,48.523],"dipPosition":[-26.5819,244.312,-13.461],"direction":[0.071713,0.440229,-0.895017],"extended":false,"handId":469,"id":4690,"length":51.0864,"mcpPosition":[-1.08387,205.358,48.523],"pipPosition":[-28.9786,229.599,16.4521],"stabilizedTipPosition":[-24.1417,251.324,-29.4721],"timeVisible":2.34999,"tipPosition":[-24.3429,252.185,-28.7903],"tipVelocity":[-18.6936,60.3394,27.6729],"tool":false,"touchDistance":-0.070043,"touchZone":"touching","type":0,"width":19.8498},{"bases":[[[0.971116,0.225308,-0.0785552],[-0.131805,0.780962,0.610512],[0.198902,-0.582524,0.788101]],[[0.963202,0.246435,-0.107289],[-0.159847,0.846128,0.508445],[0.216079,-0.472586,0.854384]],[[0.963202,0.246435,-0.107289],[-0.210899,0.94042,0.266704],[0.166622,-0.234263,0.957788]],[[0.963202,0.246435,-0.107289],[-0.240269,0.968375,0.067233],[0.120465,-0.0389807,0.991952]]],"btipPosition":[-25.0959,295.009,-76.7439],"carpPosition":[4.31314,226.894,55.3773],"dipPosition":[-23.0783,294.356,-60.1307],"direction":[-0.166622,0.234263,-0.957788],"extended":true,"handId":469,"id":4691,"length":57.6453,"mcpPosition":[-10.0308,268.903,-1.45714],"pipPosition":[-19.1306,288.805,-37.4381],"stabilizedTipPosition":[-24.4048,294.191,-73.3165],"timeVisible":2.34999,"tipPosition":[-25.1323,296.025,-72.2217],"tipVelocity":[-16.3725,49.7246,30.2983],"tool":false,"touchDistance":0.412476,"touchZone":"hovering","type":1,"width":18.9605},{"bases":[[[0.997205,0.00807684,-0.0742764],[0.0386699,0.794831,0.605597],[0.0639285,-0.606777,0.792297]],[[0.995387,0.0226137,-0.0932397],[-0.0768168,0.770093,-0.63329],[0.0574822,0.637531,0.768278]],[[0.995387,0.0226137,-0.0932397],[-0.0745489,-0.42945,-0.900008],[-0.0603943,0.902807,-0.425783]],[[0.995387,0.0226137,-0.0932397],[-0.0277525,-0.862416,-0.505439],[-0.0918412,0.505695,-0.85781]]],"btipPosition":[11.8609,208.118,-7.81118],"carpPosition":[15.5736,231.224,55.003],"dipPosition":[10.1691,217.434,-23.6126],"direction":[0.0603943,-0.902807,0.425783],"extended":false,"handId":469,"id":4692,"length":65.6822,"mcpPosition":[11.2016,272.721,0.818417],"pipPosition":[8.48564,242.599,-35.481],"stabilizedTipPosition":[11.6299,208.549,-12.0949],"timeVisible":2.34999,"tipPosition":[11.4302,210.247,-11.9386],"tipVelocity":[-7.28517,71.1156,27.1995],"tool":false,"touchDistance":0.333333,"touchZone":"none","type":2,"width":18.6218},{"bases":[[[0.989972,-0.141244,-0.00231346],[0.111835,0.77363,0.623691],[-0.086303,-0.617695,0.781668]],[[0.987584,-0.156204,0.0166711],[0.124596,0.714243,-0.688718],[0.0956735,0.682244,0.724837]],[[0.987584,-0.156204,0.0166711],[-0.063162,-0.492005,-0.868298],[0.143834,0.856464,-0.495763]],[[0.987584,-0.156204,0.0166711],[-0.130637,-0.875574,-0.465085],[0.0872449,0.457132,-0.885109]]],"btipPosition":[23.1114,208.929,3.94159],"carpPosition":[27.506,232.51,54.0102],"dipPosition":[24.7093,217.301,-12.269],"direction":[-0.143834,-0.856464,0.495763],"extended":false,"handId":469,"id":4693,"length":63.1552,"mcpPosition":[32.8052,270.438,6.01425],"pipPosition":[28.615,240.558,-25.7312],"stabilizedTipPosition":[23.5951,209.15,-0.0517663],"timeVisible":2.34999,"tipPosition":[23.4491,210.78,-0.0863026],"tipVelocity":[-5.53724,76.5754,12.709],"tool":false,"touchDistance":0.333333,"touchZone":"none","type":3,"width":17.7198},{"bases":[[[0.941152,-0.337658,-0.0148482],[0.256384,0.684611,0.68233],[-0.220229,-0.645983,0.730893]],[[0.926161,-0.375993,0.0292478],[0.305866,0.703522,-0.641485],[0.220617,0.603064,0.766578]],[[0.926161,-0.375993,0.0292478],[-0.143204,-0.422369,-0.89504],[0.348882,0.824763,-0.445025]],[[0.926161,-0.375993,0.0292478],[-0.307868,-0.798584,-0.517185],[0.217815,0.469992,-0.855374]]],"btipPosition":[34.4363,219.129,5.63422],"carpPosition":[39.9344,227.068,50.7629],"dipPosition":[38.1165,227.07,-8.8183],"direction":[-0.348882,-0.824763,0.445025],"extended":false,"handId":469,"id":4694,"length":49.5125,"mcpPosition":[52.4521,263.785,9.21946],"pipPosition":[44.8054,242.882,-17.3504],"stabilizedTipPosition":[35.4299,219.488,1.76689],"timeVisible":2.34999,"tipPosition":[35.2214,220.743,2.03018],"tipVelocity":[-8.45441,73.9508,28.0018],"tool":false,"touchDistance":0.333333,"touchZone":"none","type":4,"width":15.7401}],"r":[[0.80333,0.454558,0.384758],[-0.498126,0.866961,0.0157914],[-0.326392,-0.204344,0.922882]],"s":1.09713,"t":[31.1776,2.3672,-52.8675],"timestamp":93397598344},false],[1,{"currentFrameRate":110.278,"devices":[],"gestures":[{"center":[-17.0143,283.273,-92.9744],"duration":17998,"handIds":[469],"id":1,"normal":[-0.94889,-0.200535,-0.243707],"pointableIds":[4691],"progress":0.790726,"radius":18.6193,"state":"update","type":"circle"}],"hands":[{"armBasis":[[0.978931,0.160763,-0.125892],[-0.116664,0.946359,0.301319],[0.16758,-0.280284,0.945176]],"armWidth":62.4607,"confidence":0.790346,"direction":[-0.0524286,0.721664,-0.690256],"elbow":[69.7489,144.403,305.182],"grabStrength":0,"id":469,"palmNormal":[0.104305,-0.683468,-0.72249],"palmPosition":[15.642,253.069,15.1369],"palmVelocity":[-16.8672,67.5651,31.1204],"palmWidth":89.1918,"pinchStrength":0.14595,"r":[[0.802334,0.45544,0.38579],[-0.500066,0.865802,0.0178839],[-0.325873,-0.20727,0.922413]],"s":1.09581,"sphereCenter":[4.73429,236.811,-27.8642],"sphereRadius":47.2421,"stabilizedPalmPosition":[15.8073,252.396,14.8701],"t":[31.0275,2.98077,-52.6297],"timeVisible":2.35891,"type":"right","wrist":[25.3965,218.584,55.0282]}],"id":1679708,"interactionBox":{"center":[0,200,0],"size":[235.247,235.247,147.751]},"pointables":[{"bases":[[[0.296122,0.796346,0.527394],[-0.825477,-0.0644112,0.560749],[0.48052,-0.601402,0.638292]],[[0.235561,0.863501,0.445956],[-0.78626,-0.100384,0.609687],[0.571232,-0.494256,0.65529]],[[0.235561,0.863501,0.445956],[-0.969389,0.241462,0.0445067],[-0.0692496,-0.442789,0.893948]],[[0.235561,0.863501,0.445956],[-0.963124,0.268802,-0.0117419],[-0.130013,-0.426745,0.894978]]],"btipPosition":[-23.7309,254.631,-33.8803],"carpPosition":[-1.07696,205.857,48.5927],"dipPosition":[-26.7135,244.841,-13.3486],"direction":[0.0692496,0.442789,-0.893948],"extended":false,"handId":469,"id":4690,"length":51.0864,"mcpPosition":[-1.07696,205.857,48.5927],"pipPosition":[-29.028,230.042,16.5287],"stabilizedTipPosition":[-24.2893,251.89,-29.3036],"timeVisible":2.35891,"tipPosition":[-24.4696,252.758,-28.6591],"tipVelocity":[-17.8167,61.2821,24.1228],"tool":false,"touchDistance":-0.0678631,"touchZone":"touching","type":0,"width":19.8498},{"bases":[[[0.97026,0.229485,-0.0770152],[-0.135554,0.778702,0.612575],[0.200549,-0.583918,0.786651]],[[0.962351,0.250507,-0.105488],[-0.164819,0.84641,0.506384],[0.216139,-0.469933,0.855831]],[[0.962351,0.250507,-0.105488],[-0.215621,0.939868,0.264868],[0.165496,-0.23215,0.958497]],[[0.962351,0.250507,-0.105488],[-0.244573,0.967377,0.0660694],[0.118598,-0.0377824,0.992223]]],"btipPosition":[-25.2465,295.429,-76.5865],"carpPosition":[4.2258,227.396,55.5124],"dipPosition":[-23.2603,294.796,-59.9688],"direction":[-0.165496,0.23215,-0.958498],"extended":true,"handId":469,"id":4691,"length":57.6453,"mcpPosition":[-10.2369,269.505,-1.21749],"pipPosition":[-19.3392,289.296,-37.2594],"stabilizedTipPosition":[-24.5326,294.554,-73.1332],"timeVisible":2.35891,"tipPosition":[-25.2828,296.458,-72.0679],"tipVelocity":[-16.7303,49.1386,26.8757],"tool":false,"touchDistance":0.406938,"touchZone":"hovering","type":1,"width":18.9605},{"bases":[[[0.997232,0.0123513,-0.0733208],[0.0348671,0.79328,0.607858],[0.0656717,-0.608732,0.790653]],[[0.995378,0.0268908,-0.092189],[-0.0793263,0.771293,-0.631518],[0.0541227,0.635912,0.769861]],[[0.995378,0.0268908,-0.092189],[-0.0718908,-0.427812,-0.901004],[-0.0636682,0.903468,-0.423901]],[[0.995378,0.0268908,-0.092189],[-0.0237167,-0.861419,-0.507341],[-0.0930561,0.507183,-0.8568]]],"btipPosition":[11.9093,208.831,-7.68687],"carpPosition":[15.4688,231.772,55.1607],"dipPosition":[10.1951,218.174,-23.4696],"direction":[0.0636682,-0.903468,0.423901],"extended":false,"handId":469,"id":4692,"length":65.6822,"mcpPosition":[10.9776,273.403,1.08861],"pipPosition":[8.4204,243.357,-35.2856],"stabilizedTipPosition":[11.6026,209.128,-11.9096],"timeVisible":2.35891,"tipPosition":[11.4746,210.967,-11.8109],"tipVelocity":[-3.97764,73.6884,23.7113],"tool":false,"touchDistance":0.333333,"touchZone":"none","type":2,"width":18.6218},{"bases":[[[0.990542,-0.137199,-0.00178334],[0.108101,0.772326,0.625961],[-0.0845041,-0.620233,0.779853]],[[0.988266,-0.151829,0.0166595],[0.122744,0.724536,-0.67822],[0.0909027,0.672306,0.734671]],[[0.988266,-0.151829,0.0166595],[-0.0592483,-0.481596,-0.874388],[0.14078,0.863142,-0.48494]],[[0.988266,-0.151829,0.0166595],[-0.126113,-0.872648,-0.471785],[0.0861684,0.464148,-0.881556]]],"btipPosition":[23.2033,209.81,3.43598],"carpPosition":[27.3968,233.11,54.1828],"dipPosition":[24.7815,218.31,-12.7095],"direction":[-0.14078,-0.863142,0.48494],"extended":false,"handId":469,"id":4693,"length":63.1552,"mcpPosition":[32.5855,271.193,6.29823],"pipPosition":[28.6043,241.749,-25.8778],"stabilizedTipPosition":[23.5868,209.905,-0.116908],"timeVisible":2.35891,"tipPosition":[23.5201,211.647,-0.327917],"tipVelocity":[-1.35753,83.5112,-5.74417],"tool":false,"touchDistance":0.333333,"touchZone":"none","type":3,"width":17.7198},{"bases":[[[0.942535,-0.333775,-0.0149141],[0.252958,0.683734,0.684486],[-0.218267,-0.648924,0.728874]],[[0.927746,-0.372098,0.0288325],[0.303484,0.707192,-0.638574],[0.217222,0.601185,0.76902]],[[0.927746,-0.372098,0.0288325],[-0.140777,-0.420451,-0.896327],[0.345644,0.827505,-0.442454]],[[0.927746,-0.372098,0.0288325],[-0.304234,-0.798762,-0.519057],[0.21617,0.472781,-0.854253]]],"btipPosition":[34.4482,219.921,5.76507],"carpPosition":[39.8503,227.727,50.9318],"dipPosition":[38.1007,227.909,-8.66852],"direction":[-0.345644,-0.827505,0.442454],"extended":false,"handId":469,"id":4694,"length":49.5125,"mcpPosition":[52.2564,264.612,9.50316],"pipPosition":[44.7274,243.774,-17.1514],"stabilizedTipPosition":[35.392,220.096,1.94862],"timeVisible":2.35891,"tipPosition":[35.222,221.542,2.17713],"tipVelocity":[-5.98025,78.3184,24.4969],"tool":false,"touchDistance":0.333333,"touchZone":"none","type":4,"width":15.7401}],"r":[[0.802334,0.45544,0.38579],[-0.500066,0.865802,0.0178839],[-0.325873,-0.20727,0.922413]],"s":1.09581,"t":[31.0275,2.98077,-52.6297],"timestamp":93397607270},false],[2,{"currentFrameRate":110.267,"devices":[],"gestures":[{"center":[-17.0143,283.273,-92.9744],"duration":17998,"handIds":[469],"id":1,"normal":[-0.94889,-0.200535,-0.243707],"pointableIds":[4691],"progress":0.790726,"radius":18.6193,"state":"update","type":"circle"}],"hands":[{"armBasis":[[0.978504,0.16298,-0.12636],[-0.118806,0.946331,0.300572],[0.168566,-0.279099,0.945352]],"armWidth":62.4607,"confidence":0.79349,"direction":[-0.053378,0.721755,-0.690087],"elbow":[69.9864,145.059,305.61],"grabStrength":0,"id":469,"palmNormal":[0.106232,-0.683046,-0.722608],"palmPosition":[15.5784,253.403,15.5208],"palmVelocity":[-14.1345,59.0345,34.2005],"palmWidth":89.1918,"pinchStrength":0.146212,"r":[[0.801294,0.456445,0.386764],[-0.50197,0.864664,0.0195309],[-0.325506,-0.209794,0.921972]],"s":1.0947,"sphereCenter":[4.95051,237.059,-27.5329],"sphereRadius":47.2157,"stabilizedPalmPosition":[15.6963,252.884,15.1858],"t":[30.9207,3.45455,-52.3188],"timeVisible":2.368,"type":"right","wrist":[25.3731,218.926,55.4095]}],"id":1679709,"interactionBox":{"center":[0,200,0],"size":[235.247,235.247,147.751]},"pointables":[{"bases":[[[0.294111,0.796793,0.527844],[-0.825763,-0.066249,0.560113],[0.481263,-0.600609,0.638478]],[[0.233029,0.864281,0.445776],[-0.786735,-0.101895,0.608823],[0.571617,-0.492581,0.656215]],[[0.233029,0.864281,0.445776],[-0.970142,0.238308,0.0451032],[-0.0672502,-0.442976,0.894008]],[[0.233029,0.864281,0.445776],[-0.963729,0.266566,-0.0130349],[-0.130094,-0.426569,0.89505]]],"btipPosition":[-23.8073,254.841,-33.5715],"carpPosition":[-1.06965,206.148,48.9506],"dipPosition":[-26.7918,245.055,-13.0381],"direction":[0.0672502,0.442976,-0.894008],"extended":false,"handId":469,"id":4690,"length":51.0864,"mcpPosition":[-1.06965,206.148,48.9506],"pipPosition":[-29.0395,230.25,16.8413],"stabilizedTipPosition":[-24.4001,252.27,-29.0571],"timeVisible":2.368,"tipPosition":[-24.5268,252.974,-28.353],"tipVelocity":[-15.2262,50.7636,26.8656],"tool":false,"touchDistance":-0.0627088,"touchZone":"touching","type":0,"width":19.8498},{"bases":[[[0.96985,0.231477,-0.0762237],[-0.137593,0.778248,0.612698],[0.201146,-0.583737,0.786633]],[[0.961987,0.252324,-0.104469],[-0.167945,0.848245,0.50227],[0.21535,-0.465632,0.858377]],[[0.961987,0.252324,-0.104469],[-0.218351,0.940404,0.260698],[0.164023,-0.227977,0.959751]],[[0.961987,0.252324,-0.104469],[-0.246866,0.967035,0.0624479],[0.116782,-0.0342842,0.992566]]],"btipPosition":[-25.2327,295.376,-76.3598],"carpPosition":[4.18421,227.695,55.8804],"dipPosition":[-23.2768,294.802,-59.7364],"direction":[-0.164023,0.227977,-0.959751],"extended":true,"handId":469,"id":4691,"length":57.6453,"mcpPosition":[-10.3216,269.791,-0.848173],"pipPosition":[-19.3907,289.401,-36.9973],"stabilizedTipPosition":[-24.6096,294.766,-72.9496],"timeVisible":2.368,"tipPosition":[-25.2672,296.427,-71.8489],"tipVelocity":[-11.89,34.3483,26.3802],"tool":false,"touchDistance":0.402997,"touchZone":"hovering","type":1,"width":18.9605},{"bases":[[[0.997259,0.0143969,-0.0725716],[0.0328023,0.793173,0.608112],[0.0663168,-0.608826,0.790527]],[[0.995397,0.028895,-0.0913813],[-0.080336,0.771505,-0.631131],[0.0522646,0.635567,0.770275]],[[0.995397,0.028895,-0.0913813],[-0.0703036,-0.427877,-0.901099],[-0.0651372,0.903375,-0.423876]],[[0.995397,0.028895,-0.0913813],[-0.0215476,-0.861588,-0.50715],[-0.0933872,0.506784,-0.857]]],"btipPosition":[11.9497,209.186,-7.31714],"carpPosition":[15.4186,232.094,55.5384],"dipPosition":[10.2295,218.521,-23.1036],"direction":[0.0651372,-0.903375,0.423876],"extended":false,"handId":469,"id":4692,"length":65.6822,"mcpPosition":[10.8832,273.731,1.47491],"pipPosition":[8.41383,243.702,-34.9189],"stabilizedTipPosition":[11.5912,209.646,-11.6836],"timeVisible":2.368,"tipPosition":[11.5159,211.313,-11.4322],"tipVelocity":[-1.68606,64.0446,28.3842],"tool":false,"touchDistance":0.333333,"touchZone":"none","type":2,"width":18.6218},{"bases":[[[0.990819,-0.135188,-0.0010822],[0.106065,0.772363,0.626264],[-0.0838273,-0.620629,0.779611]],[[0.988566,-0.149791,0.0173092],[0.121579,0.723905,-0.679102],[0.0891931,0.673442,0.733839]],[[0.988566,-0.149791,0.0173092],[-0.0579299,-0.483261,-0.873557],[0.139216,0.862567,-0.486413]],[[0.988566,-0.149791,0.0173092],[-0.124127,-0.873572,-0.4706],[0.0856125,0.463071,-0.882177]]],"btipPosition":[23.237,210.166,3.92554],"carpPosition":[27.3445,233.456,54.5697],"dipPosition":[24.805,218.647,-12.2313],"direction":[-0.139216,-0.862567,0.486413],"extended":false,"handId":469,"id":4693,"length":63.1552,"mcpPosition":[32.4917,271.564,6.70005],"pipPosition":[28.5854,242.07,-25.4396],"stabilizedTipPosition":[23.59,210.554,-0.0211849],"timeVisible":2.368,"tipPosition":[23.5538,212.005,0.118969],"tipVelocity":[-0.0256625,71.1137,10.6805],"tool":false,"touchDistance":0.333333,"touchZone":"none","type":3,"width":17.7198},{"bases":[[[0.943222,-0.331856,-0.0143054],[0.251057,0.684048,0.684871],[-0.217493,-0.649577,0.728524]],[[0.928621,-0.369893,0.0290379],[0.302399,0.709179,-0.636882],[0.214985,0.600203,0.770414]],[[0.928621,-0.369893,0.0290379],[-0.139312,-0.420139,-0.896702],[0.343884,0.828651,-0.441681]],[[0.928621,-0.369893,0.0290379],[-0.302301,-0.799658,-0.518807],[0.215124,0.472997,-0.854398]]],"btipPosition":[34.4943,220.339,6.11899],"carpPosition":[39.8114,228.1,51.3265],"dipPosition":[38.129,228.331,-8.31704],"direction":[-0.343884,-0.828651,0.441681],"extended":false,"handId":469,"id":4694,"length":49.5125,"mcpPosition":[52.1735,265.022,9.91779],"pipPosition":[44.7221,244.218,-16.7851],"stabilizedTipPosition":[35.3759,220.64,2.17095],"timeVisible":2.368,"tipPosition":[35.2545,221.953,2.55436],"tipVelocity":[-3.04508,69.4055,28.4794],"tool":false,"touchDistance":0.333333,"touchZone":"none","type":4,"width":15.7401}],"r":[[0.801294,0.456445,0.386764],[-0.50197,0.864664,0.0195309],[-0.325506,-0.209794,0.921972]],"s":1.0947,"t":[30.9207,3.45455,-52.3188],"timestamp":93397616358},false],[3,{"currentFrameRate":110.326,"devices":[],"gestures":[{"center":[-17.0143,283.273,-92.9744],"duration":17998,"handIds":[469],"id":1,"normal":[-0.94889,-0.200535,-0.243707],"pointableIds":[4691],"progress":0.790726,"radius":18.6193,"state":"update","type":"circle"}],"hands":[{"armBasis":[[0.97835,0.164139,-0.126051],[-0.119996,0.946146,0.30068],[0.168616,-0.279045,0.945358]],"armWidth":62.4607,"confidence":0.801873,"direction":[-0.0542007,0.721863,-0.68991],"elbow":[69.976,145.295,305.857],"grabStrength":0,"id":469,"palmNormal":[0.107139,-0.682733,-0.722771],"palmPosition":[15.5161,253.623,15.7733],"palmVelocity":[-12.1704,49.6051,32.5546],"palmWidth":89.1918,"pinchStrength":0.148377,"r":[[0.80034,0.457423,0.387582],[-0.503704,0.863624,0.0208807],[-0.325174,-0.211938,0.921599]],"s":1.0937,"sphereCenter":[5.05129,237.227,-27.3185],"sphereRadius":47.1962,"stabilizedPalmPosition":[15.6118,253.23,15.4613],"t":[30.8362,3.80147,-52.0371],"timeVisible":2.37696,"type":"right","wrist":[25.3495,219.148,55.6542]}],"id":1679710,"interactionBox":{"center":[0,200,0],"size":[235.247,235.247,147.751]},"pointables":[{"bases":[[[0.293082,0.797021,0.528073],[-0.825733,-0.0674048,0.560019],[0.481942,-0.600179,0.638371]],[[0.231643,0.864728,0.445632],[-0.786709,-0.102937,0.608682],[0.572216,-0.491579,0.656444]],[[0.231643,0.864728,0.445632],[-0.970604,0.236212,0.0461694],[-0.0653396,-0.443227,0.894025]],[[0.231643,0.864728,0.445632],[-0.964062,0.265324,-0.0137208],[-0.130101,-0.426438,0.895111]]],"btipPosition":[-23.9077,254.989,-33.3456],"carpPosition":[-1.07698,206.339,49.1896],"dipPosition":[-26.8923,245.206,-12.8108],"direction":[0.0653396,0.443227,-0.894025],"extended":false,"handId":469,"id":4690,"length":51.0864,"mcpPosition":[-1.07698,206.339,49.1896],"pipPosition":[-29.0761,230.393,17.0691],"stabilizedTipPosition":[-24.5016,252.515,-28.8299],"timeVisible":2.37696,"tipPosition":[-24.6098,253.121,-28.1353],"tipVelocity":[-14.1259,41.4049,26.4221],"tool":false,"touchDistance":-0.0589394,"touchZone":"touching","type":0,"width":19.8498},{"bases":[[[0.969572,0.232687,-0.0760749],[-0.138606,0.777924,0.612881],[0.20179,-0.583688,0.786505]],[[0.96171,0.253473,-0.104236],[-0.16979,0.849572,0.499398],[0.21514,-0.462578,0.860079]],[[0.96171,0.253473,-0.104236],[-0.219963,0.940729,0.258158],[0.163494,-0.225345,0.960463]],[[0.96171,0.253473,-0.104236],[-0.248248,0.9668,0.0605838],[0.116132,-0.0323876,0.992706]]],"btipPosition":[-25.2813,295.346,-76.1965],"carpPosition":[4.14975,227.891,56.1253],"dipPosition":[-23.3364,294.803,-59.5707],"direction":[-0.163494,0.225345,-0.960463],"extended":true,"handId":469,"id":4691,"length":57.6453,"mcpPosition":[-10.4025,269.984,-0.593963],"pipPosition":[-19.4627,289.464,-36.8148],"stabilizedTipPosition":[-24.6692,294.887,-72.7965],"timeVisible":2.37696,"tipPosition":[-25.3036,296.395,-71.6987],"tipVelocity":[-10.1992,24.2479,24.1673],"tool":false,"touchDistance":0.398489,"touchZone":"hovering","type":1,"width":18.9605},{"bases":[[[0.997248,0.0156406,-0.072475],[0.0317712,0.793059,0.608315],[0.0669914,-0.608943,0.79038]],[[0.995375,0.0301009,-0.0912291],[-0.0810321,0.773157,-0.629017],[0.0516004,0.6335,0.77202]],[[0.995375,0.0301009,-0.0912291],[-0.0697495,-0.426566,-0.901763],[-0.0660591,0.903955,-0.422494]],[[0.995375,0.0301009,-0.0912291],[-0.0204377,-0.861552,-0.507258],[-0.0938675,0.506776,-0.856952]]],"btipPosition":[11.9297,209.485,-7.1818],"carpPosition":[15.3787,232.304,55.7855],"dipPosition":[10.2006,218.82,-22.9674],"direction":[0.0660591,-0.903955,0.422494],"extended":false,"handId":469,"id":4692,"length":65.6822,"mcpPosition":[10.7973,273.949,1.73209],"pipPosition":[8.35925,244.018,-34.7442],"stabilizedTipPosition":[11.5779,210.092,-11.488],"timeVisible":2.37696,"tipPosition":[11.5012,211.585,-11.2312],"tipVelocity":[-1.89895,55.6667,24.7587],"tool":false,"touchDistance":0.333333,"touchZone":"none","type":2,"width":18.6218},{"bases":[[[0.990985,-0.13397,-0.00102394],[0.105058,0.772334,0.626468],[-0.0831371,-0.620928,0.779446]],[[0.988761,-0.148505,0.0172686],[0.120582,0.723851,-0.679337],[0.0883852,0.673784,0.733623]],[[0.988761,-0.148505,0.0172686],[-0.0575913,-0.484923,-0.872658],[0.137968,0.861856,-0.488026]],[[0.988761,-0.148505,0.0172686],[-0.123204,-0.874792,-0.468571],[0.0846916,0.461177,-0.883257]]],"btipPosition":[23.2394,210.448,4.25725],"carpPosition":[27.3031,233.681,54.8183],"dipPosition":[24.7905,218.895,-11.9194],"direction":[-0.137968,-0.861856,0.488026],"extended":false,"handId":469,"id":4693,"length":63.1552,"mcpPosition":[32.4079,271.807,6.95869],"pipPosition":[28.5369,242.298,-25.1715],"stabilizedTipPosition":[23.5917,211.071,0.136001],"timeVisible":2.37696,"tipPosition":[23.5512,212.27,0.41742],"tipVelocity":[-0.0663217,60.0291,17.7473],"tool":false,"touchDistance":0.333333,"touchZone":"none","type":3,"width":17.7198},{"bases":[[[0.94363,-0.330693,-0.0143011],[0.250153,0.684183,0.685067],[-0.216763,-0.650027,0.728339]],[[0.929159,-0.368557,0.0287983],[0.301489,0.71038,-0.635976],[0.213936,0.599605,0.771172]],[[0.929159,-0.368557,0.0287983],[-0.13881,-0.420025,-0.896834],[0.342631,0.829303,-0.44143]],[[0.929159,-0.368557,0.0287983],[-0.301355,-0.800247,-0.51845],[0.214124,0.473044,-0.854623]]],"btipPosition":[34.4955,220.613,6.35055],"carpPosition":[39.7768,228.341,51.5749],"dipPosition":[38.1134,228.606,-8.08929],"direction":[-0.342631,-0.829303,0.44143],"extended":false,"handId":469,"id":4694,"length":49.5125,"mcpPosition":[52.0975,265.288,10.1766],"pipPosition":[44.6824,244.506,-16.5525],"stabilizedTipPosition":[35.3641,221.083,2.38062],"timeVisible":2.37696,"tipPosition":[35.2465,222.223,2.79804],"tipVelocity":[-2.29433,58.7881,27.7325],"tool":false,"touchDistance":0.333333,"touchZone":"none","type":4,"width":15.7401}],"r":[[0.80034,0.457423,0.387582],[-0.503704,0.863624,0.0208807],[-0.325174,-0.211938,0.921599]],"s":1.0937,"t":[30.8362,3.80147,-52.0371],"timestamp":93397625317},false],[4,{"currentFrameRate":110.36,"devices":[],"gestures":[{"center":[-17.0143,283.273,-92.9744],"duration":17998,"handIds":[469],"id":1,"normal":[-0.94889,-0.200535,-0.243707],"pointableIds":[4691],"progress":0.790726,"radius":18.6193,"state":"update","type":"circle"}],"hands":[{"armBasis":[[0.978299,0.164589,-0.125865],[-0.120562,0.946212,0.300246],[0.168512,-0.278555,0.945521]],"armWidth":62.4607,"confidence":0.790259,"direction":[-0.0548763,0.721946,-0.68977],"elbow":[69.9234,145.585,306.056],"grabStrength":0,"id":469,"palmNormal":[0.107415,-0.682533,-0.722918],"palmPosition":[15.4568,253.783,15.9379],"palmVelocity":[-10.6388,40.8666,28.6359],"palmWidth":89.1918,"pinchStrength":0.148475,"r":[[0.799533,0.4583,0.388212],[-0.505207,0.862717,0.0220158],[-0.324827,-0.21373,0.921307]],"s":1.09286,"sphereCenter":[5.14708,237.339,-27.1806],"sphereRadius":47.1777,"stabilizedPalmPosition":[15.5412,253.482,15.6783],"t":[30.7642,4.05496,-51.814],"timeVisible":2.38596,"type":"right","wrist":[25.3242,219.308,55.8102]}],"id":1679711,"interactionBox":{"center":[0,200,0],"size":[235.247,235.247,147.751]},"pointables":[{"bases":[[[0.292676,0.797129,0.528135],[-0.825539,-0.0680676,0.560225],[0.48252,-0.59996,0.63814]],[[0.23082,0.865145,0.445249],[-0.786631,-0.103398,0.608704],[0.572655,-0.490748,0.656683]],[[0.23082,0.865145,0.445249],[-0.970942,0.234522,0.0476542],[-0.0631929,-0.443311,0.894138]],[[0.23082,0.865145,0.445249],[-0.964246,0.264623,-0.0143067],[-0.130201,-0.426027,0.895292]]],"btipPosition":[-24.0168,255.085,-33.2045],"carpPosition":[-1.09516,206.482,49.3503],"dipPosition":[-27.0038,245.311,-12.6656],"direction":[0.0631929,0.443311,-0.894138],"extended":false,"handId":469,"id":4690,"length":51.0864,"mcpPosition":[-1.09516,206.482,49.3503],"pipPosition":[-29.1158,230.495,17.2181],"stabilizedTipPosition":[-24.6038,252.677,-28.6534],"timeVisible":2.38596,"tipPosition":[-24.7039,253.221,-27.998],"tipVelocity":[-13.593,33.0177,23.5],"tool":false,"touchDistance":-0.056572,"touchZone":"touching","type":0,"width":19.8498},{"bases":[[[0.969392,0.233364,-0.0762895],[-0.138977,0.777722,0.613053],[0.202397,-0.583687,0.78635]],[[0.961555,0.254038,-0.104293],[-0.170957,0.850968,0.496615],[0.21491,-0.459693,0.861682]],[[0.961555,0.254038,-0.104293],[-0.220942,0.941205,0.255572],[0.163087,-0.222704,0.961148]],[[0.961555,0.254038,-0.104293],[-0.249053,0.966719,0.0585456],[0.115695,-0.0303202,0.992822]]],"btipPosition":[-25.3295,295.272,-76.1079],"carpPosition":[4.11865,228.036,56.2884],"dipPosition":[-23.3918,294.764,-59.4802],"direction":[-0.163087,0.222704,-0.961148],"extended":true,"handId":469,"id":4691,"length":57.6453,"mcpPosition":[-10.4773,270.129,-0.419705],"pipPosition":[-19.5279,289.488,-36.708],"stabilizedTipPosition":[-24.717,294.947,-72.6821],"timeVisible":2.38596,"tipPosition":[-25.3425,296.322,-71.6219],"tipVelocity":[-8.91886,15.5898,20.2469],"tool":false,"touchDistance":0.393309,"touchZone":"hovering","type":1,"width":18.9605},{"bases":[[[0.997218,0.0163357,-0.0727347],[0.0313887,0.792975,0.608445],[0.0676162,-0.609035,0.790256]],[[0.995337,0.0307493,-0.0914227],[-0.0816432,0.773288,-0.628777],[0.0513616,0.633309,0.772193]],[[0.995337,0.0307493,-0.0914227],[-0.0696425,-0.426675,-0.90172],[-0.066735,0.903882,-0.422544]],[[0.995337,0.0307493,-0.0914227],[-0.0199493,-0.861704,-0.507019],[-0.0943698,0.506478,-0.857073]]],"btipPosition":[11.8921,209.661,-7.01699],"carpPosition":[15.3445,232.457,55.9464],"dipPosition":[10.1538,218.991,-22.8048],"direction":[0.066735,-0.903882,0.422544],"extended":false,"handId":469,"id":4692,"length":65.6822,"mcpPosition":[10.7203,274.108,1.90146],"pipPosition":[8.29358,244.186,-34.583],"stabilizedTipPosition":[11.5596,210.46,-11.3081],"timeVisible":2.38596,"tipPosition":[11.4628,211.755,-11.062],"tipVelocity":[-2.58875,45.7062,22.9724],"tool":false,"touchDistance":0.333333,"touchZone":"none","type":2,"width":18.6218},{"bases":[[[0.991076,-0.133292,-0.00130815],[0.104695,0.772297,0.626575],[-0.0825069,-0.621121,0.77936]],[[0.988878,-0.147765,0.0168991],[0.119758,0.723724,-0.679619],[0.0881938,0.674084,0.733371]],[[0.988878,-0.147765,0.0168991],[-0.0577822,-0.486397,-0.871825],[0.137045,0.861152,-0.489526]],[[0.988878,-0.147765,0.0168991],[-0.122898,-0.875832,-0.466707],[0.0837639,0.459439,-0.884251]]],"btipPosition":[23.2157,210.659,4.49051],"carpPosition":[27.2677,233.842,54.9763],"dipPosition":[24.7498,219.074,-11.7043],"direction":[-0.137045,-0.861152,0.489526],"extended":false,"handId":469,"id":4693,"length":63.1552,"mcpPosition":[32.3338,271.98,7.122],"pipPosition":[28.4712,242.458,-24.9972],"stabilizedTipPosition":[23.5855,211.48,0.304936],"timeVisible":2.38596,"tipPosition":[23.5227,212.465,0.622804],"tipVelocity":[-0.889674,49.7584,19.8626],"tool":false,"touchDistance":0.333333,"touchZone":"none","type":3,"width":17.7198},{"bases":[[[0.943852,-0.330045,-0.0146072],[0.249865,0.684235,0.685121],[-0.216126,-0.650303,0.728283]],[[0.929515,-0.367702,0.02823],[0.300656,0.711246,-0.635402],[0.21356,0.599103,0.771665]],[[0.929515,-0.367702,0.02823],[-0.138884,-0.419941,-0.896862],[0.341633,0.829726,-0.441409]],[[0.929515,-0.367702,0.02823],[-0.300998,-0.800664,-0.518013],[0.213077,0.473003,-0.854907]]],"btipPosition":[34.4765,220.809,6.49483],"carpPosition":[39.7442,228.511,51.7287],"dipPosition":[38.0767,228.801,-7.94981],"direction":[-0.341633,-0.829726,0.441409],"extended":false,"handId":469,"id":4694,"length":49.5125,"mcpPosition":[52.0286,265.474,10.3336],"pipPosition":[44.6266,244.709,-16.4126],"stabilizedTipPosition":[35.3504,221.442,2.56259],"timeVisible":2.38596,"tipPosition":[35.2184,222.417,2.95116],"tipVelocity":[-2.36701,48.6204,24.485],"tool":false,"touchDistance":0.333333,"touchZone":"none","type":4,"width":15.7401}],"r":[[0.799533,0.4583,0.388212],[-0.505207,0.862717,0.0220158],[-0.324827,-0.21373,0.921307]],"s":1.09286,"t":[30.7642,4.05496,-51.814],"timestamp":93397634318},false],[5,{"currentFrameRate":110.346,"devices":[],"gestures":[{"center":[-17.0143,283.273,-92.9744],"duration":17998,"handIds":[469],"id":1,"normal":[-0.94889,-0.200535,-0.243707],"pointableIds":[4691],"progress":0.790726,"radius":18.6193,"state":"update","type":"circle"}],"hands":[{"armBasis":[[0.978276,0.164894,-0.125639],[-0.120955,0.946221,0.30006],[0.168361,-0.278344,0.94561]],"armWidth":62.4607,"confidence":0.79499,"direction":[-0.0556206,0.722059,-0.689592],"elbow":[69.8644,145.766,306.197],"grabStrength":0,"id":469,"palmNormal":[0.107456,-0.682321,-0.723112],"palmPosition":[15.3991,253.911,16.0681],"palmVelocity":[-9.45086,33.4587,24.6767],"palmWidth":89.1918,"pinchStrength":0.14856,"r":[[0.798871,0.459074,0.388659],[-0.506505,0.86193,0.0230076],[-0.324434,-0.215237,0.921095]],"s":1.09213,"sphereCenter":[5.22164,237.426,-27.0698],"sphereRadius":47.158,"stabilizedPalmPosition":[15.4785,253.671,15.8504],"t":[30.6994,4.2458,-51.6373],"timeVisible":2.39505,"type":"right","wrist":[25.3054,219.434,55.9285]}],"id":1679712,"interactionBox":{"center":[0,200,0],"size":[235.247,235.247,147.751]},"pointables":[{"bases":[[[0.292476,0.797186,0.52816],[-0.82523,-0.068655,0.560609],[0.48317,-0.599818,0.637782]],[[0.230173,0.865538,0.444819],[-0.786466,-0.103759,0.608856],[0.573142,-0.489977,0.656834]],[[0.230173,0.865538,0.444819],[-0.971227,0.233034,0.0491215],[-0.0611416,-0.443326,0.894273]],[[0.230173,0.865538,0.444819],[-0.964349,0.264202,-0.0150847],[-0.130579,-0.425489,0.895494]]],"btipPosition":[-24.1151,255.147,-33.0927],"carpPosition":[-1.10975,206.594,49.4787],"dipPosition":[-27.1107,245.386,-12.5491],"direction":[0.0611416,0.443327,-0.894273],"extended":false,"handId":469,"id":4690,"length":51.0864,"mcpPosition":[-1.10975,206.594,49.4787],"pipPosition":[-29.1542,230.569,17.3391],"stabilizedTipPosition":[-24.701,252.786,-28.5147],"timeVisible":2.39505,"tipPosition":[-24.7956,253.291,-27.8881],"tipVelocity":[-12.885,25.8605,20.4342],"tool":false,"touchDistance":-0.0546902,"touchZone":"touching","type":0,"width":19.8498},{"bases":[[[0.969222,0.233933,-0.0767084],[-0.139124,0.777515,0.613282],[0.203109,-0.583735,0.78613]],[[0.96139,0.254535,-0.104604],[-0.171897,0.852287,0.494023],[0.214899,-0.456967,0.863134]],[[0.96139,0.254535,-0.104604],[-0.221763,0.941657,0.253185],[0.162946,-0.220213,0.961746]],[[0.96139,0.254535,-0.104604],[-0.249758,0.966647,0.0566971],[0.115547,-0.0283823,0.992896]]],"btipPosition":[-25.3981,295.183,-76.0383],"carpPosition":[4.09512,228.149,56.4187],"dipPosition":[-23.4629,294.707,-59.4093],"direction":[-0.162946,0.220213,-0.961746],"extended":true,"handId":469,"id":4691,"length":57.6453,"mcpPosition":[-10.5522,270.246,-0.273527],"pipPosition":[-19.6023,289.49,-36.623],"stabilizedTipPosition":[-24.7597,294.97,-72.5973],"timeVisible":2.39505,"tipPosition":[-25.3994,296.232,-71.5641],"tipVelocity":[-8.5578,8.77544,16.7724],"tool":false,"touchDistance":0.38836,"touchZone":"hovering","type":1,"width":18.9605},{"bases":[[[0.997173,0.0169193,-0.0732124],[0.0312303,0.792866,0.608595],[0.0683446,-0.609161,0.790096]],[[0.995289,0.0312478,-0.0917825],[-0.0822685,0.773115,-0.628908],[0.0513064,0.633496,0.772043]],[[0.995289,0.0312478,-0.0917825],[-0.0697021,-0.427415,-0.901364],[-0.0673949,0.903515,-0.423224]],[[0.995289,0.0312478,-0.0917825],[-0.0196157,-0.862168,-0.506242],[-0.0949509,0.505657,-0.857493]]],"btipPosition":[11.8478,209.806,-6.84644],"carpPosition":[15.3183,232.577,56.0722],"dipPosition":[10.0987,219.121,-22.642],"direction":[0.0673949,-0.903515,0.423224],"extended":false,"handId":469,"id":4692,"length":65.6822,"mcpPosition":[10.6443,274.237,2.03824],"pipPosition":[8.22015,244.306,-34.4391],"stabilizedTipPosition":[11.5366,210.759,-11.1417],"timeVisible":2.39505,"tipPosition":[11.4167,211.895,-10.8982],"tipVelocity":[-3.29765,37.3629,21.7543],"tool":false,"touchDistance":0.333333,"touchZone":"none","type":2,"width":18.6218},{"bases":[[[0.991151,-0.132726,-0.00181406],[0.104557,0.772226,0.626686],[-0.0817768,-0.62133,0.77927]],[[0.988984,-0.147124,0.0162893],[0.118874,0.723831,-0.67966],[0.0882039,0.67411,0.733346]],[[0.988984,-0.147124,0.0162893],[-0.0582236,-0.48782,-0.871],[0.136092,0.860457,-0.491012]],[[0.988984,-0.147124,0.0162893],[-0.122804,-0.876945,-0.464636],[0.082644,0.457517,-0.885352]]],"btipPosition":[23.1893,210.852,4.67806],"carpPosition":[27.2402,233.969,55.0967],"dipPosition":[24.7029,219.231,-11.5369],"direction":[-0.136092,-0.860457,0.491012],"extended":false,"handId":469,"id":4693,"length":63.1552,"mcpPosition":[32.2615,272.12,7.24791],"pipPosition":[28.3984,242.596,-24.8701],"stabilizedTipPosition":[23.5734,211.807,0.466819],"timeVisible":2.39505,"tipPosition":[23.4897,212.637,0.786191],"tipVelocity":[-1.58966,41.6043,19.9364],"tool":false,"touchDistance":0.333333,"touchZone":"none","type":3,"width":17.7198},{"bases":[[[0.944033,-0.329504,-0.0151314],[0.249806,0.684234,0.685143],[-0.215404,-0.650577,0.728251]],[[0.929816,-0.366996,0.0274941],[0.299813,0.712037,-0.634914],[0.213434,0.598597,0.772093]],[[0.929816,-0.366996,0.0274941],[-0.139231,-0.41994,-0.896808],[0.340671,0.830039,-0.441565]],[[0.929816,-0.366996,0.0274941],[-0.300893,-0.801101,-0.517397],[0.211908,0.472811,-0.855304]]],"btipPosition":[34.452,220.974,6.60473],"carpPosition":[39.7182,228.646,51.8419],"dipPosition":[38.0325,228.963,-7.8466],"direction":[-0.34067,-0.830039,0.441565],"extended":false,"handId":469,"id":4694,"length":49.5125,"mcpPosition":[51.9616,265.624,10.4487],"pipPosition":[44.5639,244.877,-16.3124],"stabilizedTipPosition":[35.3342,221.738,2.71771],"timeVisible":2.39505,"tipPosition":[35.1849,222.579,3.0672],"tipVelocity":[-2.59593,40.1648,21.0082],"tool":false,"touchDistance":0.333333,"touchZone":"none","type":4,"width":15.7401}],"r":[[0.798871,0.459074,0.388659],[-0.506505,0.86193,0.0230076],[-0.324434,-0.215237,0.921095]],"s":1.09213,"t":[30.6994,4.2458,-51.6373],"timestamp":93397643405},false],[6,{"currentFrameRate":110.349,"devices":[],"gestures":[{"center":[-17.0143,283.273,-92.9744],"duration":17998,"handIds":[469],"id":1,"normal":[-0.94889,-0.200535,-0.243707],"pointableIds":[4691],"progress":0.790726,"radius":18.6193,"state":"update","type":"circle"}],"hands":[{"armBasis":[[0.978195,0.165136,-0.125952],[-0.121137,0.946264,0.299851],[0.1687,-0.278055,0.945635]],"armWidth":62.4607,"confidence":0.799016,"direction":[-0.0561394,0.722176,-0.689427],"elbow":[69.935,145.942,306.288],"grabStrength":0,"id":469,"palmNormal":[0.107379,-0.682144,-0.72329],"palmPosition":[15.3522,254.015,16.1631],"palmVelocity":[-8.27179,27.3828,20.7588],"palmWidth":89.1918,"pinchStrength":0.149042,"r":[[0.798344,0.459729,0.388969],[-0.507595,0.861265,0.0238761],[-0.324029,-0.2165,0.920941]],"s":1.09142,"sphereCenter":[5.3378,237.484,-27.0036],"sphereRadius":47.1357,"stabilizedPalmPosition":[15.425,253.817,15.9829],"t":[30.6435,4.39306,-51.5015],"timeVisible":2.4041,"type":"right","wrist":[25.2862,219.533,56.0126]}],"id":1679713,"interactionBox":{"center":[0,200,0],"size":[235.247,235.247,147.751]},"pointables":[{"bases":[[[0.292436,0.797177,0.528195],[-0.824976,-0.0690326,0.560936],[0.483628,-0.599786,0.637464]],[[0.229626,0.865958,0.444285],[-0.786396,-0.103884,0.608925],[0.573457,-0.489209,0.657132]],[[0.229626,0.865958,0.444285],[-0.971482,0.231655,0.0505848],[-0.0591164,-0.44323,0.894456]],[[0.229626,0.865958,0.444285],[-0.964381,0.264023,-0.016175],[-0.131308,-0.424745,0.89574]]],"btipPosition":[-24.1993,255.181,-33.0266],"carpPosition":[-1.12753,206.686,49.5711],"dipPosition":[-27.2116,245.437,-12.4773],"direction":[0.0591164,0.44323,-0.894456],"extended":false,"handId":469,"id":4690,"length":51.0864,"mcpPosition":[-1.12753,206.686,49.5711],"pipPosition":[-29.1874,230.623,17.417],"stabilizedTipPosition":[-24.7892,252.857,-28.4157],"timeVisible":2.4041,"tipPosition":[-24.8748,253.336,-27.8223],"tipVelocity":[-12.0102,19.8747,16.8481],"tool":false,"touchDistance":-0.0535665,"touchZone":"touching","type":0,"width":19.8498},{"bases":[[[0.969114,0.234262,-0.0770624],[-0.139123,0.777349,0.613492],[0.203622,-0.583823,0.785932]],[[0.961344,0.254672,-0.104686],[-0.172684,0.853762,0.491194],[0.21447,-0.454129,0.864737]],[[0.961344,0.254672,-0.104686],[-0.222339,0.942249,0.250464],[0.162427,-0.217506,0.962449]],[[0.961344,0.254672,-0.104686],[-0.250152,0.966673,0.0544776],[0.115071,-0.0261843,0.993012]]],"btipPosition":[-25.4187,295.061,-76.0155],"carpPosition":[4.07321,228.241,56.5133],"dipPosition":[-23.4915,294.622,-59.3846],"direction":[-0.162427,0.217506,-0.962449],"extended":true,"handId":469,"id":4691,"length":57.6453,"mcpPosition":[-10.6111,270.344,-0.164657],"pipPosition":[-19.6432,289.469,-36.5816],"stabilizedTipPosition":[-24.7898,294.968,-72.5406],"timeVisible":2.4041,"tipPosition":[-25.4164,296.114,-71.5508],"tipVelocity":[-6.87997,2.89265,12.8492],"tool":false,"touchDistance":0.383205,"touchZone":"hovering","type":1,"width":18.9605},{"bases":[[[0.997137,0.0172572,-0.0736205],[0.0312242,0.792757,0.608738],[0.0688682,-0.609294,0.789948]],[[0.995254,0.0314998,-0.092072],[-0.0826444,0.773128,-0.628842],[0.0513751,0.633467,0.772062]],[[0.995254,0.0314998,-0.092072],[-0.0698103,-0.428043,-0.901058],[-0.067794,0.903209,-0.423813]],[[0.995254,0.0314998,-0.092072],[-0.0194533,-0.862657,-0.505415],[-0.0953471,0.504807,-0.85795]]],"btipPosition":[11.8037,209.937,-6.72161],"carpPosition":[15.2948,232.673,56.163],"dipPosition":[10.0473,219.235,-22.5256],"direction":[0.067794,-0.903209,0.423813],"extended":false,"handId":469,"id":4692,"length":65.6822,"mcpPosition":[10.585,274.342,2.13915],"pipPosition":[8.15761,244.412,-34.3391],"stabilizedTipPosition":[11.5114,211.001,-10.9971],"timeVisible":2.4041,"tipPosition":[11.3721,212.016,-10.7769],"tipVelocity":[-3.78309,30.9154,19.4947],"tool":false,"touchDistance":0.333333,"touchZone":"none","type":2,"width":18.6218},{"bases":[[[0.991193,-0.132404,-0.00224906],[0.104565,0.772137,0.626794],[-0.0812537,-0.621509,0.779182]],[[0.989043,-0.146777,0.0158148],[0.118326,0.724124,-0.679444],[0.0882747,0.67387,0.733557]],[[0.989043,-0.146777,0.0158148],[-0.0584522,-0.487727,-0.871037],[0.135561,0.860569,-0.490963]],[[0.989043,-0.146777,0.0158148],[-0.122721,-0.877002,-0.46455],[0.0820547,0.457519,-0.885406]]],"btipPosition":[23.155,210.97,4.