{"sensorType":"Leap","data":[[0,{"currentFrameRate":55.2866,"devices":[],"gestures":[],"hands":[{"armBasis":[[0.989842,0.109541,-0.0906251],[-0.0828287,0.962421,0.258621],[0.115549,-0.248488,0.961718]],"armWidth":62.4607,"confidence":0.74762,"direction":[0.0165437,0.742386,-0.669768],"elbow":[59.6599,146.618,302.74],"grabStrength":0,"id":469,"palmNormal":[0.109015,-0.667206,-0.736853],"palmPosition":[22.9889,248.401,8.94755],"palmVelocity":[-23.361,113.042,16.6876],"palmWidth":89.1918,"pinchStrength":0.220454,"r":[[0.80291,0.439735,0.402454],[-0.473382,0.880676,-0.0178413],[-0.362277,-0.17619,0.915266]],"s":1.10079,"sphereCenter":[13.3773,235.203,-33.4316],"sphereRadius":46.8983,"stabilizedPalmPosition":[23.0479,248.1,8.90912],"t":[38.6413,-3.11699,-58.8728],"timeVisible":13.5307,"type":"right","wrist":[29.0781,212.384,48.2078]}],"id":1680408,"interactionBox":{"center":[0,200,0],"size":[235.247,235.247,147.751]},"pointables":[{"bases":[[[0.305666,0.766106,0.565375],[-0.855096,-0.040294,0.516902],[0.418783,-0.64145,0.642778]],[[0.239499,0.853534,0.462731],[-0.830379,-0.0668912,0.553169],[0.503101,-0.516726,0.692736]],[[0.239499,0.853534,0.462731],[-0.956934,0.288058,-0.0360521],[-0.164065,-0.434169,0.885765]],[[0.239499,0.853534,0.462731],[-0.936461,0.328886,-0.121959],[-0.256282,-0.404121,0.878069]]],"btipPosition":[-10.8521,250.196,-43.5604],"carpPosition":[2.40247,201.131,40.0836],"dipPosition":[-16.7315,240.925,-23.4166],"direction":[0.164065,0.434169,-0.885765],"extended":false,"handId":469,"id":4690,"length":51.0864,"mcpPosition":[2.40247,201.131,40.0836],"pipPosition":[-22.2148,226.415,6.18727],"stabilizedTipPosition":[-12.1674,247.872,-38.9563],"timeVisible":13.5307,"tipPosition":[-12.0367,247.419,-39.222],"tipVelocity":[-28.3214,135.53,23.6007],"tool":false,"touchDistance":-0.0691215,"touchZone":"touching","type":0,"width":19.8498},{"bases":[[[0.98257,0.184609,-0.0217921],[-0.130144,0.766872,0.628467],[0.132732,-0.614677,0.777531]],[[0.976168,0.210126,-0.0542553],[-0.151725,0.839552,0.521663],[0.155165,-0.500999,0.851425]],[[0.976168,0.210126,-0.0542553],[-0.185944,0.938744,0.290146],[0.111899,-0.273142,0.955443]],[[0.976168,0.210126,-0.0542553],[-0.204129,0.973909,0.0991633],[0.0736765,-0.085725,0.993591]]],"btipPosition":[-11.6474,295.52,-83.2974],"carpPosition":[8.34427,222.187,47.9087],"dipPosition":[-10.4135,294.085,-66.6568],"direction":[-0.111899,0.273142,-0.955443],"extended":true,"handId":469,"id":4691,"length":57.6453,"mcpPosition":[-1.2278,266.515,-8.16346],"pipPosition":[-7.76232,287.613,-44.0198],"stabilizedTipPosition":[-11.1703,294.27,-79.6364],"timeVisible":13.5307,"tipPosition":[-11.8011,296.216,-78.9807],"tipVelocity":[-27.3405,118.837,25.938],"tool":false,"touchDistance":0.476991,"touchZone":"hovering","type":1,"width":18.9605},{"bases":[[[0.999163,-0.0335895,-0.0233613],[0.0407905,0.773361,0.632653],[-0.00318383,-0.633076,0.774083]],[[0.999161,-0.033839,-0.0230563],[0.0110523,0.765049,-0.643878],[0.0394273,0.643083,0.764781]],[[0.999161,-0.033839,-0.0230563],[-0.0382323,-0.569353,-0.821203],[0.0146615,0.821396,-0.570169]],[[0.999161,-0.033839,-0.0230563],[-0.0393077,-0.950388,-0.308572],[-0.0114706,0.30922,-0.950921]]],"btipPosition":[17.94,210.345,-7.41522],"carpPosition":[19.7825,226.026,48.2482],"dipPosition":[17.7287,216.041,-24.9318],"direction":[-0.0146615,-0.821396,0.570169],"extended":false,"handId":469,"id":4692,"length":65.6822,"mcpPosition":[20.0002,269.321,-4.69069],"pipPosition":[18.1373,238.937,-40.8249],"stabilizedTipPosition":[17.9986,210.241,-11.4625],"timeVisible":13.5307,"tipPosition":[17.8695,211.709,-11.2737],"tipVelocity":[-11.4124,118.977,3.09517],"tool":false,"touchDistance":0.333333,"touchZone":"none","type":2,"width":18.6218},{"bases":[[[0.981867,-0.184589,0.043181],[0.11195,0.748409,0.653721],[-0.152987,-0.637032,0.755503]],[[0.983105,-0.179286,0.0368978],[0.157558,0.72625,-0.669131],[0.0931687,0.66364,0.742228]],[[0.983105,-0.179286,0.0368978],[-0.0793736,-0.599197,-0.796657],[0.164938,0.780269,-0.603304]],[[0.983105,-0.179286,0.0368978],[-0.161266,-0.943723,-0.288755],[0.0865909,0.277926,-0.956692]]],"btipPosition":[31.0427,210.587,2.91167],"carpPosition":[31.7942,226.815,47.9041],"dipPosition":[32.6286,215.677,-14.6099],"direction":[-0.164938,-0.780269,0.603304],"extended":false,"handId":469,"id":4693,"length":63.1552,"mcpPosition":[41.1879,265.93,1.51471],"pipPosition":[37.1074,236.865,-30.9923],"stabilizedTipPosition":[31.567,209.991,-1.12732],"timeVisible":13.5307,"tipPosition":[31.3766,211.844,-1.02938],"tipVelocity":[-11.6853,119.504,0.562901],"tool":false,"touchDistance":0.333333,"touchZone":"none","type":3,"width":17.7198},{"bases":[[[0.925476,-0.378182,0.0217209],[0.249344,0.651348,0.71664],[-0.285168,-0.657818,0.697105]],[[0.941706,-0.33568,-0.0225558],[0.254352,0.754227,-0.605348],[0.220215,0.564322,0.795642]],[[0.941706,-0.33568,-0.0225558],[-0.199544,-0.5033,-0.840756],[0.270873,0.796246,-0.540944]],[[0.941706,-0.33568,-0.0225558],[-0.320954,-0.876244,-0.359422],[0.100887,0.34571,-0.932902]]],"btipPosition":[45.8108,217.656,4.04626],"carpPosition":[44.1327,220.932,45.1128],"dipPosition":[47.5154,223.497,-11.7162],"direction":[-0.270873,-0.796246,0.540944],"extended":false,"handId":469,"id":4694,"length":49.5125,"mcpPosition":[60.3414,258.322,5.48993],"pipPosition":[52.7087,238.763,-22.0873],"stabilizedTipPosition":[46.4424,216.949,0.274984],"timeVisible":13.5307,"tipPosition":[46.2909,219.03,0.339655],"tipVelocity":[-14.1189,122.366,7.92245],"tool":false,"touchDistance":0.333333,"touchZone":"none","type":4,"width":15.7401}],"r":[[0.80291,0.439735,0.402454],[-0.473382,0.880676,-0.0178413],[-0.362277,-0.17619,0.915266]],"s":1.10079,"t":[38.6413,-3.11699,-58.8728],"timestamp":93408779095},false],[1,{"currentFrameRate":55.3608,"devices":[],"gestures":[],"hands":[{"armBasis":[[0.989265,0.110728,-0.0953628],[-0.0821758,0.961142,0.26354],[0.120839,-0.252875,0.959923]],"armWidth":62.4607,"confidence":0.752643,"direction":[0.0140125,0.742382,-0.66983],"elbow":[61.0197,147.319,302.205],"grabStrength":0,"id":469,"palmNormal":[0.106222,-0.66721,-0.737257],"palmPosition":[22.8006,250.262,8.91089],"palmVelocity":[-17.3521,109.049,7.87434],"palmWidth":89.1918,"pinchStrength":0.216328,"r":[[0.802508,0.439275,0.403755],[-0.475599,0.879585,-0.0116601],[-0.360259,-0.182668,0.914793]],"s":1.10046,"sphereCenter":[13.2921,236.954,-33.4865],"sphereRadius":46.8779,"stabilizedPalmPosition":[22.8222,250.073,8.91074],"t":[38.3387,-1.16435,-58.7454],"timeVisible":13.5485,"type":"right","wrist":[29.0381,214.246,48.1479]}],"id":1680409,"interactionBox":{"center":[0,200,0],"size":[235.247,235.247,147.751]},"pointables":[{"bases":[[[0.307807,0.766108,0.564211],[-0.853134,-0.0402875,0.520134],[0.421209,-0.641449,0.641192]],[[0.242493,0.852137,0.463745],[-0.827889,-0.0674383,0.556823],[0.505764,-0.518955,0.689121]],[[0.242493,0.852137,0.463745],[-0.957055,0.288402,-0.029495],[-0.158879,-0.436677,0.885477]],[[0.242493,0.852137,0.463745],[-0.936841,0.329867,-0.116259],[-0.252043,-0.406264,0.878308]]],"btipPosition":[-11.3236,252.3,-43.3381],"carpPosition":[2.33183,202.993,40.1249],"dipPosition":[-17.1057,242.98,-23.1888],"direction":[0.158879,0.436677,-0.885477],"extended":false,"handId":469,"id":4690,"length":51.0864,"mcpPosition":[2.33183,202.993,40.1249],"pipPosition":[-22.4157,228.386,6.40542],"stabilizedTipPosition":[-12.6253,250.024,-38.7184],"timeVisible":13.5485,"tipPosition":[-12.4691,249.478,-39.0206],"tipVelocity":[-26.8647,127.065,18.4074],"tool":false,"touchDistance":-0.0716204,"touchZone":"touching","type":0,"width":19.8498},{"bases":[[[0.982482,0.184604,-0.0255111],[-0.127761,0.766876,0.628951],[0.135671,-0.614673,0.777026]],[[0.97617,0.209384,-0.0570075],[-0.150177,0.841454,0.51904],[0.156648,-0.49811,0.852847]],[[0.97617,0.209384,-0.0570075],[-0.185207,0.940771,0.283988],[0.113094,-0.266662,0.957132]],[[0.97617,0.209384,-0.0570075],[-0.203813,0.974823,0.0904493],[0.0745109,-0.0766751,0.994268]]],"btipPosition":[-12.005,296.955,-83.3536],"carpPosition":[8.3033,224.049,47.9273],"dipPosition":[-10.7571,295.671,-66.7017],"direction":[-0.113094,0.266662,-0.957132],"extended":true,"handId":469,"id":4691,"length":57.6453,"mcpPosition":[-1.48069,268.376,-8.10844],"pipPosition":[-8.07765,289.353,-44.0247],"stabilizedTipPosition":[-11.5509,295.931,-79.5581],"timeVisible":13.5485,"tipPosition":[-12.1726,297.726,-79.0224],"tipVelocity":[-23.8433,101.774,12.3284],"tool":false,"touchDistance":0.461821,"touchZone":"hovering","type":1,"width":18.9605},{"bases":[[[0.999067,-0.0335943,-0.0271419],[0.0431879,0.773364,0.63249],[-0.000257476,-0.633072,0.774093]],[[0.999067,-0.0338624,-0.0268141],[0.00861331,0.764514,-0.644549],[0.0423258,0.643717,0.764092]],[[0.999067,-0.0338624,-0.0268141],[-0.0413424,-0.569898,-0.820674],[0.0125087,0.821017,-0.570766]],[[0.999067,-0.0338624,-0.0268141],[-0.0404861,-0.950474,-0.308156],[-0.0150512,0.308954,-0.950958]]],"btipPosition":[17.6891,212.192,-7.39073],"carpPosition":[19.7427,227.887,48.2235],"dipPosition":[17.4118,217.883,-24.908],"direction":[-0.0125087,-0.821017,0.570767],"extended":false,"handId":469,"id":4692,"length":65.6822,"mcpPosition":[19.7603,271.183,-4.71604],"pipPosition":[17.7605,240.769,-40.8177],"stabilizedTipPosition":[17.7765,212.181,-11.437],"timeVisible":13.5485,"tipPosition":[17.6048,213.56,-11.2703],"tipVelocity":[-13.0707,111.781,2.28262],"tool":false,"touchDistance":0.333333,"touchZone":"none","type":2,"width":18.6218},{"bases":[[[0.982022,-0.184593,0.039466],[0.114426,0.748412,0.653289],[-0.150129,-0.637028,0.75608]],[[0.983235,-0.179297,0.0331864],[0.155035,0.726218,-0.669755],[0.0959846,0.663672,0.74184]],[[0.983235,-0.179297,0.0331864],[-0.0824464,-0.59948,-0.796132],[0.162639,0.780049,-0.604212]],[[0.983235,-0.179297,0.0331864],[-0.162406,-0.943856,-0.28768],[0.0829034,0.277467,-0.957151]]],"btipPosition":[30.8328,212.461,2.85615],"carpPosition":[31.753,228.677,47.834],"dipPosition":[32.3511,217.543,-14.6738],"direction":[-0.162639,-0.780049,0.604212],"extended":false,"handId":469,"id":4693,"length":63.1552,"mcpPosition":[40.9713,267.791,1.40915],"pipPosition":[36.7675,238.725,-31.0809],"stabilizedTipPosition":[31.3537,212.007,-1.15416],"timeVisible":13.5485,"tipPosition":[31.1515,213.711,-1.09258],"tipVelocity":[-12.1438,112.761,-1.21866],"tool":false,"touchDistance":0.333333,"touchZone":"none","type":3,"width":17.7198},{"bases":[[[0.92555,-0.378186,0.0182204],[0.252057,0.65135,0.715688],[-0.282531,-0.657813,0.698182]],[[0.941628,-0.335638,-0.0261655],[0.252,0.75425,-0.606302],[0.223233,0.564317,0.794804]],[[0.941628,-0.335638,-0.0261655],[-0.202722,-0.503247,-0.840027],[0.268777,0.796297,-0.541913]],[[0.941628,-0.335638,-0.0261655],[-0.322281,-0.876224,-0.358283],[0.0973265,0.345802,-0.933246]]],"btipPosition":[45.6048,219.515,3.92165],"carpPosition":[44.0808,222.794,44.996],"dipPosition":[47.2493,225.358,-11.8466],"direction":[-0.268777,-0.796297,0.541913],"extended":false,"handId":469,"id":4694,"length":49.5125,"mcpPosition":[60.1397,260.184,5.3119],"pipPosition":[52.4024,240.624,-22.2363],"stabilizedTipPosition":[46.1975,219.033,0.285629],"timeVisible":13.5485,"tipPosition":[46.0696,220.89,0.214643],"tipVelocity":[-13.2845,113.931,0.872781],"tool":false,"touchDistance":0.333333,"touchZone":"none","type":4,"width":15.7401}],"r":[[0.802508,0.439275,0.403755],[-0.475599,0.879585,-0.0116601],[-0.360259,-0.182668,0.914793]],"s":1.10046,"t":[38.3387,-1.16435,-58.7454],"timestamp":93408796902},false],[2,{"currentFrameRate":55.3405,"devices":[],"gestures":[],"hands":[{"armBasis":[[0.98926,0.11241,-0.0934281],[-0.0836144,0.959482,0.269078],[0.11989,-0.258376,0.958576]],"armWidth":62.4607,"confidence":0.759431,"direction":[0.0117152,0.741382,-0.670981],"elbow":[60.88,147.256,301.991],"grabStrength":0,"id":469,"palmNormal":[0.105907,-0.668173,-0.73643],"palmPosition":[22.7886,251.586,9.01023],"palmVelocity":[-9.39957,91.8653,6.73208],"palmWidth":89.1918,"pinchStrength":0.211525,"r":[[0.802201,0.439265,0.404376],[-0.477628,0.878536,-0.00681572],[-0.358253,-0.187674,0.914567]],"s":1.10007,"sphereCenter":[13.4913,238.08,-33.4153],"sphereRadius":46.8661,"stabilizedPalmPosition":[22.7904,251.503,9.00478],"t":[38.1814,0.473876,-58.6319],"timeVisible":13.5667,"type":"right","wrist":[29.1496,215.639,48.2908]}],"id":1680410,"interactionBox":{"center":[0,200,0],"size":[235.247,235.247,147.751]},"pointables":[{"bases":[[[0.307666,0.767423,0.562498],[-0.852148,-0.0407659,0.521711],[0.423304,-0.639844,0.641415]],[[0.243881,0.851136,0.464855],[-0.826155,-0.0687096,0.559238],[0.507928,-0.520429,0.686413]],[[0.243881,0.851136,0.464855],[-0.957478,0.2875,-0.0240738],[-0.154136,-0.439217,0.88506]],[[0.243881,0.851136,0.464855],[-0.937318,0.329894,-0.112274],[-0.248913,-0.408335,0.87824]]],"btipPosition":[-11.5457,253.846,-42.9826],"carpPosition":[2.44589,204.334,40.3324],"dipPosition":[-17.2561,244.478,-22.8348],"direction":[0.154136,0.439217,-0.88506],"extended":false,"handId":469,"id":4690,"length":51.0864,"mcpPosition":[2.44589,204.334,40.3324],"pipPosition":[-22.4076,229.799,6.74544],"stabilizedTipPosition":[-12.8496,251.624,-38.3636],"timeVisible":13.5667,"tipPosition":[-12.6489,250.953,-38.7016],"tipVelocity":[-19.467,106.832,18.9659],"tool":false,"touchDistance":-0.0672073,"touchZone":"touching","type":0,"width":19.8498},{"bases":[[[0.982159,0.186028,-0.0275392],[-0.127787,0.767641,0.628011],[0.137968,-0.613287,0.777717]],[[0.976,0.209908,-0.0579825],[-0.150987,0.844137,0.514427],[0.156928,-0.493326,0.855572]],[[0.976,0.209908,-0.0579825],[-0.18642,0.942969,0.275784],[0.112565,-0.258356,0.959469]],[[0.976,0.209908,-0.0579825],[-0.205056,0.97549,0.0798231],[0.0733169,-0.0660177,0.995121]]],"btipPosition":[-12.0534,297.64,-83.423],"carpPosition":[8.39979,225.41,48.0922],"dipPosition":[-10.8255,296.535,-66.7568],"direction":[-0.112565,0.258356,-0.959469],"extended":true,"handId":469,"id":4691,"length":57.6453,"mcpPosition":[-1.54982,269.638,-7.99338],"pipPosition":[-8.15857,290.414,-44.0244],"stabilizedTipPosition":[-11.7043,296.945,-79.5802],"timeVisible":13.5667,"tipPosition":[-12.2477,298.491,-79.0787],"tipVelocity":[-13.8763,72.3562,4.71964],"tool":false,"touchDistance":0.447981,"touchZone":"hovering","type":1,"width":18.9605},{"bases":[[[0.999066,-0.0321481,-0.0288679],[0.0431579,0.774389,0.631236],[0.00206195,-0.631893,0.775053]],[[0.999067,-0.0324128,-0.0285433],[0.00631977,0.76349,-0.645788],[0.0427243,0.645005,0.762983]],[[0.999067,-0.0324128,-0.0285433],[-0.0419523,-0.571273,-0.819688],[0.0102623,0.82012,-0.572099]],[[0.999067,-0.0324128,-0.0285433],[-0.0396132,-0.951015,-0.306596],[-0.0172075,0.30744,-0.951412]]],"btipPosition":[17.7052,213.483,-7.21978],"carpPosition":[19.834,229.267,48.3622],"dipPosition":[17.3883,219.146,-24.7454],"direction":[-0.0102623,-0.82012,0.572099],"extended":false,"handId":469,"id":4692,"length":65.6822,"mcpPosition":[19.693,272.481,-4.64304],"pipPosition":[17.6743,242.006,-40.6923],"stabilizedTipPosition":[17.6921,213.706,-11.3279],"timeVisible":13.5667,"tipPosition":[17.6121,214.844,-11.1047],"tipVelocity":[-6.65973,92.2524,5.63407],"tool":false,"touchDistance":0.333333,"touchZone":"none","type":2,"width":18.6218},{"bases":[[[0.982365,-0.183071,0.0379996],[0.11447,0.749575,0.651946],[-0.147836,-0.636099,0.757313]],[[0.983546,-0.177841,0.0317799],[0.15276,0.724777,-0.671835],[0.0964467,0.665636,0.740018]],[[0.983546,-0.177841,0.0317799],[-0.083192,-0.602004,-0.794148],[0.160364,0.778437,-0.606893]],[[0.983546,-0.177841,0.0317799],[-0.161659,-0.944912,-0.284619],[0.0806462,0.274798,-0.958114]]],"btipPosition":[30.8642,213.807,3.06678],"carpPosition":[31.8424,230.073,47.9501],"dipPosition":[32.3412,218.84,-14.4808],"direction":[-0.160364,-0.778437,0.606893],"extended":false,"handId":469,"id":4693,"length":63.1552,"mcpPosition":[40.9198,269.131,1.44956],"pipPosition":[36.6958,239.978,-30.9607],"stabilizedTipPosition":[31.2716,213.628,-1.05281],"timeVisible":13.5667,"tipPosition":[31.1757,215.038,-0.915129],"tipVelocity":[-5.78374,94.0978,4.78703],"tool":false,"touchDistance":0.333333,"touchZone":"none","type":3,"width":17.7198},{"bases":[[[0.926144,-0.37678,0.0171486],[0.252357,0.652813,0.714248],[-0.280309,-0.657169,0.699682]],[[0.941937,-0.334711,-0.0268815],[0.250409,0.753514,-0.607875],[0.223718,0.565849,0.793578]],[[0.941937,-0.334711,-0.0268815],[-0.203156,-0.504311,-0.839284],[0.267361,0.796014,-0.543028]],[[0.941937,-0.334711,-0.0268815],[-0.32177,-0.876826,-0.357268],[0.0960111,0.345173,-0.933615]]],"btipPosition":[45.6042,220.852,4.00963],"carpPosition":[44.1739,224.205,45.0992],"dipPosition":[47.2264,226.684,-11.7649],"direction":[-0.267361,-0.796014,0.543028],"extended":false,"handId":469,"id":4694,"length":49.5125,"mcpPosition":[60.1065,261.558,5.32977],"pipPosition":[52.3523,241.945,-22.1759],"stabilizedTipPosition":[46.0808,220.708,0.336445],"timeVisible":13.5667,"tipPosition":[46.0703,222.228,0.309157],"tipVelocity":[-7.1078,94.7008,2.72961],"tool":false,"touchDistance":0.333333,"touchZone":"none","type":4,"width":15.7401}],"r":[[0.802201,0.439265,0.404376],[-0.477628,0.878536,-0.00681572],[-0.358253,-0.187674,0.914567]],"s":1.10007,"t":[38.1814,0.473876,-58.6319],"timestamp":93408815042},false],[3,{"currentFrameRate":55.3606,"devices":[],"gestures":[],"hands":[{"armBasis":[[0.98909,0.117664,-0.0886311],[-0.0892163,0.957242,0.275187],[0.117221,-0.264277,0.957297]],"armWidth":62.4607,"confidence":0.757729,"direction":[0.0107667,0.740364,-0.67212],"elbow":[60.2242,147.79,301.943],"grabStrength":0,"id":469,"palmNormal":[0.11126,-0.668872,-0.735004],"palmPosition":[22.8158,253.592,9.22254],"palmVelocity":[-4.23081,101.159,9.13186],"palmWidth":89.1918,"pinchStrength":0.204331,"r":[[0.801304,0.440076,0.405272],[-0.48,0.877261,-0.00354147],[-0.357088,-0.191693,0.914189]],"s":1.09977,"sphereCenter":[13.9393,239.862,-33.2838],"sphereRadius":46.8731,"stabilizedPalmPosition":[22.8149,253.514,9.21439],"t":[38.1163,2.29604,-58.4691],"timeVisible":13.5847,"type":"right","wrist":[29.2,217.735,48.5815]}],"id":1680411,"interactionBox":{"center":[0,200,0],"size":[235.247,235.247,147.751]},"pointables":[{"bases":[[[0.302462,0.769633,0.5623],[-0.853709,-0.0436226,0.51892],[0.423907,-0.636994,0.643849]],[[0.241027,0.850223,0.468003],[-0.826484,-0.0729689,0.558212],[0.508754,-0.521341,0.685108]],[[0.241027,0.850223,0.468003],[-0.958568,0.283994,-0.0222595],[-0.151836,-0.443247,0.883446]],[[0.241027,0.850223,0.468003],[-0.938282,0.327391,-0.111546],[-0.248058,-0.412233,0.876659]]],"btipPosition":[-11.5563,256.083,-42.6092],"carpPosition":[2.57225,206.302,40.5517],"dipPosition":[-17.247,246.626,-22.4977],"direction":[0.151836,0.443247,-0.883446],"extended":false,"handId":469,"id":4690,"length":51.0864,"mcpPosition":[2.57225,206.302,40.5517],"pipPosition":[-22.3216,231.812,7.02867],"stabilizedTipPosition":[-12.8647,253.836,-37.9954],"timeVisible":13.5847,"tipPosition":[-12.6004,253.095,-38.3873],"tipVelocity":[-10.4052,114.573,19.5924],"tool":false,"touchDistance":-0.0640923,"touchZone":"touching","type":0,"width":19.8498},{"bases":[[[0.981433,0.190226,-0.0245474],[-0.133205,0.768074,0.626354],[0.138003,-0.611455,0.779152]],[[0.975504,0.213244,-0.054035],[-0.156815,0.846347,0.509024],[0.154279,-0.488081,0.859055]],[[0.975504,0.213244,-0.054035],[-0.191687,0.944495,0.266806],[0.107931,-0.249913,0.962234]],[[0.975504,0.213244,-0.054035],[-0.209431,0.975421,0.0685064],[0.0673154,-0.0555116,0.996186]]],"btipPosition":[-11.7248,298.917,-83.5509],"carpPosition":[8.40908,227.416,48.2978],"dipPosition":[-10.5975,297.988,-66.8668],"direction":[-0.107931,0.249913,-0.962234],"extended":true,"handId":469,"id":4691,"length":57.6453,"mcpPosition":[-1.54309,271.512,-7.89125],"pipPosition":[-8.04028,292.067,-44.0689],"stabilizedTipPosition":[-11.5415,298.144,-79.6712],"timeVisible":13.5847,"tipPosition":[-11.9656,299.84,-79.1983],"tipVelocity":[0.737407,72.7632,-0.774398],"tool":false,"touchDistance":0.434659,"touchZone":"hovering","type":1,"width":18.9605},{"bases":[[[0.999287,-0.0278766,-0.0254715],[0.0376976,0.775565,0.630141],[0.00218863,-0.630652,0.776063]],[[0.999288,-0.0281234,-0.0251677],[0.00514169,0.762095,-0.647445],[0.0373886,0.646854,0.761697]],[[0.999288,-0.0281234,-0.0251677],[-0.0367494,-0.573273,-0.81854],[0.00859216,0.818881,-0.573898]],[[0.999288,-0.0281234,-0.0251677],[-0.0344633,-0.951793,-0.304799],[-0.0153825,0.305449,-0.952084]]],"btipPosition":[17.9532,215.437,-6.9278],"carpPosition":[19.8255,231.322,48.6],"dipPosition":[17.6698,221.064,-24.4658],"direction":[-0.00859216,-0.818881,0.573898],"extended":false,"handId":469,"id":4692,"length":65.6822,"mcpPosition":[19.6759,274.452,-4.47434],"pipPosition":[17.9093,243.89,-40.4629],"stabilizedTipPosition":[17.8028,215.416,-11.1208],"timeVisible":13.5847,"tipPosition":[17.867,216.792,-10.8334],"tipVelocity":[3.2248,99.79,10.5763],"tool":false,"touchDistance":0.333333,"touchZone":"none","type":2,"width":18.6218},{"bases":[[[0.983013,-0.178764,0.0415804],[0.109046,0.751093,0.651129],[-0.147629,-0.635534,0.757827]],[[0.98419,-0.173548,0.0353663],[0.151886,0.724287,-0.672561],[0.0911061,0.6673,0.739196]],[[0.98419,-0.173548,0.0353663],[-0.0779596,-0.603778,-0.793331],[0.159034,0.778032,-0.607762]],[[0.98419,-0.173548,0.0353663],[-0.156647,-0.946107,-0.28345],[0.0826524,0.273429,-0.958335]]],"btipPosition":[31.074,215.843,3.37551],"carpPosition":[31.8317,232.18,48.2268],"dipPosition":[32.5878,220.851,-14.1761],"direction":[-0.159034,-0.778032,0.607762],"extended":false,"handId":469,"id":4693,"length":63.1552,"mcpPosition":[40.8964,271.203,1.69463],"pipPosition":[36.9063,241.978,-30.6796],"stabilizedTipPosition":[31.3517,215.418,-0.844652],"timeVisible":13.5847,"tipPosition":[31.3941,217.066,-0.611828],"tipVelocity":[2.70261,102.956,10.6219],"tool":false,"touchDistance":0.333333,"touchZone":"none","type":3,"width":17.7198},{"bases":[[[0.927699,-0.372747,0.0208505],[0.247139,0.655026,0.714047],[-0.279816,-0.657267,0.699787]],[[0.943334,-0.331061,-0.0228011],[0.249784,0.753616,-0.608005],[0.21847,0.567856,0.793606]],[[0.943334,-0.331061,-0.0228011],[-0.19791,-0.506113,-0.839453],[0.266371,0.796397,-0.542953]],[[0.943334,-0.331061,-0.0228011],[-0.316952,-0.878512,-0.357432],[0.098301,0.344405,-0.933661]]],"btipPosition":[45.7624,222.949,4.32936],"carpPosition":[44.1979,226.361,45.4265],"dipPosition":[47.4233,228.768,-11.4459],"direction":[-0.266371,-0.796397,0.542953],"extended":false,"handId":469,"id":4694,"length":49.5125,"mcpPosition":[60.1024,263.719,5.65113],"pipPosition":[52.5302,244.037,-21.8556],"stabilizedTipPosition":[46.1137,222.561,0.525127],"timeVisible":13.5847,"tipPosition":[46.2417,224.321,0.637291],"tipVelocity":[0.656877,104.978,9.84835],"tool":false,"touchDistance":0.333333,"touchZone":"none","type":4,"width":15.7401}],"r":[[0.801304,0.440076,0.405272],[-0.48,0.877261,-0.00354147],[-0.357088,-0.191693,0.914189]],"s":1.09977,"t":[38.1163,2.29604,-58.4691],"timestamp":93408833036},false],[4,{"currentFrameRate":55.3594,"devices":[],"gestures":[],"hands":[{"armBasis":[[0.989107,0.118774,-0.0869431],[-0.0906309,0.956846,0.2761],[0.115985,-0.265213,0.957188]],"armWidth":62.4607,"confidence":0.744865,"direction":[0.01174,0.740475,-0.671981],"elbow":[59.9168,148.702,302.095],"grabStrength":0,"id":469,"palmNormal":[0.113434,-0.668676,-0.734851],"palmPosition":[22.8982,254.753,9.3937],"palmVelocity":[-0.0550318,83.6296,9.29394],"palmWidth":89.1918,"pinchStrength":0.198562,"r":[[0.800334,0.440828,0.40637],[-0.482025,0.876157,-0.00111591],[-0.356536,-0.194988,0.913708]],"s":1.09961,"sphereCenter":[14.2795,240.956,-33.1761],"sphereRadius":46.8796,"stabilizedPalmPosition":[22.8961,254.722,9.38917],"t":[38.125,3.78763,-58.3021],"timeVisible":13.6027,"type":"right","wrist":[29.2198,218.895,48.7616]}],"id":1680412,"interactionBox":{"center":[0,200,0],"size":[235.247,235.247,147.751]},"pointables":[{"bases":[[[0.300605,0.769774,0.563103],[-0.854855,-0.0443427,0.516969],[0.422919,-0.636775,0.644715]],[[0.24099,0.848427,0.471271],[-0.826948,-0.0746703,0.557298],[0.508016,-0.524019,0.68361]],[[0.24099,0.848427,0.471271],[-0.958608,0.283953,-0.0210049],[-0.15164,-0.446702,0.881738]],[[0.24099,0.848427,0.471271],[-0.938533,0.327379,-0.109451],[-0.247145,-0.415926,0.875171]]],"btipPosition":[-11.501,257.555,-42.3268],"carpPosition":[2.61891,207.443,40.6696],"dipPosition":[-17.1708,248.013,-22.2495],"direction":[0.15164,0.446702,-0.881738],"extended":false,"handId":469,"id":4690,"length":51.0864,"mcpPosition":[2.61891,207.443,40.6696],"pipPosition":[-22.2389,233.084,7.21979],"stabilizedTipPosition":[-12.8065,255.324,-37.7159],"timeVisible":13.6027,"tipPosition":[-12.5145,254.513,-38.1373],"tipVelocity":[-3.88261,98.3424,17.5019],"tool":false,"touchDistance":-0.0595176,"touchZone":"touching","type":0,"width":19.8498},{"bases":[[[0.981344,0.190966,-0.0222856],[-0.135206,0.767877,0.626166],[0.136689,-0.611471,0.779371]],[[0.975675,0.213246,-0.0508326],[-0.158768,0.847253,0.506908],[0.151164,-0.486507,0.8605]],[[0.975675,0.213246,-0.0508326],[-0.19295,0.945412,0.262616],[0.10406,-0.246419,0.963561]],[[0.975675,0.213246,-0.0508326],[-0.209972,0.975683,0.0628786],[0.0630051,-0.0506756,0.996726]]],"btipPosition":[-11.3218,299.833,-83.5337],"carpPosition":[8.42225,228.561,48.4321],"dipPosition":[-10.2666,298.984,-66.8406],"direction":[-0.10406,0.246419,-0.963561],"extended":true,"handId":469,"id":4691,"length":57.6453,"mcpPosition":[-1.43516,272.657,-7.77274],"pipPosition":[-7.80119,293.146,-44.0113],"stabilizedTipPosition":[-11.2349,299.135,-79.6865],"timeVisible":13.6027,"tipPosition":[-11.5926,300.763,-79.1885],"tipVelocity":[10.5463,62.7528,0.0996597],"tool":false,"touchDistance":0.424815,"touchZone":"hovering","type":1,"width":18.9605},{"bases":[[[0.999363,-0.027123,-0.0232022],[0.0356819,0.775496,0.630343],[0.000896385,-0.630769,0.77597]],[[0.999363,-0.0273117,-0.02297],[0.00591258,0.761476,-0.648166],[0.0351937,0.647617,0.761153]],[[0.999363,-0.0273117,-0.02297],[-0.0344937,-0.574207,-0.817983],[0.00915093,0.818254,-0.574784]],[[0.999363,-0.0273117,-0.02297],[-0.0330098,-0.952046,-0.304168],[-0.0135612,0.304733,-0.952341]]],"btipPosition":[18.1057,216.593,-6.70546],"carpPosition":[19.8351,232.475,48.7608],"dipPosition":[17.8559,222.206,-24.2482],"direction":[-0.00915093,-0.818254,0.574784],"extended":false,"handId":469,"id":4692,"length":65.6822,"mcpPosition":[19.7738,275.613,-4.30712],"pipPosition":[18.1109,245.014,-40.2699],"stabilizedTipPosition":[17.9354,216.749,-10.9153],"timeVisible":13.6027,"tipPosition":[18.0261,217.945,-10.6428],"tipVelocity":[5.90463,82.6829,11.3693],"tool":false,"touchDistance":0.333333,"touchZone":"none","type":2,"width":18.6218},{"bases":[[[0.98305,-0.178033,0.0437897],[0.107001,0.751074,0.651489],[-0.148876,-0.635761,0.757393]],[[0.984237,-0.172815,0.0375787],[0.15287,0.724498,-0.672112],[0.088925,0.667262,0.739496]],[[0.984237,-0.172815,0.0375787],[-0.0757027,-0.60372,-0.793594],[0.159832,0.77824,-0.607287]],[[0.984237,-0.172815,0.0375787],[-0.155291,-0.946181,-0.283947],[0.0846264,0.273636,-0.958103]]],"btipPosition":[31.198,217.011,3.56022],"carpPosition":[31.8414,233.342,48.4151],"dipPosition":[32.7479,222.022,-13.9872],"direction":[-0.159831,-0.77824,0.607287],"extended":false,"handId":469,"id":4693,"length":63.1552,"mcpPosition":[40.9827,272.379,1.90961],"pipPosition":[37.088,243.155,-30.4778],"stabilizedTipPosition":[31.4552,216.82,-0.65626],"timeVisible":13.6027,"tipPosition":[31.5263,218.234,-0.426552],"tipVelocity":[4.89657,84.7784,10.458],"tool":false,"touchDistance":0.333333,"touchZone":"none","type":3,"width":17.7198},{"bases":[[[0.927928,-0.372054,0.0229044],[0.245023,0.655102,0.714707],[-0.280914,-0.657584,0.699049]],[[0.943528,-0.330666,-0.0203795],[0.251092,0.753888,-0.607129],[0.216121,0.567726,0.794342]],[[0.943528,-0.330666,-0.0203795],[-0.195405,-0.505785,-0.840237],[0.267531,0.796769,-0.541836]],[[0.943528,-0.330666,-0.0203795],[-0.315614,-0.878469,-0.35872],[0.100714,0.344894,-0.933223]]],"btipPosition":[45.8636,224.128,4.53255],"carpPosition":[44.2183,227.532,45.6421],"dipPosition":[47.5652,229.955,-11.2353],"direction":[-0.267531,-0.796769,0.541836],"extended":false,"handId":469,"id":4694,"length":49.5125,"mcpPosition":[60.1852,264.909,5.90867],"pipPosition":[52.6944,245.231,-21.6235],"stabilizedTipPosition":[46.1841,224.01,0.714955],"timeVisible":13.6027,"tipPosition":[46.3556,225.501,0.849509],"tipVelocity":[3.2525,86.1484,10.557],"tool":false,"touchDistance":0.333333,"touchZone":"none","type":4,"width":15.7401}],"r":[[0.800334,0.440828,0.40637],[-0.482025,0.876157,-0.00111591],[-0.356536,-0.194988,0.913708]],"s":1.09961,"t":[38.125,3.78763,-58.3021],"timestamp":93408851104},false],[5,{"currentFrameRate":55.3339,"devices":[],"gestures":[],"hands":[{"armBasis":[[0.988954,0.121052,-0.0855362],[-0.0930787,0.956293,0.277201],[0.115353,-0.266178,0.956997]],"armWidth":62.4607,"confidence":0.744759,"direction":[0.011941,0.74144,-0.670913],"elbow":[59.7652,149.272,302.224],"grabStrength":0,"id":469,"palmNormal":[0.116429,-0.667427,-0.735517],"palmPosition":[22.9397,255.622,9.60844],"palmVelocity":[1.0594,66.5669,10.5008],"palmWidth":89.1918,"pinchStrength":0.1953,"r":[[0.799198,0.441611,0.407753],[-0.483971,0.875084,0.000839549],[-0.356448,-0.198012,0.913092]],"s":1.09976,"sphereCenter":[14.4866,241.857,-32.9924],"sphereRadius":46.8977,"stabilizedPalmPosition":[22.9388,255.605,9.60435],"t":[38.1501,4.96782,-58.1112],"timeVisible":13.6209,"type":"right","wrist":[29.2353,219.72,48.9409]}],"id":1680413,"interactionBox":{"center":[0,200,0],"size":[235.247,235.247,147.751]},"pointables":[{"bases":[[[0.297825,0.769543,0.564893],[-0.855991,-0.0466719,0.514879],[0.422586,-0.636888,0.644822]],[[0.239434,0.846883,0.474828],[-0.827641,-0.077664,0.555859],[0.507624,-0.526078,0.682319]],[[0.239434,0.846883,0.474828],[-0.958939,0.282839,-0.0209114],[-0.152009,-0.450324,0.87983]],[[0.239434,0.846883,0.474828],[-0.938824,0.326636,-0.109169],[-0.247549,-0.419641,0.873282]]],"btipPosition":[-11.4039,258.649,-42.0563],"carpPosition":[2.67521,208.23,40.7698],"dipPosition":[-17.083,249.022,-22.0223],"direction":[0.152009,0.450324,-0.87983],"extended":false,"handId":469,"id":4690,"length":51.0864,"mcpPosition":[2.67521,208.23,40.7698],"pipPosition":[-22.1634,233.971,7.38317],"stabilizedTipPosition":[-12.712,256.413,-37.4538],"timeVisible":13.6209,"tipPosition":[-12.4168,255.577,-37.8908],"tipVelocity":[0.461681,79.6609,15.9975],"tool":false,"touchDistance":-0.0551754,"touchZone":"touching","type":0,"width":19.8498},{"bases":[[[0.981033,0.192836,-0.0196915],[-0.13813,0.766741,0.62692],[0.135991,-0.61231,0.778835]],[[0.975526,0.214667,-0.0476051],[-0.161608,0.846791,0.506781],[0.149101,-0.486685,0.860759]],[[0.975526,0.214667,-0.0476051],[-0.195251,0.945269,0.261424],[0.101119,-0.245731,0.964049]],[[0.975526,0.214667,-0.0476051],[-0.211677,0.975441,0.0608936],[0.0595078,-0.0493264,0.997008]]],"btipPosition":[-11.0581,300.649,-83.3787],"carpPosition":[8.4205,229.347,48.5757],"dipPosition":[-10.0615,299.823,-66.6809],"direction":[-0.101119,0.245731,-0.964049],"extended":true,"handId":469,"id":4691,"length":57.6453,"mcpPosition":[-1.38656,273.505,-7.5905],"pipPosition":[-7.66569,294,-43.8399],"stabilizedTipPosition":[-10.9764,299.977,-79.5921],"timeVisible":13.6209,"tipPosition":[-11.3475,301.559,-79.0444],"tipVelocity":[12.0888,54.3912,4.15029],"tool":false,"touchDistance":0.418009,"touchZone":"hovering","type":1,"width":18.9605},{"bases":[[[0.999464,-0.0252175,-0.0208712],[0.0327333,0.774674,0.631513],[0.000243158,-0.631857,0.775085]],[[0.999464,-0.0253134,-0.0207536],[0.00585385,0.762019,-0.647528],[0.0322058,0.64706,0.761759]],[[0.999464,-0.0253134,-0.0207536],[-0.0315247,-0.573663,-0.818484],[0.00881301,0.8187,-0.574154]],[[0.999464,-0.0253134,-0.0207536],[-0.0304428,-0.951823,-0.305132],[-0.0120299,0.3056,-0.952084]]],"btipPosition":[18.2628,217.473,-6.51974],"carpPosition":[19.8251,233.283,48.9369],"dipPosition":[18.0412,223.102,-24.0577],"direction":[-0.00881301,-0.8187,0.574154],"extended":false,"handId":469,"id":4692,"length":65.6822,"mcpPosition":[19.8085,276.495,-4.07048],"pipPosition":[18.2868,245.923,-40.0619],"stabilizedTipPosition":[18.076,217.776,-10.7313],"timeVisible":13.6209,"tipPosition":[18.188,218.829,-10.4725],"tipVelocity":[7.38499,66.464,10.8533],"tool":false,"touchDistance":0.333333,"touchZone":"none","type":2,"width":18.6218},{"bases":[[[0.983276,-0.176252,0.0458701],[0.104048,0.750356,0.652794],[-0.149475,-0.637104,0.756146]],[[0.984452,-0.171094,0.0397538],[0.152578,0.720816,-0.676124],[0.0870255,0.671678,0.735714]],[[0.984452,-0.171094,0.0397538],[-0.0740857,-0.609651,-0.7892],[0.159263,0.773985,-0.612848]],[[0.984452,-0.171094,0.0397538],[-0.153464,-0.947888,-0.279208],[0.0854529,0.268766,-0.959407]]],"btipPosition":[31.3075,217.935,4.1831],"carpPosition":[31.8306,234.173,48.6209],"dipPosition":[32.8725,222.858,-13.3882],"direction":[-0.159263,-0.773985,0.612848],"extended":false,"handId":469,"id":4693,"length":63.1552,"mcpPosition":[41.0087,273.292,2.19198],"pipPosition":[37.1972,243.875,-30.0298],"stabilizedTipPosition":[31.5539,217.865,-0.285363],"timeVisible":13.6209,"tipPosition":[31.6502,219.136,0.02512],"tipVelocity":[5.52779,68.0912,21.6806],"tool":false,"touchDistance":0.333333,"touchZone":"none","type":3,"width":17.7198},{"bases":[[[0.928568,-0.370346,0.0245822],[0.242099,0.654554,0.716203],[-0.281334,-0.659093,0.697458]],[[0.944071,-0.329237,-0.0182292],[0.25172,0.755299,-0.605112],[0.212994,0.56668,0.795932]],[[0.944071,-0.329237,-0.0182292],[-0.192191,-0.504494,-0.841753],[0.26794,0.798179,-0.539555]],[[0.944071,-0.329237,-0.0182292],[-0.313272,-0.878295,-0.361189],[0.102906,0.346699,-0.932314]]],"btipPosition":[45.9575,225.05,4.73576],"carpPosition":[44.2249,228.39,45.8691],"dipPosition":[47.6963,230.908,-11.0168],"direction":[-0.26794,-0.798179,0.539555],"extended":false,"handId":469,"id":4694,"length":49.5125,"mcpPosition":[60.2157,265.852,6.22606],"pipPosition":[52.8333,246.211,-21.3612],"stabilizedTipPosition":[46.2658,225.135,0.902451],"timeVisible":13.6209,"tipPosition":[46.4613,226.428,1.06657],"tipVelocity":[4.39259,69.4724,10.9515],"tool":false,"touchDistance":0.333333,"touchZone":"none","type":4,"width":15.7401}],"r":[[0.799198,0.441611,0.407753],[-0.483971,0.875084,0.000839549],[-0.356448,-0.198012,0.913092]],"s":1.09976,"t":[38.1501,4.96782,-58.1112],"timestamp":93408869264},false],[6,{"currentFrameRate":55.3535,"devices":[],"gestures":[],"hands":[{"armBasis":[[0.98903,0.120071,-0.086035],[-0.0918793,0.956129,0.278164],[0.11566,-0.267208,0.956673]],"armWidth":62.4607,"confidence":0.747383,"direction":[0.0133876,0.741657,-0.670646],"elbow":[59.813,149.577,302.309],"grabStrength":0,"id":469,"palmNormal":[0.115848,-0.667339,-0.735688],"palmPosition":[22.9801,256.222,9.78917],"palmVelocity":[1.62224,50.8278,10.2832],"palmWidth":89.1918,"pinchStrength":0.193565,"r":[[0.798373,0.44197,0.408978],[-0.485271,0.87436,0.00241057],[-0.356529,-0.20039,0.912541]],"s":1.10005,"sphereCenter":[14.5739,242.477,-32.8152],"sphereRadius":46.9091,"stabilizedPalmPosition":[22.9793,256.21,9.78536],"t":[38.1828,5.85797,-57.9254],"timeVisible":13.6389,"type":"right","wrist":[29.202,220.297,49.1124]}],"id":1680414,"interactionBox":{"center":[0,200,0],"size":[235.247,235.247,147.751]},"pointables":[{"bases":[[[0.298646,0.768908,0.565324],[-0.856336,-0.0455994,0.514402],[0.421306,-0.637731,0.644826]],[[0.241096,0.845575,0.476315],[-0.82779,-0.0770172,0.555727],[0.506593,-0.528273,0.68139]],[[0.241096,0.845575,0.476315],[-0.958478,0.284475,-0.0198593],[-0.152292,-0.451749,0.87905]],[[0.241096,0.845575,0.476315],[-0.938045,0.3289,-0.109067],[-0.248884,-0.420509,0.872484]]],"btipPosition":[-11.359,259.443,-41.8133],"carpPosition":[2.62954,208.849,40.9229],"dipPosition":[-17.0687,249.796,-21.7976],"direction":[0.152292,0.451749,-0.87905],"extended":false,"handId":469,"id":4690,"length":51.0864,"mcpPosition":[2.62954,208.849,40.9229],"pipPosition":[-22.1586,234.698,7.58181],"stabilizedTipPosition":[-12.673,257.208,-37.2145],"timeVisible":13.6389,"tipPosition":[-12.3852,256.37,-37.6549],"tipVelocity":[1.23917,62.6976,14.7046],"tool":false,"touchDistance":-0.0511953,"touchZone":"touching","type":0,"width":19.8498},{"bases":[[[0.981325,0.191406,-0.0190956],[-0.137345,0.766722,0.627115],[0.134675,-0.612781,0.778693]],[[0.975987,0.21282,-0.0464452],[-0.160646,0.847225,0.506362],[0.147113,-0.486741,0.861069]],[[0.975987,0.21282,-0.0464452],[-0.193862,0.945859,0.260322],[0.0993324,-0.245067,0.964404]],[[0.975987,0.21282,-0.0464452],[-0.20998,0.975905,0.0593097],[0.0579484,-0.048133,0.997159]]],"btipPosition":[-10.8301,301.257,-83.2288],"carpPosition":[8.40152,229.955,48.7393],"dipPosition":[-9.85953,300.451,-66.5284],"direction":[-0.0993324,0.245067,-0.964404],"extended":true,"handId":469,"id":4691,"length":57.6453,"mcpPosition":[-1.31064,274.146,-7.41659],"pipPosition":[-7.50608,294.645,-43.6791],"stabilizedTipPosition":[-10.7557,300.631,-79.47],"timeVisible":13.6389,"tipPosition":[-11.1264,302.147,-78.9056],"tipVelocity":[12.2064,44.7583,6.14587],"tool":false,"touchDistance":0.411799,"touchZone":"hovering","type":1,"width":18.9605},{"bases":[[[0.999437,-0.026673,-0.020342],[0.0335267,0.774404,0.631802],[-0.00109917,-0.632129,0.774863]],[[0.999437,-0.0267241,-0.0202794],[0.00724076,0.762091,-0.64743],[0.0327567,0.646919,0.761855]],[[0.999437,-0.0267241,-0.0202794],[-0.0319452,-0.573545,-0.818551],[0.0102439,0.818738,-0.574076]],[[0.999437,-0.0267241,-0.0202794],[-0.0316432,-0.951731,-0.305298],[-0.0111417,0.305768,-0.952041]]],"btipPosition":[18.2589,218.085,-6.34089],"carpPosition":[19.8117,233.874,49.1081],"dipPosition":[18.0536,223.717,-23.8781],"direction":[-0.0102439,-0.818738,0.574076],"extended":false,"handId":469,"id":4692,"length":65.6822,"mcpPosition":[19.8869,277.105,-3.8841],"pipPosition":[18.3392,246.539,-39.8801],"stabilizedTipPosition":[18.1393,218.524,-10.5648],"timeVisible":13.6389,"tipPosition":[18.1873,219.441,-10.3003],"tipVelocity":[3.88276,51.1051,10.4242],"tool":false,"touchDistance":0.333333,"touchZone":"none","type":2,"width":18.6218},{"bases":[[[0.982992,-0.177707,0.0463375],[0.104794,0.749974,0.653113],[-0.150815,-0.637149,0.755841]],[[0.984134,-0.172751,0.0404637],[0.153845,0.717235,-0.679636],[0.088386,0.675078,0.732432]],[[0.984134,-0.172751,0.0404637],[-0.0754308,-0.613789,-0.785858],[0.160594,0.770338,-0.617081]],[[0.984134,-0.172751,0.0404637],[-0.155181,-0.948625,-0.275734],[0.0860184,0.26508,-0.960382]]],"btipPosition":[31.2717,218.529,4.6563],"carpPosition":[31.8186,234.746,48.7988],"dipPosition":[32.8471,223.384,-12.9329],"direction":[-0.160594,-0.770338,0.617081],"extended":false,"handId":469,"id":4693,"length":63.1552,"mcpPosition":[41.0789,273.868,2.38864],"pipPosition":[37.2079,244.302,-29.6894],"stabilizedTipPosition":[31.5857,218.572,0.07046],"timeVisible":13.6389,"tipPosition":[31.6282,219.717,0.393241],"tipVelocity":[2.0296,51.0567,23.7569],"tool":false,"touchDistance":0.333333,"touchZone":"none","type":3,"width":17.7198},{"bases":[[[0.928012,-0.371714,0.024952],[0.242671,0.653948,0.716564],[-0.282674,-0.658924,0.697075]],[[0.943526,-0.330829,-0.0176145],[0.253426,0.754974,-0.604806],[0.213386,0.566186,0.796178]],[[0.943526,-0.330829,-0.0176145],[-0.192431,-0.503983,-0.842005],[0.269682,0.797843,-0.539182]],[[0.943526,-0.330829,-0.0176145],[-0.314486,-0.877661,-0.361675],[0.104193,0.346789,-0.932138]]],"btipPosition":[45.946,225.619,4.92148],"carpPosition":[44.206,228.946,46.0517],"dipPosition":[47.7065,231.478,-10.8281],"direction":[-0.269682,-0.797843,0.539182],"extended":false,"handId":469,"id":4694,"length":49.5125,"mcpPosition":[60.2729,266.399,6.43044],"pipPosition":[52.8769,246.775,-21.1654],"stabilizedTipPosition":[46.3026,225.927,1.07388],"timeVisible":13.6389,"tipPosition":[46.4569,226.997,1.25233],"tipVelocity":[2.13998,51.5408,10.6698],"tool":false,"touchDistance":0.333333,"touch