{"sensorType":"Leap","data":[[0,{"currentFrameRate":48.6296,"devices":[],"gestures":[],"hands":[{"armBasis":[[0.99079,0.093333,-0.0981011],[-0.0666312,0.966767,0.246824],[0.117878,-0.238014,0.964082]],"armWidth":62.4607,"confidence":0.773903,"direction":[0.0246322,0.737377,-0.675032],"elbow":[60.6882,142.418,306.673],"grabStrength":0,"id":469,"palmNormal":[0.0954427,-0.673887,-0.732643],"palmPosition":[23.7625,241.243,12.0318],"palmVelocity":[-36.0917,88.4597,17.3647],"palmWidth":89.1918,"pinchStrength":0.233576,"r":[[0.80368,0.441705,0.398742],[-0.472181,0.881164,-0.0244086],[-0.362139,-0.168662,0.916738]],"s":1.0844,"sphereCenter":[15.0882,227.175,-30.5352],"sphereRadius":46.4513,"stabilizedPalmPosition":[23.9597,240.767,11.938],"t":[39.7202,-9.99135,-55.8932],"timeVisible":16.9108,"type":"right","wrist":[29.4902,205.412,51.5155]}],"id":1680592,"interactionBox":{"center":[0,200,0],"size":[235.247,235.247,147.751]},"pointables":[{"bases":[[[0.319878,0.765293,0.558575],[-0.853171,-0.0237267,0.521091],[0.41204,-0.643245,0.645336]],[[0.243632,0.865187,0.438287],[-0.829869,-0.0479198,0.555896],[0.501957,-0.499155,0.706317]],[[0.243632,0.865187,0.438287],[-0.955353,0.291972,-0.0453029],[-0.167163,-0.407682,0.897693]],[[0.243632,0.865187,0.438287],[-0.944305,0.314677,-0.0962655],[-0.221206,-0.390423,0.893665]]],"btipPosition":[-11.2902,241.514,-41.4719],"carpPosition":[2.60944,194.508,43.5931],"dipPosition":[-16.365,232.558,-20.9703],"direction":[0.167163,0.407682,-0.897693],"extended":false,"handId":469,"id":4690,"length":51.0864,"mcpPosition":[2.60944,194.508,43.5931],"pipPosition":[-21.9518,218.932,9.03221],"stabilizedTipPosition":[-12.252,239.029,-36.8796],"timeVisible":16.9108,"tipPosition":[-12.2481,239.033,-36.9185],"tipVelocity":[-53.3707,118.183,32.3866],"tool":false,"touchDistance":0.130131,"touchZone":"hovering","type":0,"width":19.8498},{"bases":[[[0.985139,0.169529,-0.0275974],[-0.11557,0.773107,0.623658],[0.127064,-0.611201,0.78121]],[[0.97831,0.197259,-0.0632382],[-0.143603,0.865846,0.479259],[0.149293,-0.459782,0.875392]],[[0.97831,0.197259,-0.0632382],[-0.178033,0.956736,0.23013],[0.105898,-0.21388,0.971103]],[[0.97831,0.197259,-0.0632382],[-0.1957,0.980204,0.030029],[0.0679099,-0.0170019,0.997547]]],"btipPosition":[-10.1909,284.318,-81.6752],"carpPosition":[8.90592,215.525,51.2428],"dipPosition":[-9.05359,284.033,-64.9684],"direction":[-0.105898,0.21388,-0.971103],"extended":true,"handId":469,"id":4691,"length":57.6453,"mcpPosition":[-0.257371,259.602,-5.09463],"pipPosition":[-6.54458,278.965,-41.9603],"stabilizedTipPosition":[-9.21769,282.736,-78.2808],"timeVisible":16.9108,"tipPosition":[-10.4158,285.556,-77.2609],"tipVelocity":[-44.9209,99.1896,28.2742],"tool":false,"touchDistance":0.497099,"touchZone":"hovering","type":1,"width":18.9605},{"bases":[[[0.998419,-0.0489017,-0.0277109],[0.0554609,0.777031,0.627014],[-0.00912983,-0.62756,0.778515]],[[0.998418,-0.0373452,-0.0420323],[0.00228597,0.773902,-0.633302],[0.0561796,0.632204,0.772763]],[[0.998418,-0.0373452,-0.0420323],[-0.0557522,-0.560703,-0.826138],[0.00728458,0.827174,-0.561898]],[[0.998418,-0.0373452,-0.0420323],[-0.0485279,-0.949912,-0.308727],[-0.0283976,0.310278,-0.950222]]],"btipPosition":[18.6924,203.468,-5.08422],"carpPosition":[20.4024,219.192,51.5029],"dipPosition":[18.1693,209.184,-22.5879],"direction":[-0.00728458,-0.827174,0.561898],"extended":false,"handId":469,"id":4692,"length":65.6822,"mcpPosition":[21.0267,262.111,-1.73912],"pipPosition":[18.3724,232.24,-38.2505],"stabilizedTipPosition":[19.5311,202.583,-9.59253],"timeVisible":16.9108,"tipPosition":[18.5367,204.786,-9.1327],"tipVelocity":[-39.7445,92.7989,15.3595],"tool":false,"touchDistance":0.333333,"touchZone":"none","type":2,"width":18.6218},{"bases":[[[0.979153,-0.199155,0.0399684],[0.126332,0.75115,0.64793],[-0.159061,-0.629373,0.760651]],[[0.977846,-0.204194,0.0460648],[0.182152,0.721615,-0.667902],[0.103141,0.661496,0.742822]],[[0.977846,-0.204194,0.0460648],[-0.088905,-0.604359,-0.791736],[0.189507,0.770101,-0.609124]],[[0.977846,-0.204194,0.0460648],[-0.18415,-0.943786,-0.274512],[0.0995289,0.259947,-0.96048]]],"btipPosition":[30.7035,203.798,5.99094],"carpPosition":[32.4229,219.797,51.0981],"dipPosition":[32.5264,208.559,-11.6],"direction":[-0.189507,-0.770101,0.609124],"extended":false,"handId":469,"id":4693,"length":63.1552,"mcpPosition":[42.1896,258.442,4.39261],"pipPosition":[37.6724,229.47,-28.1405],"stabilizedTipPosition":[32.1659,202.518,1.53103],"timeVisible":16.9108,"tipPosition":[31.0964,204.908,1.86605],"tipVelocity":[-38.1364,90.8442,9.93876],"tool":false,"touchDistance":0.333333,"touchZone":"none","type":3,"width":17.7198},{"bases":[[[0.919738,-0.392015,0.0201269],[0.262536,0.652456,0.710898],[-0.291815,-0.648556,0.703007]],[[0.928552,-0.371195,-0.00223658],[0.293609,0.738129,-0.60742],[0.227122,0.563365,0.794377]],[[0.928552,-0.371195,-0.00223658],[-0.204986,-0.507734,-0.836771],[0.30947,0.777444,-0.547548]],[[0.928552,-0.371195,-0.00223658],[-0.348716,-0.870223,-0.348007],[0.127232,0.323922,-0.937489]]],"btipPosition":[45.2891,210.668,7.13743],"carpPosition":[44.6577,213.709,48.2916],"dipPosition":[47.4388,216.141,-8.70253],"direction":[-0.30947,-0.777444,0.547548],"extended":false,"handId":469,"id":4694,"length":49.5125,"mcpPosition":[61.2442,250.572,8.33318],"pipPosition":[53.3721,231.046,-19.2003],"stabilizedTipPosition":[46.9629,209.404,3.07827],"timeVisible":16.9108,"tipPosition":[45.7165,211.902,3.54697],"tipVelocity":[-40.9306,91.1647,8.27844],"tool":false,"touchDistance":0.333333,"touchZone":"none","type":4,"width":15.7401}],"r":[[0.80368,0.441705,0.398742],[-0.472181,0.881164,-0.0244086],[-0.362139,-0.168662,0.916738]],"s":1.0844,"t":[39.7202,-9.99135,-55.8932],"timestamp":93412159187},false],[1,{"currentFrameRate":49.181,"devices":[],"gestures":[],"hands":[{"armBasis":[[0.989674,0.106547,-0.0958763],[-0.0788667,0.963332,0.256458],[0.119686,-0.246248,0.961788]],"armWidth":62.4607,"confidence":0.782045,"direction":[0.0203886,0.743184,-0.668777],"elbow":[60.331,142.746,306.108],"grabStrength":0,"id":469,"palmNormal":[0.107083,-0.666691,-0.737602],"palmPosition":[22.7596,244.012,12.3373],"palmVelocity":[-45.1819,118.904,17.093],"palmWidth":89.1918,"pinchStrength":0.22723,"r":[[0.803358,0.440607,0.400601],[-0.474134,0.880281,-0.0173708],[-0.360295,-0.175983,0.916088]],"s":1.08464,"sphereCenter":[14.5671,230.161,-30.4348],"sphereRadius":46.4706,"stabilizedPalmPosition":[22.9274,243.558,12.2815],"t":[38.8576,-7.72671,-55.5423],"timeVisible":16.929,"type":"right","wrist":[28.6545,207.919,51.5572]}],"id":1680593,"interactionBox":{"center":[0,200,0],"size":[235.247,235.247,147.751]},"pointables":[{"bases":[[[0.3082,0.764092,0.566724],[-0.855844,-0.0374165,0.515879],[0.415384,-0.644021,0.642412]],[[0.233343,0.862187,0.44965],[-0.831516,-0.0628066,0.551939],[0.504115,-0.502682,0.702267]],[[0.233343,0.862187,0.44965],[-0.958345,0.282228,-0.043835],[-0.164698,-0.420692,0.892128]],[[0.233343,0.862187,0.44965],[-0.947219,0.306081,-0.0953448],[-0.219834,-0.403669,0.888101]]],"btipPosition":[-12.1776,244.705,-41.1651],"carpPosition":[1.94157,196.787,43.3881],"dipPosition":[-17.2208,235.444,-20.7911],"direction":[0.164698,0.420692,-0.892128],"extended":false,"handId":469,"id":4690,"length":51.0864,"mcpPosition":[1.94157,196.787,43.3881],"pipPosition":[-22.7253,221.384,9.02544],"stabilizedTipPosition":[-13.2209,242.194,-36.5221],"timeVisible":16.929,"tipPosition":[-13.0759,242.077,-36.6933],"tipVelocity":[-50.9892,143.664,24.2083],"tool":false,"touchDistance":0.144786,"touchZone":"hovering","type":0,"width":19.8498},{"bases":[[[0.983353,0.180555,-0.0204366],[-0.127675,0.766585,0.629322],[0.129293,-0.616236,0.776876]],[[0.976571,0.207989,-0.0552304],[-0.155934,0.860803,0.484462],[0.148305,-0.464499,0.873067]],[[0.976571,0.207989,-0.0552304],[-0.189667,0.953136,0.235707],[0.101666,-0.219709,0.970254]],[[0.976571,0.207989,-0.0552304],[-0.206242,0.97785,0.0356998],[0.0614322,-0.0234726,0.997835]]],"btipPosition":[-11.0455,287.409,-81.2448],"carpPosition":[7.96182,217.808,51.2475],"dipPosition":[-10.0166,287.016,-64.5331],"direction":[-0.101666,0.219709,-0.970254],"extended":true,"handId":469,"id":4691,"length":57.6453,"mcpPosition":[-1.36225,262.249,-4.77741],"pipPosition":[-7.60787,281.81,-41.5452],"stabilizedTipPosition":[-10.1507,285.423,-77.765],"timeVisible":16.929,"tipPosition":[-11.3182,288.577,-76.8358],"tipVelocity":[-46.5569,132.307,26.1015],"tool":false,"touchDistance":0.487195,"touchZone":"hovering","type":1,"width":18.9605},{"bases":[[[0.999041,-0.0377085,-0.0222726],[0.0432804,0.772359,0.63371],[-0.00669385,-0.634066,0.77325]],[[0.998993,-0.0259458,-0.0366056],[-0.00277028,0.778623,-0.627486],[0.0447826,0.626956,0.777767]],[[0.998993,-0.0259458,-0.0366056],[-0.0448516,-0.555293,-0.830445],[0.00121977,0.83125,-0.555897]],[[0.998993,-0.0259458,-0.0366056],[-0.0362014,-0.948078,-0.31597],[-0.0265069,0.316977,-0.948063]]],"btipPosition":[18.2116,206.331,-5.06548],"carpPosition":[19.4155,221.599,51.605],"dipPosition":[17.7234,212.17,-22.5294],"direction":[-0.00121977,-0.83125,0.555897],"extended":false,"handId":469,"id":4692,"length":65.6822,"mcpPosition":[19.8732,264.962,-1.27691],"pipPosition":[17.7574,235.34,-38.0247],"stabilizedTipPosition":[18.8523,204.996,-9.35058],"timeVisible":16.929,"tipPosition":[18.0629,207.677,-9.12455],"tipVelocity":[-33.1789,124.365,8.75967],"tool":false,"touchDistance":0.333333,"touchZone":"none","type":2,"width":18.6218},{"bases":[[[0.981042,-0.188721,0.0440522],[0.114311,0.747085,0.654826],[-0.15649,-0.637377,0.754494]],[[0.979804,-0.19364,0.0498795],[0.177919,0.730395,-0.659445],[0.0912629,0.655002,0.750096]],[[0.979804,-0.19364,0.0498795],[-0.0775169,-0.597765,-0.797915],[0.184324,0.777934,-0.600703]],[[0.979804,-0.19364,0.0498795],[-0.172018,-0.943423,-0.283482],[0.101951,0.269177,-0.957679]]],"btipPosition":[30.1701,206.734,5.94786],"carpPosition":[31.4307,222.339,51.2755],"dipPosition":[32.0373,211.664,-11.5918],"direction":[-0.184324,-0.777934,0.600703],"extended":false,"handId":469,"id":4693,"length":63.1552,"mcpPosition":[41.0396,261.475,4.94805],"pipPosition":[37.0426,232.788,-27.9036],"stabilizedTipPosition":[31.4603,204.928,1.70344],"timeVisible":16.929,"tipPosition":[30.5662,207.869,1.86973],"tipVelocity":[-33.6614,125.547,4.37368],"tool":false,"touchDistance":0.333333,"touchZone":"none","type":3,"width":17.7198},{"bases":[[[0.923873,-0.382051,0.0222748],[0.25123,0.649371,0.717775],[-0.288691,-0.657536,0.695919]],[[0.931947,-0.362589,0.00184199],[0.291166,0.745324,-0.599761],[0.216094,0.559482,0.800177]],[[0.931947,-0.362589,0.00184199],[-0.194206,-0.503437,-0.841924],[0.3062,0.784271,-0.539594]],[[0.931947,-0.362589,0.00184199],[-0.338097,-0.87081,-0.356904],[0.131014,0.331993,-0.934139]]],"btipPosition":[44.5827,213.745,7.32916],"carpPosition":[43.7479,216.409,48.4905],"dipPosition":[46.7964,219.355,-8.45419],"direction":[-0.3062,-0.784271,0.539594],"extended":false,"handId":469,"id":4694,"length":49.5125,"mcpPosition":[60.1568,253.783,8.93502],"pipPosition":[52.6669,234.391,-18.7994],"stabilizedTipPosition":[46.1414,211.876,3.35079],"timeVisible":16.929,"tipPosition":[45.0505,215.002,3.74415],"tipVelocity":[-39.5426,129.238,9.69942],"tool":false,"touchDistance":0.333333,"touchZone":"none","type":4,"width":15.7401}],"r":[[0.803358,0.440607,0.400601],[-0.474134,0.880281,-0.0173708],[-0.360295,-0.175983,0.916088]],"s":1.08464,"t":[38.8576,-7.72671,-55.5423],"timestamp":93412177378},false],[2,{"currentFrameRate":49.7442,"devices":[],"gestures":[],"hands":[{"armBasis":[[0.988109,0.121817,-0.0938097],[-0.0927683,0.958921,0.268076],[0.122612,-0.256186,0.95882]],"armWidth":62.4607,"confidence":0.789439,"direction":[0.0123886,0.750492,-0.660763],"elbow":[60.6758,142.241,304.996],"grabStrength":0,"id":469,"palmNormal":[0.118313,-0.657272,-0.744309],"palmPosition":[21.9625,246.472,12.3787],"palmVelocity":[-44.8286,127.503,10.1054],"palmWidth":89.1918,"pinchStrength":0.222502,"r":[[0.801665,0.44102,0.403528],[-0.478045,0.878276,-0.0101716],[-0.358895,-0.18475,0.914911]],"s":1.08478,"sphereCenter":[14.1999,232.928,-30.6064],"sphereRadius":46.4752,"stabilizedPalmPosition":[22.0808,246.114,12.3668],"t":[38.0278,-5.36468,-55.3462],"timeVisible":16.947,"type":"right","wrist":[28.2247,210.044,51.2309]}],"id":1680594,"interactionBox":{"center":[0,200,0],"size":[235.247,235.247,147.751]},"pointables":[{"bases":[[[0.296135,0.762075,0.5758],[-0.856825,-0.0544448,0.512724],[0.422084,-0.645196,0.636842]],[[0.221247,0.859384,0.460987],[-0.831508,-0.0807498,0.549612],[0.509552,-0.504914,0.696719]],[[0.221247,0.859384,0.460987],[-0.962188,0.269377,-0.040385],[-0.158885,-0.434621,0.886488]],[[0.221247,0.859384,0.460987],[-0.95122,0.294389,-0.0922779],[-0.215012,-0.418084,0.882596]]],"btipPosition":[-13.0006,247.465,-41.1081],"carpPosition":[1.68948,198.642,42.8588],"dipPosition":[-17.9332,237.874,-20.8604],"direction":[0.158885,0.434621,-0.886488],"extended":false,"handId":469,"id":4690,"length":51.0864,"mcpPosition":[1.68948,198.642,42.8588],"pipPosition":[-23.2435,223.348,8.76761],"stabilizedTipPosition":[-14.0672,245.031,-36.4564],"timeVisible":16.947,"tipPosition":[-13.8227,244.737,-36.6919],"tipVelocity":[-47.9044,146.471,13.5031],"tool":false,"touchDistance":0.155317,"touchZone":"hovering","type":0,"width":19.8498},{"bases":[[[0.980884,0.193986,-0.0153837],[-0.139922,0.75803,0.637033],[0.135237,-0.622703,0.770683]],[[0.97399,0.221172,-0.0492477],[-0.169074,0.854086,0.491885],[0.150853,-0.470765,0.869266]],[[0.97399,0.221172,-0.0492477],[-0.203012,0.94832,0.243877],[0.100641,-0.227536,0.968555]],[[0.97399,0.221172,-0.0492477],[-0.219102,0.974703,0.0441468],[0.0577659,-0.0322083,0.99781]]],"btipPosition":[-12.056,290.319,-80.8844],"carpPosition":[7.40153,219.657,50.9606],"dipPosition":[-11.0886,289.78,-64.1731],"direction":[-0.100641,0.227536,-0.968555],"extended":true,"handId":469,"id":4691,"length":57.6453,"mcpPosition":[-2.35117,264.563,-4.6177],"pipPosition":[-8.7041,284.389,-41.2254],"stabilizedTipPosition":[-11.18,288.342,-77.322],"timeVisible":16.947,"tipPosition":[-12.3661,291.409,-76.4768],"tipVelocity":[-51.5488,145.566,23.2591],"tool":false,"touchDistance":0.477214,"touchZone":"hovering","type":1,"width":18.9605},{"bases":[[[0.999522,-0.0240138,-0.019492],[0.0309252,0.766058,0.642027],[-0.000485532,-0.642323,0.766434]],[[0.999357,-0.0120245,-0.0337896],[-0.0115108,0.784749,-0.619706],[0.033968,0.619697,0.784106]],[[0.999357,-0.0120245,-0.0337896],[-0.0348535,-0.547804,-0.835881],[-0.00845902,0.83652,-0.54787]],[[0.999357,-0.0120245,-0.0337896],[-0.022373,-0.945351,-0.325285],[-0.0280316,0.325832,-0.945012]]],"btipPosition":[17.9823,208.927,-5.38896],"carpPosition":[18.8018,223.597,51.3949],"dipPosition":[17.4659,214.929,-22.7967],"direction":[0.00845902,-0.83652,0.54787],"extended":false,"handId":469,"id":4692,"length":65.6822,"mcpPosition":[18.835,267.525,-1.02094],"pipPosition":[17.2301,238.246,-38.0682],"stabilizedTipPosition":[18.365,207.614,-9.37135],"timeVisible":16.947,"tipPosition":[17.8263,210.309,-9.4527],"tipVelocity":[-23.7111,134.966,-3.56232],"tool":false,"touchDistance":0.333333,"touchZone":"none","type":2,"width":18.6218},{"bases":[[[0.983362,-0.175955,0.0451646],[0.102226,0.741518,0.663099],[-0.150166,-0.647449,0.747168]],[[0.982242,-0.180665,0.0506042],[0.16993,0.742337,-0.64812],[0.0795274,0.64521,0.759855]],[[0.982242,-0.180665,0.0506042],[-0.0665071,-0.587486,-0.806497],[0.175435,0.788809,-0.589069]],[[0.982242,-0.180665,0.0506042],[-0.158056,-0.942131,-0.295647],[0.101089,0.282399,-0.953956]]],"btipPosition":[29.9292,209.407,5.42222],"carpPosition":[30.807,224.502,51.1116],"dipPosition":[31.7806,214.579,-12.0492],"direction":[-0.175435,-0.788809,0.589069],"extended":false,"handId":469,"id":4693,"length":63.1552,"mcpPosition":[40.0275,264.257,5.23392],"pipPosition":[36.5444,235.999,-28.0451],"stabilizedTipPosition":[30.9409,207.592,1.56262],"timeVisible":16.947,"tipPosition":[30.3109,210.582,1.43633],"tipVelocity":[-24.1961,138.107,-11.1287],"tool":false,"touchDistance":0.333333,"touchZone":"none","type":3,"width":17.7198},{"bases":[[[0.928873,-0.369793,0.0211495],[0.240259,0.644991,0.725439],[-0.281904,-0.66876,0.687961]],[[0.936112,-0.351691,0.00265741],[0.285254,0.75481,-0.59067],[0.205728,0.553692,0.806909]],[[0.936112,-0.351691,0.00265741],[-0.184363,-0.497133,-0.847861],[0.299506,0.793204,-0.530211]],[[0.936112,-0.351691,0.00265741],[-0.326226,-0.871106,-0.367084],[0.131415,0.342765,-0.930184]]],"btipPosition":[44.1414,216.591,7.11376],"carpPosition":[43.2114,218.769,48.3028],"dipPosition":[46.3618,222.382,-8.60276],"direction":[-0.299506,-0.793204,0.530211],"extended":false,"handId":469,"id":4694,"length":49.5125,"mcpPosition":[59.2346,256.781,9.19966],"pipPosition":[52.104,237.59,-18.7681],"stabilizedTipPosition":[45.4488,214.688,3.4197],"timeVisible":16.947,"tipPosition":[44.6354,217.878,3.5433],"tipVelocity":[-32.441,144.221,-0.154685],"tool":false,"touchDistance":0.333333,"touchZone":"none","type":4,"width":15.7401}],"r":[[0.801665,0.44102,0.403528],[-0.478045,0.878276,-0.0101716],[-0.358895,-0.18475,0.914911]],"s":1.08478,"t":[38.0278,-5.36468,-55.3462],"timestamp":93412195317},false],[3,{"currentFrameRate":50.2236,"devices":[],"gestures":[],"hands":[{"armBasis":[[0.987504,0.129454,-0.0898773],[-0.101052,0.957762,0.269223],[0.120933,-0.256777,0.958875]],"armWidth":62.4607,"confidence":0.778863,"direction":[0.00776015,0.755677,-0.654899],"elbow":[59.792,143.494,304.791],"grabStrength":0,"id":469,"palmNormal":[0.125746,-0.650457,-0.749062],"palmPosition":[21.3161,248.127,12.4262],"palmVelocity":[-40.5056,110.407,6.54854],"palmWidth":89.1918,"pinchStrength":0.217943,"r":[[0.799357,0.442041,0.406973],[-0.482635,0.875815,-0.00331394],[-0.357898,-0.19377,0.913434]],"s":1.08483,"sphereCenter":[13.8812,234.806,-30.7371],"sphereRadius":46.4865,"stabilizedPalmPosition":[21.4073,247.887,12.4191],"t":[37.2897,-3.35582,-55.2244],"timeVisible":16.965,"type":"right","wrist":[27.7854,211.453,51.0115]}],"id":1680595,"interactionBox":{"center":[0,200,0],"size":[235.247,235.247,147.751]},"pointables":[{"bases":[[[0.288235,0.760042,0.582457],[-0.857645,-0.0656178,0.510038],[0.42587,-0.646553,0.632933]],[[0.21407,0.856246,0.470124],[-0.831251,-0.0930857,0.548048],[0.513026,-0.508111,0.691829]],[[0.21407,0.856246,0.470124],[-0.96457,0.26127,-0.0366418],[-0.154204,-0.445623,0.88184]],[[0.21407,0.856246,0.470124],[-0.953474,0.287752,-0.0899261],[-0.212278,-0.429,0.878007]]],"btipPosition":[-13.7106,249.491,-40.9852],"carpPosition":[1.36862,199.894,42.4818],"dipPosition":[-18.5805,239.65,-20.8428],"direction":[0.154204,0.445623,-0.88184],"extended":false,"handId":469,"id":4690,"length":51.0864,"mcpPosition":[1.36862,199.894,42.4818],"pipPosition":[-23.7343,224.756,8.62988],"stabilizedTipPosition":[-14.7943,247.123,-36.3574],"timeVisible":16.965,"tipPosition":[-14.47,246.669,-36.6286],"tipVelocity":[-43.4133,128.591,9.67723],"tool":false,"touchDistance":0.163201,"touchZone":"hovering","type":0,"width":19.8498},{"bases":[[[0.979252,0.202331,-0.0113085],[-0.147928,0.75186,0.642513],[0.138503,-0.627509,0.766191]],[[0.972364,0.229216,-0.0443547],[-0.177563,0.84941,0.496964],[0.151587,-0.475355,0.866637]],[[0.972364,0.229216,-0.0443547],[-0.211392,0.945028,0.249471],[0.0990992,-0.233201,0.967366]],[[0.972364,0.229216,-0.0443547],[-0.226996,0.972614,0.0499474],[0.0545887,-0.0384988,0.997766]]],"btipPosition":[-12.7514,292.334,-80.6204],"carpPosition":[6.88281,220.892,50.761],"dipPosition":[-11.8372,291.69,-63.9099],"direction":[-0.0990992,0.233201,-0.967366],"extended":true,"handId":469,"id":4691,"length":57.6453,"mcpPosition":[-3.1054,266.146,-4.4934],"pipPosition":[-9.48926,286.164,-40.9904],"stabilizedTipPosition":[-12.0369,290.762,-76.9789],"timeVisible":16.965,"tipPosition":[-13.0885,293.359,-76.2185],"tipVelocity":[-45.6424,128.693,19.1349],"tool":false,"touchDistance":0.466783,"touchZone":"hovering","type":1,"width":18.9605},{"bases":[[[0.999735,-0.0154663,-0.0170553],[0.0228324,0.761283,0.648017],[0.00296149,-0.648235,0.761435]],[[0.999505,-0.00334459,-0.0312877],[-0.0165655,0.789454,-0.613586],[0.0267524,0.6138,0.789008]],[[0.999505,-0.00334459,-0.0312877],[-0.0281112,-0.541658,-0.840129],[-0.0141373,0.840592,-0.541484]],[[0.999505,-0.00334459,-0.0312877],[-0.0135625,-0.943021,-0.332456],[-0.028393,0.332715,-0.9426]]],"btipPosition":[17.6989,210.697,-5.64035],"carpPosition":[18.2484,224.925,51.2556],"dipPosition":[17.1759,216.826,-23.0036],"direction":[0.0141373,-0.840592,0.541484],"extended":false,"handId":469,"id":4692,"length":65.6822,"mcpPosition":[18.0458,269.257,-0.818256],"pipPosition":[16.7818,240.257,-38.0972],"stabilizedTipPosition":[17.9688,209.877,-9.50364],"timeVisible":16.965,"tipPosition":[17.5416,212.106,-9.69376],"tipVelocity":[-19.9262,118.102,-8.20765],"tool":false,"touchDistance":0.333333,"touchZone":"none","type":2,"width":18.6218},{"bases":[[[0.984689,-0.168035,0.0463805],[0.0942834,0.737181,0.669085],[-0.146621,-0.654468,0.741737]],[[0.983667,-0.172491,0.051434],[0.165242,0.752075,-0.638027],[0.0713718,0.636105,0.768295]],[[0.983667,-0.172491,0.051434],[-0.0587056,-0.57757,-0.814228],[0.170154,0.79791,-0.578263]],[[0.983667,-0.172491,0.051434],[-0.148839,-0.940171,-0.306472],[0.10122,0.293811,-0.950489]]],"btipPosition":[29.6489,211.212,4.92841],"carpPosition":[30.2461,225.933,51.0108],"dipPosition":[31.5027,216.593,-12.4796],"direction":[-0.170154,-0.79791,0.578263],"extended":false,"handId":469,"id":4693,"length":63.1552,"mcpPosition":[39.249,266.119,5.46668],"pipPosition":[36.1231,238.259,-28.182],"stabilizedTipPosition":[30.5267,209.916,1.25735],"timeVisible":16.965,"tipPosition":[30.0208,212.423,1.05702],"tipVelocity":[-20.0464,121.141,-18.4336],"tool":false,"touchDistance":0.333333,"touchZone":"none","type":3,"width":17.7198},{"bases":[[[0.931897,-0.362132,0.0207227],[0.232964,0.641335,0.731039],[-0.278022,-0.676425,0.682021]],[[0.938474,-0.345328,0.00388466],[0.282377,0.760823,-0.584304],[0.198821,0.549451,0.811525]],[[0.938474,-0.345328,0.00388466],[-0.177667,-0.492418,-0.852032],[0.296143,0.79892,-0.523475]],[[0.938474,-0.345328,0.00388466],[-0.318823,-0.870657,-0.374578],[0.132734,0.350293,-0.927187]]],"btipPosition":[43.6965,218.494,6.99911],"carpPosition":[42.7056,220.326,48.1904],"dipPosition":[45.9392,224.412,-8.66679],"direction":[-0.296143,-0.79892,0.523475],"extended":false,"handId":469,"id":4694,"length":49.5125,"mcpPosition":[58.5082,258.774,9.4248],"pipPosition":[51.6169,239.729,-18.703],"stabilizedTipPosition":[44.8518,217.183,3.40823],"timeVisible":16.965,"tipPosition":[44.2182,219.806,3.43376],"tipVelocity":[-28.5768,126.444,-2.78865],"tool":false,"touchDistance":0.333333,"touchZone":"none","type":4,"width":15.7401}],"r":[[0.799357,0.442041,0.406973],[-0.482635,0.875815,-0.00331394],[-0.357898,-0.19377,0.913434]],"s":1.08483,"t":[37.2897,-3.35582,-55.2244],"timestamp":93412213404},false],[4,{"currentFrameRate":50.6669,"devices":[],"gestures":[],"hands":[{"armBasis":[[0.987404,0.130105,-0.0900327],[-0.101517,0.957433,0.270217],[0.121357,-0.257674,0.958581]],"armWidth":62.4607,"confidence":0.781212,"direction":[0.00559061,0.763094,-0.646264],"elbow":[59.5669,144.404,304.306],"grabStrength":0,"id":469,"palmNormal":[0.125812,-0.641675,-0.756587],"palmPosition":[20.8642,249.701,12.4475],"palmVelocity":[-33.149,99.339,4.00011],"palmWidth":89.1918,"pinchStrength":0.213939,"r":[[0.797471,0.442167,0.410521],[-0.486592,0.873619,0.00428121],[-0.356746,-0.203171,0.911841]],"s":1.08489,"sphereCenter":[13.4627,236.832,-30.8946],"sphereRadius":46.4985,"stabilizedPalmPosition":[20.9335,249.469,12.4439],"t":[36.6947,-1.56461,-55.1528],"timeVisible":16.9831,"type":"right","wrist":[27.4481,212.601,50.6041]}],"id":1680596,"interactionBox":{"center":[0,200,0],"size":[235.247,235.247,147.751]},"pointables":[{"bases":[[[0.287755,0.753852,0.590681],[-0.856833,-0.0728741,0.510418],[0.427825,-0.65299,0.624955]],[[0.21399,0.850409,0.480638],[-0.829511,-0.101647,0.549163],[0.515868,-0.51621,0.683672]],[[0.21399,0.850409,0.480638],[-0.965409,0.259154,-0.02871],[-0.148975,-0.457869,0.876449]],[[0.21399,0.850409,0.480638],[-0.954358,0.286954,-0.0828177],[-0.20835,-0.440979,0.872999]]],"btipPosition":[-14.4441,251.773,-40.7937],"carpPosition":[1.03908,201.095,41.9791],"dipPosition":[-19.2239,241.656,-20.7661],"direction":[0.148975,0.457869,-0.876449],"extended":false,"handId":469,"id":4690,"length":51.0864,"mcpPosition":[1.03908,201.095,41.9791],"pipPosition":[-24.2029,226.353,8.52635],"stabilizedTipPosition":[-15.5201,249.373,-36.1926],"timeVisible":16.9831,"tipPosition":[-15.1363,248.878,-36.484],"tipVelocity":[-41.5337,125.829,9.42174],"tool":false,"touchDistance":0.171337,"touchZone":"hovering","type":0,"width":19.8498},{"bases":[[[0.978894,0.204109,-0.0103292],[-0.148311,0.744247,0.65123],[0.140609,-0.635953,0.75881]],[[0.972012,0.231026,-0.0426585],[-0.178332,0.843778,0.506198],[0.152939,-0.484423,0.861362]],[[0.972012,0.231026,-0.0426585],[-0.212495,0.942006,0.25975],[0.100194,-0.243415,0.964733]],[[0.972012,0.231026,-0.0426585],[-0.228295,0.971706,0.0605734],[0.0554456,-0.0491394,0.997252]]],"btipPosition":[-13.354,294.86,-80.0666],"carpPosition":[6.5293,222.007,50.4893],"dipPosition":[-12.4254,294.037,-63.3647],"direction":[-0.100194,0.243415,-0.964733],"extended":true,"handId":469,"id":4691,"length":57.6453,"mcpPosition":[-3.61081,267.869,-4.23277],"pipPosition":[-10.0516,288.27,-40.5076],"stabilizedTipPosition":[-12.7371,293.242,-76.5007],"timeVisible":16.9831,"tipPosition":[-13.6869,295.808,-75.6658],"tipVelocity":[-39.7206,132.894,24.5546],"tool":false,"touchDistance":0.461715,"touchZone":"hovering","type":1,"width":18.9605},{"bases":[[[0.999735,-0.0135742,-0.0185827],[0.0224411,0.753897,0.65661],[0.00509647,-0.656853,0.754002]],[[0.999464,-0.00125317,-0.03272],[-0.0187907,0.796398,-0.604481],[0.0268157,0.604771,0.795948]],[[0.999464,-0.00125317,-0.03272],[-0.0283654,-0.532336,-0.846058],[-0.0163578,0.846532,-0.532086]],[[0.999464,-0.00125317,-0.03272],[-0.012398,-0.939352,-0.342731],[-0.0303061,0.342953,-0.938864]]],"btipPosition":[17.2874,212.487,-6.03181],"carpPosition":[17.8887,226.053,51.0145],"dipPosition":[16.7292,218.804,-23.3262],"direction":[0.0163578,-0.846532,0.532086],"extended":false,"handId":469,"id":4692,"length":65.6822,"mcpPosition":[17.5402,270.975,-0.55105],"pipPosition":[16.2732,242.401,-38.1578],"stabilizedTipPosition":[17.5631,211.913,-9.75709],"timeVisible":16.9831,"tipPosition":[17.1217,213.935,-10.0709],"tipVelocity":[-21.4944,110.205,-14.1856],"tool":false,"touchDistance":0.333333,"touchZone":"none","type":2,"width":18.6218},{"bases":[[[0.985033,-0.166881,0.0431326],[0.0939613,0.729677,0.677306],[-0.144502,-0.663116,0.734436]],[[0.984083,-0.171146,0.0478591],[0.163025,0.762207,-0.626469],[0.0707389,0.6243,0.777975]],[[0.984083,-0.171146,0.0478591],[-0.0582241,-0.56495,-0.823068],[0.167902,0.807181,-0.565922]],[[0.984083,-0.171146,0.0478591],[-0.147261,-0.936084,-0.319468],[0.0994758,0.307335,-0.946388]]],"btipPosition":[29.2779,212.911,4.29659],"carpPosition":[29.8845,227.084,50.765],"dipPosition":[31.0997,218.54,-13.0363],"direction":[-0.167902,-0.807181,0.565922],"extended":false,"handId":469,"id":4693,"length":63.1552,"mcpPosition":[38.7572,267.801,5.66906],"pipPosition":[35.659,240.459,-28.4036],"stabilizedTipPosition":[30.1382,211.924,0.813869],"timeVisible":16.9831,"tipPosition":[29.6354,214.169,0.51602],"tipVelocity":[-20.4724,109.786,-25.8362],"tool":false,"touchDistance":0.333333,"touchZone":"none","type":3,"width":17.7198},{"bases":[[[0.932532,-0.360762,0.0153383],[0.232888,0.633368,0.737976],[-0.275948,-0.684614,0.674653]],[[0.938512,-0.345247,0.00013558],[0.282132,0.766716,-0.57667],[0.19899,0.54125,0.816977]],[[0.938512,-0.345247,0.00013558],[-0.177851,-0.483802,-0.856916],[0.295913,0.804202,-0.515456]],[[0.938512,-0.345247,0.00013558],[-0.31879,-0.866743,-0.383574],[0.132545,0.359945,-0.92351]]],"btipPosition":[43.2242,220.184,6.68674],"carpPosition":[42.3494,221.531,47.864],"dipPosition":[45.4637,226.265,-8.91703],"direction":[-0.295913,-0.804202,0.515456],"extended":false,"handId":469,"id":4694,"length":49.5125,"mcpPosition":[58.0341,260.444,9.51725],"pipPosition":[51.137,241.684,-18.7995],"stabilizedTipPosition":[44.3132,219.313,3.25797],"timeVisible":16.9831,"tipPosition":[43.7669,221.531,3.12067],"tipVelocity":[-27.4407,111.808,-9.3016],"tool":false,"touchDistance":0.333333,"touchZone":"none","type":4,"width":15.7401}],"r":[[0.797471,0.442167,0.410521],[-0.486592,0.873619,0.00428121],[-0.356746,-0.203171,0.911841]],"s":1.08489,"t":[36.6947,-1.56461,-55.1528],"timestamp":93412231469},false],[5,{"currentFrameRate":51.0529,"devices":[],"gestures":[],"hands":[{"armBasis":[[0.986685,0.131978,-0.0950477],[-0.102188,0.957701,0.269009],[0.126531,-0.255715,0.958436]],"armWidth":62.4607,"confidence":0.79252,"direction":[0.00386157,0.768481,-0.639861],"elbow":[60.412,146.294,303.702],"grabStrength":0,"id":469,"palmNormal":[0.126325,-0.635115,-0.762018],"palmPosition":[20.2511,251.379,12.1979],"palmVelocity":[-33.4558,96.0725,-4.4604],"palmWidth":89.1918,"pinchStrength":0.215545,"r":[[0.795876,0.441813,0.413985],[-0.490037,0.871621,0.0118736],[-0.355592,-0.212318,0.910206]],"s":1.0848,"sphereCenter":[12.8825,238.851,-31.2611],"sphereRadius":46.4927,"stabilizedPalmPosition":[20.3476,251.109,12.2327],"t":[36.0906,0.169961,-55.2418],"timeVisible":17.0013,"type":"right","wrist":[26.9239,213.972,50.0382]}],"id":1680597,"interactionBox":{"center":[0,200,0],"size":[235.247,235.247,147.751]},"pointables":[{"bases":[[[0.286936,0.749361,0.596763],[-0.856342,-0.0785623,0.510398],[0.429356,-0.657484,0.619167]],[[0.212801,0.846858,0.487388],[-0.828915,-0.107627,0.548924],[0.517316,-0.520814,0.67907]],[[0.212801,0.846858,0.487388],[-0.965984,0.257351,-0.0253942],[-0.146935,-0.465405,0.872816]],[[0.212801,0.846858,0.487388],[-0.954952,0.285849,-0.0797287],[-0.206838,-0.448466,0.869538]]],"btipPosition":[-15.1292,253.821,-41.0109],"carpPosition":[0.527726,202.494,41.336],"dipPosition":[-19.8743,243.533,-21.0627],"direction":[0.146935,0.465405,-0.872816],"extended":false,"handId":469,"id":4690,"length":51.0864,"mcpPosition":[0.527726,202.494,41.336],"pipPosition":[-24.7851,227.978,8.10833],"stabilizedTipPosition":[-16.207,251.415,-36.4183],"timeVisible":17.0013,"tipPosition":[-15.8127,250.912,-36.7115],"tipVelocity":[-39.5258,118.641,-1.25072],"tool":false,"touchDistance":0.171568,"touchZone":"hovering","type":0,"width":19.8498},{"bases":[[[0.978547,0.205812,-0.00931596],[-0.14907,0.738527,0.657538],[0.142209,-0.642043,0.753364]],[[0.971655,0.232788,-0.0411776],[-0.179361,0.839405,0.513059],[0.153999,-0.491131,0.857365]],[[0.971655,0.232788,-0.0411776],[-0.213774,0.939583,0.267364],[0.100929,-0.250983,0.962715]],[[0.971655,0.232788,-0.0411776],[-0.229697,0.970855,0.0684138],[0.0559034,-0.0570163,0.996807]]],"btipPosition":[-14.0789,297.23,-79.9227],"carpPosition":[5.98952,223.344,50.0169],"dipPosition":[-13.1427,296.275,-63.2283],"direction":[-0.100929,0.250983,-0.962715],"extended":true,"handId":469,"id":4691,"length":57.6453,"mcpPosition":[-4.26598,269.645,-4.31243],"pipPosition":[-10.7514,290.328,-40.4189],"stabilizedTipPosition":[-13.4596,295.659,-76.2328],"timeVisible":17.0013,"tipPosition":[-14.407,298.118,-75.5254],"tipVelocity":[-39.7855,131.015,16.59],"tool":false,"touchDistance":0.45101,"touchZone":"hovering","type":1,"width":18.9605},{"bases":[[[0.999743,-0.0117596,-0.019405],[0.0216697,0.748414,0.662877],[0.00672779,-0.663127,0.748476]],[[0.999436,0.000803796,-0.0335795],[-0.020668,0.802769,-0.595932],[0.0264775,0.59629,0.802332]],[[0.999436,0.000803796,-0.0335795],[-0.0282037,-0.522859,-0.851952],[-0.0182421,0.852419,-0.522541]],[[0.999436,0.000803796,-0.0335795],[-0.0110957,-0.935692,-0.352643],[-0.0317035,0.352816,-0.935155]]],"btipPosition":[16.724,214.322,-6.73666],"carpPosition":[17.3426,227.404,50.5678],"dipPosition":[16.14,220.821,-23.9628],"direction":[0.0182421,-0.852419,0.522541],"extended":false,"handId":469,"id":4692,"length":65.6822,"mcpPosition":[16.8825,272.755,-0.619868],"pipPosition":[15.6315,244.582,-38.5283],"stabilizedTipPosition":[17.0884,213.816,-10.2163],"timeVisible":17.0013,"tipPosition":[16.5538,215.808,-10.7016],"tipVelocity":[-26.205,106.992,-25.5242],"tool":false,"touchDistance":0.333333,"touchZone":"none","type":2,"width":18.6218},{"bases":[[[0.985339,-0.165601,0.0410361],[0.0932449,0.724141,0.683319],[-0.142874,-0.669474,0.728966]],[[0.984423,-0.169796,0.0456068],[0.161174,0.767923,-0.619933],[0.0702398,0.617627,0.783328]],[[0.984423,-0.169796,0.0456068],[-0.0579411,-0.558231,-0.82766],[0.165993,0.812125,-0.559374]],[[0.984423,-0.169796,0.0456068],[-0.145922,-0.933774,-0.326762],[0.0980694,0.315017,-0.944006]]],"btipPosition":[28.7294,214.692,3.73006],"carpPosition":[29.3364,228.457,50.3184],"dipPosition":[30.5255,220.462,-13.5592],"direction":[-0.165993,-0.812125,0.559374],"extended":false,"handId":469,"id":4693,"length":63.1552,"mcpPosition":[38.1092,269.564,5.55842],"pipPosition":[35.033,242.514,-28.7487],"stabilizedTipPosition":[29.6854,213.786,0.331679],"timeVisible":17.0013,"tipPosition":[29.0791,215.975,-0.0436974],"tipVelocity":[-25.2774,105.097,-28.1405],"tool":false,"touchDistance":0.333333,"touchZone":"none","type":3,"width":17.7198},{"bases":[[[0.933138,-0.35933,0.0116582],[0.232374,0.627558,0.743083],[-0.274328,-0.69069,0.669098]],[[0.938436,-0.34545,-0.00172029],[0.282667,0.770724,-0.571037],[0.198591,0.535395,0.820922]],[[0.938436,-0.34545,-0.00172029],[-0.177355,-0.477509,-0.860541],[0.296453,0.807867,-0.509379]],[[0.938436,-0.34545,-0.00172029],[-0.318663,-0.863721,-0.390436],[0.13339,0.366947,-0.920628]]],"btipPosition":[42.5804,221.962,6.19877],"carpPosition":[41.8085,222.949,47.3622],"dipPosition":[44.8342,228.162,-9.35631],"direction":[-0.296453,-0.807867,0.509378],"extended":false,"handId":469,"id":4694,"length":49.5125,"mcpPosition":[57.4011,262.207,9.33125],"pipPosition":[50.5178,243.65,-19.1222],"stabilizedTipPosition":[43.7325,221.261,2.95347],"timeVisible":17.0013,"tipPosition":[43.1515,223.335,2.63284],"tipVelocity":[-31.188,105.945,-17.3901],"tool":false,"touchDistance":0.333333,"touchZone":"none","type":4,"width":15.7401}],"r":[[0.795876,0.441813,0.413985],[-0.490037,0.871621,0.0118736],[-0.355592,-0.212318,0.910206]],"s":1.0848,"t":[36.0906,0.169961,-55.2418],"timestamp":93412249612},false],[6,{"currentFrameRate":51.4346,"devices":[],"gestures":[],"hands":[{"armBasis":[[0.986698,0.132554,-0.0941146],[-0.102486,0.95659,0.272822],[0.126193,-0.259547,0.95745]],"armWidth":62.4607,"confidence":0.798014,"direction":[0.00382514,0.770118,-0.63789],"elbow":[59.843,146.165,303.26],"grabStrength":0,"id":469,"palmNormal":[0.126533,-0.63314,-0.763625],"palmPosition":[19.7707,252.36,12.1124],"palmVelocity":[-30.2296,76.334,-4.59465],"palmWidth":89.1918,"pinchStrength":0.216855,"r":[[0.794575,0.441315,0.417003],[-0.492814,0.869941,0.0183679],[-0.354662,-0.220099,0.90872]],"s":1.08477,"sphereCenter":[12.4143,239.946,-31.3858],"sphereRadius":46.4992,"stabilizedPalmPosition":[19.8672,252.151,12.1326],"t":[35.5484,1.52794,-55.3291],"timeVisible":17.0193,"type":"right","wrist":[26.4444,214.858,49.8576]}],"id":1680598,"interactionBox":{"center":[0,200,0],"size":[235.247,235.247,147.751]},"pointables":[{"bases":[[[0.286732,0.747876,0.59872],[-0.856399,-0.0800082,0.510077],[0.429377,-0.658999,0.61754]],[[0.212543,0.845701,0.489504],[-0.828778,-0.109357,0.548788],[0.517642,-0.522332,0.677656]],[[0.212543,0.845701,0.489504],[-0.966206,0.256661,-0.023898],[-0.145847,-0.467883,0.871673]],[[0.212543,0.845701,0.489504],[-0.955018,0.285803,-0.0791025],[-0.206799,-0.450673,0.868406]]],"btipPosition":[-15.6589,254.933,-41.091],"carpPosition":[0.0512453,203.398,41.1224],"dipPosition":[-20.403,244.594,-21.1689],"direction":[0.145847,0.467883,-0.871673],"extended":false,"handId":469,"id":4690,"length":51.0864,"mcpPosition":[0.0512453,203.398,41.1224],"pipPosition":[-25.2775,228.956,7.96398],"stabilizedTipPosition":[-16.7416,252.537,-36.5075],"timeVisible":17.0193,"tipPosition":[-16.3341,252.031,-36.7907],"tipVelocity":[-34.7115,91.3141,-2.9242],"tool":false,"touchDistance":0.170133,"touchZone":"hovering","type":0,"width":19.8498},{"bases":[[[0.978515,0.205993,-0.00865363],[-0.14928,0.736815,0.659408],[0.142209,-0.643949,0.751736]],[[0.971655,0.232941,-0.0403183],[-0.179529,0.838038,0.51523],[0.153806,-0.493387,0.856103]],[[0.971655,0.232941,-0.0403183],[-0.213867,0.938819,0.269964],[0.100737,-0.253689,0.962026]],[[0.971655,0.232941,-0.0403183],[-0.229743,0.970641,0.0712285],[0.0557267,-0.0599467,0.996645]]],"btipPosition":[-14.5444,298.458,-79.8926],"carpPosition":[5.50847,224.226,49.8574],"dipPosition":[-13.6111,297.454,-63.2008],"direction":[-0.100737,0.253689,-0.962026],"extended":true,"handId":469,"id":4691,"length":57.6453,"mcpPosition":[-4.74705,270.665,-4.35445],"pipPosition":[-11.2243,291.443,-40.4078],"stabilizedTipPosition":[-14.0072,297.275,-76.1199],"timeVisible":17.0193,"tipPosition":[-14.867,299.307,-75.5045],"tipVelocity":[-33.183,100.894,9.49974],"tool":false,"touchDistance":0.439685,"touchZone":"hovering","type":1,"width":18.9605},{"bases":[[[0.999747,-0.0115483,-0.0192971],[0.0214574,0.746717,0.664796],[0.00673223,-0.665042,0.746776]],[[0.999432,0.00126107,-0.0336748],[-0.0209569,0.805812,-0.591801],[0.0263893,0.592171,0.80538]],[[0.999432,0.00126107,-0.0336748],[-0.0281544,-0.517887,-0.854986],[-0.0185179,0.855448,-0.517557]],[[0.999432,0.00126107,-0.0336748],[-0.0108662,-0.933862,-0.357469],[-0.0318984,0.357632,-0.933318]]],"btipPosition":[16.2574,215.357,-7.0846],"carpPosition":[16.8608,228.287,50.4204],"dipPosition":[15.6698,221.945,-24.2769],"direction":[0.0185179,-0.855448,0.517557],"extended":false,"handId":469,"id":4692,"length":65.6822,"mcpPosition":[16.4004,273.769,-0.651016],"pipPosition":[15.1536,245.79,-38.7035],"stabilizedTipPosition":[16.6443,215.221,-10.5943],"timeVisible":17.0193,"tipPosition":[16.0867,216.859,-10.9794],"tipVelocity":[-26.0772,84.0252,-22.3698],"tool":false,"touchDistance":0.333333,"touchZone":"none","type":2,"width":18.6218},{"bases":[[[0.98536,-0.165546,0.0407476],[0.0930337,0.722403,0.685185],[-0.142866,-0.671363,0.727228]],[[0.984512,-0.169449,0.0449767],[0.160516,0.768069,-0.619923],[0.0704999,0.617542,0.783372]],[[0.984512,-0.169449,0.0449767],[-0.0583145,-0.558452,-0.827485],[0.165333,0.812046,-0.559684]],[[0.984512,-0.169449,0.0449767],[-0.145746,-0.933648,-0.327199],[0.0974358,0.315576,-0.943885]]],"btipPosition":[28.2651,215.689,3.69792],"carpPosition":[28.8545,229.343,50.1753],"dipPosition":[30.0496,221.469,-13.5891],"direction":[-0.165333,-0.812046,0.559684],"extended":false,"handId":469,"id":4693,"length":63.1552,"mcpPosition":[37.6268,270.566,5.522],"pipPosition":[34.5391,243.519,-28.787],"stabilizedTipPosition":[29.2441,215.199,0.065231],"timeVisible":17.0193,"tipPosition":[28.6137,216.983,-0.141019],"tipVelocity":[-25.5768,81.5485,-15.6279],"tool":false,"touchDistance":0.333333,"touchZone":"none","type":3,"width":17.7198},{"bases":[[[0.933194,-0.359208,0.0108662],[0.232171,0.62569,0.744721],[-0.274308,-0.692446,0.667288]],[[0.937929,-0.346826,-0.0010126],[0.284683,0.771535,-0.568937],[0.198103,0.533334,0.82238]],[[0.937929,-0.346826,-0.0010126],[-0.176739,-0.475442,-0.861811],[0.298417,0.808497,-0.507228]],[[0.937929,-0.346826,-0.0010126],[-0.319341,-0.862455,-0.392674],[0.135316,0.368623,-0.919677]]],"btipPosition":[42.0453,222.987,6.03831],"carpPosition":[41.3278,223.844,47.2068],"dipPosition":[44.3316,229.216,-9.50069],"direction":[-0.298417,-0.808497,0.507228],"extended":false,"handId":469,"id":4694,"length":49.5125,"mcpPosition":[56.9193,263.202,9.27863],"pipPosition":[50.053,244.717,-19.2254],"stabilizedTipPosition":[43.2001,222.709,2.72923],"timeVisible":17.0193,"tipPosition":[42.6429,224.361,2.47619],"tipVelocity":[-30.2788,82.8633,-13.2677],"tool":false,"tou