{"sensorType":"Leap","data":[[0,{"currentFrameRate":55.2691,"devices":[],"gestures":[],"hands":[{"armBasis":[[0.989948,0.131196,-0.0528273],[-0.111613,0.954094,0.277935],[0.0868662,-0.269245,0.959146]],"armWidth":62.4607,"confidence":0.852185,"direction":[0.0210552,0.743249,-0.668683],"elbow":[62.4353,151.333,303.298],"grabStrength":0,"id":469,"palmNormal":[0.143605,-0.664144,-0.733683],"palmPosition":[33.7746,258.521,10.0421],"palmVelocity":[-7.41793,138.994,-10.7973],"palmWidth":89.1918,"pinchStrength":0.283496,"r":[[0.774849,0.452465,0.441458],[-0.497597,0.86727,-0.0155099],[-0.389881,-0.20765,0.897148]],"s":1.07745,"sphereCenter":[28.7448,243.783,-33.127],"sphereRadius":46.3443,"stabilizedPalmPosition":[33.7924,258.254,10.081],"t":[49.1463,6.53501,-57.2702],"timeVisible":10.3128,"type":"right","wrist":[39.4449,222.593,49.4463]}],"id":1680230,"interactionBox":{"center":[0,200,0],"size":[235.247,235.247,147.751]},"pointables":[{"bases":[[[0.273801,0.771485,0.574321],[-0.868711,-0.0578986,0.491923],[0.412764,-0.633608,0.654345]],[[0.193277,0.874791,0.44428],[-0.844394,-0.0822869,0.529365],[0.499642,-0.477461,0.722764]],[[0.193277,0.874791,0.44428],[-0.96145,0.25914,-0.0919837],[-0.195597,-0.409374,0.891154]],[[0.193277,0.874791,0.44428],[-0.949632,0.280632,-0.139444],[-0.246663,-0.394951,0.88497]]],"btipPosition":[0.99371,256.922,-44.903],"carpPosition":[13.2458,210.817,40.5487],"dipPosition":[-4.66501,247.862,-24.6009],"direction":[0.195597,0.409374,-0.891154],"extended":false,"handId":469,"id":4690,"length":51.0864,"mcpPosition":[13.2458,210.817,40.5487],"pipPosition":[-11.2022,234.18,5.18305],"stabilizedTipPosition":[-0.292499,254.655,-40.2104],"timeVisible":10.3128,"tipPosition":[-0.301568,254.703,-40.2503],"tipVelocity":[-13.4477,145.647,-5.42911],"tool":false,"touchDistance":-0.0813468,"touchZone":"touching","type":0,"width":19.8498},{"bases":[[[0.9789,0.204228,0.00673124],[-0.16358,0.763478,0.624774],[0.122457,-0.612693,0.780776]],[[0.972875,0.229849,-0.0261555],[-0.194405,0.873616,0.446096],[0.125385,-0.428911,0.894603]],[[0.972875,0.229849,-0.0261555],[-0.219826,0.953772,0.204929],[0.0720492,-0.193621,0.978427]],[[0.972875,0.229849,-0.0261555],[-0.229503,0.973183,0.0155777],[0.0290347,-0.00915242,0.999537]]],"btipPosition":[2.23172,298.968,-85.351],"carpPosition":[18.5365,231.98,48.5517],"dipPosition":[2.71799,298.815,-68.6108],"direction":[-0.0720492,0.193621,-0.978427],"extended":true,"handId":469,"id":4691,"length":57.6453,"mcpPosition":[9.70539,276.164,-7.7545],"pipPosition":[4.42503,294.227,-45.4292],"stabilizedTipPosition":[2.46098,297.899,-81.4181],"timeVisible":10.3128,"tipPosition":[2.07083,300.003,-81.108],"tipVelocity":[-18.3835,147.317,-3.26381],"tool":false,"touchDistance":0.432096,"touchZone":"hovering","type":1,"width":18.9605},{"bases":[[[0.999892,-0.0135939,0.00554704],[0.00699763,0.773377,0.633908],[-0.0129072,-0.633801,0.773389]],[[0.999829,-0.0162568,0.00879651],[0.0182551,0.79378,-0.607931],[0.0029005,0.607988,0.793941]],[[0.999829,-0.0162568,0.00879651],[-0.00113251,-0.52888,-0.848696],[0.0184494,0.848541,-0.528808]],[[0.999829,-0.0162568,0.00879651],[-0.0122873,-0.940075,-0.340747],[0.0138088,0.340581,-0.940114]]],"btipPosition":[29.858,220.739,-9.12196],"carpPosition":[29.881,236.046,49.2237],"dipPosition":[30.1124,227.012,-26.4394],"direction":[-0.0184494,-0.848541,0.528808],"extended":false,"handId":469,"id":4692,"length":65.6822,"mcpPosition":[30.7637,279.391,-3.66767],"pipPosition":[30.6266,250.665,-41.1796],"stabilizedTipPosition":[30.0778,219.939,-12.9928],"timeVisible":10.3128,"tipPosition":[29.9274,222.29,-13.3891],"tipVelocity":[-10.1337,139.369,-7.7064],"tool":false,"touchDistance":0.333333,"touchZone":"none","type":2,"width":18.6218},{"bases":[[[0.983703,-0.164976,0.0714945],[0.0780025,0.749831,0.657015],[-0.162001,-0.640731,0.75048]],[[0.986783,-0.15196,0.0562742],[0.150383,0.729407,-0.667346],[0.0603632,0.666988,0.742619]],[[0.986783,-0.15196,0.0562742],[-0.047524,-0.603392,-0.796027],[0.15492,0.782832,-0.602639]],[[0.986783,-0.15196,0.0562742],[-0.129551,-0.948417,-0.289348],[0.0973409,0.278234,-0.955568]]],"btipPosition":[43.1933,220.852,4.48793],"carpPosition":[41.8794,237.075,49.2277],"dipPosition":[44.9761,225.948,-13.0131],"direction":[-0.15492,-0.782832,0.602639],"extended":false,"handId":469,"id":4693,"length":63.1552,"mcpPosition":[51.8266,276.417,3.14676],"pipPosition":[49.1829,247.206,-29.3774],"stabilizedTipPosition":[43.7736,219.514,0.369482],"timeVisible":10.3128,"tipPosition":[43.6829,222.162,-0.238283],"tipVelocity":[-9.45943,136.698,2.25673],"tool":false,"touchDistance":0.333333,"touchZone":"none","type":3,"width":17.7198},{"bases":[[[0.93184,-0.359636,0.0483266],[0.215434,0.655471,0.723842],[-0.291996,-0.664094,0.688272]],[[0.954114,-0.299159,-0.0130671],[0.236601,0.779907,-0.579453],[0.18354,0.549772,0.814901]],[[0.954114,-0.299159,-0.0130671],[-0.166124,-0.492507,-0.854306],[0.249138,0.817276,-0.519605]],[[0.954114,-0.299159,-0.0130671],[-0.282321,-0.884151,-0.372253],[0.0998096,0.358861,-0.928039]]],"btipPosition":[58.181,228.402,5.06874],"carpPosition":[54.4087,231.443,46.7921],"dipPosition":[59.8674,234.466,-10.6116],"direction":[-0.249138,-0.817276,0.519605],"extended":false,"handId":469,"id":4694,"length":49.5125,"mcpPosition":[71.0055,269.19,7.67123],"pipPosition":[64.6439,250.135,-20.5736],"stabilizedTipPosition":[58.7121,227.417,1.66779],"timeVisible":10.3128,"tipPosition":[58.5531,229.82,1.39407],"tipVelocity":[-8.41764,139.532,-13.3567],"tool":false,"touchDistance":0.333333,"touchZone":"none","type":4,"width":15.7401}],"r":[[0.774849,0.452465,0.441458],[-0.497597,0.86727,-0.0155099],[-0.389881,-0.20765,0.897148]],"s":1.07745,"t":[49.1463,6.53501,-57.2702],"timestamp":93405561141},false],[1,{"currentFrameRate":55.2707,"devices":[],"gestures":[],"hands":[{"armBasis":[[0.990721,0.122974,-0.0578769],[-0.102118,0.954523,0.280102],[0.0896901,-0.271592,0.958224]],"armWidth":62.4607,"confidence":0.609586,"direction":[0.0242015,0.741871,-0.670106],"elbow":[63.0326,151.139,302.835],"grabStrength":0,"id":469,"palmNormal":[0.134034,-0.666658,-0.733213],"palmPosition":[33.741,258.927,9.78818],"palmVelocity":[-4.77447,83.6063,-12.3396],"palmWidth":89.1918,"pinchStrength":0.283191,"r":[[0.776629,0.450433,0.440405],[-0.496451,0.867978,-0.0122781],[-0.387793,-0.209104,0.897715]],"s":1.07822,"sphereCenter":[28.4273,244.144,-33.3307],"sphereRadius":46.3429,"stabilizedPalmPosition":[33.744,258.888,9.80519],"t":[49.0614,7.99407,-57.5054],"timeVisible":10.3309,"type":"right","wrist":[39.2948,223.02,49.2272]}],"id":1680231,"interactionBox":{"center":[0,200,0],"size":[235.247,235.247,147.751]},"pointables":[{"bases":[[[0.283486,0.770042,0.571551],[-0.866681,-0.0493905,0.496411],[0.410487,-0.636079,0.653379]],[[0.203501,0.873525,0.442202],[-0.842766,-0.0735978,0.533225],[0.49833,-0.481184,0.7212]],[[0.203501,0.873525,0.442202],[-0.959398,0.268007,-0.0879057],[-0.195301,-0.406359,0.892597]],[[0.203501,0.873525,0.442202],[-0.94747,0.28953,-0.135913],[-0.246754,-0.391315,0.886558]]],"btipPosition":[0.752618,257.563,-44.9767],"carpPosition":[12.9483,211.459,40.4832],"dipPosition":[-4.90818,248.586,-24.6381],"direction":[0.195301,0.406359,-0.892597],"extended":false,"handId":469,"id":4690,"length":51.0864,"mcpPosition":[12.9483,211.459,40.4832],"pipPosition":[-11.4355,235.004,5.1941],"stabilizedTipPosition":[-0.539951,255.467,-40.2956],"timeVisible":10.3309,"tipPosition":[-0.574771,255.352,-40.3183],"tipVelocity":[-13.4041,93.7444,-4.56346],"tool":false,"touchDistance":-0.0824345,"touchZone":"touching","type":0,"width":19.8498},{"bases":[[[0.980681,0.195611,0.0014176],[-0.153687,0.765975,0.62423],[0.12102,-0.612388,0.781239]],[[0.974772,0.221012,-0.0312062],[-0.184409,0.876205,0.445262],[0.125751,-0.428274,0.894857]],[[0.974772,0.221012,-0.0312062],[-0.210247,0.95611,0.204082],[0.0749411,-0.192373,0.978456]],[[0.974772,0.221012,-0.0312062],[-0.220646,0.975242,0.0147756],[0.0336991,-0.00751734,0.999404]]],"btipPosition":[2.10225,299.471,-85.5236],"carpPosition":[18.4655,232.589,48.4216],"dipPosition":[2.66664,299.345,-68.7857],"direction":[-0.0749411,0.192373,-0.978456],"extended":true,"handId":469,"id":4691,"length":57.6453,"mcpPosition":[9.738,276.751,-7.918],"pipPosition":[4.4422,294.787,-45.6034],"stabilizedTipPosition":[2.29375,299.026,-81.6049],"timeVisible":10.3309,"tipPosition":[1.9661,300.492,-81.289],"tipVelocity":[-12.5746,90.674,-6.26383],"tool":false,"touchDistance":0.419622,"touchZone":"hovering","type":1,"width":18.9605},{"bases":[[[0.999749,-0.0223888,0.000515937],[0.0170156,0.774387,0.632483],[-0.0145601,-0.632316,0.774574]],[[0.999679,-0.0250508,0.003777],[0.022151,0.791961,-0.610169],[0.012294,0.610057,0.792262]],[[0.999679,-0.0250508,0.003777],[-0.0101011,-0.530862,-0.847398],[0.0232331,0.847088,-0.530945]],[[0.999679,-0.0250508,0.003777],[-0.0222893,-0.94057,-0.338866],[0.0120414,0.338673,-0.940827]]],"btipPosition":[29.394,221.125,-9.24573],"carpPosition":[29.8485,236.556,49.029],"dipPosition":[29.6158,227.364,-26.5763],"direction":[-0.0232331,-0.847088,0.530945],"extended":false,"handId":469,"id":4692,"length":65.6822,"mcpPosition":[30.8443,279.799,-3.94345],"pipPosition":[30.2634,250.976,-41.3761],"stabilizedTipPosition":[29.7278,221.389,-13.125],"timeVisible":10.3309,"tipPosition":[29.4555,222.673,-13.5234],"tipVelocity":[-17.7081,83.0567,-7.37536],"tool":false,"touchDistance":0.333333,"touchZone":"none","type":2,"width":18.6218},{"bases":[[[0.982563,-0.173508,0.0668144],[0.0879268,0.750257,0.655273],[-0.163823,-0.637973,0.752431]],[[0.985706,-0.160434,0.0514243],[0.153288,0.727407,-0.668866],[0.0699026,0.667188,0.741602]],[[0.985706,-0.160434,0.0514243],[-0.0564269,-0.601992,-0.796506],[0.158744,0.782219,-0.602439]],[[0.985706,-0.160434,0.0514243],[-0.138936,-0.946735,-0.290499],[0.0952912,0.279202,-0.955492]]],"btipPosition":[42.7972,221.078,4.14859],"carpPosition":[41.8555,237.48,48.9705],"dipPosition":[44.5424,226.191,-13.351],"direction":[-0.158744,-0.782219,0.602439],"extended":false,"handId":469,"id":4693,"length":63.1552,"mcpPosition":[51.9145,276.652,2.76969],"pipPosition":[48.853,247.432,-29.71],"stabilizedTipPosition":[43.4726,220.948,0.240828],"timeVisible":10.3309,"tipPosition":[43.2728,222.414,-0.50799],"tipVelocity":[-15.6017,77.7378,-7.7271],"tool":false,"touchDistance":0.333333,"touchZone":"none","type":3,"width":17.7198},{"bases":[[[0.928874,-0.367743,0.0442563],[0.22486,0.654806,0.721573],[-0.294333,-0.660298,0.690923]],[[0.951368,-0.307567,-0.0173617],[0.239994,0.775326,-0.584185],[0.193137,0.551608,0.811435]],[[0.951368,-0.307567,-0.0173617],[-0.175623,-0.49521,-0.850837],[0.253092,0.812508,-0.525143]],[[0.951368,-0.307567,-0.0173617],[-0.29222,-0.883189,-0.366857],[0.0974993,0.354089,-0.930115]]],"btipPosition":[57.8579,228.585,4.86893],"carpPosition":[54.3222,231.734,46.4816],"dipPosition":[59.5053,234.568,-10.8464],"direction":[-0.253092,-0.812508,0.525143],"extended":false,"handId":469,"id":4694,"length":49.5125,"mcpPosition":[71.0518,269.264,7.21003],"pipPosition":[64.3576,250.145,-20.9146],"stabilizedTipPosition":[58.4623,228.754,1.45053],"timeVisible":10.3309,"tipPosition":[58.2223,229.988,1.14353],"tipVelocity":[-13.1442,77.5133,-12.4706],"tool":false,"touchDistance":0.333333,"touchZone":"none","type":4,"width":15.7401}],"r":[[0.776629,0.450433,0.440405],[-0.496451,0.867978,-0.0122781],[-0.387793,-0.209104,0.897715]],"s":1.07822,"t":[49.0614,7.99407,-57.5054],"timestamp":93405579228},false],[2,{"currentFrameRate":55.2884,"devices":[],"gestures":[],"hands":[{"armBasis":[[0.990632,0.122802,-0.059736],[-0.10204,0.956351,0.273827],[0.0907549,-0.265166,0.959922]],"armWidth":62.4607,"confidence":0.661739,"direction":[0.0242587,0.744435,-0.667254],"elbow":[63.1885,153.396,303.605],"grabStrength":0,"id":469,"palmNormal":[0.135078,-0.663771,-0.735637],"palmPosition":[33.6237,259.63,10.2414],"palmVelocity":[-5.59704,62.4319,5.43545],"palmWidth":89.1918,"pinchStrength":0.280429,"r":[[0.777919,0.448575,0.440026],[-0.49564,0.86848,-0.00911414],[-0.386242,-0.211005,0.897939]],"s":1.0789,"sphereCenter":[28.3886,245.005,-32.9316],"sphereRadius":46.3454,"stabilizedPalmPosition":[33.6283,259.601,10.2244],"t":[48.9603,9.07473,-57.3964],"timeVisible":10.3489,"type":"right","wrist":[39.169,223.576,49.5478]}],"id":1680232,"interactionBox":{"center":[0,200,0],"size":[235.247,235.247,147.751]},"pointables":[{"bases":[[[0.282506,0.768045,0.574714],[-0.867055,-0.0518538,0.495507],[0.410373,-0.638292,0.651289]],[[0.202594,0.87193,0.445751],[-0.843349,-0.0760005,0.531965],[0.497714,-0.483697,0.719943]],[[0.202594,0.87193,0.445751],[-0.959574,0.26758,-0.0872841],[-0.19538,-0.410048,0.890891]],[[0.202594,0.87193,0.445751],[-0.947638,0.289309,-0.135214],[-0.246857,-0.395017,0.884886]]],"btipPosition":[0.676795,258.466,-44.5648],"carpPosition":[12.8374,212.031,40.7382],"dipPosition":[-4.98638,249.404,-24.2646],"direction":[0.19538,0.410048,-0.890891],"extended":false,"handId":469,"id":4690,"length":51.0864,"mcpPosition":[12.8374,212.031,40.7382],"pipPosition":[-11.5163,235.699,5.51056],"stabilizedTipPosition":[-0.623555,256.358,-39.9059],"timeVisible":10.3489,"tipPosition":[-0.64965,256.232,-39.9118],"tipVelocity":[-9.05639,72.5322,8.20426],"tool":false,"touchDistance":-0.0757174,"touchZone":"touching","type":0,"width":19.8498},{"bases":[[[0.980549,0.196251,0.00296927],[-0.154707,0.763489,0.627017],[0.120786,-0.615281,0.779]],[[0.97468,0.221661,-0.0294192],[-0.185321,0.874399,0.448421],[0.125122,-0.431615,0.893338]],[[0.97468,0.221661,-0.0294192],[-0.210959,0.955181,0.207669],[0.0741328,-0.196204,0.977757]],[[0.97468,0.221661,-0.0294192],[-0.221187,0.975055,0.0185421],[0.0327954,-0.0115654,0.999395]]],"btipPosition":[2.04841,300.524,-84.9415],"carpPosition":[18.3339,233.134,48.7615],"dipPosition":[2.59767,300.33,-68.2037],"direction":[-0.0741328,0.196204,-0.977757],"extended":true,"handId":469,"id":4691,"length":57.6453,"mcpPosition":[9.62337,277.505,-7.41652],"pipPosition":[4.35408,295.682,-45.038],"stabilizedTipPosition":[2.20996,300.05,-81.2436],"timeVisible":10.3489,"tipPosition":[1.90766,301.507,-80.7097],"tipVelocity":[-8.11899,74.9668,12.0221],"tool":false,"touchDistance":0.419725,"touchZone":"hovering","type":1,"width":18.9605},{"bases":[[[0.999763,-0.0217306,0.00125273],[0.0159834,0.771982,0.635443],[-0.0147756,-0.635272,0.772147]],[[0.999691,-0.0244459,0.00455329],[0.0221601,0.792758,-0.609133],[0.0112812,0.609046,0.793055]],[[0.999691,-0.0244459,0.00455329],[-0.00907897,-0.529296,-0.848389],[0.0231497,0.848085,-0.529354]],[[0.999691,-0.0244459,0.00455329],[-0.0214183,-0.939539,-0.341771],[0.0126329,0.341568,-0.939772]]],"btipPosition":[29.3134,221.844,-8.81654],"carpPosition":[29.7139,237.106,49.3934],"dipPosition":[29.5461,228.136,-26.1277],"direction":[-0.0231497,-0.848085,0.529354],"extended":false,"handId":469,"id":4692,"length":65.6822,"mcpPosition":[30.7244,280.552,-3.41303],"pipPosition":[30.1914,251.776,-40.8831],"stabilizedTipPosition":[29.5356,222.402,-12.9509],"timeVisible":10.3489,"tipPosition":[29.3784,223.422,-13.1204],"tipVelocity":[-11.3654,62.9108,7.53198],"tool":false,"touchDistance":0.333333,"touchZone":"none","type":2,"width":18.6218},{"bases":[[[0.982623,-0.173112,0.0669608],[0.086892,0.747813,0.658199],[-0.164017,-0.640943,0.74986]],[[0.985783,-0.15992,0.0515554],[0.153259,0.730004,-0.666037],[0.0688771,0.664469,0.744135]],[[0.985783,-0.15992,0.0515554],[-0.0552631,-0.598344,-0.799331],[0.158677,0.785118,-0.598675]],[[0.985783,-0.15992,0.0515554],[-0.137915,-0.945367,-0.295398],[0.0959789,0.284088,-0.953982]]],"btipPosition":[42.708,221.769,4.44349],"carpPosition":[41.7202,238.038,49.3483],"dipPosition":[44.4658,226.972,-13.0285],"direction":[-0.158677,-0.785118,0.598675],"extended":false,"handId":469,"id":4693,"length":63.1552,"mcpPosition":[51.7912,277.393,3.30539],"pipPosition":[48.7746,248.292,-29.2852],"stabilizedTipPosition":[43.2902,221.97,0.334039],"timeVisible":10.3489,"tipPosition":[43.1852,223.137,-0.179649],"tipVelocity":[-10.4732,59.6112,3.86369],"tool":false,"touchDistance":0.333333,"touchZone":"none","type":3,"width":17.7198},{"bases":[[[0.929081,-0.367296,0.0436187],[0.223834,0.6522,0.724247],[-0.294461,-0.66312,0.68816]],[[0.951587,-0.306867,-0.0177547],[0.239897,0.777547,-0.581266],[0.192176,0.548866,0.81352]],[[0.951587,-0.306867,-0.0177547],[-0.174647,-0.492238,-0.85276],[0.252944,0.814576,-0.522001]],[[0.951587,-0.306867,-0.0177547],[-0.291335,-0.881993,-0.370422],[0.0980106,0.357661,-0.928694]]],"btipPosition":[57.7633,229.317,5.23567],"carpPosition":[54.1928,232.31,46.8478],"dipPosition":[59.4193,235.36,-10.4557],"direction":[-0.252944,-0.814576,0.522001],"extended":false,"handId":469,"id":4694,"length":49.5125,"mcpPosition":[70.9297,270.001,7.73329],"pipPosition":[64.2688,250.977,-20.4636],"stabilizedTipPosition":[58.3011,229.744,1.53979],"timeVisible":10.3489,"tipPosition":[58.1306,230.736,1.5141],"tipVelocity":[-9.34738,60.3678,3.23768],"tool":false,"touchDistance":0.333333,"touchZone":"none","type":4,"width":15.7401}],"r":[[0.777919,0.448575,0.440026],[-0.49564,0.86848,-0.00911414],[-0.386242,-0.211005,0.897939]],"s":1.0789,"t":[48.9603,9.07473,-57.3964],"timestamp":93405597254},false],[3,{"currentFrameRate":55.1696,"devices":[],"gestures":[],"hands":[{"armBasis":[[0.990641,0.121526,-0.0621474],[-0.100005,0.956088,0.275492],[0.0928979,-0.266698,0.959292]],"armWidth":62.4607,"confidence":0.700952,"direction":[0.0262338,0.747813,-0.663391],"elbow":[63.4875,153.564,303.568],"grabStrength":0,"id":469,"palmNormal":[0.134274,-0.660242,-0.738953],"palmPosition":[33.4562,260.417,10.5537],"palmVelocity":[-7.25959,52.7768,10.9562],"palmWidth":89.1918,"pinchStrength":0.279987,"r":[[0.779066,0.44632,0.440289],[-0.494635,0.869082,-0.00575824],[-0.385217,-0.213296,0.897837]],"s":1.07943,"sphereCenter":[28.2633,246.022,-32.6989],"sphereRadius":46.3461,"stabilizedPalmPosition":[33.4611,260.394,10.5443],"t":[48.826,10.0087,-57.1858],"timeVisible":10.3674,"type":"right","wrist":[38.9008,224.15,49.6777]}],"id":1680233,"interactionBox":{"center":[0,200,0],"size":[235.247,235.247,147.751]},"pointables":[{"bases":[[[0.283635,0.764504,0.578865],[-0.867514,-0.0526619,0.494618],[0.408621,-0.642464,0.648281]],[[0.203898,0.869348,0.450178],[-0.844148,-0.0767679,0.530586],[0.495823,-0.488202,0.718205]],[[0.203898,0.869348,0.450178],[-0.959056,0.269702,-0.0864429],[-0.196563,-0.414121,0.888745]],[[0.203898,0.869348,0.450178],[-0.947128,0.291532,-0.134003],[-0.247736,-0.399054,0.882827]]],"btipPosition":[0.54408,259.588,-44.309],"carpPosition":[12.5524,212.704,40.79],"dipPosition":[-5.13926,250.433,-24.056],"direction":[0.196563,0.414121,-0.888745],"extended":false,"handId":469,"id":4690,"length":51.0864,"mcpPosition":[12.5524,212.704,40.79],"pipPosition":[-11.7087,236.592,5.64746],"stabilizedTipPosition":[-0.760695,257.463,-39.6551],"timeVisible":10.3674,"tipPosition":[-0.786789,257.342,-39.6564],"tipVelocity":[-8.25976,66.1666,10.6292],"tool":false,"touchDistance":-0.071634,"touchZone":"touching","type":0,"width":19.8498},{"bases":[[[0.980939,0.19426,0.00467633],[-0.153624,0.760557,0.630834],[0.118989,-0.619528,0.775904]],[[0.975178,0.219718,-0.0274198],[-0.183839,0.872445,0.452817],[0.123414,-0.436536,0.891182]],[[0.975178,0.219718,-0.0274198],[-0.209058,0.954439,0.212933],[0.0729559,-0.201916,0.976682]],[[0.975178,0.219718,-0.0274198],[-0.219087,0.975403,0.0242692],[0.0320777,-0.0176595,0.999329]]],"btipPosition":[2.04142,301.895,-84.4364],"carpPosition":[18.0856,233.754,48.9259],"dipPosition":[2.57866,301.599,-67.6997],"direction":[-0.0729559,0.201916,-0.976682],"extended":true,"handId":469,"id":4691,"length":57.6453,"mcpPosition":[9.50457,278.431,-7.02886],"pipPosition":[4.30718,296.815,-44.5595],"stabilizedTipPosition":[2.17973,301.244,-80.8023],"timeVisible":10.3674,"tipPosition":[1.90231,302.818,-80.2102],"tipVelocity":[-4.44608,73.8657,19.3794],"tool":false,"touchDistance":0.418657,"touchZone":"hovering","type":1,"width":18.9605},{"bases":[[[0.999716,-0.0237481,0.00184989],[0.0170763,0.768664,0.639425],[-0.0166071,-0.639212,0.768851]],[[0.999635,-0.0265053,0.00516658],[0.0242252,0.79566,-0.605259],[0.0119318,0.605163,0.796012]],[[0.999635,-0.0265053,0.00516658],[-0.00951373,-0.524729,-0.851216],[0.0252728,0.850856,-0.52479]],[[0.999635,-0.0265053,0.00516658],[-0.0230647,-0.937535,-0.347125],[0.0140445,0.346879,-0.937805]]],"btipPosition":[29.0819,222.716,-8.70142],"carpPosition":[29.473,237.7,49.5864],"dipPosition":[29.3406,229.105,-25.9764],"direction":[-0.0252728,-0.850856,0.52479],"extended":false,"handId":469,"id":4692,"length":65.6822,"mcpPosition":[30.6088,281.415,-2.99476],"pipPosition":[30.045,252.823,-40.6046],"stabilizedTipPosition":[29.3317,223.324,-12.808],"timeVisible":10.3674,"tipPosition":[29.1537,224.323,-12.9897],"tipVelocity":[-11.7535,55.8092,7.10993],"tool":false,"touchDistance":0.333333,"touchZone":"none","type":2,"width":18.6218},{"bases":[[[0.982225,-0.175432,0.0667647],[0.0879198,0.744235,0.662106],[-0.165843,-0.644468,0.74643]],[[0.985437,-0.162103,0.051356],[0.15509,0.732965,-0.662351],[0.0697268,0.66067,0.747431]],[[0.985437,-0.162103,0.051356],[-0.0558452,-0.593787,-0.802682],[0.160611,0.788124,-0.594192]],[[0.985437,-0.162103,0.051356],[-0.139485,-0.943336,-0.301099],[0.097255,0.289551,-0.952209]]],"btipPosition":[42.468,222.54,4.56176],"carpPosition":[41.4813,238.608,49.5546],"dipPosition":[44.2492,227.843,-12.8777],"direction":[-0.160611,-0.788124,0.594192],"extended":false,"handId":469,"id":4693,"length":63.1552,"mcpPosition":[51.6644,278.18,3.72224],"pipPosition":[48.6106,249.244,-29.0127],"stabilizedTipPosition":[43.0872,222.851,0.440681],"timeVisible":10.3674,"tipPosition":[42.9499,223.94,-0.03716],"tipVelocity":[-11.5285,51.4934,5.27613],"tool":false,"touchDistance":0.333333,"touchZone":"none","type":3,"width":17.7198},{"bases":[[[0.92831,-0.369384,0.042384],[0.224622,0.648008,0.727757],[-0.296287,-0.666064,0.684524]],[[0.95098,-0.30869,-0.0186557],[0.241877,0.780026,-0.577109],[0.1927,0.544306,0.816454]],[[0.95098,-0.30869,-0.0186557],[-0.174974,-0.487338,-0.855503],[0.254994,0.81683,-0.517461]],[[0.95098,-0.30869,-0.0186557],[-0.292814,-0.87938,-0.375435],[0.0994878,0.362494,-0.926661]]],"btipPosition":[57.536,230.075,5.40483],"carpPosition":[53.9441,232.867,47.0334],"dipPosition":[59.2169,236.2,-10.2522],"direction":[-0.254994,-0.81683,0.517461],"extended":false,"handId":469,"id":4694,"length":49.5125,"mcpPosition":[70.7848,270.726,8.12555],"pipPosition":[64.1058,251.86,-20.1731],"stabilizedTipPosition":[58.1157,230.596,1.66908],"timeVisible":10.3674,"tipPosition":[57.9102,231.515,1.69411],"tipVelocity":[-10.608,51.4416,6.29227],"tool":false,"touchDistance":0.333333,"touchZone":"none","type":4,"width":15.7401}],"r":[[0.779066,0.44632,0.440289],[-0.494635,0.869082,-0.00575824],[-0.385217,-0.213296,0.897837]],"s":1.07943,"t":[48.826,10.0087,-57.1858],"timestamp":93405615791},false],[4,{"currentFrameRate":55.3074,"devices":[],"gestures":[],"hands":[{"armBasis":[[0.990527,0.120985,-0.064953],[-0.0987817,0.956367,0.274964],[0.0953853,-0.265943,0.959258]],"armWidth":62.4607,"confidence":0.710271,"direction":[0.0267092,0.747687,-0.663514],"elbow":[63.9592,153.982,303.91],"grabStrength":0,"id":469,"palmNormal":[0.133179,-0.660495,-0.738925],"palmPosition":[33.2891,260.635,10.9021],"palmVelocity":[-8.30168,33.9418,15.077],"palmWidth":89.1918,"pinchStrength":0.279664,"r":[[0.780124,0.444358,0.440401],[-0.493638,0.869662,-0.00304821],[-0.384355,-0.215021,0.897796]],"s":1.07981,"sphereCenter":[28.0935,246.222,-32.3571],"sphereRadius":46.3479,"stabilizedPalmPosition":[33.2978,260.623,10.8839],"t":[48.6753,10.5847,-56.9062],"timeVisible":10.385,"type":"right","wrist":[38.7141,224.367,50.0287]}],"id":1680234,"interactionBox":{"center":[0,200,0],"size":[235.247,235.247,147.751]},"pointables":[{"bases":[[[0.284761,0.764279,0.578609],[-0.867318,-0.0516464,0.495067],[0.408253,-0.642814,0.648167]],[[0.205043,0.869224,0.449898],[-0.844132,-0.0755994,0.530778],[0.495377,-0.488605,0.718239]],[[0.205043,0.869224,0.449898],[-0.958844,0.270633,-0.0858793],[-0.196405,-0.413773,0.888941]],[[0.205043,0.869224,0.449898],[-0.946907,0.292474,-0.133517],[-0.247639,-0.398634,0.883043]]],"btipPosition":[0.354801,259.831,-43.9561],"carpPosition":[12.3488,212.949,41.156],"dipPosition":[-5.32631,250.686,-23.6981],"direction":[0.196405,0.413773,-0.888941],"extended":false,"handId":469,"id":4690,"length":51.0864,"mcpPosition":[12.3488,212.949,41.156],"pipPosition":[-11.8905,236.857,6.01186],"stabilizedTipPosition":[-0.946215,257.72,-39.3073],"timeVisible":10.385,"tipPosition":[-0.978087,257.591,-39.2974],"tipVelocity":[-9.40832,41.8255,15.0495],"tool":false,"touchDistance":-0.065734,"touchZone":"touching","type":0,"width":19.8498},{"bases":[[[0.981152,0.193194,0.00414844],[-0.152476,0.760816,0.630801],[0.118711,-0.619544,0.775933]],[[0.975418,0.218595,-0.0278736],[-0.182651,0.872756,0.452698],[0.123284,-0.436479,0.891228]],[[0.975418,0.218595,-0.0278736],[-0.207859,0.954677,0.21304],[0.0731797,-0.202009,0.976646]],[[0.975418,0.218595,-0.0278736],[-0.217945,0.975652,0.0245634],[0.0325643,-0.0178847,0.99931]]],"btipPosition":[1.87696,302.14,-84.0792],"carpPosition":[17.909,233.994,49.2861],"dipPosition":[2.42235,301.841,-67.3428],"direction":[-0.0731797,0.202009,-0.976646],"extended":true,"handId":469,"id":4691,"length":57.6453,"mcpPosition":[9.34808,278.673,-6.67084],"pipPosition":[4.15618,297.054,-44.2034],"stabilizedTipPosition":[2.07655,301.725,-80.4692],"timeVisible":10.385,"tipPosition":[1.74204,303.047,-79.8574],"tipVelocity":[-6.67927,45.8906,19.8039],"tool":false,"touchDistance":0.415483,"touchZone":"hovering","type":1,"width":18.9605},{"bases":[[[0.999691,-0.0248352,0.00134427],[0.018238,0.768738,0.639304],[-0.0169106,-0.639081,0.768953]],[[0.999608,-0.0276153,0.0046897],[0.0248147,0.795387,-0.605594],[0.0129936,0.605473,0.79576]],[[0.999608,-0.0276153,0.0046897],[-0.0104986,-0.52459,-0.85129],[0.0259688,0.850907,-0.524674]],[[0.999608,-0.0276153,0.0046897],[-0.0242643,-0.937336,-0.347581],[0.0139944,0.347331,-0.937638]]],"btipPosition":[28.862,222.91,-8.34897],"carpPosition":[29.3011,237.928,49.9401],"dipPosition":[29.1198,229.308,-25.6208],"direction":[-0.0259688,-0.850907,0.524674],"extended":false,"handId":469,"id":4692,"length":65.6822,"mcpPosition":[30.4576,281.634,-2.64792],"pipPosition":[29.8437,253.027,-40.2458],"stabilizedTipPosition":[29.1485,223.797,-12.5908],"timeVisible":10.385,"tipPosition":[28.934,224.526,-12.6288],"tipVelocity":[-12.1019,34.9953,13.1489],"tool":false,"touchDistance":0.333333,"touchZone":"none","type":2,"width":18.6218},{"bases":[[[0.982068,-0.17649,0.0662901],[0.0890664,0.744235,0.661953],[-0.166164,-0.644178,0.746608]],[[0.985323,-0.163002,0.0506877],[0.155332,0.733031,-0.662222],[0.070788,0.660376,0.747592]],[[0.985323,-0.163002,0.0506877],[-0.0564175,-0.591216,-0.804538],[0.161109,0.789869,-0.591735]],[[0.985323,-0.163002,0.0506877],[-0.140138,-0.941971,-0.305045],[0.0974693,0.293464,-0.950988]]],"btipPosition":[42.2528,222.631,4.80225],"carpPosition":[41.3103,238.823,49.9021],"dipPosition":[44.0379,228.006,-12.6149],"direction":[-0.161109,-0.789869,0.591735],"extended":false,"handId":469,"id":4693,"length":63.1552,"mcpPosition":[51.513,278.377,4.05883],"pipPosition":[48.4128,249.454,-28.6831],"stabilizedTipPosition":[42.9044,223.289,0.594088],"timeVisible":10.385,"tipPosition":[42.7328,224.076,0.277667],"tipVelocity":[-11.8298,30.3305,9.322],"tool":false,"touchDistance":0.333333,"touchZone":"none","type":3,"width":17.7198},{"bases":[[[0.927929,-0.370387,0.0419652],[0.225697,0.647869,0.727548],[-0.296663,-0.665642,0.684772]],[[0.950623,-0.309762,-0.0190611],[0.242473,0.779649,-0.577369],[0.193708,0.544238,0.816261]],[[0.950623,-0.309762,-0.0190611],[-0.175825,-0.486942,-0.855554],[0.255736,0.816661,-0.517362]],[[0.950623,-0.309762,-0.0190611],[-0.293921,-0.87889,-0.375717],[0.09963,0.362767,-0.926539]]],"btipPosition":[57.3272,230.253,5.73549],"carpPosition":[53.7655,233.069,47.3754],"dipPosition":[59.0106,236.382,-9.91945],"direction":[-0.255736,-0.816661,0.517362],"extended":false,"handId":469,"id":4694,"length":49.5125,"mcpPosition":[70.6276,270.903,8.45349],"pipPosition":[63.9136,252.04,-19.8384],"stabilizedTipPosition":[57.9471,231.044,1.86473],"timeVisible":10.385,"tipPosition":[57.7042,231.698,2.03065],"tipVelocity":[-11.1763,32.1986,12.129],"tool":false,"touchDistance":0.333333,"touchZone":"none","type":4,"width":15.7401}],"r":[[0.780124,0.444358,0.440401],[-0.493638,0.869662,-0.00304821],[-0.384355,-0.215021,0.897796]],"s":1.07981,"t":[48.6753,10.5847,-56.9062],"timestamp":93405633395},false],[5,{"currentFrameRate":55.2925,"devices":[],"gestures":[],"hands":[{"armBasis":[[0.990239,0.122428,-0.0666162],[-0.0996385,0.956016,0.275871],[0.0974607,-0.266541,0.958883]],"armWidth":62.4607,"confidence":0.72841,"direction":[0.0258681,0.747937,-0.663266],"elbow":[64.3331,154.163,304.18],"grabStrength":0,"id":469,"palmNormal":[0.1336,-0.660123,-0.739182],"palmPosition":[33.0712,260.983,11.2856],"palmVelocity":[-10.0678,26.9047,17.966],"palmWidth":89.1918,"pinchStrength":0.279108,"r":[[0.780909,0.4429,0.440478],[-0.492996,0.870031,-0.000796947],[-0.383582,-0.216532,0.897763]],"s":1.08007,"sphereCenter":[27.9053,246.569,-31.9847],"sphereRadius":46.349,"stabilizedPalmPosition":[33.0948,260.945,11.2437],"t":[48.491,11.0465,-56.5747],"timeVisible":10.4032,"type":"right","wrist":[38.5388,224.707,50.3985]}],"id":1680235,"interactionBox":{"center":[0,200,0],"size":[235.247,235.247,147.751]},"pointables":[{"bases":[[[0.284206,0.764341,0.5788],[-0.867151,-0.0526032,0.49526],[0.408994,-0.642663,0.647849]],[[0.204402,0.869214,0.450209],[-0.844009,-0.0764779,0.530848],[0.495852,-0.488486,0.717992]],[[0.204402,0.869214,0.450209],[-0.959141,0.269751,-0.08534],[-0.195623,-0.41437,0.888836]],[[0.204402,0.869214,0.450209],[-0.947231,0.291647,-0.133023],[-0.246927,-0.399262,0.882959]]],"btipPosition":[0.12198,260.178,-43.5662],"carpPosition":[12.1817,213.268,41.5284],"dipPosition":[-5.54279,251.019,-23.3102],"direction":[0.195623,0.41437,-0.888836],"extended":false,"handId":469,"id":4690,"length":51.0864,"mcpPosition":[12.1817,213.268,41.5284],"pipPosition":[-12.0808,237.17,6.39626],"stabilizedTipPosition":[-1.16686,258.051,-38.9313],"timeVisible":10.4032,"tipPosition":[-1.20599,257.933,-38.9075],"tipVelocity":[-10.9427,30.9264,18.1081],"tool":false,"touchDistance":-0.0592438,"touchZone":"touching","type":0,"width":19.8498},{"bases":[[[0.980977,0.194085,0.00397578],[-0.153014,0.760463,0.631097],[0.119463,-0.6197,0.775694]],[[0.97523,0.219419,-0.0279449],[-0.18333,0.872509,0.4529],[0.123757,-0.436559,0.891123]],[[0.97523,0.219419,-0.0279449],[-0.208616,0.954408,0.213504],[0.0735176,-0.202386,0.976542]],[[0.97523,0.219419,-0.0279449],[-0.218747,0.975456,0.0252289],[0.0327947,-0.0184911,0.999291]]],"btipPosition":[1.60672,302.494,-83.6766],"carpPosition":[17.7247,234.315,49.6642],"dipPosition":[2.15596,302.185,-66.9406],"direction":[-0.0735176,0.202386,-0.976542],"extended":true,"handId":469,"id":4691,"length":57.6453,"mcpPosition":[9.10961,279.005,-6.27544],"pipPosition":[3.89779,297.39,-43.8036],"stabilizedTipPosition":[1.90646,302.071,-80.1514],"timeVisible":10.4032,"tipPosition":[1.47213,303.385,-79.4585],"tipVelocity":[-10.5719,33.275,20.9415],"tool":false,"touchDistance":0.413305,"touchZone":"hovering","type":1,"width":18.9605},{"bases":[[[0.999713,-0.0239267,0.00109299],[0.0176946,0.768537,0.639561],[-0.0161426,-0.639358,0.76874]],[[0.999633,-0.0267335,0.0044681],[0.0239792,0.795431,-0.60557],[0.012635,0.605454,0.79578]],[[0.999633,-0.0267335,0.0044681],[-0.0102061,-0.523974,-0.851673],[0.0251094,0.851314,-0.524055]],[[0.999633,-0.0267335,0.0044681],[-0.0234988,-0.936953,-0.348664],[0.0135074,0.348431,-0.937237]]],"btipPosition":[28.6717,223.229,-7.98329],"carpPosition":[29.1134,238.259,50.3168],"dipPosition":[28.9205,229.648,-25.2478],"direction":[-0.0251094,-0.851314,0.524055],"extended":false,"handId":469,"id":4692,"length":65.6822,"mcpPosition":[30.2174,281.984,-2.25664],"pipPosition":[29.6204,253.378,-39.8555],"stabilizedTipPosition":[28.9903,224.139,-12.3508],"timeVisible":10.4032,"tipPosition":[28.7419,224.857,-12.252],"tipVelocity":[-11.3902,26.8241,16.5342],"tool":false,"touchDistance":0.333333,"touchZone":"none","type":2,"width":18.6218},{"bases":[[[0.982244,-0.17562,0.0659916],[0.0885508,0.744091,0.662184],[-0.165396,-0.644583,0.74643]],[[0.985515,-0.161979,0.0502256],[0.154312,0.733677,-0.661745],[0.0703392,0.65991,0.748045]],[[0.985515,-0.161979,0.0502256],[-0.0559144,-0.58996,-0.805494],[0.160104,0.791018,-0.590472]],[[0.985515,-0.161979,0.0502256],[-0.139117,-0.941552,-0.3068],[0.096985,0.295369,-0.950448]]],"btipPosition":[42.073,222.952,5.12327],"carpPosition":[41.1217,239.165,50.2762],"dipPosition":[43.8493,228.362,-12.2839],"direction":[-0.160104,-0.791018,0.590472],"extended":false,"handId":469,"id":4693,"length":63.1552,"mcpPosition":[51.2774,278.743,4.44388],"pipPosition":[48.1968,249.841,-28.3179],"stabilizedTipPosition":[42.747,223.627,0.789636],"timeVisible":10.4032,"tipPosition":[42.5462,224.41,0.636902],"tipVelocity":[-10.9704,24.5199,13.3725],"tool":false,"touchDistance":0.333333,"touchZone":"none","type":3,"width":17.7198},{"bases":[[[0.928275,-0.369558,0.0416139],[0.225285,0.647827,0.727714],[-0.295891,-0.666144,0.684618]],[[0.950867,-0.308999,-0.019291],[0.241755,0.779978,-0.577225],[0.193408,0.5442,0.816358]],[[0.950867,-0.308999,-0.019291],[-0.175342,-0.486123,-0.856119],[0.255162,0.817438,-0.516418]],[[0.950867,-0.308999,-0.019291],[-0.293147,-0.878544,-0.377126],[0.0995835,0.364252,-0.925961]]],"btipPosition":[57.1216,230.597,6.08217],"carpPosition":[53.5816,233.422,47.7445],"dipPosition":[58.8042,236.751,-9.56301],"direction":[-0.255162,-0.817438,0.516418],"extended":false,"handId":469,"id":4694,"length":49.5125,"mcpPosition":[70.3998,271.285,8.83136],"pipPosition":[63.6962,252.423,-19.4639],"stabilizedTipPosition":[57.7909,231.389,2.08527],"timeVisible":10.4032,"tipPosition":[57.5034,232.056,2.38944],"tipVelocity":[-11.2567,26.0415,15.5154],"tool":false,"touchDistance":0.333333,"touchZone":"none","type":4,"width":15.7401}],"r":[[0.780909,0.4429,0.440478],[-0.492996,0.870031,-0.000796947],[-0.383582,-0.216532,0.897763]],"s":1.08007,"t":[48.491,11.0465,-56.5747],"timestamp":93405651532},false],[6,{"currentFrameRate":55.2805,"devices":[],"gestures":[],"hands":[{"armBasis":[[0.989745,0.126278,-0.0667728],[-0.10303,0.954858,0.278623],[0.0989425,-0.268886,0.958077]],"armWidth":62.4607,"confidence":0.753063,"direction":[0.0244178,0.751108,-0.659728],"elbow":[64.5429,154.137,304.243],"grabStrength":0,"id":469,"palmNormal":[0.136872,-0.656222,-0.74205],"palmPosition":[32.829,261.742,11.7231],"palmVelocity":[-11.6372,34.0332,20.902],"palmWidth":89.1918,"pinchStrength":0.277629,"r":[[0.781114,0.441831,0.441187],[-0.493049,0.87,0.00166636],[-0.383096,-0.218828,0.897414]],"s":1.0803,"sphereCenter":[27.8131,247.494,-31.6391],"sphereRadius":46.3549,"stabilizedPalmPosition":[32.8793,261.591,11.6323],"t":[48.2777,11.6571,-56.1902],"timeVisible":10.4213,"type":"right","wrist":[38.3564,225.302,50.6745]}],"id":1680236,"interactionBox":{"center":[0,200,0],"size":[235.247,235.247,147.751]},"pointables":[{"bases":[[[0.280832,0.762553,0.582792],[-0.867718,-0.0577485,0.493691],[0.410121,-0.644343,0.645463]],[[0.201135,0.867485,0.45499],[-0.844487,-0.0818068,0.529291],[0.496373,-0.490692,0.716126]],[[0.201135,0.867485,0.45499],[-0.960035,0.266854,-0.0843878],[-0.194621,-0.419833,0.886489]],[[0.201135,0.867485,0.45499],[-0.948148,0.289098,-0.132053],[-0.24609,-0.404837,0.880651]]],"btipPosition":[-0.0876774,261.147,-43.1608],"carpPosition":[12.0502,213.818,41.7111],"dipPosition":[-5.73326,251.86,-22.9577],"direction":[0.194621,0.419833,-0.886489],"extended":false,"handId":469,"id":4690,"length":51.0864,"mcpPosition":[12.0502,213.818,41.7111],"pipPosition":[-12.2378,237.828,6.67029],"stabilizedTipPosition":[-1.36871,258.935,-38.5473],"timeVisible":10.4213,"tipPosition":[-1.39105,258.855,-38.5225],"tipVelocity":[-11.1224,40.873,19.8132],"tool":false,"touchDistance":-0.0526899,"touchZone":"touching","type":0,"width":19.8498},{"bases":[[[0.980329,0.197267,0.00637267],[-0.156452,0.757002,0.634406],[0.120323,-0.622924,0.772974]],[[0.974567,0.222659,-0.0253475],[-0.186887,0.869945,0.456365],[0.123665,-0.440021,0.889431]],[[0.974567,0.222659,-0.0253475],[-0.212003,0.952711,0.217707],[0.0726232,-0.206796,0.975685]],[[0.974567,0.222659,-0.0253475],[-0.221893,0.974614,0.0298592],[0.0313525,-0.0234753,0.999233]]],"btipPosition":[1.38124,303.591,-83.0986],"carpPosition":[17.5121,234.845,49.9535],"dipPosition":[1.90633,303.198,-66.3636],"direction":[-0.0726232,0.206796,-0.975685],"extended":true,"handId":469,"id":4691,"length":57.6453,"mcpPosition":[8.83491,279.767,-5.79002],"pipPosition":[3.62697,298.298,-43.2469],"stabilizedTipPosition":[1.73406,302.68,-79.767],"timeVisible":10.4213,"tipPosition":[1.23778,304.446,-78.8799],"tipVelocity":[-11.6056,45.7243,26.1434],"tool":false,"touchDistance":0.413974,"touchZone":"hovering","type":1,"width":18.9605},{"bases":[[[0.999783,-0.0206661,0.0025009],[0.0142165,0.765594,0.643167],[-0.0152064,-0.642992,0.765722]],[[0.999707,-0.0234794,0.00585137],[0.0222725,0.798348,-0.601784],[0.0094581,0.601738,0.798638]],[[0.999707,-0.0234794,0.00585137],[-0.00718323,-0.518879,-0.854817],[0.0231068,0.854525,-0.518896]],[[0.999707,-0.0234794,0.00585137],[-0.0198759,-0.934712,-0.35485],[0.013801,0.35463,-0.934905]]],"btipPosition":[28.5815,224.014,-7.77372],"carpPosition":[28.8868,238.823,50.6418],"dipPosition":[28.8358,230.547,-24.9952],"direction":[-0.0231068,-0.854525,0.518896],"extended":false,"handId":469,"id":4692,"length":65.6822,"mcpPosition":[29.9267,282.797,-1.72528],"pipPosition":[29.4799,254.366,-39.4592],"stabilizedTipPosition":[28.8718,224.605,-12.1423],"timeVisible":10.4213,"tipPosition":[28.6526,225.681,-12.0053],"tipVelocity":[-8.30039,35.3513,14.4243],"tool":false,"touchDistance":0.333333,"touchZone":"none","type":2,"width":18.6218},{"bases":[[[0.982713,-0.172717,0.0666642],[0.0851181,0.741274,0.665784],[-0.164409,-0.6486,0.743161]],[[0.985991,-0.158867,0.0508243],[0.152776,0.737869,-0.657426],[0.0669415,0.655981,0.751803]],[[0.985991,-0.158867,0.0508243],[-0.0526047,-0.585328,-0.809088],[0.158286,0.79508,-0.585485]],[[0.985991,-0.158867,0.0508243],[-0.135385,-0.940225,-0.312485],[0.0974298,0.301227,-0.948562]]],"btipPosition":[41.9728,223.757,5.33689],"carpPosition":[40.8922,239.768,50.6236],"dipPosition":[43.7572,229.274,-12.0358],"direction":[-0.158286,-0.79508,0.585485],"extended":false,"handId":469,"id":4693,"length":63.1552,"mcpPosition":[50.9872,279.594,4.99205],"pipPosition":[48.0554,250.864,-27.9343],"stabilizedTipPosition":[42.6251,224.096,0.974448],"timeVisible":10.4213,"tipPosition":[42.4424,225.238,0.899291],"tipVelocity":[-8.32925,34.6309,12.8237],"tool":false,"touchDistance":0.333333,"touchZone":"none","type":3,"width":17.7198},{"bases":[[[0.929416,-0.366714,0.0412996],[0.222068,0.645152,0.731071],[-0.294739,-0.670298,0.681051]],[[0.951856,-0.305948,-0.0191417],[0.240315,0.783514,-0.573022],[0.190313,0.540835,0.819316]],[[0.951856,-0.305948,-0.0191417],[-0.172098,-0.481664,-0.859291],[0.253678,0.821216,-0.511128]],[[0.951856,-0.305948,-0.0191417],[-0.289625,-0.877102,-0.383157],[0.100437,0.370254,-0.923485]]],"btipPosition":[56.9704,231.432,6.37873],"carpPosition":[53.3746,234.079,48.0841],"dipPosition":[58.6674,237.688,-9.2246],"direction":[-0.253678,-0.821216,0.511128],"extended":false,"handId":469,"id":4694,"length":49.5125,"mcpPosition":[70.1273,272.178,9.37374],"pipPosition":[63.531,253.432,-19.0241],"stabilizedTipPosition":[57.6556,231.855,2.3069],"timeVisible":10.4213,"tipPosition":[57.361,232.923,2.71137],"tipVelocity":[-9.78137,36.1901,16.1689],"tool":false,"touchDistance":0.333333,"touchZone":"none","type":4,"width":15.7401}