{"sensorType":"Leap","data":[[0,{"currentFrameRate":55.3348,"devices":[],"gestures":[],"hands":[{"armBasis":[[0.988618,0.13574,-0.064874],[-0.115229,0.960427,0.253579],[0.0967277,-0.243218,0.965137]],"armWidth":62.4607,"confidence":0.852836,"direction":[-0.00232639,0.760788,-0.648996],"elbow":[63.3783,143.733,305.275],"grabStrength":0,"id":469,"palmNormal":[0.138218,-0.642524,-0.753697],"palmPosition":[30.8397,244.97,11.519],"palmVelocity":[-47.9678,126.719,14.7903],"palmWidth":89.1918,"pinchStrength":0.278014,"r":[[0.776451,0.459362,0.431405],[-0.504843,0.863148,-0.0104562],[-0.37717,-0.209673,0.902098]],"s":1.0761,"sphereCenter":[25.343,231.264,-31.7263],"sphereRadius":46.085,"stabilizedPalmPosition":[31.1504,244.155,11.4162],"t":[46.9493,-6.81064,-56.2615],"timeVisible":11.9397,"type":"right","wrist":[37.7779,208.104,49.8383]}],"id":1680320,"interactionBox":{"center":[0,200,0],"size":[235.247,235.247,147.751]},"pointables":[{"bases":[[[0.274454,0.759947,0.589199],[-0.857972,-0.0831666,0.506919],[0.434233,-0.644643,0.629188]],[[0.195072,0.86014,0.471281],[-0.84105,-0.100495,0.53154],[0.504561,-0.500059,0.703818]],[[0.195072,0.86014,0.471281],[-0.963566,0.257725,-0.0715397],[-0.182995,-0.440155,0.879077]],[[0.195072,0.86014,0.471281],[-0.947056,0.290129,-0.137513],[-0.255013,-0.419505,0.871197]]],"btipPosition":[-1.14979,244.997,-42.6656],"carpPosition":[11.5726,196.194,41.1395],"dipPosition":[-7.00006,235.373,-22.6794],"direction":[0.182995,0.440155,-0.879077],"extended":false,"handId":469,"id":4690,"length":51.0864,"mcpPosition":[11.5726,196.194,41.1395],"pipPosition":[-13.1161,220.662,6.70093],"stabilizedTipPosition":[-2.27286,242.172,-38.1261],"timeVisible":11.9397,"tipPosition":[-2.99983,242.708,-37.9823],"tipVelocity":[-56.3745,149.085,19.5142],"tool":false,"touchDistance":0.125171,"touchZone":"hovering","type":0,"width":19.8498},{"bases":[[[0.975948,0.217896,-0.00677937],[-0.161697,0.744391,0.647871],[0.146215,-0.631192,0.76172]],[[0.969103,0.243691,-0.0381263],[-0.19938,0.864944,0.460564],[0.145213,-0.438733,0.886807]],[[0.969103,0.243691,-0.0381263],[-0.229543,0.9476,0.222183],[0.0902724,-0.206566,0.974259]],[[0.969103,0.243691,-0.0381263],[-0.242417,0.969535,0.035144],[0.045529,-0.0248157,0.998655]]],"btipPosition":[-2.83203,286.517,-82.4889],"carpPosition":[16.729,217.212,49.5977],"dipPosition":[-2.06951,286.102,-65.7635],"direction":[-0.0902724,0.206566,-0.974259],"extended":true,"handId":469,"id":4691,"length":57.6453,"mcpPosition":[6.18467,262.731,-5.33419],"pipPosition":[0.0692897,281.207,-42.6806],"stabilizedTipPosition":[-2.22271,285.266,-78.8784],"timeVisible":11.9397,"tipPosition":[-3.44032,287.801,-77.9579],"tipVelocity":[-55.759,141.315,31.7838],"tool":false,"touchDistance":0.492253,"touchZone":"hovering","type":1,"width":18.9605},{"bases":[[[0.9999,0.000501583,-0.014152],[0.00887638,0.756474,0.653964],[0.0110337,-0.654024,0.756393]],[[0.999953,-0.00409261,-0.00883843],[-0.0021107,0.794822,-0.606838],[0.00950853,0.606828,0.794776]],[[0.999953,-0.00409261,-0.00883843],[-0.00965263,-0.537654,-0.84311],[-0.0013015,0.843156,-0.537668]],[[0.999953,-0.00409261,-0.00883843],[-0.00681662,-0.942223,-0.334918],[-0.00695708,0.334962,-0.942206]]],"btipPosition":[26.9883,207.805,-6.77935],"carpPosition":[28.0277,221.42,50.158],"dipPosition":[26.8602,213.975,-24.1354],"direction":[0.0013015,-0.843156,0.537668],"extended":false,"handId":469,"id":4692,"length":65.6822,"mcpPosition":[27.2731,266.149,-1.57111],"pipPosition":[26.8239,237.477,-39.1225],"stabilizedTipPosition":[27.6236,207.282,-10.8253],"timeVisible":11.9397,"tipPosition":[26.9658,209.174,-11.1448],"tipVelocity":[-47.7868,138.65,1.42598],"tool":false,"touchDistance":0.333333,"touchZone":"none","type":2,"width":18.6218},{"bases":[[[0.987092,-0.152777,0.0480537],[0.0806392,0.733342,0.67506],[-0.138373,-0.662472,0.736196]],[[0.986343,-0.156292,0.0519619],[0.152157,0.743896,-0.650743],[0.0630516,0.649763,0.757518]],[[0.986343,-0.156292,0.0519619],[-0.0539132,-0.604483,-0.794791],[0.15563,0.781136,-0.604654]],[[0.986343,-0.156292,0.0519619],[-0.136041,-0.950932,-0.277886],[0.0928435,0.267022,-0.959208]]],"btipPosition":[39.8172,208.738,5.56343],"carpPosition":[40.0087,222.62,49.9573],"dipPosition":[41.5176,213.628,-12.0042],"direction":[-0.15563,-0.781136,0.604654],"extended":false,"handId":469,"id":4693,"length":63.1552,"mcpPosition":[48.5051,263.297,4.75339],"pipPosition":[45.7436,234.84,-28.4233],"stabilizedTipPosition":[41.0082,207.498,1.49494],"timeVisible":11.9397,"tipPosition":[40.3216,209.713,0.856609],"tipVelocity":[-45.3304,133.275,-5.27549],"tool":false,"touchDistance":0.333333,"touchZone":"none","type":3,"width":17.7198},{"bases":[[[0.937459,-0.347479,0.0207329],[0.220643,0.639224,0.736688],[-0.269236,-0.68604,0.675915]],[[0.954733,-0.296039,-0.0290755],[0.226799,0.787692,-0.572803],[0.192474,0.54028,0.819177]],[[0.954733,-0.296039,-0.0290755],[-0.176143,-0.483873,-0.857229],[0.239704,0.823546,-0.514114]],[[0.954733,-0.296039,-0.0290755],[-0.284364,-0.879633,-0.381292],[0.0873015,0.3723,-0.923997]]],"btipPosition":[55.1248,215.421,5.7884],"carpPosition":[52.5636,217.233,47.1312],"dipPosition":[56.5999,221.712,-9.82359],"direction":[-0.239704,-0.823546,0.514114],"extended":false,"handId":469,"id":4694,"length":49.5125,"mcpPosition":[67.8668,256.227,8.71267],"pipPosition":[61.1955,237.501,-19.6803],"stabilizedTipPosition":[56.1883,214.742,2.22582],"timeVisible":11.9397,"tipPosition":[55.5002,216.795,2.04956],"tipVelocity":[-46.0822,134.761,-4.38571],"tool":false,"touchDistance":0.333333,"touchZone":"none","type":4,"width":15.7401}],"r":[[0.776451,0.459362,0.431405],[-0.504843,0.863148,-0.0104562],[-0.37717,-0.209673,0.902098]],"s":1.0761,"t":[46.9493,-6.81064,-56.2615],"timestamp":93407188073},false],[1,{"currentFrameRate":55.3197,"devices":[],"gestures":[],"hands":[{"armBasis":[[0.987827,0.140937,-0.0658305],[-0.119587,0.958708,0.258028],[0.099478,-0.247015,0.963892]],"armWidth":62.4607,"confidence":0.860247,"direction":[-0.00687591,0.765635,-0.643238],"elbow":[63.3416,144.516,304.714],"grabStrength":0,"id":469,"palmNormal":[0.140652,-0.636118,-0.758664],"palmPosition":[29.8474,247.01,11.5731],"palmVelocity":[-51.192,119.964,9.16787],"palmWidth":89.1918,"pinchStrength":0.277614,"r":[[0.776847,0.457692,0.432466],[-0.507377,0.861724,-0.000576145],[-0.37293,-0.218976,0.90165]],"s":1.07475,"sphereCenter":[24.7372,233.508,-31.8098],"sphereRadius":46.0488,"stabilizedPalmPosition":[30.0341,246.601,11.5506],"t":[46.0161,-4.63725,-56.1086],"timeVisible":11.9578,"type":"right","wrist":[37.0134,209.892,49.6061]}],"id":1680321,"interactionBox":{"center":[0,200,0],"size":[235.247,235.247,147.751]},"pointables":[{"bases":[[[0.271243,0.756867,0.594626],[-0.856992,-0.0913293,0.507172],[0.438168,-0.647157,0.623856]],[[0.1913,0.857466,0.477658],[-0.840046,-0.108673,0.531519],[0.507668,-0.502934,0.699521]],[[0.1913,0.857466,0.477658],[-0.964968,0.253324,-0.068287],[-0.179556,-0.447861,0.875888]],[[0.1913,0.857466,0.477658],[-0.948603,0.286508,-0.134411],[-0.252106,-0.427395,0.868203]]],"btipPosition":[-2.19685,247.298,-42.5746],"carpPosition":[10.8592,197.915,40.845],"dipPosition":[-7.98042,237.493,-22.657],"direction":[0.179556,0.447861,-0.875888],"extended":false,"handId":469,"id":4690,"length":51.0864,"mcpPosition":[10.8592,197.915,40.845],"pipPosition":[-13.9815,222.524,6.61667],"stabilizedTipPosition":[-3.39351,244.737,-38.0076],"timeVisible":11.9578,"tipPosition":[-4.02368,244.959,-37.9091],"tipVelocity":[-56.6293,137.427,12.1974],"tool":false,"touchDistance":0.136384,"touchZone":"hovering","type":0,"width":19.8498},{"bases":[[[0.974826,0.222882,-0.00615375],[-0.164759,0.738659,0.653633],[0.150229,-0.636165,0.756786]],[[0.968195,0.247626,-0.0357878],[-0.20365,0.863056,0.462235],[0.145348,-0.440245,0.886035]],[[0.968195,0.247626,-0.0357878],[-0.23375,0.94625,0.223543],[0.0892193,-0.208068,0.974037]],[[0.968195,0.247626,-0.0357878],[-0.246351,0.968491,0.0365532],[0.0437117,-0.0265742,0.998691]]],"btipPosition":[-3.88244,288.687,-82.2375],"carpPosition":[15.9184,218.895,49.4561],"dipPosition":[-3.15035,288.242,-65.5115],"direction":[-0.0892193,0.208068,-0.974037],"extended":true,"handId":469,"id":4691,"length":57.6453,"mcpPosition":[5.08459,264.772,-5.12],"pipPosition":[-1.03651,283.313,-42.4339],"stabilizedTipPosition":[-3.34496,287.764,-78.5112],"timeVisible":11.9578,"tipPosition":[-4.50917,289.947,-77.7095],"tipVelocity":[-56.9818,130.848,23.2554],"tool":false,"touchDistance":0.480134,"touchZone":"hovering","type":1,"width":18.9605},{"bases":[[[0.999869,0.00567378,-0.0151904],[0.00575673,0.75156,0.659639],[0.0151591,-0.65964,0.751429]],[[0.99995,0.00103366,-0.00990436],[-0.00677964,0.799166,-0.601073],[0.00729392,0.60111,0.799133]],[[0.99995,0.00103366,-0.00990436],[-0.00783725,-0.531908,-0.846766],[-0.00614348,0.846802,-0.531874]],[[0.99995,0.00103366,-0.00990436],[-0.00240904,-0.939946,-0.341315],[-0.00966236,0.341322,-0.939897]]],"btipPosition":[26.1642,209.976,-6.9714],"carpPosition":[27.1963,223.156,50.0363],"dipPosition":[25.9862,216.263,-24.2849],"direction":[0.00614348,-0.846802,0.531874],"extended":false,"handId":469,"id":4692,"length":65.6822,"mcpPosition":[26.1596,268.268,-1.35324],"pipPosition":[25.8149,239.867,-39.1105],"stabilizedTipPosition":[26.6738,209.903,-10.9065],"timeVisible":11.9578,"tipPosition":[26.1298,211.373,-11.3292],"tipVelocity":[-46.9798,130.365,-4.04044],"tool":false,"touchDistance":0.333333,"touchZone":"none","type":2,"width":18.6218},{"bases":[[[0.987903,-0.148132,0.0458712],[0.0776584,0.728634,0.680486],[-0.134225,-0.668692,0.731324]],[[0.987185,-0.151641,0.0497113],[0.1477,0.750274,-0.644417],[0.0604232,0.643501,0.763057]],[[0.987185,-0.151641,0.0497113],[-0.0515491,-0.59783,-0.799964],[0.151026,0.78715,-0.597985]],[[0.987185,-0.151641,0.0497113],[-0.131439,-0.949293,-0.285598],[0.090499,0.275404,-0.957059]]],"btipPosition":[39.0076,210.875,5.27445],"carpPosition":[39.1708,224.418,49.8322],"dipPosition":[40.6651,215.919,-12.2538],"direction":[-0.151026,-0.78715,0.597985],"extended":false,"handId":469,"id":4693,"length":63.1552,"mcpPosition":[47.4125,265.477,4.92744],"pipPosition":[44.7661,237.294,-28.4918],"stabilizedTipPosition":[40.0633,210.145,1.3479],"timeVisible":11.9578,"tipPosition":[39.4958,211.893,0.62217],"tipVelocity":[-45.2684,126.876,-10.1161],"tool":false,"touchDistance":0.333333,"touchZone":"none","type":3,"width":17.7198},{"bases":[[[0.939226,-0.342871,0.0171348],[0.218202,0.634765,0.741256],[-0.265032,-0.692468,0.671003]],[[0.956182,-0.290988,-0.0322863],[0.222264,0.793253,-0.566876],[0.190565,0.534861,0.82317]],[[0.956182,-0.290988,-0.0322863],[-0.174596,-0.478221,-0.860709],[0.235016,0.828632,-0.508072]],[[0.956182,-0.290988,-0.0322863],[-0.28034,-0.878197,-0.38753],[0.0844128,0.379601,-0.921291]]],"btipPosition":[54.2768,217.637,5.58887],"carpPosition":[51.7497,219.116,46.9524],"dipPosition":[55.7031,224.05,-9.9774],"direction":[-0.235016,-0.828632,0.508072],"extended":false,"handId":469,"id":4694,"length":49.5125,"mcpPosition":[66.8139,258.476,8.81311],"pipPosition":[60.2089,239.937,-19.7183],"stabilizedTipPosition":[55.2481,217.337,2.09686],"timeVisible":11.9578,"tipPosition":[54.6402,219.038,1.86434],"tipVelocity":[-46.7063,129.525,-7.26198],"tool":false,"touchDistance":0.333333,"touchZone":"none","type":4,"width":15.7401}],"r":[[0.776847,0.457692,0.432466],[-0.507377,0.861724,-0.000576145],[-0.37293,-0.218976,0.90165]],"s":1.07475,"t":[46.0161,-4.63725,-56.1086],"timestamp":93407206202},false],[2,{"currentFrameRate":55.3567,"devices":[],"gestures":[],"hands":[{"armBasis":[[0.988138,0.138494,-0.0663485],[-0.116944,0.958661,0.25941],[0.0995324,-0.248574,0.963486]],"armWidth":62.4607,"confidence":0.866124,"direction":[-0.00983678,0.7707,-0.637123],"elbow":[62.6997,145.568,304.005],"grabStrength":0,"id":469,"palmNormal":[0.135994,-0.630202,-0.764428],"palmPosition":[29.01,248.779,11.307],"palmVelocity":[-49.0623,109.88,-2.17367],"palmWidth":89.1918,"pinchStrength":0.277375,"r":[[0.777715,0.455553,0.433164],[-0.509239,0.860576,0.00924568],[-0.368558,-0.227774,0.901268]],"s":1.07348,"sphereCenter":[23.9074,235.554,-32.1909],"sphereRadius":46.0249,"stabilizedPalmPosition":[29.109,248.569,11.3306],"t":[45.1308,-2.66603,-56.1652],"timeVisible":11.9758,"type":"right","wrist":[36.3571,211.356,49.0056]}],"id":1680322,"interactionBox":{"center":[0,200,0],"size":[235.247,235.247,147.751]},"pointables":[{"bases":[[[0.275083,0.75195,0.599083],[-0.854257,-0.0947242,0.511148],[0.441105,-0.652379,0.616302]],[[0.194621,0.853477,0.483425],[-0.837244,-0.112222,0.535191],[0.511024,-0.508904,0.692727]],[[0.194621,0.853477,0.483425],[-0.965172,0.254475,-0.0607035],[-0.174829,-0.454774,0.873279]],[[0.194621,0.853477,0.483425],[-0.949102,0.288287,-0.126867],[-0.247643,-0.434129,0.866144]]],"btipPosition":[-3.33456,249.528,-42.6583],"carpPosition":[10.1461,199.468,40.2944],"dipPosition":[-9.01576,239.569,-22.788],"direction":[0.174829,0.454774,-0.873279],"extended":false,"handId":469,"id":4690,"length":51.0864,"mcpPosition":[10.1461,199.468,40.2944],"pipPosition":[-14.8588,224.369,6.39852],"stabilizedTipPosition":[-4.55213,247.059,-38.0824],"timeVisible":11.9758,"tipPosition":[-5.12894,247.151,-38.0032],"tipVelocity":[-59.2221,130.309,3.94161],"tool":false,"touchDistance":0.143361,"touchZone":"hovering","type":0,"width":19.8498},{"bases":[[[0.974946,0.222229,-0.00976288],[-0.160602,0.733588,0.660346],[0.15391,-0.642233,0.750898]],[[0.968434,0.246336,-0.0381263],[-0.200725,0.861352,0.466671],[0.147798,-0.444288,0.883609]],[[0.968434,0.246336,-0.0381263],[-0.231523,0.945586,0.228613],[0.0923673,-0.21257,0.97277]],[[0.968434,0.246336,-0.0381263],[-0.244737,0.968673,0.0421533],[0.0473158,-0.0314918,0.998383]]],"btipPosition":[-5.03599,290.965,-82.0887],"carpPosition":[15.2685,220.375,49.043],"dipPosition":[-4.24355,290.437,-65.3678],"direction":[-0.0923673,0.21257,-0.972771],"extended":true,"handId":469,"id":4691,"length":57.6453,"mcpPosition":[4.16914,266.691,-5.10853],"pipPosition":[-2.05512,285.401,-42.3202],"stabilizedTipPosition":[-4.50729,290.136,-78.3045],"timeVisible":11.9758,"tipPosition":[-5.63754,292.175,-77.5651],"tipVelocity":[-60.08,128.513,16.1545],"tool":false,"touchDistance":0.467668,"touchZone":"hovering","type":1,"width":18.9605},{"bases":[[[0.999774,0.00508141,-0.0206528],[0.00995462,0.746319,0.665514],[0.0187953,-0.665569,0.7461]],[[0.999881,0.000389371,-0.0153927],[-0.0094692,0.803841,-0.594769],[0.0121417,0.594844,0.803749]],[[0.999881,0.000389371,-0.0153927],[-0.0128915,-0.525492,-0.850701],[-0.00841997,0.850798,-0.525425]],[[0.999881,0.000389371,-0.0153927],[-0.00499696,-0.937368,-0.348305],[-0.0145642,0.348341,-0.937255]]],"btipPosition":[25.1965,211.904,-7.49512],"carpPosition":[26.5526,224.624,49.5947],"dipPosition":[24.9282,218.321,-24.7599],"direction":[0.00841997,-0.850798,0.525425],"extended":false,"handId":469,"id":4692,"length":65.6822,"mcpPosition":[25.2672,270.142,-1.43043],"pipPosition":[24.6935,242.036,-39.4058],"stabilizedTipPosition":[25.6934,212.118,-11.2629],"timeVisible":11.9758,"tipPosition":[25.1393,213.332,-11.8406],"tipVelocity":[-50.8209,120.35,-15.6345],"tool":false,"touchDistance":0.333333,"touchZone":"none","type":2,"width":18.6218},{"bases":[[[0.988028,-0.149193,0.0392569],[0.0819526,0.723178,0.685783],[-0.130704,-0.674356,0.726747]],[[0.987351,-0.152622,0.042954],[0.144719,0.756839,-0.637379],[0.064769,0.635533,0.769352]],[[0.987351,-0.152622,0.042954],[-0.0559814,-0.589043,-0.806161],[0.14834,0.793559,-0.590136]],[[0.987351,-0.152622,0.042954],[-0.133458,-0.946272,-0.294549],[0.0856008,0.28509,-0.954671]]],"btipPosition":[38.1197,212.681,4.52522],"carpPosition":[38.5267,225.879,49.3346],"dipPosition":[39.6874,217.903,-12.9593],"direction":[-0.14834,-0.793559,0.590136],"extended":false,"handId":469,"id":4693,"length":63.1552,"mcpPosition":[46.5522,267.285,4.71083],"pipPosition":[43.7155,239.451,-28.9842],"stabilizedTipPosition":[39.1427,212.319,0.856989],"timeVisible":11.9758,"tipPosition":[38.5735,213.753,-0.0294532],"tipVelocity":[-47.8135,115.575,-24.8102],"tool":false,"touchDistance":0.333333,"touchZone":"none","type":3,"width":17.7198},{"bases":[[[0.939047,-0.343665,0.00925172],[0.222758,0.628731,0.745034],[-0.261859,-0.697561,0.666962]],[[0.955767,-0.291414,-0.0398416],[0.219769,0.797589,-0.561741],[0.195477,0.528138,0.826353]],[[0.955767,-0.291414,-0.0398416],[-0.179687,-0.471274,-0.863489],[0.232857,0.832453,-0.502791]],[[0.955767,-0.291414,-0.0398416],[-0.283142,-0.874927,-0.392854],[0.0796247,0.386757,-0.918738]]],"btipPosition":[53.3844,219.44,4.95518],"carpPosition":[51.0856,220.591,46.3438],"dipPosition":[54.7298,225.974,-10.5679],"direction":[-0.232857,-0.832453,0.502791],"extended":false,"handId":469,"id":4694,"length":49.5125,"mcpPosition":[65.9695,260.24,8.43414],"pipPosition":[59.1942,241.934,-20.2076],"stabilizedTipPosition":[54.3296,219.468,1.67607],"timeVisible":11.9758,"tipPosition":[53.7278,220.869,1.24157],"tipVelocity":[-48.6366,116.55,-20.2645],"tool":false,"touchDistance":0.333333,"touchZone":"none","type":4,"width":15.7401}],"r":[[0.777715,0.455553,0.433164],[-0.509239,0.860576,0.00924568],[-0.368558,-0.227774,0.901268]],"s":1.07348,"t":[45.1308,-2.66603,-56.1652],"timestamp":93407224139},false],[3,{"currentFrameRate":55.3436,"devices":[],"gestures":[],"hands":[{"armBasis":[[0.988091,0.136895,-0.0702498],[-0.113967,0.957873,0.263611],[0.103377,-0.252465,0.962068]],"armWidth":62.4607,"confidence":0.844549,"direction":[-0.0130141,0.774308,-0.632675],"elbow":[63.0847,145.978,303.035],"grabStrength":0,"id":469,"palmNormal":[0.130286,-0.626022,-0.768845],"palmPosition":[28.1795,250.442,10.9719],"palmVelocity":[-47.5326,101.257,-9.94343],"palmWidth":89.1918,"pinchStrength":0.277531,"r":[[0.779083,0.453164,0.433211],[-0.510468,0.859693,0.0187334],[-0.363939,-0.235735,0.901098]],"s":1.07233,"sphereCenter":[23.01,237.409,-32.5951],"sphereRadius":46.0053,"stabilizedPalmPosition":[28.2379,250.324,10.9945],"t":[44.2729,-0.84934,-56.361],"timeVisible":11.9939,"type":"right","wrist":[35.7244,212.797,48.4099]}],"id":1680323,"interactionBox":{"center":[0,200,0],"size":[235.247,235.247,147.751]},"pointables":[{"bases":[[[0.279863,0.748218,0.601536],[-0.851052,-0.0966099,0.516117],[0.444283,-0.656381,0.609735]],[[0.198852,0.850417,0.487083],[-0.833914,-0.114261,0.539938],[0.514826,-0.513552,0.686453]],[[0.198852,0.850417,0.487083],[-0.965231,0.25599,-0.0528877],[-0.169665,-0.459631,0.871753]],[[0.198852,0.850417,0.487083],[-0.949446,0.290362,-0.119344],[-0.242922,-0.438727,0.865163]]],"btipPosition":[-4.50436,251.544,-42.7709],"carpPosition":[9.44325,200.989,39.8012],"dipPosition":[-10.0773,241.479,-22.9232],"direction":[0.169665,0.459631,-0.871753],"extended":false,"handId":469,"id":4690,"length":51.0864,"mcpPosition":[9.44325,200.989,39.8012],"pipPosition":[-15.7478,226.118,6.21235],"stabilizedTipPosition":[-5.73123,249.133,-38.2005],"timeVisible":11.9939,"tipPosition":[-6.26762,249.14,-38.1224],"tipVelocity":[-61.1174,120.63,-1.03078],"tool":false,"touchDistance":0.148158,"touchZone":"hovering","type":0,"width":19.8498},{"bases":[[[0.975132,0.22113,-0.0148098],[-0.155439,0.730024,0.66551],[0.157976,-0.646658,0.746242]],[[0.968737,0.244516,-0.0419568],[-0.196918,0.860717,0.469457],[0.150903,-0.446518,0.881958]],[[0.968737,0.244516,-0.0419568],[-0.228608,0.9455,0.231879],[0.0963683,-0.215038,0.971839]],[[0.968737,0.244516,-0.0419568],[-0.242604,0.969039,0.0458982],[0.0518806,-0.0342844,0.998065]]],"btipPosition":[-6.25218,292.948,-82.0643],"carpPosition":[14.6475,221.841,48.6346],"dipPosition":[-5.38329,292.374,-65.3488],"direction":[-0.0963683,0.215038,-0.971839],"extended":true,"handId":469,"id":4691,"length":57.6453,"mcpPosition":[3.25495,268.475,-5.18106],"pipPosition":[-3.10006,287.279,-42.3232],"stabilizedTipPosition":[-5.7203,292.24,-78.2379],"timeVisible":11.9939,"tipPosition":[-6.82659,294.123,-77.5455],"tipVelocity":[-62.9783,119.179,9.07499],"tool":false,"touchDistance":0.454582,"touchZone":"hovering","type":1,"width":18.9605},{"bases":[[[0.999625,0.00401786,-0.0270884],[0.015162,0.742524,0.669648],[0.0228044,-0.669807,0.742185]],[[0.999761,-0.00072309,-0.0218346],[-0.0123028,0.80727,-0.590054],[0.0180531,0.590182,0.807068]],[[0.999761,-0.00072309,-0.0218346],[-0.0190159,-0.52083,-0.853449],[-0.010755,0.85366,-0.520719]],[[0.999761,-0.00072309,-0.0218346],[-0.00839031,-0.935512,-0.353194],[-0.0201711,0.353293,-0.935295]]],"btipPosition":[24.1989,213.692,-8.00876],"carpPosition":[25.94,226.072,49.1374],"dipPosition":[23.8273,220.2,-25.2375],"direction":[0.010755,-0.85366,0.520719],"extended":false,"handId":469,"id":4692,"length":65.6822,"mcpPosition":[24.3805,271.88,-1.62],"pipPosition":[23.5275,243.995,-39.7522],"stabilizedTipPosition":[24.6903,214.068,-11.7127],"timeVisible":11.9939,"tipPosition":[24.1157,215.138,-12.3418],"tipVelocity":[-53.4692,110.593,-21.4706],"tool":false,"touchDistance":0.333333,"touchZone":"none","type":2,"width":18.6218},{"bases":[[[0.988079,-0.15058,0.0320222],[0.0872612,0.719183,0.689319],[-0.126827,-0.678307,0.72375]],[[0.987427,-0.154,0.0356736],[0.141488,0.76036,-0.633904],[0.0704966,0.630981,0.772589]],[[0.987427,-0.154,0.0356736],[-0.0618536,-0.584076,-0.809339],[0.145475,0.796956,-0.586258]],[[0.987427,-0.154,0.0356736],[-0.136455,-0.944299,-0.299466],[0.0798045,0.290833,-0.95344]]],"btipPosition":[37.2018,214.362,3.91203],"carpPosition":[37.9138,227.315,48.807],"dipPosition":[38.6634,219.688,-13.55],"direction":[-0.145475,-0.796956,0.586258],"extended":false,"handId":469,"id":4693,"length":63.1552,"mcpPosition":[45.7012,268.964,4.36723],"pipPosition":[42.6137,241.329,-29.4695],"stabilizedTipPosition":[38.2227,214.192,0.305883],"timeVisible":11.9939,"tipPosition":[37.6255,215.466,-0.622064],"tipVelocity":[-49.8144,105.358,-28.977],"tool":false,"touchDistance":0.333333,"touchZone":"none","type":3,"width":17.7198},{"bases":[[[0.938668,-0.344821,0.00123455],[0.228331,0.624237,0.747123],[-0.258394,-0.701019,0.664684]],[[0.955132,-0.292319,-0.0476637],[0.217132,0.800541,-0.558558],[0.201434,0.523148,0.828095]],[[0.955132,-0.292319,-0.0476637],[-0.185836,-0.466173,-0.864955],[0.230623,0.835005,-0.49958]],[[0.955132,-0.292319,-0.0476637],[-0.286749,-0.872386,-0.395877],[0.0741409,0.391782,-0.917066]]],"btipPosition":[52.4775,221.113,4.29585],"carpPosition":[50.4466,222.029,45.7051],"dipPosition":[53.7302,227.733,-11.199],"direction":[-0.230623,-0.835005,0.49958],"extended":false,"handId":469,"id":4694,"length":49.5125,"mcpPosition":[65.1336,261.874,7.92498],"pipPosition":[58.1518,243.742,-20.7771],"stabilizedTipPosition":[53.4233,221.304,1.12901],"timeVisible":11.9939,"tipPosition":[52.798,222.563,0.58976],"tipVelocity":[-49.8765,105.57,-27.7722],"tool":false,"touchDistance":0.333333,"touchZone":"none","type":4,"width":15.7401}],"r":[[0.779083,0.453164,0.433211],[-0.510468,0.859693,0.0187334],[-0.363939,-0.235735,0.901098]],"s":1.07233,"t":[44.2729,-0.84934,-56.361],"timestamp":93407242253},false],[4,{"currentFrameRate":55.332,"devices":[],"gestures":[],"hands":[{"armBasis":[[0.988112,0.135631,-0.0723819],[-0.112485,0.958766,0.260988],[0.104795,-0.249743,0.962625]],"armWidth":62.4607,"confidence":0.847022,"direction":[-0.014821,0.775985,-0.630577],"elbow":[62.7929,147.698,302.798],"grabStrength":0,"id":469,"palmNormal":[0.127632,-0.624019,-0.770915],"palmPosition":[27.4032,251.542,10.7121],"palmVelocity":[-45.3083,81.9914,-12.0392],"palmWidth":89.1918,"pinchStrength":0.277442,"r":[[0.780484,0.450981,0.432967],[-0.511353,0.858943,0.0271056],[-0.35967,-0.242555,0.901002]],"s":1.07145,"sphereCenter":[22.225,238.598,-32.8829],"sphereRadius":45.9962,"stabilizedPalmPosition":[27.4394,251.49,10.7243],"t":[43.4558,0.609397,-56.5889],"timeVisible":12.012,"type":"right","wrist":[35.0574,213.796,48.0257]}],"id":1680324,"interactionBox":{"center":[0,200,0],"size":[235.247,235.247,147.751]},"pointables":[{"bases":[[[0.282013,0.746543,0.602613],[-0.849417,-0.0977359,0.518592],[0.446048,-0.65812,0.606564]],[[0.200664,0.849066,0.488692],[-0.832227,-0.115436,0.542285],[0.516849,-0.51552,0.683452]],[[0.200664,0.849066,0.488692],[-0.965321,0.256405,-0.0491106],[-0.167001,-0.46189,0.871073]],[[0.200664,0.849066,0.488692],[-0.949708,0.291004,-0.115633],[-0.240392,-0.440912,0.864759]]],"btipPosition":[-5.44839,252.796,-42.923],"carpPosition":[8.74525,202.019,39.4703],"dipPosition":[-10.9632,242.681,-23.0845],"direction":[0.167001,0.46189,-0.871073],"extended":false,"handId":469,"id":4690,"length":51.0864,"mcpPosition":[8.74525,202.019,39.4703],"pipPosition":[-16.5447,227.244,6.02831],"stabilizedTipPosition":[-6.68878,250.432,-38.3556],"timeVisible":12.012,"tipPosition":[-7.19529,250.381,-38.2758],"tipVelocity":[-56.4843,95.8098,-4.59087],"tool":false,"touchDistance":0.147677,"touchZone":"hovering","type":0,"width":19.8498},{"bases":[[[0.975144,0.220892,-0.017358],[-0.153087,0.728302,0.667937],[0.160184,-0.648678,0.744015]],[[0.968855,0.24374,-0.0437121],[-0.195262,0.860535,0.470481],[0.152291,-0.447293,0.881327]],[[0.968855,0.24374,-0.0437121],[-0.227333,0.945471,0.233248],[0.0981802,-0.216046,0.971434]],[[0.968855,0.24374,-0.0437121],[-0.241675,0.969188,0.0476165],[0.0539713,-0.0355694,0.997909]]],"btipPosition":[-7.21139,294.177,-82.1574],"carpPosition":[13.9839,222.845,48.3422],"dipPosition":[-6.30748,293.581,-65.4444],"direction":[-0.0981802,0.216046,-0.971434],"extended":true,"handId":469,"id":4691,"length":57.6453,"mcpPosition":[2.43214,269.625,-5.31293],"pipPosition":[-3.98133,288.462,-42.4285],"stabilizedTipPosition":[-6.72407,293.648,-78.297],"timeVisible":12.012,"tipPosition":[-7.76528,295.309,-77.6531],"tipVelocity":[-57.9977,94.6128,2.29523],"tool":false,"touchDistance":0.441052,"touchZone":"hovering","type":1,"width":18.9605},{"bases":[[[0.999534,0.00380642,-0.0302903],[0.0175303,0.740743,0.67156],[0.0249936,-0.671778,0.740331]],[[0.999686,-0.000958973,-0.025038],[-0.0139522,0.80871,-0.588042],[0.0208124,0.588207,0.808442]],[[0.999686,-0.000958973,-0.025038],[-0.0218989,-0.519036,-0.854472],[-0.0121762,0.854752,-0.518894]],[[0.999686,-0.000958973,-0.025038],[-0.00978937,-0.934794,-0.355055],[-0.0230649,0.355188,-0.93451]]],"btipPosition":[23.3509,214.855,-8.3298],"carpPosition":[25.2793,227.073,48.8199],"dipPosition":[22.9261,221.398,-25.544],"direction":[0.0121762,-0.854752,0.518894],"extended":false,"handId":469,"id":4692,"length":65.6822,"mcpPosition":[23.57,273.015,-1.81078],"pipPosition":[22.5867,245.224,-40.0079],"stabilizedTipPosition":[23.8046,215.48,-12.0679],"timeVisible":12.012,"tipPosition":[23.2543,216.309,-12.6604],"tipVelocity":[-50.624,88.7329,-19.6004],"tool":false,"touchDistance":0.333333,"touchZone":"none","type":2,"width":18.6218},{"bases":[[[0.988133,-0.150944,0.0284474],[0.0896855,0.71733,0.690937],[-0.124699,-0.680187,0.722355]],[[0.987503,-0.154314,0.0320279],[0.139506,0.761322,-0.633187],[0.0733261,0.629742,0.773336]],[[0.987503,-0.154314,0.0320279],[-0.0647595,-0.582572,-0.810195],[0.143683,0.797995,-0.585285]],[[0.987503,-0.154314,0.0320279],[-0.137676,-0.943556,-0.301243],[0.0767061,0.293069,-0.953009]]],"btipPosition":[36.3911,215.46,3.57795],"carpPosition":[37.2523,228.312,48.4542],"dipPosition":[37.796,220.827,-13.8762],"direction":[-0.143683,-0.797995,0.585285],"extended":false,"handId":469,"id":4693,"length":63.1552,"mcpPosition":[44.909,270.077,4.10016],"pipPosition":[41.6976,242.497,-29.7693],"stabilizedTipPosition":[37.3887,215.576,-0.104569],"timeVisible":12.012,"tipPosition":[36.798,216.587,-0.957381],"tipVelocity":[-47.7518,84.3231,-23.9168],"tool":false,"touchDistance":0.333333,"touchZone":"none","type":3,"width":17.7198},{"bases":[[[0.938566,-0.345088,-0.0026956],[0.230913,0.62219,0.748036],[-0.256462,-0.702704,0.663652]],[[0.954887,-0.29247,-0.0514998],[0.215589,0.801976,-0.557096],[0.204236,0.520861,0.82885]],[[0.954887,-0.29247,-0.0514998],[-0.188752,-0.46384,-0.865578],[0.229268,0.83625,-0.498119]],[[0.954887,-0.29247,-0.0514998],[-0.288283,-0.871273,-0.39721],[0.0713016,0.394137,-0.916282]]],"btipPosition":[51.6714,222.227,3.88008],"carpPosition":[49.7735,223.032,45.2981],"dipPosition":[52.8762,228.887,-11.6015],"direction":[-0.229268,-0.83625,0.498119],"extended":false,"handId":469,"id":4694,"length":49.5125,"mcpPosition":[64.3506,262.973,7.57664],"pipPosition":[57.2717,244.919,-21.1516],"stabilizedTipPosition":[52.6074,222.662,0.681028],"timeVisible":12.012,"tipPosition":[51.98,223.686,0.177779],"tipVelocity":[-47.6098,84.8378,-25.3994],"tool":false,"touchDistance":0.333333,"touchZone":"none","type":4,"width":15.7401}],"r":[[0.780484,0.450981,0.432967],[-0.511353,0.858943,0.0271056],[-0.35967,-0.242555,0.901002]],"s":1.07145,"t":[43.4558,0.609397,-56.5889],"timestamp":93407260366},false],[5,{"currentFrameRate":55.3374,"devices":[],"gestures":[],"hands":[{"armBasis":[[0.988931,0.130072,-0.0713852],[-0.106833,0.9581,0.265766],[0.102963,-0.255199,0.961391]],"armWidth":62.4607,"confidence":0.857168,"direction":[-0.0137702,0.777116,-0.629206],"elbow":[61.6094,147.307,301.969],"grabStrength":0,"id":469,"palmNormal":[0.121235,-0.623326,-0.772507],"palmPosition":[26.727,252.694,10.307],"palmVelocity":[-41.5799,73.3639,-16.9772],"palmWidth":89.1918,"pinchStrength":0.276822,"r":[[0.782419,0.44833,0.432227],[-0.511168,0.858787,0.0345346],[-0.355708,-0.247961,0.901103]],"s":1.07077,"sphereCenter":[21.3929,239.832,-33.2945],"sphereRadius":45.9894,"stabilizedPalmPosition":[26.7517,252.653,10.3214],"t":[42.7091,1.91479,-56.9053],"timeVisible":12.0301,"type":"right","wrist":[34.3588,214.848,47.5237]}],"id":1680325,"interactionBox":{"center":[0,200,0],"size":[235.247,235.247,147.751]},"pointables":[{"bases":[[[0.288268,0.744136,0.60263],[-0.847625,-0.0944729,0.522118],[0.445459,-0.661314,0.603515]],[[0.206927,0.847249,0.489235],[-0.830424,-0.11229,0.545698],[0.517278,-0.519192,0.68034]],[[0.206927,0.847249,0.489235],[-0.964266,0.26118,-0.0444609],[-0.165448,-0.462552,0.871018]],[[0.206927,0.847249,0.489235],[-0.948759,0.295845,-0.111053],[-0.238827,-0.441186,0.865053]]],"btipPosition":[-6.34989,254.199,-43.1828],"carpPosition":[7.9526,203.214,39.0632],"dipPosition":[-11.8288,244.078,-23.3376],"direction":[0.165448,0.462552,-0.871018],"extended":false,"handId":469,"id":4690,"length":51.0864,"mcpPosition":[7.9526,203.214,39.0632],"pipPosition":[-17.3584,228.619,5.77341],"stabilizedTipPosition":[-7.59234,251.844,-38.6133],"timeVisible":12.0301,"tipPosition":[-8.0871,251.786,-38.5323],"tipVelocity":[-53.1599,87.1834,-9.20337],"tool":false,"touchDistance":0.143695,"touchZone":"hovering","type":0,"width":19.8498},{"bases":[[[0.976126,0.216165,-0.0212306],[-0.146627,0.727906,0.669816],[0.160244,-0.650712,0.742224]],[[0.969985,0.238589,-0.0469438],[-0.189024,0.861283,0.471659],[0.152964,-0.448629,0.880531]],[[0.969985,0.238589,-0.0469438],[-0.221437,0.946468,0.234871],[0.100468,-0.217427,0.970892]],[[0.969985,0.238589,-0.0469438],[-0.236294,0.970415,0.0496001],[0.0573889,-0.0370188,0.997665]]],"btipPosition":[-8.00811,295.591,-82.3729],"carpPosition":[13.3314,224,47.947],"dipPosition":[-7.04696,294.971,-65.6641],"direction":[-0.100468,0.217427,-0.970892],"extended":true,"handId":469,"id":4691,"length":57.6453,"mcpPosition":[1.77524,270.926,-5.57893],"pipPosition":[-4.66659,289.819,-42.661],"stabilizedTipPosition":[-7.54081,295.031,-78.4759],"timeVisible":12.0301,"tipPosition":[-8.53199,296.684,-77.8822],"tipVelocity":[-51.07,86.7342,-4.48826],"tool":false,"touchDistance":0.427032,"touchZone":"hovering","type":1,"width":18.9605},{"bases":[[[0.9994,-0.00101515,-0.0346323],[0.0240629,0.739509,0.672716],[0.024928,-0.673146,0.73909]],[[0.999553,-0.00584042,-0.0293334],[-0.0125047,0.809315,-0.587242],[0.0271697,0.587346,0.80888]],[[0.999553,-0.00584042,-0.0293334],[-0.0281092,-0.518536,-0.854594],[-0.0102193,0.855036,-0.518468]],[[0.999553,-0.00584042,-0.0293334],[-0.015893,-0.934545,-0.35549],[-0.0253372,0.355798,-0.93422]]],"btipPosition":[22.4123,216.068,-8.72001],"carpPosition":[24.6492,228.171,48.3826],"dipPosition":[21.9455,222.622,-25.9289],"direction":[0.0102193,-0.855036,0.518468],"extended":false,"handId":469,"id":4692,"length":65.6822,"mcpPosition":[22.9444,274.207,-2.16311],"pipPosition":[21.6607,246.456,-40.3809],"stabilizedTipPosition":[22.9208,216.715,-12.4275],"timeVisible":12.0301,"tipPosition":[22.3043,217.525,-13.059],"tipVelocity":[-51.5292,78.5815,-20.5248],"tool":false,"touchDistance":0.333333,"touchZone":"none","type":2,"width":18.6218},{"bases":[[[0.987498,-0.155807,0.0238953],[0.0961864,0.715712,0.691741],[-0.12488,-0.680794,0.721751]],[[0.986876,-0.159134,0.0274236],[0.140439,0.761997,-0.632169],[0.0797029,0.627724,0.774345]],[[0.986876,-0.159134,0.0274236],[-0.0710421,-0.580373,-0.811246],[0.145013,0.798651,-0.584061]],[[0.986876,-0.159134,0.0274236],[-0.14352,-0.942211,-0.302722],[0.074012,0.294813,-0.952684]]],"btipPosition":[35.5103,216.576,3.04441],"carpPosition":[36.6264,229.353,47.967],"dipPosition":[36.8658,221.976,-14.4038],"direction":[-0.145013,-0.798651,0.584061],"extended":false,"handId":469,"id":4693,"length":63.1552,"mcpPosition":[44.2943,271.155,3.65],"pipPosition":[40.8036,243.663,-30.2637],"stabilizedTipPosition":[36.5729,216.743,-0.554515],"timeVisible":12.0301,"tipPosition":[35.9001,217.715,-1.46697],"tipVelocity":[-48.5437,73.8423,-26.5581],"tool":false,"touchDistance":0.333333,"touchZone":"none","type":3,"width":17.7198},{"bases":[[[0.93685,-0.349655,-0.0073568],[0.237194,0.619788,0.748065],[-0.257005,-0.70257,0.663584]],[[0.953217,-0.297026,-0.056151],[0.217053,0.80182,-0.556752],[0.210393,0.518517,0.828779]],[[0.953217,-0.297026,-0.056151],[-0.194803,-0.461554,-0.865459],[0.231147,0.835909,-0.497822]],[[0.953217,-0.297026,-0.056151],[-0.294259,-0.869231,-0.397302],[0.0692005,0.395238,-0.915969]]],"btipPosition":[50.8228,223.274,3.32488],"carpPosition":[49.1079,224.016,44.7476],"dipPosition":[51.992,229.952,-12.1515],"direction":[-0.231147,-0.835909,0.497822],"extended":false,"handId":469,"id":4694,"length":49.5125,"mcpPosition":[63.7159,263.95,7.02997],"pipPosition":[56.4236,245.978,-21.6958],"stabilizedTipPosition":[51.8272,223.767,0.20969],"timeVisible":12.0301,"tipPosition":[51.1217,224.737,-0.37686],"tipVelocity":[-47.5406,72.1896,-27.9103],"tool":false,"touchDistance":0.333333,"touchZone":"none","type":4,"width":15.7401}],"r":[[0.782419,0.44833,0.432227],[-0.511168,0.858787,0.0345346],[-0.355708,-0.247961,0.901103]],"s":1.07077,"t":[42.7091,1.91479,-56.9053],"timestamp":93407278418},false],[6,{"currentFrameRate":55.3396,"devices":[],"gestures":[],"hands":[{"armBasis":[[0.988611,0.130657,-0.0746756],[-0.106353,0.95765,0.267572],[0.106473,-0.256583,0.96064]],"armWidth":62.4607,"confidence":0.843656,"direction":[-0.0132492,0.778627,-0.627347],"elbow":[61.6679,147.906,301.503],"grabStrength":0,"id":469,"palmNormal":[0.121052,-0.621539,-0.773974],"palmPosition":[25.8831,253.753,10.1291],"palmVelocity":[-44.0231,66.3493,-13.5915],"palmWidth":89.1918,"pinchStrength":0.274905,"r":[[0.783995,0.445925,0.43186],[-0.510908,0.858663,0.0408687],[-0.352598,-0.252681,0.901014]],"s":1.0704,"sphereCenter":[20.5844,241,-33.4953],"sphereRadius":45.9896,"stabilizedPalmPosition":[25.9298,253.694,10.1394],"t":[41.9138,3.09669,-57.1525],"timeVisible":12.0481,"type":"right","wrist":[33.4883,215.814,47.2565]}],"id":1680326,"interactionBox":{"center":[0,200,0],"size":[235.247,235.247,147.751]},"pointables":[{"bases":[[[0.288545,0.742541,0.604462],[-0.84777,-0.0952797,0.521736],[0.445003,-0.662989,0.602012]],[[0.207251,0.845997,0.491259],[-0.830623,-0.113119,0.545224],[0.516829,-0.52105,0.679261]],[[0.207251,0.845997,0.491259],[-0.964161,0.261667,-0.0438591],[-0.165651,-0.464563,0.869908]],[[0.207251,0.845997,0.491259],[-0.948635,0.296493,-0.110383],[-0.239038,-0.443149,0.863991]]],"btipPosition":[-7.19129,255.402,-43.3684],"carpPosition":[7.07754,204.213,38.7634],"dipPosition":[-12.6751,245.236,-23.5475],"direction":[0.165651,0.464563,-0.869908],"extended":false,"handId":469,"id":4690,"length":51.0864,"mcpPosition":[7.07754,204.213,38.7634],"pipPosition":[-18.2114,229.709,5.5264],"stabilizedTipPosition":[-8.44112,253.047,-38.8069],"timeVisible":12.0481,"tipPosition":[-8.92053,252.979,-38.7228],"tipVelocity":[-50.0647,77.1266,-9.85849],"tool":false,"touchDistance":0.140509,"touchZone":"hovering","type":0,"width":19.8498},{"bases":[[[0.976243,0.215705,-0.0205348],[-0.146371,0.726378,0.671529],[0.159768,-0.65257,0.740694]],[[0.970187,0.237964,-0.0459319],[-0.188627,0.860414,0.4734],[0.152173,-0.450623,0.879649]],[[0.970187,0.237964,-0.0459319],[-0.22083,0.946076,0.23701],[0.0998551,-0.219801,0.970421]],[[0.970187,0.237964,-0.0459319],[-0.235572,0.970466,0.051985],[0.056946,-0.039615,0.997591]]],"btipPosition":[-8.78437,296.884,-82.4622],"carpPosition":[12.4655,224.975,47.6979],"dipPosition":[-7.83064,296.22,-65.7546],"direction":[-0.0998551,0.219801,-0.970421],"extended":true,"handId":469,"id":4691,"length":57.6453,"mcpPosition":[0.943703,272.035,-5.71771],"pipPosition":[-5.46481,291.013,-42.7627],"stabilizedTipPosition":[-8.30747,296.304,-78.5833],"timeVisible":12.0481,"tipPosition":[-9.30122,297.937,-77.9823],"tipVelocity":[-47.2703,79.2778,-4.71028],"tool":false,"touchDistance":0.41632,"touchZone":"hovering","type":1,"width":18.9605},{"bases":[[[0.999405,-0.00145382,-0.034452],[0.0243247,0.737884,0.674489],[0.024441,-0.674925,0.737481]],[[0.999556,-0.00633388,-0.0291187],[-0.0119671,0.809577,-0.586891],[0.0272911,0.586979,0.809142]],[[0.999556,-0.00633388,-0.0291187],[-0.028182,-0.518492,-0.854618],[-0.00968476,0.855059,-0.51844]],[[0.999556,-0.00633388,-0.0291187],[-0.0162933,-0.934319,-0.356066],[-0.0249509,0.356382,-0.934007]]],"btipPosition":[21.5541,217.164,-8.86417],"carpPosition":[23.7854,229.139,48.1455],"dipPosition":[21.0944,223.729,-26.0692],"direction":[0.00968476,-0.855059,0.51844],"extended":false,"handId":469,"id":4692,"length":65.6822,"mcpPosition":[22.1139,275.297,-2.29018],"pipPosition":[20.8245,247.563,-40.5204],"stabilizedTipPosition":[22.087,217.825,-12.6505],"timeVisible":12.0481,"tipPosition":[21.4472,218.635,-13.2293],"tipVelocity":[-49.5783,70.1445,-14.5437],"tool":false,"touchDistance":0.333333,"touchZone":"none","type":2,"width":18.6218},{"bases":[[[0.987413,-0.15638,0.0237028],[0.0964323,0.714004,0.693469],[-0.125368,-0.682454,0.720096]],[[0.9868,-0.159651,0.0271559],[0.140811,0.763053,-0.630811],[0.079988,0.626308,0.775461]],[[0.9868,-0.159651,0.0271559],[-0.0712889,-0.578812,-0.812339],[0.145409,0.79968,-0.582553]],[[0.9868,-0.159651,0.0271559],[-0.143932,-0.941486,-0.304773],[0.0742242,0.296842,-0.952038]]],"btipPosition":[34.6501,217.638,2.81225],"carpPosition":[35.7633,230.316,47.7349],"dipPosition":[36.0095,223.075,-14.6241],"direction":[-0.145409,-0.79968,0.582553],"extended":false,"handId":469,"id":4693,"length":63.1552,"mcpPosition":[43.4612,272.22,3.51952],"pipPosition":[39.958,244.79,-30.443],"stabilizedTipPosition":[35.772,217.811,-0.874666],"timeVisible":12.0481,"tipPosition":[35.0386,218.793,-1.69608],"tipVelocity":[-48.0838,66.92,-19.9771],"tool":false,"touchDistance":0.333333,"touchZone":"none","type":3,"width":17.7198},{"bases":[[[0.936669,-0.350125,-0.00802239],[0.23738,0.617872,0.74959],[-0.257494,-0.704022,0.661854]],[[0.953075,-0.297379,-0.056696],[0.217573,0.803069,-0.554745],[0.2105,0.516378,0.830086]],[[0.953075,-0.297379,-0.056696],[-0.194875,-0.459337,-0.866622],[0.231672,0.837004,-0.495734]],[[0.953075,-0.297379,-0.056696],[-0.294632,-0.868115,-0.399459],[0.0695719,0.397419,-0.914996]]],"btipPosition":[49.9652,224.337,3.07892],"carpPosition":[48.2426,224.981,44.505],"dipPosition":[51.1407,231.052,-12.381],"direction":[-0.231672,-0.837004,0.495734],"extended":false,"handId":469,"id":4694,"length":49.5125,"mcpPosition":[62.8784,264.997,6.88578],"pipPosition":[55.5824,247.099,-21.8853],"stabilizedTipPosition":[51.0502,224.799,-0.125475],"timeVisible":12.0481,"tipPosition":[50.2652,225.809,-0.617465],"tipVelocity":[-47.4725,66.0819,-21.0222],"tool