{"sensorType":"Leap","data":[[0,{"currentFrameRate":55.2624,"devices":[],"gestures":[],"hands":[{"armBasis":[[0.982886,0.139612,-0.120185],[-0.112311,0.971276,0.209783],[0.146021,-0.192695,0.970333]],"armWidth":62.4607,"confidence":0.817711,"direction":[0.0330079,0.70596,-0.707482],"elbow":[60.0306,144.68,310.21],"grabStrength":0,"id":469,"palmNormal":[0.153615,-0.70304,-0.694361],"palmPosition":[16.4025,229.43,12.0251],"palmVelocity":[-50.207,94.1081,38.5791],"palmWidth":89.1918,"pinchStrength":0.250856,"r":[[0.776655,0.484024,0.403147],[-0.489062,0.866683,-0.0983837],[-0.397021,-0.120754,0.909831]],"s":1.09752,"sphereCenter":[9.58215,213.74,-29.9122],"sphereRadius":46.5105,"stabilizedPalmPosition":[17.7748,227.258,10.7932],"t":[32.5392,-21.7693,-56.1809],"timeVisible":20.1109,"type":"right","wrist":[21.3841,195.679,53.3981]}],"id":1680767,"interactionBox":{"center":[0,200,0],"size":[235.247,235.247,147.751]},"pointables":[{"bases":[[[0.266443,0.801084,0.535979],[-0.876379,-0.0301216,0.48068],[0.401209,-0.597794,0.694027]],[[0.169022,0.915329,0.36552],[-0.860831,-0.0435135,0.507027],[0.480001,-0.40035,0.780589]],[[0.169022,0.915329,0.36552],[-0.967409,0.225016,-0.116137],[-0.188551,-0.333978,0.92353]],[[0.169022,0.915329,0.36552],[-0.963392,0.231734,-0.134817],[-0.208105,-0.329352,0.920988]]],"btipPosition":[-17.1091,221.779,-45.4481],"carpPosition":[-4.69798,183.472,44.7414],"dipPosition":[-21.8832,214.224,-24.3197],"direction":[0.188551,0.333978,-0.92353],"extended":false,"handId":469,"id":4690,"length":51.0864,"mcpPosition":[-4.69798,183.472,44.7414],"pipPosition":[-28.185,203.061,6.54634],"stabilizedTipPosition":[-17.586,218.783,-40.996],"timeVisible":20.1109,"tipPosition":[-18.1052,220.011,-40.5328],"tipVelocity":[-61.3482,122.668,40.9393],"tool":false,"touchDistance":0.108613,"touchZone":"hovering","type":0,"width":19.8498},{"bases":[[[0.979101,0.203075,0.0109956],[-0.171686,0.796362,0.579941],[0.109015,-0.569709,0.814584]],[[0.971412,0.234824,-0.0348779],[-0.195787,0.875532,0.441714],[0.134262,-0.422258,0.896478]],[[0.971412,0.234824,-0.0348779],[-0.222694,0.952254,0.208853],[0.0822563,-0.195115,0.977325]],[[0.971412,0.234824,-0.0348779],[-0.234128,0.971935,0.0229293],[0.0392834,-0.0141079,0.999129]]],"btipPosition":[-15.611,268.757,-84.7165],"carpPosition":[0.511665,205.03,51.6702],"dipPosition":[-14.9531,268.52,-67.9832],"direction":[-0.0822563,0.195115,-0.977325],"extended":true,"handId":469,"id":4691,"length":57.6453,"mcpPosition":[-7.35004,246.115,-7.07403],"pipPosition":[-13.0043,263.897,-44.8277],"stabilizedTipPosition":[-13.7345,265.488,-82.5704],"timeVisible":20.1109,"tipPosition":[-16.1215,270.034,-80.3115],"tipVelocity":[-60.2742,120.066,56.3108],"tool":false,"touchDistance":0.500774,"touchZone":"hovering","type":1,"width":18.9605},{"bases":[[[0.999654,-0.0145173,0.0219197],[-0.00125063,0.806528,0.591195],[-0.0262614,-0.591018,0.806231]],[[0.999933,-0.00580662,0.0100369],[0.0110069,0.747594,-0.664065],[-0.00364754,0.66413,0.747608]],[[0.999933,-0.00580662,0.0100369],[0.00464483,-0.592526,-0.805538],[0.0106246,0.80553,-0.592459]],[[0.999933,-0.00580662,0.0100369],[-0.00285003,-0.962104,-0.272667],[0.0112398,0.27262,-0.962056]]],"btipPosition":[13.3179,190.677,-3.92534],"carpPosition":[11.8528,209.112,52.2989],"dipPosition":[13.525,195.699,-21.647],"direction":[-0.0106246,-0.80553,0.592459],"extended":false,"handId":469,"id":4692,"length":65.6822,"mcpPosition":[13.6488,249.532,-2.83862],"pipPosition":[13.8211,218.153,-38.1615],"stabilizedTipPosition":[15.2733,188.35,-9.22608],"timeVisible":20.1109,"tipPosition":[13.3576,191.841,-7.58962],"tipVelocity":[-48.0328,103.761,24.6787],"tool":false,"touchDistance":0.333333,"touchZone":"none","type":2,"width":18.6218},{"bases":[[[0.982125,-0.16209,0.0956948],[0.0693368,0.784178,0.616649],[-0.174995,-0.598992,0.7814]],[[0.982029,-0.162416,0.0961202],[0.182685,0.690214,-0.700164],[0.0473745,0.705142,0.707482]],[[0.982029,-0.162416,0.0961202],[-0.0334451,-0.651012,-0.75833],[0.18574,0.741488,-0.644745]],[[0.982029,-0.162416,0.0961202],[-0.136857,-0.963545,-0.229893],[0.129954,0.212607,-0.968458]]],"btipPosition":[25.0983,191.993,8.71488],"carpPosition":[23.8519,210.126,52.4349],"dipPosition":[27.4784,195.887,-9.02217],"direction":[-0.18574,-0.741488,0.644745],"extended":false,"handId":469,"id":4693,"length":63.1552,"mcpPosition":[34.5969,246.905,4.45538],"pipPosition":[32.5221,216.022,-26.5299],"stabilizedTipPosition":[28.4095,188.623,2.64678],"timeVisible":20.1109,"tipPosition":[25.6712,192.885,4.40288],"tipVelocity":[-46.7525,98.7028,21.2135],"tool":false,"touchDistance":0.333333,"touchZone":"none","type":3,"width":17.7198},{"bases":[[[0.930223,-0.357653,0.0822776],[0.205514,0.6934,0.690623],[-0.304055,-0.625524,0.71852]],[[0.945368,-0.32314,0.0431188],[0.276964,0.726337,-0.629067],[0.171958,0.606642,0.776154]],[[0.945368,-0.32314,0.0431188],[-0.149119,-0.546241,-0.824248],[0.289901,0.772788,-0.564585]],[[0.945368,-0.32314,0.0431188],[-0.291664,-0.897442,-0.330953],[0.145641,0.300296,-0.942662]]],"btipPosition":[39.709,198.993,9.5135],"carpPosition":[36.4057,204.355,50.5037],"dipPosition":[42.1698,204.066,-6.41385],"direction":[-0.289901,-0.772788,0.564585],"extended":false,"handId":469,"id":4694,"length":49.5125,"mcpPosition":[53.688,239.909,9.66358],"pipPosition":[47.7278,218.883,-17.2382],"stabilizedTipPosition":[42.9651,195.923,3.97296],"timeVisible":20.1109,"tipPosition":[40.2744,200.155,5.8428],"tipVelocity":[-47.0386,100.081,22.4886],"tool":false,"touchDistance":0.333333,"touchZone":"none","type":4,"width":15.7401}],"r":[[0.776655,0.484024,0.403147],[-0.489062,0.866683,-0.0983837],[-0.397021,-0.120754,0.909831]],"s":1.09752,"t":[32.5392,-21.7693,-56.1809],"timestamp":93415359284},false],[1,{"currentFrameRate":55.3739,"devices":[],"gestures":[],"hands":[{"armBasis":[[0.981705,0.146234,-0.121946],[-0.116851,0.968354,0.220536],[0.150337,-0.202252,0.967726]],"armWidth":62.4607,"confidence":0.827331,"direction":[0.0300873,0.709751,-0.70381],"elbow":[60.5783,143.828,309.871],"grabStrength":0,"id":469,"palmNormal":[0.156384,-0.6988,-0.698014],"palmPosition":[15.6678,231.301,12.552],"palmVelocity":[-46.1681,99.6049,34.4802],"palmWidth":89.1918,"pinchStrength":0.247245,"r":[[0.775901,0.483898,0.404748],[-0.492669,0.865516,-0.0903257],[-0.394024,-0.129323,0.909956]],"s":1.09724,"sphereCenter":[9.09173,215.752,-29.4816],"sphereRadius":46.5014,"stabilizedPalmPosition":[16.5047,229.695,11.8534],"t":[31.7212,-19.9713,-55.5788],"timeVisible":20.1286,"type":"right","wrist":[20.7897,197.356,53.7489]}],"id":1680768,"interactionBox":{"center":[0,200,0],"size":[235.247,235.247,147.751]},"pointables":[{"bases":[[[0.263259,0.79936,0.54011],[-0.876202,-0.0361552,0.480586],[0.403688,-0.599764,0.690882]],[[0.1658,0.913702,0.371024],[-0.860534,-0.0497086,0.506961],[0.481655,-0.403333,0.77803]],[[0.1658,0.913702,0.371024],[-0.968607,0.221552,-0.112764],[-0.185234,-0.34068,0.921751]],[[0.1658,0.913702,0.371024],[-0.964652,0.228414,-0.131429],[-0.204834,-0.336118,0.919275]]],"btipPosition":[-17.9216,223.921,-44.9347],"carpPosition":[-5.24372,185.089,45.0309],"dipPosition":[-22.6207,216.211,-23.8455],"direction":[0.185234,0.34068,-0.921751],"extended":false,"handId":469,"id":4690,"length":51.0864,"mcpPosition":[-5.24372,185.089,45.0309],"pipPosition":[-28.8116,204.824,6.96106],"stabilizedTipPosition":[-18.6538,221.32,-40.3086],"timeVisible":20.1286,"tipPosition":[-18.87,222.08,-40.0392],"tipVelocity":[-53.7018,121.04,35.1413],"tool":false,"touchDistance":0.123006,"touchZone":"hovering","type":0,"width":19.8498},{"bases":[[[0.978275,0.206967,0.0119734],[-0.174843,0.79264,0.584082],[0.111395,-0.573486,0.811607]],[[0.970603,0.238413,-0.0329974],[-0.199382,0.873242,0.44463],[0.13482,-0.42498,0.895106]],[[0.970603,0.238413,-0.0329974],[-0.226373,0.950837,0.211339],[0.0817613,-0.197657,0.976856]],[[0.970603,0.238413,-0.0329974],[-0.237665,0.971024,0.0250524],[0.0380141,-0.0164736,0.999141]]],"btipPosition":[-16.4053,270.845,-84.0322],"carpPosition":[-0.12047,206.631,52.0712],"dipPosition":[-15.7687,270.569,-67.2986],"direction":[-0.0817613,0.197657,-0.976856],"extended":true,"handId":469,"id":4691,"length":57.6453,"mcpPosition":[-8.1538,247.989,-6.45836],"pipPosition":[-13.8315,265.886,-44.1543],"stabilizedTipPosition":[-14.883,267.896,-81.4845],"timeVisible":20.1286,"tipPosition":[-16.9229,272.077,-79.6359],"tipVelocity":[-53.234,118.935,48.0861],"tool":false,"touchDistance":0.494296,"touchZone":"hovering","type":1,"width":18.9605},{"bases":[[[0.999707,-0.0105943,0.0217661],[-0.00444844,0.803436,0.595374],[-0.0237952,-0.595296,0.803154]],[[0.999951,-0.00166177,0.00971381],[0.00766849,0.750306,-0.661046],[-0.00618983,0.661089,0.750282]],[[0.999951,-0.00166177,0.00971381],[0.00686716,-0.589476,-0.807757],[0.00706836,0.807784,-0.589436]],[[0.999951,-0.00166177,0.00971381],[0.00108974,-0.960991,-0.276578],[0.00979449,0.276576,-0.960942]]],"btipPosition":[12.7465,192.622,-3.52479],"carpPosition":[11.2042,210.756,52.7201],"dipPosition":[12.9269,197.717,-21.2259],"direction":[-0.00706836,-0.807784,0.589436],"extended":false,"handId":469,"id":4692,"length":65.6822,"mcpPosition":[12.8315,251.468,-2.20691],"pipPosition":[13.1239,220.233,-37.6561],"stabilizedTipPosition":[14.3045,190.472,-8.59068],"timeVisible":20.1286,"tipPosition":[12.7777,193.801,-7.22865],"tipVelocity":[-40.8531,107.136,23.861],"tool":false,"touchDistance":0.333333,"touchZone":"none","type":2,"width":18.6218},{"bases":[[[0.982781,-0.158618,0.0947753],[0.0662312,0.78124,0.620707],[-0.172497,-0.603742,0.778293]],[[0.982687,-0.158945,0.0951974],[0.179829,0.694623,-0.696534],[0.0445844,0.701595,0.71118]],[[0.982687,-0.158945,0.0951974],[-0.0308825,-0.647158,-0.76173],[0.182681,0.745602,-0.640863]],[[0.982687,-0.158945,0.0951974],[-0.132986,-0.96288,-0.234895],[0.128999,0.218169,-0.967348]]],"btipPosition":[24.5149,193.919,9.04349],"carpPosition":[23.199,211.817,52.8605],"dipPosition":[26.8775,197.914,-8.67324],"direction":[-0.182681,-0.745602,0.640863],"extended":false,"handId":469,"id":4693,"length":63.1552,"mcpPosition":[33.7907,248.888,5.07171],"pipPosition":[31.8381,218.161,-26.0756],"stabilizedTipPosition":[27.2895,190.7,3.42275],"timeVisible":20.1286,"tipPosition":[25.0833,194.835,4.73946],"tipVelocity":[-40.4319,104.104,20.1116],"tool":false,"touchDistance":0.333333,"touchZone":"none","type":3,"width":17.7198},{"bases":[[[0.931667,-0.354317,0.080347],[0.202782,0.69063,0.694197],[-0.301456,-0.630468,0.715286]],[[0.946693,-0.319478,0.0412978],[0.273918,0.730881,-0.625126],[0.16953,0.603115,0.779431]],[[0.946693,-0.319478,0.0412978],[-0.146998,-0.542507,-0.82709],[0.286641,0.77693,-0.560551]],[[0.946693,-0.319478,0.0412978],[-0.288051,-0.896933,-0.335466],[0.144215,0.305687,-0.941147]]],"btipPosition":[39.1022,200.978,9.87544],"carpPosition":[35.7759,206.107,50.8984],"dipPosition":[41.5389,206.143,-6.02631],"direction":[-0.286641,-0.77693,0.560551],"extended":false,"handId":469,"id":4694,"length":49.5125,"mcpPosition":[52.9104,241.943,10.242],"pipPosition":[47.0344,221.038,-16.7733],"stabilizedTipPosition":[41.8591,198.014,4.72488],"timeVisible":20.1286,"tipPosition":[39.6602,202.159,6.21284],"tipVelocity":[-41.2439,106.365,21.7046],"tool":false,"touchDistance":0.333333,"touchZone":"none","type":4,"width":15.7401}],"r":[[0.775901,0.483898,0.404748],[-0.492669,0.865516,-0.0903257],[-0.394024,-0.129323,0.909956]],"s":1.09724,"t":[31.7212,-19.9713,-55.5788],"timestamp":93415376958},false],[2,{"currentFrameRate":55.3853,"devices":[],"gestures":[],"hands":[{"armBasis":[[0.982553,0.142914,-0.11902],[-0.113696,0.967999,0.223723],[0.147185,-0.206288,0.967358]],"armWidth":62.4607,"confidence":0.83656,"direction":[0.0276847,0.71912,-0.694335],"elbow":[59.3387,143.791,309.743],"grabStrength":0,"id":469,"palmNormal":[0.152493,-0.689509,-0.708042],"palmPosition":[15.1136,232.888,13.0052],"palmVelocity":[-38.8641,94.158,30.0596],"palmWidth":89.1918,"pinchStrength":0.245617,"r":[[0.77577,0.482533,0.406623],[-0.495431,0.864853,-0.081106],[-0.390805,-0.138534,0.909989]],"s":1.09696,"sphereCenter":[8.5103,217.86,-29.2233],"sphereRadius":46.4874,"stabilizedPalmPosition":[15.5387,231.912,12.6532],"t":[31.0351,-18.2786,-55.0512],"timeVisible":20.1466,"type":"right","wrist":[20.3842,198.388,53.7186]}],"id":1680769,"interactionBox":{"center":[0,200,0],"size":[235.247,235.247,147.751]},"pointables":[{"bases":[[[0.266543,0.791758,0.549613],[-0.874071,-0.0417259,0.484003],[0.406146,-0.609408,0.680931]],[[0.168661,0.908267,0.38289],[-0.858304,-0.055661,0.510114],[0.484632,-0.414672,0.770181]],[[0.168661,0.908267,0.38289],[-0.969083,0.223772,-0.103941],[-0.180087,-0.353521,0.917928]],[[0.168661,0.908267,0.38289],[-0.965148,0.231041,-0.122918],[-0.200105,-0.348814,0.91558]]],"btipPosition":[-18.8054,226.373,-44.4149],"carpPosition":[-5.70128,186.265,44.954],"dipPosition":[-23.396,218.371,-23.4105],"direction":[0.180087,0.353521,-0.917928],"extended":false,"handId":469,"id":4690,"length":51.0864,"mcpPosition":[-5.70128,186.265,44.954],"pipPosition":[-29.4148,206.555,7.26823],"stabilizedTipPosition":[-19.6443,223.955,-39.7141],"timeVisible":20.1466,"tipPosition":[-19.7117,224.446,-39.5451],"tipVelocity":[-50.8423,126.402,31.645],"tool":false,"touchDistance":0.137911,"touchZone":"hovering","type":0,"width":19.8498},{"bases":[[[0.97854,0.205796,0.0103418],[-0.171363,0.784892,0.595466],[0.114427,-0.584459,0.803314]],[[0.97084,0.237375,-0.0334992],[-0.196558,0.8682,0.455625],[0.137238,-0.435755,0.889541]],[[0.97084,0.237375,-0.0334992],[-0.224317,0.948813,0.222342],[0.084563,-0.208344,0.974393]],[[0.97084,0.237375,-0.0334992],[-0.236197,0.971051,0.0356461],[0.040991,-0.0266942,0.998803]]],"btipPosition":[-17.2449,273.589,-82.9469],"carpPosition":[-0.523297,207.706,52.26],"dipPosition":[-16.5584,273.142,-66.2191],"direction":[-0.084563,0.208344,-0.974393],"extended":true,"handId":469,"id":4691,"length":57.6453,"mcpPosition":[-8.7753,249.854,-5.6715],"pipPosition":[-14.5549,268.206,-43.133],"stabilizedTipPosition":[-15.9594,270.626,-80.3197],"timeVisible":20.1466,"tipPosition":[-17.7426,274.751,-78.547],"tipVelocity":[-49.7873,133.717,53.8125],"tool":false,"touchDistance":0.494459,"touchZone":"hovering","type":1,"width":18.9605},{"bases":[[[0.999783,-0.0118991,0.0171124],[-0.000908497,0.795362,0.606134],[-0.020823,-0.606017,0.795179]],[[0.999983,-0.00276402,0.00512573],[0.0054351,0.759024,-0.65104],[-0.00209107,0.651056,0.759026]],[[0.999983,-0.00276402,0.00512573],[0.00258096,-0.578663,-0.815563],[0.0052203,0.815562,-0.578646]],[[0.999983,-0.00276402,0.00512573],[-0.00116222,-0.9572,-0.289425],[0.00570632,0.289414,-0.957187]]],"btipPosition":[12.0808,194.43,-3.56932],"carpPosition":[10.8086,211.81,52.9132],"dipPosition":[12.1859,199.761,-21.2013],"direction":[-0.0052203,-0.815562,0.578646],"extended":false,"handId":469,"id":4692,"length":65.6822,"mcpPosition":[12.2326,253.255,-1.46836],"pipPosition":[12.3314,222.494,-37.3307],"stabilizedTipPosition":[13.3743,192.664,-8.18217],"timeVisible":20.1466,"tipPosition":[12.0956,195.659,-7.26517],"tipVelocity":[-39.4588,105.344,11.7961],"tool":false,"touchDistance":0.333333,"touchZone":"none","type":2,"width":18.6218},{"bases":[[[0.983026,-0.160874,0.0882011],[0.0698605,0.772756,0.630847],[-0.169645,-0.613977,0.770878]],[[0.982937,-0.161194,0.0886034],[0.177433,0.703914,-0.687767],[0.0484948,0.691753,0.720504]],[[0.982937,-0.161194,0.0886034],[-0.0349586,-0.636626,-0.77038],[0.180588,0.754137,-0.631399]],[[0.982937,-0.161194,0.0886034],[-0.135044,-0.95946,-0.247387],[0.124889,0.2312,-0.964857]]],"btipPosition":[23.9066,195.547,8.94115],"carpPosition":[22.8051,212.857,53.0138],"dipPosition":[26.1939,199.782,-8.72996],"direction":[-0.180588,-0.754137,0.631399],"extended":false,"handId":469,"id":4693,"length":63.1552,"mcpPosition":[33.2216,250.556,5.68032],"pipPosition":[31.0977,220.26,-25.8753],"stabilizedTipPosition":[26.2323,192.854,3.96086],"timeVisible":20.1466,"tipPosition":[24.4555,196.521,4.65654],"tipVelocity":[-37.7259,99.0529,8.16055],"tool":false,"touchDistance":0.333333,"touchZone":"none","type":3,"width":17.7198},{"bases":[[[0.931638,-0.356309,0.0713743],[0.206642,0.681027,0.702496],[-0.298913,-0.639723,0.7081]],[[0.946571,-0.320843,0.0325997],[0.271844,0.739431,-0.615909],[0.173505,0.591863,0.787143]],[[0.946571,-0.320843,0.0325997],[-0.151194,-0.530793,-0.833906],[0.284857,0.784423,-0.550943]],[[0.946571,-0.320843,0.0325997],[-0.290434,-0.89204,-0.346286],[0.140184,0.318316,-0.937562]]],"btipPosition":[38.5132,202.591,9.79186],"carpPosition":[35.3668,207.161,50.9184],"dipPosition":[40.8818,207.969,-6.04934],"direction":[-0.284857,-0.784423,0.550943],"extended":false,"handId":469,"id":4694,"length":49.5125,"mcpPosition":[52.3569,243.523,10.6705],"pipPosition":[46.3431,223.008,-16.6121],"stabilizedTipPosition":[40.8275,200.155,5.24912],"timeVisible":20.1466,"tipPosition":[39.0518,203.817,6.1526],"tipVelocity":[-37.6022,99.6702,9.5822],"tool":false,"touchDistance":0.333333,"touchZone":"none","type":4,"width":15.7401}],"r":[[0.77577,0.482533,0.406623],[-0.495431,0.864853,-0.081106],[-0.390805,-0.138534,0.909989]],"s":1.09696,"t":[31.0351,-18.2786,-55.0512],"timestamp":93415394974},false],[3,{"currentFrameRate":55.3618,"devices":[],"gestures":[],"hands":[{"armBasis":[[0.982387,0.141238,-0.122339],[-0.110653,0.967309,0.228188],[0.150568,-0.210632,0.9659]],"armWidth":62.4607,"confidence":0.847335,"direction":[0.0291982,0.723028,-0.690202],"elbow":[59.7305,143.632,309.323],"grabStrength":0,"id":469,"palmNormal":[0.150004,-0.685846,-0.71212],"palmPosition":[14.6769,234.128,13.1737],"palmVelocity":[-31.8148,81.8605,20.1631],"palmWidth":89.1918,"pinchStrength":0.243795,"r":[[0.776009,0.480518,0.408549],[-0.497139,0.864624,-0.0726553],[-0.388154,-0.146725,0.90984]],"s":1.09676,"sphereCenter":[8.1431,219.315,-29.1601],"sphereRadius":46.4843,"stabilizedPalmPosition":[14.899,233.557,13.0396],"t":[30.4737,-16.8122,-54.7031],"timeVisible":20.1648,"type":"right","wrist":[19.8804,199.379,53.6836]}],"id":1680770,"interactionBox":{"center":[0,200,0],"size":[235.247,235.247,147.751]},"pointables":[{"bases":[[[0.269201,0.78782,0.553959],[-0.87382,-0.042041,0.484429],[0.404932,-0.614469,0.677095]],[[0.171792,0.905315,0.388449],[-0.857927,-0.0563181,0.510675],[0.484198,-0.420991,0.767019]],[[0.171792,0.905315,0.388449],[-0.968869,0.226621,-0.0996758],[-0.178269,-0.359232,0.916064]],[[0.171792,0.905315,0.388449],[-0.964877,0.234177,-0.119052],[-0.198745,-0.354353,0.913747]]],"btipPosition":[-19.4208,228.116,-44.2404],"carpPosition":[-6.2459,187.381,44.8695],"dipPosition":[-23.9802,219.987,-23.278],"direction":[0.178269,0.359232,-0.916063],"extended":false,"handId":469,"id":4690,"length":51.0864,"mcpPosition":[-6.2459,187.381,44.8695],"pipPosition":[-29.9382,207.98,7.33841],"stabilizedTipPosition":[-20.365,225.956,-39.4564],"timeVisible":20.1648,"tipPosition":[-20.2863,226.137,-39.3882],"tipVelocity":[-42.5892,111.179,20.8964],"tool":false,"touchDistance":0.143975,"touchZone":"hovering","type":0,"width":19.8498},{"bases":[[[0.979127,0.202963,0.0107721],[-0.168688,0.781929,0.600109],[0.113377,-0.589401,0.799845]],[[0.971585,0.234465,-0.0323936],[-0.193867,0.866823,0.459385],[0.135789,-0.440051,0.887647]],[[0.971585,0.234465,-0.0323936],[-0.221386,0.948623,0.226058],[0.0837318,-0.212463,0.973575]],[[0.971585,0.234465,-0.0323936],[-0.23317,0.971644,0.039242],[0.0406759,-0.0305737,0.998705]]],"btipPosition":[-17.5615,275.347,-82.5611],"carpPosition":[-1.00166,208.764,52.2949],"dipPosition":[-16.8803,274.835,-65.8349],"direction":[-0.0837319,0.212463,-0.973575],"extended":true,"handId":469,"id":4691,"length":57.6453,"mcpPosition":[-9.17792,251.269,-5.38648],"pipPosition":[-14.8964,269.801,-42.7682],"stabilizedTipPosition":[-16.7002,272.985,-79.4969],"timeVisible":20.1648,"tipPosition":[-18.0477,276.466,-78.1682],"tipVelocity":[-34.412,115.791,38.2949],"tool":false,"touchDistance":0.484128,"touchZone":"hovering","type":1,"width":18.9605},{"bases":[[[0.999758,-0.0148266,0.0162721],[0.00180346,0.791855,0.610706],[-0.0219399,-0.610529,0.79169]],[[0.999975,-0.00560583,0.00431565],[0.00706694,0.763109,-0.646232],[0.000329355,0.646246,0.763129]],[[0.999975,-0.00560583,0.00431565],[0.000324843,-0.572993,-0.81956],[0.00706715,0.819541,-0.572977]],[[0.999975,-0.00560583,0.00431565],[-0.00407654,-0.955144,-0.296115],[0.00578204,0.29609,-0.955143]]],"btipPosition":[11.5237,195.754,-3.67051],"carpPosition":[10.3423,212.833,52.963],"dipPosition":[11.6302,201.209,-21.2648],"direction":[-0.00706715,-0.819541,0.572977],"extended":false,"handId":469,"id":4692,"length":65.6822,"mcpPosition":[11.8427,254.586,-1.18003],"pipPosition":[11.8272,224.053,-37.2362],"stabilizedTipPosition":[12.5697,194.579,-7.9773],"timeVisible":20.1648,"tipPosition":[11.539,197.016,-7.35014],"tipVelocity":[-35.2802,90.6797,3.74601],"tool":false,"touchDistance":0.333333,"touchZone":"none","type":2,"width":18.6218},{"bases":[[[0.982633,-0.16416,0.0865143],[0.0725267,0.768907,0.635234],[-0.170802,-0.617927,0.767459]],[[0.982546,-0.164474,0.0869035],[0.178882,0.707217,-0.683992],[0.051039,0.687599,0.724295]],[[0.982546,-0.164474,0.0869035],[-0.0373956,-0.632274,-0.773842],[0.182223,0.757085,-0.627389]],[[0.982546,-0.164474,0.0869035],[-0.137969,-0.957681,-0.252609],[0.124773,0.23621,-0.963658]]],"btipPosition":[23.3607,196.788,8.90076],"carpPosition":[22.3418,213.845,53.0603],"dipPosition":[25.6458,201.114,-8.74839],"direction":[-0.182223,-0.757085,0.627389],"extended":false,"handId":469,"id":4693,"length":63.1552,"mcpPosition":[32.8294,251.787,5.93679],"pipPosition":[30.594,221.673,-25.7848],"stabilizedTipPosition":[25.3173,194.777,4.30429],"timeVisible":20.1648,"tipPosition":[23.9088,197.784,4.61963],"tipVelocity":[-34.101,84.9971,3.34418],"tool":false,"touchDistance":0.333333,"touchZone":"none","type":3,"width":17.7198},{"bases":[[[0.930678,-0.359349,0.0686015],[0.209102,0.67638,0.706248],[-0.30019,-0.642945,0.704633]],[[0.945749,-0.323524,0.0298296],[0.27344,0.743014,-0.610869],[0.175467,0.585885,0.79117]],[[0.945749,-0.323524,0.0298296],[-0.153082,-0.52471,-0.837404],[0.286573,0.787408,-0.54577]],[[0.945749,-0.323524,0.0298296],[-0.293051,-0.889088,-0.35163],[0.140282,0.323813,-0.935664]]],"btipPosition":[38.0021,203.796,9.72214],"carpPosition":[34.8858,208.126,50.9224],"dipPosition":[40.3724,209.267,-6.08697],"direction":[-0.286573,-0.787408,0.54577],"extended":false,"handId":469,"id":4694,"length":49.5125,"mcpPosition":[51.9484,244.67,10.8716],"pipPosition":[45.8666,224.363,-16.5506],"stabilizedTipPosition":[39.947,202.047,5.57231],"timeVisible":20.1648,"tipPosition":[38.536,205.039,6.10782],"tipVelocity":[-33.0967,84.3868,3.3795],"tool":false,"touchDistance":0.333333,"touchZone":"none","type":4,"width":15.7401}],"r":[[0.776009,0.480518,0.408549],[-0.497139,0.864624,-0.0726553],[-0.388154,-0.146725,0.90984]],"s":1.09676,"t":[30.4737,-16.8122,-54.7031],"timestamp":93415413118},false],[4,{"currentFrameRate":55.3359,"devices":[],"gestures":[],"hands":[{"armBasis":[[0.981795,0.145564,-0.122024],[-0.113519,0.964737,0.23748],[0.15229,-0.219304,0.963698]],"armWidth":62.4607,"confidence":0.859642,"direction":[0.0275452,0.724487,-0.688738],"elbow":[59.7575,142.854,308.967],"grabStrength":0,"id":469,"palmNormal":[0.151408,-0.684073,-0.713526],"palmPosition":[14.168,235.716,13.4721],"palmVelocity":[-30.0051,84.5174,18.3831],"palmWidth":89.1918,"pinchStrength":0.241032,"r":[[0.776006,0.479067,0.410255],[-0.498867,0.864197,-0.0655311],[-0.385935,-0.15381,0.909614]],"s":1.09669,"sphereCenter":[7.72148,220.948,-28.9137],"sphereRadius":46.4945,"stabilizedPalmPosition":[14.3444,235.195,13.3677],"t":[29.9386,-15.2851,-54.3799],"timeVisible":20.1829,"type":"right","wrist":[19.4519,200.896,53.9109]}],"id":1680771,"interactionBox":{"center":[0,200,0],"size":[235.247,235.247,147.751]},"pointables":[{"bases":[[[0.267555,0.787278,0.555524],[-0.873669,-0.0449213,0.484443],[0.406346,-0.61496,0.675801]],[[0.170293,0.904505,0.390987],[-0.857051,-0.0598505,0.511743],[0.486275,-0.422242,0.765015]],[[0.170293,0.904505,0.390987],[-0.969769,0.224213,-0.0963116],[-0.174779,-0.362766,0.915343]],[[0.170293,0.904505,0.390987],[-0.965398,0.232669,-0.117778],[-0.197501,-0.357402,0.912829]]],"btipPosition":[-20.071,229.844,-43.8913],"carpPosition":[-6.64938,188.859,45.0754],"dipPosition":[-24.6019,221.644,-22.95],"direction":[0.174779,0.362766,-0.915343],"extended":false,"handId":469,"id":4690,"length":51.0864,"mcpPosition":[-6.64938,188.859,45.0754],"pipPosition":[-30.4433,209.52,7.64241],"stabilizedTipPosition":[-21.0451,227.776,-39.1095],"timeVisible":20.1829,"tipPosition":[-20.8854,227.82,-39.0665],"tipVelocity":[-39.1826,103.105,19.9722],"tool":false,"touchDistance":0.151269,"touchZone":"hovering","type":0,"width":19.8498},{"bases":[[[0.978685,0.205068,0.0110712],[-0.170315,0.780342,0.601713],[0.114753,-0.590773,0.798636]],[[0.971135,0.236414,-0.0317183],[-0.195737,0.865821,0.46048],[0.136326,-0.440979,0.887103]],[[0.971135,0.236414,-0.0317183],[-0.223322,0.947859,0.227355],[0.0838145,-0.213709,0.973295]],[[0.971135,0.236414,-0.0317183],[-0.235082,0.971123,0.0406932],[0.0404229,-0.0320622,0.998668]]],"btipPosition":[-18.1301,277.014,-82.1951],"carpPosition":[-1.45072,210.239,52.5436],"dipPosition":[-17.4531,276.477,-65.4694],"direction":[-0.0838145,0.213709,-0.973295],"extended":true,"handId":469,"id":4691,"length":57.6453,"mcpPosition":[-9.72617,252.843,-5.05057],"pipPosition":[-15.4673,271.414,-42.4094],"stabilizedTipPosition":[-17.3733,275.049,-78.89],"timeVisible":20.1829,"tipPosition":[-18.6113,278.095,-77.8123],"tipVelocity":[-32.9581,104.201,29.6424],"tool":false,"touchDistance":0.474537,"touchZone":"hovering","type":1,"width":18.9605},{"bases":[[[0.999789,-0.0126875,0.0161273],[0.00015608,0.790618,0.61231],[-0.0205192,-0.612179,0.790453]],[[0.999985,-0.00344758,0.00419664],[0.0053412,0.764315,-0.644821],[-0.000984481,0.644833,0.764322]],[[0.999985,-0.00344758,0.00419664],[0.00147411,-0.571402,-0.820669],[0.00522729,0.820663,-0.571389]],[[0.999985,-0.00344758,0.00419664],[-0.00204002,-0.954543,-0.298067],[0.00503348,0.298054,-0.954536]]],"btipPosition":[11.0958,197.364,-3.44212],"carpPosition":[9.88443,214.331,53.2186],"dipPosition":[11.1885,202.855,-21.0253],"direction":[-0.00522729,-0.820663,0.571389],"extended":false,"handId":469,"id":4692,"length":65.6822,"mcpPosition":[11.2877,256.197,-0.839811],"pipPosition":[11.3342,225.73,-36.9524],"stabilizedTipPosition":[11.9212,196.386,-7.75807],"timeVisible":20.1829,"tipPosition":[11.1083,198.636,-7.12687],"tipVelocity":[-29.775,89.9314,8.02326],"tool":false,"touchDistance":0.333333,"touchZone":"none","type":2,"width":18.6218},{"bases":[[[0.982997,-0.1622,0.0860685],[0.0709319,0.767773,0.636783],[-0.169367,-0.619851,0.766224]],[[0.982908,-0.162525,0.0864695],[0.177323,0.709585,-0.681942],[0.0494748,0.68562,0.726277]],[[0.982908,-0.162525,0.0864695],[-0.0359499,-0.630107,-0.775676],[0.180551,0.75931,-0.62518]],[[0.982908,-0.162525,0.0864695],[-0.135855,-0.957329,-0.255077],[0.124236,0.23897,-0.963047]]],"btipPosition":[22.9363,198.406,9.07488],"carpPosition":[21.8817,215.369,53.3166],"dipPosition":[25.2116,202.782,-8.56308],"direction":[-0.180551,-0.75931,0.62518],"extended":false,"handId":469,"id":4693,"length":63.1552,"mcpPosition":[32.2812,253.429,6.26891],"pipPosition":[30.1144,223.401,-25.5395],"stabilizedTipPosition":[24.5747,196.63,4.58966],"timeVisible":20.1829,"tipPosition":[23.4798,199.412,4.82145],"tipVelocity":[-29.0428,87.245,6.38853],"tool":false,"touchDistance":0.333333,"touchZone":"none","type":3,"width":17.7198},{"bases":[[[0.931465,-0.357465,0.067766],[0.207717,0.6754,0.707594],[-0.298709,-0.645023,0.703362]],[[0.946487,-0.321439,0.0289692],[0.271848,0.745635,-0.60838],[0.173957,0.583699,0.793117]],[[0.946487,-0.321439,0.0289692],[-0.151736,-0.522412,-0.839084],[0.284848,0.789786,-0.54323]],[[0.946487,-0.321439,0.0289692],[-0.291021,-0.888823,-0.353979],[0.139531,0.326606,-0.934805]]],"btipPosition":[37.5681,205.452,9.90693],"carpPosition":[34.4378,209.681,51.1657],"dipPosition":[39.9257,210.971,-5.88766],"direction":[-0.284848,-0.789786,0.54323],"extended":false,"handId":469,"id":4694,"length":49.5125,"mcpPosition":[51.4162,246.344,11.1871],"pipPosition":[45.3868,226.113,-16.3026],"stabilizedTipPosition":[39.2217,203.893,5.84948],"timeVisible":20.1829,"tipPosition":[38.0957,206.702,6.31428],"tipVelocity":[-28.7875,87.9241,6.70733],"tool":false,"touchDistance":0.333333,"touchZone":"none","type":4,"width":15.7401}],"r":[[0.776006,0.479067,0.410255],[-0.498867,0.864197,-0.0655311],[-0.385935,-0.15381,0.909614]],"s":1.09669,"t":[29.9386,-15.2851,-54.3799],"timestamp":93415431279},false],[5,{"currentFrameRate":55.3749,"devices":[],"gestures":[],"hands":[{"armBasis":[[0.982513,0.141395,-0.121146],[-0.109099,0.964421,0.24081],[0.150885,-0.223382,0.962982]],"armWidth":62.4607,"confidence":0.845343,"direction":[0.0286673,0.728103,-0.684868],"elbow":[58.8566,143.85,308.142],"grabStrength":0,"id":469,"palmNormal":[0.147165,-0.680758,-0.717573],"palmPosition":[13.6758,238.03,13.0382],"palmVelocity":[-28.8045,105.561,-1.7352],"palmWidth":89.1918,"pinchStrength":0.236409,"r":[[0.776562,0.476868,0.411763],[-0.499616,0.864258,-0.0586606],[-0.383843,-0.16017,0.909401]],"s":1.09684,"sphereCenter":[7.13063,223.499,-29.4235],"sphereRadius":46.5084,"stabilizedPalmPosition":[13.8266,237.39,13.1125],"t":[29.4249,-13.3648,-54.4352],"timeVisible":20.2008,"type":"right","wrist":[18.9228,202.971,53.2753]}],"id":1680772,"interactionBox":{"center":[0,200,0],"size":[235.247,235.247,147.751]},"pointables":[{"bases":[[[0.271815,0.783244,0.559147],[-0.872699,-0.0442669,0.486248],[0.405603,-0.620137,0.671504]],[[0.174942,0.901413,0.396042],[-0.855378,-0.0600467,0.514513],[0.487569,-0.428776,0.760544]],[[0.174942,0.901413,0.396042],[-0.969563,0.227706,-0.0899892],[-0.171299,-0.368245,0.913812]],[[0.174942,0.901413,0.396042],[-0.965022,0.236758,-0.112599],[-0.195265,-0.362491,0.911302]]],"btipPosition":[-20.8968,232.684,-44.2255],"carpPosition":[-7.24422,191.08,44.4363],"dipPosition":[-25.3764,224.368,-23.3192],"direction":[0.171299,0.368245,-0.913812],"extended":false,"handId":469,"id":4690,"length":51.0864,"mcpPosition":[-7.24422,191.08,44.4363],"pipPosition":[-31.1015,212.061,7.22201],"stabilizedTipPosition":[-21.8733,230.589,-39.3982],"timeVisible":20.2008,"tipPosition":[-21.6498,230.611,-39.4279],"tipVelocity":[-42.1258,128.557,1.51919],"tool":false,"touchDistance":0.152188,"touchZone":"hovering","type":0,"width":19.8498},{"bases":[[[0.979474,0.201329,0.00987757],[-0.165969,0.777702,0.606328],[0.114389,-0.595522,0.795153]],[[0.972013,0.232686,-0.0323847],[-0.191426,0.864374,0.464988],[0.136189,-0.445775,0.884724]],[[0.972013,0.232686,-0.0323847],[-0.219106,0.947627,0.232368],[0.0847574,-0.218769,0.972089]],[[0.972013,0.232686,-0.0323847],[-0.231114,0.971842,0.0459298],[0.0421601,-0.0371598,0.99842]]],"btipPosition":[-18.6465,279.925,-82.3468],"carpPosition":[-1.94763,212.4,52.0078],"dipPosition":[-17.9404,279.303,-65.6253],"direction":[-0.0847574,0.218769,-0.972089],"extended":true,"handId":469,"id":4691,"length":57.6453,"mcpPosition":[-10.1969,255.346,-5.33521],"pipPosition":[-15.9322,274.119,-42.5939],"stabilizedTipPosition":[-17.9928,277.688,-78.673],"timeVisible":20.2008,"tipPosition":[-19.1089,280.958,-77.9687],"tipVelocity":[-30.8213,131.162,11.6179],"tool":false,"touchDistance":0.458127,"touchZone":"hovering","type":1,"width":18.9605},{"bases":[[[0.999769,-0.0165285,0.013705],[0.00456341,0.78728,0.616579],[-0.0209808,-0.616375,0.787173]],[[0.999972,-0.00724229,0.00184636],[0.00673795,0.766657,-0.642022],[0.00323419,0.642016,0.766684]],[[0.999972,-0.00724229,0.00184636],[-0.00259805,-0.568464,-0.822704],[0.00700785,0.822676,-0.568467]],[[0.999972,-0.00724229,0.00184636],[-0.00634632,-0.953269,-0.302057],[0.00394767,0.302037,-0.953288]]],"btipPosition":[10.4184,199.769,-3.97415],"carpPosition":[9.4044,216.445,52.6783],"dipPosition":[10.4911,205.333,-21.5343],"direction":[-0.00700785,-0.822676,0.568467],"extended":false,"handId":469,"id":4692,"length":65.6822,"mcpPosition":[10.8393,258.599,-1.15584],"pipPosition":[10.6864,228.265,-37.38],"stabilizedTipPosition":[11.2497,198.493,-7.87325],"timeVisible":20.2008,"tipPosition":[10.4279,201.063,-7.7083],"tipVelocity":[-33.6838,111.276,-9.6473],"tool":false,"touchDistance":0.333333,"touchZone":"none","type":2,"width":18.6218},{"bases":[[[0.982577,-0.166354,0.0828751],[0.0753096,0.764037,0.640762],[-0.169913,-0.623357,0.763253]],[[0.982494,-0.166658,0.0832468],[0.17838,0.71276,-0.678347],[0.0537168,0.681321,0.730011]],[[0.982494,-0.166658,0.0832468],[-0.0401226,-0.625676,-0.779051],[0.18192,0.762073,-0.62141]],[[0.982494,-0.166658,0.0832468],[-0.140046,-0.955428,-0.259894],[0.12285,0.243686,-0.962042]]],"btipPosition":[22.2962,200.717,8.41002],"carpPosition":[21.4057,217.438,52.7537],"dipPosition":[24.5462,205.18,-9.20953],"direction":[-0.18192,-0.762073,0.62141],"extended":false,"handId":469,"id":4693,"length":63.1552,"mcpPosition":[31.8387,255.713,5.88836],"pipPosition":[29.4861,225.874,-26.0836],"stabilizedTipPosition":[23.8603,198.704,4.49548],"timeVisible":20.2008,"tipPosition":[22.8319,201.742,4.16711],"tipVelocity":[-32.346,107.458,-14.038],"tool":false,"touchDistance":0.333333,"touchZone":"none","type":3,"width":17.7198},{"bases":[[[0.930267,-0.361322,0.063637],[0.21191,0.670768,0.710749],[-0.299495,-0.647701,0.700561]],[[0.945375,-0.325033,0.0248856],[0.273189,0.748302,-0.604493],[0.177858,0.578271,0.796222]],[[0.945375,-0.325033,0.0248856],[-0.155552,-0.516881,-0.841806],[0.286478,0.791951,-0.539206]],[[0.945375,-0.325033,0.0248856],[-0.2951,-0.885745,-0.358289],[0.138498,0.331374,-0.933279]]],"btipPosition":[36.9612,207.704,9.23234],"carpPosition":[33.9353,211.715,50.5424],"dipPosition":[39.3013,213.303,-6.53647],"direction":[-0.286478,-0.791951,0.539206],"extended":false,"handId":469,"id":4694,"length":49.5125,"mcpPosition":[50.9583,248.53,10.7231],"pipPosition":[44.7937,228.487,-16.8743],"stabilizedTipPosition":[38.5335,205.93,5.752],"timeVisible":20.2008,"tipPosition":[37.4821,208.969,5.65316],"tipVelocity":[-31.2905,106.223,-14.0816],"tool":false,"touchDistance":0.333333,"touchZone":"none","type":4,"width":15.7401}],"r":[[0.776562,0.476868,0.411763],[-0.499616,0.864258,-0.0586606],[-0.383843,-0.16017,0.909401]],"s":1.09684,"t":[29.4249,-13.3648,-54.4352],"timestamp":93415449203},false],[6,{"currentFrameRate":55.3648,"devices":[],"gestures":[],"hands":[{"armBasis":[[0.983161,0.131849,-0.12653],[-0.0993121,0.966738,0.235701],[0.153398,-0.219166,0.963553]],"armWidth":62.4607,"confidence":0.713957,"direction":[0.027384,0.741662,-0.670215],"elbow":[59.0657,146.348,307.606],"grabStrength":0,"id":469,"palmNormal":[0.137844,-0.666863,-0.73232],"palmPosition":[13.102,240.248,13.1106],"palmVelocity":[-30.1824,113.646,0.993043],"palmWidth":89.1918,"pinchStrength":0.235294,"r":[[0.778171,0.47259,0.413653],[-0.49935,0.86502,-0.0488822],[-0.380919,-0.168519,0.909121]],"s":1.09681,"sphereCenter":[6.20521,226.588,-29.6034],"sphereRadius":46.5018,"stabilizedPalmPosition":[13.2565,239.639,13.111],"t":[28.8812,-11.2956,-54.4267],"timeVisible":20.2189,"type":"right","wrist":[18.4668,204.354,52.5884]}],"id":1680773,"interactionBox":{"center":[0,200,0],"size":[235.247,235.247,147.751]},"pointables":[{"bases":[[[0.280455,0.770288,0.572714],[-0.86914,-0.0494261,0.492091],[0.407359,-0.635778,0.655626]],[[0.182998,0.892235,0.41283],[-0.851393,-0.0661375,0.520342],[0.491571,-0.446702,0.74754]],[[0.182998,0.892235,0.41283],[-0.969144,0.23426,-0.0767004],[-0.165144,-0.386056,0.907573]],[[0.182998,0.892235,0.41283],[-0.964398,0.244465,-0.100859],[-0.190912,-0.379676,0.905206]]],"btipPosition":[-21.9871,236.255,-43.9605],"carpPosition":[-7.83312,192.785,43.7165],"dipPosition":[-26.3668,227.545,-23.1941],"direction":[0.165144,0.386056,-0.907573],"extended":false,"handId":469,"id":4690,"length":51.0864,"mcpPosition":[-7.83312,192.785,43.7165],"pipPosition":[-31.8862,214.643,7.13863],"stabilizedTipPosition":[-22.9516,234.112,-39.1924],"timeVisible":20.2189,"tipPosition":[-22.7088,234.093,-39.2056],"tipVelocity":[-50.1389,158.885,6.9154],"tool":false,"touchDistance":0.167851,"touchZone":"hovering","type":0,"width":19.8498},{"bases":[[[0.980618,0.195831,0.00625445],[-0.156974,0.76614,0.623209],[0.117252,-0.612111,0.782031]],[[0.973081,0.2278,-0.0349448],[-0.18305,0.856074,0.483353],[0.140023,-0.463945,0.874728]],[[0.973081,0.2278,-0.0349448],[-0.211935,0.944067,0.25263],[0.0905393,-0.238423,0.966932]],[[0.973081,0.2278,-0.0349448],[-0.225154,0.972029,0.0668306],[0.0491914,-0.0571636,0.997152]]],"btipPosition":[-19.682,284.205,-81.1682],"carpPosition":[-2.36046,213.918,51.6756],"dipPosition":[-18.8581,283.248,-64.468],"direction":[-0.0905393,0.238423,-0.966932],"extended":true,"handId":469,"id":4691,"length":57.6453,"mcpPosition":[-10.8161,258.061,-4.72102],"pipPosition":[-16.713,277.599,-41.5587],"stabilizedTipPosition":[-18.8912,281.46,-77.8667],"timeVisible":20.2189,"tipPosition":[-20.1021,285.126,-76.7789],"tipVelocity":[-42.6639,179.243,36.9375],"tool":false,"touchDistance":0.463253,"touchZone":"hovering","type":1,"width":18.9605},{"bases":[[[0.999739,-0.0221645,0.00551799],[0.013683,0.774593,0.632312],[-0.0182891,-0.632072,0.774694]],[[0.999901,-0.0126261,-0.00617028],[0.00597068,0.779153,-0.626806],[0.0127217,0.626707,0.779151]],[[0.999901,-0.0126261,-0.00617028],[-0.0121146,-0.551921,-0.833809],[0.00712224,0.833801,-0.552019]],[[0.999901,-0.0126261,-0.00617028],[-0.013939,-0.946923,-0.321158],[-0.00178781,0.321212,-0.947006]]],"btipPosition":[9.50269,202.346,-4.62361],"carpPosition":[9.01858,217.888,52.3386],"dipPosition":[9.46976,208.263,-22.068],"direction":[-0.00712224,-0.833801,0.552019],"extended":false,"handId":469,"id":4692,"length":65.6822,"mcpPosition":[10.2694,261.115,-0.642045],"pipPosition":[9.66829,231.504,-37.4552],"stabilizedTipPosition":[10.4311,200.925,-8.22902],"timeVisible":20.2189,"tipPosition":[9.49019,203.719,-8.34675],"tipVelocity":[-42.3673,128.192,-21.4274],"tool":false,"touchDistance":0.333333,"touchZone":"none","type":2,"width":18.6218},{"bases":[[[0.982256,-0.173266,0.0717783],[0.0844849,0.750486,0.655464],[-0.167438,-0.637769,0.751808]],[[0.98219,-0.173518,0.0720747],[0.176985,0.725617,-0.664949],[0.0630817,0.665862,0.743403]],[[0.98219,-0.173518,0.0720747],[-0.0495704,-0.609311,-0.791381],[0.181234,0.773713,-0.60706]],[[0.98219,-0.173518,0.0720747],[-0.147269,-0.949167,-0.278197],[0.116683,0.262628,-0.957816]]],"btipPosition":[21.4854,202.992,7.64535],"carpPosition":[21.0254,218.814,52.3398],"dipPosition":[23.6224,207.802,-9.89681],"direction":[-0.181234,-0.773713,0.60706],"extended":false,"handId":469,"id":4693,"length":63.1552,"mcpPosition":[31.3065,257.975,6.17729],"pipPosition":[28.5437,228.812,-26.3812],"stabilizedTipPosition":[23.0796,200.94,4.12872],"timeVisible":20.2189,"tipPosition":[21.9914,204.1,3.43002],"tipVelocity":[-38.954,118.251,-26.9895],"tool":false,"touchDistance":0.333333,"touchZone":"none","type":3,"width":17.7198},{"bases":[[[0.928723,-0.367521,0.0490145],[0.221106,0.655087,0.722477],[-0.297634,-0.660143,0.689656]],[[0.943833,-0.330253,0.0105986],[0.273469,0.762741,-0.586038],[0.185457,0.55602,0.810214]],[[0.943833,-0.330253,0.0105986],[-0.163101,-0.493545,-0.85429],[0.287363,0.804579,-0.519688]],[[0.943833,-0.330253,0.0105986],[-0.302048,-0.875343,-0.377546],[0.133963,0.353139,-0.92593]]],"btipPosition":[36.2221,209.928,8.24146],"carpPosition":[33.5057,213.07,49.9151],"dipPosition":[38.4856,215.895,-7.40319],"direction":[-0.287363,-0.804579,0.519688],"extended":false,"handId":469,"id":4694,"length":49.5125,"mcpPosition":[50.423,250.592,10.7156],"pipPosition":[43.995,231.32,-17.3668],"stabilizedTipPosition":[37.8139,208.088,5.30642],"timeVisible":20.2189,"tipPosition":[36.7143,211.26,4.78737],"tipVelocity":[-36.2942,116.374,-32.6743],"tool":false,"touchDistance":0.333333,"touchZone":"none","typ