{"sensorType":"Leap","data":[[0,{"currentFrameRate":55.0595,"devices":[],"gestures":[{"center":[-15.4671,328.113,-96.3908],"duration":36183,"handIds":[487],"id":13,"normal":[-0.100738,-0.0125162,0.994834],"pointableIds":[4871],"progress":1.03292,"radius":21.7442,"state":"update","type":"circle"}],"hands":[{"armBasis":[[0.997444,0.00534063,-0.071258],[0.0160541,0.954963,0.296292],[0.0696311,-0.296678,0.952436]],"armWidth":62.0842,"confidence":0.761922,"direction":[0.0894682,0.603321,-0.792464],"elbow":[60.9751,162.003,299.24],"grabStrength":0,"id":487,"palmNormal":[0.0155569,-0.796404,-0.604565],"palmPosition":[40.0337,268.75,3.84595],"palmVelocity":[-61.5556,35.9863,79.5484],"palmWidth":88.6541,"pinchStrength":0.232951,"r":[[0.77396,0.552039,0.310223],[-0.543836,0.83043,-0.120952],[-0.324389,-0.0750982,0.942938]],"s":1.37534,"sphereCenter":[5.82296,257.279,-33.404],"sphereRadius":52.9696,"stabilizedPalmPosition":[43.1994,266.289,-0.698212],"t":[49.2136,90.229,-118.741],"timeVisible":11.9218,"type":"right","wrist":[42.6573,240.049,48.684]}],"id":1693142,"interactionBox":{"center":[0,200,0],"size":[235.247,235.247,147.751]},"pointables":[{"bases":[[[0.404278,0.813248,0.418553],[-0.843342,0.154317,0.514743],[0.354024,-0.561082,0.748234]],[[0.344514,0.890392,0.297509],[-0.837148,0.147965,0.526582],[0.424844,-0.430474,0.796366]],[[0.344514,0.890392,0.297509],[-0.909099,0.395485,-0.130885],[-0.234199,-0.225373,0.945705]],[[0.344514,0.890392,0.297509],[-0.92297,0.379171,-0.0659987],[-0.171572,-0.251854,0.952435]]],"btipPosition":[5.89097,264.984,-49.1423],"carpPosition":[14.8613,230.817,42.7247],"dipPosition":[1.97866,259.241,-27.4242],"direction":[0.234199,0.225373,-0.945705],"extended":false,"handId":487,"id":4870,"length":50.7785,"mcpPosition":[14.8613,230.817,42.7247],"pipPosition":[-5.8015,251.754,3.99246],"stabilizedTipPosition":[8.64585,261.591,-47.7788],"timeVisible":11.9218,"tipPosition":[5.08669,263.527,-44.0007],"tipVelocity":[-91.632,46.9509,90.5383],"tool":false,"touchDistance":0.472827,"touchZone":"hovering","type":0,"width":19.7302},{"bases":[[[0.996752,0.0601306,-0.0535623],[-0.0271051,0.876859,0.479982],[0.0758282,-0.476972,0.875642]],[[0.951317,0.170099,-0.257025],[-0.0116218,0.853123,0.521581],[0.307994,-0.493202,0.813567]],[[0.951317,0.170099,-0.257025],[-0.0697721,0.931122,0.357971],[0.300212,-0.322611,0.897661]],[[0.951317,0.170099,-0.257025],[-0.115332,0.969794,0.214937],[0.285822,-0.17483,0.9422]]],"btipPosition":[-6.83247,317.295,-87.0328],"carpPosition":[23.3235,251.952,46.6141],"dipPosition":[-2.0744,314.384,-71.3481],"direction":[-0.300212,0.322611,-0.897661],"extended":true,"handId":487,"id":4871,"length":57.2978,"mcpPosition":[17.8881,286.142,-16.1527],"pipPosition":[4.99557,306.787,-50.2082],"stabilizedTipPosition":[-3.33515,315.523,-85.8937],"timeVisible":11.9218,"tipPosition":[-5.66411,316.984,-83.2635],"tipVelocity":[-105.222,52.2444,114.495],"tool":false,"touchDistance":-0.0567792,"touchZone":"touching","type":1,"width":18.8462},{"bases":[[[0.987751,-0.155233,-0.0158027],[0.143469,0.863717,0.483125],[-0.0613479,-0.479475,0.875409]],[[0.989118,-0.141225,-0.0412522],[0.063783,0.664275,-0.744762],[0.132581,0.734026,0.666054]],[[0.989118,-0.141225,-0.0412522],[-0.122527,-0.635482,-0.762332],[0.081445,0.759091,-0.64587]],[[0.989118,-0.141225,-0.0412522],[-0.146878,-0.964127,-0.221103],[-0.00854721,0.224756,-0.974378]]],"btipPosition":[30.9084,227.368,-8.78045],"carpPosition":[35.0646,254.394,46.2719],"dipPosition":[30.7519,231.483,-26.6209],"direction":[-0.081445,-0.759091,0.64587],"extended":false,"handId":487,"id":4872,"length":65.2863,"mcpPosition":[39.2349,286.987,-13.2357],"pipPosition":[33.0084,252.515,-44.5156],"stabilizedTipPosition":[33.4866,226.387,-15.5689],"timeVisible":11.9218,"tipPosition":[30.8421,228.261,-12.9069],"tipVelocity":[-65.5189,42.0643,66.0513],"tool":false,"touchDistance":0.333333,"touchZone":"none","type":2,"width":18.5095},{"bases":[[[0.954313,-0.288766,0.0768184],[0.211644,0.834694,0.508421],[-0.210934,-0.468935,0.857675]],[[0.949128,-0.299635,0.0968206],[0.262751,0.584152,-0.767938],[0.173543,0.754311,0.633165]],[[0.949128,-0.299635,0.0968206],[-0.136489,-0.668562,-0.731024],[0.283771,0.680621,-0.675448]],[[0.949128,-0.299635,0.0968206],[-0.275868,-0.939485,-0.203138],[0.151829,0.166094,-0.974351]]],"btipPosition":[41.9004,228.074,1.86723],"carpPosition":[47.0046,253.686,45.8078],"dipPosition":[44.6643,231.098,-15.8702],"direction":[-0.283771,-0.68062,0.675448],"extended":false,"handId":487,"id":4873,"length":62.7745,"mcpPosition":[59.8783,282.306,-6.53781],"pipPosition":[52.3236,249.469,-34.1011],"stabilizedTipPosition":[44.9782,226.759,-4.76637],"timeVisible":11.9218,"tipPosition":[42.5369,228.713,-2.25538],"tipVelocity":[-58.5603,38.613,55.861],"tool":false,"touchDistance":0.333333,"touchZone":"none","type":3,"width":17.613},{"bases":[[[0.87531,-0.475019,0.0904998],[0.338026,0.734889,0.587943],[-0.345791,-0.484041,0.803824]],[[0.836164,-0.521221,0.170756],[0.474314,0.530831,-0.702314],[0.275418,0.668242,0.691084]],[[0.836164,-0.521221,0.170756],[-0.207233,-0.588478,-0.781504],[0.507823,0.618079,-0.600078]],[[0.836164,-0.521221,0.170756],[-0.461423,-0.836791,-0.294737],[0.29651,0.167657,-0.940198]]],"btipPosition":[53.835,235.758,2.1484],"carpPosition":[58.4446,246.027,44.1451],"dipPosition":[58.8147,238.573,-13.6416],"direction":[-0.507823,-0.618079,0.600078],"extended":false,"handId":487,"id":4874,"length":49.214,"mcpPosition":[77.9807,273.374,-1.2682],"pipPosition":[68.4921,250.352,-25.0771],"stabilizedTipPosition":[57.4815,234.27,-4.14704],"timeVisible":11.9218,"tipPosition":[55.0994,236.319,-1.83626],"tipVelocity":[-60.293,39.798,58.8018],"tool":false,"touchDistance":0.333333,"touchZone":"none","type":4,"width":15.6452}],"r":[[0.77396,0.552039,0.310223],[-0.543836,0.83043,-0.120952],[-0.324389,-0.0750982,0.942938]],"s":1.37534,"t":[49.2136,90.229,-118.741],"timestamp":93624626842},false],[1,{"currentFrameRate":55.0845,"devices":[],"gestures":[{"center":[-15.4671,328.113,-96.3908],"duration":36183,"handIds":[487],"id":13,"normal":[-0.100738,-0.0125162,0.994834],"pointableIds":[4871],"progress":1.03292,"radius":21.7442,"state":"update","type":"circle"}],"hands":[{"armBasis":[[0.997173,0.0079627,-0.0747169],[0.0147742,0.954181,0.298866],[0.0736732,-0.299125,0.951366]],"armWidth":62.0842,"confidence":0.76741,"direction":[0.0813735,0.60757,-0.790087],"elbow":[61.1747,161.519,299.678],"grabStrength":0,"id":487,"palmNormal":[0.0141515,-0.79334,-0.608614],"palmPosition":[38.7328,269.121,4.72902],"palmVelocity":[-66.5188,28.6437,64.979],"palmWidth":88.6541,"pinchStrength":0.233968,"r":[[0.774653,0.552021,0.308521],[-0.546274,0.829909,-0.113296],[-0.318586,-0.0807717,0.944446]],"s":1.37422,"sphereCenter":[4.60403,257.553,-32.3944],"sphereRadius":52.7831,"stabilizedPalmPosition":[42.7287,266.588,-0.126339],"t":[47.9929,90.7356,-117.577],"timeVisible":11.9399,"type":"right","wrist":[41.7936,240.209,49.4035]}],"id":1693143,"interactionBox":{"center":[0,200,0],"size":[235.247,235.247,147.751]},"pointables":[{"bases":[[[0.404244,0.812712,0.419626],[-0.84013,0.148539,0.521649],[0.361619,-0.563414,0.74283]],[[0.341575,0.891985,0.296123],[-0.835056,0.143447,0.531136],[0.431287,-0.428702,0.793855]],[[0.341575,0.891985,0.296123],[-0.91162,0.391086,-0.126491],[-0.228638,-0.226746,0.946737]],[[0.341575,0.891985,0.296123],[-0.927829,0.37027,-0.0450894],[-0.149865,-0.259351,0.954085]]],"btipPosition":[4.02646,265.197,-48.2153],"carpPosition":[13.9898,230.9,43.6015],"dipPosition":[0.609128,259.283,-26.4595],"direction":[0.228638,0.226746,-0.946737],"extended":false,"handId":487,"id":4870,"length":50.7785,"mcpPosition":[13.9898,230.9,43.6015],"pipPosition":[-6.9863,251.751,4.99143],"stabilizedTipPosition":[7.50702,262.064,-46.8165],"timeVisible":11.9399,"tipPosition":[3.37573,263.826,-43.001],"tipVelocity":[-94.1338,29.2245,72.1326],"tool":false,"touchDistance":0.472914,"touchZone":"hovering","type":0,"width":19.7302},{"bases":[[[0.996098,0.0642123,-0.0605407],[-0.0269169,0.874366,0.48452],[0.0840469,-0.481,0.872683]],[[0.949213,0.174354,-0.261907],[-0.0122668,0.852293,0.522921],[0.314395,-0.493151,0.811146]],[[0.949213,0.174354,-0.261907],[-0.0728227,0.93156,0.356221],[0.306091,-0.319057,0.896945]],[[0.949213,0.174354,-0.261907],[-0.12013,0.970188,0.210485],[0.290798,-0.168332,0.94186]]],"btipPosition":[-8.83424,317.485,-85.777],"carpPosition":[22.4001,252.048,47.534],"dipPosition":[-3.99333,314.683,-70.0978],"direction":[-0.306091,0.319057,-0.896945],"extended":true,"handId":487,"id":4871,"length":57.2978,"mcpPosition":[16.3755,286.526,-15.0207],"pipPosition":[3.21508,307.169,-48.9749],"stabilizedTipPosition":[-5.12694,316.061,-84.3727],"timeVisible":11.9399,"tipPosition":[-7.7036,317.312,-81.9441],"tipVelocity":[-107.369,33.0917,93.0928],"tool":false,"touchDistance":-0.0358697,"touchZone":"touching","type":1,"width":18.8462},{"bases":[[[0.988191,-0.151368,-0.0237874],[0.143725,0.861861,0.486352],[-0.0531167,-0.484027,0.873439]],[[0.989318,-0.137232,-0.0491716],[0.0558316,0.668291,-0.741801],[0.13466,0.731132,0.668814]],[[0.989318,-0.137232,-0.0491716],[-0.125685,-0.6321,-0.764626],[0.0738495,0.762638,-0.642596]],[[0.989318,-0.137232,-0.0491716],[-0.144835,-0.963573,-0.224831],[-0.0165265,0.229551,-0.973156]]],"btipPosition":[29.6722,227.77,-8.04294],"carpPosition":[34.129,254.536,47.1183],"dipPosition":[29.3696,231.973,-25.861],"direction":[-0.0738495,-0.762638,0.642596],"extended":false,"handId":487,"id":4872,"length":65.2863,"mcpPosition":[37.7397,287.439,-12.2555],"pipPosition":[31.4157,253.103,-43.665],"stabilizedTipPosition":[32.7491,226.833,-14.9181],"timeVisible":11.9399,"tipPosition":[29.5728,228.683,-12.1613],"tipVelocity":[-67.7817,33.1761,54.2013],"tool":false,"touchDistance":0.333333,"touchZone":"none","type":2,"width":18.5095},{"bases":[[[0.955939,-0.285484,0.0684105],[0.212193,0.832976,0.511005],[-0.202868,-0.473973,0.856851]],[[0.951206,-0.295922,0.0873903],[0.255933,0.598474,-0.759162],[0.172352,0.744486,0.645008]],[[0.951206,-0.295922,0.0873903],[-0.1364,-0.657318,-0.741167],[0.276771,0.693082,-0.665609]],[[0.951206,-0.295922,0.0873903],[-0.272438,-0.93844,-0.212385],[0.14486,0.178214,-0.97327]]],"btipPosition":[40.839,228.443,1.87234],"carpPosition":[46.0679,253.876,46.5634],"dipPosition":[43.4761,231.687,-15.8454],"direction":[-0.276771,-0.693082,0.665609],"extended":false,"handId":487,"id":4873,"length":62.7745,"mcpPosition":[58.4493,282.804,-5.73188],"pipPosition":[50.9464,250.394,-33.8108],"stabilizedTipPosition":[44.2658,227.249,-4.24941],"timeVisible":11.9399,"tipPosition":[41.41,229.148,-2.00105],"tipVelocity":[-59.4169,31.2997,29.5789],"tool":false,"touchDistance":0.333333,"touchZone":"none","type":3,"width":17.613},{"bases":[[[0.877745,-0.472104,0.0817424],[0.339531,0.733263,0.589104],[-0.338057,-0.489329,0.803912]],[[0.83942,-0.518794,0.161947],[0.467048,0.536217,-0.703092],[0.277921,0.665826,0.692413]],[[0.83942,-0.518794,0.161947],[-0.210804,-0.585451,-0.782821],[0.500935,0.622976,-0.600804]],[[0.83942,-0.518794,0.161947],[-0.460416,-0.837145,-0.295304],[0.288775,0.173321,-0.941578]]],"btipPosition":[52.6528,236.194,2.76875],"carpPosition":[57.5244,246.27,44.7792],"dipPosition":[57.5025,239.105,-13.0444],"direction":[-0.500935,-0.622976,0.600803],"extended":false,"handId":487,"id":4874,"length":49.214,"mcpPosition":[76.6235,273.915,-0.63908],"pipPosition":[67.0487,250.977,-24.4937],"stabilizedTipPosition":[56.8092,234.74,-3.55345],"timeVisible":11.9399,"tipPosition":[53.8815,236.779,-1.21911],"tipVelocity":[-63.5216,32.9379,47.0399],"tool":false,"touchDistance":0.333333,"touchZone":"none","type":4,"width":15.6452}],"r":[[0.774653,0.552021,0.308521],[-0.546274,0.829909,-0.113296],[-0.318586,-0.0807717,0.944446]],"s":1.37422,"t":[47.9929,90.7356,-117.577],"timestamp":93624644909},false],[2,{"currentFrameRate":55.1029,"devices":[],"gestures":[{"center":[-15.4671,328.113,-96.3908],"duration":36183,"handIds":[487],"id":13,"normal":[-0.100738,-0.0125162,0.994834],"pointableIds":[4871],"progress":1.03292,"radius":21.7442,"state":"update","type":"circle"}],"hands":[{"armBasis":[[0.996391,0.0112002,-0.0841341],[0.0143182,0.954868,0.296684],[0.0836599,-0.296818,0.951262]],"armWidth":62.0842,"confidence":0.786581,"direction":[0.0748204,0.609198,-0.78948],"elbow":[62.9437,162.227,300.647],"grabStrength":0,"id":487,"palmNormal":[0.0125473,-0.792212,-0.610117],"palmPosition":[37.5192,269.294,5.79674],"palmVelocity":[-66.8003,19.5714,62.157],"palmWidth":88.6541,"pinchStrength":0.235376,"r":[[0.775276,0.55233,0.306395],[-0.548779,0.829196,-0.106187],[-0.312712,-0.0858185,0.945963]],"s":1.37247,"sphereCenter":[3.58762,257.464,-31.2588],"sphereRadius":52.5571,"stabilizedPalmPosition":[42.2176,266.853,0.454781],"t":[46.7758,91.0754,-116.462],"timeVisible":11.9579,"type":"right","wrist":[40.9354,240.311,50.3993]}],"id":1693144,"interactionBox":{"center":[0,200,0],"size":[235.247,235.247,147.751]},"pointables":[{"bases":[[[0.404615,0.813067,0.418579],[-0.837286,0.145306,0.527104],[0.367749,-0.563745,0.739562]],[[0.339925,0.893425,0.29367],[-0.832799,0.14089,0.535346],[0.436917,-0.426546,0.791936]],[[0.339925,0.893425,0.29367],[-0.913549,0.387845,-0.122491],[-0.223335,-0.226644,0.948026]],[[0.339925,0.893425,0.29367],[-0.930768,0.364299,-0.0309273],[-0.134615,-0.262826,0.955406]]],"btipPosition":[2.36073,265.204,-47.0437],"carpPosition":[13.1218,230.936,44.7527],"dipPosition":[-0.708871,259.211,-25.2577],"direction":[0.223335,0.226644,-0.948026],"extended":false,"handId":487,"id":4870,"length":50.7785,"mcpPosition":[13.1218,230.936,44.7527],"pipPosition":[-8.12813,251.682,6.23601],"stabilizedTipPosition":[6.34028,262.415,-45.8629],"timeVisible":11.9579,"tipPosition":[1.81677,263.881,-41.7951],"tipVelocity":[-91.0699,15.0361,68.8232],"tool":false,"touchDistance":0.476634,"touchZone":"hovering","type":0,"width":19.7302},{"bases":[[[0.995525,0.0670496,-0.0665878],[-0.026302,0.873423,0.486251],[0.0907623,-0.482324,0.871278]],[[0.947539,0.176787,-0.266299],[-0.0128543,0.853526,0.520891],[0.31938,-0.490142,0.811022]],[[0.947539,0.176787,-0.266299],[-0.0757099,0.933549,0.350364],[0.310543,-0.311822,0.897959]],[[0.947539,0.176787,-0.266299],[-0.124648,0.971535,0.201452],[0.294333,-0.15769,0.942604]]],"btipPosition":[-10.5895,317.159,-84.5702],"carpPosition":[21.4985,252.1,48.6712],"dipPosition":[-5.68978,314.534,-68.8787],"direction":[-0.310543,0.311822,-0.897959],"extended":true,"handId":487,"id":4871,"length":57.2978,"mcpPosition":[14.9926,286.673,-13.7829],"pipPosition":[1.62347,307.19,-47.7319],"stabilizedTipPosition":[-6.92916,316.266,-82.9546],"timeVisible":11.9579,"tipPosition":[-9.49611,317.148,-80.6675],"tipVelocity":[-102.115,9.84315,80.6363],"tool":false,"touchDistance":-0.0157098,"touchZone":"touching","type":1,"width":18.8462},{"bases":[[[0.988434,-0.148617,-0.0301745],[0.144381,0.861383,0.487004],[-0.0463852,-0.485728,0.872878]],[[0.989365,-0.134442,-0.0555222],[0.0495929,0.670622,-0.74014],[0.13674,0.729515,0.670157]],[[0.989365,-0.134442,-0.0555222],[-0.12862,-0.630344,-0.765587],[0.0679289,0.764586,-0.640932]],[[0.989365,-0.134442,-0.0555222],[-0.14361,-0.963466,-0.226075],[-0.0230998,0.231644,-0.972526]]],"btipPosition":[28.4901,227.954,-7.05642],"carpPosition":[33.2178,254.621,48.1873],"dipPosition":[28.0671,232.195,-24.863],"direction":[-0.0679289,-0.764586,0.640932],"extended":false,"handId":487,"id":4872,"length":65.2863,"mcpPosition":[36.3709,287.639,-11.1483],"pipPosition":[29.9492,253.379,-42.6209],"stabilizedTipPosition":[32.0063,227.19,-14.2759],"timeVisible":11.9579,"tipPosition":[28.3649,228.872,-11.1468],"tipVelocity":[-67.3619,22.4735,54.4377],"tool":false,"touchDistance":0.333333,"touchZone":"none","type":2,"width":18.5095},{"bases":[[[0.95712,-0.282985,0.0619797],[0.213079,0.832641,0.511181],[-0.196263,-0.476055,0.857236]],[[0.952777,-0.292941,0.0800066],[0.251651,0.614209,-0.747943],[0.169962,0.732757,0.658924]],[[0.952777,-0.292941,0.0800066],[-0.134692,-0.643801,-0.753245],[0.272165,0.706899,-0.652856]],[[0.952777,-0.292941,0.0800066],[-0.269333,-0.936885,-0.222951],[0.140268,0.190874,-0.971541]]],"btipPosition":[39.8347,228.596,1.86142],"carpPosition":[45.1547,253.995,47.5574],"dipPosition":[42.3882,232.071,-15.8249],"direction":[-0.272165,-0.706899,0.652856],"extended":false,"handId":487,"id":4873,"length":62.7745,"mcpPosition":[57.1331,283.049,-4.76132],"pipPosition":[49.7342,251.15,-33.446],"stabilizedTipPosition":[43.3964,227.734,-3.78733],"timeVisible":11.9579,"tipPosition":[40.3525,229.374,-1.68512],"tipVelocity":[-58.0763,21.8278,15.4221],"tool":false,"touchDistance":0.333333,"touchZone":"none","type":3,"width":17.613},{"bases":[[[0.87952,-0.469842,0.0754593],[0.34117,0.733139,0.588311],[-0.331735,-0.491687,0.805106]],[[0.841949,-0.516643,0.155569],[0.461381,0.539903,-0.704011],[0.27973,0.664519,0.69294]],[[0.841949,-0.516643,0.155569],[-0.21368,-0.58403,-0.783103],[0.495442,0.626091,-0.60212]],[[0.841949,-0.516643,0.155569],[-0.459846,-0.837918,-0.293998],[0.282246,0.175994,-0.943061]]],"btipPosition":[51.5439,236.421,3.64255],"carpPosition":[56.6207,246.423,45.6887],"dipPosition":[56.2841,239.377,-12.1955],"direction":[-0.495441,-0.626091,0.60212],"extended":false,"handId":487,"id":4874,"length":49.214,"mcpPosition":[75.3627,274.202,0.20291],"pipPosition":[65.7255,251.308,-23.6699],"stabilizedTipPosition":[56.1099,235.135,-2.9583],"timeVisible":11.9579,"tipPosition":[52.7316,237.016,-0.320884],"tipVelocity":[-63.1355,23.5201,47.4973],"tool":false,"touchDistance":0.333333,"touchZone":"none","type":4,"width":15.6452}],"r":[[0.775276,0.55233,0.306395],[-0.548779,0.829196,-0.106187],[-0.312712,-0.0858185,0.945963]],"s":1.37247,"t":[46.7758,91.0754,-116.462],"timestamp":93624662993},false],[3,{"currentFrameRate":55.1767,"devices":[],"gestures":[{"center":[-15.4671,328.113,-96.3908],"duration":36183,"handIds":[487],"id":13,"normal":[-0.100738,-0.0125162,0.994834],"pointableIds":[4871],"progress":1.03292,"radius":21.7442,"state":"update","type":"circle"}],"hands":[{"armBasis":[[0.99601,0.012863,-0.0883069],[0.0135775,0.956193,0.292422],[0.0881998,-0.292454,0.952203]],"armWidth":62.0842,"confidence":0.8056,"direction":[0.069847,0.609619,-0.789611],"elbow":[63.4999,163.64,301.393],"grabStrength":0,"id":487,"palmNormal":[0.0118378,-0.791995,-0.610413],"palmPosition":[36.6136,269.564,6.32021],"palmVelocity":[-59.2024,17.4593,46.6704],"palmWidth":88.6541,"pinchStrength":0.243119,"r":[[0.775757,0.552953,0.304047],[-0.551251,0.82833,-0.0999575],[-0.307123,-0.0900631,0.947399]],"s":1.3699,"sphereCenter":[2.98406,257.367,-30.759],"sphereRadius":52.3094,"stabilizedPalmPosition":[41.6701,267.118,1.02785],"t":[45.7145,91.38,-115.642],"timeVisible":11.9758,"type":"right","wrist":[40.2973,240.576,50.8983]}],"id":1693145,"interactionBox":{"center":[0,200,0],"size":[235.247,235.247,147.751]},"pointables":[{"bases":[[[0.404428,0.813943,0.417055],[-0.835325,0.143069,0.530814],[0.372385,-0.563052,0.737768]],[[0.338189,0.894963,0.290981],[-0.831229,0.139104,0.538246],[0.441234,-0.423901,0.790962]],[[0.338189,0.894963,0.290981],[-0.915014,0.384975,-0.120594],[-0.219947,-0.225468,0.949098]],[[0.338189,0.894963,0.290981],[-0.933009,0.359264,-0.0205989],[-0.122974,-0.264521,0.956507]]],"btipPosition":[1.13353,265.273,-46.4389],"carpPosition":[12.4826,231.134,45.3708],"dipPosition":[-1.67063,259.241,-24.6279],"direction":[0.219947,0.225468,-0.949098],"extended":false,"handId":487,"id":4870,"length":50.7785,"mcpPosition":[12.4826,231.134,45.3708],"pipPosition":[-8.97735,251.751,6.90144],"stabilizedTipPosition":[5.20574,262.7,-45.0019],"timeVisible":11.9758,"tipPosition":[0.667111,263.99,-41.1695],"tipVelocity":[-78.9083,9.51984,52.4905],"tool":false,"touchDistance":0.471461,"touchZone":"hovering","type":0,"width":19.7302},{"bases":[[[0.995054,0.0695406,-0.0709299],[-0.0263368,0.873209,0.486634],[0.0957774,-0.482359,0.870722]],[[0.946344,0.178625,-0.269306],[-0.0145127,0.856001,0.51677],[0.322834,-0.485134,0.812664]],[[0.946344,0.178625,-0.269306],[-0.0794764,0.936401,0.341814],[0.313234,-0.30207,0.900354]],[[0.946344,0.178625,-0.269306],[-0.129825,0.973288,0.189355],[0.295935,-0.144232,0.944256]]],"btipPosition":[-11.8584,316.715,-84.0951],"carpPosition":[20.8238,252.317,49.2591],"dipPosition":[-6.93193,314.314,-68.376],"direction":[-0.313234,0.30207,-0.900354],"extended":true,"handId":487,"id":4871,"length":57.2978,"mcpPosition":[13.9584,286.893,-13.1551],"pipPosition":[0.444712,307.2,-47.1728],"stabilizedTipPosition":[-8.64577,316.219,-81.8354],"timeVisible":11.9758,"tipPosition":[-10.8032,316.889,-80.1178],"tipVelocity":[-87.294,-5.14177,55.3334],"tool":false,"touchDistance":-0.00768491,"touchZone":"touching","type":1,"width":18.8462},{"bases":[[[0.988658,-0.146154,-0.034553],[0.144377,0.861593,0.486635],[-0.0413529,-0.486104,0.872922]],[[0.989439,-0.132094,-0.0596785],[0.0459604,0.676382,-0.735116],[0.13747,0.72461,0.67531]],[[0.989439,-0.132094,-0.0596785],[-0.129884,-0.625196,-0.769585],[0.0643465,0.769209,-0.63575]],[[0.989439,-0.132094,-0.0596785],[-0.142381,-0.962867,-0.229381],[-0.0271627,0.235456,-0.971505]]],"btipPosition":[27.6042,228.258,-6.92629],"carpPosition":[32.5346,254.867,48.7247],"dipPosition":[27.1068,232.569,-24.7141],"direction":[-0.0643465,-0.769209,0.63575],"extended":false,"handId":487,"id":4872,"length":65.2863,"mcpPosition":[35.3456,287.911,-10.6139],"pipPosition":[28.8896,253.881,-42.3285],"stabilizedTipPosition":[31.219,227.549,-13.7079],"timeVisible":11.9758,"tipPosition":[27.4745,229.178,-10.8567],"tipVelocity":[-59.4334,20.332,32.3278],"tool":false,"touchDistance":0.333333,"touchZone":"none","type":2,"width":18.5095},{"bases":[[[0.958081,-0.280627,0.0576957],[0.213252,0.833014,0.510501],[-0.191322,-0.476798,0.857939]],[[0.954057,-0.29012,0.0748666],[0.248971,0.628607,-0.736795],[0.166697,0.721584,0.671959]],[[0.954057,-0.29012,0.0748666],[-0.131816,-0.630802,-0.764665],[0.269071,0.719666,-0.640064]],[[0.954057,-0.29012,0.0748666],[-0.266129,-0.935322,-0.233126],[0.137659,0.202491,-0.96956]]],"btipPosition":[39.1217,228.848,1.35453],"carpPosition":[44.4702,254.271,48.0423],"dipPosition":[41.6277,232.534,-16.2957],"direction":[-0.269071,-0.719666,0.640064],"extended":false,"handId":487,"id":4873,"length":62.7745,"mcpPosition":[56.1469,283.371,-4.31943],"pipPosition":[48.8901,251.958,-33.5716],"stabilizedTipPosition":[42.4859,228.217,-3.52085],"timeVisible":11.9758,"tipPosition":[39.6033,229.688,-1.91094],"tipVelocity":[-49.8006,19.4636,-4.997],"tool":false,"touchDistance":0.333333,"touchZone":"none","type":3,"width":17.613},{"bases":[[[0.881005,-0.46768,0.071457],[0.341926,0.733807,0.587038],[-0.326982,-0.492751,0.806399]],[[0.844158,-0.514323,0.151224],[0.457606,0.544354,-0.703047],[0.279274,0.662684,0.694879]],[[0.844158,-0.514323,0.151224],[-0.214305,-0.582316,-0.784207],[0.491396,0.629587,-0.601789]],[[0.844158,-0.514323,0.151224],[-0.458604,-0.838898,-0.293144],[0.277632,0.178108,-0.944033]]],"btipPosition":[50.7715,236.747,3.94498],"carpPosition":[55.9466,246.728,46.1209],"dipPosition":[55.4342,239.739,-11.9094],"direction":[-0.491396,-0.629587,0.601789],"extended":false,"handId":487,"id":4874,"length":49.214,"mcpPosition":[74.42,274.567,0.562089],"pipPosition":[64.7986,251.736,-23.3775],"stabilizedTipPosition":[55.4079,235.514,-2.42236],"timeVisible":11.9758,"tipPosition":[51.9121,237.347,0.0533686],"tipVelocity":[-54.224,21.2575,32.9903],"tool":false,"touchDistance":0.333333,"touchZone":"none","type":4,"width":15.6452}],"r":[[0.775757,0.552953,0.304047],[-0.551251,0.82833,-0.0999575],[-0.307123,-0.0900631,0.947399]],"s":1.3699,"t":[45.7145,91.38,-115.642],"timestamp":93624680861},false],[4,{"currentFrameRate":55.1782,"devices":[],"gestures":[{"center":[-15.4671,328.113,-96.3908],"duration":36183,"handIds":[487],"id":13,"normal":[-0.100738,-0.0125162,0.994834],"pointableIds":[4871],"progress":1.03292,"radius":21.7442,"state":"update","type":"circle"}],"hands":[{"armBasis":[[0.995785,0.0186868,-0.0897958],[0.00843024,0.956234,0.292482],[0.0913313,-0.292006,0.952046]],"armWidth":62.0842,"confidence":0.823478,"direction":[0.0662519,0.611482,-0.78848],"elbow":[63.6354,163.642,302.02],"grabStrength":0,"id":487,"palmNormal":[0.0161144,-0.790768,-0.611903],"palmPosition":[35.7528,269.511,7.0437],"palmVelocity":[-53.6387,7.75138,43.463],"palmWidth":88.6541,"pinchStrength":0.2591,"r":[[0.775525,0.554211,0.302341],[-0.55413,0.827034,-0.0946289],[-0.302491,-0.0941489,0.948491]],"s":1.36685,"sphereCenter":[2.52225,256.949,-30.1958],"sphereRadius":52.112,"stabilizedPalmPosition":[41.1101,267.344,1.59718],"t":[44.7534,91.5058,-114.871],"timeVisible":11.9939,"type":"right","wrist":[39.609,240.46,51.5664]}],"id":1693146,"interactionBox":{"center":[0,200,0],"size":[235.247,235.247,147.751]},"pointables":[{"bases":[[[0.399976,0.815404,0.418492],[-0.835983,0.137403,0.531274],[0.375701,-0.562349,0.736622]],[[0.332181,0.897325,0.290627],[-0.83248,0.13406,0.537593],[0.443434,-0.420519,0.791537]],[[0.332181,0.897325,0.290627],[-0.917262,0.379107,-0.122099],[-0.219741,-0.226022,0.949014]],[[0.332181,0.897325,0.290627],[-0.93624,0.351086,-0.0138924],[-0.114501,-0.267481,0.956736]]],"btipPosition":[0.189953,264.933,-45.8126],"carpPosition":[11.8461,230.873,46.0275],"dipPosition":[-2.42099,258.834,-23.9964],"direction":[0.219741,0.226022,-0.949014],"extended":false,"handId":487,"id":4870,"length":50.7785,"mcpPosition":[11.8461,230.873,46.0275],"pipPosition":[-9.72084,251.326,7.5302],"stabilizedTipPosition":[4.15308,262.856,-44.2134],"timeVisible":11.9939,"tipPosition":[-0.221006,263.701,-40.5194],"tipVelocity":[-64.9708,-4.33262,43.9918],"tool":false,"touchDistance":0.467061,"touchZone":"hovering","type":0,"width":19.7302},{"bases":[[[0.994633,0.0752303,-0.0710273],[-0.0310964,0.872133,0.48828],[0.0986787,-0.483451,0.869792]],[[0.945632,0.183904,-0.268253],[-0.0209716,0.857549,0.513974],[0.324562,-0.480405,0.814783]],[[0.945632,0.183904,-0.268253],[-0.0874775,0.93821,0.334829],[0.313254,-0.293158,0.903289]],[[0.945632,0.183904,-0.268253],[-0.138642,0.974027,0.179022],[0.294209,-0.132098,0.946568]]],"btipPosition":[-12.8644,315.962,-83.53],"carpPosition":[20.0698,252.095,49.9537],"dipPosition":[-7.96667,313.762,-67.7725],"direction":[-0.313254,0.293158,-0.903288],"extended":true,"handId":487,"id":4871,"length":57.2978,"mcpPosition":[12.9964,286.749,-12.3938],"pipPosition":[-0.589575,306.859,-46.5002],"stabilizedTipPosition":[-10.1997,315.836,-80.8657],"timeVisible":11.9939,"tipPosition":[-11.8544,316.292,-79.4891],"tipVelocity":[-72.3463,-21.2634,44.0724],"tool":false,"touchDistance":0.0518798,"touchZone":"hovering","type":1,"width":18.8462},{"bases":[[[0.989451,-0.140564,-0.0350545],[0.13968,0.86147,0.48822],[-0.038428,-0.487967,0.872016]],[[0.990145,-0.12655,-0.0599817],[0.0442676,0.689161,-0.723255],[0.132865,0.713472,0.687971]],[[0.990145,-0.12655,-0.0599817],[-0.125588,-0.612838,-0.780165],[0.0619709,0.78001,-0.622692]],[[0.990145,-0.12655,-0.0599817],[-0.13736,-0.961045,-0.239843],[-0.0272929,0.245719,-0.968957]]],"btipPosition":[26.9212,228.265,-7.17109],"carpPosition":[31.766,254.712,49.4214],"dipPosition":[26.4215,232.764,-24.9123],"direction":[-0.0619709,-0.78001,0.622692],"extended":false,"handId":487,"id":4872,"length":65.2863,"mcpPosition":[34.3783,287.882,-9.8556],"pipPosition":[28.1385,254.375,-42.1648],"stabilizedTipPosition":[30.3293,227.902,-13.2126],"timeVisible":11.9939,"tipPosition":[26.8117,229.21,-10.7947],"tipVelocity":[-49.0995,11.9764,10.7913],"tool":false,"touchDistance":0.333333,"touchZone":"none","type":2,"width":18.5095},{"bases":[[[0.959647,-0.275379,0.0569482],[0.208719,0.833231,0.512018],[-0.18845,-0.47947,0.857085]],[[0.955776,-0.284709,0.0737092],[0.245538,0.63455,-0.732842],[0.161874,0.718531,0.676395]],[[0.955776,-0.284709,0.0737092],[-0.127569,-0.627175,-0.76836],[0.264988,0.724977,-0.635759]],[[0.955776,-0.284709,0.0737092],[-0.260518,-0.935925,-0.237011],[0.136465,0.207326,-0.968707]]],"btipPosition":[38.5227,228.825,1.77467],"carpPosition":[43.7046,254.183,48.7351],"dipPosition":[41.007,232.599,-15.86],"direction":[-0.264988,-0.724977,0.635759],"extended":false,"handId":487,"id":4873,"length":62.7745,"mcpPosition":[55.2061,283.446,-3.57445],"pipPosition":[48.1593,252.167,-33.0197],"stabilizedTipPosition":[41.6174,228.595,-3.20346],"timeVisible":11.9939,"tipPosition":[38.9941,229.681,-1.47018],"tipVelocity":[-41.963,10.1315,8.51288],"tool":false,"touchDistance":0.333333,"touchZone":"none","type":3,"width":17.613},{"bases":[[[0.88362,-0.462885,0.0703755],[0.337963,0.734601,0.588338],[-0.324031,-0.496083,0.805546]],[[0.847296,-0.509618,0.149593],[0.456193,0.554067,-0.696346],[0.271986,0.658254,0.701944]],[[0.847296,-0.509618,0.149593],[-0.208155,-0.577749,-0.789226],[0.488631,0.637569,-0.595605]],[[0.847296,-0.509618,0.149593],[-0.45308,-0.840506,-0.2971],[0.277141,0.183955,-0.943055]]],"btipPosition":[50.1928,236.818,4.29154],"carpPosition":[55.2225,246.708,46.797],"dipPosition":[54.8472,239.908,-11.5464],"direction":[-0.488631,-0.637569,0.595605],"extended":false,"handId":487,"id":4874,"length":49.214,"mcpPosition":[73.5292,274.736,1.28632],"pipPosition":[64.1589,252.058,-22.8967],"stabilizedTipPosition":[54.7427,235.837,-1.92942],"timeVisible":11.9939,"tipPosition":[51.2903,237.434,0.541875],"tipVelocity":[-43.6684,13.5975,26.4914],"tool":false,"touchDistance":0.333333,"touchZone":"none","type":4,"width":15.6452}],"r":[[0.775525,0.554211,0.302341],[-0.55413,0.827034,-0.0946289],[-0.302491,-0.0941489,0.948491]],"s":1.36685,"t":[44.7534,91.5058,-114.871],"timestamp":93624698979},false],[5,{"currentFrameRate":55.2038,"devices":[],"gestures":[{"center":[-15.4671,328.113,-96.3908],"duration":36183,"handIds":[487],"id":13,"normal":[-0.100738,-0.0125162,0.994834],"pointableIds":[4871],"progress":1.03292,"radius":21.7442,"state":"update","type":"circle"}],"hands":[{"armBasis":[[0.995436,0.025344,-0.0920053],[0.0027801,0.955981,0.293416],[0.0953916,-0.292332,0.951547]],"armWidth":62.0842,"confidence":0.840649,"direction":[0.0622215,0.61262,-0.787925],"elbow":[64.1902,163.421,302.423],"grabStrength":0,"id":487,"palmNormal":[0.0206266,-0.790075,-0.612663],"palmPosition":[35.0451,269.394,7.60683],"palmVelocity":[-46.8182,1.01087,37.6662],"palmWidth":88.6541,"pinchStrength":0.275357,"r":[[0.774686,0.5561,0.301021],[-0.557418,0.825323,-0.0901548],[-0.298575,-0.0979528,0.949346]],"s":1.36382,"sphereCenter":[2.09652,256.542,-29.7079],"sphereRadius":51.9735,"stabilizedPalmPosition":[40.5715,267.527,2.13089],"t":[43.919,91.5104,-114.203],"timeVisible":12.012,"type":"right","wrist":[39.0957,240.325,52.1002]}],"id":1693147,"interactionBox":{"center":[0,200,0],"size":[235.247,235.247,147.751]},"pointables":[{"bases":[[[0.395224,0.817407,0.419099],[-0.83657,0.131849,0.531757],[0.379405,-0.560769,0.735928]],[[0.324718,0.901078,0.287431],[-0.834185,0.129625,0.536034],[0.44575,-0.413831,0.793758]],[[0.324718,0.901078,0.287431],[-0.920178,0.371247,-0.124288],[-0.218702,-0.224129,0.949703]],[[0.324718,0.901078,0.287431],[-0.939819,0.341554,-0.00901125],[-0.106293,-0.267207,0.957759]]],"btipPosition":[-0.601625,264.242,-45.4304],"carpPosition":[11.3888,230.576,46.5639],"dipPosition":[-3.0254,258.149,-23.5908],"direction":[0.218702,0.224129,-0.949703],"extended":false,"handId":487,"id":4870,"length":50.7785,"mcpPosition":[11.3888,230.576,46.5639],"pipPosition":[-10.2907,250.703,7.95859],"stabilizedTipPosition":[3.1646,262.853,-43.5052],"timeVisible":12.012,"tipPosition":[-0.963322,263.148,-40.0832],"tipVelocity":[-53.8515,-20.4336,33.3247],"tool":false,"touchDistance":0.459502,"touchZone":"hovering","type":0,"width":19.7302},{"bases":[[[0.994131,0.0813018,-0.0713754],[-0.0361525,0.871465,0.489124],[0.101968,-0.483672,0.869289]],[[0.944666,0.189481,-0.267773],[-0.0271587,0.858674,0.511802],[0.326906,-0.47621,0.816307]],[[0.944666,0.189481,-0.267773],[-0.0949522,0.939302,0.329689],[0.31399,-0.286021,0.905319]],[[0.944666,0.189481,-0.267773],[-0.146783,0.974184,0.171521],[0.29336,-0.122726,0.948092]]],"btipPosition":[-13.7853,315.226,-83.0778],"carpPosition":[19.4859,251.843,50.5069],"dipPosition":[-8.90176,313.183,-67.295],"direction":[-0.31399,0.286021,-0.905319],"extended":true,"handId":487,"id":4871,"length":57.2978,"mcpPosition":[12.1768,286.513,-11.8046],"pipPosition":[-1.50734,306.447,-45.9748],"stabilizedTipPosition":[-11.5703,315.235,-80.0765],"timeVisible":12.012,"tipPosition":[-12.8059,315.645,-79.006],"tipVelocity":[-62.3513,-29.5843,35.2212],"tool":false,"touchDistance":0.0595136,"touchZone":"hovering","type":1,"width":18.8462},{"bases":[[[0.990266,-0.134554,-0.0356059],[0.134685,0.861833,0.488982],[-0.0351082,-0.489018,0.871567]],[[0.990866,-0.120476,-0.0605844],[0.0414884,0.699829,-0.713105],[0.128311,0.704078,0.698435]],[[0.990866,-0.120476,-0.0605844],[-0.12148,-0.602408,-0.78889],[0.0585456,0.789043,-0.611541]],[[0.990866,-0.120476,-0.0605844],[-0.131868,-0.959633,-0.248424],[-0.0282097,0.254144,-0.966755]]],"btipPosition":[26.421,228.193,-7.43051],"carpPosition":[31.1659,254.531,49.9721],"dipPosition":[25.9045,232.846,-25.1314],"direction":[-0.0585456,-0.789043,0.611541],"extended":false,"handId":487,"id":4872,"length":65.2863,"mcpPosition":[33.5525,287.773,-9.27438],"pipPosition":[27.5266,254.708,-42.075],"stabilizedTipPosition":[29.4347,228.204,-12.8325],"timeVisible":12.012,"tipPosition":[26.3203,229.156,-10.8269],"tipVelocity":[-39.0753,5.3241,-0.907808],"tool":false,"touchDistance":0.333333,"touchZone":"none","type":2,"width":18.5095},{"bases":[[[0.961317,-0.269634,0.0562809],[0.203903,0.83399,0.512723],[-0.185185,-0.481413,0.856708]],[[0.957535,-0.278941,0.0729237],[0.24112,0.636081,-0.732981],[0.158073,0.719439,0.676329]],[[0.957535,-0.278941,0.0729237],[-0.124441,-0.628006,-0.768195],[0.260078,0.726499,-0.63605]],[[0.957535,-0.278941,0.0729237],[-0.255042,-0.937444,-0.236963],[0.134461,0.208302,-0.968778]]],"btipPosition":[38.0606,228.737,2.3549],"carpPosition":[43.1072,254.075,49.2803],"dipPosition":[40.5083,232.529,-15.2811],"direction":[-0.260078,-0.726499,0.63605],"extended":false,"handId":487,"id":4873,"length":62.7745,"mcpPosition":[54.4094,283.457,-3.00625],"pipPosition":[47.528,252.138,-32.4486],"stabilizedTipPosition":[40.9569,228.819,-2.87206],"timeVisible":12.012,"tipPosition":[38.5268,229.595,-0.936474],"tipVelocity":[-34.4425,3.13061,19.7332],"tool":false,"touchDistance":0.333333,"touchZone":"none","type":3,"width":17.613},{"bases":[[[0.886429,-0.457608,0.0695618],[0.333774,0.736069,0.588895],[-0.320685,-0.498796,0.80521]],[[0.850612,-0.504424,0.148378],[0.453997,0.56226,-0.691195],[0.265228,0.655302,0.707272]],[[0.850612,-0.504424,0.148378],[-0.202559,-0.574791,-0.792834],[0.48521,0.644338,-0.5911]],[[0.850612,-0.504424,0.148378],[-0.447459,-0.842656,-0.299519],[0.276116,0.188382,-0.942482]]],"btipPosition":[49.7656,236.834,4.56466],"carpPosition":[54.6692,246.672,47.3302],"dipPosition":[54.4028,239.997,-11.2637],"direction":[-0.48521,-0.644338,0.5911],"extended":false,"handId":487,"id":4874,"length":49.214,"mcpPosition":[72.7868,274.852,1.83849],"pipPosition":[63.6493,252.276,-22.5281],"stabilizedTipPosition":[54.1576,236.095,-1.50246],"timeVisible":12.012,"tipPosition":[50.8269,237.459,0.921431],"tipVelocity":[-34.3002,8.00293,21.1714],"tool":false,"touchDistance":0.333333,"touchZone":"none","type":4,"width":15.6452}],"r":[[0.774686,0.5561,0.301021],[-0.557418,0.825323,-0.0901548],[-0.298575,-0.0979528,0.949346]],"s":1.36382,"t":[43.919,91.5104,-114.203],"timestamp":93624717005},false],[6,{"currentFrameRate":55.1916,"devices":[],"gestures":[{"center":[-15.4671,328.113,-96.3908],"duration":36183,"handIds":[487],"id":13,"normal":[-0.100738,-0.0125162,0.994834],"pointableIds":[4871],"progress":1.03292,"radius":21.7442,"state":"update","type":"circle"}],"hands":[{"armBasis":[[0.995337,0.0309931,-0.0913465],[-0.00261342,0.955294,0.295647],[0.0964258,-0.294029,0.95092]],"armWidth":62.0842,"confidence":0.859219,"direction":[0.0587161,0.613328,-0.787643],"elbow":[64.0522,162.867,302.653],"grabStrength":0,"id":487,"palmNormal":[0.0249382,-0.789659,-0.613039],"palmPosition":[34.4679,269.284,8.0169],"palmVelocity":[-39.6492,-2.35332,30.473],"palmWidth":88.6541,"pinchStrength":0.283,"r":[[0.773393,0.558444,0.300006],[-0.560949,0.823321,-0.0864778],[-0.295294,-0.101407,0.95001]],"s":1.3612,"sphereCenter":[1.73861,256.215,-29.3292],"sphereRadius":51.8792,"stabilizedPalmPosition":[40.0504,267.677,2.63341],"t":[43.2132,91.4578,-113.665],"timeVisible":12.0301,"type":"right","wrist":[38.6856,240.217,52.496]}],"id":1693148,"interactionBox":{"center":[0,200,0],"size":[235.247,235.247,147.751]},"pointables":[{"bases":[[[0.39073,0.819392,0.419436],[-0.837222,0.126947,0.531924],[0.382608,-0.559,0.735615]],[[0.317903,0.904427,0.284516],[-0.835495,0.125371,0.535005],[0.448203,-0.407791,0.7955]],[[0.317903,0.904427,0.284516],[-0.922735,0.36411,-0.126426],[-0.217938,-0.222342,0.950298]],[[0.317903,0.904427,0.284516],[-0.942564,0.333923,-0.00831467],[-0.102527,-0.265531,0.958635]]],"btipPosition":[-1.18834,263.592,-45.1603],"carpPosition":[11.0326,230.317,46.9586],"dipPosition":[-3.52624,257.537,-23.3007],"direction":[0.217938,0.222342,-0.950298],"extended":false,"handId":487,"id":4870,"length":50.7785,"mcpPosition":[11.0326,230.317,46.9586],"pipPosition":[-10.7662,250.15,8.26852],"stabilizedTipPosition":[2.22237,262.727,-42.8554],"timeVisible":12.0301,"tipPosition":[-1.53974,262.612,-39.7839],"tipVelocity":[-43.0606,-27.5339,24.6494],"tool":false,"touchDistance":0.451006,"touchZone":"hovering","type":0,"width":19.7302},{"bases":[[[0.993654,0.0868582,-0.0714612],[-0.0409319,0.87102,0.48954],[0.104765,-0.483508,0.869048]],[[0.94369,0.194682,-0.267486],[-0.0326299,0.859354,0.510339],[0.329219,-0.472873,0.817316]],[[0.94369,0.194682,-0.267486],[-0.101212,0.939651,0.326822],[0.314969,-0.281345,0.906443]],[[0.94369,0.194682,-0.267486],[-0.153401,0.973849,0.167589],[0.293117,-0.11712,0.948876]]],"btipPosition":[-14.5756,314.655,-82.7386],"carpPosition":[19.012,251.627,50.9106],"dipPosition":[-9.69606,312.705,-66.9427],"direction":[-0.314969,0.281345,-0.906443],"extended":true,"handId":487,"id":4871,"length":57.2978,"mcpPosition":[11.5024,286.285,-11.3836],"pipPosition":[-2.27856,306.08,-45.596],"stabilizedTipPosition":[-12.7391,314.597,-79.4738],"timeVisible":12.0301,"tipPosition":[-13.6084,315.108,-78.6593],"tipVelocity":[-53.3942,-29.9073,27.4129],"tool":false,"touchDistance":0.0652174,"touchZone":"hovering","type":1,"width":18.8462},{"bases":[[[0.990994,-0.129033,-0.0357932],[0.129957,0.862338,0.489372],[-0.0322792,-0.489616,0.87134]],[[0.991513,-0.114841,-0.0609394],[0.0378641,0.703501,-0.709685],[0.124372,0.701354,0.701879]],[[0.991513,-0.114841,-0.0609394],[-0.11808,-0.599349,-0.791731],[0.0543989,0.792207,-0.607823]],[[0.991513,-0.114841,-0.0609394],[-0.126589,-0.959599,-0.251287],[-0.0296195,0.256868,-0.965992]]],"btipPosition":[26.0653,228.073,-7.29029],"carpPosition":[30.6768,254.38,50.3756],"dipPosition":[25.523,232.776,-24.9772],"direction":[-0.0543989,-0.792207,0.607823],"extended":false,"handId":487,"id":4872,"length":65.2863,"mcpPosition":[32.871,287.663,-8.85545],"pipPosition":[27.0302,254.725,-41.8178],"stabilizedTipPosition":[28.6202,228.426,-12.4889],"timeVisible":12.0301,"tipPosition":[25.9598,229.044,-10.6464],"tipVelocity":[-29.9406,-0.0646678,3.29048],"tool":false,"touchDistance":0.333333,"touchZone":"none","type":2,"width":18.5095},{"bases":[[[0.962807,-0.264315,0.0560334],[0.199331,0.834868,0.513091],[-0.182398,-0.482839,0.856503]],[[0.959112,-0.273575,0.0725374],[0.237733,0.639634,-0.730993],[0.153584,0.718349,0.678518]],[[0.959112,-0.273575,0.0725374],[-0.120502,-0.626613,-0.769958],[0.256094,0.729735,-0.633958]],[[0.959112,-0.273575,0.0725374],[-0.249644,-0.93848,-0.238608],[0.133352,0.210743,-0.968403]]],"btipPosition":[37.7267,228.655,2.61059],"carpPosition":[42.6203,253.991,49.6821],"dipPosition":[40.1543,232.4