{"sensorType":"Leap","data":[[0,{"currentFrameRate":106.598,"devices":[],"gestures":[{"center":[-18.5098,331.822,-97.6302],"duration":108096,"handIds":[487],"id":16,"normal":[-0.0507932,-0.021091,0.998486],"pointableIds":[4871],"progress":0.998792,"radius":19.6669,"state":"stop","type":"circle"}],"hands":[{"armBasis":[[0.997613,0.021811,-0.0655169],[0.0011413,0.943467,0.331465],[0.0690426,-0.330749,0.94119]],"armWidth":62.0842,"confidence":0.617638,"direction":[0.0424899,0.644179,-0.763694],"elbow":[60.5823,144.504,292.651],"grabStrength":0,"id":487,"palmNormal":[0.0148971,-0.764708,-0.644205],"palmPosition":[37.2981,262.307,1.84897],"palmVelocity":[-30.2755,-18.8118,51.6474],"palmWidth":88.6541,"pinchStrength":0.341129,"r":[[0.78613,0.538382,0.303554],[-0.558427,0.829193,-0.0244647],[-0.264876,-0.15028,0.9525]],"s":1.3386,"sphereCenter":[6.79811,248.905,-36.2159],"sphereRadius":50.4505,"stabilizedPalmPosition":[41.4382,262.797,-5.76607],"t":[45.5995,84.7008,-119.821],"timeVisible":14.805,"type":"right","wrist":[42.4193,231.514,45.0539]}],"id":1693340,"interactionBox":{"center":[0,200,0],"size":[235.247,235.247,147.751]},"pointables":[{"bases":[[[0.396956,0.803239,0.444109],[-0.827222,0.103461,0.552267],[0.397655,-0.586603,0.705527]],[[0.321126,0.893608,0.313597],[-0.824951,0.101317,0.55605],[0.465118,-0.437264,0.769718]],[[0.321126,0.893608,0.313597],[-0.923651,0.36866,-0.104684],[-0.209157,-0.256038,0.943768]],[[0.321126,0.893608,0.313597],[-0.936492,0.348913,-0.0352646],[-0.140931,-0.282357,0.948901]]],"btipPosition":[2.22672,257.975,-50.7737],"carpPosition":[14.6864,221.764,39.6523],"dipPosition":[-0.986891,251.536,-29.1361],"direction":[0.209157,0.256038,-0.943768],"extended":false,"handId":487,"id":4870,"length":50.7785,"mcpPosition":[14.6864,221.764,39.6523],"pipPosition":[-7.93516,243.031,2.21615],"stabilizedTipPosition":[4.97463,260.288,-49.9157],"timeVisible":14.805,"tipPosition":[1.52486,257.282,-45.3162],"tipVelocity":[-27.9326,-70.3936,38.1004],"tool":false,"touchDistance":0.39638,"touchZone":"hovering","type":0,"width":19.7302},{"bases":[[[0.991938,0.0923905,-0.0867344],[-0.0334002,0.850847,0.524351],[0.122243,-0.517227,0.847073]],[[0.940864,0.203742,-0.270674],[-0.039634,0.859664,0.509319],[0.336458,-0.468472,0.816902]],[[0.940864,0.203742,-0.270674],[-0.120838,0.948225,0.293714],[0.316501,-0.243637,0.91677]],[[0.940864,0.203742,-0.270674],[-0.180419,0.977565,0.108695],[0.286747,-0.0534321,0.956515]]],"btipPosition":[-12.3776,306.235,-88.1332],"carpPosition":[22.6959,242.923,44.2939],"dipPosition":[-7.60415,305.346,-72.2101],"direction":[-0.316501,0.243637,-0.91677],"extended":true,"handId":487,"id":4871,"length":57.2978,"mcpPosition":[13.9334,279.998,-16.4251],"pipPosition":[-0.150571,299.608,-50.6202],"stabilizedTipPosition":[-8.75661,310.085,-85.9734],"timeVisible":14.805,"tipPosition":[-11.6087,307.429,-83.7605],"tipVelocity":[-49.2703,-117.899,24.5933],"tool":false,"touchDistance":0.389172,"touchZone":"hovering","type":1,"width":18.8462},{"bases":[[[0.990396,-0.12475,-0.059604],[0.137471,0.842655,0.520609],[-0.0147201,-0.523803,0.851712]],[[0.990445,-0.111121,-0.0816761],[0.0298082,0.750743,-0.659921],[0.134649,0.651181,0.746882]],[[0.990445,-0.111121,-0.0816761],[-0.129799,-0.551025,-0.824332],[0.0465949,0.827057,-0.560184]],[[0.990445,-0.111121,-0.0816761],[-0.130356,-0.947659,-0.291462],[-0.0450136,0.299324,-0.953089]]],"btipPosition":[28.5531,222.357,-16.3533],"carpPosition":[34.3428,245.727,43.648],"dipPosition":[27.7289,227.838,-33.8039],"direction":[-0.0465949,-0.827057,0.560184],"extended":false,"handId":487,"id":4872,"length":65.2863,"mcpPosition":[35.3434,281.334,-14.2488],"pipPosition":[29.0199,250.753,-49.3246],"stabilizedTipPosition":[29.9373,224.162,-23.3936],"timeVisible":14.805,"tipPosition":[28.4414,223.516,-19.4315],"tipVelocity":[0.886794,-19.0816,2.16151],"tool":false,"touchDistance":0.333333,"touchZone":"none","type":2,"width":18.5095},{"bases":[[[0.964235,-0.263637,0.0273072],[0.20734,0.814462,0.541905],[-0.165107,-0.516863,0.839996]],[[0.960285,-0.275177,0.0461622],[0.230142,0.687603,-0.688648],[0.157759,0.671922,0.723625]],[[0.960285,-0.275177,0.0461622],[-0.128053,-0.581627,-0.803313],[0.247903,0.765498,-0.593765]],[[0.960285,-0.275177,0.0461622],[-0.252627,-0.927701,-0.274866],[0.118462,0.252288,-0.960374]]],"btipPosition":[40.6333,222.44,-6.54465],"carpPosition":[46.2717,245.399,42.714],"dipPosition":[42.7898,227.033,-24.0276],"direction":[-0.247903,-0.765498,0.593765],"extended":false,"handId":487,"id":4873,"length":62.7745,"mcpPosition":[56.3485,276.945,-8.55258],"pipPosition":[49.4809,247.694,-40.0539],"stabilizedTipPosition":[42.0479,223.632,-12.9599],"timeVisible":14.805,"tipPosition":[41.1025,223.499,-9.55819],"tipVelocity":[5.74646,-15.664,1.91794],"tool":false,"touchDistance":0.333333,"touchZone":"none","type":3,"width":17.613},{"bases":[[[0.891043,-0.452611,0.0344276],[0.339383,0.714657,0.611624],[-0.301432,-0.533299,0.790399]],[[0.865711,-0.491625,0.09407],[0.42164,0.61497,-0.666356],[0.269747,0.616536,0.739676]],[[0.865711,-0.491625,0.09407],[-0.218994,-0.541004,-0.812008],[0.450095,0.682363,-0.576016]],[[0.865711,-0.491625,0.09407],[-0.443568,-0.840581,-0.31092],[0.23193,0.227441,-0.945769]]],"btipPosition":[53.1144,230.243,-3.02654],"carpPosition":[57.8501,238.177,40.2508],"dipPosition":[57.0095,234.063,-18.9101],"direction":[-0.450095,-0.682364,0.576016],"extended":false,"handId":487,"id":4874,"length":49.214,"mcpPosition":[74.88,268.307,-4.40412],"pipPosition":[65.5868,247.066,-29.887],"stabilizedTipPosition":[55.2913,230.01,-11.3827],"timeVisible":14.805,"tipPosition":[53.8592,231.064,-6.21592],"tipVelocity":[3.16954,-0.446725,28.3422],"tool":false,"touchDistance":0.333333,"touchZone":"none","type":4,"width":15.6452}],"r":[[0.78613,0.538382,0.303554],[-0.558427,0.829193,-0.0244647],[-0.264876,-0.15028,0.9525]],"s":1.3386,"t":[45.5995,84.7008,-119.821],"timestamp":93627510026},false],[1,{"currentFrameRate":106.765,"devices":[],"gestures":[],"hands":[{"armBasis":[[0.997171,0.00425686,-0.0750404],[0.0199458,0.94761,0.318805],[0.0724661,-0.3194,0.944845]],"armWidth":62.0842,"confidence":0.31916,"direction":[0.0446206,0.64243,-0.765044],"elbow":[61.1271,145.051,293.834],"grabStrength":0,"id":487,"palmNormal":[-0.00389509,-0.765689,-0.643199],"palmPosition":[36.9752,259.888,2.08052],"palmVelocity":[-31.7565,-87.3311,44.4431],"palmWidth":88.6541,"pinchStrength":0.353808,"r":[[0.785364,0.540329,0.302072],[-0.560686,0.827714,-0.0228251],[-0.262363,-0.151442,0.953012]],"s":1.33496,"sphereCenter":[6.04837,246.77,-35.7508],"sphereRadius":50.3651,"stabilizedPalmPosition":[41.3694,262.752,-5.64514],"t":[45.3071,83.355,-119.442],"timeVisible":14.814,"type":"right","wrist":[42.0635,229.075,45.2748]}],"id":1693341,"interactionBox":{"center":[0,200,0],"size":[235.247,235.247,147.751]},"pointables":[{"bases":[[[0.414184,0.797464,0.438751],[-0.819658,0.117205,0.560735],[0.395742,-0.591874,0.702192]],[[0.338143,0.889114,0.30844],[-0.817556,0.1152,0.564208],[0.466113,-0.44295,0.765855]],[[0.338143,0.889114,0.30844],[-0.918544,0.383129,-0.0974158],[-0.204786,-0.250375,0.946243]],[[0.338143,0.889114,0.30844],[-0.931131,0.363649,-0.0274625],[-0.136581,-0.277912,0.950847]]],"btipPosition":[1.37294,255.954,-50.1868],"carpPosition":[14.1254,219.756,40.1778],"dipPosition":[-1.74149,249.617,-28.5049],"direction":[0.204786,0.250375,-0.946243],"extended":false,"handId":487,"id":4870,"length":50.7785,"mcpPosition":[14.1254,219.756,40.1778],"pipPosition":[-8.54455,241.299,2.9296],"stabilizedTipPosition":[4.55226,259.722,-49.4545],"timeVisible":14.814,"tipPosition":[0.679792,255.276,-44.7362],"tipVelocity":[-45.5461,-111.834,45.7774],"tool":false,"touchDistance":0.399031,"touchZone":"hovering","type":0,"width":19.7302},{"bases":[[[0.992306,0.0766352,-0.0972386],[-0.0145046,0.851952,0.523419],[0.122955,-0.517981,0.846509]],[[0.941351,0.188126,-0.280121],[-0.0214965,0.861908,0.506609],[0.336745,-0.470875,0.815402]],[[0.941351,0.188126,-0.280121],[-0.103862,0.951399,0.289919],[0.321048,-0.243821,0.915139]],[[0.941351,0.188126,-0.280121],[-0.165013,0.980777,0.104152],[0.29433,-0.0518199,0.954298]]],"btipPosition":[-12.8546,304.237,-87.5442],"carpPosition":[22.5152,240.792,44.7043],"dipPosition":[-7.95492,303.374,-71.658],"direction":[-0.321048,0.243821,-0.915139],"extended":true,"handId":487,"id":4871,"length":57.2978,"mcpPosition":[13.7017,277.922,-15.9743],"pipPosition":[-0.394266,297.632,-50.1066],"stabilizedTipPosition":[-9.47956,308.614,-85.4666],"timeVisible":14.814,"tipPosition":[-12.0325,305.408,-83.1986],"tipVelocity":[-49.3186,-146.064,35.4957],"tool":false,"touchDistance":0.392296,"touchZone":"hovering","type":1,"width":18.8462},{"bases":[[[0.987631,-0.140418,-0.069774],[0.156168,0.841064,0.517902],[-0.0140384,-0.522392,0.85259]],[[0.987662,-0.126805,-0.0918905],[0.0363735,0.756497,-0.652984],[0.152317,0.641586,0.751776]],[[0.987662,-0.126805,-0.0918905],[-0.146424,-0.539723,-0.829011],[0.0555274,0.832237,-0.551632]],[[0.987662,-0.126805,-0.0918905],[-0.148737,-0.943194,-0.297091],[-0.0489978,0.307093,-0.950417]]],"btipPosition":[27.3571,220.111,-16.6441],"carpPosition":[34.1974,243.412,43.9326],"dipPosition":[26.46,225.734,-34.0459],"direction":[-0.0555274,-0.832237,0.551632],"extended":false,"handId":487,"id":4872,"length":65.2863,"mcpPosition":[35.1517,278.923,-14.0239],"pipPosition":[27.9985,248.792,-49.3296],"stabilizedTipPosition":[29.8149,224.041,-23.2729],"timeVisible":14.814,"tipPosition":[27.2455,221.294,-19.5891],"tipVelocity":[-36.3204,-81.2799,-6.9566],"tool":false,"touchDistance":0.333333,"touchZone":"none","type":2,"width":18.5095},{"bases":[[[0.960199,-0.278763,0.0176103],[0.225804,0.811801,0.538508],[-0.164412,-0.513098,0.842436]],[[0.956267,-0.290208,0.0365127],[0.234076,0.684432,-0.690479],[0.175392,0.668829,0.72243]],[[0.956267,-0.290208,0.0365127],[-0.143582,-0.574502,-0.805811],[0.254829,0.765328,-0.591046]],[[0.956267,-0.290208,0.0365127],[-0.268949,-0.921478,-0.280259],[0.114979,0.258183,-0.95923]]],"btipPosition":[39.5372,219.738,-6.57547],"carpPosition":[46.1093,242.895,42.8743],"dipPosition":[41.6303,224.438,-24.0376],"direction":[-0.254829,-0.765328,0.591046],"extended":false,"handId":487,"id":4873,"length":62.7745,"mcpPosition":[56.1437,274.21,-8.54121],"pipPosition":[48.5084,245.095,-39.9905],"stabilizedTipPosition":[41.9934,223.557,-12.8963],"timeVisible":14.814,"tipPosition":[40.0219,220.894,-9.57486],"tipVelocity":[-29.6903,-92.9464,0.595062],"tool":false,"touchDistance":0.333333,"touchZone":"none","type":3,"width":17.613},{"bases":[[[0.884119,-0.46655,0.0257739],[0.356983,0.710019,0.606989],[-0.301491,-0.52745,0.794292]],[[0.858909,-0.50494,0.0855061],[0.42531,0.610283,-0.66833],[0.285284,0.610402,0.738934]],[[0.858909,-0.50494,0.0855061],[-0.233966,-0.535406,-0.811542],[0.45556,0.677035,-0.578003]],[[0.858909,-0.50494,0.0855061],[-0.459236,-0.833288,-0.307788],[0.226665,0.225094,-0.947605]]],"btipPosition":[52.2627,227.575,-3.10221],"carpPosition":[57.5461,235.488,40.3008],"dipPosition":[56.0694,231.356,-19.0166],"direction":[-0.45556,-0.677035,0.578003],"extended":false,"handId":487,"id":4874,"length":49.214,"mcpPosition":[74.5793,265.287,-4.57406],"pipPosition":[64.7509,244.258,-30.0314],"stabilizedTipPosition":[55.2649,229.99,-11.326],"timeVisible":14.814,"tipPosition":[52.9888,228.391,-6.25611],"tipVelocity":[-24.2828,-81.8979,17.9935],"tool":false,"touchDistance":0.333333,"touchZone":"none","type":4,"width":15.6452}],"r":[[0.785364,0.540329,0.302072],[-0.560686,0.827714,-0.0228251],[-0.262363,-0.151442,0.953012]],"s":1.33496,"t":[45.3071,83.355,-119.442],"timestamp":93627519086},false],[2,{"currentFrameRate":106.906,"devices":[],"gestures":[],"hands":[{"armBasis":[[0.996946,0.00509249,-0.0779259],[0.0201849,0.947158,0.320133],[0.0754384,-0.320728,0.944162]],"armWidth":62.0842,"confidence":0.346061,"direction":[0.0456586,0.641406,-0.765842],"elbow":[61.5674,144.024,294.121],"grabStrength":0,"id":487,"palmNormal":[-0.00386263,-0.766522,-0.642206],"palmPosition":[36.6886,259.158,2.50264],"palmVelocity":[-31.6853,-85.3843,44.9871],"palmWidth":88.6541,"pinchStrength":0.364388,"r":[[0.784766,0.541863,0.300877],[-0.562379,0.826592,-0.0218169],[-0.260525,-0.152086,0.953413]],"s":1.33175,"sphereCenter":[5.97789,245.895,-35.4115],"sphereRadius":50.27,"stabilizedPalmPosition":[41.2722,262.678,-5.47592],"t":[45.0176,82.3169,-119.041],"timeVisible":14.8231,"type":"right","wrist":[41.7219,228.398,45.7411]}],"id":1693342,"interactionBox":{"center":[0,200,0],"size":[235.247,235.247,147.751]},"pointables":[{"bases":[[[0.414339,0.797768,0.438052],[-0.82004,0.11846,0.559912],[0.394788,-0.591214,0.703284]],[[0.337944,0.889793,0.306695],[-0.818274,0.11678,0.562841],[0.464996,-0.44117,0.76756]],[[0.337944,0.889793,0.306695],[-0.918164,0.383293,-0.100308],[-0.206807,-0.247698,0.946507]],[[0.337944,0.889793,0.306695],[-0.931063,0.363687,-0.02921],[-0.137532,-0.275682,0.951359]]],"btipPosition":[1.17268,255.062,-49.8347],"carpPosition":[13.782,219.09,40.6334],"dipPosition":[-1.96343,248.775,-28.141],"direction":[0.206807,0.247698,-0.946507],"extended":false,"handId":487,"id":4870,"length":50.7785,"mcpPosition":[13.782,219.09,40.6334],"pipPosition":[-8.83364,240.547,3.30225],"stabilizedTipPosition":[4.10964,259.063,-48.957],"timeVisible":14.8231,"tipPosition":[0.456545,254.399,-44.3885],"tipVelocity":[-39.1786,-107.679,43.9033],"tool":false,"touchDistance":0.397785,"touchZone":"hovering","type":0,"width":19.7302},{"bases":[[[0.992434,0.0758712,-0.0965271],[-0.0143837,0.852641,0.522299],[0.12193,-0.516959,0.847282]],[[0.942025,0.186684,-0.278815],[-0.0223363,0.863984,0.503024],[0.334798,-0.467633,0.818064]],[[0.942025,0.186684,-0.278815],[-0.10453,0.952862,0.284827],[0.318845,-0.23917,0.917134]],[[0.942025,0.186684,-0.278815],[-0.165423,0.981327,0.0981477],[0.291931,-0.0463351,0.955316]]],"btipPosition":[-12.9415,303.161,-87.3399],"carpPosition":[22.1816,240.127,45.1394],"dipPosition":[-8.08173,302.39,-71.4368],"direction":[-0.318845,0.23917,-0.917134],"extended":true,"handId":487,"id":4871,"length":57.2978,"mcpPosition":[13.4415,277.183,-15.5946],"pipPosition":[-0.572951,296.758,-49.8383],"stabilizedTipPosition":[-10.0823,307.166,-85.0078],"timeVisible":14.8231,"tipPosition":[-12.1378,304.336,-83.0012],"tipVelocity":[-38.5804,-137.716,32.0019],"tool":false,"touchDistance":0.389522,"touchZone":"hovering","type":1,"width":18.8462},{"bases":[[[0.987597,-0.141143,-0.0687842],[0.156287,0.841637,0.516935],[-0.0150706,-0.521274,0.853256]],[[0.987655,-0.127559,-0.0909191],[0.0387794,0.761456,-0.647055],[0.151768,0.635542,0.757003]],[[0.987655,-0.127559,-0.0909191],[-0.145497,-0.531991,-0.834156],[0.0580356,0.837087,-0.543983]],[[0.987655,-0.127559,-0.0909191],[-0.149464,-0.941115,-0.303254],[-0.0468826,0.3131,-0.948562]]],"btipPosition":[27.0135,219.4,-16.7395],"carpPosition":[33.8661,242.738,44.3738],"dipPosition":[26.1551,225.133,-34.1073],"direction":[-0.0580356,-0.837087,0.543983],"extended":false,"handId":487,"id":4872,"length":65.2863,"mcpPosition":[34.8906,278.173,-13.628],"pipPosition":[27.7631,248.326,-49.1791],"stabilizedTipPosition":[29.6517,223.86,-23.1347],"timeVisible":14.8231,"tipPosition":[26.9151,220.606,-19.601],"tipVelocity":[-36.4518,-79.6386,-7.69789],"tool":false,"touchDistance":0.333333,"touchZone":"none","type":2,"width":18.5095},{"bases":[[[0.960004,-0.279356,0.0187575],[0.225887,0.812356,0.537637],[-0.16543,-0.511896,0.842968]],[[0.956056,-0.290758,0.0376444],[0.234929,0.682929,-0.691677],[0.175402,0.670126,0.721225]],[[0.956056,-0.290758,0.0376444],[-0.143465,-0.575933,-0.80481],[0.255686,0.764042,-0.592338]],[[0.956056,-0.290758,0.0376444],[-0.269344,-0.921758,-0.278955],[0.115807,0.256557,-0.959566]]],"btipPosition":[39.2299,218.989,-6.06288],"carpPosition":[45.7785,242.212,43.3259],"dipPosition":[41.3381,223.659,-23.5312],"direction":[-0.255686,-0.764042,0.592338],"extended":false,"handId":487,"id":4873,"length":62.7745,"mcpPosition":[55.875,273.454,-8.12204],"pipPosition":[48.2393,244.282,-39.5189],"stabilizedTipPosition":[41.9115,223.431,-12.7951],"timeVisible":14.8231,"tipPosition":[39.7183,220.141,-9.10203],"tipVelocity":[-30.7183,-90.2084,16.0006],"tool":false,"touchDistance":0.333333,"touchZone":"none","type":3,"width":17.613},{"bases":[[[0.883797,-0.467084,0.0271031],[0.356944,0.710579,0.606357],[-0.302479,-0.526223,0.79473]],[[0.858629,-0.505227,0.0866178],[0.426512,0.610427,-0.667433],[0.284331,0.610021,0.739615]],[[0.858629,-0.505227,0.0866178],[-0.232311,-0.534165,-0.812834],[0.456934,0.6778,-0.576019]],[[0.858629,-0.505227,0.0866178],[-0.458757,-0.83278,-0.30987],[0.228688,0.226327,-0.946825]]],"btipPosition":[51.9578,226.79,-2.73076],"carpPosition":[57.2127,234.794,40.7714],"dipPosition":[55.7984,230.591,-18.632],"direction":[-0.456934,-0.6778,0.576019],"extended":false,"handId":487,"id":4874,"length":49.214,"mcpPosition":[74.3017,264.524,-4.12822],"pipPosition":[64.5061,243.508,-29.6091],"stabilizedTipPosition":[55.2197,229.947,-11.2338],"timeVisible":14.8231,"tipPosition":[52.6981,227.626,-5.86813],"tipVelocity":[-26.6063,-82.9858,24.4142],"tool":false,"touchDistance":0.333333,"touchZone":"none","type":4,"width":15.6452}],"r":[[0.784766,0.541863,0.300877],[-0.562379,0.826592,-0.0218169],[-0.260525,-0.152086,0.953413]],"s":1.33175,"t":[45.0176,82.3169,-119.041],"timestamp":93627528182},false],[3,{"currentFrameRate":107.156,"devices":[],"gestures":[],"hands":[{"armBasis":[[0.996322,-0.0124611,-0.0847797],[0.0382927,0.949833,0.310403],[0.0766587,-0.312508,0.946817]],"armWidth":62.0842,"confidence":0.339448,"direction":[0.0488821,0.641508,-0.765558],"elbow":[61.6303,143.793,294.831],"grabStrength":0,"id":487,"palmNormal":[-0.0215954,-0.765616,-0.642935],"palmPosition":[36.5283,256.889,2.5929],"palmVelocity":[-27.9876,-131.565,35.5376],"palmWidth":88.6541,"pinchStrength":0.370726,"r":[[0.786515,0.540567,0.298632],[-0.561177,0.827458,-0.0198342],[-0.257827,-0.151985,0.954162]],"s":1.32911,"sphereCenter":[5.43093,244.042,-35.1285],"sphereRadius":50.2023,"stabilizedPalmPosition":[41.1353,262.511,-5.24303],"t":[44.7927,80.6636,-118.795],"timeVisible":14.832,"type":"right","wrist":[41.4638,226.004,45.753]}],"id":1693343,"interactionBox":{"center":[0,200,0],"size":[235.247,235.247,147.751]},"pointables":[{"bases":[[[0.430676,0.790667,0.435159],[-0.813063,0.130635,0.56733],[0.391722,-0.598147,0.699124]],[[0.3547,0.883901,0.304806],[-0.811341,0.128964,0.57017],[0.464665,-0.449541,0.762889]],[[0.3547,0.883901,0.304806],[-0.912771,0.39799,-0.0919395],[-0.202575,-0.245607,0.947967]],[[0.3547,0.883901,0.304806],[-0.925512,0.378203,-0.0197316],[-0.132719,-0.275103,0.95221]]],"btipPosition":[0.49353,253.437,-49.4235],"carpPosition":[13.337,217.14,40.8853],"dipPosition":[-2.53284,247.164,-27.7104],"direction":[0.202575,0.245607,-0.947967],"extended":false,"handId":487,"id":4870,"length":50.7785,"mcpPosition":[13.337,217.14,40.8853],"pipPosition":[-9.26245,239.004,3.78131],"stabilizedTipPosition":[3.60374,258.233,-48.4258],"timeVisible":14.832,"tipPosition":[-0.185055,252.751,-43.9838],"tipVelocity":[-48.5376,-128.04,44.6958],"tool":false,"touchDistance":0.397574,"touchZone":"hovering","type":0,"width":19.7302},{"bases":[[[0.992602,0.0604306,-0.105302],[0.00363371,0.852151,0.523284],[0.121355,-0.519796,0.845627]],[[0.942591,0.171824,-0.286355],[-0.00511715,0.864809,0.502075],[0.333911,-0.471785,0.81604]],[[0.942591,0.171824,-0.286355],[-0.0878717,0.954874,0.283715],[0.322183,-0.242265,0.915154]],[[0.942591,0.171824,-0.286355],[-0.149883,0.983931,0.0970289],[0.298426,-0.0485386,0.953198]]],"btipPosition":[-13.1263,301.559,-86.8563],"carpPosition":[22.1052,238.038,45.3378],"dipPosition":[-8.15843,300.751,-70.9884],"direction":[-0.322183,0.242265,-0.915154],"extended":true,"handId":487,"id":4871,"length":57.2978,"mcpPosition":[13.4063,275.297,-15.2776],"pipPosition":[-0.571066,295.046,-49.4366],"stabilizedTipPosition":[-10.5828,305.641,-84.5336],"timeVisible":14.832,"tipPosition":[-12.277,302.705,-82.5329],"tipVelocity":[-33.0002,-149.578,37.8554],"tool":false,"touchDistance":0.391036,"touchZone":"hovering","type":1,"width":18.8462},{"bases":[[[0.984612,-0.156514,-0.0777404],[0.174056,0.83848,0.516387],[-0.0156377,-0.521971,0.85282]],[[0.984687,-0.142998,-0.0997123],[0.0462878,0.765906,-0.641284],[0.168072,0.626848,0.760797]],[[0.984687,-0.142998,-0.0997123],[-0.160552,-0.521014,-0.838312],[0.0679251,0.841484,-0.535995]],[[0.984687,-0.142998,-0.0997123],[-0.167304,-0.935899,-0.310003],[-0.048991,0.321938,-0.945492]]],"btipPosition":[26.0067,217.301,-17.0688],"carpPosition":[33.8219,240.467,44.4706],"dipPosition":[25.1097,223.196,-34.3803],"direction":[-0.0679251,-0.841484,0.535995],"extended":false,"handId":487,"id":4872,"length":65.2863,"mcpPosition":[34.8849,275.949,-13.5015],"pipPosition":[26.9917,246.51,-49.2308],"stabilizedTipPosition":[29.4004,223.521,-22.9987],"timeVisible":14.832,"tipPosition":[25.915,218.552,-19.871],"tipVelocity":[-57.6104,-121.066,-15.2784],"tool":false,"touchDistance":0.333333,"touchZone":"none","type":2,"width":18.5095},{"bases":[[[0.955637,-0.29438,0.00990166],[0.24337,0.808089,0.536436],[-0.165917,-0.510228,0.843883]],[[0.951692,-0.305705,0.028751],[0.239154,0.679259,-0.693839],[0.19258,0.667197,0.719556]],[[0.951692,-0.305705,0.028751],[-0.159537,-0.572307,-0.804371],[0.262354,0.760927,-0.593432]],[[0.951692,-0.305705,0.028751],[-0.286034,-0.916697,-0.279017],[0.111653,0.257315,-0.959856]]],"btipPosition":[38.3437,216.628,-6.02124],"carpPosition":[45.7147,239.755,43.316],"dipPosition":[40.3763,221.313,-23.4948],"direction":[-0.262354,-0.760927,0.593432],"extended":false,"handId":487,"id":4873,"length":62.7745,"mcpPosition":[55.841,270.895,-8.18785],"pipPosition":[47.4575,241.851,-39.512],"stabilizedTipPosition":[41.7665,223.163,-12.6662],"timeVisible":14.832,"tipPosition":[38.8312,217.803,-9.10329],"tipVelocity":[-50.0063,-137.797,12.8943],"tool":false,"touchDistance":0.333333,"touchZone":"none","type":3,"width":17.613},{"bases":[[[0.876575,-0.480901,0.0187337],[0.373423,0.704191,0.603879],[-0.303598,-0.52235,0.796856]],[[0.851434,-0.518594,0.0782352],[0.430039,0.604942,-0.670158],[0.300212,0.604239,0.738084]],[[0.851434,-0.518594,0.0782352],[-0.247297,-0.528528,-0.812098],[0.462499,0.6721,-0.578253]],[[0.851434,-0.518594,0.0782352],[-0.47408,-0.824827,-0.308073],[0.224295,0.225214,-0.948141]]],"btipPosition":[51.237,224.266,-2.85295],"carpPosition":[57.008,232.162,40.6518],"dipPosition":[55.0039,228.048,-18.7763],"direction":[-0.462499,-0.6721,0.578253],"extended":false,"handId":487,"id":4874,"length":49.214,"mcpPosition":[74.1603,261.673,-4.36784],"pipPosition":[63.8176,240.856,-29.7959],"stabilizedTipPosition":[55.1341,229.815,-11.1043],"timeVisible":14.832,"tipPosition":[51.9697,225.109,-5.99507],"tipVelocity":[-41.941,-137.761,13.8973],"tool":false,"touchDistance":0.333333,"touchZone":"none","type":4,"width":15.6452}],"r":[[0.786515,0.540567,0.298632],[-0.561177,0.827458,-0.0198342],[-0.257827,-0.151985,0.954162]],"s":1.32911,"t":[44.7927,80.6636,-118.795],"timestamp":93627537059},false],[4,{"currentFrameRate":107.313,"devices":[],"gestures":[],"hands":[{"armBasis":[[0.995743,-0.0229136,-0.0892806],[0.0484656,0.954057,0.295679],[0.0784037,-0.298747,0.951106]],"armWidth":62.0842,"confidence":0.318097,"direction":[0.0505306,0.63964,-0.767012],"elbow":[61.9026,144.943,296.253],"grabStrength":0,"id":487,"palmNormal":[-0.0313973,-0.766596,-0.641362],"palmPosition":[36.3896,254.381,2.85345],"palmVelocity":[-24.5104,-171.825,33.6961],"palmWidth":88.6541,"pinchStrength":0.373541,"r":[[0.78913,0.538288,0.295836],[-0.558806,0.829103,-0.0180024],[-0.254969,-0.151109,0.955069]],"s":1.32714,"sphereCenter":[5.05714,241.667,-34.7254],"sphereRadius":50.1812,"stabilizedPalmPosition":[40.9369,262.171,-4.90459],"t":[44.6109,78.5827,-118.542],"timeVisible":14.841,"type":"right","wrist":[41.2771,223.534,46.0469]}],"id":1693344,"interactionBox":{"center":[0,200,0],"size":[235.247,235.247,147.751]},"pointables":[{"bases":[[[0.439627,0.787747,0.431489],[-0.809048,0.138667,0.571151],[0.39009,-0.600189,0.698286]],[[0.364297,0.880899,0.302166],[-0.807345,0.137,0.573956],[0.4642,-0.453043,0.761098]],[[0.364297,0.880899,0.302166],[-0.909432,0.406376,-0.0882693],[-0.200549,-0.242643,0.94916]],[[0.364297,0.880899,0.302166],[-0.922142,0.386554,-0.0151596],[-0.130158,-0.273118,0.953135]]],"btipPosition":[0.104536,251.227,-48.9452],"carpPosition":[13.0512,214.904,41.3372],"dipPosition":[-2.86342,244.999,-27.2111],"direction":[0.200549,0.242643,-0.94916],"extended":false,"handId":487,"id":4870,"length":50.7785,"mcpPosition":[13.0512,214.904,41.3372],"pipPosition":[-9.52573,236.938,4.32032],"stabilizedTipPosition":[3.03847,257.092,-47.8203],"timeVisible":14.841,"tipPosition":[-0.568124,250.488,-43.5321],"tipVelocity":[-46.6231,-159.852,47.1195],"tool":false,"touchDistance":0.398397,"touchZone":"hovering","type":0,"width":19.7302},{"bases":[[[0.992542,0.0517082,-0.110394],[0.0135768,0.853059,0.521638],[0.121146,-0.519246,0.845995]],[[0.942801,0.162858,-0.290868],[0.00452566,0.866208,0.499663],[0.333326,-0.472399,0.815925]],[[0.942801,0.162858,-0.290868],[-0.0784514,0.956431,0.281222],[0.323994,-0.242317,0.9145]],[[0.942801,0.162858,-0.290868],[-0.141039,0.985472,0.0946153],[0.302051,-0.0481798,0.952074]]],"btipPosition":[-13.2744,299.236,-86.4755],"carpPosition":[22.0205,235.733,45.7059],"dipPosition":[-8.24618,298.434,-70.6264],"direction":[-0.323994,0.242317,-0.9145],"extended":true,"handId":487,"id":4871,"length":57.2978,"mcpPosition":[13.3367,272.953,-14.9358],"pipPosition":[-0.616154,292.728,-49.09],"stabilizedTipPosition":[-11.0191,303.769,-84.0495],"timeVisible":14.841,"tipPosition":[-12.4031,300.35,-82.1722],"tipVelocity":[-28.005,-179.177,38.9087],"tool":false,"touchDistance":0.390912,"touchZone":"hovering","type":1,"width":18.8462},{"bases":[[[0.982829,-0.165108,-0.0823803],[0.183839,0.837913,0.513912],[-0.0158233,-0.520232,0.853878]],[[0.982911,-0.151693,-0.104283],[0.0503774,0.766546,-0.640211],[0.177053,0.624017,0.761088]],[[0.982911,-0.151693,-0.104283],[-0.168813,-0.516903,-0.839234],[0.0734016,0.842497,-0.533678]],[[0.982911,-0.151693,-0.104283],[-0.177133,-0.933569,-0.311565],[-0.0500928,0.324713,-0.944485]]],"btipPosition":[25.3973,214.83,-16.9323],"carpPosition":[33.7531,238.06,44.7754],"dipPosition":[24.4801,220.775,-34.2254],"direction":[-0.0734016,-0.842497,0.533678],"extended":false,"handId":487,"id":4872,"length":65.2863,"mcpPosition":[34.8288,273.424,-13.2687],"pipPosition":[26.5138,244.118,-49.0117],"stabilizedTipPosition":[29.049,222.91,-22.8245],"timeVisible":14.841,"tipPosition":[25.3078,216.105,-19.7314],"tipVelocity":[-60.4702,-162.714,-6.77963],"tool":false,"touchDistance":0.333333,"touchZone":"none","type":2,"width":18.5095},{"bases":[[[0.953114,-0.302557,0.00566799],[0.25299,0.806965,0.533671],[-0.16604,-0.507215,0.845673]],[[0.949189,-0.313754,0.0244603],[0.240864,0.674251,-0.698119],[0.202546,0.668539,0.715564]],[[0.949189,-0.313754,0.0244603],[-0.167808,-0.570348,-0.804079],[0.266234,0.759119,-0.594019]],[[0.949189,-0.313754,0.0244603],[-0.294604,-0.913203,-0.281548],[0.110674,0.260036,-0.959235]]],"btipPosition":[37.7492,213.874,-5.70567],"carpPosition":[45.6335,237.244,43.5624],"dipPosition":[39.764,218.608,-23.1679],"direction":[-0.266234,-0.759119,0.594019],"extended":false,"handId":487,"id":4873,"length":62.7745,"mcpPosition":[55.7672,268.201,-8.05065],"pipPosition":[46.9499,239.097,-39.201],"stabilizedTipPosition":[41.5379,222.636,-12.4768],"timeVisible":14.841,"tipPosition":[38.2595,215.129,-8.84404],"tipVelocity":[-54.4884,-183.482,19.0453],"tool":false,"touchDistance":0.333333,"touchZone":"none","type":3,"width":17.613},{"bases":[[[0.8725,-0.488375,0.0152511],[0.382484,0.702079,0.600658],[-0.304054,-0.518241,0.79936]],[[0.847427,-0.525622,0.0747531],[0.431723,0.600292,-0.673249],[0.309001,0.602803,0.735627]],[[0.847427,-0.525622,0.0747531],[-0.255241,-0.526813,-0.810753],[0.465531,0.667974,-0.580596]],[[0.847427,-0.525622,0.0747531],[-0.482171,-0.820894,-0.306015],[0.222212,0.223281,-0.949087]]],"btipPosition":[50.7768,221.582,-2.64496],"carpPosition":[56.8477,229.55,40.8561],"dipPosition":[54.5087,225.332,-18.5842],"direction":[-0.465531,-0.667974,0.580596],"extended":false,"handId":487,"id":4874,"length":49.214,"mcpPosition":[74.0257,258.828,-4.30504],"pipPosition":[63.3802,238.061,-29.6485],"stabilizedTipPosition":[54.9893,229.51,-10.9059],"timeVisible":14.841,"tipPosition":[51.5125,222.433,-5.79275],"tipVelocity":[-44.6683,-181.901,16.301],"tool":false,"touchDistance":0.333333,"touchZone":"none","type":4,"width":15.6452}],"r":[[0.78913,0.538288,0.295836],[-0.558806,0.829103,-0.0180024],[-0.254969,-0.151109,0.955069]],"s":1.32714,"t":[44.6109,78.5827,-118.542],"timestamp":93627546090},false],[5,{"currentFrameRate":107.468,"devices":[],"gestures":[],"hands":[{"armBasis":[[0.995389,-0.0284811,-0.0915899],[0.0537287,0.956586,0.286455],[0.0794551,-0.290055,0.953706]],"armWidth":62.0842,"confidence":0.323298,"direction":[0.0510826,0.63925,-0.7673],"elbow":[62.0696,145.727,297.15],"grabStrength":0,"id":487,"palmNormal":[-0.0365423,-0.766593,-0.641093],"palmPosition":[36.2889,252.89,3.07311],"palmVelocity":[-20.8372,-170.013,31.1228],"palmWidth":88.6541,"pinchStrength":0.37379,"r":[[0.791842,0.53579,0.293114],[-0.556195,0.830893,-0.0162608],[-0.252259,-0.150152,0.955939]],"s":1.32582,"sphereCenter":[4.80004,240.25,-34.4402],"sphereRadius":50.1928,"stabilizedPalmPosition":[40.6768,261.652,-4.45822],"t":[44.4696,76.7967,-118.306],"timeVisible":14.8501,"type":"right","wrist":[41.1674,222.032,46.2594]}],"id":1693345,"interactionBox":{"center":[0,200,0],"size":[235.247,235.247,147.751]},"pointables":[{"bases":[[[0.444255,0.785939,0.430044],[-0.806799,0.142276,0.57344],[0.389504,-0.601712,0.697301]],[[0.370033,0.878323,0.302696],[-0.80484,0.140341,0.57666],[0.464013,-0.457005,0.75884]],[[0.370033,0.878323,0.302696],[-0.907345,0.411648,-0.0852745],[-0.199503,-0.243095,0.949265]],[[0.370033,0.878323,0.302696],[-0.919918,0.391907,-0.0126223],[-0.129715,-0.273785,0.953004]]],"btipPosition":[-0.0911767,250.068,-48.5403],"carpPosition":[12.8912,213.522,41.6328],"dipPosition":[-3.04905,243.825,-26.8091],"direction":[0.199503,0.243095,-0.949265],"extended":false,"handId":487,"id":4870,"length":50.7785,"mcpPosition":[12.8912,213.522,41.6328],"pipPosition":[-9.67659,235.749,4.72573],"stabilizedTipPosition":[2.47081,255.832,-47.1829],"timeVisible":14.8501,"tipPosition":[-0.77997,249.214,-43.1823],"tipVelocity":[-39.6914,-151.309,46.4812],"tool":false,"touchDistance":0.397954,"touchZone":"hovering","type":0,"width":19.7302},{"bases":[[[0.992434,0.0474067,-0.113256],[0.0187505,0.853106,0.521401],[0.121337,-0.51958,0.845762]],[[0.94276,0.158573,-0.293357],[0.00960671,0.866425,0.499215],[0.333334,-0.473458,0.815307]],[[0.94276,0.158573,-0.293357],[-0.0735448,0.956914,0.280905],[0.325261,-0.243251,0.913802]],[[0.94276,0.158573,-0.293357],[-0.136485,0.986131,0.0944284],[0.304262,-0.0489845,0.951328]]],"btipPosition":[-13.4129,297.921,-86.1392],"carpPosition":[21.9628,234.314,45.9709],"dipPosition":[-8.34784,297.105,-70.3024],"direction":[-0.325261,0.243251,-0.913802],"extended":true,"handId":487,"id":4871,"length":57.2978,"mcpPosition":[13.2652,271.558,-14.6541],"pipPosition":[-0.687967,291.377,-48.7825],"stabilizedTipPosition":[-11.385,301.972,-83.5872],"timeVisible":14.8501,"tipPosition":[-12.5272,299.004,-81.8501],"tipVelocity":[-24.2636,-170.097,38.3736],"tool":false,"touchDistance":0.390157,"touchZone":"hovering","type":1,"width":18.8462},{"bases":[[[0.981868,-0.169359,-0.0851643],[0.188923,0.837224,0.51319],[-0.0156118,-0.519974,0.85404]],[[0.981945,-0.155961,-0.107051],[0.0522136,0.767385,-0.639057],[0.181817,0.621929,0.761673]],[[0.981945,-0.155961,-0.107051],[-0.173178,-0.513454,-0.840461],[0.0761137,0.843825,-0.531193]],[[0.981945,-0.155961,-0.107051],[-0.182228,-0.931744,-0.314078],[-0.0507598,0.327915,-0.943343]]],"btipPosition":[25.0457,213.345,-16.8297],"carpPosition":[33.7026,236.59,45.0062],"dipPosition":[24.1163,219.349,-34.1019],"direction":[-0.0761137,-0.843825,0.531193],"extended":false,"handId":487,"id":4872,"length":65.2863,"mcpPosition":[34.7638,271.936,-13.0488],"pipPosition":[26.2251,242.728,-48.8193],"stabilizedTipPosition":[28.622,222.081,-22.6198],"timeVisible":14.8501,"tipPosition":[24.957,214.649,-19.6373],"tipVelocity":[-54.6402,-162.826,-1.6385],"tool":false,"touchDistance":0.333333,"touchZone":"none","type":2,"width":18.5095},{"bases":[[[0.951814,-0.30666,0.0030004],[0.257996,0.805983,0.532757],[-0.165794,-0.506312,0.846263]],[[0.947924,-0.317759,0.0216744],[0.240811,0.670512,-0.701729],[0.208447,0.670405,0.712115]],[[0.947924,-0.317759,0.0216744],[-0.171341,-0.566137,-0.806307],[0.268482,0.760604,-0.5911]],[[0.947924,-0.317759,0.0216744],[-0.29819,-0.909338,-0.290151],[0.111907,0.268578,-0.956736]]],"btipPosition":[37.3365,212.021,-5.51892],"carpPosition":[45.5758,235.722,43.7593],"dipPosition":[39.3737,216.91,-22.9357],"direction":[-0.268482,-0.760604,0.5911],"extended":false,"handId":487,"id":4873,"length":62.7745,"mcpPosition":[55.6945,266.624,-7.88976],"pipPosition":[46.6202,237.439,-38.89],"stabilizedTipPosition":[41.2267,221.845,-12.2308],"timeVisible":14.8501,"tipPosition":[37.8889,213.416,-8.71277],"tipVelocity":[-51.9255,-188.437,19.819],"tool":false,"touchDistance":0.333333,"touchZone":"none","type":3,"width":17.613},{"bases":[[[0.870428,-0.492127,0.0128576],[0.387229,0.700555,0.599396],[-0.303987,-0.516753,0.800349]],[[0.845499,-0.52908,0.0721516],[0.431911,0.598164,-0.67502],[0.313981,0.601892,0.734263]],[[0.845499,-0.52908,0.0721516],[-0.259203,-0.524793,-0.810806],[0.466846,0.666834,-0.580851]],[[0.845499,-0.52908,0.0721516],[-0.485896,-0.818347,-0.306943],[0.221442,0.224462,-0.948989]]],"btipPosition":[50.4905,219.96,-2.48416],"carpPosition":[56.7489,227.979,41.0226],"dipPosition":[54.2095,223.73,-18.4218],"direction":[-0.466846,-0.666834,0.580851],"extended":false,"handId":487,"id":4874,"length":49.214,"mcpPosition":[73.9231,257.174,-4.19444],"pipPosition":[63.106,236.438,-29.4909],"stabilizedTipPosition":[54.7814,229.014,-10.6345],"timeVisible":14.8501,"tipPosition":[51.2388,220.84,-5.64247],"tipVelocity":[-41.1992,-181.157,16.7309],"tool":false,"touchDistance":0.333333,"touchZone":"none","type":4,"width":15.6452}],"r":[[0.791842,0.53579,0.293114],[-0.556195,0.830893,-0.0162608],[-0.252259,-0.150152,0.955939]],"s":1.32582,"t":[44.4696,76.7967,-118.306],"timestamp":93627555113},false],[6,{"currentFrameRate":107.337,"devices":[],"gestures":[],"hands":[{"armBasis":[[0.99589,-0.0184473,-0.0886724],[0.0436764,0.955495,0.291755],[0.079344,-0.294429,0.952374]],"armWidth":62.0842,"confidence":0.352083,"direction":[0.0481318,0.64005,-0.766824],"elbow":[62.0001,144.935,296.872],"grabStrength":0,"id":487,"palmNormal":[-0.027049,-0.766597,-0.641558],"palmPosition":[36.13,253.222,3.14111],"palmVelocity":[-19.6216,-110.861,24.1888],"palmWidth":88.6541,"pinchStrength":0.373814,"r":[[0.792793,0.535219,0.291581],[-0.555614,0.831301,-0.015228],[-0.250542,-0.149934,0.956425]],"s":1.325,"sphereCenter":[4.9953,240.271,-34.5083],"sphereRadius":50.157,"stabilizedPalmPosition":[40.3505,261.047,-3.9128],"t":[44.3195,76.07,-118.154],"timeVisible":14.8596,"type":"right","wrist":[41.1272,222.39,46.3324]}],"id":1693346,"interactionBox":{"center":[0,200,0],"size":[235.247,235.247,147.751]},"pointables":[{"bases":[[[0.435369,0.789788,0.432076],[-0.810254,0.134589,0.570416],[0.392355,-0.598433,0.698524]],[[0.361131,0.881208,0.305053],[-0.808283,0.13266,0.573655],[0.465041,-0.453734,0.760172]],[[0.361131,0.881208,0.305053],[-0.910578,0.403771,-0.0884055],[-0.201075,-0.245849,0.948223]],[[0.361131,0.881208,0.305053],[-0.923311,0.383741,-0.0154704],[-0.130694,-0.276072,0.95221]]],"btipPosition":[-0.0096218,250.154,-48.591],"carpPosition":[12.9482,213.623,41.5942],"dipPosition":[-2.98981,243.858,-26.878],"direction":[0.201075,0.245849,-0.948223],"extended":false,"handId":487,"id":4870,"length":50.7785,"mcpPosition":[12.9482,213.623,41.5942],"pipPosition":[-9.6696,235.691,4.62231],"stabilizedTipPosition":[1.94378,254.646,-46.5859],"timeVisible":14.8596,"tipPosition":[-0.715887,249.241,-43.2589],"tipVelocity":[-25.9177,-105.381,31.3975],"tool":false,"touchDistance":0.390669,"touchZone":"hovering","type":0,"width":19.7302},{"bases":[[[0.992381,0.0565772,-0.109444],[0.00891965,0.852999,0.521836],[0.12288,-0.518837,0.845996]],[[0.942644,0.166968,-0.28904],[-0.000671173,0.866854,0.498561],[0.333799,-0.469772,0.817247]],[[0.942644,0.166968,-0.28904],[-0.0837795,0.956534,0.279326],[0.323115,-0.239089,0.91566]],[[0.942644,0.166968,-0.28904],[-0.146188,0.98495,0.0922093],[0.300086,-0.0446664,0.952866]]],"btipPosition":[-13.574,297.725,-86.3015],"carpPosition":[21.8117,234.495,45.9759],"dipPosition":[-8.5785,296.981,-70.4391],"direction":[-0.323115,0.239089,-0.91566],"extended":true,"handId":487,"id":4871,"length":57.2978,"mcpPosition":[13.0035,271.686,-14.6659],"pipPosition":[-0.969167,291.351,-48.8754],"stabilizedTipPosition":[-11.7179,300.558,-83.2882],"timeVisible":14.8596,"tipPosition":[-12.7277,298.794,-82.018],"tipVelocity":[-22.6092,-126.389,22.5628],"tool":false,"touchDistance":0.382129,"touchZone":"hovering","type":1,"width":18.8462},{"bases":[[[0.983701,-0.16029,-0.081487],[0.179261,0.838686,0.514268],[-0.0140899,-0.520493,0.85375]],[[0.983739,-0.146905,-0.103329],[0.0477899,0.768674,-0.637852],[0.17313,0.622542,0.763195]],[[0.983739,-0.146905,-0.103329],[-0.165025,-0.512253,-0.842831],[0.0708849,0.846177,-0.528166]],[[0.983739,-0.146905,-0.103329],[-0.172637,-0.932109,-0.318385],[-0.0495422,0.331046,-0.942313]]],"btipPosition":[25.3038,213.519,-16.9334],"carpPosition":[33.5336,236.879,45.057],"dipPosition":[24.3967,219.58,-34.1867],"direction":[-0.0708849,-0.846177,0.528166],"extended":false,"handId":487,"id":4872,"length":65.2863,"mcpPosition":[34.4914,272.261,-12.9783],"pipPosition":[26.3607,243.025,-48.8203],"stabilizedTipPosition":[28.1979,221.219,-22.4132],"timeVisible":14.8596,"tipPosition":[25.218,214.861,-19.7571],"tipVelocity":[-30.9005,-110.144,-4.16837],"tool":false,"touchDistance":0.333333,"touchZone":"none","type":2,"width":18.5095},{"bases":[[[0.954574,-0.297902,0.00650318],[0.248543,0.808071,0.534085],[-0.16436,-0.508208,0.845405]],[[0.950723,-0.309021,0.0251182],[0.236366,0.669993,-0.703733],[0.200639,0.674992,0.710021]],[[0.950723,-0.309021,0.0251182],[-0.163856,-0.569581,-0.805437],[0.263204,0.761632,-0.592149]],[[0.950723,-0.309021,0.0251182],[-0.288769,-0.912077,-0.291082],[0.11286,0.269485,-0.956368]]],"btipPosition":[37.5572,212.292,-5.25803],"carpPosition":[45.419,236.122,43.8551],"dipPosition":[39.6118,217.198,-22.6681],"direction":[-0.263204,-0.761632,0.592149],"extended":false,"handId":487,"id":4873,"length":62.7745,"mcpPosition":[55.4502,267.139,-7.74165],"pipPosition":[46.7159,237.755,-38.6507],"stabilizedTipPosition":[40.8993,220.982,-11.9268],"timeVisible":14.8596,"tipPosition":[38.1144,213.704,-8.58102],"tipVelocity":[-30.1357,-125.696,22.0265],"tool":false,"touchDistance":0.333333,"touchZone":"none","type":3,"width":17.613},{"bases":[[[0.874859,-0.484114,0.0159696],[0.378485,0.703805,0.601173],[-0.302275,-0.519897,0.79896]],[[0.850341,-0.520931,0.0745081],[0.427179,0.600642,-0.675831],[0.307308,0.606515,0.733281]],[[0.850341,-0.520931,0.0745081],[-0.251343,-0.526448,-0.812207],[0.462328,0.671925,-0.578592]],[[0.850341,-0.520931,0.0745081],[-0.476208,-0.822006,-0.312301],[0.223933,0.230081,-0.947057]]],"btipPosition":[50.5922,220.291,-2.31221],"carpPosition":[56.6732,228.483,41.1577],"dipPosition":[54.353,224.155,-18.2174],"direction":[-0.462328,-0.671925,0.578592],"extended":false,"handId":487,"id":4874,"length":49.214,"mcpPosition":[73.7507,257.855,-3.98082],"pipPosition":[63.1635,236.96,-29.2434],"stabilizedTipPosition":[54.5346,228.433,-10.2883],"timeVisible":14.8596,"tipPosition":[51.3773,