{"sensorType":"Leap","data":[[0,{"currentFrameRate":53.3909,"devices":[],"gestures":[{"center":[-17.5194,322.35,-95.2594],"duration":0,"handIds":[487],"id":11,"normal":[-0.0512815,0.0254468,0.99836],"pointableIds":[4871],"progress":1,"radius":23.6497,"state":"start","type":"circle"}],"hands":[{"armBasis":[[0.994517,0.0557623,-0.0884669],[-0.0269054,0.953931,0.298818],[0.101054,-0.294799,0.950201]],"armWidth":62.0842,"confidence":0.697543,"direction":[0.117205,0.539476,-0.833804],"elbow":[62.4406,160.02,304.069],"grabStrength":0,"id":487,"palmNormal":[0.0597419,-0.8419,-0.536316],"palmPosition":[34.912,262.509,7.00179],"palmVelocity":[-52.7684,-21.6513,65.4919],"palmWidth":88.6541,"pinchStrength":0.358884,"r":[[0.746285,0.587972,0.312005],[-0.556495,0.808317,-0.192189],[-0.365201,-0.030202,0.930439]],"s":1.36688,"sphereCenter":[3.25519,248.432,-30.5389],"sphereRadius":53.1467,"stabilizedPalmPosition":[38.0188,263.412,1.49709],"t":[43.9314,85.0352,-115.36],"timeVisible":10.4395,"type":"right","wrist":[35.8564,237.572,54.101]}],"id":1693061,"interactionBox":{"center":[0,200,0],"size":[235.247,235.247,147.751]},"pointables":[{"bases":[[[0.368336,0.853038,0.369669],[-0.870258,0.176471,0.459901],[0.327077,-0.491106,0.807363]],[[0.314299,0.917812,0.242562],[-0.865358,0.171928,0.47074],[0.390348,-0.357857,0.848273]],[[0.314299,0.917812,0.242562],[-0.901786,0.368492,-0.225823],[-0.296646,-0.147763,0.943487]],[[0.314299,0.917812,0.242562],[-0.816207,0.391739,-0.424672],[-0.484791,-0.0645069,0.872248]]],"btipPosition":[10.4837,251.061,-44.8879],"carpPosition":[8.5595,227.277,47.6014],"dipPosition":[-0.570843,249.59,-24.9982],"direction":[0.296646,0.147763,-0.943487],"extended":false,"handId":487,"id":4870,"length":50.7785,"mcpPosition":[8.5595,227.277,47.6014],"pipPosition":[-10.4255,244.681,6.34468],"stabilizedTipPosition":[10.6443,253.757,-44.0258],"timeVisible":10.4395,"tipPosition":[7.2777,251.733,-39.9425],"tipVelocity":[-54.8673,-67.9027,69.5241],"tool":false,"touchDistance":0.441256,"touchZone":"hovering","type":0,"width":19.7302},{"bases":[[[0.996915,0.0777181,-0.0109511],[-0.0666317,0.9118,0.405191],[0.0414759,-0.403212,0.914166]],[[0.968986,0.155984,-0.191665],[-0.0424141,0.869077,0.492856],[0.243449,-0.469441,0.848739]],[[0.968986,0.155984,-0.191665],[-0.0798675,0.931662,0.35444],[0.233854,-0.32814,0.915225]],[[0.968986,0.155984,-0.191665],[-0.109425,0.966261,0.233166],[0.221568,-0.204962,0.953362]]],"btipPosition":[-5.92609,308.531,-88.3255],"carpPosition":[16.4333,248.838,50.1546],"dipPosition":[-2.23764,305.119,-72.4549],"direction":[-0.233854,0.32814,-0.915225],"extended":true,"handId":487,"id":4871,"length":57.2978,"mcpPosition":[13.4603,277.741,-15.3737],"pipPosition":[3.2696,297.391,-50.9015],"stabilizedTipPosition":[-2.36652,308.792,-86.7795],"timeVisible":10.4395,"tipPosition":[-4.96647,306.745,-85.0744],"tipVelocity":[-96.3525,-40.8465,74.7545],"tool":false,"touchDistance":-0.101206,"touchZone":"touching","type":1,"width":18.8462},{"bases":[[[0.990008,-0.134058,0.0437431],[0.103795,0.902739,0.417479],[-0.0954549,-0.408767,0.907633]],[[0.991697,-0.125974,0.0258421],[0.0975072,0.605586,-0.789783],[0.0838423,0.785746,0.612841]],[[0.991697,-0.125974,0.0258421],[-0.0685857,-0.688108,-0.72236],[0.108781,0.71459,-0.691034]],[[0.991697,-0.125974,0.0258421],[-0.12007,-0.979008,-0.164701],[0.0460476,0.16023,-0.986005]]],"btipPosition":[26.8247,219.657,-3.10759],"carpPosition":[28.1305,251.504,50.172],"dipPosition":[27.6678,222.591,-21.1609],"direction":[-0.108781,-0.71459,0.691034],"extended":false,"handId":487,"id":4872,"length":65.2863,"mcpPosition":[34.6192,279.291,-11.5261],"pipPosition":[30.6817,242.39,-40.307],"stabilizedTipPosition":[30.5771,221.484,-12.0431],"timeVisible":10.4395,"tipPosition":[27.0576,220.41,-7.0492],"tipVelocity":[-56.7225,-25.3691,76.0337],"tool":false,"touchDistance":0.333333,"touchZone":"none","type":2,"width":18.5095},{"bases":[[[0.95451,-0.260418,0.145235],[0.171165,0.877364,0.448258],[-0.244159,-0.403007,0.882027]],[[0.951903,-0.26462,0.154454],[0.28002,0.546708,-0.789113],[0.124374,0.794409,0.594512]],[[0.951903,-0.26462,0.154454],[-0.0822448,-0.70627,-0.703149],[0.295154,0.656627,-0.694065]],[[0.951903,-0.26462,0.154454],[-0.238929,-0.956659,-0.16648],[0.191814,0.121569,-0.973873]]],"btipPosition":[38.1187,221.104,7.0834],"carpPosition":[40.0898,251.026,50.3338],"dipPosition":[41.6105,223.317,-10.6453],"direction":[-0.295154,-0.656627,0.694065],"extended":false,"handId":487,"id":4873,"length":62.7745,"mcpPosition":[54.9913,275.622,-3.49806],"pipPosition":[49.577,241.04,-29.3787],"stabilizedTipPosition":[42.4009,222.698,-2.26513],"timeVisible":10.4395,"tipPosition":[39.0014,221.716,3.01765],"tipVelocity":[-52.3978,-23.2697,71.2462],"tool":false,"touchDistance":0.333333,"touchZone":"none","type":3,"width":17.613},{"bases":[[[0.878345,-0.446674,0.170269],[0.295295,0.787104,0.541542],[-0.375913,-0.425382,0.82325]],[[0.868654,-0.457189,0.190837],[0.436624,0.524469,-0.730952],[0.234095,0.718269,0.655202]],[[0.868654,-0.457189,0.190837],[-0.169465,-0.636171,-0.752707],[0.465535,0.621501,-0.63009]],[[0.868654,-0.457189,0.190837],[-0.40657,-0.87797,-0.252725],[0.283093,0.141942,-0.948531]]],"btipPosition":[51.2826,228.574,8.69823],"carpPosition":[51.7356,243.514,49.8444],"dipPosition":[56.0369,230.958,-7.23169],"direction":[-0.465535,-0.621502,0.63009],"extended":false,"handId":487,"id":4874,"length":49.214,"mcpPosition":[72.9734,267.547,3.33355],"pipPosition":[64.9085,242.801,-19.2391],"stabilizedTipPosition":[55.594,230.062,0.570915],"timeVisible":10.4395,"tipPosition":[52.7839,229.025,5.0234],"tipVelocity":[-52.7611,-20.8383,61.3518],"tool":false,"touchDistance":0.333333,"touchZone":"none","type":4,"width":15.6452}],"r":[[0.746285,0.587972,0.312005],[-0.556495,0.808317,-0.192189],[-0.365201,-0.030202,0.930439]],"s":1.36688,"t":[43.9314,85.0352,-115.36],"timestamp":93623144534},false],[1,{"currentFrameRate":53.5862,"devices":[],"gestures":[{"center":[-17.5194,322.35,-95.2594],"duration":0,"handIds":[487],"id":11,"normal":[-0.0512815,0.0254468,0.99836],"pointableIds":[4871],"progress":1,"radius":23.6497,"state":"start","type":"circle"}],"hands":[{"armBasis":[[0.993494,0.0590256,-0.0973894],[-0.0282552,0.956214,0.291302],[0.110319,-0.286655,0.951661]],"armWidth":62.0842,"confidence":0.727815,"direction":[0.110031,0.531981,-0.839577],"elbow":[64.1934,161.898,305.551],"grabStrength":0,"id":487,"palmNormal":[0.05902,-0.846712,-0.528768],"palmPosition":[33.8404,261.798,7.87447],"palmVelocity":[-56.0231,-30.1461,57.4892],"palmWidth":88.6541,"pinchStrength":0.361164,"r":[[0.747636,0.589093,0.306609],[-0.557647,0.807596,-0.19188],[-0.360651,-0.0275235,0.932295]],"s":1.3653,"sphereCenter":[2.05814,247.246,-29.3278],"sphereRadius":53.0997,"stabilizedPalmPosition":[37.8421,263.343,1.76689],"t":[42.9057,84.4769,-114.314],"timeVisible":10.4574,"type":"right","wrist":[35.1718,237.308,55.1985]}],"id":1693062,"interactionBox":{"center":[0,200,0],"size":[235.247,235.247,147.751]},"pointables":[{"bases":[[[0.36793,0.857657,0.359239],[-0.867832,0.177993,0.463882],[0.33391,-0.482435,0.80979]],[[0.312006,0.921821,0.229996],[-0.863148,0.173864,0.474075],[0.397024,-0.346434,0.849915]],[[0.312006,0.921821,0.229996],[-0.90462,0.362227,-0.224621],[-0.290371,-0.137976,0.946915]],[[0.312006,0.921821,0.229996],[-0.820401,0.383495,-0.424115],[-0.47916,-0.0563626,0.875916]]],"btipPosition":[9.12983,249.582,-43.7929],"carpPosition":[7.86715,226.864,48.9738],"dipPosition":[-1.79637,248.297,-23.8196],"direction":[0.290371,0.137976,-0.946915],"extended":false,"handId":487,"id":4870,"length":50.7785,"mcpPosition":[7.86715,226.864,48.9738],"pipPosition":[-11.4426,243.713,7.63723],"stabilizedTipPosition":[10.0829,253.134,-43.353],"timeVisible":10.4574,"tipPosition":[5.99809,250.295,-38.8419],"tipVelocity":[-63.7867,-73.599,65.9762],"tool":false,"touchDistance":0.447178,"touchZone":"hovering","type":0,"width":19.7302},{"bases":[[[0.996564,0.0808142,-0.0181727],[-0.0669885,0.915353,0.39704],[0.0487209,-0.394458,0.917621]],[[0.967254,0.157215,-0.199255],[-0.042074,0.873516,0.484973],[0.250298,-0.460709,0.851527]],[[0.967254,0.157215,-0.199255],[-0.0812877,0.935593,0.343596],[0.24044,-0.316148,0.917736]],[[0.967254,0.157215,-0.199255],[-0.112225,0.969063,0.219826],[0.227651,-0.190266,0.954973]]],"btipPosition":[-7.73506,306.646,-87.6573],"carpPosition":[15.6867,248.474,51.2732],"dipPosition":[-3.94536,303.479,-71.7599],"direction":[-0.24044,0.316148,-0.917736],"extended":true,"handId":487,"id":4871,"length":57.2978,"mcpPosition":[12.1943,276.749,-14.5028],"pipPosition":[1.71699,296.034,-50.1473],"stabilizedTipPosition":[-4.40992,307.486,-85.5169],"timeVisible":10.4574,"tipPosition":[-6.76727,305.012,-84.3542],"tipVelocity":[-97.7933,-69.6625,57.1472],"tool":false,"touchDistance":-0.0910482,"touchZone":"touching","type":1,"width":18.8462},{"bases":[[[0.990704,-0.130459,0.0385508],[0.103543,0.906956,0.408302],[-0.0882305,-0.400514,0.912033]],[[0.99225,-0.122544,0.0205765],[0.0904143,0.598428,-0.796059],[0.0852384,0.79175,0.604869]],[[0.99225,-0.122544,0.0205765],[-0.0710023,-0.695046,-0.715451],[0.101976,0.708445,-0.69836]],[[0.99225,-0.122544,0.0205765],[-0.117929,-0.980879,-0.154819],[0.0391551,0.151192,-0.987729]]],"btipPosition":[25.8273,218.823,-1.78042],"carpPosition":[27.375,251.177,51.1893],"dipPosition":[26.5442,221.592,-19.8653],"direction":[-0.101976,-0.708445,0.69836],"extended":false,"handId":487,"id":4872,"length":65.2863,"mcpPosition":[33.3726,278.403,-10.8079],"pipPosition":[29.3696,241.22,-39.2144],"stabilizedTipPosition":[30.289,221.357,-11.6596],"timeVisible":10.4574,"tipPosition":[26.0322,219.541,-5.73159],"tipVelocity":[-56.9186,-36.3285,74.8215],"tool":false,"touchDistance":0.333333,"touchZone":"none","type":2,"width":18.5095},{"bases":[[[0.956279,-0.255973,0.141454],[0.171194,0.882088,0.438878],[-0.237115,-0.395474,0.887343]],[[0.953777,-0.260046,0.150616],[0.273078,0.540762,-0.795616],[0.125449,0.799971,0.586779]],[[0.953777,-0.260046,0.150616],[-0.0841639,-0.712285,-0.696826],[0.288488,0.65194,-0.701248]],[[0.953777,-0.260046,0.150616],[-0.236606,-0.958816,-0.15713],[0.185274,0.11423,-0.976025]]],"btipPosition":[37.1877,220.375,8.27261],"carpPosition":[39.3366,250.739,51.2777],"dipPosition":[40.5605,222.455,-9.4953],"direction":[-0.288488,-0.65194,0.701248],"extended":false,"handId":487,"id":4873,"length":62.7745,"mcpPosition":[53.8082,274.876,-2.87855],"pipPosition":[48.347,240.051,-28.4226],"stabilizedTipPosition":[42.1912,222.611,-1.96031],"timeVisible":10.4574,"tipPosition":[38.038,220.964,4.21547],"tipVelocity":[-52.846,-32.2532,68.6196],"tool":false,"touchDistance":0.333333,"touchZone":"none","type":3,"width":17.613},{"bases":[[[0.880888,-0.442228,0.16873],[0.296221,0.793109,0.532195],[-0.369173,-0.418823,0.829637]],[[0.870807,-0.45316,0.190633],[0.431713,0.519346,-0.737498],[0.2352,0.724517,0.647885]],[[0.870807,-0.45316,0.190633],[-0.170934,-0.642652,-0.746847],[0.460952,0.617774,-0.637086]],[[0.870807,-0.45316,0.190633],[-0.405193,-0.881151,-0.243704],[0.278414,0.134976,-0.95093]]],"btipPosition":[50.2976,227.923,9.70165],"carpPosition":[51.0035,243.261,50.783],"dipPosition":[54.9733,230.189,-6.26856],"direction":[-0.460952,-0.617774,0.637086],"extended":false,"handId":487,"id":4874,"length":49.214,"mcpPosition":[71.8605,266.923,3.9113],"pipPosition":[63.7576,241.962,-18.4093],"stabilizedTipPosition":[55.3405,229.965,0.898707],"timeVisible":10.4574,"tipPosition":[51.7755,228.354,6.04628],"tipVelocity":[-54.2153,-28.8393,58.5068],"tool":false,"touchDistance":0.333333,"touchZone":"none","type":4,"width":15.6452}],"r":[[0.747636,0.589093,0.306609],[-0.557647,0.807596,-0.19188],[-0.360651,-0.0275235,0.932295]],"s":1.3653,"t":[42.9057,84.4769,-114.314],"timestamp":93623162499},false],[2,{"currentFrameRate":53.7434,"devices":[],"gestures":[{"center":[-17.5194,322.35,-95.2594],"duration":0,"handIds":[487],"id":11,"normal":[-0.0512815,0.0254468,0.99836],"pointableIds":[4871],"progress":1,"radius":23.6497,"state":"start","type":"circle"}],"hands":[{"armBasis":[[0.993182,0.0611265,-0.099266],[-0.0294585,0.955468,0.293622],[0.112793,-0.288696,0.950754]],"armWidth":62.0842,"confidence":0.757494,"direction":[0.106268,0.527413,-0.842937],"elbow":[64.366,160.942,305.886],"grabStrength":0,"id":487,"palmNormal":[0.0582755,-0.849584,-0.524225],"palmPosition":[33.1577,261.111,8.31663],"palmVelocity":[-47.3862,-33.8963,41.8298],"palmWidth":88.6541,"pinchStrength":0.362929,"r":[[0.748755,0.590522,0.301082],[-0.558928,0.806652,-0.192127],[-0.356323,-0.024427,0.934043]],"s":1.36373,"sphereCenter":[1.39539,246.223,-28.7197],"sphereRadius":53.0172,"stabilizedPalmPosition":[37.5984,263.227,2.10763],"t":[42.0514,83.8544,-113.57],"timeVisible":10.4755,"type":"right","wrist":[34.6936,236.889,55.772]}],"id":1693063,"interactionBox":{"center":[0,200,0],"size":[235.247,235.247,147.751]},"pointables":[{"bases":[[[0.368044,0.860156,0.353094],[-0.866395,0.179415,0.466014],[0.337494,-0.477433,0.811268]],[[0.311034,0.923979,0.222531],[-0.861849,0.175522,0.475823],[0.400592,-0.339785,0.850924]],[[0.311034,0.923979,0.222531],[-0.906071,0.358958,-0.224019],[-0.286868,-0.131951,0.948839]],[[0.311034,0.923979,0.222531],[-0.823338,0.378918,-0.422534],[-0.474733,-0.0517959,0.878604]]],"btipPosition":[8.2529,248.464,-43.2363],"carpPosition":[7.38104,226.373,49.7048],"dipPosition":[-2.57235,247.283,-23.2017],"direction":[0.286868,0.131951,-0.948839],"extended":false,"handId":487,"id":4870,"length":50.7785,"mcpPosition":[7.38104,226.373,49.7048],"pipPosition":[-12.1022,242.899,8.31907],"stabilizedTipPosition":[9.42638,252.383,-42.6349],"timeVisible":10.4755,"tipPosition":[5.18326,249.192,-38.2761],"tipVelocity":[-55.962,-67.4497,49.6692],"tool":false,"touchDistance":0.444354,"touchZone":"hovering","type":0,"width":19.7302},{"bases":[[[0.996379,0.0820615,-0.0222301],[-0.0668138,0.917474,0.392144],[0.0525755,-0.389239,0.919635]],[[0.966365,0.157328,-0.203439],[-0.0417143,0.876464,0.479656],[0.25377,-0.455036,0.853547]],[[0.966365,0.157328,-0.203439],[-0.0824638,0.938842,0.334329],[0.243596,-0.306307,0.920237]],[[0.966365,0.157328,-0.203439],[-0.114562,0.971574,0.20717],[0.23025,-0.176896,0.956918]]],"btipPosition":[-8.7819,305.113,-87.396],"carpPosition":[15.1791,248.006,51.8547],"dipPosition":[-4.94893,302.168,-71.4662],"direction":[-0.243596,0.306307,-0.920237],"extended":true,"handId":487,"id":4871,"length":57.2978,"mcpPosition":[11.4104,275.907,-14.0656],"pipPosition":[0.787741,294.955,-49.7947],"stabilizedTipPosition":[-6.36574,305.777,-84.5168],"timeVisible":10.4755,"tipPosition":[-7.82455,303.677,-84.0244],"tipVelocity":[-78.6444,-75.5817,37.0903],"tool":false,"touchDistance":-0.0870754,"touchZone":"touching","type":1,"width":18.8462},{"bases":[[[0.991015,-0.128898,0.0356972],[0.103768,0.909371,0.402836],[-0.0843867,-0.395512,0.914576]],[[0.99248,-0.121112,0.0177432],[0.0868857,0.594941,-0.79906],[0.0862195,0.794593,0.60099]],[[0.99248,-0.121112,0.0177432],[-0.0724383,-0.697987,-0.712438],[0.0986692,0.705795,-0.701511]],[[0.99248,-0.121112,0.0177432],[-0.117105,-0.981671,-0.150361],[0.0356286,0.147153,-0.988472]]],"btipPosition":[25.1644,218.045,-1.14609],"carpPosition":[26.8633,250.725,51.7134],"dipPosition":[25.8167,220.739,-19.2446],"direction":[-0.0986692,-0.705795,0.701511],"extended":false,"handId":487,"id":4872,"length":65.2863,"mcpPosition":[32.5996,277.611,-10.4566],"pipPosition":[28.5505,240.294,-38.6809],"stabilizedTipPosition":[29.9804,221.19,-11.2656],"timeVisible":10.4755,"tipPosition":[25.3549,218.752,-5.07969],"tipVelocity":[-47.7257,-40.0065,55.9068],"tool":false,"touchDistance":0.333333,"touchZone":"none","type":2,"width":18.5095},{"bases":[[[0.957134,-0.253879,0.139426],[0.171564,0.884766,0.433306],[-0.233367,-0.390812,0.890397]],[[0.954733,-0.257806,0.148395],[0.269898,0.541033,-0.796517],[0.12506,0.800512,0.586123]],[[0.954733,-0.257806,0.148395],[-0.084052,-0.712342,-0.696781],[0.285342,0.652767,-0.701766]],[[0.954733,-0.257806,0.148395],[-0.234989,-0.959537,-0.155145],[0.182388,0.113251,-0.976683]]],"btipPosition":[36.6024,219.627,8.624],"carpPosition":[38.8257,250.304,51.761],"dipPosition":[39.9227,221.689,-9.15588],"direction":[-0.285342,-0.652767,0.701766],"extended":false,"handId":487,"id":4873,"length":62.7745,"mcpPosition":[53.0685,274.156,-2.58167],"pipPosition":[47.6243,239.307,-28.0971],"stabilizedTipPosition":[41.9363,222.478,-1.61722],"timeVisible":10.4755,"tipPosition":[37.4196,220.226,4.67599],"tipVelocity":[-43.4725,-36.7297,45.2172],"tool":false,"touchDistance":0.333333,"touchZone":"none","type":3,"width":17.613},{"bases":[[[0.882099,-0.440081,0.168018],[0.297049,0.796482,0.526668],[-0.3656,-0.414664,0.833301]],[[0.8715,-0.451536,0.19132],[0.42985,0.515586,-0.741215],[0.236043,0.728208,0.643426]],[[0.8715,-0.451536,0.19132],[-0.171752,-0.646464,-0.743361],[0.459335,0.61498,-0.640945]],[[0.8715,-0.451536,0.19132],[-0.404928,-0.882657,-0.238641],[0.276625,0.130505,-0.952075]]],"btipPosition":[49.625,227.266,10.2241],"carpPosition":[50.501,242.838,51.266],"dipPosition":[54.2708,229.458,-5.76539],"direction":[-0.459335,-0.61498,0.640945],"extended":false,"handId":487,"id":4874,"length":49.214,"mcpPosition":[71.1562,266.265,4.18729],"pipPosition":[63.0242,241.178,-17.9797],"stabilizedTipPosition":[55.0456,229.826,1.25707],"timeVisible":10.4755,"tipPosition":[51.0961,227.685,6.58087],"tipVelocity":[-46.3508,-32.8642,44.3585],"tool":false,"touchDistance":0.333333,"touchZone":"none","type":4,"width":15.6452}],"r":[[0.748755,0.590522,0.301082],[-0.558928,0.806652,-0.192127],[-0.356323,-0.024427,0.934043]],"s":1.36373,"t":[42.0514,83.8544,-113.57],"timestamp":93623180547},false],[3,{"currentFrameRate":53.8893,"devices":[],"gestures":[{"center":[-17.5194,322.35,-95.2594],"duration":0,"handIds":[487],"id":11,"normal":[-0.0512815,0.0254468,0.99836],"pointableIds":[4871],"progress":1,"radius":23.6497,"state":"start","type":"circle"}],"hands":[{"armBasis":[[0.993103,0.0555868,-0.103234],[-0.0239169,0.958002,0.285762],[0.114783,-0.281322,0.952724]],"armWidth":62.0842,"confidence":0.760201,"direction":[0.101952,0.525455,-0.844691],"elbow":[64.5588,161.281,306.757],"grabStrength":0,"id":487,"palmNormal":[0.0521683,-0.850771,-0.52294],"palmPosition":[32.5685,259.422,8.63406],"palmVelocity":[-40.4015,-62.2334,30.3312],"palmWidth":88.6541,"pinchStrength":0.368656,"r":[[0.750386,0.591331,0.29538],[-0.559749,0.806146,-0.19186],[-0.351572,-0.0213694,0.935917]],"s":1.36181,"sphereCenter":[0.657818,244.412,-28.2252],"sphereRadius":52.9186,"stabilizedPalmPosition":[37.2217,262.942,2.59631],"t":[41.3297,82.6988,-113.039],"timeVisible":10.4935,"type":"right","wrist":[34.363,235.288,56.1253]}],"id":1693064,"interactionBox":{"center":[0,200,0],"size":[235.247,235.247,147.751]},"pointables":[{"bases":[[[0.372983,0.859765,0.348839],[-0.862617,0.182854,0.471652],[0.341723,-0.476833,0.809849]],[[0.314567,0.924084,0.217064],[-0.858384,0.179298,0.480655],[0.405246,-0.337523,0.84962]],[[0.314567,0.924084,0.217064],[-0.906713,0.36019,-0.219397],[-0.280926,-0.1278,0.951182]],[[0.314567,0.924084,0.217064],[-0.826676,0.379082,-0.415817],[-0.466535,-0.0486395,0.883164]]],"btipPosition":[7.2397,246.611,-42.7912],"carpPosition":[6.97857,224.841,50.2682],"dipPosition":[-3.3986,245.502,-22.6526],"direction":[0.280926,0.1278,-0.951182],"extended":false,"handId":487,"id":4870,"length":50.7785,"mcpPosition":[6.97857,224.841,50.2682],"pipPosition":[-12.731,241.257,8.94599],"stabilizedTipPosition":[8.59697,251.304,-41.8338],"timeVisible":10.4935,"tipPosition":[4.25833,247.355,-37.7988],"tipVelocity":[-54.9284,-83.735,38.4378],"tool":false,"touchDistance":0.440287,"touchZone":"hovering","type":0,"width":19.7302},{"bases":[[[0.996436,0.0791076,-0.0292961],[-0.0614251,0.918429,0.390789],[0.0578207,-0.387596,0.920014]],[[0.965422,0.154053,-0.210306],[-0.0360583,0.877875,0.47753],[0.258187,-0.453435,0.853075]],[[0.965422,0.154053,-0.210306],[-0.078639,0.941234,0.328472],[0.248549,-0.300576,0.920803]],[[0.965422,0.154053,-0.210306],[-0.11224,0.973747,0.19804],[0.235293,-0.167587,0.957367]]],"btipPosition":[-9.86824,303.087,-86.9574],"carpPosition":[14.8542,246.455,52.3214],"dipPosition":[-5.95132,300.297,-71.0202],"direction":[-0.248549,0.300576,-0.920803],"extended":true,"handId":487,"id":4871,"length":57.2978,"mcpPosition":[10.7096,274.238,-13.6261],"pipPosition":[-0.0980095,293.219,-49.3354],"stabilizedTipPosition":[-8.08303,303.578,-83.7082],"timeVisible":10.4935,"tipPosition":[-8.91298,301.832,-83.5286],"tipVelocity":[-69.3949,-92.0719,31.0714],"tool":false,"touchDistance":-0.0819833,"touchZone":"touching","type":1,"width":18.8462},{"bases":[[[0.99086,-0.131722,0.0290827],[0.109203,0.909848,0.400314],[-0.0791909,-0.393479,0.915917]],[[0.992221,-0.123987,0.0111318],[0.0835784,0.597226,-0.797707],[0.0922573,0.792432,0.602943]],[[0.992221,-0.123987,0.0111318],[-0.0787922,-0.694732,-0.71494],[0.0963771,0.708502,-0.699097]],[[0.992221,-0.123987,0.0111318],[-0.120862,-0.980897,-0.152423],[0.0298177,0.149892,-0.988253]]],"btipPosition":[24.3792,216.297,-1.01945],"carpPosition":[26.545,249.139,52.0938],"dipPosition":[24.9252,219.042,-19.1139],"direction":[-0.0963771,-0.708502,0.699097],"extended":false,"handId":487,"id":4872,"length":65.2863,"mcpPosition":[31.9281,275.887,-10.1674],"pipPosition":[27.5955,238.672,-38.4834],"stabilizedTipPosition":[29.5096,220.823,-10.7425],"timeVisible":10.4935,"tipPosition":[24.5452,217.029,-4.84908],"tipVelocity":[-46.376,-66.6873,32.7345],"tool":false,"touchDistance":0.333333,"touchZone":"none","type":2,"width":18.5095},{"bases":[[[0.957336,-0.256401,0.13329],[0.177136,0.885105,0.430362],[-0.228321,-0.388391,0.892761]],[[0.955055,-0.26019,0.142023],[0.266785,0.54563,-0.794427],[0.12921,0.796611,0.590522]],[[0.955055,-0.26019,0.142023],[-0.0868152,-0.70362,-0.705253],[0.28343,0.661226,-0.694584]],[[0.955055,-0.26019,0.142023],[-0.236169,-0.957443,-0.165911],[0.179147,0.124913,-0.97586]]],"btipPosition":[35.9049,217.588,8.37773],"carpPosition":[38.5062,248.683,52.0593],"dipPosition":[39.1661,219.862,-9.38718],"direction":[-0.28343,-0.661226,0.694584],"extended":false,"handId":487,"id":4873,"length":62.7745,"mcpPosition":[52.441,272.387,-2.42765],"pipPosition":[46.8162,237.709,-28.1346],"stabilizedTipPosition":[41.491,222.11,-1.11899],"timeVisible":10.4935,"tipPosition":[36.6981,218.333,4.63023],"tipVelocity":[-41.5502,-71.6516,17.3743],"tool":false,"touchDistance":0.333333,"touchZone":"none","type":3,"width":17.613},{"bases":[[[0.88196,-0.442326,0.162769],[0.303008,0.796637,0.523026],[-0.361015,-0.411967,0.836631]],[[0.870326,-0.454904,0.188665],[0.429877,0.514822,-0.74173],[0.240287,0.72665,0.643616]],[[0.870326,-0.454904,0.188665],[-0.175451,-0.644369,-0.744315],[0.460162,0.614696,-0.640625]],[[0.870326,-0.454904,0.188665],[-0.408758,-0.880939,-0.238461],[0.274679,0.130421,-0.95265]]],"btipPosition":[48.8918,225.519,10.2651],"carpPosition":[50.156,241.183,51.4981],"dipPosition":[53.5048,227.709,-5.73398],"direction":[-0.460162,-0.614696,0.640625],"extended":false,"handId":487,"id":4874,"length":49.214,"mcpPosition":[70.5522,264.458,4.23134],"pipPosition":[62.274,239.423,-17.9422],"stabilizedTipPosition":[54.5901,229.485,1.73368],"timeVisible":10.4935,"tipPosition":[50.3465,225.946,6.69866],"tipVelocity":[-43.8431,-63.2405,24.3319],"tool":false,"touchDistance":0.333333,"touchZone":"none","type":4,"width":15.6452}],"r":[[0.750386,0.591331,0.29538],[-0.559749,0.806146,-0.19186],[-0.351572,-0.0213694,0.935917]],"s":1.36181,"t":[41.3297,82.6988,-113.039],"timestamp":93623198586},false],[4,{"currentFrameRate":54.0118,"devices":[],"gestures":[{"center":[-17.5194,322.35,-95.2594],"duration":0,"handIds":[487],"id":11,"normal":[-0.0512815,0.0254468,0.99836],"pointableIds":[4871],"progress":1,"radius":23.6497,"state":"start","type":"circle"}],"hands":[{"armBasis":[[0.993115,0.0572244,-0.10222],[-0.0259186,0.958281,0.284651],[0.114244,-0.280041,0.953166]],"armWidth":62.0842,"confidence":0.784862,"direction":[0.0998275,0.525337,-0.845018],"elbow":[64.1479,160.928,307.346],"grabStrength":0,"id":487,"palmNormal":[0.0537566,-0.850867,-0.522623],"palmPosition":[32.1932,258.707,9.09832],"palmVelocity":[-31.0624,-51.4568,28.1189],"palmWidth":88.6541,"pinchStrength":0.376353,"r":[[0.751435,0.59236,0.290612],[-0.560839,0.805449,-0.191602],[-0.347571,-0.0190098,0.937461]],"s":1.35967,"sphereCenter":[0.433789,243.474,-27.7891],"sphereRadius":52.817,"stabilizedPalmPosition":[36.7658,262.558,3.18581],"t":[40.7812,81.7633,-112.542],"timeVisible":10.5116,"type":"right","wrist":[34.0938,234.598,56.5982]}],"id":1693065,"interactionBox":{"center":[0,200,0],"size":[235.247,235.247,147.751]},"pointables":[{"bases":[[[0.371201,0.860834,0.348101],[-0.862604,0.180929,0.472418],[0.343692,-0.475635,0.80972]],[[0.311704,0.925616,0.214653],[-0.858721,0.177715,0.480641],[0.406742,-0.334145,0.85024]],[[0.311704,0.925616,0.214653],[-0.908169,0.356651,-0.219155],[-0.279409,-0.12663,0.951785]],[[0.311704,0.925616,0.214653],[-0.83022,0.375186,-0.412274],[-0.462142,-0.0497018,0.885412]]],"btipPosition":[6.76738,245.672,-42.3884],"carpPosition":[6.72956,224.081,50.7725],"dipPosition":[-3.77075,244.539,-22.1985],"direction":[0.279409,0.12663,-0.951785],"extended":false,"handId":487,"id":4870,"length":50.7785,"mcpPosition":[6.72956,224.081,50.7725],"pipPosition":[-13.0528,240.332,9.42009],"stabilizedTipPosition":[7.76314,250.149,-41.0322],"timeVisible":10.5116,"tipPosition":[3.86294,246.403,-37.3727],"tipVelocity":[-40.6316,-68.7706,31.0673],"tool":false,"touchDistance":0.435811,"touchZone":"hovering","type":0,"width":19.7302},{"bases":[[[0.996208,0.081554,-0.0303066],[-0.0633096,0.918444,0.390451],[0.0596777,-0.387052,0.920125]],[[0.964875,0.156282,-0.211167],[-0.0380712,0.878505,0.476214],[0.259935,-0.451448,0.853598]],[[0.964875,0.156282,-0.211167],[-0.0819815,0.942789,0.323152],[0.249588,-0.29449,0.922487]],[[0.964875,0.156282,-0.211167],[-0.116513,0.975,0.189206],[0.235457,-0.157956,0.958963]]],"btipPosition":[-10.4021,301.921,-86.5663],"carpPosition":[14.5538,245.715,52.8086],"dipPosition":[-6.48245,299.292,-70.6024],"direction":[-0.249588,0.29449,-0.922487],"extended":true,"handId":487,"id":4871,"length":57.2978,"mcpPosition":[10.2761,273.459,-13.1468],"pipPosition":[-0.60466,292.357,-48.878],"stabilizedTipPosition":[-9.12649,301.913,-83.1093],"timeVisible":10.5116,"tipPosition":[-9.4627,300.853,-83.0754],"tipVelocity":[-50.4292,-77.9869,26.7464],"tool":false,"touchDistance":-0.0753622,"touchZone":"touching","type":1,"width":18.8462},{"bases":[[[0.99121,-0.129263,0.0281689],[0.107348,0.910289,0.399813],[-0.0773229,-0.393275,0.916164]],[[0.992532,-0.12155,0.0102526],[0.0820683,0.603222,-0.793339],[0.0902459,0.788256,0.608693]],[[0.992532,-0.12155,0.0102526],[-0.0769373,-0.689027,-0.720641],[0.0946582,0.71447,-0.693233]],[[0.992532,-0.12155,0.0102526],[-0.118418,-0.980296,-0.158102],[0.0292678,0.155707,-0.98737]]],"btipPosition":[24.0971,215.497,-1.01037],"carpPosition":[26.2377,248.428,52.5684],"dipPosition":[24.633,218.348,-19.0887],"direction":[-0.0946582,-0.71447,0.693233],"extended":false,"handId":487,"id":4872,"length":65.2863,"mcpPosition":[31.4939,275.162,-9.70961],"pipPosition":[27.2557,238.143,-38.2957],"stabilizedTipPosition":[28.9168,220.3,-10.1177],"timeVisible":10.5116,"tipPosition":[24.2578,216.262,-4.69482],"tipVelocity":[-31.8105,-55.3988,17.5125],"tool":false,"touchDistance":0.333333,"touchZone":"none","type":2,"width":18.5095},{"bases":[[[0.958096,-0.253979,0.132463],[0.175372,0.885727,0.429805],[-0.226487,-0.388564,0.893152]],[[0.955885,-0.257686,0.141005],[0.265048,0.549705,-0.792196],[0.126627,0.794621,0.593754]],[[0.955885,-0.257686,0.141005],[-0.0842513,-0.700374,-0.708786],[0.281401,0.665638,-0.691187]],[[0.955885,-0.257686,0.141005],[-0.233132,-0.957557,-0.169513],[0.178701,0.129162,-0.975389]]],"btipPosition":[35.6621,216.807,8.57592],"carpPosition":[38.1999,248.002,52.5224],"dipPosition":[38.9153,219.158,-9.1804],"direction":[-0.281401,-0.665638,0.691187],"extended":false,"handId":487,"id":4873,"length":62.7745,"mcpPosition":[52.0229,271.716,-1.98847],"pipPosition":[46.5105,237.124,-27.8361],"stabilizedTipPosition":[40.9239,221.578,-0.49271],"timeVisible":10.5116,"tipPosition":[36.4379,217.575,4.90438],"tipVelocity":[-28.2324,-57.6555,14.3782],"tool":false,"touchDistance":0.333333,"touchZone":"none","type":3,"width":17.613},{"bases":[[[0.883208,-0.440077,0.162096],[0.301553,0.79761,0.522384],[-0.359178,-0.412493,0.837162]],[[0.870612,-0.453719,0.190196],[0.431585,0.518793,-0.737962],[0.236155,0.724564,0.647486]],[[0.870612,-0.453719,0.190196],[-0.170142,-0.640424,-0.748939],[0.461613,0.619675,-0.634757]],[[0.870612,-0.453719,0.190196],[-0.405626,-0.880768,-0.244368],[0.278393,0.135601,-0.950847]]],"btipPosition":[48.552,224.785,10.4145],"carpPosition":[49.8677,240.53,51.953],"dipPosition":[53.2274,227.063,-5.55427],"direction":[-0.461613,-0.619675,0.634757],"extended":false,"handId":487,"id":4874,"length":49.214,"mcpPosition":[70.1601,263.834,4.65621],"pipPosition":[62.0242,238.872,-17.6506],"stabilizedTipPosition":[54.032,229.016,2.29683],"timeVisible":10.5116,"tipPosition":[50.0041,225.258,6.95856],"tipVelocity":[-31.5592,-51.9375,16.8786],"tool":false,"touchDistance":0.333333,"touchZone":"none","type":4,"width":15.6452}],"r":[[0.751435,0.59236,0.290612],[-0.560839,0.805449,-0.191602],[-0.347571,-0.0190098,0.937461]],"s":1.35967,"t":[40.7812,81.7633,-112.542],"timestamp":93623216667},false],[5,{"currentFrameRate":54.122,"devices":[],"gestures":[{"center":[-17.5194,322.35,-95.2594],"duration":0,"handIds":[487],"id":11,"normal":[-0.0512815,0.0254468,0.99836],"pointableIds":[4871],"progress":1,"radius":23.6497,"state":"start","type":"circle"}],"hands":[{"armBasis":[[0.993107,0.0594343,-0.101024],[-0.0278405,0.956849,0.289248],[0.113856,-0.284442,0.951908]],"armWidth":62.0842,"confidence":0.801649,"direction":[0.0987716,0.525702,-0.844915],"elbow":[63.8526,159.434,307.248],"grabStrength":0,"id":487,"palmNormal":[0.0549429,-0.850653,-0.522849],"palmPosition":[31.9491,258.379,9.33741],"palmVelocity":[-22.7104,-35.6083,21.0348],"palmWidth":88.6541,"pinchStrength":0.382903,"r":[[0.75209,0.593395,0.28678],[-0.561972,0.804726,-0.19132],[-0.344308,-0.0172722,0.938698]],"s":1.35731,"sphereCenter":[0.380401,242.942,-27.634],"sphereRadius":52.7027,"stabilizedPalmPosition":[36.2893,262.145,3.79436],"t":[40.3849,81.1317,-112.174],"timeVisible":10.5297,"type":"right","wrist":[33.9006,234.262,56.8308]}],"id":1693066,"interactionBox":{"center":[0,200,0],"size":[235.247,235.247,147.751]},"pointables":[{"bases":[[[0.36995,0.861328,0.348212],[-0.862755,0.179463,0.472701],[0.34466,-0.475297,0.809507]],[[0.309848,0.926437,0.213797],[-0.859071,0.176433,0.480488],[0.407421,-0.332545,0.850542]],[[0.309848,0.926437,0.213797],[-0.909224,0.354472,-0.218314],[-0.27804,-0.126745,0.952171]],[[0.309848,0.926437,0.213797],[-0.833617,0.372848,-0.407513],[-0.457249,-0.0519582,0.88782]]],"btipPosition":[6.39893,245.272,-42.2332],"carpPosition":[6.5512,223.703,51.01],"dipPosition":[-4.02762,244.087,-21.9885],"direction":[0.27804,0.126745,-0.952171],"extended":false,"handId":487,"id":4870,"length":50.7785,"mcpPosition":[6.5512,223.703,51.01],"pipPosition":[-13.2642,239.877,9.64295],"stabilizedTipPosition":[6.99437,249.097,-40.3261],"timeVisible":10.5297,"tipPosition":[3.58542,245.955,-37.1943],"tipVelocity":[-30.3244,-46.9096,20.707],"tool":false,"touchDistance":0.42808,"touchZone":"hovering","type":0,"width":19.7302},{"bases":[[[0.996071,0.0831199,-0.0305618],[-0.0646383,0.918247,0.390696],[0.0605379,-0.387186,0.920012]],[[0.964644,0.15774,-0.211139],[-0.0397168,0.878973,0.475215],[0.260545,-0.450028,0.854161]],[[0.964644,0.15774,-0.211139],[-0.0846952,0.944159,0.318419],[0.249576,-0.289279,0.924137]],[[0.964644,0.15774,-0.211139],[-0.119948,0.9761,0.181219],[0.234678,-0.149486,0.96051]]],"btipPosition":[-10.6877,301.241,-86.4057],"carpPosition":[14.3422,245.349,53.0494],"dipPosition":[-6.78102,298.753,-70.4161],"direction":[-0.249576,0.289279,-0.924137],"extended":true,"handId":487,"id":4871,"length":57.2978,"mcpPosition":[10.0028,273.103,-12.898],"pipPosition":[-0.903531,291.94,-48.6527],"stabilizedTipPosition":[-9.65399,300.923,-82.8059],"timeVisible":10.5297,"tipPosition":[-9.7707,300.346,-82.8555],"tipVelocity":[-34.0392,-57.924,18.4071],"tool":false,"touchDistance":-0.072587,"touchZone":"touching","type":1,"width":18.8462},{"bases":[[[0.991419,-0.127719,0.0278629],[0.106035,0.910357,0.400009],[-0.076454,-0.393622,0.916088]],[[0.992714,-0.120066,0.0101025],[0.081834,0.610311,-0.787923],[0.0884374,0.78301,0.61569]],[[0.992714,-0.120066,0.0101025],[-0.0748806,-0.680452,-0.728957],[0.0943974,0.72289,-0.684485]],[[0.992714,-0.120066,0.0101025],[-0.11667,-0.978799,-0.168346],[0.030101,0.165941,-0.985676]]],"btipPosition":[23.899,214.998,-1.36901],"carpPosition":[26.0217,248.08,52.8066],"dipPosition":[24.4501,218.036,-19.4163],"direction":[-0.0943974,-0.72289,0.684485],"extended":false,"handId":487,"id":4872,"length":65.2863,"mcpPosition":[31.2188,274.838,-9.46625],"pipPosition":[27.0655,238.065,-38.3809],"stabilizedTipPosition":[28.2395,219.663,-9.48109],"timeVisible":10.5297,"tipPosition":[24.0649,215.846,-4.89171],"tipVelocity":[-21.8029,-41.0304,-0.0521833],"tool":false,"touchDistance":0.333333,"touchZone":"none","type":2,"width":18.5095},{"bases":[[[0.958529,-0.252513,0.132135],[0.174105,0.885894,0.429976],[-0.225632,-0.389139,0.893119]],[[0.956335,-0.25621,0.14064],[0.264817,0.555972,-0.787888],[0.123672,0.790729,0.599544]],[[0.956335,-0.25621,0.14064],[-0.0813925,-0.695622,-0.713782],[0.280711,0.671168,-0.686101]],[[0.956335,-0.25621,0.14064],[-0.230891,-0.957307,-0.173934],[0.1792,0.133867,-0.974663]]],"btipPosition":[35.5327,216.447,8.41021],"carpPosition":[37.9846,247.672,52.7571],"dipPosition":[38.795,218.884,-9.33289],"direction":[-0.280711,-0.671168,0.686101],"extended":false,"handId":487,"id":4873,"length":62.7745,"mcpPosition":[51.7554,271.422,-1.75164],"pipPosition":[46.3716,237,-27.8514],"stabilizedTipPosition":[40.2944,220.959,0.161396],"timeVisible":10.5297,"tipPosition":[36.2893,217.226,4.84889],"tipVelocity":[-18.1556,-39.1766,3.26692],"tool":false,"touchDistance":0.333333,"touchZone":"none","type":3,"width":17.613},{"bases":[[[0.883941,-0.438735,0.161743],[0.300449,0.797951,0.522498],[-0.358301,-0.413262,0.837159]],[[0.869498,-0.454313,0.193838],[0.436316,0.522507,-0.73254],[0.231521,0.721516,0.652543]],[[0.869498,-0.454313,0.193838],[-0.164148,-0.635908,-0.754107],[0.465864,0.623876,-0.627495]],[[0.869498,-0.454313,0.193838],[-0.403729,-0.879775,-0.250994],[0.284564,0.139981,-0.948382]]],"btipPosition":[48.2736,224.47,10.2904],"carpPosition":[49.6639,240.219,52.1827],"dipPosition":[53.0527,226.82,-5.63702],"direction":[-0.465864,-0.623876,0.627495],"extended":false,"handId":487,"id":4874,"length":49.214,"mcpPosition":[69.9067,263.567,4.88607],"pipPosition":[61.9305,238.709,-17.595],"stabilizedTipPosition":[53.4102,228.481,2.87478],"timeVisible":10.5297,"tipPosition":[49.7447,224.967,6.95079],"tipVelocity":[-23.2458,-35.1038,5.84136],"tool":false,"touchDistance":0.333333,"touchZone":"none","type":4,"width":15.6452}],"r":[[0.75209,0.593395,0.28678],[-0.561972,0.804726,-0.19132],[-0.344308,-0.0172722,0.938698]],"s":1.35731,"t":[40.3849,81.1317,-112.174],"timestamp":93623234755},false],[6,{"currentFrameRate":54.2223,"devices":[],"gestures":[{"center":[-17.5194,322.35,-95.2594],"duration":0,"handIds":[487],"id":11,"normal":[-0.0512815,0.0254468,0.99836],"pointableIds":[4871],"progress":1,"radius":23.6497,"state":"start","type":"circle"}],"hands":[{"armBasis":[[0.993035,0.0612242,-0.100665],[-0.0293082,0.955892,0.292253],[0.114118,-0.287267,0.951028]],"armWidth":62.0842,"confidence":0.824159,"direction":[0.0979036,0.52646,-0.844544],"elbow":[63.7796,158.439,307.118],"grabStrength":0,"id":487,"palmNormal":[0.0559602,-0.85019,-0.523493],"palmPosition":[31.7657,258.16,9.45716],"palmVelocity":[-16.7337,-24.438,14.1816],"palmWidth":88.6541,"pinchStrength":0.394343,"r":[[0.75246,0.594373,0.28377],[-0.563096,0.804028,-0.190948],[-0.341653,-0.016109,0.939688]],"s":1.35438,"sphereCenter":[0.461634,242.481,-27.6357],"sphereRadius":52.5443,"stabilizedPalmPosition":[35.8205,261.732,4.38129],"t":[40.0951,80.7063,-111.93],"timeVisible":10.5478,"type":"right","wrist":[33.7588,234.01,56.9322]}],"id":1693067,"interactionBox":{"center":[0,200,0],"size":[235.247,235.247,147.751]},"pointables":[{"bases":[[[0.368882,0.861557,0.348777],[-0.862895,0.17797,0.473011],[0.345453,-0.475443,0.809083]],[[0.307922,0.9273,0.212833],[-0.859665,0.175333,0.479827],[0.407627,-0.330715,0.851157]],[[0.307922,0.9273,0.212833],[-0.910124,0.352279,-0.218112],[-0.277232,-0.126543,0.952433]],[[0.307922,0.9273,0.212833],[-0.836629,0.37043,-0.403526],[-0.45303,-0.0538082,0.88987]]],"btipPosition":[6.13688,244.935,-42.2195],"carpPosition":[6.42219,223.419,51.1091],"dipPosition":[-4.19346,243.708,-21.928],"direction":[0.277232,0.126543,-0.952433],"extended":false,"handId":487,"id":4870,"length":50.7785,"mcpPosition":[6.42219,223.419,51.1091],"pipPosition":[-13.4032,239.504,9.71215],"stabilizedTipPosition":[6.30885,248.155,-39.7381],"timeVisible":10.5478,"tipPosition":[3.39388,245.6,-37.155],"tipVelocity":[-22.213,-33.7255,11.5058],"tool":false,"touchDistance":0.418972,"touchZone":"hovering","type":0,"width":19.7302},{"bases":[[[0.995954,0.0844593,-0.0307029],[-0.065772,0.91787,0.391393],[0.0612381,-0.38779,0.919711]],[[0.964479,0.159047,-0.210911],[-0.0415692,0.879862,0.473408],[0.260867,-0.447825,0.85522]],[[0.964479,0.159047,-0.210911],[-0.0877576,0.945999,0.312066],[0.249155,-0.282472,0.926354]],[[0.964479,0.159047,-0.210911],[-0.123795,0.977463,0.170997],[0.233355,-0.138814,0.962432]]],"btipPosition":[-10.8767,300.58,-86.399],"carpPosition":[14.185,245.074,53.163],"dipPosition":[-6.992,298.269,-70.3774],"direction":[-0.249155,0.282472,-0.926354],"extended":true,"handId":487,"id":4871,"length":57.2978,"mcpPosition":[9.79536,272.871,-12.7628],"pipPosition":[-1.12441,291.617,-48.5619],"stabilizedTipPosition":[-9.93451,300.178,-82.7276],"timeVisible":10.5478,"tipPosition":[-9.98846,299.909,-82.7699],"tipVelocity":[-22.9552,-46.7046,10.0245],"tool":false,"touchDistance":-0.0723532,"touchZone":"touching","type":1,"width":18.8462},{"bases":[[[0.991593,-0.126429,0.0275657],[0.104913,0.910199,0.400664],[-0.075746,-0.394404,0.91581]],[[0.992871,-0.118783,0.00986118],[0.0819798,0.620496,-0.779913],[0.0865217,0.775161,0.625811]],[[0.992871,-0.118783,0.00986118],[-0.072705,-0.669118,-0.739592],[0.0944494,0.733602,-0.672984]],[[0.992871,-0.118783,0.00986118],[-0.115067,-0.9768,-0.180616],[0.0310866,0.178194,-0.983504]]],"btipPosition":[23.7605,214.639,-2.07055],"carpPosition":[25.8608,247.821,52.9199],"dipPosition":[24.3296,217.902,-20.0781],"direction":[-0.0944493,-0.733602,0.672984],"extended":false,"handId":487,"id":4872,"length":65.2863,"mcpPosition":[31.0098,274.632,-9.33409],"pipPosition":[26.9465,238.228,-38.7241],"stabilizedTipPosition":[27.6719,219.105,-9.05435],"timeVisible":10.5478,"tipPosition":[23.9285,215.563,-5.38911],"tipVelocity":[-14.969,-29.594,-18.2257],"tool":false,"touchDistance":0.333333,"touchZone":"none","type":2,"width":18.5095},{"bases":[[[0.958889,-0.251344,0.131752],[0.173022,0.885803,0.4306],[-0.224934,-0.390101,0.892875]],[[0.956704,-0.255047,0.140248],[0.264954,0.563653,-0.782365],[0.120489,0.78565,0.606825]],[[0.956704,-0.255047,0.140248],[-0.0779784,-0.688823,-0.720724],[0.280424,0.678583,-0.678887]],[[0.956704,-0.255047,0.140248],[-0.228459,-0.956559,-0.181109],[0.180347,0.141227,-0.973412]]],"btipPosition":[35.4553,216.15,8.00121],"carpPosition":[37.8242,247.429,52.8677],"dipPosition":[38.7384,218.721,-9.71912],"direction":[-0.280424,-0.678583,0.678887],"extended":false,"handId":487,"id":4873,"length":62.7745,"mcpPosition":[51.5524,271.238,-1.62621],"pipPosition":[46.3072,237.036,-28.0429]