{"sensorType":"Leap","data":[[0,{"currentFrameRate":54.5466,"devices":[],"gestures":[{"center":[-18.2006,323.388,-94.3386],"duration":54217,"handIds":[487],"id":3,"normal":[-0.0626503,0.0406679,0.997207],"pointableIds":[4871],"progress":1.12856,"radius":19.2272,"state":"update","type":"circle"}],"hands":[{"armBasis":[[0.994157,-0.0406729,-0.0999833],[0.0700483,0.94785,0.310924],[0.082123,-0.316112,0.945161]],"armWidth":62.0842,"confidence":0.757008,"direction":[-0.00296978,0.704694,-0.709505],"elbow":[59.8572,130.066,294.38],"grabStrength":0,"id":487,"palmNormal":[-0.0797974,-0.707413,-0.702281],"palmPosition":[30.3578,247.729,5.88509],"palmVelocity":[-12.3203,-73.5418,64.6077],"palmWidth":88.6541,"pinchStrength":0.032131,"r":[[0.837426,0.475678,0.269161],[-0.509742,0.857422,0.0706441],[-0.197181,-0.196362,0.960501]],"s":1.39458,"sphereCenter":[0.00752412,235.851,-32.2947],"sphereRadius":50.3187,"stabilizedPalmPosition":[32.2291,250.58,1.99679],"t":[38.5875,71.2166,-116.424],"timeVisible":3.24482,"type":"right","wrist":[38.2532,213.225,45.7375]}],"id":1692669,"interactionBox":{"center":[0,200,0],"size":[235.247,235.247,147.751]},"pointables":[{"bases":[[[0.471906,0.748295,0.466219],[-0.765378,0.0852342,0.637911],[0.437608,-0.657868,0.612951]],[[0.423654,0.812872,0.399696],[-0.720024,0.0344626,0.693093],[0.549621,-0.581422,0.599887]],[[0.423654,0.812872,0.399696],[-0.90506,0.397982,0.149923],[-0.0372036,-0.425265,0.904304]],[[0.423654,0.812872,0.399696],[-0.895101,0.443375,0.0470498],[-0.13897,-0.377701,0.915439]]],"btipPosition":[-12.5907,255.965,-37.7585],"carpPosition":[9.73591,204.946,42.3335],"dipPosition":[-15.7596,247.352,-16.884],"direction":[0.0372036,0.425265,-0.904304],"extended":false,"handId":487,"id":4870,"length":50.7785,"mcpPosition":[9.73591,204.946,42.3335],"pipPosition":[-16.9956,233.224,13.1573],"stabilizedTipPosition":[-12.2197,256.512,-35.0884],"timeVisible":3.24482,"tipPosition":[-13.4913,254.192,-32.8676],"tipVelocity":[-16.3516,-93.1091,59.9662],"tool":false,"touchDistance":0.150923,"touchZone":"hovering","type":0,"width":19.7302},{"bases":[[[0.982157,0.0645625,-0.176633],[0.0536532,0.803995,0.59221],[0.180246,-0.591121,0.786186]],[[0.937876,0.16302,-0.306288],[0.040048,0.825992,0.562258],[0.34465,-0.539595,0.76815]],[[0.937876,0.16302,-0.306288],[-0.0316367,0.919254,0.392392],[0.345524,-0.358325,0.867304]],[[0.937876,0.16302,-0.306288],[-0.0874932,0.965342,0.245886],[0.335757,-0.203812,0.919635]]],"btipPosition":[-22.0151,302.133,-76.3856],"carpPosition":[19.0584,225.342,47.8574],"dipPosition":[-16.4258,298.74,-61.0764],"direction":[-0.345524,0.358325,-0.867304],"extended":true,"handId":487,"id":4871,"length":57.2978,"mcpPosition":[6.13816,267.714,-8.49716],"pipPosition":[-8.28873,290.301,-40.6515],"stabilizedTipPosition":[-20.5263,302.608,-73.4659],"timeVisible":3.24482,"tipPosition":[-20.4706,301.379,-72.9506],"tipVelocity":[-23.9748,-110.435,52.2442],"tool":false,"touchDistance":0.167782,"touchZone":"hovering","type":1,"width":18.8462},{"bases":[[[0.973846,-0.153908,-0.167144],[0.22287,0.790162,0.57094],[0.0441993,-0.593259,0.803798]],[[0.97328,-0.147156,-0.176267],[-0.0201774,0.709868,-0.704045],[0.228731,0.68879,0.687932]],[[0.97328,-0.147156,-0.176267],[-0.216932,-0.337646,-0.915934],[0.0752698,0.929699,-0.360547]],[[0.97328,-0.147156,-0.176267],[-0.226606,-0.739515,-0.633852],[-0.0370767,0.656859,-0.753102]]],"btipPosition":[15.5473,197.976,-16.8766],"carpPosition":[30.7003,227.781,46.2921],"dipPosition":[14.8684,210.003,-30.6655],"direction":[-0.0752698,-0.929699,0.360547],"extended":false,"handId":487,"id":4872,"length":65.2863,"mcpPosition":[27.6958,268.109,-8.34765],"pipPosition":[16.9539,235.761,-40.655],"stabilizedTipPosition":[19.7676,205.057,-31.9846],"timeVisible":3.24482,"tipPosition":[15.1435,200.372,-21.095],"tipVelocity":[-5.66708,-72.1966,89.3417],"tool":false,"touchDistance":0.333333,"touchZone":"none","type":2,"width":18.5095},{"bases":[[[0.950145,-0.298658,-0.0895982],[0.293173,0.757833,0.582871],[-0.106179,-0.58008,0.80761]],[[0.95107,-0.293381,-0.0969244],[0.126282,0.65539,-0.744659],[0.281992,0.695982,0.66037]],[[0.95107,-0.293381,-0.0969244],[-0.209537,-0.381886,-0.900143],[0.227071,0.876408,-0.424674]],[[0.95107,-0.293381,-0.0969244],[-0.291436,-0.747602,-0.596788],[0.102625,0.595834,-0.796524]]],"btipPosition":[28.6673,197.719,-7.91555],"carpPosition":[42.4599,227.115,44.1596],"dipPosition":[30.5355,208.566,-22.4157],"direction":[-0.227071,-0.876408,0.424674],"extended":false,"handId":487,"id":4873,"length":62.7745,"mcpPosition":[48.9402,262.519,-5.13041],"pipPosition":[36.6644,232.221,-33.8781],"stabilizedTipPosition":[33.2965,203.73,-22.7475],"timeVisible":3.24482,"tipPosition":[28.8784,199.788,-12.3029],"tipVelocity":[-6.08384,-70.434,76.8852],"tool":false,"touchDistance":0.333333,"touchZone":"none","type":3,"width":17.613},{"bases":[[[0.869881,-0.484872,-0.0905913],[0.426846,0.647909,0.630885],[-0.247203,-0.587463,0.770569]],[[0.837667,-0.546149,-0.00586507],[0.38521,0.598368,-0.702545],[0.387204,0.58624,0.711615]],[[0.837667,-0.546149,-0.00586507],[-0.205856,-0.305753,-0.929591],[0.505902,0.779895,-0.368547]],[[0.837667,-0.546149,-0.00586507],[-0.420078,-0.637367,-0.645986],[0.349067,0.543585,-0.763327]]],"btipPosition":[38.5504,208.727,-8.22079],"carpPosition":[53.4272,219.726,39.9871],"dipPosition":[44.4127,217.856,-21.0403],"direction":[-0.505902,-0.779895,0.368547],"extended":false,"handId":487,"id":4874,"length":49.214,"mcpPosition":[67.3933,252.916,-3.54743],"pipPosition":[54.0536,232.719,-28.0636],"stabilizedTipPosition":[44.0749,214.061,-21.9575],"timeVisible":3.24482,"tipPosition":[39.6181,210.473,-12.1545],"tipVelocity":[-5.02345,-71.3609,78.4944],"tool":false,"touchDistance":0.333333,"touchZone":"none","type":4,"width":15.6452}],"r":[[0.837426,0.475678,0.269161],[-0.509742,0.857422,0.0706441],[-0.197181,-0.196362,0.960501]],"s":1.39458,"t":[38.5875,71.2166,-116.424],"timestamp":93615949867},false],[1,{"currentFrameRate":54.5565,"devices":[],"gestures":[{"center":[-18.2006,323.388,-94.3386],"duration":54217,"handIds":[487],"id":3,"normal":[-0.0626503,0.0406679,0.997207],"pointableIds":[4871],"progress":1.12856,"radius":19.2272,"state":"update","type":"circle"}],"hands":[{"armBasis":[[0.994424,-0.0388593,-0.0980373],[0.0673655,0.949313,0.307029],[0.0811372,-0.311921,0.946637]],"armWidth":62.0842,"confidence":0.790143,"direction":[-0.00242688,0.702675,-0.711507],"elbow":[59.7992,130.255,295.594],"grabStrength":0,"id":487,"palmNormal":[-0.0765864,-0.70955,-0.700481],"palmPosition":[30.5992,246.688,6.59269],"palmVelocity":[-0.0892946,-65.5682,52.1797],"palmWidth":88.6541,"pinchStrength":0.0366984,"r":[[0.836147,0.479563,0.266226],[-0.5132,0.855318,0.07111],[-0.193606,-0.196086,0.961284]],"s":1.39324,"sphereCenter":[0.634261,234.541,-31.6839],"sphereRadius":50.1943,"stabilizedPalmPosition":[31.84,249.651,3.09408],"t":[38.6131,70.0128,-115.487],"timeVisible":3.26311,"type":"right","wrist":[38.4545,212.312,46.5636]}],"id":1692670,"interactionBox":{"center":[0,200,0],"size":[235.247,235.247,147.751]},"pointables":[{"bases":[[[0.469242,0.750512,0.465343],[-0.76723,0.0855777,0.635637],[0.43723,-0.655293,0.615972]],[[0.419944,0.816107,0.397008],[-0.722565,0.0359705,0.690366],[0.549133,-0.57678,0.604796]],[[0.419944,0.816107,0.397008],[-0.906684,0.396375,0.144258],[-0.0396343,-0.420541,0.906407]],[[0.419944,0.816107,0.397008],[-0.896898,0.440025,0.0441784],[-0.138639,-0.374628,0.916751]]],"btipPosition":[-12.2675,254.535,-37.3231],"carpPosition":[9.96214,203.969,43.1075],"dipPosition":[-15.4289,245.992,-16.4186],"direction":[0.0396343,0.420541,-0.906407],"extended":false,"handId":487,"id":4870,"length":50.7785,"mcpPosition":[9.96214,203.969,43.1075],"pipPosition":[-16.7456,232.022,13.6925],"stabilizedTipPosition":[-12.602,254.567,-33.8188],"timeVisible":3.26311,"tipPosition":[-13.1503,252.832,-32.3806],"tipVelocity":[-0.00183355,-85.5188,42.814],"tool":false,"touchDistance":0.158296,"touchZone":"hovering","type":0,"width":19.7302},{"bases":[[[0.982498,0.0659382,-0.174212],[0.0505508,0.80577,0.590068],[0.179283,-0.588547,0.788334]],[[0.938583,0.163595,-0.303806],[0.0359669,0.829281,0.557673],[0.343173,-0.534349,0.772466]],[[0.938583,0.163595,-0.303806],[-0.0376144,0.923725,0.381206],[0.342997,-0.346366,0.873146]],[[0.938583,0.163595,-0.303806],[-0.0946635,0.968763,0.22921],[0.331814,-0.186373,0.924751]]],"btipPosition":[-21.5864,300.213,-76.2022],"carpPosition":[19.2311,224.398,48.5982],"dipPosition":[-16.0627,297.11,-60.8078],"direction":[-0.342997,0.346366,-0.873146],"extended":true,"handId":487,"id":4871,"length":57.2978,"mcpPosition":[6.37993,266.586,-7.91031],"pipPosition":[-7.98513,288.953,-40.2453],"stabilizedTipPosition":[-20.3719,300.327,-72.8755],"timeVisible":3.26311,"tipPosition":[-20.1062,299.701,-72.6505],"tipVelocity":[-1.64732,-106.048,32.5233],"tool":false,"touchDistance":0.17132,"touchZone":"hovering","type":1,"width":18.8462},{"bases":[[[0.974577,-0.15252,-0.164126],[0.21985,0.7922,0.569285],[0.0431938,-0.590895,0.805591]],[[0.97403,-0.14587,-0.173168],[-0.0194049,0.70822,-0.705725],[0.225585,0.690757,0.686997]],[[0.97403,-0.14587,-0.173168],[-0.214117,-0.344762,-0.913944],[0.0736153,0.927287,-0.367042]],[[0.97403,-0.14587,-0.173168],[-0.223255,-0.746152,-0.627228],[-0.0377161,0.649599,-0.759341]]],"btipPosition":[15.9931,196.997,-15.8957],"carpPosition":[30.8725,226.855,47.0568],"dipPosition":[15.3025,208.89,-29.7989],"direction":[-0.0736153,-0.927287,0.367042],"extended":false,"handId":487,"id":4872,"length":65.2863,"mcpPosition":[27.9363,267.022,-7.7048],"pipPosition":[17.3421,234.582,-39.9683],"stabilizedTipPosition":[19.6351,204.877,-31.5503],"timeVisible":3.26311,"tipPosition":[15.5908,199.337,-20.1264],"tipVelocity":[8.65696,-64.0481,71.5306],"tool":false,"touchDistance":0.333333,"touchZone":"none","type":2,"width":18.5095},{"bases":[[[0.950946,-0.297095,-0.086233],[0.290182,0.760039,0.581494],[-0.107219,-0.577993,0.808967]],[[0.951897,-0.291739,-0.0937076],[0.127194,0.654423,-0.745354],[0.278773,0.697581,0.66005]],[[0.951897,-0.291739,-0.0937076],[-0.206988,-0.386713,-0.898671],[0.225939,0.874838,-0.428498]],[[0.951897,-0.291739,-0.0937076],[-0.288839,-0.752202,-0.592253],[0.102296,0.59083,-0.800285]]],"btipPosition":[29.0865,196.746,-7.01498],"carpPosition":[42.639,226.206,44.9574],"dipPosition":[30.9487,207.502,-21.5836],"direction":[-0.225939,-0.874838,0.428498],"extended":false,"handId":487,"id":4873,"length":62.7745,"mcpPosition":[49.1827,261.482,-4.41544],"pipPosition":[37.047,231.114,-33.1492],"stabilizedTipPosition":[33.1743,203.585,-22.3474],"timeVisible":3.26311,"tipPosition":[29.295,198.775,-11.384],"tipVelocity":[7.77596,-62.7143,63.2155],"tool":false,"touchDistance":0.333333,"touchZone":"none","type":3,"width":17.613},{"bases":[[[0.871039,-0.483463,-0.0869106],[0.423936,0.650507,0.630174],[-0.24813,-0.585751,0.771575]],[[0.839196,-0.54382,-0.003184],[0.384477,0.597425,-0.703748],[0.384615,0.589358,0.710443]],[[0.839196,-0.54382,-0.003184],[-0.205883,-0.312279,-0.927412],[0.503351,0.778936,-0.374027]],[[0.839196,-0.54382,-0.003184],[-0.419433,-0.643499,-0.6403],[0.346159,0.538673,-0.768118]]],"btipPosition":[38.9935,207.724,-7.20442],"carpPosition":[53.6313,218.826,40.835],"dipPosition":[44.807,216.77,-20.1044],"direction":[-0.503351,-0.778936,0.374027],"extended":false,"handId":487,"id":4874,"length":49.214,"mcpPosition":[67.6498,251.918,-2.75635],"pipPosition":[54.3992,231.614,-27.2321],"stabilizedTipPosition":[43.9347,213.901,-21.5161],"timeVisible":3.26311,"tipPosition":[40.0439,209.453,-11.1562],"tipVelocity":[8.69777,-63.9505,67.015],"tool":false,"touchDistance":0.333333,"touchZone":"none","type":4,"width":15.6452}],"r":[[0.836147,0.479563,0.266226],[-0.5132,0.855318,0.07111],[-0.193606,-0.196086,0.961284]],"s":1.39324,"t":[38.6131,70.0128,-115.487],"timestamp":93615968162},false],[2,{"currentFrameRate":54.7106,"devices":[],"gestures":[{"center":[-18.2006,323.388,-94.3386],"duration":54217,"handIds":[487],"id":3,"normal":[-0.0626503,0.0406679,0.997207],"pointableIds":[4871],"progress":1.12856,"radius":19.2272,"state":"update","type":"circle"}],"hands":[{"armBasis":[[0.994502,-0.0373255,-0.0978444],[0.065449,0.950905,0.302482],[0.0817505,-0.307223,0.94812]],"armWidth":62.0842,"confidence":0.799879,"direction":[-0.00105959,0.698368,-0.715738],"elbow":[60.1276,130.854,296.593],"grabStrength":0,"id":487,"palmNormal":[-0.0737168,-0.713846,-0.696412],"palmPosition":[30.8487,245.801,6.97131],"palmVelocity":[6.54693,-58.2818,37.7225],"palmWidth":88.6541,"pinchStrength":0.0426199,"r":[[0.83484,0.483169,0.263799],[-0.516192,0.853595,0.0701536],[-0.191281,-0.194738,0.962023]],"s":1.39171,"sphereCenter":[1.2431,233.305,-31.3576],"sphereRadius":50.0803,"stabilizedPalmPosition":[31.5871,248.668,4.08327],"t":[38.7507,68.9672,-114.829],"timeVisible":3.28085,"type":"right","wrist":[38.6216,211.675,47.1723]}],"id":1692671,"interactionBox":{"center":[0,200,0],"size":[235.247,235.247,147.751]},"pointables":[{"bases":[[[0.46703,0.753823,0.462206],[-0.769223,0.088562,0.632813],[0.436095,-0.651082,0.621219]],[[0.416563,0.820474,0.391533],[-0.72535,0.0403347,0.687198],[0.548035,-0.570259,0.611933]],[[0.416563,0.820474,0.391533],[-0.908078,0.396012,0.136269],[-0.0432462,-0.412307,0.910018]],[[0.416563,0.820474,0.391533],[-0.898336,0.437594,0.038768],[-0.139524,-0.367877,0.919347]]],"btipPosition":[-11.8873,253.101,-37.2754],"carpPosition":[10.1488,203.28,43.6814],"dipPosition":[-15.0689,244.712,-16.3117],"direction":[0.0432462,0.412307,-0.910018],"extended":false,"handId":487,"id":4870,"length":50.7785,"mcpPosition":[10.1488,203.28,43.6814],"pipPosition":[-16.5055,231.015,13.9194],"stabilizedTipPosition":[-12.6121,252.566,-33.0144],"timeVisible":3.28085,"tipPosition":[-12.7673,251.501,-32.2713],"tipVelocity":[9.92528,-82.3841,24.3608],"tool":false,"touchDistance":0.159317,"touchZone":"hovering","type":0,"width":19.7302},{"bases":[[[0.982943,0.0659719,-0.17167],[0.0479074,0.809369,0.585343],[0.177561,-0.583583,0.792403]],[[0.939481,0.162514,-0.301605],[0.0324623,0.834148,0.550584],[0.341061,-0.527054,0.778391]],[[0.939481,0.162514,-0.301605],[-0.0424949,0.928813,0.368105],[0.339957,-0.333011,0.879507]],[[0.939481,0.162514,-0.301605],[-0.100361,0.972262,0.211269],[0.327573,-0.168213,0.929731]]],"btipPosition":[-21.0843,298.289,-76.4964],"carpPosition":[19.3791,223.752,49.0764],"dipPosition":[-15.6312,295.488,-61.0192],"direction":[-0.339957,0.333011,-0.879507],"extended":true,"handId":487,"id":4871,"length":57.2978,"mcpPosition":[6.65137,265.584,-7.72382],"pipPosition":[-7.62527,287.646,-40.3068],"stabilizedTipPosition":[-19.9353,298.165,-72.9248],"timeVisible":3.28085,"tipPosition":[-19.661,297.982,-72.8535],"tipVelocity":[11.9653,-105.348,10.0021],"tool":false,"touchDistance":0.167659,"touchZone":"hovering","type":1,"width":18.8462},{"bases":[[[0.975229,-0.15243,-0.16029],[0.217283,0.795862,0.565148],[0.041423,-0.585977,0.809268]],[[0.974705,-0.145861,-0.169338],[-0.0177265,0.704835,-0.70915],[0.222793,0.694214,0.68442]],[[0.974705,-0.145861,-0.169338],[-0.211138,-0.352481,-0.91169],[0.0732917,0.924382,-0.374362]],[[0.974705,-0.145861,-0.169338],[-0.220414,-0.752763,-0.620295],[-0.0369946,0.641928,-0.765872]]],"btipPosition":[16.3902,196.078,-15.204],"carpPosition":[31.0223,226.212,47.555],"dipPosition":[15.7128,207.832,-29.2268],"direction":[-0.0732917,-0.924382,0.374362],"extended":false,"handId":487,"id":4872,"length":65.2863,"mcpPosition":[28.2065,266.045,-7.45652],"pipPosition":[17.7435,233.443,-39.599],"stabilizedTipPosition":[19.5076,204.649,-31.0584],"timeVisible":3.28085,"tipPosition":[15.9982,198.36,-19.4258],"tipVelocity":[15.1751,-59.1457,55.5487],"tool":false,"touchDistance":0.333333,"touchZone":"none","type":2,"width":18.5095},{"bases":[[[0.951523,-0.296559,-0.0815963],[0.287613,0.763852,0.577762],[-0.109013,-0.573222,0.812117]],[[0.952507,-0.291145,-0.089244],[0.128621,0.650297,-0.748712],[0.276019,0.701675,0.65686]],[[0.952507,-0.291145,-0.089244],[-0.204868,-0.395849,-0.895172],[0.225297,0.870941,-0.436695]],[[0.952507,-0.291145,-0.089244],[-0.286859,-0.759537,-0.583794],[0.102185,0.581669,-0.806982]]],"btipPosition":[29.492,195.906,-6.18779],"carpPosition":[42.7957,225.563,45.4947],"dipPosition":[31.3522,206.495,-20.8784],"direction":[-0.225297,-0.870941,0.436695],"extended":false,"handId":487,"id":4873,"length":62.7745,"mcpPosition":[49.449,260.548,-4.07031],"pipPosition":[37.4332,230.002,-32.6652],"stabilizedTipPosition":[33.0605,203.401,-21.9003],"timeVisible":3.28085,"tipPosition":[29.6971,197.877,-10.5742],"tipVelocity":[14.8369,-56.5223,54.6988],"tool":false,"touchDistance":0.333333,"touchZone":"none","type":3,"width":17.613},{"bases":[[[0.871821,-0.483016,-0.0813881],[0.42134,0.654764,0.627501],[-0.249803,-0.58136,0.774351]],[[0.840161,-0.542335,0.00176636],[0.384805,0.593821,-0.706612],[0.382172,0.594348,0.707599]],[[0.840161,-0.542335,0.00176636],[-0.205236,-0.320954,-0.92459],[0.502004,0.776441,-0.38096]],[[0.840161,-0.542335,0.00176636],[-0.418662,-0.650636,-0.633558],[0.34475,0.531551,-0.773694]]],"btipPosition":[39.3986,206.816,-6.42268],"carpPosition":[53.8084,218.171,41.4498],"dipPosition":[45.1885,215.743,-19.4163],"direction":[-0.502004,-0.776441,0.38096],"extended":false,"handId":487,"id":4874,"length":49.214,"mcpPosition":[67.9214,251.015,-2.29835],"pipPosition":[54.755,230.539,-26.6762],"stabilizedTipPosition":[43.8073,213.701,-21.0349],"timeVisible":3.28085,"tipPosition":[40.4412,208.517,-10.3899],"tipVelocity":[15.184,-58.6862,55.6875],"tool":false,"touchDistance":0.333333,"touchZone":"none","type":4,"width":15.6452}],"r":[[0.83484,0.483169,0.263799],[-0.516192,0.853595,0.0701536],[-0.191281,-0.194738,0.962023]],"s":1.39171,"t":[38.7507,68.9672,-114.829],"timestamp":93615985901},false],[3,{"currentFrameRate":54.741,"devices":[],"gestures":[{"center":[-18.2006,323.388,-94.3386],"duration":54217,"handIds":[487],"id":3,"normal":[-0.0626503,0.0406679,0.997207],"pointableIds":[4871],"progress":1.12856,"radius":19.2272,"state":"update","type":"circle"}],"hands":[{"armBasis":[[0.994521,-0.0325151,-0.0993522],[0.0611441,0.951802,0.300558],[0.0847909,-0.304986,0.948575]],"armWidth":62.0842,"confidence":0.820371,"direction":[-0.000401353,0.693802,-0.720166],"elbow":[61.1744,130.742,297.41],"grabStrength":0,"id":487,"palmNormal":[-0.0684336,-0.718497,-0.692155],"palmPosition":[31.1498,244.817,7.42056],"palmVelocity":[11.3289,-56.3135,31.5304],"palmWidth":88.6541,"pinchStrength":0.0476165,"r":[[0.833236,0.48694,0.26193],[-0.519212,0.851945,0.0678806],[-0.190096,-0.192558,0.962697]],"s":1.39011,"sphereCenter":[1.97505,231.901,-30.9829],"sphereRadius":49.974,"stabilizedPalmPosition":[31.4606,247.554,5.0485],"t":[38.97,67.9526,-114.276],"timeVisible":3.29901,"type":"right","wrist":[38.8686,210.974,47.8698]}],"id":1692672,"interactionBox":{"center":[0,200,0],"size":[235.247,235.247,147.751]},"pointables":[{"bases":[[[0.462584,0.758306,0.459333],[-0.772146,0.0899951,0.62904],[0.435667,-0.645656,0.627154]],[[0.411141,0.825548,0.386566],[-0.728761,0.0429239,0.683422],[0.547604,-0.562697,0.619275]],[[0.411141,0.825548,0.386566],[-0.910373,0.393589,0.127702],[-0.0467239,-0.404424,0.913377]],[[0.411141,0.825548,0.386566],[-0.90061,0.433431,0.0322312],[-0.140942,-0.361397,0.921698]]],"btipPosition":[-11.4286,251.505,-37.1648],"carpPosition":[10.4387,202.461,44.3143],"dipPosition":[-14.6425,243.264,-16.1475],"direction":[0.0467239,0.404424,-0.913378],"extended":false,"handId":487,"id":4870,"length":50.7785,"mcpPosition":[10.4387,202.461,44.3143],"pipPosition":[-16.1946,229.829,14.1952],"stabilizedTipPosition":[-12.299,250.482,-32.5327],"timeVisible":3.29901,"tipPosition":[-12.3073,249.986,-32.1191],"tipVelocity":[17.0406,-84.1177,15.9726],"tool":false,"touchDistance":0.161366,"touchZone":"hovering","type":0,"width":19.7302},{"bases":[[[0.983425,0.0681806,-0.168007],[0.0427695,0.813226,0.580374],[0.176198,-0.57794,0.796831]],[[0.940424,0.163351,-0.298192],[0.0263526,0.83937,0.542921],[0.338981,-0.518434,0.785059]],[[0.940424,0.163351,-0.298192],[-0.0494749,0.933438,0.355311],[0.336385,-0.31939,0.885909]],[[0.940424,0.163351,-0.298192],[-0.107671,0.97497,0.194527],[0.322505,-0.150832,0.934473]]],"btipPosition":[-20.532,296.159,-76.7819],"carpPosition":[19.5782,222.998,49.6172],"dipPosition":[-15.1632,293.648,-61.2257],"direction":[-0.336385,0.31939,-0.885909],"extended":true,"handId":487,"id":4871,"length":57.2978,"mcpPosition":[6.94814,264.425,-7.50043],"pipPosition":[-7.24141,286.127,-40.3626],"stabilizedTipPosition":[-19.3761,295.901,-73.1694],"timeVisible":3.29901,"tipPosition":[-19.1711,296.032,-73.0598],"tipVelocity":[20.2513,-109.277,-1.7844],"tool":false,"touchDistance":0.165096,"touchZone":"hovering","type":1,"width":18.8462},{"bases":[[[0.976392,-0.150169,-0.155269],[0.212272,0.800159,0.560969],[0.0399998,-0.580685,0.813145]],[[0.975884,-0.14367,-0.164347],[-0.0168292,0.701122,-0.712843],[0.217641,0.698418,0.681795]],[[0.975884,-0.14367,-0.164347],[-0.206331,-0.361314,-0.909329],[0.0712626,0.92131,-0.382244]],[[0.975884,-0.14367,-0.164347],[-0.215149,-0.760325,-0.612876],[-0.0369051,0.633455,-0.772899]]],"btipPosition":[16.9805,195.036,-14.4238],"carpPosition":[31.2194,225.488,48.1285],"dipPosition":[16.3048,206.635,-28.5752],"direction":[-0.0712626,-0.92131,0.382244],"extended":false,"handId":487,"id":4872,"length":65.2863,"mcpPosition":[28.5003,264.961,-7.14665],"pipPosition":[18.2792,232.161,-39.1658],"stabilizedTipPosition":[19.3819,204.323,-30.4317],"timeVisible":3.29901,"tipPosition":[16.5967,197.256,-18.6445],"tipVelocity":[23.4471,-59.2296,48.7686],"tool":false,"touchDistance":0.333333,"touchZone":"none","type":2,"width":18.5095},{"bases":[[[0.952837,-0.293874,-0.075759],[0.282655,0.768467,0.574077],[-0.110488,-0.568416,0.815289]],[[0.953871,-0.288305,-0.0837235],[0.129075,0.645626,-0.752666],[0.271051,0.70714,0.653058]],[[0.953871,-0.288305,-0.0837235],[-0.201546,-0.408274,-0.890332],[0.222505,0.866137,-0.447548]],[[0.953871,-0.288305,-0.0837235],[-0.282865,-0.769657,-0.572378],[0.100581,0.569657,-0.815705]]],"btipPosition":[30.1105,195.025,-5.13765],"carpPosition":[43.0034,224.865,46.1212],"dipPosition":[31.9416,205.395,-19.987],"direction":[-0.222505,-0.866137,0.447548],"extended":false,"handId":487,"id":4873,"length":62.7745,"mcpPosition":[49.7467,259.557,-3.63742],"pipPosition":[37.9471,228.773,-32.0667],"stabilizedTipPosition":[32.9636,203.172,-21.389],"timeVisible":3.29901,"tipPosition":[30.3023,196.922,-9.57845],"tipVelocity":[23.8245,-54.0247,55.2287],"tool":false,"touchDistance":0.333333,"touchZone":"none","type":3,"width":17.613},{"bases":[[[0.873757,-0.480593,-0.0746949],[0.416536,0.660146,0.625064],[-0.251092,-0.577267,0.776991]],[[0.842146,-0.539186,0.00825148],[0.385281,0.590917,-0.708784],[0.377291,0.600079,0.705377]],[[0.842146,-0.539186,0.00825148],[-0.202016,-0.329639,-0.922241],[0.499979,0.774995,-0.386528]],[[0.842146,-0.539186,0.00825148],[-0.415291,-0.658245,-0.627891],[0.343982,0.525349,-0.778257]]],"btipPosition":[39.9401,205.832,-5.59325],"carpPosition":[54.0574,217.484,42.1692],"dipPosition":[45.717,214.655,-18.6635],"direction":[-0.499979,-0.774995,0.386528],"extended":false,"handId":487,"id":4874,"length":49.214,"mcpPosition":[68.2432,250.097,-1.72821],"pipPosition":[55.245,229.424,-26.0295],"stabilizedTipPosition":[43.6905,213.432,-20.4628],"timeVisible":3.29901,"tipPosition":[40.9817,207.503,-9.56328],"tipVelocity":[22.0809,-57.1609,50.4477],"tool":false,"touchDistance":0.333333,"touchZone":"none","type":4,"width":15.6452}],"r":[[0.833236,0.48694,0.26193],[-0.519212,0.851945,0.0678806],[-0.190096,-0.192558,0.962697]],"s":1.39011,"t":[38.97,67.9526,-114.276],"timestamp":93616004063},false],[4,{"currentFrameRate":54.8137,"devices":[],"gestures":[{"center":[-18.2006,323.388,-94.3386],"duration":54217,"handIds":[487],"id":3,"normal":[-0.0626503,0.0406679,0.997207],"pointableIds":[4871],"progress":1.12856,"radius":19.2272,"state":"update","type":"circle"}],"hands":[{"armBasis":[[0.994668,-0.0308391,-0.0984088],[0.0587289,0.95378,0.29471],[0.0847718,-0.298918,0.950506]],"armWidth":62.0842,"confidence":0.829342,"direction":[-0.00000991829,0.690556,-0.723279],"elbow":[61.3591,131.433,298.504],"grabStrength":0,"id":487,"palmNormal":[-0.0656025,-0.721721,-0.689068],"palmPosition":[31.3706,243.716,7.83741],"palmVelocity":[11.7773,-58.6219,27.5716],"palmWidth":88.6541,"pinchStrength":0.0503777,"r":[[0.831651,0.490478,0.260361],[-0.521957,0.850486,0.065068],[-0.189519,-0.190011,0.963316]],"s":1.3885,"sphereCenter":[2.53742,230.477,-30.6237],"sphereRadius":49.8712,"stabilizedPalmPosition":[31.432,246.333,5.93599],"t":[39.19,66.8949,-113.79],"timeVisible":3.317,"type":"right","wrist":[39.0583,210.069,48.4556]}],"id":1692673,"interactionBox":{"center":[0,200,0],"size":[235.247,235.247,147.751]},"pointables":[{"bases":[[[0.460205,0.761186,0.456954],[-0.773718,0.091445,0.626896],[0.435398,-0.642054,0.631027]],[[0.408296,0.828591,0.383055],[-0.730632,0.0450712,0.681282],[0.547239,-0.558038,0.623797]],[[0.408296,0.828591,0.383055],[-0.911554,0.392429,0.122753],[-0.0486097,-0.399296,0.915533]],[[0.408296,0.828591,0.383055],[-0.90181,0.431191,0.0285209],[-0.141538,-0.357088,0.923285]]],"btipPosition":[-11.1217,250.038,-36.9321],"carpPosition":[10.6517,201.49,44.8748],"dipPosition":[-14.3491,241.895,-15.8786],"direction":[0.0486097,0.399296,-0.915533],"extended":false,"handId":487,"id":4870,"length":50.7785,"mcpPosition":[10.6517,201.49,44.8748],"pipPosition":[-15.9639,228.631,14.5357],"stabilizedTipPosition":[-11.9783,248.774,-32.2062],"timeVisible":3.317,"tipPosition":[-11.9981,248.558,-31.8675],"tipVelocity":[16.9681,-82.2947,14.7535],"tool":false,"touchDistance":0.165383,"touchZone":"hovering","type":0,"width":19.7302},{"bases":[[[0.983678,0.0691772,-0.166106],[0.0400222,0.815901,0.576805],[0.175428,-0.574038,0.799816]],[[0.941003,0.163354,-0.29636],[0.0224058,0.843773,0.536232],[0.337656,-0.511236,0.790332]],[[0.941003,0.163354,-0.29636],[-0.0543079,0.937319,0.344214],[0.334013,-0.307812,0.890891]],[[0.941003,0.163354,-0.29636],[-0.112904,0.977145,0.18011],[0.319009,-0.136024,0.93794]]],"btipPosition":[-20.1427,294.127,-76.9031],"carpPosition":[19.7428,222.066,50.1057],"dipPosition":[-14.8322,291.863,-61.2892],"direction":[-0.334013,0.307812,-0.890891],"extended":true,"handId":487,"id":4871,"length":57.2978,"mcpPosition":[7.16792,263.214,-7.22586],"pipPosition":[-6.96621,284.614,-40.3088],"stabilizedTipPosition":[-18.9591,293.797,-73.3],"timeVisible":3.317,"tipPosition":[-18.8309,294.166,-73.1111],"tipVelocity":[20.5554,-109.516,-3.78072],"tool":false,"touchDistance":0.165229,"touchZone":"hovering","type":1,"width":18.8462},{"bases":[[[0.977003,-0.149125,-0.152402],[0.20959,0.803049,0.557839],[0.0391985,-0.576952,0.815837]],[[0.976505,-0.142682,-0.16149],[-0.0163561,0.698161,-0.715754],[0.214871,0.701579,0.679424]],[[0.976505,-0.142682,-0.16149],[-0.20393,-0.369693,-0.906499],[0.0696396,0.918133,-0.390104]],[[0.976505,-0.142682,-0.16149],[-0.212182,-0.767486,-0.604934],[-0.0376278,0.624986,-0.779728]]],"btipPosition":[17.3868,193.96,-13.6491],"carpPosition":[31.3829,224.57,48.6319],"dipPosition":[16.6978,205.403,-27.9256],"direction":[-0.0696396,-0.918133,0.390104],"extended":false,"handId":487,"id":4872,"length":65.2863,"mcpPosition":[28.7183,263.79,-6.82617],"pipPosition":[18.6273,230.841,-38.734],"stabilizedTipPosition":[19.2627,203.895,-29.6844],"timeVisible":3.317,"tipPosition":[17.0013,196.122,-17.8931],"tipVelocity":[22.9568,-60.4593,45.3083],"tool":false,"touchDistance":0.333333,"touchZone":"none","type":2,"width":18.5095},{"bases":[[[0.953524,-0.292513,-0.0722994],[0.28,0.771542,0.571247],[-0.111315,-0.564942,0.817587]],[[0.954582,-0.286892,-0.0804093],[0.12976,0.643244,-0.754585],[0.268208,0.70988,0.651257]],[[0.954582,-0.286892,-0.0804093],[-0.199275,-0.414128,-0.888137],[0.2215,0.863823,-0.45249]],[[0.954582,-0.286892,-0.0804093],[-0.280539,-0.774561,-0.56688],[0.100352,0.563692,-0.819866]]],"btipPosition":[30.4852,193.959,-4.4577],"carpPosition":[43.1725,223.96,46.6539],"dipPosition":[32.312,204.221,-19.3828],"direction":[-0.2215,-0.863823,0.45249],"extended":false,"handId":487,"id":4873,"length":62.7745,"mcpPosition":[49.9662,258.439,-3.24503],"pipPosition":[38.2905,227.536,-31.5959],"stabilizedTipPosition":[32.8713,202.865,-20.7837],"timeVisible":3.317,"tipPosition":[30.6774,195.819,-8.87862],"tipVelocity":[22.3779,-57.1526,46.514],"tool":false,"touchDistance":0.333333,"touchZone":"none","type":3,"width":17.613},{"bases":[[[0.874773,-0.479366,-0.0705727],[0.413957,0.66369,0.623021],[-0.251817,-0.574216,0.779015]],[[0.843184,-0.537484,0.0123271],[0.385504,0.588465,-0.7107],[0.374736,0.604004,0.703387]],[[0.843184,-0.537484,0.0123271],[-0.200996,-0.336415,-0.920014],[0.498639,0.773263,-0.391692]],[[0.843184,-0.537484,0.0123271],[-0.41415,-0.663982,-0.622581],[0.342812,0.519845,-0.782458]]],"btipPosition":[40.3052,204.747,-4.87932],"carpPosition":[54.2483,216.58,42.7599],"dipPosition":[46.0625,213.477,-18.0202],"direction":[-0.498639,-0.773263,0.391692],"extended":false,"handId":487,"id":4874,"length":49.214,"mcpPosition":[68.4751,249.022,-1.25181],"pipPosition":[55.5649,228.213,-25.4845],"stabilizedTipPosition":[43.5808,213.077,-19.7941],"timeVisible":3.317,"tipPosition":[41.3447,206.391,-8.85438],"tipVelocity":[21.1167,-59.2285,44.9234],"tool":false,"touchDistance":0.333333,"touchZone":"none","type":4,"width":15.6452}],"r":[[0.831651,0.490478,0.260361],[-0.521957,0.850486,0.065068],[-0.189519,-0.190011,0.963316]],"s":1.3885,"t":[39.19,66.8949,-113.79],"timestamp":93616022053},false],[5,{"currentFrameRate":54.8482,"devices":[],"gestures":[{"center":[-18.2006,323.388,-94.3386],"duration":54217,"handIds":[487],"id":3,"normal":[-0.0626503,0.0406679,0.997207],"pointableIds":[4871],"progress":1.12856,"radius":19.2272,"state":"update","type":"circle"}],"hands":[{"armBasis":[[0.994851,-0.0299744,-0.0968095],[0.0571099,0.954954,0.291208],[0.0837198,-0.295238,0.951749]],"armWidth":62.0842,"confidence":0.831944,"direction":[0.0000494683,0.689802,-0.723998],"elbow":[61.227,131.545,299.267],"grabStrength":0,"id":487,"palmNormal":[-0.0638505,-0.722519,-0.688397],"palmPosition":[31.5249,242.808,8.22828],"palmVelocity":[10.226,-54.581,24.7208],"palmWidth":88.6541,"pinchStrength":0.0548699,"r":[[0.830188,0.49356,0.259204],[-0.524375,0.84919,0.0625133],[-0.189259,-0.187818,0.963797]],"s":1.38674,"sphereCenter":[2.98389,229.41,-30.2919],"sphereRadius":49.76,"stabilizedPalmPosition":[31.4636,245.133,6.71632],"t":[39.3772,65.9121,-113.352],"timeVisible":3.33511,"type":"right","wrist":[39.203,209.213,48.8912]}],"id":1692674,"interactionBox":{"center":[0,200,0],"size":[235.247,235.247,147.751]},"pointables":[{"bases":[[[0.458695,0.762227,0.456736],[-0.774616,0.0911461,0.625829],[0.435394,-0.64086,0.632242]],[[0.405749,0.83068,0.381233],[-0.732196,0.0457695,0.679554],[0.547043,-0.554866,0.626792]],[[0.405749,0.83068,0.381233],[-0.91261,0.391076,0.119172],[-0.0500975,-0.396271,0.916766]],[[0.405749,0.83068,0.381233],[-0.902919,0.429011,0.0261996],[-0.14179,-0.354853,0.924108]]],"btipPosition":[-10.8972,248.837,-36.7286],"carpPosition":[10.8114,200.595,45.2837],"dipPosition":[-14.1304,240.746,-15.6563],"direction":[0.0500975,0.396271,-0.916766],"extended":false,"handId":487,"id":4870,"length":50.7785,"mcpPosition":[10.8114,200.595,45.2837],"pipPosition":[-15.7947,227.582,14.7989],"stabilizedTipPosition":[-11.7237,247.418,-31.9615],"timeVisible":3.33511,"tipPosition":[-11.7742,247.415,-31.6262],"tipVelocity":[14.7552,-74.3668,13.1938],"tool":false,"touchDistance":0.168848,"touchZone":"hovering","type":0,"width":19.7302},{"bases":[[[0.9838,0.0702142,-0.164944],[0.0382955,0.81655,0.576003],[0.175129,-0.572989,0.800633]],[[0.941313,0.163971,-0.29503],[0.0196298,0.846002,0.532818],[0.336963,-0.50734,0.793134]],[[0.941313,0.163971,-0.29503],[-0.0582191,0.939849,0.336593],[0.332475,-0.299663,0.894238]],[[0.941313,0.163971,-0.29503],[-0.117433,0.978563,0.169186],[0.316447,-0.124611,0.94039]]],"btipPosition":[-19.8856,292.629,-76.7998],"carpPosition":[19.8706,221.188,50.5045],"dipPosition":[-14.6177,290.555,-61.1451],"direction":[-0.332475,0.299663,-0.894238],"extended":true,"handId":487,"id":4871,"length":57.2978,"mcpPosition":[7.31717,262.261,-6.88566],"pipPosition":[-6.78791,283.498,-40.0859],"stabilizedTipPosition":[-18.6889,292.238,-73.2045],"timeVisible":3.33511,"tipPosition":[-18.6112,292.802,-72.9539],"tipVelocity":[17.2723,-95.6218,0.979145],"tool":false,"touchDistance":0.167108,"touchZone":"hovering","type":1,"width":18.8462},{"bases":[[[0.977376,-0.148082,-0.151021],[0.207903,0.803887,0.557263],[0.0388833,-0.576053,0.816487]],[[0.97688,-0.141624,-0.160151],[-0.0163469,0.697432,-0.716465],[0.213163,0.702518,0.678992]],[[0.97688,-0.141624,-0.160151],[-0.202731,-0.375864,-0.904227],[0.0678658,0.915789,-0.395885]],[[0.97688,-0.141624,-0.160151],[-0.210183,-0.77323,-0.59828],[-0.0391023,0.618108,-0.78512]]],"btipPosition":[17.6911,193.18,-13.0033],"carpPosition":[31.5095,223.705,49.0427],"dipPosition":[16.9752,204.497,-27.3785],"direction":[-0.0678658,-0.915789,0.395885],"extended":false,"handId":487,"id":4872,"length":65.2863,"mcpPosition":[28.8663,262.863,-6.45954],"pipPosition":[18.8555,229.871,-38.3471],"stabilizedTipPosition":[19.1558,203.396,-28.8607],"timeVisible":3.33511,"tipPosition":[17.2972,195.296,-17.2772],"tipVelocity":[19.8662,-52.936,40.119],"tool":false,"touchDistance":0.333333,"touchZone":"none","type":2,"width":18.5095},{"bases":[[[0.953973,-0.291415,-0.0707984],[0.278334,0.77248,0.570793],[-0.111647,-0.564227,0.818036]],[[0.95505,-0.285713,-0.0790408],[0.130197,0.643806,-0.754031],[0.266323,0.709846,0.652066]],[[0.95505,-0.285713,-0.0790408],[-0.197838,-0.415732,-0.887709],[0.22077,0.863444,-0.453569]],[[0.95505,-0.285713,-0.0790408],[-0.279068,-0.776581,-0.564839],[0.1,0.561507,-0.821407]]],"btipPosition":[30.7434,193.114,-4.03692],"carpPosition":[43.3022,223.107,47.0801],"dipPosition":[32.5638,203.336,-18.9901],"direction":[-0.22077,-0.863444,0.453569],"extended":false,"handId":487,"id":4873,"length":62.7745,"mcpPosition":[50.1163,257.542,-2.84618],"pipPosition":[38.5226,226.641,-31.2323],"stabilizedTipPosition":[32.7779,202.46,-20.0566],"timeVisible":3.33511,"tipPosition":[30.9359,194.957,-8.41361],"tipVelocity":[18.4743,-52.4015,35.2656],"tool":false,"touchDistance":0.333333,"touchZone":"none","type":3,"width":17.613},{"bases":[[[0.875449,-0.478363,-0.0689756],[0.412359,0.664847,0.622847],[-0.252089,-0.573713,0.779297]],[[0.843858,-0.536387,0.0138763],[0.385699,0.588408,-0.710642],[0.373014,0.605033,0.703417]],[[0.843858,-0.536387,0.0138763],[-0.200663,-0.339462,-0.918967],[0.497632,0.772693,-0.394091]],[[0.843858,-0.536387,0.0138763],[-0.413793,-0.667018,-0.619567],[0.341583,0.517085,-0.784821]]],"btipPosition":[40.5634,203.896,-4.36308],"carpPosition":[54.3921,215.737,43.2077],"dipPosition":[46.3001,212.581,-17.5436],"direction":[-0.497632,-0.772693,0.394091],"extended":false,"handId":487,"id":4874,"length":49.214,"mcpPosition":[68.6342,248.15,-0.81993],"pipPosition":[55.7833,227.306,-25.0537],"stabilizedTipPosition":[43.4765,212.636,-19.0324],"timeVisible":3.33511,"tipPosition":[41.5996,205.526,-8.3312],"tipVelocity":[17.7279,-53.6573,36.8695],"tool":false,"touchDistance":0.333333,"touchZone":"none","type":4,"width":15.6452}],"r":[[0.830188,0.49356,0.259204],[-0.524375,0.84919,0.0625133],[-0.189259,-0.187818,0.963797]],"s":1.38674,"t":[39.3772,65.9121,-113.352],"timestamp":93616040165},false],[6,{"currentFrameRate":54.903,"devices":[],"gestures":[{"center":[-18.2006,323.388,-94.3386],"duration":54217,"handIds":[487],"id":3,"normal":[-0.0626503,0.0406679,0.997207],"pointableIds":[4871],"progress":1.12856,"radius":19.2272,"state":"update","type":"circle"}],"hands":[{"armBasis":[[0.994884,-0.025393,-0.0977769],[0.0525196,0.956819,0.2859],[0.086295,-0.289572,0.953258]],"armWidth":62.0842,"confidence":0.84168,"direction":[-0.00211101,0.690002,-0.723805],"elbow":[61.9982,132.329,299.988],"grabStrength":0,"id":487,"palmNormal":[-0.0599893,-0.72259,-0.688669],"palmPosition":[31.5195,242.081,8.55329],"palmVelocity":[5.23407,-47.8483,21.5494],"palmWidth":88.6541,"pinchStrength":0.060402,"r":[[0.828529,0.496717,0.258482],[-0.527047,0.847687,0.0604035],[-0.189108,-0.186278,0.964126]],"s":1.38475,"sphereCenter":[3.40454,228.428,-30.0778],"sphereRadius":49.6162,"stabilizedPalmPosition":[31.483,244.075,7.35311],"t":[39.4681,65.0568,-112.971],"timeVisible":3.35314,"type":"right","wrist":[39.2967,208.507,49.2153]}],"id":1692675,"interactionBox":{"center":[0,200,0],"size":[235.247,235.247,147.751]},"pointables":[{"bases":[[[0.454916,0.764058,0.457456],[-0.775691,0.0876437,0.624998],[0.437442,-0.639166,0.632544]],[[0.40066,0.833538,0.380376],[-0.734001,0.0435305,0.677752],[0.548374,-0.550744,0.629258]],[[0.40066,0.833538,0.380376],[-0.91486,0.386628,0.116408],[-0.0500334,-0.39463,0.917477]],[[0.40066,0.833538,0.380376],[-0.905291,0.424103,0.0242079],[-0.14114,-0.35405,0.924515]]],"btipPosition":[-10.8439,247.737,-36.5912],"carpPosition":[10.9464,199.768,45.5739],"dipPosition":[-14.0623,239.664,-15.5096],"direction":[0.0500334,0.39463,-0.917477],"extended":false,"handId":487,"id":4870,"length":50.7785,"mcpPosition":[10.9464,199.768,45.5739],"pipPosition":[-15.7245,226.554,14.9692],"stabilizedTipPosition":[-11.6184,246.258,-31.7962],"timeVisible":3.35314,"tipPosition":[-11.7214,246.361,-31.4505],"tipVelocity":[9.25005,-67.9366,10.6086],"tool":false,"touchDistance":0.171173,"touchZone":"hovering","type":0,"width":19.7302},{"bases":[[[0.983672,0.0744816,-0.163837],[0.0341552,0.816543,0.576273],[0.176702,-0.57246,0.800666]],[[0.941136,0.167749,-0.293469],[0.0137037,0.848529,0.528971],[0.337751,-0.501855,0.796283]],[[0.941136,0.167749,-0.293469],[-0.0656499,0.942352,0.328119],[0.331593,-0.289538,0.897894]],[[0.941136,0.167749,-0.293469],[-0.125583,0.979553,0.15718],[0.313835,-0.111073,0.942958]]],"btipPosition":[-19.9263,291.108,-76.7567],"carpPosition":[19.9114,220.399,50.8105],"dipPosition":[-14.7019,289.259,-61.0593],"direction":[-0.331593,0.289538,-0.897894],"extended":true,"handId":487,"id":4871,"length":57.2978,"mcpPosition":[7.2452,261.433,-6.58197],"pipPosition":[-6.89289,282.44,-39.914],"stabilizedTipPosition":[-18.7228,290.766,-73.1494],"timeVisible":3.35314,"tipPosition":[-18.6973,291.456,-72.8378],"tipVelocity":[7.74718,-88.933,1.90658],"tool":false,"touchDistance":0.167989,"touchZone":"hovering","type":1,"width":18.8462},{"bases":[[[0.978169,-0.143844,-0.149982],[0.203836,0.804613,0.557717],[0.0404531,-0.576113,0.816368]],[[0.977649,-0.13732,-0.159203],[-0.0183266,0.698687,-0.715193],[0.209444,0.702125,0.680554]],[[0.977649,-0.13732,-0.159203],[-0.200302,-0.37825,-0.903773],[0.0638879,0.915462,-0.397301]],[[0.977649,-0.13732,-0.159203],[-0.206043,-0.776406,-0.595601],[-0.0418181,0.615091,-0.787346]]],"btipPosition":[17.9505,192.528,-12.669],"carpPosition":[31.5409,222.965,49.3624],"dipPosition":[17.1848,203.79,-27.0849],"direction":[-0.0638879,-0.915462,0.397301],"extended":false,"handId":487,"id":4872,"length":65.2863,"mcpPosition":[28.7911,262.128,-6.13186],"pipPosition":[18.9549,229.154,-38.0927],"stabilizedTipPosition":[19.0608,202.827,-27.9751],"timeVisible":3.35314,"tipPosition":[17.5509,194.613,-16.9133],"tipVelocity":[16.9693,-45.3356,29.644],"tool":false,"touchDistance":0.333333,"touchZone":"none","type":2,"width":18.5095},{"bases":[[[0.955292,-0.287299,-0.0698252],[0.274387,0.773505,0.571316],[-0.110128,-0.564933,0.817754]],[[0.956366,-0.28152,-0.0781648],[0.128273,0.644942,-0.753389],[0.262506,0.71049,0.652912]],[[0.956366,-0.28152,-0.0781648],[-0.195486,-0.417736,-0.887289],[0.217138,0.863854,-0.454542]],[[0.956366,-0.28152,-0.0781648],[-0.275372,-0.77912,-0.563154],[0.0976395,0.560106,-0.822647]]],"btipPosition":[30.9939,192.455,-3.67525],"carpPosition":[43.3383,222.418,47.4126],"dipPosit