{"sensorType":"Leap","data":[[0,{"currentFrameRate":54.8019,"devices":[],"gestures":[{"center":[-18.0112,323.396,-96.3563],"duration":54309,"handIds":[487],"id":5,"normal":[-0.063376,0.00247791,0.997987],"pointableIds":[4871],"progress":1.09029,"radius":21.456,"state":"update","type":"circle"}],"hands":[{"armBasis":[[0.997733,-0.0399785,-0.0541434],[0.0546346,0.950892,0.304664],[0.0393045,-0.306931,0.95092]],"armWidth":62.0842,"confidence":0.61632,"direction":[0.0316742,0.745472,-0.665784],"elbow":[56.8475,133.618,284.451],"grabStrength":0,"id":487,"palmNormal":[-0.0447497,-0.664392,-0.746043],"palmPosition":[40.57,251.184,-3.78412],"palmVelocity":[-40.7068,2.22613,70.0965],"palmWidth":88.6541,"pinchStrength":0.0811429,"r":[[0.815076,0.469141,0.339938],[-0.522728,0.848514,0.0823398],[-0.249813,-0.244808,0.936836]],"s":1.39122,"sphereCenter":[8.29827,243.144,-42.2595],"sphereRadius":51.1657,"stabilizedPalmPosition":[43.2443,251.306,-8.63118],"t":[49.3449,73.2554,-126.164],"timeVisible":4.63658,"type":"right","wrist":[46.5078,214.362,34.294]}],"id":1692744,"interactionBox":{"center":[0,200,0],"size":[235.247,235.247,147.751]},"pointables":[{"bases":[[[0.447998,0.718219,0.532409],[-0.795932,0.0491895,0.603384],[0.407173,-0.694077,0.59369]],[[0.405809,0.78296,0.471479],[-0.76452,0.00812047,0.644549],[0.500827,-0.622019,0.601884]],[[0.405809,0.78296,0.471479],[-0.909695,0.39579,0.12572],[-0.0881729,-0.47992,0.87287]],[[0.405809,0.78296,0.471479],[-0.909149,0.398665,0.120476],[-0.0936344,-0.477535,0.873609]]],"btipPosition":[-1.09723,263.454,-49.1856],"carpPosition":[18.1968,206.369,29.0054],"dipPosition":[-3.23236,252.565,-29.2649],"direction":[0.0881729,0.47992,-0.87287],"extended":false,"handId":487,"id":4870,"length":50.7785,"mcpPosition":[18.1968,206.369,29.0054],"pipPosition":[-6.16149,236.621,-0.267908],"stabilizedTipPosition":[2.16057,260.988,-50.2917],"timeVisible":4.63658,"tipPosition":[-1.68396,260.576,-44.7238],"tipVelocity":[-57.1828,0.78431,84.0635],"tool":false,"touchDistance":-0.0192482,"touchZone":"touching","type":0,"width":19.7302},{"bases":[[[0.989639,0.0725007,-0.123927],[0.0240172,0.767386,0.640735],[0.141554,-0.637073,0.757694]],[[0.932297,0.214179,-0.291461],[0.00111039,0.804125,0.59446],[0.361691,-0.554537,0.749445]],[[0.932297,0.214179,-0.291461],[-0.0698949,0.897317,0.435817],[0.354875,-0.385939,0.851536]],[[0.932297,0.214179,-0.291461],[-0.123831,0.946133,0.299163],[0.339835,-0.242817,0.908599]]],"btipPosition":[-12.0754,308.388,-84.6822],"carpPosition":[27.2261,226.379,36.1805],"dipPosition":[-6.41814,304.346,-69.5568],"direction":[-0.354875,0.385939,-0.851536],"extended":true,"handId":487,"id":4871,"length":57.2978,"mcpPosition":[17.0794,272.045,-18.1318],"pipPosition":[1.93914,295.257,-49.5032],"stabilizedTipPosition":[-6.77298,307.746,-85.9274],"timeVisible":4.63658,"tipPosition":[-10.4168,307.741,-81.1575],"tipVelocity":[-77.4973,-7.71357,90.0829],"tool":false,"touchDistance":-0.00511596,"touchZone":"touching","type":1,"width":18.8462},{"bases":[[[0.980973,-0.146127,-0.127822],[0.194084,0.754423,0.627039],[0.00480478,-0.639917,0.768429]],[[0.980702,-0.133851,-0.142508],[0.0141296,0.775516,-0.63117],[0.195,0.616976,0.762441]],[[0.980702,-0.133851,-0.142508],[-0.187239,-0.433225,-0.881622],[0.0562679,0.891291,-0.449927]],[[0.980702,-0.133851,-0.142508],[-0.18648,-0.859368,-0.476143],[-0.0587344,0.493529,-0.867744]]],"btipPosition":[28.9618,209.671,-24.3506],"carpPosition":[38.9298,228.878,35.3375],"dipPosition":[27.8864,218.708,-40.2386],"direction":[-0.0562679,-0.891291,0.449927],"extended":false,"handId":487,"id":4872,"length":65.2863,"mcpPosition":[38.6032,272.377,-16.8979],"pipPosition":[29.4454,243.402,-52.7045],"stabilizedTipPosition":[32.1238,211.107,-34.5622],"timeVisible":4.63658,"tipPosition":[28.5488,211.277,-28.7476],"tipVelocity":[-35.8897,12.868,76.3599],"tool":false,"touchDistance":0.333333,"touchZone":"none","type":2,"width":18.5095},{"bases":[[[0.953547,-0.295156,-0.0602511],[0.263728,0.721271,0.640481],[-0.145584,-0.626619,0.765607]],[[0.954173,-0.292424,-0.0635854],[0.17149,0.708435,-0.684624],[0.245247,0.642345,0.726118]],[[0.954173,-0.292424,-0.0635854],[-0.207817,-0.494602,-0.843908],[0.21533,0.818448,-0.532706]],[[0.954173,-0.292424,-0.0635854],[-0.291957,-0.862998,-0.412305],[0.0656938,0.411974,-0.908824]]],"btipPosition":[41.9818,209.001,-13.6626],"carpPosition":[50.7806,228.31,33.7509],"dipPosition":[43.1777,216.501,-30.2072],"direction":[-0.21533,-0.818448,0.532706],"extended":false,"handId":487,"id":4873,"length":62.7745,"mcpPosition":[59.6659,266.554,-12.9756],"pipPosition":[48.9897,238.591,-44.5854],"stabilizedTipPosition":[45.2443,209.973,-23.9693],"timeVisible":4.63658,"tipPosition":[42.0405,210.168,-18.3348],"tipVelocity":[-31.44,13.6064,71.6634],"tool":false,"touchDistance":0.333333,"touchZone":"none","type":3,"width":17.613},{"bases":[[[0.873518,-0.480787,-0.0762276],[0.394924,0.60837,0.688419],[-0.284608,-0.63145,0.721296]],[[0.85015,-0.526045,-0.022827],[0.392512,0.662049,-0.638456],[0.350969,0.533823,0.76932]],[[0.85015,-0.526045,-0.022827],[-0.272299,-0.402134,-0.874152],[0.450664,0.749376,-0.485116]],[[0.85015,-0.526045,-0.022827],[-0.475852,-0.749028,-0.461001],[0.225409,0.402782,-0.887106]]],"btipPosition":[53.5579,217.393,-13.4191],"carpPosition":[61.9436,221.154,29.6929],"dipPosition":[57.3435,224.157,-28.3174],"direction":[-0.450664,-0.749376,0.485116],"extended":false,"handId":487,"id":4874,"length":49.214,"mcpPosition":[78.023,256.829,-11.0579],"pipPosition":[65.9316,238.438,-37.5621],"stabilizedTipPosition":[57.3869,218.247,-22.7928],"timeVisible":4.63658,"tipPosition":[54.0155,218.535,-17.6468],"tipVelocity":[-31.5534,14.1781,68.3062],"tool":false,"touchDistance":0.333333,"touchZone":"none","type":4,"width":15.6452}],"r":[[0.815076,0.469141,0.339938],[-0.522728,0.848514,0.0823398],[-0.249813,-0.244808,0.936836]],"s":1.39122,"t":[49.3449,73.2554,-126.164],"timestamp":93617341630},false],[1,{"currentFrameRate":54.8419,"devices":[],"gestures":[{"center":[-18.0112,323.396,-96.3563],"duration":54309,"handIds":[487],"id":5,"normal":[-0.063376,0.00247791,0.997987],"pointableIds":[4871],"progress":1.09029,"radius":21.456,"state":"update","type":"circle"}],"hands":[{"armBasis":[[0.997686,-0.0374796,-0.0567257],[0.0531493,0.950242,0.306945],[0.0423989,-0.30925,0.950035]],"armWidth":62.0842,"confidence":0.621793,"direction":[0.0291537,0.746676,-0.664548],"elbow":[57.4434,132.997,284.583],"grabStrength":0,"id":487,"palmNormal":[-0.0445134,-0.663202,-0.747116],"palmPosition":[40.2195,251.226,-3.34781],"palmVelocity":[-30.5597,2.27168,48.2285],"palmWidth":88.6541,"pinchStrength":0.0854583,"r":[[0.815267,0.470889,0.337051],[-0.525185,0.84645,0.0877685],[-0.243968,-0.248569,0.937386]],"s":1.39075,"sphereCenter":[8.15499,243.111,-41.8237],"sphereRadius":51.0519,"stabilizedPalmPosition":[42.9697,251.299,-8.15147],"t":[48.802,73.3012,-125.327],"timeVisible":4.65467,"type":"right","wrist":[46.2895,214.351,34.658]}],"id":1692745,"interactionBox":{"center":[0,200,0],"size":[235.247,235.247,147.751]},"pointables":[{"bases":[[[0.44733,0.718218,0.532971],[-0.795124,0.046528,0.604659],[0.409479,-0.694261,0.591886]],[[0.404667,0.783322,0.47186],[-0.764618,0.00679978,0.644448],[0.501602,-0.621579,0.601693]],[[0.404667,0.783322,0.47186],[-0.910412,0.393621,0.12733],[-0.0859938,-0.481113,0.872431]],[[0.404667,0.783322,0.47186],[-0.910301,0.394236,0.126214],[-0.0871584,-0.480609,0.872593]]],"btipPosition":[-1.56471,263.482,-48.7459],"carpPosition":[17.9871,206.309,29.3981],"dipPosition":[-3.55217,252.523,-28.8483],"direction":[0.0859938,0.481113,-0.872431],"extended":false,"handId":487,"id":4870,"length":50.7785,"mcpPosition":[17.9871,206.309,29.3981],"pipPosition":[-6.40891,236.54,0.13408],"stabilizedTipPosition":[1.62679,260.985,-49.5104],"timeVisible":4.65467,"tipPosition":[-2.11213,260.607,-44.2517],"tipVelocity":[-41.3826,0.73804,55.5041],"tool":false,"touchDistance":-0.0120078,"touchZone":"touching","type":0,"width":19.7302},{"bases":[[[0.989302,0.0747351,-0.125284],[0.0234128,0.766333,0.642016],[0.14399,-0.638081,0.756385]],[[0.931976,0.215655,-0.2914],[-0.000769357,0.804992,0.593285],[0.362519,-0.552703,0.750399]],[[0.931976,0.215655,-0.2914],[-0.0728224,0.898801,0.432265],[0.355131,-0.38164,0.853366]],[[0.931976,0.215655,-0.2914],[-0.127396,0.947379,0.293673],[0.339398,-0.236573,0.910408]]],"btipPosition":[-12.5233,308.125,-84.288],"carpPosition":[26.9862,226.325,36.594],"dipPosition":[-6.87333,304.187,-69.1324],"direction":[-0.355131,0.38164,-0.853366],"extended":true,"handId":487,"id":4871,"length":57.2978,"mcpPosition":[16.6648,272.063,-17.6244],"pipPosition":[1.48996,295.199,-49.0357],"stabilizedTipPosition":[-7.73402,307.632,-84.8208],"timeVisible":4.65467,"tipPosition":[-10.9484,307.589,-80.6795],"tipVelocity":[-52.4593,-10.3395,57.787],"tool":false,"touchDistance":0.0515702,"touchZone":"hovering","type":1,"width":18.8462},{"bases":[[[0.981076,-0.143903,-0.129542],[0.193485,0.753741,0.628043],[0.00726384,-0.641223,0.76732]],[[0.980757,-0.131578,-0.144235],[0.0114064,0.776133,-0.630466],[0.194901,0.616688,0.762699]],[[0.980757,-0.131578,-0.144235],[-0.188042,-0.437956,-0.87911],[0.052503,0.889315,-0.454271]],[[0.980757,-0.131578,-0.144235],[-0.184886,-0.863271,-0.469659],[-0.062717,0.487288,-0.870986]]],"btipPosition":[28.7303,209.914,-23.7073],"carpPosition":[38.6836,228.849,35.7379],"dipPosition":[27.582,218.836,-39.6547],"direction":[-0.052503,-0.889315,0.454271],"extended":false,"handId":487,"id":4872,"length":65.2863,"mcpPosition":[38.1898,272.438,-16.4222],"pipPosition":[29.0367,243.476,-52.2409],"stabilizedTipPosition":[32.0063,211.135,-34.3314],"timeVisible":4.65467,"tipPosition":[28.2919,211.477,-28.1533],"tipVelocity":[-25.3477,12.4424,56.5944],"tool":false,"touchDistance":0.333333,"touchZone":"none","type":2,"width":18.5095},{"bases":[[[0.954056,-0.293103,-0.0621859],[0.263217,0.720709,0.641324],[-0.143156,-0.628227,0.764746]],[[0.95468,-0.290323,-0.0655662],[0.168891,0.70981,-0.683846],[0.245076,0.64178,0.726675]],[[0.95468,-0.290323,-0.0655662],[-0.209091,-0.497421,-0.841934],[0.211819,0.817487,-0.535582]],[[0.95468,-0.290323,-0.0655662],[-0.291203,-0.865554,-0.407453],[0.061542,0.40808,-0.910869]]],"btipPosition":[41.7639,209.219,-13.1379],"carpPosition":[50.5331,228.309,34.1325],"dipPosition":[42.8842,216.648,-29.7197],"direction":[-0.211819,-0.817487,0.535582],"extended":false,"handId":487,"id":4873,"length":62.7745,"mcpPosition":[59.2702,266.651,-12.5415],"pipPosition":[48.6014,238.713,-44.1755],"stabilizedTipPosition":[45.1577,209.999,-23.7808],"timeVisible":4.65467,"tipPosition":[41.7998,210.36,-17.8211],"tipVelocity":[-22.6731,12.4416,51.1499],"tool":false,"touchDistance":0.333333,"touchZone":"none","type":3,"width":17.613},{"bases":[[[0.874382,-0.47887,-0.0783615],[0.394714,0.607994,0.688871],[-0.282236,-0.633267,0.720636]],[[0.851769,-0.52326,-0.0262262],[0.388809,0.664874,-0.637786],[0.351165,0.533049,0.769767]],[[0.851769,-0.52326,-0.0262262],[-0.275599,-0.404927,-0.871826],[0.445572,0.749822,-0.489114]],[[0.851769,-0.52326,-0.0262262],[-0.476303,-0.752538,-0.454776],[0.21823,0.399856,-0.89022]]],"btipPosition":[53.3957,217.591,-12.916],"carpPosition":[61.7046,221.183,30.0455],"dipPosition":[57.0607,224.307,-27.8667],"direction":[-0.445572,-0.749822,0.489114],"extended":false,"handId":487,"id":4874,"length":49.214,"mcpPosition":[77.65,256.96,-10.6679],"pipPosition":[65.5518,238.596,-37.1876],"stabilizedTipPosition":[57.295,218.273,-22.6048],"timeVisible":4.65467,"tipPosition":[53.81,218.716,-17.1558],"tipVelocity":[-21.5395,12.3505,48.7266],"tool":false,"touchDistance":0.333333,"touchZone":"none","type":4,"width":15.6452}],"r":[[0.815267,0.470889,0.337051],[-0.525185,0.84645,0.0877685],[-0.243968,-0.248569,0.937386]],"s":1.39075,"t":[48.802,73.3012,-125.327],"timestamp":93617359725},false],[2,{"currentFrameRate":54.8818,"devices":[],"gestures":[{"center":[-18.0112,323.396,-96.3563],"duration":54309,"handIds":[487],"id":5,"normal":[-0.063376,0.00247791,0.997987],"pointableIds":[4871],"progress":1.09029,"radius":21.456,"state":"update","type":"circle"}],"hands":[{"armBasis":[[0.997558,-0.0384957,-0.0582846],[0.0545765,0.950331,0.306419],[0.0435938,-0.308851,0.950111]],"armWidth":62.0842,"confidence":0.622774,"direction":[0.0279713,0.74676,-0.664505],"elbow":[57.6434,132.96,284.66],"grabStrength":0,"id":487,"palmNormal":[-0.0468647,-0.663055,-0.747102],"palmPosition":[40.0336,251.095,-3.26916],"palmVelocity":[-20.9208,-2.26057,27.3728],"palmWidth":88.6541,"pinchStrength":0.0923083,"r":[[0.815638,0.472174,0.334345],[-0.526965,0.844848,0.0924101],[-0.238837,-0.251561,0.937909]],"s":1.38999,"sphereCenter":[8.27004,242.857,-41.7467],"sphereRadius":50.863,"stabilizedPalmPosition":[42.6934,251.28,-7.6921],"t":[48.4375,73.2584,-124.87],"timeVisible":4.67276,"type":"right","wrist":[46.1752,214.209,34.7154]}],"id":1692746,"interactionBox":{"center":[0,200,0],"size":[235.247,235.247,147.751]},"pointables":[{"bases":[[[0.449173,0.717831,0.531943],[-0.793552,0.0469742,0.606687],[0.410511,-0.694631,0.590736]],[[0.405805,0.783785,0.470111],[-0.764794,0.00958232,0.644203],[0.500412,-0.620959,0.603322]],[[0.405805,0.783785,0.470111],[-0.910018,0.394224,0.128274],[-0.0847896,-0.479863,0.873236]],[[0.405805,0.783785,0.470111],[-0.910535,0.39119,0.133778],[-0.0790495,-0.48234,0.87241]]],"btipPosition":[-1.86484,263.329,-48.7196],"carpPosition":[17.854,206.188,29.5263],"dipPosition":[-3.66739,252.33,-28.8262],"direction":[0.0847896,0.479863,-0.873236],"extended":false,"handId":487,"id":4870,"length":50.7785,"mcpPosition":[17.854,206.188,29.5263],"pipPosition":[-6.48413,236.389,0.183016],"stabilizedTipPosition":[1.05956,260.958,-48.7311],"timeVisible":4.67276,"tipPosition":[-2.3734,260.488,-44.1559],"tipVelocity":[-28.4846,-3.88753,29.7899],"tool":false,"touchDistance":-0.0115848,"touchZone":"touching","type":0,"width":19.7302},{"bases":[[[0.989031,0.0740819,-0.127788],[0.025567,0.766217,0.642073],[0.14548,-0.638297,0.755918]],[[0.932081,0.213892,-0.292363],[-0.00083034,0.808332,0.588726],[0.36225,-0.548498,0.753608]],[[0.932081,0.213892,-0.292363],[-0.0740988,0.902582,0.424093],[0.354591,-0.373625,0.857129]],[[0.932081,0.213892,-0.292363],[-0.129404,0.950418,0.282772],[0.338349,-0.225734,0.913545]]],"btipPosition":[-12.6898,307.467,-84.4213],"carpPosition":[26.885,226.196,36.7024],"dipPosition":[-7.05728,303.709,-69.2135],"direction":[-0.354591,0.373625,-0.857129],"extended":true,"handId":487,"id":4871,"length":57.2978,"mcpPosition":[16.4569,271.95,-17.4826],"pipPosition":[1.29331,294.91,-49.0282],"stabilizedTipPosition":[-8.72431,307.354,-83.7664],"timeVisible":4.67276,"tipPosition":[-11.2126,307.117,-80.6852],"tipVelocity":[-32.007,-21.6392,27.1314],"tool":false,"touchDistance":0.0495481,"touchZone":"hovering","type":1,"width":18.8462},{"bases":[[[0.980646,-0.14455,-0.132059],[0.195594,0.753511,0.627665],[0.00877924,-0.641347,0.7672]],[[0.980298,-0.132241,-0.146727],[0.0102579,0.775904,-0.630767],[0.197259,0.616835,0.761974]],[[0.980298,-0.132241,-0.146727],[-0.190858,-0.442771,-0.876086],[0.0508882,0.886829,-0.459286]],[[0.980298,-0.132241,-0.146727],[-0.186162,-0.866861,-0.462488],[-0.066032,0.480691,-0.8744]]],"btipPosition":[28.5203,209.969,-23.3846],"carpPosition":[38.5819,228.713,35.8168],"dipPosition":[27.3113,218.77,-39.3945],"direction":[-0.0508882,-0.886829,0.459286],"extended":false,"handId":487,"id":4872,"length":65.2863,"mcpPosition":[37.9851,272.31,-16.3351],"pipPosition":[28.7212,243.341,-52.1197],"stabilizedTipPosition":[31.9187,211.155,-34.1622],"timeVisible":4.67276,"tipPosition":[28.0602,211.489,-27.8659],"tipVelocity":[-19.1877,7.24043,37.7985],"tool":false,"touchDistance":0.333333,"touchZone":"none","type":2,"width":18.5095},{"bases":[[[0.953695,-0.293742,-0.0646576],[0.265337,0.720429,0.640763],[-0.141638,-0.628249,0.765011]],[[0.954315,-0.290951,-0.0680523],[0.16766,0.709915,-0.68404],[0.247334,0.64138,0.726263]],[[0.954315,-0.290951,-0.0680523],[-0.212578,-0.501032,-0.838915],[0.209987,0.815055,-0.539992]],[[0.954315,-0.290951,-0.0680523],[-0.293226,-0.868091,-0.400546],[0.0574636,0.402201,-0.913746]]],"btipPosition":[41.5904,209.266,-12.916],"carpPosition":[50.4269,228.165,34.1813],"dipPosition":[42.6365,216.588,-29.5501],"direction":[-0.209987,-0.815055,0.539992],"extended":false,"handId":487,"id":4873,"length":62.7745,"mcpPosition":[59.0713,266.508,-12.5088],"pipPosition":[48.3043,238.587,-44.125],"stabilizedTipPosition":[45.0899,210.018,-23.6372],"timeVisible":4.67276,"tipPosition":[41.6007,210.366,-17.6074],"tipVelocity":[-16.9042,7.1224,32.3545],"tool":false,"touchDistance":0.333333,"touchZone":"none","type":3,"width":17.613},{"bases":[[[0.873853,-0.479452,-0.0806592],[0.396879,0.607618,0.687959],[-0.280833,-0.633187,0.721253]],[[0.851875,-0.522909,-0.0295979],[0.386234,0.665376,-0.638826],[0.353741,0.532768,0.768782]],[[0.851875,-0.522909,-0.0295979],[-0.281303,-0.409141,-0.868028],[0.44179,0.747777,-0.495633]],[[0.851875,-0.522909,-0.0295979],[-0.479483,-0.755897,-0.445776],[0.210727,0.393937,-0.894655]]],"btipPosition":[53.3043,217.584,-12.699],"carpPosition":[61.5831,221.031,30.0648],"dipPosition":[56.8433,224.2,-27.7241],"direction":[-0.44179,-0.747777,0.495633],"extended":false,"handId":487,"id":4874,"length":49.214,"mcpPosition":[77.4493,256.804,-10.6836],"pipPosition":[65.2623,238.45,-37.1693],"stabilizedTipPosition":[57.2307,218.29,-22.4743],"timeVisible":4.67276,"tipPosition":[53.6733,218.677,-16.9633],"tipVelocity":[-14.4662,5.68022,30.8208],"tool":false,"touchDistance":0.333333,"touchZone":"none","type":4,"width":15.6452}],"r":[[0.815638,0.472174,0.334345],[-0.526965,0.844848,0.0924101],[-0.238837,-0.251561,0.937909]],"s":1.38999,"t":[48.4375,73.2584,-124.87],"timestamp":93617377807},false],[3,{"currentFrameRate":54.9177,"devices":[],"gestures":[{"center":[-18.0112,323.396,-96.3563],"duration":54309,"handIds":[487],"id":5,"normal":[-0.063376,0.00247791,0.997987],"pointableIds":[4871],"progress":1.09029,"radius":21.456,"state":"update","type":"circle"}],"hands":[{"armBasis":[[0.997522,-0.0376709,-0.0594276],[0.0541525,0.950301,0.306585],[0.0449248,-0.309044,0.949986]],"armWidth":62.0842,"confidence":0.588054,"direction":[0.027491,0.74648,-0.664839],"elbow":[57.872,132.747,284.79],"grabStrength":0,"id":487,"palmNormal":[-0.0466556,-0.663408,-0.746802],"palmPosition":[39.8875,250.912,-3.1212],"palmVelocity":[-14.8161,-5.98066,18.2505],"palmWidth":88.6541,"pinchStrength":0.102372,"r":[[0.815885,0.473319,0.332115],[-0.528452,0.84351,0.0960697],[-0.23467,-0.253888,0.938334]],"s":1.38885,"sphereCenter":[8.6588,242.412,-41.7175],"sphereRadius":50.6208,"stabilizedPalmPosition":[42.3926,251.24,-7.20198],"t":[48.1823,73.1458,-124.567],"timeVisible":4.69084,"type":"right","wrist":[46.0537,214.047,34.8786]}],"id":1692747,"interactionBox":{"center":[0,200,0],"size":[235.247,235.247,147.751]},"pointables":[{"bases":[[[0.448901,0.718289,0.531553],[-0.793477,0.0468465,0.606795],[0.410953,-0.694166,0.590975]],[[0.405047,0.784798,0.469072],[-0.766222,0.0114552,0.642473],[0.498839,-0.619645,0.60597]],[[0.405047,0.784798,0.469072],[-0.910343,0.39383,0.127176],[-0.084927,-0.478528,0.873955]],[[0.405047,0.784798,0.469072],[-0.911363,0.387625,0.138438],[-0.0731778,-0.483568,0.872242]]],"btipPosition":[-2.03602,263.069,-48.697],"carpPosition":[17.7356,206.009,29.6977],"dipPosition":[-3.70468,252.043,-28.8074],"direction":[0.084927,0.478528,-0.873955],"extended":false,"handId":487,"id":4870,"length":50.7785,"mcpPosition":[17.7356,206.009,29.6977],"pipPosition":[-6.52598,236.146,0.225632],"stabilizedTipPosition":[0.390263,260.876,-47.8446],"timeVisible":4.69084,"tipPosition":[-2.51451,260.254,-44.0816],"tipVelocity":[-18.6346,-9.02229,16.1993],"tool":false,"touchDistance":-0.0112235,"touchZone":"touching","type":0,"width":19.7302},{"bases":[[[0.988973,0.0745185,-0.127982],[0.0252895,0.766513,0.641731],[0.145921,-0.637891,0.756176]],[[0.932573,0.213142,-0.291337],[-0.00434203,0.813638,0.581356],[0.360954,-0.540892,0.759702]],[[0.932573,0.213142,-0.291337],[-0.0791475,0.908166,0.41106],[0.352197,-0.360285,0.863801]],[[0.932573,0.213142,-0.291337],[-0.13522,0.954575,0.265524],[0.334697,-0.208226,0.919032]]],"btipPosition":[-12.6771,306.342,-84.7823],"carpPosition":[26.7578,226.025,36.8635],"dipPosition":[-7.10544,302.876,-69.4832],"direction":[-0.352197,0.360285,-0.863801],"extended":true,"handId":487,"id":4871,"length":57.2978,"mcpPosition":[16.2981,271.75,-17.34],"pipPosition":[1.18876,294.391,-49.1407],"stabilizedTipPosition":[-9.86647,306.58,-82.6962],"timeVisible":4.69084,"tipPosition":[-11.3024,306.268,-80.8804],"tipVelocity":[-16.8281,-39.1466,5.29821],"tool":false,"touchDistance":0.0438818,"touchZone":"hovering","type":1,"width":18.8462},{"bases":[[[0.980696,-0.144119,-0.132155],[0.195321,0.753886,0.627301],[0.00922368,-0.641004,0.767482]],[[0.980339,-0.131797,-0.146852],[0.00950009,0.774887,-0.632028],[0.197093,0.618206,0.760904]],[[0.980339,-0.131797,-0.146852],[-0.191125,-0.44919,-0.872754],[0.0490619,0.883662,-0.465548]],[[0.980339,-0.131797,-0.146852],[-0.185214,-0.871302,-0.454454],[-0.0680568,0.472718,-0.878582]]],"btipPosition":[28.457,209.949,-22.9454],"carpPosition":[38.4533,228.547,35.9749],"dipPosition":[27.2109,218.605,-39.0319],"direction":[-0.0490619,-0.883662,0.465548],"extended":false,"handId":487,"id":4872,"length":65.2863,"mcpPosition":[37.8263,272.121,-16.1962],"pipPosition":[28.5702,243.088,-51.9305],"stabilizedTipPosition":[31.8649,211.166,-34.0544],"timeVisible":4.69084,"tipPosition":[27.9812,211.424,-27.4783],"tipVelocity":[-11.9553,2.39386,30.9131],"tool":false,"touchDistance":0.333333,"touchZone":"none","type":2,"width":18.5095},{"bases":[[[0.953831,-0.293295,-0.0646832],[0.265082,0.720844,0.640402],[-0.1412,-0.627982,0.765311]],[[0.954458,-0.29046,-0.068134],[0.166923,0.709188,-0.684974],[0.247278,0.642406,0.725375]],[[0.954458,-0.29046,-0.068134],[-0.213869,-0.506896,-0.835055],[0.208013,0.811596,-0.545932]],[[0.954458,-0.29046,-0.068134],[-0.293329,-0.871913,-0.392078],[0.0544762,0.394208,-0.917405]]],"btipPosition":[41.5452,209.283,-12.5123],"carpPosition":[50.2983,228.004,34.3376],"dipPosition":[42.537,216.46,-29.2131],"direction":[-0.208013,-0.811597,0.545932],"extended":false,"handId":487,"id":4873,"length":62.7745,"mcpPosition":[58.9161,266.331,-12.3708],"pipPosition":[48.1514,238.365,-43.9482],"stabilizedTipPosition":[45.0476,210.03,-23.5444],"timeVisible":4.69084,"tipPosition":[41.5354,210.334,-17.238],"tipVelocity":[-10.3856,3.30861,27.1832],"tool":false,"touchDistance":0.333333,"touchZone":"none","type":3,"width":17.613},{"bases":[[[0.874079,-0.479052,-0.0805899],[0.396688,0.608119,0.687626],[-0.2804,-0.633009,0.721578]],[[0.852634,-0.521613,-0.0305789],[0.384564,0.666079,-0.6391],[0.353731,0.533159,0.768516]],[[0.852634,-0.521613,-0.0305789],[-0.284191,-0.413841,-0.864853],[0.438463,0.746094,-0.501093]],[[0.852634,-0.521613,-0.0305789],[-0.480554,-0.759852,-0.437829],[0.205141,0.388003,-0.898538]]],"btipPosition":[53.3117,217.535,-12.3812],"carpPosition":[61.4574,220.875,30.2225],"dipPosition":[56.7569,224.051,-27.4715],"direction":[-0.438463,-0.746094,0.501093],"extended":false,"handId":487,"id":4874,"length":49.214,"mcpPosition":[77.2991,256.637,-10.5442],"pipPosition":[65.1126,238.269,-37.0207],"stabilizedTipPosition":[57.1945,218.299,-22.3975],"timeVisible":4.69084,"tipPosition":[53.6463,218.595,-16.6619],"tipVelocity":[-7.96177,1.09541,24.1296],"tool":false,"touchDistance":0.333333,"touchZone":"none","type":4,"width":15.6452}],"r":[[0.815885,0.473319,0.332115],[-0.528452,0.84351,0.0960697],[-0.23467,-0.253888,0.938334]],"s":1.38885,"t":[48.1823,73.1458,-124.567],"timestamp":93617395891},false],[4,{"currentFrameRate":54.9584,"devices":[],"gestures":[{"center":[-18.0112,323.396,-96.3563],"duration":54309,"handIds":[487],"id":5,"normal":[-0.063376,0.00247791,0.997987],"pointableIds":[4871],"progress":1.09029,"radius":21.456,"state":"update","type":"circle"}],"hands":[{"armBasis":[[0.997753,-0.0308391,-0.0594871],[0.0476641,0.950636,0.306625],[0.0470946,-0.308771,0.94997]],"armWidth":62.0842,"confidence":0.597234,"direction":[0.0257947,0.747307,-0.663978],"elbow":[58.2997,132.437,285.19],"grabStrength":0,"id":487,"palmNormal":[-0.040123,-0.66289,-0.747641],"palmPosition":[39.6803,250.535,-2.70287],"palmVelocity":[-13.2331,-13.0717,20.5866],"palmWidth":88.6541,"pinchStrength":0.111154,"r":[[0.815294,0.475087,0.331041],[-0.530649,0.841817,0.0987727],[-0.231751,-0.256195,0.938432]],"s":1.38738,"sphereCenter":[9.10035,241.705,-41.5341],"sphereRadius":50.4075,"stabilizedPalmPosition":[42.0895,251.161,-6.69931],"t":[47.951,72.9007,-124.206],"timeVisible":4.70889,"type":"right","wrist":[45.9106,213.665,35.2827]}],"id":1692748,"interactionBox":{"center":[0,200,0],"size":[235.247,235.247,147.751]},"pointables":[{"bases":[[[0.44286,0.72025,0.533962],[-0.796001,0.0417669,0.603853],[0.412623,-0.692456,0.591817]],[[0.398228,0.787441,0.47048],[-0.770623,0.00899187,0.637228],[0.497549,-0.616324,0.610401]],[[0.398228,0.787441,0.47048],[-0.913238,0.388484,0.122786],[-0.0860876,-0.478557,0.873826]],[[0.398228,0.787441,0.47048],[-0.914735,0.379137,0.139697],[-0.0683728,-0.485996,0.871282]]],"btipPosition":[-2.12212,262.429,-48.5969],"carpPosition":[17.6578,205.474,29.9871],"dipPosition":[-3.68122,251.347,-28.7292],"direction":[0.0860876,0.478557,-0.873826],"extended":false,"handId":487,"id":4870,"length":50.7785,"mcpPosition":[17.6578,205.474,29.9871],"pipPosition":[-6.54107,235.449,0.299566],"stabilizedTipPosition":[-0.463972,260.58,-46.7088],"timeVisible":4.70889,"tipPosition":[-2.58404,259.647,-43.9206],"tipVelocity":[-11.3889,-21.9103,11.0085],"tool":false,"touchDistance":-0.00963888,"touchZone":"touching","type":0,"width":19.7302},{"bases":[[[0.989013,0.0802003,-0.124185],[0.0185729,0.765982,0.642594],[0.14666,-0.63784,0.756076]],[[0.932926,0.217873,-0.286672],[-0.0135784,0.816881,0.576647],[0.359813,-0.534076,0.765047]],[[0.932926,0.217873,-0.286672],[-0.0897977,0.911784,0.400731],[0.348692,-0.34811,0.870191]],[[0.932926,0.217873,-0.286672],[-0.146383,0.95689,0.250865],[0.328971,-0.192074,0.9246]]],"btipPosition":[-12.7219,305.006,-84.8985],"carpPosition":[26.5405,225.533,37.207],"dipPosition":[-7.24553,301.808,-69.5067],"direction":[-0.348692,0.34811,-0.870192],"extended":true,"handId":487,"id":4871,"length":57.2978,"mcpPosition":[16.0277,271.254,-16.9893],"pipPosition":[0.966137,293.61,-49.0138],"stabilizedTipPosition":[-10.787,305.248,-81.9245],"timeVisible":4.70889,"tipPosition":[-11.4383,305.134,-80.8839],"tipVelocity":[-10.592,-54.085,0.287057],"tool":false,"touchDistance":0.0423001,"touchZone":"hovering","type":1,"width":18.8462},{"bases":[[[0.98198,-0.138476,-0.12861],[0.188725,0.754324,0.628791],[0.00994115,-0.641732,0.766864]],[[0.981606,-0.1261,-0.143345],[0.0074242,0.775472,-0.631338],[0.190771,0.618661,0.762145]],[[0.981606,-0.1261,-0.143345],[-0.185572,-0.453795,-0.871569],[0.0448553,0.882139,-0.468848]],[[0.981606,-0.1261,-0.143345],[-0.178112,-0.875197,-0.449784],[-0.0687376,0.467042,-0.881559]]],"btipPosition":[28.6056,209.698,-22.4257],"carpPosition":[38.2248,228.121,36.365],"dipPosition":[27.3471,218.249,-38.5666],"direction":[-0.0448553,-0.882139,0.468848],"extended":false,"handId":487,"id":4872,"length":65.2863,"mcpPosition":[37.549,271.744,-15.7641],"pipPosition":[28.5898,242.69,-51.5567],"stabilizedTipPosition":[31.8389,211.17,-33.9964],"timeVisible":4.70889,"tipPosition":[28.1289,211.134,-26.9799],"tipVelocity":[-2.44547,-5.98013,29.5748],"tool":false,"touchDistance":0.333333,"touchZone":"none","type":2,"width":18.5095},{"bases":[[[0.9557,-0.28787,-0.0613903],[0.258622,0.721661,0.642122],[-0.140545,-0.629552,0.764141]],[[0.956328,-0.285008,-0.0648597],[0.165802,0.711689,-0.682649],[0.24072,0.642082,0.727863]],[[0.956328,-0.285008,-0.0648597],[-0.208357,-0.509079,-0.83512],[0.204998,0.812163,-0.54623]],[[0.956328,-0.285008,-0.0648597],[-0.28718,-0.874839,-0.390108],[0.0544422,0.391697,-0.918482]]],"btipPosition":[41.6531,209.066,-12.0874],"carpPosition":[50.0788,227.647,34.7717],"dipPosition":[42.6442,216.197,-28.8078],"direction":[-0.204998,-0.812163,0.54623],"extended":false,"handId":487,"id":4873,"length":62.7745,"mcpPosition":[58.6565,266.07,-11.8653],"pipPosition":[48.1773,238.118,-43.551],"stabilizedTipPosition":[45.0274,210.034,-23.4958],"timeVisible":4.70889,"tipPosition":[41.6474,210.092,-16.7838],"tipVelocity":[-2.62144,-4.24603,25.3317],"tool":false,"touchDistance":0.333333,"touchZone":"none","type":3,"width":17.613},{"bases":[[[0.877053,-0.474055,-0.0777843],[0.39068,0.609628,0.689727],[-0.279549,-0.635316,0.71988]],[[0.85606,-0.516076,-0.0287522],[0.382459,0.669874,-0.636392],[0.347687,0.533793,0.77083]],[[0.85606,-0.516076,-0.0287522],[-0.280815,-0.41767,-0.864115],[0.43394,0.747809,-0.502472]],[[0.85606,-0.516076,-0.0287522],[-0.475722,-0.764928,-0.43425],[0.202113,0.385422,-0.900333]]],"btipPosition":[53.4446,217.364,-11.8396],"carpPosition":[61.2931,220.584,30.6914],"dipPosition":[56.8389,223.837,-26.9601],"direction":[-0.43394,-0.747809,0.502472],"extended":false,"handId":487,"id":4874,"length":49.214,"mcpPosition":[77.0867,256.477,-9.97933],"pipPosition":[65.1084,238.087,-36.5356],"stabilizedTipPosition":[57.1777,218.302,-22.3576],"timeVisible":4.70889,"tipPosition":[53.7629,218.401,-16.1174],"tipVelocity":[-0.995563,-4.19048,26.7335],"tool":false,"touchDistance":0.333333,"touchZone":"none","type":4,"width":15.6452}],"r":[[0.815294,0.475087,0.331041],[-0.530649,0.841817,0.0987727],[-0.231751,-0.256195,0.938432]],"s":1.38738,"t":[47.951,72.9007,-124.206],"timestamp":93617413945},false],[5,{"currentFrameRate":54.9878,"devices":[],"gestures":[{"center":[-18.0112,323.396,-96.3563],"duration":54309,"handIds":[487],"id":5,"normal":[-0.063376,0.00247791,0.997987],"pointableIds":[4871],"progress":1.09029,"radius":21.456,"state":"update","type":"circle"}],"hands":[{"armBasis":[[0.997805,-0.0257335,-0.0610116],[0.0431583,0.951539,0.304484],[0.0502195,-0.306449,0.950561]],"armWidth":62.0842,"confidence":0.600315,"direction":[0.0237038,0.748715,-0.662468],"elbow":[58.9445,132.379,285.653],"grabStrength":0,"id":487,"palmNormal":[-0.0361153,-0.66158,-0.749004],"palmPosition":[39.4083,249.914,-2.33356],"palmVelocity":[-14.0905,-23.1755,20.5082],"palmWidth":88.6541,"pinchStrength":0.11779,"r":[[0.814305,0.47706,0.330637],[-0.533141,0.839965,0.101095],[-0.229495,-0.258599,0.938328]],"s":1.38572,"sphereCenter":[9.28695,240.896,-41.2972],"sphereRadius":50.2269,"stabilizedPalmPosition":[41.7016,250.981,-6.06764],"t":[47.6994,72.4678,-123.841],"timeVisible":4.72698,"type":"right","wrist":[45.7333,212.996,35.5896]}],"id":1692749,"interactionBox":{"center":[0,200,0],"size":[235.247,235.247,147.751]},"pointables":[{"bases":[[[0.43895,0.721062,0.53609],[-0.797142,0.0372142,0.602644],[0.414593,-0.69187,0.591124]],[[0.393132,0.789534,0.471257],[-0.774273,0.0078256,0.632803],[0.495932,-0.613656,0.614392]],[[0.393132,0.789534,0.471257],[-0.915398,0.384323,0.119756],[-0.0865629,-0.478468,0.873828]],[[0.393132,0.789534,0.471257],[-0.917399,0.371287,0.143265],[-0.0618586,-0.488653,0.870283]]],"btipPosition":[-2.31006,261.579,-48.5231],"carpPosition":[17.524,204.696,30.2323],"dipPosition":[-3.72061,250.437,-28.6782],"direction":[0.0865629,0.478468,-0.873828],"extended":false,"handId":487,"id":4870,"length":50.7785,"mcpPosition":[17.524,204.696,30.2323],"pipPosition":[-6.59625,234.542,0.350619],"stabilizedTipPosition":[-1.42702,259.886,-45.4886],"timeVisible":4.72698,"tipPosition":[-2.76024,258.854,-43.7624],"tipVelocity":[-10.0171,-34.2,7.57737],"tool":false,"touchDistance":-0.00849649,"touchZone":"touching","type":0,"width":19.7302},{"bases":[[[0.988863,0.084623,-0.122426],[0.0142986,0.764787,0.644125],[0.148138,-0.638702,0.75506]],[[0.932821,0.221766,-0.284016],[-0.0198654,0.818639,0.573965],[0.359792,-0.529765,0.768049]],[[0.932821,0.221766,-0.284016],[-0.0972221,0.913851,0.394239],[0.346976,-0.340141,0.87402]],[[0.932821,0.221766,-0.284016],[-0.154255,0.958075,0.24145],[0.325653,-0.181419,0.927921]]],"btipPosition":[-12.9617,303.767,-84.7979],"carpPosition":[26.3101,224.778,37.5058],"dipPosition":[-7.54053,300.747,-69.3508],"direction":[-0.346976,0.340141,-0.87402],"extended":true,"handId":487,"id":4871,"length":57.2978,"mcpPosition":[15.6914,270.561,-16.6176],"pipPosition":[0.630731,292.737,-48.7677],"stabilizedTipPosition":[-11.4365,303.725,-81.4489],"timeVisible":4.72698,"tipPosition":[-11.739,304.016,-80.7188],"tipVelocity":[-12.1938,-59.8537,3.12976],"tool":false,"touchDistance":0.0441891,"touchZone":"hovering","type":1,"width":18.8462},{"bases":[[[0.982762,-0.134072,-0.127291],[0.184521,0.753875,0.630575],[0.0114195,-0.643193,0.765619]],[[0.982359,-0.121635,-0.142042],[0.00501636,0.776429,-0.630185],[0.186938,0.618355,0.763342]],[[0.982359,-0.121635,-0.142042],[-0.182495,-0.457744,-0.870153],[0.0408217,0.880724,-0.471867]],[[0.982359,-0.121635,-0.142042],[-0.173144,-0.878579,-0.445106],[-0.070655,0.461848,-0.88414]]],"btipPosition":[28.592,209.242,-21.9435],"carpPosition":[37.9848,227.418,36.6878],"dipPosition":[27.2983,217.699,-38.1317],"direction":[-0.0408217,-0.880724,0.471867],"extended":false,"handId":487,"id":4872,"length":65.2863,"mcpPosition":[37.2085,271.14,-15.3566],"pipPosition":[28.4293,242.1,-51.2055],"stabilizedTipPosition":[31.815,211.17,-33.9402],"timeVisible":4.72698,"tipPosition":[28.1061,210.644,-26.5248],"tipVelocity":[-1.85447,-15.689,27.9049],"tool":false,"touchDistance":0.333333,"touchZone":"none","type":2,"width":18.5095},{"bases":[[[0.957006,-0.283708,-0.0604076],[0.254533,0.721482,0.643954],[-0.139112,-0.631644,0.762676]],[[0.957637,-0.280792,-0.063924],[0.164247,0.714892,-0.679671],[0.236545,0.640379,0.730727]],[[0.957637,-0.280792,-0.063924],[-0.20518,-0.509525,-0.835635],[0.202069,0.813351,-0.545553]],[[0.957637,-0.280792,-0.063924],[-0.283021,-0.876676,-0.389022],[0.0531935,0.390634,-0.919008]]],"btipPosition":[41.6136,208.605,-11.7903],"carpPosition":[49.8431,226.996,35.1129],"dipPosition":[42.582,215.716,-28.5202],"direction":[-0.202069,-0.813351,0.545553],"extended":false,"handId":487,"id":4873,"length":62.7745,"mcpPosition":[58.3334,265.547,-11.4347],"pipPosition":[48.036,237.669,-43.2452],"stabilizedTipPosition":[45.0038,210.036,-23.4378],"timeVisible":4.72698,"tipPosition":[41.6044,209.614,-16.4464],"tipVelocity":[-2.55091,-14.4692,21.0438],"tool":false,"touchDistance":0.333333,"touchZone":"none","type":3,"width":17.613},{"bases":[[[0.879174,-0.470191,-0.0772941],[0.386987,0.609914,0.691553],[-0.278019,-0.637907,0.718178]],[[0.85864,-0.51175,-0.0291502],[0.380085,0.673819,-0.633643],[0.343909,0.532992,0.773076]],[[0.85864,-0.51175,-0.0291502],[-0.279288,-0.419402,-0.863771],[0.429809,0.749809,-0.503041]],[[0.85864,-0.51175,-0.0291502],[-0.472575,-0.76832,-0.431692],[0.198522,0.384444,-0.90155]]],"btipPosition":[53.428,216.921,-11.4442],"carpPosition":[61.0938,219.989,31.0369],"dipPosition":[56.7621,223.378,-26.5851],"direction":[-0.429809,-0.749809,0.503041],"extended":false,"handId":487,"id":4874,"length":49.214,"mcpPosition":[76.801,256.029,-9.53778],"pipPosition":[64.9528,237.667,-36.1714],"stabilizedTipPosition":[57.1614,218.302,-22.3168],"timeVisible":4.72698,"tipPosition":[53.728,217.947,-15.7085],"tipVelocity":[-1.32126,-13.9303,24.2969],"tool":false,"touchDistance":0.333333,"touchZone":"none","type":4,"width":15.6452}],"r":[[0.814305,0.47706,0.330637],[-0.533141,0.839965,0.101095],[-0.229495,-0.258599,0.938328]],"s":1.38572,"t":[47.6994,72.4678,-123.841],"timestamp":93617432029},false],[6,{"currentFrameRate":55.0116,"devices":[],"gestures":[{"center":[-18.0112,323.396,-96.3563],"duration":54309,"handIds":[487],"id":5,"normal":[-0.063376,0.00247791,0.997987],"pointableIds":[4871],"progress":1.09029,"radius":21.456,"state":"update","type":"circle"}],"hands":[{"armBasis":[[0.997457,-0.0234994,-0.067292],[0.0422147,0.955462,0.292079],[0.0574313,-0.294177,0.954024]],"armWidth":62.0842,"confidence":0.609583,"direction":[0.0280349,0.75134,-0.65932],"elbow":[60.2454,133.656,287.516],"grabStrength":0,"id":487,"palmNormal":[-0.0322927,-0.658554,-0.751841],"palmPosition":[39.0558,248.118,-1.26863],"palmVelocity":[-16.6541,-59.3513,38.7428],"palmWidth":88.6541,"pinchStrength":0.122716,"r":[[0.813202,0.47825,0.331632],[-0.535122,0.838471,0.103015],[-0.228797,-0.261236,0.937767]],"s":1.38411,"sphereCenter":[9.37614,239.199,-40.4749],"sphereRadius":50.1035,"stabilizedPalmPosition":[41.1965,250.434,-5.15159],"t":[47.3973,71.3534,-123.126],"timeVisible":4.74507,"type":"right","wrist":[45.137,211.044,36.5421]}],"id":1692750,"interactionBox":{"center":[0,200,0],"size":[235.247,235.247,147.751]},"pointables":[{"bases":[[[0.436383,0.71859,0.541478],[-0.800557,0.0353913,0.598211],[0.410705,-0.694533,0.590716]],[[0.390001,0.788688,0.475259],[-0.780218,0.00892313,0.625444],[0.489039,-0.614729,0.618828]],[[0.390001,0.788688,0.475259],[-0.9162,0.383973,0.114641],[-0.0920708,-0.480142,0.872345]],[[0.390001,0.788688,0.475259],[-0.918839,0.367118,0.144777],[-0.0602925,-0.493149,0.867853]]],"btipPosition":[-2.39863,259.88,-47.8764],"carpPosition":[16.9529,202.786,30.9901],"dipPosition":[-3.77347,248.635,-28.0869],"direction":[0.0920708,0.480142,-0.872345],"extended":false,"handId":487,"id":4870,"length":50.7785,"mcpPosition":[16.9529,202.786,30.9901],"pipPosition":[-6.83209,232.685,0.892635],"stabilizedTipPosition":[-2.14051,258.45,-44.2898],"timeVisible":4.74507,"tipPosition":[-2.83968,257.189,-43.054],"tipVelocity":[-7.36537,-63.213,20.6344],"tool":false,"touchDistance":0.0520692,"touchZone":"hovering","type":0,"width":19.7302},{"bases":[[[0.989609,0.084384,-0.116419],[0.0111512,0.762195,0.647252],[0.143352,-0.641824,0.753334]],[[0.934751,0.221941,-0.277459],[-0.0237162,0.818138,0.574533],[0.354512,-0.530465,0.770018]],[[0.934751,0.221941,-0.277459],[-0.100704,0.914375,0.392143],[0.340734,-0.338615,0.877063]],[[0.934751,0.221941,-0.277459],[-0.157204,0.958653,0.237217],[0.318635,-0.178121,0.930991]]],"btipPosition":[-12.7323,301.984,-83.9911],"carpPosition":[25.7115,222.833,38.3942],"dipPosition":[-7.42802,299.019,-68.4929],"direction":[-0.340734,0.338615,-0.877063],"extended":true,"handId":487,"id":4871,"length":57.2978,"mcpPosition":[15.4359,268.84,-15.6055],"pipPosition":[0.596237,291.045,-47.8381],"stabilizedTipPosition":[-11.4945,301.873,-80.6672],"timeVisible":4.74507,"tipPosition":[-11.559,302.274,-79.8814],"tipVelocity":[-1.07376,-77.9174,23.1538],"tool":false,"touchDistance":0.0578318,"touchZone":"hovering","type":1,"width":18.8462},{"bases":[[[0.98338,-0.134285,-0.122194],[0.18144,0.751212,0.634634],[0.00657173,-0.646257,0.763092]],[[0.983072,-0.121826,-0.136853],[0.00940062,0.779479,-0.626358],[0.182981,0.614468,0.767429]],[[0.983072,-0.121826,-0.136853],[-0.177948,-0.456906,-0.871534],[0.0436463,0.881133,-0.47085]],[[0.983072,-0.121826,-0.136853],[-0.170883,-0.879099,-0.444953],[-0.066101,0.460807,-0.885036]]],"btipPosition":[28.3535,207.69,-21.0096],"carpPosition":[37.3925,225.467,37.6536],"dipPosition":[27.1432,216.127,-37.2142],"direction":[-0.0436463,-0.881133,0.47085],"extended":false,"handId":487,"id":4872,"length":65.2863,"mcpPosition":[36.9458,269.398,-14.219],"pipPosition":[28.3525,240.54,-50.2598],"stabilizedTipPosition":[31.7607,211.148,-33.8067],"timeVisible":4.74507,"tipPosition":[27.8922,209.073,-25.5788],"tipVelocity":[-6.73631,-49.1333,39.0787],"tool":false,"touchDistance":0.333333,"touchZone":"none","type":2,"width":18.5095},{"bases":[[[0.957134,-0.284168,-0.0560582],[0.251352,0.718714,0.648284],[-0.143932,-0.634585,0.759332]],[[0.957802,-0.281172,-0.0596391],[0.169034,0.718837,-0.674315],[0.232469,0.63578,0.736032]],[[0.957802,-0.281172,-0.0596391],[-0.20096,-0.506741,-0.838349],[0.205499,0.814958,-0.541862]],[[0.957802,-0.281172,-0.0596391],[-0.281551,-0.876058,-0.391473],[0.0578239,0.391745,-0.918255]]],"btipPosition":[41.3247,206.968,-10.8984],"carp