{"sensorType":"Leap","data":[[0,{"currentFrameRate":55.3627,"devices":[],"gestures":[{"center":[-11.5474,332.395,-95.2655],"duration":36175,"handIds":[487],"id":14,"normal":[-0.0915736,0.0236627,0.995517],"pointableIds":[4871],"progress":1.05374,"radius":18.38,"state":"update","type":"circle"}],"hands":[{"armBasis":[[0.996325,-0.0170412,-0.0839412],[0.0419756,0.951403,0.305074],[0.0746631,-0.307476,0.948622]],"armWidth":62.0842,"confidence":0.794511,"direction":[0.0704452,0.642527,-0.763018],"elbow":[59.8414,157.747,295.11],"grabStrength":0,"id":487,"palmNormal":[-0.0163375,-0.764072,-0.644924],"palmPosition":[36.4299,269.654,2.37551],"palmVelocity":[-35.8074,-9.73633,30.2142],"palmWidth":88.6541,"pinchStrength":0.219908,"r":[[0.795188,0.520485,0.311082],[-0.538172,0.842173,-0.0333992],[-0.279369,-0.140857,0.949796]],"s":1.37072,"sphereCenter":[2.94651,259.469,-34.6542],"sphereRadius":52.0392,"stabilizedPalmPosition":[40.3225,268.239,-2.52123],"t":[45.1099,91.9671,-119.3],"timeVisible":13.3678,"type":"right","wrist":[40.1999,238.635,45.5571]}],"id":1693222,"interactionBox":{"center":[0,200,0],"size":[235.247,235.247,147.751]},"pointables":[{"bases":[[[0.429703,0.785487,0.445383],[-0.822873,0.137544,0.551328],[0.371801,-0.6034,0.705459]],[[0.372847,0.862876,0.341218],[-0.805558,0.118508,0.580545],[0.460501,-0.491325,0.739282]],[[0.372847,0.862876,0.341218],[-0.907488,0.415792,-0.0598515],[-0.19352,-0.287336,0.938077]],[[0.372847,0.862876,0.341218],[-0.906715,0.416927,-0.0635666],[-0.197113,-0.285687,0.937832]]],"btipPosition":[0.616107,270.016,-48.393],"carpPosition":[12.0896,230.06,40.1112],"dipPosition":[-3.87862,263.502,-27.0078],"direction":[0.19352,0.287336,-0.938077],"extended":false,"handId":487,"id":4870,"length":50.7785,"mcpPosition":[12.0896,230.06,40.1112],"pipPosition":[-10.3074,253.957,4.15537],"stabilizedTipPosition":[3.09798,267.727,-46.5566],"timeVisible":13.3678,"tipPosition":[-0.042283,267.854,-43.7555],"tipVelocity":[-47.8559,-6.22859,37.1394],"tool":false,"touchDistance":0.451653,"touchZone":"hovering","type":0,"width":19.7302},{"bases":[[[0.995051,0.0508059,-0.0853993],[0.00161682,0.851021,0.52513],[0.0993563,-0.522669,0.846726]],[[0.947855,0.166054,-0.272024],[0.00860221,0.839896,0.542679],[0.318586,-0.516721,0.794671]],[[0.947855,0.166054,-0.272024],[-0.0546284,0.925557,0.374646],[0.313985,-0.34025,0.886365]],[[0.947855,0.166054,-0.272024],[-0.104167,0.968076,0.227985],[0.301198,-0.18776,0.934894]]],"btipPosition":[-11.8932,321.095,-85.6123],"carpPosition":[20.973,250.861,44.7833],"dipPosition":[-6.87914,317.969,-70.0492],"direction":[-0.313985,0.34025,-0.886365],"extended":true,"handId":487,"id":4871,"length":57.2978,"mcpPosition":[13.851,288.326,-15.9108],"pipPosition":[0.515188,309.956,-49.1754],"stabilizedTipPosition":[-6.99397,320.874,-84.9809],"timeVisible":13.3678,"tipPosition":[-10.8467,320.64,-81.859],"tipVelocity":[-45.15,-34.7861,23.353],"tool":false,"touchDistance":0.445894,"touchZone":"hovering","type":1,"width":18.8462},{"bases":[[[0.984373,-0.166103,-0.0584805],[0.172,0.835677,0.521594],[-0.0377677,-0.523502,0.851187]],[[0.985059,-0.150542,-0.0836393],[0.0449905,0.693753,-0.718806],[0.166235,0.704303,0.690161]],[[0.985059,-0.150542,-0.0836393],[-0.159263,-0.611536,-0.775022],[0.0655246,0.776763,-0.626375]],[[0.985059,-0.150542,-0.0836393],[-0.166607,-0.955977,-0.241559],[-0.0435926,0.251885,-0.966775]]],"btipPosition":[26.4712,229.552,-11.0625],"carpPosition":[32.728,253.175,44.1548],"dipPosition":[25.673,234.164,-28.7638],"direction":[-0.0655246,-0.776763,0.626375],"extended":false,"handId":487,"id":4872,"length":65.2863,"mcpPosition":[35.2954,288.761,-13.7063],"pipPosition":[27.4885,255.685,-46.1184],"stabilizedTipPosition":[29.5985,229.692,-18.8849],"timeVisible":13.3678,"tipPosition":[26.2695,230.689,-15.697],"tipVelocity":[-29.1014,-12.1741,28.156],"tool":false,"touchDistance":0.333333,"touchZone":"none","type":2,"width":18.5095},{"bases":[[[0.9523,-0.303852,0.0282636],[0.240597,0.80456,0.542951],[-0.187716,-0.510253,0.839288]],[[0.950393,-0.308892,0.0365776],[0.229282,0.616232,-0.753451],[0.210195,0.724461,0.656486]],[[0.950393,-0.308892,0.0365776],[-0.180055,-0.642217,-0.745076],[0.253639,0.701529,-0.665976]],[[0.950393,-0.308892,0.0365776],[-0.293898,-0.930265,-0.219615],[0.101864,0.197971,-0.974901]]],"btipPosition":[38.24,229.414,-0.843819],"carpPosition":[44.6339,252.348,43.2354],"dipPosition":[40.0944,233.018,-18.5913],"direction":[-0.253639,-0.701529,0.665976],"extended":false,"handId":487,"id":4873,"length":62.7745,"mcpPosition":[56.0906,283.49,-7.98797],"pipPosition":[46.9403,251.952,-36.5665],"stabilizedTipPosition":[41.6312,229.141,-8.17253],"timeVisible":13.3678,"tipPosition":[38.6284,230.295,-5.26146],"tipVelocity":[-27.5484,-9.78327,27.204],"tool":false,"touchDistance":0.333333,"touchZone":"none","type":3,"width":17.613},{"bases":[[[0.871242,-0.489597,0.0351097],[0.36825,0.699244,0.61274],[-0.324546,-0.520915,0.789505]],[[0.832301,-0.54164,0.117902],[0.459836,0.555856,-0.692513],[0.309556,0.630595,0.711705]],[[0.832301,-0.54164,0.117902],[-0.249679,-0.556206,-0.792651],[0.494909,0.630287,-0.598167]],[[0.832301,-0.54164,0.117902],[-0.489854,-0.818227,-0.300913],[0.259457,0.192696,-0.946335]]],"btipPosition":[49.785,237.107,-1.05174],"carpPosition":[55.9026,244.649,40.7798],"dipPosition":[54.1424,240.343,-16.9448],"direction":[-0.494909,-0.630287,0.598167],"extended":false,"handId":487,"id":4874,"length":49.214,"mcpPosition":[74.2384,274.079,-3.82458],"pipPosition":[63.5737,252.354,-28.3439],"stabilizedTipPosition":[54.021,236.656,-8.39902],"timeVisible":13.3678,"tipPosition":[50.8997,237.868,-5.15421],"tipVelocity":[-29.8413,-7.26605,31.6622],"tool":false,"touchDistance":0.333333,"touchZone":"none","type":4,"width":15.6452}],"r":[[0.795188,0.520485,0.311082],[-0.538172,0.842173,-0.0333992],[-0.279369,-0.140857,0.949796]],"s":1.37072,"t":[45.1099,91.9671,-119.3],"timestamp":93626072832},false],[1,{"currentFrameRate":55.3465,"devices":[],"gestures":[{"center":[-11.5474,332.395,-95.2655],"duration":36175,"handIds":[487],"id":14,"normal":[-0.0915736,0.0236627,0.995517],"pointableIds":[4871],"progress":1.05374,"radius":18.38,"state":"update","type":"circle"}],"hands":[{"armBasis":[[0.996367,-0.0103526,-0.084528],[0.036286,0.94958,0.311417],[0.0770422,-0.313353,0.946506]],"armWidth":62.0842,"confidence":0.800454,"direction":[0.0662169,0.640012,-0.765507],"elbow":[60.0271,155.954,294.911],"grabStrength":0,"id":487,"palmNormal":[-0.0125705,-0.766594,-0.642008],"palmPosition":[35.7805,269.221,2.61922],"palmVelocity":[-35.8172,-16.4804,22.2314],"palmWidth":88.6541,"pinchStrength":0.221587,"r":[[0.794385,0.522625,0.309539],[-0.540631,0.840655,-0.0319129],[-0.276894,-0.141995,0.950351]],"s":1.37063,"sphereCenter":[2.5043,258.608,-34.3961],"sphereRadius":51.9486,"stabilizedPalmPosition":[40.0011,268.308,-2.15751],"t":[44.4649,91.6546,-118.912],"timeVisible":13.3859,"type":"right","wrist":[39.7597,238.387,45.9149]}],"id":1693223,"interactionBox":{"center":[0,200,0],"size":[235.247,235.247,147.751]},"pointables":[{"bases":[[[0.425647,0.789571,0.442043],[-0.823184,0.135015,0.551488],[0.375756,-0.598622,0.707431]],[[0.368103,0.866434,0.337332],[-0.805717,0.116185,0.580793],[0.464026,-0.485586,0.740869]],[[0.368103,0.866434,0.337332],[-0.910174,0.409909,-0.059648],[-0.189956,-0.285074,0.939494]],[[0.368103,0.866434,0.337332],[-0.909483,0.410934,-0.0630355],[-0.193237,-0.283594,0.939273]]],"btipPosition":[-0.158099,269.189,-48.1363],"carpPosition":[11.6936,229.635,40.525],"dipPosition":[-4.56445,262.722,-26.7183],"direction":[0.189956,0.285074,-0.939494],"extended":false,"handId":487,"id":4870,"length":50.7785,"mcpPosition":[11.6936,229.635,40.525],"pipPosition":[-10.8749,253.252,4.49203],"stabilizedTipPosition":[2.43199,267.723,-46.0346],"timeVisible":13.3859,"tipPosition":[-0.779784,267.066,-43.4714],"tipVelocity":[-44.8755,-24.7153,26.4002],"tool":false,"touchDistance":0.443785,"touchZone":"hovering","type":0,"width":19.7302},{"bases":[[[0.99468,0.0560647,-0.0864203],[-0.00273535,0.853003,0.521898],[0.102977,-0.518885,0.848619]],[[0.946965,0.16991,-0.272742],[0.00365768,0.843017,0.537874],[0.321316,-0.510345,0.797686]],[[0.946965,0.16991,-0.272742],[-0.060869,0.928253,0.366935],[0.315519,-0.330873,0.889365]],[[0.946965,0.16991,-0.272742],[-0.111197,0.969603,0.217956],[0.301484,-0.176069,0.937074]]],"btipPosition":[-12.817,319.782,-85.6536],"carpPosition":[20.4638,250.502,45.1109],"dipPosition":[-7.7982,316.851,-70.0542],"direction":[-0.315519,0.330873,-0.889365],"extended":true,"handId":487,"id":4871,"length":57.2978,"mcpPosition":[13.0824,287.697,-15.719],"pipPosition":[-0.367759,309.059,-49.1097],"stabilizedTipPosition":[-8.04257,320.477,-84.3262],"timeVisible":13.3859,"tipPosition":[-11.7912,319.444,-81.8573],"tipVelocity":[-47.8934,-51.5155,11.3693],"tool":false,"touchDistance":0.434144,"touchZone":"hovering","type":1,"width":18.8462},{"bases":[[[0.985242,-0.160797,-0.0586704],[0.167728,0.838603,0.518279],[-0.0341367,-0.520471,0.853197]],[[0.98582,-0.145415,-0.0837472],[0.0411456,0.6933,-0.719474],[0.162684,0.705826,0.689452]],[[0.98582,-0.145415,-0.0837472],[-0.156223,-0.613094,-0.774409],[0.0612656,0.776511,-0.627118]],[[0.98582,-0.145415,-0.0837472],[-0.161566,-0.957342,-0.239567],[-0.0453382,0.2497,-0.967261]]],"btipPosition":[26.0182,229.026,-10.8274],"carpPosition":[32.2052,252.88,44.4638],"dipPosition":[25.1881,233.598,-28.5375],"direction":[-0.0612656,-0.776511,0.627118],"extended":false,"handId":487,"id":4872,"length":65.2863,"mcpPosition":[34.5257,288.26,-13.534],"pipPosition":[26.8856,255.113,-45.9127],"stabilizedTipPosition":[29.3133,229.722,-18.5836],"timeVisible":13.3859,"tipPosition":[25.816,230.141,-15.3669],"tipVelocity":[-27.3375,-20.4251,20.8739],"tool":false,"touchDistance":0.333333,"touchZone":"none","type":2,"width":18.5095},{"bases":[[[0.954014,-0.298393,0.028622],[0.236517,0.807953,0.539697],[-0.184167,-0.508108,0.841373]],[[0.952162,-0.303362,0.0368721],[0.225201,0.614988,-0.755694],[0.206573,0.727847,0.653886]],[[0.952162,-0.303362,0.0368721],[-0.176974,-0.645746,-0.74276],[0.249135,0.700703,-0.668541]],[[0.952162,-0.303362,0.0368721],[-0.288791,-0.932691,-0.216073],[0.0999386,0.195088,-0.975681]]],"btipPosition":[37.8185,228.979,-0.472231],"carpPosition":[44.1148,252.117,43.5376],"dipPosition":[39.6378,232.53,-18.2339],"direction":[-0.249135,-0.700703,0.668541],"extended":false,"handId":487,"id":4873,"length":62.7745,"mcpPosition":[55.3549,283.128,-7.81302],"pipPosition":[46.3622,251.443,-36.2784],"stabilizedTipPosition":[41.3885,229.188,-7.91403],"timeVisible":13.3859,"tipPosition":[38.1973,229.845,-4.87721],"tipVelocity":[-25.7166,-16.8726,23.9277],"tool":false,"touchDistance":0.333333,"touchZone":"none","type":3,"width":17.613},{"bases":[[[0.874005,-0.484564,0.0362398],[0.364815,0.70362,0.609777],[-0.320975,-0.519728,0.791744]],[[0.835443,-0.536488,0.119226],[0.456093,0.555787,-0.69504],[0.306616,0.635044,0.709017]],[[0.835443,-0.536488,0.119226],[-0.247264,-0.560673,-0.790257],[0.490811,0.630735,-0.601064]],[[0.835443,-0.536488,0.119226],[-0.485516,-0.822132,-0.297275],[0.257505,0.19047,-0.947319]]],"btipPosition":[49.3173,236.738,-0.691916],"carpPosition":[55.4245,244.472,41.1018],"dipPosition":[53.6419,239.937,-16.6015],"direction":[-0.490811,-0.630735,0.601064],"extended":false,"handId":487,"id":4874,"length":49.214,"mcpPosition":[73.5585,273.835,-3.62909],"pipPosition":[62.9952,251.956,-28.0558],"stabilizedTipPosition":[53.7988,236.705,-8.15651],"timeVisible":13.3859,"tipPosition":[50.4225,237.488,-4.79579],"tipVelocity":[-28.117,-13.7283,25.9405],"tool":false,"touchDistance":0.333333,"touchZone":"none","type":4,"width":15.6452}],"r":[[0.794385,0.522625,0.309539],[-0.540631,0.840655,-0.0319129],[-0.276894,-0.141995,0.950351]],"s":1.37063,"t":[44.4649,91.6546,-118.912],"timestamp":93626090956},false],[2,{"currentFrameRate":55.3541,"devices":[],"gestures":[{"center":[-11.5474,332.395,-95.2655],"duration":36175,"handIds":[487],"id":14,"normal":[-0.0915736,0.0236627,0.995517],"pointableIds":[4871],"progress":1.05374,"radius":18.38,"state":"update","type":"circle"}],"hands":[{"armBasis":[[0.996328,-0.00838231,-0.0852074],[0.0348662,0.948662,0.314365],[0.0781979,-0.316181,0.94547]],"armWidth":62.0842,"confidence":0.804595,"direction":[0.0635887,0.639176,-0.766427],"elbow":[59.7724,154.858,294.98],"grabStrength":0,"id":487,"palmNormal":[-0.0123536,-0.767418,-0.641028],"palmPosition":[35.0832,268.808,2.93015],"palmVelocity":[-37.1649,-19.5251,19.8613],"palmWidth":88.6541,"pinchStrength":0.217578,"r":[[0.793658,0.524709,0.307878],[-0.542915,0.839225,-0.030726],[-0.274501,-0.142765,0.95093]],"s":1.37053,"sphereCenter":[1.99435,257.939,-34.0779],"sphereRadius":51.8395,"stabilizedPalmPosition":[39.608,268.348,-1.75078],"t":[43.7938,91.2918,-118.562],"timeVisible":13.4039,"type":"right","wrist":[39.201,238.036,46.2567]}],"id":1693224,"interactionBox":{"center":[0,200,0],"size":[235.247,235.247,147.751]},"pointables":[{"bases":[[[0.42501,0.790911,0.440257],[-0.822395,0.134177,0.552867],[0.378196,-0.59704,0.707468]],[[0.367443,0.867186,0.336115],[-0.804257,0.114777,0.583092],[0.467072,-0.484576,0.739615]],[[0.367443,0.867186,0.336115],[-0.911509,0.407575,-0.0550876],[-0.184763,-0.28613,0.940209]],[[0.367443,0.867186,0.336115],[-0.910942,0.408444,-0.0579507],[-0.187538,-0.284888,0.940036]]],"btipPosition":[-1.16118,268.794,-47.711],"carpPosition":[11.1411,229.225,40.9305],"dipPosition":[-5.43757,262.298,-26.2755],"direction":[0.184763,0.28613,-0.940209],"extended":false,"handId":487,"id":4870,"length":50.7785,"mcpPosition":[11.1411,229.225,40.9305],"pipPosition":[-11.5755,252.792,4.95851],"stabilizedTipPosition":[1.68306,267.654,-45.5021],"timeVisible":13.4039,"tipPosition":[-1.70663,266.658,-43.0395],"tipVelocity":[-49.1809,-23.5512,25.1669],"tool":false,"touchDistance":0.43918,"touchZone":"hovering","type":0,"width":19.7302},{"bases":[[[0.99441,0.0578018,-0.0883622],[-0.0033386,0.853648,0.520839],[0.105536,-0.517633,0.849069]],[[0.946378,0.170953,-0.274123],[0.00201313,0.845381,0.53416],[0.323054,-0.506069,0.799706]],[[0.946378,0.170953,-0.274123],[-0.063922,0.930831,0.359816],[0.316673,-0.322999,0.891846]],[[0.946378,0.170953,-0.274123],[-0.115183,0.971305,0.208084],[0.301829,-0.165352,0.938913]]],"btipPosition":[-13.6887,318.761,-85.4965],"carpPosition":[19.8812,250.114,45.4738],"dipPosition":[-8.6642,316.009,-69.8665],"direction":[-0.316673,0.322999,-0.891846],"extended":true,"handId":487,"id":4871,"length":57.2978,"mcpPosition":[12.3163,287.218,-15.3883],"pipPosition":[-1.20657,308.402,-48.8636],"stabilizedTipPosition":[-9.16074,319.892,-83.7225],"timeVisible":13.4039,"tipPosition":[-12.676,318.569,-81.6446],"tipVelocity":[-48.0637,-52.8471,10.2919],"tool":false,"touchDistance":0.426525,"touchZone":"hovering","type":1,"width":18.8462},{"bases":[[[0.985427,-0.159042,-0.0603245],[0.167144,0.839559,0.516917],[-0.0315658,-0.519467,0.853907]],[[0.985929,-0.143711,-0.0853873],[0.038571,0.692589,-0.720301],[0.162654,0.706872,0.688386]],[[0.985929,-0.143711,-0.0853873],[-0.156516,-0.614215,-0.773461],[0.0587088,0.775942,-0.628066]],[[0.985929,-0.143711,-0.0853873],[-0.160255,-0.957908,-0.238181],[-0.047564,0.248513,-0.96746]]],"btipPosition":[25.3682,228.579,-10.4578],"carpPosition":[31.6169,252.513,44.8017],"dipPosition":[24.4973,233.129,-28.1716],"direction":[-0.0587088,-0.775942,0.628066],"extended":false,"handId":487,"id":4872,"length":65.2863,"mcpPosition":[33.7626,287.825,-13.2444],"pipPosition":[26.1239,254.628,-45.5731],"stabilizedTipPosition":[28.9744,229.714,-18.2524],"timeVisible":13.4039,"tipPosition":[25.1565,229.687,-14.9864],"tipVelocity":[-31.7114,-22.629,20.6683],"tool":false,"touchDistance":0.333333,"touchZone":"none","type":2,"width":18.5095},{"bases":[[[0.954619,-0.296587,0.027198],[0.23603,0.809064,0.538243],[-0.181641,-0.507398,0.84235]],[[0.952824,-0.301462,0.0353138],[0.222581,0.61488,-0.756558],[0.20636,0.728727,0.652972]],[[0.952824,-0.301462,0.0353138],[-0.177098,-0.64666,-0.741934],[0.246501,0.700679,-0.669542]],[[0.952824,-0.301462,0.0353138],[-0.287382,-0.933462,-0.214618],[0.0976632,0.194344,-0.97606]]],"btipPosition":[37.1974,228.565,-0.141778],"carpPosition":[43.5261,251.77,43.854],"dipPosition":[38.9753,232.103,-17.9103],"direction":[-0.246501,-0.700679,0.669542],"extended":false,"handId":487,"id":4873,"length":62.7745,"mcpPosition":[54.612,282.738,-7.55623],"pipPosition":[45.6286,251.014,-35.9818],"stabilizedTipPosition":[41.108,229.202,-7.6407],"timeVisible":13.4039,"tipPosition":[37.5642,229.426,-4.5303],"tipVelocity":[-30.1017,-19.8363,21.2245],"tool":false,"touchDistance":0.333333,"touchZone":"none","type":3,"width":17.613},{"bases":[[[0.87497,-0.482896,0.0351983],[0.364654,0.705057,0.608212],[-0.31852,-0.519332,0.792994]],[[0.8367,-0.534743,0.118246],[0.453624,0.555713,-0.696713],[0.306851,0.636579,0.707537]],[[0.8367,-0.534743,0.118246],[-0.247843,-0.562252,-0.788953],[0.488371,0.63081,-0.602969]],[[0.8367,-0.534743,0.118246],[-0.484571,-0.82346,-0.295136],[0.255193,0.189642,-0.94811]]],"btipPosition":[48.6767,236.347,-0.357275],"carpPosition":[54.8454,244.143,41.4065],"dipPosition":[52.9625,239.532,-16.2801],"direction":[-0.488371,-0.63081,0.602969],"extended":false,"handId":487,"id":4874,"length":49.214,"mcpPosition":[72.8407,273.484,-3.39501],"pipPosition":[62.2693,251.553,-27.7707],"stabilizedTipPosition":[53.5348,236.728,-7.89253],"timeVisible":13.4039,"tipPosition":[49.7699,237.093,-4.46191],"tipVelocity":[-31.8604,-17.5878,22.3537],"tool":false,"touchDistance":0.333333,"touchZone":"none","type":4,"width":15.6452}],"r":[[0.793658,0.524709,0.307878],[-0.542915,0.839225,-0.030726],[-0.274501,-0.142765,0.95093]],"s":1.37053,"t":[43.7938,91.2918,-118.562],"timestamp":93626108995},false],[3,{"currentFrameRate":55.3384,"devices":[],"gestures":[{"center":[-11.5474,332.395,-95.2655],"duration":36175,"handIds":[487],"id":14,"normal":[-0.0915736,0.0236627,0.995517],"pointableIds":[4871],"progress":1.05374,"radius":18.38,"state":"update","type":"circle"}],"hands":[{"armBasis":[[0.996436,-0.00183205,-0.0843293],[0.0286873,0.947527,0.318385],[0.079321,-0.319669,0.944203]],"armWidth":62.0842,"confidence":0.801068,"direction":[0.0588997,0.638584,-0.767295],"elbow":[59.3517,153.354,294.929],"grabStrength":0,"id":487,"palmNormal":[-0.00787333,-0.768308,-0.640031],"palmPosition":[34.1367,268.138,3.17547],"palmVelocity":[-44.3313,-27.8232,16.8493],"palmWidth":88.6541,"pinchStrength":0.217746,"r":[[0.792434,0.527476,0.306297],[-0.545824,0.837366,-0.0299078],[-0.272258,-0.143484,0.951466]],"s":1.36985,"sphereCenter":[1.38292,256.824,-33.8947],"sphereRadius":51.6885,"stabilizedPalmPosition":[39.0898,268.328,-1.28423],"t":[42.985,90.7756,-118.265],"timeVisible":13.4221,"type":"right","wrist":[38.4849,237.449,46.5385]}],"id":1693225,"interactionBox":{"center":[0,200,0],"size":[235.247,235.247,147.751]},"pointables":[{"bases":[[[0.420222,0.794204,0.438924],[-0.822837,0.129582,0.553306],[0.382561,-0.593674,0.707954]],[[0.362034,0.87003,0.334633],[-0.804551,0.110344,0.583542],[0.470774,-0.480492,0.739932]],[[0.362034,0.87003,0.334633],[-0.914326,0.401329,-0.0542415],[-0.18149,-0.286327,0.940786]],[[0.362034,0.87003,0.334633],[-0.91375,0.402229,-0.0572036],[-0.184368,-0.285062,0.940611]]],"btipPosition":[-2.18486,267.832,-47.4447],"carpPosition":[10.4785,228.45,41.2445],"dipPosition":[-6.38897,261.331,-25.9961],"direction":[0.18149,0.286327,-0.940786],"extended":false,"handId":487,"id":4870,"length":50.7785,"mcpPosition":[10.4785,228.45,41.2445],"pipPosition":[-12.4181,251.819,5.25707],"stabilizedTipPosition":[0.805921,267.415,-44.9596],"timeVisible":13.4221,"tipPosition":[-2.70896,265.714,-42.7592],"tipVelocity":[-52.219,-37.6447,20.2586],"tool":false,"touchDistance":0.432635,"touchZone":"hovering","type":0,"width":19.7302},{"bases":[[[0.993951,0.0641015,-0.089176],[-0.00846324,0.854281,0.519743],[0.109498,-0.515845,0.849656]],[[0.945299,0.176332,-0.274437],[-0.00427089,0.847924,0.5301],[0.326176,-0.499931,0.802296]],[[0.945299,0.176332,-0.274437],[-0.0718493,0.933195,0.352115],[0.318193,-0.313136,0.894818]],[[0.945299,0.176332,-0.274437],[-0.124055,0.972423,0.197495],[0.301694,-0.152647,0.941106]]],"btipPosition":[-14.9312,317.22,-85.4728],"carpPosition":[19.087,249.402,45.7544],"dipPosition":[-9.90887,314.679,-69.8062],"direction":[-0.318193,0.313136,-0.894818],"extended":true,"handId":487,"id":4871,"length":57.2978,"mcpPosition":[11.2381,286.378,-15.1497],"pipPosition":[-2.41546,307.305,-48.7334],"stabilizedTipPosition":[-10.4286,318.998,-83.2135],"timeVisible":13.4221,"tipPosition":[-13.9318,317.18,-81.567],"tipVelocity":[-57.8296,-66.8987,6.23556],"tool":false,"touchDistance":0.417687,"touchZone":"hovering","type":1,"width":18.8462},{"bases":[[[0.986388,-0.15276,-0.0608528],[0.162104,0.841287,0.515712],[-0.0275856,-0.518557,0.854598]],[[0.986773,-0.137484,-0.0858935],[0.0337568,0.6925,-0.720628],[0.158556,0.708197,0.687981]],[[0.986773,-0.137484,-0.0858935],[-0.153056,-0.615541,-0.7731],[0.0534178,0.77602,-0.628442]],[[0.986773,-0.137484,-0.0858935],[-0.154288,-0.959093,-0.237351],[-0.0497479,0.247464,-0.967619]]],"btipPosition":[24.6662,227.834,-10.2036],"carpPosition":[30.8065,251.875,45.0705],"dipPosition":[23.7554,232.365,-27.9203],"direction":[-0.0534178,-0.77602,0.628442],"extended":false,"handId":487,"id":4872,"length":65.2863,"mcpPosition":[32.6816,287.125,-13.0225],"pipPosition":[25.2354,253.866,-45.3321],"stabilizedTipPosition":[28.548,229.635,-17.8773],"timeVisible":13.4221,"tipPosition":[24.447,228.933,-14.6991],"tipVelocity":[-35.2945,-31.535,17.4889],"tool":false,"touchDistance":0.333333,"touchZone":"none","type":2,"width":18.5095},{"bases":[[[0.956532,-0.290387,0.0268693],[0.231201,0.811263,0.537027],[-0.177744,-0.507471,0.843137]],[[0.954909,-0.294899,0.0343847],[0.219265,0.622389,-0.751369],[0.200178,0.725028,0.658986]],[[0.954909,-0.294899,0.0343847],[-0.171417,-0.642178,-0.747143],[0.242413,0.70756,-0.663773]],[[0.954909,-0.294899,0.0343847],[-0.280734,-0.93454,-0.218686],[0.0966242,0.199172,-0.975189]]],"btipPosition":[36.5514,227.894,-0.362236],"carpPosition":[42.7195,251.208,44.115],"dipPosition":[38.3104,231.52,-18.1149],"direction":[-0.242413,-0.70756,0.663773],"extended":false,"handId":487,"id":4873,"length":62.7745,"mcpPosition":[53.5676,282.18,-7.34334],"pipPosition":[44.8533,250.618,-36.0307],"stabilizedTipPosition":[40.718,229.157,-7.34053],"timeVisible":13.4221,"tipPosition":[36.9015,228.774,-4.52771],"tipVelocity":[-32.8542,-27.4675,5.42402],"tool":false,"touchDistance":0.333333,"touchZone":"none","type":3,"width":17.613},{"bases":[[[0.878093,-0.477195,0.0351685],[0.360544,0.708179,0.607034],[-0.314579,-0.520352,0.793897]],[[0.84027,-0.529124,0.118215],[0.449345,0.557645,-0.697941],[0.303375,0.639578,0.706331]],[[0.84027,-0.529124,0.118215],[-0.244973,-0.565046,-0.787852],[0.483668,0.633049,-0.604412]],[[0.84027,-0.529124,0.118215],[-0.479499,-0.827024,-0.293448],[0.253037,0.189891,-0.948638]]],"btipPosition":[47.9403,235.762,-0.0681228],"carpPosition":[54.086,243.651,41.6688],"dipPosition":[52.1898,238.951,-15.9998],"direction":[-0.483668,-0.633049,0.604412],"extended":false,"handId":487,"id":4874,"length":49.214,"mcpPosition":[71.8587,273.049,-3.18377],"pipPosition":[61.407,251.015,-27.5179],"stabilizedTipPosition":[53.1928,236.711,-7.58433],"timeVisible":13.4221,"tipPosition":[49.0221,236.509,-4.17265],"tipVelocity":[-36.2553,-24.5459,19.2529],"tool":false,"touchDistance":0.333333,"touchZone":"none","type":4,"width":15.6452}],"r":[[0.792434,0.527476,0.306297],[-0.545824,0.837366,-0.0299078],[-0.272258,-0.143484,0.951466]],"s":1.36985,"t":[42.985,90.7756,-118.265],"timestamp":93626127120},false],[4,{"currentFrameRate":55.3513,"devices":[],"gestures":[{"center":[-11.5474,332.395,-95.2655],"duration":36175,"handIds":[487],"id":14,"normal":[-0.0915736,0.0236627,0.995517],"pointableIds":[4871],"progress":1.05374,"radius":18.38,"state":"update","type":"circle"}],"hands":[{"armBasis":[[0.99623,0.00214329,-0.0867261],[0.0260236,0.946273,0.322321],[0.0827573,-0.323363,0.942649]],"armWidth":62.0842,"confidence":0.810748,"direction":[0.0538917,0.63803,-0.768123],"elbow":[59.3915,151.725,294.647],"grabStrength":0,"id":487,"palmNormal":[-0.00723162,-0.768972,-0.639242],"palmPosition":[33.0095,267.421,3.28789],"palmVelocity":[-52.9685,-33.5082,11.8175],"palmWidth":88.6541,"pinchStrength":0.217415,"r":[[0.791264,0.530333,0.304382],[-0.548784,0.83546,-0.0290374],[-0.269699,-0.144064,0.952107]],"s":1.36866,"sphereCenter":[0.528396,255.719,-33.7789],"sphereRadius":51.5064,"stabilizedPalmPosition":[38.4118,268.227,-0.774399],"t":[42.017,90.1587,-118.06],"timeVisible":13.4401,"type":"right","wrist":[37.6206,236.791,46.6659]}],"id":1693226,"interactionBox":{"center":[0,200,0],"size":[235.247,235.247,147.751]},"pointables":[{"bases":[[[0.418786,0.796192,0.436689],[-0.821401,0.12709,0.556011],[0.387193,-0.591546,0.707216]],[[0.359943,0.871715,0.332496],[-0.802927,0.107938,0.586223],[0.47513,-0.477976,0.738776]],[[0.359943,0.871715,0.332496],[-0.916117,0.397673,-0.0508522],[-0.176553,-0.286301,0.941733]],[[0.359943,0.871715,0.332496],[-0.915572,0.398547,-0.0537343],[-0.179356,-0.285083,0.941573]]],"btipPosition":[-3.52384,266.942,-47.209],"carpPosition":[9.62969,227.683,41.4774],"dipPosition":[-7.61366,260.441,-25.7385],"direction":[0.176553,0.286301,-0.941733],"extended":false,"handId":487,"id":4870,"length":50.7785,"mcpPosition":[9.62969,227.683,41.4774],"pipPosition":[-13.4788,250.93,5.54618],"stabilizedTipPosition":[-0.24747,267.022,-44.4222],"timeVisible":13.4401,"tipPosition":[-4.01876,264.839,-42.5114],"tipVelocity":[-61.9962,-43.1992,16.9871],"tool":false,"touchDistance":0.426316,"touchZone":"hovering","type":0,"width":19.7302},{"bases":[[[0.993394,0.0676898,-0.092665],[-0.00983736,0.854762,0.518926],[0.114333,-0.514587,0.849781]],[[0.94397,0.179141,-0.277182],[-0.00730447,0.850997,0.525119],[0.329951,-0.493672,0.804624]],[[0.94397,0.179141,-0.277182],[-0.0768681,0.936105,0.343218],[0.320955,-0.302681,0.897425]],[[0.94397,0.179141,-0.277182],[-0.130342,0.973949,0.185566],[0.303203,-0.139041,0.942728]]],"btipPosition":[-16.4369,315.665,-85.4852],"carpPosition":[18.176,248.671,45.937],"dipPosition":[-11.3895,313.35,-69.7916],"direction":[-0.320955,0.302681,-0.897425],"extended":true,"handId":487,"id":4871,"length":57.2978,"mcpPosition":[9.98053,285.557,-14.9762],"pipPosition":[-3.83106,306.222,-48.6574],"stabilizedTipPosition":[-11.8671,317.851,-82.8164],"timeVisible":13.4401,"tipPosition":[-15.4375,315.805,-81.518],"tipVelocity":[-69.8749,-74.7299,3.11602],"tool":false,"touchDistance":0.409159,"touchZone":"hovering","type":1,"width":18.8462},{"bases":[[[0.986732,-0.14917,-0.0641019],[0.160762,0.842395,0.51432],[-0.0227218,-0.517801,0.855199]],[[0.986974,-0.133948,-0.0891094],[0.0288221,0.692143,-0.721185],[0.158277,0.709222,0.686987]],[[0.986974,-0.133948,-0.0891094],[-0.1534,-0.616609,-0.77218],[0.0484862,0.775791,-0.629124]],[[0.986974,-0.133948,-0.0891094],[-0.151579,-0.95984,-0.236074],[-0.0539092,0.246506,-0.967641]]],"btipPosition":[23.6388,227.071,-10.0388],"carpPosition":[29.8838,251.187,45.2101],"dipPosition":[22.6518,231.584,-27.7559],"direction":[-0.0484862,-0.775791,0.629124],"extended":false,"handId":487,"id":4872,"length":65.2863,"mcpPosition":[31.4284,286.386,-12.9237],"pipPosition":[23.9952,253.079,-45.1867],"stabilizedTipPosition":[27.9835,229.467,-17.4637],"timeVisible":13.4401,"tipPosition":[23.4019,228.162,-14.5178],"tipVelocity":[-46.0512,-36.7761,13.5287],"tool":false,"touchDistance":0.333333,"touchZone":"none","type":2,"width":18.5095},{"bases":[[[0.957688,-0.286819,0.0238583],[0.230042,0.81265,0.535426],[-0.172959,-0.507283,0.844245]],[[0.956219,-0.291021,0.030867],[0.215809,0.629966,-0.746036],[0.197667,0.720035,0.66519]],[[0.956219,-0.291021,0.030867],[-0.169441,-0.636541,-0.7524],[0.238612,0.714228,-0.657983]],[[0.956219,-0.291021,0.030867],[-0.277284,-0.934679,-0.222459],[0.0935908,0.20416,-0.974453]]],"btipPosition":[35.6029,227.185,-0.770305],"carpPosition":[41.7959,250.564,44.2142],"dipPosition":[37.3066,230.901,-18.5096],"direction":[-0.238612,-0.714228,0.657983],"extended":false,"handId":487,"id":4873,"length":62.7745,"mcpPosition":[52.3519,281.524,-7.31168],"pipPosition":[43.747,250.179,-36.2691],"stabilizedTipPosition":[40.2015,229.035,-7.06825],"timeVisible":13.4401,"tipPosition":[35.9305,228.079,-4.72277],"tipVelocity":[-42.5671,-32.5645,-7.80369],"tool":false,"touchDistance":0.333333,"touchZone":"none","type":3,"width":17.613},{"bases":[[[0.879971,-0.473907,0.0326121],[0.360007,0.710115,0.605088],[-0.309914,-0.520719,0.79549]],[[0.842653,-0.525861,0.115787],[0.444849,0.558716,-0.699961],[0.303391,0.641332,0.704732]],[[0.842653,-0.525861,0.115787],[-0.245574,-0.566685,-0.786487],[0.479197,0.634301,-0.606657]],[[0.842653,-0.525861,0.115787],[-0.477421,-0.829098,-0.290974],[0.24901,0.189911,-0.949699]]],"btipPosition":[46.9248,235.093,0.0251344],"carpPosition":[53.1818,243.046,41.7363],"dipPosition":[51.1067,238.282,-15.9244],"direction":[-0.479197,-0.634301,0.606657],"extended":false,"handId":487,"id":4874,"length":49.214,"mcpPosition":[70.6909,272.465,-3.20619],"pipPosition":[60.2387,250.37,-27.4853],"stabilizedTipPosition":[52.7145,236.631,-7.22908],"timeVisible":13.4401,"tipPosition":[47.9873,235.84,-4.07825],"tipVelocity":[-46.1916,-30.5051,12.4694],"tool":false,"touchDistance":0.333333,"touchZone":"none","type":4,"width":15.6452}],"r":[[0.791264,0.530333,0.304382],[-0.548784,0.83546,-0.0290374],[-0.269699,-0.144064,0.952107]],"s":1.36866,"t":[42.017,90.1587,-118.06],"timestamp":93626145142},false],[5,{"currentFrameRate":55.3442,"devices":[],"gestures":[{"center":[-11.5474,332.395,-95.2655],"duration":36175,"handIds":[487],"id":14,"normal":[-0.0915736,0.0236627,0.995517],"pointableIds":[4871],"progress":1.05374,"radius":18.38,"state":"update","type":"circle"}],"hands":[{"armBasis":[[0.996242,0.00881836,-0.0861588],[0.019267,0.94731,0.319739],[0.0844386,-0.320198,0.94358]],"armWidth":62.0842,"confidence":0.811621,"direction":[0.0487323,0.637813,-0.768648],"elbow":[58.7255,151.738,295.044],"grabStrength":0,"id":487,"palmNormal":[-0.00187923,-0.769503,-0.638641],"palmPosition":[31.6502,266.532,3.41886],"palmVelocity":[-63.5069,-40.9295,9.64007],"palmWidth":88.6541,"pinchStrength":0.220808,"r":[[0.78956,0.533834,0.302682],[-0.552386,0.833104,-0.028404],[-0.267328,-0.144771,0.952668]],"s":1.36722,"sphereCenter":[-0.454047,254.38,-33.7169],"sphereRadius":51.3449,"stabilizedPalmPosition":[37.5302,268.006,-0.227634],"t":[40.8533,89.4059,-117.892],"timeVisible":13.4582,"type":"right","wrist":[36.5123,235.972,46.818]}],"id":1693227,"interactionBox":{"center":[0,200,0],"size":[235.247,235.247,147.751]},"pointables":[{"bases":[[[0.413109,0.799617,0.435837],[-0.822014,0.121426,0.55637],[0.391961,-0.588105,0.707459]],[[0.352894,0.875413,0.33033],[-0.803968,0.103097,0.585667],[0.478645,-0.472253,0.740187]],[[0.352894,0.875413,0.33033],[-0.919677,0.389512,-0.0497539],[-0.172222,-0.286239,0.942553]],[[0.352894,0.875413,0.33033],[-0.919228,0.390251,-0.0521922],[-0.174601,-0.28523,0.942421]]],"btipPosition":[-4.98983,265.634,-47.1494],"carpPosition":[8.58691,226.652,41.6522],"dipPosition":[-8.97123,259.13,-25.6595],"direction":[0.172222,0.286239,-0.942553],"extended":false,"handId":487,"id":4870,"length":50.7785,"mcpPosition":[8.58691,226.652,41.6522],"pipPosition":[-14.6925,249.621,5.6524],"stabilizedTipPosition":[-1.51501,266.376,-43.9259],"timeVisible":13.4582,"tipPosition":[-5.45182,263.608,-42.3981],"tipVelocity":[-70.3894,-57.0607,10.5931],"tool":false,"touchDistance":0.417979,"touchZone":"hovering","type":0,"width":19.7302},{"bases":[[[0.992813,0.0749854,-0.0932718],[-0.0158922,0.855071,0.518268],[0.118617,-0.513061,0.850117]],[[0.942702,0.185574,-0.277265],[-0.0148847,0.853603,0.520711],[0.333305,-0.486748,0.807455]],[[0.942702,0.185574,-0.277265],[-0.0859722,0.938088,0.335559],[0.32237,-0.292495,0.900291]],[[0.942702,0.185574,-0.277265],[-0.140214,0.974448,0.175475],[0.302744,-0.126544,0.944634]]],"btipPosition":[-18.1064,313.853,-85.5732],"carpPosition":[16.9797,247.706,46.0907],"dipPosition":[-13.0666,311.746,-69.8479],"direction":[-0.32237,0.292495,-0.900291],"extended":true,"handId":487,"id":4871,"length":57.2978,"mcpPosition":[8.47718,284.483,-14.8465],"pipPosition":[-5.47479,304.858,-48.6461],"stabilizedTipPosition":[-13.5079,316.403,-82.5387],"timeVisible":13.4582,"tipPosition":[-17.1128,314.133,-81.5629],"tipVelocity":[-80.5695,-85.5588,-0.486104],"tool":false,"touchDistance":0.400366,"touchZone":"hovering","type":1,"width":18.8462},{"bases":[[[0.987776,-0.141895,-0.0645367],[0.154791,0.843966,0.513576],[-0.0184072,-0.517288,0.855613]],[[0.987893,-0.126774,-0.0894212],[0.0240388,0.694525,-0.719067],[0.153264,0.708211,0.689164]],[[0.987893,-0.126774,-0.0894212],[-0.149033,-0.615405,-0.773993],[0.0430918,0.777949,-0.626848]],[[0.987893,-0.126774,-0.0894212],[-0.144757,-0.960562,-0.237417],[-0.0557962,0.247487,-0.967283]]],"btipPosition":[22.5493,226.127,-10.0935],"carpPosition":[28.6681,250.309,45.3554],"dipPosition":[21.5277,230.659,-27.8041],"direction":[-0.0430918,-0.777949,0.626848],"extended":false,"handId":487,"id":4872,"length":65.2863,"mcpPosition":[29.9194,285.472,-12.8066],"pipPosition":[22.7217,252.213,-45.1718],"stabilizedTipPosition":[27.2534,229.171,-17.0391],"timeVisible":13.4582,"tipPosition":[22.3128,227.208,-14.4602],"tipVelocity":[-52.9958,-43.9852,5.69776],"tool":false,"touchDistance":0.333333,"touchZone":"none","type":2,"width":18.5095},{"bases":[[[0.959802,-0.279687,0.0235466],[0.224302,0.814752,0.534666],[-0.168724,-0.507893,0.844735]],[[0.958444,-0.283678,0.0301975],[0.211289,0.634749,-0.74327],[0.191681,0.718763,0.66831]],[[0.958444,-0.283678,0.0301975],[-0.164009,-0.634528,-0.755298],[0.233422,0.718958,-0.654685]],[[0.958444,-0.283678,0.0301975],[-0.270007,-0.936206,-0.224976],[0.0920919,0.207474,-0.973896]]],"btipPosition":[34.5604,226.298,-0.896071],"carpPosition":[40.584,249.773,44.3534],"dipPosition":[36.2369,230.075,-18.6252],"direction":[-0.233422,-0.718958,0.654685],"extended":false,"handId":487,"id":4873,"length":62.7745,"mcpPosition":[50.8815,280.77,-7.20246],"pipPosition":[42.5372,249.481,-36.2957],"stabilizedTipPosition":[39.5466,228.802,-6.80724],"timeVisible":13.4582,"tipPosition":[34.8787,227.206,-4.75083],"tipVelocity":[-49.888,-40.0117,-7.33695],"tool":false,"touchDistance":0.333333,"touchZone":"none","type":3,"width":17.613},{"bases":[[[0.88348,-0.467341,0.032489],[0.355063,0.713238,0.604336],[-0.305603,-0.522383,0.796067]],[[0.846623,-0.519471,0.115669],[0.440543,0.562132,-0.69995],[0.298583,0.643551,0.704763]],[[0.846623,-0.519471,0.115669],[-0.241444,-0.5686,-0.786383],[0.474273,0.637842,-0.606813]],[[0.846623,-0.519471,0.115669],[-0.471319,-0.832798,-0.290354],[0.247159,0.191304,-0.949903]]],"btipPosition":[45.814,234.311,0.136512],"carpPosition":[52.024,242.338,41.8749],"dipPosition":[49.9648,237.524,-15.8164],"direction":[-0.474273,-0.637842,0.606813],"extended":false,"handId":487,"id":4874,"length":49.214,"mcpPosition":[69.2895,271.851,-3.10017],"pipPosition":[59.0029,249.679,-27.3803],"stabilizedTipPosition":[52.0749,236.461,-6.83146],"timeVisible":13.4582,"tipPosition":[46.862,235.062,-3.94118],"tipVelocity":[-53.609,-36.4004,9.44651],"tool":false,"touchDistance":0.333333,"touchZone":"none","type":4,"width":15.6452}],"r":[[0.78956,0.533834,0.302682],[-0.552386,0.833104,-0.028404],[-0.267328,-0.144771,0.952668]],"s":1.36722,"t":[40.8533,89.4059,-117.892],"timestamp":93626163235},false],[6,{"currentFrameRate":55.3479,"devices":[],"gestures":[{"center":[-11.5474,332.395,-95.2655],"duration":36175,"handIds":[487],"id":14,"normal":[-0.0915736,0.0236627,0.995517],"pointableIds":[4871],"progress":1.05374,"radius":18.38,"state":"stop","type":"circle"}],"hands":[{"armBasis":[[0.995733,0.0169722,-0.0907034],[0.012491,0.949102,0.31472],[0.0914283,-0.31451,0.944841]],"armWidth":62.0842,"confidence":0.815091,"direction":[0.0445555,0.636182,-0.770251],"elbow":[59.2716,152.352,295.724],"grabStrength":0,"id":487,"palmNormal":[0.00390004,-0.771122,-0.636676],"palmPosition":[30.1607,265.504,3.68698],"palmVelocity":[-72.5241,-48.5399,12.1139],"palmWidth":88.6541,"pinchStrength":0.225616,"r":[[0.787391,0.537905,0.301122],[-0.556441,0.830403,-0.0283665],[-0.265311,-0.145221,0.953164]],"s":1.36579,"sphereCenter":[-1.59728,252.893,-33.5036],"sphereRadius":51.2216,"stabilizedPalmPosition":[36.434,267.634,0.354649],"t":[39.5267,88.5153,-117.674],"timeVisible":13.4762,"type":"right","wrist":[35.2197,235.089,47.1662]}],"id":1693228,"interactionBox":{"center":[0,200,0],"size":[235.247,235.247,147.751]},"pointables":[{"bases":[[[0.407201,0.803646,0.433983],[-0.823121,0.116989,0.555684],[0.395802,-0.583495,0.709136]],[[0.345731,0.879529,0.326953],[-0.805279,0.0992535,0.584529],[0.481659,-0.465378,0.742582]],[[0.345731,0.879529,0.326953],[-0.922967,0.381559,-0.0504501],[-0.169124,-0.284325,0.943693]],[[0.345731,0.879529,0.326953],[-0.922596,0.382178,-0.0525083],[-0.171137,-0.283492,0.943581]]],"btipPosition":[-6.54155,264.102,-46.9709],"carpPosition":[7.36372,225.558,42.0115],"dipPosition":[-10.4439,257.638,-25.4546],"direction":[0.169124,0.284325,-0.943693],"extended":false,"handId":487,"id":4870,"length":50.7785,"mcpPosition":[7.36372,225.558,42.0115],"pipPosition":[-16.0623,248.193,5.89517],"stabilizedTipPosition":[-2.98164,265.445,-43.4546],"timeVisible":13.4762,"tipPosition":[-6.97541,262.161,-42.1722],"tipVelocity":[-77.2969,-70.0051,10.4167],"tool":false,"touchDistance":0.412283,"touchZone":"hovering","type":0,"width":19.7302},{"bases":[[[0.992298,0.0818129,-0.0930108],[-0.0222231,0.856254,0.516077],[0.121863,-0.510035,0.851477]],[[0.941694,0.191279,-0.276811],[-0.0226302,0.856835,0.515093],[0.335708,-0.478796,0.811205]],[[0.941694,0.191279,-0.276811],[-0.0946355,0.940051,0.327639],[0.322887,-0.28234,0.903343]],[[0.941694,0.191279,-0.276811],[-0.1492,0.974772,0.166007],[0.301581,-0.115027,0.946476]]],"btipPosition":[-19.8078,311.849,-85.6209],"carpPosition":[15.6044,246.683,46.4001],"dipPosition":[-14.7874,309.934,-69.8649],"direction":[-0.322887,0.28234,-0.903343],"extended":true,"handId":487,"id":4871,"length":57.2978,"mcpPosition":[6.86915,283.242,-14.6346],"pipPosition":[-7.18341,303.285,-48.5913],"stabilizedTipPosition":[-15.3081,314.655,-82.3492],"timeVisible":13.4762,"tipPosition":[-18.8242,312.234,-81.5812],"tipVelocity":[-87.1757,-96.4802,-1.32438],"tool":false,"touchDistance":0.393053,"touchZone":"hovering","type":1,"width":18.8462},{"bases":[[[0.988791,-0.135024,-0.0637246],[0.148538,0.846353,0.511491],[-0.0151302,-0.515224,0.856922]],[[0.988816,-0.120114,-0.088403],[0.0204905,0.696549,-0.717216],[0.147725,0.707384,0.69122]],[[0.988816,-0.120114,-0.088403],[-0.14399,-0.614462,-0.775695],[0.0388517,0.779749,-0.624885]],[[0.988816,-0.120114,-0.088403],[-0.13806,-0.96141,-0.237969],[-0.0564082,0.247513,-0.967241]]],"btipPosition":[21.3216,225.033,-10.0262],"carpPosition":[27.2743,249.367,45.6635],"dipPosition":[20.2888,229.565,-27.736],"direction":[-0.0388517,-0.779749,0.624885],"extended":false,"handId":487,"id":4872,"length":65.2863,"mcpPosition":[28.3028,284.39,-12.5875],"pipPosition":[21.3652,251.169,-45.0493],"stabilizedTipPosition":[26.349,228.717,-16.6081],"timeVisible":13.4762,"tipPosition":[21.0943,226.097,-14.2574],"tipVelocity":[-60.1883,-51.8694,4.76763],"tool":false,"touchDistance":0.333333,"touchZone":"none","type":2,"width":18.5095},{"bases":[[[0.961757,-0.272787,0.0246973],[0.218245,0.817688,0.532688],[-0.165505,-0.506926,0.845951]],[[0.960429,-0.276755,0.0313334],[0.207081,0.634309,-0.744829],[0.18626,0.721844,0.666519]],[[0.960429,-0.276755,0.0313334],[-0.159153,-0.637644,-0.753711],[0.228573,0.7189,-0.656458]],[[0.960429,-0.276755,0.0313334],[-0.263225,-0.938686,-0.222668],[0.0910367,0.205609,-0.974391]]],"btipPosition":[33.3602,2