{"sensorType":"Leap","data":[[0,{"currentFrameRate":53.9452,"devices":[],"gestures":[],"hands":[{"armBasis":[[0.832568,-0.471328,-0.290999],[0.521467,0.844099,0.124777],[0.186821,-0.255632,0.948552]],"armWidth":62.0842,"confidence":0.498978,"direction":[0.0723362,0.673259,-0.73586],"elbow":[43.686,126.444,307.085],"grabStrength":0,"id":487,"palmNormal":[-0.564636,-0.580537,-0.586654],"palmPosition":[-10.1376,230.073,18.8761],"palmVelocity":[-57.5241,-85.3537,-230.317],"palmWidth":88.6541,"pinchStrength":0.794344,"r":[[0.997875,0.0597569,-0.0259558],[-0.0542735,0.982853,0.176223],[0.0360413,-0.17444,0.984008]],"s":1.07452,"sphereCenter":[-23.6071,201.584,-30.0237],"sphereRadius":52.8426,"stabilizedPalmPosition":[-3.63189,241.047,65.6131],"t":[-1.04852,53.7287,-98.1042],"timeVisible":0.325371,"type":"right","wrist":[-5.46061,193.693,57.5503]}],"id":1692508,"interactionBox":{"center":[0,200,0],"size":[235.247,235.247,147.751]},"pointables":[{"bases":[[[0.849978,0.466353,0.245058],[-0.43739,0.365414,0.821683],[0.293647,-0.805598,0.514571]],[[0.71706,0.69313,0.0734536],[-0.590072,0.547573,0.593278],[0.370997,-0.468759,0.80164]],[[0.71706,0.69313,0.0734536],[-0.638927,0.611529,0.466695],[0.278561,-0.38158,0.881363]],[[0.71706,0.69313,0.0734536],[-0.688937,0.688814,0.225612],[0.105783,-0.212383,0.971444]]],"btipPosition":[-64.1898,238.377,-27.1964],"carpPosition":[-34.4799,198.059,63.2231],"dipPosition":[-61.7777,233.534,-5.04473],"direction":[-0.278561,0.38158,-0.881363],"extended":false,"handId":487,"id":4870,"length":50.7785,"mcpPosition":[-34.4799,198.059,63.2231],"pipPosition":[-52.5238,220.857,24.2344],"stabilizedTipPosition":[-58.3835,257.553,21.1919],"timeVisible":0.325371,"tipPosition":[-64.6345,238.22,-21.388],"tipVelocity":[-46.5731,-137.935,-238.381],"tool":false,"touchDistance":-0.178246,"touchZone":"hovering","type":0,"width":19.7302},{"bases":[[[0.822638,-0.338387,-0.456904],[0.54849,0.683973,0.480978],[0.149754,-0.646278,0.748264]],[[0.834583,-0.412535,-0.365084],[0.503924,0.839456,0.203409],[0.222559,-0.353736,0.908482]],[[0.834583,-0.412535,-0.365084],[0.481902,0.86783,0.121003],[0.266913,-0.276922,0.923077]],[[0.834583,-0.412535,-0.365084],[0.463652,0.883907,0.0611196],[0.297486,-0.220281,0.928966]]],"btipPosition":[-47.7965,283.861,-64.7973],"carpPosition":[-16.5079,212.54,64.0704],"dipPosition":[-42.8443,280.194,-49.3328],"direction":[-0.266913,0.276922,-0.923077],"extended":true,"handId":487,"id":4871,"length":57.2978,"mcpPosition":[-27.2423,258.865,10.4342],"pipPosition":[-36.5585,273.673,-27.5944],"stabilizedTipPosition":[-36.5586,295.841,-20.5371],"timeVisible":0.325371,"tipPosition":[-47.2379,281.036,-61.5389],"tipVelocity":[-64.9494,-81.8403,-238.05],"tool":false,"touchDistance":-0.357602,"touchZone":"hovering","type":1,"width":18.8462},{"bases":[[[0.729668,-0.5342,-0.426866],[0.682825,0.602563,0.41312],[0.0365252,-0.592915,0.804436]],[[0.728915,-0.523709,-0.440922],[0.330702,0.833281,-0.443033],[0.599432,0.177119,0.780583]],[[0.728915,-0.523709,-0.440922],[-0.139761,0.516656,-0.844709],[0.670187,0.677344,0.303404]],[[0.728915,-0.523709,-0.440922],[-0.380684,0.225234,-0.896855],[0.569002,0.821583,-0.0351912]]],"btipPosition":[-65.5416,208.206,-40.0874],"carpPosition":[-5.92092,210.029,59.0161],"dipPosition":[-55.1234,223.249,-40.7318],"direction":[-0.670187,-0.677345,-0.303404],"extended":false,"handId":487,"id":4872,"length":65.2863,"mcpPosition":[-8.40379,250.333,4.333],"pipPosition":[-36.5549,242.015,-32.3255],"stabilizedTipPosition":[-56.1645,229.067,-5.33119],"timeVisible":0.325371,"tipPosition":[-63.1778,211.823,-40.4162],"tipVelocity":[-56.0634,-130.646,-217.923],"tool":false,"touchDistance":-0.209978,"touchZone":"hovering","type":2,"width":18.5095},{"bases":[[[0.673526,-0.659523,-0.333754],[0.734028,0.543649,0.406999],[-0.0869805,-0.519109,0.850271]],[[0.67487,-0.650865,-0.347744],[0.364199,0.70362,-0.610145],[0.641801,0.285121,0.711897]],[[0.67487,-0.650865,-0.347744],[-0.146772,0.343433,-0.927638],[0.723193,0.677074,0.136244]],[[0.67487,-0.650865,-0.347744],[-0.390359,0.0850326,-0.916728],[0.626235,0.754417,-0.196685]]],"btipPosition":[-50.2106,191.93,-29.3301],"carpPosition":[3.33995,204.669,53.6511],"dipPosition":[-38.8104,205.664,-32.9106],"direction":[-0.723193,-0.677074,-0.136244],"extended":false,"handId":487,"id":4873,"length":62.7745,"mcpPosition":[8.64854,236.351,1.75748],"pipPosition":[-19.2908,223.939,-29.2332],"stabilizedTipPosition":[-42.2332,210.516,-7.33751],"timeVisible":0.325371,"tipPosition":[-47.3135,196.284,-31.8232],"tipVelocity":[-51.7216,-138.512,-183.23],"tool":false,"touchDistance":-0.0640737,"touchZone":"hovering","type":3,"width":17.613},{"bases":[[[0.528329,-0.795872,-0.295731],[0.819263,0.386439,0.423644],[-0.222884,-0.466104,0.856195]],[[0.490487,-0.854976,-0.168637],[0.580099,0.46474,-0.668956],[0.650313,0.230288,0.72392]],[[0.490487,-0.854976,-0.168637],[0.0159244,0.202274,-0.979199],[0.871303,0.477599,0.112828]],[[0.490487,-0.854976,-0.168637],[-0.279579,0.0288996,-0.959688],[0.825383,0.517862,-0.224859]]],"btipPosition":[-31.6953,194.205,-24.5451],"carpPosition":[8.58263,193.604,47.1409],"dipPosition":[-17.8336,202.902,-28.3214],"direction":[-0.871303,-0.477599,-0.112828],"extended":false,"handId":487,"id":4874,"length":49.214,"mcpPosition":[21.1748,219.937,-1.23119],"pipPosition":[-1.22942,212.004,-26.1713],"stabilizedTipPosition":[-21.9548,211.31,4.89103],"timeVisible":0.325371,"tipPosition":[-28.1078,196.682,-26.7764],"tipVelocity":[-55.8109,-119.591,-192.011],"tool":false,"touchDistance":-0.081212,"touchZone":"hovering","type":4,"width":15.6452}],"r":[[0.997875,0.0597569,-0.0259558],[-0.0542735,0.982853,0.176223],[0.0360413,-0.17444,0.984008]],"s":1.07452,"t":[-1.04852,53.7287,-98.1042],"timestamp":93613030422},false],[1,{"currentFrameRate":54.0789,"devices":[],"gestures":[],"hands":[{"armBasis":[[0.835612,-0.463386,-0.295],[0.514666,0.848147,0.125564],[0.192019,-0.256749,0.947211]],"armWidth":62.0842,"confidence":0.429754,"direction":[0.0659904,0.671885,-0.73771],"elbow":[44.8016,124.825,304.261],"grabStrength":0,"id":487,"palmNormal":[-0.55957,-0.587207,-0.584867],"palmPosition":[-10.7318,228.599,16.3087],"palmVelocity":[-45.8853,-83.6796,-188.673],"palmWidth":88.6541,"pinchStrength":0.802604,"r":[[0.997354,0.066626,-0.0290734],[-0.060738,0.983521,0.170285],[0.0399398,-0.168069,0.984966]],"s":1.07928,"sphereCenter":[-24.2956,200.368,-32.2518],"sphereRadius":52.5595,"stabilizedPalmPosition":[-3.72082,240.891,64.9956],"t":[-1.87042,52.2242,-101.469],"timeVisible":0.34339,"type":"right","wrist":[-5.71264,192.367,55.0796]}],"id":1692509,"interactionBox":{"center":[0,200,0],"size":[235.247,235.247,147.751]},"pointables":[{"bases":[[[0.845813,0.47468,0.243475],[-0.440388,0.363675,0.820853],[0.301097,-0.801511,0.516644]],[[0.710917,0.699638,0.0714367],[-0.594345,0.543393,0.592857],[0.375967,-0.46393,0.802133]],[[0.710917,0.699638,0.0714367],[-0.64625,0.609825,0.458775],[0.277413,-0.372317,0.885676]],[[0.710917,0.699638,0.0714367],[-0.696594,0.686552,0.208334],[0.0967132,-0.197871,0.975445]]],"btipPosition":[-64.4749,235.931,-29.9266],"carpPosition":[-34.7682,196.486,60.7514],"dipPosition":[-62.2695,231.419,-7.6837],"direction":[-0.277413,0.372317,-0.885676],"extended":false,"handId":487,"id":4870,"length":50.7785,"mcpPosition":[-34.7682,196.486,60.7514],"pipPosition":[-53.0538,219.05,21.7387],"stabilizedTipPosition":[-58.7315,256.141,18.3249],"timeVisible":0.34339,"tipPosition":[-64.9952,235.854,-24.11],"tipVelocity":[-33.2437,-134.896,-196.645],"tool":false,"touchDistance":-0.2234,"touchZone":"hovering","type":0,"width":19.7302},{"bases":[[[0.825503,-0.332177,-0.456292],[0.542453,0.690206,0.478917],[0.155851,-0.642864,0.749957]],[[0.838011,-0.404521,-0.366197],[0.49868,0.840191,0.213065],[0.221486,-0.361166,0.905816]],[[0.838011,-0.404521,-0.366197],[0.476477,0.869549,0.129824],[0.26591,-0.283278,0.921436]],[[0.838011,-0.404521,-0.366197],[0.457974,0.886284,0.0689958],[0.296645,-0.225528,0.927976]]],"btipPosition":[-48.5708,282.756,-67.2696],"carpPosition":[-16.9275,211.131,61.5528],"dipPosition":[-43.6325,279.002,-51.8216],"direction":[-0.26591,0.283278,-0.921436],"extended":true,"handId":487,"id":4871,"length":57.2978,"mcpPosition":[-28.099,257.212,7.79513],"pipPosition":[-37.3704,272.33,-30.1219],"stabilizedTipPosition":[-36.8163,295.51,-21.5601],"timeVisible":0.34339,"tipPosition":[-48.0258,279.889,-64.0288],"tipVelocity":[-54.6115,-72.644,-190.337],"tool":false,"touchDistance":-0.387317,"touchZone":"hovering","type":1,"width":18.8462},{"bases":[[[0.734318,-0.52874,-0.425689],[0.677494,0.609829,0.411229],[0.0421643,-0.590375,0.806027]],[[0.733472,-0.518366,-0.439677],[0.32293,0.834933,-0.445649],[0.59811,0.184886,0.779796]],[[0.733472,-0.518366,-0.439677],[-0.144897,0.512742,-0.846227],[0.664096,0.684392,0.300972]],[[0.733472,-0.518366,-0.439677],[-0.383191,0.218926,-0.89735],[0.561412,0.826661,-0.0380572]]],"btipPosition":[-65.9543,206.054,-42.5535],"carpPosition":[-6.32008,208.703,56.5013],"dipPosition":[-55.675,221.19,-43.2504],"direction":[-0.664096,-0.684392,-0.300972],"extended":false,"handId":487,"id":4872,"length":65.2863,"mcpPosition":[-9.18628,248.834,1.71007],"pipPosition":[-37.2753,240.152,-34.9115],"stabilizedTipPosition":[-56.786,227.432,-8.45998],"timeVisible":0.34339,"tipPosition":[-63.6237,209.695,-42.8981],"tipVelocity":[-41.182,-124.767,-179.807],"tool":false,"touchDistance":-0.251281,"touchZone":"hovering","type":2,"width":18.5095},{"bases":[[[0.679344,-0.654312,-0.332216],[0.729226,0.551364,0.40525],[-0.0819876,-0.517564,0.851707]],[[0.680585,-0.645828,-0.345993],[0.355858,0.704173,-0.614415],[0.640445,0.295037,0.709072]],[[0.680585,-0.645828,-0.345993],[-0.153255,0.336303,-0.9292],[0.716462,0.685425,0.129907]],[[0.680585,-0.645828,-0.345993],[-0.394218,0.0752629,-0.91593],[0.617573,0.759765,-0.203374]]],"btipPosition":[-50.4698,189.825,-31.5057],"carpPosition":[2.98699,203.412,51.1474],"dipPosition":[-39.2273,203.656,-35.208],"direction":[-0.716462,-0.685425,-0.129907],"extended":false,"handId":487,"id":4873,"length":62.7745,"mcpPosition":[7.99085,235,-0.833902],"pipPosition":[-19.8894,222.156,-31.7017],"stabilizedTipPosition":[-42.8839,208.5,-10.2183],"timeVisible":0.34339,"tipPosition":[-47.6418,194.146,-33.9748],"tipVelocity":[-34.9753,-127.658,-154.338],"tool":false,"touchDistance":-0.1008,"touchZone":"hovering","type":3,"width":17.613},{"bases":[[[0.535398,-0.791864,-0.293769],[0.815884,0.394977,0.422288],[-0.218363,-0.465774,0.857539]],[[0.49786,-0.851289,-0.16566],[0.570881,0.465482,-0.676329],[0.652863,0.242145,0.71773]],[[0.49786,-0.851289,-0.16566],[0.0050478,0.193857,-0.981017],[0.867243,0.487572,0.100811]],[[0.49786,-0.851289,-0.16566],[-0.288733,0.0174205,-0.957251],[0.817783,0.524408,-0.237122]]],"btipPosition":[-32.089,192.251,-26.4484],"carpPosition":[8.32721,192.377,44.6653],"dipPosition":[-18.3549,201.058,-30.4307],"direction":[-0.867243,-0.487572,-0.100811],"extended":false,"handId":487,"id":4874,"length":49.214,"mcpPosition":[20.664,218.692,-3.78274],"pipPosition":[-1.82813,210.35,-28.5096],"stabilizedTipPosition":[-22.3455,210.356,3.08412],"timeVisible":0.34339,"tipPosition":[-28.5289,194.768,-28.7654],"tipVelocity":[-40.4813,-113.637,-152.301],"tool":false,"touchDistance":-0.113724,"touchZone":"hovering","type":4,"width":15.6452}],"r":[[0.997354,0.066626,-0.0290734],[-0.060738,0.983521,0.170285],[0.0399398,-0.168069,0.984966]],"s":1.07928,"t":[-1.87042,52.2242,-101.469],"timestamp":93613048441},false],[2,{"currentFrameRate":54.1369,"devices":[],"gestures":[],"hands":[{"armBasis":[[0.844054,-0.460216,-0.275271],[0.502855,0.857581,0.108128],[0.186305,-0.229687,0.955267]],"armWidth":62.0842,"confidence":0.448652,"direction":[0.0608288,0.665584,-0.74384],"elbow":[42.8704,130.902,304.559],"grabStrength":0,"id":487,"palmNormal":[-0.551984,-0.598468,-0.580646],"palmPosition":[-11.4401,227.137,14.1365],"palmVelocity":[-42.4799,-81.9271,-155.276],"palmWidth":88.6541,"pinchStrength":0.811515,"r":[[0.996759,0.0741253,-0.0312509],[-0.0680574,0.984166,0.163665],[0.0428878,-0.161007,0.986021]],"s":1.08331,"sphereCenter":[-24.9685,198.811,-33.9162],"sphereRadius":52.2528,"stabilizedPalmPosition":[-3.72082,240.891,64.9956],"t":[-2.6355,50.741,-104.238],"timeVisible":0.361657,"type":"right","wrist":[-6.14054,191.325,53.2584]}],"id":1692510,"interactionBox":{"center":[0,200,0],"size":[235.247,235.247,147.751]},"pointables":[{"bases":[[[0.840226,0.485731,0.241009],[-0.446177,0.366753,0.816344],[0.308133,-0.793447,0.524878]],[[0.703682,0.707368,0.0668071],[-0.600891,0.542299,0.587232],[0.37916,-0.453368,0.806657]],[[0.703682,0.707368,0.0668071],[-0.655897,0.610558,0.443868],[0.273188,-0.35616,0.893598]],[[0.703682,0.707368,0.0668071],[-0.705565,0.684604,0.183017],[0.0837242,-0.175923,0.980837]]],"btipPosition":[-64.6768,233.088,-32.4621],"carpPosition":[-35.2514,195.194,58.822],"dipPosition":[-62.7676,229.076,-10.0962],"direction":[-0.273188,0.35616,-0.893598],"extended":false,"handId":487,"id":4870,"length":50.7785,"mcpPosition":[-35.2514,195.194,58.822],"pipPosition":[-53.6922,217.244,19.5894],"stabilizedTipPosition":[-59.1632,254.261,14.7462],"timeVisible":0.361657,"tipPosition":[-65.3071,233.133,-26.6377],"tipVelocity":[-24.4048,-141.805,-168.211],"tool":false,"touchDistance":-0.265186,"touchZone":"hovering","type":0,"width":19.7302},{"bases":[[[0.83004,-0.327825,-0.451181],[0.534059,0.700284,0.473691],[0.160668,-0.63414,0.756342]],[[0.842907,-0.397638,-0.362479],[0.491048,0.843895,0.216131],[0.219953,-0.360173,0.906585]],[[0.842907,-0.397638,-0.362479],[0.468767,0.873413,0.131939],[0.26413,-0.28113,0.922606]],[[0.842907,-0.397638,-0.362479],[0.450128,0.890203,0.0701761],[0.294775,-0.222314,0.929346]]],"btipPosition":[-49.4172,280.885,-69.8345],"carpPosition":[-17.5659,210.031,59.5281],"dipPosition":[-44.51,277.184,-54.3637],"direction":[-0.26413,0.28113,-0.922606],"extended":true,"handId":487,"id":4871,"length":57.2978,"mcpPosition":[-29.0827,255.487,5.31276],"pipPosition":[-38.2898,270.563,-32.6364],"stabilizedTipPosition":[-37.1271,295.091,-22.7715],"timeVisible":0.361657,"tipPosition":[-48.8538,278.037,-66.59],"tipVelocity":[-50.8365,-86.5807,-166.298],"tool":false,"touchDistance":-0.415314,"touchZone":"hovering","type":1,"width":18.8462},{"bases":[[[0.740828,-0.525031,-0.418946],[0.670097,0.620688,0.407084],[0.046303,-0.582314,0.811644]],[[0.739915,-0.514865,-0.432943],[0.31527,0.83394,-0.452933],[0.594248,0.198638,0.779366]],[[0.739915,-0.514865,-0.432943],[-0.148285,0.502926,-0.851514],[0.656154,0.694247,0.295776]],[[0.739915,-0.514865,-0.432943],[-0.383379,0.206096,-0.900303],[0.552762,0.832129,-0.0448951]]],"btipPosition":[-66.277,203.45,-44.6225],"carpPosition":[-6.9213,207.666,54.5249],"dipPosition":[-56.1562,218.686,-45.4445],"direction":[-0.656154,-0.694247,-0.295776],"extended":false,"handId":487,"id":4872,"length":65.2863,"mcpPosition":[-10.0688,247.25,-0.648189],"pipPosition":[-37.9765,237.921,-37.2496],"stabilizedTipPosition":[-57.5256,225.317,-12.2135],"timeVisible":0.361657,"tipPosition":[-63.984,207.115,-45.0003],"tipVelocity":[-30.8796,-132.668,-148.702],"tool":false,"touchDistance":-0.285952,"touchZone":"hovering","type":2,"width":18.5095},{"bases":[[[0.686931,-0.650287,-0.324427],[0.722448,0.562711,0.401778],[-0.0787119,-0.510375,0.856342]],[[0.688106,-0.642011,-0.338131],[0.348937,0.701353,-0.621568],[0.636202,0.309718,0.706627]],[[0.688106,-0.642011,-0.338131],[-0.156354,0.323858,-0.933097],[0.708565,0.694937,0.122467]],[[0.688106,-0.642011,-0.338131],[-0.394444,0.0601683,-0.916948],[0.609036,0.764331,-0.211836]]],"btipPosition":[-50.65,187.418,-33.2315],"carpPosition":[2.45351,202.422,49.2432],"dipPosition":[-39.5629,201.332,-37.0878],"direction":[-0.708565,-0.694937,-0.122467],"extended":false,"handId":487,"id":4873,"length":62.7745,"mcpPosition":[7.25745,233.571,-3.02099],"pipPosition":[-20.4381,220.089,-33.7823],"stabilizedTipPosition":[-43.8391,205.225,-14.5952],"timeVisible":0.361657,"tipPosition":[-47.8799,191.705,-35.7015],"tipVelocity":[-23.889,-129.127,-126.608],"tool":false,"touchDistance":-0.130154,"touchZone":"touching","type":3,"width":17.613},{"bases":[[[0.544328,-0.788964,-0.285031],[0.810685,0.407402,0.420493],[-0.215632,-0.459956,0.861361]],[[0.506938,-0.847751,-0.155987],[0.565203,0.463543,-0.682403],[0.650815,0.257772,0.714138]],[[0.506938,-0.847751,-0.155987],[0.000161848,0.181057,-0.983473],[0.861983,0.498534,0.0919218]],[[0.506938,-0.847751,-0.155987],[-0.292124,0.00129065,-0.95638],[0.810973,0.530393,-0.246994]]],"btipPosition":[-32.3611,190.081,-27.9928],"carpPosition":[7.9242,191.384,42.8779],"dipPosition":[-18.7414,198.989,-32.1409],"direction":[-0.861983,-0.498534,-0.0919218],"extended":false,"handId":487,"id":4874,"length":49.214,"mcpPosition":[20.1067,217.37,-5.7861],"pipPosition":[-2.31485,208.489,-30.3892],"stabilizedTipPosition":[-23.2249,208.028,-1.00821],"timeVisible":0.361657,"tipPosition":[-28.8408,192.605,-30.3404],"tipVelocity":[-28.9216,-115.498,-120.864],"tool":false,"touchDistance":-0.1401,"touchZone":"touching","type":4,"width":15.6452}],"r":[[0.996759,0.0741253,-0.0312509],[-0.0680574,0.984166,0.163665],[0.0428878,-0.161007,0.986021]],"s":1.08331,"t":[-2.6355,50.741,-104.238],"timestamp":93613066708},false],[3,{"currentFrameRate":54.2429,"devices":[],"gestures":[],"hands":[{"armBasis":[[0.85246,-0.444326,-0.275475],[0.488291,0.86495,0.115904],[0.186772,-0.233316,0.954296]],"armWidth":62.0842,"confidence":0.474697,"direction":[0.0545471,0.658395,-0.750694],"elbow":[42.5303,129.325,301.783],"grabStrength":0,"id":487,"palmNormal":[-0.535051,-0.615493,-0.578696],"palmPosition":[-12.2472,225.97,11.1722],"palmVelocity":[-43.5297,-73.6991,-159.475],"palmWidth":88.6541,"pinchStrength":0.813176,"r":[[0.995975,0.0839254,-0.0314596],[-0.078043,0.984661,0.156049],[0.0440735,-0.152965,0.987248]],"s":1.08735,"sphereCenter":[-25.0692,197.232,-36.5039],"sphereRadius":52.0619,"stabilizedPalmPosition":[-3.72389,240.885,64.9762],"t":[-3.42164,49.4161,-107.104],"timeVisible":0.379719,"type":"right","wrist":[-6.60366,190.703,50.7378]}],"id":1692511,"interactionBox":{"center":[0,200,0],"size":[235.247,235.247,147.751]},"pointables":[{"bases":[[[0.828452,0.504659,0.242872],[-0.460493,0.366966,0.808259],[0.31877,-0.781444,0.536406]],[[0.689479,0.721355,0.0653104],[-0.615809,0.536342,0.577163],[0.381311,-0.438161,0.814013]],[[0.689479,0.721355,0.0653104],[-0.672293,0.603808,0.428298],[0.26952,-0.33921,0.901274]],[[0.689479,0.721355,0.0653104],[-0.72056,0.673962,0.162997],[0.0735621,-0.159443,0.984462]]],"btipPosition":[-65.0091,230.279,-35.9761],"carpPosition":[-35.8327,194.064,56.0035],"dipPosition":[-63.3317,226.643,-13.5276],"direction":[-0.26952,0.33921,-0.901274],"extended":false,"handId":487,"id":4870,"length":50.7785,"mcpPosition":[-35.8327,194.064,56.0035],"pipPosition":[-54.3781,215.375,16.4131],"stabilizedTipPosition":[-59.6427,252.082,10.7457],"timeVisible":0.379719,"tipPosition":[-65.6985,230.361,-30.185],"tipVelocity":[-22.9538,-146.037,-180.221],"tool":false,"touchDistance":-0.319426,"touchZone":"hovering","type":0,"width":19.7302},{"bases":[[[0.840247,-0.316529,-0.44022],[0.51611,0.715754,0.470454],[0.166177,-0.622499,0.764774]],[[0.853497,-0.383645,-0.352645],[0.473836,0.852988,0.218841],[0.216845,-0.353876,0.909808]],[[0.853497,-0.383645,-0.352645],[0.451655,0.882161,0.133419],[0.259904,-0.273147,0.926197]],[[0.853497,-0.383645,-0.352645],[0.433068,0.898596,0.0705555],[0.289817,-0.212938,0.933093]]],"btipPosition":[-50.3796,278.662,-73.5514],"carpPosition":[-18.4455,209.25,56.6975],"dipPosition":[-45.555,275.117,-58.0182],"direction":[-0.259904,0.273147,-0.926197],"extended":true,"handId":487,"id":4871,"length":57.2978,"mcpPosition":[-30.3572,253.871,1.8777],"pipPosition":[-39.4343,268.684,-36.2064],"stabilizedTipPosition":[-37.4966,294.566,-24.2082],"timeVisible":0.379719,"tipPosition":[-49.7758,275.865,-70.2917],"tipVelocity":[-52.4977,-102.975,-184.675],"tool":false,"touchDistance":-0.457654,"touchZone":"hovering","type":1,"width":18.8462},{"bases":[[[0.754595,-0.515071,-0.406556],[0.654257,0.638096,0.405933],[0.0503378,-0.572307,0.818493]],[[0.753617,-0.50514,-0.42059],[0.303005,0.834794,-0.459682],[0.58331,0.218984,0.782174]],[[0.753617,-0.50514,-0.42059],[-0.150539,0.490217,-0.858502],[0.639844,0.710296,0.293393]],[[0.753617,-0.50514,-0.42059],[-0.379379,0.188265,-0.905885],[0.536781,0.842253,-0.0497597]]],"btipPosition":[-66.0845,200.556,-47.7755],"carpPosition":[-7.71272,207.038,51.8142],"dipPosition":[-56.2563,215.978,-48.6865],"direction":[-0.639844,-0.710296,-0.293393],"extended":false,"handId":487,"id":4872,"length":65.2863,"mcpPosition":[-11.1345,245.941,-3.82444],"pipPosition":[-38.5285,235.657,-40.5577],"stabilizedTipPosition":[-58.259,222.847,-16.3789],"timeVisible":0.379719,"tipPosition":[-63.8601,204.264,-48.1784],"tipVelocity":[-12.9212,-144.631,-161.524],"tool":false,"touchDistance":-0.333292,"touchZone":"hovering","type":2,"width":18.5095},{"bases":[[[0.702296,-0.640304,-0.311113],[0.707769,0.581097,0.401734],[-0.0764445,-0.502332,0.861289]],[[0.703424,-0.632227,-0.324782],[0.339976,0.700563,-0.627398],[0.624188,0.330909,0.707735]],[[0.703424,-0.632227,-0.324782],[-0.155696,0.308787,-0.938301],[0.693508,0.710591,0.118773]],[[0.703424,-0.632227,-0.324782],[-0.388623,0.0404879,-0.920507],[0.595119,0.773724,-0.217218]]],"btipPosition":[-50.2502,184.908,-35.9535],"carpPosition":[1.80894,201.92,46.6736],"dipPosition":[-39.4164,198.994,-39.9079],"direction":[-0.693508,-0.710591,-0.118773],"extended":false,"handId":487,"id":4873,"length":62.7745,"mcpPosition":[6.4745,232.578,-5.89253],"pipPosition":[-20.6981,218.173,-36.7021],"stabilizedTipPosition":[-44.5809,201.993,-18.8095],"timeVisible":0.379719,"tipPosition":[-47.5567,189.188,-38.4156],"tipVelocity":[-3.56344,-132.741,-138.646],"tool":false,"touchDistance":-0.175898,"touchZone":"touching","type":3,"width":17.613},{"bases":[[[0.562066,-0.781293,-0.27141],[0.798832,0.427754,0.422958],[-0.214357,-0.454541,0.864548]],[[0.524504,-0.839561,-0.141539],[0.555225,0.463312,-0.690701],[0.645462,0.283689,0.709154]],[[0.524504,-0.839561,-0.141539],[-0.00721602,0.161851,-0.986789],[0.851377,0.518596,0.0788334]],[[0.524504,-0.839561,-0.141539],[-0.295684,-0.0237256,-0.954991],[0.798415,0.542747,-0.260689]]],"btipPosition":[-32.2104,187.83,-29.9193],"carpPosition":[7.54954,190.921,40.4804],"dipPosition":[-18.8016,196.945,-34.2974],"direction":[-0.851377,-0.518596,-0.0788334],"extended":false,"handId":487,"id":4874,"length":49.214,"mcpPosition":[19.66,216.601,-8.36367],"pipPosition":[-2.57712,206.827,-32.7951],"stabilizedTipPosition":[-24.1175,205.29,-5.53314],"timeVisible":0.379719,"tipPosition":[-28.717,190.421,-32.4069],"tipVelocity":[-12.498,-118.593,-115.507],"tool":false,"touchDistance":-0.173089,"touchZone":"touching","type":4,"width":15.6452}],"r":[[0.995975,0.0839254,-0.0314596],[-0.078043,0.984661,0.156049],[0.0440735,-0.152965,0.987248]],"s":1.08735,"t":[-3.42164,49.4161,-107.104],"timestamp":93613084770},false],[4,{"currentFrameRate":54.3588,"devices":[],"gestures":[],"hands":[{"armBasis":[[0.86013,-0.43013,-0.274162],[0.476309,0.869615,0.129997],[0.1825,-0.2424,0.952857]],"armWidth":62.0842,"confidence":0.498954,"direction":[0.0520613,0.65899,-0.750348],"elbow":[41.383,125.818,299.798],"grabStrength":0,"id":487,"palmNormal":[-0.520029,-0.623566,-0.583725],"palmPosition":[-12.4087,224.757,9.49952],"palmVelocity":[-27.1669,-70.7419,-127.987],"palmWidth":88.6541,"pinchStrength":0.813717,"r":[[0.995058,0.0947428,-0.0297307],[-0.0892818,0.984688,0.149728],[0.0434612,-0.146334,0.98828]],"s":1.09069,"sphereCenter":[-24.5814,196.089,-38.1532],"sphereRadius":51.9065,"stabilizedPalmPosition":[-3.81795,240.711,64.3754],"t":[-3.89545,48.1469,-109.374],"timeVisible":0.397708,"type":"right","wrist":[-6.627,189.586,49.131]}],"id":1692512,"interactionBox":{"center":[0,200,0],"size":[235.247,235.247,147.751]},"pointables":[{"bases":[[[0.818355,0.517079,0.250846],[-0.473889,0.360177,0.803556],[0.325153,-0.776467,0.539791]],[[0.678206,0.731319,0.0721664],[-0.62876,0.526639,0.572112],[0.380391,-0.433385,0.816994]],[[0.678206,0.731319,0.0721664],[-0.685903,0.594707,0.419357],[0.263766,-0.33391,0.904948]],[[0.678206,0.731319,0.0721664],[-0.732186,0.664074,0.151358],[0.0627675,-0.155491,0.985841]]],"btipPosition":[-64.6481,228.226,-38.1707],"carpPosition":[-35.9536,192.509,54.1074],"dipPosition":[-63.2168,224.68,-15.6907],"direction":[-0.263766,0.33391,-0.904948],"extended":false,"handId":487,"id":4870,"length":50.7785,"mcpPosition":[-35.9536,192.509,54.1074],"pipPosition":[-54.4544,213.588,14.3719],"stabilizedTipPosition":[-60.0783,249.784,6.67067],"timeVisible":0.397708,"tipPosition":[-65.3981,228.28,-32.4102],"tipVelocity":[-4.06987,-130.385,-152.458],"tool":false,"touchDistance":-0.348627,"touchZone":"hovering","type":0,"width":19.7302},{"bases":[[[0.849198,-0.303976,-0.431811],[0.500655,0.72351,0.475267],[0.16795,-0.619784,0.76659]],[[0.862431,-0.36961,-0.345834],[0.459322,0.858542,0.227879],[0.212687,-0.355379,0.910203]],[[0.862431,-0.36961,-0.345834],[0.437255,0.88819,0.14116],[0.254992,-0.272959,0.927616]],[[0.862431,-0.36961,-0.345834],[0.418727,0.904827,0.0771768],[0.284395,-0.21137,0.935116]]],"btipPosition":[-50.485,277.204,-75.4954],"carpPosition":[-18.8039,207.954,54.9673],"dipPosition":[-45.7507,273.685,-59.9285],"direction":[-0.254992,0.272959,-0.927616],"extended":true,"handId":487,"id":4871,"length":57.2978,"mcpPosition":[-30.8427,252.381,0.0173872],"pipPosition":[-39.7457,267.257,-38.0833],"stabilizedTipPosition":[-37.9143,293.928,-25.8825],"timeVisible":0.397708,"tipPosition":[-49.8289,274.466,-72.2415],"tipVelocity":[-30.96,-92.4259,-148.191],"tool":false,"touchDistance":-0.469265,"touchZone":"hovering","type":1,"width":18.8462},{"bases":[[[0.766206,-0.503773,-0.398924],[0.64058,0.64792,0.412137],[0.0508473,-0.571325,0.819148]],[[0.765223,-0.493916,-0.412893],[0.294915,0.83907,-0.457151],[0.57224,0.228054,0.787739]],[[0.765223,-0.493916,-0.412893],[-0.149533,0.487458,-0.860247],[0.626158,0.720022,0.299157]],[[0.765223,-0.493916,-0.412893],[-0.373336,0.18203,-0.909662],[0.524456,0.850242,-0.0451033]]],"btipPosition":[-65.2732,198.513,-49.9497],"carpPosition":[-7.99151,205.903,50.1908],"dipPosition":[-55.6706,214.08,-50.7755],"direction":[-0.626158,-0.720022,-0.299157],"extended":false,"handId":487,"id":4872,"length":65.2863,"mcpPosition":[-11.448,244.74,-5.49235],"pipPosition":[-38.3221,234.029,-42.487],"stabilizedTipPosition":[-58.8829,220.153,-20.7615],"timeVisible":0.397708,"tipPosition":[-63.101,202.255,-50.3356],"tipVelocity":[13.1891,-129.053,-141.753],"tool":false,"touchDistance":-0.360616,"touchZone":"hovering","type":2,"width":18.5095},{"bases":[[[0.714853,-0.629758,-0.303958],[0.694979,0.591729,0.408485],[-0.077386,-0.503251,0.860668]],[[0.715993,-0.621678,-0.317601],[0.335682,0.705489,-0.624182],[0.612104,0.340297,0.713811]],[[0.715993,-0.621678,-0.317601],[-0.151112,0.306143,-0.939916],[0.681556,0.720966,0.125253]],[[0.715993,-0.621678,-0.317601],[-0.380226,0.034272,-0.924258],[0.585476,0.782523,-0.21184]]],"btipPosition":[-49.3214,183.123,-37.9806],"carpPosition":[1.65604,200.927,45.146],"dipPosition":[-38.6632,197.368,-41.837],"direction":[-0.681556,-0.720966,-0.125253],"extended":false,"handId":487,"id":4873,"length":62.7745,"mcpPosition":[6.37906,231.642,-7.38224],"pipPosition":[-20.2674,216.828,-38.4563],"stabilizedTipPosition":[-45.0213,198.993,-22.669],"timeVisible":0.397708,"tipPosition":[-46.6722,187.429,-40.4023],"tipVelocity":[21.5111,-115.917,-125.758],"tool":false,"touchDistance":-0.209307,"touchZone":"touching","type":3,"width":17.613},{"bases":[[[0.576369,-0.772827,-0.265589],[0.788119,0.439774,0.430658],[-0.216025,-0.457534,0.862552]],[[0.538108,-0.831966,-0.135179],[0.553748,0.469858,-0.687457],[0.635455,0.295071,0.713534]],[[0.538108,-0.831966,-0.135179],[-0.00304517,0.158458,-0.987361],[0.842871,0.531718,0.0827342]],[[0.538108,-0.831966,-0.135179],[-0.289257,-0.0316383,-0.956728],[0.791688,0.553924,-0.257677]]],"btipPosition":[-31.4241,186.262,-31.5492],"carpPosition":[7.62173,190.014,39.0135],"dipPosition":[-18.1283,195.565,-35.8768],"direction":[-0.842871,-0.531718,-0.0827342],"extended":false,"handId":487,"id":4874,"length":49.214,"mcpPosition":[19.8264,215.863,-9.71783],"pipPosition":[-2.06594,205.698,-34.3001],"stabilizedTipPosition":[-24.834,202.442,-10.0884],"timeVisible":0.397708,"tipPosition":[-27.9675,188.885,-33.9824],"tipVelocity":[13.4352,-102.559,-103.41],"tool":false,"touchDistance":-0.200061,"touchZone":"touching","type":4,"width":15.6452}],"r":[[0.995058,0.0947428,-0.0297307],[-0.0892818,0.984688,0.149728],[0.0434612,-0.146334,0.98828]],"s":1.09069,"t":[-3.89545,48.1469,-109.374],"timestamp":93613102759},false],[5,{"currentFrameRate":54.4412,"devices":[],"gestures":[],"hands":[{"armBasis":[[0.855452,-0.437469,-0.277168],[0.481942,0.868375,0.116865],[0.189561,-0.233551,0.953688]],"armWidth":62.0842,"confidence":0.505658,"direction":[0.0534805,0.651077,-0.757125],"elbow":[43.2383,126.73,297.735],"grabStrength":0,"id":487,"palmNormal":[-0.526397,-0.625924,-0.575435],"palmPosition":[-12.3335,222.979,6.88962],"palmVelocity":[-12.2769,-83.841,-135.769],"palmWidth":88.6541,"pinchStrength":0.813461,"r":[[0.994349,0.102018,-0.0293553],[-0.0968463,0.985011,0.14274],[0.0434774,-0.13909,0.989325]],"s":1.09363,"sphereCenter":[-25.1991,194.248,-40.2573],"sphereRadius":51.7174,"stabilizedPalmPosition":[-3.95746,240.42,63.4336],"t":[-4.09472,46.6236,-111.813],"timeVisible":0.415787,"type":"right","wrist":[-6.62934,188.17,46.8501]}],"id":1692513,"interactionBox":{"center":[0,200,0],"size":[235.247,235.247,147.751]},"pointables":[{"bases":[[[0.822716,0.514131,0.242503],[-0.468371,0.371346,0.801705],[0.322128,-0.773157,0.546317]],[[0.683604,0.727167,0.0625541],[-0.622358,0.536004,0.570412],[0.381256,-0.428867,0.818973]],[[0.683604,0.727167,0.0625541],[-0.680594,0.604168,0.414454],[0.263584,-0.325897,0.907918]],[[0.683604,0.727167,0.0625541],[-0.727123,0.671137,0.144455],[0.0630606,-0.144235,0.987532]]],"btipPosition":[-64.6536,226.311,-40.6024],"carpPosition":[-35.9165,191.338,51.909],"dipPosition":[-63.2156,223.022,-18.084],"direction":[-0.263584,0.325897,-0.907918],"extended":false,"handId":487,"id":4870,"length":50.7785,"mcpPosition":[-35.9165,191.338,51.909],"pipPosition":[-54.4593,212.196,12.0774],"stabilizedTipPosition":[-60.4678,247.56,2.80793],"timeVisible":0.415787,"tipPosition":[-65.3769,226.402,-34.8638],"tipVelocity":[-2.24032,-117.192,-143.694],"tool":false,"touchDistance":-0.378441,"touchZone":"hovering","type":0,"width":19.7302},{"bases":[[[0.845488,-0.313911,-0.431983],[0.50726,0.724902,0.466053],[0.166846,-0.61317,0.77213]],[[0.858432,-0.377302,-0.347473],[0.466429,0.856045,0.222781],[0.213397,-0.353314,0.910841]],[[0.858432,-0.377302,-0.347473],[0.443973,0.885816,0.134976],[0.256871,-0.270136,0.927924]],[[0.858432,-0.377302,-0.347473],[0.425026,0.902463,0.0700925],[0.287136,-0.207855,0.935066]]],"btipPosition":[-50.3837,275.241,-78.3448],"carpPosition":[-18.6621,206.677,52.5481],"dipPosition":[-45.6037,271.78,-62.7788],"direction":[-0.256871,0.270136,-0.927924],"extended":true,"handId":487,"id":4871,"length":57.2978,"mcpPosition":[-30.6217,250.629,-2.79894],"pipPosition":[-39.5544,265.419,-40.9263],"stabilizedTipPosition":[-38.3638,293.158,-27.8152],"timeVisible":0.415787,"tipPosition":[-49.694,272.554,-75.0849],"tipVelocity":[-13.3059,-99.7621,-152.673],"tool":false,"touchDistance":-0.493417,"touchZone":"hovering","type":1,"width":18.8462},{"bases":[[[0.76131,-0.512815,-0.396773],[0.646437,0.647757,0.403151],[0.0502708,-0.563411,0.824646]],[[0.760343,-0.503143,-0.410762],[0.298609,0.832392,-0.466857],[0.576811,0.232314,0.783147]],[[0.760343,-0.503143,-0.410762],[-0.149787,0.479534,-0.864645],[0.632015,0.718954,0.289246]],[[0.760343,-0.503143,-0.410762],[-0.375785,0.175055,-0.910023],[0.529777,0.846288,-0.0559719]]],"btipPosition":[-65.599,196.479,-52.0739],"carpPosition":[-7.88214,204.505,47.7511],"dipPosition":[-55.899,211.974,-53.0987],"direction":[-0.632015,-0.718953,-0.289246],"extended":false,"handId":487,"id":4872,"length":65.2863,"mcpPosition":[-11.2994,242.804,-8.30584],"pipPosition":[-38.3882,231.894,-45.0848],"stabilizedTipPosition":[-59.5257,217.271,-25.2834],"timeVisible":0.415787,"tipPosition":[-63.404,200.205,-52.5089],"tipVelocity":[-1.0556,-121.611,-131.428],"tool":false,"touchDistance":-0.385438,"touchZone":"touching","type":2,"width":18.5095},{"bases":[[[0.709498,-0.637498,-0.300349],[0.70045,0.591173,0.399855],[-0.0773483,-0.494076,0.865971]],[[0.710637,-0.629571,-0.314063],[0.337962,0.696981,-0.632455],[0.617071,0.343304,0.708071]],[[0.710637,-0.629571,-0.314063],[-0.152798,0.297633,-0.942373],[0.686766,0.717673,0.115311]],[[0.710637,-0.629571,-0.314063],[-0.383696,0.0273661,-0.923054],[0.589723,0.776461,-0.222116]]],"btipPosition":[-49.7012,181.12,-40.0253],"carpPosition":[1.71269,199.416,42.7196],"dipPosition":[-38.9657,195.255,-44.0688],"direction":[-0.686767,-0.717673,-0.115311],"extended":false,"handId":487,"id":4873,"length":62.7745,"mcpPosition":[6.43341,229.57,-10.1323],"pipPosition":[-20.4293,214.625,-40.9565],"stabilizedTipPosition":[-45.4576,196.107,-26.2774],"timeVisible":0.415787,"tipPosition":[-47.0364,185.373,-42.4876],"tipVelocity":[1.77068,-114.153,-120.873],"tool":false,"touchDistance":-0.244102,"touchZone":"touching","type":3,"width":17.613},{"bases":[[[0.570224,-0.779254,-0.260015],[0.792672,0.438834,0.423198],[-0.215675,-0.447424,0.867926]],[[0.532001,-0.836917,-0.128628],[0.554227,0.459022,-0.694356],[0.640161,0.298109,0.708043]],[[0.532001,-0.836917,-0.128628],[-0.00604697,0.14815,-0.988946],[0.846722,0.526898,0.0737552]],[[0.532001,-0.836917,-0.128628],[-0.293545,-0.0398023,-0.955116],[0.794233,0.545881,-0.266847]]],"btipPosition":[-31.7615,184.202,-33.6778],"carpPosition":[7.5824,188.402,36.6742],"dipPosition":[-18.4229,193.369,-38.1593],"direction":[-0.846722,-0.526898,-0.0737552],"extended":false,"handId":487,"id":4874,"length":49.214,"mcpPosition":[19.7673,213.68,-12.3607],"pipPosition":[-2.28721,203.41,-36.7538],"stabilizedTipPosition":[-25.5371,199.503,-14.5732],"timeVisible":0.415787,"tipPosition":[-28.3064,186.766,-36.1272],"tipVelocity":[-1.56089,-108.804,-111.15],"tool":false,"touchDistance":-0.236127,"touchZone":"touching","type":4,"width":15.6452}],"r":[[0.994349,0.102018,-0.0293553],[-0.0968463,0.985011,0.14274],[0.0434774,-0.13909,0.989325]],"s":1.09363,"t":[-4.09472,46.6236,-111.813],"timestamp":93613120838},false],[6,{"currentFrameRate":54.5205,"devices":[],"gestures":[],"hands":[{"armBasis":[[0.852967,-0.443906,-0.274581],[0.488278,0.864513,0.119172],[0.184478,-0.235722,0.954151]],"armWidth":62.0842,"confidence":0.516333,"direction":[0.0553451,0.644809,-0.762337],"elbow":[41.9962,125.562,296.56],"grabStrength":0,"id":487,"palmNormal":[-0.530034,-0.628074,-0.569725],"palmPosition":[-12.1377,222.09,5.32525],"palmVelocity":[-1.29884,-67.4008,-112.416],"palmWidth":88.6541,"pinchStrength":0.813854,"r":[[0.993832,0.10689,-0.0295331],[-0.101964,0.985502,0.135605],[0.0435998,-0.131757,0.990323]],"s":1.09883,"sphereCenter":[-25.5205,193.476,-41.3186],"sphereRadius":51.4503,"stabilizedPalmPosition":[-4.09455,240.113,62.4597],"t":[-4.09648,45.4174,-113.815],"timeVisible":0.433851,"type":"right","wrist":[-6.53411,187.573,45.5525]}],"id":1692514,"interactionBox":{"center":[0,200,0],"size":[235.247,235.247,147.751]},"pointables":[{"bases":[[[0.825372,0.512307,0.237281],[-0.465552,0.379803,0.799382],[0.319409,-0.770254,0.551984]],[[0.687314,0.724182,0.0562112],[-0.618358,0.542761,0.568369],[0.381093,-0.425407,0.820851]],[[0.687314,0.724182,0.0562112],[-0.677699,0.611497,0.408406],[0.261387,-0.318798,0.911068]],[[0.687314,0.724182,0.0562112],[-0.723865,0.67649,0.135579],[0.0601577,-0.133875,0.989171]]],"btipPosition":[-64.3895,225.247,-42.1181],"carpPosition":[-35.7994,190.913,50.6267],"dipPosition":[-63.0177,222.194,-19.5623],"direction":[-0.261387,0.318798,-0.911068],"extended":false,"handId":487,"id":4870,"length":50.7785,"mcpPosition":[-35.7994,190.913,50.6267],"pipPosition":[-54.3343,211.603,10.7037],"stabilizedTipPosition":[-60.7848,245.537,-0.685212],"timeVisible":0.433851,"tipPosition":[-65.1118,225.369,-36.4011],"tipVelocity":[5.36791,-88.0998,-115.07],"tool":false,"touchDistance":-0.391537,"touchZone":"touching","type":0,"width":19.7302},{"bases":[[[0.843448,-0.321148,-0.430649],[0.511188,0.726268,0.459588],[0.165171,-0.607782,0.776737]],[[0.856051,-0.382608,-0.347545],[0.471121,0.854169,0.220092],[0.212653,-0.352145,0.911467]],[[0.856051,-0.382608,-0.347545],[0.448446,0.884118,0.131269],[0.257046,-0.268228,0.928429]],[[0.856051,-0.382608,-0.347545],[0.429221,0.900819,0.0655305],[0.288002,-0.205271,0.935371]]],"btipPosition":[-50.064,274.219,-80.146],"carpPosition":[-18.4751,206.178,51.1203],"dipPosition":[-45.2697,270.802,-64.5749],"direction":[-0.257046,0.268228,-0.928429],"extended":true,"handId":487,"id":4871,"length":57.2978,"mcpPosition":[-30.3147,249.745,-4.55695],"pipPosition":[-39.2162,264.485,-42.7105],"stabilizedTipPosition":[-38.7909,292.363,-29.7796],"timeVisible":0.433851,"tipPosition":[-49.3464,271.583,-76.8811],"tipVelocity":[1.50605,-78.9713,-127.487],"tool":false,"touchDistance":-0.499409,"touchZone":"touching","type":1,"width":18.8462},{"bases":[[[0.758423,-0.519383,-0.393747],[0.649926,0.647999,0.397107],[0.0488967,-0.557081,0.829017]],[[0.757485,-0.509865,-0.407742],[0.301656,0.827232,-0.474016],[0.578982,0.236062,0.780419]],[[0.757485,-0.509865,-0.407742],[-0.14896,0.4731,-0.868324],[0.635631,0.71848,0.282417]],[[0.757485,-0.509865,-0.407742],[-0.376392,0.16924,-0.910871],[0.533428,0.843443,-0.0637123]]],"btipPosition":[-65.6043,195.353,-53.3374],"carpPosition":[-7.71187,203.92,46.3257],"dipPosition":[-55.8375,210.796,-54.5039],"direction":[-0.635631,-0.71848,-0.282417],"extended":false,"handId":487,"id":4872,"length":65.2863,"mcpPosition":[-11.0357,241.789,-10.0283],"pipPosition":[-38.2265,230.703,-46.6792],"stabilizedTipPosition":[-60.1091,214.475,-29.5944],"timeVisible":0.433851,"tipPosition":[-63.3933,199.067,-53.8077],"tipVelocity":[-0.289457,-93.7702,-103.083],"tool":false,"touchDistance":-0.394668,"touchZone":"touching","type":2,"width":18.5095},{"bases":[[[0.706185,-0.643062,-0.296266],[0.703679,0.591146,0.394186],[-0.0783493,-0.486844,0.869968]],[[0.707406,-0.63476,-0.310896],[0.315057,0.676926,-0.665214],[0.632705,0.372627,0.678847]],[[0.707406,-0.63476,-0.310896],[-0.186227,0.256931,-0.948317],[0.681833,0.728743,0.0635449]],[[0.707406,-0.63476,-0.310896],[-0.411476,-0.0122087,-0.911339],[0.574686,0.772613,-0.269825]]],"btipPosition":[-49.7738,178.505,-38.1294],"carpPosition":[1.85274,198.748,41.3215],"dipPosition":[-39.312,192.57,-43.0414],"direction":[-0.681833,-0.728743,-0.0635449],"extended":false,"handId":487,"id":4873,"length":62.7745,"mcpPosition":[6.63455,228.461,-11.7743],"pipPosition":[-20.9087,212.239,-41.3263],"stabilizedTipPosition":[-46.1257,191.081,-30.8188],"timeVisible":0.433851,"tipPosition":[-47.1265,183.028,-41.3295],"tipVelocity":[-2.63258,-129.104,-18.8647],"tool":false,"touchDistance":-0.217706,"touchZone":"touching","type":3,"width":17.613},{"bases":[[[0.56633,-0.783862,-0.254617],[0.795245,0.438581,0.418608],[-0.216461,-0.439553,0.871744]],[[0.527968,-0.84038,-0.122524],[0.556045,0.451112,-0.698077],[0.641922,0.300434,0.705461]],[[0.527968,-0.84038,-0.122524],[-0.00618419,0.140462,-0.990067],[0.849242,0.523481,0.0689626]],[[0.527968,-0.84038,-0.122524],[-0.294898,-0.0461199,-0.954415],[0.79642,0.540033,-0.272176]]],"btipPosition":[-31.7808,183.098,-34.9425],"carpPosition":[7.66408,187.661,35.3555],"dipPosition":[-18.4055,192.168,-39.5135],"direction":[-0.849242,-0.523481,-0.0689626],"extended":false,"handId":487,"id":4874,"length":49.214,"mcpPosition":[19.8934,212.494,-13.8951],"pipPosition":[-2.22177,202.143,-38.1993],"stabilizedTipPosition":[-26.