{"sensorType":"Leap","data":[[0,{"currentFrameRate":55.3385,"devices":[],"gestures":[{"center":[-19.7913,327.943,-97.6827],"duration":108731,"handIds":[487],"id":8,"normal":[-0.165484,0.0721325,0.983571],"pointableIds":[4871],"progress":1.08268,"radius":20.6781,"state":"update","type":"circle"}],"hands":[{"armBasis":[[0.99921,0.00372813,-0.0395654],[0.00838486,0.9534,0.301592],[0.0388461,-0.301686,0.952616]],"armWidth":62.0842,"confidence":0.564505,"direction":[0.00857993,0.762677,-0.646722],"elbow":[58.2508,141.374,281.79],"grabStrength":0,"id":487,"palmNormal":[-0.00451071,-0.64671,-0.762723],"palmPosition":[41.0373,258.214,-6.06568],"palmVelocity":[-26.1511,-22.2938,30.5242],"palmWidth":88.6541,"pinchStrength":0.260946,"r":[[0.786923,0.499511,0.36227],[-0.569181,0.814335,0.113541],[-0.238295,-0.295545,0.925132]],"s":1.35466,"sphereCenter":[12.0536,249.846,-44.7115],"sphereRadius":49.631,"stabilizedPalmPosition":[42.6217,258.848,-9.05476],"t":[49.5585,80.7538,-127.758],"timeVisible":7.47472,"type":"right","wrist":[48.0316,220.738,31.1868]}],"id":1692898,"interactionBox":{"center":[0,200,0],"size":[235.247,235.247,147.751]},"pointables":[{"bases":[[[0.408087,0.723451,0.556852],[-0.806087,-0.000813717,0.591796],[0.428589,-0.690375,0.582833]],[[0.345904,0.810746,0.472272],[-0.802587,-0.00505461,0.596513],[0.486008,-0.585376,0.648946]],[[0.345904,0.810746,0.472272],[-0.918843,0.3946,-0.00442261],[-0.189944,-0.432414,0.881442]],[[0.345904,0.810746,0.472272],[-0.929767,0.363793,0.0564642],[-0.126031,-0.458634,0.879643]]],"btipPosition":[5.72692,264.946,-55.6437],"carpPosition":[20.1806,211.653,25.2586],"dipPosition":[2.85307,254.488,-35.5854],"direction":[0.189944,0.432414,-0.881442],"extended":false,"handId":487,"id":4870,"length":50.7785,"mcpPosition":[20.1806,211.653,25.2586],"pipPosition":[-3.45693,240.123,-6.30366],"stabilizedTipPosition":[6.28241,263.252,-51.952],"timeVisible":7.47472,"tipPosition":[5.0439,262.908,-50.2158],"tipVelocity":[-40.7892,-30.1749,25.3677],"tool":false,"touchDistance":-0.0781351,"touchZone":"touching","type":0,"width":19.7302},{"bases":[[[0.987198,0.118728,-0.106507],[-0.01919,0.751321,0.659658],[0.158341,-0.64917,0.743981]],[[0.934527,0.247991,-0.255264],[-0.0457375,0.794991,0.604894],[0.352941,-0.553615,0.754283]],[[0.934527,0.247991,-0.255264],[-0.136322,0.911981,0.38692],[0.328749,-0.326789,0.886078]],[[0.934527,0.247991,-0.255264],[-0.20077,0.959581,0.197219],[0.293855,-0.133057,0.946544]]],"btipPosition":[-10.5439,311.469,-88.4638],"carpPosition":[28.2139,231.851,33.0635],"dipPosition":[-5.65205,309.254,-72.7067],"direction":[-0.328749,0.326789,-0.886078],"extended":true,"handId":487,"id":4871,"length":57.2978,"mcpPosition":[16.8639,278.384,-20.2657],"pipPosition":[2.08995,301.558,-51.8397],"stabilizedTipPosition":[-8.69494,312.32,-85.6058],"timeVisible":7.47472,"tipPosition":[-9.85307,312.097,-84.0749],"tipVelocity":[-32.278,-71.5958,16.2064],"tool":false,"touchDistance":-0.0679093,"touchZone":"touching","type":1,"width":18.8462},{"bases":[[[0.988224,-0.0999019,-0.115898],[0.151465,0.746142,0.648329],[0.0217073,-0.658249,0.752487]],[[0.987864,-0.0914486,-0.125543],[-0.00161999,0.802182,-0.597078],[0.15531,0.590035,0.792299]],[[0.987864,-0.0914486,-0.125543],[-0.154834,-0.516012,-0.842471],[0.0122613,0.851686,-0.523909]],[[0.987864,-0.0914486,-0.125543],[-0.129657,-0.930569,-0.34239],[-0.0855151,0.354512,-0.931133]]],"btipPosition":[32.264,221.826,-24.3297],"carpPosition":[39.8074,234.879,32.4665],"dipPosition":[30.6983,228.317,-41.3783],"direction":[-0.0122613,-0.851686,0.523909],"extended":false,"handId":487,"id":4872,"length":65.2863,"mcpPosition":[38.3318,279.624,-18.6852],"pipPosition":[31.038,251.914,-55.894],"stabilizedTipPosition":[33.6558,223.183,-30.856],"timeVisible":7.47472,"tipPosition":[31.9426,223.21,-27.9688],"tipVelocity":[-28.5735,-19.73,23.5387],"tool":false,"touchDistance":0.333333,"touchZone":"none","type":2,"width":18.5095},{"bases":[[[0.966399,-0.251641,-0.0524422],[0.222297,0.715734,0.662049],[-0.129064,-0.651461,0.747623]],[[0.966625,-0.25049,-0.0537622],[0.158582,0.749823,-0.642353],[0.201215,0.612389,0.764521]],[[0.966625,-0.25049,-0.0537622],[-0.189296,-0.556906,-0.808717],[0.172635,0.791903,-0.585736]],[[0.966625,-0.25049,-0.0537622],[-0.255038,-0.920921,-0.29472],[0.0243138,0.298596,-0.95407]]],"btipPosition":[45.7091,221.161,-14.6794],"carpPosition":[51.6936,234.869,31.0533],"dipPosition":[46.1517,226.596,-32.0476],"direction":[-0.172635,-0.791903,0.585736],"extended":false,"handId":487,"id":4873,"length":62.7745,"mcpPosition":[59.5707,274.629,-14.5756],"pipPosition":[50.8112,247.97,-47.8572],"stabilizedTipPosition":[47.3197,222.3,-21.374],"timeVisible":7.47472,"tipPosition":[45.8433,222.273,-18.4379],"tipVelocity":[-25.4816,-20.7181,26.2405],"tool":false,"touchDistance":0.333333,"touchZone":"none","type":3,"width":17.613},{"bases":[[[0.894863,-0.440127,-0.0742245],[0.357619,0.607496,0.709265],[-0.267076,-0.661239,0.701023]],[[0.90463,-0.413908,-0.101606],[0.280937,0.75839,-0.588149],[0.320497,0.503512,0.802345]],[[0.90463,-0.413908,-0.101606],[-0.29909,-0.446694,-0.843214],[0.303626,0.793186,-0.527889]],[[0.90463,-0.413908,-0.101606],[-0.421396,-0.832966,-0.358599],[0.0637924,0.367216,-0.927946]]],"btipPosition":[60.4091,227.04,-14.6059],"carpPosition":[63.2192,228.312,26.9975],"dipPosition":[61.4804,233.207,-30.1901],"direction":[-0.303626,-0.793186,0.527889],"extended":false,"handId":487,"id":4874,"length":49.214,"mcpPosition":[78.3081,265.67,-12.608],"pipPosition":[67.2665,248.323,-40.2499],"stabilizedTipPosition":[61.9576,228.382,-20.3958],"timeVisible":7.47472,"tipPosition":[60.4079,228.472,-17.9772],"tipVelocity":[-24.0698,-20.1306,19.8002],"tool":false,"touchDistance":0.333333,"touchZone":"none","type":4,"width":15.6452}],"r":[[0.786923,0.499511,0.36227],[-0.569181,0.814335,0.113541],[-0.238295,-0.295545,0.925132]],"s":1.35466,"t":[49.5585,80.7538,-127.758],"timestamp":93620179776},false],[1,{"currentFrameRate":55.3431,"devices":[],"gestures":[{"center":[-19.7913,327.943,-97.6827],"duration":108731,"handIds":[487],"id":8,"normal":[-0.165484,0.0721325,0.983571],"pointableIds":[4871],"progress":1.08268,"radius":20.6781,"state":"update","type":"circle"}],"hands":[{"armBasis":[[0.998989,0.00588182,-0.0445633],[0.00772522,0.954184,0.29912],[0.044281,-0.299161,0.953175]],"armWidth":62.0842,"confidence":0.584002,"direction":[0.00466862,0.759987,-0.649921],"elbow":[59.0454,141.361,282.809],"grabStrength":0,"id":487,"palmNormal":[-0.00619132,-0.649894,-0.76],"palmPosition":[40.1892,257.368,-5.32222],"palmVelocity":[-36.0394,-33.946,35.584],"palmWidth":88.6541,"pinchStrength":0.261656,"r":[[0.787326,0.500577,0.359917],[-0.570073,0.813398,0.115764],[-0.234807,-0.296323,0.925775]],"s":1.35207,"sphereCenter":[11.6683,248.517,-44.0074],"sphereRadius":49.3676,"stabilizedPalmPosition":[42.2991,258.652,-8.55974],"t":[48.8936,80.1214,-127.111],"timeVisible":7.49278,"type":"right","wrist":[47.3965,220.062,32.0591]}],"id":1692899,"interactionBox":{"center":[0,200,0],"size":[235.247,235.247,147.751]},"pointables":[{"bases":[[[0.408834,0.726534,0.552271],[-0.803823,0.000139334,0.594869],[0.432115,-0.687131,0.584061]],[[0.345799,0.813797,0.467074],[-0.801492,-0.00264839,0.598],[0.487888,-0.581143,0.651336]],[[0.345799,0.813797,0.467074],[-0.919235,0.393672,-0.00534935],[-0.188227,-0.427501,0.884202]],[[0.345799,0.813797,0.467074],[-0.931985,0.355585,0.0704504],[-0.108752,-0.459667,0.881407]]],"btipPosition":[4.54422,263.847,-54.8754],"carpPosition":[19.5404,210.899,26.2751],"dipPosition":[2.06437,253.366,-34.7768],"direction":[0.188227,0.427501,-0.884202],"extended":false,"handId":487,"id":4870,"length":50.7785,"mcpPosition":[19.5404,210.899,26.2751],"pipPosition":[-4.18859,239.164,-5.40335],"stabilizedTipPosition":[5.16708,262.375,-51.131],"timeVisible":7.49278,"tipPosition":[3.97984,261.784,-49.4337],"tipVelocity":[-50.144,-44.8961,33.7742],"tool":false,"touchDistance":-0.0651748,"touchZone":"touching","type":0,"width":19.7302},{"bases":[[[0.986558,0.120139,-0.11077],[-0.0181004,0.754029,0.656592],[0.162406,-0.645761,0.746067]],[[0.933737,0.247558,-0.258555],[-0.0481359,0.802576,0.594605],[0.354709,-0.542759,0.761311]],[[0.933737,0.247558,-0.258555],[-0.141268,0.918517,0.369282],[0.328906,-0.308287,0.892625]],[[0.933737,0.247558,-0.258555],[-0.20695,0.962687,0.174371],[0.292075,-0.109309,0.950128]]],"btipPosition":[-11.5322,309.233,-88.2198],"carpPosition":[27.5651,231.145,33.9651],"dipPosition":[-6.67004,307.413,-72.4031],"direction":[-0.328906,0.308287,-0.892625],"extended":true,"handId":487,"id":4871,"length":57.2978,"mcpPosition":[15.9236,277.433,-19.5137],"pipPosition":[1.07567,300.153,-51.3818],"stabilizedTipPosition":[-9.85192,309.96,-84.9167],"timeVisible":7.49278,"tipPosition":[-10.8667,310.083,-83.7601],"tipVelocity":[-43.1247,-94.0143,15.2892],"tool":false,"touchDistance":-0.064119,"touchZone":"touching","type":1,"width":18.8462},{"bases":[[[0.987963,-0.098526,-0.119255],[0.15252,0.749124,0.644633],[0.0258234,-0.655062,0.755134]],[[0.987545,-0.0900285,-0.129031],[-0.00514288,0.801196,-0.598379],[0.15725,0.59159,0.790755]],[[0.987545,-0.0900285,-0.129031],[-0.157083,-0.517888,-0.840902],[0.0088817,0.850698,-0.52558]],[[0.987545,-0.0900285,-0.129031],[-0.129255,-0.931829,-0.339098],[-0.0897062,0.351552,-0.93186]]],"btipPosition":[31.4065,220.931,-23.5328],"carpPosition":[39.1504,234.192,33.3113],"dipPosition":[29.764,227.368,-40.5947],"direction":[-0.0088817,-0.850698,0.52558],"extended":false,"handId":487,"id":4872,"length":65.2863,"mcpPosition":[37.395,278.721,-18.0204],"pipPosition":[30.0101,250.938,-55.1567],"stabilizedTipPosition":[33.449,223.122,-30.5884],"timeVisible":7.49278,"tipPosition":[31.0699,222.293,-27.14],"tipVelocity":[-38.0236,-34.2272,33.2409],"tool":false,"touchDistance":0.333333,"touchZone":"none","type":2,"width":18.5095},{"bases":[[[0.966667,-0.25004,-0.0550843],[0.223461,0.718906,0.658209],[-0.124978,-0.648578,0.750817]],[[0.9669,-0.248826,-0.0564892],[0.154787,0.747998,-0.645399],[0.202846,0.615292,0.761754]],[[0.9669,-0.248826,-0.0564892],[-0.191214,-0.560021,-0.80611],[0.168946,0.790229,-0.589063]],[[0.9669,-0.248826,-0.0564892],[-0.254363,-0.922521,-0.290266],[0.0201133,0.295027,-0.955277]]],"btipPosition":[44.9023,220.298,-13.8427],"carpPosition":[51.0312,234.199,31.8527],"dipPosition":[45.2684,225.669,-31.2329],"direction":[-0.168946,-0.790229,0.589063],"extended":false,"handId":487,"id":4873,"length":62.7745,"mcpPosition":[58.6588,273.783,-13.9711],"pipPosition":[49.8284,246.998,-47.1323],"stabilizedTipPosition":[47.1772,222.253,-21.1583],"timeVisible":7.49278,"tipPosition":[45.0176,221.396,-17.596],"tipVelocity":[-35.0631,-33.96,35.6527],"tool":false,"touchDistance":0.333333,"touchZone":"none","type":3,"width":17.613},{"bases":[[[0.895406,-0.438749,-0.0758081],[0.359167,0.611121,0.705358],[-0.263148,-0.65881,0.704786]],[[0.90525,-0.411943,-0.104046],[0.276386,0.75693,-0.592172],[0.322696,0.507307,0.799066]],[[0.90525,-0.411943,-0.104046],[-0.301734,-0.450896,-0.840029],[0.29913,0.791831,-0.532471]],[[0.90525,-0.411943,-0.104046],[-0.42083,-0.835596,-0.353103],[0.058518,0.363432,-0.929781]]],"btipPosition":[59.62,226.196,-13.8046],"carpPosition":[62.5536,227.646,27.7802],"dipPosition":[60.6028,232.3,-29.4197],"direction":[-0.29913,-0.791831,0.532471],"extended":false,"handId":487,"id":4874,"length":49.214,"mcpPosition":[77.4206,264.867,-12.0378],"pipPosition":[66.3032,247.389,-39.5668],"stabilizedTipPosition":[61.7851,228.318,-20.1507],"timeVisible":7.49278,"tipPosition":[59.5941,227.613,-17.1881],"tipVelocity":[-33.9286,-33.1592,31.2853],"tool":false,"touchDistance":0.333333,"touchZone":"none","type":4,"width":15.6452}],"r":[[0.787326,0.500577,0.359917],[-0.570073,0.813398,0.115764],[-0.234807,-0.296323,0.925775]],"s":1.35207,"t":[48.8936,80.1214,-127.111],"timestamp":93620197829},false],[2,{"currentFrameRate":55.3492,"devices":[],"gestures":[{"center":[-19.7913,327.943,-97.6827],"duration":108731,"handIds":[487],"id":8,"normal":[-0.165484,0.0721325,0.983571],"pointableIds":[4871],"progress":1.08268,"radius":20.6781,"state":"update","type":"circle"}],"hands":[{"armBasis":[[0.999013,0.00622445,-0.0439873],[0.00706863,0.955251,0.295712],[0.0438596,-0.295731,0.954264]],"armWidth":62.0842,"confidence":0.590613,"direction":[0.00110902,0.761354,-0.648335],"elbow":[58.2964,141.338,283.618],"grabStrength":0,"id":487,"palmNormal":[-0.00766696,-0.64831,-0.761338],"palmPosition":[39.3576,256.507,-4.69689],"palmVelocity":[-40.8063,-40.4767,35.1417],"palmWidth":88.6541,"pinchStrength":0.260084,"r":[[0.787712,0.501556,0.357703],[-0.570983,0.812397,0.118277],[-0.231274,-0.297411,0.926315]],"s":1.34997,"sphereCenter":[11.0494,247.558,-43.3858],"sphereRadius":49.2135,"stabilizedPalmPosition":[41.783,258.276,-7.88201],"t":[48.1453,79.3747,-126.476],"timeVisible":7.51082,"type":"right","wrist":[46.7584,219.135,32.581]}],"id":1692900,"interactionBox":{"center":[0,200,0],"size":[235.247,235.247,147.751]},"pointables":[{"bases":[[[0.409459,0.726091,0.55239],[-0.801774,-0.00251624,0.597622],[0.435318,-0.687594,0.581131]],[[0.344893,0.814715,0.466141],[-0.801012,-0.00342066,0.598639],[0.489315,-0.579851,0.651417]],[[0.344893,0.814715,0.466141],[-0.919844,0.392252,-0.00498866],[-0.186909,-0.427057,0.884696]],[[0.344893,0.814715,0.466141],[-0.934588,0.344169,0.0899579],[-0.0871413,-0.466676,0.880125]]],"btipPosition":[3.29645,262.966,-54.2682],"carpPosition":[18.8986,209.936,26.8734],"dipPosition":[1.30938,252.325,-34.1989],"direction":[0.186909,0.427057,-0.884696],"extended":false,"handId":487,"id":4870,"length":50.7785,"mcpPosition":[18.8986,209.936,26.8734],"pipPosition":[-4.89979,238.138,-4.80899],"stabilizedTipPosition":[3.92171,261.382,-50.3398],"timeVisible":7.51082,"tipPosition":[2.90219,260.868,-48.8097],"tipVelocity":[-56.1809,-47.723,33.5368],"tool":false,"touchDistance":-0.055167,"touchZone":"touching","type":0,"width":19.7302},{"bases":[[[0.98596,0.1221,-0.113902],[-0.0171616,0.752619,0.658233],[0.166095,-0.647037,0.744148]],[[0.932867,0.248962,-0.26034],[-0.0491628,0.803954,0.592656],[0.35685,-0.54007,0.762222]],[[0.932867,0.248962,-0.26034],[-0.144062,0.920258,0.363829],[0.33016,-0.301899,0.894344]],[[0.932867,0.248962,-0.26034],[-0.210695,0.963313,0.166239],[0.292176,-0.100227,0.951098]]],"btipPosition":[-12.5682,307.945,-87.5637],"carpPosition":[26.9143,230.179,34.5783],"dipPosition":[-7.70438,306.276,-71.7308],"direction":[-0.33016,0.301899,-0.894344],"extended":true,"handId":487,"id":4871,"length":57.2978,"mcpPosition":[15.0084,276.56,-18.7629],"pipPosition":[0.0708422,299.167,-50.6691],"stabilizedTipPosition":[-11.0493,308.162,-84.1713],"timeVisible":7.51082,"tipPosition":[-11.9036,308.844,-83.0995],"tipVelocity":[-49.8951,-82.3523,25.3864],"tool":false,"touchDistance":-0.0531221,"touchZone":"touching","type":1,"width":18.8462},{"bases":[[[0.987718,-0.0965435,-0.122851],[0.153425,0.748038,0.645678],[0.029561,-0.656596,0.753663]],[[0.987249,-0.0879742,-0.132667],[-0.0086153,0.802661,-0.596373],[0.158952,0.589911,0.791668]],[[0.987249,-0.0879742,-0.132667],[-0.159089,-0.516217,-0.841552],[0.00554995,0.851927,-0.523631]],[[0.987249,-0.0879742,-0.132667],[-0.128764,-0.931344,-0.340614],[-0.0935934,0.353353,-0.930796]]],"btipPosition":[30.5776,220.104,-22.9693],"carpPosition":[38.492,233.248,33.8912],"dipPosition":[28.8639,226.574,-40.0118],"direction":[-0.00554995,-0.851927,0.523631],"extended":false,"handId":487,"id":4872,"length":65.2863,"mcpPosition":[36.4825,277.882,-17.3405],"pipPosition":[29.0177,250.178,-54.5197],"stabilizedTipPosition":[33.1645,222.989,-30.2662],"timeVisible":7.51082,"tipPosition":[30.2245,221.471,-26.5731],"tipVelocity":[-42.2088,-39.5455,32.4019],"tool":false,"touchDistance":0.333333,"touchZone":"none","type":2,"width":18.5095},{"bases":[[[0.966908,-0.248229,-0.0589261],[0.224465,0.717917,0.658947],[-0.121265,-0.650368,0.749878]],[[0.967163,-0.246846,-0.0605199],[0.151357,0.750696,-0.643076],[0.204173,0.6128,0.763407]],[[0.967163,-0.246846,-0.0605199],[-0.192765,-0.557253,-0.807657],[0.165642,0.792803,-0.586538]],[[0.967163,-0.246846,-0.0605199],[-0.253627,-0.922033,-0.292452],[0.0163891,0.298198,-0.954363]]],"btipPosition":[44.1114,219.469,-13.403],"carpPosition":[50.3676,233.279,32.3919],"dipPosition":[44.4097,224.897,-30.7765],"direction":[-0.165642,-0.792803,0.586538],"extended":false,"handId":487,"id":4873,"length":62.7745,"mcpPosition":[57.7687,272.972,-13.3746],"pipPosition":[48.8805,246.296,-46.6077],"stabilizedTipPosition":[46.9616,222.143,-20.8879],"timeVisible":7.51082,"tipPosition":[44.2086,220.583,-17.1285],"tipVelocity":[-39.6329,-39.2998,30.3976],"tool":false,"touchDistance":0.333333,"touchZone":"none","type":3,"width":17.613},{"bases":[[[0.895905,-0.437019,-0.0798016],[0.36052,0.610271,0.705404],[-0.259574,-0.660745,0.704299]],[[0.905892,-0.409264,-0.108917],[0.271899,0.759208,-0.591332],[0.324702,0.506069,0.799039]],[[0.905892,-0.409264,-0.108917],[-0.304243,-0.449987,-0.839611],[0.294612,0.793734,-0.532156]],[[0.905892,-0.409264,-0.108917],[-0.420145,-0.836117,-0.352683],[0.0532733,0.365254,-0.929382]]],"btipPosition":[58.8571,225.39,-13.303],"carpPosition":[61.8875,226.755,28.2661],"dipPosition":[59.7518,231.524,-28.9113],"direction":[-0.294612,-0.793734,0.532156],"extended":false,"handId":487,"id":4874,"length":49.214,"mcpPosition":[76.5525,264.085,-11.5244],"pipPosition":[65.3661,246.65,-39.0525],"stabilizedTipPosition":[61.5424,228.183,-19.8602],"timeVisible":7.51082,"tipPosition":[58.8038,226.812,-16.6932],"tipVelocity":[-38.4244,-38.4283,29.6697],"tool":false,"touchDistance":0.333333,"touchZone":"none","type":4,"width":15.6452}],"r":[[0.787712,0.501556,0.357703],[-0.570983,0.812397,0.118277],[-0.231274,-0.297411,0.926315]],"s":1.34997,"t":[48.1453,79.3747,-126.476],"timestamp":93620215875},false],[3,{"currentFrameRate":55.3323,"devices":[],"gestures":[{"center":[-19.7913,327.943,-97.6827],"duration":108731,"handIds":[487],"id":8,"normal":[-0.165484,0.0721325,0.983571],"pointableIds":[4871],"progress":1.08268,"radius":20.6781,"state":"update","type":"circle"}],"hands":[{"armBasis":[[0.998966,0.0077635,-0.0447985],[0.00588834,0.954924,0.296791],[0.0450833,-0.296748,0.953891]],"armWidth":62.0842,"confidence":0.606057,"direction":[-0.000993294,0.76279,-0.646646],"elbow":[57.9467,140,284.2],"grabStrength":0,"id":487,"palmNormal":[-0.00760888,-0.646633,-0.762763],"palmPosition":[38.5756,255.507,-3.92409],"palmVelocity":[-41.9135,-47.459,38.7046],"palmWidth":88.6541,"pinchStrength":0.259445,"r":[[0.787944,0.50244,0.355946],[-0.571938,0.811353,0.120801],[-0.228103,-0.298763,0.926666]],"s":1.34825,"sphereCenter":[10.5563,246.482,-42.6699],"sphereRadius":49.0652,"stabilizedPalmPosition":[41.1217,257.705,-7.06601],"t":[47.3802,78.5016,-125.771],"timeVisible":7.52895,"type":"right","wrist":[46.0867,218.065,33.261]}],"id":1692901,"interactionBox":{"center":[0,200,0],"size":[235.247,235.247,147.751]},"pointables":[{"bases":[[[0.408997,0.725536,0.55346],[-0.80098,-0.00515622,0.598669],[0.43721,-0.688164,0.579031]],[[0.342789,0.81588,0.465656],[-0.80148,-0.00456613,0.598004],[0.490026,-0.578203,0.652347]],[[0.342789,0.81588,0.465656],[-0.920791,0.390016,-0.00551827],[-0.186115,-0.42688,0.884949]],[[0.342789,0.81588,0.465656],[-0.936732,0.334284,0.103865],[-0.0709197,-0.471798,0.87885]]],"btipPosition":[2.20158,261.894,-53.5964],"carpPosition":[18.2346,208.833,27.5697],"dipPosition":[0.584415,251.136,-33.5562],"direction":[0.186115,0.42688,-0.884949],"extended":false,"handId":487,"id":4870,"length":50.7785,"mcpPosition":[18.2346,208.833,27.5697],"pipPosition":[-5.5984,236.955,-4.1579],"stabilizedTipPosition":[2.73494,260.269,-49.5725],"timeVisible":7.52895,"tipPosition":[1.95101,259.791,-48.1346],"tipVelocity":[-55.949,-53.8662,35.0348],"tool":false,"touchDistance":-0.0440822,"touchZone":"touching","type":0,"width":19.7302},{"bases":[[[0.985608,0.12397,-0.114928],[-0.0175265,0.751129,0.659923],[0.168136,-0.648411,0.742492]],[[0.932527,0.25037,-0.260207],[-0.0513005,0.805144,0.590856],[0.357436,-0.537641,0.763663]],[[0.932527,0.25037,-0.260207],[-0.147456,0.921808,0.358507],[0.32962,-0.295948,0.89653]],[[0.932527,0.25037,-0.260207],[-0.214609,0.963795,0.158244],[0.290406,-0.0917245,0.952497]]],"btipPosition":[-13.384,306.553,-86.8495],"carpPosition":[26.2272,229.072,35.309],"dipPosition":[-8.54958,305.026,-70.9933],"direction":[-0.32962,0.295948,-0.89653],"extended":true,"handId":487,"id":4871,"length":57.2978,"mcpPosition":[14.175,275.551,-17.9135],"pipPosition":[-0.787062,298.056,-49.8801],"stabilizedTipPosition":[-12.0193,306.607,-83.4028],"timeVisible":7.52895,"tipPosition":[-12.7297,307.504,-82.3763],"tipVelocity":[-47.7374,-78.8399,32.1979],"tool":false,"touchDistance":-0.0411286,"touchZone":"touching","type":1,"width":18.8462},{"bases":[[[0.987712,-0.0946499,-0.124363],[0.15305,0.746856,0.647133],[0.0316305,-0.658215,0.752165]],[[0.987212,-0.086,-0.134228],[-0.0106884,0.804401,-0.593991],[0.159056,0.587829,0.793195]],[[0.987212,-0.086,-0.134228],[-0.159377,-0.51413,-0.842775],[0.00346792,0.85339,-0.521262]],[[0.987212,-0.086,-0.134228],[-0.127676,-0.930727,-0.342705],[-0.0954569,0.35546,-0.929804]]],"btipPosition":[29.8308,219.146,-22.3007],"carpPosition":[37.799,232.162,34.6134],"dipPosition":[28.083,225.654,-39.325],"direction":[-0.00346792,-0.85339,0.521262],"extended":false,"handId":487,"id":4872,"length":65.2863,"mcpPosition":[35.6488,276.905,-16.5165],"pipPosition":[28.1791,249.299,-53.7673],"stabilizedTipPosition":[32.815,222.769,-29.8873],"timeVisible":7.52895,"tipPosition":[29.4695,220.519,-25.8959],"tipVelocity":[-41.9291,-45.6379,34.6413],"tool":false,"touchDistance":0.333333,"touchZone":"none","type":2,"width":18.5095},{"bases":[[[0.967234,-0.24651,-0.060748],[0.224157,0.716822,0.660242],[-0.119211,-0.652226,0.748592]],[[0.967491,-0.245094,-0.0623725],[0.149227,0.75235,-0.641639],[0.204188,0.611473,0.764466]],[[0.967491,-0.245094,-0.0623725],[-0.192926,-0.555774,-0.808638],[0.163527,0.794383,-0.584991]],[[0.967491,-0.245094,-0.0623725],[-0.252484,-0.921791,-0.294201],[0.0146125,0.300385,-0.953706]]],"btipPosition":[43.3796,218.494,-12.7177],"carpPosition":[49.6726,232.215,33.0986],"dipPosition":[43.6457,223.962,-30.0793],"direction":[-0.163527,-0.794383,0.584991],"extended":false,"handId":487,"id":4873,"length":62.7745,"mcpPosition":[56.9482,272.022,-12.5895],"pipPosition":[48.0594,245.403,-45.8687],"stabilizedTipPosition":[46.6794,221.951,-20.5531],"timeVisible":7.52895,"tipPosition":[43.4694,219.618,-16.443],"tipVelocity":[-40.1736,-45.9533,33.9942],"tool":false,"touchDistance":0.333333,"touchZone":"none","type":3,"width":17.613},{"bases":[[[0.896514,-0.43537,-0.0819488],[0.36045,0.609297,0.706281],[-0.257562,-0.662729,0.703172]],[[0.906716,-0.406606,-0.11197],[0.268775,0.761706,-0.589546],[0.325001,0.504456,0.799936]],[[0.906716,-0.406606,-0.11197],[-0.304951,-0.448702,-0.840042],[0.291325,0.795825,-0.530841]],[[0.906716,-0.406606,-0.11197],[-0.418762,-0.8365,-0.353422],[0.0500407,0.367342,-0.928739]]],"btipPosition":[58.1602,224.447,-12.6291],"carpPosition":[61.1976,225.72,28.9432],"dipPosition":[59.0006,230.616,-28.2266],"direction":[-0.291325,-0.795825,0.530841],"extended":false,"handId":487,"id":4874,"length":49.214,"mcpPosition":[75.749,263.162,-10.7837],"pipPosition":[64.5523,245.782,-38.3427],"stabilizedTipPosition":[61.2432,227.966,-19.5185],"timeVisible":7.52895,"tipPosition":[58.0865,225.875,-16.0207],"tipVelocity":[-38.7583,-44.683,33.307],"tool":false,"touchDistance":0.333333,"touchZone":"none","type":4,"width":15.6452}],"r":[[0.787944,0.50244,0.355946],[-0.571938,0.811353,0.120801],[-0.228103,-0.298763,0.926666]],"s":1.34825,"t":[47.3802,78.5016,-125.771],"timestamp":93620234006},false],[4,{"currentFrameRate":55.3359,"devices":[],"gestures":[{"center":[-19.7913,327.943,-97.6827],"duration":108731,"handIds":[487],"id":8,"normal":[-0.165484,0.0721325,0.983571],"pointableIds":[4871],"progress":1.08268,"radius":20.6781,"state":"update","type":"circle"}],"hands":[{"armBasis":[[0.998853,0.0112,-0.0465432],[0.00311998,0.954949,0.296753],[0.04777,-0.296558,0.953819]],"armWidth":62.0842,"confidence":0.591488,"direction":[-0.00486061,0.765143,-0.643843],"elbow":[58.0925,139.324,284.518],"grabStrength":0,"id":487,"palmNormal":[-0.00682096,-0.643861,-0.765112],"palmPosition":[37.8145,254.891,-3.43501],"palmVelocity":[-42.0244,-41.1194,33.1855],"palmWidth":88.6541,"pinchStrength":0.259964,"r":[[0.787911,0.503435,0.354612],[-0.573209,0.810029,0.123631],[-0.225006,-0.300677,0.926804]],"s":1.34672,"sphereCenter":[10.1271,245.777,-42.2604],"sphereRadius":48.9069,"stabilizedPalmPosition":[40.3565,257.054,-6.22587],"t":[46.6171,77.757,-125.174],"timeVisible":7.54701,"type":"right","wrist":[45.5257,217.34,33.5984]}],"id":1692902,"interactionBox":{"center":[0,200,0],"size":[235.247,235.247,147.751]},"pointables":[{"bases":[[[0.407536,0.72492,0.555343],[-0.799818,-0.0101232,0.600157],[0.440687,-0.688759,0.575679]],[[0.339788,0.816593,0.466604],[-0.801021,-0.00871794,0.598573],[0.492859,-0.577148,0.651146]],[[0.339788,0.816593,0.466604],[-0.922483,0.386018,-0.0037949],[-0.183216,-0.429145,0.884458]],[[0.339788,0.816593,0.466604],[-0.938756,0.32469,0.115385],[-0.0572788,-0.477234,0.876908]]],"btipPosition":[1.11677,261.241,-53.1213],"carpPosition":[17.6949,208.032,27.9258],"dipPosition":[-0.189342,250.359,-33.1254],"direction":[0.183216,0.429145,-0.884458],"extended":false,"handId":487,"id":4870,"length":50.7785,"mcpPosition":[17.6949,208.032,27.9258],"pipPosition":[-6.27585,236.102,-3.74338],"stabilizedTipPosition":[1.60612,259.368,-48.9546],"timeVisible":7.54701,"tipPosition":[0.988655,259.118,-47.6803],"tipVelocity":[-56.0248,-46.214,30.623],"tool":false,"touchDistance":-0.0363337,"touchZone":"touching","type":0,"width":19.7302},{"bases":[[[0.984953,0.127806,-0.116332],[-0.0188711,0.748644,0.662703],[0.171789,-0.650536,0.739791]],[[0.931648,0.253729,-0.260104],[-0.0546862,0.805579,0.589959],[0.359224,-0.53541,0.764391]],[[0.931648,0.253729,-0.260104],[-0.152427,0.922696,0.354115],[0.329846,-0.290264,0.898303]],[[0.931648,0.253729,-0.260104],[-0.220237,0.963658,0.151191],[0.289013,-0.0835718,0.95367]]],"btipPosition":[-14.2978,305.54,-86.3325],"carpPosition":[25.6322,228.27,35.7241],"dipPosition":[-9.48661,304.149,-70.4568],"direction":[-0.329846,0.290264,-0.898303],"extended":true,"handId":487,"id":4871,"length":57.2978,"mcpPosition":[13.3182,274.901,-17.3048],"pipPosition":[-1.71876,297.313,-49.3018],"stabilizedTipPosition":[-12.9808,305.469,-82.8107],"timeVisible":7.54701,"tipPosition":[-13.6598,306.544,-81.8454],"tipVelocity":[-49.2386,-67.2071,30.6195],"tool":false,"touchDistance":-0.032438,"touchZone":"touching","type":1,"width":18.8462},{"bases":[[[0.987796,-0.0907699,-0.126573],[0.151695,0.745009,0.649577],[0.0353363,-0.660849,0.749686]],[[0.987236,-0.0819474,-0.136561],[-0.0144918,0.807683,-0.589438],[0.158601,0.583894,0.796187]],[[0.987236,-0.0819474,-0.136561],[-0.159261,-0.51009,-0.845248],[-0.000392693,0.856208,-0.516631]],[[0.987236,-0.0819474,-0.136561],[-0.125124,-0.929583,-0.346728],[-0.0985316,0.359389,-0.927971]]],"btipPosition":[29.1563,218.601,-22.03],"carpPosition":[37.1918,231.402,35.018],"dipPosition":[27.3523,225.181,-39.0207],"direction":[0.000392693,-0.856208,0.516631],"extended":false,"handId":487,"id":4872,"length":65.2863,"mcpPosition":[34.7898,276.325,-15.9434],"pipPosition":[27.3414,248.903,-53.3347],"stabilizedTipPosition":[32.402,222.5,-29.4869],"timeVisible":7.54701,"tipPosition":[28.783,219.981,-25.5938],"tipVelocity":[-40.093,-37.8754,25.5137],"tool":false,"touchDistance":0.333333,"touchZone":"none","type":2,"width":18.5095},{"bases":[[[0.967964,-0.242932,-0.0634764],[0.22293,0.715174,0.662441],[-0.115531,-0.65537,0.74642]],[[0.968224,-0.241444,-0.0651697],[0.145342,0.755324,-0.639031],[0.203515,0.609254,0.766415]],[[0.968224,-0.241444,-0.0651697],[-0.192527,-0.553316,-0.810417],[0.159611,0.797212,-0.582218]],[[0.968224,-0.241444,-0.0651697],[-0.249811,-0.92154,-0.29725],[0.0117129,0.304085,-0.952573]]],"btipPosition":[42.7326,217.926,-12.383],"carpPosition":[49.0623,231.503,33.481],"dipPosition":[42.9458,223.462,-29.7239],"direction":[-0.159611,-0.797212,0.582218],"extended":false,"handId":487,"id":4873,"length":62.7745,"mcpPosition":[56.1134,271.501,-12.0745],"pipPosition":[47.2538,244.979,-45.4385],"stabilizedTipPosition":[46.3372,221.709,-20.1859],"timeVisible":7.54701,"tipPosition":[42.8097,219.067,-16.1041],"tipVelocity":[-38.431,-38.6577,26.7772],"tool":false,"touchDistance":0.333333,"touchZone":"none","type":3,"width":17.613},{"bases":[[[0.897858,-0.431957,-0.0852358],[0.359681,0.607954,0.707828],[-0.253932,-0.666187,0.701223]],[[0.908216,-0.402049,-0.116187],[0.263713,0.765375,-0.587074],[0.32496,0.50255,0.801152]],[[0.908216,-0.402049,-0.116187],[-0.305464,-0.447075,-0.840723],[0.286068,0.799049,-0.528853]],[[0.908216,-0.402049,-0.116187],[-0.416031,-0.837244,-0.354882],[0.0454031,0.370647,-0.927663]]],"btipPosition":[57.5387,223.934,-12.2799],"carpPosition":[60.6018,225.062,29.2801],"dipPosition":[58.3013,230.159,-27.8593],"direction":[-0.286068,-0.799049,0.528853],"extended":false,"handId":487,"id":4874,"length":49.214,"mcpPosition":[74.9481,262.699,-10.3366],"pipPosition":[63.7528,245.386,-37.9375],"stabilizedTipPosition":[60.8994,227.712,-19.1623],"timeVisible":7.54701,"tipPosition":[57.4388,225.372,-15.6769],"tipVelocity":[-37.1652,-36.6289,26.7826],"tool":false,"touchDistance":0.333333,"touchZone":"none","type":4,"width":15.6452}],"r":[[0.787911,0.503435,0.354612],[-0.573209,0.810029,0.123631],[-0.225006,-0.300677,0.926804]],"s":1.34672,"t":[46.6171,77.757,-125.174],"timestamp":93620252065},false],[5,{"currentFrameRate":55.3405,"devices":[],"gestures":[{"center":[-19.7913,327.943,-97.6827],"duration":108731,"handIds":[487],"id":8,"normal":[-0.165484,0.0721325,0.983571],"pointableIds":[4871],"progress":1.08268,"radius":20.6781,"state":"stop","type":"circle"}],"hands":[{"armBasis":[[0.998825,0.0126723,-0.0467757],[0.00164959,0.955756,0.294155],[0.0484338,-0.293887,0.954612]],"armWidth":62.0842,"confidence":0.55861,"direction":[-0.00797497,0.768191,-0.640171],"elbow":[57.8021,139.342,284.839],"grabStrength":0,"id":487,"palmNormal":[-0.00716463,-0.640218,-0.76816],"palmPosition":[37.1843,254.365,-3.12608],"palmVelocity":[-38.6428,-35.4327,25.5538],"palmWidth":88.6541,"pinchStrength":0.25996,"r":[[0.787822,0.504235,0.35367],[-0.574511,0.808595,0.126928],[-0.221974,-0.303184,0.926718]],"s":1.34519,"sphereCenter":[9.87027,245.206,-42.0582],"sphereRadius":48.7307,"stabilizedPalmPosition":[39.5393,256.361,-5.4273],"t":[45.9204,77.1216,-124.722],"timeVisible":7.56507,"type":"right","wrist":[45.0607,216.654,33.7102]}],"id":1692903,"interactionBox":{"center":[0,200,0],"size":[235.247,235.247,147.751]},"pointables":[{"bases":[[[0.407226,0.723147,0.557875],[-0.798431,-0.0147222,0.601906],[0.44348,-0.690537,0.571388]],[[0.338633,0.815615,0.469147],[-0.799943,-0.0129618,0.599936],[0.495398,-0.578449,0.648056]],[[0.338633,0.815615,0.469147],[-0.923384,0.383878,-0.000870741],[-0.180805,-0.432908,0.883119]],[[0.338633,0.815615,0.469147],[-0.939666,0.318861,0.123913],[-0.0485275,-0.482803,0.874383]]],"btipPosition":[0.255998,260.837,-52.7387],"carpPosition":[17.2373,207.313,28.0561],"dipPosition":[-0.850565,249.828,-32.8004],"direction":[0.180805,0.432908,-0.883119],"extended":false,"handId":487,"id":4870,"length":50.7785,"mcpPosition":[17.2373,207.313,28.0561],"pipPosition":[-6.85697,235.447,-3.46285],"stabilizedTipPosition":[0.649801,258.735,-48.4768],"timeVisible":7.56507,"tipPosition":[0.195656,258.679,-47.3302],"tipVelocity":[-50.8549,-35.6495,25.7963],"tool":false,"touchDistance":-0.0301782,"touchZone":"touching","type":0,"width":19.7302},{"bases":[[[0.984408,0.130498,-0.117945],[-0.0189861,0.745433,0.66631],[0.174872,-0.653682,0.736288]],[[0.93108,0.256021,-0.259892],[-0.0572311,0.806078,0.589036],[0.360299,-0.533566,0.765175]],[[0.93108,0.256021,-0.259892],[-0.156506,0.923822,0.349368],[0.32954,-0.284615,0.900221]],[[0.93108,0.256021,-0.259892],[-0.22492,0.963738,0.143594],[0.287231,-0.075243,0.954901]]],"btipPosition":[-15.0106,304.678,-85.971],"carpPosition":[25.1485,227.531,35.933],"dipPosition":[-10.2291,303.425,-70.0748],"direction":[-0.32954,0.284615,-0.900221],"extended":true,"handId":487,"id":4871,"length":57.2978,"mcpPosition":[12.6135,274.388,-16.8449],"pipPosition":[-2.46846,296.723,-48.8747],"stabilizedTipPosition":[-13.7539,304.572,-82.3986],"timeVisible":7.56507,"tipPosition":[-14.3931,305.749,-81.4591],"tipVelocity":[-44.7863,-57.1384,25.7122],"tool":false,"touchDistance":-0.0263346,"touchZone":"touching","type":1,"width":18.8462},{"bases":[[[0.9877,-0.0880192,-0.129235],[0.151557,0.742231,0.652781],[0.0384651,-0.664338,0.746442]],[[0.987092,-0.0790599,-0.139281],[-0.0175856,0.8109,-0.584921],[0.159187,0.57982,0.799042]],[[0.987092,-0.0790599,-0.139281],[-0.160118,-0.505825,-0.847646],[-0.003437,0.859006,-0.511954]],[[0.987092,-0.0790599,-0.139281],[-0.123887,-0.928071,-0.351193],[-0.101497,0.363915,-0.925886]]],"btipPosition":[28.5627,218.158,-21.9136],"carpPosition":[36.6997,230.692,35.2157],"dipPosition":[26.7043,224.821,-38.8662],"direction":[0.003437,-0.859006,0.511954],"extended":false,"handId":487,"id":4872,"length":65.2863,"mcpPosition":[34.085,275.851,-15.5251],"pipPosition":[26.6091,248.621,-53.0506],"stabilizedTipPosition":[31.925,222.186,-29.0761],"timeVisible":7.56507,"tipPosition":[28.1766,219.555,-25.4647],"tipVelocity":[-36.9979,-31.0256,16.6917],"tool":false,"touchDistance":0.333333,"touchZone":"none","type":2,"width":18.5095},{"bases":[[[0.968341,-0.240523,-0.0668207],[0.222885,0.71249,0.665342],[-0.112421,-0.659171,0.743542]],[[0.968596,-0.239011,-0.0685253],[0.142235,0.758681,-0.635745],[0.203939,0.606033,0.768851]],[[0.968596,-0.239011,-0.0685253],[-0.193174,-0.549863,-0.81261],[0.156543,0.800328,-0.578766]],[[0.968596,-0.239011,-0.0685253],[-0.248482,-0.920656,-0.301079],[0.00887302,0.308651,-0.951134]]],"btipPosition":[42.1629,217.453,-12.2614],"carpPosition":[48.5664,230.825,33.6524],"dipPosition":[42.3244,223.072,-29.5762],"direction":[-0.156543,-0.800328,0.578766],"extended":false,"handId":487,"id":4873,"length":62.7745,"mcpPosition":[55.4277,271.056,-11.7274],"pipPosition":[46.5497,244.674,-45.1975],"stabilizedTipPosition":[45.9298,221.417,-19.7977],"timeVisible":7.56507,"tipPosition":[42.2286,218.613,-15.9783],"tipVelocity":[-35.4785,-32.2255,17.4195],"tool":false,"touchDistance":0.333333,"touchZone":"none","type":3,"width":17.613},{"bases":[[[0.898594,-0.429594,-0.0893237],[0.359971,0.605353,0.709908],[-0.2509,-0.670073,0.698607]],[[0.909104,-0.398577,-0.121102],[0.25954,0.769341,-0.583741],[0.325835,0.49925,0.802858]],[[0.909104,-0.398577,-0.121102],[-0.306802,-0.443984,-0.841873],[0.281784,0.802505,-0.525912]],[[0.909104,-0.398577,-0.121102],[-0.414541,-0.836963,-0.35728],[0.0410456,0.375007,-0.926113]]],"btipPosition":[57.0006,223.496,-12.1583],"carpPosition":[60.1103,224.43,29.3948],"dipPosition":[57.6899,229.794,-27.7117],"direction":[-0.281784,-0.802505,0.525912],"extended":false,"handId":487,"id":4874,"length":49.214,"mcpPosition":[74.2853,262.287,-10.0742],"pipPosition":[63.0598,245.087,-37.7338],"stabilizedTipPosition":[60.5058,227.421,-18.8017],"timeVisible":7.56507,"tipPosition":[56.8767,224.949,-15.556],"tipVelocity":[-34.115,-30.3146,17.4219],"tool":false,"touchDistance":0.333333,"touchZone":"none","type":4,"width":15.6452}],"r":[[0.787822,0.504235,0.35367],[-0.574511,0.808595,0.126928],[-0.221974,-0.303184,0.926718]],"s":1.34519,"t":[45.9204,77.1216,-124.722],"timestamp":93620270119},false],[6,{"currentFrameRate":55.3204,"devices":[],"gestures":[],"hands":[{"armBasis":[[0.998745,0.0104373,-0.0489777],[0.00436375,0.956179,0.292751],[0.049887,-0.292597,0.954934]],"armWidth":62.0842,"confidence":0.559597,"direction":[-0.00958087,0.771138,-0.636596],"elbow":[57.7913,138.924,284.782],"grabStrength":0,"id":487,"palmNormal":[-0.0115539,-0.636669,-0.771051],"palmPosition":[36.6886,253.79,-3.05859],"palmVelocity":[-33.2464,-33.6659,15.1495],"palmWidth":88.6541,"pinchStrength":0.2608,"r":[[0.788218,0.504307,0.352685],[-0.575177,0.807502,0.130814],[-0.218823,-0.305967,0.926553]],"s":1.34348,"sphereCenter":[9.64657,244.665,-42.063],"sphereRadius":48.549,"stabilizedPalmPosition":[38.6933,255.598,-4.72433],"t":[45.3243,76.5161,-124.461],"timeVisible":7.58321,"type":"right","wrist":[44.6676,215.897,33.5691]}],"id":1692904,"interactionBox":{"center":[0,200,0],"size":[235.247,235.247,147.751]},"pointables":[{"bases":[[[0.410817,0.71994,0.559388],[-0.795797,-0.0162465,0.605345],[0.444901,-0.693846,0.566252]],[[0.341635,0.813323,0.470947],[-0.797635,-0.0141026,0.602976],[0.497056,-0.581641,0.643917]],[[0.341635,0.813323,0.470947],[-0.922783,0.3853,0.00399533],[-0.178206,-0.435947,0.882152]],[[0.341635,0.813323,0.470947],[-0.938883,0.317866,0.132132],[-0.042232,-0.487306,0.87221]]],"btipPosition":[-0.486949,260.509,-52.5169],"carpPosition":[16.8048,206.626,27.9949],"dipPosition":[-1.44996,249.397,-32.6281],"direction":[0.178206,0.435947,-0.882152],"extended":false,"handId":487,"id":4870,"length":50.7785,"mcpPosition":[16.8048,206.626,27.9949],"pipPosition":[-7.37003,234.915,-3.32272],"stabilizedTipPosition":[-0.171629,258.262,-48.1537],"timeVisible":7.58321,"tipPosition":[-0.508104,258.325,-47.1318],"tipVelocity":[-45.2647,-27.9099,19.0299],"tool":false,"touchDistance":-0.0266711,"touchZone":"touching","type":0,"width":19.7302},{"bases":[[[0.984084,0.129507,-0.121682],[-0.0148788,0.742391,0.669802],[0.17708,-0.657331,0.732502]],[[0.930893,0.254809,-0.261745],[-0.0555977,0.80702,0.587902],[0.361036,-0.532721,0.765416]],[[0.930893,0.254809,-0.261745],[-0.156205,0.925391,0.345328],[0.330209,-0.280578,0.901242]],[[0.930893,0.254809,-0.261745],[-0.225342,0.964523,0.137538],[0.287505,-0.0690515,0.955287]]],"btipPosition":[-15.586,303.97,-85.7436],"carpPosition":[24.7825,226.795,35.9295],"dipPosition":[-10.7999,302.82,-69.841],"direction":[-0.330209,0.280578,-0.901242],"extended":true,"handId":487,"id":4871,"length":57.2978,"mcpPosition":[12.0892,273.913,-16.5769],"pipPosition":[-3.02355,296.213,-48.6168],"stabilizedTipPosition":[-14.3539,303.861,-82.1422],"timeVisible":7.58321,"tipPosition":[-14.9704,305.092,-81.2141],"tipVelocity":[-38.5278,-47.8836,19.4706],"tool":false,"touchDistance":-0.0225199,"touchZone":"touching","type":1,"width":18.8462},{"bases":[[[0.986982,-0.0889611,-0.13399],[0.155598,0.738986,0.655507],[0.040702,-0.667821,0.743208]],[[0.986338,-0.0798798,-0.144075],[-0.0188417,0.814133,-0.580373],[0.163656,0.575158,0.801505]],[[0.986338,-0.0798798,-0.144075],[-0.164681,-0.500854,-0.849721],[-0.00428485,0.861838,-0.507166]],[[0.986338,-0.0798798,-0.144075],[-0.126921,-0.926025,-0.355483],[-0.105021,0.368912,-0.923512]]],"btipPosition":[27.9244,217.693,-22.0253],"carpPosition":[36.3354,229.941,35.1759],"dipPosition":[26.0016,224.448,-38.9345],"direction":[0.00428485,-0.861838,0.507166],"extended":false,"handId":487,"id":4872,"length":65.2863,"mcpPosition":[33.5686,275.337,-15.3451],"pipPosition":[25.8828,248.326,-52.9862],"stabilizedTipPosition":[31.3602,221.812,-28.6742],"timeVisible":7.58321,"tipPosition":[27.5246,219.109,-25.5589],"tipVelocity":[-36.518,-27.9039,6.06571],"tool":false,"touchDistance":0.333333,"touchZone":"none","type":2,"width":18.5095},{"bases":[[[0.967657,-0.24172,-0.0721913],[0.226934,0.709076,0.667616],[-0.110187,-0.662406,0.740997]],[[0.967914,-0.240156,-0.0739397],[0.141389,0.76376,-0.629825],[0.207729,0.599162,0.77321]],[[0.967914,-0.240156,-0.0739397],[-0.196945,-0.542285,-0.816786],[0.15606,0.805141,-0.572183]],[[0.967914,-0.240156,-0.0739397],[-0.251212,-0.917921,-0.307106],[0.00588274,0.315827,-0.948798]]],"btipPosition":[41.558,216.927,-12.6074],"carpPosition":[48.1953,230.063,33.5609],"dipPosition":[41.6651,222.677,-29.8797],"direction":[-0.15606,-0.805141,0.572183],"extended":fa