{"sensorType":"Leap","data":[[0,{"currentFrameRate":55.3613,"devices":[],"gestures":[{"center":[-12.7253,326.147,-98.0483],"duration":0,"handIds":[487],"id":10,"normal":[-0.058972,-0.000785013,0.998259],"pointableIds":[4871],"progress":1,"radius":23.2053,"state":"start","type":"circle"}],"hands":[{"armBasis":[[0.987753,0.146514,-0.0536512],[-0.123183,0.943316,0.308191],[0.0957643,-0.297807,0.94981]],"armWidth":62.0842,"confidence":0.829555,"direction":[0.0437833,0.582225,-0.811848],"elbow":[72.2486,162.706,308.61],"grabStrength":0,"id":487,"palmNormal":[0.142312,-0.807975,-0.571773],"palmPosition":[42.6144,267.61,12.7457],"palmVelocity":[-28.1842,-56.7604,111.189],"palmWidth":88.6541,"pinchStrength":0.231797,"r":[[0.711771,0.614706,0.33988],[-0.632079,0.771572,-0.0717737],[-0.306362,-0.163745,0.937726]],"s":1.36623,"sphereCenter":[23.2527,246.761,-25.709],"sphereRadius":48.5628,"stabilizedPalmPosition":[46.0336,269.161,3.6644],"t":[51.1555,90.8048,-110.43],"timeVisible":8.99314,"type":"right","wrist":[47.056,241.05,58.7448]}],"id":1692982,"interactionBox":{"center":[0,200,0],"size":[235.247,235.247,147.751]},"pointables":[{"bases":[[[0.279168,0.872703,0.400568],[-0.876554,0.0612808,0.477387],[0.39207,-0.48439,0.782079]],[[0.208122,0.942597,0.261145],[-0.871354,0.0573899,0.487287],[0.444328,-0.328965,0.83328]],[[0.208122,0.942597,0.261145],[-0.944755,0.262851,-0.195825],[-0.253226,-0.205962,0.945228]],[[0.208122,0.942597,0.261145],[-0.968187,0.236455,-0.0818735],[-0.138923,-0.235797,0.961821]]],"btipPosition":[10.9106,256.311,-41.7096],"carpPosition":[20.941,228.093,52.1509],"dipPosition":[7.74281,250.934,-19.7774],"direction":[0.253226,0.205962,-0.945228],"extended":false,"handId":487,"id":4870,"length":50.7785,"mcpPosition":[20.941,228.093,52.1509],"pipPosition":[-0.669436,244.092,11.6234],"stabilizedTipPosition":[10.6644,260.467,-41.0157],"timeVisible":8.99314,"tipPosition":[10.2948,255.652,-36.3529],"tipVelocity":[19.8069,-179.175,94.1122],"tool":false,"touchDistance":0.192821,"touchZone":"hovering","type":0,"width":19.7302},{"bases":[[[0.982166,0.186973,-0.019756],[-0.158964,0.881923,0.443782],[0.100399,-0.432727,0.895917]],[[0.947413,0.262716,-0.182727],[-0.192763,0.924288,0.329446],[0.255442,-0.276899,0.926324]],[[0.947413,0.262716,-0.182727],[-0.241688,0.961671,0.129523],[0.20975,-0.078549,0.974595]],[[0.947413,0.262716,-0.182727],[-0.272173,0.961832,-0.0283016],[0.168317,0.0765465,0.982756]]],"btipPosition":[0.825955,293.452,-86.7983],"carpPosition":[26.4569,250.267,55.5089],"dipPosition":[3.62793,294.726,-70.4383],"direction":[-0.20975,0.078549,-0.974595],"extended":true,"handId":487,"id":4871,"length":57.2978,"mcpPosition":[19.2602,281.285,-8.71127],"pipPosition":[8.56753,292.876,-47.4867],"stabilizedTipPosition":[1.13811,295.773,-83.2936],"timeVisible":8.99314,"tipPosition":[1.06185,294.448,-82.775],"tipVelocity":[38.9694,-240.434,25.3539],"tool":false,"touchDistance":-0.0790684,"touchZone":"touching","type":1,"width":18.8462},{"bases":[[[0.999313,-0.0263129,0.0261048],[0.0116145,0.891122,0.453615],[-0.0351985,-0.453,0.890815]],[[0.999601,-0.0220218,0.0176676],[0.0275326,0.621823,-0.782674],[0.0062498,0.782848,0.622181]],[[0.999601,-0.0220218,0.0176676],[-0.00375765,-0.723982,-0.689809],[0.0279818,0.689467,-0.723776]],[[0.999601,-0.0220218,0.0176676],[-0.0200707,-0.994386,-0.103892],[0.0198563,0.103496,-0.994432]]],"btipPosition":[38.7524,227.228,3.98272],"carpPosition":[37.7921,254.197,55.4963],"dipPosition":[39.116,229.123,-14.2249],"direction":[-0.0279818,-0.689467,0.723776],"extended":false,"handId":487,"id":4872,"length":65.2863,"mcpPosition":[40.1848,284.991,-5.05862],"pipPosition":[39.8913,248.226,-34.2781],"stabilizedTipPosition":[43.4375,229.102,-19.7458],"timeVisible":8.99314,"tipPosition":[38.8564,227.758,-0.284586],"tipVelocity":[-6.55868,-82.5694,172.838],"tool":false,"touchDistance":0.333333,"touchZone":"none","type":2,"width":18.5095},{"bases":[[[0.979503,-0.15979,0.122641],[0.0818532,0.87207,0.482487],[-0.184048,-0.462559,0.867275]],[[0.981956,-0.153375,0.11063],[0.181559,0.600929,-0.778409],[0.0529077,0.784449,0.617932]],[[0.981956,-0.153375,0.11063],[-0.0365219,-0.727792,-0.684824],[0.185551,0.668427,-0.720261]],[[0.981956,-0.153375,0.11063],[-0.140522,-0.983269,-0.115909],[0.126557,0.0982719,-0.98708]]],"btipPosition":[51.3507,229.279,13.0711],"carpPosition":[49.7332,255.028,55.4931],"dipPosition":[53.6546,231.068,-4.89809],"direction":[-0.185551,-0.668427,0.720261],"extended":false,"handId":487,"id":4873,"length":62.7745,"mcpPosition":[60.966,283.258,2.56163],"pipPosition":[58.6628,249.109,-24.3386],"stabilizedTipPosition":[56.4098,229.361,-9.3754],"timeVisible":8.99314,"tipPosition":[51.7957,229.955,9.48595],"tipVelocity":[-10.0116,-65.1323,143.487],"tool":false,"touchDistance":0.333333,"touchZone":"none","type":3,"width":17.613},{"bases":[[[0.924539,-0.354132,0.140776],[0.216621,0.792286,0.570402],[-0.313533,-0.496864,0.809212]],[[0.947804,-0.310705,0.0716208],[0.261308,0.628184,-0.732873],[0.182716,0.713335,0.676586]],[[0.947804,-0.310705,0.0716208],[-0.163696,-0.666918,-0.726928],[0.273625,0.677261,-0.682969]],[[0.947804,-0.310705,0.0716208],[-0.294779,-0.939475,-0.174619],[0.121541,0.144393,-0.982028]]],"btipPosition":[66.2823,237.029,15.0293],"carpPosition":[62.1192,248.864,54.5488],"dipPosition":[68.3235,239.454,-1.46322],"direction":[-0.273625,-0.677261,0.682969],"extended":false,"handId":487,"id":4874,"length":49.214,"mcpPosition":[79.8328,276.935,8.83102],"pipPosition":[73.5379,252.36,-14.4783],"stabilizedTipPosition":[71.5207,236.476,-7.87146],"timeVisible":8.99314,"tipPosition":[66.5815,237.713,11.2265],"tipVelocity":[-16.8574,-56.4418,175.37],"tool":false,"touchDistance":0.333333,"touchZone":"none","type":4,"width":15.6452}],"r":[[0.711771,0.614706,0.33988],[-0.632079,0.771572,-0.0717737],[-0.306362,-0.163745,0.937726]],"s":1.36623,"t":[51.1555,90.8048,-110.43],"timestamp":93621698195},false],[1,{"currentFrameRate":55.35,"devices":[],"gestures":[{"center":[-12.7253,326.147,-98.0483],"duration":0,"handIds":[487],"id":10,"normal":[-0.058972,-0.000785013,0.998259],"pointableIds":[4871],"progress":1,"radius":23.2053,"state":"start","type":"circle"}],"hands":[{"armBasis":[[0.984933,0.164483,-0.0534108],[-0.140237,0.940374,0.309889],[0.101197,-0.297729,0.949271]],"armWidth":62.0842,"confidence":0.836621,"direction":[0.0507093,0.56025,-0.82677],"elbow":[72.63,162.134,311.781],"grabStrength":0,"id":487,"palmNormal":[0.159228,-0.821781,-0.547103],"palmPosition":[42.0238,265.703,15.283],"palmVelocity":[-30.2942,-79.8469,124.961],"palmWidth":88.6541,"pinchStrength":0.240562,"r":[[0.705603,0.625715,0.332572],[-0.635737,0.766293,-0.0929212],[-0.31299,-0.145863,0.938489]],"s":1.3636,"sphereCenter":[23.7551,243.598,-22.8462],"sphereRadius":48.4218,"stabilizedPalmPosition":[45.8567,269.008,4.17707],"t":[50.6094,89.3146,-108.145],"timeVisible":9.01125,"type":"right","wrist":[46.0082,240.457,62.0573]}],"id":1692983,"interactionBox":{"center":[0,200,0],"size":[235.247,235.247,147.751]},"pointables":[{"bases":[[[0.264216,0.886156,0.380679],[-0.884477,0.0652469,0.462],[0.384566,-0.45877,0.801024]],[[0.190949,0.954075,0.230822],[-0.88059,0.0626,0.469726],[0.433704,-0.292954,0.852103]],[[0.190949,0.954075,0.230822],[-0.944056,0.242909,-0.223056],[-0.268881,-0.175317,0.947083]],[[0.190949,0.954075,0.230822],[-0.96724,0.222955,-0.1214],[-0.167287,-0.200079,0.965393]]],"btipPosition":[11.7822,251.691,-39.4976],"carpPosition":[20.129,227.056,55.4215],"dipPosition":[7.96758,247.128,-17.4839],"direction":[0.268881,0.175317,-0.947083],"extended":false,"handId":487,"id":4870,"length":50.7785,"mcpPosition":[20.129,227.056,55.4215],"pipPosition":[-0.964729,241.304,13.9785],"stabilizedTipPosition":[10.7696,256.167,-38.1353],"timeVisible":9.01125,"tipPosition":[10.8515,251.452,-34.101],"tipVelocity":[29.3761,-210.422,107.954],"tool":false,"touchDistance":0.238577,"touchZone":"hovering","type":0,"width":19.7302},{"bases":[[[0.980456,0.196494,-0.00979485],[-0.174608,0.89203,0.416888],[0.0906532,-0.40703,0.908905]],[[0.947797,0.266998,-0.174333],[-0.207695,0.931749,0.297836],[0.241957,-0.24608,0.938564]],[[0.947797,0.266998,-0.174333],[-0.253421,0.962541,0.0963926],[0.19354,-0.0471808,0.979957]],[[0.947797,0.266998,-0.174333],[-0.281091,0.957712,-0.0614371],[0.150558,0.107234,0.982768]]],"btipPosition":[1.68147,288.173,-85.6237],"carpPosition":[25.3719,249.37,58.2533],"dipPosition":[4.1878,289.958,-69.2636],"direction":[-0.19354,0.0471808,-0.979957],"extended":true,"handId":487,"id":4871,"length":57.2978,"mcpPosition":[18.8738,278.546,-6.89786],"pipPosition":[8.74564,288.847,-46.1857],"stabilizedTipPosition":[2.06018,289.853,-82.1139],"timeVisible":9.01125,"tipPosition":[1.82051,289.311,-81.6196],"tipVelocity":[41.1223,-261.673,44.1563],"tool":false,"touchDistance":-0.0955696,"touchZone":"touching","type":1,"width":18.8462},{"bases":[[[0.998994,-0.0152715,0.0421669],[-0.00430342,0.903254,0.429084],[-0.0446402,-0.428834,0.90228]],[[0.999367,-0.0112733,0.0337542],[0.0338006,0.597432,-0.801207],[-0.0111336,0.801841,0.597434]],[[0.999367,-0.0112733,0.0337542],[0.0141345,-0.744735,-0.667211],[0.0326596,0.667265,-0.744104]],[[0.999367,-0.0112733,0.0337542],[-0.00870614,-0.997126,-0.0752592],[0.0345056,0.0749177,-0.996593]]],"btipPosition":[38.6872,225.049,7.77892],"carpPosition":[36.6665,253.415,58.3069],"dipPosition":[39.319,226.421,-10.4683],"direction":[-0.0326596,-0.667265,0.744104],"extended":false,"handId":487,"id":4872,"length":65.2863,"mcpPosition":[39.701,282.565,-3.02738],"pipPosition":[40.2239,244.909,-31.0847],"stabilizedTipPosition":[43.4058,229.077,-19.5855],"timeVisible":9.01125,"tipPosition":[38.856,225.46,3.42848],"tipVelocity":[-3.53177,-103.698,190.12],"tool":false,"touchDistance":0.333333,"touchZone":"none","type":2,"width":18.5095},{"bases":[[[0.978999,-0.146259,0.142018],[0.0656603,0.885725,0.459544],[-0.193001,-0.440568,0.876727]],[[0.981602,-0.140084,0.129746],[0.187708,0.583521,-0.790107],[0.0349723,0.799925,0.59908]],[[0.981602,-0.140084,0.129746],[-0.0178844,-0.743982,-0.66796],[0.190099,0.65335,-0.7328]],[[0.981602,-0.140084,0.129746],[-0.128416,-0.987222,-0.0943458],[0.141304,0.0759486,-0.987049]]],"btipPosition":[51.1509,227.417,16.6239],"carpPosition":[48.5974,254.368,58.4643],"dipPosition":[53.7233,228.799,-1.34469],"direction":[-0.190099,-0.65335,0.7328],"extended":false,"handId":487,"id":4873,"length":62.7745,"mcpPosition":[60.3766,281.257,4.95596],"pipPosition":[58.8542,246.434,-21.1236],"stabilizedTipPosition":[56.385,229.352,-9.25922],"timeVisible":9.01125,"tipPosition":[51.6468,228.014,13.0516],"tipVelocity":[-8.87683,-85.5306,168.58],"tool":false,"touchDistance":0.333333,"touchZone":"none","type":3,"width":17.613},{"bases":[[[0.925685,-0.34059,0.16464],[0.19982,0.809767,0.551678],[-0.321216,-0.477781,0.817646]],[[0.949959,-0.298072,0.0934378],[0.266002,0.615078,-0.742242],[0.16377,0.729954,0.663586]],[[0.949959,-0.298072,0.0934378],[-0.144026,-0.683372,-0.715723],[0.277189,0.66645,-0.692106]],[[0.949959,-0.298072,0.0934378],[-0.281338,-0.946388,-0.15874],[0.135744,0.124509,-0.982889]]],"btipPosition":[66.0006,235.363,18.5205],"carpPosition":[61.0571,248.309,57.8801],"dipPosition":[68.2803,237.454,2.01353],"direction":[-0.277189,-0.66645,0.692106],"extended":false,"handId":487,"id":4874,"length":49.214,"mcpPosition":[79.2047,275.302,11.6858],"pipPosition":[73.5626,250.154,-11.1757],"stabilizedTipPosition":[71.5001,236.474,-7.77836],"timeVisible":9.01125,"tipPosition":[66.3486,235.985,14.8012],"tipVelocity":[-14.8002,-75.3722,183.585],"tool":false,"touchDistance":0.333333,"touchZone":"none","type":4,"width":15.6452}],"r":[[0.705603,0.625715,0.332572],[-0.635737,0.766293,-0.0929212],[-0.31299,-0.145863,0.938489]],"s":1.3636,"t":[50.6094,89.3146,-108.145],"timestamp":93621716301},false],[2,{"currentFrameRate":55.352,"devices":[],"gestures":[{"center":[-12.7253,326.147,-98.0483],"duration":0,"handIds":[487],"id":10,"normal":[-0.058972,-0.000785013,0.998259],"pointableIds":[4871],"progress":1,"radius":23.2053,"state":"stop","type":"circle"}],"hands":[{"armBasis":[[0.983174,0.173042,-0.0585277],[-0.147168,0.940133,0.307394],[0.108216,-0.293608,0.949781]],"armWidth":62.0842,"confidence":0.853525,"direction":[0.0531387,0.546883,-0.835521],"elbow":[73.81,163.043,313.424],"grabStrength":0,"id":487,"palmNormal":[0.165664,-0.829937,-0.532692],"palmPosition":[41.521,264.745,16.3643],"palmVelocity":[-29.128,-67.1415,94.0532],"palmWidth":88.6541,"pinchStrength":0.263255,"r":[[0.699779,0.636025,0.325242],[-0.639017,0.760849,-0.112987],[-0.319322,-0.128769,0.938857]],"s":1.36006,"sphereCenter":[23.9011,241.927,-21.4604],"sphereRadius":48.2372,"stabilizedPalmPosition":[45.6562,268.811,4.74071],"t":[50.0849,88.0901,-106.462],"timeVisible":9.02931,"type":"right","wrist":[45.3417,240.282,63.5667]}],"id":1692984,"interactionBox":{"center":[0,200,0],"size":[235.247,235.247,147.751]},"pointables":[{"bases":[[[0.258455,0.89334,0.36762],[-0.887346,0.0691146,0.455895],[0.381861,-0.444035,0.810565]],[[0.181446,0.961275,0.207431],[-0.885673,0.0680654,0.459294],[0.427389,-0.267053,0.863725]],[[0.181446,0.961275,0.207431],[-0.942681,0.230089,-0.241686],[-0.280055,-0.151689,0.947924]],[[0.181446,0.961275,0.207431],[-0.961097,0.21801,-0.1696],[-0.208254,-0.168589,0.963436]]],"btipPosition":[12.8209,248.539,-38.4621],"carpPosition":[19.5551,226.667,57.0056],"dipPosition":[8.07212,244.695,-16.493],"direction":[0.280055,0.151689,-0.947924],"extended":false,"handId":487,"id":4870,"length":50.7785,"mcpPosition":[19.5551,226.667,57.0056],"pipPosition":[-1.23139,239.656,14.9973],"stabilizedTipPosition":[11.271,251.717,-35.6645],"timeVisible":9.02931,"tipPosition":[11.3466,248.716,-33.0629],"tipVelocity":[37.0895,-189.026,83.6487],"tool":false,"touchDistance":0.261374,"touchZone":"hovering","type":0,"width":19.7302},{"bases":[[[0.979692,0.200369,-0.00749699],[-0.180588,0.897985,0.401261],[0.0871326,-0.391759,0.915933]],[[0.947939,0.267702,-0.172472],[-0.214006,0.936587,0.2775],[0.235822,-0.226143,0.945118]],[[0.947939,0.267702,-0.172472],[-0.258357,0.963138,0.0749492],[0.186178,-0.026488,0.982159]],[[0.947939,0.267702,-0.172472],[-0.284779,0.955003,-0.0828936],[0.14252,0.127694,0.98152]]],"btipPosition":[1.81734,285.091,-85.1845],"carpPosition":[24.6915,249.046,59.5017],"dipPosition":[4.18987,287.217,-68.8452],"direction":[-0.186178,0.026488,-0.982159],"extended":true,"handId":487,"id":4871,"length":57.2978,"mcpPosition":[18.4457,277.127,-6.15328],"pipPosition":[8.57434,286.593,-45.7154],"stabilizedTipPosition":[2.32507,286.116,-81.5126],"timeVisible":9.02931,"tipPosition":[1.90349,286.357,-81.1919],"tipVelocity":[24.3579,-216.37,34.6101],"tool":false,"touchDistance":-0.110749,"touchZone":"touching","type":1,"width":18.8462},{"bases":[[[0.998792,-0.0104412,0.0480231],[-0.0104025,0.910113,0.414229],[-0.0480315,-0.414228,0.908905]],[[0.999195,-0.006589,0.0395695],[0.0359534,0.584579,-0.81054],[-0.0177908,0.81131,0.584345]],[[0.999195,-0.006589,0.0395695],[0.0209676,-0.755153,-0.655213],[0.0341982,0.655515,-0.754407]],[[0.999195,-0.006589,0.0395695],[-0.00422619,-0.998219,-0.0595024],[0.0398911,0.0592873,-0.997444]]],"btipPosition":[38.3917,223.947,9.49],"carpPosition":[35.9691,253.138,59.5525],"dipPosition":[39.1221,225.032,-8.77277],"direction":[-0.0341982,-0.655515,0.754407],"extended":false,"handId":487,"id":4872,"length":65.2863,"mcpPosition":[39.2341,281.296,-2.23207],"pipPosition":[40.0696,243.194,-29.6747],"stabilizedTipPosition":[43.3724,229.043,-19.4142],"timeVisible":9.02931,"tipPosition":[38.5834,224.292,5.14401],"tipVelocity":[-9.02814,-85.1819,144.737],"tool":false,"touchDistance":0.333333,"touchZone":"none","type":2,"width":18.5095},{"bases":[[[0.97876,-0.139863,0.149889],[0.0594574,0.893373,0.445364],[-0.196196,-0.426993,0.882714]],[[0.981427,-0.133835,0.13744],[0.189826,0.574027,-0.79653],[0.0277087,0.807825,0.58877]],[[0.981427,-0.133835,0.13744],[-0.0103055,-0.75219,-0.658866],[0.19156,0.645212,-0.739598]],[[0.981427,-0.133835,0.13744],[-0.123369,-0.988962,-0.0820674],[0.146907,0.0635872,-0.987104]]],"btipPosition":[50.8182,226.464,18.1889],"carpPosition":[47.8949,254.143,59.7614],"dipPosition":[53.4925,227.622,0.219307],"direction":[-0.19156,-0.645212,0.739598],"extended":false,"handId":487,"id":4873,"length":62.7745,"mcpPosition":[59.8691,280.203,5.88763],"pipPosition":[58.6629,245.036,-19.7431],"stabilizedTipPosition":[56.3595,229.339,-9.13917],"timeVisible":9.02931,"tipPosition":[51.3309,227.019,14.6473],"tipVelocity":[-12.7935,-71.3291,129.673],"tool":false,"touchDistance":0.333333,"touchZone":"none","type":3,"width":17.613},{"bases":[[[0.926106,-0.334018,0.175384],[0.193398,0.819487,0.53948],[-0.323921,-0.465697,0.82353]],[[0.950731,-0.292328,0.103227],[0.267431,0.604902,-0.750049],[0.156817,0.740701,0.653277]],[[0.950731,-0.292328,0.103227],[-0.136728,-0.694215,-0.706662],[0.278239,0.657732,-0.69998]],[[0.950731,-0.292328,0.103227],[-0.276123,-0.949852,-0.146759],[0.140953,0.111025,-0.983771]]],"btipPosition":[65.6105,234.521,20.1743],"carpPosition":[60.3822,248.127,59.3463],"dipPosition":[67.9777,236.385,3.65256],"direction":[-0.278239,-0.657732,0.69998],"extended":false,"handId":487,"id":4874,"length":49.214,"mcpPosition":[78.6826,274.438,12.8196],"pipPosition":[73.28,248.919,-9.68675],"stabilizedTipPosition":[71.4812,236.468,-7.69317],"timeVisible":9.02931,"tipPosition":[65.9813,235.098,16.4669],"tipVelocity":[-17.4992,-63.1021,139.805],"tool":false,"touchDistance":0.333333,"touchZone":"none","type":4,"width":15.6452}],"r":[[0.699779,0.636025,0.325242],[-0.639017,0.760849,-0.112987],[-0.319322,-0.128769,0.938857]],"s":1.36006,"t":[50.0849,88.0901,-106.462],"timestamp":93621734360},false],[3,{"currentFrameRate":55.323,"devices":[],"gestures":[],"hands":[{"armBasis":[[0.982658,0.176208,-0.0577438],[-0.150355,0.939423,0.308022],[0.108522,-0.293998,0.949625]],"armWidth":62.0842,"confidence":0.872472,"direction":[0.051286,0.539472,-0.84044],"elbow":[73.6786,162.879,313.954],"grabStrength":0,"id":487,"palmNormal":[0.16758,-0.834264,-0.525281],"palmPosition":[41.2215,264.247,16.7184],"palmVelocity":[-23.0931,-48.1648,58.4788],"palmWidth":88.6541,"pinchStrength":0.294592,"r":[[0.694815,0.645084,0.317962],[-0.641922,0.755622,-0.130274],[-0.324296,-0.113591,0.939111]],"s":1.35519,"sphereCenter":[23.9388,241.069,-20.8305],"sphereRadius":48.0316,"stabilizedPalmPosition":[45.4166,268.564,5.38781],"t":[49.673,87.2292,-105.443],"timeVisible":9.04749,"type":"right","wrist":[45.1299,240.221,64.1373]}],"id":1692985,"interactionBox":{"center":[0,200,0],"size":[235.247,235.247,147.751]},"pointables":[{"bases":[[[0.256289,0.897291,0.359424],[-0.887298,0.0708906,0.455716],[0.38343,-0.435711,0.814333]],[[0.173321,0.96694,0.187047],[-0.889734,0.072294,0.450718],[0.422295,-0.244541,0.87285]],[[0.173321,0.96694,0.187047],[-0.94121,0.218542,-0.257612],[-0.289972,-0.131401,0.947971]],[[0.173321,0.96694,0.187047],[-0.950703,0.213851,-0.224569],[-0.257145,-0.138904,0.956338]]],"btipPosition":[14.3338,245.906,-38.0387],"carpPosition":[19.376,226.48,57.7125],"dipPosition":[8.47015,242.739,-16.2315],"direction":[0.289972,0.131401,-0.947971],"extended":false,"handId":487,"id":4870,"length":50.7785,"mcpPosition":[19.376,226.48,57.7125],"pipPosition":[-1.16282,238.373,15.2604],"stabilizedTipPosition":[12.3413,247.634,-34.0151],"timeVisible":9.04749,"tipPosition":[12.1807,246.521,-32.6564],"tipVelocity":[52.3738,-163.869,53.8788],"tool":false,"touchDistance":0.271963,"touchZone":"hovering","type":0,"width":19.7302},{"bases":[[[0.979158,0.202863,-0.00981151],[-0.182748,0.901087,0.393251],[0.088617,-0.383261,0.919379]],[[0.947385,0.268315,-0.174551],[-0.216921,0.939163,0.266303],[0.235385,-0.214428,0.947953]],[[0.947385,0.268315,-0.174551],[-0.261199,0.963229,0.0629752],[0.18503,-0.0140693,0.982632]],[[0.947385,0.268315,-0.174551],[-0.287423,0.953086,-0.0949505],[0.140886,0.140125,0.980059]]],"btipPosition":[1.54673,283.34,-85.0345],"carpPosition":[24.4547,248.893,60.0042],"dipPosition":[3.89205,285.673,-68.7195],"direction":[-0.18503,0.0140693,-0.982632],"extended":true,"handId":487,"id":4871,"length":57.2978,"mcpPosition":[18.1026,276.366,-5.89775],"pipPosition":[8.24948,285.342,-45.5786],"stabilizedTipPosition":[2.10655,284.068,-81.3017],"timeVisible":9.04749,"tipPosition":[1.61264,284.678,-81.0523],"tipVelocity":[5.47085,-157.86,21.8895],"tool":false,"touchDistance":-0.118217,"touchZone":"touching","type":1,"width":18.8462},{"bases":[[[0.998839,-0.00738773,0.0475952],[-0.0125885,0.913778,0.40602],[-0.046491,-0.406148,0.912624]],[[0.999228,-0.0036205,0.0391289],[0.0340559,0.576581,-0.81633],[-0.0196054,0.817032,0.576259]],[[0.999228,-0.0036205,0.0391289],[0.0226176,-0.761286,-0.648021],[0.0321344,0.648406,-0.760616]],[[0.999228,-0.0036205,0.0391289],[-0.0016384,-0.998719,-0.0505694],[0.0392618,0.0504663,-0.997954]]],"btipPosition":[38.1934,223.365,10.2581],"carpPosition":[35.7215,253.015,60.0123],"dipPosition":[38.9123,224.289,-8.014],"direction":[-0.0321344,-0.648406,0.760616],"extended":false,"handId":487,"id":4872,"length":65.2863,"mcpPosition":[38.8819,280.624,-2.02507],"pipPosition":[39.8026,242.254,-29.0879],"stabilizedTipPosition":[43.3359,229.003,-19.2287],"timeVisible":9.04749,"tipPosition":[38.3823,223.675,5.89628],"tipVelocity":[-9.99578,-60.791,95.7925],"tool":false,"touchDistance":0.333333,"touchZone":"none","type":2,"width":18.5095},{"bases":[[[0.979199,-0.135938,0.150633],[0.0573306,0.897502,0.437268],[-0.194635,-0.419537,0.886626]],[[0.981863,-0.129971,0.138035],[0.187995,0.573038,-0.797675],[0.0245752,0.809157,0.587079]],[[0.981863,-0.129971,0.138035],[-0.00698856,-0.752369,-0.658705],[0.189465,0.645793,-0.739631]],[[0.981863,-0.129971,0.138035],[-0.119732,-0.989571,-0.0800869],[0.147004,0.0621071,-0.987184]]],"btipPosition":[50.664,225.873,18.4707],"carpPosition":[47.6448,254.054,60.2059],"dipPosition":[53.3401,227.004,0.499611],"direction":[-0.189465,-0.645793,0.739631],"extended":false,"handId":487,"id":4873,"length":62.7745,"mcpPosition":[59.5237,279.659,6.0934],"pipPosition":[58.4539,244.434,-19.4637],"stabilizedTipPosition":[56.327,229.319,-8.98928],"timeVisible":9.04749,"tipPosition":[51.1699,226.444,15.0205],"tipVelocity":[-10.7273,-52.9746,75.1972],"tool":false,"touchDistance":0.333333,"touchZone":"none","type":3,"width":17.613},{"bases":[[[0.927068,-0.329994,0.177904],[0.191512,0.824818,0.531976],[-0.322287,-0.459107,0.82786]],[[0.951665,-0.288652,0.104949],[0.265258,0.600174,-0.754605],[0.15483,0.74597,0.647732]],[[0.951665,-0.288652,0.104949],[-0.134616,-0.69913,-0.702208],[0.276067,0.654139,-0.704194]],[[0.951665,-0.288652,0.104949],[-0.273155,-0.951655,-0.140493],[0.140429,0.105035,-0.984504]]],"btipPosition":[65.4023,234.076,20.7056],"carpPosition":[60.1476,248.067,59.8385],"dipPosition":[67.7607,235.84,4.17151],"direction":[-0.276067,-0.654139,0.704194],"extended":false,"handId":487,"id":4874,"length":49.214,"mcpPosition":[78.3558,274.005,13.0672],"pipPosition":[73.0216,248.306,-9.2481],"stabilizedTipPosition":[71.4616,236.461,-7.60592],"timeVisible":9.04749,"tipPosition":[65.7742,234.639,17.021],"tipVelocity":[-14.6693,-45.2774,86.9785],"tool":false,"touchDistance":0.333333,"touchZone":"none","type":4,"width":15.6452}],"r":[[0.694815,0.645084,0.317962],[-0.641922,0.755622,-0.130274],[-0.324296,-0.113591,0.939111]],"s":1.35519,"t":[49.673,87.2292,-105.443],"timestamp":93621752536},false],[4,{"currentFrameRate":55.3488,"devices":[],"gestures":[],"hands":[{"armBasis":[[0.982283,0.177956,-0.0587505],[-0.151731,0.939208,0.308002],[0.10999,-0.293631,0.94957]],"armWidth":62.0842,"confidence":0.877026,"direction":[0.0500994,0.534456,-0.84371],"elbow":[73.7439,162.93,314.342],"grabStrength":0,"id":487,"palmNormal":[0.168169,-0.837224,-0.520361],"palmPosition":[40.841,263.911,16.9799],"palmVelocity":[-22.182,-34.231,37.6825],"palmWidth":88.6541,"pinchStrength":0.322366,"r":[[0.690738,0.652754,0.311117],[-0.644347,0.750887,-0.144863],[-0.328174,-0.100405,0.939266]],"s":1.34969,"sphereCenter":[23.8258,240.529,-20.3578],"sphereRadius":47.8466,"stabilizedPalmPosition":[45.1134,268.256,6.15596],"t":[49.2767,86.6304,-104.803],"timeVisible":9.06546,"type":"right","wrist":[44.809,240.175,64.5399]}],"id":1692986,"interactionBox":{"center":[0,200,0],"size":[235.247,235.247,147.751]},"pointables":[{"bases":[[[0.255515,0.899729,0.353835],[-0.887066,0.0726312,0.455893],[0.38448,-0.430363,0.816678]],[[0.166498,0.971415,0.169206],[-0.893625,0.0761209,0.442312],[0.416789,-0.22485,0.880755]],[[0.166498,0.971415,0.169206],[-0.940436,0.208026,-0.268897],[-0.29641,-0.114356,0.94819]],[[0.166498,0.971415,0.169206],[-0.938547,0.208743,-0.274876],[-0.302339,-0.113041,0.946474]]],"btipPosition":[15.5363,243.679,-37.7022],"carpPosition":[19.0663,226.366,58.2158],"dipPosition":[8.64216,241.101,-16.1199],"direction":[0.29641,0.114356,-0.94819],"extended":false,"handId":487,"id":4870,"length":50.7785,"mcpPosition":[19.0663,226.366,58.2158],"pipPosition":[-1.20466,237.302,15.3793],"stabilizedTipPosition":[13.471,244.441,-33.1188],"timeVisible":9.06546,"tipPosition":[12.8781,244.637,-32.3714],"tipVelocity":[53.0045,-141.375,35.8729],"tool":false,"touchDistance":0.279352,"touchZone":"hovering","type":0,"width":19.7302},{"bases":[[[0.97892,0.203908,-0.0117089],[-0.183502,0.903232,0.387941],[0.0896801,-0.377615,0.92161]],[[0.947192,0.268035,-0.176024],[-0.218252,0.941032,0.258506],[0.234933,-0.206438,0.949837]],[[0.947192,0.268035,-0.176024],[-0.26254,0.963395,0.0542465],[0.18412,-0.00516864,0.98289]],[[0.947192,0.268035,-0.176024],[-0.288661,0.951763,-0.104025],[0.13965,0.149343,0.978874]]],"btipPosition":[1.19789,282.144,-84.8949],"carpPosition":[24.1212,248.799,60.369],"dipPosition":[3.52264,284.63,-68.5996],"direction":[-0.18412,0.00516864,-0.98289],"extended":true,"handId":487,"id":4871,"length":57.2978,"mcpPosition":[17.6928,275.867,-5.6929],"pipPosition":[7.85866,284.508,-45.4526],"stabilizedTipPosition":[1.75532,282.798,-81.1564],"timeVisible":9.06546,"tipPosition":[1.24766,283.532,-80.9219],"tipVelocity":[-6.42828,-113.72,15.0854],"tool":false,"touchDistance":-0.118124,"touchZone":"touching","type":1,"width":18.8462},{"bases":[[[0.998879,-0.00597092,0.0469498],[-0.0133486,0.916192,0.400516],[-0.0454065,-0.400694,0.915086]],[[0.999258,-0.00225285,0.0384572],[0.03286,0.570873,-0.82038],[-0.020106,0.821035,0.570524]],[[0.999258,-0.00225285,0.0384572],[0.0230229,-0.765469,-0.643061],[0.0308865,0.643469,-0.764849]],[[0.999258,-0.00225285,0.0384572],[-0.000533569,-0.999002,-0.0446583],[0.0385194,0.0446046,-0.998262]]],"btipPosition":[37.8531,222.968,10.8152],"carpPosition":[35.3833,252.934,60.3445],"dipPosition":[38.5584,223.785,-7.46259],"direction":[-0.0308865,-0.643469,0.764849],"extended":false,"handId":487,"id":4872,"length":65.2863,"mcpPosition":[38.4699,280.172,-1.86028],"pipPosition":[39.4141,241.613,-28.6538],"stabilizedTipPosition":[43.2941,228.957,-19.0256],"timeVisible":9.06546,"tipPosition":[38.0386,223.257,6.43834],"tipVelocity":[-14.3061,-43.1042,65.0813],"tool":false,"touchDistance":0.333333,"touchZone":"none","type":2,"width":18.5095},{"bases":[[[0.979455,-0.133921,0.150773],[0.0566103,0.900184,0.431814],[-0.193553,-0.414407,0.889272]],[[0.982104,-0.128026,0.138137],[0.186909,0.57224,-0.798502],[0.0231811,0.810031,0.585929]],[[0.982104,-0.128026,0.138137],[-0.00541855,-0.752343,-0.658749],[0.188263,0.646211,-0.739573]],[[0.982104,-0.128026,0.138137],[-0.117923,-0.989873,-0.0790283],[0.146856,0.0613245,-0.987255]]],"btipPosition":[50.3545,225.458,18.6767],"carpPosition":[47.3055,253.986,60.5236],"dipPosition":[53.0279,226.574,0.704321],"direction":[-0.188263,-0.646211,0.739573],"extended":false,"handId":487,"id":4873,"length":62.7745,"mcpPosition":[59.1184,279.279,6.24962],"pipPosition":[58.1093,244.016,-19.2574],"stabilizedTipPosition":[56.278,229.286,-8.77372],"timeVisible":9.06546,"tipPosition":[50.8586,226.037,15.2715],"tipVelocity":[-13.8151,-38.9223,45.0183],"tool":false,"touchDistance":0.333333,"touchZone":"none","type":3,"width":17.613},{"bases":[[[0.927563,-0.327867,0.179249],[0.190938,0.828224,0.526865],[-0.3212,-0.454475,0.830833]],[[0.952259,-0.286544,0.105339],[0.263912,0.599175,-0.755871],[0.153473,0.747585,0.646191]],[[0.952259,-0.286544,0.105339],[-0.132932,-0.699791,-0.70187],[0.274832,0.654359,-0.704473]],[[0.952259,-0.286544,0.105339],[-0.271192,-0.952409,-0.139182],[0.140208,0.10397,-0.984648]]],"btipPosition":[65.0821,233.717,20.9435],"carpPosition":[59.8149,248.012,60.1836],"dipPosition":[67.4368,235.463,4.40706],"direction":[-0.274832,-0.654359,0.704473],"extended":false,"handId":487,"id":4874,"length":49.214,"mcpPosition":[77.9616,273.689,13.2444],"pipPosition":[72.6742,247.933,-9.01786],"stabilizedTipPosition":[71.4349,236.451,-7.49277],"timeVisible":9.06546,"tipPosition":[65.4546,234.29,17.32],"tipVelocity":[-16.178,-33.4009,52.0578],"tool":false,"touchDistance":0.333333,"touchZone":"none","type":4,"width":15.6452}],"r":[[0.690738,0.652754,0.311117],[-0.644347,0.750887,-0.144863],[-0.328174,-0.100405,0.939266]],"s":1.34969,"t":[49.2767,86.6304,-104.803],"timestamp":93621770514},false],[5,{"currentFrameRate":55.3441,"devices":[],"gestures":[],"hands":[{"armBasis":[[0.981811,0.179678,-0.0613436],[-0.152166,0.937908,0.311728],[0.113545,-0.296723,0.948189]],"armWidth":62.0842,"confidence":0.858917,"direction":[0.0505899,0.526178,-0.848869],"elbow":[74.0655,161.969,314.739],"grabStrength":0,"id":487,"palmNormal":[0.167505,-0.842387,-0.512177],"palmPosition":[40.2496,263.303,17.5105],"palmVelocity":[-27.1812,-33.9346,33.7179],"palmWidth":88.6541,"pinchStrength":0.352538,"r":[[0.687583,0.65928,0.304269],[-0.646098,0.746732,-0.157953],[-0.331342,-0.0879819,0.939399]],"s":1.34375,"sphereCenter":[23.4059,239.617,-19.555],"sphereRadius":47.7161,"stabilizedPalmPosition":[44.6976,267.832,7.12655],"t":[48.7829,86.0271,-104.218],"timeVisible":9.08355,"type":"right","wrist":[44.1953,240.028,65.2996]}],"id":1692987,"interactionBox":{"center":[0,200,0],"size":[235.247,235.247,147.751]},"pointables":[{"bases":[[[0.25624,0.902919,0.345078],[-0.887032,0.0777982,0.455106],[0.384077,-0.422712,0.820853]],[[0.162709,0.975138,0.150435],[-0.895906,0.0821365,0.436584],[0.413373,-0.205812,0.886997]],[[0.162709,0.975138,0.150435],[-0.939525,0.199691,-0.27824],[-0.301363,-0.0960655,0.948658]],[[0.162709,0.975138,0.150435],[-0.918276,0.205438,-0.338473],[-0.360963,-0.0830685,0.928873]]],"btipPosition":[16.579,241.275,-36.7273],"carpPosition":[18.4416,226.18,59.1085],"dipPosition":[8.34803,239.381,-15.5464],"direction":[0.301363,0.0960655,-0.948658],"extended":false,"handId":487,"id":4870,"length":50.7785,"mcpPosition":[18.4416,226.18,59.1085],"pipPosition":[-1.66333,236.189,15.9684],"stabilizedTipPosition":[14.3571,241.814,-32.1975],"timeVisible":9.08355,"tipPosition":[13.3823,242.48,-31.5669],"tipVelocity":[47.133,-133.22,42.0189],"tool":false,"touchDistance":0.295433,"touchZone":"hovering","type":0,"width":19.7302},{"bases":[[[0.979089,0.202975,-0.013629],[-0.182777,0.907117,0.37912],[0.0893149,-0.368701,0.925247]],[[0.947636,0.265261,-0.177825],[-0.217685,0.943969,0.248066],[0.233663,-0.196366,0.952282]],[[0.947636,0.265261,-0.177825],[-0.2618,0.96416,0.0430919],[0.182882,0.00571908,0.983118]],[[0.947636,0.265261,-0.177825],[-0.287769,0.95073,-0.115332],[0.13847,0.160465,0.97728]]],"btipPosition":[0.719676,280.471,-84.5622],"carpPosition":[23.5148,248.628,61.0436],"dipPosition":[3.02479,283.142,-68.2934],"direction":[-0.182882,-0.00571908,-0.983118],"extended":true,"handId":487,"id":4871,"length":57.2978,"mcpPosition":[17.1127,275.057,-5.27904],"pipPosition":[7.33165,283.276,-45.1411],"stabilizedTipPosition":[1.2716,281.159,-80.8348],"timeVisible":9.08355,"tipPosition":[0.758634,281.897,-80.6057],"tipVelocity":[-16.061,-102.517,16.4977],"tool":false,"touchDistance":-0.113099,"touchZone":"touching","type":1,"width":18.8462},{"bases":[[[0.998871,-0.00633969,0.0470708],[-0.0126133,0.920058,0.39158],[-0.0457904,-0.391731,0.918939]],[[0.999254,-0.00270193,0.0385358],[0.0333688,0.562979,-0.825798],[-0.0194636,0.826467,0.562648]],[[0.999254,-0.00270193,0.0385358],[0.0224503,-0.771183,-0.636218],[0.0314372,0.636608,-0.770546]],[[0.999254,-0.00270193,0.0385358],[-0.00131449,-0.999352,-0.0359839],[0.0386081,0.0359064,-0.998609]]],"btipPosition":[37.2292,222.273,11.7224],"carpPosition":[34.7804,252.753,60.9796],"dipPosition":[37.9361,222.93,-6.56175],"direction":[-0.0314372,-0.636608,0.770546],"extended":false,"handId":487,"id":4872,"length":65.2863,"mcpPosition":[37.8931,279.382,-1.48714],"pipPosition":[38.8071,240.568,-27.9108],"stabilizedTipPosition":[43.2359,228.893,-18.7636],"timeVisible":9.08355,"tipPosition":[37.4142,222.531,7.35607],"tipVelocity":[-23.894,-41.8639,57.9512],"tool":false,"touchDistance":0.333333,"touchZone":"none","type":2,"width":18.5095},{"bases":[[[0.979335,-0.133257,0.152134],[0.0573305,0.904297,0.423036],[-0.193946,-0.405572,0.89325]],[[0.981998,-0.127467,0.139397],[0.18742,0.565617,-0.803088],[0.0235222,0.814757,0.579325]],[[0.981998,-0.127467,0.139397],[-0.00556911,-0.757196,-0.653164],[0.188808,0.640629,-0.744275]],[[0.981998,-0.127467,0.139397],[-0.118416,-0.990391,-0.0714407],[0.147164,0.0536479,-0.987656]]],"btipPosition":[49.7413,224.814,19.4811],"carpPosition":[46.7034,253.798,61.1492],"dipPosition":[52.4203,225.791,1.50149],"direction":[-0.188808,-0.640629,0.744275],"extended":false,"handId":487,"id":4873,"length":62.7745,"mcpPosition":[58.5404,278.55,6.63241],"pipPosition":[57.5164,243.082,-18.5871],"stabilizedTipPosition":[56.203,229.232,-8.46819],"timeVisible":9.08355,"tipPosition":[50.2485,225.366,16.0722],"tipVelocity":[-23.3312,-38.1765,44.7197],"tool":false,"touchDistance":0.333333,"touchZone":"none","type":3,"width":17.613},{"bases":[[[0.927281,-0.326874,0.182492],[0.191594,0.833155,0.518792],[-0.321624,-0.446102,0.835195]],[[0.952271,-0.285783,0.107274],[0.264175,0.59548,-0.758693],[0.152943,0.750821,0.642555]],[[0.952271,-0.285783,0.107274],[-0.131989,-0.702366,-0.699471],[0.275243,0.651927,-0.706564]],[[0.952271,-0.285783,0.107274],[-0.270858,-0.953135,-0.134792],[0.140768,0.0993022,-0.98505]]],"btipPosition":[64.5001,233.055,21.5535],"carpPosition":[59.2079,247.81,60.8682],"dipPosition":[66.8642,234.723,5.01027],"direction":[-0.275243,-0.651927,0.706564],"extended":false,"handId":487,"id":4874,"length":49.214,"mcpPosition":[77.3785,273.013,13.6825],"pipPosition":[72.1094,247.146,-8.4545],"stabilizedTipPosition":[71.3853,236.427,-7.29709],"timeVisible":9.08355,"tipPosition":[64.8734,233.624,17.9943],"tipVelocity":[-23.7288,-35.3995,43.3034],"tool":false,"touchDistance":0.333333,"touchZone":"none","type":4,"width":15.6452}],"r":[[0.687583,0.65928,0.304269],[-0.646098,0.746732,-0.157953],[-0.331342,-0.0879819,0.939399]],"s":1.34375,"t":[48.7829,86.0271,-104.218],"timestamp":93621788599},false],[6,{"currentFrameRate":55.3488,"devices":[],"gestures":[],"hands":[{"armBasis":[[0.982224,0.176359,-0.0642893],[-0.147658,0.937376,0.315474],[0.1159,-0.300374,0.946754]],"armWidth":62.0842,"confidence":0.870656,"direction":[0.0519871,0.517401,-0.854162],"elbow":[74.0937,160.906,315.085],"grabStrength":0,"id":487,"palmNormal":[0.162002,-0.848359,-0.504026],"palmPosition":[39.7024,262.743,18.0111],"palmVelocity":[-28.6679,-32.5426,30.8761],"palmWidth":88.6541,"pinchStrength":0.368469,"r":[[0.685893,0.664265,0.297157],[-0.646694,0.743643,-0.169652],[-0.333673,-0.0758063,0.939636]],"s":1.33831,"sphereCenter":[22.831,238.755,-18.7881],"sphereRadius":47.6375,"stabilizedPalmPosition":[44.1777,267.303,8.25943],"t":[48.2624,85.4456,-103.675],"timeVisible":9.1016,"type":"right","wrist":[43.6041,239.925,66.0234]}],"id":1692988,"interactionBox":{"center":[0,200,0],"size":[235.247,235.247,147.751]},"pointables":[{"bases":[[[0.261776,0.904895,0.335616],[-0.885798,0.0871983,0.455805],[0.38319,-0.416607,0.824381]],[[0.166458,0.976531,0.136673],[-0.89508,0.0914938,0.436418],[0.41367,-0.194978,0.889303]],[[0.166458,0.976531,0.136673],[-0.939052,0.199275,-0.280127],[-0.300788,-0.0817135,0.950184]],[[0.166458,0.976531,0.136673],[-0.903984,0.206491,-0.374399],[-0.393834,-0.0612282,0.91714]]],"btipPosition":[16.6176,239.751,-35.7168],"carpPosition":[17.7642,226.157,60.0143],"dipPosition":[7.63713,238.354,-14.8034],"direction":[0.300788,0.0817135,-0.950184],"extended":false,"handId":487,"id":4870,"length":50.7785,"mcpPosition":[17.7642,226.157,60.0143],"pipPosition":[-2.35513,235.64,16.762],"stabilizedTipPosition":[14.4947,240.131,-31.2865],"timeVisible":9.1016,"tipPosition":[13.2282,241.008,-30.7104],"tipVelocity":[21.2402,-107.057,47.0282],"tool":false,"touchDistance":0.311249,"touchZone":"hovering","type":0,"width":19.7302},{"bases":[[[0.980159,0.197453,-0.0173078],[-0.177151,0.911841,0.370356],[0.0889099,-0.359941,0.928729]],[[0.948939,0.258055,-0.181447],[-0.212255,0.947809,0.237918],[0.233373,-0.187257,0.954187]],[[0.948939,0.258055,-0.181447],[-0.256476,0.966003,0.0325246],[0.183671,0.0156729,0.982863]],[[0.948939,0.258055,-0.181447],[-0.282659,0.950929,-0.125847],[0.140067,0.170709,0.975315]]],"btipPosition":[0.164428,279.024,-84.1797],"carpPosition":[22.9636,248.595,61.7166],"dipPosition":[2.49613,281.865,-67.9436],"direction":[-0.183671,-0.0156729,-0.982863],"extended":true,"handId":487,"id":4871,"length":57.2978,"mcpPosition":[16.5904,274.396,-4.85553],"pipPosition":[6.82156,282.234,-44.7973],"stabilizedTipPosition":[0.720141,279.728,-80.4586],"timeVisible":9.1016,"tipPosition":[0.210261,280.485,-80.2401],"tipVelocity":[-22.8782,-90.8714,18.5283],"tool":false,"touchDistance":-0.106849,"touchZone":"touching","type":1,"width":18.8462},{"bases":[[[0.998902,-0.0113506,0.0454447],[-0.00689786,0.923972,0.382398],[-0.0463301,-0.382292,0.92288]],[[0.99929,-0.00779427,0.0368586],[0.0349845,0.554989,-0.831122],[-0.0139781,0.831821,0.554868]],[[0.99929,-0.00779427,0.0368586],[0.0171531,-0.776941,-0.62934],[0.0335422,0.629525,-0.776256]],[[0.99929,-0.00779427,0.0368586],[-0.00679889,-0.999611,-0.0270539],[0.0370551,0.0267841,-0.998954]]],"btipPosition":[36.4494,221.647,12.5973],"carpPosition":[34.2514,252.657,61.5924],"dipPosition":[37.1279,222.138,-5.69311],"direction":[-0.0335422,-0.629525,0.776256],"extended":false,"handId":487,"id":4872,"length":65.2863,"mcpPosition":[37.4008,278.644,-1.14209],"pipPosition":[38.0572,239.58,-27.2004],"stabilizedTipPosition":[43.1493,228.8,-18.4094],"timeVisible":9.1016,"tipPosition":[36.6268,221.871,8.24908],"tipVelocity":[-33.2314,-39.446,53.4127],"tool":false,"touchDistance":0.333333,"touchZone":"none","type":2,"width":18.5095},{"bases":[[[0.978856,-0.137105,0.151802],[0.0630134,0.908142,0.413892],[-0.194604,-0.395575,0.89758]],[[0.981616,-0.131264,0.138566],[0.188744,0.559555,-0.807015],[0.0283967,0.818332,0.574044]],[[0.981616,-0.131264,0.138566],[-0.00991071,-0.76005,-0.649789],[0.190611,0.63647,-0.747378]],[[0.981616,-0.131264,0.138566],[-0.123036,-0.990179,-0.0663963],[0.14592,0.048127,-0.988125]]],"btipPosition":[49.02,224.102,20.1214],"carpPosition":[46.1803,253.638,61.7315],"dipPosition":[51.6764,224.978,2.13322],"direction":[-0.190611,-0.63647,0.747378],"extended":false,"handId":487,"id":4873,"length":62.7745,"mcpPosition":[58.0573,277.781,6.95047],"pipPosition":[56.8211,242.157,-18.0391],"stabilizedTipPosition":[56.081,229.14,-8.01422],"timeVisible":9.1016,"tipPosition":[49.5201,224.655,16.7394],"tipVelocity":[-31.361,-39.3943,40.2767],"tool":false,"touchDistance":0.333333,"touchZone":"none","type":3,"width":17.613},{"bases":[[[0.925796,-0.330121,0.184179],[0.197052,0.837222,0.510126],[-0.322602,-0.43598,0.840148]],[[0.951004,-0.289679,0.108068],[0.266215,0.589449,-0.762679],[0.157231,0.75408,0.637685]],[[0.951004,-0.289679,0.108068],[-0.135699,-0.705134,-0.695968],[0.277809,0.647203,-0.709894]],[[0.951004,-0.289679,0.108068],[-0.275483,-0.952588,-0.129168],[0.140361,0.0930684,-0.985717]]],"btipPosition":[63.8089,232.335,22.1371],"carpPosition":[58.6512,247.58,61.4892],"dipPosit