{"sensorType":"Leap","data":[[0,{"currentFrameRate":55.3365,"devices":[],"gestures":[],"hands":[{"armBasis":[[0.914809,0.398584,-0.0652343],[-0.379101,0.903105,0.201704],[0.139309,-0.159791,0.977272]],"armWidth":62.4607,"confidence":0.864144,"direction":[-0.112962,0.707424,-0.697704],"elbow":[84.0432,173.88,313.212],"grabStrength":0,"id":465,"palmNormal":[0.378092,-0.618767,-0.688602],"palmPosition":[35.929,248.445,13.2394],"palmVelocity":[4.0642,40.3268,16.4329],"palmWidth":89.1918,"pinchStrength":0.516837,"r":[[0.928761,0.134413,0.345452],[-0.29065,0.842463,0.453628],[-0.230057,-0.521717,0.821514]],"s":1.01483,"sphereCenter":[32.0583,228.874,-30.8017],"sphereRadius":47.1507,"stabilizedPalmPosition":[35.3554,242.015,5.60479],"t":[112.96,-13.9479,-106.138],"timeVisible":26.4465,"type":"right","wrist":[47.1731,216.171,54.5631]}],"id":1674496,"interactionBox":{"center":[0,200,0],"size":[235.247,235.247,147.751]},"pointables":[{"bases":[[[0.00952419,0.828936,0.559263],[-0.864488,-0.274265,0.421235],[0.502563,-0.487488,0.713993]],[[-0.0363307,0.869925,0.491844],[-0.873654,-0.266601,0.407004],[0.48519,-0.414915,0.769699]],[[-0.0363307,0.869925,0.491844],[-0.970156,0.0873711,-0.226195],[-0.239746,-0.485383,0.840788]],[[-0.0363307,0.869925,0.491844],[-0.578265,0.383102,-0.720307],[-0.815039,-0.310586,0.489129]]],"btipPosition":[28.8475,241.352,-32.8916],"carpPosition":[25.8777,197.702,44.0924],"dipPosition":[10.1496,234.227,-21.6705],"direction":[0.239746,0.485383,-0.840788],"extended":false,"handId":465,"id":4650,"length":51.0864,"mcpPosition":[25.8777,197.702,44.0924],"pipPosition":[2.13687,218.004,6.43015],"stabilizedTipPosition":[24.6004,237.156,-31.907],"timeVisible":26.4465,"tipPosition":[24.4083,239.49,-30.2419],"tipVelocity":[2.81973,43.4694,15.4266],"tool":false,"touchDistance":-0.0377193,"touchZone":"touching","type":0,"width":19.8498},{"bases":[[[0.886839,0.455511,0.0776233],[-0.413314,0.706864,0.574034],[0.20661,-0.541159,0.815144]],[[0.856023,0.516561,-0.0197412],[-0.466292,0.788078,0.401876],[0.223151,-0.33481,0.915481]],[[0.856023,0.516561,-0.0197412],[-0.502455,0.840409,0.203102],[0.121505,-0.163941,0.978958]],[[0.856023,0.516561,-0.0197412],[-0.51526,0.855697,0.0478542],[0.0416121,-0.0307925,0.998659]]],"btipPosition":[-3.16279,277.209,-85.7237],"carpPosition":[24.7104,219.683,51.5345],"dipPosition":[-2.46588,276.693,-68.9982],"direction":[-0.121505,0.163941,-0.978958],"extended":true,"handId":465,"id":4651,"length":57.6453,"mcpPosition":[9.81055,258.709,-7.25008],"pipPosition":[0.412919,272.809,-45.804],"stabilizedTipPosition":[-3.43104,275.34,-82.6757],"timeVisible":26.4465,"tipPosition":[-3.26944,277.569,-81.6886],"tipVelocity":[15.1494,48.5936,14.4877],"tool":false,"touchDistance":-0.0282128,"touchZone":"touching","type":1,"width":18.9605},{"bases":[[[0.963978,0.250989,0.0880347],[-0.252796,0.761644,0.59665],[0.0827016,-0.597413,0.797658]],[[0.964494,0.247113,0.0932005],[-0.130476,0.752655,-0.645357],[-0.229624,0.610283,0.758174]],[[0.964494,0.247113,0.0932005],[0.187371,-0.391544,-0.90088],[-0.186128,0.886357,-0.423944]],[[0.964494,0.247113,0.0932005],[0.259091,-0.816878,-0.515346],[-0.0512154,0.521195,-0.851899]]],"btipPosition":[45.8153,204.328,-9.91502],"carpPosition":[34.4903,226.614,52.9485],"dipPosition":[44.8719,213.929,-25.6075],"direction":[0.186128,-0.886357,0.423944],"extended":false,"handId":465,"id":4652,"length":65.6822,"mcpPosition":[28.8345,267.47,-1.60264],"pipPosition":[39.6837,238.636,-37.4247],"stabilizedTipPosition":[46.6762,200.061,-21.1715],"timeVisible":26.4465,"tipPosition":[45.5803,206.694,-14.0146],"tipVelocity":[-4.02087,39.7632,19.0861],"tool":false,"touchDistance":0.333333,"touchZone":"none","type":2,"width":18.6218},{"bases":[[[0.981937,0.102204,0.159227],[-0.180513,0.758198,0.626539],[-0.0566905,-0.643965,0.762952]],[[0.983514,0.132221,0.123357],[-0.0195066,0.755766,-0.654551],[-0.179774,0.641354,0.745886]],[[0.983514,0.132221,0.123357],[0.16995,-0.44282,-0.880357],[-0.061777,0.886808,-0.45799]],[[0.983514,0.132221,0.123357],[0.176065,-0.855752,-0.486508],[0.041236,0.500207,-0.864924]]],"btipPosition":[58.029,208.984,2.65186],"carpPosition":[45.7523,230.774,53.8886],"dipPosition":[58.7842,218.145,-13.189],"direction":[0.061777,-0.886808,0.45799],"extended":false,"handId":465,"id":4653,"length":63.1552,"mcpPosition":[49.2332,270.315,7.04177],"pipPosition":[57.1067,242.226,-25.6255],"stabilizedTipPosition":[58.7144,204.566,-7.84046],"timeVisible":26.4465,"tipPosition":[58.1805,210.934,-1.20844],"tipVelocity":[-2.23728,38.9828,12.005],"tool":false,"touchDistance":0.333333,"touchZone":"none","type":3,"width":17.7198},{"bases":[[[0.985014,-0.0997052,0.140734],[-0.0298833,0.704973,0.708604],[-0.169865,-0.702191,0.691429]],[[0.997828,-0.0206009,0.0625757],[0.0536724,0.805003,-0.590838],[-0.0382019,0.592913,0.80436]],[[0.997828,-0.0206009,0.0625757],[0.0485427,-0.412249,-0.909777],[0.0445389,0.910838,-0.410353]],[[0.997828,-0.0206009,0.0625757],[0.0158564,-0.846827,-0.531633],[0.0639428,0.53147,-0.84466]]],"btipPosition":[68.5297,221.516,7.70421],"carpPosition":[59.4849,228.597,52.745],"dipPosition":[69.6101,230.496,-6.56729],"direction":[-0.0445389,-0.910838,0.410353],"extended":false,"handId":465,"id":4654,"length":49.5125,"mcpPosition":[69.1399,268.509,13.4447],"pipPosition":[70.464,247.959,-14.4347],"stabilizedTipPosition":[68.8548,217.242,-3.25017],"timeVisible":26.4465,"tipPosition":[68.7823,223.55,4.12315],"tipVelocity":[-0.596609,37.1299,19.4902],"tool":false,"touchDistance":0.333333,"touchZone":"none","type":4,"width":15.7401}],"r":[[0.928761,0.134413,0.345452],[-0.29065,0.842463,0.453628],[-0.230057,-0.521717,0.821514]],"s":1.01483,"t":[112.96,-13.9479,-106.138],"timestamp":93310937234},false],[1,{"currentFrameRate":55.3175,"devices":[],"gestures":[],"hands":[{"armBasis":[[0.915851,0.396673,-0.0621907],[-0.377429,0.903356,0.203704],[0.136984,-0.16309,0.977055]],"armWidth":62.4607,"confidence":0.866889,"direction":[-0.110816,0.708528,-0.696928],"elbow":[83.275,174.209,313.294],"grabStrength":0,"id":465,"palmNormal":[0.377319,-0.618749,-0.689043],"palmPosition":[35.8821,249.722,13.4091],"palmVelocity":[0.897765,54.6485,13.0602],"palmWidth":89.1918,"pinchStrength":0.518863,"r":[[0.929161,0.131131,0.345637],[-0.287994,0.842963,0.454392],[-0.231775,-0.521745,0.821013]],"s":1.01437,"sphereCenter":[32.0594,230.217,-30.6767],"sphereRadius":47.1248,"stabilizedPalmPosition":[35.3841,242.434,6.02896],"t":[112.973,-12.9373,-105.904],"timeVisible":26.4647,"type":"right","wrist":[47.0202,217.373,54.7025]}],"id":1674497,"interactionBox":{"center":[0,200,0],"size":[235.247,235.247,147.751]},"pointables":[{"bases":[[[0.0108675,0.828224,0.560292],[-0.865446,-0.272884,0.420164],[0.500884,-0.489468,0.713818]],[[-0.0349645,0.8695,0.492695],[-0.874751,-0.265042,0.405664],[0.48331,-0.416801,0.769863]],[[-0.0349645,0.8695,0.492695],[-0.969697,0.08976,-0.227222],[-0.241794,-0.485709,0.840013]],[[-0.0349645,0.8695,0.492695],[-0.57841,0.38443,-0.719483],[-0.814997,-0.310136,0.489486]]],"btipPosition":[28.8225,242.706,-32.7833],"carpPosition":[25.6933,198.964,44.191],"dipPosition":[10.1256,235.591,-21.5539],"direction":[0.241794,0.485709,-0.840013],"extended":false,"handId":465,"id":4650,"length":51.0864,"mcpPosition":[25.6933,198.964,44.191],"pipPosition":[2.04442,219.358,6.52078],"stabilizedTipPosition":[24.5777,238.291,-31.4119],"timeVisible":26.4647,"tipPosition":[24.385,240.853,-30.1184],"tipVelocity":[0.826576,58.3823,10.9718],"tool":false,"touchDistance":-0.0358818,"touchZone":"touching","type":0,"width":19.8498},{"bases":[[[0.887771,0.453467,0.0789366],[-0.41225,0.707063,0.574554],[0.204728,-0.542614,0.814651]],[[0.85725,0.51458,-0.0181701],[-0.46483,0.788584,0.402577],[0.221487,-0.336663,0.915206]],[[0.85725,0.51458,-0.0181701],[-0.500684,0.841295,0.203809],[0.120162,-0.165618,0.978842]],[[0.85725,0.51458,-0.0181701],[-0.513302,0.856834,0.0485338],[0.0405433,-0.0322789,0.998656]]],"btipPosition":[-3.0498,278.711,-85.5491],"carpPosition":[24.5678,220.937,51.6592],"dipPosition":[-2.37078,278.17,-68.8236],"direction":[-0.120162,0.165618,-0.978842],"extended":true,"handId":465,"id":4651,"length":57.6453,"mcpPosition":[9.80375,260.068,-7.08986],"pipPosition":[0.476195,274.246,-45.6322],"stabilizedTipPosition":[-3.20138,276.727,-82.2597],"timeVisible":26.4647,"tipPosition":[-3.15873,279.049,-81.5184],"tipVelocity":[10.7908,64.7398,12.1709],"tool":false,"touchDistance":-0.0253024,"touchZone":"touching","type":1,"width":18.9605},{"bases":[[[0.964452,0.248763,0.0891615],[-0.251632,0.761463,0.597374],[0.0807114,-0.598574,0.796991]],[[0.964948,0.244929,0.0942578],[-0.128818,0.754954,-0.643001],[-0.22865,0.608321,0.760042]],[[0.964948,0.244929,0.0942578],[0.187191,-0.390617,-0.90132],[-0.183941,0.887371,-0.422774]],[[0.964948,0.244929,0.0942578],[0.257805,-0.81745,-0.515084],[-0.049108,0.521329,-0.851941]]],"btipPosition":[45.6771,205.701,-9.84799],"carpPosition":[34.3618,227.845,53.0901],"dipPosition":[44.7725,215.304,-25.5413],"direction":[0.183941,-0.887371,0.422774],"extended":false,"handId":465,"id":4652,"length":65.6822,"mcpPosition":[28.842,268.781,-1.41549],"pipPosition":[39.6452,240.039,-37.3258],"stabilizedTipPosition":[46.6039,200.531,-20.7092],"timeVisible":26.4647,"tipPosition":[45.4574,208.028,-13.9017],"tipVelocity":[-5.50057,56.8813,11.7484],"tool":false,"touchDistance":0.333333,"touchZone":"none","type":2,"width":18.6218},{"bases":[[[0.982024,0.0998519,0.160186],[-0.179382,0.757821,0.627319],[-0.058753,-0.644777,0.76211]],[[0.983702,0.130151,0.124063],[-0.0187604,0.760501,-0.649065],[-0.178827,0.636159,0.750548]],[[0.983702,0.130151,0.124063],[0.169199,-0.436532,-0.883635],[-0.0608482,0.890225,-0.451439]],[[0.983702,0.130151,0.124063],[0.174842,-0.853407,-0.491047],[0.0419664,0.504735,-0.862254]]],"btipPosition":[57.9553,210.291,2.42883],"carpPosition":[45.632,231.979,54.0448],"dipPosition":[58.7239,219.535,-13.3631],"direction":[0.0608482,-0.890225,0.451439],"extended":false,"handId":465,"id":4653,"length":63.1552,"mcpPosition":[49.2396,271.57,7.24972],"pipPosition":[57.0716,243.708,-25.6217],"stabilizedTipPosition":[58.6793,205.039,-7.44046],"timeVisible":26.4647,"tipPosition":[58.0934,212.249,-1.26843],"tipVelocity":[-3.02594,55.2373,0.723551],"tool":false,"touchDistance":0.333333,"touchZone":"none","type":3,"width":17.7198},{"bases":[[[0.984673,-0.102041,0.141447],[-0.028939,0.704165,0.709447],[-0.171994,-0.702666,0.690419]],[[0.997733,-0.0227854,0.0633142],[0.0557786,0.806357,-0.588793],[-0.037638,0.59099,0.8058]],[[0.997733,-0.0227854,0.0633142],[0.0483977,-0.410713,-0.910479],[0.0467496,0.91148,-0.408679]],[[0.997733,-0.0227854,0.0633142],[0.0144654,-0.846297,-0.532515],[0.0657162,0.532224,-0.844049]]],"btipPosition":[68.4347,222.761,7.83447],"carpPosition":[59.3608,229.774,52.9102],"dipPosition":[69.5451,231.754,-6.4267],"direction":[-0.0467496,-0.91148,0.408679],"extended":false,"handId":465,"id":4654,"length":49.5125,"mcpPosition":[69.1368,269.713,13.6673],"pipPosition":[70.4414,249.229,-14.262],"stabilizedTipPosition":[68.8481,217.551,-2.93183],"timeVisible":26.4647,"tipPosition":[68.6919,224.787,4.27875],"tipVelocity":[-2.62515,52.2205,13.6873],"tool":false,"touchDistance":0.333333,"touchZone":"none","type":4,"width":15.7401}],"r":[[0.929161,0.131131,0.345637],[-0.287994,0.842963,0.454392],[-0.231775,-0.521745,0.821013]],"s":1.01437,"t":[112.973,-12.9373,-105.904],"timestamp":93310955377},false],[2,{"currentFrameRate":55.3171,"devices":[],"gestures":[],"hands":[{"armBasis":[[0.916254,0.396155,-0.0594926],[-0.376849,0.902751,0.207425],[0.135879,-0.167634,0.97644]],"armWidth":62.4607,"confidence":0.854438,"direction":[-0.109195,0.709811,-0.695877],"elbow":[82.6662,174.05,313.27],"grabStrength":0,"id":465,"palmNormal":[0.377306,-0.618074,-0.689656],"palmPosition":[35.65,250.847,13.5897],"palmVelocity":[-5.63143,58.2657,11.6025],"palmWidth":89.1918,"pinchStrength":0.52197,"r":[[0.92943,0.128162,0.346027],[-0.28576,0.843277,0.455219],[-0.233454,-0.521975,0.820391]],"s":1.01375,"sphereCenter":[31.8549,231.408,-30.5746],"sphereRadius":47.1286,"stabilizedPalmPosition":[35.4016,242.989,6.52792],"t":[112.863,-11.8691,-105.697],"timeVisible":26.4827,"type":"right","wrist":[46.7038,218.417,54.8417]}],"id":1674498,"interactionBox":{"center":[0,200,0],"size":[235.247,235.247,147.751]},"pointables":[{"bases":[[[0.0112763,0.827285,0.561669],[-0.866233,-0.272515,0.418779],[0.499513,-0.491258,0.713549]],[[-0.0335883,0.868027,0.49538],[-0.874479,-0.265509,0.405945],[0.483899,-0.419564,0.767989]],[[-0.0335883,0.868027,0.49538],[-0.96987,0.0913592,-0.225844],[-0.241296,-0.48804,0.838805]],[[-0.0335883,0.868027,0.49538],[-0.577454,0.387698,-0.718496],[-0.815732,-0.310192,0.488224]]],"btipPosition":[28.4663,244.008,-32.5364],"carpPosition":[25.3657,200.051,44.2769],"dipPosition":[9.75254,236.892,-21.336],"direction":[0.241296,0.48804,-0.838805],"extended":false,"handId":465,"id":4650,"length":51.0864,"mcpPosition":[25.3657,200.051,44.2769],"pipPosition":[1.688,220.581,6.69832],"stabilizedTipPosition":[24.4386,239.657,-30.9259],"timeVisible":26.4827,"tipPosition":[24.0963,242.135,-29.914],"tipVelocity":[-9.03179,64.8494,12.072],"tool":false,"touchDistance":-0.0318783,"touchZone":"touching","type":0,"width":19.8498},{"bases":[[[0.888239,0.452247,0.0806423],[-0.412004,0.70662,0.575275],[0.203183,-0.544207,0.813975]],[[0.858034,0.513343,-0.0160358],[-0.464179,0.788464,0.403561],[0.219809,-0.338825,0.914812]],[[0.858034,0.513343,-0.0160358],[-0.49971,0.841642,0.204767],[0.118612,-0.167683,0.978679]],[[0.858034,0.513343,-0.0160358],[-0.512101,0.857502,0.0494283],[0.0391244,-0.0341993,0.998649]]],"btipPosition":[-3.11592,280.074,-85.3589],"carpPosition":[24.2591,222.014,51.7801],"dipPosition":[-2.46066,279.502,-68.6336],"direction":[-0.118612,0.167683,-0.978679],"extended":true,"handId":465,"id":4651,"length":57.6453,"mcpPosition":[9.60646,261.26,-6.92021],"pipPosition":[0.349576,275.529,-45.446],"stabilizedTipPosition":[-3.09084,278.232,-81.9098],"timeVisible":26.4827,"tipPosition":[-3.2316,280.383,-81.334],"tipVelocity":[3.78065,69.6209,11.3856],"tool":false,"touchDistance":-0.022133,"touchZone":"touching","type":1,"width":18.9605},{"bases":[[[0.964659,0.247433,0.0906121],[-0.251345,0.760785,0.598357],[0.079117,-0.599986,0.796089]],[[0.965134,0.243685,0.0955769],[-0.128673,0.759647,-0.637479],[-0.227949,0.602954,0.764517]],[[0.965134,0.243685,0.0955769],[0.187041,-0.386587,-0.903087],[-0.18312,0.889476,-0.418688]],[[0.965134,0.243685,0.0955769],[0.257378,-0.816947,-0.516095],[-0.0476833,0.5227,-0.851182]]],"btipPosition":[45.402,207.029,-9.98272],"carpPosition":[34.06,228.907,53.2329],"dipPosition":[44.5237,216.658,-25.662],"direction":[0.18312,-0.889476,0.418688],"extended":false,"handId":465,"id":4652,"length":65.6822,"mcpPosition":[28.6492,269.94,-1.21094],"pipPosition":[39.4193,241.451,-37.3327],"stabilizedTipPosition":[46.4993,201.181,-20.1787],"timeVisible":26.4827,"tipPosition":[45.1943,209.29,-13.9004],"tipVelocity":[-9.95804,64.9186,2.70758],"tool":false,"touchDistance":0.333333,"touchZone":"none","type":2,"width":18.6218},{"bases":[[[0.981971,0.0983832,0.161409],[-0.179132,0.757005,0.628375],[-0.0603661,-0.64596,0.760981]],[[0.983728,0.128844,0.125214],[-0.0180969,0.764446,-0.644434],[-0.178751,0.631682,0.754338]],[[0.983728,0.128844,0.125214],[0.169389,-0.43281,-0.885428],[-0.0598885,0.89223,-0.447592]],[[0.983728,0.128844,0.125214],[0.174373,-0.852587,-0.492636],[0.0432822,0.506454,-0.86118]]],"btipPosition":[57.703,211.52,2.36985],"carpPosition":[45.3342,233.026,54.2066],"dipPosition":[58.4957,220.796,-13.4025],"direction":[0.0598885,-0.89223,0.447592],"extended":false,"handId":465,"id":4653,"length":63.1552,"mcpPosition":[49.0408,272.689,7.48085],"pipPosition":[56.8695,245.024,-25.5566],"stabilizedTipPosition":[58.6211,205.671,-6.9872],"timeVisible":26.4827,"tipPosition":[57.843,213.456,-1.24257],"tipVelocity":[-8.07303,61.496,-1.05188],"tool":false,"touchDistance":0.333333,"touchZone":"none","type":3,"width":17.7198},{"bases":[[[0.984394,-0.103481,0.14234],[-0.0288433,0.703029,0.710576],[-0.173601,-0.703592,0.689072]],[[0.997644,-0.0240216,0.0642622],[0.0572119,0.808242,-0.586064],[-0.0378612,0.58836,0.807712]],[[0.997644,-0.0240216,0.0642622],[0.048879,-0.408406,-0.911491],[0.0481406,0.912484,-0.40627]],[[0.997644,-0.0240216,0.0642622],[0.0140363,-0.845413,-0.533929],[0.067154,0.533573,-0.843084]]],"btipPosition":[68.1835,223.895,7.95523],"carpPosition":[59.0615,230.806,53.0832],"dipPosition":[69.3182,232.91,-6.28964],"direction":[-0.0481406,-0.912484,0.40627],"extended":false,"handId":465,"id":4654,"length":49.5125,"mcpPosition":[68.9288,270.797,13.9169],"pipPosition":[70.2411,250.405,-14.0787],"stabilizedTipPosition":[68.8268,217.995,-2.53019],"timeVisible":26.4827,"tipPosition":[68.4434,225.913,4.43317],"tipVelocity":[-7.83435,57.3362,10.4554],"tool":false,"touchDistance":0.333333,"touchZone":"none","type":4,"width":15.7401}],"r":[[0.92943,0.128162,0.346027],[-0.28576,0.843277,0.455219],[-0.233454,-0.521975,0.820391]],"s":1.01375,"t":[112.863,-11.8691,-105.697],"timestamp":93310973456},false],[3,{"currentFrameRate":55.3315,"devices":[],"gestures":[],"hands":[{"armBasis":[[0.915475,0.397995,-0.0592096],[-0.378148,0.901278,0.21143],[0.137512,-0.171169,0.975598]],"armWidth":62.4607,"confidence":0.856522,"direction":[-0.109751,0.710428,-0.695159],"elbow":[82.9,173.784,313.16],"grabStrength":0,"id":465,"palmNormal":[0.378063,-0.61698,-0.69022],"palmPosition":[35.4283,251.549,13.734],"palmVelocity":[-8.79412,49.105,9.89681],"palmWidth":89.1918,"pinchStrength":0.513516,"r":[[0.9296,0.125899,0.346402],[-0.284159,0.843372,0.456046],[-0.23473,-0.522373,0.819773]],"s":1.01366,"sphereCenter":[31.5417,232.096,-30.549],"sphereRadius":47.2058,"stabilizedPalmPosition":[35.4036,243.624,7.06289],"t":[112.697,-10.9841,-105.522],"timeVisible":26.5008,"type":"right","wrist":[46.5055,219.087,54.9545]}],"id":1674499,"interactionBox":{"center":[0,200,0],"size":[235.247,235.247,147.751]},"pointables":[{"bases":[[[0.010338,0.82671,0.562534],[-0.866051,-0.273809,0.418311],[0.499849,-0.491508,0.713142]],[[-0.031637,0.865033,0.500716],[-0.870218,-0.270263,0.411921],[0.49165,-0.4227,0.761318]],[[-0.031637,0.865033,0.500716],[-0.971538,0.0910516,-0.218685],[-0.234761,-0.493383,0.837532]],[[-0.031637,0.865033,0.500716],[-0.584244,0.390463,-0.711476],[-0.810961,-0.315049,0.493037]]],"btipPosition":[27.5813,245.111,-32.1888],"carpPosition":[25.1879,200.711,44.3659],"dipPosition":[8.97702,237.884,-20.878],"direction":[0.234761,0.493383,-0.837532],"extended":false,"handId":465,"id":4650,"length":51.0864,"mcpPosition":[25.1879,200.711,44.3659],"pipPosition":[1.13089,221.394,7.11385],"stabilizedTipPosition":[24.0205,241.052,-30.4334],"timeVisible":26.5008,"tipPosition":[23.4829,243.13,-29.6165],"tipVelocity":[-27.3707,62.4512,16.1621],"tool":false,"touchDistance":-0.0256611,"touchZone":"touching","type":0,"width":19.8498},{"bases":[[[0.887774,0.453043,0.0813025],[-0.412826,0.705611,0.575924],[0.20355,-0.544854,0.81345]],[[0.857691,0.51395,-0.0148836],[-0.464876,0.787513,0.404614],[0.219672,-0.340115,0.914366]],[[0.857691,0.51395,-0.0148836],[-0.500349,0.84096,0.206004],[0.118392,-0.169241,0.978438]],[[0.857691,0.51395,-0.0148836],[-0.512696,0.857069,0.0507549],[0.0388417,-0.0359013,0.9986]]],"btipPosition":[-3.32791,280.892,-85.1839],"carpPosition":[24.0579,222.665,51.8919],"dipPosition":[-2.67739,280.29,-68.4594],"direction":[-0.118392,0.169241,-0.978438],"extended":true,"handId":465,"id":4651,"length":57.6453,"mcpPosition":[9.37878,261.957,-6.77058],"pipPosition":[0.127645,276.281,-45.2776],"stabilizedTipPosition":[-3.13345,279.461,-81.6308],"timeVisible":26.5008,"tipPosition":[-3.44308,281.16,-81.1677],"tipVelocity":[-3.61851,57.937,10.5846],"tool":false,"touchDistance":-0.0192203,"touchZone":"touching","type":1,"width":18.9605},{"bases":[[[0.964394,0.248294,0.0910749],[-0.252225,0.759911,0.599097],[0.0795433,-0.600737,0.795479]],[[0.964867,0.244573,0.0959937],[-0.130266,0.762603,-0.633614],[-0.22817,0.598849,0.767671]],[[0.964867,0.244573,0.0959937],[0.18712,-0.383193,-0.904516],[-0.184436,0.8907,-0.415495]],[[0.964867,0.244573,0.0959937],[0.258278,-0.815897,-0.517305],[-0.0481978,0.523924,-0.8504]]],"btipPosition":[45.2212,207.877,-10.0724],"carpPosition":[33.8517,229.566,53.354],"dipPosition":[44.3333,217.528,-25.7373],"direction":[0.184436,-0.8907,0.415495],"extended":false,"handId":465,"id":4652,"length":65.6822,"mcpPosition":[28.4118,270.65,-1.04822],"pipPosition":[39.1923,242.356,-37.319],"stabilizedTipPosition":[46.3724,201.944,-19.6222],"timeVisible":26.5008,"tipPosition":[45.0143,210.099,-13.892],"tipVelocity":[-10.052,56.5749,-0.848913],"tool":false,"touchDistance":0.333333,"touchZone":"none","type":2,"width":18.6218},{"bases":[[[0.981839,0.0991874,0.16172],[-0.180014,0.756171,0.629126],[-0.0598868,-0.646813,0.760294]],[[0.983575,0.129787,0.125438],[-0.0204658,0.770665,-0.636912],[-0.179334,0.623884,0.760663]],[[0.983575,0.129787,0.125438],[0.1695,-0.42528,-0.889048],[-0.0620408,0.895708,-0.440294]],[[0.983575,0.129787,0.125438],[0.17549,-0.850181,-0.496382],[0.0422209,0.510242,-0.858994]]],"btipPosition":[57.5644,212.419,2.02454],"carpPosition":[45.1216,233.695,54.3344],"dipPosition":[58.3377,221.764,-13.7077],"direction":[0.0620408,-0.895707,0.440294],"extended":false,"handId":465,"id":4653,"length":63.1552,"mcpPosition":[48.7988,273.411,7.65076],"pipPosition":[56.653,246.087,-25.6637],"stabilizedTipPosition":[58.5491,206.4,-6.54539],"timeVisible":26.5008,"tipPosition":[57.6886,214.332,-1.41281],"tipVelocity":[-8.01023,56.4156,-9.39614],"tool":false,"touchDistance":0.333333,"touchZone":"none","type":3,"width":17.7198},{"bases":[[[0.984466,-0.102655,0.142441],[-0.0296899,0.702258,0.711303],[-0.173049,-0.704482,0.688301]],[[0.997662,-0.022998,0.0643482],[0.0563179,0.810052,-0.583647],[-0.0387026,0.585907,0.809454]],[[0.997662,-0.022998,0.0643482],[0.0494587,-0.406767,-0.912192],[0.0471533,0.913243,-0.404678]],[[0.997662,-0.022998,0.0643482],[0.0149836,-0.845126,-0.534357],[0.0666715,0.534072,-0.842806]]],"btipPosition":[67.9982,224.691,8.03182],"carpPosition":[58.8513,231.49,53.2115],"dipPosition":[69.1247,233.715,-6.20836],"direction":[-0.0471533,-0.913243,0.404678],"extended":false,"handId":465,"id":4654,"length":49.5125,"mcpPosition":[68.6873,271.532,14.089],"pipPosition":[70.0287,251.224,-13.967],"stabilizedTipPosition":[68.7909,218.548,-2.07136],"timeVisible":26.5008,"tipPosition":[68.2532,226.693,4.53927],"tipVelocity":[-9.04427,51.1577,7.5409],"tool":false,"touchDistance":0.333333,"touchZone":"none","type":4,"width":15.7401}],"r":[[0.9296,0.125899,0.346402],[-0.284159,0.843372,0.456046],[-0.23473,-0.522373,0.819773]],"s":1.01366,"t":[112.697,-10.9841,-105.522],"timestamp":93310991479},false],[4,{"currentFrameRate":55.3188,"devices":[],"gestures":[],"hands":[{"armBasis":[[0.912306,0.405261,-0.0588263],[-0.38472,0.897413,0.215964],[0.140313,-0.174393,0.974628]],"armWidth":62.4607,"confidence":0.812195,"direction":[-0.112284,0.710957,-0.694213],"elbow":[83.3238,173.647,313.061],"grabStrength":0,"id":465,"palmNormal":[0.383698,-0.613424,-0.69028],"palmPosition":[35.0203,252.268,13.9184],"palmVelocity":[-15.3252,44.6172,10.0282],"palmWidth":89.1918,"pinchStrength":0.491191,"r":[[0.929393,0.125113,0.34724],[-0.284163,0.842936,0.456849],[-0.235543,-0.523265,0.818971]],"s":1.0152,"sphereCenter":[31.1079,232.775,-30.5626],"sphereRadius":47.3916,"stabilizedPalmPosition":[35.3728,244.319,7.6137],"t":[112.41,-10.1821,-105.341],"timeVisible":26.5189,"type":"right","wrist":[46.188,219.802,55.1118]}],"id":1674500,"interactionBox":{"center":[0,200,0],"size":[235.247,235.247,147.751]},"pointables":[{"bases":[[[0.00374016,0.825769,0.563996],[-0.865454,-0.279878,0.41552],[0.500974,-0.489667,0.713618]],[[-0.0329346,0.859392,0.510256],[-0.861561,-0.28318,0.421333],[0.506584,-0.425741,0.749745]],[[-0.0329346,0.859392,0.510256],[-0.975583,0.0832796,-0.203232],[-0.217149,-0.50449,0.835665]],[[-0.0329346,0.859392,0.510256],[-0.598134,0.392068,-0.698941],[-0.800719,-0.328221,0.501118]]],"btipPosition":[25.8516,246.537,-31.677],"carpPosition":[25.0124,201.314,44.4344],"dipPosition":[7.48221,239.007,-20.1808],"direction":[0.217149,0.50449,-0.835665],"extended":false,"handId":465,"id":4650,"length":51.0864,"mcpPosition":[25.0124,201.314,44.4344],"pipPosition":[0.224693,222.146,7.74856],"stabilizedTipPosition":[23.0217,242.618,-29.849],"timeVisible":26.5189,"tipPosition":[22.2652,244.35,-29.1558],"tipVelocity":[-58.3624,68.3388,23.0317],"tool":false,"touchDistance":-0.0164216,"touchZone":"touching","type":0,"width":19.8498},{"bases":[[[0.884742,0.458365,0.0844603],[-0.418702,0.702039,0.576046],[0.204745,-0.545016,0.813042]],[[0.854816,0.518815,-0.0109634],[-0.470543,0.783844,0.405188],[0.218811,-0.341202,0.914168]],[[0.854816,0.518815,-0.0109634],[-0.505649,0.837501,0.20715],[0.116654,-0.171531,0.978248]],[[0.854816,0.518815,-0.0109634],[-0.517646,0.853995,0.0523045],[0.036499,-0.0390356,0.998571]]],"btipPosition":[-3.62831,281.638,-85.0376],"carpPosition":[23.727,223.247,51.9955],"dipPosition":[-3.01703,280.985,-68.3136],"direction":[-0.116654,0.171531,-0.978248],"extended":true,"handId":465,"id":4651,"length":57.6453,"mcpPosition":[8.96169,262.551,-6.63759],"pipPosition":[-0.253172,276.921,-45.1362],"stabilizedTipPosition":[-3.30898,280.465,-81.4129],"timeVisible":26.5189,"tipPosition":[-3.75314,281.841,-81.0337],"tipVelocity":[-10.0245,49.6552,9.38757],"tool":false,"touchDistance":-0.0167831,"touchZone":"touching","type":1,"width":18.9605},{"bases":[[[0.962598,0.254076,0.0940811],[-0.258502,0.757289,0.599742],[0.0811333,-0.601631,0.794643]],[[0.963081,0.250351,0.0989918],[-0.134392,0.765705,-0.628995],[-0.233268,0.592469,0.771081]],[[0.963081,0.250351,0.0989918],[0.191358,-0.377962,-0.905829],[-0.18936,0.89133,-0.411915]],[[0.963081,0.250351,0.0989918],[0.26467,-0.813234,-0.518267],[-0.0492455,0.525333,-0.84947]]],"btipPosition":[45.1322,208.836,-10.1516],"carpPosition":[33.474,230.206,53.4957],"dipPosition":[44.2251,218.513,-25.7993],"direction":[0.18936,-0.89133,0.411915],"extended":false,"handId":465,"id":4652,"length":65.6822,"mcpPosition":[27.9254,271.351,-0.849324],"pipPosition":[38.9468,243.358,-37.2812],"stabilizedTipPosition":[46.2351,202.808,-19.0656],"timeVisible":26.5189,"tipPosition":[44.9262,211.014,-13.8691],"tipVelocity":[-7.71979,54.9987,-2.42099],"tool":false,"touchDistance":0.333333,"touchZone":"none","type":2,"width":18.6218},{"bases":[[[0.980775,0.104956,0.164513],[-0.18635,0.753941,0.629957],[-0.0579157,-0.648503,0.759005]],[[0.982418,0.135571,0.128359],[-0.0245265,0.775287,-0.631132],[-0.185078,0.616887,0.764981]],[[0.982418,0.135571,0.128359],[0.174166,-0.417875,-0.891654],[-0.0672445,0.898332,-0.43414]],[[0.982418,0.135571,0.128359],[0.182164,-0.846639,-0.500018],[0.0408856,0.514609,-0.85645]]],"btipPosition":[57.4547,213.386,1.87981],"carpPosition":[44.7156,234.403,54.5133],"dipPosition":[58.2035,222.811,-13.8058],"direction":[0.0672445,-0.898332,0.43414],"extended":false,"handId":465,"id":4653,"length":63.1552,"mcpPosition":[48.2718,274.223,7.90885],"pipPosition":[56.3776,247.205,-25.5947],"stabilizedTipPosition":[58.4665,207.22,-6.1139],"timeVisible":26.5189,"tipPosition":[57.5694,215.304,-1.44514],"tipVelocity":[-7.22554,55.4417,-8.44361],"tool":false,"touchDistance":0.333333,"touchZone":"none","type":3,"width":17.7198},{"bases":[[[0.984698,-0.0968321,0.14489],[-0.0359144,0.700812,0.712441],[-0.170528,-0.706743,0.686611]],[[0.997617,-0.0168867,0.0669013],[0.0526615,0.812838,-0.580105],[-0.0445839,0.582245,0.81179]],[[0.997617,-0.0168867,0.0669013],[0.0543624,-0.404759,-0.912806],[0.0424933,0.914267,-0.402877]],[[0.997617,-0.0168867,0.0669013],[0.0215244,-0.845042,-0.534266],[0.0655565,0.534433,-0.842665]]],"btipPosition":[67.7773,225.716,8.2218],"carpPosition":[58.4616,232.284,53.4233],"dipPosition":[68.8849,234.746,-6.01599],"direction":[-0.0424933,-0.914267,0.402877],"extended":false,"handId":465,"id":4654,"length":49.5125,"mcpPosition":[68.1543,272.455,14.3969],"pipPosition":[69.6996,252.274,-13.74],"stabilizedTipPosition":[68.736,219.216,-1.56381],"timeVisible":26.5189,"tipPosition":[68.0263,227.689,4.75477],"tipVelocity":[-10.6572,53.7482,8.95647],"tool":false,"touchDistance":0.333333,"touchZone":"none","type":4,"width":15.7401}],"r":[[0.929393,0.125113,0.34724],[-0.284163,0.842936,0.456849],[-0.235543,-0.523265,0.818971]],"s":1.0152,"t":[112.41,-10.1821,-105.341],"timestamp":93311009600},false],[5,{"currentFrameRate":55.3238,"devices":[],"gestures":[],"hands":[{"armBasis":[[0.90955,0.411433,-0.0586609],[-0.390471,0.894344,0.21836],[0.142304,-0.175704,0.974104]],"armWidth":62.4607,"confidence":0.829224,"direction":[-0.115395,0.711658,-0.692984],"elbow":[83.5683,173.845,312.875],"grabStrength":0,"id":465,"palmNormal":[0.388372,-0.609786,-0.69089],"palmPosition":[34.6108,252.829,13.9183],"palmVelocity":[-18.8178,38.1719,5.26352],"palmWidth":89.1918,"pinchStrength":0.496215,"r":[[0.928971,0.125441,0.348249],[-0.2853,0.842071,0.457734],[-0.235831,-0.524578,0.818048]],"s":1.01578,"sphereCenter":[30.9116,233.401,-30.6536],"sphereRadius":47.3795,"stabilizedPalmPosition":[35.3082,245.041,8.14845],"t":[112.062,-9.50078,-105.252],"timeVisible":26.5369,"type":"right","wrist":[45.9057,220.348,55.0649]}],"id":1674501,"interactionBox":{"center":[0,200,0],"size":[235.247,235.247,147.751]},"pointables":[{"bases":[[[-0.0019958,0.824657,0.565629],[-0.864433,-0.285791,0.413617],[0.502744,-0.488123,0.713431]],[[-0.0386303,0.858038,0.512131],[-0.85976,-0.289725,0.420562],[0.509236,-0.424063,0.748899]],[[-0.0386303,0.858038,0.512131],[-0.976144,0.0771824,-0.202945],[-0.213662,-0.507753,0.834587]],[[-0.0386303,0.858038,0.512131],[-0.600181,0.389845,-0.698429],[-0.798931,-0.334352,0.499919]]],"btipPosition":[25.4077,247.146,-31.6884],"carpPosition":[24.8559,201.756,44.3181],"dipPosition":[7.07939,239.476,-20.2198],"direction":[0.213662,0.507753,-0.834587],"extended":false,"handId":465,"id":4650,"length":51.0864,"mcpPosition":[24.8559,201.756,44.3181],"pipPosition":[-0.0615677,222.506,7.67362],"stabilizedTipPosition":[22.2149,243.837,-29.497],"timeVisible":26.5369,"tipPosition":[21.8318,244.964,-29.1697],"tipVelocity":[-42.0723,51.0719,11.6287],"tool":false,"touchDistance":-0.0167171,"touchZone":"touching","type":0,"width":19.8498},{"bases":[[[0.881895,0.463396,0.0867438],[-0.42372,0.69842,0.576776],[0.206692,-0.545411,0.812284]],[[0.851979,0.523514,-0.00802985],[-0.47556,0.780172,0.406417],[0.21903,-0.34244,0.913652]],[[0.851979,0.523514,-0.00802985],[-0.51055,0.834085,0.208904],[0.116062,-0.173883,0.977903]],[[0.851979,0.523514,-0.00802985],[-0.522383,0.850973,0.0544073],[0.0353162,-0.0421593,0.998487]]],"btipPosition":[-4.04149,282.246,-85.0267],"carpPosition":[23.4296,223.666,51.9204],"dipPosition":[-3.45002,281.54,-68.3041],"direction":[-0.116062,0.173883,-0.977903],"extended":true,"handId":465,"id":4651,"length":57.6453,"mcpPosition":[8.52387,262.999,-6.65797],"pipPosition":[-0.700194,277.42,-45.1349],"stabilizedTipPosition":[-3.60476,281.268,-81.2977],"timeVisible":26.5369,"tipPosition":[-4.16829,282.393,-81.0338],"tipVelocity":[-16.2492,41.7455,5.20795],"tool":false,"touchDistance":-0.0166068,"touchZone":"touching","type":1,"width":18.9605},{"bases":[[[0.960938,0.25955,0.096083],[-0.263885,0.754564,0.600831],[0.0834452,-0.602717,0.79358]],[[0.961445,0.255747,0.101082],[-0.139481,0.770296,-0.622245],[-0.237,0.584155,0.776269]],[[0.961445,0.255747,0.101082],[0.194179,-0.37108,-0.908072],[-0.194727,0.892689,-0.406433]],[[0.961445,0.255747,0.101082],[0.270204,-0.810209,-0.520146],[-0.0511286,0.527404,-0.848075]]],"btipPosition":[44.9939,209.701,-10.5487],"carpPosition":[33.1332,230.68,53.4495],"dipPosition":[44.0521,219.416,-26.1707],"direction":[0.194727,-0.892689,0.406433],"extended":false,"handId":465,"id":4652,"length":65.6822,"mcpPosition":[27.4264,271.899,-0.822796],"pipPosition":[38.6242,244.299,-37.4998],"stabilizedTipPosition":[46.0929,203.698,-18.5854],"timeVisible":26.5369,"tipPosition":[44.7872,211.822,-14.1258],"tipVelocity":[-7.90181,51.8462,-11.5575],"tool":false,"touchDistance":0.333333,"touchZone":"none","type":2,"width":18.6218},{"bases":[[[0.979884,0.110401,0.166249],[-0.191761,0.751581,0.631152],[-0.0552701,-0.650336,0.757633]],[[0.981401,0.140966,0.130312],[-0.0293496,0.781012,-0.623827],[-0.189714,0.608399,0.770623]],[[0.981401,0.140966,0.130312],[0.177671,-0.409893,-0.894662],[-0.0727029,0.901175,-0.427315]],[[0.981401,0.140966,0.130312],[0.18798,-0.843359,-0.503398],[0.0389381,0.518531,-0.854172]]],"btipPosition":[57.3119,214.259,1.46956],"carpPosition":[44.3483,234.941,54.493],"dipPosition":[58.025,223.756,-14.1744],"direction":[0.0727029,-0.901175,0.427315],"extended":false,"handId":465,"id":4653,"length":63.1552,"mcpPosition":[47.742,274.873,7.97274],"pipPosition":[56.0508,248.227,-25.7779],"stabilizedTipPosition":[58.3764,208.058,-5.75148],"timeVisible":26.5369,"tipPosition":[57.4171,216.159,-1.73525],"tipVelocity":[-7.76739,52.5004,-14.9697],"tool":false,"touchDistance":0.333333,"touchZone":"none","type":3,"width":17.7198},{"bases":[[[0.985026,-0.0913214,0.146234],[-0.0411435,0.699175,0.713766],[-0.167425,-0.709094,0.684948]],[[0.997601,-0.0110604,0.0683389],[0.0485227,0.815802,-0.576292],[-0.049377,0.578225,0.814382]],[[0.997601,-0.0110604,0.0683389],[0.0581728,-0.401218,-0.914133],[0.0375295,0.915916,-0.399612]],[[0.997601,-0.0110604,0.0683389],[0.0273629,-0.843773,-0.536002],[0.0635909,0.536586,-0.841446]]],"btipPosition":[67.542,226.541,8.14018],"carpPosition":[58.1082,232.905,53.4202],"dipPosition":[68.6164,235.608,-6.07702],"direction":[-0.0375295,-0.915916,0.399612],"extended":false,"handId":465,"id":4654,"length":49.5125,"mcpPosition":[67.6245,273.209,14.4883],"pipPosition":[69.3359,253.168,-13.7385],"stabilizedTipPosition":[68.6602,219.969,-1.04888],"timeVisible":26.5369,"tipPosition":[67.7808,228.505,4.71802],"tipVelocity":[-11.9846,50.1565,2.68163],"tool":false,"touchDistance":0.333333,"touchZone":"none","type":4,"width":15.7401}],"r":[[0.928971,0.125441,0.348249],[-0.2853,0.842071,0.457734],[-0.235831,-0.524578,0.818048]],"s":1.01578,"t":[112.062,-9.50078,-105.252],"timestamp":93311027658},false],[6,{"currentFrameRate":55.3189,"devices":[],"gestures":[],"hands":[{"armBasis":[[0.908599,0.413485,-0.0589673],[-0.392669,0.89377,0.216765],[0.142332,-0.173798,0.974441]],"armWidth":62.4607,"confidence":0.83781,"direction":[-0.116614,0.71158,-0.69286],"elbow":[83.1733,174.704,312.96],"grabStrength":0,"id":465,"palmNormal":[0.39041,-0.608618,-0.690771],"palmPosition":[34.1599,253.167,13.9148],"palmVelocity":[-21.7185,28.9213,2.6686],"palmWidth":89.1918,"pinchStrength":0.500622,"r":[[0.928517,0.126139,0.349207],[-0.286696,0.841208,0.458447],[-0.235928,-0.525793,0.817239]],"s":1.01543,"sphereCenter":[30.6214,233.745,-30.7129],"sphereRadius":47.3444,"stabilizedPalmPosition":[35.2079,245.751,8.65209],"t":[111.663,-8.99078,-105.208],"timeVisible":26.555,"type":"right","wrist":[45.5031,220.702,55.0604]}],"id":1674502,"interactionBox":{"center":[0,200,0],"size":[235.247,235.247,147.751]},"pointables":[{"bases":[[[-0.00446878,0.824479,0.565875],[-0.864045,-0.288048,0.412862],[0.503395,-0.487096,0.713674]],[[-0.0413689,0.857977,0.51202],[-0.859377,-0.291961,0.419797],[0.509666,-0.422652,0.749404]],[[-0.0413689,0.857977,0.51202],[-0.976144,0.0746159,-0.2039],[-0.213146,-0.508241,0.834422]],[[-0.0413689,0.857977,0.51202],[-0.600495,0.388228,-0.69906],[-0.798558,-0.336385,0.49915]]],"btipPosition":[25.0126,247.446,-31.7163],"carpPosition":[24.5076,202.062,44.2917],"dipPosition":[6.69278,239.729,-20.2653],"direction":[0.213146,0.508241,-0.834422],"extended":false,"handId":465,"id":4650,"length":51.0864,"mcpPosition":[24.5076,202.062,44.2917],"pipPosition":[-0.430939,222.743,7.62256],"stabilizedTipPosition":[21.5793,244.66,-29.3109],"timeVisible":26.555,"tipPosition":[21.421,245.277,-29.192],"tipVelocity":[-32.3992,34.3754,5.25872],"tool":false,"touchDistance":-0.0172499,"touchZone":"touching","type":0,"width":19.8498},{"bases":[[[0.880682,0.465545,0.0875659],[-0.425889,0.697198,0.576657],[0.207409,-0.545145,0.81228]],[[0.850995,0.525134,-0.0064043],[-0.477466,0.778711,0.406983],[0.218708,-0.343282,0.913413]],[[0.850995,0.525134,-0.0064043],[-0.512282,0.832729,0.210071],[0.115649,-0.175489,0.977665]],[[0.850995,0.525134,-0.0064043],[-0.524016,0.849866,0.0559899],[0.034845,-0.0442912,0.998411]]],"btipPosition":[-4.4702,282.636,-85.0304],"carpPosition":[23.0214,223.966,51.8995],"dipPosition":[-3.88661,281.894,-68.3091],"direction":[-0.115649,0.175489,-0.977665],"extended":true,"handId":465,"id":4651,"length":57.6453,"mcpPosition":[8.06392,263.28,-6.67863],"pipPosition":[-1.14658,277.736,-45.1455],"stabilizedTipPosition":[-3.96304,281.855,-81.2422],"timeVisible":26.555,"tipPosition":[-4.59367,282.716,-81.0524],"tipVelocity":[-19.8368,31.9209,2.62686],"tool":false,"touchDistance":-0.0166731,"touchZone":"touching","type":1,"width":18.9605},{"bases":[[[0.96022,0.261892,0.0969052],[-0.266211,0.753729,0.600853],[0.084318,-0.602748,0.793464]],[[0.96074,0.258028,0.101982],[-0.141723,0.772392,-0.619132],[-0.238524,0.580372,0.778636]],[[0.96074,0.258028,0.101982],[0.195441,-0.368493,-0.908854],[-0.196931,0.893104,-0.404455]],[[0.96074,0.258028,0.101982],[0.2726,-0.809436,-0.520098],[-0.0516524,0.527479,-0.847996]]],"btipPosition":[44.6504,210.192,-10.7205],"carpPosition":[32.7064,231.003,53.4382],"dipPosition":[43.699,219.908,-26.3411],"direction":[0.196931,-0.893104,0.404455],"extended":false,"handId":465,"id":4652,"length":65.6822,"mcpPosition":[26.9399,272.224,-0.826145],"pipPosition":[38.2096,244.803,-37.615],"stabilizedTipPosition":[45.9327,204.54,-18.1735],"timeVisible":26.555,"tipPosition":[44.4473,212.277,-14.2353],"tipVelocity":[-13.2288,40.1082,-10.5679],"tool":false,"touchDistance":0.333333,"touchZone":"none","type":2,"width":18.6218},{"bases":[[[0.97948,0.112768,0.167041],[-0.194104,0.750916,0.631228],[-0.0542514,-0.650699,0.757395]],[[0.980946,0.143106,0.131402],[-0.0328284,0.788711,-0.613887],[-0.191489,0.597876,0.778381]],[[0.980946,0.143106,0.131402],[0.178458,-0.396327,-0.900598],[-0.0768023,0.906888,-0.414314]],[[0.980946,0.143106,0.131402],[0.190794,-0.837178,-0.512572],[0.0366552,0.527876,-0.84853]]],"btipPosition":[57.042,214.767,0.686705],"carpPosition":[43.9101,235.291,54.4916],"dipPosition":[57.7134,224.434,-14.8539],"direction":[0.0768023,-0.906888,0.414314],"extended":false,"handId":465,"id":4653,"length":63.1552,"mcpPosition":[47.2413,275.245,7.98602],"pipPosition":[55.6278,249.061,-26.1044],"stabilizedTipPosition":[58.2852,208.749,-5.53017],"timeVisible":26.555,"tipPosition":[57.1192,216.702,-2.26879],"tipVelocity":[-11.4177,41.9056,-27.801],"tool":false,"touchDistance":0.333333,"touchZone":"none","type":3,"width":17.7198},{"bases":[[[0.985135,-0.0889345,0.14697],[-0.0434213,0.698856,0.713943],[-0.166205,-0.709712,0.684606]],[[0.997589,-0.00839568,0.0688907],[0.0464616,0.818176,-0.573088],[-0.0515532,0.574907,0.816593]],[[0.997589,-0.00839568,0.0688907],[0.0598557,-0.398307,-0.915297],[0.0351242,0.917214,-0.396844]],[[0.997589,-0.00839568,0.0688907],[0.0299966,-0.842981,-0.537107],[0.0625829,0.537878,-0.840697]]],"btipPosition":[67.1788,227.029,8.02598],"carpPosition":[57.6758,233.29,53.429],"dipPosition":[68.2362,236.118,-6.17856],"direction":[-0.0351242,-0.917214,0.396844],"extended":false,"handId":465,"id":4654,"length":49.5125,"mcpPosition":[67.1228,273.629,14.5165],"pipPosition":[68.9097,253.703,-13.787],"stabilizedTipPosition":[68.5556,220.743,-0.558048],"timeVisible":26.555,"tipPosition":[67.4076,228.98,4.66432],"tipVelocity":[-15.9321,39.2682,-1.51849],"tool":false,"touchDistance":0.333333,"touchZone":"none","type":4,"width":15.7401}],"r":[[0.928517,0.126139,0.349207],[-0.286696,0.841208,0.458447],[-0.235928,-0.525793,0.817239]],"s":1.01543,"t":[111.663,-8.99078,-105.208],