{"sensorType":"Leap","data":[[0,{"currentFrameRate":55.012,"devices":[],"gestures":[],"hands":[{"armBasis":[[0.927922,0.368088,-0.058917],[-0.345186,0.908121,0.236986],[0.140735,-0.199567,0.969725]],"armWidth":62.4607,"confidence":0.848873,"direction":[-0.0863485,0.721277,-0.687243],"elbow":[79.4838,169.438,308.971],"grabStrength":0,"id":465,"palmNormal":[0.351846,-0.623291,-0.698365],"palmPosition":[32.191,255.539,11.4909],"palmVelocity":[-21.0367,86.8237,-4.49997],"palmWidth":89.1918,"pinchStrength":0.526792,"r":[[0.930071,0.109957,0.350538],[-0.271664,0.848182,0.454738],[-0.247319,-0.518167,0.818741]],"s":1.01525,"sphereCenter":[26.3991,236.698,-32.8712],"sphereRadius":47.2971,"stabilizedPalmPosition":[32.442,254.621,11.493],"t":[109.686,-7.67546,-107.509],"timeVisible":30.2882,"type":"right","wrist":[42.2362,222.256,52.3201]}],"id":1674705,"interactionBox":{"center":[0,200,0],"size":[235.247,235.247,147.751]},"pointables":[{"bases":[[[0.0435115,0.819799,0.570995],[-0.873773,-0.245878,0.4196],[0.484383,-0.517178,0.70562]],[[-0.00485195,0.867147,0.498028],[-0.883073,-0.237401,0.404749],[0.46921,-0.437832,0.766907]],[[-0.00485195,0.867147,0.498028],[-0.968058,0.120775,-0.21972],[-0.250679,-0.483187,0.838863]],[[-0.00485195,0.867147,0.498028],[-0.58473,0.401557,-0.704871],[-0.811213,-0.294632,0.505099]]],"btipPosition":[24.2337,249.128,-35.5051],"carpPosition":[20.2044,204.796,41.6443],"dipPosition":[5.62359,242.369,-23.9176],"direction":[0.250679,0.483187,-0.838863],"extended":false,"handId":465,"id":4650,"length":51.0864,"mcpPosition":[20.2044,204.796,41.6443],"pipPosition":[-2.75453,226.22,4.11871],"stabilizedTipPosition":[20.1212,247.094,-32.808],"timeVisible":30.2882,"tipPosition":[19.9977,247.473,-32.41],"tipVelocity":[-30.1578,98.5858,-9.22394],"tool":false,"touchDistance":-0.0777205,"touchZone":"touching","type":0,"width":19.8498},{"bases":[[[0.904337,0.418921,0.0817298],[-0.383795,0.714346,0.585159],[0.186752,-0.560549,0.806789]],[[0.870763,0.490897,-0.028156],[-0.435114,0.795955,0.42087],[0.229014,-0.354226,0.906684]],[[0.870763,0.490897,-0.028156],[-0.473131,0.852087,0.223819],[0.133863,-0.181572,0.974224]],[[0.870763,0.490897,-0.028156],[-0.488233,0.86999,0.0688945],[0.0583155,-0.0462441,0.997227]]],"btipPosition":[-7.3368,287.115,-86.747],"carpPosition":[19.9238,226.696,49.4021],"dipPosition":[-6.36014,286.34,-70.0455],"direction":[-0.133863,0.181572,-0.974224],"extended":true,"handId":465,"id":4651,"length":57.6453,"mcpPosition":[6.456,267.121,-8.77999],"pipPosition":[-3.18855,282.038,-46.9635],"stabilizedTipPosition":[-7.07913,286.806,-82.9206],"timeVisible":30.2882,"tipPosition":[-7.3716,287.042,-82.8197],"tipVelocity":[-22.4795,129.962,10.1776],"tool":false,"touchDistance":-0.0864016,"touchZone":"touching","type":1,"width":18.9605},{"bases":[[[0.973342,0.21138,0.0890176],[-0.221187,0.762406,0.608123],[0.0606775,-0.611601,0.788836]],[[0.973246,0.212338,0.0877811],[-0.112368,0.773102,-0.62425],[-0.200416,0.597684,0.776278]],[[0.973246,0.212338,0.0877811],[0.166316,-0.387443,-0.906767],[-0.158531,0.897107,-0.412393]],[[0.973246,0.212338,0.0877811],[0.226723,-0.825513,-0.516842],[-0.0372808,0.522916,-0.851569]]],"btipPosition":[40.3986,212.163,-12.5551],"carpPosition":[29.9734,233.214,50.8885],"dipPosition":[39.7119,221.795,-28.2415],"direction":[0.158531,-0.897107,0.412393],"extended":false,"handId":465,"id":4652,"length":65.6822,"mcpPosition":[25.8237,275.041,-3.05928],"pipPosition":[35.2929,246.802,-39.7367],"stabilizedTipPosition":[43.3847,207.331,-17.151],"timeVisible":30.2882,"tipPosition":[40.3211,214.139,-16.5728],"tipVelocity":[-41.6192,100.112,-16.544],"tool":false,"touchDistance":0.333333,"touchZone":"none","type":2,"width":18.6218},{"bases":[[[0.985548,0.0609949,0.158033],[-0.149034,0.755674,0.637766],[-0.0805211,-0.652101,0.753844]],[[0.988317,0.0930148,0.12074],[0.00438224,0.774518,-0.632536],[-0.152351,0.625675,0.765062]],[[0.988317,0.0930148,0.12074],[0.149183,-0.42811,-0.891328],[-0.0312166,0.898927,-0.436985]],[[0.988317,0.0930148,0.12074],[0.14153,-0.854068,-0.500537],[0.0565632,0.511777,-0.857254]]],"btipPosition":[52.8215,215.767,-0.370542],"carpPosition":[41.3931,236.912,51.8576],"dipPosition":[53.8574,225.14,-16.0709],"direction":[0.0312166,-0.898927,0.436985],"extended":false,"handId":465,"id":4653,"length":63.1552,"mcpPosition":[46.3373,276.952,5.57005],"pipPosition":[53.0097,249.55,-27.937],"stabilizedTipPosition":[55.7831,211.13,-4.47357],"timeVisible":30.2882,"tipPosition":[53.0236,217.454,-4.03149],"tipVelocity":[-36.4366,92.5643,-19.9463],"tool":false,"touchDistance":0.333333,"touchZone":"none","type":3,"width":17.7198},{"bases":[[[0.980591,-0.140592,0.136656],[-0.00045569,0.695362,0.71866],[-0.196063,-0.704774,0.681802]],[[0.996389,-0.060701,0.0593649],[0.0837018,0.819536,-0.566881],[-0.0142415,0.569803,0.821658]],[[0.996389,-0.060701,0.0593649],[0.0309219,-0.391742,-0.919555],[0.0790737,0.918071,-0.38845]],[[0.996389,-0.060701,0.0593649],[-0.0185791,-0.838128,-0.545157],[0.082847,0.542085,-0.83623]]],"btipPosition":[63.7482,227.759,4.99078],"carpPosition":[55.0264,234.21,50.6463],"dipPosition":[65.148,236.918,-9.13828],"direction":[-0.0790737,-0.918071,0.38845],"extended":false,"handId":465,"id":4654,"length":49.5125,"mcpPosition":[66.1704,274.269,11.8932],"pipPosition":[66.6641,254.52,-16.5858],"stabilizedTipPosition":[66.7246,222.39,0.588003],"timeVisible":30.2882,"tipPosition":[64.0364,229.547,1.61483],"tipVelocity":[-30.2444,86.4836,-19.7139],"tool":false,"touchDistance":0.333333,"touchZone":"none","type":4,"width":15.7401}],"r":[[0.930071,0.109957,0.350538],[-0.271664,0.848182,0.454738],[-0.247319,-0.518167,0.818741]],"s":1.01525,"t":[109.686,-7.67546,-107.509],"timestamp":93314778891},false],[1,{"currentFrameRate":55.0922,"devices":[],"gestures":[],"hands":[{"armBasis":[[0.930615,0.360396,-0.0638043],[-0.337914,0.913017,0.228505],[0.140607,-0.19109,0.97145]],"armWidth":62.4607,"confidence":0.849804,"direction":[-0.0864048,0.725682,-0.682583],"elbow":[78.8123,173.29,308.547],"grabStrength":0,"id":465,"palmNormal":[0.345375,-0.620839,-0.703758],"palmPosition":[31.5052,257.433,10.8562],"palmVelocity":[-29.2074,95.8465,-19.1189],"palmWidth":89.1918,"pinchStrength":0.537384,"r":[[0.931866,0.102553,0.348008],[-0.264716,0.848136,0.458901],[-0.248096,-0.519757,0.817497]],"s":1.0137,"sphereCenter":[25.5043,238.909,-33.608],"sphereRadius":47.245,"stabilizedPalmPosition":[31.791,256.575,11.0504],"t":[109.147,-5.94553,-107.866],"timeVisible":30.306,"type":"right","wrist":[41.5988,223.865,51.4393]}],"id":1674706,"interactionBox":{"center":[0,200,0],"size":[235.247,235.247,147.751]},"pointables":[{"bases":[[[0.0502581,0.816232,0.575534],[-0.872799,-0.244226,0.422583],[0.485486,-0.523563,0.700132]],[[0.0011824,0.864745,0.502211],[-0.882154,-0.235619,0.407784],[0.470959,-0.443509,0.76256]],[[0.0011824,0.864745,0.502211],[-0.968495,0.126056,-0.214772],[-0.24903,-0.486134,0.83765]],[[0.0011824,0.864745,0.502211],[-0.585889,0.407586,-0.700434],[-0.810391,-0.293411,0.507126]]],"btipPosition":[23.301,251.251,-36.1688],"carpPosition":[19.4313,206.571,40.7738],"dipPosition":[4.7098,244.52,-24.5348],"direction":[0.24903,0.486134,-0.83765],"extended":false,"handId":465,"id":4650,"length":51.0864,"mcpPosition":[19.4313,206.571,40.7738],"pipPosition":[-3.61322,228.273,3.4609],"stabilizedTipPosition":[19.2238,249.23,-33.3688],"timeVisible":30.306,"tipPosition":[19.0622,249.636,-33.0684],"tipVelocity":[-40.4254,108.289,-22.0999],"tool":false,"touchDistance":-0.0912253,"touchZone":"touching","type":0,"width":19.8498},{"bases":[[[0.906705,0.414189,0.0795857],[-0.377464,0.712703,0.591248],[0.188167,-0.566128,0.802553]],[[0.873381,0.486202,-0.0284952],[-0.428728,0.795261,0.428664],[0.231078,-0.36217,0.903015]],[[0.873381,0.486202,-0.0284952],[-0.467388,0.853162,0.231653],[0.136941,-0.189003,0.972381]],[[0.873381,0.486202,-0.0284952],[-0.483072,0.872238,0.0764366],[0.0620182,-0.0529931,0.996667]]],"btipPosition":[-8.29132,289.871,-86.9757],"carpPosition":[19.2932,228.427,48.6604],"dipPosition":[-7.25264,288.984,-70.2835],"direction":[-0.136941,0.189003,-0.972381],"extended":true,"handId":465,"id":4651,"length":57.6453,"mcpPosition":[5.72335,269.254,-9.21624],"pipPosition":[-4.00813,284.506,-47.2452],"stabilizedTipPosition":[-8.01588,289.56,-83.1284],"timeVisible":30.306,"tipPosition":[-8.32459,289.729,-83.0598],"tipVelocity":[-36.6813,140.715,-0.707954],"tool":false,"touchDistance":-0.099018,"touchZone":"touching","type":1,"width":18.9605},{"bases":[[[0.974765,0.206287,0.0853146],[-0.214518,0.759864,0.613668],[0.0617642,-0.616483,0.784942]],[[0.974668,0.207241,0.0840997],[-0.11341,0.782055,-0.612804],[-0.192769,0.587743,0.785747]],[[0.974668,0.207241,0.0840997],[0.159516,-0.380569,-0.910891],[-0.156768,0.901232,-0.403987]],[[0.974668,0.207241,0.0840997],[0.22032,-0.824981,-0.520448],[-0.0384774,0.525793,-0.849742]]],"btipPosition":[39.3433,214.473,-13.7589],"carpPosition":[29.3808,234.889,50.1338],"dipPosition":[38.6345,224.159,-29.4116],"direction":[0.156768,-0.901232,0.403987],"extended":false,"handId":465,"id":4652,"length":65.6822,"mcpPosition":[25.1568,277.049,-3.54769],"pipPosition":[34.2647,249.28,-40.6725],"stabilizedTipPosition":[42.2989,209.751,-17.2048],"timeVisible":30.306,"tipPosition":[39.2643,216.376,-17.624],"tipVelocity":[-49.9672,114.169,-40.2899],"tool":false,"touchDistance":0.333333,"touchZone":"none","type":2,"width":18.6218},{"bases":[[[0.986609,0.0554453,0.15339],[-0.142249,0.752622,0.642904],[-0.0797987,-0.656115,0.75043]],[[0.989352,0.0878991,0.116005],[0.00343081,0.782731,-0.622351],[-0.145504,0.616122,0.774094]],[[0.989352,0.0878991,0.116005],[0.1424,-0.419804,-0.896374],[-0.0300913,0.903349,-0.42785]],[[0.989352,0.0878991,0.116005],[0.135042,-0.85167,-0.506382],[0.0542871,0.516655,-0.854471]]],"btipPosition":[51.9179,217.837,-1.64663],"carpPosition":[40.8226,238.527,51.0665],"dipPosition":[52.9121,227.3,-17.296],"direction":[0.0300913,-0.903349,0.42785],"extended":false,"handId":465,"id":4653,"length":63.1552,"mcpPosition":[45.7224,278.814,4.98858],"pipPosition":[52.095,251.83,-28.9141],"stabilizedTipPosition":[54.956,213.151,-4.64927],"timeVisible":30.306,"tipPosition":[52.0994,219.513,-5.17689],"tipVelocity":[-43.3454,104.083,-43.8901],"tool":false,"touchDistance":0.333333,"touchZone":"none","type":3,"width":17.7198},{"bases":[[[0.980593,-0.145988,0.130864],[0.00644864,0.69114,0.722692],[-0.19595,-0.707822,0.678669]],[[0.996401,-0.0655268,0.053775],[0.0844105,0.825143,-0.558582],[-0.00777,0.561111,0.827704]],[[0.996401,-0.0655268,0.053775],[0.0244624,-0.385117,-0.922543],[0.081161,0.920538,-0.382128]],[[0.996401,-0.0655268,0.053775],[-0.0253555,-0.835731,-0.548553],[0.0808864,0.545216,-0.834384]]],"btipPosition":[62.9209,229.692,3.93102],"carpPosition":[54.4367,235.769,49.7704],"dipPosition":[64.2876,238.904,-10.1669],"direction":[-0.081161,-0.920538,0.382128],"extended":false,"handId":465,"id":4654,"length":49.5125,"mcpPosition":[65.5743,276.001,11.1954],"pipPosition":[65.8436,256.552,-17.4931],"stabilizedTipPosition":[66.038,224.244,0.60778],"timeVisible":30.306,"tipPosition":[63.1928,231.459,0.610954],"tipVelocity":[-38.009,97.0105,-38.1818],"tool":false,"touchDistance":0.333333,"touchZone":"none","type":4,"width":15.7401}],"r":[[0.931866,0.102553,0.348008],[-0.264716,0.848136,0.458901],[-0.248096,-0.519757,0.817497]],"s":1.0137,"t":[109.147,-5.94553,-107.866],"timestamp":93314796764},false],[2,{"currentFrameRate":55.1334,"devices":[],"gestures":[],"hands":[{"armBasis":[[0.931356,0.358455,-0.0639221],[-0.335521,0.91309,0.231718],[0.141427,-0.194364,0.970681]],"armWidth":62.4607,"confidence":0.810227,"direction":[-0.0875944,0.728285,-0.679653],"elbow":[78.4217,173.499,307.858],"grabStrength":0,"id":465,"palmNormal":[0.341956,-0.618834,-0.707185],"palmPosition":[30.8115,258.671,10.5277],"palmVelocity":[-33.6333,83.0413,-18.7107],"palmWidth":89.1918,"pinchStrength":0.548776,"r":[[0.933529,0.0960806,0.345386],[-0.258561,0.847803,0.463008],[-0.248333,-0.521535,0.816292]],"s":1.01169,"sphereCenter":[24.7363,240.355,-33.9896],"sphereRadius":47.1844,"stabilizedPalmPosition":[31.0951,258.064,10.6791],"t":[108.531,-4.46143,-108.209],"timeVisible":30.324,"type":"right","wrist":[40.9911,224.941,50.9541]}],"id":1674707,"interactionBox":{"center":[0,200,0],"size":[235.247,235.247,147.751]},"pointables":[{"bases":[[[0.0535452,0.814062,0.578304],[-0.871728,-0.24437,0.424705],[0.487056,-0.526865,0.696556]],[[0.00310722,0.863987,0.503504],[-0.881292,-0.235574,0.409671],[0.472563,-0.445007,0.760693]],[[0.00310722,0.863987,0.503504],[-0.968924,0.127139,-0.212185],[-0.24734,-0.487198,0.837533]],[[0.00310722,0.863987,0.503504],[-0.585047,0.409913,-0.699779],[-0.810993,-0.292399,0.506747]]],"btipPosition":[22.5079,252.486,-36.536],"carpPosition":[18.7594,207.721,40.3026],"dipPosition":[3.90289,245.778,-24.9107],"direction":[0.24734,0.487198,-0.837533],"extended":false,"handId":465,"id":4650,"length":51.0864,"mcpPosition":[18.7594,207.721,40.3026],"pipPosition":[-4.36365,229.495,3.08111],"stabilizedTipPosition":[18.4011,250.647,-33.7768],"timeVisible":30.324,"tipPosition":[18.2413,250.948,-33.4415],"tipVelocity":[-42.2365,89.6475,-21.3493],"tool":false,"touchDistance":-0.0973782,"touchZone":"touching","type":0,"width":19.8498},{"bases":[[[0.907635,0.412459,0.0779543],[-0.374286,0.711156,0.59512],[0.190025,-0.569328,0.799847]],[[0.874472,0.484228,-0.0286645],[-0.42558,0.794232,0.433679],[0.232766,-0.367041,0.900611]],[[0.874472,0.484228,-0.0286645],[-0.464724,0.853258,0.236606],[0.139029,-0.193584,0.971183]],[[0.874472,0.484228,-0.0286645],[-0.480793,0.873073,0.0811281],[0.0643106,-0.0571626,0.996291]]],"btipPosition":[-9.194,291.607,-87.0364],"carpPosition":[18.6833,229.548,48.2687],"dipPosition":[-8.11693,290.649,-70.3505],"direction":[-0.139029,0.193584,-0.971183],"extended":true,"handId":465,"id":4651,"length":57.6453,"mcpPosition":[4.97958,270.605,-9.41285],"pipPosition":[-4.82295,286.063,-47.3406],"stabilizedTipPosition":[-8.9246,291.344,-83.197],"timeVisible":30.324,"tipPosition":[-9.23217,291.415,-83.1288],"tipVelocity":[-42.8348,119.317,-2.0088],"tool":false,"touchDistance":-0.104958,"touchZone":"touching","type":1,"width":18.9605},{"bases":[[[0.975382,0.20443,0.0826967],[-0.211188,0.757977,0.617147],[0.063481,-0.619419,0.78249]],[[0.975284,0.205377,0.0814999],[-0.115484,0.788255,-0.604415],[-0.188376,0.580064,0.79249]],[[0.975284,0.205377,0.0814999],[0.155617,-0.376595,-0.913214],[-0.15686,0.903325,-0.399247]],[[0.975284,0.205377,0.0814999],[0.217357,-0.825433,-0.520976],[-0.0397237,0.525814,-0.849672]]],"btipPosition":[38.4493,216.077,-14.4464],"carpPosition":[28.7863,235.988,49.7306],"dipPosition":[37.7176,225.763,-30.0978],"direction":[0.15686,-0.903325,0.399247],"extended":false,"handId":465,"id":4652,"length":65.6822,"mcpPosition":[24.4449,278.35,-3.78322],"pipPosition":[33.3452,250.943,-41.2266],"stabilizedTipPosition":[41.2391,212.007,-17.4267],"timeVisible":30.324,"tipPosition":[38.3717,217.91,-18.2176],"tipVelocity":[-49.9688,102.324,-39.2946],"tool":false,"touchDistance":0.333333,"touchZone":"none","type":2,"width":18.6218},{"bases":[[[0.987219,0.0533239,0.150185],[-0.138831,0.750514,0.646108],[-0.078263,-0.6587,0.748324]],[[0.989892,0.0860808,0.11271],[0.0014078,0.788725,-0.614745],[-0.141815,0.60869,0.780631]],[[0.989892,0.0860808,0.11271],[0.138452,-0.414336,-0.899531],[-0.0307327,0.906044,-0.422066]],[[0.989892,0.0860808,0.11271],[0.131927,-0.850553,-0.509073],[0.0520439,0.518797,-0.853312]]],"btipPosition":[51.1349,219.287,-2.41141],"carpPosition":[40.2371,239.605,50.637],"dipPosition":[52.0881,228.789,-18.0396],"direction":[0.0307327,-0.906044,0.422066],"extended":false,"handId":465,"id":4653,"length":63.1552,"mcpPosition":[45.0426,280.051,4.68837],"pipPosition":[51.2536,253.392,-29.5006],"stabilizedTipPosition":[54.1465,215.021,-4.95415],"timeVisible":30.324,"tipPosition":[51.3033,220.943,-5.85733],"tipVelocity":[-43.6718,93.1835,-43.103],"tool":false,"touchDistance":0.333333,"touchZone":"none","type":3,"width":17.7198},{"bases":[[[0.980803,-0.148016,0.126952],[0.0100428,0.688508,0.725159],[-0.194743,-0.709963,0.676777]],[[0.996518,-0.0669167,0.0497337],[0.0832575,0.830269,-0.55111],[-0.00441393,0.553332,0.832949]],[[0.996518,-0.0669167,0.0497337],[0.0206902,-0.37937,-0.925014],[0.0807664,0.922822,-0.376665]],[[0.996518,-0.0669167,0.0497337],[-0.0285241,-0.834147,-0.550805],[0.0783433,0.547468,-0.833151]]],"btipPosition":[62.192,231.062,3.24471],"carpPosition":[53.8421,236.83,49.284],"dipPosition":[63.5157,240.312,-10.8323],"direction":[-0.0807664,-0.922822,0.376665],"extended":false,"handId":465,"id":4654,"length":49.5125,"mcpPosition":[64.9112,277.184,10.8165],"pipPosition":[65.0642,258.005,-18.0539],"stabilizedTipPosition":[65.3399,226.007,0.489345],"timeVisible":30.324,"tipPosition":[62.4438,232.807,-0.00690137],"tipVelocity":[-39.4517,87.3686,-38.0355],"tool":false,"touchDistance":0.333333,"touchZone":"none","type":4,"width":15.7401}],"r":[[0.933529,0.0960806,0.345386],[-0.258561,0.847803,0.463008],[-0.248333,-0.521535,0.816292]],"s":1.01169,"t":[108.531,-4.46143,-108.209],"timestamp":93314814759},false],[3,{"currentFrameRate":55.0873,"devices":[],"gestures":[],"hands":[{"armBasis":[[0.933491,0.353027,-0.0629827],[-0.33001,0.914433,0.234321],[0.140315,-0.197952,0.970117]],"armWidth":62.4607,"confidence":0.814745,"direction":[-0.0880751,0.735145,-0.672165],"elbow":[77.4264,174.019,306.69],"grabStrength":0,"id":465,"palmNormal":[0.336165,-0.613264,-0.714773],"palmPosition":[30.0451,260.567,9.88591],"palmVelocity":[-37.5723,92.8812,-26.5441],"palmWidth":89.1918,"pinchStrength":0.56655,"r":[[0.935228,0.0895276,0.342539],[-0.252531,0.846791,0.46816],[-0.248146,-0.524338,0.814551]],"s":1.0093,"sphereCenter":[23.8009,242.721,-34.8143],"sphereRadius":47.1387,"stabilizedPalmPosition":[30.3285,259.892,10.1],"t":[107.84,-2.77115,-108.702],"timeVisible":30.3423,"type":"right","wrist":[40.2901,226.41,49.9352]}],"id":1674708,"interactionBox":{"center":[0,200,0],"size":[235.247,235.247,147.751]},"pointables":[{"bases":[[[0.0594564,0.808228,0.585861],[-0.870601,-0.245156,0.426559],[0.488384,-0.535413,0.689068]],[[0.00806132,0.859784,0.510595],[-0.880107,-0.236298,0.411795],[0.474707,-0.452698,0.754797]],[[0.00806132,0.859784,0.510595],[-0.969593,0.131616,-0.206318],[-0.244591,-0.493406,0.834701]],[[0.00806132,0.859784,0.510595],[-0.583654,0.418656,-0.695755],[-0.811962,-0.292402,0.505191]]],"btipPosition":[21.5153,254.727,-37.1935],"carpPosition":[17.9413,209.378,39.2263],"dipPosition":[2.88804,248.019,-25.6039],"direction":[0.244591,0.493406,-0.834701],"extended":false,"handId":465,"id":4650,"length":51.0864,"mcpPosition":[17.9413,209.378,39.2263],"pipPosition":[-5.28662,231.529,2.29333],"stabilizedTipPosition":[17.4086,252.8,-34.4139],"timeVisible":30.3423,"tipPosition":[17.2398,253.235,-34.1242],"tipVelocity":[-48.1098,105.344,-28.5435],"tool":false,"touchDistance":-0.110612,"touchZone":"touching","type":0,"width":19.8498},{"bases":[[[0.909576,0.408243,0.0775177],[-0.36868,0.706786,0.603762],[0.191693,-0.577746,0.793387]],[[0.876564,0.480514,-0.0272447],[-0.420171,0.791635,0.443589],[0.234719,-0.377386,0.895816]],[[0.876564,0.480514,-0.0272447],[-0.459919,0.852984,0.246765],[0.141813,-0.203775,0.968692]],[[0.876564,0.480514,-0.0272447],[-0.476513,0.874432,0.0911255],[0.0676107,-0.0668948,0.995467]]],"btipPosition":[-10.2137,294.633,-87.1616],"carpPosition":[17.9875,231.127,47.4028],"dipPosition":[-9.08133,293.513,-70.4896],"direction":[-0.141813,0.203775,-0.968692],"extended":true,"handId":465,"id":4651,"length":57.6453,"mcpPosition":[4.16339,272.792,-9.81284],"pipPosition":[-5.72139,288.685,-47.5386],"stabilizedTipPosition":[-9.93925,294.334,-83.3253],"timeVisible":30.3423,"tipPosition":[-10.2586,294.388,-83.258],"tipVelocity":[-48.6626,140.372,-4.40841],"tool":false,"touchDistance":-0.115646,"touchZone":"touching","type":1,"width":18.9605},{"bases":[[[0.976547,0.199922,0.0799244],[-0.2053,0.752774,0.625447],[0.0648759,-0.627186,0.776162]],[[0.976452,0.200829,0.0788022],[-0.117911,0.802693,-0.584621],[-0.180663,0.561562,0.807471]],[[0.976452,0.200829,0.0788022],[0.148497,-0.360705,-0.920783],[-0.156495,0.910802,-0.382034]],[[0.976452,0.200829,0.0788022],[0.21164,-0.820882,-0.530435],[-0.0418395,0.534622,-0.844055]]],"btipPosition":[37.354,218.639,-16.1577],"carpPosition":[28.122,237.515,48.8777],"dipPosition":[36.5833,228.487,-31.7057],"direction":[0.156495,-0.910802,0.382034],"extended":false,"handId":465,"id":4652,"length":65.6822,"mcpPosition":[23.6852,280.408,-4.20343],"pipPosition":[32.2211,253.875,-42.3546],"stabilizedTipPosition":[40.1534,214.385,-18.0433],"timeVisible":30.3423,"tipPosition":[37.2676,220.406,-19.6539],"tipVelocity":[-54.9238,121.306,-64.6437],"tool":false,"touchDistance":0.333333,"touchZone":"none","type":2,"width":18.6218},{"bases":[[[0.988129,0.0481278,0.145894],[-0.132833,0.744757,0.653983],[-0.077181,-0.665599,0.742308]],[[0.990746,0.0811992,0.108764],[0.00132905,0.795478,-0.605982],[-0.135724,0.600518,0.788008]],[[0.990746,0.0811992,0.108764],[0.132524,-0.405537,-0.904421],[-0.0293305,0.910465,-0.412545]],[[0.990746,0.0811992,0.108764],[0.126189,-0.846171,-0.517755],[0.0499916,0.526688,-0.848587]]],"btipPosition":[50.155,221.278,-3.58395],"carpPosition":[39.5908,241.079,49.7632],"dipPosition":[51.0706,230.924,-19.1256],"direction":[0.0293305,-0.910465,0.412545],"extended":false,"handId":465,"id":4653,"length":63.1552,"mcpPosition":[44.3299,281.948,4.184],"pipPosition":[50.2741,255.648,-30.3281],"stabilizedTipPosition":[53.2955,216.929,-5.45029],"timeVisible":30.3423,"tipPosition":[50.3153,222.972,-7.00001],"tipVelocity":[-48.6167,101.508,-52.6175],"tool":false,"touchDistance":0.333333,"touchZone":"none","type":3,"width":17.7198},{"bases":[[[0.980828,-0.152953,0.120752],[0.0161811,0.681426,0.731708],[-0.1942,-0.715726,0.670837]],[[0.996526,-0.0707879,0.0438861],[0.0832749,0.837451,-0.54013],[0.00148218,0.541908,0.840437]],[[0.996526,-0.0707879,0.0438861],[0.0147154,-0.368988,-0.929318],[0.0819779,0.926735,-0.366664]],[[0.996526,-0.0707879,0.0438861],[-0.0343284,-0.829169,-0.557944],[0.0758846,0.554498,-0.828718]]],"btipPosition":[61.3114,233.028,2.08964],"carpPosition":[53.1784,238.266,48.3175],"dipPosition":[62.5936,242.397,-11.9125],"direction":[-0.0819779,-0.926735,0.366664],"extended":false,"handId":465,"id":4654,"length":49.5125,"mcpPosition":[64.2166,278.947,10.1876],"pipPosition":[64.1653,260.164,-18.9423],"stabilizedTipPosition":[64.5964,227.835,0.166701],"timeVisible":30.3423,"tipPosition":[61.5452,234.78,-1.10884],"tipVelocity":[-43.8429,97.6583,-49.593],"tool":false,"touchDistance":0.333333,"touchZone":"none","type":4,"width":15.7401}],"r":[[0.935228,0.0895276,0.342539],[-0.252531,0.846791,0.46816],[-0.248146,-0.524338,0.814551]],"s":1.0093,"t":[107.84,-2.77115,-108.702],"timestamp":93314833072},false],[4,{"currentFrameRate":55.1576,"devices":[],"gestures":[],"hands":[{"armBasis":[[0.933825,0.351962,-0.0639751],[-0.32754,0.913141,0.242676],[0.143831,-0.205663,0.967996]],"armWidth":62.4607,"confidence":0.814762,"direction":[-0.0903174,0.736298,-0.670603],"elbow":[77.9388,172.817,305.89],"grabStrength":0,"id":465,"palmNormal":[0.331094,-0.612855,-0.717486],"palmPosition":[29.4749,261.485,9.75358],"palmVelocity":[-34.8874,73.2694,-17.5145],"palmWidth":89.1918,"pinchStrength":0.576614,"r":[[0.936958,0.0838311,0.339238],[-0.24686,0.845895,0.472781],[-0.247326,-0.52672,0.813262]],"s":1.00668,"sphereCenter":[23.0788,243.742,-34.9562],"sphereRadius":47.0783,"stabilizedPalmPosition":[29.7138,261.039,9.85051],"t":[107.209,-1.46726,-109.014],"timeVisible":30.3602,"type":"right","wrist":[39.8719,227.249,49.6967]}],"id":1674709,"interactionBox":{"center":[0,200,0],"size":[235.247,235.247,147.751]},"pointables":[{"bases":[[[0.0641951,0.807251,0.586707],[-0.868737,-0.244116,0.430933],[0.491095,-0.537358,0.685618]],[[0.0111104,0.860267,0.509723],[-0.878315,-0.235258,0.416193],[0.477953,-0.452322,0.752971]],[[0.0111104,0.860267,0.509723],[-0.970508,0.132039,-0.20169],[-0.240811,-0.49245,0.836363]],[[0.0111104,0.860267,0.509723],[-0.582412,0.419931,-0.696028],[-0.812818,-0.289136,0.505695]]],"btipPosition":[20.741,255.5,-37.3129],"carpPosition":[17.4326,210.276,39.0848],"dipPosition":[2.09413,248.867,-25.7117],"direction":[0.240811,0.49245,-0.836363],"extended":false,"handId":465,"id":4650,"length":51.0864,"mcpPosition":[17.4326,210.276,39.0848],"pipPosition":[-5.95421,232.408,2.24107],"stabilizedTipPosition":[16.6084,253.782,-34.6069],"timeVisible":30.3602,"tipPosition":[16.4445,254.103,-34.2494],"tipVelocity":[-45.9558,76.4831,-18.1591],"tool":false,"touchDistance":-0.112558,"touchZone":"touching","type":0,"width":19.8498},{"bases":[[[0.910767,0.406388,0.0731615],[-0.364032,0.706603,0.606789],[0.194895,-0.579277,0.791489]],[[0.877687,0.47827,-0.0303918],[-0.415996,0.79182,0.447178],[0.237937,-0.379839,0.893929]],[[0.877687,0.47827,-0.0303918],[-0.456557,0.853747,0.250343],[0.145679,-0.205847,0.96768]],[[0.877687,0.47827,-0.0303918],[-0.473821,0.87553,0.0945549],[0.0718317,-0.0685893,0.995056]]],"btipPosition":[-11.1649,295.81,-87.0246],"carpPosition":[17.565,232.013,47.2925],"dipPosition":[-9.96187,294.661,-70.3595],"direction":[-0.145679,0.205847,-0.96768],"extended":true,"handId":465,"id":4651,"length":57.6453,"mcpPosition":[3.50996,273.788,-9.78617],"pipPosition":[-6.51035,289.784,-47.4325],"stabilizedTipPosition":[-10.8792,295.534,-83.1929],"timeVisible":30.3602,"tipPosition":[-11.2096,295.543,-83.1233],"tipVelocity":[-50.3657,105.025,1.2422],"tool":false,"touchDistance":-0.116188,"touchZone":"touching","type":1,"width":18.9605},{"bases":[[[0.977349,0.197936,0.0749],[-0.200448,0.752246,0.627652],[0.0678917,-0.628449,0.774883]],[[0.977241,0.198921,0.0736849],[-0.120526,0.80651,-0.578804],[-0.174564,0.556751,0.812131]],[[0.977241,0.198921,0.0736849],[0.142516,-0.358376,-0.922635],[-0.157125,0.912139,-0.37857]],[[0.977241,0.198921,0.0736849],[0.207277,-0.82155,-0.531124],[-0.0451159,0.534309,-0.844084]]],"btipPosition":[36.5352,219.785,-16.5424],"carpPosition":[27.7196,238.379,48.7216],"dipPosition":[35.7041,229.627,-32.091],"direction":[0.157125,-0.912139,0.37857],"extended":false,"handId":465,"id":4652,"length":65.6822,"mcpPosition":[23.0766,281.358,-4.27199],"pipPosition":[31.3244,255.053,-42.6434],"stabilizedTipPosition":[39.1737,216.356,-18.577],"timeVisible":30.3602,"tipPosition":[36.4357,221.52,-19.9862],"tipVelocity":[-50.9786,94.2821,-44.3047],"tool":false,"touchDistance":0.333333,"touchZone":"none","type":2,"width":18.6218},{"bases":[[[0.988998,0.0460227,0.140584],[-0.127842,0.744048,0.655781],[-0.0744207,-0.666539,0.741746]],[[0.991474,0.0790595,0.103583],[-0.00138549,0.801269,-0.598303],[-0.1303,0.593058,0.794546]],[[0.991474,0.0790595,0.103583],[0.126645,-0.3975,-0.908821],[-0.0306765,0.91419,-0.404123]],[[0.991474,0.0790595,0.103583],[0.121933,-0.843259,-0.523494],[0.0459604,0.531661,-0.845709]]],"btipPosition":[49.4674,222.311,-4.33051],"carpPosition":[39.1999,241.92,49.5499],"dipPosition":[50.3092,232.048,-19.8195],"direction":[0.0306765,-0.91419,0.404123],"extended":false,"handId":465,"id":4653,"length":63.1552,"mcpPosition":[43.7695,282.847,4.0052],"pipPosition":[49.4762,256.873,-30.7932],"stabilizedTipPosition":[52.5446,218.503,-5.95496],"timeVisible":30.3602,"tipPosition":[49.6038,224.026,-7.58548],"tipVelocity":[-44.2659,81.4249,-47.1677],"tool":false,"touchDistance":0.333333,"touchZone":"none","type":3,"width":17.7198},{"bases":[[[0.981175,-0.155006,0.115189],[0.0214703,0.680319,0.732602],[-0.191923,-0.716337,0.67084]],[[0.996639,-0.0725034,0.0381207],[0.0816228,0.839789,-0.536743],[0.00690233,0.53805,0.842884]],[[0.996639,-0.0725034,0.0381207],[0.00897367,-0.365935,-0.930597],[0.0814211,0.927812,-0.364054]],[[0.996639,-0.0725034,0.0381207],[-0.0388639,-0.828189,-0.5591],[0.0721078,0.555739,-0.828224]]],"btipPosition":[60.6642,233.972,1.65491],"carpPosition":[52.7741,239.083,48.0261],"dipPosition":[61.8826,243.361,-12.3389],"direction":[-0.0814211,-0.927812,0.364054],"extended":false,"handId":465,"id":4654,"length":49.5125,"mcpPosition":[63.6828,279.799,9.89608],"pipPosition":[63.4436,261.15,-19.3186],"stabilizedTipPosition":[63.9065,229.402,-0.160151],"timeVisible":30.3602,"tipPosition":[60.8788,235.721,-1.50684],"tipVelocity":[-40.6178,76.6116,-37.6161],"tool":false,"touchDistance":0.333333,"touchZone":"none","type":4,"width":15.7401}],"r":[[0.936958,0.0838311,0.339238],[-0.24686,0.845895,0.472781],[-0.247326,-0.52672,0.813262]],"s":1.00668,"t":[107.209,-1.46726,-109.014],"timestamp":93314850958},false],[5,{"currentFrameRate":55.1819,"devices":[],"gestures":[],"hands":[{"armBasis":[[0.934739,0.348988,-0.0668664],[-0.323721,0.913954,0.244728],[0.14652,-0.207111,0.967283]],"armWidth":62.4607,"confidence":0.821463,"direction":[-0.0913206,0.737257,-0.669412],"elbow":[78.1542,172.908,305.538],"grabStrength":0,"id":465,"palmNormal":[0.325968,-0.613056,-0.719658],"palmPosition":[28.8912,262.03,9.67467],"palmVelocity":[-33.6902,52.8469,-11.28],"palmWidth":89.1918,"pinchStrength":0.586217,"r":[[0.938673,0.0786676,0.335714],[-0.241381,0.845186,0.476861],[-0.246227,-0.528652,0.812342]],"s":1.00403,"sphereCenter":[22.3557,244.384,-35.0133],"sphereRadius":47.0125,"stabilizedPalmPosition":[29.1312,261.741,9.72597],"t":[106.602,-0.542689,-109.21],"timeVisible":30.3783,"type":"right","wrist":[39.3756,227.723,49.5334]}],"id":1674710,"interactionBox":{"center":[0,200,0],"size":[235.247,235.247,147.751]},"pointables":[{"bases":[[[0.0692655,0.806448,0.587234],[-0.867417,-0.242061,0.434735],[0.492737,-0.539489,0.68276]],[[0.013782,0.861672,0.507278],[-0.877705,-0.232609,0.41896],[0.479004,-0.451015,0.753088]],[[0.013782,0.861672,0.507278],[-0.970799,0.133047,-0.199621],[-0.239499,-0.489714,0.838344]],[[0.013782,0.861672,0.507278],[-0.579268,0.420401,-0.698363],[-0.81502,-0.284225,0.504933]]],"btipPosition":[20.1018,255.781,-37.4432],"carpPosition":[16.838,210.825,39.0089],"dipPosition":[1.40432,249.261,-25.8595],"direction":[0.239499,0.489714,-0.838344],"extended":false,"handId":465,"id":4650,"length":51.0864,"mcpPosition":[16.838,210.825,39.0089],"pipPosition":[-6.60017,232.894,2.15947],"stabilizedTipPosition":[15.951,254.189,-34.747],"timeVisible":30.3783,"tipPosition":[15.7365,254.522,-34.3723],"tipVelocity":[-41.2721,48.2785,-13.0769],"tool":false,"touchDistance":-0.114797,"touchZone":"touching","type":0,"width":19.8498},{"bases":[[[0.912269,0.403683,0.0693251],[-0.359152,0.707014,0.609213],[0.196915,-0.580665,0.78997]],[[0.879237,0.475228,-0.0331792],[-0.411372,0.792526,0.450196],[0.240241,-0.38218,0.892313]],[[0.879237,0.475228,-0.0331792],[-0.452558,0.854983,0.253368],[0.148775,-0.207755,0.966801]],[[0.879237,0.475228,-0.0331792],[-0.470377,0.877067,0.0974652],[0.0754186,-0.0700882,0.994686]]],"btipPosition":[-12.0345,296.619,-86.8742],"carpPosition":[17.0715,232.553,47.2384],"dipPosition":[-10.7714,295.445,-70.2152],"direction":[-0.148775,0.207755,-0.966801],"extended":true,"handId":465,"id":4651,"length":57.6453,"mcpPosition":[2.87087,274.428,-9.73083],"pipPosition":[-7.24648,290.523,-47.3091],"stabilizedTipPosition":[-11.7389,296.345,-83.0435],"timeVisible":30.3783,"tipPosition":[-12.0762,296.33,-82.9766],"tipVelocity":[-48.9787,76.3316,4.57167],"tool":false,"touchDistance":-0.113705,"touchZone":"touching","type":1,"width":18.9605},{"bases":[[[0.978256,0.195038,0.070537],[-0.195341,0.752163,0.629359],[0.0696937,-0.629453,0.773907]],[[0.978147,0.196007,0.0693453],[-0.121206,0.808568,-0.575784],[-0.168928,0.554797,0.814656]],[[0.978147,0.196007,0.0693453],[0.13709,-0.357268,-0.923886],[-0.156314,0.913204,-0.376331]],[[0.978147,0.196007,0.0693453],[0.202451,-0.821972,-0.53233],[-0.0473406,0.534736,-0.843692]]],"btipPosition":[35.6955,220.418,-16.7597],"carpPosition":[27.2511,238.888,48.6265],"dipPosition":[34.8234,230.268,-32.301],"direction":[0.156314,-0.913204,0.376331],"extended":false,"handId":465,"id":4652,"length":65.6822,"mcpPosition":[22.4848,281.936,-4.30031],"pipPosition":[30.4663,255.723,-42.791],"stabilizedTipPosition":[38.2487,217.947,-19.0188],"timeVisible":30.3783,"tipPosition":[35.5857,222.151,-20.184],"tipVelocity":[-49.1256,66.2468,-28.9538],"tool":false,"touchDistance":0.333333,"touchZone":"none","type":2,"width":18.6218},{"bases":[[[0.989773,0.0430233,0.136009],[-0.122629,0.743727,0.65714],[-0.0728813,-0.667098,0.741396]],[[0.992169,0.0760435,0.0990853],[-0.00214682,0.80357,-0.595207],[-0.124884,0.590333,0.79744]],[[0.992169,0.0760435,0.0990853],[0.121182,-0.393907,-0.911127],[-0.0302549,0.915999,-0.400037]],[[0.992169,0.0760435,0.0990853],[0.117148,-0.841719,-0.527054],[0.0433229,0.534534,-0.844036]]],"btipPosition":[48.7179,222.839,-4.72241],"carpPosition":[38.7453,242.396,49.4049],"dipPosition":[49.5114,232.629,-20.1807],"direction":[0.0302549,-0.915999,0.400037],"extended":false,"handId":465,"id":4653,"length":63.1552,"mcpPosition":[43.2203,283.357,3.88164],"pipPosition":[48.6898,257.502,-31.0435],"stabilizedTipPosition":[51.8445,219.769,-6.40125],"timeVisible":30.3783,"tipPosition":[48.8421,224.589,-7.92512],"tipVelocity":[-43.2697,56.9854,-34.9108],"tool":false,"touchDistance":0.333333,"touchZone":"none","type":3,"width":17.7198},{"bases":[[[0.98125,-0.157956,0.110443],[0.026856,0.679487,0.733196],[-0.190857,-0.716483,0.670989]],[[0.996693,-0.0744745,0.0325115],[0.0803666,0.844167,-0.530022],[0.012028,0.530882,0.84736]],[[0.996693,-0.0744745,0.0325115],[0.0036516,-0.358633,-0.933471],[0.0811796,0.930503,-0.357175]],[[0.996693,-0.0744745,0.0325115],[-0.0433064,-0.825336,-0.562979],[0.0687605,0.55971,-0.825831]]],"btipPosition":[60.017,234.548,1.10764],"carpPosition":[52.3039,239.521,47.8147],"dipPosition":[61.1788,244.005,-12.8457],"direction":[-0.0811796,-0.930503,0.357175],"extended":false,"handId":465,"id":4654,"length":49.5125,"mcpPosition":[63.1521,280.245,9.67626],"pipPosition":[62.7352,261.844,-19.6936],"stabilizedTipPosition":[63.2753,230.678,-0.498487],"timeVisible":30.3783,"tipPosition":[60.2032,236.303,-1.94003],"tipVelocity":[-38.712,55.8217,-33.919],"tool":false,"touchDistance":0.333333,"touchZone":"none","type":4,"width":15.7401}],"r":[[0.938673,0.0786676,0.335714],[-0.241381,0.845186,0.476861],[-0.246227,-0.528652,0.812342]],"s":1.00403,"t":[106.602,-0.542689,-109.21],"timestamp":93314868996},false],[6,{"currentFrameRate":55.1776,"devices":[],"gestures":[],"hands":[{"armBasis":[[0.935542,0.346618,-0.0679437],[-0.320904,0.914464,0.246528],[0.147583,-0.208834,0.966751]],"armWidth":62.4607,"confidence":0.825522,"direction":[-0.0918588,0.737527,-0.669041],"elbow":[77.9368,172.934,305.311],"grabStrength":0,"id":465,"palmNormal":[0.3222,-0.613723,-0.720785],"palmPosition":[28.3387,262.54,9.62643],"palmVelocity":[-32.1503,41.0562,-7.17362],"palmWidth":89.1918,"pinchStrength":0.588401,"r":[[0.940273,0.0741096,0.332256],[-0.236288,0.844689,0.48028],[-0.245059,-0.530103,0.81175]],"s":1.00192,"sphereCenter":[21.6688,244.918,-35.0744],"sphereRadius":47.0042,"stabilizedPalmPosition":[28.5844,262.292,9.65729],"t":[106.022,0.174389,-109.332],"timeVisible":30.3964,"type":"right","wrist":[38.8769,228.205,49.4472]}],"id":1674711,"interactionBox":{"center":[0,200,0],"size":[235.247,235.247,147.751]},"pointables":[{"bases":[[[0.0730319,0.806232,0.587075],[-0.866523,-0.240136,0.437575],[0.493765,-0.540671,0.681081]],[[0.0171978,0.86178,0.506991],[-0.875519,-0.231907,0.423893],[0.482877,-0.45117,0.750516]],[[0.0171978,0.86178,0.506991],[-0.971847,0.133579,-0.19409],[-0.234986,-0.48938,0.839815]],[[0.0171978,0.86178,0.506991],[-0.579757,0.421716,-0.697164],[-0.814608,-0.281942,0.506875]]],"btipPosition":[19.1803,256.26,-37.4242],"carpPosition":[16.2664,211.359,38.9957],"dipPosition":[0.492361,249.792,-25.796],"direction":[0.234986,0.48938,-0.839815],"extended":false,"handId":465,"id":4650,"length":51.0864,"mcpPosition":[16.2664,211.359,38.9957],"pipPosition":[-7.36128,233.436,2.27211],"stabilizedTipPosition":[15.0982,254.654,-34.7492],"timeVisible":30.3964,"tipPosition":[14.9003,255.014,-34.3818],"tipVelocity":[-45.7538,38.1578,-6.0814],"tool":false,"touchDistance":-0.11431,"touchZone":"touching","type":0,"width":19.8498},{"bases":[[[0.913405,0.401607,0.0663487],[-0.355535,0.707767,0.610459],[0.198205,-0.581186,0.789264]],[[0.880549,0.47265,-0.0351537],[-0.407826,0.793392,0.451893],[0.241478,-0.383578,0.891379]],[[0.880549,0.47265,-0.0351537],[-0.449333,0.8561,0.25533],[0.150777,-0.209035,0.966215]],[[0.880549,0.47265,-0.0351537],[-0.467504,0.878367,0.0995595],[0.0779346,-0.0712325,0.99441]]],"btipPosition":[-12.7643,297.298,-86.7775],"carpPosition":[16.5764,233.086,47.2263],"dipPosition":[-11.4591,296.105,-70.1231],"direction":[-0.150777,0.209035,-0.966215],"extended":true,"handId":465,"id":4651,"length":57.6453,"mcpPosition":[2.28267,274.999,-9.69193],"pipPosition":[-7.88676,291.152,-47.2309],"stabilizedTipPosition":[-12.4597,297.02,-82.9475],"timeVisible":30.3964,"tipPosition":[-12.8049,296.981,-82.8847],"tipVelocity":[-44.5602,57.6809,4.90624],"tool":false,"touchDistance":-0.11211,"touchZone":"touching","type":1,"width":18.9605},{"bases":[[[0.978923,0.192814,0.0673241],[-0.191557,0.752543,0.630068],[0.0708214,-0.629684,0.773616]],[[0.978814,0.19377,0.0661487],[-0.121795,0.810719,-0.572627],[-0.164586,0.552439,0.817143]],[[0.978814,0.19377,0.0661487],[0.132875,-0.35535,-0.925241],[-0.155778,0.914429,-0.373569]],[[0.978814,0.19377,0.0661487],[0.198789,-0.821967,-0.533717],[-0.0490462,0.535559,-0.843072]]],"btipPosition":[34.9534,221.006,-16.9909],"carpPosition":[26.7748,239.398,48.5814],"dipPosition":[34.0499,230.871,-32.5208],"direction":[0.155778,-0.914429,0.373569],"extended":false,"handId":465,"id":4652,"length":65.6822,"mcpPosition":[21.9314,282.462,-4.32554],"pipPosition":[29.7077,256.36,-42.9338],"stabilizedTipPosition":[37.3951,219.245,-19.3951],"timeVisible":30.3964,"tipPosition":[34.8331,222.74,-20.362],"tipVelocity":[-45.4033,50.2115,-21.1639],"tool":false,"touchDistance":0.333333,"touchZone":"none","type":2,"width":18.6218},{"bases":[[[0.990312,0.0407667,0.132744],[-0.118772,0.743939,0.657608],[-0.0719451,-0.667003,0.741573]],[[0.992658,0.0737086,0.0959015],[-0.0027189,0.806268,-0.591544],[-0.120924,0.58694,0.800549]],[[0.992658,0.0737086,0.0959015],[0.117208,-0.390375,-0.913165],[-0.0298705,0.917701,-0.396148]],[[0.992658,0.0737086,0.0959015],[0.113577,-0.840692,-0.529469],[0.0415971,0.536474,-0.842891]]],"btipPosition":[48.0424,223.383,-5.07875],"carpPosition":[38.2794,242.879,49.3221],"dipPosition":[48.8042,233.209,-20.5161],"direction":[0.0298705,-0.917701,0.396148],"extended":false,"handId":465,"id":4653,"length":63.1552,"mcpPosition":[42.697,283.834,3.78802],"pipPosition":[47.9931,258.128,-31.2733],"stabilizedTipPosition":[51.1947,220.821,-6.80041],"timeVisible":30.3964,"tipPosition":[48.1586,225.148,-8.21283],"tipVelocity":[-40.5913,44.3546,-27.5127],"tool":false,"touchDistance":0.333333,"touchZone":"none","type":3,"width":17.7198},{"bases":[[[0.981249,-0.16019,0.107188],[0.0308168,0.679353,0.733164],[-0.190264,-0.716114,0.671551]],[[0.996669,-0.0762955,0.0288031],[0.0799999,0.846133,-0.526934],[0.0158314,0.527483,0.849418]],[[0.996669,-0.0762955,0.0288031],[-0.000189345,-0.355354,-0.934732],[0.0815511,0.931613,-0.354185]],[[0.996669,-0.0762955,0.0288031],[-0.0467785,-0.824161,-0.564421],[0.0668011,0.561193,-0.824985]]],"btipPosition":[59.3998,235.051,0.804951],"carpPosition":[51.8262,239.974,47.687],"dipPosition":[60.5284,244.533,-13.1341],"direction":[-0.0815511,-0.931613,0.354185],"extended":false,"handId":465,"id":4654,"length":49.5125,"mcpPosition":[62.6407,280.677,9.51653],"pipPosition":[62.092,262.394,-19.9246],"stabilizedTipPosition":[62.6889,231.74,-0.807032],"timeVisible":30.3964,"tipPosition":[59.5735,236.813,-2.19301],"tipVelocity":[-36.6823,42.6016,-25.6247],"tool":false,"touchDistance":0.333333,"touchZone":"none","type":4,"width":15.7401}],"r":[[0.940273,0.0741096,0.332256],[-0.236288,0.84468