{"sensorType":"Leap","data":[[0,{"currentFrameRate":55.298,"devices":[],"gestures":[],"hands":[{"armBasis":[[0.915905,0.397449,-0.0561503],[-0.377246,0.900126,0.217851],[0.137127,-0.178348,0.974365]],"armWidth":62.4607,"confidence":0.851099,"direction":[-0.103524,0.708311,-0.698268],"elbow":[80.7173,174.504,311.203],"grabStrength":0,"id":465,"palmNormal":[0.37931,-0.62087,-0.686035],"palmPosition":[33.6809,254.061,11.9302],"palmVelocity":[-25.1974,52.8976,-3.25794],"palmWidth":89.1918,"pinchStrength":0.485529,"r":[[0.927878,0.117669,0.35383],[-0.277828,0.851058,0.445546],[-0.248703,-0.511716,0.822371]],"s":1.02504,"sphereCenter":[28.8378,234.681,-32.3723],"sphereRadius":47.5853,"stabilizedPalmPosition":[34.1576,253.042,11.9773],"t":[111.248,-8.53503,-107.088],"timeVisible":28.4894,"type":"right","wrist":[44.4248,221.707,53.3239]}],"id":1674608,"interactionBox":{"center":[0,200,0],"size":[235.247,235.247,147.751]},"pointables":[{"bases":[[[0.0105222,0.828695,0.559602],[-0.869207,-0.269082,0.414818],[0.494337,-0.490774,0.717476]],[[-0.0275822,0.864032,0.50268],[-0.863879,-0.273616,0.422904],[0.502944,-0.42259,0.753966]],[[-0.0275822,0.864032,0.50268],[-0.974558,0.0886548,-0.205859],[-0.222433,-0.495569,0.839604]],[[-0.0275822,0.864032,0.50268],[-0.643893,0.369295,-0.670092],[-0.764619,-0.342155,0.546158]]],"btipPosition":[23.4593,248.462,-34.7912],"carpPosition":[23.0936,203.372,42.6916],"dipPosition":[5.91812,240.613,-22.2618],"direction":[0.222433,0.495569,-0.839604],"extended":false,"handId":465,"id":4650,"length":51.0864,"mcpPosition":[23.0936,203.372,42.6916],"pipPosition":[-1.516,224.05,5.79926],"stabilizedTipPosition":[19.5418,246.473,-31.9122],"timeVisible":28.4894,"tipPosition":[20.4262,246.007,-31.9143],"tipVelocity":[-39.1893,63.4108,2.09925],"tool":false,"touchDistance":-0.055294,"touchZone":"touching","type":0,"width":19.8498},{"bases":[[[0.889025,0.45004,0.0842524],[-0.413153,0.709215,0.571244],[0.197329,-0.542659,0.816445]],[[0.860091,0.510019,-0.0111406],[-0.457702,0.781139,0.424654],[0.225284,-0.360142,0.905287]],[[0.860091,0.510019,-0.0111406],[-0.494663,0.839135,0.226185],[0.124707,-0.189029,0.974021]],[[0.860091,0.510019,-0.0111406],[-0.50818,0.858493,0.0688619],[0.044685,-0.0535661,0.997564]]],"btipPosition":[-5.41427,285.034,-86.6548],"carpPosition":[22.0067,225.357,50.1326],"dipPosition":[-4.66589,284.137,-69.9477],"direction":[-0.124707,0.189029,-0.974021],"extended":true,"handId":465,"id":4651,"length":57.6453,"mcpPosition":[7.77622,264.491,-8.74584],"pipPosition":[-1.71123,279.658,-46.8705],"stabilizedTipPosition":[-5.12058,284.608,-82.8197],"timeVisible":28.4894,"tipPosition":[-5.30213,285.102,-82.7423],"tipVelocity":[-28.9991,63.1176,1.97452],"tool":false,"touchDistance":-0.0346089,"touchZone":"touching","type":1,"width":18.9605},{"bases":[[[0.964831,0.245045,0.0951567],[-0.252472,0.763003,0.59505],[0.0732091,-0.598147,0.798036]],[[0.964679,0.246268,0.0935244],[-0.135882,0.769337,-0.624225],[-0.225678,0.589469,0.775626]],[[0.964679,0.246268,0.0935244],[0.188065,-0.395227,-0.899126],[-0.184462,0.884956,-0.427582]],[[0.964679,0.246268,0.0935244],[0.259883,-0.831643,-0.490745],[-0.0430757,0.497717,-0.866269]]],"btipPosition":[43.4098,211.447,-11.7275],"carpPosition":[31.8184,232.227,51.6203],"dipPosition":[42.6163,220.615,-27.6847],"direction":[0.184462,-0.884956,0.427582],"extended":false,"handId":465,"id":4652,"length":65.6822,"mcpPosition":[26.8117,273.134,-2.95665],"pipPosition":[37.4745,245.283,-39.6033],"stabilizedTipPosition":[44.2666,207.59,-16.1019],"timeVisible":28.4894,"tipPosition":[43.307,213.296,-15.4148],"tipVelocity":[-21.8782,66.3496,-10.9601],"tool":false,"touchDistance":0.333333,"touchZone":"none","type":2,"width":18.6218},{"bases":[[[0.981357,0.0961315,0.166427],[-0.180432,0.759104,0.625464],[-0.0662087,-0.643832,0.762297]],[[0.98338,0.126169,0.130556],[-0.0160037,0.776523,-0.629885],[-0.180851,0.617327,0.765637]],[[0.98338,0.126169,0.130556],[0.173249,-0.437044,-0.882597],[-0.0542975,0.890547,-0.451639]],[[0.98338,0.126169,0.130556],[0.173582,-0.864143,-0.472363],[0.0532215,0.487174,-0.871682]]],"btipPosition":[55.5842,215.709,0.533813],"carpPosition":[43.0985,236.318,52.644],"dipPosition":[56.5589,224.632,-15.4308],"direction":[0.0542975,-0.890547,0.451639],"extended":false,"handId":465,"id":4653,"length":63.1552,"mcpPosition":[47.1639,275.851,5.83744],"pipPosition":[55.0845,248.814,-27.6948],"stabilizedTipPosition":[56.6331,211.342,-3.47332],"timeVisible":28.4894,"tipPosition":[55.792,217.347,-2.86004],"tipVelocity":[-19.404,69.2056,-21.8134],"tool":false,"touchDistance":0.333333,"touchZone":"none","type":3,"width":17.7198},{"bases":[[[0.98333,-0.105787,0.147888],[-0.0307343,0.704932,0.708609],[-0.179213,-0.701342,0.689929]],[[0.997258,-0.0261203,0.0692385],[0.0612023,0.81708,-0.573267],[-0.0415995,0.575933,0.816438]],[[0.997258,-0.0261203,0.0692385],[0.0519163,-0.419799,-0.906131],[0.0527346,0.907241,-0.417292]],[[0.997258,-0.0261203,0.0692385],[0.0126672,-0.861572,-0.507477],[0.0729094,0.506963,-0.858879]]],"btipPosition":[66.2108,228,6.59908],"carpPosition":[56.8255,234.058,51.6],"dipPosition":[67.4426,236.565,-7.91267],"direction":[-0.0527346,-0.907241,0.417292],"extended":false,"handId":465,"id":4654,"length":49.5125,"mcpPosition":[67.0118,273.921,12.385],"pipPosition":[68.4537,253.959,-15.9131],"stabilizedTipPosition":[67.2614,223.48,1.96376],"timeVisible":28.4894,"tipPosition":[66.4717,229.698,3.10451],"tipVelocity":[-21.3346,67.0602,-8.50146],"tool":false,"touchDistance":0.333333,"touchZone":"none","type":4,"width":15.7401}],"r":[[0.927878,0.117669,0.35383],[-0.277828,0.851058,0.445546],[-0.248703,-0.511716,0.822371]],"s":1.02504,"t":[111.248,-8.53503,-107.088],"timestamp":93312980133},false],[1,{"currentFrameRate":55.2451,"devices":[],"gestures":[],"hands":[{"armBasis":[[0.916967,0.395226,-0.0544685],[-0.374607,0.899899,0.223274],[0.13726,-0.184331,0.973233]],"armWidth":62.4607,"confidence":0.868865,"direction":[-0.102617,0.710262,-0.696418],"elbow":[80.0543,173.709,310.657],"grabStrength":0,"id":465,"palmNormal":[0.376408,-0.620327,-0.688122],"palmPosition":[33.0087,254.978,11.778],"palmVelocity":[-30.7394,51.5755,-5.68729],"palmWidth":89.1918,"pinchStrength":0.49355,"r":[[0.928276,0.116339,0.353226],[-0.276985,0.85008,0.447932],[-0.248158,-0.513643,0.821334]],"s":1.0245,"sphereCenter":[28.0666,235.718,-32.5893],"sphereRadius":47.557,"stabilizedPalmPosition":[33.6101,253.964,11.8823],"t":[110.68,-7.60281,-107.195],"timeVisible":28.5077,"type":"right","wrist":[43.7265,222.495,53.0772]}],"id":1674609,"interactionBox":{"center":[0,200,0],"size":[235.247,235.247,147.751]},"pointables":[{"bases":[[[0.0138155,0.82733,0.561546],[-0.869304,-0.267567,0.415595],[0.494085,-0.493896,0.715505]],[[-0.0245263,0.863126,0.504393],[-0.863646,-0.272409,0.424157],[0.503502,-0.425214,0.752116]],[[-0.0245263,0.863126,0.504393],[-0.97465,0.0915925,-0.204128],[-0.222386,-0.496613,0.838999]],[[-0.0245263,0.863126,0.504393],[-0.642447,0.372958,-0.669451],[-0.765938,-0.340464,0.545365]]],"btipPosition":[22.6925,249.461,-34.9176],"carpPosition":[22.3254,204.246,42.4363],"dipPosition":[5.12107,241.65,-22.4064],"direction":[0.222386,0.496613,-0.838999],"extended":false,"handId":465,"id":4650,"length":51.0864,"mcpPosition":[22.3254,204.246,42.4363],"pipPosition":[-2.31147,225.053,5.63445],"stabilizedTipPosition":[18.808,247.454,-32.0175],"timeVisible":28.5077,"tipPosition":[19.6192,247.055,-32.0539],"tipVelocity":[-40.6881,59.4395,-2.32843],"tool":false,"touchDistance":-0.0574707,"touchZone":"touching","type":0,"width":19.8498},{"bases":[[[0.890453,0.447281,0.0838705],[-0.410182,0.709041,0.573595],[0.19709,-0.545161,0.814834]],[[0.861684,0.507328,-0.0109282],[-0.454621,0.781373,0.427523],[0.225433,-0.363422,0.903938]],[[0.861684,0.507328,-0.0109282],[-0.491723,0.840112,0.228953],[0.125335,-0.191912,0.973376]],[[0.861684,0.507328,-0.0109282],[-0.505389,0.85993,0.071432],[0.0456369,-0.0560288,0.997386]]],"btipPosition":[-6.12698,286.322,-86.665],"carpPosition":[21.3139,226.217,49.9311],"dipPosition":[-5.36266,285.383,-69.9609],"direction":[-0.125335,0.191912,-0.973376],"extended":true,"handId":465,"id":4651,"length":57.6453,"mcpPosition":[7.10062,265.531,-8.83112],"pipPosition":[-2.39313,280.836,-46.899],"stabilizedTipPosition":[-5.80172,285.836,-82.8225],"timeVisible":28.5077,"tipPosition":[-6.01949,286.363,-82.7561],"tipVelocity":[-33.6846,66.3766,0.743182],"tool":false,"touchDistance":-0.0347905,"touchZone":"touching","type":1,"width":18.9605},{"bases":[[[0.965685,0.242043,0.0941653],[-0.249309,0.76231,0.597267],[0.0727814,-0.600248,0.796495]],[[0.965541,0.243215,0.0926099],[-0.135934,0.774761,-0.617468],[-0.221928,0.583602,0.781125]],[[0.965541,0.243215,0.0926099],[0.185332,-0.392763,-0.900772],[-0.182708,0.886896,-0.424304]],[[0.965541,0.243215,0.0926099],[0.256829,-0.832966,-0.49011],[-0.0420612,0.497006,-0.866727]]],"btipPosition":[42.5236,212.655,-12.1661],"carpPosition":[31.1478,233.055,51.4192],"dipPosition":[41.7488,221.81,-28.1317],"direction":[0.182708,-0.886896,0.424304],"extended":false,"handId":465,"id":4652,"length":65.6822,"mcpPosition":[26.1703,274.106,-3.05248],"pipPosition":[36.6559,246.532,-39.9589],"stabilizedTipPosition":[43.8932,208.983,-16.0506],"timeVisible":28.5077,"tipPosition":[42.4356,214.43,-15.7858],"tipVelocity":[-34.5047,66.1341,-17.2517],"tool":false,"touchDistance":0.333333,"touchZone":"none","type":2,"width":18.6218},{"bases":[[[0.981898,0.0929143,0.165056],[-0.177231,0.758132,0.627555],[-0.0668251,-0.645448,0.760876]],[[0.983954,0.123158,0.129099],[-0.0158089,0.780893,-0.624465],[-0.177721,0.612404,0.770309]],[[0.983954,0.123158,0.129099],[0.170389,-0.433941,-0.884682],[-0.0529345,0.892484,-0.447962]],[[0.983954,0.123158,0.129099],[0.170296,-0.864129,-0.473583],[0.0532328,0.487969,-0.871236]]],"btipPosition":[54.7904,216.75,0.0986191],"carpPosition":[42.4412,237.111,52.4342],"dipPosition":[55.7654,225.687,-15.8579],"direction":[0.0529345,-0.892484,0.447962],"extended":false,"handId":465,"id":4653,"length":63.1552,"mcpPosition":[46.5444,276.743,5.71486],"pipPosition":[54.328,249.922,-28.0221],"stabilizedTipPosition":[56.3548,212.625,-3.49018],"timeVisible":28.5077,"tipPosition":[54.9953,218.364,-3.25297],"tipVelocity":[-30.9053,63.4082,-22.7169],"tool":false,"touchDistance":0.333333,"touchZone":"none","type":3,"width":17.7198},{"bases":[[[0.98326,-0.108965,0.146035],[-0.0275553,0.703332,0.710327],[-0.180112,-0.70246,0.688556]],[[0.997348,-0.028546,0.0669545],[0.0614736,0.822889,-0.564867],[-0.0389714,0.567484,0.822461]],[[0.997348,-0.028546,0.0669545],[0.0492408,-0.412808,-0.909486],[0.0536015,0.910371,-0.410307]],[[0.997348,-0.028546,0.0669545],[0.00968079,-0.859686,-0.51073],[0.0721392,0.510024,-0.85713]]],"btipPosition":[65.5016,229.001,6.06734],"carpPosition":[56.1599,234.814,51.3625],"dipPosition":[66.7204,237.618,-8.41485],"direction":[-0.0536015,-0.910371,0.410307],"extended":false,"handId":465,"id":4654,"length":49.5125,"mcpPosition":[66.3973,274.741,12.2255],"pipPosition":[67.7481,255.072,-16.2814],"stabilizedTipPosition":[66.9996,224.808,2.10049],"timeVisible":28.5077,"tipPosition":[65.7428,230.673,2.6932],"tipVelocity":[-29.7742,61.4673,-18.1831],"tool":false,"touchDistance":0.333333,"touchZone":"none","type":4,"width":15.7401}],"r":[[0.928276,0.116339,0.353226],[-0.276985,0.85008,0.447932],[-0.248158,-0.513643,0.821334]],"s":1.0245,"t":[110.68,-7.60281,-107.195],"timestamp":93312998417},false],[2,{"currentFrameRate":55.3575,"devices":[],"gestures":[],"hands":[{"armBasis":[[0.918208,0.392357,-0.0543225],[-0.371539,0.900677,0.225256],[0.137308,-0.186649,0.972784]],"armWidth":62.4607,"confidence":0.871498,"direction":[-0.101391,0.71242,-0.69439],"elbow":[79.2374,174.001,310.218],"grabStrength":0,"id":465,"palmNormal":[0.373681,-0.619604,-0.690256],"palmPosition":[32.2231,256.025,11.558],"palmVelocity":[-37.1465,55.161,-8.84587],"palmWidth":89.1918,"pinchStrength":0.505996,"r":[[0.928753,0.114535,0.352563],[-0.275688,0.849218,0.450362],[-0.24782,-0.515472,0.820289]],"s":1.02289,"sphereCenter":[27.2651,236.916,-32.8816],"sphereRadius":47.4901,"stabilizedPalmPosition":[32.9898,254.886,11.7373],"t":[110.003,-6.61311,-107.358],"timeVisible":28.5254,"type":"right","wrist":[42.8969,223.4,52.7568]}],"id":1674610,"interactionBox":{"center":[0,200,0],"size":[235.247,235.247,147.751]},"pointables":[{"bases":[[[0.0169946,0.825784,0.563731],[-0.869565,-0.266089,0.415996],[0.493526,-0.497271,0.713551]],[[-0.022682,0.86304,0.504625],[-0.864161,-0.270733,0.424181],[0.502704,-0.426456,0.751947]],[[-0.022682,0.86304,0.504625],[-0.974423,0.0937944,-0.204211],[-0.223574,-0.49635,0.838839]],[[-0.022682,0.86304,0.504625],[-0.638282,0.375992,-0.671734],[-0.769468,-0.33733,0.542335]]],"btipPosition":[21.9549,250.438,-35.176],"carpPosition":[21.4281,205.244,42.0948],"dipPosition":[4.30246,242.7,-22.7342],"direction":[0.223574,0.49635,-0.838839],"extended":false,"handId":465,"id":4650,"length":51.0864,"mcpPosition":[21.4281,205.244,42.0948],"pipPosition":[-3.16977,226.111,5.30123],"stabilizedTipPosition":[18.0774,248.418,-32.255],"timeVisible":28.5254,"tipPosition":[18.754,248.17,-32.3068],"tipVelocity":[-41.6682,57.9451,-8.4975],"tool":false,"touchDistance":-0.0620429,"touchZone":"touching","type":0,"width":19.8498},{"bases":[[[0.891886,0.444406,0.0839185],[-0.407338,0.708724,0.576009],[0.196507,-0.547918,0.813124]],[[0.863379,0.504454,-0.0101243],[-0.451542,0.781462,0.430613],[0.225136,-0.36721,0.90248]],[[0.863379,0.504454,-0.0101243],[-0.488687,0.84105,0.231993],[0.125545,-0.19535,0.972665]],[[0.863379,0.504454,-0.0101243],[-0.502436,0.861416,0.0742982],[0.0462012,-0.0590607,0.997185]]],"btipPosition":[-6.90915,287.793,-86.7418],"carpPosition":[20.4916,227.197,49.6494],"dipPosition":[-6.13537,286.803,-70.0411],"direction":[-0.125545,0.19535,-0.972665],"extended":true,"handId":465,"id":4651,"length":57.6453,"mcpPosition":[6.32035,266.711,-8.98954],"pipPosition":[-3.16088,282.175,-46.996],"stabilizedTipPosition":[-6.55711,287.241,-82.886],"timeVisible":28.5254,"tipPosition":[-6.80918,287.796,-82.8385],"tipVelocity":[-38.5681,73.9419,-1.65677],"tool":false,"touchDistance":-0.0360834,"touchZone":"touching","type":1,"width":18.9605},{"bases":[[[0.966521,0.238919,0.0935697],[-0.246276,0.761451,0.599616],[0.072011,-0.602586,0.794799]],[[0.966385,0.240041,0.0920889],[-0.135765,0.780626,-0.610074],[-0.21833,0.577064,0.786975]],[[0.966385,0.240041,0.0920889],[0.182818,-0.389737,-0.902598],[-0.18077,0.889092,-0.42052]],[[0.966385,0.240041,0.0920889],[0.253853,-0.834129,-0.489681],[-0.0407296,0.496597,-0.867025]]],"btipPosition":[41.5276,214.017,-12.7025],"carpPosition":[30.3476,234.002,51.1431],"dipPosition":[40.7773,223.165,-28.6736],"direction":[0.18077,-0.889092,0.42052],"extended":false,"handId":465,"id":4652,"length":65.6822,"mcpPosition":[25.4228,275.213,-3.21257],"pipPosition":[35.7384,247.948,-40.3954],"stabilizedTipPosition":[43.4144,210.33,-16.112],"timeVisible":28.5254,"tipPosition":[41.4545,215.721,-16.2519],"tipVelocity":[-44.5704,71.1988,-23.4101],"tool":false,"touchDistance":0.333333,"touchZone":"none","type":2,"width":18.6218},{"bases":[[[0.98238,0.0895539,0.164041],[-0.174173,0.756978,0.6298],[-0.0677747,-0.647274,0.759238]],[[0.984487,0.120099,0.12791],[-0.0164803,0.789089,-0.614058],[-0.174681,0.602424,0.778827]],[[0.984487,0.120099,0.12791],[0.167418,-0.424873,-0.889637],[-0.0524991,0.897251,-0.438389]],[[0.984487,0.120099,0.12791],[0.167342,-0.861853,-0.478755],[0.0527418,0.492733,-0.868581]]],"btipPosition":[53.9259,217.993,-0.762287],"carpPosition":[41.6543,238.022,52.1544],"dipPosition":[54.8919,227.017,-16.6701],"direction":[0.0524991,-0.897251,0.438389],"extended":false,"handId":465,"id":4653,"length":63.1552,"mcpPosition":[45.8158,277.766,5.5356],"pipPosition":[53.4663,251.382,-28.5744],"stabilizedTipPosition":[56.0057,213.803,-3.63745],"timeVisible":28.5254,"tipPosition":[54.1109,219.593,-3.94788],"tipVelocity":[-39.3796,67.181,-34.5743],"tool":false,"touchDistance":0.333333,"touchZone":"none","type":3,"width":17.7198},{"bases":[[[0.983117,-0.112277,0.144481],[-0.0245552,0.701513,0.712234],[-0.181323,-0.703757,0.686912]],[[0.997402,-0.0310741,0.0649931],[0.0620809,0.828445,-0.55662],[-0.0365467,0.559208,0.828221]],[[0.997402,-0.0310741,0.0649931],[0.0468511,-0.405531,-0.91288],[0.0547237,0.913553,-0.403022]],[[0.997402,-0.0310741,0.0649931],[0.00682071,-0.857399,-0.514607],[0.071716,0.513713,-0.854959]]],"btipPosition":[64.6769,230.111,5.48121],"carpPosition":[55.3648,235.687,51.0589],"dipPosition":[65.8886,238.79,-8.9643],"direction":[-0.0547237,-0.913553,0.403022],"extended":false,"handId":465,"id":4654,"length":49.5125,"mcpPosition":[65.671,275.688,12.0153],"pipPosition":[66.9378,256.305,-16.6911],"stabilizedTipPosition":[66.6603,226.02,2.11016],"timeVisible":28.5254,"tipPosition":[64.9018,231.77,2.21536],"tipVelocity":[-37.7129,62.4702,-24.9636],"tool":false,"touchDistance":0.333333,"touchZone":"none","type":4,"width":15.7401}],"r":[[0.928753,0.114535,0.352563],[-0.275688,0.849218,0.450362],[-0.24782,-0.515472,0.820289]],"s":1.02289,"t":[110.003,-6.61311,-107.358],"timestamp":93313016093},false],[3,{"currentFrameRate":55.2608,"devices":[],"gestures":[],"hands":[{"armBasis":[[0.918923,0.390451,-0.0559287],[-0.36919,0.901331,0.226497],[0.138846,-0.187485,0.972405]],"armWidth":62.4607,"confidence":0.876087,"direction":[-0.101536,0.713322,-0.693442],"elbow":[78.8748,174.507,309.917],"grabStrength":0,"id":465,"palmNormal":[0.370903,-0.619644,-0.691717],"palmPosition":[31.4257,256.815,11.4147],"palmVelocity":[-40.096,49.2408,-8.33196],"palmWidth":89.1918,"pinchStrength":0.520809,"r":[[0.929334,0.112654,0.351634],[-0.27411,0.848539,0.452598],[-0.247388,-0.517001,0.819456]],"s":1.0202,"sphereCenter":[26.4839,237.775,-33.0772],"sphereRadius":47.4021,"stabilizedPalmPosition":[32.3021,255.734,11.5954],"t":[109.266,-5.72319,-107.512],"timeVisible":28.5438,"type":"right","wrist":[42.1272,224.127,52.5565]}],"id":1674611,"interactionBox":{"center":[0,200,0],"size":[235.247,235.247,147.751]},"pointables":[{"bases":[[[0.0198957,0.825177,0.564524],[-0.869156,-0.264788,0.417678],[0.494138,-0.498969,0.711939]],[[-0.0219374,0.864395,0.502335],[-0.864056,-0.269147,0.425403],[0.502918,-0.424713,0.75279]],[[-0.0219374,0.864395,0.502335],[-0.974522,0.0936962,-0.203786],[-0.223219,-0.494007,0.840316]],[[-0.0219374,0.864395,0.502335],[-0.634278,0.376355,-0.675314],[-0.772794,-0.333434,0.54001]]],"btipPosition":[21.1793,250.966,-35.3837],"carpPosition":[20.5985,206.025,41.9243],"dipPosition":[3.45055,243.317,-22.9953],"direction":[0.223219,0.494007,-0.840316],"extended":false,"handId":465,"id":4650,"length":51.0864,"mcpPosition":[20.5985,206.025,41.9243],"pipPosition":[-4.00981,226.806,5.08954],"stabilizedTipPosition":[17.3093,249.039,-32.4749],"timeVisible":28.5438,"tipPosition":[17.8417,248.878,-32.4874],"tipVelocity":[-42.3275,44.361,-10.1544],"tool":false,"touchDistance":-0.0657094,"touchZone":"touching","type":0,"width":19.8498},{"bases":[[[0.892951,0.442554,0.0823646],[-0.404639,0.708945,0.577636],[0.197243,-0.549129,0.812128]],[[0.864618,0.502314,-0.0108283],[-0.448809,0.78185,0.43276],[0.225848,-0.369312,0.901444]],[[0.864618,0.502314,-0.0108283],[-0.486207,0.841937,0.233976],[0.126646,-0.197035,0.972182]],[[0.864618,0.502314,-0.0108283],[-0.500176,0.862578,0.0760501],[0.0475413,-0.0603382,0.997045]]],"btipPosition":[-7.80988,288.805,-86.7588],"carpPosition":[19.7224,227.972,49.5032],"dipPosition":[-7.01366,287.794,-70.0604],"direction":[-0.126646,0.197035,-0.972182],"extended":true,"handId":465,"id":4651,"length":57.6453,"mcpPosition":[5.49813,267.573,-9.06394],"pipPosition":[-4.01306,283.126,-47.0267],"stabilizedTipPosition":[-7.43567,288.334,-82.9124],"timeVisible":28.5438,"tipPosition":[-7.72081,288.777,-82.8602],"tipVelocity":[-43.3978,64.6462,-1.31661],"tool":false,"touchDistance":-0.0363754,"touchZone":"touching","type":1,"width":18.9605},{"bases":[[[0.9672,0.23691,0.0916411],[-0.243421,0.76133,0.600935],[0.0725984,-0.603532,0.794027]],[[0.967073,0.237949,0.0902738],[-0.137082,0.78589,-0.602981],[-0.214424,0.570752,0.792631]],[[0.967073,0.237949,0.0902738],[0.179583,-0.38669,-0.904556],[-0.18033,0.890983,-0.416689]],[[0.967073,0.237949,0.0902738],[0.251169,-0.835188,-0.48926],[-0.0410232,0.495824,-0.867453]]],"btipPosition":[40.5437,215.095,-13.1774],"carpPosition":[29.5953,234.756,50.9816],"dipPosition":[39.788,224.229,-29.1564],"direction":[0.18033,-0.890983,0.416689],"extended":false,"handId":465,"id":4652,"length":65.6822,"mcpPosition":[24.6303,276.031,-3.32128],"pipPosition":[34.7614,249.064,-40.7714],"stabilizedTipPosition":[42.826,211.657,-16.2551],"timeVisible":28.5438,"tipPosition":[40.4756,216.735,-16.636],"tipVelocity":[-48.8505,64.9983,-24.5927],"tool":false,"touchDistance":0.333333,"touchZone":"none","type":2,"width":18.6218},{"bases":[[[0.982921,0.0874422,0.161926],[-0.171259,0.756683,0.630952],[-0.0673551,-0.647908,0.758735]],[[0.985012,0.118166,0.125648],[-0.0190183,0.798428,-0.60179],[-0.171432,0.590381,0.788709]],[[0.985012,0.118166,0.125648],[0.163736,-0.411555,-0.896556],[-0.0542312,0.903692,-0.424735]],[[0.985012,0.118166,0.125648],[0.165048,-0.857308,-0.487629],[0.050098,0.501059,-0.863962]]],"btipPosition":[53.1112,218.963,-1.80239],"carpPosition":[40.9122,238.752,51.9715],"dipPosition":[54.0287,228.139,-17.6256],"direction":[0.0542312,-0.903692,0.424735],"extended":false,"handId":465,"id":4653,"length":63.1552,"mcpPosition":[45.0479,278.535,5.38366],"pipPosition":[52.5561,252.679,-29.1591],"stabilizedTipPosition":[55.6158,214.859,-3.89957],"timeVisible":28.5438,"tipPosition":[53.2595,220.588,-4.74574],"tipVelocity":[-41.9965,61.0713,-44.5978],"tool":false,"touchDistance":0.333333,"touchZone":"none","type":3,"width":17.7198},{"bases":[[[0.983214,-0.11437,0.142161],[-0.0215672,0.700838,0.712994],[-0.181177,-0.704092,0.686608]],[[0.997547,-0.032422,0.0620439],[0.061196,0.834267,-0.547955],[-0.0339953,0.550407,0.834204]],[[0.997547,-0.032422,0.0620439],[0.0440877,-0.397475,-0.916553],[0.0543774,0.91704,-0.395071]],[[0.997547,-0.032422,0.0620439],[0.00446098,-0.855042,-0.51854],[0.0698622,0.517545,-0.852799]]],"btipPosition":[63.8688,231.007,4.8863],"carpPosition":[54.6155,236.391,50.843],"dipPosition":[65.0492,239.752,-9.52273],"direction":[-0.0543774,-0.91704,0.39507],"extended":false,"handId":465,"id":4654,"length":49.5125,"mcpPosition":[64.9135,276.411,11.8167],"pipPosition":[66.0917,257.334,-17.0971],"stabilizedTipPosition":[66.2519,227.154,2.02297],"timeVisible":28.5438,"tipPosition":[64.0708,232.653,1.75528],"tipVelocity":[-40.8553,56.2074,-28.2689],"tool":false,"touchDistance":0.333333,"touchZone":"none","type":4,"width":15.7401}],"r":[[0.929334,0.112654,0.351634],[-0.27411,0.848539,0.452598],[-0.247388,-0.517001,0.819456]],"s":1.0202,"t":[109.266,-5.72319,-107.512],"timestamp":93313034523},false],[4,{"currentFrameRate":55.3616,"devices":[],"gestures":[],"hands":[{"armBasis":[[0.919291,0.388566,-0.0626173],[-0.366137,0.902667,0.226132],[0.14439,-0.184954,0.972082]],"armWidth":62.4607,"confidence":0.864767,"direction":[-0.101126,0.714608,-0.692177],"elbow":[79.5758,175.838,309.779],"grabStrength":0,"id":465,"palmNormal":[0.367894,-0.619566,-0.693392],"palmPosition":[30.6591,257.564,11.4327],"palmVelocity":[-41.584,45.997,-3.95382],"palmWidth":89.1918,"pinchStrength":0.537144,"r":[[0.929998,0.11057,0.350539],[-0.272225,0.847997,0.454747],[-0.246975,-0.518339,0.818735]],"s":1.0171,"sphereCenter":[25.7132,238.627,-33.1015],"sphereRadius":47.3287,"stabilizedPalmPosition":[31.6306,256.482,11.5289],"t":[108.514,-4.90342,-107.579],"timeVisible":28.5615,"type":"right","wrist":[41.361,224.789,52.5041]}],"id":1674612,"interactionBox":{"center":[0,200,0],"size":[235.247,235.247,147.751]},"pointables":[{"bases":[[[0.0231694,0.824285,0.5657],[-0.868975,-0.263179,0.41907],[0.494314,-0.501289,0.710185]],[[-0.0208544,0.865575,0.500344],[-0.864322,-0.267144,0.426124],[0.502506,-0.423572,0.753707]],[[-0.0208544,0.865575,0.500344],[-0.974588,0.0940404,-0.203307],[-0.22303,-0.49187,0.841619]],[[-0.0208544,0.865575,0.500344],[-0.631502,0.376578,-0.677786],[-0.775094,-0.330103,0.538759]]],"btipPosition":[20.4116,251.495,-35.4784],"carpPosition":[19.7642,206.757,41.8894],"dipPosition":[2.63009,243.922,-23.1187],"direction":[0.22303,0.49187,-0.841619],"extended":false,"handId":465,"id":4650,"length":51.0864,"mcpPosition":[19.7642,206.757,41.8894],"pipPosition":[-4.82397,227.483,5.00972],"stabilizedTipPosition":[16.5706,249.573,-32.5952],"timeVisible":28.5615,"tipPosition":[16.9622,249.566,-32.5391],"tipVelocity":[-43.1209,38.0257,-8.07536],"tool":false,"touchDistance":-0.067397,"touchZone":"touching","type":0,"width":19.8498},{"bases":[[[0.894251,0.440142,0.081185],[-0.401635,0.709122,0.579513],[0.197498,-0.550836,0.810909]],[[0.866165,0.499635,-0.0110783],[-0.445687,0.782292,0.43518],[0.226098,-0.372001,0.900275]],[[0.866165,0.499635,-0.0110783],[-0.483238,0.842981,0.236358],[0.127431,-0.199372,0.971603]],[[0.866165,0.499635,-0.0110783],[-0.49738,0.863993,0.0782928],[0.0486893,-0.0623044,0.996869]]],"btipPosition":[-8.63904,289.853,-86.6058],"carpPosition":[18.96,228.695,49.5025],"dipPosition":[-7.82359,288.809,-69.9103],"direction":[-0.127431,0.199372,-0.971603],"extended":true,"handId":465,"id":4651,"length":57.6453,"mcpPosition":[4.71732,268.419,-8.97676],"pipPosition":[-4.8044,284.085,-46.8903],"stabilizedTipPosition":[-8.24954,289.358,-82.7949],"timeVisible":28.5615,"tipPosition":[-8.56177,289.79,-82.712],"tipVelocity":[-44.8771,61.8725,3.32947],"tool":false,"touchDistance":-0.0338355,"touchZone":"touching","type":1,"width":18.9605},{"bases":[[[0.96799,0.234295,0.0900052],[-0.240235,0.761059,0.602558],[0.0726768,-0.604892,0.792984]],[[0.967872,0.23527,0.0887264],[-0.138379,0.793016,-0.593276],[-0.209941,0.561937,0.800095]],[[0.967872,0.23527,0.0887264],[0.175725,-0.380506,-0.907929],[-0.179847,0.894351,-0.409624]],[[0.967872,0.23527,0.0887264],[0.248,-0.835007,-0.491181],[-0.0414729,0.497404,-0.866527]]],"btipPosition":[39.5793,216.178,-13.6836],"carpPosition":[28.8532,235.452,50.9706],"dipPosition":[38.8153,225.34,-29.6456],"direction":[0.179847,-0.894351,0.409624],"extended":false,"handId":465,"id":4652,"length":65.6822,"mcpPosition":[23.8829,276.82,-3.2609],"pipPosition":[33.8022,250.27,-41.0636],"stabilizedTipPosition":[42.1984,212.872,-16.4568],"timeVisible":28.5615,"tipPosition":[39.5102,217.761,-16.9946],"tipVelocity":[-51.5188,63.3475,-26.3556],"tool":false,"touchDistance":0.333333,"touchZone":"none","type":2,"width":18.6218},{"bases":[[[0.983472,0.0846831,0.160037],[-0.168024,0.756183,0.63242],[-0.0674621,-0.648857,0.757914]],[[0.985569,0.11551,0.123734],[-0.0188611,0.801369,-0.597873],[-0.168217,0.586912,0.791983]],[[0.985569,0.11551,0.123734],[0.160719,-0.409151,-0.898201],[-0.0531255,0.905126,-0.421811]],[[0.985569,0.11551,0.123734],[0.161845,-0.857181,-0.488923],[0.0495871,0.501894,-0.863507]]],"btipPosition":[52.2264,219.784,-2.0114],"carpPosition":[40.1824,239.418,51.9432],"dipPosition":[53.1346,228.976,-17.8263],"direction":[0.0531255,-0.905126,0.421811],"extended":false,"handId":465,"id":4653,"length":63.1552,"mcpPosition":[44.3247,279.259,5.40579],"pipPosition":[51.692,253.554,-29.2804],"stabilizedTipPosition":[55.1807,215.822,-4.13889],"timeVisible":28.5615,"tipPosition":[52.3745,221.407,-4.95296],"tipVelocity":[-45.7756,54.2731,-29.1841],"tool":false,"touchDistance":0.333333,"touchZone":"none","type":3,"width":17.7198},{"bases":[[[0.983207,-0.117099,0.139973],[-0.0183081,0.699833,0.714071],[-0.181575,-0.704642,0.685937]],[[0.997666,-0.034207,0.059104],[0.0606624,0.841395,-0.537006],[-0.0313605,0.539338,0.841505]],[[0.997666,-0.034207,0.059104],[0.0413731,-0.385799,-0.921655],[0.0543293,0.921949,-0.383483]],[[0.997666,-0.034207,0.059104],[0.00196895,-0.850728,-0.525602],[0.0682607,0.524491,-0.848675]]],"btipPosition":[63.0898,231.843,4.31957],"carpPosition":[53.8772,237.023,50.783],"dipPosition":[64.2431,240.705,-10.0198],"direction":[-0.0543293,-0.921949,0.383483],"extended":false,"handId":465,"id":4654,"length":49.5125,"mcpPosition":[64.1978,277.074,11.7949],"pipPosition":[65.2848,258.38,-17.372],"stabilizedTipPosition":[65.8284,228.137,1.87657],"timeVisible":28.5615,"tipPosition":[63.2675,233.494,1.36054],"tipVelocity":[-42.4809,52.6802,-29.5887],"tool":false,"touchDistance":0.333333,"touchZone":"none","type":4,"width":15.7401}],"r":[[0.929998,0.11057,0.350539],[-0.272225,0.847997,0.454747],[-0.246975,-0.518339,0.818735]],"s":1.0171,"t":[108.514,-4.90342,-107.579],"timestamp":93313052238},false],[5,{"currentFrameRate":55.3409,"devices":[],"gestures":[],"hands":[{"armBasis":[[0.920382,0.385503,-0.0654463],[-0.362972,0.904559,0.223661],[0.145422,-0.182099,0.972467]],"armWidth":62.4607,"confidence":0.832063,"direction":[-0.101006,0.715476,-0.691297],"elbow":[79.1653,177.076,309.787],"grabStrength":0,"id":465,"palmNormal":[0.364791,-0.619822,-0.694801],"palmPosition":[29.9594,258.11,11.3927],"palmVelocity":[-40.1495,38.4112,-3.11922],"palmWidth":89.1918,"pinchStrength":0.558293,"r":[[0.930741,0.108391,0.349247],[-0.270096,0.847606,0.456742],[-0.246517,-0.519438,0.818177]],"s":1.01314,"sphereCenter":[25.0849,239.242,-33.2123],"sphereRadius":47.2305,"stabilizedPalmPosition":[30.9712,257.124,11.4752],"t":[107.788,-4.22075,-107.633],"timeVisible":28.5797,"type":"right","wrist":[40.6773,225.271,52.4096]}],"id":1674613,"interactionBox":{"center":[0,200,0],"size":[235.247,235.247,147.751]},"pointables":[{"bases":[[[0.0264684,0.823714,0.566387],[-0.868634,-0.261463,0.420847],[0.494747,-0.503122,0.708585]],[[-0.0203708,0.867545,0.496942],[-0.864961,-0.264575,0.426429],[0.501425,-0.421149,0.755782]],[[-0.0203708,0.867545,0.496942],[-0.974585,0.0936774,-0.20349],[-0.223089,-0.488457,0.843588]],[[-0.0203708,0.867545,0.496942],[-0.628288,0.375531,-0.681345],[-0.777714,-0.326102,0.537418]]],"btipPosition":[19.7749,251.715,-35.6755],"carpPosition":[19.0125,207.301,41.8289],"dipPosition":[1.93329,244.234,-23.3466],"direction":[0.223089,0.488457,-0.843588],"extended":false,"handId":465,"id":4650,"length":51.0864,"mcpPosition":[19.0125,207.301,41.8289],"pipPosition":[-5.52272,227.909,4.84764],"stabilizedTipPosition":[15.9259,249.875,-32.7706],"timeVisible":28.5797,"tipPosition":[16.1865,249.968,-32.6771],"tipVelocity":[-39.661,26.2416,-9.59112],"tool":false,"touchDistance":-0.0708005,"touchZone":"touching","type":0,"width":19.8498},{"bases":[[[0.895496,0.437911,0.0795071],[-0.398579,0.709563,0.581081],[0.198047,-0.552045,0.809953]],[[0.86769,0.496968,-0.0116802],[-0.442442,0.782774,0.437618],[0.226625,-0.374549,0.899085]],[[0.86769,0.496968,-0.0116802],[-0.480189,0.844009,0.238889],[0.128579,-0.201673,0.970977]],[[0.86769,0.496968,-0.0116802],[-0.494559,0.865383,0.0807687],[0.0502473,-0.0643056,0.996664]]],"btipPosition":[-9.43524,290.674,-86.5073],"carpPosition":[18.2789,229.235,49.4636],"dipPosition":[-8.5937,289.597,-69.8152],"direction":[-0.128579,0.201673,-0.970977],"extended":true,"handId":465,"id":4651,"length":57.6453,"mcpPosition":[3.99662,269.046,-8.94671],"pipPosition":[-5.54733,284.819,-46.8102],"stabilizedTipPosition":[-9.03677,290.206,-82.6943],"timeVisible":28.5797,"tipPosition":[-9.3652,290.562,-82.6229],"tipVelocity":[-44.249,53.7781,4.30764],"tool":false,"touchDistance":-0.0322081,"touchZone":"touching","type":1,"width":18.9605},{"bases":[[[0.968759,0.231879,0.0879709],[-0.237002,0.76109,0.603798],[0.0730546,-0.605784,0.792268]],[[0.968647,0.232795,0.0867729],[-0.14067,0.801807,-0.580791],[-0.20478,0.550375,0.809415]],[[0.968647,0.232795,0.0867729],[0.170721,-0.369961,-0.913227],[-0.180492,0.899408,-0.398105]],[[0.968647,0.232795,0.0867729],[0.244623,-0.832695,-0.496769],[-0.04339,0.50242,-0.863534]]],"btipPosition":[38.7014,217.066,-14.5071],"carpPosition":[28.1917,235.966,50.9148],"dipPosition":[37.9021,226.321,-30.4139],"direction":[0.180492,-0.899408,0.398105],"extended":false,"handId":465,"id":4652,"length":65.6822,"mcpPosition":[23.1956,277.395,-3.26775],"pipPosition":[32.871,251.391,-41.5108],"stabilizedTipPosition":[41.5611,213.967,-16.7527],"timeVisible":28.5797,"tipPosition":[38.6155,218.622,-17.5905],"tipVelocity":[-50.2423,57.0478,-35.0905],"tool":false,"touchDistance":0.333333,"touchZone":"none","type":2,"width":18.6218},{"bases":[[[0.984041,0.0821674,0.157832],[-0.164733,0.756013,0.633489],[-0.0672708,-0.649379,0.757484]],[[0.986127,0.112945,0.121645],[-0.0205371,0.810211,-0.585778],[-0.164718,0.575153,0.801291]],[[0.986127,0.112945,0.121645],[0.15684,-0.393992,-0.905633],[-0.0543593,0.912148,-0.40624]],[[0.986127,0.112945,0.121645],[0.159205,-0.850962,-0.500517],[0.0469843,0.51294,-0.857138]]],"btipPosition":[51.4929,220.424,-3.01056],"carpPosition":[39.5326,239.904,51.8647],"dipPosition":[52.3534,229.818,-18.7088],"direction":[0.0543593,-0.912148,0.40624],"extended":false,"handId":465,"id":4653,"length":63.1552,"mcpPosition":[43.6632,279.777,5.35371],"pipPosition":[50.8773,254.587,-29.7401],"stabilizedTipPosition":[54.7567,216.644,-4.44045],"timeVisible":28.5797,"tipPosition":[51.6075,222.11,-5.7104],"tipVelocity":[-43.5193,46.4468,-40.8155],"tool":false,"touchDistance":0.333333,"touchZone":"none","type":3,"width":17.7198},{"bases":[[[0.983243,-0.119596,0.137587],[-0.0149652,0.699228,0.714742],[-0.181685,-0.704824,0.685721]],[[0.99777,-0.036056,0.0561645],[0.0603899,0.846026,-0.529711],[-0.0284174,0.531921,0.846317]],[[0.99777,-0.036056,0.0561645],[0.0383816,-0.378467,-0.924819],[0.0546016,0.924912,-0.376239]],[[0.99777,-0.036056,0.0561645],[-0.000838054,-0.84822,-0.529644],[0.0667367,0.528416,-0.846359]]],"btipPosition":[62.3563,232.441,3.87463],"carpPosition":[53.2189,237.477,50.6706],"dipPosition":[63.4839,241.369,-10.4256],"direction":[-0.0546016,-0.924912,0.376239],"extended":false,"handId":465,"id":4654,"length":49.5125,"mcpPosition":[63.5457,277.538,11.6947],"pipPosition":[64.5307,259.102,-17.6389],"stabilizedTipPosition":[65.3841,229.016,1.69805],"timeVisible":28.5797,"tipPosition":[62.5192,234.095,1.00794],"tipVelocity":[-41.6612,43.695,-26.9409],"tool":false,"touchDistance":0.333333,"touchZone":"none","type":4,"width":15.7401}],"r":[[0.930741,0.108391,0.349247],[-0.270096,0.847606,0.456742],[-0.246517,-0.519438,0.818177]],"s":1.01314,"t":[107.788,-4.22075,-107.633],"timestamp":93313070379},false],[6,{"currentFrameRate":55.3488,"devices":[],"gestures":[],"hands":[{"armBasis":[[0.921289,0.383258,-0.0658843],[-0.36065,0.905431,0.223889],[0.145461,-0.182505,0.972385]],"armWidth":62.4607,"confidence":0.831875,"direction":[-0.100685,0.715319,-0.691507],"elbow":[78.4828,177.435,309.768],"grabStrength":0,"id":465,"palmNormal":[0.362243,-0.620976,-0.695103],"palmPosition":[29.2651,258.577,11.3971],"palmVelocity":[-39.3596,32.4634,-1.52465],"palmWidth":89.1918,"pinchStrength":0.561331,"r":[[0.931498,0.106288,0.347871],[-0.267866,0.847452,0.458337],[-0.246088,-0.520123,0.817871]],"s":1.00949,"sphereCenter":[24.3843,239.699,-33.2462],"sphereRadius":47.1891,"stabilizedPalmPosition":[30.3387,257.663,11.4462],"t":[107.078,-3.646,-107.658],"timeVisible":28.5977,"type":"right","wrist":[39.9846,225.737,52.4129]}],"id":1674614,"interactionBox":{"center":[0,200,0],"size":[235.247,235.247,147.751]},"pointables":[{"bases":[[[0.029226,0.82396,0.565894],[-0.868452,-0.259375,0.422511],[0.494911,-0.5038,0.707989]],[[-0.0185085,0.868594,0.495178],[-0.86442,-0.262779,0.428632],[0.50243,-0.420109,0.755694]],[[-0.0185085,0.868594,0.495178],[-0.975069,0.0938536,-0.201075],[-0.221126,-0.486555,0.845203]],[[-0.0185085,0.868594,0.495178],[-0.629096,0.374821,-0.68099],[-0.777107,-0.324119,0.539492]]],"btipPosition":[18.8966,252.062,-35.7217],"carpPosition":[18.2629,207.808,41.8799],"dipPosition":[1.06888,244.626,-23.3452],"direction":[0.221126,0.486555,-0.845203],"extended":false,"handId":465,"id":4650,"length":51.0864,"mcpPosition":[18.2629,207.808,41.8799],"pipPosition":[-6.32156,228.365,4.90299],"stabilizedTipPosition":[15.1505,250.202,-32.8423],"timeVisible":28.5977,"tipPosition":[15.313,250.368,-32.6969],"tipVelocity":[-43.8603,23.1867,-5.96705],"tool":false,"touchDistance":-0.0713879,"touchZone":"touching","type":0,"width":19.8498},{"bases":[[[0.89657,0.436034,0.0777001],[-0.396039,0.710728,0.581394],[0.198284,-0.552033,0.809903]],[[0.869162,0.494375,-0.012289],[-0.439466,0.783544,0.439237],[0.226777,-0.376367,0.898287]],[[0.869162,0.494375,-0.012289],[-0.477265,0.84507,0.240987],[0.129523,-0.203591,0.970451]],[[0.869162,0.494375,-0.012289],[-0.491814,0.866724,0.0831174],[0.0517424,-0.0661986,0.996464]]],"btipPosition":[-10.1955,291.34,-86.4139],"carpPosition":[17.5896,229.747,49.504],"dipPosition":[-9.32889,290.231,-69.7252],"direction":[-0.129523,0.203591,-0.970451],"extended":true,"handId":465,"id":4651,"length":57.6453,"mcpPosition":[3.29019,269.557,-8.90274],"pipPosition":[-6.26014,285.407,-46.7326],"stabilizedTipPosition":[-9.77523,290.882,-82.6029],"timeVisible":28.5977,"tipPosition":[-10.1247,291.152,-82.5459],"tipVelocity":[-43.0973,45.5649,4.69978],"tool":false,"touchDistance":-0.0306644,"touchZone":"touching","type":1,"width":18.9605},{"bases":[[[0.969406,0.22985,0.086147],[-0.234312,0.761921,0.6038],[0.0731465,-0.605513,0.792467]],[[0.9693,0.230716,0.085013],[-0.140404,0.803196,-0.578932],[-0.201851,0.549223,0.810932]],[[0.9693,0.230716,0.085013],[0.168154,-0.369754,-0.913787],[-0.179392,0.900029,-0.397198]],[[0.9693,0.230716,0.085013],[0.241972,-0.833654,-0.496458],[-0.0436696,0.501788,-0.863888]]],"btipPosition":[37.8588,217.588,-14.5917],"carpPosition":[27.5194,236.458,50.9342],"dipPosition":[37.0544,226.831,-30.505],"direction":[0.179392,-0.900029,0.397198],"extended":false,"handId":465,"id":4652,"length":65.6822,"mcpPosition":[22.5169,277.869,-3.26196],"pipPosition":[32.054,251.919,-41.5767],"stabilizedTipPosition":[40.9128,214.925,-17.0027],"timeVisible":28.5977,"tipPosition":[37.7705,219.146,-17.6763],"tipVelocity":[-48.5948,43.642,-20.7054],"tool":false,"touchDistance":0.333333,"touchZone":"none","type":2,"width":18.6218},{"bases":[[[0.984491,0.0801436,0.156062],[-0.162002,0.756705,0.633367],[-0.0673327,-0.648826,0.757952]],[[0.986576,0.110813,0.119954],[-0.0220896,0.818343,-0.574306],[-0.161804,0.563946,0.809805]],[[0.986576,0.110813,0.119954],[0.153663,-0.381271,-0.911603],[-0.0552826,0.917798,-0.393181]],[[0.986576,0.110813,0.119954],[0.156926,-0.846595,-0.508577],[0.0451952,0.520574,-0.85262]]],"btipPosition":[50.7646,221.056,-3.85223],"carpPosition":[38.8703,240.372,51.8621],"dipPosition":[51.5923,230.59,-19.4677],"direction":[0.0552826,-0.917798,0.393181],"extended":false,"handId":465,"id":4653,"length":63.1552,"mcpPosition":[43.0047,280.211,5.32231],"pipPosition":[50.0912,255.512,-30.1444],"stabilizedTipPosition":[54.3682,217.319,-4.74738],"timeVisible":28.5977,"tipPosition":[50.8585,222.765,-6.36877],"tipVelocity":[-42.2239,41.8703,-43.0863],"tool":false,"touchDistance":0.333333,"touchZone":"none","type":3,"width":17.7198},{"bases":[[[0.983224,-0.121628,0.135928],[-0.0122139,0.699643,0.714388],[-0.181991,-0.704064,0.686421]],[[0.997856,-0.037415,0.0537031],[0.0599635,0.851473,-0.520958],[-0.0262351,0.523061,0.851891]],[[0.997856,-0.037415,0.0537031],[0.0361602,-0.368773,-0.928816],[0.0545559,0.928766,-0.366629]],[[0.997856,-0.037415,0.0537031],[-0.00287239,-0.844744,-0.535162],[0.0653885,0.53386,-0.843041]]],"btipPosition":[61.652,232.977,3.37607],"carpPosition":[52.5493,237.915,50.6453],"dipPosition":[62.7569,241.997,-10.8681],"direction":[-0.0545559,-0.928766,0.366629],"extended":false,"handId":465,"id":4654,"length":49.5125,"mcpPosition":[62.8935,277.933,11.6297],"pipPosition":[63.8028,259.804,-17.8972],"stabilizedTipPosition":[64.949,229.771,1.49812],"timeVisible":28.5977,"tipPosition":[61.7979,234.64,0.647359],"tipVelocity":[-40.5541,37.6207,-26.9318],"tool":false,"touchDistance":0.333333,"touchZone":"none","type":4,"width":15.7401}],"r":[[0.931498,0.106288,0.347871],[-0.267866,0.847452,0.458337],[-0.246088,-0.