{"sensorType":"Leap","data":[[0,{"currentFrameRate":54.7471,"devices":[],"gestures":[],"hands":[{"armBasis":[[0.92702,0.291716,-0.235658],[-0.21266,0.926523,0.310372],[0.308883,-0.237606,0.920942]],"armWidth":62.4607,"confidence":0.690708,"direction":[-0.137125,0.601624,-0.786922],"elbow":[83.0587,204.456,313.942],"grabStrength":0,"id":465,"palmNormal":[0.176374,-0.766902,-0.617052],"palmPosition":[-12.4862,294.27,25.928],"palmVelocity":[37.5803,-117.421,-116.676],"palmWidth":89.1918,"pinchStrength":0.421732,"r":[[0.985009,0.0136748,0.171962],[-0.0731172,0.935976,0.344388],[-0.156243,-0.351799,0.922944]],"s":1.06073,"sphereCenter":[-12.6672,276.384,-13.5772],"sphereRadius":46.0048,"stabilizedPalmPosition":[-23.1062,305.561,50.9928],"t":[63.9527,34.7763,-91.0882],"timeVisible":0.379691,"type":"right","wrist":[1.30853,267.341,70.2021]}],"id":1672887,"interactionBox":{"center":[0,200,0],"size":[235.247,235.247,147.751]},"pointables":[{"bases":[[[0.207715,0.893232,0.398736],[-0.809815,-0.0716187,0.582298],[0.548684,-0.443855,0.708476]],[[0.109263,0.956746,0.269628],[-0.827624,-0.0626735,0.557773],[0.550546,-0.284095,0.784977]],[[0.109263,0.956746,0.269628],[-0.984641,0.141335,-0.1025],[-0.136174,-0.254288,0.957494]],[[0.109263,0.956746,0.269628],[-0.968808,0.163196,-0.186487],[-0.222423,-0.240842,0.944735]]],"btipPosition":[-40.8877,278.886,-25.8015],"carpPosition":[-23.6027,250.961,66.2827],"dipPosition":[-45.9903,273.361,-4.12824],"direction":[0.136174,0.254288,-0.957494],"extended":false,"handId":465,"id":4650,"length":51.0864,"mcpPosition":[-23.6027,250.961,66.2827],"pipPosition":[-50.5415,264.862,27.8729],"stabilizedTipPosition":[-54.5311,282.092,1.61822],"timeVisible":0.379691,"tipPosition":[-41.9346,275.748,-21.4222],"tipVelocity":[38.1899,-55.1939,-94.6894],"tool":false,"touchDistance":-0.167339,"touchZone":"touching","type":0,"width":19.8498},{"bases":[[[0.937864,0.321248,-0.13119],[-0.218752,0.840831,0.495126],[0.269367,-0.435663,0.858859]],[[0.964636,0.262815,-0.0201302],[-0.201594,0.784816,0.586023],[0.169814,-0.561241,0.810044]],[[0.964636,0.262815,-0.0201302],[-0.234055,0.889187,0.393148],[0.121225,-0.374533,0.919255]],[[0.964636,0.262815,-0.0201302],[-0.252281,0.942695,0.218358],[0.0763646,-0.205558,0.975661]]],"btipPosition":[-51.4435,341.107,-64.3076],"carpPosition":[-20.7154,273.737,69.8632],"dipPosition":[-50.1645,337.665,-47.9673],"direction":[-0.121225,0.374533,-0.919255],"extended":true,"handId":465,"id":4651,"length":57.6453,"mcpPosition":[-40.1409,305.155,7.92598],"pipPosition":[-47.2924,328.791,-26.1877],"stabilizedTipPosition":[-59.5446,345.796,-37.4739],"timeVisible":0.379691,"tipPosition":[-50.0736,338.24,-61.0947],"tipVelocity":[24.2798,-92.6655,-109.989],"tool":false,"touchDistance":-0.316085,"touchZone":"touching","type":1,"width":18.9605},{"bases":[[[0.989092,0.111355,-0.0964203],[-0.051079,0.873268,0.484555],[0.138158,-0.474345,0.869431]],[[0.988129,0.11458,-0.102333],[-0.153486,0.707981,-0.689351],[-0.00653557,0.696875,0.717163]],[[0.988129,0.11458,-0.102333],[-0.0298268,-0.510361,-0.859443],[-0.150702,0.852293,-0.500885]],[[0.988129,0.11458,-0.102333],[0.0639089,-0.912339,-0.404417],[-0.139701,0.393076,-0.908832]]],"btipPosition":[-12.4034,247.744,5.98609],"carpPosition":[-10.0378,279.228,68.627],"dipPosition":[-14.9768,254.985,-10.7551],"direction":[0.150702,-0.852293,0.500885],"extended":false,"handId":465,"id":4652,"length":65.6822,"mcpPosition":[-19.4863,311.668,9.16737],"pipPosition":[-19.1775,278.742,-24.717],"stabilizedTipPosition":[-29.8088,260.326,38.1245],"timeVisible":0.379691,"tipPosition":[-12.8664,249.855,3.69187],"tipVelocity":[48.4856,-119.953,-161.559],"tool":false,"touchDistance":0.333333,"touchZone":"none","type":2,"width":18.6218},{"bases":[[[0.99966,-0.025812,-0.0036771],[0.0241479,0.863426,0.503897],[-0.00983169,-0.503814,0.863756]],[[0.999642,-0.026659,-0.00222492],[0.0173331,0.708799,-0.705197],[0.0203769,0.704906,0.709008]],[[0.999642,-0.026659,-0.00222492],[-0.0159144,-0.52577,-0.850478],[0.0215031,0.850209,-0.526006]],[[0.999642,-0.026659,-0.00222492],[-0.0254134,-0.920365,-0.390233],[0.00835551,0.39015,-0.920713]]],"btipPosition":[0.632847,251.544,14.2576],"carpPosition":[1.65854,281.714,67.2],"dipPosition":[0.785876,258.69,-2.60502],"direction":[-0.0215031,-0.850209,0.526006],"extended":false,"handId":465,"id":4653,"length":63.1552,"mcpPosition":[2.26222,312.649,14.1637],"pipPosition":[1.36978,281.777,-16.8885],"stabilizedTipPosition":[-15.3902,263.734,43.9417],"timeVisible":0.379691,"tipPosition":[0.715326,253.61,11.8098],"tipVelocity":[49.8859,-118.219,-149.228],"tool":false,"touchDistance":0.333333,"touchZone":"none","type":3,"width":17.7198},{"bases":[[[0.97398,-0.226255,0.0131105],[0.178373,0.800975,0.571509],[-0.139808,-0.554299,0.820491]],[[0.941163,-0.308325,0.138374],[0.315966,0.65752,-0.683983],[0.119905,0.687461,0.716254]],[[0.941163,-0.308325,0.138374],[-0.0469173,-0.524689,-0.85],[0.33468,0.793496,-0.508284]],[[0.941163,-0.308325,0.138374],[-0.226612,-0.879523,-0.418434],[0.250717,0.362457,-0.897645]]],"btipPosition":[7.75744,263.659,17.9448],"carpPosition":[14.6195,277.318,64.4949],"dipPosition":[11.9936,269.783,2.77809],"direction":[-0.33468,-0.793496,0.508284],"extended":false,"handId":465,"id":4654,"length":49.5125,"mcpPosition":[22.5661,308.824,17.8588],"pipPosition":[18.4102,284.996,-6.96687],"stabilizedTipPosition":[-4.07316,274.607,39.674],"timeVisible":0.379691,"tipPosition":[8.51185,265.02,15.2994],"tipVelocity":[50.374,-113.963,-129.021],"tool":false,"touchDistance":0.333333,"touchZone":"none","type":4,"width":15.7401}],"r":[[0.985009,0.0136748,0.171962],[-0.0731172,0.935976,0.344388],[-0.156243,-0.351799,0.922944]],"s":1.06073,"t":[63.9527,34.7763,-91.0882],"timestamp":93284870416},false],[1,{"currentFrameRate":54.7834,"devices":[],"gestures":[],"hands":[{"armBasis":[[0.924558,0.301215,-0.233368],[-0.224838,0.925727,0.304099],[0.307635,-0.228688,0.923614]],"armWidth":62.4607,"confidence":0.71426,"direction":[-0.137928,0.598157,-0.78942],"elbow":[83.1329,205.233,313.098],"grabStrength":0,"id":465,"palmNormal":[0.188871,-0.766527,-0.613811],"palmPosition":[-12.053,292.428,24.2107],"palmVelocity":[31.0653,-109.908,-106.231],"palmWidth":89.1918,"pinchStrength":0.42113,"r":[[0.983765,0.018982,0.178453],[-0.0805828,0.935228,0.344753],[-0.16035,-0.353536,0.921575]],"s":1.06115,"sphereCenter":[-12.5676,274.461,-15.2399],"sphereRadius":45.9697,"stabilizedPalmPosition":[-22.2505,304.544,48.9193],"t":[64.5014,32.7779,-92.9787],"timeVisible":0.397818,"type":"right","wrist":[1.71296,265.758,68.6503]}],"id":1672888,"interactionBox":{"center":[0,200,0],"size":[235.247,235.247,147.751]},"pointables":[{"bases":[[[0.195392,0.896387,0.397885],[-0.813112,-0.0787669,0.576753],[0.548334,-0.436218,0.713473]],[[0.101244,0.956565,0.273373],[-0.828876,-0.0708607,0.554927],[0.550195,-0.282775,0.7857]],[[0.101244,0.956565,0.273373],[-0.984628,0.135657,-0.110021],[-0.142327,-0.258031,0.955596]],[[0.101244,0.956565,0.273373],[-0.968106,0.158027,-0.194418],[-0.229174,-0.24497,0.942056]]],"btipPosition":[-39.9019,277.185,-27.397],"carpPosition":[-22.9946,249.104,64.5976],"dipPosition":[-45.1594,271.565,-5.78522],"direction":[0.142327,0.258031,-0.955596],"extended":false,"handId":465,"id":4650,"length":51.0864,"mcpPosition":[-22.9946,249.104,64.5976],"pipPosition":[-49.9162,262.941,26.1525],"stabilizedTipPosition":[-53.5497,281.638,-0.140181],"timeVisible":0.397818,"tipPosition":[-40.9782,274.08,-23.0371],"tipVelocity":[44.9641,-74.1846,-91.8848],"tool":false,"touchDistance":-0.194167,"touchZone":"touching","type":0,"width":19.8498},{"bases":[[[0.935306,0.330874,-0.125399],[-0.231167,0.839696,0.491399],[0.267888,-0.43062,0.86186]],[[0.9613,0.27494,-0.0175923],[-0.212482,0.780537,0.587889],[0.175366,-0.5614,0.80875]],[[0.9613,0.27494,-0.0175923],[-0.245147,0.882774,0.400766],[0.125717,-0.380943,0.916012]],[[0.9613,0.27494,-0.0175923],[-0.263642,0.936572,0.230924],[0.0799666,-0.217349,0.972813]]],"btipPosition":[-51.3967,339.281,-66.0686],"carpPosition":[-20.3747,271.919,68.1395],"dipPosition":[-50.0574,335.641,-49.776],"direction":[-0.125717,0.380943,-0.916012],"extended":true,"handId":465,"id":4651,"length":57.6453,"mcpPosition":[-39.6936,302.973,5.98598],"pipPosition":[-47.0788,326.615,-28.0732],"stabilizedTipPosition":[-58.9881,345.312,-39.1092],"timeVisible":0.397818,"tipPosition":[-49.9624,336.448,-62.8869],"tipVelocity":[14.3137,-97.7072,-104.162],"tool":false,"touchDistance":-0.339389,"touchZone":"touching","type":1,"width":18.9605},{"bases":[[[0.988512,0.121625,-0.0897274],[-0.0637773,0.873887,0.481927],[0.137026,-0.470668,0.871605]],[[0.987571,0.124778,-0.0955697],[-0.156097,0.707655,-0.689099],[-0.0183543,0.695453,0.718337]],[[0.987571,0.124778,-0.0955697],[-0.0192993,-0.507183,-0.861622],[-0.155983,0.852758,-0.498472]],[[0.987571,0.124778,-0.0955697],[0.0756074,-0.910233,-0.407135],[-0.137792,0.394849,-0.908354]]],"btipPosition":[-11.3652,245.806,4.0434],"carpPosition":[-9.74745,277.519,66.9646],"dipPosition":[-13.9034,253.079,-12.689],"direction":[0.155983,-0.852758,0.498472],"extended":false,"handId":465,"id":4652,"length":65.6822,"mcpPosition":[-19.1185,309.708,7.35623],"pipPosition":[-18.2513,276.849,-26.5836],"stabilizedTipPosition":[-28.8507,259.637,36.0899],"timeVisible":0.397818,"tipPosition":[-11.8349,247.901,1.73122],"tipVelocity":[52.8829,-113.556,-135.609],"tool":false,"touchDistance":0.333333,"touchZone":"none","type":2,"width":18.6218},{"bases":[[[0.999879,-0.0151889,0.00344176],[0.011411,0.864894,0.501824],[-0.0105989,-0.501724,0.864963]],[[0.999861,-0.0159715,0.00479099],[0.0147926,0.717008,-0.696908],[0.0076955,0.696882,0.717144]],[[0.999861,-0.0159715,0.00479099],[-0.00404804,-0.511225,-0.859437],[0.0161758,0.859298,-0.511219]],[[0.999861,-0.0159715,0.00479099],[-0.0126744,-0.914653,-0.40404],[0.0108352,0.403923,-0.914729]]],"btipPosition":[1.60767,249.681,11.7297],"carpPosition":[1.93161,280.126,65.6138],"dipPosition":[1.80612,257.078,-5.0233],"direction":[-0.0161758,-0.859298,0.511219],"extended":false,"handId":465,"id":4653,"length":63.1552,"mcpPosition":[2.5824,310.933,12.5033],"pipPosition":[2.24536,280.412,-18.9052],"stabilizedTipPosition":[-14.4971,263.087,42.0518],"timeVisible":0.397818,"tipPosition":[1.67872,251.786,9.43418],"tipVelocity":[52.0133,-109.363,-143.912],"tool":false,"touchDistance":0.333333,"touchZone":"none","type":3,"width":17.7198},{"bases":[[[0.97621,-0.215851,0.0205652],[0.165808,0.804256,0.570683],[-0.139722,-0.553697,0.820913]],[[0.943436,-0.297851,0.145649],[0.315243,0.669734,-0.672368],[0.102719,0.68025,0.725747]],[[0.943436,-0.297851,0.145649],[-0.029163,-0.512135,-0.85841],[0.330271,0.805607,-0.491852]],[[0.943436,-0.297851,0.145649],[-0.210394,-0.877327,-0.431313],[0.256249,0.376273,-0.890368]]],"btipPosition":[8.67713,261.953,15.6704],"carpPosition":[14.9574,275.862,63.0114],"dipPosition":[13.0068,268.31,0.626646],"direction":[-0.330271,-0.805607,0.491852],"extended":false,"handId":465,"id":4654,"length":49.5125,"mcpPosition":[22.8991,307.333,16.3514],"pipPosition":[19.3388,283.756,-8.80328],"stabilizedTipPosition":[-3.07104,273.791,37.6718],"timeVisible":0.397818,"tipPosition":[9.43984,263.392,13.2165],"tipVelocity":[51.1111,-103.114,-126.587],"tool":false,"touchDistance":0.333333,"touchZone":"none","type":4,"width":15.7401}],"r":[[0.983765,0.018982,0.178453],[-0.0805828,0.935228,0.344753],[-0.16035,-0.353536,0.921575]],"s":1.06115,"t":[64.5014,32.7779,-92.9787],"timestamp":93284888543},false],[2,{"currentFrameRate":54.8195,"devices":[],"gestures":[],"hands":[{"armBasis":[[0.924603,0.303489,-0.230225],[-0.228106,0.925139,0.303455],[0.305085,-0.22806,0.924614]],"armWidth":62.4607,"confidence":0.734157,"direction":[-0.134357,0.591078,-0.795346],"elbow":[82.6921,204.365,312.065],"grabStrength":0,"id":465,"palmNormal":[0.194247,-0.771342,-0.606053],"palmPosition":[-11.603,290.983,22.6032],"palmVelocity":[28.1022,-95.5593,-97.9022],"palmWidth":89.1918,"pinchStrength":0.425759,"r":[[0.982482,0.0239492,0.18481],[-0.0873722,0.935152,0.343302],[-0.164604,-0.353435,0.920863]],"s":1.0613,"sphereCenter":[-12.6373,272.679,-16.6838],"sphereRadius":45.9632,"stabilizedPalmPosition":[-21.3342,303.377,46.6547],"t":[65.0008,31.0562,-94.7276],"timeVisible":0.415934,"type":"right","wrist":[1.94697,264.724,67.3531]}],"id":1672889,"interactionBox":{"center":[0,200,0],"size":[235.247,235.247,147.751]},"pointables":[{"bases":[[[0.191056,0.900181,0.391371],[-0.81646,-0.0755896,0.572433],[0.544877,-0.428905,0.72052]],[[0.100866,0.957478,0.2703],[-0.829892,-0.0688739,0.553656],[0.54873,-0.280165,0.787656]],[[0.100866,0.957478,0.2703],[-0.983822,0.136422,-0.11612],[-0.148057,-0.254215,0.955748]],[[0.100866,0.957478,0.2703],[-0.966229,0.159028,-0.20276],[-0.237124,-0.24072,0.941183]]],"btipPosition":[-39.1618,275.711,-28.7829],"carpPosition":[-22.7,247.983,63.2925],"dipPosition":[-44.6016,270.188,-7.19117],"direction":[0.148057,0.254215,-0.955748],"extended":false,"handId":465,"id":4650,"length":51.0864,"mcpPosition":[-22.7,247.983,63.2925],"pipPosition":[-49.55,261.692,24.7516],"stabilizedTipPosition":[-52.2761,280.941,-2.43558],"timeVisible":0.415934,"tipPosition":[-40.2573,272.669,-24.4286],"tipVelocity":[41.906,-77.014,-84.6852],"tool":false,"touchDistance":-0.217342,"touchZone":"touching","type":0,"width":19.8498},{"bases":[[[0.935355,0.331815,-0.122519],[-0.235947,0.843368,0.482762],[0.263516,-0.422646,0.867139]],[[0.960191,0.27878,-0.0177294],[-0.216326,0.782238,0.584215],[0.176736,-0.557123,0.811405]],[[0.960191,0.27878,-0.0177294],[-0.248669,0.881948,0.400413],[0.127263,-0.380064,0.916163]],[[0.960191,0.27878,-0.0177294],[-0.267129,0.93492,0.233593],[0.0816965,-0.219558,0.972173]]],"btipPosition":[-50.9801,337.456,-68.0389],"carpPosition":[-20.1501,270.832,66.6547],"dipPosition":[-49.6119,333.779,-51.757],"direction":[-0.127263,0.380064,-0.916163],"extended":true,"handId":465,"id":4651,"length":57.6453,"mcpPosition":[-39.1537,301.312,4.12039],"pipPosition":[-46.5966,324.774,-30.0506],"stabilizedTipPosition":[-58.254,344.545,-41.3306],"timeVisible":0.415934,"tipPosition":[-49.511,334.708,-64.8526],"tipVelocity":[18.6198,-99.3792,-106.415],"tool":false,"touchDistance":-0.363374,"touchZone":"touching","type":1,"width":18.9605},{"bases":[[[0.988784,0.122995,-0.0847306],[-0.068575,0.87784,0.47402],[0.132682,-0.462892,0.876428]],[[0.987898,0.12601,-0.0904418],[-0.153427,0.708306,-0.689031],[-0.0227641,0.694568,0.719067]],[[0.987898,0.12601,-0.0904418],[-0.0147001,-0.504405,-0.863342],[-0.154409,0.854223,-0.496449]],[[0.987898,0.12601,-0.0904418],[0.0787443,-0.909811,-0.407485],[-0.133632,0.395431,-0.908722]]],"btipPosition":[-10.7606,244.191,2.16153],"carpPosition":[-9.52775,276.446,65.4966],"dipPosition":[-13.2221,251.475,-14.5777],"direction":[0.154409,-0.854223,0.496449],"extended":false,"handId":465,"id":4652,"length":65.6822,"mcpPosition":[-18.6018,308.102,5.55843],"pipPosition":[-17.5262,275.286,-28.4159],"stabilizedTipPosition":[-27.7636,258.783,33.7463],"timeVisible":0.415934,"tipPosition":[-11.2109,246.247,-0.0965817],"tipVelocity":[44.0615,-101.873,-120.548],"tool":false,"touchDistance":0.333333,"touchZone":"none","type":2,"width":18.6218},{"bases":[[[0.999869,-0.0129917,0.00967561],[0.00650887,0.869181,0.494452],[-0.0148336,-0.494324,0.869151]],[[0.999844,-0.0137734,0.0110501],[0.017568,0.712737,-0.701211],[0.00178228,0.701296,0.712868]],[[0.999844,-0.0137734,0.0110501],[0.00238947,-0.514489,-0.857494],[0.0174957,0.857387,-0.514376]],[[0.999844,-0.0137734,0.0110501],[-0.00818982,-0.916108,-0.400847],[0.0156441,0.400694,-0.916078]]],"btipPosition":[2.22497,248.084,10.3514],"carpPosition":[2.15382,279.067,64.1948],"dipPosition":[2.51148,255.423,-6.42639],"direction":[-0.0174957,-0.857387,0.514376],"extended":false,"handId":465,"id":4653,"length":63.1552,"mcpPosition":[3.06463,309.419,10.8272],"pipPosition":[2.98657,278.705,-20.394],"stabilizedTipPosition":[-13.435,262.244,39.8021],"timeVisible":0.415934,"tipPosition":[2.3043,250.178,7.99693],"tipVelocity":[44.0077,-99.6105,-111.78],"tool":false,"touchDistance":0.333333,"touchZone":"none","type":3,"width":17.7198},{"bases":[[[0.97652,-0.213551,0.0283737],[0.160609,0.809469,0.564769],[-0.143575,-0.546951,0.824761]],[[0.94326,-0.294363,0.153658],[0.318973,0.674634,-0.665677],[0.0922878,0.676919,0.730249]],[[0.94326,-0.294363,0.153658],[-0.0170546,-0.505086,-0.8629],[0.331617,0.811319,-0.481448]],[[0.94326,-0.294363,0.153658],[-0.202075,-0.876066,-0.437807],[0.263489,0.381915,-0.885841]]],"btipPosition":[9.35641,260.426,13.717],"carpPosition":[15.2043,274.808,61.7087],"dipPosition":[13.8084,266.879,-1.25032],"direction":[-0.331617,-0.811319,0.481448],"extended":false,"handId":465,"id":4654,"length":49.5125,"mcpPosition":[23.3649,305.896,14.8299],"pipPosition":[20.1662,282.434,-10.4808],"stabilizedTipPosition":[-2.0549,272.894,35.6022],"timeVisible":0.415934,"tipPosition":[10.1332,261.913,11.4042],"tipVelocity":[45.3703,-93.5637,-117.198],"tool":false,"touchDistance":0.333333,"touchZone":"none","type":4,"width":15.7401}],"r":[[0.982482,0.0239492,0.18481],[-0.0873722,0.935152,0.343302],[-0.164604,-0.353435,0.920863]],"s":1.0613,"t":[65.0008,31.0562,-94.7276],"timestamp":93284906659},false],[3,{"currentFrameRate":54.8815,"devices":[],"gestures":[],"hands":[{"armBasis":[[0.926367,0.297558,-0.230875],[-0.223457,0.927705,0.299051],[0.303169,-0.22544,0.925886]],"armWidth":62.4607,"confidence":0.738306,"direction":[-0.133175,0.585001,-0.800024],"elbow":[82.5061,204.326,311.502],"grabStrength":0,"id":465,"palmNormal":[0.189935,-0.777188,-0.599919],"palmPosition":[-11.2452,289.934,21.5083],"palmVelocity":[24.2047,-77.8867,-80.3263],"palmWidth":89.1918,"pinchStrength":0.419789,"r":[[0.981494,0.0273925,0.189522],[-0.0918783,0.935717,0.340575],[-0.168009,-0.351686,0.920918]],"s":1.06176,"sphereCenter":[-13.1859,271.293,-17.6229],"sphereRadius":46.0066,"stabilizedPalmPosition":[-20.426,302.167,44.391],"t":[65.4294,29.6709,-96.1496],"timeVisible":0.433939,"type":"right","wrist":[2.26812,263.991,66.4532]}],"id":1672890,"interactionBox":{"center":[0,200,0],"size":[235.247,235.247,147.751]},"pointables":[{"bases":[[[0.195551,0.902585,0.383536],[-0.81581,-0.0673247,0.574388],[0.544256,-0.425214,0.723172]],[[0.110788,0.956612,0.269479],[-0.825134,-0.062602,0.561457],[0.553967,-0.284559,0.782398]],[[0.110788,0.956612,0.269479],[-0.983216,0.145046,-0.110674],[-0.144959,-0.252694,0.956626]],[[0.110788,0.956612,0.269479],[-0.964692,0.1687,-0.20226],[-0.238945,-0.237556,0.941527]]],"btipPosition":[-39.2365,275.142,-29.2824],"carpPosition":[-22.4568,247.322,62.5729],"dipPosition":[-44.7182,269.692,-7.68276],"direction":[0.144959,0.252694,-0.956626],"extended":false,"handId":465,"id":4650,"length":51.0864,"mcpPosition":[-22.4568,247.322,62.5729],"pipPosition":[-49.563,261.246,24.2894],"stabilizedTipPosition":[-50.9665,280.156,-4.8682],"timeVisible":0.433939,"tipPosition":[-40.2572,272.114,-24.9553],"tipVelocity":[19.8276,-55.0586,-57.6532],"tool":false,"touchDistance":-0.225636,"touchZone":"touching","type":0,"width":19.8498},{"bases":[[[0.936553,0.326778,-0.126823],[-0.231536,0.848362,0.476101],[0.263171,-0.41653,0.870197]],[[0.960832,0.276038,-0.0246014],[-0.21069,0.785258,0.582219],[0.180033,-0.554232,0.812659]],[[0.960832,0.276038,-0.0246014],[-0.243462,0.883173,0.400913],[0.132394,-0.37922,0.915786]],[[0.960832,0.276038,-0.0246014],[-0.262711,0.935502,0.23626],[0.0882312,-0.220543,0.971379]]],"btipPosition":[-50.9789,336.245,-69.2044],"carpPosition":[-19.8039,270.188,65.7403],"dipPosition":[-49.5012,332.551,-52.9358],"direction":[-0.132394,0.37922,-0.915786],"extended":true,"handId":465,"id":4651,"length":57.6453,"mcpPosition":[-38.7826,300.226,2.98543],"pipPosition":[-46.3644,323.567,-31.2384],"stabilizedTipPosition":[-57.4093,343.53,-44.0073],"timeVisible":0.433939,"tipPosition":[-49.4903,333.564,-66.0235],"tipVelocity":[10.4911,-84.2561,-86.7438],"tool":false,"touchDistance":-0.372899,"touchZone":"touching","type":1,"width":18.9605},{"bases":[[[0.989155,0.118054,-0.0873832],[-0.0640332,0.882044,0.466796],[0.132183,-0.456138,0.880037]],[[0.988318,0.120876,-0.0928301],[-0.151368,0.707415,-0.6904],[-0.0177833,0.696386,0.717447]],[[0.988318,0.120876,-0.0928301],[-0.0194852,-0.503876,-0.863556],[-0.151158,0.855277,-0.495634]],[[0.988318,0.120876,-0.0928301],[0.0730542,-0.910273,-0.407511],[-0.133759,0.395969,-0.90847]]],"btipPosition":[-10.6819,242.904,0.985187],"carpPosition":[-9.15962,275.746,64.518],"dipPosition":[-13.1458,250.198,-15.7494],"direction":[0.151158,-0.855277,0.495634],"extended":false,"handId":465,"id":4652,"length":65.6822,"mcpPosition":[-18.1995,306.941,4.33292],"pipPosition":[-17.3593,274.038,-29.5649],"stabilizedTipPosition":[-26.6198,257.799,31.2106],"timeVisible":0.433939,"tipPosition":[-11.1244,244.952,-1.27596],"tipVelocity":[25.2381,-87.4123,-94.3563],"tool":false,"touchDistance":0.333333,"touchZone":"none","type":2,"width":18.6218},{"bases":[[[0.999819,-0.0171875,0.00813527],[0.0110474,0.873234,0.487175],[-0.0154773,-0.486998,0.873266]],[[0.999779,-0.0183536,0.0102264],[0.020237,0.710373,-0.703534],[0.00564786,0.703586,0.710588]],[[0.999779,-0.0183536,0.0102264],[-0.000703101,-0.515685,-0.856778],[0.0209985,0.856582,-0.515584]],[[0.999779,-0.0183536,0.0102264],[-0.0127554,-0.916985,-0.398718],[0.0166953,0.398499,-0.917017]]],"btipPosition":[2.35781,246.835,9.22881],"carpPosition":[2.5308,278.306,63.1751],"dipPosition":[2.66358,254.134,-7.56612],"direction":[-0.0209985,-0.856582,0.515584],"extended":false,"handId":465,"id":4653,"length":63.1552,"mcpPosition":[3.48114,308.208,9.55476],"pipPosition":[3.23378,277.394,-21.5666],"stabilizedTipPosition":[-12.2882,261.252,37.3126],"timeVisible":0.433939,"tipPosition":[2.45193,248.906,6.86818],"tipVelocity":[26.7667,-85.5226,-88.4593],"tool":false,"touchDistance":0.333333,"touchZone":"none","type":3,"width":17.7198},{"bases":[[[0.975647,-0.217482,0.0285436],[0.16501,0.813452,0.557734],[-0.144516,-0.539442,0.829529]],[[0.942591,-0.296525,0.153607],[0.320139,0.67144,-0.66834],[0.0950419,0.679147,0.727823]],[[0.942591,-0.296525,0.153607],[-0.0185795,-0.505822,-0.862438],[0.333432,0.810072,-0.482293]],[[0.942591,-0.296525,0.153607],[-0.204494,-0.876158,-0.436497],[0.264016,0.380027,-0.886496]]],"btipPosition":[9.62527,259.141,12.5517],"carpPosition":[15.5588,273.971,60.7031],"dipPosition":[14.0861,265.562,-2.42668],"direction":[-0.333432,-0.810072,0.482293],"extended":false,"handId":465,"id":4654,"length":49.5125,"mcpPosition":[23.773,304.632,13.5533],"pipPosition":[20.4788,281.093,-11.6733],"stabilizedTipPosition":[-1.03846,271.912,33.4827],"timeVisible":0.433939,"tipPosition":[10.4067,260.651,10.2414],"tipVelocity":[31.0009,-83.2512,-92.3976],"tool":false,"touchDistance":0.333333,"touchZone":"none","type":4,"width":15.7401}],"r":[[0.981494,0.0273925,0.189522],[-0.0918783,0.935717,0.340575],[-0.168009,-0.351686,0.920918]],"s":1.06176,"t":[65.4294,29.6709,-96.1496],"timestamp":93284924664},false],[4,{"currentFrameRate":54.9529,"devices":[],"gestures":[],"hands":[{"armBasis":[[0.928367,0.293759,-0.227687],[-0.220783,0.928692,0.29797],[0.298982,-0.226356,0.927023]],"armWidth":62.4607,"confidence":0.743939,"direction":[-0.132188,0.576961,-0.806004],"elbow":[81.693,203.651,311.174],"grabStrength":0,"id":465,"palmNormal":[0.188041,-0.783778,-0.59189],"palmPosition":[-10.9097,289.063,20.6178],"palmVelocity":[21.5959,-63.9846,-65.8064],"palmWidth":89.1918,"pinchStrength":0.403976,"r":[[0.980705,0.0301218,0.193158],[-0.095041,0.936897,0.33644],[-0.170835,-0.348306,0.921682]],"s":1.06206,"sphereCenter":[-13.6105,269.921,-18.3909],"sphereRadius":46.0831,"stabilizedPalmPosition":[-20.426,302.167,44.391],"t":[65.8115,28.5431,-97.3058],"timeVisible":0.451888,"type":"right","wrist":[2.56311,263.559,65.8248]}],"id":1672891,"interactionBox":{"center":[0,200,0],"size":[235.247,235.247,147.751]},"pointables":[{"bases":[[[0.19764,0.906087,0.374091],[-0.815752,-0.0595948,0.575324],[0.543588,-0.418872,0.727364]],[[0.120019,0.955588,0.269159],[-0.818965,-0.057948,0.57091],[0.561152,-0.288952,0.775638]],[[0.120019,0.955588,0.269159],[-0.982874,0.15256,-0.103361],[-0.139834,-0.252144,0.957533]],[[0.120019,0.955588,0.269159],[-0.962707,0.178242,-0.203533],[-0.242469,-0.234693,0.941344]]],"btipPosition":[-39.421,274.855,-29.4249],"carpPosition":[-22.1992,246.905,62.1258],"dipPosition":[-44.9835,269.471,-7.82951],"direction":[0.139834,0.252144,-0.957533],"extended":false,"handId":465,"id":4650,"length":51.0864,"mcpPosition":[-22.1992,246.905,62.1258],"pipPosition":[-49.657,261.044,24.1729],"stabilizedTipPosition":[-49.7,279.35,-7.28491],"timeVisible":0.451888,"tipPosition":[-40.3211,271.822,-25.1439],"tipVelocity":[5.10318,-36.1827,-34.1747],"tool":false,"touchDistance":-0.228028,"touchZone":"touching","type":0,"width":19.8498},{"bases":[[[0.937214,0.323413,-0.130513],[-0.229531,0.853754,0.467354],[0.262575,-0.408054,0.874384]],[[0.960973,0.274973,-0.0303544],[-0.207575,0.789233,0.577948],[0.182877,-0.549091,0.815509]],[[0.960973,0.274973,-0.0303544],[-0.240711,0.885185,0.398127],[0.136343,-0.375282,0.916828]],[[0.960973,0.274973,-0.0303544],[-0.260545,0.936472,0.234814],[0.0929934,-0.217741,0.971566]]],"btipPosition":[-50.9207,334.885,-70.3395],"carpPosition":[-19.4956,269.796,65.0549],"dipPosition":[-49.3632,331.239,-54.0678],"direction":[-0.136343,0.375282,-0.916828],"extended":true,"handId":465,"id":4651,"length":57.6453,"mcpPosition":[-38.4314,299.223,1.99818],"pipPosition":[-46.1329,322.347,-32.3456],"stabilizedTipPosition":[-56.4542,342.207,-47.1587],"timeVisible":0.451888,"tipPosition":[-49.423,332.282,-67.1516],"tipVelocity":[7.54693,-79.9553,-75.6117],"tool":false,"touchDistance":-0.380958,"touchZone":"touching","type":1,"width":18.9605},{"bases":[[[0.989378,0.114995,-0.0889282],[-0.0619585,0.886974,0.457644],[0.131504,-0.447273,0.884677]],[[0.988594,0.1176,-0.0940819],[-0.149761,0.701679,-0.696576],[-0.0159018,0.702721,0.711288]],[[0.988594,0.1176,-0.0940819],[-0.0212543,-0.509506,-0.860205],[-0.149095,0.852393,-0.501195]],[[0.988594,0.1176,-0.0940819],[0.0703423,-0.912934,-0.401999],[-0.133166,0.390796,-0.910794]]],"btipPosition":[-10.473,241.746,0.410288],"carpPosition":[-8.83983,275.318,63.7715],"dipPosition":[-12.926,248.944,-16.3671],"direction":[0.149095,-0.852393,0.501195],"extended":false,"handId":465,"id":4652,"length":65.6822,"mcpPosition":[-17.8333,305.906,3.2692],"pipPosition":[-17.082,272.704,-30.3376],"stabilizedTipPosition":[-25.2676,256.55,28.203],"timeVisible":0.451888,"tipPosition":[-10.9135,243.786,-1.90813],"tipVelocity":[18.8742,-77.1597,-65.1469],"tool":false,"touchDistance":0.333333,"touchZone":"none","type":2,"width":18.6218},{"bases":[[[0.999782,-0.0192713,0.00798413],[0.01311,0.878213,0.47809],[-0.0162252,-0.477881,0.878275]],[[0.999714,-0.0210702,0.0112905],[0.0229382,0.712625,-0.70117],[0.00672792,0.701229,0.712904]],[[0.999714,-0.0210702,0.0112905],[-0.00102811,-0.509776,-0.860307],[0.0238824,0.860049,-0.509652]],[[0.999714,-0.0210702,0.0112905],[-0.0147506,-0.915414,-0.402243],[0.0188108,0.401962,-0.915463]]],"btipPosition":[2.56421,245.754,7.85353],"carpPosition":[2.85564,277.838,62.3983],"dipPosition":[2.90872,253.115,-8.91295],"direction":[-0.0238824,-0.860049,0.509652],"extended":false,"handId":465,"id":4653,"length":63.1552,"mcpPosition":[3.8519,307.181,8.47048],"pipPosition":[3.55724,276.47,-22.7523],"stabilizedTipPosition":[-11.2067,260.252,34.8995],"timeVisible":0.451888,"tipPosition":[2.67695,247.816,5.61129],"tipVelocity":[19.7829,-73.1909,-82.6898],"tool":false,"touchDistance":0.333333,"touchZone":"none","type":3,"width":17.7198},{"bases":[[[0.975183,-0.219291,0.0304764],[0.166968,0.818832,0.549214],[-0.145393,-0.530496,0.835126]],[[0.941959,-0.29703,0.15648],[0.323518,0.678523,-0.659502],[0.0897168,0.671848,0.735236]],[[0.941959,-0.29703,0.15648],[-0.0112064,-0.49365,-0.869588],[0.33554,0.817363,-0.468327]],[[0.941959,-0.29703,0.15648],[-0.201114,-0.87244,-0.445423],[0.268823,0.388099,-0.88154]]],"btipPosition":[10.0526,258.088,10.8892],"carpPosition":[15.8733,273.45,59.9671],"dipPosition":[14.5946,264.645,-4.00545],"direction":[-0.33554,-0.817363,0.468327],"extended":false,"handId":465,"id":4654,"length":49.5125,"mcpPosition":[24.1373,303.603,12.4992],"pipPosition":[21.0277,280.316,-12.9843],"stabilizedTipPosition":[-0.148038,271.008,31.5736],"timeVisible":0.451888,"tipPosition":[10.836,259.653,8.80428],"tipVelocity":[28.0911,-70.7934,-91.9973],"tool":false,"touchDistance":0.333333,"touchZone":"none","type":4,"width":15.7401}],"r":[[0.980705,0.0301218,0.193158],[-0.095041,0.936897,0.33644],[-0.170835,-0.348306,0.921682]],"s":1.06206,"t":[65.8115,28.5431,-97.3058],"timestamp":93284942613},false],[5,{"currentFrameRate":54.9748,"devices":[],"gestures":[],"hands":[{"armBasis":[[0.928566,0.29289,-0.227993],[-0.218286,0.927729,0.302772],[0.300194,-0.231376,0.925391]],"armWidth":62.4607,"confidence":0.749243,"direction":[-0.130424,0.572785,-0.809263],"elbow":[82.2054,201.867,310.154],"grabStrength":0,"id":465,"palmNormal":[0.186719,-0.787439,-0.587431],"palmPosition":[-10.6339,288.387,19.8803],"palmVelocity":[18.5649,-51.3088,-53.8639],"palmWidth":89.1918,"pinchStrength":0.393914,"r":[[0.980048,0.0321051,0.19615],[-0.097197,0.938233,0.332071],[-0.173373,-0.34451,0.922634]],"s":1.06284,"sphereCenter":[-14.1529,269.04,-19.0159],"sphereRadius":46.1719,"stabilizedPalmPosition":[-20.426,302.167,44.391],"t":[66.1404,27.6409,-98.2527],"timeVisible":0.470002,"type":"right","wrist":[2.75484,263.104,65.2362]}],"id":1672892,"interactionBox":{"center":[0,200,0],"size":[235.247,235.247,147.751]},"pointables":[{"bases":[[[0.199365,0.90771,0.36921],[-0.816245,-0.0546515,0.575115],[0.542215,-0.416024,0.730018]],[[0.127364,0.953997,0.271419],[-0.814414,-0.0556067,0.577613],[0.566134,-0.294615,0.769867]],[[0.127364,0.953997,0.271419],[-0.982511,0.158824,-0.0972001],[-0.135837,-0.254293,0.95754]],[[0.127364,0.953997,0.271419],[-0.959967,0.187394,-0.208197],[-0.249482,-0.234037,0.939673]]],"btipPosition":[-39.4794,274.766,-29.6171],"carpPosition":[-22.0412,246.483,61.6131],"dipPosition":[-45.2028,269.397,-8.05999],"direction":[0.135837,0.254293,-0.95754],"extended":false,"handId":465,"id":4650,"length":51.0864,"mcpPosition":[-22.0412,246.483,61.6131],"pipPosition":[-49.7427,260.898,23.9427],"stabilizedTipPosition":[-48.6532,278.666,-9.32753],"timeVisible":0.470002,"tipPosition":[-40.3414,271.767,-25.3734],"tipVelocity":[0.167964,-21.1927,-23.191],"tool":false,"touchDistance":-0.231378,"touchZone":"touching","type":0,"width":19.8498},{"bases":[[[0.937996,0.320659,-0.131689],[-0.227978,0.856817,0.462484],[0.261133,-0.403786,0.876793]],[[0.961125,0.274025,-0.0338906],[-0.204604,0.789245,0.57899],[0.185406,-0.549548,0.81463]],[[0.961125,0.274025,-0.0338906],[-0.237965,0.884325,0.401673],[0.140039,-0.377993,0.915156]],[[0.961125,0.274025,-0.0338906],[-0.258301,0.935697,0.240315],[0.0975637,-0.222219,0.970103]]],"btipPosition":[-50.8815,334.324,-71.0495],"carpPosition":[-19.2899,269.384,64.4176],"dipPosition":[-49.2475,330.602,-54.8022],"direction":[-0.140039,0.377993,-0.915156],"extended":true,"handId":465,"id":4651,"length":57.6453,"mcpPosition":[-38.1216,298.503,1.18706],"pipPosition":[-45.9296,321.646,-33.1197],"stabilizedTipPosition":[-55.5118,340.822,-50.3514],"timeVisible":0.470002,"tipPosition":[-49.3741,331.734,-67.8885],"tipVelocity":[5.44681,-57.1111,-58.4289],"tool":false,"touchDistance":-0.381929,"touchZone":"touching","type":1,"width":18.9605},{"bases":[[[0.989681,0.112362,-0.0889197],[-0.0603278,0.88962,0.4527],[0.129971,-0.442664,0.887218]],[[0.988972,0.114727,-0.093662],[-0.147397,0.700696,-0.698068],[-0.0144585,0.704175,0.709879]],[[0.988972,0.114727,-0.093662],[-0.0224492,-0.508977,-0.860487],[-0.146393,0.8531,-0.500789]],[[0.988972,0.114727,-0.093662],[0.0677895,-0.912925,-0.402458],[-0.131679,0.39167,-0.910634]]],"btipPosition":[-10.3205,240.884,-0.372093],"carpPosition":[-8.62129,274.875,63.1106],"dipPosition":[-12.7461,248.098,-17.1465],"direction":[0.146393,-0.8531,0.500789],"extended":false,"handId":465,"id":4652,"length":65.6822,"mcpPosition":[-17.5099,305.149,2.43452],"pipPosition":[-16.8268,271.878,-31.1057],"stabilizedTipPosition":[-23.8523,255.172,25.0129],"timeVisible":0.470002,"tipPosition":[-10.7522,242.927,-2.70505],"tipVelocity":[14.0637,-62.9944,-54.6807],"tool":false,"touchDistance":0.333333,"touchZone":"none","type":2,"width":18.6218},{"bases":[[[0.999733,-0.0213899,0.0087392],[0.0147086,0.88081,0.473242],[-0.0178202,-0.472987,0.880889]],[[0.999644,-0.0234834,0.0126386],[0.0255672,0.709126,-0.704618],[0.00758452,0.70469,0.709474]],[[0.999644,-0.0234834,0.0126386],[-0.00118482,-0.512555,-0.858654],[0.0266421,0.858333,-0.5124]],[[0.999644,-0.0234834,0.0126386],[-0.0164746,-0.916457,-0.399794],[0.0209712,0.399444,-0.916518]]],"btipPosition":[2.73497,244.919,7.26997],"carpPosition":[3.08049,277.363,61.7311],"dipPosition":[3.11905,252.235,-9.51582],"direction":[-0.0266421,-0.858333,0.5124],"extended":false,"handId":465,"id":4653,"length":63.1552,"mcpPosition":[4.17468,306.405,7.64275],"pipPosition":[3.84251,275.542,-23.4298],"stabilizedTipPosition":[-10.0933,259.168,32.4005],"timeVisible":0.470002,"tipPosition":[2.86102,246.976,4.95711],"tipVelocity":[15.0936,-60.5699,-58.7857],"tool":false,"touchDistance":0.333333,"touchZone":"none","type":3,"width":17.7198},{"bases":[[[0.974686,-0.221228,0.0323196],[0.168392,0.821489,0.544793],[-0.147074,-0.52556,0.837947]],[[0.941094,-0.298397,0.159064],[0.327252,0.68528,-0.650613],[0.0851371,0.664342,0.742564]],[[0.941094,-0.298397,0.159064],[-0.00491124,-0.482415,-0.875929],[0.338109,0.823551,-0.455463]],[[0.941094,-0.298397,0.159064],[-0.198642,-0.868536,-0.454077],[0.273648,0.395732,-0.876649]]],"btipPosition":[10.3929,257.303,9.51103],"carpPosition":[16.0902,272.933,59.3326],"dipPosition":[15.0165,263.99,-5.30096],"direction":[-0.338109,-0.823551,0.455463],"extended":false,"handId":465,"id":4654,"length":49.5125,"mcpPosition":[24.4497,302.805,11.7044],"pipPosition":[21.4989,279.779,-14.0332],"stabilizedTipPosition":[0.574333,270.251,29.9881],"timeVisible":0.470002,"tipPosition":[11.1886,258.897,7.54],"tipVelocity":[24.1575,-56.9444,-83.9239],"tool":false,"touchDistance":0.333333,"touchZone":"none","type":4,"width":15.7401}],"r":[[0.980048,0.0321051,0.19615],[-0.097197,0.938233,0.332071],[-0.173373,-0.34451,0.922634]],"s":1.06284,"t":[66.1404,27.6409,-98.2527],"timestamp":93284960727},false],[6,{"currentFrameRate":54.9991,"devices":[],"gestures":[],"hands":[{"armBasis":[[0.929245,0.290071,-0.228828],[-0.216941,0.929723,0.297578],[0.299065,-0.226881,0.926868]],"armWidth":62.4607,"confidence":0.756735,"direction":[-0.127669,0.568431,-0.812765],"elbow":[82.0685,202.699,310.154],"grabStrength":0,"id":465,"palmNormal":[0.186252,-0.791151,-0.582572],"palmPosition":[-10.3316,287.798,19.3204],"palmVelocity":[17.6801,-42.3913,-42.9612],"palmWidth":89.1918,"pinchStrength":0.382411,"r":[[0.97945,0.0335253,0.198883],[-0.0986569,0.939701,0.327458],[-0.175912,-0.340349,0.923698]],"s":1.0639,"sphereCenter":[-14.6281,268.185,-19.5334],"sphereRadius":46.2975,"stabilizedPalmPosition":[-20.426,302.167,44.391],"t":[66.456,26.8952,-99.0061],"timeVisible":0.4881,"type":"right","wrist":[2.91667,262.746,64.8456]}],"id":1672893,"interactionBox":{"center":[0,200,0],"size":[235.247,235.247,147.751]},"pointables":[{"bases":[[[0.200503,0.90939,0.364429],[-0.817477,-0.0497109,0.573811],[0.539934,-0.412964,0.733438]],[[0.135562,0.951673,0.275574],[-0.808784,-0.0543596,0.585589],[0.572269,-0.302264,0.762328]],[[0.135562,0.951673,0.275574],[-0.982283,0.165424,-0.0880678],[-0.129398,-0.258753,0.957237]],[[0.135562,0.951673,0.275574],[-0.956346,0.198368,-0.214598],[-0.258892,-0.234453,0.93702]]],"btipPosition":[-39.644,274.972,-29.5219],"carpPosition":[-21.9062,246.155,61.2685],"dipPosition":[-45.5832,269.593,-8.02563],"direction":[0.129398,0.258753,-0.957237],"extended":false,"handId":465,"id":4650,"length":51.0864,"mcpPosition":[-21.9062,246.155,61.2685],"pipPosition":[-49.908,260.945,23.9669],"stabilizedTipPosition":[-47.8896,278.173,-10.851],"timeVisible":0.4881,"tipPosition":[-40.4237,271.963,-25.342],"tipVelocity":[-5.54125,-5.77457,-10.0268],"tool":false,"touchDistance":-0.230024,"touchZone":"touching","type":0,"width":19.8498},{"bases":[[[0.938907,0.317991,-0.131668],[-0.227124,0.8599,0.457151],[0.258591,-0.399317,0.879589]],[[0.961286,0.273162,-0.0362272],[-0.202643,0.789883,0.57881],[0.186724,-0.549061,0.814657]],[[0.961286,0.273162,-0.0362272],[-0.235939,0.883858,0.403892],[0.142348,-0.379708,0.914089]],[[0.961286,0.273162,-0.0362272],[-0.25651,0.935108,0.244491],[0.100662,-0.225734,0.968974]]],"btipPosition":[-50.684,333.763,-71.6777],"carpPosition":[-19.1135,269.066,63.948],"dipPosition":[-48.9981,329.982,-55.4493],"direction":[-0.142348,0.379708,-0.914089],"extended":true,"handId":465,"id":4651,"length":57.6453,"mcpPosition":[-37.7619,297.863,0.51585],"pipPosition":[-45.6255,320.986,-33.7921],"stabilizedTipPosition":[-54.6733,339.548,-53.1801],"timeVisible":0.4881,"tipPosition":[-49.1726,331.203,-68.5293],"tipVelocity":[8.36143,-45.0448,-47.2624],"tool":false,"touchDistance":-0.381558,"touchZone":"touching","type":1,"width":18.9605},{"bases":[[[0.990081,0.109836,-0.0876127],[-0.0593884,0.892305,0.44751],[0.12733,-0.437868,0.889977]],[[0.989557,0.111609,-0.0912188],[-0.143498,0.702919,-0.696645],[-0.0136325,0.702459,0.711594]],[[0.989557,0.111609,-0.0912188],[-0.0227448,-0.504002,-0.863403],[-0.142338,0.856461,-0.4962]],[[0.989557,0.111609,-0.0912188],[0.0653321,-0.911373,-0.406363],[-0.128488,0.396159,-0.909147]]],"btipPosition":[-10.1606,240.113,-1.27693],"carpPosition":[-8.43112,274.528,62.6307],"dipPosition":[-12.5274,247.411,-18.024],"direction":[0.142338,-0.856461,0.4962],"extended":false,"handId":465,"id":4652,"length":65.6822,"mcpPosition":[-17.1391,304.474,1.76597],"pipPosition":[-16.495,271.284,-31.8553],"stabilizedTipPosition":[-22.5874,253.885,22.113],"timeVisible":0.4881,"tipPosition":[-10.5642,242.158,-3.5607],"tipVelocity":[11.934,-52.7742,-52.2875],"tool":false,"touchDistance":0.333333,"touchZone":"none","type":2,"width":18.6218},{"bases":[[[0.999668,-0.0233778,0.0108255],[0.0155894,0.883459,0.468249],[-0.0205105,-0.467925,0.88353]],[[0.99952,-0.02631,0.0163628],[0.0302418,0.713614,-0.699886],[0.0067373,0.700044,0.714068]],[[0.99952,-0.02631,0.0163628],[0.000969855,-0.50129,-0.865279],[0.030968,0.864879,-0.501024]],[[0.99952,-0.02631,0.0163628],[-0.0172692,-0.911554,-0.410817],[0.0257241,0.410337,-0.911571]]],"btipPosition":[2.93066,244.056,6.03611],"carpPosition":[3.2784,276.984,61.2601],"dipPosition":[3.40179,251.571,-10.6591],"direction":[-0.030968,-0.864879,0.501024],"extended":false,"handId":465,"id":4653,"length":63.1552,"mcpPosition":[4.53778,305.716,7.00957],"pipPosition":[4.24271,275.056,-24.2642],"stabilizedTipPosition":[-9.14424,258.201,30.2177],"timeVisible":0.4881,"tipPosition":[3.08553,246.172,3.85641],"tipVelocity":[13.5838,-53.2424,-62.7045],"tool":false,"touchDistance":0.333333,"touchZone":"none","type":3,"width":17.7198},{"bases":[[[0.974166,-0.223027,0.0354936],[0.169011,0.824234,0.540439],[-0.149788,-0.520478,0.840634]],[[0.940254,-0.299264,0.162369],[0.330116,0.68457,-0.649914],[0.083343,0.664685,0.742461]],[[0.940254,-0.299264,0.162369],[-0.00190489,-0.481507,-0.87644],[0.340469,0.823767,-0.453309]],[[0.940254,-0.299264,0.162369],[-0.197838,-0.868342,-0.454799],[0.277097,0.395503,-0.875668]]],"btipPosition":[10.6993,256.583,8.88382],"carpPosition":[16.2836,272.514,58.9125],"dipPosition":[15.3812,263.266,-5.9116],"direction":[-0.340469,-0.823767,0.453309],"extended":false,"handId":465,"id":4654,"length":49.5125,"mcpPosition":[24.7974,302.098,11.1314],"pipPosition":[21.9087,279.059,-14.6026],"stabilizedTipPosition":[1.24931,269.52,28.5114],"timeVisible":0.4881,"tipPosition":[11.5114,258.186,6.89239],"tipVelocity":[21.072,-48.8,-60.3919],"tool":false,"touchDi