{"sensorType":"Leap","data":[[0,{"currentFrameRate":54.7082,"devices":[],"gestures":[],"hands":[{"armBasis":[[0.923523,0.377948,-0.0652719],[-0.353652,0.904994,0.236468],[0.148443,-0.1953,0.969444]],"armWidth":62.4607,"confidence":0.785681,"direction":[-0.0925611,0.708843,-0.699266],"elbow":[81.8036,176.961,309.064],"grabStrength":0,"id":465,"palmNormal":[0.356106,-0.632266,-0.688062],"palmPosition":[32.1766,261.157,11.1105],"palmVelocity":[-8.98909,37.6684,3.02484],"palmWidth":89.1918,"pinchStrength":0.567236,"r":[[0.931106,0.107896,0.348424],[-0.264035,0.858425,0.439763],[-0.251647,-0.501462,0.827774]],"s":1.01525,"sphereCenter":[25.865,242.449,-32.57],"sphereRadius":47.3137,"stabilizedPalmPosition":[32.6443,255.529,9.20567],"t":[109.445,-1.1529,-108.023],"timeVisible":24.6569,"type":"right","wrist":[42.5161,228.65,52.4872]}],"id":1674399,"interactionBox":{"center":[0,200,0],"size":[235.247,235.247,147.751]},"pointables":[{"bases":[[[0.0375972,0.829663,0.556996],[-0.87147,-0.245538,0.42456],[0.489006,-0.501368,0.713795]],[[-0.0317534,0.892087,0.450746],[-0.873178,-0.244209,0.421809],[0.486367,-0.380188,0.786705]],[[-0.0317534,0.892087,0.450746],[-0.970926,0.0795234,-0.225785],[-0.237265,-0.444811,0.863625]],[[-0.0317534,0.892087,0.450746],[-0.586213,0.348641,-0.731303],[-0.809534,-0.287455,0.511883]]],"btipPosition":[23.3151,250.904,-36.9713],"carpPosition":[20.6121,210.84,42.1301],"dipPosition":[4.74349,244.309,-25.2281],"direction":[0.237265,0.444811,-0.863625],"extended":false,"handId":465,"id":4650,"length":51.0864,"mcpPosition":[20.6121,210.84,42.1301],"pipPosition":[-3.18633,229.443,3.63576],"stabilizedTipPosition":[19.2596,248.984,-34.4697],"timeVisible":24.6569,"tipPosition":[19.6364,248.75,-34.5448],"tipVelocity":[-33.0671,76.1256,28.9314],"tool":false,"touchDistance":-0.0660414,"touchZone":"touching","type":0,"width":19.8498},{"bases":[[[0.901109,0.427277,0.073739],[-0.388861,0.721139,0.573363],[0.191809,-0.545337,0.815976]],[[0.872087,0.488795,-0.0233163],[-0.429187,0.786889,0.443401],[0.23508,-0.376678,0.89602]],[[0.872087,0.488795,-0.0233163],[-0.468717,0.848057,0.247189],[0.140598,-0.204642,0.968687]],[[0.872087,0.488795,-0.0233163],[-0.48511,0.869807,0.09002],[0.0642819,-0.0671943,0.995667]]],"btipPosition":[-7.973,294.03,-86.6888],"carpPosition":[20.1672,232.866,49.5165],"dipPosition":[-6.89641,292.905,-70.0134],"direction":[-0.140598,0.204642,-0.968687],"extended":true,"handId":465,"id":4651,"length":57.6453,"mcpPosition":[6.33473,272.193,-9.32819],"pipPosition":[-3.56525,288.056,-47.0626],"stabilizedTipPosition":[-7.68882,293.627,-82.887],"timeVisible":24.6569,"tipPosition":[-7.70011,293.864,-82.8203],"tipVelocity":[-10.2266,62.7113,12.3911],"tool":false,"touchDistance":-0.0525926,"touchZone":"touching","type":1,"width":18.9605},{"bases":[[[0.971738,0.220433,0.0844703],[-0.226614,0.770846,0.595351],[0.0661213,-0.597667,0.799013]],[[0.972427,0.213622,0.0935514],[-0.107245,0.765845,-0.634019],[-0.207086,0.606504,0.767638]],[[0.972427,0.213622,0.0935514],[0.176399,-0.411372,-0.894235],[-0.152544,0.88608,-0.437712]],[[0.972427,0.213622,0.0935514],[0.231878,-0.842888,-0.485564],[-0.0248737,0.493868,-0.869181]]],"btipPosition":[40.1395,217.908,-11.8188],"carpPosition":[30.1669,239.486,50.8825],"dipPosition":[39.6813,227.005,-27.8296],"direction":[0.152544,-0.88608,0.437712],"extended":false,"handId":465,"id":4652,"length":65.6822,"mcpPosition":[25.6449,280.36,-3.76138],"pipPosition":[35.4292,251.704,-40.0306],"stabilizedTipPosition":[41.3827,214.351,-17.2588],"timeVisible":24.6569,"tipPosition":[40.1639,219.774,-16.1204],"tipVelocity":[-24.7506,47.907,13.8702],"tool":false,"touchDistance":0.333333,"touchZone":"none","type":2,"width":18.6218},{"bases":[[[0.985176,0.0713376,0.156009],[-0.154385,0.76518,0.625032],[-0.0747867,-0.639852,0.764851]],[[0.987557,0.100336,0.121096],[0.000340495,0.768658,-0.63966],[-0.157263,0.631742,0.759059]],[[0.987557,0.100336,0.121096],[0.153617,-0.450621,-0.879399],[-0.033667,0.887059,-0.460427]],[[0.987557,0.100336,0.121096],[0.146008,-0.871049,-0.468994],[0.0584236,0.480839,-0.87486]]],"btipPosition":[52.882,222.014,0.0955289],"carpPosition":[41.5582,243.288,51.7776],"dipPosition":[53.952,230.821,-15.9273],"direction":[0.033667,-0.887059,0.460427],"extended":false,"handId":465,"id":4653,"length":63.1552,"mcpPosition":[46.1503,282.577,4.8142],"pipPosition":[53.0378,254.908,-28.43],"stabilizedTipPosition":[54.1792,218.98,-4.76187],"timeVisible":24.6569,"tipPosition":[53.1855,223.631,-3.99515],"tipVelocity":[-20.0477,41.7519,-1.27919],"tool":false,"touchDistance":0.333333,"touchZone":"none","type":3,"width":17.7198},{"bases":[[[0.981775,-0.130615,0.138051],[-0.00527164,0.707405,0.706789],[-0.189975,-0.694635,0.693824]],[[0.996963,-0.0512018,0.0586823],[0.0756365,0.816113,-0.572921],[-0.0185569,0.575619,0.817507]],[[0.996963,-0.0512018,0.0586823],[0.0331096,-0.403358,-0.914443],[0.0704911,0.913609,-0.400437]],[[0.996963,-0.0512018,0.0586823],[-0.0124118,-0.84833,-0.529322],[0.0768842,0.526986,-0.846389]]],"btipPosition":[64.0018,233.784,4.80524],"carpPosition":[55.2111,240.673,50.5988],"dipPosition":[65.3008,242.688,-9.49547],"direction":[-0.0704911,-0.913609,0.400437],"extended":false,"handId":465,"id":4654,"length":49.5125,"mcpPosition":[66.0091,280.156,11.1624],"pipPosition":[66.6523,260.204,-17.1728],"stabilizedTipPosition":[64.9849,230.64,0.423464],"timeVisible":24.6569,"tipPosition":[64.2876,235.605,1.27522],"tipVelocity":[-15.052,36.1662,-4.64059],"tool":false,"touchDistance":0.333333,"touchZone":"none","type":4,"width":15.7401}],"r":[[0.931106,0.107896,0.348424],[-0.264035,0.858425,0.439763],[-0.251647,-0.501462,0.827774]],"s":1.01525,"t":[109.445,-1.1529,-108.023],"timestamp":93309147635},false],[1,{"currentFrameRate":54.7333,"devices":[],"gestures":[],"hands":[{"armBasis":[[0.923366,0.378153,-0.0662982],[-0.353419,0.904692,0.237967],[0.149967,-0.1963,0.969008]],"armWidth":62.4607,"confidence":0.795194,"direction":[-0.0931706,0.710836,-0.69716],"elbow":[81.9106,177.16,308.835],"grabStrength":0,"id":465,"palmNormal":[0.355643,-0.630252,-0.690145],"palmPosition":[31.8451,261.739,11.0982],"palmVelocity":[-13.3988,34.9613,1.25703],"palmWidth":89.1918,"pinchStrength":0.56012,"r":[[0.931861,0.10438,0.347476],[-0.261342,0.857431,0.443298],[-0.251665,-0.503902,0.826285]],"s":1.01615,"sphereCenter":[25.3563,243.105,-32.6718],"sphereRadius":47.4014,"stabilizedPalmPosition":[32.5166,256.521,9.50802],"t":[109.197,-0.531248,-108.002],"timeVisible":24.6751,"type":"right","wrist":[42.2197,229.114,52.3735]}],"id":1674400,"interactionBox":{"center":[0,200,0],"size":[235.247,235.247,147.751]},"pointables":[{"bases":[[[0.0379387,0.828067,0.559344],[-0.871119,-0.246846,0.424523],[0.489605,-0.503361,0.71198]],[[-0.0274688,0.88762,0.459756],[-0.870415,-0.247403,0.425641],[0.491553,-0.388487,0.779393]],[[-0.0274688,0.88762,0.459756],[-0.971958,0.0837396,-0.219741],[-0.233547,-0.4529,0.860429]],[[-0.0274688,0.88762,0.459756],[-0.58493,0.358696,-0.727458],[-0.810619,-0.288908,0.509342]]],"btipPosition":[22.6595,252.106,-36.5963],"carpPosition":[20.3096,211.332,41.9822],"dipPosition":[4.06299,245.478,-24.9114],"direction":[0.233547,0.4529,-0.860429],"extended":false,"handId":465,"id":4650,"length":51.0864,"mcpPosition":[20.3096,211.332,41.9822],"pipPosition":[-3.74256,230.341,3.84562],"stabilizedTipPosition":[18.5904,250.202,-34.0419],"timeVisible":24.6751,"tipPosition":[19.0022,249.868,-34.2765],"tipVelocity":[-34.6441,71.1318,24.6142],"tool":false,"touchDistance":-0.0600155,"touchZone":"touching","type":0,"width":19.8498},{"bases":[[[0.901121,0.427159,0.074273],[-0.388495,0.719451,0.575726],[0.192491,-0.547654,0.814262]],[[0.872194,0.48866,-0.0221003],[-0.428719,0.7854,0.446483],[0.235536,-0.379945,0.894519]],[[0.872194,0.48866,-0.0221003],[-0.468364,0.847296,0.25045],[0.14111,-0.20809,0.967877]],[[0.872194,0.48866,-0.0221003],[-0.484848,0.869609,0.0932856],[0.0648036,-0.0706479,0.995394]]],"btipPosition":[-8.36138,294.945,-86.5626],"carpPosition":[19.8681,233.336,49.432],"dipPosition":[-7.27606,293.762,-69.8918],"direction":[-0.14111,0.20809,-0.967877],"extended":true,"handId":465,"id":4651,"length":57.6453,"mcpPosition":[5.98645,272.831,-9.289],"pipPosition":[-3.93277,288.832,-46.9602],"stabilizedTipPosition":[-8.05134,294.523,-82.751],"timeVisible":24.6751,"tipPosition":[-8.09513,294.741,-82.701],"tipVelocity":[-15.4865,56.4434,9.76092],"tool":false,"touchDistance":-0.0505078,"touchZone":"touching","type":1,"width":18.9605},{"bases":[[[0.971779,0.220292,0.084357],[-0.226237,0.769112,0.597732],[0.0667958,-0.599948,0.797245]],[[0.972482,0.213397,0.0934945],[-0.107753,0.767766,-0.631605],[-0.206565,0.60415,0.769632]],[[0.972482,0.213397,0.0934945],[0.176234,-0.411313,-0.894295],[-0.152385,0.886162,-0.437602]],[[0.972482,0.213397,0.0934945],[0.231688,-0.843593,-0.48443],[-0.0245048,0.492761,-0.86982]]],"btipPosition":[39.7588,218.661,-11.8565],"carpPosition":[29.8681,239.954,50.8093],"dipPosition":[39.3074,227.737,-27.8792],"direction":[0.152385,-0.886162,0.437602],"extended":false,"handId":465,"id":4652,"length":65.6822,"mcpPosition":[25.3,280.983,-3.7136],"pipPosition":[35.0597,252.439,-40.0771],"stabilizedTipPosition":[41.0583,215.553,-16.9363],"timeVisible":24.6751,"tipPosition":[39.7885,220.504,-16.1624],"tipVelocity":[-22.8905,44.6846,6.18972],"tool":false,"touchDistance":0.333333,"touchZone":"none","type":2,"width":18.6218},{"bases":[[[0.985288,0.0709939,0.155458],[-0.153985,0.763369,0.627341],[-0.074134,-0.64205,0.76307]],[[0.987634,0.0999921,0.120748],[0.000376232,0.768683,-0.63963],[-0.156775,0.631766,0.75914]],[[0.987634,0.0999921,0.120748],[0.153261,-0.453654,-0.8779],[-0.0330054,0.88555,-0.46337]],[[0.987634,0.0999921,0.120748],[0.145315,-0.872934,-0.465693],[0.0588391,0.477481,-0.87667]]],"btipPosition":[52.4966,222.717,0.243392],"carpPosition":[41.2598,243.755,51.7066],"dipPosition":[53.5742,231.462,-15.8126],"direction":[0.0330054,-0.88555,0.46337],"extended":false,"handId":465,"id":4653,"length":63.1552,"mcpPosition":[45.8117,283.178,4.85257],"pipPosition":[52.6779,255.509,-28.3952],"stabilizedTipPosition":[53.9106,220.056,-4.51618],"timeVisible":24.6751,"tipPosition":[52.8138,224.332,-3.93075],"tipVelocity":[-20.5515,39.897,3.01166],"tool":false,"touchDistance":0.333333,"touchZone":"none","type":3,"width":17.7198},{"bases":[[[0.981894,-0.130907,0.136924],[-0.00480262,0.705375,0.708818],[-0.189371,-0.696642,0.691975]],[[0.997037,-0.0510417,0.0575492],[0.0747665,0.818936,-0.568994],[-0.0180867,0.571611,0.820326]],[[0.997037,-0.0510417,0.0575492],[0.0322923,-0.401295,-0.915379],[0.0698167,0.914526,-0.398458]],[[0.997037,-0.0510417,0.0575492],[-0.0128499,-0.848142,-0.529613],[0.0758422,0.527304,-0.846285]]],"btipPosition":[63.6826,234.486,4.68402],"carpPosition":[54.912,241.144,50.5098],"dipPosition":[64.9641,243.395,-9.61494],"direction":[-0.0698167,-0.914526,0.398458],"extended":false,"handId":465,"id":4654,"length":49.5125,"mcpPosition":[65.6757,280.741,11.1785],"pipPosition":[66.3026,260.928,-17.2543],"stabilizedTipPosition":[64.8175,231.619,0.584907],"timeVisible":24.6751,"tipPosition":[63.9596,236.284,1.169],"tipVelocity":[-16.3519,37.3402,-5.59696],"tool":false,"touchDistance":0.333333,"touchZone":"none","type":4,"width":15.7401}],"r":[[0.931861,0.10438,0.347476],[-0.261342,0.857431,0.443298],[-0.251665,-0.503902,0.826285]],"s":1.01615,"t":[109.197,-0.531248,-108.002],"timestamp":93309165818},false],[2,{"currentFrameRate":54.8082,"devices":[],"gestures":[],"hands":[{"armBasis":[[0.923515,0.377482,-0.0680287],[-0.352413,0.905076,0.237997],[0.15141,-0.195819,0.968881]],"armWidth":62.4607,"confidence":0.805679,"direction":[-0.0932536,0.712818,-0.695121],"elbow":[81.8952,177.802,308.706],"grabStrength":0,"id":465,"palmNormal":[0.354763,-0.628551,-0.692146],"palmPosition":[31.4372,262.373,11.1006],"palmVelocity":[-17.7934,35.1114,0.726758],"palmWidth":89.1918,"pinchStrength":0.555592,"r":[[0.932521,0.101266,0.346627],[-0.259018,0.856405,0.446633],[-0.251624,-0.506277,0.824845]],"s":1.01701,"sphereCenter":[24.8475,243.848,-32.7434],"sphereRadius":47.4428,"stabilizedPalmPosition":[32.3512,257.417,9.75197],"t":[108.869,0.0968,-107.991],"timeVisible":24.6931,"type":"right","wrist":[41.8224,229.628,52.2779]}],"id":1674401,"interactionBox":{"center":[0,200,0],"size":[235.247,235.247,147.751]},"pointables":[{"bases":[[[0.0388412,0.826493,0.561606],[-0.870956,-0.247501,0.424474],[0.489823,-0.505622,0.710226]],[[-0.0242002,0.884433,0.466039],[-0.869102,-0.248989,0.427394],[0.49404,-0.394692,0.774689]],[[-0.0242002,0.884433,0.466039],[-0.972524,0.0871427,-0.215877],[-0.231541,-0.458458,0.858024]],[[-0.0242002,0.884433,0.466039],[-0.586682,0.364894,-0.72295],[-0.809456,-0.290912,0.510051]]],"btipPosition":[22.0285,253.197,-36.4307],"carpPosition":[19.8941,211.888,41.8534],"dipPosition":[3.45872,246.523,-24.7296],"direction":[0.231541,0.458458,-0.858024],"extended":false,"handId":465,"id":4650,"length":51.0864,"mcpPosition":[19.8941,211.888,41.8534],"pipPosition":[-4.27978,231.201,3.94707],"stabilizedTipPosition":[17.9693,251.291,-33.8164],"timeVisible":24.6931,"tipPosition":[18.3813,250.91,-34.1356],"tipVelocity":[-34.6908,65.9087,17.4177],"tool":false,"touchDistance":-0.0571936,"touchZone":"touching","type":0,"width":19.8498},{"bases":[[[0.90143,0.426415,0.0747969],[-0.387646,0.718086,0.577999],[0.192757,-0.550021,0.812602]],[[0.872703,0.48781,-0.0207439],[-0.427606,0.784123,0.449782],[0.235674,-0.383656,0.892897]],[[0.872703,0.48781,-0.0207439],[-0.467297,0.846808,0.254066],[0.141502,-0.21203,0.966965]],[[0.872703,0.48781,-0.0207439],[-0.483857,0.869756,0.0969928],[0.0653562,-0.0746089,0.995069]]],"btipPosition":[-8.80182,295.967,-86.4151],"carpPosition":[19.4711,233.872,49.3645],"dipPosition":[-7.70724,294.718,-69.7498],"direction":[-0.141502,0.21203,-0.966965],"extended":true,"handId":465,"id":4651,"length":57.6453,"mcpPosition":[5.57035,273.537,-9.23686],"pipPosition":[-4.35467,289.694,-46.8397],"stabilizedTipPosition":[-8.46741,295.488,-82.6101],"timeVisible":24.6931,"tipPosition":[-8.54078,295.71,-82.5643],"tipVelocity":[-19.6935,56.2298,8.98989],"tool":false,"touchDistance":-0.0480702,"touchZone":"touching","type":1,"width":18.9605},{"bases":[[[0.971972,0.219479,0.0842567],[-0.225341,0.767589,0.600024],[0.0670181,-0.602193,0.795533]],[[0.972683,0.212487,0.0934687],[-0.107824,0.770133,-0.628704],[-0.205575,0.601452,0.772007]],[[0.972683,0.212487,0.0934687],[0.175563,-0.409941,-0.895056],[-0.151871,0.887016,-0.436048]],[[0.972683,0.212487,0.0934687],[0.230873,-0.843566,-0.484866],[-0.0241805,0.4932,-0.86958]]],"btipPosition":[39.2845,219.435,-11.9559],"carpPosition":[29.4762,240.479,50.7528],"dipPosition":[38.8391,228.52,-27.9741],"direction":[0.151871,-0.887016,0.436048],"extended":false,"handId":465,"id":4652,"length":65.6822,"mcpPosition":[24.8928,281.663,-3.65303],"pipPosition":[34.6058,253.245,-40.1287],"stabilizedTipPosition":[40.715,216.645,-16.6992],"timeVisible":24.6931,"tipPosition":[39.3177,221.265,-16.2432],"tipVelocity":[-24.5021,43.9766,0.669651],"tool":false,"touchDistance":0.333333,"touchZone":"none","type":2,"width":18.6218},{"bases":[[[0.985443,0.0699763,0.154934],[-0.153071,0.76172,0.629564],[-0.0739617,-0.644116,0.761344]],[[0.987777,0.0989768,0.120413],[0.00033759,0.771158,-0.636644],[-0.15587,0.628903,0.761699]],[[0.987777,0.0989768,0.120413],[0.152468,-0.452996,-0.878378],[-0.0323924,0.886001,-0.46255]],[[0.987777,0.0989768,0.120413],[0.144212,-0.873467,-0.465035],[0.0591491,0.476716,-0.877065]]],"btipPosition":[52.035,223.487,0.167941],"carpPosition":[40.8707,244.271,51.6523],"dipPosition":[53.1183,232.218,-15.8953],"direction":[0.0323924,-0.886001,0.46255],"extended":false,"handId":465,"id":4653,"length":63.1552,"mcpPosition":[45.4121,283.821,4.9042],"pipPosition":[52.2387,256.277,-28.4556],"stabilizedTipPosition":[53.6189,221.031,-4.33871],"timeVisible":24.6931,"tipPosition":[52.3571,225.081,-4.00005],"tipVelocity":[-22.9379,41.2067,-0.444477],"tool":false,"touchDistance":0.333333,"touchZone":"none","type":3,"width":17.7198},{"bases":[[[0.981915,-0.13187,0.135843],[-0.00386444,0.703413,0.710771],[-0.189283,-0.698442,0.690182]],[[0.997058,-0.0516991,0.0565848],[0.074699,0.820798,-0.566314],[-0.0171668,0.568875,0.822245]],[[0.997058,-0.0516991,0.0565848],[0.0312689,-0.399661,-0.91613],[0.0699778,0.915204,-0.396868]],[[0.997058,-0.0516991,0.0565848],[-0.0138511,-0.847641,-0.530389],[0.0753843,0.528045,-0.845864]]],"btipPosition":[63.2589,235.169,4.61026],"carpPosition":[54.5205,241.656,50.4383],"dipPosition":[64.5326,244.091,-9.68158],"direction":[-0.0699778,-0.915204,0.396868],"extended":false,"handId":465,"id":4654,"length":49.5125,"mcpPosition":[65.2792,281.355,11.2089],"pipPosition":[65.8742,261.637,-17.2904],"stabilizedTipPosition":[64.6173,232.505,0.701657],"timeVisible":24.6931,"tipPosition":[63.5326,236.962,1.09605],"tipVelocity":[-19.8119,37.7256,-4.84568],"tool":false,"touchDistance":0.333333,"touchZone":"none","type":4,"width":15.7401}],"r":[[0.932521,0.101266,0.346627],[-0.259018,0.856405,0.446633],[-0.251624,-0.506277,0.824845]],"s":1.01701,"t":[108.869,0.0968,-107.991],"timestamp":93309183802},false],[3,{"currentFrameRate":54.8542,"devices":[],"gestures":[],"hands":[{"armBasis":[[0.924149,0.37656,-0.0644235],[-0.351384,0.904017,0.243479],[0.149924,-0.202374,0.967764]],"armWidth":62.4607,"confidence":0.822184,"direction":[-0.0932052,0.71466,-0.693235],"elbow":[80.916,176.837,308.156],"grabStrength":0,"id":465,"palmNormal":[0.353245,-0.627235,-0.694114],"palmPosition":[30.843,263.258,10.9396],"palmVelocity":[-24.9624,41.6923,-3.85152],"palmWidth":89.1918,"pinchStrength":0.54385,"r":[[0.933144,0.0983845,0.345778],[-0.256855,0.855408,0.449781],[-0.251529,-0.508525,0.82349]],"s":1.01795,"sphereCenter":[24.1002,244.785,-33.0309],"sphereRadius":47.5167,"stabilizedPalmPosition":[32.1251,258.293,9.93002],"t":[108.407,0.85321,-108.066],"timeVisible":24.7111,"type":"right","wrist":[41.2364,230.398,52.0233]}],"id":1674402,"interactionBox":{"center":[0,200,0],"size":[235.247,235.247,147.751]},"pointables":[{"bases":[[[0.0404429,0.825042,0.563622],[-0.870765,-0.247544,0.424842],[0.490033,-0.507964,0.708406]],[[-0.0183226,0.879763,0.475059],[-0.866053,-0.251392,0.432151],[0.499617,-0.403508,0.766527]],[[-0.0183226,0.879763,0.475059],[-0.973993,0.0916161,-0.20723],[-0.225836,-0.466501,0.855204]],[[-0.0183226,0.879763,0.475059],[-0.591674,0.373471,-0.714451],[-0.805969,-0.294171,0.51369]]],"btipPosition":[20.8665,254.794,-36.2946],"carpPosition":[19.2756,212.71,41.5794],"dipPosition":[2.37671,248.045,-24.51],"direction":[0.225836,0.466501,-0.855204],"extended":false,"handId":465,"id":4650,"length":51.0864,"mcpPosition":[19.2756,212.71,41.5794],"pipPosition":[-5.17114,232.454,4.07239],"stabilizedTipPosition":[16.9417,252.77,-33.6403],"timeVisible":24.7111,"tipPosition":[17.331,252.401,-34.0282],"tipVelocity":[-48.2765,76.1219,13.2252],"tool":false,"touchDistance":-0.0546057,"touchZone":"touching","type":0,"width":19.8498},{"bases":[[[0.902012,0.425175,0.0748391],[-0.386152,0.717093,0.580228],[0.193032,-0.552272,0.811008]],[[0.873506,0.48641,-0.0198124],[-0.425915,0.783311,0.452792],[0.235762,-0.387078,0.891396]],[[0.873506,0.48641,-0.0198124],[-0.465654,0.846715,0.257372],[0.141964,-0.215591,0.966109]],[[0.873506,0.48641,-0.0198124],[-0.482308,0.870229,0.1004],[0.0660769,-0.0781441,0.99475]]],"btipPosition":[-9.43264,297.221,-86.43],"carpPosition":[18.8869,234.675,49.1458],"dipPosition":[-8.32598,295.912,-69.77],"direction":[-0.141964,0.215591,-0.966109],"extended":true,"handId":465,"id":4651,"length":57.6453,"mcpPosition":[4.96625,274.503,-9.34062],"pipPosition":[-4.96247,290.804,-46.8803],"stabilizedTipPosition":[-9.0532,296.668,-82.6003],"timeVisible":24.7111,"tipPosition":[-9.18162,296.92,-82.587],"tipVelocity":[-26.8495,62.1101,4.2941],"tool":false,"touchDistance":-0.0483396,"touchZone":"touching","type":1,"width":18.9605},{"bases":[[[0.972323,0.218133,0.0837025],[-0.223765,0.766351,0.602192],[0.0672126,-0.604255,0.793951]],[[0.973042,0.211056,0.092977],[-0.107702,0.77233,-0.626024],[-0.203935,0.599134,0.774241]],[[0.973042,0.211056,0.092977],[0.174351,-0.409282,-0.895595],[-0.150966,0.887662,-0.435046]],[[0.973042,0.211056,0.092977],[0.229394,-0.844067,-0.484695],[-0.0238187,0.492957,-0.869728]]],"btipPosition":[38.5869,220.461,-12.192],"carpPosition":[28.9012,241.267,50.5392],"dipPosition":[38.1481,229.541,-28.213],"direction":[0.150966,-0.887662,0.435046],"extended":false,"handId":465,"id":4652,"length":65.6822,"mcpPosition":[24.3045,282.592,-3.75843],"pipPosition":[33.94,254.284,-40.3396],"stabilizedTipPosition":[40.3114,217.714,-16.5503],"timeVisible":24.7111,"tipPosition":[38.6238,222.271,-16.4681],"tipVelocity":[-31.1634,50.0094,-5.87313],"tool":false,"touchDistance":0.333333,"touchZone":"none","type":2,"width":18.6218},{"bases":[[[0.985699,0.0684391,0.153991],[-0.151468,0.760325,0.631636],[-0.0738547,-0.645928,0.759818]],[[0.988023,0.0974167,0.119667],[-0.000683221,0.778274,-0.627925],[-0.154304,0.620323,0.769019]],[[0.988023,0.0974167,0.119667],[0.150788,-0.444896,-0.882797],[-0.0327598,0.890268,-0.454257]],[[0.988023,0.0974167,0.119667],[0.142796,-0.87113,-0.469832],[0.058476,0.481292,-0.874607]]],"btipPosition":[51.4126,224.547,-0.546157],"carpPosition":[40.3012,245.044,51.4352],"dipPosition":[52.4835,233.362,-16.5644],"direction":[0.0327598,-0.890268,0.454257],"extended":false,"handId":465,"id":4653,"length":63.1552,"mcpPosition":[44.836,284.705,4.7809],"pipPosition":[51.594,257.537,-28.8995],"stabilizedTipPosition":[53.292,221.956,-4.32064],"timeVisible":24.7111,"tipPosition":[51.7127,226.139,-4.49818],"tipVelocity":[-28.4795,50.0046,-18.7356],"tool":false,"touchDistance":0.333333,"touchZone":"none","type":3,"width":17.7198},{"bases":[[[0.981913,-0.133355,0.134401],[-0.00223808,0.70164,0.712528],[-0.18932,-0.699941,0.688651]],[[0.997071,-0.0529073,0.0552307],[0.0748705,0.822678,-0.563555],[-0.0156209,0.56604,0.82423]],[[0.997071,-0.0529073,0.0552307],[0.0296217,-0.398641,-0.916628],[0.0705135,0.91558,-0.395906]],[[0.997071,-0.0529073,0.0552307],[-0.0156143,-0.847735,-0.530191],[0.0748719,0.527776,-0.846078]]],"btipPosition":[62.6318,236.109,4.37463],"carpPosition":[53.9465,242.415,50.1993],"dipPosition":[63.8968,245.027,-9.92082],"direction":[-0.0705135,-0.91558,0.395906],"extended":false,"handId":465,"id":4654,"length":49.5125,"mcpPosition":[64.7073,282.2,11.0569],"pipPosition":[65.2487,262.58,-17.5112],"stabilizedTipPosition":[64.3574,233.373,0.760711],"timeVisible":24.7111,"tipPosition":[62.9016,237.886,0.858284],"tipVelocity":[-26.9395,44.5036,-8.76041],"tool":false,"touchDistance":0.333333,"touchZone":"none","type":4,"width":15.7401}],"r":[[0.933144,0.0983845,0.345778],[-0.256855,0.855408,0.449781],[-0.251529,-0.508525,0.82349]],"s":1.01795,"t":[108.407,0.85321,-108.066],"timestamp":93309201872},false],[4,{"currentFrameRate":54.8867,"devices":[],"gestures":[],"hands":[{"armBasis":[[0.924247,0.376202,-0.06512],[-0.350733,0.903998,0.244488],[0.150845,-0.203127,0.967463]],"armWidth":62.4607,"confidence":0.832338,"direction":[-0.0940891,0.716705,-0.691],"elbow":[80.7462,177.29,307.782],"grabStrength":0,"id":465,"palmNormal":[0.352224,-0.625225,-0.696443],"palmPosition":[30.3763,264.032,10.7565],"palmVelocity":[-25.351,42.1898,-6.83209],"palmWidth":89.1918,"pinchStrength":0.54189,"r":[[0.933736,0.0958593,0.34489],[-0.254982,0.854339,0.452868],[-0.251241,-0.5108,0.822169]],"s":1.01849,"sphereCenter":[23.5188,245.657,-33.2969],"sphereRadius":47.5458,"stabilizedPalmPosition":[31.8716,259.125,10.0498],"t":[107.943,1.61832,-108.194],"timeVisible":24.7293,"type":"right","wrist":[40.823,231.05,51.7289]}],"id":1674403,"interactionBox":{"center":[0,200,0],"size":[235.247,235.247,147.751]},"pointables":[{"bases":[[[0.0413039,0.823377,0.56599],[-0.870203,-0.248708,0.425313],[0.490959,-0.510093,0.706233]],[[-0.0156825,0.876786,0.480626],[-0.864167,-0.253681,0.434582],[0.502961,-0.408525,0.761667]],[[-0.0156825,0.876786,0.480626],[-0.974684,0.0938179,-0.202951],[-0.223036,-0.471641,0.853118]],[[-0.0156825,0.876786,0.480626],[-0.591755,0.379324,-0.711294],[-0.805965,-0.295568,0.512894]]],"btipPosition":[20.1796,255.928,-36.2849],"carpPosition":[18.846,213.395,41.2634],"dipPosition":[1.68988,249.147,-24.5185],"direction":[0.223036,0.471641,-0.853118],"extended":false,"handId":465,"id":4650,"length":51.0864,"mcpPosition":[18.846,213.395,41.2634],"pipPosition":[-5.76439,233.384,3.99417],"stabilizedTipPosition":[16.1676,253.989,-33.5932],"timeVisible":24.7293,"tipPosition":[16.6349,253.53,-34.0525],"tipVelocity":[-43.3578,69.5188,7.07999],"tool":false,"touchDistance":-0.0545126,"touchZone":"touching","type":0,"width":19.8498},{"bases":[[[0.902157,0.424865,0.0748446],[-0.385278,0.715421,0.582867],[0.194094,-0.554674,0.809113]],[[0.873863,0.485813,-0.0186669],[-0.424868,0.781774,0.456417],[0.236327,-0.390915,0.88957]],[[0.873863,0.485813,-0.0186669],[-0.464696,0.845931,0.261644],[0.142901,-0.219967,0.964984]],[[0.873863,0.485813,-0.0186669],[-0.481496,0.870133,0.105021],[0.0672634,-0.0827862,0.994295]]],"btipPosition":[-9.99207,298.4,-86.4331],"carpPosition":[18.4699,235.338,48.8948],"dipPosition":[-8.86554,297.013,-69.7808],"direction":[-0.142901,0.219967,-0.964984],"extended":true,"handId":465,"id":4651,"length":57.6453,"mcpPosition":[4.47268,275.339,-9.4549],"pipPosition":[-5.47983,291.801,-46.9177],"stabilizedTipPosition":[-9.60593,297.817,-82.6026],"timeVisible":24.7293,"tipPosition":[-9.7502,298.039,-82.6009],"tipVelocity":[-28.6553,63.0695,2.12354],"tool":false,"touchDistance":-0.0484205,"touchZone":"touching","type":1,"width":18.9605},{"bases":[[[0.972459,0.217792,0.0830021],[-0.222856,0.764598,0.604752],[0.0682467,-0.606594,0.792077]],[[0.973197,0.210622,0.0923383],[-0.108645,0.774957,-0.622606],[-0.202693,0.595886,0.777068]],[[0.973197,0.210622,0.0923383],[0.173403,-0.40831,-0.896222],[-0.151062,0.888212,-0.433888]],[[0.973197,0.210622,0.0923383],[0.228717,-0.844514,-0.484236],[-0.0240098,0.492376,-0.870051]]],"btipPosition":[38.0493,221.427,-12.4692],"carpPosition":[28.4868,241.925,50.2939],"dipPosition":[37.607,230.497,-28.496],"direction":[0.151062,-0.888212,0.433888],"extended":false,"handId":465,"id":4652,"length":65.6822,"mcpPosition":[23.8195,283.41,-3.87564],"pipPosition":[33.3963,255.255,-40.5904],"stabilizedTipPosition":[39.8948,218.736,-16.4807],"timeVisible":24.7293,"tipPosition":[38.0893,223.208,-16.7316],"tipVelocity":[-30.4839,51.5459,-10.3964],"tool":false,"touchDistance":0.333333,"touchZone":"none","type":2,"width":18.6218},{"bases":[[[0.985918,0.0678901,0.152832],[-0.15052,0.758478,0.634078],[-0.0728718,-0.648153,0.758016]],[[0.988189,0.0967799,0.118813],[-0.00106075,0.779635,-0.626233],[-0.153238,0.618711,0.770529]],[[0.988189,0.0967799,0.118813],[0.149737,-0.444961,-0.882943],[-0.0325839,0.890305,-0.454197]],[[0.988189,0.0967799,0.118813],[0.141792,-0.871521,-0.469409],[0.0581188,0.480712,-0.87495]]],"btipPosition":[50.8945,225.418,-0.747012],"carpPosition":[39.8884,245.698,51.1852],"dipPosition":[51.959,234.222,-16.7715],"direction":[0.0325839,-0.890305,0.454197],"extended":false,"handId":465,"id":4653,"length":63.1552,"mcpPosition":[44.3629,285.495,4.64154],"pipPosition":[51.0742,258.398,-29.105],"stabilizedTipPosition":[52.9504,222.827,-4.33841],"timeVisible":24.7293,"tipPosition":[51.2009,227.009,-4.73547],"tipVelocity":[-28.5817,49.0288,-15.1377],"tool":false,"touchDistance":0.333333,"touchZone":"none","type":3,"width":17.7198},{"bases":[[[0.982084,-0.133845,0.132654],[-0.00118417,0.699542,0.714591],[-0.188441,-0.701945,0.68685]],[[0.997301,-0.0516378,0.052203],[0.071843,0.833117,-0.548411],[-0.0151725,0.550681,0.834578]],[[0.997301,-0.0516378,0.052203],[0.0283188,-0.385454,-0.922292],[0.0677471,0.921281,-0.382952]],[[0.997301,-0.0516378,0.052203],[-0.0156557,-0.844134,-0.535904],[0.0717393,0.53364,-0.842664]]],"btipPosition":[62.2575,237.203,3.53573],"carpPosition":[53.5318,243.072,49.9227],"dipPosition":[63.4696,246.22,-10.702],"direction":[-0.0677471,-0.921281,0.382952],"extended":false,"handId":465,"id":4654,"length":49.5125,"mcpPosition":[64.2426,282.97,10.8827],"pipPosition":[64.7685,263.883,-18.0441],"stabilizedTipPosition":[64.107,234.185,0.692011],"timeVisible":24.7293,"tipPosition":[62.4785,238.929,0.257406],"tipVelocity":[-24.2775,52.6772,-26.2872],"tool":false,"touchDistance":0.333333,"touchZone":"none","type":4,"width":15.7401}],"r":[[0.933736,0.0958593,0.34489],[-0.254982,0.854339,0.452868],[-0.251241,-0.5108,0.822169]],"s":1.01849,"t":[107.943,1.61832,-108.194],"timestamp":93309219978},false],[5,{"currentFrameRate":54.9301,"devices":[],"gestures":[],"hands":[{"armBasis":[[0.923956,0.376858,-0.0654486],[-0.351308,0.903775,0.244485],[0.151287,-0.202901,0.967442]],"armWidth":62.4607,"confidence":0.835817,"direction":[-0.0948002,0.718648,-0.688882],"elbow":[80.3162,178.023,307.548],"grabStrength":0,"id":465,"palmNormal":[0.352796,-0.622832,-0.698294],"palmPosition":[29.7963,264.816,10.6258],"palmVelocity":[-28.5676,42.7758,-7.02313],"palmWidth":89.1918,"pinchStrength":0.5459,"r":[[0.934189,0.0938163,0.344222],[-0.253642,0.853157,0.455838],[-0.250911,-0.513148,0.820806]],"s":1.01868,"sphereCenter":[22.9723,246.568,-33.5037],"sphereRadius":47.5492,"stabilizedPalmPosition":[31.5806,259.923,10.1306],"t":[107.421,2.39287,-108.324],"timeVisible":24.7473,"type":"right","wrist":[40.276,231.724,51.5006]}],"id":1674404,"interactionBox":{"center":[0,200,0],"size":[235.247,235.247,147.751]},"pointables":[{"bases":[[[0.0405367,0.821744,0.568413],[-0.869949,-0.250793,0.424607],[0.491472,-0.511702,0.70471]],[[-0.0156381,0.874623,0.484552],[-0.863374,-0.256242,0.434656],[0.504323,-0.411552,0.759133]],[[-0.0156381,0.874623,0.484552],[-0.97507,0.0939411,-0.201033],[-0.221348,-0.475616,0.851349]],[[-0.0156381,0.874623,0.484552],[-0.590984,0.382817,-0.710063],[-0.806532,-0.297467,0.510901]]],"btipPosition":[19.5391,256.936,-36.3356],"carpPosition":[18.3156,214.078,40.9838],"dipPosition":[1.03639,250.112,-24.615],"direction":[0.221348,0.475616,-0.851349],"extended":false,"handId":465,"id":4650,"length":51.0864,"mcpPosition":[18.3156,214.078,40.9838],"pipPosition":[-6.36144,234.216,3.83858],"stabilizedTipPosition":[15.4972,255.033,-33.6286],"timeVisible":24.7473,"tipPosition":[15.9763,254.545,-34.1227],"tipVelocity":[-39.6944,62.7523,2.10722],"tool":false,"touchDistance":-0.0555338,"touchZone":"touching","type":0,"width":19.8498},{"bases":[[[0.901753,0.425506,0.0760659],[-0.385941,0.713331,0.584986],[0.194655,-0.55687,0.807469]],[[0.87371,0.48617,-0.016409],[-0.425306,0.779832,0.459322],[0.236105,-0.394336,0.888118]],[[0.87371,0.48617,-0.016409],[-0.465088,0.844758,0.264722],[0.142562,-0.223659,0.964185]],[[0.87371,0.48617,-0.016409],[-0.481835,0.869569,0.108093],[0.0668203,-0.0865355,0.994005]]],"btipPosition":[-10.5588,299.513,-86.4445],"carpPosition":[17.9188,235.998,48.6799],"dipPosition":[-9.4397,298.063,-69.797],"direction":[-0.142562,0.223659,-0.964185],"extended":true,"handId":465,"id":4651,"length":57.6453,"mcpPosition":[3.88113,276.157,-9.55123],"pipPosition":[-6.06203,292.764,-46.9528],"stabilizedTipPosition":[-10.1614,298.905,-82.613],"timeVisible":24.7473,"tipPosition":[-10.3358,299.109,-82.6195],"tipVelocity":[-29.9992,62.0154,0.786086],"tool":false,"touchDistance":-0.0486292,"touchZone":"touching","type":1,"width":18.9605},{"bases":[[[0.972254,0.218477,0.0836107],[-0.223566,0.762599,0.60701],[0.0688561,-0.60886,0.790284]],[[0.973006,0.211202,0.0930276],[-0.110335,0.779765,-0.616274],[-0.202698,0.589374,0.782018]],[[0.973006,0.211202,0.0930276],[0.173556,-0.403962,-0.898161],[-0.152113,0.890061,-0.429713]],[[0.973006,0.211202,0.0930276],[0.229531,-0.843708,-0.485254],[-0.0239983,0.493508,-0.86941]]],"btipPosition":[37.4795,222.483,-12.9044],"carpPosition":[27.9294,242.591,50.098],"dipPosition":[37.0375,231.574,-28.9195],"direction":[0.152113,-0.890061,0.429713],"extended":false,"handId":465,"id":4652,"length":65.6822,"mcpPosition":[23.2204,284.23,-3.94886],"pipPosition":[32.7974,256.384,-40.8975],"stabilizedTipPosition":[39.4716,219.718,-16.4987],"timeVisible":24.7473,"tipPosition":[37.5194,224.223,-17.052],"tipVelocity":[-30.9928,54.9713,-16.8359],"tool":false,"touchDistance":0.333333,"touchZone":"none","type":2,"width":18.6218},{"bases":[[[0.985858,0.0683829,0.152998],[-0.151222,0.756462,0.636315],[-0.0722238,-0.650453,0.756105]],[[0.988093,0.097221,0.119246],[-0.00164646,0.781688,-0.623667],[-0.153847,0.616045,0.772541]],[[0.988093,0.097221,0.119246],[0.150258,-0.443168,-0.883756],[-0.0330738,0.891151,-0.452499]],[[0.988093,0.097221,0.119246],[0.142458,-0.870874,-0.470408],[0.0581145,0.481795,-0.874355]]],"btipPosition":[50.3338,226.307,-0.959936],"carpPosition":[39.3274,246.372,51.0001],"dipPosition":[51.3982,235.131,-16.9735],"direction":[0.0330738,-0.891151,0.452499],"extended":false,"handId":465,"id":4653,"length":63.1552,"mcpPosition":[43.7621,286.311,4.57373],"pipPosition":[50.5001,259.33,-29.2609],"stabilizedTipPosition":[52.5885,223.667,-4.38491],"timeVisible":24.7473,"tipPosition":[50.6444,227.902,-4.94793],"tipVelocity":[-29.7578,49.2555,-13.4841],"tool":false,"touchDistance":0.333333,"touchZone":"none","type":3,"width":17.7198},{"bases":[[[0.982216,-0.133295,0.132225],[-0.00182739,0.697431,0.716649],[-0.187744,-0.704146,0.684785]],[[0.997388,-0.0504781,0.0516677],[0.0704904,0.836347,-0.54365],[-0.0157697,0.545872,0.83772]],[[0.997388,-0.0504781,0.0516677],[0.0284655,-0.382735,-0.923419],[0.0663875,0.922478,-0.380298]],[[0.997388,-0.0504781,0.0516677],[-0.0149151,-0.843799,-0.536452],[0.0706762,0.53428,-0.842348]]],"btipPosition":[61.7241,238.152,3.29466],"carpPosition":[52.9733,243.762,49.7294],"dipPosition":[62.9183,247.18,-10.9378],"direction":[-0.0663875,-0.922478,0.380298],"extended":false,"handId":465,"id":4654,"length":49.5125,"mcpPosition":[63.6445,283.786,10.8068],"pipPosition":[64.1911,264.866,-18.2289],"stabilizedTipPosition":[63.8317,234.974,0.604404],"timeVisible":24.7473,"tipPosition":[61.937,239.86,0.0307718],"tipVelocity":[-26.8871,52.6848,-20.1137],"tool":false,"touchDistance":0.333333,"touchZone":"none","type":4,"width":15.7401}],"r":[[0.934189,0.0938163,0.344222],[-0.253642,0.853157,0.455838],[-0.250911,-0.513148,0.820806]],"s":1.01868,"t":[107.421,2.39287,-108.324],"timestamp":93309238032},false],[6,{"currentFrameRate":54.9669,"devices":[],"gestures":[],"hands":[{"armBasis":[[0.924265,0.375312,-0.0698201],[-0.348305,0.903927,0.248191],[0.156261,-0.205076,0.966192]],"armWidth":62.4607,"confidence":0.779483,"direction":[-0.0939563,0.721533,-0.685975],"elbow":[80.9476,178.261,306.847],"grabStrength":0,"id":465,"palmNormal":[0.349842,-0.621154,-0.701269],"palmPosition":[29.1343,265.814,10.4004],"palmVelocity":[-32.4047,48.7212,-9.61526],"palmWidth":89.1918,"pinchStrength":0.546362,"r":[[0.93472,0.0913954,0.343431],[-0.251931,0.851997,0.458946],[-0.250657,-0.515508,0.819404]],"s":1.01881,"sphereCenter":[22.1827,247.757,-33.8001],"sphereRadius":47.5631,"stabilizedPalmPosition":[31.2434,260.735,10.1678],"t":[106.829,3.27957,-108.502],"timeVisible":24.7654,"type":"right","wrist":[39.5908,232.538,51.1306]}],"id":1674405,"interactionBox":{"center":[0,200,0],"size":[235.247,235.247,147.751]},"pointables":[{"bases":[[[0.0438263,0.819454,0.571467],[-0.869923,-0.249964,0.42515],[0.491237,-0.515765,0.701906]],[[-0.0112226,0.871854,0.489637],[-0.862708,-0.256023,0.436104],[0.505578,-0.41752,0.755029]],[[-0.0112226,0.871854,0.489637],[-0.975575,0.0978829,-0.196652],[-0.219379,-0.479885,0.849461]],[[-0.0112226,0.871854,0.489637],[-0.588694,0.390052,-0.708024],[-0.808278,-0.296192,0.508878]]],"btipPosition":[18.6991,258.257,-36.4244],"carpPosition":[17.5628,214.994,40.5846],"dipPosition":[0.156354,251.462,-24.7502],"direction":[0.219379,0.479885,-0.849461],"extended":false,"handId":465,"id":4650,"length":51.0864,"mcpPosition":[17.5628,214.994,40.5846],"pipPosition":[-7.17568,235.424,3.64026],"stabilizedTipPosition":[14.6906,256.294,-33.7127],"timeVisible":24.7654,"tipPosition":[15.111,255.882,-34.2439],"tipVelocity":[-43.168,67.8655,-1.50922],"tool":false,"touchDistance":-0.0571917,"touchZone":"touching","type":0,"width":19.8498},{"bases":[[[0.903077,0.422676,0.0761298],[-0.382926,0.712177,0.588363],[0.194469,-0.56049,0.805005]],[[0.875315,0.483311,-0.0153331],[-0.422075,0.779117,0.463497],[0.235959,-0.399234,0.885966]],[[0.875315,0.483311,-0.0153331],[-0.461912,0.845099,0.269156],[0.143044,-0.228514,0.962974]],[[0.875315,0.483311,-0.0153331],[-0.478784,0.870688,0.112553],[0.0677484,-0.0911781,0.993527]]],"btipPosition":[-11.2442,301.06,-86.4546],"carpPosition":[17.2409,236.886,48.3648],"dipPosition":[-10.1095,299.533,-69.815],"direction":[-0.143044,0.228514,-0.962974],"extended":true,"handId":465,"id":4651,"length":57.6453,"mcpPosition":[3.21662,277.306,-9.6886],"pipPosition":[-6.72042,294.119,-46.9996],"stabilizedTipPosition":[-10.814,300.337,-82.6245],"timeVisible":24.7654,"tipPosition":[-11.0328,300.618,-82.636],"tipVelocity":[-33.6763,72.78,0.100575],"tool":false,"touchDistance":-0.048827,"touchZone":"touching","type":1,"width":18.9605},{"bases":[[[0.973007,0.215423,0.0827644],[-0.220375,0.760904,0.610295],[0.0684956,-0.61206,0.787839]],[[0.973757,0.20808,0.0921894],[-0.109513,0.783492,-0.611675],[-0.199507,0.585527,0.785719]],[[0.973757,0.20808,0.0921894],[0.171008,-0.401667,-0.899678],[-0.150176,0.891833,-0.42671]],[[0.973757,0.20808,0.0921894],[0.226374,-0.843756,-0.486652],[-0.0234773,0.49475,-0.868718]]],"btipPosition":[36.6329,223.665,-13.3158],"carpPosition":[27.2725,243.445,49.7908],"dipPosition":[36.2005,232.779,-29.3181],"direction":[0.150176,-0.891833,0.42671],"extended":false,"handId":465,"id":4652,"length":65.6822,"mcpPosition":[22.5881,285.303,-4.0889],"pipPosition":[32.0144,257.638,-41.2124],"stabilizedTipPosition":[38.9885,220.711,-16.5805],"timeVisible":24.7654,"tipPosition":[36.6746,225.39,-17.4319],"tipVelocity":[-38.4733,60.0816,-19.5782],"tool":false,"touchDistance":0.333333,"touchZone":"none","type":2,"width":18.6218},{"bases":[[[0.986307,0.0650277,0.151556],[-0.147999,0.754452,0.639452],[-0.0727593,-0.653126,0.753745]],[[0.988561,0.0938564,0.118064],[-0.000356866,0.784242,-0.620455],[-0.150824,0.613315,0.775304]],[[0.988561,0.0938564,0.118064],[0.147601,-0.441028,-0.885273],[-0.0310191,0.892572,-0.449836]],[[0.988561,0.0938564,0.118064],[0.139067,-0.870219,-0.47263],[0.058382,0.483642,-0.873316]]],"btipPosition":[49.5289,227.337,-1.33992],"carpPosition":[38.6826,247.19,50.6876],"dipPosition":[50.5981,236.195,-17.3345],"direction":[0.0310191,-0.892572,0.449836],"extended":false,"handId":465,"id":4653,"length":63.1552,"mcpPosition":[43.1502,287.293,4.4061],"pipPosition":[49.7558,260.432,-29.5496],"stabilizedTipPosition":[52.1696,224.517,-4.47925],"timeVisible":24.7654,"tipPosition":[49.8418,228.939,-5.3254],"tipVelocity":[-36.7587,53.1351,-16.9553],"tool":false,"touchDistance":0.333333,"touchZone":"none","type":3,"width":17.7198},{"bases":[[[0.982062,-0.136559,0.130022],[0.00136641,0.694696,0.719303],[-0.188553,-0.706222,0.682421]],[[0.99734,-0.0533689,0.0496486],[0.0717592,0.838478,-0.54019],[-0.0127999,0.542316,0.840077]],[[0.99734,-0.0533689,0.0496486],[0.0256595,-0.380477,-0.924434],[0.0682262,0.923249,-0.378096]],[[0.99734,-0.0533689,0.0496486],[-0.0183347,-0.842902,-0.537755],[0.0705483,0.535414,-0.841638]]],"btipPosition":[60.9796,239.144,2.94713],"carpPosition":[52.3189,244.547,49.3834],"dipPosition":[62.1716,248.191,-11.2733],"direction":[-0.0682262,-0.923249,0.378096],"extended":false,"handId":465,"id":4654,"length":49.5125,"mcpPosition":[63.036,284.688,10.5952],"pipPosition":[63.4797,265.892,-18.5223],"stabilizedTipPosition":[63.5017,235.774,0.485629],"timeVisible":24.7654,"tipPosition":[61.1914,240.851,-0.327492],"tipVelocity":[-33.7034,53.8622,-19.6251],"tool":false,"touchDistance":0.333333,"touchZone":"none","type":4,"width":15.7401}],"r":[[0.93472,0.0913954,0.343431],[-0.251931