{"sensorType":"Leap","data":[[0,{"currentFrameRate":110.069,"devices":[],"gestures":[],"hands":[{"armBasis":[[0.981202,0.180502,-0.0682828],[-0.159145,0.956942,0.242764],[0.109162,-0.227334,0.967679]],"armWidth":62.4607,"confidence":0.592273,"direction":[-0.0266032,0.768459,-0.639346],"elbow":[73.245,144.733,298.844],"grabStrength":0,"id":465,"palmNormal":[0.176961,-0.625851,-0.759602],"palmPosition":[36.3435,241.93,4.78358],"palmVelocity":[-32.6536,53.696,-6.18578],"palmWidth":89.1918,"pinchStrength":0.327564,"r":[[0.958216,-0.0921074,0.270809],[-0.0679425,0.846356,0.528266],[-0.277858,-0.524593,0.804734]],"s":1.06586,"sphereCenter":[24.4057,227.145,-39.8234],"sphereRadius":47.0772,"stabilizedPalmPosition":[36.9641,240.914,4.86641],"t":[113.729,-20.1414,-114.25],"timeVisible":11.7953,"type":"right","wrist":[44.3538,204.9,42.7343]}],"id":1673563,"interactionBox":{"center":[0,200,0],"size":[235.247,235.247,147.751]},"pointables":[{"bases":[[[0.232432,0.763388,0.602672],[-0.86056,-0.12733,0.493177],[0.453223,-0.633266,0.627346]],[[0.114627,0.894999,0.431089],[-0.854975,-0.132087,0.501569],[0.505845,-0.426064,0.75006]],[[0.114627,0.894999,0.431089],[-0.977141,0.179792,-0.11345],[-0.179044,-0.40823,0.895149]],[[0.114627,0.894999,0.431089],[-0.976213,0.181876,-0.118024],[-0.184036,-0.407306,0.894557]]],"btipPosition":[4.27724,235.806,-53.6383],"carpPosition":[18.8228,191.97,33.5025],"dipPosition":[0.0552632,226.462,-33.1162],"direction":[0.179044,0.40823,-0.895149],"extended":false,"handId":465,"id":4650,"length":51.0864,"mcpPosition":[18.8228,191.97,33.5025],"pipPosition":[-5.92871,212.818,-3.1988],"stabilizedTipPosition":[3.65116,233.335,-48.891],"timeVisible":11.7953,"tipPosition":[3.47236,234.14,-48.6112],"tipVelocity":[-47.6997,54.1779,-3.50682],"tool":false,"touchDistance":-0.11545,"touchZone":"touching","type":0,"width":19.8498},{"bases":[[[0.965424,0.26048,0.0102958],[-0.203398,0.727981,0.654731],[0.163049,-0.634188,0.755792]],[[0.920129,0.370686,-0.126311],[-0.266058,0.828387,0.492939],[0.28736,-0.419961,0.860847]],[[0.920129,0.370686,-0.126311],[-0.334225,0.911416,0.24003],[0.204098,-0.178642,0.962513]],[[0.920129,0.370686,-0.126311],[-0.368949,0.928683,0.0377522],[0.131297,0.0118656,0.991272]]],"btipPosition":[-7.96434,280.535,-87.8648],"carpPosition":[22.9303,213.081,42.2991],"dipPosition":[-5.76538,280.734,-71.263],"direction":[-0.204098,0.178642,-0.962513],"extended":true,"handId":465,"id":4651,"length":57.6453,"mcpPosition":[11.172,258.816,-12.2053],"pipPosition":[-0.929741,276.502,-48.4585],"stabilizedTipPosition":[-7.19895,280.123,-84.0924],"timeVisible":11.7953,"tipPosition":[-8.03332,281.423,-83.5892],"tipVelocity":[-42.6302,71.8622,6.87445],"tool":false,"touchDistance":-0.0789861,"touchZone":"touching","type":1,"width":18.9605},{"bases":[[[0.999011,0.0444586,0.000543778],[-0.0336241,0.747438,0.66348],[0.029091,-0.662842,0.748194]],[[0.9985,0.0538236,-0.0100322],[-0.0500762,0.823706,-0.564801],[-0.022136,0.564457,0.825166]],[[0.9985,0.0538236,-0.0100322],[0.00314095,-0.239246,-0.970954],[-0.0546604,0.969466,-0.239056]],[[0.9985,0.0538236,-0.0100322],[0.0313306,-0.711978,-0.701503],[-0.0449001,0.700136,-0.712596]]],"btipPosition":[35.4311,196.513,-27.2875],"carpPosition":[34.0241,217.772,43.0781],"dipPosition":[34.6041,209.41,-40.414],"direction":[0.0546604,-0.969466,0.239056],"extended":false,"handId":465,"id":4652,"length":65.6822,"mcpPosition":[32.0345,263.103,-8.09025],"pipPosition":[33.0804,236.434,-47.0775],"stabilizedTipPosition":[37.1716,196.842,-30.2267],"timeVisible":11.7953,"tipPosition":[35.2161,199.739,-30.6067],"tipVelocity":[-43.2885,54.6606,-3.82766],"tool":false,"touchDistance":0.333333,"touchZone":"none","type":2,"width":18.6218},{"bases":[[[0.992077,-0.110041,0.0606232],[0.0387812,0.727193,0.685336],[-0.1195,-0.677555,0.725699]],[[0.995928,-0.0839912,0.0327643],[0.0861638,0.779809,-0.620059],[0.0265296,0.620357,0.78387]],[[0.995928,-0.0839912,0.0327643],[0.00520592,-0.309237,-0.950971],[0.0900051,0.947269,-0.30754]],[[0.995928,-0.0839912,0.0327643],[-0.0403357,-0.740131,-0.671252],[0.0806291,0.667196,-0.740505]]],"btipPosition":[48.1972,195.989,-13.9085],"carpPosition":[45.9423,219.497,43.0685],"dipPosition":[49.6739,208.208,-27.4706],"direction":[-0.0900051,-0.947269,0.30754],"extended":false,"handId":465,"id":4653,"length":63.1552,"mcpPosition":[53.2799,261.101,-1.49091],"pipPosition":[52.118,233.931,-35.8218],"stabilizedTipPosition":[50.7769,195.656,-16.7259],"timeVisible":11.7953,"tipPosition":[48.532,198.951,-17.0243],"tipVelocity":[-41.9118,53.6158,-10.7759],"tool":false,"touchDistance":0.333333,"touchZone":"none","type":3,"width":17.7198},{"bases":[[[0.951441,-0.306352,0.0301311],[0.181902,0.638489,0.747826],[-0.248336,-0.706032,0.663211]],[[0.972023,-0.231691,-0.0386199],[0.172833,0.816834,-0.550374],[0.159063,0.528301,0.834025]],[[0.972023,-0.231691,-0.0386199],[-0.0971971,-0.24707,-0.964111],[0.213834,0.940891,-0.262677]],[[0.972023,-0.231691,-0.0386199],[-0.192924,-0.69371,-0.693935],[0.133988,0.681971,-0.719001]]],"btipPosition":[60.9991,206.961,-9.06],"carpPosition":[58.7606,214.703,40.3596],"dipPosition":[63.2629,218.483,-21.2083],"direction":[-0.213834,-0.940891,0.262677],"extended":false,"handId":465,"id":4654,"length":49.5125,"mcpPosition":[72.8758,254.833,2.66316],"pipPosition":[67.3626,236.522,-26.2445],"stabilizedTipPosition":[63.8394,206.213,-11.466],"timeVisible":11.7953,"tipPosition":[61.4798,209.739,-11.8114],"tipVelocity":[-39.7736,51.5445,-12.9851],"tool":false,"touchDistance":0.333333,"touchZone":"none","type":4,"width":15.7401}],"r":[[0.958216,-0.0921074,0.270809],[-0.0679425,0.846356,0.528266],[-0.277858,-0.524593,0.804734]],"s":1.06586,"t":[113.729,-20.1414,-114.25],"timestamp":93296286019},false],[1,{"currentFrameRate":110.159,"devices":[],"gestures":[],"hands":[{"armBasis":[[0.981837,0.176602,-0.0693424],[-0.154753,0.956883,0.245817],[0.109764,-0.230622,0.966833]],"armWidth":62.4607,"confidence":0.563676,"direction":[-0.0252219,0.769442,-0.638219],"elbow":[73.0534,144.225,298.412],"grabStrength":0,"id":465,"palmNormal":[0.172407,-0.625508,-0.760931],"palmPosition":[36.04,242.376,4.64815],"palmVelocity":[-33.0281,52.6974,-8.63802],"palmWidth":89.1918,"pinchStrength":0.326936,"r":[[0.958578,-0.0940371,0.268859],[-0.0655869,0.845688,0.529632],[-0.277176,-0.525327,0.804491]],"s":1.06618,"sphereCenter":[23.9015,227.715,-39.9344],"sphereRadius":47.085,"stabilizedPalmPosition":[36.6386,241.429,4.78954],"t":[113.436,-19.7066,-114.341],"timeVisible":11.8042,"type":"right","wrist":[44.0028,205.262,42.5265]}],"id":1673564,"interactionBox":{"center":[0,200,0],"size":[235.247,235.247,147.751]},"pointables":[{"bases":[[[0.237114,0.761614,0.603092],[-0.859743,-0.12455,0.495308],[0.452349,-0.635949,0.62526]],[[0.118798,0.894439,0.431122],[-0.853636,-0.129766,0.504447],[0.507142,-0.427948,0.748109]],[[0.118798,0.894439,0.431122],[-0.976719,0.18338,-0.111314],[-0.178623,-0.407861,0.895401]],[[0.118798,0.894439,0.431122],[-0.975749,0.185562,-0.116108],[-0.183851,-0.406873,0.894792]]],"btipPosition":[3.76801,236.353,-53.7137],"carpPosition":[18.3954,192.448,33.3454],"dipPosition":[-0.449729,227.019,-33.1863],"direction":[0.178623,0.407861,-0.895401],"extended":false,"handId":465,"id":4650,"length":51.0864,"mcpPosition":[18.3954,192.448,33.3454],"pipPosition":[-6.41962,213.388,-3.26036],"stabilizedTipPosition":[3.17463,233.822,-48.9477],"timeVisible":11.8042,"tipPosition":[2.96937,234.702,-48.6942],"tipVelocity":[-50.23,56.2081,-4.81676],"tool":false,"touchDistance":-0.116685,"touchZone":"touching","type":0,"width":19.8498},{"bases":[[[0.966489,0.256582,0.0080633],[-0.198714,0.727888,0.656271],[0.162518,-0.635881,0.754482]],[[0.921292,0.367123,-0.128226],[-0.261393,0.828775,0.494779],[0.287915,-0.422318,0.859507]],[[0.921292,0.367123,-0.128226],[-0.329883,0.912427,0.242186],[0.205909,-0.180824,0.961719]],[[0.921292,0.367123,-0.128226],[-0.365068,0.930119,0.040043],[0.133966,0.00992002,0.990936]]],"btipPosition":[-8.35607,281.29,-87.8286],"carpPosition":[22.6113,213.529,42.1599],"dipPosition":[-6.11241,281.456,-71.2325],"direction":[-0.205909,0.180824,-0.961719],"extended":true,"handId":465,"id":4651,"length":57.6453,"mcpPosition":[10.8912,259.386,-12.2501],"pipPosition":[-1.23386,277.172,-48.4468],"stabilizedTipPosition":[-7.57499,280.83,-84.0449],"timeVisible":11.8042,"tipPosition":[-8.40627,282.162,-83.5558],"tipVelocity":[-42.6678,75.0961,6.06567],"tool":false,"touchDistance":-0.0784054,"touchZone":"touching","type":1,"width":18.9605},{"bases":[[[0.99918,0.0404412,-0.00207473],[-0.0288403,0.74665,0.664592],[0.028426,-0.663987,0.747204]],[[0.99867,0.0499483,-0.0127777],[-0.048426,0.823713,-0.564936],[-0.0176924,0.564803,0.825036]],[[0.99867,0.0499483,-0.0127777],[-0.000466775,-0.239068,-0.971003],[-0.0515547,0.969717,-0.238727]],[[0.99867,0.0499483,-0.0127777],[0.0265963,-0.711421,-0.702263],[-0.0441672,0.700989,-0.711803]]],"btipPosition":[34.8684,196.956,-27.4],"carpPosition":[33.7259,218.175,42.9156],"dipPosition":[34.0548,209.868,-40.5118],"direction":[0.0515547,-0.969717,0.238727],"extended":false,"handId":465,"id":4652,"length":65.6822,"mcpPosition":[31.7818,263.584,-8.18506],"pipPosition":[32.6178,236.898,-47.1662],"stabilizedTipPosition":[36.7544,197.359,-30.2583],"timeVisible":11.8042,"tipPosition":[34.6548,200.193,-30.7315],"tipVelocity":[-48.5902,53.3815,-6.11704],"tool":false,"touchDistance":0.333333,"touchZone":"none","type":2,"width":18.6218},{"bases":[[[0.991784,-0.114112,0.0578113],[0.0435412,0.726084,0.686226],[-0.120283,-0.678071,0.725088]],[[0.995667,-0.0880302,0.029968],[0.0876218,0.780199,-0.619364],[0.0311417,0.619306,0.784532]],[[0.995667,-0.0880302,0.029968],[0.00134857,-0.308564,-0.951203],[0.0929816,0.947121,-0.307108]],[[0.995667,-0.0880302,0.029968],[-0.0451748,-0.739569,-0.671563],[0.0812812,0.667299,-0.740342]]],"btipPosition":[47.6591,196.424,-14.1067],"carpPosition":[45.6509,219.852,42.8764],"dipPosition":[49.1477,208.645,-27.6659],"direction":[-0.0929816,-0.947121,0.307108],"extended":false,"handId":465,"id":4653,"length":63.1552,"mcpPosition":[53.0365,261.487,-1.64548],"pipPosition":[51.6726,234.364,-36.0053],"stabilizedTipPosition":[50.3921,196.152,-16.7951],"timeVisible":11.8042,"tipPosition":[47.9973,199.379,-17.2333],"tipVelocity":[-46.8474,52.3028,-13.8756],"tool":false,"touchDistance":0.333333,"touchZone":"none","type":3,"width":17.7198},{"bases":[[[0.950278,-0.310216,0.0271594],[0.186471,0.636719,0.748209],[-0.249399,-0.705943,0.662906]],[[0.970927,-0.235782,-0.0413291],[0.174625,0.815744,-0.551423],[0.16373,0.528174,0.833201]],[[0.970927,-0.235782,-0.0413291],[-0.100872,-0.246425,-0.963898],[0.217085,0.940043,-0.263045]],[[0.970927,-0.235782,-0.0413291],[-0.197603,-0.692006,-0.69432],[0.135108,0.682301,-0.718479]]],"btipPosition":[60.4984,207.278,-9.24898],"carpPosition":[58.4425,215.01,40.1265],"dipPosition":[62.7812,218.806,-21.3885],"direction":[-0.217085,-0.940043,0.263045],"extended":false,"handId":465,"id":4654,"length":49.5125,"mcpPosition":[72.6181,255.135,2.44743],"pipPosition":[66.9432,236.829,-26.4317],"stabilizedTipPosition":[63.4855,206.68,-11.5382],"timeVisible":11.8042,"tipPosition":[60.9925,210.072,-12.0224],"tipVelocity":[-44.0997,47.2305,-15.1581],"tool":false,"touchDistance":0.333333,"touchZone":"none","type":4,"width":15.7401}],"r":[[0.958578,-0.0940371,0.268859],[-0.0655869,0.845688,0.529632],[-0.277176,-0.525327,0.804491]],"s":1.06618,"t":[113.436,-19.7066,-114.341],"timestamp":93296294938},false],[2,{"currentFrameRate":110.159,"devices":[],"gestures":[],"hands":[{"armBasis":[[0.982581,0.17202,-0.0703145],[-0.149566,0.95658,0.250171],[0.110296,-0.235296,0.965645]],"armWidth":62.4607,"confidence":0.55583,"direction":[-0.023818,0.770784,-0.636651],"elbow":[72.7961,143.378,297.818],"grabStrength":0,"id":465,"palmNormal":[0.166832,-0.624837,-0.762723],"palmPosition":[35.6852,242.877,4.46742],"palmVelocity":[-34.7032,53.3839,-11.7556],"palmWidth":89.1918,"pinchStrength":0.327678,"r":[[0.958958,-0.0965816,0.266594],[-0.06254,0.845005,0.531089],[-0.276567,-0.525965,0.804284]],"s":1.0664,"sphereCenter":[23.3096,228.371,-40.0897],"sphereRadius":47.087,"stabilizedPalmPosition":[36.2963,241.949,4.67387],"t":[113.112,-19.2387,-114.477],"timeVisible":11.8133,"type":"right","wrist":[43.6047,205.653,42.2466]}],"id":1673565,"interactionBox":{"center":[0,200,0],"size":[235.247,235.247,147.751]},"pointables":[{"bases":[[[0.242775,0.759326,0.603725],[-0.858598,-0.121475,0.49805],[0.45152,-0.639271,0.622465]],[[0.123882,0.893565,0.431504],[-0.85209,-0.127056,0.507739],[0.508522,-0.43058,0.745658]],[[0.123882,0.893565,0.431504],[-0.97617,0.187823,-0.108694],[-0.178172,-0.407756,0.895539]],[[0.123882,0.893565,0.431504],[-0.975008,0.190433,-0.114433],[-0.184426,-0.406544,0.894824]]],"btipPosition":[3.20899,237,-53.8146],"carpPosition":[17.9058,192.977,33.13],"dipPosition":[-1.02193,227.673,-33.2864],"direction":[0.178172,0.407756,-0.895539],"extended":false,"handId":465,"id":4650,"length":51.0864,"mcpPosition":[17.9058,192.977,33.13],"pipPosition":[-6.97675,214.045,-3.35587],"stabilizedTipPosition":[2.64244,234.407,-49.0301],"timeVisible":11.8133,"tipPosition":[2.39592,235.366,-48.8014],"tipVelocity":[-53.4633,60.4128,-6.55182],"tool":false,"touchDistance":-0.118363,"touchZone":"touching","type":0,"width":19.8498},{"bases":[[[0.967705,0.252031,0.00520014],[-0.19302,0.727541,0.658352],[0.162142,-0.638094,0.752692]],[[0.922602,0.362966,-0.130618],[-0.255785,0.829083,0.497187],[0.288755,-0.425296,0.857755]],[[0.922602,0.362966,-0.130618],[-0.324705,0.913524,0.245031],[0.20826,-0.183653,0.960676]],[[0.922602,0.362966,-0.130618],[-0.360475,0.931773,0.043086],[0.137345,0.00733322,0.990496]]],"btipPosition":[-8.8367,282.177,-87.7834],"carpPosition":[22.2512,214.021,41.9702],"dipPosition":[-6.53645,282.299,-71.1947],"direction":[-0.20826,0.183653,-0.960676],"extended":true,"handId":465,"id":4651,"length":57.6453,"mcpPosition":[10.5582,260.038,-12.3107],"pipPosition":[-1.6022,277.948,-48.4336],"stabilizedTipPosition":[-8.01887,281.663,-83.9983],"timeVisible":11.8133,"tipPosition":[-8.86413,283.029,-83.5142],"tipVelocity":[-45.1151,81.0498,5.71318],"tool":false,"touchDistance":-0.0776806,"touchZone":"touching","type":1,"width":18.9605},{"bases":[[[0.999345,0.0357592,-0.00546584],[-0.0230323,0.74549,0.666119],[0.0278946,-0.665557,0.745826]],[[0.998838,0.0453738,-0.0162436],[-0.046622,0.824352,-0.564155],[-0.0122074,0.564257,0.825509]],[[0.998838,0.0453738,-0.0162436],[-0.0049923,-0.237821,-0.971296],[-0.0479345,0.970249,-0.237318]],[[0.998838,0.0453738,-0.0162436],[0.0208187,-0.710208,-0.703684],[-0.0434651,0.702529,-0.710327]]],"btipPosition":[34.1959,197.484,-27.614],"carpPosition":[33.39,218.613,42.6962],"dipPosition":[33.3952,210.425,-40.6986],"direction":[0.0479345,-0.970249,0.237318],"extended":false,"handId":465,"id":4652,"length":65.6822,"mcpPosition":[31.4823,264.13,-8.31023],"pipPosition":[32.0591,237.47,-47.3137],"stabilizedTipPosition":[36.2913,197.882,-30.32],"timeVisible":11.8133,"tipPosition":[33.9841,200.735,-30.9456],"tipVelocity":[-55.5527,54.9054,-10.7553],"tool":false,"touchDistance":0.333333,"touchZone":"none","type":2,"width":18.6218},{"bases":[[[0.991432,-0.118873,0.054149],[0.0493262,0.724544,0.687462],[-0.120954,-0.6789,0.724199]],[[0.995341,-0.0927473,0.0263332],[0.0891208,0.780871,-0.618302],[0.036783,0.617769,0.785499]],[[0.995341,-0.0927473,0.0263332],[-0.00345906,-0.307305,-0.951605],[0.0963512,0.94708,-0.306195]],[[0.995341,-0.0927473,0.0263332],[-0.051033,-0.738547,-0.672268],[0.0817994,0.667793,-0.739839]]],"btipPosition":[47.0239,196.916,-14.3861],"carpPosition":[45.3226,220.234,42.6188],"dipPosition":[48.5221,209.147,-27.9361],"direction":[-0.0963512,-0.94708,0.306195],"extended":false,"handId":465,"id":4653,"length":63.1552,"mcpPosition":[52.7494,261.92,-1.8485],"pipPosition":[51.1384,234.864,-36.2507],"stabilizedTipPosition":[49.9738,196.647,-16.893],"timeVisible":11.8133,"tipPosition":[47.3649,199.868,-17.5209],"tipVelocity":[-53.1775,52.907,-18.4868],"tool":false,"touchDistance":0.333333,"touchZone":"none","type":3,"width":17.7198},{"bases":[[[0.948899,-0.31472,0.0232653],[0.192048,0.634389,0.748777],[-0.250415,-0.706046,0.662413]],[[0.969588,-0.240601,-0.0448375],[0.17671,0.814968,-0.551907],[0.16933,0.527199,0.832699]],[[0.969588,-0.240601,-0.0448375],[-0.105246,-0.244495,-0.963922],[0.220958,0.939326,-0.262382]],[[0.969588,-0.240601,-0.0448375],[-0.203189,-0.689217,-0.695481],[0.136431,0.683441,-0.717144]]],"btipPosition":[59.9046,207.639,-9.55006],"carpPosition":[58.0816,215.338,39.8153],"dipPosition":[62.2097,219.187,-21.667],"direction":[-0.220958,-0.939326,0.262382],"extended":false,"handId":465,"id":4654,"length":49.5125,"mcpPosition":[72.315,255.469,2.16421],"pipPosition":[66.446,237.196,-26.6975],"stabilizedTipPosition":[63.106,207.13,-11.6376],"timeVisible":11.8133,"tipPosition":[60.4146,210.452,-12.3312],"tipVelocity":[-49.8397,45.3243,-19.9816],"tool":false,"touchDistance":0.333333,"touchZone":"none","type":4,"width":15.7401}],"r":[[0.958958,-0.0965816,0.266594],[-0.06254,0.845005,0.531089],[-0.276567,-0.525965,0.804284]],"s":1.0664,"t":[113.112,-19.2387,-114.477],"timestamp":93296304015},false],[3,{"currentFrameRate":110.2,"devices":[],"gestures":[],"hands":[{"armBasis":[[0.983154,0.167979,-0.072053],[-0.145041,0.956872,0.251713],[0.111228,-0.237022,0.965116]],"armWidth":62.4607,"confidence":0.560332,"direction":[-0.0225379,0.771461,-0.635877],"elbow":[72.6744,143.284,297.438],"grabStrength":0,"id":465,"palmNormal":[0.162162,-0.624795,-0.763764],"palmPosition":[35.3588,243.305,4.28434],"palmVelocity":[-35.1288,51.7841,-14.112],"palmWidth":89.1918,"pinchStrength":0.328553,"r":[[0.959325,-0.0994319,0.264215],[-0.0591224,0.844402,0.532438],[-0.276045,-0.526402,0.804177]],"s":1.06655,"sphereCenter":[22.7859,228.9,-40.244],"sphereRadius":47.0909,"stabilizedPalmPosition":[35.9631,242.431,4.53545],"t":[112.787,-18.7907,-114.636],"timeVisible":11.8223,"type":"right","wrist":[43.2364,206.015,42.0069]}],"id":1673566,"interactionBox":{"center":[0,200,0],"size":[235.247,235.247,147.751]},"pointables":[{"bases":[[[0.247528,0.75779,0.603725],[-0.85766,-0.118497,0.500378],[0.450721,-0.641648,0.620595]],[[0.128288,0.893009,0.431367],[-0.850755,-0.124435,0.510619],[0.509664,-0.432494,0.743768]],[[0.128288,0.893009,0.431367],[-0.975667,0.191629,-0.106545],[-0.177808,-0.407202,0.895863]],[[0.128288,0.893009,0.431367],[-0.974368,0.194541,-0.11296],[-0.184793,-0.405819,0.895077]]],"btipPosition":[2.70472,237.532,-53.917],"carpPosition":[17.4611,193.45,32.9518],"dipPosition":[-1.53463,228.222,-33.3829],"direction":[0.177808,0.407202,-0.895863],"extended":false,"handId":465,"id":4650,"length":51.0864,"mcpPosition":[17.4611,193.45,32.9518],"pipPosition":[-7.47729,214.612,-3.44159],"stabilizedTipPosition":[2.12719,234.962,-49.1227],"timeVisible":11.8223,"tipPosition":[1.88443,235.908,-48.912],"tipVelocity":[-54.2222,60.1598,-7.83471],"tool":false,"touchDistance":-0.120047,"touchZone":"touching","type":0,"width":19.8498},{"bases":[[[0.968718,0.24815,0.00267883],[-0.188234,0.7277,0.659561],[0.161721,-0.639433,0.751646]],[[0.923722,0.359307,-0.132803],[-0.251032,0.829665,0.498637],[0.289346,-0.427264,0.856577]],[[0.923722,0.359307,-0.132803],[-0.320291,0.914619,0.246751],[0.210123,-0.185393,0.959936]],[[0.923722,0.359307,-0.132803],[-0.356535,0.933201,0.0449276],[0.140075,0.00584832,0.990124]]],"btipPosition":[-9.25641,282.87,-87.806],"carpPosition":[21.9159,214.469,41.7988],"dipPosition":[-6.91045,282.968,-71.2234],"direction":[-0.210123,0.185393,-0.959936],"extended":true,"handId":465,"id":4651,"length":57.6453,"mcpPosition":[10.2533,260.582,-12.4066],"pipPosition":[-1.93206,278.575,-48.4799],"stabilizedTipPosition":[-8.44705,282.417,-83.9944],"timeVisible":11.8223,"tipPosition":[-9.26466,283.705,-83.5416],"tipVelocity":[-45.2076,79.7596,3.4135],"tool":false,"touchDistance":-0.0780797,"touchZone":"touching","type":1,"width":18.9605},{"bases":[[[0.999461,0.0317636,-0.00827437],[-0.0181545,0.744961,0.666861],[0.027346,-0.666352,0.745136]],[[0.998961,0.0414052,-0.0190588],[-0.0449402,0.824815,-0.563614],[-0.00761654,0.563885,0.825818]],[[0.998961,0.0414052,-0.0190588],[-0.00871745,-0.236863,-0.971504],[-0.0447397,0.97066,-0.236256]],[[0.998961,0.0414052,-0.0190588],[0.0159581,-0.709367,-0.704658],[-0.0426962,0.703622,-0.709291]]],"btipPosition":[33.5983,197.926,-27.829],"carpPosition":[33.075,219.015,42.4973],"dipPosition":[32.8118,210.887,-40.8945],"direction":[0.0447397,-0.97066,0.236256],"extended":false,"handId":465,"id":4652,"length":65.6822,"mcpPosition":[31.2048,264.586,-8.46191],"pipPosition":[31.5647,237.944,-47.48],"stabilizedTipPosition":[35.816,198.383,-30.405],"timeVisible":11.8223,"tipPosition":[33.39,201.184,-31.1514],"tipVelocity":[-58.427,53.469,-14.2261],"tool":false,"touchDistance":0.333333,"touchZone":"none","type":2,"width":18.6218},{"bases":[[[0.991097,-0.122891,0.0512216],[0.0541798,0.723705,0.687979],[-0.121616,-0.679079,0.72392]],[[0.995034,-0.0967474,0.0234103],[0.0904742,0.780984,-0.617964],[0.0415033,0.617013,0.785858]],[[0.995034,-0.0967474,0.0234103],[-0.00745278,-0.306937,-0.951701],[0.09926,0.9468,-0.306134]],[[0.995034,-0.0967474,0.0234103],[-0.0559551,-0.738168,-0.672292],[0.0823233,0.667644,-0.739916]]],"btipPosition":[46.4604,197.325,-14.6163],"carpPosition":[45.0137,220.589,42.3875],"dipPosition":[47.9681,209.553,-28.1677],"direction":[-0.09926,-0.9468,0.306134],"extended":false,"handId":465,"id":4653,"length":63.1552,"mcpPosition":[52.4812,262.286,-2.06269],"pipPosition":[50.6635,235.263,-36.4806],"stabilizedTipPosition":[49.5482,197.116,-17.0059],"timeVisible":11.8223,"tipPosition":[46.804,200.271,-17.7607],"tipVelocity":[-55.6973,50.8343,-20.4406],"tool":false,"touchDistance":0.333333,"touchZone":"none","type":3,"width":17.7198},{"bases":[[[0.947693,-0.318538,0.0202803],[0.196713,0.632924,0.748807],[-0.251359,-0.70565,0.662478]],[[0.968418,-0.244762,-0.0475225],[0.17848,0.813606,-0.553345],[0.174102,0.527388,0.831595]],[[0.968418,-0.244762,-0.0475225],[-0.108964,-0.244028,-0.963627],[0.224262,0.938372,-0.262991]],[[0.968418,-0.244762,-0.0475225],[-0.207917,-0.687556,-0.695728],[0.137613,0.683636,-0.716732]]],"btipPosition":[59.3729,207.932,-9.78278],"carpPosition":[57.745,215.644,39.5432],"dipPosition":[61.698,219.482,-21.8928],"direction":[-0.224262,-0.938372,0.262991],"extended":false,"handId":465,"id":4654,"length":49.5125,"mcpPosition":[72.0321,255.752,1.88849],"pipPosition":[65.9976,237.473,-26.9349],"stabilizedTipPosition":[62.7231,207.544,-11.749],"timeVisible":11.8223,"tipPosition":[59.8973,210.759,-12.5818],"tipVelocity":[-52.2304,41.8077,-21.5445],"tool":false,"touchDistance":0.333333,"touchZone":"none","type":4,"width":15.7401}],"r":[[0.959325,-0.0994319,0.264215],[-0.0591224,0.844402,0.532438],[-0.276045,-0.526402,0.804177]],"s":1.06655,"t":[112.787,-18.7907,-114.636],"timestamp":93296313018},false],[4,{"currentFrameRate":110.198,"devices":[],"gestures":[],"hands":[{"armBasis":[[0.982826,0.167258,-0.0779578],[-0.143369,0.958074,0.248072],[0.116181,-0.232635,0.9656]],"armWidth":62.4607,"confidence":0.571481,"direction":[-0.0221118,0.772418,-0.63473],"elbow":[73.1268,145.833,296.53],"grabStrength":0,"id":465,"palmNormal":[0.16091,-0.623858,-0.764794],"palmPosition":[34.5159,244.758,3.3084],"palmVelocity":[-51.0965,81.7137,-39.9455],"palmWidth":89.1918,"pinchStrength":0.333379,"r":[[0.959623,-0.102005,0.262143],[-0.0561197,0.843768,0.533766],[-0.275634,-0.526925,0.803975]],"s":1.06644,"sphereCenter":[21.8991,230.445,-41.2129],"sphereRadius":47.0773,"stabilizedPalmPosition":[35.4457,243.263,4.09671],"t":[112.203,-17.8406,-115.204],"timeVisible":11.8314,"type":"right","wrist":[42.3778,207.403,40.9707]}],"id":1673567,"interactionBox":{"center":[0,200,0],"size":[235.247,235.247,147.751]},"pointables":[{"bases":[[[0.248817,0.756623,0.604659],[-0.857439,-0.118256,0.500813],[0.450431,-0.643069,0.619334]],[[0.128637,0.893078,0.43112],[-0.85092,-0.123863,0.510483],[0.509301,-0.432516,0.744005]],[[0.128637,0.893078,0.43112],[-0.975285,0.19268,-0.108138],[-0.179644,-0.406554,0.895791]],[[0.128637,0.893078,0.43112],[-0.973493,0.196623,-0.11684],[-0.189116,-0.404662,0.894698]]],"btipPosition":[2.0038,238.915,-54.9537],"carpPosition":[16.5819,194.881,31.9155],"dipPosition":[-2.33471,229.632,-34.4284],"direction":[0.179644,0.406554,-0.895791],"extended":false,"handId":465,"id":4650,"length":51.0864,"mcpPosition":[16.5819,194.881,31.9155],"pipPosition":[-8.33874,216.044,-4.48947],"stabilizedTipPosition":[1.49795,235.982,-49.7457],"timeVisible":11.8314,"tipPosition":[1.08938,237.327,-49.9396],"tipVelocity":[-61.2776,85.8645,-37.3187],"tool":false,"touchDistance":-0.13736,"touchZone":"touching","type":0,"width":19.8498},{"bases":[[[0.969001,0.247046,0.00235417],[-0.186939,0.726945,0.660761],[0.161527,-0.640718,0.750593]],[[0.924119,0.358304,-0.132746],[-0.249742,0.829314,0.499868],[0.289193,-0.428786,0.855868]],[[0.924119,0.358304,-0.132746],[-0.319002,0.91469,0.248153],[0.210336,-0.186977,0.959582]],[[0.924119,0.358304,-0.132746],[-0.355312,0.933595,0.0464049],[0.140558,0.00428268,0.990063]]],"btipPosition":[-10.0982,284.503,-88.6995],"carpPosition":[21.0668,215.881,40.7901],"dipPosition":[-7.74414,284.575,-72.118],"direction":[-0.210336,0.186977,-0.959582],"extended":true,"handId":465,"id":4651,"length":57.6453,"mcpPosition":[9.41817,262.087,-13.3394],"pipPosition":[-2.76071,280.145,-49.3828],"stabilizedTipPosition":[-9.15138,283.751,-84.5601],"timeVisible":11.8314,"tipPosition":[-10.0998,285.317,-84.4405],"tipVelocity":[-58.2967,107.275,-24.7628],"tool":false,"touchDistance":-0.0966979,"touchZone":"touching","type":1,"width":18.9605},{"bases":[[[0.999491,0.0306407,-0.00893793],[-0.0168351,0.744002,0.667965],[0.0271168,-0.667474,0.744139]],[[0.998993,0.0403093,-0.0197197],[-0.0444166,0.825609,-0.562491],[-0.00639288,0.562801,0.826568]],[[0.998993,0.0403093,-0.0197197],[-0.00969552,-0.235179,-0.971904],[-0.0438144,0.971116,-0.234551]],[[0.998993,0.0403093,-0.0197197],[0.014631,-0.70801,-0.706051],[-0.0424222,0.705051,-0.707887]]],"btipPosition":[32.6818,199.414,-28.8795],"carpPosition":[32.2315,220.414,41.4874],"dipPosition":[31.9004,212.402,-41.9192],"direction":[0.0438144,-0.971116,0.234551],"extended":false,"handId":465,"id":4652,"length":65.6822,"mcpPosition":[30.3771,266.062,-9.4037],"pipPosition":[30.6791,239.471,-48.4572],"stabilizedTipPosition":[35.275,199.039,-30.6456],"timeVisible":11.8314,"tipPosition":[32.475,202.679,-32.187],"tipVelocity":[-70.1551,84.2004,-42.1207],"tool":false,"touchDistance":0.333333,"touchZone":"none","type":2,"width":18.6218},{"bases":[[[0.990993,-0.124091,0.0503373],[0.05549,0.722634,0.689],[-0.121874,-0.680002,0.723011]],[[0.994942,-0.0978889,0.0225377],[0.0908328,0.780947,-0.617957],[0.0428904,0.616879,0.785889]],[[0.994942,-0.0978889,0.0225377],[-0.00866988,-0.307215,-0.951601],[0.100075,0.946592,-0.306509]],[[0.994942,-0.0978889,0.0225377],[-0.0573953,-0.738133,-0.672209],[0.0824376,0.667516,-0.740018]]],"btipPosition":[45.5495,198.781,-15.5659],"carpPosition":[44.172,221.974,41.3714],"dipPosition":[47.0594,211.007,-29.1191],"direction":[-0.100075,-0.946592,0.306509],"extended":false,"handId":465,"id":4653,"length":63.1552,"mcpPosition":[51.6553,263.728,-3.02298],"pipPosition":[49.7769,236.711,-37.4422],"stabilizedTipPosition":[49.062,197.712,-17.2292],"timeVisible":11.8314,"tipPosition":[45.8951,201.727,-18.7463],"tipVelocity":[-68.0309,81.1221,-43.7331],"tool":false,"touchDistance":0.333333,"touchZone":"none","type":3,"width":17.7198},{"bases":[[[0.947345,-0.319643,0.0191402],[0.197963,0.631601,0.749593],[-0.251691,-0.706334,0.661622]],[[0.968088,-0.245875,-0.0484939],[0.179101,0.814122,-0.552385],[0.175298,0.526072,0.832177]],[[0.968088,-0.245875,-0.0484939],[-0.109861,-0.242441,-0.963926],[0.225249,0.938492,-0.261716]],[[0.968088,-0.245875,-0.0484939],[-0.209174,-0.68617,-0.696719],[0.138031,0.684629,-0.715703]]],"btipPosition":[58.475,209.372,-10.8285],"carpPosition":[56.8957,217.019,38.5108],"dipPosition":[60.8072,220.94,-22.9212],"direction":[-0.225249,-0.938492,0.261716],"extended":false,"handId":465,"id":4654,"length":49.5125,"mcpPosition":[71.2016,257.167,0.904737],"pipPosition":[65.1257,238.933,-27.9389],"stabilizedTipPosition":[62.289,208.069,-11.9666],"timeVisible":11.8314,"tipPosition":[59.003,212.204,-13.6229],"tipVelocity":[-65.094,74.26,-47.3278],"tool":false,"touchDistance":0.333333,"touchZone":"none","type":4,"width":15.7401}],"r":[[0.959623,-0.102005,0.262143],[-0.0561197,0.843768,0.533766],[-0.275634,-0.526925,0.803975]],"s":1.06644,"t":[112.203,-17.8406,-115.204],"timestamp":93296322095},false],[5,{"currentFrameRate":110.208,"devices":[],"gestures":[],"hands":[{"armBasis":[[0.983331,0.163676,-0.0791902],[-0.139205,0.957866,0.251228],[0.116973,-0.236017,0.964683]],"armWidth":62.4607,"confidence":0.579523,"direction":[-0.0209399,0.771381,-0.636029],"elbow":[72.7007,145.7,295.833],"grabStrength":0,"id":465,"palmNormal":[0.156198,-0.625832,-0.764157],"palmPosition":[33.9163,245.485,2.81129],"palmVelocity":[-55.2666,81.3116,-44.0701],"palmWidth":89.1918,"pinchStrength":0.335362,"r":[[0.959925,-0.104727,0.259953],[-0.0527374,0.843486,0.534556],[-0.275249,-0.526844,0.80416]],"s":1.06629,"sphereCenter":[21.1197,231.145,-41.6386],"sphereRadius":47.0691,"stabilizedPalmPosition":[34.9022,244.052,3.63993],"t":[111.611,-17.002,-115.736],"timeVisible":11.8404,"type":"right","wrist":[41.742,208.165,40.5164]}],"id":1673568,"interactionBox":{"center":[0,200,0],"size":[235.247,235.247,147.751]},"pointables":[{"bases":[[[0.253575,0.756698,0.602584],[-0.856419,-0.113993,0.50354],[0.449718,-0.643749,0.619145]],[[0.133089,0.893611,0.428656],[-0.850364,-0.1192,0.512516],[0.509086,-0.432724,0.744031]],[[0.133089,0.893611,0.428656],[-0.974584,0.196636,-0.107335],[-0.180205,-0.403476,0.897069]],[[0.133089,0.893611,0.428656],[-0.973115,0.19985,-0.11449],[-0.187977,-0.401894,0.896184]]],"btipPosition":[1.29542,239.608,-55.388],"carpPosition":[15.8704,195.729,31.5592],"dipPosition":[-3.01696,230.388,-34.8286],"direction":[0.180205,0.403476,-0.897069],"extended":false,"handId":465,"id":4650,"length":51.0864,"mcpPosition":[15.8704,195.729,31.5592],"pipPosition":[-9.03973,216.903,-4.84698],"stabilizedTipPosition":[0.837217,236.815,-50.2512],"timeVisible":11.8404,"tipPosition":[0.353244,238.029,-50.3653],"tipVelocity":[-65.7696,83.706,-40.0155],"tool":false,"touchDistance":-0.144468,"touchZone":"touching","type":0,"width":19.8498},{"bases":[[[0.969969,0.243227,-0.000931694],[-0.182127,0.728838,0.660019],[0.161213,-0.640028,0.751248]],[[0.925189,0.354317,-0.135962],[-0.245025,0.83127,0.498951],[0.289808,-0.42831,0.855898]],[[0.925189,0.354317,-0.135962],[-0.3146,0.916416,0.247404],[0.212257,-0.186122,0.959325]],[[0.925189,0.354317,-0.135962],[-0.351379,0.93511,0.0458458],[0.143383,0.00535826,0.989653]]],"btipPosition":[-10.797,285.241,-89.1417],"carpPosition":[20.4641,216.727,40.3834],"dipPosition":[-8.39566,285.331,-72.5671],"direction":[-0.212257,0.186122,-0.959325],"extended":true,"handId":465,"id":4651,"length":57.6453,"mcpPosition":[8.83807,262.883,-13.7933],"pipPosition":[-3.36671,280.921,-49.838],"stabilizedTipPosition":[-9.85412,284.722,-85.0547],"timeVisible":11.8404,"tipPosition":[-10.7792,286.048,-84.8897],"tipVelocity":[-63.1722,100.286,-31.4542],"tool":false,"touchDistance":-0.106653,"touchZone":"touching","type":1,"width":18.9605},{"bases":[[[0.999573,0.0266835,-0.0119301],[-0.0119369,0.745237,0.666693],[0.0266805,-0.666266,0.745237]],[[0.999081,0.0363399,-0.022733],[-0.0428294,0.824807,-0.56379],[-0.00173771,0.564245,0.825605]],[[0.999081,0.0363399,-0.022733],[-0.0134949,-0.236716,-0.971485],[-0.0406849,0.970899,-0.236008]],[[0.999081,0.0363399,-0.022733],[0.00975483,-0.709183,-0.704957],[-0.0417399,0.704087,-0.708886]]],"btipPosition":[31.809,200.09,-29.2976],"carpPosition":[31.6486,221.217,41.0399],"dipPosition":[31.0401,213.06,-42.3557],"direction":[0.0406849,-0.970899,0.236008],"extended":false,"handId":465,"id":4652,"length":65.6822,"mcpPosition":[29.8239,266.783,-9.92629],"pipPosition":[29.906,240.123,-48.9343],"stabilizedTipPosition":[34.6908,199.686,-30.9111],"timeVisible":11.8404,"tipPosition":[31.6055,203.348,-32.6037],"tipVelocity":[-77.3046,81.4425,-43.3654],"tool":false,"touchDistance":0.333333,"touchZone":"none","type":2,"width":18.6218},{"bases":[[[0.990641,-0.127909,0.0476437],[0.0603652,0.72362,0.687554],[-0.122421,-0.678243,0.724569]],[[0.994609,-0.101786,0.0198015],[0.092039,0.778611,-0.62072],[0.0477629,0.619196,0.783782]],[[0.994609,-0.101786,0.0198015],[-0.0127731,-0.309768,-0.950726],[0.102904,0.945348,-0.309398]],[[0.994609,-0.101786,0.0198015],[-0.0623097,-0.7393,-0.670487],[0.0828853,0.665639,-0.741657]]],"btipPosition":[44.7074,199.396,-15.9462],"carpPosition":[43.5947,222.73,40.886],"dipPosition":[46.2254,211.587,-29.5294],"direction":[-0.102904,-0.945348,0.309398],"extended":false,"handId":465,"id":4653,"length":63.1552,"mcpPosition":[51.1116,264.376,-3.60402],"pipPosition":[49.0197,237.257,-37.931],"stabilizedTipPosition":[48.5356,198.302,-17.4712],"timeVisible":11.8404,"tipPosition":[45.0574,202.343,-19.1565],"tipVelocity":[-74.8628,77.221,-43.4629],"tool":false,"touchDistance":0.333333,"touchZone":"none","type":3,"width":17.7198},{"bases":[[[0.946131,-0.323342,0.0169214],[0.202657,0.632133,0.747889],[-0.25252,-0.704171,0.663608]],[[0.966949,-0.249851,-0.0508364],[0.180786,0.812445,-0.554301],[0.179794,0.52679,0.830762]],[[0.966949,-0.249851,-0.0508364],[-0.113575,-0.243566,-0.963212],[0.228277,0.93715,-0.263892]],[[0.966949,-0.249851,-0.0508364],[-0.21391,-0.686443,-0.69501],[0.138752,0.682914,-0.717201]]],"btipPosition":[57.6906,209.98,-11.3394],"carpPosition":[56.2903,217.72,37.9968],"dipPosition":[60.035,221.519,-23.4573],"direction":[-0.228277,-0.93715,0.263892],"extended":false,"handId":465,"id":4654,"length":49.5125,"mcpPosition":[70.6433,257.745,0.27783],"pipPosition":[64.4116,239.486,-28.5167],"stabilizedTipPosition":[61.8285,208.587,-12.2117],"timeVisible":11.8404,"tipPosition":[58.2234,212.803,-14.1375],"tipVelocity":[-70.9459,72.0792,-50.0104],"tool":false,"touchDistance":0.333333,"touchZone":"none","type":4,"width":15.7401}],"r":[[0.959925,-0.104727,0.259953],[-0.0527374,0.843486,0.534556],[-0.275249,-0.526844,0.80416]],"s":1.06629,"t":[111.611,-17.002,-115.736],"timestamp":93296331152},false],[6,{"currentFrameRate":110.252,"devices":[],"gestures":[],"hands":[{"armBasis":[[0.983577,0.162327,-0.0789094],[-0.137166,0.956422,0.257765],[0.117313,-0.242708,0.96298]],"armWidth":62.4607,"confidence":0.581156,"direction":[-0.0202349,0.770518,-0.637096],"elbow":[72.2201,144.711,295.065],"grabStrength":0,"id":465,"palmNormal":[0.153485,-0.627279,-0.76352],"palmPosition":[33.3684,246.231,2.45408],"palmVelocity":[-56.8208,81.7712,-42.8782],"palmWidth":89.1918,"pinchStrength":0.336671,"r":[[0.960196,-0.107269,0.257909],[-0.0494653,0.843429,0.534959],[-0.274912,-0.526423,0.804551]],"s":1.06616,"sphereCenter":[20.4952,231.863,-41.9432],"sphereRadius":47.0528,"stabilizedPalmPosition":[34.3591,244.824,3.22002],"t":[111.041,-16.2097,-116.181],"timeVisible":11.8494,"type":"right","wrist":[41.1716,208.948,40.1994]}],"id":1673569,"interactionBox":{"center":[0,200,0],"size":[235.247,235.247,147.751]},"pointables":[{"bases":[[[0.256316,0.756974,0.601076],[-0.855835,-0.111308,0.505131],[0.449276,-0.643895,0.619314]],[[0.135152,0.894524,0.426099],[-0.850632,-0.115775,0.512857],[0.508094,-0.431767,0.745263]],[[0.135152,0.894524,0.426099],[-0.974094,0.19865,-0.108066],[-0.181313,-0.400455,0.898199]],[[0.135152,0.894524,0.426099],[-0.973817,0.199261,-0.109436],[-0.182798,-0.400152,0.898033]]],"btipPosition":[0.648315,240.249,-55.7845],"carpPosition":[15.2566,196.558,31.3033],"dipPosition":[-3.54526,231.069,-35.1826],"direction":[0.181313,0.400455,-0.898199],"extended":false,"handId":465,"id":4650,"length":51.0864,"mcpPosition":[15.2566,196.558,31.3033],"pipPosition":[-9.60505,217.685,-5.16325],"stabilizedTipPosition":[0.212346,237.531,-50.6818],"timeVisible":11.8494,"tipPosition":[-0.280517,238.688,-50.7287],"tipVelocity":[-66.6356,80.5799,-40.8357],"tool":false,"touchDistance":-0.150913,"touchZone":"touching","type":0,"width":19.8498},{"bases":[[[0.970521,0.240998,-0.00289845],[-0.179352,0.730195,0.659278],[0.161001,-0.639323,0.751894]],[[0.925872,0.351818,-0.137786],[-0.242307,0.832681,0.497926],[0.289911,-0.427629,0.856204]],[[0.925872,0.351818,-0.137786],[-0.311971,0.917553,0.246518],[0.213155,-0.185259,0.959294]],[[0.925872,0.351818,-0.137786],[-0.348966,0.936047,0.0451462],[0.144857,0.00628289,0.989433]]],"btipPosition":[-11.383,285.956,-89.4904],"carpPosition":[19.9131,217.558,40.0897],"dipPosition":[-8.95692,286.061,-72.9194],"direction":[-0.213155,0.185259,-0.959294],"extended":true,"handId":465,"id":4651,"length":57.6453,"mcpPosition":[8.3024,263.663,-14.1336],"pipPosition":[-3.9067,281.672,-50.1912],"stabilizedTipPosition":[-10.4779,285.531,-85.4559],"timeVisible":11.8494,"tipPosition":[-11.3541,286.752,-85.2458],"tipVelocity":[-63.5448,94.7065,-33.489],"tool":false,"touchDistance":-0.11402,"touchZone":"touching","type":1,"width":18.9605},{"bases":[[[0.99961,0.0243724,-0.0136363],[-0.00911368,0.746213,0.665644],[0.026399,-0.66526,0.746145]],[[0.999122,0.0340109,-0.024448],[-0.0418757,0.824089,-0.56491],[0.000934283,0.565438,0.82479]],[[0.999122,0.0340109,-0.024448],[-0.015658,-0.238091,-0.971117],[-0.0388494,0.970647,-0.237349]],[[0.999122,0.0340109,-0.024448],[0.00695135,-0.710222,-0.703943],[-0.0413053,0.703156,-0.709835]]],"btipPosition":[31.1032,200.795,-29.5851],"carpPosition":[31.109,222.023,40.7211],"dipPosition":[30.3424,213.748,-42.6607],"direction":[0.0388494,-0.970647,0.237349],"extended":false,"handId":465,"id":4652,"length":65.6822,"mcpPosition":[29.3036,267.52,-10.3071],"pipPosition":[29.2595,240.804,-49.2767],"stabilizedTipPosition":[34.097,200.331,-31.1764],"timeVisible":11.8494,"tipPosition":[30.9018,204.047,-32.8946],"tipVelocity":[-77.5732,80.4932,-40.3617],"tool":false,"touchDistance":0.333333,"touchZone":"none","type":2,"width":18.6218},{"bases":[[[0.990423,-0.130114,0.0461736],[0.0631734,0.724461,0.686415],[-0.122763,-0.676925,0.725742]],[[0.994402,-0.104066,0.0183152],[0.0927726,0.776884,-0.622772],[0.0505805,0.620985,0.782189]],[[0.994402,-0.104066,0.0183152],[-0.015133,-0.311804,-0.950026],[0.104576,0.94443,-0.311634]],[[0.994402,-0.104066,0.0183152],[-0.065153,-0.740326,-0.669083],[0.0831879,0.664144,-0.742962]]],"btipPosition":[44.0176,200.067,-16.2048],"carpPosition":[43.0582,223.509,40.5451],"dipPosition":[45.5412,212.231,-29.8119],"direction":[-0.104576,-0.94443,0.311634],"extended":false,"handId":465,"id":4653,"length":63.1552,"mcpPosition":[50.5962,265.073,-4.01696],"pipPosition":[48.3809,237.876,-38.2742],"stabilizedTipPosition":[47.9931,198.896,-17.7138],"timeVisible":11.8494,"tipPosition":[44.3709,203.013,-19.4369],"tipVelocity":[-75.3288,76.3308,-39.5951],"tool":false,"touchDistance":0.333333,"touchZone":"none","type":3,"width":17.7198},{"bases":[[[0.945414,-0.325488,0.0158054],[0.205356,0.632734,0.746644],[-0.253024,-0.702642,0.665036]],[[0.966259,-0.252273,-0.0519729],[0.181908,0.811233,-0.555707],[0.182352,0.527502,0.829752]],[[0.966259,-0.252273,-0.0519729],[-0.115603,-0.244442,-0.962748],[0.230171,0.936273,-0.265358]],[[0.966259,-0.252273,-0.0519729],[-0.216612,-0.686712,-0.693907],[0.139363,0.681752,-0.718187]]],"btipPosition":[57.0312,210.65,-11.6957],"carpPosition":[55.7375,218.465,37.6419],"dipPosition":[59.3859,222.169,-23.8302],"direction":[-0.230171,-0.936273,0.265358],"extended":false,"handId":465,"id":4654,"length":49.5125,"mcpPosition":[70.1192,258.403,-0.158218],"pipPosition":[63.7988,240.119,-28.9178],"stabilizedTipPosition":[61.3571,209.109,-12.4636],"timeVisible":11.8494,"tipPosition":[57.5689,213.466,-14.494],"tipVelocity":[-71.5299,72.6096,-47.2767],"tool":false,"touc