{"sensorType":"Leap","data":[[0,{"currentFrameRate":54.5926,"devices":[],"gestures":[],"hands":[{"armBasis":[[0.917471,0.384578,-0.101718],[-0.357767,0.9095,0.211691],[0.173925,-0.157829,0.972029]],"armWidth":62.4607,"confidence":0.751602,"direction":[-0.120852,0.684295,-0.719121],"elbow":[87.211,184.035,311.612],"grabStrength":0,"id":465,"palmNormal":[0.344601,-0.650459,-0.67687],"palmPosition":[29.2856,256.811,12.2453],"palmVelocity":[-37.0992,30.9513,-19.3836],"palmWidth":89.1918,"pinchStrength":0.45843,"r":[[0.937155,0.124029,0.326124],[-0.260407,0.870726,0.417162],[-0.232224,-0.47587,0.848304]],"s":1.05593,"sphereCenter":[25.7857,237.487,-30.264],"sphereRadius":46.5677,"stabilizedPalmPosition":[33.4925,251.457,10.1222],"t":[107.067,-5.39673,-106.473],"timeVisible":21.1236,"type":"right","wrist":[41.1795,225.806,54.3513]}],"id":1674208,"interactionBox":{"center":[0,200,0],"size":[235.247,235.247,147.751]},"pointables":[{"bases":[[[0.0428041,0.847951,0.528344],[-0.856159,-0.241431,0.45684],[0.514936,-0.471901,0.715647]],[[-0.0696129,0.929962,0.361005],[-0.867157,-0.235306,0.438942],[0.493146,-0.282492,0.822804]],[[-0.0696129,0.929962,0.361005],[-0.984828,-0.00640092,-0.173416],[-0.15896,-0.3676,0.916298]],[[-0.0696129,0.929962,0.361005],[-0.802217,0.162918,-0.574375],[-0.592961,-0.329588,0.73469]]],"btipPosition":[14.004,241.084,-42.5347],"carpPosition":[19.2183,207.414,45.2048],"dipPosition":[0.400822,233.522,-25.6801],"direction":[0.15896,0.3676,-0.916298],"extended":false,"handId":465,"id":4650,"length":51.0864,"mcpPosition":[19.2183,207.414,45.2048],"pipPosition":[-4.9119,221.237,4.94416],"stabilizedTipPosition":[10.9091,239.16,-38.6754],"timeVisible":21.1236,"tipPosition":[10.9681,239.552,-38.3726],"tipVelocity":[-15.59,44.9808,-2.96636],"tool":false,"touchDistance":-0.153809,"touchZone":"touching","type":0,"width":19.8498},{"bases":[[[0.897431,0.439826,0.0342261],[-0.381648,0.735121,0.560306],[0.221277,-0.515898,0.827579]],[[0.868595,0.492512,-0.0545387],[-0.428792,0.802221,0.415426],[0.248355,-0.337452,0.90799]],[[0.868595,0.492512,-0.0545387],[-0.473026,0.856911,0.204817],[0.14761,-0.152105,0.97728]],[[0.868595,0.492512,-0.0545387],[-0.491083,0.870283,0.0380004],[0.0661798,-0.0062239,0.997788]]],"btipPosition":[-12.3166,284.788,-85.9069],"carpPosition":[18.7056,229.665,51.8783],"dipPosition":[-11.2082,284.684,-69.196],"direction":[-0.14761,0.152105,-0.97728],"extended":true,"handId":465,"id":4651,"length":57.6453,"mcpPosition":[2.74813,266.869,-7.80308],"pipPosition":[-7.71091,281.08,-46.0416],"stabilizedTipPosition":[-11.6134,284.353,-81.9965],"timeVisible":21.1236,"tipPosition":[-12.5291,285.367,-81.8348],"tipVelocity":[-49.9238,50.557,-7.14887],"tool":false,"touchDistance":-0.0346826,"touchZone":"touching","type":1,"width":18.9605},{"bases":[[[0.970899,0.234275,0.049697],[-0.219481,0.787391,0.576059],[0.0958252,-0.570203,0.815896]],[[0.970885,0.234358,0.0495788],[-0.14082,0.725823,-0.673313],[-0.193782,0.646728,0.737693]],[[0.970885,0.234358,0.0495788],[0.149466,-0.430937,-0.889917],[-0.187194,0.871418,-0.453419]],[[0.970885,0.234358,0.0495788],[0.227837,-0.839523,-0.493246],[-0.0739736,0.490182,-0.868476]]],"btipPosition":[37.8393,211.56,-9.27217],"carpPosition":[28.6564,236.441,52.744],"dipPosition":[36.4767,220.59,-25.27],"direction":[0.187194,-0.871418,0.453419],"extended":false,"handId":465,"id":4652,"length":65.6822,"mcpPosition":[22.103,275.437,-3.05444],"pipPosition":[31.2588,244.88,-37.9088],"stabilizedTipPosition":[41.8377,209.085,-12.9712],"timeVisible":21.1236,"tipPosition":[37.6225,213.543,-13.5882],"tipVelocity":[-48.8705,35.0279,-29.4319],"tool":false,"touchDistance":0.333333,"touchZone":"none","type":2,"width":18.6218},{"bases":[[[0.988183,0.0877836,0.125653],[-0.146388,0.783538,0.603853],[-0.0454456,-0.615111,0.78713]],[[0.989223,0.117722,0.0870577],[-0.0277595,0.734603,-0.677929],[-0.14376,0.668206,0.729954]],[[0.989223,0.117722,0.0870577],[0.133828,-0.485781,-0.863775],[-0.0593946,0.866117,-0.496301]],[[0.989223,0.117722,0.0870577],[0.144349,-0.883692,-0.445254],[0.0245159,0.453022,-0.891162]]],"btipPosition":[50.2707,217.09,2.68917],"carpPosition":[40.0202,240.402,53.1918],"dipPosition":[50.7197,225.387,-13.6322],"direction":[0.0593947,-0.866117,0.496301],"extended":false,"handId":465,"id":4653,"length":63.1552,"mcpPosition":[42.8106,278.171,4.86046],"pipPosition":[49.1068,248.906,-27.109],"stabilizedTipPosition":[54.5481,214.153,-1.48259],"timeVisible":21.1236,"tipPosition":[50.4259,218.68,-1.68089],"tipVelocity":[-46.0595,34.699,-27.3181],"tool":false,"touchDistance":0.333333,"touchZone":"none","type":3,"width":17.7198},{"bases":[[[0.986794,-0.114677,0.114397],[0.00565681,0.730211,0.683198],[-0.161881,-0.673529,0.721217]],[[0.9986,-0.0400536,0.0345415],[0.0528279,0.787106,-0.614551],[-0.00257282,0.615516,0.78812]],[[0.9986,-0.0400536,0.0345415],[0.0125241,-0.455431,-0.890183],[0.0513863,0.889369,-0.454292]],[[0.9986,-0.0400536,0.0345415],[-0.0185022,-0.876357,-0.481306],[0.0495488,0.479993,-0.875872]]],"btipPosition":[61.1343,229.694,6.91175],"carpPosition":[53.6663,237.906,51.713],"dipPosition":[61.9715,237.804,-7.88711],"direction":[-0.0513863,-0.889369,0.454292],"extended":false,"handId":465,"id":4654,"length":49.5125,"mcpPosition":[62.8675,276.189,10.7196],"pipPosition":[62.9567,254.855,-16.5969],"stabilizedTipPosition":[65.4733,226.553,2.91403],"timeVisible":21.1236,"tipPosition":[61.2587,231.295,2.96339],"tipVelocity":[-42.2246,29.8136,-30.4307],"tool":false,"touchDistance":0.333333,"touchZone":"none","type":4,"width":15.7401}],"r":[[0.937155,0.124029,0.326124],[-0.260407,0.870726,0.417162],[-0.232224,-0.47587,0.848304]],"s":1.05593,"t":[107.067,-5.39673,-106.473],"timestamp":93305614334},false],[1,{"currentFrameRate":54.8451,"devices":[],"gestures":[],"hands":[{"armBasis":[[0.918844,0.380392,-0.10501],[-0.353222,0.911448,0.210942],[0.175952,-0.156731,0.971842]],"armWidth":62.4607,"confidence":0.767164,"direction":[-0.119844,0.685798,-0.717857],"elbow":[86.9409,184.684,311.43],"grabStrength":0,"id":465,"palmNormal":[0.340164,-0.650935,-0.678655],"palmPosition":[28.5003,257.277,12.186],"palmVelocity":[-40.8643,29.0758,-12.0146],"palmWidth":89.1918,"pinchStrength":0.472141,"r":[[0.93842,0.120849,0.323671],[-0.257151,0.869972,0.420739],[-0.230739,-0.478063,0.847476]],"s":1.05282,"sphereCenter":[24.6018,237.988,-30.3123],"sphereRadius":46.5522,"stabilizedPalmPosition":[32.9706,252.065,10.338],"t":[106.335,-4.88383,-106.684],"timeVisible":21.141,"type":"right","wrist":[40.3727,226.165,54.2182]}],"id":1674209,"interactionBox":{"center":[0,200,0],"size":[235.247,235.247,147.751]},"pointables":[{"bases":[[[0.0476778,0.847024,0.529411],[-0.855985,-0.238513,0.458695],[0.514797,-0.475038,0.713668]],[[-0.0623983,0.928399,0.366308],[-0.867793,-0.231761,0.439571],[0.492993,-0.290451,0.820119]],[[-0.0623983,0.928399,0.366308],[-0.983662,0.00489242,-0.17996],[-0.168867,-0.371553,0.912925]],[[-0.0623983,0.928399,0.366308],[-0.786189,0.180375,-0.591077],[-0.614828,-0.32487,0.718642]]],"btipPosition":[13.9379,241.96,-42.0248],"carpPosition":[18.312,207.877,45.1025],"dipPosition":[-0.166872,234.507,-25.5384],"direction":[0.168867,0.371553,-0.912925],"extended":false,"handId":465,"id":4650,"length":51.0864,"mcpPosition":[18.312,207.877,45.1025],"pipPosition":[-5.8107,222.089,4.97315],"stabilizedTipPosition":[10.7526,239.949,-38.3537],"timeVisible":21.141,"tipPosition":[10.4816,240.304,-38.1391],"tipVelocity":[-13.2204,48.1807,9.71049],"tool":false,"touchDistance":-0.146722,"touchZone":"touching","type":0,"width":19.8498},{"bases":[[[0.899335,0.436047,0.0325395],[-0.377156,0.735913,0.562303],[0.221245,-0.517972,0.826291]],[[0.87053,0.488921,-0.0559794],[-0.424366,0.80341,0.417668],[0.249181,-0.339837,0.906874]],[[0.87053,0.488921,-0.0559794],[-0.468922,0.858628,0.207051],[0.149297,-0.153994,0.976727]],[[0.87053,0.488921,-0.0559794],[-0.487331,0.872294,0.0401378],[0.0684547,-0.00766071,0.997625]]],"btipPosition":[-13.2239,285.562,-85.8212],"carpPosition":[17.9089,230.12,51.8082],"dipPosition":[-12.0774,285.434,-69.1131],"direction":[-0.149297,0.153994,-0.976727],"extended":true,"handId":465,"id":4651,"length":57.6453,"mcpPosition":[1.9537,267.474,-7.78029],"pipPosition":[-8.54014,281.785,-45.9718],"stabilizedTipPosition":[-12.5568,285.179,-81.9838],"timeVisible":21.141,"tipPosition":[-13.4218,286.128,-81.7508],"tipVelocity":[-50.7819,47.6642,-1.5891],"tool":false,"touchDistance":-0.0332657,"touchZone":"touching","type":1,"width":18.9605},{"bases":[[[0.971988,0.230171,0.0475362],[-0.214734,0.787487,0.577714],[0.0955391,-0.571739,0.814854]],[[0.972001,0.230096,0.047644],[-0.13915,0.727036,-0.672351],[-0.189344,0.646897,0.738697]],[[0.972001,0.230096,0.047644],[0.146083,-0.432916,-0.889519],[-0.184049,0.871573,-0.454408]],[[0.972001,0.230096,0.047644],[0.223347,-0.841705,-0.491578],[-0.0730079,0.488456,-0.869529]]],"btipPosition":[36.7773,212.098,-9.28753],"carpPosition":[27.89,236.853,52.6579],"dipPosition":[35.4325,221.095,-25.3048],"direction":[0.184049,-0.871573,0.454408],"extended":false,"handId":465,"id":4652,"length":65.6822,"mcpPosition":[21.3561,275.954,-3.06932],"pipPosition":[30.3022,245.39,-37.9711],"stabilizedTipPosition":[41.1608,209.725,-12.9712],"timeVisible":21.141,"tipPosition":[36.5684,214.055,-13.6228],"tipVelocity":[-54.4537,32.9551,-16.3774],"tool":false,"touchDistance":0.333333,"touchZone":"none","type":2,"width":18.6218},{"bases":[[[0.988857,0.0835032,0.123244],[-0.141586,0.783292,0.605315],[-0.0459902,-0.61602,0.786387]],[[0.989923,0.113377,0.0848356],[-0.0261416,0.735134,-0.677418],[-0.139169,0.668374,0.73069]],[[0.989923,0.113377,0.0848356],[0.130082,-0.491411,-0.861159],[-0.0559466,0.863517,-0.501207]],[[0.989923,0.113377,0.0848356],[0.139257,-0.888075,-0.438098],[0.0256701,0.445497,-0.894915]]],"btipPosition":[49.2392,217.711,2.79479],"carpPosition":[39.2711,240.766,53.0821],"dipPosition":[49.7094,225.87,-13.5954],"direction":[0.0559466,-0.863517,0.501207],"extended":false,"handId":465,"id":4653,"length":63.1552,"mcpPosition":[42.095,278.591,4.79632],"pipPosition":[48.1902,249.319,-27.2054],"stabilizedTipPosition":[53.9032,214.827,-1.41964],"timeVisible":21.141,"tipPosition":[49.4109,219.228,-1.64136],"tipVelocity":[-52.1052,34.3743,-12.3233],"tool":false,"touchDistance":0.333333,"touchZone":"none","type":3,"width":17.7198},{"bases":[[[0.986598,-0.118934,0.11171],[0.0104374,0.729223,0.684197],[-0.162836,-0.673861,0.720691]],[[0.998565,-0.0435481,0.0311809],[0.0535256,0.790478,-0.610147],[0.0019229,0.61094,0.791674]],[[0.998565,-0.0435481,0.0311809],[0.00813051,-0.452172,-0.891894],[0.0529394,0.890867,-0.451169]],[[0.998565,-0.0435481,0.0311809],[-0.023131,-0.875714,-0.482277],[0.0483078,0.480863,-0.875464]]],"btipPosition":[60.2606,230.138,6.60349],"carpPosition":[52.903,238.217,51.5649],"dipPosition":[61.0768,238.263,-8.18848],"direction":[-0.0529394,-0.890867,0.451169],"extended":false,"handId":465,"id":4654,"length":49.5125,"mcpPosition":[62.1584,276.518,10.6013],"pipPosition":[62.0918,255.343,-16.8384],"stabilizedTipPosition":[64.9738,227.095,2.94259],"timeVisible":21.141,"tipPosition":[60.3679,231.722,2.73889],"tipVelocity":[-46.1035,27.9598,-24.5438],"tool":false,"touchDistance":0.333333,"touchZone":"none","type":4,"width":15.7401}],"r":[[0.93842,0.120849,0.323671],[-0.257151,0.869972,0.420739],[-0.230739,-0.478063,0.847476]],"s":1.05282,"t":[106.335,-4.88383,-106.684],"timestamp":93305631686},false],[2,{"currentFrameRate":54.8829,"devices":[],"gestures":[],"hands":[{"armBasis":[[0.919097,0.379376,-0.10646],[-0.351153,0.911188,0.215474],[0.178751,-0.160658,0.970689]],"armWidth":62.4607,"confidence":0.784515,"direction":[-0.118608,0.688174,-0.715785],"elbow":[86.735,184.171,310.872],"grabStrength":0,"id":465,"palmNormal":[0.338344,-0.649722,-0.680724],"palmPosition":[27.6053,257.954,12.0301],"palmVelocity":[-44.9598,33.0315,-10.3989],"palmWidth":89.1918,"pinchStrength":0.484435,"r":[[0.939507,0.117687,0.321677],[-0.2541,0.869224,0.424127],[-0.229695,-0.480208,0.846546]],"s":1.04948,"sphereCenter":[23.4355,238.772,-30.4922],"sphereRadius":46.5453,"stabilizedPalmPosition":[32.3594,252.736,10.5307],"t":[105.522,-4.28915,-106.867],"timeVisible":21.159,"type":"right","wrist":[39.4262,226.691,53.9652]}],"id":1674210,"interactionBox":{"center":[0,200,0],"size":[235.247,235.247,147.751]},"pointables":[{"bases":[[[0.0498772,0.845356,0.531869],[-0.856313,-0.23789,0.458406],[0.514043,-0.47831,0.712024]],[[-0.0575583,0.926028,0.373042],[-0.868647,-0.230629,0.438479],[0.492077,-0.298803,0.817665]],[[-0.0575583,0.926028,0.373042],[-0.982299,0.0141875,-0.186782],[-0.178258,-0.377189,0.908819]],[[-0.0575583,0.926028,0.373042],[-0.768817,0.197255,-0.608285],[-0.636873,-0.321813,0.700592]]],"btipPosition":[13.8094,243.09,-41.6494],"carpPosition":[17.3191,208.48,44.8066],"dipPosition":[-0.801132,235.707,-25.577],"direction":[0.178258,0.377189,-0.908819],"extended":false,"handId":465,"id":4650,"length":51.0864,"mcpPosition":[17.3191,208.48,44.8066],"pipPosition":[-6.75882,223.101,4.79733],"stabilizedTipPosition":[10.5369,240.974,-38.0688],"timeVisible":21.159,"tipPosition":[10.0076,241.328,-38.0293],"tipVelocity":[-13.3704,55.4137,12.4595],"tool":false,"touchDistance":-0.142051,"touchZone":"touching","type":0,"width":19.8498},{"bases":[[[0.900351,0.433882,0.0333838],[-0.375196,0.735126,0.56464],[0.220446,-0.5209,0.824662]],[[0.871673,0.487009,-0.0548402],[-0.422264,0.803122,0.420342],[0.248754,-0.343244,0.905707]],[[0.871673,0.487009,-0.0548402],[-0.466791,0.859114,0.209834],[0.149305,-0.157308,0.976198]],[[0.871673,0.487009,-0.0548402],[-0.485236,0.87333,0.0428982],[0.0687854,-0.0107828,0.997573]]],"btipPosition":[-14.0926,286.633,-85.8718],"carpPosition":[16.9703,230.705,51.5776],"dipPosition":[-12.9406,286.452,-69.1645],"direction":[-0.149305,0.157308,-0.976198],"extended":true,"handId":465,"id":4651,"length":57.6453,"mcpPosition":[1.07271,268.27,-7.89336],"pipPosition":[-9.40315,282.725,-46.0357],"stabilizedTipPosition":[-13.4855,286.211,-82.0169],"timeVisible":21.159,"tipPosition":[-14.2832,287.173,-81.8041],"tipVelocity":[-49.4383,52.8162,-2.16686],"tool":false,"touchDistance":-0.0341112,"touchZone":"touching","type":1,"width":18.9605},{"bases":[[[0.972538,0.227797,0.0477418],[-0.212648,0.786281,0.580124],[0.0946118,-0.574344,0.813128]],[[0.972577,0.227557,0.0480806],[-0.137383,0.728886,-0.670709],[-0.18767,0.645711,0.74016]],[[0.972577,0.227557,0.0480806],[0.145847,-0.435676,-0.888209],[-0.181171,0.870864,-0.456917]],[[0.972577,0.227557,0.0480806],[0.221704,-0.844585,-0.487363],[-0.0702949,0.484658,-0.871875]]],"btipPosition":[35.7087,212.981,-9.3411],"carpPosition":[26.9672,237.413,52.4422],"dipPosition":[34.4139,221.908,-25.4016],"direction":[0.181171,-0.870864,0.456917],"extended":false,"handId":465,"id":4652,"length":65.6822,"mcpPosition":[20.4968,276.692,-3.16691],"pipPosition":[29.3638,246.183,-38.1379],"stabilizedTipPosition":[40.3518,210.472,-12.9802],"timeVisible":21.159,"tipPosition":[35.5218,214.884,-13.7243],"tipVelocity":[-56.3481,40.0781,-10.2601],"tool":false,"touchDistance":0.333333,"touchZone":"none","type":2,"width":18.6218},{"bases":[[[0.989105,0.0808688,0.123011],[-0.139497,0.781837,0.607677],[-0.0470325,-0.618216,0.7846]],[[0.990222,0.11078,0.0847835],[-0.0246063,0.736937,-0.675513],[-0.137314,0.666822,0.732457]],[[0.990222,0.11078,0.0847835],[0.128941,-0.494862,-0.859352],[-0.053243,0.861881,-0.504307]],[[0.990222,0.11078,0.0847835],[0.136736,-0.891178,-0.432557],[0.0276385,0.43992,-0.897612]]],"btipPosition":[48.1989,218.593,2.75103],"carpPosition":[38.3576,241.298,52.8724],"dipPosition":[48.7051,226.65,-13.6885],"direction":[0.053243,-0.861881,0.504307],"extended":false,"handId":465,"id":4653,"length":63.1552,"mcpPosition":[41.2455,279.258,4.69642],"pipPosition":[47.2593,250.054,-27.3827],"stabilizedTipPosition":[53.1345,215.6,-1.36605],"timeVisible":21.159,"tipPosition":[48.389,220.049,-1.72914],"tipVelocity":[-54.4569,40.5773,-7.91303],"tool":false,"touchDistance":0.333333,"touchZone":"none","type":3,"width":17.7198},{"bases":[[[0.986375,-0.121528,0.110885],[0.0124396,0.727187,0.686326],[-0.164042,-0.675596,0.718791]],[[0.998503,-0.0455993,0.0302164],[0.0545767,0.793036,-0.606725],[0.00370354,0.607465,0.794338]],[[0.998503,-0.0455993,0.0302164],[0.00648125,-0.449871,-0.89307],[0.0543169,0.891929,-0.448902]],[[0.998503,-0.0455993,0.0302164],[-0.0253329,-0.87504,-0.483388],[0.0484827,0.481899,-0.874885]]],"btipPosition":[59.3179,230.824,6.34224],"carpPosition":[51.9828,238.722,51.3412],"dipPosition":[60.1371,238.967,-8.43994],"direction":[-0.0543169,-0.891929,0.448902],"extended":false,"handId":465,"id":4654,"length":49.5125,"mcpPosition":[61.3068,277.122,10.4857],"pipPosition":[61.1784,256.067,-17.0464],"stabilizedTipPosition":[64.3938,227.689,2.94256],"timeVisible":21.159,"tipPosition":[59.422,232.401,2.5023],"tipVelocity":[-48.9435,32.8081,-19.682],"tool":false,"touchDistance":0.333333,"touchZone":"none","type":4,"width":15.7401}],"r":[[0.939507,0.117687,0.321677],[-0.2541,0.869224,0.424127],[-0.229695,-0.480208,0.846546]],"s":1.04948,"t":[105.522,-4.28915,-106.867],"timestamp":93305649775},false],[3,{"currentFrameRate":54.9276,"devices":[],"gestures":[],"hands":[{"armBasis":[[0.919292,0.378642,-0.107391],[-0.350364,0.911608,0.214978],[0.179298,-0.160002,0.970696]],"armWidth":62.4607,"confidence":0.795295,"direction":[-0.119539,0.689591,-0.714265],"elbow":[86.1125,184.77,310.717],"grabStrength":0,"id":465,"palmNormal":[0.337108,-0.648492,-0.682508],"palmPosition":[26.7809,258.463,11.9524],"palmVelocity":[-45.2983,30.7547,-7.50826],"palmWidth":89.1918,"pinchStrength":0.499049,"r":[[0.940473,0.114986,0.319825],[-0.251474,0.86846,0.427244],[-0.228628,-0.482239,0.84568]],"s":1.04564,"sphereCenter":[22.3245,239.32,-30.5839],"sphereRadius":46.5385,"stabilizedPalmPosition":[31.7009,253.412,10.6985],"t":[104.703,-3.73699,-106.997],"timeVisible":21.1771,"type":"right","wrist":[38.6587,227.116,53.8083]}],"id":1674211,"interactionBox":{"center":[0,200,0],"size":[235.247,235.247,147.751]},"pointables":[{"bases":[[[0.0509325,0.844311,0.533427],[-0.855661,-0.238551,0.459279],[0.515024,-0.479825,0.710294]],[[-0.0536381,0.923531,0.379754],[-0.868585,-0.230768,0.438528],[0.492629,-0.306326,0.814543]],[[-0.0536381,0.923531,0.379754],[-0.980925,0.0224253,-0.193087],[-0.186838,-0.382867,0.904712]],[[-0.0536381,0.923531,0.379754],[-0.748167,0.214702,-0.627813],[-0.661338,-0.317794,0.67944]]],"btipPosition":[13.8439,244.005,-41.0317],"carpPosition":[16.5325,208.929,44.6489],"dipPosition":[-1.32796,236.714,-25.4447],"direction":[0.186838,0.382867,-0.904712],"extended":false,"handId":465,"id":4650,"length":51.0864,"mcpPosition":[16.5325,208.929,44.6489],"pipPosition":[-7.57241,223.918,4.79241],"stabilizedTipPosition":[10.4171,241.863,-37.6606],"timeVisible":21.1771,"tipPosition":[9.68379,242.14,-37.7025],"tipVelocity":[-9.51269,53.721,19.8522],"tool":false,"touchDistance":-0.133618,"touchZone":"touching","type":0,"width":19.8498},{"bases":[[[0.900518,0.433578,0.0328209],[-0.374118,0.73413,0.566647],[0.221591,-0.522555,0.823307]],[[0.87176,0.48682,-0.0551456],[-0.421362,0.802412,0.422599],[0.249979,-0.345168,0.904638]],[[0.87176,0.48682,-0.0551456],[-0.46621,0.858876,0.212084],[0.15061,-0.159177,0.975694]],[[0.87176,0.48682,-0.0551456],[-0.484893,0.873412,0.0450541],[0.0700981,-0.0125366,0.997461]]],"btipPosition":[-15.0497,287.342,-85.8293],"carpPosition":[16.2002,231.141,51.4635],"dipPosition":[-13.8757,287.133,-69.1239],"direction":[-0.15061,0.159177,-0.975694],"extended":true,"handId":465,"id":4651,"length":57.6453,"mcpPosition":[0.220072,268.825,-7.90975],"pipPosition":[-10.3074,283.361,-46.0071],"stabilizedTipPosition":[-14.4372,287.008,-81.995],"timeVisible":21.1771,"tipPosition":[-15.2323,287.867,-81.7634],"tipVelocity":[-51.0089,46.2376,-0.0333996],"tool":false,"touchDistance":-0.033411,"touchZone":"touching","type":1,"width":18.9605},{"bases":[[[0.972672,0.227446,0.0466672],[-0.211533,0.785212,0.581976],[0.0957246,-0.575944,0.811866]],[[0.972746,0.226997,0.0472994],[-0.13777,0.729893,-0.669534],[-0.186506,0.64477,0.741274]],[[0.972746,0.226997,0.0472994],[0.14574,-0.43989,-0.886147],[-0.180347,0.86889,-0.460983]],[[0.972746,0.226997,0.0472994],[0.221337,-0.84823,-0.481161],[-0.0691015,0.478516,-0.875355]]],"btipPosition":[34.7657,213.734,-9.24662],"carpPosition":[26.2003,237.844,52.3255],"dipPosition":[33.4928,222.549,-25.3712],"direction":[0.180347,-0.86889,0.460983],"extended":false,"handId":465,"id":4652,"length":65.6822,"mcpPosition":[19.6538,277.233,-3.19727],"pipPosition":[28.4658,246.769,-38.2208],"stabilizedTipPosition":[39.4751,211.261,-12.9765],"timeVisible":21.1771,"tipPosition":[34.5965,215.565,-13.6865],"tipVelocity":[-54.267,40.1865,-3.29261],"tool":false,"touchDistance":0.333333,"touchZone":"none","type":2,"width":18.6218},{"bases":[[[0.989317,0.080368,0.121626],[-0.13834,0.780695,0.609407],[-0.0459758,-0.619723,0.783473]],[[0.990382,0.11036,0.0834451],[-0.0257361,0.739537,-0.672623],[-0.135942,0.664007,0.735265]],[[0.990382,0.11036,0.0834451],[0.127552,-0.494631,-0.859692],[-0.0536015,0.862068,-0.503951]],[[0.990382,0.11036,0.0834451],[0.135721,-0.892085,-0.431003],[0.0268745,0.438183,-0.898484]]],"btipPosition":[47.3325,219.263,2.5766],"carpPosition":[37.5923,241.726,52.7455],"dipPosition":[47.8247,227.288,-13.8789],"direction":[0.0536015,-0.862068,0.503951],"extended":false,"handId":465,"id":4653,"length":63.1552,"mcpPosition":[40.4154,279.778,4.63866],"pipPosition":[46.3691,250.697,-27.5634],"stabilizedTipPosition":[52.325,216.384,-1.34358],"timeVisible":21.1771,"tipPosition":[47.5198,220.685,-1.8716],"tipVelocity":[-51.4785,38.7494,-8.84056],"tool":false,"touchDistance":0.333333,"touchZone":"none","type":3,"width":17.7198},{"bases":[[[0.986514,-0.122004,0.109112],[0.0137039,0.725853,0.687714],[-0.163103,-0.676944,0.717736]],[[0.998557,-0.0456568,0.0282908],[0.0534672,0.794792,-0.604522],[0.00511522,0.605162,0.796086]],[[0.998557,-0.0456568,0.0282908],[0.0047843,-0.449018,-0.89351],[0.0534978,0.892355,-0.448152]],[[0.998557,-0.0456568,0.0282908],[-0.0263266,-0.875154,-0.483128],[0.0468169,0.481686,-0.875093]]],"btipPosition":[58.4911,231.403,6.1776],"carpPosition":[51.2145,239.149,51.188],"dipPosition":[59.2821,239.542,-8.60809],"direction":[-0.0534978,-0.892355,0.448152],"extended":false,"handId":465,"id":4654,"length":49.5125,"mcpPosition":[60.4851,277.626,10.3925],"pipPosition":[60.3078,256.65,-17.2002],"stabilizedTipPosition":[63.7638,228.304,2.92432],"timeVisible":21.1771,"tipPosition":[58.5863,232.968,2.34779],"tipVelocity":[-47.624,32.4373,-14.6901],"tool":false,"touchDistance":0.333333,"touchZone":"none","type":4,"width":15.7401}],"r":[[0.940473,0.114986,0.319825],[-0.251474,0.86846,0.427244],[-0.228628,-0.482239,0.84568]],"s":1.04564,"t":[104.703,-3.73699,-106.997],"timestamp":93305667825},false],[4,{"currentFrameRate":54.9672,"devices":[],"gestures":[],"hands":[{"armBasis":[[0.918471,0.380151,-0.10907],[-0.352112,0.911597,0.212151],[0.180078,-0.15645,0.971131]],"armWidth":62.4607,"confidence":0.811133,"direction":[-0.122455,0.690709,-0.712689],"elbow":[85.7221,186.187,310.63],"grabStrength":0,"id":465,"palmNormal":[0.337834,-0.646201,-0.684318],"palmPosition":[26.0377,258.993,11.8314],"palmVelocity":[-43.3347,30.0837,-7.12317],"palmWidth":89.1918,"pinchStrength":0.506613,"r":[[0.941273,0.113206,0.318103],[-0.249709,0.867531,0.430157],[-0.227268,-0.484328,0.844852]],"s":1.04198,"sphereCenter":[21.4076,239.879,-30.7329],"sphereRadius":46.549,"stabilizedPalmPosition":[31.0196,254.083,10.8348],"t":[103.922,-3.19603,-107.123],"timeVisible":21.1952,"type":"right","wrist":[38.062,227.594,53.6062]}],"id":1674212,"interactionBox":{"center":[0,200,0],"size":[235.247,235.247,147.751]},"pointables":[{"bases":[[[0.0494563,0.843366,0.53506],[-0.854332,-0.24178,0.460064],[0.517369,-0.479872,0.708557]],[[-0.0523025,0.920705,0.386739],[-0.867032,-0.234021,0.439874],[0.495499,-0.312309,0.810521]],[[-0.0523025,0.920705,0.386739],[-0.980467,0.0261835,-0.194933],[-0.189602,-0.38938,0.901351]],[[-0.0523025,0.920705,0.386739],[-0.734001,0.227148,-0.640035],[-0.677131,-0.317343,0.663918]]],"btipPosition":[13.5968,244.941,-40.5726],"carpPosition":[15.9712,209.366,44.4428],"dipPosition":[-1.9373,237.661,-25.3416],"direction":[0.189602,0.38938,-0.901351],"extended":false,"handId":465,"id":4650,"length":51.0864,"mcpPosition":[15.9712,209.366,44.4428],"pipPosition":[-8.27413,224.647,4.78312],"stabilizedTipPosition":[10.178,242.716,-37.3012],"timeVisible":21.1952,"tipPosition":[9.28088,242.966,-37.4609],"tipVelocity":[-13.684,52.9031,20.3466],"tool":false,"touchDistance":-0.127331,"touchZone":"touching","type":0,"width":19.8498},{"bases":[[[0.899397,0.435933,0.032363],[-0.375247,0.731974,0.568687],[0.22422,-0.523619,0.821917]],[[0.870413,0.489204,-0.0553289],[-0.422885,0.800458,0.424776],[0.252091,-0.346333,0.903606]],[[0.870413,0.489204,-0.0553289],[-0.468229,0.857298,0.214016],[0.152131,-0.160375,0.975262]],[[0.870413,0.489204,-0.0553289],[-0.487162,0.872062,0.0467096],[0.0711007,-0.0137025,0.997375]]],"btipPosition":[-15.992,287.938,-85.8347],"carpPosition":[15.5894,231.562,51.3029],"dipPosition":[-14.8012,287.708,-69.1307],"direction":[-0.152131,0.160375,-0.975262],"extended":true,"handId":465,"id":4651,"length":57.6453,"mcpPosition":[-0.580422,269.323,-7.97023],"pipPosition":[-11.1968,283.909,-46.0241],"stabilizedTipPosition":[-15.3753,287.65,-81.9933],"timeVisible":21.1952,"tipPosition":[-16.1697,288.449,-81.7705],"tipVelocity":[-51.4666,39.8209,-0.166975],"tool":false,"touchDistance":-0.0335057,"touchZone":"touching","type":1,"width":18.9605},{"bases":[[[0.972125,0.229968,0.0456849],[-0.212777,0.783462,0.583878],[0.0984812,-0.577323,0.810555]],[[0.972239,0.229296,0.0466282],[-0.14018,0.73033,-0.668556],[-0.187351,0.64346,0.742198]],[[0.972239,0.229296,0.0466282],[0.147389,-0.445353,-0.883141],[-0.181735,0.865497,-0.466785]],[[0.972239,0.229296,0.0466282],[0.223699,-0.852396,-0.47263],[-0.0686266,0.46994,-0.880027]]],"btipPosition":[34.0195,214.59,-9.11484],"carpPosition":[25.5726,238.291,52.1636],"dipPosition":[32.7553,223.246,-25.3255],"direction":[0.181735,-0.865497,0.466785],"extended":false,"handId":465,"id":4652,"length":65.6822,"mcpPosition":[18.8376,277.774,-3.26957],"pipPosition":[27.6895,247.372,-38.3368],"stabilizedTipPosition":[38.5857,212.085,-12.9559],"timeVisible":21.1952,"tipPosition":[33.8682,216.328,-13.6344],"tipVelocity":[-48.0732,42.649,1.21565],"tool":false,"touchDistance":0.333333,"touchZone":"none","type":2,"width":18.6218},{"bases":[[[0.989277,0.0827847,0.120321],[-0.139532,0.779087,0.611191],[-0.0431431,-0.621426,0.782284]],[[0.990205,0.112844,0.0822165],[-0.0287676,0.741132,-0.670743],[-0.136622,0.661808,0.737119]],[[0.990205,0.112844,0.0822165],[0.127659,-0.493306,-0.860437],[-0.0565369,0.862506,-0.50288]],[[0.990205,0.112844,0.0822165],[0.137433,-0.891563,-0.431542],[0.0246045,0.438614,-0.898339]]],"btipPosition":[46.6721,219.92,2.36569],"carpPosition":[36.9548,242.203,52.5745],"dipPosition":[47.1227,227.954,-14.0872],"direction":[0.0565369,-0.862506,0.50288],"extended":false,"handId":465,"id":4653,"length":63.1552,"mcpPosition":[39.6039,280.359,4.5407],"pipPosition":[45.5875,251.374,-27.7426],"stabilizedTipPosition":[51.5319,217.153,-1.35428],"timeVisible":21.1952,"tipPosition":[46.8504,221.342,-2.06708],"tipVelocity":[-44.6539,37.6928,-10.1736],"tool":false,"touchDistance":0.333333,"touchZone":"none","type":3,"width":17.7198},{"bases":[[[0.987,-0.119568,0.107401],[0.012776,0.724496,0.689161],[-0.160214,-0.678829,0.716605]],[[0.998744,-0.0426442,0.0263154],[0.0498918,0.797269,-0.601559],[0.00467255,0.602116,0.798395]],[[0.998744,-0.0426442,0.0263154],[0.00443808,-0.447811,-0.894117],[0.0499132,0.893111,-0.447059]],[[0.998744,-0.0426442,0.0263154],[-0.0246606,-0.875435,-0.482707],[0.0436221,0.481452,-0.875386]]],"btipPosition":[57.832,232.122,5.9495],"carpPosition":[50.5815,239.665,50.9916],"dipPosition":[58.569,240.257,-8.84116],"direction":[-0.0499132,-0.893111,0.447059],"extended":false,"handId":465,"id":4654,"length":49.5125,"mcpPosition":[59.6879,278.249,10.2604],"pipPosition":[59.5259,257.38,-17.4123],"stabilizedTipPosition":[63.114,228.946,2.88185],"timeVisible":21.1952,"tipPosition":[57.9116,233.668,2.14018],"tipVelocity":[-42.6725,35.9087,-13.7438],"tool":false,"touchDistance":0.333333,"touchZone":"none","type":4,"width":15.7401}],"r":[[0.941273,0.113206,0.318103],[-0.249709,0.867531,0.430157],[-0.227268,-0.484328,0.844852]],"s":1.04198,"t":[103.922,-3.19603,-107.123],"timestamp":93305685880},false],[5,{"currentFrameRate":54.9842,"devices":[],"gestures":[],"hands":[{"armBasis":[[0.918564,0.379339,-0.111093],[-0.351072,0.912108,0.211679],[0.181627,-0.15544,0.971005]],"armWidth":62.4607,"confidence":0.815978,"direction":[-0.123305,0.691335,-0.711935],"elbow":[85.4316,186.732,310.384],"grabStrength":0,"id":465,"palmNormal":[0.33625,-0.645866,-0.685415],"palmPosition":[25.2821,259.31,11.6651],"palmVelocity":[-42.5488,24.0806,-8.10098],"palmWidth":89.1918,"pinchStrength":0.509852,"r":[[0.942034,0.111625,0.316405],[-0.248039,0.866743,0.432706],[-0.225941,-0.486104,0.844188]],"s":1.03891,"sphereCenter":[20.4445,240.172,-30.9302],"sphereRadius":46.5819,"stabilizedPalmPosition":[30.3307,254.711,10.9345],"t":[103.154,-2.76714,-107.269],"timeVisible":21.2133,"type":"right","wrist":[37.3615,227.871,53.3942]}],"id":1674213,"interactionBox":{"center":[0,200,0],"size":[235.247,235.247,147.751]},"pointables":[{"bases":[[[0.0508931,0.84292,0.535627],[-0.853663,-0.241638,0.461379],[0.518334,-0.480726,0.707271]],[[-0.0477056,0.918414,0.392734],[-0.865295,-0.234415,0.443074],[0.498988,-0.318694,0.805881]],[[-0.0477056,0.918414,0.392734],[-0.980582,0.0318149,-0.193511],[-0.190218,-0.39434,0.899062]],[[-0.0477056,0.918414,0.392734],[-0.724331,0.238931,-0.646728],[-0.6878,-0.315322,0.653837]]],"btipPosition":[12.9641,245.67,-40.2251],"carpPosition":[15.2438,209.663,44.2555],"dipPosition":[-2.81476,238.437,-25.2254],"direction":[0.190218,0.39434,-0.899062],"extended":false,"handId":465,"id":4650,"length":51.0864,"mcpPosition":[15.2438,209.663,44.2555],"pipPosition":[-9.17218,225.257,4.82285],"stabilizedTipPosition":[9.69612,243.454,-37.0005],"timeVisible":21.2133,"tipPosition":[8.61975,243.603,-37.2714],"tipVelocity":[-25.2657,47.1455,18.3889],"tool":false,"touchDistance":-0.122426,"touchZone":"touching","type":0,"width":19.8498},{"bases":[[[0.899708,0.435381,0.0311179],[-0.373815,0.73175,0.569916],[0.22536,-0.52439,0.821114]],[[0.870658,0.488652,-0.0563342],[-0.421634,0.800379,0.426166],[0.253336,-0.347293,0.902889]],[[0.870658,0.488652,-0.0563342],[-0.467363,0.857516,0.215031],[0.153383,-0.16089,0.974981]],[[0.870658,0.488652,-0.0563342],[-0.486547,0.872369,0.04737],[0.0722917,-0.0138338,0.997288]]],"btipPosition":[-16.8784,288.34,-85.9078],"carpPosition":[14.8871,231.854,51.1335],"dipPosition":[-15.6677,288.109,-69.2053],"direction":[-0.153383,0.16089,-0.974981],"extended":true,"handId":465,"id":4651,"length":57.6453,"mcpPosition":[-1.36483,269.671,-8.08164],"pipPosition":[-12.0336,284.297,-46.1053],"stabilizedTipPosition":[-16.2592,288.11,-82.0459],"timeVisible":21.2133,"tipPosition":[-17.0492,288.843,-81.8464],"tipVelocity":[-50.124,31.4221,-2.01627],"tool":false,"touchDistance":-0.0347296,"touchZone":"touching","type":1,"width":18.9605},{"bases":[[[0.972339,0.229364,0.0441516],[-0.211289,0.783131,0.584861],[0.0995694,-0.578012,0.809931]],[[0.972476,0.22856,0.0452782],[-0.140777,0.731205,-0.667474],[-0.185665,0.642728,0.743255]],[[0.972476,0.22856,0.0452782],[0.146058,-0.446575,-0.882744],[-0.181539,0.865061,-0.467667]],[[0.972476,0.22856,0.0452782],[0.222572,-0.853749,-0.470717],[-0.0689306,0.467839,-0.881122]]],"btipPosition":[33.1687,215.008,-9.25907],"carpPosition":[24.8759,238.577,51.9819],"dipPosition":[31.899,223.626,-25.4899],"direction":[0.181539,-0.865061,0.467667],"extended":false,"handId":465,"id":4652,"length":65.6822,"mcpPosition":[18.0664,278.106,-3.40862],"pipPosition":[26.8387,247.739,-38.5258],"stabilizedTipPosition":[37.6906,212.854,-12.9616],"timeVisible":21.2133,"tipPosition":[33.0181,216.722,-13.7677],"tipVelocity":[-47.5624,33.0914,-3.27337],"tool":false,"touchDistance":0.333333,"touchZone":"none","type":2,"width":18.6218},{"bases":[[[0.989536,0.0821119,0.118643],[-0.137998,0.778692,0.612041],[-0.0421302,-0.622009,0.781875]],[[0.990415,0.112195,0.0805666],[-0.0295502,0.74189,-0.669871],[-0.134928,0.661069,0.738094]],[[0.990415,0.112195,0.0805666],[0.125891,-0.493226,-0.860743],[-0.0568334,0.862636,-0.502623]],[[0.990415,0.112195,0.0805666],[0.136122,-0.8918,-0.431467],[0.0234409,0.438298,-0.898524]]],"btipPosition":[45.8713,220.27,2.1458],"carpPosition":[36.261,242.481,52.3758],"dipPosition":[46.3006,228.297,-14.3104],"direction":[0.0568334,-0.862636,0.502623],"extended":false,"handId":465,"id":4653,"length":63.1552,"mcpPosition":[38.8479,280.674,4.36708],"pipPosition":[44.7573,251.721,-27.9589],"stabilizedTipPosition":[50.7512,217.85,-1.39427],"timeVisible":21.2133,"tipPosition":[46.0432,221.689,-2.27497],"tipVelocity":[-44.5554,28.881,-11.1254],"tool":false,"touchDistance":0.333333,"touchZone":"none","type":3,"width":17.7198},{"bases":[[[0.987117,-0.12023,0.10557],[0.0144145,0.723952,0.6897],[-0.15935,-0.679293,0.716358]],[[0.99878,-0.0430038,0.0242653],[0.0489569,0.79845,-0.600067],[0.00643053,0.600523,0.799582]],[[0.99878,-0.0430038,0.0242653],[0.00242867,-0.448045,-0.894008],[0.0493177,0.892976,-0.447394]],[[0.99878,-0.0430038,0.0242653],[-0.0260374,-0.876237,-0.481177],[0.0419546,0.479958,-0.876288]]],"btipPosition":[57.0634,232.503,5.71936],"carpPosition":[49.8834,239.937,50.767],"dipPosition":[57.7723,240.613,-9.08652],"direction":[-0.0493177,-0.892976,0.447394],"extended":false,"handId":465,"id":4654,"length":49.5125,"mcpPosition":[58.9407,278.547,10.0497],"pipPosition":[58.7178,257.733,-17.6641],"stabilizedTipPosition":[62.4483,229.559,2.81764],"timeVisible":21.2133,"tipPosition":[57.1346,234.029,1.91898],"tipVelocity":[-42.7101,28.6753,-13.3364],"tool":false,"touchDistance":0.333333,"touchZone":"none","type":4,"width":15.7401}],"r":[[0.942034,0.111625,0.316405],[-0.248039,0.866743,0.432706],[-0.225941,-0.486104,0.844188]],"s":1.03891,"t":[103.154,-2.76714,-107.269],"timestamp":93305704008},false],[6,{"currentFrameRate":55.02,"devices":[],"gestures":[],"hands":[{"armBasis":[[0.91692,0.38239,-0.114176],[-0.353909,0.911368,0.210135],[0.18441,-0.152269,0.970983]],"armWidth":62.4607,"confidence":0.761989,"direction":[-0.125973,0.693469,-0.709388],"elbow":[85.5339,187.946,310.106],"grabStrength":0,"id":465,"palmNormal":[0.338365,-0.642168,-0.687844],"palmPosition":[24.524,259.793,11.5101],"palmVelocity":[-42.2865,25.3447,-8.33029],"palmWidth":89.1918,"pinchStrength":0.510707,"r":[[0.942576,0.110808,0.315074],[-0.247295,0.865614,0.435382],[-0.224489,-0.488297,0.843309]],"s":1.0364,"sphereCenter":[19.6345,240.737,-31.1838],"sphereRadius":46.6192,"stabilizedPalmPosition":[29.6443,255.312,11.0026],"t":[102.39,-2.31133,-107.419],"timeVisible":21.2313,"type":"right","wrist":[36.7273,228.246,53.1216]}],"id":1674214,"interactionBox":{"center":[0,200,0],"size":[235.247,235.247,147.751]},"pointables":[{"bases":[[[0.0480295,0.841147,0.53867],[-0.852665,-0.246361,0.460726],[0.520245,-0.481434,0.705384]],[[-0.0471674,0.914541,0.401735],[-0.86251,-0.240149,0.445426],[0.503836,-0.325491,0.800128]],[[-0.0471674,0.914541,0.401735],[-0.980948,0.033469,-0.191364],[-0.188456,-0.403107,0.895538]],[[-0.0471674,0.914541,0.401735],[-0.717051,0.248998,-0.651028],[-0.695423,-0.318772,0.644028]]],"btipPosition":[12.2713,246.704,-39.9335],"carpPosition":[14.6723,209.992,43.9228],"dipPosition":[-3.68239,239.391,-25.1588],"direction":[0.188456,0.403107,-0.895538],"extended":false,"handId":465,"id":4650,"length":51.0864,"mcpPosition":[14.6723,209.992,43.9228],"pipPosition":[-9.98092,225.919,4.77165],"stabilizedTipPosition":[9.08891,244.324,-36.7423],"timeVisible":21.2313,"tipPosition":[7.97908,244.518,-37.1252],"tipVelocity":[-32.5484,51.4778,15.9669],"tool":false,"touchDistance":-0.118429,"touchZone":"touching","type":0,"width":19.8498},{"bases":[[[0.898155,0.438479,0.0324593],[-0.376269,0.728336,0.572668],[0.227461,-0.526558,0.819145]],[[0.868972,0.491841,-0.0545828],[-0.424378,0.797393,0.429031],[0.254539,-0.349652,0.901639]],[[0.868972,0.491841,-0.0545828],[-0.470423,0.855252,0.217361],[0.153589,-0.163204,0.974564]],[[0.868972,0.491841,-0.0545828],[-0.489639,0.870538,0.0491724],[0.0717014,-0.0160036,0.997298]]],"btipPosition":[-17.7245,288.99,-85.9555],"carpPosition":[14.2383,232.157,50.8814],"dipPosition":[-16.5237,288.722,-69.2529],"direction":[-0.153589,0.163204,-0.974564],"extended":true,"handId":465,"id":4651,"length":57.6453,"mcpPosition":[-2.16527,270.13,-8.19177],"pipPosition":[-12.8848,284.855,-46.1628],"stabilizedTipPosition":[-17.0982,288.687,-82.0939],"timeVisible":21.2313,"tipPosition":[-17.9002,289.476,-81.895],"tipVelocity":[-48.6406,33.3676,-2.31458],"tool":false,"touchDistance":-0.0355252,"touchZone":"touching","type":1,"width":18.9605},{"bases":[[[0.971525,0.232677,0.0447257],[-0.213924,0.780243,0.587756],[0.10186,-0.580588,0.807801]],[[0.971676,0.231811,0.0459299],[-0.143708,0.733914,-0.663866],[-0.1876,0.638462,0.74644]],[[0.971676,0.231811,0.0459299],[0.147568,-0.443388,-0.884099],[-0.184579,0.865835,-0.465037]],[[0.971676,0.231811,0.0459299],[0.225612,-0.852133,-0.472196],[-0.0703219,0.469184,-0.880296]]],"btipPosition":[32.5411,215.675,-9.58273],"carpPosition":[24.2031,238.912,51.7515],"dipPosition":[31.2457,224.317,-25.7983],"direction":[0.184579,-0.865835,0.465037],"extended":false,"handId":465,"id":4652,"length":65.6822,"mcpPosition":[17.237,278.618,-3.49331],"pipPosition":[26.1007,248.452,-38.761],"stabilizedTipPosition":[36.8609,213.586,-13.015],"timeVisible":21.2313,"tipPosition":[32.3872,217.381,-14.054],"tipVelocity":[-41.6448,35.0636,-10.1393],"tool":false,"touchDistance":0.333333,"touchZone":"none","type":2,"width":18.6218},{"bases":[[[0.989269,0.0852177,0.118677],[-0.14061,0.775968,0.614901],[-0.0396892,-0.62499,0.779623]],[[0.99003,0.115424,0.0807323],[-0.0325399,0.745068,-0.666194],[-0.137046,0.656925,0.741396]],[[0.99003,0.115424,0.0807323],[0.127735,-0.494141,-0.859947],[-0.0593656,0.861686,-0.503958]],[[0.99003,0.115424,0.0807323],[0.138992,-0.893478,-0.427058],[0.0228396,0.434022,-0.900613]]],"btipPosition":[45.2073,221.113,1.99475],"carpPosition":[35.5744,242.856,52.1566],"dipPosition":[45.6256,229.062,-14.4997],"direction":[0.0593656,-0.861686,0.503958],"extended":false,"handId":465,"id":4653,"length":63.1552,"mcpPosition":[38.0114,281.231,4.28613],"pipPosition":[44.0135,252.46,-28.1845],"stabilizedTipPosition":[49.9996,218.552,-1.4501],"timeVisible":21.2313,"tipPosition":[45.3867,222.467,-2.44456],"tipVelocity":[-40.9329,36.8682,-10.0478],"tool":false,"touchDistance":0.333333,"touchZone":"none","type":3,"width":17.7198},{"bases":[[[0.98757,-0.117082,0.104871],[0.0120192,0.721491,0.69232],[-0.156722,-0.682454,0.713929]],[[0.998944,-0.0393746,0.0236912],[0.0457319,0.801376,-0.59641],[0.00449782,0.596863,0.80233]],[[0.998944,-0.0393746,0.0236912],[0.00368797,-0.4452,-0.895423],[0.0458043,0.894565,-0.444585]],[[0.998944,-0.0393746,0.0236912],[-0.0230429,-0.87527,-0.483085],[0.0397575,0.482029,-0.875253]]],"btipPosition":[56.4074,233.173,5.4587],"carpPosition":[49.2053,240.366,50.5349],"dipPosition":[57.0792,241.318,-9.32971],"direction":[-0.0458043,-0.894565,0.444585],"extended":false,"handId":465,"id":4654,"length":49.5125,"mcpPosition":[58.1132,279.156,9.95569],"pipPosition":[57.9573,258.469,-17.8534],"stabilizedTipPosition":[61.7913,230.171,2.73278],"timeVisible":21.2313,"tipPosition":[56.4712,234.701,1.67485],"tipVelocity":[-39.9119,32.8967,-13.7548],"tool":false,"touchDistance":0.333333,"touchZone":"none","type":4,"width":15.7401}],"r":[[0.942576,0.110808,0.315074],[-0.247295,0.865614,0.435382],[-0.224489