{"sensorType":"Leap","data":[[0,{"currentFrameRate":55.0688,"devices":[],"gestures":[],"hands":[{"armBasis":[[0.965102,0.249496,-0.0795554],[-0.227255,0.948895,0.218982],[0.130125,-0.193261,0.97248]],"armWidth":62.4607,"confidence":0.627143,"direction":[-0.0499421,0.742198,-0.668318],"elbow":[81.7657,156.137,305.175],"grabStrength":0,"id":465,"palmNormal":[0.241834,-0.640254,-0.729103],"palmPosition":[38.4662,242.382,8.22892],"palmVelocity":[-20.3752,12.9439,13.7766],"palmWidth":89.1918,"pinchStrength":0.343762,"r":[[0.950425,-0.0263552,0.309836],[-0.138951,0.855393,0.498994],[-0.278182,-0.517308,0.809325]],"s":1.07122,"sphereCenter":[25.447,226.102,-35.8887],"sphereRadius":47.9344,"stabilizedPalmPosition":[39.9506,241.416,6.9987],"t":[115.93,-19.4966,-111.089],"timeVisible":6.4718,"type":"right","wrist":[47.3264,207.287,47.7945]}],"id":1673218,"interactionBox":{"center":[0,200,0],"size":[235.247,235.247,147.751]},"pointables":[{"bases":[[[0.163887,0.797176,0.581078],[-0.868532,-0.162701,0.468168],[0.467754,-0.581411,0.665708]],[[0.064147,0.89974,0.431687],[-0.855215,-0.173366,0.488418],[0.514289,-0.400515,0.75835]],[[0.064147,0.89974,0.431687],[-0.982725,0.132203,-0.129514],[-0.173599,-0.415921,0.892677]],[[0.064147,0.89974,0.431687],[-0.95667,0.178558,-0.23],[-0.284022,-0.398228,0.872208]]],"btipPosition":[10.1278,235.119,-48.7557],"carpPosition":[22.9748,192.485,38.1954],"dipPosition":[3.61209,225.983,-28.7463],"direction":[0.173599,0.415921,-0.892677],"extended":false,"handId":465,"id":4650,"length":51.0864,"mcpPosition":[22.9748,192.485,38.1954],"pipPosition":[-2.18989,212.083,1.08853],"stabilizedTipPosition":[8.89689,232.994,-44.1946],"timeVisible":6.4718,"tipPosition":[9.55718,232.978,-44.0707],"tipVelocity":[-41.2241,4.19776,9.94231],"tool":false,"touchDistance":-0.017627,"touchZone":"touching","type":0,"width":19.8498},{"bases":[[[0.946889,0.31984,0.0332074],[-0.270597,0.736773,0.619631],[0.173717,-0.595708,0.78419]],[[0.901298,0.420062,-0.105872],[-0.321403,0.812283,0.48672],[0.29045,-0.404653,0.867119]],[[0.901298,0.420062,-0.105872],[-0.373969,0.877828,0.299274],[0.21865,-0.230142,0.948276]],[[0.901298,0.420062,-0.105872],[-0.403428,0.902941,0.148131],[0.15782,-0.0907989,0.983284]]],"btipPosition":[-7.10624,281.082,-85.6785],"carpPosition":[25.4769,214.107,46.3263],"dipPosition":[-4.46308,279.561,-69.2105],"direction":[-0.21865,0.230142,-0.948276],"extended":true,"handId":465,"id":4651,"length":57.6453,"mcpPosition":[12.9492,257.067,-10.2261],"pipPosition":[0.717342,274.108,-46.7433],"stabilizedTipPosition":[-5.98121,280.484,-82.2184],"timeVisible":6.4718,"tipPosition":[-5.93839,280.341,-82.1275],"tipVelocity":[-27.3771,13.6016,17.8611],"tool":false,"touchDistance":-0.0280193,"touchZone":"touching","type":1,"width":18.9605},{"bases":[[[0.993817,0.106098,0.0327271],[-0.102739,0.766981,0.633391],[0.0421003,-0.632837,0.773139]],[[0.993627,0.10882,0.0293994],[-0.071823,0.812212,-0.578924],[-0.0868773,0.573123,0.814851]],[[0.993627,0.10882,0.0293994],[0.0646883,-0.336891,-0.939319],[-0.0923126,0.935234,-0.341784]],[[0.993627,0.10882,0.0293994],[0.105521,-0.806233,-0.582111],[-0.0396428,0.581503,-0.812578]]],"btipPosition":[40.7599,198.919,-19.5752],"carpPosition":[36.231,219.5,47.3039],"dipPosition":[40.0297,209.631,-34.5433],"direction":[0.0923126,-0.935234,0.341784],"extended":false,"handId":465,"id":4652,"length":65.6822,"mcpPosition":[33.3518,262.779,-5.57041],"pipPosition":[37.4565,235.7,-44.0704],"stabilizedTipPosition":[44.3187,198.559,-26.2143],"timeVisible":6.4718,"tipPosition":[40.6017,201.469,-23.1943],"tipVelocity":[-24.0703,13.7098,15.1665],"tool":false,"touchDistance":0.333333,"touchZone":"none","type":2,"width":18.6218},{"bases":[[[0.994079,-0.0463081,0.0983028],[-0.0300786,0.752037,0.658434],[-0.104418,-0.657492,0.746191]],[[0.996414,-0.0295618,0.0792825],[0.0716957,0.792581,-0.605537],[-0.044937,0.60905,0.791858]],[[0.996414,-0.0295618,0.0792825],[0.0619049,-0.384076,-0.921224],[0.0576836,0.922828,-0.380869]],[[0.996414,-0.0295618,0.0792825],[0.0201795,-0.826927,-0.561948],[0.082173,0.561532,-0.823365]]],"btipPosition":[53.3238,200.311,-7.44292],"carpPosition":[48.0156,221.957,47.6334],"dipPosition":[54.8288,210.595,-22.5226],"direction":[-0.0576836,-0.922828,0.380869],"extended":false,"handId":465,"id":4653,"length":63.1552,"mcpPosition":[54.427,262.328,1.81573],"pipPosition":[56.3951,235.654,-32.8649],"stabilizedTipPosition":[56.808,200.108,-13.3967],"timeVisible":6.4718,"tipPosition":[53.562,202.612,-10.5871],"tipVelocity":[-22.1622,14.7744,16.1333],"tool":false,"touchDistance":0.333333,"touchZone":"none","type":3,"width":17.7198},{"bases":[[[0.966525,-0.245712,0.0738528],[0.115797,0.674617,0.729029],[-0.228953,-0.696073,0.680487]],[[0.985715,-0.16842,-0.000718316],[0.141745,0.83188,-0.536548],[0.0909631,0.528782,0.843869]],[[0.985715,-0.16842,-0.000718316],[-0.0552692,-0.31944,-0.945993],[0.159095,0.93252,-0.324185]],[[0.985715,-0.16842,-0.000718316],[-0.134212,-0.782912,-0.607483],[0.10175,0.598901,-0.794332]]],"btipPosition":[66.2812,211.11,-2.74814],"carpPosition":[61.1899,217.871,45.5426],"dipPosition":[68.0004,221.229,-16.1693],"direction":[-0.159095,-0.932519,0.324185],"extended":false,"handId":465,"id":4654,"length":49.5125,"mcpPosition":[74.2034,257.435,6.86417],"pipPosition":[71.0506,239.107,-22.3847],"stabilizedTipPosition":[69.6963,210.977,-8.15479],"timeVisible":6.4718,"tipPosition":[66.5766,213.437,-5.6004],"tipVelocity":[-21.5665,13.1902,11.1871],"tool":false,"touchDistance":0.333333,"touchZone":"none","type":4,"width":15.7401}],"r":[[0.950425,-0.0263552,0.309836],[-0.138951,0.855393,0.498994],[-0.278182,-0.517308,0.809325]],"s":1.07122,"t":[115.93,-19.4966,-111.089],"timestamp":93290962525},false],[1,{"currentFrameRate":55.1581,"devices":[],"gestures":[],"hands":[{"armBasis":[[0.965099,0.249472,-0.0796719],[-0.227162,0.948837,0.219332],[0.130313,-0.193579,0.972392]],"armWidth":62.4607,"confidence":0.642904,"direction":[-0.0509203,0.741972,-0.668495],"elbow":[81.5068,156.304,305.25],"grabStrength":0,"id":465,"palmNormal":[0.240999,-0.640453,-0.729205],"palmPosition":[38.101,242.619,8.32689],"palmVelocity":[-20.4301,13.0922,9.88245],"palmWidth":89.1918,"pinchStrength":0.34227,"r":[[0.951085,-0.027181,0.30773],[-0.137438,0.854886,0.500281],[-0.276672,-0.518104,0.809334]],"s":1.07221,"sphereCenter":[25.0416,226.337,-35.7619],"sphereRadius":47.9294,"stabilizedPalmPosition":[39.499,241.709,7.32296],"t":[115.567,-19.2631,-110.921],"timeVisible":6.48962,"type":"right","wrist":[47.0177,207.537,47.8925]}],"id":1673219,"interactionBox":{"center":[0,200,0],"size":[235.247,235.247,147.751]},"pointables":[{"bases":[[[0.164506,0.797391,0.580607],[-0.867903,-0.162687,0.469337],[0.468703,-0.58112,0.665295]],[[0.0635975,0.900678,0.429808],[-0.853945,-0.173768,0.490493],[0.516463,-0.398226,0.758078]],[[0.0635975,0.900678,0.429808],[-0.983027,0.130801,-0.128643],[-0.172085,-0.414331,0.893709]],[[0.0635975,0.900678,0.429808],[-0.958995,0.174348,-0.223452],[-0.276194,-0.397973,0.874834]]],"btipPosition":[9.47269,235.192,-48.703],"carpPosition":[22.6562,192.729,38.3295],"dipPosition":[3.1365,226.062,-28.6334],"direction":[0.172085,0.414331,-0.893709],"extended":false,"handId":465,"id":4650,"length":51.0864,"mcpPosition":[22.6562,192.729,38.3295],"pipPosition":[-2.61488,212.214,1.23595],"stabilizedTipPosition":[8.26422,233.064,-44.1174],"timeVisible":6.48962,"tipPosition":[8.9425,233.104,-43.9829],"tipVelocity":[-38.0365,4.17441,7.0221],"tool":false,"touchDistance":-0.016518,"touchZone":"touching","type":0,"width":19.8498},{"bases":[[[0.94688,0.320002,0.0318856],[-0.269919,0.736931,0.619739],[0.17482,-0.595425,0.78416]],[[0.901102,0.42016,-0.10715],[-0.320881,0.812361,0.486934],[0.291635,-0.404395,0.866841]],[[0.901102,0.42016,-0.10715],[-0.374003,0.878167,0.298234],[0.219402,-0.228665,0.948459]],[[0.901102,0.42016,-0.10715],[-0.403744,0.90314,0.146045],[0.158134,-0.0883405,0.983458]]],"btipPosition":[-7.57042,281.221,-85.5481],"carpPosition":[25.1652,214.354,46.4502],"dipPosition":[-4.922,279.741,-69.0772],"direction":[-0.219402,0.228665,-0.948459],"extended":true,"handId":465,"id":4651,"length":57.6453,"mcpPosition":[12.5579,257.293,-10.1],"pipPosition":[0.276226,274.324,-46.6056],"stabilizedTipPosition":[-6.45636,280.676,-81.9961],"timeVisible":6.48962,"tipPosition":[-6.42996,280.523,-81.9836],"tipVelocity":[-26.7201,11.1269,12.9203],"tool":false,"touchDistance":-0.0258342,"touchZone":"touching","type":1,"width":18.9605},{"bases":[[[0.993841,0.106267,0.0314147],[-0.102048,0.767171,0.633273],[0.0431958,-0.632579,0.773291]],[[0.993653,0.108901,0.0281936],[-0.0725529,0.811949,-0.579201],[-0.0859674,0.57348,0.814697]],[[0.993653,0.108901,0.0281936],[0.0637168,-0.338308,-0.938876],[-0.0927065,0.934713,-0.343099]],[[0.993653,0.108901,0.0281936],[0.10496,-0.807368,-0.580637],[-0.0404694,0.579911,-0.813674]]],"btipPosition":[40.357,199.177,-19.4131],"carpPosition":[35.9197,219.748,47.4122],"dipPosition":[39.6115,209.86,-34.4014],"direction":[0.0927065,-0.934713,0.343099],"extended":false,"handId":465,"id":4652,"length":65.6822,"mcpPosition":[32.9656,263.01,-5.47249],"pipPosition":[37.0274,235.914,-43.9651],"stabilizedTipPosition":[43.9493,198.833,-25.9146],"timeVisible":6.48962,"tipPosition":[40.1977,201.708,-23.0503],"tipVelocity":[-23.477,13.8914,12.1884],"tool":false,"touchDistance":0.333333,"touchZone":"none","type":2,"width":18.6218},{"bases":[[[0.994212,-0.0461172,0.0970395],[-0.0293525,0.752247,0.658227],[-0.103353,-0.657266,0.746539]],[[0.996534,-0.0292546,0.077872],[0.0706032,0.792478,-0.6058],[-0.0439894,0.609198,0.791797]],[[0.996534,-0.0292546,0.077872],[0.0606805,-0.384687,-0.921051],[0.0569013,0.922584,-0.381578]],[[0.996534,-0.0292546,0.077872],[0.0195631,-0.827447,-0.561203],[0.0808527,0.560781,-0.824007]]],"btipPosition":[52.9511,200.561,-7.33828],"carpPosition":[47.7043,222.207,47.7257],"dipPosition":[54.4319,210.832,-22.4298],"direction":[-0.0569013,-0.922584,0.381578],"extended":false,"handId":465,"id":4653,"length":63.1552,"mcpPosition":[54.0504,262.565,1.88669],"pipPosition":[55.977,235.884,-32.7913],"stabilizedTipPosition":[56.4894,200.363,-13.1623],"timeVisible":6.48962,"tipPosition":[53.1844,202.855,-10.496],"tipVelocity":[-21.7222,14.3571,11.2353],"tool":false,"touchDistance":0.333333,"touchZone":"none","type":3,"width":17.7198},{"bases":[[[0.966659,-0.245533,0.07269],[0.116626,0.674873,0.728659],[-0.227967,-0.695887,0.681008]],[[0.985765,-0.168119,-0.00206823],[0.140737,0.831819,-0.536909],[0.0919848,0.528974,0.843638]],[[0.985765,-0.168119,-0.00206823],[-0.0565656,-0.320038,-0.945715],[0.15833,0.932369,-0.324992]],[[0.985765,-0.168119,-0.00206823],[-0.134889,-0.783461,-0.606625],[0.100365,0.598269,-0.794985]]],"btipPosition":[65.9145,211.358,-2.66651],"carpPosition":[60.8766,218.123,45.6193],"dipPosition":[67.6103,221.466,-16.0987],"direction":[-0.15833,-0.932369,0.324992],"extended":false,"handId":465,"id":4654,"length":49.5125,"mcpPosition":[73.8341,257.677,6.91129],"pipPosition":[70.6458,239.342,-22.3295],"stabilizedTipPosition":[69.3386,211.263,-7.90183],"timeVisible":6.48962,"tipPosition":[66.204,213.68,-5.52838],"tipVelocity":[-21.244,13.4791,8.01266],"tool":false,"touchDistance":0.333333,"touchZone":"none","type":4,"width":15.7401}],"r":[[0.951085,-0.027181,0.30773],[-0.137438,0.854886,0.500281],[-0.276672,-0.518104,0.809334]],"s":1.07221,"t":[115.567,-19.2631,-110.921],"timestamp":93290980345},false],[2,{"currentFrameRate":55.1744,"devices":[],"gestures":[],"hands":[{"armBasis":[[0.964903,0.249893,-0.0807177],[-0.227564,0.949069,0.217907],[0.13106,-0.191891,0.972626]],"armWidth":62.4607,"confidence":0.660983,"direction":[-0.0526642,0.744893,-0.665103],"elbow":[81.3111,157.157,305.347],"grabStrength":0,"id":465,"palmNormal":[0.240989,-0.636862,-0.732346],"palmPosition":[37.6158,243.19,8.52995],"palmVelocity":[-23.481,21.8892,10.5268],"palmWidth":89.1918,"pinchStrength":0.341936,"r":[[0.951688,-0.0278663,0.305799],[-0.136332,0.853992,0.502106],[-0.275142,-0.519539,0.808935]],"s":1.07306,"sphereCenter":[24.5164,227.118,-35.597],"sphereRadius":47.9274,"stabilizedPalmPosition":[38.9885,242.111,7.65017],"t":[115.143,-18.8607,-110.735],"timeVisible":6.50769,"type":"right","wrist":[46.6242,207.943,47.9276]}],"id":1673220,"interactionBox":{"center":[0,200,0],"size":[235.247,235.247,147.751]},"pointables":[{"bases":[[[0.164139,0.794997,0.583985],[-0.867145,-0.165926,0.469605],[0.470232,-0.58348,0.662142]],[[0.0614564,0.900023,0.431487],[-0.852378,-0.177596,0.491844],[0.519302,-0.398017,0.756246]],[[0.0614564,0.900023,0.431487],[-0.983458,0.128405,-0.127762],[-0.170394,-0.416498,0.893026]],[[0.0614564,0.900023,0.431487],[-0.961169,0.169889,-0.217466],[-0.26903,-0.401368,0.875515]]],"btipPosition":[8.72767,235.749,-48.6092],"carpPosition":[22.271,193.146,38.3265],"dipPosition":[2.55584,226.541,-28.524],"direction":[0.170394,0.416498,-0.893026],"extended":false,"handId":465,"id":4650,"length":51.0864,"mcpPosition":[22.271,193.146,38.3265],"pipPosition":[-3.13903,212.621,1.32253],"stabilizedTipPosition":[7.57862,233.471,-44.0258],"timeVisible":6.50769,"tipPosition":[8.22506,233.723,-43.8575],"tipVelocity":[-38.5617,16.3668,6.24659],"tool":false,"touchDistance":-0.014895,"touchZone":"touching","type":0,"width":19.8498},{"bases":[[[0.946498,0.321097,0.0322269],[-0.270161,0.733792,0.623347],[0.176507,-0.598703,0.781281]],[[0.90042,0.421828,-0.106323],[-0.321327,0.809675,0.491097],[0.293245,-0.408029,0.864592]],[[0.90042,0.421828,-0.106323],[-0.375013,0.876541,0.30173],[0.220475,-0.231812,0.947446]],[[0.90042,0.421828,-0.106323],[-0.405043,0.902103,0.148826],[0.158693,-0.0909407,0.983131]]],"btipPosition":[-8.19867,282.112,-85.1254],"carpPosition":[24.7612,214.738,46.541],"dipPosition":[-5.54089,280.589,-68.66],"direction":[-0.220475,0.231812,-0.947446],"extended":true,"handId":465,"id":4651,"length":57.6453,"mcpPosition":[12.0323,257.913,-9.80152],"pipPosition":[-0.317248,275.097,-46.2124],"stabilizedTipPosition":[-7.02349,281.221,-81.6663],"timeVisible":6.50769,"tipPosition":[-7.07604,281.429,-81.5552],"tipVelocity":[-30.4882,29.0097,17.8636],"tool":false,"touchDistance":-0.0188099,"touchZone":"touching","type":1,"width":18.9605},{"bases":[[[0.993737,0.107428,0.0307437],[-0.102314,0.764191,0.636823],[0.0449184,-0.63598,0.770397]],[[0.993551,0.109955,0.0276817],[-0.0740817,0.814329,-0.575657],[-0.0858381,0.569894,0.817223]],[[0.993551,0.109955,0.0276817],[0.0633209,-0.335545,-0.939893],[-0.0940571,0.935585,-0.340344]],[[0.993551,0.109955,0.0276817],[0.10542,-0.805917,-0.582567],[-0.0417468,0.581728,-0.812311]]],"btipPosition":[39.8843,199.915,-19.3338],"carpPosition":[35.5098,220.142,47.5148],"dipPosition":[39.1153,210.631,-34.297],"direction":[0.0940571,-0.935585,0.340344],"extended":false,"handId":465,"id":4652,"length":65.6822,"mcpPosition":[32.4378,263.636,-5.17195],"pipPosition":[36.4935,236.71,-43.7839],"stabilizedTipPosition":[43.5228,199.19,-25.5989],"timeVisible":6.50769,"tipPosition":[39.7226,202.44,-22.984],"tipVelocity":[-24.8955,26.8893,8.63502],"tool":false,"touchDistance":0.333333,"touchZone":"none","type":2,"width":18.6218},{"bases":[[[0.994383,-0.0452486,0.0956844],[-0.0295709,0.749251,0.661626],[-0.101629,-0.660739,0.743704]],[[0.996697,-0.0279816,0.076234],[0.0684252,0.794935,-0.602824],[-0.0437331,0.606049,0.794224]],[[0.996697,-0.0279816,0.076234],[0.0597773,-0.382609,-0.921975],[0.0549661,0.923487,-0.379672]],[[0.996697,-0.0279816,0.076234],[0.019824,-0.826521,-0.562556],[0.0787502,0.562209,-0.823237]]],"btipPosition":[52.5122,201.269,-7.2363],"carpPosition":[47.2915,222.615,47.8258],"dipPosition":[53.9545,211.566,-22.3137],"direction":[-0.0549661,-0.923487,0.379672],"extended":false,"handId":465,"id":4653,"length":63.1552,"mcpPosition":[53.5317,263.186,2.16083],"pipPosition":[55.4471,236.643,-32.6235],"stabilizedTipPosition":[56.1301,200.686,-12.92],"timeVisible":6.50769,"tipPosition":[52.7392,203.557,-10.4434],"tipVelocity":[-23.1749,26.3076,8.66467],"tool":false,"touchDistance":0.333333,"touchZone":"none","type":3,"width":17.7198},{"bases":[[[0.967062,-0.24459,0.070473],[0.11659,0.671754,0.731542],[-0.226268,-0.69923,0.678144]],[[0.986004,-0.16667,-0.00409722],[0.138862,0.8346,-0.533067],[0.0922658,0.525038,0.846063]],[[0.986004,-0.16667,-0.00409722],[-0.0573414,-0.315945,-0.947043],[0.156549,0.934023,-0.321081]],[[0.986004,-0.16667,-0.00409722],[-0.134575,-0.781149,-0.609669],[0.0984129,0.601687,-0.792646]]],"btipPosition":[65.4654,212.029,-2.63574],"carpPosition":[60.4666,218.557,45.6858],"dipPosition":[67.1282,222.195,-16.0284],"direction":[-0.156549,-0.934023,0.321081],"extended":false,"handId":465,"id":4654,"length":49.5125,"mcpPosition":[73.3275,258.301,7.14063],"pipPosition":[70.1296,240.103,-22.1842],"stabilizedTipPosition":[68.9452,211.613,-7.65545],"timeVisible":6.50769,"tipPosition":[65.7465,214.358,-5.49194],"tipVelocity":[-23.1602,25.0701,5.25441],"tool":false,"touchDistance":0.333333,"touchZone":"none","type":4,"width":15.7401}],"r":[[0.951688,-0.0278663,0.305799],[-0.136332,0.853992,0.502106],[-0.275142,-0.519539,0.808935]],"s":1.07306,"t":[115.143,-18.8607,-110.735],"timestamp":93290998413},false],[3,{"currentFrameRate":55.1845,"devices":[],"gestures":[],"hands":[{"armBasis":[[0.964801,0.249913,-0.0818651],[-0.227102,0.948741,0.219807],[0.132601,-0.193478,0.972102]],"armWidth":62.4607,"confidence":0.668828,"direction":[-0.053409,0.746277,-0.663489],"elbow":[81.1921,157.223,305.206],"grabStrength":0,"id":465,"palmNormal":[0.239947,-0.635379,-0.733975],"palmPosition":[37.0434,243.759,8.61223],"palmVelocity":[-27.363,26.4464,7.68527],"palmWidth":89.1918,"pinchStrength":0.341574,"r":[[0.952245,-0.0285671,0.303995],[-0.13529,0.853071,0.503951],[-0.273726,-0.521013,0.808468]],"s":1.07372,"sphereCenter":[23.8891,227.803,-35.5177],"sphereRadius":47.9199,"stabilizedPalmPosition":[38.405,242.605,7.93879],"t":[114.645,-18.3749,-110.602],"timeVisible":6.52577,"type":"right","wrist":[46.0973,208.43,47.9251]}],"id":1673221,"interactionBox":{"center":[0,200,0],"size":[235.247,235.247,147.751]},"pointables":[{"bases":[[[0.165014,0.79376,0.585419],[-0.866563,-0.166768,0.470379],[0.470997,-0.584922,0.660324]],[[0.0608609,0.900169,0.431268],[-0.851313,-0.178764,0.493265],[0.521116,-0.397165,0.755445]],[[0.0608609,0.900169,0.431268],[-0.983665,0.127423,-0.127149],[-0.169409,-0.416485,0.893219]],[[0.0608609,0.900169,0.431268],[-0.962837,0.16685,-0.212383],[-0.263137,-0.402315,0.87687]]],"btipPosition":[7.92924,236.238,-48.6093],"carpPosition":[21.7294,193.655,38.3248],"dipPosition":[1.89258,227.009,-28.493],"direction":[0.169409,0.416485,-0.893219],"extended":false,"handId":465,"id":4650,"length":51.0864,"mcpPosition":[21.7294,193.655,38.3248],"pipPosition":[-3.76935,213.089,1.36],"stabilizedTipPosition":[6.84048,233.929,-43.995],"timeVisible":6.52577,"tipPosition":[7.43606,234.271,-43.8249],"tipVelocity":[-40.3994,21.3217,3.46315],"tool":false,"touchDistance":-0.014777,"touchZone":"touching","type":0,"width":19.8498},{"bases":[[[0.946588,0.320888,0.0316702],[-0.269245,0.73254,0.625214],[0.177424,-0.600347,0.77981]],[[0.900355,0.4219,-0.106592],[-0.320515,0.808634,0.493337],[0.294333,-0.410014,0.863282]],[[0.900355,0.4219,-0.106592],[-0.374674,0.876177,0.303206],[0.221316,-0.233056,0.946945]],[[0.900355,0.4219,-0.106592],[-0.40497,0.902013,0.149572],[0.159252,-0.0915013,0.982988]]],"btipPosition":[-8.86756,282.846,-84.9101],"carpPosition":[24.2336,215.23,46.5809],"dipPosition":[-6.20042,281.313,-68.447],"direction":[-0.221316,0.233056,-0.946945],"extended":true,"handId":465,"id":4651,"length":57.6453,"mcpPosition":[11.4385,258.524,-9.65565],"pipPosition":[-0.956831,275.792,-46.0113],"stabilizedTipPosition":[-7.67139,281.891,-81.3805],"timeVisible":6.52577,"tipPosition":[-7.76301,282.182,-81.3332],"tipVelocity":[-33.5195,34.4427,15.0164],"tool":false,"touchDistance":-0.0152306,"touchZone":"touching","type":1,"width":18.9605},{"bases":[[[0.993793,0.107215,0.0296833],[-0.101376,0.762885,0.638537],[0.0458157,-0.637582,0.769019]],[[0.99361,0.109661,0.026732],[-0.0745217,0.815226,-0.574328],[-0.0847739,0.568665,0.818189]],[[0.99361,0.109661,0.026732],[0.0623094,-0.335425,-0.940004],[-0.094115,0.935662,-0.340115]],[[0.99361,0.109661,0.026732],[0.104638,-0.806123,-0.582423],[-0.0423197,0.581498,-0.812447]]],"btipPosition":[39.2592,200.573,-19.2519],"carpPosition":[34.9842,220.63,47.552],"dipPosition":[38.4797,211.285,-34.2177],"direction":[0.094115,-0.935662,0.340115],"extended":false,"handId":465,"id":4652,"length":65.6822,"mcpPosition":[31.8509,264.234,-5.04058],"pipPosition":[35.8563,237.366,-43.6982],"stabilizedTipPosition":[43.0334,199.614,-25.279],"timeVisible":6.52577,"tipPosition":[39.0974,203.086,-22.9273],"tipVelocity":[-29.5534,31.39,6.66587],"tool":false,"touchDistance":0.333333,"touchZone":"none","type":2,"width":18.6218},{"bases":[[[0.994499,-0.0455958,0.0943066],[-0.0286026,0.747882,0.663215],[-0.10077,-0.662264,0.742464]],[[0.996812,-0.0280967,0.0746733],[0.067451,0.796664,-0.600646],[-0.0426134,0.603768,0.79602]],[[0.996812,-0.0280967,0.0746733],[0.0584317,-0.380198,-0.923057],[0.0543256,0.924478,-0.377344]],[[0.996812,-0.0280967,0.0746733],[0.0190204,-0.825269,-0.56442],[0.0774839,0.564041,-0.822103]]],"btipPosition":[51.9262,201.889,-7.29573],"carpPosition":[46.7667,223.101,47.8528],"dipPosition":[53.3453,212.219,-22.3523],"direction":[-0.0543256,-0.924478,0.377344],"extended":false,"handId":465,"id":4653,"length":63.1552,"mcpPosition":[52.9542,263.766,2.26401],"pipPosition":[54.8205,237.323,-32.599],"stabilizedTipPosition":[55.7148,201.069,-12.6885],"timeVisible":6.52577,"tipPosition":[52.1463,204.178,-10.4915],"tipVelocity":[-27.7011,30.2863,3.10903],"tool":false,"touchDistance":0.333333,"touchZone":"none","type":3,"width":17.7198},{"bases":[[[0.967115,-0.24488,0.0687175],[0.117637,0.670219,0.732781],[-0.225499,-0.7006,0.676986]],[[0.985996,-0.166664,-0.00585181],[0.13812,0.835789,-0.531394],[0.0934552,0.523145,0.847104]],[[0.985996,-0.166664,-0.00585181],[-0.0587822,-0.314494,-0.947438],[0.156063,0.934514,-0.319887]],[[0.985996,-0.166664,-0.00585181],[-0.13554,-0.780432,-0.610372],[0.0971601,0.602618,-0.792093]]],"btipPosition":[64.8827,212.636,-2.63658],"carpPosition":[59.9385,219.046,45.6875],"dipPosition":[66.5244,222.818,-16.0199],"direction":[-0.156063,-0.934514,0.319887],"extended":false,"handId":465,"id":4654,"length":49.5125,"mcpPosition":[72.7557,258.867,7.20812],"pipPosition":[69.5165,240.735,-22.1528],"stabilizedTipPosition":[68.5106,212.01,-7.42656],"timeVisible":6.52577,"tipPosition":[65.1584,214.962,-5.50146],"tipVelocity":[-27.5924,29.2085,2.79096],"tool":false,"touchDistance":0.333333,"touchZone":"none","type":4,"width":15.7401}],"r":[[0.952245,-0.0285671,0.303995],[-0.13529,0.853071,0.503951],[-0.273726,-0.521013,0.808468]],"s":1.07372,"t":[114.645,-18.3749,-110.602],"timestamp":93291016499},false],[4,{"currentFrameRate":55.2125,"devices":[],"gestures":[],"hands":[{"armBasis":[[0.964875,0.249676,-0.0817165],[-0.226749,0.948573,0.220895],[0.132666,-0.194607,0.971868]],"armWidth":62.4607,"confidence":0.681939,"direction":[-0.0544086,0.746848,-0.662765],"elbow":[80.6444,157.362,305.183],"grabStrength":0,"id":465,"palmNormal":[0.238823,-0.63475,-0.734885],"palmPosition":[36.4192,244.231,8.69596],"palmVelocity":[-30.817,26.3327,6.24531],"palmWidth":89.1918,"pinchStrength":0.341561,"r":[[0.95278,-0.0291795,0.302256],[-0.134298,0.852244,0.505613],[-0.272349,-0.52233,0.808083]],"s":1.07421,"sphereCenter":[23.2089,228.331,-35.4164],"sphereRadius":47.9108,"stabilizedPalmPosition":[37.7656,243.129,8.1826],"t":[114.084,-17.896,-110.493],"timeVisible":6.54379,"type":"right","wrist":[45.5324,208.868,47.9646]}],"id":1673222,"interactionBox":{"center":[0,200,0],"size":[235.247,235.247,147.751]},"pointables":[{"bases":[[[0.165913,0.793254,0.585851],[-0.865849,-0.167164,0.471552],[0.471994,-0.585495,0.659104]],[[0.0604026,0.900707,0.430208],[-0.850193,-0.179396,0.494964],[0.522995,-0.395657,0.754939]],[[0.0604026,0.900707,0.430208],[-0.983903,0.126345,-0.12638],[-0.168186,-0.415649,0.89384]],[[0.0604026,0.900707,0.430208],[-0.964191,0.164151,-0.208301],[-0.258237,-0.40222,0.878369]]],"btipPosition":[7.10443,236.581,-48.5758],"carpPosition":[21.1498,194.102,38.3886],"dipPosition":[1.18019,227.354,-28.4251],"direction":[0.168186,0.415649,-0.89384],"extended":false,"handId":465,"id":4650,"length":51.0864,"mcpPosition":[21.1498,194.102,38.3886],"pipPosition":[-4.44087,213.462,1.44863],"stabilizedTipPosition":[6.07342,234.299,-43.9574],"timeVisible":6.54379,"tipPosition":[6.61151,234.667,-43.7645],"tipVelocity":[-42.2718,20.2476,2.91115],"tool":false,"touchDistance":-0.0140868,"touchZone":"touching","type":0,"width":19.8498},{"bases":[[[0.946639,0.32085,0.0305073],[-0.268285,0.732004,0.626253],[0.178602,-0.60102,0.779023]],[[0.90022,0.421946,-0.107546],[-0.319703,0.808159,0.494641],[0.295626,-0.410903,0.862418]],[[0.90022,0.421946,-0.107546],[-0.374405,0.876166,0.303569],[0.222318,-0.233013,0.946721]],[[0.90022,0.421946,-0.107546],[-0.405004,0.902076,0.149099],[0.159926,-0.0906651,0.982956]]],"btipPosition":[-9.60878,283.356,-84.7324],"carpPosition":[23.6667,215.67,46.6594],"dipPosition":[-6.93035,281.838,-68.2699],"direction":[-0.222318,0.233013,-0.946721],"extended":true,"handId":465,"id":4651,"length":57.6453,"mcpPosition":[10.7868,259.013,-9.52026],"pipPosition":[-1.66304,276.317,-45.8395],"stabilizedTipPosition":[-8.39234,282.5,-81.1435],"timeVisible":6.54379,"tipPosition":[-8.52487,282.719,-81.1466],"tipVelocity":[-37.0659,31.6337,12.5694],"tool":false,"touchDistance":-0.0122718,"touchZone":"touching","type":1,"width":18.9605},{"bases":[[[0.993838,0.107179,0.0282647],[-0.100396,0.762336,0.639346],[0.0469771,-0.638244,0.768399]],[[0.993654,0.109582,0.0253696],[-0.0752834,0.815495,-0.573847],[-0.0835723,0.568295,0.818569]],[[0.993654,0.109582,0.0253696],[0.0610448,-0.335933,-0.939906],[-0.0944747,0.93549,-0.34049]],[[0.993654,0.109582,0.0253696],[0.103813,-0.806631,-0.581867],[-0.0432986,0.580809,-0.812888]]],"btipPosition":[38.5858,201.092,-19.1421],"carpPosition":[34.4189,221.069,47.6189],"dipPosition":[37.7882,211.791,-34.116],"direction":[0.0944747,-0.93549,0.34049],"extended":false,"handId":465,"id":4652,"length":65.6822,"mcpPosition":[31.2062,264.718,-4.93131],"pipPosition":[35.1548,237.867,-43.6069],"stabilizedTipPosition":[42.4947,200.072,-24.9657],"timeVisible":6.54379,"tipPosition":[38.4208,203.595,-22.8351],"tipVelocity":[-33.3732,30.0873,6.34821],"tool":false,"touchDistance":0.333333,"touchZone":"none","type":2,"width":18.6218},{"bases":[[[0.99464,-0.0456876,0.0927553],[-0.0275853,0.747311,0.663901],[-0.0996492,-0.662901,0.742046]],[[0.996942,-0.0280068,0.0729488],[0.0662844,0.797481,-0.599692],[-0.0413798,0.602694,0.796899]],[[0.996942,-0.0280068,0.0729488],[0.056917,-0.379366,-0.923494],[0.0535385,0.924823,-0.376612]],[[0.996942,-0.0280068,0.0729488],[0.0181585,-0.824969,-0.564885],[0.0760012,0.564483,-0.821938]]],"btipPosition":[51.2871,202.396,-7.28036],"carpPosition":[46.2019,223.539,47.9039],"dipPosition":[52.679,212.734,-22.334],"direction":[-0.0535385,-0.924823,0.376612],"extended":false,"handId":465,"id":4653,"length":63.1552,"mcpPosition":[52.3205,264.243,2.34078],"pipPosition":[54.1328,237.847,-32.5607],"stabilizedTipPosition":[55.2526,201.486,-12.4696],"timeVisible":6.54379,"tipPosition":[51.5002,204.681,-10.4772],"tipVelocity":[-31.5519,29.3197,2.05775],"tool":false,"touchDistance":0.333333,"touchZone":"none","type":3,"width":17.7198},{"bases":[[[0.967216,-0.244949,0.0670363],[0.118759,0.669587,0.733178],[-0.224478,-0.70118,0.676724]],[[0.986003,-0.166556,-0.00760074],[0.137212,0.8365,-0.53051],[0.0947177,0.522041,0.847645]],[[0.986003,-0.166556,-0.00760074],[-0.0603167,-0.31383,-0.947561],[0.155437,0.934757,-0.319483]],[[0.986003,-0.166556,-0.00760074],[-0.136509,-0.780271,-0.610363],[0.095729,0.602857,-0.792085]]],"btipPosition":[64.249,213.139,-2.62072],"carpPosition":[59.3703,219.486,45.7151],"dipPosition":[65.8664,223.325,-16.0039],"direction":[-0.155437,-0.934757,0.319483],"extended":false,"handId":465,"id":4654,"length":49.5125,"mcpPosition":[72.1295,259.34,7.25056],"pipPosition":[68.8465,241.246,-22.1291],"stabilizedTipPosition":[68.0418,212.428,-7.21834],"timeVisible":6.54379,"tipPosition":[64.5187,215.458,-5.48973],"tipVelocity":[-31.3356,28.6089,1.88592],"tool":false,"touchDistance":0.333333,"touchZone":"none","type":4,"width":15.7401}],"r":[[0.95278,-0.0291795,0.302256],[-0.134298,0.852244,0.505613],[-0.272349,-0.52233,0.808083]],"s":1.07421,"t":[114.084,-17.896,-110.493],"timestamp":93291034514},false],[5,{"currentFrameRate":55.2095,"devices":[],"gestures":[],"hands":[{"armBasis":[[0.96507,0.248778,-0.0821507],[-0.22521,0.947962,0.225053],[0.133864,-0.19869,0.970877]],"armWidth":62.4607,"confidence":0.692113,"direction":[-0.0548033,0.747615,-0.661867],"elbow":[80.4247,156.673,304.959],"grabStrength":0,"id":465,"palmNormal":[0.236358,-0.634312,-0.73606],"palmPosition":[35.8469,244.676,8.79072],"palmVelocity":[-31.181,25.4919,5.76135],"palmWidth":89.1918,"pinchStrength":0.34188,"r":[[0.953327,-0.0299938,0.300445],[-0.133047,0.851512,0.507174],[-0.271044,-0.523477,0.807779]],"s":1.07456,"sphereCenter":[22.5164,228.853,-35.3051],"sphereRadius":47.9085,"stabilizedPalmPosition":[37.1164,243.652,8.38836],"t":[113.517,-17.4339,-110.391],"timeVisible":6.56191,"type":"right","wrist":[44.9957,209.259,48.0028]}],"id":1673223,"interactionBox":{"center":[0,200,0],"size":[235.247,235.247,147.751]},"pointables":[{"bases":[[[0.168275,0.792411,0.586317],[-0.865061,-0.166459,0.473245],[0.472603,-0.586835,0.657473]],[[0.0617868,0.900811,0.429792],[-0.848887,-0.179056,0.497323],[0.524951,-0.395573,0.753623]],[[0.0617868,0.900811,0.429792],[-0.983974,0.127141,-0.125021],[-0.167265,-0.41518,0.89423]],[[0.0617868,0.900811,0.429792],[-0.965249,0.163483,-0.203883],[-0.253924,-0.402259,0.879608]]],"btipPosition":[6.30126,236.998,-48.4775],"carpPosition":[20.5721,194.538,38.464],"dipPosition":[0.475977,227.769,-28.2983],"direction":[0.167265,0.41518,-0.89423],"extended":false,"handId":465,"id":4650,"length":51.0864,"mcpPosition":[20.5721,194.538,38.464],"pipPosition":[-5.11431,213.893,1.58841],"stabilizedTipPosition":[5.31391,234.693,-43.8747],"timeVisible":6.56191,"tipPosition":[5.81094,235.116,-43.654],"tipVelocity":[-42.6479,21.5448,4.27922],"tool":false,"touchDistance":-0.0123395,"touchZone":"touching","type":0,"width":19.8498},{"bases":[[[0.947146,0.319508,0.0287983],[-0.265919,0.73172,0.627593],[0.179449,-0.60208,0.778009]],[[0.900588,0.420784,-0.109008],[-0.317453,0.80801,0.496331],[0.296927,-0.412384,0.861263]],[[0.900588,0.420784,-0.109008],[-0.372661,0.876523,0.304682],[0.223753,-0.23377,0.946196]],[[0.900588,0.420784,-0.109008],[-0.403614,0.902607,0.149654],[0.161363,-0.0907792,0.982711]]],"btipPosition":[-10.3127,283.938,-84.5017],"carpPosition":[23.1368,216.093,46.7519],"dipPosition":[-7.61024,282.418,-68.0433],"direction":[-0.223753,0.23377,-0.946196],"extended":true,"handId":465,"id":4651,"length":57.6453,"mcpPosition":[10.1957,259.512,-9.35473],"pipPosition":[-2.30893,276.879,-45.6254],"stabilizedTipPosition":[-9.11595,283.106,-80.9055],"timeVisible":6.56191,"tipPosition":[-9.24001,283.314,-80.9119],"tipVelocity":[-37.7667,31.8482,12.6213],"tool":false,"touchDistance":-0.0084423,"touchZone":"touching","type":1,"width":18.9605},{"bases":[[[0.994044,0.105775,0.0262312],[-0.0979604,0.761806,0.640355],[0.0477501,-0.639111,0.767631]],[[0.993859,0.10816,0.0233652],[-0.0753712,0.816289,-0.572706],[-0.0810165,0.567428,0.819428]],[[0.993859,0.10816,0.0233652],[0.0585874,-0.335217,-0.940318],[-0.0938722,0.935912,-0.339495]],[[0.993859,0.10816,0.0233652],[0.101456,-0.806405,-0.582596],[-0.0441717,0.581389,-0.812426]]],"btipPosition":[37.891,201.577,-19.0915],"carpPosition":[33.8984,221.476,47.6937],"dipPosition":[37.0773,212.287,-34.0569],"direction":[0.0938722,-0.935912,0.339495],"extended":false,"handId":465,"id":4652,"length":65.6822,"mcpPosition":[30.6328,265.185,-4.80392],"pipPosition":[34.4607,238.375,-43.5201],"stabilizedTipPosition":[41.9117,200.555,-24.6698],"timeVisible":6.56191,"tipPosition":[37.7225,204.077,-22.78],"tipVelocity":[-35.8345,28.573,4.70591],"tool":false,"touchDistance":0.333333,"touchZone":"none","type":2,"width":18.6218},{"bases":[[[0.994774,-0.04716,0.0905607],[-0.0251181,0.746655,0.664737],[-0.0989666,-0.663538,0.741568]],[[0.997075,-0.0293008,0.0705876],[0.0658365,0.798365,-0.598564],[-0.0388163,0.60146,0.797959]],[[0.997075,-0.0293008,0.0705876],[0.054307,-0.378242,-0.924113],[0.0537765,0.925243,-0.375544]],[[0.997075,-0.0293008,0.0705876],[0.0158214,-0.824451,-0.565712],[0.0747719,0.565174,-0.821576]]],"btipPosition":[50.6325,202.855,-7.28113],"carpPosition":[45.6854,223.93,47.9559],"dipPosition":[52.0019,213.206,-22.3281],"direction":[-0.0537765,-0.925243,0.375544],"extended":false,"handId":465,"id":4653,"length":63.1552,"mcpPosition":[51.7621,264.673,2.42208],"pipPosition":[53.4622,238.331,-32.5258],"stabilizedTipPosition":[54.7505,201.923,-12.2681],"timeVisible":6.56191,"tipPosition":[50.8398,205.139,-10.4747],"tipVelocity":[-33.863,27.5157,1.09824],"tool":false,"touchDistance":0.333333,"touchZone":"none","type":3,"width":17.7198},{"bases":[[[0.967018,-0.246357,0.0646934],[0.121267,0.668655,0.733617],[-0.223989,-0.701576,0.676477]],[[0.985773,-0.167784,-0.0100218],[0.137108,0.837168,-0.529483],[0.0972287,0.520576,0.848262]],[[0.985773,-0.167784,-0.0100218],[-0.0628554,-0.31268,-0.947777],[0.155888,0.934922,-0.318777]],[[0.985773,-0.167784,-0.0100218],[-0.138907,-0.77964,-0.610627],[0.0946402,0.603332,-0.791855]]],"btipPosition":[63.617,213.576,-2.62611],"carpPosition":[58.8434,219.861,45.7344],"dipPosition":[65.2161,223.77,-16.0054],"direction":[-0.155888,-0.934922,0.318777],"extended":false,"handId":465,"id":4654,"length":49.5125,"mcpPosition":[71.5748,259.738,7.28399],"pipPosition":[68.2048,241.694,-22.1171],"stabilizedTipPosition":[67.5459,212.855,-7.03315],"timeVisible":6.56191,"tipPosition":[63.8823,215.891,-5.49495],"tipVelocity":[-33.1294,26.5152,0.87001],"tool":false,"touchDistance":0.333333,"touchZone":"none","type":4,"width":15.7401}],"r":[[0.953327,-0.0299938,0.300445],[-0.133047,0.851512,0.507174],[-0.271044,-0.523477,0.807779]],"s":1.07456,"t":[113.517,-17.4339,-110.391],"timestamp":93291052637},false],[6,{"currentFrameRate":55.2245,"devices":[],"gestures":[],"hands":[{"armBasis":[[0.965103,0.249088,-0.080816],[-0.225144,0.94686,0.22971],[0.133739,-0.203499,0.969898]],"armWidth":62.4607,"confidence":0.702588,"direction":[-0.0555468,0.748456,-0.660855],"elbow":[79.8458,155.768,304.779],"grabStrength":0,"id":465,"palmNormal":[0.235401,-0.633401,-0.737149],"palmPosition":[35.2561,245.094,8.92601],"palmVelocity":[-31.9111,24.3761,6.58344],"palmWidth":89.1918,"pinchStrength":0.342303,"r":[[0.953835,-0.0307357,0.298753],[-0.131906,0.850798,0.508669],[-0.269813,-0.524593,0.807467]],"s":1.07482,"sphereCenter":[21.8501,229.338,-35.1685],"sphereRadius":47.9113,"stabilizedPalmPosition":[36.495,244.134,8.56796],"t":[112.938,-16.9939,-110.272],"timeVisible":6.57997,"type":"right","wrist":[44.4498,209.627,48.082]}],"id":1673224,"interactionBox":{"center":[0,200,0],"size":[235.247,235.247,147.751]},"pointables":[{"bases":[[[0.169062,0.791655,0.587112],[-0.864496,-0.166981,0.474093],[0.473355,-0.587707,0.656152]],[[0.0617016,0.900818,0.429791],[-0.847766,-0.179965,0.498905],[0.52677,-0.395145,0.752578]],[[0.0617016,0.900818,0.429791],[-0.984047,0.126896,-0.124696],[-0.166867,-0.41524,0.894277]],[[0.0617016,0.900818,0.429791],[-0.966142,0.16199,-0.200821],[-0.250524,-0.402848,0.880313]]],"btipPosition":[5.5621,237.374,-48.3535],"carpPosition":[20.0132,194.919,38.5546],"dipPosition":[-0.185196,228.132,-28.1582],"direction":[0.166867,0.41524,-0.894277],"extended":false,"handId":465,"id":4650,"length":51.0864,"mcpPosition":[20.0132,194.919,38.5546],"pipPosition":[-5.76219,214.254,1.73012],"stabilizedTipPosition":[4.60684,235.059,-43.7653],"timeVisible":6.57997,"tipPosition":[5.06863,235.517,-43.5243],"tipVelocity":[-41.3638,21.1282,5.60571],"tool":false,"touchDistance":-0.0102111,"touchZone":"touching","type":0,"width":19.8498},{"bases":[[[0.947209,0.319389,0.028043],[-0.265086,0.730949,0.628842],[0.180347,-0.603078,0.777027]],[[0.900497,0.420834,-0.109565],[-0.316733,0.807358,0.49785],[0.29797,-0.413609,0.860315]],[[0.900497,0.420834,-0.109565],[-0.372236,0.876204,0.306116],[0.224825,-0.234873,0.945668]],[[0.900497,0.420834,-0.109565],[-0.403398,0.902488,0.15095],[0.162406,-0.0917317,0.982451]]],"btipPosition":[-11.0112,284.475,-84.2595],"carpPosition":[22.5899,216.464,46.8665],"dipPosition":[-8.29119,282.938,-67.8054],"direction":[-0.224825,0.234873,-0.945668],"extended":true,"handId":465,"id":4651,"length":57.6453,"mcpPosition":[9.58404,259.955,-9.16927],"pipPosition":[-2.96447,277.374,-45.4],"stabilizedTipPosition":[-9.82006,283.669,-80.6668],"timeVisible":6.57997,"tipPosition":[-9.9394,283.851,-80.6702],"tipVelocity":[-38.095,30.7425,12.972],"tool":false,"touchDistance":-0.00442181,"touchZone":"touching","type":1,"width":18.9605},{"bases":[[[0.994085,0.105655,0.0251485],[-0.0971093,0.761005,0.641437],[0.0486327,-0.640085,0.766764]],[[0.993901,0.107986,0.0223545],[-0.0759168,0.817052,-0.571545],[-0.0799837,0.566362,0.820266]],[[0.993901,0.107986,0.0223545],[0.0574735,-0.33424,-0.940734],[-0.0941146,0.936281,-0.338408]],[[0.993901,0.107986,0.0223545],[0.100682,-0.80589,-0.583441],[-0.0449884,0.582134,-0.811848]]],"btipPosition":[37.2584,202.039,-19.0045],"carpPosition":[33.3532,221.845,47.802],"dipPosition":[36.4297,212.763,-33.9592],"direction":[0.0941146,-0.936281,0.338408],"extended":false,"handId":465,"id":4652,"length":65.6822,"mcpPosition":[30.0273,265.62,-4.63632],"pipPosition":[33.8063,238.861,-43.3921],"stabilizedTipPosition":[41.3147,201.042,-24.3954],"timeVisible":6.57997,"tipPosition":[37.0872,204.539,-22.6898],"tipVelocity":[-35.5454,27.2335,4.82477],"tool":false,"touchDistance":0.333333,"touchZone":"none","type":2,"width":18.6218},{"bases":[[[0.99488,-0.0473611,0.0892837],[-0.0242385,0.745816,0.66571],[-0.098118,-0.664466,0.74085]],[[0.997174,-0.0293276,0.0691637],[0.0649356,0.799439,-0.597227],[-0.037777,0.600031,0.799085]],[[0.997174,-0.0293276,0.0691637],[0.0530568,-0.376858,-0.92475],[0.0531856,0.925807,-0.374237]],[[0.997174,-0.0293276,0.0691637],[0.0150787,-0.823781,-0.566707],[0.0735959,0.566149,-0.821011]]],"btipPosition":[50.0277,203.309,-7.23517],"carpPosition":[45.1407,224.298,48.0529],"dipPosition":[51.3756,213.678,-22.2718],"direction":[-0.0531856,-0.925807,0.374237],"extended":false,"handId":465,"id":4653,"length":63.1552,"mcpPosition":[51.1653,265.097,2.56318],"pipPosition":[52.8198,238.818,-32.434],"stabilizedTipPosition":[54.2323,202.366,-12.0832],"timeVisible":6.57997,"tipPosition":[50.2295,205.592,-10.4253],"tipVelocity":[-33.8172,26.4964,1.84772],"tool":false,"touchDistance":0.333333,"touchZone":"none","type":3,"width":17.7198},{"bases":[[[0.967074,-0.246523,0.0631987],[0.122224,0.667717,0.734313],[-0.223223,-0.70241,0.675863]],[[0.985765,-0.167728,-0.0115607],[0.136427,0.838195,-0.528031],[0.0982558,0.518937,0.849147]],[[0.985765,-0.167728,-0.0115607],[-0.064104,-0.3114,-0.948114],[0.155426,0.935359,-0.31772]],[[0.985765,-0.167728,-0.0115607],[-0.139734,-0.779116,-0.611107],[0.0934928,0.604024,-0.791463]]],"btipPosition":[63.0184,214.029,-2.57308],"carpPosition":[58.2956,220.23,45.8101],"dipPosition":[64.5981,224.235,-15.9458],"direction":[-0.155426,-0.935359,0.31772],"extended":false,"handId":465,"id":4654,"length":49.5125,"mcpPosition":[70.9835,260.154,7.3946],"pipPosition":[67.5779,242.168,-22.0372],"stabilizedTipPosition":[67.0417,213.281,-6.86554],"timeVisible":6.57997,"tipPosition":[63.2786,216.339,-5.44109],"tipVelocity":[-33.2587,25.9177,1.89158],"tool":false,"touchDistance":0.333333,"touchZone":"none","type":4,"width":15.7401}],"r":[[0.953835,-0.0307357,0.298753],[-0.1