{"sensorType":"Leap","data":[[0,{"currentFrameRate":55.3506,"devices":[],"gestures":[],"hands":[{"armBasis":[[0.920569,0.371205,-0.121485],[-0.344634,0.918352,0.19457],[0.183791,-0.137247,0.973337]],"armWidth":62.4607,"confidence":0.746449,"direction":[-0.0806468,0.690523,-0.718801],"elbow":[89.5364,191.366,314.25],"grabStrength":0,"id":465,"palmNormal":[0.354709,-0.654058,-0.668124],"palmPosition":[31.1665,259.164,14.3295],"palmVelocity":[-39.4498,58.9744,21.2444],"palmWidth":89.1918,"pinchStrength":0.242255,"r":[[0.932439,0.0910909,0.349656],[-0.239461,0.880459,0.409206],[-0.270583,-0.465289,0.842788]],"s":1.06666,"sphereCenter":[24.3938,238.529,-29.4545],"sphereRadius":48.0562,"stabilizedPalmPosition":[34.2996,254.36,11.7498],"t":[108.978,-3.54598,-105.126],"timeVisible":19.1164,"type":"right","wrist":[40.8935,227.69,56.6429]}],"id":1674098,"interactionBox":{"center":[0,200,0],"size":[235.247,235.247,147.751]},"pointables":[{"bases":[[[0.041832,0.84403,0.534662],[-0.876816,-0.225541,0.424646],[0.479002,-0.486565,0.730624]],[[-0.00268314,0.885442,0.464742],[-0.869637,-0.231504,0.436048],[0.493685,-0.402987,0.770634]],[[-0.00268314,0.885442,0.464742],[-0.985614,0.0761954,-0.15086],[-0.168989,-0.458461,0.8725]],[[-0.00268314,0.885442,0.464742],[-0.953296,0.1381,-0.268616],[-0.302024,-0.443758,0.843718]]],"btipPosition":[7.30902,255.041,-39.6139],"carpPosition":[18.8889,209.819,46.6103],"dipPosition":[0.380264,244.86,-20.2581],"direction":[0.168989,0.458461,-0.8725],"extended":false,"handId":465,"id":4650,"length":51.0864,"mcpPosition":[18.8889,209.819,46.6103],"pipPosition":[-5.26765,229.538,8.90234],"stabilizedTipPosition":[5.86926,252.47,-35.2462],"timeVisible":19.1164,"tipPosition":[7.1944,250.731,-35.786],"tipVelocity":[-103.106,161.632,58.1236],"tool":false,"touchDistance":-0.0585491,"touchZone":"touching","type":0,"width":19.8498},{"bases":[[[0.904728,0.420403,0.0687706],[-0.385778,0.740108,0.550832],[0.180674,-0.524883,0.831778]],[[0.864098,0.49906,-0.0653703],[-0.440381,0.812525,0.381925],[0.243719,-0.301233,0.921878]],[[0.864098,0.49906,-0.0653703],[-0.4745,0.851035,0.224921],[0.167881,-0.163335,0.972182]],[[0.864098,0.49906,-0.0653703],[-0.491651,0.864718,0.102674],[0.107767,-0.0565809,0.992565]]],"btipPosition":[-10.467,287.396,-85.0685],"carpPosition":[18.6086,232.04,53.3961],"dipPosition":[-8.66212,286.448,-68.4451],"direction":[-0.167881,0.163335,-0.972182],"extended":true,"handId":465,"id":4651,"length":57.6453,"mcpPosition":[5.57925,269.892,-6.58811],"pipPosition":[-4.68455,282.578,-45.4115],"stabilizedTipPosition":[-9.93845,286.926,-81.3207],"timeVisible":19.1164,"tipPosition":[-9.81164,286.095,-81.4617],"tipVelocity":[-40.0796,85.8964,29.7793],"tool":false,"touchDistance":-0.0311812,"touchZone":"touching","type":1,"width":18.9605},{"bases":[[[0.97324,0.213253,0.0855967],[-0.223209,0.788823,0.572656],[0.0545997,-0.576438,0.815315]],[[0.972468,0.220563,0.0752261],[-0.120248,0.751442,-0.648749],[-0.199618,0.621841,0.757275]],[[0.972468,0.220563,0.0752261],[0.170931,-0.455695,-0.87357],[-0.158397,0.862377,-0.480849]],[[0.972468,0.220563,0.0752261],[0.231252,-0.873454,-0.428486],[-0.0288015,0.434085,-0.900411]]],"btipPosition":[39.3064,216.605,-6.89272],"carpPosition":[28.6631,238.598,54.6561],"dipPosition":[38.7758,224.601,-23.4788],"direction":[0.158397,-0.862377,0.480849],"extended":false,"handId":465,"id":4652,"length":65.6822,"mcpPosition":[24.9291,278.02,-1.10263],"pipPosition":[34.3606,248.639,-36.8822],"stabilizedTipPosition":[41.8297,213.717,-15.1627],"timeVisible":19.1164,"tipPosition":[39.2442,218.62,-11.9277],"tipVelocity":[-33.9646,71.1105,78.3377],"tool":false,"touchDistance":0.333333,"touchZone":"none","type":2,"width":18.6218},{"bases":[[[0.984706,0.0660248,0.16123],[-0.151251,0.783266,0.603007],[-0.0864722,-0.618171,0.781273]],[[0.987305,0.0897807,0.131024],[0.0167754,0.761362,-0.64811],[-0.157945,0.64208,0.750191]],[[0.987305,0.0897807,0.131024],[0.158548,-0.507662,-0.846842],[-0.00951396,0.856865,-0.515452]],[[0.987305,0.0897807,0.131024],[0.134178,-0.912883,-0.38554],[0.0849958,0.398227,-0.913341]]],"btipPosition":[51.0134,221.588,5.42843],"carpPosition":[40.0848,242.313,55.5315],"dipPosition":[52.5701,228.881,-11.2992],"direction":[0.00951396,-0.856865,0.515452],"extended":false,"handId":465,"id":4653,"length":63.1552,"mcpPosition":[45.3943,280.27,7.55977],"pipPosition":[52.3118,252.149,-25.296],"stabilizedTipPosition":[54.805,216.995,-2.76408],"timeVisible":19.1164,"tipPosition":[51.4857,223.125,0.489724],"tipVelocity":[-34.7686,75.8867,42.8482],"tool":false,"touchDistance":0.333333,"touchZone":"none","type":3,"width":17.7198},{"bases":[[[0.979444,-0.136297,0.148704],[-0.00329329,0.726288,0.687382],[-0.201691,-0.673742,0.71091]],[[0.996123,-0.0580478,0.0661058],[0.0856707,0.810893,-0.578889],[-0.0200015,0.582308,0.812722]],[[0.996123,-0.0580478,0.0661058],[0.0319827,-0.461059,-0.886793],[0.081955,0.885469,-0.457415]],[[0.996123,-0.0580478,0.0661058],[-0.0224574,-0.894306,-0.446892],[0.0850599,0.443675,-0.892142]]],"btipPosition":[62.868,233.174,9.79024],"carpPosition":[53.7192,239.535,54.5236],"dipPosition":[64.3051,240.671,-5.28352],"direction":[-0.081955,-0.885469,0.457415],"extended":false,"handId":465,"id":4654,"length":49.5125,"mcpPosition":[65.1831,277.83,14.1161],"pipPosition":[65.8764,257.647,-14.0532],"stabilizedTipPosition":[65.9057,229.86,3.43376],"timeVisible":19.1164,"tipPosition":[63.206,234.779,5.84729],"tipVelocity":[-36.1842,75.6828,41.1379],"tool":false,"touchDistance":0.333333,"touchZone":"none","type":4,"width":15.7401}],"r":[[0.932439,0.0910909,0.349656],[-0.239461,0.880459,0.409206],[-0.270583,-0.465289,0.842788]],"s":1.06666,"t":[108.978,-3.54598,-105.126],"timestamp":93303607168},false],[1,{"currentFrameRate":55.3744,"devices":[],"gestures":[],"hands":[{"armBasis":[[0.915492,0.383435,-0.121873],[-0.357385,0.914133,0.191406],[0.1848,-0.131676,0.973915]],"armWidth":62.4607,"confidence":0.739676,"direction":[-0.0876235,0.692204,-0.716362],"elbow":[89.2446,193.794,314.635],"grabStrength":0,"id":465,"palmNormal":[0.366179,-0.646398,-0.66939],"palmPosition":[30.325,260.148,14.6507],"palmVelocity":[-42.9313,56.9801,19.6449],"palmWidth":89.1918,"pinchStrength":0.234329,"r":[[0.931896,0.0934116,0.350491],[-0.243476,0.877328,0.41354],[-0.268866,-0.470713,0.840322]],"s":1.07342,"sphereCenter":[23.9417,239.736,-29.1201],"sphereRadius":48.0483,"stabilizedPalmPosition":[33.5606,255.436,12.2891],"t":[108.203,-2.5228,-104.778],"timeVisible":19.1344,"type":"right","wrist":[40.3348,228.644,56.8751]}],"id":1674099,"interactionBox":{"center":[0,200,0],"size":[235.247,235.247,147.751]},"pointables":[{"bases":[[[0.0281664,0.842385,0.538139],[-0.875133,-0.23938,0.420523],[0.483062,-0.482788,0.730457]],[[-0.0174111,0.884075,0.467021],[-0.868192,-0.245044,0.431504],[0.495922,-0.397951,0.771813]],[[-0.0174111,0.884075,0.467021],[-0.985977,0.0623542,-0.154795],[-0.165971,-0.463167,0.870592]],[[-0.0174111,0.884075,0.467021],[-0.95575,0.122473,-0.267474],[-0.293664,-0.451012,0.842822]]],"btipPosition":[6.63509,255.808,-39.5065],"carpPosition":[18.6171,210.509,46.6911],"dipPosition":[-0.101876,245.461,-20.1713],"direction":[0.165971,0.463167,-0.870592],"extended":false,"handId":465,"id":4650,"length":51.0864,"mcpPosition":[18.6171,210.509,46.6911],"pipPosition":[-5.64893,229.981,8.92544],"stabilizedTipPosition":[5.13136,253.372,-35.0703],"timeVisible":19.1344,"tipPosition":[6.51516,251.652,-35.6039],"tipVelocity":[-70.8854,104.327,33.3155],"tool":false,"touchDistance":-0.0617413,"touchZone":"touching","type":0,"width":19.8498},{"bases":[[[0.898546,0.432637,0.0737581],[-0.398015,0.732477,0.552324],[0.18493,-0.525646,0.83036]],[[0.857934,0.510403,-0.0586395],[-0.451883,0.803978,0.386551],[0.244442,-0.305137,0.920402]],[[0.857934,0.510403,-0.0586395],[-0.486355,0.843641,0.227439],[0.165556,-0.166608,0.972025]],[[0.857934,0.510403,-0.0586395],[-0.503326,0.857903,0.103274],[0.103019,-0.0590878,0.992923]]],"btipPosition":[-11.2748,288.392,-84.739],"carpPosition":[18.0036,232.697,53.5634],"dipPosition":[-9.54944,287.402,-68.1096],"direction":[-0.165556,0.166608,-0.972025],"extended":true,"handId":465,"id":4651,"length":57.6453,"mcpPosition":[4.6673,270.604,-6.31848],"pipPosition":[-5.62696,283.454,-45.0797],"stabilizedTipPosition":[-10.7769,288.031,-80.958],"timeVisible":19.1344,"tipPosition":[-10.6576,287.084,-81.1365],"tipVelocity":[-42.8594,71.205,24.3965],"tool":false,"touchDistance":-0.025666,"touchZone":"touching","type":1,"width":18.9605},{"bases":[[[0.969868,0.226392,0.0900188],[-0.236218,0.783356,0.574939],[0.0596447,-0.578879,0.813229]],[[0.969038,0.233674,0.0797565],[-0.125862,0.745386,-0.654644],[-0.212422,0.624337,0.751718]],[[0.969038,0.233674,0.0797565],[0.183889,-0.467452,-0.864681],[-0.164771,0.852576,-0.495949]],[[0.969038,0.233674,0.0797565],[0.245502,-0.877413,-0.412158],[-0.0263312,0.418978,-0.907615]]],"btipPosition":[38.9968,217.996,-5.70373],"carpPosition":[27.9614,239.388,54.8863],"dipPosition":[38.5118,225.714,-22.4225],"direction":[0.164771,-0.852575,0.495949],"extended":false,"handId":465,"id":4652,"length":65.6822,"mcpPosition":[23.8824,278.977,-0.729796],"pipPosition":[33.9189,249.479,-36.2468],"stabilizedTipPosition":[41.5111,214.372,-14.5552],"timeVisible":19.1344,"tipPosition":[38.9732,219.896,-10.9192],"tipVelocity":[-25.7632,72.3968,71.7602],"tool":false,"touchDistance":0.333333,"touchZone":"none","type":2,"width":18.6218},{"bases":[[[0.983103,0.0790362,0.165112],[-0.1643,0.778676,0.605532],[-0.0807096,-0.622428,0.778504]],[[0.985478,0.102887,0.135085],[0.00926924,0.76175,-0.647805],[-0.169552,0.639649,0.749734]],[[0.985478,0.102887,0.135085],[0.16888,-0.51093,-0.84287],[-0.0177014,0.853443,-0.520886]],[[0.985478,0.102887,0.135085],[0.147209,-0.914175,-0.377642],[0.0846371,0.392044,-0.916045]]],"btipPosition":[50.6392,223.107,6.10243],"carpPosition":[39.3271,243.258,55.8184],"dipPosition":[52.1893,230.287,-10.6747],"direction":[0.0177014,-0.853443,0.520886],"extended":false,"handId":465,"id":4653,"length":63.1552,"mcpPosition":[44.2828,281.477,8.01668],"pipPosition":[51.7086,253.462,-24.8191],"stabilizedTipPosition":[54.2248,218.177,-2.00133],"timeVisible":19.1344,"tipPosition":[51.132,224.58,1.10762],"tipVelocity":[-28.2045,79.2853,40.0132],"tool":false,"touchDistance":0.333333,"touchZone":"none","type":3,"width":17.7198},{"bases":[[[0.980697,-0.123288,0.151769],[-0.0158725,0.72342,0.690226],[-0.194889,-0.679311,0.707499]],[[0.996456,-0.0455818,0.0706885],[0.0781555,0.812375,-0.577874],[-0.0310851,0.581351,0.813059]],[[0.996456,-0.0455818,0.0706885],[0.0414084,-0.465671,-0.883988],[0.0732114,0.883783,-0.462134]],[[0.996456,-0.0455818,0.0706885],[-0.00983074,-0.89778,-0.440334],[0.0835339,0.438078,-0.895047]]],"btipPosition":[62.3421,234.79,10.4381],"carpPosition":[53.0024,240.674,54.8498],"dipPosition":[63.7535,242.191,-4.68472],"direction":[-0.0732114,-0.883783,0.462134],"extended":false,"handId":465,"id":4654,"length":49.5125,"mcpPosition":[64.0797,279.285,14.6361],"pipPosition":[65.1572,259.135,-13.5449],"stabilizedTipPosition":[65.3277,231.043,4.06303],"timeVisible":19.1344,"tipPosition":[62.6966,236.341,6.41339],"tipVelocity":[-33.058,81.8198,38.4275],"tool":false,"touchDistance":0.333333,"touchZone":"none","type":4,"width":15.7401}],"r":[[0.931896,0.0934116,0.350491],[-0.243476,0.877328,0.41354],[-0.268866,-0.470713,0.840322]],"s":1.07342,"t":[108.203,-2.5228,-104.778],"timestamp":93303625145},false],[2,{"currentFrameRate":55.368,"devices":[],"gestures":[],"hands":[{"armBasis":[[0.915202,0.38294,-0.125544],[-0.356167,0.914358,0.1926],[0.188547,-0.131553,0.973213]],"armWidth":62.4607,"confidence":0.740587,"direction":[-0.0886779,0.690925,-0.717467],"elbow":[89.606,194.538,314.637],"grabStrength":0,"id":465,"palmNormal":[0.363801,-0.648075,-0.669065],"palmPosition":[29.6225,260.79,14.803],"palmVelocity":[-40.9909,46.746,14.3119],"palmWidth":89.1918,"pinchStrength":0.240572,"r":[[0.93165,0.0951971,0.350666],[-0.246283,0.875008,0.416781],[-0.267159,-0.474657,0.838646]],"s":1.07849,"sphereCenter":[22.9964,240.463,-28.7595],"sphereRadius":48.0311,"stabilizedPalmPosition":[32.8142,256.451,12.7656],"t":[107.464,-1.6907,-104.527],"timeVisible":19.1525,"type":"right","wrist":[39.7044,229.355,57.0625]}],"id":1674100,"interactionBox":{"center":[0,200,0],"size":[235.247,235.247,147.751]},"pointables":[{"bases":[[[0.0304242,0.843384,0.536449],[-0.874331,-0.237628,0.423176],[0.484376,-0.481909,0.730167]],[[-0.0172888,0.886631,0.462154],[-0.868924,-0.241993,0.431753],[0.494644,-0.394112,0.774599]],[[-0.0172888,0.886631,0.462154],[-0.985283,0.0635081,-0.158697],[-0.170057,-0.458096,0.872484]],[[-0.0172888,0.886631,0.462154],[-0.953724,0.12415,-0.273857],[-0.300186,-0.445502,0.843455]]],"btipPosition":[6.30843,256.039,-39.4438],"carpPosition":[17.9417,211.225,46.9679],"dipPosition":[-0.578169,245.819,-20.094],"direction":[0.170057,0.458096,-0.872484],"extended":false,"handId":465,"id":4650,"length":51.0864,"mcpPosition":[17.9417,211.225,46.9679],"pipPosition":[-6.26176,230.509,9.06596],"stabilizedTipPosition":[4.7442,253.674,-34.9971],"timeVisible":19.1525,"tipPosition":[5.8254,252.219,-35.4107],"tipVelocity":[-46.683,61.5856,19.2171],"tool":false,"touchDistance":-0.0606398,"touchZone":"touching","type":0,"width":19.8498},{"bases":[[[0.899193,0.431806,0.0706725],[-0.395838,0.733963,0.551915],[0.186449,-0.524253,0.8309]],[[0.859077,0.508333,-0.0598678],[-0.448493,0.803945,0.390547],[0.246658,-0.30866,0.918634]],[[0.859077,0.508333,-0.0598678],[-0.483863,0.844681,0.228889],[0.166921,-0.167665,0.97161]],[[0.859077,0.508333,-0.0598678],[-0.501276,0.859209,0.102385],[0.103485,-0.0579466,0.992942]]],"btipPosition":[-12.1521,289.174,-84.4582],"carpPosition":[17.3694,233.426,53.7992],"dipPosition":[-10.4189,288.204,-67.8285],"direction":[-0.166921,0.167665,-0.97161],"extended":true,"handId":465,"id":4651,"length":57.6453,"mcpPosition":[3.92346,271.233,-6.12169],"pipPosition":[-6.46413,284.231,-44.8084],"stabilizedTipPosition":[-11.6684,288.871,-80.6617],"timeVisible":19.1525,"tipPosition":[-11.5634,287.85,-80.8632],"tipVelocity":[-45.5008,58.0524,20.1819],"tool":false,"touchDistance":-0.0209856,"touchZone":"touching","type":1,"width":18.9605},{"bases":[[[0.970334,0.225516,0.0871499],[-0.233931,0.784711,0.574026],[0.0610644,-0.577384,0.814186]],[[0.969486,0.232783,0.0768698],[-0.1257,0.741246,-0.659358],[-0.210467,0.629576,0.747889]],[[0.969486,0.232783,0.0768698],[0.182202,-0.474431,-0.86123],[-0.16401,0.848957,-0.502368]],[[0.969486,0.232783,0.0768698],[0.243658,-0.880499,-0.406636],[-0.0269741,0.412958,-0.910351]]],"btipPosition":[38.1742,218.579,-5.161],"carpPosition":[27.3377,240.109,55.0842],"dipPosition":[37.6773,226.186,-21.9302],"direction":[0.16401,-0.848957,0.502368],"extended":false,"handId":465,"id":4652,"length":65.6822,"mcpPosition":[23.1615,279.596,-0.597321],"pipPosition":[33.1056,249.85,-35.9334],"stabilizedTipPosition":[41.1749,214.952,-14.0159],"timeVisible":19.1525,"tipPosition":[38.1426,220.452,-10.3765],"tipVelocity":[-35.2118,52.631,51.6121],"tool":false,"touchDistance":0.333333,"touchZone":"none","type":2,"width":18.6218},{"bases":[[[0.983599,0.07829,0.162492],[-0.161941,0.780012,0.604448],[-0.0794235,-0.620848,0.779897]],[[0.985928,0.102137,0.132343],[0.0104487,0.752459,-0.658556],[-0.166845,0.650671,0.740803]],[[0.985928,0.102137,0.132343],[0.166566,-0.532843,-0.829659],[-0.0142204,0.840028,-0.542357]],[[0.985928,0.102137,0.132343],[0.143262,-0.924203,-0.354013],[0.0861541,0.367991,-0.925829]]],"btipPosition":[49.7021,224.042,7.33224],"carpPosition":[38.7098,243.968,55.9804],"dipPosition":[51.28,230.782,-9.62409],"direction":[0.0142204,-0.840028,0.542357],"extended":false,"handId":465,"id":4653,"length":63.1552,"mcpPosition":[43.5866,282.09,8.09311],"pipPosition":[50.8938,253.593,-24.3515],"stabilizedTipPosition":[53.6506,219.201,-1.25134],"timeVisible":19.1525,"tipPosition":[50.2339,225.376,2.09305],"tipVelocity":[-39.2633,63.5201,52.237],"tool":false,"touchDistance":0.333333,"touchZone":"none","type":3,"width":17.7198},{"bases":[[[0.980942,-0.124056,0.149544],[-0.0133605,0.724758,0.688874],[-0.193842,-0.677743,0.709288]],[[0.996448,-0.0476386,0.0694459],[0.0792691,0.809002,-0.582437],[-0.0284353,0.585873,0.809904]],[[0.996448,-0.0476386,0.0694459],[0.0383687,-0.477258,-0.877925],[0.0749667,0.877471,-0.473735]],[[0.996448,-0.0476386,0.0694459],[-0.013485,-0.904244,-0.426804],[0.0831283,0.424351,-0.901674]]],"btipPosition":[61.5414,235.59,10.9128],"carpPosition":[52.3798,241.367,54.9824],"dipPosition":[62.946,242.76,-4.32203],"direction":[-0.0749667,-0.877471,0.473735],"extended":false,"handId":465,"id":4654,"length":49.5125,"mcpPosition":[63.3977,279.89,14.667],"pipPosition":[64.3832,259.583,-13.4046],"stabilizedTipPosition":[64.7179,232.134,4.65215],"timeVisible":19.1525,"tipPosition":[61.9109,237.049,6.78269],"tipVelocity":[-38.4338,62.5736,31.9617],"tool":false,"touchDistance":0.333333,"touchZone":"none","type":4,"width":15.7401}],"r":[[0.93165,0.0951971,0.350666],[-0.246283,0.875008,0.416781],[-0.267159,-0.474657,0.838646]],"s":1.07849,"t":[107.464,-1.6907,-104.527],"timestamp":93303643228},false],[3,{"currentFrameRate":55.3426,"devices":[],"gestures":[],"hands":[{"armBasis":[[0.915551,0.382236,-0.125151],[-0.354897,0.914173,0.195793],[0.189249,-0.134843,0.972627]],"armWidth":62.4607,"confidence":0.750238,"direction":[-0.0874321,0.693285,-0.71534],"elbow":[88.8728,194.55,314.464],"grabStrength":0,"id":465,"palmNormal":[0.363014,-0.64654,-0.670975],"palmPosition":[28.763,261.819,14.8806],"palmVelocity":[-44.0183,51.4774,9.52748],"palmWidth":89.1918,"pinchStrength":0.27903,"r":[[0.931458,0.0961252,0.350922],[-0.248281,0.872951,0.419897],[-0.265975,-0.478244,0.836983]],"s":1.08008,"sphereCenter":[21.9829,241.871,-28.4959],"sphereRadius":47.8759,"stabilizedPalmPosition":[32.0203,257.503,13.1801],"t":[106.665,-0.760157,-104.363],"timeVisible":19.1707,"type":"right","wrist":[38.7854,230.238,57.0451]}],"id":1674101,"interactionBox":{"center":[0,200,0],"size":[235.247,235.247,147.751]},"pointables":[{"bases":[[[0.0315429,0.841665,0.539077],[-0.874809,-0.237624,0.422191],[0.483441,-0.484907,0.728801]],[[-0.0223193,0.890293,0.454841],[-0.875468,-0.237093,0.42112],[0.48276,-0.388799,0.784715]],[[-0.0223193,0.890293,0.454841],[-0.980761,0.0687545,-0.182705],[-0.193933,-0.450168,0.87163]],[[-0.0223193,0.890293,0.454841],[-0.937544,0.139338,-0.318742],[-0.34715,-0.433547,0.831579]]],"btipPosition":[7.82189,256.187,-39.7177],"carpPosition":[16.9983,212.171,46.888],"dipPosition":[-0.142115,246.241,-20.6404],"direction":[0.193933,0.450168,-0.87163],"extended":false,"handId":465,"id":4650,"length":51.0864,"mcpPosition":[16.9983,212.171,46.888],"pipPosition":[-6.6237,231.196,8.49105],"stabilizedTipPosition":[5.95231,253.893,-35.3198],"timeVisible":19.1707,"tipPosition":[6.14393,253.101,-35.4644],"tipVelocity":[8.80056,37.7618,1.21965],"tool":false,"touchDistance":-0.0662493,"touchZone":"touching","type":0,"width":19.8498},{"bases":[[[0.899823,0.430228,0.0722664],[-0.394888,0.73284,0.554084],[0.185422,-0.527115,0.829318]],[[0.860752,0.505962,-0.0557464],[-0.445507,0.801791,0.398314],[0.246229,-0.318014,0.915554]],[[0.860752,0.505962,-0.0557464],[-0.481349,0.844678,0.234142],[0.165555,-0.174705,0.970603]],[[0.860752,0.505962,-0.0557464],[-0.498868,0.860272,0.105178],[0.101173,-0.0627225,0.99289]]],"btipPosition":[-12.9008,290.948,-84.2008],"carpPosition":[16.4575,234.352,53.7881],"dipPosition":[-11.2063,289.897,-67.5719],"direction":[-0.165555,0.174705,-0.970603],"extended":true,"handId":465,"id":4651,"length":57.6453,"mcpPosition":[3.08561,272.365,-6.01868],"pipPosition":[-7.2839,285.758,-44.5757],"stabilizedTipPosition":[-12.457,290.588,-80.3944],"timeVisible":19.1707,"tipPosition":[-12.3482,289.57,-80.6226],"tipVelocity":[-43.7006,76.457,17.3159],"tool":false,"touchDistance":-0.0166976,"touchZone":"touching","type":1,"width":18.9605},{"bases":[[[0.970648,0.22378,0.0881222],[-0.232911,0.783274,0.576397],[0.0599622,-0.580004,0.812404]],[[0.96982,0.231033,0.0779307],[-0.123021,0.739609,-0.661698],[-0.210512,0.632141,0.74571]],[[0.96982,0.231033,0.0779307],[0.183608,-0.4817,-0.856886],[-0.16043,0.845334,-0.509581]],[[0.96982,0.231033,0.0779307],[0.242716,-0.884356,-0.398752],[-0.0232064,0.405633,-0.913742]]],"btipPosition":[37.1803,219.78,-4.66014],"carpPosition":[26.4354,241.016,55.0967],"dipPosition":[36.7528,227.252,-21.4918],"direction":[0.16043,-0.845334,0.509581],"extended":false,"handId":465,"id":4652,"length":65.6822,"mcpPosition":[22.3347,280.682,-0.462953],"pipPosition":[32.2809,250.815,-35.6961],"stabilizedTipPosition":[40.7456,215.639,-13.4406],"timeVisible":19.1707,"tipPosition":[37.1782,221.591,-9.94247],"tipVelocity":[-44.1012,58.2649,39.7812],"tool":false,"touchDistance":0.333333,"touchZone":"none","type":2,"width":18.6218},{"bases":[[[0.98367,0.0763008,0.16301],[-0.160937,0.778372,0.606824],[-0.0805812,-0.623149,0.777941]],[[0.986038,0.100166,0.133027],[0.0129099,0.75047,-0.660778],[-0.16602,0.65327,0.738699]],[[0.986038,0.100166,0.133027],[0.166207,-0.542979,-0.823134],[-0.0102193,0.833751,-0.552046]],[[0.986038,0.100166,0.133027],[0.140487,-0.929281,-0.341614],[0.089401,0.355533,-0.930378]]],"btipPosition":[48.6722,225.356,7.91859],"carpPosition":[37.8131,244.856,56.0081],"dipPosition":[50.3096,231.867,-9.12105],"direction":[0.0102193,-0.833751,0.552046],"extended":false,"handId":465,"id":4653,"length":63.1552,"mcpPosition":[42.761,283.118,8.24091],"pipPosition":[50.0321,254.507,-24.1116],"stabilizedTipPosition":[53.0041,220.276,-0.513653],"timeVisible":19.1707,"tipPosition":[49.2345,226.596,2.61035],"tipVelocity":[-47.2257,66.346,42.2267],"tool":false,"touchDistance":0.333333,"touchZone":"none","type":3,"width":17.7198},{"bases":[[[0.980711,-0.126,0.149432],[-0.012464,0.722632,0.69112],[-0.195066,-0.679652,0.707123]],[[0.996228,-0.050384,0.0706476],[0.0822474,0.807786,-0.58371],[-0.0276585,0.587319,0.808883]],[[0.996228,-0.050384,0.0706476],[0.0373348,-0.486068,-0.873123],[0.0783309,0.872467,-0.482354]],[[0.996228,-0.050384,0.0706476],[-0.0164634,-0.909122,-0.416205],[0.0851973,0.413472,-0.906522]]],"btipPosition":[60.5842,236.798,11.3418],"carpPosition":[51.4795,242.237,55.0058],"dipPosition":[62.0237,243.784,-3.97493],"direction":[-0.0783309,-0.872467,0.482354],"extended":false,"handId":465,"id":4654,"length":49.5125,"mcpPosition":[62.5669,280.868,14.8135],"pipPosition":[63.5255,260.511,-13.2227],"stabilizedTipPosition":[64.0332,233.264,5.22239],"timeVisible":19.1707,"tipPosition":[60.9783,238.183,7.10031],"tipVelocity":[-45.0313,63.3496,27.4944],"tool":false,"touchDistance":0.333333,"touchZone":"none","type":4,"width":15.7401}],"r":[[0.931458,0.0961252,0.350922],[-0.248281,0.872951,0.419897],[-0.265975,-0.478244,0.836983]],"s":1.08008,"t":[106.665,-0.760157,-104.363],"timestamp":93303661385},false],[4,{"currentFrameRate":55.3723,"devices":[],"gestures":[],"hands":[{"armBasis":[[0.915214,0.379171,-0.136426],[-0.349425,0.915372,0.19999],[0.200711,-0.135363,0.970254]],"armWidth":62.4607,"confidence":0.752958,"direction":[-0.0810103,0.695958,-0.713498],"elbow":[90.3064,195.814,313.969],"grabStrength":0,"id":465,"palmNormal":[0.360201,-0.647028,-0.672019],"palmPosition":[27.4784,263.411,15.0831],"palmVelocity":[-57.0324,69.0845,10.3536],"palmWidth":89.1918,"pinchStrength":0.316603,"r":[[0.931268,0.0953908,0.351625],[-0.248889,0.871384,0.422781],[-0.266071,-0.481238,0.835234]],"s":1.07859,"sphereCenter":[20.488,243.852,-28.116],"sphereRadius":47.72,"stabilizedPalmPosition":[31.0845,258.72,13.5722],"t":[105.623,0.50155,-104.18],"timeVisible":19.1886,"type":"right","wrist":[37.1854,231.639,57.1778]}],"id":1674102,"interactionBox":{"center":[0,200,0],"size":[235.247,235.247,147.751]},"pointables":[{"bases":[[[0.0359873,0.839847,0.541628],[-0.877407,-0.232895,0.419424],[0.478395,-0.490323,0.728507]],[[-0.022943,0.893631,0.448215],[-0.884137,-0.227413,0.408149],[0.466664,-0.386919,0.79531]],[[-0.022943,0.893631,0.448215],[-0.974447,0.0802135,-0.209806],[-0.223442,-0.441575,0.868956]],[[-0.022943,0.893631,0.448215],[-0.909903,0.167077,-0.379686],[-0.414186,-0.416543,0.809285]]],"btipPosition":[9.43534,256.999,-39.6071],"carpPosition":[15.3,213.752,46.9162],"dipPosition":[-0.0665278,247.443,-21.0413],"direction":[0.223442,0.441575,-0.868956],"extended":false,"handId":465,"id":4650,"length":51.0864,"mcpPosition":[15.3,213.752,46.9162],"pipPosition":[-7.53435,232.684,8.0008],"stabilizedTipPosition":[7.22396,254.783,-35.3366],"timeVisible":19.1886,"tipPosition":[6.55611,254.528,-35.3216],"tipVelocity":[37.8181,43.634,0.456594],"tool":false,"touchDistance":-0.0663671,"touchZone":"touching","type":0,"width":19.8498},{"bases":[[[0.902556,0.423874,0.0756562],[-0.391209,0.733886,0.555308],[0.179858,-0.530794,0.828196]],[[0.86509,0.499102,-0.0501577],[-0.439378,0.802197,0.40426],[0.242003,-0.327683,0.913268]],[[0.86509,0.499102,-0.0501577],[-0.475057,0.847285,0.237549],[0.161059,-0.181674,0.97008]],[[0.86509,0.499102,-0.0501577],[-0.492281,0.863937,0.106171],[0.0963232,-0.0671557,0.993082]]],"btipPosition":[-13.6975,293.423,-83.9222],"carpPosition":[14.8938,235.916,53.8803],"dipPosition":[-12.0843,292.298,-67.2901],"direction":[-0.161059,0.181674,-0.97008],"extended":true,"handId":465,"id":4651,"length":57.6453,"mcpPosition":[1.92322,274.194,-5.84557],"pipPosition":[-8.26834,287.994,-44.3063],"stabilizedTipPosition":[-13.2858,293.044,-80.1108],"timeVisible":19.1886,"tipPosition":[-13.1978,292.011,-80.3551],"tipVelocity":[-44.5078,105.041,16.482],"tool":false,"touchDistance":-0.0155385,"touchZone":"touching","type":1,"width":18.9605},{"bases":[[[0.971936,0.216903,0.0910706],[-0.228946,0.78315,0.578152],[0.0540812,-0.582777,0.81083]],[[0.971156,0.224411,0.0805922],[-0.113688,0.73289,-0.670782],[-0.209596,0.642271,0.737263]],[[0.971156,0.224411,0.0805922],[0.186455,-0.504041,-0.843313],[-0.148627,0.834016,-0.531345]],[[0.971156,0.224411,0.0805922],[0.23815,-0.896118,-0.37451],[-0.011824,0.3829,-0.923714]]],"btipPosition":[35.4788,221.717,-3.22772],"carpPosition":[24.9137,242.508,55.2321],"dipPosition":[35.261,228.77,-20.2431],"direction":[0.148627,-0.834016,0.531345],"extended":false,"handId":465,"id":4652,"length":65.6822,"mcpPosition":[21.2152,282.363,-0.219964],"pipPosition":[31.1181,252.018,-35.054],"stabilizedTipPosition":[40.1414,216.514,-12.7247],"timeVisible":19.1886,"tipPosition":[35.5597,223.366,-8.78071],"tipVelocity":[-66.7876,79.1805,57.5811],"tool":false,"touchDistance":0.333333,"touchZone":"none","type":2,"width":18.6218},{"bases":[[[0.983776,0.0691202,0.165554],[-0.15708,0.777669,0.608734],[-0.0866703,-0.624863,0.775909]],[[0.986373,0.0929968,0.135721],[0.0197185,0.752158,-0.658688],[-0.16334,0.652388,0.740074]],[[0.986373,0.0929968,0.135721],[0.164495,-0.541437,-0.824492],[-0.00319047,0.835582,-0.549357]],[[0.986373,0.0929968,0.135721],[0.135,-0.929002,-0.344573],[0.0940413,0.358199,-0.928897]]],"btipPosition":[47.1548,226.812,8.05649],"carpPosition":[36.3151,246.267,56.1816],"dipPosition":[48.8772,233.373,-8.95602],"direction":[0.00319047,-0.835582,0.549357],"extended":false,"handId":465,"id":4653,"length":63.1552,"mcpPosition":[41.6368,284.635,8.5392],"pipPosition":[48.7905,256.062,-23.8735],"stabilizedTipPosition":[52.1274,221.569,0.235104],"timeVisible":19.1886,"tipPosition":[47.7347,228.079,2.78381],"tipVelocity":[-64.3408,73.6236,26.0515],"tool":false,"touchDistance":0.333333,"touchZone":"none","type":3,"width":17.7198},{"bases":[[[0.979473,-0.133115,0.151373],[-0.00919013,0.720672,0.693216],[-0.201368,-0.680377,0.704655]],[[0.995601,-0.0580501,0.0735482],[0.0901572,0.807244,-0.583291],[-0.0255112,0.587356,0.808927]],[[0.995601,-0.0580501,0.0735482],[0.0356194,-0.491536,-0.870129],[0.0866626,0.868921,-0.487305]],[[0.995601,-0.0580501,0.0735482],[-0.0229422,-0.912095,-0.409337],[0.090845,0.405849,-0.909414]]],"btipPosition":[59.099,238.356,11.8224],"carpPosition":[49.9657,243.558,55.2038],"dipPosition":[60.634,245.213,-3.54317],"direction":[-0.0866626,-0.868921,0.487305],"extended":false,"handId":465,"id":4654,"length":49.5125,"mcpPosition":[61.4112,282.23,15.1518],"pipPosition":[62.2955,261.872,-12.8859],"stabilizedTipPosition":[63.1577,234.538,5.80828],"timeVisible":19.1886,"tipPosition":[59.5236,239.686,7.52711],"tipVelocity":[-62.2736,73.6371,26.8534],"tool":false,"touchDistance":0.333333,"touchZone":"none","type":4,"width":15.7401}],"r":[[0.931268,0.0953908,0.351625],[-0.248889,0.871384,0.422781],[-0.266071,-0.481238,0.835234]],"s":1.07859,"t":[105.623,0.50155,-104.18],"timestamp":93303679342},false],[5,{"currentFrameRate":55.3629,"devices":[],"gestures":[],"hands":[{"armBasis":[[0.916231,0.372822,-0.146714],[-0.341099,0.917958,0.202498],[0.210173,-0.135491,0.96823]],"armWidth":62.4607,"confidence":0.75829,"direction":[-0.0767069,0.695157,-0.714754],"elbow":[91.5745,197.254,313.465],"grabStrength":0,"id":465,"palmNormal":[0.352566,-0.651641,-0.671611],"palmPosition":[26.4131,264.883,15.0732],"palmVelocity":[-57.9067,74.8957,5.17056],"palmWidth":89.1918,"pinchStrength":0.343986,"r":[[0.931475,0.0932809,0.351644],[-0.247586,0.870749,0.424849],[-0.266563,-0.482798,0.834176]],"s":1.07553,"sphereCenter":[18.938,245.424,-27.9223],"sphereRadius":47.6656,"stabilizedPalmPosition":[30.0517,260.082,13.904],"t":[104.57,1.86801,-104.093],"timeVisible":19.2067,"type":"right","wrist":[35.9492,233.113,57.209]}],"id":1674103,"interactionBox":{"center":[0,200,0],"size":[235.247,235.247,147.751]},"pointables":[{"bases":[[[0.0449787,0.840626,0.539745],[-0.878318,-0.224139,0.422279],[0.475957,-0.493061,0.728255]],[[-0.0151085,0.895858,0.444083],[-0.887702,-0.216418,0.406384],[0.46017,-0.388074,0.798525]],[[-0.0151085,0.895858,0.444083],[-0.97084,0.0931286,-0.2209],[-0.239252,-0.434471,0.868328]],[[-0.0151085,0.895858,0.444083],[-0.881835,0.197413,-0.428247],[-0.471317,-0.398078,0.787016]]],"btipPosition":[10.1688,258.043,-39.1044],"carpPosition":[13.8767,215.401,47.0444],"dipPosition":[-0.643656,248.911,-21.0494],"direction":[0.239252,0.434471,-0.868328],"extended":false,"handId":465,"id":4650,"length":51.0864,"mcpPosition":[13.8767,215.401,47.0444],"pipPosition":[-8.63988,234.39,7.97168],"stabilizedTipPosition":[7.67491,255.925,-34.9577],"timeVisible":19.2067,"tipPosition":[6.55435,255.854,-34.9985],"tipVelocity":[31.1886,52.9008,10.3638],"tool":false,"touchDistance":-0.0599465,"touchZone":"touching","type":0,"width":19.8498},{"bases":[[[0.906519,0.415924,0.0723249],[-0.383111,0.738528,0.5548],[0.177341,-0.530645,0.828834]],[[0.870132,0.490115,-0.051561],[-0.42971,0.805766,0.407542],[0.241289,-0.332459,0.91173]],[[0.870132,0.490115,-0.051561],[-0.465768,0.852042,0.238923],[0.161032,-0.183879,0.969669]],[[0.870132,0.490115,-0.051561],[-0.483251,0.869072,0.105746],[0.0966378,-0.0670958,0.993056]]],"btipPosition":[-14.6963,295.331,-83.8111],"carpPosition":[13.688,237.582,53.9625],"dipPosition":[-13.0778,294.208,-67.1794],"direction":[-0.161032,0.183879,-0.969669],"extended":true,"handId":465,"id":4651,"length":57.6453,"mcpPosition":[0.898913,275.85,-5.80939],"pipPosition":[-9.26255,289.851,-44.2054],"stabilizedTipPosition":[-14.2923,295.011,-79.9896],"timeVisible":19.2067,"tipPosition":[-14.2351,293.909,-80.2466],"tipVelocity":[-49.5603,105.247,11.5624],"tool":false,"touchDistance":-0.0179361,"touchZone":"touching","type":1,"width":18.9605},{"bases":[[[0.974083,0.208372,0.0879918],[-0.220351,0.786383,0.577102],[0.0510568,-0.581535,0.811918]],[[0.973328,0.215998,0.0773127],[-0.10739,0.726758,-0.678446],[-0.202731,0.652048,0.73057]],[[0.973328,0.215998,0.0773127],[0.182371,-0.524014,-0.831955],[-0.139188,0.823865,-0.54943]],[[0.973328,0.215998,0.0773127],[0.229335,-0.90707,-0.353028],[-0.00612526,0.361343,-0.932413]]],"btipPosition":[33.8496,223.429,-2.28033],"carpPosition":[23.7702,244.087,55.2733],"dipPosition":[33.7368,230.085,-19.4559],"direction":[0.139188,-0.823865,0.54943],"extended":false,"handId":465,"id":4652,"length":65.6822,"mcpPosition":[20.2785,283.858,-0.253126],"pipPosition":[29.857,253.05,-34.771],"stabilizedTipPosition":[39.3122,217.623,-11.8724],"timeVisible":19.2067,"tipPosition":[33.9713,224.9,-7.93355],"tipVelocity":[-77.2081,84.1322,54.1279],"tool":false,"touchDistance":0.333333,"touchZone":"none","type":2,"width":18.6218},{"bases":[[[0.984801,0.0606457,0.162757],[-0.148455,0.780322,0.607502],[-0.0901602,-0.622431,0.777465]],[[0.987506,0.0841404,0.133239],[0.0255337,0.74891,-0.662179],[-0.1555,0.657308,0.737405]],[[0.987506,0.0841404,0.133239],[0.157534,-0.548151,-0.82141],[0.00392144,0.832137,-0.554557]],[[0.987506,0.0841404,0.133239],[0.125209,-0.932338,-0.339218],[0.0956821,0.351662,-0.931224]]],"btipPosition":[45.6948,228.14,8.26419],"carpPosition":[35.2073,247.746,56.1841],"dipPosition":[47.4472,234.58,-8.79094],"direction":[-0.00392144,-0.832137,0.554557],"extended":false,"handId":465,"id":4653,"length":63.1552,"mcpPosition":[40.7433,285.964,8.44616],"pipPosition":[47.5537,257.177,-23.8497],"stabilizedTipPosition":[51.0024,223.072,1.00131],"timeVisible":19.2067,"tipPosition":[46.2807,229.381,2.99358],"tipVelocity":[-71.932,72.7748,18.8637],"tool":false,"touchDistance":0.333333,"touchZone":"none","type":3,"width":17.7198},{"bases":[[[0.978648,-0.141572,0.149017],[-0.000853262,0.722179,0.691706],[-0.205543,-0.677064,0.706638]],[[0.995202,-0.0670633,0.0712454],[0.096162,0.804826,-0.585669],[-0.0180633,0.58971,0.807413]],[[0.995202,-0.0670633,0.0712454],[0.0287906,-0.495203,-0.8683],[0.0935121,0.866185,-0.490896]],[[0.995202,-0.0670633,0.0712454],[-0.0325374,-0.91355,-0.405422],[0.0922752,0.401159,-0.911349]]],"btipPosition":[57.7874,239.572,11.8352],"carpPosition":[48.8304,244.913,55.1753],"dipPosition":[59.3465,246.351,-3.56311],"direction":[-0.0935121,-0.866185,0.490896],"extended":false,"handId":465,"id":4654,"length":49.5125,"mcpPosition":[60.5133,283.397,15.0106],"pipPosition":[61.1394,262.957,-12.9747],"stabilizedTipPosition":[62.1039,235.925,6.33089],"timeVisible":19.2067,"tipPosition":[58.2147,240.881,7.5423],"tipVelocity":[-66.9833,70.1096,14.221],"tool":false,"touchDistance":0.333333,"touchZone":"none","type":4,"width":15.7401}],"r":[[0.931475,0.0932809,0.351644],[-0.247586,0.870749,0.424849],[-0.266563,-0.482798,0.834176]],"s":1.07553,"t":[104.57,1.86801,-104.093],"timestamp":93303697437},false],[6,{"currentFrameRate":55.3496,"devices":[],"gestures":[],"hands":[{"armBasis":[[0.915611,0.37544,-0.14388],[-0.343507,0.916427,0.205342],[0.208949,-0.138589,0.968057]],"armWidth":62.4607,"confidence":0.759715,"direction":[-0.0804465,0.693207,-0.716235],"elbow":[90.6908,197.745,313.639],"grabStrength":0,"id":465,"palmNormal":[0.352532,-0.652334,-0.670956],"palmPosition":[25.6577,266.065,15.2416],"palmVelocity":[-50.1972,70.3257,7.13243],"palmWidth":89.1918,"pinchStrength":0.36068,"r":[[0.931775,0.0922599,0.351118],[-0.246782,0.870312,0.42621],[-0.26626,-0.483781,0.833703]],"s":1.07212,"sphereCenter":[18.0415,246.522,-27.6433],"sphereRadius":47.6614,"stabilizedPalmPosition":[29.0488,261.448,14.2093],"t":[103.665,3.14256,-103.966],"timeVisible":19.2248,"type":"right","wrist":[35.3896,234.424,57.429]}],"id":1674104,"interactionBox":{"center":[0,200,0],"size":[235.247,235.247,147.751]},"pointables":[{"bases":[[[0.0441575,0.842056,0.53758],[-0.8766,-0.225448,0.425142],[0.47919,-0.490016,0.72819]],[[-0.0160464,0.896671,0.442408],[-0.885889,-0.217911,0.40953],[0.463619,-0.385353,0.797847]],[[-0.0160464,0.896671,0.442408],[-0.970413,0.0926455,-0.222971],[-0.240919,-0.432896,0.868654]],[[-0.0160464,0.896671,0.442408],[-0.86038,0.213038,-0.462991],[-0.5094,-0.388068,0.768059]]],"btipPosition":[10.3905,258.855,-38.3257],"carpPosition":[13.3378,216.629,47.3658],"dipPosition":[-1.29568,249.953,-20.7056],"direction":[0.240919,0.432896,-0.868654],"extended":false,"handId":465,"id":4650,"length":51.0864,"mcpPosition":[13.3378,216.629,47.3658],"pipPosition":[-9.3476,235.484,8.3263],"stabilizedTipPosition":[7.7018,256.779,-34.295],"timeVisible":19.2248,"tipPosition":[6.43309,256.765,-34.4327],"tipVelocity":[16.8906,50.4491,23.2608],"tool":false,"touchDistance":-0.0486364,"touchZone":"touching","type":0,"width":19.8498},{"bases":[[[0.905593,0.418512,0.068918],[-0.383617,0.738854,0.554015],[0.180941,-0.52815,0.829649]],[[0.869247,0.491469,-0.0535467],[-0.429941,0.804971,0.408867],[0.244049,-0.332384,0.911022]],[[0.869247,0.491469,-0.0535467],[-0.46682,0.851622,0.238367],[0.162751,-0.182203,0.969698]],[[0.869247,0.491469,-0.0535467],[-0.484688,0.868537,0.103545],[0.0973963,-0.0640525,0.993182]]],"btipPosition":[-15.7056,296.301,-83.5748],"carpPosition":[13.108,238.826,54.2305],"dipPosition":[-14.0744,295.229,-66.9411],"direction":[-0.162751,0.182203,-0.969698],"extended":true,"handId":465,"id":4651,"length":57.6453,"mcpPosition":[0.0593276,276.914,-5.60014],"pipPosition":[-10.2184,290.912,-43.9663],"stabilizedTipPosition":[-15.2978,296.022,-79.7566],"timeVisible":19.2248,"tipPosition":[-15.2739,294.909,-80.0029],"tipVelocity":[-52.4154,80.9522,12.2797],"tool":false,"touchDistance":-0.0139906,"touchZone":"touching","type":1,"width":18.9605},{"bases":[[[0.973752,0.211179,0.0849105],[-0.220927,0.787197,0.575771],[0.0547496,-0.579417,0.81319]],[[0.972945,0.218806,0.0741729],[-0.11035,0.722166,-0.682861],[-0.20298,0.656202,0.726773]],[[0.972945,0.218806,0.0741729],[0.182543,-0.531246,-0.827318],[-0.141619,0.818475,-0.556815]],[[0.972945,0.218806,0.0741729],[0.230897,-0.909727,-0.345083],[-0.00802937,0.352874,-0.935637]]],"btipPosition":[33.1178,224.668,-1.69712],"carpPosition":[23.1763,245.361,55.4988],"dipPosition":[32.9699,231.168,-18.9321],"direction":[0.141619,-0.818475,0.556815],"extended":false,"handId":465,"id":4652,"length":65.6822,"mcpPosition":[19.432,284.987,-0.114581],"pipPosition":[29.0224,253.983,-34.453],"stabilizedTipPosition":[38.4208,218.845,-10.9834],"timeVisible":19.2248,"tipPosition":[33.2258,226.089,-7.32361],"tipVelocity":[-59.9057,75.701,43.3332],"tool":false,"touchDistance":0.333333,"touchZone":"none","type":2,"width":18.6218},{"bases":[[[0.985061,0.0636644,0.160005],[-0.148935,0.781401,0.605995],[-0.0864481,-0.620773,0.77921]],[[0.987621,0.0870432,0.130489],[0.0219075,0.747203,-0.664235],[-0.155319,0.658871,0.736047]],[[0.987621,0.0870432,0.130489],[0.156856,-0.549674,-0.820521],[0.000305548,0.830832,-0.556523]],[[0.987621,0.0870432,0.130489],[0.126804,-0.932728,-0.337549],[0.0923292,0.349917,-0.932219]]],"btipPosition":[45.0172,229.343,8.47459],"carpPosition":[34.6059,249.052,56.3705],"dipPosition":[46.7082,235.752,-8.59877],"direction":[-0.000305548,-0.830832,0.556523],"extended":false,"handId":465,"id":4653,"length":63.1552,"mcpPosition":[39.914,287.169,8.52544],"pipPosition":[46.7165,258.313,-23.7109],"stabilizedTipPosition":[49.8627,224.649,1.72353],"timeVisible":19.2248,"tipPosition":[45.5836,230.583,3.22221],"tipVelocity":[-55.8754,69.5669,15.3043],"tool":false,"touchDistance":0.333333,"touchZone":"none","type":3,"width":17.7198},{"bases":[[[0.979412,-0.138602,0.146773],[-0.000957269,0.723857,0.689949],[-0.201871,-0.675885,0.708821]],[[0.995519,-0.0645462,0.0690995],[0.09292,0.803173,-0.588454],[-0.0175164,0.592238,0.805572]],[[0.995519,-0.0645462,0.0690995],[0.0277013,-0.499627,-0.865798],[0.0904079,0.863833,-0.4956]],[[0.995519,-0.0645462,0.0690995],[-0.0316181,-0.915942,-0.400062],[0.0891137,0.396085,-0.913879]]],"btipPosition":[57.0761,240.889,12.0652],"carpPosition":[48.2338,246.253,55.3326],"dipPosition":[58.5818,247.581,-3.37589],"direction":[-0.0904079,-0.863833,0.4956],"extended":false,"handId":465,"id":4654,"length":49.5125,"mcpPosition":[59.708,284.67,15.0438],"pipPosition":[60.3151,264.143,-12.8777],"stabilizedTipPosition":[61.065,237.368,6.8153],"timeVisible":19.2248,"tipPosition":[57.4922,242.17,7.76452],"tipVelocity":[-54.1172,70.8124,13.2372],"tool":false,"touchDistance":0.333333,"touchZone":"none","type":4,"width":15.7401}],"r":[[0.931775,0.0922599,0.351118],[-0.246782,0.870312,0.42621],[-0.26626,-0.483781,0.833703]],"s":1.