{"sensorType":"Leap","data":[[0,{"currentFrameRate":109.309,"devices":[],"gestures":[],"hands":[{"armBasis":[[0.978349,0.198584,-0.0582974],[-0.179862,0.95516,0.235198],[0.10239,-0.21962,0.970198]],"armWidth":62.4607,"confidence":0.687431,"direction":[-0.02671,0.757891,-0.651834],"elbow":[73.8992,143.613,300.616],"grabStrength":0,"id":465,"palmNormal":[0.201124,-0.634658,-0.746162],"palmPosition":[38.9214,238.039,5.16433],"palmVelocity":[-33.5068,43.6846,-0.528802],"palmWidth":89.1918,"pinchStrength":0.360017,"r":[[0.954941,-0.080514,0.285667],[-0.0834228,0.850884,0.518688],[-0.284831,-0.519147,0.805827]],"s":1.0609,"sphereCenter":[29.0614,222.61,-39.24],"sphereRadius":46.6529,"stabilizedPalmPosition":[40.7913,235.98,4.20661],"t":[116.352,-24.0821,-113.781],"timeVisible":13.5577,"type":"right","wrist":[46.8003,201.738,43.8397]}],"id":1673754,"interactionBox":{"center":[0,200,0],"size":[235.247,235.247,147.751]},"pointables":[{"bases":[[[0.208926,0.776319,0.59471],[-0.867577,-0.133497,0.47905],[0.451288,-0.616042,0.645625]],[[0.0967602,0.899571,0.425921],[-0.873059,-0.128768,0.470305],[0.477918,-0.417361,0.772919]],[[0.0967602,0.899571,0.425921],[-0.9794,0.162258,-0.120199],[-0.177237,-0.405517,0.89674]],[[0.0967602,0.899571,0.425921],[-0.975741,0.170169,-0.137739],[-0.196384,-0.402261,0.894214]]],"btipPosition":[8.69939,231.46,-53.9636],"carpPosition":[21.6556,188.257,34.341],"dipPosition":[4.19412,222.232,-33.4494],"direction":[0.177237,0.405517,-0.89674],"extended":false,"handId":465,"id":4650,"length":51.0864,"mcpPosition":[21.6556,188.257,34.341],"pipPosition":[-1.72945,208.679,-3.47873],"stabilizedTipPosition":[8.37763,228.463,-49.3036],"timeVisible":13.5577,"tipPosition":[8.15491,228.959,-49.2903],"tipVelocity":[-42.2534,49.7275,7.6077],"tool":false,"touchDistance":-0.0930899,"touchZone":"touching","type":0,"width":19.8498},{"bases":[[[0.960816,0.276137,0.0241106],[-0.227193,0.734705,0.639212],[0.158796,-0.619643,0.768653]],[[0.919201,0.378569,-0.108415],[-0.292276,0.840386,0.456428],[0.2639,-0.387862,0.883131]],[[0.919201,0.378569,-0.108415],[-0.34565,0.90756,0.238453],[0.188665,-0.181713,0.965083]],[[0.919201,0.378569,-0.108415],[-0.373158,0.925326,0.0672621],[0.125783,-0.0213713,0.991828]]],"btipPosition":[-3.87992,275.248,-89.2233],"carpPosition":[25.262,209.565,42.8767],"dipPosition":[-1.77332,274.89,-72.6122],"direction":[-0.188665,0.181713,-0.965083],"extended":true,"handId":465,"id":4651,"length":57.6453,"mcpPosition":[13.8104,254.251,-12.5552],"pipPosition":[2.69666,270.585,-49.7468],"stabilizedTipPosition":[-2.58217,274.196,-85.4957],"timeVisible":13.5577,"tipPosition":[-3.77863,275.163,-85.253],"tipVelocity":[-41.2138,51.1915,4.01156],"tool":false,"touchDistance":-0.0901489,"touchZone":"touching","type":1,"width":18.9605},{"bases":[[[0.997995,0.0605595,0.018411],[-0.0579435,0.75703,0.650806],[0.0254748,-0.650568,0.759021]],[[0.998124,0.0568348,0.0227552],[-0.0348748,0.833338,-0.551662],[-0.0503164,0.549834,0.833757]],[[0.998124,0.0568348,0.0227552],[0.0402374,-0.328884,-0.943513],[-0.0461405,0.942658,-0.330554]],[[0.998124,0.0568348,0.0227552],[0.0594654,-0.811675,-0.581074],[-0.0145554,0.581337,-0.813533]]],"btipPosition":[38.4529,195.974,-23.3149],"carpPosition":[36.2635,214.445,43.7873],"dipPosition":[38.1848,206.683,-38.3007],"direction":[0.0461405,-0.942658,0.330554],"extended":false,"handId":465,"id":4652,"length":65.6822,"mcpPosition":[34.5213,258.937,-8.12147],"pipPosition":[36.8986,232.959,-47.5147],"stabilizedTipPosition":[42.2279,194.732,-28.9322],"timeVisible":13.5577,"tipPosition":[38.4038,198.61,-26.2294],"tipVelocity":[-31.7838,46.561,-16.9068],"tool":false,"touchDistance":0.333333,"touchZone":"none","type":2,"width":18.6218},{"bases":[[[0.992375,-0.0930786,0.0807932],[0.0143484,0.738297,0.674323],[-0.122414,-0.668022,0.734004]],[[0.996721,-0.0642703,0.0491593],[0.0809045,0.801542,-0.59244],[-0.00132695,0.594475,0.804113]],[[0.996721,-0.0642703,0.0491593],[0.0209363,-0.382007,-0.923922],[0.0781599,0.921922,-0.379409]],[[0.996721,-0.0642703,0.0491593],[-0.0257878,-0.82817,-0.559883],[0.0766961,0.55678,-0.827112]]],"btipPosition":[52.1986,196.113,-10.8638],"carpPosition":[48.151,216.363,43.9719],"dipPosition":[53.6032,206.31,-26.0121],"direction":[-0.0781599,-0.921922,0.379409],"extended":false,"handId":465,"id":4653,"length":63.1552,"mcpPosition":[55.6675,257.38,-1.09739],"pipPosition":[55.7256,231.344,-36.3148],"stabilizedTipPosition":[55.7661,194.868,-16.1729],"timeVisible":13.5577,"tipPosition":[52.4255,198.595,-13.7974],"tipVelocity":[-30.3577,45.3896,-6.51605],"tool":false,"touchDistance":0.333333,"touchZone":"none","type":3,"width":17.7198},{"bases":[[[0.955434,-0.290469,0.0526675],[0.157653,0.652894,0.740861],[-0.249584,-0.69954,0.669591]],[[0.977349,-0.210432,-0.02253],[0.166713,0.8311,-0.530547],[0.130369,0.514773,0.847356]],[[0.977349,-0.210432,-0.02253],[-0.0922839,-0.327951,-0.940176],[0.190455,0.92096,-0.339942]],[[0.977349,-0.210432,-0.02253],[-0.183105,-0.787407,-0.58861],[0.106122,0.579403,-0.808103]]],"btipPosition":[65.3153,206.206,-5.6793],"carpPosition":[61.0923,211.734,41.5781],"dipPosition":[67.1084,215.996,-19.3331],"direction":[-0.190455,-0.92096,0.339942],"extended":false,"handId":465,"id":4654,"length":49.5125,"mcpPosition":[75.2784,251.495,3.51912],"pipPosition":[70.7598,233.653,-25.8506],"stabilizedTipPosition":[69.4144,204.468,-11.2839],"timeVisible":13.5577,"tipPosition":[65.7145,208.602,-8.33538],"tipVelocity":[-31.0696,46.5092,-10.2478],"tool":false,"touchDistance":0.333333,"touchZone":"none","type":4,"width":15.7401}],"r":[[0.954941,-0.080514,0.285667],[-0.0834228,0.850884,0.518688],[-0.284831,-0.519147,0.805827]],"s":1.0609,"t":[116.352,-24.0821,-113.781],"timestamp":93298048469},false],[1,{"currentFrameRate":109.415,"devices":[],"gestures":[],"hands":[{"armBasis":[[0.978135,0.199886,-0.0574187],[-0.181197,0.9546,0.236444],[0.102074,-0.22087,0.969947]],"armWidth":62.4607,"confidence":0.692902,"direction":[-0.0292866,0.758291,-0.651258],"elbow":[73.5361,143.883,300.234],"grabStrength":0,"id":465,"palmNormal":[0.200913,-0.633775,-0.746969],"palmPosition":[38.505,238.653,4.88839],"palmVelocity":[-37.065,50.4844,-8.80992],"palmWidth":89.1918,"pinchStrength":0.361353,"r":[[0.955252,-0.0797651,0.284836],[-0.0837082,0.850691,0.518958],[-0.283702,-0.519579,0.805947]],"s":1.06089,"sphereCenter":[28.6048,223.238,-39.5141],"sphereRadius":46.6554,"stabilizedPalmPosition":[40.3187,236.533,4.34753],"t":[115.98,-23.5386,-113.986],"timeVisible":13.5667,"type":"right","wrist":[46.5209,202.34,43.5241]}],"id":1673755,"interactionBox":{"center":[0,200,0],"size":[235.247,235.247,147.751]},"pointables":[{"bases":[[[0.208599,0.776288,0.594864],[-0.866453,-0.135411,0.480545],[0.453593,-0.615663,0.64437]],[[0.0958943,0.899457,0.426358],[-0.871662,-0.130943,0.472291],[0.480634,-0.41693,0.771466]],[[0.0958943,0.899457,0.426358],[-0.979869,0.16065,-0.118524],[-0.175102,-0.406409,0.896756]],[[0.0958943,0.899457,0.426358],[-0.976126,0.168838,-0.136641],[-0.194888,-0.403076,0.894175]]],"btipPosition":[8.18868,232.05,-54.171],"carpPosition":[21.3835,188.819,34.0621],"dipPosition":[3.71774,222.803,-33.6577],"direction":[0.175102,0.406409,-0.896756],"extended":false,"handId":465,"id":4650,"length":51.0864,"mcpPosition":[21.3835,188.819,34.0621],"pipPosition":[-2.13446,209.22,-3.68651],"stabilizedTipPosition":[7.89724,229.039,-49.3625],"timeVisible":13.5667,"tipPosition":[7.64386,229.556,-49.5046],"tipVelocity":[-46.0594,54.0088,-0.8103],"tool":false,"touchDistance":-0.0965498,"touchZone":"touching","type":0,"width":19.8498},{"bases":[[[0.960353,0.277873,0.0225425],[-0.227361,0.733848,0.640136],[0.161334,-0.619882,0.767931]],[[0.918439,0.380095,-0.109531],[-0.292917,0.839609,0.457446],[0.265836,-0.388053,0.882466]],[[0.918439,0.380095,-0.109531],[-0.346584,0.906714,0.24031],[0.190654,-0.182748,0.964497]],[[0.918439,0.380095,-0.109531],[-0.374352,0.92466,0.0697442],[0.127789,-0.0230526,0.991533]]],"btipPosition":[-4.52054,275.889,-89.3951],"carpPosition":[24.9667,210.127,42.6059],"dipPosition":[-2.38035,275.503,-72.789],"direction":[-0.190654,0.182748,-0.964497],"extended":true,"handId":465,"id":4651,"length":57.6453,"mcpPosition":[13.332,254.831,-12.7739],"pipPosition":[2.13676,271.173,-49.9375],"stabilizedTipPosition":[-3.18536,274.865,-85.5291],"timeVisible":13.5667,"tipPosition":[-4.40678,275.783,-85.4292],"tipVelocity":[-49.276,56.5698,-2.36679],"tool":false,"touchDistance":-0.093032,"touchZone":"touching","type":1,"width":18.9605},{"bases":[[[0.997915,0.0623679,0.0166253],[-0.0581313,0.756473,0.651436],[0.0280521,-0.651044,0.758521]],[[0.998061,0.0585907,0.0210247],[-0.0373821,0.83421,-0.550179],[-0.0497744,0.548326,0.834782]],[[0.998061,0.0585907,0.0210247],[0.0390862,-0.326988,-0.94422],[-0.0484476,0.94321,-0.328644]],[[0.998061,0.0585907,0.0210247],[0.0598567,-0.810583,-0.582557],[-0.0170902,0.582686,-0.812518]]],"btipPosition":[38.0594,196.62,-23.6886],"carpPosition":[35.9609,215.028,43.4998],"dipPosition":[37.7446,207.353,-38.6557],"direction":[0.0484476,-0.94321,0.328644],"extended":false,"handId":465,"id":4652,"length":65.6822,"mcpPosition":[34.0424,259.552,-8.37483],"pipPosition":[36.3941,233.645,-47.8164],"stabilizedTipPosition":[41.92,195.049,-28.8015],"timeVisible":13.5667,"tipPosition":[38.0003,199.248,-26.5949],"tipVelocity":[-35.4401,53.7295,-23.5662],"tool":false,"touchDistance":0.333333,"touchZone":"none","type":2,"width":18.6218},{"bases":[[[0.99269,-0.0913232,0.0789112],[0.0142377,0.737857,0.674807],[-0.119851,-0.668751,0.733763]],[[0.996926,-0.0624717,0.0472746],[0.0783372,0.802114,-0.592011],[-0.000935719,0.593894,0.804542]],[[0.996926,-0.0624717,0.0472746],[0.0199264,-0.381389,-0.9242],[0.0757663,0.922301,-0.378972]],[[0.996926,-0.0624717,0.0472746],[-0.025309,-0.827893,-0.560315],[0.0741421,0.557396,-0.826929]]],"btipPosition":[51.83,196.765,-11.191],"carpPosition":[47.8452,216.966,43.664],"dipPosition":[53.1879,206.974,-26.336],"direction":[-0.0757663,-0.922301,0.378972],"extended":false,"handId":465,"id":4653,"length":63.1552,"mcpPosition":[55.2043,258.029,-1.39056],"pipPosition":[55.2453,232.018,-36.6268],"stabilizedTipPosition":[55.481,195.202,-16.055],"timeVisible":13.5667,"tipPosition":[52.0474,199.247,-14.1289],"tipVelocity":[-33.6444,52.9831,-14.7028],"tool":false,"touchDistance":0.333333,"touchZone":"none","type":3,"width":17.7198},{"bases":[[[0.956057,-0.288762,0.0507162],[0.157819,0.65267,0.741023],[-0.24708,-0.700456,0.669561]],[[0.97769,-0.208622,-0.024475],[0.164125,0.83143,-0.530836],[0.131094,0.514976,0.847121]],[[0.97769,-0.208622,-0.024475],[-0.0934878,-0.327832,-0.940099],[0.188102,0.921413,-0.340022]],[[0.97769,-0.208622,-0.024475],[-0.182749,-0.787361,-0.588783],[0.103563,0.58012,-0.80792]]],"btipPosition":[64.9344,206.86,-6.00589],"carpPosition":[60.7905,212.363,41.2433],"dipPosition":[66.6842,216.662,-19.6566],"direction":[-0.188102,-0.921413,0.340022],"extended":false,"handId":465,"id":4654,"length":49.5125,"mcpPosition":[74.8343,252.176,3.18593],"pipPosition":[70.2906,234.327,-26.1756],"stabilizedTipPosition":[69.1334,204.788,-11.1366],"timeVisible":13.5667,"tipPosition":[65.3256,209.261,-8.67973],"tipVelocity":[-34.5121,53.8316,-17.3979],"tool":false,"touchDistance":0.333333,"touchZone":"none","type":4,"width":15.7401}],"r":[[0.955252,-0.0797651,0.284836],[-0.0837082,0.850691,0.518958],[-0.283702,-0.519579,0.805947]],"s":1.06089,"t":[115.98,-23.5386,-113.986],"timestamp":93298057419},false],[2,{"currentFrameRate":109.332,"devices":[],"gestures":[],"hands":[{"armBasis":[[0.97818,0.199981,-0.0563142],[-0.181333,0.954093,0.23838],[0.101401,-0.222967,0.969538]],"armWidth":62.4607,"confidence":0.693764,"direction":[-0.0306618,0.757854,-0.651703],"elbow":[73.1445,143.707,300.043],"grabStrength":0,"id":465,"palmNormal":[0.199856,-0.634195,-0.746897],"palmPosition":[38.2129,239.004,4.79524],"palmVelocity":[-35.474,46.8995,-9.15214],"palmWidth":89.1918,"pinchStrength":0.361636,"r":[[0.955602,-0.0790622,0.283855],[-0.0838178,0.850599,0.519092],[-0.282487,-0.519837,0.806207]],"s":1.06088,"sphereCenter":[28.2525,223.559,-39.5794],"sphereRadius":46.6561,"stabilizedPalmPosition":[39.8292,237.107,4.45161],"t":[115.648,-23.0912,-114.135],"timeVisible":13.576,"type":"right","wrist":[46.3074,202.719,43.441]}],"id":1673756,"interactionBox":{"center":[0,200,0],"size":[235.247,235.247,147.751]},"pointables":[{"bases":[[[0.209346,0.776749,0.593999],[-0.865584,-0.135396,0.482113],[0.454906,-0.615084,0.643997]],[[0.0962548,0.899816,0.425518],[-0.870413,-0.131278,0.474497],[0.482821,-0.416049,0.770576]],[[0.0962548,0.899816,0.425518],[-0.980006,0.160464,-0.117639],[-0.174134,-0.405687,0.897271]],[[0.0962548,0.899816,0.425518],[-0.976206,0.168797,-0.13612],[-0.194309,-0.402291,0.894654]]],"btipPosition":[7.8111,232.329,-54.187],"carpPosition":[21.1585,189.183,34.0308],"dipPosition":[3.35344,223.1,-33.6627],"direction":[0.174134,0.405687,-0.897271],"extended":false,"handId":465,"id":4650,"length":51.0864,"mcpPosition":[21.1585,189.183,34.0308],"pipPosition":[-2.46642,209.541,-3.67431],"stabilizedTipPosition":[7.42215,229.538,-49.4069],"timeVisible":13.576,"tipPosition":[7.25422,229.857,-49.525],"tipVelocity":[-44.4337,47.3671,-0.991201],"tool":false,"touchDistance":-0.0967747,"touchZone":"touching","type":0,"width":19.8498},{"bases":[[[0.960294,0.278219,0.02072],[-0.226521,0.734188,0.640044],[0.16286,-0.619324,0.768059]],[[0.918262,0.380093,-0.111014],[-0.292395,0.839928,0.457194],[0.26702,-0.387364,0.882411]],[[0.918262,0.380093,-0.111014],[-0.346261,0.906779,0.24053],[0.192089,-0.182429,0.964272]],[[0.918262,0.380093,-0.111014],[-0.374235,0.924661,0.0703581],[0.129393,-0.0230618,0.991325]]],"btipPosition":[-4.95906,276.183,-89.4447],"carpPosition":[24.749,210.499,42.5545],"dipPosition":[-2.792,275.797,-72.8421],"direction":[-0.192089,0.182429,-0.964272],"extended":true,"handId":465,"id":4651,"length":57.6453,"mcpPosition":[13.0042,255.161,-12.8346],"pipPosition":[1.75911,271.475,-49.9959],"stabilizedTipPosition":[-3.76868,275.427,-85.5735],"timeVisible":13.576,"tipPosition":[-4.83946,276.071,-85.4804],"tipVelocity":[-48.4978,49.5459,-3.22903],"tool":false,"touchDistance":-0.093872,"touchZone":"touching","type":1,"width":18.9605},{"bases":[[[0.99792,0.0627234,0.0148796],[-0.0572805,0.756879,0.65104],[0.0295733,-0.650538,0.758898]],[[0.998075,0.0589299,0.0193036],[-0.0385629,0.833616,-0.550996],[-0.0485619,0.549192,0.834284]],[[0.998075,0.0589299,0.0193036],[0.0376172,-0.327896,-0.943964],[-0.0492981,0.942874,-0.329482]],[[0.998075,0.0589299,0.0193036],[0.0591425,-0.811029,-0.582009],[-0.0186419,0.58203,-0.812954]]],"btipPosition":[37.7324,196.941,-23.7329],"carpPosition":[35.7429,215.403,43.4264],"dipPosition":[37.3891,207.663,-38.708],"direction":[0.0492981,-0.942874,0.329482],"extended":false,"handId":465,"id":4652,"length":65.6822,"mcpPosition":[33.7205,259.893,-8.474],"pipPosition":[36.0149,233.945,-47.8921],"stabilizedTipPosition":[41.5891,195.387,-28.6755],"timeVisible":13.576,"tipPosition":[37.6675,199.568,-26.6601],"tipVelocity":[-35.5661,48.2445,-18.3173],"tool":false,"touchDistance":0.333333,"touchZone":"none","type":2,"width":18.6218},{"bases":[[[0.992855,-0.0909287,0.0772748],[0.0151347,0.738303,0.674299],[-0.118365,-0.668312,0.734404]],[[0.997031,-0.0620682,0.0455812],[0.0770067,0.801636,-0.592831],[0.000256432,0.594581,0.804036]],[[0.997031,-0.0620682,0.0455812],[0.0184374,-0.382289,-0.923859],[0.0747674,0.921956,-0.380009]],[[0.997031,-0.0620682,0.0455812],[-0.0259962,-0.828446,-0.559466],[0.0724865,0.55662,-0.827599]]],"btipPosition":[51.5257,197.111,-11.2627],"carpPosition":[47.6269,217.346,43.569],"dipPosition":[52.8533,207.306,-26.42],"direction":[-0.0747674,-0.921956,0.380009],"extended":false,"handId":465,"id":4653,"length":63.1552,"mcpPosition":[54.8948,258.382,-1.52491],"pipPosition":[54.8835,232.341,-36.7389],"stabilizedTipPosition":[55.1749,195.559,-15.9454],"timeVisible":13.576,"tipPosition":[51.7386,199.588,-14.2195],"tipVelocity":[-33.6015,48.4479,-12.817],"tool":false,"touchDistance":0.333333,"touchZone":"none","type":3,"width":17.7198},{"bases":[[[0.956242,-0.288398,0.0492716],[0.158858,0.653209,0.740326],[-0.245693,-0.700103,0.67044]],[[0.977721,-0.208291,-0.0260176],[0.162914,0.831131,-0.531677],[0.132368,0.515593,0.846548]],[[0.977721,-0.208291,-0.0260176],[-0.0949845,-0.328477,-0.939724],[0.18719,0.921259,-0.340943]],[[0.977721,-0.208291,-0.0260176],[-0.183477,-0.787799,-0.58797],[0.101972,0.579645,-0.808464]]],"btipPosition":[64.6349,207.212,-6.12322],"carpPosition":[60.5696,212.746,41.1292],"dipPosition":[66.3578,217.006,-19.7831],"direction":[-0.18719,-0.921259,0.340943],"extended":false,"handId":465,"id":4654,"length":49.5125,"mcpPosition":[74.5346,252.539,3.02187],"pipPosition":[69.9467,234.668,-26.3198],"stabilizedTipPosition":[68.8303,205.134,-10.9983],"timeVisible":13.576,"tipPosition":[65.0207,209.611,-8.80151],"tipVelocity":[-34.0553,49.2783,-16.1152],"tool":false,"touchDistance":0.333333,"touchZone":"none","type":4,"width":15.7401}],"r":[[0.955602,-0.0790622,0.283855],[-0.0838178,0.850599,0.519092],[-0.282487,-0.519837,0.806207]],"s":1.06088,"t":[115.648,-23.0912,-114.135],"timestamp":93298066713},false],[3,{"currentFrameRate":109.496,"devices":[],"gestures":[],"hands":[{"armBasis":[[0.978436,0.198776,-0.0561381],[-0.180125,0.954149,0.239072],[0.101086,-0.223805,0.969378]],"armWidth":62.4607,"confidence":0.698589,"direction":[-0.031341,0.75809,-0.651396],"elbow":[72.8939,143.769,299.925],"grabStrength":0,"id":465,"palmNormal":[0.197904,-0.634107,-0.747491],"palmPosition":[37.9986,239.306,4.74733],"palmVelocity":[-32.4348,43.4474,-8.14239],"palmWidth":89.1918,"pinchStrength":0.362815,"r":[[0.955979,-0.0786673,0.282692],[-0.08357,0.850504,0.519286],[-0.281281,-0.520052,0.806491]],"s":1.06081,"sphereCenter":[27.9375,223.886,-39.6119],"sphereRadius":46.6568,"stabilizedPalmPosition":[39.3954,237.628,4.52168],"t":[115.375,-22.7167,-114.234],"timeVisible":13.5848,"type":"right","wrist":[46.1401,203.002,43.3654]}],"id":1673757,"interactionBox":{"center":[0,200,0],"size":[235.247,235.247,147.751]},"pointables":[{"bases":[[[0.21111,0.776392,0.593841],[-0.864747,-0.134877,0.483757],[0.455681,-0.615649,0.642909]],[[0.0976988,0.899677,0.425484],[-0.869074,-0.131197,0.476968],[0.484939,-0.416376,0.769068]],[[0.0976988,0.899677,0.425484],[-0.979886,0.161709,-0.116931],[-0.174004,-0.405502,0.89738]],[[0.0976988,0.899677,0.425484],[-0.975998,0.170226,-0.135832],[-0.194633,-0.402001,0.894714]]],"btipPosition":[7.51445,232.637,-54.1491],"carpPosition":[20.9624,189.489,33.9999],"dipPosition":[3.04935,223.415,-33.6234],"direction":[0.174004,0.405502,-0.89738],"extended":false,"handId":465,"id":4650,"length":51.0864,"mcpPosition":[20.9624,189.489,33.9999],"pipPosition":[-2.76618,209.862,-3.63136],"stabilizedTipPosition":[7.0231,229.956,-49.416],"timeVisible":13.5848,"tipPosition":[6.92918,230.19,-49.4959],"tipVelocity":[-41.5436,44.0485,0.447152],"tool":false,"touchDistance":-0.0961371,"touchZone":"touching","type":0,"width":19.8498},{"bases":[[[0.96055,0.277463,0.018937],[-0.224699,0.734156,0.640722],[0.163874,-0.619701,0.767539]],[[0.918464,0.379198,-0.112393],[-0.290834,0.840131,0.457816],[0.268028,-0.3878,0.881914]],[[0.918464,0.379198,-0.112393],[-0.344918,0.907024,0.241535],[0.193533,-0.183075,0.963861]],[[0.918464,0.379198,-0.112393],[-0.373132,0.925008,0.0716494],[0.131134,-0.0238701,0.991077]]],"btipPosition":[-5.30086,276.558,-89.4034],"carpPosition":[24.5861,210.799,42.5235],"dipPosition":[-3.10465,276.158,-72.8049],"direction":[-0.193533,0.183075,-0.963861],"extended":true,"handId":465,"id":4651,"length":57.6453,"mcpPosition":[12.7682,255.489,-12.828],"pipPosition":[1.48067,271.82,-49.9684],"stabilizedTipPosition":[-4.24395,275.908,-85.5791],"timeVisible":13.5848,"tipPosition":[-5.1756,276.44,-85.4399],"tipVelocity":[-45.6323,47.5048,-1.11888],"tool":false,"touchDistance":-0.0931981,"touchZone":"touching","type":1,"width":18.9605},{"bases":[[[0.997996,0.0619399,0.0129534],[-0.0554196,0.756712,0.651395],[0.0305454,-0.650808,0.758628]],[[0.998158,0.0581277,0.0173958],[-0.0389559,0.833763,-0.550746],[-0.0465176,0.549053,0.834492]],[[0.998158,0.0581277,0.0173958],[0.0355392,-0.327733,-0.944102],[-0.0491773,0.94298,-0.329195]],[[0.998158,0.0581277,0.0173958],[0.0573734,-0.810936,-0.582315],[-0.0197418,0.58224,-0.812777]]],"btipPosition":[37.4289,197.251,-23.7863],"carpPosition":[35.5856,215.694,43.3756],"dipPosition":[37.0653,207.976,-38.7581],"direction":[0.0491773,-0.94298,0.329195],"extended":false,"handId":465,"id":4652,"length":65.6822,"mcpPosition":[33.4966,260.203,-8.50635],"pipPosition":[35.6945,234.261,-47.9343],"stabilizedTipPosition":[41.2667,195.716,-28.5656],"timeVisible":13.5848,"tipPosition":[37.3605,199.877,-26.7218],"tipVelocity":[-35.3751,44.6854,-14.9736],"tool":false,"touchDistance":0.333333,"touchZone":"none","type":2,"width":18.6218},{"bases":[[[0.992932,-0.0917285,0.0753085],[0.0170263,0.738071,0.674508],[-0.117455,-0.668458,0.734417]],[[0.997071,-0.0628408,0.0435942],[0.0764467,0.801678,-0.592848],[0.00230661,0.594444,0.804133]],[[0.997071,-0.0628408,0.0435942],[0.0163124,-0.382148,-0.923957],[0.0747217,0.921962,-0.380004]],[[0.997071,-0.0628408,0.0435942],[-0.0277375,-0.828303,-0.559593],[0.0712745,0.556745,-0.82762]]],"btipPosition":[51.2478,197.406,-11.3409],"carpPosition":[47.4713,217.628,43.4956],"dipPosition":[52.5532,207.602,-26.4985],"direction":[-0.0747217,-0.921962,0.380004],"extended":false,"handId":465,"id":4653,"length":63.1552,"mcpPosition":[54.6832,258.673,-1.59906],"pipPosition":[54.5822,232.638,-36.8174],"stabilizedTipPosition":[54.8795,195.9,-15.8544],"timeVisible":13.5848,"tipPosition":[51.4578,199.882,-14.3084],"tipVelocity":[-33.17,44.3658,-11.7451],"tool":false,"touchDistance":0.333333,"touchZone":"none","type":3,"width":17.7198},{"bases":[[[0.956111,-0.28916,0.0473128],[0.160812,0.652844,0.740226],[-0.244932,-0.70013,0.670691]],[[0.977504,-0.209051,-0.0279871],[0.162515,0.831107,-0.531836],[0.134441,0.515324,0.846385]],[[0.977504,-0.209051,-0.0279871],[-0.0970824,-0.328155,-0.939622],[0.187245,0.921201,-0.341068]],[[0.977504,-0.209051,-0.0279871],[-0.185239,-0.787456,-0.587878],[0.100858,0.579837,-0.808465]]],"btipPosition":[64.3736,207.493,-6.22952],"carpPosition":[60.4056,213.018,41.0291],"dipPosition":[66.0777,217.29,-19.8895],"direction":[-0.187245,-0.921201,0.341068],"extended":false,"handId":465,"id":4654,"length":49.5125,"mcpPosition":[74.3274,252.813,2.90751],"pipPosition":[69.6676,234.952,-26.4285],"stabilizedTipPosition":[68.5379,205.466,-10.8812],"timeVisible":13.5848,"tipPosition":[64.7564,209.893,-8.91369],"tipVelocity":[-32.972,44.5755,-15.0088],"tool":false,"touchDistance":0.333333,"touchZone":"none","type":4,"width":15.7401}],"r":[[0.955979,-0.0786673,0.282692],[-0.08357,0.850504,0.519286],[-0.281281,-0.520052,0.806491]],"s":1.06081,"t":[115.375,-22.7167,-114.234],"timestamp":93298075554},false],[4,{"currentFrameRate":109.533,"devices":[],"gestures":[],"hands":[{"armBasis":[[0.978513,0.199109,-0.0535619],[-0.180776,0.953397,0.241565],[0.0991636,-0.226692,0.968905]],"armWidth":62.4607,"confidence":0.697375,"direction":[-0.0344241,0.760257,-0.648709],"elbow":[72.2305,143.434,299.462],"grabStrength":0,"id":465,"palmNormal":[0.196679,-0.631247,-0.750229],"palmPosition":[37.6745,239.855,4.55748],"palmVelocity":[-33.3535,48.1719,-11.6796],"palmWidth":89.1918,"pinchStrength":0.365755,"r":[[0.95647,-0.0782477,0.281146],[-0.0833287,0.850048,0.520071],[-0.279682,-0.52086,0.806525]],"s":1.06087,"sphereCenter":[27.4771,224.582,-39.8037],"sphereRadius":46.6681,"stabilizedPalmPosition":[38.958,238.194,4.53078],"t":[115.076,-22.255,-114.378],"timeVisible":13.5939,"type":"right","wrist":[45.9855,203.432,43.0273]}],"id":1673758,"interactionBox":{"center":[0,200,0],"size":[235.247,235.247,147.751]},"pointables":[{"bases":[[[0.211662,0.774689,0.595866],[-0.863111,-0.137865,0.485831],[0.458517,-0.617131,0.639462]],[[0.0972487,0.898638,0.427777],[-0.866771,-0.134765,0.480151],[0.489132,-0.417479,0.765808]],[[0.0972487,0.898638,0.427777],[-0.980221,0.160918,-0.115204],[-0.172364,-0.408113,0.896513]],[[0.0972487,0.898638,0.427777],[-0.9761,0.170049,-0.135322],[-0.194348,-0.404393,0.893697]]],"btipPosition":[7.08667,233.256,-54.2475],"carpPosition":[20.8011,189.912,33.6897],"dipPosition":[2.62811,223.979,-33.7451],"direction":[0.172364,0.408113,-0.896513],"extended":false,"handId":465,"id":4650,"length":51.0864,"mcpPosition":[20.8011,189.912,33.6897],"pipPosition":[-3.13259,210.339,-3.78206],"stabilizedTipPosition":[6.59155,230.479,-49.468],"timeVisible":13.5939,"tipPosition":[6.46693,230.84,-49.6069],"tipVelocity":[-43.0603,50.3658,-2.83836],"tool":false,"touchDistance":-0.0978663,"touchZone":"touching","type":0,"width":19.8498},{"bases":[[[0.960173,0.278884,0.017063],[-0.223942,0.731618,0.643882],[0.167085,-0.62206,0.764934]],[[0.917656,0.380811,-0.11354],[-0.290848,0.83834,0.461078],[0.270768,-0.390088,0.880066]],[[0.917656,0.380811,-0.11354],[-0.345534,0.905781,0.245291],[0.196251,-0.185861,0.962778]],[[0.917656,0.380811,-0.11354],[-0.374187,0.92426,0.0756835],[0.133761,-0.0269664,0.990647]]],"btipPosition":[-5.92526,277.341,-89.353],"carpPosition":[24.4171,211.198,42.2754],"dipPosition":[-3.68503,276.89,-72.7617],"direction":[-0.196251,0.185861,-0.962778],"extended":true,"handId":465,"id":4651,"length":57.6453,"mcpPosition":[12.3676,256.058,-12.8884],"pipPosition":[0.96469,272.486,-49.9509],"stabilizedTipPosition":[-4.81878,276.563,-85.5583],"timeVisible":13.5939,"tipPosition":[-5.79119,277.219,-85.3885],"tipVelocity":[-51.7492,57.9047,0.674905],"tool":false,"touchDistance":-0.0923862,"touchZone":"touching","type":1,"width":18.9605},{"bases":[[[0.997933,0.0634412,0.0102336],[-0.0546672,0.7544,0.654135],[0.0337789,-0.653343,0.756308]],[[0.998115,0.0595919,0.0146881],[-0.0418603,0.835986,-0.547152],[-0.0448849,0.545506,0.836904]],[[0.998115,0.0595919,0.0146881],[0.0332475,-0.323814,-0.945536],[-0.0515901,0.944242,-0.325185]],[[0.998115,0.0595919,0.0146881],[0.0568958,-0.808629,-0.585561],[-0.0230175,0.585293,-0.810495]]],"btipPosition":[37.0841,197.914,-24.1593],"carpPosition":[35.4115,216.108,43.1118],"dipPosition":[36.6601,208.695,-39.0891],"direction":[0.0515901,-0.944242,0.325185],"extended":false,"handId":465,"id":4652,"length":65.6822,"mcpPosition":[33.1014,260.789,-8.6115],"pipPosition":[35.2221,235.015,-48.1534],"stabilizedTipPosition":[40.9298,196.084,-28.4891],"timeVisible":13.5939,"tipPosition":[37.0031,200.539,-27.084],"tipVelocity":[-36.5347,52.9453,-21.9102],"tool":false,"touchDistance":0.333333,"touchZone":"none","type":2,"width":18.6218},{"bases":[[[0.99329,-0.0904466,0.0720783],[0.017875,0.735793,0.676971],[-0.114264,-0.67114,0.732472]],[[0.997288,-0.0614673,0.0404754],[0.0734758,0.800029,-0.595445],[0.0042189,0.596804,0.802376]],[[0.997288,-0.0614673,0.0404754],[0.0136482,-0.38596,-0.922415],[0.0723202,0.920465,-0.384074]],[[0.997288,-0.0614673,0.0404754],[-0.0285158,-0.829727,-0.55744],[0.0678479,0.554774,-0.82923]]],"btipPosition":[50.9194,197.975,-11.2966],"carpPosition":[47.2945,218.059,43.2035],"dipPosition":[52.162,208.136,-26.4837],"direction":[-0.0723202,-0.920465,0.384074],"extended":false,"handId":465,"id":4653,"length":63.1552,"mcpPosition":[54.3106,259.269,-1.77173],"pipPosition":[54.1258,233.131,-36.9131],"stabilizedTipPosition":[54.5645,196.279,-15.7631],"timeVisible":13.5939,"tipPosition":[51.1325,200.462,-14.4616],"tipVelocity":[-34.4581,49.215,-7.35707],"tool":false,"touchDistance":0.333333,"touchZone":"none","type":3,"width":17.7198},{"bases":[[[0.95669,-0.287838,0.0435169],[0.161985,0.650564,0.741975],[-0.24188,-0.702791,0.669013]],[[0.977738,-0.207439,-0.0315723],[0.159669,0.833165,-0.529473],[0.136138,0.512645,0.847739]],[[0.977738,-0.207439,-0.0315723],[-0.0993414,-0.325096,-0.940449],[0.184822,0.922649,-0.338466]],[[0.977738,-0.207439,-0.0315723],[-0.185755,-0.785729,-0.590022],[0.0975864,0.582752,-0.80677]]],"btipPosition":[64.066,208.12,-6.60542],"carpPosition":[60.2286,213.478,40.6833],"dipPosition":[65.7148,217.966,-20.2367],"direction":[-0.184822,-0.922649,0.338466],"extended":false,"handId":465,"id":4654,"length":49.5125,"mcpPosition":[73.9769,253.424,2.65709],"pipPosition":[69.2582,235.656,-26.7259],"stabilizedTipPosition":[68.2355,205.829,-10.797],"timeVisible":13.5939,"tipPosition":[64.4373,210.53,-9.28337],"tipVelocity":[-33.6268,51.72,-22.1185],"tool":false,"touchDistance":0.333333,"touchZone":"none","type":4,"width":15.7401}],"r":[[0.95647,-0.0782477,0.281146],[-0.0833287,0.850048,0.520071],[-0.279682,-0.52086,0.806525]],"s":1.06087,"t":[115.076,-22.255,-114.378],"timestamp":93298084617},false],[5,{"currentFrameRate":109.612,"devices":[],"gestures":[],"hands":[{"armBasis":[[0.978425,0.199484,-0.053765],[-0.180767,0.952586,0.244752],[0.10004,-0.229752,0.968094]],"armWidth":62.4607,"confidence":0.69758,"direction":[-0.0361696,0.762215,-0.646313],"elbow":[72.1971,142.999,299.01],"grabStrength":0,"id":465,"palmNormal":[0.195454,-0.62885,-0.752559],"palmPosition":[37.3103,240.343,4.44928],"palmVelocity":[-35.3265,49.8513,-11.7798],"palmWidth":89.1918,"pinchStrength":0.369979,"r":[[0.956984,-0.0779807,0.279464],[-0.0830081,0.849356,0.521252],[-0.278012,-0.522027,0.806348]],"s":1.06076,"sphereCenter":[27.0421,225.203,-39.929],"sphereRadius":46.6628,"stabilizedPalmPosition":[38.5244,238.76,4.50933],"t":[114.745,-21.7803,-114.504],"timeVisible":13.6029,"type":"right","wrist":[45.7201,203.807,42.7904]}],"id":1673759,"interactionBox":{"center":[0,200,0],"size":[235.247,235.247,147.751]},"pointables":[{"bases":[[[0.21249,0.772979,0.597788],[-0.862029,-0.139807,0.487196],[0.460167,-0.618835,0.636623]],[[0.0970874,0.897864,0.429435],[-0.864956,-0.137335,0.482691],[0.492367,-0.418306,0.763279]],[[0.0970874,0.897864,0.429435],[-0.980164,0.161158,-0.115351],[-0.172776,-0.409718,0.8957]],[[0.0970874,0.897864,0.429435],[-0.975795,0.170822,-0.136545],[-0.195956,-0.405784,0.892715]]],"btipPosition":[6.7015,233.773,-54.3],"carpPosition":[20.5236,190.302,33.4638],"dipPosition":[2.20606,224.463,-33.8201],"direction":[0.172776,0.409718,-0.8957],"extended":false,"handId":465,"id":4650,"length":51.0864,"mcpPosition":[20.5236,190.302,33.4638],"pipPosition":[-3.56843,210.77,-3.88422],"stabilizedTipPosition":[6.1696,231.005,-49.5235],"timeVisible":13.6029,"tipPosition":[6.02103,231.41,-49.665],"tipVelocity":[-43.269,52.086,-3.82033],"tool":false,"touchDistance":-0.0988275,"touchZone":"touching","type":0,"width":19.8498},{"bases":[[[0.96006,0.279342,0.0159238],[-0.222991,0.729531,0.646576],[0.168999,-0.624302,0.762684]],[[0.91738,0.381365,-0.113908],[-0.290488,0.837185,0.463399],[0.272086,-0.392024,0.878798]],[[0.91738,0.381365,-0.113908],[-0.345518,0.905132,0.247696],[0.197564,-0.187874,0.962118]],[[0.91738,0.381365,-0.113908],[-0.374405,0.923969,0.078112],[0.135037,-0.0290107,0.990416]]],"btipPosition":[-6.44215,278.032,-89.2863],"carpPosition":[24.1462,211.564,42.1069],"dipPosition":[-4.18057,277.546,-72.6988],"direction":[-0.197564,0.187874,-0.962118],"extended":true,"handId":465,"id":4651,"length":57.6453,"mcpPosition":[11.9587,256.586,-12.8945],"pipPosition":[0.500269,273.095,-49.9036],"stabilizedTipPosition":[-5.38089,277.255,-85.5139],"timeVisible":13.6029,"tipPosition":[-6.30948,277.923,-85.3162],"tipVelocity":[-53.1871,62.8756,2.49893],"tool":false,"touchDistance":-0.091289,"touchZone":"touching","type":1,"width":18.9605},{"bases":[[[0.997919,0.0639406,0.00835844],[-0.0537065,0.752371,0.656547],[0.0356914,-0.65563,0.754239]],[[0.998111,0.0600993,0.0127762],[-0.0435041,0.838101,-0.543778],[-0.0433883,0.542194,0.839132]],[[0.998111,0.0600993,0.0127762],[0.0313973,-0.320153,-0.946845],[-0.0528144,0.945457,-0.321435]],[[0.998111,0.0600993,0.0127762],[0.0560971,-0.806535,-0.588519],[-0.0250652,0.588124,-0.808382]]],"btipPosition":[36.6827,198.51,-24.4427],"carpPosition":[35.1397,216.477,42.9355],"dipPosition":[36.221,209.343,-39.3336],"direction":[0.0528144,-0.945458,0.321435],"extended":false,"handId":465,"id":4652,"length":65.6822,"mcpPosition":[32.6988,261.315,-8.64622],"pipPosition":[34.7488,235.697,-48.2934],"stabilizedTipPosition":[40.587,196.471,-28.4401],"timeVisible":13.6029,"tipPosition":[36.5934,201.133,-27.3563],"tipVelocity":[-39.035,56.9808,-24.2794],"tool":false,"touchDistance":0.333333,"touchZone":"none","type":2,"width":18.6218},{"bases":[[[0.993484,-0.0901376,0.0697425],[0.0188926,0.733733,0.679175],[-0.112392,-0.673433,0.730655]],[[0.997402,-0.0610637,0.0382241],[0.0718089,0.800182,-0.595443],[0.0057737,0.596641,0.802488]],[[0.997402,-0.0610637,0.0382241],[0.0117317,-0.385832,-0.922495],[0.071079,0.920546,-0.384113]],[[0.997402,-0.0610637,0.0382241],[-0.0293672,-0.829139,-0.55827],[0.0657831,0.555697,-0.828778]]],"btipPosition":[50.5352,198.479,-11.3921],"carpPosition":[47.0219,218.434,43.0086],"dipPosition":[51.74,208.657,-26.5709],"direction":[-0.071079,-0.920546,0.384113],"extended":false,"handId":465,"id":4653,"length":63.1552,"mcpPosition":[53.9229,259.784,-1.85511],"pipPosition":[53.6701,233.654,-37.0013],"stabilizedTipPosition":[54.2381,196.674,-15.6865],"timeVisible":13.6029,"tipPosition":[50.7483,200.978,-14.6361],"tipVelocity":[-37.0026,51.2201,-8.1967],"tool":false,"touchDistance":0.333333,"touchZone":"none","type":3,"width":17.7198},{"bases":[[[0.956929,-0.287461,0.0406545],[0.163181,0.648383,0.743621],[-0.240122,-0.704958,0.667365]],[[0.977775,-0.206849,-0.0342073],[0.158119,0.834672,-0.527561],[0.137677,0.510427,0.848828]],[[0.977775,-0.206849,-0.0342073],[-0.101175,-0.32262,-0.941106],[0.183631,0.92365,-0.336377]],[[0.977775,-0.206849,-0.0342073],[-0.186596,-0.784165,-0.591833],[0.0955961,0.585062,-0.805334]]],"btipPosition":[63.6937,208.652,-6.84949],"carpPosition":[59.9531,213.868,40.4476],"dipPosition":[65.3089,218.537,-20.4565],"direction":[-0.183631,-0.92365,0.336377],"extended":false,"handId":465,"id":4654,"length":49.5125,"mcpPosition":[73.6014,253.937,2.51507],"pipPosition":[68.8295,236.245,-26.9057],"stabilizedTipPosition":[67.9292,206.203,-10.7369],"timeVisible":13.6029,"tipPosition":[64.0588,211.068,-9.53547],"tipVelocity":[-36.0063,54.0339,-23.3331],"tool":false,"touchDistance":0.333333,"touchZone":"none","type":4,"width":15.7401}],"r":[[0.956984,-0.0779807,0.279464],[-0.0830081,0.849356,0.521252],[-0.278012,-0.522027,0.806348]],"s":1.06076,"t":[114.745,-21.7803,-114.504],"timestamp":93298093600},false],[6,{"currentFrameRate":109.558,"devices":[],"gestures":[],"hands":[{"armBasis":[[0.978745,0.197713,-0.0544768],[-0.178776,0.952707,0.245741],[0.100487,-0.230779,0.967804]],"armWidth":62.4607,"confidence":0.654525,"direction":[-0.0364464,0.763728,-0.644508],"elbow":[72.0507,143.069,298.669],"grabStrength":0,"id":465,"palmNormal":[0.192987,-0.627418,-0.754389],"palmPosition":[37.017,240.783,4.28557],"palmVelocity":[-34.3386,49.2563,-13.4534],"palmWidth":89.1918,"pinchStrength":0.374029,"r":[[0.957489,-0.0781615,0.27768],[-0.0822908,0.848589,0.522614],[-0.276485,-0.523247,0.806082]],"s":1.06046,"sphereCenter":[26.6602,225.759,-40.0976],"sphereRadius":46.6516,"stabilizedPalmPosition":[38.1066,239.32,4.44732],"t":[114.433,-21.3228,-114.649],"timeVisible":13.6121,"type":"right","wrist":[45.4555,204.148,42.5262]}],"id":1673760,"interactionBox":{"center":[0,200,0],"size":[235.247,235.247,147.751]},"pointables":[{"bases":[[[0.214836,0.771322,0.599089],[-0.861203,-0.139695,0.488687],[0.460625,-0.620925,0.634253]],[[0.0985394,0.897354,0.430169],[-0.863414,-0.13783,0.485303],[0.494779,-0.419236,0.761206]],[[0.0985394,0.897354,0.430169],[-0.979769,0.163153,-0.115907],[-0.174193,-0.410045,0.895276]],[[0.0985394,0.897354,0.430169],[-0.974995,0.173583,-0.138759],[-0.199186,-0.40574,0.89202]]],"btipPosition":[6.40172,234.226,-54.4103],"carpPosition":[20.2204,190.7,33.222],"dipPosition":[1.83218,224.918,-33.9464],"direction":[0.174193,0.410045,-0.895276],"extended":false,"handId":465,"id":4650,"length":51.0864,"mcpPosition":[20.2204,190.7,33.222],"pipPosition":[-3.98966,211.214,-4.02466],"stabilizedTipPosition":[5.78277,231.516,-49.6086],"timeVisible":13.6121,"tipPosition":[5.64319,231.933,-49.7747],"tipVelocity":[-40.7691,51.2817,-6.21381],"tool":false,"touchDistance":-0.100727,"touchZone":"touching","type":0,"width":19.8498},{"bases":[[[0.960485,0.277952,0.0145402],[-0.220603,0.728377,0.648692],[0.169714,-0.626267,0.760912]],[[0.917872,0.379993,-0.114528],[-0.288518,0.837032,0.464903],[0.272524,-0.393678,0.877923]],[[0.917872,0.379993,-0.114528],[-0.343713,0.905377,0.249306],[0.198426,-0.189466,0.961629]],[[0.917872,0.379993,-0.114528],[-0.372773,0.924484,0.0798081],[0.136206,-0.0305607,0.990209]]],"btipPosition":[-6.80719,278.681,-89.3079],"carpPosition":[23.8911,211.937,41.9055],"dipPosition":[-4.52603,278.169,-72.724],"direction":[-0.198426,0.189466,-0.961629],"extended":true,"handId":465,"id":4651,"length":57.6453,"mcpPosition":[11.6521,257.101,-12.9681],"pipPosition":[0.175216,273.68,-49.9404],"stabilizedTipPosition":[-5.86379,277.955,-85.5031],"timeVisible":13.6121,"tipPosition":[-6.67805,278.589,-85.3312],"tipVelocity":[-49.2356,64.7809,1.11493],"tool":false,"touchDistance":-0.0916638,"touchZone":"touching","type":1,"width":18.9605},{"bases":[[[0.998023,0.0625149,0.0064079],[-0.051266,0.750956,0.65836],[0.0363452,-0.657387,0.752676]],[[0.998219,0.058678,0.0107996],[-0.0434805,0.839396,-0.541779],[-0.0408557,0.540344,0.840452]],[[0.998219,0.058678,0.0107996],[0.0289498,-0.31808,-0.947622],[-0.0521694,0.946246,-0.319212]],[[0.998219,0.058678,0.0107996],[0.0537259,-0.805308,-0.590417],[-0.0259475,0.589945,-0.807026]]],"btipPosition":[36.2702,199.018,-24.6985],"carpPosition":[34.8933,216.833,42.7222],"dipPosition":[35.7922,209.885,-39.5644],"direction":[0.0521694,-0.946246,0.319212],"extended":false,"handId":465,"id":4652,"length":65.6822,"mcpPosition":[32.4077,261.791,-8.75272],"pipPosition":[34.3381,236.261,-48.4622],"stabilizedTipPosition":[40.2275,196.881,-28.414],"timeVisible":13.6121,"tipPosition":[36.1781,201.646,-27.6095],"tipVelocity":[-40.7432,56.6881,-25.0734],"tool":false,"touchDistance":0.333333,"touchZone":"none","type":2,"width":18.6218},{"bases":[[[0.9935,-0.0916957,0.0674523],[0.0213541,0.732164,0.680793],[-0.111812,-0.674928,0.729363]],[[0.99739,-0.062581,0.0360187],[0.0717143,0.800422,-0.595132],[0.00841378,0.596161,0.802821]],[[0.99739,-0.062581,0.0360187],[0.00918572,-0.384809,-0.922951],[0.0716195,0.920872,-0.38323]],[[0.99739,-0.062581,0.0360187],[-0.0317372,-0.828014,-0.559809],[0.0648574,0.557204,-0.827839]]],"btipPosition":[50.1427,198.895,-11.6024],"carpPosition":[46.7784,218.774,42.7747],"dipPosition":[51.3306,209.1,-26.7641],"direction":[-0.0716195,-0.920872,0.38323],"extended":false,"handId":465,"id":4653,"length":63.1552,"mcpPosition":[53.6438,260.215,-2.00966],"pipPosition":[53.2754,234.106,-37.1705],"stabilizedTipPosition":[53.8934,197.086,-15.6327],"timeVisible":13.6121,"tipPosition":[50.358,201.41,-14.8813],"tipVelocity":[-38.6762,49.6848,-12.1715],"tool":false,"touchDistance":0.333333,"touchZone":"none","type":3,"width":17.7198},{"bases":[[[0.956605,-0.288901,0.0379946],[0.165657,0.646465,0.744742],[-0.239719,-0.70613,0.66627]],[[0.977394,-0.208222,-0.0366617],[0.158228,0.8354,-0.526375],[0.14023,0.508674,0.849462]],[[0.977394,-0.208222,-0.0366617],[-0.103655,-0.320794,-0.94146],[0.184272,0.923978,-0.335126]],[[0.977394,-0.208222,-0.0366617],[-0.188998,-0.782757,-0.592934],[0.0947651,0.58646,-0.804416]]],"btipPosition":[63.3287,209.076,-7.1201],"carpPosition":[59.6978,214.195,40.1762],"dipPosition":[64.9298,218.985,-20.7116],"direction":[-0.184272,-0.923978,0.335126],"extended":false,"handId":465,"id":4654,"length":49.5125,"mcpPosition":[73.3232,254.33,2.30594],"pipPosition":[68.4627,236.7,-27.1367],"stabilizedTipPosition":[67.6127,206.589,-10.7002],"timeVisible":13.6121,"tipPosition":[63.693,211.496,-9.81883],"tipVelocity":[-37.1045,51.9463,-24.9088],"tool":false,"touchDistance":0.333333,"touchZone":