{"sensorType":"Leap","data":[[0,{"currentFrameRate":55.3422,"devices":[],"gestures":[],"hands":[{"armBasis":[[0.96981,0.229021,-0.0837746],[-0.203615,0.949521,0.238644],[0.1342,-0.214381,0.967487]],"armWidth":62.4607,"confidence":0.785071,"direction":[-0.0531708,0.752068,-0.656938],"elbow":[74.9658,147.055,299.258],"grabStrength":0,"id":465,"palmNormal":[0.21072,-0.634604,-0.743555],"palmPosition":[30.2322,239.586,4.34496],"palmVelocity":[-19.1654,21.3491,-9.08693],"palmWidth":89.1918,"pinchStrength":0.349265,"r":[[0.957357,-0.049556,0.284625],[-0.110426,0.84761,0.519002],[-0.266971,-0.528301,0.805993]],"s":1.06999,"sphereCenter":[18.2178,223.507,-39.7121],"sphereRadius":47.1156,"stabilizedPalmPosition":[30.6524,239.115,4.54515],"t":[107.679,-22.4513,-114.565],"timeVisible":10.087,"type":"right","wrist":[39.4479,203.794,43.1992]}],"id":1673418,"interactionBox":{"center":[0,200,0],"size":[235.247,235.247,147.751]},"pointables":[{"bases":[[[0.193931,0.785973,0.587059],[-0.859045,-0.152927,0.488523],[0.473743,-0.59905,0.645529]],[[0.0773797,0.904574,0.419235],[-0.858684,-0.153211,0.489069],[0.50663,-0.397835,0.764888]],[[0.0773797,0.904574,0.419235],[-0.980684,0.144822,-0.131471],[-0.17964,-0.400964,0.898308]],[[0.0773797,0.904574,0.419235],[-0.98759,0.127184,-0.0921381],[-0.136666,-0.406903,0.90319]]],"btipPosition":[-1.07057,231.782,-54.1245],"carpPosition":[14.5802,189.579,34.0455],"dipPosition":[-4.20583,222.447,-33.4044],"direction":[0.17964,0.400964,-0.898308],"extended":false,"handId":465,"id":4650,"length":51.0864,"mcpPosition":[14.5802,189.579,34.0455],"pipPosition":[-10.2097,209.046,-3.38132],"stabilizedTipPosition":[-1.38858,229.392,-49.2701],"timeVisible":10.087,"tipPosition":[-1.66106,230.33,-48.9483],"tipVelocity":[-28.009,15.2522,-5.31255],"tool":false,"touchDistance":-0.0665471,"touchZone":"touching","type":0,"width":19.8498},{"bases":[[[0.953315,0.301712,0.0126613],[-0.240475,0.733129,0.636155],[0.182654,-0.609501,0.771457]],[[0.900518,0.41311,-0.135675],[-0.31738,0.837766,0.444316],[0.297215,-0.357054,0.885537]],[[0.900518,0.41311,-0.135675],[-0.371806,0.893357,0.252337],[0.225449,-0.176789,0.958081]],[[0.900518,0.41311,-0.135675],[-0.401935,0.90989,0.102705],[0.165878,-0.0379557,0.985416]]],"btipPosition":[-16.1078,274.854,-89.7376],"carpPosition":[17.7007,211.038,42.3927],"dipPosition":[-13.3297,274.218,-73.2339],"direction":[-0.225449,0.176789,-0.958081],"extended":true,"handId":465,"id":4651,"length":57.6453,"mcpPosition":[4.5285,254.993,-13.2415],"pipPosition":[-7.98822,270.03,-50.5344],"stabilizedTipPosition":[-15.2478,274.531,-85.8933],"timeVisible":10.087,"tipPosition":[-15.2455,274.483,-86.0502],"tipVelocity":[-27.8093,18.2316,-4.37146],"tool":false,"touchDistance":-0.107101,"touchZone":"touching","type":1,"width":18.9605},{"bases":[[[0.996161,0.0871616,0.00813583],[-0.0717755,0.760023,0.64592],[0.050116,-0.644025,0.763361]],[[0.995578,0.0939431,0.000091563],[-0.0779191,0.826304,-0.557808],[-0.0524779,0.555334,0.82997]],[[0.995578,0.0939431,0.000091563],[0.0302292,-0.319436,-0.947126],[-0.0889467,0.94294,-0.320863]],[[0.995578,0.0939431,0.000091563],[0.0754697,-0.799222,-0.596279],[-0.0559431,0.593649,-0.802777]]],"btipPosition":[31.1385,196.803,-24.5285],"carpPosition":[28.5766,216.216,43.1599],"dipPosition":[30.108,207.738,-39.3162],"direction":[0.0889467,-0.94294,0.320863],"extended":false,"handId":465,"id":4652,"length":65.6822,"mcpPosition":[25.1492,260.26,-9.04578],"pipPosition":[27.6287,234.022,-48.26],"stabilizedTipPosition":[33.3124,197.739,-27.9653],"timeVisible":10.087,"tipPosition":[30.8683,199.65,-28.007],"tipVelocity":[-26.8273,19.9607,-8.57032],"tool":false,"touchDistance":0.333333,"touchZone":"none","type":2,"width":18.6218},{"bases":[[[0.995236,-0.0661054,0.0716666],[0.00121328,0.743391,0.668856],[-0.0974912,-0.665583,0.739929]],[[0.997836,-0.0448693,0.0480593],[0.0651363,0.774171,-0.629617],[-0.00895564,0.631385,0.775418]],[[0.997836,-0.0448693,0.0480593],[0.0253985,-0.411162,-0.911209],[0.0606454,0.910458,-0.409132]],[[0.997836,-0.0448693,0.0480593],[-0.0110959,-0.835384,-0.549555],[0.0648061,0.547832,-0.834074]]],"btipPosition":[43.9548,196.908,-9.79462],"carpPosition":[40.4102,218.449,43.2136],"dipPosition":[45.1418,206.942,-25.0705],"direction":[-0.0606454,-0.910458,0.409132],"extended":false,"handId":465,"id":4653,"length":63.1552,"mcpPosition":[46.3963,259.317,-2.21961],"pipPosition":[46.7885,231.665,-36.1803],"stabilizedTipPosition":[47.1393,197.314,-13.7535],"timeVisible":10.087,"tipPosition":[44.2877,199.489,-13.4881],"tipVelocity":[-25.0813,19.2105,-8.72772],"tool":false,"touchDistance":0.333333,"touchZone":"none","type":3,"width":17.7198},{"bases":[[[0.96329,-0.26461,0.0453175],[0.147376,0.662317,0.734586],[-0.224393,-0.700941,0.677]],[[0.981639,-0.188881,-0.0266425],[0.142387,0.818511,-0.556566],[0.126932,0.542554,0.830376]],[[0.981639,-0.188881,-0.0266425],[-0.0898318,-0.334546,-0.938088],[0.168274,0.923257,-0.345371]],[[0.981639,-0.188881,-0.0266425],[-0.166969,-0.783298,-0.598803],[0.0922334,0.592257,-0.800453]]],"btipPosition":[57.0165,207.476,-6.38982],"carpPosition":[53.4463,214.148,40.7254],"dipPosition":[58.5749,217.483,-19.9144],"direction":[-0.168274,-0.923257,0.345371],"extended":false,"handId":465,"id":4654,"length":49.5125,"mcpPosition":[66.2006,253.989,2.24522],"pipPosition":[61.8011,235.184,-26.5359],"stabilizedTipPosition":[60.1192,208.007,-9.79383],"timeVisible":10.087,"tipPosition":[57.3565,209.975,-9.50815],"tipVelocity":[-23.8724,15.147,-6.06089],"tool":false,"touchDistance":0.333333,"touchZone":"none","type":4,"width":15.7401}],"r":[[0.957357,-0.049556,0.284625],[-0.110426,0.84761,0.519002],[-0.266971,-0.528301,0.805993]],"s":1.06999,"t":[107.679,-22.4513,-114.565],"timestamp":93294577709},false],[1,{"currentFrameRate":55.3565,"devices":[],"gestures":[],"hands":[{"armBasis":[[0.970294,0.226867,-0.0840248],[-0.201315,0.949763,0.239628],[0.134167,-0.215594,0.967222]],"armWidth":62.4607,"confidence":0.786852,"direction":[-0.0536809,0.752288,-0.656644],"elbow":[74.6792,147.034,298.984],"grabStrength":0,"id":465,"palmNormal":[0.207551,-0.634825,-0.744258],"palmPosition":[29.909,239.909,4.17314],"palmVelocity":[-18.5839,19.7462,-9.30056],"palmWidth":89.1918,"pinchStrength":0.349672,"r":[[0.958069,-0.0504574,0.282059],[-0.108103,0.84798,0.518888],[-0.265362,-0.527622,0.806969]],"s":1.06988,"sphereCenter":[17.7517,223.865,-39.8517],"sphereRadius":47.1104,"stabilizedPalmPosition":[30.3685,239.418,4.40311],"t":[107.346,-22.0951,-114.736],"timeVisible":10.105,"type":"right","wrist":[39.17,204.094,42.9949]}],"id":1673419,"interactionBox":{"center":[0,200,0],"size":[235.247,235.247,147.751]},"pointables":[{"bases":[[[0.196928,0.785519,0.586668],[-0.857952,-0.151525,0.490874],[0.474486,-0.6,0.644098]],[[0.0795735,0.904784,0.418371],[-0.857039,-0.15224,0.492247],[0.50907,-0.39773,0.763321]],[[0.0795735,0.904784,0.418371],[-0.980605,0.146465,-0.130241],[-0.179117,-0.399893,0.89889]],[[0.0795735,0.904784,0.418371],[-0.9878,0.127932,-0.0887926],[-0.133861,-0.406201,0.903926]]],"btipPosition":[-1.59968,232.07,-54.2222],"carpPosition":[14.2523,189.925,33.9074],"dipPosition":[-4.6706,222.751,-33.4852],"direction":[0.179117,0.399893,-0.89889],"extended":false,"handId":465,"id":4650,"length":51.0864,"mcpPosition":[14.2523,189.925,33.9074],"pipPosition":[-10.657,209.386,-3.4427],"stabilizedTipPosition":[-1.85073,229.661,-49.3621],"timeVisible":10.105,"tipPosition":[-2.16951,230.625,-49.0582],"tipVelocity":[-28.2652,15.703,-5.26333],"tool":false,"touchDistance":-0.068111,"touchZone":"touching","type":0,"width":19.8498},{"bases":[[[0.953871,0.300048,0.0100752],[-0.237432,0.733423,0.636959],[0.183729,-0.609969,0.770831]],[[0.900972,0.411395,-0.137853],[-0.314675,0.838327,0.445183],[0.298712,-0.357719,0.884765]],[[0.900972,0.411395,-0.137853],[-0.369644,0.894179,0.2526],[0.227183,-0.176629,0.9577]],[[0.900972,0.411395,-0.137853],[-0.400159,0.9107,0.102466],[0.167697,-0.0371563,0.985138]]],"btipPosition":[-16.5873,275.237,-89.7889],"carpPosition":[17.4333,211.376,42.25],"dipPosition":[-13.7788,274.614,-73.2899],"direction":[-0.227183,0.176629,-0.9577],"extended":true,"handId":465,"id":4651,"length":57.6453,"mcpPosition":[4.18357,255.365,-13.339],"pipPosition":[-8.39618,270.429,-50.5994],"stabilizedTipPosition":[-15.6942,274.893,-85.9582],"timeVisible":10.105,"tipPosition":[-15.7418,274.889,-86.0936],"tipVelocity":[-27.0602,19.7406,-3.67884],"tool":false,"touchDistance":-0.107975,"touchZone":"touching","type":1,"width":18.9605},{"bases":[[[0.99633,0.0854238,0.00539001],[-0.0686592,0.760021,0.646262],[0.0511096,-0.64426,0.763097]],[[0.995739,0.0921775,-0.00261526],[-0.0779506,0.826225,-0.557922],[-0.049267,0.555748,0.82989]],[[0.995739,0.0921775,-0.00261526],[0.0270978,-0.319594,-0.947167],[-0.0881433,0.94306,-0.320731]],[[0.995739,0.0921775,-0.00261526],[0.0724188,-0.799226,-0.596652],[-0.0570881,0.59392,-0.802496]]],"btipPosition":[30.6613,197.11,-24.6873],"carpPosition":[28.3203,216.535,42.988],"dipPosition":[29.6097,208.05,-39.4698],"direction":[0.0881433,-0.94306,0.320731],"extended":false,"handId":465,"id":4652,"length":65.6822,"mcpPosition":[24.825,260.595,-9.19951],"pipPosition":[27.1528,234.338,-48.41],"stabilizedTipPosition":[32.8764,198.023,-27.9837],"timeVisible":10.105,"tipPosition":[30.3871,199.959,-28.1717],"tipVelocity":[-26.7955,18.6127,-8.65533],"tool":false,"touchDistance":0.333333,"touchZone":"none","type":2,"width":18.6218},{"bases":[[[0.995314,-0.0678537,0.0688939],[0.00436376,0.743257,0.668992],[-0.0965994,-0.665556,0.74007]],[[0.997859,-0.0468925,0.0455892],[0.0651425,0.774547,-0.629153],[-0.00580838,0.630776,0.775943]],[[0.997859,-0.0468925,0.0455892],[0.0223788,-0.410176,-0.911732],[0.061453,0.9108,-0.408249]],[[0.997859,-0.0468925,0.0455892],[-0.0140817,-0.834772,-0.550415],[0.0638669,0.548595,-0.833645]]],"btipPosition":[43.5052,197.208,-10.0624],"carpPosition":[40.1579,218.748,43.0093],"dipPosition":[44.6749,207.256,-25.3304],"direction":[-0.061453,-0.9108,0.408249],"extended":false,"handId":465,"id":4653,"length":63.1552,"mcpPosition":[46.0893,259.614,-2.43247],"pipPosition":[46.3437,231.988,-36.4161],"stabilizedTipPosition":[46.7147,197.593,-13.7308],"timeVisible":10.105,"tipPosition":[43.8367,199.784,-13.73],"tipVelocity":[-25.1272,18.0873,-11.5879],"tool":false,"touchDistance":0.333333,"touchZone":"none","type":3,"width":17.7198},{"bases":[[[0.962949,-0.266297,0.0425957],[0.150567,0.661915,0.734301],[-0.223737,-0.700681,0.677486]],[[0.981237,-0.190545,-0.0294386],[0.142149,0.818103,-0.557226],[0.130261,0.542586,0.829839]],[[0.981237,-0.190545,-0.0294386],[-0.0930799,-0.334438,-0.93781],[0.16885,0.922954,-0.345899]],[[0.981237,-0.190545,-0.0294386],[-0.169981,-0.782872,-0.598513],[0.0909971,0.592287,-0.800572]]],"btipPosition":[56.6069,207.742,-6.62788],"carpPosition":[53.1795,214.424,40.4842],"dipPosition":[58.1444,217.749,-20.1545],"direction":[-0.16885,-0.922954,0.345899],"extended":false,"handId":465,"id":4654,"length":49.5125,"mcpPosition":[65.8966,254.25,1.97641],"pipPosition":[61.3817,235.444,-26.7861],"stabilizedTipPosition":[59.7321,208.256,-9.78711],"timeVisible":10.105,"tipPosition":[56.9432,210.241,-9.75193],"tipVelocity":[-23.4606,14.9578,-9.46426],"tool":false,"touchDistance":0.333333,"touchZone":"none","type":4,"width":15.7401}],"r":[[0.958069,-0.0504574,0.282059],[-0.108103,0.84798,0.518888],[-0.265362,-0.527622,0.806969]],"s":1.06988,"t":[107.346,-22.0951,-114.736],"timestamp":93294595724},false],[2,{"currentFrameRate":55.297,"devices":[],"gestures":[],"hands":[{"armBasis":[[0.970528,0.226212,-0.0830928],[-0.200666,0.949511,0.241168],[0.133453,-0.217387,0.96692]],"armWidth":62.4607,"confidence":0.795275,"direction":[-0.0541684,0.752525,-0.656332],"elbow":[74.2273,146.842,298.76],"grabStrength":0,"id":465,"palmNormal":[0.206335,-0.634676,-0.744723],"palmPosition":[29.6136,240.209,4.05268],"palmVelocity":[-17.4193,18.136,-7.99985],"palmWidth":89.1918,"pinchStrength":0.350622,"r":[[0.958699,-0.0512837,0.279762],[-0.106039,0.848249,0.518873],[-0.263917,-0.527109,0.807777]],"s":1.06974,"sphereCenter":[17.3914,224.193,-39.9609],"sphereRadius":47.1079,"stabilizedPalmPosition":[30.1012,239.698,4.27903],"t":[107.031,-21.7672,-114.882],"timeVisible":10.1233,"type":"right","wrist":[38.9072,204.377,42.8511]}],"id":1673420,"interactionBox":{"center":[0,200,0],"size":[235.247,235.247,147.751]},"pointables":[{"bases":[[[0.198012,0.78524,0.586676],[-0.857404,-0.151303,0.4919],[0.475025,-0.600421,0.643309]],[[0.0797629,0.90519,0.417456],[-0.855787,-0.152562,0.494321],[0.511142,-0.396682,0.762481]],[[0.0797629,0.90519,0.417456],[-0.980562,0.146564,-0.130447],[-0.179263,-0.398937,0.899285]],[[0.0797629,0.90519,0.417456],[-0.988063,0.127164,-0.0869483],[-0.13179,-0.405538,0.904528]]],"btipPosition":[-2.02414,232.268,-54.3252],"carpPosition":[13.9719,190.222,33.7903],"dipPosition":[-5.04755,222.965,-33.5744],"direction":[0.179263,0.398937,-0.899285],"extended":false,"handId":465,"id":4650,"length":51.0864,"mcpPosition":[13.9719,190.222,33.7903],"pipPosition":[-11.0388,209.632,-3.51869],"stabilizedTipPosition":[-2.26367,229.883,-49.4526],"timeVisible":10.1233,"tipPosition":[-2.57173,230.836,-49.1734],"tipVelocity":[-25.5551,13.4726,-5.35679],"tool":false,"touchDistance":-0.0697749,"touchZone":"touching","type":0,"width":19.8498},{"bases":[[[0.954016,0.29962,0.00897744],[-0.236307,0.733321,0.637494],[0.184423,-0.610301,0.770403]],[[0.901064,0.410917,-0.138678],[-0.31374,0.838395,0.445714],[0.299418,-0.358108,0.884368]],[[0.901064,0.410917,-0.138678],[-0.369038,0.894452,0.252519],[0.227805,-0.176359,0.957602]],[[0.901064,0.410917,-0.138678],[-0.399742,0.910947,0.101892],[0.168197,-0.0363762,0.985082]]],"btipPosition":[-16.9507,275.55,-89.8522],"carpPosition":[17.1729,211.669,42.1359],"dipPosition":[-14.1337,274.941,-73.3541],"direction":[-0.227805,0.176359,-0.957602],"extended":true,"handId":465,"id":4651,"length":57.6453,"mcpPosition":[3.87309,255.682,-13.4222],"pipPosition":[-8.73641,270.763,-50.6659],"stabilizedTipPosition":[-16.0679,275.21,-86.0193],"timeVisible":10.1233,"tipPosition":[-16.1219,275.225,-86.1493],"tipVelocity":[-23.5622,18.5794,-3.57907],"tool":false,"touchDistance":-0.109033,"touchZone":"touching","type":1,"width":18.9605},{"bases":[[[0.996374,0.0849787,0.00416948],[-0.0675111,0.759841,0.646594],[0.0517786,-0.644531,0.762823]],[[0.995777,0.09173,-0.00382664],[-0.0782699,0.826399,-0.557619],[-0.0479881,0.555564,0.830088]],[[0.995777,0.09173,-0.00382664],[0.0257747,-0.319315,-0.947298],[-0.0881176,0.943199,-0.320331]],[[0.995777,0.09173,-0.00382664],[0.0713128,-0.799043,-0.59703],[-0.0578232,0.594236,-0.80221]]],"btipPosition":[30.3107,197.415,-24.8205],"carpPosition":[28.0631,216.823,42.862],"dipPosition":[29.2456,208.361,-39.5977],"direction":[0.0881176,-0.943199,0.320331],"extended":false,"handId":465,"id":4652,"length":65.6822,"mcpPosition":[24.522,260.902,-9.30688],"pipPosition":[26.7893,234.653,-48.5267],"stabilizedTipPosition":[32.485,198.289,-28.0165],"timeVisible":10.1233,"tipPosition":[30.0337,200.263,-28.3036],"tipVelocity":[-23.2222,17.7289,-7.96486],"tool":false,"touchDistance":0.333333,"touchZone":"none","type":2,"width":18.6218},{"bases":[[[0.995369,-0.068319,0.0676248],[0.00553284,0.743038,0.669227],[-0.0959687,-0.665754,0.739974]],[[0.997858,-0.0477237,0.0447375],[0.0652439,0.775407,-0.628083],[-0.0047153,0.629656,0.77686]],[[0.997858,-0.0477237,0.0447375],[0.0213822,-0.408378,-0.912563],[0.0618207,0.911565,-0.406482]],[[0.997858,-0.0477237,0.0447375],[-0.0151292,-0.833744,-0.551944],[0.0636404,0.550085,-0.832681]]],"btipPosition":[43.1566,197.504,-10.3024],"carpPosition":[39.9016,219.03,42.8691],"dipPosition":[44.3221,207.579,-25.5528],"direction":[-0.0618207,-0.911565,0.406482],"extended":false,"handId":465,"id":4653,"length":63.1552,"mcpPosition":[45.7943,259.909,-2.5668],"pipPosition":[46.0008,232.332,-36.5906],"stabilizedTipPosition":[46.3474,197.841,-13.7397],"timeVisible":10.1233,"tipPosition":[43.4901,200.074,-13.9266],"tipVelocity":[-22.2465,17.3297,-12.2187],"tool":false,"touchDistance":0.333333,"touchZone":"none","type":3,"width":17.7198},{"bases":[[[0.962883,-0.266739,0.0413028],[0.151781,0.66161,0.734326],[-0.2232,-0.700802,0.677539]],[[0.981114,-0.190974,-0.0307278],[0.141584,0.817254,-0.558614],[0.131793,0.543713,0.828858]],[[0.981114,-0.190974,-0.0307278],[-0.0946279,-0.335325,-0.937338],[0.168704,0.922543,-0.347063]],[[0.981114,-0.190974,-0.0307278],[-0.171128,-0.782915,-0.59813],[0.0901703,0.592092,-0.80081]]],"btipPosition":[56.2787,207.998,-6.72846],"carpPosition":[52.9182,214.702,40.3263],"dipPosition":[57.8023,218.002,-20.2591],"direction":[-0.168704,-0.922543,0.347063],"extended":false,"handId":465,"id":4654,"length":49.5125,"mcpPosition":[65.6047,254.535,1.81551],"pipPosition":[61.0367,235.69,-26.913],"stabilizedTipPosition":[59.3827,208.486,-9.79312],"timeVisible":10.1233,"tipPosition":[56.6145,210.504,-9.87677],"tipVelocity":[-20.9015,14.49,-7.58844],"tool":false,"touchDistance":0.333333,"touchZone":"none","type":4,"width":15.7401}],"r":[[0.958699,-0.0512837,0.279762],[-0.106039,0.848249,0.518873],[-0.263917,-0.527109,0.807777]],"s":1.06974,"t":[107.031,-21.7672,-114.882],"timestamp":93294614014},false],[3,{"currentFrameRate":55.3533,"devices":[],"gestures":[],"hands":[{"armBasis":[[0.970669,0.225894,-0.0822978],[-0.200532,0.949545,0.241144],[0.132618,-0.217568,0.966994]],"armWidth":62.4607,"confidence":0.787135,"direction":[-0.055188,0.752965,-0.655742],"elbow":[73.7016,147.073,298.718],"grabStrength":0,"id":465,"palmNormal":[0.205556,-0.634108,-0.745422],"palmPosition":[29.2506,240.512,4.02794],"palmVelocity":[-18.7813,17.5736,-4.8817],"palmWidth":89.1918,"pinchStrength":0.350919,"r":[[0.959271,-0.0519357,0.277673],[-0.104299,0.848386,0.519001],[-0.262529,-0.526824,0.808415]],"s":1.06958,"sphereCenter":[16.9791,224.528,-39.9838],"sphereRadius":47.106,"stabilizedPalmPosition":[29.8198,239.967,4.19595],"t":[106.693,-21.4518,-114.967],"timeVisible":10.1412,"type":"right","wrist":[38.6023,204.655,42.7898]}],"id":1673421,"interactionBox":{"center":[0,200,0],"size":[235.247,235.247,147.751]},"pointables":[{"bases":[[[0.198554,0.784885,0.586969],[-0.856744,-0.151861,0.492877],[0.475989,-0.600745,0.642293]],[[0.0795674,0.905305,0.417243],[-0.854523,-0.153582,0.496188],[0.513282,-0.396024,0.761384]],[[0.0795674,0.905305,0.417243],[-0.980709,0.146064,-0.129901],[-0.178544,-0.398858,0.899463]],[[0.0795674,0.905305,0.417243],[-0.988396,0.125982,-0.0848615],[-0.129391,-0.405649,0.904824]]],"btipPosition":[-2.52065,232.514,-54.3239],"carpPosition":[13.6592,190.5,33.7507],"dipPosition":[-5.48901,223.208,-33.5663],"direction":[0.178544,0.398858,-0.899463],"extended":false,"handId":465,"id":4650,"length":51.0864,"mcpPosition":[13.6592,190.5,33.7507],"pipPosition":[-11.4563,209.878,-3.50465],"stabilizedTipPosition":[-2.67967,230.101,-49.4956],"timeVisible":10.1412,"tipPosition":[-3.0407,231.078,-49.1861],"tipVelocity":[-26.2712,13.5942,-2.75656],"tool":false,"touchDistance":-0.0697273,"touchZone":"touching","type":0,"width":19.8498},{"bases":[[[0.953951,0.299857,0.0079802],[-0.235688,0.73282,0.6383],[0.18555,-0.610787,0.769747]],[[0.900854,0.411137,-0.139385],[-0.313382,0.838063,0.44659],[0.300423,-0.358632,0.883815]],[[0.900854,0.411137,-0.139385],[-0.369023,0.894335,0.252956],[0.228656,-0.17644,0.957385]],[[0.900854,0.411137,-0.139385],[-0.399928,0.910858,0.101956],[0.168878,-0.0361038,0.984976]]],"btipPosition":[-17.4135,275.878,-89.8035],"carpPosition":[16.8653,211.943,42.1071],"dipPosition":[-14.5851,275.273,-73.3072],"direction":[-0.228656,0.17644,-0.957385],"extended":true,"handId":465,"id":4651,"length":57.6453,"mcpPosition":[3.48418,255.99,-13.4037],"pipPosition":[-9.16762,271.093,-50.6241],"stabilizedTipPosition":[-16.4676,275.514,-86.0135],"timeVisible":10.1412,"tipPosition":[-16.5971,275.569,-86.095],"tipVelocity":[-24.5926,18.4945,-0.617567],"tool":false,"touchDistance":-0.108228,"touchZone":"touching","type":1,"width":18.9605},{"bases":[[[0.996357,0.0852293,0.00297018],[-0.0668871,0.759377,0.647204],[0.0529053,-0.645045,0.762311]],[[0.995748,0.0919849,-0.00501927],[-0.0791809,0.826751,-0.556967],[-0.0470829,0.554996,0.830519]],[[0.995748,0.0919849,-0.00501927],[0.0246595,-0.318647,-0.947553],[-0.0887599,0.9434,-0.31956]],[[0.995748,0.0919849,-0.00501927],[0.0707595,-0.798595,-0.597695],[-0.0589873,0.594799,-0.801708]]],"btipPosition":[29.9222,197.737,-24.8756],"carpPosition":[27.7551,217.098,42.823],"dipPosition":[28.8357,208.693,-39.6435],"direction":[0.0887599,-0.9434,0.31956],"extended":false,"handId":465,"id":4652,"length":65.6822,"mcpPosition":[24.137,261.212,-9.31085],"pipPosition":[26.3615,234.99,-48.5511],"stabilizedTipPosition":[32.1268,198.54,-28.049],"timeVisible":10.1412,"tipPosition":[29.6402,200.586,-28.3559],"tipVelocity":[-22.6525,17.9164,-5.60731],"tool":false,"touchDistance":0.333333,"touchZone":"none","type":2,"width":18.6218},{"bases":[[[0.995471,-0.0681125,0.0663206],[0.00618961,0.742576,0.669734],[-0.0948653,-0.66629,0.739634]],[[0.997896,-0.0478131,0.0437909],[0.0647105,0.776504,-0.626781],[-0.00403552,0.628296,0.777964]],[[0.997896,-0.0478131,0.0437909],[0.0206195,-0.406311,-0.913502],[0.0614701,0.912483,-0.40447]],[[0.997896,-0.0478131,0.0437909],[-0.0155933,-0.832568,-0.553703],[0.0629332,0.551855,-0.831562]]],"btipPosition":[42.7729,197.818,-10.4575],"carpPosition":[39.5931,219.309,42.8167],"dipPosition":[43.9255,207.925,-25.6873],"direction":[-0.0614701,-0.912483,0.40447],"extended":false,"handId":465,"id":4653,"length":63.1552,"mcpPosition":[45.418,260.22,-2.59833],"pipPosition":[45.5947,232.703,-36.6705],"stabilizedTipPosition":[46.0196,198.069,-13.7615],"timeVisible":10.1412,"tipPosition":[43.1053,200.384,-14.041],"tipVelocity":[-21.9569,17.632,-10.4245],"tool":false,"touchDistance":0.333333,"touchZone":"none","type":3,"width":17.7198},{"bases":[[[0.963002,-0.266523,0.0399023],[0.152541,0.66114,0.734592],[-0.222167,-0.701327,0.677335]],[[0.981127,-0.190679,-0.032122],[0.14054,0.817284,-0.558833],[0.13281,0.543772,0.828658]],[[0.981127,-0.190679,-0.032122],[-0.0958239,-0.335162,-0.937275],[0.167952,0.922664,-0.347108]],[[0.981127,-0.190679,-0.032122],[-0.171692,-0.782635,-0.598335],[0.0889499,0.592558,-0.800602]]],"btipPosition":[55.9091,208.299,-6.78443],"carpPosition":[52.6075,214.985,40.2544],"dipPosition":[57.412,218.311,-20.3115],"direction":[-0.167952,-0.922664,0.347108],"extended":false,"handId":465,"id":4654,"length":49.5125,"mcpPosition":[65.2353,254.848,1.75525],"pipPosition":[60.632,236.001,-26.9664],"stabilizedTipPosition":[59.0603,208.704,-9.80369],"timeVisible":10.1412,"tipPosition":[56.241,210.808,-9.94032],"tipVelocity":[-20.9241,15.6543,-5.46651],"tool":false,"touchDistance":0.333333,"touchZone":"none","type":4,"width":15.7401}],"r":[[0.959271,-0.0519357,0.277673],[-0.104299,0.848386,0.519001],[-0.262529,-0.526824,0.808415]],"s":1.06958,"t":[106.693,-21.4518,-114.967],"timestamp":93294631885},false],[4,{"currentFrameRate":55.366,"devices":[],"gestures":[],"hands":[{"armBasis":[[0.970533,0.22624,-0.0829555],[-0.200669,0.94941,0.241564],[0.13341,-0.217799,0.966833]],"armWidth":62.4607,"confidence":0.795305,"direction":[-0.0562405,0.75336,-0.655199],"elbow":[73.5487,147.291,298.63],"grabStrength":0,"id":465,"palmNormal":[0.205031,-0.633537,-0.746052],"palmPosition":[28.8298,240.812,4.0157],"palmVelocity":[-20.9501,17.1457,-2.88945],"palmWidth":89.1918,"pinchStrength":0.35116,"r":[[0.959789,-0.0524067,0.275787],[-0.102871,0.848419,0.519232],[-0.261194,-0.526724,0.808912]],"s":1.06941,"sphereCenter":[16.5071,224.858,-39.9972],"sphereRadius":47.1061,"stabilizedPalmPosition":[29.5024,240.238,4.13817],"t":[106.313,-21.1439,-115.015],"timeVisible":10.1592,"type":"right","wrist":[38.2398,204.935,42.7444]}],"id":1673422,"interactionBox":{"center":[0,200,0],"size":[235.247,235.247,147.751]},"pointables":[{"bases":[[[0.198838,0.784598,0.587256],[-0.856139,-0.152564,0.493711],[0.476958,-0.600941,0.641389]],[[0.0789712,0.905572,0.416778],[-0.853262,-0.154781,0.497984],[0.515469,-0.394947,0.760466]],[[0.0789712,0.905572,0.416778],[-0.98097,0.144983,-0.129143],[-0.177374,-0.398648,0.899788]],[[0.0789712,0.905572,0.416778],[-0.988719,0.124528,-0.083231],[-0.127272,-0.405503,0.90519]]],"btipPosition":[-3.0813,232.726,-54.3256],"carpPosition":[13.2932,190.774,33.7233],"dipPosition":[-6.00106,223.423,-33.5596],"direction":[0.177374,0.398648,-0.899788],"extended":false,"handId":465,"id":4650,"length":51.0864,"mcpPosition":[13.2932,190.774,33.7233],"pipPosition":[-11.9292,210.099,-3.48711],"stabilizedTipPosition":[-3.13337,230.306,-49.5184],"timeVisible":10.1592,"tipPosition":[-3.56987,231.292,-49.1991],"tipVelocity":[-28.2741,12.7267,-1.44399],"tool":false,"touchDistance":-0.0697237,"touchZone":"touching","type":0,"width":19.8498},{"bases":[[[0.953824,0.300282,0.00713539],[-0.235324,0.732304,0.639025],[0.186663,-0.611197,0.769153]],[[0.900561,0.411567,-0.140008],[-0.313216,0.837608,0.447558],[0.301471,-0.359201,0.883227]],[[0.900561,0.411567,-0.140008],[-0.369146,0.89406,0.253748],[0.229609,-0.176832,0.957084]],[[0.900561,0.411567,-0.140008],[-0.400234,0.910655,0.102569],[0.169712,-0.0363338,0.984824]]],"btipPosition":[-17.9409,276.215,-89.7433],"carpPosition":[16.4987,212.213,42.0899],"dipPosition":[-15.0986,275.607,-73.2496],"direction":[-0.229609,0.176832,-0.957084],"extended":true,"handId":465,"id":4651,"length":57.6453,"mcpPosition":[3.03744,256.29,-13.378],"pipPosition":[-9.65852,271.417,-50.5736],"stabilizedTipPosition":[-16.9165,275.822,-85.9786],"timeVisible":10.1592,"tipPosition":[-17.1279,275.908,-86.034],"tipVelocity":[-26.7277,18.5709,1.24253],"tool":false,"touchDistance":-0.107235,"touchZone":"touching","type":1,"width":18.9605},{"bases":[[[0.996321,0.0856772,0.00194164],[-0.0665256,0.758931,0.647763],[0.054025,-0.645509,0.761839]],[[0.9957,0.0924342,-0.00603867],[-0.0801551,0.827085,-0.556332],[-0.0464296,0.554424,0.830938]],[[0.9957,0.0924342,-0.00603867],[0.0237635,-0.317902,-0.947826],[-0.0895312,0.943607,-0.318731]],[[0.9957,0.0924342,-0.00603867],[0.0704585,-0.798073,-0.598427],[-0.0601344,0.595429,-0.801155]]],"btipPosition":[29.4893,198.053,-24.9221],"carpPosition":[27.387,217.373,42.7973],"dipPosition":[28.3816,209.021,-39.6798],"direction":[0.0895312,-0.943607,0.318731],"extended":false,"handId":465,"id":4652,"length":65.6822,"mcpPosition":[23.6923,261.519,-9.30425],"pipPosition":[25.886,235.324,-48.5643],"stabilizedTipPosition":[31.7765,198.786,-28.0814],"timeVisible":10.1592,"tipPosition":[29.2026,200.902,-28.3967],"tipVelocity":[-23.4315,17.8142,-4.11022],"tool":false,"touchDistance":0.333333,"touchZone":"none","type":2,"width":18.6218},{"bases":[[[0.995573,-0.0677056,0.0651947],[0.00658314,0.742149,0.670202],[-0.0937606,-0.666806,0.739309]],[[0.997926,-0.0477924,0.0431207],[0.0642645,0.778077,-0.624873],[-0.00368701,0.626349,0.779534]],[[0.997926,-0.0477924,0.0431207],[0.0202014,-0.403519,-0.914748],[0.0611181,0.913722,-0.401717]],[[0.997926,-0.0477924,0.0431207],[-0.0157817,-0.831095,-0.555906],[0.0624056,0.554073,-0.830126]]],"btipPosition":[42.34,198.141,-10.6445],"carpPosition":[39.224,219.589,42.7796],"dipPosition":[43.4829,208.288,-25.848],"direction":[-0.0611181,-0.913722,0.401717],"extended":false,"handId":465,"id":4653,"length":63.1552,"mcpPosition":[44.9811,260.532,-2.61551],"pipPosition":[45.1426,233.1,-36.7565],"stabilizedTipPosition":[45.7059,198.29,-13.7964],"timeVisible":10.1592,"tipPosition":[42.6719,200.7,-14.1686],"tipVelocity":[-22.9981,18.0154,-10.2436],"tool":false,"touchDistance":0.333333,"touchZone":"none","type":3,"width":17.7198},{"bases":[[[0.963165,-0.266114,0.0386844],[0.153041,0.660738,0.73485],[-0.221114,-0.701861,0.677126]],[[0.981185,-0.190165,-0.0333571],[0.139496,0.817712,-0.55847],[0.133478,0.543309,0.828854]],[[0.981185,-0.190165,-0.0333571],[-0.0966964,-0.334484,-0.937428],[0.167109,0.923016,-0.346579]],[[0.981185,-0.190165,-0.0333571],[-0.171961,-0.782218,-0.598802],[0.087779,0.593272,-0.800202]]],"btipPosition":[55.4921,208.615,-6.8503],"carpPosition":[52.2376,215.273,40.2004],"dipPosition":[56.9752,218.639,-20.3706],"direction":[-0.167109,-0.923016,0.346579],"extended":false,"handId":465,"id":4654,"length":49.5125,"mcpPosition":[64.8055,255.166,1.71308],"pipPosition":[60.1791,236.335,-27.0153],"stabilizedTipPosition":[58.7435,208.922,-9.81904],"timeVisible":10.1592,"tipPosition":[55.8191,211.126,-10.0027],"tipVelocity":[-22.0955,16.6019,-4.56721],"tool":false,"touchDistance":0.333333,"touchZone":"none","type":4,"width":15.7401}],"r":[[0.959789,-0.0524067,0.275787],[-0.102871,0.848419,0.519232],[-0.261194,-0.526724,0.808912]],"s":1.06941,"t":[106.313,-21.1439,-115.015],"timestamp":93294649903},false],[5,{"currentFrameRate":55.354,"devices":[],"gestures":[],"hands":[{"armBasis":[[0.970198,0.227408,-0.0836752],[-0.201509,0.948968,0.242598],[0.134574,-0.218507,0.966512]],"armWidth":62.4607,"confidence":0.749925,"direction":[-0.0574731,0.753924,-0.654443],"elbow":[73.4262,147.481,298.522],"grabStrength":0,"id":465,"palmNormal":[0.205201,-0.63261,-0.746792],"palmPosition":[28.3357,241.216,4.03277],"palmVelocity":[-23.9666,19.5997,-1.06602],"palmWidth":89.1918,"pinchStrength":0.351722,"r":[[0.960249,-0.0526334,0.274139],[-0.101838,0.848325,0.51959],[-0.259906,-0.526854,0.809243]],"s":1.06927,"sphereCenter":[15.9861,225.297,-39.9895],"sphereRadius":47.1103,"stabilizedPalmPosition":[29.1384,240.543,4.10529],"t":[105.876,-20.7881,-115.031],"timeVisible":10.1773,"type":"right","wrist":[37.8094,205.312,42.721]}],"id":1673423,"interactionBox":{"center":[0,200,0],"size":[235.247,235.247,147.751]},"pointables":[{"bases":[[[0.198403,0.784248,0.58787],[-0.855648,-0.153938,0.494136],[0.478021,-0.601048,0.640498]],[[0.0777596,0.90567,0.416791],[-0.852186,-0.156592,0.499257],[0.517429,-0.394006,0.759623]],[[0.0777596,0.90567,0.416791],[-0.981266,0.14344,-0.128618],[-0.17627,-0.398982,0.899857]],[[0.0777596,0.90567,0.416791],[-0.989038,0.122715,-0.0821324],[-0.125531,-0.405836,0.905284]]],"btipPosition":[-3.6755,233.058,-54.3091],"carpPosition":[12.8718,191.133,33.7031],"dipPosition":[-6.55533,223.747,-33.5409],"direction":[0.17627,0.398982,-0.899857],"extended":false,"handId":465,"id":4650,"length":51.0864,"mcpPosition":[12.8718,191.133,33.7031],"pipPosition":[-12.4466,210.413,-3.46611],"stabilizedTipPosition":[-3.62014,230.552,-49.524],"timeVisible":10.1773,"tipPosition":[-4.139,231.619,-49.1946],"tipVelocity":[-30.1938,15.3479,-0.30934],"tool":false,"touchDistance":-0.0694398,"touchZone":"touching","type":0,"width":19.8498},{"bases":[[[0.953511,0.301282,0.00678536],[-0.23567,0.731447,0.639879],[0.187821,-0.611731,0.768445]],[[0.900089,0.412568,-0.140101],[-0.313697,0.836779,0.448771],[0.302382,-0.359985,0.882596]],[[0.900089,0.412568,-0.140101],[-0.369855,0.89345,0.254861],[0.23032,-0.177581,0.956775]],[[0.900089,0.412568,-0.140101],[-0.401074,0.910175,0.103545],[0.170235,-0.0370089,0.984708]]],"btipPosition":[-18.5269,276.67,-89.6585],"carpPosition":[16.0602,212.568,42.0879],"dipPosition":[-15.6758,276.05,-73.1666],"direction":[-0.23032,0.177581,-0.956775],"extended":true,"handId":465,"id":4651,"length":57.6453,"mcpPosition":[2.51536,256.683,-13.329],"pipPosition":[-10.2189,271.843,-50.4981],"stabilizedTipPosition":[-17.4132,276.189,-85.9197],"timeVisible":10.1773,"tipPosition":[-17.7174,276.359,-85.9496],"tipVelocity":[-29.3562,21.6273,2.86904],"tool":false,"touchDistance":-0.105828,"touchZone":"touching","type":1,"width":18.9605},{"bases":[[[0.996231,0.0867274,0.0013588],[-0.0668939,0.758244,0.64853],[0.0552151,-0.646177,0.761188]],[[0.995597,0.0935018,-0.00662699],[-0.0814351,0.827767,-0.555131],[-0.0464202,0.553227,0.831736]],[[0.995597,0.0935018,-0.00662699],[0.0233937,-0.31631,-0.948367],[-0.0907702,0.944037,-0.317105]],[[0.995597,0.0935018,-0.00662699],[0.07086,-0.79702,-0.599782],[-0.0613625,0.596671,-0.800136]]],"btipPosition":[29.0212,198.486,-24.9836],"carpPosition":[26.9435,217.739,42.793],"dipPosition":[27.8908,209.477,-39.7226],"direction":[0.0907702,-0.944037,0.317105],"extended":false,"handId":465,"id":4652,"length":65.6822,"mcpPosition":[23.1674,261.93,-9.26401],"pipPosition":[25.3607,235.791,-48.5617],"stabilizedTipPosition":[31.4282,199.043,-28.1152],"timeVisible":10.1773,"tipPosition":[28.7297,201.331,-28.4375],"tipVelocity":[-24.7218,20.8486,-3.65898],"tool":false,"touchDistance":0.333333,"touchZone":"none","type":2,"width":18.6218},{"bases":[[[0.995687,-0.0667162,0.0644661],[0.00624752,0.741517,0.670905],[-0.092563,-0.667609,0.738736]],[[0.997987,-0.0469692,0.0426194],[0.063305,0.778724,-0.624165],[-0.00387217,0.625606,0.780129]],[[0.997987,-0.0469692,0.0426194],[0.0201637,-0.40215,-0.915352],[0.0601327,0.914368,-0.400393]],[[0.997987,-0.0469692,0.0426194],[-0.0152702,-0.83016,-0.557317],[0.0615576,0.555544,-0.829205]]],"btipPosition":[41.871,198.556,-10.6982],"carpPosition":[38.7781,219.967,42.7695],"dipPosition":[42.9984,208.731,-25.8849],"direction":[-0.0601327,-0.914368,0.400393],"extended":false,"handId":465,"id":4653,"length":63.1552,"mcpPosition":[44.4617,260.959,-2.59041],"pipPosition":[44.6313,233.56,-36.7574],"stabilizedTipPosition":[45.3864,198.523,-13.8317],"timeVisible":10.1773,"tipPosition":[42.2009,201.121,-14.2102],"tipVelocity":[-24.4735,20.5169,-6.6807],"tool":false,"touchDistance":0.333333,"touchZone":"none","type":3,"width":17.7198},{"bases":[[[0.963471,-0.265133,0.0377885],[0.152835,0.660199,0.735376],[-0.219921,-0.702739,0.676604]],[[0.9814,-0.188867,-0.0344075],[0.138129,0.819168,-0.556673],[0.133322,0.541566,0.830019]],[[0.9814,-0.188867,-0.0344075],[-0.0968385,-0.332278,-0.938197],[0.165761,0.924078,-0.344387]],[[0.9814,-0.188867,-0.0344075],[-0.171381,-0.78117,-0.600334],[0.086505,0.595065,-0.799009]]],"btipPosition":[55.034,209.069,-6.94609],"carpPosition":[51.7945,215.667,40.1775],"dipPosition":[56.4956,219.123,-20.4463],"direction":[-0.165761,-0.924078,0.344387],"extended":false,"handId":465,"id":4654,"length":49.5125,"mcpPosition":[64.2946,255.61,1.71984],"pipPosition":[59.6736,236.84,-27.0489],"stabilizedTipPosition":[58.4265,209.153,-9.84084],"timeVisible":10.1773,"tipPosition":[55.3528,211.574,-10.068],"tipVelocity":[-23.7501,20.8093,-4.78922],"tool":false,"touchDistance":0.333333,"touchZone":"none","type":4,"width":15.7401}],"r":[[0.960249,-0.0526334,0.274139],[-0.101838,0.848325,0.51959],[-0.259906,-0.526854,0.809243]],"s":1.06927,"t":[105.876,-20.7881,-115.031],"timestamp":93294668010},false],[6,{"currentFrameRate":55.3472,"devices":[],"gestures":[],"hands":[{"armBasis":[[0.969903,0.227958,-0.0855753],[-0.201716,0.949085,0.241968],[0.136377,-0.217423,0.966503]],"armWidth":62.4607,"confidence":0.763301,"direction":[-0.0584572,0.754554,-0.653629],"elbow":[73.3464,148.264,298.27],"grabStrength":0,"id":465,"palmNormal":[0.204926,-0.631735,-0.747607],"palmPosition":[27.7254,241.746,3.82777],"palmVelocity":[-28.6091,24.2235,-5.94719],"palmWidth":89.1918,"pinchStrength":0.35442,"r":[[0.960667,-0.0527608,0.272646],[-0.101019,0.848132,0.520065],[-0.258679,-0.527151,0.809442]],"s":1.06914,"sphereCenter":[15.3423,225.868,-40.2154],"sphereRadius":47.1185,"stabilizedPalmPosition":[28.7126,240.906,4.02165],"t":[105.352,-20.3449,-115.142],"timeVisible":10.1954,"type":"right","wrist":[37.2524,205.808,42.4715]}],"id":1673424,"interactionBox":{"center":[0,200,0],"size":[235.247,235.247,147.751]},"pointables":[{"bases":[[[0.198456,0.783765,0.588497],[-0.85514,-0.154925,0.494705],[0.478906,-0.601424,0.639483]],[[0.077145,0.905641,0.416969],[-0.851071,-0.158033,0.500702],[0.519352,-0.393497,0.758574]],[[0.077145,0.905641,0.416969],[-0.98157,0.142327,-0.127526],[-0.174839,-0.399446,0.89993]],[[0.077145,0.905641,0.416969],[-0.989375,0.121227,-0.0802533],[-0.123229,-0.406347,0.905371]]],"btipPosition":[-4.42682,233.552,-54.5049],"carpPosition":[12.3152,191.625,33.4604],"dipPosition":[-7.25381,224.23,-33.7347],"direction":[0.174839,0.399446,-0.89993],"extended":false,"handId":465,"id":4650,"length":51.0864,"mcpPosition":[12.3152,191.625,33.4604],"pipPosition":[-13.0972,210.879,-3.65748],"stabilizedTipPosition":[-4.18305,230.883,-49.6028],"timeVisible":10.1954,"tipPosition":[-4.85381,232.102,-49.4037],"tipVelocity":[-35.2644,20.9633,-5.29648],"tool":false,"touchDistance":-0.0726956,"touchZone":"touching","type":0,"width":19.8498},{"bases":[[[0.953345,0.301818,0.00628197],[-0.235542,0.730663,0.640821],[0.188821,-0.612403,0.767665]],[[0.899833,0.413077,-0.140245],[-0.313597,0.836004,0.450282],[0.303247,-0.361198,0.881804]],[[0.899833,0.413077,-0.140245],[-0.369988,0.892984,0.256296],[0.231107,-0.178735,0.95637]],[[0.899833,0.413077,-0.140245],[-0.401359,0.909901,0.104841],[0.170916,-0.0380508,0.984551]]],"btipPosition":[-19.2271,277.3,-89.7803],"carpPosition":[15.4986,213.053,41.8643],"dipPosition":[-16.3646,276.662,-73.2911],"direction":[-0.231107,0.178735,-0.95637],"extended":true,"handId":465,"id":4651,"length":57.6453,"mcpPosition":[1.88163,257.216,-13.4964],"pipPosition":[-10.8891,272.428,-50.6321],"stabilizedTipPosition":[-17.9893,276.67,-85.9536],"timeVisible":10.1954,"tipPosition":[-18.4223,276.977,-86.073],"tipVelocity":[-33.7323,27.7782,-1.71163],"tool":false,"touchDistance":-0.107868,"touchZone":"touching","type":1,"width":18.9605},{"bases":[[[0.996182,0.087293,0.000601582],[-0.0667742,0.757548,0.649356],[0.0562285,-0.646917,0.760485]],[[0.995537,0.0940824,-0.00738534],[-0.0825314,0.83001,-0.551609],[-0.0457667,0.549756,0.83407]],[[0.995537,0.0940824,-0.00738534],[0.0224027,-0.311624,-0.949941],[-0.0916742,0.945536,-0.312341]],[[0.995537,0.0940824,-0.00738534],[0.0706021,-0.794433,-0.603235],[-0.0626209,0.600021,-0.797529]]],"btipPosition":[28.4054,199.087,-25.4543],"carpPosition":[26.3796,218.229,42.5653],"dipPosition":[27.2519,210.14,-40.1453],"direction":[0.0916742,-0.945536,0.312341],"extended":false,"handId":465,"id":4652,"length":65.6822,"mcpPosition":[22.5341,262.471,-9.44361],"pipPosition":[24.6965,236.496,-48.8516],"stabilizedTipPosition":[31.0845,199.314,-28.1902],"timeVisible":10.1954,"tipPosition":[28.1126,201.908,-28.8112],"tipVelocity":[-29.2913,27.1174,-13.9998],"tool":false,"touchDistance":0.333333,"touchZone":"none","type":2,"width":18.6218},{"bases":[[[0.995779,-0.0662148,0.0635537],[0.00639567,0.74084,0.671651],[-0.0915564,-0.66841,0.738137]],[[0.99803,-0.0466527,0.041955],[0.0626401,0.779161,-0.623686],[-0.00359312,0.625085,0.780549]],[[0.99803,-0.0466527,0.041955],[0.0197978,-0.400363,-0.916143],[0.0595377,0.915168,-0.39865]],[[0.99803,-0.0466527,0.041955],[-0.0152188,-0.828709,-0.559472],[0.0608694,0.557731,-0.827787]]],"btipPosition":[41.2604,199.063,-10.9886],"carpPosition":[38.2129,220.464,42.534],"dipPosition":[42.3752,209.278,-26.1493],"direction":[-0.0595377,-0.915168,0.39865],"extended":false,"handId":465,"id":4653,"length":63.1552,"mcpPosition":[43.8346,261.506,-2.78907],"pipPosition":[43.992,234.129,-36.9744],"stabilizedTipPosition":[45.0569,198.769,-13.8865],"timeVisible":10.1954,"tipPosition":[41.5892,201.647,-14.4835],"tipVelocity":[-28.9593,24.3408,-10.9778],"tool":false,"touchDistance":0.333333,"touchZone":"none","type":3,"width":17.7198},{"bases":[[[0.963653,-0.264623,0.0367022],[0.153084,0.65954,0.735916],[-0.218947,-0.703549,0.676078]],[[0.981497,-0.188147,-0.0355483],[0.137069,0.820026,-0.55567],[0.133698,0.540516,0.830643]],[[0.981497,-0.188147,-0.0355483],[-0.0974302,-0.330917,-0.938617],[0.164835,0.924713,-0.343126]],[[0.981497,-0.188147,-0.0355483],[-0.171378,-0.780404,-0.601331],[0.0853968,0.596297,-0.798209]]],"btipPosition":[54.4371,209.625,-7.22632],"carpPosition":[51.2295,216.175,39.9267],"dipPosition":[55.88,219.7,-20.713],"direction":[-0.164835,-0.924713,0.343126],"extended":false,"handId":465,"id":4654,"length":49.5125,"mcpPosition":[63.6743,256.164,1.49893],"pipPosition":[59.0402,237.429,-27.2915],"stabilizedTipPosition":[58.1028,209.4,-9.88398],"timeVisible":10.1954,"tipPosition":[54.7502,212.131,-10.3371],"tipVelocity":[-28.2