{"sensorType":"Leap","data":[[0,{"currentFrameRate":54.7433,"devices":[],"gestures":[],"hands":[{"armBasis":[[0.963228,0.254391,-0.086467],[-0.228083,0.944278,0.237311],[0.142019,-0.208863,0.967578]],"armWidth":62.4607,"confidence":0.652609,"direction":[-0.0277677,0.709846,-0.70381],"elbow":[77.6988,153.786,305.179],"grabStrength":0,"id":465,"palmNormal":[0.24864,-0.677048,-0.692664],"palmPosition":[32.4602,242.32,7.73032],"palmVelocity":[-37.3848,52.1671,14.8536],"palmWidth":89.1918,"pinchStrength":0.304786,"r":[[0.941516,-0.0116284,0.336767],[-0.147977,0.883615,0.444216],[-0.302738,-0.46807,0.830217]],"s":1.08449,"sphereCenter":[19.7235,225.231,-35.7716],"sphereRadius":48.3152,"stabilizedPalmPosition":[33.2281,241.223,7.34169],"t":[110.241,-20.2657,-111.593],"timeVisible":4.4834,"type":"right","wrist":[40.1116,209.064,49.0964]}],"id":1673110,"interactionBox":{"center":[0,200,0],"size":[235.247,235.247,147.751]},"pointables":[{"bases":[[[0.161791,0.822241,0.545658],[-0.879558,-0.130557,0.457528],[0.447438,-0.553962,0.702086]],[[0.0903155,0.898319,0.429961],[-0.866305,-0.142106,0.478875],[0.491282,-0.415727,0.765384]],[[0.0903155,0.898319,0.429961],[-0.979837,0.157407,-0.123051],[-0.178218,-0.410179,0.894423]],[[0.0903155,0.898319,0.429961],[-0.957953,0.196419,-0.209155],[-0.27234,-0.392993,0.878287]]],"btipPosition":[3.94621,237.154,-47.7755],"carpPosition":[15.781,194.088,39.7175],"dipPosition":[-2.30156,228.139,-27.6267],"direction":[0.178218,0.410179,-0.894423],"extended":false,"handId":465,"id":4650,"length":51.0864,"mcpPosition":[15.781,194.088,39.7175],"pipPosition":[-8.25792,214.43,2.26649],"stabilizedTipPosition":[2.71107,234.911,-43.1598],"timeVisible":4.4834,"tipPosition":[3.36138,235.187,-42.9731],"tipVelocity":[-68.7474,63.2137,18.4995],"tool":false,"touchDistance":-0.0736101,"touchZone":"touching","type":0,"width":19.8498},{"bases":[[[0.949791,0.310656,0.0372865],[-0.274065,0.768524,0.578152],[0.150951,-0.559342,0.815077]],[[0.922609,0.379787,-0.0674921],[-0.292644,0.80314,0.518966],[0.251302,-0.459051,0.852126]],[[0.922609,0.379787,-0.0674921],[-0.34063,0.884259,0.319465],[0.181009,-0.271751,0.945191]],[[0.922609,0.379787,-0.0674921],[-0.366702,0.917836,0.152012],[0.119679,-0.115499,0.986072]]],"btipPosition":[-9.38342,284.088,-86.7162],"carpPosition":[18.3786,216.046,46.8583],"dipPosition":[-7.37904,282.154,-70.2015],"direction":[-0.181009,0.271751,-0.945191],"extended":true,"handId":465,"id":4651,"length":57.6453,"mcpPosition":[7.49272,256.383,-11.9215],"pipPosition":[-3.09044,275.715,-47.8074],"stabilizedTipPosition":[-8.48335,283.152,-83.1012],"timeVisible":4.4834,"tipPosition":[-9.05661,284.4,-82.5818],"tipVelocity":[-53.4366,66.5935,30.9752],"tool":false,"touchDistance":-0.052477,"touchZone":"touching","type":1,"width":18.9605},{"bases":[[[0.994164,0.0966342,0.0479528],[-0.106165,0.797513,0.593887],[0.0191468,-0.595512,0.803118]],[[0.994121,0.0979183,0.0462205],[-0.0508294,0.798926,-0.599278],[-0.0956071,0.593405,0.799205]],[[0.994121,0.0979183,0.0462205],[0.0815733,-0.396563,-0.914376],[-0.0712049,0.912771,-0.402219]],[[0.994121,0.0979183,0.0462205],[0.107833,-0.85659,-0.504604],[-0.00981792,0.506621,-0.862113]]],"btipPosition":[34.5482,199.275,-17.7955],"carpPosition":[29.1748,221.361,47.7975],"dipPosition":[34.3673,208.607,-33.6761],"direction":[0.0712049,-0.912771,0.402218],"extended":false,"handId":465,"id":4652,"length":65.6822,"mcpPosition":[27.8653,262.087,-7.12705],"pipPosition":[32.3826,234.05,-44.8878],"stabilizedTipPosition":[37.224,197.631,-22.7475],"timeVisible":4.4834,"tipPosition":[34.507,201.276,-20.8767],"tipVelocity":[-48.3249,61.7894,5.42251],"tool":false,"touchDistance":0.333333,"touchZone":"none","type":2,"width":18.6218},{"bases":[[[0.991301,-0.0524503,0.120709],[-0.0342008,0.782989,0.621094],[-0.12709,-0.61982,0.774385]],[[0.991648,-0.0507388,0.11857],[0.113117,0.783783,-0.610646],[-0.0619497,0.618958,0.782977]],[[0.991648,-0.0507388,0.11857],[0.0852907,-0.431614,-0.898017],[0.0967407,0.90063,-0.423682]],[[0.991648,-0.0507388,0.11857],[0.0145033,-0.869657,-0.493443],[0.128152,0.491042,-0.861658]]],"btipPosition":[46.5217,201.202,-6.30412],"carpPosition":[40.9789,223.701,48.2505],"dipPosition":[48.8688,210.195,-22.0852],"direction":[-0.0967407,-0.90063,0.423682],"extended":false,"handId":465,"id":4653,"length":63.1552,"mcpPosition":[48.7825,261.76,0.701673],"pipPosition":[51.4957,234.651,-33.59],"stabilizedTipPosition":[50.1001,198.85,-11.7693],"timeVisible":4.4834,"tipPosition":[46.9136,203.106,-9.54558],"tipVelocity":[-44.2733,56.586,2.37413],"tool":false,"touchDistance":0.333333,"touchZone":"none","type":3,"width":17.7198},{"bases":[[[0.961862,-0.252482,0.105231],[0.109306,0.707443,0.698267],[-0.250744,-0.660134,0.708061]],[[0.982539,-0.183302,0.031905],[0.170775,0.820415,-0.545669],[0.073847,0.54159,0.837393]],[[0.982539,-0.183302,0.031905],[-0.0400886,-0.376016,-0.925745],[0.181688,0.908302,-0.376799]],[[0.982539,-0.183302,0.031905],[-0.138099,-0.833387,-0.535158],[0.124685,0.521408,-0.844149]]],"btipPosition":[60.2451,211.901,-1.15644],"carpPosition":[54.1426,219.376,46.6266],"dipPosition":[62.3518,220.711,-15.4193],"direction":[-0.181688,-0.908302,0.376799],"extended":false,"handId":465,"id":4654,"length":49.5125,"mcpPosition":[68.3947,256.897,6.38098],"pipPosition":[65.8351,238.125,-22.6434],"stabilizedTipPosition":[63.7359,209.251,-6.48367],"timeVisible":4.4834,"tipPosition":[60.4692,213.727,-4.06892],"tipVelocity":[-40.99,55.5523,0.652466],"tool":false,"touchDistance":0.333333,"touchZone":"none","type":4,"width":15.7401}],"r":[[0.941516,-0.0116284,0.336767],[-0.147977,0.883615,0.444216],[-0.302738,-0.46807,0.830217]],"s":1.08449,"t":[110.241,-20.2657,-111.593],"timestamp":93288974127},false],[1,{"currentFrameRate":54.8628,"devices":[],"gestures":[],"hands":[{"armBasis":[[0.963498,0.252552,-0.0888236],[-0.22578,0.94483,0.237318],[0.143858,-0.208601,0.967363]],"armWidth":62.4607,"confidence":0.664868,"direction":[-0.0298219,0.710925,-0.702635],"elbow":[77.8992,154.138,305.087],"grabStrength":0,"id":465,"palmNormal":[0.245028,-0.6763,-0.69468],"palmPosition":[32.0433,242.674,7.7763],"palmVelocity":[-30.8139,36.9701,9.08313],"palmWidth":89.1918,"pinchStrength":0.303352,"r":[[0.942743,-0.0150276,0.333181],[-0.144381,0.882138,0.448315],[-0.300649,-0.470751,0.82946]],"s":1.08504,"sphereCenter":[19.3346,225.617,-35.7232],"sphereRadius":48.263,"stabilizedPalmPosition":[32.5602,242.041,7.58667],"t":[109.694,-19.6202,-111.448],"timeVisible":4.50121,"type":"right","wrist":[39.8251,209.347,49.0613]}],"id":1673111,"interactionBox":{"center":[0,200,0],"size":[235.247,235.247,147.751]},"pointables":[{"bases":[[[0.164967,0.821241,0.546214],[-0.877833,-0.130228,0.460923],[0.449661,-0.555522,0.699429]],[[0.0926228,0.898007,0.430122],[-0.863822,-0.142373,0.483262],[0.49521,-0.41631,0.762531]],[[0.0926228,0.898007,0.430122],[-0.98016,0.158255,-0.119335],[-0.175233,-0.410536,0.894849]],[[0.0926228,0.898007,0.430122],[-0.960362,0.194635,-0.199553],[-0.262916,-0.39459,0.880439]]],"btipPosition":[3.09616,237.557,-47.6574],"carpPosition":[15.4392,194.413,39.7597],"dipPosition":[-2.93542,228.504,-27.4592],"direction":[0.175233,0.410536,-0.894849],"extended":false,"handId":465,"id":4650,"length":51.0864,"mcpPosition":[15.4392,194.413,39.7597],"pipPosition":[-8.79201,214.783,2.44825],"stabilizedTipPosition":[1.81609,235.414,-43.0276],"timeVisible":4.50121,"tipPosition":[2.57046,235.596,-42.8455],"tipVelocity":[-57.5504,43.884,13.2196],"tool":false,"touchDistance":-0.0714518,"touchZone":"touching","type":0,"width":19.8498},{"bases":[[[0.950293,0.309509,0.0338677],[-0.270814,0.767975,0.580408],[0.153632,-0.56073,0.813621]],[[0.922949,0.378477,-0.0701464],[-0.290524,0.804486,0.518071],[0.25251,-0.457774,0.852456]],[[0.922949,0.378477,-0.0701464],[-0.338857,0.885336,0.318364],[0.182597,-0.270064,0.94537]],[[0.922949,0.378477,-0.0701464],[-0.365216,0.918596,0.150994],[0.121584,-0.113742,0.986043]]],"btipPosition":[-9.98455,284.377,-86.5648],"carpPosition":[18.0912,216.357,46.9224],"dipPosition":[-7.94827,282.472,-70.0506],"direction":[-0.182597,0.270064,-0.94537],"extended":true,"handId":465,"id":4651,"length":57.6453,"mcpPosition":[7.01197,256.795,-11.7525],"pipPosition":[-3.62206,276.073,-47.6522],"stabilizedTipPosition":[-9.26632,283.748,-82.8475],"timeVisible":4.50121,"tipPosition":[-9.69141,284.721,-82.4073],"tipVelocity":[-43.9864,43.0691,20.405],"tool":false,"touchDistance":-0.0499552,"touchZone":"touching","type":1,"width":18.9605},{"bases":[[[0.994463,0.0954207,0.0440345],[-0.102818,0.796749,0.5955],[0.0217386,-0.59673,0.802148]],[[0.994413,0.0967153,0.0422938],[-0.0523897,0.800027,-0.597673],[-0.0916403,0.592118,0.800624]],[[0.994413,0.0967153,0.0422938],[0.0774007,-0.395629,-0.915143],[-0.0717757,0.913304,-0.400905]],[[0.994413,0.0967153,0.0422938],[0.104793,-0.856342,-0.505665],[-0.0126876,0.507272,-0.861693]]],"btipPosition":[33.9748,199.69,-17.8126],"carpPosition":[28.8972,221.658,47.8254],"dipPosition":[33.7411,209.034,-33.6855],"direction":[0.0717757,-0.913304,0.400905],"extended":false,"handId":465,"id":4652,"length":65.6822,"mcpPosition":[27.4106,262.468,-7.03278],"pipPosition":[31.7404,234.492,-44.8605],"stabilizedTipPosition":[36.3218,198.78,-22.3968],"timeVisible":4.50121,"tipPosition":[33.9244,201.687,-20.9083],"tipVelocity":[-41.0613,43.7612,2.46779],"tool":false,"touchDistance":0.333333,"touchZone":"none","type":2,"width":18.6218},{"bases":[[[0.991725,-0.0537687,0.11658],[-0.0307602,0.782101,0.622392],[-0.124642,-0.620827,0.773975]],[[0.992093,-0.0519108,0.114263],[0.111291,0.784718,-0.609781],[-0.0580102,0.617676,0.78429]],[[0.992093,-0.0519108,0.114263],[0.0810549,-0.430075,-0.899147],[0.0958172,0.9013,-0.422467]],[[0.992093,-0.0519108,0.114263],[0.0115548,-0.8688,-0.495028],[0.124969,0.492435,-0.861331]]],"btipPosition":[46.0092,201.559,-6.39239],"carpPosition":[40.7059,223.985,48.2336],"dipPosition":[48.2979,210.578,-22.1674],"direction":[-0.0958172,-0.9013,0.422467],"extended":false,"handId":465,"id":4653,"length":63.1552,"mcpPosition":[48.3591,262.105,0.709924],"pipPosition":[50.8998,235.053,-33.6393],"stabilizedTipPosition":[49.26,199.977,-11.3572],"timeVisible":4.50121,"tipPosition":[46.3884,203.472,-9.63326],"tipVelocity":[-37.3405,39.5768,-1.03604],"tool":false,"touchDistance":0.333333,"touchZone":"none","type":3,"width":17.7198},{"bases":[[[0.961992,-0.253743,0.100925],[0.112973,0.706276,0.698865],[-0.248613,-0.6609,0.708098]],[[0.982561,-0.183961,0.0270779],[0.168785,0.821285,-0.544979],[0.0780161,0.540045,0.838012]],[[0.982561,-0.183961,0.0270779],[-0.044832,-0.375705,-0.925654],[0.180458,0.908297,-0.3774]],[[0.982561,-0.183961,0.0270779],[-0.141339,-0.833526,-0.534095],[0.120823,0.520953,-0.844991]]],"btipPosition":[59.7834,212.277,-1.23131],"carpPosition":[53.8578,219.646,46.5496],"dipPosition":[61.8249,221.079,-15.5084],"direction":[-0.180458,-0.908297,0.3774],"extended":false,"handId":465,"id":4654,"length":49.5125,"mcpPosition":[67.9887,257.211,6.30183],"pipPosition":[65.2847,238.493,-22.744],"stabilizedTipPosition":[62.9752,210.354,-6.0537],"timeVisible":4.50121,"tipPosition":[59.9936,214.094,-4.17192],"tipVelocity":[-34.2992,39.2982,-1.71718],"tool":false,"touchDistance":0.333333,"touchZone":"none","type":4,"width":15.7401}],"r":[[0.942743,-0.0150276,0.333181],[-0.144381,0.882138,0.448315],[-0.300649,-0.470751,0.82946]],"s":1.08504,"t":[109.694,-19.6202,-111.448],"timestamp":93288991938},false],[2,{"currentFrameRate":54.935,"devices":[],"gestures":[],"hands":[{"armBasis":[[0.963559,0.251836,-0.0901823],[-0.224635,0.944841,0.238358],[0.145235,-0.209414,0.966981]],"armWidth":62.4607,"confidence":0.675874,"direction":[-0.0308137,0.711977,-0.701527],"elbow":[77.8885,154.117,305.037],"grabStrength":0,"id":465,"palmNormal":[0.2432,-0.675426,-0.69617],"palmPosition":[31.6047,242.933,7.89189],"palmVelocity":[-27.795,26.3117,7.83272],"palmWidth":89.1918,"pinchStrength":0.302869,"r":[[0.943842,-0.0179506,0.32991],[-0.141204,0.880824,0.451897],[-0.298704,-0.473104,0.828823]],"s":1.08524,"sphereCenter":[19.0638,225.888,-35.6358],"sphereRadius":48.1969,"stabilizedPalmPosition":[31.9996,242.564,7.76573],"t":[109.201,-19.1679,-111.318],"timeVisible":4.51917,"type":"right","wrist":[39.45,209.541,49.112]}],"id":1673112,"interactionBox":{"center":[0,200,0],"size":[235.247,235.247,147.751]},"pointables":[{"bases":[[[0.166581,0.820335,0.547084],[-0.876974,-0.13037,0.462515],[0.450741,-0.556825,0.697695]],[[0.0934247,0.897873,0.430228],[-0.862353,-0.142998,0.485694],[0.497613,-0.416385,0.760924]],[[0.0934247,0.897873,0.430228],[-0.980334,0.158403,-0.117701],[-0.17383,-0.410771,0.895014]],[[0.0934247,0.897873,0.430228],[-0.962063,0.192664,-0.19317],[-0.256332,-0.39586,0.88181]]],"btipPosition":[2.37752,237.819,-47.5375],"carpPosition":[15.036,194.635,39.838],"dipPosition":[-3.503,228.738,-27.3078],"direction":[0.17383,0.410771,-0.895014],"extended":false,"handId":465,"id":4650,"length":51.0864,"mcpPosition":[15.036,194.635,39.838],"pipPosition":[-9.31271,215.009,2.60516],"stabilizedTipPosition":[1.08563,235.706,-42.8956],"timeVisible":4.51917,"tipPosition":[1.88596,235.878,-42.7143],"tipVelocity":[-48.3509,29.8797,10.3183],"tool":false,"touchDistance":-0.0693323,"touchZone":"touching","type":0,"width":19.8498},{"bases":[[[0.95055,0.308879,0.0323903],[-0.269162,0.767286,0.582086],[0.154941,-0.56202,0.812482]],[[0.923205,0.377699,-0.0709702],[-0.290066,0.805967,0.516023],[0.252101,-0.455809,0.85363]],[[0.923205,0.377699,-0.0709702],[-0.338488,0.886596,0.315235],[0.181986,-0.267004,0.946356]],[[0.923205,0.377699,-0.0709702],[-0.364802,0.91936,0.147298],[0.120881,-0.110096,0.986543]]],"btipPosition":[-10.4106,284.463,-86.4586],"carpPosition":[17.7161,216.567,47.0275],"dipPosition":[-8.3861,282.619,-69.9361],"direction":[-0.181986,0.267004,-0.946356],"extended":true,"handId":465,"id":4651,"length":57.6453,"mcpPosition":[6.54244,257.098,-11.5651],"pipPosition":[-4.07437,276.293,-47.5143],"stabilizedTipPosition":[-9.8132,283.983,-82.6952],"timeVisible":4.51917,"tipPosition":[-10.165,284.866,-82.2708],"tipVelocity":[-34.4807,25.3576,13.6029],"tool":false,"touchDistance":-0.0481539,"touchZone":"touching","type":1,"width":18.9605},{"bases":[[[0.994608,0.0947485,0.0421525],[-0.101119,0.795934,0.596879],[0.0230028,-0.597923,0.801223]],[[0.994555,0.0960621,0.0403919],[-0.0531829,0.80122,-0.596001],[-0.0896159,0.590608,0.801967]],[[0.994555,0.0960621,0.0403919],[0.0752892,-0.394394,-0.915852],[-0.0720483,0.913906,-0.39948]],[[0.994555,0.0960621,0.0403919],[0.10325,-0.855915,-0.506704],[-0.014103,0.508116,-0.861173]]],"btipPosition":[33.4563,200.012,-17.7712],"carpPosition":[28.5272,221.86,47.9164],"dipPosition":[33.1965,209.372,-33.6345],"direction":[0.0720483,-0.913906,0.39948],"extended":false,"handId":465,"id":4652,"length":65.6822,"mcpPosition":[26.9541,262.752,-6.87862],"pipPosition":[31.1882,234.847,-44.7698],"stabilizedTipPosition":[35.5186,199.71,-22.1285],"timeVisible":4.51917,"tipPosition":[33.4014,202.006,-20.8746],"tipVelocity":[-35.4598,31.6602,2.44993],"tool":false,"touchDistance":0.333333,"touchZone":"none","type":2,"width":18.6218},{"bases":[[[0.991927,-0.0545458,0.114484],[-0.0290152,0.781203,0.623602],[-0.12345,-0.621889,0.773313]],[[0.992319,-0.0525422,0.111992],[0.110299,0.7857,-0.608695],[-0.05601,0.616372,0.785461]],[[0.992319,-0.0525422,0.111992],[0.078894,-0.428506,-0.900088],[0.0952818,0.90201,-0.421069]],[[0.992319,-0.0525422,0.111992],[0.0100851,-0.867942,-0.496564],[0.123293,0.493879,-0.860745]]],"btipPosition":[45.5257,201.83,-6.38132],"carpPosition":[40.338,224.179,48.304],"dipPosition":[47.7838,210.876,-22.1456],"direction":[-0.0952818,-0.90201,0.421069],"extended":false,"handId":465,"id":4653,"length":63.1552,"mcpPosition":[47.9181,262.364,0.820932],"pipPosition":[50.3712,235.369,-33.5796],"stabilizedTipPosition":[48.4873,200.923,-11.0327],"timeVisible":4.51917,"tipPosition":[45.8981,203.751,-9.621],"tipVelocity":[-32.6025,28.1557,-0.189501],"tool":false,"touchDistance":0.333333,"touchZone":"none","type":3,"width":17.7198},{"bases":[[[0.962039,-0.254479,0.0985955],[0.114827,0.705177,0.699671],[-0.247579,-0.66179,0.707629]],[[0.98259,-0.184181,0.0243719],[0.167624,0.822299,-0.543807],[0.080118,0.538425,0.838856]],[[0.98259,-0.184181,0.0243719],[-0.0473403,-0.375062,-0.92579],[0.179654,0.908518,-0.377252]],[[0.98259,-0.184181,0.0243719],[-0.142997,-0.833498,-0.533698],[0.118611,0.520921,-0.845324]]],"btipPosition":[59.3306,212.569,-1.19389],"carpPosition":[53.4838,219.835,46.5868],"dipPosition":[61.3347,221.37,-15.4766],"direction":[-0.179654,-0.908518,0.377252],"extended":false,"handId":465,"id":4654,"length":49.5125,"mcpPosition":[67.556,257.451,6.36571],"pipPosition":[64.7791,238.789,-22.7094],"stabilizedTipPosition":[62.2619,211.304,-5.70088],"timeVisible":4.51917,"tipPosition":[59.5328,214.379,-4.15368],"tipVelocity":[-30.2336,28.3959,0.0464472],"tool":false,"touchDistance":0.333333,"touchZone":"none","type":4,"width":15.7401}],"r":[[0.943842,-0.0179506,0.32991],[-0.141204,0.880824,0.451897],[-0.298704,-0.473104,0.828823]],"s":1.08524,"t":[109.201,-19.1679,-111.318],"timestamp":93289009890},false],[3,{"currentFrameRate":54.9679,"devices":[],"gestures":[],"hands":[{"armBasis":[[0.963248,0.2518,-0.0935393],[-0.223531,0.944515,0.240675],[0.148951,-0.210921,0.966088]],"armWidth":62.4607,"confidence":0.656242,"direction":[-0.0324926,0.714512,-0.698868],"elbow":[78.3633,154.257,304.525],"grabStrength":0,"id":465,"palmNormal":[0.241111,-0.672982,-0.699257],"palmPosition":[30.9947,243.623,7.75802],"palmVelocity":[-30.6209,31.9515,0.591211],"palmWidth":89.1918,"pinchStrength":0.308314,"r":[[0.944884,-0.0205753,0.326758],[-0.138356,0.879439,0.455461],[-0.296735,-0.475567,0.828121]],"s":1.08462,"sphereCenter":[18.798,226.624,-35.8636],"sphereRadius":48.0694,"stabilizedPalmPosition":[31.3852,243.211,7.76102],"t":[108.649,-18.5966,-111.32],"timeVisible":4.53724,"type":"right","wrist":[38.9412,210.08,48.836]}],"id":1673113,"interactionBox":{"center":[0,200,0],"size":[235.247,235.247,147.751]},"pointables":[{"bases":[[[0.16831,0.818307,0.549587],[-0.87576,-0.131779,0.464412],[0.452455,-0.559472,0.694461]],[[0.0939357,0.897114,0.431698],[-0.860741,-0.14472,0.488038],[0.500301,-0.417424,0.758588]],[[0.0939357,0.897114,0.431698],[-0.980457,0.158646,-0.11634],[-0.172857,-0.412333,0.894484]],[[0.0939357,0.897114,0.431698],[-0.964251,0.1899,-0.184816],[-0.24778,-0.398904,0.882882]]],"btipPosition":[1.47901,238.572,-47.6936],"carpPosition":[14.4977,195.215,39.5744],"dipPosition":[-4.20534,229.421,-27.4394],"direction":[0.172857,0.412333,-0.894484],"extended":false,"handId":465,"id":4650,"length":51.0864,"mcpPosition":[14.4977,195.215,39.5744],"pipPosition":[-9.98254,215.64,2.45586],"stabilizedTipPosition":[0.228685,236.42,-43.0264],"timeVisible":4.53724,"tipPosition":[1.01657,236.657,-42.8476],"tipVelocity":[-47.8069,35.0535,1.45758],"tool":false,"touchDistance":-0.0718411,"touchZone":"touching","type":0,"width":19.8498},{"bases":[[[0.950728,0.308479,0.0309331],[-0.267353,0.76526,0.585576],[0.156966,-0.564993,0.810027]],[[0.923349,0.377255,-0.0714481],[-0.290246,0.807612,0.513341],[0.251363,-0.453256,0.855205]],[[0.923349,0.377255,-0.0714481],[-0.33902,0.888393,0.309554],[0.180255,-0.261604,0.948194]],[[0.923349,0.377255,-0.0714481],[-0.365239,0.920383,0.139628],[0.118435,-0.10283,0.987623]]],"btipPosition":[-10.9557,284.874,-86.6014],"carpPosition":[17.204,217.121,46.8357],"dipPosition":[-8.97219,283.152,-70.0608],"direction":[-0.180255,0.261604,-0.948194],"extended":true,"handId":465,"id":4651,"length":57.6453,"mcpPosition":[5.88428,257.866,-11.5799],"pipPosition":[-4.70146,276.954,-47.5955],"stabilizedTipPosition":[-10.4002,284.406,-82.7823],"timeVisible":4.53724,"tipPosition":[-10.794,285.412,-82.3493],"tipVelocity":[-32.6721,24.836,3.49473],"tool":false,"touchDistance":-0.050464,"touchZone":"touching","type":1,"width":18.9605},{"bases":[[[0.994748,0.0943015,0.0398037],[-0.0992613,0.793805,0.600017],[0.0249861,-0.600816,0.798996]],[[0.994687,0.0957049,0.0379369],[-0.0551849,0.806753,-0.588306],[-0.0869095,0.583087,0.807748]],[[0.994687,0.0957049,0.0379369],[0.0723332,-0.387477,-0.919037],[-0.0732567,0.916898,-0.392341]],[[0.994687,0.0957049,0.0379369],[0.101615,-0.853559,-0.510991],[-0.0165231,0.512131,-0.858748]]],"btipPosition":[32.7629,200.955,-18.3376],"carpPosition":[28.019,222.407,47.7144],"dipPosition":[32.4585,210.389,-34.1563],"direction":[0.0732567,-0.916898,0.392341],"extended":false,"handId":465,"id":4652,"length":65.6822,"mcpPosition":[26.3102,263.496,-6.92828],"pipPosition":[30.4165,235.947,-45.0926],"stabilizedTipPosition":[34.7698,200.615,-22.0881],"timeVisible":4.53724,"tipPosition":[32.6988,202.918,-21.3705],"tipVelocity":[-37.1069,41.8442,-13.3347],"tool":false,"touchDistance":0.333333,"touchZone":"none","type":2,"width":18.6218},{"bases":[[[0.992216,-0.055252,0.111603],[-0.0270903,0.778957,0.626492],[-0.121549,-0.624639,0.771397]],[[0.992651,-0.0529813,0.108798],[0.108428,0.788625,-0.605239],[-0.0537348,0.612587,0.788574]],[[0.992651,-0.0529813,0.108798],[0.0762123,-0.424661,-0.902139],[0.0939989,0.903801,-0.417502]],[[0.992651,-0.0529813,0.108798],[0.00854036,-0.866152,-0.499708],[0.120711,0.496965,-0.859334]]],"btipPosition":[44.885,202.602,-6.7482],"carpPosition":[39.8316,224.721,48.0784],"dipPosition":[47.0958,211.703,-22.4867],"direction":[-0.0939989,-0.903801,0.417502],"extended":false,"handId":465,"id":4653,"length":63.1552,"mcpPosition":[47.2949,263.075,0.713096],"pipPosition":[49.6483,236.246,-33.8238],"stabilizedTipPosition":[47.7575,201.812,-10.8759],"timeVisible":4.53724,"tipPosition":[45.245,204.527,-9.977],"tipVelocity":[-34.2382,35.3946,-9.58781],"tool":false,"touchDistance":0.333333,"touchZone":"none","type":3,"width":17.7198},{"bases":[[[0.962224,-0.255117,0.0950745],[0.116934,0.702614,0.701897],[-0.245867,-0.664265,0.705905]],[[0.982657,-0.184267,0.0207472],[0.166016,0.824404,-0.541107],[0.0826038,0.535167,0.840698]],[[0.982657,-0.184267,0.0207472],[-0.0501976,-0.372052,-0.926854],[0.178507,0.909738,-0.374849]],[[0.982657,-0.184267,0.0207472],[-0.144697,-0.831952,-0.535648],[0.115963,0.523356,-0.844187]]],"btipPosition":[58.7014,213.302,-1.50174],"carpPosition":[52.9713,220.379,46.3101],"dipPosition":[60.6607,222.145,-15.7652],"direction":[-0.178507,-0.909738,0.374849],"extended":false,"handId":465,"id":4654,"length":49.5125,"mcpPosition":[66.9462,258.136,6.18698],"pipPosition":[64.0831,239.586,-22.9519],"stabilizedTipPosition":[61.5715,212.199,-5.49695],"timeVisible":4.53724,"tipPosition":[58.8948,215.119,-4.46781],"tipVelocity":[-32.677,34.4292,-7.95234],"tool":false,"touchDistance":0.333333,"touchZone":"none","type":4,"width":15.7401}],"r":[[0.944884,-0.0205753,0.326758],[-0.138356,0.879439,0.455461],[-0.296735,-0.475567,0.828121]],"s":1.08462,"t":[108.649,-18.5966,-111.32],"timestamp":93289027968},false],[4,{"currentFrameRate":55.0006,"devices":[],"gestures":[],"hands":[{"armBasis":[[0.963446,0.250177,-0.0958254],[-0.221328,0.944834,0.241461],[0.150947,-0.211426,0.965668]],"armWidth":62.4607,"confidence":0.63048,"direction":[-0.0333053,0.715935,-0.697372],"elbow":[78.5245,154.456,304.272],"grabStrength":0,"id":465,"palmNormal":[0.238246,-0.671958,-0.701222],"palmPosition":[30.5675,244.047,7.70441],"palmVelocity":[-27.3064,27.9356,-1.09908],"palmWidth":89.1918,"pinchStrength":0.313334,"r":[[0.945874,-0.0230743,0.323711],[-0.135567,0.878178,0.458721],[-0.294861,-0.477777,0.827518]],"s":1.08326,"sphereCenter":[18.7756,226.998,-35.9992],"sphereRadius":47.9277,"stabilizedPalmPosition":[30.8805,243.727,7.72608],"t":[108.16,-18.0987,-111.348],"timeVisible":4.55531,"type":"right","wrist":[38.5743,210.412,48.695]}],"id":1673114,"interactionBox":{"center":[0,200,0],"size":[235.247,235.247,147.751]},"pointables":[{"bases":[[[0.170988,0.816974,0.550742],[-0.874709,-0.131404,0.466494],[0.453483,-0.561504,0.692146]],[[0.0958081,0.896663,0.432222],[-0.859208,-0.144741,0.490726],[0.502576,-0.418384,0.756552]],[[0.0958081,0.896663,0.432222],[-0.980333,0.160262,-0.115165],[-0.172533,-0.412688,0.894383]],[[0.0958081,0.896663,0.432222],[-0.965651,0.189089,-0.178223],[-0.241535,-0.400301,0.88398]]],"btipPosition":[0.799959,239.05,-47.7206],"carpPosition":[14.0841,195.602,39.4696],"dipPosition":[-4.74111,229.866,-27.4412],"direction":[0.172533,0.412688,-0.894383],"extended":false,"handId":465,"id":4650,"length":51.0864,"mcpPosition":[14.0841,195.602,39.4696],"pipPosition":[-10.5075,216.074,2.45067],"stabilizedTipPosition":[-0.423053,236.9,-43.0542],"timeVisible":4.55531,"tipPosition":[0.35317,237.151,-42.8658],"tipVelocity":[-42.0837,30.7548,0.207855],"tool":false,"touchDistance":-0.0721944,"touchZone":"touching","type":0,"width":19.8498},{"bases":[[[0.951262,0.307017,0.0289948],[-0.264656,0.764498,0.587793],[0.158296,-0.566819,0.808492]],[[0.923909,0.375661,-0.072601],[-0.289962,0.811261,0.507718],[0.249628,-0.448034,0.858459]],[[0.923909,0.375661,-0.072601],[-0.339041,0.891763,0.299683],[0.177322,-0.252266,0.951272]],[[0.923909,0.375661,-0.072601],[-0.365028,0.922297,0.126976],[0.11466,-0.0908126,0.989245]]],"btipPosition":[-11.2077,284.731,-86.7968],"carpPosition":[16.8422,217.489,46.7667],"dipPosition":[-9.28739,283.21,-70.229],"direction":[-0.177322,0.252266,-0.951272],"extended":true,"handId":465,"id":4651,"length":57.6453,"mcpPosition":[5.42654,258.365,-11.5382],"pipPosition":[-5.08614,277.233,-47.6908],"stabilizedTipPosition":[-10.7118,284.385,-82.956],"timeVisible":4.55531,"tipPosition":[-11.1362,285.449,-82.4718],"tipVelocity":[-24.1585,10.4991,-3.13889],"tool":false,"touchDistance":-0.0536167,"touchZone":"touching","type":1,"width":18.9605},{"bases":[[[0.994989,0.0927583,0.0373265],[-0.0964838,0.792767,0.60184],[0.0262345,-0.602426,0.797744]],[[0.99492,0.094261,0.0353361],[-0.0561612,0.811055,-0.582267],[-0.0835446,0.577325,0.812229]],[[0.99492,0.094261,0.0353361],[0.0689122,-0.381862,-0.921646],[-0.0733818,0.9194,-0.386418]],[[0.99492,0.094261,0.0353361],[0.0989694,-0.851719,-0.514568],[-0.0184074,0.515452,-0.856721]]],"btipPosition":[32.205,201.557,-18.7537],"carpPosition":[27.6673,222.757,47.6268],"dipPosition":[31.8659,211.052,-34.5351],"direction":[0.0733818,-0.9194,0.386418],"extended":false,"handId":465,"id":4652,"length":65.6822,"mcpPosition":[25.8731,263.957,-6.93019],"pipPosition":[29.8204,236.679,-45.3062],"stabilizedTipPosition":[34.1257,201.377,-22.1601],"timeVisible":4.55531,"tipPosition":[32.1329,203.502,-21.7251],"tipVelocity":[-34.3567,38.1553,-17.7142],"tool":false,"touchDistance":0.333333,"touchZone":"none","type":2,"width":18.6218},{"bases":[[[0.992428,-0.0569324,0.108838],[-0.0242643,0.77776,0.628093],[-0.120409,-0.625977,0.770489]],[[0.992903,-0.0544191,0.105744],[0.107559,0.790267,-0.603249],[-0.0507379,0.610341,0.790512]],[[0.992903,-0.0544191,0.105744],[0.0730354,-0.42271,-0.903317],[0.0938568,0.90463,-0.415735]],[[0.992903,-0.0544191,0.105744],[0.00594254,-0.86535,-0.501133],[0.118777,0.498205,-0.858885]]],"btipPosition":[44.3757,203.069,-6.94823],"carpPosition":[39.4842,225.053,47.9638],"dipPosition":[46.551,212.194,-22.6785],"direction":[-0.0938568,-0.90463,0.415735],"extended":false,"handId":465,"id":4653,"length":63.1552,"mcpPosition":[46.8775,263.489,0.654146],"pipPosition":[49.0997,236.758,-33.9676],"stabilizedTipPosition":[47.11,202.566,-10.8063],"timeVisible":4.55531,"tipPosition":[44.7267,204.992,-10.1758],"tipVelocity":[-31.5793,31.0103,-10.2425],"tool":false,"touchDistance":0.333333,"touchZone":"none","type":3,"width":17.7198},{"bases":[[[0.962097,-0.256721,0.0919971],[0.119848,0.701057,0.702962],[-0.24496,-0.665292,0.705253]],[[0.982498,-0.185456,0.017448],[0.165395,0.82544,-0.539715],[0.0856914,0.533155,0.841667]],[[0.982498,-0.185456,0.017448],[-0.0535255,-0.370793,-0.927172],[0.17842,0.91001,-0.37423]],[[0.982498,-0.185456,0.017448],[-0.147415,-0.831372,-0.535807],[0.113875,0.523857,-0.84416]]],"btipPosition":[58.2212,213.733,-1.66892],"carpPosition":[52.6128,220.696,46.1517],"dipPosition":[60.1453,222.584,-15.932],"direction":[-0.17842,-0.91001,0.37423],"extended":false,"handId":465,"id":4654,"length":49.5125,"mcpPosition":[66.5361,258.51,6.06569],"pipPosition":[63.566,240.031,-23.1068],"stabilizedTipPosition":[60.9517,212.96,-5.38023],"timeVisible":4.55531,"tipPosition":[58.4081,215.548,-4.64986],"tipVelocity":[-29.9923,29.4497,-8.56727],"tool":false,"touchDistance":0.333333,"touchZone":"none","type":4,"width":15.7401}],"r":[[0.945874,-0.0230743,0.323711],[-0.135567,0.878178,0.458721],[-0.294861,-0.477777,0.827518]],"s":1.08326,"t":[108.16,-18.0987,-111.348],"timestamp":93289046036},false],[5,{"currentFrameRate":55.0184,"devices":[],"gestures":[],"hands":[{"armBasis":[[0.96364,0.249021,-0.0968844],[-0.219962,0.945144,0.241494],[0.151707,-0.211403,0.965554]],"armWidth":62.4607,"confidence":0.635501,"direction":[-0.0340171,0.716862,-0.696385],"elbow":[78.5269,154.637,304.166],"grabStrength":0,"id":465,"palmNormal":[0.236404,-0.671243,-0.702528],"palmPosition":[30.3201,244.282,7.68661],"palmVelocity":[-20.811,20.8014,-1.04366],"palmWidth":89.1918,"pinchStrength":0.317823,"r":[[0.946772,-0.0253031,0.320909],[-0.133018,0.877061,0.461595],[-0.293137,-0.479711,0.827011]],"s":1.08162,"sphereCenter":[18.8421,227.196,-36.0701],"sphereRadius":47.8208,"stabilizedPalmPosition":[30.5389,244.065,7.70202],"t":[107.792,-17.7325,-111.37],"timeVisible":4.57342,"type":"right","wrist":[38.3755,210.587,48.6188]}],"id":1673115,"interactionBox":{"center":[0,200,0],"size":[235.247,235.247,147.751]},"pointables":[{"bases":[[[0.172668,0.816123,0.551479],[-0.87395,-0.131301,0.467944],[0.45431,-0.562764,0.690579]],[[0.0964777,0.896787,0.431816],[-0.858069,-0.144913,0.492665],[0.504391,-0.418059,0.755524]],[[0.0964777,0.896787,0.431816],[-0.980195,0.160986,-0.115334],[-0.172946,-0.412137,0.894557]],[[0.0964777,0.896787,0.431816],[-0.96701,0.187214,-0.172749],[-0.235761,-0.400904,0.885264]]],"btipPosition":[0.364776,239.236,-47.7555],"carpPosition":[13.8564,195.808,39.4197],"dipPosition":[-5.04384,230.039,-27.4466],"direction":[0.172946,0.412137,-0.894557],"extended":false,"handId":465,"id":4650,"length":51.0864,"mcpPosition":[13.8564,195.808,39.4197],"pipPosition":[-10.824,216.264,2.45112],"stabilizedTipPosition":[-0.837094,237.1,-43.0816],"timeVisible":4.57342,"tipPosition":[-0.0781568,237.372,-42.8827],"tipVelocity":[-32.6889,20.9297,-0.628358],"tool":false,"touchDistance":-0.0726621,"touchZone":"touching","type":0,"width":19.8498},{"bases":[[[0.951562,0.306212,0.0276291],[-0.262949,0.763951,0.589268],[0.159334,-0.56799,0.807465]],[[0.924288,0.374609,-0.0732141],[-0.289966,0.813857,0.503544],[0.248218,-0.44419,0.860862]],[[0.924288,0.374609,-0.0732141],[-0.339254,0.894162,0.2922],[0.174926,-0.245238,0.953551]],[[0.924288,0.374609,-0.0732141],[-0.365029,0.923577,0.117303],[0.111561,-0.0816961,0.990394]]],"btipPosition":[-11.311,284.53,-86.924],"carpPosition":[16.6456,217.684,46.7399],"dipPosition":[-9.4426,283.161,-70.3369],"direction":[-0.174926,0.245238,-0.953551],"extended":true,"handId":465,"id":4651,"length":57.6453,"mcpPosition":[5.15516,258.645,-11.4909],"pipPosition":[-5.29812,277.351,-47.7447],"stabilizedTipPosition":[-10.8497,284.247,-83.0805],"timeVisible":4.57342,"tipPosition":[-11.2984,285.343,-82.5665],"tipVelocity":[-15.6894,1.13231,-4.86901],"tool":false,"touchDistance":-0.0556619,"touchZone":"touching","type":1,"width":18.9605},{"bases":[[[0.995131,0.0919074,0.0356031],[-0.0947281,0.792066,0.603041],[0.0272239,-0.603477,0.796916]],[[0.995055,0.0935105,0.0334857],[-0.057062,0.814135,-0.577866],[-0.0812984,0.573097,0.815445]],[[0.995055,0.0935105,0.0334857],[0.0665908,-0.37792,-0.92344],[-0.0736964,0.921104,-0.382279]],[[0.995055,0.0935105,0.0334857],[0.0973207,-0.850506,-0.516883],[-0.0198542,0.517586,-0.855401]]],"btipPosition":[31.8759,201.927,-19.0287],"carpPosition":[27.4766,222.943,47.5868],"dipPosition":[31.5102,211.461,-34.7857],"direction":[0.0736964,-0.921104,0.382279],"extended":false,"handId":465,"id":4652,"length":65.6822,"mcpPosition":[25.6148,264.214,-6.91356],"pipPosition":[29.4559,237.136,-45.4415],"stabilizedTipPosition":[33.6167,201.975,-22.2675],"timeVisible":4.57342,"tipPosition":[31.7977,203.858,-21.9661],"tipVelocity":[-26.8132,29.9578,-16.3621],"tool":false,"touchDistance":0.333333,"touchZone":"none","type":2,"width":18.6218},{"bases":[[[0.992581,-0.0578735,0.106926],[-0.0224723,0.776967,0.62914],[-0.119489,-0.626875,0.769903]],[[0.993084,-0.055188,0.103627],[0.1068,0.791247,-0.602098],[-0.0487664,0.609001,0.791669]],[[0.993084,-0.055188,0.103627],[0.0709327,-0.421312,-0.904137],[0.093557,0.905235,-0.414484]],[[0.993084,-0.055188,0.103627],[0.00436649,-0.864664,-0.502332],[0.117326,0.49931,-0.858443]]],"btipPosition":[44.0793,203.322,-7.06388],"carpPosition":[39.2959,225.228,47.9048],"dipPosition":[46.2281,212.466,-22.786],"direction":[-0.093557,-0.905235,0.414484],"extended":false,"handId":465,"id":4653,"length":63.1552,"mcpPosition":[46.6328,263.72,0.63125],"pipPosition":[48.7686,237.048,-34.0412],"stabilizedTipPosition":[46.576,203.168,-10.7797],"timeVisible":4.57342,"tipPosition":[44.424,205.248,-10.2908],"tipVelocity":[-24.4978,23.0073,-8.35762],"tool":false,"touchDistance":0.333333,"touchZone":"none","type":3,"width":17.7198},{"bases":[[[0.962058,-0.257615,0.0898834],[0.121716,0.700051,0.703643],[-0.244192,-0.666005,0.704846]],[[0.98244,-0.185969,0.0150769],[0.164665,0.826222,-0.538742],[0.0877323,0.531765,0.842336]],[[0.98244,-0.185969,0.0150769],[-0.0558276,-0.370107,-0.92731],[0.178031,0.910185,-0.37399]],[[0.98244,-0.185969,0.0150769],[-0.149116,-0.831179,-0.535636],[0.112143,0.523982,-0.844315]]],"btipPosition":[57.9484,213.983,-1.75985],"carpPosition":[52.4176,220.863,46.0628],"dipPosition":[59.8432,222.836,-16.0255],"direction":[-0.178031,-0.910185,0.37399],"extended":false,"handId":465,"id":4654,"length":49.5125,"mcpPosition":[66.2973,258.718,5.99994],"pipPosition":[63.2564,240.287,-23.1957],"stabilizedTipPosition":[60.4348,213.576,-5.31193],"timeVisible":4.57342,"tipPosition":[58.1298,215.795,-4.75469],"tipVelocity":[-23.0636,22.0234,-6.89484],"tool":false,"touchDistance":0.333333,"touchZone":"none","type":4,"width":15.7401}],"r":[[0.946772,-0.0253031,0.320909],[-0.133018,0.877061,0.461595],[-0.293137,-0.479711,0.827011]],"s":1.08162,"t":[107.792,-17.7325,-111.37],"timestamp":93289064150},false],[6,{"currentFrameRate":55.0562,"devices":[],"gestures":[],"hands":[{"armBasis":[[0.963845,0.247837,-0.0978765],[-0.218718,0.945644,0.240667],[0.152203,-0.210558,0.96566]],"armWidth":62.4607,"confidence":0.643593,"direction":[-0.0343241,0.717714,-0.695491],"elbow":[78.4647,154.93,304.188],"grabStrength":0,"id":465,"palmNormal":[0.235015,-0.670591,-0.703616],"palmPosition":[30.1022,244.406,7.73013],"palmVelocity":[-16.6712,14.2128,0.596107],"palmWidth":89.1918,"pinchStrength":0.322848,"r":[[0.947556,-0.027303,0.31842],[-0.130723,0.87607,0.464126],[-0.29163,-0.481411,0.826556]],"s":1.07991,"sphereCenter":[18.8418,227.314,-36.0674],"sphereRadius":47.7417,"stabilizedPalmPosition":[30.2815,244.266,7.71859],"t":[107.499,-17.4871,-111.36],"timeVisible":4.59146,"type":"right","wrist":[38.1822,210.657,48.6123]}],"id":1673116,"interactionBox":{"center":[0,200,0],"size":[235.247,235.247,147.751]},"pointables":[{"bases":[[[0.173981,0.815334,0.552232],[-0.873472,-0.131182,0.468869],[0.454728,-0.563934,0.689348]],[[0.0966909,0.897098,0.431122],[-0.85728,-0.145008,0.494008],[0.50569,-0.417358,0.755043]],[[0.0966909,0.897098,0.431122],[-0.979909,0.161716,-0.116734],[-0.174441,-0.411173,0.894711]],[[0.0966909,0.897098,0.431122],[-0.968194,0.1852,-0.168228],[-0.230761,-0.401144,0.886472]]],"btipPosition":[0.0203776,239.275,-47.7584],"carpPosition":[13.6403,195.908,39.4261],"dipPosition":[-5.27352,230.072,-27.4218],"direction":[0.174441,0.411173,-0.894711],"extended":false,"handId":465,"id":4650,"length":51.0864,"mcpPosition":[13.6403,195.908,39.4261],"pipPosition":[-11.1037,216.33,2.48099],"stabilizedTipPosition":[-1.15366,237.151,-43.0811],"timeVisible":4.59146,"tipPosition":[-0.434523,237.456,-42.8644],"tipVelocity":[-25.5483,11.9859,-0.240885],"tool":false,"touchDistance":-0.0726055,"touchZone":"touching","type":0,"width":19.8498},{"bases":[[[0.951832,0.305444,0.0268142],[-0.261629,0.763454,0.590499],[0.159893,-0.569071,0.806593]],[[0.924644,0.373681,-0.0734539],[-0.289894,0.815716,0.500568],[0.24697,-0.441553,0.862575]],[[0.924644,0.373681,-0.0734539],[-0.339235,0.895836,0.28705],[0.173068,-0.240501,0.955095]],[[0.924644,0.373681,-0.0734539],[-0.364812,0.92447,0.110758],[0.109294,-0.0756152,0.991129]]],"btipPosition":[-11.407,284.371,-86.9533],"carpPosition":[16.4555,217.773,46.7688],"dipPosition":[-9.57651,283.105,-70.3539],"direction":[-0.173068,0.240501,-0.955095],"extended":true,"handId":465,"id":4651,"length":57.6453,"mcpPosition":[4.92467,258.812,-11.3992],"pipPosition":[-5.47606,277.407,-47.7251],"stabilizedTipPosition":[-10.9551,284.118,-83.123],"timeVisible":4.59146,"tipPosition":[-11.4281,285.233,-82.5827],"tipVelocity":[-11.0005,-2.95294,-3.25658],"tool":false,"touchDistance":-0.0561037,"touchZone":"touching","type":1,"width":18.9605},{"bases":[[[0.995245,0.091097,0.0344801],[-0.0933695,0.791422,0.604097],[0.027743,-0.604443,0.796165]],[[0.995166,0.0927365,0.03232],[-0.0574932,0.816954,-0.57383],[-0.0796189,0.569198,0.818336]],[[0.995166,0.0927365,0.03232],[0.0649393,-0.374514,-0.924944],[-0.0736718,0.922572,-0.378726]],[[0.995166,0.0927365,0.03232],[0.0960138,-0.849578,-0.51865],[-0.0206394,0.519246,-0.854376]]],"btipPosition":[31.5898,202.185,-19.2103],"carpPosition":[27.2916,223.022,47.6085],"dipPosition":[31.2096,211.75,-34.9484],"direction":[0.0736718,-0.922572,0.378726],"extended":false,"handId":465,"id":4652,"length":65.6822,"mcpPosition":[25.3942,264.36,-6.84055],"pipPosition":[29.156,237.466,-45.5052],"stabilizedTipPosition":[33.2092,202.439,-22.3759],"timeVisible":4.59146,"tipPosition":[31.5094,204.101,-22.1231],"tipVelocity":[-21.7081,22.7275,-13.2618],"tool":false,"touchDistance":0.333333,"touchZone":"none","type":2,"width":18.6218},{"bases":[[[0.992668,-0.0587665,0.105628],[-0.0210932,0.776237,0.630088],[-0.119021,-0.627696,0.769306]],[[0.993189,-0.0559655,0.102195],[0.106493,0.791912,-0.601278],[-0.0472788,0.608065,0.792478]],[[0.993189,-0.0559655,0.102195],[0.0694338,-0.420062,-0.904835],[0.0935679,0.905768,-0.413315]],[[0.993189,-0.0559655,0.102195],[0.00314236,-0.863906,-0.503643],[0.116474,0.500534,-0.857846]]],"btipPosition":[43.8178,203.446,-7.0956],"carpPosition":[39.1131,225.298,47.9146],"dipPosition":[45.951,212.613,-22.8068],"direction":[-0.0935679,-0.905768,0.413315],"extended":false,"handId":465,"id":4653,"length":63.1552,"mcpPosition":[46.4212,263.84,0.677636],"pipPosition":[48.4918,237.209,-34.0302],"stabilizedTipPosition":[46.1307,203.637,-10.7659],"timeVisible":4.59146,"tipPosition":[44.1594,205.383,-10.3226],"tipVelocity":[-19.8494,15.504,-5.16134],"tool":false,"touchDistance":0.333333,"touchZone":"none","type":3,"width":17.7198},{"bases":[[[0.961969,-0.258464,0.0883867],[0.123128,0.699121,0.704321],[-0.243835,-0.666652,0.704357]],[[0.982361,-0.186515,0.0134034],[0.16434,0.826927,-0.537758],[0.0892161,0.530475,0.842992]],[[0.982361,-0.186515,0.0134034],[-0.0574594,-0.36929,-0.927536],[0.177949,0.910405,-0.373493]],[[0.982361,-0.186515,0.0134034],[-0.150436,-0.830842,-0.53579],[0.111069,0.524323,-0.844245]]],"btipPosition":[57.7078,214.117,-1.77722],"carpPosition":[52.229,220.925,46.0512],"dipPosition":[59.5845,222.976,-16.0417],"direction":[-0.177949,-0.910405,0.373493],"extended":false,"handId":465,"id":4654,"length":49.5125,"mcpPosition":[66.0884,258.817,6.01604],"pipPosition":[62.9962,240.43,-23.2024],"stabilizedTipPosition":[60.0015,214.063,-5.264],"timeVisible":4.59146,"tipPosition":[57.8864,215.928,-4.78086],"tipVelocity":[-18.5613,15.1246,-4.07398],"tool":false,"touchDistance":0.333333,"touchZone":"none","type":4,"width":15.7401}],"r":[[0.947556,-0.027303