{"sensorType":"Leap","data":[[0,{"currentFrameRate":55.2787,"devices":[],"gestures":[],"hands":[{"armBasis":[[0.95886,0.259624,-0.114815],[-0.226124,0.943043,0.244003],[0.171624,-0.208002,0.962954]],"armWidth":62.4607,"confidence":0.675181,"direction":[-0.0636572,0.650023,-0.757243],"elbow":[85.5446,166.244,306.737],"grabStrength":0,"id":465,"palmNormal":[0.22075,-0.730815,-0.645894],"palmPosition":[30.4148,251.051,8.3348],"palmVelocity":[-18.2327,28.0981,-1.79317],"palmWidth":89.1918,"pinchStrength":0.235646,"r":[[0.957435,0.00986954,0.28848],[-0.124786,0.91535,0.382835],[-0.260282,-0.402538,0.87762]],"s":1.11291,"sphereCenter":[14.1118,232.851,-31.986],"sphereRadius":48.8392,"stabilizedPalmPosition":[30.5988,250.808,8.36201],"t":[107.853,-11.1019,-110.709],"timeVisible":2.53094,"type":"right","wrist":[40.1218,221.294,51.8775]}],"id":1673005,"interactionBox":{"center":[0,200,0],"size":[235.247,235.247,147.751]},"pointables":[{"bases":[[[0.181768,0.864311,0.468963],[-0.857146,-0.0944706,0.506337],[0.481936,-0.494005,0.723669]],[[0.121221,0.918425,0.376564],[-0.83995,-0.107247,0.531961],[0.528952,-0.38078,0.758431]],[[0.121221,0.918425,0.376564],[-0.977377,0.176677,-0.116277],[-0.173322,-0.35395,0.919064]],[[0.121221,0.918425,0.376564],[-0.981112,0.168471,-0.0950625],[-0.150748,-0.357928,0.9215]]],"btipPosition":[-1.15595,244.23,-44.0978],"carpPosition":[15.4752,205.557,44.8699],"dipPosition":[-4.61427,236.018,-22.9576],"direction":[0.173322,0.35395,-0.919064],"extended":false,"handId":465,"id":4650,"length":51.0864,"mcpPosition":[15.4752,205.557,44.8699],"pipPosition":[-10.407,224.189,7.75911],"stabilizedTipPosition":[-1.85798,242.244,-39.202],"timeVisible":2.53094,"tipPosition":[-1.77535,243.403,-38.4611],"tipVelocity":[-21.6258,25.0915,-7.81577],"tool":false,"touchDistance":-0.106311,"touchZone":"touching","type":0,"width":19.8498},{"bases":[[[0.948746,0.31446,-0.0315485],[-0.251857,0.812598,0.525598],[0.190916,-0.490713,0.850148]],[[0.932951,0.348228,-0.0913232],[-0.236987,0.78502,0.572346],[0.270997,-0.512328,0.814911]],[[0.932951,0.348228,-0.0913232],[-0.302821,0.896274,0.324024],[0.194685,-0.274644,0.941631]],[[0.932951,0.348228,-0.0913232],[-0.339112,0.935223,0.101793],[0.120855,-0.0639993,0.990605]]],"btipPosition":[-13.5464,292.572,-84.4543],"carpPosition":[18.2709,228.029,50.0737],"dipPosition":[-11.5224,291.5,-67.8637],"direction":[-0.194685,0.274644,-0.941631],"extended":true,"handId":465,"id":4651,"length":57.6453,"mcpPosition":[4.50284,263.417,-11.2353],"pipPosition":[-6.90977,284.993,-45.5539],"stabilizedTipPosition":[-12.9667,292.194,-80.6057],"timeVisible":2.53094,"tipPosition":[-13.4897,293.812,-79.8091],"tipVelocity":[-13.3807,17.5377,-5.23915],"tool":false,"touchDistance":0.0413815,"touchZone":"hovering","type":1,"width":18.9605},{"bases":[[[0.994758,0.102106,-0.00553658],[-0.0835814,0.843092,0.531235],[0.0589099,-0.527987,0.847207]],[[0.994338,0.105664,-0.0112495],[-0.0845031,0.722109,-0.686599],[-0.0644253,0.683662,0.726949]],[[0.994338,0.105664,-0.0112495],[0.042944,-0.496427,-0.867016],[-0.0971967,0.861624,-0.498154]],[[0.994338,0.105664,-0.0112495],[0.09094,-0.900953,-0.424281],[-0.0549664,0.420855,-0.905461]]],"btipPosition":[31.8055,205.46,-11.6385],"carpPosition":[29.0685,233.423,50.0831],"dipPosition":[30.7929,213.213,-28.3177],"direction":[0.0971967,-0.861624,0.498154],"extended":false,"handId":465,"id":4652,"length":65.6822,"mcpPosition":[25.0397,269.532,-7.85666],"pipPosition":[28.0836,237.23,-42.2034],"stabilizedTipPosition":[32.5847,205.538,-15.6454],"timeVisible":2.53094,"tipPosition":[31.5636,207.434,-15.6773],"tipVelocity":[-19.8817,31.5526,0.244911],"tool":false,"touchDistance":0.333333,"touchZone":"none","type":2,"width":18.6218},{"bases":[[[0.996036,-0.0405532,0.0791663],[-0.0103763,0.830972,0.556218],[-0.0883414,-0.554835,0.827257]],[[0.993666,-0.0536738,0.0987239],[0.109401,0.662732,-0.740822],[-0.0256647,0.74693,0.664407]],[[0.993666,-0.0536738,0.0987239],[0.0483135,-0.589143,-0.806583],[0.101455,0.806244,-0.582818]],[[0.993666,-0.0536738,0.0987239],[-0.0151694,-0.934581,-0.355428],[0.111343,0.351679,-0.929476]]],"btipPosition":[42.6219,208.836,2.75953],"carpPosition":[40.8677,235.815,49.8043],"dipPosition":[44.6611,215.277,-14.2636],"direction":[-0.101455,-0.806244,0.582818],"extended":false,"handId":465,"id":4653,"length":63.1552,"mcpPosition":[46.2921,269.883,-0.990978],"pipPosition":[47.4161,237.17,-30.0897],"stabilizedTipPosition":[44.674,207.743,-1.30685],"timeVisible":2.53094,"tipPosition":[43.1557,210.415,-1.8783],"tipVelocity":[-18.2772,27.2318,-15.3695],"tool":false,"touchDistance":0.333333,"touchZone":"none","type":3,"width":17.7198},{"bases":[[[0.967048,-0.241236,0.0813814],[0.136906,0.762243,0.632647],[-0.21465,-0.600658,0.770153]],[[0.95973,-0.260223,0.105841],[0.263534,0.703479,-0.660051],[0.0973035,0.661364,0.743727]],[[0.95973,-0.260223,0.105841],[-0.0450563,-0.514468,-0.856325],[0.277287,0.817072,-0.505475]],[[0.95973,-0.260223,0.105841],[-0.19281,-0.884174,-0.425513],[0.20431,0.38797,-0.898742]]],"btipPosition":[54.0279,220.394,3.26186],"carpPosition":[53.9682,231.396,47.9383],"dipPosition":[57.4799,226.949,-11.9234],"direction":[-0.277287,-0.817072,0.505475],"extended":false,"handId":465,"id":4654,"length":49.5125,"mcpPosition":[66.1687,265.537,4.16337],"pipPosition":[62.7961,242.614,-21.6145],"stabilizedTipPosition":[55.464,220.016,-0.324908],"timeVisible":2.53094,"tipPosition":[54.2772,222.009,-0.595188],"tipVelocity":[-9.41159,28.5633,-2.30396],"tool":false,"touchDistance":0.333333,"touchZone":"none","type":4,"width":15.7401}],"r":[[0.957435,0.00986954,0.28848],[-0.124786,0.91535,0.382835],[-0.260282,-0.402538,0.87762]],"s":1.11291,"t":[107.853,-11.1019,-110.709],"timestamp":93287021669},false],[1,{"currentFrameRate":55.2986,"devices":[],"gestures":[],"hands":[{"armBasis":[[0.959406,0.257272,-0.115543],[-0.223712,0.9437,0.243688],[0.171732,-0.207947,0.962946]],"armWidth":62.4607,"confidence":0.605601,"direction":[-0.0637443,0.652491,-0.75511],"elbow":[85.2029,166.544,306.343],"grabStrength":0,"id":465,"palmNormal":[0.218185,-0.729232,-0.648549],"palmPosition":[30.0248,251.491,8.0533],"palmVelocity":[-19.854,26.3528,-8.35049],"palmWidth":89.1918,"pinchStrength":0.235649,"r":[[0.958036,0.00774973,0.286544],[-0.122879,0.914232,0.38611],[-0.258975,-0.405117,0.876819]],"s":1.11239,"sphereCenter":[13.8336,233.363,-32.3483],"sphereRadius":48.778,"stabilizedPalmPosition":[30.2462,251.227,8.17242],"t":[107.49,-10.6296,-110.868],"timeVisible":2.54896,"type":"right","wrist":[39.7515,221.581,51.4862]}],"id":1673006,"interactionBox":{"center":[0,200,0],"size":[235.247,235.247,147.751]},"pointables":[{"bases":[[[0.184275,0.862499,0.471315],[-0.856425,-0.0943854,0.50757],[0.482264,-0.497178,0.721274]],[[0.122802,0.917685,0.377854],[-0.839618,-0.10692,0.532551],[0.529114,-0.382651,0.757375]],[[0.122802,0.917685,0.377854],[-0.977175,0.17831,-0.115475],[-0.173345,-0.355049,0.918636]],[[0.122802,0.917685,0.377854],[-0.981663,0.168255,-0.0895965],[-0.145797,-0.359923,0.92152]]],"btipPosition":[-1.6899,244.759,-44.4284],"carpPosition":[15.062,205.913,44.4739],"dipPosition":[-5.03464,236.502,-23.2877],"direction":[0.173345,0.355049,-0.918636],"extended":false,"handId":465,"id":4650,"length":51.0864,"mcpPosition":[15.062,205.913,44.4739],"pipPosition":[-10.8281,224.636,7.41471],"stabilizedTipPosition":[-2.3156,242.713,-39.4791],"timeVisible":2.54896,"tipPosition":[-2.28335,243.909,-38.8007],"tipVelocity":[-24.7371,26.8591,-12.8058],"tool":false,"touchDistance":-0.111818,"touchZone":"touching","type":0,"width":19.8498},{"bases":[[[0.949296,0.312724,-0.0322662],[-0.249347,0.811448,0.528562],[0.191476,-0.493716,0.848281]],[[0.933505,0.346624,-0.0917592],[-0.235307,0.785306,0.572647],[0.270552,-0.512977,0.814651]],[[0.933505,0.346624,-0.0917592],[-0.301139,0.896808,0.324116],[0.194637,-0.274932,0.941557]],[[0.933505,0.346624,-0.0917592],[-0.337463,0.935808,0.101897],[0.121189,-0.0641558,0.990554]]],"btipPosition":[-13.933,293.159,-84.6375],"carpPosition":[17.9104,228.363,49.7422],"dipPosition":[-11.9033,292.085,-68.0478],"direction":[-0.194637,0.274932,-0.941557],"extended":true,"handId":465,"id":4651,"length":57.6453,"mcpPosition":[4.10201,263.968,-11.4321],"pipPosition":[-7.29185,285.571,-45.7398],"stabilizedTipPosition":[-13.319,292.701,-80.7582],"timeVisible":2.54896,"tipPosition":[-13.87,294.361,-80.0097],"tipVelocity":[-17.1753,24.6629,-7.58262],"tool":false,"touchDistance":0.0383242,"touchZone":"hovering","type":1,"width":18.9605},{"bases":[[[0.994943,0.100201,-0.00699475],[-0.0810035,0.841599,0.533993],[0.0593934,-0.530726,0.84546]],[[0.99453,0.103694,-0.0125626],[-0.0840886,0.723482,-0.685203],[-0.0619625,0.682511,0.728244]],[[0.99453,0.103694,-0.0125626],[0.0407208,-0.49566,-0.867561],[-0.0961876,0.862304,-0.497171]],[[0.99453,0.103694,-0.0125626],[0.0885337,-0.900666,-0.425398],[-0.0554259,0.421958,-0.904919]]],"btipPosition":[31.2864,205.976,-11.9516],"carpPosition":[28.7185,233.736,49.7491],"dipPosition":[30.2654,213.749,-28.6208],"direction":[0.0961876,-0.862304,0.497171],"extended":false,"handId":465,"id":4652,"length":65.6822,"mcpPosition":[24.6566,270.032,-8.07119],"pipPosition":[27.5842,237.785,-42.4791],"stabilizedTipPosition":[32.2484,206.026,-15.6761],"timeVisible":2.54896,"tipPosition":[31.0443,207.943,-16.0198],"tipVelocity":[-24.167,30.2818,-8.0489],"tool":false,"touchDistance":0.333333,"touchZone":"none","type":2,"width":18.6218},{"bases":[[[0.996095,-0.0427224,0.0772632],[-0.00777771,0.82926,0.558808],[-0.087945,-0.557227,0.82569]],[[0.99376,-0.0557716,0.0965955],[0.108956,0.670702,-0.733681],[-0.0238682,0.739627,0.672593]],[[0.99376,-0.0557716,0.0965955],[0.0473728,-0.57299,-0.818192],[0.10098,0.817663,-0.566772]],[[0.99376,-0.0557716,0.0965955],[-0.015573,-0.92691,-0.37496],[0.110448,0.371116,-0.921995]]],"btipPosition":[42.2023,208.928,1.57686],"carpPosition":[40.5218,236.106,49.4567],"dipPosition":[44.2251,215.725,-15.3092],"direction":[-0.10098,-0.817663,0.566772],"extended":false,"handId":465,"id":4653,"length":63.1552,"mcpPosition":[45.9218,270.321,-1.24238],"pipPosition":[46.9672,237.928,-30.6997],"stabilizedTipPosition":[44.4493,208.051,-1.41885],"timeVisible":2.54896,"tipPosition":[42.7019,210.689,-2.68705],"tipVelocity":[-20.7544,18.8926,-38.3754],"tool":false,"touchDistance":0.333333,"touchZone":"none","type":3,"width":17.7198},{"bases":[[[0.966722,-0.243355,0.078908],[0.139507,0.760011,0.634761],[-0.214443,-0.602629,0.768669]],[[0.960941,-0.258639,0.098478],[0.257739,0.706732,-0.658864],[0.10081,0.658511,0.745789]],[[0.960941,-0.258639,0.098478],[-0.0497671,-0.511526,-0.857826],[0.272241,0.819419,-0.504418]],[[0.960941,-0.258639,0.098478],[-0.19394,-0.883173,-0.427074],[0.197431,0.391294,-0.898838]]],"btipPosition":[53.7498,220.775,2.87141],"carpPosition":[53.6104,231.668,47.5536],"dipPosition":[57.0856,227.387,-12.3155],"direction":[-0.272241,-0.819419,0.504418],"extended":false,"handId":465,"id":4654,"length":49.5125,"mcpPosition":[65.7992,265.921,3.86301],"pipPosition":[62.305,243.097,-21.9863],"stabilizedTipPosition":[55.2868,220.442,-0.380419],"timeVisible":2.54896,"tipPosition":[53.945,222.411,-0.974832],"tipVelocity":[-12.972,25.3985,-11.4961],"tool":false,"touchDistance":0.333333,"touchZone":"none","type":4,"width":15.7401}],"r":[[0.958036,0.00774973,0.286544],[-0.122879,0.914232,0.38611],[-0.258975,-0.405117,0.876819]],"s":1.11239,"t":[107.49,-10.6296,-110.868],"timestamp":93287039684},false],[2,{"currentFrameRate":55.3212,"devices":[],"gestures":[],"hands":[{"armBasis":[[0.959351,0.257366,-0.115794],[-0.223274,0.943111,0.246353],[0.17261,-0.210485,0.962238]],"armWidth":62.4607,"confidence":0.64163,"direction":[-0.0634312,0.654332,-0.753542],"elbow":[84.988,166.335,305.943],"grabStrength":0,"id":465,"palmNormal":[0.217833,-0.727779,-0.650297],"palmPosition":[29.592,252.062,7.91187],"palmVelocity":[-21.8389,28.895,-8.11731],"palmWidth":89.1918,"pinchStrength":0.235803,"r":[[0.958512,0.00582868,0.284991],[-0.121261,0.913153,0.389162],[-0.257973,-0.407575,0.875975]],"s":1.11205,"sphereCenter":[13.524,234.015,-32.5368],"sphereRadius":48.7353,"stabilizedPalmPosition":[29.8671,251.711,8.02141],"t":[107.093,-10.1081,-111.018],"timeVisible":2.56696,"type":"right","wrist":[39.3044,222.043,51.2728]}],"id":1673007,"interactionBox":{"center":[0,200,0],"size":[235.247,235.247,147.751]},"pointables":[{"bases":[[[0.184691,0.861277,0.473382],[-0.85647,-0.0951904,0.507344],[0.482025,-0.49914,0.720077]],[[0.122149,0.917563,0.378363],[-0.840325,-0.107246,0.531369],[0.528142,-0.382854,0.75795]],[[0.122149,0.917563,0.378363],[-0.976964,0.178369,-0.117161],[-0.17499,-0.355335,0.918213]],[[0.122149,0.917563,0.378363],[-0.982869,0.164837,-0.08244],[-0.138012,-0.361811,0.921979]]],"btipPosition":[-2.22059,245.313,-44.7038],"carpPosition":[14.6073,206.403,44.223],"dipPosition":[-5.38674,237.013,-23.5526],"direction":[0.17499,0.355335,-0.918213],"extended":false,"handId":465,"id":4650,"length":51.0864,"mcpPosition":[14.6073,206.403,44.223],"pipPosition":[-11.2352,225.137,7.13568],"stabilizedTipPosition":[-2.76135,243.2,-39.7325],"timeVisible":2.56696,"tipPosition":[-2.76337,244.442,-39.0739],"tipVelocity":[-25.9056,28.4457,-13.9251],"tool":false,"touchDistance":-0.116368,"touchZone":"touching","type":0,"width":19.8498},{"bases":[[[0.949446,0.312343,-0.0315185],[-0.248955,0.810298,0.530508],[0.19124,-0.495842,0.847094]],[[0.933705,0.346334,-0.0908229],[-0.235573,0.785259,0.572603],[0.269631,-0.513247,0.814787]],[[0.933705,0.346334,-0.0908229],[-0.301115,0.896803,0.324152],[0.193715,-0.275314,0.941635]],[[0.933705,0.346334,-0.0908229],[-0.337198,0.935872,0.102183],[0.120388,-0.0647833,0.990611]]],"btipPosition":[-14.2857,293.82,-84.7575],"carpPosition":[17.4666,228.84,49.5452],"dipPosition":[-12.2694,292.735,-68.1668],"direction":[-0.193715,0.275314,-0.941635],"extended":true,"handId":465,"id":4651,"length":57.6453,"mcpPosition":[3.67525,264.598,-11.5435],"pipPosition":[-7.67982,286.212,-45.8569],"stabilizedTipPosition":[-13.6656,293.3,-80.8846],"timeVisible":2.56696,"tipPosition":[-14.2213,294.982,-80.1465],"tipVelocity":[-18.4037,30.3134,-7.14083],"tool":false,"touchDistance":0.0363294,"touchZone":"hovering","type":1,"width":18.9605},{"bases":[[[0.994991,0.099738,-0.00675707],[-0.0805972,0.840355,0.536011],[0.059139,-0.532782,0.844184]],[[0.994588,0.103176,-0.0122083],[-0.0835866,0.724834,-0.683834],[-0.0617066,0.681154,0.729535]],[[0.994588,0.103176,-0.0122083],[0.0406094,-0.494214,-0.868391],[-0.095631,0.863196,-0.49573]],[[0.994588,0.103176,-0.0122083],[0.088119,-0.899961,-0.426973],[-0.0550406,0.423586,-0.904182]]],"btipPosition":[30.8278,206.597,-12.1633],"carpPosition":[28.2773,234.208,49.565],"dipPosition":[29.814,214.4,-28.8188],"direction":[0.095631,-0.863196,0.49573],"extended":false,"handId":465,"id":4652,"length":65.6822,"mcpPosition":[24.2328,270.644,-8.16807],"pipPosition":[27.1483,238.461,-42.637],"stabilizedTipPosition":[31.9135,206.505,-15.7405],"timeVisible":2.56696,"tipPosition":[30.5888,208.567,-16.2359],"tipVelocity":[-24.7448,32.4735,-9.7247],"tool":false,"touchDistance":0.333333,"touchZone":"none","type":2,"width":18.6218},{"bases":[[[0.996074,-0.0433875,0.0771577],[-0.00737731,0.827921,0.560796],[-0.088212,-0.559164,0.824351]],[[0.993745,-0.0564203,0.0963678],[0.109121,0.673918,-0.730703],[-0.0237176,0.736648,0.67586]],[[0.993745,-0.0564203,0.0963678],[0.0471404,-0.570361,-0.820041],[0.101231,0.819454,-0.564134]],[[0.993745,-0.0564203,0.0963678],[-0.0160428,-0.926155,-0.376801],[0.110511,0.372899,-0.921268]]],"btipPosition":[41.764,209.563,1.25255],"carpPosition":[40.0817,236.573,49.2782],"dipPosition":[43.788,216.392,-15.6202],"direction":[-0.101231,-0.819454,0.564134],"extended":false,"handId":465,"id":4653,"length":63.1552,"mcpPosition":[45.4981,270.907,-1.33865],"pipPosition":[46.5369,238.644,-30.939],"stabilizedTipPosition":[44.2501,208.327,-1.52739],"timeVisible":2.56696,"tipPosition":[42.2565,211.302,-2.95575],"tipVelocity":[-22.4511,26.8451,-28.6513],"tool":false,"touchDistance":0.333333,"touchZone":"none","type":3,"width":17.7198},{"bases":[[[0.966605,-0.244009,0.0783212],[0.139874,0.758419,0.636582],[-0.214732,-0.604368,0.767222]],[[0.962449,-0.255195,0.0925612],[0.251499,0.709892,-0.657876],[0.102178,0.656452,0.747416]],[[0.962449,-0.255195,0.0925612],[-0.0521537,-0.508446,-0.859513],[0.266406,0.82241,-0.502663]],[[0.962449,-0.255195,0.0925612],[-0.192592,-0.882198,-0.429692],[0.191313,0.39573,-0.898219]]],"btipPosition":[53.4918,221.278,2.664],"carpPosition":[53.1681,232.133,47.3644],"dipPosition":[56.7242,227.964,-12.5124],"direction":[-0.266406,-0.82241,0.502663],"extended":false,"handId":465,"id":4654,"length":49.5125,"mcpPosition":[65.3734,266.485,3.75612],"pipPosition":[61.8318,243.732,-22.1496],"stabilizedTipPosition":[55.1135,220.834,-0.453953],"timeVisible":2.56696,"tipPosition":[53.6362,222.949,-1.16305],"tipVelocity":[-14.2431,27.0531,-11.4462],"tool":false,"touchDistance":0.333333,"touchZone":"none","type":4,"width":15.7401}],"r":[[0.958512,0.00582868,0.284991],[-0.121261,0.913153,0.389162],[-0.257973,-0.407575,0.875975]],"s":1.11205,"t":[107.093,-10.1081,-111.018],"timestamp":93287057682},false],[3,{"currentFrameRate":55.3263,"devices":[],"gestures":[],"hands":[{"armBasis":[[0.959826,0.255258,-0.116523],[-0.220723,0.943243,0.24814],[0.173249,-0.212452,0.961691]],"armWidth":62.4607,"confidence":0.661874,"direction":[-0.0629873,0.65579,-0.752311],"elbow":[84.7802,166.164,305.512],"grabStrength":0,"id":465,"palmNormal":[0.215212,-0.727148,-0.651874],"palmPosition":[29.2228,252.51,7.69209],"palmVelocity":[-21.1789,26.9544,-10.0424],"palmWidth":89.1918,"pinchStrength":0.236014,"r":[[0.958973,0.00375107,0.283471],[-0.119429,0.912201,0.391951],[-0.257113,-0.409725,0.875225]],"s":1.11181,"sphereCenter":[13.2351,234.525,-32.7885],"sphereRadius":48.684,"stabilizedPalmPosition":[29.5208,252.14,7.84443],"t":[106.709,-9.62329,-111.203],"timeVisible":2.58501,"type":"right","wrist":[38.9273,222.393,50.9868]}],"id":1673008,"interactionBox":{"center":[0,200,0],"size":[235.247,235.247,147.751]},"pointables":[{"bases":[[[0.187368,0.86002,0.474615],[-0.855963,-0.0940866,0.508404],[0.481893,-0.501511,0.718517]],[[0.123829,0.917382,0.378255],[-0.8406,-0.105587,0.531266],[0.527312,-0.383747,0.758077]],[[0.123829,0.917382,0.378255],[-0.976494,0.180428,-0.117919],[-0.176425,-0.354762,0.91816]],[[0.123829,0.917382,0.378255],[-0.984043,0.162608,-0.0722287],[-0.127769,-0.363275,0.922879]]],"btipPosition":[-2.79042,245.791,-45.0067],"carpPosition":[14.184,206.823,43.9452],"dipPosition":[-5.72157,237.457,-23.8349],"direction":[0.176425,0.354762,-0.91816],"extended":false,"handId":465,"id":4650,"length":51.0864,"mcpPosition":[14.184,206.823,43.9452],"pipPosition":[-11.618,225.6,6.85167],"stabilizedTipPosition":[-3.21582,243.635,-39.994],"timeVisible":2.58501,"tipPosition":[-3.26504,244.897,-39.3705],"tipVelocity":[-27.168,27.2991,-15.1532],"tool":false,"touchDistance":-0.121337,"touchZone":"touching","type":0,"width":19.8498},{"bases":[[[0.950123,0.310193,-0.0323352],[-0.246314,0.809947,0.532273],[0.191297,-0.497761,0.845955]],[[0.93445,0.344187,-0.0913153],[-0.233689,0.786224,0.572051],[0.268686,-0.513214,0.815119]],[[0.93445,0.344187,-0.0913153],[-0.299005,0.897667,0.323714],[0.193389,-0.275191,0.941738]],[[0.93445,0.344187,-0.0913153],[-0.335026,0.936663,0.102081],[0.120666,-0.0647964,0.990576]]],"btipPosition":[-14.6107,294.358,-84.9341],"carpPosition":[17.103,229.243,49.3023],"dipPosition":[-12.5898,293.273,-68.344],"direction":[-0.193389,0.275191,-0.941738],"extended":true,"handId":465,"id":4651,"length":57.6453,"mcpPosition":[3.30743,265.14,-11.7043],"pipPosition":[-8.00785,286.753,-46.0317],"stabilizedTipPosition":[-13.9834,293.835,-81.0393],"timeVisible":2.58501,"tipPosition":[-14.5431,295.489,-80.3371],"tipVelocity":[-18.1824,30.0627,-8.39934],"tool":false,"touchDistance":0.0333827,"touchZone":"hovering","type":1,"width":18.9605},{"bases":[[[0.995209,0.0974403,-0.00800896],[-0.0778789,0.839604,0.537587],[0.059107,-0.534388,0.84317]],[[0.994809,0.100869,-0.0134214],[-0.0828497,0.726304,-0.682363],[-0.059081,0.679933,0.730891]],[[0.994809,0.100869,-0.0134214],[0.0382205,-0.492628,-0.869401],[-0.0943071,0.864375,-0.493926]],[[0.994809,0.100869,-0.0134214],[0.0854034,-0.899342,-0.428824],[-0.0553254,0.425452,-0.903288]]],"btipPosition":[30.3231,207.076,-12.4738],"carpPosition":[27.9261,234.586,49.3159],"dipPosition":[29.304,214.913,-29.1129],"direction":[0.0943071,-0.864375,0.493926],"extended":false,"handId":465,"id":4652,"length":65.6822,"mcpPosition":[23.8838,271.132,-8.34781],"pipPosition":[26.6752,239.007,-42.8808],"stabilizedTipPosition":[31.5801,206.939,-15.8429],"timeVisible":2.58501,"tipPosition":[30.0834,209.052,-16.5353],"tipVelocity":[-26.2995,29.853,-13.1731],"tool":false,"touchDistance":0.333333,"touchZone":"none","type":2,"width":18.6218},{"bases":[[[0.99608,-0.0458334,0.0756551],[-0.00465275,0.826957,0.562246],[-0.0883331,-0.560394,0.823502]],[[0.993776,-0.0587536,0.0946392],[0.109305,0.6781,-0.726797],[-0.0214729,0.732618,0.680301]],[[0.993776,-0.0587536,0.0946392],[0.0452293,-0.563583,-0.82482],[0.101798,0.823968,-0.557418]],[[0.993776,-0.0587536,0.0946392],[-0.0180071,-0.923149,-0.384019],[0.109929,0.379925,-0.918462]]],"btipPosition":[41.3223,209.915,0.61452],"carpPosition":[39.7356,236.925,49.0163],"dipPosition":[43.3356,216.873,-16.2069],"direction":[-0.101798,-0.823968,0.557418],"extended":false,"handId":465,"id":4653,"length":63.1552,"mcpPosition":[45.1594,271.334,-1.54841],"pipPosition":[46.0998,239.248,-31.3433],"stabilizedTipPosition":[44.0781,208.55,-1.64787],"timeVisible":2.58501,"tipPosition":[41.7969,211.695,-3.43773],"tipVelocity":[-23.4722,24.1426,-31.5139],"tool":false,"touchDistance":0.333333,"touchZone":"none","type":3,"width":17.7198},{"bases":[[[0.966146,-0.246388,0.0765118],[0.142545,0.756981,0.637699],[-0.215039,-0.605204,0.766476]],[[0.963686,-0.253127,0.0850615],[0.245013,0.711474,-0.658614],[0.106194,0.655539,0.747658]],[[0.963686,-0.253127,0.0850615],[-0.0575158,-0.507814,-0.859545],[0.260769,0.823439,-0.503932]],[[0.963686,-0.253127,0.0850615],[-0.193839,-0.882184,-0.429159],[0.183672,0.397086,-0.899215]]],"btipPosition":[53.2479,221.639,2.45085],"carpPosition":[52.8089,232.457,47.0761],"dipPosition":[56.3513,228.348,-12.7424],"direction":[-0.260769,-0.823439,0.503932],"extended":false,"handId":465,"id":4654,"length":49.5125,"mcpPosition":[65.0315,266.857,3.51018],"pipPosition":[61.3508,244.136,-22.4039],"stabilizedTipPosition":[54.9475,221.172,-0.538926],"timeVisible":2.58501,"tipPosition":[53.3365,223.326,-1.39357],"tipVelocity":[-14.6725,23.8414,-11.718],"tool":false,"touchDistance":0.333333,"touchZone":"none","type":4,"width":15.7401}],"r":[[0.958973,0.00375107,0.283471],[-0.119429,0.912201,0.391951],[-0.257113,-0.409725,0.875225]],"s":1.11181,"t":[106.709,-9.62329,-111.203],"timestamp":93287075739},false],[4,{"currentFrameRate":55.3196,"devices":[],"gestures":[],"hands":[{"armBasis":[[0.961131,0.252727,-0.111157],[-0.218215,0.942012,0.254942],[0.169142,-0.220776,0.960546]],"armWidth":62.4607,"confidence":0.66893,"direction":[-0.0629994,0.657054,-0.751206],"elbow":[83.1597,164.575,304.913],"grabStrength":0,"id":465,"palmNormal":[0.212188,-0.726674,-0.653392],"palmPosition":[28.671,253.21,7.46126],"palmVelocity":[-25.6051,32.5383,-11.3317],"palmWidth":89.1918,"pinchStrength":0.236198,"r":[[0.959455,0.00156217,0.281859],[-0.117375,0.91137,0.394498],[-0.256261,-0.411586,0.874601]],"s":1.11111,"sphereCenter":[12.9008,235.197,-33.1023],"sphereRadius":48.5852,"stabilizedPalmPosition":[29.0912,252.681,7.65074],"t":[106.242,-9.03073,-111.411],"timeVisible":2.60311,"type":"right","wrist":[38.394,223.006,50.6913]}],"id":1673009,"interactionBox":{"center":[0,200,0],"size":[235.247,235.247,147.751]},"pointables":[{"bases":[[[0.190336,0.858875,0.475507],[-0.855139,-0.0928558,0.510015],[0.482192,-0.503698,0.716783]],[[0.126208,0.916934,0.378554],[-0.840202,-0.104068,0.532193],[0.527382,-0.385229,0.757276]],[[0.126208,0.916934,0.378554],[-0.976114,0.182817,-0.117386],[-0.176842,-0.354697,0.918105]],[[0.126208,0.916934,0.378554],[-0.98481,0.161685,-0.0633018],[-0.11925,-0.364815,0.923412]]],"btipPosition":[-3.55915,246.578,-45.2459],"carpPosition":[13.6001,207.505,43.6772],"dipPosition":[-6.29488,238.209,-24.0618],"direction":[0.176842,0.354697,-0.918105],"extended":false,"handId":465,"id":4650,"length":51.0864,"mcpPosition":[13.6001,207.505,43.6772],"pipPosition":[-12.2052,226.354,6.62285],"stabilizedTipPosition":[-3.81512,244.263,-40.2279],"timeVisible":2.60311,"tipPosition":[-3.97384,245.65,-39.6156],"tipVelocity":[-33.2657,34.7866,-14.1576],"tool":false,"touchDistance":-0.125277,"touchZone":"touching","type":0,"width":19.8498},{"bases":[[[0.950774,0.308034,-0.0338193],[-0.243342,0.809723,0.533978],[0.191868,-0.499463,0.844822]],[[0.935164,0.341959,-0.0923768],[-0.232073,0.788514,0.56955],[0.267603,-0.511185,0.816749]],[[0.935164,0.341959,-0.0923768],[-0.297278,0.899484,0.320241],[0.192601,-0.272016,0.942821]],[[0.935164,0.341959,-0.0923768],[-0.333185,0.937724,0.0982951],[0.120237,-0.0611434,0.990861]]],"btipPosition":[-15.1011,294.926,-85.1921],"carpPosition":[16.5822,229.91,49.0616],"dipPosition":[-13.0874,293.902,-68.5973],"direction":[-0.192601,0.272016,-0.942821],"extended":true,"handId":465,"id":4651,"length":57.6453,"mcpPosition":[2.74551,265.929,-11.8633],"pipPosition":[-8.52414,287.457,-46.2593],"stabilizedTipPosition":[-14.391,294.368,-81.2485],"timeVisible":2.60311,"tipPosition":[-15.0462,296.07,-80.5952],"tipVelocity":[-22.4652,31.0475,-11.1561],"tool":false,"touchDistance":0.0291005,"touchZone":"hovering","type":1,"width":18.9605},{"bases":[[[0.995415,0.0951409,-0.00990126],[-0.0748278,0.838981,0.538992],[0.0595871,-0.535779,0.842253]],[[0.995016,0.0985393,-0.0152465],[-0.0825173,0.727912,-0.680687],[-0.0559763,0.678553,0.732416]],[[0.995016,0.0985393,-0.0152465],[0.0352894,-0.491018,-0.870434],[-0.0932583,0.865559,-0.492048]],[[0.995016,0.0985393,-0.0152465],[0.0824153,-0.898813,-0.430514],[-0.0561263,0.427112,-0.902455]]],"btipPosition":[29.6207,207.814,-12.8057],"carpPosition":[27.4177,235.228,49.061],"dipPosition":[28.5868,215.682,-29.4295],"direction":[0.0932583,-0.865559,0.492048],"extended":false,"handId":465,"id":4652,"length":65.6822,"mcpPosition":[23.3426,271.869,-8.54001],"pipPosition":[25.9873,239.809,-43.145],"stabilizedTipPosition":[31.2109,207.39,-15.975],"timeVisible":2.60311,"tipPosition":[29.3791,209.789,-16.8451],"tipVelocity":[-32.3374,35.2373,-15.5376],"tool":false,"touchDistance":0.333333,"touchZone":"none","type":2,"width":18.6218},{"bases":[[[0.996123,-0.0482589,0.073548],[-0.00158105,0.826127,0.563481],[-0.087953,-0.561413,0.822848]],[[0.993876,-0.0609595,0.0921622],[0.108758,0.687101,-0.718376],[-0.0195329,0.724,0.689523]],[[0.993876,-0.0609595,0.0921622],[0.043725,-0.549014,-0.834668],[0.101479,0.833587,-0.542987]],[[0.993876,-0.0609595,0.0921622],[-0.0192771,-0.916921,-0.398602],[0.108804,0.394384,-0.912482]]],"btipPosition":[40.7396,210.443,-0.526215],"carpPosition":[39.232,237.539,48.7407],"dipPosition":[42.7323,217.666,-17.2381],"direction":[-0.101479,-0.833587,0.542987],"extended":false,"handId":465,"id":4653,"length":63.1552,"mcpPosition":[44.6324,272.011,-1.78388],"pipPosition":[45.4879,240.302,-31.9826],"stabilizedTipPosition":[43.9317,208.73,-1.78627],"timeVisible":2.60311,"tipPosition":[41.1791,212.311,-4.24642],"tipVelocity":[-27.7442,28.1463,-45.8395],"tool":false,"touchDistance":0.333333,"touchZone":"none","type":3,"width":17.7198},{"bases":[[[0.965725,-0.248744,0.0741682],[0.145608,0.755698,0.638529],[-0.214879,-0.605844,0.766015]],[[0.964707,-0.251583,0.0777602],[0.23922,0.713877,-0.658144],[0.110067,0.653517,0.748866]],[[0.964707,-0.251583,0.0777602],[-0.0622776,-0.504904,-0.860926],[0.255856,0.825698,-0.502752]],[[0.964707,-0.251583,0.0777602],[-0.19502,-0.881027,-0.430998],[0.176941,0.400622,-0.898996]]],"btipPosition":[52.7945,222.23,2.09985],"carpPosition":[52.2908,233.044,46.7671],"dipPosition":[55.7841,228.999,-13.0897],"direction":[-0.255856,-0.825698,0.502752],"extended":false,"handId":465,"id":4654,"length":49.5125,"mcpPosition":[64.5044,267.48,3.22737],"pipPosition":[60.6895,244.829,-22.7286],"stabilizedTipPosition":[54.7612,221.505,-0.647626],"timeVisible":2.60311,"tipPosition":[52.8342,223.945,-1.71403],"tipVelocity":[-20.2964,28.3772,-15.3459],"tool":false,"touchDistance":0.333333,"touchZone":"none","type":4,"width":15.7401}],"r":[[0.959455,0.00156217,0.281859],[-0.117375,0.91137,0.394498],[-0.256261,-0.411586,0.874601]],"s":1.11111,"t":[106.242,-9.03073,-111.411],"timestamp":93287093839},false],[5,{"currentFrameRate":55.3447,"devices":[],"gestures":[],"hands":[{"armBasis":[[0.96033,0.255613,-0.11148],[-0.220096,0.940228,0.259865],[0.171241,-0.22502,0.959189]],"armWidth":62.4607,"confidence":0.677409,"direction":[-0.0653234,0.660538,-0.747945],"elbow":[83.1114,164.342,304.216],"grabStrength":0,"id":465,"palmNormal":[0.213136,-0.723013,-0.657134],"palmPosition":[27.9508,254.287,7.28052],"palmVelocity":[-32.4456,45.4974,-10.7254],"palmWidth":89.1918,"pinchStrength":0.237499,"r":[[0.959896,-0.0000190844,0.280356],[-0.116062,0.91026,0.397438],[-0.255205,-0.414038,0.873752]],"s":1.10984,"sphereCenter":[12.6802,236.27,-33.465],"sphereRadius":48.4343,"stabilizedPalmPosition":[28.5279,253.474,7.46786],"t":[105.648,-8.19578,-111.605],"timeVisible":2.6211,"type":"right","wrist":[37.79,223.897,50.3531]}],"id":1673010,"interactionBox":{"center":[0,200,0],"size":[235.247,235.247,147.751]},"pointables":[{"bases":[[[0.18889,0.856996,0.479456],[-0.854366,-0.0972852,0.510484],[0.484127,-0.506057,0.713812]],[[0.123739,0.915984,0.381658],[-0.840262,-0.107881,0.53134],[0.527872,-0.38644,0.756317]],[[0.123739,0.915984,0.381658],[-0.976505,0.180783,-0.117283],[-0.176427,-0.358178,0.916833]],[[0.123739,0.915984,0.381658],[-0.986471,0.155226,-0.0527164],[-0.107531,-0.369971,0.922799]]],"btipPosition":[-4.44194,247.74,-45.5287],"carpPosition":[13.024,208.373,43.2908],"dipPosition":[-6.90881,239.252,-24.3587],"direction":[0.176427,0.358178,-0.916833],"extended":false,"handId":465,"id":4650,"length":51.0864,"mcpPosition":[13.024,208.373,43.2908],"pipPosition":[-12.8053,227.281,6.28345],"stabilizedTipPosition":[-4.53387,245.181,-40.4877],"timeVisible":2.6211,"tipPosition":[-4.78191,246.763,-39.8952],"tipVelocity":[-39.1308,48.1918,-14.9861],"tool":false,"touchDistance":-0.130044,"touchZone":"touching","type":0,"width":19.8498},{"bases":[[[0.950029,0.310373,-0.0333549],[-0.24461,0.806568,0.538158],[0.193933,-0.503107,0.842184]],[[0.934439,0.344245,-0.0912068],[-0.235368,0.78919,0.567257],[0.267255,-0.5086,0.818475]],[[0.934439,0.344245,-0.0912068],[-0.300664,0.899862,0.31599],[0.190852,-0.267851,0.944368]],[[0.934439,0.344245,-0.0912068],[-0.336175,0.93719,0.0930638],[0.117515,-0.056301,0.991474]]],"btipPosition":[-15.7698,295.748,-85.4026],"carpPosition":[15.9607,230.759,48.7805],"dipPosition":[-13.8017,294.805,-68.7974],"direction":[-0.190852,0.267851,-0.944368],"extended":true,"handId":465,"id":4651,"length":57.6453,"mcpPosition":[1.97513,267.04,-11.9541],"pipPosition":[-9.27987,288.459,-46.4228],"stabilizedTipPosition":[-14.937,295.054,-81.446],"timeVisible":2.6211,"tipPosition":[-15.7612,296.943,-80.7831],"tipVelocity":[-29.7111,38.4981,-11.3524],"tool":false,"touchDistance":0.0256327,"touchZone":"hovering","type":1,"width":18.9605},{"bases":[[[0.995183,0.0974699,-0.010517],[-0.0761578,0.836187,0.543131],[0.0617331,-0.539714,0.839582]],[[0.994782,0.100807,-0.0157107],[-0.0848851,0.732371,-0.675594],[-0.0565984,0.673402,0.737107]],[[0.994782,0.100807,-0.0157107],[0.035345,-0.484975,-0.873814],[-0.0957057,0.868699,-0.486007]],[[0.994782,0.100807,-0.0157107],[0.0839058,-0.895968,-0.43612],[-0.0580402,0.432526,-0.899751]]],"btipPosition":[28.9732,209.013,-13.3299],"carpPosition":[26.784,236.101,48.7939],"dipPosition":[27.904,216.98,-29.9039],"direction":[0.0957057,-0.868699,0.486007],"extended":false,"handId":465,"id":4652,"length":65.6822,"mcpPosition":[22.5621,273.011,-8.62438],"pipPosition":[25.2363,241.195,-43.4511],"stabilizedTipPosition":[30.8219,207.931,-16.1578],"timeVisible":2.6211,"tipPosition":[28.7265,210.994,-17.2999],"tipVelocity":[-34.2898,50.7108,-21.6812],"tool":false,"touchDistance":0.333333,"touchZone":"none","type":2,"width":18.6218},{"bases":[[[0.996311,-0.0463303,0.0722357],[-0.00285516,0.823383,0.567479],[-0.0857691,-0.565592,0.820213]],[[0.994151,-0.0589269,0.0905019],[0.105816,0.699008,-0.707242],[-0.021586,0.712682,0.701155]],[[0.994151,-0.0589269,0.0905019],[0.0451294,-0.534658,-0.843863],[0.0981138,0.843011,-0.528872]],[[0.994151,-0.0589269,0.0905019],[-0.0166455,-0.911612,-0.410714],[0.106705,0.406805,-0.907262]]],"btipPosition":[40.1859,211.614,-1.62135],"carpPosition":[38.5926,238.441,48.4721],"dipPosition":[42.1402,219.065,-18.2376],"direction":[-0.0981138,-0.843011,0.528872],"extended":false,"handId":465,"id":4653,"length":63.1552,"mcpPosition":[43.859,273.169,-1.89068],"pipPosition":[44.8044,241.956,-32.5989],"stabilizedTipPosition":[43.7884,208.93,-1.94519],"timeVisible":2.6211,"tipPosition":[40.5911,213.496,-5.08873],"tipVelocity":[-29.4188,47.0215,-52.3916],"tool":false,"touchDistance":0.333333,"touchZone":"none","type":3,"width":17.7198},{"bases":[[[0.966372,-0.246886,0.0719174],[0.144576,0.752928,0.642025],[-0.212655,-0.610038,0.763303]],[[0.966797,-0.245662,0.070387],[0.230647,0.720253,-0.654246],[0.110027,0.648758,0.752999]],[[0.966797,-0.245662,0.070387],[-0.0634239,-0.497485,-0.865151],[0.247551,0.831961,-0.496548]],[[0.966797,-0.245662,0.070387],[-0.191272,-0.878297,-0.438189],[0.169467,0.410176,-0.896123]]],"btipPosition":[52.3237,223.293,1.63879],"carpPosition":[51.6596,233.986,46.4626],"dipPosition":[55.1871,230.223,-13.5022],"direction":[-0.247551,-0.831961,0.496548],"extended":false,"handId":465,"id":4654,"length":49.5125,"mcpPosition":[63.7468,268.66,3.07706],"pipPosition":[59.9332,246.174,-23.0222],"stabilizedTipPosition":[54.5521,221.902,-0.788202],"timeVisible":2.6211,"tipPosition":[52.3146,225.068,-2.10638],"tipVelocity":[-23.8466,43.9139,-19.9254],"tool":false,"touchDistance":0.333333,"touchZone":"none","type":4,"width":15.7401}],"r":[[0.959896,-0.0000190844,0.280356],[-0.116062,0.91026,0.397438],[-0.255205,-0.414038,0.873752]],"s":1.10984,"t":[105.648,-8.19578,-111.605],"timestamp":93287111821},false],[6,{"currentFrameRate":55.3353,"devices":[],"gestures":[],"hands":[{"armBasis":[[0.959337,0.258555,-0.113232],[-0.22204,0.93895,0.262812],[0.174271,-0.226984,0.95818]],"armWidth":62.4607,"confidence":0.693324,"direction":[-0.0671685,0.663026,-0.745577],"elbow":[83.359,164.49,303.795],"grabStrength":0,"id":465,"palmNormal":[0.214415,-0.720214,-0.659787],"palmPosition":[27.3073,255.084,7.23965],"palmVelocity":[-33.9188,44.7952,-6.69719],"palmWidth":89.1918,"pinchStrength":0.242335,"r":[[0.960274,-0.00105079,0.279055],[-0.115373,0.909031,0.40044],[-0.254091,-0.416728,0.872798]],"s":1.10805,"sphereCenter":[12.5494,237.01,-33.6789],"sphereRadius":48.2837,"stabilizedPalmPosition":[27.9268,254.267,7.35548],"t":[105.029,-7.37983,-111.723],"timeVisible":2.6392,"type":"right","wrist":[37.2358,224.564,50.1999]}],"id":1673011,"interactionBox":{"center":[0,200,0],"size":[235.247,235.247,147.751]},"pointables":[{"bases":[[[0.187223,0.855718,0.482384],[-0.853892,-0.100988,0.510559],[0.48561,-0.507492,0.711783]],[[0.120795,0.915749,0.38316],[-0.840889,-0.110736,0.529757],[0.527555,-0.386187,0.756667]],[[0.120795,0.915749,0.38316],[-0.976751,0.178511,-0.11871],[-0.177107,-0.359912,0.916022]],[[0.120795,0.915749,0.38316],[-0.988134,0.14781,-0.0417469],[-0.0948648,-0.373571,0.922738]]],"btipPosition":[-5.2174,248.505,-45.7132],"carpPosition":[12.5009,209.01,43.0951],"dipPosition":[-7.3937,239.935,-24.5445],"direction":[0.177107,0.359912,-0.916022],"extended":false,"handId":465,"id":4650,"length":51.0864,"mcpPosition":[12.5009,209.01,43.0951],"pipPosition":[-13.3129,227.906,6.07052],"stabilizedTipPosition":[-5.23567,245.983,-40.6991],"timeVisible":2.6392,"tipPosition":[-5.48348,247.499,-40.0687],"tipVelocity":[-39.1363,44.875,-12.7117],"tool":false,"touchDistance":-0.133124,"touchZone":"touching","type":0,"width":19.8498},{"bases":[[[0.949319,0.312604,-0.0327284],[-0.246135,0.804117,0.541122],[0.195475,-0.505642,0.840307]],[[0.93374,0.346431,-0.0900821],[-0.238956,0.790645,0.563721],[0.266513,-0.504843,0.821039]],[[0.93374,0.346431,-0.0900821],[-0.304298,0.900759,0.309897],[0.1885,-0.261951,0.946493]],[[0.93374,0.346431,-0.0900821],[-0.339303,0.936777,0.0855648],[0.114029,-0.0493301,0.992252]]],"btipPosition":[-16.3059,296.14,-85.5568],"carpPosition":[15.3905,231.383,48.6623],"dipPosition":[-14.3961,295.314,-68.9387],"direction":[-0.1885,0.261951,-0.946493],"extended":true,"handId":465,"id":4651,"length":57.6453,"mcpPosition":[1.29371,267.847,-11.937],"pipPosition":[-9.93006,289.108,-46.5137],"stabilizedTipPosition":[-15.4566,295.555,-81.6073],"timeVisible":2.6392,"tipPosition":[-16.3371,297.392,-80.9234],"tipVelocity":[-30.0169,31.1928,-9.92663],"tool":false,"touchDistance":0.0231117,"touchZone":"hovering","type":1,"width":18.9605},{"bases":[[[0.994958,0.0997229,-0.0106644],[-0.0777462,0.834094,0.546116],[0.0633553,-0.542534,0.837642]],[[0.994561,0.102972,-0.0156829],[-0.0869768,0.738188,-0.668965],[-0.0573075,0.66669,0.743129]],[[0.994561,0.102972,-0.0156829],[0.0355084,-0.476733,-0.878331],[-0.0979197,0.872996,-0.477796]],[[0.994561,0.102972,-0.0156829],[0.0854118,-0.892431,-0.443026],[-0.059615,0.439276,-0.896372]]],"btipPosition":[28.4043,209.927,-13.8776],"carpPosition":[26.2019,236.749,48.6892],"dipPosition":[27.3062,218.018,-30.3893],"direction":[0.0979197,-0.872996,0.477796],"extended":false,"handId":465,"id":4652,"length":65.6822,"mcpPosition":[21.8691,273.852,-8.59641],"pipPosition":[24.5767,242.353,-43.7076],"stabilizedTipPosition":[30.4334,208.492,-16.3786],"timeVisible":2.6392,"tipPosition":[28.1567,211.907,-17.6922],"tipVelocity":[-33.1011,51.3533,-25.3825],"tool":false,"touchDistance":0.333333,"touchZone":"none","type":2,"width":18.6218},{"bases":[[[0.996448,-0.0443656,0.0715797],[-0.00440306,0.821367,0.570383],[-0.0840986,-0.568672,0.818254]],[[0.994355,-0.056874,0.0895761],[0.10341,0.708535,-0.698058],[-0.0237664,0.70338,0.710416]],[[0.994355,-0.056874,0.0895761],[0.0467751,-0.522798,-0.851172],[0.0952398,0.850557,-0.517187]],[[0.994355,-0.056874,0.0895761],[-0.0140053,-0.907176,-0.420519],[0.105178,0.416891,-0.902851]]],"btipPosition":[39.6973,212.497,-2.40707],"carpPosition":[38.0051,239.116,48.3698],"dipPosition":[41.6236,220.132,-18.9426],"direction":[-0.0952398,-0.850557,0.517187],"extended":false,"handId":465,"id":4653,"length":63.1552,"mcpPosition":[43.1689,274.034,-1.87271],"pipPosition":[44.2098,243.228,-32.9865],"stabilizedTipPosition":[43.6396,209.147,-2.11917],"timeVisible":2.6392,"tipPosition":[40.0779,214.388,-5.68697],"tipVelocity":[-28.4322,48.9546,-47.626],"tool":false,"touchDistance":0.333333,"touchZone":"none","type":3,"width":17.7198},{"bases":[[[0.966955,-0.244985,0.0705684],[0.143222,0.750979,0.644607],[-0.210914,-0.6132,0.76125]],[[0.968663,-0.239916,0.0642842],[0.223023,0.726215,-0.650287],[0.10933,0.644245,0.756964]],[[0.968663,-0.239916,0.0642842],[-0.0638665,-0.490701,-0.868984],[0.240028,0.837647,-0.490646]],[[0.968663,-0.239916,0.0642842],[-0.187469,-0.875986,-0.444413],[0.162934,0.418435,-0.893512]]],"btipPosition":[51.9249,224.092,1.3363],"carpPosition":[51.0809,234.698,46.3381],"dipPosition":[54.6778,231.162,-13.7606],"direction":[-0.240028,-0.837647,0.490646],"extended":false,"handId":465,"id":4654,"length":49.5125,"mcpPosition":[63.0691,269.551,3.06926],"pipPosition":[59.2797,247.222,-23.1674],"stabilizedTipPosition":[54.3273,222.332,-0.940134],"timeVisible":2.6392,"tipPosition":[51.8749,225.909,-2.33093],"tipVelocity":[-23.6506,44.868,-18.1285],"tool":false,"touchDistance":0.333