{"sensorType":"Leap","data":[[0,{"currentFrameRate":55.3491,"devices":[],"gestures":[],"hands":[{"armBasis":[[0.981877,0.173526,-0.0761967],[-0.152675,0.962451,0.224451],[0.112284,-0.20875,0.971502]],"armWidth":62.4607,"confidence":0.649346,"direction":[-0.0395252,0.779689,-0.624918],"elbow":[74.1607,143.16,298.797],"grabStrength":0,"id":465,"palmNormal":[0.162925,-0.612008,-0.773887],"palmPosition":[35.6746,236.099,4.55092],"palmVelocity":[-38.2956,27.6687,1.52542],"palmWidth":89.1918,"pinchStrength":0.381424,"r":[[0.961068,-0.0950147,0.259462],[-0.0640017,0.836933,0.543551],[-0.268798,-0.538995,0.798268]],"s":1.05175,"sphereCenter":[25.1382,222.179,-39.4849],"sphereRadius":45.8859,"stabilizedPalmPosition":[37.3952,234.896,4.1008],"t":[113.472,-26.0536,-114.547],"timeVisible":15.4833,"type":"right","wrist":[44.4432,198.409,41.6751]}],"id":1673897,"interactionBox":{"center":[0,200,0],"size":[235.247,235.247,147.751]},"pointables":[{"bases":[[[0.243264,0.752818,0.611627],[-0.85084,-0.137144,0.50721],[0.465718,-0.643783,0.607166]],[[0.100115,0.905333,0.412734],[-0.882497,-0.11079,0.457082],[0.459539,-0.409997,0.787862]],[[0.100115,0.905333,0.412734],[-0.981393,0.15816,-0.108873],[-0.163844,-0.394154,0.904322]],[[0.100115,0.905333,0.412734],[-0.990405,0.130394,-0.0457809],[-0.095265,-0.40419,0.9097]]],"btipPosition":[3.92722,228.122,-56.9398],"carpPosition":[18.7515,185.615,32.7046],"dipPosition":[1.74174,218.85,-36.0703],"direction":[0.163844,0.394154,-0.904321],"extended":false,"handId":465,"id":4650,"length":51.0864,"mcpPosition":[18.7515,185.615,32.7046],"pipPosition":[-3.73423,205.676,-5.8463],"stabilizedTipPosition":[4.03373,225.747,-52.1529],"timeVisible":15.4833,"tipPosition":[3.79707,226.424,-51.583],"tipVelocity":[-56.6209,20.1696,3.61302],"tool":false,"touchDistance":-0.0726824,"touchZone":"touching","type":0,"width":19.8498},{"bases":[[[0.965215,0.261435,-0.00354339],[-0.191457,0.715957,0.671379],[0.178059,-0.647347,0.741105]],[[0.91413,0.379131,-0.143622],[-0.28039,0.847083,0.451478],[0.292829,-0.372439,0.880648]],[[0.91413,0.379131,-0.143622],[-0.343846,0.912698,0.220799],[0.214795,-0.152455,0.964687]],[[0.91413,0.379131,-0.143622],[-0.376982,0.925224,0.0429628],[0.149171,0.0148693,0.9887]]],"btipPosition":[-9.75201,272.301,-88.1511],"carpPosition":[23.0082,206.57,41.796],"dipPosition":[-7.2537,272.55,-71.5924],"direction":[-0.214795,0.152455,-0.964687],"extended":true,"handId":465,"id":4651,"length":57.6453,"mcpPosition":[10.1674,253.254,-11.6493],"pipPosition":[-2.16463,268.938,-48.7363],"stabilizedTipPosition":[-8.13766,272.127,-84.4729],"timeVisible":15.4833,"tipPosition":[-9.57783,273.261,-83.98],"tipVelocity":[-48.4923,10.0637,4.1517],"tool":false,"touchDistance":-0.0469616,"touchZone":"touching","type":1,"width":18.9605},{"bases":[[[0.998799,0.0456628,-0.0177863],[-0.0215639,0.735462,0.677223],[0.0440051,-0.676025,0.735563]],[[0.998717,0.0468962,-0.0191283],[-0.049889,0.845797,-0.531168],[-0.00873108,0.53144,0.847051]],[[0.998717,0.0468962,-0.0191283],[-0.00239237,-0.333574,-0.942721],[-0.0505907,0.941557,-0.333034]],[[0.998717,0.0468962,-0.0191283],[0.027551,-0.819952,-0.571769],[-0.0424981,0.570508,-0.820191]]],"btipPosition":[33.7067,195.629,-23.4883],"carpPosition":[34.1107,211.26,42.446],"dipPosition":[32.9239,206.138,-38.5967],"direction":[0.0505907,-0.941557,0.333034],"extended":false,"handId":465,"id":4652,"length":65.6822,"mcpPosition":[31.1012,257.493,-7.85854],"pipPosition":[31.5137,232.383,-47.8798],"stabilizedTipPosition":[38.3209,195.596,-28.7402],"timeVisible":15.4833,"tipPosition":[33.4811,198.532,-26.9577],"tipVelocity":[-47.8939,22.8924,5.9854],"tool":false,"touchDistance":0.333333,"touchZone":"none","type":2,"width":18.6218},{"bases":[[[0.993152,-0.109891,0.0396508],[0.0512646,0.71492,0.697324],[-0.104977,-0.690517,0.715658]],[[0.995954,-0.0881983,0.017205],[0.0808578,0.796062,-0.59979],[0.0392042,0.598754,0.799973]],[[0.995954,-0.0881983,0.017205],[-0.0203745,-0.408116,-0.912703],[0.0875204,0.90866,-0.408262]],[[0.995954,-0.0881983,0.017205],[-0.0651623,-0.840694,-0.537576],[0.0618774,0.53428,-0.84304]]],"btipPosition":[47.244,194.716,-10.2137],"carpPosition":[46.025,213,42.239],"dipPosition":[48.3772,204.501,-25.6537],"direction":[-0.0875204,-0.90866,0.408262],"extended":false,"handId":465,"id":4653,"length":63.1552,"mcpPosition":[52.4708,255.399,-1.70383],"pipPosition":[50.7538,229.176,-36.7399],"stabilizedTipPosition":[52.2893,194.491,-15.6151],"timeVisible":15.4833,"tipPosition":[47.5559,197.409,-13.9418],"tipVelocity":[-45.2427,24.6496,2.48805],"tool":false,"touchDistance":0.333333,"touchZone":"none","type":3,"width":17.7198},{"bases":[[[0.952114,-0.305677,0.00644703],[0.195635,0.625292,0.755471],[-0.234961,-0.718033,0.65515]],[[0.971952,-0.226161,-0.0645037],[0.160203,0.837493,-0.522437],[0.172177,0.49745,0.850234]],[[0.971952,-0.226161,-0.0645037],[-0.13708,-0.321932,-0.936786],[0.191099,0.919353,-0.343905]],[[0.971952,-0.226161,-0.0645037],[-0.220607,-0.78171,-0.58332],[0.0815014,0.581189,-0.809677]]],"btipPosition":[61.1397,204.395,-7.23362],"carpPosition":[58.7932,208.27,39.2002],"dipPosition":[62.5167,214.215,-20.914],"direction":[-0.191099,-0.919353,0.343905],"extended":false,"handId":465,"id":4654,"length":49.5125,"mcpPosition":[72.1482,249.083,1.96199],"pipPosition":[66.1805,231.841,-27.5075],"stabilizedTipPosition":[65.8877,204.512,-11.6641],"timeVisible":15.4833,"tipPosition":[61.4745,206.924,-10.4215],"tipVelocity":[-45.6123,21.63,1.8709],"tool":false,"touchDistance":0.333333,"touchZone":"none","type":4,"width":15.7401}],"r":[[0.961068,-0.0950147,0.259462],[-0.0640017,0.836933,0.543551],[-0.268798,-0.538995,0.798268]],"s":1.05175,"t":[113.472,-26.0536,-114.547],"timestamp":93299973989},false],[1,{"currentFrameRate":55.4535,"devices":[],"gestures":[],"hands":[{"armBasis":[[0.981875,0.173532,-0.0762107],[-0.152548,0.962208,0.225576],[0.112475,-0.209861,0.97124]],"armWidth":62.4607,"confidence":0.671461,"direction":[-0.0419321,0.780179,-0.62415],"elbow":[73.577,143.376,298.73],"grabStrength":0,"id":465,"palmNormal":[0.160893,-0.611273,-0.774892],"palmPosition":[34.9026,236.634,4.61228],"palmVelocity":[-40.816,28.8871,2.43562],"palmWidth":89.1918,"pinchStrength":0.379808,"r":[[0.961984,-0.096455,0.255507],[-0.0607244,0.836595,0.544447],[-0.26627,-0.539264,0.798933]],"s":1.05176,"sphereCenter":[24.5288,222.708,-39.4236],"sphereRadius":45.8402,"stabilizedPalmPosition":[36.5892,235.458,4.26618],"t":[112.739,-25.5337,-114.507],"timeVisible":15.5009,"type":"right","wrist":[43.8089,198.919,41.6781]}],"id":1673898,"interactionBox":{"center":[0,200,0],"size":[235.247,235.247,147.751]},"pointables":[{"bases":[[[0.244707,0.752462,0.61149],[-0.849181,-0.138075,0.509733],[0.467986,-0.644,0.605188]],[[0.100537,0.905296,0.412712],[-0.881252,-0.111522,0.459301],[0.461829,-0.40988,0.786582]],[[0.100537,0.905296,0.412712],[-0.981936,0.157115,-0.105435],[-0.160293,-0.394656,0.904739]],[[0.100537,0.905296,0.412712],[-0.990901,0.128419,-0.0403057],[-0.0894885,-0.404904,0.90997]]],"btipPosition":[2.90961,228.651,-56.8252],"carpPosition":[18.0972,186.116,32.7767],"dipPosition":[0.856646,219.362,-35.9495],"direction":[0.160293,0.394656,-0.904739],"extended":false,"handId":465,"id":4650,"length":51.0864,"mcpPosition":[18.0972,186.116,32.7767],"pipPosition":[-4.50062,206.172,-5.71157],"stabilizedTipPosition":[3.04826,226.221,-52.0732],"timeVisible":15.5009,"tipPosition":[2.81443,226.946,-51.4744],"tipVelocity":[-56.2628,24.6382,4.99317],"tool":false,"touchDistance":-0.0707488,"touchZone":"touching","type":0,"width":19.8498},{"bases":[[[0.965042,0.262021,-0.00632093],[-0.189805,0.715289,0.672559],[0.180746,-0.647848,0.740016]],[[0.913835,0.379174,-0.145368],[-0.280233,0.84791,0.450019],[0.293895,-0.370506,0.881108]],[[0.913835,0.379174,-0.145368],[-0.344262,0.913236,0.217906],[0.21538,-0.149085,0.965083]],[[0.913835,0.379174,-0.145368],[-0.377618,0.92513,0.03924],[0.149363,0.0190349,0.988599]]],"btipPosition":[-10.6465,272.603,-88.0235],"carpPosition":[22.3695,207.067,41.8721],"dipPosition":[-8.14496,272.922,-71.4665],"direction":[-0.21538,0.149085,-0.965083],"extended":true,"handId":465,"id":4651,"length":57.6453,"mcpPosition":[9.33487,253.787,-11.4947],"pipPosition":[-3.04202,269.39,-48.601],"stabilizedTipPosition":[-9.1015,272.401,-84.3445],"timeVisible":15.5009,"tipPosition":[-10.5021,273.598,-83.8407],"tipVelocity":[-49.4642,13.771,5.57571],"tool":false,"touchDistance":-0.0448417,"touchZone":"touching","type":1,"width":18.9605},{"bases":[[[0.998711,0.0462809,-0.0208456],[-0.0199061,0.734892,0.677892],[0.0466927,-0.676603,0.734866]],[[0.998618,0.0476006,-0.022279],[-0.0521606,0.845726,-0.531062],[-0.00643692,0.53149,0.84704]],[[0.998618,0.0476006,-0.022279],[-0.00516199,-0.333023,-0.942905],[-0.0523022,0.941716,-0.332317]],[[0.998618,0.0476006,-0.022279],[0.0262707,-0.819247,-0.572839],[-0.0455194,0.571462,-0.819365]]],"btipPosition":[32.8783,196.147,-23.4298],"carpPosition":[33.4711,211.763,42.4916],"dipPosition":[32.0398,206.674,-38.523],"direction":[0.0523022,-0.941716,0.332317],"extended":false,"handId":465,"id":4652,"length":65.6822,"mcpPosition":[30.2778,258.035,-7.76532],"pipPosition":[30.5819,232.923,-47.7861],"stabilizedTipPosition":[37.6386,195.956,-28.5176],"timeVisible":15.5009,"tipPosition":[32.6389,199.054,-26.905],"tipVelocity":[-47.7562,26.0034,4.82714],"tool":false,"touchDistance":0.333333,"touchZone":"none","type":2,"width":18.6218},{"bases":[[[0.993337,-0.109323,0.0364806],[0.0529968,0.714378,0.69775],[-0.102341,-0.691168,0.715411]],[[0.996053,-0.0876377,0.0140721],[0.0785327,0.796251,-0.599848],[0.0413644,0.598585,0.79999]],[[0.996053,-0.0876377,0.0140721],[-0.0229844,-0.407798,-0.912783],[0.0857328,0.908857,-0.408203]],[[0.996053,-0.0876377,0.0140721],[-0.066343,-0.840397,-0.537895],[0.0589661,0.534839,-0.842894]]],"btipPosition":[46.4481,195.258,-10.1935],"carpPosition":[45.3837,213.51,42.2491],"dipPosition":[47.528,205.054,-25.6309],"direction":[-0.0857328,-0.908857,0.408203],"extended":false,"handId":465,"id":4653,"length":63.1552,"mcpPosition":[51.6677,255.949,-1.67863],"pipPosition":[49.856,229.733,-36.7155],"stabilizedTipPosition":[51.6665,194.827,-15.4068],"timeVisible":15.5009,"tipPosition":[46.7467,197.948,-13.9274],"tipVelocity":[-45.4699,27.53,1.87422],"tool":false,"touchDistance":0.333333,"touchZone":"none","type":3,"width":17.7198},{"bases":[[[0.952313,-0.305107,0.00324309],[0.197601,0.624789,0.755376],[-0.232496,-0.718713,0.655284]],[[0.971691,-0.226635,-0.066732],[0.158308,0.834257,-0.528161],[0.175371,0.502645,0.846518]],[[0.971691,-0.226635,-0.066732],[-0.140301,-0.326289,-0.9348],[0.190084,0.917699,-0.348849]],[[0.971691,-0.226635,-0.066732],[-0.222462,-0.782607,-0.58141],[0.0795427,0.579796,-0.81087]]],"btipPosition":[60.2934,204.829,-7.0309],"carpPosition":[58.1453,208.791,39.1668],"dipPosition":[61.6374,214.626,-20.7315],"direction":[-0.190084,-0.917699,0.348849],"extended":false,"handId":465,"id":4654,"length":49.5125,"mcpPosition":[71.3602,249.642,1.92096],"pipPosition":[65.2817,232.22,-27.4197],"stabilizedTipPosition":[65.2797,204.807,-11.4936],"timeVisible":15.5009,"tipPosition":[60.6388,207.387,-10.3082],"tipVelocity":[-46.876,22.8661,6.23701],"tool":false,"touchDistance":0.333333,"touchZone":"none","type":4,"width":15.7401}],"r":[[0.961984,-0.096455,0.255507],[-0.0607244,0.836595,0.544447],[-0.26627,-0.539264,0.798933]],"s":1.05176,"t":[112.739,-25.5337,-114.507],"timestamp":93299991662},false],[2,{"currentFrameRate":55.4443,"devices":[],"gestures":[],"hands":[{"armBasis":[[0.981656,0.174546,-0.0767158],[-0.153319,0.961853,0.226565],[0.113335,-0.210647,0.97097]],"armWidth":62.4607,"confidence":0.684396,"direction":[-0.0445946,0.780964,-0.622983],"elbow":[73.1735,144.007,298.393],"grabStrength":0,"id":465,"palmNormal":[0.159847,-0.60999,-0.776119],"palmPosition":[34.1256,237.51,4.41961],"palmVelocity":[-41.854,38.2012,-3.78707],"palmWidth":89.1918,"pinchStrength":0.378861,"r":[[0.962856,-0.0973991,0.251836],[-0.0580696,0.836156,0.54541],[-0.263696,-0.539775,0.799442]],"s":1.05165,"sphereCenter":[23.9034,223.598,-39.6336],"sphereRadius":45.7994,"stabilizedPalmPosition":[35.7275,236.176,4.31985],"t":[111.984,-24.8357,-114.584],"timeVisible":15.519,"type":"right","wrist":[43.1778,199.758,41.4119]}],"id":1673899,"interactionBox":{"center":[0,200,0],"size":[235.247,235.247,147.751]},"pointables":[{"bases":[[[0.245145,0.751982,0.611905],[-0.847717,-0.139983,0.511646],[0.470405,-0.644149,0.603151]],[[0.0998032,0.905234,0.413025],[-0.880233,-0.113217,0.460838],[0.463928,-0.409552,0.785518]],[[0.0998032,0.905234,0.413025],[-0.982562,0.155109,-0.102529],[-0.156877,-0.39559,0.90493]],[[0.0998032,0.905234,0.413025],[-0.99152,0.125201,-0.0348151],[-0.0832271,-0.406048,0.910054]]],"btipPosition":[1.91432,229.507,-57.0013],"carpPosition":[17.4624,186.93,32.5569],"dipPosition":[0.0049964,220.191,-36.1237],"direction":[0.156877,0.39559,-0.90493],"extended":false,"handId":465,"id":4650,"length":51.0864,"mcpPosition":[17.4624,186.93,32.5569],"pipPosition":[-5.2381,206.97,-5.87936],"stabilizedTipPosition":[2.06844,226.933,-52.1518],"timeVisible":15.519,"tipPosition":[1.85913,227.798,-51.6546],"tipVelocity":[-54.8351,35.2654,-1.99697],"tool":false,"touchDistance":-0.0736763,"touchZone":"touching","type":0,"width":19.8498},{"bases":[[[0.964647,0.263413,-0.00835395],[-0.189161,0.714103,0.673999],[0.183505,-0.648591,0.738685]],[[0.913287,0.380099,-0.146398],[-0.280876,0.847993,0.449463],[0.294984,-0.369369,0.881221]],[[0.913287,0.380099,-0.146398],[-0.345344,0.913164,0.216493],[0.215974,-0.147162,0.965245]],[[0.913287,0.380099,-0.146398],[-0.378859,0.9247,0.0373683],[0.149577,0.021336,0.98852]]],"btipPosition":[-11.5513,273.333,-88.1367],"carpPosition":[21.7272,207.874,41.6701],"dipPosition":[-9.0462,273.69,-71.5811],"direction":[-0.215974,0.147162,-0.965245],"extended":true,"handId":465,"id":4651,"length":57.6453,"mcpPosition":[8.49358,254.648,-11.6006],"pipPosition":[-3.9292,270.203,-48.7118],"stabilizedTipPosition":[-10.0837,272.932,-84.3363],"timeVisible":15.519,"tipPosition":[-11.428,274.337,-83.9482],"tipVelocity":[-49.7346,26.6381,-0.0591174],"tool":false,"touchDistance":-0.0467346,"touchZone":"touching","type":1,"width":18.9605},{"bases":[[[0.998589,0.0477412,-0.0232553],[-0.0192776,0.733943,0.678938],[0.0494813,-0.677531,0.733828]],[[0.998486,0.0491266,-0.0247559],[-0.0547762,0.846272,-0.529927],[-0.0050833,0.530481,0.847682]],[[0.998486,0.0491266,-0.0247559],[-0.00707458,-0.331605,-0.943392],[-0.0545548,0.942138,-0.330755]],[[0.998486,0.0491266,-0.0247559],[0.0260177,-0.818216,-0.574322],[-0.0484701,0.572808,-0.818255]]],"btipPosition":[32.0933,197.044,-23.6761],"carpPosition":[32.8236,212.586,42.2685],"dipPosition":[31.2004,207.596,-38.7489],"direction":[0.0545548,-0.942138,0.330755],"extended":false,"handId":465,"id":4652,"length":65.6822,"mcpPosition":[29.4396,258.922,-7.91739],"pipPosition":[29.6798,233.857,-47.9685],"stabilizedTipPosition":[36.9005,196.407,-28.3411],"timeVisible":15.519,"tipPosition":[31.8403,199.954,-27.1447],"tipVelocity":[-46.0384,37.3955,-3.8197],"tool":false,"touchDistance":0.333333,"touchZone":"none","type":2,"width":18.6218},{"bases":[[[0.993579,-0.107948,0.0338724],[0.0537035,0.713506,0.698588],[-0.0995793,-0.692284,0.714722]],[[0.996208,-0.0862387,0.0114975],[0.0759156,0.797089,-0.59907],[0.0424986,0.597672,0.800614]],[[0.996208,-0.0862387,0.0114975],[-0.0246593,-0.406616,-0.913266],[0.083434,0.90952,-0.4072]],[[0.996208,-0.0862387,0.0114975],[-0.0664721,-0.83972,-0.538935],[0.0561318,0.536128,-0.842269]]],"btipPosition":[45.6925,196.165,-10.4674],"carpPosition":[44.7331,214.35,41.9989],"dipPosition":[46.7205,205.984,-25.8933],"direction":[-0.083434,-0.90952,0.4072],"extended":false,"handId":465,"id":4653,"length":63.1552,"mcpPosition":[50.8474,256.858,-1.88651],"pipPosition":[48.9861,230.682,-36.9507],"stabilizedTipPosition":[50.9912,195.251,-15.243],"timeVisible":15.519,"tipPosition":[45.9779,198.857,-14.1974],"tipVelocity":[-44.0492,38.4449,-6.14765],"tool":false,"touchDistance":0.333333,"touchZone":"none","type":3,"width":17.7198},{"bases":[[[0.952753,-0.303745,0.000470294],[0.198578,0.624047,0.755733],[-0.229843,-0.719934,0.654879]],[[0.971761,-0.225648,-0.069013],[0.156143,0.834197,-0.5289],[0.176915,0.503188,0.845874]],[[0.971761,-0.225648,-0.069013],[-0.142174,-0.326485,-0.934449],[0.188324,0.917873,-0.349347]],[[0.971761,-0.225648,-0.069013],[-0.222976,-0.782418,-0.581466],[0.0772095,0.580435,-0.810638]]],"btipPosition":[59.5107,205.728,-7.26817],"carpPosition":[57.4937,209.654,38.8786],"dipPosition":[60.8152,215.536,-20.9648],"direction":[-0.188324,-0.917873,0.349347],"extended":false,"handId":465,"id":4654,"length":49.5125,"mcpPosition":[70.5578,250.574,1.65572],"pipPosition":[64.4258,233.133,-27.6626],"stabilizedTipPosition":[64.6217,205.19,-11.3642],"timeVisible":15.519,"tipPosition":[59.8525,208.288,-10.5618],"tipVelocity":[-45.4257,35.7091,-2.9405],"tool":false,"touchDistance":0.333333,"touchZone":"none","type":4,"width":15.7401}],"r":[[0.962856,-0.0973991,0.251836],[-0.0580696,0.836156,0.54541],[-0.263696,-0.539775,0.799442]],"s":1.05165,"t":[111.984,-24.8357,-114.584],"timestamp":93300009730},false],[3,{"currentFrameRate":55.4371,"devices":[],"gestures":[],"hands":[{"armBasis":[[0.980979,0.176081,-0.0817036],[-0.153699,0.961665,0.227107],[0.118561,-0.210229,0.970437]],"armWidth":62.4607,"confidence":0.707584,"direction":[-0.0469251,0.781415,-0.622245],"elbow":[73.926,144.64,298.296],"grabStrength":0,"id":465,"palmNormal":[0.15855,-0.609208,-0.776999],"palmPosition":[33.3656,238.054,4.51672],"palmVelocity":[-41.9611,34.34,0.564866],"palmWidth":89.1918,"pinchStrength":0.377729,"r":[[0.963687,-0.0979964,0.248405],[-0.0558439,0.835704,0.546334],[-0.261131,-0.540367,0.799884]],"s":1.05166,"sphereCenter":[23.192,224.147,-39.5275],"sphereRadius":45.7823,"stabilizedPalmPosition":[34.8675,236.859,4.39153],"t":[111.226,-24.2151,-114.573],"timeVisible":15.5371,"type":"right","wrist":[42.5473,200.281,41.4563]}],"id":1673900,"interactionBox":{"center":[0,200,0],"size":[235.247,235.247,147.751]},"pointables":[{"bases":[[[0.24589,0.751743,0.6119],[-0.846309,-0.141254,0.513623],[0.472546,-0.644151,0.601473]],[[0.0996935,0.905166,0.413202],[-0.879102,-0.114397,0.462702],[0.466091,-0.409375,0.784329]],[[0.0996935,0.905166,0.413202],[-0.983032,0.153861,-0.0998735],[-0.153978,-0.396234,0.905146]],[[0.0996935,0.905166,0.413202],[-0.99186,0.123465,-0.0311583],[-0.0792196,-0.406732,0.910106]]],"btipPosition":[0.980434,230.039,-56.8539],"carpPosition":[16.8232,187.434,32.6545],"dipPosition":[-0.836949,220.708,-35.9751],"direction":[0.153978,0.396234,-0.905146],"extended":false,"handId":465,"id":4650,"length":51.0864,"mcpPosition":[16.8232,187.434,32.6545],"pipPosition":[-5.98316,207.465,-5.72353],"stabilizedTipPosition":[1.14277,227.523,-52.0903],"timeVisible":15.5371,"tipPosition":[0.94484,228.324,-51.5151],"tipVelocity":[-52.7908,32.4193,2.83451],"tool":false,"touchDistance":-0.071215,"touchZone":"touching","type":0,"width":19.8498},{"bases":[[[0.964355,0.264401,-0.0105227],[-0.188222,0.713373,0.675035],[0.185986,-0.648993,0.737711]],[[0.912763,0.380776,-0.147893],[-0.281013,0.848087,0.449199],[0.29647,-0.368453,0.881106]],[[0.912763,0.380776,-0.147893],[-0.345957,0.913103,0.215769],[0.217201,-0.145781,0.96518]],[[0.912763,0.380776,-0.147893],[-0.379722,0.924383,0.0364209],[0.150578,0.0229146,0.988333]]],"btipPosition":[-12.4767,273.765,-87.9531],"carpPosition":[21.0892,208.375,41.7739],"dipPosition":[-9.95479,274.149,-71.4006],"direction":[-0.217201,0.145781,-0.96518],"extended":true,"handId":465,"id":4651,"length":57.6453,"mcpPosition":[7.67665,255.178,-11.4265],"pipPosition":[-4.80871,270.695,-48.5328],"stabilizedTipPosition":[-11.0482,273.422,-84.2351],"timeVisible":15.5371,"tipPosition":[-12.3574,274.766,-83.7653],"tipVelocity":[-50.3431,25.508,4.77878],"tool":false,"touchDistance":-0.0436859,"touchZone":"touching","type":1,"width":18.9605},{"bases":[[[0.99848,0.048776,-0.0256804],[-0.0183477,0.733381,0.67957],[0.0519802,-0.678066,0.733161]],[[0.998362,0.0502803,-0.0273069],[-0.057108,0.84622,-0.529764],[-0.00352904,0.530456,0.847705]],[[0.998362,0.0502803,-0.0273069],[-0.00913406,-0.331076,-0.94356],[-0.0564831,0.942263,-0.330075]],[[0.998362,0.0502803,-0.0273069],[0.0254395,-0.817558,-0.575284],[-0.0512504,0.573646,-0.817498]]],"btipPosition":[31.3126,197.575,-23.5843],"carpPosition":[32.1822,213.097,42.3487],"dipPosition":[30.3685,208.142,-38.6431],"direction":[0.0564831,-0.942263,0.330075],"extended":false,"handId":465,"id":4652,"length":65.6822,"mcpPosition":[28.6273,259.47,-7.79154],"pipPosition":[28.7941,234.407,-47.8438],"stabilizedTipPosition":[36.14,196.879,-28.1717],"timeVisible":15.5371,"tipPosition":[31.046,200.487,-27.0579],"tipVelocity":[-45.0107,33.6763,0.493237],"tool":false,"touchDistance":0.333333,"touchZone":"none","type":2,"width":18.6218},{"bases":[[[0.993769,-0.106964,0.0313349],[0.0547024,0.713003,0.699024],[-0.097112,-0.692954,0.714411]],[[0.996315,-0.0852976,0.00903638],[0.0735707,0.795639,-0.601287],[0.0440986,0.599736,0.798982]],[[0.996315,-0.0852976,0.00903638],[-0.0267088,-0.408621,-0.912313],[0.0815106,0.90871,-0.409393]],[[0.996315,-0.0852976,0.00903638],[-0.0670554,-0.840238,-0.538055],[0.0534876,0.535466,-0.842861]]],"btipPosition":[44.9277,196.674,-10.2542],"carpPosition":[44.0892,214.874,42.0511],"dipPosition":[45.9073,206.481,-25.691],"direction":[-0.0815106,-0.90871,0.409393],"extended":false,"handId":465,"id":4653,"length":63.1552,"mcpPosition":[50.0521,257.423,-1.81515],"pipPosition":[48.1207,231.157,-36.8078],"stabilizedTipPosition":[50.2898,195.693,-15.0702],"timeVisible":15.5371,"tipPosition":[45.2021,199.363,-14.041],"tipVelocity":[-43.53,33.4943,2.313],"tool":false,"touchDistance":0.333333,"touchZone":"none","type":3,"width":17.7198},{"bases":[[[0.95306,-0.302775,-0.00212309],[0.199808,0.623645,0.75574],[-0.227495,-0.72069,0.654868]],[[0.971809,-0.224653,-0.0715473],[0.153889,0.834299,-0.529398],[0.178623,0.503464,0.845351]],[[0.971809,-0.224653,-0.0715473],[-0.144261,-0.326556,-0.934104],[0.186485,0.918092,-0.349759]],[[0.971809,-0.224653,-0.0715473],[-0.223654,-0.78236,-0.581285],[0.0746117,0.5809,-0.810548]]],"btipPosition":[58.7504,206.289,-7.22597],"carpPosition":[56.8468,210.193,38.8956],"dipPosition":[60.011,216.104,-20.9211],"direction":[-0.186485,-0.918092,0.349759],"extended":false,"handId":465,"id":4654,"length":49.5125,"mcpPosition":[69.7775,251.156,1.67342],"pipPosition":[63.5864,233.706,-27.6268],"stabilizedTipPosition":[63.9424,205.598,-11.2439],"timeVisible":15.5371,"tipPosition":[59.0817,208.85,-10.5276],"tipVelocity":[-44.1083,33.5442,-0.425157],"tool":false,"touchDistance":0.333333,"touchZone":"none","type":4,"width":15.7401}],"r":[[0.963687,-0.0979964,0.248405],[-0.0558439,0.835704,0.546334],[-0.261131,-0.540367,0.799884]],"s":1.05166,"t":[111.226,-24.2151,-114.573],"timestamp":93300027793},false],[4,{"currentFrameRate":55.415,"devices":[],"gestures":[],"hands":[{"armBasis":[[0.980682,0.176149,-0.0850582],[-0.152708,0.96117,0.229854],[0.122244,-0.212424,0.969501]],"armWidth":62.4607,"confidence":0.720223,"direction":[-0.0480091,0.781122,-0.62253],"elbow":[74.23,145.014,297.817],"grabStrength":0,"id":465,"palmNormal":[0.156221,-0.609707,-0.777079],"palmPosition":[32.6251,238.995,4.28918],"palmVelocity":[-41.4358,42.7265,-5.6812],"palmWidth":89.1918,"pinchStrength":0.377621,"r":[[0.964453,-0.0985652,0.245183],[-0.0536835,0.835404,0.547008],[-0.258743,-0.540726,0.800417]],"s":1.05165,"sphereCenter":[22.4159,225.062,-39.7283],"sphereRadius":45.7698,"stabilizedPalmPosition":[34.0174,237.669,4.35273],"t":[110.477,-23.4341,-114.682],"timeVisible":15.5552,"type":"right","wrist":[41.8765,201.236,41.2252]}],"id":1673901,"interactionBox":{"center":[0,200,0],"size":[235.247,235.247,147.751]},"pointables":[{"bases":[[[0.24789,0.751907,0.61089],[-0.845101,-0.140467,0.515822],[0.47366,-0.644131,0.600617]],[[0.101036,0.90551,0.41212],[-0.878057,-0.113603,0.464876],[0.467768,-0.408834,0.783612]],[[0.101036,0.90551,0.41212],[-0.983203,0.154169,-0.0976949],[-0.152,-0.395327,0.905877]],[[0.101036,0.90551,0.41212],[-0.991962,0.123406,-0.0279566],[-0.0761732,-0.405983,0.910701]]],"btipPosition":[0.0616244,230.931,-57.0167],"carpPosition":[16.1224,188.4,32.4947],"dipPosition":[-1.68587,221.618,-36.1243],"direction":[0.152,0.395327,-0.905877],"extended":false,"handId":465,"id":4650,"length":51.0864,"mcpPosition":[16.1224,188.4,32.4947],"pipPosition":[-6.76597,208.405,-5.84826],"stabilizedTipPosition":[0.237452,228.296,-52.1643],"timeVisible":15.5552,"tipPosition":[0.0376673,229.221,-51.684],"tipVelocity":[-51.3738,40.5306,-2.70905],"tool":false,"touchDistance":-0.0738761,"touchZone":"touching","type":0,"width":19.8498},{"bases":[[[0.964488,0.263801,-0.0130844],[-0.186085,0.713837,0.675136],[0.187442,-0.648726,0.737577]],[[0.912777,0.379888,-0.150078],[-0.279583,0.848944,0.448473],[0.297778,-0.367397,0.881106]],[[0.912777,0.379888,-0.150078],[-0.344904,0.913673,0.215039],[0.218814,-0.14452,0.965005]],[[0.912777,0.379888,-0.150078],[-0.378972,0.924716,0.0357879],[0.152375,0.0242092,0.988026]]],"btipPosition":[-13.3699,274.618,-88.1156],"carpPosition":[20.4242,209.344,41.5925],"dipPosition":[-10.8179,275.023,-71.5682],"direction":[-0.218814,0.14452,-0.965005],"extended":true,"handId":465,"id":4651,"length":57.6453,"mcpPosition":[6.90676,256.127,-11.5983],"pipPosition":[-5.63365,271.599,-48.7046],"stabilizedTipPosition":[-11.988,274.12,-84.2755],"timeVisible":15.5552,"tipPosition":[-13.2427,275.608,-83.9329],"tipVelocity":[-49.6602,35.9065,-1.79618],"tool":false,"touchDistance":-0.046414,"touchZone":"touching","type":1,"width":18.9605},{"bases":[[[0.998442,0.0481474,-0.028216],[-0.0161878,0.733743,0.679234],[0.0534067,-0.677719,0.733379]],[[0.998315,0.0497212,-0.0299191],[-0.0580193,0.845907,-0.530165],[-0.00105171,0.531008,0.847366]],[[0.998315,0.0497212,-0.0299191],[-0.0117678,-0.33141,-0.943414],[-0.0568231,0.942176,-0.330266]],[[0.998315,0.0497212,-0.0299191],[0.0234858,-0.817675,-0.575201],[-0.0530637,0.573529,-0.817465]]],"btipPosition":[30.4802,198.492,-23.7902],"carpPosition":[31.5216,214.059,42.137],"dipPosition":[29.5027,209.056,-38.8484],"direction":[0.0568231,-0.942176,0.330266],"extended":false,"handId":465,"id":4652,"length":65.6822,"mcpPosition":[27.8691,260.408,-8.01822],"pipPosition":[27.9188,235.319,-48.0544],"stabilizedTipPosition":[35.35,197.421,-28.0484],"timeVisible":15.5552,"tipPosition":[30.2058,201.4,-27.2621],"tipVelocity":[-45.6505,41.7108,-5.14758],"tool":false,"touchDistance":0.333333,"touchZone":"none","type":2,"width":18.6218},{"bases":[[[0.993779,-0.10756,0.0288916],[0.0568984,0.71333,0.698515],[-0.0957414,-0.692525,0.715012]],[[0.996272,-0.0860063,0.00667772],[0.0726421,0.794673,-0.602676],[0.0465273,0.600914,0.797958]],[[0.996272,-0.0860063,0.00667772],[-0.0292833,-0.40999,-0.91162],[0.0811428,0.908026,-0.41098]],[[0.996272,-0.0860063,0.00667772],[-0.0689877,-0.84082,-0.536901],[0.0517916,0.534438,-0.843619]]],"btipPosition":[44.1179,197.588,-10.4319],"carpPosition":[43.4289,215.829,41.8085],"dipPosition":[45.0665,207.376,-25.8825],"direction":[-0.0811428,-0.908026,0.41098],"extended":false,"handId":465,"id":4653,"length":63.1552,"mcpPosition":[49.3076,258.351,-2.09466],"pipPosition":[47.2698,232.033,-37.0425],"stabilizedTipPosition":[49.5527,196.206,-14.9359],"timeVisible":15.5552,"tipPosition":[44.3854,200.263,-14.2351],"tipVelocity":[-44.2681,41.4395,-3.53935],"tool":false,"touchDistance":0.333333,"touchZone":"none","type":3,"width":17.7198},{"bases":[[[0.952865,-0.303364,-0.00436245],[0.202091,0.623912,0.754912],[-0.226291,-0.720211,0.655811]],[[0.971485,-0.2253,-0.0738641],[0.153055,0.833844,-0.530357],[0.181081,0.503928,0.844551]],[[0.971485,-0.2253,-0.0738641],[-0.146825,-0.327047,-0.933532],[0.186168,0.917758,-0.350801]],[[0.971485,-0.2253,-0.0738641],[-0.225601,-0.782532,-0.580301],[0.0729409,0.580417,-0.811046]]],"btipPosition":[57.9599,207.205,-7.49571],"carpPosition":[56.1757,211.138,38.6234],"dipPosition":[59.1923,217.012,-21.1993],"direction":[-0.186168,-0.917758,0.350801],"extended":false,"handId":465,"id":4654,"length":49.5125,"mcpPosition":[69.0379,252.074,1.34756],"pipPosition":[62.7615,234.608,-27.9249],"stabilizedTipPosition":[63.2382,206.075,-11.1703],"timeVisible":15.5552,"tipPosition":[58.2843,209.762,-10.7997],"tipVelocity":[-44.0473,41.5909,-7.35954],"tool":false,"touchDistance":0.333333,"touchZone":"none","type":4,"width":15.7401}],"r":[[0.964453,-0.0985652,0.245183],[-0.0536835,0.835404,0.547008],[-0.258743,-0.540726,0.800417]],"s":1.05165,"t":[110.477,-23.4341,-114.682],"timestamp":93300045915},false],[5,{"currentFrameRate":55.4149,"devices":[],"gestures":[],"hands":[{"armBasis":[[0.980486,0.177181,-0.0851735],[-0.153225,0.960193,0.233561],[0.123166,-0.215953,0.968604]],"armWidth":62.4607,"confidence":0.728981,"direction":[-0.0483821,0.783314,-0.61974],"elbow":[73.6531,144.93,297.352],"grabStrength":0,"id":465,"palmNormal":[0.156565,-0.60685,-0.779244],"palmPosition":[31.7864,239.971,4.19618],"palmVelocity":[-43.8281,48.1112,-5.43092],"palmWidth":89.1918,"pinchStrength":0.376535,"r":[[0.965067,-0.0990954,0.242541],[-0.0520423,0.834767,0.548138],[-0.256783,-0.541612,0.800449]],"s":1.05179,"sphereCenter":[21.602,226.196,-39.8623],"sphereRadius":45.7676,"stabilizedPalmPosition":[33.1343,238.58,4.29076],"t":[109.683,-22.5556,-114.783],"timeVisible":15.5732,"type":"right","wrist":[41.0555,202.084,40.9976]}],"id":1673902,"interactionBox":{"center":[0,200,0],"size":[235.247,235.247,147.751]},"pointables":[{"bases":[[[0.247481,0.749848,0.61358],[-0.845051,-0.142739,0.515281],[0.473964,-0.646029,0.598335]],[[0.100058,0.904467,0.414641],[-0.878294,-0.115531,0.463953],[0.467534,-0.410599,0.782828]],[[0.100058,0.904467,0.414641],[-0.983333,0.153473,-0.0974823],[-0.151806,-0.397977,0.904748]],[[0.100058,0.904467,0.414641],[-0.992336,0.121085,-0.0246627],[-0.0725136,-0.408996,0.909651]]],"btipPosition":[-0.831426,232.042,-57.191],"carpPosition":[15.3084,189.267,32.2202],"dipPosition":[-2.49496,222.66,-36.3227],"direction":[0.151806,0.397977,-0.904748],"extended":false,"handId":465,"id":4650,"length":51.0864,"mcpPosition":[15.3084,189.267,32.2202],"pipPosition":[-7.56858,209.359,-6.08439],"stabilizedTipPosition":[-0.643718,229.26,-52.3021],"timeVisible":15.5732,"tipPosition":[-0.835956,230.321,-51.8648],"tipVelocity":[-49.9706,50.098,-6.15393],"tool":false,"touchDistance":-0.0768738,"touchZone":"touching","type":0,"width":19.8498},{"bases":[[[0.964354,0.264338,-0.0121011],[-0.186478,0.711328,0.677672],[0.187742,-0.651259,0.735265]],[[0.91268,0.380739,-0.148502],[-0.280073,0.847348,0.451177],[0.297614,-0.370189,0.879992]],[[0.91268,0.380739,-0.148502],[-0.345295,0.912794,0.218124],[0.2186,-0.147801,0.964556]],[[0.91268,0.380739,-0.148502],[-0.379293,0.924451,0.0390653],[0.152157,0.0206718,0.98814]]],"btipPosition":[-14.2011,275.892,-88.0928],"carpPosition":[19.5991,210.18,41.3929],"dipPosition":[-11.6528,276.238,-71.5435],"direction":[-0.2186,0.147801,-0.964556],"extended":true,"handId":465,"id":4651,"length":57.6453,"mcpPosition":[6.05996,257.146,-11.6312],"pipPosition":[-6.47354,272.736,-48.6906],"stabilizedTipPosition":[-12.89,275.147,-84.2816],"timeVisible":15.5732,"tipPosition":[-14.0727,276.849,-83.9115],"tipVelocity":[-47.973,52.0086,-0.333184],"tool":false,"touchDistance":-0.0460272,"touchZone":"touching","type":1,"width":18.9605},{"bases":[[[0.998418,0.0487573,-0.0280009],[-0.0165904,0.731306,0.681848],[0.0537223,-0.680305,0.730958]],[[0.998284,0.0504174,-0.0297846],[-0.058542,0.847411,-0.527701],[-0.0013655,0.528539,0.848908]],[[0.998284,0.0504174,-0.0297846],[-0.0116017,-0.328264,-0.944515],[-0.0573972,0.94324,-0.327115]],[[0.998284,0.0504174,-0.0297846],[0.0239319,-0.815487,-0.578281],[-0.0534443,0.576576,-0.815294]]],"btipPosition":[29.6689,199.54,-24.0076],"carpPosition":[30.694,214.9,41.9547],"dipPosition":[28.6844,210.16,-39.0258],"direction":[0.0573972,-0.94324,0.327115],"extended":false,"handId":465,"id":4652,"length":65.6822,"mcpPosition":[27.02,261.425,-8.03493],"pipPosition":[27.0845,236.453,-48.144],"stabilizedTipPosition":[34.5398,198.047,-27.968],"timeVisible":15.5732,"tipPosition":[29.392,202.459,-27.4764],"tipVelocity":[-45.3637,49.8176,-8.17978],"tool":false,"touchDistance":0.333333,"touchZone":"none","type":2,"width":18.6218},{"bases":[[[0.993832,-0.107155,0.0285504],[0.0565054,0.710861,0.701059],[-0.0954174,-0.695122,0.712532]],[[0.996304,-0.0856448,0.00653999],[0.0723721,0.796015,-0.600934],[0.0462609,0.599187,0.799272]],[[0.996304,-0.0856448,0.00653999],[-0.029108,-0.408285,-0.91239],[0.0808116,0.908828,-0.409269]],[[0.996304,-0.0856448,0.00653999],[-0.0686409,-0.839641,-0.538787],[0.0516355,0.536347,-0.842417]]],"btipPosition":[43.2931,198.614,-10.581],"carpPosition":[42.6004,216.676,41.6331],"dipPosition":[44.2388,208.437,-26.0097],"direction":[-0.0808116,-0.908828,0.409269],"extended":false,"handId":465,"id":4653,"length":63.1552,"mcpPosition":[48.4593,259.358,-2.11781],"pipPosition":[46.4332,233.116,-37.1232],"stabilizedTipPosition":[48.7811,196.802,-14.8329],"timeVisible":15.5732,"tipPosition":[43.5605,201.285,-14.401],"tipVelocity":[-44.9679,48.9644,-5.64982],"tool":false,"touchDistance":0.333333,"touchZone":"none","type":3,"width":17.7198},{"bases":[[[0.95302,-0.30286,-0.00540408],[0.201741,0.621317,0.757143],[-0.225951,-0.722663,0.653227]],[[0.971604,-0.224536,-0.0746288],[0.152637,0.835783,-0.527416],[0.180798,0.501049,0.846323]],[[0.971604,-0.224536,-0.0746288],[-0.146627,-0.323815,-0.934689],[0.185706,0.91909,-0.347543]],[[0.971604,-0.224536,-0.0746288],[-0.225176,-0.78057,-0.5831],[0.072674,0.583347,-0.808965]]],"btipPosition":[57.1378,208.235,-7.69948],"carpPosition":[55.3497,212.003,38.4317],"dipPosition":[58.3657,218.091,-21.3679],"direction":[-0.185706,-0.91909,0.347543],"extended":false,"handId":465,"id":4654,"length":49.5125,"mcpPosition":[68.1926,253.079,1.30282],"pipPosition":[61.9261,235.712,-28.0311],"stabilizedTipPosition":[62.5039,206.634,-11.129],"timeVisible":15.5732,"tipPosition":[57.4608,210.802,-10.9939],"tipVelocity":[-44.7899,49.228,-9.01308],"tool":false,"touchDistance":0.333333,"touchZone":"none","type":4,"width":15.7401}],"r":[[0.965067,-0.0990954,0.242541],[-0.0520423,0.834767,0.548138],[-0.256783,-0.541612,0.800449]],"s":1.05179,"t":[109.683,-22.5556,-114.783],"timestamp":93300063961},false],[6,{"currentFrameRate":55.3889,"devices":[],"gestures":[],"hands":[{"armBasis":[[0.980575,0.177048,-0.0844171],[-0.152996,0.959721,0.235642],[0.122737,-0.21815,0.968167]],"armWidth":62.4607,"confidence":0.739779,"direction":[-0.0498563,0.783824,-0.618979],"elbow":[72.9661,144.887,297.196],"grabStrength":0,"id":465,"palmNormal":[0.155055,-0.606161,-0.780081],"palmPosition":[31.1273,240.539,4.20743],"palmVelocity":[-40.2531,40.1035,-2.54769],"palmWidth":89.1918,"pinchStrength":0.375752,"r":[[0.965658,-0.0995158,0.240003],[-0.0505324,0.834162,0.5492],[-0.254855,-0.542467,0.800486]],"s":1.05209,"sphereCenter":[20.8597,226.804,-39.8259],"sphereRadius":45.7709,"stabilizedPalmPosition":[32.3233,239.372,4.25708],"t":[108.957,-21.8324,-114.828],"timeVisible":15.5914,"type":"right","wrist":[40.4821,202.624,40.9574]}],"id":1673903,"interactionBox":{"center":[0,200,0],"size":[235.247,235.247,147.751]},"pointables":[{"bases":[[[0.24861,0.749387,0.613688],[-0.843933,-0.143356,0.516939],[0.475363,-0.646428,0.596792]],[[0.100524,0.904302,0.414889],[-0.877381,-0.116059,0.465547],[0.469146,-0.410814,0.78175]],[[0.100524,0.904302,0.414889],[-0.983539,0.153252,-0.0957294],[-0.150151,-0.398436,0.904822]],[[0.100524,0.904302,0.414889],[-0.992545,0.120034,-0.0211441],[-0.0689213,-0.40967,0.909626]]],"btipPosition":[-1.63708,232.625,-57.137],"carpPosition":[14.7193,189.808,32.2235],"dipPosition":[-3.21821,223.226,-36.2691],"direction":[0.150151,0.398436,-0.904822],"extended":false,"handId":465,"id":4650,"length":51.0864,"mcpPosition":[14.7193,189.808,32.2235],"pipPosition":[-8.23652,209.91,-6.02839],"stabilizedTipPosition":[-1.45714,229.981,-52.3232],"timeVisible":15.5914,"tipPosition":[-1.62817,230.899,-51.8186],"tipVelocity":[-46.8202,41.4235,-1.8048],"tool":false,"touchDistance":-0.0759745,"touchZone":"touching","type":0,"width":19.8498},{"bases":[[[0.964269,0.264559,-0.0139093],[-0.185204,0.710718,0.67866],[0.189431,-0.651835,0.734321]],[[0.9124,0.380873,-0.149872],[-0.279386,0.847141,0.451992],[0.299114,-0.370525,0.879342]],[[0.9124,0.380873,-0.149872],[-0.344944,0.912638,0.219332],[0.220317,-0.148421,0.96407]],[[0.9124,0.380873,-0.149872],[-0.379225,0.924415,0.040561],[0.153993,0.0198276,0.987873]]],"btipPosition":[-15.0318,276.51,-87.9696],"carpPosition":[19.0248,210.714,41.4047],"dipPosition":[-12.4527,276.842,-71.4247],"direction":[-0.220317,0.148421,-0.96407],"extended":true,"handId":465,"id":4651,"length":57.6453,"mcpPosition":[5.3639,257.722,-11.5513],"pipPosition":[-7.2328,273.326,-48.5833],"stabilizedTipPosition":[-13.755,275.951,-84.2161],"timeVisible":15.5914,"tipPosition":[-14.8946,277.446,-83.792],"tipVelocity":[-46.7434,43.3887,3.03564],"tool":false,"touchDistance":-0.0439898,"touchZone":"touching","type":1,"width":18.9605},{"bases":[[[0.998346,0.0489986,-0.0300619],[-0.0153129,0.730729,0.682496],[0.0554084,-0.680907,0.730271]],[[0.9982,0.0507583,-0.0319493],[-0.0599756,0.847457,-0.527466],[0.000302354,0.528433,0.848975]],[[0.9982,0.0507583,-0.0319493],[-0.013566,-0.327812,-0.944646],[-0.058422,0.943378,-0.326533]],[[0.9982,0.0507583,-0.0319493],[0.0229065,-0.814959,-0.579065],[-0.0554297,0.577291,-0.814655]]],"btipPosition":[28.9658,200.105,-23.9994],"carpPosition":[30.1199,215.436,41.9471],"dipPosition":[27.9447,210.739,-39.0059],"direction":[0.058422,-0.943378,0.326533],"extended":false,"handId":465,"id":4652,"length":65.6822,"mcpPosition":[26.3306,262.002,-7.99558],"pipPosition":[26.3163,237.035,-48.1078],"stabilizedTipPosition":[33.7363,198.67,-27.8965],"timeVisible":15.5914,"tipPosition":[28.6795,203.024,-27.4749],"tipVelocity":[-42.4346,41.0029,-3.99618],"tool":false,"touchDistance":0.333333,"touchZone":"none","type":2,"width":18.6218},{"bases":[[[0.993913,-0.106962,0.0263679],[0.0578277,0.710284,0.701536],[-0.0937666,-0.695741,0.712147]],[[0.996296,-0.0858576,0.0048035],[0.0713488,0.794172,-0.60349],[0.0479994,0.601598,0.797356]],[[0.996296,-0.0858576,0.0048035],[-0.0310733,-0.411536,-0.910864],[0.0801814,0.90734,-0.41268]],[[0.996296,-0.0858576,0.0048035],[-0.0698827,-0.840943,-0.536592],[0.05011,0.534269,-0.843828]]],"btipPosition":[42.5854,199.164,-10.3862],"carpPosition":[42.0252,217.215,41.6019],"dipPosition":[43.5032,208.949,-25.8407],"direction":[-0.0801814,-0.90734,0.41268],"extended":false,"handId":465,"id":4653,"length":63.1552,"mcpPosition":[47.7826,259.935,-2.12536],"pipPosition":[45.6804,233.587,-37.0468],"stabilizedTipPosition":[48.007,197.399,-14.7175],"timeVisible":15.5914,"tipPosition":[42.8512,201.817,-14.2813],"tipVelocity":[-42.295,39.8422,2.00198],"tool":false,"touchDistance":0.333333,"touchZone":"none","type":3,"width":17.7198},{"bases":[[[0.953072,-0.302647,-0.00766503],[0.203201,0.620725,0.757238],[-0.224418,-0.72326,0.653094]],[[0.97149,-0.224279,-0.076848],[0.151337,0.836171,-0.527177],[0.182493,0.500517,0.846274]],[[0.97149,-0.224279,-0.076848],[-0.148553,-0.323244,-0.934583],[0.184766,0.919354,-0.347345]],[[0.97149,-0.224279,-0.076848],[-0.22625,-0.780214,-0.58316],[0.0708326,0.583922,-0.808714]]],"btipPosition":[56.4601,208.817,-7.76018],"carpPosition":[54.7687,212.548,38.3698],"dipPosition":[57.6569,218.683,-21.4243],"direction":[-0.184766,-0.919354,0.347345],"extended":false,"handId":465,"id":4654,"length":49.5125,"mcpPosition":[67.5245,253.657,1.24845],"pipPosition":[61.1992,236.309,-28.0837],"stabilizedTipPosition":[61.7719,207.199,-11.1003],"timeVisible":15.5914,"tipPosition":[56.7753,211.383,-11.0546],"tipVelocity":[-41.4341,41.1151,-6.28709],"tool":false,"t