{"sensorType":"Leap","data":[[0,{"currentFrameRate":46.5967,"devices":[],"gestures":[],"hands":[{"armBasis":[[0.903145,0.42326,-0.0719788],[-0.398904,0.889245,0.223871],[0.158763,-0.173475,0.971957]],"armWidth":62.4607,"confidence":0.815423,"direction":[-0.12468,0.664807,-0.736537],"elbow":[86.1533,173.787,313.85],"grabStrength":0,"id":465,"palmNormal":[0.386105,-0.651308,-0.653238],"palmPosition":[32.3405,249.398,13.5435],"palmVelocity":[-13.4651,26.3767,-1.63486],"palmWidth":89.1918,"pinchStrength":0.499827,"r":[[0.92921,0.147917,0.338659],[-0.28563,0.868938,0.404181],[-0.234488,-0.4723,0.849675]],"s":1.03175,"sphereCenter":[27.7668,228.284,-29.0119],"sphereRadius":47.2305,"stabilizedPalmPosition":[34.8808,244.445,7.5419],"t":[109.918,-13.1402,-105.518],"timeVisible":22.8944,"type":"right","wrist":[44.1346,219.699,56.6079]}],"id":1674303,"interactionBox":{"center":[0,200,0],"size":[235.247,235.247,147.751]},"pointables":[{"bases":[[[-0.00188474,0.859481,0.511165],[-0.859587,-0.262591,0.438356],[0.510986,-0.438564,0.739294]],[[-0.0902684,0.9224,0.375541],[-0.86048,-0.262087,0.436902],[0.501423,-0.283707,0.817365]],[[-0.0902684,0.9224,0.375541],[-0.972916,-0.00110115,-0.231155],[-0.212803,-0.386236,0.897517]],[[-0.0902684,0.9224,0.375541],[-0.697157,0.210759,-0.68524],[-0.711213,-0.323666,0.624032]]],"btipPosition":[21.9923,234.567,-37.0479],"carpPosition":[23.0992,200.351,47.2592],"dipPosition":[5.6763,227.142,-22.732],"direction":[0.212803,0.386236,-0.897517],"extended":false,"handId":465,"id":4650,"length":51.0864,"mcpPosition":[23.0992,200.351,47.2592],"pipPosition":[-1.43597,214.233,7.26462],"stabilizedTipPosition":[18.7375,232.264,-33.8804],"timeVisible":22.8944,"tipPosition":[19.1793,232.588,-33.8128],"tipVelocity":[-17.8156,28.0811,-0.0531005],"tool":false,"touchDistance":-0.0385114,"touchZone":"touching","type":0,"width":19.8498},{"bases":[[[0.880081,0.472255,0.0493233],[-0.42283,0.732209,0.533933],[0.216038,-0.49076,0.844087]],[[0.849932,0.524824,-0.0466425],[-0.464771,0.788481,0.402847],[0.248201,-0.320715,0.914078]],[[0.849932,0.524824,-0.0466425],[-0.505689,0.837385,0.207521],[0.14797,-0.152792,0.977118]],[[0.849932,0.524824,-0.0466425],[-0.5226,0.850975,0.0522637],[0.0671208,-0.0200452,0.997543]]],"btipPosition":[-9.04526,275.554,-85.7825],"carpPosition":[21.6169,222.7,53.4415],"dipPosition":[-7.92112,275.218,-69.0758],"direction":[-0.14797,0.152792,-0.977118],"extended":true,"handId":465,"id":4651,"length":57.6453,"mcpPosition":[6.03724,258.092,-7.43031],"pipPosition":[-4.41532,271.598,-45.9252],"stabilizedTipPosition":[-8.29418,274.774,-82.1598],"timeVisible":22.8944,"tipPosition":[-8.40751,274.927,-82.1099],"tipVelocity":[-19.5616,30.1874,1.54492],"tool":false,"touchDistance":-0.0309146,"touchZone":"touching","type":1,"width":18.9605},{"bases":[[[0.960278,0.26982,0.0711589],[-0.263109,0.790556,0.552987],[0.0929522,-0.549744,0.830145]],[[0.961531,0.261773,0.0832604],[-0.131937,0.705954,-0.69586],[-0.240935,0.658107,0.713334]],[[0.961531,0.261773,0.0832604],[0.192555,-0.42614,-0.883927],[-0.195907,0.865956,-0.460153]],[[0.961531,0.261773,0.0832604],[0.267826,-0.826028,-0.495931],[-0.0610457,0.499152,-0.864361]]],"btipPosition":[42.9069,203.014,-7.29388],"carpPosition":[31.2949,229.844,54.434],"dipPosition":[41.7824,212.209,-23.2159],"direction":[0.195907,-0.865956,0.460153],"extended":false,"handId":465,"id":4652,"length":65.6822,"mcpPosition":[24.938,267.441,-2.33894],"pipPosition":[36.3216,236.347,-36.0424],"stabilizedTipPosition":[45.584,199.212,-18.4705],"timeVisible":22.8944,"tipPosition":[42.7626,205.029,-11.5242],"tipVelocity":[-9.51868,29.3316,-2.32667],"tool":false,"touchDistance":0.333333,"touchZone":"none","type":2,"width":18.6218},{"bases":[[[0.980574,0.125612,0.150656],[-0.190732,0.789886,0.58284],[-0.0457892,-0.600252,0.798499]],[[0.981642,0.15372,0.112912],[-0.0348121,0.726446,-0.686342],[-0.187529,0.669811,0.718461]],[[0.981642,0.15372,0.112912],[0.17123,-0.44948,-0.876726],[-0.0840186,0.879965,-0.46755]],[[0.981642,0.15372,0.112912],[0.189506,-0.853081,-0.486149],[0.0215922,0.498622,-0.866551]]],"btipPosition":[55.4058,208.712,3.17831],"carpPosition":[42.4951,234.217,55.1072],"dipPosition":[55.8013,217.844,-12.6923],"direction":[0.0840186,-0.879965,0.46755],"extended":false,"handId":465,"id":4653,"length":63.1552,"mcpPosition":[45.3067,271.074,6.07771],"pipPosition":[53.5198,241.739,-25.3884],"stabilizedTipPosition":[57.9386,205.101,-6.53492],"timeVisible":22.8944,"tipPosition":[55.5271,210.503,-0.779572],"tipVelocity":[-10.6646,34.233,0.467628],"tool":false,"touchDistance":0.333333,"touchZone":"none","type":3,"width":17.7198},{"bases":[[[0.986628,-0.0769555,0.143674],[-0.0391863,0.743652,0.667417],[-0.158205,-0.664123,0.730693]],[[0.998216,-0.000972731,0.0596925],[0.0382644,0.777913,-0.627206],[-0.0458254,0.628371,0.776563]],[[0.998216,-0.000972731,0.0596925],[0.0537703,-0.419798,-0.906023],[0.0259401,0.907617,-0.418997]],[[0.998216,-0.000972731,0.0596925],[0.0310901,-0.845114,-0.533681],[0.0509661,0.534585,-0.843577]]],"btipPosition":[65.4788,221.718,7.89274],"carpPosition":[56.2567,232.182,54.0544],"dipPosition":[66.3399,230.75,-6.36045],"direction":[-0.0259401,-0.907617,0.418997],"extended":false,"handId":465,"id":4654,"length":49.5125,"mcpPosition":[65.2489,269.931,12.5224],"pipPosition":[66.8373,248.151,-14.3936],"stabilizedTipPosition":[68.0127,218.34,-1.10893],"timeVisible":22.8944,"tipPosition":[65.6419,223.659,4.51959],"tipVelocity":[-10.7489,32.9791,-1.77804],"tool":false,"touchDistance":0.333333,"touchZone":"none","type":4,"width":15.7401}],"r":[[0.92921,0.147917,0.338659],[-0.28563,0.868938,0.404181],[-0.234488,-0.4723,0.849675]],"s":1.03175,"t":[109.918,-13.1402,-105.518],"timestamp":93307385147},false],[1,{"currentFrameRate":47.3452,"devices":[],"gestures":[],"hands":[{"armBasis":[[0.902454,0.42472,-0.0720364],[-0.399733,0.887949,0.22751],[0.160593,-0.176522,0.971108]],"armWidth":62.4607,"confidence":0.825148,"direction":[-0.124479,0.664823,-0.736557],"elbow":[86.2756,173.463,313.64],"grabStrength":0,"id":465,"palmNormal":[0.386822,-0.651079,-0.653043],"palmPosition":[31.9942,249.88,13.5537],"palmVelocity":[-16.1607,26.4852,-0.588612],"palmWidth":89.1918,"pinchStrength":0.499174,"r":[[0.929045,0.148949,0.338658],[-0.286782,0.868241,0.404863],[-0.233733,-0.473257,0.849351]],"s":1.03291,"sphereCenter":[27.3803,228.778,-29.0057],"sphereRadius":47.2523,"stabilizedPalmPosition":[34.7025,244.781,7.91317],"t":[109.508,-12.4544,-105.522],"timeVisible":22.9125,"type":"right","wrist":[43.7725,220.182,56.6231]}],"id":1674304,"interactionBox":{"center":[0,200,0],"size":[235.247,235.247,147.751]},"pointables":[{"bases":[[[-0.0025973,0.859431,0.511245],[-0.859764,-0.263006,0.43776],[0.510685,-0.438413,0.739591]],[[-0.0907036,0.922204,0.375916],[-0.860118,-0.262806,0.437185],[0.501966,-0.283678,0.817041]],[[-0.0907036,0.922204,0.375916],[-0.972971,-0.00156654,-0.230922],[-0.212368,-0.386701,0.89742]],[[-0.0907036,0.922204,0.375916],[-0.696598,0.211009,-0.685731],[-0.711705,-0.324061,0.623266]]],"btipPosition":[21.615,235.065,-37.0118],"carpPosition":[22.7518,200.826,47.2586],"dipPosition":[5.28771,227.631,-22.7134],"direction":[0.212368,0.386701,-0.89742],"extended":false,"handId":465,"id":4650,"length":51.0864,"mcpPosition":[22.7518,200.826,47.2586],"pipPosition":[-1.81,214.706,7.2799],"stabilizedTipPosition":[18.4112,232.67,-33.822],"timeVisible":22.9125,"tipPosition":[18.7997,233.086,-33.7906],"tipVelocity":[-19.3244,27.745,0.814675],"tool":false,"touchDistance":-0.0379771,"touchZone":"touching","type":0,"width":19.8498},{"bases":[[[0.879843,0.472632,0.0499529],[-0.423503,0.731975,0.533721],[0.21569,-0.490746,0.844184]],[[0.849763,0.525158,-0.0459511],[-0.464974,0.787736,0.404068],[0.248397,-0.321996,0.913574]],[[0.849763,0.525158,-0.0459511],[-0.505972,0.836965,0.208523],[0.147967,-0.153945,0.976937]],[[0.849763,0.525158,-0.0459511],[-0.522901,0.850746,0.0529677],[0.0669091,-0.0209822,0.997538]]],"btipPosition":[-9.38603,276.123,-85.7634],"carpPosition":[21.2557,223.173,53.4421],"dipPosition":[-8.26544,275.772,-69.0567],"direction":[-0.147967,0.153945,-0.976937],"extended":true,"handId":465,"id":4651,"length":57.6453,"mcpPosition":[5.7011,258.564,-7.43674],"pipPosition":[-4.7597,272.124,-45.9104],"stabilizedTipPosition":[-8.6147,275.261,-82.068],"timeVisible":22.9125,"tipPosition":[-8.74351,275.476,-82.0969],"tipVelocity":[-19.2333,30.6893,1.31272],"tool":false,"touchDistance":-0.0305958,"touchZone":"touching","type":1,"width":18.9605},{"bases":[[[0.960113,0.27023,0.0718226],[-0.26382,0.790389,0.552887],[0.0926389,-0.549783,0.830155]],[[0.961363,0.262174,0.0839365],[-0.13177,0.705975,-0.695871],[-0.241696,0.657924,0.713245]],[[0.961363,0.262174,0.0839365],[0.19353,-0.426837,-0.883378],[-0.195771,0.865491,-0.461084]],[[0.961363,0.262174,0.0839365],[0.268601,-0.826592,-0.494569],[-0.0602816,0.498006,-0.865076]]],"btipPosition":[42.5814,203.537,-7.24355],"carpPosition":[30.9299,230.322,54.4417],"dipPosition":[41.471,212.71,-23.1788],"direction":[0.195771,-0.865491,0.461084],"extended":false,"handId":465,"id":4652,"length":65.6822,"mcpPosition":[24.5944,267.921,-2.33193],"pipPosition":[36.014,236.835,-36.0312],"stabilizedTipPosition":[45.3792,199.617,-17.9952],"timeVisible":22.9125,"tipPosition":[42.4427,205.538,-11.4782],"tipVelocity":[-13.4598,28.9837,0.0231725],"tool":false,"touchDistance":0.333333,"touchZone":"none","type":2,"width":18.6218},{"bases":[[[0.980419,0.126023,0.151319],[-0.191462,0.789747,0.582788],[-0.0460595,-0.600348,0.798412]],[[0.9815,0.154129,0.113586],[-0.03478,0.726916,-0.685845],[-0.188277,0.669206,0.718829]],[[0.9815,0.154129,0.113586],[0.17207,-0.449926,-0.876333],[-0.0839633,0.879665,-0.468123]],[[0.9815,0.154129,0.113586],[0.190166,-0.853689,-0.484822],[0.0222421,0.497453,-0.867206]]],"btipPosition":[55.0744,209.255,3.21066],"carpPosition":[42.1278,234.699,55.1227],"dipPosition":[55.4818,218.366,-12.672],"direction":[0.0839633,-0.879665,0.468123],"extended":false,"handId":465,"id":4653,"length":63.1552,"mcpPosition":[44.9559,271.562,6.0986],"pipPosition":[53.2018,242.253,-25.3837],"stabilizedTipPosition":[57.7421,205.544,-6.1028],"timeVisible":22.9125,"tipPosition":[55.2013,211.032,-0.745569],"tipVelocity":[-14.2287,32.1141,1.02274],"tool":false,"touchDistance":0.333333,"touchZone":"none","type":3,"width":17.7198},{"bases":[[[0.986566,-0.0765411,0.144322],[-0.0399524,0.743572,0.667462],[-0.158402,-0.664261,0.730525]],[[0.998181,-0.000485355,0.0602891],[0.0382099,0.7786,-0.626357],[-0.0466371,0.627521,0.777202]],[[0.998181,-0.000485355,0.0602891],[0.0545073,-0.420109,-0.905835],[0.0257676,0.907474,-0.419318]],[[0.998181,-0.000485355,0.0602891],[0.0317534,-0.845812,-0.532536],[0.0512517,0.533482,-0.844257]]],"btipPosition":[65.1509,222.264,7.92228],"carpPosition":[55.8909,232.671,54.0789],"dipPosition":[66.0168,231.278,-6.34242],"direction":[-0.0257676,-0.907474,0.419318],"extended":false,"handId":465,"id":4654,"length":49.5125,"mcpPosition":[64.8944,270.427,12.5564],"pipPosition":[66.5108,248.676,-14.3817],"stabilizedTipPosition":[67.8293,218.753,-0.712971],"timeVisible":22.9125,"tipPosition":[65.315,224.187,4.5498],"tipVelocity":[-14.2245,31.5484,-0.225706],"tool":false,"touchDistance":0.333333,"touchZone":"none","type":4,"width":15.7401}],"r":[[0.929045,0.148949,0.338658],[-0.286782,0.868241,0.404863],[-0.233733,-0.473257,0.849351]],"s":1.03291,"t":[109.508,-12.4544,-105.522],"timestamp":93307403248},false],[2,{"currentFrameRate":48.033,"devices":[],"gestures":[],"hands":[{"armBasis":[[0.905329,0.417486,-0.0780037],[-0.391289,0.891312,0.22903],[0.165143,-0.176825,0.970289]],"armWidth":62.4607,"confidence":0.484953,"direction":[-0.112719,0.672477,-0.731484],"elbow":[86.6236,173.7,313.43],"grabStrength":0,"id":465,"palmNormal":[0.383914,-0.64953,-0.656293],"palmPosition":[31.7277,250.694,13.7489],"palmVelocity":[-15.4859,35.2941,4.82061],"palmWidth":89.1918,"pinchStrength":0.500369,"r":[[0.928812,0.147181,0.340067],[-0.286336,0.867591,0.406567],[-0.2352,-0.474998,0.847973]],"s":1.03377,"sphereCenter":[27.0447,230.04,-29.0091],"sphereRadius":47.2715,"stabilizedPalmPosition":[34.5078,245.168,8.29512],"t":[109.169,-11.7045,-105.427],"timeVisible":22.9306,"type":"right","wrist":[42.9163,220.499,56.6295]}],"id":1674305,"interactionBox":{"center":[0,200,0],"size":[235.247,235.247,147.751]},"pointables":[{"bases":[[[0.00340388,0.854951,0.518698],[-0.865265,-0.257509,0.430122],[0.501302,-0.450275,0.738883]],[[-0.0833293,0.919932,0.383122],[-0.865507,-0.257365,0.429722],[0.493917,-0.295786,0.817653]],[[-0.0833293,0.919932,0.383122],[-0.971525,0.0105762,-0.236702],[-0.221802,-0.391936,0.892855]],[[-0.0833293,0.919932,0.383122],[-0.689699,0.224261,-0.688493],[-0.719286,-0.32161,0.615788]]],"btipPosition":[21.4948,236.403,-37.0096],"carpPosition":[21.7485,201.452,46.9667],"dipPosition":[4.99365,229.025,-22.8828],"direction":[0.221802,0.391936,-0.892855],"extended":false,"handId":465,"id":4650,"length":51.0864,"mcpPosition":[21.7485,201.452,46.9667],"pipPosition":[-2.41937,215.925,6.95802],"stabilizedTipPosition":[18.1405,233.444,-33.7986],"timeVisible":22.9306,"tipPosition":[18.6193,234.445,-33.8213],"tipVelocity":[-14.3487,50.0589,-0.550914],"tool":false,"touchDistance":-0.0385974,"touchZone":"touching","type":0,"width":19.8498},{"bases":[[[0.884527,0.462677,0.0595161],[-0.418976,0.731846,0.537458],[0.205113,-0.500331,0.841188]],[[0.85561,0.516359,-0.0361229],[-0.458429,0.788328,0.410343],[0.240361,-0.334534,0.911215]],[[0.85561,0.516359,-0.0361229],[-0.497998,0.840201,0.214617],[0.14117,-0.165639,0.97603]],[[0.85561,0.516359,-0.0361229],[-0.513994,0.855791,0.0585812],[0.0611625,-0.0315557,0.997629]]],"btipPosition":[-8.82999,278.383,-85.5346],"carpPosition":[20.4533,223.76,53.3355],"dipPosition":[-7.80564,277.855,-68.8264],"direction":[-0.14117,0.165639,-0.97603],"extended":true,"handId":465,"id":4651,"length":57.6453,"mcpPosition":[5.66145,259.842,-7.32727],"pipPosition":[-4.46095,273.93,-45.7016],"stabilizedTipPosition":[-8.60616,276.523,-81.9097],"timeVisible":22.9306,"tipPosition":[-8.20546,277.674,-81.8795],"tipVelocity":[3.94293,74.4461,6.71164],"tool":false,"touchDistance":-0.0267769,"touchZone":"touching","type":1,"width":18.9605},{"bases":[[[0.962484,0.25924,0.0801152],[-0.2588,0.788369,0.55812],[0.0815267,-0.557915,0.825884]],[[0.963574,0.251048,0.0921927],[-0.11994,0.71376,-0.690044],[-0.239038,0.653852,0.717871]],[[0.963574,0.251048,0.0921927],[0.194843,-0.422846,-0.885007],[-0.183196,0.870733,-0.456358]],[[0.963574,0.251048,0.0921927],[0.26298,-0.826726,-0.497358],[-0.0486425,0.503486,-0.862633]]],"btipPosition":[41.918,204.512,-7.33115],"carpPosition":[30.1971,230.795,54.4573],"dipPosition":[41.022,213.786,-23.2214],"direction":[0.183196,-0.870733,0.456358],"extended":false,"handId":465,"id":4652,"length":65.6822,"mcpPosition":[24.6215,268.95,-2.02425],"pipPosition":[35.9155,238.057,-35.9421],"stabilizedTipPosition":[45.1253,200.103,-17.5098],"timeVisible":22.9306,"tipPosition":[41.8357,206.515,-11.5495],"tipVelocity":[-23.2041,41.4442,-2.01853],"tool":false,"touchDistance":0.333333,"touchZone":"none","type":2,"width":18.6218},{"bases":[[[0.980744,0.11414,0.158475],[-0.186642,0.786689,0.58846],[-0.0575037,-0.606707,0.792843]],[[0.982362,0.1425,0.121074],[-0.0227686,0.733828,-0.678953],[-0.185598,0.664221,0.724129]],[[0.982362,0.1425,0.121074],[0.172867,-0.445242,-0.878565],[-0.0712884,0.883999,-0.462022]],[[0.982362,0.1425,0.121074],[0.183949,-0.85275,-0.488856],[0.0335838,0.502505,-0.863922]]],"btipPosition":[54.4169,210,3.21762],"carpPosition":[41.4367,235.046,55.2457],"dipPosition":[55.0319,219.204,-12.6049],"direction":[0.0712884,-0.883999,0.462022],"extended":false,"handId":465,"id":4653,"length":63.1552,"mcpPosition":[44.9676,272.299,6.56352],"pipPosition":[53.0961,243.208,-25.1509],"stabilizedTipPosition":[57.5034,206.037,-5.67681],"timeVisible":22.9306,"tipPosition":[54.5951,211.785,-0.721966],"tipVelocity":[-23.4941,36.9926,1.08309],"tool":false,"touchDistance":0.333333,"touchZone":"none","type":3,"width":17.7198},{"bases":[[[0.984763,-0.0884105,0.149749],[-0.036171,0.738152,0.673664],[-0.170096,-0.668816,0.723707]],[[0.997731,-0.011634,0.0663189],[0.0502103,0.7848,-0.617712],[-0.0448606,0.61964,0.783603]],[[0.997731,-0.011634,0.0663189],[0.0555588,-0.414163,-0.908506],[0.0380364,0.910128,-0.412577]],[[0.997731,-0.011634,0.0663189],[0.0258295,-0.843469,-0.536556],[0.0621802,0.537051,-0.841255]]],"btipPosition":[64.6268,222.893,8.0984],"carpPosition":[55.1836,232.878,54.2694],"dipPosition":[65.6774,231.967,-6.11556],"direction":[-0.0380364,-0.910128,0.412577],"extended":false,"handId":465,"id":4654,"length":49.5125,"mcpPosition":[64.8518,270.893,13.1344],"pipPosition":[66.4067,249.416,-14.0256],"stabilizedTipPosition":[67.6182,219.197,-0.317843],"timeVisible":22.9306,"tipPosition":[64.8319,224.797,4.73691],"tipVelocity":[-20.1222,33.432,4.81783],"tool":false,"touchDistance":0.333333,"touchZone":"none","type":4,"width":15.7401}],"r":[[0.928812,0.147181,0.340067],[-0.286336,0.867591,0.406567],[-0.2352,-0.474998,0.847973]],"s":1.03377,"t":[109.169,-11.7045,-105.427],"timestamp":93307421331},false],[3,{"currentFrameRate":48.6643,"devices":[],"gestures":[],"hands":[{"armBasis":[[0.906603,0.41384,-0.0825093],[-0.387116,0.893463,0.227737],[0.167966,-0.174526,0.970221]],"armWidth":62.4607,"confidence":0.557749,"direction":[-0.111292,0.675263,-0.729132],"elbow":[86.8446,174.692,313.262],"grabStrength":0,"id":465,"palmNormal":[0.38042,-0.648859,-0.658986],"palmPosition":[31.2499,251.258,13.7141],"palmVelocity":[-20.6891,33.3763,1.6162],"palmWidth":89.1918,"pinchStrength":0.503582,"r":[[0.92884,0.144838,0.340995],[-0.285195,0.867022,0.408579],[-0.236472,-0.476755,0.846632]],"s":1.03421,"sphereCenter":[26.3764,230.784,-29.0911],"sphereRadius":47.2665,"stabilizedPalmPosition":[34.2841,245.586,8.66725],"t":[108.761,-11.0471,-105.396],"timeVisible":22.9487,"type":"right","wrist":[42.3901,220.883,56.4795]}],"id":1674306,"interactionBox":{"center":[0,200,0],"size":[235.247,235.247,147.751]},"pointables":[{"bases":[[[0.00746331,0.85325,0.521449],[-0.865571,-0.255607,0.43064],[0.50073,-0.454565,0.736641]],[[-0.0797036,0.919284,0.385441],[-0.866102,-0.255286,0.429764],[0.493473,-0.299577,0.81654]],[[-0.0797036,0.919284,0.385441],[-0.971751,0.014515,-0.235563],[-0.222144,-0.393327,0.892158]],[[-0.0797036,0.919284,0.385441],[-0.68869,0.228765,-0.688021],[-0.720662,-0.320287,0.614868]]],"btipPosition":[20.946,237.1,-37.0891],"carpPosition":[21.1349,201.948,46.7883],"dipPosition":[4.4132,229.753,-22.9834],"direction":[0.222144,0.393327,-0.892158],"extended":false,"handId":465,"id":4650,"length":51.0864,"mcpPosition":[21.1349,201.948,46.7883],"pipPosition":[-3.01124,216.607,6.83413],"stabilizedTipPosition":[17.7584,234.198,-33.8163],"timeVisible":22.9487,"tipPosition":[18.0017,235.184,-33.8968],"tipVelocity":[-22.1535,44.8008,-2.50655],"tool":false,"touchDistance":-0.0400031,"touchZone":"touching","type":0,"width":19.8498},{"bases":[[[0.886373,0.459116,0.0596265],[-0.415353,0.731692,0.540471],[0.204511,-0.503825,0.839247]],[[0.85748,0.513264,-0.035884],[-0.454502,0.788305,0.414732],[0.241155,-0.339315,0.909236]],[[0.85748,0.513264,-0.035884],[-0.494408,0.841269,0.218695],[0.142436,-0.169785,0.975133]],[[0.85748,0.513264,-0.035884],[-0.510683,0.857517,0.0621956],[0.0626938,-0.0350061,0.997419]]],"btipPosition":[-9.39444,279.473,-85.3908],"carpPosition":[19.9345,224.24,53.2312],"dipPosition":[-8.34445,278.886,-68.6861],"direction":[-0.142436,0.169785,-0.975133],"extended":true,"handId":465,"id":4651,"length":57.6453,"mcpPosition":[5.18608,260.574,-7.29164],"pipPosition":[-4.96975,274.864,-45.5826],"stabilizedTipPosition":[-8.84874,277.772,-81.7496],"timeVisible":22.9487,"tipPosition":[-8.76692,278.753,-81.7409],"tipVelocity":[-12.6154,67.3689,7.282],"tool":false,"touchDistance":-0.0243941,"touchZone":"touching","type":1,"width":18.9605},{"bases":[[[0.963587,0.255318,0.0794469],[-0.25493,0.787538,0.561065],[0.0806828,-0.560889,0.82395]],[[0.964667,0.247066,0.0915209],[-0.118538,0.717208,-0.686703],[-0.2353,0.651591,0.721154]],[[0.964667,0.247066,0.0915209],[0.192162,-0.422116,-0.885941],[-0.180253,0.872225,-0.454678]],[[0.964667,0.247066,0.0915209],[0.259211,-0.827748,-0.497637],[-0.0471928,0.503777,-0.862544]]],"btipPosition":[41.2001,205.214,-7.49937],"carpPosition":[29.7067,231.234,54.3604],"dipPosition":[40.3308,214.494,-23.388],"direction":[0.180253,-0.872225,0.454678],"extended":false,"handId":465,"id":4652,"length":65.6822,"mcpPosition":[24.1889,269.593,-1.98888],"pipPosition":[35.3063,238.807,-36.0618],"stabilizedTipPosition":[44.8175,200.644,-17.0355],"timeVisible":22.9487,"tipPosition":[41.1275,207.189,-11.7014],"tipVelocity":[-30.894,40.2569,-5.47225],"tool":false,"touchDistance":0.333333,"touchZone":"none","type":2,"width":18.6218},{"bases":[[[0.981416,0.109897,0.157309],[-0.182733,0.785486,0.591288],[-0.0585834,-0.609044,0.79097]],[[0.983083,0.138338,0.120042],[-0.0212436,0.737092,-0.675459],[-0.181924,0.661482,0.727561]],[[0.983083,0.138338,0.120042],[0.169856,-0.443356,-0.880105],[-0.0685304,0.885606,-0.459354]],[[0.983083,0.138338,0.120042],[0.179879,-0.852698,-0.490458],[0.0345108,0.503754,-0.863158]]],"btipPosition":[53.7573,210.591,2.99517],"carpPosition":[40.9637,235.44,55.145],"dipPosition":[54.3894,219.818,-12.8133],"direction":[0.0685304,-0.885606,0.459354],"extended":false,"handId":465,"id":4653,"length":63.1552,"mcpPosition":[44.5608,272.836,6.57783],"pipPosition":[52.5285,243.866,-25.2869],"stabilizedTipPosition":[57.2235,206.556,-5.28526],"timeVisible":22.9487,"tipPosition":[53.9397,212.367,-0.920637],"tipVelocity":[-29.5702,35.0921,-5.19525],"tool":false,"touchDistance":0.333333,"touchZone":"none","type":3,"width":17.7198},{"bases":[[[0.984651,-0.092638,0.147923],[-0.0323156,0.736102,0.676099],[-0.171519,-0.670501,0.72181]],[[0.997791,-0.0155278,0.0645975],[0.0519947,0.78778,-0.613759],[-0.0413583,0.615762,0.786846]],[[0.997791,-0.0155278,0.0645975],[0.0524427,-0.412856,-0.909285],[0.0407887,0.910664,-0.41113]],[[0.997791,-0.0155278,0.0645975],[0.0215792,-0.843841,-0.536159],[0.0628354,0.536368,-0.841642]]],"btipPosition":[64.0395,223.469,7.94344],"carpPosition":[54.7007,233.223,54.1402],"dipPosition":[65.1012,232.532,-6.27706],"direction":[-0.0407887,-0.910664,0.41113],"extended":false,"handId":465,"id":4654,"length":49.5125,"mcpPosition":[64.4497,271.334,13.1131],"pipPosition":[65.8832,249.991,-14.1593],"stabilizedTipPosition":[67.3717,219.667,0.0510922],"timeVisible":22.9487,"tipPosition":[64.2461,225.34,4.57906],"tipVelocity":[-25.9364,32.6312,-1.58456],"tool":false,"touchDistance":0.333333,"touchZone":"none","type":4,"width":15.7401}],"r":[[0.92884,0.144838,0.340995],[-0.285195,0.867022,0.408579],[-0.236472,-0.476755,0.846632]],"s":1.03421,"t":[108.761,-11.0471,-105.396],"timestamp":93307439401},false],[4,{"currentFrameRate":49.2512,"devices":[],"gestures":[],"hands":[{"armBasis":[[0.907484,0.410925,-0.0872515],[-0.383313,0.894971,0.22825],[0.171881,-0.173689,0.969685]],"armWidth":62.4607,"confidence":0.607865,"direction":[-0.111106,0.677534,-0.727051],"elbow":[87.4321,175.273,312.962],"grabStrength":0,"id":465,"palmNormal":[0.376476,-0.648361,-0.661735],"palmPosition":[30.782,251.766,13.6665],"palmVelocity":[-23.1862,30.9042,-0.40088],"palmWidth":89.1918,"pinchStrength":0.507806,"r":[[0.929142,0.142178,0.341292],[-0.283492,0.866531,0.410799],[-0.237333,-0.478445,0.845437]],"s":1.0342,"sphereCenter":[25.6944,231.445,-29.163],"sphereRadius":47.2493,"stabilizedPalmPosition":[34.0368,246.022,9.02021],"t":[108.323,-10.4646,-105.405],"timeVisible":22.9667,"type":"right","wrist":[41.9413,221.243,56.3213]}],"id":1674307,"interactionBox":{"center":[0,200,0],"size":[235.247,235.247,147.751]},"pointables":[{"bases":[[[0.0116901,0.851849,0.523657],[-0.865206,-0.253918,0.432371],[0.501281,-0.458125,0.734056]],[[-0.0761628,0.918844,0.387201],[-0.866581,-0.253076,0.430104],[0.49319,-0.302783,0.815528]],[[-0.0761628,0.918844,0.387201],[-0.972007,0.0181431,-0.234249],[-0.222264,-0.394203,0.891741]],[[-0.0761628,0.918844,0.387201],[-0.687964,0.232662,-0.68744],[-0.721737,-0.318738,0.614412]]],"btipPosition":[20.4514,237.705,-37.1639],"carpPosition":[20.5978,202.402,46.6396],"dipPosition":[3.89393,230.393,-23.0686],"direction":[0.222264,0.394203,-0.891742],"extended":false,"handId":465,"id":4650,"length":51.0864,"mcpPosition":[20.5978,202.402,46.6396],"pipPosition":[-3.53451,217.218,6.73493],"stabilizedTipPosition":[17.3351,234.891,-33.8564],"timeVisible":22.9667,"tipPosition":[17.3929,235.834,-33.9617],"tipVelocity":[-24.8086,39.6805,-3.34958],"tool":false,"touchDistance":-0.0412902,"touchZone":"touching","type":0,"width":19.8498},{"bases":[[[0.888028,0.45607,0.0583669],[-0.411466,0.731618,0.543535],[0.205187,-0.50669,0.837355]],[[0.859023,0.510599,-0.0369887],[-0.450528,0.788316,0.419026],[0.243113,-0.343288,0.907221]],[[0.859023,0.510599,-0.0369887],[-0.490981,0.842167,0.222919],[0.144973,-0.173332,0.974135]],[[0.859023,0.510599,-0.0369887],[-0.507722,0.858977,0.06616],[0.0655536,-0.0380529,0.997123]]],"btipPosition":[-10.0803,280.423,-85.228],"carpPosition":[19.4879,224.681,53.1441],"dipPosition":[-8.98239,279.785,-68.5283],"direction":[-0.144973,0.173332,-0.974135],"extended":true,"handId":465,"id":4651,"length":57.6453,"mcpPosition":[4.6907,261.222,-7.24229],"pipPosition":[-5.54759,275.679,-45.4484],"stabilizedTipPosition":[-9.29548,278.915,-81.5842],"timeVisible":22.9667,"tipPosition":[-9.44457,279.693,-81.5833],"tipVelocity":[-24.3861,60.1025,8.08176],"tool":false,"touchDistance":-0.0216995,"touchZone":"touching","type":1,"width":18.9605},{"bases":[[[0.964632,0.251971,0.0774396],[-0.250806,0.786888,0.56383],[0.0811322,-0.56331,0.822253]],[[0.965723,0.24364,0.0895511],[-0.118256,0.720057,-0.683764],[-0.231074,0.649737,0.724187]],[[0.965723,0.24364,0.0895511],[0.18869,-0.421985,-0.88675],[-0.178259,0.873252,-0.453493]],[[0.965723,0.24364,0.0895511],[0.255287,-0.829001,-0.49758],[-0.0469925,0.503386,-0.862783]]],"btipPosition":[40.4897,205.852,-7.65114],"carpPosition":[29.286,231.64,54.2644],"dipPosition":[39.624,215.125,-23.5441],"direction":[0.178259,-0.873251,0.453493],"extended":false,"handId":465,"id":4652,"length":65.6822,"mcpPosition":[23.7374,270.165,-1.96872],"pipPosition":[34.6552,239.466,-36.185],"stabilizedTipPosition":[44.4615,201.221,-16.585],"timeVisible":22.9667,"tipPosition":[40.4212,207.798,-11.8436],"tipVelocity":[-34.9098,37.9046,-6.8966],"tool":false,"touchDistance":0.333333,"touchZone":"none","type":2,"width":18.6218},{"bases":[[[0.982201,0.106288,0.154871],[-0.178532,0.784521,0.593846],[-0.0583811,-0.610925,0.789533]],[[0.983856,0.13476,0.117755],[-0.0209804,0.740318,-0.67193],[-0.177725,0.658612,0.731194]],[[0.983856,0.13476,0.117755],[0.166018,-0.441616,-0.88171],[-0.0668163,0.887026,-0.456859]],[[0.983856,0.13476,0.117755],[0.175669,-0.85284,-0.491737],[0.0341601,0.504484,-0.862745]]],"btipPosition":[53.116,211.148,2.73282],"carpPosition":[40.5588,235.807,55.0288],"dipPosition":[53.7416,220.388,-13.0681],"direction":[0.0668163,-0.887026,0.456859],"extended":false,"handId":465,"id":4653,"length":63.1552,"mcpPosition":[44.1435,273.319,6.54987],"pipPosition":[51.9272,244.474,-25.4739],"stabilizedTipPosition":[56.9133,207.082,-4.94226],"timeVisible":22.9667,"tipPosition":[53.2969,212.91,-1.14986],"tipVelocity":[-32.4577,33.1757,-9.58766],"tool":false,"touchDistance":0.333333,"touchZone":"none","type":3,"width":17.7198},{"bases":[[[0.984749,-0.096231,0.144946],[-0.0280427,0.734426,0.678109],[-0.171707,-0.671832,0.720526]],[[0.997922,-0.0188028,0.0616326],[0.0525638,0.790784,-0.609834],[-0.0372715,0.611806,0.790129]],[[0.997922,-0.0188028,0.0616326],[0.04847,-0.411208,-0.910252],[0.0424591,0.911347,-0.409442]],[[0.997922,-0.0188028,0.0616326],[0.017198,-0.844064,-0.535967],[0.0620995,0.535913,-0.841986]]],"btipPosition":[63.4739,224.002,7.71598],"carpPosition":[54.2856,233.548,53.9801],"dipPosition":[64.5232,233.057,-6.51035],"direction":[-0.0424591,-0.911347,0.409442],"extended":false,"handId":465,"id":4654,"length":49.5125,"mcpPosition":[64.0454,271.735,13.0259],"pipPosition":[65.3372,250.529,-14.3603],"stabilizedTipPosition":[67.0994,220.145,0.378214],"timeVisible":22.9667,"tipPosition":[63.6751,225.841,4.36324],"tipVelocity":[-28.5907,31.1235,-6.85275],"tool":false,"touchDistance":0.333333,"touchZone":"none","type":4,"width":15.7401}],"r":[[0.929142,0.142178,0.341292],[-0.283492,0.866531,0.410799],[-0.237333,-0.478445,0.845437]],"s":1.0342,"t":[108.323,-10.4646,-105.405],"timestamp":93307457428},false],[5,{"currentFrameRate":49.7751,"devices":[],"gestures":[],"hands":[{"armBasis":[[0.908372,0.408141,-0.0910002],[-0.380017,0.896532,0.227635],[0.174492,-0.172196,0.969485]],"armWidth":62.4607,"confidence":0.648312,"direction":[-0.110285,0.678711,-0.726077],"elbow":[87.5394,176.156,312.823],"grabStrength":0,"id":465,"palmNormal":[0.373395,-0.648726,-0.663122],"palmPosition":[30.2187,252.337,13.6351],"palmVelocity":[-26.9765,31.2221,-1.03595],"palmWidth":89.1918,"pinchStrength":0.510868,"r":[[0.92958,0.139409,0.341243],[-0.281467,0.866206,0.412871],[-0.238029,-0.479845,0.844447]],"s":1.03388,"sphereCenter":[24.9797,232.09,-29.2103],"sphereRadius":47.2361,"stabilizedPalmPosition":[33.7597,246.481,9.3552],"t":[107.823,-9.88788,-105.425],"timeVisible":22.9848,"type":"right","wrist":[41.3577,221.73,56.2356]}],"id":1674308,"interactionBox":{"center":[0,200,0],"size":[235.247,235.247,147.751]},"pointables":[{"bases":[[[0.0151506,0.851201,0.524622],[-0.865238,-0.251805,0.433542],[0.501133,-0.460491,0.732676]],[[-0.0728348,0.918684,0.38822],[-0.866927,-0.250764,0.430762],[0.493085,-0.305184,0.814696]],[[-0.0728348,0.918684,0.38822],[-0.972231,0.0214,-0.233043],[-0.222401,-0.394413,0.891614]],[[-0.0728348,0.918684,0.38822],[-0.687537,0.23573,-0.686822],[-0.722488,-0.31694,0.61446]]],"btipPosition":[19.8214,238.352,-37.1914],"carpPosition":[19.941,202.966,46.5683],"dipPosition":[3.24679,231.081,-23.095],"direction":[0.222401,0.394413,-0.891614],"extended":false,"handId":465,"id":4650,"length":51.0864,"mcpPosition":[19.941,202.966,46.5683],"pipPosition":[-4.18624,217.899,6.70431],"stabilizedTipPosition":[16.8339,235.567,-33.8915],"timeVisible":22.9848,"tipPosition":[16.7084,236.5,-33.988],"tipVelocity":[-29.6816,38.0741,-2.47321],"tool":false,"touchDistance":-0.0417439,"touchZone":"touching","type":0,"width":19.8498},{"bases":[[[0.8895,0.453316,0.0573905],[-0.408333,0.732226,0.545077],[0.20507,-0.508281,0.836419]],[[0.860478,0.508075,-0.0379109],[-0.447285,0.788959,0.421284],[0.243954,-0.345549,0.906136]],[[0.860478,0.508075,-0.0379109],[-0.488047,0.84334,0.224918],[0.146247,-0.175035,0.97364]],[[0.860478,0.508075,-0.0379109],[-0.505052,0.860419,0.0678376],[0.0670859,-0.0392258,0.996976]]],"btipPosition":[-10.7415,281.252,-85.1444],"carpPosition":[18.9095,225.241,53.1004],"dipPosition":[-9.61798,280.595,-68.4471],"direction":[-0.146247,0.175035,-0.97364],"extended":true,"handId":465,"id":4651,"length":57.6453,"mcpPosition":[4.12074,261.896,-7.21852],"pipPosition":[-6.15299,276.448,-45.3789],"stabilizedTipPosition":[-9.84705,279.93,-81.454],"timeVisible":22.9848,"tipPosition":[-10.1048,280.524,-81.5013],"tipVelocity":[-30.0242,53.2146,6.4249],"tool":false,"touchDistance":-0.0203148,"touchZone":"touching","type":1,"width":18.9605},{"bases":[[[0.965518,0.248965,0.0760972],[-0.247472,0.786986,0.565164],[0.0808183,-0.564508,0.821462]],[[0.966611,0.24056,0.0882787],[-0.11752,0.722309,-0.681513],[-0.227709,0.648383,0.726462]],[[0.966611,0.24056,0.0882787],[0.186107,-0.422241,-0.887173],[-0.176144,0.873981,-0.452913]],[[0.966611,0.24056,0.0882787],[0.252048,-0.830463,-0.496793],[-0.0461965,0.502456,-0.863368]]],"btipPosition":[39.7229,206.523,-7.76217],"carpPosition":[28.7304,232.169,54.2122],"dipPosition":[38.872,215.778,-23.6659],"direction":[0.176144,-0.873981,0.452913],"extended":false,"handId":465,"id":4652,"length":65.6822,"mcpPosition":[23.2033,270.775,-1.96688],"pipPosition":[33.9621,240.14,-36.2906],"stabilizedTipPosition":[44.052,201.838,-16.1564],"timeVisible":22.9848,"tipPosition":[39.6601,208.438,-11.9267],"tipVelocity":[-38.3854,37.4232,-6.60287],"tool":false,"touchDistance":0.333333,"touchZone":"none","type":2,"width":18.6218},{"bases":[[[0.982778,0.10314,0.15333],[-0.175156,0.784366,0.595055],[-0.0588934,-0.611663,0.788923]],[[0.984455,0.131547,0.116379],[-0.020307,0.743414,-0.668524],[-0.17446,0.655768,0.734528]],[[0.984455,0.131547,0.116379],[0.16317,-0.439781,-0.883158],[-0.0649951,0.888419,-0.454409]],[[0.984455,0.131547,0.116379],[0.172219,-0.853078,-0.492543],[0.0344882,0.504929,-0.862472]]],"btipPosition":[52.4072,211.765,2.48616],"carpPosition":[40.017,236.301,54.9623],"dipPosition":[53.0388,221.013,-13.3098],"direction":[0.0649951,-0.888419,0.454409],"extended":false,"handId":465,"id":4653,"length":63.1552,"mcpPosition":[43.6332,273.858,6.52079],"pipPosition":[51.2739,245.137,-25.6491],"stabilizedTipPosition":[56.5692,207.619,-4.64277],"timeVisible":22.9848,"tipPosition":[52.5869,213.514,-1.33008],"tipVelocity":[-35.628,33.682,-11.485],"tool":false,"touchDistance":0.333333,"touchZone":"none","type":3,"width":17.7198},{"bases":[[[0.984697,-0.0993743,0.143167],[-0.0246759,0.733718,0.679005],[-0.17252,-0.672147,0.720038]],[[0.997973,-0.0217735,0.0597956],[0.0536597,0.793046,-0.606794],[-0.0342086,0.608772,0.792607]],[[0.997973,-0.0217735,0.0597956],[0.0455851,-0.41104,-0.910477],[0.0444026,0.911357,-0.409214]],[[0.997973,-0.0217735,0.0597956],[0.0135597,-0.845306,-0.534111],[0.062175,0.533839,-0.843297]]],"btipPosition":[62.8249,224.613,7.58323],"carpPosition":[53.7352,234.001,53.8877],"dipPosition":[63.8755,233.632,-6.66525],"direction":[-0.0444026,-0.911357,0.409214],"extended":false,"handId":465,"id":4654,"length":49.5125,"mcpPosition":[63.5411,272.206,12.9613],"pipPosition":[64.7268,251.105,-14.5108],"stabilizedTipPosition":[66.7939,220.64,0.675784],"timeVisible":22.9848,"tipPosition":[63.0244,226.411,4.23766],"tipVelocity":[-32.0552,32.1808,-7.21947],"tool":false,"touchDistance":0.333333,"touchZone":"none","type":4,"width":15.7401}],"r":[[0.92958,0.139409,0.341243],[-0.281467,0.866206,0.412871],[-0.238029,-0.479845,0.844447]],"s":1.03388,"t":[107.823,-9.88788,-105.425],"timestamp":93307475507},false],[6,{"currentFrameRate":50.2497,"devices":[],"gestures":[],"hands":[{"armBasis":[[0.909429,0.405531,-0.092102],[-0.377445,0.897895,0.226537],[0.174566,-0.171256,0.969638]],"armWidth":62.4607,"confidence":0.687242,"direction":[-0.110282,0.679453,-0.725384],"elbow":[87.1142,176.833,312.806],"grabStrength":0,"id":465,"palmNormal":[0.370705,-0.64905,-0.664313],"palmPosition":[29.7546,252.819,13.6207],"palmVelocity":[-26.3443,29.0364,-0.922862],"palmWidth":89.1918,"pinchStrength":0.513488,"r":[[0.930119,0.13675,0.340849],[-0.279315,0.866001,0.41476],[-0.238457,-0.480981,0.84368]],"s":1.03325,"sphereCenter":[24.3795,232.615,-29.2386],"sphereRadius":47.2201,"stabilizedPalmPosition":[33.4662,246.945,9.66777],"t":[107.34,-9.35863,-105.442],"timeVisible":23.0029,"type":"right","wrist":[40.9129,222.159,56.1776]}],"id":1674309,"interactionBox":{"center":[0,200,0],"size":[235.247,235.247,147.751]},"pointables":[{"bases":[[[0.0179944,0.850798,0.525185],[-0.86491,-0.250274,0.435078],[0.501604,-0.462067,0.73136]],[[-0.0699967,0.918489,0.389202],[-0.866775,-0.24912,0.432018],[0.493762,-0.307111,0.813561]],[[-0.0699967,0.918489,0.389202],[-0.97258,0.0239079,-0.231336],[-0.221785,-0.394723,0.891631]],[[-0.0699967,0.918489,0.389202],[-0.687766,0.238168,-0.685751],[-0.72255,-0.31568,0.615034]]],"btipPosition":[19.2655,238.908,-37.1782],"carpPosition":[19.4373,203.447,46.5396],"dipPosition":[2.68946,231.666,-23.0687],"direction":[0.221785,0.394723,-0.891631],"extended":false,"handId":465,"id":4650,"length":51.0864,"mcpPosition":[19.4373,203.447,46.5396],"pipPosition":[-4.72298,218.474,6.73118],"stabilizedTipPosition":[16.3187,236.192,-33.907],"timeVisible":23.0029,"tipPosition":[16.1174,237.059,-33.9773],"tipVelocity":[-30.1837,34.7628,-0.871939],"tool":false,"touchDistance":-0.0414743,"touchZone":"touching","type":0,"width":19.8498},{"bases":[[[0.890572,0.451389,0.0559456],[-0.405699,0.732707,0.546396],[0.205645,-0.509302,0.835656]],[[0.861465,0.506294,-0.0392931],[-0.44466,0.789435,0.423167],[0.245266,-0.347071,0.905199]],[[0.861465,0.506294,-0.0392931],[-0.485805,0.844188,0.226583],[0.147888,-0.176104,0.973199]],[[0.861465,0.506294,-0.0392931],[-0.503121,0.861438,0.0692332],[0.068901,-0.0398729,0.996826]]],"btipPosition":[-11.3511,281.904,-85.048],"carpPosition":[18.466,225.719,53.0893],"dipPosition":[-10.1971,281.236,-68.3532],"direction":[-0.147888,0.176104,-0.973199],"extended":true,"handId":465,"id":4651,"length":57.6453,"mcpPosition":[3.63575,262.447,-7.17456],"pipPosition":[-6.69323,277.064,-45.2955],"stabilizedTipPosition":[-10.4203,280.772,-81.3403],"timeVisible":23.0029,"tipPosition":[-10.7122,281.179,-81.4061],"tipVelocity":[-31.5802,44.9787,5.88627],"tool":false,"touchDistance":-0.0187187,"touchZone":"touching","type":1,"width":18.9605},{"bases":[[[0.966193,0.246864,0.074359],[-0.244684,0.787112,0.566202],[0.0812459,-0.565255,0.820905]],[[0.967295,0.238428,0.0865613],[-0.117715,0.724232,-0.679434],[-0.224687,0.647024,0.728612]],[[0.967295,0.238428,0.0865613],[0.183589,-0.422595,-0.887529],[-0.175032,0.874394,-0.452547]],[[0.967295,0.238428,0.0865613],[0.249412,-0.831865,-0.495776],[-0.0461999,0.501151,-0.864126]]],"btipPosition":[39.0934,207.107,-7.84765],"carpPosition":[28.3038,232.625,54.1865],"dipPosition":[38.2423,216.339,-23.7654],"direction":[0.175032,-0.874394,0.452547],"extended":false,"handId":465,"id":4652,"length":65.6822,"mcpPosition":[22.7475,271.282,-1.95452],"pipPosition":[33.3634,240.712,-36.3799],"stabilizedTipPosition":[43.6106,202.471,-15.7584],"timeVisible":23.0029,"tipPosition":[39.0316,208.989,-11.9819],"tipVelocity":[-36.6763,34.8382,-5.79339],"tool":false,"touchDistance":0.333333,"touchZone":"none","type":2,"width":18.6218},{"bases":[[[0.983296,0.100948,0.151456],[-0.172313,0.784317,0.595948],[-0.0586297,-0.612091,0.788611]],[[0.984958,0.129302,0.114621],[-0.0207792,0.747169,-0.664309],[-0.171537,0.651935,0.738617]],[[0.984958,0.129302,0.114621],[0.160367,-0.43707,-0.885016],[-0.0643368,0.890085,-0.451231]],[[0.984958,0.129302,0.114621],[0.16942,-0.853065,-0.493535],[0.033964,0.505531,-0.86214]]],"btipPosition":[51.8383,212.335,2.18874],"carpPosition":[39.6006,236.733,54.9171],"dipPosition":[52.4604,221.594,-13.6011],"direction":[0.0643368,-0.890085,0.451231],"extended":false,"handId":465,"id":4653,"length":63.1552,"mcpPosition":[43.2006,274.316,6.49483],"pipPosition":[50.7133,245.764,-25.8541],"stabilizedTipPosition":[56.2146,208.148,-4.39545],"timeVisible":23.0029,"tipPosition":[52.0104,214.068,-1.53208],"tipVelocity":[-33.6924,32.7089,-13.8027],"tool":false,"touchDistance":0.333333,"touchZone":"none","type":3,"width":17.7198},{"bases":[[[0.984765,-0.101562,0.141147],[-0.0217757,0.733292,0.679565],[-0.17252,-0.672286,0.719909]],[[0.998048,-0.0238544,0.0577213],[0.0539215,0.795456,-0.603608],[-0.0315161,0.605542,0.795189]],[[0.998048,-0.0238544,0.0577213],[0.0428828,-0.410185,-0.910994],[0.0454076,0.91169,-0.408361]],[[0.998048,-0.0238544,0.0577213],[0.0105921,-0.846153,-0.532834],[0.0615516,0.532406,-0.844249]]],"btipPosition":[62.2995,225.154,7.4269],"carpPosition":[53.3117,234.405,53.8138],"dipPosition":[63.3394,234.15,-6.83764],"direction":[-0.0454076,-0.91169,0.408361],"extended":false,"handId":465,"id":4654,"length":49.5125,"mcpPosition":[63.1176,272.617,12.8947],"pipPosition":[64.21,251.629,-14.6669],"stabilizedTipPosition":[66.472,221.138,0.938341],"timeVisible":23.0029,"tipPosition":[62.4943,226.918,4.10607],"tipVelocity":[-30.6845,30.9585,-7.99153],"tool":false,"touchDistance":0.333333,"touchZone":"none","type":4,"width":15.7401}],"r":[[0.930119,0.13675,0.340849],[-0.279315,0.866001,0.41476],[-0.238457,-0.4809