{"sensorType":"Leap","data":[[0,{"currentFrameRate":53.8357,"devices":[],"gestures":[],"hands":[{"armBasis":[[0.841605,-0.420873,-0.338478],[0.514647,0.815028,0.26621],[0.163829,-0.39824,0.902532]],"armWidth":62.4607,"confidence":0.196491,"direction":[0.00521047,0.772427,-0.635082],"elbow":[25.687,155.68,284.682],"grabStrength":0,"id":473,"palmNormal":[-0.577965,-0.515944,-0.632265],"palmPosition":[-25.9417,302.549,12.8356],"palmVelocity":[24.7642,-21.059,-111.063],"palmWidth":89.1918,"pinchStrength":0.387018,"r":[[0.999649,0.00513579,-0.0259934],[-0.00486886,0.999935,0.0103222],[0.0260447,-0.010192,0.999609]],"s":0.998779,"sphereCenter":[-36.1631,283.445,-34.8445],"sphereRadius":50.2341,"stabilizedPalmPosition":[-27.869,303.441,23.3463],"t":[1.47774,-0.495362,-8.62501],"timeVisible":0.090385,"type":"right","wrist":[-17.6725,261.08,45.814]}],"id":1686505,"interactionBox":{"center":[0,200,0],"size":[235.247,235.247,147.751]},"pointables":[{"bases":[[[0.846338,0.463172,0.263027],[-0.400308,0.227341,0.887733],[0.351376,-0.856614,0.377819]],[[0.719496,0.677919,0.150835],[-0.591132,0.483792,0.645375],[0.364539,-0.553508,0.748826]],[[0.719496,0.677919,0.150835],[-0.650276,0.581343,0.489062],[0.243857,-0.449962,0.859109]],[[0.719496,0.677919,0.150835],[-0.676837,0.635799,0.371014],[0.155617,-0.369034,0.916296]]],"btipPosition":[-76.1702,313.965,-32.7235],"carpPosition":[-46.6128,263.376,53.6511],"dipPosition":[-72.6002,305.499,-11.7027],"direction":[-0.243857,0.449962,-0.859109],"extended":false,"handId":473,"id":4730,"length":51.0864,"mcpPosition":[-46.6128,263.376,53.6511],"pipPosition":[-64.45,290.46,17.0102],"stabilizedTipPosition":[-75.3793,312.477,-19.7232],"timeVisible":0.090385,"tipPosition":[-75.3434,312.03,-27.8998],"tipVelocity":[13.2161,-15.6659,-95.9548],"tool":false,"touchDistance":0.765605,"touchZone":"hovering","type":0,"width":19.8498},{"bases":[[[0.805335,-0.2354,-0.544079],[0.552007,0.632415,0.543451],[0.216156,-0.737996,0.639249]],[[0.833095,-0.390767,-0.391476],[0.519102,0.796752,0.309385],[0.191012,-0.460963,0.866618]],[[0.833095,-0.390767,-0.391476],[0.507248,0.82196,0.258998],[0.22057,-0.414346,0.882987]],[[0.833095,-0.390767,-0.391476],[0.497598,0.838542,0.221909],[0.241555,-0.379669,0.89303]]],"btipPosition":[-61.9325,367.249,-62.8727],"carpPosition":[-29.0287,278.439,55.6001],"dipPosition":[-57.8869,360.89,-47.9163],"direction":[-0.22057,0.414346,-0.882987],"extended":true,"handId":473,"id":4731,"length":57.6453,"mcpPosition":[-44.6169,331.66,9.50024],"pipPosition":[-52.661,351.073,-26.9959],"stabilizedTipPosition":[-59.0364,365.138,-52.114],"timeVisible":0.090385,"tipPosition":[-60.9943,365.767,-59.4458],"tipVelocity":[-3.96719,-1.11264,-80.8816],"tool":false,"touchDistance":0.332112,"touchZone":"hovering","type":1,"width":18.9605},{"bases":[[[0.721152,-0.437281,-0.537332],[0.684824,0.567157,0.457547],[0.104675,-0.697938,0.708467]],[[0.719965,-0.429626,-0.545043],[0.0466492,0.813535,-0.579642],[0.692441,0.391896,0.605758]],[[0.719965,-0.429626,-0.545043],[-0.675796,-0.25525,-0.691482],[0.157956,0.866181,-0.474111]],[[0.719965,-0.429626,-0.545043],[-0.637574,-0.719666,-0.274919],[-0.274137,0.545438,-0.792052]]],"btipPosition":[-57.8448,272.134,0.374858],"carpPosition":[-18.6166,277.11,49.6414],"dipPosition":[-62.8946,282.181,-14.2152],"direction":[-0.157956,-0.866181,0.474111],"extended":false,"handId":473,"id":4732,"length":65.6822,"mcpPosition":[-25.7753,324.841,1.18995],"pipPosition":[-58.4916,306.325,-27.4308],"stabilizedTipPosition":[-60.4783,275.287,7.13756],"timeVisible":0.090385,"tipPosition":[-58.9378,274.416,-2.8662],"tipVelocity":[21.2493,-16.6915,-124.508],"tool":false,"touchDistance":0.333333,"touchZone":"none","type":2,"width":18.6218},{"bases":[[[0.675005,-0.576724,-0.460171],[0.737584,0.511928,0.440339],[-0.0183793,-0.636646,0.770937]],[[0.675228,-0.553287,-0.487793],[0.172093,0.761236,-0.625223],[0.717253,0.338222,0.609224]],[[0.675228,-0.553287,-0.487793],[-0.680048,-0.210852,-0.702194],[0.285662,0.805863,-0.518635]],[[0.675228,-0.553287,-0.487793],[-0.715908,-0.650827,-0.252786],[-0.177606,0.519902,-0.835558]]],"btipPosition":[-44.2436,265.806,-1.5962],"carpPosition":[-9.45469,272.932,43.0365],"dipPosition":[-47.4964,275.327,-16.8992],"direction":[-0.285662,-0.805863,0.518635],"extended":false,"handId":473,"id":4733,"length":63.1552,"mcpPosition":[-8.32617,312.023,-4.30058],"pipPosition":[-39.7394,297.21,-30.9825],"stabilizedTipPosition":[-45.8194,267.789,7.91226],"timeVisible":0.090385,"tipPosition":[-44.6741,267.736,-4.36779],"tipVelocity":[10.632,-0.494773,-164.816],"tool":false,"touchDistance":0.333333,"touchZone":"none","type":3,"width":17.7198},{"bases":[[[0.53713,-0.723137,-0.43424],[0.829052,0.357724,0.429774],[-0.155448,-0.590852,0.791663]],[[0.502204,-0.814328,-0.290965],[0.328841,0.491035,-0.806689],[0.799784,0.309442,0.514385]],[[0.502204,-0.814328,-0.290965],[-0.71646,-0.203413,-0.667314],[0.484226,0.543593,-0.685588]],[[0.502204,-0.814328,-0.290965],[-0.86452,-0.465061,-0.190587],[0.0198836,0.347259,-0.937559]]],"btipPosition":[-32.7002,269.635,0.850638],"carpPosition":[-4.19521,263.066,34.6915],"dipPosition":[-32.3642,275.503,-14.9905],"direction":[-0.484226,-0.543593,0.685588],"extended":false,"handId":473,"id":4734,"length":49.5125,"mcpPosition":[4.64032,296.65,-10.306],"pipPosition":[-23.0805,285.925,-28.1348],"stabilizedTipPosition":[-34.8165,271.645,7.63638],"timeVisible":0.090385,"tipPosition":[-32.7922,271.019,-2.99971],"tipVelocity":[31.2745,-17.5672,-115.816],"tool":false,"touchDistance":0.333333,"touchZone":"none","type":4,"width":15.7401}],"r":[[0.999649,0.00513579,-0.0259934],[-0.00486886,0.999935,0.0103222],[0.0260447,-0.010192,0.999609]],"s":0.998779,"t":[1.47774,-0.495362,-8.62501],"timestamp":93512341673},false],[1,{"currentFrameRate":53.9446,"devices":[],"gestures":[],"hands":[{"armBasis":[[0.849099,-0.411846,-0.330778],[0.503447,0.820517,0.270725],[0.159912,-0.396402,0.904043]],"armWidth":62.4607,"confidence":0.222978,"direction":[-0.000049724,0.771058,-0.636765],"elbow":[25.2194,155.646,283.91],"grabStrength":0,"id":473,"palmNormal":[-0.567107,-0.52449,-0.63506],"palmPosition":[-25.6621,301.851,11.5144],"palmVelocity":[20.3047,-29.3558,-92.8184],"palmWidth":89.1918,"pinchStrength":0.416815,"r":[[0.999569,0.00924548,-0.0278688],[-0.00888341,0.999875,0.0130878],[0.0279864,-0.0128346,0.999526]],"s":0.994351,"sphereCenter":[-35.3743,282.401,-36.3975],"sphereRadius":50.2083,"stabilizedPalmPosition":[-27.8685,303.441,23.344],"t":[1.84314,-1.04297,-10.2354],"timeVisible":0.108537,"type":"right","wrist":[-17.1036,260.56,44.6419]}],"id":1686506,"interactionBox":{"center":[0,200,0],"size":[235.247,235.247,147.751]},"pointables":[{"bases":[[[0.838658,0.474278,0.267793],[-0.409227,0.224239,0.884449],[0.359425,-0.851339,0.382147]],[[0.709903,0.687204,0.154235],[-0.601162,0.477144,0.641045],[0.366936,-0.5478,0.751847]],[[0.709903,0.687204,0.154235],[-0.660996,0.574479,0.482762],[0.243151,-0.444663,0.862063]],[[0.709903,0.687204,0.154235],[-0.687471,0.628536,0.363765],[0.153039,-0.36427,0.918633]]],"btipPosition":[-75.7156,312.534,-34.3999],"carpPosition":[-46.1236,262.511,52.2749],"dipPosition":[-72.2047,304.177,-13.3255],"direction":[-0.243151,0.444663,-0.862063],"extended":false,"handId":473,"id":4730,"length":51.0864,"mcpPosition":[-46.1236,262.511,52.2749],"pipPosition":[-64.0782,289.316,15.4862],"stabilizedTipPosition":[-75.3791,312.476,-19.7273],"timeVisible":0.108537,"tipPosition":[-74.8986,310.626,-29.5692],"tipVelocity":[18.497,-45.1097,-93.9142],"tool":false,"touchDistance":0.697417,"touchZone":"hovering","type":0,"width":19.8498},{"bases":[[[0.811943,-0.226494,-0.538004],[0.540311,0.640436,0.545808],[0.220935,-0.733855,0.642375]],[[0.84058,-0.381038,-0.385014],[0.507083,0.803485,0.311897],[0.190508,-0.457408,0.868611]],[[0.84058,-0.381038,-0.385014],[0.494953,0.829083,0.260082],[0.220107,-0.409183,0.885507]],[[0.84058,-0.381038,-0.385014],[0.485068,0.845854,0.221902],[0.241112,-0.373284,0.895837]]],"btipPosition":[-61.9516,365.929,-64.5781],"carpPosition":[-28.7427,277.797,54.3107],"dipPosition":[-57.9135,359.677,-49.5747],"direction":[-0.220107,0.409183,-0.885507],"extended":true,"handId":473,"id":4731,"length":57.6453,"mcpPosition":[-44.6756,330.719,7.98547],"pipPosition":[-52.6985,349.982,-28.5946],"stabilizedTipPosition":[-59.0389,365.138,-52.1253],"timeVisible":0.108537,"tipPosition":[-61.0097,364.471,-61.1423],"tipVelocity":[-2.62346,-34.5982,-86.8259],"tool":false,"touchDistance":0.33186,"touchZone":"hovering","type":1,"width":18.9605},{"bases":[[[0.730241,-0.429396,-0.531382],[0.67452,0.576657,0.460965],[0.108489,-0.695044,0.710735]],[[0.729033,-0.421899,-0.538992],[0.0560345,0.821592,-0.567315],[0.682181,0.383389,0.622609]],[[0.729033,-0.421899,-0.538992],[-0.664133,-0.24544,-0.706177],[0.165645,0.872789,-0.459131]],[[0.729033,-0.421899,-0.538992],[-0.630579,-0.720263,-0.289123],[-0.266235,0.550657,-0.791136]]],"btipPosition":[-57.6381,271.532,-2.22554],"carpPosition":[-18.274,276.585,48.4267],"dipPosition":[-62.5423,281.676,-16.7987],"direction":[-0.165645,-0.872789,0.459131],"extended":false,"handId":473,"id":4732,"length":65.6822,"mcpPosition":[-25.6935,324.118,-0.179855],"pipPosition":[-57.9251,306.004,-29.5968],"stabilizedTipPosition":[-60.4781,275.286,7.1361],"timeVisible":0.108537,"tipPosition":[-58.5172,273.669,-5.08973],"tipVelocity":[17.4272,-23.9496,-133.342],"tool":false,"touchDistance":0.333333,"touchZone":"none","type":2,"width":18.6218},{"bases":[[[0.685307,-0.569238,-0.454227],[0.728084,0.522055,0.444244],[-0.0157492,-0.635159,0.772221]],[[0.685426,-0.545702,-0.482079],[0.178569,0.767826,-0.615269],[0.705907,0.335637,0.623734]],[[0.685426,-0.545702,-0.482079],[-0.667698,-0.206938,-0.715092],[0.290467,0.812026,-0.506205]],[[0.685426,-0.545702,-0.482079],[-0.707877,-0.654502,-0.265587],[-0.170591,0.523293,-0.834903]]],"btipPosition":[-43.7278,265.173,-3.80219],"carpPosition":[-9.01536,272.507,41.8943],"dipPosition":[-46.8521,274.757,-19.0932],"direction":[-0.290467,-0.812026,0.506205],"extended":false,"handId":473,"id":4733,"length":63.1552,"mcpPosition":[-8.04833,311.507,-5.52159],"pipPosition":[-38.9646,296.808,-32.839],"stabilizedTipPosition":[-45.8193,267.789,7.91117],"timeVisible":0.108537,"tipPosition":[-44.0678,267.052,-6.39375],"tipVelocity":[19.8844,-16.4814,-144.112],"tool":false,"touchDistance":0.333333,"touchZone":"none","type":3,"width":17.7198},{"bases":[[[0.549094,-0.717306,-0.428914],[0.82154,0.368983,0.434654],[-0.153518,-0.591036,0.791902]],[[0.513461,-0.810211,-0.282696],[0.358826,0.501975,-0.786933],[0.779488,0.302621,0.54847]],[[0.513461,-0.810211,-0.282696],[-0.694112,-0.198443,-0.691975],[0.504547,0.551524,-0.664269]],[[0.513461,-0.810211,-0.282696],[-0.857394,-0.470903,-0.207669],[0.0351338,0.349011,-0.93646]]],"btipPosition":[-32.1342,269.324,-1.85531],"carpPosition":[-3.57574,262.69,33.6079],"dipPosition":[-31.5405,275.221,-17.6779],"direction":[-0.504547,-0.551524,0.664269],"extended":false,"handId":473,"id":4734,"length":49.5125,"mcpPosition":[5.15011,296.284,-11.4032],"pipPosition":[-21.8673,285.795,-30.4134],"stabilizedTipPosition":[-34.816,271.645,7.63386],"timeVisible":0.108537,"tipPosition":[-32.0342,270.543,-5.17215],"tipVelocity":[32.7859,-17.1792,-131.554],"tool":false,"touchDistance":0.333333,"touchZone":"none","type":4,"width":15.7401}],"r":[[0.999569,0.00924548,-0.0278688],[-0.00888341,0.999875,0.0130878],[0.0279864,-0.0128346,0.999526]],"s":0.994351,"t":[1.84314,-1.04297,-10.2354],"timestamp":93512359825},false],[2,{"currentFrameRate":54.0757,"devices":[],"gestures":[],"hands":[{"armBasis":[[0.857114,-0.398159,-0.326842],[0.488176,0.830371,0.268641],[0.164438,-0.389812,0.906094]],"armWidth":62.4607,"confidence":0.251022,"direction":[-0.00307604,0.772344,-0.635197],"elbow":[26.4983,157.139,283.212],"grabStrength":0,"id":473,"palmNormal":[-0.554435,-0.529946,-0.641684],"palmPosition":[-25.7516,301.563,10.2729],"palmVelocity":[8.31764,-23.0156,-81.4576],"palmWidth":89.1918,"pinchStrength":0.442129,"r":[[0.999513,0.0149586,-0.027378],[-0.0145328,0.999771,0.0156872],[0.0276064,-0.0152817,0.999502]],"s":0.988825,"sphereCenter":[-34.8177,282.016,-37.9467],"sphereRadius":50.2141,"stabilizedPalmPosition":[-27.8682,303.441,23.3422],"t":[1.98106,-1.4609,-11.6614],"timeVisible":0.126566,"type":"right","wrist":[-17.0225,260.308,43.401]}],"id":1686507,"interactionBox":{"center":[0,200,0],"size":[235.247,235.247,147.751]},"pointables":[{"bases":[[[0.830185,0.483788,0.277024],[-0.420615,0.217421,0.880801],[0.36589,-0.847749,0.383988]],[[0.699913,0.695483,0.162558],[-0.612482,0.467373,0.637517],[0.367407,-0.54577,0.753092]],[[0.699913,0.695483,0.162558],[-0.672837,0.565691,0.476743],[0.239609,-0.443054,0.863881]],[[0.699913,0.695483,0.162558],[-0.699056,0.620402,0.35556],[0.146434,-0.362498,0.920409]]],"btipPosition":[-75.483,311.722,-36.0869],"carpPosition":[-46.1379,261.893,50.7503],"dipPosition":[-72.1237,303.406,-14.9717],"direction":[-0.239609,0.443054,-0.863881],"extended":false,"handId":473,"id":4730,"length":51.0864,"mcpPosition":[-46.1379,261.893,50.7503],"pipPosition":[-64.1155,288.598,13.9007],"stabilizedTipPosition":[-75.3788,312.475,-19.7325],"timeVisible":0.126566,"tipPosition":[-74.6904,309.827,-31.2561],"tipVelocity":[14.9239,-44.8259,-93.5045],"tool":false,"touchDistance":0.635845,"touchZone":"hovering","type":0,"width":19.8498},{"bases":[[[0.819891,-0.215552,-0.530393],[0.527123,0.645749,0.552403],[0.22343,-0.732493,0.643066]],[[0.848852,-0.369598,-0.377952],[0.494588,0.807688,0.320972],[0.186637,-0.459388,0.868406]],[[0.848852,-0.369598,-0.377952],[0.482003,0.834733,0.26626],[0.217079,-0.40819,0.886712]],[[0.848852,-0.369598,-0.377952],[0.471676,0.852365,0.225824],[0.238689,-0.369962,0.897862]]],"btipPosition":[-62.0773,365.421,-66.004],"carpPosition":[-28.9639,277.383,52.9885],"dipPosition":[-58.0797,359.225,-50.9667],"direction":[-0.217079,0.40819,-0.886712],"extended":true,"handId":473,"id":4731,"length":57.6453,"mcpPosition":[-45.0766,330.207,6.61344],"pipPosition":[-52.9365,349.553,-29.958],"stabilizedTipPosition":[-59.0407,365.137,-52.1341],"timeVisible":0.126566,"tipPosition":[-61.1412,363.949,-62.575],"tipVelocity":[-4.931,-31.2164,-82.9512],"tool":false,"touchDistance":0.332078,"touchZone":"hovering","type":1,"width":18.9605},{"bases":[[[0.740583,-0.419437,-0.524984],[0.662924,0.583773,0.468766],[0.109854,-0.695185,0.710387]],[[0.739359,-0.411937,-0.532593],[0.0644764,0.830688,-0.552992],[0.670217,0.37452,0.640737]],[[0.739359,-0.411937,-0.532593],[-0.650947,-0.235145,-0.721786],[0.172094,0.880349,-0.442006]],[[0.739359,-0.411937,-0.532593],[-0.622127,-0.720469,-0.306402],[-0.257499,0.557882,-0.788963]]],"btipPosition":[-57.6565,271.342,-4.79638],"carpPosition":[-18.4237,276.31,47.206],"dipPosition":[-62.3998,281.618,-19.3296],"direction":[-0.172094,-0.880349,0.442006],"extended":false,"handId":473,"id":4732,"length":65.6822,"mcpPosition":[-25.9365,323.853,-1.37678],"pipPosition":[-57.6028,306.158,-31.6502],"stabilizedTipPosition":[-60.478,275.286,7.13511],"timeVisible":0.126566,"tipPosition":[-58.3905,273.39,-7.40133],"tipVelocity":[9.65025,-16.7939,-137.488],"tool":false,"touchDistance":0.333333,"touchZone":"none","type":2,"width":18.6218},{"bases":[[[0.696582,-0.559974,-0.448557],[0.717305,0.529855,0.452467],[-0.0156993,-0.636932,0.77076]],[[0.696693,-0.536492,-0.47623],[0.185605,0.776057,-0.602732],[0.692943,0.331528,0.640249]],[[0.696693,-0.536492,-0.47623],[-0.653607,-0.201109,-0.729625],[0.295664,0.819592,-0.490767]],[[0.696693,-0.536492,-0.47623],[-0.698952,-0.657115,-0.282253],[-0.161511,0.529506,-0.832789]]],"btipPosition":[-43.5076,264.993,-6.03064],"carpPosition":[-9.05246,272.358,40.7575],"dipPosition":[-46.4656,274.691,-21.283],"direction":[-0.295664,-0.819592,0.490767],"extended":false,"handId":473,"id":4733,"length":63.1552,"mcpPosition":[-8.08849,311.467,-6.56876],"pipPosition":[-38.437,296.947,-34.6095],"stabilizedTipPosition":[-45.8192,267.789,7.9104],"timeVisible":0.126566,"tipPosition":[-43.7664,266.843,-8.4816],"tipVelocity":[17.2519,-12.7103,-134.15],"tool":false,"touchDistance":0.333333,"touchZone":"none","type":3,"width":17.7198},{"bases":[[[0.561924,-0.709726,-0.424888],[0.812693,0.377942,0.443497],[-0.154179,-0.594515,0.789164]],[[0.525348,-0.804505,-0.277095],[0.38273,0.514272,-0.76749],[0.759952,0.297147,0.57808]],[[0.525348,-0.804505,-0.277095],[-0.673048,-0.193654,-0.713795],[0.520591,0.56149,-0.643206]],[[0.525348,-0.804505,-0.277095],[-0.849426,-0.476777,-0.226186],[0.0498548,0.354198,-0.933841]]],"btipPosition":[-31.8132,269.367,-4.2763],"carpPosition":[-3.41314,262.624,32.5057],"dipPosition":[-30.9709,275.352,-20.0546],"direction":[-0.520591,-0.56149,0.643206],"extended":false,"handId":473,"id":4734,"length":49.5125,"mcpPosition":[5.35025,296.416,-12.3498],"pipPosition":[-20.99,286.117,-32.3863],"stabilizedTipPosition":[-34.8156,271.645,7.63199],"timeVisible":0.126566,"tipPosition":[-31.5974,270.5,-7.27029],"tipVelocity":[27.1832,-7.36721,-132.581],"tool":false,"touchDistance":0.333333,"touchZone":"none","type":4,"width":15.7401}],"r":[[0.999513,0.0149586,-0.027378],[-0.0145328,0.999771,0.0156872],[0.0276064,-0.0152817,0.999502]],"s":0.988825,"t":[1.98106,-1.4609,-11.6614],"timestamp":93512377854},false],[3,{"currentFrameRate":54.1736,"devices":[],"gestures":[],"hands":[{"armBasis":[[0.864712,-0.382946,-0.325001],[0.47464,0.834668,0.279368],[0.164285,-0.395831,0.903509]],"armWidth":62.4607,"confidence":0.281208,"direction":[-0.0059085,0.768274,-0.640094],"elbow":[26.1795,156.154,281.029],"grabStrength":0,"id":473,"palmNormal":[-0.537495,-0.542216,-0.645834],"palmPosition":[-26.1905,301.83,8.39498],"palmVelocity":[-7.17023,-5.05272,-92.0284],"palmWidth":89.1918,"pinchStrength":0.456604,"r":[[0.999452,0.0225144,-0.0242508],[-0.022119,0.99962,0.0164487],[0.0246119,-0.0159033,0.999571]],"s":0.983157,"sphereCenter":[-34.3411,281.815,-39.9446],"sphereRadius":50.2201,"stabilizedPalmPosition":[-27.8681,303.441,23.3411],"t":[1.8306,-1.53647,-13.3134],"timeVisible":0.14468,"type":"right","wrist":[-17.3008,260.916,41.9023]}],"id":1686508,"interactionBox":{"center":[0,200,0],"size":[235.247,235.247,147.751]},"pointables":[{"bases":[[[0.818917,0.497979,0.285292],[-0.435958,0.216473,0.873545],[0.373249,-0.839736,0.394371]],[[0.686924,0.707143,0.167585],[-0.627316,0.460554,0.627985],[0.366893,-0.536506,0.759967]],[[0.686924,0.707143,0.167585],[-0.688118,0.558731,0.462941],[0.23373,-0.433323,0.870403]],[[0.686924,0.707143,0.167585],[-0.713726,0.613021,0.338823],[0.136863,-0.352355,0.925805]]],"btipPosition":[-75.4394,310.925,-38.674],"carpPosition":[-46.5354,262.107,48.8413],"dipPosition":[-72.2996,302.841,-17.4351],"direction":[-0.23373,0.433323,-0.870403],"extended":false,"handId":473,"id":4730,"length":51.0864,"mcpPosition":[-46.5354,262.107,48.8413],"pipPosition":[-64.4879,288.359,11.6553],"stabilizedTipPosition":[-75.3785,312.474,-19.7379],"timeVisible":0.14468,"tipPosition":[-74.6821,309.091,-33.8253],"tipVelocity":[7.6415,-43.0344,-116.229],"tool":false,"touchDistance":0.567213,"touchZone":"hovering","type":0,"width":19.8498},{"bases":[[[0.830283,-0.206407,-0.517712],[0.509682,0.657039,0.555449],[0.225509,-0.725049,0.65073]],[[0.859408,-0.358392,-0.364655],[0.478605,0.814807,0.327149],[0.179876,-0.45568,0.87178]],[[0.859408,-0.358392,-0.364655],[0.46549,0.843483,0.268058],[0.211511,-0.400114,0.891724]],[[0.859408,-0.358392,-0.364655],[0.454607,0.862014,0.224196],[0.233988,-0.358451,0.903749]]],"btipPosition":[-62.3966,364.829,-68.6887],"carpPosition":[-29.6286,277.868,51.216],"dipPosition":[-58.4778,358.825,-53.5527],"direction":[-0.211511,0.400114,-0.891724],"extended":true,"handId":473,"id":4731,"length":57.6453,"mcpPosition":[-45.8913,330.155,4.28818],"pipPosition":[-53.4665,349.346,-32.4254],"stabilizedTipPosition":[-59.042,365.136,-52.1411],"timeVisible":0.14468,"tipPosition":[-61.4895,363.336,-65.2657],"tipVelocity":[-11.4488,-30.7461,-113.413],"tool":false,"touchDistance":0.331052,"touchZone":"hovering","type":1,"width":18.9605},{"bases":[[[0.753981,-0.41143,-0.512091],[0.647541,0.596607,0.474079],[0.110466,-0.689047,0.716248]],[[0.752735,-0.40391,-0.519852],[0.066624,0.832345,-0.550239],[0.654944,0.379549,0.653446]],[[0.752735,-0.40391,-0.519852],[-0.6357,-0.24073,-0.73344],[0.1711,0.882556,-0.437972]],[[0.752735,-0.40391,-0.519852],[-0.608277,-0.728727,-0.314573],[-0.251771,0.553004,-0.794228]]],"btipPosition":[-57.6256,271.322,-7.43358],"carpPosition":[-18.9947,276.919,45.5856],"dipPosition":[-62.2633,281.508,-22.0637],"direction":[-0.1711,-0.882556,0.437972],"extended":false,"handId":473,"id":4732,"length":65.6822,"mcpPosition":[-26.5494,324.042,-3.39808],"pipPosition":[-57.494,306.109,-34.272],"stabilizedTipPosition":[-60.4779,275.286,7.13452],"timeVisible":0.14468,"tipPosition":[-58.3138,273.296,-9.96304],"tipVelocity":[6.50899,-9.87438,-141.929],"tool":false,"touchDistance":0.333333,"touchZone":"none","type":2,"width":18.6218},{"bases":[[[0.711045,-0.552141,-0.435379],[0.702946,0.543418,0.458872],[-0.0167697,-0.632327,0.77452]],[[0.711192,-0.529306,-0.462645],[0.189426,0.778049,-0.598964],[0.676996,0.338341,0.653607]],[[0.711192,-0.529306,-0.462645],[-0.637172,-0.207289,-0.742323],[0.297015,0.822719,-0.484682]],[[0.711192,-0.529306,-0.462645],[-0.686177,-0.665765,-0.293118],[-0.152864,0.52592,-0.836685]]],"btipPosition":[-43.363,265.104,-8.40643],"carpPosition":[-9.47693,273.069,39.2915],"dipPosition":[-46.1627,274.736,-23.7301],"direction":[-0.297015,-0.822719,0.484682],"extended":false,"handId":473,"id":4733,"length":63.1552,"mcpPosition":[-8.44724,311.895,-8.26565],"pipPosition":[-38.0974,297.077,-36.8914],"stabilizedTipPosition":[-45.8192,267.789,7.90993],"timeVisible":0.14468,"tipPosition":[-43.5739,266.918,-10.8148],"tipVelocity":[13.7981,-4.14589,-133.157],"tool":false,"touchDistance":0.333333,"touchZone":"none","type":3,"width":17.7198},{"bases":[[[0.578339,-0.703763,-0.412604],[0.800721,0.392911,0.452181],[-0.156112,-0.591895,0.790753]],[[0.540594,-0.799159,-0.262874],[0.411092,0.523556,-0.746253],[0.734004,0.295354,0.611559]],[[0.540594,-0.799159,-0.262874],[-0.645362,-0.193482,-0.738968],[0.539691,0.56913,-0.620342]],[[0.540594,-0.799159,-0.262874],[-0.83844,-0.486121,-0.246384],[0.0691116,0.353598,-0.932841]]],"btipPosition":[-31.661,269.891,-7.30781],"carpPosition":[-3.57859,263.371,31.1801],"dipPosition":[-30.4933,275.866,-23.0692],"direction":[-0.539691,-0.56913,0.620342],"extended":false,"handId":473,"id":4734,"length":49.5125,"mcpPosition":[5.29468,297.014,-13.7657],"pipPosition":[-20.1462,286.777,-34.9626],"stabilizedTipPosition":[-34.8153,271.645,7.63073],"timeVisible":0.14468,"tipPosition":[-31.3253,270.924,-9.96323],"tipVelocity":[20.2126,9.83461,-149.029],"tool":false,"touchDistance":0.333333,"touchZone":"none","type":4,"width":15.7401}],"r":[[0.999452,0.0225144,-0.0242508],[-0.022119,0.99962,0.0164487],[0.0246119,-0.0159033,0.999571]],"s":0.983157,"t":[1.8306,-1.53647,-13.3134],"timestamp":93512395968},false],[4,{"currentFrameRate":54.2884,"devices":[],"gestures":[],"hands":[{"armBasis":[[0.861818,-0.391295,-0.322735],[0.480544,0.833511,0.272647],[0.162318,-0.39006,0.906369]],"armWidth":62.4607,"confidence":0.306804,"direction":[-0.00574887,0.760405,-0.649424],"elbow":[25.6323,156.947,280.741],"grabStrength":0,"id":473,"palmNormal":[-0.542253,-0.548032,-0.636885],"palmPosition":[-26.206,300.716,6.88976],"palmVelocity":[-4.18042,-31.9587,-88.0086],"palmWidth":89.1918,"pinchStrength":0.468974,"r":[[0.999359,0.0277389,-0.0226377],[-0.0274124,0.999517,0.0146091],[0.0230321,-0.0139792,0.999637]],"s":0.977651,"sphereCenter":[-34.6369,280.066,-41.3122],"sphereRadius":50.2701,"stabilizedPalmPosition":[-27.868,303.44,23.34],"t":[1.7476,-2.13102,-14.892],"timeVisible":0.162696,"type":"right","wrist":[-17.3275,260.182,40.858]}],"id":1686509,"interactionBox":{"center":[0,200,0],"size":[235.247,235.247,147.751]},"pointables":[{"bases":[[[0.821977,0.498322,0.275735],[-0.431437,0.228792,0.872649],[0.371775,-0.836259,0.403056]],[[0.690078,0.70675,0.155878],[-0.621811,0.46877,0.62738],[0.370329,-0.529867,0.762953]],[[0.690078,0.70675,0.155878],[-0.684506,0.567408,0.457712],[0.235041,-0.422556,0.87533]],[[0.690078,0.70675,0.155878],[-0.710587,0.620771,0.331225],[0.137329,-0.339336,0.930587]]],"btipPosition":[-75.6543,309.403,-40.0313],"carpPosition":[-46.5277,261.568,47.9045],"dipPosition":[-72.5038,301.618,-18.6826],"direction":[-0.235041,0.422556,-0.87533],"extended":false,"handId":473,"id":4730,"length":51.0864,"mcpPosition":[-46.5277,261.568,47.9045],"pipPosition":[-64.6484,287.495,10.5724],"stabilizedTipPosition":[-75.3783,312.471,-19.7468],"timeVisible":0.162696,"tipPosition":[-74.8716,307.643,-35.1735],"tipVelocity":[-1.57164,-60.8708,-96.1797],"tool":false,"touchDistance":0.523845,"touchZone":"hovering","type":0,"width":19.8498},{"bases":[[[0.827303,-0.21587,-0.518624],[0.514487,0.661846,0.545219],[0.225552,-0.717886,0.658609]],[[0.856473,-0.365538,-0.364467],[0.483426,0.815558,0.318065],[0.180979,-0.448606,0.875214]],[[0.856473,-0.365538,-0.364467],[0.46944,0.845199,0.255469],[0.214663,-0.389898,0.895488]],[[0.856473,-0.365538,-0.364467],[0.457737,0.864194,0.208917],[0.238603,-0.345761,0.907479]]],"btipPosition":[-62.5217,362.985,-70.7541],"carpPosition":[-29.5522,277.293,50.015],"dipPosition":[-58.5256,357.194,-55.5557],"direction":[-0.214663,0.389898,-0.895488],"extended":true,"handId":473,"id":4731,"length":57.6453,"mcpPosition":[-45.818,329.064,2.51905],"pipPosition":[-53.4396,347.956,-34.3391],"stabilizedTipPosition":[-59.0437,365.133,-52.1513],"timeVisible":0.162696,"tipPosition":[-61.5941,361.51,-67.3312],"tipVelocity":[-8.84609,-63.4028,-113.617],"tool":false,"touchDistance":0.33151,"touchZone":"hovering","type":1,"width":18.9605},{"bases":[[[0.750259,-0.420519,-0.510172],[0.651772,0.5999,0.464018],[0.110924,-0.680649,0.724163]],[[0.748998,-0.413032,-0.51808],[0.0735053,0.828894,-0.554556],[0.658482,0.37728,0.6512]],[[0.748998,-0.413032,-0.51808],[-0.638358,-0.240387,-0.731241],[0.177486,0.878418,-0.443712]],[[0.748998,-0.413032,-0.51808],[-0.613235,-0.728221,-0.306002],[-0.250888,0.5469,-0.798722]]],"btipPosition":[-57.9695,270.398,-8.85943],"carpPosition":[-18.9459,276.235,44.3521],"dipPosition":[-62.591,280.473,-23.5724],"direction":[-0.177486,-0.878418,0.443712],"extended":false,"handId":473,"id":4732,"length":65.6822,"mcpPosition":[-26.5319,322.784,-5.17282],"pipPosition":[-57.6437,304.958,-35.9406],"stabilizedTipPosition":[-60.4779,275.286,7.13398],"timeVisible":0.162696,"tipPosition":[-58.6388,272.3,-11.3403],"tipVelocity":[-5.52908,-30.1668,-112.666],"tool":false,"touchDistance":0.333333,"touchZone":"none","type":2,"width":18.6218},{"bases":[[[0.707123,-0.560117,-0.431563],[0.706913,0.54632,0.449231],[-0.0158504,-0.622739,0.782269]],[[0.707244,-0.53797,-0.458688],[0.195596,0.772379,-0.604295],[0.679373,0.337666,0.651486]],[[0.707244,-0.53797,-0.458688],[-0.638682,-0.207997,-0.740826],[0.303136,0.8169,-0.490696]],[[0.707244,-0.53797,-0.458688],[-0.690626,-0.664438,-0.285583],[-0.151134,0.518759,-0.841456]]],"btipPosition":[-43.7139,264.038,-9.76432],"carpPosition":[-9.46933,272.272,38.0658],"dipPosition":[-46.4818,273.539,-25.1754],"direction":[-0.303136,-0.8169,0.490696],"extended":false,"handId":473,"id":4733,"length":63.1552,"mcpPosition":[-8.49608,310.51,-9.96715],"pipPosition":[-38.2503,295.721,-38.5],"stabilizedTipPosition":[-45.8192,267.789,7.90944],"timeVisible":0.162696,"tipPosition":[-43.9122,265.804,-12.1643],"tipVelocity":[-1.78369,-31.0433,-106.292],"tool":false,"touchDistance":0.333333,"touchZone":"none","type":3,"width":17.7198},{"bases":[[[0.573947,-0.710945,-0.406377],[0.804095,0.395372,0.443973],[-0.15497,-0.581583,0.79859]],[[0.535934,-0.805303,-0.253501],[0.431249,0.51926,-0.737831],[0.725809,0.286107,0.625575]],[[0.535934,-0.805303,-0.253501],[-0.636126,-0.18776,-0.748392],[0.555085,0.562347,-0.6129]],[[0.535934,-0.805303,-0.253501],[-0.84075,-0.481727,-0.247141],[0.0769049,0.345582,-0.935232]]],"btipPosition":[-31.9318,268.974,-9.47232],"carpPosition":[-3.64174,262.454,30.0491],"dipPosition":[-30.6324,274.813,-25.2741],"direction":[-0.555085,-0.562347,0.6129],"extended":false,"handId":473,"id":4734,"length":49.5125,"mcpPosition":[5.16664,295.511,-15.3422],"pipPosition":[-19.9902,285.594,-37.0248],"stabilizedTipPosition":[-34.8152,271.645,7.62994],"timeVisible":0.162696,"tipPosition":[-31.5373,269.918,-11.9187],"tipVelocity":[4.30095,-19.7913,-135.58],"tool":false,"touchDistance":0.333333,"touchZone":"none","type":4,"width":15.7401}],"r":[[0.999359,0.0277389,-0.0226377],[-0.0274124,0.999517,0.0146091],[0.0230321,-0.0139792,0.999637]],"s":0.977651,"t":[1.7476,-2.13102,-14.892],"timestamp":93512413984},false],[5,{"currentFrameRate":54.3748,"devices":[],"gestures":[],"hands":[{"armBasis":[[0.863679,-0.390105,-0.319181],[0.476543,0.838283,0.264932],[0.164213,-0.380919,0.909909]],"armWidth":62.4607,"confidence":0.333308,"direction":[-0.00709431,0.757101,-0.65326],"elbow":[26.1001,159.084,281.45],"grabStrength":0,"id":473,"palmNormal":[-0.539796,-0.552819,-0.634832],"palmPosition":[-26.3123,300.236,6.4457],"palmVelocity":[-4.98572,-29.3901,-57.8412],"palmWidth":89.1918,"pinchStrength":0.486048,"r":[[0.999249,0.0324819,-0.0211174],[-0.032231,0.999407,0.0121146],[0.0214984,-0.0114248,0.999704]],"s":0.972735,"sphereCenter":[-34.6444,279.286,-41.772],"sphereRadius":50.3252,"stabilizedPalmPosition":[-27.8679,303.44,23.3384],"t":[1.65297,-2.66845,-15.9033],"timeVisible":0.180783,"type":"right","wrist":[-17.3612,259.9,40.6298]}],"id":1686510,"interactionBox":{"center":[0,200,0],"size":[235.247,235.247,147.751]},"pointables":[{"bases":[[[0.820148,0.502107,0.274309],[-0.433275,0.231926,0.870909],[0.37367,-0.833126,0.407764]],[[0.687472,0.709919,0.152962],[-0.622865,0.468113,0.626825],[0.373391,-0.526199,0.763998]],[[0.687472,0.709919,0.152962],[-0.687429,0.568249,0.452254],[0.234143,-0.416063,0.878674]],[[0.687472,0.709919,0.152962],[-0.713578,0.621244,0.323824],[0.134862,-0.33177,0.933671]]],"btipPosition":[-75.7646,308.5,-40.5391],"carpPosition":[-46.5748,261.236,47.6304],"dipPosition":[-72.6707,300.889,-19.1197],"direction":[-0.234143,0.416063,-0.878674],"extended":false,"handId":473,"id":4730,"length":51.0864,"mcpPosition":[-46.5748,261.236,47.6304],"pipPosition":[-64.8452,286.984,10.2471],"stabilizedTipPosition":[-75.3779,312.465,-19.764],"timeVisible":0.180783,"tipPosition":[-74.9689,306.795,-35.6783],"tipVelocity":[-4.06534,-54.6013,-63.3755],"tool":false,"touchDistance":0.49742,"touchZone":"hovering","type":0,"width":19.8498},{"bases":[[[0.828625,-0.216063,-0.516428],[0.511821,0.666087,0.542556],[0.22676,-0.713894,0.662522]],[[0.857978,-0.364166,-0.362295],[0.481001,0.817104,0.317772],[0.18031,-0.446906,0.876221]],[[0.857978,-0.364166,-0.362295],[0.466276,0.848048,0.251797],[0.215547,-0.384965,0.897408]],[[0.857978,-0.364166,-0.362295],[0.453862,0.867731,0.202613],[0.24059,-0.338269,0.909775]]],"btipPosition":[-62.7307,362.111,-71.4935],"carpPosition":[-29.648,277.021,49.6841],"dipPosition":[-58.7014,356.445,-56.2567],"direction":[-0.215547,0.384965,-0.897408],"extended":true,"handId":473,"id":4731,"length":57.6453,"mcpPosition":[-46.001,328.504,1.90594],"pipPosition":[-53.5945,347.325,-34.9946],"stabilizedTipPosition":[-59.0465,365.129,-52.1672],"timeVisible":0.180783,"tipPosition":[-61.7895,360.628,-68.0804],"tipVelocity":[-9.93416,-55.4783,-78.8073],"tool":false,"touchDistance":0.332633,"touchZone":"hovering","type":1,"width":18.9605},{"bases":[[[0.752167,-0.420891,-0.507046],[0.649396,0.604135,0.46185],[0.111936,-0.676662,0.727735]],[[0.750869,-0.413303,-0.515146],[0.0800627,0.831201,-0.550177],[0.65558,0.371867,0.657214]],[[0.750869,-0.413303,-0.515146],[-0.634737,-0.236068,-0.735786],[0.182493,0.879461,-0.439595]],[[0.750869,-0.413303,-0.515146],[-0.612097,-0.728439,-0.307755],[-0.248057,0.546403,-0.799945]]],"btipPosition":[-58.1785,270.092,-9.79148],"carpPosition":[-19.0311,275.965,44.0407],"dipPosition":[-62.7479,280.157,-24.5269],"direction":[-0.182493,-0.879461,0.439595],"extended":false,"handId":473,"id":4732,"length":65.6822,"mcpPosition":[-26.6863,322.241,-5.7285],"pipPosition":[-57.661,304.671,-36.7804],"stabilizedTipPosition":[-60.4778,275.286,7.13346],"timeVisible":0.180783,"tipPosition":[-58.807,271.926,-12.1717],"tipVelocity":[-8.07856,-23.941,-83.7386],"tool":false,"touchDistance":0.333333,"touchZone":"none","type":2,"width":18.6218},{"bases":[[[0.709332,-0.560216,-0.427791],[0.704713,0.550642,0.447407],[-0.0150849,-0.61883,0.78538]],[[0.709431,-0.53855,-0.454612],[0.198862,0.771798,-0.603972],[0.676137,0.338071,0.654634]],[[0.709431,-0.53855,-0.454612],[-0.635099,-0.208864,-0.743656],[0.305544,0.816297,-0.490207]],[[0.709431,-0.53855,-0.454612],[-0.688886,-0.666083,-0.285953],[-0.148809,0.51604,-0.843539]]],"btipPosition":[-43.7923,263.572,-10.3471],"carpPosition":[-9.53458,271.999,37.787],"dipPosition":[-46.5177,273.023,-25.7963],"direction":[-0.305544,-0.816297,0.490207],"extended":false,"handId":473,"id":4733,"length":63.1552,"mcpPosition":[-8.60834,309.996,-10.4369],"pipPosition":[-38.2209,295.19,-39.1076],"stabilizedTipPosition":[-45.8191,267.789,7.90877],"timeVisible":0.180783,"tipPosition":[-43.9835,265.315,-12.7443],"tipVelocity":[-2.74144,-28.8152,-71.3083],"tool":false,"touchDistance":0.333333,"touchZone":"none","type":3,"width":17.7198},{"bases":[[[0.576564,-0.711303,-0.402022],[0.802341,0.399955,0.443041],[-0.154346,-0.578,0.801308]],[[0.538514,-0.805182,-0.248364],[0.437234,0.518986,-0.734493],[0.720298,0.286941,0.631534]],[[0.538514,-0.805182,-0.248364],[-0.631241,-0.190254,-0.75189],[0.558156,0.561681,-0.610718]],[[0.538514,-0.805182,-0.248364],[-0.838949,-0.484878,-0.247101],[0.0785348,0.341432,-0.93662]]],"btipPosition":[-31.8886,268.527,-10.0731],"carpPosition":[-3.66762,262.157,29.8277],"dipPosition":[-30.5616,274.296,-25.8984],"direction":[-0.558156,-0.561681,0.610718],"extended":false,"handId":473,"id":4734,"length":49.5125,"mcpPosition":[5.10528,295.01,-15.718],"pipPosition":[-19.8605,285.064,-37.6072],"stabilizedTipPosition":[-34.8151,271.645,7.62933],"timeVisible":0.180783,"tipPosition":[-31.5082,269.453,-12.5263],"tipVelocity":[3.55976,-22.5457,-87.0578],"tool":false,"touchDistance":0.333333,"touchZone":"none","type":4,"width":15.7401}],"r":[[0.999249,0.0324819,-0.0211174],[-0.032231,0.999407,0.0121146],[0.0214984,-0.0114248,0.999704]],"s":0.972735,"t":[1.65297,-2.66845,-15.9033],"timestamp":93512432071},false],[6,{"currentFrameRate":54.3927,"devices":[],"gestures":[],"hands":[{"armBasis":[[0.86798,-0.383014,-0.316087],[0.468291,0.84312,0.264295],[0.16527,-0.377424,0.911174]],"armWidth":62.4607,"confidence":0.353052,"direction":[-0.00703554,0.758192,-0.651993],"elbow":[26.3668,159.675,281.206],"grabStrength":0,"id":473,"palmNormal":[-0.53221,-0.554833,-0.639463],"palmPosition":[-26.3261,299.908,5.87623],"palmVelocity":[-2.95651,-23.8676,-45.0023],"palmWidth":89.1918,"pinchStrength":0.513263,"r":[[0.999127,0.0374481,-0.01853],[-0.0372597,0.999251,0.0104118],[0.018906,-0.00971231,0.999774]],"s":0.967645,"sphereCenter":[-34.3164,278.998,-42.5305],"sphereRadius":50.3365,"stabilizedPalmPosition":[-27.8677,303.44,23.3363],"t":[1.59872,-3.10096,-16.6937],"timeVisible":0.199105,"type":"right","wrist":[-17.3743,259.565,40.0516]}],"id":1686511,"interactionBox":{"center":[0,200,0],"size":[235.247,235.247,147.751]},"pointables":[{"bases":[[[0.815313,0.506385,0.280783],[-0.440567,0.227874,0.868317],[0.375719,-0.831654,0.408885]],[[0.681919,0.714023,0.158611],[-0.628578,0.461205,0.626243],[0.374,-0.526746,0.763323]],[[0.681919,0.714023,0.158611],[-0.694982,0.564926,0.444813],[0.228003,-0.413558,0.881467]],[[0.681919,0.714023,0.158611],[-0.720682,0.618879,0.31242],[0.124914,-0.327353,0.936609]]],"btipPosition":[-75.4286,307.825,-41.4431],"carpPosition":[-46.6424,260.719,46.8542],"dipPosition":[-72.5629,300.315,-19.9563],"direction":[-0.228003,0.413558,-0.881467],"extended":false,"handId":473,"id":4730,"length":51.0864,"mcpPosition":[-46.6424,260.719,46.8542],"pipPosition":[-64.9426,286.493,9.50393],"stabilizedTipPosition":[-75.377,312.455,-19.7895],"timeVisible":0.199105,"tipPosition":[-74.6991,306.188,-36.5551],"tipVelocity":[5.31045,-45.4766,-56.2344],"tool":false,"touchDistance":0.467685,"touchZone":"hovering","type":0,"width":19.8498},{"bases":[[[0.833383,-0.210334,-0.511108],[0.504208,0.668099,0.547192],[0.226378,-0.713725,0.662834]],[[0.862474,-0.357474,-0.358262],[0.474522,0.817317,0.326837],[0.175977,-0.451891,0.874543]],[[0.862474,-0.357474,-0.358262],[0.459224,0.850303,0.257096],[0.212726,-0.386261,0.897525]],[[0.862474,-0.357474,-0.358262],[0.446194,0.87116,0.204916],[0.238851,-0.336588,0.910856]]],"btipPosition":[-62.599,361.889,-72.0995],"carpPosition":[-29.8223,276.598,49.0509],"dipPosition":[-58.5987,356.251,-56.8445],"direction":[-0.212726,0.386261,-0.897525],"extended":true,"handId":473,"id":4731,"length":57.6453,"mcpPosition":[-46.1477,328.069,1.25018],"pipPosition":[-53.5587,347.1,-35.5797],"stabilizedTipPosition":[-59.0492,365.124,-52.1845],"timeVisible":0.199105,"tipPosition":[-61.658,360.353,-68.7125],"tipVelocity":[-1.89339,-34.5074,-56.756],"tool":false,"touchDistance":0.332797,"touchZone":"hovering","type":1,"width":18.9605},{"bases":[[[0.758058,-0.415619,-0.502602],[0.64269,0.607089,0.467325],[0.110895,-0.677277,0.727323]],[[0.756736,-0.407821,-0.510914],[0.0910002,0.839654,-0.535443],[0.647356,0.358696,0.672508]],[[0.756736,-0.407821,-0.510914],[-0.624952,-0.222011,-0.748429],[0.191797,0.88566,-0.422872]],[[0.756736,-0.407821,-0.510914],[-0.60846,-0.725151,-0.322386],[-0.239014,0.554831,-0.79689]]],"btipPosition":[-58.2746,270.077,-11.5705],"carpPosition":[-19.161,275.614,43.4785],"dipPosition":[-62.6774,280.298,-26.2497],"direction":[-0.191797,-0.88566,0.422872],"extended":false,"handId":473,"id":4732,"length":65.6822,"mcpPosition":[-26.745,321.932,-6.26247],"pipPosition":[-57.3312,304.985,-38.037],"stabilizedTipPosition":[-60.4778,275.286,7.13314],"timeVisible":0.199105,"tipPosition":[-58.8025,271.862,-13.764],"tipVelocity":[-5.71568,-11.8996,-89.8093],"tool":false,"touchDistance":0.333333,"touchZone":"none","type":2,"width":18.6218},{"bases":[[[0.715495,-0.555331,-0.423881],[0.698415,0.553944,0.45317],[-0.0168523,-0.620285,0.784195]],[[0.715653,-0.533869,-0.45036],[0.204811,0.776853,-0.595443],[0.667752,0.333892,0.6653]],[[0.715653,-0.533869,-0.45036],[-0.62583,-0.203836,-0.752853],[0.310125,0.820631,-0.479987]],[[0.715653,-0.533869,-0.45036],[-0.683923,-0.66648,-0.296738],[-0.141737,0.520373,-0.842094]]],"btipPosition":[-43.635,263.363,-11.5492],"carpPosition":[-9.59903,271.714,37.2833],"dipPosition":[-46.2308,272.894,-26.9719],"direction":[-0.310125,-0.820631,0.479987],"extended":false,"handId":473,"id":4733,"length":63.1552,"mcpPosition":[-8.56427,309.801,-10.8679],"pipPosition":[-37.8095,295.177,-40.0057],"stabilizedTipPosition":[-45.8191,267.789,7.90817],"timeVisible":0.199105,"tipPosition":[-43.7904,265.099,-13.8958],"tipVelocity":[3.47537,-19.9903,-68.4149],"tool":false,"touchDistance":0.333333,"touchZone":"none","type":3,"width":17.7198},{"bases":[[[0.583436,-0.707232,-0.399281],[0.796947,0.403835,0.449213],[-0.156454,-0.580293,0.799238]],[[0.544767,-0.801795,-0.245669],[0.447314,0.525635,-0.723614],[0.709323,0.28431,0.645003]],[[0.544767,-0.801795,-0.245669],[-0.620415,-0.188256,-0.761344],[0.564194,0.567172,-0.600001]],[[0.544767,-0.801795,-0.245669],[-0.83424,-0.488375,-0.255994],[0.0852763,0.344404,-0.93494]]],"btipPosition":[-31.5709,268.357,-11.1364],"carpPosition":[-3.62051,261.921,29.3475],"dipPosition":[-30.13,274.176,-26.9333],"direction":[-0.564194,-0.567172,0.600001],"extended":false,"handId":473,"id":4734,"length":49.5125,"mcpPosition":[5.27224,294.904,-16.0806],"pipPosition":[-19.3132,285.05,-38.4366],"stabilizedTipPosition":[-34.8151,271.645,7.62883],"timeVisible":0.199105,"tipPosition":[-31.1855,269.273,-13.5481],"