{"sensorType":"Leap","data":[[0,{"currentFrameRate":55.3361,"devices":[],"gestures":[],"hands":[{"armBasis":[[0.994971,0.0998535,-0.00781155],[-0.0926466,0.947179,0.307033],[0.0380572,-0.304765,0.951667]],"armWidth":62.4607,"confidence":0.741715,"direction":[0.118483,0.648701,-0.751764],"elbow":[47.938,160.506,299.34],"grabStrength":0,"id":473,"palmNormal":[0.147416,-0.760198,-0.632746],"palmPosition":[37.4242,272.017,3.60819],"palmVelocity":[-20.2089,63.2371,20.8126],"palmWidth":89.1918,"pinchStrength":0.0667994,"r":[[0.72804,0.499418,0.469616],[-0.379939,0.864153,-0.329978],[-0.570617,0.061812,0.818887]],"s":1.1423,"sphereCenter":[12.6771,260.332,-37.8504],"sphereRadius":53.2505,"stabilizedPalmPosition":[37.5746,271.589,3.49582],"t":[65.6658,-32.5631,-20.1171],"timeVisible":8.7222,"type":"right","wrist":[37.8656,241.167,47.4682]}],"id":1686977,"interactionBox":{"center":[0,200,0],"size":[235.247,235.247,147.751]},"pointables":[{"bases":[[[0.286402,0.820951,0.493976],[-0.902436,0.0579525,0.426909],[0.321845,-0.568049,0.757453]],[[0.301823,0.792142,0.530485],[-0.853331,-0.0236571,0.520833],[0.425123,-0.609879,0.668818]],[[0.301823,0.792142,0.530485],[-0.921176,0.385683,-0.0518085],[-0.245639,-0.473033,0.846109]],[[0.301823,0.792142,0.530485],[-0.792113,0.51801,-0.322835],[-0.530528,-0.322765,0.783813]]],"btipPosition":[11.1673,282.997,-40.8841],"carpPosition":[11.5885,229.941,38.1019],"dipPosition":[-1.00359,275.592,-22.9026],"direction":[0.245639,0.473033,-0.846109],"extended":false,"handId":473,"id":4730,"length":51.0864,"mcpPosition":[11.5885,229.941,38.1019],"pipPosition":[-9.21328,259.783,5.37591],"stabilizedTipPosition":[8.50206,281.055,-36.8091],"timeVisible":8.7222,"tipPosition":[8.7342,280.552,-36.9241],"tipVelocity":[-36.7126,76.8342,24.6423],"tool":false,"touchDistance":-0.108916,"touchZone":"touching","type":0,"width":19.8498},{"bases":[[[0.987906,0.144262,0.0568409],[-0.152916,0.845757,0.511186],[0.0256709,-0.513696,0.857588]],[[0.981352,0.190921,-0.0223172],[-0.131495,0.751472,0.646528],[0.140206,-0.631537,0.762564]],[[0.981352,0.190921,-0.0223172],[-0.158736,0.870399,0.466056],[0.108405,-0.453823,0.884474]],[[0.981352,0.190921,-0.0223172],[-0.175911,0.938813,0.296118],[0.0774867,-0.28667,0.954891]]],"btipPosition":[6.14703,330.794,-87.0951],"carpPosition":[17.769,251.599,43.8126],"dipPosition":[7.44477,325.993,-71.1026],"direction":[-0.108405,0.453823,-0.884474],"extended":true,"handId":473,"id":4731,"length":57.6453,"mcpPosition":[15.9177,288.645,-18.033],"pipPosition":[10.0132,315.241,-50.1471],"stabilizedTipPosition":[7.08344,327.857,-84.1854],"timeVisible":8.7222,"tipPosition":[6.24238,329.97,-83.2273],"tipVelocity":[-25.4635,70.4032,28.7314],"tool":false,"touchDistance":0.432931,"touchZone":"hovering","type":1,"width":18.9605},{"bases":[[[0.993788,-0.0727759,0.0841985],[0.0169034,0.846487,0.532141],[-0.11,-0.527412,0.842459]],[[0.99414,-0.0710638,0.0814639],[0.108103,0.65154,-0.750873],[0.000282914,0.755279,0.655404]],[[0.99414,-0.0710638,0.0814639],[0.0144,-0.659804,-0.7513],[0.10714,0.74807,-0.654914]],[[0.99414,-0.0710638,0.0814639],[-0.0504679,-0.971503,-0.231593],[0.0956003,0.226125,-0.969396]]],"btipPosition":[32.0566,230.396,-7.62019],"carpPosition":[29.2947,255.029,44.849],"dipPosition":[33.8177,234.561,-25.4771],"direction":[-0.10714,-0.74807,0.654914],"extended":false,"handId":473,"id":4732,"length":65.6822,"mcpPosition":[36.8175,291.099,-12.766],"pipPosition":[36.8041,255.413,-43.7324],"stabilizedTipPosition":[33.5105,229.036,-12.5669],"timeVisible":8.7222,"tipPosition":[32.5266,231.354,-11.9932],"tipVelocity":[-34.8992,64.8888,22.7054],"tool":false,"touchDistance":0.333333,"touchZone":"none","type":2,"width":18.6218},{"bases":[[[0.962648,-0.213199,0.166899],[0.0843467,0.82188,0.563381],[-0.257284,-0.52826,0.809164]],[[0.966969,-0.203996,0.152827],[0.248618,0.622605,-0.741992],[0.0562128,0.755479,0.652757]],[[0.966969,-0.203996,0.152827],[-0.0205058,-0.659888,-0.751084],[0.254068,0.723141,-0.642274]],[[0.966969,-0.203996,0.152827],[-0.160822,-0.953441,-0.255119],[0.197756,0.222115,-0.954755]]],"btipPosition":[44.1217,230.973,2.30409],"carpPosition":[41.3068,255.329,45.6502],"dipPosition":[47.7436,235.041,-15.182],"direction":[-0.254068,-0.723141,0.642274],"extended":false,"handId":473,"id":4733,"length":63.1552,"mcpPosition":[57.1046,287.765,-4.03415],"pipPosition":[54.6426,254.677,-32.6227],"stabilizedTipPosition":[45.9304,229.566,-2.47063],"timeVisible":8.7222,"tipPosition":[44.8864,231.984,-1.67888],"tipVelocity":[-31.5115,61.9409,18.3435],"tool":false,"touchDistance":0.333333,"touchZone":"none","type":3,"width":17.7198},{"bases":[[[0.899142,-0.405755,0.164033],[0.209983,0.728794,0.651741],[-0.383993,-0.551564,0.740491]],[[0.875305,-0.437125,0.206793],[0.456603,0.606291,-0.651096],[0.159234,0.664329,0.730282]],[[0.875305,-0.437125,0.206793],[-0.0979296,-0.57901,-0.809418],[0.473552,0.688236,-0.549618]],[[0.875305,-0.437125,0.206793],[-0.350257,-0.867943,-0.352129],[0.333409,0.23579,-0.912821]]],"btipPosition":[55.1481,239.835,3.46129],"carpPosition":[53.5537,248.689,44.9015],"dipPosition":[60.7814,243.819,-11.9619],"direction":[-0.473552,-0.688236,0.549618],"extended":false,"handId":473,"id":4734,"length":49.5125,"mcpPosition":[75.3796,280.039,2.81257],"pipPosition":[69.8605,257.014,-22.4993],"stabilizedTipPosition":[57.3151,238.273,-0.744015],"timeVisible":8.7222,"tipPosition":[56.3028,240.82,-0.175002],"tipVelocity":[-27.7911,59.1843,12.2209],"tool":false,"touchDistance":0.333333,"touchZone":"none","type":4,"width":15.7401}],"r":[[0.72804,0.499418,0.469616],[-0.379939,0.864153,-0.329978],[-0.570617,0.061812,0.818887]],"s":1.1423,"t":[65.6658,-32.5631,-20.1171],"timestamp":93520973491},false],[1,{"currentFrameRate":55.3465,"devices":[],"gestures":[],"hands":[{"armBasis":[[0.995374,0.0952853,-0.0123083],[-0.0866266,0.945478,0.313955],[0.0415526,-0.311437,0.949358]],"armWidth":62.4607,"confidence":0.757063,"direction":[0.117058,0.648199,-0.752419],"elbow":[48.599,159.494,298.977],"grabStrength":0,"id":473,"palmNormal":[0.139214,-0.760857,-0.63381],"palmPosition":[37.0398,272.781,3.86459],"palmVelocity":[-20.7359,53.3416,17.6849],"palmWidth":89.1918,"pinchStrength":0.0678273,"r":[[0.730138,0.496641,0.469304],[-0.378709,0.865805,-0.327048],[-0.568751,0.0610605,0.82024]],"s":1.14286,"sphereCenter":[12.2043,261.198,-37.4106],"sphereRadius":53.1216,"stabilizedPalmPosition":[37.1734,272.483,3.77246],"t":[65.2881,-31.6117,-19.8064],"timeVisible":8.74024,"type":"right","wrist":[37.6015,241.92,47.716]}],"id":1686978,"interactionBox":{"center":[0,200,0],"size":[235.247,235.247,147.751]},"pointables":[{"bases":[[[0.29401,0.819311,0.492227],[-0.899311,0.0627068,0.432789],[0.323723,-0.56991,0.755252]],[[0.308351,0.792696,0.525883],[-0.851144,-0.0169762,0.524658],[0.424821,-0.609381,0.669464]],[[0.308351,0.792696,0.525883],[-0.919684,0.389696,-0.0481565],[-0.243108,-0.468797,0.849193]],[[0.308351,0.792696,0.525883],[-0.796129,0.517625,-0.313437],[-0.52067,-0.322022,0.790699]]],"btipPosition":[10.487,283.711,-40.7592],"carpPosition":[11.2041,230.837,38.5194],"dipPosition":[-1.45772,276.323,-22.6197],"direction":[0.243108,0.468797,-0.849193],"extended":false,"handId":473,"id":4730,"length":51.0864,"mcpPosition":[11.2041,230.837,38.5194],"pipPosition":[-9.58282,260.655,5.76183],"stabilizedTipPosition":[7.82159,281.909,-36.6109],"timeVisible":8.74024,"tipPosition":[8.08283,281.409,-36.6377],"tipVelocity":[-35.825,59.2641,17.1946],"tool":false,"touchDistance":-0.106228,"touchZone":"touching","type":0,"width":19.8498},{"bases":[[[0.989014,0.138955,0.0504249],[-0.145047,0.846468,0.512303],[0.0285037,-0.513988,0.857323]],[[0.982302,0.185213,-0.0279076],[-0.123573,0.752807,0.646538],[0.140756,-0.631647,0.762371]],[[0.982302,0.185213,-0.0279076],[-0.151254,0.872268,0.465049],[0.110476,-0.452598,0.884845]],[[0.982302,0.185213,-0.0279076],[-0.16901,0.940693,0.294162],[0.0807352,-0.28424,0.955348]]],"btipPosition":[5.58484,331.612,-86.7039],"carpPosition":[17.5377,252.461,44.193],"dipPosition":[6.93699,326.852,-70.7038],"direction":[-0.110476,0.452598,-0.884845],"extended":true,"handId":473,"id":4731,"length":57.6453,"mcpPosition":[15.4822,289.528,-17.6334],"pipPosition":[9.55447,316.129,-49.7394],"stabilizedTipPosition":[6.62354,328.887,-83.7356],"timeVisible":8.74024,"tipPosition":[5.67273,330.826,-82.8144],"tipVelocity":[-27.8447,58.776,25.4403],"tool":false,"touchDistance":0.428866,"touchZone":"hovering","type":1,"width":18.9605},{"bases":[[[0.993911,-0.0781165,0.0777099],[0.024907,0.846284,0.53215],[-0.107334,-0.526974,0.843076]],[[0.994257,-0.076391,0.0749498],[0.106673,0.651142,-0.751422],[0.00859892,0.755101,0.655552]],[[0.994257,-0.076391,0.0749498],[0.00597612,-0.659617,-0.751578],[0.106852,0.74771,-0.655372]],[[0.994257,-0.076391,0.0749498],[-0.0571586,-0.971138,-0.231568],[0.0904763,0.225954,-0.969927]]],"btipPosition":[31.3773,231.188,-7.34098],"carpPosition":[29.0882,255.83,45.1549],"dipPosition":[33.044,235.35,-25.2076],"direction":[-0.106852,-0.74771,0.655372],"extended":false,"handId":473,"id":4732,"length":65.6822,"mcpPosition":[36.4287,291.869,-12.5024],"pipPosition":[36.0224,256.192,-43.4757],"stabilizedTipPosition":[32.9895,229.961,-12.2345],"timeVisible":8.74024,"tipPosition":[31.8228,232.146,-11.7114],"tipVelocity":[-36.7857,54.9181,19.2206],"tool":false,"touchDistance":0.333333,"touchZone":"none","type":2,"width":18.6218},{"bases":[[[0.962558,-0.218386,0.16059],[0.0924195,0.82131,0.562947],[-0.254834,-0.527027,0.810742]],[[0.966854,-0.209167,0.146434],[0.247065,0.621663,-0.743299],[0.0644409,0.754841,0.652735]],[[0.966854,-0.209167,0.146434],[-0.0289531,-0.659622,-0.751039],[0.253684,0.721906,-0.643814]],[[0.966854,-0.209167,0.146434],[-0.167615,-0.95258,-0.253962],[0.19261,0.221,-0.956065]]],"btipPosition":[43.5155,231.715,2.5016],"carpPosition":[41.1067,256.064,45.8778],"dipPosition":[47.0431,235.762,-15.0085],"direction":[-0.253684,-0.721906,0.643815],"extended":false,"handId":473,"id":4733,"length":63.1552,"mcpPosition":[56.754,288.425,-3.90339],"pipPosition":[53.9318,255.365,-32.491],"stabilizedTipPosition":[45.4667,230.457,-2.19741],"timeVisible":8.74024,"tipPosition":[44.2579,232.715,-1.48348],"tipVelocity":[-33.0816,51.9506,14.6928],"tool":false,"touchDistance":0.333333,"touchZone":"none","type":3,"width":17.7198},{"bases":[[[0.898004,-0.410598,0.158108],[0.218128,0.727535,0.650472],[-0.382112,-0.549639,0.742892]],[[0.874299,-0.441823,0.200981],[0.455591,0.604132,-0.653805],[0.167447,0.663186,0.729483]],[[0.874299,-0.441823,0.200981],[-0.106299,-0.578298,-0.808871],[0.473605,0.685831,-0.552571]],[[0.874299,-0.441823,0.200981],[-0.357223,-0.866027,-0.34984],[0.328623,0.23407,-0.914996]]],"btipPosition":[54.5953,240.51,3.5927],"carpPosition":[53.3127,249.359,45.0483],"dipPosition":[60.1477,244.465,-11.8672],"direction":[-0.473605,-0.685831,0.552571],"extended":false,"handId":473,"id":4734,"length":49.5125,"mcpPosition":[75.0316,280.6,2.82291],"pipPosition":[69.2278,257.614,-22.4612],"stabilizedTipPosition":[56.8898,239.201,-0.513806],"timeVisible":8.74024,"tipPosition":[55.731,241.487,-0.0480039],"tipVelocity":[-29.6398,48.7052,9.65815],"tool":false,"touchDistance":0.333333,"touchZone":"none","type":4,"width":15.7401}],"r":[[0.730138,0.496641,0.469304],[-0.378709,0.865805,-0.327048],[-0.568751,0.0610605,0.82024]],"s":1.14286,"t":[65.2881,-31.6117,-19.8064],"timestamp":93520991523},false],[2,{"currentFrameRate":55.3288,"devices":[],"gestures":[],"hands":[{"armBasis":[[0.995827,0.0901702,-0.0141002],[-0.0810796,0.944987,0.316901],[0.0418995,-0.314435,0.948354]],"armWidth":62.4607,"confidence":0.708356,"direction":[0.114584,0.651925,-0.749576],"elbow":[48.4927,159.497,298.589],"grabStrength":0,"id":473,"palmNormal":[0.132769,-0.757827,-0.638805],"palmPosition":[36.6746,273.819,3.91639],"palmVelocity":[-20.4514,55.2043,10.6219],"palmWidth":89.1918,"pinchStrength":0.0727616,"r":[[0.732717,0.493419,0.468683],[-0.377543,0.867725,-0.323287],[-0.566204,0.0599299,0.822083]],"s":1.14284,"sphereCenter":[11.864,262.461,-37.2587],"sphereRadius":52.9558,"stabilizedPalmPosition":[36.7909,273.508,3.88284],"t":[64.9167,-30.6169,-19.6252],"timeVisible":8.75837,"type":"right","wrist":[37.4034,242.717,47.5942]}],"id":1686979,"interactionBox":{"center":[0,200,0],"size":[235.247,235.247,147.751]},"pointables":[{"bases":[[[0.299768,0.815625,0.494869],[-0.896415,0.0633022,0.438672],[0.326465,-0.575108,0.750114]],[[0.31287,0.791418,0.525137],[-0.84909,-0.0147086,0.528044],[0.425628,-0.611098,0.667383]],[[0.31287,0.791418,0.525137],[-0.918615,0.392646,-0.0444452],[-0.241368,-0.468494,0.849856]],[[0.31287,0.791418,0.525137],[-0.798825,0.518354,-0.305265],[-0.5138,-0.323985,0.794383]]],"btipPosition":[9.9407,284.764,-40.783],"carpPosition":[10.9131,231.772,38.5005],"dipPosition":[-1.84641,277.331,-22.559],"direction":[0.241368,0.468494,-0.849856],"extended":false,"handId":473,"id":4730,"length":51.0864,"mcpPosition":[10.9131,231.772,38.5005],"pipPosition":[-9.91335,261.674,5.84471],"stabilizedTipPosition":[7.27288,282.971,-36.5929],"timeVisible":8.75837,"tipPosition":[7.51321,282.627,-36.5294],"tipVelocity":[-32.1578,58.4295,8.88984],"tool":false,"touchDistance":-0.106301,"touchZone":"touching","type":0,"width":19.8498},{"bases":[[[0.989764,0.135409,0.0450735],[-0.139065,0.84412,0.517805],[0.0320682,-0.518772,0.854311]],[[0.982872,0.181505,-0.0319213],[-0.117656,0.751328,0.649356],[0.141844,-0.634478,0.759814]],[[0.982872,0.181505,-0.0319213],[-0.145946,0.87237,0.466552],[0.112529,-0.453902,0.883917]],[[0.982872,0.181505,-0.0319213],[-0.164301,0.941477,0.294324],[0.0834744,-0.284038,0.955172]]],"btipPosition":[5.00329,332.986,-86.2941],"carpPosition":[17.3536,253.343,44.2529],"dipPosition":[6.40131,328.229,-70.297],"direction":[-0.112529,0.453902,-0.883917],"extended":true,"handId":473,"id":4731,"length":57.6453,"mcpPosition":[15.041,290.755,-17.3562],"pipPosition":[9.06742,317.475,-49.3545],"stabilizedTipPosition":[6.12139,330.049,-83.3022],"timeVisible":8.75837,"tipPosition":[5.07141,332.264,-82.3594],"tipVelocity":[-29.579,66.882,24.0671],"tool":false,"touchDistance":0.425448,"touchZone":"hovering","type":1,"width":18.9605},{"bases":[[[0.994105,-0.0818229,0.0711417],[0.0310066,0.843266,0.536601],[-0.103898,-0.531231,0.840832]],[[0.994436,-0.0801023,0.0684187],[0.10427,0.655882,-0.747627],[0.015012,0.750601,0.660585]],[[0.994436,-0.0801023,0.0684187],[-0.000681325,-0.654352,-0.75619],[0.105342,0.751936,-0.650765]],[[0.994436,-0.0801023,0.0684187],[-0.0617375,-0.969397,-0.23761],[0.085358,0.232064,-0.968948]]],"btipPosition":[30.8084,232.3,-7.56487],"carpPosition":[28.9209,256.668,45.1618],"dipPosition":[32.3807,236.575,-25.4135],"direction":[-0.105342,-0.751936,0.650765],"extended":false,"handId":473,"id":4732,"length":65.6822,"mcpPosition":[36.0264,292.999,-12.342],"pipPosition":[35.3171,257.534,-43.5532],"stabilizedTipPosition":[32.4401,230.964,-12.064],"timeVisible":8.75837,"tipPosition":[31.2264,233.287,-11.8889],"tipVelocity":[-34.7776,58.6441,4.2947],"tool":false,"touchDistance":0.333333,"touchZone":"none","type":2,"width":18.6218},{"bases":[[[0.962795,-0.222441,0.153447],[0.0986238,0.817901,0.566843],[-0.251593,-0.53062,0.809409]],[[0.96705,-0.213121,0.139259],[0.244511,0.625159,-0.741209],[0.0709084,0.750837,0.656671]],[[0.96705,-0.213121,0.139259],[-0.0357949,-0.655392,-0.75444],[0.252056,0.724597,-0.641426]],[[0.96705,-0.213121,0.139259],[-0.172377,-0.950676,-0.257879],[0.187349,0.225377,-0.956089]]],"btipPosition":[43.0114,232.752,2.28055],"carpPosition":[40.9444,256.859,45.8117],"dipPosition":[46.4427,236.88,-15.23],"direction":[-0.252056,-0.724597,0.641426],"extended":false,"handId":473,"id":4733,"length":63.1552,"mcpPosition":[56.3927,289.44,-3.88765],"pipPosition":[53.2871,256.556,-32.6476],"stabilizedTipPosition":[44.9825,231.4,-2.06646],"timeVisible":8.75837,"tipPosition":[43.7309,233.766,-1.70108],"tipVelocity":[-31.1457,54.9412,1.88648],"tool":false,"touchDistance":0.333333,"touchZone":"none","type":3,"width":17.7198},{"bases":[[[0.897586,-0.414422,0.150313],[0.224555,0.723233,0.653076],[-0.379361,-0.552439,0.742224]],[[0.874057,-0.445784,0.193134],[0.453576,0.606366,-0.653138],[0.174048,0.658481,0.732196]],[[0.874057,-0.445784,0.193134],[-0.113219,-0.573502,-0.811343],[0.472446,0.687294,-0.551744]],[[0.874057,-0.445784,0.193134],[-0.362309,-0.862964,-0.352174],[0.323661,0.237846,-0.915791]]],"btipPosition":[54.1261,241.5,3.35612],"carpPosition":[53.1225,250.118,44.8703],"dipPosition":[59.5947,245.518,-12.1172],"direction":[-0.472446,-0.687294,0.551744],"extended":false,"handId":473,"id":4734,"length":49.5125,"mcpPosition":[74.6851,281.519,2.68279],"pipPosition":[68.6525,258.695,-22.6954],"stabilizedTipPosition":[56.4459,240.151,-0.422113],"timeVisible":8.75837,"tipPosition":[55.242,242.488,-0.283685],"tipVelocity":[-28.3524,51.8841,-1.2364],"tool":false,"touchDistance":0.333333,"touchZone":"none","type":4,"width":15.7401}],"r":[[0.732717,0.493419,0.468683],[-0.377543,0.867725,-0.323287],[-0.566204,0.0599299,0.822083]],"s":1.14284,"t":[64.9167,-30.6169,-19.6252],"timestamp":93521009658},false],[3,{"currentFrameRate":55.2817,"devices":[],"gestures":[],"hands":[{"armBasis":[[0.996239,0.0849975,-0.0168582],[-0.0750166,0.943356,0.323191],[0.0433737,-0.320711,0.946184]],"armWidth":62.4607,"confidence":0.708433,"direction":[0.114057,0.651522,-0.750006],"elbow":[48.4003,158.746,298.568],"grabStrength":0,"id":473,"palmNormal":[0.125058,-0.758344,-0.639746],"palmPosition":[36.1235,274.747,4.48311],"palmVelocity":[-25.1133,53.1004,20.3962],"palmWidth":89.1918,"pinchStrength":0.0838435,"r":[[0.73583,0.489997,0.467394],[-0.375991,0.869685,-0.31981],[-0.563191,0.0595899,0.824175]],"s":1.14206,"sphereCenter":[11.4592,263.446,-36.5166],"sphereRadius":52.7085,"stabilizedPalmPosition":[36.2928,274.432,4.33082],"t":[64.4554,-29.6559,-19.2512],"timeVisible":8.77662,"type":"right","wrist":[36.9208,243.627,48.1472]}],"id":1686980,"interactionBox":{"center":[0,200,0],"size":[235.247,235.247,147.751]},"pointables":[{"bases":[[[0.306992,0.813797,0.493448],[-0.893622,0.0681146,0.443621],[0.327406,-0.577144,0.748138]],[[0.317506,0.794543,0.517583],[-0.848467,-0.0056901,0.529218],[0.423432,-0.607182,0.672336]],[[0.317506,0.794543,0.517583],[-0.916551,0.397106,-0.0473487],[-0.243156,-0.459357,0.854322]],[[0.317506,0.794543,0.517583],[-0.798965,0.518135,-0.305273],[-0.51073,-0.316604,0.799323]]],"btipPosition":[9.44513,285.157,-40.592],"carpPosition":[10.3207,232.831,39.1964],"dipPosition":[-2.27156,277.894,-22.2547],"direction":[0.243156,0.459357,-0.854322],"extended":false,"handId":473,"id":4730,"length":51.0864,"mcpPosition":[10.3207,232.831,39.1964],"pipPosition":[-10.3982,262.541,6.29823],"stabilizedTipPosition":[6.77862,283.458,-36.3863],"timeVisible":8.77662,"tipPosition":[6.91441,283.361,-36.1226],"tipVelocity":[-29.3378,41.795,10.3251],"tool":false,"touchDistance":-0.102685,"touchZone":"touching","type":0,"width":19.8498},{"bases":[[[0.990731,0.129923,0.0396605],[-0.131543,0.84471,0.518808],[0.0339034,-0.519216,0.85397]],[[0.983815,0.175481,-0.0362691],[-0.110629,0.754044,0.647441],[0.140962,-0.632949,0.761252]],[[0.983815,0.175481,-0.0362691],[-0.139122,0.875583,0.4626],[0.112934,-0.450067,0.885825]],[[0.983815,0.175481,-0.0362691],[-0.157797,0.944336,0.288668],[0.084906,-0.278273,0.956742]]],"btipPosition":[4.43292,333.788,-85.735],"carpPosition":[16.912,254.365,44.9195],"dipPosition":[5.85491,329.127,-69.7116],"direction":[-0.112934,0.450067,-0.885825],"extended":true,"handId":473,"id":4731,"length":57.6453,"mcpPosition":[14.467,291.808,-16.6651],"pipPosition":[8.53063,318.464,-48.724],"stabilizedTipPosition":[5.62403,331.023,-82.8446],"timeVisible":8.77662,"tipPosition":[4.48114,333.166,-81.7416],"tipVelocity":[-30.234,56.4778,27.3664],"tool":false,"touchDistance":0.424714,"touchZone":"hovering","type":1,"width":18.9605},{"bases":[[[0.994014,-0.0873384,0.0656413],[0.0386221,0.84291,0.536667],[-0.102201,-0.530919,0.841237]],[[0.994339,-0.0856219,0.0629218],[0.103793,0.655912,-0.747667],[0.0227455,0.749966,0.661086]],[[0.994339,-0.0856219,0.0629218],[-0.00840699,-0.653713,-0.756696],[0.105923,0.751884,-0.650732]],[[0.994339,-0.0856219,0.0629218],[-0.0683785,-0.968889,-0.237862],[0.0813304,0.232212,-0.969259]]],"btipPosition":[29.9664,233.264,-7.00762],"carpPosition":[28.5023,257.625,45.7656],"dipPosition":[31.4646,237.542,-24.862],"direction":[-0.105923,-0.751884,0.650732],"extended":false,"handId":473,"id":4732,"length":65.6822,"mcpPosition":[35.4918,293.934,-11.7659],"pipPosition":[34.4171,258.5,-43.0007],"stabilizedTipPosition":[31.816,231.927,-11.7856],"timeVisible":8.77662,"tipPosition":[30.3641,234.251,-11.316],"tipVelocity":[-40.6565,55.8873,16.8137],"tool":false,"touchDistance":0.333333,"touchZone":"none","type":2,"width":18.6218},{"bases":[[[0.962381,-0.227808,0.148077],[0.106264,0.817162,0.566529],[-0.250062,-0.529481,0.810629]],[[0.966639,-0.21844,0.133767],[0.243747,0.623951,-0.742478],[0.0787233,0.750313,0.656379]],[[0.966639,-0.21844,0.133767],[-0.043792,-0.65548,-0.753942],[0.252373,0.722931,-0.643178]],[[0.966639,-0.21844,0.133767],[-0.179181,-0.949849,-0.256284],[0.183041,0.223765,-0.957301]]],"btipPosition":[42.2311,233.671,2.82589],"carpPosition":[40.53,257.75,46.3494],"dipPosition":[45.5835,237.769,-14.7068],"direction":[-0.252373,-0.722931,0.643178],"extended":false,"handId":473,"id":4733,"length":63.1552,"mcpPosition":[55.8844,290.261,-3.42488],"pipPosition":[52.4366,257.4,-32.172],"stabilizedTipPosition":[44.4276,232.3,-1.82556],"timeVisible":8.77662,"tipPosition":[42.9326,234.668,-1.17132],"tipVelocity":[-37.1741,52.5487,15.146],"tool":false,"touchDistance":0.333333,"touchZone":"none","type":3,"width":17.7198},{"bases":[[[0.896095,-0.419424,0.145247],[0.232143,0.721771,0.65204],[-0.378316,-0.550572,0.744142]],[[0.872627,-0.450672,0.188191],[0.453354,0.604172,-0.655321],[0.181635,0.657168,0.731532]],[[0.872627,-0.450672,0.188191],[-0.120864,-0.572624,-0.81086],[0.473195,0.684833,-0.554157]],[[0.872627,-0.450672,0.188191],[-0.369065,-0.860875,-0.350264],[0.319864,0.236195,-0.917551]]],"btipPosition":[53.3964,242.338,3.81475],"carpPosition":[52.6654,250.942,45.3389],"dipPosition":[58.8009,246.329,-11.6883],"direction":[-0.473195,-0.684833,0.554157],"extended":false,"handId":473,"id":4734,"length":49.5125,"mcpPosition":[74.1686,282.236,3.04241],"pipPosition":[67.8731,259.458,-22.3128],"stabilizedTipPosition":[55.93,241.037,-0.230444],"timeVisible":8.77662,"tipPosition":[54.4979,243.318,0.171021],"tipVelocity":[-34.3011,48.8611,11.1988],"tool":false,"touchDistance":0.333333,"touchZone":"none","type":4,"width":15.7401}],"r":[[0.73583,0.489997,0.467394],[-0.375991,0.869685,-0.31981],[-0.563191,0.0595899,0.824175]],"s":1.14206,"t":[64.4554,-29.6559,-19.2512],"timestamp":93521027910},false],[4,{"currentFrameRate":55.342,"devices":[],"gestures":[],"hands":[{"armBasis":[[0.99629,0.08383,-0.0194775],[-0.0729491,0.942651,0.325712],[0.0456649,-0.323082,0.945268]],"armWidth":62.4607,"confidence":0.712159,"direction":[0.112685,0.649576,-0.7519],"elbow":[48.6395,158.811,298.892],"grabStrength":0,"id":473,"palmNormal":[0.121537,-0.760048,-0.638401],"palmPosition":[35.6642,275.34,4.98003],"palmVelocity":[-25.3951,43.7231,23.8946],"palmWidth":89.1918,"pinchStrength":0.0904828,"r":[[0.7388,0.487207,0.465622],[-0.374641,0.87123,-0.317179],[-0.560196,0.0598909,0.826192]],"s":1.14102,"sphereCenter":[11.1577,263.916,-35.8936],"sphereRadius":52.5374,"stabilizedPalmPosition":[35.8627,275.053,4.77505],"t":[63.9951,-28.8789,-18.8157],"timeVisible":8.79448,"type":"right","wrist":[36.5536,244.32,48.7134]}],"id":1686981,"interactionBox":{"center":[0,200,0],"size":[235.247,235.247,147.751]},"pointables":[{"bases":[[[0.310115,0.814385,0.490515],[-0.891994,0.0707481,0.446478],[0.328902,-0.575996,0.748367]],[[0.319011,0.798296,0.510839],[-0.84784,-0.000504703,0.530252],[0.423556,-0.602266,0.676666]],[[0.319011,0.798296,0.510839],[-0.916273,0.397541,-0.0490444],[-0.242231,-0.452422,0.858276]],[[0.319011,0.798296,0.510839],[-0.800459,0.515535,-0.30576],[-0.507442,-0.311364,0.803464]]],"btipPosition":[8.91611,285.284,-40.3499],"carpPosition":[9.90409,233.551,39.8776],"dipPosition":[-2.72515,278.141,-21.9175],"direction":[0.242231,0.452422,-0.858276],"extended":false,"handId":473,"id":4730,"length":51.0864,"mcpPosition":[9.90409,233.551,39.8776],"pipPosition":[-10.8209,263.021,6.76757],"stabilizedTipPosition":[6.27064,283.631,-36.1268],"timeVisible":8.79448,"tipPosition":[6.36282,283.677,-35.7667],"tipVelocity":[-29.0125,26.1927,12.4249],"tool":false,"touchDistance":-0.0982844,"touchZone":"touching","type":0,"width":19.8498},{"bases":[[[0.99109,0.128234,0.0360118],[-0.128276,0.846145,0.517285],[0.0358624,-0.517295,0.855055]],[[0.984115,0.173151,-0.0391895],[-0.107612,0.757387,0.644037],[0.141197,-0.62959,0.76399]],[[0.984115,0.173151,-0.0391895],[-0.136461,0.878997,0.456884],[0.113557,-0.444279,0.888663]],[[0.984115,0.173151,-0.0391895],[-0.155432,0.947023,0.281049],[0.0857772,-0.270493,0.958893]]],"btipPosition":[3.89357,333.962,-85.423],"carpPosition":[16.5532,255.086,45.5283],"dipPosition":[5.33016,329.431,-69.3635],"direction":[-0.113557,0.444279,-0.888663],"extended":true,"handId":473,"id":4731,"length":57.6453,"mcpPosition":[13.9669,292.391,-16.1345],"pipPosition":[8.02064,318.905,-48.3087],"stabilizedTipPosition":[5.16923,331.639,-82.4823],"timeVisible":8.79448,"tipPosition":[3.92845,333.424,-81.389],"tipVelocity":[-30.1279,35.2445,22.923],"tool":false,"touchDistance":0.420381,"touchZone":"hovering","type":1,"width":18.9605},{"bases":[[[0.994072,-0.0889719,0.0624861],[0.0419447,0.844081,0.534573],[-0.100305,-0.528783,0.842809]],[[0.994389,-0.0872752,0.0597823],[0.102504,0.655213,-0.748457],[0.0261516,0.750385,0.660483]],[[0.994389,-0.0872752,0.0597823],[-0.011982,-0.654404,-0.75605],[0.105106,0.751092,-0.651777]],[[0.994389,-0.0872752,0.0597823],[-0.0708704,-0.969157,-0.236034],[0.0785383,0.230473,-0.969904]]],"btipPosition":[29.3998,233.855,-6.4835],"carpPosition":[28.1521,258.328,46.3277],"dipPosition":[30.8465,238.1,-24.3497],"direction":[-0.105106,-0.751092,0.651777],"extended":false,"handId":473,"id":4732,"length":65.6822,"mcpPosition":[35.0119,294.491,-11.3113],"pipPosition":[33.7763,259.037,-42.5176],"stabilizedTipPosition":[31.271,232.687,-11.4736],"timeVisible":8.79448,"tipPosition":[29.7805,234.828,-10.7515],"tipVelocity":[-36.7594,44.941,22.6453],"tool":false,"touchDistance":0.333333,"touchZone":"none","type":2,"width":18.6218},{"bases":[[[0.962467,-0.229192,0.145354],[0.109641,0.818281,0.564266],[-0.248266,-0.527151,0.812697]],[[0.96674,-0.219759,0.130844],[0.242189,0.622128,-0.744514],[0.0822122,0.75144,0.654659]],[[0.96674,-0.219759,0.130844],[-0.0479102,-0.65813,-0.751379],[0.251235,0.720119,-0.646769]],[[0.96674,-0.219759,0.130844],[-0.182089,-0.950634,-0.251275],[0.179605,0.219092,-0.959031]]],"btipPosition":[41.7138,234.322,3.42459],"carpPosition":[40.182,258.432,46.8706],"dipPosition":[45.0032,238.335,-14.1398],"direction":[-0.251235,-0.720119,0.646769],"extended":false,"handId":473,"id":4733,"length":63.1552,"mcpPosition":[55.426,290.8,-3.0307],"pipPosition":[51.8254,257.889,-31.7025],"stabilizedTipPosition":[43.9471,233.023,-1.52838],"timeVisible":8.79448,"tipPosition":[42.3965,235.273,-0.591087],"tipVelocity":[-33.6878,44.4598,23.6107],"tool":false,"touchDistance":0.333333,"touchZone":"none","type":3,"width":17.7198},{"bases":[[[0.89583,-0.420696,0.143193],[0.235637,0.722863,0.649573],[-0.376782,-0.548165,0.746693]],[[0.872441,-0.451814,0.186307],[0.452245,0.601856,-0.658213],[0.18526,0.658508,0.729415]],[[0.872441,-0.451814,0.186307],[-0.124697,-0.574392,-0.809027],[0.472543,0.682596,-0.557463]],[[0.872441,-0.451814,0.186307],[-0.371875,-0.861076,-0.346781],[0.317105,0.233263,-0.919257]]],"btipPosition":[52.8789,242.905,4.33135],"carpPosition":[52.3016,251.6,45.8349],"dipPosition":[58.2367,246.846,-11.2005],"direction":[-0.472543,-0.682596,0.557463],"extended":false,"handId":473,"id":4734,"length":49.5125,"mcpPosition":[73.7176,282.757,3.39343],"pipPosition":[67.2964,259.933,-21.8884],"stabilizedTipPosition":[55.4698,241.739,0.0198959],"timeVisible":8.79448,"tipPosition":[53.9704,243.871,0.681257],"tipVelocity":[-32.0747,40.5016,19.3749],"tool":false,"touchDistance":0.333333,"touchZone":"none","type":4,"width":15.7401}],"r":[[0.7388,0.487207,0.465622],[-0.374641,0.87123,-0.317179],[-0.560196,0.0598909,0.826192]],"s":1.14102,"t":[63.9951,-28.8789,-18.8157],"timestamp":93521045771},false],[5,{"currentFrameRate":55.2462,"devices":[],"gestures":[],"hands":[{"armBasis":[[0.996406,0.082507,-0.0191974],[-0.0716717,0.941904,0.328147],[0.0451565,-0.325592,0.944432]],"armWidth":62.4607,"confidence":0.718857,"direction":[0.109771,0.648774,-0.753022],"elbow":[48.3508,158.588,298.94],"grabStrength":0,"id":473,"palmNormal":[0.118533,-0.760739,-0.638143],"palmPosition":[35.338,275.737,5.22286],"palmVelocity":[-21.6885,33.043,18.7295],"palmWidth":89.1918,"pinchStrength":0.0946791,"r":[[0.741597,0.485005,0.46347],[-0.373746,0.872428,-0.314935],[-0.557089,0.060334,0.828258]],"s":1.13998,"sphereCenter":[10.8722,264.25,-35.5159],"sphereRadius":52.415,"stabilizedPalmPosition":[35.5273,275.49,5.06128],"t":[63.6018,-28.2917,-18.4766],"timeVisible":8.81291,"type":"right","wrist":[36.3995,244.761,48.9833]}],"id":1686982,"interactionBox":{"center":[0,200,0],"size":[235.247,235.247,147.751]},"pointables":[{"bases":[[[0.312512,0.814752,0.488381],[-0.890071,0.0715604,0.450169],[0.331827,-0.575377,0.747551]],[[0.320085,0.80126,0.505498],[-0.846642,0.00248683,0.532157],[0.425139,-0.598311,0.679176]],[[0.320085,0.80126,0.505498],[-0.916705,0.39664,-0.0482466],[-0.239159,-0.44795,0.861478]],[[0.320085,0.80126,0.505498],[-0.803014,0.512583,-0.304017],[-0.502707,-0.308611,0.807493]]],"btipPosition":[8.4318,285.321,-40.2788],"carpPosition":[9.70857,233.994,40.2709],"dipPosition":[-3.10083,278.241,-21.754],"direction":[0.239159,0.44795,-0.861478],"extended":false,"handId":473,"id":4730,"length":51.0864,"mcpPosition":[9.70857,233.994,40.2709],"pipPosition":[-11.0939,263.27,7.0381],"stabilizedTipPosition":[5.82212,283.687,-36.0275],"timeVisible":8.81291,"tipPosition":[5.88172,283.844,-35.605],"tipVelocity":[-27.0407,14.9148,8.8527],"tool":false,"touchDistance":-0.096745,"touchZone":"touching","type":0,"width":19.8498},{"bases":[[[0.991285,0.127866,0.0316969],[-0.125749,0.846717,0.51697],[0.0392647,-0.51645,0.855417]],[[0.984085,0.172415,-0.0430184],[-0.104854,0.758845,0.642775],[0.143468,-0.628034,0.764846]],[[0.984085,0.172415,-0.0430184],[-0.134377,0.880433,0.454731],[0.116277,-0.441713,0.889589]],[[0.984085,0.172415,-0.0430184],[-0.153954,0.948116,0.278164],[0.088746,-0.267114,0.95957]]],"btipPosition":[3.27537,334.164,-85.1749],"carpPosition":[16.3901,255.532,45.8719],"dipPosition":[4.76168,329.69,-69.104],"direction":[-0.116277,0.441713,-0.889589],"extended":true,"handId":473,"id":4731,"length":57.6453,"mcpPosition":[13.5585,292.776,-15.817],"pipPosition":[7.51661,319.225,-48.0273],"stabilizedTipPosition":[4.69711,332.094,-82.177],"timeVisible":8.81291,"tipPosition":[3.31682,333.651,-81.1308],"tipVelocity":[-31.4727,23.885,18.4324],"tool":false,"touchDistance":0.415437,"touchZone":"hovering","type":1,"width":18.9605},{"bases":[[[0.994291,-0.0893141,0.0583772],[0.0445424,0.844601,0.533541],[-0.0969581,-0.527895,0.843757]],[[0.994588,-0.0876742,0.0557565],[0.0997112,0.654541,-0.749422],[0.0292101,0.750925,0.659741]],[[0.994588,-0.0876742,0.0557565],[-0.0154163,-0.655211,-0.755289],[0.102752,0.750341,-0.653016]],[[0.994588,-0.0876742,0.0557565],[-0.0723077,-0.969416,-0.234528],[0.0746133,0.229227,-0.970509]]],"btipPosition":[29.0059,234.255,-6.17632],"carpPosition":[27.9937,258.77,46.619],"dipPosition":[30.3803,238.477,-24.0537],"direction":[-0.102752,-0.750341,0.653016],"extended":false,"handId":473,"id":4732,"length":65.6822,"mcpPosition":[34.6246,294.872,-11.0848],"pipPosition":[33.2444,259.392,-42.2561],"stabilizedTipPosition":[30.8082,233.29,-11.192],"timeVisible":8.81291,"tipPosition":[29.3694,235.218,-10.4429],"tipVelocity":[-29.7803,33.5943,19.6973],"tool":false,"touchDistance":0.333333,"touchZone":"none","type":2,"width":18.6218},{"bases":[[[0.96298,-0.229438,0.141519],[0.112353,0.818803,0.562973],[-0.245044,-0.526232,0.814269]],[[0.967236,-0.219926,0.126835],[0.239292,0.622835,-0.74486],[0.0848171,0.750806,0.655055]],[[0.967236,-0.219926,0.126835],[-0.0510227,-0.657785,-0.751475],[0.2487,0.720382,-0.647455]],[[0.967236,-0.219926,0.126835],[-0.183384,-0.950714,-0.250026],[0.175571,0.218575,-0.959896]]],"btipPosition":[41.3884,234.734,3.58559],"carpPosition":[40.0257,258.869,47.1109],"dipPosition":[44.6039,238.737,-13.9947],"direction":[-0.2487,-0.720382,0.647455],"extended":false,"handId":473,"id":4733,"length":63.1552,"mcpPosition":[55.0719,291.181,-2.88681],"pipPosition":[51.3572,258.298,-31.576],"stabilizedTipPosition":[43.5334,233.622,-1.28492],"timeVisible":8.81291,"tipPosition":[42.0484,235.674,-0.396774],"tipVelocity":[-26.4076,33.7335,16.3482],"tool":false,"touchDistance":0.333333,"touchZone":"none","type":3,"width":17.7198},{"bases":[[[0.896257,-0.420917,0.139833],[0.23867,0.723419,0.647844],[-0.373846,-0.54726,0.748829]],[[0.873006,-0.452022,0.183132],[0.449755,0.600929,-0.660761],[0.188629,0.659212,0.727914]],[[0.873006,-0.452022,0.183132],[-0.128626,-0.575593,-0.807556],[0.470442,0.681446,-0.560638]],[[0.873006,-0.452022,0.183132],[-0.37397,-0.861456,-0.34357],[0.313061,0.231453,-0.921099]]],"btipPosition":[52.5404,243.314,4.55005],"carpPosition":[52.1382,252.032,46.031],"dipPosition":[57.8299,247.224,-11.013],"direction":[-0.470442,-0.681446,0.560638],"extended":false,"handId":473,"id":4734,"length":49.5125,"mcpPosition":[73.3873,283.138,3.4681],"pipPosition":[66.8493,260.289,-21.7617],"stabilizedTipPosition":[55.0716,242.314,0.24093],"timeVisible":8.81291,"tipPosition":[53.6179,244.265,0.889024],"tipVelocity":[-25.8796,31.4808,15.5695],"tool":false,"touchDistance":0.333333,"touchZone":"none","type":4,"width":15.7401}],"r":[[0.741597,0.485005,0.46347],[-0.373746,0.872428,-0.314935],[-0.557089,0.060334,0.828258]],"s":1.13998,"t":[63.6018,-28.2917,-18.4766],"timestamp":93521064203},false],[6,{"currentFrameRate":55.3614,"devices":[],"gestures":[],"hands":[{"armBasis":[[0.996098,0.0859071,-0.0202344],[-0.0745493,0.941689,0.328122],[0.0472425,-0.325333,0.944419]],"armWidth":62.4607,"confidence":0.714967,"direction":[0.107849,0.650065,-0.752186],"elbow":[48.5982,159.23,299.273],"grabStrength":0,"id":473,"palmNormal":[0.121078,-0.759556,-0.639073],"palmPosition":[34.9431,276.362,5.5976],"palmVelocity":[-21.9993,34.1302,19.8908],"palmWidth":89.1918,"pinchStrength":0.0979545,"r":[[0.743499,0.483598,0.46189],[-0.373567,0.873223,-0.312937],[-0.554669,0.0601212,0.829896]],"s":1.13908,"sphereCenter":[10.6427,264.843,-35.1498],"sphereRadius":52.3443,"stabilizedPalmPosition":[35.1936,275.988,5.36767],"t":[63.2078,-27.6857,-18.1196],"timeVisible":8.83058,"type":"right","wrist":[36.0948,245.334,49.3194]}],"id":1686983,"interactionBox":{"center":[0,200,0],"size":[235.247,235.247,147.751]},"pointables":[{"bases":[[[0.309822,0.815129,0.489464],[-0.890381,0.0681611,0.450083],[0.333514,-0.575255,0.746894]],[[0.31655,0.803244,0.504574],[-0.847023,-0.000104555,0.531556],[0.427022,-0.59565,0.680333]],[[0.31655,0.803244,0.504574],[-0.918476,0.392481,-0.0485842],[-0.237061,-0.44806,0.862]],[[0.31655,0.803244,0.504574],[-0.805946,0.508268,-0.303504],[-0.500247,-0.310585,0.808263]]],"btipPosition":[7.94457,285.739,-40.0532],"carpPosition":[9.44,234.493,40.5882],"dipPosition":[-3.53163,278.614,-21.5108],"direction":[0.237061,0.44806,-0.862],"extended":false,"handId":473,"id":4730,"length":51.0864,"mcpPosition":[9.44,234.493,40.5882],"pipPosition":[-11.4546,263.639,7.29881],"stabilizedTipPosition":[5.37812,284.042,-35.8222],"timeVisible":8.83058,"tipPosition":[5.42372,284.306,-35.3474],"tipVelocity":[-26.9501,18.734,10.7914],"tool":false,"touchDistance":-0.0929176,"touchZone":"touching","type":0,"width":19.8498},{"bases":[[[0.990866,0.130982,0.0320521],[-0.128544,0.845663,0.518007],[0.0407444,-0.517395,0.854776]],[[0.983588,0.175407,-0.0422792],[-0.107533,0.758042,0.64328],[0.144885,-0.628176,0.764463]],[[0.983588,0.175407,-0.0422792],[-0.137346,0.879833,0.455006],[0.11701,-0.441731,0.889484]],[[0.983588,0.175407,-0.0422792],[-0.15703,0.947598,0.278208],[0.0888633,-0.267003,0.95959]]],"btipPosition":[2.75141,334.75,-84.7647],"carpPosition":[16.0519,256.045,46.2175],"dipPosition":[4.23969,330.278,-68.6935],"direction":[-0.11701,0.441731,-0.889484],"extended":true,"handId":473,"id":4731,"length":57.6453,"mcpPosition":[13.1136,293.358,-15.4252],"pipPosition":[7.01197,319.812,-47.6192],"stabilizedTipPosition":[4.27105,332.527,-81.8824],"timeVisible":8.83058,"tipPosition":[2.78867,334.234,-80.7213],"tipVelocity":[-30.6138,28.2458,20.6719],"tool":false,"touchDistance":0.41338,"touchZone":"hovering","type":1,"width":18.9605},{"bases":[[[0.994559,-0.086221,0.0584605],[0.0417501,0.844068,0.534609],[-0.0954391,-0.529259,0.843075]],[[0.994809,-0.0848141,0.0562197],[0.0982463,0.656758,-0.747674],[0.0264906,0.749316,0.661682]],[[0.994809,-0.0848141,0.0562197],[-0.0131133,-0.654751,-0.755731],[0.100907,0.751071,-0.652465]],[[0.994809,-0.0848141,0.0562197],[-0.0694607,-0.969774,-0.23391],[0.0743593,0.228791,-0.970631]]],"btipPosition":[28.7378,234.961,-5.88252],"carpPosition":[27.6449,259.319,46.971],"dipPosition":[30.1076,239.176,-23.7621],"direction":[-0.100907,-0.751071,0.652465],"extended":false,"handId":473,"id":4732,"length":65.6822,"mcpPosition":[34.1719,295.515,-10.6862],"pipPosition":[32.9203,260.111,-41.9492],"stabilizedTipPosition":[30.4468,233.833,-10.9456],"timeVisible":8.83058,"tipPosition":[29.1011,235.893,-10.1319],"tipVelocity":[-22.9814,36.5397,18.2505],"tool":false,"touchDistance":0.333333,"touchZone":"none","type":2,"width":18.6218},{"bases":[[[0.963678,-0.226549,0.14142],[0.109636,0.818449,0.564022],[-0.243524,-0.528031,0.81356]],[[0.96794,-0.216926,0.126628],[0.237423,0.625603,-0.743136],[0.0819863,0.749376,0.65705]],[[0.96794,-0.216926,0.126628],[-0.0486231,-0.656417,-0.75283],[0.246429,0.722537,-0.64592]],[[0.96794,-0.216926,0.126628],[-0.180254,-0.950985,-0.251269],[0.174928,0.220388,-0.959598]]],"btipPosition":[41.1432,235.402,3.84909],"carpPosition":[39.6765,259.457,47.4654],"dipPosition":[44.347,239.439,-13.7257],"direction":[-0.246429,-0.722537,0.64592],"extended":false,"handId":473,"id":4733,"length":63.1552,"mcpPosition":[54.6293,291.879,-2.48881],"pipPosition":[51.0386,259.059,-31.2654],"stabilizedTipPosition":[43.2042,234.161,-1.06757],"timeVisible":8.83058,"tipPosition":[41.7963,236.341,-0.110437],"tipVelocity":[-20.6229,35.86,15.712],"tool":false,"touchDistance":0.333333,"touchZone":"none","type":3,"width":17.7198},{"bases":[[[0.897565,-0.418236,0.139481],[0.236241,0.723362,0.648797],[-0.372246,-0.549387,0.748069]],[[0.87441,-0.449463,0.182728],[0.447945,0.60315,-0.659966],[0.186418,0.658933,0.728736]],[[0.87441,-0.449463,0.182728],[-0.126755,-0.575153,-0.808166],[0.468337,0.683507,-0.559892]],[[0.87441,-0.449463,0.182728],[-0.371249,-0.862282,-0.344447],[0.312379,0.233351,-0.920851]]],"btipPosition":[52.2506,244,4.89456],"carpPosition":[51.8109,252.659,46.3793],"dipPosition":[57.5286,247.942,-10.6643],"direction":[-0.468337,-0.683507,0.559892],"extended":false,"handId":473,"id":4734,"length":49.5125,"mcpPosition":[72.969,283.886,3.85961],"pipPosition":[66.5077,261.047,-21.3987],"stabilizedTipPosition":[54.7512,242.831,0.455245],"timeVisible":8.83058,"tipPosition":[53.3266,244.955,1.23294],"tipVelocity":[-21.5206,35.1185,17.4333],"tool":false,"touchDistance":0.333333,"touchZone":"none","type":4,"width":15.7401}],"r":[[0.743499,0.483598,0.46189],[-0.373567,0.873223,-0.312937],[-0.554669,0.0601212,0.829896]],"s":1.13908,"t":[63.2078,-27.6857,-18.1196],"timestamp":93521081868},false],[7,{"currentFrameRate":55.3609,"devices":[