{"sensorType":"Leap","data":[[0,{"currentFrameRate":110.572,"devices":[],"gestures":[],"hands":[{"armBasis":[[0.99697,0.0346847,-0.0696257],[-0.00741234,0.933373,0.358832],[0.0774327,-0.357228,0.930802]],"armWidth":62.4607,"confidence":0.622314,"direction":[0.133543,0.660883,-0.738512],"elbow":[57.6565,148.275,299.673],"grabStrength":0,"id":473,"palmNormal":[0.0579512,-0.749119,-0.659895],"palmPosition":[37.0845,274.97,10.4032],"palmVelocity":[-40.0778,118.626,23.9954],"palmWidth":89.1918,"pinchStrength":0.071171,"r":[[0.791275,0.425924,0.438716],[-0.316577,0.899207,-0.302004],[-0.523127,0.100081,0.846358]],"s":1.13936,"sphereCenter":[12.3712,264.292,-30.6503],"sphereRadius":51.3631,"stabilizedPalmPosition":[37.589,273.519,10.0951],"t":[65.3572,-29.6268,-13.1565],"timeVisible":17.4625,"type":"right","wrist":[37.1628,242.821,53.3228]}],"id":1687580,"interactionBox":{"center":[0,200,0],"size":[235.247,235.247,147.751]},"pointables":[{"bases":[[[0.372336,0.780753,0.501788],[-0.874254,0.113576,0.471995],[0.31152,-0.614431,0.724865]],[[0.346187,0.82746,0.442114],[-0.847098,0.0731581,0.526378],[0.403212,-0.556739,0.726266]],[[0.346187,0.82746,0.442114],[-0.910485,0.409957,-0.0543396],[-0.226211,-0.383727,0.895311]],[[0.346187,0.82746,0.442114],[-0.891709,0.436673,-0.119044],[-0.291563,-0.353026,0.889024]]],"btipPosition":[4.20095,282.105,-40.9068],"carpPosition":[9.68139,233.94,44.9482],"dipPosition":[-2.48782,274.007,-20.5116],"direction":[0.226211,0.383727,-0.895311],"extended":false,"handId":473,"id":4730,"length":51.0864,"mcpPosition":[9.68139,233.94,44.9482],"pipPosition":[-10.0482,261.182,9.41125],"stabilizedTipPosition":[3.36873,278.496,-36.7124],"timeVisible":17.4625,"tipPosition":[3.03011,280.023,-36.0431],"tipVelocity":[-60.8528,156.388,43.9988],"tool":false,"touchDistance":-0.0842187,"touchZone":"touching","type":0,"width":19.8498},{"bases":[[[0.997724,0.0662799,0.0123774],[-0.0624227,0.838604,0.541153],[0.0254878,-0.540694,0.840833]],[[0.9862,0.135131,-0.0956484],[-0.0498515,0.793308,0.606776],[0.157873,-0.593635,0.789097]],[[0.9862,0.135131,-0.0956484],[-0.0801354,0.895177,0.438448],[0.14487,-0.424733,0.893652]],[[0.9862,0.135131,-0.0956484],[-0.102701,0.952486,0.286746],[0.129852,-0.272966,0.95322]]],"btipPosition":[3.69934,333.499,-80.0624],"carpPosition":[17.7931,254.872,50.9438],"dipPosition":[5.8741,328.928,-64.0979],"direction":[-0.14487,0.424733,-0.893652],"extended":true,"handId":473,"id":4731,"length":57.6453,"mcpPosition":[15.955,293.865,-9.6934],"pipPosition":[9.30647,318.864,-42.9249],"stabilizedTipPosition":[5.2172,329.403,-77.413],"timeVisible":17.4625,"tipPosition":[3.66934,332.547,-76.1903],"tipVelocity":[-46.6761,145.034,46.2972],"tool":false,"touchDistance":0.417214,"touchZone":"hovering","type":1,"width":18.9605},{"bases":[[[0.98792,-0.151318,0.0334273],[0.107728,0.825662,0.553784],[-0.111397,-0.543493,0.831989]],[[0.988967,-0.145967,0.0252442],[0.118417,0.67662,-0.726748],[0.0890002,0.721719,0.68644]],[[0.988967,-0.145967,0.0252442],[-0.0604904,-0.553497,-0.830651],[0.13522,0.81996,-0.556221]],[[0.988967,-0.145967,0.0252442],[-0.125251,-0.914959,-0.383617],[0.0790927,0.376222,-0.923147]]],"btipPosition":[27.7744,230.658,-5.31353],"carpPosition":[29.5872,257.375,51.5091],"dipPosition":[29.2313,237.588,-22.3185],"direction":[-0.13522,-0.81996,0.556221],"extended":false,"handId":473,"id":4732,"length":65.6822,"mcpPosition":[37.2055,294.544,-5.38998],"pipPosition":[33.0005,260.444,-37.8228],"stabilizedTipPosition":[30.1731,226.998,-10.2201],"timeVisible":17.4625,"tipPosition":[28.1778,232.463,-9.48766],"tipVelocity":[-42.2452,123.627,2.0523],"tool":false,"touchDistance":0.333333,"touchZone":"none","type":2,"width":18.6218},{"bases":[[[0.949808,-0.291457,0.113655],[0.174429,0.794995,0.580997],[-0.259691,-0.532011,0.805931]],[[0.957244,-0.275195,0.0891701],[0.251177,0.637768,-0.728122],[0.143506,0.719388,0.679623]],[[0.957244,-0.275195,0.0891701],[-0.0847991,-0.561647,-0.82302],[0.276573,0.78027,-0.560969]],[[0.957244,-0.275195,0.0891701],[-0.221251,-0.895062,-0.387186],[0.186364,0.350903,-0.91768]]],"btipPosition":[40.3473,230.273,4.51824],"carpPosition":[41.6103,256.727,51.7293],"dipPosition":[43.7605,236.699,-12.2888],"direction":[-0.276573,-0.78027,0.560969],"extended":false,"handId":473,"id":4733,"length":63.1552,"mcpPosition":[57.5558,289.394,2.24348],"pipPosition":[51.2707,257.887,-27.5217],"stabilizedTipPosition":[43.2435,226.162,-0.126301],"timeVisible":17.4625,"tipPosition":[41.1954,231.905,0.687601],"tipVelocity":[-39.6452,120.243,-9.00565],"tool":false,"touchDistance":0.333333,"touchZone":"none","type":3,"width":17.7198},{"bases":[[[0.871404,-0.478396,0.108598],[0.296402,0.689839,0.660506],[-0.390898,-0.543378,0.742926]],[[0.82163,-0.536753,0.191883],[0.521343,0.571495,-0.633716],[0.230489,0.620717,0.74939]],[[0.82163,-0.536753,0.191883],[-0.114737,-0.485466,-0.866694],[0.558354,0.690086,-0.460459]],[[0.82163,-0.536753,0.191883],[-0.400971,-0.783492,-0.474724],[0.405149,0.313108,-0.858963]]],"btipPosition":[49.9324,240.045,5.33938],"carpPosition":[53.2532,249.195,50.1996],"dipPosition":[56.7779,245.336,-9.17379],"direction":[-0.558354,-0.690086,0.460459],"extended":false,"handId":473,"id":4734,"length":49.5125,"mcpPosition":[75.4716,280.081,7.97232],"pipPosition":[67.4828,258.566,-18.0018],"stabilizedTipPosition":[53.3794,236.423,1.37187],"timeVisible":17.4625,"tipPosition":[51.7823,241.23,2.24151],"tipVelocity":[-43.9895,123.373,3.05833],"tool":false,"touchDistance":0.333333,"touchZone":"none","type":4,"width":15.7401}],"r":[[0.791275,0.425924,0.438716],[-0.316577,0.899207,-0.302004],[-0.523127,0.100081,0.846358]],"s":1.13936,"t":[65.3572,-29.6268,-13.1565],"timestamp":93529713803},false],[1,{"currentFrameRate":110.642,"devices":[],"gestures":[],"hands":[{"armBasis":[[0.996918,0.0358779,-0.0697639],[-0.0079801,0.931057,0.364785],[0.0780419,-0.363104,0.928474]],"armWidth":62.4607,"confidence":0.572946,"direction":[0.133309,0.666073,-0.733877],"elbow":[57.4925,147.445,299.108],"grabStrength":0,"id":473,"palmNormal":[0.0585563,-0.744486,-0.665065],"palmPosition":[36.7496,275.991,10.6789],"palmVelocity":[-39.3967,117.533,25.8817],"palmWidth":89.1918,"pinchStrength":0.0648072,"r":[[0.791839,0.424315,0.439259],[-0.317186,0.900348,-0.297936],[-0.521904,0.09659,0.847518]],"s":1.1396,"sphereCenter":[12.1897,265.492,-30.5164],"sphereRadius":51.3467,"stabilizedPalmPosition":[37.1445,274.828,10.4042],"t":[64.9887,-28.5386,-12.9189],"timeVisible":17.4714,"type":"right","wrist":[36.8377,243.545,53.3743]}],"id":1687581,"interactionBox":{"center":[0,200,0],"size":[235.247,235.247,147.751]},"pointables":[{"bases":[[[0.371748,0.777477,0.507281],[-0.87443,0.109767,0.47257],[0.31173,-0.619258,0.720655]],[[0.346763,0.82265,0.450557],[-0.845751,0.0665475,0.529411],[0.405537,-0.56464,0.718834]],[[0.346763,0.82265,0.450557],[-0.911215,0.409343,-0.0460991],[-0.222356,-0.394569,0.891556]],[[0.346763,0.82265,0.450557],[-0.891301,0.438618,-0.114876],[-0.292125,-0.361748,0.885326]]],"btipPosition":[3.65342,283.821,-40.3491],"carpPosition":[9.36355,234.706,44.9319],"dipPosition":[-3.04826,275.522,-20.0388],"direction":[0.222356,0.394569,-0.891556],"extended":false,"handId":473,"id":4730,"length":51.0864,"mcpPosition":[9.36355,234.706,44.9319],"pipPosition":[-10.4798,262.335,9.75861],"stabilizedTipPosition":[2.69726,280.321,-36.1596],"timeVisible":17.4714,"tipPosition":[2.52458,281.593,-35.6005],"tipVelocity":[-61.099,164.798,48.4588],"tool":false,"touchDistance":-0.0895959,"touchZone":"touching","type":0,"width":19.8498},{"bases":[[[0.997681,0.0667975,0.0130675],[-0.0630553,0.83479,0.546946],[0.025626,-0.546501,0.837066]],[[0.986321,0.135757,-0.0934931],[-0.0508454,0.790101,0.610865],[0.156798,-0.597755,0.786195]],[[0.986321,0.135757,-0.0934931],[-0.0809316,0.892953,0.442814],[0.1436,-0.42919,0.891726]],[[0.986321,0.135757,-0.0934931],[-0.103294,0.951051,0.291258],[0.128457,-0.277617,0.952065]]],"btipPosition":[3.4562,335.004,-79.4728],"carpPosition":[17.4612,255.601,51.0745],"dipPosition":[5.60759,330.354,-63.5277],"direction":[-0.1436,0.42919,-0.891726],"extended":true,"handId":473,"id":4731,"length":57.6453,"mcpPosition":[15.6131,295.012,-9.29102],"pipPosition":[9.00986,320.186,-42.4003],"stabilizedTipPosition":[4.77766,330.976,-76.855],"timeVisible":17.4714,"tipPosition":[3.41543,334.069,-75.5847],"tipVelocity":[-41.5569,150.965,51.5651],"tool":false,"touchDistance":0.417603,"touchZone":"hovering","type":1,"width":18.9605},{"bases":[[[0.988004,-0.150948,0.0326043],[0.1071,0.821864,0.559526],[-0.111255,-0.549322,0.828171]],[[0.989058,-0.145495,0.0243938],[0.118137,0.682085,-0.721667],[0.0883604,0.716652,0.69181]],[[0.989058,-0.145495,0.0243938],[-0.0598827,-0.547063,-0.834947],[0.134826,0.82435,-0.54979]],[[0.989058,-0.145495,0.0243938],[-0.124529,-0.912042,-0.390733],[0.079098,0.38342,-0.920181]]],"btipPosition":[27.4722,231.773,-5.38926],"carpPosition":[29.2536,258.107,51.6599],"dipPosition":[28.9292,238.836,-22.3396],"direction":[-0.134826,-0.82435,0.54979],"extended":false,"handId":473,"id":4732,"length":65.6822,"mcpPosition":[36.8622,295.675,-4.97809],"pipPosition":[32.6874,261.815,-37.6646],"stabilizedTipPosition":[29.6545,228.401,-10.0157],"timeVisible":17.4714,"tipPosition":[27.8727,233.608,-9.52598],"tipVelocity":[-39.9712,124.964,-0.436436],"tool":false,"touchDistance":0.333333,"touchZone":"none","type":2,"width":18.6218},{"bases":[[[0.949959,-0.291663,0.111848],[0.173814,0.791049,0.586541],[-0.25955,-0.537749,0.80216]],[[0.957376,-0.275263,0.0875326],[0.251145,0.643579,-0.723002],[0.142681,0.714168,0.685278]],[[0.957376,-0.275263,0.0875326],[-0.0840025,-0.555278,-0.827412],[0.276361,0.784791,-0.554732]],[[0.957376,-0.275263,0.0875326],[-0.220525,-0.892276,-0.393969],[0.186548,0.357873,-0.914946]]],"btipPosition":[40.0439,231.341,4.43181],"carpPosition":[41.277,257.465,51.8784],"dipPosition":[43.4605,237.896,-12.3252],"direction":[-0.276361,-0.784791,0.554732],"extended":false,"handId":473,"id":4733,"length":63.1552,"mcpPosition":[57.2139,290.484,2.62415],"pipPosition":[50.9649,259.206,-27.3887],"stabilizedTipPosition":[42.7642,227.49,0.0134718],"timeVisible":17.4714,"tipPosition":[40.8891,232.995,0.632491],"tipVelocity":[-38.0939,121.039,-8.84205],"tool":false,"touchDistance":0.333333,"touchZone":"none","type":3,"width":17.7198},{"bases":[[[0.87167,-0.478609,0.105477],[0.295833,0.685418,0.665346],[-0.390736,-0.548759,0.739046]],[[0.821608,-0.537882,0.188796],[0.521701,0.575997,-0.629329],[0.229759,0.615557,0.753857]],[[0.821608,-0.537882,0.188796],[-0.113787,-0.479269,-0.870261],[0.558581,0.69353,-0.454975]],[[0.821608,-0.537882,0.188796],[-0.400282,-0.780167,-0.480744],[0.405876,0.319411,-0.856295]]],"btipPosition":[49.6036,241.113,5.35435],"carpPosition":[52.9249,249.951,50.2992],"dipPosition":[56.4613,246.51,-9.11374],"direction":[-0.558581,-0.69353,0.454975],"extended":false,"handId":473,"id":4734,"length":49.5125,"mcpPosition":[75.1341,281.142,8.29234],"pipPosition":[67.1706,259.807,-17.8366],"stabilizedTipPosition":[52.883,237.762,1.5197],"timeVisible":17.4714,"tipPosition":[51.4555,242.321,2.26909],"tipVelocity":[-41.9704,123.151,2.99966],"tool":false,"touchDistance":0.333333,"touchZone":"none","type":4,"width":15.7401}],"r":[[0.791839,0.424315,0.439259],[-0.317186,0.900348,-0.297936],[-0.521904,0.09659,0.847518]],"s":1.1396,"t":[64.9887,-28.5386,-12.9189],"timestamp":93529722717},false],[2,{"currentFrameRate":110.585,"devices":[],"gestures":[],"hands":[{"armBasis":[[0.996689,0.0422248,-0.0694909],[-0.0136099,0.929174,0.369392],[0.0801666,-0.367223,0.926672]],"armWidth":62.4607,"confidence":0.579689,"direction":[0.130753,0.672612,-0.728353],"elbow":[57.6633,147.285,298.661],"grabStrength":0,"id":473,"palmNormal":[0.0640676,-0.738856,-0.67081],"palmPosition":[36.246,277.257,10.9661],"palmVelocity":[-43.7582,123.334,27.4216],"palmWidth":89.1918,"pinchStrength":0.0604368,"r":[[0.791639,0.423248,0.440645],[-0.318605,0.901346,-0.293371],[-0.521343,0.0918522,0.84839]],"s":1.1399,"sphereCenter":[11.9305,266.879,-30.3929],"sphereRadius":51.3329,"stabilizedPalmPosition":[36.6292,276.221,10.7265],"t":[64.5527,-27.3618,-12.6566],"timeVisible":17.4806,"type":"right","wrist":[36.4461,244.475,53.4043]}],"id":1687582,"interactionBox":{"center":[0,200,0],"size":[235.247,235.247,147.751]},"pointables":[{"bases":[[[0.366319,0.775585,0.51408],[-0.875897,0.100964,0.471816],[0.31403,-0.623117,0.716317]],[[0.341912,0.819841,0.4593],[-0.845908,0.0556257,0.53042],[0.409312,-0.569882,0.712529]],[[0.341912,0.819841,0.4593],[-0.913927,0.403851,-0.0405207],[-0.218709,-0.405912,0.887357]],[[0.341912,0.819841,0.4593],[-0.892328,0.436517,-0.114907],[-0.294698,-0.370558,0.880818]]],"btipPosition":[3.08118,285.497,-39.8867],"carpPosition":[9.03891,235.544,44.842],"dipPosition":[-3.6795,276.996,-19.6798],"direction":[0.218709,0.405912,-0.887357],"extended":false,"handId":473,"id":4730,"length":51.0864,"mcpPosition":[9.03891,235.544,44.842],"pipPosition":[-10.9891,263.429,9.97721],"stabilizedTipPosition":[2.02699,282.164,-35.6327],"timeVisible":17.4806,"tipPosition":[1.95519,283.178,-35.2271],"tipVelocity":[-61.9243,168.523,48.3214],"tool":false,"touchDistance":-0.0969453,"touchZone":"touching","type":0,"width":19.8498},{"bases":[[[0.997251,0.0724691,0.0154249],[-0.0688794,0.830063,0.553399],[0.0273007,-0.55294,0.832774]],[[0.985829,0.141683,-0.0898136],[-0.0568139,0.78575,0.615929],[0.157838,-0.602098,0.782665]],[[0.985829,0.141683,-0.0898136],[-0.0870067,0.889608,0.44836],[0.143424,-0.434192,0.889329]],[[0.985829,0.141683,-0.0898136],[-0.109264,0.94858,0.297083],[0.127287,-0.283059,0.950618]]],"btipPosition":[2.85831,336.696,-78.844],"carpPosition":[17.0041,256.436,51.1642],"dipPosition":[4.99011,331.956,-62.9231],"direction":[-0.143424,0.434192,-0.889329],"extended":true,"handId":473,"id":4731,"length":57.6453,"mcpPosition":[15.0353,296.312,-8.89181],"pipPosition":[8.38821,321.668,-41.8524],"stabilizedTipPosition":[4.25501,332.669,-76.2432],"timeVisible":17.4806,"tipPosition":[2.81014,335.76,-74.9486],"tipVelocity":[-48.3256,159.821,56.1851],"tool":false,"touchDistance":0.418526,"touchZone":"hovering","type":1,"width":18.9605},{"bases":[[[0.988804,-0.145476,0.0332253],[0.101326,0.818024,0.566189],[-0.109546,-0.556483,0.823606]],[[0.989844,-0.139934,0.0250326],[0.115362,0.687832,-0.716644],[0.0830649,0.712254,0.696989]],[[0.989844,-0.139934,0.0250326],[-0.0552889,-0.541194,-0.839078],[0.130963,0.829173,-0.543435]],[[0.989844,-0.139934,0.0250326],[-0.118529,-0.909647,-0.398113],[0.0784805,0.391103,-0.916995]]],"btipPosition":[27.2516,233.094,-5.42649],"carpPosition":[28.7807,259.006,51.7909],"dipPosition":[28.6973,240.298,-22.3181],"direction":[-0.130963,-0.829172,0.543435],"extended":false,"handId":473,"id":4732,"length":65.6822,"mcpPosition":[36.2724,297.064,-4.5348],"pipPosition":[32.3478,263.411,-37.466],"stabilizedTipPosition":[29.1646,229.904,-9.84912],"timeVisible":17.4806,"tipPosition":[27.6479,234.965,-9.55661],"tipVelocity":[-35.6401,131.371,-1.0372],"tool":false,"touchDistance":0.333333,"touchZone":"none","type":2,"width":18.6218},{"bases":[[[0.951435,-0.287031,0.111287],[0.168168,0.787384,0.593082],[-0.257858,-0.545564,0.797414]],[[0.958793,-0.270413,0.0871377],[0.248733,0.650749,-0.717396],[0.137288,0.709509,0.691194]],[[0.958793,-0.270413,0.0871377],[-0.0793287,-0.549324,-0.831836],[0.272806,0.790646,-0.548139]],[[0.958793,-0.270413,0.0871377],[-0.214691,-0.890493,-0.401161],[0.186075,0.365923,-0.911853]]],"btipPosition":[39.8117,232.686,4.37644],"carpPosition":[40.8072,258.432,52.0264],"dipPosition":[43.2196,239.387,-12.3239],"direction":[-0.272806,-0.790646,0.548139],"extended":false,"handId":473,"id":4733,"length":63.1552,"mcpPosition":[56.6402,291.931,3.06358],"pipPosition":[50.6275,260.857,-27.2084],"stabilizedTipPosition":[42.2984,228.937,0.125565],"timeVisible":17.4806,"tipPosition":[40.6529,234.369,0.589514],"tipVelocity":[-34.6213,129.304,-7.66979],"tool":false,"touchDistance":0.333333,"touchZone":"none","type":3,"width":17.7198},{"bases":[[[0.874244,-0.474371,0.103296],[0.290658,0.681841,0.671275],[-0.388865,-0.556834,0.733975]],[[0.824127,-0.534846,0.186423],[0.519939,0.583812,-0.62356],[0.224673,0.610822,0.759222]],[[0.824127,-0.534846,0.186423],[-0.109078,-0.472841,-0.87437],[0.555802,0.700258,-0.448021]],[[0.824127,-0.534846,0.186423],[-0.394813,-0.778448,-0.487998],[0.406125,0.32857,-0.852704]]],"btipPosition":[49.299,242.5,5.3728],"carpPosition":[52.5014,250.998,50.4093],"dipPosition":[56.1609,248.052,-9.03461],"direction":[-0.555802,-0.700258,0.448021],"extended":false,"handId":473,"id":4734,"length":49.5125,"mcpPosition":[74.6042,282.649,8.69076],"pipPosition":[66.8169,261.477,-17.6242],"stabilizedTipPosition":[52.3983,239.216,1.65006],"timeVisible":17.4806,"tipPosition":[51.1503,243.742,2.30309],"tipVelocity":[-39.5298,132.164,3.15106],"tool":false,"touchDistance":0.333333,"touchZone":"none","type":4,"width":15.7401}],"r":[[0.791639,0.423248,0.440645],[-0.318605,0.901346,-0.293371],[-0.521343,0.0918522,0.84839]],"s":1.1399,"t":[64.5527,-27.3618,-12.6566],"timestamp":93529731861},false],[3,{"currentFrameRate":110.689,"devices":[],"gestures":[],"hands":[{"armBasis":[[0.996374,0.0458158,-0.0716862],[-0.0158147,0.927666,0.373076],[0.0835937,-0.37059,0.925027]],"armWidth":62.4607,"confidence":0.583633,"direction":[0.129958,0.6743,-0.726932],"elbow":[58.1461,147.107,298.474],"grabStrength":0,"id":473,"palmNormal":[0.0658135,-0.737399,-0.672243],"palmPosition":[35.7872,278.054,11.28],"palmVelocity":[-45.9481,114.329,29.6002],"palmWidth":89.1918,"pinchStrength":0.0590019,"r":[[0.791275,0.422501,0.442014],[-0.320032,0.902126,-0.289393],[-0.521021,0.0875309,0.849044]],"s":1.14003,"sphereCenter":[11.6563,267.65,-30.1409],"sphereRadius":51.2881,"stabilizedPalmPosition":[36.1323,277.303,11.0531],"t":[64.1052,-26.3748,-12.3684],"timeVisible":17.4894,"type":"right","wrist":[36.0218,245.188,53.6529]}],"id":1687583,"interactionBox":{"center":[0,200,0],"size":[235.247,235.247,147.751]},"pointables":[{"bases":[[[0.364598,0.775224,0.515844],[-0.87636,0.0984261,0.471493],[0.314741,-0.623971,0.715261]],[[0.340364,0.81918,0.461623],[-0.845932,0.0524151,0.530708],[0.41055,-0.571136,0.710811]],[[0.340364,0.81918,0.461623],[-0.914784,0.402057,-0.038989],[-0.217538,-0.409015,0.886219]],[[0.340364,0.81918,0.461623],[-0.89219,0.436367,-0.116533],[-0.296899,-0.372192,0.879388]]],"btipPosition":[2.62915,286.379,-39.5174],"carpPosition":[8.63609,236.224,45.0565],"dipPosition":[-4.18204,277.841,-19.3433],"direction":[0.217538,0.409015,-0.886219],"extended":false,"handId":473,"id":4730,"length":51.0864,"mcpPosition":[8.63609,236.224,45.0565],"pipPosition":[-11.4525,264.171,10.2757],"stabilizedTipPosition":[1.46357,283.479,-35.1914],"timeVisible":17.4894,"tipPosition":[1.48155,284.05,-34.8867],"tipVelocity":[-59.3435,149.638,46.307],"tool":false,"touchDistance":-0.101339,"touchZone":"touching","type":0,"width":19.8498},{"bases":[[[0.997108,0.0742562,0.0161649],[-0.0707221,0.828831,0.555011],[0.027815,-0.554549,0.831686]],[[0.985775,0.14312,-0.0881181],[-0.0589807,0.785521,0.616018],[0.157383,-0.602058,0.782788]],[[0.985775,0.14312,-0.0881181],[-0.0890372,0.889367,0.448441],[0.14255,-0.434216,0.889458]],[[0.985775,0.14312,-0.0881181],[-0.111111,0.948314,0.297245],[0.126106,-0.283226,0.950726]]],"btipPosition":[2.43615,337.496,-78.5147],"carpPosition":[16.5594,257.118,51.425],"dipPosition":[4.54815,332.753,-62.592],"direction":[-0.14255,0.434216,-0.889458],"extended":true,"handId":473,"id":4731,"length":57.6453,"mcpPosition":[14.5535,297.11,-8.55254],"pipPosition":[7.92556,322.465,-41.5184],"stabilizedTipPosition":[3.77161,334.024,-75.7389],"timeVisible":17.4894,"tipPosition":[2.38151,336.589,-74.6012],"tipVelocity":[-48.296,140.996,51.059],"tool":false,"touchDistance":0.414951,"touchZone":"hovering","type":1,"width":18.9605},{"bases":[[[0.989048,-0.143739,0.0335258],[0.0994969,0.817077,0.567879],[-0.109019,-0.558323,0.822429]],[[0.990089,-0.138145,0.0252946],[0.114392,0.688765,-0.715903],[0.0814764,0.711701,0.697741]],[[0.990089,-0.138145,0.0252946],[-0.0539435,-0.540365,-0.8397],[0.129669,0.830013,-0.542461]],[[0.990089,-0.138145,0.0252946],[-0.116661,-0.909266,-0.399531],[0.0781928,0.39262,-0.916371]]],"btipPosition":[26.8823,233.897,-5.14721],"carpPosition":[28.3309,259.708,52.0639],"dipPosition":[28.3226,241.129,-22.0273],"direction":[-0.129669,-0.830013,0.542461],"extended":false,"handId":473,"id":4732,"length":65.6822,"mcpPosition":[35.7866,297.892,-4.18136],"pipPosition":[31.9371,264.265,-37.1481],"stabilizedTipPosition":[28.6987,231.254,-9.65343],"timeVisible":17.4894,"tipPosition":[27.2755,235.772,-9.28796],"tipVelocity":[-37.327,120.56,7.8666],"tool":false,"touchDistance":0.333333,"touchZone":"none","type":2,"width":18.6218},{"bases":[[[0.951891,-0.285517,0.111282],[0.16638,0.786505,0.594751],[-0.257336,-0.547623,0.796171]],[[0.959203,-0.268909,0.087274],[0.248265,0.653492,-0.715061],[0.135254,0.707556,0.693593]],[[0.959203,-0.268909,0.087274],[-0.0775046,-0.546986,-0.833546],[0.271886,0.792776,-0.545513]],[[0.959203,-0.268909,0.087274],[-0.21276,-0.889884,-0.403535],[0.186178,0.368504,-0.910792]]],"btipPosition":[39.4429,233.516,4.53602],"carpPosition":[40.3583,259.156,52.3054],"dipPosition":[42.8527,240.265,-12.1449],"direction":[-0.271886,-0.792776,0.545513],"extended":false,"handId":473,"id":4733,"length":63.1552,"mcpPosition":[56.1593,292.781,3.41894],"pipPosition":[50.2356,261.793,-26.9581],"stabilizedTipPosition":[41.8475,230.272,0.250504],"timeVisible":17.4894,"tipPosition":[40.2801,235.199,0.777687],"tipVelocity":[-36.5159,120.034,-0.576137],"tool":false,"touchDistance":0.333333,"touchZone":"none","type":3,"width":17.7198},{"bases":[[[0.875046,-0.472982,0.102873],[0.289015,0.68103,0.672807],[-0.388285,-0.559005,0.732631]],[[0.824818,-0.533892,0.186103],[0.519553,0.585866,-0.621953],[0.223024,0.609689,0.760618]],[[0.824818,-0.533892,0.186103],[-0.107482,-0.471212,-0.875447],[0.555088,0.702082,-0.446048]],[[0.824818,-0.533892,0.186103],[-0.393077,-0.778072,-0.489994],[0.406405,0.331003,-0.851629]]],"btipPosition":[48.8977,243.335,5.61599],"carpPosition":[52.067,251.747,50.6805],"dipPosition":[55.7644,248.928,-8.77325],"direction":[-0.555088,-0.702082,0.446048],"extended":false,"handId":473,"id":4734,"length":49.5125,"mcpPosition":[74.1368,283.52,9.03833],"pipPosition":[66.4067,262.388,-17.325],"stabilizedTipPosition":[51.9328,240.526,1.80909],"timeVisible":17.4894,"tipPosition":[50.7489,244.586,2.55011],"tipVelocity":[-41.0704,122.209,9.86433],"tool":false,"touchDistance":0.333333,"touchZone":"none","type":4,"width":15.7401}],"r":[[0.791275,0.422501,0.442014],[-0.320032,0.902126,-0.289393],[-0.521021,0.0875309,0.849044]],"s":1.14003,"t":[64.1052,-26.3748,-12.3684],"timestamp":93529740711},false],[4,{"currentFrameRate":110.628,"devices":[],"gestures":[],"hands":[{"armBasis":[[0.99617,0.0469074,-0.0737857],[-0.0156274,0.925839,0.377596],[0.0860257,-0.374996,0.923026]],"armWidth":62.4607,"confidence":0.58862,"direction":[0.128392,0.673833,-0.727643],"elbow":[58.494,146.525,298.225],"grabStrength":0,"id":473,"palmNormal":[0.0641826,-0.737823,-0.671935],"palmPosition":[35.3994,278.612,11.5402],"palmVelocity":[-44.9595,99.4883,29.278],"palmWidth":89.1918,"pinchStrength":0.0574267,"r":[[0.791198,0.421933,0.442695],[-0.321279,0.902709,-0.286174],[-0.520371,0.0841917,0.84978]],"s":1.13997,"sphereCenter":[11.3542,268.082,-29.8685],"sphereRadius":51.2306,"stabilizedPalmPosition":[35.6733,278.122,11.3582],"t":[63.6876,-25.6023,-12.0943],"timeVisible":17.4986,"type":"right","wrist":[35.7261,245.773,53.9328]}],"id":1687584,"interactionBox":{"center":[0,200,0],"size":[235.247,235.247,147.751]},"pointables":[{"bases":[[[0.365877,0.775493,0.514533],[-0.87527,0.0988369,0.473427],[0.316285,-0.623572,0.714928]],[[0.341922,0.818764,0.461211],[-0.844076,0.0518525,0.53371],[0.413068,-0.571784,0.708829]],[[0.341922,0.818764,0.461211],[-0.915016,0.401888,-0.035098],[-0.214092,-0.410014,0.886596]],[[0.341922,0.818764,0.461211],[-0.891362,0.438001,-0.116743],[-0.297595,-0.371189,0.879577]]],"btipPosition":[2.0903,287.004,-39.0895],"carpPosition":[8.31966,236.807,45.4043],"dipPosition":[-4.73686,278.489,-18.9111],"direction":[0.214092,0.410014,-0.886596],"extended":false,"handId":473,"id":4730,"length":51.0864,"mcpPosition":[8.31966,236.807,45.4043],"pipPosition":[-11.8922,264.785,10.7205],"stabilizedTipPosition":[0.884689,284.44,-34.7356],"timeVisible":17.4986,"tipPosition":[0.935462,284.664,-34.4915],"tipVelocity":[-59.3346,127.159,46.468],"tool":false,"touchDistance":-0.10032,"touchZone":"touching","type":0,"width":19.8498},{"bases":[[[0.997152,0.0741303,0.0138477],[-0.0693459,0.829184,0.554658],[0.0296347,-0.554039,0.831963]],[[0.985744,0.142395,-0.0896299],[-0.0580347,0.787758,0.613245],[0.157929,-0.5993,0.784791]],[[0.985744,0.142395,-0.0896299],[-0.0882345,0.89106,0.445226],[0.143263,-0.43097,0.890921]],[[0.985744,0.142395,-0.0896299],[-0.110426,0.949435,0.293902],[0.126948,-0.279815,0.951624]]],"btipPosition":[1.95179,337.795,-78.352],"carpPosition":[16.2603,257.704,51.7418],"dipPosition":[4.07791,333.108,-62.4143],"direction":[-0.143263,0.43097,-0.890921],"extended":true,"handId":473,"id":4731,"length":57.6453,"mcpPosition":[14.1231,297.659,-8.25574],"pipPosition":[7.47221,322.897,-41.3059],"stabilizedTipPosition":[3.2747,335.029,-75.3459],"timeVisible":17.4986,"tipPosition":[1.90593,336.96,-74.4016],"tipVelocity":[-49.4934,111.233,41.9037],"tool":false,"touchDistance":0.409282,"touchZone":"hovering","type":1,"width":18.9605},{"bases":[[[0.989102,-0.143853,0.0313617],[0.1009,0.817414,0.567145],[-0.107221,-0.5578,0.82302]],[[0.99013,-0.138237,0.0230845],[0.112787,0.688152,-0.716747],[0.0831952,0.712276,0.696951]],[[0.99013,-0.138237,0.0230845],[-0.0560147,-0.541308,-0.838957],[0.128471,0.829383,-0.543709]],[[0.99013,-0.138237,0.0230845],[-0.117728,-0.909723,-0.398177],[0.0760433,0.391529,-0.917018]]],"btipPosition":[26.4537,234.456,-4.81525],"carpPosition":[28.0335,260.293,52.3523],"dipPosition":[27.8545,241.668,-21.7073],"direction":[-0.128471,-0.829383,0.543709],"extended":false,"handId":473,"id":4732,"length":65.6822,"mcpPosition":[35.3663,298.44,-3.93341],"pipPosition":[31.4355,264.787,-36.8628],"stabilizedTipPosition":[28.2176,232.471,-9.41497],"timeVisible":17.4986,"tipPosition":[26.835,236.319,-8.96215],"tipVelocity":[-40.256,103.872,15.696],"tool":false,"touchDistance":0.333333,"touchZone":"none","type":2,"width":18.6218},{"bases":[[[0.952103,-0.285578,0.10929],[0.16784,0.786849,0.593884],[-0.255595,-0.547095,0.797093]],[[0.959335,-0.269054,0.0853541],[0.247117,0.654413,-0.714616],[0.136414,0.706649,0.69429]],[[0.959335,-0.269054,0.0853541],[-0.0789154,-0.545979,-0.834074],[0.271013,0.793421,-0.545009]],[[0.959335,-0.269054,0.0853541],[-0.213609,-0.889666,-0.403565],[0.184518,0.368922,-0.910961]]],"btipPosition":[39.0424,234.081,4.69957],"carpPosition":[40.0614,259.739,52.5668],"dipPosition":[42.4218,240.838,-11.9845],"direction":[-0.271013,-0.793421,0.545009],"extended":false,"handId":473,"id":4733,"length":63.1552,"mcpPosition":[55.7555,293.332,3.62362],"pipPosition":[49.781,262.383,-26.7839],"stabilizedTipPosition":[41.3804,231.507,0.391416],"timeVisible":17.4986,"tipPosition":[39.8666,235.755,0.979889],"tipVelocity":[-38.7516,103.869,4.54001],"tool":false,"touchDistance":0.333333,"touchZone":"none","type":3,"width":17.7198},{"bases":[[[0.875214,-0.473037,0.101172],[0.290639,0.681406,0.671725],[-0.38669,-0.558499,0.733859]],[[0.82501,-0.534053,0.184789],[0.518526,0.58536,-0.623286],[0.2247,0.610034,0.759848]],[[0.82501,-0.534053,0.184789],[-0.10927,-0.471572,-0.875031],[0.554454,0.701718,-0.447407]],[[0.82501,-0.534053,0.184789],[-0.394237,-0.778181,-0.488888],[0.404891,0.330487,-0.85255]]],"btipPosition":[48.4851,243.89,5.85378],"carpPosition":[51.7653,252.327,50.9198],"dipPosition":[55.3262,249.474,-8.55104],"direction":[-0.554454,-0.701718,0.447407],"extended":false,"handId":473,"id":4734,"length":49.5125,"mcpPosition":[73.7445,284.072,9.20777],"pipPosition":[65.9563,262.928,-17.1288],"stabilizedTipPosition":[51.4592,241.7,1.99394],"timeVisible":17.4986,"tipPosition":[50.3285,245.139,2.78465],"tipVelocity":[-42.3738,105.026,14.246],"tool":false,"touchDistance":0.333333,"touchZone":"none","type":4,"width":15.7401}],"r":[[0.791198,0.421933,0.442695],[-0.321279,0.902709,-0.286174],[-0.520371,0.0841917,0.84978]],"s":1.13997,"t":[63.6876,-25.6023,-12.0943],"timestamp":93529749858},false],[5,{"currentFrameRate":101.324,"devices":[],"gestures":[],"hands":[{"armBasis":[[0.994998,0.0518041,-0.0854124],[-0.015732,0.925617,0.378135],[0.0986481,-0.3749,0.921802]],"armWidth":62.4607,"confidence":0.598787,"direction":[0.12259,0.67722,-0.725496],"elbow":[60.8296,147.687,298.444],"grabStrength":0,"id":473,"palmNormal":[0.0626887,-0.734834,-0.675344],"palmPosition":[34.0746,279.923,12.2232],"palmVelocity":[-47.47,67.9609,26.7997],"palmWidth":89.1918,"pinchStrength":0.0502551,"r":[[0.791368,0.42156,0.442746],[-0.323094,0.903219,-0.282499],[-0.518987,0.0805126,0.850982]],"s":1.14004,"sphereCenter":[10.0979,269.321,-29.2028],"sphereRadius":51.1848,"stabilizedPalmPosition":[34.1364,279.854,12.1898],"t":[62.8164,-24.5603,-11.6157],"timeVisible":17.5256,"type":"right","wrist":[34.721,246.909,54.4759]}],"id":1687585,"interactionBox":{"center":[0,200,0],"size":[235.247,235.247,147.751]},"pointables":[{"bases":[[[0.366416,0.774389,0.515811],[-0.873007,0.0943601,0.478493],[0.321868,-0.625633,0.710622]],[[0.343895,0.814785,0.466756],[-0.838807,0.0431336,0.542718],[0.422066,-0.578156,0.698281]],[[0.343895,0.814785,0.466756],[-0.916754,0.398904,-0.0208973],[-0.203218,-0.420714,0.884139]],[[0.343895,0.814785,0.466756],[-0.890107,0.441179,-0.114327],[-0.299075,-0.376146,0.876965]]],"btipPosition":[0.29579,288.881,-37.7794],"carpPosition":[7.29493,237.901,46.0562],"dipPosition":[-6.56531,280.252,-17.6609],"direction":[0.203218,0.420714,-0.884139],"extended":false,"handId":473,"id":4730,"length":51.0864,"mcpPosition":[7.29493,237.901,46.0562],"pipPosition":[-13.3572,266.191,11.8886],"stabilizedTipPosition":[-1.15903,286.756,-33.2422],"timeVisible":17.5256,"tipPosition":[-0.842946,286.41,-33.3264],"tipVelocity":[-63.8822,90.8526,47.3932],"tool":false,"touchDistance":-0.0788061,"touchZone":"touching","type":0,"width":19.8498},{"bases":[[[0.996998,0.076926,0.00884387],[-0.0687376,0.826666,0.558478],[0.0356505,-0.557409,0.829472]],[[0.985091,0.144734,-0.0929919],[-0.0579763,0.788227,0.612648],[0.16197,-0.598123,0.784866]],[[0.985091,0.144734,-0.0929919],[-0.0891109,0.89167,0.443829],[0.147155,-0.428926,0.891273]],[[0.985091,0.144734,-0.0929919],[-0.111984,0.949826,0.292043],[0.130595,-0.277276,0.951873]]],"btipPosition":[0.144133,338.987,-77.4913],"carpPosition":[15.2099,258.794,52.4386],"dipPosition":[2.33133,334.343,-61.5494],"direction":[-0.147155,0.428926,-0.891273],"extended":true,"handId":473,"id":4731,"length":57.6453,"mcpPosition":[12.6389,298.992,-7.37934],"pipPosition":[5.81784,324.181,-40.4327],"stabilizedTipPosition":[1.38012,337.113,-74.249],"timeVisible":17.5256,"tipPosition":[0.122136,338.264,-73.4799],"tipVelocity":[-59.9299,69.933,35.7041],"tool":false,"touchDistance":0.414613,"touchZone":"hovering","type":1,"width":18.9605},{"bases":[[[0.98966,-0.14115,0.0254899],[0.101606,0.815332,0.570009],[-0.10124,-0.561525,0.821243]],[[0.99063,-0.135483,0.0172102],[0.106968,0.691367,-0.714541],[0.0849096,0.709687,0.699382]],[[0.99063,-0.135483,0.0172102],[-0.0590154,-0.538302,-0.840683],[0.123163,0.83179,-0.541254]],[[0.99063,-0.135483,0.0172102],[-0.117297,-0.908582,-0.4009],[0.0699521,0.395125,-0.91596]]],"btipPosition":[25.1691,235.82,-4.25162],"carpPosition":[26.9788,261.413,52.9971],"dipPosition":[26.4577,243.099,-21.1242],"direction":[-0.123163,-0.83179,0.541254],"extended":false,"handId":473,"id":4732,"length":65.6822,"mcpPosition":[33.9025,299.816,-3.16704],"pipPosition":[29.8908,266.284,-36.2113],"stabilizedTipPosition":[26.6833,235.271,-8.69987],"timeVisible":17.5256,"tipPosition":[25.5207,237.692,-8.39366],"tipVelocity":[-45.3464,71.195,18.9899],"tool":false,"touchDistance":0.333333,"touchZone":"none","type":2,"width":18.6218},{"bases":[[[0.953481,-0.283304,0.103022],[0.168774,0.784848,0.596262],[-0.24978,-0.551137,0.796152]],[[0.960512,-0.266726,0.0792109],[0.241786,0.659257,-0.711983],[0.137684,0.70302,0.697714]],[[0.960512,-0.266726,0.0792109],[-0.0813909,-0.541577,-0.836702],[0.266069,0.797215,-0.5419]],[[0.960512,-0.266726,0.0792109],[-0.213125,-0.888302,-0.406814],[0.178871,0.373868,-0.91007]]],"btipPosition":[37.8152,235.449,5.08507],"carpPosition":[39.0092,260.893,53.1452],"dipPosition":[41.0912,242.296,-11.5826],"direction":[-0.266069,-0.797215,0.5419],"extended":false,"handId":473,"id":4733,"length":63.1552,"mcpPosition":[54.3462,294.734,4.25983],"pipPosition":[48.3161,263.944,-26.2977],"stabilizedTipPosition":[39.8713,234.468,0.853034],"timeVisible":17.5256,"tipPosition":[38.61,237.129,1.39802],"tipVelocity":[-43.4137,71.3984,10.6412],"tool":false,"touchDistance":0.333333,"touchZone":"none","type":3,"width":17.7198},{"bases":[[[0.877082,-0.470947,0.0945302],[0.292285,0.679434,0.673007],[-0.381178,-0.562653,0.73357]],[[0.827302,-0.53266,0.178451],[0.512533,0.585674,-0.62793],[0.229958,0.61095,0.757535]],[[0.827302,-0.53266,0.178451],[-0.115069,-0.471615,-0.874265],[0.549846,0.702747,-0.45146]],[[0.827302,-0.53266,0.178451],[-0.395578,-0.777944,-0.488181],[0.398859,0.333282,-0.854304]]],"btipPosition":[47.1396,245.222,6.54282],"carpPosition":[50.7252,253.522,51.4049],"dipPosition":[53.8788,250.853,-7.89162],"direction":[-0.549846,-0.702747,0.45146],"extended":false,"handId":473,"id":4734,"length":49.5125,"mcpPosition":[72.391,285.502,9.70934],"pipPosition":[64.4206,264.327,-16.5471],"stabilizedTipPosition":[49.9326,244.355,2.67135],"timeVisible":17.5256,"tipPosition":[48.9737,246.505,3.36471],"tipVelocity":[-47.4936,70.7955,21.0488],"tool":false,"touchDistance":0.333333,"touchZone":"none","type":4,"width":15.7401}],"r":[[0.791368,0.42156,0.442746],[-0.323094,0.903219,-0.282499],[-0.518987,0.0805126,0.850982]],"s":1.14004,"t":[62.8164,-24.5603,-11.6157],"timestamp":93529776885},false],[6,{"currentFrameRate":85.3298,"devices":[],"gestures":[],"hands":[{"armBasis":[[0.999356,0.00651763,-0.0352982],[0.00658965,0.933351,0.358903],[0.0352848,-0.358905,0.932707]],"armWidth":62.4607,"confidence":0.247136,"direction":[0.083398,0.709033,-0.700227],"elbow":[45.5867,145.431,297.597],"grabStrength":0,"id":473,"palmNormal":[0.0303719,-0.704157,-0.709395],"palmPosition":[33.3486,275.252,10.0741],"palmVelocity":[-22.3453,-69.1944,-32.7299],"palmWidth":89.1918,"pinchStrength":0.00160557,"r":[[0.795573,0.418169,0.438403],[-0.328227,0.905704,-0.268266],[-0.509244,0.0695298,0.857809]],"s":1.14264,"sphereCenter":[6.85603,266.266,-30.7882],"sphereRadius":51.6552,"stabilizedPalmPosition":[33.356,275.296,10.094],"t":[62.0178,-26.3747,-12.4509],"timeVisible":17.5708,"type":"right","wrist":[36.2481,240.42,50.7428]}],"id":1687586,"interactionBox":{"center":[0,200,0],"size":[235.247,235.247,147.751]},"pointables":[{"bases":[[[0.389917,0.752923,0.530161],[-0.847748,0.068696,0.525932],[0.359567,-0.654513,0.665075]],[[0.376172,0.776917,0.504871],[-0.795294,-0.00883568,0.606159],[0.475396,-0.629541,0.614554]],[[0.376172,0.776917,0.504871],[-0.916659,0.39146,0.0805945],[-0.135021,-0.493112,0.859424]],[[0.376172,0.776917,0.504871],[-0.888506,0.457007,-0.0412497],[-0.262777,-0.433064,0.862209]]],"btipPosition":[-4.2651,288.866,-35.2355],"carpPosition":[8.45548,231.646,43.3387],"dipPosition":[-10.2935,278.931,-15.4556],"direction":[0.135021,0.493112,-0.859424],"extended":false,"handId":473,"id":4730,"length":51.0864,"mcpPosition":[8.45548,231.646,43.3387],"pipPosition":[-14.8062,262.45,13.2679],"stabilizedTipPosition":[-5.5545,286.585,-30.7414],"timeVisible":17.5708,"tipPosition":[-4.86963,285.466,-31.4993],"tipVelocity":[-90.183,12.558,53.163],"tool":false,"touchDistance":-0.0377056,"touchZone":"touching","type":0,"width":19.8498},{"bases":[[[0.995916,0.0816911,-0.0384489],[-0.0426486,0.800995,0.59715],[0.0795792,-0.593071,0.801208]],[[0.978969,0.152852,-0.135112],[-0.0293233,0.760842,0.648274],[0.201889,-0.630679,0.749323]],[[0.978969,0.152852,-0.135112],[-0.0689136,0.871132,0.486189],[0.192015,-0.466654,0.863345]],[[0.978969,0.152852,-0.135112],[-0.0993275,0.935612,0.338768],[0.178194,-0.318223,0.931118]]],"btipPosition":[-5.152,337.996,-75.1599],"carpPosition":[16.6229,252.28,50.2255],"dipPosition":[-2.16762,332.666,-59.5656],"direction":[-0.192015,0.466654,-0.863345],"extended":true,"handId":473,"id":4731,"length":57.6453,"mcpPosition":[10.884,295.05,-7.55414],"pipPosition":[2.38174,321.61,-39.1106],"stabilizedTipPosition":[-3.40734,336.832,-72.0576],"timeVisible":17.5708,"tipPosition":[-4.99028,337.083,-71.1933],"tipVelocity":[-102.567,-6.39104,47.0252],"tool":false,"touchDistance":0.440256,"touchZone":"hovering","type":1,"width":18.9605},{"bases":[[[0.990091,-0.136941,-0.0310817],[0.128094,0.790059,0.599498],[-0.0575396,-0.597539,0.799772]],[[0.990621,-0.130908,-0.0391462],[0.0683073,0.722604,-0.687879],[0.118336,0.678753,0.724769]],[[0.990621,-0.130908,-0.0391462],[-0.100195,-0.501176,-0.859525],[0.0928994,0.855386,-0.509592]],[[0.990621,-0.130908,-0.0391462],[-0.134859,-0.890702,-0.434123],[0.0219624,0.435331,-0.900003]]],"btipPosition":[23.747,231.868,-7.8562],"carpPosition":[28.3971,254.934,50.3002],"dipPosition":[24.1515,239.887,-24.4348],"direction":[-0.0928994,-0.855386,0.509592],"extended":false,"handId":473,"id":4732,"length":65.6822,"mcpPosition":[32.3322,295.8,-4.39561],"pipPosition":[26.7411,263.73,-38.6394],"stabilizedTipPosition":[25.414,234.575,-10.0254],"timeVisible":17.5708,"tipPosition":[23.881,233.92,-11.9224],"tipVelocity":[-37.8593,-52.8048,-58.8822],"tool":false,"touchDistance":0.333333,"touchZone":"none","type":2,"width":18.6218},{"bases":[[[0.95834,-0.282547,0.0418465],[0.196605,0.758806,0.620935],[-0.207197,-0.58684,0.782744]],[[0.964072,-0.264992,0.0185791],[0.203881,0.693278,-0.691229],[0.17029,0.670182,0.722397]],[[0.964072,-0.264992,0.0185791],[-0.121355,-0.501558,-0.85657],[0.236303,0.82354,-0.515696]],[[0.964072,-0.264992,0.0185791],[-0.230558,-0.869432,-0.436956],[0.131943,0.416974,-0.899291]]],"btipPosition":[36.8518,231.153,0.586793],"carpPosition":[40.4209,254.471,49.8136],"dipPosition":[39.2684,238.79,-15.8835],"direction":[-0.236303,-0.82354,0.515696],"extended":false,"handId":473,"id":4733,"length":63.1552,"mcpPosition":[53.1432,290.504,1.75155],"pipPosition":[45.6851,261.153,-29.887],"stabilizedTipPosition":[38.9961,233.914,-0.587233],"timeVisible":17.5708,"tipPosition":[37.4525,232.999,-2.98382],"tipVelocity":[-29.2435,-58.6435,-76.779],"tool":false,"touchDistance":0.333333,"touchZone":"none","type":3,"width":17.7198},{"bases":[[[0.882172,-0.470035,0.0289839],[0.324186,0.650775,0.686583],[-0.34158,-0.596287,0.726474]],[[0.836728,-0.535867,0.112839],[0.477735,0.613563,-0.628736],[0.267685,0.579989,0.769388]],[[0.836728,-0.535867,0.112839],[-0.159577,-0.435703,-0.885832],[0.523852,0.723194,-0.450077]],[[0.836728,-0.535867,0.112839],[-0.418523,-0.758642,-0.4993],[0.353163,0.370553,-0.85905]]],"btipPosition":[46.1815,240.909,2.34108],"carpPosition":[52.0549,247.245,47.157],"dipPosition":[52.1486,247.169,-12.1736],"direction":[-0.523852,-0.723194,0.450077],"extended":false,"handId":473,"id":4734,"length":49.5125,"mcpPosition":[71.47,281.137,5.86475],"pipPosition":[62.192,261.035,-20.8025],"stabilizedTipPosition":[48.9952,243.565,1.22561],"timeVisible":17.5708,"tipPosition":[47.84,242.334,-0.926088],"tipVelocity":[-29.6104,-59.7332,-70.5774],"tool":false,"touchDistance":0.333333,"touchZone":"none","type":4,"width":15.7401}],"r":[[0.795573,0.418169,0.438403],[-0.328227,0.905704,-0.268266],[-0.509244,0.0695298,0.857809]],"s":1.14264,"t":[62.0178,-26.3747,-12.4509],"timestamp":93529822048},false],[7,{"currentFrameRate":75.7859,"dev