{"sensorType":"Leap","data":[[0,{"currentFrameRate":55.28,"devices":[],"gestures":[],"hands":[{"armBasis":[[0.996491,0.0833164,0.00795954],[-0.0813756,0.942239,0.324905],[0.0195701,-0.324413,0.945713]],"armWidth":62.4607,"confidence":0.661536,"direction":[0.0811285,0.7356,-0.672541],"elbow":[47.1349,152.321,296.246],"grabStrength":0,"id":473,"palmNormal":[0.135045,-0.676655,-0.72381],"palmPosition":[39.4428,274.014,6.13288],"palmVelocity":[-40.1124,101.267,3.41337],"palmWidth":89.1918,"pinchStrength":0.129591,"r":[[0.736021,0.466169,0.490876],[-0.401816,0.884409,-0.237412],[-0.544809,-0.0225019,0.838258]],"s":1.12466,"sphereCenter":[13.8373,266.326,-35.4005],"sphereRadius":52.4683,"stabilizedPalmPosition":[39.6623,273.458,6.12601],"t":[68.047,-31.2808,-17.2786],"timeVisible":12.2111,"type":"right","wrist":[41.9554,238.181,45.9499]}],"id":1687169,"interactionBox":{"center":[0,200,0],"size":[235.247,235.247,147.751]},"pointables":[{"bases":[[[0.292415,0.761676,0.578224],[-0.8868,-0.0103044,0.462039],[0.357882,-0.647876,0.672441]],[[0.28951,0.766892,0.572765],[-0.839986,-0.0833418,0.536169],[0.458919,-0.636342,0.620051]],[[0.28951,0.766892,0.572765],[-0.933517,0.358441,-0.00807104],[-0.211492,-0.53235,0.81968]],[[0.28951,0.766892,0.572765],[-0.816468,0.510168,-0.270387],[-0.499564,-0.389365,0.773842]]],"btipPosition":[11.5908,285.515,-39.2546],"carpPosition":[15.5172,227.654,36.2331],"dipPosition":[0.130277,276.582,-21.5018],"direction":[0.211492,0.53235,-0.81968],"extended":false,"handId":473,"id":4730,"length":51.0864,"mcpPosition":[15.5172,227.654,36.2331],"pipPosition":[-6.93817,258.79,5.89333],"stabilizedTipPosition":[9.14703,283.033,-35.2178],"timeVisible":12.2111,"tipPosition":[9.4066,283.04,-35.3426],"tipVelocity":[-64.7388,137.348,20.3417],"tool":false,"touchDistance":-0.0560133,"touchZone":"touching","type":0,"width":19.8498},{"bases":[[[0.987115,0.155155,0.0391249],[-0.146283,0.775939,0.613612],[0.0648462,-0.611429,0.788638]],[[0.971736,0.228889,-0.0577819],[-0.124086,0.703464,0.699815],[0.200828,-0.672866,0.711983]],[[0.971736,0.228889,-0.0577819],[-0.16619,0.837116,0.52117],[0.16766,-0.496837,0.851495]],[[0.971736,0.228889,-0.0577819],[-0.194733,0.915561,0.351891],[0.133447,-0.330694,0.934256]]],"btipPosition":[2.24577,338.332,-78.4068],"carpPosition":[21.587,248.592,44.2714],"dipPosition":[4.48073,332.794,-62.76],"direction":[-0.16766,0.496837,-0.851495],"extended":true,"handId":473,"id":4731,"length":57.6453,"mcpPosition":[16.9106,292.686,-12.6018],"pipPosition":[8.45306,321.023,-42.5857],"stabilizedTipPosition":[3.95362,333.56,-75.8141],"timeVisible":12.2111,"tipPosition":[2.51459,337.959,-74.0626],"tipVelocity":[-45.4967,135.648,33.0573],"tool":false,"touchDistance":0.471029,"touchZone":"hovering","type":1,"width":18.9605},{"bases":[[[0.997178,-0.0634454,0.0401301],[0.0241657,0.777387,0.628558],[-0.0710757,-0.625814,0.776727]],[[0.997556,-0.0599806,0.0358304],[0.0682856,0.728487,-0.681648],[0.0147837,0.682429,0.730802]],[[0.997556,-0.0599806,0.0358304],[-0.0080077,-0.607606,-0.794198],[0.0694072,0.791971,-0.606601]],[[0.997556,-0.0599806,0.0358304],[-0.0473698,-0.957594,-0.2842],[0.0513575,0.281809,-0.958095]]],"btipPosition":[34.3733,235.382,-7.7841],"carpPosition":[33.0917,252.093,45.307],"dipPosition":[35.3193,240.573,-25.4328],"direction":[-0.0694072,-0.79197,0.606601],"extended":false,"handId":473,"id":4732,"length":65.6822,"mcpPosition":[37.9525,294.892,-7.81266],"pipPosition":[37.254,262.648,-42.3415],"stabilizedTipPosition":[36.0283,233.355,-11.6175],"timeVisible":12.2111,"tipPosition":[34.5661,236.519,-12.3559],"tipVelocity":[-48.1129,110.99,-12.8857],"tool":false,"touchDistance":0.333333,"touchZone":"none","type":2,"width":18.6218},{"bases":[[[0.971172,-0.213269,0.106496],[0.0930698,0.750522,0.654259],[-0.219461,-0.625486,0.748735]],[[0.974617,-0.203056,0.094291],[0.213059,0.711869,-0.669215],[0.0687652,0.672317,0.737063]],[[0.974617,-0.203056,0.094291],[-0.0487144,-0.603417,-0.795936],[0.218517,0.77114,-0.597992]],[[0.974617,-0.203056,0.094291],[-0.167137,-0.940134,-0.297007],[0.148955,0.273708,-0.950208]]],"btipPosition":[46.9214,235.53,1.10438],"carpPosition":[45.1196,252.522,45.718],"dipPosition":[49.6495,240.543,-16.2984],"direction":[-0.218517,-0.77114,0.597992],"extended":false,"handId":473,"id":4733,"length":63.1552,"mcpPosition":[58.5949,290.928,-0.255806],"pipPosition":[55.5832,261.483,-32.5366],"stabilizedTipPosition":[48.9809,233.551,-2.63466],"timeVisible":12.2111,"tipPosition":[47.5416,236.549,-3.23393],"tipVelocity":[-46.6899,104.84,-12.6129],"tool":false,"touchDistance":0.333333,"touchZone":"none","type":3,"width":17.7198},{"bases":[[[0.910427,-0.405285,0.0828621],[0.223233,0.649986,0.72642],[-0.348266,-0.642855,0.682238]],[[0.881286,-0.453028,0.134537],[0.439981,0.682634,-0.583461],[0.172485,0.57339,0.80092]],[[0.881286,-0.453028,0.134537],[-0.134418,-0.51322,-0.847666],[0.453063,0.728952,-0.513189]],[[0.881286,-0.453028,0.134537],[-0.374818,-0.843438,-0.38487],[0.28783,0.288754,-0.913113]]],"btipPosition":[57.6936,244.062,2.483],"carpPosition":[57.4262,246.251,43.754],"dipPosition":[62.5568,248.941,-12.9451],"direction":[-0.453063,-0.728952,0.513189],"extended":false,"handId":473,"id":4734,"length":49.5125,"mcpPosition":[77.2214,282.791,4.97612],"pipPosition":[71.243,262.917,-22.7841],"stabilizedTipPosition":[60.3531,241.693,-0.735844],"timeVisible":12.2111,"tipPosition":[58.9644,244.964,-1.15876],"tipVelocity":[-45.9267,106.35,-16.4259],"tool":false,"touchDistance":0.333333,"touchZone":"none","type":4,"width":15.7401}],"r":[[0.736021,0.466169,0.490876],[-0.401816,0.884409,-0.237412],[-0.544809,-0.0225019,0.838258]],"s":1.12466,"t":[68.047,-31.2808,-17.2786],"timestamp":93524462411},false],[1,{"currentFrameRate":55.3204,"devices":[],"gestures":[],"hands":[{"armBasis":[[0.996682,0.0813754,0.00144304],[-0.0775455,0.944092,0.320433],[0.024713,-0.319482,0.94727]],"armWidth":62.4607,"confidence":0.665291,"direction":[0.0806011,0.737896,-0.670085],"elbow":[47.6778,155.02,296.418],"grabStrength":0,"id":473,"palmNormal":[0.131745,-0.67426,-0.726647],"palmPosition":[38.579,275.557,6.0311],"palmVelocity":[-43.9139,94.0694,-0.881301],"palmWidth":89.1918,"pinchStrength":0.121564,"r":[[0.738401,0.461631,0.49159],[-0.401064,0.886655,-0.230194],[-0.542135,-0.0271833,0.839851]],"s":1.12558,"sphereCenter":[13.0199,268.002,-35.5067],"sphereRadius":52.4117,"stabilizedPalmPosition":[38.7375,275.25,6.04499],"t":[67.2483,-29.5827,-17.3039],"timeVisible":12.2291,"type":"right","wrist":[41.1372,239.575,45.7101]}],"id":1687170,"interactionBox":{"center":[0,200,0],"size":[235.247,235.247,147.751]},"pointables":[{"bases":[[[0.295461,0.75902,0.580165],[-0.885511,-0.0103475,0.464503],[0.35857,-0.650985,0.669063]],[[0.292832,0.763759,0.575258],[-0.837729,-0.0850917,0.539416],[0.460933,-0.639868,0.614906]],[[0.292832,0.763759,0.575258],[-0.933561,0.358418,-0.000641222],[-0.206672,-0.53685,0.817972]],[[0.292832,0.763759,0.575258],[-0.823722,0.507004,-0.253829],[-0.485523,-0.399523,0.777592]]],"btipPosition":[10.1439,287.549,-39.2351],"carpPosition":[14.6522,229.132,36.0298],"dipPosition":[-0.994461,278.384,-21.3963],"direction":[0.206672,0.53685,-0.817972],"extended":false,"handId":473,"id":4730,"length":51.0864,"mcpPosition":[14.6522,229.132,36.0298],"pipPosition":[-7.90182,260.441,5.9418],"stabilizedTipPosition":[7.70291,285.255,-35.1387],"timeVisible":12.2291,"tipPosition":[8.13333,284.976,-35.2889],"tipVelocity":[-70.3127,124.622,11.7639],"tool":false,"touchDistance":-0.0650712,"touchZone":"touching","type":0,"width":19.8498},{"bases":[[[0.987509,0.153184,0.0368998],[-0.143108,0.773966,0.616844],[0.0659312,-0.614419,0.78622]],[[0.97218,0.226708,-0.058909],[-0.121551,0.703256,0.700469],[0.20023,-0.673821,0.711248]],[[0.97218,0.226708,-0.058909],[-0.163596,0.837158,0.521922],[0.16764,-0.497765,0.850956]],[[0.97218,0.226708,-0.058909],[-0.192164,0.915733,0.352855],[0.13394,-0.331718,0.933822]]],"btipPosition":[1.38144,340.065,-78.3257],"carpPosition":[20.7835,250.03,44.1271],"dipPosition":[3.62466,334.509,-62.6861],"direction":[-0.16764,0.497765,-0.850956],"extended":true,"handId":473,"id":4731,"length":57.6453,"mcpPosition":[16.0289,294.339,-12.5717],"pipPosition":[7.59651,322.716,-42.5247],"stabilizedTipPosition":[2.99181,336.005,-75.3064],"timeVisible":12.2291,"tipPosition":[1.63218,339.684,-73.9762],"tipVelocity":[-46.7182,117.085,19.5272],"tool":false,"touchDistance":0.45845,"touchZone":"hovering","type":1,"width":18.9605},{"bases":[[[0.997168,-0.0654368,0.0370807],[0.0273844,0.775044,0.631313],[-0.0700503,-0.62851,0.774641]],[[0.99755,-0.0618548,0.0326666],[0.0675763,0.731506,-0.678478],[0.0180712,0.679023,0.733894]],[[0.99755,-0.0618548,0.0326666],[-0.0113918,-0.604413,-0.79659],[0.069017,0.794266,-0.603637]],[[0.99755,-0.0618548,0.0326666],[-0.0499055,-0.95655,-0.287265],[0.049016,0.284931,-0.957294]]],"btipPosition":[33.4078,237.018,-8.04901],"carpPosition":[32.2976,253.505,45.143],"dipPosition":[34.3107,242.266,-25.6829],"direction":[-0.069017,-0.794266,0.603637],"extended":false,"handId":473,"id":4732,"length":65.6822,"mcpPosition":[37.0883,296.488,-7.83406],"pipPosition":[36.2345,264.406,-42.509],"stabilizedTipPosition":[35.1071,235.214,-11.8035],"timeVisible":12.2291,"tipPosition":[33.5865,238.16,-12.5862],"tipVelocity":[-51.0762,101.992,-13.6862],"tool":false,"touchDistance":0.333333,"touchZone":"none","type":2,"width":18.6218},{"bases":[[[0.97107,-0.215453,0.102974],[0.0963106,0.747958,0.656721],[-0.218513,-0.627805,0.74707]],[[0.974493,-0.205219,0.0908167],[0.212527,0.713959,-0.667155],[0.0720735,0.669439,0.739363]],[[0.974493,-0.205219,0.0908167],[-0.0523471,-0.601382,-0.797245],[0.218225,0.772156,-0.596785]],[[0.974493,-0.205219,0.0908167],[-0.170004,-0.939239,-0.298209],[0.146497,0.275164,-0.95017]]],"btipPosition":[45.9791,237.133,0.875934],"carpPosition":[44.3274,253.91,45.5216],"dipPosition":[48.6621,242.172,-16.5262],"direction":[-0.218225,-0.772156,0.596785],"extended":false,"handId":473,"id":4733,"length":63.1552,"mcpPosition":[57.7445,292.459,-0.350058],"pipPosition":[54.5879,263.14,-32.7316],"stabilizedTipPosition":[48.1146,235.273,-2.81335],"timeVisible":12.2291,"tipPosition":[46.5857,238.145,-3.46391],"tipVelocity":[-49.7266,97.6833,-12.6668],"tool":false,"touchDistance":0.333333,"touchZone":"none","type":3,"width":17.7198},{"bases":[[[0.909901,-0.407269,0.0788129],[0.226489,0.646919,0.728147],[-0.347537,-0.644692,0.680874]],[[0.880233,-0.456003,0.131339],[0.440781,0.683146,-0.582257],[0.175787,0.570414,0.802326]],[[0.880233,-0.456003,0.131339],[-0.137851,-0.510549,-0.848727],[0.454077,0.728973,-0.512263]],[[0.880233,-0.456003,0.131339],[-0.378217,-0.841312,-0.386194],[0.286603,0.290267,-0.913019]]],"btipPosition":[56.7295,245.617,2.23835],"carpPosition":[56.6167,247.624,43.4999],"dipPosition":[61.572,250.521,-13.1882],"direction":[-0.454077,-0.728972,0.512263],"extended":false,"handId":473,"id":4734,"length":49.5125,"mcpPosition":[76.3705,284.268,4.79955],"pipPosition":[70.2776,264.497,-23.0094],"stabilizedTipPosition":[59.489,243.432,-0.933434],"timeVisible":12.2291,"tipPosition":[58.0025,246.521,-1.40835],"tipVelocity":[-49.7489,97.2061,-15.0994],"tool":false,"touchDistance":0.333333,"touchZone":"none","type":4,"width":15.7401}],"r":[[0.738401,0.461631,0.49159],[-0.401064,0.886655,-0.230194],[-0.542135,-0.0271833,0.839851]],"s":1.12558,"t":[67.2483,-29.5827,-17.3039],"timestamp":93524480348},false],[2,{"currentFrameRate":55.3248,"devices":[],"gestures":[],"hands":[{"armBasis":[[0.996125,0.0877447,0.00604098],[-0.0849068,0.941441,0.326313],[0.022945,-0.325561,0.945243]],"armWidth":62.4607,"confidence":0.635699,"direction":[0.0723732,0.744264,-0.663953],"elbow":[46.7863,154.807,295.69],"grabStrength":0,"id":473,"palmNormal":[0.13603,-0.666844,-0.732677],"palmPosition":[37.7377,277.265,6.15397],"palmVelocity":[-45.1821,94.3045,2.76814],"palmWidth":89.1918,"pinchStrength":0.113186,"r":[[0.73971,0.458481,0.492569],[-0.402141,0.888079,-0.222709],[-0.539548,-0.0333418,0.841294]],"s":1.12653,"sphereCenter":[12.3949,269.718,-35.4692],"sphereRadius":52.3355,"stabilizedPalmPosition":[37.8531,277.032,6.1414],"t":[66.4283,-27.8798,-17.2551],"timeVisible":12.2471,"type":"right","wrist":[40.7136,240.971,45.5186]}],"id":1687171,"interactionBox":{"center":[0,200,0],"size":[235.247,235.247,147.751]},"pointables":[{"bases":[[[0.290045,0.756679,0.585927],[-0.884262,-0.0222499,0.466461],[0.365998,-0.653408,0.662649]],[[0.28779,0.760681,0.581843],[-0.83407,-0.0994878,0.542613],[0.470641,-0.641457,0.60583]],[[0.28779,0.760681,0.581843],[-0.937553,0.347722,0.00913159],[-0.195374,-0.548137,0.81325]],[[0.28779,0.760681,0.581843],[-0.835026,0.496799,-0.236478],[-0.468944,-0.417798,0.778162]]],"btipPosition":[8.55885,289.665,-38.8647],"carpPosition":[14.3,230.373,35.8113],"dipPosition":[-2.19923,280.08,-21.0128],"direction":[0.195374,0.548137,-0.81325],"extended":false,"handId":473,"id":4730,"length":51.0864,"mcpPosition":[14.3,230.373,35.8113],"pipPosition":[-8.72896,261.76,6.16744],"stabilizedTipPosition":[6.16782,287.347,-34.7783],"timeVisible":12.2471,"tipPosition":[6.74821,286.96,-34.9312],"tipVelocity":[-76.3021,118.533,15.9959],"tool":false,"touchDistance":-0.0678404,"touchZone":"touching","type":0,"width":19.8498},{"bases":[[[0.986182,0.161725,0.0359026],[-0.148551,0.767374,0.623754],[0.0733261,-0.620469,0.780796]],[[0.970185,0.235238,-0.0583457],[-0.127385,0.699725,0.702963],[0.206189,-0.674572,0.708829]],[[0.970185,0.235238,-0.0583457],[-0.170784,0.834355,0.524103],[0.17197,-0.498513,0.849654]],[[0.970185,0.235238,-0.0583457],[-0.200101,0.913274,0.354811],[0.136751,-0.332558,0.933116]]],"btipPosition":[-0.0725899,341.79,-77.8448],"carpPosition":[20.2634,251.256,44.0723],"dipPosition":[2.2177,336.221,-62.2171],"direction":[-0.17197,0.498513,-0.849654],"extended":true,"handId":473,"id":4731,"length":57.6453,"mcpPosition":[14.9755,296.001,-12.2353],"pipPosition":[6.29213,324.41,-42.0865],"stabilizedTipPosition":[1.74867,338.212,-74.7891],"timeVisible":12.2471,"tipPosition":[0.152317,341.431,-73.4606],"tipVelocity":[-62.4815,106.772,22.828],"tool":false,"touchDistance":0.453111,"touchZone":"hovering","type":1,"width":18.9605},{"bases":[[[0.9978,-0.0567932,0.0341965],[0.0219594,0.76986,0.637835],[-0.0625512,-0.635681,0.769414]],[[0.998147,-0.0531007,0.0297278],[0.0592897,0.738426,-0.671722],[0.0137172,0.67224,0.740206]],[[0.998147,-0.0531007,0.0297278],[-0.0079054,-0.597496,-0.801833],[0.0603401,0.800112,-0.596808]],[[0.998147,-0.0531007,0.0297278],[-0.0419995,-0.954592,-0.29494],[0.0440394,0.293145,-0.955053]]],"btipPosition":[32.8848,238.835,-8.27344],"carpPosition":[31.7483,254.826,45.0909],"dipPosition":[33.6961,244.235,-25.8661],"direction":[-0.0603401,-0.800112,0.596808],"extended":false,"handId":473,"id":4732,"length":65.6822,"mcpPosition":[36.0261,298.299,-7.52866],"pipPosition":[35.378,266.537,-42.5018],"stabilizedTipPosition":[34.317,237.101,-12.0039],"timeVisible":12.2471,"tipPosition":[33.0403,240.005,-12.7742],"tipVelocity":[-41.1249,102.252,-12.8386],"tool":false,"touchDistance":0.333333,"touchZone":"none","type":2,"width":18.6218},{"bases":[[[0.973206,-0.207592,0.0988687],[0.0911864,0.743179,0.66285],[-0.21108,-0.636074,0.742196]],[[0.976504,-0.197241,0.0868089],[0.204544,0.721532,-0.661478],[0.067835,0.663692,0.744924]],[[0.976504,-0.197241,0.0868089],[-0.0491063,-0.595896,-0.801559],[0.209829,0.778463,-0.59158]],[[0.976504,-0.197241,0.0868089],[-0.162543,-0.938624,-0.304245],[0.14149,0.282986,-0.94863]]],"btipPosition":[45.4754,239.003,0.685422],"carpPosition":[43.7748,255.336,45.4449],"dipPosition":[48.0668,244.186,-16.6885],"direction":[-0.209829,-0.778463,0.59158],"extended":false,"handId":473,"id":4733,"length":63.1552,"mcpPosition":[56.7356,294.392,-0.127466],"pipPosition":[53.7646,265.324,-32.7526],"stabilizedTipPosition":[47.3594,237.093,-2.99715],"timeVisible":12.2471,"tipPosition":[46.0599,240.039,-3.64966],"tipVelocity":[-39.9093,101.335,-11.4904],"tool":false,"touchDistance":0.333333,"touchZone":"none","type":3,"width":17.7198},{"bases":[[[0.913701,-0.399738,0.073215],[0.222436,0.642708,0.733108],[-0.340107,-0.653556,0.67616]],[[0.884161,-0.449842,0.126104],[0.434128,0.691381,-0.577516],[0.172605,0.565362,0.806581]],[[0.884161,-0.449842,0.126104],[-0.13539,-0.505059,-0.852399],[0.447135,0.736585,-0.507457]],[[0.884161,-0.449842,0.126104],[-0.372157,-0.841349,-0.391958],[0.282416,0.299623,-0.9113]]],"btipPosition":[56.1196,247.545,2.0788],"carpPosition":[56.1151,249.178,43.341],"dipPosition":[60.8914,252.608,-13.3187],"direction":[-0.447135,-0.736585,0.507457],"extended":false,"handId":473,"id":4734,"length":49.5125,"mcpPosition":[75.4465,286.325,4.90866],"pipPosition":[69.464,266.73,-23.0478],"stabilizedTipPosition":[58.6812,245.309,-1.12158],"timeVisible":12.2471,"tipPosition":[57.3835,248.486,-1.56669],"tipVelocity":[-42.5868,102.698,-11.9484],"tool":false,"touchDistance":0.333333,"touchZone":"none","type":4,"width":15.7401}],"r":[[0.73971,0.458481,0.492569],[-0.402141,0.888079,-0.222709],[-0.539548,-0.0333418,0.841294]],"s":1.12653,"t":[66.4283,-27.8798,-17.2551],"timestamp":93524498408},false],[3,{"currentFrameRate":55.3073,"devices":[],"gestures":[],"hands":[{"armBasis":[[0.995841,0.091104,0.000880738],[-0.0863198,0.940365,0.329032],[0.029148,-0.32774,0.944318]],"armWidth":62.4607,"confidence":0.639797,"direction":[0.0713573,0.747503,-0.660414],"elbow":[47.3101,155.668,295.18],"grabStrength":0,"id":473,"palmNormal":[0.137351,-0.663159,-0.735769],"palmPosition":[36.5724,278.883,6.05901],"palmVelocity":[-54.2589,91.8803,-1.04451],"palmWidth":89.1918,"pinchStrength":0.108374,"r":[[0.740579,0.455734,0.493811],[-0.403263,0.889251,-0.215899],[-0.537514,-0.0392452,0.842341]],"s":1.12738,"sphereCenter":[11.4366,271.424,-35.6512],"sphereRadius":52.2733,"stabilizedPalmPosition":[36.6912,278.711,6.06665],"t":[65.4357,-26.2191,-17.2782],"timeVisible":12.2653,"type":"right","wrist":[39.5957,242.409,45.253]}],"id":1687172,"interactionBox":{"center":[0,200,0],"size":[235.247,235.247,147.751]},"pointables":[{"bases":[[[0.288622,0.754383,0.589579],[-0.884369,-0.0258981,0.46607],[0.366864,-0.655923,0.659678]],[[0.2864,0.758333,0.585582],[-0.833286,-0.104499,0.542876],[0.472873,-0.643437,0.601979]],[[0.2864,0.758333,0.585582],[-0.938635,0.344677,0.0127137],[-0.192196,-0.553289,0.810513]],[[0.2864,0.758333,0.585582],[-0.839457,0.493214,-0.228149],[-0.46183,-0.426229,0.777844]]],"btipPosition":[7.08276,291.568,-38.9013],"carpPosition":[13.2026,231.814,35.4876],"dipPosition":[-3.51212,281.79,-21.0567],"direction":[0.192196,0.553289,-0.810513],"extended":false,"handId":473,"id":4730,"length":51.0864,"mcpPosition":[13.2026,231.814,35.4876],"pipPosition":[-9.93564,263.298,6.03208],"stabilizedTipPosition":[4.69573,289.254,-34.7964],"timeVisible":12.2653,"tipPosition":[5.35413,288.824,-34.962],"tipVelocity":[-77.7296,110.879,7.36988],"tool":false,"touchDistance":-0.0760435,"touchZone":"touching","type":0,"width":19.8498},{"bases":[[[0.985905,0.163171,0.0369771],[-0.150003,0.764181,0.627317],[0.0741026,-0.624021,0.777886]],[[0.969994,0.236541,-0.0562053],[-0.129562,0.698524,0.703759],[0.205729,-0.675361,0.708212]],[[0.969994,0.236541,-0.0562053],[-0.172808,0.833383,0.524985],[0.171021,-0.49952,0.849253]],[[0.969994,0.236541,-0.0562053],[-0.201886,0.912452,0.355911],[0.135472,-0.333885,0.932828]]],"btipPosition":[-1.19963,343.537,-77.8182],"carpPosition":[19.1291,252.667,43.8487],"dipPosition":[1.06926,337.945,-62.1952],"direction":[-0.171021,0.49952,-0.849253],"extended":true,"handId":473,"id":4731,"length":57.6453,"mcpPosition":[13.7851,297.669,-12.249],"pipPosition":[5.12122,326.111,-42.0741],"stabilizedTipPosition":[0.514867,340.266,-74.5022],"timeVisible":12.2653,"tipPosition":[-0.9983,343.165,-73.4315],"tipVelocity":[-62.4417,101.647,12.6229],"tool":false,"touchDistance":0.441516,"touchZone":"hovering","type":1,"width":18.9605},{"bases":[[[0.997881,-0.055318,0.0342446],[0.020499,0.76688,0.641463],[-0.061746,-0.639402,0.766389]],[[0.998223,-0.0516051,0.0297949],[0.0582871,0.741659,-0.66824],[0.012387,0.668789,0.743349]],[[0.998223,-0.0516051,0.0297949],[-0.00669354,-0.59395,-0.804474],[0.0592117,0.802845,-0.59324]],[[0.998223,-0.0516051,0.0297949],[-0.0403594,-0.953372,-0.299085],[0.04384,0.297351,-0.953761]]],"btipPosition":[31.7873,240.524,-8.54137],"carpPosition":[30.6078,256.251,44.8878],"dipPosition":[32.5948,246.001,-26.1102],"direction":[-0.0592117,-0.802845,0.59324],"extended":false,"handId":473,"id":4732,"length":65.6822,"mcpPosition":[34.8306,299.979,-7.52486],"pipPosition":[34.2453,268.38,-42.6465],"stabilizedTipPosition":[33.3985,238.936,-12.2305],"timeVisible":12.2653,"tipPosition":[31.9426,241.712,-13.0334],"tipVelocity":[-50.3789,98.3687,-13.6147],"tool":false,"touchDistance":0.333333,"touchZone":"none","type":2,"width":18.6218},{"bases":[[[0.973515,-0.206461,0.0981975],[0.089762,0.740194,0.666375],[-0.210265,-0.639911,0.739122]],[[0.976792,-0.19607,0.0862145],[0.203628,0.725258,-0.657675],[0.0664227,0.659968,0.748352]],[[0.976792,-0.19607,0.0862145],[-0.0478834,-0.592229,-0.804346],[0.208767,0.781551,-0.587873]],[[0.976792,-0.19607,0.0862145],[-0.160982,-0.937563,-0.30832],[0.141284,0.287286,-0.947368]]],"btipPosition":[44.3785,240.682,0.40335],"carpPosition":[42.6334,256.779,45.248],"dipPosition":[46.966,245.944,-16.9475],"direction":[-0.208767,-0.781551,0.587873],"extended":false,"handId":473,"id":4733,"length":63.1552,"mcpPosition":[55.5441,296.071,-0.135607],"pipPosition":[52.635,267.167,-32.9109],"stabilizedTipPosition":[46.4682,238.886,-3.21761],"timeVisible":12.2653,"tipPosition":[44.9613,241.734,-3.91582],"tipVelocity":[-49.7271,97.6406,-13.2843],"tool":false,"touchDistance":0.333333,"touchZone":"none","type":3,"width":17.7198},{"bases":[[[0.914333,-0.39858,0.0716196],[0.221155,0.639609,0.7362],[-0.339243,-0.657293,0.672964]],[[0.88425,-0.449906,0.125248],[0.434299,0.693571,-0.574754],[0.171717,0.562622,0.808684]],[[0.88425,-0.449906,0.125248],[-0.134892,-0.502807,-0.853809],[0.447109,0.738085,-0.505296]],[[0.88425,-0.449906,0.125248],[-0.371733,-0.840401,-0.394387],[0.282696,0.302178,-0.910369]]],"btipPosition":[54.9664,249.254,1.90844],"carpPosition":[54.9844,250.651,43.1191],"dipPosition":[59.7429,254.36,-13.4733],"direction":[-0.447109,-0.738085,0.505296],"extended":false,"handId":473,"id":4734,"length":49.5125,"mcpPosition":[74.2667,288.011,4.86837],"pipPosition":[68.315,268.511,-23.1609],"stabilizedTipPosition":[57.7264,247.177,-1.3069],"timeVisible":12.2653,"tipPosition":[56.2395,250.203,-1.75269],"tipVelocity":[-52.5556,98.9163,-10.635],"tool":false,"touchDistance":0.333333,"touchZone":"none","type":4,"width":15.7401}],"r":[[0.740579,0.455734,0.493811],[-0.403263,0.889251,-0.215899],[-0.537514,-0.0392452,0.842341]],"s":1.12738,"t":[65.4357,-26.2191,-17.2782],"timestamp":93524516549},false],[4,{"currentFrameRate":55.32,"devices":[],"gestures":[],"hands":[{"armBasis":[[0.995589,0.0937913,-0.00250416],[-0.0876249,0.939011,0.332535],[0.0335403,-0.330849,0.943088]],"armWidth":62.4607,"confidence":0.648928,"direction":[0.0682098,0.747801,-0.66041],"elbow":[47.5382,155.87,294.704],"grabStrength":0,"id":473,"palmNormal":[0.136653,-0.662715,-0.736298],"palmPosition":[35.466,279.912,5.92627],"palmVelocity":[-57.6252,75.3535,-4.04102],"palmWidth":89.1918,"pinchStrength":0.102947,"r":[[0.741368,0.453785,0.494422],[-0.404596,0.890014,-0.210185],[-0.535421,-0.0442165,0.843427]],"s":1.12824,"sphereCenter":[10.3623,272.373,-35.7552],"sphereRadius":52.2371,"stabilizedPalmPosition":[35.5726,279.807,5.93848],"t":[64.3862,-24.8744,-17.3561],"timeVisible":12.2833,"type":"right","wrist":[38.6613,243.434,45.1029]}],"id":1687173,"interactionBox":{"center":[0,200,0],"size":[235.247,235.247,147.751]},"pointables":[{"bases":[[[0.28876,0.754776,0.589008],[-0.883085,-0.0276763,0.468396],[0.369836,-0.655398,0.65854]],[[0.286801,0.758229,0.58552],[-0.830806,-0.107449,0.546092],[0.476976,-0.643073,0.599125]],[[0.286801,0.758229,0.58552],[-0.939783,0.341276,0.0183866],[-0.185883,-0.555535,0.81045]],[[0.286801,0.758229,0.58552],[-0.845208,0.487987,-0.217925],[-0.450963,-0.432385,0.780817]]],"btipPosition":[5.48149,292.744,-38.9109],"carpPosition":[12.2623,232.791,35.4044],"dipPosition":[-4.86408,282.824,-20.9981],"direction":[0.185883,0.555535,-0.81045],"extended":false,"handId":473,"id":4730,"length":51.0864,"mcpPosition":[12.2623,232.791,35.4044],"pipPosition":[-11.0766,264.258,6.08857],"stabilizedTipPosition":[3.13588,290.437,-34.791],"timeVisible":12.2833,"tipPosition":[3.86275,289.949,-34.9589],"tipVelocity":[-81.4712,88.3591,4.03418],"tool":false,"touchDistance":-0.0801143,"touchZone":"touching","type":0,"width":19.8498},{"bases":[[[0.985691,0.165014,0.0344167],[-0.149781,0.763741,0.627906],[0.0773275,-0.624076,0.777528]],[[0.969561,0.237871,-0.0580496],[-0.129607,0.699728,0.702555],[0.207736,-0.673646,0.709258]],[[0.969561,0.237871,-0.0580496],[-0.173285,0.834106,0.523679],[0.172987,-0.497679,0.849936]],[[0.969561,0.237871,-0.0580496],[-0.202691,0.912734,0.35473],[0.137364,-0.332166,0.933165]]],"btipPosition":[-2.55232,344.383,-77.9518],"carpPosition":[18.1718,253.654,43.7552],"dipPosition":[-0.251766,338.82,-62.3232],"direction":[-0.172987,0.497679,-0.849936],"extended":true,"handId":473,"id":4731,"length":57.6453,"mcpPosition":[12.5952,298.659,-12.3167],"pipPosition":[3.84678,327.029,-42.1859],"stabilizedTipPosition":[-0.785272,341.719,-74.4279],"timeVisible":12.2833,"tipPosition":[-2.35676,344.004,-73.5709],"tipVelocity":[-68.2134,75.8501,3.15384],"tool":false,"touchDistance":0.428713,"touchZone":"hovering","type":1,"width":18.9605},{"bases":[[[0.99807,-0.0534517,0.0315968],[0.0207518,0.766756,0.641603],[-0.0585218,-0.639709,0.766386]],[[0.998383,-0.049861,0.0272956],[0.0553247,0.742093,-0.66801],[0.0130518,0.66844,0.743652]],[[0.998383,-0.049861,0.0272956],[-0.00773218,-0.594851,-0.803799],[0.056315,0.802288,-0.594275]],[[0.998383,-0.049861,0.0272956],[-0.03952,-0.954005,-0.297174],[0.0408576,0.295615,-0.954433]]],"btipPosition":[30.7097,241.617,-8.63718],"carpPosition":[29.6464,257.259,44.7649],"dipPosition":[31.4623,247.062,-26.2184],"direction":[-0.056315,-0.802288,0.594275],"extended":false,"handId":473,"id":4732,"length":65.6822,"mcpPosition":[33.6487,301.008,-7.64757],"pipPosition":[33.032,269.426,-42.7835],"stabilizedTipPosition":[32.4286,240.453,-12.4041],"timeVisible":12.2833,"tipPosition":[30.8542,242.777,-13.128],"tipVelocity":[-55.1605,80.2569,-9.75127],"tool":false,"touchDistance":0.333333,"touchZone":"none","type":2,"width":18.6218},{"bases":[[[0.974157,-0.204656,0.0955752],[0.0901303,0.740195,0.666325],[-0.207111,-0.64049,0.739511]],[[0.977378,-0.194272,0.0836046],[0.200564,0.725906,-0.657901],[0.0671228,0.659787,0.748449]],[[0.977378,-0.194272,0.0836046],[-0.0488889,-0.592117,-0.804368],[0.20577,0.782084,-0.58822]],[[0.977378,-0.194272,0.0836046],[-0.160062,-0.937822,-0.308011],[0.138244,0.287661,-0.947702]]],"btipPosition":[43.3297,241.735,0.236224],"carpPosition":[41.6719,257.809,45.0935],"dipPosition":[45.8616,247.003,-17.1207],"direction":[-0.20577,-0.782084,0.58822],"extended":false,"handId":473,"id":4733,"length":63.1552,"mcpPosition":[54.3889,297.137,-0.314007],"pipPosition":[51.4492,268.24,-33.0935],"stabilizedTipPosition":[45.5319,240.373,-3.41476],"timeVisible":12.2833,"tipPosition":[43.8989,242.787,-4.07836],"tipVelocity":[-54.0634,79.0471,-11.416],"tool":false,"touchDistance":0.333333,"touchZone":"none","type":3,"width":17.7198},{"bases":[[[0.915266,-0.39688,0.0691045],[0.221896,0.639839,0.735777],[-0.336231,-0.658098,0.673689]],[[0.885028,-0.448874,0.123439],[0.432233,0.693814,-0.576017],[0.172916,0.563146,0.808064]],[[0.885028,-0.448874,0.123439],[-0.136695,-0.504032,-0.852799],[0.445017,0.737878,-0.507441]],[[0.885028,-0.448874,0.123439],[-0.372023,-0.841334,-0.392117],[0.279865,0.301113,-0.911596]]],"btipPosition":[53.8859,250.358,1.76192],"carpPosition":[54.0287,251.705,42.9304],"dipPosition":[58.6145,255.445,-13.6405],"direction":[-0.445017,-0.737878,0.507441],"extended":false,"handId":473,"id":4734,"length":49.5125,"mcpPosition":[73.1398,289.111,4.63848],"pipPosition":[67.1465,269.592,-23.3693],"stabilizedTipPosition":[56.7293,248.753,-1.4785],"timeVisible":12.2833,"tipPosition":[55.1495,251.298,-1.91625],"tipVelocity":[-56.3377,80.9131,-9.56973],"tool":false,"touchDistance":0.333333,"touchZone":"none","type":4,"width":15.7401}],"r":[[0.741368,0.453785,0.494422],[-0.404596,0.890014,-0.210185],[-0.535421,-0.0442165,0.843427]],"s":1.12824,"t":[64.3862,-24.8744,-17.3561],"timestamp":93524534582},false],[5,{"currentFrameRate":55.3186,"devices":[],"gestures":[],"hands":[{"armBasis":[[0.995623,0.0934041,-0.00325595],[-0.0869726,0.938696,0.333594],[0.0342154,-0.331851,0.942711]],"armWidth":62.4607,"confidence":0.65264,"direction":[0.0633394,0.748657,-0.659925],"elbow":[46.76,156.444,294.611],"grabStrength":0,"id":473,"palmNormal":[0.133348,-0.661672,-0.73784],"palmPosition":[34.2316,280.792,5.99436],"palmVelocity":[-62.6849,62.6631,-0.330387],"palmWidth":89.1918,"pinchStrength":0.0982752,"r":[[0.742442,0.452322,0.49415],[-0.406144,0.890533,-0.204935],[-0.532754,-0.0485438,0.844877]],"s":1.12903,"sphereCenter":[9.02846,273.199,-35.6094],"sphereRadius":52.2055,"stabilizedPalmPosition":[34.3471,280.707,5.98955],"t":[63.2442,-23.7622,-17.361],"timeVisible":12.3014,"type":"right","wrist":[37.7044,244.273,45.1096]}],"id":1687174,"interactionBox":{"center":[0,200,0],"size":[235.247,235.247,147.751]},"pointables":[{"bases":[[[0.291078,0.75451,0.588208],[-0.88033,-0.0294754,0.473445],[0.374556,-0.655627,0.655638]],[[0.289814,0.756715,0.585995],[-0.826451,-0.110923,0.551974],[0.482687,-0.644266,0.593241]],[[0.289814,0.756715,0.585995],[-0.940486,0.338698,0.0277611],[-0.177468,-0.559165,0.809839]],[[0.289814,0.756715,0.585995],[-0.850489,0.484428,-0.204935],[-0.43895,-0.438989,0.783972]]],"btipPosition":[3.64803,293.888,-38.5282],"carpPosition":[11.2651,233.604,35.5511],"dipPosition":[-6.42194,283.817,-20.5431],"direction":[0.177468,0.559165,-0.809839],"extended":false,"handId":473,"id":4730,"length":51.0864,"mcpPosition":[11.2651,233.604,35.5511],"pipPosition":[-12.3532,265.129,6.52318],"stabilizedTipPosition":[1.35815,291.555,-34.3974],"timeVisible":12.3014,"tipPosition":[2.12798,291.021,-34.5929],"tipVelocity":[-89.2758,75.517,12.6124],"tool":false,"touchDistance":-0.0768699,"touchZone":"touching","type":0,"width":19.8498},{"bases":[[[0.985637,0.16638,0.0289269],[-0.147244,0.762803,0.629643],[0.0826947,-0.624859,0.776346]],[[0.969039,0.238811,-0.0627036],[-0.12725,0.70068,0.702036],[0.211589,-0.672321,0.709376]],[[0.969039,0.238811,-0.0627036],[-0.171988,0.835088,0.52254],[0.177152,-0.495578,0.850306]],[[0.969039,0.238811,-0.0627036],[-0.202261,0.913447,0.353136],[0.141609,-0.32952,0.933468]]],"btipPosition":[-4.25021,345.101,-77.7487],"carpPosition":[17.193,254.465,43.8919],"dipPosition":[-1.87854,339.583,-62.115],"direction":[-0.177152,0.495578,-0.850306],"extended":true,"handId":473,"id":4731,"length":57.6453,"mcpPosition":[11.2294,299.527,-12.0948],"pipPosition":[2.31866,327.841,-41.969],"stabilizedTipPosition":[-2.2776,342.799,-74.2874],"timeVisible":12.3014,"tipPosition":[-4.04927,344.734,-73.3632],"tipVelocity":[-79.992,58.9449,7.02504],"tool":false,"touchDistance":0.42224,"touchZone":"hovering","type":1,"width":18.9605},{"bases":[[[0.998311,-0.0520636,0.0257826],[0.0233609,0.766046,0.642361],[-0.0531943,-0.640673,0.765969]],[[0.998585,-0.0485892,0.0216292],[0.050636,0.744139,-0.666103],[0.0162703,0.666256,0.745546]],[[0.998585,-0.0485892,0.0216292],[-0.0114641,-0.593754,-0.804565],[0.0519355,0.803178,-0.59347]],[[0.998585,-0.0485892,0.0216292],[-0.0399908,-0.954057,-0.296944],[0.0350637,0.295659,-0.95465]]],"btipPosition":[29.4437,242.587,-8.64187],"carpPosition":[28.6681,258.085,44.8396],"dipPosition":[30.0896,248.033,-26.2271],"direction":[-0.0519355,-0.803178,0.59347],"extended":false,"handId":473,"id":4732,"length":65.6822,"mcpPosition":[32.306,301.901,-7.54433],"pipPosition":[31.5373,270.421,-42.7697],"stabilizedTipPosition":[31.3505,241.74,-12.5115],"timeVisible":12.3014,"tipPosition":[29.5633,243.723,-13.0913],"tipVelocity":[-62.8636,67.6215,-5.26394],"tool":false,"touchDistance":0.333333,"touchZone":"none","type":2,"width":18.6218},{"bases":[[[0.974981,-0.203375,0.0897225],[0.0929184,0.739555,0.666651],[-0.201935,-0.641636,0.73995]],[[0.978114,-0.19299,0.0777649],[0.195772,0.727031,-0.658103],[0.0704698,0.658924,0.748901]],[[0.978114,-0.19299,0.0777649],[-0.0527374,-0.59149,-0.804586],[0.201274,0.782875,-0.588723]],[[0.978114,-0.19299,0.0777649],[-0.160583,-0.937844,-0.307672],[0.132309,0.288451,-0.948309]]],"btipPosition":[42.1187,242.65,0.220309],"carpPosition":[40.6945,258.653,45.0995],"dipPosition":[44.5419,247.933,-17.1477],"direction":[-0.201274,-0.782875,0.588723],"extended":false,"handId":473,"id":4733,"length":63.1552,"mcpPosition":[53.0937,298.051,-0.334899],"pipPosition":[50.0074,269.192,-33.1342],"stabilizedTipPosition":[44.5038,241.63,-3.54421],"timeVisible":12.3014,"tipPosition":[42.6608,243.703,-4.09291],"tipVelocity":[-60.8576,65.6344,-6.47541],"tool":false,"touchDistance":0.333333,"touchZone":"none","type":3,"width":17.7198},{"bases":[[[0.916212,-0.395652,0.0633689],[0.225224,0.639308,0.735227],[-0.331407,-0.659351,0.674852]],[[0.886127,-0.448115,0.118203],[0.428315,0.694468,-0.578152],[0.17699,0.562945,0.807321]],[[0.886127,-0.448115,0.118203],[-0.141274,-0.504105,-0.852009],[0.441385,0.738289,-0.510008]],[[0.886127,-0.448115,0.118203],[-0.373578,-0.841615,-0.390031],[0.274261,0.301459,-0.913183]]],"btipPosition":[52.6534,251.286,1.72534],"carpPosition":[53.0473,252.569,42.8582],"dipPosition":[57.2873,256.379,-13.7039],"direction":[-0.441385,-0.738289,0.510008],"extended":false,"handId":473,"id":4734,"length":49.5125,"mcpPosition":[71.8842,290.046,4.50014],"pipPosition":[65.7497,270.534,-23.4819],"stabilizedTipPosition":[55.6502,250.081,-1.60214],"timeVisible":12.3014,"tipPosition":[53.8957,252.23,-1.96985],"tipVelocity":[-62.531,66.8896,-6.1449],"tool":false,"touchDistance":0.333333,"touchZone":"none","type":4,"width":15.7401}],"r":[[0.742442,0.452322,0.49415],[-0.406144,0.890533,-0.204935],[-0.532754,-0.0485438,0.844877]],"s":1.12903,"t":[63.2442,-23.7622,-17.361],"timestamp":93524552664},false],[6,{"currentFrameRate":55.3191,"devices":[],"gestures":[],"hands":[{"armBasis":[[0.995529,0.0941415,-0.0077595],[-0.0862852,0.939722,0.330874],[0.0384407,-0.328725,0.943643]],"armWidth":62.4607,"confidence":0.65494,"direction":[0.0572136,0.749792,-0.659195],"elbow":[46.7682,158.087,294.86],"grabStrength":0,"id":473,"palmNormal":[0.129888,-0.660255,-0.739725],"palmPosition":[32.7764,281.658,6.07664],"palmVelocity":[-71.1534,55.6566,1.98971],"palmWidth":89.1918,"pinchStrength":0.0938002,"r":[[0.743759,0.451341,0.493065],[-0.408045,0.890805,-0.199913],[-0.529454,-0.0525059,0.846712]],"s":1.12977,"sphereCenter":[7.39503,274.027,-35.4108],"sphereRadius":52.1881,"stabilizedPalmPosition":[32.9138,281.574,6.06902],"t":[61.9456,-22.7731,-17.3223],"timeVisible":12.3195,"type":"right","wrist":[36.5944,245.089,45.1121]}],"id":1687175,"interactionBox":{"center":[0,200,0],"size":[235.247,235.247,147.751]},"pointables":[{"bases":[[[0.293312,0.754282,0.587389],[-0.877063,-0.0321892,0.479296],[0.380432,-0.655761,0.652111]],[[0.292567,0.755566,0.58611],[-0.8216,-0.114987,0.558347],[0.489263,-0.644902,0.587131]],[[0.292567,0.755566,0.58611],[-0.941165,0.335946,0.0367239],[-0.169154,-0.562371,0.809398]],[[0.292567,0.755566,0.58611],[-0.856577,0.47953,-0.190596],[-0.425065,-0.446287,0.787495]]],"btipPosition":[1.58046,294.963,-38.1315],"carpPosition":[10.1158,234.374,35.715],"dipPosition":[-8.17099,284.725,-20.0655],"direction":[0.169154,0.562371,-0.809398],"extended":false,"handId":473,"id":4730,"length":51.0864,"mcpPosition":[10.1158,234.374,35.715],"pipPosition":[-13.8244,265.929,6.98602],"stabilizedTipPosition":[-0.639697,292.596,-33.981],"timeVisible":12.3195,"tipPosition":[0.15605,292.037,-34.1976],"tipVelocity":[-99.2829,66.8884,17.5382],"tool":false,"touchDistance":-0.0738783,"touchZone":"touching","type":0,"width":19.8498},{"bases":[[[0.98543,0.168576,0.0225658],[-0.144739,0.761517,0.631777],[0.0893183,-0.625838,0.774822]],[[0.968189,0.24071,-0.0683314],[-0.124614,0.700657,0.702532],[0.216983,-0.671668,0.708364]],[[0.968189,0.24071,-0.0683314],[-0.170716,0.835103,0.522933],[0.182939,-0.494633,0.84963]],[[0.968189,0.24071,-0.0683314],[-0.202129,0.913347,0.35347],[0.147494,-0.328414,0.932947]]],"btipPosition":[-6.33146,345.874,-77.4158],"carpPosition":[16.0522,255.236,44.0475],"dipPosition":[-3.86124,340.374,-61.7909],"direction":[-0.182939,0.494633,-0.84963],"extended":true,"handId":473,"id":4731,"length":57.6453,"mcpPosition":[9.61098,300.368,-11.8292],"pipPosition":[0.473087,328.655,-41.6608],"stabilizedTipPosition":[-4.04563,343.717,-74.0514],"timeVisible":12.3195,"tipPosition":[-6.11171,345.498,-73.0387],"tipVelocity":[-96.1001,51.3586,12.3855],"tool":false,"touchDistance":0.418312,"touchZone":"hovering","type":1,"width":18.9605},{"bases":[[[0.998577,-0.0498334,0.0190041],[0.0259395,0.765129,0.643354],[-0.0466012,-0.641946,0.765333]],[[0.998809,-0.0464427,0.0149622],[0.0446404,0.745982,-0.664468],[0.0196982,0.664345,0.747167]],[[0.998809,-0.0464427,0.0149622],[-0.0154836,-0.592478,-0.805438],[0.0462714,0.804247,-0.592491]],[[0.998809,-0.0464427,0.0149622],[-0.0399,-0.953916,-0.297409],[0.0280851,0.296458,-0.954633]]],"btipPosition":[27.9745,243.515,-8.61841],"carpPosition":[27.5253,258.88,44.9238],"dipPosition":[28.4918,248.976,-26.2033],"direction":[-0.0462714,-0.804247,0.592491],"extended":false,"handId":473,"id":4732,"length":65.6822,"mcpPosition":[30.7123,302.783,-7.41668],"pipPosition":[29.7816,271.394,-42.7187],"stabilizedTipPosition":[30.1305,242.875,-12.5682],"timeVisible":12.3195,"tipPosition":[28.064,244.641,-13.0399],"tipVelocity":[-72.3958,59.9706,-2.14389],"tool":false,"touchDistance":0.333333,"touchZone":"none","type":2,"width":18.6218},{"bases":[[[0.976019,-0.201294,0.0828688],[0.0957183,0.73876,0.667137],[-0.195511,-0.643207,0.740311]],[[0.979041,-0.190909,0.0709358],[0.189752,0.728543,-0.658194],[0.0739756,0.657859,0.749499]],[[0.979041,-0.190909,0.0709358],[-0.0569145,-0.590891,-0.804741],[0.195548,0.783838,-0.589372]],[[0.979041,-0.190909,0.0709358],[-0.160664,-0.938029,-0.307065],[0.125161,0.289233,-0.949041]]],"btipPosition":[40.7143,243.575,0.207296],"carpPosition":[39.5518,259.475,45.1038],"dipPosition":[43.0066,248.872,-17.1742],"direction":[-0.195548,-0.783838,0.589372],"extended":false,"handId":473,"id":4733,"length":63.1552,"mcpPosition":[51.5565,298.969,-0.352769],"pipPosition":[48.3167,270.157,-33.1783],"stabilizedTipPosition":[43.3485,242.751,-3.63141],"timeVisible":12.3195,"tipPosition":[41.2239,244.625,-4.10682],"tipVelocity":[-69.6492,58.841,-3.82161],"tool":false,"touchDistance":0.333333,"touchZone":"none","type":3,"width":17.7198},{"bases":[[[0.917509,-0.393664,0.0566176],[0.228708,0.63871,0.734671],[-0.325376,-0.661119,0.676057]],[[0.8877,-0.44661,0.111928],[0.423358,0.696193,-0.579728],[0.180989,0.56201,0.807086]],[[0.8877,-0.44661,0.111928],[-0.145821,-0.503295,-0.851722],[0.43672,0.739752,-0.511901]],[[0.8877,-0.44661,0.111928],[-0.37458,-0.841889,-0.388475],[0.267728,0.302923,-0.914636]]],"btipPosition":[51.2275,252.219,1.63809],"carpPosition":[51.903,253.422,42.7704],"dipPosition":[55.7511,257.338,-13.8157],"direction":[-0.43672,-0.739752,0.511901],"extended":false,"handId":473,"id":4734,"length":49.5125,"mcpPosition":[70.3971,291,4.34389],"pipPosition":[64.124,271.52,-23.63],"stabilizedTipPosition":[54.4529,251.255,-1.71334],"timeVisible":12.3195,"tipPosition":[52.4435,253.167,-2.06086],"tipVelocity":[-70.9695,59.7964,-5.66723],"tool":false,"touchDistance":0.333333,"touchZone":"none","type":4,"width":15.7401}],"r":[[0.743759,0.451341,0.493065],[-0.408045,0.890805,-0.199913],[-0.529454,-0.0525059,0.846712]