{"sensorType":"Leap","data":[[0,{"currentFrameRate":55.2296,"devices":[],"gestures":[],"hands":[{"armBasis":[[0.99699,0.0684656,-0.0363852],[-0.0526594,0.942386,0.330358],[0.056907,-0.327447,0.943154]],"armWidth":62.4607,"confidence":0.680797,"direction":[0.11375,0.66165,-0.741135],"elbow":[50.9975,158.347,302.05],"grabStrength":0,"id":473,"palmNormal":[0.102434,-0.749812,-0.653674],"palmPosition":[35.0071,276.847,9.28879],"palmVelocity":[-17.4382,36.2794,10.3673],"palmWidth":89.1918,"pinchStrength":0.114022,"r":[[0.756094,0.463505,0.462044],[-0.362133,0.884361,-0.294558],[-0.545144,0.0553922,0.836511]],"s":1.13002,"sphereCenter":[9.13985,266.72,-31.4848],"sphereRadius":52.5741,"stabilizedPalmPosition":[35.263,276.383,9.07335],"t":[63.1888,-27.2291,-14.2483],"timeVisible":7.02314,"type":"right","wrist":[35.9362,245.011,52.4309]}],"id":1686883,"interactionBox":{"center":[0,200,0],"size":[235.247,235.247,147.751]},"pointables":[{"bases":[[[0.328231,0.80039,0.501638],[-0.885512,0.0758508,0.458383],[0.328836,-0.594662,0.733651]],[[0.330583,0.796101,0.506891],[-0.840658,0.00427244,0.541549],[0.428962,-0.605149,0.670661]],[[0.330583,0.796101,0.506891],[-0.913061,0.405689,-0.0416787],[-0.23882,-0.449044,0.861002]],[[0.330583,0.796101,0.506891],[-0.790647,0.526891,-0.311869],[-0.515356,-0.297673,0.803616]]],"btipPosition":[7.83881,286.257,-36.3088],"carpPosition":[9.02377,234.81,43.7194],"dipPosition":[-3.984,279.428,-17.873],"direction":[0.23882,0.449044,-0.861002],"extended":false,"handId":473,"id":4730,"length":51.0864,"mcpPosition":[9.02377,234.81,43.7194],"pipPosition":[-11.9658,264.42,10.9032],"stabilizedTipPosition":[5.35434,284.355,-32.1916],"timeVisible":7.02314,"tipPosition":[5.05629,284.297,-32.0614],"tipVelocity":[-28.9381,48.4735,15.0997],"tool":false,"touchDistance":-0.0389915,"touchZone":"touching","type":0,"width":19.8498},{"bases":[[[0.993285,0.112632,0.0264559],[-0.10928,0.838233,0.53425],[0.0379974,-0.533553,0.844912]],[[0.984059,0.167096,-0.0608848],[-0.0866763,0.749564,0.656233],[0.155291,-0.640495,0.752098]],[[0.984059,0.167096,-0.0608848],[-0.118113,0.870007,0.478682],[0.132956,-0.46386,0.875875]],[[0.984059,0.167096,-0.0608848],[-0.140295,0.939782,0.311653],[0.109294,-0.298143,0.948243]]],"btipPosition":[1.80575,337.568,-79.553],"carpPosition":[16.0663,256.134,49.6847],"dipPosition":[3.6362,332.575,-63.6719],"direction":[-0.132956,0.46386,-0.875875],"extended":true,"handId":473,"id":4731,"length":57.6453,"mcpPosition":[13.3261,294.611,-11.2467],"pipPosition":[6.78629,321.584,-42.9201],"stabilizedTipPosition":[3.06308,334.825,-76.7612],"timeVisible":7.02314,"tipPosition":[1.92775,336.849,-75.5611],"tipVelocity":[-17.951,29.8699,9.2609],"tool":false,"touchDistance":0.457984,"touchZone":"hovering","type":1,"width":18.9605},{"bases":[[[0.993264,-0.105048,0.0488966],[0.0610807,0.83329,0.549452],[-0.098464,-0.542764,0.834093]],[[0.99531,-0.0922227,0.0292182],[0.0842115,0.67729,-0.730881],[0.0476146,0.729914,0.681879]],[[0.99531,-0.0922227,0.0292182],[-0.0355817,-0.62984,-0.77591],[0.0899593,0.771231,-0.630167]],[[0.99531,-0.0922227,0.0292182],[-0.081436,-0.961754,-0.26153],[0.0522198,0.257924,-0.964753]]],"btipPosition":[28.7366,235.569,-3.51924],"carpPosition":[27.722,259.185,50.4041],"dipPosition":[29.6986,240.32,-21.2906],"direction":[-0.0899593,-0.771231,0.630167],"extended":false,"handId":473,"id":4732,"length":65.6822,"mcpPosition":[34.4558,296.304,-6.63882],"pipPosition":[32.2061,261.818,-38.8561],"stabilizedTipPosition":[30.1906,234.429,-8.19713],"timeVisible":7.02314,"tipPosition":[28.9419,236.54,-7.45921],"tipVelocity":[-23.3538,38.613,5.73385],"tool":false,"touchDistance":0.333333,"touchZone":"none","type":2,"width":18.6218},{"bases":[[[0.960499,-0.246292,0.129547],[0.128719,0.805928,0.57785],[-0.246725,-0.538349,0.805796]],[[0.960726,-0.245794,0.128803],[0.258312,0.622545,-0.738723],[0.101388,0.742982,0.661587]],[[0.960726,-0.245794,0.128803],[-0.064402,-0.648978,-0.758076],[0.269921,0.720009,-0.63932]],[[0.960726,-0.245794,0.128803],[-0.205681,-0.942318,-0.26407],[0.18628,0.227207,-0.955864]]],"btipPosition":[39.7253,235.901,7.21833],"carpPosition":[39.7575,259.098,50.8042],"dipPosition":[43.1369,240.062,-10.2881],"direction":[-0.269921,-0.720009,0.63932],"extended":false,"handId":473,"id":4733,"length":63.1552,"mcpPosition":[54.907,292.154,1.32675],"pipPosition":[50.4665,259.614,-27.6485],"stabilizedTipPosition":[42.0114,234.051,2.00142],"timeVisible":7.02314,"tipPosition":[40.459,236.777,2.99545],"tipVelocity":[-20.763,35.2388,6.09682],"tool":false,"touchDistance":0.333333,"touchZone":"none","type":3,"width":17.7198},{"bases":[[[0.890928,-0.436699,0.124668],[0.254238,0.707061,0.65987],[-0.376312,-0.556201,0.740965]],[[0.84239,-0.497079,0.208067],[0.501816,0.582927,-0.639044],[0.196367,0.642736,0.740493]],[[0.84239,-0.497079,0.208067],[-0.128088,-0.559758,-0.818697],[0.523424,0.663011,-0.535204]],[[0.84239,-0.497079,0.208067],[-0.403878,-0.838018,-0.36689],[0.356737,0.225031,-0.906697]]],"btipPosition":[50.279,244.929,7.2968],"carpPosition":[51.7586,252.106,49.4977],"dipPosition":[56.3065,248.731,-8.02288],"direction":[-0.523424,-0.663011,0.535204],"extended":false,"handId":473,"id":4734,"length":49.5125,"mcpPosition":[73.1479,283.72,7.38183],"pipPosition":[66.3418,261.442,-18.284],"stabilizedTipPosition":[53.1031,243.021,2.40052],"timeVisible":7.02314,"tipPosition":[51.6894,245.71,3.68679],"tipVelocity":[-19.8994,35.4216,13.2174],"tool":false,"touchDistance":0.333333,"touchZone":"none","type":4,"width":15.7401}],"r":[[0.756094,0.463505,0.462044],[-0.362133,0.884361,-0.294558],[-0.545144,0.0553922,0.836511]],"s":1.13002,"t":[63.1888,-27.2291,-14.2483],"timestamp":93519274431},false],[1,{"currentFrameRate":55.2698,"devices":[],"gestures":[],"hands":[{"armBasis":[[0.996971,0.066451,-0.0404059],[-0.0495857,0.943378,0.327993],[0.0599135,-0.324996,0.943816]],"armWidth":62.4607,"confidence":0.684217,"direction":[0.113316,0.662704,-0.740259],"elbow":[51.2008,160.222,302.672],"grabStrength":0,"id":473,"palmNormal":[0.09962,-0.748881,-0.655174],"palmPosition":[34.3773,278.148,9.79198],"palmVelocity":[-25.7789,53.4132,18.7186],"palmWidth":89.1918,"pinchStrength":0.106562,"r":[[0.757623,0.461444,0.461603],[-0.361743,0.885532,-0.291503],[-0.543277,0.053868,0.837824]],"s":1.13044,"sphereCenter":[8.54843,268.093,-30.9574],"sphereRadius":52.5248,"stabilizedPalmPosition":[34.6705,277.564,9.55407],"t":[62.7184,-26.2611,-13.9083],"timeVisible":7.0411,"type":"right","wrist":[35.3439,246.237,52.8777]}],"id":1686884,"interactionBox":{"center":[0,200,0],"size":[235.247,235.247,147.751]},"pointables":[{"bases":[[[0.3308,0.798935,0.50227],[-0.884356,0.0766806,0.460473],[0.329373,-0.59651,0.731908]],[[0.333407,0.794168,0.508072],[-0.839657,0.0050591,0.543093],[0.428736,-0.607677,0.668516]],[[0.333407,0.794168,0.508072],[-0.913346,0.405695,-0.0347853],[-0.233748,-0.452448,0.860612]],[[0.333407,0.794168,0.508072],[-0.795964,0.525923,-0.299744],[-0.505254,-0.30447,0.807475]]],"btipPosition":[6.81844,287.941,-35.7902],"carpPosition":[8.39366,236.1,44.2085],"dipPosition":[-4.77262,280.956,-17.2659],"direction":[0.233748,0.452448,-0.860612],"extended":false,"handId":473,"id":4730,"length":51.0864,"mcpPosition":[8.39366,236.1,44.2085],"pipPosition":[-12.5849,265.834,11.4973],"stabilizedTipPosition":[4.39383,285.937,-31.6625],"timeVisible":7.0411,"tipPosition":[4.18871,285.895,-31.502],"tipVelocity":[-40.7254,68.9614,22.1559],"tool":false,"touchDistance":-0.0300083,"touchZone":"touching","type":0,"width":19.8498},{"bases":[[[0.993544,0.110779,0.0244464],[-0.106569,0.837519,0.535916],[0.0388939,-0.535061,0.843917]],[[0.984343,0.164972,-0.0620757],[-0.084138,0.749224,0.65695],[0.154887,-0.641441,0.751374]],[[0.984343,0.164972,-0.0620757],[-0.115687,0.870368,0.478619],[0.132988,-0.463944,0.875825]],[[0.984343,0.164972,-0.0620757],[-0.138006,0.940396,0.310822],[0.109653,-0.297388,0.948439]]],"btipPosition":[1.17331,338.973,-78.9431],"carpPosition":[15.4883,257.401,50.1944],"dipPosition":[3.00976,333.993,-63.0587],"direction":[-0.132988,0.463944,-0.875825],"extended":true,"handId":473,"id":4731,"length":57.6453,"mcpPosition":[12.6834,295.987,-10.6652],"pipPosition":[6.1606,323.001,-42.3081],"stabilizedTipPosition":[2.5149,335.947,-76.2115],"timeVisible":7.0411,"tipPosition":[1.28495,338.271,-74.9417],"tipVelocity":[-26.0839,52.8408,20.9661],"tool":false,"touchDistance":0.454679,"touchZone":"hovering","type":1,"width":18.9605},{"bases":[[[0.993177,-0.106939,0.0465167],[0.0638159,0.832239,0.550731],[-0.0976077,-0.544005,0.833385]],[[0.995185,-0.0942053,0.0270416],[0.0840282,0.67808,-0.730169],[0.0504493,0.728925,0.682732]],[[0.995185,-0.0942053,0.0270416],[-0.0384715,-0.629238,-0.77626],[0.0901434,0.771482,-0.629833]],[[0.995185,-0.0942053,0.0270416],[-0.0838955,-0.961446,-0.261883],[0.0506698,0.258354,-0.964721]]],"btipPosition":[27.9966,236.931,-3.03185],"carpPosition":[27.151,260.43,50.8933],"dipPosition":[28.93,241.69,-20.8026],"direction":[-0.0901434,-0.771482,0.629833],"extended":false,"handId":473,"id":4732,"length":65.6822,"mcpPosition":[33.8263,297.634,-6.10124],"pipPosition":[31.4427,263.194,-38.3588],"stabilizedTipPosition":[29.6126,235.479,-7.88233],"timeVisible":7.0411,"tipPosition":[28.1983,237.899,-6.99174],"tipVelocity":[-31.9745,56.2681,15.8636],"tool":false,"touchDistance":0.333333,"touchZone":"none","type":2,"width":18.6218},{"bases":[[[0.960332,-0.24826,0.127],[0.131467,0.804707,0.578933],[-0.245923,-0.539272,0.805424]],[[0.960633,-0.2476,0.126014],[0.257681,0.624511,-0.737283],[0.103854,0.74073,0.663727]],[[0.960633,-0.2476,0.126014],[-0.0671424,-0.647038,-0.759496],[0.269587,0.721135,-0.63819]],[[0.960633,-0.2476,0.126014],[-0.207917,-0.941557,-0.265028],[0.18427,0.228394,-0.955971]]],"btipPosition":[39.0436,237.227,7.58104],"carpPosition":[39.1873,260.321,51.2666],"dipPosition":[42.4185,241.41,-9.92732],"direction":[-0.269587,-0.721135,0.63819],"extended":false,"handId":473,"id":4733,"length":63.1552,"mcpPosition":[54.2874,293.433,1.81191],"pipPosition":[49.739,260.992,-27.2571],"stabilizedTipPosition":[41.4641,235.084,2.38918],"timeVisible":7.0411,"tipPosition":[39.7601,238.101,3.38917],"tipVelocity":[-29.1216,53.6185,12.7555],"tool":false,"touchDistance":0.333333,"touchZone":"none","type":3,"width":17.7198},{"bases":[[[0.890403,-0.438531,0.121951],[0.256986,0.705471,0.660506],[-0.375686,-0.556777,0.74085]],[[0.842393,-0.498484,0.204664],[0.500338,0.582528,-0.640564],[0.200088,0.642008,0.740128]],[[0.842393,-0.498484,0.204664],[-0.131966,-0.559083,-0.818542],[0.522454,0.662526,-0.536751]],[[0.842393,-0.498484,0.204664],[-0.406292,-0.837048,-0.366439],[0.353978,0.225533,-0.907654]]],"btipPosition":[49.5937,246.19,7.78565],"carpPosition":[51.1727,253.309,49.9216],"dipPosition":[55.5746,250.001,-7.5502],"direction":[-0.522454,-0.662526,0.536751],"extended":false,"handId":473,"id":4734,"length":49.5125,"mcpPosition":[72.5263,284.955,7.81221],"pipPosition":[65.5912,262.703,-17.8409],"stabilizedTipPosition":[52.6053,243.965,2.83393],"timeVisible":7.0411,"tipPosition":[50.9914,246.985,4.14755],"tipVelocity":[-28.8227,51.9552,19.745],"tool":false,"touchDistance":0.333333,"touchZone":"none","type":4,"width":15.7401}],"r":[[0.757623,0.461444,0.461603],[-0.361743,0.885532,-0.291503],[-0.543277,0.053868,0.837824]],"s":1.13044,"t":[62.7184,-26.2611,-13.9083],"timestamp":93519292385},false],[2,{"currentFrameRate":55.2973,"devices":[],"gestures":[],"hands":[{"armBasis":[[0.996784,0.0672753,-0.0435333],[-0.0488579,0.940854,0.335271],[0.0635139,-0.332066,0.941115]],"armWidth":62.4607,"confidence":0.689215,"direction":[0.11173,0.659363,-0.743476],"elbow":[51.3852,160.276,301.606],"grabStrength":0,"id":473,"palmNormal":[0.0963849,-0.751824,-0.652282],"palmPosition":[33.5074,279.889,9.30776],"palmVelocity":[-36.4728,73.9339,-2.8931],"palmWidth":89.1918,"pinchStrength":0.105731,"r":[[0.759281,0.459982,0.460337],[-0.361377,0.886314,-0.289575],[-0.541202,0.0535141,0.839188]],"s":1.13078,"sphereCenter":[7.63778,269.664,-31.3144],"sphereRadius":52.4824,"stabilizedPalmPosition":[33.8273,279.249,9.37551],"t":[62.0482,-24.9069,-13.9804],"timeVisible":7.05909,"type":"right","wrist":[34.5753,248.161,52.5267]}],"id":1686885,"interactionBox":{"center":[0,200,0],"size":[235.247,235.247,147.751]},"pointables":[{"bases":[[[0.333585,0.800624,0.497717],[-0.882693,0.0798816,0.463111],[0.331019,-0.593819,0.733352]],[[0.336183,0.79592,0.50348],[-0.837995,0.0088173,0.545606],[0.42982,-0.605337,0.669942]],[[0.336183,0.79592,0.50348],[-0.913093,0.406429,-0.0328088],[-0.230742,-0.448694,0.863384]],[[0.336183,0.79592,0.50348],[-0.79712,0.525179,-0.297971],[-0.501578,-0.301161,0.811]]],"btipPosition":[5.76916,289.55,-36.2502],"carpPosition":[7.58216,238.025,43.9918],"dipPosition":[-5.73758,282.641,-17.645],"direction":[0.230742,0.448694,-0.863384],"extended":false,"handId":473,"id":4730,"length":51.0864,"mcpPosition":[7.58216,238.025,43.9918],"pipPosition":[-13.4494,267.644,11.2109],"stabilizedTipPosition":[3.29295,287.689,-31.9296],"timeVisible":7.05909,"tipPosition":[3.16935,287.529,-31.933],"tipVelocity":[-48.5514,79.1109,0.0446706],"tool":false,"touchDistance":-0.0373644,"touchZone":"touching","type":0,"width":19.8498},{"bases":[[[0.993772,0.109506,0.0206285],[-0.103614,0.839958,0.532668],[0.0410032,-0.531488,0.846073]],[[0.984464,0.162936,-0.0654353],[-0.0811466,0.752682,0.653364],[0.155708,-0.637904,0.754211]],[[0.984464,0.162936,-0.0654353],[-0.113054,0.873349,0.473793],[0.134346,-0.459035,0.878202]],[[0.984464,0.162936,-0.0654353],[-0.135734,0.942616,0.305045],[0.111383,-0.291424,0.950087]]],"btipPosition":[0.163281,340.291,-79.6341],"carpPosition":[14.7261,259.341,49.8623],"dipPosition":[2.02872,335.41,-63.7221],"direction":[-0.134346,0.459035,-0.878202],"extended":true,"handId":473,"id":4731,"length":57.6453,"mcpPosition":[11.7691,297.67,-11.1528],"pipPosition":[5.21173,324.534,-42.9151],"stabilizedTipPosition":[1.74874,337.23,-76.117],"timeVisible":7.05909,"tipPosition":[0.271887,339.62,-75.6229],"tipVelocity":[-40.1451,63.0994,-6.98513],"tool":false,"touchDistance":0.432275,"touchZone":"hovering","type":1,"width":18.9605},{"bases":[[[0.99318,-0.108114,0.0436352],[0.0668123,0.834506,0.546933],[-0.0955452,-0.540288,0.836038]],[[0.995132,-0.0955368,0.0242059],[0.0826342,0.674965,-0.733208],[0.0537102,0.731638,0.679574]],[[0.995132,-0.0955368,0.0242059],[-0.0418878,-0.632312,-0.773581],[0.0892111,0.768801,-0.633235]],[[0.995132,-0.0955368,0.0242059],[-0.0861256,-0.962387,-0.257668],[0.0479122,0.254329,-0.96593]]],"btipPosition":[27.0226,238.624,-3.33139],"carpPosition":[26.3953,262.357,50.5089],"dipPosition":[27.9051,243.309,-21.1244],"direction":[-0.0892111,-0.768801,0.633235],"extended":false,"handId":473,"id":4732,"length":65.6822,"mcpPosition":[32.9295,299.307,-6.6671],"pipPosition":[30.3918,264.739,-38.7755],"stabilizedTipPosition":[28.8941,236.75,-7.74431],"timeVisible":7.05909,"tipPosition":[27.2146,239.578,-7.29246],"tipVelocity":[-42.7826,73.7523,0.330889],"tool":false,"touchDistance":0.333333,"touchZone":"none","type":2,"width":18.6218},{"bases":[[[0.960413,-0.249043,0.124834],[0.13452,0.807001,0.575025],[-0.243947,-0.535469,0.808556]],[[0.960823,-0.248141,0.123472],[0.255549,0.620662,-0.741265],[0.107303,0.743778,0.659758]],[[0.960823,-0.248141,0.123472],[-0.0710589,-0.651138,-0.755625],[0.267899,0.717248,-0.643261]],[[0.960823,-0.248141,0.123472],[-0.210209,-0.942761,-0.258869],[0.180641,0.222772,-0.957988]]],"btipPosition":[38.1288,238.98,7.31279],"carpPosition":[38.4325,262.233,50.8421],"dipPosition":[41.4372,243.06,-10.2325],"direction":[-0.267899,-0.717248,0.643261],"extended":false,"handId":473,"id":4733,"length":63.1552,"mcpPosition":[53.4114,295.112,1.19517],"pipPosition":[48.7119,262.537,-27.7],"stabilizedTipPosition":[40.786,236.357,2.62312],"timeVisible":7.05909,"tipPosition":[38.8255,239.824,3.09731],"tipVelocity":[-39.815,73.7617,-0.570562],"tool":false,"touchDistance":0.333333,"touchZone":"none","type":3,"width":17.7198},{"bases":[[[0.890207,-0.439237,0.120839],[0.260178,0.707942,0.656601],[-0.373951,-0.553072,0.744495]],[[0.84263,-0.498517,0.203606],[0.49842,0.578899,-0.645332],[0.203842,0.645257,0.736268]],[[0.84263,-0.498517,0.203606],[-0.136062,-0.562938,-0.815223],[0.52102,0.659228,-0.542178]],[[0.84263,-0.498517,0.203606],[-0.408785,-0.838301,-0.360758],[0.350527,0.220755,-0.910164]]],"btipPosition":[48.6819,247.901,7.42414],"carpPosition":[50.4037,255.198,49.487],"dipPosition":[54.6044,251.63,-7.95412],"direction":[-0.52102,-0.659228,0.542178],"extended":false,"handId":473,"id":4734,"length":49.5125,"mcpPosition":[71.6588,286.634,7.17046],"pipPosition":[64.5935,264.269,-18.3489],"stabilizedTipPosition":[51.9645,245.164,3.09743],"timeVisible":7.05909,"tipPosition":[50.0629,248.679,3.76585],"tipVelocity":[-39.5311,71.885,0.621026],"tool":false,"touchDistance":0.333333,"touchZone":"none","type":4,"width":15.7401}],"r":[[0.759281,0.459982,0.460337],[-0.361377,0.886314,-0.289575],[-0.541202,0.0535141,0.839188]],"s":1.13078,"t":[62.0482,-24.9069,-13.9804],"timestamp":93519310374},false],[3,{"currentFrameRate":55.2873,"devices":[],"gestures":[],"hands":[{"armBasis":[[0.997503,0.0511322,-0.0487148],[-0.0316511,0.940303,0.338864],[0.0631335,-0.336476,0.939573]],"armWidth":62.4607,"confidence":0.699706,"direction":[0.109233,0.658282,-0.744804],"elbow":[50.6193,160.963,300.518],"grabStrength":0,"id":473,"palmNormal":[0.0765435,-0.752633,-0.653976],"palmPosition":[32.611,281.782,8.66246],"palmVelocity":[-42.6576,88.4617,-18.4672],"palmWidth":89.1918,"pinchStrength":0.105028,"r":[[0.763201,0.45675,0.45706],[-0.359594,0.887919,-0.286865],[-0.536857,0.0545799,0.841906]],"s":1.1311,"sphereCenter":[6.05998,271.922,-31.5544],"sphereRadius":52.461,"stabilizedPalmPosition":[32.8957,281.189,8.82939],"t":[61.2649,-23.2834,-14.3391],"timeVisible":7.07721,"type":"right","wrist":[33.9101,250.016,51.8471]}],"id":1686886,"interactionBox":{"center":[0,200,0],"size":[235.247,235.247,147.751]},"pointables":[{"bases":[[[0.351654,0.795822,0.492956],[-0.874464,0.0912939,0.476422],[0.334143,-0.598608,0.728022]],[[0.354209,0.791204,0.49853],[-0.829581,0.0197765,0.558036],[0.431661,-0.611233,0.663373]],[[0.354209,0.791204,0.49853],[-0.908064,0.418407,-0.0188578],[-0.223509,-0.446018,0.866667]],[[0.354209,0.791204,0.49853],[-0.794698,0.535669,-0.285507],[-0.492941,-0.295052,0.818507]]],"btipPosition":[4.31614,291.827,-36.4858],"carpPosition":[6.6591,240.244,43.7167],"dipPosition":[-6.99246,285.059,-17.7084],"direction":[0.223509,0.446018,-0.866667],"extended":false,"handId":473,"id":4730,"length":51.0864,"mcpPosition":[6.6591,240.244,43.7167],"pipPosition":[-14.4625,270.152,11.2571],"stabilizedTipPosition":[1.85191,290.047,-32.1465],"timeVisible":7.07721,"tipPosition":[1.75637,289.851,-32.1237],"tipVelocity":[-62.4111,102.133,-5.12726],"tool":false,"touchDistance":-0.045385,"touchZone":"touching","type":0,"width":19.8498},{"bases":[[[0.995336,0.0963054,0.00566351],[-0.084407,0.840929,0.534522],[0.0467148,-0.532507,0.845136]],[[0.985528,0.149597,-0.0797257],[-0.061423,0.753495,0.654578],[0.157996,-0.640208,0.751779]],[[0.985528,0.149597,-0.0797257],[-0.0943418,0.874784,0.475239],[0.140837,-0.46084,0.876237]],[[0.985528,0.149597,-0.0797257],[-0.118555,0.944426,0.3066],[0.121161,-0.29271,0.948494]]],"btipPosition":[-1.21556,342.644,-79.7657],"carpPosition":[14.1731,261.46,49.4874],"dipPosition":[0.813645,337.742,-63.8804],"direction":[-0.140837,0.46084,-0.876237],"extended":true,"handId":473,"id":4731,"length":57.6453,"mcpPosition":[10.8042,299.862,-11.46],"pipPosition":[4.15046,326.823,-43.12],"stabilizedTipPosition":[0.683656,339.058,-76.1149],"timeVisible":7.07721,"tipPosition":[-1.06567,341.967,-75.7593],"tipVelocity":[-56.2657,94.756,-7.27829],"tool":false,"touchDistance":0.420315,"touchZone":"hovering","type":1,"width":18.9605},{"bases":[[[0.992204,-0.121302,0.0285859],[0.0861276,0.833209,0.546209],[-0.0900743,-0.539489,0.837161]],[[0.994008,-0.108905,0.00939049],[0.0807021,0.673212,-0.735032],[0.0737269,0.731386,0.677967]],[[0.994008,-0.108905,0.00939049],[-0.0620059,-0.632518,-0.77206],[0.0900208,0.766851,-0.635481]],[[0.994008,-0.108905,0.00939049],[-0.102909,-0.961315,-0.255506],[0.0368531,0.253008,-0.966762]]],"btipPosition":[25.3782,240.623,-3.80422],"carpPosition":[25.8896,264.32,49.959],"dipPosition":[26.057,245.284,-21.6126],"direction":[-0.0900208,-0.766851,0.635481],"extended":false,"handId":473,"id":4732,"length":65.6822,"mcpPosition":[32.0498,301.216,-7.29375],"pipPosition":[28.5663,266.659,-39.3262],"stabilizedTipPosition":[27.8243,238.325,-7.79393],"timeVisible":7.07721,"tipPosition":[25.528,241.576,-7.80868],"tipVelocity":[-66.8435,91.015,-12.3402],"tool":false,"touchDistance":0.333333,"touchZone":"none","type":2,"width":18.6218},{"bases":[[[0.9588,-0.261834,0.110212],[0.153881,0.804791,0.573264],[-0.238797,-0.532686,0.811924]],[[0.959361,-0.260575,0.108294],[0.251646,0.616389,-0.746149],[0.127676,0.743078,0.656912]],[[0.959361,-0.260575,0.108294],[-0.091974,-0.651565,-0.752997],[0.266773,0.712435,-0.649052]],[[0.959361,-0.260575,0.108294],[-0.226744,-0.940296,-0.253831],[0.167971,0.218961,-0.961167]]],"btipPosition":[36.6783,240.844,6.71425],"carpPosition":[37.9279,264.036,50.1104],"dipPosition":[39.7546,244.854,-10.8893],"direction":[-0.266773,-0.712435,0.649052],"extended":false,"handId":473,"id":4733,"length":63.1552,"mcpPosition":[52.5905,296.744,0.256552],"pipPosition":[46.9987,264.2,-28.514],"stabilizedTipPosition":[39.8349,237.87,2.63496],"timeVisible":7.07721,"tipPosition":[37.3162,241.671,2.44527],"tipVelocity":[-60.3676,87.1848,-16.3738],"tool":false,"touchDistance":0.333333,"touchZone":"none","type":3,"width":17.7198},{"bases":[[[0.886023,-0.451078,0.107198],[0.27943,0.704025,0.652892],[-0.369975,-0.548523,0.749827]],[[0.839067,-0.509616,0.190417],[0.495964,0.572706,-0.652708],[0.223577,0.642106,0.73329]],[[0.839067,-0.509616,0.190417],[-0.156034,-0.56074,-0.813157],[0.521172,0.652581,-0.550016]],[[0.839067,-0.509616,0.190417],[-0.425287,-0.832709,-0.354579],[0.339261,0.216534,-0.915432]]],"btipPosition":[47.3384,249.596,6.54825],"carpPosition":[49.7828,256.844,48.5716],"dipPosition":[53.0706,253.255,-8.91901],"direction":[-0.521172,-0.652582,0.550016],"extended":false,"handId":473,"id":4734,"length":49.5125,"mcpPosition":[70.8119,288.022,5.95205],"pipPosition":[63.0626,265.766,-19.4641],"stabilizedTipPosition":[51.0987,246.545,3.06951],"timeVisible":7.07721,"tipPosition":[48.6696,250.36,2.86685],"tipVelocity":[-57.1545,81.7773,-23.2214],"tool":false,"touchDistance":0.333333,"touchZone":"none","type":4,"width":15.7401}],"r":[[0.763201,0.45675,0.45706],[-0.359594,0.887919,-0.286865],[-0.536857,0.0545799,0.841906]],"s":1.1311,"t":[61.2649,-23.2834,-14.3391],"timestamp":93519328496},false],[4,{"currentFrameRate":55.3148,"devices":[],"gestures":[],"hands":[{"armBasis":[[0.997555,0.0484851,-0.0503367],[-0.0282504,0.9385,0.344121],[0.0639258,-0.341858,0.937575]],"armWidth":62.4607,"confidence":0.683328,"direction":[0.106135,0.657973,-0.745524],"elbow":[50.2487,160.309,300.023],"grabStrength":0,"id":473,"palmNormal":[0.0709433,-0.752859,-0.654347],"palmPosition":[31.8373,282.55,8.70174],"palmVelocity":[-42.8298,66.8197,-8.68985],"palmWidth":89.1918,"pinchStrength":0.105872,"r":[[0.767066,0.453833,0.453482],[-0.358115,0.889346,-0.284284],[-0.53232,0.0556658,0.844711]],"s":1.13124,"sphereCenter":[5.1233,272.737,-31.3297],"sphereRadius":52.4105,"stabilizedPalmPosition":[32.0659,282.256,8.7293],"t":[60.4864,-22.0872,-14.4988],"timeVisible":7.09519,"type":"right","wrist":[33.3298,250.786,51.8812]}],"id":1686887,"interactionBox":{"center":[0,200,0],"size":[235.247,235.247,147.751]},"pointables":[{"bases":[[[0.356362,0.795106,0.490727],[-0.871357,0.0932322,0.481711],[0.33726,-0.599261,0.726045]],[[0.358493,0.791291,0.49532],[-0.826697,0.0226205,0.562193],[0.433654,-0.611021,0.662267]],[[0.358493,0.791291,0.49532],[-0.907293,0.420241,-0.0146877],[-0.219776,-0.444135,0.868586]],[[0.358493,0.791291,0.49532],[-0.795004,0.5369,-0.282325],[-0.489338,-0.29257,0.821554]]],"btipPosition":[3.36098,292.526,-36.3651],"carpPosition":[6.00885,241.072,43.9173],"dipPosition":[-7.86497,285.814,-17.5178],"direction":[0.219776,0.444135,-0.868586],"extended":false,"handId":473,"id":4730,"length":51.0864,"mcpPosition":[6.00885,241.072,43.9173],"pipPosition":[-15.2103,270.97,11.5119],"stabilizedTipPosition":[0.840373,290.928,-32.0369],"timeVisible":7.09519,"tipPosition":[0.792567,290.632,-31.9539],"tipVelocity":[-57.5093,72.5048,0.901352],"tool":false,"touchDistance":-0.0431054,"touchZone":"touching","type":0,"width":19.8498},{"bases":[[[0.995558,0.0941508,-0.000388341],[-0.0793407,0.841161,0.534933],[0.0506911,-0.532526,0.844894]],[[0.985446,0.147114,-0.0851701],[-0.0559901,0.753975,0.654512],[0.160504,-0.640218,0.751239]],[[0.985446,0.147114,-0.0851701],[-0.0896532,0.875472,0.47488],[0.144425,-0.460333,0.875919]],[[0.985446,0.147114,-0.0851701],[-0.114649,0.945116,0.305961],[0.125507,-0.291743,0.948227]]],"btipPosition":[-2.33518,343.43,-79.5609],"carpPosition":[13.6036,262.272,49.6401],"dipPosition":[-0.2332,338.544,-63.6801],"direction":[-0.144425,0.460333,-0.87592],"extended":true,"handId":473,"id":4731,"length":57.6453,"mcpPosition":[9.94798,300.676,-11.29],"pipPosition":[3.18863,327.638,-42.9272],"stabilizedTipPosition":[-0.419808,340.472,-76.025],"timeVisible":7.09519,"tipPosition":[-2.17427,342.756,-75.5547],"tipVelocity":[-58.6629,70.6921,1.53237],"tool":false,"touchDistance":0.414673,"touchZone":"hovering","type":1,"width":18.9605},{"bases":[[[0.992094,-0.123447,0.0225761],[0.0912446,0.833073,0.545586],[-0.0861587,-0.539213,0.83775]],[[0.993788,-0.111229,0.00363687],[0.0778012,0.671013,-0.737353],[0.0795748,0.733055,0.675498]],[[0.993788,-0.111229,0.00363687],[-0.0682646,-0.635075,-0.769428],[0.0878926,0.764401,-0.638723]],[[0.993788,-0.111229,0.00363687],[-0.106726,-0.961799,-0.252096],[0.0315384,0.250142,-0.967695]]],"btipPosition":[24.4307,241.434,-3.53913],"carpPosition":[25.329,265.108,50.0402],"dipPosition":[25.0116,246.042,-21.3647],"direction":[-0.0878926,-0.764401,0.638723],"extended":false,"handId":473,"id":4732,"length":65.6822,"mcpPosition":[31.2213,301.984,-7.25287],"pipPosition":[27.4616,267.349,-39.1687],"stabilizedTipPosition":[26.7786,239.662,-7.74423],"timeVisible":7.09519,"tipPosition":[24.5621,242.377,-7.61968],"tipVelocity":[-60.7349,68.9469,0.377373],"tool":false,"touchDistance":0.333333,"touchZone":"none","type":2,"width":18.6218},{"bases":[[[0.958882,-0.263898,0.104419],[0.159099,0.804511,0.572233],[-0.235017,-0.532091,0.813417]],[[0.959521,-0.262441,0.102192],[0.24802,0.615495,-0.748099],[0.133433,0.743163,0.655671]],[[0.959521,-0.262441,0.102192],[-0.0982838,-0.652068,-0.751763],[0.26393,0.711289,-0.651467]],[[0.959521,-0.262441,0.102192],[-0.230337,-0.94006,-0.25146],[0.16206,0.217743,-0.962457]]],"btipPosition":[35.8189,241.618,6.7744],"carpPosition":[37.3673,264.797,50.1185],"dipPosition":[38.787,245.606,-10.8528],"direction":[-0.26393,-0.711289,0.651467],"extended":false,"handId":473,"id":4733,"length":63.1552,"mcpPosition":[51.7978,297.469,0.173098],"pipPosition":[45.9539,264.921,-28.5431],"stabilizedTipPosition":[38.8903,239.192,2.6591],"timeVisible":7.09519,"tipPosition":[36.4279,242.44,2.49161],"tipVelocity":[-55.0676,66.1603,-7.18131],"tool":false,"touchDistance":0.333333,"touchZone":"none","type":3,"width":17.7198},{"bases":[[[0.885679,-0.452985,0.101867],[0.284911,0.70348,0.651108],[-0.366603,-0.54765,0.752118]],[[0.839211,-0.511297,0.185202],[0.492942,0.571428,-0.656108],[0.229636,0.641907,0.731589]],[[0.839211,-0.511297,0.185202],[-0.162513,-0.560805,-0.811842],[0.518954,0.651209,-0.553727]],[[0.839211,-0.511297,0.185202],[-0.429315,-0.831961,-0.351468],[0.333785,0.215446,-0.917698]]],"btipPosition":[46.486,250.334,6.52344],"carpPosition":[49.1971,257.58,48.5087],"dipPosition":[52.1257,253.974,-8.98212],"direction":[-0.518954,-0.651209,0.553727],"extended":false,"handId":473,"id":4734,"length":49.5125,"mcpPosition":[70.0345,288.708,5.75884],"pipPosition":[62.0752,266.459,-19.5983],"stabilizedTipPosition":[50.2212,247.769,3.03978],"timeVisible":7.09519,"tipPosition":[47.7938,251.095,2.82744],"tipVelocity":[-53.0955,62.3616,-13.1124],"tool":false,"touchDistance":0.333333,"touchZone":"none","type":4,"width":15.7401}],"r":[[0.767066,0.453833,0.453482],[-0.358115,0.889346,-0.284284],[-0.53232,0.0556658,0.844711]],"s":1.13124,"t":[60.4864,-22.0872,-14.4988],"timestamp":93519346479},false],[5,{"currentFrameRate":55.302,"devices":[],"gestures":[],"hands":[{"armBasis":[[0.99756,0.0461653,-0.0523714],[-0.0251676,0.937516,0.347031],[0.0651198,-0.344866,0.93639]],"armWidth":62.4607,"confidence":0.701589,"direction":[0.1028,0.656539,-0.747254],"elbow":[50.0377,160.279,299.62],"grabStrength":0,"id":473,"palmNormal":[0.0657675,-0.754076,-0.653486],"palmPosition":[31.1066,283.247,8.56742],"palmVelocity":[-41.6304,53.292,-8.08042],"palmWidth":89.1918,"pinchStrength":0.103929,"r":[[0.770826,0.451384,0.449533],[-0.356954,0.890509,-0.282097],[-0.527646,0.0569851,0.847551]],"s":1.13144,"sphereCenter":[4.19102,273.406,-31.2773],"sphereRadius":52.3973,"stabilizedPalmPosition":[31.3081,283.039,8.60143],"t":[59.7318,-21.141,-14.6459],"timeVisible":7.11332,"type":"right","wrist":[32.8029,251.553,51.7908]}],"id":1686888,"interactionBox":{"center":[0,200,0],"size":[235.247,235.247,147.751]},"pointables":[{"bases":[[[0.360625,0.795322,0.487251],[-0.86831,0.0955224,0.486738],[0.34057,-0.598614,0.725033]],[[0.362933,0.791232,0.492171],[-0.823176,0.0247407,0.567247],[0.436647,-0.611016,0.660302]],[[0.362933,0.791232,0.492171],[-0.906659,0.421759,-0.00945328],[-0.215057,-0.4428,0.870447]],[[0.362933,0.791232,0.492171],[-0.795607,0.538081,-0.278348],[-0.485066,-0.290553,0.824797]]],"btipPosition":[2.3684,293.234,-36.3166],"carpPosition":[5.4185,241.871,44.0063],"dipPosition":[-8.75952,286.568,-17.3949],"direction":[0.215057,0.4428,-0.870447],"extended":false,"handId":473,"id":4730,"length":51.0864,"mcpPosition":[5.4185,241.871,44.0063],"pipPosition":[-15.9471,271.769,11.697],"stabilizedTipPosition":[-0.148616,291.669,-31.9676],"timeVisible":7.11332,"tipPosition":[-0.173439,291.347,-31.9008],"tipVelocity":[-55.6064,56.8643,2.19596],"tool":false,"touchDistance":-0.0420116,"touchZone":"touching","type":0,"width":19.8498},{"bases":[[[0.995696,0.0924569,-0.00648075],[-0.0747275,0.842191,0.533975],[0.0548277,-0.531193,0.845475]],[[0.985267,0.144959,-0.0907468],[-0.0509714,0.755406,0.653272],[0.163248,-0.639022,0.751665]],[[0.985267,0.144959,-0.0907468],[-0.0854185,0.876807,0.473195],[0.148161,-0.458472,0.876272]],[[0.985267,0.144959,-0.0907468],[-0.111217,0.946185,0.303914],[0.129918,-0.289344,0.948368]]],"btipPosition":[-3.43201,343.996,-79.6237],"carpPosition":[13.0831,263.069,49.6479],"dipPosition":[-1.25614,339.15,-63.7405],"direction":[-0.148161,0.458472,-0.876271],"extended":true,"handId":473,"id":4731,"length":57.6453,"mcpPosition":[9.12912,301.376,-11.3241],"pipPosition":[2.2542,328.287,-42.9792],"stabilizedTipPosition":[-1.51932,341.526,-76.0012],"timeVisible":7.11332,"tipPosition":[-3.25959,343.328,-75.6179],"tipVelocity":[-59.0951,52.1216,-0.831639],"tool":false,"touchDistance":0.405606,"touchZone":"hovering","type":1,"width":18.9605},{"bases":[[[0.992001,-0.125096,0.0168714],[0.0959044,0.833831,0.543625],[-0.0820733,-0.537659,0.839159]],[[0.993586,-0.113065,-0.00186231],[0.0746049,0.667809,-0.740585],[0.0849776,0.735695,0.671961]],[[0.993586,-0.113065,-0.00186231],[-0.0741022,-0.638576,-0.765982],[0.0854163,0.761207,-0.642859]],[[0.993586,-0.113065,-0.00186231],[-0.110005,-0.962617,-0.247524],[0.0261935,0.246141,-0.96888]]],"btipPosition":[23.5499,242.142,-3.39803],"carpPosition":[24.8154,265.885,49.9733],"dipPosition":[24.0324,246.676,-21.2454],"direction":[-0.0854163,-0.761207,0.642859],"extended":false,"handId":473,"id":4732,"length":65.6822,"mcpPosition":[30.4283,302.655,-7.41604],"pipPosition":[26.4133,267.895,-39.1647],"stabilizedTipPosition":[25.7863,240.783,-7.66743],"timeVisible":7.11332,"tipPosition":[23.6616,243.073,-7.54541],"tipVelocity":[-55.5465,54.2808,3.77199],"tool":false,"touchDistance":0.333333,"touchZone":"none","type":2,"width":18.6218},{"bases":[[[0.95904,-0.265353,0.0991475],[0.163868,0.805198,0.569915],[-0.231062,-0.530324,0.8157]],[[0.959788,-0.263623,0.096489],[0.243897,0.612875,-0.751598],[0.139003,0.744908,0.652526]],[[0.959788,-0.263623,0.096489],[-0.104567,-0.654704,-0.748617],[0.260525,0.708424,-0.655943]],[[0.959788,-0.263623,0.096489],[-0.233559,-0.940567,-0.246544],[0.155749,0.214094,-0.964316]]],"btipPosition":[35.0263,242.334,6.78939],"carpPosition":[36.8534,265.554,49.9804],"dipPosition":[37.8788,246.255,-10.8718],"direction":[-0.260525,-0.708424,0.655943],"extended":false,"handId":473,"id":4733,"length":63.1552,"mcpPosition":[51.0411,298.117,-0.105216],"pipPosition":[44.9532,265.492,-28.6836],"stabilizedTipPosition":[37.9798,240.34,2.67846],"timeVisible":7.11332,"tipPosition":[35.6054,243.136,2.47045],"tipVelocity":[-50.366,53.0652,-3.57383],"tool":false,"touchDistance":0.333333,"touchZone":"none","type":3,"width":17.7198},{"bases":[[[0.885504,-0.454319,0.0973511],[0.289977,0.704087,0.648209],[-0.363037,-0.545762,0.755214]],[[0.839505,-0.512337,0.180949],[0.489834,0.569494,-0.660105],[0.235147,0.642796,0.729053]],[[0.839505,-0.512337,0.180949],[-0.168434,-0.562001,-0.809805],[0.516587,0.649358,-0.558097]],[[0.839505,-0.512337,0.180949],[-0.432829,-0.831888,-0.347306],[0.328467,0.213245,-0.920128]]],"btipPosition":[45.6917,251.002,6.36386],"carpPosition":[48.6612,258.313,48.3123],"dipPosition":[51.2415,254.605,-9.18276],"direction":[-0.516587,-0.649358,0.558097],"extended":false,"handId":473,"id":4734,"length":49.5125,"mcpPosition":[69.2959,289.334,5.38652],"pipPosition":[61.1456,267.054,-19.8827],"stabilizedTipPosition":[49.3619,248.842,2.97331],"timeVisible":7.11332,"tipPosition":[46.9765,251.755,2.65729],"tipVelocity":[-49.2226,49.9951,-11.3087],"tool":false,"touchDistance":0.333333,"touchZone":"none","type":4,"width":15.7401}],"r":[[0.770826,0.451384,0.449533],[-0.356954,0.890509,-0.282097],[-0.527646,0.0569851,0.847551]],"s":1.13144,"t":[59.7318,-21.141,-14.6459],"timestamp":93519364606},false],[6,{"currentFrameRate":55.2902,"devices":[],"gestures":[],"hands":[{"armBasis":[[0.997493,0.0473432,-0.0525927],[-0.0255712,0.934163,0.355928],[0.0659809,-0.353691,0.933032]],"armWidth":62.4607,"confidence":0.701623,"direction":[0.0990584,0.657406,-0.746997],"elbow":[49.5483,158.718,298.715],"grabStrength":0,"id":473,"palmNormal":[0.0637478,-0.75334,-0.654534],"palmPosition":[30.1789,284.064,8.59182],"palmVelocity":[-46.1768,49.3775,-3.59209],"palmWidth":89.1918,"pinchStrength":0.102525,"r":[[0.774102,0.44947,0.445805],[-0.356416,0.891426,-0.279869],[-0.523195,0.0577547,0.850253]],"s":1.13162,"sphereCenter":[3.15305,274.234,-31.1435],"sphereRadius":52.3839,"stabilizedPalmPosition":[30.4155,283.849,8.59383],"t":[58.8907,-20.2594,-14.7072],"timeVisible":7.13144,"type":"right","wrist":[32.0856,252.327,51.7749]}],"id":1686889,"interactionBox":{"center":[0,200,0],"size":[235.247,235.247,147.751]},"pointables":[{"bases":[[[0.361907,0.79516,0.486562],[-0.866359,0.0941985,0.490459],[0.34416,-0.599038,0.722985]],[[0.364372,0.790834,0.491747],[-0.820754,0.0232241,0.570809],[0.439994,-0.61159,0.657542]],[[0.364372,0.790834,0.491747],[-0.907094,0.4209,-0.0047632],[-0.210743,-0.444325,0.870725]],[[0.364372,0.790834,0.491747],[-0.796818,0.538063,-0.274898],[-0.48199,-0.291668,0.826206]]],"btipPosition":[1.24946,294.095,-36.1346],"carpPosition":[4.67807,242.628,44.0949],"dipPosition":[-9.80791,287.403,-17.1806],"direction":[0.210743,0.444325,-0.870725],"extended":false,"handId":473,"id":4730,"length":51.0864,"mcpPosition":[4.67807,242.628,44.0949],"pipPosition":[-16.8513,272.553,11.9206],"stabilizedTipPosition":[-1.24043,292.514,-31.7841],"timeVisible":7.13144,"tipPosition":[-1.27681,292.201,-31.7232],"tipVelocity":[-58.095,52.2471,6.12704],"tool":false,"touchDistance":-0.0388539,"touchZone":"touching","type":0,"width":19.8498},{"bases":[[[0.995572,0.0934065,-0.0105438],[-0.07329,0.841569,0.535154],[0.0588601,-0.532011,0.844689]],[[0.984839,0.145667,-0.0941971],[-0.0490677,0.754762,0.654161],[0.166386,-0.639621,0.750467]],[[0.984839,0.145667,-0.0941971],[-0.084304,0.876484,0.473993],[0.151607,-0.458865,0.875476]],[[0.984839,0.145667,-0.0941971],[-0.110797,0.94603,0.304551],[0.133476,-0.289497,0.947827]]],"btipPosition":[-4.73309,344.849,-79.4102],"carpPosition":[12.3462,263.826,49.7263],"dipPosition":[-2.49764,340.001,-63.536],"direction":[-0.151607,0.458865,-0.875476],"extended":true,"handId":473,"id":4731,"length":57.6453,"mcpPosition":[8.10142,302.193,-11.189],"pipPosition":[1.09435,329.129,-42.7936],"stabilizedTipPosition":[-2.6872,342.482,-75.8964],"timeVisible":7.13144,"tipPosition":[-4.5539,344.172,-75.4098],"tipVelocity":[-64.773,49.7149,5.118],"tool":false,"touchDistance":0.40155,"touchZone":"hovering","type":1,"width":18.9605},{"bases":[[[0.99218,-0.124174,0.0125986],[0.0973885,0.833361,0.544082],[-0.0780599,-0.5386,0.838938]],[[0.993662,-0.112255,-0.00592258],[0.0709345,0.66703,-0.741647],[0.087204,0.736526,0.670765]],[[0.993662,-0.112255,-0.00592258],[-0.0768519,-0.639942,-0.764571],[0.0820367,0.76018,-0.644513]],[[0.993662,-0.112255,-0.00592258],[-0.110256,-0.96299,-0.245953],[0.0219061,0.245047,-0.969264]]],"btipPosition":[22.6051,242.985,-3.24091],"carpPosition":[24.0771,266.653,50.0057],"dipPosition":[23.0086,247.499,-21.0953],"direction":[-0.0820367,-0.76018,0.644513],"extended":false,"handId":473,"id":4732,"length":65.6822,"mcpPosition":[29.4156,303.487,-7.36859],"pipPosition":[25.2954,268.688,-39.0607],"stabilizedTipPosition":[24.8281,241.788,-7.56815],"timeVisible":7.13144,"tipPosition":[22.7007,243.914,-7.4419],"tipVelocity":[-54.3924,50.4399,6.06041],"tool":false,"touchDistance":0.333333,"touchZone":"none","type":2,"width":18.6218},{"bases":[[[0.959696,-0.264547,0.0948666],[0.165488,0.804766,0.570058],[-0.227152,-0.531383,0.816109]],[[0.960487,-0.262679,0.0920009],[0.239903,0.61377,-0.752153],[0.141108,0.744504,0.652535]],[[0.960487,-0.262679,0.0920009],[-0.107312,-0.654506,-0.748402],[0.256805,0.708958,-0.656834]],[[0.960487,-0.262679,0.0920009],[-0.233735,-0.940728,-0.245764],[0.151105,0.214549,-0.964954]]],"btipPosition":[34.142,243.174,6.78145],"carpPosition":[36.1153,266.334,49.9622],"dipPosition":[36.9095,247.103,-10.8914],"direction":[-0.256805,-0.708958,0.656834],"extended":false,"handId":473,"id":4733,"length":63.1552,"mcpPosition":[50.0629,298.962,-0.14862],"pipPosition":[43.8829,266.355,-28.7274],"stabilizedTipPosition":[37.0843,241.386,2.68915],"timeVisible":7.13144,"tipPosition":[34.6985,243.975,2.45677],"tipVelocity":[-50.125,49.9044,-2.15118],"tool":false,"touchDistance":0.333333,"touchZone":"none","type":3,"width":17.7198},{"bases":[[[0.886331,-0.45358,0.0931819],[0.292019,0.703693,0.64772],[-0.359364,-0.546884,0.756158]],[[0.840841,-0.511615,0.17674],[0.486319,0.57069,-0.66167],[0.237656,0.642311,0.728667]],[[0.840841,-0.511615,0.17674],[-0.171427,-0.561417,-0.809583],[0.513419,0.650432,-0.559767]],[[0.840841,-0.511615,0.17674],[-0.433483,-0.832019,-0.346175],[0.324159,0.214464,-0.921372]]],"btipPosition":[44.7911,251.834,6.30149],"carpPosition":[47.9229,259.106,48.2372],"dipPosition":[50.2682,255.457,-9.26615],"direction":[-0.513419,-0.650432,0.559767],"extended":false,"handId":473,"id":4734,"length":49.5125,"mcpPosition":[68.3488,290.19,5.25774],"pipPosition":[60.1116,267.928,-19.9981],"stabilizedTipPosition":[48.4951,249.843,2.90724],"timeVisible":7.13144,"tipPosition":[46.0566,252.594,2.5889],"tipVelocity":[-49.8798,48.1704,-7.68949],"tool":false,"touchDistance":0.333333,"touchZone":"none","type":4,"width":15.7401}],"r":[[0.774102,0.44947,0.445805],[-0.356416,0.891426,-0.279869],[-0.523195,0.0577547,0.850253]],"s":1.13162,"t":[58.8907,-20.2594,-14.7072],"timestamp":93519382733},