{"sensorType":"Leap","data":[[0,{"currentFrameRate":106.745,"devices":[],"gestures":[],"hands":[{"armBasis":[[0.992117,0.124896,-0.0102086],[-0.11525,0.941398,0.316997],[0.0492021,-0.313322,0.948372]],"armWidth":62.4607,"confidence":0.680289,"direction":[0.0971729,0.672387,-0.733793],"elbow":[56.8814,152.979,299.199],"grabStrength":0,"id":473,"palmNormal":[0.166167,-0.737894,-0.654141],"palmPosition":[42.3743,267.935,5.21697],"palmVelocity":[-10.0167,42.5507,107.336],"palmWidth":89.1918,"pinchStrength":0.302558,"r":[[0.721354,0.51281,0.465483],[-0.39391,0.856605,-0.333262],[-0.569635,0.0570412,0.819916]],"s":1.09197,"sphereCenter":[18.5316,255.454,-36.5965],"sphereRadius":51.8926,"stabilizedPalmPosition":[42.8959,267.178,2.92142],"t":[70.4869,-35.8265,-19.1992],"timeVisible":15.7721,"type":"right","wrist":[43.8594,235.904,48.1994]}],"id":1687395,"interactionBox":{"center":[0,200,0],"size":[235.247,235.247,147.751]},"pointables":[{"bases":[[[0.265209,0.814684,0.515707],[-0.901978,0.020614,0.43129],[0.340734,-0.579538,0.740294]],[[0.245134,0.846726,0.472191],[-0.8692,-0.0237846,0.493888],[0.429419,-0.531498,0.730144]],[[0.245134,0.846726,0.472191],[-0.931679,0.340437,-0.126792],[-0.268109,-0.40885,0.87233]],[[0.245134,0.846726,0.472191],[-0.7073,0.489297,-0.51021],[-0.66305,-0.208911,0.718833]]],"btipPosition":[21.0304,268.67,-42.7626],"carpPosition":[17.8705,224.206,38.6097],"dipPosition":[5.81932,263.877,-26.2718],"direction":[0.268109,0.40885,-0.87233],"extended":false,"handId":473,"id":4730,"length":51.0864,"mcpPosition":[17.8705,224.206,38.6097],"pipPosition":[-3.14137,250.212,2.88298],"stabilizedTipPosition":[18.0341,266.765,-41.0565],"timeVisible":15.7721,"tipPosition":[16.8184,268.179,-38.9532],"tipVelocity":[-12.496,54.9566,115.538],"tool":false,"touchDistance":-0.110071,"touchZone":"touching","type":0,"width":19.8498},{"bases":[[[0.983683,0.170434,0.0576225],[-0.174559,0.826603,0.535029],[0.0435561,-0.536357,0.842866]],[[0.967002,0.24632,-0.0650622],[-0.156999,0.777272,0.609261],[0.200645,-0.578942,0.790296]],[[0.967002,0.24632,-0.0650622],[-0.198113,0.887592,0.415851],[0.160181,-0.389239,0.907103]],[[0.967002,0.24632,-0.0650622],[-0.224442,0.944488,0.239935],[0.120551,-0.217415,0.968606]]],"btipPosition":[6.05798,321.787,-86.8787],"carpPosition":[23.463,245.863,44.901],"dipPosition":[8.07696,318.146,-70.6565],"direction":[-0.160181,0.389239,-0.907103],"extended":true,"handId":473,"id":4731,"length":57.6453,"mcpPosition":[20.3219,284.543,-15.8828],"pipPosition":[11.8721,308.924,-49.1648],"stabilizedTipPosition":[7.76999,319.048,-86.5999],"timeVisible":15.7721,"tipPosition":[6.25848,321.855,-82.5805],"tipVelocity":[-41.5568,83.8185,148.78],"tool":false,"touchDistance":-0.0642572,"touchZone":"touching","type":1,"width":18.9605},{"bases":[[[0.995772,-0.0470266,0.0789077],[-0.00474427,0.831541,0.555443],[-0.0917356,-0.553469,0.827802]],[[0.995661,-0.0476909,0.0799012],[0.0901726,0.706457,-0.701988],[-0.0229683,0.706148,0.707692]],[[0.995661,-0.0476909,0.0799012],[0.0342232,-0.61081,-0.791037],[0.0865298,0.790339,-0.606528]],[[0.995661,-0.0476909,0.0799012],[-0.0242031,-0.96185,-0.272504],[0.089849,0.269388,-0.958831]]],"btipPosition":[38.1837,227.082,-9.48562],"carpPosition":[34.8918,249.587,45.9951],"dipPosition":[39.8388,232.044,-27.1479],"direction":[-0.0865298,-0.790339,0.606528],"extended":false,"handId":473,"id":4732,"length":65.6822,"mcpPosition":[41.1655,287.438,-10.6176],"pipPosition":[42.2507,254.074,-44.0545],"stabilizedTipPosition":[39.3534,227.498,-15.423],"timeVisible":15.7721,"tipPosition":[38.5666,228.463,-13.5747],"tipVelocity":[-20.5465,50.4894,91.5443],"tool":false,"touchDistance":0.333333,"touchZone":"none","type":2,"width":18.6218},{"bases":[[[0.968924,-0.190512,0.157768],[0.0634894,0.807989,0.585767],[-0.23907,-0.557547,0.794976]],[[0.976698,-0.170882,0.129848],[0.212515,0.685534,-0.696334],[0.0299757,0.707703,0.705874]],[[0.976698,-0.170882,0.129848],[-0.00495892,-0.622824,-0.782346],[0.214561,0.763472,-0.609159]],[[0.976698,-0.170882,0.129848],[-0.13038,-0.953005,-0.273465],[0.170476,0.250163,-0.953077]]],"btipPosition":[51.312,228.129,1.03396],"carpPosition":[46.8939,250.202,46.7652],"dipPosition":[54.4342,232.71,-16.4214],"direction":[-0.214561,-0.763472,0.609159],"extended":false,"handId":473,"id":4733,"length":63.1552,"mcpPosition":[61.5733,284.437,-2.04794],"pipPosition":[60.2605,253.442,-32.9628],"stabilizedTipPosition":[52.7487,228.392,-4.65884],"timeVisible":15.7721,"tipPosition":[51.9579,229.371,-2.86141],"tipVelocity":[-14.9785,47.3865,78.1317],"tool":false,"touchDistance":0.333333,"touchZone":"none","type":3,"width":17.7198},{"bases":[[[0.910844,-0.384628,0.149748],[0.192047,0.716068,0.671092],[-0.365351,-0.582502,0.726093]],[[0.877629,-0.431334,0.209089],[0.459921,0.634842,-0.620845],[0.135053,0.641036,0.755535]],[[0.877629,-0.431334,0.209089],[-0.0839632,-0.56779,-0.81888],[0.471929,0.701117,-0.534525]],[[0.877629,-0.431334,0.209089],[-0.342659,-0.869569,-0.355575],[0.335189,0.240417,-0.91096]]],"btipPosition":[60.6934,237.32,3.97422],"carpPosition":[59.3194,243.934,45.7921],"dipPosition":[66.3568,241.383,-11.4175],"direction":[-0.471929,-0.701117,0.534525],"extended":false,"handId":473,"id":4734,"length":49.5125,"mcpPosition":[80.0857,277.043,4.52159],"pipPosition":[75.4047,254.825,-21.6656],"stabilizedTipPosition":[62.5947,237.449,-1.2964],"timeVisible":15.7721,"tipPosition":[61.9951,238.441,0.441419],"tipVelocity":[-10.0729,43.8835,75.3383],"tool":false,"touchDistance":0.333333,"touchZone":"none","type":4,"width":15.7401}],"r":[[0.721354,0.51281,0.465483],[-0.39391,0.856605,-0.333262],[-0.569635,0.0570412,0.819916]],"s":1.09197,"t":[70.4869,-35.8265,-19.1992],"timestamp":93528023391},false],[1,{"currentFrameRate":106.891,"devices":[],"gestures":[],"hands":[{"armBasis":[[0.991862,0.126283,-0.0162211],[-0.114527,0.940588,0.319652],[0.0556239,-0.315192,0.947396]],"armWidth":62.4607,"confidence":0.68383,"direction":[0.0942436,0.676208,-0.730658],"elbow":[58.5334,153.048,299.443],"grabStrength":0,"id":473,"palmNormal":[0.164592,-0.734408,-0.658449],"palmPosition":[42.1609,268.717,5.88897],"palmVelocity":[-13.746,54.6103,98.0885],"palmWidth":89.1918,"pinchStrength":0.304763,"r":[[0.722587,0.510207,0.46643],[-0.395641,0.858529,-0.326184],[-0.566865,0.0511573,0.822221]],"s":1.09094,"sphereCenter":[18.3428,256.36,-35.925],"sphereRadius":51.8269,"stabilizedPalmPosition":[42.7711,267.439,3.42536],"t":[70.2592,-35.2755,-18.3353],"timeVisible":15.7812,"type":"right","wrist":[43.8118,236.468,48.7018]}],"id":1687396,"interactionBox":{"center":[0,200,0],"size":[235.247,235.247,147.751]},"pointables":[{"bases":[[[0.266268,0.812246,0.518997],[-0.900574,0.0176938,0.434343],[0.34361,-0.583047,0.736199]],[[0.245774,0.844869,0.475175],[-0.867711,-0.0267396,0.496349],[0.432056,-0.534304,0.726531]],[[0.245774,0.844869,0.475175],[-0.932366,0.340126,-0.122505],[-0.26512,-0.412928,0.871322]],[[0.245774,0.844869,0.475175],[-0.706962,0.491618,-0.508445],[-0.663174,-0.210968,0.718117]]],"btipPosition":[20.7344,269.583,-42.0078],"carpPosition":[17.8007,224.799,39.1376],"dipPosition":[5.52049,264.744,-25.5334],"direction":[0.26512,0.412928,-0.871322],"extended":false,"handId":473,"id":4730,"length":51.0864,"mcpPosition":[17.8007,224.799,39.1376],"pipPosition":[-3.34028,250.943,3.58771],"stabilizedTipPosition":[17.8621,267.132,-40.4455],"timeVisible":15.7812,"tipPosition":[16.5334,269.083,-38.1962],"tipVelocity":[-18.0724,67.2478,106.427],"tool":false,"touchDistance":-0.0975535,"touchZone":"touching","type":0,"width":19.8498},{"bases":[[[0.983734,0.170916,0.05527],[-0.173444,0.823718,0.539821],[0.046737,-0.540626,0.839964]],[[0.966688,0.247157,-0.0665434],[-0.15627,0.775799,0.611323],[0.202717,-0.58056,0.788579]],[[0.966688,0.247157,-0.0665434],[-0.197965,0.886751,0.417712],[0.162248,-0.390624,0.90614]],[[0.966688,0.247157,-0.0665434],[-0.224719,0.943987,0.24164],[0.122539,-0.218637,0.968082]]],"btipPosition":[5.59302,322.782,-85.9451],"carpPosition":[23.3969,246.428,45.5213],"dipPosition":[7.6453,319.12,-69.7318],"direction":[-0.162248,0.390624,-0.90614],"extended":true,"handId":473,"id":4731,"length":57.6453,"mcpPosition":[20.0265,285.416,-15.0532],"pipPosition":[11.4894,309.865,-48.2629],"stabilizedTipPosition":[7.46577,319.564,-85.8177],"timeVisible":15.7812,"tipPosition":[5.78973,322.855,-81.635],"tipVelocity":[-43.9813,90.7547,135.964],"tool":false,"touchDistance":-0.0487316,"touchZone":"touching","type":1,"width":18.9605},{"bases":[[[0.996062,-0.046641,0.0754025],[-0.00356641,0.828685,0.559703],[-0.0885901,-0.557768,0.825255]],[[0.995956,-0.0473053,0.0763855],[0.0873116,0.710134,-0.698632],[-0.0211949,0.702475,0.711392]],[[0.995956,-0.0473053,0.0763855],[0.0321185,-0.606538,-0.794405],[0.0839103,0.793646,-0.602566]],[[0.995956,-0.0473053,0.0763855],[-0.0243212,-0.960376,-0.277645],[0.0864929,0.274665,-0.957642]]],"btipPosition":[37.9542,227.928,-9.01675],"carpPosition":[34.8264,250.155,46.597],"dipPosition":[39.5475,232.988,-26.6571],"direction":[-0.0839103,-0.793646,0.602566],"extended":false,"handId":473,"id":4732,"length":65.6822,"mcpPosition":[40.885,288.301,-9.84153],"pipPosition":[41.8864,255.11,-43.4533],"stabilizedTipPosition":[39.1472,227.816,-14.9541],"timeVisible":15.7812,"tipPosition":[38.3224,229.331,-13.0962],"tipVelocity":[-22.2814,62.9783,80.6342],"tool":false,"touchDistance":0.333333,"touchZone":"none","type":2,"width":18.6218},{"bases":[[[0.969584,-0.190549,0.153615],[0.0647846,0.805033,0.589682],[-0.236029,-0.561795,0.792892]],[[0.977247,-0.170782,0.125787],[0.209714,0.689184,-0.693575],[0.0317596,0.704173,0.709318]],[[0.977247,-0.170782,0.125787],[-0.00701707,-0.618746,-0.78556],[0.211989,0.766803,-0.605866]],[[0.977247,-0.170782,0.125787],[-0.130509,-0.951641,-0.278113],[0.167201,0.255369,-0.952277]]],"btipPosition":[51.1135,228.932,1.47272],"carpPosition":[46.8305,250.776,47.3309],"dipPosition":[54.1757,233.609,-15.968],"direction":[-0.211989,-0.766803,0.605866],"extended":false,"handId":473,"id":4733,"length":63.1552,"mcpPosition":[61.3231,285.272,-1.35428],"pipPosition":[59.9322,254.431,-32.42],"stabilizedTipPosition":[52.579,228.687,-4.27244],"timeVisible":15.7812,"tipPosition":[51.7475,230.196,-2.41954],"tipVelocity":[-17.2989,59.413,69.9673],"tool":false,"touchDistance":0.333333,"touchZone":"none","type":3,"width":17.7198},{"bases":[[[0.911628,-0.384668,0.144793],[0.193693,0.712778,0.674115],[-0.362515,-0.586497,0.724296]],[[0.879066,-0.431168,0.203316],[0.45651,0.638615,-0.619491],[0.137264,0.637389,0.758217]],[[0.879066,-0.431168,0.203316],[-0.0865297,-0.563747,-0.821403],[0.468781,0.704474,-0.532879]],[[0.879066,-0.431168,0.203316],[-0.342883,-0.868205,-0.358681],[0.331172,0.245591,-0.911049]]],"btipPosition":[60.5219,238.111,4.44625],"carpPosition":[59.2576,244.523,46.2851],"dipPosition":[66.1175,242.261,-10.947],"direction":[-0.468781,-0.704474,0.532879],"extended":false,"handId":473,"id":4734,"length":49.5125,"mcpPosition":[79.8627,277.859,5.11663],"pipPosition":[75.105,255.767,-21.1635],"stabilizedTipPosition":[62.464,237.718,-0.929973],"timeVisible":15.7812,"tipPosition":[61.8006,239.252,0.907608],"tipVelocity":[-12.9817,56.4277,68.8477],"tool":false,"touchDistance":0.333333,"touchZone":"none","type":4,"width":15.7401}],"r":[[0.722587,0.510207,0.46643],[-0.395641,0.858529,-0.326184],[-0.566865,0.0511573,0.822221]],"s":1.09094,"t":[70.2592,-35.2755,-18.3353],"timestamp":93528032480},false],[2,{"currentFrameRate":107.057,"devices":[],"gestures":[],"hands":[{"armBasis":[[0.991554,0.128201,-0.0196118],[-0.115013,0.939094,0.323844],[0.0599346,-0.318854,0.945907]],"armWidth":62.4607,"confidence":0.68417,"direction":[0.0916849,0.679019,-0.728373],"elbow":[59.6185,152.551,299.64],"grabStrength":0,"id":473,"palmNormal":[0.163953,-0.731765,-0.661544],"palmPosition":[41.9643,269.345,6.60289],"palmVelocity":[-15.9525,58.7008,92.8287],"palmWidth":89.1918,"pinchStrength":0.306095,"r":[[0.72367,0.507956,0.467208],[-0.397375,0.860171,-0.319686],[-0.564265,0.0456905,0.824328]],"s":1.09004,"sphereCenter":[18.2068,257.043,-35.218],"sphereRadius":51.7674,"stabilizedPalmPosition":[42.6533,267.718,3.88921],"t":[70.047,-34.6861,-17.5463],"timeVisible":15.7902,"type":"right","wrist":[43.756,236.94,49.2922]}],"id":1687397,"interactionBox":{"center":[0,200,0],"size":[235.247,235.247,147.751]},"pointables":[{"bases":[[[0.266481,0.810656,0.521369],[-0.89957,0.0149645,0.436519],[0.346065,-0.585332,0.73323]],[[0.245691,0.843641,0.477394],[-0.866536,-0.0295811,0.498238],[0.434456,-0.536092,0.723777]],[[0.245691,0.843641,0.477394],[-0.933116,0.339226,-0.119245],[-0.262545,-0.416167,0.87056]],[[0.245691,0.843641,0.477394],[-0.7073,0.492791,-0.506837],[-0.662844,-0.213136,0.717782]]],"btipPosition":[20.4596,270.304,-41.2314],"carpPosition":[17.7369,225.274,39.7461],"dipPosition":[5.25321,265.414,-24.7647],"direction":[0.262545,0.416167,-0.87056],"extended":false,"handId":473,"id":4730,"length":51.0864,"mcpPosition":[17.7369,225.274,39.7461],"pipPosition":[-3.52149,251.505,4.33092],"stabilizedTipPosition":[17.6933,267.516,-39.8825],"timeVisible":15.7902,"tipPosition":[16.2737,269.789,-37.4191],"tipVelocity":[-21.42,70.3297,100.72],"tool":false,"touchDistance":-0.0846436,"touchZone":"touching","type":0,"width":19.8498},{"bases":[[[0.983649,0.171939,0.0535907],[-0.173194,0.821501,0.543267],[0.0493843,-0.543666,0.837848]],[[0.966314,0.248358,-0.0674913],[-0.156467,0.77513,0.61212],[0.204339,-0.58094,0.787879]],[[0.966314,0.248358,-0.0674913],[-0.198594,0.886354,0.418255],[0.163698,-0.390763,0.905819]],[[0.966314,0.248358,-0.0674913],[-0.225628,0.94366,0.242068],[0.123808,-0.218686,0.967909]]],"btipPosition":[5.20256,323.479,-85.0774],"carpPosition":[23.3213,246.886,46.1966],"dipPosition":[7.27609,319.816,-68.8669],"direction":[-0.163698,0.390763,-0.905819],"extended":true,"handId":473,"id":4731,"length":57.6453,"mcpPosition":[19.76,286.093,-14.2254],"pipPosition":[11.1545,310.558,-47.4056],"stabilizedTipPosition":[7.17939,320.056,-85.1012],"timeVisible":15.7902,"tipPosition":[5.39435,323.557,-80.7585],"tipVelocity":[-43.6189,87.0058,124.939],"tool":false,"touchDistance":-0.0342798,"touchZone":"touching","type":1,"width":18.9605},{"bases":[[[0.996294,-0.0456747,0.0728899],[-0.00327731,0.826607,0.562769],[-0.0859556,-0.560922,0.823394]],[[0.996189,-0.0463548,0.0738883],[0.0848053,0.712874,-0.696145],[-0.0204034,0.699758,0.714088]],[[0.996189,-0.0463548,0.0738883],[0.0310188,-0.603456,-0.796793],[0.0815235,0.796048,-0.599718]],[[0.996189,-0.0463548,0.0738883],[-0.0237793,-0.959339,-0.281253],[0.0839213,0.278424,-0.956785]]],"btipPosition":[37.7728,228.605,-8.44985],"carpPosition":[34.7487,250.624,47.2591],"dipPosition":[39.3187,233.733,-26.0744],"direction":[-0.0815235,-0.796048,0.599718],"extended":false,"handId":473,"id":4732,"length":65.6822,"mcpPosition":[40.6271,288.985,-9.05208],"pipPosition":[41.5911,255.923,-42.7912],"stabilizedTipPosition":[38.9758,228.147,-14.5417],"timeVisible":15.7902,"tipPosition":[38.1298,230.021,-12.5221],"tipVelocity":[-22.0051,66.7284,75.8119],"tool":false,"touchDistance":0.333333,"touchZone":"none","type":2,"width":18.6218},{"bases":[[[0.970179,-0.189904,0.150632],[0.0651733,0.80293,0.5925],[-0.233465,-0.565014,0.791362]],[[0.977755,-0.170013,0.122844],[0.207195,0.691722,-0.691803],[0.0326418,0.701867,0.71156]],[[0.977755,-0.170013,0.122844],[-0.00818569,-0.616151,-0.787586],[0.20959,0.76906,-0.603836]],[[0.977755,-0.170013,0.122844],[-0.130015,-0.950832,-0.281096],[0.164594,0.258871,-0.951785]]],"btipPosition":[50.9535,229.586,2.04057],"carpPosition":[46.7537,251.257,47.9671],"dipPosition":[53.968,234.327,-15.3911],"direction":[-0.20959,-0.76906,0.603836],"extended":false,"handId":473,"id":4733,"length":63.1552,"mcpPosition":[61.0889,285.95,-0.62411],"pipPosition":[59.6593,255.211,-31.788],"stabilizedTipPosition":[52.4341,228.996,-3.91435],"timeVisible":15.7902,"tipPosition":[51.579,230.862,-1.85973],"tipVelocity":[-17.7456,63.4265,68.0654],"tool":false,"touchDistance":0.333333,"touchZone":"none","type":3,"width":17.7198},{"bases":[[[0.912443,-0.384061,0.141228],[0.194394,0.710525,0.676288],[-0.360082,-0.58962,0.722973]],[[0.880459,-0.430325,0.199028],[0.453466,0.641756,-0.618481],[0.13842,0.6348,0.760177]],[[0.880459,-0.430325,0.199028],[-0.0879782,-0.560778,-0.823279],[0.465888,0.707353,-0.531602]],[[0.880459,-0.430325,0.199028],[-0.342352,-0.867441,-0.361028],[0.328004,0.249733,-0.911069]]],"btipPosition":[60.381,238.753,5.01332],"carpPosition":[59.186,245.023,46.869],"dipPosition":[65.923,242.973,-10.3802],"direction":[-0.465888,-0.707353,0.531602],"extended":false,"handId":473,"id":4734,"length":49.5125,"mcpPosition":[79.6528,278.537,5.7758],"pipPosition":[74.8551,256.534,-20.5722],"stabilizedTipPosition":[62.3497,238.002,-0.590415],"timeVisible":15.7902,"tipPosition":[61.6402,239.911,1.47172],"tipVelocity":[-14.078,60.9495,67.1651],"tool":false,"touchDistance":0.333333,"touchZone":"none","type":4,"width":15.7401}],"r":[[0.72367,0.507956,0.467208],[-0.397375,0.860171,-0.319686],[-0.564265,0.0456905,0.824328]],"s":1.09004,"t":[70.047,-34.6861,-17.5463],"timestamp":93528041517},false],[3,{"currentFrameRate":107.199,"devices":[],"gestures":[],"hands":[{"armBasis":[[0.99229,0.121075,-0.0264918],[-0.105568,0.937655,0.331148],[0.0649338,-0.325798,0.943207]],"armWidth":62.4607,"confidence":0.688929,"direction":[0.0929201,0.678491,-0.728708],"elbow":[60.8537,151.236,299.69],"grabStrength":0,"id":473,"palmNormal":[0.153159,-0.732904,-0.662868],"palmPosition":[41.884,269.9,7.39255],"palmVelocity":[-13.9909,59.4091,91.2351],"palmWidth":89.1918,"pinchStrength":0.304903,"r":[[0.726042,0.504838,0.466907],[-0.397638,0.86218,-0.313893],[-0.561023,0.0422397,0.826722]],"s":1.08954,"sphereCenter":[17.8393,257.792,-34.2705],"sphereRadius":51.7375,"stabilizedPalmPosition":[42.5545,267.998,4.33916],"t":[69.9008,-34.1136,-16.757],"timeVisible":15.7993,"type":"right","wrist":[43.6681,237.463,50.0574]}],"id":1687398,"interactionBox":{"center":[0,200,0],"size":[235.247,235.247,147.751]},"pointables":[{"bases":[[[0.27703,0.80805,0.519913],[-0.896533,0.0227222,0.442393],[0.345662,-0.588675,0.730739]],[[0.256213,0.841285,0.47602],[-0.863409,-0.0222322,0.504014],[0.434602,-0.540135,0.720677]],[[0.256213,0.841285,0.47602],[-0.930974,0.34727,-0.112654],[-0.260081,-0.414299,0.872189]],[[0.256213,0.841285,0.47602],[-0.706082,0.499212,-0.502231],[-0.660154,-0.207431,0.721921]]],"btipPosition":[20.0567,271.065,-40.298],"carpPosition":[17.4852,226.031,40.6773],"dipPosition":[4.91207,266.307,-23.7363],"direction":[0.260081,0.414299,-0.872189],"extended":false,"handId":473,"id":4730,"length":51.0864,"mcpPosition":[17.4852,226.031,40.6773],"pipPosition":[-3.78031,252.46,5.41378],"stabilizedTipPosition":[17.5035,267.932,-39.3075],"timeVisible":15.7993,"tipPosition":[15.9126,270.576,-36.4602],"tipVelocity":[-27.3435,75.0231,101.993],"tool":false,"touchDistance":-0.0687219,"touchZone":"touching","type":0,"width":19.8498},{"bases":[[[0.985458,0.163225,0.0472252],[-0.16238,0.822768,0.544688],[0.050051,-0.544435,0.837308]],[[0.968114,0.23956,-0.0732527],[-0.146133,0.777565,0.611587],[0.203471,-0.581381,0.787779]],[[0.968114,0.23956,-0.0732527],[-0.188291,0.888732,0.417974],[0.165232,-0.390854,0.905501]],[[0.968114,0.23956,-0.0732527],[-0.215751,0.945944,0.242161],[0.127305,-0.218635,0.967467]]],"btipPosition":[5.07716,324.259,-84.1169],"carpPosition":[23.3023,247.59,47.099],"dipPosition":[7.20926,320.597,-67.9138],"direction":[-0.165232,0.390854,-0.905501],"extended":true,"handId":473,"id":4731,"length":57.6453,"mcpPosition":[19.6929,286.853,-13.284],"pipPosition":[11.1241,311.337,-46.46],"stabilizedTipPosition":[6.94318,320.549,-84.4108],"timeVisible":15.7993,"tipPosition":[5.28554,324.33,-79.8002],"tipVelocity":[-34.9737,86.7256,119.623],"tool":false,"touchDistance":-0.0183002,"touchZone":"touching","type":1,"width":18.9605},{"bases":[[[0.996306,-0.0545009,0.0663618],[0.00769905,0.826366,0.563081],[-0.0855276,-0.56049,0.823733]],[[0.996194,-0.055231,0.0674348],[0.0866501,0.711532,-0.697291],[-0.00946993,0.70048,0.713609]],[[0.996194,-0.055231,0.0674348],[0.0204326,-0.604118,-0.796633],[0.0847374,0.794979,-0.60069]],[[0.996194,-0.055231,0.0674348],[-0.0341442,-0.95907,-0.281104],[0.0802003,0.277731,-0.957305]]],"btipPosition":[37.2262,229.186,-7.58462],"carpPosition":[34.769,251.227,48.0882],"dipPosition":[38.7035,234.302,-25.2188],"direction":[-0.0847374,-0.794979,0.60069],"extended":false,"handId":473,"id":4732,"length":65.6822,"mcpPosition":[40.6181,289.558,-8.24617],"pipPosition":[41.0655,256.462,-41.9626],"stabilizedTipPosition":[38.7732,228.466,-14.1248],"timeVisible":15.7993,"tipPosition":[37.5723,230.599,-11.6822],"tipVelocity":[-33.0609,65.9243,81.1573],"tool":false,"touchDistance":0.333333,"touchZone":"none","type":2,"width":18.6218},{"bases":[[[0.969427,-0.198526,0.14422],[0.0761306,0.802072,0.592355],[-0.233273,-0.563265,0.792664]],[[0.976984,-0.178727,0.116439],[0.20865,0.687222,-0.695838],[0.0443452,0.704118,0.708697]],[[0.976984,-0.178727,0.116439],[-0.0197996,-0.619492,-0.784753],[0.21239,0.764386,-0.608773]],[[0.976984,-0.178727,0.116439],[-0.140851,-0.950464,-0.277092],[0.160195,0.254314,-0.953762]]],"btipPosition":[50.4635,230.087,3.00716],"carpPosition":[46.7835,251.754,48.718],"dipPosition":[53.3974,234.745,-14.4607],"direction":[-0.21239,-0.764386,0.608773],"extended":false,"handId":473,"id":4733,"length":63.1552,"mcpPosition":[61.1069,286.339,0.046816],"pipPosition":[59.1647,255.501,-30.9917],"stabilizedTipPosition":[52.2646,229.279,-3.53449],"timeVisible":15.7993,"tipPosition":[51.089,231.331,-0.999886],"tipVelocity":[-28.338,60.5777,78.4539],"tool":false,"touchDistance":0.333333,"touchZone":"none","type":3,"width":17.7198},{"bases":[[[0.909918,-0.392162,0.135123],[0.205075,0.708495,0.675263],[-0.360546,-0.586723,0.725094]],[[0.878323,-0.437632,0.192426],[0.454155,0.638105,-0.621744],[0.149307,0.633483,0.759215]],[[0.878323,-0.437632,0.192426],[-0.0987039,-0.559838,-0.822702],[0.467768,0.703605,-0.534914]],[[0.878323,-0.437632,0.192426],[-0.352108,-0.864448,-0.358816],[0.323372,0.247402,-0.913358]]],"btipPosition":[60.039,239.133,5.69565],"carpPosition":[59.1528,245.411,47.5364],"dipPosition":[65.5028,243.313,-9.73659],"direction":[-0.467768,-0.703605,0.534914],"extended":false,"handId":473,"id":4734,"length":49.5125,"mcpPosition":[79.646,278.76,6.32258],"pipPosition":[74.4709,256.803,-19.9921],"stabilizedTipPosition":[62.2238,238.252,-0.263323],"timeVisible":15.7993,"tipPosition":[61.2759,240.283,2.13625],"tipVelocity":[-21.1554,55.4,69.1229],"tool":false,"touchDistance":0.333333,"touchZone":"none","type":4,"width":15.7401}],"r":[[0.726042,0.504838,0.466907],[-0.397638,0.86218,-0.313893],[-0.561023,0.0422397,0.826722]],"s":1.08954,"t":[69.9008,-34.1136,-16.757],"timestamp":93528050587},false],[4,{"currentFrameRate":107.36,"devices":[],"gestures":[],"hands":[{"armBasis":[[0.99327,0.111217,-0.0323468],[-0.0945581,0.939909,0.328069],[0.0668898,-0.322802,0.9441]],"armWidth":62.4607,"confidence":0.632549,"direction":[0.0944089,0.678596,-0.728419],"elbow":[61.3345,152.158,300.051],"grabStrength":0,"id":473,"palmNormal":[0.142662,-0.733357,-0.664706],"palmPosition":[41.8707,270.099,7.56871],"palmVelocity":[-10.5464,49.1154,71.5065],"palmWidth":89.1918,"pinchStrength":0.300896,"r":[[0.729387,0.500948,0.465881],[-0.396694,0.864542,-0.308547],[-0.55734,0.040238,0.829309]],"s":1.08959,"sphereCenter":[17.4707,258.267,-33.931],"sphereRadius":51.7505,"stabilizedPalmPosition":[42.476,268.239,4.70987],"t":[69.8211,-33.7282,-16.2743],"timeVisible":15.8083,"type":"right","wrist":[43.6312,237.592,50.1815]}],"id":1687399,"interactionBox":{"center":[0,200,0],"size":[235.247,235.247,147.751]},"pointables":[{"bases":[[[0.287287,0.804915,0.519209],[-0.893575,0.0300076,0.44791],[0.344949,-0.592631,0.727873]],[[0.266453,0.838449,0.4754],[-0.860302,-0.0155157,0.509549],[0.434607,-0.544758,0.717185]],[[0.266453,0.838449,0.4754],[-0.928785,0.35518,-0.105854],[-0.257606,-0.413339,0.873378]],[[0.266453,0.838449,0.4754],[-0.705233,0.505803,-0.496799],[-0.657,-0.202894,0.726075]]],"btipPosition":[19.7082,271.526,-39.9917],"carpPosition":[17.2921,226.402,40.9478],"dipPosition":[4.63594,266.872,-23.3347],"direction":[0.257606,0.413339,-0.873378],"extended":false,"handId":473,"id":4730,"length":51.0864,"mcpPosition":[17.2921,226.402,40.9478],"pipPosition":[-3.97369,253.057,5.85513],"stabilizedTipPosition":[17.3023,268.335,-38.8057],"timeVisible":15.8083,"tipPosition":[15.6276,271.043,-36.1267],"tipVelocity":[-29.9412,69.17,83.9422],"tool":false,"touchDistance":-0.0632516,"touchZone":"touching","type":0,"width":19.8498},{"bases":[[[0.987123,0.154517,0.041385],[-0.151817,0.823453,0.546697],[0.0503951,-0.54594,0.836307]],[[0.969766,0.231012,-0.0786546],[-0.135692,0.778339,0.613006],[0.202832,-0.5838,0.786153]],[[0.969766,0.231012,-0.0786546],[-0.177898,0.88985,0.420142],[0.167049,-0.393447,0.904043]],[[0.969766,0.231012,-0.0786546],[-0.205824,0.947434,0.244959],[0.131108,-0.221364,0.966338]]],"btipPosition":[5.00755,324.887,-83.6613],"carpPosition":[23.3374,247.901,47.3605],"dipPosition":[7.20335,321.179,-67.4771],"direction":[-0.167049,0.393447,-0.904043],"extended":true,"handId":473,"id":4731,"length":57.6453,"mcpPosition":[19.7031,287.272,-12.9503],"pipPosition":[11.1612,311.858,-46.0579],"stabilizedTipPosition":[6.74617,321.029,-83.795],"timeVisible":15.8083,"tipPosition":[5.24034,324.929,-79.3559],"tipVelocity":[-27.0279,81.7028,100.475],"tool":false,"touchDistance":-0.0107788,"touchZone":"touching","type":1,"width":18.9605},{"bases":[[[0.996177,-0.0633202,0.0601839],[0.0183966,0.825535,0.564051],[-0.0853997,-0.560787,0.823544]],[[0.996055,-0.0641166,0.0613534],[0.0887314,0.708775,-0.699832],[0.0013851,0.702515,0.711667]],[[0.996055,-0.0641166,0.0613534],[0.00993602,-0.606444,-0.795064],[0.0881842,0.792537,-0.603414]],[[0.996055,-0.0641166,0.0613534],[-0.0445054,-0.959052,-0.279712],[0.0767753,0.275878,-0.958122]]],"btipPosition":[36.7439,229.421,-7.19321],"carpPosition":[34.8413,251.435,48.284],"dipPosition":[38.1582,234.503,-24.8424],"direction":[-0.0881842,-0.792537,0.603414],"extended":false,"handId":473,"id":4732,"length":65.6822,"mcpPosition":[40.6817,289.787,-8.03749],"pipPosition":[40.6163,256.595,-41.6622],"stabilizedTipPosition":[38.5618,228.729,-13.7685],"timeVisible":15.8083,"tipPosition":[37.0844,230.826,-11.3775],"tipVelocity":[-39.116,54.7173,70.6605],"tool":false,"touchDistance":0.333333,"touchZone":"none","type":2,"width":18.6218},{"bases":[[[0.968512,-0.207205,0.138026],[0.0867902,0.800604,0.592875],[-0.233351,-0.562227,0.793378]],[[0.976052,-0.187496,0.110307],[0.210216,0.682507,-0.699996],[0.055961,0.706421,0.705577]],[[0.976052,-0.187496,0.110307],[-0.0307344,-0.620843,-0.783332],[0.215355,0.761183,-0.611738]],[[0.976052,-0.187496,0.110307],[-0.151,-0.948962,-0.276894],[0.156594,0.253606,-0.954548]]],"btipPosition":[50.0251,230.125,3.3176],"carpPosition":[46.8636,251.856,48.8407],"dipPosition":[52.8931,234.77,-14.1647],"direction":[-0.215355,-0.761183,0.611738],"extended":false,"handId":473,"id":4733,"length":63.1552,"mcpPosition":[61.1918,286.378,0.125706],"pipPosition":[58.7409,255.439,-30.7761],"stabilizedTipPosition":[52.0907,229.49,-3.22294],"timeVisible":15.8083,"tipPosition":[50.6586,231.391,-0.778427],"tipVelocity":[-34.374,44.9752,66.2364],"tool":false,"touchDistance":0.333333,"touchZone":"none","type":3,"width":17.7198},{"bases":[[[0.907251,-0.4003,0.129053],[0.215413,0.705792,0.674874],[-0.361237,-0.58448,0.726561]],[[0.876015,-0.445048,0.185822],[0.454959,0.634734,-0.6246],[0.16003,0.6317,0.758515]],[[0.876015,-0.445048,0.185822],[-0.109276,-0.558438,-0.822318],[0.469741,0.700057,-0.537833]],[[0.876015,-0.445048,0.185822],[-0.361747,-0.861161,-0.35713],[0.318962,0.245631,-0.915384]]],"btipPosition":[59.7598,239.161,5.76575],"carpPosition":[59.1693,245.406,47.5754],"dipPosition":[65.1491,243.311,-9.70072],"direction":[-0.469741,-0.700057,0.537833],"extended":false,"handId":473,"id":4734,"length":49.5125,"mcpPosition":[79.7018,278.628,6.27824],"pipPosition":[74.1551,256.733,-20.0122],"stabilizedTipPosition":[62.0982,238.443,-0.00976759],"timeVisible":15.8083,"tipPosition":[60.9774,240.305,2.18282],"tipVelocity":[-24.373,40.805,52.0032],"tool":false,"touchDistance":0.333333,"touchZone":"none","type":4,"width":15.7401}],"r":[[0.729387,0.500948,0.465881],[-0.396694,0.864542,-0.308547],[-0.55734,0.040238,0.829309]],"s":1.08959,"t":[69.8211,-33.7282,-16.2743],"timestamp":93528059608},false],[5,{"currentFrameRate":107.492,"devices":[],"gestures":[],"hands":[{"armBasis":[[0.994074,0.104243,-0.0308166],[-0.0884406,0.940427,0.328291],[0.0632029,-0.32362,0.944074]],"armWidth":62.4607,"confidence":0.634006,"direction":[0.0945457,0.679099,-0.727932],"elbow":[60.3798,152.174,300.137],"grabStrength":0,"id":473,"palmNormal":[0.136306,-0.733152,-0.666265],"palmPosition":[41.8655,270.395,7.71223],"palmVelocity":[-7.79123,44.5861,56.1296],"palmWidth":89.1918,"pinchStrength":0.294907,"r":[[0.732927,0.497011,0.464542],[-0.39535,0.86687,-0.303701],[-0.55364,0.0389342,0.831845]],"s":1.09031,"sphereCenter":[17.2078,258.766,-33.6576],"sphereRadius":51.7854,"stabilizedPalmPosition":[42.4094,268.474,5.03747],"t":[69.7786,-33.3872,-15.9612],"timeVisible":15.8174,"type":"right","wrist":[43.6523,237.824,50.2747]}],"id":1687400,"interactionBox":{"center":[0,200,0],"size":[235.247,235.247,147.751]},"pointables":[{"bases":[[[0.293355,0.802844,0.519023],[-0.891499,0.0336905,0.451768],[0.345213,-0.595237,0.725618]],[[0.272674,0.836266,0.475719],[-0.857371,-0.0131416,0.514532],[0.436537,-0.548167,0.713406]],[[0.272674,0.836266,0.475719],[-0.928131,0.35888,-0.0988864],[-0.253421,-0.414565,0.874021]],[[0.272674,0.836266,0.475719],[-0.706973,0.50953,-0.490477],[-0.652563,-0.20258,0.730153]]],"btipPosition":[19.3007,272.098,-39.7303],"carpPosition":[17.2207,226.772,41.1392],"dipPosition":[4.33026,267.45,-22.9798],"direction":[0.253421,0.414565,-0.874021],"extended":false,"handId":473,"id":4730,"length":51.0864,"mcpPosition":[17.2207,226.772,41.1392],"pipPosition":[-4.13952,253.595,6.2315],"stabilizedTipPosition":[17.0693,268.769,-38.3335],"timeVisible":15.8174,"tipPosition":[15.3589,271.543,-35.8524],"tipVelocity":[-33.3761,67.5194,69.377],"tool":false,"touchDistance":-0.0585373,"touchZone":"touching","type":0,"width":19.8498},{"bases":[[[0.98802,0.149737,0.0373624],[-0.145534,0.823446,0.548413],[0.0513517,-0.54728,0.835373]],[[0.970553,0.226375,-0.0823448],[-0.129446,0.778422,0.61425],[0.20315,-0.585504,0.784803]],[[0.970553,0.226375,-0.0823448],[-0.171809,0.890137,0.422063],[0.168842,-0.395487,0.902819]],[[0.970553,0.226375,-0.0823448],[-0.200121,0.948008,0.247452],[0.13408,-0.223686,0.965395]]],"btipPosition":[4.89177,325.475,-83.2987],"carpPosition":[23.3962,248.234,47.554],"dipPosition":[7.13733,321.729,-67.1303],"direction":[-0.168842,0.395487,-0.902819],"extended":true,"handId":473,"id":4731,"length":57.6453,"mcpPosition":[19.693,287.701,-12.6894],"pipPosition":[11.1377,312.359,-45.7401],"stabilizedTipPosition":[6.56414,321.516,-83.2215],"timeVisible":15.8174,"tipPosition":[5.14216,325.493,-79.0021],"tipVelocity":[-22.7423,76.7974,83.6626],"tool":false,"touchDistance":-0.00479637,"touchZone":"touching","type":1,"width":18.9605},{"bases":[[[0.99611,-0.0681654,0.0558387],[0.0247606,0.824691,0.565041],[-0.084566,-0.561461,0.823171]],[[0.995993,-0.0689345,0.0569663],[0.0890597,0.706958,-0.701626],[0.00809346,0.703888,0.710265]],[[0.995993,-0.0689345,0.0569663],[0.00328783,-0.608359,-0.793655],[0.0893662,0.790662,-0.605695]],[[0.995993,-0.0689345,0.0569663],[-0.0504733,-0.959186,-0.278234],[0.0738212,0.274244,-0.958823]]],"btipPosition":[36.4709,229.762,-6.87605],"carpPosition":[34.9208,251.712,48.4329],"dipPosition":[37.8308,234.813,-24.5381],"direction":[-0.0893662,-0.790662,0.605695],"extended":false,"handId":473,"id":4732,"length":65.6822,"mcpPosition":[40.7042,290.11,-7.86309],"pipPosition":[40.3218,256.853,-41.4215],"stabilizedTipPosition":[38.3649,228.972,-13.4551],"timeVisible":15.8174,"tipPosition":[36.8026,231.15,-11.1296],"tipVelocity":[-37.0134,49.7573,60.7189],"tool":false,"touchDistance":0.333333,"touchZone":"none","type":2,"width":18.6218},{"bases":[[[0.968089,-0.21202,0.133611],[0.0931565,0.799395,0.59354],[-0.23265,-0.562152,0.793636]],[[0.975613,-0.192287,0.105853],[0.209874,0.675968,-0.706413],[0.0642802,0.711402,0.699839]],[[0.975613,-0.192287,0.105853],[-0.0392049,-0.627153,-0.777909],[0.215968,0.754788,-0.619398]],[[0.975613,-0.192287,0.105853],[-0.15775,-0.949567,-0.270995],[0.152624,0.247688,-0.956743]]],"btipPosition":[49.7574,230.402,3.89919],"carpPosition":[46.9472,252.074,48.9387],"dipPosition":[52.5527,234.939,-13.6233],"direction":[-0.215968,-0.754788,0.619398],"extended":false,"handId":473,"id":4733,"length":63.1552,"mcpPosition":[61.2324,286.592,0.207825],"pipPosition":[58.4172,255.435,-30.4428],"stabilizedTipPosition":[51.9342,229.671,-2.93662],"timeVisible":15.8174,"tipPosition":[50.3996,231.636,-0.382036],"tipVelocity":[-33.5465,40.2524,65.3844],"tool":false,"touchDistance":0.333333,"touchZone":"none","type":3,"width":17.7198},{"bases":[[[0.905866,-0.404807,0.124649],[0.221673,0.70386,0.674864],[-0.360925,-0.583706,0.727338]],[[0.875065,-0.448961,0.180818],[0.454342,0.633182,-0.626621],[0.166838,0.630488,0.758057]],[[0.875065,-0.448961,0.180818],[-0.115943,-0.557153,-0.822276],[0.469914,0.69858,-0.539599]],[[0.875065,-0.448961,0.180818],[-0.367111,-0.85913,-0.356545],[0.315422,0.24562,-0.916613]]],"btipPosition":[59.6098,239.349,5.82902],"carpPosition":[59.2164,245.568,47.6124],"dipPosition":[64.9392,243.499,-9.65821],"direction":[-0.469914,-0.69858,0.539599],"extended":false,"handId":473,"id":4734,"length":49.5125,"mcpPosition":[79.7311,278.745,6.27101],"pipPosition":[73.9485,256.892,-20.0035],"stabilizedTipPosition":[61.9807,238.616,0.202058],"timeVisible":15.8174,"tipPosition":[60.8121,240.496,2.22861],"tipVelocity":[-22.6341,35.2514,39.4223],"tool":false,"touchDistance":0.333333,"touchZone":"none","type":4,"width":15.7401}],"r":[[0.732927,0.497011,0.464542],[-0.39535,0.86687,-0.303701],[-0.55364,0.0389342,0.831845]],"s":1.09031,"t":[69.7786,-33.3872,-15.9612],"timestamp":93528068671},false],[6,{"currentFrameRate":107.579,"devices":[],"gestures":[],"hands":[{"armBasis":[[0.994529,0.0994421,-0.0319833],[-0.0834968,0.940758,0.328638],[0.062769,-0.32417,0.943914]],"armWidth":62.4607,"confidence":0.599552,"direction":[0.093406,0.680451,-0.726816],"elbow":[60.3006,152.325,300.18],"grabStrength":0,"id":473,"palmNormal":[0.130802,-0.732067,-0.668557],"palmPosition":[41.811,270.795,7.88066],"palmVelocity":[-7.28214,44.3526,45.6443],"palmWidth":89.1918,"pinchStrength":0.288308,"r":[[0.736499,0.493162,0.462991],[-0.393961,0.869114,-0.299059],[-0.549876,0.0378569,0.834388]],"s":1.09143,"sphereCenter":[16.9177,259.328,-33.4114],"sphereRadius":51.8194,"stabilizedPalmPosition":[42.3424,268.734,5.35605],"t":[69.7301,-33.0168,-15.7204],"timeVisible":15.8265,"type":"right","wrist":[43.6879,238.121,50.3601]}],"id":1687401,"interactionBox":{"center":[0,200,0],"size":[235.247,235.247,147.751]},"pointables":[{"bases":[[[0.2984,0.800685,0.519481],[-0.88928,0.035581,0.455977],[0.346611,-0.598027,0.722651]],[[0.278139,0.8335,0.477407],[-0.853574,-0.0134621,0.520798],[0.440512,-0.552356,0.707709]],[[0.278139,0.8335,0.477407],[-0.92823,0.361061,-0.0895817],[-0.247039,-0.418227,0.874104]],[[0.278139,0.8335,0.477407],[-0.711263,0.512752,-0.480823],[-0.645557,-0.205826,0.735453]]],"btipPosition":[18.6895,272.904,-39.3928],"carpPosition":[17.1779,227.177,41.3224],"dipPosition":[3.8797,268.182,-22.5207],"direction":[0.247039,0.418227,-0.874104],"extended":false,"handId":473,"id":4730,"length":51.0864,"mcpPosition":[17.1779,227.177,41.3224],"pipPosition":[-4.37678,254.204,6.69341],"stabilizedTipPosition":[16.757,269.302,-37.8401],"timeVisible":15.8265,"tipPosition":[14.9468,272.213,-35.5095],"tipVelocity":[-41.5739,72.7585,61.2058],"tool":false,"touchDistance":-0.0524454,"touchZone":"touching","type":0,"width":19.8498},{"bases":[[[0.98867,0.146408,0.0331156],[-0.140278,0.822661,0.550955],[0.0534211,-0.549358,0.833878]],[[0.97095,0.223245,-0.086127],[-0.124243,0.777972,0.615892],[0.2045,-0.5873,0.783109]],[[0.97095,0.223245,-0.086127],[-0.166942,0.88987,0.424573],[0.171426,-0.397861,0.901288]],[[0.97095,0.223245,-0.086127],[-0.195744,0.948065,0.250714],[0.137625,-0.226572,0.964222]]],"btipPosition":[4.62264,326.175,-82.8604],"carpPosition":[23.4538,248.603,47.7572],"dipPosition":[6.92758,322.38,-66.7116],"direction":[-0.171426,0.397861,-0.901288],"extended":true,"handId":473,"id":4731,"length":57.6453,"mcpPosition":[19.6013,288.221,-12.3784],"pipPosition":[10.9891,312.954,-45.3577],"stabilizedTipPosition":[6.36542,322.049,-82.6477],"timeVisible":15.8265,"tipPosition":[4.89101,326.165,-78.5721],"tipVelocity":[-24.1927,76.3853,73.5962],"tool":false,"touchDistance":0.0524335,"touchZone":"hovering","type":1,"width":18.9605},{"bases":[[[0.996128,-0.071562,0.0510581],[0.0300946,0.823309,0.566796],[-0.0825976,-0.563065,0.822275]],[[0.996016,-0.072325,0.0521724],[0.0881153,0.708062,-0.700631],[0.0137318,0.702437,0.711614]],[[0.996016,-0.072325,0.0521724],[-0.0024132,-0.606676,-0.794946],[0.0891462,0.791652,-0.604433]],[[0.996016,-0.072325,0.0521724],[-0.0549155,-0.958375,-0.280181],[0.0702649,0.2762,-0.958528]]],"btipPosition":[36.2144,230.206,-6.76149],"carpPosition":[34.9937,252.041,48.5905],"dipPosition":[37.5088,235.293,-24.4182],"direction":[-0.0891462,-0.791652,0.604433],"extended":false,"handId":473,"id":4732,"length":65.6822,"mcpPosition":[40.6425,290.549,-7.64419],"pipPosition":[39.9937,257.36,-41.2664],"stabilizedTipPosition":[38.1692,229.226,-13.177],"timeVisible":15.8265,"tipPosition":[36.5308,231.6,-11.0146],"tipVelocity":[-34.9842,49.686,47.3554],"tool":false,"touchDistance":0.333333,"touchZone":"none","type":2,"width":18.6218},{"bases":[[[0.967994,-0.215501,0.128632],[0.0985382,0.797723,0.594919],[-0.230819,-0.563203,0.793426]],[[0.975437,-0.195782,0.100959],[0.208584,0.673563,-0.709088],[0.0708247,0.712729,0.697855]],[[0.975437,-0.195782,0.100959],[-0.0454348,-0.627282,-0.777466],[0.215544,0.753781,-0.620769]],[[0.975437,-0.195782,0.100959],[-0.162181,-0.948446,-0.272301],[0.149066,0.249238,-0.956901]]],"btipPosition":[49.5112,230.697,4.14172],"carpPosition":[47.0235,252.363,49.0413],"dipPosition":[52.2413,235.261,-13.3837],"direction":[-0.215544,-0.753781,0.620769],"extended":false,"handId":473,"id":4733,"length":63.1552,"mcpPosition":[61.1962,286.945,0.323305],"pipPosition":[58.0943,255.73,-30.2404],"stabilizedTipPosition":[51.7877,229.84,-2.68783],"timeVisible":15.8265,"tipPosition":[50.1536,231.958,-0.194275],"tipVelocity":[-32.1656,38.2071,54.5599],"tool":false,"touchDistance":0.333333,"touchZone":"none","type":3,"width":17.7198},{"bases":[[[0.905097,-0.408062,0.11952],[0.227115,0.701581,0.675428],[-0.35947,-0.584183,0.727676]],[[0.874712,-0.451856,0.175227],[0.452759,0.632908,-0.628042],[0.172882,0.628692,0.758194]],[[0.874712,-0.451856,0.175227],[-0.122068,-0.555314,-0.822634],[0.469018,0.698178,-0.540897]],[[0.874712,-0.451856,0.175227],[-0.371464,-0.857307,-0.356425],[0.311277,0.246678,-0.917745]]],"btipPosition":[59.4532,239.679,5.87994],"carpPosition":[59.2649,245.819,47.6432],"dipPosition":[64.7126,243.847,-9.62642],"direction":[-0.469018,-0.698178,0.540897],"extended":false,"handId":473,"id":4734,"length":49.5125,"mcpPosition":[79.6969,279.024,6.28267],"pipPosition":[73.7047,257.233,-19.9966],"stabilizedTipPosition":[61.8606,238.8,0.394412],"timeVisible":15.8265,"tipPosition":[60.6382,240.832,2.26336],"tipVelocity":[-21.5945,35.6398,29.8731],"tool":false,"touchDistance":0.333333,"touchZone":"none","type":4,"width":15.7401}],"r":[[0.736499,0.493162,0.462991],[-0.393961,0.869114,-0.299059],[-0.549876,0.0378569,0.834388]],"s":1.09143,"t":[69.7301,-33.0168,-15.7204],"timestamp":93528077809},false],[7,{"cur