{"sensorType":"Leap","data":[[0,{"currentFrameRate":55.2738,"devices":[],"gestures":[],"hands":[{"armBasis":[[0.999547,0.0300798,0.000849689],[-0.0289781,0.954558,0.296613],[0.00811099,-0.296503,0.954997]],"armWidth":62.4607,"confidence":0.710461,"direction":[0.085264,0.655016,-0.750789],"elbow":[37.5086,126.939,288.323],"grabStrength":0,"id":473,"palmNormal":[0.0688408,-0.755605,-0.6514],"palmPosition":[32.7396,236.914,-7.74813],"palmVelocity":[22.5978,-5.84847,22.5195],"palmWidth":89.1918,"pinchStrength":0.164009,"r":[[0.784497,0.454909,0.421453],[-0.369724,0.888723,-0.271065],[-0.497864,0.0568284,0.865391]],"s":1.12527,"sphereCenter":[11.9669,225.962,-47.6393],"sphereRadius":50.5245,"stabilizedPalmPosition":[32.8074,236.852,-7.97847],"t":[60.28,-66.446,-31.5087],"timeVisible":1.80768,"type":"right","wrist":[35.3619,205.413,35.57]}],"id":1686599,"interactionBox":{"center":[0,200,0],"size":[235.247,235.247,147.751]},"pointables":[{"bases":[[[0.355039,0.802097,0.480196],[-0.864009,0.0853909,0.496182],[0.356982,-0.591058,0.723336]],[[0.364773,0.785448,0.500012],[-0.810561,0.00361854,0.585643],[0.458183,-0.618917,0.637973]],[[0.364773,0.785448,0.500012],[-0.91735,0.395106,0.0485787],[-0.159402,-0.476407,0.864655]],[[0.364773,0.785448,0.500012],[-0.707562,0.582905,-0.399473],[-0.605225,-0.208072,0.768381]]],"btipPosition":[4.82093,246.305,-49.6106],"carpPosition":[8.02831,195.324,28.1319],"dipPosition":[-9.06358,241.531,-31.9831],"direction":[0.159402,0.476407,-0.864655],"extended":false,"handId":473,"id":4730,"length":51.0864,"mcpPosition":[8.02831,195.324,28.1319],"pipPosition":[-14.3911,225.609,-3.08485],"stabilizedTipPosition":[2.08466,244.783,-45.9956],"timeVisible":1.80768,"tipPosition":[2.44714,244.032,-45.6348],"tipVelocity":[0.265996,16.0647,33.793],"tool":false,"touchDistance":0.362073,"touchZone":"hovering","type":0,"width":19.8498},{"bases":[[[0.994183,0.106177,-0.018096],[-0.0803672,0.843127,0.531674],[0.0717088,-0.527127,0.846756]],[[0.993513,0.110812,-0.0255478],[-0.0692887,0.768009,0.63668],[0.0901729,-0.630779,0.770705]],[[0.993513,0.110812,-0.0255478],[-0.0816107,0.851221,0.518423],[0.0791945,-0.512975,0.854743]],[[0.993513,0.110812,-0.0255478],[-0.0905972,0.907058,0.411142],[0.0687329,-0.40616,0.911213]]],"btipPosition":[3.46524,300.182,-95.4254],"carpPosition":[15.4615,216.647,33.608],"dipPosition":[4.61637,293.379,-80.1644],"direction":[-0.0791945,0.512975,-0.854743],"extended":true,"handId":473,"id":4731,"length":57.6453,"mcpPosition":[10.2902,254.661,-27.4563],"pipPosition":[6.4927,281.225,-59.9133],"stabilizedTipPosition":[4.50339,298.125,-92.6438],"timeVisible":1.80768,"tipPosition":[4.96218,298.094,-92.2851],"tipVelocity":[-18.8648,17.8589,51.4379],"tool":false,"touchDistance":0.372908,"touchZone":"hovering","type":1,"width":18.9605},{"bases":[[[0.993766,-0.111315,0.00609965],[0.090462,0.837162,0.539422],[-0.0651519,-0.535508,0.842014]],[[0.993837,-0.11073,0.00518102],[0.0810217,0.693707,-0.715686],[0.075654,0.711695,0.698403]],[[0.993837,-0.11073,0.00518102],[-0.0644947,-0.615608,-0.785409],[0.0901581,0.780234,-0.618955]],[[0.993837,-0.11073,0.00518102],[-0.105583,-0.959809,-0.260036],[0.0337666,0.257886,-0.965585]]],"btipPosition":[24.9027,196.124,-21.7528],"carpPosition":[27.1566,219.626,33.7902],"dipPosition":[25.5247,200.874,-39.5394],"direction":[-0.0901581,-0.780234,0.618955],"extended":false,"handId":473,"id":4732,"length":65.6822,"mcpPosition":[31.6123,256.249,-23.7944],"pipPosition":[28.0378,222.623,-56.7924],"stabilizedTipPosition":[25.1696,197.066,-25.9604],"timeVisible":1.80768,"tipPosition":[25.1189,197.532,-27.2732],"tipVelocity":[15.9702,-0.882935,15.91],"tool":false,"touchDistance":0.333333,"touchZone":"none","type":2,"width":18.6218},{"bases":[[[0.963681,-0.251696,0.089261],[0.159108,0.809573,0.565046],[-0.214483,-0.530322,0.820217]],[[0.967353,-0.2422,0.0746217],[0.215375,0.630448,-0.745754],[0.133576,0.737479,0.662029]],[[0.967353,-0.2422,0.0746217],[-0.104819,-0.650433,-0.752297],[0.230742,0.719914,-0.654585]],[[0.967353,-0.2422,0.0746217],[-0.218232,-0.945765,-0.240633],[0.128856,0.216492,-0.967743]]],"btipPosition":[37.8912,196.212,-10.1965],"carpPosition":[39.1974,219.462,33.6622],"dipPosition":[40.2512,200.177,-27.9204],"direction":[-0.230742,-0.719914,0.654585],"extended":false,"handId":473,"id":4733,"length":63.1552,"mcpPosition":[52.3671,252.025,-16.7008],"pipPosition":[46.5169,219.725,-45.6954],"stabilizedTipPosition":[38.525,197.02,-14.4301],"timeVisible":1.80768,"tipPosition":[38.6594,197.296,-15.6457],"tipVelocity":[17.1045,-3.5244,16.9201],"tool":false,"touchDistance":0.333333,"touchZone":"none","type":3,"width":17.7198},{"bases":[[[0.892755,-0.441665,0.0889951],[0.28748,0.710515,0.64228],[-0.346905,-0.547815,0.761286]],[[0.875394,-0.46702,0.124815],[0.424809,0.619968,-0.659679],[0.230702,0.630501,0.74111]],[[0.875394,-0.46702,0.124815],[-0.174795,-0.546524,-0.818999],[0.450703,0.695129,-0.560056]],[[0.875394,-0.46702,0.124815],[-0.403467,-0.848071,-0.343497],[0.266272,0.250337,-0.930823]]],"btipPosition":[49.6664,204.106,-10.606],"carpPosition":[51.0848,212.379,31.8872],"dipPosition":[54.1654,208.335,-26.3333],"direction":[-0.450703,-0.695129,0.560056],"extended":false,"handId":473,"id":4734,"length":49.5125,"mcpPosition":[70.8026,243.516,-11.3837],"pipPosition":[62.8064,221.663,-37.0709],"stabilizedTipPosition":[50.7649,204.988,-14.2459],"timeVisible":1.80768,"tipPosition":[50.8637,205.334,-15.2873],"tipVelocity":[19.1197,-4.47855,10.5318],"tool":false,"touchDistance":0.333333,"touchZone":"none","type":4,"width":15.7401}],"r":[[0.784497,0.454909,0.421453],[-0.369724,0.888723,-0.271065],[-0.497864,0.0568284,0.865391]],"s":1.12527,"t":[60.28,-66.446,-31.5087],"timestamp":93514058966},true],[1,{"currentFrameRate":55.2645,"devices":[],"gestures":[],"hands":[{"armBasis":[[0.999623,0.0271801,-0.00376236],[-0.0248083,0.953828,0.299327],[0.0117244,-0.299121,0.954143]],"armWidth":62.4607,"confidence":0.689507,"direction":[0.0738806,0.666226,-0.742081],"elbow":[38.4303,126.053,288.65],"grabStrength":0,"id":473,"palmNormal":[0.0605775,-0.745739,-0.663479],"palmPosition":[32.0566,237.357,-6.68082],"palmVelocity":[-6.10247,8.57549,39.8321],"palmWidth":89.1918,"pinchStrength":0.159345,"r":[[0.786505,0.451523,0.421352],[-0.3685,0.890603,-0.266524],[-0.495599,0.0543537,0.866849]],"s":1.12652,"sphereCenter":[10.4591,226.99,-46.4156],"sphereRadius":50.6157,"stabilizedPalmPosition":[32.5978,236.993,-7.61627],"t":[60.1036,-66.2652,-30.7749],"timeVisible":1.8258,"type":"right","wrist":[35.3273,205.22,36.1224]}],"id":1686600,"interactionBox":{"center":[0,200,0],"size":[235.247,235.247,147.751]},"pointables":[{"bases":[[[0.360791,0.795375,0.48704],[-0.857037,0.0767715,0.509504],[0.367856,-0.601235,0.709364]],[[0.370921,0.778278,0.506657],[-0.801923,-0.00670793,0.597389],[0.468333,-0.627884,0.621631]],[[0.370921,0.778278,0.506657],[-0.916735,0.394028,0.0658702],[-0.148371,-0.488902,0.859628]],[[0.370921,0.778278,0.506657],[-0.719435,0.585803,-0.373159],[-0.587222,-0.226094,0.777207]]],"btipPosition":[3.4182,247.453,-48.0571],"carpPosition":[7.90392,195.204,28.9202],"dipPosition":[-10.0533,242.267,-30.2271],"direction":[0.148371,0.488902,-0.859628],"extended":false,"handId":473,"id":4730,"length":51.0864,"mcpPosition":[7.90392,195.204,28.9202],"pipPosition":[-15.0121,225.927,-1.49686],"stabilizedTipPosition":[1.51849,245.257,-45.3414],"timeVisible":1.8258,"tipPosition":[1.12491,245.114,-44.0395],"tipVelocity":[-34.2114,36.0957,59.7322],"tool":false,"touchDistance":0.3832,"touchZone":"hovering","type":0,"width":19.8498},{"bases":[[[0.993699,0.107854,-0.030498],[-0.0738961,0.835015,0.545243],[0.0842727,-0.539554,0.837723]],[[0.992625,0.114272,-0.0404738],[-0.0608228,0.758247,0.649124],[0.104866,-0.641875,0.759605]],[[0.992625,0.114272,-0.0404738],[-0.0756793,0.844928,0.529499],[0.0947046,-0.522531,0.847345]],[[0.992625,0.114272,-0.0404738],[-0.0868247,0.903133,0.420491],[0.0846037,-0.413876,0.906393]]],"btipPosition":[1.23317,301.706,-93.0505],"carpPosition":[15.3876,216.453,34.608],"dipPosition":[2.65011,294.775,-77.8703],"direction":[-0.0947046,0.522531,-0.847345],"extended":true,"handId":473,"id":4731,"length":57.6453,"mcpPosition":[9.31017,255.363,-25.8049],"pipPosition":[4.89391,282.395,-57.7944],"stabilizedTipPosition":[3.43931,298.843,-91.529],"timeVisible":1.8258,"tipPosition":[2.77715,299.692,-89.8995],"tipVelocity":[-66.907,48.6311,88.8399],"tool":false,"touchDistance":0.404295,"touchZone":"hovering","type":1,"width":18.9605},{"bases":[[[0.993889,-0.109974,-0.00953897],[0.0970325,0.829179,0.550497],[-0.052631,-0.548059,0.834782]],[[0.993946,-0.109371,-0.0104575],[0.0698834,0.702781,-0.707966],[0.0847803,0.702949,0.706169]],[[0.993946,-0.109371,-0.0104575],[-0.0749823,-0.605683,-0.792165],[0.080306,0.788153,-0.610217]],[[0.993946,-0.109371,-0.0104575],[-0.10809,-0.956339,-0.271537],[0.0196974,0.271024,-0.962371]]],"btipPosition":[24.0728,196.752,-21.0481],"carpPosition":[27.0805,219.446,34.67],"dipPosition":[24.4357,201.745,-38.7756],"direction":[-0.080306,-0.788153,0.610217],"extended":false,"handId":473,"id":4732,"length":65.6822,"mcpPosition":[30.6798,256.927,-22.4201],"pipPosition":[26.6742,223.714,-55.785],"stabilizedTipPosition":[24.835,197.342,-25.6847],"timeVisible":1.8258,"tipPosition":[24.2065,198.229,-26.5273],"tipVelocity":[-14.999,17.5059,27.2005],"tool":false,"touchDistance":0.333333,"touchZone":"none","type":2,"width":18.6218},{"bases":[[[0.965149,-0.251619,0.0719386],[0.166066,0.801309,0.57474],[-0.20226,-0.542763,0.815168]],[[0.968381,-0.242553,0.0583657],[0.204783,0.639213,-0.741263],[0.142488,0.729777,0.668672]],[[0.968381,-0.242553,0.0583657],[-0.115032,-0.64172,-0.758263],[0.221374,0.727573,-0.649331]],[[0.968381,-0.242553,0.0583657],[-0.221091,-0.942763,-0.249635],[0.115575,0.228837,-0.966579]]],"btipPosition":[37.1691,196.717,-9.63343],"carpPosition":[39.1184,219.3,34.3702],"dipPosition":[39.2858,200.908,-27.3361],"direction":[-0.221374,-0.727573,0.649331],"extended":false,"handId":473,"id":4733,"length":63.1552,"mcpPosition":[51.5376,252.627,-15.6828],"pipPosition":[45.2971,220.665,-44.9684],"stabilizedTipPosition":[38.2605,197.221,-14.2094],"timeVisible":1.8258,"tipPosition":[37.8677,197.862,-15.0567],"tipVelocity":[-11.4779,12.8053,23.7819],"tool":false,"touchDistance":0.333333,"touchZone":"none","type":3,"width":17.7198},{"bases":[[[0.894458,-0.441664,0.0698428],[0.295634,0.701298,0.648677],[-0.335478,-0.559566,0.757852]],[[0.877564,-0.467672,0.10566],[0.414161,0.628382,-0.658489],[0.241562,0.621626,0.745137]],[[0.877564,-0.467672,0.10566],[-0.187142,-0.537002,-0.822561],[0.441429,0.702076,-0.558775]],[[0.877564,-0.467672,0.10566],[-0.407937,-0.844093,-0.347987],[0.251931,0.262278,-0.931526]]],"btipPosition":[48.9641,204.629,-10.1274],"carpPosition":[50.9882,212.262,32.3229],"dipPosition":[53.2207,209.061,-25.8666],"direction":[-0.441429,-0.702076,0.558775],"extended":false,"handId":473,"id":4734,"length":49.5125,"mcpPosition":[70.0565,244.067,-10.7528],"pipPosition":[61.6839,222.521,-36.5796],"stabilizedTipPosition":[50.4274,205.259,-14.0412],"timeVisible":1.8258,"tipPosition":[50.0911,205.906,-14.8045],"tipVelocity":[-9.89724,12.6218,18.0181],"tool":false,"touchDistance":0.333333,"touchZone":"none","type":4,"width":15.7401}],"r":[[0.786505,0.451523,0.421352],[-0.3685,0.890603,-0.266524],[-0.495599,0.0543537,0.866849]],"s":1.12652,"t":[60.1036,-66.2652,-30.7749],"timestamp":93514077093},true],[2,{"currentFrameRate":55.2771,"devices":[],"gestures":[],"hands":[{"armBasis":[[0.999579,0.0253846,-0.0140457],[-0.0202855,0.957673,0.287143],[0.0207402,-0.286737,0.957785]],"armWidth":62.4607,"confidence":0.698192,"direction":[0.060806,0.676011,-0.734379],"elbow":[40.5206,129.05,290.97],"grabStrength":0,"id":473,"palmNormal":[0.0519321,-0.736886,-0.674019],"palmPosition":[31.0218,237.623,-4.84488],"palmVelocity":[-30.4222,11.4985,69.2125],"palmWidth":89.1918,"pinchStrength":0.154102,"r":[[0.789193,0.448094,0.419983],[-0.368754,0.892595,-0.259411],[-0.491115,0.0498547,0.869667]],"s":1.12764,"sphereCenter":[8.6073,227.747,-44.3336],"sphereRadius":50.6882,"stabilizedPalmPosition":[32.3461,237.093,-7.17359],"t":[59.498,-66.0418,-29.4901],"timeVisible":1.84385,"type":"right","wrist":[35.0314,204.939,37.4792]}],"id":1686601,"interactionBox":{"center":[0,200,0],"size":[235.247,235.247,147.751]},"pointables":[{"bases":[[[0.366524,0.789857,0.491717],[-0.849172,0.0680138,0.523719],[0.380219,-0.609508,0.695653]],[[0.376956,0.772602,0.510872],[-0.792388,-0.0166061,0.609792],[0.47961,-0.634673,0.605941]],[[0.376956,0.772602,0.510872],[-0.916313,0.391564,0.083948],[-0.13518,-0.499763,0.855548]],[[0.376956,0.772602,0.510872],[-0.72991,0.587337,-0.349666],[-0.570207,-0.241081,0.78533]]],"btipPosition":[1.65332,248.239,-45.6858],"carpPosition":[7.52203,194.95,30.5738],"dipPosition":[-11.4278,242.708,-27.6694],"direction":[0.13518,0.499763,-0.855548],"extended":false,"handId":473,"id":4730,"length":51.0864,"mcpPosition":[7.52203,194.95,30.5738],"pipPosition":[-15.9458,226.005,0.924498],"stabilizedTipPosition":[0.866343,245.645,-44.4792],"timeVisible":1.84385,"tipPosition":[-0.564611,245.853,-41.631],"tipVelocity":[-62.0294,37.5413,94.876],"tool":false,"touchDistance":0.414426,"touchZone":"hovering","type":0,"width":19.8498},{"bases":[[[0.992856,0.110697,-0.0445243],[-0.0672925,0.827661,0.55718],[0.0985293,-0.550203,0.829197]],[[0.991337,0.118598,-0.0564434],[-0.0520657,0.749367,0.660105],[0.120584,-0.651447,0.74905]],[[0.991337,0.118598,-0.0564434],[-0.0696345,0.838941,0.539749],[0.111366,-0.531142,0.839932]],[[0.991337,0.118598,-0.0564434],[-0.0831101,0.899173,0.429629],[0.101705,-0.421216,0.90124]]],"btipPosition":[-1.48052,302.894,-89.9157],"carpPosition":[15.0451,216.142,36.4216],"dipPosition":[0.222834,295.839,-74.8218],"direction":[-0.111366,0.531142,-0.839932],"extended":true,"handId":473,"id":4731,"length":57.6453,"mcpPosition":[7.93957,255.82,-23.3765],"pipPosition":[2.86139,283.255,-54.9215],"stabilizedTipPosition":[2.13774,299.541,-90.0673],"timeVisible":1.84385,"tipPosition":[0.110771,300.925,-86.77],"tipVelocity":[-104.789,56.0275,128.598],"tool":false,"touchDistance":0.443924,"touchZone":"hovering","type":1,"width":18.9605},{"bases":[[[0.993867,-0.107384,-0.0264162],[0.10371,0.82218,0.559701],[-0.0383839,-0.559007,0.828274]],[[0.993901,-0.106875,-0.0271696],[0.0568786,0.70792,-0.703999],[0.0944739,0.69816,0.709681]],[[0.993901,-0.106875,-0.0271696],[-0.0862827,-0.60026,-0.795137],[0.0686716,0.792632,-0.60582]],[[0.993901,-0.106875,-0.0271696],[-0.110207,-0.954033,-0.278703],[0.00386577,0.279998,-0.959993]]],"btipPosition":[22.9067,197.154,-19.2644],"carpPosition":[26.7307,219.163,36.3409],"dipPosition":[22.9779,202.312,-36.948],"direction":[-0.0686716,-0.792632,0.60582],"extended":false,"handId":473,"id":4732,"length":65.6822,"mcpPosition":[29.3557,257.393,-20.304],"pipPosition":[24.8921,224.406,-53.8349],"stabilizedTipPosition":[24.4138,197.562,-25.1663],"timeVisible":1.84385,"tipPosition":[22.9492,198.681,-24.7399],"tipVelocity":[-40.3148,20.7637,61.4688],"tool":false,"touchDistance":0.333333,"touchZone":"none","type":2,"width":18.6218},{"bases":[[[0.966721,-0.250148,0.0536421],[0.173176,0.794168,0.582501],[-0.188312,-0.553827,0.811058]],[[0.969555,-0.241431,0.0409148],[0.192307,0.647283,-0.737592],[0.151594,0.723005,0.674006]],[[0.969555,-0.241431,0.0409148],[-0.125676,-0.63401,-0.763044],[0.210163,0.734672,-0.64505]],[[0.969555,-0.241431,0.0409148],[-0.223303,-0.94029,-0.256887],[0.100492,0.23993,-0.965575]]],"btipPosition":[36.1389,197.048,-8.26722],"carpPosition":[38.7628,219.051,35.8522],"dipPosition":[37.9794,201.442,-25.9515],"direction":[-0.210163,-0.734672,0.64505],"extended":false,"handId":473,"id":4733,"length":63.1552,"mcpPosition":[50.3256,253.057,-13.9484],"pipPosition":[43.6863,221.392,-43.4675],"stabilizedTipPosition":[37.9055,197.396,-13.8176],"timeVisible":1.84385,"tipPosition":[36.7563,198.247,-13.6639],"tipVelocity":[-34.7953,16.6511,48.5374],"tool":false,"touchDistance":0.333333,"touchZone":"none","type":3,"width":17.7198},{"bases":[[[0.896437,-0.440324,0.0501642],[0.304106,0.693522,0.653105],[-0.322368,-0.570212,0.755604]],[[0.880059,-0.466991,0.0861081],[0.402562,0.637515,-0.656901],[0.251872,0.612776,0.749044]],[[0.880059,-0.466991,0.0861081],[-0.198828,-0.527048,-0.826249],[0.431234,0.710027,-0.556685]],[[0.880059,-0.466991,0.0861081],[-0.411533,-0.84052,-0.352374],[0.236931,0.274673,-0.93189]]],"btipPosition":[47.9375,204.986,-8.96281],"carpPosition":[50.6153,212.069,33.529],"dipPosition":[51.9407,209.627,-24.7082],"direction":[-0.431234,-0.710027,0.556685],"extended":false,"handId":473,"id":4734,"length":49.5125,"mcpPosition":[68.9384,244.479,-9.41892],"pipPosition":[60.2084,223.24,-35.3811],"stabilizedTipPosition":[49.9623,205.495,-13.6093],"timeVisible":1.84385,"tipPosition":[48.9901,206.319,-13.6236],"tipVelocity":[-33.7329,17.2903,40.0574],"tool":false,"touchDistance":0.333333,"touchZone":"none","type":4,"width":15.7401}],"r":[[0.789193,0.448094,0.419983],[-0.368754,0.892595,-0.259411],[-0.491115,0.0498547,0.869667]],"s":1.12764,"t":[59.498,-66.0418,-29.4901],"timestamp":93514095140},false],[3,{"currentFrameRate":55.257,"devices":[],"gestures":[],"hands":[{"armBasis":[[0.999412,0.0249237,-0.0235589],[-0.0171328,0.957901,0.286587],[0.0297099,-0.286015,0.957765]],"armWidth":62.4607,"confidence":0.701972,"direction":[0.0515818,0.682497,-0.729066],"elbow":[42.5184,129.167,292.209],"grabStrength":0,"id":473,"palmNormal":[0.0446759,-0.730884,-0.681038],"palmPosition":[30.1201,237.915,-3.26152],"palmVelocity":[-39.5826,13.6798,77.7696],"palmWidth":89.1918,"pinchStrength":0.145069,"r":[[0.792231,0.44477,0.417791],[-0.369694,0.894533,-0.251271],[-0.485485,0.0446098,0.873106]],"s":1.12884,"sphereCenter":[7.08882,228.402,-42.5234],"sphereRadius":50.7495,"stabilizedPalmPosition":[32.1262,237.175,-6.78708],"t":[58.7444,-65.7842,-28.0559],"timeVisible":1.86202,"type":"right","wrist":[34.6552,204.865,38.7234]}],"id":1686602,"interactionBox":{"center":[0,200,0],"size":[235.247,235.247,147.751]},"pointables":[{"bases":[[[0.371565,0.78587,0.494315],[-0.843028,0.0625651,0.534218],[0.388899,-0.615218,0.685758]],[[0.382358,0.768253,0.513409],[-0.784892,-0.0231611,0.6192],[0.487594,-0.639727,0.59414]],[[0.382358,0.768253,0.513409],[-0.915445,0.39045,0.0975115],[-0.125547,-0.507283,0.852586]],[[0.382358,0.768253,0.513409],[-0.739336,0.587644,-0.328721],[-0.554243,-0.253893,0.792687]]],"btipPosition":[0.128117,248.99,-43.6984],"carpPosition":[7.07567,194.909,32.0535],"dipPosition":[-12.5868,243.166,-25.5133],"direction":[0.125547,0.507283,-0.852586],"extended":false,"handId":473,"id":4730,"length":51.0864,"mcpPosition":[7.07567,194.909,32.0535],"pipPosition":[-16.7828,226.212,2.98163],"stabilizedTipPosition":[0.25149,245.982,-43.646],"timeVisible":1.86202,"tipPosition":[-2.01204,246.56,-39.6054],"tipVelocity":[-70.2742,37.5931,102.819],"tool":false,"touchDistance":0.43671,"touchZone":"hovering","type":0,"width":19.8498},{"bases":[[[0.992166,0.112071,-0.0551881],[-0.0614871,0.822666,0.565191],[0.108743,-0.55737,0.823112]],[[0.990288,0.121026,-0.0684259],[-0.044662,0.743005,0.667794],[0.131661,-0.658253,0.741194]],[[0.990288,0.121026,-0.0684259],[-0.064168,0.83448,0.547289],[0.123336,-0.537583,0.834142]],[[0.990288,0.121026,-0.0684259],[-0.0793411,0.896105,0.436693],[0.114168,-0.427023,0.897005]]],"btipPosition":[-3.57306,303.861,-87.3606],"carpPosition":[14.6479,216.056,37.9989],"dipPosition":[-1.66099,296.709,-72.3376],"direction":[-0.123336,0.537583,-0.834142],"extended":true,"handId":473,"id":4731,"length":57.6453,"mcpPosition":[6.80586,256.251,-21.3604],"pipPosition":[1.26118,283.973,-52.5745],"stabilizedTipPosition":[0.905572,300.166,-88.6269],"timeVisible":1.86202,"tipPosition":[-1.95267,301.904,-84.2326],"tipVelocity":[-108.486,54.1211,133.914],"tool":false,"touchDistance":0.470946,"touchZone":"hovering","type":1,"width":18.9605},{"bases":[[[0.993584,-0.106159,-0.0390124],[0.109538,0.817333,0.565658],[-0.0281637,-0.566302,0.823717]],[[0.993607,-0.105673,-0.0397196],[0.0471411,0.708077,-0.70456],[0.102577,0.698183,0.708532]],[[0.993607,-0.105673,-0.0397196],[-0.0955747,-0.600156,-0.794153],[0.0600825,0.792872,-0.606419]],[[0.993607,-0.105673,-0.0397196],[-0.112594,-0.953158,-0.280736],[-0.00819289,0.283413,-0.958963]]],"btipPosition":[21.8848,197.509,-17.4339],"carpPosition":[26.3291,219.089,37.8077],"dipPosition":[21.7339,202.73,-35.0986],"direction":[-0.0600826,-0.792872,0.606419],"extended":false,"handId":473,"id":4732,"length":65.6822,"mcpPosition":[28.2552,257.818,-18.5256],"pipPosition":[23.4086,224.83,-52.0022],"stabilizedTipPosition":[24.041,197.729,-24.6327],"timeVisible":1.86202,"tipPosition":[21.8555,199.061,-22.937],"tipVelocity":[-49.255,20.5523,80.3201],"tool":false,"touchDistance":0.333333,"touchZone":"none","type":2,"width":18.6218},{"bases":[[[0.967506,-0.249648,0.0400996],[0.179291,0.789191,0.587395],[-0.178288,-0.561119,0.808306]],[[0.970137,-0.240976,0.027645],[0.183378,0.654065,-0.733875],[0.158764,0.717029,0.678722]],[[0.970137,-0.240976,0.027645],[-0.133932,-0.627211,-0.767248],[0.202227,0.740633,-0.640755]],[[0.970137,-0.240976,0.027645],[-0.225544,-0.938149,-0.262692],[0.0892374,0.248612,-0.964484]]],"btipPosition":[35.2229,197.379,-7.11665],"carpPosition":[38.3547,218.994,37.1771],"dipPosition":[36.8573,201.933,-24.7809],"direction":[-0.202227,-0.740633,0.640755],"extended":false,"handId":473,"id":4733,"length":63.1552,"mcpPosition":[49.302,253.448,-12.4546],"pipPosition":[42.3487,222.044,-42.1803],"stabilizedTipPosition":[37.5514,197.555,-13.4125],"timeVisible":1.86202,"tipPosition":[35.7775,198.622,-12.4794],"tipVelocity":[-43.4916,18.3697,55.7139],"tool":false,"touchDistance":0.333333,"touchZone":"none","type":3,"width":17.7198},{"bases":[[[0.897356,-0.439856,0.0357732],[0.311131,0.688059,0.65557],[-0.31297,-0.577149,0.754286]],[[0.881302,-0.467047,0.0719312],[0.394149,0.642543,-0.657103],[0.260679,0.607458,0.750361]],[[0.881302,-0.467047,0.0719312],[-0.208668,-0.521199,-0.827532],[0.423987,0.714296,-0.556791]],[[0.881302,-0.467047,0.0719312],[-0.415247,-0.838058,-0.353877],[0.22556,0.282003,-0.932522]]],"btipPosition":[46.9992,205.335,-7.7962],"carpPosition":[50.1854,212.044,34.6537],"dipPosition":[50.8103,210.099,-23.5522],"direction":[-0.423987,-0.714296,0.556791],"extended":false,"handId":473,"id":4734,"length":49.5125,"mcpPosition":[67.9744,244.849,-8.21937],"pipPosition":[58.9391,223.794,-34.2272],"stabilizedTipPosition":[49.5072,205.699,-13.1319],"timeVisible":1.86202,"tipPosition":[47.9976,206.696,-12.4457],"tipVelocity":[-43.435,18.9345,51.5139],"tool":false,"touchDistance":0.333333,"touchZone":"none","type":4,"width":15.7401}],"r":[[0.792231,0.44477,0.417791],[-0.369694,0.894533,-0.251271],[-0.485485,0.0446098,0.873106]],"s":1.12884,"t":[58.7444,-65.7842,-28.0559],"timestamp":93514113307},false],[4,{"currentFrameRate":55.289,"devices":[],"gestures":[],"hands":[{"armBasis":[[0.999228,0.0251141,-0.0302191],[-0.0154941,0.9586,0.284334],[0.0361088,-0.283646,0.958249]],"armWidth":62.4607,"confidence":0.693518,"direction":[0.0486473,0.68537,-0.726568],"elbow":[43.8303,129.79,293.143],"grabStrength":0,"id":473,"palmNormal":[0.0418365,-0.728189,-0.684098],"palmPosition":[29.5691,238.077,-2.3062],"palmVelocity":[-35.3574,11.4779,66.1139],"palmWidth":89.1918,"pinchStrength":0.13864,"r":[[0.794995,0.441781,0.415706],[-0.370595,0.896244,-0.243734],[-0.480251,0.0397084,0.876232]],"s":1.13009,"sphereCenter":[6.1947,228.791,-41.4276],"sphereRadius":50.8163,"stabilizedPalmPosition":[31.9637,237.232,-6.50245],"t":[58.092,-65.5742,-26.8612],"timeVisible":1.87999,"type":"right","wrist":[34.2736,204.861,39.5289]}],"id":1686603,"interactionBox":{"center":[0,200,0],"size":[235.247,235.247,147.751]},"pointables":[{"bases":[[[0.373641,0.78389,0.495891],[-0.840831,0.0605006,0.537906],[0.391658,-0.617945,0.681725]],[[0.384488,0.766235,0.514832],[-0.782175,-0.0257875,0.622525],[0.490277,-0.642042,0.589415]],[[0.384488,0.766235,0.514832],[-0.91491,0.390558,0.101999],[-0.122917,-0.510243,0.851201]],[[0.384488,0.766235,0.514832],[-0.742799,0.587931,-0.320292],[-0.548105,-0.259268,0.795211]]],"btipPosition":[-0.641369,249.35,-42.5997],"carpPosition":[6.6662,194.933,32.9327],"dipPosition":[-13.2155,243.402,-24.3567],"direction":[0.122917,0.510243,-0.851201],"extended":false,"handId":473,"id":4730,"length":51.0864,"mcpPosition":[6.6662,194.933,32.9327],"pipPosition":[-17.3236,226.349,4.09194],"stabilizedTipPosition":[-0.216675,246.229,-42.9976],"timeVisible":1.87999,"tipPosition":[-2.7615,246.918,-38.4898],"tipVelocity":[-56.4204,28.5297,83.4323],"tool":false,"touchDistance":0.443052,"touchZone":"hovering","type":0,"width":19.8498},{"bases":[[[0.99194,0.112233,-0.0588043],[-0.0591151,0.82043,0.568683],[0.11207,-0.560624,0.820452]],[[0.989834,0.121997,-0.0731083],[-0.0415889,0.739841,0.671496],[0.136009,-0.661629,0.737393]],[[0.989834,0.121997,-0.0731083],[-0.0619802,0.832661,0.550303],[0.128009,-0.540177,0.831758]],[[0.989834,0.121997,-0.0731083],[-0.0779157,0.895172,0.438858],[0.118984,-0.428701,0.895577]]],"btipPosition":[-4.57115,304.328,-85.9967],"carpPosition":[14.2642,216.057,38.9305],"dipPosition":[-2.57842,297.148,-70.9976],"direction":[-0.128009,0.540177,-0.831758],"extended":true,"handId":473,"id":4731,"length":57.6453,"mcpPosition":[6.18225,256.486,-20.2369],"pipPosition":[0.454472,284.35,-51.291],"stabilizedTipPosition":[-0.022094,300.63,-87.503],"timeVisible":1.87999,"tipPosition":[-2.95004,302.389,-82.8681],"tipVelocity":[-82.9294,40.6232,106.298],"tool":false,"touchDistance":0.477561,"touchZone":"hovering","type":1,"width":18.9605},{"bases":[[[0.993408,-0.106059,-0.0434968],[0.11191,0.815085,0.56843],[-0.0248337,-0.56955,0.821581]],[[0.993421,-0.105758,-0.0439317],[0.043694,0.704629,-0.708229],[0.105856,0.70165,0.704614]],[[0.993421,-0.105758,-0.0439317],[-0.0992937,-0.604312,-0.790537],[0.0570571,0.789698,-0.610837]],[[0.993421,-0.105758,-0.0439317],[-0.113838,-0.953738,-0.278252],[-0.012472,0.281422,-0.959503]]],"btipPosition":[21.2809,197.693,-16.0739],"carpPosition":[25.9448,219.089,38.7035],"dipPosition":[21.0512,202.877,-33.7485],"direction":[-0.0570571,-0.789698,0.610837],"extended":false,"handId":473,"id":4732,"length":65.6822,"mcpPosition":[27.6431,258.041,-17.4837],"pipPosition":[22.6416,224.889,-50.7752],"stabilizedTipPosition":[23.784,197.834,-24.2221],"timeVisible":1.87999,"tipPosition":[21.2257,199.232,-21.6117],"tipVelocity":[-42.3188,15.4447,78.0537],"tool":false,"touchDistance":0.333333,"touchZone":"none","type":2,"width":18.6218},{"bases":[[[0.967644,-0.249858,0.0351537],[0.18175,0.786853,0.58977],[-0.17502,-0.564298,0.806806]],[[0.969926,-0.242193,0.0242236],[0.181206,0.652055,-0.736199],[0.162507,0.718448,0.676332]],[[0.969926,-0.242193,0.0242236],[-0.138419,-0.630708,-0.763576],[0.200211,0.737259,-0.645264]],[[0.969926,-0.242193,0.0242236],[-0.22796,-0.938767,-0.25836],[0.0853134,0.245068,-0.965745]]],"btipPosition":[34.5979,197.671,-5.92807],"carpPosition":[37.9677,218.996,38.0233],"dipPosition":[36.1604,202.16,-23.6154],"direction":[-0.200211,-0.737259,0.645264],"extended":false,"handId":473,"id":4733,"length":63.1552,"mcpPosition":[48.7143,253.645,-11.5163],"pipPosition":[41.597,222.179,-41.1373],"stabilizedTipPosition":[37.2785,197.675,-13.0532],"timeVisible":1.87999,"tipPosition":[35.1351,198.861,-11.3325],"tipVelocity":[-39.7983,16.9656,60.4997],"tool":false,"touchDistance":0.333333,"touchZone":"none","type":3,"width":17.7198},{"bases":[[[0.897463,-0.440044,0.0303628],[0.31386,0.685446,0.657005],[-0.309923,-0.580108,0.753275]],[[0.881473,-0.467507,0.0666538],[0.391382,0.64426,-0.657077],[0.264246,0.605282,0.750871]],[[0.881473,-0.467507,0.0666538],[-0.212637,-0.518962,-0.827928],[0.421653,0.715623,-0.55686]],[[0.881473,-0.467507,0.0666538],[-0.417055,-0.83689,-0.354515],[0.22152,0.284697,-0.932672]]],"btipPosition":[46.4175,205.519,-6.98214],"carpPosition":[49.7874,212.056,35.4241],"dipPosition":[50.1603,210.329,-22.7407],"direction":[-0.421653,-0.715623,0.55686],"extended":false,"handId":473,"id":4734,"length":49.5125,"mcpPosition":[67.4032,245.028,-7.39147],"pipPosition":[58.2443,224.049,-33.417],"stabilizedTipPosition":[49.1576,205.844,-12.7358],"timeVisible":1.87999,"tipPosition":[47.3962,206.886,-11.6178],"tipVelocity":[-38.6084,15.0971,48.551],"tool":false,"touchDistance":0.333333,"touchZone":"none","type":4,"width":15.7401}],"r":[[0.794995,0.441781,0.415706],[-0.370595,0.896244,-0.243734],[-0.480251,0.0397084,0.876232]],"s":1.13009,"t":[58.092,-65.5742,-26.8612],"timestamp":93514131283},false],[5,{"currentFrameRate":55.2741,"devices":[],"gestures":[],"hands":[{"armBasis":[[0.999137,0.0250759,-0.0331093],[-0.014628,0.95855,0.284547],[0.0388722,-0.283817,0.95809]],"armWidth":62.4607,"confidence":0.674242,"direction":[0.0480949,0.686973,-0.72509],"elbow":[44.2964,129.746,293.634],"grabStrength":0,"id":473,"palmNormal":[0.0407286,-0.726675,-0.685773],"palmPosition":[29.2694,238.174,-1.69305],"palmVelocity":[-26.3812,8.54048,50.7159],"palmWidth":89.1918,"pinchStrength":0.137468,"r":[[0.79733,0.439145,0.414025],[-0.371263,0.897718,-0.237206],[-0.475845,0.0354188,0.878816]],"s":1.13111,"sphereCenter":[5.68566,229.033,-40.7643],"sphereRadius":50.8682,"stabilizedPalmPosition":[31.8501,237.272,-6.29957],"t":[57.616,-65.421,-25.9573],"timeVisible":1.89814,"type":"right","wrist":[34.0084,204.862,40.0622]}],"id":1686604,"interactionBox":{"center":[0,200,0],"size":[235.247,235.247,147.751]},"pointables":[{"bases":[[[0.374553,0.78262,0.497208],[-0.840178,0.0596549,0.539019],[0.392187,-0.619635,0.679884]],[[0.385372,0.764989,0.516023],[-0.781428,-0.0268706,0.623416],[0.490773,-0.643482,0.587429]],[[0.385372,0.764989,0.516023],[-0.914579,0.390956,0.103438],[-0.122614,-0.511805,0.850307]],[[0.385372,0.764989,0.516023],[-0.743522,0.588618,-0.317338],[-0.546501,-0.261381,0.795624]]],"btipPosition":[-0.98966,249.549,-41.9389],"carpPosition":[6.38909,194.961,33.4759],"dipPosition":[-13.527,243.553,-23.6864],"direction":[0.122614,0.511805,-0.850307],"extended":false,"handId":473,"id":4730,"length":51.0864,"mcpPosition":[6.38909,194.961,33.4759],"pipPosition":[-17.6249,226.447,4.73234],"stabilizedTipPosition":[-0.549375,246.406,-42.5193],"timeVisible":1.89814,"tipPosition":[-3.11306,247.123,-37.8241],"tipVelocity":[-38.4632,19.8578,61.0923],"tool":false,"touchDistance":0.442026,"touchZone":"hovering","type":0,"width":19.8498},{"bases":[[[0.991919,0.111943,-0.0597085],[-0.058102,0.819181,0.570585],[0.112785,-0.562505,0.819065]],[[0.98962,0.122515,-0.0751215],[-0.040184,0.737769,0.673856],[0.13798,-0.663843,0.735034]],[[0.98962,0.122515,-0.0751215],[-0.0610548,0.831621,0.551976],[0.130098,-0.54166,0.830469]],[[0.98962,0.122515,-0.0751215],[-0.0773958,0.89479,0.439728],[0.121091,-0.42935,0.894984]]],"btipPosition":[-5.05161,304.614,-85.1752],"carpPosition":[14.0032,216.067,39.5121],"dipPosition":[-3.02358,297.423,-70.1861],"direction":[-0.130098,0.54166,-0.830469],"extended":true,"handId":473,"id":4731,"length":57.6453,"mcpPosition":[5.8696,256.633,-19.5553],"pipPosition":[0.0587992,284.589,-50.51],"stabilizedTipPosition":[-0.681594,300.967,-86.6683],"timeVisible":1.89814,"tipPosition":[-3.43766,302.688,-82.0432],"tipVelocity":[-55.822,28.7033,77.1651],"tool":false,"touchDistance":0.475426,"touchZone":"hovering","type":1,"width":18.9605},{"bases":[[[0.993311,-0.106384,-0.044891],[0.11292,0.813764,0.57012],[-0.0241212,-0.571376,0.820334]],[[0.993325,-0.106065,-0.0453492],[0.0429428,0.704887,-0.708018],[0.107062,0.701344,0.704737]],[[0.993325,-0.106065,-0.0453492],[-0.100595,-0.604084,-0.790546],[0.0564549,0.789831,-0.610721]],[[0.993325,-0.106065,-0.0453492],[-0.114543,-0.953453,-0.278941],[-0.0136523,0.282273,-0.959237]]],"btipPosition":[20.9537,197.819,-15.4277],"carpPosition":[25.6847,219.096,39.2783],"dipPosition":[20.7022,203.019,-33.0974],"direction":[-0.0564549,-0.789831,0.610721],"extended":false,"handId":473,"id":4732,"length":65.6822,"mcpPosition":[27.3343,258.172,-16.8236],"pipPosition":[22.2759,225.035,-50.1209],"stabilizedTipPosition":[23.612,197.905,-23.9405],"timeVisible":1.89814,"tipPosition":[20.8903,199.35,-20.9234],"tipVelocity":[-30.8809,11.4943,57.8641],"tool":false,"touchDistance":0.333333,"touchZone":"none","type":2,"width":18.6218},{"bases":[[[0.967577,-0.250348,0.0334676],[0.182773,0.785455,0.591316],[-0.174322,-0.566027,0.805745]],[[0.969631,-0.243429,0.023642],[0.181336,0.650689,-0.737374],[0.164114,0.719268,0.675071]],[[0.969631,-0.243429,0.023642],[-0.140214,-0.632486,-0.761775],[0.200391,0.735326,-0.64741]],[[0.969631,-0.243429,0.023642],[-0.229459,-0.938901,-0.256542],[0.0846471,0.243326,-0.966244]]],"btipPosition":[34.231,197.828,-5.17973],"carpPosition":[37.7068,218.999,38.5838],"dipPosition":[35.7813,202.285,-22.8762],"direction":[-0.200391,-0.735326,0.64741],"extended":false,"handId":473,"id":4733,"length":63.1552,"mcpPosition":[48.4105,253.754,-10.8906],"pipPosition":[41.2229,222.252,-40.4563],"stabilizedTipPosition":[37.0863,197.76,-12.7815],"timeVisible":1.89814,"tipPosition":[34.767,198.99,-10.5723],"tipVelocity":[-30.5439,12.8198,51.2715],"tool":false,"touchDistance":0.333333,"touchZone":"none","type":3,"width":17.7198},{"bases":[[[0.897309,-0.440492,0.0283333],[0.314918,0.683841,0.65817],[-0.309294,-0.581659,0.752336]],[[0.881245,-0.468197,0.0648045],[0.390632,0.64424,-0.657542],[0.266109,0.604771,0.750625]],[[0.881245,-0.468197,0.0648045],[-0.214727,-0.518705,-0.827549],[0.42107,0.715358,-0.55764]],[[0.881245,-0.468197,0.0648045],[-0.418295,-0.83636,-0.354305],[0.220084,0.285122,-0.932882]]],"btipPosition":[46.0856,205.626,-6.37047],"carpPosition":[49.5205,212.059,35.9554],"dipPosition":[49.8042,210.443,-22.1326],"direction":[-0.42107,-0.715358,0.55764],"extended":false,"handId":473,"id":4734,"length":49.5125,"mcpPosition":[67.1005,245.12,-6.80683],"pipPosition":[57.8771,224.158,-32.8238],"stabilizedTipPosition":[48.914,205.942,-12.4346],"timeVisible":1.89814,"tipPosition":[47.0586,206.986,-10.9971],"tipVelocity":[-29.0737,10.7647,41.4604],"tool":false,"touchDistance":0.333333,"touchZone":"none","type":4,"width":15.7401}],"r":[[0.79733,0.439145,0.414025],[-0.371263,0.897718,-0.237206],[-0.475845,0.0354188,0.878816]],"s":1.13111,"t":[57.616,-65.421,-25.9573],"timestamp":93514149426},false],[6,{"currentFrameRate":55.292,"devices":[],"gestures":[],"hands":[{"armBasis":[[0.999154,0.0230634,-0.0340459],[-0.0124249,0.958537,0.284696],[0.0392003,-0.284032,0.958013]],"armWidth":62.4607,"confidence":0.730585,"direction":[0.0484917,0.686753,-0.725272],"elbow":[44.2222,129.661,294.015],"grabStrength":0,"id":473,"palmNormal":[0.0384391,-0.726871,-0.685697],"palmPosition":[29.1191,238.147,-1.29165],"palmVelocity":[-17.8239,3.79925,37.2264],"palmWidth":89.1918,"pinchStrength":0.134182,"r":[[0.799465,0.436748,0.41244],[-0.371487,0.899008,-0.231911],[-0.472074,0.0321885,0.880971]],"s":1.13201,"sphereCenter":[5.32591,229.088,-40.2802],"sphereRadius":50.9153,"stabilizedPalmPosition":[31.7765,237.295,-6.16473],"t":[57.3029,-65.3575,-25.3046],"timeVisible":1.91616,"type":"right","wrist":[33.8473,204.834,40.4633]}],"id":1686605,"interactionBox":{"center":[0,200,0],"size":[235.247,235.247,147.751]},"pointables":[{"bases":[[[0.376708,0.78198,0.496588],[-0.839367,0.0613751,0.540089],[0.391861,-0.620275,0.679488]],[[0.387481,0.764392,0.515329],[-0.780542,-0.0254092,0.624586],[0.490523,-0.644251,0.586794]],[[0.387481,0.764392,0.515329],[-0.913646,0.392954,0.104108],[-0.122922,-0.511168,0.850645]],[[0.387481,0.764392,0.515329],[-0.743949,0.589399,-0.314878],[-0.544425,-0.261369,0.797049]]],"btipPosition":[-1.20336,249.589,-41.5134],"carpPosition":[6.2005,194.985,33.9143],"dipPosition":[-13.6931,243.593,-23.2283],"direction":[0.122922,0.511168,-0.850645],"extended":false,"handId":473,"id":4730,"length":51.0864,"mcpPosition":[6.2005,194.985,33.9143],"pipPosition":[-17.8013,226.509,5.20181],"stabilizedTipPosition":[-0.775441,246.521,-42.1852],"timeVisible":1.91616,"tipPosition":[-3.32642,247.183,-37.3858],"tipVelocity":[-25.5575,11.5029,43.5129],"tool":false,"touchDistance":0.437651,"touchZone":"hovering","type":0,"width":19.8498},{"bases":[[[0.992056,0.110011,-0.0610043],[-0.0557815,0.81939,0.570515],[0.11275,-0.562581,0.819018]],[[0.989568,0.121388,-0.0775865],[-0.0376492,0.737739,0.674035],[0.139058,-0.664083,0.734613]],[[0.989568,0.121388,-0.0775865],[-0.0589085,0.832416,0.551012],[0.13147,-0.540693,0.830883]],[[0.989568,0.121388,-0.0775865],[-0.0755961,0.895978,0.437617],[0.122637,-0.427187,0.895808]]],"btipPosition":[-5.29285,304.58,-84.7529],"carpPosition":[13.8632,216.078,39.937],"dipPosition":[-3.23893,297.426,-69.7499],"direction":[-0.13147,0.540693,-0.830883],"extended":true,"handId":473,"id":4731,"length":57.6453,"mcpPosition":[5.73216,256.649,-19.127],"pipPosition":[-0.124041,284.615,-50.0641],"stabilizedTipPosition":[-1.12642,301.178,-86.0916],"timeVisible":1.91616,"tipPosition":[-3.6896,302.693,-81.5994],"tipVelocity":[-35.5405,14.4398,51.768],"tool":false,"touchDistance":0.4676,"touchZone":"hovering","type":1,"width":18.9605},{"bases":[[[0.993045,-0.108315,-0.0461503],[0.115229,0.813643,0.569831],[-0.0241717,-0.571186,0.820465]],[[0.99306,-0.107944,-0.0466832],[0.0426785,0.700651,-0.712226],[0.109589,0.705291,0.700396]],[[0.99306,-0.107944,-0.0466832],[-0.103245,-0.610088,-0.785578],[0.0563179,0.784946,-0.616999]],[[0.99306,-0.107944,-0.0466832],[-0.116624,-0.955065,-0.272489],[-0.0151718,0.276043,-0.961026]]],"btipPosition":[20.7351,197.858,-14.6143],"carpPosition":[25.5502,219.084,39.6876],"dipPosition":[20.4556,202.943,-32.317],"direction":[-0.0563179,-0.784946,0.616999],"extended":false,"handId":473,"id":4732,"length":65.6822,"mcpPosition":[27.2033,258.146,-16.4233],"pipPosition":[22.0255,224.823,-49.5154],"stabilizedTipPosition":[23.5084,197.944,-23.7554],"timeVisible":1.91616,"tipPosition":[20.6563,199.328,-20.1358],"tipVelocity":[-22.1573,6.38162,51.6256],"tool":false,"touchDistance":0.333333,"touchZone":"none","type":2,"width":18.6218},{"bases":[[[0.967133,-0.252215,0.0322668],[0.185054,0.785202,0.590942],[-0.174381,-0.565549,0.806068]],[[0.969049,-0.245783,0.0231203],[0.182065,0.64828,-0.739314],[0.166723,0.720641,0.672963]],[[0.969049,-0.245783,0.0231203],[-0.1428,-0.634476,-0.759637],[0.201375,0.732824,-0.649936]],[[0.969049,-0.245783,0.0231203],[-0.232085,-0.938938,-0.254033],[0.0841455,0.240804,-0.966919]]],"btipPosition":[33.9673,197.817,-4.63243],"carpPosition":[37.5712,218.963,38.9777],"dipPosition":[35.5084,202.228,-22.3413],"direction":[-0.201375,-0.732824,0.649936],"extended":false,"handId":473,"id":4733,"length":63.1552,"mcpPosition":[48.2785,253.689,-10.5165],"pipPosition":[40.9767,222.127,-39.99],"stabilizedTipPosition":[36.9574,197.81,-12.5915],"timeVisible":1.91616,"tipPosition":[34.5005,198.955,-10.0068],"tipVelocity":[-23.054,6.17192,41.2824],"tool":false,"touchDistance":0.333333,"touchZone":"none","type":3,"width":17.7198},{"bases":[[[0.89649,-0.442224,0.0272562],[0.317088,0.683344,0.657644],[-0.309451,-0.580929,0.752835]],[[0.880306,-0.47007,0.0639942],[0.390829,0.642129,-0.659487],[0.268913,0.605561,0.748987]],[[0.880306,-0.47007,0.0639942],[-0.217662,-0.520058,-0.825931],[0.421526,0.713143,-0.560127]],[[0.880306,-0.47007,0.0639942],[-0.420847,-0.836047,-0.352013],[0.218973,0.282948,-0.933805]]],"btipPosition":[45.855,205.577,-5.89892],"carpPosition":[49.3681,212,36.3353],"dipPosition":[49.5548,210.358,-21.6766],"direction":[-0.421526,-0.713143,0.560127],"extended":false,"handId":473,"id":4734,"length":49.5125,"mcpPosition":[66.9571,245.02,-6.45532],"pipPosition":[57.6364,224.031,-32.4155],"stabilizedTipPosition":[48.754,205.995,-12.224],"timeVisible":1.91616,"tipPosition":[46.8233,206.916,-10.5194],"tipVelocity":[-21.4677,4.15863,34.1114],"tool":false,"touchDistance":0.333333,"touchZone":"none","type":4,"width":15.7401}],"r":[[0.799465,0.436748,0.41244],[-0.371487,0.8990