{"sensorType":"Leap","data":[[0,{"currentFrameRate":55.3458,"devices":[],"gestures":[],"hands":[{"armBasis":[[0.994606,0.101322,0.022185],[-0.103266,0.947264,0.30336],[0.00972217,-0.304015,0.952618]],"armWidth":62.4607,"confidence":0.668936,"direction":[0.126908,0.674651,-0.727145],"elbow":[45.2304,153.486,296.799],"grabStrength":0,"id":473,"palmNormal":[0.169242,-0.737051,-0.654304],"palmPosition":[42.7885,266.238,1.86311],"palmVelocity":[-32.3905,69.4449,40.5945],"palmWidth":89.1918,"pinchStrength":0.150446,"r":[[0.713669,0.495678,0.494955],[-0.379264,0.86749,-0.321901],[-0.588927,0.0420126,0.807093]],"s":1.13416,"sphereCenter":[18.9678,255.746,-40.1126],"sphereRadius":52.6757,"stabilizedPalmPosition":[43.5013,264.794,1.01245],"t":[71.2639,-38.4825,-22.2253],"timeVisible":10.4396,"type":"right","wrist":[42.6573,233.947,44.6758]}],"id":1687072,"interactionBox":{"center":[0,200,0],"size":[235.247,235.247,147.751]},"pointables":[{"bases":[[[0.26668,0.806991,0.526922],[-0.911796,0.0341134,0.409224],[0.312265,-0.589577,0.744909]],[[0.262361,0.815024,0.516627],[-0.875194,-0.0245292,0.48315],[0.406451,-0.578908,0.706868]],[[0.262361,0.815024,0.516627],[-0.923787,0.366873,-0.109644],[-0.278899,-0.448487,0.849161]],[[0.262361,0.815024,0.516627],[-0.819318,0.470985,-0.326942],[-0.509789,-0.337505,0.791332]]],"btipPosition":[17.8393,273.821,-46.7388],"carpPosition":[16.711,222.763,34.3835],"dipPosition":[6.14422,266.079,-28.5848],"direction":[0.278899,0.448487,-0.849161],"extended":false,"handId":473,"id":4730,"length":51.0864,"mcpPosition":[16.711,222.763,34.3835],"pipPosition":[-3.17707,251.09,-0.204374],"stabilizedTipPosition":[15.8579,270.77,-43.3314],"timeVisible":10.4396,"tipPosition":[14.7154,272.383,-42.2329],"tipVelocity":[-40.1171,82.2068,53.1287],"tool":false,"touchDistance":-0.175911,"touchZone":"touching","type":0,"width":19.8498},{"bases":[[[0.984803,0.152734,0.0826786],[-0.173154,0.826557,0.535557],[0.0134594,-0.541735,0.840442]],[[0.976661,0.214269,-0.0149249],[-0.154617,0.74959,0.64359],[0.149089,-0.626262,0.765225]],[[0.976661,0.214269,-0.0149249],[-0.181222,0.85934,0.478219],[0.115293,-0.464353,0.878114]],[[0.976661,0.214269,-0.0149249],[-0.197921,0.92478,0.324975],[0.0834344,-0.314436,0.945605]]],"btipPosition":[11.1471,325.992,-88.5374],"carpPosition":[22.5253,244.283,40.9396],"dipPosition":[12.5445,320.726,-72.7004],"direction":[-0.115293,0.464353,-0.878114],"extended":true,"handId":473,"id":4731,"length":57.6453,"mcpPosition":[21.5547,283.35,-19.6694],"pipPosition":[15.2761,309.724,-51.8955],"stabilizedTipPosition":[13.0199,321.729,-87.0112],"timeVisible":10.4396,"tipPosition":[11.5905,325.308,-84.5612],"tipVelocity":[-50.6366,102.736,69.2776],"tool":false,"touchDistance":0.440986,"touchZone":"hovering","type":1,"width":18.9605},{"bases":[[[0.992559,-0.0650211,0.102946],[-0.00383104,0.828384,0.560147],[-0.1217,-0.556374,0.821972]],[[0.991798,-0.0684168,0.107963],[0.125318,0.686685,-0.716072],[-0.0251451,0.723728,0.689627]],[[0.991798,-0.0684168,0.107963],[0.0380686,-0.648222,-0.760499],[0.122015,0.758372,-0.640301]],[[0.991798,-0.0684168,0.107963],[-0.0421244,-0.97245,-0.229274],[0.120675,0.222845,-0.967356]]],"btipPosition":[37.8743,226.41,-10.7949],"carpPosition":[33.9873,247.798,42.3352],"dipPosition":[40.0972,230.515,-28.6142],"direction":[-0.122015,-0.758372,0.640301],"extended":false,"handId":473,"id":4732,"length":65.6822,"mcpPosition":[42.3103,285.848,-13.8788],"pipPosition":[43.4983,251.654,-46.4622],"stabilizedTipPosition":[39.7451,225.454,-15.7934],"timeVisible":10.4396,"tipPosition":[38.4356,227.297,-14.9773],"tipVelocity":[-53.9949,75.9214,36.5948],"tool":false,"touchDistance":0.333333,"touchZone":"none","type":2,"width":18.6218},{"bases":[[[0.961278,-0.208448,0.180263],[0.0632151,0.803464,0.591988],[-0.268234,-0.557669,0.785529]],[[0.963396,-0.203973,0.173962],[0.266226,0.651721,-0.7102],[0.0314865,0.730517,0.682168]],[[0.963396,-0.203973,0.173962],[-0.00681679,-0.667345,-0.744718],[0.267995,0.716273,-0.644308]],[[0.963396,-0.203973,0.173962],[-0.162371,-0.960316,-0.226779],[0.213315,0.190231,-0.958284]]],"btipPosition":[49.8828,227.512,0.339007],"carpPosition":[45.9758,248.198,43.4021],"dipPosition":[53.7896,230.996,-17.2117],"direction":[-0.267995,-0.716273,0.644308],"extended":false,"handId":473,"id":4733,"length":63.1552,"mcpPosition":[62.4459,282.44,-4.83095],"pipPosition":[61.0669,250.446,-34.7076],"stabilizedTipPosition":[52.0961,226.067,-4.61935],"timeVisible":10.4396,"tipPosition":[50.8339,228.189,-3.84789],"tipVelocity":[-46.9747,68.5539,26.0963],"tool":false,"touchDistance":0.333333,"touchZone":"none","type":3,"width":17.7198},{"bases":[[[0.900024,-0.401462,0.16966],[0.188011,0.708815,0.679877],[-0.393202,-0.580008,0.71343]],[[0.884573,-0.423027,0.196415],[0.445848,0.643316,-0.622386],[0.136929,0.638117,0.757666]],[[0.884573,-0.423027,0.196415],[-0.0943469,-0.574718,-0.812895],[0.456759,0.700534,-0.548292]],[[0.884573,-0.423027,0.196415],[-0.343158,-0.875511,-0.34018],[0.315869,0.233513,-0.919619]]],"btipPosition":[61.8191,235.19,1.9337],"carpPosition":[58.3099,241.717,42.6955],"dipPosition":[67.1561,239.136,-13.6043],"direction":[-0.456759,-0.700534,0.548292],"extended":false,"handId":473,"id":4734,"length":49.5125,"mcpPosition":[80.6592,274.684,2.14469],"pipPosition":[75.9132,252.567,-24.1163],"stabilizedTipPosition":[64.3053,233.824,-2.61167],"timeVisible":10.4396,"tipPosition":[62.8719,236.001,-1.81652],"tipVelocity":[-42.8431,63.8665,24.1245],"tool":false,"touchDistance":0.333333,"touchZone":"none","type":4,"width":15.7401}],"r":[[0.713669,0.495678,0.494955],[-0.379264,0.86749,-0.321901],[-0.588927,0.0420126,0.807093]],"s":1.13416,"t":[71.2639,-38.4825,-22.2253],"timestamp":93522690918},false],[1,{"currentFrameRate":55.3877,"devices":[],"gestures":[],"hands":[{"armBasis":[[0.995595,0.0921638,0.017191],[-0.0930198,0.948164,0.303862],[0.0117052,-0.304123,0.952561]],"armWidth":62.4607,"confidence":0.677121,"direction":[0.123054,0.671572,-0.73065],"elbow":[45.5466,154.681,296.978],"grabStrength":0,"id":473,"palmNormal":[0.155886,-0.740186,-0.654083],"palmPosition":[42.2991,267.335,1.96182],"palmVelocity":[-30.0004,65.572,24.0327],"palmWidth":89.1918,"pinchStrength":0.147164,"r":[[0.71641,0.492379,0.494287],[-0.378488,0.869444,-0.317513],[-0.586091,0.040388,0.809238]],"s":1.13351,"sphereCenter":[17.9093,256.909,-39.6647],"sphereRadius":52.673,"stabilizedPalmPosition":[42.8048,266.266,1.56243],"t":[70.7168,-37.2945,-21.8119],"timeVisible":10.4575,"type":"right","wrist":[42.4487,235.171,44.8698]}],"id":1687073,"interactionBox":{"center":[0,200,0],"size":[235.247,235.247,147.751]},"pointables":[{"bases":[[[0.278964,0.806532,0.521234],[-0.906501,0.0420417,0.420106],[0.316915,-0.589693,0.74285]],[[0.274608,0.814514,0.511035],[-0.869083,-0.0171659,0.494368],[0.411442,-0.57989,0.703167]],[[0.274608,0.814514,0.511035],[-0.922509,0.373083,-0.0989228],[-0.271233,-0.44427,0.853848]],[[0.274608,0.814514,0.511035],[-0.819207,0.476459,-0.319198],[-0.503478,-0.330989,0.798095]]],"btipPosition":[16.7813,274.965,-46.3276],"carpPosition":[16.2982,224.149,34.9254],"dipPosition":[5.23098,267.372,-28.0184],"direction":[0.271233,0.44427,-0.853848],"extended":false,"handId":473,"id":4730,"length":51.0864,"mcpPosition":[16.2982,224.149,34.9254],"pipPosition":[-3.8341,252.523,0.518679],"stabilizedTipPosition":[14.789,272.28,-42.5821],"timeVisible":10.4575,"tipPosition":[13.7277,273.55,-41.8036],"tipVelocity":[-48.1884,74.4402,39.8281],"tool":false,"touchDistance":-0.168462,"touchZone":"touching","type":0,"width":19.8498},{"bases":[[[0.986828,0.145695,0.0703147],[-0.160578,0.829372,0.535124],[0.0196479,-0.539366,0.841842]],[[0.977996,0.206854,-0.0271234],[-0.141428,0.752939,0.642714],[0.15337,-0.624735,0.765626]],[[0.977996,0.206854,-0.0271234],[-0.16919,0.862469,0.476993],[0.122061,-0.461908,0.878489]],[[0.977996,0.206854,-0.0271234],[-0.187209,0.927533,0.323474],[0.0920698,-0.311279,0.945848]]],"btipPosition":[10.0397,327.007,-88.2617],"carpPosition":[22.3495,245.644,41.3461],"dipPosition":[11.5817,321.794,-72.4207],"direction":[-0.122061,0.461908,-0.878489],"extended":true,"handId":473,"id":4731,"length":57.6453,"mcpPosition":[20.9326,284.541,-19.3639],"pipPosition":[14.4737,310.85,-51.607],"stabilizedTipPosition":[12.0973,323.163,-86.1703],"timeVisible":10.4575,"tipPosition":[10.5072,326.334,-84.2873],"tipVelocity":[-55.0438,81.3182,43.8633],"tool":false,"touchDistance":0.434369,"touchZone":"hovering","type":1,"width":18.9605},{"bases":[[[0.993228,-0.0720515,0.0911415],[0.00903941,0.83002,0.55766],[-0.115829,-0.55306,0.825051]],[[0.992393,-0.0759194,0.096912],[0.122628,0.679076,-0.723753],[-0.0108637,0.730132,0.68322]],[[0.992393,-0.0759194,0.096912],[0.0232748,-0.657308,-0.753263],[0.120888,0.749788,-0.650541]],[[0.992393,-0.0759194,0.096912],[-0.0531938,-0.974366,-0.218591],[0.111023,0.211773,-0.970992]]],"btipPosition":[36.873,227.604,-10.093],"carpPosition":[33.853,249.079,42.5925],"dipPosition":[38.9181,231.505,-27.9792],"direction":[-0.120888,-0.749788,0.650541],"extended":false,"handId":473,"id":4732,"length":65.6822,"mcpPosition":[41.7745,286.902,-13.832],"pipPosition":[42.2878,252.405,-46.1127],"stabilizedTipPosition":[38.8728,226.561,-15.2171],"timeVisible":10.4575,"tipPosition":[37.4109,228.431,-14.4391],"tipVelocity":[-55.9763,70.3292,37.4144],"tool":false,"touchDistance":0.333333,"touchZone":"none","type":2,"width":18.6218},{"bases":[[[0.961831,-0.215018,0.169261],[0.076281,0.804698,0.588763],[-0.262799,-0.553379,0.790385]],[[0.963913,-0.21056,0.162899],[0.262366,0.647655,-0.715337],[0.0451189,0.732262,0.679527]],[[0.963913,-0.21056,0.162899],[-0.0207865,-0.669563,-0.742464],[0.265404,0.712285,-0.649777]],[[0.963913,-0.21056,0.162899],[-0.172194,-0.959792,-0.221696],[0.203029,0.185645,-0.961413]]],"btipPosition":[49.0912,228.559,0.47354],"carpPosition":[45.8562,249.393,43.5133],"dipPosition":[52.8096,231.959,-17.1345],"direction":[-0.265404,-0.712285,0.649777],"extended":false,"handId":473,"id":4733,"length":63.1552,"mcpPosition":[61.9926,283.371,-5.01791],"pipPosition":[60.0165,251.301,-34.7789],"stabilizedTipPosition":[51.3901,227.142,-4.27682],"timeVisible":10.4575,"tipPosition":[49.9951,229.215,-3.72689],"tipVelocity":[-46.8075,63.2906,16.9755],"tool":false,"touchDistance":0.333333,"touchZone":"none","type":3,"width":17.7198},{"bases":[[[0.899036,-0.407604,0.159979],[0.201433,0.709387,0.675422],[-0.388792,-0.575004,0.719869]],[[0.883977,-0.428677,0.186603],[0.442446,0.638053,-0.630182],[0.151082,0.639628,0.753691]],[[0.883977,-0.428677,0.186603],[-0.108922,-0.57697,-0.80947],[0.454665,0.695228,-0.55672]],[[0.883977,-0.428677,0.186603],[-0.353752,-0.874229,-0.332542],[0.305686,0.227948,-0.924443]]],"btipPosition":[61.113,236.151,1.93035],"carpPosition":[58.1328,242.819,42.6772],"dipPosition":[66.2779,240.003,-13.6892],"direction":[-0.454665,-0.695228,0.55672],"extended":false,"handId":473,"id":4734,"length":49.5125,"mcpPosition":[80.2315,275.502,1.76045],"pipPosition":[74.9949,253.332,-24.3628],"stabilizedTipPosition":[63.6692,234.844,-2.31031],"timeVisible":10.4575,"tipPosition":[62.1244,236.943,-1.84463],"tipVelocity":[-42.2724,58.4759,12.1533],"tool":false,"touchDistance":0.333333,"touchZone":"none","type":4,"width":15.7401}],"r":[[0.71641,0.492379,0.494287],[-0.378488,0.869444,-0.317513],[-0.586091,0.040388,0.809238]],"s":1.13351,"t":[70.7168,-37.2945,-21.8119],"timestamp":93522708828},false],[2,{"currentFrameRate":55.3921,"devices":[],"gestures":[],"hands":[{"armBasis":[[0.995722,0.0907262,0.0175289],[-0.0917683,0.948701,0.302564],[0.0108208,-0.302879,0.952968]],"armWidth":62.4607,"confidence":0.69114,"direction":[0.12034,0.669602,-0.732907],"elbow":[45.0919,155.83,297.361],"grabStrength":0,"id":473,"palmNormal":[0.15315,-0.741956,-0.652722],"palmPosition":[41.9175,268.041,2.1522],"palmVelocity":[-25.8037,53.0276,17.6375],"palmWidth":89.1918,"pinchStrength":0.145649,"r":[[0.719007,0.489966,0.492913],[-0.378062,0.870845,-0.314164],[-0.58318,0.0395346,0.81138]],"s":1.13306,"sphereCenter":[17.4706,257.456,-39.3671],"sphereRadius":52.6365,"stabilizedPalmPosition":[42.2088,267.458,1.95859],"t":[70.2524,-36.3475,-21.51],"timeVisible":10.4756,"type":"right","wrist":[42.228,235.991,45.1445]}],"id":1687074,"interactionBox":{"center":[0,200,0],"size":[235.247,235.247,147.751]},"pointables":[{"bases":[[[0.281191,0.807846,0.517993],[-0.904836,0.0433726,0.423545],[0.319692,-0.587796,0.743164]],[[0.276935,0.815554,0.508112],[-0.866394,-0.0167413,0.49908],[0.415533,-0.578439,0.701955]],[[0.276935,0.815554,0.508112],[-0.923188,0.372495,-0.0947157],[-0.266515,-0.442853,0.856067]],[[0.276935,0.815554,0.508112],[-0.82003,0.476223,-0.31743],[-0.500856,-0.32876,0.800662]]],"btipPosition":[16.1013,275.595,-45.9948],"carpPosition":[16.0362,224.948,35.332],"dipPosition":[4.61115,268.053,-27.6267],"direction":[0.266515,0.442853,-0.856067],"extended":false,"handId":473,"id":4730,"length":51.0864,"mcpPosition":[16.0362,224.948,35.332],"pipPosition":[-4.29626,253.252,0.984556],"stabilizedTipPosition":[13.8936,273.344,-42.0356],"timeVisible":10.4756,"tipPosition":[13.127,274.156,-41.4961],"tipVelocity":[-42.8465,56.0065,30.0418],"tool":false,"touchDistance":-0.162689,"touchZone":"touching","type":0,"width":19.8498},{"bases":[[[0.987129,0.145645,0.0660569],[-0.158288,0.830827,0.533547],[0.0228268,-0.537135,0.843187]],[[0.978003,0.206266,-0.0310477],[-0.139152,0.756052,0.639548],[0.155391,-0.62116,0.768124]],[[0.978003,0.206266,-0.0310477],[-0.167505,0.865325,0.472393],[0.124305,-0.456801,0.880841]],[[0.978003,0.206266,-0.0310477],[-0.186001,0.929747,0.317764],[0.0944104,-0.304999,0.947661]]],"btipPosition":[9.40109,327.285,-88.2243],"carpPosition":[22.1176,246.459,41.6718],"dipPosition":[10.9823,322.177,-72.3529],"direction":[-0.124305,0.456801,-0.880841],"extended":true,"handId":473,"id":4731,"length":57.6453,"mcpPosition":[20.4714,285.195,-19.1351],"pipPosition":[13.9274,311.354,-51.4834],"stabilizedTipPosition":[11.2254,324.264,-85.5736],"timeVisible":10.4756,"tipPosition":[9.84191,326.669,-84.2213],"tipVelocity":[-45.4883,50.6732,24.2203],"tool":false,"touchDistance":0.424932,"touchZone":"hovering","type":1,"width":18.9605},{"bases":[[[0.993561,-0.0720466,0.0874361],[0.0114165,0.831494,0.555416],[-0.112719,-0.550841,0.826963]],[[0.992711,-0.0760717,0.0934794],[0.120261,0.676178,-0.726857],[-0.00791546,0.732801,0.680397]],[[0.992711,-0.0760717,0.0934794],[0.0199407,-0.661266,-0.749886],[0.11886,0.746284,-0.654929]],[[0.992711,-0.0760717,0.0934794],[-0.0546786,-0.975485,-0.213167],[0.107404,0.206502,-0.972534]]],"btipPosition":[36.4178,228.337,-9.66821],"carpPosition":[33.6267,249.895,42.864],"dipPosition":[38.3963,232.141,-27.5829],"direction":[-0.11886,-0.746284,0.654929],"extended":false,"handId":473,"id":4732,"length":65.6822,"mcpPosition":[41.3354,287.566,-13.6913],"pipPosition":[41.7094,252.943,-45.8386],"stabilizedTipPosition":[38.1971,227.456,-14.7345],"timeVisible":10.4756,"tipPosition":[36.9421,229.128,-14.049],"tipVelocity":[-41.7931,55.6456,30.6632],"tool":false,"touchDistance":0.333333,"touchZone":"none","type":2,"width":18.6218},{"bases":[[[0.962438,-0.214797,0.166058],[0.0787737,0.806239,0.586322],[-0.259823,-0.551218,0.792875]],[[0.964504,-0.210342,0.159653],[0.259691,0.645884,-0.71791],[0.047889,0.733887,0.677581]],[[0.964504,-0.210342,0.159653],[-0.0238615,-0.671535,-0.740589],[0.262989,0.710491,-0.652717]],[[0.964504,-0.210342,0.159653],[-0.173316,-0.960379,-0.21825],[0.199235,0.182833,-0.962745]]],"btipPosition":[48.6994,229.271,0.733634],"carpPosition":[45.6335,250.208,43.7369],"dipPosition":[52.3484,232.619,-16.8988],"direction":[-0.262989,-0.710491,0.652717],"extended":false,"handId":473,"id":4733,"length":63.1552,"mcpPosition":[61.5871,284.054,-4.94725],"pipPosition":[59.4897,251.912,-34.623],"stabilizedTipPosition":[50.7834,228.092,-3.96388],"timeVisible":10.4756,"tipPosition":[49.5842,229.913,-3.46713],"tipVelocity":[-35.3226,51.669,15.615],"tool":false,"touchDistance":0.333333,"touchZone":"none","type":3,"width":17.7198},{"bases":[[[0.899564,-0.407393,0.157533],[0.204243,0.711128,0.672742],[-0.386096,-0.572999,0.722912]],[[0.884874,-0.428032,0.183809],[0.439491,0.636303,-0.634008],[0.154417,0.6418,0.751164]],[[0.884874,-0.428032,0.183809],[-0.112817,-0.579753,-0.806944],[0.451962,0.693308,-0.561297]],[[0.884874,-0.428032,0.183809],[-0.355377,-0.875397,-0.3277],[0.301172,0.224651,-0.926729]]],"btipPosition":[60.7447,236.865,2.16422],"carpPosition":[57.9052,243.629,42.8701],"dipPosition":[65.8333,240.661,-13.4939],"direction":[-0.451962,-0.693308,0.561297],"extended":false,"handId":473,"id":4734,"length":49.5125,"mcpPosition":[79.8506,276.198,1.78038],"pipPosition":[74.4985,253.953,-24.2553],"stabilizedTipPosition":[63.1041,235.776,-2.029],"timeVisible":10.4756,"tipPosition":[61.7362,237.643,-1.62658],"tipVelocity":[-32.3649,49.1621,12.3051],"tool":false,"touchDistance":0.333333,"touchZone":"none","type":4,"width":15.7401}],"r":[[0.719007,0.489966,0.492913],[-0.378062,0.870845,-0.314164],[-0.58318,0.0395346,0.81138]],"s":1.13306,"t":[70.2524,-36.3475,-21.51],"timestamp":93522726866},false],[3,{"currentFrameRate":55.3548,"devices":[],"gestures":[],"hands":[{"armBasis":[[0.995729,0.0911403,0.0147312],[-0.0912294,0.946837,0.308509],[0.0141695,-0.308535,0.951107]],"armWidth":62.4607,"confidence":0.699001,"direction":[0.118169,0.668932,-0.733871],"elbow":[45.7845,154.635,297.174],"grabStrength":0,"id":473,"palmNormal":[0.150349,-0.742581,-0.652662],"palmPosition":[41.5918,268.309,2.43386],"palmVelocity":[-22.0307,34.7463,16.6077],"palmWidth":89.1918,"pinchStrength":0.143434,"r":[[0.72149,0.48802,0.491211],[-0.377819,0.871958,-0.311355],[-0.580263,0.0390506,0.813492]],"s":1.13283,"sphereCenter":[17.0509,257.68,-39.0023],"sphereRadius":52.6202,"stabilizedPalmPosition":[41.7713,268.062,2.29562],"t":[69.8574,-35.74,-21.2182],"timeVisible":10.4938,"type":"right","wrist":[42.0343,236.293,45.4506]}],"id":1687075,"interactionBox":{"center":[0,200,0],"size":[235.247,235.247,147.751]},"pointables":[{"bases":[[[0.283554,0.80808,0.516338],[-0.903297,0.0443035,0.426722],[0.321949,-0.587405,0.742498]],[[0.279324,0.815683,0.506595],[-0.863933,-0.0167545,0.503328],[0.419044,-0.578256,0.700016]],[[0.279324,0.815683,0.506595],[-0.923757,0.372247,-0.090029],[-0.262014,-0.442824,0.857471]],[[0.279324,0.815683,0.506595],[-0.821556,0.476116,-0.313622],[-0.497015,-0.328594,0.80312]]],"btipPosition":[15.4554,275.893,-45.595],"carpPosition":[15.8006,225.26,35.7402],"dipPosition":[4.05333,268.355,-27.1705],"direction":[0.262014,0.442824,-0.857471],"extended":false,"handId":473,"id":4730,"length":51.0864,"mcpPosition":[15.8006,225.26,35.7402],"pipPosition":[-4.70364,253.555,1.48767],"stabilizedTipPosition":[13.149,273.916,-41.5595],"timeVisible":10.4938,"tipPosition":[12.5779,274.419,-41.1115],"tipVelocity":[-38.8089,37.1106,26.5309],"tool":false,"touchDistance":-0.155809,"touchZone":"touching","type":0,"width":19.8498},{"bases":[[[0.987452,0.145055,0.0624319],[-0.155852,0.831359,0.533434],[0.0254741,-0.53647,0.843535]],[[0.978072,0.20541,-0.0343712],[-0.136592,0.75726,0.63867],[0.157217,-0.619971,0.768712]],[[0.978072,0.20541,-0.0343712],[-0.165416,0.866459,0.471049],[0.126539,-0.455034,0.881437]],[[0.978072,0.20541,-0.0343712],[-0.184345,0.930657,0.316061],[0.0969098,-0.302794,0.948116]]],"btipPosition":[8.83934,327.421,-87.9267],"carpPosition":[21.9185,246.772,42.041],"dipPosition":[10.4624,322.35,-72.0477],"direction":[-0.126539,0.455034,-0.881437],"extended":true,"handId":473,"id":4731,"length":57.6453,"mcpPosition":[20.0814,285.46,-18.791],"pipPosition":[13.4604,311.569,-51.1641],"stabilizedTipPosition":[10.4756,325.006,-85.0896],"timeVisible":10.4938,"tipPosition":[9.27077,326.815,-83.92],"tipVelocity":[-38.2598,30.2737,20.5119],"tool":false,"touchDistance":0.420262,"touchZone":"hovering","type":1,"width":18.9605},{"bases":[[[0.993819,-0.0726235,0.0839641],[0.0139292,0.831934,0.554699],[-0.110137,-0.550101,0.827804]],[[0.992954,-0.076797,0.0902452],[0.118396,0.674627,-0.728602],[-0.00492742,0.734153,0.678966]],[[0.992954,-0.076797,0.0902452],[0.016636,-0.663685,-0.747827],[0.117325,0.744059,-0.657732]],[[0.992954,-0.076797,0.0902452],[-0.056431,-0.976123,-0.20976],[0.104199,0.20319,-0.973579]]],"btipPosition":[36.0091,228.652,-9.23516],"carpPosition":[33.434,250.201,43.1895],"dipPosition":[37.9286,232.395,-27.1691],"direction":[-0.117325,-0.744059,0.657732],"extended":false,"handId":473,"id":4732,"length":65.6822,"mcpPosition":[40.9661,287.822,-13.4233],"pipPosition":[41.1989,253.135,-45.503],"stabilizedTipPosition":[37.6788,228.067,-14.3266],"timeVisible":10.4938,"tipPosition":[36.5213,229.417,-13.6462],"tipVelocity":[-32.9209,36.9725,27.2715],"tool":false,"touchDistance":0.333333,"touchZone":"none","type":2,"width":18.6218},{"bases":[[[0.962882,-0.215291,0.162811],[0.0813795,0.80666,0.585387],[-0.257361,-0.550409,0.794239]],[[0.964951,-0.21079,0.156322],[0.257555,0.646408,-0.718207],[0.0503432,0.733296,0.678043]],[[0.964951,-0.21079,0.156322],[-0.0261969,-0.670069,-0.741836],[0.261119,0.71174,-0.652106]],[[0.964951,-0.21079,0.156322],[-0.174145,-0.959952,-0.219465],[0.196323,0.184551,-0.963015]]],"btipPosition":[48.3554,229.481,0.900683],"carpPosition":[45.4439,250.507,44.0195],"dipPosition":[51.951,232.861,-16.7367],"direction":[-0.261119,-0.71174,0.652106],"extended":false,"handId":473,"id":4733,"length":63.1552,"mcpPosition":[61.2464,284.304,-4.74837],"pipPosition":[59.0416,252.188,-34.4443],"stabilizedTipPosition":[50.2792,228.774,-3.70939],"timeVisible":10.4938,"tipPosition":[49.2201,230.153,-3.24863],"tipVelocity":[-27.808,32.7022,12.5138],"tool":false,"touchDistance":0.333333,"touchZone":"none","type":3,"width":17.7198},{"bases":[[[0.899853,-0.407852,0.154665],[0.207093,0.711537,0.671437],[-0.383897,-0.572165,0.724742]],[[0.88556,-0.428038,0.180465],[0.436917,0.635568,-0.636519],[0.157756,0.642524,0.749851]],[[0.88556,-0.428038,0.180465],[-0.116772,-0.581144,-0.805379],[0.449609,0.692138,-0.564621]],[[0.88556,-0.428038,0.180465],[-0.357277,-0.875892,-0.324294],[0.296878,0.222706,-0.928582]]],"btipPosition":[60.4247,237.138,2.44508],"carpPosition":[57.7083,243.92,43.1144],"dipPosition":[65.4408,240.901,-13.2444],"direction":[-0.449609,-0.692138,0.564621],"extended":false,"handId":473,"id":4734,"length":49.5125,"mcpPosition":[79.5287,276.441,1.92068],"pipPosition":[74.0608,254.171,-24.0694],"stabilizedTipPosition":[62.6354,236.46,-1.76316],"timeVisible":10.4938,"tipPosition":[61.3961,237.906,-1.36171],"tipVelocity":[-25.7486,32.6638,13.6112],"tool":false,"touchDistance":0.333333,"touchZone":"none","type":4,"width":15.7401}],"r":[[0.72149,0.48802,0.491211],[-0.377819,0.871958,-0.311355],[-0.580263,0.0390506,0.813492]],"s":1.13283,"t":[69.8574,-35.74,-21.2182],"timestamp":93522745060},false],[4,{"currentFrameRate":55.389,"devices":[],"gestures":[],"hands":[{"armBasis":[[0.995587,0.0926224,0.015111],[-0.0926659,0.944764,0.314379],[0.0148422,-0.314392,0.949177]],"armWidth":62.4607,"confidence":0.716379,"direction":[0.115444,0.668243,-0.734931],"elbow":[45.7347,153.61,296.945],"grabStrength":0,"id":473,"palmNormal":[0.14945,-0.743141,-0.652232],"palmPosition":[41.2125,268.785,2.68063],"palmVelocity":[-21.6135,30.8745,15.2614],"palmWidth":89.1918,"pinchStrength":0.139947,"r":[[0.723621,0.486738,0.489346],[-0.377981,0.87269,-0.3091],[-0.577498,0.0387077,0.815474]],"s":1.13281,"sphereCenter":[16.6755,258.03,-38.7058],"sphereRadius":52.5905,"stabilizedPalmPosition":[41.3843,268.563,2.56228],"t":[69.4703,-35.1981,-20.9489],"timeVisible":10.5117,"type":"right","wrist":[41.8065,236.818,45.7318]}],"id":1687076,"interactionBox":{"center":[0,200,0],"size":[235.247,235.247,147.751]},"pointables":[{"bases":[[[0.284012,0.80898,0.514674],[-0.902203,0.043755,0.429087],[0.324603,-0.586206,0.742291]],[[0.279883,0.816331,0.505242],[-0.861602,-0.0185396,0.507246],[0.423448,-0.577287,0.698163]],[[0.279883,0.816331,0.505242],[-0.925153,0.369914,-0.0851826],[-0.256433,-0.443585,0.858763]],[[0.279883,0.816331,0.505242],[-0.824726,0.473834,-0.308721],[-0.491419,-0.33028,0.805867]]],"btipPosition":[14.684,276.394,-45.2468],"carpPosition":[15.5596,225.744,36.1039],"dipPosition":[3.41027,268.817,-26.7593],"direction":[0.256433,0.443585,-0.858763],"extended":false,"handId":473,"id":4730,"length":51.0864,"mcpPosition":[15.5596,225.744,36.1039],"pipPosition":[-5.16018,253.992,1.94206],"stabilizedTipPosition":[12.3808,274.45,-41.1494],"timeVisible":10.5117,"tipPosition":[11.9446,274.853,-40.7827],"tipVelocity":[-40.0164,32.5399,23.5485],"tool":false,"touchDistance":-0.149765,"touchZone":"touching","type":0,"width":19.8498},{"bases":[[[0.987449,0.146248,0.059628],[-0.155373,0.831779,0.532919],[0.0283409,-0.535495,0.844063]],[[0.977822,0.20619,-0.0367373],[-0.136104,0.758911,0.636813],[0.159185,-0.61769,0.770143]],[[0.977822,0.20619,-0.0367373],[-0.16541,0.867886,0.468416],[0.128467,-0.451951,0.882744]],[[0.977822,0.20619,-0.0367373],[-0.184703,0.931666,0.312862],[0.0987361,-0.299138,0.949088]]],"btipPosition":[8.22469,327.619,-87.7489],"carpPosition":[21.6697,247.27,42.3643],"dipPosition":[9.87832,322.609,-71.8536],"direction":[-0.128467,0.451951,-0.882744],"extended":true,"handId":473,"id":4731,"length":57.6453,"mcpPosition":[19.6259,285.888,-18.5058],"pipPosition":[12.922,311.901,-50.939],"stabilizedTipPosition":[9.79254,325.539,-84.7257],"timeVisible":10.5117,"tipPosition":[8.63366,327.043,-83.726],"tipVelocity":[-36.1885,21.5457,15.6012],"tool":false,"touchDistance":0.414292,"touchZone":"hovering","type":1,"width":18.9605},{"bases":[[[0.994122,-0.0713996,0.0813864],[0.0144641,0.832571,0.55373],[-0.107296,-0.549298,0.82871]],[[0.993245,-0.0757298,0.0879202],[0.115971,0.673616,-0.729926],[-0.00394725,0.735192,0.677848]],[[0.993245,-0.0757298,0.0879202],[0.0152944,-0.665632,-0.746123],[0.115026,0.742428,-0.659977]],[[0.993245,-0.0757298,0.0879202],[-0.0561738,-0.976781,-0.206745],[0.101536,0.20041,-0.974437]]],"btipPosition":[35.632,229.157,-8.87723],"carpPosition":[33.1843,250.714,43.4782],"dipPosition":[37.5024,232.849,-26.8269],"direction":[-0.115026,-0.742428,0.659977],"extended":false,"handId":473,"id":4732,"length":65.6822,"mcpPosition":[40.5222,288.28,-13.1966],"pipPosition":[40.7087,253.544,-45.2234],"stabilizedTipPosition":[37.2634,228.565,-13.9871],"timeVisible":10.5117,"tipPosition":[36.1339,229.898,-13.3011],"tipVelocity":[-27.5965,32.5054,23.7186],"tool":false,"touchDistance":0.333333,"touchZone":"none","type":2,"width":18.6218},{"bases":[[[0.963559,-0.214013,0.160475],[0.0820249,0.807407,0.584265],[-0.254609,-0.549811,0.795539]],[[0.965628,-0.209468,0.153904],[0.254901,0.647204,-0.718438],[0.0508827,0.732974,0.678351]],[[0.965628,-0.209468,0.153904],[-0.0267518,-0.669043,-0.742742],[0.258549,0.713095,-0.65165]],[[0.965628,-0.209468,0.153904],[-0.173148,-0.959969,-0.220178],[0.193863,0.185961,-0.963242]]],"btipPosition":[48.0298,229.923,1.05528],"carpPosition":[45.1961,251.035,44.2757],"dipPosition":[51.5804,233.329,-16.5863],"direction":[-0.258549,-0.713095,0.65165],"extended":false,"handId":473,"id":4733,"length":63.1552,"mcpPosition":[60.8296,284.794,-4.57202],"pipPosition":[58.6011,252.692,-34.2815],"stabilizedTipPosition":[49.8569,229.344,-3.501],"timeVisible":10.5117,"tipPosition":[48.8766,230.619,-3.04632],"tipVelocity":[-23.5195,29.0513,10.6483],"tool":false,"touchDistance":0.333333,"touchZone":"none","type":3,"width":17.7198},{"bases":[[[0.900728,-0.406655,0.152713],[0.208076,0.712524,0.670085],[-0.381305,-0.571788,0.726405]],[[0.88673,-0.426554,0.178219],[0.43405,0.635536,-0.63851],[0.159094,0.643542,0.748694]],[[0.88673,-0.426554,0.178219],[-0.118519,-0.582393,-0.804221],[0.446837,0.692005,-0.56698]],[[0.88673,-0.426554,0.178219],[-0.357115,-0.876856,-0.321858],[0.293562,0.221756,-0.929863]]],"btipPosition":[60.0974,237.64,2.68824],"carpPosition":[57.4655,244.46,43.3452],"dipPosition":[65.0574,241.387,-13.0229],"direction":[-0.446837,-0.692005,0.56698],"extended":false,"handId":473,"id":4734,"length":49.5125,"mcpPosition":[79.1386,276.96,2.05689],"pipPosition":[73.6243,254.654,-23.8932],"stabilizedTipPosition":[62.241,237.037,-1.52663],"timeVisible":10.5117,"tipPosition":[61.0535,238.405,-1.12343],"tipVelocity":[-22.5441,30.3606,13.4546],"tool":false,"touchDistance":0.333333,"touchZone":"none","type":4,"width":15.7401}],"r":[[0.723621,0.486738,0.489346],[-0.377981,0.87269,-0.3091],[-0.577498,0.0387077,0.815474]],"s":1.13281,"t":[69.4703,-35.1981,-20.9489],"timestamp":93522762996},false],[5,{"currentFrameRate":55.3739,"devices":[],"gestures":[],"hands":[{"armBasis":[[0.995682,0.0917313,0.0142358],[-0.0915338,0.944641,0.315079],[0.0154548,-0.315021,0.948959]],"armWidth":62.4607,"confidence":0.729888,"direction":[0.113761,0.668057,-0.735363],"elbow":[45.6251,153.847,297.151],"grabStrength":0,"id":473,"palmNormal":[0.147389,-0.743326,-0.65249],"palmPosition":[40.8391,269.181,2.94072],"palmVelocity":[-21.1399,26.5894,14.8327],"palmWidth":89.1918,"pinchStrength":0.134055,"r":[[0.725622,0.48567,0.48744],[-0.378196,0.873294,-0.307125],[-0.57484,0.0385088,0.817359]],"s":1.133,"sphereCenter":[16.3053,258.344,-38.4273],"sphereRadius":52.5695,"stabilizedPalmPosition":[41.0196,268.977,2.81544],"t":[69.09,-34.7292,-20.6843],"timeVisible":10.5298,"type":"right","wrist":[41.5347,237.222,45.9962]}],"id":1687077,"interactionBox":{"center":[0,200,0],"size":[235.247,235.247,147.751]},"pointables":[{"bases":[[[0.285731,0.808955,0.513761],[-0.901033,0.0442175,0.431491],[0.326339,-0.586205,0.741529]],[[0.282343,0.81497,0.50607],[-0.858816,-0.0203282,0.511881],[0.427455,-0.579147,0.694169]],[[0.282343,0.81497,0.50607],[-0.925759,0.369772,-0.0789829],[-0.251499,-0.446199,0.858868]],[[0.282343,0.81497,0.50607],[-0.827318,0.473903,-0.301596],[-0.48562,-0.333527,0.808043]]],"btipPosition":[13.8878,277.06,-44.7681],"carpPosition":[15.2574,226.158,36.4406],"dipPosition":[2.74715,269.409,-26.2307],"direction":[0.251499,0.446199,-0.858868],"extended":false,"handId":473,"id":4730,"length":51.0864,"mcpPosition":[15.2574,226.158,36.4406],"pipPosition":[-5.65839,254.496,2.47415],"stabilizedTipPosition":[11.5905,275.087,-40.6665],"timeVisible":10.5298,"tipPosition":[11.297,275.391,-40.3648],"tipVelocity":[-41.0891,34.1055,25.2213],"tool":false,"touchDistance":-0.141596,"touchZone":"touching","type":0,"width":19.8498},{"bases":[[[0.987667,0.14584,0.0569583],[-0.153594,0.831944,0.533177],[0.0303723,-0.53535,0.844084]],[[0.97793,0.205323,-0.0386619],[-0.134611,0.760701,0.634991],[0.159789,-0.615773,0.771552]],[[0.97793,0.205323,-0.0386619],[-0.164221,0.86978,0.46531],[0.129167,-0.448692,0.884303]],[[0.97793,0.205323,-0.0386619],[-0.183733,0.933232,0.308741],[0.0994723,-0.294824,0.95036]]],"btipPosition":[7.74757,327.79,-87.5518],"carpPosition":[21.3934,247.682,42.6806],"dipPosition":[9.41353,322.852,-71.6352],"direction":[-0.129167,0.448692,-0.884303],"extended":true,"handId":473,"id":4731,"length":57.6453,"mcpPosition":[19.2031,286.289,-18.1911],"pipPosition":[12.4738,312.221,-50.6837],"stabilizedTipPosition":[9.20079,325.936,-84.4285],"timeVisible":10.5298,"tipPosition":[8.11843,327.264,-83.4991],"tipVelocity":[-31.4295,16.2248,13.4857],"tool":false,"touchDistance":0.409227,"touchZone":"hovering","type":1,"width":18.9605},{"bases":[[[0.994306,-0.071806,0.0787397],[0.0162984,0.832668,0.553533],[-0.105311,-0.549098,0.829097]],[[0.99343,-0.0762051,0.0853828],[0.11443,0.673128,-0.730619],[-0.00179665,0.735589,0.677425]],[[0.99343,-0.0762051,0.0853828],[0.0129613,-0.666349,-0.745528],[0.113708,0.741736,-0.660983]],[[0.99343,-0.0762051,0.0853828],[-0.0572647,-0.976947,-0.20566],[0.0990867,0.199419,-0.974892]]],"btipPosition":[35.2047,229.569,-8.56252],"carpPosition":[32.9124,251.121,43.763],"dipPosition":[37.0299,233.243,-26.5206],"direction":[-0.113708,-0.741736,0.660983],"extended":false,"handId":473,"id":4732,"length":65.6822,"mcpPosition":[40.1145,288.673,-12.9383],"pipPosition":[40.1994,253.918,-44.9451],"stabilizedTipPosition":[36.8873,228.989,-13.6902],"timeVisible":10.5298,"tipPosition":[35.6957,230.304,-12.9929],"tipVelocity":[-25.9665,27.7562,20.65],"tool":false,"touchDistance":0.333333,"touchZone":"none","type":2,"width":18.6218},{"bases":[[[0.963894,-0.214392,0.157937],[0.08393,0.807481,0.583892],[-0.252713,-0.549554,0.79632]],[[0.965973,-0.209791,0.151276],[0.253209,0.647786,-0.718511],[0.0527433,0.732367,0.678865]],[[0.965973,-0.209791,0.151276],[-0.0287877,-0.668453,-0.743197],[0.257037,0.713553,-0.651747]],[[0.965973,-0.209791,0.151276],[-0.174001,-0.959846,-0.220043],[0.191364,0.186233,-0.963689]]],"btipPosition":[47.649,230.318,1.24823],"carpPosition":[44.9264,251.437,44.5283],"dipPosition":[51.1538,233.729,-16.4015],"direction":[-0.257037,-0.713553,0.651747],"extended":false,"handId":473,"id":4733,"length":63.1552,"mcpPosition":[60.4435,285.181,-4.3674],"pipPosition":[58.1335,253.105,-34.0994],"stabilizedTipPosition":[49.4692,229.83,-3.3102],"timeVisible":10.5298,"tipPosition":[48.4788,231.017,-2.83201],"tipVelocity":[-22.6087,25.6507,10.6014],"tool":false,"touchDistance":0.333333,"touchZone":"none","type":3,"width":17.7198},{"bases":[[[0.900961,-0.407008,0.150379],[0.210171,0.71256,0.669393],[-0.379603,-0.571491,0.72753]],[[0.887178,-0.426686,0.175653],[0.432259,0.635328,-0.63993],[0.161452,0.64366,0.748088]],[[0.887178,-0.426686,0.175653],[-0.121059,-0.582573,-0.803712],[0.445263,0.691772,-0.5685]],[[0.887178,-0.426686,0.175653],[-0.358255,-0.876863,-0.320569],[0.290806,0.221473,-0.930796]]],"btipPosition":[59.7206,238.025,2.91125],"carpPosition":[57.1905,244.857,43.5662],"dipPosition":[64.6341,241.767,-12.8156],"direction":[-0.445263,-0.691772,0.5685],"extended":false,"handId":473,"id":4734,"length":49.5125,"mcpPosition":[78.7668,277.34,2.21397],"pipPosition":[73.1708,255.03,-23.715],"stabilizedTipPosition":[61.8777,237.52,-1.31218],"timeVisible":10.5298,"tipPosition":[60.665,238.792,-0.903357],"tipVelocity":[-21.9967,26.0005,12.8164],"tool":false,"touchDistance":0.333333,"touchZone":"none","type":4,"width":15.7401}],"r":[[0.725622,0.48567,0.48744],[-0.378196,0.873294,-0.307125],[-0.57484,0.0385088,0.817359]],"s":1.133,"t":[69.09,-34.7292,-20.6843],"timestamp":93522781107},false],[6,{"currentFrameRate":55.3769,"devices":[],"gestures":[],"hands":[{"armBasis":[[0.995647,0.092418,0.0121157],[-0.0915287,0.944837,0.314493],[0.0176174,-0.314233,0.949183]],"armWidth":62.4607,"confidence":0.734676,"direction":[0.113663,0.669217,-0.734322],"elbow":[45.7425,154.393,297.571],"grabStrength":0,"id":473,"palmNormal":[0.147724,-0.74228,-0.653603],"palmPosition":[40.3807,269.584,3.34966],"palmVelocity":[-23.1613,24.5474,18.5475],"palmWidth":89.1918,"pinchStrength":0.12777,"r":[[0.727172,0.484711,0.486081],[-0.378408,0.873846,-0.305289],[-0.572737,0.0380608,0.818855]],"s":1.13346,"sphereCenter":[15.8984,258.765,-38.0644],"sphereRadius":52.5785,"stabilizedPalmPosition":[40.629,269.348,3.14199],"t":[68.6706,-34.2936,-20.3475],"timeVisible":10.5479,"type":"right","wrist":[41.0798,237.559,46.3563]}],"id":1687078,"interactionBox":{"center":[0,200,0],"size":[235.247,235.247,147.751]},"pointables":[{"bases":[[[0.285397,0.808258,0.515041],[-0.901113,0.0432735,0.431419],[0.32641,-0.587236,0.740682]],[[0.282692,0.81308,0.508908],[-0.857814,-0.0231185,0.513441],[0.429233,-0.581693,0.690935]],[[0.282692,0.81308,0.508908],[-0.926386,0.369031,-0.0750032],[-0.248786,-0.450242,0.857547]],[[0.282692,0.81308,0.508908],[-0.829496,0.473645,-0.295966],[-0.481686,-0.33847,0.808342]]],"btipPosition":[13.1699,277.776,-44.2334],"carpPosition":[14.8075,226.501,36.7797],"dipPosition":[2.11948,270.011,-25.6892],"direction":[0.248786,0.450242,-0.857547],"extended":false,"handId":473,"id":4730,"length":51.0864,"mcpPosition":[14.8075,226.501,36.7797],"pipPosition":[-6.19539,254.963,2.97154],"stabilizedTipPosition":[10.9057,275.73,-40.1696],"timeVisible":10.5479,"tipPosition":[10.6934,275.988,-39.8829],"tipVelocity":[-39.9209,36.0648,27.3532],"tool":false,"touchDistance":-0.132658,"touchZone":"touching","type":0,"width":19.8498},{"bases":[[[0.987612,0.146064,0.0573338],[-0.153938,0.831079,0.534425],[0.0304113,-0.536631,0.843269]],[[0.977944,0.205425,-0.0377636],[-0.135198,0.760396,0.635232],[0.159208,-0.616116,0.771397]],[[0.977944,0.205425,-0.0377636],[-0.16474,0.869766,0.465153],[0.1284,-0.448672,0.884425]],[[0.977944,0.205425,-0.0377636],[-0.184148,0.933314,0.308244],[0.0985664,-0.294491,0.950558]]],"btipPosition":[7.34484,328.226,-87.1197],"carpPosition":[20.9357,248.017,43.0536],"dipPosition":[8.99562,323.294,-71.1998],"direction":[-0.1284,0.448672,-0.884425],"extended":true,"handId":473,"id":4731,"length":57.6453,"mcpPosition":[18.7425,286.717,-17.7593],"pipPosition":[12.0378,312.664,-50.2454],"stabilizedTipPosition":[8.73388,326.302,-84.1216],"timeVisible":10.5479,"tipPosition":[7.69087,327.702,-83.063],"tipVelocity":[-27.1948,20.028,18.4687],"tool":false,"touchDistance":0.40813,"touchZone":"hovering","type":1,"width":18.9605},{"bases":[[[0.994316,-0.0716131,0.0787832],[0.0159506,0.831825,0.554809],[-0.105265,-0.550399,0.82824]],[[0.99343,-0.0760734,0.0854961],[0.114423,0.673432,-0.730341],[-0.00201623,0.735325,0.677712]],[[0.99343,-0.0760734,0.0854961],[0.0131757,-0.666078,-0.745765],[0.11368,0.741992,-0.6607]],[[0.99343,-0.0760734,0.0854961],[-0.0570341,-0.976798,-0.20643],[0.0992162,0.200198,-0.974719]]],"btipPosition":[34.7513,229.987,-8.14846],"carpPosition":[32.4534,251.458,44.143],"dipPosition":[36.5789,233.674,-26.1034],"direction":[-0.11368,-0.741992,0.6607],"extended":false,"handId":473,"id":4732,"length":65.6822,"mcpPosition":[39.6524,289.099,-12.4996],"pipPosition":[39.7477,254.357,-44.52],"stabilizedTipPosition":[36.5473,229.355,-13.4103],"timeVisible":10.5479,"tipPosition":[35.2439,230.731,-12.5928],"tipVelocity":[-25.5495,25.6426,21.7575],"tool":false,"touchDistance":0.333333,"touchZone":"none","type":2,"width":18.6218},{"bases":[[[0.963937,-0.21433,0.157757],[0.0835855,0.806614,0.585139],[-0.252662,-0.550851,0.79544]],[[0.966024,-0.209698,0.151075],[0.253091,0.649111,-0.717356],[0.0523638,0.731219,0.68013]],[[0.966024,-0.209698,0.151075],[-0.0284687,-0.667319,-0.744228],[0.256879,0.714641,-0.650616]],[[0.966024,-0.209698,0.151075],[-0.173679,-0.959594,-0.221393],[0.191397,0.187633,-0.963411]]],"btipPosition":[47.207,230.733,1.59347],"carpPosition":[44.4672,251.777,44.9107],"dipPosition":[50.7124,234.169,-16.0512],"direction":[-0.256879,-0.714641,0.650616],"extended":false,"handId":473,"id":4733,"length":63.1552,"mcpPosition":[59.9812,285.6,-3.93095],"pipPosition":[57.6878,253.575,-33.7183],"stabilizedTipPosition":[49.1128,230.245,-3.10323],"timeVisible":10.5479,"tipPosition":[48.0352,231.436,-2.48325],"tipVelocity":[-23.4979,24.5362,14.6799],"tool":false,"touchDistance":0.333333,"touchZone":"none","type":3,"width":17.7198},{"bases":[[[0.901066,-0.406954,0.149895],[0.209843,0.711602,0.670514],[-0.379534,-0.572723,0.726596]],[[0.887487,-0.4264,0.174783],[0.431628,0.636268,-0.639422],[0.161441,0.64292,0.748726]],[[0.887487,-0.4264,0.174783],[-0.12119,-0.581881,-0.804194],[0.444611,0.69253,-0.568087]],[[0.887487,-0.4264,0.174783],[-0.357938,-0.876711,-0.32134],[0.290253,0.222624,-0.930694]]],"btipPosition":[59.282,238.432,3.30678],"carpPosition":[56.7335,245.202,43.9404],"dipPosition":[64.1861,242.194,-12.4184],"direction":[-0.444611,-0.69253,0.568088],"extended":false,"handId":473,"id":4734,"length":49.5125,"mcpPosition":[78.3059,277.755,2.64124],"pipPosition":[72.7103,255.471,-23.3099],"stabilizedTipPosition":[61.5453,237.923,-1.08525],"timeVisible":10.5479,"tipPosition":[60.2261,239.207,-0.514558],"tipVelocity":[-23.1483,24.4798,17.1458],"tool":false,"touchDistance":0.333333,"touchZone":"none","type":4,"width":15.7401}],"r":[[0.727172,0.484711,0.486081],[-0.378408,0.873846,-0.305289],[-0.572737,0.0380608,0.818855]],"s":1.13346,"t":[68.6706,-34.2936,-20.3475],"timestamp":93522799155},false],[7,{"currentFrameRate":55.3727,"devices":[],"gestures":[],"hands":[{"armBas