{"sensorType":"Leap","data":[[0,{"currentFrameRate":48.0705,"devices":[],"gestures":[],"hands":[{"armBasis":[[0.995577,0.0630499,-0.0696465],[-0.0334335,0.930592,0.364528],[0.0877959,-0.360587,0.928584]],"armWidth":62.4607,"confidence":0.744594,"direction":[0.134204,0.554019,-0.821616],"elbow":[59.1532,152.773,309.771],"grabStrength":0,"id":473,"palmNormal":[0.0632601,-0.832215,-0.550833],"palmPosition":[35.8991,274.173,17.0886],"palmVelocity":[-7.73249,52.241,6.25051],"palmWidth":89.1918,"pinchStrength":0.235885,"r":[[0.775539,0.494182,0.392841],[-0.322987,0.845265,-0.425683],[-0.54242,0.203251,0.81515]],"s":1.1108,"sphereCenter":[6.45951,262.071,-21.2157],"sphereRadius":53.4563,"stabilizedPalmPosition":[36.5209,271.667,16.2389],"t":[63.9328,-30.2813,-6.41298],"timeVisible":5.35086,"type":"right","wrist":[35.9168,248.208,64.008]}],"id":1686791,"interactionBox":{"center":[0,200,0],"size":[235.247,235.247,147.751]},"pointables":[{"bases":[[[0.36755,0.84363,0.391401],[-0.876553,0.173628,0.448897],[0.310745,-0.508076,0.803304]],[[0.357021,0.860047,0.364493],[-0.844743,0.130731,0.518959],[0.398678,-0.493182,0.773193]],[[0.357021,0.860047,0.364493],[-0.89537,0.426282,-0.128826],[-0.266173,-0.280362,0.922252]],[[0.357021,0.860047,0.364493],[-0.67665,0.507127,-0.533823],[-0.643957,-0.0560474,0.763006]]],"btipPosition":[12.6622,272.94,-29.3285],"carpPosition":[8.50093,238.152,56.8321],"dipPosition":[-2.11087,271.654,-11.8243],"direction":[0.266173,0.280362,-0.922252],"extended":false,"handId":473,"id":4730,"length":51.0864,"mcpPosition":[8.50093,238.152,56.8321],"pipPosition":[-11.0068,262.284,18.999],"stabilizedTipPosition":[9.3135,272.498,-25.3157],"timeVisible":5.35086,"tipPosition":[9.84402,272.052,-25.1865],"tipVelocity":[-46.2353,117.233,16.3554],"tool":false,"touchDistance":-0.0341609,"touchZone":"touching","type":0,"width":19.8498},{"bases":[[[0.997426,0.0713839,0.00669995],[-0.0675659,0.904571,0.420935],[0.0239874,-0.420304,0.907066]],[[0.986794,0.122839,-0.105581],[-0.0335609,0.792736,0.60864],[0.158463,-0.59706,0.78639]],[[0.986794,0.122839,-0.105581],[-0.0672796,0.903776,0.422686],[0.147344,-0.41,0.900105]],[[0.986794,0.122839,-0.105581],[-0.0937098,0.964616,0.246445],[0.132119,-0.233297,0.963388]]],"btipPosition":[2.40758,328.817,-76.0598],"carpPosition":[16.5145,259.741,59.932],"dipPosition":[4.6203,324.91,-59.925],"direction":[-0.147344,0.41,-0.900105],"extended":true,"handId":473,"id":4731,"length":57.6453,"mcpPosition":[14.7847,290.051,-5.4816],"pipPosition":[8.11128,315.196,-38.5991],"stabilizedTipPosition":[3.20445,326.121,-73.0703],"timeVisible":5.35086,"tipPosition":[2.65305,328.018,-72.3126],"tipVelocity":[-15.8978,94.5573,38.5697],"tool":false,"touchDistance":0.505903,"touchZone":"hovering","type":1,"width":18.9605},{"bases":[[[0.988303,-0.141317,0.0573283],[0.102577,0.894169,0.43582],[-0.11285,-0.424842,0.898206]],[[0.990391,-0.132662,0.0390793],[0.10917,0.576458,-0.809801],[0.0849024,0.806286,0.585402]],[[0.990391,-0.132662,0.0390793],[-0.0674538,-0.71005,-0.700913],[0.120733,0.691541,-0.712176]],[[0.990391,-0.132662,0.0390793],[-0.125057,-0.979725,-0.156524],[0.0590519,0.150133,-0.986901]]],"btipPosition":[27.5505,231.263,9.13494],"carpPosition":[28.2973,262.345,60.1907],"dipPosition":[28.6382,234.028,-9.04438],"direction":[-0.120733,-0.691541,0.712176],"extended":false,"handId":473,"id":4732,"length":65.6822,"mcpPosition":[36.0151,291.4,-1.23691],"pipPosition":[32.0036,253.305,-28.8959],"stabilizedTipPosition":[28.3256,229.864,5.40634],"timeVisible":5.35086,"tipPosition":[27.7374,232.377,5.23072],"tipVelocity":[-11.7767,57.4831,-21.7164],"tool":false,"touchDistance":0.333333,"touchZone":"none","type":2,"width":18.6218},{"bases":[[[0.950361,-0.269298,0.155864],[0.169275,0.867789,0.467213],[-0.261076,-0.417637,0.870298]],[[0.949098,-0.271296,0.160033],[0.284653,0.521243,-0.804536],[0.134851,0.809138,0.571936]],[[0.949098,-0.271296,0.160033],[-0.0936007,-0.728046,-0.679108],[0.300751,0.629561,-0.716381]],[[0.949098,-0.271296,0.160033],[-0.248331,-0.957043,-0.149668],[0.193763,0.102309,-0.975699]]],"btipPosition":[38.7308,233.02,19.3757],"carpPosition":[40.3216,261.783,60.54],"dipPosition":[42.2795,234.893,1.506],"direction":[-0.300751,-0.629561,0.716381],"extended":false,"handId":473,"id":4733,"length":63.1552,"mcpPosition":[56.3522,287.426,7.10189],"pipPosition":[50.4462,251.989,-17.947],"stabilizedTipPosition":[40.1441,231.218,15.541],"timeVisible":5.35086,"tipPosition":[39.6218,233.838,15.151],"tipVelocity":[-9.92438,50.8155,-18.5448],"tool":false,"touchDistance":0.333333,"touchZone":"none","type":3,"width":17.7198},{"bases":[[[0.872636,-0.455482,0.17619],[0.291295,0.77501,0.560809],[-0.391987,-0.438059,0.808981]],[[0.832905,-0.493824,0.249813],[0.502764,0.486537,-0.7145],[0.231294,0.720708,0.653516]],[[0.832905,-0.493824,0.249813],[-0.161138,-0.648247,-0.744185],[0.529437,0.579581,-0.619502]],[[0.832905,-0.493824,0.249813],[-0.43466,-0.863139,-0.257023],[0.342548,0.105492,-0.933559]]],"btipPosition":[50.3225,241.184,19.1155],"carpPosition":[51.9972,254.159,60.0977],"dipPosition":[56.1102,242.966,3.34196],"direction":[-0.529437,-0.579581,0.619502],"extended":false,"handId":473,"id":4734,"length":49.5125,"mcpPosition":[74.2774,279.058,14.1158],"pipPosition":[66.2607,254.078,-8.53529],"stabilizedTipPosition":[52.1619,239.553,15.8863],"timeVisible":5.35086,"tipPosition":[51.8821,241.821,15.6881],"tipVelocity":[-9.72318,50.9324,-18.5899],"tool":false,"touchDistance":0.333333,"touchZone":"none","type":4,"width":15.7401}],"r":[[0.775539,0.494182,0.392841],[-0.322987,0.845265,-0.425683],[-0.54242,0.203251,0.81515]],"s":1.1108,"t":[63.9328,-30.2813,-6.41298],"timestamp":93517602153},false],[1,{"currentFrameRate":48.644,"devices":[],"gestures":[],"hands":[{"armBasis":[[0.995649,0.0621813,-0.069395],[-0.0326914,0.930529,0.364757],[0.0872551,-0.360901,0.928513]],"armWidth":62.4607,"confidence":0.719459,"direction":[0.131585,0.565788,-0.813984],"elbow":[58.7942,153.052,309.493],"grabStrength":0,"id":473,"palmNormal":[0.0639786,-0.824259,-0.562587],"palmPosition":[35.5453,275.192,17.1993],"palmVelocity":[-13.2895,53.8762,6.15224],"palmWidth":89.1918,"pinchStrength":0.232615,"r":[[0.777725,0.48975,0.394067],[-0.324535,0.849712,-0.415531],[-0.53835,0.195281,0.819784]],"s":1.11215,"sphereCenter":[6.38938,263.405,-21.2552],"sphereRadius":53.3118,"stabilizedPalmPosition":[36.2476,272.655,16.5079],"t":[63.6744,-29.2654,-6.287],"timeVisible":5.36917,"type":"right","wrist":[35.7009,248.57,63.749]}],"id":1686792,"interactionBox":{"center":[0,200,0],"size":[235.247,235.247,147.751]},"pointables":[{"bases":[[[0.366519,0.83881,0.402569],[-0.876098,0.165479,0.452846],[0.313235,-0.518666,0.795531]],[[0.356079,0.855324,0.376336],[-0.843645,0.121069,0.523073],[0.401834,-0.503749,0.7647]],[[0.356079,0.855324,0.376336],[-0.896685,0.426095,-0.119996],[-0.26299,-0.294726,0.91868]],[[0.356079,0.855324,0.376336],[-0.681184,0.513279,-0.522047],[-0.639684,-0.070464,0.765401]]],"btipPosition":[12.0954,274.675,-29.1996],"carpPosition":[8.29296,238.559,56.481],"dipPosition":[-2.57963,273.058,-11.6405],"direction":[0.26299,0.294726,-0.91868],"extended":false,"handId":473,"id":4730,"length":51.0864,"mcpPosition":[8.29296,238.559,56.481],"pipPosition":[-11.3692,263.208,19.0634],"stabilizedTipPosition":[8.74027,274.242,-25.1662],"timeVisible":5.36917,"tipPosition":[9.30387,273.715,-25.0613],"tipVelocity":[-38.3212,104.466,12.2207],"tool":false,"touchDistance":-0.0344681,"touchZone":"touching","type":0,"width":19.8498},{"bases":[[[0.997288,0.073358,0.00593523],[-0.0686671,0.898424,0.433727],[0.026485,-0.432959,0.901025]],[[0.986734,0.125269,-0.103265],[-0.0351065,0.785677,0.61764],[0.158504,-0.605821,0.779652]],[[0.986734,0.125269,-0.103265],[-0.0696037,0.901089,0.428011],[0.146668,-0.415146,0.897854]],[[0.986734,0.125269,-0.103265],[-0.0964583,0.964013,0.247738],[0.130583,-0.234491,0.963308]]],"btipPosition":[2.02067,330.618,-75.3478],"carpPosition":[16.2677,260.119,59.8699],"dipPosition":[4.20766,326.691,-59.2144],"direction":[-0.146668,0.415146,-0.897854],"extended":true,"handId":473,"id":4731,"length":57.6453,"mcpPosition":[14.3578,291.342,-5.10806],"pipPosition":[7.68262,316.855,-37.9418],"stabilizedTipPosition":[2.87799,327.845,-72.3831],"timeVisible":5.36917,"tipPosition":[2.20423,329.949,-71.5153],"tipVelocity":[-18.5644,96.2775,38.7162],"tool":false,"touchDistance":0.499321,"touchZone":"hovering","type":1,"width":18.9605},{"bases":[[[0.988693,-0.140052,0.0535849],[0.101523,0.888168,0.448163],[-0.110359,-0.437656,0.892344]],[[0.99075,-0.131041,0.0352615],[0.106307,0.587972,-0.801865],[0.0843447,0.798196,0.596464]],[[0.99075,-0.131041,0.0352615],[-0.0672599,-0.69987,-0.711096],[0.117861,0.702146,-0.70221]],[[0.99075,-0.131041,0.0352615],[-0.123214,-0.977554,-0.1709],[0.056865,0.164974,-0.984657]]],"btipPosition":[27.275,232.351,8.64762],"carpPosition":[28.0456,262.744,60.1442],"dipPosition":[28.3225,235.39,-9.49037],"direction":[-0.117861,-0.702146,0.70221],"extended":false,"handId":473,"id":4732,"length":65.6822,"mcpPosition":[35.5929,292.675,-0.882464],"pipPosition":[31.6078,254.962,-29.0641],"stabilizedTipPosition":[28.0994,230.754,5.14638],"timeVisible":5.36917,"tipPosition":[27.4523,233.522,4.75639],"tipVelocity":[-13.5876,60.0653,-23.8188],"tool":false,"touchDistance":0.333333,"touchZone":"none","type":2,"width":18.6218},{"bases":[[[0.951191,-0.269483,0.150379],[0.168331,0.861488,0.479064],[-0.258649,-0.430368,0.864803]],[[0.949982,-0.271475,0.154385],[0.281954,0.532962,-0.79778],[0.134296,0.801407,0.582848]],[[0.949982,-0.271475,0.154385],[-0.0933048,-0.718481,-0.68926],[0.29804,0.64038,-0.707874]],[[0.949982,-0.271475,0.154385],[-0.246493,-0.955321,-0.163106],[0.191767,0.116893,-0.974455]]],"btipPosition":[38.4663,233.998,18.9057],"carpPosition":[40.0716,262.201,60.4643],"dipPosition":[41.9784,236.139,1.05883],"direction":[-0.29804,-0.64038,0.707874],"extended":false,"handId":473,"id":4733,"length":63.1552,"mcpPosition":[55.9532,288.627,7.36361],"pipPosition":[50.0715,253.528,-18.1632],"stabilizedTipPosition":[39.9333,232.011,15.3617],"timeVisible":5.36917,"tipPosition":[39.3464,234.878,14.6923],"tipVelocity":[-12.3141,53.6769,-21.8252],"tool":false,"touchDistance":0.333333,"touchZone":"none","type":3,"width":17.7198},{"bases":[[[0.873886,-0.456096,0.168223],[0.290711,0.767657,0.57113],[-0.389628,-0.450199,0.803437]],[[0.834452,-0.495478,0.24123],[0.500193,0.497252,-0.708906],[0.231295,0.712209,0.662768]],[[0.834452,-0.495478,0.24123],[-0.161222,-0.63808,-0.752902],[0.52697,0.589369,-0.612329]],[[0.834452,-0.495478,0.24123],[-0.433176,-0.860333,-0.268673],[0.34066,0.1197,-0.932536]]],"btipPosition":[50.0323,242.191,18.7517],"carpPosition":[51.762,254.609,59.8942],"dipPosition":[55.7882,244.213,2.9954],"direction":[-0.52697,-0.589369,0.612329],"extended":false,"handId":473,"id":4734,"length":49.5125,"mcpPosition":[73.9082,280.198,14.2275],"pipPosition":[65.8914,255.513,-8.74432],"stabilizedTipPosition":[51.9565,240.344,15.6929],"timeVisible":5.36917,"tipPosition":[51.5828,242.882,15.3206],"tipVelocity":[-12.8522,54.3273,-19.1023],"tool":false,"touchDistance":0.333333,"touchZone":"none","type":4,"width":15.7401}],"r":[[0.777725,0.48975,0.394067],[-0.324535,0.849712,-0.415531],[-0.53835,0.195281,0.819784]],"s":1.11215,"t":[63.6744,-29.2654,-6.287],"timestamp":93517620459},false],[2,{"currentFrameRate":49.2881,"devices":[],"gestures":[],"hands":[{"armBasis":[[0.99559,0.0630947,-0.0694213],[-0.0332698,0.929401,0.367569],[0.0877119,-0.363639,0.927402]],"armWidth":62.4607,"confidence":0.729653,"direction":[0.129852,0.574323,-0.808264],"elbow":[58.6102,152.628,309.077],"grabStrength":0,"id":473,"palmNormal":[0.0652281,-0.818348,-0.571009],"palmPosition":[35.1529,275.965,17.3517],"palmVelocity":[-17.4106,48.9789,7.28778],"palmWidth":89.1918,"pinchStrength":0.225078,"r":[[0.779339,0.485699,0.395888],[-0.326135,0.853895,-0.405585],[-0.53504,0.186975,0.823877]],"s":1.11328,"sphereCenter":[6.29377,264.34,-21.2479],"sphereRadius":53.1903,"stabilizedPalmPosition":[35.9523,273.548,16.7356],"t":[63.3489,-28.371,-6.14779],"timeVisible":5.38696,"type":"right","wrist":[35.396,248.87,63.6274]}],"id":1686793,"interactionBox":{"center":[0,200,0],"size":[235.247,235.247,147.751]},"pointables":[{"bases":[[[0.365123,0.8354,0.410842],[-0.876099,0.159082,0.45513],[0.314858,-0.526117,0.789978]],[[0.355305,0.851126,0.386448],[-0.842755,0.11283,0.52634],[0.404379,-0.512692,0.75738]],[[0.355305,0.851126,0.386448],[-0.897957,0.425635,-0.111838],[-0.259674,-0.307277,0.915505]],[[0.355305,0.851126,0.386448],[-0.688332,0.517942,-0.507873],[-0.632422,-0.0855542,0.769885]]],"btipPosition":[11.4035,276.198,-29.0421],"carpPosition":[8.00293,238.879,56.2772],"dipPosition":[-3.10498,274.235,-11.3801],"direction":[0.259674,0.307277,-0.915505],"extended":false,"handId":473,"id":4730,"length":51.0864,"mcpPosition":[8.00293,238.879,56.2772],"pipPosition":[-11.7837,263.965,19.2177],"stabilizedTipPosition":[8.08392,275.707,-24.9846],"timeVisible":5.38696,"tipPosition":[8.68601,275.103,-24.8956],"tipVelocity":[-37.5793,93.495,11.2635],"tool":false,"touchDistance":-0.0314823,"touchZone":"touching","type":0,"width":19.8498},{"bases":[[[0.997142,0.0753088,0.00597686],[-0.0701598,0.893814,0.442916],[0.0280132,-0.442069,0.896543]],[[0.986764,0.127261,-0.100507],[-0.0372367,0.781045,0.623363],[0.15783,-0.61137,0.775446]],[[0.986764,0.127261,-0.100507],[-0.0723467,0.900169,0.429491],[0.145131,-0.416535,0.897461]],[[0.986764,0.127261,-0.100507],[-0.0994473,0.964455,0.24482],[0.128091,-0.231584,0.964345]]],"btipPosition":[1.68601,331.793,-74.8454],"carpPosition":[15.9368,260.418,59.88],"dipPosition":[3.83127,327.914,-58.6947],"direction":[-0.145131,0.416535,-0.897461],"extended":true,"handId":473,"id":4731,"length":57.6453,"mcpPosition":[13.9166,292.299,-4.77475],"pipPosition":[7.26981,318.045,-37.4314],"stabilizedTipPosition":[2.55843,329.243,-71.8102],"timeVisible":5.38696,"tipPosition":[1.81385,331.26,-70.9288],"tipVelocity":[-18.9339,82.3632,33.9002],"tool":false,"touchDistance":0.490318,"touchZone":"hovering","type":1,"width":18.9605},{"bases":[[[0.989012,-0.138593,0.0514537],[0.100061,0.883756,0.457126],[-0.108827,-0.446954,0.887913]],[[0.991049,-0.12933,0.0330998],[0.104403,0.596336,-0.795917],[0.0831974,0.792248,0.6045]],[[0.991049,-0.12933,0.0330998],[-0.0663841,-0.692539,-0.71832],[0.115823,0.709693,-0.694925]],[[0.991049,-0.12933,0.0330998],[-0.12131,-0.975949,-0.181127],[0.055729,0.175491,-0.982902]]],"btipPosition":[26.9661,233.184,8.36416],"carpPosition":[27.7095,263.064,60.1728],"dipPosition":[27.9927,236.417,-9.7415],"direction":[-0.115823,-0.709693,0.694925],"extended":false,"handId":473,"id":4732,"length":65.6822,"mcpPosition":[35.1521,293.631,-0.550816],"pipPosition":[31.2212,256.199,-29.1121],"stabilizedTipPosition":[27.8712,231.561,4.90566],"timeVisible":5.38696,"tipPosition":[27.1376,234.394,4.4826],"tipVelocity":[-15.4887,55.0341,-19.918],"tool":false,"touchDistance":0.333333,"touchZone":"none","type":2,"width":18.6218},{"bases":[[[0.951841,-0.26908,0.146949],[0.166946,0.856897,0.487705],[-0.257152,-0.439686,0.860552]],[[0.950686,-0.271036,0.150781],[0.280023,0.541048,-0.793003],[0.133352,0.79612,0.590263]],[[0.950686,-0.271036,0.150781],[-0.0924901,-0.711776,-0.696291],[0.296042,0.648008,-0.701744]],[[0.950686,-0.271036,0.150781],[-0.244587,-0.954091,-0.172879],[0.190716,0.127475,-0.973333]]],"btipPosition":[38.1543,234.742,18.6695],"carpPosition":[39.7368,262.543,60.4788],"dipPosition":[41.6472,237.077,0.843125],"direction":[-0.296042,-0.648008,0.701744],"extended":false,"handId":473,"id":4733,"length":63.1552,"mcpPosition":[55.5265,289.541,7.63913],"pipPosition":[49.6861,254.673,-18.2124],"stabilizedTipPosition":[39.7166,232.737,15.1857],"timeVisible":5.38696,"tipPosition":[39.0289,235.665,14.4545],"tipVelocity":[-14.8836,49.2951,-17.6855],"tool":false,"touchDistance":0.333333,"touchZone":"none","type":3,"width":17.7198},{"bases":[[[0.874925,-0.456021,0.162944],[0.28958,0.76238,0.578723],[-0.388135,-0.459154,0.79908]],[[0.835757,-0.496106,0.23535],[0.498071,0.504488,-0.705278],[0.231161,0.706662,0.668725]],[[0.835757,-0.496106,0.23535],[-0.160872,-0.631027,-0.758898],[0.525006,0.596393,-0.607194]],[[0.835757,-0.496106,0.23535],[-0.43143,-0.858422,-0.277451],[0.339675,0.130345,-0.931467]]],"btipPosition":[49.6865,242.949,18.6052],"carpPosition":[51.4421,254.981,59.823],"dipPosition":[55.4257,245.151,2.86695],"direction":[-0.525006,-0.596393,0.607194],"extended":false,"handId":473,"id":4734,"length":49.5125,"mcpPosition":[73.5034,281.079,14.404],"pipPosition":[65.4912,256.585,-8.77433],"stabilizedTipPosition":[51.7308,241.083,15.5248],"timeVisible":5.38696,"tipPosition":[51.2334,243.683,15.1553],"tipVelocity":[-16.0486,49.9222,-13.8872],"tool":false,"touchDistance":0.333333,"touchZone":"none","type":4,"width":15.7401}],"r":[[0.779339,0.485699,0.395888],[-0.326135,0.853895,-0.405585],[-0.53504,0.186975,0.823877]],"s":1.11328,"t":[63.3489,-28.371,-6.14779],"timestamp":93517638249},false],[3,{"currentFrameRate":49.7911,"devices":[],"gestures":[],"hands":[{"armBasis":[[0.995554,0.0626689,-0.0703176],[-0.0328433,0.930652,0.364427],[0.0882795,-0.360498,0.928573]],"armWidth":62.4607,"confidence":0.776718,"direction":[0.1275,0.584146,-0.801572],"elbow":[58.4199,154.085,308.986],"grabStrength":0,"id":473,"palmNormal":[0.0664428,-0.811383,-0.580727],"palmPosition":[34.6913,277.135,17.275],"palmVelocity":[-21.2316,56.3591,1.79918],"palmWidth":89.1918,"pinchStrength":0.214828,"r":[[0.780505,0.481871,0.398262],[-0.327884,0.857953,-0.395486],[-0.532263,0.178095,0.827634]],"s":1.11441,"sphereCenter":[6.08032,265.719,-21.4846],"sphereRadius":53.0947,"stabilizedPalmPosition":[35.6082,274.527,16.8827],"t":[62.9554,-27.3387,-6.11655],"timeVisible":5.40512,"type":"right","wrist":[35.0555,249.495,63.2266]}],"id":1686794,"interactionBox":{"center":[0,200,0],"size":[235.247,235.247,147.751]},"pointables":[{"bases":[[[0.363668,0.831345,0.420251],[-0.875905,0.151617,0.458041],[0.317073,-0.534675,0.783318]],[[0.35483,0.845704,0.398598],[-0.841176,0.102697,0.53092],[0.408066,-0.523678,0.747826]],[[0.35483,0.845704,0.398598],[-0.899586,0.42495,-0.100807],[-0.254637,-0.322804,0.911569]],[[0.35483,0.845704,0.398598],[-0.696846,0.523463,-0.490299],[-0.623299,-0.103788,0.775065]]],"btipPosition":[10.5193,278.321,-29.047],"carpPosition":[7.67685,239.527,55.7919],"dipPosition":[-3.77985,275.94,-11.2662],"direction":[0.254637,0.322804,-0.911569],"extended":false,"handId":473,"id":4730,"length":51.0864,"mcpPosition":[7.67685,239.527,55.7919],"pipPosition":[-12.2903,265.151,19.2],"stabilizedTipPosition":[7.24364,277.741,-24.9579],"timeVisible":5.40512,"tipPosition":[7.90208,277.049,-24.9059],"tipVelocity":[-41.6177,102.153,6.4818],"tool":false,"touchDistance":-0.0336609,"touchZone":"touching","type":0,"width":19.8498},{"bases":[[[0.996969,0.0775903,0.00565835],[-0.0717107,0.888346,0.453541],[0.0301638,-0.452572,0.891218]],[[0.986647,0.129845,-0.0983243],[-0.0392897,0.775607,0.629992],[0.158062,-0.617717,0.770352]],[[0.986647,0.129845,-0.0983243],[-0.0751784,0.898599,0.432283],[0.144484,-0.419119,0.896362]],[[0.986647,0.129845,-0.0983243],[-0.102651,0.96444,0.243555],[0.126452,-0.23021,0.96489]]],"btipPosition":[1.19166,333.479,-74.4703],"carpPosition":[15.5645,261.042,59.6397],"dipPosition":[3.30948,329.623,-58.3103],"direction":[-0.144484,0.419119,-0.896362],"extended":true,"handId":473,"id":4731,"length":57.6453,"mcpPosition":[13.3892,293.679,-4.631],"pipPosition":[6.73269,319.693,-37.0731],"stabilizedTipPosition":[2.14935,330.8,-71.3188],"timeVisible":5.40512,"tipPosition":[1.28145,333.067,-70.4748],"tipVelocity":[-23.0544,87.511,27.6479],"tool":false,"touchDistance":0.480279,"touchZone":"hovering","type":1,"width":18.9605},{"bases":[[[0.989398,-0.136853,0.048612],[0.0985509,0.878523,0.467424],[-0.106675,-0.457678,0.882695]],[[0.991408,-0.127277,0.0301893],[0.101826,0.606041,-0.788889],[0.0821111,0.785184,0.613794]],[[0.991408,-0.127277,0.0301893],[-0.0656565,-0.683797,-0.726712],[0.113137,0.718486,-0.686278]],[[0.991408,-0.127277,0.0301893],[-0.11915,-0.973914,-0.193119],[0.0539812,0.187862,-0.980711]]],"btipPosition":[26.5992,234.426,7.77712],"carpPosition":[27.3313,263.712,59.9495],"dipPosition":[27.5936,237.886,-10.2882],"direction":[-0.113137,-0.718486,0.686278],"extended":false,"handId":473,"id":4732,"length":65.6822,"mcpPosition":[34.6268,295.012,-0.417345],"pipPosition":[30.7472,257.914,-29.4178],"stabilizedTipPosition":[27.621,232.439,4.59783],"timeVisible":5.40512,"tipPosition":[26.7621,235.681,3.90984],"tipVelocity":[-17.9339,62.7726,-25.5936],"tool":false,"touchDistance":0.333333,"touchZone":"none","type":2,"width":18.6218},{"bases":[[[0.952653,-0.268547,0.142602],[0.165536,0.851463,0.497603],[-0.255051,-0.450437,0.855602]],[[0.951578,-0.270429,0.146179],[0.277288,0.549806,-0.787924],[0.132707,0.790305,0.59817]],[[0.951578,-0.270429,0.146179],[-0.092045,-0.704353,-0.703857],[0.293305,0.656319,-0.695138]],[[0.951578,-0.270429,0.146179],[-0.242494,-0.952597,-0.183728],[0.188935,0.139384,-0.972047]]],"btipPosition":[37.7839,235.885,18.1801],"carpPosition":[39.3602,263.215,60.2347],"dipPosition":[41.2442,238.438,0.377298],"direction":[-0.293305,-0.656319,0.695138],"extended":false,"handId":473,"id":4733,"length":63.1552,"mcpPosition":[55.0209,290.873,7.69894],"pipPosition":[49.2088,256.26,-18.4988],"stabilizedTipPosition":[39.4751,233.531,14.9519],"timeVisible":5.40512,"tipPosition":[38.6506,236.853,13.9495],"tipVelocity":[-17.7117,57.13,-21.9627],"tool":false,"touchDistance":0.333333,"touchZone":"none","type":3,"width":17.7198},{"bases":[[[0.876196,-0.455846,0.156479],[0.288506,0.756166,0.587348],[-0.386064,-0.469487,0.794063]],[[0.837271,-0.496822,0.228353],[0.49543,0.512598,-0.701279],[0.231357,0.700293,0.675324]],[[0.837271,-0.496822,0.228353],[-0.160874,-0.622969,-0.765525],[0.522587,0.604216,-0.60152]],[[0.837271,-0.496822,0.228353],[-0.429646,-0.856091,-0.287251],[0.338204,0.142396,-0.930237]]],"btipPosition":[49.2735,244.111,18.1843],"carpPosition":[51.0824,255.689,59.4754],"dipPosition":[54.9879,246.517,2.46689],"direction":[-0.522587,-0.604216,0.60152],"extended":false,"handId":473,"id":4734,"length":49.5125,"mcpPosition":[73.026,282.374,14.3414],"pipPosition":[65.007,258.102,-9.0656],"stabilizedTipPosition":[51.4678,241.907,15.305],"timeVisible":5.40512,"tipPosition":[50.8174,244.894,14.7102],"tipVelocity":[-19.3922,57.8796,-18.1919],"tool":false,"touchDistance":0.333333,"touchZone":"none","type":4,"width":15.7401}],"r":[[0.780505,0.481871,0.398262],[-0.327884,0.857953,-0.395486],[-0.532263,0.178095,0.827634]],"s":1.11441,"t":[62.9554,-27.3387,-6.11655],"timestamp":93517656403},false],[4,{"currentFrameRate":50.2796,"devices":[],"gestures":[],"hands":[{"armBasis":[[0.995253,0.0661791,-0.0713598],[-0.0354673,0.929429,0.367292],[0.0906309,-0.363017,0.927364]],"armWidth":62.4607,"confidence":0.769947,"direction":[0.122996,0.593778,-0.795173],"elbow":[58.7985,153.918,308.348],"grabStrength":0,"id":473,"palmNormal":[0.0691822,-0.804438,-0.589995],"palmPosition":[34.218,278.15,17.2731],"palmVelocity":[-23.6116,56.3243,0.896427],"palmWidth":89.1918,"pinchStrength":0.190161,"r":[[0.781142,0.478645,0.400895],[-0.330254,0.861675,-0.38529],[-0.529858,0.168569,0.831165]],"s":1.1162,"sphereCenter":[5.79084,266.871,-21.6004],"sphereRadius":53.0571,"stabilizedPalmPosition":[35.2369,275.495,16.987],"t":[62.522,-26.315,-6.10187],"timeVisible":5.42315,"type":"right","wrist":[34.8118,249.995,62.9085]}],"id":1686795,"interactionBox":{"center":[0,200,0],"size":[235.247,235.247,147.751]},"pointables":[{"bases":[[[0.360493,0.828312,0.428888],[-0.875681,0.142154,0.461493],[0.321292,-0.541933,0.776582]],[[0.35331,0.840077,0.411635],[-0.838525,0.0892854,0.537498],[0.414786,-0.535069,0.735971]],[[0.35331,0.840077,0.411635],[-0.902504,0.421918,-0.0864359],[-0.246289,-0.340963,0.907241]],[[0.35331,0.840077,0.411635],[-0.711406,0.52701,-0.464932],[-0.607514,-0.128574,0.783834]]],"btipPosition":[9.3391,280.505,-28.8985],"carpPosition":[7.4666,239.978,55.4169],"dipPosition":[-4.59793,277.555,-10.9165],"direction":[0.246289,0.340963,-0.907241],"extended":false,"handId":473,"id":4730,"length":51.0864,"mcpPosition":[7.4666,239.978,55.4169],"pipPosition":[-12.8293,266.159,19.4051],"stabilizedTipPosition":[6.14515,279.804,-24.7647],"timeVisible":5.42315,"tipPosition":[6.90473,278.964,-24.7559],"tipVelocity":[-50.7321,107.702,8.53169],"tool":false,"touchDistance":-0.0351555,"touchZone":"touching","type":0,"width":19.8498},{"bases":[[[0.99659,0.0823903,0.00452273],[-0.0750879,0.882806,0.463698],[0.0342115,-0.462456,0.885982]],[[0.986074,0.134934,-0.0972152],[-0.0426253,0.770085,0.636516],[0.160752,-0.623508,0.765112]],[[0.986074,0.134934,-0.0972152],[-0.0798017,0.896763,0.435257],[0.14591,-0.421438,0.895042]],[[0.986074,0.134934,-0.0972152],[-0.107997,0.964073,0.242692],[0.12647,-0.228814,0.96522]]],"btipPosition":[0.445439,334.911,-73.9942],"carpPosition":[15.2575,261.486,59.4917],"dipPosition":[2.56355,331.079,-57.8288],"direction":[-0.14591,0.421438,-0.895042],"extended":true,"handId":473,"id":4731,"length":57.6453,"mcpPosition":[12.7903,294.836,-4.40141],"pipPosition":[6.02056,321.094,-36.6228],"stabilizedTipPosition":[1.59214,332.279,-70.8413],"timeVisible":5.42315,"tipPosition":[0.511247,334.596,-69.9349],"tipVelocity":[-31.7473,83.8254,27.0883],"tool":false,"touchDistance":0.472744,"touchZone":"hovering","type":1,"width":18.9605},{"bases":[[[0.99015,-0.132559,0.0450646],[0.0952478,0.873658,0.477126],[-0.102618,-0.468134,0.877679]],[[0.992146,-0.122355,0.0259822],[0.0956248,0.608038,-0.788128],[0.0806334,0.784423,0.614962]],[[0.992146,-0.122355,0.0259822],[-0.0650203,-0.681934,-0.728518],[0.106856,0.721107,-0.684534]],[[0.992146,-0.122355,0.0259822],[-0.114788,-0.97315,-0.199508],[0.0496953,0.194958,-0.979552]]],"btipPosition":[26.3261,235.471,7.85346],"carpPosition":[27.0119,264.21,59.8079],"dipPosition":[27.2416,239.062,-10.1905],"direction":[-0.106856,-0.721107,0.684534],"extended":false,"handId":473,"id":4732,"length":65.6822,"mcpPosition":[34.0299,296.225,-0.215832],"pipPosition":[30.2201,259.163,-29.2715],"stabilizedTipPosition":[27.3643,233.352,4.38606],"timeVisible":5.42315,"tipPosition":[26.4761,236.735,3.76944],"tipVelocity":[-17.0881,61.2852,-11.3154],"tool":false,"touchDistance":0.333333,"touchZone":"none","type":2,"width":18.6218},{"bases":[[[0.954241,-0.265484,0.137634],[0.162426,0.846587,0.506862],[-0.251083,-0.461313,0.850969]],[[0.953237,-0.267313,0.14101],[0.272678,0.559483,-0.782704],[0.130334,0.784552,0.60621]],[[0.953237,-0.267313,0.14101],[-0.0902162,-0.696979,-0.711394],[0.288446,0.665406,-0.688501]],[[0.953237,-0.267313,0.14101],[-0.238139,-0.951625,-0.194164],[0.186092,0.151504,-0.970781]]],"btipPosition":[37.5116,236.89,17.7376],"carpPosition":[39.0436,263.769,60.0632],"dipPosition":[40.9198,239.665,-0.0420462],"direction":[-0.288446,-0.665406,0.688501],"extended":false,"handId":473,"id":4733,"length":63.1552,"mcpPosition":[54.4606,292.094,7.81196],"pipPosition":[48.7524,257.733,-18.738],"stabilizedTipPosition":[39.2418,234.321,14.6941],"timeVisible":5.42315,"tipPosition":[38.3632,237.906,13.5077],"tipVelocity":[-16.7883,57.8005,-23.0456],"tool":false,"touchDistance":0.333333,"touchZone":"none","type":3,"width":17.7198},{"bases":[[[0.878724,-0.453299,0.149547],[0.286043,0.750884,0.595275],[-0.38213,-0.480306,0.789483]],[[0.840161,-0.495262,0.22101],[0.491164,0.522037,-0.697306],[0.229974,0.694401,0.68185]],[[0.840161,-0.495262,0.22101],[-0.159671,-0.615335,-0.771925],[0.5183,0.613252,-0.596059]],[[0.840161,-0.495262,0.22101],[-0.425946,-0.854829,-0.296373],[0.335708,0.154862,-0.929149]]],"btipPosition":[48.9404,245.167,17.8152],"carpPosition":[50.8006,256.309,59.1952],"dipPosition":[54.6126,247.783,2.1162],"direction":[-0.5183,-0.613252,0.596059],"extended":false,"handId":473,"id":4734,"length":49.5125,"mcpPosition":[72.5206,283.609,14.3216],"pipPosition":[64.5496,259.541,-9.3116],"stabilizedTipPosition":[51.202,242.747,15.0658],"timeVisible":5.42315,"tipPosition":[50.475,245.998,14.3291],"tipVelocity":[-19.211,59.4591,-19.1603],"tool":false,"touchDistance":0.333333,"touchZone":"none","type":4,"width":15.7401}],"r":[[0.781142,0.478645,0.400895],[-0.330254,0.861675,-0.38529],[-0.529858,0.168569,0.831165]],"s":1.1162,"t":[62.522,-26.315,-6.10187],"timestamp":93517674435},false],[5,{"currentFrameRate":50.7217,"devices":[],"gestures":[],"hands":[{"armBasis":[[0.995022,0.0720874,-0.0688151],[-0.0421722,0.930192,0.364643],[0.0902974,-0.359925,0.928601]],"armWidth":62.4607,"confidence":0.769377,"direction":[0.119998,0.600046,-0.790914],"elbow":[58.3796,155.477,308.174],"grabStrength":0,"id":473,"palmNormal":[0.07667,-0.799893,-0.595226],"palmPosition":[33.7617,279.192,16.9599],"palmVelocity":[-24.4031,56.9802,-7.76525],"palmWidth":89.1918,"pinchStrength":0.170446,"r":[[0.780749,0.47672,0.403942],[-0.333318,0.864559,-0.376081],[-0.528517,0.158983,0.833903]],"s":1.11823,"sphereCenter":[5.70112,267.756,-22.1399],"sphereRadius":53.0267,"stabilizedPalmPosition":[34.8546,276.453,16.98],"t":[62.0771,-25.2824,-6.25111],"timeVisible":5.4412,"type":"right","wrist":[34.4811,250.736,62.4068]}],"id":1686796,"interactionBox":{"center":[0,200,0],"size":[235.247,235.247,147.751]},"pointables":[{"bases":[[[0.353136,0.828194,0.43519],[-0.877711,0.132227,0.460585],[0.32391,-0.54462,0.773609]],[[0.348079,0.836527,0.423159],[-0.837865,0.0751298,0.540683],[0.420504,-0.54275,0.727048]],[[0.348079,0.836527,0.423159],[-0.906068,0.41604,-0.0771494],[-0.240589,-0.356556,0.902765]],[[0.348079,0.836527,0.423159],[-0.724049,0.526612,-0.445458],[-0.595479,-0.151333,0.788989]]],"btipPosition":[8.3565,282.503,-29.057],"carpPosition":[7.2304,240.557,54.7905],"dipPosition":[-5.30442,279.031,-10.9568],"direction":[0.240589,0.356556,-0.902765],"extended":false,"handId":473,"id":4730,"length":51.0864,"mcpPosition":[7.2304,240.557,54.7905],"pipPosition":[-13.3453,267.114,19.2152],"stabilizedTipPosition":[5.2205,281.692,-24.8931],"timeVisible":5.4412,"tipPosition":[6.06714,280.711,-24.9541],"tipVelocity":[-50.8209,105.967,1.02846],"tool":false,"touchDistance":-0.0416533,"touchZone":"touching","type":0,"width":19.8498},{"bases":[[[0.995905,0.0901155,0.00717932],[-0.0829267,0.879059,0.469445],[0.0359932,-0.468118,0.882933]],[[0.985462,0.142427,-0.0926224],[-0.0509837,0.76796,0.638465],[0.162065,-0.624461,0.764057]],[[0.985462,0.142427,-0.0926224],[-0.0888846,0.896822,0.43337],[0.14479,-0.418837,0.896444]],[[0.985462,0.142427,-0.0926224],[-0.1171,0.964404,0.237093],[0.123094,-0.2228,0.967061]]],"btipPosition":[-0.067899,335.809,-74.2599],"carpPosition":[14.8449,262.097,59.0258],"dipPosition":[1.99367,332.077,-58.0636],"direction":[-0.14479,0.418837,-0.896444],"extended":true,"handId":473,"id":4731,"length":57.6453,"mcpPosition":[12.2492,295.856,-4.64746],"pipPosition":[5.42413,322.154,-36.8244],"stabilizedTipPosition":[1.04075,333.521,-70.6988],"timeVisible":5.4412,"tipPosition":[-0.0395449,335.61,-70.1304],"tipVelocity":[-30.5192,68.2401,7.42865],"tool":false,"touchDistance":0.454924,"touchZone":"hovering","type":1,"width":18.9605},{"bases":[[[0.991059,-0.125145,0.046266],[0.0874472,0.871148,0.483171],[-0.100771,-0.474805,0.874303]],[[0.993056,-0.114552,0.0268062],[0.0917942,0.611939,-0.78556],[0.0735838,0.782565,0.618205]],[[0.993056,-0.114552,0.0268062],[-0.0585629,-0.678943,-0.731852],[0.102035,0.7252,-0.680936]],[[0.993056,-0.114552,0.0268062],[-0.106665,-0.972802,-0.205619],[0.0496312,0.201332,-0.978265]]],"btipPosition":[26.2335,236.484,7.38429],"carpPosition":[26.577,264.91,59.385],"dipPosition":[27.1478,240.193,-10.6359],"direction":[-0.102035,-0.7252,0.680936],"extended":false,"handId":473,"id":4732,"length":65.6822,"mcpPosition":[33.4686,297.382,-0.407825],"pipPosition":[29.9919,260.407,-29.6166],"stabilizedTipPosition":[27.1572,234.249,4.12816],"timeVisible":5.4412,"tipPosition":[26.3809,237.761,3.2491],"tipVelocity":[-11.4191,59.5431,-18.1393],"tool":false,"touchDistance":0.333333,"touchZone":"none","type":2,"width":18.6218},{"bases":[[[0.955997,-0.258965,0.137867],[0.154773,0.844401,0.512866],[-0.249229,-0.46896,0.847326]],[[0.955035,-0.26076,0.141112],[0.269773,0.566787,-0.778444],[0.123006,0.781509,0.611647]],[[0.955035,-0.26076,0.141112],[-0.0832322,-0.692587,-0.716516],[0.284571,0.672553,-0.683148]],[[0.955035,-0.26076,0.141112],[-0.230142,-0.952032,-0.201667],[0.18693,0.160123,-0.969236]]],"btipPosition":[37.3762,237.933,17.149],"carpPosition":[38.6112,264.561,59.6628],"dipPosition":[40.7998,240.866,-0.602271],"direction":[-0.284571,-0.672553,0.683148],"extended":false,"handId":473,"id":4733,"length":63.1552,"mcpPosition":[53.9144,293.356,7.63523],"pipPosition":[48.5271,259.129,-19.1528],"stabilizedTipPosition":[39.0471,235.095,14.4002],"timeVisible":5.4412,"tipPosition":[38.2272,238.987,12.9332],"tipVelocity":[-12.2875,58.7574,-27.4126],"tool":false,"touchDistance":0.333333,"touchZone":"none","type":3,"width":17.7198},{"bases":[[[0.881924,-0.447437,0.14836],[0.278951,0.749072,0.600897],[-0.379996,-0.48856,0.785437]],[[0.843514,-0.490205,0.219505],[0.488174,0.529289,-0.69393],[0.223986,0.692497,0.685768]],[[0.843514,-0.490205,0.219505],[-0.153724,-0.611924,-0.775834],[0.514638,0.620684,-0.591523]],[[0.843514,-0.490205,0.219505],[-0.418638,-0.856084,-0.30309],[0.336491,0.163767,-0.927337]]],"btipPosition":[48.7109,246.299,17.3662],"carpPosition":[50.4278,257.199,58.7696],"dipPosition":[54.3963,249.066,1.69778],"direction":[-0.514638,-0.620684,0.591523],"extended":false,"handId":473,"id":4734,"length":49.5125,"mcpPosition":[72.0265,284.968,14.126],"pipPosition":[64.2631,260.966,-9.64305],"stabilizedTipPosition":[50.9591,243.607,14.7982],"timeVisible":5.4412,"tipPosition":[50.2494,247.167,13.8637],"tipVelocity":[-16.0479,61.9265,-21.6889],"tool":false,"touchDistance":0.333333,"touchZone":"none","type":4,"width":15.7401}],"r":[[0.780749,0.47672,0.403942],[-0.333318,0.864559,-0.376081],[-0.528517,0.158983,0.833903]],"s":1.11823,"t":[62.0771,-25.2824,-6.25111],"timestamp":93517692485},false],[6,{"currentFrameRate":51.129,"devices":[],"gestures":[],"hands":[{"armBasis":[[0.99503,0.073571,-0.0670952],[-0.044486,0.93132,0.361474],[0.0890811,-0.356693,0.929965]],"armWidth":62.4607,"confidence":0.776137,"direction":[0.117378,0.610527,-0.783249],"elbow":[57.4457,157.147,307.859],"grabStrength":0,"id":473,"palmNormal":[0.0806114,-0.791956,-0.605233],"palmPosition":[33.0276,280.573,16.6456],"palmVelocity":[-32.1341,66.2859,-12.3506],"palmWidth":89.1918,"pinchStrength":0.157514,"r":[[0.77997,0.474866,0.407614],[-0.336554,0.867406,-0.366523],[-0.527616,0.148693,0.836368]],"s":1.12017,"sphereCenter":[5.21329,269.34,-22.6801],"sphereRadius":52.9908,"stabilizedPalmPosition":[34.393,277.494,16.8955],"t":[61.4877,-24.0754,-6.48292],"timeVisible":5.45923,"type":"right","wrist":[33.8691,251.551,61.7304]}],"id":1686797,"interactionBox":{"center":[0,200,0],"size":[235.247,235.247,147.751]},"pointables":[{"bases":[[[0.3491,0.824301,0.44571],[-0.878452,0.122266,0.461923],[0.326268,-0.552792,0.766792]],[[0.345577,0.830188,0.437451],[-0.836397,0.0611407,0.544704],[0.425461,-0.55412,0.715496]],[[0.345577,0.830188,0.437451],[-0.90824,0.413126,-0.0665346],[-0.235959,-0.374318,0.896777]],[[0.345577,0.830188,0.437451],[-0.733011,0.529876,-0.426528],[-0.585894,-0.173258,0.79165]]],"btipPosition":[7.17782,284.939,-29.1658],"carpPosition":[6.66888,241.34,53.9774],"dipPosition":[-6.2632,280.964,-11.0045],"direction":[0.235959,0.374318,-0.896777],"extended":false,"handId":473,"id":4730,"length":51.0864,"mcpPosition":[6.66888,241.34,53.9774],"pipPosition":[-14.1494,268.453,18.9674],"stabilizedTipPosition":[4.09096,284.015,-24.9883],"timeVisible":5.45923,"tipPosition":[4.97341,282.975,-25.1103],"tipVelocity":[-56.3844,116.724,-1.95141],"tool":false,"touchDistance":-0.0503426,"touchZone":"touching","type":0,"width":19.8498},{"bases":[[[0.995467,0.0947188,0.00864596],[-0.0872078,0.872671,0.480458],[0.0379633,-0.479034,0.876975]],[[0.985061,0.147432,-0.0889878],[-0.0557635,0.761998,0.645174],[0.162928,-0.630573,0.758836]],[[0.985061,0.147432,-0.0889878],[-0.0942231,0.893976,0.438097],[0.144143,-0.423168,0.894512]],[[0.985061,0.147432,-0.0889878],[-0.12251,0.963126,0.239539],[0.121022,-0.225058,0.9668]]],"btipPosition":[-0.860819,337.757,-74.0997],"carpPosition":[14.1804,262.86,58.4864],"dipPosition":[1.16605,333.988,-57.9078],"direction":[-0.144143,0.423168,-0.894512],"extended":true,"handId":473,"id":4731,"length":57.6453,"mcpPosition":[11.4426,297.406,-4.75727],"pipPosition":[4.58118,323.962,-36.7144],"stabilizedTipPosition":[0.365691,335.106,-70.5468],"timeVisible":5.45923,"tipPosition":[-0.859223,337.612,-69.9188],"tipVelocity":[-37.1076,86.8922,8.09227],"tool":false,"touchDistance":0.445153,"touchZone":"hovering","type":1,"width":18.9605},{"bases":[[[0.991627,-0.121038,0.0450151],[0.0831978,0.865392,0.49414],[-0.0987652,-0.486257,0.868216]],[[0.993588,-0.110131,0.0255835],[0.088922,0.621418,-0.778417],[0.0698294,0.7757,0.627226]],[[0.993588,-0.110131,0.0255835],[-0.0552917,-0.670669,-0.739693],[0.0986209,0.733536,-0.672458]],[[0.993588,-0.110131,0.0255835],[-0.102005,-0.970759,-0.217304],[0.0487673,0.213301,-0.975769]]],"btipPosition":[25.7068,237.953,6.59186],"carpPosition":[25.8989,265.724,58.8849],"dipPosition":[26.6051,241.882,-11.3824],"direction":[-0.0986209,-0.733536,0.672458],"extended":false,"handId":473,"id":4732,"length":65.6822,"mcpPosition":[32.6534,298.979,-0.49168],"pipPosition":[29.3541,262.329,-30.1268],"stabilizedTipPosition":[26.8963,235.215,3.77777],"timeVisible":5.45923,"tipPosition":[25.8502,239.266,2.44824],"tipVelocity":[-19.9543,71.2653,-30.1004],"tool":false,"touchDistance":0.333333,"touchZone":"none","type":2,"width":18.6218},{"bases":[[[0.957172,-0.256165,0.13491],[0.150642,0.838591,0.523518],[-0.247242,-0.480774,0.841266]],[[0.956264,-0.257918,0.137979],[0.266983,0.576903,-0.771947],[0.119498,0.775023,0.620531]],[[0.956264,-0.257918,0.137979],[-0.0799859,-0.684304,-0.724796],[0.281357,0.68206,-0.675005]],[[0.956264,-0.257918,0.137979],[-0.225511,-0.950491,-0.213803],[0.186291,0.173336,-0.967083]]],"btipPosition":[36.8301,239.31,16.371],"carpPosition":[37.9346,265.429,59.1622],"dipPosition":[40.242,242.485,-1.3409],"direction":[-0.281357,-0.68206,0.675005],"extended":false,"handId":473,"id":4733,"length":63.1552,"mcpPosition":[53.1158,294.949,7.50682],"pipPosition":[47.8821,261.006,-19.6703],"stabilizedTipPosition":[38.8074,235.923,14.0482],"timeVisible":5.45923,"tipPosition":[37.6777,240.418,12.1523],"tipVelocity":[-20.8924,68.5604,-34.6352],"tool":false,"touchDistance":0.333333,"touchZone":"none","type":3,"width":17.7198},{"bases":[[[0.883987,-0.445103,0.143004],[0.275244,0.742748,0.610382],[-0.377898,-0.500209,0.779092]],[[0.845679,-0.489027,0.213728],[0.485721,0.539312,-0.687908],[0.221139,0.685561,0.693616]],[[0.845679,-0.489027,0.213728],[-0.150874,-0.603199,-0.783191],[0.511922,0.630082,-0.583894]],[[0.845679,-0.489027,0.213728],[-0.414484,-0.854094,-0.314207],[0.3362,0.177132,-0.924983]]],"btipPosition":[48.1056,247.731,16.6796],"carpPosition":[49.7861,258.134,58.1803],"dipPosition":[53.7861,250.724,1.05092],"direction":[-0.511922,-0.630082,0.583894],"extended":false,"handId":473,"id":4734,"length":49.5125,"mcpPosition":[71.2655,286.566,13.8973],"pipPosition":[63.6008,262.804,-10.1436],"stabilizedTipPosition":[50.6578,244.544,14.4645],"timeVisible":5.45923,"tipPosition":[49.6445,248.65,13.1713],"tipVelocity":[-24.3869,71.5733,-29.2205],"tool":false,"touchDistance":0.333333,"touchZone":"none","type":4,"width":15.7401}],"r":[[0.77997,0.474866,0.407614],[-0.336554,0.867406,-0.366523],[-0.527616,0.148693,0.836368]],"s":1.12017,"t":[61.4877,-24.0754,-6.48292],"timestamp":93517710521},false],[7,{"currentFrameRate":51.4891,"devices":[],"gestures":[],"hands":[{"armBasis":[[0.995233,0.0683504,-0.0695627],[-0.0382367,0.929667,0.36