{"sensorType":"Leap","data":[[0,{"currentFrameRate":55.3857,"devices":[],"gestures":[],"hands":[{"armBasis":[[0.996038,0.0867194,0.0197106],[-0.08857,0.947366,0.307657],[0.0080067,-0.308184,0.951293]],"armWidth":62.4607,"confidence":0.732319,"direction":[0.0948214,0.690004,-0.717568],"elbow":[49.5,157.911,300.796],"grabStrength":0,"id":473,"palmNormal":[0.142281,-0.722809,-0.676242],"palmPosition":[45.6405,272.656,6.93061],"palmVelocity":[-24.1633,54.2138,9.60203],"palmWidth":89.1918,"pinchStrength":0.119205,"r":[[0.74677,0.479147,0.461251],[-0.384055,0.876879,-0.289111],[-0.542988,0.0387537,0.838846]],"s":1.1264,"sphereCenter":[20.2963,262.423,-34.6261],"sphereRadius":52.6592,"stabilizedPalmPosition":[45.9413,271.986,6.79772],"t":[73.9421,-31.7568,-16.5867],"timeVisible":13.9826,"type":"right","wrist":[47.3809,239.476,49.0228]}],"id":1687267,"interactionBox":{"center":[0,200,0],"size":[235.247,235.247,147.751]},"pointables":[{"bases":[[[0.287714,0.796423,0.531913],[-0.893578,0.0234047,0.448297],[0.344585,-0.604287,0.7184]],[[0.289438,0.793383,0.535509],[-0.849219,-0.0452894,0.526095],[0.441647,-0.607036,0.660647]],[[0.289438,0.793383,0.535509],[-0.930346,0.364756,-0.0375589],[-0.225128,-0.487337,0.843694]],[[0.289438,0.793383,0.535509],[-0.83385,0.483704,-0.265942],[-0.470022,-0.36956,0.801564]]],"btipPosition":[17.7327,282.917,-39.3007],"carpPosition":[21.036,228.449,39.612],"dipPosition":[6.94989,274.439,-20.912],"direction":[0.225128,0.487337,-0.843694],"extended":false,"handId":473,"id":4730,"length":51.0864,"mcpPosition":[21.036,228.449,39.612],"pipPosition":[-0.574289,258.151,7.28579],"stabilizedTipPosition":[15.4553,280.605,-35.1423],"timeVisible":13.9826,"tipPosition":[15.9029,280.134,-35.3425],"tipVelocity":[-43.3086,80.2607,20.1795],"tool":false,"touchDistance":-0.07059,"touchZone":"touching","type":0,"width":19.8498},{"bases":[[[0.987207,0.153288,0.0438647],[-0.151381,0.814769,0.559675],[0.0500519,-0.559156,0.827551]],[[0.974444,0.218068,-0.0538933],[-0.130111,0.743514,0.655941],[0.18311,-0.632166,0.752886]],[[0.974444,0.218068,-0.0538933],[-0.166806,0.863162,0.476579],[0.150445,-0.45541,0.877478]],[[0.974444,0.218068,-0.0538933],[-0.191335,0.931465,0.309456],[0.117682,-0.291236,0.949385]]],"btipPosition":[10.2367,332.454,-81.7111],"carpPosition":[27.093,249.84,46.3649],"dipPosition":[12.2076,327.577,-65.8108],"direction":[-0.150445,0.45541,-0.877478],"extended":true,"handId":473,"id":4731,"length":57.6453,"mcpPosition":[23.4835,290.164,-13.3144],"pipPosition":[15.7721,316.787,-45.021],"stabilizedTipPosition":[10.9818,330.616,-78.2673],"timeVisible":13.9826,"tipPosition":[10.5461,331.976,-77.6187],"tipVelocity":[-25.3589,66.5167,19.4166],"tool":false,"touchDistance":-0.0347039,"touchZone":"touching","type":1,"width":18.9605},{"bases":[[[0.996139,-0.0648244,0.0592086],[0.0188332,0.81648,0.577066],[-0.0857506,-0.573723,0.814548]],[[0.995859,-0.0666585,0.0618128],[0.090837,0.702856,-0.705508],[0.00358261,0.708202,0.706001]],[[0.995859,-0.0666585,0.0618128],[0.00605556,-0.629801,-0.776733],[0.0907057,0.773891,-0.626789]],[[0.995859,-0.0666585,0.0618128],[-0.0491611,-0.96684,-0.250605],[0.0764681,0.246528,-0.966114]]],"btipPosition":[40.357,233.015,-6.4508],"carpPosition":[38.5989,253.353,47.3447],"dipPosition":[41.7656,237.557,-24.2472],"direction":[-0.0907057,-0.773891,0.626789],"extended":false,"handId":473,"id":4732,"length":65.6822,"mcpPosition":[44.4633,292.589,-8.36159],"pipPosition":[44.294,259.128,-41.7186],"stabilizedTipPosition":[41.6571,231.494,-11.0368],"timeVisible":13.9826,"tipPosition":[40.7209,234.076,-10.69],"tipVelocity":[-23.6375,57.1212,2.93196],"tool":false,"touchDistance":0.333333,"touchZone":"none","type":2,"width":18.6218},{"bases":[[[0.968389,-0.20991,0.134759],[0.0872116,0.791057,0.605494],[-0.233702,-0.574601,0.784358]],[[0.968951,-0.208521,0.132865],[0.240353,0.668301,-0.703992],[0.058004,0.714068,0.697669]],[[0.968951,-0.208521,0.132865],[-0.034007,-0.644647,-0.763723],[0.244904,0.735492,-0.631723]],[[0.968951,-0.208521,0.132865],[-0.170642,-0.952839,-0.250958],[0.178929,0.220494,-0.958836]]],"btipPosition":[52.5035,233.756,3.90671],"carpPosition":[50.6214,253.758,47.9084],"dipPosition":[55.7805,237.794,-13.6541],"direction":[-0.244904,-0.735492,0.631723],"extended":false,"handId":473,"id":4733,"length":63.1552,"mcpPosition":[64.9711,289.04,-0.252723],"pipPosition":[62.4307,257.766,-30.8083],"stabilizedTipPosition":[54.276,232.05,-0.639417],"timeVisible":13.9826,"tipPosition":[53.3227,234.657,-0.153442],"tipVelocity":[-23.2112,56.306,2.32603],"tool":false,"touchDistance":0.333333,"touchZone":"none","type":3,"width":17.7198},{"bases":[[[0.907021,-0.402804,0.122725],[0.215778,0.694885,0.685984],[-0.361597,-0.595721,0.717192]],[[0.879502,-0.443493,0.172598],[0.44571,0.640521,-0.62536],[0.16679,0.626934,0.761009]],[[0.879502,-0.443493,0.172598],[-0.122178,-0.560948,-0.818785],[0.459944,0.699036,-0.54754]],[[0.879502,-0.443493,0.172598],[-0.366573,-0.862621,-0.348581],[0.30348,0.243308,-0.92125]]],"btipPosition":[63.7496,241.94,5.46315],"carpPosition":[62.9236,247.322,46.5415],"dipPosition":[68.8772,246.051,-10.1024],"direction":[-0.459944,-0.699036,0.54754],"extended":false,"handId":473,"id":4734,"length":49.5125,"mcpPosition":[83.4764,281.183,5.77686],"pipPosition":[77.6954,259.453,-20.6],"stabilizedTipPosition":[65.9606,240.278,1.29757],"timeVisible":13.9826,"tipPosition":[64.9509,242.932,1.86813],"tipVelocity":[-23.1733,55.8533,4.08793],"tool":false,"touchDistance":0.333333,"touchZone":"none","type":4,"width":15.7401}],"r":[[0.74677,0.479147,0.461251],[-0.384055,0.876879,-0.289111],[-0.542988,0.0387537,0.838846]],"s":1.1264,"t":[73.9421,-31.7568,-16.5867],"timestamp":93526233840},false],[1,{"currentFrameRate":55.3699,"devices":[],"gestures":[],"hands":[{"armBasis":[[0.996204,0.0850343,0.0185949],[-0.0866426,0.948241,0.305504],[0.00834594,-0.305956,0.952009]],"armWidth":62.4607,"confidence":0.709699,"direction":[0.0911763,0.693935,-0.714241],"elbow":[49.2919,159.447,300.697],"grabStrength":0,"id":473,"palmNormal":[0.139728,-0.719048,-0.680768],"palmPosition":[45.1336,273.828,6.83012],"palmVelocity":[-25.9823,59.2127,2.39222],"palmWidth":89.1918,"pinchStrength":0.115704,"r":[[0.746229,0.477988,0.463325],[-0.385576,0.877722,-0.284492],[-0.542654,0.0336488,0.839282]],"s":1.1278,"sphereCenter":[19.6952,263.79,-34.677],"sphereRadius":52.6378,"stabilizedPalmPosition":[45.3618,273.307,6.82096],"t":[73.4731,-30.6852,-16.5585],"timeVisible":14.0007,"type":"right","wrist":[47.083,240.423,48.7341]}],"id":1687268,"interactionBox":{"center":[0,200,0],"size":[235.247,235.247,147.751]},"pointables":[{"bases":[[[0.289572,0.793728,0.534925],[-0.891585,0.0203854,0.452395],[0.348174,-0.607931,0.713579]],[[0.291552,0.79025,0.538983],[-0.846387,-0.0494047,0.530272],[0.445676,-0.61079,0.654453]],[[0.291552,0.79025,0.538983],[-0.93121,0.363329,-0.0289909],[-0.218738,-0.493454,0.841818]],[[0.291552,0.79025,0.538983],[-0.83696,0.483561,-0.256256],[-0.463137,-0.376395,0.80239]]],"btipPosition":[16.8316,284.442,-39.1846],"carpPosition":[20.7035,229.429,39.3813],"dipPosition":[6.20672,275.807,-20.7769],"direction":[0.218738,0.493454,-0.841818],"extended":false,"handId":473,"id":4730,"length":51.0864,"mcpPosition":[20.7035,229.429,39.3813],"pipPosition":[-1.10391,259.315,7.35817],"stabilizedTipPosition":[14.5241,282.22,-34.9752],"timeVisible":14.0007,"tipPosition":[15.0556,281.639,-35.2239],"tipVelocity":[-45.417,81.1774,13.7416],"tool":false,"touchDistance":-0.0685815,"touchZone":"touching","type":0,"width":19.8498},{"bases":[[[0.987295,0.153707,0.0402927],[-0.149407,0.811631,0.564742],[0.0541021,-0.563587,0.824283]],[[0.974214,0.218495,-0.0562791],[-0.127878,0.740205,0.660108],[0.185889,-0.63589,0.749059]],[[0.974214,0.218495,-0.0562791],[-0.165243,0.860777,0.481412],[0.15363,-0.459699,0.874685]],[[0.974214,0.218495,-0.0562791],[-0.190379,0.929906,0.31469],[0.121093,-0.295861,0.947524]]],"btipPosition":[9.37885,334.057,-81.3591],"carpPosition":[26.7768,250.787,46.2227],"dipPosition":[11.4069,329.102,-65.49],"direction":[-0.15363,0.459699,-0.874685],"extended":true,"handId":473,"id":4731,"length":57.6453,"mcpPosition":[22.8752,291.431,-13.221],"pipPosition":[15.0468,318.21,-44.7664],"stabilizedTipPosition":[10.1081,332.385,-77.8383],"timeVisible":14.0007,"tipPosition":[9.67868,333.539,-77.2769],"tipVelocity":[-35.4829,76.497,19.2333],"tool":false,"touchDistance":-0.028958,"touchZone":"touching","type":1,"width":18.9605},{"bases":[[[0.996434,-0.0644791,0.0544169],[0.0208822,0.813362,0.581384],[-0.0817477,-0.578174,0.811808]],[[0.996156,-0.0664056,0.0571222],[0.0873691,0.706593,-0.702206],[0.0062683,0.704498,0.709679]],[[0.996156,-0.0664056,0.0571222],[0.00299157,-0.625954,-0.779854],[0.0875426,0.777027,-0.62335]],[[0.996156,-0.0664056,0.0571222],[-0.0497432,-0.965636,-0.255095],[0.072099,0.251273,-0.965227]]],"btipPosition":[39.8108,234.27,-6.72385],"carpPosition":[38.2847,254.302,47.1702],"dipPosition":[41.139,238.898,-24.5039],"direction":[-0.0875426,-0.777027,0.62335],"extended":false,"handId":473,"id":4732,"length":65.6822,"mcpPosition":[43.8753,293.843,-8.34866],"pipPosition":[43.5791,260.557,-41.8794],"stabilizedTipPosition":[41.2055,232.62,-10.9713],"timeVisible":14.0007,"tipPosition":[40.1566,235.347,-10.9634],"tipVelocity":[-27.2243,63.4128,-5.53841],"tool":false,"touchDistance":0.333333,"touchZone":"none","type":2,"width":18.6218},{"bases":[[[0.969115,-0.209989,0.129305],[0.0894029,0.787831,0.609368],[-0.229831,-0.578988,0.782273]],[[0.969656,-0.20862,0.127456],[0.236831,0.672249,-0.701422],[0.060649,0.710323,0.701258]],[[0.969656,-0.20862,0.127456],[-0.0370123,-0.64061,-0.766974],[0.241656,0.738983,-0.628893]],[[0.969656,-0.20862,0.127456],[-0.171193,-0.951611,-0.255204],[0.174529,0.22564,-0.95845]]],"btipPosition":[52.0067,234.955,3.56778],"carpPosition":[50.3093,254.713,47.6826],"dipPosition":[55.2031,239.087,-13.986],"direction":[-0.241656,-0.738983,0.628893],"extended":false,"handId":473,"id":4733,"length":63.1552,"mcpPosition":[64.4214,290.264,-0.350583],"pipPosition":[61.7652,259.154,-31.0633],"stabilizedTipPosition":[53.849,233.123,-0.592148],"timeVisible":14.0007,"tipPosition":[52.8071,235.876,-0.491887],"tipVelocity":[-25.7031,61.5729,-7.64272],"tool":false,"touchDistance":0.333333,"touchZone":"none","type":3,"width":17.7198},{"bases":[[[0.907819,-0.402856,0.116501],[0.218389,0.691311,0.688764],[-0.358011,-0.59983,0.715564]],[[0.880611,-0.443748,0.166171],[0.442229,0.643721,-0.624545],[0.170173,0.623466,0.763106]],[[0.880611,-0.443748,0.166171],[-0.126174,-0.557625,-0.820448],[0.456733,0.701529,-0.54704]],[[0.880611,-0.443748,0.166171],[-0.367942,-0.861347,-0.350285],[0.298569,0.247323,-0.921785]]],"btipPosition":[63.2589,243.148,5.16694],"carpPosition":[62.6094,248.293,46.226],"dipPosition":[68.3036,247.327,-10.4077],"direction":[-0.456733,-0.701529,0.54704],"extended":false,"handId":473,"id":4734,"length":49.5125,"mcpPosition":[82.9585,282.386,5.55389],"pipPosition":[77.0602,260.777,-20.8957],"stabilizedTipPosition":[65.5289,241.351,1.378],"timeVisible":14.0007,"tipPosition":[64.4403,244.15,1.55119],"tipVelocity":[-25.5369,61.425,-5.69447],"tool":false,"touchDistance":0.333333,"touchZone":"none","type":4,"width":15.7401}],"r":[[0.746229,0.477988,0.463325],[-0.385576,0.877722,-0.284492],[-0.542654,0.0336488,0.839282]],"s":1.1278,"t":[73.4731,-30.6852,-16.5585],"timestamp":93526251955},false],[2,{"currentFrameRate":55.3803,"devices":[],"gestures":[],"hands":[{"armBasis":[[0.996265,0.0850128,0.0151334],[-0.0855313,0.947488,0.308141],[0.0118573,-0.308285,0.95122]],"armWidth":62.4607,"confidence":0.713708,"direction":[0.0883318,0.695829,-0.712755],"elbow":[49.7747,159.632,300.406],"grabStrength":0,"id":473,"palmNormal":[0.137166,-0.717233,-0.6832],"palmPosition":[44.521,274.739,6.84473],"palmVelocity":[-29.7799,55.1062,1.64227],"palmWidth":89.1918,"pinchStrength":0.110342,"r":[[0.746147,0.476825,0.464653],[-0.38703,0.878516,-0.280029],[-0.54173,0.0291084,0.840048]],"s":1.12909,"sphereCenter":[18.9695,264.804,-34.5968],"sphereRadius":52.6387,"stabilizedPalmPosition":[44.7313,274.381,6.83878],"t":[72.9324,-29.6939,-16.537],"timeVisible":14.0187,"type":"right","wrist":[46.6365,241.224,48.6525]}],"id":1687269,"interactionBox":{"center":[0,200,0],"size":[235.247,235.247,147.751]},"pointables":[{"bases":[[[0.291557,0.792348,0.535891],[-0.889827,0.0190856,0.4559],[0.351003,-0.609771,0.710617]],[[0.294168,0.787775,0.54118],[-0.843534,-0.0522192,0.534532],[0.449351,-0.613746,0.649153]],[[0.294168,0.787775,0.54118],[-0.931826,0.362303,-0.0208789],[-0.212519,-0.498144,0.840648]],[[0.294168,0.787775,0.54118],[-0.839505,0.483625,-0.247667],[-0.456834,-0.381467,0.803608]]],"btipPosition":[15.8179,285.682,-38.9223],"carpPosition":[20.2221,230.251,39.373],"dipPosition":[5.33764,276.931,-20.4867],"direction":[0.212519,0.498144,-0.840648],"extended":false,"handId":473,"id":4730,"length":51.0864,"mcpPosition":[20.2221,230.251,39.373],"pipPosition":[-1.76512,260.282,7.60925],"stabilizedTipPosition":[13.5094,283.537,-34.7089],"timeVisible":14.0187,"tipPosition":[14.0979,282.846,-34.9765],"tipVelocity":[-49.6786,74.6112,14.2954],"tool":false,"touchDistance":-0.0641035,"touchZone":"touching","type":0,"width":19.8498},{"bases":[[[0.987427,0.153718,0.0368713],[-0.147305,0.81012,0.567457],[0.0573579,-0.565754,0.822577]],[[0.974108,0.218304,-0.0587912],[-0.125603,0.738782,0.662136],[0.187981,-0.637608,0.747074]],[[0.974108,0.218304,-0.0587912],[-0.163497,0.859819,0.483714],[0.156146,-0.461578,0.873249]],[[0.974108,0.218304,-0.0587912],[-0.189127,0.929328,0.317143],[0.12387,-0.297813,0.946554]]],"btipPosition":[8.49259,335.168,-81.0777],"carpPosition":[26.3196,251.592,46.2472],"dipPosition":[10.5671,330.18,-65.2248],"direction":[-0.156146,0.461578,-0.873249],"extended":true,"handId":473,"id":4731,"length":57.6453,"mcpPosition":[22.1832,292.392,-13.0734],"pipPosition":[14.2667,319.244,-44.5352],"stabilizedTipPosition":[9.16599,333.739,-77.5016],"timeVisible":14.0187,"tipPosition":[8.78421,334.625,-77.0028],"tipVelocity":[-41.6958,69.2538,17.4211],"tool":false,"touchDistance":-0.0243292,"touchZone":"touching","type":1,"width":18.9605},{"bases":[[[0.996645,-0.0645042,0.050384],[0.0230473,0.811827,0.583443],[-0.0785376,-0.580324,0.81059]],[[0.996361,-0.0665522,0.0532449],[0.0847562,0.707874,-0.701236],[0.00897808,0.703197,0.710939]],[[0.996361,-0.0665522,0.0532449],[-0.00000343911,-0.624749,-0.780826],[0.0852304,0.777984,-0.622476]],[[0.996361,-0.0665522,0.0532449],[-0.0507592,-0.965192,-0.256571],[0.0684669,0.252934,-0.965058]]],"btipPosition":[39.1406,235.225,-6.73836],"carpPosition":[37.8306,255.106,47.1594],"dipPosition":[40.4018,239.884,-24.5153],"direction":[-0.0852304,-0.777984,0.622476],"extended":false,"handId":473,"id":4732,"length":65.6822,"mcpPosition":[43.2018,294.794,-8.27617],"pipPosition":[42.7776,261.57,-41.8665],"stabilizedTipPosition":[40.684,233.7,-10.9289],"timeVisible":14.0187,"tipPosition":[39.4725,236.307,-10.9932],"tipVelocity":[-32.3554,58.6584,-3.27519],"tool":false,"touchDistance":0.333333,"touchZone":"none","type":2,"width":18.6218},{"bases":[[[0.969632,-0.210215,0.124993],[0.0916789,0.786231,0.611094],[-0.226734,-0.581078,0.781627]],[[0.970117,-0.208967,0.123315],[0.234177,0.673307,-0.701298],[0.0635193,0.709218,0.702122]],[[0.970117,-0.208967,0.123315],[-0.0407599,-0.641351,-0.766164],[0.239191,0.738242,-0.630703]],[[0.970117,-0.208967,0.123315],[-0.172913,-0.951935,-0.252824],[0.17022,0.223946,-0.959622]]],"btipPosition":[51.3845,235.986,3.58387],"carpPosition":[49.8571,255.516,47.6262],"dipPosition":[54.502,240.088,-13.9914],"direction":[-0.239191,-0.738242,0.630703],"extended":false,"handId":473,"id":4733,"length":63.1552,"mcpPosition":[63.7791,291.196,-0.367272],"pipPosition":[60.9971,260.134,-31.1178],"stabilizedTipPosition":[53.3609,234.186,-0.5548],"timeVisible":14.0187,"tipPosition":[52.1648,236.868,-0.529516],"tipVelocity":[-30.3642,59.3363,-3.72553],"tool":false,"touchDistance":0.333333,"touchZone":"none","type":3,"width":17.7198},{"bases":[[[0.908307,-0.403054,0.111918],[0.220982,0.689517,0.689734],[-0.355169,-0.601759,0.715361]],[[0.881277,-0.444107,0.161617],[0.439662,0.644997,-0.625041],[0.173342,0.621891,0.763678]],[[0.881277,-0.444107,0.161617],[-0.129793,-0.556262,-0.820808],[0.454428,0.702383,-0.547863]],[[0.881277,-0.444107,0.161617],[-0.369534,-0.860721,-0.350149],[0.29461,0.248855,-0.922646]]],"btipPosition":[62.6414,244.079,5.06805],"carpPosition":[62.1522,249.102,46.1051],"dipPosition":[67.6192,248.284,-10.5211],"direction":[-0.454428,-0.702383,0.547863],"extended":false,"handId":473,"id":4734,"length":49.5125,"mcpPosition":[82.3397,283.305,5.44449],"pipPosition":[76.3316,261.75,-21.0249],"stabilizedTipPosition":[65.0403,242.387,1.40731],"timeVisible":14.0187,"tipPosition":[63.808,245.083,1.43563],"tipVelocity":[-30.0805,56.9567,-5.6842],"tool":false,"touchDistance":0.333333,"touchZone":"none","type":4,"width":15.7401}],"r":[[0.746147,0.476825,0.464653],[-0.38703,0.878516,-0.280029],[-0.54173,0.0291084,0.840048]],"s":1.12909,"t":[72.9324,-29.6939,-16.537],"timestamp":93526269976},false],[3,{"currentFrameRate":55.3766,"devices":[],"gestures":[],"hands":[{"armBasis":[[0.996361,0.0846393,0.0100785],[-0.0835999,0.947302,0.30924],[0.0166264,-0.308957,0.950931]],"armWidth":62.4607,"confidence":0.719739,"direction":[0.0880743,0.697067,-0.711576],"elbow":[50.4612,160.028,300.551],"grabStrength":0,"id":473,"palmNormal":[0.13504,-0.716113,-0.684797],"palmPosition":[43.9203,275.396,7.13405],"palmVelocity":[-31.425,46.2015,8.46845],"palmWidth":89.1918,"pinchStrength":0.107111,"r":[[0.74637,0.47551,0.465641],[-0.388046,0.879346,-0.27599],[-0.540696,0.0253007,0.840838]],"s":1.13016,"sphereCenter":[18.3333,265.568,-34.2911],"sphereRadius":52.6339,"stabilizedPalmPosition":[44.1162,275.151,7.06273],"t":[72.3617,-28.8697,-16.3816],"timeVisible":14.0368,"type":"right","wrist":[46.0608,241.798,48.8743]}],"id":1687270,"interactionBox":{"center":[0,200,0],"size":[235.247,235.247,147.751]},"pointables":[{"bases":[[[0.293536,0.790928,0.536907],[-0.88903,0.0194211,0.457437],[0.351373,-0.611601,0.708859]],[[0.296609,0.785528,0.54311],[-0.84209,-0.0531145,0.536715],[0.450452,-0.616542,0.645732]],[[0.296609,0.785528,0.54311],[-0.931716,0.362838,-0.0159528],[-0.209592,-0.501292,0.83951]],[[0.296609,0.785528,0.54311],[-0.839703,0.485404,-0.243478],[-0.454887,-0.383833,0.803586]]],"btipPosition":[15.0153,286.607,-38.4709],"carpPosition":[19.6159,230.879,39.6185],"dipPosition":[4.57974,277.801,-20.0358],"direction":[0.209592,0.501292,-0.83951],"extended":false,"handId":473,"id":4730,"length":51.0864,"mcpPosition":[19.6159,230.879,39.6185],"pipPosition":[-2.4252,261.047,8.02215],"stabilizedTipPosition":[12.68,284.506,-34.2655],"timeVisible":14.0368,"tipPosition":[13.3072,283.764,-34.5406],"tipVelocity":[-46.9062,63.1384,19.3687],"tool":false,"touchDistance":-0.0565818,"touchZone":"touching","type":0,"width":19.8498},{"bases":[[[0.987695,0.152309,0.0354964],[-0.145247,0.809234,0.569248],[0.0579768,-0.567399,0.821399]],[[0.974427,0.216701,-0.0594278],[-0.123678,0.738043,0.663322],[0.187603,-0.639009,0.745971]],[[0.974427,0.216701,-0.0594278],[-0.161558,0.85947,0.484985],[0.156173,-0.462982,0.872501]],[[0.974427,0.216701,-0.0594278],[-0.187237,0.929265,0.318447],[0.124232,-0.299176,0.946076]]],"btipPosition":[7.8915,336.008,-80.6447],"carpPosition":[25.7539,252.199,46.5231],"dipPosition":[9.97213,330.997,-64.7999],"direction":[-0.156173,0.462982,-0.872501],"extended":true,"handId":473,"id":4731,"length":57.6453,"mcpPosition":[21.5729,293.117,-12.7127],"pipPosition":[13.6723,320.028,-44.128],"stabilizedTipPosition":[8.48047,334.701,-77.07],"timeVisible":14.0368,"tipPosition":[8.16927,335.447,-76.5751],"tipVelocity":[-37.6525,58.3088,20.478],"tool":false,"touchDistance":-0.0171443,"touchZone":"touching","type":1,"width":18.9605},{"bases":[[[0.99664,-0.0659501,0.0485776],[0.0251335,0.81068,0.584949],[-0.0779584,-0.581763,0.809614]],[[0.996353,-0.0680397,0.0514858],[0.0845952,0.709034,-0.700081],[0.0111281,0.701884,0.712205]],[[0.996353,-0.0680397,0.0514858],[-0.00216032,-0.623338,-0.781949],[0.0852967,0.778986,-0.621212]],[[0.996353,-0.0680397,0.0514858],[-0.0525301,-0.96465,-0.258245],[0.0672368,0.254599,-0.964706]]],"btipPosition":[38.4608,235.916,-6.51006],"carpPosition":[37.2713,255.696,47.4225],"dipPosition":[39.6994,240.606,-24.2805],"direction":[-0.0852967,-0.778986,0.621212],"extended":false,"handId":473,"id":4732,"length":65.6822,"mcpPosition":[42.6028,295.482,-7.94636],"pipPosition":[42.077,262.319,-41.5965],"stabilizedTipPosition":[40.1214,234.656,-10.8327],"timeVisible":14.0368,"tipPosition":[38.7876,237.005,-10.7636],"tipVelocity":[-34.9918,49.1457,4.32213],"tool":false,"touchDistance":0.333333,"touchZone":"none","type":2,"width":18.6218},{"bases":[[[0.969555,-0.211766,0.122954],[0.0937767,0.784938,0.612436],[-0.226205,-0.58226,0.7809]],[[0.969994,-0.210631,0.121432],[0.234033,0.67358,-0.701084],[0.0658756,0.708466,0.702663]],[[0.969994,-0.210631,0.121432],[-0.0436929,-0.642346,-0.765168],[0.23917,0.736903,-0.632275]],[[0.969994,-0.210631,0.121432],[-0.175387,-0.9521,-0.25049],[0.168377,0.221676,-0.960473]]],"btipPosition":[50.725,236.742,3.9066],"carpPosition":[49.2991,256.089,47.8698],"dipPosition":[53.8088,240.802,-13.6842],"direction":[-0.23917,-0.736903,0.632275],"extended":false,"handId":473,"id":4733,"length":63.1552,"mcpPosition":[63.1885,291.841,-0.0790972],"pipPosition":[60.3034,260.812,-30.8534],"stabilizedTipPosition":[52.8303,235.147,-0.440357],"timeVisible":14.0368,"tipPosition":[51.4953,237.586,-0.251728],"tipVelocity":[-33.4797,50.7599,6.43497],"tool":false,"touchDistance":0.333333,"touchZone":"none","type":3,"width":17.7198},{"bases":[[[0.907946,-0.404497,0.109615],[0.223081,0.6879,0.690673],[-0.354779,-0.602641,0.714812]],[[0.880947,-0.445605,0.159278],[0.439409,0.645347,-0.624857],[0.175649,0.620454,0.764319]],[[0.880947,-0.445605,0.159278],[-0.132214,-0.554953,-0.821308],[0.454371,0.70247,-0.547799]],[[0.880947,-0.445605,0.159278],[-0.371454,-0.85969,-0.350648],[0.293181,0.249738,-0.922863]]],"btipPosition":[61.9952,244.721,5.29002],"carpPosition":[61.5828,249.66,46.3156],"dipPosition":[66.9488,248.941,-10.3028],"direction":[-0.454371,-0.70247,0.547799],"extended":false,"handId":473,"id":4734,"length":49.5125,"mcpPosition":[81.7482,283.914,5.68626],"pipPosition":[75.6601,262.409,-20.8053],"stabilizedTipPosition":[64.511,243.305,1.48962],"timeVisible":14.0368,"tipPosition":[63.1564,245.726,1.64953],"tipVelocity":[-32.9258,46.8598,2.82998],"tool":false,"touchDistance":0.333333,"touchZone":"none","type":4,"width":15.7401}],"r":[[0.74637,0.47551,0.465641],[-0.388046,0.879346,-0.27599],[-0.540696,0.0253007,0.840838]],"s":1.13016,"t":[72.3617,-28.8697,-16.3816],"timestamp":93526288047},false],[4,{"currentFrameRate":55.3732,"devices":[],"gestures":[],"hands":[{"armBasis":[[0.996374,0.0847756,0.00723032],[-0.0827949,0.946491,0.311928],[0.0196005,-0.311396,0.950078]],"armWidth":62.4607,"confidence":0.710179,"direction":[0.0878455,0.697903,-0.710784],"elbow":[50.3535,160.152,300.696],"grabStrength":0,"id":473,"palmNormal":[0.133809,-0.715343,-0.685842],"palmPosition":[43.0067,276.219,7.54946],"palmVelocity":[-40.5132,45.8958,15.3665],"palmWidth":89.1918,"pinchStrength":0.106057,"r":[[0.746716,0.474229,0.466393],[-0.388783,0.880124,-0.272452],[-0.539688,0.0221183,0.841575]],"s":1.13102,"sphereCenter":[17.4503,266.461,-33.8548],"sphereRadius":52.6055,"stabilizedPalmPosition":[43.2871,275.949,7.42645],"t":[71.6195,-28.046,-16.0962],"timeVisible":14.0548,"type":"right","wrist":[45.166,242.567,49.2449]}],"id":1687271,"interactionBox":{"center":[0,200,0],"size":[235.247,235.247,147.751]},"pointables":[{"bases":[[[0.294668,0.790034,0.537603],[-0.888541,0.0194883,0.458382],[0.351661,-0.612753,0.70772]],[[0.297813,0.7845,0.543936],[-0.841407,-0.0534366,0.537753],[0.450934,-0.617822,0.64417]],[[0.297813,0.7845,0.543936],[-0.931749,0.362862,-0.0131973],[-0.207727,-0.502882,0.839023]],[[0.297813,0.7845,0.543936],[-0.840258,0.485846,-0.240666],[-0.453072,-0.385373,0.803874]]],"btipPosition":[13.9754,287.558,-38.0006],"carpPosition":[18.7035,231.679,40.0027],"dipPosition":[3.58147,278.717,-19.5589],"direction":[0.207727,0.502882,-0.839023],"extended":false,"handId":473,"id":4730,"length":51.0864,"mcpPosition":[18.7035,231.679,40.0027],"pipPosition":[-3.36113,261.909,8.48276],"stabilizedTipPosition":[11.6551,285.459,-33.7915],"timeVisible":14.0548,"tipPosition":[12.2751,284.727,-34.0605],"tipVelocity":[-51.7093,57.9288,22.5706],"tool":false,"touchDistance":-0.0487184,"touchZone":"touching","type":0,"width":19.8498},{"bases":[[[0.987842,0.151546,0.0346658],[-0.144068,0.808618,0.570422],[0.0584137,-0.568481,0.82062]],[[0.97467,0.215597,-0.0594587],[-0.122677,0.737693,0.663897],[0.186997,-0.639787,0.745456]],[[0.97467,0.215597,-0.0594587],[-0.160521,0.85951,0.485258],[0.155726,-0.463422,0.872347]],[[0.97467,0.215597,-0.0594587],[-0.186179,0.92949,0.31841],[0.123915,-0.299275,0.946086]]],"btipPosition":[7.01177,336.918,-80.1586],"carpPosition":[24.8642,252.986,46.9279],"dipPosition":[9.08709,331.905,-64.3136],"direction":[-0.155726,0.463422,-0.872347],"extended":true,"handId":473,"id":4731,"length":57.6453,"mcpPosition":[20.6517,293.982,-12.2517],"pipPosition":[12.7766,320.926,-43.6453],"stabilizedTipPosition":[7.60947,335.636,-76.5817],"timeVisible":14.0548,"tipPosition":[7.26885,336.347,-76.0909],"tipVelocity":[-42.9246,54.5073,23.5313],"tool":false,"touchDistance":-0.00904115,"touchZone":"touching","type":1,"width":18.9605},{"bases":[[[0.996641,-0.0667363,0.0474616],[0.0263295,0.809921,0.585948],[-0.0775441,-0.582731,0.808957]],[[0.996345,-0.0689118,0.050482],[0.0845356,0.710386,-0.698718],[0.0122882,0.700431,0.713614]],[[0.996345,-0.0689118,0.050482],[-0.00332364,-0.621782,-0.783183],[0.0853594,0.780153,-0.619738]],[[0.996345,-0.0689118,0.050482],[-0.0535227,-0.964174,-0.259815],[0.0665777,0.256163,-0.964338]]],"btipPosition":[37.5019,236.766,-6.18232],"carpPosition":[36.385,256.473,47.8198],"dipPosition":[38.7283,241.485,-23.946],"direction":[-0.0853594,-0.780153,0.619738],"extended":false,"handId":473,"id":4732,"length":65.6822,"mcpPosition":[41.6882,296.325,-7.50415],"pipPosition":[41.1076,263.231,-41.2209],"stabilizedTipPosition":[39.4643,235.555,-10.6739],"timeVisible":14.0548,"tipPosition":[37.8253,237.86,-10.4126],"tipVelocity":[-43.6524,48.3347,10.9261],"tool":false,"touchDistance":0.333333,"touchZone":"none","type":2,"width":18.6218},{"bases":[[[0.969527,-0.212627,0.121682],[0.0949824,0.784094,0.613331],[-0.22582,-0.583084,0.780396]],[[0.969887,-0.211695,0.120435],[0.233941,0.672165,-0.702471],[0.0677574,0.709493,0.701448]],[[0.969887,-0.211695,0.120435],[-0.0463325,-0.645827,-0.762077],[0.239109,0.733548,-0.636187]],[[0.969887,-0.211695,0.120435],[-0.177526,-0.953004,-0.245495],[0.166746,0.216722,-0.961887]]],"btipPosition":[49.7651,237.697,4.50822],"carpPosition":[48.4136,256.856,48.2551],"dipPosition":[52.819,241.666,-13.1085],"direction":[-0.239109,-0.733548,0.636187],"extended":false,"handId":473,"id":4733,"length":63.1552,"mcpPosition":[62.2794,292.659,0.337169],"pipPosition":[59.3119,261.586,-30.3839],"stabilizedTipPosition":[52.2149,236.049,-0.206827],"timeVisible":14.0548,"tipPosition":[50.5314,238.489,0.260971],"tipVelocity":[-42.9918,51.2097,19.0382],"tool":false,"touchDistance":0.333333,"touchZone":"none","type":3,"width":17.7198},{"bases":[[[0.907764,-0.405296,0.108162],[0.224297,0.686862,0.691311],[-0.354478,-0.603287,0.714416]],[[0.880767,-0.446473,0.157834],[0.439194,0.645525,-0.624825],[0.177082,0.619645,0.764645]],[[0.880767,-0.446473,0.157834],[-0.133946,-0.554573,-0.821284],[0.454211,0.702219,-0.548253]],[[0.880767,-0.446473,0.157834],[-0.3728,-0.859259,-0.350278],[0.292009,0.249673,-0.923252]]],"btipPosition":[61.0595,245.553,5.68101],"carpPosition":[60.691,250.421,46.6801],"dipPosition":[65.9933,249.771,-9.91839],"direction":[-0.454211,-0.702219,0.548253],"extended":false,"handId":473,"id":4734,"length":49.5125,"mcpPosition":[80.8393,284.711,6.07326],"pipPosition":[74.7016,263.234,-20.4296],"stabilizedTipPosition":[63.8899,244.168,1.65142],"timeVisible":14.0548,"tipPosition":[62.2154,246.55,2.02795],"tipVelocity":[-42.0023,46.452,11.725],"tool":false,"touchDistance":0.333333,"touchZone":"none","type":4,"width":15.7401}],"r":[[0.746716,0.474229,0.466393],[-0.388783,0.880124,-0.272452],[-0.539688,0.0221183,0.841575]],"s":1.13102,"t":[71.6195,-28.046,-16.0962],"timestamp":93526306118},false],[5,{"currentFrameRate":55.3709,"devices":[],"gestures":[],"hands":[{"armBasis":[[0.996687,0.0811334,0.00575517],[-0.0786058,0.942619,0.324484],[0.0209015,-0.323861,0.945874]],"armWidth":62.4607,"confidence":0.698758,"direction":[0.0885799,0.697932,-0.710665],"elbow":[49.8221,157.888,299.567],"grabStrength":0,"id":473,"palmNormal":[0.127663,-0.715541,-0.686807],"palmPosition":[42.1382,277.292,7.56288],"palmVelocity":[-44.1021,52.2964,8.41957],"palmWidth":89.1918,"pinchStrength":0.106,"r":[[0.747816,0.472405,0.466481],[-0.388707,0.881155,-0.269208],[-0.538218,0.0199937,0.842569]],"s":1.13157,"sphereCenter":[16.4629,267.673,-33.7518],"sphereRadius":52.5703,"stabilizedPalmPosition":[42.4236,276.959,7.52899],"t":[70.8142,-27.0978,-15.9468],"timeVisible":14.0729,"type":"right","wrist":[44.2902,243.602,49.2281]}],"id":1687272,"interactionBox":{"center":[0,200,0],"size":[235.247,235.247,147.751]},"pointables":[{"bases":[[[0.30061,0.788215,0.536983],[-0.886681,0.023568,0.46178],[0.351326,-0.614949,0.70598]],[[0.303657,0.782831,0.54311],[-0.839483,-0.0497713,0.541102],[0.450622,-0.620241,0.64206]],[[0.303657,0.782831,0.54311],[-0.930139,0.367096,-0.00907784],[-0.20648,-0.502411,0.839613]],[[0.303657,0.782831,0.54311],[-0.839398,0.489494,-0.236235],[-0.450781,-0.384151,0.805745]]],"btipPosition":[12.9322,288.804,-37.8827],"carpPosition":[17.7393,232.85,40.0799],"dipPosition":[2.59082,279.991,-19.3981],"direction":[0.20648,0.502411,-0.839613],"extended":false,"handId":473,"id":4730,"length":51.0864,"mcpPosition":[17.7393,232.85,40.0799],"pipPosition":[-4.3101,263.2,8.66326],"stabilizedTipPosition":[10.6062,286.714,-33.6389],"timeVisible":14.0729,"tipPosition":[11.2358,286.005,-33.9209],"tipVelocity":[-54.2551,63.3466,15.2075],"tool":false,"touchDistance":-0.0465892,"touchZone":"touching","type":0,"width":19.8498},{"bases":[[[0.988703,0.146648,0.0309955],[-0.137901,0.808941,0.571487],[0.0587338,-0.569305,0.820026]],[[0.975662,0.210271,-0.0622101],[-0.116789,0.738404,0.664168],[0.185591,-0.640738,0.74499]],[[0.975662,0.210271,-0.0622101],[-0.154489,0.860475,0.485506],[0.155618,-0.464079,0.872017]],[[0.975662,0.210271,-0.0622101],[-0.180236,0.930577,0.318657],[0.124895,-0.299689,0.945827]]],"btipPosition":[6.20123,338.176,-80.0165],"carpPosition":[24.0315,254.122,46.9953],"dipPosition":[8.29297,333.157,-64.1759],"direction":[-0.155618,0.464079,-0.872017],"extended":true,"handId":473,"id":4731,"length":57.6453,"mcpPosition":[19.7959,295.178,-12.1414],"pipPosition":[11.98,322.161,-43.5154],"stabilizedTipPosition":[6.76665,336.895,-76.3922],"timeVisible":14.0729,"tipPosition":[6.44335,337.594,-75.9505],"tipVelocity":[-43.7449,61.6577,16.0611],"tool":false,"touchDistance":-0.00669049,"touchZone":"touching","type":1,"width":18.9605},{"bases":[[[0.996473,-0.0716836,0.0436172],[0.0325594,0.809393,0.586364],[-0.0773361,-0.582876,0.808872]],[[0.996167,-0.0739359,0.0467432],[0.0855143,0.710719,-0.698259],[0.0184051,0.69958,0.714318]],[[0.996167,-0.0739359,0.0467432],[-0.00934658,-0.621286,-0.783528],[0.0869718,0.780088,-0.619596]],[[0.996167,-0.0739359,0.0467432],[-0.0593454,-0.963836,-0.259805],[0.0642617,0.256035,-0.964529]]],"btipPosition":[36.384,237.9,-6.18451],"carpPosition":[35.5727,257.552,47.8454],"dipPosition":[37.5677,242.616,-23.9517],"direction":[-0.0869718,-0.780088,0.619596],"extended":false,"handId":473,"id":4732,"length":65.6822,"mcpPosition":[40.8616,297.414,-7.47266],"pipPosition":[39.992,264.36,-41.2226],"stabilizedTipPosition":[38.6811,236.511,-10.5615],"timeVisible":14.0729,"tipPosition":[36.697,238.984,-10.4078],"tipVelocity":[-52.5651,55.1561,5.65688],"tool":false,"touchDistance":0.333333,"touchZone":"none","type":2,"width":18.6218},{"bases":[[[0.968923,-0.217487,0.117846],[0.101188,0.78321,0.613469],[-0.22572,-0.582479,0.780877]],[[0.969186,-0.216807,0.116934],[0.234747,0.669049,-0.705172],[0.0746514,0.710892,0.699328]],[[0.969186,-0.216807,0.116934],[-0.0536798,-0.649184,-0.758734],[0.240411,0.729078,-0.640819]],[[0.969186,-0.216807,0.116934],[-0.184197,-0.953047,-0.240362],[0.163556,0.211416,-0.963614]]],"btipPosition":[48.671,238.837,4.70902],"carpPosition":[47.6045,257.876,48.2351],"dipPosition":[51.6665,242.709,-12.9393],"direction":[-0.240411,-0.729078,0.640818],"extended":false,"handId":473,"id":4733,"length":63.1552,"mcpPosition":[61.4642,293.641,0.287712],"pipPosition":[58.1947,262.506,-30.3405],"stabilizedTipPosition":[51.4843,236.99,0.0124311],"timeVisible":14.0729,"tipPosition":[49.4282,239.588,0.379415],"tipVelocity":[-51.6878,56.2537,15.0824],"tool":false,"touchDistance":0.333333,"touchZone":"none","type":3,"width":17.7198},{"bases":[[[0.906159,-0.409841,0.104439],[0.230317,0.68529,0.690892],[-0.354727,-0.602004,0.715374]],[[0.878346,-0.452013,0.15554],[0.442508,0.645759,-0.622239],[0.180818,0.615369,0.767219]],[[0.878346,-0.452013,0.15554],[-0.138742,-0.552433,-0.82193],[0.457448,0.700359,-0.54794]],[[0.878346,-0.452013,0.15554],[-0.379489,-0.857207,-0.348116],[0.290683,0.24674,-0.924458]]],"btipPosition":[60.0574,246.673,5.48078],"carpPosition":[59.844,251.381,46.6092],"dipPosition":[64.9688,250.842,-10.139],"direction":[-0.457448,-0.700359,0.54794],"extended":false,"handId":473,"id":4734,"length":49.5125,"mcpPosition":[80.0064,285.598,5.94787],"pipPosition":[73.7391,264.269,-20.6443],"stabilizedTipPosition":[63.1694,245.091,1.71455],"timeVisible":14.0729,"tipPosition":[61.1971,247.61,1.87639],"tipVelocity":[-48.5322,53.5412,0.76742],"tool":false,"touchDistance":0.333333,"touchZone":"none","type":4,"width":15.7401}],"r":[[0.747816,0.472405,0.466481],[-0.388707,0.881155,-0.269208],[-0.538218,0.0199937,0.842569]],"s":1.13157,"t":[70.8142,-27.0978,-15.9468],"timestamp":93526324186},false],[6,{"currentFrameRate":55.3585,"devices":[],"gestures":[],"hands":[{"armBasis":[[0.997366,0.0724806,-0.00273254],[-0.0677011,0.943795,0.323525],[0.0260282,-0.322488,0.946216]],"armWidth":62.4607,"confidence":0.694368,"direction":[0.0873911,0.695546,-0.713147],"elbow":[50.5025,159.298,299.732],"grabStrength":0,"id":473,"palmNormal":[0.115015,-0.718144,-0.686324],"palmPosition":[41.333,278.26,7.58044],"palmVelocity":[-44.279,52.8576,4.87525],"palmWidth":89.1918,"pinchStrength":0.106199,"r":[[0.750384,0.469923,0.464861],[-0.3877,0.88249,-0.266269],[-0.535361,0.0195773,0.844396]],"s":1.13188,"sphereCenter":[15.3002,268.737,-33.4588],"sphereRadius":52.5193,"stabilizedPalmPosition":[41.6007,277.941,7.56781],"t":[70.0089,-26.1395,-15.8633],"timeVisible":14.091,"type":"right","wrist":[43.6138,244.649,49.3023]}],"id":1687273,"interactionBox":{"center":[0,200,0],"size":[235.247,235.247,147.751]},"pointables":[{"bases":[[[0.312357,0.786921,0.532154],[-0.881896,0.0319759,0.470359],[0.35312,-0.616224,0.70397]],[[0.315348,0.781654,0.53812],[-0.834517,-0.0415613,0.549412],[0.451815,-0.622326,0.639197]],[[0.315348,0.781654,0.53812],[-0.927137,0.374721,-0.000987836],[-0.202417,-0.498599,0.842868]],[[0.315348,0.781654,0.53812],[-0.837764,0.49567,-0.229047],[-0.445765,-0.378588,0.81115]]],"btipPosition":[11.7704,289.897,-37.616],"carpPosition":[16.8867,234.097,40.4393],"dipPosition":[1.54402,281.212,-19.0074],"direction":[0.202417,0.498599,-0.842868],"extended":false,"handId":473,"id":4730,"length":51.0864,"mcpPosition":[16.8867,234.097,40.4393],"pipPosition":[-5.22111,264.548,9.16274],"stabilizedTipPosition":[9.46992,287.848,-33.3492],"timeVisible":14.091,"tipPosition":[10.0811,287.141,-33.6206],"tipVelocity":[-58.2753,62.7157,15.7287],"tool":false,"touchDistance":-0.0416692,"touchZone":"touching","type":0,"width":19.8498},{"bases":[[[0.990138,0.138515,0.0209924],[-0.125609,0.811362,0.570889],[0.0620441,-0.567895,0.820759]],[[0.97692,0.201372,-0.0712494],[-0.104549,0.741642,0.662598],[0.18627,-0.639857,0.745578]],[[0.97692,0.201372,-0.0712494],[-0.142794,0.863739,0.483285],[0.158861,-0.461957,0.872559]],[[0.97692,0.201372,-0.0712494],[-0.169386,0.933535,0.315943],[0.130136,-0.296582,0.946099]]],"btipPosition":[5.15972,339.144,-79.8643],"carpPosition":[23.4219,255.332,47.2425],"dipPosition":[7.33923,334.177,-64.0191],"direction":[-0.158861,0.461957,-0.872559],"extended":true,"handId":473,"id":4731,"length":57.6453,"mcpPosition":[18.9475,296.286,-11.9471],"pipPosition":[11.1031,323.232,-43.3458],"stabilizedTipPosition":[5.73225,337.931,-76.231],"timeVisible":14.091,"tipPosition":[5.40285,338.577,-75.7918],"tipVelocity":[-49.7682,58.0826,12.4463],"tool":false,"touchDistance":-0.00413635,"touchZone":"touching","type":1,"width":18.9605},{"bases":[[[0.996225,-0.079844,0.0340547],[0.0449867,0.810434,0.5841],[-0.074236,-0.580363,0.810967]],[[0.995928,-0.0821068,0.0372172],[0.084587,0.70838,-0.700744],[0.0311719,0.701039,0.712441]],[[0.995928,-0.0821068,0.0372172],[-0.0221638,-0.623192,-0.781755],[0.0873808,0.777747,-0.622475]],[[0.995928,-0.0821068,0.0372172],[-0.0698873,-0.964,-0.256553],[0.0569421,0.252907,-0.965813]]],"btipPosition":[35.1183,238.897,-6.00884],"carpPosition":[34.9988,258.667,47.9718],"dipPosition":[36.1672,243.556,-23.7997],"direction":[-0.0873808,-0.777747,0.622475],"extended":false,"handId":473,"id":4732,"length":65.6822,"mcpPosition":[40.0757,298.358,-7.48953],"pipPosition":[38.6029,265.235,-41.1508],"stabilizedTipPosition":[37.7572,237.473,-10.4334],"timeVisible":14.091,"tipPosition":[35.3986,239.963,-10.2388],"tipVelocity":[-61.6271,54.7802,7.43851],"tool":false,"touchDistance":0.333333,"touchZone":"none","type":2,"width":18.6218},{"bases":[[[0.968198,-0.225244,0.108895],[0.113658,0.783745,0.610595],[-0.222878,-0.5788,0.784421]],[[0.968372,-0.224791,0.10828],[0.233484,0.663373,-0.71093],[0.0879804,0.713726,0.694877]],[[0.968372,-0.224791,0.10828],[-0.0676215,-0.654172,-0.753317],[0.240172,0.722169,-0.648683]],[[0.968372,-0.224791,0.10828],[-0.195345,-0.953025,-0.231483],[0.155229,0.20301,-0.966794]]],"btipPosition":[47.5034,239.845,4.96624],"carpPosition":[47.0362,258.892,48.2433],"dipPosition":[50.3463,243.563,-12.7404],"direction":[-0.240172,-0.722169,0.648683],"extended":false,"handId":473,"id":4733,"length":63.1552,"mcpPosition":[60.7214,294.432,0.0782131],"pipPosition":[56.8681,263.173,-30.355],"stabilizedTipPosition":[50.6388,237.933,0.236394],"timeVisible":14.091,"tipPosition":[48.2246,240.542,0.562011],"tipVelocity":[-58.6984,55.0516,14.3131],"tool":false,"touchDistance":0.333333,"touchZone":"none","type":3,"width":17.7198},{"bases":[[[0.903717,-0.4171,0.096556],[0.242724,0.684935,0.686985],[-0.352677,-0.597404,0.720228]],[[0.875638,-0.459492,0.148742],[0.442905,0.64116,-0.626697],[0.192595,0.614639,0.764936]],[[0.875638,-0.459492,0.148742],[-0.151042,-0.553061,-0.819335],[0.458741,0.694975,-0.553684]],[[0.875638,-0.459492,0.148742],[-0.390569,-0.854862,-0.341566],[0.284101,0.240995,-0.928013]]],"btipPosition":[58.9801,247.549,5.35832],"carpPosition":[59.205,252.293,46.5133],"dipPosition":[63.7803,251.621,-10.3215],"direction":[-0.458741,-0.694975,0.553684],"extended":false,"handId":473,"id":4734,"length":49.5125,"mcpPosition":[79.2509,286.249,5.57608],"pipPosition":[72.5754,264.945,-20.9369],"stabilizedTipPosition":[62.3534,245.989,1.72444],"timeVisible":14.091,"tipPosition":[60.0921,248.444,1.75561],"tipVelocity":[-54.4201,50.4961,-3.17835],"tool":false,"touchDistance":0.333333,"touchZone":"none","type":4,"width":15.7401}],"r":[[0.750384,0.469923,0.464861],[-0.3877,0.88249,-0.266269],[-0.535361,0.0195773,0.844396]],"s":1.13188,"t":[70.0089,-26.1395,-15.8633],"timestamp":93526342293},fals