{"sensorType":"Leap","data":[[0,{"currentFrameRate":55.1709,"devices":[],"gestures":[{"center":[-31.1574,280.966,-95.8383],"duration":0,"handIds":[472],"id":7,"normal":[-0.024144,-0.0399754,0.998909],"pointableIds":[4721],"progress":1,"radius":17.4342,"state":"start","type":"circle"}],"hands":[{"armBasis":[[0.932377,0.3239,-0.160504],[-0.282402,0.929832,0.235928],[0.225659,-0.174647,0.958424]],"armWidth":62.4607,"confidence":0.798685,"direction":[-0.088237,0.523491,-0.84745],"elbow":[75.0152,184.059,306.575],"grabStrength":0,"id":472,"palmNormal":[0.268263,-0.806846,-0.52634],"palmPosition":[4.5889,252.529,5.31014],"palmVelocity":[25.7462,33.4902,49.6151],"palmWidth":89.1918,"pinchStrength":0.197167,"r":[[0.631882,0.690991,0.35108],[-0.676254,0.712837,-0.185859],[-0.378689,-0.119979,0.917714]],"s":1.08007,"sphereCenter":[-8.61488,227.858,-32.1388],"sphereRadius":49.2975,"stabilizedPalmPosition":[3.86428,251.586,3.86781],"t":[13.0921,28.0047,-87.3719],"timeVisible":6.8247,"type":"right","wrist":[15.2915,230.282,52.9142]}],"id":1685286,"interactionBox":{"center":[0,200,0],"size":[235.247,235.247,147.751]},"pointables":[{"bases":[[[0.128859,0.933984,0.33327],[-0.857571,-0.0638052,0.510393],[0.497963,-0.351571,0.792736]],[[0.0933142,0.956512,0.276364],[-0.845844,-0.0702624,0.528782],[0.525204,-0.283104,0.802504]],[[0.0933142,0.956512,0.276364],[-0.977639,0.140566,-0.156407],[-0.188453,-0.255589,0.94824]],[[0.0933142,0.956512,0.276364],[-0.846467,0.222359,-0.483788],[-0.524201,-0.188788,0.830405]]],"btipPosition":[-15.7544,239.059,-41.7598],"carpPosition":[-8.37976,212.333,48.2499],"dipPosition":[-27.7802,234.728,-22.7094],"direction":[0.188453,0.255589,-0.94824],"extended":false,"handId":472,"id":4720,"length":51.0864,"mcpPosition":[-8.37976,212.333,48.2499],"pipPosition":[-34.0786,226.186,8.98249],"stabilizedTipPosition":[-19.1231,237.943,-37.8416],"timeVisible":6.8247,"tipPosition":[-19.1966,238.475,-37.2083],"tipVelocity":[50.6363,14.4531,39.8556],"tool":false,"touchDistance":-0.154752,"touchZone":"touching","type":0,"width":19.8498},{"bases":[[[0.930863,0.35779,-0.0740319],[-0.302091,0.867653,0.394866],[0.205513,-0.345202,0.915751]],[[0.925199,0.366653,-0.0978401],[-0.266628,0.811537,0.51992],[0.270031,-0.454942,0.848594]],[[0.925199,0.366653,-0.0978401],[-0.323395,0.896696,0.302246],[0.198552,-0.247996,0.948196]],[[0.925199,0.366653,-0.0978401],[-0.356643,0.928213,0.105958],[0.129666,-0.0631386,0.989545]]],"btipPosition":[-39.9314,286.44,-90.8185],"carpPosition":[-6.8629,235.453,49.9967],"dipPosition":[-37.7598,285.383,-74.2457],"direction":[-0.198552,0.247996,-0.948196],"extended":true,"handId":472,"id":4721,"length":57.6453,"mcpPosition":[-21.6836,260.348,-16.0433],"pipPosition":[-33.0555,279.507,-51.7804],"stabilizedTipPosition":[-40.2249,285.706,-87.9473],"timeVisible":6.8247,"tipPosition":[-39.8393,287.23,-86.5402],"tipVelocity":[36.4879,24.8415,44.558],"tool":false,"touchDistance":-0.142422,"touchZone":"touching","type":1,"width":18.9605},{"bases":[[[0.987839,0.154672,-0.0158531],[-0.135783,0.907861,0.396675],[0.0757468,-0.389698,0.917822]],[[0.9853,0.165634,-0.0418116],[-0.122252,0.512717,-0.849809],[-0.11932,0.842429,0.52543]],[[0.9853,0.165634,-0.0418116],[0.0566023,-0.547467,-0.834911],[-0.16118,0.820272,-0.548794]],[[0.9853,0.165634,-0.0418116],[0.125505,-0.867907,-0.480609],[-0.115894,0.468297,-0.875938]]],"btipPosition":[10.7139,196.73,-6.91902],"carpPosition":[3.62894,241.372,49.2429],"dipPosition":[8.5791,205.356,-23.0543],"direction":[0.16118,-0.820272,0.548794],"extended":false,"handId":472,"id":4722,"length":65.6822,"mcpPosition":[-1.55132,268.024,-13.5262],"pipPosition":[4.08629,228.221,-38.3516],"stabilizedTipPosition":[8.88313,196.768,-12.6655],"timeVisible":6.8247,"tipPosition":[10.231,199.026,-10.2959],"tipVelocity":[24.3477,32.7449,41.2352],"tool":false,"touchDistance":0.333333,"touchZone":"none","type":2,"width":18.6218},{"bases":[[[0.995625,0.0267572,0.0895272],[-0.0623759,0.903706,0.423585],[-0.0695724,-0.427316,0.901422]],[[0.997037,0.0372751,0.0672954],[0.0343116,0.567471,-0.822678],[-0.0688536,0.822549,0.564511]],[[0.997037,0.0372751,0.0672954],[0.0769132,-0.500832,-0.86212],[0.00156811,0.864741,-0.502215]],[[0.997037,0.0372751,0.0672954],[0.0671314,-0.848782,-0.524464],[0.0375697,0.527427,-0.848769]]],"btipPosition":[21.8424,201.412,-2.22548],"carpPosition":[15.2857,244.341,48.6649],"dipPosition":[22.5305,211.072,-17.7705],"direction":[-0.00156811,-0.864741,0.502215],"extended":false,"handId":472,"id":4723,"length":63.1552,"mcpPosition":[19.5575,270.579,-6.68424],"pipPosition":[22.5731,234.554,-31.4079],"stabilizedTipPosition":[20.3469,201.638,-7.62674],"timeVisible":6.8247,"tipPosition":[21.9161,203.865,-5.04595],"tipVelocity":[25.5579,32.806,38.8027],"tool":false,"touchDistance":0.333333,"touchZone":"none","type":3,"width":17.7198},{"bases":[[[0.977409,-0.172569,0.122028],[0.0873396,0.85554,0.510316],[-0.192464,-0.48813,0.851285]],[[0.973305,-0.182433,0.139268],[0.221003,0.581221,-0.78316],[0.0619288,0.793032,0.606024]],[[0.973305,-0.182433,0.139268],[0.0347514,-0.482656,-0.87512],[0.226869,0.856599,-0.463432]],[[0.973305,-0.182433,0.139268],[-0.0747007,-0.825551,-0.559362],[0.217019,0.534026,-0.817141]]],"btipPosition":[29.4047,215.23,0.85876],"carpPosition":[28.628,240.418,47.5586],"dipPosition":[33.0715,224.253,-12.9478],"direction":[-0.226869,-0.856599,0.463432],"extended":false,"handId":472,"id":4724,"length":49.5125,"mcpPosition":[39.5676,268.163,-0.827794],"pipPosition":[37.4211,240.676,-21.8328],"stabilizedTipPosition":[28.4768,215.337,-4.65357],"timeVisible":6.8247,"tipPosition":[30.2048,217.491,-2.03665],"tipVelocity":[25.6567,32.6698,43.8186],"tool":false,"touchDistance":0.333333,"touchZone":"none","type":4,"width":15.7401}],"r":[[0.631882,0.690991,0.35108],[-0.676254,0.712837,-0.185859],[-0.378689,-0.119979,0.917714]],"s":1.08007,"t":[13.0921,28.0047,-87.3719],"timestamp":93492267895},false],[1,{"currentFrameRate":55.3623,"devices":[],"gestures":[{"center":[-31.1574,280.966,-95.8383],"duration":0,"handIds":[472],"id":7,"normal":[-0.024144,-0.0399754,0.998909],"pointableIds":[4721],"progress":1,"radius":17.4342,"state":"start","type":"circle"}],"hands":[{"armBasis":[[0.931908,0.323956,-0.163092],[-0.281858,0.929857,0.236479],[0.228261,-0.174408,0.957851]],"armWidth":62.4607,"confidence":0.807871,"direction":[-0.0868717,0.52338,-0.847659],"elbow":[75.9354,184.554,307.134],"grabStrength":0,"id":472,"palmNormal":[0.268137,-0.807192,-0.525874],"palmPosition":[4.89096,252.96,6.00508],"palmVelocity":[21.868,29.4506,45.1399],"palmWidth":89.1918,"pinchStrength":0.209642,"r":[[0.633108,0.689445,0.351908],[-0.675751,0.714015,-0.183147],[-0.377537,-0.121851,0.917942]],"s":1.07685,"sphereCenter":[-8.04665,228.214,-31.4579],"sphereRadius":49.1883,"stabilizedPalmPosition":[4.06628,251.856,4.28832],"t":[13.4733,28.5261,-86.5704],"timeVisible":6.8421,"type":"right","wrist":[15.523,230.714,53.6256]}],"id":1685287,"interactionBox":{"center":[0,200,0],"size":[235.247,235.247,147.751]},"pointables":[{"bases":[[[0.129302,0.933946,0.333205],[-0.858176,-0.0629559,0.509481],[0.496805,-0.351825,0.79335]],[[0.0909445,0.958109,0.271581],[-0.848933,-0.0679802,0.52411],[0.520617,-0.278219,0.807188]],[[0.0909445,0.958109,0.271581],[-0.977261,0.138318,-0.160717],[-0.191549,-0.250789,0.948902]],[[0.0909445,0.958109,0.271581],[-0.841079,0.219916,-0.494189],[-0.533212,-0.183477,0.825846]]],"btipPosition":[-14.9986,238.989,-41.2167],"carpPosition":[-8.15861,212.784,48.9396],"dipPosition":[-27.2311,234.78,-22.271],"direction":[0.191549,0.250789,-0.948902],"extended":false,"handId":472,"id":4720,"length":51.0864,"mcpPosition":[-8.15861,212.784,48.9396],"pipPosition":[-33.633,226.398,9.443],"stabilizedTipPosition":[-18.4588,237.982,-37.3439],"timeVisible":6.8421,"tipPosition":[-18.5409,238.57,-36.6446],"tipVelocity":[46.0433,6.65544,35.2166],"tool":false,"touchDistance":-0.146103,"touchZone":"touching","type":0,"width":19.8498},{"bases":[[[0.931249,0.356974,-0.0731049],[-0.301771,0.867999,0.39435],[0.204228,-0.345177,0.916048]],[[0.925413,0.366139,-0.0977444],[-0.267526,0.813868,0.5158],[0.268405,-0.451178,0.851115]],[[0.925413,0.366139,-0.0977444],[-0.324878,0.89929,0.292799],[0.195106,-0.239205,0.951165]],[[0.925413,0.366139,-0.0977444],[-0.357904,0.9292,0.0921556],[0.124566,-0.0502989,0.990936]]],"btipPosition":[-39.364,286.307,-90.3535],"carpPosition":[-6.62376,235.904,50.683],"dipPosition":[-37.2778,285.464,-73.7574],"direction":[-0.195106,0.239205,-0.951165],"extended":true,"handId":472,"id":4721,"length":57.6453,"mcpPosition":[-21.3518,260.796,-15.3784],"pipPosition":[-32.6552,279.797,-51.2217],"stabilizedTipPosition":[-39.7406,285.853,-87.4376],"timeVisible":6.8421,"tipPosition":[-39.2869,287.224,-86.0531],"tipVelocity":[34.1721,11.1297,36.4545],"tool":false,"touchDistance":-0.134582,"touchZone":"touching","type":1,"width":18.9605},{"bases":[[[0.987988,0.153819,-0.0148201],[-0.135431,0.908065,0.396329],[0.0744206,-0.389562,0.917989]],[[0.985605,0.164334,-0.0397258],[-0.119976,0.514288,-0.849184],[-0.119119,0.841726,0.526601]],[[0.985605,0.164334,-0.0397258],[0.0568534,-0.543443,-0.837519],[-0.159221,0.823204,-0.544963]],[[0.985605,0.164334,-0.0397258],[0.124704,-0.865291,-0.48551],[-0.11416,0.473567,-0.873328]]],"btipPosition":[10.9536,197.016,-6.44428],"carpPosition":[3.87398,241.814,49.9392],"dipPosition":[8.85073,205.739,-22.5315],"direction":[0.159221,-0.823204,0.544963],"extended":false,"handId":472,"id":4722,"length":65.6822,"mcpPosition":[-1.21558,268.455,-12.8413],"pipPosition":[4.41254,228.686,-37.722],"stabilizedTipPosition":[9.01164,196.95,-12.4613],"timeVisible":6.8421,"tipPosition":[10.4876,199.358,-9.75013],"tipVelocity":[19.654,25.8046,35.0771],"tool":false,"touchDistance":0.333333,"touchZone":"none","type":2,"width":18.6218},{"bases":[[[0.99555,0.0259209,0.0905965],[-0.0620561,0.903853,0.423319],[-0.0709131,-0.427058,0.901439]],[[0.997001,0.0364873,0.0682483],[0.0357083,0.565502,-0.823973],[-0.0686591,0.823939,0.562504]],[[0.997001,0.0364873,0.0682483],[0.0773365,-0.502423,-0.861156],[0.00286828,0.863852,-0.503738]],[[0.997001,0.0364873,0.0682483],[0.0669271,-0.849308,-0.523638],[0.0388577,0.526635,-0.849203]]],"btipPosition":[22.1055,201.805,-1.38112],"carpPosition":[15.5339,244.772,49.3731],"dipPosition":[22.8172,211.451,-16.9341],"direction":[-0.00286828,-0.863852,0.503738],"extended":false,"handId":472,"id":4723,"length":63.1552,"mcpPosition":[19.8881,270.994,-5.97707],"pipPosition":[22.8951,234.908,-30.6128],"stabilizedTipPosition":[20.4995,201.827,-7.41494],"timeVisible":6.8421,"tipPosition":[22.1895,204.254,-4.28494],"tipVelocity":[20.8758,27.9914,43.2493],"tool":false,"touchDistance":0.333333,"touchZone":"none","type":3,"width":17.7198},{"bases":[[[0.977128,-0.173382,0.123121],[0.0875242,0.855577,0.510223],[-0.193803,-0.487777,0.851184]],[[0.973091,-0.183025,0.139984],[0.221862,0.580183,-0.783687],[0.062218,0.793656,0.605177]],[[0.973091,-0.183025,0.139984],[0.0350147,-0.483005,-0.874917],[0.227745,0.856275,-0.463599]],[[0.973091,-0.183025,0.139984],[-0.0747442,-0.82539,-0.559594],[0.217961,0.534073,-0.816859]]],"btipPosition":[29.6841,215.613,1.61585],"carpPosition":[28.8741,240.837,48.2821],"dipPosition":[33.3668,224.637,-12.1859],"direction":[-0.227745,-0.856275,0.463599],"extended":false,"handId":472,"id":4724,"length":49.5125,"mcpPosition":[39.8897,268.562,-0.0984925],"pipPosition":[37.7332,241.054,-21.0742],"stabilizedTipPosition":[28.6137,215.493,-4.44731],"timeVisible":6.8421,"tipPosition":[30.4878,217.879,-1.29682],"tipVelocity":[21.3139,27.7489,43.7043],"tool":false,"touchDistance":0.333333,"touchZone":"none","type":4,"width":15.7401}],"r":[[0.633108,0.689445,0.351908],[-0.675751,0.714015,-0.183147],[-0.377537,-0.121851,0.917942]],"s":1.07685,"t":[13.4733,28.5261,-86.5704],"timestamp":93492285296},false],[2,{"currentFrameRate":55.3472,"devices":[],"gestures":[{"center":[-31.1574,280.966,-95.8383],"duration":0,"handIds":[472],"id":7,"normal":[-0.024144,-0.0399754,0.998909],"pointableIds":[4721],"progress":1,"radius":17.4342,"state":"start","type":"circle"}],"hands":[{"armBasis":[[0.933944,0.317246,-0.164629],[-0.275481,0.932401,0.233961],[0.227724,-0.173154,0.958206]],"armWidth":62.4607,"confidence":0.808988,"direction":[-0.0855443,0.522981,-0.848041],"elbow":[76.2255,185.126,307.85],"grabStrength":0,"id":472,"palmNormal":[0.261864,-0.809435,-0.525588],"palmPosition":[5.3531,253.214,6.62626],"palmVelocity":[23.599,22.1038,39.9711],"palmWidth":89.1918,"pinchStrength":0.22107,"r":[[0.635112,0.68749,0.352122],[-0.674532,0.715757,-0.180824],[-0.376348,-0.122674,0.918321]],"s":1.0736,"sphereCenter":[-7.64011,228.452,-30.7843],"sphereRadius":49.0925,"stabilizedPalmPosition":[4.26755,252.068,4.65399],"t":[13.895,28.9138,-85.8591],"timeVisible":6.86022,"type":"right","wrist":[15.9553,230.954,54.247]}],"id":1685288,"interactionBox":{"center":[0,200,0],"size":[235.247,235.247,147.751]},"pointables":[{"bases":[[[0.135917,0.933484,0.331865],[-0.857378,-0.0570162,0.51152],[0.496418,-0.354058,0.792599]],[[0.0949433,0.959269,0.266062],[-0.850184,-0.0608987,0.522951],[0.517854,-0.275853,0.809773]],[[0.0949433,0.959269,0.266062],[-0.976786,0.141328,-0.160986],[-0.192031,-0.244601,0.950418]],[[0.0949433,0.959269,0.266062],[-0.835798,0.222,-0.502153],[-0.540765,-0.174698,0.822833]]],"btipPosition":[-14.3643,238.849,-40.629],"carpPosition":[-7.84892,213.168,49.6354],"dipPosition":[-26.77,234.841,-21.7523],"direction":[0.192031,0.244601,-0.950418],"extended":false,"handId":472,"id":4720,"length":51.0864,"mcpPosition":[-7.84892,213.168,49.6354],"pipPosition":[-33.1881,226.666,10.0123],"stabilizedTipPosition":[-17.9062,237.958,-36.8735],"timeVisible":6.86022,"tipPosition":[-17.9759,238.587,-36.0449],"tipVelocity":[39.7422,1.023,33.4757],"tool":false,"touchDistance":-0.136572,"touchZone":"touching","type":0,"width":19.8498},{"bases":[[[0.933296,0.351051,-0.0756416],[-0.295419,0.870307,0.394074],[0.204171,-0.345441,0.915961]],[[0.927233,0.360557,-0.101181],[-0.261967,0.817586,0.512764],[0.267605,-0.448945,0.852547]],[[0.927233,0.360557,-0.101181],[-0.320114,0.903341,0.285487],[0.194336,-0.232323,0.953026]],[[0.927233,0.360557,-0.101181],[-0.353494,0.931894,0.0813351],[0.123616,-0.0396496,0.991538]]],"btipPosition":[-38.8336,286.266,-89.7952],"carpPosition":[-6.16527,236.279,51.3495],"dipPosition":[-36.7633,285.602,-73.189],"direction":[-0.194336,0.232323,-0.953026],"extended":true,"handId":472,"id":4721,"length":57.6453,"mcpPosition":[-20.8892,261.191,-14.7056],"pipPosition":[-32.1589,280.098,-50.6092],"stabilizedTipPosition":[-39.2738,285.941,-86.9443],"timeVisible":6.86022,"tipPosition":[-38.7356,287.267,-85.4919],"tipVelocity":[31.7434,5.83975,33.8291],"tool":false,"touchDistance":-0.125238,"touchZone":"touching","type":1,"width":18.9605},{"bases":[[[0.988895,0.147609,-0.0172608],[-0.128827,0.909331,0.395626],[0.0740937,-0.389009,0.918249]],[[0.986592,0.157838,-0.0415227],[-0.118163,0.515297,-0.848827],[-0.112581,0.842352,0.527038]],[[0.986592,0.157838,-0.0415227],[0.0514326,-0.54213,-0.838719],[-0.154892,0.825338,-0.542979]],[[0.986592,0.157838,-0.0415227],[0.117846,-0.864949,-0.487828],[-0.112913,0.476394,-0.871952]]],"btipPosition":[11.017,197.146,-5.92761],"carpPosition":[4.36754,242.123,50.575],"dipPosition":[8.93706,205.922,-21.9895],"direction":[0.154892,-0.825338,0.542979],"extended":false,"handId":472,"id":4722,"length":65.6822,"mcpPosition":[-0.699666,268.727,-12.2233],"pipPosition":[4.61952,228.927,-37.1247],"stabilizedTipPosition":[9.09318,197.068,-12.3097],"timeVisible":6.86022,"tipPosition":[10.5653,199.504,-9.1971],"tipVelocity":[12.1014,17.2527,32.1059],"tool":false,"touchDistance":0.333333,"touchZone":"none","type":2,"width":18.6218},{"bases":[[[0.995899,0.0197818,0.0882808],[-0.0554181,0.904689,0.422452],[-0.0715098,-0.425612,0.902076]],[[0.997363,0.0302968,0.0659548],[0.0373032,0.565537,-0.823879],[-0.0622607,0.824166,0.562915]],[[0.997363,0.0302968,0.0659548],[0.0722462,-0.501522,-0.862123],[0.00695824,0.864614,-0.502388]],[[0.997363,0.0302968,0.0659548],[0.0605175,-0.8488,-0.525239],[0.0400694,0.527845,-0.848395]]],"btipPosition":[22.2392,201.899,-0.883935],"carpPosition":[16.0444,245.007,49.9789],"dipPosition":[22.9731,211.566,-16.4221],"direction":[-0.00695824,-0.864614,0.502388],"extended":false,"handId":472,"id":4723,"length":63.1552,"mcpPosition":[20.4352,271.14,-5.41041],"pipPosition":[23.162,235.045,-30.0642],"stabilizedTipPosition":[20.5976,201.945,-7.26296],"timeVisible":6.86022,"tipPosition":[22.3318,204.357,-3.76758],"tipVelocity":[14.5845,17.2609,35.8124],"tool":false,"touchDistance":0.333333,"touchZone":"none","type":3,"width":17.7198},{"bases":[[[0.976304,-0.179366,0.12107],[0.0940567,0.855573,0.509066],[-0.194893,-0.485616,0.85217]],[[0.97231,-0.188821,0.137699],[0.223377,0.577741,-0.785059],[0.0686813,0.794079,0.603921]],[[0.97231,-0.188821,0.137699],[0.0298793,-0.483941,-0.874591],[0.231779,0.854487,-0.464898]],[[0.97231,-0.188821,0.137699],[-0.0810968,-0.825221,-0.558957],[0.219175,0.532313,-0.817683]]],"btipPosition":[29.9072,215.69,2.22161],"carpPosition":[29.3571,240.988,48.8616],"dipPosition":[33.6105,224.684,-11.5941],"direction":[-0.231779,-0.854487,0.464898],"extended":false,"handId":472,"id":4724,"length":49.5125,"mcpPosition":[40.4347,268.59,0.424921],"pipPosition":[38.0542,241.067,-20.5072],"stabilizedTipPosition":[28.7068,215.592,-4.29575],"timeVisible":6.86022,"tipPosition":[30.7164,217.952,-0.699621],"tipVelocity":[17.1548,16.3828,38.7296],"tool":false,"touchDistance":0.333333,"touchZone":"none","type":4,"width":15.7401}],"r":[[0.635112,0.68749,0.352122],[-0.674532,0.715757,-0.180824],[-0.376348,-0.122674,0.918321]],"s":1.0736,"t":[13.895,28.9138,-85.8591],"timestamp":93492303416},false],[3,{"currentFrameRate":55.349,"devices":[],"gestures":[{"center":[-31.1574,280.966,-95.8383],"duration":0,"handIds":[472],"id":7,"normal":[-0.024144,-0.0399754,0.998909],"pointableIds":[4721],"progress":1,"radius":17.4342,"state":"start","type":"circle"}],"hands":[{"armBasis":[[0.934991,0.313719,-0.165446],[-0.272322,0.933865,0.231813],[0.227229,-0.171688,0.958588]],"armWidth":62.4607,"confidence":0.775923,"direction":[-0.0853909,0.523158,-0.847947],"elbow":[76.4167,185.705,308.366],"grabStrength":0,"id":472,"palmNormal":[0.258588,-0.810256,-0.525944],"palmPosition":[5.66285,253.432,7.05725],"palmVelocity":[20.5364,17.3441,32.3213],"palmWidth":89.1918,"pinchStrength":0.228674,"r":[[0.637237,0.68555,0.352065],[-0.673185,0.717543,-0.178756],[-0.375168,-0.123095,0.918747]],"s":1.07032,"sphereCenter":[-7.29866,228.626,-30.356],"sphereRadius":49.0093,"stabilizedPalmPosition":[4.4408,252.238,4.95239],"t":[14.2607,29.2168,-85.288],"timeVisible":6.87828,"type":"right","wrist":[16.2775,231.145,54.6625]}],"id":1685289,"interactionBox":{"center":[0,200,0],"size":[235.247,235.247,147.751]},"pointables":[{"bases":[[[0.139239,0.933105,0.331553],[-0.856697,-0.0544222,0.512941],[0.496672,-0.355461,0.791811]],[[0.0965596,0.95992,0.263116],[-0.850756,-0.0576108,0.522394],[0.516615,-0.27429,0.811095]],[[0.0965596,0.95992,0.263116],[-0.976668,0.142326,-0.160822],[-0.191824,-0.241448,0.951266]],[[0.0965596,0.95992,0.263116],[-0.831036,0.223237,-0.509454],[-0.547772,-0.169466,0.819284]]],"btipPosition":[-13.888,238.808,-40.1841],"carpPosition":[-7.58703,213.43,50.0919],"dipPosition":[-26.4544,234.921,-21.3888],"direction":[0.191824,0.241448,-0.951266],"extended":false,"handId":472,"id":4720,"length":51.0864,"mcpPosition":[-7.58703,213.43,50.0919],"pipPosition":[-32.8655,226.851,10.4042],"stabilizedTipPosition":[-17.4848,237.941,-36.4953],"timeVisible":6.87828,"tipPosition":[-17.5535,238.627,-35.619],"tipVelocity":[32.4215,0.199807,28.7848],"tool":false,"touchDistance":-0.129468,"touchZone":"touching","type":0,"width":19.8498},{"bases":[[[0.934209,0.348268,-0.0772166],[-0.292179,0.871216,0.39448],[0.204657,-0.345966,0.915655]],[[0.927897,0.358133,-0.103678],[-0.259415,0.819882,0.510389],[0.267791,-0.446693,0.853671]],[[0.927897,0.358133,-0.103678],[-0.318429,0.905875,0.279274],[0.193936,-0.226123,0.954598]],[[0.927897,0.358133,-0.103678],[-0.352128,0.933179,0.0719918],[0.122532,-0.0302932,0.992002]]],"btipPosition":[-38.5154,286.162,-89.4139],"carpPosition":[-5.83187,236.536,51.801],"dipPosition":[-36.4633,285.655,-72.7999],"direction":[-0.193936,0.226123,-0.954598],"extended":true,"handId":472,"id":4721,"length":57.6453,"mcpPosition":[-20.5909,261.485,-14.232],"pipPosition":[-31.8684,280.297,-50.1829],"stabilizedTipPosition":[-38.9378,285.97,-86.5751],"timeVisible":6.87828,"tipPosition":[-38.4015,287.237,-85.1079],"tipVelocity":[24.9244,1.27486,27.8365],"tool":false,"touchDistance":-0.118854,"touchZone":"touching","type":1,"width":18.9605},{"bases":[[[0.9893,0.144667,-0.0189086],[-0.12547,0.909745,0.395754],[0.0744546,-0.389147,0.918162]],[[0.987001,0.154844,-0.0430313],[-0.117872,0.515462,-0.848767],[-0.109245,0.842806,0.527014]],[[0.987001,0.154844,-0.0430313],[0.0484964,-0.542235,-0.838826],[-0.15322,0.825836,-0.542696]],[[0.987001,0.154844,-0.0430313],[0.11445,-0.865195,-0.4882],[-0.112825,0.476929,-0.87167]]],"btipPosition":[11.1359,197.335,-5.49996],"carpPosition":[4.71696,242.348,51.0086],"dipPosition":[9.0576,206.121,-21.5567],"direction":[0.15322,-0.825836,0.542696],"extended":false,"handId":472,"id":4722,"length":65.6822,"mcpPosition":[-0.374925,268.961,-11.7838],"pipPosition":[4.78668,229.14,-36.684],"stabilizedTipPosition":[9.14587,197.145,-12.2048],"timeVisible":6.87828,"tipPosition":[10.687,199.694,-8.77553],"tipVelocity":[9.49123,14.0951,28.1348],"tool":false,"touchDistance":0.333333,"touchZone":"none","type":2,"width":18.6218},{"bases":[[[0.996098,0.0168294,0.0866332],[-0.0520307,0.904888,0.422459],[-0.0712836,-0.425318,0.902232]],[[0.997551,0.0272967,0.0643916],[0.0373629,0.570301,-0.820586],[-0.0591219,0.820982,0.567885]],[[0.997551,0.0272967,0.0643916],[0.0694798,-0.492051,-0.867789],[0.00799614,0.870138,-0.492743]],[[0.997551,0.0272967,0.0643916],[0.0576093,-0.842741,-0.535228],[0.0396554,0.537627,-0.84225]]],"btipPosition":[22.4242,201.882,-1.07163],"carpPosition":[16.4013,245.197,50.3929],"dipPosition":[23.1505,211.728,-16.4972],"direction":[-0.00799614,-0.870138,0.492743],"extended":false,"handId":472,"id":4723,"length":63.1552,"mcpPosition":[20.7783,271.313,-5.006],"pipPosition":[23.3676,235.356,-29.8774],"stabilizedTipPosition":[20.6842,202.041,-7.14807],"timeVisible":6.87828,"tipPosition":[22.5113,204.416,-3.80014],"tipVelocity":[12.4763,9.68761,14.5499],"tool":false,"touchDistance":0.333333,"touchZone":"none","type":3,"width":17.7198},{"bases":[[[0.975966,-0.182256,0.119473],[0.0974404,0.855335,0.50883],[-0.194927,-0.484959,0.852536]],[[0.972076,-0.19146,0.13569],[0.223401,0.578016,-0.78485],[0.0718366,0.793247,0.604648]],[[0.972076,-0.19146,0.13569],[0.0273012,-0.482027,-0.875731],[0.233074,0.854982,-0.463339]],[[0.972076,-0.19146,0.13569],[-0.0839432,-0.823662,-0.560833],[0.21914,0.533782,-0.816734]]],"btipPosition":[30.1186,215.798,2.52211],"carpPosition":[29.7002,241.138,49.254],"dipPosition":[33.8213,224.817,-11.2775],"direction":[-0.233074,-0.854982,0.463339],"extended":false,"handId":472,"id":4724,"length":49.5125,"mcpPosition":[40.7797,268.703,0.796519],"pipPosition":[38.2898,241.209,-20.1608],"stabilizedTipPosition":[28.7726,215.658,-4.18988],"timeVisible":6.87828,"tipPosition":[30.923,218.069,-0.372844],"tipVelocity":[14.5631,11.5884,28.3349],"tool":false,"touchDistance":0.333333,"touchZone":"none","type":4,"width":15.7401}],"r":[[0.637237,0.68555,0.352065],[-0.673185,0.717543,-0.178756],[-0.375168,-0.123095,0.918747]],"s":1.07032,"t":[14.2607,29.2168,-85.288],"timestamp":93492321477},false],[4,{"currentFrameRate":55.3511,"devices":[],"gestures":[{"center":[-31.1574,280.966,-95.8383],"duration":0,"handIds":[472],"id":7,"normal":[-0.024144,-0.0399754,0.998909],"pointableIds":[4721],"progress":1,"radius":17.4342,"state":"start","type":"circle"}],"hands":[{"armBasis":[[0.936069,0.310682,-0.165079],[-0.270132,0.935313,0.228514],[0.225396,-0.169312,0.959443]],"armWidth":62.4607,"confidence":0.791517,"direction":[-0.0836286,0.523408,-0.847968],"elbow":[76.0805,186.45,308.895],"grabStrength":0,"id":472,"palmNormal":[0.256873,-0.810868,-0.525841],"palmPosition":[5.89308,253.576,7.35506],"palmVelocity":[16.8383,12.909,24.8036],"palmWidth":89.1918,"pinchStrength":0.240781,"r":[[0.639233,0.683676,0.352091],[-0.671726,0.719302,-0.177168],[-0.374385,-0.123257,0.919045]],"s":1.06699,"sphereCenter":[-6.99416,228.793,-30.0554],"sphereRadius":48.9285,"stabilizedPalmPosition":[4.58939,252.375,5.19823],"t":[14.5587,29.4405,-84.8535],"timeVisible":6.89634,"type":"right","wrist":[16.4263,231.261,54.965]}],"id":1685290,"interactionBox":{"center":[0,200,0],"size":[235.247,235.247,147.751]},"pointables":[{"bases":[[[0.141363,0.932742,0.331676],[-0.857112,-0.0523278,0.512466],[0.495354,-0.356727,0.792067]],[[0.0961173,0.961111,0.258897],[-0.853233,-0.0543912,0.518686],[0.512596,-0.270755,0.814823]],[[0.0961173,0.961111,0.258897],[-0.976093,0.141953,-0.164594],[-0.194944,-0.236888,0.951778]],[[0.0961173,0.961111,0.258897],[-0.823281,0.222951,-0.522017],[-0.559437,-0.16297,0.812693]]],"btipPosition":[-13.2119,238.509,-39.9439],"carpPosition":[-7.47946,213.605,50.3804],"dipPosition":[-26.046,234.771,-21.2999],"direction":[0.194944,0.236888,-0.951778],"extended":false,"handId":472,"id":4720,"length":51.0864,"mcpPosition":[-7.47946,213.605,50.3804],"pipPosition":[-32.5613,226.853,10.5102],"stabilizedTipPosition":[-16.9985,237.834,-36.1863],"timeVisible":6.89634,"tipPosition":[-16.9934,238.462,-35.4023],"tipVelocity":[33.1851,-6.85768,20.5154],"tool":false,"touchDistance":-0.126046,"touchZone":"touching","type":0,"width":19.8498},{"bases":[[[0.93511,0.34596,-0.0766837],[-0.290241,0.871917,0.394362],[0.203295,-0.346515,0.91575]],[[0.928665,0.356092,-0.103827],[-0.258087,0.821383,0.508646],[0.266406,-0.445565,0.854693]],[[0.928665,0.356092,-0.103827],[-0.317151,0.907458,0.275562],[0.192344,-0.222976,0.95566]],[[0.928665,0.356092,-0.103827],[-0.350715,0.934101,0.0667324],[0.120748,-0.0255584,0.992354]]],"btipPosition":[-38.1275,286.171,-89.2043],"carpPosition":[-5.66809,236.707,52.0917],"dipPosition":[-36.1053,285.743,-72.5844],"direction":[-0.192344,0.222976,-0.95566],"extended":true,"handId":472,"id":4721,"length":57.6453,"mcpPosition":[-20.3289,261.696,-13.9483],"pipPosition":[-31.5481,280.46,-49.9422],"stabilizedTipPosition":[-38.6104,285.996,-86.2688],"timeVisible":6.89634,"tipPosition":[-37.9976,287.261,-84.9075],"tipVelocity":[23.1077,1.38922,20.1654],"tool":false,"touchDistance":-0.115337,"touchZone":"touching","type":1,"width":18.9605},{"bases":[[[0.989665,0.142221,-0.0183555],[-0.123438,0.910034,0.395729],[0.072985,-0.389374,0.918184]],[[0.987425,0.152327,-0.0422953],[-0.115924,0.515758,-0.848855],[-0.10749,0.843084,0.526931]],[[0.987425,0.152327,-0.0422953],[0.0476526,-0.541883,-0.839102],[-0.150737,0.826535,-0.542327]],[[0.987425,0.152327,-0.0422953],[0.112514,-0.865081,-0.488851],[-0.111054,0.477945,-0.871341]]],"btipPosition":[11.2302,197.444,-5.21715],"carpPosition":[4.89552,242.493,51.3053],"dipPosition":[9.18449,206.248,-21.2678],"direction":[0.150737,-0.826535,0.542327],"extended":false,"handId":472,"id":4722,"length":65.6822,"mcpPosition":[-0.0958647,269.121,-11.4885],"pipPosition":[4.98278,229.288,-36.3848],"stabilizedTipPosition":[9.18078,197.196,-12.1335],"timeVisible":6.89634,"tipPosition":[10.7901,199.808,-8.49525],"tipVelocity":[7.66007,10.3819,22.2477],"tool":false,"touchDistance":0.333333,"touchZone":"none","type":2,"width":18.6218},{"bases":[[[0.996089,0.0143614,0.0871837],[-0.0500256,0.904993,0.422475],[-0.0728333,-0.425184,0.902172]],[[0.997577,0.0248006,0.064998],[0.0391649,0.571973,-0.819337],[-0.0574971,0.819897,0.569616]],[[0.997577,0.0248006,0.064998],[0.0688151,-0.488927,-0.869606],[0.0102126,0.871972,-0.489449]],[[0.997577,0.0248006,0.064998],[0.0559864,-0.84079,-0.538458],[0.0412956,0.540792,-0.840142]]],"btipPosition":[22.5439,201.929,-0.968469],"carpPosition":[16.5872,245.313,50.6962],"dipPosition":[23.3002,211.834,-16.3555],"direction":[-0.0102126,-0.871972,0.489449],"extended":false,"handId":472,"id":4723,"length":63.1552,"mcpPosition":[21.0593,271.42,-4.69897],"pipPosition":[23.5775,235.512,-29.6462],"stabilizedTipPosition":[20.7615,202.123,-7.04779],"timeVisible":6.89634,"tipPosition":[22.6395,204.475,-3.6752],"tipVelocity":[9.8804,6.68512,10.5867],"tool":false,"touchDistance":0.333333,"touchZone":"none","type":3,"width":17.7198},{"bases":[[[0.975446,-0.184675,0.120003],[0.0992748,0.855067,0.508926],[-0.196596,-0.484516,0.852405]],[[0.971602,-0.193697,0.135909],[0.225028,0.578793,-0.783812],[0.0731583,0.792137,0.605943]],[[0.971602,-0.193697,0.135909],[0.0273809,-0.478482,-0.87767],[0.235032,0.856468,-0.45959]],[[0.971602,-0.193697,0.135909],[-0.0846395,-0.820867,-0.564812],[0.220966,0.537269,-0.813951]]],"btipPosition":[30.2758,215.807,2.67624],"carpPosition":[29.8766,241.222,49.5645],"dipPosition":[34.0093,224.885,-11.0764],"direction":[-0.235032,-0.856468,0.45959],"extended":false,"handId":472,"id":4724,"length":49.5125,"mcpPosition":[41.051,268.761,1.11446],"pipPosition":[38.5153,241.305,-19.8878],"stabilizedTipPosition":[28.8225,215.705,-4.11161],"timeVisible":6.89634,"tipPosition":[31.0837,218.105,-0.169552],"tipVelocity":[11.9661,6.67894,19.2168],"tool":false,"touchDistance":0.333333,"touchZone":"none","type":4,"width":15.7401}],"r":[[0.639233,0.683676,0.352091],[-0.671726,0.719302,-0.177168],[-0.374385,-0.123257,0.919045]],"s":1.06699,"t":[14.5587,29.4405,-84.8535],"timestamp":93492339536},false],[5,{"currentFrameRate":55.3536,"devices":[],"gestures":[{"center":[-31.1574,280.966,-95.8383],"duration":0,"handIds":[472],"id":7,"normal":[-0.024144,-0.0399754,0.998909],"pointableIds":[4721],"progress":1,"radius":17.4342,"state":"stop","type":"circle"}],"hands":[{"armBasis":[[0.936854,0.307424,-0.166721],[-0.266877,0.936547,0.227279],[0.226013,-0.168433,0.959452]],"armWidth":62.4607,"confidence":0.79582,"direction":[-0.0809392,0.52355,-0.848142],"elbow":[76.3903,186.688,309.223],"grabStrength":0,"id":472,"palmNormal":[0.254347,-0.811912,-0.525459],"palmPosition":[6.16449,253.611,7.66677],"palmVelocity":[15.9798,7.69703,21.2231],"palmWidth":89.1918,"pinchStrength":0.251776,"r":[[0.641268,0.681713,0.352198],[-0.669992,0.721193,-0.176045],[-0.374015,-0.123078,0.91922]],"s":1.06374,"sphereCenter":[-6.70628,228.834,-29.7645],"sphereRadius":48.87,"stabilizedPalmPosition":[4.7222,252.479,5.40637],"t":[14.8434,29.5698,-84.4804],"timeVisible":6.9144,"type":"right","wrist":[16.5728,231.266,55.2904]}],"id":1685291,"interactionBox":{"center":[0,200,0],"size":[235.247,235.247,147.751]},"pointables":[{"bases":[[[0.14451,0.932278,0.331625],[-0.857756,-0.0490644,0.51171],[0.493327,-0.358401,0.792576]],[[0.0973581,0.961914,0.255428],[-0.855501,-0.0502607,0.515356],[0.508566,-0.268693,0.818025]],[[0.0973581,0.961914,0.255428],[-0.97527,0.143374,-0.168201],[-0.198417,-0.232736,0.952084]],[[0.0973581,0.961914,0.255428],[-0.816552,0.223932,-0.532069],[-0.569003,-0.156769,0.807254]]],"btipPosition":[-12.5936,238.22,-39.6787],"carpPosition":[-7.39391,213.698,50.6877],"dipPosition":[-25.6471,234.624,-21.1595],"direction":[0.198417,0.232736,-0.952084],"extended":false,"handId":472,"id":4720,"length":51.0864,"mcpPosition":[-7.39391,213.698,50.6877],"pipPosition":[-32.2786,226.845,10.6609],"stabilizedTipPosition":[-16.4698,237.668,-35.8972],"timeVisible":6.9144,"tipPosition":[-16.4506,238.262,-35.1652],"tipVelocity":[32.3587,-10.3427,16.9934],"tool":false,"touchDistance":-0.122104,"touchZone":"touching","type":0,"width":19.8498},{"bases":[[[0.936449,0.342491,-0.0759144],[-0.287372,0.873058,0.393938],[0.201198,-0.347087,0.915997]],[[0.929907,0.352873,-0.103697],[-0.255728,0.822973,0.507265],[0.26434,-0.445191,0.855528]],[[0.929907,0.352873,-0.103697],[-0.314635,0.909238,0.272564],[0.190466,-0.220833,0.956533]],[[0.929907,0.352873,-0.103697],[-0.348,0.935413,0.0624381],[0.119032,-0.0219751,0.992647]]],"btipPosition":[-37.6467,286.172,-88.9783],"carpPosition":[-5.49879,236.793,52.3962],"dipPosition":[-35.6532,285.804,-72.3535],"direction":[-0.190466,0.220833,-0.956533],"extended":true,"handId":472,"id":4721,"length":57.6453,"mcpPosition":[-20.0083,261.823,-13.6615],"pipPosition":[-31.1405,280.572,-49.6906],"stabilizedTipPosition":[-38.2257,286.021,-85.9674],"timeVisible":6.9144,"tipPosition":[-37.4988,287.266,-84.6936],"tipVelocity":[24.6054,1.11953,16.5625],"tool":false,"touchDistance":-0.111552,"touchZone":"touching","type":1,"width":18.9605},{"bases":[[[0.990199,0.138562,-0.0174989],[-0.12043,0.910559,0.395447],[0.0707279,-0.389464,0.918322]],[[0.988086,0.148399,-0.0407915],[-0.112786,0.517869,-0.847992],[-0.104716,0.84249,0.528437]],[[0.988086,0.148399,-0.0407915],[0.0460023,-0.53771,-0.841874],[-0.146867,0.829967,-0.538131]],[[0.988086,0.148399,-0.0407915],[0.109159,-0.862597,-0.493974],[-0.108492,0.483636,-0.868519]]],"btipPosition":[11.2897,197.325,-5.15382],"carpPosition":[5.08681,242.54,51.6182],"dipPosition":[9.29123,206.234,-21.1525],"direction":[0.146867,-0.829967,0.538131],"extended":false,"handId":472,"id":4722,"length":65.6822,"mcpPosition":[0.249783,269.175,-11.1851],"pipPosition":[5.1974,229.369,-36.1525],"stabilizedTipPosition":[9.20245,197.224,-12.0901],"timeVisible":6.9144,"tipPosition":[10.8652,199.732,-8.3578],"tipVelocity":[5.87392,2.95227,13.6634],"tool":false,"touchDistance":0.333333,"touchZone":"none","type":2,"width":18.6218},{"bases":[[[0.996057,0.0107006,0.0880701],[-0.0470607,0.905253,0.422259],[-0.0752073,-0.424738,0.902187]],[[0.997599,0.0210883,0.0659725],[0.0419016,0.574675,-0.817309],[-0.0551483,0.81811,0.572411]],[[0.997599,0.0210883,0.0659725],[0.0679684,-0.48124,-0.87395],[0.0133185,0.876335,-0.481518]],[[0.997599,0.0210883,0.0659725],[0.0538425,-0.835285,-0.547174],[0.0435669,0.549413,-0.834415]]],"btipPosition":[22.663,201.707,-1.08926],"carpPosition":[16.7894,245.317,51.019],"dipPosition":[23.4609,211.77,-16.3713],"direction":[-0.0133185,-0.876335,0.481518],"extended":false,"handId":472,"id":4723,"length":63.1552,"mcpPosition":[21.4073,271.397,-4.37708],"pipPosition":[23.8226,235.566,-29.4467],"stabilizedTipPosition":[20.8582,202.211,-6.93448],"timeVisible":6.9144,"tipPosition":[22.7655,204.327,-3.69737],"tipVelocity":[8.57288,-1.3621,3.01782],"tool":false,"touchDistance":0.333333,"touchZone":"none","type":3,"width":17.7198},{"bases":[[[0.97465,-0.188252,0.120908],[0.101977,0.854792,0.508853],[-0.199144,-0.483623,0.85232]],[[0.970787,-0.197193,0.136702],[0.227879,0.579327,-0.782593],[0.0751268,0.790882,0.607339]],[[0.970787,-0.197193,0.136702],[0.0273778,-0.474974,-0.879574],[0.238376,0.857621,-0.4557]],[[0.970787,-0.197193,0.136702],[-0.0860784,-0.81802,-0.568713],[0.223972,0.540332,-0.811097]]],"btipPosition":[30.4254,215.68,2.84528],"carpPosition":[30.0646,241.176,49.8999],"dipPosition":[34.2097,224.81,-10.8591],"direction":[-0.238376,-0.857621,0.4557],"extended":false,"handId":472,"id":4724,"length":49.5125,"mcpPosition":[41.3838,268.665,1.45469],"pipPosition":[38.7799,241.253,-19.5959],"stabilizedTipPosition":[28.8617,215.738,-4.05139],"timeVisible":6.9144,"tipPosition":[31.2434,218.001,0.0515755],"tipVelocity":[10.5264,0.491417,14.8288],"tool":false,"touchDistance":0.333333,"touchZone":"none","type":4,"width":15.7401}],"r":[[0.641268,0.681713,0.352198],[-0.669992,0.721193,-0.176045],[-0.374015,-0.123078,0.91922]],"s":1.06374,"t":[14.8434,29.5698,-84.4804],"timestamp":93492357593},false],[6,{"currentFrameRate":55.3517,"devices":[],"gestures":[],"hands":[{"armBasis":[[0.938193,0.304,-0.165461],[-0.263285,0.937155,0.228957],[0.224666,-0.171242,0.959271]],"armWidth":62.4607,"confidence":0.805844,"direction":[-0.0785472,0.523639,-0.848311],"elbow":[76.229,185.969,309.497],"grabStrength":0,"id":472,"palmNormal":[0.25135,-0.813047,-0.525145],"palmPosition":[6.4664,253.664,7.97931],"palmVelocity":[16.3245,5.42837,19.3556],"palmWidth":89.1918,"pinchStrength":0.255453,"r":[[0.6434,0.679651,0.352294],[-0.668017,0.723219,-0.175236],[-0.373885,-0.122591,0.919337]],"s":1.06076,"sphereCenter":[-6.44498,228.858,-29.5066],"sphereRadius":48.8414,"stabilizedPalmPosition":[4.8504,252.566,5.59547],"t":[15.1367,29.6609,-84.1376],"timeVisible":6.93247,"type":"right","wrist":[16.7681,231.291,55.6129]}],"id":1685292,"interactionBox":{"center":[0,200,0],"size":[235.247,235.247,147.751]},"pointables":[{"bases":[[[0.148053,0.931789,0.331435],[-0.858141,-0.0455489,0.51139],[0.491604,-0.360131,0.792863]],[[0.10081,0.961718,0.254824],[-0.856025,-0.0466803,0.514823],[0.50701,-0.270035,0.818549]],[[0.10081,0.961718,0.254824],[-0.974702,0.146823,-0.16852],[-0.199483,-0.231389,0.95219]],[[0.10081,0.961718,0.254824],[-0.813326,0.227177,-0.535623],[-0.573008,-0.153259,0.805092]]],"btipPosition":[-12.2618,238.278,-39.3405],"carpPosition":[-7.26581,213.816,51.0055],"dipPosition":[-25.4073,234.762,-20.8708],"direction":[0.199483,0.231389,-0.95219],"extended":false,"handId":472,"id":4720,"length":51.0864,"mcpPosition":[-7.26581,213.816,51.0055],"pipPosition":[-32.0743,227.029,10.9531],"stabilizedTipPosition":[-16.0657,237.6,-35.6226],"timeVisible":6.93247,"tipPosition":[-16.1184,238.32,-34.857],"tipVelocity":[25.1505,-3.41482,17.5114],"tool":false,"touchDistance":-0.116657,"touchZone":"touching","type":0,"width":19.8498},{"bases":[[[0.93782,0.338779,-0.075641],[-0.284083,0.874288,0.393595],[0.199474,-0.347633,0.916167]],[[0.93119,0.349386,-0.103988],[-0.252761,0.824396,0.506442],[0.262671,-0.44531,0.855981]],[[0.93119,0.349386,-0.103988],[-0.311569,0.910909,0.270499],[0.189232,-0.219486,0.957088]],[[0.93119,0.349386,-0.103988],[-0.344856,0.936778,0.059339],[0.118146,-0.0193949,0.992807]]],"btipPosition":[-37.1897,286.252,-88.7129],"carpPosition":[-5.28038,236.904,52.7087],"dipPosition":[-35.211,285.927,-72.0855],"direction":[-0.189232,0.219486,-0.957088],"extended":true,"handId":472,"id":4721,"length":57.6453,"mcpPosition":[-19.6656,261.974,-13.3613],"pipPosition":[-30.7275,280.727,-49.4095],"stabilizedTipPosition":[-37.8037,286.065,-85.6621],"timeVisible":6.93247,"tipPosition":[-37.0205,287.341,-84.4421],"tipVelocity":[24.8408,2.95345,15.6848],"tool":false,"touchDistance":-0.10712,"touchZone":"touching","type":1,"width":18.9605},{"bases":[[[0.990744,0.134656,-0.0171507],[-0.116995,0.911132,0.395159],[0.0688371,-0.389495,0.918452]],[[0.988727,0.144293,-0.0399683],[-0.110153,0.520207,-0.846907],[-0.101411,0.841763,0.530237]],[[0.988727,0.144293,-0.0399683],[0.0438305,-0.534183,-0.844232],[-0.143167,0.832963,-0.534486]],[[0.988727,0.144293,-0.0399683],[0.105485,-0.860747,-0.497983],[-0.106258,0.488154,-0.866265]]],"btipPosition":[11.3598,197.264,-5.07588],"carpPosition":[5.32807,242.608,51.9333],"dipPosition":[9.40251,206.256,-21.033],"direction":[0.143167,-0.832963,0.534486],"extended":false,"handId":472,"id":4722,"length":65.6822,"mcpPosition":[0.620363,269.246,-10.8789],"pipPosition":[5.41181,229.474,-35.9315],"stabilizedTipPosition":[9.21765,197.243,-12.0603],"timeVisible":6.93247,"tipPosition":[10.949,199.692,-8.21628],"tipVelocity":[5.17562,0.438709,9.47151],"tool":false,"touchDistance":0.333333,"touchZone":"none","type":2,"width":18.6218},{"bases":[[[0.996057,0.00680007,0.0884544],[-0.0436578,0.905543,0.422001],[-0.0772297,-0.424199,0.90227]],[[0.997648,0.0171724,0.0663618],[0.0439961,0.58198,-0.812012],[-0.0525654,0.813022,0.579855]],[[0.997648,0.0171724,0.0663618],[0.0667459,-0.463863,-0.883389],[0.0156129,0.88574,-0.463919]],[[0.997648,0.0171724,0.0663618],[0.051783,-0.823138,-0.565475],[0.0449143,0.567581,-0.822091]]],"btipPosition":[22.8394,201.332,-1.80514],"carpPosition":[17.0417,245.339,51.3379],"dipPosition":[23.662,211.727,-16.8615],"direction":[-0.0156129,-0.88574,0.463919],"extended":false,"handId":472,"id":4723,"length":63.1552,"mcpPosition":[21.7838,271.386,-4.06332],"pipPosition":[24.086,235.779,-29.459],"stabilizedTipPosition":[20.9289,2