{"sensorType":"Leap","data":[[0,{"currentFrameRate":110.713,"devices":[],"gestures":[{"center":[-21.2968,280.623,-95.533],"duration":90666,"handIds":[472],"id":11,"normal":[-0.000502934,-0.0407017,0.999171],"pointableIds":[4721],"progress":1.1343,"radius":16.8461,"state":"update","type":"circle"}],"hands":[{"armBasis":[[0.945223,0.2925,-0.144905],[-0.253759,0.937667,0.237461],[0.20533,-0.187683,0.960528]],"armWidth":62.4607,"confidence":0.771858,"direction":[-0.114262,0.539526,-0.83418],"elbow":[76.921,178.013,308.871],"grabStrength":0,"id":472,"palmNormal":[0.228633,-0.802859,-0.550585],"palmPosition":[10.2737,250.95,7.93032],"palmVelocity":[23.5582,56.7092,40.2591],"palmWidth":89.1918,"pinchStrength":0.144705,"r":[[0.648838,0.678752,0.343956],[-0.682239,0.719101,-0.132076],[-0.336986,-0.148964,0.929651]],"s":1.09143,"sphereCenter":[-4.7156,226.967,-28.9843],"sphereRadius":49.3704,"stabilizedPalmPosition":[8.83642,247.57,4.87929],"t":[19.0151,26.4852,-84.1474],"timeVisible":11.9126,"type":"right","wrist":[22.5776,227.686,54.6536]}],"id":1685685,"interactionBox":{"center":[0,200,0],"size":[235.247,235.247,147.751]},"pointables":[{"bases":[[[0.16224,0.925439,0.342405],[-0.835717,-0.0556294,0.546335],[0.524648,-0.374791,0.76438]],[[0.151716,0.932748,0.327052],[-0.79636,-0.0806451,0.599423],[0.585485,-0.351393,0.730568]],[[0.151716,0.932748,0.327052],[-0.981612,0.180964,-0.0607473],[-0.115847,-0.311822,0.943052]],[[0.151716,0.932748,0.327052],[-0.872443,0.281889,-0.399226],[-0.46457,-0.224765,0.856537]]],"btipPosition":[-15.754,243.061,-36.1765],"carpPosition":[-1.6351,210.289,50.7394],"dipPosition":[-26.4117,237.905,-16.5266],"direction":[0.115847,0.311822,-0.943052],"extended":false,"handId":472,"id":4720,"length":51.0864,"mcpPosition":[-1.6351,210.289,50.7394],"pipPosition":[-30.2835,227.483,14.9919],"stabilizedTipPosition":[-20.5448,240.934,-33.5108],"timeVisible":11.9126,"tipPosition":[-18.9472,243.02,-31.0577],"tipVelocity":[55.5823,3.30103,22.295],"tool":false,"touchDistance":-0.0817852,"touchZone":"touching","type":0,"width":19.8498},{"bases":[[[0.933874,0.340619,-0.108893],[-0.266892,0.866557,0.42172],[0.238008,-0.364771,0.900163]],[[0.926571,0.351064,-0.134978],[-0.244497,0.834901,0.493115],[0.285808,-0.423904,0.859429]],[[0.926571,0.351064,-0.134978],[-0.312174,0.917986,0.244641],[0.209793,-0.18454,0.960173]],[[0.926571,0.351064,-0.134978],[-0.350846,0.936067,0.0261978],[0.135546,0.0230825,0.990502]]],"btipPosition":[-36.0135,281.485,-87.6546],"carpPosition":[0.427565,233.342,52.7926],"dipPosition":[-33.7434,281.872,-71.0658],"direction":[-0.209793,0.18454,-0.960173],"extended":true,"handId":472,"id":4721,"length":57.6453,"mcpPosition":[-16.7365,259.648,-12.1232],"pipPosition":[-28.7728,277.5,-48.3167],"stabilizedTipPosition":[-35.812,276.227,-89.1164],"timeVisible":11.9126,"tipPosition":[-35.9019,282.545,-83.4314],"tipVelocity":[10.7302,57.5175,54.4087],"tool":false,"touchDistance":0.410982,"touchZone":"hovering","type":1,"width":18.9605},{"bases":[[[0.989168,0.135454,-0.056563],[-0.0998766,0.903448,0.4169],[0.107573,-0.406735,0.907191]],[[0.985146,0.148611,-0.0860388],[-0.151223,0.513411,-0.844713],[-0.0813605,0.845177,0.528259]],[[0.985146,0.148611,-0.0860388],[0.0399104,-0.685469,-0.727007],[-0.167018,0.712774,-0.681218]],[[0.985146,0.148611,-0.0860388],[0.122168,-0.958653,-0.25702],[-0.120677,0.242691,-0.962568]]],"btipPosition":[14.3611,202.61,1.39493],"carpPosition":[10.9953,239.066,51.6764],"dipPosition":[12.1382,207.081,-16.3362],"direction":[0.167018,-0.712774,0.681218],"extended":false,"handId":472,"id":4722,"length":65.6822,"mcpPosition":[3.63854,266.882,-10.3657],"pipPosition":[7.48265,226.949,-35.3247],"stabilizedTipPosition":[14.58,199.153,-11.7398],"timeVisible":11.9126,"tipPosition":[13.7498,203.759,-3.16948],"tipVelocity":[-0.164511,57.2653,35.4615],"tool":false,"touchDistance":0.333333,"touchZone":"none","type":2,"width":18.6218},{"bases":[[[0.998912,0.00562959,0.0462884],[-0.0254697,0.897391,0.4405],[-0.039059,-0.4412,0.896558]],[[0.999239,0.00982872,0.0377528],[0.0257838,0.559843,-0.828197],[-0.0292758,0.82854,0.559163]],[[0.999239,0.00982872,0.0377528],[0.0346637,-0.667666,-0.743653],[0.0178971,0.744396,-0.667499]],[[0.999239,0.00982872,0.0377528],[0.0196502,-0.962818,-0.269435],[0.0337008,0.269972,-0.962278]]],"btipPosition":[25.2513,207.458,6.84648],"carpPosition":[22.6741,241.813,50.6369],"dipPosition":[25.8686,212.403,-10.7774],"direction":[-0.0178971,-0.744396,0.667499],"extended":false,"handId":472,"id":4723,"length":63.1552,"mcpPosition":[25.0724,268.904,-4.41356],"pipPosition":[26.3546,232.617,-28.903],"stabilizedTipPosition":[25.4479,205.912,-4.17912],"timeVisible":11.9126,"tipPosition":[25.4018,208.847,2.75179],"tipVelocity":[5.3166,48.4154,17.5929],"tool":false,"touchDistance":0.333333,"touchZone":"none","type":3,"width":17.7198},{"bases":[[[0.978063,-0.193825,0.0763202],[0.126858,0.844814,0.519804],[-0.165228,-0.498719,0.850869]],[[0.987176,-0.158721,0.0170431],[0.111647,0.61017,-0.784365],[0.114096,0.776209,0.620066]],[[0.987176,-0.158721,0.0170431],[-0.0847695,-0.611686,-0.786546],[0.135267,0.775015,-0.617297]],[[0.987176,-0.158721,0.0170431],[-0.144013,-0.931549,-0.333881],[0.0688704,0.327145,-0.942461]]],"btipPosition":[37.5528,218.705,6.7888],"carpPosition":[35.873,237.648,48.8843],"dipPosition":[38.7164,224.233,-9.13516],"direction":[-0.135267,-0.775015,0.617297],"extended":false,"handId":472,"id":4724,"length":49.5125,"mcpPosition":[45.2644,265.995,0.521582],"pipPosition":[41.3098,239.091,-20.9701],"stabilizedTipPosition":[36.9336,217.57,-1.69109],"timeVisible":11.9126,"tipPosition":[37.9061,220.267,3.26402],"tipVelocity":[7.61701,42.8796,14.2693],"tool":false,"touchDistance":0.333333,"touchZone":"none","type":4,"width":15.7401}],"r":[[0.648838,0.678752,0.343956],[-0.682239,0.719101,-0.132076],[-0.336986,-0.148964,0.929651]],"s":1.09143,"t":[19.0151,26.4852,-84.1474],"timestamp":93497355820},false],[1,{"currentFrameRate":110.587,"devices":[],"gestures":[{"center":[-21.2968,280.623,-95.533],"duration":90666,"handIds":[472],"id":11,"normal":[-0.000502934,-0.0407017,0.999171],"pointableIds":[4721],"progress":1.1343,"radius":16.8461,"state":"update","type":"circle"}],"hands":[{"armBasis":[[0.944874,0.295621,-0.140785],[-0.255914,0.93496,0.245679],[0.204256,-0.196107,0.959073]],"armWidth":62.4607,"confidence":0.77674,"direction":[-0.115612,0.540644,-0.83327],"elbow":[76.952,176.664,309.152],"grabStrength":0,"id":472,"palmNormal":[0.230671,-0.801347,-0.551936],"palmPosition":[10.5307,251.878,8.63555],"palmVelocity":[24.7349,68.9454,50.3499],"palmWidth":89.1918,"pinchStrength":0.145255,"r":[[0.651846,0.676459,0.342781],[-0.68059,0.721212,-0.129034],[-0.334504,-0.149183,0.930511]],"s":1.08819,"sphereCenter":[-4.13576,227.799,-28.3849],"sphereRadius":49.2992,"stabilizedPalmPosition":[9.01169,248.016,5.26788],"t":[19.2547,27.2256,-83.6429],"timeVisible":11.9219,"type":"right","wrist":[22.8927,228.567,55.3197]}],"id":1685686,"interactionBox":{"center":[0,200,0],"size":[235.247,235.247,147.751]},"pointables":[{"bases":[[[0.159893,0.925266,0.343972],[-0.835583,-0.0586655,0.546223],[0.525581,-0.374754,0.763756]],[[0.149778,0.932287,0.329253],[-0.795594,-0.0840711,0.599969],[0.587024,-0.351814,0.72913]],[[0.149778,0.932287,0.329253],[-0.982065,0.178849,-0.0596695],[-0.114516,-0.31441,0.942355]],[[0.149778,0.932287,0.329253],[-0.872577,0.281238,-0.399394],[-0.464948,-0.227478,0.855615]]],"btipPosition":[-15.5059,244.057,-35.4254],"carpPosition":[-1.27595,211.115,51.3756],"dipPosition":[-26.1723,238.838,-15.7967],"direction":[0.114516,0.31441,-0.942355],"extended":false,"handId":472,"id":4720,"length":51.0864,"mcpPosition":[-1.27595,211.115,51.3756],"pipPosition":[-29.9996,228.33,15.6985],"stabilizedTipPosition":[-20.0993,241.265,-33.0628],"timeVisible":11.9219,"tipPosition":[-18.6686,243.943,-30.3482],"tipVelocity":[47.4153,32.1683,38.6842],"tool":false,"touchDistance":-0.0693491,"touchZone":"touching","type":0,"width":19.8498},{"bases":[[[0.933012,0.343163,-0.108297],[-0.269089,0.865165,0.423178],[0.238914,-0.365689,0.899551]],[[0.925843,0.353419,-0.133825],[-0.247835,0.835166,0.490994],[0.285293,-0.421416,0.860823]],[[0.925843,0.353419,-0.133825],[-0.316642,0.918776,0.235771],[0.206282,-0.175913,0.96255]],[[0.925843,0.353419,-0.133825],[-0.355104,0.934751,0.0118671],[0.129287,0.0365349,0.990934]]],"btipPosition":[-35.5684,281.845,-87.0575],"carpPosition":[0.728383,234.17,53.4678],"dipPosition":[-33.4031,282.457,-70.4614],"direction":[-0.206282,0.175913,-0.96255],"extended":true,"handId":472,"id":4721,"length":57.6453,"mcpPosition":[-16.5011,260.542,-11.4038],"pipPosition":[-28.5157,278.289,-47.656],"stabilizedTipPosition":[-35.7747,276.517,-88.8206],"timeVisible":11.9219,"tipPosition":[-35.5179,283.036,-82.8137],"tipVelocity":[20.4991,53.8198,57.2854],"tool":false,"touchDistance":0.412199,"touchZone":"hovering","type":1,"width":18.9605},{"bases":[[[0.988823,0.13805,-0.0563134],[-0.102168,0.902487,0.418424],[0.108586,-0.407994,0.906504]],[[0.98481,0.151127,-0.0854989],[-0.15238,0.516141,-0.84284],[-0.0832467,0.843065,0.531329]],[[0.98481,0.151127,-0.0854989],[0.0412755,-0.682042,-0.730147],[-0.168659,0.715527,-0.67792]],[[0.98481,0.151127,-0.0854989],[0.124225,-0.957263,-0.26118],[-0.121317,0.246592,-0.961496]]],"btipPosition":[14.7248,203.504,1.87018],"carpPosition":[11.2817,239.922,52.3615],"dipPosition":[12.4901,208.046,-15.8412],"direction":[0.168659,-0.715527,0.67792],"extended":false,"handId":472,"id":4722,"length":65.6822,"mcpPosition":[3.85559,267.824,-9.63362],"pipPosition":[7.78881,227.991,-34.7378],"stabilizedTipPosition":[14.5728,199.258,-11.5555],"timeVisible":11.9219,"tipPosition":[14.122,204.681,-2.60837],"tipVelocity":[10.8453,68.7908,40.0552],"tool":false,"touchDistance":0.333333,"touchZone":"none","type":2,"width":18.6218},{"bases":[[[0.998894,0.00807726,0.0463187],[-0.0277462,0.896578,0.442016],[-0.0379581,-0.442812,0.895811]],[[0.999213,0.0123299,0.0377127],[0.0242286,0.563085,-0.826044],[-0.0314205,0.826307,0.562343]],[[0.999213,0.0123299,0.0377127],[0.036373,-0.664395,-0.746496],[0.0158519,0.74728,-0.66432]],[[0.999213,0.0123299,0.0377127],[0.0221714,-0.961758,-0.273],[0.0329044,0.273621,-0.961275]]],"btipPosition":[25.6272,208.398,7.33842],"carpPosition":[22.9534,242.701,51.3269],"dipPosition":[26.2298,213.409,-10.2671],"direction":[-0.0158519,-0.74728,0.66432],"extended":false,"handId":472,"id":4723,"length":63.1552,"mcpPosition":[25.2841,269.89,-3.67767],"pipPosition":[26.6603,233.701,-28.3064],"stabilizedTipPosition":[25.454,205.982,-4.03595],"timeVisible":11.9219,"tipPosition":[25.7699,209.796,3.30239],"tipVelocity":[15.1334,63.7815,27.7124],"tool":false,"touchDistance":0.333333,"touchZone":"none","type":3,"width":17.7198},{"bases":[[[0.978549,-0.19148,0.076013],[0.124712,0.844253,0.521234],[-0.16398,-0.500573,0.850022]],[[0.987551,-0.156376,0.0170003],[0.110338,0.611646,-0.7834],[0.112107,0.775523,0.621286]],[[0.987551,-0.156376,0.0170003],[-0.0831351,-0.610634,-0.787537],[0.133533,0.77632,-0.616032]],[[0.987551,-0.156376,0.0170003],[-0.1417,-0.931339,-0.335453],[0.0682899,0.328868,-0.941903]]],"btipPosition":[37.8838,219.704,7.44424],"carpPosition":[36.1629,238.572,49.5676],"dipPosition":[39.0376,225.261,-8.4703],"direction":[-0.133533,-0.77632,0.616032],"extended":false,"handId":472,"id":4724,"length":49.5125,"mcpPosition":[45.4834,267.024,1.25297],"pipPosition":[41.5977,240.144,-20.281],"stabilizedTipPosition":[36.9582,217.639,-1.58008],"timeVisible":11.9219,"tipPosition":[38.2356,221.269,3.91879],"tipVelocity":[15.4576,61.3537,30.2274],"tool":false,"touchDistance":0.333333,"touchZone":"none","type":4,"width":15.7401}],"r":[[0.651846,0.676459,0.342781],[-0.68059,0.721212,-0.129034],[-0.334504,-0.149183,0.930511]],"s":1.08819,"t":[19.2547,27.2256,-83.6429],"timestamp":93497365085},false],[2,{"currentFrameRate":110.665,"devices":[],"gestures":[{"center":[-21.2968,280.623,-95.533],"duration":90666,"handIds":[472],"id":11,"normal":[-0.000502934,-0.0407017,0.999171],"pointableIds":[4721],"progress":1.1343,"radius":16.8461,"state":"update","type":"circle"}],"hands":[{"armBasis":[[0.944237,0.298653,-0.138648],[-0.258736,0.933423,0.248552],[0.203648,-0.198819,0.958644]],"armWidth":62.4607,"confidence":0.778935,"direction":[-0.117887,0.540451,-0.833076],"elbow":[77.235,176.752,309.482],"grabStrength":0,"id":472,"palmNormal":[0.232961,-0.800462,-0.552259],"palmPosition":[10.8703,252.653,9.09206],"palmVelocity":[28.3871,73.8872,50.6082],"palmWidth":89.1918,"pinchStrength":0.132175,"r":[[0.653845,0.675033,0.341784],[-0.679749,0.722456,-0.126487],[-0.332307,-0.149625,0.931227]],"s":1.08587,"sphereCenter":[-3.63995,228.317,-28.048],"sphereRadius":49.3427,"stabilizedPalmPosition":[9.2113,248.514,5.67858],"t":[19.5443,27.9834,-83.1625],"timeVisible":11.9308,"type":"right","wrist":[23.3368,229.372,55.7634]}],"id":1685687,"interactionBox":{"center":[0,200,0],"size":[235.247,235.247,147.751]},"pointables":[{"bases":[[[0.15707,0.925707,0.344087],[-0.835056,-0.0615261,0.546715],[0.527268,-0.373204,0.763353]],[[0.151879,0.929331,0.336565],[-0.790124,-0.0904269,0.60624],[0.593833,-0.358003,0.720553]],[[0.151879,0.929331,0.336565],[-0.982671,0.178582,-0.049664],[-0.106259,-0.32319,0.940349]],[[0.151879,0.929331,0.336565],[-0.872801,0.285901,-0.395575],[-0.463844,-0.233675,0.854543]]],"btipPosition":[-15.6413,245.522,-34.4598],"carpPosition":[-0.776901,211.842,51.8299],"dipPosition":[-26.2824,240.162,-14.8557],"direction":[0.106259,0.32319,-0.94035],"extended":false,"handId":472,"id":4720,"length":51.0864,"mcpPosition":[-0.776901,211.842,51.8299],"pipPosition":[-29.8338,229.36,16.5724],"stabilizedTipPosition":[-19.763,241.771,-32.5423],"timeVisible":11.9308,"tipPosition":[-18.5293,244.986,-29.6118],"tipVelocity":[30.5604,67.2101,57.5004],"tool":false,"touchDistance":-0.0533502,"touchZone":"touching","type":0,"width":19.8498},{"bases":[[[0.931817,0.346241,-0.108783],[-0.271665,0.864183,0.423539],[0.240655,-0.365109,0.899322]],[[0.92478,0.356239,-0.133696],[-0.251938,0.836588,0.486465],[0.285147,-0.41619,0.86341]],[[0.92478,0.356239,-0.133696],[-0.322156,0.920026,0.223089],[0.202477,-0.163237,0.965586]],[[0.92478,0.356239,-0.133696],[-0.360354,0.932788,-0.00712593],[0.122172,0.0547679,0.990997]]],"btipPosition":[-35.0536,281.71,-86.7646],"carpPosition":[1.15318,234.903,53.9262],"dipPosition":[-33.0075,282.627,-70.1674],"direction":[-0.202477,0.163237,-0.965586],"extended":true,"handId":472,"id":4721,"length":57.6453,"mcpPosition":[-16.2018,261.233,-10.929],"pipPosition":[-28.2103,278.76,-47.2901],"stabilizedTipPosition":[-35.7216,276.758,-88.559],"timeVisible":11.9308,"tipPosition":[-35.0771,283.078,-82.4937],"tipVelocity":[29.8179,37.2169,50.6644],"tool":false,"touchDistance":0.408709,"touchZone":"hovering","type":1,"width":18.9605},{"bases":[[[0.988331,0.141301,-0.0568792],[-0.10487,0.902053,0.418692],[0.11047,-0.407842,0.906345]],[[0.984267,0.154346,-0.0860022],[-0.154502,0.515684,-0.842733],[-0.0857228,0.842762,0.531417]],[[0.984267,0.154346,-0.0860022],[0.0431216,-0.681862,-0.730209],[-0.171347,0.715012,-0.677789]],[[0.984267,0.154346,-0.0860022],[0.127205,-0.956821,-0.261365],[-0.122629,0.246313,-0.961401]]],"btipPosition":[15.2173,204.295,2.32487],"carpPosition":[11.6869,240.69,52.8148],"dipPosition":[12.9584,208.832,-15.3847],"direction":[0.171347,-0.715012,0.677789],"extended":false,"handId":472,"id":4722,"length":65.6822,"mcpPosition":[4.13196,268.582,-9.16942],"pipPosition":[8.18218,228.763,-34.2777],"stabilizedTipPosition":[14.5755,199.388,-11.3454],"timeVisible":11.9308,"tipPosition":[14.6098,205.469,-2.15251],"tipVelocity":[22.776,74.2283,43.0699],"tool":false,"touchDistance":0.333333,"touchZone":"none","type":2,"width":18.6218},{"bases":[[[0.99889,0.0113384,0.045717],[-0.0304151,0.896382,0.442238],[-0.0359656,-0.443137,0.895732]],[[0.999194,0.0156767,0.0369446],[0.0214759,0.568803,-0.822193],[-0.0339035,0.822324,0.568008]],[[0.999194,0.0156767,0.0369446],[0.0381226,-0.658458,-0.751651],[0.0125431,0.752454,-0.658525]],[[0.999194,0.0156767,0.0369446],[0.0253657,-0.960057,-0.278653],[0.0311005,0.279366,-0.959681]]],"btipPosition":[26.1319,209.153,7.3555],"carpPosition":[23.3489,243.507,51.7738],"dipPosition":[26.7015,214.269,-10.2208],"direction":[-0.0125431,-0.752454,0.658525],"extended":false,"handId":472,"id":4723,"length":63.1552,"mcpPosition":[25.5572,270.717,-3.22594],"pipPosition":[27.0421,234.702,-28.1028],"stabilizedTipPosition":[25.4726,206.082,-3.86696],"timeVisible":11.9308,"tipPosition":[26.2576,210.576,3.47406],"tipVelocity":[26.2105,70.2485,20.9027],"tool":false,"touchDistance":0.333333,"touchZone":"none","type":3,"width":17.7198},{"bases":[[[0.979216,-0.188291,0.0753779],[0.122262,0.844538,0.521351],[-0.161825,-0.5013,0.850006]],[[0.988049,-0.153252,0.0165457],[0.108075,0.612223,-0.783264],[0.109907,0.775691,0.621469]],[[0.988049,-0.153252,0.0165457],[-0.081527,-0.610665,-0.787681],[0.130817,0.776918,-0.615861]],[[0.988049,-0.153252,0.0165457],[-0.138891,-0.931697,-0.335634],[0.066852,0.329324,-0.941847]]],"btipPosition":[38.3217,220.57,7.87253],"carpPosition":[36.5707,239.422,50.0056],"dipPosition":[39.4513,226.135,-8.04106],"direction":[-0.130817,-0.776918,0.615861],"extended":false,"handId":472,"id":4724,"length":49.5125,"mcpPosition":[45.7687,267.916,1.69184],"pipPosition":[41.9593,241.03,-19.8485],"stabilizedTipPosition":[36.9951,217.735,-1.44853],"timeVisible":11.9308,"tipPosition":[38.6683,222.134,4.3474],"tipVelocity":[24.4677,71.1977,35.1024],"tool":false,"touchDistance":0.333333,"touchZone":"none","type":4,"width":15.7401}],"r":[[0.653845,0.675033,0.341784],[-0.679749,0.722456,-0.126487],[-0.332307,-0.149625,0.931227]],"s":1.08587,"t":[19.5443,27.9834,-83.1625],"timestamp":93497373984},false],[3,{"currentFrameRate":110.661,"devices":[],"gestures":[{"center":[-21.2968,280.623,-95.533],"duration":90666,"handIds":[472],"id":11,"normal":[-0.000502934,-0.0407017,0.999171],"pointableIds":[4721],"progress":1.1343,"radius":16.8461,"state":"update","type":"circle"}],"hands":[{"armBasis":[[0.94396,0.301577,-0.134129],[-0.262419,0.932223,0.249193],[0.200189,-0.20003,0.959121]],"armWidth":62.4607,"confidence":0.781286,"direction":[-0.120351,0.541198,-0.832238],"elbow":[76.7318,177.086,309.871],"grabStrength":0,"id":472,"palmNormal":[0.235971,-0.798709,-0.553518],"palmPosition":[11.1727,253.327,9.39325],"palmVelocity":[29.7809,74.0485,45.8382],"palmWidth":89.1918,"pinchStrength":0.118317,"r":[[0.654924,0.674316,0.341134],[-0.679658,0.72294,-0.12419],[-0.330363,-0.15052,0.931775]],"s":1.08426,"sphereCenter":[-3.13209,228.761,-27.9032],"sphereRadius":49.3806,"stabilizedPalmPosition":[9.44509,249.088,6.12134],"t":[19.8403,28.6991,-82.7717],"timeVisible":11.9398,"type":"right","wrist":[23.7492,230.027,56.0259]}],"id":1685688,"interactionBox":{"center":[0,200,0],"size":[235.247,235.247,147.751]},"pointables":[{"bases":[[[0.15348,0.925823,0.345393],[-0.834607,-0.0656782,0.546917],[0.529033,-0.372208,0.762618]],[[0.152984,0.926171,0.344679],[-0.784697,-0.0981643,0.612057],[0.600704,-0.364104,0.711746]],[[0.152984,0.926171,0.344679],[-0.98337,0.177217,-0.0397269],[-0.0978768,-0.332869,0.93788]],[[0.152984,0.926171,0.344679],[-0.875496,0.288798,-0.38743],[-0.458369,-0.242495,0.855041]]],"btipPosition":[-15.9019,246.911,-33.7126],"carpPosition":[-0.295454,212.407,52.0751],"dipPosition":[-26.4173,241.348,-14.097],"direction":[0.0978768,0.332869,-0.93788],"extended":false,"handId":472,"id":4720,"length":51.0864,"mcpPosition":[-0.295454,212.407,52.0751],"pipPosition":[-29.6886,230.223,17.2486],"stabilizedTipPosition":[-19.5087,242.451,-31.9533],"timeVisible":11.9398,"tipPosition":[-18.5005,245.988,-29.0463],"tipVelocity":[15.0724,89.5967,64.5095],"tool":false,"touchDistance":-0.0408521,"touchZone":"touching","type":0,"width":19.8498},{"bases":[[[0.930382,0.350135,-0.108601],[-0.274977,0.862463,0.424905],[0.242438,-0.365462,0.8987]],[[0.923477,0.359902,-0.132895],[-0.257089,0.83763,0.481956],[0.284774,-0.410909,0.866059]],[[0.923477,0.359902,-0.132895],[-0.328597,0.920776,0.210227],[0.198027,-0.150471,0.968578]],[[0.923477,0.359902,-0.132895],[-0.366283,0.930131,-0.026314],[0.114139,0.0729774,0.990781]]],"btipPosition":[-34.5369,281.475,-86.6201],"carpPosition":[1.54288,235.471,54.2047],"dipPosition":[-32.6253,282.697,-70.0265],"direction":[-0.198027,0.150471,-0.968578],"extended":true,"handId":472,"id":4721,"length":57.6453,"mcpPosition":[-15.9407,261.827,-10.6057],"pipPosition":[-27.9335,279.132,-47.0783],"stabilizedTipPosition":[-35.6519,276.972,-88.3119],"timeVisible":11.9398,"tipPosition":[-34.6368,283.016,-82.3236],"tipVelocity":[36.4078,21.9113,41.0777],"tool":false,"touchDistance":0.403327,"touchZone":"hovering","type":1,"width":18.9605},{"bases":[[[0.987736,0.145347,-0.0570186],[-0.108337,0.901009,0.420056],[0.112428,-0.408727,0.905705]],[[0.983631,0.158358,-0.0859844],[-0.156808,0.517135,-0.841417],[-0.0887794,0.841127,0.533502]],[[0.983631,0.158358,-0.0859844],[0.0454693,-0.679854,-0.731937],[-0.174365,0.716046,-0.675926]],[[0.983631,0.158358,-0.0859844],[0.13083,-0.955736,-0.263537],[-0.123912,0.247974,-0.96081]]],"btipPosition":[15.7015,204.986,2.49053],"carpPosition":[12.0529,241.302,53.098],"dipPosition":[13.419,209.554,-15.2082],"direction":[0.174365,-0.716046,0.675926],"extended":false,"handId":472,"id":4722,"length":65.6822,"mcpPosition":[4.36404,269.255,-8.84241],"pipPosition":[8.55867,229.513,-34.0492],"stabilizedTipPosition":[14.5909,199.558,-11.0948],"timeVisible":11.9398,"tipPosition":[15.0947,206.166,-1.94599],"tipVelocity":[31.0942,75.0441,36.3227],"tool":false,"touchDistance":0.333333,"touchZone":"none","type":2,"width":18.6218},{"bases":[[[0.998853,0.0152774,0.0453826],[-0.0338515,0.895602,0.443566],[-0.0338682,-0.444594,0.895092]],[[0.99914,0.0196962,0.0364827],[0.0185826,0.57387,-0.818735],[-0.0370623,0.818709,0.573011]],[[0.99914,0.0196962,0.0364827],[0.0404857,-0.653142,-0.756152],[0.00893505,0.756979,-0.653378]],[[0.99914,0.0196962,0.0364827],[0.029263,-0.958374,-0.284011],[0.0293701,0.284835,-0.958127]]],"btipPosition":[26.6254,209.838,7.29076],"carpPosition":[23.7031,244.168,52.0571],"dipPosition":[27.1633,215.055,-10.2571],"direction":[-0.00893505,-0.756979,0.653378],"extended":false,"handId":472,"id":4723,"length":63.1552,"mcpPosition":[25.7827,271.467,-2.90332],"pipPosition":[27.4059,235.61,-27.9993],"stabilizedTipPosition":[25.5096,206.225,-3.66056],"timeVisible":11.9398,"tipPosition":[26.7373,211.28,3.50911],"tipVelocity":[33.8068,72.4854,13.3657],"tool":false,"touchDistance":0.333333,"touchZone":"none","type":3,"width":17.7198},{"bases":[[[0.97999,-0.184473,0.0747567],[0.11906,0.844255,0.52255],[-0.15951,-0.503194,0.849325]],[[0.988612,-0.14959,0.016434],[0.105976,0.61449,-0.781775],[0.106847,0.774613,0.623344]],[[0.988612,-0.14959,0.016434],[-0.0790369,-0.60904,-0.789191],[0.128064,0.778905,-0.613927]],[[0.988612,-0.14959,0.016434],[-0.135335,-0.931495,-0.337641],[0.0658159,0.331572,-0.941131]]],"btipPosition":[38.7364,221.356,8.06973],"carpPosition":[36.9406,240.139,50.2782],"dipPosition":[39.8484,226.958,-7.83176],"direction":[-0.128064,-0.778905,0.613927],"extended":false,"handId":472,"id":4724,"length":49.5125,"mcpPosition":[46.007,268.74,2.00323],"pipPosition":[42.3037,241.891,-19.6021],"stabilizedTipPosition":[37.0494,217.868,-1.28907],"timeVisible":11.9398,"tipPosition":[39.0804,222.919,4.56141],"tipVelocity":[30.2402,75.7818,31.5219],"tool":false,"touchDistance":0.333333,"touchZone":"none","type":4,"width":15.7401}],"r":[[0.654924,0.674316,0.341134],[-0.679658,0.72294,-0.12419],[-0.330363,-0.15052,0.931775]],"s":1.08426,"t":[19.8403,28.6991,-82.7717],"timestamp":93497383027},false],[4,{"currentFrameRate":110.69,"devices":[],"gestures":[{"center":[-21.2968,280.623,-95.533],"duration":90666,"handIds":[472],"id":11,"normal":[-0.000502934,-0.0407017,0.999171],"pointableIds":[4721],"progress":1.1343,"radius":16.8461,"state":"update","type":"circle"}],"hands":[{"armBasis":[[0.942864,0.306205,-0.13132],[-0.267068,0.930254,0.2516],[0.199203,-0.202154,0.958881]],"armWidth":62.4607,"confidence":0.77788,"direction":[-0.122818,0.542701,-0.830898],"elbow":[76.8054,177.103,309.965],"grabStrength":0,"id":472,"palmNormal":[0.240039,-0.796133,-0.555475],"palmPosition":[11.4037,253.961,9.60674],"palmVelocity":[28.666,73.0978,39.7871],"palmWidth":89.1918,"pinchStrength":0.112313,"r":[[0.655104,0.674216,0.340985],[-0.680288,0.722717,-0.122021],[-0.328704,-0.152032,0.932116]],"s":1.08261,"sphereCenter":[-2.57794,229.193,-27.8871],"sphereRadius":49.3629,"stabilizedPalmPosition":[9.7007,249.724,6.57621],"t":[20.1038,29.3739,-82.4695],"timeVisible":11.9488,"type":"right","wrist":[24.0837,230.606,56.1835]}],"id":1685689,"interactionBox":{"center":[0,200,0],"size":[235.247,235.247,147.751]},"pointables":[{"bases":[[[0.14883,0.925692,0.347771],[-0.834404,-0.0711745,0.546538],[0.530678,-0.371523,0.761808]],[[0.151613,0.923729,0.351764],[-0.781167,-0.106077,0.615245],[0.605634,-0.368065,0.705504]],[[0.151613,0.923729,0.351764],[-0.984073,0.174477,-0.0340315],[-0.0928105,-0.341002,0.93547]],[[0.151613,0.923729,0.351764],[-0.877274,0.28972,-0.382692],[-0.455416,-0.250572,0.854289]]],"btipPosition":[-15.9575,248.032,-33.2023],"carpPosition":[0.127176,212.877,52.1821],"dipPosition":[-26.4052,242.284,-13.604],"direction":[0.0928105,0.341002,-0.93547],"extended":false,"handId":472,"id":4720,"length":51.0864,"mcpPosition":[0.127176,212.877,52.1821],"pipPosition":[-29.5071,230.887,17.661],"stabilizedTipPosition":[-19.2943,243.247,-31.3448],"timeVisible":11.9488,"tipPosition":[-18.4036,246.856,-28.6602],"tipVelocity":[9.71826,97.9485,62.2754],"tool":false,"touchDistance":-0.0324141,"touchZone":"touching","type":0,"width":19.8498},{"bases":[[[0.928671,0.354991,-0.10748],[-0.279328,0.86002,0.427014],[0.244021,-0.366534,0.897834]],[[0.921832,0.364641,-0.131389],[-0.263351,0.837981,0.477948],[0.284381,-0.405986,0.868506]],[[0.921832,0.364641,-0.131389],[-0.336113,0.920879,0.197508],[0.193013,-0.137908,0.971456]],[[0.921832,0.364641,-0.131389],[-0.373059,0.926687,-0.0455845],[0.105135,0.0910371,0.990282]]],"btipPosition":[-34.0565,281.218,-86.5548],"carpPosition":[1.85126,235.945,54.3704],"dipPosition":[-32.2957,282.743,-69.9696],"direction":[-0.193013,0.137908,-0.971456],"extended":true,"handId":472,"id":4721,"length":57.6453,"mcpPosition":[-15.7465,262.378,-10.3775],"pipPosition":[-27.7227,279.475,-46.9531],"stabilizedTipPosition":[-35.5651,277.171,-88.0703],"timeVisible":11.9488,"tipPosition":[-34.2293,282.925,-82.2392],"tipVelocity":[40.0276,10.196,31.7504],"tool":false,"touchDistance":0.397278,"touchZone":"hovering","type":1,"width":18.9605},{"bases":[[[0.987021,0.150359,-0.0564016],[-0.112879,0.899398,0.422304],[0.114225,-0.410457,0.904698]],[[0.982898,0.163314,-0.0850946],[-0.159346,0.522616,-0.837545],[-0.0923106,0.83678,0.539702]],[[0.982898,0.163314,-0.0850946],[0.047987,-0.673262,-0.737845],[-0.177791,0.721143,-0.669585]],[[0.982898,0.163314,-0.0850946],[0.134915,-0.953116,-0.270867],[-0.125341,0.254754,-0.958848]]],"btipPosition":[16.1471,205.571,2.2368],"carpPosition":[12.3327,241.83,53.2812],"dipPosition":[13.8383,210.264,-15.4258],"direction":[0.177791,-0.721143,0.669585],"extended":false,"handId":472,"id":4722,"length":65.6822,"mcpPosition":[4.52096,269.901,-8.59033],"pipPosition":[8.88243,230.365,-34.09],"stabilizedTipPosition":[14.6228,199.779,-10.8063],"timeVisible":11.9488,"tipPosition":[15.5501,206.798,-2.03752],"tipVelocity":[35.9841,73.193,18.8754],"tool":false,"touchDistance":0.333333,"touchZone":"none","type":2,"width":18.6218},{"bases":[[[0.998754,0.0200865,0.0456734],[-0.0383732,0.8943,0.44582],[-0.0318908,-0.447017,0.893957]],[[0.999026,0.0246001,0.0366426],[0.0154643,0.582501,-0.812683],[-0.0413364,0.812458,0.581553]],[[0.999026,0.0246001,0.0366426],[0.0438705,-0.644179,-0.763615],[0.00481942,0.764479,-0.644631]],[[0.999026,0.0246001,0.0366426],[0.0342702,-0.955548,-0.292836],[0.02781,0.293807,-0.95546]]],"btipPosition":[27.0972,210.481,6.89336],"carpPosition":[23.9689,244.756,52.2505],"dipPosition":[27.6066,215.862,-10.6056],"direction":[-0.00481942,-0.764479,0.644631],"extended":false,"handId":472,"id":4723,"length":63.1552,"mcpPosition":[25.927,272.204,-2.64026],"pipPosition":[27.7374,236.621,-28.1103],"stabilizedTipPosition":[25.5693,206.417,-3.43215],"timeVisible":11.9488,"tipPosition":[27.1935,211.958,3.2743],"tipVelocity":[38.7384,73.3808,-2.08321],"tool":false,"touchDistance":0.333333,"touchZone":"none","type":3,"width":17.7198},{"bases":[[[0.98087,-0.179828,0.0745378],[0.114771,0.843507,0.524712],[-0.157231,-0.50612,0.84801]],[[0.989301,-0.144941,0.0166113],[0.103481,0.616895,-0.780213],[0.102838,0.773584,0.625293]],[[0.989301,-0.144941,0.0166113],[-0.0757181,-0.607441,-0.790748],[0.124703,0.78103,-0.611916]],[[0.989301,-0.144941,0.0166113],[-0.13073,-0.931271,-0.340064],[0.064759,0.334254,-0.940256]]],"btipPosition":[39.114,222.13,8.21009],"carpPosition":[37.2265,240.797,50.4647],"dipPosition":[40.2082,227.777,-7.6766],"direction":[-0.124703,-0.78103,0.611916],"extended":false,"handId":472,"id":4724,"length":49.5125,"mcpPosition":[46.1634,269.564,2.26449],"pipPosition":[42.599,242.751,-19.4084],"stabilizedTipPosition":[37.1231,218.045,-1.10313],"timeVisible":11.9488,"tipPosition":[39.4551,223.699,4.70344],"tipVelocity":[33.349,78.9396,27.2677],"tool":false,"touchDistance":0.333333,"touchZone":"none","type":4,"width":15.7401}],"r":[[0.655104,0.674216,0.340985],[-0.680288,0.722717,-0.122021],[-0.328704,-0.152032,0.932116]],"s":1.08261,"t":[20.1038,29.3739,-82.4695],"timestamp":93497392010},false],[5,{"currentFrameRate":110.695,"devices":[],"gestures":[{"center":[-21.2968,280.623,-95.533],"duration":90666,"handIds":[472],"id":11,"normal":[-0.000502934,-0.0407017,0.999171],"pointableIds":[4721],"progress":1.1343,"radius":16.8461,"state":"update","type":"circle"}],"hands":[{"armBasis":[[0.942382,0.30828,-0.129925],[-0.269512,0.929689,0.251081],[0.198193,-0.201598,0.959207]],"armWidth":62.4607,"confidence":0.779265,"direction":[-0.123668,0.544928,-0.829313],"elbow":[76.771,177.566,310.248],"grabStrength":0,"id":472,"palmNormal":[0.242202,-0.793877,-0.557761],"palmPosition":[11.6056,254.388,9.86846],"palmVelocity":[26.9319,66.0133,36.818],"palmWidth":89.1918,"pinchStrength":0.112517,"r":[[0.654896,0.674238,0.341343],[-0.681117,0.722288,-0.119918],[-0.327401,-0.153961,0.932258]],"s":1.08038,"sphereCenter":[-2.09507,229.514,-27.8306],"sphereRadius":49.2844,"stabilizedPalmPosition":[9.96907,250.381,7.04004],"t":[20.3365,29.925,-82.1876],"timeVisible":11.9578,"type":"right","wrist":[24.3165,230.922,56.3808]}],"id":1685690,"interactionBox":{"center":[0,200,0],"size":[235.247,235.247,147.751]},"pointables":[{"bases":[[[0.146468,0.924981,0.350654],[-0.834516,-0.0747979,0.545883],[0.53116,-0.37258,0.760955]],[[0.150731,0.921957,0.356757],[-0.779791,-0.110929,0.616134],[0.607623,-0.371066,0.702214]],[[0.150731,0.921957,0.356757],[-0.984413,0.17306,-0.0313164],[-0.0906128,-0.346476,0.933672]],[[0.150731,0.921957,0.356757],[-0.879754,0.289702,-0.37697],[-0.450903,-0.257037,0.854762]]],"btipPosition":[-15.955,248.782,-32.861],"carpPosition":[0.403959,213.149,52.3131],"dipPosition":[-26.2993,242.885,-13.2519],"direction":[0.0906128,0.346476,-0.933672],"extended":false,"handId":472,"id":4720,"length":51.0864,"mcpPosition":[0.403959,213.149,52.3131],"pipPosition":[-29.3277,231.306,17.9531],"stabilizedTipPosition":[-19.1027,244.081,-30.7473],"timeVisible":11.9578,"tipPosition":[-18.2958,247.473,-28.3586],"tipVelocity":[7.84441,92.826,55.6196],"tool":false,"touchDistance":-0.0266843,"touchZone":"touching","type":0,"width":19.8498},{"bases":[[[0.927886,0.357503,-0.105918],[-0.281575,0.85806,0.429474],[0.244422,-0.368679,0.896847]],[[0.921191,0.367004,-0.12929],[-0.267184,0.838155,0.475508],[0.282879,-0.403489,0.870159]],[[0.921191,0.367004,-0.12929],[-0.340649,0.921227,0.187882],[0.188059,-0.129032,0.973645]],[[0.921191,0.367004,-0.12929],[-0.376762,0.924323,-0.0606372],[0.0972519,0.10457,0.989751]]],"btipPosition":[-33.5515,281.1,-86.3942],"carpPosition":[2.07252,236.214,54.5723],"dipPosition":[-31.9227,282.851,-69.8179],"direction":[-0.188059,0.129032,-0.973645],"extended":true,"handId":472,"id":4721,"length":57.6453,"mcpPosition":[-15.5541,262.802,-10.1043],"pipPosition":[-27.4671,279.794,-46.7496],"stabilizedTipPosition":[-35.4548,277.371,-87.8168],"timeVisible":11.9578,"tipPosition":[-33.7795,282.906,-82.0757],"tipVelocity":[43.4874,5.37748,27.8461],"tool":false,"touchDistance":0.393262,"touchZone":"hovering","type":1,"width":18.9605},{"bases":[[[0.986693,0.152854,-0.0554291],[-0.115217,0.897845,0.42497],[0.114725,-0.412929,0.903509]],[[0.982789,0.165226,-0.0826255],[-0.159304,0.53154,-0.831918],[-0.0935355,0.830762,0.548713]],[[0.982789,0.165226,-0.0826255],[0.0491028,-0.664821,-0.745387],[-0.178088,0.728501,-0.661492]],[[0.982789,0.165226,-0.0826255],[0.136325,-0.950504,-0.279208],[-0.124668,0.263139,-0.956669]]],"btipPosition":[16.3746,205.962,1.85184],"carpPosition":[12.5406,242.128,53.5064],"dipPosition":[14.0781,210.809,-15.7706],"direction":[0.178088,-0.728501,0.661492],"extended":false,"handId":472,"id":4722,"length":65.6822,"mcpPosition":[4.69463,270.367,-8.28379],"pipPosition":[9.11398,231.116,-34.2093],"stabilizedTipPosition":[14.6688,200.053,-10.4829],"timeVisible":11.9578,"tipPosition":[15.82,207.233,-2.21445],"tipVelocity":[33.1033,66.0572,2.22212],"tool":false,"touchDistance":0.333333,"touchZone":"none","type":2,"width":18.6218},{"bases":[[[0.998681,0.0223011,0.0462565],[-0.0407118,0.89285,0.448509],[-0.0312979,-0.449801,0.89258]],[[0.998951,0.0269636,0.0369995],[0.0140285,0.589011,-0.808003],[-0.0435798,0.807675,0.588015]],[[0.998951,0.0269636,0.0369995],[0.0456957,-0.636837,-0.769643],[0.00281027,0.770527,-0.637402]],[[0.998951,0.0269636,0.0369995],[0.0368637,-0.952975,-0.300799],[0.0271489,0.301847,-0.95297]]],"btipPosition":[27.4272,210.877,6.6931],"carpPosition":[24.1704,245.084,52.4907],"dipPosition":[27.9245,216.406,-10.7603],"direction":[-0.00281027,-0.770527,0.637402],"extended":false,"handId":472,"id":4723,"length":63.1552,"mcpPosition":[26.0921,272.702,-2.31557],"pipPosition":[28.0008,237.329,-28.0686],"stabilizedTipPosition":[25.65,206.652,-3.18199],"timeVisible":11.9578,"tipPosition":[27.5134,212.39,3.16869],"tipVelocity":[38.0561,66.3127,-7.29729],"tool":false,"touchDistance":0.333333,"touchZone":"none","type":3,"width":17.7198},{"bases":[[[0.981253,-0.177742,0.0745053],[0.112511,0.84218,0.527328],[-0.156475,-0.509059,0.846389]],[[0.98915,-0.145378,0.0211336],[0.108809,0.628361,-0.770275],[0.0987017,0.764217,0.637362]],[[0.98915,-0.145378,0.0211336],[-0.069867,-0.592082,-0.802843],[0.129229,0.792656,-0.595815]],[[0.98915,-0.145378,0.0211336],[-0.128379,-0.925343,-0.356735],[0.0714173,0.350151,-0.933967]]],"btipPosition":[39.2268,222.494,7.70408],"carpPosition":[37.4382,241.161,50.6998],"dipPosition":[40.4335,228.41,-8.07635],"direction":[-0.129229,-0.792656,0.595815],"extended":false,"handId":472,"id":4724,"length":49.5125,"mcpPosition":[46.3321,270.095,2.59174],"pipPosition":[42.9111,243.607,-19.4995],"stabilizedTipPosition":[37.2133,218.265,-0.907117],"timeVisible":11.9578,"tipPosition":[39.637,224.138,4.43566],"tipVelocity":[28.4002,70.2169,5.0768],"tool":false,"touchDistance":0.333333,"touchZone":"none","type":4,"width":15.7401}],"r":[[0.654896,0.674238,0.341343],[-0.681117,0.722288,-0.119918],[-0.327401,-0.153961,0.932258]],"s":1.08038,"t":[20.3365,29.925,-82.1876],"timestamp":93497401035},false],[6,{"currentFrameRate":110.665,"devices":[],"gestures":[{"center":[-21.2968,280.623,-95.533],"duration":90666,"handIds":[472],"id":11,"normal":[-0.000502934,-0.0407017,0.999171],"pointableIds":[4721],"progress":1.1343,"radius":16.8461,"state":"update","type":"circle"}],"hands":[{"armBasis":[[0.941749,0.310613,-0.128947],[-0.272131,0.929077,0.250523],[0.197617,-0.200839,0.959485]],"armWidth":62.4607,"confidence":0.784394,"direction":[-0.124403,0.546489,-0.828175],"elbow":[76.8224,178.03,310.446],"grabStrength":0,"id":472,"palmNormal":[0.244624,-0.792003,-0.559366],"palmPosition":[11.7859,254.725,10.036],"palmVelocity":[24.9665,57.9864,31.728],"palmWidth":89.1918,"pinchStrength":0.114993,"r":[[0.654338,0.674428,0.342035],[-0.682122,0.721653,-0.118014],[-0.326422,-0.156089,0.932247]],"s":1.07757,"sphereCenter":[-1.52083,229.724,-27.8466],"sphereRadius":49.1729,"stabilizedPalmPosition":[10.2421,251.034,7.49026],"t":[20.543,30.3688,-81.9628],"timeVisible":11.9669,"type":"right","wrist":[24.5202,231.185,56.5051]}],"id":1685691,"interactionBox":{"center":[0,200,0],"size":[235.247,235.247,147.751]},"pointables":[{"bases":[[[0.143873,0.924551,0.352855],[-0.834742,-0.078128,0.54507],[0.531512,-0.372964,0.760521]],[[0.148749,0.921086,0.359825],[-0.779317,-0.114798,0.616024],[0.608719,-0.372051,0.700742]],[[0.148749,0.921086,0.359825],[-0.984798,0.17099,-0.0305935],[-0.0897056,-0.349804,0.932518]],[[0.148749,0.921086,0.359825],[-0.880867,0.288778,-0.375074],[-0.449385,-0.261166,0.85431]]],"btipPosition":[-15.8223,249.249,-32.6744],"carpPosition":[0.655505,213.362,52.3788],"dipPosition":[-26.1316,243.258,-13.0756],"direction":[0.0897056,0.349804,-0.932518],"extended":false,"handId":472,"id":4720,"length":51.0864,"mcpPosition":[0.655505,213.362,52.3788],"pipPosition":[-29.1297,231.567,18.0908],"stabilizedTipPosition":[-18.9096,244.886,-30.1994],"timeVisible":11.9669,"tipPosition":[-18.1246,247.88,-28.1935],"tipVelocity":[9.96169,80.68,45.8309],"tool":false,"touchDistance":-0.0236135,"touchZone":"touching","type":0,"width":19.8498},{"bases":[[[0.927065,0.360071,-0.104395],[-0.28406,0.856377,0.431194],[0.244662,-0.37009,0.8962]],[[0.920446,0.369498,-0.127478],[-0.271441,0.838926,0.471723],[0.281246,-0.399593,0.872483]],[[0.920446,0.369498,-0.127478],[-0.345647,0.921726,0.175925],[0.182504,-0.117867,0.976115]],[[0.920446,0.369498,-0.127478],[-0.380743,0.921332,-0.0786216],[0.0883994,0.120903,0.98872]]],"btipPosition":[-33.0283,280.711,-86.3676],"carpPosition":[2.26434,236.426,54.6914],"dipPosition":[-31.5478,282.736,-69.8086],"direction":[-0.182504,0.117867,-0.976115],"extended":true,"handId":472,"id":4721,"length":57.6453,"mcpPosition":[-15.3796,263.115,-9.93863],"pipPosition":[-27.2238,279.943,-46.6818],"stabilizedTipPosition":[-35.3105,277.57,-87.5426],"timeVisible":11.9669,"tipPosition":[-33.3146,282.646,-82.0468],"tipVelocity":[46.3432,-6.03775,20.8242],"tool":false,"touchDistance":0.387608,"touchZone":"hovering","type":1,"width":18.9605},{"bases":[[[0.986348,0.155458,-0.0543233],[-0.117799,0.89659,0.426908],[0.115072,-0.41468,0.902662]],[[0.982604,0.167393,-0.0804235],[-0.159432,0.538275,-0.827552],[-0.0952367,0.825978,0.555599]],[[0.982604,0.167393,-0.0804235],[0.0506989,-0.6584,-0.750959],[-0.178656,0.733818,-0.655433]],[[0.982604,0.167393,-0.0804235],[0.138232,-0.948449,-0.285195],[-0.124017,0.269116,-0.95509]]],"btipPosition":[16.6128,206.29,1.52691],"carpPosition":[12.7183,242.368,53.6469],"dipPosition":[14.3283,211.247,-16.0664],"direction":[0.178656,-0.733818,0.655433],"extended":false,"handId":472,"id":4722,"length":65.6822,"mcpPosition":[4.84866,270.728,-8.08539],"pipPosition":[9.34839,231.702,-34.3362],"stabilizedTipPosition":[14.7305,200.374,-10.1364],"timeVisible":11.9669,"tipPosition":[16.0882,207.584,-2.39341],"tipVelocity":[31.2784,58.5234,-8.08774],"tool":false,"touchDistance":0.333333,"touchZone":"none","type":2,"width":18.6218},{"bases":[[[0.998586,0.0247056,0.0470764],[-0.0432995,0.891729,0.450493],[-0.0308497,-0.451894,0.891538]],[[0.998859,0.0295568,0.0374999],[0.0122989,0.59961,-0.800198],[-0.0461366,0.799747,0.598562]],[[0.998859,0.0295568,0.0374999],[0.0477459,-0.625303,-0.77892],[0.000426448,0.779822,-0.626001]],[[0.998859,0.0295568,0.0374999],[0.039799,-0.949285,-0.311889],[0.0263797,0.313025,-0.949378]]],"btipPosition":[27.7616,211.168,6.07597],"carpPosition":[24.3414,245.355,52.6468],"dipPosition":[28.2447