{"sensorType":"Leap","data":[[0,{"currentFrameRate":106.802,"devices":[],"gestures":[],"hands":[{"armBasis":[[0.948591,0.297834,-0.107099],[-0.268066,0.935926,0.228436],[0.168272,-0.187983,0.96765]],"armWidth":62.4607,"confidence":0.768879,"direction":[-0.107113,0.625783,-0.772607],"elbow":[70.8185,170.689,305.444],"grabStrength":0,"id":472,"palmNormal":[0.246002,-0.736235,-0.630429],"palmPosition":[14.4567,248.524,5.2154],"palmVelocity":[5.17153,22.1675,24.7279],"palmWidth":89.1918,"pinchStrength":0.0454791,"r":[[0.656133,0.632459,0.411686],[-0.674086,0.736447,-0.0570388],[-0.339259,-0.240087,0.909539]],"s":1.09009,"sphereCenter":[-1.67012,226.827,-35.4454],"sphereRadius":50.1527,"stabilizedPalmPosition":[13.9292,247.174,2.88701],"t":[23.3727,24.3631,-86.741],"timeVisible":10.2498,"type":"right","wrist":[26.2828,220.442,49.3423]}],"id":1685503,"interactionBox":{"center":[0,200,0],"size":[235.247,235.247,147.751]},"pointables":[{"bases":[[[0.146711,0.884273,0.443325],[-0.843497,-0.122273,0.523031],[0.516709,-0.450678,0.727943]],[[0.160257,0.872108,0.462327],[-0.777172,-0.177279,0.603801],[0.608541,-0.456071,0.649367]],[[0.160257,0.872108,0.462327],[-0.982957,0.183743,-0.00588026],[-0.0900777,-0.453505,0.88669]],[[0.160257,0.872108,0.462327],[-0.94007,0.277665,-0.197916],[-0.300976,-0.402902,0.86434]]],"btipPosition":[-17.5349,250.066,-38.0762],"carpPosition":[2.32644,203.35,43.1617],"dipPosition":[-24.4396,240.823,-18.2473],"direction":[0.0900777,0.453505,-0.88669],"extended":false,"handId":472,"id":4720,"length":51.0864,"mcpPosition":[2.32644,203.35,43.1617],"pipPosition":[-27.4501,225.666,11.3874],"stabilizedTipPosition":[-19.4053,246.756,-34.9503],"timeVisible":10.2498,"tipPosition":[-18.9292,248.095,-33.2169],"tipVelocity":[3.01152,26.5781,24.0968],"tool":false,"touchDistance":-0.0723419,"touchZone":"touching","type":0,"width":19.8498},{"bases":[[[0.931672,0.359003,-0.0557049],[-0.282937,0.813185,0.508602],[0.227888,-0.45809,0.859198]],[[0.91805,0.383149,-0.101888],[-0.273065,0.79739,0.538149],[0.287436,-0.466226,0.836668]],[[0.91805,0.383149,-0.101888],[-0.344365,0.897974,0.273961],[0.196461,-0.216424,0.956328]],[[0.91805,0.383149,-0.101888],[-0.380851,0.923687,0.0418956],[0.110165,0.00034186,0.993913]]],"btipPosition":[-30.935,283.854,-88.7657],"carpPosition":[4.1039,226.062,47.7348],"dipPosition":[-29.09,283.859,-72.1197],"direction":[-0.196461,0.216424,-0.956328],"extended":true,"handId":472,"id":4721,"length":57.6453,"mcpPosition":[-12.3304,259.097,-14.2268],"pipPosition":[-24.4353,278.732,-49.4617],"stabilizedTipPosition":[-31.6518,283.507,-88.1918],"timeVisible":10.2498,"tipPosition":[-30.7298,284.993,-84.5252],"tipVelocity":[2.66189,14.0141,27.6658],"tool":false,"touchDistance":0.371626,"touchZone":"hovering","type":1,"width":18.9605},{"bases":[[[0.988387,0.149889,-0.0249946],[-0.116281,0.851918,0.510603],[0.0978272,-0.501766,0.859453]],[[0.989393,0.144418,-0.0156362],[-0.105815,0.642785,-0.758703],[-0.0995194,0.75231,0.651249]],[[0.989393,0.144418,-0.0156362],[0.0675164,-0.552498,-0.830775],[-0.128618,0.820908,-0.556388]],[[0.989393,0.144418,-0.0156362],[0.126066,-0.907138,-0.401508],[-0.072169,0.395278,-0.915722]]],"btipPosition":[17.5507,200.577,-9.74806],"carpPosition":[14.6245,231.97,47.4222],"dipPosition":[16.2213,207.858,-26.6162],"direction":[0.128618,-0.820908,0.556388],"extended":false,"handId":472,"id":4722,"length":65.6822,"mcpPosition":[7.93413,266.285,-11.3551],"pipPosition":[12.6362,230.74,-42.1252],"stabilizedTipPosition":[13.0851,197.797,-18.4297],"timeVisible":10.2498,"tipPosition":[17.2539,202.199,-13.3925],"tipVelocity":[11.2558,35.5126,-28.8935],"tool":false,"touchDistance":0.333333,"touchZone":"none","type":2,"width":18.6218},{"bases":[[[0.997945,0.00976604,0.0633337],[-0.0421908,0.84402,0.534649],[-0.0482335,-0.536223,0.842697]],[[0.998812,0.0225689,0.043191],[0.0164499,0.678129,-0.734759],[-0.0458718,0.734596,0.676952]],[[0.998812,0.0225689,0.043191],[0.0486047,-0.525414,-0.849457],[0.00352183,0.850547,-0.525887]],[[0.998812,0.0225689,0.043191],[0.0390393,-0.90104,-0.431976],[0.0291676,0.433149,-0.90085]]],"btipPosition":[30.628,204.644,-3.73032],"carpPosition":[26.2872,234.921,46.8822],"dipPosition":[31.1622,212.577,-20.2292],"direction":[-0.00352183,-0.850547,0.525887],"extended":false,"handId":472,"id":4723,"length":63.1552,"mcpPosition":[29.2488,267.846,-4.86118],"pipPosition":[31.2579,235.674,-34.5094],"stabilizedTipPosition":[28.2481,203.655,-9.3962],"timeVisible":10.2498,"tipPosition":[30.7179,206.497,-7.06871],"tipVelocity":[12.3099,32.6912,2.7496],"tool":false,"touchDistance":0.333333,"touchZone":"none","type":3,"width":17.7198},{"bases":[[[0.978816,-0.191953,0.0712251],[0.109445,0.784552,0.610327],[-0.173034,-0.589603,0.788941]],[[0.974636,-0.205289,0.0891167],[0.20814,0.685162,-0.698019],[0.0822358,0.698863,0.710512]],[[0.974636,-0.205289,0.0891167],[-0.0257481,-0.498418,-0.866554],[0.222311,0.84228,-0.491062]],[[0.974636,-0.205289,0.0891167],[-0.139701,-0.869174,-0.474362],[0.174839,0.44988,-0.875808]]],"btipPosition":[39.3253,216.633,-0.34717],"carpPosition":[39.5568,231.093,44.9097],"dipPosition":[42.2794,224.234,-15.1449],"direction":[-0.222311,-0.84228,0.491062],"extended":false,"handId":472,"id":4724,"length":49.5125,"mcpPosition":[49.3919,264.605,0.0669246],"pipPosition":[46.5416,240.383,-24.5597],"stabilizedTipPosition":[37.0712,215.267,-7.12428],"timeVisible":10.2498,"tipPosition":[40.21,218.43,-3.57211],"tipVelocity":[10.4704,31.0022,9.79088],"tool":false,"touchDistance":0.333333,"touchZone":"none","type":4,"width":15.7401}],"r":[[0.656133,0.632459,0.411686],[-0.674086,0.736447,-0.0570388],[-0.339259,-0.240087,0.909539]],"s":1.09009,"t":[23.3727,24.3631,-86.741],"timestamp":93495692971},false],[1,{"currentFrameRate":107.026,"devices":[],"gestures":[],"hands":[{"armBasis":[[0.948223,0.299277,-0.106334],[-0.26953,0.935356,0.229049],[0.168009,-0.18853,0.96759]],"armWidth":62.4607,"confidence":0.771418,"direction":[-0.108363,0.628196,-0.770472],"elbow":[70.8507,170.701,305.458],"grabStrength":0,"id":472,"palmNormal":[0.247055,-0.733704,-0.632964],"palmPosition":[14.5,248.808,5.34254],"palmVelocity":[5.08388,24.8082,21.8634],"palmWidth":89.1918,"pinchStrength":0.0526958,"r":[[0.655479,0.632195,0.41313],[-0.674984,0.73578,-0.0549899],[-0.338737,-0.242812,0.90901]],"s":1.08831,"sphereCenter":[-1.51848,227.154,-35.4487],"sphereRadius":50.1065,"stabilizedPalmPosition":[13.9429,247.213,2.94559],"t":[23.4181,24.6295,-86.5863],"timeVisible":10.2587,"type":"right","wrist":[26.3848,220.598,49.3717]}],"id":1685504,"interactionBox":{"center":[0,200,0],"size":[235.247,235.247,147.751]},"pointables":[{"bases":[[[0.14536,0.883022,0.446254],[-0.843151,-0.125432,0.522841],[0.517655,-0.45226,0.726288]],[[0.159011,0.870742,0.465322],[-0.776496,-0.180779,0.603633],[0.609729,-0.457305,0.647382]],[[0.159011,0.870742,0.465322],[-0.983284,0.182018,-0.00459354],[-0.0886967,-0.456813,0.88513]],[[0.159011,0.870742,0.465322],[-0.940767,0.276593,-0.196098],[-0.299456,-0.406577,0.863146]]],"btipPosition":[-17.5453,250.459,-37.9211],"carpPosition":[2.45518,203.487,43.1401],"dipPosition":[-24.4151,241.131,-18.1196],"direction":[0.0886967,0.456813,-0.88513],"extended":false,"handId":472,"id":4720,"length":51.0864,"mcpPosition":[2.45518,203.487,43.1401],"pipPosition":[-27.3795,225.864,11.463],"stabilizedTipPosition":[-19.3867,246.859,-34.8454],"timeVisible":10.2587,"tipPosition":[-18.9234,248.458,-33.082],"tipVelocity":[2.11663,30.7207,22.0659],"tool":false,"touchDistance":-0.0698621,"touchZone":"touching","type":0,"width":19.8498},{"bases":[[[0.931059,0.360738,-0.054746],[-0.284151,0.811001,0.511406],[0.228882,-0.460593,0.857594]],[[0.917174,0.385347,-0.101486],[-0.274967,0.796339,0.538737],[0.288418,-0.46621,0.836339]],[[0.917174,0.385347,-0.101486],[-0.347046,0.897597,0.271807],[0.195834,-0.214074,0.956986]],[[0.917174,0.385347,-0.101486],[-0.383546,0.922761,0.0374885],[0.108094,0.0045412,0.99413]]],"btipPosition":[-30.9063,284.032,-88.6012],"carpPosition":[4.19612,226.186,47.789],"dipPosition":[-29.096,284.108,-71.9516],"direction":[-0.195834,0.214074,-0.956986],"extended":true,"handId":472,"id":4721,"length":57.6453,"mcpPosition":[-12.3099,259.402,-14.057],"pipPosition":[-24.4561,279.036,-49.278],"stabilizedTipPosition":[-31.6462,283.51,-88.1752],"timeVisible":10.2587,"tipPosition":[-30.7132,285.204,-84.3541],"tipVelocity":[2.56815,16.1353,25.1672],"tool":false,"touchDistance":0.370277,"touchZone":"hovering","type":1,"width":18.9605},{"bases":[[[0.988129,0.151617,-0.0247533],[-0.117559,0.850003,0.513492],[0.0988943,-0.504487,0.857737]],[[0.989127,0.146235,-0.0156171],[-0.108419,0.653319,-0.74928],[-0.0993682,0.742826,0.662069]],[[0.989127,0.146235,-0.0156171],[0.0669272,-0.542144,-0.837616],[-0.130956,0.827463,-0.546036]],[[0.989127,0.146235,-0.0156171],[0.127165,-0.903782,-0.408664],[-0.0738755,0.402235,-0.912551]]],"btipPosition":[17.6495,201.043,-10.4176],"carpPosition":[14.7067,232.113,47.4934],"dipPosition":[16.2887,208.452,-27.2274],"direction":[0.130956,-0.827463,0.546036],"extended":false,"handId":472,"id":4722,"length":65.6822,"mcpPosition":[7.94345,266.614,-11.1665],"pipPosition":[12.6384,231.517,-42.4478],"stabilizedTipPosition":[13.1723,197.899,-18.3446],"timeVisible":10.2587,"tipPosition":[17.3511,202.66,-13.8557],"tipVelocity":[10.9806,40.9686,-41.0498],"tool":false,"touchDistance":0.333333,"touchZone":"none","type":2,"width":18.6218},{"bases":[[[0.997944,0.0112135,0.0631013],[-0.0434492,0.842148,0.537493],[-0.0471135,-0.539129,0.840904]],[[0.99878,0.0239692,0.043183],[0.01519,0.682881,-0.730371],[-0.0469953,0.730136,0.681684]],[[0.99878,0.0239692,0.043183],[0.0493437,-0.521813,-0.851632],[0.00212047,0.852723,-0.522359]],[[0.99878,0.0239692,0.043183],[0.0403582,-0.900084,-0.433842],[0.0284695,0.435056,-0.899953]]],"btipPosition":[30.7365,205.089,-3.86163],"carpPosition":[26.3644,235.086,46.9602],"dipPosition":[31.2579,213.057,-20.3441],"direction":[-0.00212047,-0.852723,0.522359],"extended":false,"handId":472,"id":4723,"length":63.1552,"mcpPosition":[29.2573,268.189,-4.67302],"pipPosition":[31.3155,236.212,-34.5284],"stabilizedTipPosition":[28.3643,203.8,-9.31854],"timeVisible":10.2587,"tipPosition":[30.8271,206.91,-7.17925],"tipVelocity":[12.1749,37.5817,-1.89611],"tool":false,"touchDistance":0.333333,"touchZone":"none","type":3,"width":17.7198},{"bases":[[[0.979153,-0.190563,0.0703202],[0.108306,0.782679,0.61293],[-0.17184,-0.592536,0.787002]],[[0.975047,-0.203822,0.0879765],[0.206674,0.688733,-0.694934],[0.0810502,0.695776,0.713672]],[[0.975047,-0.203822,0.0879765],[-0.0251979,-0.495344,-0.868331],[0.220563,0.844447,-0.48812]],[[0.975047,-0.203822,0.0879765],[-0.138453,-0.868095,-0.476699],[0.173534,0.452623,-0.874653]]],"btipPosition":[39.4371,217.012,-0.360673],"carpPosition":[39.6398,231.286,44.9714],"dipPosition":[42.3691,224.659,-15.1389],"direction":[-0.220563,-0.844447,0.48812],"extended":false,"handId":472,"id":4724,"length":49.5125,"mcpPosition":[49.4071,264.965,0.238831],"pipPosition":[46.5978,240.849,-24.4973],"stabilizedTipPosition":[37.1232,215.327,-7.06666],"timeVisible":10.2587,"tipPosition":[40.3043,218.805,-3.57545],"tipVelocity":[10.8735,34.4415,6.84381],"tool":false,"touchDistance":0.333333,"touchZone":"none","type":4,"width":15.7401}],"r":[[0.655479,0.632195,0.41313],[-0.674984,0.73578,-0.0549899],[-0.338737,-0.242812,0.90901]],"s":1.08831,"t":[23.4181,24.6295,-86.5863],"timestamp":93495701905},false],[2,{"currentFrameRate":107.183,"devices":[],"gestures":[],"hands":[{"armBasis":[[0.947975,0.300234,-0.105846],[-0.270543,0.935028,0.229193],[0.167781,-0.188633,0.967609]],"armWidth":62.4607,"confidence":0.774841,"direction":[-0.109305,0.630163,-0.768731],"elbow":[70.8821,170.79,305.493],"grabStrength":0,"id":472,"palmNormal":[0.247753,-0.731686,-0.635023],"palmPosition":[14.547,249.031,5.45286],"palmVelocity":[5.11658,24.7572,19.1986],"palmWidth":89.1918,"pinchStrength":0.0588009,"r":[[0.65483,0.631909,0.414596],[-0.675878,0.735112,-0.0529162],[-0.338213,-0.245565,0.908466]],"s":1.08671,"sphereCenter":[-1.41049,227.421,-35.4103],"sphereRadius":50.0802,"stabilizedPalmPosition":[13.9595,247.263,3.01471],"t":[23.4644,24.8741,-86.4537],"timeVisible":10.2678,"type":"right","wrist":[26.4766,220.715,49.402]}],"id":1685505,"interactionBox":{"center":[0,200,0],"size":[235.247,235.247,147.751]},"pointables":[{"bases":[[[0.144437,0.881974,0.448619],[-0.842866,-0.127849,0.522716],[0.518378,-0.453625,0.72492]],[[0.158145,0.869623,0.467702],[-0.775991,-0.183446,0.603478],[0.610597,-0.458369,0.645809]],[[0.158145,0.869623,0.467702],[-0.983522,0.180753,-0.00352342],[-0.0876024,-0.459438,0.883879]],[[0.158145,0.869623,0.467702],[-0.9416,0.275424,-0.193727],[-0.297286,-0.409752,0.862395]]],"btipPosition":[-17.5637,250.777,-37.7952],"carpPosition":[2.56556,203.593,43.1299],"dipPosition":[-24.3838,241.377,-18.011],"direction":[0.0876024,0.459438,-0.883879],"extended":false,"handId":472,"id":4720,"length":51.0864,"mcpPosition":[2.56556,203.593,43.1299],"pipPosition":[-27.3116,226.022,11.5298],"stabilizedTipPosition":[-19.3681,246.988,-34.7283],"timeVisible":10.2678,"tipPosition":[-18.9197,248.749,-32.9699],"tipVelocity":[1.31986,31.4477,19.6991],"tool":false,"touchDistance":-0.06783,"touchZone":"touching","type":0,"width":19.8498},{"bases":[[[0.930619,0.361983,-0.0540044],[-0.284972,0.80927,0.513686],[0.22965,-0.462656,0.856277]],[[0.916439,0.387102,-0.101443],[-0.27662,0.795979,0.538423],[0.289172,-0.465371,0.836546]],[[0.916439,0.387102,-0.101443],[-0.349511,0.897727,0.268195],[0.194888,-0.210329,0.958009]],[[0.916439,0.387102,-0.101443],[-0.385982,0.921977,0.0312537],[0.105627,0.0105132,0.99435]]],"btipPosition":[-30.8448,284.052,-88.4917],"carpPosition":[4.28096,226.282,47.8402],"dipPosition":[-29.0758,284.228,-71.8384],"direction":[-0.194888,0.210329,-0.958009],"extended":true,"handId":472,"id":4721,"length":57.6453,"mcpPosition":[-12.2804,259.646,-13.9108],"pipPosition":[-24.4584,279.245,-49.1405],"stabilizedTipPosition":[-31.6407,283.512,-88.1592],"timeVisible":10.2678,"tipPosition":[-30.6659,285.273,-84.236],"tipVelocity":[3.44528,12.9907,21.5934],"tool":false,"touchDistance":0.368239,"touchZone":"hovering","type":1,"width":18.9605},{"bases":[[[0.987943,0.152849,-0.0245961],[-0.118427,0.848463,0.515835],[0.0997135,-0.506703,0.856335]],[[0.98893,0.147553,-0.0156598],[-0.110537,0.662178,-0.741149],[-0.0989894,0.734675,0.671158]],[[0.98893,0.147553,-0.0156598],[0.0662773,-0.533679,-0.843086],[-0.132757,0.832715,-0.537551]],[[0.98893,0.147553,-0.0156598],[0.127907,-0.901204,-0.41409],[-0.0752131,0.407503,-0.910101]]],"btipPosition":[17.7282,201.444,-10.9681],"carpPosition":[14.7845,232.221,47.5581],"dipPosition":[16.3428,208.951,-27.7328],"direction":[0.132757,-0.832715,0.537551],"extended":false,"handId":472,"id":4722,"length":65.6822,"mcpPosition":[7.96519,266.874,-11.0059],"pipPosition":[12.6422,232.162,-42.7167],"stabilizedTipPosition":[13.2518,197.997,-18.2786],"timeVisible":10.2678,"tipPosition":[17.4295,203.048,-14.2558],"tipVelocity":[10.1799,42.5926,-46.1981],"tool":false,"touchDistance":0.333333,"touchZone":"none","type":2,"width":18.6218},{"bases":[[[0.997947,0.0122185,0.0628733],[-0.0443009,0.84063,0.539795],[-0.0462577,-0.541472,0.839445]],[[0.998751,0.02477,0.0433926],[0.0150347,0.679227,-0.733774],[-0.047649,0.73351,0.678007]],[[0.998751,0.02477,0.0433926],[0.0499195,-0.531615,-0.845514],[0.00212473,0.846624,-0.532187]],[[0.998751,0.02477,0.0433926],[0.040835,-0.905108,-0.423217],[0.0287919,0.42446,-0.904989]]],"btipPosition":[30.7807,205.568,-3.18215],"carpPosition":[26.4385,235.209,47.03],"dipPosition":[31.308,213.342,-19.7568],"direction":[-0.00212473,-0.846624,0.532187],"extended":false,"handId":472,"id":4723,"length":63.1552,"mcpPosition":[29.2789,268.457,-4.5137],"pipPosition":[31.3657,236.331,-34.2081],"stabilizedTipPosition":[28.4762,203.957,-9.21603],"timeVisible":10.2678,"tipPosition":[30.8921,207.302,-6.81558],"tipVelocity":[10.2065,40.468,18.6952],"tool":false,"touchDistance":0.333333,"touchZone":"none","type":3,"width":17.7198},{"bases":[[[0.979395,-0.189599,0.0695476],[0.107544,0.781134,0.615031],[-0.170935,-0.594879,0.78543]],[[0.975374,-0.202714,0.0869085],[0.205499,0.692142,-0.691889],[0.0801027,0.69271,0.716754]],[[0.975374,-0.202714,0.0869085],[-0.0249087,-0.492759,-0.869809],[0.219148,0.846224,-0.485673]],[[0.975374,-0.202714,0.0869085],[-0.13767,-0.86741,-0.478171],[0.172317,0.45443,-0.873956]]],"btipPosition":[39.5443,217.331,-0.380894],"carpPosition":[39.7179,231.43,45.0274],"dipPosition":[42.4558,225.009,-15.1474],"direction":[-0.219148,-0.846224,0.485673],"extended":false,"handId":472,"id":4724,"length":49.5125,"mcpPosition":[49.4337,265.243,0.384138],"pipPosition":[46.6573,241.233,-24.4588],"stabilizedTipPosition":[37.1867,215.404,-6.99912],"timeVisible":10.2678,"tipPosition":[40.391,219.112,-3.5843],"tipVelocity":[10.9987,34.8947,4.42292],"tool":false,"touchDistance":0.333333,"touchZone":"none","type":4,"width":15.7401}],"r":[[0.65483,0.631909,0.414596],[-0.675878,0.735112,-0.0529162],[-0.338213,-0.245565,0.908466]],"s":1.08671,"t":[23.4644,24.8741,-86.4537],"timestamp":93495710949},false],[3,{"currentFrameRate":107.372,"devices":[],"gestures":[],"hands":[{"armBasis":[[0.947783,0.301003,-0.10538],[-0.271416,0.93481,0.229048],[0.167454,-0.188486,0.967694]],"armWidth":62.4607,"confidence":0.777152,"direction":[-0.110221,0.631823,-0.767236],"elbow":[70.8813,170.918,305.535],"grabStrength":0,"id":472,"palmNormal":[0.248306,-0.729957,-0.636795],"palmPosition":[14.5884,249.208,5.5418],"palmVelocity":[4.97741,23.3967,16.6574],"palmWidth":89.1918,"pinchStrength":0.0613743,"r":[[0.654206,0.631621,0.416016],[-0.676748,0.734455,-0.0508738],[-0.337678,-0.248256,0.907933]],"s":1.08518,"sphereCenter":[-1.26812,227.616,-35.4138],"sphereRadius":50.0399,"stabilizedPalmPosition":[13.9791,247.324,3.09348],"t":[23.5082,25.0852,-86.343],"timeVisible":10.2767,"type":"right","wrist":[26.5623,220.803,49.4214]}],"id":1685506,"interactionBox":{"center":[0,200,0],"size":[235.247,235.247,147.751]},"pointables":[{"bases":[[[0.143664,0.881086,0.450608],[-0.842557,-0.129939,0.522699],[0.519095,-0.454756,0.723697]],[[0.157374,0.868721,0.469635],[-0.775318,-0.185858,0.603605],[0.61165,-0.459108,0.644286]],[[0.157374,0.868721,0.469635],[-0.983796,0.179279,-0.00195689],[-0.0858954,-0.461717,0.882859]],[[0.157374,0.868721,0.469635],[-0.943461,0.272753,-0.188381],[-0.291745,-0.413435,0.862529]]],"btipPosition":[-17.6979,251.052,-37.7019],"carpPosition":[2.66702,203.671,43.1177],"dipPosition":[-24.3909,241.567,-17.9146],"direction":[0.0858954,0.461717,-0.882859],"extended":false,"handId":472,"id":4720,"length":51.0864,"mcpPosition":[2.66702,203.671,43.1177],"pipPosition":[-27.2616,226.136,11.5921],"stabilizedTipPosition":[-19.3577,247.138,-34.6026],"timeVisible":10.2767,"tipPosition":[-18.9857,248.987,-32.8867],"tipVelocity":[-2.24596,30.6333,17.1763],"tool":false,"touchDistance":-0.0662627,"touchZone":"touching","type":0,"width":19.8498},{"bases":[[[0.930222,0.363081,-0.0534766],[-0.285647,0.807782,0.515649],[0.23042,-0.464393,0.855129]],[[0.915767,0.388661,-0.101556],[-0.278098,0.795812,0.537908],[0.289883,-0.464356,0.836864]],[[0.915767,0.388661,-0.101556],[-0.351665,0.897838,0.264987],[0.194171,-0.206953,0.958889]],[[0.915767,0.388661,-0.101556],[-0.388108,0.921248,0.0259586],[0.103647,0.0156427,0.994491]]],"btipPosition":[-30.8009,284.037,-88.4058],"carpPosition":[4.36026,226.35,47.8798],"dipPosition":[-29.065,284.299,-71.7502],"direction":[-0.194171,0.206953,-0.958889],"extended":true,"handId":472,"id":4721,"length":57.6453,"mcpPosition":[-12.2566,259.84,-13.7883],"pipPosition":[-24.4646,279.396,-49.0315],"stabilizedTipPosition":[-31.6357,283.515,-88.1449],"timeVisible":10.2767,"tipPosition":[-30.632,285.293,-84.1452],"tipVelocity":[3.6105,9.59368,18.3185],"tool":false,"touchDistance":0.366044,"touchZone":"hovering","type":1,"width":18.9605},{"bases":[[[0.987775,0.153939,-0.0245708],[-0.119141,0.847144,0.517834],[0.10053,-0.508576,0.855128]],[[0.988757,0.1487,-0.0157743],[-0.112256,0.668432,-0.735253],[-0.0987881,0.728757,0.677609]],[[0.988757,0.1487,-0.0157743],[0.06592,-0.528132,-0.8466],[-0.13422,0.836041,-0.531997]],[[0.988757,0.1487,-0.0157743],[0.128644,-0.899659,-0.41721],[-0.0762306,0.41049,-0.908673]]],"btipPosition":[17.7954,201.785,-11.3217],"carpPosition":[14.8575,232.302,47.608],"dipPosition":[16.3912,209.346,-28.06],"direction":[0.13422,-0.836041,0.531997],"extended":false,"handId":472,"id":4722,"length":65.6822,"mcpPosition":[7.98236,267.083,-10.8735],"pipPosition":[12.6499,232.651,-42.8891],"stabilizedTipPosition":[13.3234,198.091,-18.2258],"timeVisible":10.2767,"tipPosition":[17.4973,203.369,-14.5338],"tipVelocity":[9.31174,41.7108,-44.1566],"tool":false,"touchDistance":0.333333,"touchZone":"none","type":2,"width":18.6218},{"bases":[[[0.997954,0.0131177,0.0625701],[-0.0449995,0.839334,0.541751],[-0.0454107,-0.543458,0.838207]],[[0.998735,0.0256135,0.0432751],[0.0141073,0.683296,-0.730006],[-0.0482677,0.729692,0.68207]],[[0.998735,0.0256135,0.0432751],[0.0502737,-0.528381,-0.847518],[0.00115782,0.848621,-0.529]],[[0.998735,0.0256135,0.0432751],[0.0416026,-0.904277,-0.424915],[0.0282491,0.426177,-0.904198]]],"btipPosition":[30.8617,205.865,-3.33214],"carpPosition":[26.5082,235.303,47.0829],"dipPosition":[31.379,213.671,-19.8923],"direction":[-0.00115782,-0.848621,0.529],"extended":false,"handId":472,"id":4723,"length":63.1552,"mcpPosition":[29.2965,268.672,-4.38472],"pipPosition":[31.4105,236.714,-34.2571],"stabilizedTipPosition":[28.5883,204.123,-9.12317],"timeVisible":10.2767,"tipPosition":[30.9723,207.579,-6.91938],"tipVelocity":[9.8138,38.6869,9.09982],"tool":false,"touchDistance":0.333333,"touchZone":"none","type":3,"width":17.7198},{"bases":[[[0.979616,-0.188734,0.068784],[0.106933,0.779823,0.616799],[-0.17005,-0.596871,0.78411]],[[0.975676,-0.201701,0.0858617],[0.204258,0.694271,-0.690121],[0.0795867,0.690872,0.718583]],[[0.975676,-0.201701,0.0858617],[-0.0250663,-0.491758,-0.870371],[0.217778,0.847048,-0.484853]],[[0.975676,-0.201701,0.0858617],[-0.13721,-0.867362,-0.478389],[0.170965,0.454972,-0.87394]]],"btipPosition":[39.6339,217.596,-0.345433],"carpPosition":[39.7908,231.543,45.0672],"dipPosition":[42.5226,225.283,-15.1117],"direction":[-0.217778,-0.847048,0.484853],"extended":false,"handId":472,"id":4724,"length":49.5125,"mcpPosition":[49.4564,265.469,0.498979],"pipPosition":[46.6979,241.523,-24.4074],"stabilizedTipPosition":[37.2591,215.496,-6.92328],"timeVisible":10.2767,"tipPosition":[40.4642,219.362,-3.56463],"tipVelocity":[10.5639,33.4761,4.29639],"tool":false,"touchDistance":0.333333,"touchZone":"none","type":4,"width":15.7401}],"r":[[0.654206,0.631621,0.416016],[-0.676748,0.734455,-0.0508738],[-0.337678,-0.248256,0.907933]],"s":1.08518,"t":[23.5082,25.0852,-86.343],"timestamp":93495719918},false],[4,{"currentFrameRate":107.486,"devices":[],"gestures":[],"hands":[{"armBasis":[[0.947693,0.301449,-0.104912],[-0.271982,0.934697,0.228841],[0.167045,-0.188337,0.967794]],"armWidth":62.4607,"confidence":0.780593,"direction":[-0.110955,0.633105,-0.766072],"elbow":[70.85,171.015,305.586],"grabStrength":0,"id":472,"palmNormal":[0.248599,-0.728646,-0.638181],"palmPosition":[14.6288,249.336,5.62132],"palmVelocity":[4.83067,20.7956,14.4638],"palmWidth":89.1918,"pinchStrength":0.0589369,"r":[[0.653647,0.631334,0.417329],[-0.677553,0.733844,-0.0489309],[-0.337146,-0.250779,0.907437]],"s":1.0838,"sphereCenter":[-1.16209,227.768,-35.3739],"sphereRadius":50.0014,"stabilizedPalmPosition":[14.0021,247.395,3.18282],"t":[23.5503,25.2544,-86.2479],"timeVisible":10.2858,"type":"right","wrist":[26.6391,220.861,49.4461]}],"id":1685507,"interactionBox":{"center":[0,200,0],"size":[235.247,235.247,147.751]},"pointables":[{"bases":[[[0.143195,0.880387,0.452121],[-0.842272,-0.131474,0.522773],[0.519685,-0.455667,0.7227]],[[0.15674,0.868167,0.47087],[-0.774771,-0.187591,0.603771],[0.612505,-0.459452,0.643228]],[[0.15674,0.868167,0.47087],[-0.983994,0.178198,-0.00100783],[-0.0847831,-0.463176,0.882202]],[[0.15674,0.868167,0.47087],[-0.944849,0.270625,-0.184451],[-0.287563,-0.415991,0.862705]]],"btipPosition":[-17.786,251.228,-37.6293],"carpPosition":[2.75392,203.723,43.1206],"dipPosition":[-24.383,241.685,-17.8379],"direction":[0.0847831,0.463176,-0.882202],"extended":false,"handId":472,"id":4720,"length":51.0864,"mcpPosition":[2.75392,203.723,43.1206],"pipPosition":[-27.2166,226.205,11.6468],"stabilizedTipPosition":[-19.3529,247.304,-34.469],"timeVisible":10.2858,"tipPosition":[-19.0281,249.147,-32.8176],"tipVelocity":[-3.63362,27.1077,14.6563],"tool":false,"touchDistance":-0.0650374,"touchZone":"touching","type":0,"width":19.8498},{"bases":[[[0.929941,0.363845,-0.0531694],[-0.28604,0.806659,0.517187],[0.231065,-0.465745,0.854219]],[[0.9152,0.389892,-0.101948],[-0.279278,0.79598,0.537047],[0.290538,-0.463033,0.837369]],[[0.9152,0.389892,-0.101948],[-0.353474,0.89812,0.261605],[0.193559,-0.203385,0.959776]],[[0.9152,0.389892,-0.101948],[-0.389899,0.920625,0.0206767],[0.101917,0.0208261,0.994575]]],"btipPosition":[-30.7592,283.953,-88.3413],"carpPosition":[4.43259,226.395,47.9224],"dipPosition":[-29.0523,284.301,-71.6843],"direction":[-0.193559,0.203385,-0.959776],"extended":true,"handId":472,"id":4721,"length":57.6453,"mcpPosition":[-12.2308,259.983,-13.6802],"pipPosition":[-24.4664,279.483,-48.9446],"stabilizedTipPosition":[-31.6316,283.517,-88.1331],"timeVisible":10.2858,"tipPosition":[-30.5959,285.24,-84.0784],"tipVelocity":[3.67591,4.96681,15.2168],"tool":false,"touchDistance":0.363745,"touchZone":"hovering","type":1,"width":18.9605},{"bases":[[[0.987655,0.154693,-0.024656],[-0.119562,0.846137,0.519381],[0.101207,-0.510022,0.854187]],[[0.98863,0.149517,-0.0159992],[-0.112735,0.666573,-0.736865],[-0.0995092,0.730291,0.67585]],[[0.98863,0.149517,-0.0159992],[0.0670035,-0.533274,-0.843285],[-0.134617,0.832624,-0.537229]],[[0.98863,0.149517,-0.0159992],[0.129786,-0.902182,-0.411368],[-0.0759406,0.404614,-0.911329]]],"btipPosition":[17.8568,202.068,-10.9301],"carpPosition":[14.9255,232.355,47.6573],"dipPosition":[16.458,209.521,-27.7173],"direction":[0.134617,-0.832624,0.537229],"extended":false,"handId":472,"id":4722,"length":65.6822,"mcpPosition":[8.00399,267.235,-10.7598],"pipPosition":[12.7056,232.73,-42.6923],"stabilizedTipPosition":[13.4019,198.197,-18.1618],"timeVisible":10.2858,"tipPosition":[17.5587,203.611,-14.3494],"tipVelocity":[8.64016,38.0093,-20.3371],"tool":false,"touchDistance":0.333333,"touchZone":"none","type":2,"width":18.6218},{"bases":[[[0.997967,0.0137245,0.0622308],[-0.0454054,0.838337,0.543258],[-0.0447144,-0.544979,0.837257]],[[0.99872,0.0259739,0.0433909],[0.0135717,0.688884,-0.724744],[-0.0487157,0.724406,0.68765]],[[0.99872,0.0259739,0.0433909],[0.0505666,-0.524107,-0.85015],[0.000659771,0.851256,-0.52475]],[[0.99872,0.0259739,0.0433909],[0.0420289,-0.903492,-0.426539],[0.0281245,0.427817,-0.903428]]],"btipPosition":[30.9199,206.151,-3.59732],"carpPosition":[26.5738,235.365,47.1333],"dipPosition":[31.435,213.986,-20.1434],"direction":[-0.000659771,-0.851256,0.52475],"extended":false,"handId":472,"id":4723,"length":63.1552,"mcpPosition":[29.3194,268.828,-4.27596],"pipPosition":[31.453,237.102,-34.3927],"stabilizedTipPosition":[28.7032,204.302,-9.04249],"timeVisible":10.2858,"tipPosition":[31.0342,207.833,-7.10048],"tipVelocity":[8.85359,36.8757,-1.39968],"tool":false,"touchDistance":0.333333,"touchZone":"none","type":3,"width":17.7198},{"bases":[[[0.979777,-0.188151,0.0680928],[0.106597,0.778803,0.618144],[-0.169335,-0.598385,0.78311]],[[0.975932,-0.200903,0.0848232],[0.203234,0.696849,-0.687821],[0.0790767,0.688505,0.720907]],[[0.975932,-0.200903,0.0848232],[-0.0252486,-0.49044,-0.871109],[0.21661,0.848001,-0.483709]],[[0.975932,-0.200903,0.0848232],[-0.136978,-0.867387,-0.47841],[0.169689,0.455277,-0.87403]]],"btipPosition":[39.7225,217.816,-0.350676],"carpPosition":[39.8584,231.618,45.1061],"dipPosition":[42.5896,225.508,-15.1184],"direction":[-0.21661,-0.848001,0.483709],"extended":false,"handId":472,"id":4724,"length":49.5125,"mcpPosition":[49.4833,265.63,0.594721],"pipPosition":[46.7425,241.766,-24.3922],"stabilizedTipPosition":[37.3415,215.604,-6.83951],"timeVisible":10.2858,"tipPosition":[40.532,219.561,-3.56801],"tipVelocity":[10.1832,30.9399,2.93555],"tool":false,"touchDistance":0.333333,"touchZone":"none","type":4,"width":15.7401}],"r":[[0.653647,0.631334,0.417329],[-0.677553,0.733844,-0.0489309],[-0.337146,-0.250779,0.907437]],"s":1.0838,"t":[23.5503,25.2544,-86.2479],"timestamp":93495729015},false],[5,{"currentFrameRate":107.631,"devices":[],"gestures":[],"hands":[{"armBasis":[[0.947602,0.301803,-0.104716],[-0.272424,0.934647,0.228518],[0.16684,-0.188017,0.967892]],"armWidth":62.4607,"confidence":0.78462,"direction":[-0.111503,0.634165,-0.765116],"elbow":[70.8451,171.144,305.636],"grabStrength":0,"id":472,"palmNormal":[0.248843,-0.727571,-0.63931],"palmPosition":[14.6513,249.437,5.6898],"palmVelocity":[4.18621,18.1701,12.5711],"palmWidth":89.1918,"pinchStrength":0.0600816,"r":[[0.653151,0.631052,0.41853],[-0.678281,0.73329,-0.0471282],[-0.336645,-0.253099,0.906979]],"s":1.08246,"sphereCenter":[-1.05281,227.86,-35.3583],"sphereRadius":49.9644,"stabilizedPalmPosition":[14.0269,247.473,3.27872],"t":[23.5826,25.3898,-86.1661],"timeVisible":10.2948,"type":"right","wrist":[26.6886,220.906,49.4697]}],"id":1685508,"interactionBox":{"center":[0,200,0],"size":[235.247,235.247,147.751]},"pointables":[{"bases":[[[0.142818,0.879804,0.453374],[-0.842066,-0.13271,0.522794],[0.520123,-0.456435,0.7219]],[[0.156265,0.867665,0.471952],[-0.77445,-0.188931,0.603765],[0.613032,-0.459851,0.64244]],[[0.156265,0.867665,0.471952],[-0.984114,0.177537,-0.000549668],[-0.0842657,-0.464369,0.881624]],[[0.156265,0.867665,0.471952],[-0.945481,0.269633,-0.182657],[-0.285739,-0.417679,0.862495]]],"btipPosition":[-17.8135,251.366,-37.562],"carpPosition":[2.81139,203.763,43.1253],"dipPosition":[-24.3686,241.784,-17.7754],"direction":[0.0842657,0.464369,-0.881624],"extended":false,"handId":472,"id":4720,"length":51.0864,"mcpPosition":[2.81139,203.763,43.1253],"pipPosition":[-27.1849,226.264,11.69],"stabilizedTipPosition":[-19.35,247.476,-34.3342],"timeVisible":10.2948,"tipPosition":[-19.0417,249.277,-32.7542],"tipVelocity":[-3.17821,23.5892,12.6408],"tool":false,"touchDistance":-0.0639341,"touchZone":"touching","type":0,"width":19.8498},{"bases":[[[0.929724,0.364442,-0.0528719],[-0.286358,0.805741,0.518441],[0.231542,-0.466867,0.853477]],[[0.914749,0.390877,-0.102228],[-0.28049,0.796504,0.535637],[0.290793,-0.461299,0.838238]],[[0.914749,0.390877,-0.102228],[-0.355257,0.898671,0.25726],[0.192426,-0.199011,0.96092]],[[0.914749,0.390877,-0.102228],[-0.391558,0.920045,0.0141531],[0.0995865,0.0270817,0.99466]]],"btipPosition":[-30.6924,283.786,-88.3155],"carpPosition":[4.47863,226.429,47.9598],"dipPosition":[-29.0246,284.24,-71.657],"direction":[-0.192426,0.199011,-0.96092],"extended":true,"handId":472,"id":4721,"length":57.6453,"mcpPosition":[-12.2192,260.098,-13.5892],"pipPosition":[-24.4655,279.525,-48.8902],"stabilizedTipPosition":[-31.6282,283.517,-88.1238],"timeVisible":10.2948,"tipPosition":[-30.5452,285.115,-84.0475],"tipVelocity":[4.42624,-0.745,11.8255],"tool":false,"touchDistance":0.361096,"touchZone":"hovering","type":1,"width":18.9605},{"bases":[[[0.987562,0.155281,-0.0246796],[-0.119902,0.845308,0.520651],[0.101709,-0.511216,0.853413]],[[0.988532,0.150151,-0.0161275],[-0.113543,0.668587,-0.734914],[-0.0995653,0.728317,0.677968]],[[0.988532,0.150151,-0.0161275],[0.067043,-0.532043,-0.844059],[-0.135317,0.833298,-0.536008]],[[0.988532,0.150151,-0.0161275],[0.130287,-0.901973,-0.411667],[-0.0763586,0.404844,-0.911192]]],"btipPosition":[17.895,202.26,-10.9703],"carpPosition":[14.9681,232.395,47.7008],"dipPosition":[16.4884,209.717,-27.755],"direction":[0.135317,-0.833298,0.536008],"extended":false,"handId":472,"id":4722,"length":65.6822,"mcpPosition":[8.01231,267.356,-10.6634],"pipPosition":[12.7166,232.945,-42.6959],"stabilizedTipPosition":[13.4854,198.313,-18.0952],"timeVisible":10.2948,"tipPosition":[17.5967,203.787,-14.3896],"tipVelocity":[7.37154,33.4357,-15.9481],"tool":false,"touchDistance":0.333333,"touchZone":"none","type":2,"width":18.6218},{"bases":[[[0.997975,0.0141909,0.061998],[-0.0457354,0.837515,0.544497],[-0.0441973,-0.54623,0.836469]],[[0.998712,0.0263376,0.0433765],[0.0131883,0.690693,-0.723028],[-0.0490027,0.722669,0.689455]],[[0.998712,0.0263376,0.0433765],[0.0507455,-0.52323,-0.850679],[0.000291108,0.851784,-0.523893]],[[0.998712,0.0263376,0.0433765],[0.0423519,-0.903475,-0.426543],[0.0279555,0.42783,-0.903427]]],"btipPosition":[30.9547,206.337,-3.60633],"carpPosition":[26.6146,235.413,47.1782],"dipPosition":[31.4667,214.172,-20.1524],"direction":[-0.000291108,-0.851784,0.523893],"extended":false,"handId":472,"id":4723,"length":63.1552,"mcpPosition":[29.3284,268.952,-4.18262],"pipPosition":[31.4746,237.302,-34.3784],"stabilizedTipPosition":[28.8158,204.485,-8.96499],"timeVisible":10.2948,"tipPosition":[31.0718,208.001,-7.11606],"tipVelocity":[7.45426,32.393,-1.28921],"tool":false,"touchDistance":0.333333,"touchZone":"none","type":3,"width":17.7198},{"bases":[[[0.979899,-0.187703,0.0675688],[0.106319,0.777956,0.619258],[-0.168802,-0.599626,0.782275]],[[0.976155,-0.2002,0.0839115],[0.202451,0.700146,-0.684696],[0.0783258,0.685358,0.723982]],[[0.976155,-0.2002,0.0839115],[-0.0252799,-0.48877,-0.872046],[0.215597,0.849131,-0.482177]],[[0.976155,-0.2002,0.0839115],[-0.13683,-0.86757,-0.478121],[0.168519,0.455238,-0.874277]]],"btipPosition":[39.7998,218.032,-0.398923],"carpPosition":[39.9008,231.676,45.1422],"dipPosition":[42.6471,225.724,-15.1708],"direction":[-0.215597,-0.849131,0.482177],"extended":false,"handId":472,"id":4724,"length":49.5125,"mcpPosition":[49.4954,265.758,0.678255],"pipPosition":[46.7806,242.004,-24.4152],"stabilizedTipPosition":[37.4307,215.724,-6.75236],"timeVisible":10.2948,"tipPosition":[40.5838,219.746,-3.59967],"tipVelocity":[9.59866,29.0217,0.626999],"tool":false,"touchDistance":0.333333,"touchZone":"none","type":4,"width":15.7401}],"r":[[0.653151,0.631052,0.41853],[-0.678281,0.73329,-0.0471282],[-0.336645,-0.253099,0.906979]],"s":1.08246,"t":[23.5826,25.3898,-86.1661],"timestamp":93495738041},false],[6,{"currentFrameRate":107.798,"devices":[],"gestures":[],"hands":[{"armBasis":[[0.947521,0.302088,-0.104625],[-0.272806,0.934654,0.228034],[0.166674,-0.187525,0.968016]],"armWidth":62.4607,"confidence":0.787974,"direction":[-0.112024,0.635172,-0.764204],"elbow":[70.8378,171.311,305.691],"grabStrength":0,"id":472,"palmNormal":[0.249035,-0.726557,-0.640387],"palmPosition":[14.6619,249.529,5.75488],"palmVelocity":[3.36268,15.984,11.1141],"palmWidth":89.1918,"pinchStrength":0.061935,"r":[[0.652714,0.630772,0.419632],[-0.678937,0.732788,-0.0454469],[-0.336168,-0.25524,0.906556]],"s":1.08115,"sphereCenter":[-0.939836,227.962,-35.3478],"sphereRadius":49.9199,"stabilizedPalmPosition":[14.0526,247.556,3.37906],"t":[23.604,25.5032,-86.0926],"timeVisible":10.3038,"type":"right","wrist":[26.7251,220.942,49.4919]}],"id":1685509,"interactionBox":{"center":[0,200,0],"size":[235.247,235.247,147.751]},"pointables":[{"bases":[[[0.142501,0.879244,0.454558],[-0.84186,-0.133856,0.522833],[0.520543,-0.457179,0.721126]],[[0.155687,0.867339,0.472742],[-0.774113,-0.190155,0.603813],[0.613605,-0.459961,0.641813]],[[0.155687,0.867339,0.472742],[-0.984242,0.176829,-0.000290851],[-0.0838469,-0.465247,0.881201]],[[0.155687,0.867339,0.472742],[-0.94706,0.267096,-0.178148],[-0.280782,-0.41998,0.863005]]],"btipPosition":[-17.9259,251.488,-37.5242],"carpPosition":[2.85474,203.797,43.13],"dipPosition":[-24.3673,241.853,-17.7259],"direction":[0.0838469,0.465247,-0.881201],"extended":false,"handId":472,"id":4720,"length":51.0864,"mcpPosition":[2.85474,203.797,43.13],"pipPosition":[-27.1696,226.303,11.7253],"stabilizedTipPosition":[-19.3556,247.651,-34.2014],"timeVisible":10.3038,"tipPosition":[-19.1075,249.387,-32.7109],"tipVelocity":[-4.93967,20.4543,10.4142],"tool":false,"touchDistance":-0.0632593,"touchZone":"touching","type":0,"width":19.8498},{"bases":[[[0.929528,0.364978,-0.0526131],[-0.286621,0.804876,0.519637],[0.232003,-0.467937,0.852766]],[[0.914432,0.391622,-0.102208],[-0.281491,0.796814,0.53465],[0.290821,-0.46013,0.83887]],[[0.914432,0.391622,-0.102208],[-0.356561,0.898965,0.254413],[0.191515,-0.1962,0.961679]],[[0.914432,0.391622,-0.102208],[-0.392721,0.919603,0.00997748],[0.0978984,0.0310156,0.994713]]],"btipPosition":[-30.6436,283.709,-88.274],"carpPosition":[4.51197,226.457,47.9956],"dipPosition":[-29.0041,284.229,-71.6146],"direction":[-0.191515,0.1962,-0.961679],"extended":true,"handId":472,"id":4721,"length":57.6453,"mcpPosition":[-12.2191,260.202,-13.5022],"pipPosition":[-24.4665,279.58,-48.8298],"stabilizedTipPosition":[-31.6252,283.518,-88.1155],"timeVisible":10.3038,"tipPosition":[-30.5107,285.049,-84.0058],"tipVelocity":[4.50491,-2.42547,9.86102],"tool":false,"touchDistance":0.358946,"touchZone":"hovering","type":1,"width":18.9605},{"bases":[[[0.987478,0.155807,-0.0247269],[-0.120184,0.844524,0.521857],[0.102192,-0.512351,0.852674]],[[0.988433,0.150773,-0.0163598],[-0.114599,0.671887,-0.731735],[-0.0993339,0.725145,0.681393]],[[0.988433,0.150773,-0.0163598],[0.0668585,-0.530033,-0.845337],[-0.136125,0.834465,-0.533983]],[[0.988433,0.150773,-0.0163598],[0.130741,-0.901799,-0.411904],[-0.0768572,0.405,-0.91108]]],"btipPosition":[17.9131,202.485,-11.0989],"carpPosition":[14.9984,232.428,47.742],"dipPosition":[16.4973,209.946,-27.8815],"direction":[0.136125,-0.834465,0.533983],"extended":false,"handId":472,"id":4722,"length":65.6822,"mcpPosition":[8.00959,267.467,-10.5716],"pipPosition":[12.7029,233.206,-42.766],"stabilizedTipPosition":[13.5714,198.437,-18.0294],"timeVisible":10.3038,"tipPosition":[17.6155,203.985,-14.4941],"tipVelocity":[5.83966,31.1734,-15.4894],"tool":false,"touchDistance":0.333333,"touchZone":"none","type":2,"width":18.6218},{"bases":[[[0.997985,0.0146025,0.0617517],[-0.0460073,0.836735,0.545672],[-0.0437016,-0.547414,0.83572]],[[0.998705,0.026646,0.0433448],[0.0127563,0.693564,-0.720282],[-0.049255,0.719902,0.692326]],[[0.998705,0.026646,0.0433448],[0.05088,-0.521725,-0.851595],[-0.0000774983,0.852697,-0.522405]],[[0.998705,0.026646,0.0433448],[0.0426138,-0.903516,-0.426429],[0.0278001,0.427724,-0.903482]]],"btipPosition":[30.9768,206.547,-3.68314],"carpPosition":[26.6433,235.452,47.2206],"dipPosition":[31.486,214.381,-20.2302],"direction":[0.0000774983,-0.852697,0.522405],"extended":false,"handId":472,"id":4723,"length":63.1552,"mcpPosition":[29.3267,269.065,-4.09432],"pipPosition":[31.4839,237.536,-34.4158],"stabilizedTipPosition":[28.9244,204.669,-8.89466],"timeVisible":10.3038,"tipPosition":[31.096,208.184,-7.17697],"tipVelocity":[6.06794,29.9406,-3.2876],"tool":false,"touchDistance":0.333333,"touchZone":"none","type":3,"width":17.7198},{"bases":[[[0.98001,-0.187308,0.0670467],[0.106097,0.777148,0.62031],[-0.168294,-0.600797,0.781486]],[[0.97636,-0.199566,0.0830285],[0.201656,0.702721,-0.682289],[0.0778158,0.682903,0.726352]],[[0.97636,-0.199566,0.0830285],[-0.0254927,-0.487764,-0.872603],[0.21464,0.849859,-0.481321]],[[0.97636,-0.199566,0.0830285],[-0.136791,-0.867907,-0.477521],[0.167358,0.454875,-0.874689]]],"btipPosition":[39.8565,218.225,-0.412045],"carpPosition":[39.9308,231.725,45.1758],"dipPosition":[42.6842,225.911,-15.1909],"direction":[-0.21464,-0.849859,0.481321],"extended":false,"handId":472,"id":4724,"length":49.5125,"mcpPosition":[49.4965,265.874,0.756739],"pipPosition":[46.7994,242.204,-24.4189],"stabilizedTipPosition":[37.5246,215.855,-6.66254],"timeVisible":10.3038,"tipPosition":[40.6194,219.912,-3.6106],"tipVelocity":[8.56377,26.9209,0.0058517],"tool":false,"touchDistance":0.333333,"touchZone":"none","type":4,"width":15.7401}],"r":[[0.652714,0.630772,0.419632],[-0.678937,0.732788,-0.0454469],