{"sensorType":"Leap","data":[[0,{"currentFrameRate":51.8852,"devices":[],"gestures":[],"hands":[{"armBasis":[[0.93603,0.334656,-0.108868],[-0.306516,0.927266,0.215002],[0.172902,-0.167879,0.970526]],"armWidth":62.4607,"confidence":0.750288,"direction":[-0.0877315,0.577983,-0.811319],"elbow":[65.8913,178.971,301.637],"grabStrength":0,"id":472,"palmNormal":[0.295653,-0.762653,-0.575283],"palmPosition":[9.63069,248.598,-1.38463],"palmVelocity":[62.163,5.46775,26.3969],"palmWidth":89.1918,"pinchStrength":0.000933548,"r":[[0.61813,0.663968,0.420787],[-0.676683,0.721856,-0.144993],[-0.400019,-0.195115,0.895497]],"s":1.11207,"sphereCenter":[-3.27987,225.874,-41.2104],"sphereRadius":50.4524,"stabilizedPalmPosition":[8.4583,248.486,-1.85527],"t":[17.4449,24.5868,-93.6637],"timeVisible":8.45108,"type":"right","wrist":[20.1305,223.402,44.7738]}],"id":1685375,"interactionBox":{"center":[0,200,0],"size":[235.247,235.247,147.751]},"pointables":[{"bases":[[[0.101225,0.911752,0.398073],[-0.863549,-0.118161,0.490226],[0.494001,-0.393378,0.775381]],[[0.116273,0.899305,0.421581],[-0.804068,-0.163945,0.571486],[0.583057,-0.405429,0.70404]],[[0.116273,0.899305,0.421581],[-0.984173,0.161471,-0.0730062],[-0.133728,-0.40642,0.903847]],[[0.116273,0.899305,0.421581],[-0.911987,0.264791,-0.313315],[-0.393397,-0.348046,0.850942]]],"btipPosition":[-18.0631,246.682,-45.6797],"carpPosition":[-3.02789,205.276,38.4994],"dipPosition":[-27.0881,238.698,-26.1582],"direction":[0.133728,0.40642,-0.903847],"extended":false,"handId":472,"id":4720,"length":51.0864,"mcpPosition":[-3.02789,205.276,38.4994],"pipPosition":[-31.5575,225.114,4.04999],"stabilizedTipPosition":[-21.4162,243.685,-42.8852],"timeVisible":8.45108,"tipPosition":[-19.5301,243.856,-41.5886],"tipVelocity":[40.1092,36.5858,55.3546],"tool":false,"touchDistance":-0.19625,"touchZone":"touching","type":0,"width":19.8498},{"bases":[[[0.923024,0.383262,-0.0337244],[-0.328904,0.831505,0.447686],[0.199623,-0.402133,0.893555]],[[0.922363,0.384581,-0.03666],[-0.300158,0.773146,0.558705],[0.243211,-0.504325,0.828556]],[[0.922363,0.384581,-0.03666],[-0.346693,0.865872,0.360651],[0.170442,-0.319941,0.93198]],[[0.922363,0.384581,-0.03666],[-0.372327,0.910244,0.181186],[0.10305,-0.15347,0.982765]]],"btipPosition":[-32.4967,288.641,-96.035],"carpPosition":[-2.09426,228.252,41.8379],"dipPosition":[-30.7708,286.071,-79.5758],"direction":[-0.170442,0.319941,-0.93198],"extended":true,"handId":472,"id":4721,"length":57.6453,"mcpPosition":[-16.4902,257.252,-22.6014],"pipPosition":[-26.7326,278.491,-57.4946],"stabilizedTipPosition":[-33.0505,287.819,-93.4012],"timeVisible":8.45108,"tipPosition":[-32.4521,289.007,-91.7062],"tipVelocity":[30.069,3.35692,40.2028],"tool":false,"touchDistance":0.375969,"touchZone":"hovering","type":1,"width":18.9605},{"bases":[[[0.983963,0.178004,0.0114861],[-0.163658,0.875298,0.455048],[0.0709468,-0.44963,0.890393]],[[0.983723,0.179486,0.00854985],[-0.0967297,0.569053,-0.816592],[-0.151432,0.802473,0.577152]],[[0.983723,0.179486,0.00854985],[0.10313,-0.524987,-0.844839],[-0.147148,0.83197,-0.534952]],[[0.983723,0.179486,0.00854985],[0.16151,-0.862342,-0.479876],[-0.0787581,0.473446,-0.877295]]],"btipPosition":[16.1179,195.371,-15.4243],"carpPosition":[8.26265,234.448,41.6663],"dipPosition":[14.6672,204.092,-31.5846],"direction":[0.147148,-0.83197,0.534952],"extended":false,"handId":472,"id":4722,"length":65.6822,"mcpPosition":[3.41066,265.198,-19.2269],"pipPosition":[10.5655,227.283,-46.4961],"stabilizedTipPosition":[12.9154,197.37,-19.9442],"timeVisible":8.45108,"tipPosition":[15.776,197.427,-19.1617],"tipVelocity":[67.6326,6.60305,12.395],"tool":false,"touchDistance":0.333333,"touchZone":"none","type":2,"width":18.6218},{"bases":[[[0.993197,0.0434037,0.108053],[-0.0905952,0.871,0.482858],[-0.0731564,-0.489362,0.869007]],[[0.994877,0.0573154,0.0832737],[0.0318304,0.604241,-0.796166],[-0.0959499,0.794738,0.599321]],[[0.994877,0.0573154,0.0832737],[0.100814,-0.501442,-0.859298],[-0.0074941,0.863291,-0.504651]],[[0.994877,0.0573154,0.0832737],[0.0919298,-0.855607,-0.509397],[0.0420533,0.514442,-0.856493]]],"btipPosition":[27.9797,200.092,-8.72746],"carpPosition":[19.8522,237.715,41.4895],"dipPosition":[28.7499,209.514,-24.4139],"direction":[0.0074941,-0.863291,0.504651],"extended":false,"handId":472,"id":4723,"length":63.1552,"mcpPosition":[24.3441,267.763,-11.8693],"pipPosition":[28.5464,232.956,-38.1175],"stabilizedTipPosition":[24.8266,201.992,-13.6147],"timeVisible":8.45108,"tipPosition":[28.1365,202.237,-12.3961],"tipVelocity":[68.1416,10.8164,13.2267],"tool":false,"touchDistance":0.333333,"touchZone":"none","type":3,"width":17.7198},{"bases":[[[0.97928,-0.158041,0.126628],[0.0588812,0.820469,0.568651],[-0.193764,-0.549412,0.812774]],[[0.969996,-0.181625,0.161616],[0.240947,0.629486,-0.73871],[0.0324332,0.755487,0.654361]],[[0.969996,-0.181625,0.161616],[0.0596363,-0.466697,-0.882405],[0.235692,0.865567,-0.441862]],[[0.969996,-0.181625,0.161616],[-0.0606526,-0.82452,-0.562572],[0.235433,0.535891,-0.810797]]],"btipPosition":[34.6931,213.577,-6.36058],"carpPosition":[33.3004,234.184,40.3464],"dipPosition":[38.671,222.632,-20.0599],"direction":[-0.235692,-0.865567,0.441862],"extended":false,"handId":472,"id":4724,"length":49.5125,"mcpPosition":[44.3139,265.412,-5.85103],"pipPosition":[43.1897,239.227,-28.5314],"stabilizedTipPosition":[32.3919,215.285,-10.7467],"timeVisible":8.45108,"tipPosition":[35.6789,215.567,-9.61963],"tipVelocity":[66.6249,11.818,14.4048],"tool":false,"touchDistance":0.333333,"touchZone":"none","type":4,"width":15.7401}],"r":[[0.61813,0.663968,0.420787],[-0.676683,0.721856,-0.144993],[-0.400019,-0.195115,0.895497]],"s":1.11207,"t":[17.4449,24.5868,-93.6637],"timestamp":93493894277},true],[1,{"currentFrameRate":52.13,"devices":[],"gestures":[],"hands":[{"armBasis":[[0.936696,0.332457,-0.10988],[-0.305023,0.928864,0.210174],[0.171937,-0.163353,0.97147]],"armWidth":62.4607,"confidence":0.763132,"direction":[-0.0925342,0.582214,-0.807753],"elbow":[66.9644,180.393,302.462],"grabStrength":0,"id":472,"palmNormal":[0.292393,-0.759579,-0.580987],"palmPosition":[10.6869,249.062,-0.614589],"palmVelocity":[60.0526,15.0101,33.9258],"palmWidth":89.1918,"pinchStrength":0,"r":[[0.617871,0.665555,0.418654],[-0.67986,0.719703,-0.140775],[-0.395001,-0.197645,0.897168]],"s":1.11335,"sphereCenter":[-2.64978,226.456,-40.5403],"sphereRadius":50.5712,"stabilizedPalmPosition":[9.60408,248.782,-1.21739],"t":[18.5477,24.8683,-93.0262],"timeVisible":8.46937,"type":"right","wrist":[21.4588,223.627,45.3491]}],"id":1685376,"interactionBox":{"center":[0,200,0],"size":[235.247,235.247,147.751]},"pointables":[{"bases":[[[0.103425,0.909669,0.402251],[-0.860661,-0.120867,0.494625],[0.498564,-0.397358,0.770416]],[[0.121977,0.894191,0.430749],[-0.798202,-0.169566,0.578032],[0.589911,-0.414331,0.693062]],[[0.121977,0.894191,0.430749],[-0.984645,0.163622,-0.0608376],[-0.12488,-0.416714,0.900419]],[[0.121977,0.894191,0.430749],[-0.914922,0.269536,-0.300447],[-0.384759,-0.357454,0.850992]]],"btipPosition":[-17.5979,247.931,-44.4136],"carpPosition":[-1.7334,205.53,39.1149],"dipPosition":[-26.4247,239.731,-24.891],"direction":[0.12488,0.416714,-0.900419],"extended":false,"handId":472,"id":4720,"length":51.0864,"mcpPosition":[-1.7334,205.53,39.1149],"pipPosition":[-30.5984,225.804,5.20264],"stabilizedTipPosition":[-20.9109,244.352,-42.0483],"timeVisible":8.46937,"tipPosition":[-18.9829,245.001,-40.39],"tipVelocity":[34.2762,50.4842,62.0128],"tool":false,"touchDistance":-0.175144,"touchZone":"touching","type":0,"width":19.8498},{"bases":[[[0.922762,0.383581,-0.0370936],[-0.326397,0.829094,0.453948],[0.20488,-0.406779,0.890256]],[[0.92198,0.385118,-0.0404629],[-0.297227,0.770774,0.563528],[0.248213,-0.507534,0.825106]],[[0.92198,0.385118,-0.0404629],[-0.345038,0.864442,0.365636],[0.175791,-0.323148,0.929878]],[[0.92198,0.385118,-0.0404629],[-0.371734,0.909492,0.186115],[0.108477,-0.156553,0.981694]]],"btipPosition":[-31.9932,289.475,-94.8537],"carpPosition":[-0.783302,228.488,42.5683],"dipPosition":[-30.1764,286.853,-78.4123],"direction":[-0.175791,0.323148,-0.929878],"extended":true,"handId":472,"id":4721,"length":57.6453,"mcpPosition":[-15.5584,257.823,-21.633],"pipPosition":[-26.0114,279.197,-56.381],"stabilizedTipPosition":[-32.8008,287.998,-93.007],"timeVisible":8.46937,"tipPosition":[-31.9076,289.82,-90.5316],"tipVelocity":[29.4041,23.2859,51.7859],"tool":false,"touchDistance":0.389364,"touchZone":"hovering","type":1,"width":18.9605},{"bases":[[[0.98399,0.178099,0.00668416],[-0.161116,0.872875,0.460577],[0.0761941,-0.45428,0.887594]],[[0.98373,0.179617,0.00371638],[-0.101622,0.573387,-0.812958],[-0.148152,0.799353,0.582311]],[[0.98373,0.179617,0.00371638],[0.0980528,-0.519453,-0.848854],[-0.150538,0.835408,-0.528614]],[[0.98373,0.179617,0.00371638],[0.158671,-0.858938,-0.486877],[-0.0842593,0.479545,-0.873463]]],"btipPosition":[17.1089,195.866,-15.0214],"carpPosition":[9.57162,234.686,42.3688],"dipPosition":[15.5568,204.7,-31.1111],"direction":[0.150538,-0.835408,0.528614],"extended":false,"handId":472,"id":4722,"length":65.6822,"mcpPosition":[4.36077,265.754,-18.333],"pipPosition":[11.3606,227.986,-45.8459],"stabilizedTipPosition":[13.8195,197.494,-19.6562],"timeVisible":8.46937,"tipPosition":[16.7405,197.961,-18.7235],"tipVelocity":[60.5832,17.1055,17.4383],"tool":false,"touchDistance":0.333333,"touchZone":"none","type":2,"width":18.6218},{"bases":[[[0.993805,0.0429959,0.102489],[-0.0878921,0.868442,0.487938],[-0.0680262,-0.493923,0.866841]],[[0.995338,0.0570345,0.0777788],[0.0271213,0.608373,-0.793187],[-0.0925576,0.791599,0.60399]],[[0.995338,0.0570345,0.0777788],[0.0958724,-0.496995,-0.862441],[-0.0105332,0.865877,-0.500146]],[[0.995338,0.0570345,0.0777788],[0.0890665,-0.852962,-0.514319],[0.0370084,0.518848,-0.854065]]],"btipPosition":[28.9984,200.6,-8.31367],"carpPosition":[21.1595,237.956,42.1416],"dipPosition":[29.6762,210.102,-23.9557],"direction":[0.0105332,-0.865877,0.500146],"extended":false,"handId":472,"id":4723,"length":63.1552,"mcpPosition":[25.3364,268.284,-11.0842],"pipPosition":[29.3902,233.615,-37.5369],"stabilizedTipPosition":[25.6435,202.142,-13.2932],"timeVisible":8.46937,"tipPosition":[29.134,202.763,-11.9733],"tipVelocity":[61.6273,19.4252,17.9993],"tool":false,"touchDistance":0.333333,"touchZone":"none","type":3,"width":17.7198},{"bases":[[[0.980021,-0.158546,0.120088],[0.0620884,0.817486,0.572592],[-0.188952,-0.553697,0.810998]],[[0.971038,-0.182095,0.154682],[0.236171,0.633527,-0.736795],[0.0361712,0.751987,0.658185]],[[0.971038,-0.182095,0.154682],[0.0543988,-0.461905,-0.88526],[0.232649,0.868036,-0.438621]],[[0.971038,-0.182095,0.154682],[-0.0637927,-0.821504,-0.566623],[0.230251,0.540345,-0.809328]]],"btipPosition":[35.7368,214.069,-5.92389],"carpPosition":[34.6013,234.433,40.9017],"dipPosition":[39.6271,223.199,-19.5984],"direction":[-0.232649,-0.868036,0.438621],"extended":false,"handId":472,"id":4724,"length":49.5125,"mcpPosition":[45.3412,265.905,-5.19483],"pipPosition":[44.0875,239.841,-28.0078],"stabilizedTipPosition":[33.1708,215.448,-10.4385],"timeVisible":8.46937,"tipPosition":[36.6964,216.079,-9.17497],"tipVelocity":[61.5226,19.4907,19.0946],"tool":false,"touchDistance":0.333333,"touchZone":"none","type":4,"width":15.7401}],"r":[[0.617871,0.665555,0.418654],[-0.67986,0.719703,-0.140775],[-0.395001,-0.197645,0.897168]],"s":1.11335,"t":[18.5477,24.8683,-93.0262],"timestamp":93493912563},true],[2,{"currentFrameRate":52.4719,"devices":[],"gestures":[{"center":[-23.6461,283.389,-95.4511],"duration":0,"handIds":[472],"id":8,"normal":[-0.0425485,-0.0781344,0.996034],"pointableIds":[4721],"progress":1,"radius":17.3239,"state":"start","type":"circle"}],"hands":[{"armBasis":[[0.937823,0.330438,-0.106298],[-0.304024,0.929716,0.20784],[0.167505,-0.1626,0.97237]],"armWidth":62.4607,"confidence":0.769145,"direction":[-0.0978875,0.585053,-0.805066],"elbow":[66.8202,180.861,303.058],"grabStrength":0,"id":472,"palmNormal":[0.289201,-0.757318,-0.585519],"palmPosition":[11.4154,249.489,-0.0976726],"palmVelocity":[51.0481,19.2259,31.6193],"palmWidth":89.1918,"pinchStrength":0,"r":[[0.618096,0.666598,0.416658],[-0.682634,0.717989,-0.136028],[-0.389832,-0.200347,0.898828]],"s":1.11477,"sphereCenter":[-2.45776,226.913,-40.0807],"sphereRadius":50.7323,"stabilizedPalmPosition":[10.4834,249.125,-0.673847],"t":[19.4633,25.2225,-92.449],"timeVisible":8.48718,"type":"right","wrist":[22.4875,223.895,45.7065]}],"id":1685377,"interactionBox":{"center":[0,200,0],"size":[235.247,235.247,147.751]},"pointables":[{"bases":[[[0.105413,0.908281,0.404863],[-0.857498,-0.123146,0.499532],[0.503573,-0.399827,0.765868]],[[0.128386,0.888998,0.439545],[-0.791268,-0.175357,0.585786],[0.59784,-0.423005,0.680922]],[[0.128386,0.888998,0.439545],[-0.985017,0.16577,-0.0475645],[-0.115148,-0.426853,0.89696]],[[0.128386,0.888998,0.439545],[-0.913899,0.278164,-0.295659],[-0.385106,-0.363741,0.848166]]],"btipPosition":[-17.3026,249.116,-43.2023],"carpPosition":[-0.73279,205.808,39.5517],"dipPosition":[-26.1373,240.772,-23.7445],"direction":[0.115148,0.426853,-0.89696],"extended":false,"handId":472,"id":4720,"length":51.0864,"mcpPosition":[-0.73279,205.808,39.5517],"pipPosition":[-29.9857,226.506,6.23351],"stabilizedTipPosition":[-20.4904,245.111,-41.1623],"timeVisible":8.48718,"tipPosition":[-18.7037,246.088,-39.3016],"tipVelocity":[25.9067,57.1541,64.4366],"tool":false,"touchDistance":-0.155204,"touchZone":"touching","type":0,"width":19.8498},{"bases":[[[0.922296,0.384253,-0.0414557],[-0.324033,0.827268,0.458944],[0.210646,-0.40985,0.887497]],[[0.921378,0.38602,-0.0452877],[-0.294378,0.769185,0.567183],[0.253778,-0.509258,0.822346]],[[0.921378,0.38602,-0.0452877],[-0.343557,0.863378,0.369522],[0.181743,-0.324911,0.928118]],[[0.921378,0.38602,-0.0452877],[-0.37141,0.908807,0.190065],[0.114527,-0.158301,0.980726]]],"btipPosition":[-31.8765,290.106,-93.9674],"carpPosition":[0.225826,228.753,43.0816],"dipPosition":[-29.9585,287.455,-77.5422],"direction":[-0.181743,0.324911,-0.928118],"extended":true,"handId":472,"id":4721,"length":57.6453,"mcpPosition":[-14.965,258.31,-20.9209],"pipPosition":[-25.6525,279.757,-55.5526],"stabilizedTipPosition":[-32.6479,288.165,-92.6915],"timeVisible":8.48718,"tipPosition":[-31.7472,290.435,-89.6531],"tipVelocity":[19.2712,28.807,50.7349],"tool":false,"touchDistance":0.397,"touchZone":"hovering","type":1,"width":18.9605},{"bases":[[[0.983912,0.178651,0.00120223],[-0.15874,0.871122,0.464702],[0.0819724,-0.457417,0.885466]],[[0.983635,0.180165,-0.00173029],[-0.10709,0.576895,-0.809767],[-0.144894,0.796701,0.586748]],[[0.983635,0.180165,-0.00173029],[0.0927147,-0.514375,-0.852539],[-0.154488,0.838426,-0.522661]],[[0.983635,0.180165,-0.00173029],[0.155875,-0.855757,-0.493339],[-0.0903632,0.484996,-0.869836]]],"btipPosition":[17.7865,196.294,-14.8472],"carpPosition":[10.5758,234.959,42.8399],"dipPosition":[16.122,205.228,-30.8701],"direction":[0.154488,-0.838426,0.522661],"extended":false,"handId":472,"id":4722,"length":65.6822,"mcpPosition":[4.96979,266.241,-17.7164],"pipPosition":[11.8157,228.599,-45.4389],"stabilizedTipPosition":[14.6441,197.691,-19.3977],"timeVisible":8.48718,"tipPosition":[17.3899,198.427,-18.4932],"tipVelocity":[49.3006,20.9589,14.2443],"tool":false,"touchDistance":0.333333,"touchZone":"none","type":2,"width":18.6218},{"bases":[[[0.994399,0.043211,0.0964581],[-0.085344,0.866634,0.49159],[-0.0623518,-0.497069,0.865468]],[[0.995771,0.0573433,0.0717821],[0.0219155,0.6105,-0.791713],[-0.0892224,0.789938,0.606661]],[[0.995771,0.0573433,0.0717821],[0.0907977,-0.494954,-0.864162],[-0.014025,0.867025,-0.498068]],[[0.995771,0.0573433,0.0717821],[0.0863091,-0.851659,-0.51694],[0.0314909,0.520949,-0.853007]]],"btipPosition":[29.7005,201.076,-8.01141],"carpPosition":[22.1602,238.236,42.5524],"dipPosition":[30.2772,210.617,-23.634],"direction":[0.014025,-0.867025,0.498068],"extended":false,"handId":472,"id":4723,"length":63.1552,"mcpPosition":[25.9887,268.757,-10.5891],"pipPosition":[29.8964,234.161,-37.1588],"stabilizedTipPosition":[26.433,202.354,-12.975],"timeVisible":8.48718,"tipPosition":[29.8153,203.247,-11.6917],"tipVelocity":[50.5696,23.0956,17.6329],"tool":false,"touchDistance":0.333333,"touchZone":"none","type":3,"width":17.7198},{"bases":[[[0.980839,-0.158401,0.113419],[0.0651891,0.815463,0.575127],[-0.183589,-0.556713,0.810164]],[[0.972343,-0.181446,0.147057],[0.230064,0.635636,-0.736911],[0.040235,0.750363,0.6598]],[[0.972343,-0.181446,0.147057],[0.0483213,-0.459733,-0.886742],[0.228503,0.869323,-0.43825]],[[0.972343,-0.181446,0.147057],[-0.0670698,-0.820049,-0.56835],[0.223719,0.542768,-0.809539]]],"btipPosition":[36.4757,214.523,-5.6215],"carpPosition":[35.596,234.726,41.2162],"dipPosition":[40.2556,223.694,-19.2996],"direction":[-0.228503,-0.869323,0.43825],"extended":false,"handId":472,"id":4724,"length":49.5125,"mcpPosition":[46.0311,266.369,-4.8329],"pipPosition":[44.6366,240.361,-27.7018],"stabilizedTipPosition":[33.936,215.665,-10.1322],"timeVisible":8.48718,"tipPosition":[37.3997,216.551,-8.89517],"tipVelocity":[51.4293,22.5691,18.0771],"tool":false,"touchDistance":0.333333,"touchZone":"none","type":4,"width":15.7401}],"r":[[0.618096,0.666598,0.416658],[-0.682634,0.717989,-0.136028],[-0.389832,-0.200347,0.898828]],"s":1.11477,"t":[19.4633,25.2225,-92.449],"timestamp":93493930375},true],[3,{"currentFrameRate":52.726,"devices":[],"gestures":[{"center":[-23.6461,283.389,-95.4511],"duration":0,"handIds":[472],"id":8,"normal":[-0.0425485,-0.0781344,0.996034],"pointableIds":[4721],"progress":1,"radius":17.3239,"state":"start","type":"circle"}],"hands":[{"armBasis":[[0.936827,0.333649,-0.105038],[-0.307356,0.928541,0.20819],[0.166995,-0.162754,0.972432]],"armWidth":62.4607,"confidence":0.707315,"direction":[-0.104254,0.58831,-0.801887],"elbow":[67.6666,181.205,303.526],"grabStrength":0,"id":472,"palmNormal":[0.290157,-0.753212,-0.590323],"palmPosition":[12.0713,250.033,0.524037],"palmVelocity":[44.0697,24.416,32.9643],"palmWidth":89.1918,"pinchStrength":0,"r":[[0.618005,0.667635,0.415131],[-0.685627,0.716079,-0.130943],[-0.384689,-0.203702,0.900289]],"s":1.11634,"sphereCenter":[-2.17531,227.474,-39.5685],"sphereRadius":50.8956,"stabilizedPalmPosition":[11.1998,249.535,-0.133376],"t":[20.2491,25.6717,-91.8495],"timeVisible":8.50523,"type":"right","wrist":[23.4691,224.28,46.1587]}],"id":1685378,"interactionBox":{"center":[0,200,0],"size":[235.247,235.247,147.751]},"pointables":[{"bases":[[[0.102927,0.906883,0.408618],[-0.854663,-0.129533,0.502766],[0.508879,-0.400978,0.761747]],[[0.130265,0.883899,0.44917],[-0.784025,-0.185478,0.592371],[0.606907,-0.429325,0.668837]],[[0.130265,0.883899,0.44917],[-0.986053,0.162827,-0.0344496],[-0.103587,-0.438418,0.892782]],[[0.130265,0.883899,0.44917],[-0.914296,0.282333,-0.290432],[-0.383528,-0.372841,0.844924]]],"btipPosition":[-17.1287,250.325,-41.9256],"carpPosition":[0.307277,206.111,40.0232],"dipPosition":[-25.9273,241.771,-22.5421],"direction":[0.103587,0.438418,-0.892782],"extended":false,"handId":472,"id":4720,"length":51.0864,"mcpPosition":[0.307277,206.111,40.0232],"pipPosition":[-29.3893,227.119,7.29625],"stabilizedTipPosition":[-20.1457,245.947,-40.2104],"timeVisible":8.50523,"tipPosition":[-18.4907,247.208,-38.1353],"tipVelocity":[18.4015,60.5421,66.9854],"tool":false,"touchDistance":-0.13421,"touchZone":"touching","type":0,"width":19.8498},{"bases":[[[0.920274,0.388818,-0.0437705],[-0.325885,0.823582,0.464232],[0.21655,-0.412957,0.884631]],[[0.919222,0.3908,-0.0480266],[-0.29569,0.765704,0.571196],[0.259998,-0.510855,0.819407]],[[0.919222,0.3908,-0.0480266],[-0.346352,0.860567,0.373448],[0.187274,-0.326648,0.926407]],[[0.919222,0.3908,-0.0480266],[-0.375249,0.906452,0.193735],[0.119245,-0.160063,0.979878]]],"btipPosition":[-31.827,290.759,-93.0082],"carpPosition":[1.17315,229.045,43.6556],"dipPosition":[-29.8299,288.078,-76.5972],"direction":[-0.187274,0.326648,-0.926407],"extended":true,"handId":472,"id":4721,"length":57.6453,"mcpPosition":[-14.4435,258.825,-20.1402],"pipPosition":[-25.3929,280.339,-54.6481],"stabilizedTipPosition":[-32.5485,288.319,-92.4229],"timeVisible":8.50523,"tipPosition":[-31.6668,291.073,-88.701],"tipVelocity":[11.9052,32.1382,51.798],"tool":false,"touchDistance":0.404972,"touchZone":"hovering","type":1,"width":18.9605},{"bases":[[[0.983051,0.183315,-0.00234581],[-0.160777,0.868193,0.469458],[0.0880955,-0.461124,0.882952]],[[0.982772,0.184751,-0.00509586],[-0.113425,0.581129,-0.805868],[-0.145923,0.792563,0.592073]],[[0.982772,0.184751,-0.00509586],[0.0910175,-0.507792,-0.856658],[-0.160856,0.841436,-0.515859]],[[0.982772,0.184751,-0.00509586],[0.15745,-0.851348,-0.500417],[-0.0967907,0.490993,-0.86577]]],"btipPosition":[18.629,196.89,-14.6344],"carpPosition":[11.4925,235.3,43.3968],"dipPosition":[16.846,205.935,-30.5824],"direction":[0.160856,-0.841436,0.515859],"extended":false,"handId":472,"id":4722,"length":65.6822,"mcpPosition":[5.46771,266.836,-16.9875],"pipPosition":[12.3623,229.389,-44.9617],"stabilizedTipPosition":[15.4683,197.986,-19.1452],"timeVisible":8.50523,"tipPosition":[18.2056,199.06,-18.2167],"tipVelocity":[47.344,27.3589,13.5324],"tool":false,"touchDistance":0.333333,"touchZone":"none","type":2,"width":18.6218},{"bases":[[[0.994605,0.0474859,0.0922303],[-0.0872412,0.86393,0.495998],[-0.0561276,-0.501368,0.863411]],[[0.995799,0.0617319,0.0676267],[0.0154648,0.614566,-0.788714],[-0.0902499,0.786446,0.611029]],[[0.995799,0.0617319,0.0676267],[0.0892686,-0.490136,-0.867063],[-0.0203792,0.869457,-0.493587]],[[0.995799,0.0617319,0.0676267],[0.0880305,-0.848663,-0.521557],[0.0251956,0.525319,-0.850532]]],"btipPosition":[30.5508,201.744,-7.72286],"carpPosition":[23.0598,238.634,43.073],"dipPosition":[31.0122,211.365,-23.3001],"direction":[0.0203792,-0.869457,0.493587],"extended":false,"handId":472,"id":4723,"length":63.1552,"mcpPosition":[26.5062,269.419,-9.94227],"pipPosition":[30.4588,234.975,-36.7033],"stabilizedTipPosition":[27.2463,202.663,-12.6535],"timeVisible":8.50523,"tipPosition":[30.6387,203.935,-11.3808],"tipVelocity":[48.2356,30.2019,17.1273],"tool":false,"touchDistance":0.333333,"touchZone":"none","type":3,"width":17.7198},{"bases":[[[0.982075,-0.154265,0.108311],[0.0639045,0.813087,0.578624],[-0.177328,-0.561331,0.80837]],[[0.973999,-0.177097,0.141287],[0.223031,0.64006,-0.735242],[0.0397768,0.747637,0.662916]],[[0.973999,-0.177097,0.141287],[0.0460908,-0.455701,-0.888939],[0.221813,0.872338,-0.43569]],[[0.973999,-0.177097,0.141287],[-0.0658187,-0.817946,-0.571518],[0.216779,0.547359,-0.808335]]],"btipPosition":[37.2911,215.213,-5.25257],"carpPosition":[36.506,235.193,41.6606],"dipPosition":[40.9539,224.461,-18.9103],"direction":[-0.221813,-0.872338,0.43569],"extended":false,"handId":472,"id":4724,"length":49.5125,"mcpPosition":[46.5852,267.099,-4.28655],"pipPosition":[45.2065,241.186,-27.2635],"stabilizedTipPosition":[34.7111,215.974,-9.81116],"timeVisible":8.50523,"tipPosition":[38.1803,217.261,-8.52714],"tipVelocity":[47.76,30.4594,19.324],"tool":false,"touchDistance":0.333333,"touchZone":"none","type":4,"width":15.7401}],"r":[[0.618005,0.667635,0.415131],[-0.685627,0.716079,-0.130943],[-0.384689,-0.203702,0.900289]],"s":1.11634,"t":[20.2491,25.6717,-91.8495],"timestamp":93493948420},true],[4,{"currentFrameRate":52.8557,"devices":[],"gestures":[{"center":[-23.6461,283.389,-95.4511],"duration":0,"handIds":[472],"id":8,"normal":[-0.0425485,-0.0781344,0.996034],"pointableIds":[4721],"progress":1,"radius":17.3239,"state":"start","type":"circle"}],"hands":[{"armBasis":[[0.93697,0.334958,-0.0994535],[-0.307838,0.925997,0.218552],[0.165299,-0.174161,0.970744]],"armWidth":62.4607,"confidence":0.720755,"direction":[-0.108221,0.592172,-0.798512],"elbow":[67.8829,178.564,303.71],"grabStrength":0,"id":472,"palmNormal":[0.288797,-0.749862,-0.595234],"palmPosition":[12.5208,250.623,1.32954],"palmVelocity":[34.5671,28.0631,38.1196],"palmWidth":89.1918,"pinchStrength":0,"r":[[0.618078,0.668215,0.414088],[-0.688288,0.714481,-0.125605],[-0.379789,-0.207378,0.901529]],"s":1.11768,"sphereCenter":[-2.05525,228.178,-38.8555],"sphereRadius":50.9963,"stabilizedPalmPosition":[11.7053,249.951,0.426391],"t":[20.8667,26.1914,-91.147],"timeVisible":8.52368,"type":"right","wrist":[24.1341,224.658,46.7891]}],"id":1685379,"interactionBox":{"center":[0,200,0],"size":[235.247,235.247,147.751]},"pointables":[{"bases":[[[0.103357,0.904966,0.41274],[-0.852483,-0.133189,0.505504],[0.512436,-0.404101,0.757702]],[[0.133237,0.879704,0.456474],[-0.779207,-0.191635,0.596752],[0.612441,-0.435197,0.659939]],[[0.133237,0.879704,0.456474],[-0.986384,0.162505,-0.0252661],[-0.096406,-0.446892,0.889378]],[[0.133237,0.879704,0.456474],[-0.913127,0.288014,-0.288525],[-0.385288,-0.378376,0.841656]]],"btipPosition":[-16.9344,251.4,-40.6698],"carpPosition":[0.972013,206.489,40.6548],"dipPosition":[-25.7733,242.719,-21.3613],"direction":[0.096406,0.446892,-0.889378],"extended":false,"handId":472,"id":4720,"length":51.0864,"mcpPosition":[0.972013,206.489,40.6548],"pipPosition":[-28.9954,227.783,8.36326],"stabilizedTipPosition":[-19.8558,246.797,-39.2309],"timeVisible":8.52368,"tipPosition":[-18.3341,248.272,-36.9411],"tipVelocity":[14.3646,58.6782,67.0521],"tool":false,"touchDistance":-0.113568,"touchZone":"touching","type":0,"width":19.8498},{"bases":[[[0.919579,0.390263,-0.045481],[-0.32512,0.820814,0.46964],[0.220614,-0.417084,0.881686]],[[0.918399,0.392465,-0.0501477],[-0.294578,0.762874,0.57554],[0.264136,-0.513803,0.816234]],[[0.918399,0.392465,-0.0501477],[-0.346291,0.858637,0.377923],[0.19138,-0.329718,0.924478]],[[0.918399,0.392465,-0.0501477],[-0.376003,0.90519,0.198123],[0.12315,-0.163101,0.978893]]],"btipPosition":[-31.8081,291.665,-91.857],"carpPosition":[1.82211,229.405,44.3985],"dipPosition":[-29.7456,288.933,-75.4626],"direction":[-0.19138,0.329718,-0.924478],"extended":true,"handId":472,"id":4721,"length":57.6453,"mcpPosition":[-14.0876,259.483,-19.1849],"pipPosition":[-25.2113,281.121,-53.5592],"stabilizedTipPosition":[-32.4773,288.478,-92.1688],"timeVisible":8.52368,"tipPosition":[-31.6161,291.955,-87.5588],"tipVelocity":[7.05266,40.0005,56.8047],"tool":false,"touchDistance":0.415018,"touchZone":"hovering","type":1,"width":18.9605},{"bases":[[[0.982792,0.18464,-0.00533521],[-0.160051,0.865619,0.474433],[0.0922175,-0.465415,0.880275]],[[0.982517,0.186003,-0.00791517],[-0.117289,0.585413,-0.802207],[-0.144579,0.78911,0.596994]],[[0.982517,0.186003,-0.00791517],[0.0881098,-0.50203,-0.86035],[-0.164002,0.844611,-0.509642]],[[0.982517,0.186003,-0.00791517],[0.156392,-0.847677,-0.506937],[-0.101001,0.496836,-0.861947]]],"btipPosition":[19.0884,197.526,-14.1944],"carpPosition":[12.1321,235.675,44.13],"dipPosition":[17.2279,206.678,-30.072],"direction":[0.164002,-0.844611,0.509642],"extended":false,"handId":472,"id":4722,"length":65.6822,"mcpPosition":[5.82541,267.504,-16.0713],"pipPosition":[12.6565,230.221,-44.278],"stabilizedTipPosition":[16.1607,198.343,-18.8634],"timeVisible":8.52368,"tipPosition":[18.648,199.729,-17.7369],"tipVelocity":[36.0563,31.4226,18.9285],"tool":false,"touchDistance":0.333333,"touchZone":"none","type":2,"width":18.6218},{"bases":[[[0.994901,0.0483548,0.0885132],[-0.0864046,0.861322,0.500659],[-0.0520291,-0.505754,0.861107]],[[0.995978,0.0627229,0.0639808],[0.0115227,0.618494,-0.785705],[-0.0888534,0.783282,0.615284]],[[0.995978,0.0627229,0.0639808],[0.0864653,-0.485702,-0.869837],[-0.0234831,0.871871,-0.489172]],[[0.995978,0.0627229,0.0639808],[0.0870718,-0.845937,-0.526127],[0.0211235,0.529582,-0.847996]]],"btipPosition":[31.0306,202.401,-7.23015],"carpPosition":[23.6937,239.026,43.7769],"dipPosition":[31.4175,212.1,-22.761],"direction":[0.0234831,-0.871871,0.489172],"extended":false,"handId":472,"id":4723,"length":63.1552,"mcpPosition":[26.8883,270.08,-9.0969],"pipPosition":[30.7798,235.775,-36.0442],"stabilizedTipPosition":[27.9553,203.023,-12.3147],"timeVisible":8.52368,"tipPosition":[31.1013,204.61,-10.8779],"tipVelocity":[37.0695,33.2622,22.024],"tool":false,"touchDistance":0.333333,"touchZone":"none","type":3,"width":17.7198},{"bases":[[[0.982701,-0.15349,0.103634],[0.0651357,0.810269,0.582428],[-0.173368,-0.565602,0.806249]],[[0.974922,-0.176143,0.136018],[0.218659,0.644409,-0.732752],[0.0414177,0.744118,0.666763]],[[0.974922,-0.176143,0.136018],[0.0429534,-0.450763,-0.891609],[0.218362,0.875092,-0.431893]],[[0.974922,-0.176143,0.136018],[-0.0669381,-0.81498,-0.57561],[0.212241,0.55207,-0.806333]]],"btipPosition":[37.7846,215.862,-4.73871],"carpPosition":[37.1386,235.611,42.2939],"dipPosition":[41.3707,225.19,-18.3626],"direction":[-0.218362,-0.875092,0.431893],"extended":false,"handId":472,"id":4724,"length":49.5125,"mcpPosition":[46.9928,267.759,-3.5327],"pipPosition":[45.5572,241.968,-26.643],"stabilizedTipPosition":[35.3884,216.328,-9.4743],"timeVisible":8.52368,"tipPosition":[38.6472,217.932,-7.99651],"tipVelocity":[37.1667,33.2276,23.6384],"tool":false,"touchDistance":0.333333,"touchZone":"none","type":4,"width":15.7401}],"r":[[0.618078,0.668215,0.414088],[-0.688288,0.714481,-0.125605],[-0.379789,-0.207378,0.901529]],"s":1.11768,"t":[20.8667,26.1914,-91.147],"timestamp":93493966871},false],[5,{"currentFrameRate":53.1547,"devices":[],"gestures":[{"center":[-23.6461,283.389,-95.4511],"duration":0,"handIds":[472],"id":8,"normal":[-0.0425485,-0.0781344,0.996034],"pointableIds":[4721],"progress":1,"radius":17.3239,"state":"start","type":"circle"}],"hands":[{"armBasis":[[0.937342,0.33391,-0.0994747],[-0.306593,0.926126,0.219754],[0.165504,-0.175487,0.97047]],"armWidth":62.4607,"confidence":0.735207,"direction":[-0.112052,0.596918,-0.794439],"elbow":[68.5113,178.81,304.417],"grabStrength":0,"id":472,"palmNormal":[0.285823,-0.746327,-0.601083],"palmPosition":[12.8762,251.491,2.32118],"palmVelocity":[27.7558,37.8351,46.4589],"palmWidth":89.1918,"pinchStrength":0,"r":[[0.618546,0.66818,0.413444],[-0.690501,0.713341,-0.119807],[-0.374979,-0.211378,0.902613]],"s":1.11865,"sphereCenter":[-1.98499,229.222,-37.9554],"sphereRadius":51.0429,"stabilizedPalmPosition":[12.0543,250.41,0.991206],"t":[21.3532,26.8849,-90.3],"timeVisible":8.54141,"type":"right","wrist":[24.7083,225.255,47.5684]}],"id":1685380,"interactionBox":{"center":[0,200,0],"size":[235.247,235.247,147.751]},"pointables":[{"bases":[[[0.105452,0.902488,0.417607],[-0.850023,-0.136137,0.508849],[0.516082,-0.408634,0.75278]],[[0.1366,0.876005,0.462553],[-0.775297,-0.196119,0.600377],[0.616649,-0.440628,0.652374]],[[0.1366,0.876005,0.462553],[-0.986495,0.162892,-0.0171646],[-0.0903828,-0.453962,0.886425]],[[0.1366,0.876005,0.462553],[-0.912917,0.292603,-0.284545],[-0.384608,-0.383404,0.839689]]],"btipPosition":[-16.8143,252.652,-39.3716],"carpPosition":[1.5149,207.124,41.439],"dipPosition":[-25.6376,243.856,-20.1082],"direction":[0.0903828,0.453962,-0.886425],"extended":false,"handId":472,"id":4720,"length":51.0864,"mcpPosition":[1.5149,207.124,41.439],"pipPosition":[-28.6584,228.684,9.51765],"stabilizedTipPosition":[-19.639,247.618,-38.312],"timeVisible":8.54141,"tipPosition":[-18.2393,249.532,-35.666],"tipVelocity":[10.8997,63.5715,69.6559],"tool":false,"touchDistance":-0.0921048,"touchZone":"touching","type":0,"width":19.8498},{"bases":[[[0.919384,0.390466,-0.0476374],[-0.322751,0.818027,0.476092],[0.224866,-0.422336,0.878104]],[[0.918021,0.392989,-0.0528964],[-0.292033,0.760288,0.58024],[0.268244,-0.517225,0.812726]],[[0.918021,0.392989,-0.0528964],[-0.344895,0.857162,0.382518],[0.195666,-0.332916,0.922432]],[[0.918021,0.392989,-0.0528964],[-0.375511,0.90444,0.202434],[0.127396,-0.165975,0.977866]]],"btipPosition":[-31.8971,292.924,-90.4691],"carpPosition":[2.3854,230.017,45.3147],"dipPosition":[-29.7635,290.144,-74.0918],"direction":[-0.195666,0.332916,-0.922432],"extended":true,"handId":472,"id":4721,"length":57.6453,"mcpPosition":[-13.831,260.474,-18.0103],"pipPosition":[-25.1276,282.256,-52.2369],"stabilizedTipPosition":[-32.4265,288.659,-91.9097],"timeVisible":8.54141,"tipPosition":[-31.6708,293.205,-86.1734],"tipVelocity":[1.82599,54.2347,66.7549],"tool":false,"touchDistance":0.42761,"touchZone":"hovering","type":1,"width":18.9605},{"bases":[[[0.982772,0.184604,-0.00902371],[-0.157656,0.862793,0.480347],[0.0964594,-0.470649,0.877032]],[[0.982501,0.185907,-0.0114544],[-0.121232,0.591586,-0.797075],[-0.141406,0.784515,0.603771]],[[0.982501,0.185907,-0.0114544],[0.0834621,-0.494397,-0.86522],[-0.166514,0.849123,-0.501262]],[[0.982501,0.185907,-0.0114544],[0.153539,-0.843183,-0.515237],[-0.105444,0.504462,-0.856971]]],"btipPosition":[19.3627,198.448,-13.7147],"carpPosition":[12.6945,236.288,45.0333],"dipPosition":[17.4203,207.74,-29.5007],"direction":[0.166514,-0.849123,0.501262],"extended":false,"handId":472,"id":4722,"length":65.6822,"mcpPosition":[6.09776,268.476,-14.9462],"pipPosition":[12.7789,231.409,-43.473],"stabilizedTipPosition":[16.6799,198.765,-18.5774],"timeVisible":8.54141,"tipPosition":[18.9052,200.689,-17.1817],"tipVelocity":[25.9048,41.9147,23.2912],"tool":false,"touchDistance":0.333333,"touchZone":"none","type":2,"width":18.6218},{"bases":[[[0.995324,0.047762,0.0839524],[-0.0838836,0.858334,0.506188],[-0.0478827,-0.510864,0.858327]],[[0.996283,0.0622583,0.0595301],[0.00787302,0.622387,-0.78267],[-0.0857785,0.78023,0.619583]],[[0.996283,0.0622583,0.0595301],[0.0822349,-0.481741,-0.872446],[-0.0256389,0.874099,-0.48507]],[[0.996283,0.0622583,0.0595301],[0.0844076,-0.843472,-0.530501],[0.0171839,0.533554,-0.845592]]],"btipPosition":[31.333,203.329,-6.53618],"carpPosition":[24.2546,239.64,44.6438],"dipPosition":[31.6477,213.101,-22.023],"direction":[0.0256389,-0.874099,0.48507],"extended":false,"handId":472,"id":4723,"length":63.1552,"mcpPosition":[27.1947,271.008,-8.0592],"pipPosition":[30.9515,236.837,-35.1948],"stabilizedTipPosition":[28.4866,203.417,-11.9733],"timeVisible":8.54141,"tipPosition":[31.3897,205.554,-10.2005],"tipVelocity":[27.2433,42.6556,30.3092],"tool":false,"touchDistance":0.333333,"touchZone":"none","type":3,"width":17.7198},{"bases":[[[0.983179,-0.154169,0.0979315],[0.0680483,0.806785,0.586913],[-0.169493,-0.570376,0.803706]],[[0.975719,-0.176572,0.129592],[0.214419,0.649361,-0.729626],[0.044679,0.739697,0.671455]],[[0.975719,-0.176572,0.129592],[0.0383501,-0.44481,-0.894804],[0.215641,0.878047,-0.427238]],[[0.975719,-0.176572,0.129592],[-0.0697154,-0.811281,-0.580486],[0.207633,0.557356,-0.803892]]],"btipPosition":[38.1346,216.763,-4.10599],"carpPosition":[37.6918,236.233,43.0751],"dipPosition":[41.6428,226.181,-17.6887],"direction":[-0.215641,-0.878047,0.427238],"extended":false,"handId":472,"id":4724,"length":49.5125,"mcpPosition":[47.3257,268.653,-2.6069],"pipPosition":[45.7771,243.015,-25.8798],"stabilizedTipPosition":[35.9147,216.713,-9.14185],"timeVisible":8.54141,"tipPosition":[38.9678,218.857,-7.34035],"tipVelocity":[28.5189,42.009,29.5306],"tool":false,"touchDistance":0.333333,"touchZone":"none","type":4,"width":15.7401}],"r":[[0.618546,0.66818,0.413444],[-0.690501,0.713341,-0.119807],[-0.374979,-0.211378,0.902613]],"s":1.11865,"t":[21.3532,26.8849,-90.3],"timestamp":93493984608},false],[6,{"currentFrameRate":53.3547,"devices":[],"gestures":[{"center":[-23.6461,283.389,-95.4511],"duration":0,"handIds":[472],"id":8,"normal":[-0.0425485,-0.0781344,0.996034],"pointableIds":[4721],"progress":1,"radius":17.3239,"state":"start","type":"circle"}],"hands":[{"armBasis":[[0.938961,0.330763,-0.0945944],[-0.303368,0.925749,0.225738],[0.162236,-0.183262,0.969585]],"armWidth":62.4607,"confidence":0.737589,"direction":[-0.115121,0.602062,-0.790106],"elbow":[68.1032,177.747,304.318],"grabStrength":0,"id":472,"palmNormal":[0.280911,-0.743196,-0.607246],"palmPosition":[13.1415,252.791,2.68518],"palmVelocity":[21.5734,54.0983,34.0024],"palmWidth":89.1918,"pinchStrength":0,"r":[[0.61966,0.667379,0.413071],[-0.692069,0.712848,-0.113521],[-0.370219,-0.215529,0.903596]],"s":1.11916,"sphereCenter":[-2.03783,230.737,-37.6783],"sphereRadius":51.0654,"stabilizedPalmPosition":[12.39,251.145,1.51423],"t":[21.7292,27.8818,-89.6944],"timeVisible":8.55944,"type":"right","wrist":[25.1651,226.25,47.7036]}],"id":1685381,"interactionBox":{"center":[0,200,0],"size":[235.247,235.247,147.751]},"pointables":[{"bases":[[[0.109688,0.899659,0.42259],[-0.847511,-0.13748,0.512664],[0.519321,-0.414383,0.747391]],[[0.141574,0.872329,0.467973],[-0.771814,-0.198755,0.603986],[0.619887,-0.446696,0.645138]],[[0.141574,0.872329,0.467973],[-0.98624,0.165059,-0.00931646],[-0.0853699,-0.460214,0.883694]],[[0.141574,0.872329,0.467973],[-0.911706,0.299077,-0.281683],[-0.38568,-0.386775,0.837649]]],"btipPosition":[-16.7313,254.318,-38.7285],"carpPosition":[1.89932,208.207,41.59],"dipPosition":[-25.5792,245.445,-19.5119],"direction":[0.0853699,0.460214,-0.883694],"extended":false,"handId":472,"id":4720,"length":51.0864,"mcpPosition":[1.89932,208.207,41.59],"pipPosition":[-28.4324,230.064,10.0227],"stabilizedTipPosition":[-19.4175,248.801,-37.296],"timeVisible":8.55944,"tipPosition":[-18.2058,251.219,-35.0422],"tipVelocity":[7.76632,76.7935,53.258],"tool":false,"touchDistance":-0.0815656,"touchZone":"touching","type":0,"width":19.8498},{"bases":[[[0.919949,0.3888,-0.0502785],[-0.318369,0.815747,0.482906],[0.228768,-0.428242,0.874228]],[[0.918361,0.391724,-0.0562642],[-0.287653,0.758386,0.584898],[0.271789,-0.520963,0.809153]],[[0.918361,0.391724,-0.0562642],[-0.341671,0.856563,0.386732],[0.199686,-0.335936,0.920474]],[[0.918361,0.391724,-0.0562642],[-0.373217,0.90457,0.206062],[0.131614,-0.168241,0.97692]]],"btipPosition":[-32.0386,294.673,-89.6893],"carpPosition":[2.84045,231.074,45.6023],"dipPosition":[-29.8343,291.856,-73.3279],"direction":[-0.199686,0.335936,-0.920474],"extended":true,"handId":472,"id":4721,"length":57.6453,"mcpPosition":[-13.6573,261.957,-17.4432],"pipPosition":[-25.1032,283.896,-51.5193],"stabilizedTipPosition":[-32.3751,288.967,-91.5659],"timeVisible":8.55944,"tipPosition":[-31.7763,294.957,-85.3928],"tipVelocity":[-2.33532,74.3123,55.5165],"tool":false,"touchDistance":0.429825,"touchZone":"hovering","type":1,"width":18.9605},{"bases":[[[0.983103,0.182569,-0.0132869],[-0.153157,0.860135,0.48653],[0.100254,-0.476274,0.873563]],[[0.982831,0.183845,-0.0156291],[-0.124748,0.599704,-0.790439],[-0.135945,0.778817,0.612342]],[[0.982831,0.183845,-0.0156291],[0.0769091,-0.485201,-0.871014],[-0.167715,0.854857,-0.49101]],[[0.982831,0.183845,-0.0156291],[0.148463,-0.83828,-0.524638],[-0.109554,0.51331,-0.851182]]],"btipPosition":[19.4213,199.815,-14.0052],"carpPosition":[13.1614,237.325,45.3029],"dipPosition":[17.4032,209.271,-29.6845],"direction":[0.167715,-0.854857,0.49101],"extended":false,"handId":472,"id":4722,"length":65.6822,"mcpPosition":[6.30513,269.897,-14.4393],"pipPosition":[12.7283,233.099,-43.3711],"stabilizedTipPosition":[17.1294,199.402,-18.3867],"timeVisible":8.55944,"tipPosition":[18.9503,202.089,-17.3536],"tipVelocity":[14.702,59.0007,5.24763],"tool":false,"touchDistance":0.333333,"touchZone":"none","type":2,"width":18.6218},{"bases":[[[0.995871,0.0451277,0.0787713],[-0.0792535,0.85536,0.511936],[-0.0442753,-0.516065,0.855404]],[[0.996725,0.0597296,0.0545062],[0.00510406,0.626253,-0.779603],[-0.0807001,0.777329,0.623897]],[[0.996725,0.0597296,0.0545062],[0.0765005,-0.478172,-0.874928],[-0.0261958,0.876233,-0.481175]],[[0.996725,0.0597296,0.0545062],[0.0796534,-0.841326,-0.534627],[0.0139244,0.537218,-0.843328]]],"btipPosition":[31.4356,204.665,-6.46611],"carpPosition":[24.7263,240.655,44.8706],"dipPosition":[31.6906,214.504,-21.9115],"direction":[0.0261958,-0.876233,0.481175],"extended":false,"handId":472,"id":4723,"length":63.1552,"mcpPosition":[27.4449,272.342,-7.65296],"pipPosition":[30.9793,238.298,-34.9775],"stabilizedTipPosition":[28.9655,203.976,-11.6621],"timeVisible":8.55944,"tipPosition":[31.4821,206.903,-10.1553],"tipVelocity":[16.6627,57.9718,18.0291],"tool":false,"touchDistance":0.333333,"touchZone":"none","type":3,"width":17.7198},{"bases":[[[0.983367,-0.156859,0.0915688],[0.0730074,0.80299,0.