{"sensorType":"Leap","data":[[0,{"currentFrameRate":53.4659,"devices":[],"gestures":[],"hands":[{"armBasis":[[0.837371,-0.425387,-0.343302],[0.492507,0.859587,0.136188],[0.237165,-0.283119,0.929299]],"armWidth":62.4607,"confidence":0.531607,"direction":[0.132622,0.623517,-0.77048],"elbow":[69.3153,186.269,315.118],"grabStrength":0,"id":472,"palmNormal":[-0.491498,-0.63367,-0.597404],"palmPosition":[5.05363,294.943,27.5142],"palmVelocity":[-2.54468,149.141,-126.641],"palmWidth":89.1918,"pinchStrength":0.41023,"r":[[0.993864,-0.0572275,0.0946559],[0.0526512,0.997352,0.0501593],[-0.0972758,-0.0448677,0.994246]],"s":0.953166,"sphereCenter":[1.17732,265.07,-17.8558],"sphereRadius":51.9507,"stabilizedPalmPosition":[4.82438,289.186,32.5766],"t":[14.0877,68.3626,-62.0036],"timeVisible":0.235061,"type":"right","wrist":[6.5463,261.2,69.1657]}],"id":1684924,"interactionBox":{"center":[0,200,0],"size":[235.247,235.247,147.751]},"pointables":[{"bases":[[[0.81184,0.504175,0.294488],[-0.524656,0.408579,0.74686],[0.256227,-0.760835,0.59622]],[[0.685564,0.7229,0.0861246],[-0.63784,0.539404,0.54973],[0.350944,-0.431809,0.830891]],[[0.685564,0.7229,0.0861246],[-0.711421,0.640123,0.290041],[0.15454,-0.260113,0.953131]],[[0.685564,0.7229,0.0861246],[-0.726178,0.687428,0.0104468],[-0.0516525,-0.0697037,0.99623]]],"btipPosition":[-44.3065,296.618,-23.7252],"carpPosition":[-23.1544,265.197,71.6411],"dipPosition":[-45.4915,295.019,-0.870623],"direction":[-0.15454,0.260113,-0.953131],"extended":false,"handId":472,"id":4720,"length":51.0864,"mcpPosition":[-23.1544,265.197,71.6411],"pipPosition":[-40.3264,286.325,30.9847],"stabilizedTipPosition":[-47.1035,288.283,-7.56214],"timeVisible":0.235061,"tipPosition":[-45.7789,296.834,-18.0591],"tipVelocity":[31.7712,104.834,-165.073],"tool":false,"touchDistance":0.301658,"touchZone":"hovering","type":0,"width":19.8498},{"bases":[[[0.87077,-0.346728,-0.348626],[0.484017,0.729245,0.483663],[0.0865346,-0.5899,0.802826]],[[0.872756,-0.442377,-0.206398],[0.477914,0.860471,0.1766],[0.099476,-0.25277,0.962399]],[[0.872756,-0.442377,-0.206398],[0.468417,0.877945,0.0989862],[0.137417,-0.183071,0.973448]],[[0.872756,-0.442377,-0.206398],[0.459763,0.887,0.0429882],[0.164059,-0.132413,0.977523]]],"btipPosition":[-21.9712,340.003,-64.6098],"carpPosition":[-5.538,280.262,73.2515],"dipPosition":[-19.2236,337.785,-48.2383],"direction":[-0.137417,0.183071,-0.973448],"extended":true,"handId":472,"id":4721,"length":57.6453,"mcpPosition":[-11.7785,322.803,15.3552],"pipPosition":[-15.9678,333.448,-25.1747],"stabilizedTipPosition":[-22.1232,335.474,-57.7315],"timeVisible":0.235061,"tipPosition":[-21.4762,337.874,-61.0612],"tipVelocity":[32.643,178.726,-137.264],"tool":false,"touchDistance":0.128205,"touchZone":"hovering","type":1,"width":18.9605},{"bases":[[[0.779098,-0.542442,-0.314267],[0.626045,0.647,0.435269],[-0.0327776,-0.535863,0.843669]],[[0.7796,-0.53153,-0.331209],[0.173937,0.69181,-0.700817],[0.601639,0.488748,0.631788]],[[0.7796,-0.53153,-0.331209],[-0.560987,-0.35757,-0.746617],[0.278419,0.767867,-0.576943]],[[0.7796,-0.53153,-0.331209],[-0.616598,-0.744051,-0.257284],[-0.109682,0.404801,-0.907803]]],"btipPosition":[-26.3081,262.374,14.6881],"carpPosition":[5.61676,277.679,69.4323],"dipPosition":[-28.3285,269.83,-2.03414],"direction":[-0.278419,-0.767867,0.576943],"extended":false,"handId":472,"id":4722,"length":65.6822,"mcpPosition":[7.85839,314.327,11.7345],"pipPosition":[-20.5677,291.234,-18.1161],"stabilizedTipPosition":[-28.5426,258.332,17.5048],"timeVisible":0.235061,"tipPosition":[-27.1504,263.839,10.3484],"tipVelocity":[41.7975,119.685,-149.618],"tool":false,"touchDistance":0.333333,"touchZone":"none","type":2,"width":18.6218},{"bases":[[[0.716357,-0.662606,-0.218601],[0.678744,0.589179,0.438376],[-0.161676,-0.462408,0.871803]],[[0.717249,-0.660011,-0.22347],[0.342988,0.613558,-0.71127],[0.606558,0.433511,0.66645]],[[0.717249,-0.660011,-0.22347],[-0.53895,-0.322171,-0.778292],[0.441686,0.678669,-0.58679]],[[0.717249,-0.660011,-0.22347],[-0.696402,-0.667894,-0.26257],[0.024045,0.343953,-0.938679]]],"btipPosition":[-13.5404,256.859,15.7791],"carpPosition":[15.5317,272.181,65.3721],"dipPosition":[-13.1,263.159,-1.41261],"direction":[-0.441686,-0.678669,0.58679],"extended":false,"handId":472,"id":4723,"length":63.1552,"mcpPosition":[25.4589,300.574,11.8416],"pipPosition":[-1.10625,281.588,-17.3466],"stabilizedTipPosition":[-15.6714,248.742,22.9011],"timeVisible":0.235061,"tipPosition":[-13.1934,258.107,13.2146],"tipVelocity":[41.6649,133.947,-157.902],"tool":false,"touchDistance":0.333333,"touchZone":"none","type":3,"width":17.7198},{"bases":[[[0.570769,-0.799851,-0.185638],[0.764933,0.435765,0.474327],[-0.298497,-0.412732,0.860553]],[[0.540477,-0.834824,-0.104658],[0.504051,0.420879,-0.754184],[0.673659,0.354867,0.648269]],[[0.540477,-0.834824,-0.104658],[-0.571933,-0.273316,-0.773428],[0.617071,0.477878,-0.625185]],[[0.540477,-0.834824,-0.104658],[-0.825188,-0.501702,-0.259539],[0.164162,0.226638,-0.960045]]],"btipPosition":[0.665619,258.943,16.996],"carpPosition":[21.6529,260.774,60.1712],"dipPosition":[3.43933,262.772,0.774945],"direction":[-0.617071,-0.477878,0.625185],"extended":false,"handId":472,"id":4724,"length":49.5125,"mcpPosition":[38.6193,284.234,11.258],"pipPosition":[15.27,271.934,-11.2113],"stabilizedTipPosition":[-0.737358,251.218,22.2663],"timeVisible":0.235061,"tipPosition":[1.34992,259.628,14.5061],"tipVelocity":[41.8586,147.484,-148.546],"tool":false,"touchDistance":0.333333,"touchZone":"none","type":4,"width":15.7401}],"r":[[0.993864,-0.0572275,0.0946559],[0.0526512,0.997352,0.0501593],[-0.0972758,-0.0448677,0.994246]],"s":0.953166,"t":[14.0877,68.3626,-62.0036],"timestamp":93485678255},false],[1,{"currentFrameRate":53.6056,"devices":[],"gestures":[],"hands":[{"armBasis":[[0.844948,-0.41122,-0.341996],[0.4803,0.864715,0.146902],[0.235319,-0.288385,0.928148]],"armWidth":62.4607,"confidence":0.552883,"direction":[0.129506,0.623929,-0.770675],"elbow":[68.9733,186.516,313.646],"grabStrength":0,"id":472,"palmNormal":[-0.477945,-0.641699,-0.599826],"palmPosition":[5.03217,296.482,26.2722],"palmVelocity":[-1.89497,118.468,-98.8772],"palmWidth":89.1918,"pinchStrength":0.409065,"r":[[0.993277,-0.0477083,0.105477],[0.0425769,0.997822,0.0503791],[-0.107651,-0.0455496,0.993145]],"s":0.954396,"sphereCenter":[1.64629,266.803,-18.9833],"sphereRadius":51.804,"stabilizedPalmPosition":[4.89797,291.77,30.344],"t":[14.0417,70.4664,-63.7527],"timeVisible":0.253218,"type":"right","wrist":[6.69268,262.841,67.999]}],"id":1684925,"interactionBox":{"center":[0,200,0],"size":[235.247,235.247,147.751]},"pointables":[{"bases":[[[0.802357,0.516224,0.299561],[-0.535995,0.402434,0.742129],[0.262551,-0.756016,0.599589]],[[0.67495,0.732309,0.090366],[-0.64907,0.531011,0.544733],[0.350928,-0.426322,0.833726]],[[0.67495,0.732309,0.090366],[-0.722547,0.631139,0.282115],[0.149562,-0.255707,0.955115]],[[0.67495,0.732309,0.090366],[-0.73566,0.677327,0.00576474],[-0.0569857,-0.0703696,0.995892]]],"btipPosition":[-43.9422,297.439,-25.3186],"carpPosition":[-23.0796,266.418,70.2449],"dipPosition":[-45.2495,295.825,-2.4718],"direction":[-0.149562,0.255707,-0.955115],"extended":false,"handId":472,"id":4720,"length":51.0864,"mcpPosition":[-23.0796,266.418,70.2449],"pipPosition":[-40.2508,287.279,29.4498],"stabilizedTipPosition":[-46.7125,289.484,-9.27088],"timeVisible":0.253218,"tipPosition":[-45.4138,297.586,-19.6867],"tipVelocity":[25.4523,76.3337,-128.264],"tool":false,"touchDistance":0.275071,"touchZone":"hovering","type":0,"width":19.8498},{"bases":[[[0.878201,-0.334931,-0.341445],[0.469957,0.736948,0.485848],[0.0889016,-0.587136,0.804592]],[[0.880676,-0.428619,-0.20173],[0.464362,0.865313,0.188683],[0.0936869,-0.259844,0.961095]],[[0.880676,-0.428619,-0.20173],[0.455116,0.883705,0.109244],[0.131446,-0.188019,0.97333]],[[0.880676,-0.428619,-0.20173],[0.446576,0.893253,0.0516718],[0.158048,-0.135594,0.978077]]],"btipPosition":[-21.8098,341.746,-65.9826],"carpPosition":[-5.69184,281.736,71.9576],"dipPosition":[-19.1628,339.475,-49.6018],"direction":[-0.131446,0.188019,-0.97333],"extended":true,"handId":472,"id":4721,"length":57.6453,"mcpPosition":[-12.103,324.078,13.9339],"pipPosition":[-16.0485,335.021,-26.541],"stabilizedTipPosition":[-21.7018,338.102,-59.7804],"timeVisible":0.253218,"tipPosition":[-21.3477,339.56,-62.4451],"tipVelocity":[20.7113,138.973,-107.815],"tool":false,"touchDistance":0.105361,"touchZone":"hovering","type":1,"width":18.9605},{"bases":[[[0.789068,-0.531867,-0.307391],[0.613499,0.656645,0.438675],[-0.0314698,-0.534728,0.844438]],[[0.789542,-0.520991,-0.324334],[0.169213,0.692818,-0.700978],[0.589907,0.49857,0.635167]],[[0.789542,-0.520991,-0.324334],[-0.550584,-0.367904,-0.749335],[0.271073,0.770205,-0.577325]],[[0.789542,-0.520991,-0.324334],[-0.603818,-0.753925,-0.258844],[-0.109668,0.400207,-0.909839]]],"btipPosition":[-25.7287,263.478,13.3185],"carpPosition":[5.52683,279.306,68.2268],"dipPosition":[-27.7488,270.85,-3.44126],"direction":[-0.271073,-0.770205,0.577325],"extended":false,"handId":472,"id":4722,"length":65.6822,"mcpPosition":[7.67902,315.875,10.4764],"pipPosition":[-20.1928,292.319,-19.5339],"stabilizedTipPosition":[-27.9807,259.969,15.5815],"timeVisible":0.253218,"tipPosition":[-26.5635,264.917,8.96898],"tipVelocity":[37.087,91.1074,-114.479],"tool":false,"touchDistance":0.333333,"touchZone":"none","type":2,"width":18.6218},{"bases":[[[0.727328,-0.652737,-0.211963],[0.666991,0.599587,0.442287],[-0.161607,-0.463066,0.871466]],[[0.728225,-0.650125,-0.216855],[0.340481,0.617807,-0.708793],[0.594779,0.442325,0.671257]],[[0.728225,-0.650125,-0.216855],[-0.527745,-0.330086,-0.782641],[0.437234,0.684383,-0.583478]],[[0.728225,-0.650125,-0.216855],[-0.684809,-0.677842,-0.267519],[0.0269274,0.343318,-0.938833]]],"btipPosition":[-12.9432,258.131,14.3813],"carpPosition":[15.5491,273.942,64.2514],"dipPosition":[-12.45,264.418,-2.81318],"direction":[-0.437234,-0.684383,0.583478],"extended":false,"handId":472,"id":4723,"length":63.1552,"mcpPosition":[25.4721,302.375,10.7416],"pipPosition":[-0.577153,283.003,-18.6572],"stabilizedTipPosition":[-15.0761,251.011,20.2881],"timeVisible":0.253218,"tipPosition":[-12.5982,259.384,11.7894],"tipVelocity":[37.801,103.402,-119.344],"tool":false,"touchDistance":0.333333,"touchZone":"none","type":3,"width":17.7198},{"bases":[[[0.583464,-0.791981,-0.179821],[0.755082,0.447482,0.479178],[-0.299033,-0.415363,0.8591]],[[0.553116,-0.827187,-0.0991213],[0.506372,0.428281,-0.74844],[0.661552,0.363782,0.655753]],[[0.553116,-0.827187,-0.0991213],[-0.560006,-0.28107,-0.779354],[0.616812,0.486582,-0.618694]],[[0.553116,-0.827187,-0.0991213],[-0.815588,-0.513371,-0.266957],[0.169938,0.2285,-0.958597]]],"btipPosition":[1.24101,260.424,15.6175],"carpPosition":[21.8708,262.614,59.1184],"dipPosition":[4.1123,264.285,-0.579061],"direction":[-0.616812,-0.486582,0.618694],"extended":false,"handId":472,"id":4724,"length":49.5125,"mcpPosition":[38.8676,286.223,10.2878],"pipPosition":[15.938,273.614,-12.4408],"stabilizedTipPosition":[-0.0387652,253.89,19.5198],"timeVisible":0.253218,"tipPosition":[1.93565,261.123,13.1227],"tipVelocity":[37.6002,116.267,-113.776],"tool":false,"touchDistance":0.333333,"touchZone":"none","type":4,"width":15.7401}],"r":[[0.993277,-0.0477083,0.105477],[0.0425769,0.997822,0.0503791],[-0.107651,-0.0455496,0.993145]],"s":0.954396,"t":[14.0417,70.4664,-63.7527],"timestamp":93485696412},false],[2,{"currentFrameRate":53.7922,"devices":[],"gestures":[],"hands":[{"armBasis":[[0.851347,-0.393813,-0.346582],[0.467835,0.868853,0.161939],[0.237355,-0.30001,0.923935]],"armWidth":62.4607,"confidence":0.561944,"direction":[0.132002,0.627189,-0.7676],"elbow":[69.2597,185.481,310.465],"grabStrength":0,"id":472,"palmNormal":[-0.461391,-0.646499,-0.607584],"palmPosition":[4.91838,298.59,24.2531],"palmVelocity":[-3.99825,118.033,-105.375],"palmWidth":89.1918,"pinchStrength":0.407284,"r":[[0.99244,-0.0375887,0.116829],[0.0318059,0.998193,0.0509751],[-0.118534,-0.0468739,0.991843]],"s":0.956237,"sphereCenter":[2.20463,269.381,-21.0011],"sphereRadius":51.6383,"stabilizedPalmPosition":[4.9049,294.085,28.2765],"t":[13.9618,72.572,-65.6369],"timeVisible":0.271145,"type":"right","wrist":[6.44039,264.883,65.9326]}],"id":1684926,"interactionBox":{"center":[0,200,0],"size":[235.247,235.247,147.751]},"pointables":[{"bases":[[[0.79147,0.525843,0.311551],[-0.551239,0.393929,0.735497],[0.264027,-0.753863,0.601648]],[[0.664632,0.740221,0.101669],[-0.66251,0.520928,0.538251],[0.345463,-0.425096,0.83663]],[[0.664632,0.740221,0.101669],[-0.734266,0.621898,0.272207],[0.138266,-0.255569,0.956853]],[[0.664632,0.740221,0.101669],[-0.744086,0.668084,0.000131268],[-0.067826,-0.0757373,0.994818]]],"btipPosition":[-43.3724,299.153,-27.9621],"carpPosition":[-23.4034,268.073,67.777],"dipPosition":[-44.9284,297.415,-5.13993],"direction":[-0.138266,0.255569,-0.956853],"extended":false,"handId":472,"id":4720,"length":51.0864,"mcpPosition":[-23.4034,268.073,67.777],"pipPosition":[-40.3073,288.874,26.8398],"stabilizedTipPosition":[-46.3698,290.549,-10.8154],"timeVisible":0.271145,"tipPosition":[-44.8487,299.188,-22.3828],"tipVelocity":[26.9365,84.6734,-137.481],"tool":false,"touchDistance":0.230919,"touchZone":"hovering","type":0,"width":19.8498},{"bases":[[[0.887031,-0.322893,-0.330025],[0.453738,0.741881,0.493694],[0.0854286,-0.587667,0.804581]],[[0.889008,-0.415094,-0.193292],[0.450723,0.867702,0.209623],[0.0807063,-0.273478,0.958487]],[[0.889008,-0.415094,-0.193292],[0.442434,0.887466,0.129058],[0.117969,-0.200252,0.972616]],[[0.889008,-0.415094,-0.193292],[0.434535,0.897906,0.0703091],[0.144373,-0.146497,0.978619]]],"btipPosition":[-21.0118,344.704,-68.0637],"carpPosition":[-6.23933,283.609,69.758],"dipPosition":[-18.5939,342.251,-51.6738],"direction":[-0.117969,0.200252,-0.972616],"extended":true,"handId":472,"id":4721,"length":57.6453,"mcpPosition":[-12.4001,325.989,11.7351],"pipPosition":[-15.7989,337.506,-28.6299],"stabilizedTipPosition":[-21.1246,340.898,-61.871],"timeVisible":0.271145,"tipPosition":[-20.6413,342.385,-64.5511],"tipVelocity":[30.5668,150.16,-111.669],"tool":false,"touchDistance":0.0720075,"touchZone":"hovering","type":1,"width":18.9605},{"bases":[[[0.799982,-0.521031,-0.297584],[0.598935,0.66353,0.448337],[-0.0361415,-0.536894,0.842875]],[[0.800547,-0.510122,-0.314483],[0.169769,0.696331,-0.697353],[0.57472,0.504874,0.644049]],[[0.800547,-0.510122,-0.314483],[-0.5358,-0.374239,-0.756878],[0.268408,0.774416,-0.572919]],[[0.800547,-0.510122,-0.314483],[-0.59031,-0.761677,-0.267177],[-0.103242,0.39953,-0.910888]]],"btipPosition":[-25.2028,265.248,10.8521],"carpPosition":[5.05971,281.331,66.1767],"dipPosition":[-27.1046,272.608,-5.92698],"direction":[-0.268408,-0.774416,0.572919],"extended":false,"handId":472,"id":4722,"length":65.6822,"mcpPosition":[7.5314,318.049,8.53314],"pipPosition":[-19.6228,294.194,-21.8968],"stabilizedTipPosition":[-27.4882,261.436,13.7744],"timeVisible":0.271145,"tipPosition":[-25.9994,266.681,6.49451],"tipVelocity":[34.1417,94.6506,-125.509],"tool":false,"touchDistance":0.333333,"touchZone":"none","type":2,"width":18.6218},{"bases":[[[0.738502,-0.642887,-0.203249],[0.653102,0.607156,0.45257],[-0.167548,-0.466967,0.868257]],[[0.739436,-0.640243,-0.208143],[0.342905,0.624237,-0.701957],[0.579354,0.447679,0.681126]],[[0.739436,-0.640243,-0.208143],[-0.512112,-0.334226,-0.791224],[0.437009,0.691651,-0.575015]],[[0.739436,-0.640243,-0.208143],[-0.672267,-0.685698,-0.279061],[0.035944,0.346276,-0.937444]]],"btipPosition":[-12.4073,260.047,11.9681],"carpPosition":[15.2037,276.105,62.3285],"dipPosition":[-11.749,266.389,-5.20097],"direction":[-0.437009,-0.691651,0.575015],"extended":false,"handId":472,"id":4723,"length":63.1552,"mcpPosition":[25.4915,304.777,9.01579],"pipPosition":[0.117761,285.171,-20.8152],"stabilizedTipPosition":[-14.5145,253.101,17.845],"timeVisible":0.271145,"tipPosition":[-12.0459,261.316,9.35863],"tipVelocity":[35.0663,105.386,-126.403],"tool":false,"touchDistance":0.333333,"touchZone":"none","type":3,"width":17.7198},{"bases":[[[0.596016,-0.784036,-0.173357],[0.74263,0.456115,0.490367],[-0.305395,-0.421007,0.8541]],[[0.565072,-0.819752,-0.0932728],[0.512881,0.437575,-0.738567],[0.646256,0.369506,0.667697]],[[0.565072,-0.819752,-0.0932728],[-0.544122,-0.2853,-0.789009],[0.620181,0.496599,-0.60726]],[[0.565072,-0.819752,-0.0932728],[-0.804879,-0.522888,-0.280638],[0.181282,0.233654,-0.955271]]],"btipPosition":[1.74598,262.524,13.3544],"carpPosition":[21.7403,264.87,57.2605],"dipPosition":[4.80895,266.472,-2.78597],"direction":[-0.620181,-0.496599,0.60726],"extended":false,"handId":472,"id":4724,"length":49.5125,"mcpPosition":[39.0987,288.8,8.71412],"pipPosition":[16.6992,275.992,-14.4285],"stabilizedTipPosition":[0.615131,256.397,16.9251],"timeVisible":0.271145,"tipPosition":[2.46531,263.244,10.8554],"tipVelocity":[34.3063,117.191,-119.324],"tool":false,"touchDistance":0.333333,"touchZone":"none","type":4,"width":15.7401}],"r":[[0.99244,-0.0375887,0.116829],[0.0318059,0.998193,0.0509751],[-0.118534,-0.0468739,0.991843]],"s":0.956237,"t":[13.9618,72.572,-65.6369],"timestamp":93485714339},false],[3,{"currentFrameRate":53.9074,"devices":[],"gestures":[],"hands":[{"armBasis":[[0.8559,-0.388854,-0.340923],[0.458969,0.874951,0.154297],[0.238293,-0.288536,0.927342]],"armWidth":62.4607,"confidence":0.564291,"direction":[0.132858,0.629092,-0.765893],"elbow":[69.5134,189.636,309.563],"grabStrength":0,"id":472,"palmNormal":[-0.452282,-0.649116,-0.611629],"palmPosition":[4.97339,299.748,22.4793],"palmVelocity":[-0.648831,92.2101,-101.754],"palmWidth":89.1918,"pinchStrength":0.405373,"r":[[0.991465,-0.0280734,0.127311],[0.0216403,0.998432,0.0516355],[-0.128561,-0.0484397,0.990518]],"s":0.958459,"sphereCenter":[2.39556,271.043,-22.7037],"sphereRadius":51.43,"stabilizedPalmPosition":[4.92413,295.675,26.6484],"t":[13.9494,74.2038,-67.4658],"timeVisible":0.289287,"type":"right","wrist":[6.44591,266.001,64.1285]}],"id":1684927,"interactionBox":{"center":[0,200,0],"size":[235.247,235.247,147.751]},"pointables":[{"bases":[[[0.785342,0.531254,0.317817],[-0.55935,0.388959,0.73201],[0.265265,-0.752649,0.602622]],[[0.658954,0.744391,0.107988],[-0.669338,0.514803,0.53569],[0.343171,-0.425276,0.837481]],[[0.658954,0.744391,0.107988],[-0.740584,0.616955,0.266273],[0.131588,-0.255436,0.957829]],[[0.658954,0.744391,0.107988],[-0.748721,0.662885,-0.000674982],[-0.0720863,-0.0804085,0.994152]]],"btipPosition":[-42.9688,300.161,-30.0345],"carpPosition":[-23.4329,268.97,65.7636],"dipPosition":[-44.6225,298.316,-7.2276],"direction":[-0.131588,0.255436,-0.957829],"extended":false,"handId":472,"id":4720,"length":51.0864,"mcpPosition":[-23.4329,268.97,65.7636],"pipPosition":[-40.2246,289.779,24.7847],"stabilizedTipPosition":[-46.0831,291.421,-12.1418],"timeVisible":0.289287,"tipPosition":[-44.4069,300.094,-24.4984],"tipVelocity":[24.1116,70.1698,-126.496],"tool":false,"touchDistance":0.19632,"touchZone":"hovering","type":0,"width":19.8498},{"bases":[[[0.891711,-0.315962,-0.324066],[0.44474,0.74458,0.497801],[0.0840073,-0.58802,0.804472]],[[0.893634,-0.406241,-0.190751],[0.442755,0.867514,0.226689],[0.0733889,-0.287034,0.955105]],[[0.893634,-0.406241,-0.190751],[0.434942,0.888718,0.144931],[0.110647,-0.212481,0.97088]],[[0.893634,-0.406241,-0.190751],[0.427315,0.900103,0.0849529],[0.137184,-0.157428,0.977955]]],"btipPosition":[-20.4661,346.793,-69.7336],"carpPosition":[-6.39808,284.629,67.8855],"dipPosition":[-18.1685,344.157,-53.3549],"direction":[-0.110647,0.212481,-0.97088],"extended":true,"handId":472,"id":4721,"length":57.6453,"mcpPosition":[-12.4563,327.035,9.87054],"pipPosition":[-15.547,339.123,-30.3521],"stabilizedTipPosition":[-20.5673,343.381,-63.7938],"timeVisible":0.289287,"tipPosition":[-20.1453,344.363,-66.2517],"tipVelocity":[29.6092,132.381,-102.389],"tool":false,"touchDistance":0.0441324,"touchZone":"hovering","type":1,"width":18.9605},{"bases":[[[0.805892,-0.514773,-0.292483],[0.590828,0.667353,0.453388],[-0.0382028,-0.538189,0.841958]],[[0.806497,-0.503848,-0.309352],[0.169531,0.698331,-0.695409],[0.566411,0.508401,0.64862]],[[0.806497,-0.503848,-0.309352],[-0.527897,-0.37804,-0.760533],[0.266246,0.776674,-0.570869]],[[0.806497,-0.503848,-0.309352],[-0.582637,-0.766214,-0.271017],[-0.100479,0.398814,-0.91151]]],"btipPosition":[-24.7769,266.228,8.85883],"carpPosition":[4.94265,282.439,64.3823],"dipPosition":[-26.6278,273.575,-7.93175],"direction":[-0.266246,-0.776674,0.570869],"extended":false,"handId":472,"id":4722,"length":65.6822,"mcpPosition":[7.55531,319.245,6.8015],"pipPosition":[-19.2064,295.224,-23.8444],"stabilizedTipPosition":[-27.0877,262.571,12.2364],"timeVisible":0.289287,"tipPosition":[-25.5551,267.656,4.49823],"tipVelocity":[29.367,75.2077,-118.129],"tool":false,"touchDistance":0.333333,"touchZone":"none","type":2,"width":18.6218},{"bases":[[[0.744639,-0.637195,-0.198734],[0.645377,0.611373,0.457942],[-0.170297,-0.46926,0.866484]],[[0.745588,-0.634538,-0.203619],[0.344721,0.628726,-0.697045],[0.570322,0.449516,0.687509]],[[0.745588,-0.634538,-0.203619],[-0.502856,-0.335195,-0.796731],[0.437304,0.696423,-0.568999]],[[0.745588,-0.634538,-0.203619],[-0.66513,-0.689664,-0.286296],[0.0412374,0.348892,-0.936255]]],"btipPosition":[-11.9996,261.117,9.88423],"carpPosition":[15.152,277.292,60.6005],"dipPosition":[-11.2443,267.507,-7.26305],"direction":[-0.437304,-0.696423,0.568999],"extended":false,"handId":472,"id":4723,"length":63.1552,"mcpPosition":[25.6086,306.105,7.3966],"pipPosition":[0.630438,286.418,-22.7139],"stabilizedTipPosition":[-14.0697,254.671,15.8753],"timeVisible":0.289287,"tipPosition":[-11.6288,262.397,7.26155],"tipVelocity":[29.6524,83.5613,-120.774],"tool":false,"touchDistance":0.333333,"touchZone":"none","type":3,"width":17.7198},{"bases":[[[0.602985,-0.779423,-0.170028],[0.735741,0.460948,0.496197],[-0.308374,-0.424296,0.851398]],[[0.571763,-0.815437,-0.0902779],[0.516443,0.443233,-0.732688],[0.637475,0.3723,0.674551]],[[0.571763,-0.815437,-0.0902779],[-0.535134,-0.28727,-0.794423],[0.621867,0.502532,-0.600618]],[[0.571763,-0.815437,-0.0902779],[-0.798744,-0.528149,-0.288213],[0.18734,0.236899,-0.953301]]],"btipPosition":[2.15165,263.687,11.4153],"carpPosition":[21.807,266.112,55.5659],"dipPosition":[5.31696,267.689,-4.69185],"direction":[-0.621867,-0.502532,0.600618],"extended":false,"handId":472,"id":4724,"length":49.5125,"mcpPosition":[39.3347,290.228,7.17313],"pipPosition":[17.2396,277.324,-16.2071],"stabilizedTipPosition":[1.12699,258.253,14.8423],"timeVisible":0.289287,"tipPosition":[2.88322,264.421,8.90538],"tipVelocity":[29.2333,92.2335,-113.198],"tool":false,"touchDistance":0.333333,"touchZone":"none","type":4,"width":15.7401}],"r":[[0.991465,-0.0280734,0.127311],[0.0216403,0.998432,0.0516355],[-0.128561,-0.0484397,0.990518]],"s":0.958459,"t":[13.9494,74.2038,-67.4658],"timestamp":93485732481},false],[4,{"currentFrameRate":54.0263,"devices":[],"gestures":[],"hands":[{"armBasis":[[0.862141,-0.376375,-0.339197],[0.447802,0.879225,0.162591],[0.237036,-0.292069,0.926558]],"armWidth":62.4607,"confidence":0.580727,"direction":[0.131812,0.625704,-0.768843],"elbow":[69.0433,190.022,308.109],"grabStrength":0,"id":472,"palmNormal":[-0.438849,-0.658628,-0.611245],"palmPosition":[4.78582,300.777,21.0004],"palmVelocity":[-5.27027,75.4135,-92.2455],"palmWidth":89.1918,"pinchStrength":0.403793,"r":[[0.990347,-0.0178497,0.137453],[0.0109491,0.998649,0.050797],[-0.138174,-0.0488017,0.989205]],"s":0.960902,"sphereCenter":[2.55838,272.214,-23.8866],"sphereRadius":51.2168,"stabilizedPalmPosition":[4.89369,296.798,25.4051],"t":[13.8494,75.5341,-69.1198],"timeVisible":0.307376,"type":"right","wrist":[6.30852,267.322,62.8827]}],"id":1684928,"interactionBox":{"center":[0,200,0],"size":[235.247,235.247,147.751]},"pointables":[{"bases":[[[0.775906,0.542998,0.321128],[-0.570516,0.386741,0.72453],[0.269224,-0.745375,0.609864]],[[0.64933,0.752569,0.109593],[-0.679614,0.509532,0.527732],[0.341313,-0.417154,0.842311]],[[0.64933,0.752569,0.109593],[-0.750241,0.610283,0.254349],[0.124532,-0.247378,0.960883]],[[0.64933,0.752569,0.109593],[-0.756484,0.653956,-0.00856341],[-0.0781138,-0.0773452,0.99394]]],"btipPosition":[-42.6888,300.385,-31.8936],"carpPosition":[-23.6179,269.931,64.238],"dipPosition":[-44.4808,298.611,-9.09157],"direction":[-0.124532,0.247378,-0.960883],"extended":false,"handId":472,"id":4720,"length":51.0864,"mcpPosition":[-23.6179,269.931,64.238],"pipPosition":[-40.3187,290.343,23.0228],"stabilizedTipPosition":[-45.9036,291.936,-13.0149],"timeVisible":0.307376,"tipPosition":[-44.1144,300.261,-26.3971],"tipVelocity":[19.1715,43.1184,-115.248],"tool":false,"touchDistance":0.165317,"touchZone":"hovering","type":0,"width":19.8498},{"bases":[[[0.898354,-0.306985,-0.314199],[0.431131,0.753251,0.496728],[0.084183,-0.581699,0.809036]],[[0.90043,-0.3945,-0.183291],[0.429932,0.871214,0.236946],[0.0662108,-0.292156,0.954076]],[[0.90043,-0.3945,-0.183291],[0.422691,0.893016,0.154448],[0.102753,-0.216545,0.97085]],[[0.90043,-0.3945,-0.183291],[0.415462,0.90478,0.093618],[0.128906,-0.160447,0.978591]]],"btipPosition":[-20.2495,347.884,-71.5102],"carpPosition":[-6.79679,285.813,66.4048],"dipPosition":[-18.0905,345.197,-55.1208],"direction":[-0.102753,0.216545,-0.97085],"extended":true,"handId":472,"id":4721,"length":57.6453,"mcpPosition":[-12.8677,327.763,8.0606],"pipPosition":[-15.6561,340.067,-32.1187],"stabilizedTipPosition":[-20.2263,345.008,-65.4463],"timeVisible":0.307376,"tipPosition":[-19.9706,345.385,-68.0384],"tipVelocity":[20.3868,97.8111,-100.338],"tool":false,"touchDistance":0.0145644,"touchZone":"hovering","type":1,"width":18.9605},{"bases":[[[0.814719,-0.506635,-0.282052],[0.578545,0.677554,0.4541],[-0.0389571,-0.533144,0.845127]],[[0.815338,-0.49582,-0.298976],[0.166936,0.695764,-0.698602],[0.554398,0.519687,0.650053]],[[0.815338,-0.49582,-0.298976],[-0.516731,-0.390211,-0.762053],[0.261178,0.775821,-0.574359]],[[0.815338,-0.49582,-0.298976],[-0.570618,-0.775605,-0.269875],[-0.0980779,0.39064,-0.915304]]],"btipPosition":[-24.4029,266.827,7.37414],"carpPosition":[4.60044,283.741,63.0149],"dipPosition":[-26.2096,274.022,-9.48631],"direction":[-0.261178,-0.775821,0.574359],"extended":false,"handId":472,"id":4722,"length":65.6822,"mcpPosition":[7.26468,320.202,5.21735],"pipPosition":[-18.9294,295.648,-25.4962],"stabilizedTipPosition":[-26.8073,263.302,11.1561],"timeVisible":0.307376,"tipPosition":[-25.1617,268.213,2.99911],"tipVelocity":[25.502,54.2673,-101.411],"tool":false,"touchDistance":0.333333,"touchZone":"none","type":2,"width":18.6218},{"bases":[[[0.75416,-0.629195,-0.188035],[0.633738,0.622285,0.459497],[-0.172102,-0.465699,0.868047]],[[0.755118,-0.626558,-0.192928],[0.344254,0.629404,-0.696663],[0.55793,0.459647,0.69097]],[[0.755118,-0.626558,-0.192928],[-0.490688,-0.344997,-0.800127],[0.434766,0.698858,-0.567958]],[[0.755118,-0.626558,-0.192928],[-0.653963,-0.699178,-0.288934],[0.0461427,0.344347,-0.937708]]],"btipPosition":[-11.6136,261.877,8.3907],"carpPosition":[14.9053,278.696,59.3561],"dipPosition":[-10.7685,268.183,-8.78318],"direction":[-0.434766,-0.698858,0.567958],"extended":false,"handId":472,"id":4723,"length":63.1552,"mcpPosition":[25.4727,307.291,6.05631],"pipPosition":[1.03732,287.16,-24.2058],"stabilizedTipPosition":[-13.7385,255.752,14.4465],"timeVisible":0.307376,"tipPosition":[-11.2362,263.149,5.74291],"tipVelocity":[26.2417,63.2932,-102.769],"tool":false,"touchDistance":0.333333,"touchZone":"none","type":3,"width":17.7198},{"bases":[[[0.614024,-0.772978,-0.159624],[0.725611,0.473242,0.49953],[-0.310585,-0.422548,0.851463]],[[0.582649,-0.808762,-0.0801495],[0.518771,0.446013,-0.729349],[0.625617,0.383375,0.679431]],[[0.582649,-0.808762,-0.0801495],[-0.523293,-0.297869,-0.798397],[0.621839,0.507127,-0.596773]],[[0.582649,-0.808762,-0.0801495],[-0.789303,-0.539597,-0.292977],[0.1937,0.233965,-0.952754]]],"btipPosition":[2.5161,264.621,10.0471],"carpPosition":[21.7417,267.567,54.4537],"dipPosition":[5.78889,268.574,-6.05074],"direction":[-0.621839,-0.507127,0.596773],"extended":false,"handId":472,"id":4724,"length":49.5125,"mcpPosition":[39.3951,291.585,6.05713],"pipPosition":[17.7109,278.297,-17.4922],"stabilizedTipPosition":[1.5191,259.585,13.2866],"timeVisible":0.307376,"tipPosition":[3.26,265.356,7.52417],"tipVelocity":[25.5635,72.6285,-95.2824],"tool":false,"touchDistance":0.333333,"touchZone":"none","type":4,"width":15.7401}],"r":[[0.990347,-0.0178497,0.137453],[0.0109491,0.998649,0.050797],[-0.138174,-0.0488017,0.989205]],"s":0.960902,"t":[13.8494,75.5341,-69.1198],"timestamp":93485750570},false],[5,{"currentFrameRate":54.1344,"devices":[],"gestures":[],"hands":[{"armBasis":[[0.865906,-0.366636,-0.340272],[0.438944,0.883157,0.165417],[0.239866,-0.292596,0.925663]],"armWidth":62.4607,"confidence":0.585714,"direction":[0.136897,0.616546,-0.775326],"elbow":[69.3396,192.296,305.473],"grabStrength":0,"id":472,"palmNormal":[-0.425055,-0.670415,-0.608171],"palmPosition":[4.61655,302.617,18.14],"palmVelocity":[-7.21336,87.9272,-123.564],"palmWidth":89.1918,"pinchStrength":0.398756,"r":[[0.988923,-0.00761315,0.148235],[0.000585888,0.998876,0.0473922],[-0.14843,-0.0467804,0.987816]],"s":0.963404,"sphereCenter":[2.97583,273.713,-26.3439],"sphereRadius":51.1304,"stabilizedPalmPosition":[4.84813,297.755,24.2109],"t":[13.7148,77.1195,-71.3769],"timeVisible":0.325467,"type":"right","wrist":[5.85583,269.736,60.4831]}],"id":1684929,"interactionBox":{"center":[0,200,0],"size":[235.247,235.247,147.751]},"pointables":[{"bases":[[[0.766941,0.55383,0.32415],[-0.583429,0.391433,0.711611],[0.267229,-0.734882,0.623327]],[[0.642712,0.758186,0.109889],[-0.689305,0.509703,0.514841],[0.334335,-0.406641,0.850213]],[[0.642712,0.758186,0.109889],[-0.757863,0.608233,0.236],[0.112094,-0.23496,0.96552]],[[0.642712,0.758186,0.109889],[-0.761319,0.648103,-0.0188707],[-0.0855266,-0.0715319,0.993765]]],"btipPosition":[-42.2505,301.498,-35.2652],"carpPosition":[-24.1069,272.106,61.404],"dipPosition":[-44.2126,299.857,-12.4672],"direction":[-0.112094,0.23496,-0.96552],"extended":false,"handId":472,"id":4720,"length":51.0864,"mcpPosition":[-24.1069,272.106,61.404],"pipPosition":[-40.4662,292.004,19.8022],"stabilizedTipPosition":[-45.7854,292.275,-13.643],"timeVisible":0.325467,"tipPosition":[-43.5947,301.25,-29.8426],"tipVelocity":[20.5455,52.6655,-149.089],"tool":false,"touchDistance":0.109108,"touchZone":"hovering","type":0,"width":19.8498},{"bases":[[[0.905038,-0.303434,-0.298049],[0.418086,0.76344,0.492304],[0.0781611,-0.570164,0.817804]],[[0.906236,-0.387978,-0.16796],[0.41927,0.875794,0.239159],[0.0543098,-0.287155,0.956343]],[[0.906236,-0.387978,-0.16796],[0.412967,0.89743,0.15517],[0.0905295,-0.209983,0.973505]],[[0.906236,-0.387978,-0.16796],[0.406385,0.908952,0.0930458],[0.116568,-0.152578,0.981393]]],"btipPosition":[-19.471,348.901,-75.1704],"carpPosition":[-7.45007,288.159,63.5821],"dipPosition":[-17.5188,346.345,-58.7341],"direction":[-0.0905294,0.209983,-0.973505],"extended":true,"handId":472,"id":4721,"length":57.6453,"mcpPosition":[-13.0867,329.277,4.60565],"pipPosition":[-15.3739,341.37,-35.6692],"stabilizedTipPosition":[-20.2263,345.008,-65.4463],"timeVisible":0.325467,"tipPosition":[-19.2311,346.446,-71.6763],"tipVelocity":[29.9032,78.8131,-148.546],"tool":false,"touchDistance":-0.0962602,"touchZone":"hovering","type":1,"width":18.9605},{"bases":[[[0.822654,-0.503348,-0.26435],[0.56669,0.688447,0.452663],[-0.0458557,-0.52219,0.851596]],[[0.823409,-0.49276,-0.281397],[0.170422,0.687752,-0.705658],[0.541252,0.533089,0.650279]],[[0.823409,-0.49276,-0.281397],[-0.503364,-0.405354,-0.763094],[0.261957,0.769984,-0.58181]],[[0.823409,-0.49276,-0.281397],[-0.560322,-0.784396,-0.266012],[-0.0896467,0.37671,-0.921983]]],"btipPosition":[-24.0788,268.262,4.60956],"carpPosition":[4.00869,286.14,60.3726],"dipPosition":[-25.7301,275.202,-12.3739],"direction":[-0.261957,-0.769984,0.58181],"extended":false,"handId":472,"id":4722,"length":65.6822,"mcpPosition":[7.14472,321.852,2.1327],"pipPosition":[-18.4282,296.664,-28.5916],"stabilizedTipPosition":[-26.6068,263.862,10.2638],"timeVisible":0.325467,"tipPosition":[-24.7911,269.581,0.2086],"tipVelocity":[22.8341,64.6477,-126.596],"tool":false,"touchDistance":0.333333,"touchZone":"none","type":2,"width":18.6218},{"bases":[[[0.761864,-0.625162,-0.169516],[0.622266,0.633729,0.459536],[-0.179857,-0.455588,0.871832]],[[0.762874,-0.622561,-0.174471],[0.349242,0.623886,-0.699139],[0.544107,0.472423,0.693371]],[[0.762874,-0.622561,-0.174471],[-0.476206,-0.358515,-0.802929],[0.437322,0.695618,-0.569969]],[[0.762874,-0.622561,-0.174471],[-0.644066,-0.70814,-0.289338],[0.0565806,0.333099,-0.941193]]],"btipPosition":[-11.2942,263.429,5.73491],"carpPosition":[14.4037,281.135,56.9195],"dipPosition":[-10.258,269.53,-11.5028],"direction":[-0.437322,-0.695618,0.569969],"extended":false,"handId":472,"id":4723,"length":63.1552,"mcpPosition":[25.4473,309.109,3.38727],"pipPosition":[1.61729,288.419,-26.98],"stabilizedTipPosition":[-13.4901,256.593,13.2726],"timeVisible":0.325467,"tipPosition":[-10.894,264.674,3.05427],"tipVelocity":[23.3147,72.7596,-124.091],"tool":false,"touchDistance":0.333333,"touchZone":"none","type":3,"width":17.7198},{"bases":[[[0.622568,-0.769749,-0.141054],[0.714837,0.486022,0.502783],[-0.318461,-0.413847,0.852827]],[[0.59048,-0.804694,-0.0616536],[0.525686,0.441459,-0.727165],[0.612362,0.396966,0.683689]],[[0.59048,-0.804694,-0.0616536],[-0.50915,-0.312159,-0.802074],[0.626178,0.505,-0.594034]],[[0.59048,-0.804694,-0.0616536],[-0.780526,-0.549979,-0.297157],[0.205213,0.223588,-0.952836]]],"btipPosition":[2.80219,266.305,7.57542],"carpPosition":[21.3984,270.001,52.2581],"dipPosition":[6.26949,270.083,-8.52384],"direction":[-0.626178,-0.505,0.594034],"extended":false,"handId":472,"id":4724,"length":49.5125,"mcpPosition":[39.4995,293.524,3.78412],"pipPosition":[18.2747,279.765,-19.9128],"stabilizedTipPosition":[1.81691,260.671,11.9391],"timeVisible":0.325467,"tipPosition":[3.57474,267.019,5.03493],"tipVelocity":[22.1036,81.3027,-114.949],"tool":false,"touchDistance":0.333333,"touchZone":"none","type":4,"width":15.7401}],"r":[[0.988923,-0.00761315,0.148235],[0.000585888,0.998876,0.0473922],[-0.14843,-0.0467804,0.987816]],"s":0.963404,"t":[13.7148,77.1195,-71.3769],"timestamp":93485768661},false],[6,{"currentFrameRate":54.2536,"devices":[],"gestures":[],"hands":[{"armBasis":[[0.866817,-0.365018,-0.339692],[0.437739,0.883293,0.167864],[0.238775,-0.294204,0.925436]],"armWidth":62.4607,"confidence":0.597835,"direction":[0.142309,0.609868,-0.779621],"elbow":[68.7985,192.83,304.264],"grabStrength":0,"id":472,"palmNormal":[-0.420163,-0.675936,-0.605454],"palmPosition":[4.66041,303.206,16.6989],"palmVelocity":[-2.63998,61.7406,-102.918],"palmWidth":89.1918,"pinchStrength":0.395423,"r":[[0.987391,0.000973558,0.158298],[-0.00785336,0.999051,0.0428414],[-0.158106,-0.0435444,0.986462]],"s":0.965759,"sphereCenter":[3.04773,274.225,-27.4722],"sphereRadius":50.9865,"stabilizedPalmPosition":[4.8269,298.371,23.3613],"t":[13.6694,78.2065,-73.226],"timeVisible":0.343479,"type":"right","wrist":[5.60345,270.695,59.3344]}],"id":1684930,"interactionBox":{"center":[0,200,0],"size":[235.247,235.247,147.751]},"pointables":[{"bases":[[[0.764211,0.557097,0.325],[-0.588909,0.397245,0.703834],[0.262999,-0.729273,0.631658]],[[0.642507,0.758409,0.109548],[-0.692239,0.513155,0.507422],[0.328619,-0.401856,0.854706]],[[0.642507,0.758409,0.109548],[-0.759296,0.610855,0.224333],[0.103219,-0.227315,0.968336]],[[0.642507,0.758409,0.109548],[-0.761032,0.648255,-0.024413],[-0.0895299,-0.0676839,0.993682]]],"btipPosition":[-41.8421,301.868,-36.9689],"carpPosition":[-24.3666,273.055,60.0124],"dipPosition":[-43.896,300.315,-14.1727],"direction":[-0.103219,0.227315,-0.968336],"extended":false,"handId":472,"id":4720,"length":51.0864,"mcpPosition":[-24.3666,273.055,60.0124],"pipPosition":[-40.4462,292.718,18.1908],"stabilizedTipPosition":[-45.7073,292.483,-14.0499],"timeVisible":0.343479,"tipPosition":[-43.1299,301.54,-31.5918],"tipVelocity":[21.0004,37.9795,-123.265],"tool":false,"touchDistance":0.0807066,"touchZone":"hovering","type":0,"width":19.8498},{"bases":[[[0.907392,-0.305458,-0.288679],[0.414003,0.767946,0.488734],[0.0724024,-0.562987,0.823288]],[[0.907865,-0.387394,-0.160335],[0.416639,0.876325,0.2418],[0.0468331,-0.286324,0.956988]],[[0.907865,-0.387394,-0.160335],[0.410875,0.898188,0.156336],[0.0834468,-0.207809,0.974603]],[[0.907865,-0.387394,-0.160335],[0.404613,0.909753,0.0929389],[0.109861,-0.149249,0.982678]]],"btipPosition":[-18.7458,349.218,-77.0484],"carpPosition":[-7.73518,289.136,62.1743],"dipPosition":[-16.9059,346.718,-60.5906],"direction":[-0.0834468,0.207809,-0.974603],"extended":true,"handId":472,"id":4721,"length":57.6453,"mcpPosition":[-12.9565,329.736,2.80235],"pipPosition":[-14.9288,341.794,-37.4996],"stabilizedTipPosition":[-20.2263,345.008,-65.4463],"timeVisible":0.343479,"tipPosition":[-18.5141,346.789,-73.5468],"tipVelocity":[34.1328,50.1335,-127.426],"tool":false,"touchDistance":-0.127477,"touchZone":"touching","type":1,"width":18.9605},{"bases":[[[0.824869,-0.505122,-0.253855],[0.562937,0.692702,0.45085],[-0.051888,-0.514797,0.855741]],[[0.825745,-0.494688,-0.270978],[0.17522,0.681627,-0.710411],[0.536138,0.539137,0.649529]],[[0.825745,-0.494688,-0.270978],[-0.497665,-0.412868,-0.762804],[0.265472,0.764737,-0.587113]],[[0.825745,-0.494688,-0.270978],[-0.557819,-0.787397,-0.262381],[-0.0835704,0.367817,-0.926136]]],"btipPosition":[-23.895,268.737,3.28076],"carpPosition":[3.74819,287.096,59.0676],"dipPosition":[-25.4344,275.512,-13.7792],"direction":[-0.265472,-0.764737,0.587113],"extended":false,"handId":472,"id":4722,"length":65.6822,"mcpPosition":[7.29676,322.302,0.54417],"pipPosition":[-18.0346,296.829,-30.1446],"stabilizedTipPosition":[-26.4743,264.223,9.65085],"timeVisible":0.343479,"tipPosition":[-24.5758,270.014,-1.13432],"tipVelocity":[17.5243,45.5046,-102.021],"tool":false,"touchDistance":0.333333,"touchZone":"none","type":2,"width":18.6218},{"bases":[[[0.763444,-0.626145,-0.158419],[0.618491,0.63808,0.45861],[-0.186073,-0.448104,0.874403]],[[0.764496,-0.623569,-0.163422],[0.35486,0.618742,-0.70088],[0.538163,0.477828,0.694306]],[[0.764496,-0.623569,-0.163422],[-0.46938,-0.36471,-0.804158],[0.441846,0.691483,-0.57151]],[[0.764496,-0.623569,-0.163422],[-0.641445,-0.710707,-0.288868],[0.0639837,0.325665,-0.943318]]],"btipPosition":[-11.1431,263.914,4.43267],"carpPosition":[14.1713,282.068,55.7353],"dipPosition":[-9.97129,269.878,-12.844],"direction":[-0.441846,-0.691483,0.57151],"extended":false,"handId":472,"id":4723,"length":63.1552,"mcpPosition":[25.5965,309.582,2.04519],"pipPosition":[2.02683,288.655,-28.363],"stabilizedTipPosition":[-13.323,257.148,12.4545],"timeVisible":0.343479,"tipPosition":[-10.7257,265.139,1.72318],"tipVelocity":[17.0606,50.2019,-99.7773],"tool":false,"touchDistance":0.333333,"touchZone":"none","type":3,"width":17.7198},{"bases":[[[0.624019,-0.770564,-0.129735],[0.71082,0.490811,0.503825],[-0.324554,-0.406615,0.854008]],[[0.591365,-0.804835,-0.0502789],[0.531549,0.435932,-0.726236],[0.606419,0.402745,0.685604]],[[0.591365,-0.804835,-0.0502789],[-0.502338,-0.318892,-0.803719],[0.630828,0.500548,-0.592881]],[[0.591365,-0.804835,-0.0502789],[-0.77783,-0.55285,-0.298894],[0.212764,0.215864,-0.952961]]],"btipPosition":[2.9459,266.806,6.38667],"carpPosition":[21.2065,270.898,51.2229],"dipPosition":[6.54079,270.453,-9.71469],"direction":[-0.630828,-0.500548,0.592881],"extended":false,"handId":472,"id":4724,"length":49.5125,"mcpPosition":[39.6539,294.009,2.68175],"pipPosition":[18.6352,280.05,-21.0816],"stabilizedTipPosition":[2.01837,261.389,10.9857],"timeVisible":0.343479,"tipPosition":[3.73911,267.503,3.82832],"tipVelocity":[16.1808,55.1635,-91.759],"tool":false,"touchDistance":0.333333,"touchZone":"none","type":4,"width":15.7401}],"r":[[0.987391,0.000973558,0.158298],[-0.00785336,0.999051,0.