{"sensorType":"Leap","data":[[0,{"currentFrameRate":51.8422,"devices":[],"gestures":[{"center":[-24.8701,276.017,-95.7873],"duration":72098,"handIds":[472],"id":3,"normal":[0.00695433,0.0322557,0.999455],"pointableIds":[4721],"progress":1.03156,"radius":15.9881,"state":"update","type":"circle"}],"hands":[{"armBasis":[[0.946857,0.272465,-0.17095],[-0.220145,0.936435,0.273178],[0.234516,-0.221027,0.946652]],"armWidth":62.4607,"confidence":0.838795,"direction":[-0.0475825,0.457826,-0.887768],"elbow":[71.7808,168.172,300.117],"grabStrength":0,"id":472,"palmNormal":[0.214986,-0.863251,-0.456705],"palmPosition":[0.815986,245.66,0.217537],"palmVelocity":[8.9776,6.42058,24.5918],"palmWidth":89.1918,"pinchStrength":0.21892,"r":[[0.67615,0.672967,0.299895],[-0.620279,0.739613,-0.261204],[-0.397588,-0.00940559,0.917516]],"s":1.08064,"sphereCenter":[-16.2071,222.3,-34.3691],"sphereRadius":49.5514,"stabilizedPalmPosition":[0.505087,245.465,-0.626998],"t":[9.60726,21.619,-92.0223],"timeVisible":3.37134,"type":"right","wrist":[9.71299,226.67,49.5721]}],"id":1685096,"interactionBox":{"center":[0,200,0],"size":[235.247,235.247,147.751]},"pointables":[{"bases":[[[0.190947,0.946996,0.258335],[-0.862617,0.0362944,0.504554],[0.468435,-0.319187,0.823826]],[[0.14463,0.973482,0.177242],[-0.866183,0.0379661,0.498282],[0.47834,-0.225591,0.848705]],[[0.14463,0.973482,0.177242],[-0.96273,0.179816,-0.20203],[-0.228544,-0.141417,0.963208]],[[0.14463,0.973482,0.177242],[-0.868259,0.210768,-0.449115],[-0.474562,-0.0889368,0.875718]]],"btipPosition":[-19.9906,227.86,-47.6977],"carpPosition":[-15.1103,210.055,46.1124],"dipPosition":[-30.8776,225.819,-27.6078],"direction":[0.228544,0.141417,-0.963208],"extended":false,"handId":472,"id":4720,"length":51.0864,"mcpPosition":[-15.1103,210.055,46.1124],"pipPosition":[-38.5159,221.093,4.58432],"stabilizedTipPosition":[-22.4166,227.04,-43.3034],"timeVisible":3.37134,"tipPosition":[-22.749,227.106,-43.0259],"tipVelocity":[-9.67881,41.3652,24.7795],"tool":false,"touchDistance":-0.241217,"touchZone":"touching","type":0,"width":19.8498},{"bases":[[[0.95362,0.286441,-0.0925216],[-0.243861,0.915355,0.320402],[0.176466,-0.282979,0.942753]],[[0.95172,0.289389,-0.102391],[-0.191742,0.820908,0.537908],[0.239718,-0.492305,0.836762]],[[0.95172,0.289389,-0.102391],[-0.237723,0.905853,0.350596],[0.194209,-0.309328,0.930913]],[[0.95172,0.289389,-0.102391],[-0.269024,0.946951,0.175812],[0.147837,-0.139778,0.979084]]],"btipPosition":[-41.9166,283.893,-95.6719],"carpPosition":[-12.0181,233.083,46.0076],"dipPosition":[-39.4407,281.552,-79.2743],"direction":[-0.194209,0.309328,-0.930913],"extended":true,"handId":472,"id":4721,"length":57.6453,"mcpPosition":[-24.744,253.491,-21.9796],"pipPosition":[-34.8393,274.223,-57.2184],"stabilizedTipPosition":[-41.2009,282.554,-92.77],"timeVisible":3.37134,"tipPosition":[-40.9101,283.367,-92.0232],"tipVelocity":[-8.03021,43.5782,46.4842],"tool":false,"touchDistance":-0.212805,"touchZone":"touching","type":1,"width":18.9605},{"bases":[[[0.9962,0.0853047,-0.0175576],[-0.0751958,0.944168,0.320767],[0.0439403,-0.318228,0.946995]],[[0.993445,0.0987064,-0.0576508],[-0.0961079,0.448207,-0.888748],[-0.0618856,0.888464,0.454756]],[[0.993445,0.0987064,-0.0576508],[0.0207307,-0.651554,-0.758319],[-0.112414,0.752153,-0.64933]],[[0.993445,0.0987064,-0.0576508],[0.0727308,-0.934901,-0.347377],[-0.0881862,0.340907,-0.935952]]],"btipPosition":[3.53628,190.734,-6.0168],"carpPosition":[-1.14055,238.194,44.8931],"dipPosition":[1.91184,197.014,-23.2576],"direction":[0.112414,-0.752153,0.64933],"extended":false,"handId":472,"id":4722,"length":65.6822,"mcpPosition":[-4.14559,259.958,-19.8711],"pipPosition":[-1.22162,217.98,-41.3573],"stabilizedTipPosition":[3.16638,191.615,-10.6311],"timeVisible":3.37134,"tipPosition":[3.10042,192.683,-9.65824],"tipVelocity":[-1.19923,5.2282,9.18877],"tool":false,"touchDistance":0.333333,"touchZone":"none","type":2,"width":18.6218},{"bases":[[[0.994623,-0.0338747,0.0978614],[-0.00239065,0.937225,0.348718],[-0.103531,-0.347077,0.932105]],[[0.995763,-0.0298271,0.0869906],[0.090376,0.49232,-0.86571],[-0.0170056,0.869903,0.492929]],[[0.995763,-0.0298271,0.0869906],[0.0504509,-0.613702,-0.787924],[0.0768878,0.788974,-0.609597]],[[0.995763,-0.0298271,0.0869906],[0.0065461,-0.920551,-0.390567],[0.0917288,0.389482,-0.916455]]],"btipPosition":[14.0294,194.961,-1.2795],"carpPosition":[10.6954,240.306,44.2043],"dipPosition":[15.7094,202.094,-18.0641],"direction":[-0.0768878,-0.788974,0.609597],"extended":false,"handId":472,"id":4723,"length":63.1552,"mcpPosition":[17.0524,261.617,-13.0288],"pipPosition":[17.7972,223.518,-34.6174],"stabilizedTipPosition":[14.3537,196.085,-5.80144],"timeVisible":3.37134,"tipPosition":[14.3534,197.074,-4.73344],"tipVelocity":[-0.788799,3.67741,7.3311],"tool":false,"touchDistance":0.333333,"touchZone":"none","type":3,"width":17.7198},{"bases":[[[0.962587,-0.228205,0.146112],[0.143201,0.886176,0.440664],[-0.230043,-0.403254,0.885701]],[[0.937167,-0.264545,0.227451],[0.333413,0.487144,-0.807172],[0.102731,0.83229,0.544738]],[[0.937167,-0.264545,0.227451],[0.0292664,-0.590035,-0.806847],[0.347651,0.762807,-0.545219]],[[0.937167,-0.264545,0.227451],[-0.142109,-0.884867,-0.44364],[0.318626,0.383442,-0.866862]]],"btipPosition":[21.2084,208.377,-0.56153],"carpPosition":[23.7425,235.408,43.5622],"dipPosition":[26.592,214.856,-15.2082],"direction":[-0.347651,-0.762807,0.545219],"extended":false,"handId":472,"id":4724,"length":49.5125,"mcpPosition":[36.818,258.328,-6.78041],"pipPosition":[33.2572,229.481,-25.6612],"stabilizedTipPosition":[22.2463,209.438,-4.52365],"timeVisible":3.37134,"tipPosition":[22.5512,210.32,-3.63677],"tipVelocity":[0.979039,1.72367,7.5894],"tool":false,"touchDistance":0.333333,"touchZone":"none","type":4,"width":15.7401}],"r":[[0.67615,0.672967,0.299895],[-0.620279,0.739613,-0.261204],[-0.397588,-0.00940559,0.917516]],"s":1.08064,"t":[9.60726,21.619,-92.0223],"timestamp":93488814533},true],[1,{"currentFrameRate":52.1506,"devices":[],"gestures":[{"center":[-24.8701,276.017,-95.7873],"duration":72098,"handIds":[472],"id":3,"normal":[0.00695433,0.0322557,0.999455],"pointableIds":[4721],"progress":1.03156,"radius":15.9881,"state":"update","type":"circle"}],"hands":[{"armBasis":[[0.948073,0.267345,-0.172294],[-0.215053,0.937949,0.272035],[0.23433,-0.220857,0.946738]],"armWidth":62.4607,"confidence":0.776897,"direction":[-0.047403,0.464707,-0.884195],"elbow":[71.8272,167.951,300.506],"grabStrength":0,"id":472,"palmNormal":[0.209789,-0.860815,-0.463666],"palmPosition":[0.890487,245.807,0.749066],"palmVelocity":[6.67622,7.23185,26.9003],"palmWidth":89.1918,"pinchStrength":0.212963,"r":[[0.678912,0.669893,0.300537],[-0.619275,0.742353,-0.255755],[-0.394433,-0.0124796,0.91884]],"s":1.08164,"sphereCenter":[-16.467,222.705,-33.9827],"sphereRadius":49.6142,"stabilizedPalmPosition":[0.539885,245.496,-0.502753],"t":[9.73066,21.7567,-91.5236],"timeVisible":3.38938,"type":"right","wrist":[9.80851,226.404,49.939]}],"id":1685097,"interactionBox":{"center":[0,200,0],"size":[235.247,235.247,147.751]},"pointables":[{"bases":[[[0.196089,0.944102,0.26499],[-0.86128,0.0366364,0.506808],[0.46877,-0.32761,0.820321]],[[0.150789,0.970897,0.18607],[-0.864317,0.038125,0.501501],[0.479812,-0.236444,0.844911]],[[0.150789,0.970897,0.18607],[-0.96237,0.187213,-0.196964],[-0.226066,-0.149368,0.962592]],[[0.150789,0.970897,0.18607],[-0.869638,0.219784,-0.442068],[-0.470098,-0.0951543,0.87747]]],"btipPosition":[-20.2398,228.679,-47.2318],"carpPosition":[-15.1022,209.934,46.4122],"dipPosition":[-31.0244,226.496,-27.1017],"direction":[0.226066,0.149368,-0.962592],"extended":false,"handId":472,"id":4720,"length":51.0864,"mcpPosition":[-15.1022,209.934,46.4122],"pipPosition":[-38.5799,221.504,5.06979],"stabilizedTipPosition":[-22.5965,227.713,-42.8879],"timeVisible":3.38938,"tipPosition":[-22.9139,227.84,-42.5634],"tipVelocity":[-11.0199,42.4116,25.5146],"tool":false,"touchDistance":-0.233299,"touchZone":"touching","type":0,"width":19.8498},{"bases":[[[0.954774,0.282553,-0.0925776],[-0.238724,0.91408,0.327824],[0.177251,-0.290898,0.940192]],[[0.952496,0.286149,-0.104262],[-0.186302,0.818278,0.543795],[0.240922,-0.498538,0.832716]],[[0.952496,0.286149,-0.104262],[-0.233123,0.905336,0.354994],[0.195973,-0.313824,0.929036]],[[0.952496,0.286149,-0.104262],[-0.265122,0.947547,0.178509],[0.149873,-0.142387,0.978399]]],"btipPosition":[-41.9813,284.741,-94.7955],"carpPosition":[-11.8995,232.948,46.4731],"dipPosition":[-39.4712,282.357,-78.4093],"direction":[-0.195973,0.313824,-0.929036],"extended":true,"handId":472,"id":4721,"length":57.6453,"mcpPosition":[-24.6821,253.926,-21.3295],"pipPosition":[-34.8281,274.921,-56.3979],"stabilizedTipPosition":[-41.2779,283.175,-92.1091],"timeVisible":3.38938,"tipPosition":[-40.958,284.279,-91.124],"tipVelocity":[-5.71337,44.9464,47.4058],"tool":false,"touchDistance":-0.198241,"touchZone":"touching","type":1,"width":18.9605},{"bases":[[[0.996556,0.0806582,-0.0192236],[-0.0699217,0.942081,0.328016],[0.0445674,-0.325542,0.944477]],[[0.993757,0.0944375,-0.0593953],[-0.0960908,0.454057,-0.885776],[-0.0566816,0.885953,0.460297]],[[0.993757,0.0944375,-0.0593953],[0.015718,-0.645601,-0.763513],[-0.11045,0.757813,-0.643055]],[[0.993757,0.0944375,-0.0593953],[0.0672867,-0.93202,-0.356106],[-0.0889873,0.349886,-0.932556]]],"btipPosition":[3.34798,190.85,-5.86516],"carpPosition":[-1.0001,238.015,45.3718],"dipPosition":[1.70878,197.296,-23.0434],"direction":[0.11045,-0.757813,0.643055],"extended":false,"handId":472,"id":4722,"length":65.6822,"mcpPosition":[-4.04802,260.279,-19.2202],"pipPosition":[-1.36994,218.419,-40.9682],"stabilizedTipPosition":[3.15677,191.65,-10.591],"timeVisible":3.38938,"tipPosition":[2.9087,192.839,-9.51703],"tipVelocity":[-5.67182,6.80645,9.19425],"tool":false,"touchDistance":0.333333,"touchZone":"none","type":2,"width":18.6218},{"bases":[[[0.994669,-0.0393762,0.0953013],[0.00291279,0.934579,0.355745],[-0.103074,-0.353571,0.929711]],[[0.995815,-0.0352051,0.0843339],[0.0906654,0.496342,-0.86338],[-0.0114631,0.867413,0.497457]],[[0.995815,-0.0352051,0.0843339],[0.0455733,-0.608581,-0.792182],[0.0792129,0.79271,-0.60443]],[[0.995815,-0.0352051,0.0843339],[0.00128205,-0.917348,-0.398085],[0.0913782,0.396527,-0.913464]]],"btipPosition":[13.8507,195.007,-1.05881],"carpPosition":[10.8443,240.075,44.6714],"dipPosition":[15.5243,202.269,-17.7887],"direction":[-0.0792129,-0.79271,0.60443],"extended":false,"handId":472,"id":4723,"length":63.1552,"mcpPosition":[17.1733,261.785,-12.4148],"pipPosition":[17.6753,223.795,-34.2017],"stabilizedTipPosition":[14.3505,196.101,-5.77686],"timeVisible":3.38938,"tipPosition":[14.1819,197.143,-4.55492],"tipVelocity":[-5.15126,3.93228,9.98751],"tool":false,"touchDistance":0.333333,"touchZone":"none","type":3,"width":17.7198},{"bases":[[[0.961809,-0.233908,0.142167],[0.148467,0.882144,0.446968],[-0.229961,-0.40879,0.883181]],[[0.936385,-0.270754,0.22333],[0.333881,0.491009,-0.804632],[0.1082,0.828011,0.550173]],[[0.936385,-0.270754,0.22333],[0.0248027,-0.583675,-0.811609],[0.350098,0.765517,-0.539829]],[[0.936385,-0.270754,0.22333],[-0.146966,-0.880317,-0.451046],[0.318724,0.38953,-0.864107]]],"btipPosition":[21.0893,208.397,-0.356365],"carpPosition":[23.8661,235.119,43.9623],"dipPosition":[26.4745,214.979,-14.9564],"direction":[-0.350098,-0.765517,0.539829],"extended":false,"handId":472,"id":4724,"length":49.5125,"mcpPosition":[36.9369,258.354,-6.23697],"pipPosition":[33.1867,229.655,-25.3062],"stabilizedTipPosition":[22.248,209.448,-4.50713],"timeVisible":3.38938,"tipPosition":[22.4369,210.361,-3.42691],"tipVelocity":[-2.6089,2.04586,9.66513],"tool":false,"touchDistance":0.333333,"touchZone":"none","type":4,"width":15.7401}],"r":[[0.678912,0.669893,0.300537],[-0.619275,0.742353,-0.255755],[-0.394433,-0.0124796,0.91884]],"s":1.08164,"t":[9.73066,21.7567,-91.5236],"timestamp":93488832578},true],[2,{"currentFrameRate":52.4037,"devices":[],"gestures":[{"center":[-24.8701,276.017,-95.7873],"duration":72098,"handIds":[472],"id":3,"normal":[0.00695433,0.0322557,0.999455],"pointableIds":[4721],"progress":1.03156,"radius":15.9881,"state":"update","type":"circle"}],"hands":[{"armBasis":[[0.949437,0.262121,-0.172804],[-0.210589,0.939922,0.2687],[0.232854,-0.218723,0.947597]],"armWidth":62.4607,"confidence":0.791844,"direction":[-0.046732,0.471125,-0.880828],"elbow":[71.5426,168.342,301.031],"grabStrength":0,"id":472,"palmNormal":[0.205342,-0.858428,-0.470038],"palmPosition":[1.00596,246.018,1.19814],"palmVelocity":[6.52487,9.3257,25.865],"palmWidth":89.1918,"pinchStrength":0.20442,"r":[[0.68179,0.666409,0.301762],[-0.617883,0.745416,-0.250151],[-0.391642,-0.0159031,0.91998]],"s":1.08257,"sphereCenter":[-16.623,223.135,-33.6824],"sphereRadius":49.6692,"stabilizedPalmPosition":[0.564999,245.524,-0.411102],"t":[9.8501,21.9311,-91.0498],"timeVisible":3.40754,"type":"right","wrist":[9.9146,226.23,50.2364]}],"id":1685098,"interactionBox":{"center":[0,200,0],"size":[235.247,235.247,147.751]},"pointables":[{"bases":[[[0.200591,0.941354,0.271323],[-0.86034,0.0367959,0.508392],[0.468593,-0.335408,0.817265]],[[0.156366,0.968353,0.194529],[-0.862774,0.0380396,0.504157],[0.480802,-0.246667,0.841418]],[[0.156366,0.968353,0.194529],[-0.961954,0.193982,-0.192394],[-0.224041,-0.157044,0.961844]],[[0.156366,0.968353,0.194529],[-0.870886,0.228085,-0.435356],[-0.465947,-0.101337,0.87899]]],"btipPosition":[-20.4218,229.537,-46.8505],"carpPosition":[-15.0728,209.894,46.6325],"dipPosition":[-31.1111,227.213,-26.6855],"direction":[0.224041,0.157044,-0.961844],"extended":false,"handId":472,"id":4720,"length":51.0864,"mcpPosition":[-15.0728,209.894,46.6325],"pipPosition":[-38.5989,221.964,5.461],"stabilizedTipPosition":[-22.7529,228.424,-42.5156],"timeVisible":3.40754,"tipPosition":[-23.0101,228.615,-42.1865],"tipVelocity":[-9.96757,43.8743,23.5722],"tool":false,"touchDistance":-0.226809,"touchZone":"touching","type":0,"width":19.8498},{"bases":[[[0.95585,0.27906,-0.0920709],[-0.234252,0.912773,0.33462],[0.177419,-0.298279,0.937845]],[[0.953139,0.283413,-0.105842],[-0.181774,0.816159,0.548492],[0.241834,-0.50355,0.82943]],[[0.953139,0.283413,-0.105842],[-0.229427,0.90519,0.357763],[0.197202,-0.316715,0.927795]],[[0.953139,0.283413,-0.105842],[-0.262054,0.948257,0.179268],[0.151172,-0.143131,0.97809]]],"btipPosition":[-41.9532,285.511,-94.0759],"carpPosition":[-11.77,232.893,46.8503],"dipPosition":[-39.4214,283.113,-77.6949],"direction":[-0.197202,0.316715,-0.927795],"extended":true,"handId":472,"id":4721,"length":57.6453,"mcpPosition":[-24.5647,254.403,-20.7829],"pipPosition":[-34.7491,275.61,-55.713],"stabilizedTipPosition":[-41.3078,283.748,-91.5307],"timeVisible":3.40754,"tipPosition":[-40.919,285.139,-90.3691],"tipVelocity":[-2.12058,43.634,43.6632],"tool":false,"touchDistance":-0.186269,"touchZone":"touching","type":1,"width":18.9605},{"bases":[[[0.996867,0.076474,-0.0202047],[-0.0653299,0.940041,0.334746],[0.0445926,-0.332377,0.942092]],[[0.994021,0.0907197,-0.0607652],[-0.0957855,0.457329,-0.884124],[-0.0524178,0.884658,0.463284]],[[0.994021,0.0907197,-0.0607652],[0.0117003,-0.641801,-0.766782],[-0.108561,0.761486,-0.639025]],[[0.994021,0.0907197,-0.0607652],[0.0626874,-0.929801,-0.362685],[-0.0894023,0.356708,-0.929928]]],"btipPosition":[3.24947,191.056,-5.6079],"carpPosition":[-0.850432,237.92,45.7678],"dipPosition":[1.60263,197.627,-22.7377],"direction":[0.108561,-0.761486,0.639025],"extended":false,"handId":472,"id":4722,"length":65.6822,"mcpPosition":[-3.90008,260.651,-18.661],"pipPosition":[-1.42346,218.853,-40.5502],"stabilizedTipPosition":[3.14558,191.686,-10.5502],"timeVisible":3.40754,"tipPosition":[2.803,193.058,-9.33939],"tipVelocity":[-5.6002,9.72336,11.8572],"tool":false,"touchDistance":0.333333,"touchZone":"none","type":2,"width":18.6218},{"bases":[[[0.994633,-0.0443549,0.0934754],[0.00751345,0.932028,0.362308],[-0.103192,-0.359661,0.927359]],[[0.995795,-0.0400537,0.0823865],[0.0913454,0.502066,-0.859992],[-0.00691764,0.863901,0.503614]],[[0.995795,-0.0400537,0.0823865],[0.0417255,-0.602323,-0.797161],[0.0815526,0.797247,-0.598119]],[[0.995795,-0.0400537,0.0823865],[-0.00317922,-0.913916,-0.40589],[0.0915518,0.403922,-0.910201]]],"btipPosition":[13.7496,195.135,-1.02305],"carpPosition":[11.0017,239.934,45.0635],"dipPosition":[15.4263,202.533,-17.6931],"direction":[-0.0815526,-0.797247,0.598119],"extended":false,"handId":472,"id":4723,"length":63.1552,"mcpPosition":[17.3379,262.017,-11.8782],"pipPosition":[17.6409,224.182,-33.9348],"stabilizedTipPosition":[14.3444,196.122,-5.75069],"timeVisible":3.40754,"tipPosition":[14.0832,197.3,-4.50032],"tipVelocity":[-5.33194,6.23348,6.52558],"tool":false,"touchDistance":0.333333,"touchZone":"none","type":3,"width":17.7198},{"bases":[[[0.960999,-0.239068,0.139021],[0.152977,0.878322,0.452934],[-0.230388,-0.414002,0.880638]],[[0.935555,-0.276355,0.219921],[0.334676,0.494775,-0.801991],[0.112822,0.823909,0.555378]],[[0.935555,-0.276355,0.219921],[0.0212653,-0.577479,-0.816129],[0.352541,0.76821,-0.534386]],[[0.935555,-0.276355,0.219921],[-0.151017,-0.875906,-0.458238],[0.319266,0.395495,-0.861193]]],"btipPosition":[21.032,208.49,-0.208851],"carpPosition":[24.0008,234.927,44.2994],"dipPosition":[26.4264,215.173,-14.7597],"direction":[-0.352541,-0.76821,0.534386],"extended":false,"handId":472,"id":4724,"length":49.5125,"mcpPosition":[37.0959,258.458,-5.75545],"pipPosition":[33.1854,229.901,-25.0051],"stabilizedTipPosition":[22.2483,209.456,-4.49438],"timeVisible":3.40754,"tipPosition":[22.3842,210.477,-3.27133],"tipVelocity":[-2.81332,4.13382,9.22725],"tool":false,"touchDistance":0.333333,"touchZone":"none","type":4,"width":15.7401}],"r":[[0.68179,0.666409,0.301762],[-0.617883,0.745416,-0.250151],[-0.391642,-0.0159031,0.91998]],"s":1.08257,"t":[9.8501,21.9311,-91.0498],"timestamp":93488850738},true],[3,{"currentFrameRate":52.673,"devices":[],"gestures":[{"center":[-24.8701,276.017,-95.7873],"duration":72098,"handIds":[472],"id":3,"normal":[0.00695433,0.0322557,0.999455],"pointableIds":[4721],"progress":1.03156,"radius":15.9881,"state":"update","type":"circle"}],"hands":[{"armBasis":[[0.950169,0.258565,-0.174133],[-0.20743,0.941393,0.265991],[0.232703,-0.216616,0.948117]],"armWidth":62.4607,"confidence":0.802988,"direction":[-0.0458169,0.477486,-0.877444],"elbow":[71.6248,168.827,301.388],"grabStrength":0,"id":472,"palmNormal":[0.20231,-0.855729,-0.476233],"palmPosition":[1.15854,246.318,1.56461],"palmVelocity":[7.44806,12.8197,23.2516],"palmWidth":89.1918,"pinchStrength":0.197789,"r":[[0.68455,0.662749,0.30357],[-0.616307,0.748582,-0.24452],[-0.389303,-0.0197058,0.920899]],"s":1.08336,"sphereCenter":[-16.6774,223.628,-33.4771],"sphereRadius":49.7191,"stabilizedPalmPosition":[0.589223,245.556,-0.330468],"t":[9.98611,22.1686,-90.6296],"timeVisible":3.42555,"type":"right","wrist":[10.0366,226.157,50.4557]}],"id":1685099,"interactionBox":{"center":[0,200,0],"size":[235.247,235.247,147.751]},"pointables":[{"bases":[[[0.203753,0.938772,0.277833],[-0.859884,0.0359247,0.509224],[0.468064,-0.34266,0.814555]],[[0.160299,0.966067,0.202529],[-0.861942,0.0370144,0.505654],[0.481,-0.255624,0.838627]],[[0.160299,0.966067,0.202529],[-0.961506,0.199219,-0.189259],[-0.223185,-0.164395,0.960814]],[[0.160299,0.966067,0.202529],[-0.871657,0.234822,-0.4302],[-0.463161,-0.107576,0.879721]]],"btipPosition":[-20.456,230.396,-46.5753],"carpPosition":[-15.0048,209.926,46.7534],"dipPosition":[-31.0814,227.928,-26.3936],"direction":[0.223185,0.164395,-0.960814],"extended":false,"handId":472,"id":4720,"length":51.0864,"mcpPosition":[-15.0048,209.926,46.7534],"pipPosition":[-38.5406,222.434,5.71849],"stabilizedTipPosition":[-22.8303,229.163,-42.2092],"timeVisible":3.42555,"tipPosition":[-22.9883,229.412,-41.9162],"tipVelocity":[-5.75665,44.8096,19.7436],"tool":false,"touchDistance":-0.222159,"touchZone":"touching","type":0,"width":19.8498},{"bases":[[[0.956669,0.276676,-0.0907461],[-0.231136,0.911122,0.341222],[0.177089,-0.305462,0.935592]],[[0.953509,0.281846,-0.10669],[-0.178766,0.813994,0.552681],[0.242616,-0.507914,0.826535]],[[0.953509,0.281846,-0.10669],[-0.22732,0.905082,0.359377],[0.197852,-0.318416,0.927074]],[[0.953509,0.281846,-0.10669],[-0.260525,0.948865,0.178273],[0.15148,-0.142189,0.97818]]],"btipPosition":[-41.8419,286.256,-93.4948],"carpPosition":[-11.629,232.912,47.1316],"dipPosition":[-39.3049,283.874,-77.1123],"direction":[-0.197852,0.318416,-0.927074],"extended":true,"handId":472,"id":4721,"length":57.6453,"mcpPosition":[-24.3999,254.94,-20.3392],"pipPosition":[-34.6172,276.33,-55.1474],"stabilizedTipPosition":[-41.2936,284.312,-91.0117],"timeVisible":3.42555,"tipPosition":[-40.8066,285.994,-89.7436],"tipVelocity":[1.84575,42.6612,38.2742],"tool":false,"touchDistance":-0.176577,"touchZone":"touching","type":1,"width":18.9605},{"bases":[[[0.997091,0.0734579,-0.0203415],[-0.0621284,0.937853,0.341426],[0.0441578,-0.339169,0.939688]],[[0.994239,0.0880924,-0.0610595],[-0.0950284,0.46096,-0.882318],[-0.0495796,0.883038,0.466676]],[[0.994239,0.0880924,-0.0610595],[0.00917779,-0.637543,-0.77036],[-0.106791,0.765362,-0.634679]],[[0.994239,0.0880924,-0.0610595],[0.0594671,-0.927308,-0.369546],[-0.0891751,0.363786,-0.927204]]],"btipPosition":[3.24779,191.351,-5.46576],"carpPosition":[-0.694217,237.912,46.0772],"dipPosition":[1.60513,198.052,-22.5454],"direction":[0.106791,-0.765362,0.634679],"extended":false,"handId":472,"id":4722,"length":65.6822,"mcpPosition":[-3.71413,261.107,-18.1873],"pipPosition":[-1.3716,219.386,-40.2367],"stabilizedTipPosition":[3.13511,191.732,-10.5063],"timeVisible":3.42555,"tipPosition":[2.79937,193.37,-9.25795],"tipVelocity":[-2.96504,13.6511,10.2822],"tool":false,"touchDistance":0.333333,"touchZone":"none","type":2,"width":18.6218},{"bases":[[[0.994549,-0.048164,0.0924832],[0.0107073,0.929415,0.368882],[-0.103722,-0.365881,0.924864]],[[0.995737,-0.043708,0.0812216],[0.0921628,0.506378,-0.857372],[-0.00365479,0.861203,0.508248]],[[0.995737,-0.043708,0.0812216],[0.0391239,-0.597297,-0.801065],[0.0835264,0.800828,-0.593041]],[[0.995737,-0.043708,0.0812216],[-0.00632179,-0.910862,-0.412663],[0.0920183,0.41039,-0.907256]]],"btipPosition":[13.7392,195.378,-0.949037],"carpPosition":[11.1638,239.893,45.3791],"dipPosition":[15.4245,202.895,-17.5652],"direction":[-0.0835264,-0.800828,0.593041],"extended":false,"handId":472,"id":4723,"length":63.1552,"mcpPosition":[17.5325,262.358,-11.4094],"pipPosition":[17.6926,224.641,-33.6689],"stabilizedTipPosition":[14.337,196.156,-5.71749],"timeVisible":3.42555,"tipPosition":[14.079,197.563,-4.45439],"tipVelocity":[-3.02723,10.4022,5.70723],"tool":false,"touchDistance":0.333333,"touchZone":"none","type":3,"width":17.7198},{"bases":[[[0.960327,-0.243087,0.136675],[0.15606,0.874609,0.459026],[-0.23112,-0.419486,0.877847]],[[0.934861,-0.28081,0.21721],[0.335586,0.499373,-0.798754],[0.11583,0.819617,0.561081]],[[0.934861,-0.28081,0.21721],[0.0193496,-0.570622,-0.820985],[0.354486,0.77171,-0.528019]],[[0.934861,-0.28081,0.21721],[-0.153426,-0.871321,-0.466112],[0.320148,0.402425,-0.857647]]],"btipPosition":[21.0629,208.69,-0.158427],"carpPosition":[24.1465,234.85,44.5707],"dipPosition":[26.4722,215.49,-14.6494],"direction":[-0.354486,-0.77171,0.528019],"extended":false,"handId":472,"id":4724,"length":49.5125,"mcpPosition":[37.2831,258.693,-5.32541],"pipPosition":[33.2684,230.285,-24.7727],"stabilizedTipPosition":[22.2492,209.469,-4.4783],"timeVisible":3.42555,"tipPosition":[22.4169,210.703,-3.2008],"tipVelocity":[-0.578151,8.14109,6.54388],"tool":false,"touchDistance":0.333333,"touchZone":"none","type":4,"width":15.7401}],"r":[[0.68455,0.662749,0.30357],[-0.616307,0.748582,-0.24452],[-0.389303,-0.0197058,0.920899]],"s":1.08336,"t":[9.98611,22.1686,-90.6296],"timestamp":93488868746},true],[4,{"currentFrameRate":52.8951,"devices":[],"gestures":[{"center":[-24.8701,276.017,-95.7873],"duration":72098,"handIds":[472],"id":3,"normal":[0.00695433,0.0322557,0.999455],"pointableIds":[4721],"progress":1.03156,"radius":15.9881,"state":"update","type":"circle"}],"hands":[{"armBasis":[[0.951353,0.253764,-0.174732],[-0.202921,0.942817,0.264423],[0.231841,-0.216103,0.948446]],"armWidth":62.4607,"confidence":0.810205,"direction":[-0.043864,0.48254,-0.874775],"elbow":[71.5848,169.061,301.655],"grabStrength":0,"id":472,"palmNormal":[0.198153,-0.854019,-0.481026],"palmPosition":[1.4255,246.728,1.85939],"palmVelocity":[10.9199,17.4941,19.9367],"palmWidth":89.1918,"pinchStrength":0.191364,"r":[[0.687392,0.658827,0.305679],[-0.614342,0.75193,-0.239134],[-0.387397,-0.0234123,0.921616]],"s":1.08406,"sphereCenter":[-16.6484,224.186,-33.3263],"sphereRadius":49.7719,"stabilizedPalmPosition":[0.628112,245.611,-0.228633],"t":[10.1876,22.4924,-90.2722],"timeVisible":3.44366,"type":"right","wrist":[10.2248,226.256,50.6352]}],"id":1685100,"interactionBox":{"center":[0,200,0],"size":[235.247,235.247,147.751]},"pointables":[{"bases":[[[0.20823,0.936259,0.282948],[-0.859544,0.0371278,0.509712],[0.466717,-0.349343,0.812487]],[[0.16594,0.963594,0.209641],[-0.860915,0.0378808,0.507336],[0.480925,-0.264671,0.835859]],[[0.16594,0.963594,0.209641],[-0.960827,0.205839,-0.185583],[-0.221979,-0.170634,0.960005]],[[0.16594,0.963594,0.209641],[-0.872368,0.242568,-0.424423],[-0.459824,-0.112456,0.880861]]],"btipPosition":[-20.4578,231.396,-46.3405],"carpPosition":[-14.8934,210.162,46.8519],"dipPosition":[-31.0066,228.816,-26.1326],"direction":[0.221979,0.170634,-0.960005],"extended":false,"handId":472,"id":4720,"length":51.0864,"mcpPosition":[-14.8934,210.162,46.8519],"pipPosition":[-38.4255,223.113,5.95243],"stabilizedTipPosition":[-22.8585,230.023,-41.9382],"timeVisible":3.44366,"tipPosition":[-22.9066,230.341,-41.6868],"tipVelocity":[-2.60281,49.0876,16.6802],"tool":false,"touchDistance":-0.218145,"touchZone":"touching","type":0,"width":19.8498},{"bases":[[[0.957923,0.272698,-0.089546],[-0.226764,0.910292,0.346334],[0.175958,-0.311455,0.933828]],[[0.954282,0.278764,-0.107874],[-0.174767,0.81313,0.555227],[0.242492,-0.51099,0.824674]],[[0.954282,0.278764,-0.107874],[-0.224132,0.906106,0.358798],[0.197765,-0.318217,0.927161]],[[0.954282,0.278764,-0.107874],[-0.257847,0.950267,0.174664],[0.151199,-0.138864,0.978701]]],"btipPosition":[-41.5293,286.975,-93.0756],"carpPosition":[-11.41,233.13,47.356],"dipPosition":[-38.9971,284.649,-76.6843],"direction":[-0.197765,0.318217,-0.927161],"extended":true,"handId":472,"id":4721,"length":57.6453,"mcpPosition":[-24.0993,255.591,-19.9876],"pipPosition":[-34.3115,277.11,-54.7174],"stabilizedTipPosition":[-41.1939,284.924,-90.5213],"timeVisible":3.44366,"tipPosition":[-40.495,286.836,-89.2752],"tipVelocity":[9.1519,41.6088,31.1357],"tool":false,"touchDistance":-0.169557,"touchZone":"touching","type":1,"width":18.9605},{"bases":[[[0.997417,0.0689073,-0.0202798],[-0.0576325,0.936231,0.346627],[0.0428717,-0.344563,0.937784]],[[0.994612,0.083816,-0.0610143],[-0.0931991,0.465117,-0.880329],[-0.0454069,0.881272,0.470422]],[[0.994612,0.083816,-0.0610143],[0.0059045,-0.633375,-0.773823],[-0.103504,0.769293,-0.630457]],[[0.994612,0.083816,-0.0610143],[0.0549351,-0.92521,-0.375458],[-0.0879204,0.370083,-0.924829]]],"btipPosition":[3.26575,191.75,-5.4257],"carpPosition":[-0.452316,238.085,46.3255],"dipPosition":[1.6462,198.567,-22.4616],"direction":[0.103504,-0.769293,0.630457],"extended":false,"handId":472,"id":4722,"length":65.6822,"mcpPosition":[-3.38428,261.649,-17.8088],"pipPosition":[-1.2389,220.011,-40.0352],"stabilizedTipPosition":[3.12392,191.805,-10.4525],"timeVisible":3.44366,"tipPosition":[2.82383,193.792,-9.23021],"tipVelocity":[-0.942932,18.3536,6.70814],"tool":false,"touchDistance":0.333333,"touchZone":"none","type":2,"width":18.6218},{"bases":[[[0.994342,-0.0533234,0.0918717],[0.0151718,0.927301,0.37401],[-0.105136,-0.3705,0.922863]],[[0.995569,-0.0487256,0.0804222],[0.0940287,0.509369,-0.855396],[0.000715025,0.859167,0.511694]],[[0.995569,-0.0487256,0.0804222],[0.035902,-0.593505,-0.804029],[0.0869078,0.803354,-0.589126]],[[0.995569,-0.0487256,0.0804222],[-0.0106987,-0.908412,-0.417939],[0.0934208,0.415227,-0.904908]]],"btipPosition":[13.7679,195.715,-0.871286],"carpPosition":[11.4146,240.014,45.6342],"dipPosition":[15.4789,203.32,-17.4445],"direction":[-0.0869078,-0.803354,0.589126],"extended":false,"handId":472,"id":4723,"length":63.1552,"mcpPosition":[17.8702,262.763,-11.0314],"pipPosition":[17.8388,225.135,-33.4419],"stabilizedTipPosition":[14.3296,196.211,-5.67399],"timeVisible":3.44366,"tipPosition":[14.1179,197.912,-4.4036],"tipVelocity":[-0.676454,14.8377,5.2952],"tool":false,"touchDistance":0.333333,"touchZone":"none","type":3,"width":17.7198},{"bases":[[[0.959224,-0.248325,0.134997],[0.160295,0.871318,0.4638],[-0.232799,-0.423249,0.875594]],[[0.933667,-0.2863,0.215171],[0.337455,0.502028,-0.796299],[0.119959,0.816088,0.56534]],[[0.933667,-0.2863,0.215171],[0.0166158,-0.565522,-0.824566],[0.357757,0.773445,-0.523252]],[[0.933667,-0.2863,0.215171],[-0.157221,-0.867462,-0.472007],[0.321788,0.406868,-0.854933]]],"btipPosition":[21.1516,208.983,-0.0925369],"carpPosition":[24.3733,234.915,44.7935],"dipPosition":[26.5886,215.858,-14.5376],"direction":[-0.357757,-0.773445,0.523252],"extended":false,"handId":472,"id":4724,"length":49.5125,"mcpPosition":[37.6054,258.972,-4.97461],"pipPosition":[33.4476,230.686,-24.5695],"stabilizedTipPosition":[22.2529,209.495,-4.45284],"timeVisible":3.44366,"tipPosition":[22.5119,211.011,-3.12514],"tipVelocity":[2.19495,12.4165,5.43958],"tool":false,"touchDistance":0.333333,"touchZone":"none","type":4,"width":15.7401}],"r":[[0.687392,0.658827,0.305679],[-0.614342,0.75193,-0.239134],[-0.387397,-0.0234123,0.921616]],"s":1.08406,"t":[10.1876,22.4924,-90.2722],"timestamp":93488886849},true],[5,{"currentFrameRate":53.1083,"devices":[],"gestures":[{"center":[-24.8701,276.017,-95.7873],"duration":72098,"handIds":[472],"id":3,"normal":[0.00695433,0.0322557,0.999455],"pointableIds":[4721],"progress":1.03156,"radius":15.9881,"state":"update","type":"circle"}],"hands":[{"armBasis":[[0.953557,0.247893,-0.17111],[-0.198485,0.944411,0.26209],[0.226568,-0.215955,0.949753]],"armWidth":62.4607,"confidence":0.81137,"direction":[-0.0421025,0.492129,-0.869504],"elbow":[70.5066,169.233,302.072],"grabStrength":0,"id":472,"palmNormal":[0.194087,-0.849668,-0.4903],"palmPosition":[1.81213,247.426,2.15846],"palmVelocity":[15.9,27.5167,18.3321],"palmWidth":89.1918,"pinchStrength":0.182895,"r":[[0.690279,0.654389,0.30869],[-0.612096,0.755638,-0.233129],[-0.385815,-0.0280236,0.92215]],"s":1.08468,"sphereCenter":[-16.4639,225.203,-33.289],"sphereRadius":49.8135,"stabilizedPalmPosition":[0.70962,245.736,-0.0643054],"t":[10.4816,23.0029,-89.9439],"timeVisible":3.46172,"type":"right","wrist":[10.5421,226.389,50.7064]}],"id":1685101,"interactionBox":{"center":[0,200,0],"size":[235.247,235.247,147.751]},"pointables":[{"bases":[[[0.21257,0.932211,0.292909],[-0.85913,0.0354936,0.510525],[0.465521,-0.36017,0.808436]],[[0.171543,0.95985,0.221947],[-0.859755,0.035855,0.509446],[0.481034,-0.278212,0.831387]],[[0.171543,0.95985,0.221947],[-0.960039,0.213436,-0.181027],[-0.221131,-0.182024,0.958107]],[[0.171543,0.95985,0.221947],[-0.873942,0.252253,-0.415445],[-0.454751,-0.122702,0.882125]]],"btipPosition":[-20.3644,232.962,-46.1763],"carpPosition":[-14.65,210.45,46.7629],"dipPosition":[-30.7969,230.147,-25.9394],"direction":[0.221131,0.182024,-0.958107],"extended":false,"handId":472,"id":4720,"length":51.0864,"mcpPosition":[-14.65,210.45,46.7629],"pipPosition":[-38.1875,224.064,6.08222],"stabilizedTipPosition":[-22.8068,231.274,-41.7109],"timeVisible":3.46172,"tipPosition":[-22.7205,231.805,-41.5282],"tipVelocity":[1.79194,65.5425,13.2517],"tool":false,"touchDistance":-0.215297,"touchZone":"touching","type":0,"width":19.8498},{"bases":[[[0.959098,0.269342,-0.0870971],[-0.222507,0.907517,0.356236],[0.174992,-0.322286,0.930328]],[[0.95499,0.276409,-0.107664],[-0.170951,0.809446,0.561759],[0.242423,-0.518069,0.820266]],[[0.95499,0.276409,-0.107664],[-0.221289,0.905543,0.361972],[0.197547,-0.321855,0.925951]],[[0.95499,0.276409,-0.107664],[-0.255573,0.950931,0.174394],[0.150585,-0.139028,0.978772]]],"btipPosition":[-41.0944,288.409,-92.4535],"carpPosition":[-11.0632,233.395,47.5125],"dipPosition":[-38.5724,286.08,-76.0611],"direction":[-0.197547,0.321855,-0.925951],"extended":true,"handId":472,"id":4721,"length":57.6453,"mcpPosition":[-23.6828,256.637,-19.5787],"pipPosition":[-33.892,278.455,-54.1228],"stabilizedTipPosition":[-40.9756,285.871,-89.9309],"timeVisible":3.46172,"tipPosition":[-40.0721,288.385,-88.5983],"tipVelocity":[16.179,59.5275,32.7129],"tool":false,"touchDistance":-0.159184,"touchZone":"touching","type":1,"width":18.9605},{"bases":[[[0.997707,0.0646418,-0.0200505],[-0.0532605,0.932691,0.356722],[0.04176,-0.354836,0.933996]],[[0.994932,0.0800751,-0.0608173],[-0.0916124,0.47256,-0.876524],[-0.0414479,0.877653,0.477501]],[[0.994932,0.0800751,-0.0608173],[0.00272179,-0.626057,-0.779772],[-0.100515,0.775655,-0.623102]],[[0.994932,0.0800751,-0.0608173],[0.0505826,-0.921305,-0.385537],[-0.0869032,0.380507,-0.920686]]],"btipPosition":[3.42125,192.481,-5.57806],"carpPosition":[-0.0837608,238.312,46.5298],"dipPosition":[1.82044,199.49,-22.5376],"direction":[0.100515,-0.775655,0.623102],"extended":false,"handId":472,"id":4722,"length":65.6822,"mcpPosition":[-2.93969,262.579,-17.3454],"pipPosition":[-0.981371,221.111,-39.9063],"stabilizedTipPosition":[3.11981,191.938,-10.396],"timeVisible":3.46172,"tipPosition":[2.98254,194.557,-9.42017],"tipVelocity":[3.70697,30.0274,-0.0222826],"tool":false,"touchDistance":0.333333,"touchZone":"none","type":2,"width":18.6218},{"bases":[[[0.994135,-0.0587752,0.0907794],[0.0195156,0.92314,0.383969],[-0.10637,-0.379946,0.918872]],[[0.995386,-0.0540253,0.0792961],[0.0958288,0.518039,-0.849972],[0.00484149,0.853649,0.520826]],[[0.995386,-0.0540253,0.0792961],[0.0328258,-0.58482,-0.810498],[0.0901614,0.809362,-0.580348]],[[0.995386,-0.0540253,0.0792961],[-0.0149513,-0.903659,-0.427992],[0.094779,0.424832,-0.900297]]],"btipPosition":[13.9265,196.379,-1.12998],"carpPosition":[11.7914,240.195,45.8533],"dipPosition":[15.6624,204.159,-17.6187],"direction":[-0.0901614,-0.809362,0.580348],"extended":false,"handId":472,"id":4723,"length":63.1552,"mcpPosition":[18.3227,263.524,-10.5674],"pipPosition":[18.1107,226.137,-33.3778],"stabilizedTipPosition":[14.3294,196.313,-5.63465],"timeVisible":3.46172,"tipPosition":[14.284,198.61,-4.6416],"tipVelocity":[3.96528,26.3068,-3.51109],"tool":false,"touchDistance":0.333333,"touchZone":"none","type":3,"width":17.7198},{"bases":[[[0.958161,-0.254071,0.13182],[0.164428,0.865542,0.473076],[-0.23429,-0.431608,0.871104]],[[0.932514,-0.292737,0.211477],[0.339182,0.508903,-0.791185],[0.123988,0.80952,0.57385]],[[0.932514,-0.292737,0.211477],[0.0138545,-0.556162,-0.830958],[0.360868,0.77781,-0.514573]],[[0.932514,-0.292737,0.211477],[-0.160994,-0.861165,-0.482158],[0.323262,0.415573,-0.850177]]],"btipPosition":[21.3655,209.587,-0.221513],"carpPosition":[24.7266,235.047,44.951],"dipPosition":[26.8274,216.609,-14.5862],"direction":[-0.360868,-0.77781,0.514573],"extended":false,"handId":472,"id":4724,"length":49.5125,"mcpPosition":[38.0435,259.58,-4.5619],"pipPosition":[33.746,231.521,-24.4518],"stabilizedTipPosition":[22.2662,209.556,-4.41946],"timeVisible":3.46172,"tipPosition":[22.7318,211.645,-3.23411],"tipVelocity":[6.92825,23.3,-0.0492131],"tool":false,"touchDistance":0.333333,"touchZone":"none","type":4,"width":15.7401}],"r":[[0.690279,0.654389,0.30869],[-0.612096,0.755638,-0.233129],[-0.385815,-0.0280236,0.92215]],"s":1.08468,"t":[10.4816,23.0029,-89.9439],"timestamp":93488904911},false],[6,{"currentFrameRate":53.2966,"devices":[],"gestures":[{"center":[-24.8701,276.017,-95.7873],"duration":72098,"handIds":[472],"id":3,"normal":[0.00695433,0.0322557,0.999455],"pointableIds":[4721],"progress":1.03156,"radius":15.9881,"state":"update","type":"circle"}],"hands":[{"armBasis":[[0.954067,0.242627,-0.175753],[-0.193036,0.94647,0.258712],[0.229116,-0.212901,0.949831]],"armWidth":62.4607,"confidence":0.627081,"direction":[-0.0390851,0.507435,-0.860803],"elbow":[71.5105,170.118,302.119],"grabStrength":0,"id":472,"palmNormal":[0.189453,-0.842073,-0.504996],"palmPosition":[2.27428,248.394,2.55712],"palmVelocity":[20.4878,39.8862,20.0948],"palmWidth":89.1918,"pinchStrength":0.179737,"r":[[0.693299,0.648948,0.313373],[-0.609414,0.76005,-0.225694],[-0.384643,-0.0345,0.922421]],"s":1.08515,"sphereCenter":[-16.1937,226.762,-33.29],"sphereRadius":49.8494,"stabilizedPalmPosition":[0.864645,245.999,0.195422],"t":[10.8598,23.7423,-89.5804],"timeVisible":3.4798,"type":"right","wrist":[10.8719,226.466,50.7327]}],"id":1685102,"interactionBox":{"center":[0,200,0],"size":[235.247,235.247,147.751]},"pointables":[{"bases":[[[0.217718,0.925756,0.309152],[-0.859065,0.0314205,0.510901],[0.463256,-0.376814,0.802126]],[[0.177155,0.95468,0.239168],[-0.859567,0.0317303,0.510036],[0.479333,-0.295936,0.826233]],[[0.177155,0.95468,0.239168],[-0.95873,0.22231,-0.177245],[-0.222382,-0.197898,0.954664]],[[0.177155,0.95468,0.239168],[-0.873115,0.264598,-0.409461],[-0.454187,-0.136283,0.880421]]],"btipPosition":[-20.0105,234.961,-46.0256],"carpPosition":[-14.4082,210.74,46.5072],"dipPosition":[-30.4301,231.835,-25.8278],"direction":[0.222382,0.197898,-0.954664],"extended":false,"handId":472,"id":4720,"length":51.0864,"mcpPosition":[-14.4082,210.74,46.5072],"pipPosition":[-37.8625,225.221,6.07873],"stabilizedTipPosition":[-22.5725,233.014,-41.517],"timeVisible":3.4798,"tipPosition":[-22.3552,233.732,-41.3961],"tipVelocity":[10.319,85.0443,10.6759],"tool":false,"touchDistance":-0.212935,"touchZone":"touching","type":0,"width":19.8498},{"bases":[[[0.960621,0.265424,-0.0822053],[-0.217509,0.902408,0.371955],[0.172908,-0.339427,0.924604]],[[0.956065,0.273712,-0.104978],[-0.166776,0.802341,0.573092],[0.241091,-0.530406,0.812739]],[[0.956065,0.273712,-0.104978],[-0.217865,0.90301,0.370281],[0.196147,-0.331141,0.922969]],[[0.956065,0.273712,-0.104978],[-0.252527,0.950833,0.179295],[0.148892,-0.144908,0.978178]]],"btipPosition":[-40.4562,290.736,-91.4983],"carpPosition":[-10.6928,233.648,47.6573],"dipPosition":[-37.9626,288.309,-75.1159],"direction":[-0.196147,0.331141,-0.922969],"extended":true,"handId":472,"id":4721,"length":57.6453,"mcpPosition":[-23.1622,258.126,-19.0211],"pipPosition":[-33.3153,280.463,-53.2482],"stabilizedTipPosition":[-40.5614,287.503,-89.097],"timeVisible":3.4798,"tipPosition":[-39.4528,290.805,-87.583],"tipVelocity":[25.0911,91.7917,42.2048],"tool":false,"touchDistance":-0.143303,"touchZone":"touching","type":1,"width":18.9605},{"bases":[[[0.99806,0.0593721,-0.0187289],[-0.0481244,0.926618,0.372911],[0.0394951,-0.371287,0.927678]],[[0.99537,0.0755888,-0.0593716],[-0.0887982,0.486733,-0.869026],[-0.0367905,0.870274,0.491191]],[[0.99537,0.0755888,-0.0593716],[-0.000571695,-0.613029,-0.79006],[-0.0961162,0.786436,-0.610147]],[[0.99537,0.0755888,-0.0593716],[0.0455043,-0.914672,-0.401628],[-0.0846641,0.397067,-0.913876]]],"btipPosition":[3.59033,193.557,-6.04665],"carpPosition":[0.314341,238.519,46.7625],"dipPosition":[2.03076,200.871,-22.8808],"direction":[0.0961162,-0.786436,0.610147],"extended":false,"handId":472,"id":4722,"length":65.6822,"mcpPosition":[-2.38669,263.911,-16.6806],"pipPosition":[-0.648422,222.792,-39.8883],"stabilizedTipPosition":[3.1272,192.156,-10.3645],"timeVisible":3.4798,"tipPosition":[3.16201,195.692,-9.88902],"tipVelocity":[6.6379,45.8619,-11.5697],"tool":false,"touchDistance":0.333333,"touchZone":"none","type":2,"width":18.6218},{"bases":[[[0.993763,-0.0659354,0.0899327],[0.024589,0.916184,0.400003],[-0.108769,-0.395297,0.912091]],[[0.995088,-0.060812,0.0781165],[0.0984781,0.527421,-0.843877],[0.0101176,0.847425,0.530819]],[[0.995088,-0.060812,0.0781165],[0.0291232,-0.574341,-0.818098],[0.0946157,0.816354,-0.569749]],[[0.995088,-0.060812,0.0781165],[-0.0201247,-0.89687,-0.441836],[0.0969293,0.438093,-0.893689]]],"btipPosit