{"sensorType":"Leap","data":[[0,{"currentFrameRate":55.3704,"devices":[],"gestures":[],"hands":[{"armBasis":[[0.952745,0.263987,-0.150293],[-0.222579,0.943363,0.246019],[0.206727,-0.200941,0.957542]],"armWidth":62.4607,"confidence":0.758116,"direction":[-0.0308087,0.617823,-0.785714],"elbow":[71.3273,171.605,306.07],"grabStrength":0,"id":472,"palmNormal":[0.229136,-0.760787,-0.607207],"palmPosition":[8.684,252.783,7.59925],"palmVelocity":[2.79893,23.9741,12.9976],"palmWidth":89.1918,"pinchStrength":0.238372,"r":[[0.67049,0.604471,0.430183],[-0.620707,0.774643,-0.121044],[-0.406406,-0.185859,0.89459]],"s":1.05206,"sphereCenter":[-4.86767,232.171,-32.8405],"sphereRadius":48.6948,"stabilizedPalmPosition":[7.76186,250.124,5.44233],"t":[17.6021,28.4485,-84.4043],"timeVisible":5.19721,"type":"right","wrist":[16.6141,224.787,52.6432]}],"id":1685197,"interactionBox":{"center":[0,200,0],"size":[235.247,235.247,147.751]},"pointables":[{"bases":[[[0.180537,0.880999,0.437318],[-0.873439,-0.0608271,0.48312],[0.452229,-0.469192,0.758517]],[[0.13399,0.923841,0.358558],[-0.866827,-0.0660901,0.49421],[0.480268,-0.377027,0.791955]],[[0.13399,0.923841,0.358558],[-0.963672,0.205828,-0.170211],[-0.231049,-0.322726,0.917859]],[[0.13399,0.923841,0.358558],[-0.869723,0.283057,-0.404302],[-0.475003,-0.257674,0.841413]]],"btipPosition":[-12.9252,244.252,-43.1811],"carpPosition":[-8.0443,209.107,45.5495],"dipPosition":[-23.8223,238.341,-23.8782],"direction":[0.231049,0.322726,-0.917859],"extended":false,"handId":472,"id":4720,"length":51.0864,"mcpPosition":[-8.0443,209.107,45.5495],"pipPosition":[-31.5443,227.555,6.79829],"stabilizedTipPosition":[-15.4528,241.761,-39.2494],"timeVisible":5.19721,"tipPosition":[-15.6737,243.148,-38.7018],"tipVelocity":[-1.93748,33.3,14.7186],"tool":false,"touchDistance":-0.0958624,"touchZone":"touching","type":0,"width":19.8498},{"bases":[[[0.953922,0.299655,-0.0154729],[-0.255338,0.837767,0.482648],[0.157591,-0.456458,0.875678]],[[0.941925,0.328165,-0.0713061],[-0.239751,0.805808,0.541473],[0.235151,-0.492931,0.837689]],[[0.941925,0.328165,-0.0713061],[-0.294729,0.909593,0.292875],[0.160971,-0.254851,0.953488]],[[0.941925,0.328165,-0.0713061],[-0.323279,0.943557,0.0720543],[0.090927,-0.0448181,0.994849]]],"btipPosition":[-31.672,292.206,-87.7999],"carpPosition":[-5.06754,231.74,49.8804],"dipPosition":[-30.1491,291.455,-71.1383],"direction":[-0.160971,0.254851,-0.953488],"extended":true,"handId":472,"id":4721,"length":57.6453,"mcpPosition":[-16.4323,264.658,-13.2697],"pipPosition":[-26.3353,285.417,-48.5476],"stabilizedTipPosition":[-31.5188,290.773,-84.731],"timeVisible":5.19721,"tipPosition":[-31.5552,293.46,-83.2898],"tipVelocity":[1.21296,31.5843,17.2566],"tool":false,"touchDistance":-0.0916624,"touchZone":"touching","type":1,"width":18.9605},{"bases":[[[0.995901,0.0879922,0.020925],[-0.0868688,0.866141,0.492192],[0.025185,-0.491993,0.870235]],[[0.994505,0.104368,-0.00813843],[-0.0730025,0.635706,-0.768471],[-0.07503,0.764843,0.639833]],[[0.994505,0.104368,-0.00813843],[0.0430679,-0.478766,-0.876885],[-0.0954149,0.871717,-0.48063]],[[0.994505,0.104368,-0.00813843],[0.0850346,-0.850729,-0.51868],[-0.0610571,0.515138,-0.854929]]],"btipPosition":[11.4123,200.702,-10.6044],"carpPosition":[5.80532,236.98,49.9953],"dipPosition":[10.2876,210.191,-26.3527],"direction":[0.095415,-0.871717,0.48063],"extended":false,"handId":472,"id":4722,"length":65.6822,"mcpPosition":[4.08294,270.627,-9.51931],"pipPosition":[7.62794,234.489,-39.75],"stabilizedTipPosition":[9.80107,198.209,-15.9514],"timeVisible":5.19721,"tipPosition":[11.1443,202.83,-14.0134],"tipVelocity":[1.71259,27.4447,13.282],"tool":false,"touchDistance":0.333333,"touchZone":"none","type":2,"width":18.6218},{"bases":[[[0.992449,-0.0509131,0.111596],[-0.0146471,0.854089,0.51992],[-0.121783,-0.517628,0.846894]],[[0.99492,-0.039346,0.0926636],[0.0954221,0.661913,-0.743482],[-0.0320822,0.748547,0.662305]],[[0.99492,-0.039346,0.0926636],[0.0651258,-0.450351,-0.890473],[0.0767676,0.891984,-0.4455]],[[0.99492,-0.039346,0.0926636],[0.0181846,-0.835079,-0.54983],[0.0990149,0.548722,-0.830121]]],"btipPosition":[22.6273,203.923,-3.72627],"carpPosition":[17.6425,239.194,49.9806],"dipPosition":[24.4407,213.972,-18.9297],"direction":[-0.0767676,-0.891984,0.4455],"extended":false,"handId":472,"id":4723,"length":63.1552,"mcpPosition":[25.1202,270.977,-2.02038],"pipPosition":[26.5253,238.194,-31.0271],"stabilizedTipPosition":[20.9616,201.345,-8.77834],"timeVisible":5.19721,"tipPosition":[22.9431,206.135,-6.65425],"tipVelocity":[2.66568,25.3753,-1.27236],"tool":false,"touchDistance":0.333333,"touchZone":"none","type":3,"width":17.7198},{"bases":[[[0.960369,-0.250897,0.121414],[0.129192,0.786664,0.603713],[-0.246982,-0.564101,0.787902]],[[0.948564,-0.275489,0.155986],[0.302505,0.643422,-0.703206],[0.0933611,0.714223,0.693664]],[[0.948564,-0.275489,0.155986],[0.022705,-0.432246,-0.90147],[0.315769,0.858644,-0.403759]],[[0.948564,-0.275489,0.155986],[-0.133637,-0.795097,-0.591576],[0.286996,0.540302,-0.791016]]],"btipPosition":[30.6242,216.235,0.989486],"carpPosition":[30.7251,234.518,48.7098],"dipPosition":[35.4734,225.364,-12.3756],"direction":[-0.315769,-0.858644,0.403759],"extended":false,"handId":472,"id":4724,"length":49.5125,"mcpPosition":[44.7633,266.582,3.92605],"pipPosition":[41.5274,241.826,-20.1166],"stabilizedTipPosition":[29.028,213.409,-5.38482],"timeVisible":5.19721,"tipPosition":[31.5401,218.305,-2.08896],"tipVelocity":[2.36738,25.1346,8.96842],"tool":false,"touchDistance":0.333333,"touchZone":"none","type":4,"width":15.7401}],"r":[[0.67049,0.604471,0.430183],[-0.620707,0.774643,-0.121044],[-0.406406,-0.185859,0.89459]],"s":1.05206,"t":[17.6021,28.4485,-84.4043],"timestamp":93490640405},false],[1,{"currentFrameRate":55.3993,"devices":[],"gestures":[],"hands":[{"armBasis":[[0.951221,0.268484,-0.151968],[-0.228188,0.943799,0.239111],[0.207625,-0.19277,0.959026]],"armWidth":62.4607,"confidence":0.66634,"direction":[-0.0321502,0.619577,-0.784277],"elbow":[71.4119,174.858,306.457],"grabStrength":0,"id":472,"palmNormal":[0.235297,-0.757937,-0.608414],"palmPosition":[8.49735,253.939,7.63967],"palmVelocity":[-3.44115,43.0676,7.91629],"palmWidth":89.1918,"pinchStrength":0.235422,"r":[[0.670117,0.603269,0.432446],[-0.621147,0.774725,-0.118227],[-0.406349,-0.189386,0.893875]],"s":1.05182,"sphereCenter":[-4.82253,233.345,-32.8941],"sphereRadius":48.7084,"stabilizedPalmPosition":[7.91171,250.901,5.89003],"t":[17.5315,29.2374,-84.2694],"timeVisible":5.21516,"type":"right","wrist":[16.4611,225.877,52.6373]}],"id":1685198,"interactionBox":{"center":[0,200,0],"size":[235.247,235.247,147.751]},"pointables":[{"bases":[[[0.174156,0.880948,0.440001],[-0.874451,-0.0670965,0.480451],[0.452775,-0.468433,0.75866]],[[0.127921,0.923443,0.361786],[-0.867168,-0.0728857,0.492653],[0.481306,-0.37675,0.791457]],[[0.127921,0.923443,0.361786],[-0.964793,0.200388,-0.170348],[-0.229804,-0.327258,0.916565]],[[0.127921,0.923443,0.361786],[-0.869784,0.279737,-0.406477],[-0.476563,-0.262679,0.83898]]],"btipPosition":[-13.0228,245.47,-43.1731],"carpPosition":[-8.08529,210.072,45.4341],"dipPosition":[-23.9556,239.444,-23.926],"direction":[0.229804,0.327258,-0.916565],"extended":false,"handId":472,"id":4720,"length":51.0864,"mcpPosition":[-8.08529,210.072,45.4341],"pipPosition":[-31.6361,228.506,6.70724],"stabilizedTipPosition":[-15.4867,242.693,-39.0475],"timeVisible":5.21516,"tipPosition":[-15.7257,244.301,-38.7263],"tipVelocity":[-3.80832,48.9344,7.63101],"tool":false,"touchDistance":-0.0959434,"touchZone":"touching","type":0,"width":19.8498},{"bases":[[[0.952203,0.30523,-0.0119885],[-0.261589,0.835071,0.48397],[0.157733,-0.457702,0.875003]],[[0.940187,0.333836,-0.0678422],[-0.245998,0.803096,0.542698],[0.235656,-0.493548,0.837184]],[[0.940187,0.333836,-0.0678422],[-0.300851,0.907109,0.294349],[0.159804,-0.256333,0.953287]],[[0.940187,0.333836,-0.0678422],[-0.328972,0.941461,0.073674],[0.0884658,-0.0469492,0.994972]]],"btipPosition":[-31.8197,293.363,-87.7785],"carpPosition":[-5.25266,232.711,49.8291],"dipPosition":[-30.3381,292.577,-71.1148],"direction":[-0.159804,0.256333,-0.953287],"extended":true,"handId":472,"id":4721,"length":57.6453,"mcpPosition":[-16.6277,265.719,-13.2723],"pipPosition":[-26.5519,286.504,-48.5288],"stabilizedTipPosition":[-31.5029,291.736,-84.4171],"timeVisible":5.21516,"tipPosition":[-31.7179,294.591,-83.2721],"tipVelocity":[-3.50279,46.9236,9.67304],"tool":false,"touchDistance":-0.0912978,"touchZone":"touching","type":1,"width":18.9605},{"bases":[[[0.995309,0.0937246,0.0240095],[-0.0933157,0.864401,0.494069],[0.0255525,-0.493991,0.869091]],[[0.993887,0.110278,-0.00521948],[-0.0746271,0.636239,-0.767874],[-0.0813585,0.763569,0.64058]],[[0.993887,0.110278,-0.00521948],[0.0484323,-0.47801,-0.877018],[-0.0992105,0.871404,-0.480429]],[[0.993887,0.110278,-0.00521948],[0.0915748,-0.849888,-0.518945],[-0.061664,0.515295,-0.854792]]],"btipPosition":[11.587,201.938,-10.5767],"carpPosition":[5.58916,238.013,49.9883],"dipPosition":[10.4511,211.43,-26.3225],"direction":[0.0992105,-0.871404,0.480429],"extended":false,"handId":472,"id":4722,"length":65.6822,"mcpPosition":[3.84165,271.797,-9.44815],"pipPosition":[7.68566,235.72,-39.7141],"stabilizedTipPosition":[9.95148,198.793,-15.7784],"timeVisible":5.21516,"tipPosition":[11.3144,204.065,-14.036],"tipVelocity":[5.4368,47.0561,7.74642],"tool":false,"touchDistance":0.333333,"touchZone":"none","type":2,"width":18.6218},{"bases":[[[0.992404,-0.0454225,0.114328],[-0.0211048,0.8527,0.521974],[-0.121197,-0.520422,0.845264]],[[0.994869,-0.0337567,0.0953704],[0.0936234,0.664421,-0.741472],[-0.0383364,0.746596,0.664172]],[[0.994869,-0.0337567,0.0953704],[0.0702957,-0.447294,-0.89162],[0.0727567,0.89375,-0.442626]],[[0.994869,-0.0337567,0.0953704],[0.024676,-0.833251,-0.552343],[0.0981128,0.551863,-0.828143]]],"btipPosition":[22.7614,205.177,-3.78976],"carpPosition":[17.4132,240.297,50.0131],"dipPosition":[24.5583,215.284,-18.957],"direction":[-0.0727567,-0.89375,0.442626],"extended":false,"handId":472,"id":4723,"length":63.1552,"mcpPosition":[24.855,272.252,-1.88782],"pipPosition":[26.534,239.553,-30.9763],"stabilizedTipPosition":[21.1782,201.948,-8.6315],"timeVisible":5.21516,"tipPosition":[23.0733,207.407,-6.71547],"tipVelocity":[4.83714,46.7609,-2.12365],"tool":false,"touchDistance":0.333333,"touchZone":"none","type":3,"width":17.7198},{"bases":[[[0.961461,-0.245613,0.123562],[0.122883,0.785904,0.606015],[-0.245953,-0.567476,0.785798]],[[0.949722,-0.270317,0.15798],[0.300659,0.646588,-0.701091],[0.0873686,0.713339,0.695351]],[[0.949722,-0.270317,0.15798],[0.0276929,-0.430073,-0.902369],[0.311869,0.861375,-0.400964]],[[0.949722,-0.270317,0.15798],[-0.127311,-0.794391,-0.593915],[0.286043,0.543941,-0.788865]]],"btipPosition":[30.6657,217.526,1.01934],"carpPosition":[30.5264,235.7,48.7685],"dipPosition":[35.4987,226.716,-12.3094],"direction":[-0.311869,-0.861375,0.400964],"extended":false,"handId":472,"id":4724,"length":49.5125,"mcpPosition":[44.5062,267.955,4.10434],"pipPosition":[41.4779,243.231,-19.9968],"stabilizedTipPosition":[29.2531,213.919,-5.11149],"timeVisible":5.21516,"tipPosition":[31.5832,219.613,-2.05756],"tipVelocity":[2.24188,47.6135,5.73426],"tool":false,"touchDistance":0.333333,"touchZone":"none","type":4,"width":15.7401}],"r":[[0.670117,0.603269,0.432446],[-0.621147,0.774725,-0.118227],[-0.406349,-0.189386,0.893875]],"s":1.05182,"t":[17.5315,29.2374,-84.2694],"timestamp":93490658356},false],[2,{"currentFrameRate":55.3656,"devices":[],"gestures":[],"hands":[{"armBasis":[[0.949333,0.273838,-0.154206],[-0.233054,0.942604,0.23913],[0.210838,-0.191076,0.958664]],"armWidth":62.4607,"confidence":0.690091,"direction":[-0.0325334,0.620373,-0.783632],"elbow":[71.8375,176.32,306.481],"grabStrength":0,"id":472,"palmNormal":[0.24048,-0.756155,-0.608604],"palmPosition":[8.08374,254.971,7.76938],"palmVelocity":[-12.6549,49.6268,7.5438],"palmWidth":89.1918,"pinchStrength":0.235034,"r":[[0.669024,0.60279,0.4348],[-0.622114,0.774261,-0.116163],[-0.406671,-0.192779,0.893003]],"s":1.05159,"sphereCenter":[-5.0169,234.361,-32.8392],"sphereRadius":48.7065,"stabilizedPalmPosition":[7.95301,251.878,6.34122],"t":[17.2894,30.1483,-84.137],"timeVisible":5.23334,"type":"right","wrist":[16.0362,226.891,52.7573]}],"id":1685199,"interactionBox":{"center":[0,200,0],"size":[235.247,235.247,147.751]},"pointables":[{"bases":[[[0.168929,0.881179,0.441574],[-0.875587,-0.0715429,0.477733],[0.45256,-0.467339,0.759463]],[[0.122814,0.923506,0.363392],[-0.86805,-0.0775243,0.490387],[0.481047,-0.375669,0.792128]],[[0.122814,0.923506,0.363392],[-0.965323,0.196159,-0.172262],[-0.230368,-0.329635,0.915572]],[[0.122814,0.923506,0.363392],[-0.869482,0.276656,-0.409223],[-0.478454,-0.265705,0.836948]]],"btipPosition":[-13.2807,246.48,-43.0989],"carpPosition":[-8.41815,210.986,45.4613],"dipPosition":[-24.257,240.385,-23.8984],"direction":[0.230368,0.329635,-0.915572],"extended":false,"handId":472,"id":4720,"length":51.0864,"mcpPosition":[-8.41815,210.986,45.4613],"pipPosition":[-31.9563,229.368,6.70167],"stabilizedTipPosition":[-15.6228,243.713,-38.8916],"timeVisible":5.23334,"tipPosition":[-15.9739,245.283,-38.6704],"tipVelocity":[-9.02446,51.685,5.65747],"tool":false,"touchDistance":-0.0948846,"touchZone":"touching","type":0,"width":19.8498},{"bases":[[[0.950874,0.309453,-0.00875512],[-0.266739,0.833322,0.484174],[0.157125,-0.458053,0.874928]],[[0.938869,0.338134,-0.064733],[-0.25123,0.801467,0.54271],[0.23539,-0.49327,0.837422]],[[0.938869,0.338134,-0.064733],[-0.305778,0.905408,0.29451],[0.158194,-0.256712,0.953454]],[[0.938869,0.338134,-0.064733],[-0.333396,0.939879,0.07399],[0.0858597,-0.0478851,0.995156]]],"btipPosition":[-32.1292,294.323,-87.7275],"carpPosition":[-5.69901,233.633,49.8919],"dipPosition":[-30.6913,293.521,-71.0607],"direction":[-0.158194,0.256712,-0.953454],"extended":true,"handId":472,"id":4721,"length":57.6453,"mcpPosition":[-17.0302,266.665,-13.2041],"pipPosition":[-26.9432,287.439,-48.4708],"stabilizedTipPosition":[-31.6345,292.806,-84.1842],"timeVisible":5.23334,"tipPosition":[-32.0383,295.526,-83.2287],"tipVelocity":[-10.2181,49.6297,6.41708],"tool":false,"touchDistance":-0.0904348,"touchZone":"touching","type":1,"width":18.9605},{"bases":[[[0.994807,0.0980976,0.0271206],[-0.0986277,0.863383,0.494815],[0.0251246,-0.49492,0.868575]],[[0.993397,0.114711,-0.00214782],[-0.075207,0.636929,-0.767245],[-0.0866431,0.762341,0.64135]],[[0.993397,0.114711,-0.00214782],[0.0531334,-0.476567,-0.877531],[-0.101686,0.871622,-0.479515]],[[0.993397,0.114711,-0.00214782],[0.0968849,-0.848759,-0.519828],[-0.0614528,0.516187,-0.854268]]],"btipPosition":[11.4606,203.006,-10.5111],"carpPosition":[5.1187,238.982,50.09],"dipPosition":[10.3286,212.515,-26.2473],"direction":[0.101686,-0.871622,0.479515],"extended":false,"handId":472,"id":4722,"length":65.6822,"mcpPosition":[3.40045,272.83,-9.3111],"pipPosition":[7.49415,236.811,-39.6135],"stabilizedTipPosition":[10.0806,199.455,-15.608],"timeVisible":5.23334,"tipPosition":[11.188,205.138,-13.9661],"tipVelocity":[-0.451275,52.7395,5.82938],"tool":false,"touchDistance":0.333333,"touchZone":"none","type":2,"width":18.6218},{"bases":[[[0.992247,-0.0411697,0.117264],[-0.02645,0.851969,0.522924],[-0.121434,-0.521971,0.844275]],[[0.994733,-0.0293916,0.0982006],[0.0926542,0.667593,-0.738738],[-0.0438453,0.743946,0.6668]],[[0.994733,-0.0293916,0.0982006],[0.0750478,-0.443729,-0.893013],[0.0698215,0.895679,-0.439186]],[[0.994733,-0.0293916,0.0982006],[0.0301793,-0.831573,-0.554595],[0.0979614,0.554638,-0.826305]]],"btipPosition":[22.6189,206.306,-3.83106],"carpPosition":[16.9324,241.318,50.1532],"dipPosition":[24.413,216.464,-18.9646],"direction":[-0.0698215,-0.895679,0.439186],"extended":false,"handId":472,"id":4723,"length":63.1552,"mcpPosition":[24.3887,273.368,-1.68694],"pipPosition":[26.309,240.786,-30.8905],"stabilizedTipPosition":[21.3691,202.637,-8.49557],"timeVisible":5.23334,"tipPosition":[22.9268,208.543,-6.72237],"tipVelocity":[-1.22766,54.398,-1.99121],"tool":false,"touchDistance":0.333333,"touchZone":"none","type":3,"width":17.7198},{"bases":[[[0.962163,-0.241506,0.126167],[0.117579,0.785709,0.607319],[-0.245801,-0.569505,0.784376]],[[0.950438,-0.266287,0.160497],[0.299867,0.648699,-0.699478],[0.0821476,0.712938,0.696399]],[[0.950438,-0.266287,0.160497],[0.0323222,-0.428789,-0.902826],[0.309231,0.863268,-0.39893]],[[0.950438,-0.266287,0.160497],[-0.121955,-0.794134,-0.59538],[0.285999,0.546298,-0.78725]]],"btipPosition":[30.4324,218.66,1.17173],"carpPosition":[30.0695,236.781,48.9426],"dipPosition":[35.2647,227.89,-12.1298],"direction":[-0.309231,-0.863268,0.39893],"extended":false,"handId":472,"id":4724,"length":49.5125,"mcpPosition":[44.0406,269.151,4.35929],"pipPosition":[41.1934,244.441,-19.7782],"stabilizedTipPosition":[29.4562,214.528,-4.8256],"timeVisible":5.23334,"tipPosition":[31.3521,220.757,-1.89925],"tipVelocity":[-4.95402,54.9001,7.16284],"tool":false,"touchDistance":0.333333,"touchZone":"none","type":4,"width":15.7401}],"r":[[0.669024,0.60279,0.4348],[-0.622114,0.774261,-0.116163],[-0.406671,-0.192779,0.893003]],"s":1.05159,"t":[17.2894,30.1483,-84.137],"timestamp":93490676534},false],[3,{"currentFrameRate":55.3769,"devices":[],"gestures":[],"hands":[{"armBasis":[[0.948288,0.277048,-0.154902],[-0.236501,0.9422,0.237334],[0.211701,-0.188426,0.958998]],"armWidth":62.4607,"confidence":0.713744,"direction":[-0.0342763,0.62114,-0.78295],"elbow":[71.7335,178.215,306.752],"grabStrength":0,"id":472,"palmNormal":[0.243685,-0.754571,-0.609294],"palmPosition":[7.67903,256.186,7.97773],"palmVelocity":[-17.3039,58.055,9.44921],"palmWidth":89.1918,"pinchStrength":0.234458,"r":[[0.667644,0.602793,0.436911],[-0.623442,0.773451,-0.114425],[-0.406904,-0.195994,0.892197]],"s":1.05145,"sphereCenter":[-5.32106,235.567,-32.6649],"sphereRadius":48.7088,"stabilizedPalmPosition":[7.87852,253.049,6.78617],"t":[16.966,31.211,-83.9667],"timeVisible":5.25136,"type":"right","wrist":[15.7038,228.084,52.9393]}],"id":1685200,"interactionBox":{"center":[0,200,0],"size":[235.247,235.247,147.751]},"pointables":[{"bases":[[[0.165376,0.881292,0.442691],[-0.875648,-0.0753111,0.477042],[0.453753,-0.466532,0.759247]],[[0.119097,0.923588,0.36442],[-0.868012,-0.0813434,0.489835],[0.482048,-0.374659,0.791998]],[[0.119097,0.923588,0.36442],[-0.966031,0.19257,-0.172339],[-0.229347,-0.331516,0.915149]],[[0.119097,0.923588,0.36442],[-0.870079,0.273896,-0.409809],[-0.478308,-0.268267,0.836214]]],"btipPosition":[-13.6359,247.664,-42.9146],"carpPosition":[-8.68678,212.097,45.6082],"dipPosition":[-24.6088,241.509,-23.7309],"direction":[0.229347,0.331516,-0.915149],"extended":false,"handId":472,"id":4720,"length":51.0864,"mcpPosition":[-8.68678,212.097,45.6082],"pipPosition":[-32.2739,230.43,6.85496],"stabilizedTipPosition":[-15.8606,244.836,-38.7192],"timeVisible":5.25136,"tipPosition":[-16.3182,246.451,-38.49],"tipVelocity":[-14.0695,57.9632,7.72187],"tool":false,"touchDistance":-0.091878,"touchZone":"touching","type":0,"width":19.8498},{"bases":[[[0.949734,0.312963,-0.00774163],[-0.270143,0.831783,0.484933],[0.158206,-0.458466,0.874517]],[[0.937623,0.341741,-0.063849],[-0.254607,0.80005,0.543226],[0.236725,-0.493085,0.837155]],[[0.937623,0.341741,-0.063849],[-0.309357,0.903941,0.295278],[0.158624,-0.257108,0.953275]],[[0.937623,0.341741,-0.063849],[-0.336966,0.938528,0.0749665],[0.0855432,-0.0487754,0.99514]]],"btipPosition":[-32.6235,295.485,-87.5076],"carpPosition":[-6.05418,234.749,50.0664],"dipPosition":[-31.1908,294.668,-70.8411],"direction":[-0.158624,0.257108,-0.953275],"extended":true,"handId":472,"id":4721,"length":57.6453,"mcpPosition":[-17.4633,267.811,-13],"pipPosition":[-27.4326,288.577,-48.2554],"stabilizedTipPosition":[-31.9465,293.985,-83.943],"timeVisible":5.25136,"tipPosition":[-32.5307,296.662,-83.0178],"tipVelocity":[-18.4098,56.5902,9.15821],"tool":false,"touchDistance":-0.0867714,"touchZone":"touching","type":1,"width":18.9605},{"bases":[[[0.99442,0.101731,0.0279249],[-0.102151,0.862451,0.495725],[0.0263466,-0.495811,0.86803]],[[0.992963,0.118416,-0.00140393],[-0.077067,0.637145,-0.766881],[-0.0899164,0.761593,0.641787]],[[0.992963,0.118416,-0.00140393],[0.0554715,-0.475559,-0.877933],[-0.104629,0.871677,-0.478781]],[[0.992963,0.118416,-0.00140393],[0.100365,-0.847777,-0.520769],[-0.0628575,0.516963,-0.853697]]],"btipPosition":[11.2645,204.242,-10.3374],"carpPosition":[4.74362,240.138,50.2781],"dipPosition":[10.1066,213.765,-26.063],"direction":[0.104629,-0.871677,0.478781],"extended":false,"handId":472,"id":4722,"length":65.6822,"mcpPosition":[2.9418,274.046,-9.08574],"pipPosition":[7.19015,238.063,-39.4088],"stabilizedTipPosition":[10.1789,200.202,-15.4309],"timeVisible":5.25136,"tipPosition":[10.9847,206.383,-13.8023],"tipVelocity":[-5.5533,60.3448,7.70022],"tool":false,"touchDistance":0.333333,"touchZone":"none","type":2,"width":18.6218},{"bases":[[[0.992311,-0.0376476,0.117909],[-0.029951,0.85127,0.523872],[-0.120095,-0.523375,0.843597]],[[0.994767,-0.0258307,0.0988471],[0.0906922,0.66874,-0.737945],[-0.0470413,0.743048,0.667583]],[[0.994767,-0.0258307,0.0988471],[0.0772878,-0.442496,-0.893434],[0.0668174,0.896399,-0.438184]],[[0.994767,-0.0258307,0.0988471],[0.0336198,-0.830863,-0.55546],[0.0964763,0.555877,-0.825647]]],"btipPosition":[22.4016,207.588,-3.66402],"carpPosition":[16.5486,242.517,50.3522],"dipPosition":[24.1685,217.769,-18.7855],"direction":[-0.0668174,-0.896399,0.438184],"extended":false,"handId":472,"id":4723,"length":63.1552,"mcpPosition":[23.9227,274.653,-1.44635],"pipPosition":[25.9829,242.11,-30.6842],"stabilizedTipPosition":[21.5242,203.423,-8.34971],"timeVisible":5.25136,"tipPosition":[22.7038,209.83,-6.55799],"tipVelocity":[-6.52836,62.4846,3.42086],"tool":false,"touchDistance":0.333333,"touchZone":"none","type":3,"width":17.7198},{"bases":[[[0.962958,-0.238103,0.126563],[0.114263,0.785446,0.608291],[-0.244244,-0.571298,0.783558]],[[0.951339,-0.262893,0.160754],[0.297922,0.651427,-0.697772],[0.0787194,0.71171,0.698049]],[[0.951339,-0.262893,0.160754],[0.0348274,-0.426607,-0.903766],[0.306172,0.865387,-0.396692]],[[0.951339,-0.262893,0.160754],[-0.118372,-0.793435,-0.597034],[0.284504,0.548952,-0.785945]]],"btipPosition":[30.1803,219.967,1.29904],"carpPosition":[29.7031,238.03,49.1456],"dipPosition":[34.9873,229.243,-11.9804],"direction":[-0.306172,-0.865387,0.396692],"extended":false,"handId":472,"id":4724,"length":49.5125,"mcpPosition":[43.5858,270.502,4.60878],"pipPosition":[40.8573,245.834,-19.5859],"stabilizedTipPosition":[29.631,215.251,-4.53227],"timeVisible":5.25136,"tipPosition":[31.0951,222.074,-1.74572],"tipVelocity":[-9.39248,63.5552,7.25015],"tool":false,"touchDistance":0.333333,"touchZone":"none","type":4,"width":15.7401}],"r":[[0.667644,0.602793,0.436911],[-0.623442,0.773451,-0.114425],[-0.406904,-0.195994,0.892197]],"s":1.05145,"t":[16.966,31.211,-83.9667],"timestamp":93490694553},false],[4,{"currentFrameRate":55.3708,"devices":[],"gestures":[{"center":[-32.8003,291.356,-94.7418],"duration":0,"handIds":[472],"id":5,"normal":[-0.835547,0.529023,0.14831],"pointableIds":[4721],"progress":0.816588,"radius":9.52952,"state":"start","type":"circle"}],"hands":[{"armBasis":[[0.94754,0.279762,-0.1546],[-0.239314,0.941555,0.237074],[0.211888,-0.187639,0.959111]],"armWidth":62.4607,"confidence":0.734439,"direction":[-0.0359083,0.621377,-0.782689],"elbow":[71.533,179.172,306.961],"grabStrength":0,"id":472,"palmNormal":[0.246084,-0.75358,-0.609557],"palmPosition":[7.35774,256.93,8.16767],"palmVelocity":[-17.5252,50.0294,9.95117],"palmWidth":89.1918,"pinchStrength":0.234288,"r":[[0.666158,0.603146,0.438689],[-0.624957,0.772438,-0.113002],[-0.407017,-0.198884,0.891506]],"s":1.05134,"sphereCenter":[-5.55421,236.283,-32.4913],"sphereRadius":48.7053,"stabilizedPalmPosition":[7.72607,254.185,7.19056],"t":[16.6437,32.1145,-83.7865],"timeVisible":5.26944,"type":"right","wrist":[15.4537,228.833,53.1192]}],"id":1685201,"interactionBox":{"center":[0,200,0],"size":[235.247,235.247,147.751]},"pointables":[{"bases":[[[0.162644,0.881585,0.443119],[-0.875548,-0.0781144,0.476774],[0.454931,-0.465516,0.759166]],[[0.116036,0.923957,0.36447],[-0.86785,-0.0841588,0.489646],[0.483086,-0.373122,0.792091]],[[0.116036,0.923957,0.36447],[-0.966724,0.18929,-0.172089],[-0.227994,-0.332373,0.915176]],[[0.116036,0.923957,0.36447],[-0.870939,0.271057,-0.409869],[-0.477494,-0.269871,0.836163]]],"btipPosition":[-13.9511,248.334,-42.7525],"carpPosition":[-8.88736,212.777,45.7746],"dipPosition":[-24.9053,242.143,-23.5701],"direction":[0.227994,0.332373,-0.915176],"extended":false,"handId":472,"id":4720,"length":51.0864,"mcpPosition":[-8.88736,212.777,45.7746],"pipPosition":[-32.5252,231.034,7.01674],"stabilizedTipPosition":[-16.1326,245.761,-38.5503],"timeVisible":5.26944,"tipPosition":[-16.6124,247.119,-38.3217],"tipVelocity":[-15.5555,47.8012,8.3041],"tool":false,"touchDistance":-0.0891819,"touchZone":"touching","type":0,"width":19.8498},{"bases":[[[0.948804,0.315781,-0.00735047],[-0.272737,0.830767,0.485223],[0.15933,-0.458376,0.87436]],[[0.936592,0.344608,-0.063571],[-0.257219,0.799277,0.543135],[0.237979,-0.492344,0.837236]],[[0.936592,0.344608,-0.063571],[-0.312184,0.90295,0.295332],[0.159175,-0.25676,0.953277]],[[0.936592,0.344608,-0.063571],[-0.33983,0.937477,0.0751884],[0.0855068,-0.0488175,0.995141]]],"btipPosition":[-33.0388,296.125,-87.3228],"carpPosition":[-6.3231,235.434,50.2433],"dipPosition":[-31.6067,295.308,-70.6562],"direction":[-0.159175,0.25676,-0.953277],"extended":true,"handId":472,"id":4721,"length":57.6453,"mcpPosition":[-17.8133,268.49,-12.8117],"pipPosition":[-27.8354,289.224,-48.0705],"stabilizedTipPosition":[-32.3168,294.932,-83.7228],"timeVisible":5.26944,"tipPosition":[-32.9435,297.279,-82.8436],"tipVelocity":[-20.5805,46.5186,9.66369],"tool":false,"touchDistance":-0.0836911,"touchZone":"touching","type":1,"width":18.9605},{"bases":[[[0.994107,0.104666,0.0282361],[-0.104839,0.861928,0.496073],[0.0275843,-0.49611,0.867822]],[[0.992605,0.121386,-0.00113292],[-0.0787887,0.637119,-0.766728],[-0.0923483,0.761147,0.641971]],[[0.992605,0.121386,-0.00113292],[0.0570999,-0.475116,-0.878069],[-0.107124,0.871511,-0.478533]],[[0.992605,0.121386,-0.00113292],[0.103019,-0.847274,-0.521069],[-0.0642104,0.517099,-0.853514]]],"btipPosition":[11.1042,205.003,-10.16],"carpPosition":[4.45861,240.855,50.4603],"dipPosition":[9.9214,214.529,-25.8822],"direction":[0.107124,-0.871511,0.478533],"extended":false,"handId":472,"id":4722,"length":65.6822,"mcpPosition":[2.57214,274.784,-8.88929],"pipPosition":[6.9354,238.821,-39.221],"stabilizedTipPosition":[10.2493,200.955,-15.2526],"timeVisible":5.26944,"tipPosition":[10.8182,207.146,-13.6299],"tipVelocity":[-7.27816,51.6811,8.72563],"tool":false,"touchDistance":0.333333,"touchZone":"none","type":2,"width":18.6218},{"bases":[[[0.992386,-0.0347573,0.118158],[-0.0326143,0.850949,0.524234],[-0.118768,-0.524096,0.843337]],[[0.99482,-0.0228888,0.0990446],[0.0888406,0.669307,-0.737655],[-0.0494073,0.742633,0.667874]],[[0.99482,-0.0228888,0.0990446],[0.0788757,-0.440836,-0.894115],[0.0641277,0.897296,-0.436747]],[[0.99482,-0.0228888,0.0990446],[0.0363884,-0.829579,-0.557203],[0.094919,0.55792,-0.824448]]],"btipPosition":[22.2332,208.341,-3.53537],"carpPosition":[16.2565,243.269,50.5386],"dipPosition":[23.9716,218.559,-18.6349],"direction":[-0.0641277,-0.897296,0.436747],"extended":false,"handId":472,"id":4723,"length":63.1552,"mcpPosition":[23.5491,275.45,-1.24401],"pipPosition":[25.7129,242.925,-30.4946],"stabilizedTipPosition":[21.6452,204.216,-8.20331],"timeVisible":5.26944,"tipPosition":[22.5303,210.608,-6.42791],"tipVelocity":[-8.02482,52.8051,5.30966],"tool":false,"touchDistance":0.333333,"touchZone":"none","type":3,"width":17.7198},{"bases":[[[0.963626,-0.235303,0.126718],[0.111771,0.785516,0.608664],[-0.242759,-0.572361,0.783244]],[[0.95208,-0.260124,0.160872],[0.296209,0.653189,-0.696853],[0.0761888,0.711111,0.698939]],[[0.95208,-0.260124,0.160872],[0.0365174,-0.425539,-0.904203],[0.303662,0.866748,-0.395648]],[[0.95208,-0.260124,0.160872],[-0.115764,-0.793336,-0.597676],[0.283095,0.550412,-0.785432]]],"btipPosition":[29.9769,220.79,1.44534],"carpPosition":[29.4245,238.822,49.3336],"dipPosition":[34.7602,230.089,-11.8254],"direction":[-0.303662,-0.866748,0.395648],"extended":false,"handId":472,"id":4724,"length":49.5125,"mcpPosition":[43.2228,271.354,4.81459],"pipPosition":[40.582,246.707,-19.4109],"stabilizedTipPosition":[29.7747,216.014,-4.24156],"timeVisible":5.26944,"tipPosition":[30.8881,222.898,-1.5847],"tipVelocity":[-10.4177,55.1104,7.70219],"tool":false,"touchDistance":0.333333,"touchZone":"none","type":4,"width":15.7401}],"r":[[0.666158,0.603146,0.438689],[-0.624957,0.772438,-0.113002],[-0.407017,-0.198884,0.891506]],"s":1.05134,"t":[16.6437,32.1145,-83.7865],"timestamp":93490712634},false],[5,{"currentFrameRate":55.3788,"devices":[],"gestures":[{"center":[-34.9464,292.02,-93.5588],"duration":18030,"handIds":[472],"id":5,"normal":[-0.901152,0.234148,0.364829],"pointableIds":[4721],"progress":0.833928,"radius":9.21103,"state":"update","type":"circle"}],"hands":[{"armBasis":[[0.947341,0.282519,-0.150761],[-0.240714,0.938749,0.246589],[0.211193,-0.197314,0.957322]],"armWidth":62.4607,"confidence":0.743976,"direction":[-0.0373811,0.625295,-0.779493],"elbow":[71.0558,177.353,306.478],"grabStrength":0,"id":472,"palmNormal":[0.246618,-0.750138,-0.613574],"palmPosition":[6.99026,257.889,8.30826],"palmVelocity":[-18.88,51.5305,8.92946],"palmWidth":89.1918,"pinchStrength":0.233792,"r":[[0.664874,0.603158,0.440616],[-0.626396,0.771564,-0.110983],[-0.406904,-0.202211,0.890809]],"s":1.05127,"sphereCenter":[-5.88316,237.428,-32.439],"sphereRadius":48.6902,"stabilizedPalmPosition":[7.49766,255.335,7.53753],"t":[16.2987,33.0458,-83.6262],"timeVisible":5.28747,"type":"right","wrist":[15.1605,229.575,53.11]}],"id":1685202,"interactionBox":{"center":[0,200,0],"size":[235.247,235.247,147.751]},"pointables":[{"bases":[[[0.161802,0.879544,0.447462],[-0.875058,-0.0817286,0.477068],[0.456172,-0.468746,0.756428]],[[0.114278,0.922889,0.367719],[-0.867575,-0.0876198,0.489527],[0.483999,-0.374966,0.790662]],[[0.114278,0.922889,0.367719],[-0.967371,0.187626,-0.170262],[-0.226127,-0.336263,0.914218]],[[0.114278,0.922889,0.367719],[-0.872286,0.270361,-0.407458],[-0.475455,-0.274192,0.835919]]],"btipPosition":[-14.3822,249.4,-42.7163],"carpPosition":[-9.16462,213.523,45.7033],"dipPosition":[-25.2896,243.109,-23.5394],"direction":[0.226127,0.336263,-0.914217],"extended":false,"handId":472,"id":4720,"length":51.0864,"mcpPosition":[-9.16462,213.523,45.7033],"pipPosition":[-32.8472,231.871,7.01537],"stabilizedTipPosition":[-16.4758,246.753,-38.4396],"timeVisible":5.28747,"tipPosition":[-17.0138,248.196,-38.2573],"tipVelocity":[-19.2354,52.5696,5.2853],"tool":false,"touchDistance":-0.088599,"touchZone":"touching","type":0,"width":19.8498},{"bases":[[[0.948368,0.317107,-0.00650113],[-0.273476,0.827919,0.489654],[0.160655,-0.462594,0.871893]],[[0.936022,0.3463,-0.0627564],[-0.258029,0.796521,0.546786],[0.239339,-0.495611,0.834917]],[[0.936022,0.3463,-0.0627564],[-0.313305,0.90114,0.299645],[0.160319,-0.260813,0.951985]],[[0.936022,0.3463,-0.0627564],[-0.341161,0.936606,0.079871],[0.0864373,-0.053351,0.994828]]],"btipPosition":[-33.5387,297.466,-86.9696],"carpPosition":[-6.62757,236.161,50.285],"dipPosition":[-32.0911,296.572,-70.3083],"direction":[-0.160319,0.260813,-0.951985],"extended":true,"handId":472,"id":4721,"length":57.6453,"mcpPosition":[-18.2133,269.521,-12.5921],"pipPosition":[-28.2927,290.393,-47.7532],"stabilizedTipPosition":[-32.7567,296.085,-83.4332],"timeVisible":5.28747,"tipPosition":[-33.4326,298.573,-82.4977],"tipVelocity":[-23.8766,59.2657,14.3385],"tool":false,"touchDistance":-0.0778255,"touchZone":"touching","type":1,"width":18.9605},{"bases":[[[0.993986,0.105876,0.0279763],[-0.105612,0.859254,0.500529],[0.0289552,-0.500473,0.865268]],[[0.992428,0.122821,-0.00144167],[-0.0802762,0.639682,-0.764436],[-0.0929665,0.758764,0.644698]],[[0.992428,0.122821,-0.00144167],[0.0571347,-0.471992,-0.87975],[-0.108732,0.873006,-0.475435]],[[0.992428,0.122821,-0.00144167],[0.103822,-0.84507,-0.524478],[-0.0656351,0.520357,-0.851423]]],"btipPosition":[10.7991,206.053,-10.1783],"carpPosition":[4.14694,241.596,50.521],"dipPosition":[9.59002,215.638,-25.862],"direction":[0.108732,-0.873006,0.475435],"extended":false,"handId":472,"id":4722,"length":65.6822,"mcpPosition":[2.16671,275.823,-8.65396],"pipPosition":[6.55918,239.973,-39.1145],"stabilizedTipPosition":[10.2792,201.758,-15.0912],"timeVisible":5.28747,"tipPosition":[10.5055,208.217,-13.6867],"tipVelocity":[-12.0123,55.1503,4.33721],"tool":false,"touchDistance":0.333333,"touchZone":"none","type":2,"width":18.6218},{"bases":[[[0.992527,-0.0340044,0.11719],[-0.0333498,0.84823,0.528577],[-0.117378,-0.528535,0.840757]],[[0.994937,-0.021992,0.0980657],[0.0872781,0.67287,-0.734594],[-0.0498302,0.739434,0.671382]],[[0.994937,-0.021992,0.0980657],[0.0787834,-0.435167,-0.896896],[0.0623995,0.900081,-0.431232]],[[0.994937,-0.021992,0.0980657],[0.0372442,-0.825607,-0.563015],[0.0933456,0.563816,-0.820608]]],"btipPosition":[21.9272,209.326,-3.68723],"carpPosition":[15.9416,244.025,50.6021],"dipPosition":[23.6368,219.653,-18.7165],"direction":[-0.0623995,-0.900081,0.431232],"extended":false,"handId":472,"id":4723,"length":63.1552,"mcpPosition":[23.1488,276.479,-1.02209],"pipPosition":[25.3312,244.094,-30.4263],"stabilizedTipPosition":[21.72,205.046,-8.08593],"timeVisible":5.28747,"tipPosition":[22.2202,211.637,-6.57255],"tipVelocity":[-12.4417,54.3297,-0.778599],"tool":false,"touchDistance":0.333333,"touchZone":"none","type":3,"width":17.7198},{"bases":[[[0.964046,-0.23463,0.124753],[0.111192,0.782566,0.612558],[-0.241352,-0.576663,0.780519]],[[0.952573,-0.259616,0.158758],[0.294813,0.657989,-0.692919],[0.0754323,0.706859,0.703321]],[[0.952573,-0.259616,0.158758],[0.0367661,-0.41969,-0.906922],[0.302081,0.869747,-0.39024]],[[0.952573,-0.259616,0.158758],[-0.114864,-0.789854,-0.602443],[0.281799,0.555635,-0.782214]]],"btipPosition":[29.6656,221.816,1.32078],"carpPosition":[29.1147,239.602,49.364],"dipPosition":[34.4269,231.204,-11.8956],"direction":[-0.302081,-0.869747,0.39024],"extended":false,"handId":472,"id":4724,"length":49.5125,"mcpPosition":[42.833,272.379,4.99996],"pipPosition":[40.2184,247.879,-19.3774],"stabilizedTipPosition":[29.877,216.84,-3.98005],"timeVisible":5.28747,"tipPosition":[30.5736,223.944,-1.67373],"tipVelocity":[-13.8005,56.5071,1.10096],"tool":false,"touchDistance":0.333333,"touchZone":"none","type":4,"width":15.7401}],"r":[[0.664874,0.603158,0.440616],[-0.626396,0.771564,-0.110983],[-0.406904,-0.202211,0.890809]],"s":1.05127,"t":[16.2987,33.0458,-83.6262],"timestamp":93490730664},false],[6,{"currentFrameRate":55.3755,"devices":[],"gestures":[{"center":[-34.9464,292.02,-93.5588],"duration":18030,"handIds":[472],"id":5,"normal":[-0.901152,0.234148,0.364829],"pointableIds":[4721],"progress":0.833928,"radius":9.21103,"state":"update","type":"circle"}],"hands":[{"armBasis":[[0.946876,0.284245,-0.150436],[-0.241932,0.937769,0.249116],[0.211884,-0.199487,0.956718]],"armWidth":62.4607,"confidence":0.754905,"direction":[-0.0378431,0.626573,-0.778444],"elbow":[70.9259,177.363,306.369],"grabStrength":0,"id":472,"palmNormal":[0.247671,-0.748815,-0.614765],"palmPosition":[6.65979,258.541,8.40339],"palmVelocity":[-18.5989,44.1833,7.18841],"palmWidth":89.1918,"pinchStrength":0.233671,"r":[[0.663681,0.603163,0.442406],[-0.627715,0.770754,-0.109148],[-0.40682,-0.205265,0.890148]],"s":1.0511,"sphereCenter":[-6.05199,238.097,-32.3911],"sphereRadius":48.6507,"stabilizedPalmPosition":[7.22961,256.361,7.81453],"t":[15.9611,33.8373,-83.4984],"timeVisible":5.30554,"type":"right","wrist":[14.8479,230.16,53.1597]}],"id":1685203,"interactionBox":{"center":[0,200,0],"size":[235.247,235.247,147.751]},"pointables":[{"bases":[[[0.160655,0.878968,0.449005],[-0.875118,-0.0835344,0.476645],[0.456463,-0.469508,0.75578]],[[0.111993,0.923284,0.367428],[-0.868027,-0.0890957,0.488458],[0.483722,-0.373641,0.791458]],[[0.111993,0.923284,0.367428],[-0.967824,0.18519,-0.170358],[-0.225333,-0.336527,0.914316]],[[0.111993,0.923284,0.367428],[-0.873543,0.26773,-0.406502],[-0.473689,-0.275439,0.836512]]],"btipPosition":[-14.7276,249.942,-42.7575],"carpPosition":[-9.45653,214.093,45.7179],"dipPosition":[-25.5945,243.623,-23.567],"direction":[0.225333,0.336527,-0.914316],"extended":false,"handId":472,"id":4720,"length":51.0864,"mcpPosition":[-9.45653,214.093,45.7179],"pipPosition":[-33.1256,232.376,6.99106],"stabilizedTipPosition":[-16.8137,247.534,-38.3965],"timeVisible":5.30554,"tipPosition":[-17.3294,248.78,-38.2553],"tipVelocity":[-18.9337,41.6862,1.77299],"tool":false,"touchDistance":-0.0892337,"touchZone":"touching","type":0,"width":19.8498},{"bases":[[[0.948007,0.318198,-0.0056566],[-0.274577,0.826775,0.490968],[0.160902,-0.463889,0.871159]],[[0.935563,0.347641,-0.0621975],[-0.259707,0.796585,0.545899],[0.239322,-0.494569,0.835539]],[[0.935563,0.347641,-0.0621975],[-0.314907,0.900905,0.298669],[0.159864,-0.259837,0.952328]],[[0.935563,0.347641,-0.0621975],[-0.342603,0.936148,0.0790537],[0.0857084,-0.0526506,0.994928]]],"btipPosition":[-33.852,298.046,-86.8989],"carpPosition":[-6.94676,236.726,50.3388],"dipPosition":[-32.4166,297.164,-70.2359],"direction":[-0.159864,0.259837,-0.952328],"extended":true,"handId":472,"id":4721,"length":57.6453,"mcpPosition":[-18.5503,270.18,-12.4854],"pipPosition":[-28.629,291.008,-47.6727],"stabilizedTipPosition":[-33.1354,296.955,-83.2517],"timeVisible":5.30554,"tipPosition":[-33.747,299.139,-82.434],"tipVelocity":[-20.8437,46.4211,9.39567],"tool":false,"touchDistance":-0.0766406,"touchZone":"touching","type":1,"width":18.9605},{"bases":[[[0.993855,0.106961,0.0284775],[-0.106753,0.858283,0.501951],[0.0292474,-0.501907,0.864427]],[[0.992278,0.124028,-0.0010407],[-0.0807704,0.639787,-0.764296],[-0.0941281,0.758479,0.644865]],[[0.992278,0.124028,-0.0010407],[0.0579313,-0.470863,-0.880302],[-0.109672,0.873444,-0.474413]],[[0.992278,0.124028,-0.0010407],[0.104926,-0.843869,-0.526189],[-0.0661403,0.522017,-0.850367]]],"btipPosition":[10.544,206.699,-10.1101],"carpPosition":[3.82146,242.173,50.5875],"dipPosition":[9.32565,216.315,-25.7744],"direction":[0.109672,-0.873444,0.474413],"extended":false,"handId":472,"id":4722,"length":65.6822,"mcpPosition":[1.82126,276.498,-8.52996],"pipPosition":[6.26861,240.661,-38.9984],"stabilizedTipPosition":[10.2775,202.541,-14.9405],"timeVisible":5.30554,"tipPosition":[10.2452,208.887,-13.6413],"tipVelocity":[-13.0677,46.1078,4.18625],"tool":false,"touchDistance":0.333333,"touchZone":"none","type":2,"width":18.6218},{"bases":[[[0.992527,-0.0330721,0.117454],[-0.0344868,0.847294,0.530003],[-0.117046,-0.530093,0.839822]],[[0.994939,-0.0209736,0.0982694],[0.0866366,0.674459,-0.733212],[-0.0509006,0.738014,0.672862]],[[0.994939,-0.0209736,0.0982694],[0.0796803,-0.431155,-0.898753],[0.0612195,0.902034,-0.427302]],[[0.994939,-0.0209736,0.0982694],[0.0386952,-0.822577,-0.567336],[0.0927333,0.568267,-0.817602]]],"btipPosition":[21.6687,209.94,-3.78192],"carpPosition":[15.6133,244.616,50.6766],"dipPosition":[23.3671,220.348,-18.7561],"direction":[-0.0612195,-0.902034,0.427302],"extended":false,"handId":472,"id":4723,"length":63.1552,"mcpPosition":[22.8002,277.164,-0.890203],"pipPosition":[25.0294,244.842,-30.3593],"stabilizedTipPosition":[21.7571,205.844,-7.99176],"timeVisible":5.30554,"tipPosition":[21.9595,212.297,-6.64414],"tipVelocity":[-13.3959,45.1419,-2.5653],"tool":false,"touchDistance":0.333333,"touchZone":"none","type":3,"width":17.7198},{"bases":[[[0.964273,-0.233742,0.124668],[0.110103,0.781652,0.61392],[-0.240946,-0.57826,0.779462]],[[0.952819,-0.258795,0.15862],[0.294344,0.660127,-0.691082],[0.0741395,0.705165,0.705157]],[[0.952819,-0.258795,0.15862],[0.0379155,-0.417002,-0.908114],[0.301161,0.871283,-0.387515]],[[0.952819,-0.258795,