{"sensorType":"Leap","data":[[0,{"currentFrameRate":53.7011,"devices":[],"gestures":[{"center":[-16.8271,287.251,-95.7593],"duration":0,"handIds":[472],"id":17,"normal":[-0.0691173,-0.0221807,0.997362],"pointableIds":[4721],"progress":1,"radius":22.7491,"state":"start","type":"circle"}],"hands":[{"armBasis":[[0.94792,0.303335,-0.0971341],[-0.280714,0.939734,0.195191],[0.150488,-0.157759,0.975943]],"armWidth":62.4607,"confidence":0.749077,"direction":[-0.123694,0.619759,-0.774983],"elbow":[62.9606,180.316,298.044],"grabStrength":0,"id":472,"palmNormal":[0.252119,-0.735725,-0.628605],"palmPosition":[10.4805,249.718,-4.42492],"palmVelocity":[-16.0576,1.5551,32.9783],"palmWidth":89.1918,"pinchStrength":0.503723,"r":[[0.653774,0.633364,0.41404],[-0.682401,0.729933,-0.0390725],[-0.326969,-0.256997,0.90942]],"s":1.00359,"sphereCenter":[-3.01865,228.354,-43.7069],"sphereRadius":47.9578,"stabilizedPalmPosition":[10.5254,249.597,-4.66597],"t":[19.708,25.7461,-96.8057],"timeVisible":17.0194,"type":"right","wrist":[23.1318,222.069,39.7465]}],"id":1685965,"interactionBox":{"center":[0,200,0],"size":[235.247,235.247,147.751]},"pointables":[{"bases":[[[0.136565,0.8889,0.437273],[-0.836885,-0.132667,0.531058],[0.530069,-0.438471,0.725789]],[[0.0813227,0.929283,0.360305],[-0.838041,-0.131929,0.529416],[0.539512,-0.345004,0.768049]],[[0.0813227,0.929283,0.360305],[-0.982313,0.135904,-0.128805],[-0.168664,-0.343458,0.923899]],[[0.0813227,0.929283,0.360305],[-0.679582,0.316138,-0.661985],[-0.729078,-0.191023,0.657234]]],"btipPosition":[-4.64043,237.311,-49.6694],"carpPosition":[-0.604376,204.568,33.868],"dipPosition":[-21.3663,232.929,-34.5918],"direction":[0.168664,0.343458,-0.923899],"extended":false,"handId":472,"id":4720,"length":51.0864,"mcpPosition":[-0.604376,204.568,33.868],"pipPosition":[-27.0033,221.45,-3.71345],"stabilizedTipPosition":[-8.35139,236.133,-46.4977],"timeVisible":17.0194,"tipPosition":[-9.25633,236.477,-46.3913],"tipVelocity":[-24.9875,3.59128,40.8251],"tool":false,"touchDistance":-0.248264,"touchZone":"touching","type":0,"width":19.8498},{"bases":[[[0.925365,0.373324,-0.0657992],[-0.291322,0.811413,0.506696],[0.242552,-0.44971,0.85961]],[[0.903985,0.406784,-0.131675],[-0.298826,0.821352,0.485884],[0.305801,-0.399884,0.864048]],[[0.903985,0.406784,-0.131675],[-0.362439,0.892425,0.26873],[0.226825,-0.195203,0.954173]],[[0.903985,0.406784,-0.131675],[-0.398572,0.913203,0.0848562],[0.154764,-0.0242269,0.987654]]],"btipPosition":[-37.4825,281.632,-99.2239],"carpPosition":[0.853654,227.33,38.3035],"dipPosition":[-34.8905,281.227,-82.6827],"direction":[-0.226825,0.195203,-0.954173],"extended":true,"handId":472,"id":4721,"length":57.6453,"mcpPosition":[-16.6381,259.761,-23.6879],"pipPosition":[-29.5164,276.602,-60.0758],"stabilizedTipPosition":[-36.7972,281.609,-95.5554],"timeVisible":17.0194,"tipPosition":[-37.0875,282.655,-95.0202],"tipVelocity":[-29.5419,-48.5484,28.369],"tool":false,"touchDistance":0.34485,"touchZone":"hovering","type":1,"width":18.9605},{"bases":[[[0.985641,0.165301,-0.0344665],[-0.125289,0.852776,0.507027],[0.113204,-0.495428,0.861241]],[[0.981906,0.179728,-0.0596535],[-0.166318,0.667854,-0.725471],[-0.0905476,0.722266,0.685662]],[[0.981906,0.179728,-0.0596535],[0.0631608,-0.607798,-0.791576],[-0.178526,0.773485,-0.608152]],[[0.981906,0.179728,-0.0596535],[0.156793,-0.948249,-0.276115],[-0.106192,0.261765,-0.959272]]],"btipPosition":[14.7451,206.775,-18.8064],"carpPosition":[11.2764,233.401,37.8669],"dipPosition":[12.7889,211.597,-36.4768],"direction":[0.178526,-0.773485,0.608152],"extended":false,"handId":472,"id":4722,"length":65.6822,"mcpPosition":[3.53448,267.283,-21.0326],"pipPosition":[7.81265,233.158,-53.4287],"stabilizedTipPosition":[14.1907,207.659,-23.3973],"timeVisible":17.0194,"tipPosition":[14.1924,208.362,-22.4279],"tipVelocity":[-1.97567,-2.16212,23.0257],"tool":false,"touchDistance":0.333333,"touchZone":"none","type":2,"width":18.6218},{"bases":[[[0.998178,0.025834,0.0545248],[-0.0508764,0.846179,0.530465],[-0.0324337,-0.532272,0.845952]],[[0.998542,0.0335094,0.0423161],[0.00883943,0.671863,-0.740623],[-0.0532485,0.739917,0.670587]],[[0.998542,0.0335094,0.0423161],[0.0539771,-0.621689,-0.781402],[0.000123102,0.782547,-0.622591]],[[0.998542,0.0335094,0.0423161],[0.0439849,-0.959555,-0.278064],[0.0312869,0.27952,-0.95963]]],"btipPosition":[26.6332,210.441,-9.62225],"carpPosition":[22.8859,236.533,37.2088],"dipPosition":[27.2062,215.56,-27.1976],"direction":[-0.000123102,-0.782547,0.622591],"extended":false,"handId":472,"id":4723,"length":63.1552,"mcpPosition":[24.8774,269.216,-14.7343],"pipPosition":[27.2095,236.81,-44.1038],"stabilizedTipPosition":[26.6715,211.203,-14.9709],"timeVisible":17.0194,"tipPosition":[26.6342,212.092,-13.3324],"tipVelocity":[-2.92943,6.08087,44.0487],"tool":false,"touchDistance":0.333333,"touchZone":"none","type":3,"width":17.7198},{"bases":[[[0.982309,-0.176115,0.0636654],[0.102332,0.789524,0.605127],[-0.156837,-0.587907,0.793579]],[[0.993266,-0.114314,-0.0188212],[0.0713758,0.731776,-0.677797],[0.0912545,0.67189,0.735008]],[[0.993266,-0.114314,-0.0188212],[-0.0813737,-0.572754,-0.815678],[0.0824634,0.811718,-0.578199]],[[0.993266,-0.114314,-0.0188212],[-0.11435,-0.94127,-0.317702],[0.0186018,0.317715,-0.948004]]],"btipPosition":[40.053,222.101,-8.33847],"carpPosition":[36.1967,232.903,35.1406],"dipPosition":[40.3673,227.469,-24.3561],"direction":[-0.0824634,-0.811718,0.578199],"extended":false,"handId":472,"id":4724,"length":49.5125,"mcpPosition":[45.1113,266.32,-9.9658],"pipPosition":[41.9484,243.032,-35.4415],"stabilizedTipPosition":[40.1542,222.847,-12.6666],"timeVisible":17.0194,"tipPosition":[40.0745,223.588,-11.6693],"tipVelocity":[-7.27428,11.3609,23.0295],"tool":false,"touchDistance":0.333333,"touchZone":"none","type":4,"width":15.7401}],"r":[[0.653774,0.633364,0.41404],[-0.682401,0.729933,-0.0390725],[-0.326969,-0.256997,0.90942]],"s":1.00359,"t":[19.708,25.7461,-96.8057],"timestamp":93502462639},true],[1,{"currentFrameRate":53.8425,"devices":[],"gestures":[{"center":[-16.3876,281.806,-95.7628],"duration":18071,"handIds":[472],"id":17,"normal":[-0.0623598,-0.02447,0.997754],"pointableIds":[4721],"progress":1.01194,"radius":20.8742,"state":"update","type":"circle"}],"hands":[{"armBasis":[[0.946688,0.306471,-0.0992831],[-0.28329,0.938709,0.196399],[0.153389,-0.157803,0.975485]],"armWidth":62.4607,"confidence":0.766562,"direction":[-0.132363,0.627333,-0.76742],"elbow":[64.0521,180.356,298.601],"grabStrength":0,"id":472,"palmNormal":[0.250481,-0.727933,-0.638257],"palmPosition":[10.3441,250.178,-3.35346],"palmVelocity":[-12.0157,12.894,45.4798],"palmWidth":89.1918,"pinchStrength":0.500413,"r":[[0.652983,0.635861,0.411454],[-0.685763,0.726976,-0.035154],[-0.32147,-0.259205,0.910752]],"s":1.00275,"sphereCenter":[-3.06106,229.024,-42.8292],"sphereRadius":47.8953,"stabilizedPalmPosition":[10.443,249.861,-4.06971],"t":[19.5078,26.0057,-95.9666],"timeVisible":17.0375,"type":"right","wrist":[23.4557,222.121,40.4252]}],"id":1685966,"interactionBox":{"center":[0,200,0],"size":[235.247,235.247,147.751]},"pointables":[{"bases":[[[0.136046,0.884842,0.445585],[-0.832184,-0.141975,0.536016],[0.537551,-0.443732,0.717036]],[[0.0808779,0.925249,0.370638],[-0.831704,-0.142283,0.536678],[0.549297,-0.351667,0.758026]],[[0.0808779,0.925249,0.370638],[-0.984357,0.132542,-0.116074],[-0.156522,-0.355453,0.921496]],[[0.0808779,0.925249,0.370638],[-0.685579,0.32156,-0.653131],[-0.723492,-0.201278,0.660338]]],"btipPosition":[-5.29713,238.283,-48.4941],"carpPosition":[-0.248369,204.578,34.5438],"dipPosition":[-21.8948,233.665,-33.3452],"direction":[0.156522,0.355453,-0.921496],"extended":false,"handId":472,"id":4720,"length":51.0864,"mcpPosition":[-0.248369,204.578,34.5438],"pipPosition":[-27.126,221.786,-2.54721],"stabilizedTipPosition":[-8.76115,236.717,-45.6989],"timeVisible":17.0375,"tipPosition":[-9.73969,237.343,-45.2176],"tipVelocity":[-29.6062,26.011,52.7601],"tool":false,"touchDistance":-0.228402,"touchZone":"touching","type":0,"width":19.8498},{"bases":[[[0.923192,0.378108,-0.0689303],[-0.290952,0.804726,0.517459],[0.251125,-0.457658,0.852927]],[[0.901077,0.412275,-0.134499],[-0.301251,0.818184,0.489717],[0.311944,-0.400755,0.861445]],[[0.901077,0.412275,-0.134499],[-0.366969,0.890164,0.270077],[0.231073,-0.194003,0.953398]],[[0.901077,0.412275,-0.134499],[-0.40413,0.910802,0.0843748],[0.157288,-0.0216729,0.987315]]],"btipPosition":[-38.2117,282.139,-97.7034],"carpPosition":[1.14437,227.298,39.2083],"dipPosition":[-35.5774,281.776,-81.168],"direction":[-0.231073,0.194003,-0.953398],"extended":true,"handId":472,"id":4721,"length":57.6453,"mcpPosition":[-16.9657,260.302,-22.3011],"pipPosition":[-30.1027,277.179,-58.5794],"stabilizedTipPosition":[-37.271,281.871,-94.5855],"timeVisible":17.0375,"tipPosition":[-37.8686,283.255,-93.4438],"tipVelocity":[-34.4209,-11.9074,54.8309],"tool":false,"touchDistance":0.366486,"touchZone":"hovering","type":1,"width":18.9605},{"bases":[[[0.984615,0.170037,-0.0402603],[-0.125103,0.846821,0.516956],[0.121995,-0.503966,0.855065]],[[0.98062,0.184723,-0.065284],[-0.17483,0.674655,-0.71713],[-0.0884264,0.714646,0.693875]],[[0.98062,0.184723,-0.065284],[0.05972,-0.599188,-0.798378],[-0.186596,0.779007,-0.598607]],[[0.98062,0.184723,-0.065284],[0.15881,-0.944587,-0.287288],[-0.114735,0.271352,-0.955617]]],"btipPosition":[14.6864,207.407,-18.2161],"carpPosition":[11.5369,233.42,38.7562],"dipPosition":[12.573,212.406,-35.8192],"direction":[0.186596,-0.779007,0.598607],"extended":false,"handId":472,"id":4722,"length":65.6822,"mcpPosition":[3.19373,267.886,-19.7209],"pipPosition":[7.37169,234.12,-52.505],"stabilizedTipPosition":[14.1924,207.818,-23.1968],"timeVisible":17.0375,"tipPosition":[14.0993,209.025,-21.8218],"tipVelocity":[-3.5299,16.5457,28.0121],"tool":false,"touchDistance":0.333333,"touchZone":"none","type":2,"width":18.6218},{"bases":[[[0.998446,0.0296973,0.0471533],[-0.0504844,0.840309,0.539753],[-0.0235942,-0.541294,0.840502]],[[0.998688,0.0378171,0.0345346],[-0.000239314,0.677771,-0.735273],[-0.0512125,0.7343,0.676891]],[[0.998688,0.0378171,0.0345346],[0.0505093,-0.615923,-0.786186],[-0.00846063,0.786898,-0.617025]],[[0.998688,0.0378171,0.0345346],[0.0461256,-0.957213,-0.285686],[0.0222531,0.286904,-0.957701]]],"btipPosition":[26.641,211.064,-8.91657],"carpPosition":[23.1272,236.61,38.0424],"dipPosition":[27.0486,216.319,-26.4566],"direction":[0.00846063,-0.786898,0.617025],"extended":false,"handId":472,"id":4723,"length":63.1552,"mcpPosition":[24.5759,269.847,-13.5661],"pipPosition":[26.8188,237.687,-43.2116],"stabilizedTipPosition":[26.6795,211.339,-14.7142],"timeVisible":17.0375,"tipPosition":[26.6094,212.703,-12.7002],"tipVelocity":[-2.33198,20.3993,41.8876],"tool":false,"touchDistance":0.333333,"touchZone":"none","type":3,"width":17.7198},{"bases":[[[0.983529,-0.172406,0.0542801],[0.10354,0.783552,0.612638],[-0.148153,-0.596927,0.788498]],[[0.993582,-0.10968,-0.0276436],[0.062946,0.739218,-0.670518],[0.0939771,0.664475,0.741378]],[[0.993582,-0.10968,-0.0276436],[-0.0851361,-0.564268,-0.82119],[0.0744698,0.818273,-0.569985]],[[0.993582,-0.10968,-0.0276436],[-0.112673,-0.938258,-0.327072],[0.00993645,0.328087,-0.944595]]],"btipPosition":[40.0054,222.728,-7.792],"carpPosition":[36.4374,233.061,35.8342],"dipPosition":[40.1733,228.271,-23.752],"direction":[-0.0744698,-0.818273,0.569985],"extended":false,"handId":472,"id":4724,"length":49.5125,"mcpPosition":[44.8583,266.99,-8.98345],"pipPosition":[41.601,243.959,-34.6799],"stabilizedTipPosition":[40.1332,223.067,-12.4375],"timeVisible":17.0375,"tipPosition":[39.9956,224.25,-11.1089],"tipVelocity":[-5.95644,23.5011,26.8037],"tool":false,"touchDistance":0.333333,"touchZone":"none","type":4,"width":15.7401}],"r":[[0.652983,0.635861,0.411454],[-0.685763,0.726976,-0.035154],[-0.32147,-0.259205,0.910752]],"s":1.00275,"t":[19.5078,26.0057,-95.9666],"timestamp":93502480710},true],[2,{"currentFrameRate":53.9698,"devices":[],"gestures":[{"center":[-16.1258,281.119,-95.6486],"duration":36149,"handIds":[472],"id":17,"normal":[-0.0523217,-0.0276668,0.998247],"pointableIds":[4721],"progress":1.02117,"radius":20.6548,"state":"update","type":"circle"}],"hands":[{"armBasis":[[0.945687,0.3087,-0.101884],[-0.284782,0.937859,0.198292],[0.156766,-0.158508,0.974833]],"armWidth":62.4607,"confidence":0.702047,"direction":[-0.139156,0.632464,-0.761988],"elbow":[65.0556,180.152,299.209],"grabStrength":0,"id":472,"palmNormal":[0.248479,-0.722556,-0.645113],"palmPosition":[10.0889,250.436,-2.28356],"palmVelocity":[-13.012,13.5568,51.9917],"palmWidth":89.1918,"pinchStrength":0.493368,"r":[[0.652487,0.63765,0.409468],[-0.688896,0.724236,-0.0300715],[-0.315726,-0.262459,0.911829]],"s":1.00196,"sphereCenter":[-3.19333,229.404,-41.8775],"sphereRadius":47.8241,"stabilizedPalmPosition":[10.3435,250.022,-3.56773],"t":[19.2802,26.2647,-95.0121],"timeVisible":17.0556,"type":"right","wrist":[23.5653,222.103,41.2053]}],"id":1685967,"interactionBox":{"center":[0,200,0],"size":[235.247,235.247,147.751]},"pointables":[{"bases":[[[0.136334,0.882001,0.451096],[-0.828283,-0.148316,0.540324],[0.543471,-0.4473,0.710325]],[[0.0809954,0.922508,0.377384],[-0.826556,-0.149423,0.542659],[0.556997,-0.355882,0.750402]],[[0.0809954,0.922508,0.377384],[-0.985747,0.130155,-0.106598],[-0.147456,-0.363371,0.919901]],[[0.0809954,0.922508,0.377384],[-0.689837,0.325175,-0.646828],[-0.71942,-0.207943,0.662718]]],"btipPosition":[-5.9468,238.861,-47.3162],"carpPosition":[-0.124842,204.533,35.3499],"dipPosition":[-22.4511,234.091,-32.1127],"direction":[0.147456,0.363371,-0.919901],"extended":false,"handId":472,"id":4720,"length":51.0864,"mcpPosition":[-0.124842,204.533,35.3499],"pipPosition":[-27.3793,221.946,-1.368],"stabilizedTipPosition":[-9.16691,237.15,-44.922],"timeVisible":17.0556,"tipPosition":[-10.2758,237.863,-44.0414],"tipVelocity":[-32.0499,27.928,58.9818],"tool":false,"touchDistance":-0.208561,"touchZone":"touching","type":0,"width":19.8498},{"bases":[[[0.921617,0.381338,-0.0721369],[-0.289954,0.800099,0.525137],[0.257971,-0.463059,0.847955]],[[0.898918,0.415991,-0.137467],[-0.303043,0.816977,0.490626],[0.316404,-0.399374,0.860459]],[[0.898918,0.415991,-0.137467],[-0.370617,0.889352,0.267762],[0.233644,-0.189749,0.953628]],[[0.898918,0.415991,-0.137467],[-0.408568,0.909236,0.079765],[0.158172,-0.0155375,0.987289]]],"btipPosition":[-38.8817,282.191,-96.3469],"carpPosition":[1.23155,227.222,40.1698],"dipPosition":[-36.2327,281.931,-79.8118],"direction":[-0.233644,0.189749,-0.953628],"extended":true,"handId":472,"id":4721,"length":57.6453,"mcpPosition":[-17.3722,260.616,-20.981],"pipPosition":[-30.697,277.435,-57.2178],"stabilizedTipPosition":[-37.634,281.965,-93.8455],"timeVisible":17.0556,"tipPosition":[-38.5925,283.411,-92.0384],"tipVelocity":[-35.5885,-4.26087,64.4324],"tool":false,"touchDistance":0.383518,"touchZone":"hovering","type":1,"width":18.9605},{"bases":[[[0.983832,0.173249,-0.0453708],[-0.124235,0.842689,0.52387],[0.128994,-0.509764,0.850589]],[[0.979612,0.18817,-0.0703736],[-0.181098,0.675458,-0.714815],[-0.0869725,0.712985,0.695764]],[[0.979612,0.18817,-0.0703736],[0.0569801,-0.596147,-0.800851],[-0.192649,0.780513,-0.594714]],[[0.979612,0.18817,-0.0703736],[0.159872,-0.942297,-0.294139],[-0.121661,0.276891,-0.953168]]],"btipPosition":[14.5015,207.696,-17.214],"carpPosition":[11.603,233.378,39.6951],"dipPosition":[12.2604,212.797,-34.772],"direction":[0.192649,-0.780513,0.594714],"extended":false,"handId":472,"id":4722,"length":65.6822,"mcpPosition":[2.78118,268.24,-18.4759],"pipPosition":[6.89045,234.553,-51.3493],"stabilizedTipPosition":[14.1718,207.923,-23.0026],"timeVisible":17.0556,"tipPosition":[13.8782,209.338,-20.9381],"tipVelocity":[-7.4853,16.901,41.3158],"tool":false,"touchDistance":0.333333,"touchZone":"none","type":2,"width":18.6218},{"bases":[[[0.998639,0.0323232,0.0409332],[-0.0494523,0.836234,0.546138],[-0.0165768,-0.547419,0.836694]],[[0.998776,0.0408191,0.027937],[-0.00741209,0.681927,-0.731382],[-0.0489053,0.73028,0.681395]],[[0.998776,0.0408191,0.027937],[0.0471119,-0.612943,-0.788722],[-0.0150711,0.789072,-0.614115]],[[0.998776,0.0408191,0.027937],[0.0471629,-0.956137,-0.289097],[0.0149109,0.290061,-0.956892]]],"btipPosition":[26.4749,211.497,-8.08653],"carpPosition":[23.179,236.608,38.9298],"dipPosition":[26.748,216.81,-25.6118],"direction":[0.0150711,-0.789072,0.614115],"extended":false,"handId":472,"id":4723,"length":63.1552,"mcpPosition":[24.1969,270.22,-12.445],"pipPosition":[26.3388,238.237,-42.2878],"stabilizedTipPosition":[26.6685,211.446,-14.5133],"timeVisible":17.0556,"tipPosition":[26.4166,213.097,-11.9335],"tipVelocity":[-6.40324,22.4362,43.8909],"tool":false,"touchDistance":0.333333,"touchZone":"none","type":3,"width":17.7198},{"bases":[[[0.98436,-0.169869,0.0466921],[0.105206,0.779411,0.617616],[-0.141306,-0.603044,0.785092]],[[0.9937,-0.10652,-0.0348438],[0.0564935,0.744587,-0.665131],[0.0967938,0.658972,0.745914]],[[0.9937,-0.10652,-0.0348438],[-0.0887257,-0.557754,-0.82525],[0.0684712,0.823143,-0.563691]],[[0.9937,-0.10652,-0.0348438],[-0.112034,-0.935872,-0.334054],[0.00297408,0.335853,-0.94191]]],"btipPosition":[39.7988,223.095,-7.14568],"carpPosition":[36.485,233.115,36.6101],"dipPosition":[39.8491,228.77,-23.0603],"direction":[-0.0684712,-0.823143,0.563691],"extended":false,"handId":472,"id":4724,"length":49.5125,"mcpPosition":[44.5168,267.391,-8.01391],"pipPosition":[41.1618,244.551,-33.8676],"stabilizedTipPosition":[40.0907,223.243,-12.2224],"timeVisible":17.0556,"tipPosition":[39.7655,224.642,-10.4466],"tipVelocity":[-9.26667,22.7789,31.3302],"tool":false,"touchDistance":0.333333,"touchZone":"none","type":4,"width":15.7401}],"r":[[0.652487,0.63765,0.409468],[-0.688896,0.724236,-0.0300715],[-0.315726,-0.262459,0.911829]],"s":1.00196,"t":[19.2802,26.2647,-95.0121],"timestamp":93502498788},true],[3,{"currentFrameRate":54.0619,"devices":[],"gestures":[{"center":[-16.1258,281.119,-95.6486],"duration":36149,"handIds":[472],"id":17,"normal":[-0.0523217,-0.0276668,0.998247],"pointableIds":[4721],"progress":1.02117,"radius":20.6548,"state":"update","type":"circle"}],"hands":[{"armBasis":[[0.950096,0.296082,-0.0982481],[-0.270725,0.939045,0.211904],[0.155,-0.174731,0.972339]],"armWidth":62.4607,"confidence":0.619868,"direction":[-0.143584,0.637926,-0.756594],"elbow":[64.9231,174.991,300.487],"grabStrength":0,"id":472,"palmNormal":[0.230087,-0.722047,-0.652463],"palmPosition":[10.0821,249.945,0.0105543],"palmVelocity":[-6.98572,-5.79351,87.4093],"palmWidth":89.1918,"pinchStrength":0.468937,"r":[[0.654814,0.637174,0.406483],[-0.689785,0.723644,-0.023141],[-0.308894,-0.265233,0.913365]],"s":1.00196,"sphereCenter":[-3.68293,229.146,-39.4976],"sphereRadius":47.7573,"stabilizedPalmPosition":[10.3055,250.011,-3.04783],"t":[19.1629,26.1488,-93.3878],"timeVisible":17.0738,"type":"right","wrist":[23.9001,221.236,43.1442]}],"id":1685968,"interactionBox":{"center":[0,200,0],"size":[235.247,235.247,147.751]},"pointables":[{"bases":[[[0.153501,0.878047,0.453289],[-0.821492,-0.141546,0.552372],[0.54917,-0.457163,0.699581]],[[0.0978442,0.919343,0.381098],[-0.816832,-0.144569,0.558467],[0.568517,-0.365936,0.736804]],[[0.0978442,0.919343,0.381098],[-0.986427,0.140327,-0.0852598],[-0.131861,-0.367583,0.920595]],[[0.0978442,0.919343,0.381098],[-0.698928,0.336083,-0.631306],[-0.708467,-0.20459,0.675438]]],"btipPosition":[-7.23785,238.854,-44.7456],"carpPosition":[-0.0797485,203.97,37.5702],"dipPosition":[-23.4909,234.161,-29.2503],"direction":[0.131861,0.367583,-0.920595],"extended":false,"handId":472,"id":4720,"length":51.0864,"mcpPosition":[-0.0797485,203.97,37.5702],"pipPosition":[-27.8979,221.875,1.51761],"stabilizedTipPosition":[-9.67875,237.327,-43.8638],"timeVisible":17.0738,"tipPosition":[-11.2961,237.845,-41.4056],"tipVelocity":[-49.1338,14.8862,100.084],"tool":false,"touchDistance":-0.164599,"touchZone":"touching","type":0,"width":19.8498},{"bases":[[[0.924747,0.371073,-0.0845412],[-0.272512,0.800677,0.53353],[0.265669,-0.470342,0.841545]],[[0.901274,0.406542,-0.14976],[-0.289347,0.822092,0.490349],[0.322464,-0.398607,0.858563]],[[0.901274,0.406542,-0.14976],[-0.360111,0.895138,0.262771],[0.240883,-0.182899,0.953165]],[[0.901274,0.406542,-0.14976],[-0.400247,0.913621,0.0714045],[0.165853,-0.00441416,0.986141]]],"btipPosition":[-39.61,281.73,-93.4636],"carpPosition":[1.61377,226.617,42.4808],"dipPosition":[-36.8323,281.656,-76.9478],"direction":[-0.240883,0.182899,-0.953165],"extended":true,"handId":472,"id":4721,"length":57.6453,"mcpPosition":[-17.5451,260.536,-18.2078],"pipPosition":[-31.1252,277.323,-54.3647],"stabilizedTipPosition":[-37.8975,281.915,-93.0217],"timeVisible":17.0738,"tipPosition":[-39.333,283.126,-89.0952],"tipVelocity":[-36.9528,-13.1936,109.264],"tool":false,"touchDistance":0.421682,"touchZone":"hovering","type":1,"width":18.9605},{"bases":[[[0.984954,0.162147,-0.059775],[-0.10635,0.841363,0.529903],[0.136215,-0.515573,0.845949]],[[0.980449,0.177467,-0.0850025],[-0.183352,0.667131,-0.722024],[-0.0714273,0.723493,0.686627]],[[0.980449,0.177467,-0.0850025],[0.0411154,-0.607208,-0.793478],[-0.19243,0.77447,-0.602633]],[[0.980449,0.177467,-0.0850025],[0.145964,-0.945626,-0.290664],[-0.131964,0.272574,-0.953042]]],"btipPosition":[13.9011,207.123,-14.066],"carpPosition":[12.0472,232.656,41.8757],"dipPosition":[11.4703,212.144,-31.6216],"direction":[0.19243,-0.77447,0.602633],"extended":false,"handId":472,"id":4722,"length":65.6822,"mcpPosition":[2.7316,267.915,-15.9781],"pipPosition":[6.10638,233.732,-48.4197],"stabilizedTipPosition":[14.1313,207.94,-22.7636],"timeVisible":17.0738,"tipPosition":[13.2079,208.753,-18.2223],"tipVelocity":[-20.8203,-6.69575,104.253],"tool":false,"touchDistance":0.333333,"touchZone":"none","type":2,"width":18.6218},{"bases":[[[0.99946,0.0206192,0.0255897],[-0.0313113,0.833934,0.550975],[-0.00997948,-0.551479,0.834129]],[[0.999492,0.0294235,0.0122658],[-0.0111888,0.6841,-0.729303],[-0.0298496,0.728795,0.684081]],[[0.999492,0.0294235,0.0122658],[0.0277392,-0.613178,-0.789457],[-0.0157075,0.789396,-0.613683]],[[0.999492,0.0294235,0.0122658],[0.0317156,-0.95661,-0.28964],[0.00321133,0.289882,-0.957057]]],"btipPosition":[25.9345,210.954,-6.03839],"carpPosition":[23.6467,235.756,40.9468],"dipPosition":[25.9933,216.263,-23.5666],"direction":[0.0157075,-0.789396,0.613683],"extended":false,"handId":472,"id":4723,"length":63.1552,"mcpPosition":[24.2595,269.618,-10.2705],"pipPosition":[25.5668,237.699,-40.2309],"stabilizedTipPosition":[26.6407,211.474,-14.3414],"timeVisible":17.0738,"tipPosition":[25.8385,212.499,-9.96999],"tipVelocity":[-18.8279,-2.54008,76.6978],"tool":false,"touchDistance":0.333333,"touchZone":"none","type":3,"width":17.7198},{"bases":[[[0.98293,-0.181422,0.0305679],[0.123765,0.774969,0.619762],[-0.136128,-0.6054,0.784194]],[[0.991717,-0.118213,-0.0502254],[0.0553469,0.746189,-0.663429],[0.115904,0.655154,0.746552]],[[0.991717,-0.118213,-0.0502254],[-0.107752,-0.552912,-0.826243],[0.0699026,0.824811,-0.561071]],[[0.991717,-0.118213,-0.0502254],[-0.128252,-0.932598,-0.337362],[-0.0069595,0.341009,-0.940034]]],"btipPosition":[39.3714,222.249,-5.40517],"carpPosition":[36.8739,232.122,38.4036],"dipPosition":[39.2538,228.011,-21.2881],"direction":[-0.0699026,-0.824811,0.561071],"extended":false,"handId":472,"id":4724,"length":49.5125,"mcpPosition":[44.6113,266.532,-6.16934],"pipPosition":[40.594,243.825,-32.0451],"stabilizedTipPosition":[40.0398,223.265,-12.0069],"timeVisible":17.0738,"tipPosition":[39.3168,223.822,-8.72586],"tipVelocity":[-17.0791,-9.75919,62.2633],"tool":false,"touchDistance":0.333333,"touchZone":"none","type":4,"width":15.7401}],"r":[[0.654814,0.637174,0.406483],[-0.689785,0.723644,-0.023141],[-0.308894,-0.265233,0.913365]],"s":1.00196,"t":[19.1629,26.1488,-93.3878],"timestamp":93502516960},true],[4,{"currentFrameRate":54.1928,"devices":[],"gestures":[{"center":[-16.1258,281.119,-95.6486],"duration":36149,"handIds":[472],"id":17,"normal":[-0.0523217,-0.0276668,0.998247],"pointableIds":[4721],"progress":1.02117,"radius":20.6548,"state":"update","type":"circle"}],"hands":[{"armBasis":[[0.949581,0.298213,-0.0967685],[-0.272892,0.938128,0.21318],[0.154354,-0.176024,0.972209]],"armWidth":62.4607,"confidence":0.65023,"direction":[-0.159733,0.638966,-0.752468],"elbow":[65.0371,174.05,302.142],"grabStrength":0,"id":472,"palmNormal":[0.223562,-0.719035,-0.658034],"palmPosition":[9.49222,249.372,2.00695],"palmVelocity":[-19.2049,-18.1294,98.566],"palmWidth":89.1918,"pinchStrength":0.446514,"r":[[0.657234,0.637366,0.402254],[-0.691365,0.722351,-0.0149499],[-0.300097,-0.268279,0.915406]],"s":1.00228,"sphereCenter":[-4.34531,228.44,-37.3782],"sphereRadius":47.6742,"stabilizedPalmPosition":[10.2442,249.963,-2.66654],"t":[18.8094,25.8044,-91.5775],"timeVisible":17.0918,"type":"right","wrist":[24.1851,220.637,44.8329]}],"id":1685969,"interactionBox":{"center":[0,200,0],"size":[235.247,235.247,147.751]},"pointables":[{"bases":[[[0.155781,0.877796,0.452997],[-0.811461,-0.14778,0.565413],[0.563261,-0.45567,0.689276]],[[0.0998665,0.918204,0.383312],[-0.802925,-0.153156,0.576068],[0.587655,-0.365301,0.721954]],[[0.0998665,0.918204,0.383312],[-0.988937,0.134062,-0.063485],[-0.10968,-0.372732,0.921434]],[[0.0998665,0.918204,0.383312],[-0.714003,0.334437,-0.615103],[-0.692984,-0.212258,0.688999]]],"btipPosition":[-8.97255,238.445,-42.32],"carpPosition":[0.218549,203.244,39.6083],"dipPosition":[-24.8703,233.575,-26.5136],"direction":[0.10968,0.372732,-0.921434],"extended":false,"handId":472,"id":4720,"length":51.0864,"mcpPosition":[0.218549,203.244,39.6083],"pipPosition":[-28.536,221.118,4.28233],"stabilizedTipPosition":[-10.2899,237.326,-42.7909],"timeVisible":17.0918,"tipPosition":[-12.7481,237.334,-38.9411],"tipVelocity":[-69.3782,-4.0042,118.419],"tool":false,"touchDistance":-0.12298,"touchZone":"touching","type":0,"width":19.8498},{"bases":[[[0.921043,0.376736,-0.0987432],[-0.268395,0.797711,0.540019],[0.282213,-0.470879,0.83584]],[[0.896242,0.412294,-0.163595],[-0.290515,0.82432,0.485898],[0.335188,-0.387955,0.858568]],[[0.896242,0.412294,-0.163595],[-0.366035,0.895767,0.252231],[0.250537,-0.166178,0.953738]],[[0.896242,0.412294,-0.163595],[-0.408677,0.910911,0.0567853],[0.172433,0.0159642,0.984892]]],"btipPosition":[-41.4319,279.854,-90.9764],"carpPosition":[1.85979,225.888,44.5495],"dipPosition":[-38.544,280.121,-74.4815],"direction":[-0.250537,0.166178,-0.953738],"extended":true,"handId":472,"id":4721,"length":57.6453,"mcpPosition":[-18.4922,259.846,-15.7277],"pipPosition":[-32.6081,276.184,-51.8849],"stabilizedTipPosition":[-38.2958,281.638,-92.2114],"timeVisible":17.0918,"tipPosition":[-41.2137,281.477,-86.5399],"tipVelocity":[-66.7433,-54.2726,122.864],"tool":false,"touchDistance":0.450083,"touchZone":"hovering","type":1,"width":18.9605},{"bases":[[[0.982872,0.168108,-0.0755139],[-0.102557,0.839387,0.533771],[0.153116,-0.516884,0.842251]],[[0.977822,0.183578,-0.100812],[-0.198132,0.654824,-0.729348],[-0.0678779,0.733147,0.676675]],[[0.977822,0.183578,-0.100812],[0.035819,-0.62084,-0.783119],[-0.206351,0.76214,-0.613646]],[[0.977822,0.183578,-0.100812],[0.149029,-0.948082,-0.280945],[-0.147153,0.259691,-0.954414]]],"btipPosition":[13.4445,206.671,-11.0974],"carpPosition":[12.2463,231.99,43.7889],"dipPosition":[10.7338,211.455,-28.6783],"direction":[0.206351,-0.76214,0.613646],"extended":false,"handId":472,"id":4722,"length":65.6822,"mcpPosition":[1.77482,267.339,-13.8119],"pipPosition":[4.9819,232.699,-45.7833],"stabilizedTipPosition":[14.0997,207.936,-22.5798],"timeVisible":17.0918,"tipPosition":[12.6587,208.189,-15.6292],"tipVelocity":[-24.6742,-16.8477,132.873],"tool":false,"touchDistance":0.333333,"touchZone":"none","type":2,"width":18.6218},{"bases":[[[0.999607,0.0264535,0.00923166],[-0.0271397,0.832348,0.553589],[0.00696041,-0.553622,0.832739]],[[0.999364,0.0353986,-0.00422961],[-0.0273628,0.685578,-0.727485],[-0.0228522,0.727138,0.686111]],[[0.999364,0.0353986,-0.00422961],[0.0183449,-0.612346,-0.790377],[-0.0305682,0.789797,-0.612606]],[[0.999364,0.0353986,-0.00422961],[0.032643,-0.956291,-0.290589],[-0.0143312,0.290266,-0.956839]]],"btipPosition":[25.4766,210.545,-4.34411],"carpPosition":[23.8106,235.16,42.6778],"dipPosition":[25.2141,215.861,-21.8684],"direction":[0.0305682,-0.789797,0.612606],"extended":false,"handId":472,"id":4723,"length":63.1552,"mcpPosition":[23.3832,269.154,-8.45408],"pipPosition":[24.3841,237.308,-38.5034],"stabilizedTipPosition":[26.6154,211.48,-14.2182],"timeVisible":17.0918,"tipPosition":[25.3091,212.06,-8.29867],"tipVelocity":[-23.9097,-12.0636,84.9988],"tool":false,"touchDistance":0.333333,"touchZone":"none","type":3,"width":17.7198},{"bases":[[[0.984346,-0.175694,0.0139534],[0.129388,0.774126,0.619667],[-0.119673,-0.608161,0.784741]],[[0.991405,-0.113193,-0.0656012],[0.0406602,0.743182,-0.667853],[0.12435,0.659446,0.741396]],[[0.991405,-0.113193,-0.0656012],[-0.118008,-0.557233,-0.821928],[0.0564811,0.822605,-0.565801]],[[0.991405,-0.113193,-0.0656012],[-0.128706,-0.933804,-0.333834],[-0.0234711,0.339408,-0.940346]]],"btipPosition":[38.8211,221.816,-3.65686],"carpPosition":[37.0153,231.611,39.9084],"dipPosition":[38.4245,227.551,-19.5451],"direction":[-0.0564811,-0.822605,0.565801],"extended":false,"handId":472,"id":4724,"length":49.5125,"mcpPosition":[43.8174,266.179,-4.69568],"pipPosition":[39.5074,243.322,-30.3928],"stabilizedTipPosition":[39.9908,223.261,-11.8311],"timeVisible":17.0918,"tipPosition":[38.7173,223.391,-7.11449],"tipVelocity":[-25.1659,-16.7064,78.7663],"tool":false,"touchDistance":0.333333,"touchZone":"none","type":4,"width":15.7401}],"r":[[0.657234,0.637366,0.402254],[-0.691365,0.722351,-0.0149499],[-0.300097,-0.268279,0.915406]],"s":1.00228,"t":[18.8094,25.8044,-91.5775],"timestamp":93502534951},false],[5,{"currentFrameRate":54.2875,"devices":[],"gestures":[{"center":[-16.1258,281.119,-95.6486],"duration":36149,"handIds":[472],"id":17,"normal":[-0.0523217,-0.0276668,0.998247],"pointableIds":[4721],"progress":1.02117,"radius":20.6548,"state":"update","type":"circle"}],"hands":[{"armBasis":[[0.947081,0.305493,-0.0985508],[-0.27923,0.9355,0.216494],[0.158332,-0.177519,0.971297]],"armWidth":62.4607,"confidence":0.680314,"direction":[-0.171235,0.64096,-0.748231],"elbow":[66.1321,173.348,302.964],"grabStrength":0,"id":472,"palmNormal":[0.224308,-0.714141,-0.663091],"palmPosition":[8.94487,249.132,3.32268],"palmVelocity":[-24.4615,-15.8315,86.2905],"palmWidth":89.1918,"pinchStrength":0.435892,"r":[[0.658703,0.638286,0.398373],[-0.693809,0.720129,-0.0066139],[-0.291101,-0.272038,0.9172]],"s":1.00216,"sphereCenter":[-4.58751,228.071,-36.1532],"sphereRadius":47.5811,"stabilizedPalmPosition":[10.1879,249.927,-2.40714],"t":[18.3589,25.5119,-90.0144],"timeVisible":17.1098,"type":"right","wrist":[24.2274,220.331,45.8971]}],"id":1685970,"interactionBox":{"center":[0,200,0],"size":[235.247,235.247,147.751]},"pointables":[{"bases":[[[0.152002,0.877045,0.455728],[-0.805571,-0.157222,0.571259],[0.57267,-0.453954,0.682624]],[[0.096436,0.916503,0.388231],[-0.792703,-0.165162,0.586808],[0.601932,-0.364341,0.710586]],[[0.096436,0.916503,0.388231],[-0.990834,0.125464,-0.0500625],[-0.0945913,-0.379844,0.920201]],[[0.096436,0.916503,0.388231],[-0.723915,0.332279,-0.604597],[-0.683115,-0.222741,0.695514]]],"btipPosition":[-10.2529,238.39,-40.6937],"carpPosition":[0.367498,202.757,40.7867],"dipPosition":[-25.9243,233.28,-24.7379],"direction":[0.0945913,0.379844,-0.920201],"extended":false,"handId":472,"id":4720,"length":51.0864,"mcpPosition":[0.367498,202.757,40.7867],"pipPosition":[-29.0857,220.585,6.01689],"stabilizedTipPosition":[-10.8868,237.308,-41.8259],"timeVisible":17.1098,"tipPosition":[-13.7968,237.172,-37.3273],"tipVelocity":[-68.6796,-5.00176,105.772],"tool":false,"touchDistance":-0.0953018,"touchZone":"touching","type":0,"width":19.8498},{"bases":[[[0.916986,0.385002,-0.104448],[-0.270761,0.792962,0.545802],[0.292958,-0.472212,0.831379]],[[0.89135,0.420651,-0.168958],[-0.298183,0.824801,0.480407],[0.34144,-0.37783,0.860618]],[[0.89135,0.420651,-0.168958],[-0.376894,0.894785,0.239397],[0.251884,-0.149707,0.956108]],[[0.89135,0.420651,-0.168958],[-0.420404,0.906498,0.0390191],[0.169573,0.0362508,0.984851]]],"btipPosition":[-42.4571,278.298,-89.5282],"carpPosition":[1.85675,225.393,45.8177],"dipPosition":[-39.6171,278.905,-73.034],"direction":[-0.251884,0.149707,-0.956108],"extended":true,"handId":472,"id":4721,"length":57.6453,"mcpPosition":[-19.2701,259.447,-14.1377],"pipPosition":[-33.6493,275.358,-50.3812],"stabilizedTipPosition":[-38.7086,281.261,-91.4493],"timeVisible":17.1098,"tipPosition":[-42.3373,280.122,-85.0352],"tipVelocity":[-62.2509,-67.3111,102.516],"tool":false,"touchDistance":0.460129,"touchZone":"hovering","type":1,"width":18.9605},{"bases":[[[0.980768,0.176805,-0.0826705],[-0.105338,0.836076,0.538406],[0.164312,-0.519343,0.83862]],[[0.975379,0.192354,-0.10787],[-0.209182,0.652018,-0.728777],[-0.06985,0.733398,0.676201]],[[0.975379,0.192354,-0.10787],[0.0365993,-0.623529,-0.780943],[-0.217478,0.757767,-0.615217]],[[0.975379,0.192354,-0.10787],[0.155965,-0.947464,-0.27926],[-0.15592,0.25556,-0.954137]]],"btipPosition":[13.182,206.622,-9.57567],"carpPosition":[12.1847,231.585,45.0013],"dipPosition":[10.3099,211.329,-27.1515],"direction":[0.217478,-0.757767,0.615217],"extended":false,"handId":472,"id":4722,"length":65.6822,"mcpPosition":[0.947532,267.103,-12.3512],"pipPosition":[4.24779,232.451,-44.3003],"stabilizedTipPosition":[14.0807,207.933,-22.4714],"timeVisible":17.1098,"tipPosition":[12.3567,208.057,-14.2057],"tipVelocity":[-20.8196,-10.6067,109.733],"tool":false,"touchDistance":0.333333,"touchZone":"none","type":2,"width":18.6218},{"bases":[[[0.999389,0.0349193,0.00128986],[-0.029706,0.829589,0.557583],[0.0184003,-0.557281,0.83012]],[[0.998959,0.0439601,-0.0121843],[-0.0391201,0.688167,-0.724497],[-0.0234641,0.72422,0.68917]],[[0.998959,0.0439601,-0.0121843],[0.017188,-0.610131,-0.792114],[-0.0422554,0.79108,-0.610251]],[[0.998959,0.0439601,-0.0121843],[0.0384667,-0.955337,-0.293004],[-0.0245206,0.29223,-0.956034]]],"btipPosition":[25.2067,210.526,-3.26235],"carpPosition":[23.7123,234.86,43.8114],"dipPosition":[24.7576,215.878,-20.7719],"direction":[0.0422554,-0.79108,0.610251],"extended":false,"handId":472,"id":4723,"length":63.1552,"mcpPosition":[22.5825,269.078,-7.15965],"pipPosition":[23.6101,237.36,-37.3429],"stabilizedTipPosition":[26.5984,211.483,-14.1402],"timeVisible":17.1098,"tipPosition":[24.9985,212.018,-7.24183],"tipVelocity":[-20.7668,-6.61382,73.1125],"tool":false,"touchDistance":0.333333,"touchZone":"none","type":3,"width":17.7198},{"bases":[[[0.98588,-0.16737,0.00521181],[0.12784,0.772406,0.62213],[-0.108152,-0.612679,0.782897]],[[0.991762,-0.10467,-0.0738425],[0.0291163,0.745579,-0.665781],[0.124742,0.658146,0.742484]],[[0.991762,-0.10467,-0.0738425],[-0.119928,-0.556172,-0.822368],[0.0450078,0.824449,-0.564143]],[[0.991762,-0.10467,-0.0738425],[-0.123539,-0.933953,-0.335366],[-0.0338628,0.341726,-0.939189]]],"btipPosition":[38.4566,221.868,-2.63],"carpPosition":[36.9237,231.435,40.9194],"dipPosition":[37.8844,227.641,-18.4987],"direction":[-0.0450078,-0.824449,0.564143],"extended":false,"handId":472,"id":4724,"length":49.5125,"mcpPosition":[43.071,266.26,-3.5798],"pipPosition":[38.7473,243.448,-29.3146],"stabilizedTipPosition":[39.9558,223.259,-11.7145],"timeVisible":17.1098,"tipPosition":[38.3133,223.437,-6.11782],"tipVelocity":[-23.8449,-7.17218,68.4291],"tool":false,"touchDistance":0.333333,"touchZone":"none","type":4,"width":15.7401}],"r":[[0.658703,0.638286,0.398373],[-0.693809,0.720129,-0.0066139],[-0.291101,-0.272038,0.9172]],"s":1.00216,"t":[18.3589,25.5119,-90.0144],"timestamp":93502553038},false],[6,{"currentFrameRate":54.3901,"devices":[],"gestures":[{"center":[-16.1258,281.119,-95.6486],"duration":36149,"handIds":[472],"id":17,"normal":[-0.0523217,-0.0276668,0.998247],"pointableIds":[4721],"progress":1.02117,"radius":20.6548,"state":"update","type":"circle"}],"hands":[{"armBasis":[[0.945117,0.311106,-0.0998354],[-0.284048,0.93335,0.219486],[0.161465,-0.179082,0.970494]],"armWidth":62.4607,"confidence":0.700347,"direction":[-0.178892,0.642011,-0.745533],"elbow":[66.95,172.82,303.229],"grabStrength":0,"id":472,"palmNormal":[0.225508,-0.710828,-0.666236],"palmPosition":[8.54594,249.043,3.95861],"palmVelocity":[-23.3568,-10.6606,62.0995],"palmWidth":89.1918,"pinchStrength":0.435535,"r":[[0.659439,0.63963,0.394985],[-0.696601,0.717458,0.00115933],[-0.282643,-0.275911,0.918687]],"s":1.00115,"sphereCenter":[-4.49994,227.83,-35.6279],"sphereRadius":47.4366,"stabilizedPalmPosition":[10.1416,249.902,-2.22773],"t":[17.9342,25.3213,-88.9149],"timeVisible":17.1279,"type":"right","wrist":[24.2161,220.216,46.3747]}],"id":1685971,"interactionBox":{"center":[0,200,0],"size":[235.247,235.247,147.751]},"pointables":[{"bases":[[[0.148758,0.876673,0.45751],[-0.801767,-0.163886,0.574727],[0.578827,-0.452312,0.678508]],[[0.0927544,0.91589,0.390566],[-0.786667,-0.173049,0.592629],[0.61037,-0.362214,0.704449]],[[0.0927544,0.91589,0.390566],[-0.991941,0.119003,-0.0434925],[-0.0863128,-0.383384,0.919547]],[[0.0927544,0.91589,0.390566],[-0.728098,0.329952,-0.600836],[-0.679168,-0.22864,0.697463]]],"btipPosition":[-10.9589,238.291,-39.8729],"carpPosition":[0.441601,202.509,41.33],"dipPosition":[-26.5398,233.046,-23.8724],"direction":[0.0863128,0.383384,-0.919547],"extended":false,"handId":472,"id":4720,"length":51.0864,"mcpPosition":[0.441601,202.509,41.33],"pipPosition":[-29.4245,220.232,6.86052],"stabilizedTipPosition":[-11.4166,237.275,-41.0096],"timeVisible":17.1279,"tipPosition":[-14.425,237.049,-36.5192],"tipVelocity":[-54.1366,-6.04809,77.4766],"tool":false,"touchDistance":-0.0814506,"touchZone":"touching","type":0,"width":19.8498},{"bases":[[[0.914044,0.391024,-0.10781],[-0.273026,0.789692,0.549403],[0.299966,-0.472744,0.828573]],[[0.887949,0.426604,-0.171919],[-0.305805,0.826783,0.472137],[0.343555,-0.36666,0.864598]],[[0.887949,0.426604,-0.171919],[-0.386948,0.894938,0.222163],[0.248632,-0.130746,0.959733]],[[0.887949,0.426604,-0.171919],[-0.430499,0.902452,0.0158693],[0.161918,0.0599197,0.984983]]],"btipPosition":[-42.8888,276.766,-88.9802],"carpPosition":[1.81425,225.139,46.4191],"dipPosition":[-40.177,277.77,-72.4838],"direction":[-0.248632,0.130746,-0.959733],"extended":true,"handId":472,"id":4721,"length":57.6453,"mcpPosition":[-19.818,259.231,-13.334],"pipPosition":[-34.2863,274.672,-49.7451],"stabilizedTipPosition":[-39.1422,280.741,-90.6857],"timeVisible":17.1279,"tipPosition":[-42.8875,278.799,-84.4433],"tipVelocity":[-44.8636,-73.2888,68.3281],"tool":false,"touchDistance":0.455676,"touchZone":"hovering","type":1,"width":18.9605},{"bases":[[[0.979229,0.183169,-0.086945],[-0.107913,0.83386,0.541325],[0.171654,-0.520699,0.836306]],[[0.97362,0.198756,-0.112074],[-0.216824,0.65288,-0.725765],[-0.0710793,0.73092,0.678752]],[[0.97362,0.198756,-0.112074],[0.0367681,-0.621413,-0.78262],[-0.225195,0.757853,-0.612328]],[[0.97362,0.198756,-0.112074],[0.160631,-0.945874,-0.281994],[-0.162056,0.256553,-0.952848]]],"btipPosition":[12.9807,206.624,-9.07339],"carpPosition":[12.0992,231.398,45.5701],"dipPosition":[9.99551,211.349,-26.6254],"direction":[0.225195,-0.757853,0.612328],"extended":false,"handId":472,"id":4722,"length":65.6822,"mcpPosition":[0.359986,267.008,-11.6242],"pipPosition":[3.71833,232.474,-43.6937],"stabilizedTipPosition":[14.0693,207.932,-22.4118],"timeVisible":17.1279,"tipPosition":[12.1304,208.045,-13.6834],"tipVelocity":[-16.9266,-5.41556,71.0519],"tool":false,"touchDistance":0.333333,"touchZone":"none","type":2,"width":18.6218},{"bases":[[[0.999146,0.0411626,-0.00348635],[-0.0321488,0.827792,0.560114],[0.0259417,-0.559523,0.828409]],[[0.998589,0.0503009,-0.0170238],[-0.0469966,0.687848,-0.724332],[-0.0247248,0.72411,0.689241]],[[0.998589,0.0503009,-0.0170238],[0.0173518,-0.612053,-0.790627],[-0.0501887,0.789216,-0.612062]],[[0.998589,0.0503009,-0.0170238],[