{"sensorType":"Leap","data":[[0,{"currentFrameRate":55.3607,"devices":[],"gestures":[],"hands":[{"armBasis":[[0.944054,0.236992,-0.229341],[-0.178821,0.952158,0.247828],[0.277102,-0.192952,0.941267]],"armWidth":62.4607,"confidence":0.867879,"direction":[-0.0680172,0.498098,-0.864449],"elbow":[73.3579,180.199,305.456],"grabStrength":0,"id":472,"palmNormal":[0.166597,-0.84862,-0.502086],"palmPosition":[-10.2261,252.708,8.26409],"palmVelocity":[12.4689,23.3057,7.59286],"palmWidth":89.1918,"pinchStrength":0.258832,"r":[[0.720281,0.627846,0.294964],[-0.603623,0.776807,-0.179469],[-0.341809,-0.0487789,0.938503]],"s":1.0566,"sphereCenter":[-23.4183,229.555,-27.2296],"sphereRadius":47.6045,"stabilizedPalmPosition":[-11.01,250.764,7.12987],"t":[-1.48618,28.374,-83.6439],"timeVisible":1.75343,"type":"right","wrist":[0.0188773,231.267,56.3367]}],"id":1685008,"interactionBox":{"center":[0,200,0],"size":[235.247,235.247,147.751]},"pointables":[{"bases":[[[0.233547,0.927917,0.290562],[-0.839617,0.0417382,0.541573],[0.490408,-0.370444,0.788842]],[[0.182648,0.96068,0.209127],[-0.851468,0.0482118,0.522186],[0.491571,-0.273441,0.826794]],[[0.182648,0.96068,0.209127],[-0.959253,0.220765,-0.176344],[-0.215578,-0.168397,0.961857]],[[0.182648,0.96068,0.209127],[-0.882584,0.253935,-0.395679],[-0.433225,-0.112302,0.894262]]],"btipPosition":[-32.3872,237.218,-39.9031],"carpPosition":[-25.4778,215.633,53.2151],"dipPosition":[-42.3259,234.641,-19.3878],"direction":[0.215578,0.168397,-0.961857],"extended":false,"handId":472,"id":4720,"length":51.0864,"mcpPosition":[-25.4778,215.633,53.2151],"pipPosition":[-49.5309,229.013,12.7592],"stabilizedTipPosition":[-35.2581,235.204,-35.8742],"timeVisible":1.75343,"tipPosition":[-34.8185,236.311,-35.2231],"tipVelocity":[12.6984,24.6789,7.98845],"tool":false,"touchDistance":-0.115711,"touchZone":"touching","type":0,"width":19.8498},{"bases":[[[0.958292,0.259268,-0.12024],[-0.199201,0.907633,0.369489],[0.20493,-0.330126,0.921423]],[[0.960877,0.25495,-0.108241],[-0.177411,0.866631,0.466344],[0.2127,-0.428896,0.877956]],[[0.960877,0.25495,-0.108241],[-0.214125,0.931648,0.29357],[0.175688,-0.258908,0.94979]],[[0.960877,0.25495,-0.108241],[-0.238868,0.960598,0.142105],[0.140206,-0.11069,0.983916]]],"btipPosition":[-51.8543,288.389,-88.4333],"carpPosition":[-21.6075,238.532,53.971],"dipPosition":[-49.5062,286.536,-71.9547],"direction":[-0.175688,0.258908,-0.94979],"extended":true,"handId":472,"id":4721,"length":57.6453,"mcpPosition":[-36.3862,262.339,-12.478],"pipPosition":[-45.3436,280.401,-49.4516],"stabilizedTipPosition":[-51.7532,287.481,-84.7994],"timeVisible":1.75343,"tipPosition":[-50.7023,287.901,-84.8204],"tipVelocity":[16.6469,15.0468,2.71062],"tool":false,"touchDistance":-0.101334,"touchZone":"touching","type":1,"width":18.9605},{"bases":[[[0.996992,0.0537291,-0.0558624],[-0.0297747,0.93093,0.363982],[0.0715605,-0.361224,0.929729]],[[0.995553,0.0601771,-0.0724717],[-0.0926613,0.48717,-0.868377],[-0.0169504,0.871231,0.49058]],[[0.995553,0.0601771,-0.0724717],[-0.00957725,-0.700699,-0.713392],[-0.0937108,0.710914,-0.697007]],[[0.995553,0.0601771,-0.0724717],[0.0409407,-0.969299,-0.242453],[-0.0848369,0.238408,-0.967453]]],"btipPosition":[-10.5343,202.665,3.1073],"carpPosition":[-10.6161,243.333,52.6198],"dipPosition":[-12.0971,207.056,-14.7138],"direction":[0.0937108,-0.710914,0.697007],"extended":false,"handId":472,"id":4722,"length":65.6822,"mcpPosition":[-15.5101,268.036,-10.9636],"pipPosition":[-14.7092,226.873,-34.1424],"stabilizedTipPosition":[-11.7507,199.521,-4.40661],"timeVisible":1.75343,"tipPosition":[-10.9384,204.272,-0.753132],"tipVelocity":[13.3155,16.4848,0.194129],"tool":false,"touchDistance":0.333333,"touchZone":"none","type":2,"width":18.6218},{"bases":[[[0.996045,-0.0703449,0.0542853],[0.0438283,0.9204,0.388513],[-0.0772941,-0.384597,0.919843]],[[0.996412,-0.0684544,0.0497652],[0.078769,0.535057,-0.841136],[0.0309522,0.842038,0.53853]],[[0.996412,-0.0684544,0.0497652],[-0.00733971,-0.655699,-0.754987],[0.0843132,0.751913,-0.653849]],[[0.996412,-0.0684544,0.0497652],[-0.0509466,-0.954702,-0.293171],[0.0675798,0.289584,-0.954764]]],"btipPosition":[1.11044,206.104,6.69919],"carpPosition":[1.24722,245.089,51.524],"dipPosition":[2.34815,211.407,-10.7871],"direction":[-0.0843132,-0.751913,0.653849],"extended":false,"handId":472,"id":4723,"length":63.1552,"mcpPosition":[5.99324,268.704,-4.95626],"pipPosition":[4.63764,231.825,-28.542],"stabilizedTipPosition":[0.630266,203.665,0.242995],"timeVisible":1.75343,"tipPosition":[1.41996,207.924,3.17175],"tipVelocity":[12.5617,17.3876,-4.25328],"tool":false,"touchDistance":0.333333,"touchZone":"none","type":3,"width":17.7198},{"bases":[[[0.959379,-0.265488,0.0954375],[0.191214,0.860636,0.471956],[-0.207436,-0.434536,0.876441]],[[0.933992,-0.307389,0.182131],[0.324827,0.518198,-0.791175],[0.148818,0.798112,0.583841]],[[0.933992,-0.307389,0.182131],[-0.0557127,-0.628809,-0.775561],[0.352925,0.71422,-0.604428]],[[0.933992,-0.307389,0.182131],[-0.232981,-0.910431,-0.341811],[0.270887,0.276815,-0.921951]]],"btipPosition":[9.37146,218.47,7.23534],"carpPosition":[14.0824,239.804,50.1221],"dipPosition":[13.9484,223.147,-8.34208],"direction":[-0.352925,-0.71422,0.604428],"extended":false,"handId":472,"id":4724,"length":49.5125,"mcpPosition":[25.8729,264.503,0.305838],"pipPosition":[20.7148,236.84,-19.9303],"stabilizedTipPosition":[9.59633,216.063,1.44782],"timeVisible":1.75343,"tipPosition":[10.6086,220.033,4.00352],"tipVelocity":[11.8182,18.7488,3.8931],"tool":false,"touchDistance":0.333333,"touchZone":"none","type":4,"width":15.7401}],"r":[[0.720281,0.627846,0.294964],[-0.603623,0.776807,-0.179469],[-0.341809,-0.0487789,0.938503]],"s":1.0566,"t":[-1.48618,28.374,-83.6439],"timestamp":93487196620},false],[1,{"currentFrameRate":55.3571,"devices":[],"gestures":[],"hands":[{"armBasis":[[0.944205,0.238314,-0.22734],[-0.180067,0.951476,0.249537],[0.275777,-0.194678,0.941301]],"armWidth":62.4607,"confidence":0.871074,"direction":[-0.0664455,0.497333,-0.865011],"elbow":[73.06,180.146,305.564],"grabStrength":0,"id":472,"palmNormal":[0.168394,-0.848903,-0.501007],"palmPosition":[-10.0808,253.063,8.32222],"palmVelocity":[10.3639,21.5826,5.51277],"palmWidth":89.1918,"pinchStrength":0.258928,"r":[[0.720526,0.627512,0.295076],[-0.602972,0.777124,-0.180285],[-0.342442,-0.0480228,0.938311]],"s":1.05592,"sphereCenter":[-23.2663,229.836,-27.1962],"sphereRadius":47.6158,"stabilizedPalmPosition":[-10.8164,251.243,7.37825],"t":[-1.3017,28.7626,-83.5479],"timeVisible":1.7715,"type":"right","wrist":[0.0719135,231.67,56.4356]}],"id":1685009,"interactionBox":{"center":[0,200,0],"size":[235.247,235.247,147.751]},"pointables":[{"bases":[[[0.232167,0.928337,0.290325],[-0.840874,0.0415295,0.539635],[0.488907,-0.369412,0.790256]],[[0.181471,0.96097,0.208818],[-0.852589,0.0479262,0.520379],[0.490061,-0.272469,0.82801]],[[0.181471,0.96097,0.208818],[-0.959105,0.219857,-0.17827],[-0.217222,-0.167927,0.961569]],[[0.181471,0.96097,0.208818],[-0.881708,0.253032,-0.398204],[-0.435499,-0.111854,0.893213]]],"btipPosition":[-32.1339,237.525,-39.8749],"carpPosition":[-25.4054,216.014,53.2691],"dipPosition":[-42.1247,234.959,-19.3837],"direction":[0.217222,0.167927,-0.961569],"extended":false,"handId":472,"id":4720,"length":51.0864,"mcpPosition":[-25.4054,216.014,53.2691],"pipPosition":[-49.3847,229.346,12.7537],"stabilizedTipPosition":[-35.0335,235.675,-35.6806],"timeVisible":1.7715,"tipPosition":[-34.5678,236.624,-35.2022],"tipVelocity":[13.009,21.0937,4.78797],"tool":false,"touchDistance":-0.115333,"touchZone":"touching","type":0,"width":19.8498},{"bases":[[[0.95836,0.259915,-0.118283],[-0.200743,0.907781,0.368288],[0.203099,-0.329208,0.922157]],[[0.960682,0.256025,-0.107428],[-0.178861,0.866605,0.465837],[0.212363,-0.428306,0.878325]],[[0.960682,0.256025,-0.107428],[-0.215941,0.932181,0.290531],[0.174525,-0.25591,0.950816]],[[0.960682,0.256025,-0.107428],[-0.240785,0.960891,0.136788],[0.138248,-0.105543,0.984758]]],"btipPosition":[-51.5949,288.526,-88.4963],"carpPosition":[-21.5547,238.916,54.0149],"dipPosition":[-49.2796,286.758,-72.0036],"direction":[-0.174525,0.25591,-0.950816],"extended":true,"handId":472,"id":4721,"length":57.6453,"mcpPosition":[-36.2012,262.657,-12.487],"pipPosition":[-45.1446,280.695,-49.4762],"stabilizedTipPosition":[-51.4564,287.755,-84.758],"timeVisible":1.7715,"tipPosition":[-50.4508,288.095,-84.87],"tipVelocity":[15.3573,11.9985,-0.14795],"tool":false,"touchDistance":-0.102329,"touchZone":"touching","type":1,"width":18.9605},{"bases":[[[0.997074,0.0544602,-0.0536481],[-0.0313233,0.931206,0.363145],[0.0697344,-0.360402,0.930187]],[[0.995638,0.0610171,-0.0705857],[-0.0914239,0.486942,-0.868636],[-0.0186306,0.8713,0.490397]],[[0.995638,0.0610171,-0.0705857],[-0.00772801,-0.699992,-0.714109],[-0.0929823,0.711539,-0.696467]],[[0.995638,0.0610171,-0.0705857],[0.0421106,-0.968956,-0.243619],[-0.0832594,0.239584,-0.967299]]],"btipPosition":[-10.3273,202.958,3.13165],"carpPosition":[-10.564,243.725,52.6847],"dipPosition":[-11.861,207.372,-14.6866],"direction":[0.0929823,-0.711539,0.696467],"extended":false,"handId":472,"id":4722,"length":65.6822,"mcpPosition":[-15.3331,268.372,-10.93],"pipPosition":[-14.4528,227.205,-34.1002],"stabilizedTipPosition":[-11.6917,199.766,-4.21719],"timeVisible":1.7715,"tipPosition":[-10.7275,204.564,-0.711837],"tipVelocity":[12.6054,16.4964,0.759023],"tool":false,"touchDistance":0.333333,"touchZone":"none","type":2,"width":18.6218},{"bases":[[[0.995973,-0.0695238,0.0565995],[0.0422321,0.920754,0.387852],[-0.0790791,-0.3839,0.919982]],[[0.996329,-0.0677455,0.0523392],[0.0806084,0.536498,-0.840043],[0.0288293,0.841178,0.539989]],[[0.996329,-0.0677455,0.0523392],[-0.00467304,-0.653503,-0.756909],[0.0854811,0.753886,-0.651421]],[[0.996329,-0.0677455,0.0523392],[-0.0493245,-0.953966,-0.295831],[0.069971,0.292163,-0.953805]]],"btipPosition":[1.29071,206.398,6.63351],"carpPosition":[1.30041,245.489,51.6142],"dipPosition":[2.57221,211.749,-10.8352],"direction":[-0.0854811,-0.753886,0.651421],"extended":false,"handId":472,"id":4723,"length":63.1552,"mcpPosition":[6.15603,269.061,-4.87454],"pipPosition":[4.89341,232.22,-28.5242],"stabilizedTipPosition":[0.681147,203.876,0.369385],"timeVisible":1.7715,"tipPosition":[1.6086,208.211,3.14532],"tipVelocity":[11.5959,17.1482,-3.8525],"tool":false,"touchDistance":0.333333,"touchZone":"none","type":3,"width":17.7198},{"bases":[[[0.959366,-0.264662,0.0978294],[0.189475,0.861173,0.471678],[-0.209083,-0.433976,0.876327]],[[0.933648,-0.306734,0.184975],[0.327186,0.520141,-0.788925],[0.145777,0.797099,0.585988]],[[0.933648,-0.306734,0.184975],[-0.0512004,-0.625394,-0.778627],[0.354514,0.717493,-0.599603]],[[0.933648,-0.306734,0.184975],[-0.229952,-0.909221,-0.347044],[0.274634,0.281482,-0.919426]]],"btipPosition":[9.53717,218.741,7.15597],"carpPosition":[14.1428,240.214,50.2458],"dipPosition":[14.1774,223.497,-8.37879],"direction":[-0.354514,-0.717493,0.599603],"extended":false,"handId":472,"id":4724,"length":49.5125,"mcpPosition":[26.027,264.88,0.436039],"pipPosition":[20.9743,237.253,-19.8745],"stabilizedTipPosition":[9.64924,216.261,1.55988],"timeVisible":1.7715,"tipPosition":[10.7771,220.321,3.98516],"tipVelocity":[10.941,17.4357,0.214661],"tool":false,"touchDistance":0.333333,"touchZone":"none","type":4,"width":15.7401}],"r":[[0.720526,0.627512,0.295076],[-0.602972,0.777124,-0.180285],[-0.342442,-0.0480228,0.938311]],"s":1.05592,"t":[-1.3017,28.7626,-83.5479],"timestamp":93487214697},false],[2,{"currentFrameRate":55.3615,"devices":[],"gestures":[],"hands":[{"armBasis":[[0.943651,0.241119,-0.226682],[-0.181945,0.95014,0.253241],[0.27644,-0.197727,0.94047]],"armWidth":62.4607,"confidence":0.872814,"direction":[-0.0656501,0.496606,-0.865489],"elbow":[73.2459,179.729,305.506],"grabStrength":0,"id":472,"palmNormal":[0.170656,-0.848994,-0.500086],"palmPosition":[-10.0164,253.403,8.45023],"palmVelocity":[7.13693,20.2599,6.26283],"palmWidth":89.1918,"pinchStrength":0.26378,"r":[[0.720415,0.627516,0.295339],[-0.602631,0.77716,-0.181269],[-0.343275,-0.0473912,0.938038]],"s":1.0551,"sphereCenter":[-23.1849,230.065,-27.111],"sphereRadius":47.6262,"stabilizedPalmPosition":[-10.6516,251.688,7.59913],"t":[-1.17728,29.1266,-83.4359],"timeVisible":1.78955,"type":"right","wrist":[0.0820752,232.06,56.5975]}],"id":1685010,"interactionBox":{"center":[0,200,0],"size":[235.247,235.247,147.751]},"pointables":[{"bases":[[[0.230164,0.928912,0.29008],[-0.841925,0.0405832,0.538067],[0.488044,-0.368069,0.791415]],[[0.179716,0.961325,0.208699],[-0.853339,0.0468018,0.519251],[0.489402,-0.271409,0.828748]],[[0.179716,0.961325,0.208699],[-0.959339,0.218212,-0.179031],[-0.217648,-0.168038,0.961453]],[[0.179716,0.961325,0.208699],[-0.881525,0.251539,-0.399552],[-0.436595,-0.112168,0.892638]]],"btipPosition":[-32.0214,237.831,-39.7674],"carpPosition":[-25.3646,216.361,53.3957],"dipPosition":[-42.0374,235.258,-19.2893],"direction":[0.217648,0.168039,-0.961453],"extended":false,"handId":472,"id":4720,"length":51.0864,"mcpPosition":[-25.3646,216.361,53.3957],"pipPosition":[-49.3116,229.642,12.8442],"stabilizedTipPosition":[-34.8421,236.097,-35.5122],"timeVisible":1.78955,"tipPosition":[-34.4309,236.927,-35.0994],"tipVelocity":[9.63906,19.0924,5.26368],"tool":false,"touchDistance":-0.113591,"touchZone":"touching","type":0,"width":19.8498},{"bases":[[[0.958161,0.26135,-0.116717],[-0.202855,0.907725,0.367266],[0.201932,-0.328224,0.922764]],[[0.960184,0.257966,-0.107236],[-0.180849,0.866532,0.465206],[0.21293,-0.42729,0.878683]],[[0.960184,0.257966,-0.107236],[-0.218581,0.93276,0.286674],[0.173977,-0.25182,0.952008]],[[0.960184,0.257966,-0.107236],[-0.243684,0.961094,0.130063],[0.136615,-0.0987531,0.98569]]],"btipPosition":[-51.4912,288.555,-88.4818],"carpPosition":[-21.5515,239.27,54.132],"dipPosition":[-49.2031,286.901,-71.9736],"direction":[-0.173977,0.25182,-0.952008],"extended":true,"handId":472,"id":4721,"length":57.6453,"mcpPosition":[-36.1139,262.94,-12.4136],"pipPosition":[-45.0811,280.935,-49.4179],"stabilizedTipPosition":[-51.2468,287.934,-84.7268],"timeVisible":1.78955,"tipPosition":[-50.3581,288.211,-84.8349],"tipVelocity":[10.6315,7.76537,0.396928],"tool":false,"touchDistance":-0.102029,"touchZone":"touching","type":1,"width":18.9605},{"bases":[[[0.997083,0.0560027,-0.0518635],[-0.0334632,0.931415,0.362417],[0.0686028,-0.359624,0.930572]],[[0.995575,0.0629236,-0.0697895],[-0.091789,0.492199,-0.86563],[-0.0201182,0.868205,0.495797]],[[0.995575,0.0629236,-0.0697895],[-0.00663503,-0.693769,-0.720167],[-0.0937333,0.717444,-0.690281]],[[0.995575,0.0629236,-0.0697895],[0.0435397,-0.967057,-0.250808],[-0.0832722,0.246659,-0.965518]]],"btipPosition":[-10.1605,203.127,2.77868],"carpPosition":[-10.566,244.095,52.8184],"dipPosition":[-11.6944,207.67,-15.0068],"direction":[0.0937333,-0.717444,0.690282],"extended":false,"handId":472,"id":4722,"length":65.6822,"mcpPosition":[-15.2577,268.689,-10.8226],"pipPosition":[-14.3072,227.669,-34.2479],"stabilizedTipPosition":[-11.6343,199.981,-4.07548],"timeVisible":1.78955,"tipPosition":[-10.562,204.758,-0.89948],"tipVelocity":[11.0077,13.8825,-8.68596],"tool":false,"touchDistance":0.333333,"touchZone":"none","type":2,"width":18.6218},{"bases":[[[0.995977,-0.0679037,0.0584712],[0.0400633,0.921098,0.387265],[-0.0801544,-0.383364,0.920112]],[[0.996324,-0.0661961,0.0543737],[0.0814843,0.536468,-0.839978],[0.0264335,0.84132,0.53989]],[[0.996324,-0.0661961,0.0543737],[-0.00207746,-0.653212,-0.757172],[0.0856394,0.754276,-0.650948]],[[0.996324,-0.0661961,0.0543737],[-0.0472036,-0.953906,-0.29637],[0.0714859,0.292714,-0.953524]]],"btipPosition":[1.4267,206.727,6.76607],"carpPosition":[1.2975,245.877,51.7684],"dipPosition":[2.73595,212.088,-10.6975],"direction":[-0.0856394,-0.754276,0.650948],"extended":false,"handId":472,"id":4723,"length":63.1552,"mcpPosition":[6.21914,269.417,-4.72833],"pipPosition":[5.06145,232.57,-28.3737],"stabilizedTipPosition":[0.737613,204.096,0.497784],"timeVisible":1.78955,"tipPosition":[1.7501,208.531,3.27835],"tipVelocity":[9.83621,17.7109,1.49366],"tool":false,"touchDistance":0.333333,"touchZone":"none","type":3,"width":17.7198},{"bases":[[[0.959604,-0.26307,0.0997747],[0.187246,0.861811,0.471403],[-0.209999,-0.433678,0.876256]],[[0.93373,-0.305204,0.18708],[0.328383,0.522199,-0.787066],[0.142522,0.796341,0.587817]],[[0.93373,-0.305204,0.18708],[-0.0470209,-0.62264,-0.781094],[0.354876,0.720535,-0.595729]],[[0.93373,-0.305204,0.18708],[-0.226599,-0.908489,-0.351143],[0.27713,0.285481,-0.917442]]],"btipPosition":[9.66082,219.032,7.17032],"carpPosition":[14.1507,240.621,50.4273],"dipPosition":[14.3433,223.855,-8.33091],"direction":[-0.354876,-0.720535,0.595729],"extended":false,"handId":472,"id":4724,"length":49.5125,"mcpPosition":[26.0869,265.271,0.621596],"pipPosition":[21.147,237.67,-19.7524],"stabilizedTipPosition":[9.70779,216.469,1.6699],"timeVisible":1.78955,"tipPosition":[10.8961,220.623,4.04468],"tipVelocity":[9.25476,17.2273,0.692961],"tool":false,"touchDistance":0.333333,"touchZone":"none","type":4,"width":15.7401}],"r":[[0.720415,0.627516,0.295339],[-0.602631,0.77716,-0.181269],[-0.343275,-0.0473912,0.938038]],"s":1.0551,"t":[-1.17728,29.1266,-83.4359],"timestamp":93487232745},false],[3,{"currentFrameRate":55.3525,"devices":[],"gestures":[],"hands":[{"armBasis":[[0.943173,0.242952,-0.226713],[-0.183307,0.949445,0.254858],[0.27717,-0.198817,0.940026]],"armWidth":62.4607,"confidence":0.862463,"direction":[-0.0649217,0.495949,-0.865921],"elbow":[73.4085,179.74,305.521],"grabStrength":0,"id":472,"palmNormal":[0.172315,-0.849145,-0.49926],"palmPosition":[-9.9995,253.658,8.55389],"palmVelocity":[4.18778,17.3404,6.00845],"palmWidth":89.1918,"pinchStrength":0.26377,"r":[[0.720103,0.627716,0.295676],[-0.602473,0.777032,-0.182339],[-0.344207,-0.0468338,0.937725]],"s":1.05445,"sphereCenter":[-23.165,230.26,-27.0171],"sphereRadius":47.6408,"stabilizedPalmPosition":[-10.523,252.076,7.78739],"t":[-1.1066,29.4363,-83.328],"timeVisible":1.80765,"type":"right","wrist":[0.0516244,232.359,56.7303]}],"id":1685011,"interactionBox":{"center":[0,200,0],"size":[235.247,235.247,147.751]},"pointables":[{"bases":[[[0.228725,0.929359,0.289787],[-0.842757,0.0400281,0.536804],[0.487284,-0.367001,0.792379]],[[0.178389,0.961647,0.208355],[-0.854003,0.046141,0.518218],[0.48873,-0.27038,0.82948]],[[0.178389,0.961647,0.208355],[-0.959469,0.216954,-0.17986],[-0.218165,-0.167825,0.961373]],[[0.178389,0.961647,0.208355],[-0.881376,0.250306,-0.400654],[-0.437441,-0.112167,0.892224]]],"btipPosition":[-31.9604,238.043,-39.6849],"carpPosition":[-25.3732,216.631,53.5019],"dipPosition":[-41.9958,235.47,-19.2163],"direction":[0.218165,0.167825,-0.961373],"extended":false,"handId":472,"id":4720,"length":51.0864,"mcpPosition":[-25.3732,216.631,53.5019],"pipPosition":[-49.2873,229.861,12.9145],"stabilizedTipPosition":[-34.6929,236.45,-35.373],"timeVisible":1.80765,"tipPosition":[-34.3544,237.143,-35.0181],"tipVelocity":[6.54104,15.577,4.87161],"tool":false,"touchDistance":-0.112252,"touchZone":"touching","type":0,"width":19.8498},{"bases":[[[0.958046,0.262317,-0.115489],[-0.204383,0.907752,0.366353],[0.200936,-0.327379,0.923281]],[[0.959856,0.25929,-0.106979],[-0.182268,0.866481,0.464747],[0.213199,-0.426591,0.878957]],[[0.959856,0.25929,-0.106979],[-0.220376,0.933079,0.28425],[0.173523,-0.249263,0.952763]],[[0.959856,0.25929,-0.106979],[-0.245612,0.96116,0.125879],[0.135463,-0.0945505,0.986261]]],"btipPosition":[-51.4352,288.608,-88.4619],"carpPosition":[-21.5861,239.544,54.2283],"dipPosition":[-49.1665,287.024,-71.9441],"direction":[-0.173523,0.249263,-0.952763],"extended":true,"handId":472,"id":4721,"length":57.6453,"mcpPosition":[-36.0767,263.153,-12.3547],"pipPosition":[-45.0553,281.118,-49.3705],"stabilizedTipPosition":[-51.1087,288.062,-84.7003],"timeVisible":1.80765,"tipPosition":[-50.3103,288.309,-84.8045],"tipVelocity":[6.92839,5.87919,0.789997],"tool":false,"touchDistance":-0.10166,"touchZone":"touching","type":1,"width":18.9605},{"bases":[[[0.997096,0.057056,-0.0504392],[-0.0350107,0.931623,0.361736],[0.0676295,-0.358919,0.930915]],[[0.995562,0.0641509,-0.0688602],[-0.0915943,0.492352,-0.865563],[-0.0216232,0.868029,0.496043]],[[0.995562,0.0641509,-0.0688602],[-0.00522119,-0.692908,-0.721007],[-0.0939671,0.718166,-0.689498]],[[0.995562,0.0641509,-0.0688602],[0.0448616,-0.966691,-0.251983],[-0.0827316,0.247776,-0.965279]]],"btipPosition":[-10.0643,203.331,2.82644],"carpPosition":[-10.604,244.38,52.9275],"dipPosition":[-11.5882,207.895,-14.9546],"direction":[0.0939671,-0.718166,0.689498],"extended":false,"handId":472,"id":4722,"length":65.6822,"mcpPosition":[-15.2292,268.926,-10.737],"pipPosition":[-14.2075,227.914,-34.1739],"stabilizedTipPosition":[-11.5751,200.194,-3.93911],"timeVisible":1.80765,"tipPosition":[-10.4676,204.952,-0.839713],"tipVelocity":[8.36128,12.7768,-3.27325],"tool":false,"touchDistance":0.333333,"touchZone":"none","type":2,"width":18.6218},{"bases":[[[0.995964,-0.066777,0.0599777],[0.0384905,0.921402,0.386699],[-0.0810862,-0.382829,0.920254]],[[0.996304,-0.0651259,0.0560097],[0.0822884,0.536598,-0.839816],[0.024639,0.841321,0.539974]],[[0.996304,-0.0651259,0.0560097],[-0.0000785161,-0.652739,-0.757583],[0.085898,0.754778,-0.650331]],[[0.996304,-0.0651259,0.0560097],[-0.0456461,-0.95377,-0.297051],[0.0727661,0.293397,-0.953217]]],"btipPosition":[1.49361,206.965,6.85664],"carpPosition":[1.25906,246.174,51.8937],"dipPosition":[2.8263,212.338,-10.6013],"direction":[-0.085898,-0.754779,0.650331],"extended":false,"handId":472,"id":4723,"length":63.1552,"mcpPosition":[6.23792,269.681,-4.6117],"pipPosition":[5.15882,232.834,-28.2607],"stabilizedTipPosition":[0.793426,204.312,0.620888],"timeVisible":1.80765,"tipPosition":[1.82132,208.761,3.37356],"tipVelocity":[7.05821,15.6228,3.19753],"tool":false,"touchDistance":0.333333,"touchZone":"none","type":3,"width":17.7198},{"bases":[[[0.959743,-0.261955,0.10136],[0.185615,0.862333,0.471093],[-0.210811,-0.433314,0.876241]],[[0.933814,-0.304022,0.188579],[0.328946,0.522394,-0.786701],[0.140661,0.796665,0.587826]],[[0.933814,-0.304022,0.188579],[-0.0446991,-0.62213,-0.781637],[0.354955,0.721474,-0.594544]],[[0.933814,-0.304022,0.188579],[-0.224579,-0.90846,-0.352512],[0.278488,0.286829,-0.91661]]],"btipPosition":[9.71628,219.27,7.28181],"carpPosition":[14.12,240.932,50.575],"dipPosition":[14.4217,224.116,-8.20536],"direction":[-0.354955,-0.721474,0.594544],"extended":false,"handId":472,"id":4724,"length":49.5125,"mcpPosition":[26.1023,265.561,0.770167],"pipPosition":[21.2269,237.948,-19.6041],"stabilizedTipPosition":[9.76505,216.675,1.77751],"timeVisible":1.80765,"tipPosition":[10.9501,220.862,4.15978],"tipVelocity":[6.44947,15.4167,3.37818],"tool":false,"touchDistance":0.333333,"touchZone":"none","type":4,"width":15.7401}],"r":[[0.720103,0.627716,0.295676],[-0.602473,0.777032,-0.182339],[-0.344207,-0.0468338,0.937725]],"s":1.05445,"t":[-1.1066,29.4363,-83.328],"timestamp":93487250842},false],[4,{"currentFrameRate":55.3467,"devices":[],"gestures":[],"hands":[{"armBasis":[[0.943144,0.243882,-0.225832],[-0.18461,0.949356,0.254247],[0.276401,-0.198101,0.940403]],"armWidth":62.4607,"confidence":0.865832,"direction":[-0.0648039,0.495406,-0.866241],"elbow":[73.2065,180.195,305.795],"grabStrength":0,"id":472,"palmNormal":[0.173699,-0.849214,-0.498663],"palmPosition":[-9.98421,253.887,8.70823],"palmVelocity":[2.59858,15.1028,7.20862],"palmWidth":89.1918,"pinchStrength":0.26252,"r":[[0.719659,0.628076,0.295992],[-0.602497,0.77677,-0.183375],[-0.345091,-0.0463668,0.937423]],"s":1.05409,"sphereCenter":[-23.1537,230.437,-26.8696],"sphereRadius":47.6598,"stabilizedPalmPosition":[-10.4281,252.395,7.94963],"t":[-1.06362,29.7055,-83.1969],"timeVisible":1.82574,"type":"right","wrist":[0.0530529,232.625,56.9042]}],"id":1685012,"interactionBox":{"center":[0,200,0],"size":[235.247,235.247,147.751]},"pointables":[{"bases":[[[0.227415,0.92978,0.289468],[-0.843232,0.0393402,0.536108],[0.487075,-0.366008,0.792967]],[[0.17739,0.961815,0.208434],[-0.85399,0.0451785,0.518324],[0.489115,-0.269947,0.829395]],[[0.17739,0.961815,0.208434],[-0.959843,0.215858,-0.179186],[-0.217336,-0.168278,0.961482]],[[0.17739,0.961815,0.208434],[-0.882358,0.249237,-0.399156],[-0.435864,-0.113107,0.892877]]],"btipPosition":[-32.0209,238.293,-39.5373],"carpPosition":[-25.3509,216.866,53.6639],"dipPosition":[-42.0201,235.699,-19.0537],"direction":[0.217336,0.168278,-0.961482],"extended":false,"handId":472,"id":4720,"length":51.0864,"mcpPosition":[-25.3509,216.866,53.6639],"pipPosition":[-49.2838,230.074,13.0807],"stabilizedTipPosition":[-34.6061,236.74,-35.2455],"timeVisible":1.82574,"tipPosition":[-34.3552,237.379,-34.8667],"tipVelocity":[2.06052,14.6235,6.52597],"tool":false,"touchDistance":-0.109735,"touchZone":"touching","type":0,"width":19.8498},{"bases":[[[0.957833,0.263365,-0.114865],[-0.205728,0.907711,0.365699],[0.200576,-0.326648,0.923618]],[[0.959482,0.260616,-0.107114],[-0.183437,0.866301,0.464621],[0.213881,-0.426147,0.879007]],[[0.959482,0.260616,-0.107114],[-0.221935,0.933216,0.282584],[0.173607,-0.247361,0.953243]],[[0.959482,0.260616,-0.107114],[-0.247348,0.961112,0.122814],[0.134956,-0.0913432,0.986632]]],"btipPosition":[-51.4364,288.677,-88.3532],"carpPosition":[-21.591,239.784,54.381],"dipPosition":[-49.1762,287.147,-71.8292],"direction":[-0.173607,0.247361,-0.953243],"extended":true,"handId":472,"id":4721,"length":57.6453,"mcpPosition":[-36.0557,263.34,-12.2263],"pipPosition":[-45.063,281.287,-49.2442],"stabilizedTipPosition":[-51.0414,288.154,-84.6486],"timeVisible":1.82574,"tipPosition":[-50.3165,288.407,-84.6904],"tipVelocity":[3.55212,5.23559,3.30835],"tool":false,"touchDistance":-0.0998246,"touchZone":"touching","type":1,"width":18.9605},{"bases":[[[0.997069,0.058185,-0.049673],[-0.0363799,0.931777,0.361204],[0.0673008,-0.358339,0.931163]],[[0.995467,0.0655712,-0.0688881],[-0.0923423,0.493039,-0.865093],[-0.0227607,0.867533,0.496859]],[[0.995467,0.0655712,-0.0688881],[-0.00441201,-0.691711,-0.722161],[-0.0950036,0.719191,-0.688286]],[[0.995467,0.0655712,-0.0688881],[0.0461101,-0.966257,-0.253418],[-0.0831805,0.249093,-0.964901]]],"btipPosition":[-9.96035,203.514,2.88909],"carpPosition":[-10.6135,244.632,53.0864],"dipPosition":[-11.4926,208.102,-14.885],"direction":[0.0950036,-0.719191,0.688286],"extended":false,"handId":472,"id":4722,"length":65.6822,"mcpPosition":[-15.2161,269.138,-10.5951],"pipPosition":[-14.1408,228.149,-34.0705],"stabilizedTipPosition":[-11.5138,200.407,-3.80589],"timeVisible":1.82574,"tipPosition":[-10.3728,205.125,-0.75302],"tipVelocity":[7.0678,11.6492,-0.0282264],"tool":false,"touchDistance":0.333333,"touchZone":"none","type":2,"width":18.6218},{"bases":[[[0.995992,-0.0655897,0.0608098],[0.0371131,0.921655,0.386232],[-0.0813785,-0.382427,0.920395]],[[0.996332,-0.0639508,0.0568663],[0.0823644,0.536222,-0.840049],[0.0232288,0.841651,0.539522]],[[0.996332,-0.0639508,0.0568663],[0.00129604,-0.65315,-0.757227],[0.0855675,0.754523,-0.650671]],[[0.996332,-0.0639508,0.0568663],[-0.0443046,-0.953979,-0.296583],[0.073216,0.292975,-0.953313]]],"btipPosition":[1.56333,207.205,7.0461],"carpPosition":[1.24835,246.439,52.0611],"dipPosition":[2.90426,212.571,-10.4136],"direction":[-0.0855675,-0.754523,0.650671],"extended":false,"handId":472,"id":4723,"length":63.1552,"mcpPosition":[6.24515,269.921,-4.45303],"pipPosition":[5.22781,233.06,-28.0822],"stabilizedTipPosition":[0.843482,204.504,0.732737],"timeVisible":1.82574,"tipPosition":[1.89213,208.997,3.55943],"tipVelocity":[5.58498,14.4677,6.64658],"tool":false,"touchDistance":0.333333,"touchZone":"none","type":3,"width":17.7198},{"bases":[[[0.959964,-0.260787,0.102269],[0.184238,0.862802,0.470775],[-0.21101,-0.433086,0.876306]],[[0.934041,-0.302802,0.189415],[0.328897,0.522423,-0.786703],[0.13926,0.797111,0.587555]],[[0.934041,-0.302802,0.189415],[-0.0430965,-0.622003,-0.781828],[0.354555,0.722096,-0.594027]],[[0.934041,-0.302802,0.189415],[-0.222921,-0.908592,-0.353224],[0.279058,0.287702,-0.916163]]],"btipPosition":[9.77057,219.494,7.4505],"carpPosition":[14.1164,241.211,50.7555],"dipPosition":[14.4856,224.355,-8.02912],"direction":[-0.354555,-0.722096,0.594027],"extended":false,"handId":472,"id":4724,"length":49.5125,"mcpPosition":[26.11,265.827,0.946939],"pipPosition":[21.2832,238.199,-19.418],"stabilizedTipPosition":[9.81601,216.859,1.87629],"timeVisible":1.82574,"tipPosition":[11.0025,221.087,4.32619],"tipVelocity":[4.86839,14.0655,6.25168],"tool":false,"touchDistance":0.333333,"touchZone":"none","type":4,"width":15.7401}],"r":[[0.719659,0.628076,0.295992],[-0.602497,0.77677,-0.183375],[-0.345091,-0.0463668,0.937423]],"s":1.05409,"t":[-1.06362,29.7055,-83.1969],"timestamp":93487268930},false],[5,{"currentFrameRate":55.3456,"devices":[],"gestures":[],"hands":[{"armBasis":[[0.942869,0.244998,-0.225773],[-0.185608,0.949036,0.254716],[0.276671,-0.198259,0.940291]],"armWidth":62.4607,"confidence":0.869313,"direction":[-0.0644844,0.494862,-0.866575],"elbow":[73.2556,180.367,305.909],"grabStrength":0,"id":472,"palmNormal":[0.17484,-0.849348,-0.498035],"palmPosition":[-9.98351,254.064,8.83112],"palmVelocity":[1.38244,12.5968,7.01446],"palmWidth":89.1918,"pinchStrength":0.25963,"r":[[0.719148,0.628518,0.296296],[-0.602615,0.776437,-0.184394],[-0.34595,-0.045946,0.937127]],"s":1.05393,"sphereCenter":[-23.1576,230.562,-26.7566],"sphereRadius":47.6786,"stabilizedPalmPosition":[-10.3606,252.649,8.08337],"t":[-1.04178,29.9288,-83.0699],"timeVisible":1.84381,"type":"right","wrist":[0.0306604,232.839,57.0476]}],"id":1685013,"interactionBox":{"center":[0,200,0],"size":[235.247,235.247,147.751]},"pointables":[{"bases":[[[0.226384,0.930135,0.289136],[-0.843721,0.038931,0.535368],[0.486708,-0.365149,0.793588]],[[0.176797,0.961871,0.20868],[-0.853882,0.0444441,0.518565],[0.489518,-0.269868,0.829182]],[[0.176797,0.961871,0.20868],[-0.960166,0.215163,-0.178286],[-0.216389,-0.168847,0.961596]],[[0.176797,0.961871,0.20868],[-0.883651,0.248495,-0.396751],[-0.433479,-0.114256,0.893891]]],"btipPosition":[-32.1333,238.525,-39.4232],"carpPosition":[-25.3572,217.056,53.7946],"dipPosition":[-42.0778,235.904,-18.9164],"direction":[0.216389,0.168847,-0.961596],"extended":false,"handId":472,"id":4720,"length":51.0864,"mcpPosition":[-25.3572,217.056,53.7946],"pipPosition":[-49.3099,230.261,13.2219],"stabilizedTipPosition":[-34.5679,236.984,-35.1345],"timeVisible":1.84381,"tipPosition":[-34.395,237.589,-34.7464],"tipVelocity":[-1.54352,13.6045,6.56478],"tool":false,"touchDistance":-0.107745,"touchZone":"touching","type":0,"width":19.8498},{"bases":[[[0.957708,0.264109,-0.114199],[-0.206805,0.907744,0.365011],[0.200066,-0.325957,0.923973]],[[0.959201,0.261624,-0.107174],[-0.184381,0.866232,0.464377],[0.21433,-0.42567,0.879129]],[[0.959201,0.261624,-0.107174],[-0.223228,0.933451,0.280781],[0.173501,-0.245401,0.953769]],[[0.959201,0.261624,-0.107174],[-0.248789,0.961143,0.119613],[0.134303,-0.0880689,0.987019]]],"btipPosition":[-51.4313,288.7,-88.2819],"carpPosition":[-21.6173,239.977,54.502],"dipPosition":[-49.182,287.225,-71.7514],"direction":[-0.173501,0.245401,-0.953769],"extended":true,"handId":472,"id":4721,"length":57.6453,"mcpPosition":[-36.0452,263.484,-12.1309],"pipPosition":[-45.0713,281.41,-49.154],"stabilizedTipPosition":[-51.0086,288.207,-84.6052],"timeVisible":1.84381,"tipPosition":[-50.3185,288.461,-84.6127],"tipVelocity":[1.93259,3.66974,3.65083],"tool":false,"touchDistance":-0.098611,"touchZone":"touching","type":1,"width":18.9605},{"bases":[[[0.997062,0.0589987,-0.0488576],[-0.0374736,0.93195,0.360646],[0.0668104,-0.357756,0.931422]],[[0.995427,0.0665467,-0.0685322],[-0.0925121,0.492802,-0.86521],[-0.023804,0.867593,0.496705]],[[0.995427,0.0665467,-0.0685322],[-0.00351413,-0.691427,-0.722438],[-0.0954608,0.719375,-0.688031]],[[0.995427,0.0665467,-0.0685322],[0.0471057,-0.966086,-0.253888],[-0.0831034,0.249498,-0.964803]]],"btipPosition":[-9.89546,203.661,2.99728],"carpPosition":[-10.6428,244.834,53.214],"dipPosition":[-11.4263,208.256,-14.775],"direction":[0.0954608,-0.719375,0.688031],"extended":false,"handId":472,"id":4722,"length":65.6822,"mcpPosition":[-15.2119,269.3,-10.4852],"pipPosition":[-14.0872,228.309,-33.9534],"stabilizedTipPosition":[-11.4557,200.604,-3.68135],"timeVisible":1.84381,"tipPosition":[-10.3122,205.264,-0.643586],"tipVelocity":[5.42438,10.021,2.84023],"tool":false,"touchDistance":0.333333,"touchZone":"none","type":2,"width":18.6218},{"bases":[[[0.995995,-0.0647144,0.0616943],[0.0360066,0.921904,0.385742],[-0.0818393,-0.381976,0.920542]],[[0.996321,-0.0631512,0.057928],[0.0828513,0.537137,-0.839416],[0.0218949,0.841128,0.540393]],[[0.996321,-0.0631512,0.057928],[0.0027405,-0.652149,-0.758086],[0.0856517,0.755456,-0.649577]],[[0.996321,-0.0631512,0.057928],[-0.043154,-0.95374,-0.297519],[0.0740369,0.293924,-0.952957]]],"btipPosition":[1.60279,207.369,7.09935],"carpPosition":[1.21842,246.651,52.1977],"dipPosition":[2.95876,212.753,-10.3538],"direction":[-0.0856517,-0.755456,0.649577],"extended":false,"handId":472,"id":4723,"length":63.1552,"mcpPosition":[6.24352,270.105,-4.32539],"pipPosition":[5.28459,233.267,-27.9928],"stabilizedTipPosition":[0.88836,204.676,0.831292],"timeVisible":1.84381,"tipPosition":[1.93379,209.147,3.62975],"tipVelocity":[4.05986,12.0127,4.92802],"tool":false,"touchDistance":0.333333,"touchZone":"none","type":3,"width":17.7198},{"bases":[[[0.960096,-0.259919,0.103233],[0.183109,0.863223,0.470444],[-0.21139,-0.432769,0.876371]],[[0.934151,-0.301885,0.190336],[0.329068,0.522213,-0.78677],[0.138118,0.797596,0.587167]],[[0.934151,-0.301885,0.190336],[-0.0417952,-0.622208,-0.781735],[0.354423,0.722304,-0.593854]],[[0.934151,-0.301885,0.190336],[-0.221684,-0.908814,-0.353431],[0.279675,0.287963,-0.915892]]],"btipPosition":[9.79947,219.672,7.60294],"carpPosition":[14.092,241.432,50.906],"dipPosition":[14.5249,224.538,-7.87212],"direction":[-0.354423,-0.722304,0.593854],"extended":false,"handId":472,"id":4724,"length":49.5125,"mcpPosition":[26.1072,266.031,1.09379],"pipPosition":[21.32,238.386,-19.2576],"stabilizedTipPosition":[9.85764,217.012,1.96058],"timeVisible":1.84381,"tipPosition":[11.0311,221.264,4.47425],"tipVelocity":[3.37828,12.1023,7.31658],"tool":false,"touchDistance":0.333333,"touchZone":"none","type":4,"width":15.7401}],"r":[[0.719148,0.628518,0.296296],[-0.602615,0.776437,-0.184394],[-0.34595,-0.045946,0.937127]],"s":1.05393,"t":[-1.04178,29.9288,-83.0699],"timestamp":93487287002},false],[6,{"currentFrameRate":55.3504,"devices":[],"gestures":[],"hands":[{"armBasis":[[0.9418,0.247986,-0.226969],[-0.186657,0.94727,0.260459],[0.279591,-0.202935,0.938428]],"armWidth":62.4607,"confidence":0.856114,"direction":[-0.0634516,0.494247,-0.867003],"elbow":[73.9348,179.3,305.585],"grabStrength":0,"id":472,"palmNormal":[0.17632,-0.849535,-0.497193],"palmPosition":[-10.0146,254.196,8.97061],"palmVelocity":[-0.0906461,10.0802,7.35322],"palmWidth":89.1918,"pinchStrength":0.259418,"r":[[0.718543,0.629023,0.296692],[-0.602769,0.776051,-0.185507],[-0.346937,-0.0455417,0.936782]],"s":1.05376,"sphereCenter":[-23.1731,230.639,-26.6317],"sphereRadius":47.6889,"stabilizedPalmPosition":[-10.3187,252.836,8.19081],"t":[-1.04639,30.1064,-82.9367],"timeVisible":1.86186,"type":"right","wrist":[-0.0628114,233.01,57.2173]}],"id":1685014,"interactionBox":{"center":[0,200,0],"size":[235.247,235.247,147.751]},"pointables":[{"bases":[[[0.225183,0.9305,0.288899],[-0.844627,0.0386193,0.53396],[0.485693,-0.36425,0.794622]],[[0.175673,0.962161,0.208292],[-0.854591,0.0440163,0.517433],[0.488686,-0.268904,0.829986]],[[0.175673,0.962161,0.208292],[-0.960182,0.214152,-0.179414],[-0.217231,-0.168481,0.96147]],[[0.175673,0.962161,0.208292],[-0.884104,0.24726,-0.396513],[-0.433012,-0.114496,0.894087]]],"btipPosition":[-32.1509,238.62,-39.3244],"carpPosition":[-25.433,217.205,53.9331],"dipPosition":[-42.0847,235.993,-18.8131],"direction":[0.217231,0.168481,-0.96147],"extended":false,"handId":472,"id":4720,"length":51.0864,"mcpPosition":[-25.433,217.205,53.9331],"pipPosition":[-49.3449,230.362,13.3209],"stabilizedTipPosition":[-34.5454,237.16,-35.0446],"timeVisible":1.86186,"tipPosition":[-34.3846,237.693,-34.6404],"tipVelocity":[-1.2081,9.61234,6.07326],"tool":false,"touchDistance":-0.106081,"touchZone":"touching","type":0,"width":19.8498},{"bases":[[[0.957687,0.264784,-0.112802],[-0.208113,0.907819,0.364079],[0.198806,-0.325198,0.924512]],[[0.958977,0.262634,-0.106703],[-0.185651,0.866296,0.463752],[0.214234,-0.424918,0.879516]],[[0.958977,0.262634,-0.106703],[-0.224782,0.933826,0.278285],[0.172729,-0.242884,0.954553]],[[0.958977,0.262634,-0.106703],[-0.250404,0.961232,0.115459],[0.13289,-0.0840033,0.987565]]],"btipPosition":[-51.3893,288.638,-88.2352],"carpPosition":[-21.7121,240.13,54.6315],"dipPosition":[-49.1637,287.231,-71.6956],"direction":[-0.172729,0.242884,-0.954553],"extended":true,"handId":472,"id":4721,"length":57.6453,"mcpPosition":[-36.0492,263.582,-12.0402],"pipPosition":[-45.0713,281.476,-49.0796],"stabilizedTipPosition":[-50.988,288.224,-84.5778],"timeVisible":1.86186,"tipPosition":[-50.2865,288.443,-84.5554],"tipVelocity":[1.97574,0.713613,3.20009],"tool":false,"touchDistance":-0.0977984,"touchZone":"touching","type":1,"width":18.9605},{"bases":[[[0.997094,0.0597476,-0.047263],[-0.0387933,0.932155,0.359976],[0.0655641,-0.357096,0.931764]],[[0.995428,0.067517,-0.0675612],[-0.0921613,0.493159,-0.865044],[-0.0250868,0.867315,0.497126]],[[0.995428,0.067517,-0.0675612],[-0.00222339,-0.690767,-0.723074],[-0.0954888,0.719918,-0.687459]],[[0.995428,0.067517,-0.0675612],[0.0482376,-0.965865,-0.254513],[-0.082439,0.250091,-0.964706]]],"btipPosition":[-9.85763,203.763,3.08063],"carpPosition":[-10.7393,244.994,53.3583],"dipPosition":[-11.3762,208.369,-14.6899],"direction":[0.0954888,-0.719918,0.687459],"extended":false,"handId":472,"id":4722,"length":65.6822,"mcpPosition":[-15.2232,269.415,-10.3642],"pipPosition":[-14.0379,228.437,-33.8524],"stabilizedTipPosition":[-11.4052,200.775,-3.57315],"timeVisible":1.86186,"tipPosition":[-10.2768,205.354,-0.545965],"tipVelocity":[3.91829,8.01366,3.69481],"tool":false,"touchDistance":0.333333,"touchZone":"none","type":2,"width":18.6218},{"bases":[[[0.995943,-0.0638942,0.0633678],[0.0346536,0.922183,0.385198],[-0.0830486,-0.381439,0.920656]],[[0.99626,-0.0624018,0.0597666],[0.0840098,0.537763,-0.8389],[0.0202087,0.840784,0.540994]],[[0.99626,-0.0624018,0.0597666],[0.00472641,-0.651301,-0.758804],[0.0862768,0.756249,-0.648571]],[[0.99626,-0.0624018,0.0597666],[-0.0418218,-0.953517,-0.298424],[0.0756106,0.294809,-0.95256]]],"btipPosition":[1.60877,207.483,7.19406],"carpPosition":[1.12209,246.82,52.3604],"dipPosition":[2.99356,212.882,-10.2518],"direction":[-0.0862768,-0.756249,0.648571],"extended":false,"handId":472,"id":4723,"length":63.1552,"mcpPosition":[6.22144,270.241,-4.16978],"pipPosition":[5.33637,233.417,-27.8635],"stabilizedTipPosition":[0.925365,204.82,0.915003],"timeVisible":1.86186,"tipPosition":[1.94493,209.249,3.73679],"tipVelocity":[2.46424,9.38412,5.12331],"tool":false,"touchDistance":0.333333,"touchZone":"none","type":3,"width":17.7198},{"bases":[[[0.960129,-0.259099,0.104975],[0.181663,0.863672,0.470179],[-0.212487,-0.432363,0.876306]],[[0.934109,-0.300983,0.191964],[0.329876,0.522188,-0.786449],[0.136466,0.797953,0.587067]],[[0.934109,-0.300983,0.191964],[-0.0397851,-0.622153,-0.781884],[0.354765,0.722727,-0.593133]],[[0.934109,-0.300983,0.191964],[-0.220109,-0.908944,-0.354079],[0.281057,0.288495,-0.915302]]],"btipPosition":[9.79902,219.797,7.7734],"carpPosition":[14.0018,241.61,51.0931],"dipPosition":[14.5478,224.672,-7.69167],"direction":[-0.354765,-0.722727,0.593133],"extended":false,"handId":472,"id":4724,"length":49.5125,"mcpPosition":[26.0794,266.186,1.28459],"pipPosition":[21.3494,238.528,-19.0634],"stabilizedTipPosition":[9.88767,217.125,2.02612],"timeVisible":1.86186,"tipPosition":[11.0307,221.387,4.64532],"tipVelocity":[1.90395,9.70914,8.38691],"tool":false,"touchDista