{"sensorType":"Leap","data":[[0,{"currentFrameRate":55.1105,"devices":[],"gestures":[{"center":[-22.8826,280.338,-95.5853],"duration":53489,"handIds":[472],"id":13,"normal":[-0.0293196,-0.0893858,0.995565],"pointableIds":[4721],"progress":1.04031,"radius":17.6187,"state":"update","type":"circle"}],"hands":[{"armBasis":[[0.935815,0.335503,-0.108108],[-0.30918,0.928566,0.205361],[0.169284,-0.158755,0.972697]],"armWidth":62.4607,"confidence":0.80299,"direction":[-0.172214,0.589708,-0.789042],"elbow":[68.5724,184.794,302.957],"grabStrength":0,"id":472,"palmNormal":[0.259979,-0.745399,-0.613833],"palmPosition":[8.65466,252.547,0.967228],"palmVelocity":[17.7826,9.99401,63.2998],"palmWidth":89.1918,"pinchStrength":0.317608,"r":[[0.628304,0.685488,0.367887],[-0.717463,0.693398,-0.0666819],[-0.300802,-0.222049,0.927476]],"s":1.04035,"sphereCenter":[-3.29069,230.291,-37.1699],"sphereRadius":47.9215,"stabilizedPalmPosition":[7.37536,251.644,-3.11723],"t":[17.3016,28.462,-91.937],"timeVisible":13.6029,"type":"right","wrist":[23.769,226.811,45.5191]}],"id":1685777,"interactionBox":{"center":[0,200,0],"size":[235.247,235.247,147.751]},"pointables":[{"bases":[[[0.116194,0.906859,0.405099],[-0.813719,-0.146955,0.562375],[0.569526,-0.394981,0.720853]],[[0.0678204,0.9369,0.342955],[-0.806446,-0.150905,0.571728],[0.587406,-0.315349,0.745325]],[[0.0678204,0.9369,0.342955],[-0.991179,0.102502,-0.0840122],[-0.113865,-0.334232,0.935587]],[[0.0678204,0.9369,0.342955],[-0.824241,0.246302,-0.509864],[-0.562162,-0.248099,0.788936]]],"btipPosition":[-11.4924,240.548,-44.8672],"carpPosition":[0.547771,208.255,40.9704],"dipPosition":[-24.389,234.856,-26.7681],"direction":[0.113865,0.334232,-0.935587],"extended":false,"handId":472,"id":4720,"length":51.0864,"mcpPosition":[0.547771,208.255,40.9704],"pipPosition":[-28.1946,223.686,4.50086],"stabilizedTipPosition":[-15.0039,237.945,-44.434],"timeVisible":13.6029,"tipPosition":[-14.7852,239.277,-40.6866],"tipVelocity":[8.18933,19.1979,66.062],"tool":false,"touchDistance":-0.150841,"touchZone":"touching","type":0,"width":19.8498},{"bases":[[[0.90773,0.405445,-0.107892],[-0.305951,0.815646,0.491035],[0.287089,-0.412718,0.864432]],[[0.897275,0.419455,-0.137678],[-0.29843,0.806111,0.511003],[0.325327,-0.417423,0.848481]],[[0.897275,0.419455,-0.137678],[-0.374616,0.888425,0.265263],[0.233582,-0.186437,0.954296]],[[0.897275,0.419455,-0.137678],[-0.416342,0.907714,0.0520981],[0.146825,0.0105748,0.989106]]],"btipPosition":[-41.1273,282.768,-92.5901],"carpPosition":[1.27013,231.185,44.6567],"dipPosition":[-38.6683,282.945,-76.0247],"direction":[-0.233582,0.186437,-0.954296],"extended":true,"handId":472,"id":4721,"length":57.6453,"mcpPosition":[-19.4335,260.949,-17.6824],"pipPosition":[-33.1341,278.528,-53.4148],"stabilizedTipPosition":[-40.8992,281.658,-93.8321],"timeVisible":13.6029,"tipPosition":[-40.9516,284.054,-88.256],"tipVelocity":[8.01031,13.0788,74.1749],"tool":false,"touchDistance":0.421424,"touchZone":"hovering","type":1,"width":18.9605},{"bases":[[[0.976939,0.20093,-0.07223],[-0.141707,0.86319,0.484585],[0.159716,-0.463175,0.871757]],[[0.973535,0.21019,-0.0897206],[-0.197367,0.575322,-0.793758],[-0.115221,0.790459,0.601581]],[[0.973535,0.21019,-0.0897206],[0.0698527,-0.647469,-0.758883],[-0.217601,0.732532,-0.645017]],[[0.973535,0.21019,-0.0897206],[0.177555,-0.942805,-0.282124],[-0.143889,0.258727,-0.955174]]],"btipPosition":[14.6694,206.77,-8.77913],"carpPosition":[11.4322,237.626,43.6886],"dipPosition":[12.0189,211.536,-26.374],"direction":[0.217601,-0.732532,0.645017],"extended":false,"handId":472,"id":4722,"length":65.6822,"mcpPosition":[0.509403,269.302,-15.9301],"pipPosition":[5.95337,231.954,-44.3535],"stabilizedTipPosition":[12.7464,205.7,-19.436],"timeVisible":13.6029,"tipPosition":[14.0088,207.724,-13.3367],"tipVelocity":[10.0206,18.9235,67.6313],"tool":false,"touchDistance":0.333333,"touchZone":"none","type":2,"width":18.6218},{"bases":[[[0.997679,0.0649331,0.0205203],[-0.066383,0.860134,0.505729],[0.0151883,-0.505917,0.862448]],[[0.997419,0.0711074,0.00998507],[-0.0368314,0.626013,-0.778942],[-0.0616394,0.776564,0.627016]],[[0.997419,0.0711074,0.00998507],[0.0524965,-0.62725,-0.777047],[-0.0489907,0.775565,-0.629364]],[[0.997419,0.0711074,0.00998507],[0.070808,-0.95092,-0.301227],[-0.0119245,0.301156,-0.9535]]],"btipPosition":[26.2013,211.646,-3.31434],"carpPosition":[22.8856,241.168,42.5497],"dipPosition":[25.9829,217.161,-20.7775],"direction":[0.0489907,-0.775565,0.629364],"extended":false,"handId":472,"id":4723,"length":63.1552,"mcpPosition":[21.953,272.232,-10.4064],"pipPosition":[24.6526,238.221,-37.8675],"stabilizedTipPosition":[24.8777,210.907,-13.0529],"timeVisible":13.6029,"tipPosition":[26.2274,212.781,-7.54058],"tipVelocity":[10.1149,16.8318,62.2942],"tool":false,"touchDistance":0.333333,"touchZone":"none","type":3,"width":17.7198},{"bases":[[[0.989893,-0.137075,0.0363563],[0.0912049,0.811665,0.576959],[-0.108596,-0.567812,0.815963]],[[0.99537,-0.0919467,-0.0279964],[0.0428439,0.685197,-0.727097],[0.0860372,0.722531,0.685964]],[[0.99537,-0.0919467,-0.0279964],[-0.0762355,-0.577877,-0.812555],[0.0585333,0.810928,-0.582212]],[[0.99537,-0.0919467,-0.0279964],[-0.0959135,-0.931386,-0.35117],[0.00621347,0.352229,-0.935893]]],"btipPosition":[38.2163,223.707,-3.02672],"carpPosition":[36.2531,237.975,40.1525],"dipPosition":[38.3213,229.659,-18.8397],"direction":[-0.0585333,-0.810928,0.582212],"extended":false,"handId":472,"id":4724,"length":49.5125,"mcpPosition":[42.4256,270.249,-6.22624],"pipPosition":[39.4435,245.206,-30.002],"stabilizedTipPosition":[36.5605,223.437,-11.7208],"timeVisible":13.6029,"tipPosition":[37.9868,224.957,-6.82496],"tipVelocity":[16.5657,12.7135,66.2435],"tool":false,"touchDistance":0.333333,"touchZone":"none","type":4,"width":15.7401}],"r":[[0.628304,0.685488,0.367887],[-0.717463,0.693398,-0.0666819],[-0.300802,-0.222049,0.927476]],"s":1.04035,"t":[17.3016,28.462,-91.937],"timestamp":93499046116},false],[1,{"currentFrameRate":55.1174,"devices":[],"gestures":[{"center":[-22.8826,280.338,-95.5853],"duration":53489,"handIds":[472],"id":13,"normal":[-0.0293196,-0.0893858,0.995565],"pointableIds":[4721],"progress":1.04031,"radius":17.6187,"state":"update","type":"circle"}],"hands":[{"armBasis":[[0.936571,0.333173,-0.108765],[-0.307312,0.929881,0.20219],[0.168502,-0.155941,0.973288]],"armWidth":62.4607,"confidence":0.837228,"direction":[-0.172534,0.592513,-0.786868],"elbow":[68.5767,185.429,303.776],"grabStrength":0,"id":472,"palmNormal":[0.257433,-0.743958,-0.616648],"palmPosition":[8.83347,252.605,1.73834],"palmVelocity":[14.0156,6.76515,53.4268],"palmWidth":89.1918,"pinchStrength":0.316795,"r":[[0.62982,0.68481,0.366555],[-0.717895,0.693392,-0.0619188],[-0.296569,-0.224151,0.928334]],"s":1.03982,"sphereCenter":[-3.00833,230.483,-36.4301],"sphereRadius":47.8595,"stabilizedPalmPosition":[7.41817,251.672,-2.97465],"t":[17.5493,28.5774,-90.9864],"timeVisible":13.621,"type":"right","wrist":[23.9803,226.701,46.1813]}],"id":1685778,"interactionBox":{"center":[0,200,0],"size":[235.247,235.247,147.751]},"pointables":[{"bases":[[[0.118664,0.905359,0.407731],[-0.812966,-0.147177,0.563405],[0.570092,-0.398328,0.718561]],[[0.069391,0.936153,0.344677],[-0.806087,-0.150934,0.572225],[0.587714,-0.317547,0.744148]],[[0.069391,0.936153,0.344677],[-0.991064,0.104146,-0.0833396],[-0.113915,-0.335814,0.935015]],[[0.069391,0.936153,0.344677],[-0.82297,0.248999,-0.510608],[-0.563831,-0.248227,0.787704]]],"btipPosition":[-11.2999,240.659,-44.1155],"carpPosition":[0.715444,208.203,41.617],"dipPosition":[-24.2348,234.965,-26.0448],"direction":[0.113915,0.335814,-0.935015],"extended":false,"handId":472,"id":4720,"length":51.0864,"mcpPosition":[0.715444,208.203,41.617],"pipPosition":[-28.042,223.741,5.20507],"stabilizedTipPosition":[-14.9664,238.018,-44.2037],"timeVisible":13.621,"tipPosition":[-14.623,239.434,-39.93],"tipVelocity":[9.11827,12.9689,54.1915],"tool":false,"touchDistance":-0.138422,"touchZone":"touching","type":0,"width":19.8498},{"bases":[[[0.908302,0.404057,-0.108285],[-0.303496,0.814678,0.494156],[0.287885,-0.415979,0.862603]],[[0.897923,0.418049,-0.137728],[-0.297537,0.807091,0.509977],[0.324355,-0.41694,0.849091]],[[0.897923,0.418049,-0.137728],[-0.374138,0.889749,0.261472],[0.231852,-0.183253,0.955334]],[[0.897923,0.418049,-0.137728],[-0.415772,0.908289,0.0463144],[0.144459,0.0156767,0.989387]]],"btipPosition":[-40.845,282.757,-91.7959],"carpPosition":[1.48826,231.12,45.3739],"dipPosition":[-38.4256,283.019,-75.2257],"direction":[-0.231852,0.183253,-0.955334],"extended":true,"handId":472,"id":4721,"length":57.6453,"mcpPosition":[-19.2727,261.119,-16.8332],"pipPosition":[-32.9324,278.678,-52.5912],"stabilizedTipPosition":[-40.8878,281.68,-93.7221],"timeVisible":13.621,"tipPosition":[-40.7059,284.085,-87.4478],"tipVelocity":[11.3753,7.07829,59.7621],"tool":false,"touchDistance":0.424546,"touchZone":"hovering","type":1,"width":18.9605},{"bases":[[[0.977186,0.199299,-0.0733931],[-0.139174,0.861929,0.487554],[0.160429,-0.466217,0.870003]],[[0.973809,0.208516,-0.0906514],[-0.196898,0.574005,-0.794826],[-0.113699,0.791858,0.600028]],[[0.973809,0.208516,-0.0906514],[0.0693015,-0.65193,-0.755105],[-0.21655,0.729046,-0.649306]],[[0.973809,0.208516,-0.0906514],[0.176481,-0.944565,-0.27686],[-0.143356,0.253611,-0.956625]]],"btipPosition":[14.7382,207.022,-7.72065],"carpPosition":[11.6608,237.544,44.4075],"dipPosition":[12.0975,211.693,-25.3423],"direction":[0.21655,-0.729046,0.649306],"extended":false,"handId":472,"id":4722,"length":65.6822,"mcpPosition":[0.689236,269.429,-15.0913],"pipPosition":[6.06128,232.015,-43.4413],"stabilizedTipPosition":[12.7545,205.714,-19.3911],"timeVisible":13.621,"tipPosition":[14.0813,207.924,-12.3956],"tipVelocity":[7.1177,15.9664,63.0842],"tool":false,"touchDistance":0.333333,"touchZone":"none","type":2,"width":18.6218},{"bases":[[[0.997836,0.0629723,0.0188912],[-0.0638173,0.858664,0.50855],[0.0158033,-0.508655,0.860825]],[[0.997588,0.0688303,0.00896908],[-0.0361332,0.625277,-0.779566],[-0.0592659,0.777362,0.626256]],[[0.997588,0.0688303,0.00896908],[0.0505315,-0.63156,-0.773678],[-0.047588,0.772266,-0.633515]],[[0.997588,0.0688303,0.00896908],[0.0683995,-0.9528,-0.295794],[-0.0118138,0.295694,-0.95521]]],"btipPosition":[26.2527,211.869,-2.32842],"carpPosition":[23.1188,241.068,43.2587],"dipPosition":[26.0363,217.284,-19.8228],"direction":[0.047588,-0.772266,0.633515],"extended":false,"handId":472,"id":4723,"length":63.1552,"mcpPosition":[22.1484,272.301,-9.59778],"pipPosition":[24.7441,238.255,-37.0256],"stabilizedTipPosition":[24.8863,210.921,-13.0095],"timeVisible":13.621,"tipPosition":[26.2842,212.943,-6.68168],"tipVelocity":[6.66263,14.08,58.3539],"tool":false,"touchDistance":0.333333,"touchZone":"none","type":3,"width":17.7198},{"bases":[[[0.989695,-0.13907,0.0341069],[0.0938082,0.809671,0.579338],[-0.108184,-0.570168,0.814374]],[[0.995174,-0.0930762,-0.0310602],[0.041521,0.68627,-0.726161],[0.088904,0.721367,0.686823]],[[0.995174,-0.0930762,-0.0310602],[-0.0794282,-0.578295,-0.811952],[0.0576114,0.810501,-0.582898]],[[0.995174,-0.0930762,-0.0310602],[-0.0980544,-0.931606,-0.349994],[0.0036402,0.351351,-0.936237]]],"btipPosition":[38.3774,223.787,-2.27281],"carpPosition":[36.4758,237.858,40.8269],"dipPosition":[38.4389,229.724,-18.0916],"direction":[-0.0576114,-0.810501,0.582898],"extended":false,"handId":472,"id":4724,"length":49.5125,"mcpPosition":[42.6249,270.266,-5.46152],"pipPosition":[39.5434,245.263,-29.2671],"stabilizedTipPosition":[36.5796,223.455,-11.6605],"timeVisible":13.621,"tipPosition":[38.1375,225.024,-6.11066],"tipVelocity":[12.6487,8.67047,54.4824],"tool":false,"touchDistance":0.333333,"touchZone":"none","type":4,"width":15.7401}],"r":[[0.62982,0.68481,0.366555],[-0.717895,0.693392,-0.0619188],[-0.296569,-0.224151,0.928334]],"s":1.03982,"t":[17.5493,28.5774,-90.9864],"timestamp":93499064235},false],[2,{"currentFrameRate":55.138,"devices":[],"gestures":[{"center":[-22.8826,280.338,-95.5853],"duration":53489,"handIds":[472],"id":13,"normal":[-0.0293196,-0.0893858,0.995565],"pointableIds":[4721],"progress":1.04031,"radius":17.6187,"state":"update","type":"circle"}],"hands":[{"armBasis":[[0.936668,0.332357,-0.11042],[-0.306334,0.930321,0.201647],[0.169745,-0.155051,0.973214]],"armWidth":62.4607,"confidence":0.865439,"direction":[-0.172353,0.595055,-0.784987],"elbow":[69.0468,185.552,304.394],"grabStrength":0,"id":472,"palmNormal":[0.256272,-0.742382,-0.619026],"palmPosition":[8.97674,252.643,2.46275],"palmVelocity":[11.1255,4.53643,47.097],"palmWidth":89.1918,"pinchStrength":0.315351,"r":[[0.63122,0.683913,0.36582],[-0.718082,0.69357,-0.057607],[-0.29312,-0.226326,0.928901]],"s":1.03921,"sphereCenter":[-2.69851,230.59,-35.7891],"sphereRadius":47.8066,"stabilizedPalmPosition":[7.44249,251.687,-2.8898],"t":[17.7448,28.6539,-90.1488],"timeVisible":13.6391,"type":"right","wrist":[24.1215,226.589,46.819]}],"id":1685779,"interactionBox":{"center":[0,200,0],"size":[235.247,235.247,147.751]},"pointables":[{"bases":[[[0.119878,0.904004,0.410374],[-0.812796,-0.14799,0.563437],[0.57008,-0.401094,0.71703]],[[0.0706497,0.935013,0.347504],[-0.805832,-0.151828,0.572349],[0.587914,-0.320466,0.742737]],[[0.0706497,0.935013,0.347504],[-0.990994,0.105518,-0.0824387],[-0.113749,-0.33855,0.934048]],[[0.0706497,0.935013,0.347504],[-0.822996,0.251487,-0.509345],[-0.563637,-0.250009,0.78728]]],"btipPosition":[-11.2011,240.861,-43.4086],"carpPosition":[0.834059,208.13,42.2129],"dipPosition":[-24.1315,235.126,-25.3475],"direction":[0.113749,0.33855,-0.934048],"extended":false,"handId":472,"id":4720,"length":51.0864,"mcpPosition":[0.834059,208.13,42.2129],"pipPosition":[-27.9332,223.811,5.86998],"stabilizedTipPosition":[-14.9436,238.062,-44.0614],"timeVisible":13.6391,"tipPosition":[-14.517,239.624,-39.2276],"tipVelocity":[7.41214,11.8727,46.9808],"tool":false,"touchDistance":-0.126676,"touchZone":"touching","type":0,"width":19.8498},{"bases":[[[0.908674,0.403401,-0.107605],[-0.30233,0.813519,0.496774],[0.287938,-0.418873,0.861183]],[[0.898294,0.417492,-0.136998],[-0.298094,0.808103,0.508045],[0.322813,-0.415535,0.850366]],[[0.898294,0.417492,-0.136998],[-0.374858,0.890816,0.256766],[0.229238,-0.179297,0.956715]],[[0.898294,0.417492,-0.136998],[-0.416147,0.90843,0.0397139],[0.141033,0.0213365,0.989775]]],"btipPosition":[-40.5191,282.633,-91.1223],"carpPosition":[1.63378,231.035,46.0381],"dipPosition":[-38.1571,282.99,-74.5456],"direction":[-0.229238,0.179297,-0.956715],"extended":true,"handId":472,"id":4721,"length":57.6453,"mcpPosition":[-19.1311,261.242,-16.0667],"pipPosition":[-32.7258,278.742,-51.8785],"stabilizedTipPosition":[-40.8784,281.69,-93.6563],"timeVisible":13.6391,"tipPosition":[-40.4128,284.012,-86.7603],"tipVelocity":[14.1933,1.01975,49.1253],"tool":false,"touchDistance":0.42555,"touchZone":"hovering","type":1,"width":18.9605},{"bases":[[[0.977358,0.198466,-0.0733675],[-0.13796,0.860613,0.490217],[0.160432,-0.468996,0.868507]],[[0.974002,0.207681,-0.0904908],[-0.196397,0.575022,-0.794215],[-0.11291,0.791339,0.600861]],[[0.974002,0.207681,-0.0904908],[0.0689892,-0.652401,-0.754728],[-0.215779,0.728863,-0.649767]],[[0.974002,0.207681,-0.0904908],[0.175796,-0.944855,-0.276305],[-0.142884,0.253214,-0.9568]]],"btipPosition":[14.8223,207.155,-6.9642],"carpPosition":[11.8127,237.451,45.0849],"dipPosition":[12.1903,211.82,-24.589],"direction":[0.215779,-0.728863,0.649767],"extended":false,"handId":472,"id":4722,"length":65.6822,"mcpPosition":[0.840859,269.525,-14.3116],"pipPosition":[6.17559,232.136,-42.7009],"stabilizedTipPosition":[12.7591,205.722,-19.3649],"timeVisible":13.6391,"tipPosition":[14.1703,208.048,-11.6633],"tipVelocity":[6.00169,11.8483,52.99],"tool":false,"touchDistance":0.333333,"touchZone":"none","type":2,"width":18.6218},{"bases":[[[0.997915,0.0618409,0.0184956],[-0.062595,0.857204,0.511159],[0.015756,-0.511251,0.859287]],[[0.997679,0.0674938,0.00898698],[-0.0353592,0.626362,-0.77873],[-0.0581886,0.776605,0.627295]],[[0.997679,0.0674938,0.00898698],[0.0498118,-0.633495,-0.772142],[-0.0464216,0.770798,-0.635387]],[[0.997679,0.0674938,0.00898698],[0.067167,-0.953898,-0.292518],[-0.0111705,0.292443,-0.956218]]],"btipPosition":[26.3199,212.058,-1.52895],"carpPosition":[23.2738,240.966,43.9399],"dipPosition":[26.1154,217.414,-19.0418],"direction":[0.0464216,-0.770798,0.635387],"extended":false,"handId":472,"id":4723,"length":63.1552,"mcpPosition":[22.3063,272.358,-8.82206],"pipPosition":[24.8548,238.345,-36.2955],"stabilizedTipPosition":[24.8911,210.93,-12.9838],"timeVisible":13.6391,"tipPosition":[26.3572,213.085,-5.93968],"tipVelocity":[5.33778,12.0166,51.5456],"tool":false,"touchDistance":0.333333,"touchZone":"none","type":3,"width":17.7198},{"bases":[[[0.989564,-0.140237,0.0331103],[0.0950187,0.807829,0.581707],[-0.108324,-0.572491,0.812724]],[[0.99508,-0.0935395,-0.0326406],[0.0409204,0.688111,-0.72445],[0.0902251,0.719551,0.688554]],[[0.99508,-0.0935395,-0.0326406],[-0.080926,-0.577394,-0.812445],[0.0571492,0.81109,-0.582123]],[[0.99508,-0.0935395,-0.0326406],[-0.0990425,-0.931349,-0.350399],[0.00237631,0.351908,-0.936032]]],"btipPosition":[38.5199,223.852,-1.59351],"carpPosition":[36.6259,237.748,41.4907],"dipPosition":[38.5601,229.798,-17.4088],"direction":[-0.0571492,-0.81109,0.582123],"extended":false,"handId":472,"id":4724,"length":49.5125,"mcpPosition":[42.783,270.288,-4.70391],"pipPosition":[39.6558,245.348,-28.5695],"stabilizedTipPosition":[36.5901,223.465,-11.6255],"timeVisible":13.6391,"tipPosition":[38.2741,225.082,-5.44478],"tipVelocity":[10.2591,6.31339,46.4859],"tool":false,"touchDistance":0.333333,"touchZone":"none","type":4,"width":15.7401}],"r":[[0.63122,0.683913,0.36582],[-0.718082,0.69357,-0.057607],[-0.29312,-0.226326,0.928901]],"s":1.03921,"t":[17.7448,28.6539,-90.1488],"timestamp":93499082300},false],[3,{"currentFrameRate":55.1128,"devices":[],"gestures":[{"center":[-22.8826,280.338,-95.5853],"duration":53489,"handIds":[472],"id":13,"normal":[-0.0293196,-0.0893858,0.995565],"pointableIds":[4721],"progress":1.04031,"radius":17.6187,"state":"update","type":"circle"}],"hands":[{"armBasis":[[0.936009,0.33337,-0.112919],[-0.30741,0.930532,0.199019],[0.171422,-0.151571,0.973468]],"armWidth":62.4607,"confidence":0.833573,"direction":[-0.171786,0.59686,-0.78374],"elbow":[69.7659,186.227,305.495],"grabStrength":0,"id":472,"palmNormal":[0.257567,-0.740682,-0.620524],"palmPosition":[9.28942,252.494,3.54172],"palmVelocity":[14.0059,-1.51812,52.8739],"palmWidth":89.1918,"pinchStrength":0.311889,"r":[[0.632151,0.683106,0.365721],[-0.718303,0.693632,-0.0539965],[-0.290561,-0.228564,0.929157]],"s":1.0385,"sphereCenter":[-2.09636,230.468,-34.8006],"sphereRadius":47.7482,"stabilizedPalmPosition":[7.45862,251.694,-2.83366],"t":[17.9989,28.618,-89.1906],"timeVisible":13.6573,"type":"right","wrist":[24.3968,226.342,47.8529]}],"id":1685780,"interactionBox":{"center":[0,200,0],"size":[235.247,235.247,147.751]},"pointables":[{"bases":[[[0.118731,0.903077,0.412741],[-0.813398,-0.149939,0.562052],[0.569462,-0.402456,0.716758]],[[0.069619,0.934173,0.349962],[-0.806266,-0.153892,0.571185],[0.587442,-0.321928,0.742478]],[[0.069619,0.934173,0.349962],[-0.990979,0.105036,-0.0832399],[-0.114519,-0.34101,0.933058]],[[0.069619,0.934173,0.349962],[-0.822773,0.252142,-0.509381],[-0.564091,-0.252476,0.786166]]],"btipPosition":[-10.8478,240.821,-42.3779],"carpPosition":[1.12809,207.879,43.1723],"dipPosition":[-23.7887,235.028,-24.3424],"direction":[0.114519,0.34101,-0.933058],"extended":false,"handId":472,"id":4720,"length":51.0864,"mcpPosition":[1.12809,207.879,43.1723],"pipPosition":[-27.6161,223.631,6.84202],"stabilizedTipPosition":[-14.9256,238.084,-43.9678],"timeVisible":13.6573,"tipPosition":[-14.1493,239.565,-38.2063],"tipVelocity":[13.0693,4.78146,51.392],"tool":false,"touchDistance":-0.109597,"touchZone":"touching","type":0,"width":19.8498},{"bases":[[[0.908526,0.404297,-0.105475],[-0.303521,0.812086,0.498389],[0.287152,-0.420785,0.860513]],[[0.898144,0.418489,-0.134922],[-0.301081,0.808955,0.504918],[0.320449,-0.412867,0.852557]],[[0.898144,0.418489,-0.134922],[-0.377835,0.891488,0.249981],[0.224896,-0.173541,0.958804]],[[0.898144,0.418489,-0.134922],[-0.418403,0.907753,0.0303781],[0.135189,0.029168,0.99039]]],"btipPosition":[-39.8888,282.13,-90.2095],"carpPosition":[1.90699,230.775,47.0546],"dipPosition":[-37.6247,282.619,-73.6226],"direction":[-0.224896,0.173541,-0.958804],"extended":true,"handId":472,"id":4721,"length":57.6453,"mcpPosition":[-18.8012,261.12,-15.0019],"pipPosition":[-32.2963,278.507,-50.9059],"stabilizedTipPosition":[-40.8656,281.695,-93.595],"timeVisible":13.6573,"tipPosition":[-39.8272,283.575,-85.835],"tipVelocity":[23.3445,-11.846,49.6366],"tool":false,"touchDistance":0.430056,"touchZone":"hovering","type":1,"width":18.9605},{"bases":[[[0.97731,0.199326,-0.0716541],[-0.139176,0.859311,0.492154],[0.159672,-0.471014,0.867554]],[[0.973987,0.208534,-0.0886704],[-0.195192,0.573315,-0.795745],[-0.115104,0.792353,0.599106]],[[0.973987,0.208534,-0.0886704],[0.072165,-0.656378,-0.750973],[-0.214804,0.725039,-0.654352]],[[0.973987,0.208534,-0.0886704],[0.177914,-0.946078,-0.270707],[-0.140341,0.24789,-0.958569]]],"btipPosition":[15.1739,207.199,-5.61064],"carpPosition":[12.0826,237.2,46.13],"dipPosition":[12.5887,211.765,-23.2681],"direction":[0.214804,-0.725039,0.654352],"extended":false,"handId":472,"id":4722,"length":65.6822,"mcpPosition":[1.16275,269.412,-13.2013],"pipPosition":[6.60115,231.976,-41.5078],"stabilizedTipPosition":[12.7621,205.726,-19.3486],"timeVisible":13.6573,"tipPosition":[14.5358,208.042,-10.3996],"tipVelocity":[12.6333,6.74699,62.9536],"tool":false,"touchDistance":0.333333,"touchZone":"none","type":2,"width":18.6218},{"bases":[[[0.997847,0.0624905,0.0198993],[-0.0638352,0.855903,0.513182],[0.0150371,-0.513347,0.858049]],[[0.997627,0.0680171,0.0106545],[-0.034521,0.6281,-0.777366],[-0.0595663,0.775154,0.628958]],[[0.997627,0.0680171,0.0106545],[0.0514291,-0.633376,-0.772134],[-0.0457699,0.770849,-0.635371]],[[0.997627,0.0680171,0.0106545],[0.0681632,-0.954075,-0.291708],[-0.00967591,0.291743,-0.956448]]],"btipPosition":[26.6482,212.022,-0.453867],"carpPosition":[23.5427,240.726,45.008],"dipPosition":[26.471,217.365,-17.971],"direction":[0.0457699,-0.77085,0.635371],"extended":false,"handId":472,"id":4723,"length":63.1552,"mcpPosition":[22.6194,272.246,-7.67795],"pipPosition":[25.2282,238.297,-35.2242],"stabilizedTipPosition":[24.8942,210.934,-12.9681],"timeVisible":13.6573,"tipPosition":[26.6942,213.028,-4.87472],"tipVelocity":[11.5596,5.24178,55.0683],"tool":false,"touchDistance":0.333333,"touchZone":"none","type":3,"width":17.7198},{"bases":[[[0.98962,-0.139629,0.0340076],[0.0937246,0.806465,0.583807],[-0.108942,-0.574559,0.81118]],[[0.995208,-0.0923137,-0.0322497],[0.0406023,0.690139,-0.722537],[0.0889569,0.717765,0.69058]],[[0.995208,-0.0923137,-0.0322497],[-0.0798263,-0.576496,-0.813191],[0.0564769,0.811868,-0.581102]],[[0.995208,-0.0923137,-0.0322497],[-0.0977564,-0.931296,-0.350902],[0.002359,0.352372,-0.935857]]],"btipPosition":[38.8863,223.784,-0.521555],"carpPosition":[36.9001,237.524,42.5677],"dipPosition":[38.9262,229.738,-16.3339],"direction":[-0.0564769,-0.811868,0.581102],"extended":false,"handId":472,"id":4724,"length":49.5125,"mcpPosition":[43.0923,270.181,-3.5392],"pipPosition":[40.009,245.303,-27.475],"stabilizedTipPosition":[36.5972,223.47,-11.6028],"timeVisible":13.6573,"tipPosition":[38.6398,225.005,-4.37519],"tipVelocity":[14.9612,1.55989,52.3888],"tool":false,"touchDistance":0.333333,"touchZone":"none","type":4,"width":15.7401}],"r":[[0.632151,0.683106,0.365721],[-0.718303,0.693632,-0.0539965],[-0.290561,-0.228564,0.929157]],"s":1.0385,"t":[17.9989,28.618,-89.1906],"timestamp":93499100532},false],[4,{"currentFrameRate":55.1609,"devices":[],"gestures":[{"center":[-22.8826,280.338,-95.5853],"duration":53489,"handIds":[472],"id":13,"normal":[-0.0293196,-0.0893858,0.995565],"pointableIds":[4721],"progress":1.04031,"radius":17.6187,"state":"update","type":"circle"}],"hands":[{"armBasis":[[0.935495,0.335715,-0.110199],[-0.30975,0.929246,0.201386],[0.170011,-0.154261,0.973293]],"armWidth":62.4607,"confidence":0.805013,"direction":[-0.1722,0.60137,-0.780193],"elbow":[69.7324,185.146,306.321],"grabStrength":0,"id":472,"palmNormal":[0.259853,-0.736238,-0.624844],"palmPosition":[9.6223,252.369,4.56114],"palmVelocity":[16.1471,-4.08977,54.7095],"palmWidth":89.1918,"pinchStrength":0.311016,"r":[[0.632522,0.682274,0.366632],[-0.718758,0.693431,-0.0504035],[-0.288623,-0.231638,0.929]],"s":1.03761,"sphereCenter":[-1.41401,230.47,-33.9822],"sphereRadius":47.6872,"stabilizedPalmPosition":[7.4701,251.698,-2.7944],"t":[18.2924,28.5376,-88.2018],"timeVisible":13.6753,"type":"right","wrist":[24.7367,225.974,48.7252]}],"id":1685781,"interactionBox":{"center":[0,200,0],"size":[235.247,235.247,147.751]},"pointables":[{"bases":[[[0.116324,0.900736,0.418502],[-0.813697,-0.155193,0.560189],[0.569531,-0.405698,0.714874]],[[0.0675886,0.931906,0.356347],[-0.805878,-0.159577,0.570172],[0.588211,-0.325709,0.740217]],[[0.0675886,0.931906,0.356347],[-0.991159,0.103588,-0.0829061],[-0.114174,-0.347593,0.930668]],[[0.0675886,0.931906,0.356347],[-0.823359,0.253815,-0.5076],[-0.563482,-0.259094,0.784448]]],"btipPosition":[-10.5259,240.989,-41.417],"carpPosition":[1.51312,207.49,43.9033],"dipPosition":[-23.4528,235.045,-23.4209],"direction":[0.114174,0.347593,-0.930668],"extended":false,"handId":472,"id":4720,"length":51.0864,"mcpPosition":[1.51312,207.49,43.9033],"pipPosition":[-27.2687,223.427,7.68369],"stabilizedTipPosition":[-14.9116,238.1,-43.9017],"timeVisible":13.6753,"tipPosition":[-13.7777,239.676,-37.2697],"tipVelocity":[15.4493,6.02396,52.1503],"tool":false,"touchDistance":-0.093732,"touchZone":"touching","type":0,"width":19.8498},{"bases":[[[0.907768,0.4069,-0.101927],[-0.305826,0.808304,0.503105],[0.287101,-0.425531,0.858194]],[[0.897369,0.421278,-0.131349],[-0.305463,0.807835,0.504078],[0.318466,-0.412222,0.853612]],[[0.897369,0.421278,-0.131349],[-0.382315,0.890867,0.245339],[0.220371,-0.169943,0.960498]],[[0.897369,0.421278,-0.131349],[-0.422086,0.906264,0.023008],[0.12873,0.034794,0.991069]]],"btipPosition":[-39.255,281.854,-89.2634],"carpPosition":[2.23832,230.363,47.9293],"dipPosition":[-37.099,282.437,-72.6651],"direction":[-0.220371,0.169943,-0.960498],"extended":true,"handId":472,"id":4721,"length":57.6453,"mcpPosition":[-18.4662,261.05,-13.9599],"pipPosition":[-31.8778,278.41,-49.9083],"stabilizedTipPosition":[-40.849,281.697,-93.5306],"timeVisible":13.6753,"tipPosition":[-39.2473,283.366,-84.8664],"tipVelocity":[28.3404,-12.9491,51.1414],"tool":false,"touchDistance":0.434614,"touchZone":"hovering","type":1,"width":18.9605},{"bases":[[[0.976957,0.20187,-0.0693084],[-0.141576,0.85592,0.49735],[0.159722,-0.476077,0.864777]],[[0.973627,0.211194,-0.0863023],[-0.195544,0.577613,-0.792544],[-0.117531,0.788518,0.603677]],[[0.973627,0.211194,-0.0863023],[0.075024,-0.653616,-0.753099],[-0.215458,0.726762,-0.652222]],[[0.973627,0.211194,-0.0863023],[0.180803,-0.944959,-0.272696],[-0.139144,0.249901,-0.958222]]],"btipPosition":[15.5998,207.257,-4.77622],"carpPosition":[12.4011,236.816,47.0562],"dipPosition":[13.0366,211.86,-22.4272],"direction":[0.215458,-0.726762,0.652222],"extended":false,"handId":472,"id":4722,"length":65.6822,"mcpPosition":[1.47779,269.374,-12.0851],"pipPosition":[7.03087,232.118,-40.6076],"stabilizedTipPosition":[12.7647,205.729,-19.3367],"timeVisible":13.6753,"tipPosition":[14.9747,208.088,-9.55816],"tipVelocity":[18.0074,5.30456,55.1877],"tool":false,"touchDistance":0.333333,"touchZone":"none","type":2,"width":18.6218},{"bases":[[[0.997687,0.0645098,0.0214123],[-0.0662517,0.852543,0.518441],[0.0151896,-0.51866,0.854845]],[[0.997472,0.0699729,0.0124011],[-0.0347821,0.6329,-0.773452],[-0.0619693,0.771065,0.633734]],[[0.997472,0.0699729,0.0124011],[0.0538235,-0.62995,-0.774769],[-0.0464007,0.773477,-0.632123]],[[0.997472,0.0699729,0.0124011],[0.0705144,-0.952932,-0.294868],[-0.00881539,0.294997,-0.955457]]],"btipPosition":[27.0576,212.044,0.388548],"carpPosition":[23.8547,240.373,45.9692],"dipPosition":[26.8961,217.446,-17.1104],"direction":[0.0464007,-0.773477,0.632123],"extended":false,"handId":472,"id":4723,"length":63.1552,"mcpPosition":[22.9221,272.22,-6.52003],"pipPosition":[25.6361,238.45,-34.2754],"stabilizedTipPosition":[24.8968,210.937,-12.9568],"timeVisible":13.6753,"tipPosition":[27.1094,213.048,-4.0332],"tipVelocity":[16.9671,3.6888,51.3141],"tool":false,"touchDistance":0.333333,"touchZone":"none","type":3,"width":17.7198},{"bases":[[[0.98988,-0.137711,0.0342497],[0.0913357,0.803004,0.588933],[-0.108605,-0.579845,0.807456]],[[0.995461,-0.0895051,-0.0323435],[0.0390551,0.694113,-0.718806],[0.0867868,0.71428,0.694458]],[[0.995461,-0.0895051,-0.0323435],[-0.0780573,-0.573446,-0.815516],[0.0544455,0.814339,-0.57783]],[[0.995461,-0.0895051,-0.0323435],[-0.0951556,-0.930229,-0.354429],[0.0016363,0.355898,-0.934523]]],"btipPosition":[39.3152,223.79,0.426768],"carpPosition":[37.2218,237.215,43.524],"dipPosition":[39.3429,229.803,-15.3631],"direction":[-0.0544455,-0.814339,0.57783],"extended":false,"handId":472,"id":4724,"length":49.5125,"mcpPosition":[43.3948,270.173,-2.37121],"pipPosition":[40.3867,245.416,-26.4414],"stabilizedTipPosition":[36.6025,223.473,-11.5862],"timeVisible":13.6753,"tipPosition":[39.067,225.019,-3.44215],"tipVelocity":[19.1049,1.32485,52.718],"tool":false,"touchDistance":0.333333,"touchZone":"none","type":4,"width":15.7401}],"r":[[0.632522,0.682274,0.366632],[-0.718758,0.693431,-0.0504035],[-0.288623,-0.231638,0.929]],"s":1.03761,"t":[18.2924,28.5376,-88.2018],"timestamp":93499118494},false],[5,{"currentFrameRate":55.2075,"devices":[],"gestures":[{"center":[-22.8826,280.338,-95.5853],"duration":53489,"handIds":[472],"id":13,"normal":[-0.0293196,-0.0893858,0.995565],"pointableIds":[4721],"progress":1.04031,"radius":17.6187,"state":"update","type":"circle"}],"hands":[{"armBasis":[[0.934838,0.337636,-0.109913],[-0.311962,0.928828,0.199897],[0.169582,-0.152583,0.973633]],"armWidth":62.4607,"confidence":0.838615,"direction":[-0.171895,0.604763,-0.777633],"elbow":[69.8988,185.36,306.949],"grabStrength":0,"id":472,"palmNormal":[0.262292,-0.732791,-0.627869],"palmPosition":[9.93309,252.322,5.19859],"palmVelocity":[16.6981,-3.41677,45.6299],"palmWidth":89.1918,"pinchStrength":0.308387,"r":[[0.632445,0.681483,0.368232],[-0.719348,0.69305,-0.0471271],[-0.287319,-0.235082,0.928539]],"s":1.03693,"sphereCenter":[-0.87897,230.506,-33.5133],"sphereRadius":47.6787,"stabilizedPalmPosition":[7.47974,251.7,-2.76311],"t":[18.5945,28.4735,-87.3886],"timeVisible":13.6933,"type":"right","wrist":[25.0164,225.743,49.2637]}],"id":1685782,"interactionBox":{"center":[0,200,0],"size":[235.247,235.247,147.751]},"pointables":[{"bases":[[[0.113955,0.898943,0.422985],[-0.814413,-0.159314,0.557988],[0.568987,-0.40807,0.713956]],[[0.0666039,0.929556,0.362614],[-0.805083,-0.164615,0.569863],[0.589411,-0.32989,0.737406]],[[0.0666039,0.929556,0.362614],[-0.991182,0.103362,-0.0829101],[-0.11455,-0.353895,0.928244]],[[0.0666039,0.929556,0.362614],[-0.824581,0.255907,-0.504557],[-0.561809,-0.2654,0.783539]]],"btipPosition":[-10.2888,241.299,-40.7684],"carpPosition":[1.83479,207.241,44.3125],"dipPosition":[-23.1773,235.211,-22.7931],"direction":[0.11455,0.353895,-0.928244],"extended":false,"handId":472,"id":4720,"length":51.0864,"mcpPosition":[1.83479,207.241,44.3125],"pipPosition":[-27.0057,223.383,8.23042],"stabilizedTipPosition":[-14.8989,238.113,-43.8464],"timeVisible":13.6933,"tipPosition":[-13.4492,239.888,-36.6642],"tipVelocity":[14.6231,10.4893,44.4487],"tool":false,"touchDistance":-0.0830016,"touchZone":"touching","type":0,"width":19.8498},{"bases":[[[0.907213,0.409008,-0.0983679],[-0.308178,0.805353,0.506392],[0.286339,-0.429091,0.856674]],[[0.896737,0.423644,-0.128021],[-0.309281,0.806791,0.503422],[0.316558,-0.411842,0.854504]],[[0.896737,0.423644,-0.128021],[-0.385887,0.8901,0.242513],[0.216691,-0.168069,0.961664]],[[0.896737,0.423644,-0.128021],[-0.424898,0.905048,0.0187185],[0.123795,0.0376103,0.991595]]],"btipPosition":[-38.6766,281.736,-88.7088],"carpPosition":[2.51159,230.096,48.4484],"dipPosition":[-36.6032,282.366,-72.1016],"direction":[-0.216691,0.168069,-0.961664],"extended":true,"handId":472,"id":4721,"length":57.6453,"mcpPosition":[-18.138,261.04,-13.3312],"pipPosition":[-31.4693,278.384,-49.3172],"stabilizedTipPosition":[-40.8249,281.699,-93.452],"timeVisible":13.6933,"tipPosition":[-38.6907,283.26,-84.3107],"tipVelocity":[29.6739,-9.64528,41.6214],"tool":false,"touchDistance":0.432836,"touchZone":"hovering","type":1,"width":18.9605},{"bases":[[[0.976713,0.20395,-0.0666003],[-0.144004,0.85329,0.501157],[0.15904,-0.479896,0.86279]],[[0.973386,0.213377,-0.0836079],[-0.195304,0.581483,-0.789768],[-0.119902,0.785078,0.607681]],[[0.973386,0.213377,-0.0836079],[0.0775297,-0.649916,-0.756041],[-0.21566,0.729437,-0.649162]],[[0.973386,0.213377,-0.0836079],[0.183078,-0.943454,-0.276365],[-0.13785,0.253703,-0.957409]]],"btipPosition":[16.0034,207.291,-4.36175],"carpPosition":[12.6642,236.571,47.6242],"dipPosition":[13.4641,211.965,-21.9978],"direction":[0.21566,-0.729437,0.649162],"extended":false,"handId":472,"id":4722,"length":65.6822,"mcpPosition":[1.78759,269.391,-11.3813],"pipPosition":[7.4527,232.297,-40.0928],"stabilizedTipPosition":[12.7678,205.732,-19.3238],"timeVisible":13.6933,"tipPosition":[15.3883,208.138,-9.11487],"tipVelocity":[20.2681,4.12598,40.0992],"tool":false,"touchDistance":0.333333,"touchZone":"none","type":2,"width":18.6218},{"bases":[[[0.99753,0.0661973,0.0235036],[-0.0687115,0.849948,0.522367],[0.0146024,-0.522691,0.852397]],[[0.997324,0.0716186,0.0146556],[-0.0345203,0.638111,-0.76917],[-0.0644388,0.766606,0.638876]],[[0.997324,0.0716186,0.0146556],[0.0564221,-0.626654,-0.777253],[-0.0464817,0.776,-0.629018]],[[0.997324,0.0716186,0.0146556],[0.072737,-0.95216,-0.296816],[-0.00730307,0.297088,-0.954822]]],"btipPosition":[27.4349,212.161,0.823083],"carpPosition":[24.1134,240.154,46.5746],"dipPosition":[27.3012,217.602,-16.6642],"direction":[0.0464817,-0.776,0.629018],"extended":false,"handId":472,"id":4723,"length":63.1552,"mcpPosition":[23.2168,272.248,-5.76433],"pipPosition":[26.039,238.674,-33.7449],"stabilizedTipPosition":[24.8999,210.94,-12.9449],"timeVisible":13.6933,"tipPosition":[27.4946,213.148,-3.56007],"tipVelocity":[19.0513,5.256,38.5658],"tool":false,"touchDistance":0.333333,"touchZone":"none","type":3,"width":17.7198},{"bases":[[[0.990064,-0.136096,0.035366],[0.0888391,0.800357,0.592905],[-0.108997,-0.583872,0.804496]],[[0.995717,-0.0866662,-0.0322053],[0.0372335,0.69471,-0.718326],[0.0846279,0.71405,0.694961]],[[0.995717,-0.0866662,-0.0322053],[-0.0763908,-0.574949,-0.814615],[0.0520832,0.813586,-0.579107]],[[0.995717,-0.0866662,-0.0322053],[-0.0924542,-0.930853,-0.353503],[0.00065835,0.354966,-0.934879]]],"btipPosition":[39.7428,223.873,1.22235],"carpPosition":[37.4904,237.031,44.1383],"dipPosition":[39.7539,229.871,-14.5735],"direction":[-0.0520832,-0.813586,0.579107],"extended":false,"handId":472,"id":4724,"length":49.5125,"mcpPosition":[43.6857,270.218,-1.58865],"pipPosition":[40.7525,245.469,-25.6763],"stabilizedTipPosition":[36.6074,223.476,-11.572],"timeVisible":13.6933,"tipPosition":[39.4907,225.1,-2.72174],"tipVelocity":[21.2333,2.80589,48.7092],"tool":false,"touchDistance":0.333333,"touchZone":"none","type":4,"width":15.7401}],"r":[[0.632445,0.681483,0.368232],[-0.719348,0.69305,-0.0471271],[-0.287319,-0.235082,0.928539]],"s":1.03693,"t":[18.5945,28.4735,-87.3886],"timestamp":93499136446},false],[6,{"currentFrameRate":55.21,"devices":[],"gestures":[{"center":[-22.8826,280.338,-95.5853],"duration":53489,"handIds":[472],"id":13,"normal":[-0.0293196,-0.0893858,0.995565],"pointableIds":[4721],"progress":1.04031,"radius":17.6187,"state":"update","type":"circle"}],"hands":[{"armBasis":[[0.934242,0.339425,-0.109461],[-0.313833,0.928225,0.19977],[0.169412,-0.152281,0.973709]],"armWidth":62.4607,"confidence":0.844982,"direction":[-0.171763,0.607323,-0.775665],"elbow":[70.1028,185.328,307.268],"grabStrength":0,"id":472,"palmNormal":[0.264359,-0.730073,-0.630165],"palmPosition":[10.2022,252.346,5.57325],"palmVelocity":[15.8255,-1.14563,33.768],"palmWidth":89.1918,"pinchStrength":0.307698,"r":[[0.632062,0.680778,0.370188],[-0.720026,0.692538,-0.0442055],[-0.286463,-0.238604,0.927905]],"s":1.03616,"sphereCenter":[-0.444776,230.583,-33.2709],"sphereRadius":47.6645,"stabilizedPalmPosition":[7.48988,251.703,-2.73206],"t":[18.8801,28.4537,-86.7947],"timeVisible":13.7114,"type":"right","wrist":[25.2657,225.631,49.5626]}],"id":1685783,"interactionBox":{"center":[0,200,0],"size":[235.247,235.247,147.751]},"pointables":[{"bases":[[[0.111911,0.897574,0.426424],[-0.814946,-0.162654,0.556243],[0.568629,-0.409762,0.713272]],[[0.0655334,0.927786,0.367312],[-0.804709,-0.168526,0.569247],[0.590041,-0.332884,0.735554]],[[0.0655334,0.927786,0.367312],[-0.991193,0.102974,-0.0832583],[-0.11507,-0.358621,0.926364]],[[0.0655334,0.927786,0.367312],[-0.823798,0.258023,-0.504758],[-0.563083,-0.269512,0.781218]]],"btipPosition":[-9.98697,241.567,-40.3633],"carpPosition":[2.12082,207.11,44.5108],"dipPosition":[-22.9047,235.385,-22.4414],"direction":[0.11507,0.358621,-0.926364],"extended":false,"handId":472,"id":4720,"length":51.0864,"mcpPosition":[2.12082,207.11,44.5108],"pipPosition":[-26.7505,223.399,8.51935],"stabilizedTipPosition":[-14.8818,238.131,-43.7792],"timeVisible":13.7114,"tipPosition":[-13.1214,240.096,-36.3052],"tipVelocity":[15.4204,11.97,33.6243],"tool":false,"touchDistance":-0.0764556,"touchZone":"touching","type":0,"width":19.8498},{"bases":[[[0.906694,0.410816,-0.0955825],[-0.310189,0.803004,0.508888],[0.285813,-0.431757,0.85551]],[[0.896119,0.425697,-0.12551],[-0.312414,0.805918,0.502885],[0.315227,-0.411434,0.855192]],[[0.896119,0.425697,-0.12551],[-0.388824,0.889386,0.240434],[0.213979,-0.166656,0.962517]],[[0.896119,0.425697,-0.12551],[-0.427251,0.903998,0.0156252],[0.120112,0.0396223,0.991969]]],"btipPosition":[-38.2132,281.699,-88.3976],"carpPosition":[2.75504,229.951,48.7311],"dipPosition":[-36.2015,282.363,-71.7842],"direction":[-0.213979,0.166656,-0.962517],"extended":true,"handId":472,"id":4721,"length":57.6453,"mcpPosition":[-17.8565,261.087,-12.9645],"pipPosition":[-31.1318,278.414,-48.9795],"stabilizedTipPosition":[-40.7872,281.701,-93.3432],"timeVisible":13.7114,"tipPosition":[-38.237,283.219,-84.0045],"tipVelocity":[27.3611,-5.82932,30.0362],"tool":false,"touchDistance":0.427575,"touchZone":"hovering","type":1,"width":18.9605},{"bases":[[[0.976478,0.205755,-0.0644644],[-0.146086,0.851223,0.504062],[0.158587,-0.482788,0.861259]],[[0.973151,0.215262,-0.081484],[-0.195202,0.58428,-0.787726],[-0.121958,0.782482,0.610612]],[[0.973151,0.215262,-0.081484],[0.0796413,-0.647067,-0.758262],[-0.215951,0.731414,-0.646838]],[[0.973151,0.215262,-0.081484],[0.18504,-0.942223,-0.279242],[-0.136886,0.256667,-0.956757]]],"btipPosition":[16.3561,207.376,-4.15161],"carpPosition":[12.8984,236.445,47.945],"dipPosition":[13.8346,212.104,-21.7757],"direction":[0.215951,-0.731414,0.646838],"extended":false,"handId":472,"id":4722,"length":65.6822,"mcpPosition":[2.05281,269.463,-10.9558],"pipPosition":[7.81507,232.492,-39.8059],"stabilizedTipPosition":[12.7738,205.737,-19.3018],"timeVisible":13.7114,"tipPosition":[15.7479,208.237,-8.88593],"tipVelocity":[20.0022,4.72381,26.6178],"tool":false,"touchDistance":0.333333,"touchZone":"none","type":2,"width":18.6218},{"bases":[[[0.997388,0.067708,0.0251658],[-0.0708175,0.847924,0.525366],[0.0142327,-0.525776,0.850504]],[[0.997191,0.0730654,0.0164926],[-0.0344109,0.642443,-0.76556],[-0.0665315,0.762842,0.643153]],[[0.997191,0.0730654,0.0164926],[0.0585876,-0.623646,-0.779508],[-0.0466695,0.778285,-0.626175]],[[0.997191,0.0730654,0.0164926],[0.0746518,-0.951407,-0.29875],[-0.00613712,0.299142,-0.954189]]],"btipPosition":[27.