{"sensorType":"Leap","data":[[0,{"currentFrameRate":55.3506,"devices":[],"gestures":[{"center":[-41.266,305.089,-89.3175],"duration":90039,"handIds":[467],"id":3,"normal":[-0.45748,0.294439,-0.839058],"pointableIds":[4671],"progress":0.883201,"radius":28.9697,"state":"update","type":"circle"}],"hands":[{"armBasis":[[0.946036,0.28477,-0.154669],[-0.218156,0.912578,0.345846],[0.239634,-0.293441,0.925456]],"armWidth":62.4607,"confidence":0.600356,"direction":[-0.094787,0.792738,-0.602148],"elbow":[57.6182,152.503,291.974],"grabStrength":0,"id":467,"palmNormal":[0.198226,-0.577729,-0.791793],"palmPosition":[-17.2717,268.229,11.0481],"palmVelocity":[92.15,95.9677,20.0431],"palmWidth":89.1918,"pinchStrength":0.119879,"r":[[0.689126,0.559329,0.460713],[-0.5913,0.801561,-0.0886811],[-0.418892,-0.211307,0.883108]],"s":1.42614,"sphereCenter":[-23.9357,259.222,-32.6623],"sphereRadius":48.2837,"stabilizedPalmPosition":[-17.3411,268.158,11.0385],"t":[-13.14,0.831757,-93.7489],"timeVisible":9.07458,"type":"right","wrist":[-5.80426,230.166,47.0394]}],"id":1678623,"interactionBox":{"center":[0,200,0],"size":[235.247,235.247,147.751]},"pointables":[{"bases":[[[0.196769,0.749656,0.6319],[-0.836784,-0.207471,0.506703],[0.510954,-0.628467,0.586476]],[[0.197021,0.749346,0.632189],[-0.739161,-0.310081,0.597905],[0.644067,-0.58509,0.492795]],[[0.197021,0.749346,0.632189],[-0.980332,0.158137,0.118077],[-0.0114921,-0.643019,0.765764]],[[0.197021,0.749346,0.632189],[-0.82373,0.476201,-0.307735],[-0.531649,-0.460123,0.711081]]],"btipPosition":[-49.5838,276.634,-28.2033],"carpPosition":[-30.6495,215.958,37.8159],"dipPosition":[-61.7804,266.078,-11.8903],"direction":[0.0114921,0.643019,-0.765764],"extended":false,"handId":467,"id":4670,"length":51.0864,"mcpPosition":[-30.6495,215.958,37.8159],"pipPosition":[-62.1645,244.587,13.7029],"stabilizedTipPosition":[-52.436,274.157,-24.4489],"timeVisible":9.07458,"tipPosition":[-52.3188,273.708,-24.4839],"tipVelocity":[100.326,120.91,4.77654],"tool":false,"touchDistance":-0.16263,"touchZone":"touching","type":0,"width":19.8498},{"bases":[[[0.945798,0.324755,-0.000175287],[-0.234192,0.68242,0.692428],[0.224989,-0.654856,0.721487]],[[0.965132,0.248863,0.0811588],[-0.233011,0.675512,0.699563],[0.119272,-0.694082,0.709947]],[[0.965132,0.248863,0.0811588],[-0.255222,0.825764,0.502968],[0.0581522,-0.506144,0.860486]],[[0.965132,0.248863,0.0811588],[-0.261687,0.90986,0.321985],[0.0062872,-0.331997,0.94326]]],"btipPosition":[-50.4617,330.891,-70.628],"carpPosition":[-27.7304,236.883,47.4856],"dipPosition":[-50.3564,325.331,-54.8304],"direction":[-0.0581522,0.506144,-0.860486],"extended":true,"handId":467,"id":4671,"length":57.6453,"mcpPosition":[-43.9556,284.109,-4.54491],"pipPosition":[-48.9786,313.339,-34.4431],"stabilizedTipPosition":[-50.719,329.418,-67.0056],"timeVisible":9.07458,"tipPosition":[-51.2164,330.516,-66.242],"tipVelocity":[135.736,122.502,28.5655],"tool":false,"touchDistance":-0.118973,"touchZone":"touching","type":1,"width":18.9605},{"bases":[[[0.993473,0.11217,-0.0207377],[-0.0659255,0.712957,0.698102],[0.093091,-0.692178,0.715698]],[[0.992419,0.119573,-0.0283976],[-0.112941,0.796224,-0.594366],[-0.0484591,0.593068,0.803693]],[[0.992419,0.119573,-0.0283976],[0.0221966,-0.401655,-0.915522],[-0.120877,0.907951,-0.401264]],[[0.992419,0.119573,-0.0283976],[0.0851563,-0.835644,-0.54263],[-0.0886139,0.536098,-0.839492]]],"btipPosition":[-16.0333,226.41,-12.0475],"carpPosition":[-16.9582,242.278,48.2223],"dipPosition":[-17.6656,236.286,-27.5114],"direction":[0.120877,-0.907951,0.401264],"extended":false,"handId":467,"id":4672,"length":65.6822,"mcpPosition":[-23.3246,289.615,-0.723698],"pipPosition":[-21.035,261.594,-38.6964],"stabilizedTipPosition":[-16.5951,228.487,-15.6077],"timeVisible":9.07458,"tipPosition":[-16.4025,228.526,-15.8472],"tipVelocity":[100.878,115.472,-8.0271],"tool":false,"touchDistance":0.333333,"touchZone":"none","type":2,"width":18.6218},{"bases":[[[0.998467,-0.0449796,0.0322427],[0.00822328,0.696721,0.717296],[-0.0547278,-0.715931,0.696023]],[[0.999032,-0.0367227,0.0242161],[0.0438762,0.792597,-0.608165],[0.0031398,0.608639,0.793441]],[[0.999032,-0.0367227,0.0242161],[0.00651099,-0.421,-0.907037],[0.0435038,0.906317,-0.420354]],[[0.999032,-0.0367227,0.0242161],[-0.0179905,-0.843465,-0.536882],[0.0401412,0.535927,-0.84331]]],"btipPosition":[-3.87985,227.685,-2.61337],"carpPosition":[-5.18624,244.808,48.0144],"dipPosition":[-3.14468,237.501,-18.0584],"direction":[-0.0435038,-0.906317,0.420354],"extended":false,"handId":467,"id":4673,"length":63.1552,"mcpPosition":[-1.82584,288.767,5.27715],"pipPosition":[-1.96335,262.111,-29.4729],"stabilizedTipPosition":[-3.98701,229.658,-6.24687],"timeVisible":9.07458,"tipPosition":[-3.73642,229.772,-6.32554],"tipVelocity":[99.0389,107.381,17.5668],"tool":false,"touchDistance":0.333333,"touchZone":"none","type":3,"width":17.7198},{"bases":[[[0.970247,-0.242035,-0.00638113],[0.158554,0.615237,0.772234],[-0.182981,-0.750269,0.635307]],[[0.962808,-0.269643,0.0171415],[0.233517,0.798545,-0.554793],[0.135908,0.538162,0.831812]],[[0.962808,-0.269643,0.0171415],[-0.0857205,-0.365014,-0.927047],[0.256228,0.891099,-0.374552]],[[0.962808,-0.269643,0.0171415],[-0.210543,-0.788518,-0.57785],[0.169329,0.55275,-0.815963]]],"btipPosition":[5.76393,238.59,0.813112],"carpPosition":[7.84752,241.022,44.7867],"dipPosition":[8.62495,247.929,-12.9735],"direction":[-0.256228,-0.891099,0.374552],"extended":false,"handId":467,"id":4674,"length":49.5125,"mcpPosition":[18.248,283.666,8.67639],"pipPosition":[13.5374,265.014,-20.1545],"stabilizedTipPosition":[6.14628,240.458,-2.42224],"timeVisible":9.07458,"tipPosition":[6.41531,240.539,-2.81659],"tipVelocity":[98.4945,106.42,20.601],"tool":false,"touchDistance":0.333333,"touchZone":"none","type":4,"width":15.7401}],"r":[[0.689126,0.559329,0.460713],[-0.5913,0.801561,-0.0886811],[-0.418892,-0.211307,0.883108]],"s":1.42614,"t":[-13.14,0.831757,-93.7489],"timestamp":93379512285},false],[1,{"currentFrameRate":55.3095,"devices":[],"gestures":[{"center":[-41.2951,305.432,-88.8758],"duration":108261,"handIds":[467],"id":3,"normal":[-0.461694,0.312952,-0.83],"pointableIds":[4671],"progress":0.892503,"radius":29.1714,"state":"update","type":"circle"}],"hands":[{"armBasis":[[0.946747,0.285088,-0.149649],[-0.22007,0.912224,0.345566],[0.23503,-0.29423,0.926385]],"armWidth":62.4607,"confidence":0.606292,"direction":[-0.0951021,0.795795,-0.598052],"elbow":[57.5981,153.612,292.275],"grabStrength":0,"id":467,"palmNormal":[0.200462,-0.573158,-0.794547],"palmPosition":[-16.0769,269.72,11.2882],"palmVelocity":[79.4454,89.2258,16.7616],"palmWidth":89.1918,"pinchStrength":0.119333,"r":[[0.687171,0.553855,0.470149],[-0.593747,0.801067,-0.0758691],[-0.418641,-0.227014,0.87932]],"s":1.42568,"sphereCenter":[-22.1346,260.93,-32.4838],"sphereRadius":48.2176,"stabilizedPalmPosition":[-16.1123,269.677,11.2812],"t":[-11.7123,2.42895,-93.4575],"timeVisible":9.0928,"type":"right","wrist":[-4.60594,231.484,47.0941]}],"id":1678624,"interactionBox":{"center":[0,200,0],"size":[235.247,235.247,147.751]},"pointables":[{"bases":[[[0.194511,0.746582,0.636224],[-0.837269,-0.211543,0.504213],[0.511025,-0.630765,0.583942]],[[0.194179,0.746992,0.635844],[-0.741462,-0.312631,0.593714],[0.642284,-0.586741,0.49316]],[[0.194179,0.746992,0.635844],[-0.980887,0.156073,0.116197],[-0.01244,-0.646254,0.763021]],[[0.194179,0.746992,0.635844],[-0.828567,0.471883,-0.301335],[-0.525139,-0.468327,0.710563]]],"btipPosition":[-48.3775,278.338,-28.1795],"carpPosition":[-29.4129,217.285,37.7539],"dipPosition":[-60.4247,267.594,-11.8784],"direction":[0.01244,0.646254,-0.763021],"extended":false,"handId":467,"id":4670,"length":51.0864,"mcpPosition":[-29.4129,217.285,37.7539],"pipPosition":[-60.8405,245.995,13.6231],"stabilizedTipPosition":[-51.1682,275.841,-24.4305],"timeVisible":9.0928,"tipPosition":[-51.0821,275.384,-24.3876],"tipVelocity":[84.9174,106.696,3.04612],"tool":false,"touchDistance":-0.166676,"touchZone":"touching","type":0,"width":19.8498},{"bases":[[[0.945264,0.326291,0.00311303],[-0.236437,0.678322,0.695685],[0.224884,-0.658342,0.718341]],[[0.964932,0.24795,0.086183],[-0.235676,0.673723,0.700396],[0.115599,-0.696146,0.708532]],[[0.964932,0.24795,0.086183],[-0.257092,0.826361,0.50103],[0.0530119,-0.505617,0.861128]],[[0.964932,0.24795,0.086183],[-0.2625,0.911217,0.317453],[0.000180971,-0.328944,0.944349]]],"btipPosition":[-48.8887,332.446,-70.3204],"carpPosition":[-26.5437,238.163,47.5402],"dipPosition":[-48.8856,326.937,-54.5045],"direction":[-0.0530119,0.505617,-0.861128],"extended":true,"handId":467,"id":4671,"length":57.6453,"mcpPosition":[-42.7614,285.64,-4.26334],"pipPosition":[-47.6296,314.957,-34.102],"stabilizedTipPosition":[-49.0126,331.059,-66.7047],"timeVisible":9.0928,"tipPosition":[-49.7137,332.086,-65.9261],"tipVelocity":[111.504,105.042,23.0933],"tool":false,"touchDistance":-0.122496,"touchZone":"touching","type":1,"width":18.9605},{"bases":[[[0.99332,0.113896,-0.0185084],[-0.0682305,0.709101,0.701798],[0.0930563,-0.695847,0.712136]],[[0.992266,0.121343,-0.0261354],[-0.113272,0.799099,-0.590432],[-0.0507602,0.588827,0.806664]],[[0.992266,0.121343,-0.0261354],[0.0246554,-0.399038,-0.916603],[-0.121653,0.90887,-0.398944]],[[0.992266,0.121343,-0.0261354],[0.0877197,-0.834485,-0.544004],[-0.0878208,0.537505,-0.838675]]],"btipPosition":[-14.7386,228.104,-11.9228],"carpPosition":[-15.7816,243.571,48.3235],"dipPosition":[-16.3563,238.005,-27.3717],"direction":[0.121653,-0.90887,0.398944],"extended":false,"handId":467,"id":4672,"length":65.6822,"mcpPosition":[-22.1456,291.16,-0.378897],"pipPosition":[-19.7473,263.339,-38.492],"stabilizedTipPosition":[-15.2898,230.152,-15.4919],"timeVisible":9.0928,"tipPosition":[-15.1024,230.211,-15.7465],"tipVelocity":[86.7114,104.855,-0.828986],"tool":false,"touchDistance":0.333333,"touchZone":"none","type":2,"width":18.6218},{"bases":[[[0.998486,-0.0435262,0.0336385],[0.00591328,0.692883,0.721026],[-0.0546911,-0.719735,0.692091]],[[0.999054,-0.0351655,0.0255995],[0.0434838,0.793232,-0.607365],[0.00105194,0.607903,0.794011]],[[0.999054,-0.0351655,0.0255995],[0.00817913,-0.426162,-0.90461],[0.0427206,0.903963,-0.425471]],[[0.999054,-0.0351655,0.0255995],[-0.016212,-0.84718,-0.531059],[0.0403624,0.530142,-0.846948]]],"btipPosition":[-2.60068,229.435,-2.0573],"carpPosition":[-4.01347,246.122,48.1484],"dipPosition":[-1.86145,239.144,-17.5689],"direction":[-0.0427206,-0.903963,0.425471],"extended":false,"handId":467,"id":4673,"length":63.1552,"mcpPosition":[-0.655321,290.315,5.65257],"pipPosition":[-0.701392,263.691,-29.1224],"stabilizedTipPosition":[-2.70236,231.317,-5.73354],"timeVisible":9.0928,"tipPosition":[-2.45077,231.479,-5.95063],"tipVelocity":[85.2804,101.307,23.3538],"tool":false,"touchDistance":0.333333,"touchZone":"none","type":3,"width":17.7198},{"bases":[[[0.970651,-0.240417,-0.00608534],[0.156287,0.611351,0.775773],[-0.182789,-0.753956,0.630982]],[[0.963296,-0.267899,0.0170536],[0.232738,0.801832,-0.550362],[0.133767,0.53413,0.834752]],[[0.963296,-0.267899,0.0170536],[-0.0847017,-0.363619,-0.927689],[0.254728,0.892195,-0.372964]],[[0.963296,-0.267899,0.0170536],[-0.209113,-0.788717,-0.578098],[0.168322,0.553313,-0.815789]]],"btipPosition":[7.05717,240.261,1.0588],"carpPosition":[9.03172,242.374,44.9219],"dipPosition":[9.90116,249.61,-12.7249],"direction":[-0.254728,-0.892195,0.372964],"extended":false,"handId":467,"id":4674,"length":49.5125,"mcpPosition":[19.4213,285.228,9.05738],"pipPosition":[14.7849,266.715,-19.8755],"stabilizedTipPosition":[7.44359,242.077,-2.16461],"timeVisible":9.0928,"tipPosition":[7.69581,242.2,-2.59125],"tipVelocity":[85.2378,99.4482,17.217],"tool":false,"touchDistance":0.333333,"touchZone":"none","type":4,"width":15.7401}],"r":[[0.687171,0.553855,0.470149],[-0.593747,0.801067,-0.0758691],[-0.418641,-0.227014,0.87932]],"s":1.42568,"t":[-11.7123,2.42895,-93.4575],"timestamp":93379530507},false],[2,{"currentFrameRate":55.3384,"devices":[],"gestures":[{"center":[-41.3789,306.426,-88.1035],"duration":126232,"handIds":[467],"id":3,"normal":[-0.464423,0.337728,-0.818688],"pointableIds":[4671],"progress":0.905785,"radius":29.5982,"state":"update","type":"circle"}],"hands":[{"armBasis":[[0.94814,0.273139,-0.162558],[-0.210161,0.922396,0.324065],[0.238458,-0.273096,0.931964]],"armWidth":62.4607,"confidence":0.433699,"direction":[-0.087313,0.829453,-0.55171],"elbow":[59.0069,158.746,292.489],"grabStrength":0,"id":467,"palmNormal":[0.197576,-0.528404,-0.825683],"palmPosition":[-15.1851,271.339,12.2524],"palmVelocity":[65.3345,89.6278,34.2206],"palmWidth":89.1918,"pinchStrength":0.132148,"r":[[0.686349,0.542732,0.484114],[-0.594374,0.802191,-0.0566535],[-0.4191,-0.248861,0.873169]],"s":1.42474,"sphereCenter":[-19.9361,265.203,-31.8638],"sphereRadius":48.001,"stabilizedPalmPosition":[-15.2151,271.285,12.221],"t":[-10.5526,4.03692,-92.8297],"timeVisible":9.11077,"type":"right","wrist":[-4.10433,231.025,45.8322]}],"id":1678625,"interactionBox":{"center":[0,200,0],"size":[235.247,235.247,147.751]},"pointables":[{"bases":[[[0.199143,0.707345,0.678237],[-0.840077,-0.233143,0.489811],[0.504591,-0.667313,0.547796]],[[0.190434,0.718718,0.668714],[-0.755531,-0.327639,0.567296],[0.626823,-0.613267,0.48062]],[[0.190434,0.718718,0.668714],[-0.981399,0.156233,0.111565],[-0.0242911,-0.677522,0.735102]],[[0.190434,0.718718,0.668714],[-0.833971,0.477804,-0.276036],[-0.517907,-0.505121,0.69038]]],"btipPosition":[-46.9827,281.828,-28.2723],"carpPosition":[-29.0047,217.588,35.6514],"dipPosition":[-58.864,270.24,-12.4343],"direction":[0.0242911,0.677522,-0.735102],"extended":false,"handId":467,"id":4670,"length":51.0864,"mcpPosition":[-29.0047,217.588,35.6514],"pipPosition":[-59.6759,247.596,12.1341],"stabilizedTipPosition":[-49.7303,279.128,-24.6275],"timeVisible":9.11077,"tipPosition":[-49.7825,278.985,-24.0563],"tipVelocity":[82.4662,142.977,-3.64509],"tool":false,"touchDistance":-0.177367,"touchZone":"touching","type":0,"width":19.8498},{"bases":[[[0.94787,0.317793,0.0234385],[-0.232477,0.639342,0.732937],[0.217937,-0.700178,0.679893]],[[0.966853,0.233734,0.102784],[-0.231736,0.634225,0.737602],[0.107214,-0.736971,0.667367]],[[0.966853,0.233734,0.102784],[-0.251214,0.798731,0.546737],[0.0456939,-0.554435,0.830972]],[[0.966853,0.233734,0.102784],[-0.255266,0.894212,0.367729],[-0.00596033,-0.381777,0.924235]]],"btipPosition":[-47.2028,338.908,-65.6818],"carpPosition":[-25.9882,237.847,46.6212],"dipPosition":[-47.3026,332.514,-50.2028],"direction":[-0.0456939,0.554435,-0.830972],"extended":true,"handId":467,"id":4671,"length":57.6453,"mcpPosition":[-41.7048,288.341,-2.40973],"pipPosition":[-46.22,319.378,-30.5148],"stabilizedTipPosition":[-47.4104,336.778,-62.5952],"timeVisible":9.11077,"tipPosition":[-48.0428,338.258,-61.3592],"tipVelocity":[102.509,220.132,132.27],"tool":false,"touchDistance":-0.0710269,"touchZone":"touching","type":1,"width":18.9605},{"bases":[[[0.99425,0.106595,-0.0102145],[-0.0640398,0.668337,0.741097],[0.0858239,-0.736181,0.671321]],[[0.993269,0.114512,-0.017439],[-0.105267,0.829564,-0.548399],[-0.0483316,0.546544,0.836035]],[[0.993269,0.114512,-0.017439],[0.0246767,-0.356289,-0.93405],[-0.113173,0.927332,-0.356717]],[[0.993269,0.114512,-0.017439],[0.0830972,-0.809328,-0.58145],[-0.0806968,0.576087,-0.813395]]],"btipPosition":[-14.129,231.176,-12.7539],"carpPosition":[-15.1843,243.113,47.7315],"dipPosition":[-15.6155,241.788,-27.7371],"direction":[0.113173,-0.927332,0.356717],"extended":false,"handId":467,"id":4672,"length":65.6822,"mcpPosition":[-21.0537,293.46,1.82039],"pipPosition":[-18.7701,267.637,-37.6804],"stabilizedTipPosition":[-14.5901,233.113,-16.097],"timeVisible":9.11077,"tipPosition":[-14.4678,233.476,-16.6444],"tipVelocity":[62.5241,140.449,-19.5025],"tool":false,"touchDistance":0.333333,"touchZone":"none","type":2,"width":18.6218},{"bases":[[[0.998023,-0.0535893,0.0328495],[0.00992705,0.650437,0.759496],[-0.0620674,-0.757668,0.649683]],[[0.998679,-0.0447401,0.0252624],[0.0511916,0.824422,-0.563656],[0.00439117,0.564205,0.825623]],[[0.998679,-0.0447401,0.0252624],[0.0062934,-0.38146,-0.924364],[0.0509927,0.923302,-0.380674]],[[0.998679,-0.0447401,0.0252624],[-0.0223118,-0.82054,-0.571153],[0.0462823,0.569835,-0.820455]]],"btipPosition":[-2.0091,231.876,-2.96461],"carpPosition":[-3.39551,245.572,47.7233],"dipPosition":[-1.16145,242.313,-17.991],"direction":[-0.0509927,-0.923302,0.380674],"extended":false,"handId":467,"id":4673,"length":63.1552,"mcpPosition":[0.41555,292.095,7.83142],"pipPosition":[0.223231,267.384,-28.3281],"stabilizedTipPosition":[-1.99178,233.685,-6.28326],"timeVisible":9.11077,"tipPosition":[-1.83136,234.101,-6.86342],"tipVelocity":[61.1581,122.061,-8.65084],"tool":false,"touchDistance":0.333333,"touchZone":"none","type":3,"width":17.7198},{"bases":[[[0.96868,-0.24765,-0.0181228],[0.159512,0.564673,0.809753],[-0.190302,-0.787283,0.586491]],[[0.961066,-0.276299,0.00335502],[0.240382,0.830023,-0.503267],[0.136268,0.484479,0.864124]],[[0.961066,-0.276299,0.00335502],[-0.0860839,-0.310924,-0.946528],[0.262568,0.909387,-0.322603]],[[0.961066,-0.276299,0.00335502],[-0.21464,-0.754129,-0.620661],[0.174018,0.595776,-0.784072]]],"btipPosition":[7.74529,242.363,0.456904],"carpPosition":[9.626,241.908,44.3106],"dipPosition":[10.6855,252.43,-12.7909],"direction":[-0.262568,-0.909387,0.322603],"extended":false,"handId":467,"id":4674,"length":49.5125,"mcpPosition":[20.4426,286.657,10.975],"pipPosition":[15.7195,269.865,-18.9759],"stabilizedTipPosition":[8.22682,244.161,-2.50537],"timeVisible":9.11077,"tipPosition":[8.40194,244.49,-3.08458],"tipVelocity":[63.6041,112.092,-3.53446],"tool":false,"touchDistance":0.333333,"touchZone":"none","type":4,"width":15.7401}],"r":[[0.686349,0.542732,0.484114],[-0.594374,0.802191,-0.0566535],[-0.4191,-0.248861,0.873169]],"s":1.42474,"t":[-10.5526,4.03692,-92.8297],"timestamp":93379548478},false],[3,{"currentFrameRate":55.3637,"devices":[],"gestures":[{"center":[-40.9149,307.486,-87.1768],"duration":144207,"handIds":[467],"id":3,"normal":[-0.455362,0.371411,-0.809135],"pointableIds":[4671],"progress":0.910985,"radius":30.2678,"state":"update","type":"circle"}],"hands":[{"armBasis":[[0.947756,0.278019,-0.15641],[-0.212441,0.915864,0.340679],[0.237966,-0.289653,0.927078]],"armWidth":62.4607,"confidence":0.467419,"direction":[-0.085523,0.822992,-0.561578],"elbow":[59.6084,156.117,292.782],"grabStrength":0,"id":467,"palmNormal":[0.199936,-0.538001,-0.818889],"palmPosition":[-14.3461,272.701,13.3388],"palmVelocity":[56.5031,83.0531,46.6298],"palmWidth":89.1918,"pinchStrength":0.1351,"r":[[0.685413,0.534716,0.494255],[-0.594835,0.802671,-0.0434877],[-0.419978,-0.264193,0.868229]],"s":1.42398,"sphereCenter":[-18.0225,266.097,-30.6981],"sphereRadius":47.8956,"stabilizedPalmPosition":[-14.3925,272.625,13.2791],"t":[-9.55323,5.52159,-91.9726],"timeVisible":9.12875,"type":"right","wrist":[-3.3725,232.778,47.4181]}],"id":1678626,"interactionBox":{"center":[0,200,0],"size":[235.247,235.247,147.751]},"pointables":[{"bases":[[[0.197251,0.715158,0.670553],[-0.841572,-0.227308,0.489987],[0.50284,-0.660969,0.557021]],[[0.182609,0.733996,0.654144],[-0.76257,-0.314228,0.565463],[0.620598,-0.602089,0.502343]],[[0.182609,0.733996,0.654144],[-0.982835,0.154038,0.101523],[-0.0262455,-0.661454,0.749526]],[[0.182609,0.733996,0.654144],[-0.845537,0.456758,-0.276478],[-0.501719,-0.502615,0.704029]]],"btipPosition":[-46.2243,282.325,-28.4616],"carpPosition":[-28.2449,219.227,37.3202],"dipPosition":[-57.7342,270.795,-12.3105],"direction":[0.0262455,0.661454,-0.749526],"extended":false,"handId":467,"id":4670,"length":51.0864,"mcpPosition":[-28.2449,219.227,37.3202],"pipPosition":[-58.6114,248.688,12.74],"stabilizedTipPosition":[-48.8772,279.67,-24.7461],"timeVisible":9.12875,"tipPosition":[-48.8854,279.676,-23.8961],"tipVelocity":[65.6535,88.759,-5.0079],"tool":false,"touchDistance":-0.180392,"touchZone":"touching","type":0,"width":19.8498},{"bases":[[[0.947853,0.317908,0.0225619],[-0.234541,0.647858,0.724755],[0.215788,-0.692253,0.688637]],[[0.966764,0.233503,0.104131],[-0.233937,0.643568,0.728762],[0.103153,-0.728901,0.676804]],[[0.966764,0.233503,0.104131],[-0.252402,0.806757,0.534262],[0.0407438,-0.542788,0.838881]],[[0.966764,0.233503,0.104131],[-0.255415,0.900244,0.352597],[-0.0114106,-0.367474,0.929964]]],"btipPosition":[-45.9374,339.246,-65.5518],"carpPosition":[-25.2574,239.612,48.0625],"dipPosition":[-46.1285,333.091,-49.9768],"direction":[-0.0407437,0.542788,-0.838881],"extended":true,"handId":467,"id":4671,"length":57.6453,"mcpPosition":[-40.8191,289.535,-1.59899],"pipPosition":[-45.1632,320.231,-30.1014],"stabilizedTipPosition":[-46.1523,337.704,-62.0444],"timeVisible":9.12875,"tipPosition":[-46.813,338.643,-61.2385],"tipVelocity":[86.7566,126.298,73.6712],"tool":false,"touchDistance":-0.0758725,"touchZone":"touching","type":1,"width":18.9605},{"bases":[[[0.994295,0.106326,-0.00849408],[-0.0661245,0.676922,0.733079],[0.0836948,-0.728335,0.680091]],[[0.993321,0.114283,-0.0159299],[-0.103654,0.823105,-0.55835],[-0.0506979,0.556271,0.829453]],[[0.993321,0.114283,-0.0159299],[0.0274935,-0.368491,-0.929225],[-0.112065,0.92258,-0.369172]],[[0.993321,0.114283,-0.0159299],[0.0848798,-0.817214,-0.57005],[-0.0781651,0.56489,-0.821456]]],"btipPosition":[-13.2207,232.295,-11.1349],"carpPosition":[-14.4559,244.889,49.1436],"dipPosition":[-14.6606,242.7,-26.2666],"direction":[0.112065,-0.92258,0.369172],"extended":false,"handId":467,"id":4672,"length":65.6822,"mcpPosition":[-20.1797,294.699,2.63276],"pipPosition":[-17.7843,268.417,-36.5571],"stabilizedTipPosition":[-13.7537,234.382,-14.9032],"timeVisible":9.12875,"tipPosition":[-13.5486,234.534,-15.0597],"tipVelocity":[57.1295,102.176,31.4589],"tool":false,"touchDistance":0.333333,"touchZone":"none","type":2,"width":18.6218},{"bases":[[[0.997911,-0.0533476,0.0364412],[0.00778407,0.659226,0.751905],[-0.0641353,-0.75005,0.658264]],[[0.998599,-0.0444747,0.0286549],[0.0528656,0.817495,-0.573504],[0.00208124,0.574216,0.818701]],[[0.998599,-0.0444747,0.0286549],[0.00867025,-0.396723,-0.917898],[0.0521913,0.916861,-0.395781]],[[0.998599,-0.0444747,0.0286549],[-0.0210426,-0.830807,-0.556163],[0.0485418,0.554781,-0.830579]]],"btipPosition":[-1.12608,233.195,-1.17408],"carpPosition":[-2.66671,247.346,49.1419],"dipPosition":[-0.237046,243.355,-16.3859],"direction":[-0.0521913,-0.916861,0.395781],"extended":false,"handId":467,"id":4673,"length":63.1552,"mcpPosition":[1.27133,293.401,8.72315],"pipPosition":[1.18018,268.252,-27.1332],"stabilizedTipPosition":[-1.20554,235.042,-5.10009],"timeVisible":9.12875,"tipPosition":[-0.937993,235.324,-5.15544],"tipVelocity":[55.7135,97.3364,41.467],"tool":false,"touchDistance":0.333333,"touchZone":"none","type":3,"width":17.7198},{"bases":[[[0.968685,-0.247984,-0.0123575],[0.157204,0.574031,0.803602],[-0.192187,-0.78038,0.595039]],[[0.961058,-0.276191,0.00928302],[0.241687,0.823761,-0.51284],[0.133995,0.495113,0.858434]],[[0.961058,-0.276191,0.00928302],[-0.0840068,-0.32399,-0.942323],[0.263268,0.904848,-0.334575]],[[0.961058,-0.276191,0.00928302],[-0.213338,-0.762866,-0.610346],[0.175653,0.584597,-0.792081]]],"btipPosition":[8.62838,243.611,2.03336],"carpPosition":[10.3642,243.641,45.8109],"dipPosition":[11.5962,253.488,-11.3498],"direction":[-0.263268,-0.904848,0.334575],"extended":false,"handId":467,"id":4674,"length":49.5125,"mcpPosition":[21.288,287.997,11.9893],"pipPosition":[16.6437,270.836,-17.7643],"stabilizedTipPosition":[9.02314,245.426,-1.43255],"timeVisible":9.12875,"tipPosition":[9.28946,245.69,-1.54743],"tipVelocity":[56.9203,90.7472,38.8285],"tool":false,"touchDistance":0.333333,"touchZone":"none","type":4,"width":15.7401}],"r":[[0.685413,0.534716,0.494255],[-0.594835,0.802671,-0.0434877],[-0.419978,-0.264193,0.868229]],"s":1.42398,"t":[-9.55323,5.52159,-91.9726],"timestamp":93379566453},false],[4,{"currentFrameRate":55.3635,"devices":[],"gestures":[{"center":[-40.3205,308.376,-86.351],"duration":162270,"handIds":[467],"id":3,"normal":[-0.443184,0.399407,-0.802535],"pointableIds":[4671],"progress":0.913748,"radius":30.9449,"state":"update","type":"circle"}],"hands":[{"armBasis":[[0.948135,0.278855,-0.152579],[-0.213932,0.914819,0.342548],[0.235103,-0.29214,0.927028]],"armWidth":62.4607,"confidence":0.492801,"direction":[-0.0886531,0.821068,-0.563905],"elbow":[59.6056,156.936,293.551],"grabStrength":0,"id":467,"palmNormal":[0.199298,-0.540064,-0.817687],"palmPosition":[-13.7587,274.048,14.0239],"palmVelocity":[45.1128,79.0454,42.4952],"palmWidth":89.1918,"pinchStrength":0.134975,"r":[[0.684649,0.528793,0.501632],[-0.59559,0.802603,-0.033174],[-0.420153,-0.276054,0.864445]],"s":1.42335,"sphereCenter":[-16.8548,267.299,-30.0023],"sphereRadius":47.844,"stabilizedPalmPosition":[-13.8049,273.944,13.9695],"t":[-8.75984,6.9378,-91.2016],"timeVisible":9.14681,"type":"right","wrist":[-2.6178,234.255,48.2005]}],"id":1678627,"interactionBox":{"center":[0,200,0],"size":[235.247,235.247,147.751]},"pointables":[{"bases":[[[0.197151,0.717658,0.667906],[-0.839946,-0.227697,0.492591],[0.505591,-0.65812,0.557903]],[[0.179287,0.740311,0.647916],[-0.763131,-0.310983,0.566498],[0.620876,-0.596011,0.5092]],[[0.179287,0.740311,0.647916],[-0.983548,0.149689,0.101126],[-0.0221212,-0.655387,0.754969]],[[0.179287,0.740311,0.647916],[-0.855008,0.443025,-0.26961],[-0.486638,-0.505636,0.712401]]],"btipPosition":[-45.9591,283.285,-28.2907],"carpPosition":[-27.4823,220.617,38.2006],"dipPosition":[-57.1231,271.685,-11.9474],"direction":[0.0221212,0.655387,-0.754969],"extended":false,"handId":467,"id":4670,"length":51.0864,"mcpPosition":[-27.4823,220.617,38.2006],"pipPosition":[-57.8624,249.781,13.285],"stabilizedTipPosition":[-48.5282,280.613,-24.5326],"timeVisible":9.14681,"tipPosition":[-48.4849,280.695,-23.5862],"tipVelocity":[43.5362,71.4174,3.02702],"tool":false,"touchDistance":-0.176807,"touchZone":"touching","type":0,"width":19.8498},{"bases":[[[0.947181,0.32011,0.0194351],[-0.234364,0.649552,0.723295],[0.21891,-0.689646,0.690266]],[[0.966704,0.234347,0.10278],[-0.23403,0.647206,0.725503],[0.1035,-0.725401,0.680501]],[[0.966704,0.234347,0.10278],[-0.252714,0.811156,0.52741],[0.0402262,-0.535823,0.843371]],[[0.966704,0.234347,0.10278],[-0.255585,0.904009,0.342701],[-0.0126032,-0.35756,0.933805]]],"btipPosition":[-45.4041,340.009,-65.1846],"carpPosition":[-24.5165,241.043,48.8736],"dipPosition":[-45.6151,334.021,-49.5453],"direction":[-0.0402262,0.535823,-0.843371],"extended":true,"handId":467,"id":4671,"length":57.6453,"mcpPosition":[-40.3034,290.777,-0.905414],"pipPosition":[-44.6621,321.326,-29.5636],"stabilizedTipPosition":[-45.5422,338.513,-61.6461],"timeVisible":9.14681,"tipPosition":[-46.3101,339.458,-60.8551],"tipVelocity":[59.4548,87.3963,48.7239],"tool":false,"touchDistance":-0.0695068,"touchZone":"touching","type":1,"width":18.9605},{"bases":[[[0.994031,0.108539,-0.0110768],[-0.0659953,0.679021,0.731147],[0.0868792,-0.726051,0.682131]],[[0.993017,0.1165,-0.0185619],[-0.106825,0.821245,-0.560487],[-0.0500528,0.558556,0.827955]],[[0.993017,0.1165,-0.0185619],[0.0262657,-0.371735,-0.927967],[-0.115008,0.921,-0.372199]],[[0.993017,0.1165,-0.0185619],[0.0855135,-0.819242,-0.567036],[-0.0812665,0.56149,-0.823484]]],"btipPosition":[-12.5985,233.595,-10.3116],"carpPosition":[-13.7246,246.347,49.914],"dipPosition":[-14.0955,243.938,-25.4806],"direction":[0.115008,-0.921,0.372199],"extended":false,"handId":467,"id":4672,"length":65.6822,"mcpPosition":[-19.6662,296.001,3.26362],"pipPosition":[-17.3013,269.61,-35.8555],"stabilizedTipPosition":[-13.1566,235.554,-14.0911],"timeVisible":9.14681,"tipPosition":[-12.9398,235.814,-14.2396],"tipVelocity":[46.011,87.4592,37.9406],"tool":false,"touchDistance":0.333333,"touchZone":"none","type":2,"width":18.6218},{"bases":[[[0.998109,-0.050987,0.0343398],[0.00799553,0.661549,0.749859],[-0.0609505,-0.748166,0.660706]],[[0.998765,-0.0420544,0.0264522],[0.049609,0.815359,-0.576826],[0.00269007,0.577426,0.816438]],[[0.998765,-0.0420544,0.0264522],[0.00724038,-0.403538,-0.914934],[0.0491514,0.913996,-0.402735]],[[0.998765,-0.0420544,0.0264522],[-0.0206473,-0.835625,-0.548912],[0.0451882,0.547688,-0.835461]]],"btipPosition":[-0.478655,234.63,-0.210605],"carpPosition":[-1.94103,248.831,49.878],"dipPosition":[0.348956,244.661,-15.5119],"direction":[-0.0491514,-0.913996,0.402735],"extended":false,"handId":467,"id":4673,"length":63.1552,"mcpPosition":[1.80146,294.77,9.30926],"pipPosition":[1.68364,269.48,-26.448],"stabilizedTipPosition":[-0.604597,236.284,-4.20238],"timeVisible":9.14681,"tipPosition":[-0.305087,236.713,-4.24808],"tipVelocity":[45.9043,88.0716,46.5651],"tool":false,"touchDistance":0.333333,"touchZone":"none","type":3,"width":17.7198},{"bases":[[[0.969213,-0.245838,-0.0137951],[0.157724,0.57685,0.801478],[-0.189076,-0.778978,0.597865]],[[0.961818,-0.273583,0.00762923],[0.238038,0.822446,-0.516644],[0.13507,0.498733,0.856166]],[[0.961818,-0.273583,0.00762923],[-0.0861227,-0.329,-0.940394],[0.259786,0.903831,-0.34]],[[0.961818,-0.273583,0.00762923],[-0.213271,-0.766671,-0.605583],[0.171526,0.580834,-0.795746]]],"btipPosition":[9.27721,244.992,2.83511],"carpPosition":[11.0907,245.144,46.5288],"dipPosition":[12.1753,254.806,-10.6099],"direction":[-0.259786,-0.903831,0.34],"extended":false,"handId":467,"id":4674,"length":49.5125,"mcpPosition":[21.8376,289.421,12.5466],"pipPosition":[17.156,272.135,-17.1285],"stabilizedTipPosition":[9.63144,246.631,-0.655994],"timeVisible":9.14681,"tipPosition":[9.91592,247.06,-0.768034],"tipVelocity":[46.5248,83.5844,41.0937],"tool":false,"touchDistance":0.333333,"touchZone":"none","type":4,"width":15.7401}],"r":[[0.684649,0.528793,0.501632],[-0.59559,0.802603,-0.033174],[-0.420153,-0.276054,0.864445]],"s":1.42335,"t":[-8.75984,6.9378,-91.2016],"timestamp":93379584516},false],[5,{"currentFrameRate":55.3419,"devices":[],"gestures":[{"center":[-38.9254,309.27,-85.3926],"duration":180414,"handIds":[467],"id":3,"normal":[-0.407859,0.437081,-0.801631],"pointableIds":[4671],"progress":0.916778,"radius":31.9334,"state":"update","type":"circle"}],"hands":[{"armBasis":[[0.948592,0.278295,-0.15075],[-0.213682,0.914481,0.343607],[0.233481,-0.29373,0.926935]],"armWidth":62.4607,"confidence":0.512365,"direction":[-0.0892925,0.820022,-0.565323],"elbow":[59.6517,157.411,293.94],"grabStrength":0,"id":467,"palmNormal":[0.198404,-0.541571,-0.816907],"palmPosition":[-13.3218,274.88,14.3754],"palmVelocity":[35.0893,63.2323,31.4794],"palmWidth":89.1918,"pinchStrength":0.139006,"r":[[0.684149,0.524173,0.507132],[-0.596206,0.80244,-0.0250902],[-0.420094,-0.285189,0.861503]],"s":1.42238,"sphereCenter":[-15.7739,268.012,-29.6638],"sphereRadius":47.7772,"stabilizedPalmPosition":[-13.3628,274.801,14.341],"t":[-8.14473,8.06193,-90.6403],"timeVisible":9.16496,"type":"right","wrist":[-2.14241,235.151,48.6132]}],"id":1678628,"interactionBox":{"center":[0,200,0],"size":[235.247,235.247,147.751]},"pointables":[{"bases":[[[0.197876,0.718895,0.66636],[-0.839396,-0.2268,0.49394],[0.506221,-0.657078,0.558559]],[[0.176895,0.745304,0.64283],[-0.765522,-0.306323,0.565811],[0.618614,-0.59219,0.51636]],[[0.176895,0.745304,0.64283],[-0.983958,0.149271,0.0977002],[-0.0231396,-0.6498,0.759753]],[[0.176895,0.745304,0.64283],[-0.859296,0.435419,-0.268367],[-0.479915,-0.504909,0.71746]]],"btipPosition":[-45.504,283.771,-28.4515],"carpPosition":[-27.0177,221.494,38.6661],"dipPosition":[-56.5138,272.188,-11.9922],"direction":[0.0231396,0.6498,-0.759753],"extended":false,"handId":467,"id":4670,"length":51.0864,"mcpPosition":[-27.0177,221.494,38.6661],"pipPosition":[-57.2872,250.471,13.4001],"stabilizedTipPosition":[-48.0375,281.106,-24.6655],"timeVisible":9.16496,"tipPosition":[-48.0291,281.277,-23.6323],"tipVelocity":[35.6741,50.2584,-1.93764],"tool":false,"touchDistance":-0.179042,"touchZone":"touching","type":0,"width":19.8498},{"bases":[[[0.947196,0.320161,0.0177953],[-0.233576,0.650885,0.722351],[0.219686,-0.688365,0.691297]],[[0.967074,0.23271,0.103022],[-0.233704,0.651801,0.721483],[0.100747,-0.721804,0.684725]],[[0.967074,0.23271,0.103022],[-0.251833,0.816642,0.519303],[0.0367151,-0.528149,0.848358]],[[0.967074,0.23271,0.103022],[-0.253957,0.908723,0.331253],[-0.0165324,-0.346509,0.937901]]],"btipPosition":[-44.7191,340.295,-65.1993],"carpPosition":[-24.0405,241.939,49.298],"dipPosition":[-44.996,334.492,-49.4914],"direction":[-0.0367151,0.528149,-0.848358],"extended":true,"handId":467,"id":4671,"length":57.6453,"mcpPosition":[-39.8833,291.581,-0.555395],"pipPosition":[-44.1261,321.978,-29.3915],"stabilizedTipPosition":[-44.8693,338.909,-61.5932],"timeVisible":9.16496,"tipPosition":[-45.6699,339.825,-60.8323],"tipVelocity":[48.7158,54.3723,25.5391],"tool":false,"touchDistance":-0.0694875,"touchZone":"touching","type":1,"width":18.9605},{"bases":[[[0.994016,0.108535,-0.0123773],[-0.0651992,0.680371,0.729962],[0.0876475,-0.724787,0.683375]],[[0.992956,0.116762,-0.0201404],[-0.107813,0.81985,-0.562336],[-0.0491475,0.560546,0.826664]],[[0.992956,0.116762,-0.0201404],[0.0252956,-0.374962,-0.926695],[-0.115755,0.919657,-0.375275]],[[0.992956,0.116762,-0.0201404],[0.0851409,-0.821338,-0.564052],[-0.0824022,0.558364,-0.825493]]],"btipPosition":[-12.1751,234.408,-9.81026],"carpPosition":[-13.2475,247.245,50.3166],"dipPosition":[-13.693,244.693,-25.0164],"direction":[0.115755,-0.919657,0.375275],"extended":false,"handId":467,"id":4672,"length":65.6822,"mcpPosition":[-19.2417,296.813,3.58114],"pipPosition":[-16.9196,270.328,-35.4769],"stabilizedTipPosition":[-12.7404,236.357,-13.5756],"timeVisible":9.16496,"tipPosition":[-12.5263,236.612,-13.7576],"tipVelocity":[35.0825,66.7886,32.8037],"tool":false,"touchDistance":0.333333,"touchZone":"none","type":2,"width":18.6218},{"bases":[[[0.998147,-0.0509066,0.0333297],[0.00881258,0.662935,0.748625],[-0.0602054,-0.746944,0.662155]],[[0.998793,-0.0420136,0.0254471],[0.0489859,0.813837,-0.579025],[0.00361715,0.579573,0.814912]],[[0.998793,-0.0420136,0.0254471],[0.00609033,-0.408144,-0.912897],[0.0487402,0.91195,-0.407396]],[[0.998793,-0.0420136,0.0254471],[-0.0214212,-0.838776,-0.544055],[0.0442021,0.542853,-0.838664]]],"btipPosition":[-0.0588213,235.504,0.337448],"carpPosition":[-1.46407,249.729,50.263],"dipPosition":[0.750729,245.446,-15.0225],"direction":[-0.0487402,-0.91195,0.407396],"extended":false,"handId":467,"id":4673,"length":63.1552,"mcpPosition":[2.23266,295.593,9.60529],"pipPosition":[2.07425,270.21,-26.0851],"stabilizedTipPosition":[-0.183839,237.15,-3.6235],"timeVisible":9.16496,"tipPosition":[0.111894,237.558,-3.73459],"tipVelocity":[34.9483,68.5154,38.4162],"tool":false,"touchDistance":0.333333,"touchZone":"none","type":3,"width":17.7198},{"bases":[[[0.969202,-0.245847,-0.0144128],[0.1586,0.578334,0.800235],[-0.1884,-0.777875,0.599514]],[[0.961893,-0.27334,0.006905],[0.237001,0.820891,-0.519585],[0.136355,0.501422,0.854391]],[[0.961893,-0.27334,0.006905],[-0.0877853,-0.33264,-0.938959],[0.258952,0.902572,-0.343959]],[[0.961893,-0.27334,0.006905],[-0.214188,-0.768953,-0.602358],[0.169958,0.577925,-0.798196]]],"btipPosition":[9.71006,245.802,3.2977],"carpPosition":[11.564,246.037,46.9062],"dipPosition":[12.5817,255.567,-10.1887],"direction":[-0.258952,-0.902572,0.343959],"extended":false,"handId":467,"id":4674,"length":49.5125,"mcpPosition":[22.2725,290.251,12.8303],"pipPosition":[17.5464,272.871,-16.7832],"stabilizedTipPosition":[10.0649,247.462,-0.156438],"timeVisible":9.16496,"tipPosition":[10.3415,247.869,-0.324179],"tipVelocity":[35.5641,64.7329,33.4117],"tool":false,"touchDistance":0.333333,"touchZone":"none","type":4,"width":15.7401}],"r":[[0.684149,0.524173,0.507132],[-0.596206,0.80244,-0.0250902],[-0.420094,-0.285189,0.861503]],"s":1.42238,"t":[-8.14473,8.06193,-90.6403],"timestamp":93379602660},false],[6,{"currentFrameRate":55.3595,"devices":[],"gestures":[{"center":[-38.9254,309.27,-85.3926],"duration":180414,"handIds":[467],"id":3,"normal":[-0.407859,0.437081,-0.801631],"pointableIds":[4671],"progress":0.916778,"radius":31.9334,"state":"update","type":"circle"}],"hands":[{"armBasis":[[0.949453,0.276571,-0.148485],[-0.210529,0.911891,0.352324],[0.232845,-0.303255,0.924024]],"armWidth":62.4607,"confidence":0.53638,"direction":[-0.0862156,0.813808,-0.574703],"elbow":[59.7004,155.953,293.717],"grabStrength":0,"id":467,"palmNormal":[0.195713,-0.551776,-0.810703],"palmPosition":[-12.9594,275.592,14.4726],"palmVelocity":[28.0032,51.9986,19.1222],"palmWidth":89.1918,"pinchStrength":0.14314,"r":[[0.684233,0.52105,0.510227],[-0.596037,0.802698,-0.0204171],[-0.420197,-0.290144,0.859797]],"s":1.42089,"sphereCenter":[-14.8757,268.122,-29.5569],"sphereRadius":47.716,"stabilizedPalmPosition":[-12.9913,275.529,14.4622],"t":[-7.65593,8.97976,-90.311],"timeVisible":9.18296,"type":"right","wrist":[-1.92528,236.214,49.1609]}],"id":1678629,"interactionBox":{"center":[0,200,0],"size":[235.247,235.247,147.751]},"pointables":[{"bases":[[[0.201213,0.72571,0.65792],[-0.840053,-0.21761,0.496947],[0.50381,-0.65268,0.565849]],[[0.178028,0.754719,0.631431],[-0.768289,-0.294334,0.568419],[0.614848,-0.586316,0.527442]],[[0.178028,0.754719,0.631431],[-0.983656,0.154073,0.0931802],[-0.0269614,-0.637699,0.769813]],[[0.178028,0.754719,0.631431],[-0.859825,0.431368,-0.27317],[-0.478546,-0.494288,0.725722]]],"btipPosition":[-45.068,283.888,-28.8011],"carpPosition":[-26.8623,222.546,39.3846],"dipPosition":[-56.0464,272.549,-12.1522],"direction":[0.0269614,0.637699,-0.769813],"extended":false,"handId":467,"id":4670,"length":51.0864,"mcpPosition":[-26.8623,222.546,39.3846],"pipPosition":[-56.9475,251.236,13.5763],"stabilizedTipPosition":[-47.5947,281.279,-24.9707],"timeVisible":9.18296,"tipPosition":[-47.6108,281.531,-23.9076],"tipVelocity":[30.4369,30.9985,-9.07167],"tool":false,"touchDistance":-0.184141,"touchZone":"touching","type":0,"width":19.8498},{"bases":[[[0.94852,0.316423,0.0136217],[-0.230486,0.660136,0.71491],[0.217222,-0.681247,0.699084]],[[0.968309,0.228227,0.10144],[-0.231284,0.666114,0.709084],[0.0942619,-0.710073,0.69779]],[[0.968309,0.228227,0.10144],[-0.247989,0.830366,0.498993],[0.0296518,-0.508335,0.860649]],[[0.968309,0.228227,0.10144],[-0.248633,0.919331,0.304979],[-0.0236522,-0.320535,0.946941]]],"btipPosition":[-43.736,339.544,-66.2732],"carpPosition":[-23.7948,243.1,49.7784],"dipPosition":[-44.1321,334.176,-50.4138],"direction":[-0.0296518,0.508335,-0.860649],"extended":true,"handId":467,"id":4671,"length":57.6453,"mcpPosition":[-39.4599,292.229,-0.636488],"pipPosition":[-43.4296,322.132,-30.0227],"stabilizedTipPosition":[-43.9247,338.366,-62.5288],"timeVisible":9.18296,"tipPosition":[-44.7263,339.281,-61.8211],"tipVelocity":[50.7873,11.4894,-13.9095],"tool":false,"touchDistance":-0.0868053,"touchZone":"touching","type":1,"width":18.9605},{"bases":[[[0.994449,0.104271,-0.0141305],[-0.0619841,0.689011,0.722096],[0.0850294,-0.717211,0.691649]],[[0.993403,0.112527,-0.0220982],[-0.104907,0.813917,-0.57143],[-0.0463151,0.569979,0.820353]],[[0.993403,0.112527,-0.0220982],[0.0232078,-0.385987,-0.922212],[-0.112303,0.915615,-0.386052]],[[0.993403,0.112527,-0.0220982],[0.081522,-0.828491,-0.554037],[-0.0806522,0.548581,-0.832198]]],"btipPosition":[-11.9901,234.865,-9.24031],"carpPosition":[-12.9794,248.373,50.7303],"dipPosition":[-13.4758,244.97,-24.5699],"direction":[0.112303,-0.915615,0.386052],"extended":false,"handId":467,"id":4672,"length":65.6822,"mcpPosition":[-18.7945,297.423,3.42898],"pipPosition":[-16.6062,270.492,-35.3309],"stabilizedTipPosition":[-12.5167,236.812,-13.1324],"timeVisible":9.18296,"tipPosition":[-12.3359,237.017,-13.2053],"tipVelocity":[23.5215,46.0809,31.5134],"tool":false,"touchDistance":0.333333,"touchZone":"none","type":2,"width":18.6218},{"bases":[[[0.997946,-0.0546487,0.0334112],[0.0119653,0.671485,0.740921],[-0.0629255,-0.739,0.67076]],[[0.998624,-0.0458601,0.0254353],[0.0520422,0.806911,-0.588376],[0.00645899,0.58889,0.808187]],[[0.998624,-0.0458601,0.0254353],[0.00383899,-0.419791,-0.907613],[0.0523008,0.906461,-0.419038]],