{"sensorType":"Leap","data":[[0,{"currentFrameRate":53.194,"devices":[],"gestures":[],"hands":[{"armBasis":[[0.971077,0.11648,-0.208429],[-0.0318063,0.92826,0.37057],[0.23664,-0.353222,0.905116]],"armWidth":62.4607,"confidence":0.432193,"direction":[-0.310247,0.646857,-0.696651],"elbow":[56.3761,131.58,287.243],"grabStrength":0,"id":467,"palmNormal":[-0.0827519,-0.748405,-0.658059],"palmPosition":[-30.1031,255.041,10.1644],"palmVelocity":[-55.6799,131.215,100.013],"palmWidth":89.1918,"pinchStrength":0,"r":[[0.831547,0.522809,0.187618],[-0.512544,0.852391,-0.103578],[-0.214075,-0.0100326,0.976766]],"s":1.41958,"sphereCenter":[-56.0018,237.424,-23.5401],"sphereRadius":49.7115,"stabilizedPalmPosition":[-29.8223,254.175,9.51429],"t":[-23.1515,-13.3335,-96.3429],"timeVisible":15.1485,"type":"right","wrist":[-6.254,225.065,47.6918]}],"id":1678958,"interactionBox":{"center":[0,200,0],"size":[235.247,235.247,147.751]},"pointables":[{"bases":[[[0.394566,0.854573,0.337674],[-0.604092,-0.0356599,0.796117],[0.692381,-0.518106,0.50217]],[[0.47542,0.785627,0.395937],[-0.423029,-0.190464,0.885873],[0.771377,-0.588654,0.241792]],[[0.47542,0.785627,0.395937],[-0.807652,0.211311,0.550496],[0.348819,-0.581496,0.734975]],[[0.47542,0.785627,0.395937],[-0.850922,0.524918,-0.019812],[-0.223399,-0.327493,0.918064]]],"btipPosition":[-76.8317,266.629,-6.41035],"carpPosition":[-32.5543,210.878,51.0463],"dipPosition":[-81.9568,259.116,14.651],"direction":[-0.348819,0.581496,-0.734975],"extended":true,"handId":467,"id":4670,"length":51.0864,"mcpPosition":[-32.5543,210.878,51.0463],"pipPosition":[-70.2986,239.682,39.2152],"stabilizedTipPosition":[-75.6892,260.393,-6.90745],"timeVisible":15.1485,"tipPosition":[-77.0849,262.599,-3.28456],"tipVelocity":[-132.335,240.51,283.502],"tool":false,"touchDistance":0.504191,"touchZone":"hovering","type":0,"width":19.8498},{"bases":[[[0.881512,0.25304,-0.398632],[0.0128797,0.831069,0.55602],[0.471987,-0.495273,0.729338]],[[0.929225,0.195419,-0.313613],[-0.0155584,0.868652,0.495178],[0.369188,-0.455252,0.810213]],[[0.929225,0.195419,-0.313613],[-0.0997594,0.94987,0.296302],[0.355794,-0.244045,0.902138]],[[0.929225,0.195419,-0.313613],[-0.161977,0.978243,0.129633],[0.332122,-0.0696604,0.940661]]],"btipPosition":[-90.3125,295.004,-69.7524],"carpPosition":[-26.7351,233.166,54.0932],"dipPosition":[-84.7501,293.837,-53.9983],"direction":[-0.355794,0.244045,-0.902138],"extended":true,"handId":467,"id":4671,"length":57.6453,"mcpPosition":[-60.7727,268.883,1.49656],"pipPosition":[-76.3204,288.055,-32.6242],"stabilizedTipPosition":[-87.8627,293.772,-67.4536],"timeVisible":15.1485,"tipPosition":[-89.2629,295.962,-65.4327],"tipVelocity":[-204.157,125.098,194.848],"tool":false,"touchDistance":0.122782,"touchZone":"hovering","type":1,"width":18.9605},{"bases":[[[0.921976,0.0383914,-0.385339],[0.172084,0.850809,0.4965],[0.346911,-0.524071,0.777819]],[[0.918046,0.0442388,-0.393997],[-0.32735,0.645228,-0.690306],[0.22368,0.762708,0.606831]],[[0.918046,0.0442388,-0.393997],[-0.251512,-0.703215,-0.665003],[-0.306484,0.709599,-0.634458]],[[0.918046,0.0442388,-0.393997],[-0.0191737,-0.987639,-0.15557],[-0.396009,0.150375,-0.90585]]],"btipPosition":[-34.9163,215.115,2.34582],"carpPosition":[-16.4608,237.86,49.8402],"dipPosition":[-42.2111,217.885,-14.3405],"direction":[0.306484,-0.709599,0.634458],"extended":false,"handId":467,"id":4672,"length":65.6822,"mcpPosition":[-40.1858,273.701,-3.3542],"pipPosition":[-50.7541,237.665,-32.0256],"stabilizedTipPosition":[-36.1499,212.362,-4.27031],"timeVisible":15.1485,"tipPosition":[-36.9339,215.898,-2.20732],"tipVelocity":[-20.6083,126.878,100.579],"tool":false,"touchDistance":0.333333,"touchZone":"none","type":2,"width":18.6218},{"bases":[[[0.947365,-0.103396,-0.303001],[0.248486,0.834238,0.492242],[0.201879,-0.541624,0.81602]],[[0.945502,-0.0984975,-0.310363],[-0.183802,0.625337,-0.7584],[0.268782,0.774114,0.573153]],[[0.945502,-0.0984975,-0.310363],[-0.283745,-0.71681,-0.636924],[-0.159735,0.690277,-0.705693]],[[0.945502,-0.0984975,-0.310363],[-0.1379,-0.98458,-0.107635],[-0.294975,0.144568,-0.944505]]],"btipPosition":[-19.9672,217.454,6.28897],"carpPosition":[-5.53967,239.492,45.0353],"dipPosition":[-25.3696,220.102,-11.0094],"direction":[0.159735,-0.690277,0.705693],"extended":false,"handId":467,"id":4673,"length":63.1552,"mcpPosition":[-17.9355,272.749,-5.07],"pipPosition":[-29.7072,238.846,-30.1722],"stabilizedTipPosition":[-21.091,216.144,1.3812],"timeVisible":15.1485,"tipPosition":[-21.2803,218.226,2.00526],"tipVelocity":[-20.511,142.733,70.8435],"tool":false,"touchDistance":0.333333,"touchZone":"none","type":3,"width":17.7198},{"bases":[[[0.910196,-0.301798,-0.283659],[0.409664,0.756849,0.509269],[0.060991,-0.579739,0.812516]],[[0.910553,-0.305354,-0.278661],[-0.00786027,0.661174,-0.750191],[0.413317,0.685279,0.599634]],[[0.910553,-0.305354,-0.278661],[-0.41246,-0.625824,-0.661982],[0.0277457,0.717707,-0.695792]],[[0.910553,-0.305354,-0.278661],[-0.350523,-0.927646,-0.128865],[-0.21915,0.215016,-0.951705]]],"btipPosition":[-9.02416,226.039,0.936984],"carpPosition":[5.59744,234.233,38.4833],"dipPosition":[-12.7269,229.672,-15.1432],"direction":[-0.0277457,-0.717707,0.695792],"extended":false,"handId":467,"id":4674,"length":49.5125,"mcpPosition":[2.13075,267.184,-7.69951],"pipPosition":[-12.195,243.432,-28.4831],"stabilizedTipPosition":[-9.76627,225.938,-3.08583],"timeVisible":15.1485,"tipPosition":[-9.8717,226.91,-2.74955],"tipVelocity":[-37.7771,160.883,56.5224],"tool":false,"touchDistance":0.333333,"touchZone":"none","type":4,"width":15.7401}],"r":[[0.831547,0.522809,0.187618],[-0.512544,0.852391,-0.103578],[-0.214075,-0.0100326,0.976766]],"s":1.41958,"t":[-23.1515,-13.3335,-96.3429],"timestamp":93385586253},false],[1,{"currentFrameRate":53.4192,"devices":[],"gestures":[],"hands":[{"armBasis":[[0.971179,0.129489,-0.200111],[-0.0460858,0.925731,0.375365],[0.233855,-0.355324,0.905017]],"armWidth":62.4607,"confidence":0.385125,"direction":[-0.324215,0.66272,-0.675046],"elbow":[55.8476,132.125,287.544],"grabStrength":0,"id":467,"palmNormal":[-0.0814582,-0.7305,-0.678038],"palmPosition":[-30.5942,256.922,11.5884],"palmVelocity":[-42.3326,118.82,90.3244],"palmWidth":89.1918,"pinchStrength":0,"r":[[0.828875,0.533144,0.169479],[-0.527794,0.845686,-0.0790451],[-0.185469,-0.0239316,0.982359]],"s":1.4315,"sphereCenter":[-57.7268,240.508,-21.8068],"sphereRadius":50.2166,"stabilizedPalmPosition":[-30.3225,255.955,10.8585],"t":[-23.9767,-11.0532,-94.6044],"timeVisible":15.1665,"type":"right","wrist":[-6.04537,226.167,48.0186]}],"id":1678959,"interactionBox":{"center":[0,200,0],"size":[235.247,235.247,147.751]},"pointables":[{"bases":[[[0.388841,0.849029,0.357705],[-0.595535,-0.0646103,0.800727],[0.702952,-0.524381,0.480503]],[[0.487845,0.762827,0.424384],[-0.406223,-0.231925,0.883852],[0.772651,-0.603577,0.196734]],[[0.487845,0.762827,0.424384],[-0.791719,0.181881,0.583181],[0.367679,-0.620495,0.692674]],[[0.487845,0.762827,0.424384],[-0.852242,0.521424,0.0424288],[-0.188918,-0.382377,0.904488]]],"btipPosition":[-77.9184,270.648,-2.29491],"carpPosition":[-32.1572,211.604,51.2318],"dipPosition":[-82.2523,261.876,18.455],"direction":[-0.367679,0.620495,-0.692674],"extended":true,"handId":467,"id":4670,"length":51.0864,"mcpPosition":[-32.1572,211.604,51.2318],"pipPosition":[-69.9639,241.138,41.6054],"stabilizedTipPosition":[-76.8866,263.45,-3.42415],"timeVisible":15.1665,"tipPosition":[-78.1281,266.379,0.652997],"tipVelocity":[-93.6973,225.238,256.227],"tool":false,"touchDistance":0.547763,"touchZone":"hovering","type":0,"width":19.8498},{"bases":[[[0.874654,0.273774,-0.400036],[0.0096718,0.815224,0.579064],[0.484652,-0.51035,0.710391]],[[0.924906,0.212814,-0.315055],[-0.00967937,0.841575,0.540054],[0.380073,-0.49645,0.780437]],[[0.924906,0.212814,-0.315055],[-0.0950444,0.931774,0.350377],[0.368125,-0.294121,0.88203]],[[0.924906,0.212814,-0.315055],[-0.158978,0.969221,0.18798],[0.345363,-0.123777,0.930271]]],"btipPosition":[-92.0086,300.613,-65.727],"carpPosition":[-26.5455,233.86,54.8479],"dipPosition":[-86.2245,298.54,-50.1469],"direction":[-0.368125,0.294121,-0.88203],"extended":true,"handId":467,"id":4671,"length":57.6453,"mcpPosition":[-61.4964,270.664,3.61763],"pipPosition":[-77.5026,291.571,-29.2492],"stabilizedTipPosition":[-89.5853,297.666,-64.2049],"timeVisible":15.1665,"tipPosition":[-90.8614,300.392,-61.8003],"tipVelocity":[-151.122,208.375,207.893],"tool":false,"touchDistance":0.196669,"touchZone":"hovering","type":1,"width":18.9605},{"bases":[[[0.91754,0.0592924,-0.393197],[0.168041,0.83837,0.518553],[0.360391,-0.541867,0.759275]],[[0.913454,0.0653461,-0.40166],[-0.341978,0.658259,-0.670632],[0.220573,0.74995,0.623636]],[[0.913454,0.0653461,-0.40166],[-0.249709,-0.689344,-0.680037],[-0.32132,0.721481,-0.613366]],[[0.913454,0.0653461,-0.40166],[-0.00940295,-0.98337,-0.181369],[-0.406833,0.169449,-0.897649]]],"btipPosition":[-34.9835,217.176,2.86838],"carpPosition":[-16.3657,238.784,50.6275],"dipPosition":[-42.4776,220.297,-13.6669],"direction":[0.32132,-0.721481,0.613366],"extended":false,"handId":467,"id":4672,"length":65.6822,"mcpPosition":[-41.0126,275.842,-1.29867],"pipPosition":[-51.4342,240.408,-30.7641],"stabilizedTipPosition":[-36.3373,214.222,-3.14897],"timeVisible":15.1665,"tipPosition":[-37.0627,218.053,-1.66205],"tipVelocity":[-13.8562,123.426,67.7791],"tool":false,"touchDistance":0.333333,"touchZone":"none","type":2,"width":18.6218},{"bases":[[[0.945278,-0.0844638,-0.315142],[0.244569,0.822763,0.513076],[0.215951,-0.562073,0.798398]],[[0.943253,-0.0792931,-0.322469],[-0.198599,0.643571,-0.739172],[0.266143,0.761268,0.591303]],[[0.943253,-0.0792931,-0.322469],[-0.282531,-0.701909,-0.653835],[-0.174499,0.707839,-0.68448]],[[0.943253,-0.0792931,-0.322469],[-0.128538,-0.982558,-0.13438],[-0.306189,0.168204,-0.936993]]],"btipPosition":[-20.082,219.54,6.59008],"carpPosition":[-5.51218,240.67,45.7628],"dipPosition":[-25.6897,222.621,-10.5707],"direction":[0.174499,-0.707839,0.68448],"extended":false,"handId":467,"id":4673,"length":63.1552,"mcpPosition":[-18.772,275.183,-3.26041],"pipPosition":[-30.4282,241.842,-29.1574],"stabilizedTipPosition":[-21.2387,218.304,2.04523],"timeVisible":15.1665,"tipPosition":[-21.4505,220.425,2.33929],"tipVelocity":[-15.0953,132.946,46.165],"tool":false,"touchDistance":0.333333,"touchZone":"none","type":3,"width":17.7198},{"bases":[[[0.910428,-0.283725,-0.301032],[0.406728,0.746698,0.526321],[0.0754498,-0.601616,0.795214]],[[0.91091,-0.287723,-0.295734],[-0.02188,0.682056,-0.730973],[0.412024,0.672321,0.614996]],[[0.91091,-0.287723,-0.295734],[-0.412375,-0.610942,-0.675793],[0.0137648,0.73754,-0.675163]],[[0.91091,-0.287723,-0.295734],[-0.342241,-0.927229,-0.152048],[-0.230465,0.239714,-0.943092]]],"btipPosition":[-9.32624,228.42,1.31914],"carpPosition":[5.61312,235.718,38.9555],"dipPosition":[-13.2202,232.471,-14.6155],"direction":[-0.0137648,-0.73754,0.675163],"extended":false,"handId":467,"id":4674,"length":49.5125,"mcpPosition":[1.32461,269.914,-6.24388],"pipPosition":[-12.9563,246.611,-27.5599],"stabilizedTipPosition":[-10.0868,228.34,-2.56516],"timeVisible":15.1665,"tipPosition":[-10.2095,229.386,-2.32535],"tipVelocity":[-29.0616,150.207,40.7897],"tool":false,"touchDistance":0.333333,"touchZone":"none","type":4,"width":15.7401}],"r":[[0.828875,0.533144,0.169479],[-0.527794,0.845686,-0.0790451],[-0.185469,-0.0239316,0.982359]],"s":1.4315,"t":[-23.9767,-11.0532,-94.6044],"timestamp":93385604167},false],[2,{"currentFrameRate":53.5302,"devices":[],"gestures":[],"hands":[{"armBasis":[[0.969481,0.144797,-0.19784],[-0.0585065,0.920286,0.386846],[0.238083,-0.363465,0.900672]],"armWidth":62.4607,"confidence":0.369637,"direction":[-0.332362,0.664669,-0.669142],"elbow":[57.3866,130.779,286.938],"grabStrength":0,"id":467,"palmNormal":[-0.0702748,-0.724954,-0.685203],"palmPosition":[-30.5436,257.738,12.3907],"palmVelocity":[-20.7269,83.2824,68.0726],"palmWidth":89.1918,"pinchStrength":0,"r":[[0.824706,0.543493,0.156446],[-0.541701,0.83859,-0.0576807],[-0.162543,-0.0371772,0.986001]],"s":1.44452,"sphereCenter":[-58.7773,242.35,-20.3065],"sphereRadius":50.8438,"stabilizedPalmPosition":[-30.4574,257.042,11.7929],"t":[-24.364,-9.50483,-93.334],"timeVisible":15.1847,"type":"right","wrist":[-5.62545,226.975,48.5625]}],"id":1678960,"interactionBox":{"center":[0,200,0],"size":[235.247,235.247,147.751]},"pointables":[{"bases":[[[0.376468,0.850835,0.36654],[-0.595796,-0.0806222,0.799079],[0.709435,-0.519211,0.476573]],[[0.495551,0.746069,0.444759],[-0.400283,-0.258274,0.879243],[0.770845,-0.613739,0.17065]],[[0.495551,0.746069,0.444759],[-0.783041,0.162152,0.600461],[0.375867,-0.645824,0.664557]],[[0.495551,0.746069,0.444759],[-0.851583,0.518127,0.0796937],[-0.170985,-0.418241,0.892098]]],"btipPosition":[-77.8952,273.231,0.565081],"carpPosition":[-31.5374,212.021,51.5915],"dipPosition":[-81.8178,263.637,21.0308],"direction":[-0.375867,0.645824,-0.664557],"extended":true,"handId":467,"id":4670,"length":51.0864,"mcpPosition":[-31.5374,212.021,51.5915],"pipPosition":[-69.2557,242.052,43.2414],"stabilizedTipPosition":[-77.5209,265.964,-0.537393],"timeVisible":15.1847,"tipPosition":[-78.2079,268.74,3.37194],"tipVelocity":[-45.7219,180.061,206.694],"tool":false,"touchDistance":0.568239,"touchZone":"hovering","type":0,"width":19.8498},{"bases":[[[0.871374,0.289745,-0.395923],[-0.00253094,0.80963,0.586935],[0.490613,-0.510437,0.706224]],[[0.92418,0.226074,-0.307867],[-0.000208092,0.806321,0.591478],[0.381958,-0.546568,0.745233]],[[0.92418,0.226074,-0.307867],[-0.0828906,0.905523,0.416121],[0.372855,-0.359051,0.855606]],[[0.92418,0.226074,-0.307867],[-0.146466,0.954165,0.260993],[0.35276,-0.196112,0.914932]]],"btipPosition":[-92.4491,305.936,-62.477],"carpPosition":[-26.2408,234.317,55.4319],"dipPosition":[-86.5411,302.652,-47.1538],"direction":[-0.372855,0.359051,-0.855606],"extended":true,"handId":467,"id":4671,"length":57.6453,"mcpPosition":[-61.6216,271.127,4.5021],"pipPosition":[-77.7071,294.145,-26.8821],"stabilizedTipPosition":[-90.4767,302.117,-61.094],"timeVisible":15.1847,"tipPosition":[-91.2396,304.002,-59.1986],"tipVelocity":[-89.5156,240.722,191.899],"tool":false,"touchDistance":0.255752,"touchZone":"hovering","type":1,"width":18.9605},{"bases":[[[0.917225,0.075823,-0.391088],[0.155594,0.835556,0.526912],[0.366728,-0.544147,0.754596]],[[0.913063,0.0819086,-0.399509],[-0.350654,0.657861,-0.666529],[0.208227,0.748672,0.62939]],[[0.913063,0.0819086,-0.399509],[-0.238179,-0.688088,-0.685424],[-0.331039,0.720989,-0.608759]],[[0.913063,0.0819086,-0.399509],[0.00521009,-0.981886,-0.189402],[-0.407786,0.170854,-0.89695]]],"btipPosition":[-34.3033,218.018,3.42385],"carpPosition":[-16.124,239.422,51.2761],"dipPosition":[-41.8149,221.165,-13.0985],"direction":[0.331039,-0.720989,0.608759],"extended":false,"handId":467,"id":4672,"length":65.6822,"mcpPosition":[-41.2042,276.636,-0.330025],"pipPosition":[-51.0425,241.263,-30.0673],"stabilizedTipPosition":[-36.2357,215.72,-2.22991],"timeVisible":15.1847,"tipPosition":[-36.391,218.898,-1.11416],"tipVelocity":[10.499,86.5146,49.9386],"tool":false,"touchDistance":0.333333,"touchZone":"none","type":2,"width":18.6218},{"bases":[[[0.946838,-0.0682842,-0.314381],[0.232339,0.821066,0.52141],[0.222523,-0.566734,0.793282]],[[0.944719,-0.0629897,-0.321774],[-0.206767,0.647189,-0.733754],[0.254467,0.759723,0.598387]],[[0.944719,-0.0629897,-0.321774],[-0.27174,-0.699573,-0.660875],[-0.183476,0.71178,-0.678016]],[[0.944719,-0.0629897,-0.321774],[-0.114736,-0.982836,-0.144463],[-0.307151,0.173396,-0.935731]]],"btipPosition":[-19.4909,220.527,7.08029],"carpPosition":[-5.2903,241.505,46.4479],"dipPosition":[-25.1163,223.703,-10.0574],"direction":[0.183476,-0.71178,0.678016],"extended":false,"handId":467,"id":4673,"length":63.1552,"mcpPosition":[-18.9537,276.304,-2.26127],"pipPosition":[-30.0985,243.031,-28.4686],"stabilizedTipPosition":[-21.0075,219.808,2.60208],"timeVisible":15.1847,"tipPosition":[-20.8686,221.441,2.83323],"tipVelocity":[7.51758,95.6902,37.0313],"tool":false,"touchDistance":0.333333,"touchZone":"none","type":3,"width":17.7198},{"bases":[[[0.914737,-0.268138,-0.302255],[0.395519,0.747134,0.534188],[0.0825894,-0.608189,0.789484]],[[0.915303,-0.27247,-0.296615],[-0.0296043,0.688941,-0.724213],[0.401676,0.671655,0.622523]],[[0.915303,-0.27247,-0.296615],[-0.402731,-0.609518,-0.682858],[0.00526614,0.744479,-0.667625]],[[0.915303,-0.27247,-0.296615],[-0.329424,-0.930163,-0.162099],[-0.231734,0.246082,-0.941139]]],"btipPosition":[-8.88912,229.633,1.86232],"carpPosition":[5.91302,236.775,39.6114],"dipPosition":[-12.8045,233.791,-14.0393],"direction":[-0.00526614,-0.744479,0.667625],"extended":false,"handId":467,"id":4674,"length":49.5125,"mcpPosition":[1.2187,271.344,-5.26229],"pipPosition":[-12.7036,248.064,-26.8392],"stabilizedTipPosition":[-9.88735,229.85,-2.04821],"timeVisible":15.1847,"tipPosition":[-9.77005,230.623,-1.76722],"tipVelocity":[-3.81432,110.662,35.6786],"tool":false,"touchDistance":0.333333,"touchZone":"none","type":4,"width":15.7401}],"r":[[0.824706,0.543493,0.156446],[-0.541701,0.83859,-0.0576807],[-0.162543,-0.0371772,0.986001]],"s":1.44452,"t":[-24.364,-9.50483,-93.334],"timestamp":93385622452},false],[3,{"currentFrameRate":55.0343,"devices":[],"gestures":[],"hands":[{"armBasis":[[0.928047,0.371703,-0.0237916],[-0.331135,0.85263,0.404193],[0.170525,-0.367232,0.914364]],"armWidth":62.4607,"confidence":0.354368,"direction":[-0.264277,0.649681,-0.712792],"elbow":[55.1384,147.1,284.262],"grabStrength":0,"id":467,"palmNormal":[0.254148,-0.666033,-0.701291],"palmPosition":[-9.85785,273.124,1.64449],"palmVelocity":[122.464,-9.0515,-103.604],"palmWidth":89.1918,"pinchStrength":0,"r":[[0.656322,0.672465,0.342098],[-0.71751,0.696509,0.00742337],[-0.233283,-0.250331,0.939635]],"s":1.55413,"sphereCenter":[-31.5659,264.781,-31.9799],"sphereRadius":52.9582,"stabilizedPalmPosition":[-17.5903,273.426,7.96054],"t":[-6.31693,7.60105,-100.903],"timeVisible":15.6007,"type":"right","wrist":[10.0066,244.294,42.2628]}],"id":1678983,"interactionBox":{"center":[0,200,0],"size":[235.247,235.247,147.751]},"pointables":[{"bases":[[[0.0954877,0.869966,0.483778],[-0.759267,-0.250637,0.600578],[0.643736,-0.424665,0.636604]],[[0.317402,0.663034,0.677969],[-0.521456,-0.475109,0.70877],[0.792048,-0.578496,0.194943]],[[0.317402,0.663034,0.677969],[-0.904271,-0.00367698,0.426944],[0.285571,-0.74858,0.598395]],[[0.317402,0.663034,0.677969],[-0.946116,0.269806,0.179077],[-0.0641861,-0.698277,0.712944]]],"btipPosition":[-59.2425,294.166,-8.35977],"carpPosition":[-12.4149,224.822,37.5341],"dipPosition":[-60.715,278.147,7.99593],"direction":[-0.285571,0.74858,-0.598395],"extended":true,"handId":467,"id":4670,"length":51.0864,"mcpPosition":[-12.4149,224.822,37.5341],"pipPosition":[-51.1707,253.128,27.9953],"stabilizedTipPosition":[-68.1724,290.128,8.68028],"timeVisible":15.6007,"tipPosition":[-59.0592,289.365,-5.80859],"tipVelocity":[126.524,-1.91238,-204.031],"tool":false,"touchDistance":0.08618,"touchZone":"hovering","type":0,"width":19.8498},{"bases":[[[0.872778,0.47037,-0.130426],[-0.313155,0.744542,0.589569],[0.374423,-0.473719,0.797118]],[[0.934373,0.352631,0.0509776],[-0.200871,0.403185,0.8928],[0.294276,-0.844448,0.447559]],[[0.934373,0.352631,0.0509776],[-0.257791,0.570325,0.779919],[0.24595,-0.741876,0.623801]],[[0.934373,0.352631,0.0509776],[-0.300373,0.702657,0.645019],[0.191634,-0.618001,0.762464]]],"btipPosition":[-61.1342,344.952,-60.4691],"carpPosition":[-12.7028,247.3,43.413],"dipPosition":[-57.9247,334.602,-47.6994],"direction":[-0.24595,0.741876,-0.623801],"extended":true,"handId":467,"id":4671,"length":57.6453,"mcpPosition":[-39.7046,281.462,-14.0716],"pipPosition":[-52.0975,317.025,-32.9198],"stabilizedTipPosition":[-71.3768,346.504,-43.1719],"timeVisible":15.6007,"tipPosition":[-60.7877,341.278,-58.8056],"tipVelocity":[229.761,-87.6092,-303.273],"tool":false,"touchDistance":-0.0667508,"touchZone":"hovering","type":1,"width":18.9605},{"bases":[[[0.955851,0.26818,-0.120117],[-0.152797,0.802763,0.576389],[0.251001,-0.532588,0.808299]],[[0.953106,0.273873,-0.128774],[-0.279042,0.630556,-0.724248],[-0.117153,0.726218,0.677409]],[[0.953106,0.273873,-0.128774],[0.0916481,-0.666724,-0.739648],[-0.288426,0.693161,-0.660559]],[[0.953106,0.273873,-0.128774],[0.244104,-0.947221,-0.207813],[-0.178892,0.166633,-0.969655]]],"btipPosition":[-3.31604,234.152,-8.63144],"carpPosition":[-3.02049,254.432,42.3792],"dipPosition":[-6.61133,237.221,-26.4931],"direction":[0.288426,-0.693161,0.660559],"extended":false,"handId":467,"id":4672,"length":65.6822,"mcpPosition":[-20.1863,290.855,-12.8997],"pipPosition":[-14.6511,256.543,-44.9058],"stabilizedTipPosition":[-9.98196,235.936,-11.1929],"timeVisible":15.6007,"tipPosition":[-4.20927,234.989,-13.4037],"tipVelocity":[142.251,-37.4243,-31.1126],"tool":false,"touchDistance":0.333333,"touchZone":"none","type":2,"width":18.6218},{"bases":[[[0.99115,0.125598,-0.0429663],[-0.0760357,0.802485,0.591807],[0.10881,-0.583303,0.804934]],[[0.989944,0.13176,-0.0514764],[-0.126629,0.663211,-0.737642],[-0.0630517,0.736743,0.673227]],[[0.989944,0.13176,-0.0514764],[0.0507674,-0.670575,-0.740103],[-0.132035,0.730047,-0.670521]],[[0.989944,0.13176,-0.0514764],[0.117915,-0.969632,-0.214265],[-0.0781447,0.206041,-0.975418]]],"btipPosition":[9.19381,238.734,-2.03887],"carpPosition":[8.09696,258.782,40.7985],"dipPosition":[7.76261,242.507,-19.9034],"direction":[0.132035,-0.730047,0.670521],"extended":false,"handId":467,"id":4673,"length":63.1552,"mcpPosition":[1.41582,294.598,-8.62603],"pipPosition":[4.17727,262.331,-38.1111],"stabilizedTipPosition":[3.66931,240.381,-5.14917],"timeVisible":15.6007,"tipPosition":[8.8306,239.781,-6.19149],"tipVelocity":[132.648,-28.6104,-20.6941],"tool":false,"touchDistance":0.333333,"touchZone":"none","type":3,"width":17.7198},{"bases":[[[0.99593,-0.077089,-0.0467043],[0.0889638,0.757544,0.646693],[-0.0144723,-0.648216,0.761319]],[[0.99578,-0.0823444,-0.0405274],[0.0325724,0.729923,-0.682753],[0.0858027,0.678551,0.729525]],[[0.99578,-0.0823444,-0.0405274],[-0.0826049,-0.611714,-0.786755],[0.0399937,0.786782,-0.615934]],[[0.99578,-0.0823444,-0.0405274],[-0.0903931,-0.956363,-0.277848],[-0.0158797,0.280339,-0.95977]]],"btipPosition":[18.7527,250.186,-3.36501],"carpPosition":[21.4025,256.682,37.1681],"dipPosition":[18.4844,254.923,-19.5814],"direction":[-0.0399937,-0.786782,0.615934],"extended":false,"handId":467,"id":4674,"length":49.5125,"mcpPosition":[22.2251,293.526,-6.10465],"pipPosition":[19.2512,270.007,-31.3903],"stabilizedTipPosition":[14.1511,252.127,-6.27214],"timeVisible":15.6007,"tipPosition":[18.7044,251.321,-7.08784],"tipVelocity":[136.023,-31.5015,-22.759],"tool":false,"touchDistance":0.333333,"touchZone":"none","type":4,"width":15.7401}],"r":[[0.656322,0.672465,0.342098],[-0.71751,0.696509,0.00742337],[-0.233283,-0.250331,0.939635]],"s":1.55413,"t":[-6.31693,7.60105,-100.903],"timestamp":93386038414},false],[4,{"currentFrameRate":55.0011,"devices":[],"gestures":[],"hands":[{"armBasis":[[0.926334,0.37636,-0.0160503],[-0.339065,0.85159,0.399786],[0.164132,-0.364893,0.916468]],"armWidth":62.4607,"confidence":0.378568,"direction":[-0.241115,0.623856,-0.743416],"elbow":[54.3676,149.104,284.571],"grabStrength":0,"id":467,"palmNormal":[0.277099,-0.689874,-0.668797],"palmPosition":[-7.61142,273.035,-0.217113],"palmVelocity":[122.613,-7.05936,-102.712],"palmWidth":89.1918,"pinchStrength":0,"r":[[0.647659,0.68012,0.343474],[-0.71781,0.695816,-0.0242869],[-0.255512,-0.230819,0.938848]],"s":1.55464,"sphereCenter":[-27.9022,263.541,-34.253],"sphereRadius":52.8564,"stabilizedPalmPosition":[-15.1574,273.331,5.9668],"t":[-4.06806,7.47067,-102.787],"timeVisible":15.619,"type":"right","wrist":[10.9278,245.678,42.0149]}],"id":1678984,"interactionBox":{"center":[0,200,0],"size":[235.247,235.247,147.751]},"pointables":[{"bases":[[[0.079374,0.88656,0.455754],[-0.77836,-0.230514,0.583968],[0.622781,-0.401092,0.671766]],[[0.294414,0.687518,0.663807],[-0.544468,-0.450176,0.70774],[0.785414,-0.56979,0.241794]],[[0.294414,0.687518,0.663807],[-0.918286,0.0111238,0.39576],[0.264708,-0.726082,0.634613]],[[0.294414,0.687518,0.663807],[-0.952074,0.271269,0.141308],[-0.0829185,-0.673596,0.734433]]],"btipPosition":[-56.697,293.619,-12.644],"carpPosition":[-11.3211,226.019,37.2458],"dipPosition":[-58.5992,278.166,4.20465],"direction":[-0.264708,0.726082,-0.634613],"extended":true,"handId":467,"id":4670,"length":51.0864,"mcpPosition":[-11.3211,226.019,37.2458],"pipPosition":[-49.7522,253.899,25.4145],"stabilizedTipPosition":[-67.716,290.125,7.95888],"timeVisible":15.619,"tipPosition":[-56.5873,288.964,-9.8378],"tipVelocity":[129.972,-11.9187,-215.498],"tool":false,"touchDistance":0.0166652,"touchZone":"hovering","type":0,"width":19.8498},{"bases":[[[0.876409,0.46679,-0.118383],[-0.332458,0.764324,0.552522],[0.348395,-0.444878,0.825048]],[[0.932447,0.354262,0.0709994],[-0.23111,0.433761,0.870884],[0.277725,-0.828462,0.486333]],[[0.932447,0.354262,0.0709994],[-0.284521,0.598848,0.748618],[0.222689,-0.718247,0.659189]],[[0.932447,0.354262,0.0709994],[-0.32252,0.727543,0.605526],[0.16286,-0.58752,0.792652]]],"btipPosition":[-56.6323,342.518,-66.5547],"carpPosition":[-11.808,248.689,42.3185],"dipPosition":[-53.9047,332.678,-53.2794],"direction":[-0.222689,0.718247,-0.659189],"extended":true,"handId":467,"id":4671,"length":57.6453,"mcpPosition":[-36.9327,280.771,-17.1804],"pipPosition":[-48.6286,315.661,-37.6615],"stabilizedTipPosition":[-68.1549,345.194,-47.4329],"timeVisible":15.619,"tipPosition":[-56.4094,339.02,-64.6187],"tipVelocity":[234.664,-106.313,-314.285],"tool":false,"touchDistance":-0.16624,"touchZone":"hovering","type":1,"width":18.9605},{"bases":[[[0.95917,0.26521,-0.0982729],[-0.171775,0.822284,0.542534],[0.224693,-0.503501,0.834266]],[[0.956715,0.270572,-0.107178],[-0.25539,0.603974,-0.754978],[-0.139544,0.749671,0.646932]],[[0.956715,0.270572,-0.107178],[0.116062,-0.692444,-0.712075],[-0.266882,0.668814,-0.693875]],[[0.956715,0.270572,-0.107178],[0.251087,-0.953608,-0.166092],[-0.147145,0.131992,-0.980269]]],"btipPosition":[-0.723262,233.734,-8.87184],"carpPosition":[-2.0995,255.794,41.3506],"dipPosition":[-3.43377,236.165,-26.929],"direction":[0.266882,-0.668814,0.693875],"extended":false,"handId":467,"id":4672,"length":65.6822,"mcpPosition":[-17.4661,290.228,-15.7042],"pipPosition":[-10.873,254.808,-46.2703],"stabilizedTipPosition":[-6.97471,235.364,-11.8309],"timeVisible":15.619,"tipPosition":[-1.45857,234.399,-13.692],"tipVelocity":[145.513,-34.2786,-23.6754],"tool":false,"touchDistance":0.333333,"touchZone":"none","type":2,"width":18.6218},{"bases":[[[0.991982,0.125478,-0.0150496],[-0.0955576,0.822661,0.560444],[0.0827042,-0.554512,0.828056]],[[0.99105,0.131346,-0.0238222],[-0.102802,0.637135,-0.763866],[-0.0851529,0.759479,0.644935]],[[0.99105,0.131346,-0.0238222],[0.0750046,-0.695535,-0.714566],[-0.110425,0.706385,-0.699162]],[[0.99105,0.131346,-0.0238222],[0.12514,-0.976273,-0.176725],[-0.0464692,0.172163,-0.983972]]],"btipPosition":[11.5629,238.554,-2.10281],"carpPosition":[9.06212,260.103,39.9809],"dipPosition":[10.7119,241.707,-20.124],"direction":[0.110425,-0.706384,0.699162],"extended":false,"handId":467,"id":4673,"length":63.1552,"mcpPosition":[3.98392,294.151,-10.8634],"pipPosition":[7.71333,260.889,-39.1094],"stabilizedTipPosition":[6.33271,240,-5.52925],"timeVisible":15.619,"tipPosition":[11.3351,239.455,-6.2836],"tipVelocity":[134.626,-23.34,-13.3939],"tool":false,"touchDistance":0.333333,"touchZone":"none","type":3,"width":17.7198},{"bases":[[[0.996949,-0.0772079,-0.0115034],[0.0675798,0.779919,0.622221],[-0.0390687,-0.6211,0.782757]],[[0.996596,-0.0822801,-0.00510741],[0.0546282,0.705529,-0.706572],[0.0617402,0.703888,0.707623]],[[0.996596,-0.0822801,-0.00510741],[-0.0566917,-0.639049,-0.767074],[0.059851,0.764752,-0.641539]],[[0.996596,-0.0822801,-0.00510741],[-0.0809899,-0.965641,-0.246939],[0.0153862,0.246512,-0.969018]]],"btipPosition":[21.1529,249.975,-3.48358],"carpPosition":[22.4797,257.896,36.8618],"dipPosition":[21.4129,254.14,-19.8562],"direction":[-0.059851,-0.764752,0.641539],"extended":false,"handId":467,"id":4674,"length":49.5125,"mcpPosition":[24.7003,293.199,-7.6295],"pipPosition":[22.5604,268.802,-32.156],"stabilizedTipPosition":[16.8083,251.677,-6.63983],"timeVisible":15.619,"tipPosition":[21.2265,250.979,-7.24326],"tipVelocity":[136.885,-25.3772,-15.898],"tool":false,"touchDistance":0.333333,"touchZone":"none","type":4,"width":15.7401}],"r":[[0.647659,0.68012,0.343474],[-0.71781,0.695816,-0.0242869],[-0.255512,-0.230819,0.938848]],"s":1.55464,"t":[-4.06806,7.47067,-102.787],"timestamp":93386056711},false],[5,{"currentFrameRate":55.1507,"devices":[],"gestures":[],"hands":[{"armBasis":[[0.924536,0.380772,-0.0156638],[-0.343927,0.851369,0.396088],[0.164155,-0.36081,0.918079]],"armWidth":62.4607,"confidence":0.400674,"direction":[-0.214581,0.621137,-0.753753],"elbow":[54.2915,151.594,283.81],"grabStrength":0,"id":467,"palmNormal":[0.292532,-0.69543,-0.656355],"palmPosition":[-6.23696,274.321,-2.09288],"palmVelocity":[101.82,30.3135,-104.479],"palmWidth":89.1918,"pinchStrength":0,"r":[[0.63949,0.685831,0.347402],[-0.716313,0.69563,-0.054718],[-0.279191,-0.213857,0.936118]],"s":1.55381,"sphereCenter":[-24.7042,264.815,-36.7545],"sphereRadius":52.5055,"stabilizedPalmPosition":[-13.1809,273.55,4.18098],"t":[-2.25639,8.04889,-104.667],"timeVisible":15.6366,"type":"right","wrist":[10.8457,247.088,40.8274]}],"id":1678985,"interactionBox":{"center":[0,200,0],"size":[235.247,235.247,147.751]},"pointables":[{"bases":[[[0.071462,0.888617,0.453048],[-0.797044,-0.222204,0.561557],[0.599679,-0.401229,0.692388]],[[0.274311,0.695193,0.664425],[-0.572121,-0.437365,0.693822],[0.772936,-0.570455,0.277761]],[[0.274311,0.695193,0.664425],[-0.934178,0.0287002,0.355651],[0.228177,-0.71825,0.657307]],[[0.274311,0.695193,0.664425],[-0.954871,0.278751,0.102564],[-0.113907,-0.662574,0.740284]]],"btipPosition":[-54.212,294.663,-17.0427],"carpPosition":[-11.3784,227.545,35.4997],"dipPosition":[-56.8251,279.463,-0.0597857],"direction":[-0.228177,0.71825,-0.657307],"extended":true,"handId":467,"id":4670,"length":51.0864,"mcpPosition":[-11.3784,227.545,35.4997],"pipPosition":[-49.199,255.457,21.9086],"stabilizedTipPosition":[-67.716,290.125,7.95888],"timeVisible":15.6366,"tipPosition":[-54.5119,290.373,-13.69],"tipVelocity":[130.828,22.8197,-230.652],"tool":false,"touchDistance":-0.106131,"touchZone":"hovering","type":0,"width":19.8498},{"bases":[[[0.882612,0.460498,-0.0945413],[-0.343884,0.769568,0.53806],[0.320531,-0.442387,0.837588]],[[0.932556,0.346972,0.0997506],[-0.256322,0.441748,0.859743],[0.254242,-0.827326,0.500891]],[[0.932556,0.346972,0.0997506],[-0.304931,0.609077,0.732149],[0.19328,-0.713187,0.673801]],[[0.932556,0.346972,0.0997506],[-0.337221,0.738488,0.583882],[0.128926,-0.57814,0.805687]]],"btipPosition":[-52.4297,343.57,-70.5245],"carpPosition":[-11.8688,250.246,40.4307],"dipPosition":[-50.2704,333.887,-57.0309],"direction":[-0.19328,0.713187,-0.673801],"extended":true,"handId":467,"id":4671,"length":57.6453,"mcpPosition":[-34.9841,282.149,-19.9725],"pipPosition":[-45.6911,316.99,-41.0667],"stabilizedTipPosition":[-65.0992,344.469,-51.1981],"timeVisible":15.6366,"tipPosition":[-52.3972,340.273,-68.3406],"tipVelocity":[233.041,-27.8936,-271.489],"tool":false,"touchDistance":-0.231566,"touchZone":"hovering","type":1,"width":18.9605},{"bases":[[[0.963407,0.258511,-0.0708424],[-0.182597,0.826443,0.532589],[0.196227,-0.500164,0.843404]],[[0.961269,0.263807,-0.0797929],[-0.228613,0.601499,-0.765464],[-0.153939,0.754059,0.638513]],[[0.961269,0.263807,-0.0797929],[0.13279,-0.697003,-0.704666],[-0.241512,0.666778,-0.705038]],[[0.961269,0.263807,-0.0797929],[0.249651,-0.9561,-0.153449],[-0.116771,0.127586,-0.98493]]],"btipPosition":[0.647233,234.926,-10.3365],"carpPosition":[-2.08922,257.284,39.716],"dipPosition":[-1.50376,237.276,-28.4795],"direction":[0.241512,-0.666778,0.705038],"extended":false,"handId":467,"id":4672,"length":65.6822,"mcpPosition":[-15.509,291.489,-17.9637],"pipPosition":[-8.23575,255.862,-48.132],"stabilizedTipPosition":[-4.68438,235.397,-12.6916],"timeVisible":15.6366,"tipPosition":[0.0641633,235.568,-15.1618],"tipVelocity":[117.341,12.7721,-51.9443],"tool":false,"touchDistance":0.333333,"touchZone":"none","type":2,"width":18.6218},{"bases":[[[0.992788,0.119049,0.0140977],[-0.10695,0.826435,0.552781],[0.0541571,-0.550302,0.833207]],[[0.992158,0.124883,0.00525418],[-0.0756993,0.633797,-0.769786],[-0.099463,0.763352,0.63828]],[[0.992158,0.124883,0.00525418],[0.0918086,-0.69958,-0.708632],[-0.0848201,0.703557,-0.705558]],[[0.992158,0.124883,0.00525418],[0.123984,-0.977948,-0.168067],[-0.0158504,0.167401,-0.985762]]],"btipPosition":[12.7608,239.7,-3.24318],"carpPosition":[9.13652,261.513,38.6589],"dipPosition":[12.4706,242.766,-21.2972],"direction":[0.0848201,-0.703557,0.705558],"extended":false,"handId":467,"id":4673,"length":63.1552,"mcpPosition":[5.81116,295.303,-12.5018],"pipPosition":[10.1673,261.87,-40.4563],"stabilizedTipPosition":[8.38488,240.13,-6.13133],"timeVisible":15.6366,"tipPosition":[12.6643,240.579,-7.42017],"tipVelocity":[106.97,17.3571,-37.547],"tool":false,"touchDistance":0.333333,"touchZone":"none","type":3,"width":17.7198},{"bases":[[[0.996317,-0.0836411,0.0189072],[0.053974,0.783004,0.61967],[-0.0666343,-0.616367,0.784635]],[[0.995731,-0.0887398,0.0254008],[0.080549,0.700994,-0.708604],[0.0450755,0.707624,0.70515]],[[0.995731,-0.0887398,0.0254008],[-0.0377992,-0.643073,-0.764872],[0.0842091,0.760646,-0.643682]],[[0.995731,-0.0887398,0.0254008],[-0.0799075,-0.966473,-0.244018],[0.0462032,0.240947,-0.969438]]],"btipPosition":[22.4569,251.056,-4.36127],"carpPosition":[22.627,259.203,35.9569],"dipPosition":[23.2376,255.127,-20.741],"direction":[-0.0842091,-0.760646,0.643682],"extended":false,"handId":467,"id":4674,"length":49.5125,"mcpPosition":[26.4144,294.236,-8.64111],"pipPosition":[24.8521,269.71,-33.0819],"stabilizedTipPosition":[18.8796,251.789,-7.16895],"timeVisible":15.6366,"tipPosition":[22.6515,252.039,-8.12436],"tipVelocity":[110.74,14.5064,-31.7699],"tool":false,"touchDistance":0.333333,"touchZone":"none","type":4,"width":15.7401}],"r":[[0.63949,0.685831,0.347402],[-0.716313,0.69563,-0.054718],[-0.279191,-0.213857,0.936118]],"s":1.55381,"t":[-2.25639,8.04889,-104.667],"timestamp":93386074324},false],[6,{"currentFrameRate":55.0449,"devices":[],"gestures":[],"hands":[{"armBasis":[[0.924628,0.380618,-0.0138707],[-0.344965,0.852342,0.393081],[0.161436,-0.358669,0.919399]],"armWidth":62.4607,"confidence":0.421119,"direction":[-0.193884,0.620037,-0.760238],"elbow":[53.6756,152.965,283.511],"grabStrength":0,"id":467,"palmNormal":[0.301011,-0.699963,-0.647645],"palmPosition":[-5.01572,275.099,-3.18512],"palmVelocity":[84.4418,35.9544,-82.4476],"palmWidth":89.1918,"pinchStrength":0,"r":[[0.632432,0.689752,0.352522],[-0.71319,0.696097,-0.0825206],[-0.302308,-0.199226,0.932158]],"s":1.5514,"sphereCenter":[-21.3775,265.715,-38.2707],"sphereRadius":51.9097,"stabilizedPalmPosition":[-11.3806,273.892,2.5569],"t":[-0.739942,8.72699,-106.153],"timeVisible":15.6552,"type":"right","wrist":[10.9492,247.891,40.1795]}],"id":1678986,"interactionBox":{"center":[0,200,0],"size":[235.247,235.247,147.751]},"pointables":[{"bases":[[[0.0686543,0.889668,0.451417],[-0.810389,-0.214171,0.545345],[0.581857,-0.403263,0.706273]],[[0.254373,0.709877,0.656788],[-0.59664,-0.419292,0.684262],[0.761127,-0.565924,0.316884]],[[0.254373,0.709877,0.656788],[-0.94775,0.047786,0.315414],[0.192519,-0.702703,0.684941]],[[0.254373,0.709877,0.656788],[-0.95715,0.28199,0.0659194],[-0.138413,-0.645412,0.751189]]],"btipPosition":[-51.8076,294.481,-21.1804],"carpPosition":[-11.3058,228.497,34.4501],"dipPosition":[-54.9829,279.674,-3.94731],"direction":[-0.19252,0.702703,-0.684941],"extended":true,"handId":467,"id":4670,"length":51.0864,"mcpPosition":[-11.3058,228.497,34.4501],"pipPosition":[-48.5486,256.189,18.9446],"stabilizedTipPosition":[-67.3194,290.15,7.30093],"timeVisible":15.6552,"tipPosition":[-52.4962,290.842,-16.9706],"tipVelocity":[126.921,9.39359,-225.57],"tool":false,"touchDistance":-0.174134,"touchZone":"hovering","type":0,"width":19.8498},{"bases":[[[0.887894,0.453482,-0.0774424],[-0.349289,0.774063,0.528038],[0.299401,-0.441792,0.845682]],[[0.933132,0.338599,0.120892],[-0.272998,0.448477,0.851082],[0.233958,-0.827175,0.510925]],[[0.933132,0.338599,0.120892],[-0.317368,0.617734,0.719501],[0.168943,-0.709757,0.683888]],[[0.933132,0.338599,0.120892],[-0.344847,0.747779,0.567369],[0.10171,-0.57112,0.814541]]],"btipPosition":[-48.8775,344.296,-73.0567],"carpPosition":[-11.7271,251.219,39.292],"dipPosition":[-47.1741,334.73,-59.4149],"direction":[-0.168943,0.709757,-0.683888],"extended":true,"handId":467,"id":4671,"length":57.6453,"mcpPosition":[-33.3186,283.079,-21.6949],"pipPosition":[-43.1714,317.914,-43.2117],"stabilizedTipPosition":[-61.7561,343.991,-54.9652],"timeVisible":15.6552,"tipPosition":[-49.0124,341.178,-70.6666],"tipVelocity":[210.287,5.23747,-205.367],"tool":false,"touchDistance":-0.273202,"touchZone":"hovering","type":1,"width":18.9605},{"bases":[[[0.96663,0.250978,-0.051351],[-0.187493,0.829698,0.525782],[0.174566,-0.498609,0.849068]],[[0.964738,0.256214,-0.0602883],[-0.207794,0.600782,-0.771934],[-0.16156,0.757242,0.632837]],[[0.964738,0.256214,-0.0602883],[0.142165,-0.699985,-0.699865],[-0.221516,0.666615,-0.711726]],[[0.964738,0.256214,-0.0602883],[0.245432,-0.958411,-0.14564],[-0.0950961,0.125708,-0.987499]]],"btipPosition":[1.74004,235.605,-11.1778],"carpPosition":[-1.88128,258.18,38.7601],"dipPosition":[-0.0116927,237.92,-29.3682],"direction":[0.221516,-0.666615,0.711726],"extended":false,"handId":467,"id":4672,"length":65.6822,"mcpPosition":[-13.8197,292.28,-19.3069],"pipPosition":[-6.18632,256.502,-49.2071],"stabilizedTipPosition":[-2.87496,235.619,-13.494],"timeVisible":15.6552,"tipPosition":[1.26569,236.241,-15.9867],"tipVelocity":[91.5001,24.1142,-49.0603],"tool":false,"touchDistance":0.333333,"touchZone":"none","type":2,"width":18.6218},{"bases":[[[0.993148,0.111603,0.0346673],[-0.112292,0.829192,0.547569],[0.0323642,-0.54771,0.836042]],[[0.992748,0.117418,0.0257784],[-0.0546713,0.631958,-0.773072],[-0.107064,0.766056,0.633794]],[[0.992748,0.117418,0.0257784],[0.101364,-0.702325,-0.704603],[-0.0646284,0.702106,-0.709134]],[[0.992748,0.117418,0.0257784],[0.120057,-0.97936,-0.162602],[0.00615391,0.164518,-0.986355]]],"btipPosition":[13.7402,240.323,-3.84573],"carpPosition":[9.39618,262.321,37.926],"dipPosition":[13.8529,243.336,-21.9106],"direction":[0.0646284,-0.702106,0.709134],"extended":false,"handId":467,"id":4673,"length":63.1552,"mcpPosition":[7.40895,295.952,-13.4087],"pipPosition":[12.098,262.401,-41.1668],"stabilizedTipPosition":[10.0436,240.403,-6.70753],"timeVisible":15.6552,"tipPosition":[13.7381,241.188,-8.01404],"tipVelocity":[83.2074,24.8986,-35.1763],"tool":false,"touchDistance":0.333333,"touchZone":"none","type":3,"width":17.7198},{"bases":[[[0.995029,-0.0910899,0.0402432],[0.0468491,0.784788,0.617992],[-0.0878751,-0.613034,0.785154]],[[0.994254,-0.0962491,0.0468537],[0.100973,0.697893,-0.709048],[0.0355464,0.709705,0.703602]],[[0.994254,-0.0962491,0.0468537],[-0.0264687,-0.645142,-0.763604],[0.103724,0.757976,-0.643983]],[[0.994254,-0.0962491,0.0468537],[-0.0821211,-0.966564,-0.242921],[0.068668,0.237677,-0.968914]]],"btipPosition":[23.5365,251.597,-4.77953],"carpPosition":[22.9226,259.899,35.5176],"dipPosition":[24.6967,255.613,-21.1504],"direction":[-0.103724,-0.757976,0.643983],"extended":false,"handId":467,"id":4674,"length":49.5125,"mcpPosition":[27.9174,294.744,-9.10993],"pipPosition":[26.6853,270.145,-33.497],"stabilizedTipPosition":[20.5955,252.044,-7.64844],"timeVisible":15.6552,"tipPosition":[23.82,252.571,-8.5359],"tipVelocity":[87.6284,21.2964,-27.2655],"tool":false,"touchDistance":0.333333,"touchZone":"none","type":4,"width":15.7401}