{"sensorType":"Leap","data":[[0,{"currentFrameRate":53.4658,"devices":[],"gestures":[{"center":[-25.0323,288.028,-96.6905],"duration":35962,"handIds":[467],"id":2,"normal":[-0.145359,0.0472467,-0.98825],"pointableIds":[4671],"progress":0.818361,"radius":18.8592,"state":"update","type":"circle"}],"hands":[{"armBasis":[[0.91416,0.351258,-0.202311],[-0.291373,0.91639,0.274465],[0.281804,-0.191956,0.940074]],"armWidth":62.4607,"confidence":0.811621,"direction":[-0.0829398,0.595217,-0.799273],"elbow":[80.7879,183.525,300.78],"grabStrength":0,"id":467,"palmNormal":[0.280064,-0.755792,-0.591898],"palmPosition":[-4.14595,260.595,6.38447],"palmVelocity":[54.9459,132.402,71.7265],"palmWidth":89.1918,"pinchStrength":0.0579724,"r":[[0.588818,0.708914,0.388245],[-0.640739,0.702202,-0.310429],[-0.492694,-0.0659776,0.867698]],"s":1.43106,"sphereCenter":[-12.2628,236.671,-34.7392],"sphereRadius":49.4558,"stabilizedPalmPosition":[-4.25887,260.319,6.20759],"t":[0.603074,-7.60073,-99.4361],"timeVisible":4.25703,"type":"right","wrist":[6.20457,234.328,51.9759]}],"id":1678357,"interactionBox":{"center":[0,200,0],"size":[235.247,235.247,147.751]},"pointables":[{"bases":[[[0.118169,0.901977,0.4153],[-0.862578,-0.113952,0.492924],[0.49193,-0.416477,0.76456]],[[0.134215,0.887854,0.440115],[-0.783145,-0.177098,0.596087],[0.607182,-0.424678,0.67155]],[[0.134215,0.887854,0.440115],[-0.985761,0.165021,-0.0322893],[-0.101296,-0.429515,0.897361]],[[0.134215,0.887854,0.440115],[-0.820231,0.348756,-0.45342],[-0.556064,-0.30014,0.775054]]],"btipPosition":[-30.8462,258.724,-35.1475],"carpPosition":[-17.2784,216.703,45.4841],"dipPosition":[-43.6029,251.839,-17.3669],"direction":[0.101296,0.429515,-0.897361],"extended":false,"handId":467,"id":4670,"length":51.0864,"mcpPosition":[-17.2784,216.703,45.4841],"pipPosition":[-46.9884,237.483,12.6245],"stabilizedTipPosition":[-34.4817,254.526,-32.5788],"timeVisible":4.25703,"tipPosition":[-33.713,256.638,-31.4895],"tipVelocity":[36.6112,151.567,86.7528],"tool":false,"touchDistance":0.444836,"touchZone":"hovering","type":0,"width":19.8498},{"bases":[[[0.928889,0.369003,-0.0316626],[-0.312914,0.827673,0.465878],[0.198116,-0.422841,0.884282]],[[0.932756,0.360255,-0.0135247],[-0.318368,0.840745,0.437937],[0.16914,-0.404183,0.898904]],[[0.932756,0.360255,-0.0135247],[-0.347688,0.908867,0.230377],[0.0952868,-0.210183,0.973007]],[[0.932756,0.360255,-0.0135247],[-0.358971,0.931585,0.0573503],[0.0332602,-0.0486389,0.998262]]],"btipPosition":[-40.1801,292.9,-92.1307],"carpPosition":[-15.9551,239.591,49.2678],"dipPosition":[-39.623,292.085,-75.4118],"direction":[-0.0952868,0.210183,-0.973007],"extended":true,"handId":467,"id":4671,"length":57.6453,"mcpPosition":[-30.2424,270.084,-14.5028],"pipPosition":[-37.3654,287.106,-52.3587],"stabilizedTipPosition":[-40.1726,292.304,-88.568],"timeVisible":4.25703,"tipPosition":[-40.6604,293.277,-87.9838],"tipVelocity":[26.6554,153.612,89.4649],"tool":false,"touchDistance":-0.148557,"touchZone":"touching","type":1,"width":18.9605},{"bases":[[[0.986758,0.161942,0.00914454],[-0.146944,0.868658,0.473119],[0.0686743,-0.468198,0.880951]],[[0.986462,0.163902,0.00545303],[-0.0958547,0.603253,-0.791769],[-0.133062,0.780527,0.610796]],[[0.986462,0.163902,0.00545303],[0.0873201,-0.496817,-0.863451],[-0.138812,0.852237,-0.504403]],[[0.986462,0.163902,0.00545303],[0.144362,-0.85212,-0.503042],[-0.0778031,0.497019,-0.864245]]],"btipPosition":[1.39223,207.852,-9.96997],"carpPosition":[-5.50059,245.622,49.1565],"dipPosition":[-0.0409533,217.008,-25.8899],"direction":[0.138812,-0.852237,0.504403],"extended":false,"handId":467,"id":4672,"length":65.6822,"mcpPosition":[-10.1972,277.642,-11.091],"pipPosition":[-3.91027,240.763,-39.9498],"stabilizedTipPosition":[-0.136201,207.098,-14.8906],"timeVisible":4.25703,"tipPosition":[1.04865,209.905,-13.1957],"tipVelocity":[55.6116,135.279,59.3803],"tool":false,"touchDistance":0.333333,"touchZone":"none","type":2,"width":18.6218},{"bases":[[[0.99436,0.0253307,0.102992],[-0.0738053,0.86264,0.500405],[-0.0761696,-0.505184,0.859644]],[[0.996126,0.0397162,0.0784538],[0.0381023,0.609136,-0.79215],[-0.0792502,0.792071,0.605263]],[[0.996126,0.0397162,0.0784538],[0.087762,-0.504799,-0.858764],[0.00549655,0.862323,-0.506329]],[[0.996126,0.0397162,0.0784538],[0.0742406,-0.857979,-0.508291],[0.0471243,0.512147,-0.857604]]],"btipPosition":[13.2745,212.239,-0.861235],"carpPosition":[6.139,248.706,48.9752],"dipPosition":[14.1376,221.619,-16.568],"direction":[-0.00549655,-0.862323,0.506329],"extended":false,"handId":467,"id":4673,"length":63.1552,"mcpPosition":[10.816,279.725,-3.80871],"pipPosition":[14.2869,245.035,-30.3172],"stabilizedTipPosition":[12.1061,210.981,-5.82542],"timeVisible":4.25703,"tipPosition":[13.4625,214.493,-4.17258],"tipVelocity":[56.8777,134.687,56.6481],"tool":false,"touchDistance":0.333333,"touchZone":"none","type":3,"width":17.7198},{"bases":[[[0.977295,-0.176193,0.117688],[0.0753149,0.808035,0.584301],[-0.198045,-0.562171,0.802958]],[[0.982414,-0.160526,0.0953626],[0.177935,0.650112,-0.738711],[0.0565862,0.742688,0.667242]],[[0.982414,-0.160526,0.0953626],[0.0101291,-0.464166,-0.88569],[0.186441,0.871081,-0.454377]],[[0.982414,-0.160526,0.0953626],[-0.0816753,-0.828744,-0.553636],[0.167904,0.536111,-0.82728]]],"btipPosition":[22.4059,225.435,1.60605],"carpPosition":[19.5219,244.983,47.6832],"dipPosition":[25.2428,234.494,-12.3718],"direction":[-0.186441,-0.871081,0.454377],"extended":false,"handId":467,"id":4674,"length":49.5125,"mcpPosition":[30.7786,276.936,2.04364],"pipPosition":[28.8173,251.194,-21.0832],"stabilizedTipPosition":[21.762,224.534,-2.74504],"timeVisible":4.25703,"tipPosition":[22.6673,227.555,-1.77254],"tipVelocity":[58.0966,134.386,51.7367],"tool":false,"touchDistance":0.333333,"touchZone":"none","type":4,"width":15.7401}],"r":[[0.588818,0.708914,0.388245],[-0.640739,0.702202,-0.310429],[-0.492694,-0.0659776,0.867698]],"s":1.43106,"t":[0.603074,-7.60073,-99.4361],"timestamp":93374694733},false],[1,{"currentFrameRate":53.6396,"devices":[],"gestures":[{"center":[-24.9162,287.927,-96.4959],"duration":53986,"handIds":[467],"id":2,"normal":[-0.171144,0.071405,-0.982655],"pointableIds":[4671],"progress":0.851029,"radius":18.8145,"state":"update","type":"circle"}],"hands":[{"armBasis":[[0.90576,0.374113,-0.199092],[-0.315246,0.90876,0.27345],[0.283228,-0.184917,0.941057]],"armWidth":62.4607,"confidence":0.806184,"direction":[-0.0906735,0.601765,-0.79351],"elbow":[82.4443,188.556,301.661],"grabStrength":0,"id":467,"palmNormal":[0.302871,-0.742387,-0.597604],"palmPosition":[-3.12178,264.005,7.20494],"palmVelocity":[55.8359,159.343,59.2991],"palmWidth":89.1918,"pinchStrength":0.0522633,"r":[[0.588654,0.708185,0.389822],[-0.643833,0.702324,-0.303677],[-0.48884,-0.0722198,0.869379]],"s":1.43193,"sphereCenter":[-10.3295,240.328,-34.2566],"sphereRadius":49.4851,"stabilizedPalmPosition":[-3.22715,263.664,7.11252],"t":[1.63676,-4.6448,-98.3427],"timeVisible":4.27505,"type":"right","wrist":[7.48412,237.497,52.5971]}],"id":1678358,"interactionBox":{"center":[0,200,0],"size":[235.247,235.247,147.751]},"pointables":[{"bases":[[[0.0931685,0.899948,0.425926],[-0.863576,-0.139868,0.484431],[0.495536,-0.412953,0.764142]],[[0.110392,0.885,0.452314],[-0.782012,-0.203534,0.589093],[0.613409,-0.418746,0.669613]],[[0.110392,0.885,0.452314],[-0.989303,0.141506,-0.0354224],[-0.0953541,-0.443565,0.891155]],[[0.110392,0.885,0.452314],[-0.824096,0.335906,-0.456107],[-0.555589,-0.3224,0.766407]]],"btipPosition":[-29.5987,262.099,-34.4108],"carpPosition":[-15.5167,219.389,45.7202],"dipPosition":[-42.3446,254.703,-16.8286],"direction":[0.0953541,0.443565,-0.891155],"extended":false,"handId":467,"id":4670,"length":51.0864,"mcpPosition":[-15.5167,219.389,45.7202],"pipPosition":[-45.5315,239.878,12.9553],"stabilizedTipPosition":[-33.5166,257.43,-31.4849],"timeVisible":4.27505,"tipPosition":[-32.389,259.887,-30.8243],"tipVelocity":[52.1365,165.404,63.7935],"tool":false,"touchDistance":0.44405,"touchZone":"hovering","type":0,"width":19.8498},{"bases":[[[0.920016,0.391374,-0.0199214],[-0.336409,0.814837,0.472091],[0.200997,-0.42763,0.881325]],[[0.924148,0.382034,-0.000855805],[-0.342078,0.828486,0.443388],[0.170098,-0.409463,0.896329]],[[0.924148,0.382034,-0.000855805],[-0.371045,0.898093,0.236124],[0.0909761,-0.217896,0.971722]],[[0.924148,0.382034,-0.000855805],[-0.381221,0.922322,0.063182],[0.024927,-0.0580632,0.998002]]],"btipPosition":[-39.0038,296.476,-91.2819],"carpPosition":[-14.7724,242.258,49.76],"dipPosition":[-38.5863,295.503,-74.5674],"direction":[-0.0909761,0.217896,-0.971722],"extended":true,"handId":467,"id":4671,"length":57.6453,"mcpPosition":[-29.2675,273.097,-13.7972],"pipPosition":[-36.4309,290.341,-51.5446],"stabilizedTipPosition":[-39.0799,295.715,-87.5913],"timeVisible":4.27505,"tipPosition":[-39.5436,296.786,-87.1396],"tipVelocity":[44.1181,173.893,69.3453],"tool":false,"touchDistance":-0.144174,"touchZone":"touching","type":1,"width":18.9605},{"bases":[[[0.982492,0.185319,0.0191457],[-0.171531,0.859686,0.481162],[0.072709,-0.476021,0.876423]],[[0.982153,0.187472,0.0151777],[-0.103886,0.607975,-0.78713],[-0.156793,0.771505,0.6166]],[[0.982153,0.187472,0.0151777],[0.106154,-0.485898,-0.867545],[-0.155266,0.853673,-0.497127]],[[0.982153,0.187472,0.0151777],[0.168779,-0.84285,-0.510997],[-0.0830052,0.504439,-0.859448]]],"btipPosition":[3.82779,211.553,-9.58113],"carpPosition":[-4.46476,248.538,49.801],"dipPosition":[2.29878,220.845,-25.4127],"direction":[0.155266,-0.853673,0.497127],"extended":false,"handId":467,"id":4672,"length":65.6822,"mcpPosition":[-9.43727,281.093,-10.1368],"pipPosition":[-2.02916,244.641,-39.2698],"stabilizedTipPosition":[1.63416,210.329,-14.073],"timeVisible":4.27505,"tipPosition":[3.45447,213.65,-12.8406],"tipVelocity":[92.7402,169.32,41.9861],"tool":false,"touchDistance":0.333333,"touchZone":"none","type":2,"width":18.6218},{"bases":[[[0.9926,0.0479109,0.111583],[-0.0984933,0.855117,0.508993],[-0.0710302,-0.516216,0.853508]],[[0.994221,0.062606,0.0872088],[0.0299541,0.618307,-0.785365],[-0.10309,0.783439,0.612859]],[[0.994221,0.062606,0.0872088],[0.106784,-0.493118,-0.863384],[-0.0110488,0.867707,-0.496953]],[[0.994221,0.062606,0.0872088],[0.0988901,-0.850246,-0.517013],[0.0417808,0.522649,-0.851524]]],"btipPosition":[15.51,216.151,-0.407954],"carpPosition":[7.09878,251.9,49.7503],"dipPosition":[16.2752,225.723,-16.0034],"direction":[0.0110488,-0.867707,0.496953],"extended":false,"handId":467,"id":4673,"length":63.1552,"mcpPosition":[11.4602,283.597,-2.6568],"pipPosition":[15.9752,249.285,-29.4979],"stabilizedTipPosition":[13.7277,214.32,-4.99625],"timeVisible":4.27505,"tipPosition":[15.6708,218.447,-3.69975],"tipVelocity":[88.1293,174.892,42.3844],"tool":false,"touchDistance":0.333333,"touchZone":"none","type":3,"width":17.7198},{"bases":[[[0.980245,-0.154111,0.123973],[0.0512053,0.803171,0.593544],[-0.191043,-0.575471,0.795195]],[[0.985368,-0.137377,0.100887],[0.16716,0.663309,-0.729437],[0.0332885,0.735628,0.676567]],[[0.985368,-0.137377,0.100887],[0.0283704,-0.451458,-0.891841],[0.168064,0.881654,-0.440955]],[[0.985368,-0.137377,0.100887],[-0.0567599,-0.822611,-0.565764],[0.160714,0.55176,-0.818372]]],"btipPosition":[24.3443,229.498,2.16365],"carpPosition":[20.577,248.512,48.5306],"dipPosition":[27.0597,238.821,-11.6637],"direction":[-0.168064,-0.881654,0.440955],"extended":false,"handId":467,"id":4674,"length":49.5125,"mcpPosition":[31.4357,281.221,3.3323],"pipPosition":[30.2819,255.724,-20.1178],"stabilizedTipPosition":[23.309,227.963,-1.91124],"timeVisible":4.27505,"tipPosition":[24.5827,231.684,-1.13639],"tipVelocity":[80.811,179.148,42.7835],"tool":false,"touchDistance":0.333333,"touchZone":"none","type":4,"width":15.7401}],"r":[[0.588654,0.708185,0.389822],[-0.643833,0.702324,-0.303677],[-0.48884,-0.0722198,0.869379]],"s":1.43193,"t":[1.63676,-4.6448,-98.3427],"timestamp":93374712757},false],[2,{"currentFrameRate":53.6898,"devices":[],"gestures":[{"center":[-24.9091,287.916,-96.3104],"duration":72433,"handIds":[467],"id":2,"normal":[-0.193374,0.0966105,-0.976357],"pointableIds":[4671],"progress":0.880895,"radius":18.8127,"state":"update","type":"circle"}],"hands":[{"armBasis":[[0.898966,0.398874,-0.180995],[-0.331001,0.889252,0.315704],[0.286876,-0.223898,0.931435]],"armWidth":62.4607,"confidence":0.811036,"direction":[-0.0923889,0.609387,-0.787472],"elbow":[84.2612,180.855,299.493],"grabStrength":0,"id":467,"palmNormal":[0.318231,-0.731306,-0.603258],"palmPosition":[-2.25725,266.983,7.79345],"palmVelocity":[51.5114,160.35,46.0917],"palmWidth":89.1918,"pinchStrength":0.0496917,"r":[[0.585897,0.70834,0.393674],[-0.647724,0.701264,-0.297795],[-0.487009,-0.0805152,0.869678]],"s":1.43232,"sphereCenter":[-8.68625,243.665,-33.9991],"sphereRadius":49.4586,"stabilizedPalmPosition":[-2.32757,266.743,7.74408],"t":[2.58587,-1.67787,-97.5018],"timeVisible":4.2935,"type":"right","wrist":[8.33549,240.113,52.9753]}],"id":1678359,"interactionBox":{"center":[0,200,0],"size":[235.247,235.247,147.751]},"pointables":[{"bases":[[[0.0769993,0.896278,0.436756],[-0.865585,-0.157306,0.475413],[0.494807,-0.414656,0.763692]],[[0.0943854,0.881112,0.463393],[-0.783596,-0.221356,0.580499],[0.614059,-0.417904,0.669543]],[[0.0943854,0.881112,0.463393],[-0.990909,0.127972,-0.0414981],[-0.0958656,-0.455264,0.885181]],[[0.0943854,0.881112,0.463393],[-0.82439,0.330119,-0.459786],[-0.558098,-0.338619,0.757538]]],"btipPosition":[-28.3906,265.199,-34.0253],"carpPosition":[-14.3514,221.766,45.6992],"dipPosition":[-41.194,257.43,-16.6466],"direction":[0.0958656,0.455264,-0.885181],"extended":false,"handId":467,"id":4670,"length":51.0864,"mcpPosition":[-14.3514,221.766,45.6992],"pipPosition":[-44.398,242.215,12.9377],"stabilizedTipPosition":[-32.3472,260.637,-30.7039],"timeVisible":4.2935,"tipPosition":[-31.1735,262.92,-30.487],"tipVelocity":[58.2282,164.424,41.8918],"tool":false,"touchDistance":0.43806,"touchZone":"hovering","type":0,"width":19.8498},{"bases":[[[0.914594,0.404301,-0.00765065],[-0.35172,0.804699,0.478281],[0.199526,-0.434742,0.878174]],[[0.9189,0.394297,0.0123482],[-0.35754,0.819197,0.448422],[0.166696,-0.41647,0.893737]],[[0.9189,0.394297,0.0123482],[-0.385398,0.8906,0.241455],[0.0842075,-0.226632,0.970334]],[[0.9189,0.394297,0.0123482],[-0.394176,0.916469,0.06863],[0.0157439,-0.0679314,0.997566]]],"btipPosition":[-37.6286,299.995,-90.6643],"carpPosition":[-13.9607,244.597,50.001],"dipPosition":[-37.3649,298.857,-73.9571],"direction":[-0.0842075,0.226632,-0.970334],"extended":true,"handId":467,"id":4671,"length":57.6453,"mcpPosition":[-28.3497,275.948,-13.329],"pipPosition":[-35.3698,293.487,-50.9673],"stabilizedTipPosition":[-37.7241,299.318,-86.9011],"timeVisible":4.2935,"tipPosition":[-38.2256,300.25,-86.5252],"tipVelocity":[57.865,181.023,52.011],"tool":false,"touchDistance":-0.146279,"touchZone":"touching","type":1,"width":18.9605},{"bases":[[[0.979611,0.198704,0.0296417],[-0.187568,0.851726,0.489266],[0.0719723,-0.48485,0.871631]],[[0.979248,0.201068,0.0253861],[-0.105614,0.613203,-0.782833],[-0.17297,0.763907,0.621714]],[[0.979248,0.201068,0.0253861],[0.120425,-0.476544,-0.870864],[-0.163005,0.855849,-0.490868]],[[0.979248,0.201068,0.0253861],[0.184928,-0.835262,-0.517821],[-0.0829134,0.51177,-0.855112]]],"btipPosition":[5.5788,214.8,-9.3497],"carpPosition":[-3.74251,251.018,50.2007],"dipPosition":[4.05149,224.227,-25.1014],"direction":[0.163006,-0.855849,0.490868],"extended":false,"handId":467,"id":4672,"length":65.6822,"mcpPosition":[-8.66463,284.176,-9.40944],"pipPosition":[-0.492193,248.083,-38.784],"stabilizedTipPosition":[3.61117,213.982,-13.4676],"timeVisible":4.2935,"tipPosition":[5.1998,216.939,-12.6771],"tipVelocity":[93.802,173.362,28.2732],"tool":false,"touchDistance":0.333333,"touchZone":"none","type":2,"width":18.6218},{"bases":[[[0.990859,0.0604122,0.120618],[-0.11471,0.847856,0.51767],[-0.0709935,-0.526774,0.847035]],[[0.992481,0.0754184,0.0964003],[0.0279377,0.627225,-0.778337],[-0.119166,0.775178,0.620402]],[[0.992481,0.0754184,0.0964003],[0.120913,-0.481886,-0.867852],[-0.018998,0.872982,-0.487382]],[[0.992481,0.0754184,0.0964003],[0.11511,-0.842832,-0.525723],[0.0416,0.532867,-0.845176]]],"btipPosition":[17.1051,219.471,-0.180663],"carpPosition":[7.77295,254.541,50.2867],"dipPosition":[17.867,229.23,-15.6598],"direction":[0.018998,-0.872982,0.487382],"extended":false,"handId":467,"id":4673,"length":63.1552,"mcpPosition":[12.1321,286.886,-1.72298],"pipPosition":[17.3511,252.935,-28.8945],"stabilizedTipPosition":[15.5719,218.159,-4.34458],"timeVisible":4.2935,"tipPosition":[17.2616,221.809,-3.45593],"tipVelocity":[87.3096,178.469,28.59],"tool":false,"touchDistance":0.333333,"touchZone":"none","type":3,"width":17.7198},{"bases":[[[0.981224,-0.141889,0.13064],[0.0349828,0.797038,0.602915],[-0.189672,-0.587025,0.787037]],[[0.986297,-0.124861,0.107835],[0.164229,0.680754,-0.713865],[0.0157246,0.721792,0.691931]],[[0.986297,-0.124861,0.107835],[0.0443115,-0.429119,-0.90216],[0.158918,0.894576,-0.417706]],[[0.986297,-0.124861,0.107835],[-0.0386201,-0.810197,-0.584884],[0.160396,0.572705,-0.803917]]],"btipPosition":[25.7858,232.874,2.01904],"carpPosition":[21.3069,251.354,49.1448],"dipPosition":[28.4959,242.551,-11.5641],"direction":[-0.158918,-0.894576,0.417706],"extended":false,"handId":467,"id":4674,"length":49.5125,"mcpPosition":[32.0877,284.72,4.41019],"pipPosition":[31.5427,259.702,-19.5724],"stabilizedTipPosition":[25.0077,231.874,-1.4695],"timeVisible":4.2935,"tipPosition":[26.0444,235.146,-1.01157],"tipVelocity":[79.4928,183.147,19.847],"tool":false,"touchDistance":0.333333,"touchZone":"none","type":4,"width":15.7401}],"r":[[0.585897,0.70834,0.393674],[-0.647724,0.701264,-0.297795],[-0.487009,-0.0805152,0.869678]],"s":1.43232,"t":[2.58587,-1.67787,-97.5018],"timestamp":93374731204},false],[3,{"currentFrameRate":53.9185,"devices":[],"gestures":[{"center":[-25.0134,288.045,-96.1307],"duration":90168,"handIds":[467],"id":2,"normal":[-0.210128,0.11887,-0.970421],"pointableIds":[4671],"progress":0.904543,"radius":18.8586,"state":"update","type":"circle"}],"hands":[{"armBasis":[[0.902103,0.394777,-0.174244],[-0.32957,0.890964,0.312356],[0.278556,-0.224352,0.933848]],"armWidth":62.4607,"confidence":0.814902,"direction":[-0.0904835,0.614775,-0.783495],"elbow":[82.617,183.098,299.825],"grabStrength":0,"id":467,"palmNormal":[0.31756,-0.727844,-0.607782],"palmPosition":[-1.60445,269.665,7.65552],"palmVelocity":[44.6191,156.06,20.8393],"palmWidth":89.1918,"pinchStrength":0.0501547,"r":[[0.583867,0.707698,0.397822],[-0.650516,0.700997,-0.292289],[-0.485724,-0.0881313,0.869658]],"s":1.43239,"sphereCenter":[-7.87795,246.629,-34.294],"sphereRadius":49.4236,"stabilizedPalmPosition":[-1.64496,269.501,7.66048],"t":[3.38683,1.14635,-97.1503],"timeVisible":4.31123,"type":"right","wrist":[8.89334,242.475,52.6685]}],"id":1678360,"interactionBox":{"center":[0,200,0],"size":[235.247,235.247,147.751]},"pointables":[{"bases":[[[0.0781372,0.893215,0.442789],[-0.866359,-0.15892,0.473463],[0.493272,-0.420609,0.761427]],[[0.0952277,0.878062,0.468976],[-0.784667,-0.223694,0.578151],[0.61256,-0.423046,0.667685]],[[0.0952277,0.878062,0.468976],[-0.990643,0.12986,-0.0419827],[-0.0977648,-0.46059,0.882213]],[[0.0952277,0.878062,0.468976],[-0.822116,0.335016,-0.460315],[-0.561299,-0.341718,0.753772]]],"btipPosition":[-27.6475,268.151,-34.2009],"carpPosition":[-13.8186,224.218,45.2471],"dipPosition":[-40.5243,260.312,-16.9085],"direction":[0.0977648,0.46059,-0.882213],"extended":false,"handId":467,"id":4670,"length":51.0864,"mcpPosition":[-13.8186,224.218,45.2471],"pipPosition":[-43.7918,244.918,12.5766],"stabilizedTipPosition":[-31.3726,263.84,-30.4346],"timeVisible":4.31123,"tipPosition":[-30.469,265.895,-30.6673],"tipVelocity":[50.1295,164.962,17.088],"tool":false,"touchDistance":0.424655,"touchZone":"hovering","type":0,"width":19.8498},{"bases":[[[0.915319,0.40271,-0.00401717],[-0.350788,0.802126,0.483261],[0.197836,-0.440929,0.875467]],[[0.919789,0.392049,0.0169218],[-0.356859,0.817737,0.451617],[0.163219,-0.421431,0.892051]],[[0.919789,0.392049,0.0169218],[-0.384,0.890348,0.244589],[0.0808247,-0.231468,0.969479]],[[0.919789,0.392049,0.0169218],[-0.392212,0.917076,0.071704],[0.0125929,-0.0725895,0.997282]]],"btipPosition":[-36.6584,303.264,-90.673],"carpPosition":[-13.3918,247.019,49.7011],"dipPosition":[-36.4475,302.049,-73.9706],"direction":[-0.0808247,0.231468,-0.969479],"extended":true,"handId":467,"id":4671,"length":57.6453,"mcpPosition":[-27.6588,278.817,-13.4338],"pipPosition":[-34.5325,296.565,-51.001],"stabilizedTipPosition":[-36.6986,302.693,-86.837],"timeVisible":4.31123,"tipPosition":[-37.2815,303.514,-86.5291],"tipVelocity":[56.0627,182.12,27.3693],"tool":false,"touchDistance":-0.158569,"touchZone":"touching","type":1,"width":18.9605},{"bases":[[[0.979932,0.196753,0.0319736],[-0.186564,0.848786,0.494728],[0.0702006,-0.490765,0.868459]],[[0.97955,0.199321,0.0274241],[-0.103739,0.617135,-0.779989],[-0.172393,0.761194,0.625192]],[[0.97955,0.199321,0.0274241],[0.120665,-0.472912,-0.872808],[-0.161,0.858269,-0.487292]],[[0.97955,0.199321,0.0274241],[0.184122,-0.833093,-0.52159],[-0.081117,0.515973,-0.852756]]],"btipPosition":[6.16388,217.59,-9.68688],"carpPosition":[-3.16234,253.42,49.954],"dipPosition":[4.66965,227.095,-25.3952],"direction":[0.161,-0.858269,0.487292],"extended":false,"handId":467,"id":4672,"length":65.6822,"mcpPosition":[-7.9633,286.983,-9.43921],"pipPosition":[0.181875,251.019,-38.9781],"stabilizedTipPosition":[4.87291,217.291,-13.3717],"timeVisible":4.31123,"tipPosition":[5.79098,219.748,-13.0723],"tipVelocity":[65.4961,166.318,6.37102],"tool":false,"touchDistance":0.333333,"touchZone":"none","type":2,"width":18.6218},{"bases":[[[0.990838,0.0578398,0.12204],[-0.113742,0.844597,0.523181],[-0.0728137,-0.532269,0.843438]],[[0.992513,0.0730019,0.0979267],[0.0299679,0.63169,-0.774642],[-0.11841,0.771777,0.624772]],[[0.992513,0.0730019,0.0979267],[0.120974,-0.476871,-0.870609],[-0.0168577,0.875936,-0.482132]],[[0.992513,0.0730019,0.0979267],[0.114147,-0.839677,-0.530955],[0.043466,0.538158,-0.841723]]],"btipPosition":[17.6778,222.161,-0.568332],"carpPosition":[8.35926,256.922,50.0754],"dipPosition":[18.4739,232.017,-15.9843],"direction":[0.0168577,-0.875936,0.482132],"extended":false,"handId":467,"id":4673,"length":63.1552,"mcpPosition":[12.8302,289.604,-1.71344],"pipPosition":[18.0161,255.803,-29.0763],"stabilizedTipPosition":[16.8163,221.567,-4.21922],"timeVisible":4.31123,"tipPosition":[17.844,224.522,-3.8549],"tipVelocity":[61.7263,166.513,5.32546],"tool":false,"touchDistance":0.333333,"touchZone":"none","type":3,"width":17.7198},{"bases":[[[0.980834,-0.144506,0.130705],[0.0357709,0.792947,0.60824],[-0.191536,-0.591907,0.782918]],[[0.985955,-0.127355,0.108044],[0.166244,0.686443,-0.707926],[0.0159912,0.715944,0.697974]],[[0.985955,-0.127355,0.108044],[0.0448471,-0.421279,-0.905822],[0.160877,0.897945,-0.40965]],[[0.985955,-0.127355,0.108044],[-0.0391685,-0.805212,-0.591693],[0.162353,0.57915,-0.798891]]],"btipPosition":[26.3937,235.546,1.5858],"carpPosition":[21.8888,253.718,48.9262],"dipPosition":[29.1369,245.331,-11.9124],"direction":[-0.160877,-0.897945,0.40965],"extended":false,"handId":467,"id":4674,"length":49.5125,"mcpPosition":[32.7755,287.362,4.42576],"pipPosition":[32.2213,262.547,-19.7663],"stabilizedTipPosition":[26.1535,235.238,-1.49749],"timeVisible":4.31123,"tipPosition":[26.6752,237.839,-1.39438],"tipVelocity":[58.4986,168.567,-0.391862],"tool":false,"touchDistance":0.333333,"touchZone":"none","type":4,"width":15.7401}],"r":[[0.583867,0.707698,0.397822],[-0.650516,0.700997,-0.292289],[-0.485724,-0.0881313,0.869658]],"s":1.43239,"t":[3.38683,1.14635,-97.1503],"timestamp":93374748939},false],[4,{"currentFrameRate":54.0483,"devices":[],"gestures":[{"center":[-25.1792,288.361,-95.8203],"duration":108211,"handIds":[467],"id":2,"normal":[-0.225462,0.15006,-0.962626],"pointableIds":[4671],"progress":0.917412,"radius":18.9812,"state":"update","type":"circle"}],"hands":[{"armBasis":[[0.903561,0.391677,-0.173687],[-0.327032,0.892359,0.311038],[0.276818,-0.22424,0.934392]],"armWidth":62.4607,"confidence":0.816816,"direction":[-0.0890066,0.617611,-0.781431],"elbow":[82.5957,184.569,300.074],"grabStrength":0,"id":467,"palmNormal":[0.315496,-0.726665,-0.610262],"palmPosition":[-1.1025,271.284,7.85391],"palmVelocity":[36.6464,124.585,16.1678],"palmWidth":89.1918,"pinchStrength":0.0499169,"r":[[0.582642,0.706583,0.401583],[-0.652383,0.701287,-0.28739],[-0.48469,-0.0945401,0.869562]],"s":1.43234,"sphereCenter":[-7.38579,248.388,-34.1742],"sphereRadius":49.4183,"stabilizedPalmPosition":[-1.12246,271.218,7.8468],"t":[4.03828,3.36803,-96.8754],"timeVisible":4.32928,"type":"right","wrist":[9.33207,243.917,52.7742]}],"id":1678361,"interactionBox":{"center":[0,200,0],"size":[235.247,235.247,147.751]},"pointables":[{"bases":[[[0.0806056,0.891529,0.445735],[-0.866682,-0.158184,0.473118],[0.492306,-0.424446,0.759921]],[[0.098266,0.87568,0.472787],[-0.784586,-0.224083,0.578111],[0.612184,-0.427751,0.665027]],[[0.098266,0.87568,0.472787],[-0.990248,0.133189,-0.0408702],[-0.0987591,-0.46416,0.880228]],[[0.098266,0.87568,0.472787],[-0.818702,0.341222,-0.461837],[-0.565748,-0.341689,0.750452]]],"btipPosition":[-27.1051,270.027,-33.8784],"carpPosition":[-13.4299,225.745,45.297],"dipPosition":[-40.084,262.189,-16.6622],"direction":[0.0987591,0.46416,-0.880228],"extended":false,"handId":467,"id":4670,"length":51.0864,"mcpPosition":[-13.4299,225.745,45.297],"pipPosition":[-43.3847,246.676,12.7566],"stabilizedTipPosition":[-30.6273,266.388,-30.1347],"timeVisible":4.32928,"tipPosition":[-29.9716,267.774,-30.3827],"tipVelocity":[39.9871,136.027,17],"tool":false,"touchDistance":0.420098,"touchZone":"hovering","type":0,"width":19.8498},{"bases":[[[0.916387,0.400283,-0.00287573],[-0.348552,0.801448,0.485996],[0.196841,-0.444358,0.873956]],[[0.921037,0.389009,0.0190514],[-0.354869,0.818037,0.45264],[0.160496,-0.423659,0.89149]],[[0.921037,0.389009,0.0190514],[-0.381489,0.891217,0.245355],[0.0784663,-0.233249,0.969246]],[[0.921037,0.389009,0.0190514],[-0.38933,0.918254,0.0723272],[0.0106419,-0.0740333,0.997199]]],"btipPosition":[-35.9331,305.183,-90.408],"carpPosition":[-12.9415,248.53,49.8266],"dipPosition":[-35.7549,303.943,-73.707],"direction":[-0.0784663,0.233249,-0.969246],"extended":true,"handId":467,"id":4671,"length":57.6453,"mcpPosition":[-27.1368,280.575,-13.1993],"pipPosition":[-33.8958,298.417,-50.7429],"stabilizedTipPosition":[-35.935,304.781,-86.5811],"timeVisible":4.32928,"tipPosition":[-36.5747,305.435,-86.2612],"tipVelocity":[48.336,146.009,21.3427],"tool":false,"touchDistance":-0.160915,"touchZone":"touching","type":1,"width":18.9605},{"bases":[[[0.980458,0.194037,0.0324174],[-0.184202,0.847633,0.497583],[0.0690713,-0.49383,0.866811]],[[0.980063,0.196758,0.0276353],[-0.102364,0.619226,-0.778512],[-0.170291,0.760161,0.627021]],[[0.980063,0.196758,0.0276353],[0.119307,-0.471555,-0.873728],[-0.158882,0.859606,-0.485628]],[[0.980063,0.196758,0.0276353],[0.181892,-0.832517,-0.523288],[-0.0799542,0.517881,-0.851708]]],"btipPosition":[6.52869,219.259,-9.58168],"carpPosition":[-2.69499,254.903,50.0986],"dipPosition":[5.05589,228.799,-25.2707],"direction":[0.158882,-0.859606,0.485628],"extended":false,"handId":467,"id":4672,"length":65.6822,"mcpPosition":[-7.41871,288.676,-9.18187],"pipPosition":[0.627158,252.76,-38.8073],"stabilizedTipPosition":[5.64031,219.717,-13.2659],"timeVisible":4.32928,"tipPosition":[6.16009,221.423,-13.0026],"tipVelocity":[44.1384,131.5,6.23133],"tool":false,"touchDistance":0.333333,"touchZone":"none","type":2,"width":18.6218},{"bases":[[[0.991014,0.0547967,0.12202],[-0.111386,0.843156,0.526006],[-0.0740582,-0.53487,0.841682]],[[0.992724,0.0700372,0.0979522],[0.031567,0.633638,-0.772985],[-0.116204,0.770453,0.626817]],[[0.992724,0.0700372,0.0979522],[0.119541,-0.475366,-0.871629],[-0.0144833,0.876996,-0.48028]],[[0.992724,0.0700372,0.0979522],[0.111748,-0.838873,-0.532732],[0.0448584,0.539802,-0.840596]]],"btipPosition":[18.0443,223.772,-0.467273],"carpPosition":[8.83592,258.374,50.2291],"dipPosition":[18.8659,233.658,-15.8626],"direction":[0.0144833,-0.876996,0.48028],"extended":false,"handId":467,"id":4673,"length":63.1552,"mcpPosition":[13.3832,291.216,-1.45189],"pipPosition":[18.4726,257.473,-28.9043],"stabilizedTipPosition":[17.6061,224.064,-4.10159],"timeVisible":4.32928,"tipPosition":[18.2199,226.131,-3.78224],"tipVelocity":[42.2264,130.039,5.58106],"tool":false,"touchDistance":0.333333,"touchZone":"none","type":3,"width":17.7198},{"bases":[[[0.980472,-0.147549,0.130015],[0.0380064,0.790825,0.610861],[-0.192951,-0.593991,0.78099]],[[0.985637,-0.130329,0.107401],[0.167903,0.687941,-0.706077],[0.0181369,0.713968,0.699943]],[[0.985637,-0.130329,0.107401],[0.0434443,-0.418881,-0.907001],[0.163197,0.89864,-0.407202]],[[0.985637,-0.130329,0.107401],[-0.0414932,-0.80335,-0.59406],[0.163703,0.581071,-0.797219]]],"btipPosition":[26.8004,237.107,1.6922],"carpPosition":[22.3566,255.138,49.0664],"dipPosition":[29.5663,246.925,-11.7777],"direction":[-0.163197,-0.89864,0.407202],"extended":false,"handId":467,"id":4674,"length":49.5125,"mcpPosition":[33.3238,288.9,4.67558],"pipPosition":[32.6952,264.154,-19.5847],"stabilizedTipPosition":[26.8939,237.62,-1.44462],"timeVisible":4.32928,"tipPosition":[27.0961,239.409,-1.29432],"tipVelocity":[41.5702,129.821,2.76345],"tool":false,"touchDistance":0.333333,"touchZone":"none","type":4,"width":15.7401}],"r":[[0.582642,0.706583,0.401583],[-0.652383,0.701287,-0.28739],[-0.48469,-0.0945401,0.869562]],"s":1.43234,"t":[4.03828,3.36803,-96.8754],"timestamp":93374766982},false],[5,{"currentFrameRate":54.1514,"devices":[],"gestures":[{"center":[-25.343,288.635,-95.6251],"duration":126314,"handIds":[467],"id":2,"normal":[-0.235397,0.166936,-0.957455],"pointableIds":[4671],"progress":0.926453,"radius":19.0778,"state":"update","type":"circle"}],"hands":[{"armBasis":[[0.903632,0.391441,-0.173849],[-0.328457,0.893821,0.305288],[0.274892,-0.218766,0.936256]],"armWidth":62.4607,"confidence":0.823086,"direction":[-0.0893203,0.621699,-0.778147],"elbow":[82.4656,186.97,300.698],"grabStrength":0,"id":467,"palmNormal":[0.317184,-0.722839,-0.613919],"palmPosition":[-0.727826,272.463,8.12401],"palmVelocity":[29.0593,96.2947,15.5742],"palmWidth":89.1918,"pinchStrength":0.0501994,"r":[[0.581372,0.705417,0.405455],[-0.654048,0.701593,-0.282821],[-0.483971,-0.100763,0.869263]],"s":1.43225,"sphereCenter":[-6.90117,249.783,-34.0307],"sphereRadius":49.4164,"stabilizedPalmPosition":[-0.738343,272.43,8.11662],"t":[4.55134,5.06825,-96.6029],"timeVisible":4.34738,"type":"right","wrist":[9.71176,244.869,52.9042]}],"id":1678362,"interactionBox":{"center":[0,200,0],"size":[235.247,235.247,147.751]},"pointables":[{"bases":[[[0.0787952,0.889225,0.450634],[-0.866836,-0.16213,0.471498],[0.492329,-0.427777,0.758036]],[[0.0968473,0.872892,0.478206],[-0.784564,-0.228691,0.576332],[0.612437,-0.431,0.662691]],[[0.0968473,0.872892,0.478206],[-0.990375,0.13225,-0.0408284],[-0.0988813,-0.469649,0.877298]],[[0.0968473,0.872892,0.478206],[-0.816353,0.344522,-0.463543],[-0.569376,-0.345492,0.745953]]],"btipPosition":[-26.615,271.414,-33.5512],"carpPosition":[-13.0146,226.702,45.3088],"dipPosition":[-39.6771,263.488,-16.4382],"direction":[0.0988813,0.469649,-0.877298],"extended":false,"handId":467,"id":4670,"length":51.0864,"mcpPosition":[-13.0146,226.702,45.3088],"pipPosition":[-42.9819,247.791,12.8826],"stabilizedTipPosition":[-30.0467,268.233,-29.8355],"timeVisible":4.34738,"tipPosition":[-29.5283,269.152,-30.0878],"tipVelocity":[33.3419,107.22,16.8867],"tool":false,"touchDistance":0.415973,"touchZone":"hovering","type":0,"width":19.8498},{"bases":[[[0.915748,0.401754,0.0000937284],[-0.350252,0.798243,0.490032],[0.196797,-0.448779,0.871704]],[[0.920539,0.389993,0.022676],[-0.356674,0.815379,0.456005],[0.159349,-0.427858,0.889688]],[[0.920539,0.389993,0.022676],[-0.382999,0.889551,0.24902],[0.0769444,-0.237917,0.968233]],[[0.920539,0.389993,0.022676],[-0.39055,0.917427,0.0761467],[0.00889312,-0.0789521,0.996839]]],"btipPosition":[-35.4414,306.804,-90.004],"carpPosition":[-12.5666,249.463,49.9623],"dipPosition":[-35.2925,305.482,-73.309],"direction":[-0.0769444,0.237917,-0.968233],"extended":true,"handId":467,"id":4671,"length":57.6453,"mcpPosition":[-26.7587,281.826,-12.9012],"pipPosition":[-33.4695,299.845,-50.3689],"stabilizedTipPosition":[-35.4278,306.433,-86.1804],"timeVisible":4.34738,"tipPosition":[-36.0917,307.023,-85.8619],"tipVelocity":[38.0854,118.654,21.7706],"tool":false,"touchDistance":-0.157135,"touchZone":"touching","type":1,"width":18.9605},{"bases":[[[0.980119,0.195421,0.0343234],[-0.185986,0.844626,0.502012],[0.0691134,-0.498415,0.864179]],[[0.979702,0.198302,0.029323],[-0.102794,0.622566,-0.775787],[-0.172095,0.757026,0.630313]],[[0.979702,0.198302,0.029323],[0.120843,-0.467536,-0.875675],[-0.159938,0.861444,-0.48201]],[[0.979702,0.198302,0.029323],[0.183734,-0.829814,-0.526926],[-0.0801577,0.521618,-0.849405]]],"btipPosition":[7.00872,220.548,-9.5213],"carpPosition":[-2.33054,255.851,50.2778],"dipPosition":[5.53216,230.157,-25.1679],"direction":[0.159938,-0.861444,0.48201],"extended":false,"handId":467,"id":4672,"length":65.6822,"mcpPosition":[-7.05715,289.937,-8.82268],"pipPosition":[1.07398,254.169,-38.6036],"stabilizedTipPosition":[6.22849,221.456,-13.1825],"timeVisible":4.34738,"tipPosition":[6.63774,222.728,-12.9643],"tipVelocity":[35.7329,103.23,5.11015],"tool":false,"touchDistance":0.333333,"touchZone":"none","type":2,"width":18.6218},{"bases":[[[0.990819,0.0557141,0.123178],[-0.113188,0.840111,0.530474],[-0.0739285,-0.539546,0.838704]],[[0.992526,0.0710902,0.0991912],[0.0312894,0.637391,-0.769905],[-0.117956,0.767254,0.630403]],[[0.992526,0.0710902,0.0991912],[0.121067,-0.471402,-0.873569],[-0.0153432,0.879048,-0.476486]],[[0.992526,0.0710902,0.0991912],[0.113499,-0.836392,-0.536252],[0.0448405,0.543502,-0.83821]]],"btipPosition":[18.4955,225.041,-0.380077],"carpPosition":[9.19469,259.339,50.4372],"dipPosition":[19.3168,234.995,-15.7317],"direction":[0.0153432,-0.879048,0.476486],"extended":false,"handId":467,"id":4673,"length":63.1552,"mcpPosition":[13.734,292.468,-1.06092],"pipPosition":[18.9001,258.865,-28.6704],"stabilizedTipPosition":[18.1973,225.854,-3.99707],"timeVisible":4.34738,"tipPosition":[18.6735,227.408,-3.71407],"tipVelocity":[33.9944,101.925,5.48159],"tool":false,"touchDistance":0.333333,"touchZone":"none","type":3,"width":17.7198},{"bases":[[[0.980594,-0.146689,0.130067],[0.0362147,0.787559,0.615175],[-0.192674,-0.598526,0.777588]],[[0.985742,-0.12937,0.107593],[0.167443,0.691088,-0.703108],[0.0166053,0.711099,0.702896]],[[0.985742,-0.12937,0.107593],[0.0446714,-0.415274,-0.908599],[0.162226,0.90045,-0.403574]],[[0.985742,-0.12937,0.107593],[-0.0398974,-0.800896,-0.597472],[0.163466,0.584661,-0.794639]]],"btipPosition":[27.2253,238.362,1.87237],"carpPosition":[22.7215,256.131,49.2688],"dipPosition":[29.9872,248.24,-11.554],"direction":[-0.162226,-0.90045,0.403574],"extended":false,"handId":467,"id":4674,"length":49.5125,"mcpPosition":[33.673,290.151,5.07127],"pipPosition":[33.0975,265.504,-19.2914],"stabilizedTipPosition":[27.4382,239.317,-1.31571],"timeVisible":4.34738,"tipPosition":[27.5365,240.678,-1.13482],"tipVelocity":[32.9362,101.403,6.44671],"tool":false,"touchDistance":0.333333,"touchZone":"none","type":4,"width":15.7401}],"r":[[0.581372,0.705417,0.405455],[-0.654048,0.701593,-0.282821],[-0.483971,-0.100763,0.869263]],"s":1.43225,"t":[4.55134,5.06825,-96.6029],"timestamp":93374785085},false],[6,{"currentFrameRate":54.2572,"devices":[],"gestures":[{"center":[-25.5537,289.046,-95.4062],"duration":144372,"handIds":[467],"id":2,"normal":[-0.242908,0.181266,-0.952963],"pointableIds":[4671],"progress":0.938243,"radius":19.2173,"state":"update","type":"circle"}],"hands":[{"armBasis":[[0.903789,0.393201,-0.168991],[-0.331132,0.892609,0.305941],[0.27114,-0.220548,0.936932]],"armWidth":62.4607,"confidence":0.778095,"direction":[-0.0893377,0.6292,-0.772092],"elbow":[81.7428,187.873,300.722],"grabStrength":0,"id":467,"palmNormal":[0.320278,-0.715872,-0.620443],"palmPosition":[-0.43776,274.256,8.22573],"palmVelocity":[22.8879,97.7283,10.8535],"palmWidth":89.1918,"pinchStrength":0.0529079,"r":[[0.579834,0.703945,0.410188],[-0.655622,0.702039,-0.27803],[-0.483686,-0.107717,0.868588]],"s":1.43196,"sphereCenter":[-6.30961,251.986,-34.1566],"sphereRadius":49.3768,"stabilizedPalmPosition":[-0.443309,274.222,8.22371],"t":[4.95291,6.81506,-96.4157],"timeVisible":4.36544,"type":"right","wrist":[9.98182,246.244,52.75]}],"id":1678363,"interactionBox":{"center":[0,200,0],"size":[235.247,235.247,147.751]},"pointables":[{"bases":[[[0.0756035,0.884883,0.459636],[-0.86737,-0.169028,0.46808],[0.491888,-0.434063,0.754742]],[[0.0932231,0.868721,0.48645],[-0.785702,-0.235904,0.571858],[0.611541,-0.435515,0.660564]],[[0.0932231,0.868721,0.48645],[-0.99057,0.130191,-0.0426683],[-0.100398,-0.477885,0.872666]],[[0.0932231,0.868721,0.48645],[-0.814731,0.347393,-0.464253],[-0.572296,-0.353047,0.740159]]],"btipPosition":[-26.1213,273.477,-33.5409],"carpPosition":[-12.6825,228.096,44.9273],"dipPosition":[-39.2504,265.378,-16.5609],"direction":[0.100398,0.477885,-0.872666],"extended":false,"handId":467,"id":4670,"length":51.0864,"mcpPosition":[-12.6825,228.096,44.9273],"pipPosition":[-42.6059,249.406,12.6052],"stabilizedTipPosition":[-29.5293,270.165,-29.7213],"timeVisible":4.36544,"tipPosition":[-29.0928,271.231,-30.0729],"tipVelocity":[30.0859,109.513,8.3346],"tool":false,"touchDistance":0.407405,"touchZone":"hovering","type":0,"width":19.8498},{"bases":[[[0.914713,0.40406,0.00597586],[-0.353288,0.792423,0.497246],[0.196181,-0.456948,0.867589]],[[0.919653,0.391639,0.0292791],[-0.359909,0.810609,0.46193],[0.157176,-0.435353,0.886433]],[[0.919653,0.391639,0.0292791],[-0.385698,0.88662,0.255229],[0.0739984,-0.246015,0.966437]],[[0.919653,0.391639,0.0292791],[-0.392694,0.915967,0.0824326],[0.00546516,-0.0873071,0.996166]]],"btipPosition":[-34.9139,309.388,-89.6703],"carpPosition":[-12.3022,250.81,49.8084],"dipPosition":[-34.8224,307.926,-72.9865],"direction":[-0.0739984,0.246015,-0.966437],"extended":true,"handId":467,"id":4671,"length":57.6453,"mcpPosition":[-26.45,283.763,-12.7584],"pipPosition":[-33.0692,302.097,-50.089],"stabilizedTipPosition":[-34.9081,308.977,-85.8429],"timeVisible":4.36544,"tipPosition":[-35.5865,309.575,-85.5268],"tipVelocity":[33.5243,129.41,20.1392],"tool":false,"touchDistance":-0.155853,"touchZone":"touching","type":1,"width":18.9605},{"bases":[[[0.979543,0.197561,0.038279],[-0.189166,0.839101,0.510024],[0.0686408,-0.506832,0.859308]],[[0.979113,0.200602,0.033116],[-0.103,0.629825,-0.769877],[-0.175296,0.750386,0.637332]],[[0.979113,0.200602,0.033116],[0.12381,-0.45907,-0.87973],[-0.161273,0.865456,-0.474318]],[[0.979113,0.200602,0.033116],[0.186985,-0.824481,-0.534104],[-0.0798386,0.52914,-0.84477]]],"btipPosition":[7.4709,222.557,-9.8889],"carpPosition":[-2.08324,257.22,50.2085],"dipPosition":[6.00022,232.304,-25.4501],"direction":[0.161273,-0.865456,0.474318],"extended":false,"handId":467,"id":4672,"length":65.6822,"mcpPosition":[-6.77752,291.882,-8.55888],"pipPosition":[1.50483,256.428,-38.6714],"stabilizedTipPosition":[6.73388,223.324,-13.3421],"timeVisible":4.36544,"tipPosition":[7.10068,224.763,-13.3284],"tipVelocity":[30.954,107.871,-6.46662],"tool":false,"touchDistance":0.333333,"touchZone":"none","type":2,"width":18.6218},{"bases":[[[0.990422,0.0570018,0.125759],[-0.116415,0.834488,0.538589],[-0.0742434,-0.54807,0.833131]],[[0.992138,0.072623,0.101926],[0.0312777,0.644692,-0.763803],[-0.12118,0.760985,0.637351]],[[0.992138,0.072623,0.101926],[0.124058,-0.463216,-0.87752],[-0.0165144,0.883265,-0.468583]],[[0.992138,0.072623,0.101926],[0.116683,-0.831252,-0.543512],[0.0452546,0.551132,-0.83319]]],"btipPosition":[18.9183,226.982,-0.65966],"carpPosition":[9.43267,260.736,50.4263],"dipPosi