{"sensorType":"Leap","data":[[0,{"currentFrameRate":55.3224,"devices":[],"gestures":[{"center":[-33.2726,304.464,-95.8743],"duration":0,"handIds":[467],"id":6,"normal":[-0.363529,0.329493,-0.871367],"pointableIds":[4671],"progress":0.882761,"radius":20.6762,"state":"start","type":"circle"}],"hands":[{"armBasis":[[0.973374,0.163444,-0.160716],[-0.0907024,0.918537,0.38479],[0.210516,-0.359967,0.908904]],"armWidth":62.4607,"confidence":0.567053,"direction":[-0.0267251,0.742399,-0.669425],"elbow":[53.8101,138.438,283.554],"grabStrength":0,"id":467,"palmNormal":[0.0876827,-0.665342,-0.741372],"palmPosition":[-10.3898,269.601,4.0727],"palmVelocity":[107.299,159.804,49.4939],"palmWidth":89.1918,"pinchStrength":0.266041,"r":[[0.775906,0.49328,0.393249],[-0.481759,0.865771,-0.135457],[-0.407282,-0.0843496,0.909399]],"s":1.39012,"sphereCenter":[-19.0765,257.96,-37.6747],"sphereRadius":47.249,"stabilizedPalmPosition":[-10.4782,269.48,4.03515],"t":[-6.54317,1.01045,-101.279],"timeVisible":12.229,"type":"right","wrist":[-1.9058,233.708,43.0002]}],"id":1678797,"interactionBox":{"center":[0,200,0],"size":[235.247,235.247,147.751]},"pointables":[{"bases":[[[0.317062,0.771558,0.551516],[-0.830189,-0.0553665,0.554726],[0.458539,-0.633745,0.622984]],[[0.294436,0.801405,0.520632],[-0.741203,-0.152393,0.653754],[0.603263,-0.578382,0.549134]],[[0.294436,0.801405,0.520632],[-0.953899,0.279614,0.109056],[-0.0581781,-0.52874,0.846788]],[[0.294436,0.801405,0.520632],[-0.750481,0.531182,-0.393222],[-0.59168,-0.274946,0.757838]]],"btipPosition":[-42.715,274.26,-36.4816],"carpPosition":[-28.7149,221.98,36.0749],"dipPosition":[-56.2888,267.952,-19.0959],"direction":[0.0581781,0.52874,-0.846788],"extended":false,"handId":467,"id":4670,"length":51.0864,"mcpPosition":[-28.7149,221.98,36.0749],"pipPosition":[-58.2332,250.281,9.2052],"stabilizedTipPosition":[-45.9075,272.691,-32.5102],"timeVisible":12.229,"tipPosition":[-45.8123,272.518,-32.321],"tipVelocity":[112.316,203.39,44.5592],"tool":false,"touchDistance":-0.152884,"touchZone":"touching","type":0,"width":19.8498},{"bases":[[[0.977166,0.202046,-0.065755],[-0.115423,0.76459,0.634098],[0.178393,-0.61203,0.770452]],[[0.99121,0.130205,0.0234265],[-0.117643,0.786499,0.606284],[0.0605162,-0.603711,0.794903]],[[0.99121,0.130205,0.0234265],[-0.129826,0.923284,0.361513],[0.0254415,-0.361377,0.932073]],[[0.99121,0.130205,0.0234265],[-0.132239,0.980313,0.146626],[-0.00387392,-0.148435,0.988915]]],"btipPosition":[-38.7545,323.75,-84.0461],"carpPosition":[-22.8032,243.14,43.6372],"dipPosition":[-38.8194,321.264,-67.4838],"direction":[-0.0254415,0.361377,-0.932073],"extended":true,"handId":467,"id":4671,"length":57.6453,"mcpPosition":[-35.6681,287.277,-11.9244],"pipPosition":[-38.2166,312.702,-45.4005],"stabilizedTipPosition":[-38.9403,322.938,-80.3276],"timeVisible":12.229,"tipPosition":[-39.2647,324.907,-79.1763],"tipVelocity":[115.149,175.766,65.424],"tool":false,"touchDistance":-0.116062,"touchZone":"touching","type":1,"width":18.9605},{"bases":[[[0.997547,-0.0158233,-0.068188],[0.0553853,0.774118,0.630614],[0.0428072,-0.632844,0.773095]],[[0.997299,-0.0123776,-0.0723961],[-0.0375354,0.761359,-0.647243],[0.0631307,0.648212,0.758838]],[[0.997299,-0.0123776,-0.0723961],[-0.0660389,-0.582515,-0.810132],[-0.0321444,0.812725,-0.58176]],[[0.997299,-0.0123776,-0.0723961],[-0.0329801,-0.956204,-0.290838],[-0.0656255,0.29244,-0.954029]]],"btipPosition":[-15.2368,231.794,-11.4695],"carpPosition":[-11.4313,247.182,43.4653],"dipPosition":[-16.4456,237.181,-29.0433],"direction":[0.0321444,-0.812725,0.58176],"extended":false,"handId":467,"id":4672,"length":65.6822,"mcpPosition":[-14.3589,290.462,-9.40609],"pipPosition":[-17.3416,259.835,-45.2595],"stabilizedTipPosition":[-16.2377,232.18,-15.6636],"timeVisible":12.229,"tipPosition":[-15.6163,232.943,-15.5484],"tipVelocity":[133.448,169.681,23.8708],"tool":false,"touchDistance":0.333333,"touchZone":"none","type":2,"width":18.6218},{"bases":[[[0.985941,-0.16709,-0.00102048],[0.12785,0.750441,0.648454],[-0.107584,-0.639468,0.761253]],[[0.987798,-0.154975,-0.0154071],[0.102739,0.722792,-0.683386],[0.117044,0.673465,0.729894]],[[0.987798,-0.154975,-0.0154071],[-0.108594,-0.614485,-0.781419],[0.111633,0.773557,-0.623816]],[[0.987798,-0.154975,-0.0154071],[-0.153461,-0.951717,-0.265865],[0.0265393,0.264986,-0.963887]]],"btipPosition":[-1.50068,232.095,-1.53361],"carpPosition":[0.536944,248.185,42.583],"dipPosition":[-1.01462,236.948,-19.187],"direction":[-0.111633,-0.773557,0.623816],"extended":false,"handId":467,"id":4673,"length":63.1552,"mcpPosition":[7.14284,287.449,-4.15951],"pipPosition":[2.01672,257.954,-36.1264],"stabilizedTipPosition":[-2.21432,232.168,-5.74453],"timeVisible":12.229,"tipPosition":[-1.43875,233.064,-5.7524],"tipVelocity":[129.015,170.669,21.9127],"tool":false,"touchDistance":0.333333,"touchZone":"none","type":3,"width":17.7198},{"bases":[[[0.932094,-0.361661,-0.0200361],[0.269633,0.655853,0.705092],[-0.241863,-0.662614,0.708833]],[[0.917782,-0.396676,0.0180067],[0.321395,0.715447,-0.620356],[0.233197,0.575139,0.784114]],[[0.917782,-0.396676,0.0180067],[-0.206488,-0.515499,-0.831639],[0.339173,0.759546,-0.555024]],[[0.917782,-0.396676,0.0180067],[-0.366595,-0.863866,-0.345461],[0.152591,0.310456,-0.938261]]],"btipPosition":[9.42404,240.442,-1.73555],"carpPosition":[12.8404,242.522,39.2376],"dipPosition":[12.0022,245.688,-17.5885],"direction":[-0.339173,-0.759546,0.555024],"extended":false,"handId":467,"id":4674,"length":49.5125,"mcpPosition":[26.5877,280.185,-1.0519],"pipPosition":[18.505,260.25,-28.2296],"stabilizedTipPosition":[9.24019,240.582,-5.60304],"timeVisible":12.229,"tipPosition":[9.9826,241.533,-5.51512],"tipVelocity":[124.623,176.651,34.0336],"tool":false,"touchDistance":0.333333,"touchZone":"none","type":4,"width":15.7401}],"r":[[0.775906,0.49328,0.393249],[-0.481759,0.865771,-0.135457],[-0.407282,-0.0843496,0.909399]],"s":1.39012,"t":[-6.54317,1.01045,-101.279],"timestamp":93382666735},false],[1,{"currentFrameRate":55.3277,"devices":[],"gestures":[{"center":[-33.6358,305.404,-95.1854],"duration":18056,"handIds":[467],"id":6,"normal":[-0.373985,0.359597,-0.854883],"pointableIds":[4671],"progress":0.897497,"radius":20.9098,"state":"update","type":"circle"}],"hands":[{"armBasis":[[0.974297,0.165107,-0.153245],[-0.0987373,0.924461,0.368271],[0.202473,-0.343675,0.917002]],"armWidth":62.4607,"confidence":0.554548,"direction":[-0.0301858,0.765483,-0.642747],"elbow":[53.0347,144.053,285.256],"grabStrength":0,"id":467,"palmNormal":[0.0958835,-0.637857,-0.764163],"palmPosition":[-9.17873,272.196,4.89605],"palmVelocity":[88.1982,152.169,47.6448],"palmWidth":89.1918,"pinchStrength":0.259743,"r":[[0.773521,0.489271,0.402839],[-0.485629,0.865986,-0.119296],[-0.407221,-0.103353,0.907463]],"s":1.38984,"sphereCenter":[-17.2568,261.834,-37.3518],"sphereRadius":47.2134,"stabilizedPalmPosition":[-9.23379,272.081,4.85957],"t":[-4.96483,3.75623,-100.419],"timeVisible":12.2471,"type":"right","wrist":[-0.552692,235.011,42.559]}],"id":1678798,"interactionBox":{"center":[0,200,0],"size":[235.247,235.247,147.751]},"pointables":[{"bases":[[[0.308708,0.753969,0.579854],[-0.831817,-0.081645,0.549012],[0.46128,-0.651817,0.60196]],[[0.286659,0.783807,0.550884],[-0.744108,-0.180025,0.643347],[0.603432,-0.594339,0.531631]],[[0.286659,0.783807,0.550884],[-0.956262,0.269038,0.114811],[-0.0582197,-0.559701,0.826647]],[[0.286659,0.783807,0.550884],[-0.759046,0.536654,-0.368581],[-0.58453,-0.31249,0.748782]]],"btipPosition":[-41.4105,278.281,-35.707],"carpPosition":[-27.2395,223.324,35.1121],"dipPosition":[-54.8203,271.112,-18.5292],"direction":[0.0582197,0.559701,-0.826647],"extended":false,"handId":467,"id":4670,"length":51.0864,"mcpPosition":[-27.2395,223.324,35.1121],"pipPosition":[-56.7661,252.405,9.09882],"stabilizedTipPosition":[-44.5356,276.518,-31.7779],"timeVisible":12.2471,"tipPosition":[-44.4798,276.271,-31.5811],"tipVelocity":[94.283,207.335,42.5127],"tool":false,"touchDistance":-0.158416,"touchZone":"touching","type":0,"width":19.8498},{"bases":[[[0.975742,0.212019,-0.0545441],[-0.124017,0.740631,0.660368],[0.180408,-0.637584,0.748959]],[[0.990074,0.136716,0.0326035],[-0.126642,0.76716,0.62883],[0.0609591,-0.626717,0.776859]],[[0.990074,0.136716,0.0326035],[-0.138645,0.911948,0.386171],[0.0230631,-0.386858,0.921851]],[[0.990074,0.136716,0.0326035],[-0.140303,0.975114,0.171662],[-0.00832322,-0.174532,0.984616]]],"btipPosition":[-37.5124,328.71,-81.6142],"carpPosition":[-21.528,244.248,43.445],"dipPosition":[-37.6518,325.787,-65.1239],"direction":[-0.0230631,0.386858,-0.921851],"extended":true,"handId":467,"id":4671,"length":57.6453,"mcpPosition":[-34.5382,290.228,-10.5666],"pipPosition":[-37.1054,316.621,-43.2827],"stabilizedTipPosition":[-37.6749,327.561,-78.0556],"timeVisible":12.2471,"tipPosition":[-38.0448,329.697,-76.7361],"tipVelocity":[92.6858,220.112,97.8755],"tool":false,"touchDistance":-0.100264,"touchZone":"touching","type":1,"width":18.9605},{"bases":[[[0.997895,-0.00545662,-0.0646276],[0.0467197,0.751635,0.657922],[0.0449863,-0.659557,0.750307]],[[0.997617,-0.00162878,-0.0689809],[-0.041715,0.782097,-0.621758],[0.0549625,0.623154,0.780166]],[[0.997617,-0.00162878,-0.0689809],[-0.0582505,-0.555747,-0.829308],[-0.0369852,0.83135,-0.554517]],[[0.997617,-0.00162878,-0.0689809],[-0.0239131,-0.945926,-0.323501],[-0.0647239,0.324379,-0.94371]]],"btipPosition":[-13.6389,234.899,-11.8703],"carpPosition":[-10.1886,248.384,43.4632],"dipPosition":[-14.8311,240.874,-29.254],"direction":[0.0369852,-0.83135,0.554517],"extended":false,"handId":467,"id":4672,"length":65.6822,"mcpPosition":[-13.2652,293.49,-7.84971],"pipPosition":[-15.8621,264.048,-44.7108],"stabilizedTipPosition":[-14.3735,235.463,-15.8279],"timeVisible":12.2471,"tipPosition":[-14.0156,236.203,-15.9549],"tipVelocity":[112.205,174.328,3.14805],"tool":false,"touchDistance":0.333333,"touchZone":"none","type":2,"width":18.6218},{"bases":[[[0.987258,-0.159102,-0.00292115],[0.119306,0.727916,0.675207],[-0.105301,-0.666952,0.737623]],[[0.989071,-0.146472,-0.0168572],[0.0996134,0.748149,-0.656011],[0.108699,0.647162,0.754563]],[[0.989071,-0.146472,-0.0168572],[-0.100428,-0.585575,-0.804373],[0.107947,0.797275,-0.593885]],[[0.989071,-0.146472,-0.0168572],[-0.144689,-0.942278,-0.301957],[0.0283442,0.301096,-0.953173]]],"btipPosition":[0.0290212,234.957,-2.08904],"carpPosition":[1.77439,249.512,42.666],"dipPosition":[0.548138,240.471,-19.5461],"direction":[-0.107947,-0.797275,0.593885],"extended":false,"handId":467,"id":4673,"length":63.1552,"mcpPosition":[8.24005,290.464,-2.62552],"pipPosition":[3.4794,262.121,-35.6728],"stabilizedTipPosition":[-0.387783,235.304,-6.02255],"timeVisible":12.2471,"tipPosition":[0.10424,236.097,-6.22877],"tipVelocity":[108.183,168.89,-1.91102],"tool":false,"touchDistance":0.333333,"touchZone":"none","type":3,"width":17.7198},{"bases":[[[0.93506,-0.353296,-0.029053],[0.261633,0.632506,0.72903],[-0.239187,-0.689288,0.683865]],[[0.920946,-0.389619,0.00752574],[0.317513,0.739032,-0.594152],[0.225931,0.549571,0.804318]],[[0.920946,-0.389619,0.00752574],[-0.199441,-0.487835,-0.849847],[0.334788,0.781162,-0.526975]],[[0.920946,-0.389619,0.00752574],[-0.358227,-0.85403,-0.377234],[0.153405,0.344716,-0.926087]]],"btipPosition":[10.8896,243.399,-1.82569],"carpPosition":[14.1358,244.07,39.172],"dipPosition":[13.4816,249.224,-17.473],"direction":[-0.334788,-0.781162,0.526975],"extended":false,"handId":467,"id":4674,"length":49.5125,"mcpPosition":[27.7311,283.249,0.301665],"pipPosition":[19.9002,264.2,-27.5763],"stabilizedTipPosition":[10.9793,243.801,-5.46482],"timeVisible":12.2471,"tipPosition":[11.4553,244.64,-5.57222],"tipVelocity":[104.074,174.039,16.7474],"tool":false,"touchDistance":0.333333,"touchZone":"none","type":4,"width":15.7401}],"r":[[0.773521,0.489271,0.402839],[-0.485629,0.865986,-0.119296],[-0.407221,-0.103353,0.907463]],"s":1.38984,"t":[-4.96483,3.75623,-100.419],"timestamp":93382684791},false],[2,{"currentFrameRate":55.2505,"devices":[],"gestures":[{"center":[-33.9732,306.409,-94.4356],"duration":36422,"handIds":[467],"id":6,"normal":[-0.381523,0.384646,-0.840528],"pointableIds":[4671],"progress":0.904465,"radius":21.1945,"state":"update","type":"circle"}],"hands":[{"armBasis":[[0.974466,0.166554,-0.150582],[-0.102932,0.927392,0.359651],[0.19955,-0.334968,0.920856]],"armWidth":62.4607,"confidence":0.558925,"direction":[-0.0309395,0.776146,-0.629794],"elbow":[53.0335,147.091,286.297],"grabStrength":0,"id":467,"palmNormal":[0.100883,-0.624453,-0.77452],"palmPosition":[-8.42123,273.531,5.52267],"palmVelocity":[65.6325,113.952,41.1441],"palmWidth":89.1918,"pinchStrength":0.254008,"r":[[0.770979,0.485111,0.412624],[-0.489311,0.865914,-0.103765],[-0.407635,-0.121901,0.904972]],"s":1.38957,"sphereCenter":[-15.9763,263.734,-37.0038],"sphereRadius":47.1881,"stabilizedPalmPosition":[-8.45461,273.471,5.49543],"t":[-3.79692,5.79624,-99.6751],"timeVisible":12.2655,"type":"right","wrist":[0.219664,235.745,42.5799]}],"id":1678799,"interactionBox":{"center":[0,200,0],"size":[235.247,235.247,147.751]},"pointables":[{"bases":[[[0.303881,0.745188,0.593591],[-0.833342,-0.0940564,0.544696],[0.461732,-0.660188,0.592415]],[[0.283033,0.773829,0.56664],[-0.747379,-0.192322,0.635954],[0.601097,-0.60349,0.52391]],[[0.283033,0.773829,0.56664],[-0.957227,0.264917,0.116346],[-0.0600806,-0.575333,0.81571]],[[0.283033,0.773829,0.56664],[-0.765963,0.537934,-0.352033],[-0.577229,-0.334389,0.744977]]],"btipPosition":[-40.5593,280.515,-35.1437],"carpPosition":[-26.3972,224.086,34.8448],"dipPosition":[-53.8015,272.844,-18.0532],"direction":[0.0600806,0.575333,-0.81571],"extended":false,"handId":467,"id":4670,"length":51.0864,"mcpPosition":[-26.3972,224.086,34.8448],"pipPosition":[-55.8095,253.615,9.2093],"stabilizedTipPosition":[-43.6259,278.7,-31.2256],"timeVisible":12.2655,"tipPosition":[-43.6036,278.297,-31.0396],"tipVelocity":[72.2539,163.138,36.2961],"tool":false,"touchDistance":-0.159369,"touchZone":"touching","type":0,"width":19.8498},{"bases":[[[0.975105,0.216573,-0.0476015],[-0.129059,0.728864,0.672384],[0.180315,-0.649502,0.73867]],[[0.989478,0.139372,0.0388433],[-0.131904,0.75865,0.638005],[0.0594513,-0.636416,0.769052]],[[0.989478,0.139372,0.0388433],[-0.143312,0.907244,0.395437],[0.0198723,-0.396843,0.917671]],[[0.989478,0.139372,0.0388433],[-0.14413,0.972965,0.180462],[-0.012642,-0.184161,0.982815]]],"btipPosition":[-36.5599,331.015,-80.3089],"carpPosition":[-20.7935,244.887,43.5503],"dipPosition":[-36.7716,327.93,-63.8488],"direction":[-0.0198723,0.396843,-0.917671],"extended":true,"handId":467,"id":4671,"length":57.6453,"mcpPosition":[-33.7971,291.727,-9.71932],"pipPosition":[-36.3008,318.528,-42.1066],"stabilizedTipPosition":[-36.717,330.026,-76.6789],"timeVisible":12.2655,"tipPosition":[-37.1103,331.911,-75.4484],"tipVelocity":[72.6327,173.665,84.8119],"tool":false,"touchDistance":-0.092556,"touchZone":"touching","type":1,"width":18.9605},{"bases":[[[0.99812,-0.000616589,-0.0612898],[0.0416427,0.740549,0.670711],[0.0449746,-0.672002,0.739182]],[[0.997839,0.00332808,-0.0656278],[-0.0426744,0.792278,-0.608666],[0.0499697,0.610151,0.790708]],[[0.997839,0.00332808,-0.0656278],[-0.0533578,-0.541882,-0.838759],[-0.038354,0.840448,-0.540533]],[[0.997839,0.00332808,-0.0656278],[-0.0191971,-0.940385,-0.339571],[-0.0628455,0.340097,-0.938288]]],"btipPosition":[-12.6801,236.502,-11.883],"carpPosition":[-9.47014,249.064,43.6774],"dipPosition":[-13.8378,242.767,-29.1668],"direction":[0.038354,-0.840448,0.540533],"extended":false,"handId":467,"id":4672,"length":65.6822,"mcpPosition":[-12.5459,295.022,-6.87465],"pipPosition":[-14.9069,266.194,-44.2339],"stabilizedTipPosition":[-13.2334,237.444,-15.8521],"timeVisible":12.2655,"tipPosition":[-13.0478,237.876,-15.9469],"tipVelocity":[83.5764,134.233,1.90408],"tool":false,"touchDistance":0.333333,"touchZone":"none","type":2,"width":18.6218},{"bases":[[[0.987861,-0.155324,-0.00223051],[0.11426,0.716813,0.68784],[-0.10524,-0.679745,0.725859]],[[0.989671,-0.142468,-0.0159288],[0.0992219,0.760943,-0.641187],[0.10347,0.632983,0.76722]],[[0.989671,-0.142468,-0.0159288],[-0.0950917,-0.569259,-0.816641],[0.107278,0.809721,-0.576926]],[[0.989671,-0.142468,-0.0159288],[-0.139986,-0.936468,-0.321607],[0.030902,0.320515,-0.946739]]],"btipPosition":[0.942363,236.409,-2.22491],"carpPosition":[2.49111,250.251,42.9405],"dipPosition":[1.50833,242.279,-19.5642],"direction":[-0.107278,-0.809721,0.576926],"extended":false,"handId":467,"id":4673,"length":63.1552,"mcpPosition":[8.95303,291.989,-1.62876],"pipPosition":[4.42141,264.266,-35.2304],"stabilizedTipPosition":[0.733425,237.189,-6.16874],"timeVisible":12.2655,"tipPosition":[1.03478,237.652,-6.27196],"tipVelocity":[80.3728,127.849,-3.83909],"tool":false,"touchDistance":0.333333,"touchZone":"none","type":3,"width":17.7198},{"bases":[[[0.936492,-0.349242,-0.0318254],[0.256768,0.621039,0.740527],[-0.238859,-0.701669,0.671273]],[[0.922546,-0.38587,0.00372772],[0.315668,0.749078,-0.58244],[0.221954,0.538504,0.812865]],[[0.922546,-0.38587,0.00372772],[-0.195695,-0.476154,-0.85731],[0.332585,0.790178,-0.514787]],[[0.922546,-0.38587,0.00372772],[-0.35377,-0.849581,-0.391228],[0.15413,0.359607,-0.920286]]],"btipPosition":[11.7878,244.907,-1.51267],"carpPosition":[14.8849,244.915,39.3972],"dipPosition":[14.392,250.983,-17.062],"direction":[-0.332585,-0.790178,0.514787],"extended":false,"handId":467,"id":4674,"length":49.5125,"mcpPosition":[28.4614,284.798,1.24262],"pipPosition":[20.7684,266.133,-26.9316],"stabilizedTipPosition":[12.0587,245.721,-5.17662],"timeVisible":12.2655,"tipPosition":[12.3574,246.223,-5.27042],"tipVelocity":[77.6335,131.373,17.4796],"tool":false,"touchDistance":0.333333,"touchZone":"none","type":4,"width":15.7401}],"r":[[0.770979,0.485111,0.412624],[-0.489311,0.865914,-0.103765],[-0.407635,-0.121901,0.904972]],"s":1.38957,"t":[-3.79692,5.79624,-99.6751],"timestamp":93382703157},false],[3,{"currentFrameRate":55.349,"devices":[],"gestures":[{"center":[-34.2701,307.397,-93.6775],"duration":54149,"handIds":[467],"id":6,"normal":[-0.386936,0.404965,-0.828422],"pointableIds":[4671],"progress":0.908576,"radius":21.5165,"state":"update","type":"circle"}],"hands":[{"armBasis":[[0.974346,0.170077,-0.147391],[-0.107827,0.927628,0.357602],[0.197544,-0.332535,0.92217]],"armWidth":62.4607,"confidence":0.574899,"direction":[-0.0346835,0.784566,-0.619075],"elbow":[53.4223,148.424,286.634],"grabStrength":0,"id":467,"palmNormal":[0.104796,-0.613178,-0.782963],"palmPosition":[-7.67892,274.679,6.02857],"palmVelocity":[54.4992,90.9049,35.2369],"palmWidth":89.1918,"pinchStrength":0.247314,"r":[[0.76837,0.481314,0.421835],[-0.493186,0.865356,-0.0890367],[-0.407892,-0.13963,0.90229]],"s":1.38948,"sphereCenter":[-14.8376,265.342,-36.6913],"sphereRadius":47.1741,"stabilizedPalmPosition":[-7.71685,274.62,6.0025],"t":[-2.8418,7.39034,-99.0504],"timeVisible":12.2832,"type":"right","wrist":[1.13964,236.434,42.5689]}],"id":1678800,"interactionBox":{"center":[0,200,0],"size":[235.247,235.247,147.751]},"pointables":[{"bases":[[[0.299438,0.73857,0.604029],[-0.833206,-0.106034,0.542701],[0.46487,-0.665786,0.583631]],[[0.279759,0.765736,0.579123],[-0.748463,-0.203831,0.631075],[0.60128,-0.610001,0.516102]],[[0.279759,0.765736,0.579123],[-0.958303,0.259302,0.120073],[-0.0582239,-0.588567,0.806349]],[[0.279759,0.765736,0.579123],[-0.77487,0.536234,-0.334709],[-0.566844,-0.355107,0.743362]]],"btipPosition":[-39.8798,282.404,-34.6032],"carpPosition":[-25.4085,224.739,34.6533],"dipPosition":[-52.8838,274.258,-17.5497],"direction":[0.0582239,0.588567,-0.806349],"extended":false,"handId":467,"id":4670,"length":51.0864,"mcpPosition":[-25.4085,224.739,34.6533],"pipPosition":[-54.8298,254.587,9.39994],"stabilizedTipPosition":[-42.8885,280.488,-30.6937],"timeVisible":12.2832,"tipPosition":[-42.8685,279.986,-30.517],"tipVelocity":[57.8044,133.741,33.3511],"tool":false,"touchDistance":-0.156058,"touchZone":"touching","type":0,"width":19.8498},{"bases":[[[0.973956,0.222456,-0.0438572],[-0.133463,0.718832,0.682252],[0.183297,-0.65863,0.7298]],[[0.988733,0.14366,0.0420539],[-0.136619,0.751248,0.645726],[0.0611723,-0.644196,0.76241]],[[0.988733,0.14366,0.0420539],[-0.148351,0.902951,0.403326],[0.0199693,-0.405021,0.914089]],[[0.988733,0.14366,0.0420539],[-0.14905,0.970794,0.187996],[-0.0138181,-0.192146,0.981269]]],"btipPosition":[-35.9597,332.889,-79.1804],"carpPosition":[-19.9232,245.448,43.6487],"dipPosition":[-36.1911,329.671,-62.7461],"direction":[-0.0199693,0.405021,-0.91409],"extended":true,"handId":467,"id":4671,"length":57.6453,"mcpPosition":[-33.1418,292.946,-8.98126],"pipPosition":[-35.718,320.075,-41.0889],"stabilizedTipPosition":[-36.1035,331.876,-75.565],"timeVisible":12.2832,"tipPosition":[-36.5184,333.702,-74.3399],"tipVelocity":[54.3414,141.023,74.7426],"tool":false,"touchDistance":-0.0804151,"touchZone":"touching","type":1,"width":18.9605},{"bases":[[[0.998152,0.00560269,-0.0605158],[0.0371741,0.731458,0.680873],[0.0480795,-0.681864,0.729897]],[[0.997843,0.00972615,-0.0649287],[-0.0467342,0.799824,-0.598413],[0.0461113,0.600156,0.798553]],[[0.997843,0.00972615,-0.0649287],[-0.0498238,-0.531845,-0.845375],[-0.0427543,0.846786,-0.530213]],[[0.997843,0.00972615,-0.0649287],[-0.0137224,-0.936225,-0.351134],[-0.0642031,0.351267,-0.934071]]],"btipPosition":[-11.715,237.886,-11.8193],"carpPosition":[-8.62266,249.684,43.8421],"dipPosition":[-12.8977,244.357,-29.0255],"direction":[0.0427543,-0.846786,0.530213],"extended":false,"handId":467,"id":4672,"length":65.6822,"mcpPosition":[-11.9108,296.316,-6.07496],"pipPosition":[-14.0894,267.96,-43.8048],"stabilizedTipPosition":[-12.2786,238.923,-15.7944],"timeVisible":12.2832,"tipPosition":[-12.0881,239.308,-15.8893],"tipVelocity":[69.7718,109.171,3.16708],"tool":false,"touchDistance":0.333333,"touchZone":"none","type":2,"width":18.6218},{"bases":[[[0.988686,-0.149957,-0.00359955],[0.109906,0.70788,0.69773],[-0.102081,-0.690231,0.716352]],[[0.990416,-0.137076,-0.0169398],[0.0958134,0.770204,-0.63056],[0.0994819,0.622893,0.775956]],[[0.990416,-0.137076,-0.0169398],[-0.0913654,-0.558233,-0.824638],[0.103582,0.818282,-0.565407]],[[0.990416,-0.137076,-0.0169398],[-0.134796,-0.932545,-0.334946],[0.0301161,0.33402,-0.942085]]],"btipPosition":[1.87927,237.709,-2.23142],"carpPosition":[3.33253,250.945,43.1309],"dipPosition":[2.43084,243.826,-19.4855],"direction":[-0.103582,-0.818282,0.565407],"extended":false,"handId":467,"id":4673,"length":63.1552,"mcpPosition":[9.60053,293.327,-0.854589],"pipPosition":[5.24356,266.046,-34.8388],"stabilizedTipPosition":[1.66606,238.601,-6.19153],"timeVisible":12.2832,"tipPosition":[1.97361,239.015,-6.2557],"tipVelocity":[67.3885,103.814,-1.69358],"tool":false,"touchDistance":0.333333,"touchZone":"none","type":3,"width":17.7198},{"bases":[[[0.938385,-0.343723,-0.0359008],[0.252892,0.612158,0.749205],[-0.235542,-0.712121,0.661365]],[[0.924786,-0.380485,-0.00127292],[0.311039,0.757912,-0.573432],[0.219147,0.529906,0.819252]],[[0.924786,-0.380485,-0.00127292],[-0.193663,-0.467821,-0.862345],[0.327514,0.797731,-0.50632]],[[0.924786,-0.380485,-0.00127292],[-0.349106,-0.847177,-0.400519],[0.151313,0.370839,-0.916288]]],"btipPosition":[12.7139,246.275,-1.27385],"carpPosition":[15.7574,245.726,39.5242],"dipPosition":[15.2705,252.541,-16.7556],"direction":[-0.327514,-0.797731,0.50632],"extended":false,"handId":467,"id":4674,"length":49.5125,"mcpPosition":[29.1454,286.202,1.93272],"pipPosition":[21.5497,267.835,-26.4629],"stabilizedTipPosition":[12.9653,247.176,-4.92725],"timeVisible":12.2832,"tipPosition":[13.2677,247.641,-5.04975],"tipVelocity":[65.4452,107.125,16.0124],"tool":false,"touchDistance":0.333333,"touchZone":"none","type":4,"width":15.7401}],"r":[[0.76837,0.481314,0.421835],[-0.493186,0.865356,-0.0890367],[-0.407892,-0.13963,0.90229]],"s":1.38948,"t":[-2.8418,7.39034,-99.0504],"timestamp":93382720884},false],[4,{"currentFrameRate":55.357,"devices":[],"gestures":[{"center":[-34.6278,308.69,-92.7286],"duration":72186,"handIds":[467],"id":6,"normal":[-0.390478,0.420519,-0.818957],"pointableIds":[4671],"progress":0.913778,"radius":21.9649,"state":"update","type":"circle"}],"hands":[{"armBasis":[[0.973419,0.186786,-0.132535],[-0.128033,0.923609,0.361322],[0.189901,-0.334749,0.922974]],"armWidth":62.4607,"confidence":0.586519,"direction":[-0.04949,0.795279,-0.604221],"elbow":[53.0357,151.049,287.155],"grabStrength":0,"id":467,"palmNormal":[0.119835,-0.595864,-0.794094],"palmPosition":[-6.74532,278.383,7.03993],"palmVelocity":[53.1995,145.212,45.1222],"palmWidth":89.1918,"pinchStrength":0.24453,"r":[[0.764011,0.479737,0.431439],[-0.499877,0.862904,-0.0742983],[-0.407934,-0.158902,0.899077]],"s":1.38898,"sphereCenter":[-13.177,269.564,-35.962],"sphereRadius":47.1267,"stabilizedPalmPosition":[-6.78841,278.216,6.99393],"t":[-1.89745,10.0395,-98.2324],"timeVisible":12.3012,"type":"right","wrist":[2.7759,239.645,42.8775]}],"id":1678801,"interactionBox":{"center":[0,200,0],"size":[235.247,235.247,147.751]},"pointables":[{"bases":[[[0.282161,0.733092,0.618839],[-0.832279,-0.133791,0.537971],[0.477177,-0.666841,0.572386]],[[0.262196,0.760029,0.594651],[-0.74723,-0.230036,0.623483],[0.610656,-0.607816,0.507602]],[[0.262196,0.760029,0.594651],[-0.963798,0.237179,0.121821],[-0.0484509,-0.605064,0.794701]],[[0.262196,0.760029,0.594651],[-0.789179,0.523513,-0.321139],[-0.555383,-0.385085,0.737061]]],"btipPosition":[-39.0179,286.345,-33.6484],"carpPosition":[-23.4983,227.547,34.6584],"dipPosition":[-51.759,277.511,-16.7394],"direction":[0.0484509,0.605064,-0.794701],"extended":false,"handId":467,"id":4670,"length":51.0864,"mcpPosition":[-23.4983,227.547,34.6584],"pipPosition":[-53.3783,257.288,9.82091],"stabilizedTipPosition":[-41.9678,284.234,-29.7787],"timeVisible":12.3012,"tipPosition":[-41.9391,283.747,-29.5774],"tipVelocity":[54.6413,169.781,41.7692],"tool":false,"touchDistance":-0.151167,"touchZone":"touching","type":0,"width":19.8498},{"bases":[[[0.969174,0.243649,-0.0365716],[-0.150442,0.702786,0.695312],[0.195114,-0.668376,0.717777]],[[0.985479,0.162616,0.0488603],[-0.154611,0.740432,0.654107],[0.0701908,-0.652163,0.754822]],[[0.985479,0.162616,0.0488603],[-0.168266,0.896709,0.40939],[0.02276,-0.411667,0.91105]],[[0.985479,0.162616,0.0488603],[-0.169036,0.966799,0.191643],[-0.0160738,-0.197119,0.980248]]],"btipPosition":[-35.7718,336.913,-77.492],"carpPosition":[-18.475,248.193,44.0614],"dipPosition":[-36.041,333.611,-61.0749],"direction":[-0.02276,0.411667,-0.91105],"extended":true,"handId":467,"id":4671,"length":57.6453,"mcpPosition":[-32.5458,296.393,-7.70158],"pipPosition":[-35.5017,323.858,-39.4897],"stabilizedTipPosition":[-35.8694,335.588,-73.9605],"timeVisible":12.3012,"tipPosition":[-36.3893,337.705,-72.6325],"tipVelocity":[33.2726,179.447,83.5883],"tool":false,"touchDistance":-0.0667182,"touchZone":"touching","type":1,"width":18.9605},{"bases":[[[0.997975,0.0277073,-0.0572553],[0.0198941,0.719016,0.694709],[0.060416,-0.694441,0.717009]],[[0.997584,0.0319813,-0.0616676],[-0.0620239,0.809845,-0.583356],[0.0312848,0.585772,0.809872]],[[0.997584,0.0319813,-0.0616676],[-0.0362833,-0.517132,-0.855136],[-0.0592387,0.855308,-0.514723]],[[0.997584,0.0319813,-0.0616676],[0.0070527,-0.929763,-0.368091],[-0.0691083,0.366767,-0.927742]]],"btipPosition":[-9.95234,241.879,-11.4927],"carpPosition":[-7.26666,252.661,44.3705],"dipPosition":[-11.2254,248.635,-28.5823],"direction":[0.0592387,-0.855308,0.514723],"extended":false,"handId":467,"id":4672,"length":65.6822,"mcpPosition":[-11.3985,300.153,-4.66516],"pipPosition":[-12.8766,272.477,-42.9298],"stabilizedTipPosition":[-10.6975,242.43,-15.5058],"timeVisible":12.3012,"tipPosition":[-10.3438,243.362,-15.5426],"tipVelocity":[82.4883,164.138,10.9615],"tool":false,"touchDistance":0.333333,"touchZone":"none","type":2,"width":18.6218},{"bases":[[[0.99163,-0.129069,-0.0033236],[0.0930598,0.696655,0.711345],[-0.0894974,-0.705701,0.702835]],[[0.993115,-0.116005,-0.0163119],[0.0814543,0.783879,-0.615547],[0.0841934,0.609981,0.787931]],[[0.993115,-0.116005,-0.0163119],[-0.0773021,-0.544323,-0.835306],[0.0880211,0.830816,-0.549543]],[[0.993115,-0.116005,-0.0163119],[-0.114274,-0.928673,-0.352857],[0.0257849,0.352291,-0.935535]]],"btipPosition":[3.60677,241.79,-1.88662],"carpPosition":[4.66124,254.186,43.7209],"dipPosition":[4.07901,248.242,-19.0207],"direction":[-0.0880211,-0.830816,0.549543],"extended":false,"handId":467,"id":4673,"length":63.1552,"mcpPosition":[10.1566,297.517,0.565407],"pipPosition":[6.46918,270.802,-33.9433],"stabilizedTipPosition":[3.19788,242.094,-5.9194],"timeVisible":12.3012,"tipPosition":[3.68726,243.173,-5.88524],"tipVelocity":[80.3769,163.928,8.90546],"tool":false,"touchDistance":0.333333,"touchZone":"none","type":3,"width":17.7198},{"bases":[[[0.945508,-0.3232,-0.0394447],[0.237887,0.602996,0.761449],[-0.222316,-0.72934,0.647023]],[[0.932674,-0.360675,-0.00575854],[0.296173,0.774796,-0.558545],[0.205915,0.519235,0.829454]],[[0.932674,-0.360675,-0.00575854],[-0.181717,-0.455994,-0.871234],[0.311607,0.813624,-0.490834]],[[0.932674,-0.360675,-0.00575854],[-0.330069,-0.846872,-0.416968],[0.145513,0.390795,-0.908903]]],"btipPosition":[14.2695,250.554,-0.702943],"carpPosition":[17.2031,249.298,40.0552],"dipPosition":[16.7281,257.157,-16.0599],"direction":[-0.311607,-0.813624,0.490834],"extended":false,"handId":467,"id":4674,"length":49.5125,"mcpPosition":[29.8394,290.753,3.2789],"pipPosition":[22.7023,272.756,-25.4703],"stabilizedTipPosition":[14.3553,250.817,-4.41261],"timeVisible":12.3012,"tipPosition":[14.8012,252.005,-4.45774],"tipVelocity":[74.7201,170.884,24.1877],"tool":false,"touchDistance":0.333333,"touchZone":"none","type":4,"width":15.7401}],"r":[[0.764011,0.479737,0.431439],[-0.499877,0.862904,-0.0742983],[-0.407934,-0.158902,0.899077]],"s":1.38898,"t":[-1.89745,10.0395,-98.2324],"timestamp":93382738921},false],[5,{"currentFrameRate":55.3484,"devices":[],"gestures":[{"center":[-34.651,310.169,-91.5022],"duration":90283,"handIds":[467],"id":6,"normal":[-0.38609,0.440987,-0.810225],"pointableIds":[4671],"progress":0.920137,"radius":22.7256,"state":"update","type":"circle"}],"hands":[{"armBasis":[[0.973806,0.186943,-0.129441],[-0.127584,0.920434,0.36949],[0.188216,-0.343297,0.920175]],"armWidth":62.4607,"confidence":0.598226,"direction":[-0.0490019,0.804806,-0.591512],"elbow":[53.552,150.408,286.59],"grabStrength":0,"id":467,"palmNormal":[0.11978,-0.583214,-0.803439],"palmPosition":[-5.7578,280.574,7.83345],"palmVelocity":[53.8506,133.726,44.5163],"palmWidth":89.1918,"pinchStrength":0.241775,"r":[[0.760547,0.476865,0.440645],[-0.505155,0.860952,-0.0598305],[-0.407905,-0.17709,0.895686]],"s":1.38854,"sphereCenter":[-11.8496,272.361,-35.3475],"sphereRadius":47.0981,"stabilizedPalmPosition":[-5.8032,280.47,7.79647],"t":[-0.931505,12.4595,-97.4267],"timeVisible":12.3193,"type":"right","wrist":[3.73805,241.266,43.0529]}],"id":1678802,"interactionBox":{"center":[0,200,0],"size":[235.247,235.247,147.751]},"pointables":[{"bases":[[[0.282317,0.723039,0.630485],[-0.83247,-0.141971,0.535573],[0.476751,-0.676061,0.561827]],[[0.262146,0.750662,0.606454],[-0.749032,-0.237963,0.618324],[0.608466,-0.616344,0.499889]],[[0.262146,0.750662,0.606454],[-0.963796,0.235399,0.125236],[-0.0487482,-0.617328,0.785194]],[[0.262146,0.750662,0.606454],[-0.793408,0.525388,-0.307362],[-0.549348,-0.400592,0.733309]]],"btipPosition":[-38.0802,289.293,-32.8895],"carpPosition":[-22.5392,229.313,34.6361],"dipPosition":[-50.6828,280.103,-16.0666],"direction":[0.0487482,0.617328,-0.785194],"extended":false,"handId":467,"id":4670,"length":51.0864,"mcpPosition":[-22.5392,229.313,34.6361],"pipPosition":[-52.3121,259.471,10.176],"stabilizedTipPosition":[-40.9983,287.121,-29.0351],"timeVisible":12.3193,"tipPosition":[-40.9608,286.611,-28.8008],"tipVelocity":[54.1352,164.366,41.3283],"tool":false,"touchDistance":-0.14868,"touchZone":"touching","type":0,"width":19.8498},{"bases":[[[0.969286,0.243785,-0.0324578],[-0.150318,0.691707,0.706361],[0.194651,-0.679787,0.707107]],[[0.985602,0.1608,0.0522776],[-0.154708,0.732852,0.662566],[0.068229,-0.661114,0.747177]],[[0.985602,0.1608,0.0522776],[-0.167856,0.893303,0.416935],[0.0203435,-0.419707,0.907432]],[[0.985602,0.1608,0.0522776],[-0.16805,0.96573,0.197801],[-0.0186796,-0.203738,0.978847]]],"btipPosition":[-34.5894,340.025,-75.9854],"carpPosition":[-17.5095,249.804,44.3674],"dipPosition":[-34.9023,336.613,-59.5917],"direction":[-0.0203435,0.419707,-0.907432],"extended":true,"handId":467,"id":4671,"length":57.6453,"mcpPosition":[-31.5469,298.827,-6.62611],"pipPosition":[-34.4203,326.669,-38.0922],"stabilizedTipPosition":[-34.8279,338.737,-72.4556],"timeVisible":12.3193,"tipPosition":[-35.209,340.752,-71.1432],"tipVelocity":[48.2572,175.224,83.2868],"tool":false,"touchDistance":-0.0565685,"touchZone":"touching","type":1,"width":18.9605},{"bases":[[[0.998001,0.0281869,-0.0565652],[0.0200256,0.707871,0.706057],[0.0599424,-0.705779,0.705892]],[[0.997606,0.0326105,-0.0609889],[-0.0616481,0.819,-0.570472],[0.0313465,0.572866,0.819049]],[[0.997606,0.0326105,-0.0609889],[-0.0362921,-0.503838,-0.863035],[-0.0588725,0.863182,-0.501448]],[[0.997606,0.0326105,-0.0609889],[0.00683317,-0.924015,-0.382295],[-0.0688215,0.380963,-0.922025]]],"btipPosition":[-8.97106,244.384,-11.2616],"carpPosition":[-6.29936,254.261,44.7502],"dipPosition":[-10.2388,251.402,-28.2459],"direction":[0.0588725,-0.863182,0.501448],"extended":false,"handId":467,"id":4672,"length":65.6822,"mcpPosition":[-10.3988,302.529,-3.52517],"pipPosition":[-11.8798,275.462,-42.2235],"stabilizedTipPosition":[-9.58661,245.193,-15.2443],"timeVisible":12.3193,"tipPosition":[-9.36092,245.926,-15.2921],"tipVelocity":[69.0777,153.486,12.4571],"tool":false,"touchDistance":0.333333,"touchZone":"none","type":2,"width":18.6218},{"bases":[[[0.991576,-0.129425,-0.00513443],[0.0931777,0.685217,0.722354],[-0.0899722,-0.716748,0.691504]],[[0.993027,-0.116582,-0.0175036],[0.0821964,0.791132,-0.606097],[0.0845078,0.600432,0.795198]],[[0.993027,-0.116582,-0.0175036],[-0.077672,-0.535318,-0.841072],[0.0886841,0.836566,-0.54064]],[[0.993027,-0.116582,-0.0175036],[-0.114937,-0.924417,-0.363652],[0.0262148,0.363128,-0.93137]]],"btipPosition":[4.56438,244.137,-1.42025],"carpPosition":[5.62935,255.792,44.1278],"dipPosition":[5.04449,250.788,-18.4781],"direction":[-0.0886841,-0.836566,0.54064],"extended":false,"handId":467,"id":4673,"length":63.1552,"mcpPosition":[11.1538,299.801,1.66807],"pipPosition":[7.45267,273.504,-33.1589],"stabilizedTipPosition":[4.29395,244.746,-5.49204],"timeVisible":12.3193,"tipPosition":[4.65464,245.578,-5.49156],"tipVelocity":[67.3642,148.863,17.3874],"tool":false,"touchDistance":0.333333,"touchZone":"none","type":3,"width":17.7198},{"bases":[[[0.945381,-0.322937,-0.0443487],[0.237952,0.590712,0.770998],[-0.222787,-0.73944,0.635291]],[[0.932622,-0.360672,-0.0115],[0.296195,0.783324,-0.546509],[0.206118,0.50628,0.837374]],[[0.932622,-0.360672,-0.0115],[-0.181925,-0.442419,-0.878162],[0.31164,0.821085,-0.478225]],[[0.932622,-0.360672,-0.0115],[-0.33023,-0.84019,-0.430151],[0.145481,0.404966,-0.902684]]],"btipPosition":[15.256,252.854,-0.324741],"carpPosition":[18.1701,250.957,40.3879],"dipPosition":[17.7141,259.696,-15.5766],"direction":[-0.31164,-0.821085,0.478225],"extended":false,"handId":467,"id":4674,"length":49.5125,"mcpPosition":[30.8331,292.986,4.27846],"pipPosition":[23.689,275.438,-24.7453],"stabilizedTipPosition":[15.4377,253.483,-3.98444],"timeVisible":12.3193,"tipPosition":[15.7857,254.368,-4.05951],"tipVelocity":[65.1074,151.504,23.2586],"tool":false,"touchDistance":0.333333,"touchZone":"none","type":4,"width":15.7401}],"r":[[0.760547,0.476865,0.440645],[-0.505155,0.860952,-0.0598305],[-0.407905,-0.17709,0.895686]],"s":1.38854,"t":[-0.931505,12.4595,-97.4267],"timestamp":93382757018},false],[6,{"currentFrameRate":55.3429,"devices":[],"gestures":[{"center":[-34.8583,311.374,-90.6185],"duration":108371,"handIds":[467],"id":6,"normal":[-0.387257,0.450516,-0.804405],"pointableIds":[4671],"progress":0.923487,"radius":23.2773,"state":"update","type":"circle"}],"hands":[{"armBasis":[[0.974951,0.184201,-0.124662],[-0.125869,0.919024,0.373568],[0.183379,-0.348519,0.919188]],"armWidth":62.4607,"confidence":0.601519,"direction":[-0.0476181,0.810186,-0.584236],"elbow":[52.781,149.701,286.537],"grabStrength":0,"id":467,"palmNormal":[0.118743,-0.57616,-0.808665],"palmPosition":[-5.18112,281.581,8.3974],"palmVelocity":[43.4061,96.6304,38.1749],"palmWidth":89.1918,"pinchStrength":0.23862,"r":[[0.75795,0.473366,0.448817],[-0.509081,0.859449,-0.0467344],[-0.407857,-0.193062,0.892401]],"s":1.38834,"sphereCenter":[-10.9797,273.727,-34.8829],"sphereRadius":47.082,"stabilizedPalmPosition":[-5.21235,281.525,8.36724],"t":[-0.160198,14.1732,-96.7418],"timeVisible":12.3374,"type":"right","wrist":[4.2473,241.942,43.2609]}],"id":1678803,"interactionBox":{"center":[0,200,0],"size":[235.247,235.247,147.751]},"pointables":[{"bases":[[[0.283592,0.716838,0.636961],[-0.8327,-0.145342,0.534309],[0.47559,-0.681923,0.555693]],[[0.263087,0.74522,0.612725],[-0.751166,-0.240318,0.614815],[0.605421,-0.622008,0.496559]],[[0.263087,0.74522,0.612725],[-0.963503,0.235512,0.127263],[-0.0494654,-0.623844,0.779982]],[[0.263087,0.74522,0.612725],[-0.797828,0.525143,-0.296134],[-0.542454,-0.41094,0.732716]]],"btipPosition":[-37.5771,290.823,-32.4369],"carpPosition":[-22.0509,230.11,34.7379],"dipPosition":[-50.0216,281.395,-15.6276],"direction":[0.0494654,0.623844,-0.779982],"extended":false,"handId":467,"id":4670,"length":51.0864,"mcpPosition":[-22.0509,230.11,34.7379],"pipPosition":[-51.6748,260.545,10.4407],"stabilizedTipPosition":[-40.4506,288.624,-28.5801],"timeVisible":12.3374,"tipPosition":[-40.4074,288.088,-28.3007],"tipVelocity":[42.5759,124.993,33.4922],"tool":false,"touchDistance":-0.145131,"touchZone":"touching","type":0,"width":19.8498},{"bases":[[[0.969708,0.242381,-0.0303028],[-0.149094,0.685576,0.71257],[0.193488,-0.686467,0.700946]],[[0.985926,0.158192,0.0540906],[-0.153493,0.728276,0.667873],[0.0662591,-0.666776,0.742307]],[[0.985926,0.158192,0.0540906],[-0.16615,0.891212,0.422061],[0.0185604,-0.425108,0.904952]],[[0.985926,0.158192,0.0540906],[-0.165959,0.965153,0.20233],[-0.0201988,-0.208459,0.977823]]],"btipPosition":[-33.8307,341.652,-74.9743],"carpPosition":[-16.9853,250.504,44.6532],"dipPosition":[-34.169,338.161,-58.5978],"direction":[-0.0185604,0.425108,-0.904952],"extended":true,"handId":467,"id":4671,"length":57.6453,"mcpPosition":[-30.9389,300.009,-5.89602],"pipPosition":[-33.7293,328.089,-37.157],"stabilizedTipPosition":[-34.0475,340.53,-71.3964],"timeVisible":12.3374,"tipPosition":[-34.4439,342.308,-70.1643],"tipVelocity":[45.1027,134.213,70.1622],"tool":false,"touchDistance":-0.0453802,"touchZone":"touching","type":1,"width":18.9605},{"bases":[[[0.998047,0.0269592,-0.0563526],[0.0212771,0.701446,0.712405],[0.0587342,-0.712212,0.699502]],[[0.997655,0.0314692,-0.0607816],[-0.060302,0.82422,-0.56305],[0.0323787,0.565395,0.824185]],[[0.997655,0.0314692,-0.0607816],[-0.0371974,-0.496162,-0.867433],[-0.0574549,0.86766,-0.493828]],[[0.997655,0.0314692,-0.0607816],[0.00526109,-0.920667,-0.390314],[-0.0682425,0.389079,-0.918673]]],"btipPosition":[-8.45545,245.58,-11.016],"carpPosition":[-5.76743,254.938,45.0756],"dipPosition":[-9.71251,252.747,-27.9385],"direction":[0.0574549,-0.86766,0.493828],"extended":false,"handId":467,"id":4672,"length":65.6822,"mcpPosition":[-9.78421,303.646,-2.76277],"pipPosition":[-11.314,276.932,-41.7037],"stabilizedTipPosition":[-8.95815,246.712,-14.9934],"timeVisible":12.3374,"tipPosition":[-8.84242,247.155,-15.0337],"tipVelocity":[49.8536,112.846,13.3633],"tool":false,"touchDistance":0.333333,"touchZone":"none","type":2,"width":18.6218},{"bases":[[[0.991349,-0.131098,-0.00634356],[0.0943901,0.678518,0.728494],[-0.0911997,-0.72279,0.685023]],[[0.992793,-0.118435,-0.0183249],[0.0837121,0.794738,-0.601152],[0.0857608,0.595285,0.798925]],[[0.992793,-0.118435,-0.0183249],[-0.078