{"sensorType":"Leap","data":[[0,{"currentFrameRate":54.6078,"devices":[],"gestures":[],"hands":[{"armBasis":[[0.924902,0.304764,-0.227323],[-0.213079,0.910667,0.353952],[0.314888,-0.278933,0.907217]],"armWidth":62.4607,"confidence":0.94078,"direction":[-0.00470537,0.511234,-0.859428],"elbow":[67.13,153.632,297.915],"grabStrength":0,"id":467,"palmNormal":[0.215171,-0.838789,-0.500135],"palmPosition":[-22.8443,249.565,9.40468],"palmVelocity":[60.3995,-14.379,80.8963],"palmWidth":89.1918,"pinchStrength":0.15244,"r":[[0.668909,0.655865,0.349859],[-0.552943,0.753574,-0.3555],[-0.496805,0.0443452,0.866729]],"s":1.41534,"sphereCenter":[-30.447,223.4,-28.5546],"sphereRadius":48.62,"stabilizedPalmPosition":[-25.209,250.133,6.18461],"t":[-18.1923,-15.8552,-96.5274],"timeVisible":7.37553,"type":"right","wrist":[-16.2094,227.455,57.807]}],"id":1678529,"interactionBox":{"center":[0,200,0],"size":[235.247,235.247,147.751]},"pointables":[{"bases":[[[0.199595,0.925354,0.322308],[-0.880325,0.0248819,0.473719],[0.430338,-0.378288,0.819578]],[[0.194741,0.92955,0.313069],[-0.786344,-0.042829,0.616303],[0.586293,-0.3662,0.722605]],[[0.194741,0.92955,0.313069],[-0.97456,0.219472,-0.0454316],[-0.110941,-0.296257,0.948643]],[[0.194741,0.92955,0.313069],[-0.700133,0.355273,-0.61935],[-0.686942,-0.0985772,0.719995]]],"btipPosition":[-50.4264,241.709,-31.1493],"carpPosition":[-41.2055,211.627,52.4314],"dipPosition":[-66.1855,239.447,-14.6318],"direction":[0.110941,0.296257,-0.948643],"extended":false,"handId":467,"id":4670,"length":51.0864,"mcpPosition":[-41.2055,211.627,52.4314],"pipPosition":[-69.8934,229.546,17.0735],"stabilizedTipPosition":[-57.206,242.368,-33.4376],"timeVisible":7.37553,"tipPosition":[-54.0699,241.045,-27.7592],"tipVelocity":[67.7113,-28.6507,90.1703],"tool":false,"touchDistance":0.475791,"touchZone":"hovering","type":0,"width":19.8498},{"bases":[[[0.961911,0.270456,-0.0397494],[-0.237801,0.899604,0.366282],[0.134822,-0.342878,0.929655]],[[0.968808,0.246745,0.0229638],[-0.242328,0.923911,0.296084],[0.0518407,-0.292414,0.954886]],[[0.968808,0.246745,0.0229638],[-0.247806,0.964019,0.0962274],[0.00160603,-0.0989165,0.995094]],[[0.968808,0.246745,0.0229638],[-0.244913,0.96749,-0.0630885],[-0.037784,0.0554966,0.997744]]],"btipPosition":[-48.9695,273.003,-93.7013],"carpPosition":[-37.6583,234.547,53.8414],"dipPosition":[-49.6023,273.932,-76.9912],"direction":[-0.00160603,0.0989165,-0.995094],"extended":true,"handId":467,"id":4671,"length":57.6453,"mcpPosition":[-47.3811,259.274,-13.2013],"pipPosition":[-49.5643,271.589,-53.4147],"stabilizedTipPosition":[-50.6013,274.758,-90.6093],"timeVisible":7.37553,"tipPosition":[-49.5685,273.833,-89.7379],"tipVelocity":[93.3223,-104.002,57.2884],"tool":false,"touchDistance":-0.150618,"touchZone":"touching","type":1,"width":18.9605},{"bases":[[[0.997634,0.0642952,0.0243599],[-0.0687375,0.924631,0.37461],[0.00156169,-0.375398,0.926862]],[[0.997596,0.0670266,0.0176112],[-0.0183175,0.50011,-0.865768],[-0.066837,0.863364,0.500135]],[[0.997596,0.0670266,0.0176112],[0.0600722,-0.709641,-0.701998],[-0.0345549,0.701368,-0.711961]],[[0.997596,0.0670266,0.0176112],[0.0692428,-0.974499,-0.213443],[0.00285566,0.21415,-0.976797]]],"btipPosition":[-22.6859,200.862,4.26218],"carpPosition":[-26.6476,239.476,53.4411],"dipPosition":[-22.6333,204.807,-13.731],"direction":[0.0345549,-0.701368,0.711961],"extended":false,"handId":467,"id":4672,"length":65.6822,"mcpPosition":[-26.7544,265.149,-9.94622],"pipPosition":[-23.5965,224.357,-33.5765],"stabilizedTipPosition":[-25.6674,202.64,-7.23842],"timeVisible":7.37553,"tipPosition":[-22.5694,201.579,-0.65368],"tipVelocity":[64.6347,-20.098,109.095],"tool":false,"touchDistance":0.333333,"touchZone":"none","type":2,"width":18.6218},{"bases":[[[0.989314,-0.0615353,0.13218],[0.00279943,0.914424,0.404749],[-0.145775,-0.400053,0.904824]],[[0.990929,-0.0569185,0.121739],[0.133828,0.500536,-0.855309],[-0.0122517,0.863843,0.503613]],[[0.990929,-0.0569185,0.121739],[0.0457942,-0.708643,-0.70408],[0.126344,0.703268,-0.699608]],[[0.990929,-0.0569185,0.121739],[-0.0273852,-0.972395,-0.231729],[0.131568,0.226293,-0.965133]]],"btipPosition":[-11.1077,204.853,12.3774],"carpPosition":[-14.7547,241.364,53.3183],"dipPosition":[-8.69807,208.998,-5.29876],"direction":[-0.126344,-0.703268,0.699608],"extended":false,"handId":467,"id":4673,"length":63.1552,"mcpPosition":[-5.80383,265.928,-2.23976],"pipPosition":[-5.26725,228.095,-24.2963],"stabilizedTipPosition":[-13.5642,206.385,1.28554],"timeVisible":7.37553,"tipPosition":[-10.5048,205.667,8.02301],"tipVelocity":[63.1235,-14.6636,107.865],"tool":false,"touchDistance":0.333333,"touchZone":"none","type":3,"width":17.7198},{"bases":[[[0.95164,-0.257661,0.16731],[0.14375,0.854761,0.498719],[-0.271511,-0.45055,0.850463]],[[0.943332,-0.270668,0.191997],[0.31385,0.539719,-0.781154],[0.107809,0.797146,0.594084]],[[0.943332,-0.270668,0.191997],[-0.0253753,-0.635708,-0.771513],[0.330878,0.722921,-0.606552]],[[0.943332,-0.270668,0.191997],[-0.196085,-0.921398,-0.335523],[0.267722,0.278862,-0.922259]]],"btipPosition":[-0.963103,215.636,11.1411],"carpPosition":[-1.79172,236.228,52.8603],"dipPosition":[3.56036,220.347,-4.44152],"direction":[-0.330878,-0.722921,0.606552],"extended":false,"handId":467,"id":4674,"length":49.5125,"mcpPosition":[13.6407,261.837,4.52069],"pipPosition":[9.90404,234.207,-16.0705],"stabilizedTipPosition":[-2.82952,217.333,1.33759],"timeVisible":7.37553,"tipPosition":[0.319941,216.502,7.40564],"tipVelocity":[60.6535,-13.9974,104.466],"tool":false,"touchDistance":0.333333,"touchZone":"none","type":4,"width":15.7401}],"r":[[0.668909,0.655865,0.349859],[-0.552943,0.753574,-0.3555],[-0.496805,0.0443452,0.866729]],"s":1.41534,"t":[-18.1923,-15.8552,-96.5274],"timestamp":93377813232},true],[1,{"currentFrameRate":54.6815,"devices":[],"gestures":[],"hands":[{"armBasis":[[0.92345,0.309593,-0.226701],[-0.220154,0.911353,0.347804],[0.314282,-0.27127,0.909747]],"armWidth":62.4607,"confidence":0.947333,"direction":[-0.00198788,0.505243,-0.862975],"elbow":[68.5241,155.847,300.006],"grabStrength":0,"id":467,"palmNormal":[0.222731,-0.841074,-0.492935],"palmPosition":[-21.1014,249.381,10.6335],"palmVelocity":[77.6004,-12.4126,74.8519],"palmWidth":89.1918,"pinchStrength":0.152283,"r":[[0.667896,0.659455,0.345014],[-0.554195,0.750091,-0.360876],[-0.496773,0.0498227,0.866449]],"s":1.41363,"sphereCenter":[-27.9551,222.756,-27.184],"sphereRadius":48.5348,"stabilizedPalmPosition":[-24.3779,249.981,7.0847],"t":[-16.7507,-16.0844,-95.1742],"timeVisible":7.39356,"type":"right","wrist":[-14.655,227.642,59.2289]}],"id":1678530,"interactionBox":{"center":[0,200,0],"size":[235.247,235.247,147.751]},"pointables":[{"bases":[[[0.192684,0.928609,0.31711],[-0.883408,0.0234826,0.468015],[0.427156,-0.370317,0.824865]],[[0.188178,0.932454,0.308412],[-0.789787,-0.0429925,0.611873],[0.583803,-0.35872,0.72835]],[[0.188178,0.932454,0.308412],[-0.975387,0.21418,-0.0524199],[-0.114935,-0.290957,0.949808]],[[0.188178,0.932454,0.308412],[-0.696317,0.348122,-0.627657],[-0.692627,-0.0966413,0.714793]]],"btipPosition":[-48.3682,241.138,-29.9742],"carpPosition":[-39.533,211.644,53.8071],"dipPosition":[-64.2578,238.921,-13.576],"direction":[0.114935,0.290957,-0.949808],"extended":false,"handId":467,"id":4670,"length":51.0864,"mcpPosition":[-39.533,211.644,53.8071],"pipPosition":[-68.0992,229.197,18.1682],"stabilizedTipPosition":[-56.8386,242.245,-32.9247],"timeVisible":7.39356,"tipPosition":[-52.0414,240.471,-26.6146],"tipVelocity":[88.9499,-29.7991,77.5923],"tool":false,"touchDistance":0.47876,"touchZone":"hovering","type":0,"width":19.8498},{"bases":[[[0.960705,0.27528,-0.0356075],[-0.244838,0.900841,0.358523],[0.130771,-0.335717,0.932841]],[[0.967508,0.25107,0.02987],[-0.249196,0.926901,0.280636],[0.0427727,-0.278961,0.959349]],[[0.967508,0.25107,0.02987],[-0.252597,0.964988,0.0706558],[-0.0110847,-0.0759051,0.997053]],[[0.967508,0.25107,0.02987],[-0.247265,0.96422,-0.0955981],[-0.0528031,0.0851062,0.994972]]],"btipPosition":[-46.2006,270.924,-92.8806],"carpPosition":[-36.1156,234.592,55.0799],"dipPosition":[-47.0849,272.349,-76.2169],"direction":[0.0110847,0.0759052,-0.997053],"extended":true,"handId":467,"id":4671,"length":57.6453,"mcpPosition":[-45.5462,258.803,-12.1925],"pipPosition":[-47.3475,270.551,-52.5939],"stabilizedTipPosition":[-47.7647,272.388,-89.5541],"timeVisible":7.39356,"tipPosition":[-46.9561,272.102,-88.9018],"tipVelocity":[120.379,-106.371,51.4261],"tool":false,"touchDistance":-0.144747,"touchZone":"touching","type":1,"width":18.9605},{"bases":[[[0.997108,0.0697604,0.0301559],[-0.0759646,0.926823,0.367735],[-0.00229583,-0.368962,0.929441]],[[0.997098,0.0724592,0.0233518],[-0.0154874,0.493391,-0.86967],[-0.0745372,0.866784,0.493081]],[[0.997098,0.0724592,0.0233518],[0.0682581,-0.71508,-0.695702],[-0.0337117,0.695277,-0.717951]],[[0.997098,0.0724592,0.0233518],[0.0757138,-0.975852,-0.204891],[0.00794165,0.206064,-0.978506]]],"btipPosition":[-20.6566,200.679,5.89073],"carpPosition":[-25.1288,239.576,54.7143],"dipPosition":[-20.5103,204.475,-12.134],"direction":[0.0337117,-0.695277,0.717951],"extended":false,"handId":467,"id":4672,"length":65.6822,"mcpPosition":[-24.9717,264.809,-8.84939],"pipPosition":[-21.45,223.855,-32.1464],"stabilizedTipPosition":[-25.468,202.597,-6.88317],"timeVisible":7.39356,"tipPosition":[-20.5158,201.354,0.97443],"tipVelocity":[87.9304,-16.2704,100.001],"tool":false,"touchDistance":0.333333,"touchZone":"none","type":2,"width":18.6218},{"bases":[[[0.988772,-0.0553635,0.138794],[-0.00456607,0.917204,0.398391],[-0.149359,-0.394552,0.906654]],[[0.990425,-0.0508213,0.128356],[0.136598,0.49532,-0.857904],[-0.0199775,0.867223,0.497519]],[[0.990425,-0.0508213,0.128356],[0.0539716,-0.713227,-0.698852],[0.127064,0.699089,-0.703655]],[[0.990425,-0.0508213,0.128356],[-0.0208042,-0.974101,-0.225156],[0.136474,0.22033,-0.965831]]],"btipPosition":[-9.14936,204.753,13.9891],"carpPosition":[-13.2454,241.527,54.6528],"dipPosition":[-6.64987,208.788,-3.69981],"direction":[-0.127064,-0.699089,0.703655],"extended":false,"handId":467,"id":4673,"length":63.1552,"mcpPosition":[-4.07446,265.753,-1.01756],"pipPosition":[-3.19952,227.772,-22.8072],"stabilizedTipPosition":[-13.3731,206.358,1.61614],"timeVisible":7.39356,"tipPosition":[-8.52316,205.541,9.63518],"tipVelocity":[85.2455,-11.0135,99.0254],"tool":false,"touchDistance":0.333333,"touchZone":"none","type":3,"width":17.7198},{"bases":[[[0.951912,-0.251439,0.17505],[0.136102,0.858942,0.493654],[-0.274482,-0.44609,0.851859]],[[0.943077,-0.264956,0.201005],[0.316999,0.533367,-0.784239],[0.100579,0.803317,0.586997]],[[0.943077,-0.264956,0.201005],[-0.0175031,-0.643099,-0.765583],[0.332112,0.718486,-0.61113]],[[0.943077,-0.264956,0.201005],[-0.189763,-0.925054,-0.329036],[0.273121,0.272163,-0.922677]]],"btipPosition":[0.880296,215.595,12.8536],"carpPosition":[-0.252905,236.456,54.3117],"dipPosition":[5.49499,220.193,-2.73608],"direction":[-0.332112,-0.718486,0.61113],"extended":false,"handId":467,"id":4674,"length":49.5125,"mcpPosition":[15.3484,261.812,5.89275],"pipPosition":[11.8623,233.968,-14.4528],"stabilizedTipPosition":[-2.62778,217.304,1.67292],"timeVisible":7.39356,"tipPosition":[2.19779,216.445,9.08485],"tipVelocity":[80.9316,-9.11182,99.9238],"tool":false,"touchDistance":0.333333,"touchZone":"none","type":4,"width":15.7401}],"r":[[0.667896,0.659455,0.345014],[-0.554195,0.750091,-0.360876],[-0.496773,0.0498227,0.866449]],"s":1.41363,"t":[-16.7507,-16.0844,-95.1742],"timestamp":93377831262},true],[2,{"currentFrameRate":54.7939,"devices":[],"gestures":[],"hands":[{"armBasis":[[0.922565,0.313861,-0.224422],[-0.226145,0.911114,0.344571],[0.312621,-0.267137,0.91154]],"armWidth":62.4607,"confidence":0.947407,"direction":[0.00156082,0.509803,-0.86029],"elbow":[69.6889,156.389,301.77],"grabStrength":0,"id":467,"palmNormal":[0.22966,-0.837479,-0.495869],"palmPosition":[-19.2678,249.059,11.9965],"palmVelocity":[89.4154,-15.0519,75.5452],"palmWidth":89.1918,"pinchStrength":0.152937,"r":[[0.666053,0.662514,0.342709],[-0.555351,0.747182,-0.365108],[-0.497955,0.0528581,0.86559]],"s":1.41151,"sphereCenter":[-25.3965,222.436,-25.9955],"sphereRadius":48.4453,"stabilizedPalmPosition":[-23.1848,249.766,8.23148],"t":[-15.1131,-16.3598,-93.816],"timeVisible":7.41142,"type":"right","wrist":[-13.0506,227.091,60.5184]}],"id":1678531,"interactionBox":{"center":[0,200,0],"size":[235.247,235.247,147.751]},"pointables":[{"bases":[[[0.186532,0.927734,0.323287],[-0.886598,0.0171908,0.462222],[0.423262,-0.372845,0.825734]],[[0.182212,0.931484,0.314861],[-0.793554,-0.0497657,0.606461],[0.580578,-0.360363,0.730115]],[[0.182212,0.931484,0.314861],[-0.975939,0.210333,-0.0574669],[-0.119755,-0.296814,0.947397]],[[0.182212,0.931484,0.314861],[-0.691273,0.349082,-0.632679],[-0.699243,-0.102373,0.707516]]],"btipPosition":[-46.1867,240.917,-28.7739],"carpPosition":[-37.8222,211.015,54.8463],"dipPosition":[-62.228,238.568,-12.5427],"direction":[0.119755,0.296814,-0.947397],"extended":false,"handId":467,"id":4670,"length":51.0864,"mcpPosition":[-37.8222,211.015,54.8463],"pipPosition":[-66.2305,228.648,19.121],"stabilizedTipPosition":[-56.2227,242.079,-32.2272],"timeVisible":7.41142,"tipPosition":[-49.9026,240.223,-25.4581],"tipVelocity":[103.675,-22.4085,71.6894],"tool":false,"touchDistance":0.481646,"touchZone":"hovering","type":0,"width":19.8498},{"bases":[[[0.959715,0.279603,-0.0277366],[-0.251131,0.897862,0.36163],[0.126016,-0.340096,0.931909]],[[0.966323,0.254225,0.0398624],[-0.255193,0.926803,0.275521],[0.0330996,-0.276415,0.960468]],[[0.966323,0.254225,0.0398624],[-0.256183,0.965015,0.0558305],[-0.0242743,-0.0641624,0.997644]],[[0.966323,0.254225,0.0398624],[-0.248148,0.961605,-0.117206],[-0.0681287,0.103367,0.992307]]],"btipPosition":[-43.2786,269.926,-91.6468],"carpPosition":[-34.5131,233.97,56.2629],"dipPosition":[-44.4196,271.657,-75.0277],"direction":[0.0242743,0.0641624,-0.997644],"extended":true,"handId":467,"id":4671,"length":57.6453,"mcpPosition":[-43.6008,258.496,-10.9423],"pipPosition":[-44.9947,270.137,-51.3908],"stabilizedTipPosition":[-44.696,270.889,-88.2974],"timeVisible":7.41142,"tipPosition":[-44.1713,271.389,-87.651],"tipVelocity":[139.194,-80.7166,59.4762],"tool":false,"touchDistance":-0.132226,"touchZone":"touching","type":1,"width":18.9605},{"bases":[[[0.996573,0.0738962,0.0371827],[-0.0824372,0.924522,0.372107],[-0.00687899,-0.373896,0.927445]],[[0.996596,0.0766674,0.0303028],[-0.0119025,0.497543,-0.867357],[-0.081575,0.864044,0.496762]],[[0.996596,0.0766674,0.0303028],[0.0759777,-0.711536,-0.698529],[-0.0319929,0.698454,-0.714939]],[[0.996596,0.0766674,0.0303028],[0.0813239,-0.974541,-0.208942],[0.0135122,0.210695,-0.977458]]],"btipPosition":[-18.5782,200.399,7.03285],"carpPosition":[-23.5458,239.003,55.9971],"dipPosition":[-18.3293,204.28,-10.9725],"direction":[0.0319929,-0.698454,0.714939],"extended":false,"handId":467,"id":4672,"length":65.6822,"mcpPosition":[-23.0753,264.574,-7.43011],"pipPosition":[-19.2211,223.749,-30.901],"stabilizedTipPosition":[-25.1184,202.531,-6.39128],"timeVisible":7.41142,"tipPosition":[-18.4113,201.099,2.12882],"tipVelocity":[101.958,-15.4684,83.1373],"tool":false,"touchDistance":0.333333,"touchZone":"none","type":2,"width":18.6218},{"bases":[[[0.988058,-0.0518372,0.145101],[-0.0112032,0.915049,0.403188],[-0.153675,-0.399998,0.903541]],[[0.989733,-0.047309,0.134871],[0.140361,0.499733,-0.854732],[-0.0269628,0.864887,0.501242]],[[0.989733,-0.047309,0.134871],[0.0616609,-0.709968,-0.701529],[0.128942,0.702643,-0.699762]],[[0.989733,-0.047309,0.134871],[-0.0152184,-0.973148,-0.229676],[0.142115,0.225265,-0.963877]]],"btipPosition":[-7.15822,204.481,15.2482],"carpPosition":[-11.6709,241.005,56.0252],"dipPosition":[-4.55542,208.607,-2.405],"direction":[-0.128943,-0.702643,0.699762],"extended":false,"handId":467,"id":4673,"length":63.1552,"mcpPosition":[-2.23493,265.566,0.545994],"pipPosition":[-1.05405,227.687,-21.4067],"stabilizedTipPosition":[-13.0589,206.315,2.05758],"timeVisible":7.41142,"tipPosition":[-6.50251,205.292,10.8913],"tipVelocity":[98.2401,-12.438,85.805],"tool":false,"touchDistance":0.333333,"touchZone":"none","type":3,"width":17.7198},{"bases":[[[0.951809,-0.248259,0.180075],[0.12908,0.856889,0.499079],[-0.278205,-0.451784,0.84764]],[[0.942613,-0.262311,0.206578],[0.320592,0.538183,-0.779474],[0.0932874,0.800969,0.591393]],[[0.942613,-0.262311,0.206578],[-0.00950611,-0.639538,-0.768701],[0.333753,0.722623,-0.60533]],[[0.942613,-0.262311,0.206578],[-0.183758,-0.924135,-0.334974],[0.278774,0.27779,-0.919303]]],"btipPosition":[2.81612,215.362,14.2053],"carpPosition":[1.34553,235.993,55.7442],"dipPosition":[7.52632,220.056,-1.32741],"direction":[-0.333753,-0.722623,0.60533],"extended":false,"handId":467,"id":4674,"length":49.5125,"mcpPosition":[17.1585,261.672,7.56497],"pipPosition":[13.9251,233.91,-12.9329],"stabilizedTipPosition":[-2.32081,217.264,2.09429],"timeVisible":7.41142,"tipPosition":[4.16085,216.241,10.4472],"tipVelocity":[94.4518,-10.3835,88.8531],"tool":false,"touchDistance":0.333333,"touchZone":"none","type":4,"width":15.7401}],"r":[[0.666053,0.662514,0.342709],[-0.555351,0.747182,-0.365108],[-0.497955,0.0528581,0.86559]],"s":1.41151,"t":[-15.1131,-16.3598,-93.816],"timestamp":93377849120},false],[3,{"currentFrameRate":54.8167,"devices":[],"gestures":[],"hands":[{"armBasis":[[0.922851,0.315585,-0.220798],[-0.229746,0.911158,0.342064],[0.309133,-0.264946,0.913368]],"armWidth":62.4607,"confidence":0.906521,"direction":[0.00535484,0.510413,-0.859913],"elbow":[70.322,156.899,303.159],"grabStrength":0,"id":467,"palmNormal":[0.234049,-0.836679,-0.495165],"palmPosition":[-17.4842,249.011,12.883],"palmVelocity":[93.6047,-9.12466,62.7967],"palmWidth":89.1918,"pinchStrength":0.154344,"r":[[0.663937,0.665161,0.341685],[-0.556147,0.744675,-0.368999],[-0.499888,0.0549648,0.864344]],"s":1.40885,"sphereCenter":[-22.9739,222.202,-25.1469],"sphereRadius":48.338,"stabilizedPalmPosition":[-21.5049,249.543,9.60227],"t":[-13.4025,-16.5214,-92.6937],"timeVisible":7.42958,"type":"right","wrist":[-11.4943,227.021,61.4235]}],"id":1678532,"interactionBox":{"center":[0,200,0],"size":[235.247,235.247,147.751]},"pointables":[{"bases":[[[0.18292,0.927867,0.324966],[-0.889188,0.0151383,0.457291],[0.419385,-0.372604,0.827818]],[[0.178624,0.931627,0.316488],[-0.79683,-0.0517249,0.601985],[0.577196,-0.359716,0.733109]],[[0.178624,0.931627,0.316488],[-0.976022,0.20844,-0.0627126],[-0.124394,-0.297697,0.946521]],[[0.178624,0.931627,0.316488],[-0.685708,0.34855,-0.638997],[-0.705619,-0.102878,0.701084]]],"btipPosition":[-44.1003,240.812,-27.9875],"carpPosition":[-36.2025,210.901,55.6023],"dipPosition":[-60.2879,238.452,-11.9039],"direction":[0.124394,0.297697,-0.946521],"extended":false,"handId":467,"id":4670,"length":51.0864,"mcpPosition":[-36.2025,210.901,55.6023],"pipPosition":[-64.4454,228.502,19.7305],"stabilizedTipPosition":[-55.2342,241.866,-31.2929],"timeVisible":7.42958,"tipPosition":[-47.8649,240.132,-24.7057],"tipVelocity":[108.131,-14.5374,57.2592],"tool":false,"touchDistance":0.478101,"touchZone":"hovering","type":0,"width":19.8498},{"bases":[[[0.959307,0.28149,-0.0221986],[-0.254891,0.897116,0.360851],[0.121491,-0.340509,0.932359]],[[0.965688,0.255374,0.0472355],[-0.258617,0.928963,0.264848],[0.0237552,-0.267976,0.963133]],[[0.965688,0.255374,0.0472355],[-0.257042,0.965824,0.033359],[-0.0371022,-0.0443558,0.998327]],[[0.965688,0.255374,0.0472355],[-0.246104,0.957937,-0.147613],[-0.082945,0.130923,0.987917]]],"btipPosition":[-40.4397,268.561,-90.9436],"carpPosition":[-32.9461,233.862,57.0534],"dipPosition":[-41.8288,270.754,-74.3981],"direction":[0.0371022,0.0443558,-0.998327],"extended":true,"handId":467,"id":4671,"length":57.6453,"mcpPosition":[-41.7075,258.418,-10.1843],"pipPosition":[-42.7079,269.703,-50.745],"stabilizedTipPosition":[-41.5893,269.45,-87.3826],"timeVisible":7.42958,"tipPosition":[-41.4511,270.366,-86.9452],"tipVelocity":[145.853,-75.275,49.1316],"tool":false,"touchDistance":-0.12999,"touchZone":"touching","type":1,"width":18.9605},{"bases":[[[0.996204,0.0758094,0.0427818],[-0.0863098,0.924096,0.372285],[-0.0113117,-0.374565,0.927132]],[[0.996261,0.0786061,0.0358529],[-0.00808347,0.497968,-0.867157],[-0.0860175,0.863625,0.496742]],[[0.996261,0.0786061,0.0358529],[0.0812349,-0.710989,-0.698495],[-0.029415,0.698796,-0.714716]],[[0.996261,0.0786061,0.0358529],[0.0843943,-0.974243,-0.209113],[0.0184919,0.211357,-0.977234]]],"btipPosition":[-16.6703,200.356,7.89988],"carpPosition":[-21.9874,238.916,56.8521],"dipPosition":[-16.3297,204.249,-10.1014],"direction":[0.029415,-0.698796,0.714716],"extended":false,"handId":467,"id":4672,"length":65.6822,"mcpPosition":[-21.2138,264.532,-6.55369],"pipPosition":[-17.1496,223.728,-30.0237],"stabilizedTipPosition":[-24.523,202.442,-5.68252],"timeVisible":7.42958,"tipPosition":[-16.4801,201.063,3.00469],"tipVelocity":[103.983,-9.15395,66.2822],"tool":false,"touchDistance":0.333333,"touchZone":"none","type":2,"width":18.6218},{"bases":[[[0.987334,-0.0500167,0.150564],[-0.0152316,0.91474,0.403756],[-0.157921,-0.400935,0.902392]],[[0.989044,-0.0455143,0.140428],[0.144223,0.50081,-0.853457],[-0.0314831,0.86436,0.501888]],[[0.989044,-0.0455143,0.140428],[0.0670118,-0.709189,-0.701827],[0.131533,0.703548,-0.698369]],[[0.989044,-0.0455143,0.140428],[-0.0120368,-0.972979,-0.230578],[0.147128,0.226362,-0.962867]]],"btipPosition":[-5.30752,204.453,16.1566],"carpPosition":[-10.1167,240.941,56.9477],"dipPosition":[-2.61292,208.599,-1.47808],"direction":[-0.131533,-0.703548,0.698369],"extended":false,"handId":467,"id":4673,"length":63.1552,"mcpPosition":[-0.420055,265.56,1.539],"pipPosition":[0.958797,227.704,-20.442],"stabilizedTipPosition":[-12.5386,206.259,2.68185],"timeVisible":7.42958,"tipPosition":[-4.62924,205.272,11.8146],"tipVelocity":[100.537,-7.12066,68.8514],"tool":false,"touchDistance":0.333333,"touchZone":"none","type":3,"width":17.7198},{"bases":[[[0.951274,-0.246534,0.185198],[0.124629,0.856785,0.500386],[-0.282037,-0.452924,0.845763]],[[0.941682,-0.261015,0.212383],[0.324667,0.538804,-0.777355],[0.0884688,0.800975,0.592125]],[[0.941682,-0.261015,0.212383],[-0.00380662,-0.639366,-0.768893],[0.336483,0.723244,-0.603073]],[[0.941682,-0.261015,0.212383],[-0.180305,-0.924274,-0.336464],[0.284122,0.278548,-0.917434]]],"btipPosition":[4.6235,215.364,15.2032],"carpPosition":[2.91079,235.955,56.7356],"dipPosition":[9.42406,220.07,-0.297897],"direction":[-0.336483,-0.723244,0.603073],"extended":false,"handId":467,"id":4674,"length":49.5125,"mcpPosition":[18.9416,261.698,8.66313],"pipPosition":[15.8752,233.936,-11.8602],"stabilizedTipPosition":[-1.83983,217.215,2.66462],"timeVisible":7.42958,"tipPosition":[5.99419,216.249,11.4533],"tipVelocity":[97.4088,-5.31592,72.875],"tool":false,"touchDistance":0.333333,"touchZone":"none","type":4,"width":15.7401}],"r":[[0.663937,0.665161,0.341685],[-0.556147,0.744675,-0.368999],[-0.499888,0.0549648,0.864344]],"s":1.40885,"t":[-13.4025,-16.5214,-92.6937],"timestamp":93377867283},false],[4,{"currentFrameRate":54.8827,"devices":[],"gestures":[],"hands":[{"armBasis":[[0.923174,0.315965,-0.2189],[-0.230282,0.910596,0.343198],[0.307767,-0.266422,0.913399]],"armWidth":62.4607,"confidence":0.91623,"direction":[0.0102318,0.510426,-0.859861],"elbow":[71.3884,156.558,304.182],"grabStrength":0,"id":467,"palmNormal":[0.235312,-0.836986,-0.494047],"palmPosition":[-15.7904,249.07,13.8699],"palmVelocity":[93.8613,-3.2534,59.0363],"palmWidth":89.1918,"pinchStrength":0.1561,"r":[[0.662092,0.66709,0.341504],[-0.556211,0.742811,-0.372641],[-0.502258,0.0567744,0.862852]],"s":1.40607,"sphereCenter":[-20.8275,222.134,-24.1675],"sphereRadius":48.2507,"stabilizedPalmPosition":[-19.5731,249.383,11.0449],"t":[-11.7003,-16.5727,-91.6391],"timeVisible":7.44757,"type":"right","wrist":[-10.0665,227.07,62.4383]}],"id":1678533,"interactionBox":{"center":[0,200,0],"size":[235.247,235.247,147.751]},"pointables":[{"bases":[[[0.182603,0.927609,0.32588],[-0.89138,0.0163404,0.452962],[0.414847,-0.373195,0.829836]],[[0.178198,0.931511,0.31707],[-0.800008,-0.0504607,0.597863],[0.572916,-0.360196,0.736224]],[[0.178198,0.931511,0.31707],[-0.97546,0.209578,-0.0674897],[-0.129318,-0.297262,0.945998]],[[0.178198,0.931511,0.31707],[-0.679357,0.349573,-0.645192],[-0.711843,-0.100432,0.695121]]],"btipPosition":[-42.1491,240.848,-27.0914],"carpPosition":[-34.7682,210.985,56.4966],"dipPosition":[-58.4795,238.544,-11.1446],"direction":[0.129318,0.297262,-0.945998],"extended":false,"handId":467,"id":4670,"length":51.0864,"mcpPosition":[-34.7682,210.985,56.4966],"pipPosition":[-62.8016,228.609,20.4723],"stabilizedTipPosition":[-53.9022,241.645,-30.1693],"timeVisible":7.44757,"tipPosition":[-45.9654,240.207,-23.833],"tipVelocity":[107.418,-6.35744,52.9027],"tool":false,"touchDistance":0.476594,"touchZone":"hovering","type":0,"width":19.8498},{"bases":[[[0.959787,0.280181,-0.0175257],[-0.255418,0.897454,0.359635],[0.116492,-0.340696,0.932929]],[[0.965875,0.253394,0.0536459],[-0.25857,0.93126,0.256703],[0.0150886,-0.261814,0.965]],[[0.965875,0.253394,0.0536459],[-0.254567,0.96692,0.0161937],[-0.0477679,-0.0292975,0.998429]],[[0.965875,0.253394,0.0536459],[-0.241144,0.955341,-0.1708],[-0.0945297,0.152035,0.983844]]],"btipPosition":[-37.8089,267.684,-90.0868],"carpPosition":[-31.4875,233.941,57.9641],"dipPosition":[-39.3921,270.23,-73.6095],"direction":[0.0477679,0.0292975,-0.998429],"extended":true,"handId":467,"id":4671,"length":57.6453,"mcpPosition":[-39.8884,258.51,-9.31459],"pipPosition":[-40.5238,269.536,-49.954],"stabilizedTipPosition":[-38.763,268.473,-86.4845],"timeVisible":7.44757,"tipPosition":[-38.8919,269.679,-86.1098],"tipVelocity":[144.856,-60.5813,48.0055],"tool":false,"touchDistance":-0.124254,"touchZone":"touching","type":1,"width":18.9605},{"bases":[[[0.996087,0.0744494,0.047627],[-0.0868583,0.924204,0.371889],[-0.0163302,-0.374571,0.927054]],[[0.996182,0.0772739,0.0406297],[-0.00324363,0.497818,-0.867275],[-0.087244,0.863832,0.496168]],[[0.996182,0.0772739,0.0406297],[0.083636,-0.711201,-0.697996],[-0.025041,0.698729,-0.714948]],[[0.996182,0.0772739,0.0406297],[0.0840917,-0.974369,-0.208649],[0.0234651,0.211269,-0.977146]]],"btipPosition":[-15.0164,200.414,8.90133],"carpPosition":[-20.5211,238.98,57.8163],"dipPosition":[-14.5842,204.306,-9.0983],"direction":[0.025041,-0.698729,0.714948],"extended":false,"handId":467,"id":4672,"length":65.6822,"mcpPosition":[-19.4042,264.597,-5.58419],"pipPosition":[-15.2822,223.783,-29.027],"stabilizedTipPosition":[-23.6977,202.344,-4.78522],"timeVisible":7.44757,"tipPosition":[-14.8042,201.123,4.01416],"tipVelocity":[98.8295,-3.29861,61.2632],"tool":false,"touchDistance":0.333333,"touchZone":"none","type":2,"width":18.6218},{"bases":[[[0.986521,-0.051367,0.155361],[-0.0159467,0.91475,0.403705],[-0.162853,-0.400741,0.901602]],[[0.988275,-0.0468991,0.145306],[0.149137,0.500517,-0.852784],[-0.0327334,0.864455,0.501643]],[[0.988275,-0.0468991,0.145306],[0.0694687,-0.709346,-0.701429],[0.135969,0.703299,-0.69777]],[[0.988275,-0.0468991,0.145306],[-0.0122676,-0.972971,-0.230601],[0.152194,0.226115,-0.962138]]],"btipPosition":[-3.69469,204.496,17.2082],"carpPosition":[-8.64828,240.989,57.9697],"dipPosition":[-0.907309,208.638,-0.413104],"direction":[-0.135969,-0.703299,0.69777],"extended":false,"handId":467,"id":4673,"length":63.1552,"mcpPosition":[1.35124,265.596,2.60953],"pipPosition":[2.78485,227.735,-19.3607],"stabilizedTipPosition":[-11.8256,206.198,3.46912],"timeVisible":7.44757,"tipPosition":[-2.99312,205.315,12.8704],"tipVelocity":[95.9407,-2.64471,64.0074],"tool":false,"touchDistance":0.333333,"touchZone":"none","type":3,"width":17.7198},{"bases":[[[0.950025,-0.247836,0.189813],[0.123363,0.856603,0.501012],[-0.286763,-0.452559,0.844368]],[[0.940018,-0.262672,0.217645],[0.329939,0.538054,-0.775654],[0.0866384,0.800938,0.592446]],[[0.940018,-0.262672,0.217645],[-0.000706505,-0.639519,-0.768775],[0.341124,0.722509,-0.601345]],[[0.940018,-0.262672,0.217645],[-0.180098,-0.924003,-0.337317],[0.289708,0.277887,-0.915887]]],"btipPosition":[6.23472,215.399,16.2973],"carpPosition":[4.3733,235.985,57.8208],"dipPosition":[11.1297,220.095,0.822309],"direction":[-0.341124,-0.722509,0.601345],"extended":false,"handId":467,"id":4674,"length":49.5125,"mcpPosition":[20.6727,261.708,9.82758],"pipPosition":[17.6698,233.947,-10.7068],"stabilizedTipPosition":[-1.19196,217.163,3.37397],"timeVisible":7.44757,"tipPosition":[7.63068,216.284,12.558],"tipVelocity":[94.2617,-1.92281,67.3199],"tool":false,"touchDistance":0.333333,"touchZone":"none","type":4,"width":15.7401}],"r":[[0.662092,0.66709,0.341504],[-0.556211,0.742811,-0.372641],[-0.502258,0.0567744,0.862852]],"s":1.40607,"t":[-11.7003,-16.5727,-91.6391],"timestamp":93377885274},false],[5,{"currentFrameRate":54.9159,"devices":[],"gestures":[],"hands":[{"armBasis":[[0.923849,0.313202,-0.220018],[-0.229038,0.912913,0.337833],[0.306667,-0.261714,0.915129]],"armWidth":62.4607,"confidence":0.893214,"direction":[0.0141085,0.511304,-0.859284],"elbow":[72.4608,157.975,305.355],"grabStrength":0,"id":467,"palmNormal":[0.235037,-0.836986,-0.494177],"palmPosition":[-14.2229,249.305,14.59],"palmVelocity":[90.4228,4.45624,49.8879],"palmWidth":89.1918,"pinchStrength":0.156717,"r":[[0.660692,0.668266,0.341915],[-0.555685,0.741638,-0.375749],[-0.504678,0.0582572,0.86134]],"s":1.40349,"sphereCenter":[-18.9693,222.334,-23.477],"sphereRadius":48.1873,"stabilizedPalmPosition":[-17.4828,249.353,12.43],"t":[-10.0655,-16.4811,-90.7517],"timeVisible":7.46566,"type":"right","wrist":[-8.70295,227.241,63.1532]}],"id":1678534,"interactionBox":{"center":[0,200,0],"size":[235.247,235.247,147.751]},"pointables":[{"bases":[[[0.183613,0.926859,0.327441],[-0.892784,0.0178402,0.450131],[0.411367,-0.374984,0.830761]],[[0.179219,0.930803,0.31857],[-0.802069,-0.0492747,0.595195],[0.569706,-0.362185,0.737737]],[[0.179219,0.930803,0.31857],[-0.974794,0.211746,-0.0702892],[-0.132881,-0.297943,0.94529]],[[0.179219,0.930803,0.31857],[-0.675432,0.351852,-0.648068],[-0.715313,-0.099026,0.691752]]],"btipPosition":[-40.4462,241.168,-26.4455],"carpPosition":[-33.421,211.216,57.1156],"dipPosition":[-56.8562,238.896,-10.5759],"direction":[0.132881,0.297943,-0.94529],"extended":false,"handId":467,"id":4670,"length":51.0864,"mcpPosition":[-33.421,211.216,57.1156],"pipPosition":[-61.2974,228.939,21.0173],"stabilizedTipPosition":[-52.2671,241.476,-28.924],"timeVisible":7.46566,"tipPosition":[-44.2852,240.543,-23.2004],"tipVelocity":[100.611,5.26365,44.2549],"tool":false,"touchDistance":0.471691,"touchZone":"hovering","type":0,"width":19.8498},{"bases":[[[0.960456,0.278072,-0.0141651],[-0.25458,0.89764,0.359766],[0.112756,-0.341933,0.932935]],[[0.966322,0.250582,0.0585753],[-0.257196,0.932882,0.252154],[0.00854144,-0.258727,0.965913]],[[0.966322,0.250582,0.0585753],[-0.251305,0.967894,0.0052016],[-0.0553913,-0.0197467,0.998269]],[[0.966322,0.250582,0.0585753],[-0.236044,0.953758,-0.186089],[-0.102497,0.165996,0.980785]]],"btipPosition":[-35.5565,267.406,-89.417],"carpPosition":[-30.0943,234.164,58.6179],"dipPosition":[-37.2731,270.186,-72.9908],"direction":[0.0553913,0.0197467,-0.998269],"extended":true,"handId":467,"id":4671,"length":57.6453,"mcpPosition":[-38.2258,258.822,-8.66131],"pipPosition":[-38.5855,269.718,-49.3391],"stabilizedTipPosition":[-36.3442,268.105,-85.7571],"timeVisible":7.46566,"tipPosition":[-36.6817,269.493,-85.4634],"tipVelocity":[134.362,-37.6633,42.4724],"tool":false,"touchDistance":-0.118884,"touchZone":"touching","type":1,"width":18.9605},{"bases":[[[0.996092,0.0721919,0.0508857],[-0.086001,0.924004,0.372587],[-0.0201209,-0.375507,0.926601]],[[0.996216,0.0750404,0.04385],[0.000579267,0.498783,-0.866726],[-0.0869112,0.863472,0.496852]],[[0.996216,0.0750404,0.04385],[0.0842726,-0.71058,-0.698552],[-0.0212607,0.699604,-0.714214]],[[0.996216,0.0750404,0.04385],[0.0826122,-0.974311,-0.209508],[0.027002,0.212337,-0.976823]]],"btipPosition":[-13.5386,200.65,9.56769],"carpPosition":[-19.1163,239.179,58.5104],"dipPosition":[-13.0412,204.561,-8.42599],"direction":[0.0212607,-0.699604,0.714215],"extended":false,"handId":467,"id":4672,"length":65.6822,"mcpPosition":[-17.7402,264.86,-4.85911],"pipPosition":[-13.6339,224.062,-28.3343],"stabilizedTipPosition":[-22.6232,202.261,-3.71689],"timeVisible":7.46566,"tipPosition":[-13.3114,201.367,4.69162],"tipVelocity":[91.0647,4.58633,49.6792],"tool":false,"touchDistance":0.333333,"touchZone":"none","type":2,"width":18.6218},{"bases":[[[0.985904,-0.053716,0.158455],[-0.0152126,0.914359,0.404618],[-0.166619,-0.401325,0.900653]],[[0.987673,-0.0493089,0.148563],[0.153108,0.501734,-0.851364],[-0.0325591,0.863615,0.503099]],[[0.987673,-0.0493089,0.148563],[0.0703022,-0.708248,-0.702455],[0.139856,0.70424,-0.696051]],[[0.987673,-0.0493089,0.148563],[-0.013643,-0.972594,-0.232109],[0.155936,0.227221,-0.961278]]],"btipPosition":[-2.23654,204.696,17.8743],"carpPosition":[-7.23963,241.162,58.7038],"dipPosition":[0.619391,208.857,0.268793],"direction":[-0.139856,-0.70424,0.696051],"extended":false,"handId":467,"id":4673,"length":63.1552,"mcpPosition":[2.99115,265.804,3.40189],"pipPosition":[4.41712,227.98,-18.6321],"stabilizedTipPosition":[-10.8854,206.148,4.41939],"timeVisible":7.46566,"tipPosition":[-1.52061,205.525,13.5663],"tipVelocity":[89.0543,3.97151,51.1721],"tool":false,"touchDistance":0.333333,"touchZone":"none","type":3,"width":17.7198},{"bases":[[[0.948863,-0.250139,0.192584],[0.123656,0.855801,0.502308],[-0.29046,-0.452808,0.84297]],[[0.938115,-0.265836,0.221973],[0.335161,0.535447,-0.775219],[0.0872264,0.801641,0.591408]],[[0.938115,-0.265836,0.221973],[0.000179764,-0.640565,-0.767904],[0.346325,0.720422,-0.600876]],[[0.938115,-0.265836,0.221973],[-0.181757,-0.923492,-0.337827],[0.294797,0.276575,-0.914659]]],"btipPosition":[7.63673,215.595,17.1534],"carpPosition":[5.77126,236.128,58.5912],"dipPosition":[12.6177,220.268,1.6992],"direction":[-0.346325,-0.720422,0.600876],"extended":false,"handId":467,"id":4674,"length":49.5125,"mcpPosition":[22.2808,261.866,10.6775],"pipPosition":[19.2575,234.08,-9.82095],"stabilizedTipPosition":[-0.376032,217.123,4.2104],"timeVisible":7.46566,"tipPosition":[9.06853,216.483,13.3896],"tipVelocity":[86.8035,4.00103,57.933],"tool":false,"touchDistance":0.333333,"touchZone":"none","type":4,"width":15.7401}],"r":[[0.660692,0.668266,0.341915],[-0.555685,0.741638,-0.375749],[-0.504678,0.0582572,0.86134]],"s":1.40349,"t":[-10.0655,-16.4811,-90.7517],"timestamp":93377903368},false],[6,{"currentFrameRate":54.9552,"devices":[],"gestures":[],"hands":[{"armBasis":[[0.925269,0.312045,-0.215652],[-0.229783,0.913455,0.335856],[0.30179,-0.261204,0.916894]],"armWidth":62.4607,"confidence":0.89699,"direction":[0.0133172,0.514781,-0.857219],"elbow":[72.4842,158.262,306.214],"grabStrength":0,"id":467,"palmNormal":[0.235993,-0.834694,-0.497588],"palmPosition":[-12.9449,249.646,15.0727],"palmVelocity":[81.0858,11.307,38.8889],"palmWidth":89.1918,"pinchStrength":0.157563,"r":[[0.659414,0.669097,0.342755],[-0.555458,0.740859,-0.377616],[-0.506595,0.058619,0.860189]],"s":1.40118,"sphereCenter":[-17.4942,222.763,-23.0893],"sphereRadius":48.1397,"stabilizedPalmPosition":[-15.4783,249.482,13.5974],"t":[-8.60909,-16.2648,-90.0667],"timeVisible":7.48372,"type":"right","wrist":[-7.38881,227.394,63.5456]}],"id":1678535,"interactionBox":{"center":[0,200,0],"size":[235.247,235.247,147.751]},"pointables":[{"bases":[[[0.182515,0.925761,0.331143],[-0.892725,0.0149111,0.450354],[0.411982,-0.377816,0.829172]],[[0.178135,0.929716,0.32233],[-0.801841,-0.0527229,0.595207],[0.570368,-0.364485,0.736092]],[[0.178135,0.929716,0.32233],[-0.975079,0.210804,-0.0691597],[-0.132247,-0.301978,0.944098]],[[0.178135,0.929716,0.32233],[-0.674239,0.353911,-0.648189],[-0.716708,-0.101862,0.689894]]],"btipPosition":[-39.1347,241.627,-25.9503],"carpPosition":[-32.0879,211.362,57.4478],"dipPosition":[-55.5767,239.29,-10.1234],"direction":[0.132247,0.301978,-0.944098],"extended":false,"handId":467,"id":4670,"length":51.0864,"mcpPosition":[-32.0879,211.362,57.4478],"pipPosition":[-59.9966,229.197,21.43],"stabilizedTipPosition":[-50.5005,241.403,-27.6745],"timeVisible":7.48372,"tipPosition":[-42.9882,240.995,-22.7159],"tipVelocity":[87.1249,14.4243,36],"tool":false,"touchDistance":0.465135,"touchZone":"hovering","type":0,"width":19.8498},{"bases":[[[0.960105,0.279326,-0.0132107],[-0.255636,0.895864,0.363425],[0.113349,-0.345549,0.93153]],[[0.966077,0.250975,0.0608782],[-0.258168,0.932522,0.25249],[0.00659821,-0.259641,0.965683]],[[0.966077,0.250975,0.0608782],[-0.25147,0.967865,0.000493404],[-0.058798,-0.0157857,0.998145]],[[0.966077,0.250975,0.0608782],[-0.235161,0.952337,-0.194305],[-0.106742,0.173397,0.97905]]],"btipPosition":[-34.0609,267.631,-88.8499],"carpPosition":[-28.7896,234.307,59.0419],"dipPosition":[-35.8486,270.535,-72.4528],"direction":[0.058798,0.0157857,-0.998145],"extended":true,"handId":467,"id":4671,"length":57.6453,"mcpPosition":[-36.9638,259.227,-8.13591],"pipPosition":[-37.2417,270.161,-48.804],"stabilizedTipPosition":[-34.7006,268.275,-85.1614],"timeVisible":7.48372,"tipPosition":[-35.213,269.753,-84.9099],"tipVelocity":[109.451,-13.1014,37.0387],"tool":false,"touchDistance":-0.110209,"touchZone":"touching","type":1,"width":18.9605},{"bases":[[[0.99601,0.0732298,0.0510036],[-0.0870875,0.922386,0.376323],[-0.019487,-0.379263,0.925084]],[[0.99613,0.0761236,0.0439386],[-0.000242374,0.50228,-0.864705],[-0.0878939,0.861348,0.500355]],[[0.99613,0.0761236,0.0439386],[0.0850168,-0.707622,-0.701458],[-0.0223056,0.702479,-0.711355]],[[0.99613,0.0761236,0.0439386],[0.0837995,-0.973342,-0.213501],[0.0265148,0.216357,-0.975954]]],"btipPosition":[-12.199,201.011,9.85266],"carpPosition":[-17.8178,239.337,58.9527],"dipPosition":[-11.7106,204.997,-8.12502],"direction":[0.0223056,-0.702479,0.711355],"extended":false,"handId":467,"id":4672,"length":65.6822,"mcpPosition":[-16.4851,265.275,-4.31296],"pipPosition":[-12.3323,224.578,-27.9536],"stabilizedTipPosition":[-21.2717,202.219,-2.5067],"timeVisible":7.48372,"tipPosition":[-11.9752,201.75,4.98542],"tipVelocity":[82.9898,12.3504,33.6771],"tool":false,"touchDistance":0.333333,"touchZone":"none","type":2,"width":18.6218},{"bases":[[[0.985998,-0.0531232,0.158066],[-0.0162814,0.912701,0.408303],[-0.165958,-0.40516,0.899057]],[[0.98774,-0.048727,0.148309],[0.152437,0.505882,-0.849026],[-0.0336563,0.861225,0.507108]],[[0.98774,-0.048727,0.148309],[0.0712184,-0.704757,-0.705865],[0.138916,0.707773,-0.692647]],[[0.98774,-0.048727,0.148309],[-0.0123914,-0.971512,-0.236664],[0.155616,0.231925,-0.960205]]],"btipPosition":[-0.901733,205.026,18.133],"carpPosition":[-5.94365,241.334,59.1521],"dipPosition":[1.94833,209.273,0.547067],"direction":[-0.138916,-0.707773,0.692647],"extended":false,"handId":467,"id":4673,"length":63.1552,"mcpPosition":[4.2465,266.211,3.94819],"pipPosition":[5.72053,228.493,-18.2614],"stabilizedTipPosition":[-9.66543,206.131,5.5281],"timeVisible":7.48372,"tipPosition":[-0.189197,205.884,13.8528],"tipVelocity":[81.8266,11.2849,33.7905],"tool":false,"touchDistance":0.333333,"touchZone":"none","type":3,"width":17.7198},{"bases":[[[0.949209,-0.249729,0.191409],[0.122678,0.853923,0.505732],[-0.289745,-0.456564,0.841188]],[[0.938009,-0.266216,0.221965],[0.335492,0.536426,-0.774398],[0.0870893,0.80086,0.592486]],[[0.938009,-0.266216,0.221965],[0.000412939,-0.639527,-0.768769],[0.346611,0.721204,-0.599772]],[[0.938009,-0.266216,0.221965],[-0.181429,-0.922755,-0.34001],[0.295335,0.278662,-0.913852]]],"btipPosition":[8.88847,215.974,17.6083],"carpPosition":[7.07349,236.317,59.017],"dipPosition":[13.8785,220.683,2.1677],"direction":[-0.346611,-0.721204,0.599772],"extended":false,"handId":467,"id":4674,"length":49.5125,"mcpPosition":[23.5424,262.268,11.2045],"pipPosition":[20.5238,234.51,-9.33128],"stabilizedTipPosition":[0.637259,217.116,5.16864],"timeVisible":7.48372,"tipPosition":[10.3324,216.877,13.8152],"tipVelocity":[78.551,12.2822,42.4644],