{"sensorType":"Leap","data":[[0,{"currentFrameRate":55.2094,"devices":[],"gestures":[],"hands":[{"armBasis":[[0.919082,0.340654,-0.198097],[-0.272221,0.912324,0.305877],[0.284927,-0.2272,0.931234]],"armWidth":62.4607,"confidence":0.871457,"direction":[-0.0370711,0.584444,-0.810587],"elbow":[68.4192,166.702,297.149],"grabStrength":0,"id":467,"palmNormal":[0.273472,-0.774247,-0.570749],"palmPosition":[-14.977,252.677,4.38157],"palmVelocity":[32.2786,27.5257,43.25],"palmWidth":89.1918,"pinchStrength":0.193606,"r":[[0.604455,0.683727,0.408842],[-0.609495,0.727382,-0.315327],[-0.512982,-0.0585861,0.856398]],"s":1.38709,"sphereCenter":[-18.0972,227.489,-36.3143],"sphereRadius":47.9266,"stabilizedPalmPosition":[-15.3144,252.482,4.02608],"t":[-9.80682,-13.5251,-100.879],"timeVisible":5.77601,"type":"right","wrist":[-6.99083,226.834,50.6849]}],"id":1678441,"interactionBox":{"center":[0,200,0],"size":[235.247,235.247,147.751]},"pointables":[{"bases":[[[0.134936,0.904266,0.405087],[-0.881373,-0.077263,0.46606],[0.452741,-0.419921,0.78657]],[[0.122857,0.915105,0.384042],[-0.807542,-0.132758,0.574676],[0.576873,-0.380733,0.722675]],[[0.122857,0.915105,0.384042],[-0.982663,0.166312,-0.0819345],[-0.13885,-0.367318,0.919673]],[[0.122857,0.915105,0.384042],[-0.753854,0.337733,-0.563596],[-0.645453,-0.22027,0.731349]]],"btipPosition":[-39.6098,245.85,-39.179],"carpPosition":[-30.8308,209.891,43.6973],"dipPosition":[-54.4172,240.797,-22.4011],"direction":[0.13885,0.367318,-0.919673],"extended":false,"handId":467,"id":4670,"length":51.0864,"mcpPosition":[-30.8308,209.891,43.6973],"pipPosition":[-59.0578,228.521,8.33602],"stabilizedTipPosition":[-43.7795,243.554,-37.194],"timeVisible":5.77601,"tipPosition":[-43.1958,244.568,-35.7457],"tipVelocity":[19.7631,34.8576,56.4845],"tool":false,"touchDistance":0.408713,"touchZone":"hovering","type":0,"width":19.8498},{"bases":[[[0.941296,0.337513,-0.00683356],[-0.299807,0.845099,0.442633],[0.15517,-0.4146,0.896677]],[[0.945371,0.325444,0.0189694],[-0.316104,0.900903,0.29741],[0.0797007,-0.287159,0.954562]],[[0.945371,0.325444,0.0189694],[-0.325867,0.941753,0.0831389],[0.0091926,-0.0847786,0.996357]],[[0.945371,0.325444,0.0189694],[-0.322894,0.942797,-0.0829077],[-0.0448661,0.0722534,0.996377]]],"btipPosition":[-42.8753,275.572,-97.9866],"carpPosition":[-28.8623,232.781,47.1713],"dipPosition":[-43.6267,276.782,-81.2993],"direction":[-0.0091926,0.0847786,-0.996357],"extended":true,"handId":467,"id":4671,"length":57.6453,"mcpPosition":[-40.0525,262.68,-17.4932],"pipPosition":[-43.4089,274.773,-57.6929],"stabilizedTipPosition":[-43.297,275.595,-94.5005],"timeVisible":5.77601,"tipPosition":[-43.3852,275.974,-94.0037],"tipVelocity":[19.9722,36.8573,46.5438],"tool":false,"touchDistance":-0.229236,"touchZone":"touching","type":1,"width":18.9605},{"bases":[[[0.990831,0.129349,0.0390162],[-0.132874,0.880685,0.454684],[0.024452,-0.4557,0.889798]],[[0.990436,0.135186,0.0275941],[-0.0623936,0.617217,-0.784315],[-0.12306,0.775092,0.619749]],[[0.990436,0.135186,0.0275941],[0.0981267,-0.549568,-0.829666],[-0.0969948,0.824439,-0.557578]],[[0.990436,0.135186,0.0275941],[0.1346,-0.902738,-0.408592],[-0.0303258,0.408398,-0.9123]]],"btipPosition":[-10.8087,202.5,-10.4765],"carpPosition":[-18.213,238.46,47.3105],"dipPosition":[-11.3673,210.023,-27.2817],"direction":[0.0969948,-0.824439,0.557578],"extended":false,"handId":467,"id":4672,"length":65.6822,"mcpPosition":[-19.8853,269.625,-13.542],"pipPosition":[-14.0709,233.004,-42.8238],"stabilizedTipPosition":[-11.4669,203.386,-16.2278],"timeVisible":5.77601,"tipPosition":[-10.9268,203.997,-14.2264],"tipVelocity":[12.2657,23.9597,52.8339],"tool":false,"touchDistance":0.333333,"touchZone":"none","type":2,"width":18.6218},{"bases":[[[0.990808,-0.00588103,0.135144],[-0.060897,0.872701,0.484443],[-0.120789,-0.48822,0.864321]],[[0.993546,0.00646589,0.113246],[0.0851648,0.61692,-0.782404],[-0.0749227,0.786999,0.612388]],[[0.993546,0.00646589,0.113246],[0.0970676,-0.56502,-0.819348],[0.0586884,0.825052,-0.562001]],[[0.993546,0.00646589,0.113246],[0.0524405,-0.911457,-0.408038],[0.100581,0.411343,-0.905914]]],"btipPosition":[0.785682,206.726,-0.575381],"carpPosition":[-6.47663,241.154,47.4638],"dipPosition":[2.62779,214.26,-17.167],"direction":[-0.0586884,-0.825052,0.562001],"extended":false,"handId":467,"id":4673,"length":63.1552,"mcpPosition":[0.940087,271.132,-5.60732],"pipPosition":[4.22144,236.664,-32.4278],"stabilizedTipPosition":[0.55086,207.646,-5.96731],"timeVisible":5.77601,"tipPosition":[1.20217,208.299,-4.06105],"tipVelocity":[16.2557,22.3346,43.86],"tool":false,"touchDistance":0.333333,"touchZone":"none","type":3,"width":17.7198},{"bases":[[[0.96652,-0.206462,0.152357],[0.0835206,0.814577,0.57401],[-0.242618,-0.542067,0.804549]],[[0.97927,-0.173764,0.104101],[0.193426,0.649585,-0.735272],[0.0601414,0.740166,0.66973]],[[0.97927,-0.173764,0.104101],[-0.00104313,-0.518243,-0.855233],[0.202558,0.837395,-0.507681]],[[0.97927,-0.173764,0.104101],[-0.105046,-0.875059,-0.472481],[0.173194,0.451751,-0.875171]]],"btipPosition":[11.7043,218.439,2.24585],"carpPosition":[6.80836,236.97,46.6685],"dipPosition":[14.6306,226.072,-12.5412],"direction":[-0.202558,-0.837395,0.507681],"extended":false,"handId":467,"id":4674,"length":49.5125,"mcpPosition":[20.5986,267.781,0.938535],"pipPosition":[18.5141,242.126,-22.2746],"stabilizedTipPosition":[11.5629,219.523,-2.74353],"timeVisible":5.77601,"tipPosition":[12.2165,220.023,-1.23879],"tipVelocity":[20.3889,17.813,42.7219],"tool":false,"touchDistance":0.333333,"touchZone":"none","type":4,"width":15.7401}],"r":[[0.604455,0.683727,0.408842],[-0.609495,0.727382,-0.315327],[-0.512982,-0.0585861,0.856398]],"s":1.38709,"t":[-9.80682,-13.5251,-100.879],"timestamp":93376213716},true],[1,{"currentFrameRate":55.3709,"devices":[],"gestures":[],"hands":[{"armBasis":[[0.921326,0.334577,-0.198034],[-0.266977,0.914719,0.303336],[0.282635,-0.226601,0.932078]],"armWidth":62.4607,"confidence":0.875528,"direction":[-0.0350491,0.584721,-0.810477],"elbow":[68.6236,167.259,298.185],"grabStrength":0,"id":467,"palmNormal":[0.268762,-0.775584,-0.571171],"palmPosition":[-14.0892,253.122,5.2066],"palmVelocity":[40.8445,26.5387,45.0557],"palmWidth":89.1918,"pinchStrength":0.195776,"r":[[0.608461,0.682393,0.405111],[-0.608159,0.728907,-0.314384],[-0.509821,-0.055082,0.858515]],"s":1.38766,"sphereCenter":[-17.4076,228.01,-35.5054],"sphereRadius":47.945,"stabilizedPalmPosition":[-14.6047,252.852,4.70991],"t":[-9.05188,-13.0489,-100.063],"timeVisible":5.79351,"type":"right","wrist":[-6.17962,227.232,51.4972]}],"id":1678442,"interactionBox":{"center":[0,200,0],"size":[235.247,235.247,147.751]},"pointables":[{"bases":[[[0.140108,0.90351,0.405019],[-0.881185,-0.0727593,0.467139],[0.451534,-0.422346,0.785965]],[[0.128468,0.914056,0.384703],[-0.807095,-0.12905,0.576145],[0.576276,-0.384508,0.721152]],[[0.128468,0.914056,0.384703],[-0.981904,0.171664,-0.0799771],[-0.139143,-0.367467,0.919569]],[[0.128468,0.914056,0.384703],[-0.752239,0.3426,-0.562816],[-0.646245,-0.217085,0.731602]]],"btipPosition":[-38.8373,246.489,-38.2669],"carpPosition":[-30.1155,210.413,44.5372],"dipPosition":[-53.6628,241.509,-21.4831],"direction":[0.139143,0.367467,-0.919569],"extended":false,"handId":467,"id":4670,"length":51.0864,"mcpPosition":[-30.1155,210.413,44.5372],"pipPosition":[-58.3132,229.228,9.25048],"stabilizedTipPosition":[-43.5433,243.83,-36.7644],"timeVisible":5.79351,"tipPosition":[-42.4093,245.206,-34.8347],"tipVelocity":[30.9719,36.0767,54.4914],"tool":false,"touchDistance":0.414877,"touchZone":"hovering","type":0,"width":19.8498},{"bases":[[[0.943019,0.332643,-0.00795853],[-0.294888,0.846586,0.443095],[0.15413,-0.4155,0.896439]],[[0.947291,0.319783,0.0194561],[-0.310562,0.901669,0.300905],[0.0786814,-0.291087,0.953456]],[[0.947291,0.319783,0.0194561],[-0.320204,0.943063,0.0900132],[0.0104364,-0.0914987,0.995751]],[[0.947291,0.319783,0.0194561],[-0.317613,0.945349,-0.0737397],[-0.0419735,0.0636735,0.997088]]],"btipPosition":[-41.9974,276.617,-97.0805],"carpPosition":[-28.0244,233.293,48.0112],"dipPosition":[-42.7004,277.683,-80.3813],"direction":[-0.0104364,0.0914987,-0.99575],"extended":true,"handId":467,"id":4671,"length":57.6453,"mcpPosition":[-39.1396,263.257,-16.6361],"pipPosition":[-42.4531,275.515,-56.7893],"stabilizedTipPosition":[-42.6093,276.361,-93.7385],"timeVisible":5.79351,"tipPosition":[-42.463,276.824,-93.1208],"tipVelocity":[34.2853,46.5887,49.0444],"tool":false,"touchDistance":-0.214089,"touchZone":"touching","type":1,"width":18.9605},{"bases":[[[0.991534,0.124221,0.0378074],[-0.127758,0.881308,0.454944],[0.0231934,-0.455923,0.889717]],[[0.991145,0.130187,0.0261402],[-0.0609018,0.620625,-0.781739],[-0.117995,0.773224,0.623058]],[[0.991145,0.130187,0.0261402],[0.0939118,-0.548091,-0.83113],[-0.0938751,0.826225,-0.555463]],[[0.991145,0.130187,0.0261402],[0.129433,-0.903257,-0.409113],[-0.0296499,0.408873,-0.912109]]],"btipPosition":[-10.194,203.002,-9.8624],"carpPosition":[-17.3457,238.917,48.1379],"dipPosition":[-10.7401,210.533,-26.664],"direction":[0.0938751,-0.826225,0.555463],"extended":false,"handId":467,"id":4672,"length":65.6822,"mcpPosition":[-18.9319,270.097,-12.7091],"pipPosition":[-13.3569,233.564,-42.1472],"stabilizedTipPosition":[-11.3268,203.551,-15.9224],"timeVisible":5.79351,"tipPosition":[-10.3128,204.488,-13.5418],"tipVelocity":[22.9539,26.1918,44.6157],"tool":false,"touchDistance":0.333333,"touchZone":"none","type":2,"width":18.6218},{"bases":[[[0.990931,-0.0110186,0.133921],[-0.0557869,0.872948,0.484613],[-0.122246,-0.487689,0.864416]],[[0.993716,0.00137363,0.111919],[0.0871391,0.618061,-0.781286],[-0.0702458,0.786129,0.614057]],[[0.993716,0.00137363,0.111919],[0.0932504,-0.563189,-0.82105],[0.0619036,0.826327,-0.559778]],[[0.993716,0.00137363,0.111919],[0.04748,-0.910672,-0.410394],[0.101358,0.413129,-0.905015]]],"btipPosition":[1.44998,207.06,0.0820793],"carpPosition":[-5.59537,241.55,48.277],"dipPosition":[3.30632,214.627,-16.493],"direction":[-0.0619036,-0.826327,0.559778],"extended":false,"handId":467,"id":4673,"length":63.1552,"mcpPosition":[1.91076,271.495,-4.79993],"pipPosition":[4.98728,237.065,-31.6935],"stabilizedTipPosition":[0.722109,207.795,-5.67841],"timeVisible":5.79351,"tipPosition":[1.86223,208.658,-3.36439],"tipVelocity":[26.4187,21.0234,41.0375],"tool":false,"touchDistance":0.333333,"touchZone":"none","type":3,"width":17.7198},{"bases":[[[0.965627,-0.211473,0.151142],[0.0884387,0.814069,0.573996],[-0.244425,-0.540899,0.804789]],[[0.978442,-0.178967,0.103065],[0.1961,0.648559,-0.73547],[0.0647807,0.739826,0.669672]],[[0.978442,-0.178967,0.103065],[-0.00472904,-0.518336,-0.855164],[0.206468,0.836241,-0.508008]],[[0.978442,-0.178967,0.103065],[-0.110223,-0.87456,-0.472224],[0.174649,0.450683,-0.875432]]],"btipPosition":[12.405,218.751,3.0413],"carpPosition":[7.66682,237.297,47.4649],"dipPosition":[15.3559,226.366,-11.7501],"direction":[-0.206468,-0.836241,0.508008],"extended":false,"handId":467,"id":4674,"length":49.5125,"mcpPosition":[21.5597,268.042,1.7213],"pipPosition":[19.3144,242.399,-21.4898],"stabilizedTipPosition":[11.7471,219.642,-2.45491],"timeVisible":5.79351,"tipPosition":[12.9267,220.333,-0.445699],"tipVelocity":[29.6637,17.7298,43.9611],"tool":false,"touchDistance":0.333333,"touchZone":"none","type":4,"width":15.7401}],"r":[[0.608461,0.682393,0.405111],[-0.608159,0.728907,-0.314384],[-0.509821,-0.055082,0.858515]],"s":1.38766,"t":[-9.05188,-13.0489,-100.063],"timestamp":93376231218},true],[2,{"currentFrameRate":55.3476,"devices":[],"gestures":[],"hands":[{"armBasis":[[0.923891,0.327123,-0.198532],[-0.260378,0.917625,0.30028],[0.280406,-0.225733,0.932961]],"armWidth":62.4607,"confidence":0.886295,"direction":[-0.03427,0.586621,-0.809136],"elbow":[68.9833,167.624,298.833],"grabStrength":0,"id":467,"palmNormal":[0.262391,-0.775929,-0.57366],"palmPosition":[-13.1388,253.4,5.70145],"palmVelocity":[46.3355,21.2061,36.5789],"palmWidth":89.1918,"pinchStrength":0.199926,"r":[[0.612705,0.680429,0.402005],[-0.606436,0.730963,-0.312935],[-0.506781,-0.0520535,0.860502]],"s":1.38816,"sphereCenter":[-16.7506,228.451,-35.0682],"sphereRadius":47.9608,"stabilizedPalmPosition":[-13.7575,253.169,5.28293],"t":[-8.19923,-12.6716,-99.4082],"timeVisible":5.81166,"type":"right","wrist":[-5.23019,227.368,51.9119]}],"id":1678443,"interactionBox":{"center":[0,200,0],"size":[235.247,235.247,147.751]},"pointables":[{"bases":[[[0.146676,0.901825,0.406446],[-0.880076,-0.068619,0.469849],[0.451611,-0.426619,0.783609]],[[0.135272,0.912269,0.38661],[-0.805847,-0.125723,0.578623],[0.576465,-0.38982,0.718142]],[[0.135272,0.912269,0.38661],[-0.981068,0.177904,-0.0765265],[-0.138592,-0.368939,0.919063]],[[0.135272,0.912269,0.38661],[-0.75112,0.348887,-0.560443],[-0.646158,-0.214579,0.732418]]],"btipPosition":[-38.0374,247.031,-37.6639],"carpPosition":[-29.2859,210.703,44.9947],"dipPosition":[-52.861,242.108,-20.8615],"direction":[0.138592,0.368939,-0.919063],"extended":false,"handId":467,"id":4670,"length":51.0864,"mcpPosition":[-29.2859,210.703,44.9947],"pipPosition":[-57.493,229.777,9.85524],"stabilizedTipPosition":[-43.2511,244.118,-36.3511],"timeVisible":5.81166,"tipPosition":[-41.6147,245.756,-34.227],"tipVelocity":[37.2271,33.4447,44.4703],"tool":false,"touchDistance":0.415832,"touchZone":"hovering","type":0,"width":19.8498},{"bases":[[[0.944909,0.327171,-0.01033],[-0.288518,0.847351,0.445818],[0.154612,-0.418277,0.895064]],[[0.949403,0.313512,0.0185408],[-0.303806,0.901844,0.307212],[0.0795938,-0.297301,0.95146]],[[0.949403,0.313512,0.0185408],[-0.313757,0.944245,0.0997839],[0.0137764,-0.100552,0.994836]],[[0.949403,0.313512,0.0185408],[-0.311881,0.948115,-0.0617137],[-0.0369268,0.0528087,0.997922]]],"btipPosition":[-41.2603,277.745,-96.3911],"carpPosition":[-27.0505,233.562,48.5097],"dipPosition":[-41.8788,278.629,-79.678],"direction":[-0.0137764,0.100552,-0.994836],"extended":true,"handId":467,"id":4671,"length":57.6453,"mcpPosition":[-38.2004,263.727,-16.0385],"pipPosition":[-41.5524,276.247,-56.1076],"stabilizedTipPosition":[-41.8746,277.327,-93.0131],"timeVisible":5.81166,"tipPosition":[-41.6694,277.754,-92.4552],"tipVelocity":[37.812,52.9124,43.858],"tool":false,"touchDistance":-0.202546,"touchZone":"touching","type":1,"width":18.9605},{"bases":[[[0.992358,0.118374,0.0348428],[-0.121152,0.881076,0.457196],[0.023421,-0.457923,0.888683]],[[0.991952,0.124528,0.0228766],[-0.0607364,0.626551,-0.77701],[-0.111093,0.769367,0.629073]],[[0.991952,0.124528,0.0228766],[0.0875348,-0.54397,-0.834527],[-0.0914774,0.829813,-0.550493]],[[0.991952,0.124528,0.0228766],[0.122831,-0.902677,-0.412416],[-0.0307071,0.411907,-0.910708]]],"btipPosition":[-9.57624,203.372,-9.76477],"carpPosition":[-16.3389,239.124,48.6134],"dipPosition":[-10.1419,210.96,-26.5406],"direction":[0.0914774,-0.829813,0.550493],"extended":false,"handId":467,"id":4672,"length":65.6822,"mcpPosition":[-17.9406,270.441,-12.1629],"pipPosition":[-12.6918,234.09,-41.8852],"stabilizedTipPosition":[-11.1273,203.744,-15.6392],"timeVisible":5.81166,"tipPosition":[-9.70389,204.861,-13.3479],"tipVelocity":[28.1187,23.7752,26.0741],"tool":false,"touchDistance":0.333333,"touchZone":"none","type":2,"width":18.6218},{"bases":[[[0.991278,-0.0170616,0.130675],[-0.0491349,0.872235,0.486613],[-0.122282,-0.48879,0.863789]],[[0.994075,-0.00458673,0.108597],[0.0880645,0.619605,-0.779958],[-0.0637095,0.784901,0.616338]],[[0.994075,-0.00458673,0.108597],[0.0874265,-0.559897,-0.823937],[0.0645821,0.828549,-0.556179]],[[0.994075,-0.00458673,0.108597],[0.0411813,-0.90873,-0.415348],[0.10059,0.41736,-0.903157]]],"btipPosition":[2.12958,207.183,0.33172],"carpPosition":[-4.57304,241.689,48.7197],"dipPosition":[3.97186,214.826,-16.2094],"direction":[-0.0645821,-0.828549,0.556179],"extended":false,"handId":467,"id":4673,"length":63.1552,"mcpPosition":[2.9353,271.701,-4.31866],"pipPosition":[5.72555,237.325,-31.3121],"stabilizedTipPosition":[0.940809,207.932,-5.41498],"timeVisible":5.81166,"tipPosition":[2.53461,208.83,-3.09053],"tipVelocity":[31.5894,14.6821,28.2421],"tool":false,"touchDistance":0.333333,"touchZone":"none","type":3,"width":17.7198},{"bases":[[[0.964864,-0.217401,0.14756],[0.0950343,0.81233,0.575403],[-0.244961,-0.541163,0.804448]],[[0.97768,-0.184963,0.0996477],[0.197657,0.648969,-0.734691],[0.0712223,0.737989,0.671043]],[[0.97768,-0.184963,0.0996477],[-0.010433,-0.516449,-0.856254],[0.209838,0.836103,-0.506852]],[[0.97768,-0.184963,0.0996477],[-0.116851,-0.872878,-0.473741],[0.174605,0.451523,-0.875009]]],"btipPosition":[13.143,218.882,3.37458],"carpPosition":[8.66147,237.361,47.8556],"dipPosition":[16.0932,226.511,-11.4097],"direction":[-0.209838,-0.836103,0.506852],"extended":false,"handId":467,"id":4674,"length":49.5125,"mcpPosition":[22.5849,268.12,2.13142],"pipPosition":[20.1163,242.541,-21.1272],"stabilizedTipPosition":[11.9766,219.752,-2.18625],"timeVisible":5.81166,"tipPosition":[13.6666,220.47,-0.108338],"tipVelocity":[34.9021,12.7918,31.8066],"tool":false,"touchDistance":0.333333,"touchZone":"none","type":4,"width":15.7401}],"r":[[0.612705,0.680429,0.402005],[-0.606436,0.730963,-0.312935],[-0.506781,-0.0520535,0.860502]],"s":1.38816,"t":[-8.19923,-12.6716,-99.4082],"timestamp":93376249366},true],[3,{"currentFrameRate":55.3562,"devices":[],"gestures":[],"hands":[{"armBasis":[[0.924547,0.326323,-0.196791],[-0.257387,0.915573,0.308994],[0.281008,-0.235028,0.930482]],"armWidth":62.4607,"confidence":0.888292,"direction":[-0.0322119,0.587062,-0.808901],"elbow":[69.8466,165.469,298.719],"grabStrength":0,"id":467,"palmNormal":[0.259472,-0.776661,-0.573996],"palmPosition":[-12.3446,253.752,6.25458],"palmVelocity":[45.2463,20.3911,33.7757],"palmWidth":89.1918,"pinchStrength":0.200259,"r":[[0.616595,0.678359,0.399549],[-0.604517,0.733072,-0.311712],[-0.504351,-0.0493338,0.862088]],"s":1.3887,"sphereCenter":[-16.0627,228.873,-34.54],"sphereRadius":47.9792,"stabilizedPalmPosition":[-12.99,253.485,5.81073],"t":[-7.37578,-12.3072,-98.804],"timeVisible":5.8297,"type":"right","wrist":[-4.52608,227.672,52.4539]}],"id":1678444,"interactionBox":{"center":[0,200,0],"size":[235.247,235.247,147.751]},"pointables":[{"bases":[[[0.150035,0.90112,0.406783],[-0.880266,-0.0655715,0.469928],[0.450135,-0.428583,0.783387]],[[0.139227,0.911112,0.387931],[-0.806081,-0.123273,0.578824],[0.575195,-0.393291,0.717267]],[[0.139227,0.911112,0.387931],[-0.9803,0.182233,-0.0761763],[-0.140099,-0.369683,0.918535]],[[0.139227,0.911112,0.387931],[-0.750616,0.352618,-0.558781],[-0.645903,-0.21339,0.732989]]],"btipPosition":[-37.2885,247.594,-37.0783],"carpPosition":[-28.6437,211.099,45.533],"dipPosition":[-52.1062,242.698,-20.2627],"direction":[0.140099,0.369683,-0.918535],"extended":false,"handId":467,"id":4670,"length":51.0864,"mcpPosition":[-28.6437,211.099,45.533],"pipPosition":[-56.7886,230.343,10.4363],"stabilizedTipPosition":[-42.9144,244.428,-35.9371],"timeVisible":5.8297,"tipPosition":[-40.8524,246.295,-33.6314],"tipVelocity":[39.3017,32.5541,38.8569],"tool":false,"touchDistance":0.416412,"touchZone":"hovering","type":0,"width":19.8498},{"bases":[[[0.946102,0.323703,-0.0103153],[-0.285352,0.848229,0.446185],[0.153181,-0.419194,0.894881]],[[0.950722,0.309411,0.0198087],[-0.300041,0.90207,0.310235],[0.0781214,-0.300891,0.950453]],[[0.950722,0.309411,0.0198087],[-0.309731,0.944945,0.10557],[0.0139465,-0.106503,0.994215]],[[0.950722,0.309411,0.0198087],[-0.308001,0.94985,-0.0540452],[-0.0355375,0.0452808,0.998342]]],"btipPosition":[-40.3959,278.615,-95.7808],"carpPosition":[-26.3239,233.948,49.0567],"dipPosition":[-40.991,279.373,-79.0607],"direction":[-0.0139465,0.106503,-0.994215],"extended":true,"handId":467,"id":4671,"length":57.6453,"mcpPosition":[-37.3707,264.179,-15.4783],"pipPosition":[-40.6606,276.85,-55.505],"stabilizedTipPosition":[-41.0428,278.234,-92.3449],"timeVisible":5.8297,"tipPosition":[-40.7742,278.484,-91.8651],"tipVelocity":[42.7543,49.9384,39.148],"tool":false,"touchDistance":-0.192347,"touchZone":"touching","type":1,"width":18.9605},{"bases":[[[0.99279,0.114715,0.0347697],[-0.117861,0.881335,0.457557],[0.0218451,-0.458356,0.8885]],[[0.992391,0.121063,0.0224405],[-0.0592651,0.629432,-0.774792],[-0.107923,0.767567,0.631818]],[[0.992391,0.121063,0.0224405],[0.0849649,-0.541442,-0.836434],[-0.0891109,0.831976,-0.547608]],[[0.992391,0.121063,0.0224405],[0.119427,-0.902129,-0.414608],[-0.0299494,0.414133,-0.909723]]],"btipPosition":[-8.95116,203.732,-9.4326],"carpPosition":[-15.5919,239.471,49.1613],"dipPosition":[-9.50285,211.361,-26.1903],"direction":[0.0891109,-0.831976,0.547608],"extended":false,"handId":467,"id":4672,"length":65.6822,"mcpPosition":[-17.0859,270.817,-11.6025],"pipPosition":[-11.9868,234.551,-41.4545],"stabilizedTipPosition":[-10.8679,203.964,-15.3415],"timeVisible":5.8297,"tipPosition":[-9.08238,205.24,-12.9551],"tipVelocity":[31.3062,22.208,22.5516],"tool":false,"touchDistance":0.333333,"touchZone":"none","type":2,"width":18.6218},{"bases":[[[0.991225,-0.0207532,0.130549],[-0.0458735,0.872218,0.486962],[-0.123973,-0.488677,0.863612]],[[0.994076,-0.00822511,0.108378],[0.090107,0.619964,-0.779439],[-0.0607793,0.784587,0.617032]],[[0.994076,-0.00822511,0.108378],[0.0853232,-0.558642,-0.825009],[0.0673301,0.829368,-0.55463]],[[0.994076,-0.00822511,0.108378],[0.0379857,-0.907963,-0.417325],[0.101836,0.41897,-0.902272]]],"btipPosition":[2.76397,207.441,0.801428],"carpPosition":[-3.81673,241.992,49.2673],"dipPosition":[4.62907,215.114,-15.7234],"direction":[-0.0673301,-0.829368,0.55463],"extended":false,"handId":467,"id":4673,"length":63.1552,"mcpPosition":[3.79546,271.998,-3.76027],"pipPosition":[6.45738,237.635,-30.7842],"stabilizedTipPosition":[1.19004,208.073,-5.14765],"timeVisible":5.8297,"tipPosition":[3.17081,209.112,-2.60892],"tipVelocity":[33.4289,14.6884,27.2975],"tool":false,"touchDistance":0.333333,"touchZone":"none","type":3,"width":17.7198},{"bases":[[[0.964077,-0.221001,0.147358],[0.0980853,0.811749,0.575711],[-0.246851,-0.540576,0.804265]],[[0.976869,-0.188991,0.100044],[0.200693,0.648792,-0.734025],[0.0738161,0.737124,0.671714]],[[0.976869,-0.188991,0.100044],[-0.0119188,-0.515246,-0.856959],[0.213505,0.835945,-0.505581]],[[0.976869,-0.188991,0.100044],[-0.120004,-0.871748,-0.475032],[0.17699,0.452038,-0.874263]]],"btipPosition":[13.7902,219.128,3.86899],"carpPosition":[9.4017,237.616,48.3998],"dipPosition":[16.7806,226.766,-10.9027],"direction":[-0.213505,-0.835945,0.505581],"extended":false,"handId":467,"id":4674,"length":49.5125,"mcpPosition":[23.4325,268.341,2.68604],"pipPosition":[20.874,242.792,-20.5958],"stabilizedTipPosition":[12.2315,219.867,-1.91543],"timeVisible":5.8297,"tipPosition":[14.3336,220.726,0.406713],"tipVelocity":[35.6113,13.2448,29.7988],"tool":false,"touchDistance":0.333333,"touchZone":"none","type":4,"width":15.7401}],"r":[[0.616595,0.678359,0.399549],[-0.604517,0.733072,-0.311712],[-0.504351,-0.0493338,0.862088]],"s":1.3887,"t":[-7.37578,-12.3072,-98.804],"timestamp":93376267401},true],[4,{"currentFrameRate":55.3607,"devices":[],"gestures":[],"hands":[{"armBasis":[[0.925166,0.323715,-0.198182],[-0.255088,0.91692,0.306901],[0.281066,-0.233381,0.930879]],"armWidth":62.4607,"confidence":0.862184,"direction":[-0.0296252,0.586862,-0.809145],"elbow":[70.5825,166.207,299.435],"grabStrength":0,"id":467,"palmNormal":[0.257945,-0.777593,-0.573422],"palmPosition":[-11.4972,254.06,6.84734],"palmVelocity":[46.0562,18.8119,33.333],"palmWidth":89.1918,"pinchStrength":0.199604,"r":[[0.619985,0.676371,0.397671],[-0.602487,0.735072,-0.310932],[-0.502622,-0.0468186,0.863238]],"s":1.38921,"sphereCenter":[-15.2456,229.204,-33.9501],"sphereRadius":47.9903,"stabilizedPalmPosition":[-12.2346,253.776,6.33525],"t":[-6.54035,-11.971,-98.2055],"timeVisible":5.84774,"type":"right","wrist":[-3.80547,227.975,53.0648]}],"id":1678445,"interactionBox":{"center":[0,200,0],"size":[235.247,235.247,147.751]},"pointables":[{"bases":[[[0.152103,0.900838,0.406639],[-0.880989,-0.0629255,0.468934],[0.448022,-0.42957,0.784057]],[[0.141761,0.910478,0.388503],[-0.807199,-0.120857,0.577775],[0.573005,-0.395505,0.717803]],[[0.141761,0.910478,0.388503],[-0.979558,0.18561,-0.0775563],[-0.142723,-0.369566,0.918178]],[[0.141761,0.910478,0.388503],[-0.74962,0.355059,-0.558572],[-0.646509,-0.212045,0.732845]]],"btipPosition":[-36.3977,248.035,-36.5004],"carpPosition":[-27.9616,211.467,46.1219],"dipPosition":[-51.2293,243.171,-19.6881],"direction":[0.142723,0.369566,-0.918178],"extended":false,"handId":467,"id":4670,"length":51.0864,"mcpPosition":[-27.9616,211.467,46.1219],"pipPosition":[-55.9994,230.819,10.999],"stabilizedTipPosition":[-42.5068,244.755,-35.5036],"timeVisible":5.84774,"tipPosition":[-39.9642,246.721,-33.0425],"tipVelocity":[43.9915,28.9015,35.5926],"tool":false,"touchDistance":0.416761,"touchZone":"hovering","type":0,"width":19.8498},{"bases":[[[0.947022,0.321034,-0.0093368],[-0.283476,0.849188,0.445557],[0.150968,-0.419305,0.895205]],[[0.951654,0.306423,0.0214578],[-0.297609,0.902473,0.311402],[0.0760557,-0.302733,0.950036]],[[0.951654,0.306423,0.0214578],[-0.306901,0.945546,0.108418],[0.0129325,-0.109762,0.993874]],[[0.951654,0.306423,0.0214578],[-0.305087,0.951009,-0.0500487],[-0.0357426,0.0410825,0.998516]]],"btipPosition":[-39.3795,279.211,-95.1979],"carpPosition":[-25.5816,234.311,49.6402],"dipPosition":[-39.9781,279.899,-78.4748],"direction":[-0.0129325,0.109762,-0.993874],"extended":true,"handId":467,"id":4671,"length":57.6453,"mcpPosition":[-36.4687,264.549,-14.9181],"pipPosition":[-39.6717,277.298,-54.9272],"stabilizedTipPosition":[-40.0659,278.961,-91.7088],"timeVisible":5.84774,"tipPosition":[-39.7355,279.001,-91.2971],"tipVelocity":[49.1713,41.4781,35.9148],"tool":false,"touchDistance":-0.18262,"touchZone":"touching","type":1,"width":18.9605},{"bases":[[[0.993068,0.111932,0.0358756],[-0.115907,0.881826,0.45711],[0.019529,-0.458099,0.888686]],[[0.99269,0.118435,0.023234],[-0.0570689,0.630235,-0.774304],[-0.106348,0.767318,0.632387]],[[0.99269,0.118435,0.023234],[0.0840552,-0.540274,-0.837281],[-0.0866106,0.833113,-0.54628]],[[0.99269,0.118435,0.023234],[0.117323,-0.901763,-0.416002],[-0.0283177,0.415687,-0.909067]]],"btipPosition":[-8.20928,203.998,-8.92735],"carpPosition":[-14.8342,239.803,49.7553],"dipPosition":[-8.73091,211.656,-25.6729],"direction":[0.0866106,-0.833113,0.54628],"extended":false,"handId":467,"id":4672,"length":65.6822,"mcpPosition":[-16.1698,271.132,-11.0212],"pipPosition":[-11.1451,234.878,-40.9001],"stabilizedTipPosition":[-10.5503,204.189,-15.0208],"timeVisible":5.84774,"tipPosition":[-8.34036,205.533,-12.4231],"tipVelocity":[36.1397,18.8452,25.2086],"tool":false,"touchDistance":0.333333,"touchZone":"none","type":2,"width":18.6218},{"bases":[[[0.991011,-0.0234978,0.131701],[-0.0439787,0.872517,0.486601],[-0.126345,-0.488019,0.86364]],[[0.993925,-0.0109736,0.109507],[0.092728,0.619423,-0.779562],[-0.0592765,0.784981,0.616678]],[[0.993925,-0.0109736,0.109507],[0.0846853,-0.559231,-0.824675],[0.0702894,0.828939,-0.554905]],[[0.993925,-0.0109736,0.109507],[0.0359022,-0.908254,-0.416877],[0.104035,0.418276,-0.902343]]],"btipPosition":[3.48779,207.707,1.43067],"carpPosition":[-3.05211,242.291,49.874],"dipPosition":[5.39316,215.368,-15.0955],"direction":[-0.0702894,-0.828939,0.554905],"extended":false,"handId":467,"id":4673,"length":63.1552,"mcpPosition":[4.70572,272.256,-3.1553],"pipPosition":[7.30183,237.877,-30.1637],"stabilizedTipPosition":[1.46663,208.214,-4.86688],"timeVisible":5.84774,"tipPosition":[3.90313,209.376,-1.98376],"tipVelocity":[36.8415,14.636,30.8816],"tool":false,"touchDistance":0.333333,"touchZone":"none","type":3,"width":17.7198},{"bases":[[[0.96328,-0.223663,0.148549],[0.0997067,0.811674,0.575538],[-0.2493,-0.539593,0.80417]],[[0.976055,-0.192169,0.101921],[0.204237,0.648362,-0.733426],[0.0748601,0.73668,0.672085]],[[0.976055,-0.192169,0.101921],[-0.0116852,-0.514194,-0.857594],[0.21721,0.835868,-0.504127]],[[0.976055,-0.192169,0.101921],[-0.121685,-0.870745,-0.476441],[0.180304,0.45263,-0.873279]]],"btipPosition":[14.5194,219.341,4.44055],"carpPosition":[10.1549,237.877,49.0234],"dipPosition":[17.5658,226.988,-10.3145],"direction":[-0.21721,-0.835868,0.504127],"extended":false,"handId":467,"id":4674,"length":49.5125,"mcpPosition":[24.3249,268.547,3.31497],"pipPosition":[21.7303,243.014,-19.9798],"stabilizedTipPosition":[12.5167,219.985,-1.63268],"timeVisible":5.84774,"tipPosition":[15.0884,220.954,1.00735],"tipVelocity":[38.225,12.6142,30.787],"tool":false,"touchDistance":0.333333,"touchZone":"none","type":4,"width":15.7401}],"r":[[0.619985,0.676371,0.397671],[-0.602487,0.735072,-0.310932],[-0.502622,-0.0468186,0.863238]],"s":1.38921,"t":[-6.54035,-11.971,-98.2055],"timestamp":93376285449},true],[5,{"currentFrameRate":55.3581,"devices":[],"gestures":[],"hands":[{"armBasis":[[0.92652,0.32015,-0.197646],[-0.25335,0.91924,0.30135],[0.278161,-0.229134,0.932804]],"armWidth":62.4607,"confidence":0.844475,"direction":[-0.028144,0.587388,-0.808816],"elbow":[70.6659,167.701,300.42],"grabStrength":0,"id":467,"palmNormal":[0.256919,-0.777704,-0.573733],"palmPosition":[-10.5733,254.47,7.33387],"palmVelocity":[48.4603,20.6563,30.2862],"palmWidth":89.1918,"pinchStrength":0.197858,"r":[[0.622878,0.674506,0.396314],[-0.600564,0.736912,-0.310294],[-0.501344,-0.0447366,0.864091]],"s":1.38983,"sphereCenter":[-14.4419,229.69,-33.4881],"sphereRadius":48.0229,"stabilizedPalmPosition":[-11.4141,254.119,6.82849],"t":[-5.66073,-11.5978,-97.663],"timeVisible":5.86582,"type":"right","wrist":[-2.95333,228.344,53.5404]}],"id":1678446,"interactionBox":{"center":[0,200,0],"size":[235.247,235.247,147.751]},"pointables":[{"bases":[[[0.153438,0.900333,0.407255],[-0.881364,-0.061668,0.468397],[0.446828,-0.430809,0.784059]],[[0.144243,0.908978,0.391091],[-0.807552,-0.120281,0.577401],[0.571886,-0.399113,0.716698]],[[0.144243,0.908978,0.391091],[-0.978992,0.188646,-0.077378],[-0.144113,-0.371714,0.917093]],[[0.144243,0.908978,0.391091],[-0.746751,0.359311,-0.559695],[-0.649274,-0.211316,0.730609]]],"btipPosition":[-35.4057,248.683,-35.9066],"carpPosition":[-27.1342,211.883,46.574],"dipPosition":[-50.3007,243.835,-19.1456],"direction":[0.144113,0.371714,-0.917093],"extended":false,"handId":467,"id":4670,"length":51.0864,"mcpPosition":[-27.1342,211.883,46.574],"pipPosition":[-55.1172,231.412,11.5053],"stabilizedTipPosition":[-42.0047,245.139,-35.0319],"timeVisible":5.86582,"tipPosition":[-38.9927,247.322,-32.4765],"tipVelocity":[48.7859,32.2904,33.9816],"tool":false,"touchDistance":0.417148,"touchZone":"hovering","type":0,"width":19.8498},{"bases":[[[0.947584,0.319391,-0.00861019],[-0.282252,0.849418,0.445895],[0.149729,-0.420093,0.895044]],[[0.952289,0.304325,0.0230693],[-0.295827,0.901823,0.314963],[0.0750466,-0.30676,0.948824]],[[0.952289,0.304325,0.0230693],[-0.304925,0.945517,0.1141],[0.0129109,-0.11569,0.993201]],[[0.952289,0.304325,0.0230693],[-0.303178,0.951962,-0.0430235],[-0.0350543,0.0339767,0.998808]]],"btipPosition":[-38.3935,280.106,-94.6572],"carpPosition":[-24.7164,234.72,50.1071],"dipPosition":[-38.9806,280.675,-77.9293],"direction":[-0.0129109,0.11569,-0.993201],"extended":true,"handId":467,"id":4671,"length":57.6453,"mcpPosition":[-35.5142,265.016,-14.4395],"pipPosition":[-38.6747,277.934,-54.3976],"stabilizedTipPosition":[-39.0267,279.824,-91.1012],"timeVisible":5.86582,"tipPosition":[-38.7145,279.77,-90.7779],"tipVelocity":[51.799,44.5908,33.0931],"tool":false,"touchDistance":-0.173591,"touchZone":"touching","type":1,"width":18.9605},{"bases":[[[0.993241,0.110183,0.0365054],[-0.114633,0.881757,0.457562],[0.0182266,-0.458654,0.888428]],[[0.992877,0.116754,0.0237519],[-0.0556524,0.630731,-0.774004],[-0.105349,0.767169,0.632735]],[[0.992877,0.116754,0.0237519],[0.0834942,-0.539607,-0.837767],[-0.0849956,0.833783,-0.545511]],[[0.992877,0.116754,0.0237519],[0.11598,-0.901465,-0.417024],[-0.0272775,0.416808,-0.908585]]],"btipPosition":[-7.35696,204.395,-8.48017],"carpPosition":[-13.9596,240.194,50.2315],"dipPosition":[-7.85943,212.073,-25.2169],"direction":[0.0849956,-0.833783,0.545511],"extended":false,"handId":467,"id":4672,"length":65.6822,"mcpPosition":[-15.2061,271.561,-10.5273],"pipPosition":[-10.2286,235.314,-40.4227],"stabilizedTipPosition":[-10.1573,204.441,-14.6772],"timeVisible":5.86582,"tipPosition":[-7.48626,205.945,-11.9773],"tipVelocity":[41.4915,20.4396,25.0409],"tool":false,"touchDistance":0.333333,"touchZone":"none","type":2,"width":18.6218},{"bases":[[[0.990894,-0.0252992,0.132249],[-0.0427378,0.872306,0.487089],[-0.127685,-0.488306,0.863281]],[[0.993846,-0.0127511,0.110037],[0.0942204,0.619671,-0.779186],[-0.0582511,0.784758,0.617059]],[[0.993846,-0.0127511,0.110037],[0.0841667,-0.558897,-0.824954],[0.0720183,0.829139,-0.554385]],[[0.993846,-0.0127511,0.110037],[0.034566,-0.908054,-0.417425],[0.105242,0.418659,-0.902025]]],"btipPosition":[4.33495,208.092,1.90047],"carpPosition":[-2.17326,242.661,50.3584],"dipPosition":[6.26243,215.76,-14.6199],"direction":[-0.0720183,-0.829139,0.554385],"extended":false,"handId":467,"id":4673,"length":63.1552,"mcpPosition":[5.66686,272.644,-2.64886],"pipPosition":[8.21806,238.275,-29.6739],"stabilizedTipPosition":[1.80269,208.381,-4.56573],"timeVisible":5.86582,"tipPosition":[4.75488,209.764,-1.51652],"tipVelocity":[41.7423,17.849,28.5948],"tool":false,"touchDistance":0.333333,"touchZone":"none","type":3,"width":17.7198},{"bases":[[[0.962805,-0.225425,0.148965],[0.100791,0.811161,0.576072],[-0.250695,-0.53963,0.803711]],[[0.975479,-0.194441,0.103118],[0.206783,0.649211,-0.73196],[0.0753775,0.735335,0.673499]],[[0.975479,-0.194441,0.103118],[-0.0112854,-0.512095,-0.858854],[0.219803,0.836631,-0.501733]],[[0.975479,-0.194441,0.103118],[-0.1227,-0.8694,-0.478631],[0.182717,0.454242,-0.87194]]],"btipPosition":[15.362,219.695,4.8384],"carpPosition":[11.0266,238.225,49.5127],"dipPosition":[18.4492,227.37,-9.89402],"direction":[-0.219803,-0.836631,0.501733],"extended":false,"handId":467,"id":4674,"length":49.5125,"mcpPosition":[25.2759,268.897,3.83037],"pipPosition":[22.6633,243.41,-19.5134],"stabilizedTipPosition":[12.8704,220.132,-1.32606],"timeVisible":5.86582,"tipPosition":[15.9528,221.324,1.44236],"tipVelocity":[42.4602,16.109,26.7553],"tool":false,"touchDistance":0.333333,"touchZone":"none","type":4,"width":15.7401}],"r":[[0.622878,0.674506,0.396314],[-0.600564,0.736912,-0.310294],[-0.501344,-0.0447366,0.864091]],"s":1.38983,"t":[-5.66073,-11.5978,-97.663],"timestamp":93376303522},true],[6,{"currentFrameRate":55.3478,"devices":[],"gestures":[],"hands":[{"armBasis":[[0.925773,0.322125,-0.197939],[-0.255076,0.918585,0.301891],[0.279071,-0.228993,0.932567]],"armWidth":62.4607,"confidence":0.846488,"direction":[-0.0265087,0.589471,-0.807355],"elbow":[71.6408,168.345,301.035],"grabStrength":0,"id":467,"palmNormal":[0.259319,-0.775936,-0.575046],"palmPosition":[-9.73792,255.189,8.05891],"palmVelocity":[47.3603,29.7453,34.9312],"palmWidth":89.1918,"pinchStrength":0.196027,"r":[[0.624827,0.67293,0.395924],[-0.599001,0.738418,-0.309737],[-0.500789,-0.0436267,0.864469]],"s":1.39065,"sphereCenter":[-13.6073,230.563,-32.8405],"sphereRadius":48.0693,"stabilizedPalmPosition":[-10.6288,254.62,7.40497],"t":[-4.80321,-11.0513,-97.0292],"timeVisible":5.88392,"type":"right","wrist":[-2.21909,228.951,54.218]}],"id":1678447,"interactionBox":{"center":[0,200,0],"size":[235.247,235.247,147.751]},"pointables":[{"bases":[[[0.151371,0.899424,0.410029],[-0.882596,-0.063802,0.465782],[0.445096,-0.432396,0.78417]],[[0.143437,0.906966,0.396028],[-0.8088,-0.12318,0.575038],[0.570323,-0.40279,0.715886]],[[0.143437,0.906966,0.396028],[-0.978821,0.189073,-0.0784878],[-0.146064,-0.376383,0.914878]],[[0.143437,0.906966,0.396028],[-0.742594,0.36316,-0.562733],[-0.654202,-0.213372,0.725598]]],"btipPosition":[-34.3801,249.666,-35.1103],"carpPosition":[-26.3634,212.483,47.1416],"dipPosition":[-49.3882,244.771,-18.4643],"direction":[0.146064,0.376383,-0.914878],"extended":false,"handId":467,"id":4670,"length":51.0864,"mcpPosition":[-26.3634,212.483,47.1416],"pipPosition":[-54.2699,232.192,12.1125],"stabilizedTipPosition":[-41.4175,245.618,-34.5042],"timeVisible":5.88392,"tipPosition":[-37.998,248.244,-31.7289],"tipVelocity":[51.8441,42.4872,38.0452],"tool":false,"touchDistance":0.420314,"touchZone":"hovering","type":0,"width":19.8498},{"bases":[[[0.947271,0.320391,-0.00514241],[-0.284372,0.847958,0.447325],[0.14768,-0.422276,0.894357]],[[0.951983,0.304948,0.0271256],[-0.297297,0.899657,0.319737],[0.0730997,-0.312449,0.947118]],[[0.951983,0.304948,0.0271256],[-0.305941,0.944294,0.121279],[0.0113693,-0.123755,0.992248]],[[0.951983,0.304948,0.0271256],[-0.303994,0.952056,-0.034304],[-0.0362861,0.0244108,0.999043]]],"btipPosition":[-37.3693,281.448,-93.8834],"carpPosition":[-23.9792,235.314,50.741],"dipPosition":[-37.977,281.857,-77.1514],"direction":[-0.0113693,0.123755,-0.992248],"extended":true,"handId":467,"id":4671,"length":57.6453,"mcpPosition":[-34.6292,265.767,-13.7561],"pipPosition":[-37.7077,278.925,-53.6424],"stabilizedTipPosition":[-37.9555,281.037,-90.3486],"timeVisible":5.88392,"tipPosition":[-37.6544,280.984,-90.0261],"tipVelocity":[53.946,57.6698,37.7106],"tool":false,"touchDistance":-0.160678,"touchZone":"touching","type":1,"width":18.9605},{"bases":[[[0.99302,0.111112,0.0395535],[-0.116819,0.880439,0.459543],[0.0162364,-0.460956,0.887274]],[[0.99268,0.117786,0.02668],[-0.0542531,0.63229,-0.77283],[-0.107898,0.765726,0.634052]],[[0.99268,0.117786,0.02668],[0.0863433,-0.537709,-0.838698],[-0.0844411,0.834863,-0.543943]],[[0.99268,0.117786,0.02668],[0.118088,-0.900357,-0.418822],[-0.02531,0.418908,-0.907676]]],"btipPosition":[-6.42093,205.156,-7.8459],"carpPosition":[-13.2285,240.798,50.9096],"dipPosition":[-6.88715,212.872,-24.5659],"direction":[0.0844411,-0.834863,0.543943],"extended":false,"handId":467,"id":4672,"length":65.6822,"mcpPosition":[-14.3389,272.323,-9.77038],"pipPosition":[-9.2409,236.144,-39.7279],"stabilizedTipPosition":[-9.68906,204.762,-14.292],"timeVisible":5.88392,"tipPosition":[-6.54386,206.721,-11.3604],"tipVelocity":[46.5696,30.9487,29.8971],"tool":false,"touchDistance":0.333333,"touchZone":"none","type":2,"width":18.6218},{"bases":[[[0.990548,-0.0246219,0.134937],[-0.044997,0.870985,0.489245],[-0.129574,-0.490692,0.861645]],[[0.993551,-0.0120049,0.112751],[0.0958193,0.620568,-0.778276],[-0.0606266,0.784061,0.617716]],[[0.993551,-0.0120049,0.112751],[0.0869273,-0.557833,-0.825388],[0.072805,0.829866,-0.553192]],[[0.993551,-0.0120049,0.112751],[0.0365799,-0.907278,-0.418938],[0.107326,0.420361,-0.900987]]],"btipPosition":[5.22363,208.834,2.63802],"carpPosition":[-1.44507,243.277,51.0756],"dipPosition":[7.18928,216.533,-13.8633],"direction":[-0.072805,-0.829866,0.553192],"extended":false,"handId":467,"id":4673,"length":63.1552,"mcpPosition":[6.51103,273.407,-1.83115],"pipPosition":[9.16627,239.068,-28.885],"stabilizedTipPosition":[2.19118,208.604,-4.22384],"timeVisible":5.88392,"tipPosition":[5.65624,210.521,-0.826154],"tipVelocity":[45.4684,29.0507,34.4879],"tool":false,"touchDistance":0.333333,"touchZone":"none","type":3,"width":17.7198},{"bases":[[[0.962621,-0.22482,0.151051],[0.0983476,0.809756,0.578466],[-0.252365,-0.541988,0.801599]],[[0.975275,-0.194026,0.105793],[0.208673,0.650915,-0.729907],[0.0727586,0.733937,0.67531]],[[0.975275,-0.194026,0.105793],[-0.00831842,-0.510607,-0.859774],[0.220837,0.837636,-0.499596]],[[0.975275,-0.194026,0.105793],[-0.120692,-0.868653,-0.480495],[0.185126,0.455846,-0.870593]]],"btipPosition":[16.2222,220.463,5.57431],"carpPosition":[11.7617,238.857,50.255],"dipPosition":[19.3501,228.165,-9.13536],"direction":[-0.220837,-0.837636,0.499596],"extended":false,"handId":467,"id":4674,"length":49.5125,"mcpPosition":[26.1059,269.663,4.69274],"pipPosition":[23.5841,244.225,-18.7138],"stabilizedTipPosition":[13.2752,220.341,-0.976356],"timeVisible":5.88392,"tipPosition":[16.8319,222.097,2.17183],"tipVelocity":[45.1124,28.791,33.503],"tool":false,"touchDistance":0.333333,"touchZone":"none","type":4,"wid