{"sensorType":"Leap","data":[[0,{"currentFrameRate":55.0944,"devices":[],"gestures":[],"hands":[{"armBasis":[[0.912323,-0.277776,-0.300843],[0.363818,0.887028,0.284283],[0.187889,-0.36881,0.910317]],"armWidth":62.4607,"confidence":0.405087,"direction":[0.000390911,0.755868,-0.654724],"elbow":[57.0991,148.893,291.487],"grabStrength":0,"id":467,"palmNormal":[-0.415672,-0.595358,-0.687579],"palmPosition":[-1.16384,286.029,15.3367],"palmVelocity":[58.8245,-30.921,-100.643],"palmWidth":89.1918,"pinchStrength":0.966306,"r":[[0.983621,0.162407,0.0781947],[-0.168387,0.982698,0.0771445],[-0.064313,-0.0890479,0.993949]],"s":1.07551,"sphereCenter":[-25.0729,272.288,-25.9569],"sphereRadius":44.2748,"stabilizedPalmPosition":[-6.6873,268.253,95.7442],"t":[3.58774,20.9055,-87.3118],"timeVisible":0.30719,"type":"right","wrist":[7.37166,246.504,50.5588]}],"id":1678139,"interactionBox":{"center":[0,200,0],"size":[235.247,235.247,147.751]},"pointables":[{"bases":[[[0.737851,0.570378,0.360894],[-0.54623,0.190506,0.815684],[0.396496,-0.798985,0.452122]],[[0.559502,0.80768,0.186039],[-0.762041,0.413015,0.49871],[0.325961,-0.420798,0.846568]],[[0.559502,0.80768,0.186039],[-0.801721,0.470456,0.368666],[0.210241,-0.35542,0.910755]],[[0.559502,0.80768,0.186039],[-0.828341,0.552604,0.092085],[-0.0284304,-0.205625,0.978218]]],"btipPosition":[-44.7703,282.465,-40.0545],"carpPosition":[-22.4463,245.278,54.2494],"dipPosition":[-45.4225,277.747,-17.6131],"direction":[-0.210241,0.35542,-0.910755],"extended":false,"handId":467,"id":4670,"length":51.0864,"mcpPosition":[-22.4463,245.278,54.2494],"pipPosition":[-38.3959,265.868,12.8259],"stabilizedTipPosition":[-58.289,272.803,52.1692],"timeVisible":0.30719,"tipPosition":[-45.5446,282.169,-34.5258],"tipVelocity":[91.1243,-39.2177,-122.993],"tool":false,"touchDistance":0.0845215,"touchZone":"hovering","type":0,"width":19.8498},{"bases":[[[0.896668,-0.141641,-0.419433],[0.388478,0.706091,0.592048],[0.2123,-0.693811,0.688153]],[[0.901386,-0.15782,-0.403233],[0.307963,0.88828,0.34076],[0.304405,-0.431337,0.849286]],[[0.901386,-0.15782,-0.403233],[0.275423,0.927526,0.25266],[0.334134,-0.338804,0.879526]],[[0.901386,-0.15782,-0.403233],[0.250225,0.949839,0.187598],[0.3534,-0.269997,0.895662]]],"btipPosition":[-49.2493,343.213,-63.1531],"carpPosition":[-7.28442,262.464,58.0786],"dipPosition":[-43.3306,338.691,-48.1526],"direction":[-0.334134,0.338804,-0.879526],"extended":true,"handId":467,"id":4671,"length":57.6453,"mcpPosition":[-22.5945,312.499,8.45201],"pipPosition":[-35.414,330.664,-27.3142],"stabilizedTipPosition":[-58.6706,329.461,1.84135],"timeVisible":0.30719,"tipPosition":[-47.8376,340.881,-60.1959],"tipVelocity":[96.1619,-27.6029,-126.001],"tool":false,"touchDistance":-0.0989147,"touchZone":"touching","type":1,"width":18.9605},{"bases":[[[0.837655,-0.352357,-0.417348],[0.539044,0.656576,0.527579],[0.0881242,-0.666898,0.73992]],[[0.836326,-0.342901,-0.427759],[0.148099,0.892551,-0.425934],[0.527849,0.292869,0.797247]],[[0.836326,-0.342901,-0.427759],[-0.194922,0.543284,-0.816607],[0.51241,0.76633,0.387524]],[[0.836326,-0.342901,-0.427759],[-0.34838,0.270053,-0.89761],[0.423308,0.899717,0.106392]]],"btipPosition":[-49.0997,256.189,-47.3714],"carpPosition":[3.94753,262.352,53.6611],"dipPosition":[-41.3021,272.762,-45.4116],"direction":[-0.51241,-0.76633,-0.387524],"extended":false,"handId":467,"id":4672,"length":65.6822,"mcpPosition":[-2.07921,307.96,3.05862],"pipPosition":[-27.0189,294.123,-34.6096],"stabilizedTipPosition":[-58.3209,260.667,16.6433],"timeVisible":0.30719,"tipPosition":[-47.244,261.718,-48.1906],"tipVelocity":[98.1472,-53.895,-112.394],"tool":false,"touchDistance":0.113461,"touchZone":"hovering","type":2,"width":18.6218},{"bases":[[[0.798458,-0.495142,-0.342489],[0.600048,0.60813,0.519732],[-0.0490631,-0.620494,0.782675]],[[0.799544,-0.476972,-0.365004],[0.252939,0.818608,-0.515658],[0.544749,0.319967,0.775158]],[[0.799544,-0.476972,-0.365004],[-0.124074,0.463445,-0.877396],[0.587652,0.746804,0.311365]],[[0.799544,-0.476972,-0.365004],[-0.301125,0.207477,-0.93074],[0.519666,0.854079,0.0222585]]],"btipPosition":[-31.9304,247.41,-42.3392],"carpPosition":[14.3902,259.245,48.5305],"dipPosition":[-22.4128,263.052,-41.9315],"direction":[-0.587652,-0.746804,-0.311365],"extended":false,"handId":467,"id":4673,"length":63.1552,"mcpPosition":[17.4028,297.345,0.472703],"pipPosition":[-6.4554,283.331,-33.4766],"stabilizedTipPosition":[-43.1971,245.602,28.6663],"timeVisible":0.30719,"tipPosition":[-29.5464,251.896,-43.043],"tipVelocity":[93.9837,-56.4562,-91.6206],"tool":false,"touchDistance":0.124002,"touchZone":"hovering","type":3,"width":17.7198},{"bases":[[[0.677218,-0.657258,-0.330737],[0.710225,0.466489,0.527227],[-0.192239,-0.591945,0.782716]],[[0.651188,-0.71988,-0.240264],[0.470891,0.631541,-0.615969],[0.59516,0.287973,0.750237]],[[0.651188,-0.71988,-0.240264],[0.0149145,0.328666,-0.944329],[0.75877,0.611352,0.22476]],[[0.651188,-0.71988,-0.240264],[-0.214796,0.128817,-0.968127],[0.727885,0.68204,-0.0707426]]],"btipPosition":[-14.609,250.396,-32.2692],"carpPosition":[21.9386,249.977,41.3372],"dipPosition":[-2.31052,261.92,-33.4645],"direction":[-0.75877,-0.611352,-0.22476],"extended":false,"handId":467,"id":4674,"length":49.5125,"mcpPosition":[32.8653,283.622,-3.15182],"pipPosition":[12.2368,273.641,-29.1553],"stabilizedTipPosition":[-21.6863,244.021,28.5236],"timeVisible":0.30719,"tipPosition":[-11.1297,254.052,-34.0825],"tipVelocity":[86.0154,-41.3928,-94.0794],"tool":false,"touchDistance":0.212949,"touchZone":"hovering","type":4,"width":15.7401}],"r":[[0.983621,0.162407,0.0781947],[-0.168387,0.982698,0.0771445],[-0.064313,-0.0890479,0.993949]],"s":1.07551,"t":[3.58774,20.9055,-87.3118],"timestamp":93370744894},false],[1,{"currentFrameRate":55.1275,"devices":[],"gestures":[],"hands":[{"armBasis":[[0.911407,-0.283359,-0.298405],[0.366808,0.888098,0.277009],[0.186519,-0.361925,0.913357]],"armWidth":62.4607,"confidence":0.367802,"direction":[0.00509453,0.755665,-0.654938],"elbow":[57.078,149.841,290.215],"grabStrength":0,"id":467,"palmNormal":[-0.418332,-0.593272,-0.687769],"palmPosition":[-0.575526,285.19,13.2421],"palmVelocity":[46.4062,-38.3276,-108.025],"palmWidth":89.1918,"pinchStrength":0.965737,"r":[[0.982918,0.163216,0.0850462],[-0.169654,0.982651,0.0749277],[-0.0713414,-0.0880762,0.993556]],"s":1.08049,"sphereCenter":[-24.4526,271.696,-28.0094],"sphereRadius":44.254,"stabilizedPalmPosition":[-6.63517,268.398,95.0405],"t":[4.40222,20.2005,-89.262],"timeVisible":0.325215,"type":"right","wrist":[7.71304,245.629,48.4827]}],"id":1678140,"interactionBox":{"center":[0,200,0],"size":[235.247,235.247,147.751]},"pointables":[{"bases":[[[0.740651,0.566434,0.361371],[-0.545883,0.193729,0.815157],[0.391725,-0.801013,0.452692]],[[0.563883,0.804543,0.186407],[-0.758108,0.414737,0.503254],[0.32758,-0.425093,0.843794]],[[0.563883,0.804543,0.186407],[-0.800403,0.476797,0.363344],[0.203448,-0.354084,0.912816]],[[0.563883,0.804543,0.186407],[-0.824721,0.5604,0.0760725],[-0.0432586,-0.196629,0.979523]]],"btipPosition":[-43.9503,281.713,-42.1191],"carpPosition":[-22.1143,244.568,52.1479],"dipPosition":[-44.9427,277.202,-19.6478],"direction":[-0.203448,0.354084,-0.912816],"extended":false,"handId":467,"id":4670,"length":51.0864,"mcpPosition":[-22.1143,244.568,52.1479],"pipPosition":[-38.1432,265.368,10.8602],"stabilizedTipPosition":[-58.0906,272.913,50.916],"timeVisible":0.325215,"tipPosition":[-44.8034,281.455,-36.6164],"tipVelocity":[67.4245,-39.1404,-118.803],"tool":false,"touchDistance":0.0502266,"touchZone":"hovering","type":0,"width":19.8498},{"bases":[[[0.896241,-0.146668,-0.418617],[0.391826,0.704124,0.592184],[0.207904,-0.694765,0.688533]],[[0.90028,-0.160752,-0.404543],[0.31348,0.88421,0.346269],[0.302038,-0.438556,0.846429]],[[0.90028,-0.160752,-0.404543],[0.280513,0.924876,0.256744],[0.33288,-0.344621,0.87774]],[[0.90028,-0.160752,-0.404543],[0.254852,0.948043,0.190433],[0.352912,-0.274542,0.894472]]],"btipPosition":[-48.3722,343.007,-65.0912],"carpPosition":[-6.86193,261.671,55.9853],"dipPosition":[-42.4617,338.409,-50.1107],"direction":[-0.33288,0.344621,-0.87774],"extended":true,"handId":467,"id":4671,"length":57.6453,"mcpPosition":[-21.855,311.775,6.33131],"pipPosition":[-34.5749,330.244,-29.3146],"stabilizedTipPosition":[-58.4275,329.721,0.517814],"timeVisible":0.325215,"tipPosition":[-46.9434,340.639,-62.1622],"tipVelocity":[73.5845,-20.3923,-117.36],"tool":false,"touchDistance":-0.131293,"touchZone":"touching","type":1,"width":18.9605},{"bases":[[[0.836073,-0.357058,-0.416523],[0.542175,0.653767,0.527859],[0.0838328,-0.667157,0.740185]],[[0.834805,-0.347595,-0.426941],[0.152294,0.891025,-0.427647],[0.529062,0.291981,0.796769]],[[0.834805,-0.347595,-0.426941],[-0.19237,0.54244,-0.817773],[0.515843,0.764812,0.385965]],[[0.834805,-0.347595,-0.426941],[-0.346959,0.269944,-0.898192],[0.427457,0.897946,0.10475]]],"btipPosition":[-48.6101,255.468,-49.3767],"carpPosition":[4.37304,261.496,51.5776],"dipPosition":[-40.7361,272.009,-47.4471],"direction":[-0.515843,-0.764812,-0.385965],"extended":false,"handId":467,"id":4672,"length":65.6822,"mcpPosition":[-1.36021,307.123,0.956954],"pipPosition":[-26.3572,293.327,-36.6886],"stabilizedTipPosition":[-57.8,260.604,13.6786],"timeVisible":0.325215,"tipPosition":[-46.7329,260.932,-50.1686],"tipVelocity":[64.9447,-47.499,-112.036],"tool":false,"touchDistance":0.0799231,"touchZone":"hovering","type":2,"width":18.6218},{"bases":[[[0.796031,-0.499605,-0.341658],[0.602919,0.604985,0.520078],[-0.0531353,-0.61999,0.782808]],[[0.797229,-0.481579,-0.364015],[0.240165,0.806242,-0.540643],[0.553847,0.343592,0.758418]],[[0.797229,-0.481579,-0.364015],[-0.144331,0.433454,-0.889543],[0.586169,0.761708,0.276055]],[[0.797229,-0.481579,-0.364015],[-0.319028,0.175812,-0.931295],[0.512491,0.858587,-0.0134754]]],"btipPosition":[-31.4943,244.943,-42.0746],"carpPosition":[14.803,258.331,46.4569],"dipPosition":[-22.1082,260.668,-42.3214],"direction":[-0.586169,-0.761708,-0.276055],"extended":false,"handId":467,"id":4673,"length":63.1552,"mcpPosition":[18.0656,296.4,-1.6091],"pipPosition":[-6.19104,281.352,-34.8252],"stabilizedTipPosition":[-42.4943,245.752,25.0766],"timeVisible":0.325215,"tipPosition":[-29.1344,249.832,-43.4178],"tipVelocity":[60.0905,-94.0878,-45.1692],"tool":false,"touchDistance":0.126338,"touchZone":"hovering","type":3,"width":17.7198},{"bases":[[[0.673895,-0.661051,-0.329964],[0.712313,0.462746,0.527709],[-0.196153,-0.590658,0.782718]],[[0.648021,-0.722409,-0.241234],[0.468936,0.628029,-0.621031],[0.60014,0.289318,0.745739]],[[0.648021,-0.722409,-0.241234],[0.0105519,0.325222,-0.945579],[0.761549,0.610209,0.218373]],[[0.648021,-0.722409,-0.241234],[-0.218756,0.126846,-0.9675],[0.72953,0.679731,-0.0758323]]],"btipPosition":[-14.2721,249.38,-33.9694],"carpPosition":[22.3067,249.019,39.2727],"dipPosition":[-1.94585,260.865,-35.2507],"direction":[-0.761549,-0.610209,-0.218373],"extended":false,"handId":467,"id":4674,"length":49.5125,"mcpPosition":[33.4559,282.592,-5.21636],"pipPosition":[12.6548,272.564,-31.064],"stabilizedTipPosition":[-21.3408,244.291,26.4067],"timeVisible":0.325215,"tipPosition":[-10.8001,253.008,-35.7846],"tipVelocity":[54.2547,-48.7336,-94.7157],"tool":false,"touchDistance":0.184283,"touchZone":"hovering","type":4,"width":15.7401}],"r":[[0.982918,0.163216,0.0850462],[-0.169654,0.982651,0.0749277],[-0.0713414,-0.0880762,0.993556]],"s":1.08049,"t":[4.40222,20.2005,-89.262],"timestamp":93370762919},false],[2,{"currentFrameRate":55.1272,"devices":[],"gestures":[],"hands":[{"armBasis":[[0.910344,-0.289132,-0.296103],[0.370011,0.889114,0.269384],[0.185382,-0.354793,0.916382]],"armWidth":62.4607,"confidence":0.390798,"direction":[0.00533446,0.752401,-0.658684],"elbow":[57.2469,151.003,290.216],"grabStrength":0,"id":467,"palmNormal":[-0.422399,-0.595349,-0.683476],"palmPosition":[-0.096046,284.315,12.2736],"palmVelocity":[36.8897,-43.0283,-81.9957],"palmWidth":89.1918,"pinchStrength":0.96561,"r":[[0.982481,0.163337,0.0897296],[-0.16999,0.982791,0.0722838],[-0.0763788,-0.0862706,0.99334]],"s":1.08584,"sphereCenter":[-23.9327,270.707,-28.8973],"sphereRadius":44.2719,"stabilizedPalmPosition":[-6.57857,268.535,94.3241],"t":[5.0492,19.4108,-90.7214],"timeVisible":0.343356,"type":"right","wrist":[8.18295,244.904,47.6828]}],"id":1678141,"interactionBox":{"center":[0,200,0],"size":[235.247,235.247,147.751]},"pointables":[{"bases":[[[0.743576,0.565889,0.356179],[-0.54264,0.199463,0.815939],[0.390686,-0.79999,0.45539]],[[0.567219,0.803473,0.180813],[-0.752821,0.416817,0.509435],[0.333951,-0.425081,0.841298]],[[0.567219,0.803473,0.180813],[-0.798843,0.483375,0.358047],[0.20028,-0.347533,0.916029]],[[0.567219,0.803473,0.180813],[-0.821692,0.566926,0.0584543],[-0.0555413,-0.181729,0.981779]]],"btipPosition":[-43.3957,280.538,-42.855],"carpPosition":[-21.6356,243.954,51.449],"dipPosition":[-44.6699,276.369,-20.3319],"direction":[-0.20028,0.347533,-0.916029],"extended":false,"handId":467,"id":4670,"length":51.0864,"mcpPosition":[-21.6356,243.954,51.449],"pipPosition":[-37.9762,264.754,10.2834],"stabilizedTipPosition":[-57.8654,273.018,49.5313],"timeVisible":0.343356,"tipPosition":[-44.3277,280.349,-37.3753],"tipVelocity":[48.166,-49.2926,-81.2169],"tool":false,"touchDistance":0.0381604,"touchZone":"hovering","type":0,"width":19.8498},{"bases":[[[0.894423,-0.151542,-0.420765],[0.39593,0.70581,0.587428],[0.20796,-0.692003,0.691292]],[[0.897839,-0.163321,-0.408915],[0.318292,0.882431,0.346419],[0.304262,-0.441183,0.844264]],[[0.897839,-0.163321,-0.408915],[0.284258,0.924214,0.255003],[0.336278,-0.345189,0.87622]],[[0.897839,-0.163321,-0.408915],[0.257661,0.947942,0.187128],[0.357066,-0.273372,0.893181]]],"btipPosition":[-48.0757,342.269,-65.974],"carpPosition":[-6.31763,261.028,55.1527],"dipPosition":[-42.0956,337.691,-51.0151],"direction":[-0.336278,0.345189,-0.87622],"extended":true,"handId":467,"id":4671,"length":57.6453,"mcpPosition":[-21.3148,310.933,5.29971],"pipPosition":[-34.1283,329.512,-30.2551],"stabilizedTipPosition":[-58.0985,330.044,-1.25131],"timeVisible":0.343356,"tipPosition":[-46.6072,339.897,-63.0657],"tipVelocity":[46.7352,-29.932,-84.7628],"tool":false,"touchDistance":-0.14609,"touchZone":"touching","type":1,"width":18.9605},{"bases":[[[0.833606,-0.361729,-0.417436],[0.545913,0.654665,0.522871],[0.0841432,-0.663752,0.743205]],[[0.832334,-0.352312,-0.427898],[0.152828,0.887945,-0.433817],[0.532789,0.295686,0.79291]],[[0.832334,-0.352312,-0.427898],[-0.194238,0.537642,-0.820495],[0.519126,0.76604,0.379065]],[[0.832334,-0.352312,-0.427898],[-0.349698,0.265173,-0.898551],[0.430037,0.89753,0.09751]]],"btipPosition":[-48.417,254.333,-49.9431],"carpPosition":[4.90245,260.796,50.7098],"dipPosition":[-40.4955,270.866,-48.1469],"direction":[-0.519126,-0.76604,-0.379065],"extended":false,"handId":467,"id":4672,"length":65.6822,"mcpPosition":[-0.852033,306.19,-0.117406],"pipPosition":[-26.0252,292.219,-37.5806],"stabilizedTipPosition":[-57.3269,260.5,11.0099],"timeVisible":0.343356,"tipPosition":[-46.5332,259.737,-50.7412],"tipVelocity":[39.3614,-54.7103,-74.3399],"tool":false,"touchDistance":0.0699726,"touchZone":"hovering","type":2,"width":18.6218},{"bases":[[[0.793362,-0.503778,-0.341738],[0.606479,0.605655,0.515136],[-0.0525387,-0.615946,0.786034]],[[0.794555,-0.485638,-0.36447],[0.231762,0.797372,-0.557211],[0.561221,0.358264,0.746108]],[[0.794555,-0.485638,-0.36447],[-0.156948,0.415593,-0.895907],[0.586558,0.76905,0.253991]],[[0.794555,-0.485638,-0.36447],[-0.330368,0.157865,-0.930557],[0.509451,0.859787,-0.0350069]]],"btipPosition":[-31.3059,243.073,-41.6256],"carpPosition":[15.3059,257.573,45.5713],"dipPosition":[-21.9754,258.82,-42.2668],"direction":[-0.586558,-0.76905,-0.253991],"extended":false,"handId":467,"id":4673,"length":63.1552,"mcpPosition":[18.5318,295.394,-2.69279],"pipPosition":[-6.04774,279.703,-35.3698],"stabilizedTipPosition":[-41.3074,245.836,19.1265],"timeVisible":0.343356,"tipPosition":[-28.9851,247.985,-43.1493],"tipVelocity":[36.0747,-98.2447,-14.2425],"tool":false,"touchDistance":0.133049,"touchZone":"hovering","type":3,"width":17.7198},{"bases":[[[0.670762,-0.664782,-0.328853],[0.715453,0.463114,0.523119],[-0.195464,-0.586167,0.786259]],[[0.645882,-0.723905,-0.242483],[0.456441,0.620762,-0.63743],[0.611963,0.301025,0.731358]],[[0.645882,-0.723905,-0.242483],[-0.00666107,0.312264,-0.949972],[0.763408,0.615185,0.196864]],[[0.645882,-0.723905,-0.242483],[-0.233692,0.114903,-0.965497],[0.726791,0.680264,-0.0949573]]],"btipPosition":[-14.2598,247.798,-33.8002],"carpPosition":[22.7573,248.202,38.4092],"dipPosition":[-1.97986,259.292,-35.4046],"direction":[-0.763408,-0.615185,-0.196864],"extended":false,"handId":467,"id":4674,"length":49.5125,"mcpPosition":[33.8673,281.52,-6.28111],"pipPosition":[12.6564,271.086,-31.6303],"stabilizedTipPosition":[-20.8771,244.579,23.5713],"timeVisible":0.343356,"tipPosition":[-10.7972,251.458,-35.77],"tipVelocity":[28.4503,-67.0137,-47.1001],"tool":false,"touchDistance":0.185865,"touchZone":"hovering","type":4,"width":15.7401}],"r":[[0.982481,0.163337,0.0897296],[-0.16999,0.982791,0.0722838],[-0.0763788,-0.0862706,0.99334]],"s":1.08584,"t":[5.0492,19.4108,-90.7214],"timestamp":93370781060},false],[3,{"currentFrameRate":55.1667,"devices":[],"gestures":[],"hands":[{"armBasis":[[0.91012,-0.290858,-0.2951],[0.370729,0.889696,0.266461],[0.185047,-0.351914,0.917559]],"armWidth":62.4607,"confidence":0.404511,"direction":[0.00524791,0.750705,-0.660616],"elbow":[57.4586,151.434,290.121],"grabStrength":0,"id":467,"palmNormal":[-0.423357,-0.596832,-0.681586],"palmPosition":[0.19899,283.899,11.7733],"palmVelocity":[27.1862,-33.6209,-56.3341],"palmWidth":89.1918,"pinchStrength":0.964898,"r":[[0.982152,0.163361,0.0932234],[-0.17011,0.982958,0.069692],[-0.0802496,-0.0843064,0.993203]],"s":1.09077,"sphereCenter":[-23.5392,270.207,-29.3994],"sphereRadius":44.306,"stabilizedPalmPosition":[-6.51602,268.677,93.5622],"t":[5.52021,18.8076,-91.7012],"timeVisible":0.361346,"type":"right","wrist":[8.48329,244.573,47.2764]}],"id":1678142,"interactionBox":{"center":[0,200,0],"size":[235.247,235.247,147.751]},"pointables":[{"bases":[[[0.744237,0.566329,0.354093],[-0.541818,0.201899,0.815886],[0.390569,-0.799067,0.457108]],[[0.568301,0.803194,0.178642],[-0.749706,0.415982,0.514685],[0.33908,-0.426425,0.838562]],[[0.568301,0.803194,0.178642],[-0.799156,0.487096,0.35226],[0.195918,-0.342953,0.918695]],[[0.568301,0.803194,0.178642],[-0.819913,0.571022,0.0409525],[-0.0691158,-0.169744,0.983061]]],"btipPosition":[-42.8865,279.873,-43.2182],"carpPosition":[-21.3326,243.652,51.0705],"dipPosition":[-44.4721,275.979,-20.6657],"direction":[-0.195918,0.342953,-0.918695],"extended":false,"handId":467,"id":4670,"length":51.0864,"mcpPosition":[-21.3326,243.652,51.0705],"pipPosition":[-37.9242,264.517,10.0387],"stabilizedTipPosition":[-57.5797,273.134,47.819],"timeVisible":0.361346,"tipPosition":[-43.9072,279.726,-37.7703],"tipVelocity":[36.8757,-41.7821,-52.1371],"tool":false,"touchDistance":0.0322198,"touchZone":"hovering","type":0,"width":19.8498},{"bases":[[[0.893968,-0.153188,-0.421136],[0.396877,0.707063,0.585278],[0.208112,-0.690359,0.692888]],[[0.896749,-0.162683,-0.411552],[0.31993,0.880853,0.348916],[0.305754,-0.444558,0.841952]],[[0.896749,-0.162683,-0.411552],[0.284771,0.923986,0.255257],[0.338742,-0.3461,0.874911]],[[0.896749,-0.162683,-0.411552],[0.257199,0.94838,0.185537],[0.360124,-0.272231,0.892301]]],"btipPosition":[-47.9422,341.993,-66.3814],"carpPosition":[-6.00073,260.726,54.7173],"dipPosition":[-41.9109,337.433,-51.4372],"direction":[-0.338742,0.3461,-0.874911],"extended":true,"handId":467,"id":4671,"length":57.6453,"mcpPosition":[-21.0089,310.511,4.74922],"pipPosition":[-33.8852,329.233,-30.7082],"stabilizedTipPosition":[-57.7979,330.328,-2.85766],"timeVisible":0.361346,"tipPosition":[-46.4285,339.631,-63.4915],"tipVelocity":[28.4264,-22.9232,-55.4329],"tool":false,"touchDistance":-0.152935,"touchZone":"touching","type":1,"width":18.9605},{"bases":[[[0.833021,-0.363327,-0.417216],[0.546772,0.655657,0.520724],[0.0843578,-0.661897,0.744833]],[[0.831746,-0.353934,-0.427703],[0.152311,0.886339,-0.43727],[0.533855,0.298554,0.791116]],[[0.831746,-0.353934,-0.427703],[-0.195354,0.534547,-0.822251],[0.51965,0.767457,0.375465]],[[0.831746,-0.353934,-0.427703],[-0.350856,0.261926,-0.899052],[0.430232,0.897845,0.0936759]]],"btipPosition":[-48.1873,253.704,-50.2431],"carpPosition":[5.21541,260.475,50.2654],"dipPosition":[-40.2622,270.243,-48.5175],"direction":[-0.51965,-0.767457,-0.375465],"extended":false,"handId":467,"id":4672,"length":65.6822,"mcpPosition":[-0.553749,305.742,-0.673128],"pipPosition":[-25.7772,291.636,-38.0516],"stabilizedTipPosition":[-56.8466,260.369,8.34319],"timeVisible":0.361346,"tipPosition":[-46.3072,259.06,-51.0311],"tipVelocity":[26.7905,-45.3207,-47.4592],"tool":false,"touchDistance":0.0647017,"touchZone":"hovering","type":2,"width":18.6218},{"bases":[[[0.792752,-0.505156,-0.34112],[0.607301,0.60659,0.513064],[-0.0522573,-0.613894,0.787657]],[[0.793948,-0.486826,-0.364207],[0.226895,0.79301,-0.565379],[0.564061,0.366245,0.740067]],[[0.793948,-0.486826,-0.364207],[-0.16314,0.406487,-0.898974],[0.585689,0.773155,0.243309]],[[0.793948,-0.486826,-0.364207],[-0.33554,0.148698,-0.930216],[0.50701,0.860749,-0.0452908]]],"btipPosition":[-31.0727,242.127,-41.4272],"carpPosition":[15.6124,257.232,45.1264],"dipPosition":[-21.787,257.892,-42.2567],"direction":[-0.585689,-0.773155,-0.243309],"extended":false,"handId":467,"id":4673,"length":63.1552,"mcpPosition":[18.8211,294.927,-3.2373],"pipPosition":[-5.88287,278.886,-35.6497],"stabilizedTipPosition":[-39.7664,245.826,11.5596],"timeVisible":0.361346,"tipPosition":[-28.7805,247.016,-42.9997],"tipVelocity":[24.8575,-76.5032,-3.41312],"tool":false,"touchDistance":0.135635,"touchZone":"hovering","type":3,"width":17.7198},{"bases":[[[0.670061,-0.666048,-0.327717],[0.716191,0.464,0.52132],[-0.195163,-0.584024,0.787926]],[[0.645868,-0.723682,-0.243183],[0.446932,0.61665,-0.64807],[0.618955,0.309881,0.721712]],[[0.645868,-0.723682,-0.243183],[-0.018312,0.303756,-0.952574],[0.763229,0.61969,0.182934]],[[0.645868,-0.723682,-0.243183],[-0.243148,0.10696,-0.964074],[0.723694,0.681794,-0.106879]]],"btipPosition":[-14.169,246.893,-33.5193],"carpPosition":[23.0518,247.838,37.982],"dipPosition":[-1.94136,258.412,-35.3251],"direction":[-0.763229,-0.61969,-0.182934],"extended":false,"handId":467,"id":4674,"length":49.5125,"mcpPosition":[34.1447,281.034,-6.80307],"pipPosition":[12.6915,270.293,-31.8179],"stabilizedTipPosition":[-20.1979,244.933,19.4686],"timeVisible":0.361346,"tipPosition":[-10.7397,250.551,-35.5436],"tipVelocity":[17.0508,-58.9453,-18.6197],"tool":false,"touchDistance":0.189774,"touchZone":"hovering","type":4,"width":15.7401}],"r":[[0.982152,0.163361,0.0932234],[-0.17011,0.982958,0.069692],[-0.0802496,-0.0843064,0.993203]],"s":1.09077,"t":[5.52021,18.8076,-91.7012],"timestamp":93370799050},false],[4,{"currentFrameRate":55.164,"devices":[],"gestures":[],"hands":[{"armBasis":[[0.910279,-0.292017,-0.293458],[0.371224,0.889523,0.266348],[0.18326,-0.351389,0.918118]],"armWidth":62.4607,"confidence":0.415276,"direction":[0.00512156,0.74973,-0.661725],"elbow":[57.133,151.297,289.892],"grabStrength":0,"id":467,"palmNormal":[-0.423657,-0.597784,-0.680565],"palmPosition":[0.339438,283.572,11.3404],"palmVelocity":[17.9251,-26.18,-40.8693],"palmWidth":89.1918,"pinchStrength":0.964027,"r":[[0.981889,0.16339,0.0959041],[-0.170171,0.983111,0.0673393],[-0.0832818,-0.0824398,0.99311]],"s":1.09517,"sphereCenter":[-23.3634,269.849,-29.8233],"sphereRadius":44.3388,"stabilizedPalmPosition":[-6.44989,268.821,92.7691],"t":[5.82594,18.3428,-92.4076],"timeVisible":0.379483,"type":"right","wrist":[8.63066,244.298,46.8988]}],"id":1678143,"interactionBox":{"center":[0,200,0],"size":[235.247,235.247,147.751]},"pointables":[{"bases":[[[0.744425,0.566759,0.353011],[-0.541522,0.203169,0.815767],[0.390622,-0.79844,0.458157]],[[0.568783,0.803094,0.177556],[-0.747313,0.414446,0.519382],[0.343525,-0.428105,0.835893]],[[0.568783,0.803094,0.177556],[-0.799714,0.489545,0.347567],[0.192208,-0.339684,0.92069]],[[0.568783,0.803094,0.177556],[-0.818507,0.573896,0.0262456],[-0.080821,-0.160259,0.983761]]],"btipPosition":[-42.5629,279.363,-43.5367],"carpPosition":[-21.1841,243.386,50.704],"dipPosition":[-44.4171,275.686,-20.9682],"direction":[-0.192208,0.339684,-0.92069],"extended":false,"handId":467,"id":4670,"length":51.0864,"mcpPosition":[-21.1841,243.386,50.704],"pipPosition":[-37.9931,264.333,9.80291],"stabilizedTipPosition":[-57.2199,273.267,45.6943],"timeVisible":0.379483,"tipPosition":[-43.6482,279.244,-38.1234],"tipVelocity":[26.1857,-33.9704,-35.5718],"tool":false,"touchDistance":0.026972,"touchZone":"hovering","type":0,"width":19.8498},{"bases":[[[0.893809,-0.15392,-0.421206],[0.397158,0.707876,0.584103],[0.208257,-0.689362,0.693837]],[[0.895988,-0.161292,-0.413752],[0.32075,0.879421,0.351766],[0.307125,-0.447889,0.839684]],[[0.895988,-0.161292,-0.413752],[0.284388,0.923996,0.255647],[0.341072,-0.346722,0.873758]],[[0.895988,-0.161292,-0.413752],[0.255775,0.949082,0.183907],[0.363022,-0.270606,0.891621]]],"btipPosition":[-47.9623,341.786,-66.7123],"carpPosition":[-5.8489,260.463,54.3206],"dipPosition":[-41.8825,337.254,-51.7795],"direction":[-0.341072,0.346722,-0.873758],"extended":true,"handId":467,"id":4671,"length":57.6453,"mcpPosition":[-20.8675,310.177,4.28412],"pipPosition":[-33.8015,329.039,-31.0778],"stabilizedTipPosition":[-57.5625,330.546,-4.12389],"timeVisible":0.379483,"tipPosition":[-46.4009,339.454,-63.8358],"tipVelocity":[14.6515,-17.2611,-37.7881],"tool":false,"touchDistance":-0.158494,"touchZone":"touching","type":1,"width":18.9605},{"bases":[[[0.832838,-0.364045,-0.416956],[0.547026,0.656357,0.519575],[0.084523,-0.660808,0.745781]],[[0.83156,-0.354667,-0.427458],[0.151673,0.885337,-0.439515],[0.534326,0.300649,0.790004]],[[0.83156,-0.354667,-0.427458],[-0.196202,0.532413,-0.823433],[0.519628,0.768602,0.373146]],[[0.83156,-0.354667,-0.427458],[-0.351597,0.259655,-0.899421],[0.429986,0.898216,0.0912185]]],"btipPosition":[-48.0654,253.222,-50.5455],"carpPosition":[5.36573,260.205,49.8654],"dipPosition":[-40.1448,269.768,-48.8652],"direction":[-0.519628,-0.768602,-0.373146],"extended":false,"handId":467,"id":4672,"length":65.6822,"mcpPosition":[-0.414728,305.397,-1.13797],"pipPosition":[-25.6604,291.192,-38.4639],"stabilizedTipPosition":[-56.3482,260.212,5.59341],"timeVisible":0.379483,"tipPosition":[-46.1905,258.534,-51.3174],"tipVelocity":[17.2038,-36.3636,-33.068],"tool":false,"touchDistance":0.0594883,"touchZone":"hovering","type":2,"width":18.6218},{"bases":[[[0.792576,-0.505757,-0.340637],[0.607546,0.607271,0.511967],[-0.0520719,-0.612725,0.788578]],[[0.793776,-0.487254,-0.364009],[0.22199,0.789307,-0.572464],[0.56625,0.373602,0.734698]],[[0.793776,-0.487254,-0.364009],[-0.168559,0.398813,-0.901408],[0.584386,0.776873,0.234438]],[[0.793776,-0.487254,-0.364009],[-0.33968,0.141302,-0.929866],[0.504516,0.861753,-0.0533479]]],"btipPosition":[-30.9507,241.335,-41.2589],"carpPosition":[15.7606,256.953,44.7277],"dipPosition":[-21.7106,257.118,-42.2359],"direction":[-0.584386,-0.776873,-0.234438],"extended":false,"handId":467,"id":4673,"length":63.1552,"mcpPosition":[18.9579,294.576,-3.69262],"pipPosition":[-5.84191,278.213,-35.8699],"stabilizedTipPosition":[-38.0718,245.693,3.34383],"timeVisible":0.379483,"tipPosition":[-28.6814,246.217,-42.8774],"tipVelocity":[15.946,-60.7642,1.74087],"tool":false,"touchDistance":0.137874,"touchZone":"hovering","type":3,"width":17.7198},{"bases":[[[0.66987,-0.666614,-0.326956],[0.716421,0.46468,0.520397],[-0.194974,-0.582837,0.788851]],[[0.646247,-0.723057,-0.244035],[0.441561,0.61511,-0.653195],[0.622406,0.314369,0.716787]],[[0.646247,-0.723057,-0.244035],[-0.0242542,0.300159,-0.953581],[0.762743,0.622167,0.17644]],[[0.646247,-0.723057,-0.244035],[-0.24773,0.103692,-0.963264],[0.7218,0.682961,-0.112113]]],"btipPosition":[-14.1133,246.312,-33.5756],"carpPosition":[23.1965,247.548,37.5947],"dipPosition":[-1.91768,257.851,-35.4698],"direction":[-0.762743,-0.622167,-0.17644],"extended":false,"handId":467,"id":4674,"length":49.5125,"mcpPosition":[34.2786,280.676,-7.24297],"pipPosition":[12.7058,269.78,-32.0871],"stabilizedTipPosition":[-19.3474,245.319,14.3521],"timeVisible":0.379483,"tipPosition":[-10.7201,249.943,-35.5769],"tipVelocity":[10.1981,-46.0029,-11.7625],"tool":false,"touchDistance":0.188497,"touchZone":"hovering","type":4,"width":15.7401}],"r":[[0.981889,0.16339,0.0959041],[-0.170171,0.983111,0.0673393],[-0.0832818,-0.0824398,0.99311]],"s":1.09517,"t":[5.82594,18.3428,-92.4076],"timestamp":93370817187},false],[5,{"currentFrameRate":55.1668,"devices":[],"gestures":[],"hands":[{"armBasis":[[0.910619,-0.29199,-0.29243],[0.370827,0.889669,0.266413],[0.182376,-0.351041,0.918427]],"armWidth":62.4607,"confidence":0.421954,"direction":[0.0049852,0.749325,-0.662184],"elbow":[57.0259,151.198,289.698],"grabStrength":0,"id":467,"palmNormal":[-0.423152,-0.598402,-0.680336],"palmPosition":[0.459427,283.355,11.0382],"palmVelocity":[12.5457,-19.424,-29.3558],"palmWidth":89.1918,"pinchStrength":0.962114,"r":[[0.981651,0.163521,0.0980924],[-0.170311,0.983223,0.0653248],[-0.0857646,-0.0808323,0.993031]],"s":1.09948,"sphereCenter":[-23.2306,269.646,-30.1171],"sphereRadius":44.3758,"stabilizedPalmPosition":[-6.38247,268.963,91.9716],"t":[6.0388,18.0018,-92.9119],"timeVisible":0.3976,"type":"right","wrist":[8.75749,244.106,46.6234]}],"id":1678144,"interactionBox":{"center":[0,200,0],"size":[235.247,235.247,147.751]},"pointables":[{"bases":[[[0.744042,0.567326,0.352906],[-0.541885,0.203415,0.815465],[0.390848,-0.797974,0.458775]],[[0.568627,0.803217,0.177499],[-0.745454,0.411931,0.524034],[0.347795,-0.430297,0.832996]],[[0.568627,0.803217,0.177499],[-0.8005,0.490642,0.344194],[0.189374,-0.337806,0.921968]],[[0.568627,0.803217,0.177499],[-0.817584,0.575632,0.0143287],[-0.090665,-0.153268,0.984017]]],"btipPosition":[-42.3253,279.044,-43.7281],"carpPosition":[-21.0581,243.183,50.4195],"dipPosition":[-44.4053,275.528,-21.1537],"direction":[-0.189374,0.337806,-0.921968],"extended":false,"handId":467,"id":4670,"length":51.0864,"mcpPosition":[-21.0581,243.183,50.4195],"pipPosition":[-38.0761,264.238,9.6601],"stabilizedTipPosition":[-56.791,273.415,43.1887],"timeVisible":0.3976,"tipPosition":[-43.4349,278.93,-38.3597],"tipVelocity":[18.6,-25.2128,-23.6332],"tool":false,"touchDistance":0.023805,"touchZone":"hovering","type":0,"width":19.8498},{"bases":[[[0.894019,-0.153757,-0.420818],[0.396633,0.708422,0.583798],[0.208354,-0.688837,0.694328]],[[0.895576,-0.158983,-0.415534],[0.320754,0.877959,0.355395],[0.30832,-0.451567,0.837273]],[[0.895576,-0.158983,-0.415534],[0.283253,0.923978,0.256966],[0.343091,-0.347834,0.872525]],[[0.895576,-0.158983,-0.415534],[0.253661,0.949763,0.183322],[0.365514,-0.269583,0.890912]]],"btipPosition":[-47.9925,341.719,-66.8951],"carpPosition":[-5.73211,260.27,54.0306],"dipPosition":[-41.8709,337.204,-51.9742],"direction":[-0.343091,0.347834,-0.872525],"extended":true,"handId":467,"id":4671,"length":57.6453,"mcpPosition":[-20.7577,309.946,3.95864],"pipPosition":[-33.7421,328.963,-31.3017],"stabilizedTipPosition":[-57.3943,330.701,-5.03294],"timeVisible":0.3976,"tipPosition":[-46.3842,339.413,-64.033],"tipVelocity":[7.13837,-10.7121,-24.6778],"tool":false,"touchDistance":-0.161587,"touchZone":"touching","type":1,"width":18.9605},{"bases":[[[0.833146,-0.363909,-0.416459],[0.546546,0.656934,0.519351],[0.0845899,-0.660309,0.746215]],[[0.831867,-0.354536,-0.426968],[0.150887,0.884849,-0.440766],[0.53407,0.302234,0.789572]],[[0.831867,-0.354536,-0.426968],[-0.196729,0.531007,-0.824215],[0.518937,0.769634,0.371979]],[[0.831867,-0.354536,-0.426968],[-0.351829,0.258093,-0.89978],[0.429202,0.898717,0.0899628]]],"btipPosition":[-47.9058,252.884,-50.7852],"carpPosition":[5.4841,260.014,49.5792],"dipPosition":[-39.9996,269.439,-49.128],"direction":[-0.518937,-0.769634,-0.371979],"extended":false,"handId":467,"id":4672,"length":65.6822,"mcpPosition":[-0.300934,305.172,-1.45381],"pipPosition":[-25.5346,290.892,-38.7593],"stabilizedTipPosition":[-55.8393,260.037,2.81613],"timeVisible":0.3976,"tipPosition":[-46.0379,258.157,-51.5365],"tipVelocity":[13.1206,-27.882,-23.7674],"tool":false,"touchDistance":0.0554037,"touchZone":"hovering","type":2,"width":18.6218},{"bases":[[[0.792926,-0.505592,-0.340066],[0.607092,0.607872,0.511793],[-0.0520417,-0.612265,0.788938]],[[0.794131,-0.486989,-0.363591],[0.215056,0.784725,-0.581341],[0.568425,0.383468,0.727905]],[[0.794131,-0.486989,-0.363591],[-0.175483,0.389038,-0.904353],[0.581861,0.781979,0.223489]],[[0.794131,-0.486989,-0.363591],[-0.344564,0.132042,-0.92943],[0.500632,0.863369,-0.0629401]]],"btipPosition":[-30.7865,240.517,-40.7912],"carpPosition":[15.8822,256.764,44.4469],"dipPosition":[-21.6176,256.329,-41.9439],"direction":[-0.581861,-0.781979,-0.223489],"extended":false,"handId":467,"id":4673,"length":63.1552,"mcpPosition":[19.0777,294.358,-3.99546],"pipPosition":[-5.81744,277.564,-35.8752],"stabilizedTipPosition":[-36.477,245.431,-4.19371],"timeVisible":0.3976,"tipPosition":[-28.5439,245.43,-42.5025],"tipVelocity":[12.2395,-53.1519,12.138],"tool":false,"touchDistance":0.144996,"touchZone":"hovering","type":3,"width":17.7198},{"bases":[[[0.670291,-0.666499,-0.326327],[0.716031,0.465337,0.520346],[-0.194958,-0.582444,0.789145]],[[0.646937,-0.722378,-0.244217],[0.439457,0.614928,-0.654784],[0.623178,0.316281,0.715273]],[[0.646937,-0.722378,-0.244217],[-0.0263054,0.298934,-0.953911],[0.76209,0.623545,0.174389]],[[0.646937,-0.722378,-0.244217],[-0.249189,0.102409,-0.963025],[0.720678,0.683873,-0.113757]]],"btipPosition":[-13.9812,245.991,-33.7453],"carpPosition":[23.3248,247.358,37.3222],"dipPosition":[-1.80448,257.546,-35.6673],"direction":[-0.76209,-0.623545,-0.174389],"extended":false,"handId":467,"id":4674,"length":49.5125,"mcpPosition":[34.4061,280.463,-7.53224],"pipPosition":[12.8065,269.501,-32.3239],"stabilizedTipPosition":[-18.4503,245.684,9.02039],"timeVisible":0.3976,"tipPosition":[-10.6155,249.596,-35.7061],"tipVelocity":[8.70156,-32.4376,-10.7907],"tool":false,"touchDistance":0.185562,"touchZone":"hovering","type":4,"width":15.7401}],"r":[[0.981651,0.163521,0.0980924],[-0.170311,0.983223,0.0653248],[-0.0857646,-0.0808323,0.993031]],"s":1.09948,"t":[6.0388,18.0018,-92.9119],"timestamp":93370835304},false],[6,{"currentFrameRate":55.1747,"devices":[],"gestures":[],"hands":[{"armBasis":[[0.909092,-0.297031,-0.292102],[0.37583,0.887258,0.267443],[0.179731,-0.352911,0.918232]],"armWidth":62.4607,"confidence":0.427244,"direction":[0.00292782,0.750432,-0.660942],"elbow":[56.5617,150.204,289.301],"grabStrength":0,"id":467,"palmNormal":[-0.429533,-0.595922,-0.678511],"palmPosition":[0.58181,282.942,10.8149],"palmVelocity":[9.79537,-21.0306,-21.2619],"palmWidth":89.1918,"pinchStrength":0.945621,"r":[[0.98169,0.162984,0.0985918],[-0.169722,0.983394,0.06427],[-0.0864796,-0.0798265,0.99305]],"s":1.10419,"sphereCenter":[-23.1064,269.303,-30.2983],"sphereRadius":44.3771,"stabilizedPalmPosition":[-6.29442,269.139,90.9455],"t":[6.20642,17.625,-93.2756],"timeVisible":0.415697,"type":"right","wrist":[8.99339,243.607,46.2782]}],"id":1678145,"interactionBox":{"center":[0,200,0],"size":[235.247,235.247,147.751]},"pointables":[{"bases":[[[0.748141,0.564404,0.348903],[-0.535815,0.203715,0.819391],[0.391391,-0.799968,0.454824]],[[0.572933,0.800566,0.175617],[-0.737564,0.410169,0.536433],[0.357418,-0.436869,0.825468]],[[0.572933,0.800566,0.175617],[-0.79677,0.493813,0.34829],[0.192107,-0.339473,0.920789]],[[0.572933,0.800566,0.175617],[-0.814038,0.580753,0.00830356],[-0.0953426,-0.147716,0.984424]]],"btipPosition":[-42.5211,278.881,-43.4783],"carpPosition":[-20.799,242.77,50.2709],"dipPosition":[-44.7084,275.493,-20.8945],"direction":[-0.192107,0.339473,-0.920789],"extended":false,"handId":467,"id":4670,"length":51.0864,"mcpPosition":[-20.799,242.77,50.2709],"pipPosition":[-38.2879,264.147,9.87985],"stabilizedTipPosition":[-56.179,273.623,39.5664],"timeVisible":0.415697,"tipPosition":[-43.5971,278.736,-38.1719],"tipVelocity":[3.95947,-16.7204,-5.77233],"tool":false,"touchDistance":0.0280042,"touchZone":"hovering","type":0,"width":19.8498},{"bases":[[[0.890718,-0.155826,-0.427013],[0.402718,0.706189,0.582337],[0.210809,-0.690663,0.691769]],[[0.891821,-0.15948,-0.423345],[0.326445,0.874728,0.358168],[0.313191,-0.457621,0.832163]],[[0.891821,-0.15948,-0.423345],[0.287486,0.922336,0.258164],[0.349294,-0.351942,0.868407]],[[0.891821,-0.15948,-0.423345],[0.256657,0.948985,0.183181],[0.372534,-0.272019,0.887256]]],"btipPosition":[-48.3031,341.777,-66.5584],"carpPosition":[-5.39605,259.803,53.8087],"dipPosition":[-42.0639,337.221,-51.6987],"direction":[-0.349294,0.351942,-0.868407],"extended":true,"handId":467,"id":4671,"length":57.6453,"mcpPosition":[-20.5986,309.611,3.92135],"pipPosition":[-33.7882,328.883,-31.1238],"stabilizedTipPosition":[-57.1307,330.952,-6.48804],"timeVisible":0.415697,"tipPosition":[-46.6566,339.486,-63.7189],"tipVelocity":[-3.70806,-4.32879,-4.46254],"tool":false,"touchDistance":-0.15621,"touchZone":"touching","type":1,"width":18.9605},{"bases":[[[0.829218,-0.365794,-0.422602],[0.552037,0.654343,0.516808],[0.0874817,-0.661838,0.744525]],[[0.827949,-0.356744,-0.432705],[0.140423,0.878881,-0.455905],[0.542938,0.316704,0.777764]],[[0.827949,-0.356744,-0.432705],[-0.212479,0.514504,-0.830746],[0.518992,0.779756,0.350183]],[[0.827949,-0.356744,-0.432705],[-0.366212,0.240422,-0.898936],[0.424722,0.902735,0.0684133]]],"btipPosition":[-48.1362,251.455,-49.4041],"carpPosition":[5.78948,259.52,49.2824],"dipPosition":[-40.3125,268.084,-48.1438],"direction":[-0.518992,-0.779756,-0.350183],"extended":false,"handId":467,"id":4672,"length":65.6822,"mcpPosition":[-0.193321,304.783,-1.63506],"pipPosition":[-25.8459,289.819,-38.3827],"stabilizedTipPosition":[-55.2167,259.725,-0.586391],"timeVisible":0.415697,"tipPosition":[-46.3225,256.925,-50.4446],"tipVelocity":[0.327487,-51.7283,21.4335],"tool":false,"touchDistance":0.0769014,"touchZone":"hovering","type":2,"width":18.6218},{"bases":[[[0.789063,-0.507481,-0.346182],[0.612377,0.605105,0.508765],[-0.0487121,-0.613442,0.788236]],[[0.790175,-0.488704,-0.369853],[0.20883,0.782044,-0.587194],[0.576205,0.38675,0.720008]],[[0.790175,-0.488704,-0.369853],[-0.184656,0.385588,-0.904004],[0.584401,0.782618,0.21444]],[[0.790175,-0.488704,-0.369853],[-0.3532,0.130068,-0.926462],[0.500872,0.8627,-0.0698341]]],"btipPosition":[-31.1443,239.923,-40.4016],"carpPosition":[16.143,256.246,44.0756],"dipPosition":[-21.9709,255.723,-41.6806],"direction":[-0.584401,-0.782618,-0.21444],"extended":false,"handId":467,"id":4673,"length":63.1552,"mcpPosition":[19.134,293.913,-4.3237],"pipPosition":[-6.1018,276.975,-35.8576],"stabilizedTipPosition":[-35.2236,245.116,-10.3414],"timeVisible":0.415697,"tipPosition":[-28.9138,244.817,-42.1281],"tipVelocity":[-2.95602,-43.5573,15.8395],"tool":false,"touchDistance":0.333333,"touchZone":"hovering","type":3,"width":17.7198},{"bases":[[[0.66602,-0.668028,-0.331897],[0.720925,0.462218,0.516354],[-0.19153,-0.583176,0.789444]],[[0.643567,-0.722921,-0.25141],[0.431537,0.614004,-0.660889],[0.632137,0.316834,0.70712]],[[0.643567,-0.722921,-0.25141],[-0.0376038,0.298212,-0.953759],[0.764466,0.623261,0.164734]],[[0.643567,-0.722921,-0.25141],[-0.2597,0.102738,-0.960209],[0.719985,0.683249,-0.121624]]],"btipPosition":[-14.3365,245.501,-33.5981],"carpPosition":[23.5087,246.829,36.8857],"dipPosition":[-2.17157,257.046,-35.6531],"direction":[-0.764466,-0.623261,-0.164734],"extended":false,"handId":467,"id":4674,"length":49.5125,"mcpPosition":[34.3951,279.976,-7.9857],"pipPosition":[12.485,268.995,-32.4948],"stabilizedTipPosition":[-17.5728,245.998,3.54917],"timeVisible":0.415697,"tipPosition":[-10.9981,249.093,-35.5751],"tipVelocity":[-4.84671,-29.9516,-2.59471],"tool":false,"touchDis