{"sensorType":"Leap","data":[[0,{"currentFrameRate":55.2753,"devices":[],"gestures":[{"center":[-31.9823,304.38,-94.9427],"duration":89785,"handIds":[467],"id":4,"normal":[-0.332682,0.230357,-0.914472],"pointableIds":[4671],"progress":0.890358,"radius":23.3283,"state":"update","type":"circle"}],"hands":[{"armBasis":[[0.966783,0.198765,-0.160692],[-0.136598,0.933176,0.33245],[0.216034,-0.299457,0.92933]],"armWidth":62.4607,"confidence":0.678783,"direction":[-0.0232223,0.741772,-0.67025],"elbow":[48.0728,140.96,286.928],"grabStrength":0,"id":467,"palmNormal":[0.142544,-0.661124,-0.736611],"palmPosition":[-17.1229,255.838,1.69453],"palmVelocity":[80.9726,99.7806,17.5138],"palmWidth":89.1918,"pinchStrength":0.267776,"r":[[0.716094,0.543693,0.43773],[-0.530974,0.831369,-0.163987],[-0.453074,-0.114993,0.884025]],"s":1.41768,"sphereCenter":[-25.6037,245.811,-39.4622],"sphereRadius":47.6704,"stabilizedPalmPosition":[-17.2188,255.739,1.69134],"t":[-12.8198,-11.6389,-103.05],"timeVisible":10.6562,"type":"right","wrist":[-9.10354,220.215,40.9673]}],"id":1678710,"interactionBox":{"center":[0,200,0],"size":[235.247,235.247,147.751]},"pointables":[{"bases":[[[0.266152,0.7814,0.564427],[-0.851041,-0.0844803,0.518258],[0.45265,-0.618286,0.642519]],[[0.238995,0.816501,0.525555],[-0.771936,-0.168579,0.612941],[0.589064,-0.552184,0.589997]],[[0.238995,0.816501,0.525555],[-0.967259,0.247783,0.0549035],[-0.0853949,-0.521469,0.848986]],[[0.238995,0.816501,0.525555],[-0.752879,0.497628,-0.430744],[-0.613233,-0.292733,0.733657]]],"btipPosition":[-47.0695,258.743,-41.183],"carpPosition":[-35.1683,207.58,32.8917],"dipPosition":[-61.1378,252.028,-24.3521],"direction":[0.0853949,0.521469,-0.848986],"extended":false,"handId":467,"id":4670,"length":51.0864,"mcpPosition":[-35.1683,207.58,32.8917],"pipPosition":[-63.9918,234.599,4.02253],"stabilizedTipPosition":[-50.3586,257.142,-37.3055],"timeVisible":10.6562,"tipPosition":[-50.7278,257.935,-36.8951],"tipVelocity":[81.6402,125.685,9.64558],"tool":false,"touchDistance":-0.165655,"touchZone":"touching","type":0,"width":19.8498},{"bases":[[[0.971569,0.235592,-0.0234369],[-0.169009,0.759477,0.628197],[0.165798,-0.606376,0.777701]],[[0.983771,0.168958,0.0604053],[-0.166079,0.729983,0.66298],[0.0679207,-0.662253,0.746196]],[[0.983771,0.168958,0.0604053],[-0.176083,0.844333,0.50606],[0.0345004,-0.508483,0.860381]],[[0.983771,0.168958,0.0604053],[-0.179319,0.913905,0.364173],[0.00632503,-0.369094,0.92937]]],"btipPosition":[-46.0612,318.771,-82.7644],"carpPosition":[-30.3209,228.923,40.6946],"dipPosition":[-45.9553,312.589,-67.1994],"direction":[-0.0345004,0.508483,-0.860381],"extended":true,"handId":467,"id":4671,"length":57.6453,"mcpPosition":[-42.2775,272.652,-15.3899],"pipPosition":[-45.1379,300.542,-46.8146],"stabilizedTipPosition":[-46.3836,317.05,-79.2045],"timeVisible":10.6562,"tipPosition":[-46.4525,318.244,-78.5123],"tipVelocity":[102.174,136.23,40.8847],"tool":false,"touchDistance":-0.10463,"touchZone":"touching","type":1,"width":18.9605},{"bases":[[[0.999518,0.018555,-0.0248976],[0.00136092,0.774875,0.632112],[0.0310214,-0.631842,0.774477]],[[0.99973,0.0136065,-0.018832],[-0.0226291,0.753903,-0.656596],[0.00526349,0.656845,0.754008]],[[0.99973,0.0136065,-0.018832],[-0.00775145,-0.568778,-0.822455],[-0.021902,0.822379,-0.568519]],[[0.99973,0.0136065,-0.018832],[0.00677034,-0.946001,-0.324092],[-0.0222249,0.323877,-0.945838]]],"btipPosition":[-20.4484,216.641,-14.3071],"carpPosition":[-19.098,233.354,41.0139],"dipPosition":[-20.8577,222.607,-31.73],"direction":[0.021902,-0.822379,0.568519],"extended":false,"handId":467,"id":4672,"length":65.6822,"mcpPosition":[-21.2196,276.565,-11.9519],"pipPosition":[-21.4683,245.53,-47.5771],"stabilizedTipPosition":[-20.9259,217.512,-18.3282],"timeVisible":10.6562,"tipPosition":[-20.529,217.793,-18.7711],"tipVelocity":[66.1225,111.151,3.85555],"tool":false,"touchDistance":0.333333,"touchZone":"none","type":2,"width":18.6218},{"bases":[[[0.990223,-0.133094,0.0417644],[0.0737567,0.753684,0.653085],[-0.118399,-0.643619,0.756132]],[[0.991823,-0.123824,0.0308852],[0.111407,0.722054,-0.682808],[0.0622473,0.680666,0.729945]],[[0.991823,-0.123824,0.0308852],[-0.049906,-0.599072,-0.799138],[0.117455,0.791063,-0.600353]],[[0.991823,-0.123824,0.0308852],[-0.108426,-0.945255,-0.307792],[0.0673065,0.301927,-0.950952]]],"btipPosition":[-7.02277,217.466,-4.02779],"carpPosition":[-7.14437,234.768,40.6506],"dipPosition":[-5.79007,222.996,-21.4442],"direction":[-0.117455,-0.791063,0.600353],"extended":false,"handId":467,"id":4673,"length":63.1552,"mcpPosition":[0.125583,274.287,-5.77744],"pipPosition":[-2.60064,244.477,-37.7465],"stabilizedTipPosition":[-7.25405,218.11,-8.02257],"timeVisible":10.6562,"tipPosition":[-6.79512,218.51,-8.59079],"tipVelocity":[67.8758,101.394,-1.91171],"tool":false,"touchDistance":0.333333,"touchZone":"none","type":3,"width":17.7198},{"bases":[[[0.943974,-0.329381,0.0205113],[0.216123,0.663965,0.71585],[-0.249406,-0.671311,0.697953]],[[0.93072,-0.361657,0.0544504],[0.31593,0.720015,-0.617872],[0.184253,0.592268,0.784391]],[[0.93072,-0.361657,0.0544504],[-0.149481,-0.512037,-0.845857],[0.333791,0.779116,-0.530624]],[[0.93072,-0.361657,0.0544504],[-0.31428,-0.867011,-0.386677],[0.187054,0.342776,-0.920606]]],"btipPosition":[3.70961,226.435,-3.28673],"carpPosition":[5.47987,229.535,37.8437],"dipPosition":[6.8701,232.226,-18.8414],"direction":[-0.333791,-0.779116,0.530624],"extended":false,"handId":467,"id":4674,"length":49.5125,"mcpPosition":[19.6559,267.692,-1.82739],"pipPosition":[13.2696,247.164,-29.0147],"stabilizedTipPosition":[3.89244,227.167,-6.90081],"timeVisible":10.6562,"tipPosition":[4.34563,227.495,-7.30803],"tipVelocity":[71.4732,97.1096,7.44203],"tool":false,"touchDistance":0.333333,"touchZone":"none","type":4,"width":15.7401}],"r":[[0.716094,0.543693,0.43773],[-0.530974,0.831369,-0.163987],[-0.453074,-0.114993,0.884025]],"s":1.41768,"t":[-12.8198,-11.6389,-103.05],"timestamp":93381093943},false],[1,{"currentFrameRate":55.2635,"devices":[],"gestures":[{"center":[-31.9658,304.309,-94.7693],"duration":107921,"handIds":[467],"id":4,"normal":[-0.348298,0.253894,-0.902345],"pointableIds":[4671],"progress":0.904122,"radius":23.3229,"state":"update","type":"circle"}],"hands":[{"armBasis":[[0.967204,0.194632,-0.163202],[-0.132753,0.935136,0.328478],[0.216548,-0.29604,0.930305]],"armWidth":62.4607,"confidence":0.689186,"direction":[-0.0176558,0.739865,-0.672524],"elbow":[49.2762,143.148,287.721],"grabStrength":0,"id":467,"palmNormal":[0.141216,-0.664041,-0.73424],"palmPosition":[-15.7689,257.044,2.10243],"palmVelocity":[77.9643,83.9179,19.8846],"palmWidth":89.1918,"pinchStrength":0.267049,"r":[[0.719517,0.536386,0.441118],[-0.528753,0.834914,-0.152769],[-0.450239,-0.123323,0.884351]],"s":1.41693,"sphereCenter":[-23.8438,246.858,-39.0752],"sphereRadius":47.6184,"stabilizedPalmPosition":[-15.8272,256.991,2.08591],"t":[-11.3982,-10.1447,-102.701],"timeVisible":10.6744,"type":"right","wrist":[-8.03631,221.499,41.5033]}],"id":1678711,"interactionBox":{"center":[0,200,0],"size":[235.247,235.247,147.751]},"pointables":[{"bases":[[[0.268549,0.78174,0.562817],[-0.852865,-0.0786397,0.516175],[0.447774,-0.618626,0.645601]],[[0.240803,0.817937,0.522488],[-0.775828,-0.161249,0.609992],[0.583185,-0.552249,0.595749]],[[0.240803,0.817937,0.522488],[-0.966342,0.252266,0.0504518],[-0.0905396,-0.517051,0.851153]],[[0.240803,0.817937,0.522488],[-0.751587,0.497762,-0.43284],[-0.61411,-0.288466,0.734613]]],"btipPosition":[-45.5639,259.892,-41.0564],"carpPosition":[-34.1423,208.971,33.3941],"dipPosition":[-59.6522,253.274,-24.2036],"direction":[0.0905396,0.517051,-0.851153],"extended":false,"handId":467,"id":4670,"length":51.0864,"mcpPosition":[-34.1423,208.971,33.3941],"pipPosition":[-62.6782,235.993,4.24346],"stabilizedTipPosition":[-48.834,258.346,-37.1826],"timeVisible":10.6744,"tipPosition":[-49.2076,259.091,-36.7243],"tipVelocity":[82.1764,96.5749,8.50843],"tool":false,"touchDistance":-0.16664,"touchZone":"touching","type":0,"width":19.8498},{"bases":[[[0.972805,0.230627,-0.0214785],[-0.166888,0.7622,0.62546],[0.160619,-0.604866,0.779961]],[[0.984511,0.16338,0.0635942],[-0.164452,0.734865,0.657973],[0.0607663,-0.65824,0.750352]],[[0.984511,0.16338,0.0635942],[-0.173164,0.849471,0.49841],[0.0274088,-0.501703,0.864606]],[[0.984511,0.16338,0.0635942],[-0.175319,0.918511,0.354403],[-0.000509609,-0.360063,0.932928]]],"btipPosition":[-43.9917,319.571,-82.8102],"carpPosition":[-29.2087,230.313,41.1464],"dipPosition":[-44.0003,313.54,-67.1856],"direction":[-0.0274088,0.501703,-0.864606],"extended":true,"handId":467,"id":4671,"length":57.6453,"mcpPosition":[-40.7918,273.933,-15.101],"pipPosition":[-43.3509,301.654,-46.7008],"stabilizedTipPosition":[-44.2152,318.079,-79.2155],"timeVisible":10.6744,"tipPosition":[-44.4283,319.101,-78.5394],"tipVelocity":[107.168,93.2615,20.5676],"tool":false,"touchDistance":-0.112393,"touchZone":"touching","type":1,"width":18.9605},{"bases":[[[0.999663,0.0134488,-0.0222142],[0.00354529,0.776752,0.629796],[0.0257249,-0.629663,0.776443]],[[0.999832,0.00856809,-0.0161957],[-0.0171306,0.750734,-0.660382],[0.00650043,0.660549,0.750755]],[[0.999832,0.00856809,-0.0161957],[-0.0083513,-0.573661,-0.81905],[-0.0163085,0.819048,-0.573493]],[[0.999832,0.00856809,-0.0161957],[0.00296052,-0.947857,-0.318684],[-0.0180817,0.318582,-0.947723]]],"btipPosition":[-19.2433,217.841,-13.6451],"carpPosition":[-17.9645,234.688,41.4832],"dipPosition":[-19.5764,223.71,-31.1028],"direction":[0.0163085,-0.819048,0.573493],"extended":false,"handId":467,"id":4672,"length":65.6822,"mcpPosition":[-19.7238,277.75,-11.617],"pipPosition":[-20.031,246.54,-47.0885],"stabilizedTipPosition":[-19.7444,218.747,-17.8369],"timeVisible":10.6744,"tipPosition":[-19.3088,218.977,-18.1464],"tipVelocity":[66.7372,89.1427,19.1941],"tool":false,"touchDistance":0.333333,"touchZone":"none","type":2,"width":18.6218},{"bases":[[[0.989422,-0.137951,0.0448747],[0.0757759,0.75526,0.65103],[-0.123703,-0.640743,0.757724]],[[0.991107,-0.12867,0.0339114],[0.11681,0.719262,-0.684848],[0.0637282,0.682719,0.727896]],[[0.991107,-0.12867,0.0339114],[-0.0508408,-0.601692,-0.797108],[0.122968,0.788296,-0.602883]],[[0.991107,-0.12867,0.0339114],[-0.112368,-0.94582,-0.304629],[0.0712707,0.29811,-0.951867]]],"btipPosition":[-5.84287,218.617,-3.45251],"carpPosition":[-6.00293,236.041,41.1485],"dipPosition":[-4.53757,224.077,-20.8857],"direction":[-0.122968,-0.788296,0.602883],"extended":false,"handId":467,"id":4673,"length":63.1552,"mcpPosition":[1.59265,275.383,-5.37734],"pipPosition":[-1.19843,245.483,-37.2567],"stabilizedTipPosition":[-6.08426,219.315,-7.63951],"timeVisible":10.6744,"tipPosition":[-5.59814,219.645,-8.01537],"tipVelocity":[66.9724,82.9105,14.0065],"tool":false,"touchDistance":0.333333,"touchZone":"none","type":3,"width":17.7198},{"bases":[[[0.942242,-0.334065,0.0240815],[0.217516,0.665014,0.714453],[-0.254688,-0.66795,0.699269]],[[0.928804,-0.366018,0.0579152],[0.320986,0.716538,-0.619307],[0.185179,0.593805,0.78301]],[[0.928804,-0.366018,0.0579152],[-0.150012,-0.514278,-0.844402],[0.338851,0.775595,-0.532571]],[[0.928804,-0.366018,0.0579152],[-0.317647,-0.866859,-0.38426],[0.190851,0.338506,-0.921407]]],"btipPosition":[4.93907,227.531,-2.71474],"carpPosition":[6.60236,230.736,38.3918],"dipPosition":[8.16371,233.25,-18.283],"direction":[-0.338851,-0.775595,0.532571],"extended":false,"handId":467,"id":4674,"length":49.5125,"mcpPosition":[21.0786,268.702,-1.3541],"pipPosition":[14.6603,248.12,-28.4935],"stabilizedTipPosition":[5.10454,228.305,-6.49049],"timeVisible":10.6744,"tipPosition":[5.5883,228.577,-6.73584],"tipVelocity":[70.1069,79.2072,18.8382],"tool":false,"touchDistance":0.333333,"touchZone":"none","type":4,"width":15.7401}],"r":[[0.719517,0.536386,0.441118],[-0.528753,0.834914,-0.152769],[-0.450239,-0.123323,0.884351]],"s":1.41693,"t":[-11.3982,-10.1447,-102.701],"timestamp":93381112079},false],[2,{"currentFrameRate":55.2831,"devices":[],"gestures":[{"center":[-31.967,304.269,-94.6265],"duration":125942,"handIds":[467],"id":4,"normal":[-0.35996,0.273907,-0.891854],"pointableIds":[4671],"progress":0.916301,"radius":23.3268,"state":"update","type":"circle"}],"hands":[{"armBasis":[[0.968079,0.192552,-0.160457],[-0.132402,0.936429,0.324917],[0.212819,-0.2933,0.932032]],"armWidth":62.4607,"confidence":0.697671,"direction":[-0.0177796,0.740056,-0.67231],"elbow":[49.4425,145.404,288.266],"grabStrength":0,"id":467,"palmNormal":[0.14099,-0.663842,-0.734463],"palmPosition":[-14.6235,258.586,2.20191],"palmVelocity":[71.1332,84.7065,13.0737],"palmWidth":89.1918,"pinchStrength":0.26815,"r":[[0.722275,0.530474,0.443752],[-0.526939,0.837667,-0.143698],[-0.447944,-0.130041,0.884554]],"s":1.41619,"sphereCenter":[-22.355,248.349,-39.0003],"sphereRadius":47.5611,"stabilizedPalmPosition":[-14.6576,258.541,2.19863],"t":[-10.1148,-8.62645,-102.477],"timeVisible":10.6924,"type":"right","wrist":[-6.8832,223.03,41.5908]}],"id":1678712,"interactionBox":{"center":[0,200,0],"size":[235.247,235.247,147.751]},"pointables":[{"bases":[[[0.268739,0.781565,0.562971],[-0.85274,-0.078733,0.516367],[0.447899,-0.618836,0.645313]],[[0.239747,0.819293,0.520845],[-0.777463,-0.159284,0.608424],[0.58144,-0.550806,0.598783]],[[0.239747,0.819293,0.520845],[-0.966557,0.251743,0.048916],[-0.0910426,-0.515154,0.852249]],[[0.239747,0.819293,0.520845],[-0.754561,0.494822,-0.431032],[-0.610867,-0.289671,0.736839]]],"btipPosition":[-44.3858,261.32,-41.202],"carpPosition":[-32.992,210.506,33.4846],"dipPosition":[-58.3997,254.675,-24.2981],"direction":[0.0910426,0.515154,-0.852249],"extended":false,"handId":467,"id":4670,"length":51.0864,"mcpPosition":[-32.992,210.506,33.4846],"pipPosition":[-61.4425,237.457,4.18553],"stabilizedTipPosition":[-47.6241,259.774,-37.3125],"timeVisible":10.6924,"tipPosition":[-48.0022,260.508,-36.7989],"tipVelocity":[74.6596,88.1936,0.951397],"tool":false,"touchDistance":-0.170651,"touchZone":"touching","type":0,"width":19.8498},{"bases":[[[0.972814,0.230573,-0.0216585],[-0.166684,0.762033,0.625717],[0.160778,-0.605096,0.779749]],[[0.984599,0.162579,0.0642885],[-0.164427,0.7362,0.656485],[0.0594012,-0.656945,0.751595]],[[0.984599,0.162579,0.0642885],[-0.172919,0.851413,0.495172],[0.0257682,-0.498662,0.866413]],[[0.984599,0.162579,0.0642885],[-0.174813,0.920412,0.34969],[-0.00231974,-0.355543,0.934657]]],"btipPosition":[-42.723,320.917,-82.8238],"carpPosition":[-28.0551,231.845,41.2417],"dipPosition":[-42.7618,314.962,-67.1702],"direction":[-0.0257682,0.498662,-0.866413],"extended":true,"handId":467,"id":4671,"length":57.6453,"mcpPosition":[-39.6497,275.482,-14.9904],"pipPosition":[-42.1513,303.148,-46.6426],"stabilizedTipPosition":[-42.8249,319.455,-79.223],"timeVisible":10.6924,"tipPosition":[-43.182,320.467,-78.5485],"tipVelocity":[89.5524,84.924,10.6333],"tool":false,"touchDistance":-0.11643,"touchZone":"touching","type":1,"width":18.9605},{"bases":[[[0.999658,0.0133934,-0.0224624],[0.00375191,0.776574,0.630015],[0.0258818,-0.629884,0.776258]],[[0.999829,0.00849961,-0.0164311],[-0.0172343,0.75077,-0.660339],[0.00672336,0.66051,0.750788]],[[0.999829,0.00849961,-0.0164311],[-0.00857495,-0.574086,-0.81875],[-0.0163919,0.818751,-0.573914]],[[0.999829,0.00849961,-0.0164311],[0.002833,-0.948073,-0.318039],[-0.0182811,0.317938,-0.947935]]],"btipPosition":[-18.1046,219.41,-13.5247],"carpPosition":[-16.8106,236.219,41.577],"dipPosition":[-18.4414,225.266,-30.9862],"direction":[0.0163919,-0.818751,0.573914],"extended":false,"handId":467,"id":4672,"length":65.6822,"mcpPosition":[-18.5806,279.296,-11.5107],"pipPosition":[-18.8983,248.088,-46.9838],"stabilizedTipPosition":[-18.6477,220.158,-17.6291],"timeVisible":10.6924,"tipPosition":[-18.1714,220.542,-18.0249],"tipVelocity":[65.0307,88.0696,13.2384],"tool":false,"touchDistance":0.333333,"touchZone":"none","type":2,"width":18.6218},{"bases":[[[0.989425,-0.138025,0.0445864],[0.0759865,0.755072,0.651224],[-0.123551,-0.640949,0.757574]],[[0.991116,-0.128693,0.0335692],[0.116594,0.719293,-0.684853],[0.0639897,0.682682,0.727908]],[[0.991116,-0.128693,0.0335692],[-0.0511639,-0.601908,-0.796925],[0.122764,0.788127,-0.603145]],[[0.991116,-0.128693,0.0335692],[-0.112517,-0.945913,-0.304285],[0.0709129,0.297805,-0.951989]]],"btipPosition":[-4.69762,220.172,-3.34337],"carpPosition":[-4.84902,237.571,41.2396],"dipPosition":[-3.39887,225.626,-20.7788],"direction":[-0.122764,-0.788127,0.603145],"extended":false,"handId":467,"id":4673,"length":63.1552,"mcpPosition":[2.73727,276.927,-5.27705],"pipPosition":[-0.0652592,247.028,-37.1569],"stabilizedTipPosition":[-4.98457,220.693,-7.4529],"timeVisible":10.6924,"tipPosition":[-4.45448,221.2,-7.90322],"tipVelocity":[65.3105,84.4804,10.2231],"tool":false,"touchDistance":0.333333,"touchZone":"none","type":3,"width":17.7198},{"bases":[[[0.942228,-0.33413,0.0237496],[0.217737,0.664799,0.714586],[-0.254553,-0.668131,0.699145]],[[0.928837,-0.366003,0.0574827],[0.320745,0.716732,-0.619207],[0.185432,0.593579,0.783121]],[[0.928837,-0.366003,0.0574827],[-0.150354,-0.514184,-0.844398],[0.338609,0.775665,-0.532623]],[[0.928837,-0.366003,0.0574827],[-0.317802,-0.866847,-0.384158],[0.190432,0.338551,-0.921476]]],"btipPosition":[6.08725,229.078,-2.6229],"carpPosition":[7.75525,232.267,38.4782],"dipPosition":[9.30481,234.798,-18.1923],"direction":[-0.338609,-0.775665,0.532623],"extended":false,"handId":467,"id":4674,"length":49.5125,"mcpPosition":[22.2239,270.243,-1.26061],"pipPosition":[15.7967,249.669,-28.4039],"stabilizedTipPosition":[6.21838,229.655,-6.30517],"timeVisible":10.6924,"tipPosition":[6.73395,230.126,-6.64073],"tipVelocity":[67.0324,82.35,12.315],"tool":false,"touchDistance":0.333333,"touchZone":"none","type":4,"width":15.7401}],"r":[[0.722275,0.530474,0.443752],[-0.526939,0.837667,-0.143698],[-0.447944,-0.130041,0.884554]],"s":1.41619,"t":[-10.1148,-8.62645,-102.477],"timestamp":93381130100},false],[3,{"currentFrameRate":55.2883,"devices":[],"gestures":[{"center":[-31.9927,304.277,-94.4862],"duration":144011,"handIds":[467],"id":4,"normal":[-0.369253,0.292205,-0.882195],"pointableIds":[4671],"progress":0.927719,"radius":23.3437,"state":"update","type":"circle"}],"hands":[{"armBasis":[[0.967795,0.191758,-0.163102],[-0.13114,0.937074,0.323566],[0.214885,-0.291756,0.932042]],"armWidth":62.4607,"confidence":0.670121,"direction":[-0.0155408,0.74203,-0.670186],"elbow":[50.7863,146.862,288.46],"grabStrength":0,"id":467,"palmNormal":[0.141021,-0.661941,-0.736171],"palmPosition":[-13.7079,259.763,2.48444],"palmVelocity":[61.4153,75.406,14.2911],"palmWidth":89.1918,"pinchStrength":0.267553,"r":[[0.724512,0.525227,0.446339],[-0.525146,0.840059,-0.1361],[-0.446435,-0.135787,0.884454]],"s":1.4156,"sphereCenter":[-21.116,249.639,-38.7444],"sphereRadius":47.5125,"stabilizedPalmPosition":[-13.7274,259.738,2.47857],"t":[-9.0152,-7.27893,-102.223],"timeVisible":10.7105,"type":"right","wrist":[-6.0859,224.08,41.7817]}],"id":1678713,"interactionBox":{"center":[0,200,0],"size":[235.247,235.247,147.751]},"pointables":[{"bases":[[[0.269161,0.779486,0.565644],[-0.853655,-0.0788277,0.51484],[0.445899,-0.62144,0.644195]],[[0.239019,0.818957,0.521708],[-0.780655,-0.157444,0.604804],[0.577449,-0.551834,0.601691]],[[0.239019,0.818957,0.521708],[-0.966432,0.252775,0.0459708],[-0.0942269,-0.515183,0.851885]],[[0.239019,0.818957,0.521708],[-0.75569,0.494276,-0.429679],[-0.609756,-0.291548,0.737019]]],"btipPosition":[-43.3203,262.531,-41.2214],"carpPosition":[-32.2028,211.622,33.5995],"dipPosition":[-57.3088,255.843,-24.3134],"direction":[0.0942269,0.515183,-0.851885],"extended":false,"handId":467,"id":4670,"length":51.0864,"mcpPosition":[-32.2028,211.622,33.5995],"pipPosition":[-60.458,238.624,4.15812],"stabilizedTipPosition":[-46.5459,260.983,-37.3324],"timeVisible":10.7105,"tipPosition":[-46.9317,261.704,-36.7594],"tipVelocity":[67.3575,77.8734,0.0153014],"tool":false,"touchDistance":-0.171291,"touchZone":"touching","type":0,"width":19.8498},{"bases":[[[0.973223,0.229035,-0.0195104],[-0.166388,0.760489,0.627672],[0.158596,-0.607618,0.778234]],[[0.984791,0.160448,0.0666567],[-0.164295,0.735187,0.657652],[0.0565139,-0.658601,0.750367]],[[0.984791,0.160448,0.0666567],[-0.172231,0.851016,0.496093],[0.0228713,-0.500028,0.865707]],[[0.984791,0.160448,0.0666567],[-0.173667,0.920377,0.350352],[-0.00513602,-0.356599,0.934243]]],"btipPosition":[-41.5159,322.305,-82.4548],"carpPosition":[-27.2428,232.931,41.426],"dipPosition":[-41.6019,316.332,-66.8082],"direction":[-0.0228713,0.500028,-0.865707],"extended":true,"handId":467,"id":4671,"length":57.6453,"mcpPosition":[-38.6801,276.749,-14.6968],"pipPosition":[-41.0601,304.485,-46.2972],"stabilizedTipPosition":[-41.5916,320.867,-78.872],"timeVisible":10.7105,"tipPosition":[-41.9843,321.832,-78.1937],"tipVelocity":[78.4599,80.953,15.2409],"tool":false,"touchDistance":-0.112331,"touchZone":"touching","type":1,"width":18.9605},{"bases":[[[0.999712,0.0118149,-0.0209037],[0.00406449,0.774737,0.632271],[0.0236651,-0.632173,0.774466]],[[0.999864,0.00694657,-0.0149393],[-0.0150869,0.750396,-0.660817],[0.00662,0.660953,0.750398]],[[0.999864,0.00694657,-0.0149393],[-0.00821652,-0.575708,-0.817614],[-0.0142803,0.817626,-0.575573]],[[0.999864,0.00694657,-0.0149393],[0.0018556,-0.948478,-0.316836],[-0.0163706,0.316766,-0.948363]]],"btipPosition":[-17.2232,220.665,-13.1155],"carpPosition":[-15.9916,237.285,41.791],"dipPosition":[-17.5248,226.5,-30.5849],"direction":[0.0142803,-0.817626,0.575573],"extended":false,"handId":467,"id":4672,"length":65.6822,"mcpPosition":[-17.6101,280.519,-11.174],"pipPosition":[-17.9229,249.29,-46.6287],"stabilizedTipPosition":[-17.7486,221.384,-17.3003],"timeVisible":10.7105,"tipPosition":[-17.2844,221.807,-17.6759],"tipVelocity":[57.5231,79.0964,17.6595],"tool":false,"touchDistance":0.333333,"touchZone":"none","type":2,"width":18.6218},{"bases":[[[0.989128,-0.13978,0.0456898],[0.0762313,0.753054,0.653527],[-0.125757,-0.642939,0.755523]],[[0.990859,-0.130375,0.0346502],[0.118735,0.720939,-0.682751],[0.0640328,0.680624,0.729829]],[[0.990859,-0.130375,0.0346502],[-0.0510157,-0.599924,-0.798428],[0.124883,0.789362,-0.601092]],[[0.990859,-0.130375,0.0346502],[-0.113619,-0.945014,-0.306657],[0.0727253,0.299917,-0.951189]]],"btipPosition":[-3.8331,221.36,-3.13574],"carpPosition":[-4.02735,238.619,41.4758],"dipPosition":[-2.50115,226.853,-20.5565],"direction":[-0.124883,-0.789362,0.601092],"extended":false,"handId":467,"id":4673,"length":63.1552,"mcpPosition":[3.69439,278.097,-4.91486],"pipPosition":[0.889971,248.288,-36.8789],"stabilizedTipPosition":[-4.08011,221.891,-7.26034],"timeVisible":10.7105,"tipPosition":[-3.58177,222.4,-7.68925],"tipVelocity":[57.2142,75.8094,10.914],"tool":false,"touchDistance":0.333333,"touchZone":"none","type":3,"width":17.7198},{"bases":[[[0.941641,-0.335746,0.0242123],[0.217737,0.662366,0.716842],[-0.256714,-0.669736,0.696815]],[[0.928171,-0.367642,0.0577757],[0.32279,0.718029,-0.616637],[0.185217,0.590994,0.785125]],[[0.928171,-0.367642,0.0577757],[-0.149952,-0.511539,-0.846074],[0.340607,0.776638,-0.529925]],[[0.928171,-0.367642,0.0577757],[-0.318629,-0.865257,-0.387048],[0.192286,0.340837,-0.920248]]],"btipPosition":[6.96506,230.236,-2.39246],"carpPosition":[8.5724,233.302,38.7182],"dipPosition":[10.214,235.995,-17.9411],"direction":[-0.340607,-0.776638,0.529925],"extended":false,"handId":467,"id":4674,"length":49.5125,"mcpPosition":[23.1638,271.369,-0.888219],"pipPosition":[16.7442,250.885,-28.1009],"stabilizedTipPosition":[7.13586,230.825,-6.0985],"timeVisible":10.7105,"tipPosition":[7.61889,231.297,-6.40339],"tipVelocity":[58.4564,73.9219,12.6489],"tool":false,"touchDistance":0.333333,"touchZone":"none","type":4,"width":15.7401}],"r":[[0.724512,0.525227,0.446339],[-0.525146,0.840059,-0.1361],[-0.446435,-0.135787,0.884454]],"s":1.4156,"t":[-9.0152,-7.27893,-102.223],"timestamp":93381148169},false],[4,{"currentFrameRate":55.2894,"devices":[],"gestures":[{"center":[-32.0074,304.274,-94.3757],"duration":162094,"handIds":[467],"id":4,"normal":[-0.376305,0.307446,-0.873998],"pointableIds":[4671],"progress":0.934228,"radius":23.3563,"state":"update","type":"circle"}],"hands":[{"armBasis":[[0.968231,0.192626,-0.159449],[-0.132524,0.936018,0.326048],[0.212053,-0.294559,0.931809]],"armWidth":62.4607,"confidence":0.684548,"direction":[-0.0146589,0.740158,-0.672273],"elbow":[50.7195,147.018,288.668],"grabStrength":0,"id":467,"palmNormal":[0.142724,-0.663912,-0.734064],"palmPosition":[-12.9695,260.547,2.64083],"palmVelocity":[51.6306,60.1718,11.6088],"palmWidth":89.1918,"pinchStrength":0.269792,"r":[[0.726077,0.521335,0.448355],[-0.523734,0.8418,-0.130675],[-0.44555,-0.139939,0.884252]],"s":1.41494,"sphereCenter":[-20.0799,250.256,-38.5896],"sphereRadius":47.4712,"stabilizedPalmPosition":[-12.9812,260.534,2.63834],"t":[-8.09625,-6.21317,-102.018],"timeVisible":10.7285,"type":"right","wrist":[-5.40319,224.977,42.0512]}],"id":1678714,"interactionBox":{"center":[0,200,0],"size":[235.247,235.247,147.751]},"pointables":[{"bases":[[[0.267717,0.78119,0.563977],[-0.854575,-0.0778263,0.513464],[0.445005,-0.619424,0.64675]],[[0.236743,0.821618,0.518552],[-0.783106,-0.154538,0.602381],[0.575063,-0.548691,0.606829]],[[0.236743,0.821618,0.518552],[-0.966712,0.25252,0.0412439],[-0.0970581,-0.511055,0.854051]],[[0.236743,0.821618,0.518552],[-0.756336,0.490864,-0.432445],[-0.609843,-0.289822,0.737628]]],"btipPosition":[-42.4028,263.061,-41.3036],"carpPosition":[-31.4986,212.484,33.855],"dipPosition":[-56.3932,256.412,-24.3817],"direction":[0.0970581,0.511055,-0.854051],"extended":false,"handId":467,"id":4670,"length":51.0864,"mcpPosition":[-31.4986,212.484,33.855],"pipPosition":[-59.6371,239.332,4.16222],"stabilizedTipPosition":[-45.6249,261.529,-37.4112],"timeVisible":10.7285,"tipPosition":[-46.026,262.238,-36.8157],"tipVelocity":[59.4479,55.0278,-2.06984],"tool":false,"touchDistance":-0.172608,"touchZone":"touching","type":0,"width":19.8498},{"bases":[[[0.973143,0.229469,-0.0183314],[-0.167938,0.762146,0.625245],[0.157446,-0.605374,0.780213]],[[0.984606,0.160859,0.0683807],[-0.166007,0.738156,0.653886],[0.0547075,-0.655171,0.753497]],[[0.984606,0.160859,0.0683807],[-0.173567,0.853612,0.491143],[0.020634,-0.495451,0.868391]],[[0.984606,0.160859,0.0683807],[-0.174622,0.922378,0.344566],[-0.00764637,-0.351203,0.936268]]],"btipPosition":[-40.5828,322.685,-82.6214],"carpPosition":[-26.5638,233.816,41.6315],"dipPosition":[-40.7109,316.803,-66.9409],"direction":[-0.020634,0.495451,-0.868391],"extended":true,"handId":467,"id":4671,"length":57.6453,"mcpPosition":[-37.9181,277.473,-14.6341],"pipPosition":[-40.222,305.064,-46.3663],"stabilizedTipPosition":[-40.6394,321.319,-79.011],"timeVisible":10.7285,"tipPosition":[-41.0591,322.233,-78.3597],"tipVelocity":[65.4396,53.0191,3.82204],"tool":false,"touchDistance":-0.114978,"touchZone":"touching","type":1,"width":18.9605},{"bases":[[[0.999743,0.0122592,-0.0190718],[0.00249903,0.776492,0.630122],[0.0225339,-0.630008,0.776262]],[[0.999887,0.00741705,-0.0131055],[-0.0142404,0.748706,-0.662749],[0.00489649,0.66286,0.748727]],[[0.999887,0.00741705,-0.0131055],[-0.00640731,-0.578034,-0.815988],[-0.0136276,0.815979,-0.577921]],[[0.999887,0.00741705,-0.0131055],[0.0029283,-0.949444,-0.313923],[-0.0147713,0.313849,-0.949358]]],"btipPosition":[-16.436,221.418,-12.8613],"carpPosition":[-15.3155,238.177,42.0054],"dipPosition":[-16.7081,227.199,-30.349],"direction":[0.0136276,-0.815979,0.577921],"extended":false,"handId":467,"id":4672,"length":65.6822,"mcpPosition":[-16.8566,281.263,-11.0825],"pipPosition":[-17.0879,249.944,-46.4582],"stabilizedTipPosition":[-16.9749,222.228,-17.0423],"timeVisible":10.7285,"tipPosition":[-16.4895,222.545,-17.4145],"tipVelocity":[51.0535,60.9815,15.8382],"tool":false,"touchDistance":0.333333,"touchZone":"none","type":2,"width":18.6218},{"bases":[[[0.98911,-0.139156,0.0479228],[0.0746368,0.754905,0.651574],[-0.126847,-0.640901,0.75707]],[[0.99086,-0.129764,0.036841],[0.11961,0.718935,-0.684709],[0.0623642,0.682858,0.727885]],[[0.99086,-0.129764,0.036841],[-0.0492929,-0.602545,-0.796561],[0.125563,0.787465,-0.603434]],[[0.99086,-0.129764,0.036841],[-0.112603,-0.946066,-0.303775],[0.074273,0.296851,-0.952031]]],"btipPosition":[-3.06385,222.142,-2.83361],"carpPosition":[-3.3513,239.516,41.7087],"dipPosition":[-1.70356,227.579,-20.2698],"direction":[-0.125563,-0.787465,0.603434],"extended":false,"handId":467,"id":4673,"length":63.1552,"mcpPosition":[4.43738,278.869,-4.77692],"pipPosition":[1.70604,248.962,-36.6558],"stabilizedTipPosition":[-3.31039,222.76,-7.01919],"timeVisible":10.7285,"tipPosition":[-2.80413,223.17,-7.38668],"tipVelocity":[50.4105,59.991,13.5749],"tool":false,"touchDistance":0.333333,"touchZone":"none","type":3,"width":17.7198},{"bases":[[[0.941761,-0.335204,0.0269013],[0.216069,0.664463,0.715404],[-0.257681,-0.667927,0.698193]],[[0.928253,-0.366995,0.0605088],[0.323693,0.716925,-0.617448],[0.18322,0.592734,0.784281]],[[0.928253,-0.366995,0.0605088],[-0.147891,-0.513434,-0.845289],[0.341284,0.775693,-0.530872]],[[0.928253,-0.366995,0.0605088],[-0.317394,-0.866367,-0.385576],[0.193928,0.338707,-0.92069]]],"btipPosition":[7.73232,231.023,-2.14466],"carpPosition":[9.25622,234.198,38.9895],"dipPosition":[11.0089,236.746,-17.7008],"direction":[-0.341284,-0.775693,0.530872],"extended":false,"handId":467,"id":4674,"length":49.5125,"mcpPosition":[23.9026,272.162,-0.695291],"pipPosition":[17.5521,251.618,-27.8788],"stabilizedTipPosition":[7.91171,231.695,-5.88246],"timeVisible":10.7285,"tipPosition":[8.39361,232.078,-6.13483],"tipVelocity":[51.0062,59.2524,13.105],"tool":false,"touchDistance":0.333333,"touchZone":"none","type":4,"width":15.7401}],"r":[[0.726077,0.521335,0.448355],[-0.523734,0.8418,-0.130675],[-0.44555,-0.139939,0.884252]],"s":1.41494,"t":[-8.09625,-6.21317,-102.018],"timestamp":93381166252},false],[5,{"currentFrameRate":55.2864,"devices":[],"gestures":[{"center":[-32.013,304.26,-94.2885],"duration":180192,"handIds":[467],"id":4,"normal":[-0.381794,0.32048,-0.866906],"pointableIds":[4671],"progress":0.940052,"radius":23.3646,"state":"update","type":"circle"}],"hands":[{"armBasis":[[0.968447,0.193336,-0.157265],[-0.13299,0.934575,0.329974],[0.210772,-0.298647,0.930798]],"armWidth":62.4607,"confidence":0.699858,"direction":[-0.0133761,0.738636,-0.673972],"elbow":[50.9701,146.577,288.633],"grabStrength":0,"id":467,"palmNormal":[0.143524,-0.665634,-0.732347],"palmPosition":[-12.3079,261.101,2.78199],"palmVelocity":[44.4612,46.1242,9.79718],"palmWidth":89.1918,"pinchStrength":0.270046,"r":[[0.727236,0.518357,0.449926],[-0.522493,0.843153,-0.126863],[-0.445117,-0.142823,0.884009]],"s":1.41435,"sphereCenter":[-19.2431,250.672,-38.4613],"sphereRadius":47.4561,"stabilizedPalmPosition":[-12.316,261.095,2.78027],"t":[-7.30598,-5.40306,-101.845],"timeVisible":10.7466,"type":"right","wrist":[-4.81361,225.618,42.284]}],"id":1678715,"interactionBox":{"center":[0,200,0],"size":[235.247,235.247,147.751]},"pointables":[{"bases":[[[0.267213,0.782359,0.562593],[-0.855355,-0.0763146,0.512391],[0.443808,-0.618134,0.648802]],[[0.236291,0.822734,0.516987],[-0.784351,-0.152554,0.601265],[0.57355,-0.547573,0.609265]],[[0.236291,0.822734,0.516987],[-0.966643,0.253147,0.03895],[-0.0988284,-0.508946,0.855107]],[[0.236291,0.822734,0.516987],[-0.756419,0.489712,-0.433604],[-0.609916,-0.288602,0.738046]]],"btipPosition":[-41.6714,263.541,-41.2447],"carpPosition":[-30.9021,213.117,34.0781],"dipPosition":[-55.6635,256.92,-24.3131],"direction":[0.0988284,0.508946,-0.855107],"extended":false,"handId":467,"id":4670,"length":51.0864,"mcpPosition":[-30.9021,213.117,34.0781],"pipPosition":[-58.9665,239.91,4.26606],"stabilizedTipPosition":[-44.8917,262.017,-37.3506],"timeVisible":10.7466,"tipPosition":[-45.2883,262.701,-36.7617],"tipVelocity":[50.3836,41.6334,0.521733],"tool":false,"touchDistance":-0.171589,"touchZone":"touching","type":0,"width":19.8498},{"bases":[[[0.973263,0.229033,-0.0174316],[-0.168538,0.763631,0.623268],[0.15606,-0.603665,0.781814]],[[0.984593,0.160316,0.0698251],[-0.166787,0.741055,0.650399],[0.052525,-0.652025,0.756376]],[[0.984593,0.160316,0.0698251],[-0.173904,0.856008,0.486835],[0.0182765,-0.491477,0.870699]],[[0.984593,0.160316,0.0698251],[-0.174572,0.92417,0.339756],[-0.010062,-0.346711,0.937918]]],"btipPosition":[-39.7008,322.908,-82.7586],"carpPosition":[-25.97,234.465,41.8133],"dipPosition":[-39.8694,317.102,-67.0504],"direction":[-0.0182765,0.491477,-0.870699],"extended":true,"handId":467,"id":4671,"length":57.6453,"mcpPosition":[-37.2243,277.998,-14.5677],"pipPosition":[-39.4363,305.457,-46.4212],"stabilizedTipPosition":[-39.7553,321.568,-79.1434],"timeVisible":10.7466,"tipPosition":[-40.1845,322.471,-78.4973],"tipVelocity":[57.249,34.128,-1.43376],"tool":false,"touchDistance":-0.117159,"touchZone":"touching","type":1,"width":18.9605},{"bases":[[[0.999775,0.0118112,-0.0176402],[0.00189667,0.777919,0.628361],[0.0211443,-0.628253,0.777722]],[[0.999907,0.00699441,-0.0116773],[-0.0129843,0.747591,-0.664033],[0.00408535,0.664123,0.747612]],[[0.999907,0.00699441,-0.0116773],[-0.00546021,-0.57973,-0.81479],[-0.0124687,0.814779,-0.579638]],[[0.999907,0.00699441,-0.0116773],[0.00300824,-0.95022,-0.311567],[-0.0132752,0.311503,-0.950153]]],"btipPosition":[-15.7674,221.96,-12.6576],"carpPosition":[-14.7205,238.822,42.1938],"dipPosition":[-16.012,227.698,-30.16],"direction":[0.0124687,-0.814779,0.579638],"extended":false,"handId":467,"id":4672,"length":65.6822,"mcpPosition":[-16.1665,281.788,-10.994],"pipPosition":[-16.3595,250.409,-46.317],"stabilizedTipPosition":[-16.3164,222.83,-16.8368],"timeVisible":10.7466,"tipPosition":[-15.8143,223.072,-17.1922],"tipVelocity":[44.5075,45.9568,13.5699],"tool":false,"touchDistance":0.333333,"touchZone":"none","type":2,"width":18.6218},{"bases":[[[0.988982,-0.139447,0.0496823],[0.0739943,0.756352,0.649967],[-0.128213,-0.63913,0.758337]],[[0.990754,-0.130071,0.03857],[0.120886,0.717325,-0.686171],[0.0615837,0.68449,0.726417]],[[0.990754,-0.130071,0.03857],[-0.0483959,-0.60443,-0.795187],[0.126744,0.785968,-0.605137]],[[0.990754,-0.130071,0.03857],[-0.112553,-0.946759,-0.301629],[0.0757496,0.294499,-0.952645]]],"btipPosition":[-2.4089,222.685,-2.58683],"carpPosition":[-2.75529,240.155,41.9115],"dipPosition":[-1.02156,228.078,-20.0343],"direction":[-0.126744,-0.785968,0.605137],"extended":false,"handId":467,"id":4673,"length":63.1552,"mcpPosition":[5.11726,279.399,-4.6519],"pipPosition":[2.4201,249.421,-36.4665],"stabilizedTipPosition":[-2.66028,223.381,-6.79578],"timeVisible":10.7466,"tipPosition":[-2.14205,223.702,-7.13768],"tipVelocity":[43.8103,45.4615,13.536],"tool":false,"touchDistance":0.333333,"touchZone":"none","type":3,"width":17.7198},{"bases":[[[0.941584,-0.335523,0.0290367],[0.215296,0.665998,0.714209],[-0.258972,-0.666236,0.69933]],[[0.928004,-0.367254,0.0627191],[0.324936,0.715442,-0.618514],[0.18228,0.594363,0.783267]],[[0.928004,-0.367254,0.0627191],[-0.146855,-0.515279,-0.844346],[0.342407,0.774346,-0.532114]],[[0.928004,-0.367254,0.0627191],[-0.317208,-0.867127,-0.384019],[0.195418,0.336476,-0.921193]]],"btipPosition":[8.38937,231.562,-1.90856],"carpPosition":[9.85401,234.826,39.2227],"dipPosition":[11.6912,237.247,-17.4732],"direction":[-0.342407,-0.774346,0.532114],"extended":false,"handId":467,"id":4674,"length":49.5125,"mcpPosition":[24.5738,272.694,-0.526656],"pipPosition":[18.2559,252.093,-27.675],"stabilizedTipPosition":[8.5673,232.318,-5.67364],"timeVisible":10.7466,"tipPosition":[9.0576,232.609,-5.89533],"tipVelocity":[44.1666,45.0078,13.0254],"tool":false,"touchDistance":0.333333,"touchZone":"none","type":4,"width":15.7401}],"r":[[0.727236,0.518357,0.449926],[-0.522493,0.843153,-0.126863],[-0.445117,-0.142823,0.884009]],"s":1.41435,"t":[-7.30598,-5.40306,-101.845],"timestamp":93381184350},false],[6,{"currentFrameRate":55.2913,"devices":[],"gestures":[{"center":[-31.9409,304.446,-93.8725],"duration":198261,"handIds":[467],"id":4,"normal":[-0.383653,0.353332,-0.85321],"pointableIds":[4671],"progress":0.946719,"radius":23.4957,"state":"update","type":"circle"}],"hands":[{"armBasis":[[0.96809,0.197396,-0.154388],[-0.137536,0.933506,0.331135],[0.209487,-0.299334,0.930867]],"armWidth":62.4607,"confidence":0.701928,"direction":[-0.0140685,0.739332,-0.673194],"elbow":[51.2614,147.429,289.075],"grabStrength":0,"id":467,"palmNormal":[0.148268,-0.664275,-0.732636],"palmPosition":[-11.6878,262.151,3.22233],"palmVelocity":[39.6436,51.8229,16.7203],"palmWidth":89.1918,"pinchStrength":0.26994,"r":[[0.727497,0.516415,0.451735],[-0.522051,0.84386,-0.123946],[-0.445209,-0.145658,0.8835]],"s":1.41386,"sphereCenter":[-18.3535,251.707,-38.072],"sphereRadius":47.4447,"stabilizedPalmPosition":[-11.6965,262.137,3.21619],"t":[-6.60078,-4.47293,-101.539],"timeVisible":10.7647,"type":"right","wrist":[-4.18222,226.652,42.7081]}],"id":1678716,"interactionBox":{"center":[0,200,0],"size":[235.247,235.247,147.751]},"pointables":[{"bases":[[[0.262549,0.782725,0.564277],[-0.856635,-0.080086,0.509669],[0.444121,-0.617193,0.649484]],[[0.231567,0.823096,0.518546],[-0.785902,-0.155875,0.598382],[0.573354,-0.546092,0.610777]],[[0.231567,0.823096,0.518546],[-0.967701,0.249504,0.0361055],[-0.0996609,-0.510159,0.854287]],[[0.231567,0.823096,0.518546],[-0.757791,0.48687,-0.434408],[-0.610024,-0.292355,0.736477]]],"btipPosition":[-40.9278,264.541,-40.9253],"carpPosition":[-30.1984,214.063,34.408],"dipPosition":[-54.9224,257.834,-24.0298],"direction":[0.0996609,0.510159,-0.854287],"extended":false,"handId":467,"id":4670,"length":51.0864,"mcpPosition":[-30.1984,214.063,34.408],"pipPosition":[-58.2532,240.784,4.52202],"stabilizedTipPosition":[-44.1484,262.996,-37.0401],"timeVisible":10.7647,"tipPosition":[-44.5406,263.659,-36.454],"tipVelocity":[45.9844,47.6313,8.45237],"tool":false,"touchDistance":-0.166405,"touchZone":"touching","type":0,"width":19.8498},{"bases":[[[0.972447,0.232692,-0.0141802],[-0.173314,0.762299,0.623588],[0.155914,-0.603949,0.781624]],[[0.983786,0.163652,0.0733691],[-0.171661,0.740762,0.649465],[0.0519369,-0.651529,0.756843]],[[0.983786,0.163652,0.0733691],[-0.178566,0.855688,0.485708],[0.0167058,-0.490935,0.871036]],[[0.983786,0.163652,0.0733691],[-0.178919,0.923775,0.338568],[-0.0123694,-0.346205,0.938077]]],"btipPosition":[-38.9897,323.842,-82.4066],"carpPosition":[-25.37,235.42,42.182],"dipPosition":[-39.1969,318.044,-66.6958],"direction":[-0.0167058,0.490935,-0.871036],"extended":true,"handId":467,"id":4671,"length":57.6453,"mcpPosition":[-36.6138,278.974,-14.1854],"pipPosition":[-38.8011,306.413,-46.0586],"stabilizedTipPosition":[-39.0466,322.497,-78.7976],"timeVisible":10.7647,"tipPosition":[-39.4845,323.394,-78.153],"tipVelocity":[48.5157,42.5226,8.51803],"tool":false,"touchDistance":-0.111282,"touchZone":"touching","type":1,"width":18.9605},{"bases":[[[0.999773,0.0155713,-0.014547],[-0.00294968,0.77722,0.629223],[0.021104,-0.629037,0.777089]],[[0.999905,0.0107561,-0.00859857],[-0.013753,0.748456,-0.663041],[-0.000696055,0.663097,0.748533]],[[0.999905,0.0107561,-0.00859857],[-0.000786112,-0.578813,-0.81546],[-0.0137481,0.815389,-0.57875]],[[0.999905,0.0107561,-0.00859857],[0.00753151,-0.949909,-0.312434],[-0.0115284,0.31234,-0.9499]]],"btipPosition":[-14.9529,223.027,-12.2791],"carpPosition":[-14.1381,239.819,42.6019],"dipPosition":[-15.1653,228.78,-29.7768],"direction":[0.0137481,-0.815389,0.57875],"extended":false,"handId":467,"id":4672,"length":65.6822,"mcpPosition":[-15.5814,282.839,-10.5426],"pipPosition":[-15.5485,251.509,-45.9092],"stabilizedTipPosition":[-15.6251,223.629,-16.5564],"timeVisible":10.7647,"tipPosition":[-14.9903,224.143,-16.8007],"tipVelocity":[44.9725,52.2702,17.1018],"tool":false,"touchDistance":0.333333,"touchZone":"none","type":2,"width":18.6218},{"bases":[[[0.98934,-0.135801,0.0525748],[0.0691614,0.755898,0.651027],[-0.128151,-0.640451,0.757232]],[[0.991116,-0.126378,0.0414448],[0.120248,0.718322,-0.68524],[0.0568284,0.684136,0.727137]],[[0.991116,-0.126378,0.0414448],[-0.0437536,-0.