{"sensorType":"Leap","data":[[0,{"currentFrameRate":55.2827,"devices":[],"gestures":[],"hands":[{"armBasis":[[0.968245,0.174461,-0.179068],[-0.11726,0.9495,0.291031],[0.220798,-0.260792,0.939806]],"armWidth":62.4607,"confidence":0.809749,"direction":[-0.0199197,0.651469,-0.758413],"elbow":[68.6674,135.024,298.558],"grabStrength":0,"id":467,"palmNormal":[0.119254,-0.7516,-0.648749],"palmPosition":[2.26326,234.575,6.46416],"palmVelocity":[94.0037,138.457,106.654],"palmWidth":89.1918,"pinchStrength":0.00855942,"r":[[0.728283,0.56902,0.381865],[-0.522309,0.821651,-0.228215],[-0.443619,-0.0332465,0.895599]],"s":1.44702,"sphereCenter":[-17.2683,215.952,-35.2418],"sphereRadius":50.9565,"stabilizedPalmPosition":[1.85562,233.914,5.95823],"t":[6.33784,-33.6566,-99.9465],"timeVisible":2.65761,"type":"right","wrist":[10.23,204.046,49.8249]}],"id":1678269,"interactionBox":{"center":[0,200,0],"size":[235.247,235.247,147.751]},"pointables":[{"bases":[[[0.288894,0.840969,0.457506],[-0.844448,-0.00130838,0.535636],[0.451052,-0.541082,0.709777]],[[0.289778,0.839907,0.458896],[-0.747824,-0.100539,0.65624],[0.597317,-0.533338,0.598968]],[[0.289778,0.839907,0.458896],[-0.954054,0.291674,0.0686101],[-0.076222,-0.457694,0.885837]],[[0.289778,0.839907,0.458896],[-0.765284,0.491276,-0.415918],[-0.574777,-0.230662,0.785128]]],"btipPosition":[-29.6743,237.7,-33.1778],"carpPosition":[-16.1804,191.015,43.7482],"dipPosition":[-42.8603,232.409,-15.1662],"direction":[0.076222,0.457694,-0.885837],"extended":false,"handId":467,"id":4670,"length":51.0864,"mcpPosition":[-16.1804,191.015,43.7482],"pipPosition":[-45.4078,217.112,14.4401],"stabilizedTipPosition":[-34.123,234.169,-30.6656],"timeVisible":2.65761,"tipPosition":[-32.7888,235.414,-29.692],"tipVelocity":[97.6355,169.451,119.116],"tool":false,"touchDistance":0.510941,"touchZone":"hovering","type":0,"width":19.8498},{"bases":[[[0.975227,0.211282,-0.0655106],[-0.145572,0.835978,0.529103],[0.166556,-0.506459,0.846025]],[[0.970775,0.223835,-0.0865681],[-0.139212,0.81903,0.556605],[0.195489,-0.528287,0.826254]],[[0.970775,0.223835,-0.0865681],[-0.178399,0.914328,0.363564],[0.16053,-0.337495,0.927538]],[[0.970775,0.223835,-0.0865681],[-0.203935,0.959546,0.19412],[0.126517,-0.170793,0.977151]]],"btipPosition":[-36.9934,282.7,-85.4255],"carpPosition":[-10.8271,213.071,48.7236],"dipPosition":[-34.8745,279.839,-69.0602],"direction":[-0.16053,0.337495,-0.927538],"extended":true,"handId":467,"id":4671,"length":57.6453,"mcpPosition":[-22.8384,249.595,-12.288],"pipPosition":[-31.0711,271.843,-47.0843],"stabilizedTipPosition":[-37.1287,281.036,-82.3846],"timeVisible":2.65761,"tipPosition":[-36.8,282.592,-81.2396],"tipVelocity":[90.7136,170.919,124.01],"tool":false,"touchDistance":-0.0741878,"touchZone":"touching","type":1,"width":18.9605},{"bases":[[[0.999195,-0.00471486,-0.0398402],[0.0250898,0.84834,0.528857],[0.0313046,-0.52943,0.847776]],[[0.999031,-0.00214826,-0.0439495],[-0.0319402,0.651596,-0.757894],[0.0302655,0.758563,0.650896]],[[0.999031,-0.00214826,-0.0439495],[-0.0419431,-0.348443,-0.936391],[-0.0133023,0.937327,-0.348196]],[[0.999031,-0.00214826,-0.0439495],[-0.0316995,-0.72786,-0.684993],[-0.0305175,0.685723,-0.727223]]],"btipPosition":[-2.15981,178.89,-17.2947],"carpPosition":[0.478117,217.282,48.3358],"dipPosition":[-2.72196,191.521,-30.6905],"direction":[0.0133023,-0.937327,0.348196],"extended":false,"handId":467,"id":4672,"length":65.6822,"mcpPosition":[-1.66278,253.489,-9.64289],"pipPosition":[-3.09275,217.648,-40.3963],"stabilizedTipPosition":[-4.09192,179.262,-22.0381],"timeVisible":2.65761,"tipPosition":[-2.33933,181.519,-21.048],"tipVelocity":[102.262,147.55,94.3132],"tool":false,"touchDistance":0.333333,"touchZone":"none","type":2,"width":18.6218},{"bases":[[[0.988157,-0.146512,0.0455979],[0.0973987,0.828526,0.551414],[-0.118568,-0.540443,0.832984]],[[0.991585,-0.128262,0.0175722],[0.0945131,0.624451,-0.775325],[0.0884719,0.770461,0.631318]],[[0.991585,-0.128262,0.0175722],[-0.0333064,-0.38391,-0.922769],[0.125103,0.914419,-0.384952]],[[0.991585,-0.128262,0.0175722],[-0.0844232,-0.743547,-0.663333],[0.0981464,0.656268,-0.748118]]],"btipPosition":[10.6595,180.99,-6.99842],"carpPosition":[12.4486,218.4,47.6433],"dipPosition":[12.4571,193.01,-20.7],"direction":[-0.125103,-0.914419,0.384952],"extended":false,"handId":467,"id":4673,"length":63.1552,"mcpPosition":[19.7289,251.584,-3.50359],"pipPosition":[15.8542,217.84,-31.1532],"stabilizedTipPosition":[9.13724,180.944,-12.0778],"timeVisible":2.65761,"tipPosition":[11.0508,183.316,-11.0176],"tipVelocity":[102.101,150.666,101.027],"tool":false,"touchDistance":0.333333,"touchZone":"none","type":3,"width":17.7198},{"bases":[[[0.938026,-0.342946,0.0499596],[0.239047,0.744628,0.623205],[-0.250927,-0.57264,0.780461]],[[0.916324,-0.385335,0.108932],[0.342313,0.612627,-0.712397],[0.207777,0.690076,0.69327]],[[0.916324,-0.385335,0.108932],[-0.0264358,-0.329651,-0.943733],[0.399563,0.861886,-0.312254]],[[0.916324,-0.385335,0.108932],[-0.198999,-0.674262,-0.711175],[0.34749,0.62999,-0.694524]]],"btipPosition":[18.4604,194.064,-5.30831],"carpPosition":[24.9313,212.603,45.3601],"dipPosition":[24.3317,204.709,-17.0431],"direction":[-0.399563,-0.861886,0.312254],"extended":false,"handId":467,"id":4674,"length":49.5125,"mcpPosition":[39.1938,245.151,0.999308],"pipPosition":[31.9922,221.233,-23.0297],"stabilizedTipPosition":[17.7605,193.432,-10.0824],"timeVisible":2.65761,"tipPosition":[19.9044,196.075,-9.03973],"tipVelocity":[98.3755,149.749,99.9016],"tool":false,"touchDistance":0.333333,"touchZone":"none","type":4,"width":15.7401}],"r":[[0.728283,0.56902,0.381865],[-0.522309,0.821651,-0.228215],[-0.443619,-0.0332465,0.895599]],"s":1.44702,"t":[6.33784,-33.6566,-99.9465],"timestamp":93373095319},false],[1,{"currentFrameRate":55.4052,"devices":[],"gestures":[],"hands":[{"armBasis":[[0.96699,0.19447,-0.164655],[-0.135129,0.939196,0.315674],[0.216033,-0.283004,0.934472]],"armWidth":62.4607,"confidence":0.813343,"direction":[-0.0247162,0.656433,-0.753979],"elbow":[69.4947,132.127,298.476],"grabStrength":0,"id":467,"palmNormal":[0.135996,-0.74499,-0.653065],"palmPosition":[4.18577,237.733,7.95006],"palmVelocity":[101.036,157.465,96.2218],"palmWidth":89.1918,"pinchStrength":0.00517059,"r":[[0.726851,0.569055,0.384531],[-0.525457,0.821298,-0.222179],[-0.442247,-0.0405638,0.895976]],"s":1.44831,"sphereCenter":[-14.69,219.12,-34.0226],"sphereRadius":50.9429,"stabilizedPalmPosition":[3.69571,236.93,7.53115],"t":[8.15792,-30.8089,-98.2254],"timeVisible":2.67524,"type":"right","wrist":[12.3185,207.028,51.1552]}],"id":1678270,"interactionBox":{"center":[0,200,0],"size":[235.247,235.247,147.751]},"pointables":[{"bases":[[[0.272073,0.842187,0.465507],[-0.848242,-0.0185253,0.529284],[0.45438,-0.538867,0.709339]],[[0.274071,0.839806,0.468626],[-0.751798,-0.116786,0.648969],[0.599737,-0.530176,0.599357]],[[0.274071,0.839806,0.468626],[-0.958608,0.277661,0.0630475],[-0.0771713,-0.466508,0.881144]],[[0.274071,0.839806,0.468626],[-0.774364,0.481672,-0.410307],[-0.570303,-0.250434,0.782328]]],"btipPosition":[-27.5185,240.901,-31.9335],"carpPosition":[-13.8352,193.623,44.7905],"dipPosition":[-40.6018,235.156,-13.9861],"direction":[0.0771713,0.466508,-0.881144],"extended":false,"handId":467,"id":4670,"length":51.0864,"mcpPosition":[-13.8352,193.623,44.7905],"pipPosition":[-43.181,219.565,15.4633],"stabilizedTipPosition":[-32.1403,237.153,-29.0884],"timeVisible":2.67524,"tipPosition":[-30.5925,238.498,-28.4155],"tipVelocity":[109.776,172.358,96.0792],"tool":false,"touchDistance":0.511623,"touchZone":"hovering","type":0,"width":19.8498},{"bases":[[[0.972191,0.227211,-0.0567413],[-0.162774,0.829785,0.533817],[0.168372,-0.509737,0.843694]],[[0.967859,0.239409,-0.0770225],[-0.156239,0.812374,0.561817],[0.197075,-0.531726,0.823668]],[[0.967859,0.239409,-0.0770225],[-0.19527,0.908377,0.369759],[0.158489,-0.342834,0.92593]],[[0.967859,0.239409,-0.0770225],[-0.220127,0.954553,0.20093],[0.121626,-0.177517,0.976573]]],"btipPosition":[-35.1048,285.974,-83.8648],"carpPosition":[-8.87105,215.725,49.9594],"dipPosition":[-33.0679,283.001,-67.5093],"direction":[-0.158489,0.342834,-0.92593],"extended":true,"handId":467,"id":4671,"length":57.6453,"mcpPosition":[-21.0133,252.485,-10.8841],"pipPosition":[-29.3128,274.878,-45.5715],"stabilizedTipPosition":[-35.2876,284.179,-80.6992],"timeVisible":2.67524,"tipPosition":[-34.9463,285.773,-79.7095],"tipVelocity":[97.8832,177.157,107.398],"tool":false,"touchDistance":-0.0650383,"touchZone":"touching","type":1,"width":18.9605},{"bases":[[[0.999409,0.0114455,-0.0323994],[0.00766625,0.84486,0.534933],[0.0334955,-0.534866,0.844273]],[[0.999255,0.0137678,-0.0360651],[-0.0362493,0.655917,-0.753962],[0.0132753,0.754707,0.655927]],[[0.999255,0.0137678,-0.0360651],[-0.0290417,-0.347385,-0.937273],[-0.0254327,0.937621,-0.346726]],[[0.999255,0.0137678,-0.0360651],[-0.0146915,-0.728311,-0.685089],[-0.0356988,0.685109,-0.727566]]],"btipPosition":[0.816735,182.282,-15.9777],"carpPosition":[2.36818,220.117,49.6855],"dipPosition":[0.159141,194.902,-29.3799],"direction":[0.0254327,-0.937621,0.346726],"extended":false,"handId":467,"id":4672,"length":65.6822,"mcpPosition":[0.0774488,256.696,-8.05359],"pipPosition":[-0.54978,221.038,-39.0447],"stabilizedTipPosition":[-1.60614,182.357,-20.4822],"timeVisible":2.67524,"tipPosition":[0.630004,184.896,-19.7757],"tipVelocity":[132.768,168.449,85.1285],"tool":false,"touchDistance":0.333333,"touchZone":"none","type":2,"width":18.6218},{"bases":[[[0.990005,-0.131111,0.0519627],[0.0801138,0.826037,0.557892],[-0.116069,-0.548153,0.828285]],[[0.993349,-0.1126,0.0240744],[0.090288,0.63194,-0.76974],[0.0714592,0.766794,0.637903]],[[0.993349,-0.1126,0.0240744],[-0.0204726,-0.378461,-0.925391],[0.11331,0.918743,-0.378249]],[[0.993349,-0.1126,0.0240744],[-0.067813,-0.741063,-0.668002],[0.0930577,0.661927,-0.74377]]],"btipPosition":[13.5401,184.434,-5.8128],"carpPosition":[14.3241,221.43,49.0904],"dipPosition":[15.2444,196.557,-19.4348],"direction":[-0.11331,-0.918743,0.378249],"extended":false,"handId":467,"id":4673,"length":63.1552,"mcpPosition":[21.451,255.088,-1.76794],"pipPosition":[18.3213,221.505,-29.7059],"stabilizedTipPosition":[11.5486,184.102,-10.5027],"timeVisible":2.67524,"tipPosition":[13.9215,186.786,-9.79178],"tipVelocity":[130.155,172.158,85.7555],"tool":false,"touchDistance":0.333333,"touchZone":"none","type":3,"width":17.7198},{"bases":[[[0.94298,-0.328344,0.0545794],[0.222549,0.743894,0.630154],[-0.247508,-0.582076,0.77455]],[[0.920777,-0.372788,0.114888],[0.340368,0.623893,-0.703497],[0.190578,0.686867,0.701351]],[[0.920777,-0.372788,0.114888],[-0.0134912,-0.324772,-0.945696],[0.389857,0.869225,-0.304072]],[[0.920777,-0.372788,0.114888],[-0.183885,-0.674536,-0.714974],[0.34403,0.637205,-0.689647]]],"btipPosition":[21.0896,197.695,-3.99158],"carpPosition":[26.9141,215.849,46.8602],"dipPosition":[26.9024,208.462,-15.644],"direction":[-0.389857,-0.869225,0.304072],"extended":false,"handId":467,"id":4674,"length":49.5125,"mcpPosition":[40.9823,248.934,2.83541],"pipPosition":[34.3768,225.127,-21.4737],"stabilizedTipPosition":[19.9893,196.651,-8.45314],"timeVisible":2.67524,"tipPosition":[22.5368,199.722,-7.64936],"tipVelocity":[121.722,176.741,88.6438],"tool":false,"touchDistance":0.333333,"touchZone":"none","type":4,"width":15.7401}],"r":[[0.726851,0.569055,0.384531],[-0.525457,0.821298,-0.222179],[-0.442247,-0.0405638,0.895976]],"s":1.44831,"t":[8.15792,-30.8089,-98.2254],"timestamp":93373112945},false],[2,{"currentFrameRate":55.3797,"devices":[],"gestures":[],"hands":[{"armBasis":[[0.964567,0.204732,-0.166421],[-0.144889,0.938175,0.314381],[0.220496,-0.279129,0.934595]],"armWidth":62.4607,"confidence":0.814532,"direction":[-0.0236509,0.658906,-0.751853],"elbow":[72.1772,136.648,300.2],"grabStrength":0,"id":467,"palmNormal":[0.147134,-0.74158,-0.654531],"palmPosition":[5.80246,241.319,9.68357],"palmVelocity":[95.3481,176.588,95.8953],"palmWidth":89.1918,"pinchStrength":0.00462925,"r":[[0.724188,0.569918,0.388259],[-0.528885,0.820314,-0.217637],[-0.442529,-0.0477344,0.895483]],"s":1.4492,"sphereCenter":[-12.4713,222.733,-32.4914],"sphereRadius":50.9003,"stabilizedPalmPosition":[5.3863,240.452,9.25839],"t":[9.87631,-27.5923,-96.4981],"timeVisible":2.69339,"type":"right","wrist":[13.82,210.523,52.8463]}],"id":1678271,"interactionBox":{"center":[0,200,0],"size":[235.247,235.247,147.751]},"pointables":[{"bases":[[[0.261689,0.842606,0.470673],[-0.852378,-0.0269901,0.52223],[0.452738,-0.537853,0.711156]],[[0.263903,0.839963,0.47415],[-0.757317,-0.123995,0.641167],[0.597349,-0.528288,0.603396]],[[0.263903,0.839963,0.47415],[-0.961081,0.270641,0.0554752],[-0.0817273,-0.470337,0.878695]],[[0.263903,0.839963,0.47415],[-0.778577,0.475677,-0.409327],[-0.569362,-0.26114,0.779508]]],"btipPosition":[-25.6114,244.498,-30.5551],"carpPosition":[-12.1757,196.938,46.22],"dipPosition":[-38.6731,238.508,-12.6723],"direction":[0.0817273,0.470337,-0.878695],"extended":false,"handId":467,"id":4670,"length":51.0864,"mcpPosition":[-12.1757,196.938,46.22],"pipPosition":[-41.4046,222.788,16.6952],"stabilizedTipPosition":[-30.0568,240.68,-27.5241],"timeVisible":2.69339,"tipPosition":[-28.6718,242.058,-26.9864],"tipVelocity":[107.68,183.208,86.1063],"tool":false,"touchDistance":0.514248,"touchZone":"hovering","type":0,"width":19.8498},{"bases":[[[0.970825,0.234945,-0.0479567],[-0.173593,0.826589,0.535365],[0.165422,-0.511421,0.843258]],[[0.966712,0.246783,-0.0675683],[-0.167087,0.808875,0.56374],[0.193776,-0.533685,0.823184]],[[0.966712,0.246783,-0.0675683],[-0.205119,0.905327,0.371899],[0.15295,-0.34566,0.925811]],[[0.966712,0.246783,-0.0675683],[-0.228834,0.952029,0.203164],[0.114464,-0.180939,0.976811]]],"btipPosition":[-33.057,289.637,-82.2667],"carpPosition":[-7.42617,219.06,51.5069],"dipPosition":[-31.14,286.607,-65.9071],"direction":[-0.15295,0.34566,-0.925811],"extended":true,"handId":467,"id":4671,"length":57.6453,"mcpPosition":[-19.3557,255.942,-9.30515],"pipPosition":[-27.5162,278.417,-43.9722],"stabilizedTipPosition":[-33.2357,287.836,-79.0131],"timeVisible":2.69339,"tipPosition":[-32.9396,289.379,-78.1325],"tipVelocity":[104.294,188.599,98.2157],"tool":false,"touchDistance":-0.0608816,"touchZone":"touching","type":1,"width":18.9605},{"bases":[[[0.999522,0.0193108,-0.0241479],[-0.00329025,0.842981,0.537934],[0.0307441,-0.537597,0.842641]],[[0.999398,0.0213522,-0.0273477],[-0.034643,0.657662,-0.752516],[0.00191762,0.753011,0.658006]],[[0.999398,0.0213522,-0.0273477],[-0.0181502,-0.350019,-0.936567],[-0.02957,0.936499,-0.34942]],[[0.999398,0.0213522,-0.0273477],[-0.00302626,-0.731559,-0.681771],[-0.0345638,0.681444,-0.731054]]],"btipPosition":[3.04816,186.071,-14.1698],"carpPosition":[3.78039,223.54,51.3407],"dipPosition":[2.41147,198.624,-27.6362],"direction":[0.02957,-0.936499,0.34942],"extended":false,"handId":467,"id":4672,"length":65.6822,"mcpPosition":[1.67783,260.306,-6.28678],"pipPosition":[1.58723,224.728,-37.3761],"stabilizedTipPosition":[0.94965,186.1,-18.6593],"timeVisible":2.69339,"tipPosition":[2.88012,188.654,-18.0301],"tipVelocity":[128.229,187.274,91.655],"tool":false,"touchDistance":0.333333,"touchZone":"none","type":2,"width":18.6218},{"bases":[[[0.990537,-0.123614,0.0596343],[0.0691112,0.824639,0.561421],[-0.118577,-0.551987,0.825379]],[[0.99396,-0.10501,0.0318869],[0.0917705,0.635967,-0.76624],[0.0601842,0.764538,0.641763]],[[0.99396,-0.10501,0.0318869],[-0.0100277,-0.376241,-0.926467],[0.109286,0.920552,-0.375022]],[[0.99396,-0.10501,0.0318869],[-0.0567511,-0.74051,-0.669645],[0.0939323,0.663791,-0.741996]]],"btipPosition":[15.6873,188.203,-4.16543],"carpPosition":[15.7302,224.948,50.8485],"dipPosition":[17.4076,200.36,-17.7549],"direction":[-0.109286,-0.920552,0.375022],"extended":false,"handId":467,"id":4673,"length":63.1552,"mcpPosition":[23.0111,258.841,0.168577],"pipPosition":[20.3752,225.357,-27.9384],"stabilizedTipPosition":[14.0543,187.913,-8.7279],"timeVisible":2.69339,"tipPosition":[16.0814,190.56,-8.11618],"tipVelocity":[124.618,189.304,88.3503],"tool":false,"touchDistance":0.333333,"touchZone":"none","type":3,"width":17.7198},{"bases":[[[0.945029,-0.321214,0.0611738],[0.211585,0.743346,0.634562],[-0.249303,-0.586736,0.770447]],[[0.922043,-0.367145,0.122644],[0.343205,0.628865,-0.697667],[0.179019,0.685371,0.705846]],[[0.922043,-0.367145,0.122644],[-0.00315879,-0.323964,-0.946064],[0.387075,0.871924,-0.299868]],[[0.922043,-0.367145,0.122644],[-0.173933,-0.676013,-0.716068],[0.34581,0.638913,-0.687172]]],"btipPosition":[23.0825,201.555,-2.19456],"carpPosition":[28.3811,219.473,48.7023],"dipPosition":[28.9254,212.35,-13.8051],"direction":[-0.387075,-0.871924,0.299868],"extended":false,"handId":467,"id":4674,"length":49.5125,"mcpPosition":[42.5513,252.822,4.91064],"pipPosition":[36.3465,229.067,-19.5543],"stabilizedTipPosition":[22.3253,200.54,-6.56411],"timeVisible":2.69339,"tipPosition":[24.5533,203.582,-5.81853],"tipVelocity":[116.239,194.061,93.8484],"tool":false,"touchDistance":0.333333,"touchZone":"none","type":4,"width":15.7401}],"r":[[0.724188,0.569918,0.388259],[-0.528885,0.820314,-0.217637],[-0.442529,-0.0477344,0.895483]],"s":1.4492,"t":[9.87631,-27.5923,-96.4981],"timestamp":93373131090},false],[3,{"currentFrameRate":55.3885,"devices":[],"gestures":[{"center":[-20.4693,288.009,-93.4452],"duration":0,"handIds":[467],"id":1,"normal":[-0.268851,0.13456,-0.953736],"pointableIds":[4671],"progress":0.796135,"radius":27.8567,"state":"start","type":"circle"}],"hands":[{"armBasis":[[0.963832,0.210025,-0.164064],[-0.147511,0.933114,0.327931],[0.221964,-0.291869,0.930346]],"armWidth":62.4607,"confidence":0.81456,"direction":[-0.0245038,0.660718,-0.750234],"elbow":[74.2054,135.238,299.967],"grabStrength":0,"id":467,"palmNormal":[0.149177,-0.73964,-0.656261],"palmPosition":[7.40804,243.37,10.6454],"palmVelocity":[92.3757,146.83,75.7261],"palmWidth":89.1918,"pinchStrength":0.00450753,"r":[[0.721755,0.570696,0.391632],[-0.531941,0.819378,-0.213679],[-0.44284,-0.0541012,0.894967]],"s":1.4498,"sphereCenter":[-10.6871,224.904,-31.532],"sphereRadius":50.8534,"stabilizedPalmPosition":[7.02838,242.822,10.3849],"t":[11.5383,-24.9581,-95.1535],"timeVisible":2.71141,"type":"right","wrist":[15.4596,212.485,53.7375]}],"id":1678272,"interactionBox":{"center":[0,200,0],"size":[235.247,235.247,147.751]},"pointables":[{"bases":[[[0.259563,0.841988,0.472951],[-0.852695,-0.0300897,0.521541],[0.453363,-0.538656,0.710149]],[[0.262103,0.838953,0.476928],[-0.758893,-0.126105,0.638889],[0.596141,-0.529392,0.603622]],[[0.262103,0.838953,0.476928],[-0.961473,0.269465,0.0543827],[-0.082891,-0.472808,0.877258]],[[0.262103,0.838953,0.476928],[-0.782713,0.473895,-0.403465],[-0.564502,-0.267549,0.780868]]],"btipPosition":[-23.9516,246.705,-29.7108],"carpPosition":[-10.5024,198.862,47.0586],"dipPosition":[-36.9019,240.568,-11.7968],"direction":[0.082891,0.472808,-0.877258],"extended":false,"handId":467,"id":4670,"length":51.0864,"mcpPosition":[-10.5024,198.862,47.0586],"pipPosition":[-39.6722,224.766,17.5227],"stabilizedTipPosition":[-28.1613,243.477,-26.352],"timeVisible":2.71141,"tipPosition":[-27.0047,244.245,-26.0727],"tipVelocity":[100.96,153.504,67.6761],"tool":false,"touchDistance":0.508929,"touchZone":"hovering","type":0,"width":19.8498},{"bases":[[[0.970359,0.237117,-0.0466678],[-0.17573,0.824889,0.537286],[0.165896,-0.51316,0.842108]],[[0.9664,0.248553,-0.0655206],[-0.169158,0.806893,0.565959],[0.193539,-0.535859,0.821826]],[[0.9664,0.248553,-0.0655206],[-0.20705,0.903776,0.374592],[0.152322,-0.34844,0.924872]],[[0.9664,0.248553,-0.0655206],[-0.230605,0.950958,0.206156],[0.113548,-0.184119,0.976323]]],"btipPosition":[-31.4285,291.893,-81.1992],"carpPosition":[-5.80361,220.981,52.4038],"dipPosition":[-29.5268,288.81,-64.8479],"direction":[-0.152322,0.34844,-0.924872],"extended":true,"handId":467,"id":4671,"length":57.6453,"mcpPosition":[-17.7673,257.987,-8.3253],"pipPosition":[-25.9179,280.554,-42.9351],"stabilizedTipPosition":[-31.4691,290.471,-77.7738],"timeVisible":2.71141,"tipPosition":[-31.3243,291.582,-77.0861],"tipVelocity":[97.5911,158.202,79.6755],"tool":false,"touchDistance":-0.0594421,"touchZone":"touching","type":1,"width":18.9605},{"bases":[[[0.999496,0.0214863,-0.0233728],[-0.00546463,0.841635,0.54002],[0.0312744,-0.53962,0.841328]],[[0.999392,0.0231867,-0.0260238],[-0.0348518,0.654957,-0.754862],[-0.000458242,0.755311,0.655367]],[[0.999392,0.0231867,-0.0260238],[-0.0157495,-0.365654,-0.930617],[-0.0310936,0.930462,-0.365067]],[[0.999392,0.0231867,-0.0260238],[-0.0000603309,-0.745483,-0.666525],[-0.0348548,0.666122,-0.745028]]],"btipPosition":[4.78514,188.496,-12.3456],"carpPosition":[5.39356,225.485,52.2569],"dipPosition":[4.14309,200.766,-26.0694],"direction":[0.0310936,-0.930462,0.365067],"extended":false,"handId":467,"id":4672,"length":65.6822,"mcpPosition":[3.25472,262.389,-5.28082],"pipPosition":[3.27638,226.702,-36.2455],"stabilizedTipPosition":[3.01284,189.019,-16.8929],"timeVisible":2.71141,"tipPosition":[4.61837,190.988,-16.5013],"tipVelocity":[113.089,160.545,94.6279],"tool":false,"touchDistance":0.333333,"touchZone":"none","type":2,"width":18.6218},{"bases":[[[0.990753,-0.121665,0.0600482],[0.0669585,0.823388,0.563514],[-0.118003,-0.554283,0.823921]],[[0.994167,-0.102917,0.0322486],[0.0908427,0.637904,-0.764739],[0.058133,0.763208,0.643533]],[[0.994167,-0.102917,0.0322486],[-0.00887839,-0.376092,-0.92654],[0.107485,0.920849,-0.374812]],[[0.994167,-0.102917,0.0322486],[-0.0550063,-0.741046,-0.669197],[0.0927694,0.66352,-0.742385]]],"btipPosition":[17.4226,190.37,-3.22373],"carpPosition":[17.3407,226.919,51.7768],"dipPosition":[19.1216,202.522,-16.8203],"direction":[-0.107485,-0.920849,0.374812],"extended":false,"handId":467,"id":4673,"length":63.1552,"mcpPosition":[24.5864,260.953,1.1864],"pipPosition":[22.0403,227.527,-26.9981],"stabilizedTipPosition":[16.1805,190.883,-7.38342],"timeVisible":2.71141,"tipPosition":[17.8112,192.73,-7.17599],"tipVelocity":[111.05,156.514,71.1864],"tool":false,"touchDistance":0.333333,"touchZone":"none","type":3,"width":17.7198},{"bases":[[[0.945663,-0.319363,0.0610647],[0.209552,0.742215,0.636557],[-0.248616,-0.589172,0.768809]],[[0.922157,-0.366488,0.123749],[0.344029,0.630796,-0.695515],[0.176837,0.683947,0.707775]],[[0.922157,-0.366488,0.123749],[-0.0017959,-0.32397,-0.946066],[0.386813,0.872198,-0.299409]],[[0.922157,-0.366488,0.123749],[-0.17297,-0.676833,-0.715527],[0.34599,0.638423,-0.687537]]],"btipPosition":[24.7447,203.749,-1.24693],"carpPosition":[30.0047,221.476,49.6262],"dipPosition":[30.5906,214.536,-12.8637],"direction":[-0.386813,-0.872198,0.299409],"extended":false,"handId":467,"id":4674,"length":49.5125,"mcpPosition":[44.1359,254.964,5.92774],"pipPosition":[38.0066,231.258,-18.604],"stabilizedTipPosition":[24.3611,203.618,-5.13335],"timeVisible":2.71141,"tipPosition":[26.2246,205.773,-4.85544],"tipVelocity":[104.867,159.702,74.2389],"tool":false,"touchDistance":0.333333,"touchZone":"none","type":4,"width":15.7401}],"r":[[0.721755,0.570696,0.391632],[-0.531941,0.819378,-0.213679],[-0.44284,-0.0541012,0.894967]],"s":1.4498,"t":[11.5383,-24.9581,-95.1535],"timestamp":93373149114},false],[4,{"currentFrameRate":55.3875,"devices":[],"gestures":[{"center":[-19.3469,286.888,-93.6018],"duration":18058,"handIds":[467],"id":1,"normal":[-0.304461,0.169173,-0.937381],"pointableIds":[4671],"progress":0.815769,"radius":27.5953,"state":"update","type":"circle"}],"hands":[{"armBasis":[[0.96455,0.210782,-0.158789],[-0.150877,0.934122,0.323499],[0.216516,-0.288073,0.93281]],"armWidth":62.4607,"confidence":0.817221,"direction":[-0.0261909,0.663834,-0.747421],"elbow":[74.1402,137.786,301.06],"grabStrength":0,"id":467,"palmNormal":[0.152442,-0.73628,-0.659282],"palmPosition":[8.71313,245.069,11.2114],"palmVelocity":[82.8294,121.773,54.6517],"palmWidth":89.1918,"pinchStrength":0.00486183,"r":[[0.719321,0.571478,0.394956],[-0.534935,0.818401,-0.209916],[-0.443194,-0.0602785,0.894397]],"s":1.45028,"sphereCenter":[-9.13664,226.791,-30.9939],"sphereRadius":50.8036,"stabilizedPalmPosition":[8.4363,244.7,11.0756],"t":[13.0218,-22.7918,-94.1982],"timeVisible":2.72947,"type":"right","wrist":[16.8361,214.029,54.1784]}],"id":1678273,"interactionBox":{"center":[0,200,0],"size":[235.247,235.247,147.751]},"pointables":[{"bases":[[[0.256095,0.840882,0.476795],[-0.853061,-0.0353897,0.520609],[0.454644,-0.540061,0.708261]],[[0.258884,0.837548,0.481137],[-0.76094,-0.129964,0.635673],[0.594937,-0.530681,0.603678]],[[0.258884,0.837548,0.481137],[-0.962236,0.26702,0.0529262],[-0.0841451,-0.476669,0.875046]],[[0.258884,0.837548,0.481137],[-0.78684,0.471776,-0.397881],[-0.560233,-0.275573,0.781152]]],"btipPosition":[-22.5168,248.561,-29.2877],"carpPosition":[-9.07053,200.341,47.4169],"dipPosition":[-35.3692,242.239,-11.3673],"direction":[0.0841451,0.476669,-0.875046],"extended":false,"handId":467,"id":4670,"length":51.0864,"mcpPosition":[-9.07053,200.341,47.4169],"pipPosition":[-38.1815,226.307,17.8783],"stabilizedTipPosition":[-26.4902,245.733,-25.6148],"timeVisible":2.72947,"tipPosition":[-25.5882,246.087,-25.5784],"tipVelocity":[91.3398,128.28,46.7034],"tool":false,"touchDistance":0.497737,"touchZone":"hovering","type":0,"width":19.8498},{"bases":[[[0.969542,0.240802,-0.0447437],[-0.179193,0.821942,0.540649],[0.166966,-0.516164,0.840058]],[[0.965831,0.251565,-0.0623372],[-0.172319,0.802966,0.570572],[0.193591,-0.540334,0.818878]],[[0.965831,0.251565,-0.0623372],[-0.210054,0.900694,0.3803],[0.151817,-0.354211,0.92276]],[[0.965831,0.251565,-0.0623372],[-0.233427,0.94886,0.212548],[0.112619,-0.190734,0.97516]]],"btipPosition":[-30.133,294.019,-80.4004],"carpPosition":[-4.45629,222.453,52.8612],"dipPosition":[-28.2469,290.824,-64.0685],"direction":[-0.151817,0.354211,-0.92276],"extended":true,"handId":467,"id":4671,"length":57.6453,"mcpPosition":[-16.4972,259.677,-7.72006],"pipPosition":[-24.6499,282.432,-42.2058],"stabilizedTipPosition":[-30.0296,292.759,-76.8549],"timeVisible":2.72947,"tipPosition":[-30.0424,293.592,-76.3335],"tipVelocity":[85.2209,138.292,62.7308],"tool":false,"touchDistance":-0.0580207,"touchZone":"touching","type":1,"width":18.9605},{"bases":[[[0.999433,0.0251796,-0.0223449],[-0.00899105,0.839288,0.543613],[0.0324417,-0.543104,0.839039]],[[0.999344,0.0266087,-0.0245527],[-0.0359788,0.654036,-0.755607],[-0.00404732,0.755995,0.654565]],[[0.999344,0.0266087,-0.0245527],[-0.0127372,-0.376416,-0.926363],[-0.0338913,0.926069,-0.37583]],[[0.999344,0.0266087,-0.0245527],[0.00399514,-0.755046,-0.65566],[-0.0359847,0.655132,-0.754657]]],"btipPosition":[6.30484,190.54,-11.1866],"carpPosition":[6.72472,226.998,52.7441],"dipPosition":[5.64198,202.608,-25.0878],"direction":[0.0338913,-0.926069,0.37583],"extended":false,"handId":467,"id":4672,"length":65.6822,"mcpPosition":[4.50606,264.14,-4.63709],"pipPosition":[4.69728,228.421,-35.5638],"stabilizedTipPosition":[4.72462,191.361,-15.5249],"timeVisible":2.72947,"tipPosition":[6.13718,192.978,-15.5288],"tipVelocity":[99.2244,136.839,79.098],"tool":false,"touchDistance":0.333333,"touchZone":"none","type":2,"width":18.6218},{"bases":[[[0.991129,-0.118358,0.0604543],[0.0634757,0.821201,0.567097],[-0.116766,-0.558229,0.821429]],[[0.994518,-0.099361,0.0325653],[0.0889229,0.639864,-0.763326],[0.0550075,0.762038,0.645192]],[[0.994518,-0.099361,0.0325653],[-0.00751548,-0.378568,-0.925543],[0.104291,0.920225,-0.377239]],[[0.994518,-0.099361,0.0325653],[-0.0525077,-0.743908,-0.666217],[0.0904215,0.660855,-0.745047]]],"btipPosition":[18.9396,192.287,-2.52421],"carpPosition":[18.6671,228.477,52.2813],"dipPosition":[20.5956,204.391,-16.1696],"direction":[-0.104291,-0.920225,0.377239],"extended":false,"handId":467,"id":4673,"length":63.1552,"mcpPosition":[25.8368,262.754,1.84389],"pipPosition":[23.4276,229.379,-26.4133],"stabilizedTipPosition":[17.9728,193.274,-6.40121],"timeVisible":2.72947,"tipPosition":[19.3192,194.644,-6.54541],"tipVelocity":[97.9489,132.323,55.4827],"tool":false,"touchDistance":0.333333,"touchZone":"none","type":3,"width":17.7198},{"bases":[[[0.94675,-0.31622,0.060582],[0.206293,0.740229,0.639925],[-0.247202,-0.593351,0.766046]],[[0.922985,-0.364343,0.123909],[0.343576,0.635098,-0.691813],[0.173363,0.681105,0.711366]],[[0.922985,-0.364343,0.123909],[0.000134677,-0.321673,-0.946851],[0.384837,0.873946,-0.29685]],[[0.922985,-0.364343,0.123909],[-0.170796,-0.676351,-0.716504],[0.344859,0.640159,-0.68649]]],"btipPosition":[26.1895,205.635,-0.788051],"carpPosition":[31.3526,223.089,50.1193],"dipPosition":[32.0163,216.452,-12.3871],"direction":[-0.384837,-0.873946,0.29685],"extended":false,"handId":467,"id":4674,"length":49.5125,"mcpPosition":[45.4033,256.814,6.57784],"pipPosition":[39.3945,233.207,-18.0784],"stabilizedTipPosition":[26.116,206.113,-4.20428],"timeVisible":2.72947,"tipPosition":[27.6667,207.665,-4.37177],"tipVelocity":[92.9489,133.647,51.1598],"tool":false,"touchDistance":0.333333,"touchZone":"none","type":4,"width":15.7401}],"r":[[0.719321,0.571478,0.394956],[-0.534935,0.818401,-0.209916],[-0.443194,-0.0602785,0.894397]],"s":1.45028,"t":[13.0218,-22.7918,-94.1982],"timestamp":93373167172},false],[5,{"currentFrameRate":55.3758,"devices":[],"gestures":[{"center":[-18.2139,285.432,-93.8706],"duration":36157,"handIds":[467],"id":1,"normal":[-0.359326,0.2448,-0.900532],"pointableIds":[4671],"progress":0.844079,"radius":27.4372,"state":"update","type":"circle"}],"hands":[{"armBasis":[[0.961845,0.224002,-0.157092],[-0.166512,0.934865,0.31353],[0.217091,-0.275409,0.936494]],"armWidth":62.4607,"confidence":0.804815,"direction":[-0.0265906,0.665036,-0.746338],"elbow":[75.3687,145.073,302.323],"grabStrength":0,"id":467,"palmNormal":[0.169675,-0.732766,-0.658988],"palmPosition":[9.86238,248.986,11.4732],"palmVelocity":[73.6347,166.785,35.5379],"palmWidth":89.1918,"pinchStrength":0.00570163,"r":[[0.714944,0.573827,0.399473],[-0.539033,0.816251,-0.207794],[-0.445307,-0.0667683,0.892885]],"s":1.45062,"sphereCenter":[-7.13141,230.624,-30.9189],"sphereRadius":50.7596,"stabilizedPalmPosition":[9.6926,248.475,11.4259],"t":[14.3382,-19.7502,-93.5897],"timeVisible":2.74757,"type":"right","wrist":[17.9125,217.964,54.4671]}],"id":1678274,"interactionBox":{"center":[0,200,0],"size":[235.247,235.247,147.751]},"pointables":[{"bases":[[[0.239468,0.843184,0.481347],[-0.858339,-0.0478539,0.510846],[0.453772,-0.535491,0.712279]],[[0.242768,0.839259,0.486525],[-0.768101,-0.140034,0.62483],[0.592524,-0.525389,0.61064]],[[0.242768,0.839259,0.486525],[-0.965873,0.2558,0.040698],[-0.0902971,-0.479802,0.872718]],[[0.242768,0.839259,0.486525],[-0.789356,0.462433,-0.403824],[-0.563898,-0.286006,0.774738]]],"btipPosition":[-20.77,252.252,-29.435],"carpPosition":[-7.73152,203.947,47.3854],"dipPosition":[-33.7065,245.691,-11.6617],"direction":[0.0902971,0.479802,-0.872718],"extended":false,"handId":467,"id":4670,"length":51.0864,"mcpPosition":[-7.73152,203.947,47.3854],"pipPosition":[-36.7244,229.655,17.5061],"stabilizedTipPosition":[-24.6546,249.083,-25.4358],"timeVisible":2.74757,"tipPosition":[-23.9087,249.749,-25.713],"tipVelocity":[93.2919,162.828,19.7313],"tool":false,"touchDistance":0.478581,"touchZone":"hovering","type":0,"width":19.8498},{"bases":[[[0.966691,0.253772,-0.0332818],[-0.196222,0.81832,0.540231],[0.164331,-0.515706,0.840858]],[[0.963354,0.263639,-0.0494405],[-0.189175,0.798445,0.571576],[0.190165,-0.541277,0.819058]],[[0.963354,0.263639,-0.0494405],[-0.225626,0.896122,0.382175],[0.145061,-0.357014,0.922767]],[[0.963354,0.263639,-0.0494405],[-0.247497,0.944709,0.215103],[0.103416,-0.194984,0.975339]]],"btipPosition":[-28.5023,297.817,-80.4042],"carpPosition":[-3.47409,226.107,52.9259],"dipPosition":[-26.7703,294.551,-64.0693],"direction":[-0.145061,0.357014,-0.922767],"extended":true,"handId":467,"id":4671,"length":57.6453,"mcpPosition":[-15.3249,263.298,-7.71315],"pipPosition":[-23.3334,286.093,-42.2064],"stabilizedTipPosition":[-28.3589,296.495,-76.6747],"timeVisible":2.74757,"tipPosition":[-28.4642,297.275,-76.3853],"tipVelocity":[86.6103,171.901,32.8121],"tool":false,"touchDistance":-0.0782721,"touchZone":"touching","type":1,"width":18.9605},{"bases":[[[0.999198,0.0385181,-0.0109782],[-0.0263114,0.837921,0.545157],[0.0301972,-0.544431,0.838262]],[[0.99912,0.0398597,-0.013044],[-0.0359269,0.652968,-0.756533],[-0.0216379,0.756336,0.653826]],[[0.99912,0.0398597,-0.013044],[0.00321978,-0.382999,-0.923743],[-0.041816,0.922888,-0.38279]],[[0.99912,0.0398597,-0.013044],[0.0218775,-0.760683,-0.648755],[-0.0357815,0.647899,-0.760885]]],"btipPosition":[8.42788,194.639,-10.5895],"carpPosition":[7.64599,230.8,52.9444],"dipPosition":[7.76876,206.573,-24.6054],"direction":[0.041816,-0.922888,0.38279],"extended":false,"handId":467,"id":4672,"length":65.6822,"mcpPosition":[5.58083,268.034,-4.38365],"pipPosition":[6.60317,232.298,-35.2755],"stabilizedTipPosition":[6.82337,194.92,-14.5134],"timeVisible":2.74757,"tipPosition":[8.27945,197.044,-15.0004],"tipVelocity":[107.845,178.669,56.4745],"tool":false,"touchDistance":0.333333,"touchZone":"none","type":2,"width":18.6218},{"bases":[[[0.991872,-0.105296,0.0714339],[0.04612,0.820749,0.569424],[-0.118587,-0.561501,0.818935]],[[0.995341,-0.0860748,0.0434487],[0.0887498,0.641756,-0.761757],[0.0376846,0.762063,0.646405]],[[0.995341,-0.0860748,0.0434487],[0.0073018,-0.382039,-0.924117],[0.0961423,0.920129,-0.37963]],[[0.995341,-0.0860748,0.0434487],[-0.0357624,-0.74805,-0.662678],[0.0895416,0.658036,-0.747643]]],"btipPosition":[20.9525,196.503,-1.97314],"carpPosition":[19.5721,232.439,52.6199],"dipPosition":[22.5924,208.555,-15.666],"direction":[-0.0961423,-0.920129,0.37963],"extended":false,"handId":467,"id":4673,"length":63.1552,"mcpPosition":[26.8536,266.917,2.33561],"pipPosition":[25.2031,233.541,-25.9747],"stabilizedTipPosition":[20.0496,196.987,-5.61012],"timeVisible":2.74757,"tipPosition":[21.3415,198.847,-6.03466],"tipVelocity":[104.161,179.874,43.288],"tool":false,"touchDistance":0.333333,"touchZone":"none","type":3,"width":17.7198},{"bases":[[[0.950134,-0.30373,0.0706627],[0.189172,0.741527,0.643701],[-0.24791,-0.598235,0.762008]],[[0.925864,-0.353062,0.134624],[0.344176,0.640953,-0.686092],[0.155945,0.681562,0.714951]],[[0.925864,-0.353062,0.134624],[0.0146847,-0.322393,-0.946492],[0.377572,0.8783,-0.293308]],[[0.925864,-0.353062,0.134624],[-0.155065,-0.679922,-0.716701],[0.344574,0.642692,-0.684263]]],"btipPosition":[27.9768,209.907,-0.316842],"carpPosition":[32.3518,227.225,50.5908],"dipPosition":[33.7988,220.766,-11.8782],"direction":[-0.377572,-0.8783,0.293308],"extended":false,"handId":467,"id":4674,"length":49.5125,"mcpPosition":[46.4428,261.228,7.27886],"pipPosition":[41.0377,237.605,-17.5016],"stabilizedTipPosition":[28.0539,209.923,-3.46038],"timeVisible":2.74757,"tipPosition":[29.4692,211.943,-3.87783],"tipVelocity":[95.6799,182.594,39.4373],"tool":false,"touchDistance":0.333333,"touchZone":"none","type":4,"width":15.7401}],"r":[[0.714944,0.573827,0.399473],[-0.539033,0.816251,-0.207794],[-0.445307,-0.0667683,0.892885]],"s":1.45062,"t":[14.3382,-19.7502,-93.5897],"timestamp":93373185271},false],[6,{"currentFrameRate":55.3672,"devices":[],"gestures":[{"center":[-17.802,284.855,-94.1186],"duration":54248,"handIds":[467],"id":1,"normal":[-0.381544,0.272435,-0.883291],"pointableIds":[4671],"progress":0.874884,"radius":27.4408,"state":"update","type":"circle"}],"hands":[{"armBasis":[[0.960494,0.230702,-0.155654],[-0.173286,0.93342,0.314165],[0.217769,-0.27478,0.936521]],"armWidth":62.4607,"confidence":0.806513,"direction":[-0.0257104,0.666696,-0.744886],"elbow":[76.2893,150.186,301.967],"grabStrength":0,"id":467,"palmNormal":[0.177447,-0.730256,-0.659727],"palmPosition":[10.6932,253.994,11.137],"palmVelocity":[60.4603,219.103,9.80282],"palmWidth":89.1918,"pinchStrength":0.0106469,"r":[[0.710336,0.57623,0.404205],[-0.542925,0.814033,-0.206359],[-0.447946,-0.0728691,0.891086]],"s":1.45062,"sphereCenter":[-5.74929,235.701,-31.3424],"sphereRadius":50.6821,"stabilizedPalmPosition":[10.6151,253.563,11.1595],"t":[15.4118,-15.7254,-93.4535],"timeVisible":2.76566,"type":"right","wrist":[18.6537,222.91,54.1032]}],"id":1678275,"interactionBox":{"center":[0,200,0],"size":[235.247,235.247,147.751]},"pointables":[{"bases":[[[0.232146,0.843268,0.484776],[-0.861075,-0.0536342,0.505642],[0.452392,-0.534811,0.713666]],[[0.235284,0.839531,0.489724],[-0.773805,-0.143081,0.617052],[0.588104,-0.524133,0.615969]],[[0.235284,0.839531,0.489724],[-0.967053,0.252613,0.0315607],[-0.0972143,-0.481014,0.871306]],[[0.235284,0.839531,0.489724],[-0.788389,0.45953,-0.408994],[-0.568405,-0.289863,0.769997]]],"btipPosition":[-19.3609,257.148,-30.0888],"carpPosition":[-6.87326,208.775,46.8363],"dipPosition":[-32.4008,250.498,-12.4243],"direction":[0.0972143,0.481014,-0.871306],"extended":false,"handId":467,"id":4670,"length":51.0864,"mcpPosition":[-6.87326,208.775,46.8363],"pipPosition":[-35.6498,234.422,16.6963],"stabilizedTipPosition":[-22.9762,253.864,-25.8675],"timeVisible":2.76566,"tipPosition":[-22.6311,254.722,-26.3079],"tipVelocity":[85.3438,213.55,-7.49255],"tool":false,"touchDistance":0.453873,"touchZone":"hovering","type":0,"width":19.8498},{"bases":[[[0.965511,0.258962,-0.0269525],[-0.203747,0.815956,0.541021],[0.162096,-0.51687,0.840577]],[[0.962536,0.26794,-0.0416132],[-0.196552,0.795176,0.57364],[0.186791,-0.54397,0.81805]],[[0.962536,0.26794,-0.0416132],[-0.231959,0.893131,0.385371],[0.140423,-0.361281,0.921823]],[[0.962536,0.26794,-0.0416132],[-0.252848,0.942358,0.219156],[0.0979352,-0.200424,0.974802]]],"btipPosition":[-27.2895,303.043,-80.781],"carpPosition":[-2.76622,230.944,52.455],"dipPosition":[-25.6492,299.687,-64.4551],"direction":[-0.140423,0.361281,-0.921823],"extended":true,"handId":467,"id":4671,"length":57.6453,"mcpPosition":[-14.4559,268.219,-8.16376],"pipPosition":[-22.3223,291.127,-42.6146],"stabilizedTipPosition":[-27.0379,301.77,-76.9955],"timeVisible":2.76566,"tipPosition":[-27.2854,302.393,-76.8069],"tipVelocity":[76.7502,226.985,7.2536],"tool":false,"touchDistance":-0.112311,"touchZone":"touching","type":1,"width":18.9605},{"bases":[[[0.999027,0.0438299,-0.00497285],[-0.0339742,0.836444,0.546999],[0.0281344,-0.546297,0.837119]],[[0.998953,0.0452067,-0.00708277],[-0.0348981,0.652567,-0.756927],[-0.0295962,0.756382,0.653461]],[[0.998953,0.0452067,-0.00708277],[0.0110272,-0.38806,-0.921568],[-0.0444096,0.920525,-0.388152]],[[0.998953,0.0452067,-0.00708277],[0.0300612,-0.765059,-0.643258],[-0.0344983,0.642372,-0.765616]]],"btipPosition":[9.67614,199.828,-10.6512],"carpPosition":[8.3285,235.696,52.5506],"dipPosition":[9.04066,211.661,-24.7543],"direction":[0.0444096,-0.920525,0.388152],"extended":false,"handId":467,"id":4672,"length":65.6822,"mcpPosition":[6.40442,273.057,-4.69927],"pipPosition":[7.80277,237.32,-35.5739],"stabilizedTipPosition":[8.6411,200.044,-14.098],"timeVisible":2.76566,"tipPosition":[9.54073,202.211,-15.1154],"tipVelocity":[89.5175,229.48,27.4725],"tool":false,"touchDistance":0.333333,"touchZone":"none","type":2,"width":18.6218},{"bases":[[[0.991977,-0.10022,0.0770495],[0.0384028,0.819597,0.571652],[-0.120441,-0.564107,0.81687]],[[0.99553,-0.0807799,0.0489385],[0.0895723,0.643186,-0.760453],[0.0299527,0.761437,0.647547]],[[0.99553,-0.0807799,0.0489385],[0.0141657,-0.384587,-0.92298],[0.0933793,0.919547,-0.381724]],[[0.99553,-0.0807799,0.0489385],[-0.028506,-0.750978,-0.659712],[0.0900432,0.655368,-0.749924]]],"btipPosition":[22.1461,201.715,-2.1171],"carpPosition":[20.2474,237.399,52.3006],"dipPosition":[23.7952,213.718,-15.8518],"direction":[-0.0933793,-0.919547,0.381724],"extended":false,"handId":467,"id":4673,"length":63.1552,"mcpPosition":[27.6427,272.036,2.14306],"pipPosition":[26.3309,238.688,-26.2173],"stabilizedTipPosition":[21.7725,202.199,-5.37765],"timeVisible":2.76566,"tipPosition":[22.5426,204.05,-6.21085],"tipVelocity":[86.0624,231.032,18.6698],"tool":false,"touchDistance":0.333333,"touchZone":"none","type":3,"width":17.7198},{"bases":[[[0.951298,-0.29887,0.0755557],[0.181431,0.740953,0.6