{"sensorType":"Leap","data":[[0,{"currentFrameRate":53.9431,"devices":[],"gestures":[],"hands":[{"armBasis":[[0.927153,0.372717,-0.0383223],[-0.355165,0.906829,0.22698],[0.119351,-0.196835,0.973145]],"armWidth":62.4607,"confidence":0.842674,"direction":[-0.154664,0.776673,-0.61062],"elbow":[91.7464,175.229,303.779],"grabStrength":0,"id":466,"palmNormal":[0.330539,-0.541762,-0.772812],"palmPosition":[46.4146,263.74,9.33572],"palmVelocity":[-15.1381,83.3368,-4.24743],"palmWidth":89.1918,"pinchStrength":0.487267,"r":[[0.529892,0.576718,0.62178],[-0.712739,0.70017,-0.0420173],[-0.459584,-0.420902,0.782064]],"s":1.18342,"sphereCenter":[41.19,248.393,-35.7696],"sphereRadius":46.4563,"stabilizedPalmPosition":[46.5685,263.04,9.37027],"t":[48.7494,22.3764,-92.6429],"timeVisible":31.8427,"type":"right","wrist":[60.1585,227.324,46.2223]}],"id":1677264,"interactionBox":{"center":[0,200,0],"size":[235.247,235.247,147.751]},"pointables":[{"bases":[[[0.0488226,0.765435,0.641658],[-0.836751,-0.319453,0.444743],[0.545402,-0.558622,0.624882]],[[-0.00880266,0.819936,0.572388],[-0.854173,-0.303781,0.422025],[0.519914,-0.485203,0.703041]],[[-0.00880266,0.819936,0.572388],[-0.979385,0.108455,-0.170422],[-0.201813,-0.562088,0.802078]],[[-0.00880266,0.819936,0.572388],[-0.649648,0.430465,-0.626624],[-0.760185,-0.377366,0.52888]]],"btipPosition":[36.9035,261.188,-38.0839],"carpPosition":[38.1591,210.003,35.2566],"dipPosition":[19.4641,252.531,-25.9508],"direction":[0.201813,0.562088,-0.802078],"extended":false,"handId":466,"id":4660,"length":51.0864,"mcpPosition":[38.1591,210.003,35.2566],"pipPosition":[12.7191,233.745,0.85608],"stabilizedTipPosition":[32.9124,259.05,-35.2808],"timeVisible":31.8427,"tipPosition":[33.722,258.324,-35.6089],"tipVelocity":[-12.1208,98.941,-4.45563],"tool":false,"touchDistance":-0.0437448,"touchZone":"touching","type":0,"width":19.8498},{"bases":[[[0.891848,0.447203,0.06795],[-0.372688,0.641341,0.670661],[0.256342,-0.623451,0.738645]],[[0.839983,0.540313,-0.0499107],[-0.472466,0.773527,0.422412],[0.266842,-0.331238,0.905029]],[[0.839983,0.540313,-0.0499107],[-0.516525,0.824386,0.231493],[0.166225,-0.16867,0.971555]],[[0.839983,0.540313,-0.0499107],[-0.535268,0.840183,0.0870671],[0.0889776,-0.0464192,0.994951]]],"btipPosition":[2.40972,294.758,-86.0324],"carpPosition":[37.5621,231.075,45.0314],"dipPosition":[3.89991,293.981,-69.369],"direction":[-0.166225,0.16867,-0.971555],"extended":true,"handId":466,"id":4661,"length":57.6453,"mcpPosition":[19.0758,276.035,-8.23644],"pipPosition":[7.83823,289.985,-46.3502],"stabilizedTipPosition":[2.85796,290.478,-82.6265],"timeVisible":31.8427,"tipPosition":[2.59193,294.576,-82.1182],"tipVelocity":[-1.22286,106.869,-2.99779],"tool":false,"touchDistance":0.408344,"touchZone":"hovering","type":1,"width":18.9605},{"bases":[[[0.96866,0.242932,0.0517853],[-0.210827,0.693869,0.688548],[0.131338,-0.677886,0.72334]],[[0.967834,0.247096,0.0473362],[-0.171928,0.786939,-0.592594],[-0.183678,0.565395,0.804109]],[[0.967834,0.247096,0.0473362],[0.140843,-0.376227,-0.91576],[-0.208471,0.892971,-0.398927]],[[0.967834,0.247096,0.0473362],[0.232878,-0.808653,-0.54023],[-0.0952099,0.533877,-0.840185]]],"btipPosition":[54.7021,222.765,-14.3291],"carpPosition":[47.441,237.844,46.5353],"dipPosition":[52.9483,232.6,-29.8058],"direction":[0.208471,-0.892971,0.398927],"extended":false,"handId":466,"id":4662,"length":65.6822,"mcpPosition":[38.4589,284.204,-2.93328],"pipPosition":[47.1373,257.491,-40.9257],"stabilizedTipPosition":[54.7683,219.915,-18.8849],"timeVisible":31.8427,"tipPosition":[54.3703,224.942,-18.9313],"tipVelocity":[-10.881,101.27,11.3365],"tool":false,"touchDistance":0.333333,"touchZone":"none","type":2,"width":18.6218},{"bases":[[[0.990548,0.0875246,0.105612],[-0.136787,0.687489,0.713195],[-0.0101852,-0.720901,0.692963]],[[0.989973,0.120499,0.0737162],[-0.049882,0.78644,-0.615649],[-0.132158,0.605798,0.784565]],[[0.989973,0.120499,0.0737162],[0.119154,-0.432043,-0.893947],[-0.075871,0.893767,-0.442068]],[[0.989973,0.120499,0.0737162],[0.141256,-0.847532,-0.511601],[0.000829596,0.516884,-0.856055]]],"btipPosition":[67.2155,225.909,-2.04619],"carpPosition":[58.7569,241.913,47.1819],"dipPosition":[67.2307,235.376,-17.7246],"direction":[0.075871,-0.893767,0.442068],"extended":false,"handId":466,"id":4663,"length":63.1552,"mcpPosition":[59.3823,286.178,4.63251],"pipPosition":[65.1704,259.646,-29.7288],"stabilizedTipPosition":[67.6621,222.879,-6.4755],"timeVisible":31.8427,"tipPosition":[67.2932,227.806,-6.56981],"tipVelocity":[-11.6899,96.9452,1.5893],"tool":false,"touchDistance":0.333333,"touchZone":"none","type":3,"width":17.7198},{"bases":[[[0.991605,-0.111304,0.0658034],[0.0185854,0.626324,0.779341],[-0.127958,-0.771576,0.623135]],[[0.999679,-0.0250697,-0.00369243],[0.0192957,0.847549,-0.530367],[0.0164257,0.530125,0.84776]],[[0.999679,-0.0250697,-0.00369243],[-0.0124938,-0.360851,-0.93254],[0.0220461,0.932286,-0.361049]],[[0.999679,-0.0250697,-0.00369243],[-0.0225697,-0.81463,-0.579541],[0.011521,0.579438,-0.814935]]],"btipPosition":[78.4651,237.723,0.823707],"carpPosition":[72.3787,239.906,44.9346],"dipPosition":[78.6598,247.513,-12.9455],"direction":[-0.0220461,-0.932286,0.361049],"extended":false,"handId":466,"id":4664,"length":49.5125,"mcpPosition":[79.6518,283.762,9.51604],"pipPosition":[79.0824,265.388,-19.8677],"stabilizedTipPosition":[78.7951,234.768,-3.17782],"timeVisible":31.8427,"tipPosition":[78.494,239.823,-2.89177],"tipVelocity":[-10.9107,94.5369,3.92662],"tool":false,"touchDistance":0.333333,"touchZone":"none","type":4,"width":15.7401}],"r":[[0.529892,0.576718,0.62178],[-0.712739,0.70017,-0.0420173],[-0.459584,-0.420902,0.782064]],"s":1.18342,"t":[48.7494,22.3764,-92.6429],"timestamp":93358109281},false],[1,{"currentFrameRate":54.1207,"devices":[],"gestures":[],"hands":[{"armBasis":[[0.926483,0.374287,-0.0392299],[-0.355353,0.90438,0.236265],[0.12391,-0.204955,0.970896]],"armWidth":62.4607,"confidence":0.848397,"direction":[-0.154156,0.775704,-0.61198],"elbow":[92.3357,174.57,303.183],"grabStrength":0,"id":466,"palmNormal":[0.329998,-0.543395,-0.771896],"palmPosition":[45.82,265.175,9.2728],"palmVelocity":[-23.695,81.9304,-3.90732],"palmWidth":89.1918,"pinchStrength":0.49209,"r":[[0.529984,0.574423,0.623823],[-0.712491,0.700554,-0.0397631],[-0.459863,-0.423395,0.780553]],"s":1.18404,"sphereCenter":[40.5853,249.8,-35.7471],"sphereRadius":46.4272,"stabilizedPalmPosition":[46.0243,264.592,9.29939],"t":[48.3098,23.8506,-92.7145],"timeVisible":31.8605,"type":"right","wrist":[59.5413,228.814,46.2221]}],"id":1677265,"interactionBox":{"center":[0,200,0],"size":[235.247,235.247,147.751]},"pointables":[{"bases":[[[0.0495161,0.76654,0.640285],[-0.836931,-0.31801,0.44544],[0.545065,-0.557931,0.625794]],[[-0.00886572,0.821644,0.569933],[-0.855385,-0.301433,0.421254],[0.517917,-0.483777,0.705494]],[[-0.00886572,0.821644,0.569933],[-0.978663,0.109876,-0.173626],[-0.205281,-0.559311,0.803138]],[[-0.00886572,0.821644,0.569933],[-0.645333,0.430676,-0.630923],[-0.76385,-0.37339,0.526415]]],"btipPosition":[36.569,262.421,-38.1487],"carpPosition":[37.5268,211.49,35.2907],"dipPosition":[19.0454,253.855,-26.0721],"direction":[0.205281,0.559311,-0.803138],"extended":false,"handId":466,"id":4660,"length":51.0864,"mcpPosition":[37.5268,211.49,35.2907],"pipPosition":[12.1846,235.162,0.770147],"stabilizedTipPosition":[32.5661,260.348,-35.3644],"timeVisible":31.8605,"tipPosition":[33.2113,259.684,-35.6495],"tipVelocity":[-15.7495,85.434,-4.41057],"tool":false,"touchDistance":-0.0450419,"touchZone":"touching","type":0,"width":19.8498},{"bases":[[[0.892205,0.44663,0.0670162],[-0.372086,0.642824,0.669574],[0.255972,-0.622333,0.739716]],[[0.840719,0.539122,-0.0503919],[-0.471446,0.77459,0.421604],[0.266329,-0.330693,0.905379]],[[0.840719,0.539122,-0.0503919],[-0.515409,0.825304,0.230711],[0.16597,-0.16799,0.971717]],[[0.840719,0.539122,-0.0503919],[-0.534123,0.84099,0.0863005],[0.0889056,-0.045639,0.994994]]],"btipPosition":[1.85086,296.13,-86.1323],"carpPosition":[36.9477,232.579,45.028],"dipPosition":[3.33985,295.366,-69.4682],"direction":[-0.16597,0.16799,-0.971717],"extended":true,"handId":466,"id":4661,"length":57.6453,"mcpPosition":[18.4881,277.459,-8.31707],"pipPosition":[7.27212,291.386,-46.4456],"stabilizedTipPosition":[2.61524,292.478,-82.5071],"timeVisible":31.8605,"tipPosition":[2.02963,295.924,-82.2253],"tipVelocity":[-15.3991,92.8181,-4.2175],"tool":false,"touchDistance":0.399347,"touchZone":"hovering","type":1,"width":18.9605},{"bases":[[[0.968857,0.242271,0.0512039],[-0.210181,0.695259,0.687342],[0.130923,-0.676698,0.724527]],[[0.968026,0.246463,0.0467099],[-0.171078,0.784823,-0.595638],[-0.183462,0.568602,0.801894]],[[0.968026,0.246463,0.0467099],[0.142339,-0.386351,-0.911303],[-0.206556,0.888813,-0.409079]],[[0.968026,0.246463,0.0467099],[0.233287,-0.816057,-0.528799],[-0.0922114,0.522788,-0.847461]]],"btipPosition":[54.0027,224.353,-13.9056],"carpPosition":[46.8321,239.344,46.5184],"dipPosition":[52.3041,233.983,-29.5163],"direction":[0.206556,-0.888813,0.409079],"extended":false,"handId":466,"id":4662,"length":65.6822,"mcpPosition":[37.8784,285.623,-3.03144],"pipPosition":[46.5465,258.758,-40.9192],"stabilizedTipPosition":[54.4428,221.788,-18.4939],"timeVisible":31.8605,"tipPosition":[53.6964,226.436,-18.5828],"tipVelocity":[-23.8742,94.2122,16.3579],"tool":false,"touchDistance":0.333333,"touchZone":"none","type":2,"width":18.6218},{"bases":[[[0.990632,0.0869431,0.105304],[-0.136143,0.688865,0.71199],[-0.010638,-0.719656,0.694249]],[[0.990082,0.119769,0.07344],[-0.0492521,0.785455,-0.616956],[-0.131576,0.60722,0.783563]],[[0.990082,0.119769,0.07344],[0.118886,-0.435705,-0.892204],[-0.0748598,0.892086,-0.445622]],[[0.990082,0.119769,0.07344],[0.140482,-0.850218,-0.507341],[0.00167643,0.512626,-0.85861]]],"btipPosition":[66.5691,227.387,-1.96391],"carpPosition":[58.1513,243.405,47.1559],"dipPosition":[66.5998,236.775,-17.6891],"direction":[0.0748598,-0.892086,0.445622],"extended":false,"handId":466,"id":4663,"length":63.1552,"mcpPosition":[58.8045,287.594,4.52762],"pipPosition":[64.567,260.999,-29.7898],"stabilizedTipPosition":[67.3687,224.68,-6.23372],"timeVisible":31.8605,"tipPosition":[66.6536,229.252,-6.48407],"tipVelocity":[-23.1431,89.7877,2.72765],"tool":false,"touchDistance":0.333333,"touchZone":"none","type":3,"width":17.7198},{"bases":[[[0.991529,-0.111957,0.0658499],[0.0191922,0.627698,0.77822],[-0.128461,-0.770364,0.624529]],[[0.999658,-0.0258796,-0.00377923],[0.0198983,0.846344,-0.532264],[0.0169733,0.532007,0.84657]],[[0.999658,-0.0258796,-0.00377923],[-0.013018,-0.367022,-0.930121],[0.0226841,0.929852,-0.367233]],[[0.999658,-0.0258796,-0.00377923],[-0.0233785,-0.819411,-0.572729],[0.0117253,0.572622,-0.819736]]],"btipPosition":[77.8515,239.229,0.960955],"carpPosition":[71.7711,241.384,44.9101],"dipPosition":[78.0496,248.904,-12.8894],"direction":[-0.0226841,-0.929852,0.367233],"extended":false,"handId":466,"id":4664,"length":49.5125,"mcpPosition":[79.0728,285.171,9.41234],"pipPosition":[78.4845,266.731,-19.9301],"stabilizedTipPosition":[78.5627,236.498,-2.93113],"timeVisible":31.8605,"tipPosition":[77.8812,241.277,-2.79673],"tipVelocity":[-21.9415,89.0324,5.2062],"tool":false,"touchDistance":0.333333,"touchZone":"none","type":4,"width":15.7401}],"r":[[0.529984,0.574423,0.623823],[-0.712491,0.700554,-0.0397631],[-0.459863,-0.423395,0.780553]],"s":1.18404,"t":[48.3098,23.8506,-92.7145],"timestamp":93358127131},false],[2,{"currentFrameRate":54.2004,"devices":[],"gestures":[],"hands":[{"armBasis":[[0.926932,0.372953,-0.0412679],[-0.352376,0.902993,0.245836],[0.12895,-0.213331,0.968433]],"armWidth":62.4607,"confidence":0.852715,"direction":[-0.151766,0.776213,-0.611932],"elbow":[92.9334,173.491,302.447],"grabStrength":0,"id":466,"palmNormal":[0.327115,-0.544773,-0.772152],"palmPosition":[45.1875,266.361,9.19741],"palmVelocity":[-28.9965,73.9977,-4.02262],"palmWidth":89.1918,"pinchStrength":0.49515,"r":[[0.530626,0.572188,0.62533],[-0.711757,0.701406,-0.037835],[-0.460259,-0.425007,0.779443]],"s":1.1844,"sphereCenter":[39.8478,251.048,-35.774],"sphereRadius":46.4168,"stabilizedPalmPosition":[45.4007,265.911,9.22339],"t":[47.7738,25.1809,-92.788],"timeVisible":31.8787,"type":"right","wrist":[58.8051,229.952,46.1379]}],"id":1677266,"interactionBox":{"center":[0,200,0],"size":[235.247,235.247,147.751]},"pointables":[{"bases":[[[0.0531283,0.766428,0.640129],[-0.837708,-0.314706,0.446325],[0.543529,-0.559953,0.625323]],[[-0.00543137,0.822027,0.569422],[-0.856571,-0.297655,0.42153],[0.516,-0.485461,0.705742]],[[-0.00543137,0.822027,0.569422],[-0.978128,0.114037,-0.173955],[-0.207931,-0.557913,0.803429]],[[-0.00543137,0.822027,0.569422],[-0.641998,0.433715,-0.632242],[-0.766687,-0.369002,0.525384]]],"btipPosition":[36.0023,263.579,-38.2065],"carpPosition":[36.7127,212.713,35.2311],"dipPosition":[18.4137,255.113,-26.1536],"direction":[0.207931,0.557913,-0.803429],"extended":false,"handId":466,"id":4660,"length":51.0864,"mcpPosition":[36.7127,212.713,35.2311],"pipPosition":[11.4642,236.467,0.698394],"stabilizedTipPosition":[32.0025,261.536,-35.4291],"timeVisible":31.8787,"tipPosition":[32.5461,260.923,-35.6965],"tipVelocity":[-23.5066,75.6768,-3.96779],"tool":false,"touchDistance":-0.0460964,"touchZone":"touching","type":0,"width":19.8498},{"bases":[[[0.893995,0.443181,0.0660576],[-0.36892,0.644351,0.669858],[0.254304,-0.62322,0.739545]],[[0.843233,0.535181,-0.0503961],[-0.467374,0.776239,0.4231],[0.265554,-0.333218,0.90468]],[[0.843233,0.535181,-0.0503961],[-0.511249,0.827411,0.232413],[0.166081,-0.170213,0.971311]],[[0.843233,0.535181,-0.0503961],[-0.530024,0.8434,0.0880416],[0.0896222,-0.0475285,0.994841]]],"btipPosition":[1.26648,297.611,-86.1403],"carpPosition":[36.225,233.805,44.9661],"dipPosition":[2.76746,296.815,-69.4788],"direction":[-0.166081,0.170213,-0.971311],"extended":true,"handId":466,"id":4661,"length":57.6453,"mcpPosition":[17.8858,278.749,-8.36668],"pipPosition":[6.70238,292.782,-46.4658],"stabilizedTipPosition":[2.24039,294.327,-82.4328],"timeVisible":31.8787,"tipPosition":[1.44852,297.349,-82.2474],"tipVelocity":[-23.3222,87.2202,-2.43194],"tool":false,"touchDistance":0.392617,"touchZone":"hovering","type":1,"width":18.9605},{"bases":[[[0.969839,0.238524,0.0501966],[-0.206796,0.69616,0.687456],[0.12903,-0.677102,0.724489]],[[0.969012,0.242759,0.0456593],[-0.168574,0.785012,-0.596103],[-0.180552,0.569934,0.801609]],[[0.969012,0.242759,0.0456593],[0.141107,-0.392291,-0.908954],[-0.202744,0.887229,-0.414389]],[[0.969012,0.242759,0.0456593],[0.230326,-0.82118,-0.522124],[-0.0892555,0.516461,-0.851647]]],"btipPosition":[53.139,225.666,-13.7372],"carpPosition":[46.137,240.532,46.4455],"dipPosition":[51.4948,235.179,-29.4251],"direction":[0.202744,-0.887229,0.414389],"extended":false,"handId":466,"id":4662,"length":65.6822,"mcpPosition":[37.3128,286.838,-3.10167],"pipPosition":[45.8435,259.91,-40.9759],"stabilizedTipPosition":[53.9561,223.543,-18.1616],"timeVisible":31.8787,"tipPosition":[52.8523,227.685,-18.434],"tipVelocity":[-34.8321,83.0449,12.5108],"tool":false,"touchDistance":0.333333,"touchZone":"none","type":2,"width":18.6218},{"bases":[[[0.991067,0.0831199,0.104297],[-0.132758,0.689483,0.712031],[-0.0127269,-0.719516,0.694359]],[[0.990618,0.115796,0.0725722],[-0.0465558,0.785243,-0.617435],[-0.128483,0.608264,0.783267]],[[0.990618,0.115796,0.0725722],[0.116616,-0.439426,-0.890677],[-0.0712464,0.890784,-0.448807]],[[0.990618,0.115796,0.0725722],[0.13661,-0.853173,-0.503421],[0.00362268,0.508612,-0.860988]]],"btipPosition":[65.7494,228.585,-1.91242],"carpPosition":[57.4725,244.549,47.0711],"dipPosition":[65.8157,237.9,-17.6812],"direction":[0.0712464,-0.890784,0.448807],"extended":false,"handId":466,"id":4663,"length":63.1552,"mcpPosition":[58.2539,288.729,4.43608],"pipPosition":[63.8811,262.089,-29.8683],"stabilizedTipPosition":[66.9216,226.366,-6.04015],"timeVisible":31.8787,"tipPosition":[65.8455,230.422,-6.44296],"tipVelocity":[-33.4083,77.9796,2.51545],"tool":false,"touchDistance":0.333333,"touchZone":"none","type":3,"width":17.7198},{"bases":[[[0.991153,-0.115788,0.0648688],[0.0224056,0.627724,0.778114],[-0.130816,-0.769777,0.624765]],[[0.999547,-0.029721,-0.00480505],[0.0225977,0.846086,-0.532567],[0.0198939,0.532217,0.846374]],[[0.999547,-0.029721,-0.00480505],[-0.0154836,-0.37059,-0.928668],[0.0258202,0.928321,-0.370882]],[[0.999547,-0.029721,-0.00480505],[-0.0271844,-0.82236,-0.568318],[0.0129395,0.568191,-0.822795]]],"btipPosition":[77.1144,240.383,0.977813],"carpPosition":[71.0821,242.475,44.8119],"dipPosition":[77.333,249.983,-12.9242],"direction":[-0.0258202,-0.928321,0.370882],"extended":false,"handId":466,"id":4664,"length":49.5125,"mcpPosition":[78.5176,286.228,9.30076],"pipPosition":[77.8281,267.781,-20.0349],"stabilizedTipPosition":[78.1899,238.123,-2.74143],"timeVisible":31.8787,"tipPosition":[77.1472,242.396,-2.80382],"tipVelocity":[-30.7,76.4207,2.8537],"tool":false,"touchDistance":0.333333,"touchZone":"none","type":4,"width":15.7401}],"r":[[0.530626,0.572188,0.62533],[-0.711757,0.701406,-0.037835],[-0.460259,-0.425007,0.779443]],"s":1.1844,"t":[47.7738,25.1809,-92.788],"timestamp":93358145300},false],[3,{"currentFrameRate":54.3147,"devices":[],"gestures":[],"hands":[{"armBasis":[[0.926719,0.373413,-0.0418919],[-0.352065,0.901838,0.250477],[0.131311,-0.217374,0.967216]],"armWidth":62.4607,"confidence":0.86303,"direction":[-0.151608,0.776133,-0.612072],"elbow":[92.971,173.314,302.161],"grabStrength":0,"id":466,"palmNormal":[0.326376,-0.545192,-0.772168],"palmPosition":[44.6033,267.252,9.23067],"palmVelocity":[-30.6306,62.3632,-1.24087],"palmWidth":89.1918,"pinchStrength":0.498202,"r":[[0.531273,0.570367,0.626443],[-0.711087,0.702169,-0.0362559],[-0.460548,-0.426194,0.778623]],"s":1.18458,"sphereCenter":[39.2325,251.972,-35.7055],"sphereRadius":46.4115,"stabilizedPalmPosition":[44.8097,266.904,9.22879],"t":[47.2136,26.2913,-92.8081],"timeVisible":31.8967,"type":"right","wrist":[58.2177,230.845,46.1744]}],"id":1677267,"interactionBox":{"center":[0,200,0],"size":[235.247,235.247,147.751]},"pointables":[{"bases":[[[0.0539344,0.766576,0.639885],[-0.837668,-0.314065,0.446852],[0.543511,-0.560111,0.625197]],[[-0.00487397,0.822405,0.568882],[-0.856987,-0.296595,0.421432],[0.515315,-0.48547,0.706236]],[[-0.00487397,0.822405,0.568882],[-0.97787,0.115069,-0.174728],[-0.209157,-0.557144,0.803644]],[[-0.00487397,0.822405,0.568882],[-0.639879,0.434608,-0.633775],[-0.76846,-0.367104,0.524121]]],"btipPosition":[35.5138,264.413,-38.1561],"carpPosition":[36.109,213.616,35.2839],"dipPosition":[17.8845,255.991,-26.1322],"direction":[0.209157,0.557144,-0.803644],"extended":false,"handId":466,"id":4660,"length":51.0864,"mcpPosition":[36.109,213.616,35.2839],"pipPosition":[10.8941,237.371,0.727052],"stabilizedTipPosition":[31.5075,262.392,-35.394],"timeVisible":31.8967,"tipPosition":[31.9743,261.819,-35.6396],"tipVelocity":[-25.4678,62.0309,-0.935372],"tool":false,"touchDistance":-0.0453668,"touchZone":"touching","type":0,"width":19.8498},{"bases":[[[0.894302,0.442649,0.0654651],[-0.368174,0.644767,0.669869],[0.254307,-0.623168,0.739588]],[[0.844115,0.533835,-0.0498877],[-0.465822,0.776265,0.424763],[0.265479,-0.33531,0.903929]],[[0.844115,0.533835,-0.0498877],[-0.509665,0.827808,0.234468],[0.166465,-0.172492,0.970843]],[[0.844115,0.533835,-0.0498877],[-0.528504,0.844119,0.0902555],[0.0902928,-0.0498202,0.994668]]],"btipPosition":[0.663464,298.694,-86.0507],"carpPosition":[35.6394,234.711,45.0132],"dipPosition":[2.17568,297.859,-69.392],"direction":[-0.166465,0.172492,-0.970843],"extended":true,"handId":466,"id":4661,"length":57.6453,"mcpPosition":[17.2999,279.651,-8.32264],"pipPosition":[6.11969,293.772,-46.3901],"stabilizedTipPosition":[1.78995,295.857,-82.3545],"timeVisible":31.8967,"tipPosition":[0.854772,298.359,-82.1769],"tipVelocity":[-28.0703,74.1475,1.06224],"tool":false,"touchDistance":0.388023,"touchZone":"hovering","type":1,"width":18.9605},{"bases":[[[0.970011,0.237941,0.0496223],[-0.206008,0.696481,0.687368],[0.128992,-0.676977,0.724612]],[[0.969186,0.242168,0.0450916],[-0.168417,0.785024,-0.596132],[-0.179762,0.570169,0.801619]],[[0.969186,0.242168,0.0450916],[0.140949,-0.395069,-0.907774],[-0.20202,0.886157,-0.417029]],[[0.969186,0.242168,0.0450916],[0.229906,-0.823558,-0.518551],[-0.088441,0.512939,-0.853857]]],"btipPosition":[52.4883,226.641,-13.5918],"carpPosition":[45.5563,241.432,46.4856],"dipPosition":[50.8592,236.09,-29.3204],"direction":[0.20202,-0.886157,0.417029],"extended":false,"handId":466,"id":4662,"length":65.6822,"mcpPosition":[36.7346,287.73,-3.07008],"pipPosition":[45.228,260.791,-40.9448],"stabilizedTipPosition":[53.433,225.04,-17.8912],"timeVisible":31.8967,"tipPosition":[52.209,228.624,-18.2762],"tipVelocity":[-35.3559,68.9676,10.1608],"tool":false,"touchDistance":0.333333,"touchZone":"none","type":2,"width":18.6218},{"bases":[[[0.991172,0.0825396,0.103755],[-0.131962,0.689766,0.711905],[-0.0128065,-0.719312,0.694569]],[[0.990728,0.11518,0.0720474],[-0.0463947,0.785269,-0.617414],[-0.127691,0.608347,0.783332]],[[0.990728,0.11518,0.0720474],[0.116063,-0.441914,-0.889517],[-0.0706161,0.889632,-0.451185]],[[0.990728,0.11518,0.0720474],[0.135798,-0.855265,-0.500081],[0.00402014,0.505228,-0.862977]]],"btipPosition":[65.1172,229.556,-1.79418],"carpPosition":[56.8946,245.443,47.1041],"dipPosition":[65.1909,238.809,-17.5994],"direction":[0.0706161,-0.889632,0.451185],"extended":false,"handId":466,"id":4663,"length":63.1552,"mcpPosition":[57.6809,289.61,4.45619],"pipPosition":[63.2733,262.966,-29.8511],"stabilizedTipPosition":[66.4315,227.824,-5.87268],"timeVisible":31.8967,"tipPosition":[65.2167,231.362,-6.31851],"tipVelocity":[-34.1664,66.1951,4.21465],"tool":false,"touchDistance":0.333333,"touchZone":"none","type":3,"width":17.7198},{"bases":[[[0.991116,-0.116379,0.0643835],[0.0231985,0.627929,0.777925],[-0.130963,-0.76952,0.62505]],[[0.999526,-0.0303277,-0.00532682],[0.0228255,0.845871,-0.532899],[0.0206674,0.532524,0.846162]],[[0.999526,-0.0303277,-0.00532682],[-0.016279,-0.37362,-0.927439],[0.0261369,0.927086,-0.373936]],[[0.999526,-0.0303277,-0.00532682],[-0.0280374,-0.824874,-0.564622],[0.0127297,0.564503,-0.825333]]],"btipPosition":[76.5131,241.328,1.09682],"carpPosition":[70.5018,243.359,44.8384],"dipPosition":[76.7281,250.866,-12.8481],"direction":[-0.0261369,-0.927086,0.373936],"extended":false,"handId":466,"id":4664,"length":49.5125,"mcpPosition":[77.9456,287.098,9.31099],"pipPosition":[77.2292,268.641,-20.0173],"stabilizedTipPosition":[77.7637,239.537,-2.5762],"timeVisible":31.8967,"tipPosition":[76.5444,243.313,-2.7006],"tipVelocity":[-31.9975,64.7046,4.37342],"tool":false,"touchDistance":0.333333,"touchZone":"none","type":4,"width":15.7401}],"r":[[0.531273,0.570367,0.626443],[-0.711087,0.702169,-0.0362559],[-0.460548,-0.426194,0.778623]],"s":1.18458,"t":[47.2136,26.2913,-92.8081],"timestamp":93358163309},false],[4,{"currentFrameRate":54.3999,"devices":[],"gestures":[],"hands":[{"armBasis":[[0.926428,0.373974,-0.0433058],[-0.351896,0.90108,0.253424],[0.133796,-0.21954,0.966385]],"armWidth":62.4607,"confidence":0.852749,"direction":[-0.151515,0.775373,-0.613058],"elbow":[92.872,173.846,302.045],"grabStrength":0,"id":466,"palmNormal":[0.325846,-0.54637,-0.77156],"palmPosition":[43.8478,268.313,9.2903],"palmVelocity":[-35.9294,60.6243,0.916326],"palmWidth":89.1918,"pinchStrength":0.501816,"r":[[0.531887,0.569031,0.627136],[-0.710493,0.702827,-0.0351257],[-0.460756,-0.426893,0.778117]],"s":1.18456,"sphereCenter":[38.4588,253.008,-35.6028],"sphereRadius":46.4033,"stabilizedPalmPosition":[44.0991,267.945,9.27423],"t":[46.5558,27.3773,-92.7884],"timeVisible":31.9148,"type":"right","wrist":[57.461,231.95,46.2777]}],"id":1677268,"interactionBox":{"center":[0,200,0],"size":[235.247,235.247,147.751]},"pointables":[{"bases":[[[0.054507,0.767414,0.638831],[-0.837628,-0.313107,0.447597],[0.543515,-0.5595,0.625741]],[[-0.00456758,0.8234,0.567444],[-0.85742,-0.295235,0.421505],[0.514597,-0.484612,0.707348]],[[-0.00456758,0.8234,0.567444],[-0.977628,0.115653,-0.17569],[-0.21029,-0.555551,0.804451]],[[-0.00456758,0.8234,0.567444],[-0.636916,0.435067,-0.636439],[-0.770919,-0.364321,0.522449]]],"btipPosition":[34.8751,265.354,-38.064],"carpPosition":[35.3408,214.716,35.419],"dipPosition":[17.1893,256.996,-26.0784],"direction":[0.21029,0.555551,-0.804451],"extended":false,"handId":466,"id":4660,"length":51.0864,"mcpPosition":[35.3408,214.716,35.419],"pipPosition":[10.1611,238.429,0.80772],"stabilizedTipPosition":[30.8807,263.323,-35.3164],"timeVisible":31.9148,"tipPosition":[31.247,262.829,-35.546],"tipVelocity":[-30.4929,57.6739,1.69766],"tool":false,"touchDistance":-0.0439793,"touchZone":"touching","type":0,"width":19.8498},{"bases":[[[0.894515,0.442357,0.0645241],[-0.367641,0.645824,0.669142],[0.254328,-0.62228,0.740328]],[[0.844768,0.532784,-0.0500841],[-0.464694,0.776766,0.425081],[0.26538,-0.335821,0.903769]],[[0.844768,0.532784,-0.0500841],[-0.508497,0.828356,0.235069],[0.166729,-0.173111,0.970687]],[[0.844768,0.532784,-0.0500841],[-0.527375,0.844746,0.0909979],[0.0907906,-0.050459,0.994591]]],"btipPosition":[-0.103931,299.79,-85.9854],"carpPosition":[34.884,235.825,45.1201],"dipPosition":[1.41662,298.945,-69.3281],"direction":[-0.166729,0.173111,-0.970687],"extended":true,"handId":466,"id":4661,"length":57.6453,"mcpPosition":[16.5429,280.701,-8.26916],"pipPosition":[5.36688,294.844,-46.3299],"stabilizedTipPosition":[1.23482,297.201,-82.2825],"timeVisible":31.9148,"tipPosition":[0.0941657,299.409,-82.1251],"tipVelocity":[-34.8489,67.6589,2.26422],"tool":false,"touchDistance":0.383528,"touchZone":"hovering","type":1,"width":18.9605},{"bases":[[[0.970131,0.237595,0.0489277],[-0.205447,0.697493,0.686509],[0.128985,-0.676056,0.725473]],[[0.969305,0.241823,0.0443849],[-0.168397,0.784525,-0.596794],[-0.17914,0.571001,0.801166]],[[0.969305,0.241823,0.0443849],[0.140841,-0.398168,-0.906436],[-0.201525,0.884864,-0.420005]],[[0.969305,0.241823,0.0443849],[0.229648,-0.826028,-0.514723],[-0.0878088,0.509116,-0.856207]]],"btipPosition":[51.6819,227.757,-13.4091],"carpPosition":[44.8042,242.544,46.5795],"dipPosition":[50.0644,237.135,-29.1809],"direction":[0.201525,-0.884864,0.420005],"extended":false,"handId":466,"id":4662,"length":65.6822,"mcpPosition":[35.9831,288.779,-3.03497],"pipPosition":[44.4471,261.8,-40.8883],"stabilizedTipPosition":[52.8384,226.405,-17.6519],"timeVisible":31.9148,"tipPosition":[51.4085,229.702,-18.0783],"tipVelocity":[-39.6769,65.0806,9.8736],"tool":false,"touchDistance":0.333333,"touchZone":"none","type":2,"width":18.6218},{"bases":[[[0.991247,0.0822579,0.103262],[-0.131394,0.69078,0.711027],[-0.0128435,-0.718371,0.695541]],[[0.99081,0.114752,0.0716116],[-0.0462448,0.784895,-0.617901],[-0.127113,0.60891,0.782988]],[[0.99081,0.114752,0.0716116],[0.115639,-0.443956,-0.888555],[-0.0701715,0.88867,-0.453146]],[[0.99081,0.114752,0.0716116],[0.135196,-0.856914,-0.497414],[0.00428556,0.502524,-0.864553]]],"btipPosition":[64.3272,230.656,-1.6725],"carpPosition":[56.1445,246.55,47.1883],"dipPosition":[64.4057,239.86,-17.5066],"direction":[0.0701715,-0.88867,0.453146],"extended":false,"handId":466,"id":4663,"length":63.1552,"mcpPosition":[56.9331,290.66,4.48068],"pipPosition":[62.5002,263.991,-29.8115],"stabilizedTipPosition":[65.8662,229.165,-5.7214],"timeVisible":31.9148,"tipPosition":[64.4293,232.44,-6.17711],"tipVelocity":[-38.664,63.3593,5.23499],"tool":false,"touchDistance":0.333333,"touchZone":"none","type":3,"width":17.7198},{"bases":[[[0.991091,-0.116714,0.0641578],[0.0237656,0.628966,0.77707],[-0.131048,-0.768622,0.626136]],[[0.999511,-0.0307441,-0.00568421],[0.0229586,0.845139,-0.534054],[0.021223,0.533662,0.845431]],[[0.999511,-0.0307441,-0.00568421],[-0.0168786,-0.37756,-0.925831],[0.0263177,0.925475,-0.377894]],[[0.999511,-0.0307441,-0.00568421],[-0.0286521,-0.827947,-0.560074],[0.0125127,0.559963,-0.828423]]],"btipPosition":[75.747,242.444,1.27031],"carpPosition":[69.7499,244.458,44.9201],"dipPosition":[75.9584,251.905,-12.7269],"direction":[-0.0263177,-0.925475,0.377894],"extended":false,"handId":466,"id":4664,"length":49.5125,"mcpPosition":[77.1986,288.146,9.33104],"pipPosition":[76.463,269.649,-19.9719],"stabilizedTipPosition":[77.255,240.851,-2.41409],"timeVisible":31.9148,"tipPosition":[75.7769,244.396,-2.54353],"tipVelocity":[-36.9476,62.8107,6.53922],"tool":false,"touchDistance":0.333333,"touchZone":"none","type":4,"width":15.7401}],"r":[[0.531887,0.569031,0.627136],[-0.710493,0.702827,-0.0351257],[-0.460756,-0.426893,0.778117]],"s":1.18456,"t":[46.5558,27.3773,-92.7884],"timestamp":93358181392},false],[5,{"currentFrameRate":54.4781,"devices":[],"gestures":[],"hands":[{"armBasis":[[0.926035,0.374813,-0.0444387],[-0.352339,0.900659,0.254302],[0.13534,-0.219835,0.966103]],"armWidth":62.4607,"confidence":0.845159,"direction":[-0.152756,0.77442,-0.613954],"elbow":[92.7227,174.56,302.074],"grabStrength":0,"id":466,"palmNormal":[0.325317,-0.547218,-0.771182],"palmPosition":[43.222,269.044,9.35899],"palmVelocity":[-35.3005,51.0288,2.2863],"palmWidth":89.1918,"pinchStrength":0.505503,"r":[[0.532447,0.568208,0.627408],[-0.710121,0.703247,-0.0342497],[-0.460683,-0.427299,0.777937]],"s":1.18382,"sphereCenter":[37.8116,253.695,-35.5221],"sphereRadius":46.368,"stabilizedPalmPosition":[43.4634,268.742,9.33567],"t":[45.914,28.2858,-92.7442],"timeVisible":31.9329,"type":"right","wrist":[56.9031,232.742,46.3808]}],"id":1677269,"interactionBox":{"center":[0,200,0],"size":[235.247,235.247,147.751]},"pointables":[{"bases":[[[0.0547316,0.768335,0.637704],[-0.836893,-0.313053,0.449008],[0.544624,-0.558264,0.62588]],[[-0.00475374,0.824432,0.565942],[-0.857071,-0.294925,0.422431],[0.515176,-0.483044,0.707999]],[[-0.00475374,0.824432,0.565942],[-0.977757,0.114841,-0.175507],[-0.209686,-0.554188,0.805548]],[[-0.00475374,0.824432,0.565942],[-0.634643,0.434877,-0.638835],[-0.772791,-0.362208,0.521153]]],"btipPosition":[34.3105,265.945,-37.9499],"carpPosition":[34.7819,215.478,35.5718],"dipPosition":[16.5819,257.636,-25.9941],"direction":[0.209686,0.554188,-0.805548],"extended":false,"handId":466,"id":4660,"length":51.0864,"mcpPosition":[34.7819,215.478,35.5718],"pipPosition":[9.57381,239.114,0.928702],"stabilizedTipPosition":[30.317,263.942,-35.2152],"timeVisible":31.9329,"tipPosition":[30.6115,263.484,-35.4318],"tipVelocity":[-31.0977,46.087,3.70899],"tool":false,"touchDistance":-0.0421924,"touchZone":"touching","type":0,"width":19.8498},{"bases":[[[0.894289,0.443051,0.062867],[-0.367298,0.646502,0.668676],[0.255614,-0.621081,0.740892]],[[0.844717,0.532768,-0.0511048],[-0.464106,0.776701,0.425842],[0.266568,-0.335998,0.903353]],[[0.844717,0.532768,-0.0511048],[-0.508146,0.828313,0.235977],[0.168052,-0.173365,0.970414]],[[0.844717,0.532768,-0.0511048],[-0.527222,0.844741,0.0919217],[0.0921432,-0.0507042,0.994454]]],"btipPosition":[-0.862569,300.496,-85.8757],"carpPosition":[34.3221,236.6,45.2441],"dipPosition":[0.68064,299.647,-69.2207],"direction":[-0.168052,0.173365,-0.970414],"extended":true,"handId":466,"id":4661,"length":57.6453,"mcpPosition":[15.8883,281.389,-8.18573],"pipPosition":[4.66224,295.539,-46.2289],"stabilizedTipPosition":[0.632414,298.273,-82.2004],"timeVisible":31.9329,"tipPosition":[-0.650313,300.074,-82.029],"tipVelocity":[-38.0897,54.0308,4.05764],"tool":false,"touchDistance":0.380146,"touchZone":"hovering","type":1,"width":18.9605},{"bases":[[[0.970026,0.238319,0.047466],[-0.205119,0.698305,0.685781],[0.130289,-0.674962,0.726258]],[[0.969181,0.242591,0.0428639],[-0.169837,0.784016,-0.597055],[-0.178446,0.571375,0.801054]],[[0.969181,0.242591,0.0428639],[0.140213,-0.400147,-0.905661],[-0.202553,0.88376,-0.42183]],[[0.969181,0.242591,0.0428639],[0.229797,-0.827573,-0.512169],[-0.0887743,0.506234,-0.857815]]],"btipPosition":[51.0416,228.532,-13.2738],"carpPosition":[44.2395,243.327,46.6828],"dipPosition":[49.4063,237.857,-29.0752],"direction":[0.202553,-0.88376,0.42183],"extended":false,"handId":466,"id":4662,"length":65.6822,"mcpPosition":[35.3291,289.487,-2.98543],"pipPosition":[43.7603,262.491,-40.8335],"stabilizedTipPosition":[52.2504,227.561,-17.4506],"timeVisible":31.9329,"tipPosition":[50.7647,230.447,-17.9163],"tipVelocity":[-37.7574,54.1967,8.55827],"tool":false,"touchDistance":0.333333,"touchZone":"none","type":2,"width":18.6218},{"bases":[[[0.991311,0.0830716,0.10199],[-0.131033,0.691675,0.710222],[-0.0115449,-0.717415,0.69655]],[[0.990843,0.114907,0.0709001],[-0.0481956,0.791511,-0.609251],[-0.126125,0.600255,0.789801]],[[0.990843,0.114907,0.0709001],[0.114529,-0.437157,-0.892063],[-0.0715098,0.892015,-0.446314]],[[0.990843,0.114907,0.0709001],[0.134979,-0.856002,-0.49904],[0.00334747,0.50404,-0.863674]]],"btipPosition":[63.6909,231.65,-2.15005],"carpPosition":[55.5777,247.342,47.2728],"dipPosition":[63.7522,240.882,-17.968],"direction":[0.0715098,-0.892015,0.446314],"extended":false,"handId":466,"id":4663,"length":63.1552,"mcpPosition":[56.2866,291.393,4.50314],"pipPosition":[61.8104,265.104,-30.0875],"stabilizedTipPosition":[65.2995,230.374,-5.73891],"timeVisible":31.9329,"tipPosition":[63.787,233.385,-6.34169],"tipVelocity":[-37.1156,59.5358,-9.70875],"tool":false,"touchDistance":0.333333,"touchZone":"none","type":3,"width":17.7198},{"bases":[[[0.991244,-0.115954,0.0631624],[0.0242454,0.630058,0.776169],[-0.129796,-0.767842,0.627353]],[[0.999525,-0.030044,-0.00683414],[0.0217262,0.844521,-0.535082],[0.0218476,0.534679,0.844772]],[[0.999525,-0.030044,-0.00683414],[-0.0177628,-0.380635,-0.924555],[0.025176,0.924237,-0.380988]],[[0.999525,-0.030044,-0.00683414],[-0.0287641,-0.83036,-0.556484],[0.0110442,0.556417,-0.83083]]],"btipPosition":[75.1328,243.246,1.3954],"carpPosition":[69.1819,245.256,44.9916],"dipPosition":[75.3195,252.647,-12.6424],"direction":[-0.025176,-0.924237,0.380988],"extended":false,"handId":466,"id":4664,"length":49.5125,"mcpPosition":[76.5594,288.899,9.33332],"pipPosition":[75.8021,270.367,-19.9468],"stabilizedTipPosition":[76.7352,241.99,-2.26888],"timeVisible":31.9329,"tipPosition":[75.1561,245.173,-2.42439],"tipVelocity":[-35.6793,53.6798,6.4736],"tool":false,"touchDistance":0.333333,"touchZone":"none","type":4,"width":15.7401}],"r":[[0.532447,0.568208,0.627408],[-0.710121,0.703247,-0.0342497],[-0.460683,-0.427299,0.777937]],"s":1.18382,"t":[45.914,28.2858,-92.7442],"timestamp":93358199474},false],[6,{"currentFrameRate":54.5413,"devices":[],"gestures":[],"hands":[{"armBasis":[[0.925666,0.375636,-0.0451756],[-0.352948,0.900366,0.254498],[0.136273,-0.219635,0.966018]],"armWidth":62.4607,"confidence":0.840468,"direction":[-0.153583,0.773481,-0.614931],"elbow":[92.4398,175.229,302.159],"grabStrength":0,"id":466,"palmNormal":[0.325348,-0.548032,-0.770591],"palmPosition":[42.6496,269.601,9.42418],"palmVelocity":[-33.5402,41.3794,2.91112],"palmWidth":89.1918,"pinchStrength":0.504773,"r":[[0.532872,0.567793,0.627422],[-0.709924,0.703472,-0.0336737],[-0.460494,-0.427478,0.777951]],"s":1.18336,"sphereCenter":[37.1744,254.189,-35.4591],"sphereRadius":46.3947,"stabilizedPalmPosition":[42.8916,269.346,9.39786],"t":[45.3069,29.0186,-92.6895],"timeVisible":31.951,"type":"right","wrist":[56.3732,233.359,46.4888]}],"id":1677270,"interactionBox":{"center":[0,200,0],"size":[235.247,235.247,147.751]},"pointables":[{"bases":[[[0.0544832,0.769235,0.636639],[-0.836466,-0.313034,0.449816],[0.545304,-0.557034,0.626384]],[[-0.00396768,0.824242,0.566224],[-0.85518,-0.296284,0.425302],[0.518315,-0.482537,0.706051]],[[-0.00396768,0.824242,0.566224],[-0.978598,0.113297,-0.171782],[-0.205742,-0.554788,0.806152]],[[-0.00396768,0.824242,0.566224],[-0.634767,0.435449,-0.638322],[-0.772693,-0.361953,0.521474]]],"btipPosition":[33.5002,266.521,-37.7407],"carpPosition":[34.2592,216.065,35.7133],"dipPosition":[15.7738,258.218,-25.7775],"direction":[0.205742,0.554788,-0.806152],"extended":false,"handId":466,"id":4660,"length":51.0864,"mcpPosition":[34.2592,216.065,35.7133],"pipPosition":[8.89753,239.676,1.16551],"stabilizedTipPosition":[29.567,264.504,-35.0255],"timeVisible":31.951,"tipPosition":[29.8585,264.069,-35.2497],"tipVelocity":[-37.576,39.3229,7.4862],"tool":false,"touchDistance":-0.0386766,"touchZone":"touching","type":0,"width":19.8498},{"bases":[[[0.894006,0.443764,0.0618567],[-0.367446,0.647147,0.667969],[0.256391,-0.619898,0.741613]],[[0.844664,0.532808,-0.0515544],[-0.463887,0.776641,0.42619],[0.267117,-0.336072,0.903164]],[[0.844664,0.532808,-0.0515544],[-0.508051,0.82828,0.2363],[0.168604,-0.173402,0.970312]],[[0.844664,0.532808,-0.0515544],[-0.527218,0.844718,0.0921496],[0.0926471,-0.050655,0.99441]]],"btipPosition":[-1.49632,301.013,-85.8035],"carpPosition":[33.789,237.199,45.3573],"dipPosition":[0.0553237,300.165,-69.1492],"direction":[-0.168604,0.173402,-0.970312],"extended":true,"handId":466,"id":4661,"length":57.6453,"mcpPosition":[15.2992,281.903,-8.12465],"pipPosition":[4.05001,296.056,-46.1599],"stabilizedTipPosition":[0.0507513,299.108,-82.1258],"timeVisible":31.951,"tipPosition":[-1.27585,300.559,-81.968],"tipVelocity":[-36.5631,41.9114,4.01973],"tool":false,"touchDistance":0.376546,"touchZone":"hovering","type":1,"width":18.9605},{"bases":[[[0.96988,0.239066,0.0466978],[-0.205296,0.699088,0.684931],[0.131097,-0.673887,0.72711]],[[0.96903,0.24333,0.0420898],[-0.170966,0.784057,-0.596679],[-0.178191,0.571004,0.801375]],[[0.96903,0.24333,0.0420898],[0.140141,-0.401542,-0.905055],[-0.203327,0.882924,-0.423207]],[[0.96903,0.24333,0.0420898],[0.230305,-0.829009,-0.509612],[-0.0891113,0.503523,-0.859374]]],"btipPosition":[50.4649,229.157,-13.1806],"carpPosition":[43.7023,243.935,46.7822],"dipPosition":[48.8234,238.432,-29.0108],"direction":[0.203327,-0.882924,0.423207],"extended":false,"handId":466,"id":4662,"length":65.6822,"mcpPosition":[34.7367,290.022,-2.94425],"pipPosition":[43.1558,263.043,-40.8075],"stabilizedTipPosition":[51.691,228.525,-17.2879],"timeVisible":31.951,"tipPosition":[50.1897,231.037,-17.7743],"tipVelocity":[-34.9791,44.538,6.75872],"tool":false,"touchDistance":0.333333,"touchZone":"none","type":2,"width":18.6218},{"bases":[[[0.991299,0.0839068,0.101422],[-0.131194,0.692543,0.709346],[-0.0107204,-0.71648,0.697525]],[[0.990816,0.115239,0.0707432],[-0.0487693,0.792504,-0.607914],[-0.126119,0.59888,0.790845]],[[0.990816,0.115239,0.0707432],[0.114482,-0.436483,-0.892399],[-0.0719608,0.892302,-0.445667]],[[0.990816,0.115239,0.0707432],[0.135184,-0.856342,-0.498402],[0.00314516,0.503387,-0.864055]]],"btipPosition":[63.1163,232.274,-2.1774],"carpPosition":[55.0379,247.959,47.3616],"dipPosition":[63.1739,241.494,-18.0024],"direction":[0.0719608,-0.892302,0.445667],"extended":false,"handId":466,"id":4663,"length":63.1552,"mcpPosition":[55.6962,291.952,4.53211],"pipPosition":[61.2198,265.724,-30.1042],"stabilizedTipPosition":[64.7541,231.384,-5.75857],"timeVisible":31.951,"tipPosition":[63.2145,234.005,-6.28309],"tipVelocity":[-34.5738,47.5248,-5.84928],"tool":false,"touchDistance":0.333333,"touchZone":"none","type":3,"width":17.7198},{"bases":[[[0.991355,-0.115171,0.0628635],[0.0241579,0.631125,0.775305],[-0.128968,-0.767084,0.628451]],[[0.999545,-0.0292799,-0.00731016],[0.0208186,0.84436,-0.535371],[0.021848,0.534975,0.844585]],[[0.999545,-0.0292799,-0.00731016],[-0.0179504,-0.382107,-0.923944],[0.0242597,0.923654,-0.382459]],[[0.999545,-0.0292799,-0.00731016],[-0.0284196,-0.831762,-0.554404],[0.0101525,0.554359,-0.832216]]],"btipPosition":[74.5791,243.862,1.47652],"carpPosition":[68.6426,245.879,45.077],"dipPosition":[74.7506,253.229,-12.5847],"direction":[-0.0242597,-0.923654,0.382459],"extended":false,"handId":466,"id":4664,"length":49.5125,"mcpPosition":[75.973,289.48,9.35633],"pipPosition":[75.2157,270.937,-19.9173],"stabilizedTipPosition":[76.2297,242.952,-2.14678],"timeVisible":31.951,"tipPosition":[74.5979,245.771,-2.32757],"tipVelocity":[-33.3407,44.1108,5.38259],"tool":false,"touchDistance":0.333333,"touchZone":"none","type":4,"width":15.7401}],"r":[[0.532872,0.567793,0.627422],[