{"sensorType":"Leap","data":[[0,{"currentFrameRate":55.0772,"devices":[],"gestures":[],"hands":[{"armBasis":[[0.95269,-0.108746,-0.283824],[0.192446,0.938599,0.286349],[0.235258,-0.327423,0.915122]],"armWidth":62.4607,"confidence":0.597494,"direction":[-0.185936,0.694589,-0.694964],"elbow":[72.6422,173.228,298.494],"grabStrength":0,"id":466,"palmNormal":[-0.297095,-0.713933,-0.634061],"palmPosition":[-7.72033,294.29,19.3564],"palmVelocity":[-28.9885,-51.9792,-113.64],"palmWidth":89.1918,"pinchStrength":0.98521,"r":[[0.92114,0.340452,0.188663],[-0.365458,0.923291,0.118208],[-0.133946,-0.177835,0.974902]],"s":1.03033,"sphereCenter":[-14.633,272.019,-24.8914],"sphereRadius":46.1024,"stabilizedPalmPosition":[-2.08865,288.744,48.4727],"t":[-5.13424,55.3786,-80.6345],"timeVisible":0.542324,"type":"right","wrist":[10.378,259.885,56.294]}],"id":1675362,"interactionBox":{"center":[0,200,0],"size":[235.247,235.247,147.751]},"pointables":[{"bases":[[[0.606321,0.738456,0.295057],[-0.548317,0.119493,0.82769],[0.575955,-0.66363,0.477358]],[[0.389879,0.912122,0.1266],[-0.696792,0.202326,0.688146],[0.602059,-0.356507,0.714442]],[[0.389879,0.912122,0.1266],[-0.920529,0.382316,0.080379],[0.0249144,-0.147877,0.988692]],[[0.389879,0.912122,0.1266],[-0.860078,0.409806,-0.30385],[-0.329029,0.00957916,0.944271]]],"btipPosition":[-41.0595,274.639,-28.2761],"carpPosition":[-18.3157,252.472,61.3888],"dipPosition":[-48.6077,274.858,-6.61346],"direction":[-0.0249144,0.147877,-0.988692],"extended":false,"handId":466,"id":4660,"length":51.0864,"mcpPosition":[-18.3157,252.472,61.3888],"pipPosition":[-47.7751,269.916,26.4304],"stabilizedTipPosition":[-50.6551,260.8,33.0545],"timeVisible":0.542324,"tipPosition":[-43.2147,274.557,-23.6647],"tipVelocity":[-9.63783,-82.6994,-101.785],"tool":false,"touchDistance":-0.0669325,"touchZone":"hovering","type":0,"width":19.8498},{"bases":[[[0.892055,0.0293046,-0.450976],[0.243291,0.809814,0.533864],[0.380851,-0.585955,0.715269]],[[0.95039,-0.08904,-0.298044],[0.186573,0.929843,0.317147],[0.248896,-0.357021,0.900326]],[[0.95039,-0.08904,-0.298044],[0.158639,0.962927,0.218188],[0.267567,-0.254646,0.929281]],[[0.95039,-0.08904,-0.298044],[0.136866,0.980122,0.143624],[0.279332,-0.177292,0.943685]]],"btipPosition":[-56.1319,339.035,-63.7484],"carpPosition":[-7.16707,272.741,63.5714],"dipPosition":[-51.4536,336.066,-47.9436],"direction":[-0.267567,0.254646,-0.929281],"extended":true,"handId":466,"id":4661,"length":57.6453,"mcpPosition":[-34.6324,314.997,11.9893],"pipPosition":[-45.1142,330.033,-25.9264],"stabilizedTipPosition":[-53.2174,342.222,-36.0477],"timeVisible":0.542324,"tipPosition":[-55.554,337.026,-60.3055],"tipVelocity":[-28.3241,-97.2703,-139.991],"tool":false,"touchDistance":-0.252279,"touchZone":"touching","type":1,"width":18.9605},{"bases":[[[0.880675,-0.188615,-0.434553],[0.398903,0.790049,0.46551],[0.255516,-0.583307,0.771015]],[[0.876814,-0.18,-0.445866],[-0.0854453,0.854198,-0.512879],[0.473176,0.487796,0.733593]],[[0.876814,-0.18,-0.445866],[-0.474424,-0.173018,-0.863126],[0.0782197,0.968331,-0.237101]],[[0.876814,-0.18,-0.445866],[-0.433013,-0.698729,-0.569454],[-0.209038,0.692371,-0.690598]]],"btipPosition":[-34.4906,251.88,-9.39497],"carpPosition":[3.6702,274.781,58.6645],"dipPosition":[-38.3412,264.633,-22.1162],"direction":[-0.0782197,-0.968331,0.237101],"extended":false,"handId":466,"id":4662,"length":65.6822,"mcpPosition":[-13.8043,314.672,5.9354],"pipPosition":[-36.1609,291.625,-28.7253],"stabilizedTipPosition":[-41.9994,245.225,28.6089],"timeVisible":0.542324,"tipPosition":[-36.0084,255.278,-13.7273],"tipVelocity":[20.2932,-90.6534,-57.4657],"tool":false,"touchDistance":0.333333,"touchZone":"none","type":2,"width":18.6218},{"bases":[[[0.876083,-0.331415,-0.350203],[0.468746,0.755557,0.457614],[0.112938,-0.565065,0.81728]],[[0.878338,-0.343658,-0.332298],[0.0739122,0.784395,-0.615842],[0.472292,0.516356,0.714364]],[[0.878338,-0.343658,-0.332298],[-0.425651,-0.245832,-0.870854],[0.217586,0.906348,-0.362202]],[[0.878338,-0.343658,-0.332298],[-0.473918,-0.717079,-0.511077],[-0.0626489,0.60638,-0.792703]]],"btipPosition":[-18.0104,250.051,-3.86786],"carpPosition":[14.3701,273.687,53.2479],"dipPosition":[-19.1578,261.157,-18.386],"direction":[-0.217586,-0.906348,0.362202],"extended":false,"handId":466,"id":4663,"length":63.1552,"mcpPosition":[7.43545,308.383,3.06528],"pipPosition":[-13.2493,285.768,-28.2214],"stabilizedTipPosition":[-21.7434,244.844,22.2868],"timeVisible":0.542324,"tipPosition":[-18.6498,252.591,-8.11237],"tipVelocity":[4.82617,-69.1229,-83.4262],"tool":false,"touchDistance":0.333333,"touchZone":"none","type":3,"width":17.7198},{"bases":[[[0.793693,-0.514841,-0.324023],[0.607427,0.641902,0.467969],[-0.0329391,-0.568244,0.822201]],[[0.793269,-0.521241,-0.314694],[0.220122,0.727401,-0.649949],[0.567689,0.446313,0.691761]],[[0.793269,-0.521241,-0.314694],[-0.478164,-0.213346,-0.851964],[0.37694,0.826312,-0.418479]],[[0.793269,-0.521241,-0.314694],[-0.607398,-0.641512,-0.468541],[0.0423426,0.562823,-0.825492]]],"btipPosition":[-2.21664,257.309,-2.49307],"carpPosition":[23.5297,265.831,46.2461],"dipPosition":[-1.50122,266.818,-16.4407],"direction":[-0.37694,-0.826312,0.418479],"extended":false,"handId":466,"id":4664,"length":49.5125,"mcpPosition":[25.4019,298.13,-0.487185],"pipPosition":[5.72557,282.661,-24.4639],"stabilizedTipPosition":[-3.02648,258.707,11.1706],"timeVisible":0.542324,"tipPosition":[-2.53874,259.373,-6.88368],"tipVelocity":[8.05932,-58.0483,-68.1429],"tool":false,"touchDistance":0.333333,"touchZone":"none","type":4,"width":15.7401}],"r":[[0.92114,0.340452,0.188663],[-0.365458,0.923291,0.118208],[-0.133946,-0.177835,0.974902]],"s":1.03033,"t":[-5.13424,55.3786,-80.6345],"timestamp":93326808912},false],[1,{"currentFrameRate":54.945,"devices":[],"gestures":[],"hands":[{"armBasis":[[0.955445,-0.0956691,-0.279237],[0.17504,0.945367,0.27503],[0.237669,-0.311654,0.919992]],"armWidth":62.4607,"confidence":0.600988,"direction":[-0.191508,0.69634,-0.69169],"elbow":[73.1479,177.01,297.325],"grabStrength":0,"id":466,"palmNormal":[-0.286745,-0.713682,-0.639089],"palmPosition":[-8.11977,293.898,17.0301],"palmVelocity":[-25.304,-36.9212,-119.003],"palmWidth":89.1918,"pinchStrength":0.965311,"r":[[0.918011,0.347991,0.190151],[-0.372572,0.921094,0.113034],[-0.135812,-0.174611,0.975226]],"s":1.03435,"sphereCenter":[-14.6606,271.907,-27.3152],"sphereRadius":46.108,"stabilizedPalmPosition":[-2.1099,288.762,48.3618],"t":[-5.60192,54.7133,-82.8317],"timeVisible":0.560983,"type":"right","wrist":[10.2454,259.493,53.8363]}],"id":1675363,"interactionBox":{"center":[0,200,0],"size":[235.247,235.247,147.751]},"pointables":[{"bases":[[[0.596822,0.743654,0.301302],[-0.552461,0.108535,0.826443],[0.581886,-0.659696,0.475616]],[[0.381247,0.914601,0.134744],[-0.697808,0.189095,0.690874],[0.606394,-0.357419,0.710308]],[[0.381247,0.914601,0.134744],[-0.924185,0.37342,0.0802482],[0.0230789,-0.155123,0.987626]],[[0.381247,0.914601,0.134744],[-0.860532,0.404352,-0.309814],[-0.33784,0.00216403,0.941201]]],"btipPosition":[-41.0711,274.348,-30.5666],"carpPosition":[-18.3787,251.725,58.7898],"dipPosition":[-48.8216,274.398,-8.97447],"direction":[-0.0230789,0.155123,-0.987626],"extended":false,"handId":466,"id":4660,"length":51.0864,"mcpPosition":[-18.3787,251.725,58.7898],"pipPosition":[-48.0502,269.214,24.0337],"stabilizedTipPosition":[-50.6551,260.8,33.0545],"timeVisible":0.560983,"tipPosition":[-43.2163,274.162,-26.0291],"tipVelocity":[-6.46907,-51.0888,-112.401],"tool":false,"touchDistance":-0.105379,"touchZone":"touching","type":0,"width":19.8498},{"bases":[[[0.89319,0.0420468,-0.447709],[0.232189,0.809507,0.539246],[0.385097,-0.585603,0.713281]],[[0.952692,-0.0774815,-0.293896],[0.1768,0.927805,0.328512],[0.247224,-0.364932,0.897611]],[[0.952692,-0.0774815,-0.293896],[0.148712,0.96214,0.22841],[0.265071,-0.261311,0.928145]],[[0.952692,-0.0774815,-0.293896],[0.126821,0.980099,0.152715],[0.276215,-0.182762,0.943559]]],"btipPosition":[-56.5596,338.959,-65.9081],"carpPosition":[-7.47032,272.107,61.1249],"dipPosition":[-51.9336,335.898,-50.1054],"direction":[-0.265071,0.261311,-0.928145],"extended":true,"handId":466,"id":4661,"length":57.6453,"mcpPosition":[-35.2419,314.338,9.68622],"pipPosition":[-45.6533,329.707,-28.1152],"stabilizedTipPosition":[-53.2739,342.123,-36.6976],"timeVisible":0.560983,"tipPosition":[-55.9975,336.911,-62.4812],"tipVelocity":[-26.0122,-52.5408,-128.221],"tool":false,"touchDistance":-0.287788,"touchZone":"touching","type":1,"width":18.9605},{"bases":[[[0.884249,-0.176078,-0.432551],[0.388249,0.791908,0.471322],[0.259551,-0.584703,0.768606]],[[0.879998,-0.166733,-0.444751],[-0.0999564,0.850385,-0.516579],[0.46434,0.499044,0.731671]],[[0.879998,-0.166733,-0.444751],[-0.471502,-0.193594,-0.860353],[0.0573482,0.96681,-0.248977]],[[0.879998,-0.166733,-0.444751],[-0.418468,-0.715119,-0.559902],[-0.224695,0.678827,-0.699075]]],"btipPosition":[-33.7895,251.253,-11.0496],"carpPosition":[3.35953,274.298,56.2672],"dipPosition":[-37.9286,263.757,-23.927],"direction":[-0.0573482,-0.96681,0.248977],"extended":false,"handId":466,"id":4662,"length":65.6822,"mcpPosition":[-14.391,314.285,3.70282],"pipPosition":[-36.33,290.707,-30.867],"stabilizedTipPosition":[-41.7563,245.523,27.1813],"timeVisible":0.560983,"tipPosition":[-35.4299,254.591,-15.52],"tipVelocity":[26.9626,-64.4093,-73.5688],"tool":false,"touchDistance":0.333333,"touchZone":"none","type":2,"width":18.6218},{"bases":[[[0.881006,-0.319396,-0.349021],[0.458508,0.758262,0.463475],[0.116617,-0.568353,0.814479]],[[0.883337,-0.331705,-0.33119],[0.0682296,0.790022,-0.60927],[0.463745,0.515594,0.720488]],[[0.883337,-0.331705,-0.33119],[-0.419452,-0.243997,-0.874371],[0.209224,0.911283,-0.354666]],[[0.883337,-0.331705,-0.33119],[-0.463976,-0.719205,-0.517176],[-0.0666439,0.610505,-0.789204]]],"btipPosition":[-17.8422,249.747,-6.59902],"carpPosition":[14.0896,273.357,50.8817],"dipPosition":[-19.0628,260.929,-21.0531],"direction":[-0.209224,-0.911283,0.354666],"extended":false,"handId":466,"id":4663,"length":63.1552,"mcpPosition":[6.92905,308.255,0.871044],"pipPosition":[-13.3814,285.674,-30.6839],"stabilizedTipPosition":[-21.6518,245.033,21.4718],"timeVisible":0.560983,"tipPosition":[-18.4676,252.28,-10.7338],"tipVelocity":[6.4221,-42.9884,-113.634],"tool":false,"touchDistance":0.333333,"touchZone":"none","type":3,"width":17.7198},{"bases":[[[0.800631,-0.503897,-0.324157],[0.598444,0.646142,0.473671],[-0.0292298,-0.573226,0.818876]],[[0.800249,-0.510344,-0.31488],[0.214592,0.734034,-0.644317],[0.559956,0.448043,0.696926]],[[0.800249,-0.510344,-0.31488],[-0.473276,-0.215048,-0.854262],[0.368254,0.832648,-0.413625]],[[0.800249,-0.510344,-0.31488],[-0.598524,-0.647345,-0.471925],[0.0370078,0.566121,-0.823491]]],"btipPosition":[-2.0702,257.17,-4.98845],"carpPosition":[23.3623,265.647,43.8676],"dipPosition":[-1.44491,266.736,-18.9023],"direction":[-0.368254,-0.832648,0.413625],"extended":false,"handId":466,"id":4664,"length":49.5125,"mcpPosition":[25.0237,298.229,-2.67668],"pipPosition":[5.61535,282.699,-26.8324],"stabilizedTipPosition":[-3.00554,258.719,10.8022],"timeVisible":0.560983,"tipPosition":[-2.40106,259.232,-9.32372],"tipVelocity":[7.41686,-33.1106,-99.8182],"tool":false,"touchDistance":0.333333,"touchZone":"none","type":4,"width":15.7401}],"r":[[0.918011,0.347991,0.190151],[-0.372572,0.921094,0.113034],[-0.135812,-0.174611,0.975226]],"s":1.03435,"t":[-5.60192,54.7133,-82.8317],"timestamp":93326827571},false],[2,{"currentFrameRate":55.0591,"devices":[],"gestures":[],"hands":[{"armBasis":[[0.957714,-0.0872142,-0.274187],[0.163633,0.948934,0.269718],[0.236662,-0.303179,0.923078]],"armWidth":62.4607,"confidence":0.608565,"direction":[-0.195324,0.696119,-0.690845],"elbow":[72.8301,178.974,296.657],"grabStrength":0,"id":466,"palmNormal":[-0.278767,-0.714764,-0.641405],"palmPosition":[-8.35119,293.538,15.5602],"palmVelocity":[-19.5413,-29.0897,-101.982],"palmWidth":89.1918,"pinchStrength":0.958408,"r":[[0.914749,0.355483,0.192005],[-0.379863,0.918594,0.109034],[-0.137615,-0.172674,0.975318]],"s":1.03774,"sphereCenter":[-14.6528,271.682,-28.8012],"sphereRadius":46.1049,"stabilizedPalmPosition":[-2.12348,288.773,48.2905],"t":[-5.95147,54.2009,-84.6652],"timeVisible":0.578749,"type":"right","wrist":[10.1942,259.215,52.3515]}],"id":1675364,"interactionBox":{"center":[0,200,0],"size":[235.247,235.247,147.751]},"pointables":[{"bases":[[[0.589591,0.748058,0.304618],[-0.55584,0.102147,0.82499],[0.586024,-0.655726,0.476025]],[[0.374664,0.916693,0.13893],[-0.69876,0.180691,0.69216],[0.609395,-0.356406,0.708246]],[[0.374664,0.916693,0.13893],[-0.926926,0.366972,0.078353],[0.0208424,-0.158134,0.987198]],[[0.374664,0.916693,0.13893],[-0.860105,0.399592,-0.317089],[-0.346188,-0.000692371,0.938165]]],"btipPosition":[-40.9507,273.934,-31.9689],"carpPosition":[-18.3777,251.194,57.2027],"dipPosition":[-48.8927,273.918,-10.4464],"direction":[-0.0208424,0.158134,-0.987198],"extended":false,"handId":466,"id":4660,"length":51.0864,"mcpPosition":[-18.3777,251.194,57.2027],"pipPosition":[-48.1961,268.633,22.5475],"stabilizedTipPosition":[-50.6551,260.8,33.0545],"timeVisible":0.578749,"tipPosition":[-43.1117,273.698,-27.4868],"tipVelocity":[-1.41522,-38.4557,-97.1153],"tool":false,"touchDistance":-0.129018,"touchZone":"touching","type":0,"width":19.8498},{"bases":[[[0.894142,0.0505322,-0.444923],[0.223701,0.81033,0.541594],[0.387902,-0.583792,0.713246]],[[0.954449,-0.0695593,-0.290152],[0.169635,0.926497,0.335898],[0.245461,-0.369818,0.896094]],[[0.954449,-0.0695593,-0.290152],[0.141483,0.961678,0.234858],[0.262697,-0.265212,0.927714]],[[0.954449,-0.0695593,-0.290152],[0.119535,0.980139,0.158236],[0.273383,-0.185712,0.943808]]],"btipPosition":[-56.7631,338.732,-67.3483],"carpPosition":[-7.64952,271.663,59.6123],"dipPosition":[-52.1845,335.621,-51.5415],"direction":[-0.262697,0.265212,-0.927714],"extended":true,"handId":466,"id":4661,"length":57.6453,"mcpPosition":[-35.6234,313.763,8.1761],"pipPosition":[-45.9605,329.338,-29.5614],"stabilizedTipPosition":[-53.31,342.063,-37.0977],"timeVisible":0.578749,"tipPosition":[-56.2085,336.661,-63.9323],"tipVelocity":[-19.4679,-34.1822,-106.062],"tool":false,"touchDistance":-0.308931,"touchZone":"touching","type":1,"width":18.9605},{"bases":[[[0.887004,-0.167692,-0.430236],[0.380107,0.794193,0.474105],[0.262187,-0.584069,0.768193]],[[0.882489,-0.157887,-0.44304],[-0.108174,0.848584,-0.517884],[0.457724,0.504952,0.731787]],[[0.882489,-0.157887,-0.44304],[-0.468129,-0.203784,-0.859841],[0.0454734,0.966201,-0.253749]],[[0.882489,-0.157887,-0.44304],[-0.408702,-0.723586,-0.556225],[-0.232757,0.671934,-0.703085]]],"btipPosition":[-33.3613,250.732,-12.2953],"carpPosition":[3.17591,273.956,54.7917],"dipPosition":[-37.6489,263.109,-25.2466],"direction":[-0.0454734,-0.966201,0.253749],"extended":false,"handId":466,"id":4662,"length":65.6822,"mcpPosition":[-14.7549,313.9,2.2556],"pipPosition":[-36.3813,290.042,-32.3197],"stabilizedTipPosition":[-41.5667,245.73,26.0951],"timeVisible":0.578749,"tipPosition":[-35.0324,254.006,-16.7603],"tipVelocity":[24.7175,-48.7162,-72.3998],"tool":false,"touchDistance":0.333333,"touchZone":"none","type":2,"width":18.6218},{"bases":[[[0.884724,-0.311204,-0.347009],[0.450673,0.761159,0.466402],[0.118983,-0.569025,0.813667]],[[0.887103,-0.323507,-0.329229],[0.0636174,0.792165,-0.606982],[0.457166,0.517511,0.723313]],[[0.887103,-0.323507,-0.329229],[-0.414742,-0.245627,-0.87616],[0.202576,0.913789,-0.352069]],[[0.887103,-0.323507,-0.329229],[-0.456283,-0.722297,-0.519705],[-0.0696726,0.611253,-0.788362]]],"btipPosition":[-17.6233,249.382,-8.20378],"carpPosition":[13.9297,273.117,49.4368],"dipPosition":[-18.8993,260.577,-22.6424],"direction":[-0.202576,-0.913789,0.352069],"extended":false,"handId":466,"id":4663,"length":63.1552,"mcpPosition":[6.62388,308.056,-0.524062],"pipPosition":[-13.3984,285.391,-32.2027],"stabilizedTipPosition":[-21.6023,245.125,21.0348],"timeVisible":0.578749,"tipPosition":[-18.2511,251.908,-12.3082],"tipVelocity":[8.85509,-32.3698,-102.601],"tool":false,"touchDistance":0.333333,"touchZone":"none","type":3,"width":17.7198},{"bases":[[[0.805842,-0.49643,-0.322765],[0.591523,0.650207,0.476793],[-0.0268301,-0.575142,0.817614]],[[0.805483,-0.502962,-0.313411],[0.210635,0.737305,-0.641883],[0.553923,0.451011,0.699828]],[[0.805483,-0.502962,-0.313411],[-0.469048,-0.217841,-0.855885],[0.362203,0.836406,-0.411381]],[[0.805483,-0.502962,-0.313411],[-0.591643,-0.652154,-0.473977],[0.0339998,0.567208,-0.822872]]],"btipPosition":[-1.90454,256.939,-6.50339],"carpPosition":[23.2884,265.5,42.435],"dipPosition":[-1.33007,266.522,-20.4068],"direction":[-0.362203,-0.836406,0.411381],"extended":false,"handId":466,"id":4664,"length":49.5125,"mcpPosition":[24.8134,298.19,-4.03755],"pipPosition":[5.61419,282.558,-28.2939],"stabilizedTipPosition":[-2.99377,258.723,10.6065],"timeVisible":0.578749,"tipPosition":[-2.23681,258.997,-10.8115],"tipVelocity":[8.00351,-23.5777,-92.927],"tool":false,"touchDistance":0.333333,"touchZone":"none","type":4,"width":15.7401}],"r":[[0.914749,0.355483,0.192005],[-0.379863,0.918594,0.109034],[-0.137615,-0.172674,0.975318]],"s":1.03774,"t":[-5.95147,54.2009,-84.6652],"timestamp":93326845337},false],[3,{"currentFrameRate":55.0753,"devices":[],"gestures":[],"hands":[{"armBasis":[[0.958765,-0.0827175,-0.271896],[0.156103,0.952741,0.260607],[0.23749,-0.292305,0.926367]],"armWidth":62.4607,"confidence":0.595455,"direction":[-0.198872,0.695734,-0.690221],"elbow":[72.9191,181.636,296.585],"grabStrength":0,"id":466,"palmNormal":[-0.275746,-0.715559,-0.641824],"palmPosition":[-8.65734,293.264,14.6524],"palmVelocity":[-18.2914,-22.47,-77.3292],"palmWidth":89.1918,"pinchStrength":0.953894,"r":[[0.911777,0.362281,0.193431],[-0.386514,0.916172,0.105998],[-0.138815,-0.17141,0.975371]],"s":1.04069,"sphereCenter":[-14.988,271.477,-29.6933],"sphereRadius":46.1179,"stabilizedPalmPosition":[-2.13367,288.78,48.238],"t":[-6.27933,53.8074,-86.0359],"timeVisible":0.59685,"type":"right","wrist":[10.0642,258.998,51.4088]}],"id":1675365,"interactionBox":{"center":[0,200,0],"size":[235.247,235.247,147.751]},"pointables":[{"bases":[[[0.586256,0.750552,0.304919],[-0.555924,0.0989365,0.825324],[0.589281,-0.653363,0.475252]],[[0.372732,0.917145,0.141122],[-0.695608,0.175503,0.696655],[0.614167,-0.357832,0.703389]],[[0.372732,0.917145,0.141122],[-0.927673,0.364647,0.0803501],[0.0222328,-0.160865,0.986726]],[[0.372732,0.917145,0.141122],[-0.859844,0.398546,-0.319106],[-0.34891,-0.00240245,0.937153]]],"btipPosition":[-41.2585,273.782,-32.628],"carpPosition":[-18.468,250.841,56.267],"dipPosition":[-49.2629,273.727,-11.1287],"direction":[-0.0222328,0.160865,-0.986726],"extended":false,"handId":466,"id":4660,"length":51.0864,"mcpPosition":[-18.468,250.841,56.267],"pipPosition":[-48.5198,268.35,21.8495],"stabilizedTipPosition":[-50.6551,260.8,33.0545],"timeVisible":0.59685,"tipPosition":[-43.3644,273.474,-28.1954],"tipVelocity":[-9.208,-24.4018,-68.3796],"tool":false,"touchDistance":-0.14009,"touchZone":"touching","type":0,"width":19.8498},{"bases":[[[0.893691,0.0550199,-0.445296],[0.220191,0.810944,0.542112],[0.390938,-0.582531,0.712619]],[[0.954798,-0.0654054,-0.289972],[0.166782,0.925354,0.340446],[0.24606,-0.373419,0.894434]],[[0.954798,-0.0654054,-0.289972],[0.138252,0.961276,0.238401],[0.26315,-0.267714,0.926866]],[[0.954798,-0.0654054,-0.289972],[0.11599,0.980141,0.160843],[0.273693,-0.187206,0.943422]]],"btipPosition":[-57.2074,338.572,-68.1316],"carpPosition":[-7.83375,271.358,58.6873],"dipPosition":[-52.6236,335.437,-52.3312],"direction":[-0.26315,0.267714,-0.926866],"extended":true,"handId":466,"id":4661,"length":57.6453,"mcpPosition":[-36.0265,313.368,7.29635],"pipPosition":[-46.3889,329.094,-30.3713],"stabilizedTipPosition":[-53.339,342.02,-37.3777],"timeVisible":0.59685,"tipPosition":[-56.6429,336.504,-64.7227],"tipVelocity":[-21.8518,-22.2723,-76.2358],"tool":false,"touchDistance":-0.318143,"touchZone":"touching","type":1,"width":18.9605},{"bases":[[[0.887572,-0.163246,-0.430774],[0.376639,0.795585,0.474539],[0.265251,-0.583434,0.767624]],[[0.882874,-0.153176,-0.443926],[-0.113177,0.848043,-0.517701],[0.455768,0.507307,0.731379]],[[0.882874,-0.153176,-0.443926],[-0.467972,-0.208076,-0.858899],[0.0391924,0.966044,-0.255387]],[[0.882874,-0.153176,-0.443926],[-0.404793,-0.727449,-0.55404],[-0.238068,0.668845,-0.704251]]],"btipPosition":[-33.4027,250.388,-13.0982],"carpPosition":[2.9787,273.705,53.8635],"dipPosition":[-37.7881,262.708,-26.0709],"direction":[-0.0391924,-0.966044,0.255387],"extended":false,"handId":466,"id":4662,"length":65.6822,"mcpPosition":[-15.1616,313.605,1.36634],"pipPosition":[-36.6956,289.636,-33.1897],"stabilizedTipPosition":[-41.434,245.868,25.313],"timeVisible":0.59685,"tipPosition":[-35.0849,253.617,-17.525],"tipVelocity":[11.2816,-34.9384,-59.1895],"tool":false,"touchDistance":0.333333,"touchZone":"none","type":2,"width":18.6218},{"bases":[[[0.885997,-0.306831,-0.347655],[0.447354,0.762885,0.466778],[0.121999,-0.569088,0.813176]],[[0.888436,-0.319107,-0.329928],[0.0603291,0.793742,-0.605255],[0.455019,0.517826,0.724441]],[[0.888436,-0.319107,-0.329928],[-0.413887,-0.246191,-0.876406],[0.198442,0.915183,-0.350799]],[[0.888436,-0.319107,-0.329928],[-0.453151,-0.724176,-0.51983],[-0.0730444,0.611343,-0.787988]]],"btipPosition":[-17.7363,249.136,-9.19812],"carpPosition":[13.7337,272.92,48.503],"dipPosition":[-19.0741,260.333,-23.6299],"direction":[-0.198442,-0.915183,0.350799],"extended":false,"handId":466,"id":4663,"length":63.1552,"mcpPosition":[6.24275,307.863,-1.42766],"pipPosition":[-13.6855,285.184,-33.1557],"stabilizedTipPosition":[-21.5765,245.173,20.7917],"timeVisible":0.59685,"tipPosition":[-18.3644,251.643,-13.2471],"tipVelocity":[1.29865,-23.4359,-79.8856],"tool":false,"touchDistance":0.333333,"touchZone":"none","type":3,"width":17.7198},{"bases":[[[0.807986,-0.492439,-0.323516],[0.588722,0.65258,0.477018],[-0.023782,-0.575885,0.817185]],[[0.807669,-0.498861,-0.314339],[0.205918,0.738178,-0.642411],[0.552512,0.454127,0.698928]],[[0.807669,-0.498861,-0.314339],[-0.470063,-0.222915,-0.85402],[0.355967,0.837524,-0.414538]],[[0.807669,-0.498861,-0.314339],[-0.588981,-0.65743,-0.469987],[0.0278028,0.564733,-0.824805]]],"btipPosition":[-1.96854,256.745,-7.29856],"carpPosition":[23.1244,265.352,41.4911],"dipPosition":[-1.49878,266.287,-21.2346],"direction":[-0.355967,-0.837524,0.414538],"extended":false,"handId":466,"id":4664,"length":49.5125,"mcpPosition":[24.4762,298.084,-4.9571],"pipPosition":[5.3259,282.344,-29.1822],"stabilizedTipPosition":[-2.988,258.725,10.4988],"timeVisible":0.59685,"tipPosition":[-2.32531,258.794,-11.6053],"tipVelocity":[1.88173,-17.6996,-69.8182],"tool":false,"touchDistance":0.333333,"touchZone":"none","type":4,"width":15.7401}],"r":[[0.911777,0.362281,0.193431],[-0.386514,0.916172,0.105998],[-0.138815,-0.17141,0.975371]],"s":1.04069,"t":[-6.27933,53.8074,-86.0359],"timestamp":93326863438},false],[4,{"currentFrameRate":55.0897,"devices":[],"gestures":[],"hands":[{"armBasis":[[0.95884,-0.081996,-0.271851],[0.153664,0.954931,0.253957],[0.238776,-0.285278,0.928226]],"armWidth":62.4607,"confidence":0.606957,"direction":[-0.200696,0.693749,-0.691689],"elbow":[73.082,183.278,296.231],"grabStrength":0,"id":466,"palmNormal":[-0.275485,-0.71753,-0.639734],"palmPosition":[-8.92795,292.929,13.7454],"palmVelocity":[-16.7014,-20.5801,-64.3785],"palmWidth":89.1918,"pinchStrength":0.947301,"r":[[0.909303,0.368063,0.194158],[-0.392055,0.914135,0.103203],[-0.139501,-0.169963,0.975526]],"s":1.04297,"sphereCenter":[-15.352,271.038,-30.5523],"sphereRadius":46.147,"stabilizedPalmPosition":[-2.14201,288.785,48.1957],"t":[-6.57856,53.4432,-87.1747],"timeVisible":0.614952,"type":"right","wrist":[9.88672,258.781,50.5634]}],"id":1675366,"interactionBox":{"center":[0,200,0],"size":[235.247,235.247,147.751]},"pointables":[{"bases":[[[0.585541,0.752139,0.302372],[-0.555079,0.100167,0.825744],[0.590786,-0.651348,0.476149]],[[0.374054,0.916742,0.14024],[-0.691086,0.174692,0.701343],[0.618452,-0.359258,0.698892]],[[0.374054,0.916742,0.14024],[-0.927074,0.36557,0.0830187],[0.0248393,-0.161066,0.986631]],[[0.374054,0.916742,0.14024],[-0.85934,0.399478,-0.319299],[-0.348737,-0.00107844,0.93722]]],"btipPosition":[-41.7192,273.581,-33.1975],"carpPosition":[-18.6279,250.595,55.4758],"dipPosition":[-49.7196,273.557,-11.6967],"direction":[-0.0248393,0.161066,-0.986631],"extended":false,"handId":466,"id":4660,"length":51.0864,"mcpPosition":[-18.6279,250.595,55.4758],"pipPosition":[-48.8894,268.174,21.2783],"stabilizedTipPosition":[-50.6551,260.8,33.0545],"timeVisible":0.614952,"tipPosition":[-43.7296,273.208,-28.8008],"tipVelocity":[-16.9087,-17.8738,-50.8092],"tool":false,"touchDistance":-0.149576,"touchZone":"touching","type":0,"width":19.8498},{"bases":[[[0.893078,0.0552068,-0.446501],[0.219673,0.812589,0.539854],[0.392626,-0.580216,0.713579]],[[0.954656,-0.0650719,-0.290514],[0.166592,0.925504,0.340133],[0.246738,-0.373107,0.894378]],[[0.954656,-0.0650719,-0.290514],[0.137678,0.961702,0.237012],[0.263965,-0.266262,0.927053]],[[0.954656,-0.0650719,-0.290514],[0.115091,0.98062,0.158553],[0.274566,-0.1848,0.943643]]],"btipPosition":[-57.5781,338.092,-69.0609],"carpPosition":[-8.02025,271.133,57.833],"dipPosition":[-52.9797,334.997,-53.2568],"direction":[-0.263965,0.266262,-0.927053],"extended":true,"handId":466,"id":4661,"length":57.6453,"mcpPosition":[-36.3347,312.975,6.37282],"pipPosition":[-46.7257,328.688,-31.2924],"stabilizedTipPosition":[-53.3656,341.981,-37.6118],"timeVisible":0.614952,"tipPosition":[-57.0033,336.062,-65.6454],"tipVelocity":[-21.1108,-24.0503,-64.3686],"tool":false,"touchDistance":-0.328588,"touchZone":"touching","type":1,"width":18.9605},{"bases":[[[0.887291,-0.163031,-0.431435],[0.376062,0.797289,0.472131],[0.267006,-0.581164,0.768737]],[[0.882389,-0.152643,-0.445072],[-0.116069,0.846068,-0.520285],[0.45598,0.510753,0.728844]],[[0.882389,-0.152643,-0.445072],[-0.469162,-0.213609,-0.856889],[0.0357266,0.96492,-0.260101]],[[0.882389,-0.152643,-0.445072],[-0.403655,-0.731621,-0.549357],[-0.241769,0.664402,-0.70719]]],"btipPosition":[-33.5637,249.961,-13.742],"carpPosition":[2.78304,273.483,52.9905],"dipPosition":[-38.0172,262.2,-26.7689],"direction":[-0.0357266,-0.96492,0.260101],"extended":false,"handId":466,"id":4662,"length":65.6822,"mcpPosition":[-15.4773,313.228,0.417245],"pipPosition":[-37.0213,289.096,-34.019],"stabilizedTipPosition":[-41.3408,245.962,24.7404],"timeVisible":0.614952,"tipPosition":[-35.2542,253.146,-18.1491],"tipVelocity":[1.27448,-30.0219,-48.2793],"tool":false,"touchDistance":0.333333,"touchZone":"none","type":2,"width":18.6218},{"bases":[[[0.886021,-0.306413,-0.347962],[0.446814,0.764671,0.464366],[0.123789,-0.566912,0.814424]],[[0.8885,-0.318652,-0.330194],[0.0612452,0.795482,-0.602874],[0.454771,0.515431,0.726302]],[[0.8885,-0.318652,-0.330194],[-0.413582,-0.244364,-0.877061],[0.19879,0.915831,-0.348906]],[[0.8885,-0.318652,-0.330194],[-0.4529,-0.724707,-0.519308],[-0.0738156,0.610951,-0.78822]]],"btipPosition":[-18.0316,248.877,-10.2874],"carpPosition":[13.5328,272.7,47.619],"dipPosition":[-19.3835,260.067,-24.7235],"direction":[-0.19879,-0.915831,0.348906],"extended":false,"handId":466,"id":4663,"length":63.1552,"mcpPosition":[5.93192,307.51,-2.38829],"pipPosition":[-13.9855,284.936,-34.1979],"stabilizedTipPosition":[-21.5636,245.198,20.6548],"timeVisible":0.614952,"tipPosition":[-18.6148,251.332,-14.1639],"tipVelocity":[-7.16301,-19.1261,-70.536],"tool":false,"touchDistance":0.333333,"touchZone":"none","type":3,"width":17.7198},{"bases":[[[0.808306,-0.492073,-0.323274],[0.588353,0.654594,0.474708],[-0.0219779,-0.573908,0.818625]],[[0.808032,-0.498031,-0.314721],[0.202957,0.736822,-0.644904],[0.553075,0.457229,0.696455]],[[0.808032,-0.498031,-0.314721],[-0.471893,-0.227316,-0.851848],[0.352705,0.836835,-0.418696]],[[0.808032,-0.498031,-0.314721],[-0.588652,-0.660823,-0.465619],[0.023918,0.561496,-0.827133]]],"btipPosition":[-2.16093,256.37,-8.05224],"carpPosition":[22.9259,265.128,40.6144],"dipPosition":[-1.75681,265.857,-22.0276],"direction":[-0.352705,-0.836835,0.418696],"extended":false,"handId":466,"id":4664,"length":49.5125,"mcpPosition":[24.1751,297.749,-5.91555],"pipPosition":[5.00535,281.901,-30.055],"stabilizedTipPosition":[-2.98511,258.724,10.4305],"timeVisible":0.614952,"tipPosition":[-2.53068,258.41,-12.3472],"tipVelocity":[-4.4656,-19.4689,-56.65],"tool":false,"touchDistance":0.333333,"touchZone":"none","type":4,"width":15.7401}],"r":[[0.909303,0.368063,0.194158],[-0.392055,0.914135,0.103203],[-0.139501,-0.169963,0.975526]],"s":1.04297,"t":[-6.57856,53.4432,-87.1747],"timestamp":93326881540},false],[5,{"currentFrameRate":55.2081,"devices":[],"gestures":[],"hands":[{"armBasis":[[0.960713,-0.068157,-0.269045],[0.141015,0.954803,0.261661],[0.239051,-0.28932,0.926903]],"armWidth":62.4607,"confidence":0.578917,"direction":[-0.205083,0.695148,-0.688992],"elbow":[72.4879,183.041,293.024],"grabStrength":0,"id":466,"palmNormal":[-0.262964,-0.717206,-0.645341],"palmPosition":[-9.79374,293.737,10.9679],"palmVelocity":[-31.7786,10.424,-107.69],"palmWidth":89.1918,"pinchStrength":0.943571,"r":[[0.906159,0.374667,0.196213],[-0.398814,0.911396,0.101517],[-0.140792,-0.170243,0.975292]],"s":1.04453,"sphereCenter":[-15.8158,272.049,-33.4704],"sphereRadius":46.1396,"stabilizedPalmPosition":[-2.14201,288.785,48.1957],"t":[-7.16106,53.6651,-89.1328],"timeVisible":0.632655,"type":"right","wrist":[9.21981,259.613,47.7061]}],"id":1675367,"interactionBox":{"center":[0,200,0],"size":[235.247,235.247,147.751]},"pointables":[{"bases":[[[0.574547,0.757485,0.310021],[-0.561087,0.0887525,0.822985],[0.595883,-0.646792,0.476007]],[[0.364118,0.91934,0.149101],[-0.694084,0.161109,0.701635],[0.62102,-0.358967,0.696762]],[[0.364118,0.91934,0.149101],[-0.931108,0.355658,0.0809018],[0.0213472,-0.168287,0.985507]],[[0.364118,0.91934,0.149101],[-0.85973,0.393347,-0.325796],[-0.358166,-0.00955864,0.933609]]],"btipPosition":[-42.1051,274.462,-36.0449],"carpPosition":[-19.2212,251.053,52.4038],"dipPosition":[-50.3218,274.242,-14.6269],"direction":[-0.0213472,0.168287,-0.985507],"extended":false,"handId":466,"id":4660,"length":51.0864,"mcpPosition":[-19.2212,251.053,52.4038],"pipPosition":[-49.6084,268.618,18.3105],"stabilizedTipPosition":[-50.6551,260.8,33.0545],"timeVisible":0.632655,"tipPosition":[-44.1181,274.004,-31.7022],"tipVelocity":[-20.5141,12.5876,-102.827],"tool":false,"touchDistance":-0.197351,"touchZone":"touching","type":0,"width":19.8498},{"bases":[[[0.89494,0.0685781,-0.440886],[0.206584,0.812142,0.545663],[0.395482,-0.579415,0.712651]],[[0.957118,-0.0519769,-0.284997],[0.153888,0.924717,0.348161],[0.245445,-0.377089,0.893062]],[[0.957118,-0.0519769,-0.284997],[0.125013,0.961565,0.24447],[0.261336,-0.269615,0.926829]],[[0.957118,-0.0519769,-0.284997],[0.10253,0.980875,0.165443],[0.270947,-0.187569,0.944143]]],"btipPosition":[-58.4653,338.9,-71.8366],"carpPosition":[-8.8787,271.705,54.9381],"dipPosition":[-53.9275,335.758,-56.0241],"direction":[-0.261336,0.269615,-0.926829],"extended":true,"handId":466,"id":4661,"length":57.6453,"mcpPosition":[-37.3992,313.49,3.5448],"pipPosition":[-47.7357,329.371,-34.065],"stabilizedTipPosition":[-53.3869,341.961,-37.7727],"timeVisible":0.632655,"tipPosition":[-57.8764,336.878,-68.4299],"tipVelocity":[-35.0568,8.29857,-107.587],"tool":false,"touchDistance":-0.365669,"touchZone":"touching","type":1,"width":18.9605},{"bases":[[[0.891725,-0.149796,-0.42707],[0.363542,0.799126,0.478784],[0.269563,-0.582202,0.767057]],[[0.886634,-0.139099,-0.441057],[-0.124125,0.847128,-0.516688],[0.445503,0.512859,0.733827]],[[0.886634,-0.139099,-0.441057],[-0.461843,-0.216604,-0.860107],[0.0241058,0.966299,-0.256291]],[[0.886634,-0.139099,-0.441057],[-0.390868,-0.735134,-0.553896],[-0.247189,0.663498,-0.706164]]],"btipPosition":[-33.6795,250.642,-16.8054],"carpPosition":[1.92332,274.214,50.1729],"dipPosition":[-38.2328,262.864,-29.8133],"direction":[-0.0241058,-0.966299,0.256291],"extended":false,"handId":466,"id":4662,"length":65.6822,"mcpPosition":[-16.5119,314.03,-2.28555],"pipPosition":[-37.5609,289.799,-36.9573],"stabilizedTipPosition":[-41.3001,246.009,24.4663],"timeVisible":0.632655,"tipPosition":[-35.3787,253.803,-21.1779],"tipVelocity":[-2.9918,1.92766,-106.574],"tool":false,"touchDistance":0.333333,"touchZone":"none","type":2,"width":18.6218},{"bases":[[[0.891714,-0.293651,-0.344405],[0.434731,0.767415,0.471257],[0.125917,-0.56995,0.811974]],[[0.894221,-0.305868,-0.326824],[0.0572063,0.802229,-0.594269],[0.443955,0.512711,0.734868]],[[0.894221,-0.305868,-0.326824],[-0.404733,-0.240603,-0.882214],[0.191206,0.92117,-0.338947]],[[0.894221,-0.305868,-0.326824],[-0.441128,-0.726112,-0.527415],[-0.0759912,0.615797,-0.784232]]],"btipPosition":[-18.2625,249.841,-13.6137],"carpPosition":[12.7131,273.592,44.8609],"dipPosition":[-19.6543,261.119,-27.9767],"direction":[-0.191206,-0.92117,0.338947],"extended":false,"handId":466,"id":4663,"length":63.1552,"mcpPosition":[4.98154,308.588,-4.99595],"pipPosition":[-14.4622,286.133,-37.1807],"stabilizedTipPosition":[-21.5579,245.212,20.5826],"timeVisible":0.632655,"tipPosition":[-18.8124,252.278,-17.3376],"tipVelocity":[-10.1592,15.8553,-125.034],"tool":false,"touchDistance":0.333333,"touchZone":"none","type":3,"width":17.7198},{"bases":[[[0.816124,-0.480378,-0.321213],[0.577538,0.659011,0.481824],[-0.0197754,-0.578741,0.815271]],[[0.815864,-0.486593,-0.312401],[0.198943,0.743481,-0.638481],[0.542944,0.458763,0.703383]],[[0.815864,-0.486593,-0.312401],[-0.463608,-0.227552,-0.856322],[0.345593,0.843474,-0.411239]],[[0.815864,-0.486593,-0.312401],[-0.577819,-0.665318,-0.472735],[0.0221833,0.566198,-0.823971]]],"btipPosition":[-2.4565,257.431,-11.0425],"carpPosition":[22.2387,266.175,37.8701],"dipPosition":[-2.08169,266.998,-24.9645],"direction":[-0.345593,-0.843474,0.411239],"extended":false,"handId":466,"id":4664,"length":49.5125,"mcpPosition":[23.3628,299.07,-8.46932],"pipPosition":[4.5441,283.169,-32.8489],"stabilizedTipPosition":[-2.98413,258.725,10.3912],"timeVisible":0.632655,"tipPosition":[-2.80779,259.478,-15.2704],"tipVelocity":[-10.3698,18.1896,-108.884],"tool":false,"touchDistance":0.333333,"touchZone":"none","type":4,"width":15.7401}],"r":[[0.906159,0.374667,0.196213],[-0.398814,0.911396,0.101517],[-0.140792,-0.170243,0.975292]],"s":1.04453,"t":[-7.16106,53.6651,-89.1328],"timestamp":93326899243},false],[6,{"currentFrameRate":55.2146,"devices":[],"gestures":[],"hands":[{"armBasis":[[0.962494,-0.0502868,-0.2666],[0.124689,0.954731,0.270076],[0.24095,-0.293189,0.925194]],"armWidth":62.4607,"confidence":0.527825,"direction":[-0.206872,0.699593,-0.683939],"elbow":[71.8699,182.41,289.957],"grabStrength":0,"id":466,"palmNormal":[-0.246628,-0.713775,-0.655514],"palmPosition":[-10.97,294.263,8.50538],"palmVelocity":[-47.5857,19.2884,-121.214],"palmWidth":89.1918,"pinchStrength":0.94074,"r":[[0.902184,0.381883,0.200571],[-0.406796,0.907899,0.10118],[-0.143459,-0.172874,0.97444]],"s":1.04578,"sphereCenter":[-16.3759,272.997,-36.1885],"sphereRadius":46.1321,"stabilizedPalmPosition":[-2.14201,288.785,48.1957],"t":[-8.04045,54.039,-91.3432],"timeVisible":0.650744,"type":"right","wrist":[8.09908,260.007,45.0915]}],"id":1675368,"interactionBox":{"center":[0,200,0],"size":[235.247,235.247,147.751]},"pointables":[{"bases":[[[0.561202,0.761626,0.324004],[-0.570926,0.0727992,0.817767],[0.599245,-0.643915,0.475687]],[[0.352514,0.921307,0.164092],[-0.700554,0.143549,0.699012],[0.62045,-0.361367,0.696028]],[[0.352514,0.921307,0.164092],[-0.935713,0.344538,0.0757301],[0.0132346,-0.180239,0.983534]],[[0.352514,0.921307,0.164092],[-0.85958,0.388102,-0.332413],[-0.369939,-0.0238702,0.928749]]],"btipPosition":[-42.59,275.282,-38.8415],"carpPosition":[-20.2752,251.028,49.3939],"dipPosition":[-51.0768,274.734,-17.535],"direction":[-0.0132346,0.180239,-0.983534],"extended":false,"handId":466,"id":4660,"length":51.0864,"mcpPosition":[-20.2752,251.028,49.3939],"pipPosition":[-50.6345,268.71,15.3365],"stabilizedTipPosition":[-50.6506,260.81,33.0057],"timeVisible":0.650744,"tipPosition":[-44.6101,274.711,-34.5526],"tipVelocity":[-25.1381,26.1699,-128.116],"tool":false,"touchDistance":-0.244388,"touchZone":"touching","type":0,"width":19.8498},{"bases":[[[0.898598,0.0848614,-0.430489],[0.190067,0.809007,0.556222],[0.39547,-0.581641,0.710842]],[[0.960714,-0.0365511,-0.275124],[0.138607,0.922006,0.361515],[0.240452,-0.385446,0.89085]],[[0.960714,-0.0365511,-0.275124],[0.110158,0.960082,0.257114],[0.254744,-0.27732,0.92639]],[[0.960714,-0.0365511,-0.275124],[0.0880822,0.980197,0.177355],[0.263193,-0.194621,0.944909]]],"btipPosition":[-59.3221,339.793,-74.3007],"carpPosition":[-10.2328,271.785,52.2528],"dipPosition":[-54.9142,336.534,-58.4755],"direction":[-0.254743,0.27732,-0.92639],"extended":true,"handId":466,"id":4661,"length":57.6453,"mcpPosition":[-38.7524,313.731,0.9899],"pipPosition":[-48.8786,329.963,-36.5268],"stabilizedTipPosition":[-53.4078,341.949,-37.9122],"timeVisible":0.650744,"tipPosition":[-58.7284,337.761,-70.9122],"tipVelocity":[-41.6961,27.119,-121.125],"tool":false,"touchDistance":-0.394354,"touchZone":"touching","type":1,"width":18.9605},{"bases":[[[0.898109,-0.133668,-0.418966],[0.347886,0.798741,0.490906],[0.269027,-0.58664,0.763858]],[[0.892966,-0.122766,-0.43306],[-0.12984,0.850942,-0.508959],[0.430992,0.510712,0.743922]],[[0.892966,-0.122766,-0.43306],[-0.449912,-0.213867,-0.867087],[0.0138317,0.969118,-0.246209]],[[0.892966,-0.122766,-0.43306],[-0.375109,-0.734755,-0.56518],[-0.248808,0.667131,-0.702162]]],"btipPosition":[-33.9789,251.172,-19.9607],"carpPosition":[0.585322,274.484,47.6303],"dipPosition":[-38.5621,263.461,-32.895],"direction":[-0.0138317,-0.969118,0.246209],"extended":false,"handId":466,"id":4662,"length":65.6822,"mcpPosition":[-17.8132,314.604,-4.60925],"pipPosition":[-38.1766,290.474,-39.7579],"stabilizedTipPosition":[-41.2814,246.032,24.3247],"timeVisible":0.650744,"tipPosition":[-35.6649,254.341,-24.2924],"tipVelocity":[-9.62132,15.3505,-138.392],"tool":false,"touchDistance":0.333333,"touchZone":"none","type":2,"width":18.6218},{"bases":[[[0.899112,-0.27837,-0.337798],[0.419561,0.768042,0.483818],[0.124762,-0.576734,0.807349]],[[0.90158,-0.29067,-0.320412],[0.0535892,0.80998,-0.584004],[0.42928,0.509356,0.745839]],[[0.90158,-0.29067,-0.320412],[-0.392036,-0.235779,-0.889222],[0.182924,0.927318,-0.326527]],[[0.90158,-0.29067,-0.320412],[-0.425899,-0.726341,-0.539481],[-0.0759175,0.622848,-0.77865]]],"btipPosition":[-18.6002,250.576,-16.6818],"carpPosition":[11.4382,274.059,42.4288],"dipPosition":[-19.9906,261.983,-30.9426],"direction":[-0.182924,-0.927318,0.326527],"extended":false,"handId":466,"id":4663,"length":63.1552,"mcpPosition":[3.77755,309.472,-7.1441],"pipPosition":[-15.0234,287.164,-39.8093],"stabilizedTipPosition":[-21.5551,245.22,20.5395],"timeVisible":0.650744,"tipPosition":[-19.132,253.03,-20.342],"tipVelocity":[-14.1969,28.4056,-145.611],"tool":false,"touchDistance":0.333333,"touchZone":"none","type":3,"width":17.7198},{"bases":[[[0.825743,-0.4663,-0.317352],[0.563661,0.661405,0.494803],[-0.0208285,-0.587459,0.808986]],[[0.825458,-0.47286,-0.308259],[0.197448,0.753492,-0.627108],[0.528804,0.456786,0.715341]],[[0.825458,-0.47286,-0.308259],[-0.450919,-0.223894,-0.864028],[0.339546,0.852218,-0.398036]],[[0.825458,-0.47286,-0.308259],[-0.56397,-0.668045,-0.485442],[0.0236149,0.57456,-0.818122]]],"btipPosition":[-2.91914,258.352,-13.8571],"carpPosition":[21.1344,266.84,35.4646],"dipPosition":[-2.52014,268.06,-27.6802],"direction":[-0.339546,-0.852218,0.398036],"extended":false,"handId":466,"id":4664,"length":49.5125,"mcpPosition":[22.3183,300.231,-10.5175],"pipPosition":[3.98973,284.399,-35.3115],"stabilizedTipPosition":[-2.98397,258.727,10.3631],"timeVisible":0.650744,"tipPosition":[-3.2346,260.419,-18.0012],"tipVelocity":[-17.4529,34.5977,-130.495],"tool":false,"touchDist