{"sensorType":"Leap","data":[[0,{"currentFrameRate":110.326,"devices":[],"gestures":[],"hands":[{"armBasis":[[0.913882,0.404627,-0.0331151],[-0.374993,0.872572,0.313048],[0.155563,-0.273671,0.94916]],"armWidth":62.4607,"confidence":0.653487,"direction":[-0.149499,0.674338,-0.723131],"elbow":[94.0215,156.872,300.597],"grabStrength":0,"id":466,"palmNormal":[0.343997,-0.65019,-0.677436],"palmPosition":[39.4664,259.628,7.23574],"palmVelocity":[-18.5261,26.615,31.0032],"palmWidth":89.1918,"pinchStrength":0.404355,"r":[[0.481302,0.666126,0.569758],[-0.739287,0.657715,-0.144448],[-0.470959,-0.351692,0.809018]],"s":1.24145,"sphereCenter":[38.268,242.506,-34.3115],"sphereRadius":46.7661,"stabilizedPalmPosition":[39.7455,259.258,6.71554],"t":[41.6431,19.617,-95.0583],"timeVisible":3.58818,"type":"right","wrist":[52.8497,229.303,49.3888]}],"id":1675585,"interactionBox":{"center":[0,200,0],"size":[235.247,235.247,147.751]},"pointables":[{"bases":[[[0.0361673,0.853984,0.519041],[-0.841534,-0.254099,0.476711],[0.538991,-0.454032,0.709467]],[[-0.0277492,0.901634,0.431608],[-0.839498,-0.255414,0.479589],[0.542653,-0.349026,0.764008]],[[-0.0277492,0.901634,0.431608],[-0.987298,0.0428509,-0.152992],[-0.156438,-0.430371,0.888993]],[[-0.0277492,0.901634,0.431608],[-0.758295,0.262345,-0.596794],[-0.65132,-0.343847,0.676425]]],"btipPosition":[24.7062,249.726,-41.7367],"carpPosition":[31.0884,210.376,40.8766],"dipPosition":[9.76418,241.838,-26.2188],"direction":[0.156438,0.430371,-0.888993],"extended":false,"handId":466,"id":4660,"length":51.0864,"mcpPosition":[31.0884,210.376,40.8766],"pipPosition":[4.53575,227.454,3.49291],"stabilizedTipPosition":[21.4358,247.657,-38.3003],"timeVisible":3.58818,"tipPosition":[21.5517,247.731,-38.29],"tipVelocity":[-34.2487,56.338,30.6273],"tool":false,"touchDistance":-0.0971898,"touchZone":"touching","type":0,"width":19.8498},{"bases":[[[0.888732,0.458284,0.0114392],[-0.385141,0.73289,0.560838],[0.24864,-0.50284,0.827847]],[[0.892245,0.450942,0.0234464],[-0.384089,0.730615,0.564515],[0.237433,-0.512691,0.82509]],[[0.892245,0.450942,0.0234464],[-0.439727,0.855904,0.272155],[0.102658,-0.253139,0.961968]],[[0.892245,0.450942,0.0234464],[-0.451339,0.892215,0.0156905],[-0.0138437,-0.024582,0.999602]]],"btipPosition":[0.125356,296.941,-86.6393],"carpPosition":[30.2557,232.678,47.3415],"dipPosition":[-0.106497,296.53,-69.898],"direction":[-0.102658,0.253139,-0.961968],"extended":true,"handId":466,"id":4661,"length":57.6453,"mcpPosition":[12.3249,268.941,-12.3591],"pipPosition":[2.32576,290.532,-47.1064],"stabilizedTipPosition":[0.22508,296.432,-83.2219],"timeVisible":3.58818,"tipPosition":[-0.00692924,297.862,-82.3623],"tipVelocity":[-19.3454,41.7389,39.2716],"tool":false,"touchDistance":-0.0426156,"touchZone":"touching","type":1,"width":18.9605},{"bases":[[[0.966701,0.254436,0.0274012],[-0.223794,0.788599,0.572737],[0.124116,-0.559798,0.819281]],[[0.965675,0.258917,0.0208295],[-0.171485,0.695699,-0.697564],[-0.195102,0.670048,0.71622]],[[0.965675,0.258917,0.0208295],[0.14392,-0.466568,-0.872698],[-0.216238,0.84574,-0.487816]],[[0.965675,0.258917,0.0208295],[0.238534,-0.852188,-0.465701],[-0.102827,0.454685,-0.884697]]],"btipPosition":[48.7326,214.339,-12.0396],"carpPosition":[40.081,239.664,47.9359],"dipPosition":[46.8385,222.715,-28.3363],"direction":[0.216238,-0.84574,0.487816],"extended":false,"handId":466,"id":4662,"length":65.6822,"mcpPosition":[31.5928,277.948,-8.09402],"pipPosition":[40.8109,246.29,-41.9338],"stabilizedTipPosition":[49.2199,214.696,-15.8556],"timeVisible":3.58818,"tipPosition":[48.3405,216.194,-16.0156],"tipVelocity":[-24.4266,43.4799,-1.2701],"tool":false,"touchDistance":0.333333,"touchZone":"none","type":2,"width":18.6218},{"bases":[[[0.988531,0.109107,0.104413],[-0.150085,0.786516,0.599056],[-0.0167611,-0.607856,0.79387]],[[0.988323,0.135473,0.0697443],[-0.0460563,0.701916,-0.710769],[-0.145244,0.699257,0.69996]],[[0.988323,0.135473,0.0697443],[0.13084,-0.519961,-0.84411],[-0.0780896,0.843379,-0.531615]],[[0.988323,0.135473,0.0697443],[0.152288,-0.893381,-0.422705],[0.00504323,0.42839,-0.90358]]],"btipPosition":[60.7863,219.81,-0.305602],"carpPosition":[51.3678,243.859,48.1109],"dipPosition":[60.8787,227.656,-16.8544],"direction":[0.0780896,-0.843379,0.531615],"extended":false,"handId":466,"id":4663,"length":63.1552,"mcpPosition":[52.397,281.182,-0.634335],"pipPosition":[58.7582,250.557,-31.2902],"stabilizedTipPosition":[61.784,220.04,-4.67418],"timeVisible":3.58818,"tipPosition":[60.8971,221.376,-4.70281],"tipVelocity":[-22.3629,36.8111,13.6214],"tool":false,"touchDistance":0.333333,"touchZone":"none","type":3,"width":17.7198},{"bases":[[[0.991066,-0.0934441,0.0951666],[0.00460784,0.737098,0.675771],[-0.133294,-0.669295,0.730943]],[[0.999728,-0.0188503,0.0137442],[0.023259,0.759841,-0.649693],[0.00180352,0.649836,0.760072]],[[0.999728,-0.0188503,0.0137442],[0.00295731,-0.481994,-0.87617],[0.0231406,0.875972,-0.481807]],[[0.999728,-0.0188503,0.0137442],[-0.0101699,-0.882373,-0.47044],[0.0209954,0.470172,-0.882325]]],"btipPosition":[71.7447,232.406,2.63045],"carpPosition":[65.0293,241.626,46.3759],"dipPosition":[72.0994,240.35,-12.2774],"direction":[-0.0231406,-0.875972,0.481807],"extended":false,"handId":466,"id":4664,"length":49.5125,"mcpPosition":[72.6056,279.668,4.82963],"pipPosition":[72.5431,257.145,-21.5148],"stabilizedTipPosition":[72.9808,232.27,-1.98851],"timeVisible":3.58818,"tipPosition":[71.8201,234.047,-1.52573],"tipVelocity":[-20.2482,34.8518,23.7749],"tool":false,"touchDistance":0.333333,"touchZone":"none","type":4,"width":15.7401}],"r":[[0.481302,0.666126,0.569758],[-0.739287,0.657715,-0.144448],[-0.470959,-0.351692,0.809018]],"s":1.24145,"t":[41.6431,19.617,-95.0583],"timestamp":93329854769},false],[1,{"currentFrameRate":110.151,"devices":[],"gestures":[],"hands":[{"armBasis":[[0.914075,0.404072,-0.0345402],[-0.374328,0.873416,0.311484],[0.15603,-0.271791,0.949623]],"armWidth":62.4607,"confidence":0.662105,"direction":[-0.149391,0.675647,-0.72193],"elbow":[94.0818,157.319,300.809],"grabStrength":0,"id":466,"palmNormal":[0.343347,-0.649245,-0.678671],"palmPosition":[39.404,259.657,7.38149],"palmVelocity":[-15.1441,19.9103,26.5978],"palmWidth":89.1918,"pinchStrength":0.402429,"r":[[0.482328,0.663925,0.571457],[-0.738966,0.6587,-0.141573],[-0.470413,-0.354002,0.808328]],"s":1.24114,"sphereCenter":[38.1538,242.576,-34.2092],"sphereRadius":46.7729,"stabilizedPalmPosition":[39.6632,259.354,6.87596],"t":[41.5486,19.7121,-94.8679],"timeVisible":3.59757,"type":"right","wrist":[52.7862,229.252,49.4778]}],"id":1675586,"interactionBox":{"center":[0,200,0],"size":[235.247,235.247,147.751]},"pointables":[{"bases":[[[0.0368737,0.853084,0.520469],[-0.841494,-0.254412,0.476616],[0.539007,-0.455546,0.708484]],[[-0.0263695,0.900475,0.434107],[-0.839115,-0.25596,0.47997],[0.543315,-0.351609,0.762352]],[[-0.0263695,0.900475,0.434107],[-0.987569,0.0438503,-0.150949],[-0.154961,-0.432691,0.888125]],[[-0.0263695,0.900475,0.434107],[-0.759466,0.264325,-0.594427],[-0.650012,-0.345364,0.676911]]],"btipPosition":[24.5165,249.942,-41.572],"carpPosition":[31.0105,210.353,40.9424],"dipPosition":[9.60457,242.019,-26.043],"direction":[0.154961,0.432691,-0.888125],"extended":false,"handId":466,"id":4660,"length":51.0864,"mcpPosition":[31.0105,210.353,40.9424],"pipPosition":[4.42549,227.557,3.63972],"stabilizedTipPosition":[21.2128,247.952,-38.1087],"timeVisible":3.59757,"tipPosition":[21.3884,247.915,-38.1278],"tipVelocity":[-30.0408,46.5937,26.9801],"tool":false,"touchDistance":-0.0944026,"touchZone":"touching","type":0,"width":19.8498},{"bases":[[[0.889005,0.457744,0.0118604],[-0.384489,0.732166,0.562229],[0.248673,-0.504385,0.826896]],[[0.892359,0.450725,0.0232951],[-0.383669,0.730394,0.565087],[0.237684,-0.513198,0.824703]],[[0.892359,0.450725,0.0232951],[-0.43944,0.855932,0.27253],[0.102897,-0.253431,0.961865]],[[0.892359,0.450725,0.0232951],[-0.451121,0.892321,0.01592],[-0.0136111,-0.0247153,0.999602]]],"btipPosition":[0.0405899,297.05,-86.4483],"carpPosition":[30.1934,232.645,47.4453],"dipPosition":[-0.187368,296.636,-69.707],"direction":[-0.102897,0.253431,-0.961865],"extended":true,"handId":466,"id":4661,"length":57.6453,"mcpPosition":[12.2602,269.019,-12.1868],"pipPosition":[2.25054,290.631,-46.9178],"stabilizedTipPosition":[0.140141,296.619,-82.9982],"timeVisible":3.59757,"tipPosition":[-0.0832753,297.956,-82.177],"tipVelocity":[-16.3822,33.1235,33.886],"tool":false,"touchDistance":-0.0394316,"touchZone":"touching","type":1,"width":18.9605},{"bases":[[[0.966861,0.253823,0.0274468],[-0.223104,0.787761,0.574158],[0.124113,-0.561255,0.818284]],[[0.965837,0.258308,0.0208947],[-0.17144,0.697323,-0.695952],[-0.194341,0.668594,0.717784]],[[0.965837,0.258308,0.0208947],[0.143261,-0.464995,-0.873645],[-0.215954,0.846792,-0.486114]],[[0.965837,0.258308,0.0208947],[0.237858,-0.851581,-0.467154],[-0.102876,0.456165,-0.883929]]],"btipPosition":[48.6319,214.411,-11.9952],"carpPosition":[40.0231,239.623,48.0476],"dipPosition":[46.7368,222.814,-28.2777],"direction":[0.215954,-0.846792,0.486114],"extended":false,"handId":466,"id":4662,"length":65.6822,"mcpPosition":[31.5351,278.007,-7.91416],"pipPosition":[40.7173,246.417,-41.8279],"stabilizedTipPosition":[49.0087,215.036,-15.8318],"timeVisible":3.59757,"tipPosition":[48.2398,216.268,-15.9533],"tipVelocity":[-20.5342,33.4576,0.535121],"tool":false,"touchDistance":0.333333,"touchZone":"none","type":2,"width":18.6218},{"bases":[[[0.988636,0.108352,0.104204],[-0.149386,0.785589,0.600444],[-0.0168023,-0.609188,0.792848]],[[0.988431,0.13476,0.0696015],[-0.0459904,0.703582,-0.709125],[-0.144532,0.69772,0.701639]],[[0.988431,0.13476,0.0696015],[0.130273,-0.519296,-0.844607],[-0.0776753,0.843902,-0.530844]],[[0.988431,0.13476,0.0696015],[0.151583,-0.893461,-0.422789],[0.00521123,0.428448,-0.903551]]],"btipPosition":[60.6879,219.896,-0.223574],"carpPosition":[51.3124,243.811,48.2252],"dipPosition":[60.7834,227.743,-16.7719],"direction":[0.0776753,-0.843902,0.530844],"extended":false,"handId":466,"id":4663,"length":63.1552,"mcpPosition":[52.3441,281.217,-0.457286],"pipPosition":[58.6741,250.659,-31.1867],"stabilizedTipPosition":[61.5993,220.326,-4.56337],"timeVisible":3.59757,"tipPosition":[60.7993,221.452,-4.60493],"tipVelocity":[-18.9596,28.9626,12.2349],"tool":false,"touchDistance":0.333333,"touchZone":"none","type":3,"width":17.7198},{"bases":[[[0.991049,-0.094185,0.0946142],[0.00530794,0.735951,0.677014],[-0.133396,-0.670451,0.729863]],[[0.999724,-0.0193971,0.0132477],[0.0233585,0.761504,-0.64774],[0.00247613,0.64787,0.761747]],[[0.999724,-0.0193971,0.0132477],[0.0022769,-0.481307,-0.876549],[0.0233787,0.876337,-0.48113]],[[0.999724,-0.0193971,0.0132477],[-0.0108925,-0.882509,-0.47017],[0.0208111,0.469896,-0.882477]]],"btipPosition":[71.6683,232.485,2.72845],"carpPosition":[64.9719,241.574,46.4809],"dipPosition":[72.02,240.425,-12.182],"direction":[-0.0233787,-0.876337,0.48113],"extended":false,"handId":466,"id":4664,"length":49.5125,"mcpPosition":[72.554,279.682,4.99608],"pipPosition":[72.4682,257.226,-21.4064],"stabilizedTipPosition":[72.8347,232.512,-1.83578],"timeVisible":3.59757,"tipPosition":[71.7416,234.112,-1.4066],"tipVelocity":[-16.8216,27.299,19.9615],"tool":false,"touchDistance":0.333333,"touchZone":"none","type":4,"width":15.7401}],"r":[[0.482328,0.663925,0.571457],[-0.738966,0.6587,-0.141573],[-0.470413,-0.354002,0.808328]],"s":1.24114,"t":[41.5486,19.7121,-94.8679],"timestamp":93329864158},false],[2,{"currentFrameRate":110.348,"devices":[],"gestures":[],"hands":[{"armBasis":[[0.913807,0.40468,-0.0345057],[-0.375093,0.873465,0.310425],[0.155762,-0.270726,0.949971]],"armWidth":62.4607,"confidence":0.664539,"direction":[-0.149553,0.677503,-0.720155],"elbow":[93.9029,157.651,300.973],"grabStrength":0,"id":466,"palmNormal":[0.344153,-0.647134,-0.680277],"palmPosition":[39.2932,259.812,7.53017],"palmVelocity":[-14.4966,19.3342,24.0513],"palmWidth":89.1918,"pinchStrength":0.401881,"r":[[0.482996,0.661919,0.573218],[-0.738791,0.659448,-0.138982],[-0.470002,-0.35636,0.807531]],"s":1.24086,"sphereCenter":[38.0457,242.805,-34.1344],"sphereRadius":46.7784,"stabilizedPalmPosition":[39.5896,259.445,7.00611],"t":[41.446,19.8369,-94.6983],"timeVisible":3.60628,"type":"right","wrist":[52.6782,229.302,49.5498]}],"id":1675587,"interactionBox":{"center":[0,200,0],"size":[235.247,235.247,147.751]},"pointables":[{"bases":[[[0.0359907,0.851688,0.522813],[-0.841529,-0.256339,0.47552],[0.539011,-0.457076,0.707494]],[[-0.0264669,0.898754,0.437653],[-0.838624,-0.258242,0.479604],[0.544067,-0.354333,0.760552]],[[-0.0264669,0.898754,0.437653],[-0.987778,0.0437602,-0.1496],[-0.153606,-0.436264,0.886611]],[[-0.0264669,0.898754,0.437653],[-0.760767,0.265901,-0.592055],[-0.648485,-0.348622,0.676705]]],"btipPosition":[24.3095,250.326,-41.4186],"carpPosition":[30.9206,210.41,40.9524],"dipPosition":[9.43257,242.328,-25.8943],"direction":[0.153606,0.436264,-0.886611],"extended":false,"handId":466,"id":4660,"length":51.0864,"mcpPosition":[30.9206,210.41,40.9524],"pipPosition":[4.2988,227.748,3.73781],"stabilizedTipPosition":[21.0151,248.277,-37.9501],"timeVisible":3.60628,"tipPosition":[21.2168,248.257,-37.9832],"tipVelocity":[-28.1161,45.4087,24.4429],"tool":false,"touchDistance":-0.091864,"touchZone":"touching","type":0,"width":19.8498},{"bases":[[[0.888657,0.458372,0.0135317],[-0.385301,0.730342,0.564042],[0.248658,-0.506454,0.825635]],[[0.891836,0.451703,0.0243386],[-0.38478,0.729215,0.565852],[0.237849,-0.514013,0.824147]],[[0.891836,0.451703,0.0243386],[-0.44057,0.855134,0.273212],[0.102598,-0.254383,0.961646]],[[0.891836,0.451703,0.0243386],[-0.452135,0.891796,0.016559],[-0.0142253,-0.0257722,0.999567]]],"btipPosition":[-0.0575576,297.312,-86.2577],"carpPosition":[30.0838,232.683,47.5158],"dipPosition":[-0.295801,296.88,-69.517],"direction":[-0.102598,0.254383,-0.961646],"extended":true,"handId":466,"id":4661,"length":57.6453,"mcpPosition":[12.1517,269.207,-12.0254],"pipPosition":[2.13503,290.853,-46.733],"stabilizedTipPosition":[0.0592115,296.81,-82.8088],"timeVisible":3.60628,"tipPosition":[-0.179352,298.207,-81.9882],"tipVelocity":[-15.0877,32.1957,30.6732],"tool":false,"touchDistance":-0.0362574,"touchZone":"touching","type":1,"width":18.9605},{"bases":[[[0.966658,0.254468,0.0285987],[-0.223964,0.786025,0.576199],[0.124145,-0.563393,0.816809]],[[0.96564,0.258941,0.0221007],[-0.171996,0.700518,-0.692598],[-0.194824,0.665,0.720985]],[[0.96564,0.258941,0.0221007],[0.143873,-0.461831,-0.875221],[-0.216424,0.848329,-0.483218]],[[0.96564,0.258941,0.0221007],[0.238763,-0.850373,-0.46889],[-0.102621,0.458056,-0.88298]]],"btipPosition":[48.5458,214.693,-12.0496],"carpPosition":[39.908,239.668,48.1418],"dipPosition":[46.6555,223.131,-28.3146],"direction":[0.216424,-0.848329,0.483218],"extended":false,"handId":466,"id":4662,"length":65.6822,"mcpPosition":[31.4178,278.197,-7.71908],"pipPosition":[40.6228,246.778,-41.784],"stabilizedTipPosition":[48.8398,215.337,-15.824],"timeVisible":3.60628,"tipPosition":[48.1595,216.538,-15.9611],"tipVelocity":[-17.6545,33.4312,-1.15164],"tool":false,"touchDistance":0.333333,"touchZone":"none","type":2,"width":18.6218},{"bases":[[[0.988506,0.108803,0.104969],[-0.150256,0.783836,0.602515],[-0.0167228,-0.611361,0.791175]],[[0.988299,0.135264,0.0704936],[-0.0463102,0.706435,-0.706261],[-0.145331,0.694732,0.704433]],[[0.988299,0.135264,0.0704936],[0.131027,-0.516265,-0.846347],[-0.0780868,0.84568,-0.527947]],[[0.988299,0.135264,0.0704936],[0.152436,-0.892193,-0.425153],[0.00538605,0.430924,-0.902372]]],"btipPosition":[60.6077,220.119,-0.232503],"carpPosition":[51.1941,243.864,48.3362],"dipPosition":[60.7063,228.012,-16.7592],"direction":[0.0780868,-0.84568,0.527947],"extended":false,"handId":466,"id":4663,"length":63.1552,"mcpPosition":[52.2209,281.402,-0.243595],"pipPosition":[58.5859,250.976,-31.0954],"stabilizedTipPosition":[61.4493,220.575,-4.48136],"timeVisible":3.60628,"tipPosition":[60.7179,221.684,-4.56579],"tipVelocity":[-16.333,28.3786,8.84529],"tool":false,"touchDistance":0.333333,"touchZone":"none","type":3,"width":17.7198},{"bases":[[[0.991074,-0.0937044,0.0948278],[0.00443836,0.734105,0.679022],[-0.133241,-0.67254,0.727968]],[[0.999732,-0.0186856,0.0136667],[0.0230936,0.763747,-0.645103],[0.0016162,0.645245,0.763974]],[[0.999732,-0.0186856,0.0136667],[0.00303037,-0.479643,-0.877458],[0.0229509,0.877265,-0.479458]],[[0.999732,-0.0186856,0.0136667],[-0.0100468,-0.882055,-0.471039],[0.0208564,0.470775,-0.882007]]],"btipPosition":[71.5809,232.73,2.83034],"carpPosition":[64.856,241.641,46.5923],"dipPosition":[71.9333,240.684,-12.0722],"direction":[-0.0229509,-0.877265,0.479458],"extended":false,"handId":466,"id":4664,"length":49.5125,"mcpPosition":[72.4294,279.868,5.21516],"pipPosition":[72.3733,257.503,-21.2645],"stabilizedTipPosition":[72.7136,232.724,-1.70788],"timeVisible":3.60628,"tipPosition":[71.6547,234.35,-1.28508],"tipVelocity":[-15.0029,27.5971,17.8092],"tool":false,"touchDistance":0.333333,"touchZone":"none","type":4,"width":15.7401}],"r":[[0.482996,0.661919,0.573218],[-0.738791,0.659448,-0.138982],[-0.470002,-0.35636,0.807531]],"s":1.24086,"t":[41.446,19.8369,-94.6983],"timestamp":93329872871},false],[3,{"currentFrameRate":110.369,"devices":[],"gestures":[],"hands":[{"armBasis":[[0.913304,0.405779,-0.0349253],[-0.376112,0.873205,0.309925],[0.156258,-0.26992,0.950119]],"armWidth":62.4607,"confidence":0.666736,"direction":[-0.14967,0.679083,-0.718641],"elbow":[93.9063,157.922,301.065],"grabStrength":0,"id":466,"palmNormal":[0.345254,-0.645181,-0.681572],"palmPosition":[39.1671,259.957,7.64612],"palmVelocity":[-14.3507,18.4556,20.9692],"palmWidth":89.1918,"pinchStrength":0.404924,"r":[[0.483323,0.660125,0.575007],[-0.738755,0.659966,-0.136699],[-0.469724,-0.358719,0.806648]],"s":1.2404,"sphereCenter":[37.9511,243.036,-34.0742],"sphereRadius":46.7646,"stabilizedPalmPosition":[39.511,259.54,7.12527],"t":[41.3316,19.9722,-94.5556],"timeVisible":3.61531,"type":"right","wrist":[52.5505,229.36,49.6023]}],"id":1675588,"interactionBox":{"center":[0,200,0],"size":[235.247,235.247,147.751]},"pointables":[{"bases":[[[0.0348101,0.850468,0.524874],[-0.841631,-0.258267,0.474294],[0.538929,-0.458261,0.70679]],[[-0.0278695,0.897838,0.439444],[-0.838827,-0.26011,0.478238],[0.543684,-0.355289,0.76038]],[[-0.0278695,0.897838,0.439444],[-0.987751,0.0427844,-0.150057],[-0.153528,-0.438243,0.885648]],[[-0.0278695,0.897838,0.439444],[-0.76082,0.266089,-0.591904],[-0.648365,-0.350834,0.675677]]],"btipPosition":[24.2192,250.548,-41.3628],"carpPosition":[30.8169,210.468,40.944],"dipPosition":[9.34503,242.499,-25.8621],"direction":[0.153528,0.438243,-0.885648],"extended":false,"handId":466,"id":4660,"length":51.0864,"mcpPosition":[30.8169,210.468,40.944],"pipPosition":[4.21386,227.852,3.73785],"stabilizedTipPosition":[20.8799,248.539,-37.8551],"timeVisible":3.61531,"tipPosition":[21.1216,248.484,-37.9196],"tipVelocity":[-23.1137,39.3171,19.2538],"tool":false,"touchDistance":-0.091024,"touchZone":"touching","type":0,"width":19.8498},{"bases":[[[0.888215,0.459174,0.0152733],[-0.386397,0.728628,0.565507],[0.248538,-0.508194,0.824602]],[[0.891243,0.452807,0.0255451],[-0.386046,0.727868,0.566725],[0.238024,-0.514951,0.823511]],[[0.891243,0.452807,0.0255451],[-0.441811,0.854121,0.274372],[0.102419,-0.255818,0.961284]],[[0.891243,0.452807,0.0255451],[-0.453291,0.891182,0.0179429],[-0.0146407,-0.0275708,0.999513]]],"btipPosition":[-0.174388,297.583,-86.1026],"carpPosition":[29.9544,232.725,47.56],"dipPosition":[-0.419589,297.121,-69.3629],"direction":[-0.102419,0.255818,-0.961284],"extended":true,"handId":466,"id":4661,"length":57.6453,"mcpPosition":[12.031,269.374,-11.9067],"pipPosition":[2.00699,291.06,-46.5874],"stabilizedTipPosition":[-0.0340193,297.024,-82.63],"timeVisible":3.61531,"tipPosition":[-0.287741,298.454,-81.8386],"tipVelocity":[-14.5477,31.3749,26.9549],"tool":false,"touchDistance":-0.0336767,"touchZone":"touching","type":1,"width":18.9605},{"bases":[[[0.966397,0.255307,0.0299091],[-0.225121,0.784433,0.577915],[0.124084,-0.565228,0.815549]],[[0.9654,0.259707,0.0235491],[-0.172506,0.703744,-0.689193],[-0.19556,0.661285,0.724195]],[[0.9654,0.259707,0.0235491],[0.144928,-0.459268,-0.876395],[-0.21679,0.849485,-0.481017]],[[0.9654,0.259707,0.0235491],[0.240035,-0.849709,-0.469445],[-0.101908,0.458855,-0.882648]]],"btipPosition":[48.4454,214.997,-12.1145],"carpPosition":[39.7715,239.717,48.2099],"dipPosition":[46.5682,223.449,-28.3734],"direction":[0.21679,-0.849485,0.481017],"extended":false,"handId":466,"id":4662,"length":65.6822,"mcpPosition":[31.2855,278.372,-7.56483],"pipPosition":[40.5253,247.128,-41.7815],"stabilizedTipPosition":[48.6843,215.639,-15.8297],"timeVisible":3.61531,"tipPosition":[48.0705,216.814,-15.9839],"tipVelocity":[-15.7666,33.5826,-2.77108],"tool":false,"touchDistance":0.333333,"touchZone":"none","type":2,"width":18.6218},{"bases":[[[0.988326,0.109481,0.105947],[-0.151431,0.782251,0.604278],[-0.0167197,-0.613268,0.789698]],[[0.988123,0.13594,0.0716435],[-0.0467343,0.710009,-0.70264],[-0.146385,0.690947,0.707929]],[[0.988123,0.13594,0.0716435],[0.131969,-0.511893,-0.848852],[-0.0787194,0.848225,-0.523754]],[[0.988123,0.13594,0.0716435],[0.153565,-0.890342,-0.428612],[0.0055216,0.434523,-0.900644]]],"btipPosition":[60.5278,220.326,-0.35414],"carpPosition":[51.0536,243.923,48.4225],"dipPosition":[60.6289,228.285,-16.8492],"direction":[0.0787194,-0.848225,0.523754],"extended":false,"handId":466,"id":4663,"length":63.1552,"mcpPosition":[52.0802,281.579,-0.066592],"pipPosition":[58.4913,251.318,-31.0715],"stabilizedTipPosition":[61.3084,220.823,-4.42905],"timeVisible":3.61531,"tipPosition":[60.6331,221.912,-4.59157],"tipVelocity":[-14.2573,27.3469,2.92374],"tool":false,"touchDistance":0.333333,"touchZone":"none","type":3,"width":17.7198},{"bases":[[[0.991093,-0.0929993,0.095323],[0.00325543,0.732482,0.680779],[-0.133134,-0.674404,0.72626]],[[0.999739,-0.0177927,0.0143633],[0.0228625,0.765774,-0.642703],[0.000436342,0.642863,0.765981]],[[0.999739,-0.0177927,0.0143633],[0.00410717,-0.478196,-0.878243],[0.0224948,0.878073,-0.477998]],[[0.999739,-0.0177927,0.0143633],[-0.00891488,-0.881707,-0.471714],[0.0210573,0.471463,-0.881635]]],"btipPosition":[71.4839,232.967,2.91448],"carpPosition":[64.7188,241.717,46.6832],"dipPosition":[71.8397,240.933,-11.9817],"direction":[-0.0224948,-0.878073,0.477998],"extended":false,"handId":466,"id":4664,"length":49.5125,"mcpPosition":[72.2861,280.05,5.40315],"pipPosition":[72.271,257.768,-21.146],"stabilizedTipPosition":[72.5974,232.934,-1.58677],"timeVisible":3.61531,"tipPosition":[71.5593,234.581,-1.18125],"tipVelocity":[-13.8092,27.3345,15.5188],"tool":false,"touchDistance":0.333333,"touchZone":"none","type":4,"width":15.7401}],"r":[[0.483323,0.660125,0.575007],[-0.738755,0.659966,-0.136699],[-0.469724,-0.358719,0.806648]],"s":1.2404,"t":[41.3316,19.9722,-94.5556],"timestamp":93329881894},false],[4,{"currentFrameRate":110.366,"devices":[],"gestures":[],"hands":[{"armBasis":[[0.912651,0.407119,-0.0363785],[-0.376994,0.872816,0.309949],[0.157938,-0.26916,0.950057]],"armWidth":62.4607,"confidence":0.667528,"direction":[-0.149039,0.680848,-0.7171],"elbow":[94.0622,158.273,301.152],"grabStrength":0,"id":466,"palmNormal":[0.346554,-0.643239,-0.682747],"palmPosition":[38.9202,260.208,7.80992],"palmVelocity":[-17.911,20.9829,20.1679],"palmWidth":89.1918,"pinchStrength":0.407777,"r":[[0.483353,0.658443,0.576908],[-0.738758,0.660365,-0.134738],[-0.469687,-0.36107,0.80562]],"s":1.23994,"sphereCenter":[37.737,243.372,-33.9696],"sphereRadius":46.7628,"stabilizedPalmPosition":[39.4051,259.66,7.24795],"t":[41.151,20.1649,-94.4023],"timeVisible":3.62437,"type":"right","wrist":[52.2618,229.51,49.7059]}],"id":1675589,"interactionBox":{"center":[0,200,0],"size":[235.247,235.247,147.751]},"pointables":[{"bases":[[[0.0336163,0.849134,0.527107],[-0.84215,-0.259941,0.472455],[0.538194,-0.459785,0.70636]],[[-0.0289822,0.896697,0.441694],[-0.83928,-0.261839,0.476496],[0.542926,-0.356896,0.760169]],[[-0.0289822,0.896697,0.441694],[-0.987642,0.0424003,-0.150883],[-0.154024,-0.440609,0.884387]],[[-0.0289822,0.896697,0.441694],[-0.760249,0.26712,-0.592173],[-0.648985,-0.35296,0.673971]]],"btipPosition":[24.0208,250.914,-41.2465],"carpPosition":[30.5506,210.628,40.9688],"dipPosition":[9.13243,242.817,-25.7848],"direction":[0.154024,0.440609,-0.884387],"extended":false,"handId":466,"id":4660,"length":51.0864,"mcpPosition":[30.5506,210.628,40.9688],"pipPosition":[3.98466,228.091,3.77292],"stabilizedTipPosition":[20.7005,248.864,-37.7508],"timeVisible":3.62437,"tipPosition":[20.9224,248.846,-37.8088],"tipVelocity":[-22.8736,39.2888,17.206],"tool":false,"touchDistance":-0.089235,"touchZone":"touching","type":0,"width":19.8498},{"bases":[[[0.887943,0.459613,0.0176914],[-0.387581,0.726962,0.56684],[0.247666,-0.510178,0.823638]],[[0.890801,0.453566,0.027402],[-0.387419,0.726611,0.5674],[0.237442,-0.516056,0.822987]],[[0.890801,0.453566,0.027402],[-0.442911,0.853241,0.275335],[0.101502,-0.257405,0.960958]],[[0.890801,0.453566,0.027402],[-0.454121,0.890734,0.0191535],[-0.0157205,-0.0295058,0.999441]]],"btipPosition":[-0.334897,297.985,-85.9214],"carpPosition":[29.6668,232.867,47.6408],"dipPosition":[-0.598183,297.491,-69.1828],"direction":[-0.101502,0.257405,-0.960958],"extended":true,"handId":466,"id":4661,"length":57.6453,"mcpPosition":[11.8062,269.659,-11.7564],"pipPosition":[1.80667,291.392,-46.4151],"stabilizedTipPosition":[-0.15222,297.301,-82.4473],"timeVisible":3.62437,"tipPosition":[-0.442524,298.834,-81.6617],"tipVelocity":[-15.5471,34.7424,25.0248],"tool":false,"touchDistance":-0.0306599,"touchZone":"touching","type":1,"width":18.9605},{"bases":[[[0.966216,0.255752,0.031912],[-0.226352,0.782822,0.579616],[0.123256,-0.567257,0.814265]],[[0.965268,0.259983,0.0258274],[-0.172193,0.707419,-0.685498],[-0.196489,0.657242,0.727616]],[[0.965268,0.259983,0.0258274],[0.14622,-0.45566,-0.878063],[-0.216513,0.851342,-0.477848]],[[0.965268,0.259983,0.0258274],[0.24113,-0.848466,-0.471127],[-0.100571,0.460992,-0.881687]]],"btipPosition":[48.2212,215.382,-12.1819],"carpPosition":[39.4791,239.863,48.3223],"dipPosition":[46.3686,223.873,-28.4232],"direction":[0.216513,-0.851342,0.477848],"extended":false,"handId":466,"id":4662,"length":65.6822,"mcpPosition":[31.0497,278.657,-7.36461],"pipPosition":[40.3334,247.604,-41.7429],"stabilizedTipPosition":[48.5215,215.949,-15.8458],"timeVisible":3.62437,"tipPosition":[47.8594,217.188,-15.9908],"tipVelocity":[-18.0725,36.3118,-3.93677],"tool":false,"touchDistance":0.333333,"touchZone":"none","type":2,"width":18.6218},{"bases":[[[0.988118,0.109743,0.107605],[-0.152698,0.780612,0.606076],[-0.0174849,-0.615306,0.788095]],[[0.98795,0.136259,0.0734105],[-0.0461034,0.711847,-0.70082],[-0.14775,0.68899,0.709551]],[[0.98795,0.136259,0.0734105],[0.133455,-0.509716,-0.849929],[-0.0783917,0.849484,-0.521758]],[[0.98795,0.136259,0.0734105],[0.154634,-0.889241,-0.430511],[0.00661874,0.436675,-0.899595]]],"btipPosition":[60.3106,220.615,-0.261142],"carpPosition":[50.7586,244.075,48.5614],"dipPosition":[60.4318,228.613,-16.737],"direction":[0.0783917,-0.849484,0.521758],"extended":false,"handId":466,"id":4663,"length":63.1552,"mcpPosition":[51.8322,281.856,0.170818],"pipPosition":[58.3032,251.68,-30.9051],"stabilizedTipPosition":[61.1595,221.074,-4.37094],"timeVisible":3.62437,"tipPosition":[60.4213,222.212,-4.4897],"tipVelocity":[-16.7962,28.8784,5.08478],"tool":false,"touchDistance":0.333333,"touchZone":"none","type":3,"width":17.7198},{"bases":[[[0.99101,-0.092708,0.0964645],[0.00190888,0.73073,0.682664],[-0.133778,-0.676342,0.724338]],[[0.999727,-0.0172977,0.0157201],[0.0233524,0.767869,-0.640181],[-0.000997371,0.640373,0.768063]],[[0.999727,-0.0172977,0.0157201],[0.00558852,-0.476157,-0.879343],[0.0226958,0.87919,-0.47593]],[[0.999727,-0.0172977,0.0157201],[-0.00780105,-0.880917,-0.473207],[0.0220335,0.472955,-0.880811]]],"btipPosition":[71.2585,233.281,3.05035],"carpPosition":[64.4275,241.881,46.8356],"dipPosition":[71.6308,241.272,-11.832],"direction":[-0.0226958,-0.87919,0.47593],"extended":false,"handId":466,"id":4664,"length":49.5125,"mcpPosition":[72.0313,280.324,5.66476],"pipPosition":[72.0659,258.128,-20.9566],"stabilizedTipPosition":[72.4747,233.148,-1.46794],"timeVisible":3.62437,"tipPosition":[71.3387,234.896,-1.02358],"tipVelocity":[-16.7486,29.5141,15.4696],"tool":false,"touchDistance":0.333333,"touchZone":"none","type":4,"width":15.7401}],"r":[[0.483353,0.658443,0.576908],[-0.738758,0.660365,-0.134738],[-0.469687,-0.36107,0.80562]],"s":1.23994,"t":[41.151,20.1649,-94.4023],"timestamp":93329890959},false],[5,{"currentFrameRate":110.26,"devices":[],"gestures":[],"hands":[{"armBasis":[[0.910822,0.41153,-0.0323329],[-0.38128,0.868712,0.316172],[0.158202,-0.275649,0.948151]],"armWidth":62.4607,"confidence":0.656552,"direction":[-0.149148,0.684167,-0.713912],"elbow":[93.6668,157.204,300.627],"grabStrength":0,"id":466,"palmNormal":[0.351196,-0.638264,-0.685041],"palmPosition":[38.4818,261.034,7.91104],"palmVelocity":[-26.1913,40.1719,17.5679],"palmWidth":89.1918,"pinchStrength":0.412997,"r":[[0.482507,0.656821,0.579459],[-0.739156,0.660283,-0.132951],[-0.469932,-0.36416,0.804084]],"s":1.23928,"sphereCenter":[37.4716,244.36,-33.9996],"sphereRadius":46.7558,"stabilizedPalmPosition":[39.2223,259.932,7.37922],"t":[40.8415,20.6743,-94.2751],"timeVisible":3.63363,"type":"right","wrist":[51.7963,230.158,49.6854]}],"id":1675590,"interactionBox":{"center":[0,200,0],"size":[235.247,235.247,147.751]},"pointables":[{"bases":[[[0.028732,0.846388,0.531792],[-0.842761,-0.265574,0.468215],[0.537521,-0.461626,0.705672]],[[-0.0337183,0.894158,0.44648],[-0.839816,-0.267537,0.472369],[0.541823,-0.359034,0.759949]],[[-0.0337183,0.894158,0.44648],[-0.98736,0.0394212,-0.153514],[-0.154866,-0.446013,0.881527]],[[-0.0337183,0.894158,0.44648],[-0.759417,0.2675,-0.593068],[-0.64973,-0.359062,0.670019]]],"btipPosition":[23.7534,251.957,-41.2447],"carpPosition":[30.184,211.245,40.7736],"dipPosition":[8.84794,243.719,-25.8737],"direction":[0.154866,0.446013,-0.881527],"extended":false,"handId":466,"id":4660,"length":51.0864,"mcpPosition":[30.184,211.245,40.7736],"pipPosition":[3.67203,228.813,3.58846],"stabilizedTipPosition":[20.4525,249.655,-37.7234],"timeVisible":3.63363,"tipPosition":[20.6548,249.861,-37.8252],"tipVelocity":[-24.6829,58.9211,11.7886],"tool":false,"touchDistance":-0.0895524,"touchZone":"touching","type":0,"width":19.8498},{"bases":[[[0.886182,0.462759,0.0231536],[-0.392143,0.722462,0.56945],[0.24679,-0.513716,0.8217]],[[0.888702,0.457388,0.0317024],[-0.392613,0.723488,0.567821],[0.236778,-0.51707,0.822541]],[[0.888702,0.457388,0.0317024],[-0.447619,0.850597,0.275902],[0.0992282,-0.259385,0.960663]],[[0.888702,0.457388,0.0317024],[-0.458091,0.88868,0.0200121],[-0.01902,-0.0323074,0.999297]]],"btipPosition":[-0.605318,298.954,-85.8318],"carpPosition":[29.1961,233.445,47.5625],"dipPosition":[-0.923864,298.413,-69.0956],"direction":[-0.0992282,0.259385,-0.960663],"extended":true,"handId":466,"id":4661,"length":57.6453,"mcpPosition":[11.3986,270.492,-11.6949],"pipPosition":[1.42712,292.267,-46.3349],"stabilizedTipPosition":[-0.34583,297.863,-82.2763],"timeVisible":3.63363,"tipPosition":[-0.723595,299.802,-81.5625],"tipVelocity":[-19.7754,54.0744,20.6922],"tool":false,"touchDistance":-0.0291757,"touchZone":"touching","type":1,"width":18.9605},{"bases":[[[0.965156,0.259111,0.0365366],[-0.231165,0.778842,0.583068],[0.122623,-0.571198,0.811601]],[[0.964275,0.2631,0.0308597],[-0.173132,0.714098,-0.678299],[-0.200497,0.648724,0.734138]],[[0.964275,0.2631,0.0308597],[0.150279,-0.447373,-0.881631],[-0.218151,0.854772,-0.470929]],[[0.964275,0.2631,0.0308597],[0.24569,-0.844689,-0.475539],[-0.0990474,0.466132,-0.879153]]],"btipPosition":[47.9726,216.472,-12.555],"carpPosition":[38.9803,240.472,48.3147],"dipPosition":[46.1481,225.059,-28.7496],"direction":[0.218151,-0.854772,0.470929],"extended":false,"handId":466,"id":4662,"length":65.6822,"mcpPosition":[30.5942,279.536,-7.19005],"pipPosition":[40.0673,248.885,-41.8764],"stabilizedTipPosition":[48.3471,216.399,-15.9239],"timeVisible":3.63363,"tipPosition":[47.6278,218.269,-16.2496],"tipVelocity":[-20.3439,59.901,-13.8369],"tool":false,"touchDistance":0.333333,"touchZone":"none","type":2,"width":18.6218},{"bases":[[[0.987343,0.112776,0.111513],[-0.157591,0.776758,0.609763],[-0.0178522,-0.619619,0.7847]],[[0.987192,0.139448,0.0774985],[-0.0463474,0.715506,-0.697068],[-0.152655,0.684548,0.712805]],[[0.987192,0.139448,0.0774985],[0.138189,-0.50469,-0.852169],[-0.0797201,0.851964,-0.517496]],[[0.987192,0.139448,0.0774985],[0.159331,-0.886405,-0.434627],[0.00808735,0.441408,-0.89727]]],"btipPosition":[60.0419,221.57,-0.300497],"carpPosition":[50.2434,244.724,48.6144],"dipPosition":[60.19,229.654,-16.7338],"direction":[0.0797201,-0.851964,0.517496],"extended":false,"handId":466,"id":4663,"length":63.1552,"mcpPosition":[51.3395,282.77,0.432285],"pipPosition":[58.0253,252.789,-30.7861],"stabilizedTipPosition":[60.992,221.438,-4.326],"timeVisible":3.63363,"tipPosition":[60.1612,223.19,-4.51583],"tipVelocity":[-20.047,50.3602,2.75688],"tool":false,"touchDistance":0.333333,"touchZone":"none","type":3,"width":17.7198},{"bases":[[[0.991016,-0.0895997,0.0992905],[-0.00305874,0.727029,0.6866],[-0.133706,-0.680735,0.720224]],[[0.999725,-0.0137296,0.0189918],[0.0226729,0.771628,-0.63567],[-0.00592708,0.635926,0.771728]],[[0.999725,-0.0137296,0.0189918],[0.0102807,-0.471316,-0.881904],[0.0210593,0.881857,-0.471046]],[[0.999725,-0.0137296,0.0189918],[-0.00298733,-0.87846,-0.477807],[0.0232436,0.477619,-0.878259]]],"btipPosition":[70.9346,234.263,3.10751],"carpPosition":[63.9259,242.59,46.9227],"dipPosition":[71.3274,242.333,-11.7317],"direction":[-0.0210593,-0.881857,0.471046],"extended":false,"handId":466,"id":4664,"length":49.5125,"mcpPosition":[71.5257,281.282,5.98568],"pipPosition":[71.7311,259.241,-20.7627],"stabilizedTipPosition":[72.3272,233.45,-1.34966],"timeVisible":3.63363,"tipPosition":[71.0226,235.9,-0.943537],"tipVelocity":[-21.7336,51.6116,13.1567],"tool":false,"touchDistance":0.333333,"touchZone":"none","type":4,"width":15.7401}],"r":[[0.482507,0.656821,0.579459],[-0.739156,0.660283,-0.132951],[-0.469932,-0.36416,0.804084]],"s":1.23928,"t":[40.8415,20.6743,-94.2751],"timestamp":93329900217},false],[6,{"currentFrameRate":110.409,"devices":[],"gestures":[],"hands":[{"armBasis":[[0.908672,0.416484,-0.0292723],[-0.38574,0.864284,0.322828],[0.159752,-0.282053,0.946005]],"armWidth":62.4607,"confidence":0.661608,"direction":[-0.150463,0.686488,-0.711403],"elbow":[93.7067,156.222,299.805],"grabStrength":0,"id":466,"palmNormal":[0.355439,-0.633914,-0.686889],"palmPosition":[38.0737,261.863,7.75598],"palmVelocity":[-31.6352,54.7462,8.09083],"palmWidth":89.1918,"pinchStrength":0.420123,"r":[[0.481012,0.655444,0.582255],[-0.739976,0.659692,-0.131307],[-0.470174,-0.367695,0.802332]],"s":1.23794,"sphereCenter":[37.2206,245.261,-34.3026],"sphereRadius":46.7222,"stabilizedPalmPosition":[38.9783,260.342,7.45926],"t":[40.4827,21.3436,-94.289],"timeVisible":3.64242,"type":"right","wrist":[51.426,230.871,49.4318]}],"id":1675591,"interactionBox":{"center":[0,200,0],"size":[235.247,235.247,147.751]},"pointables":[{"bases":[[[0.0239407,0.844285,0.53536],[-0.842667,-0.271094,0.46521],[0.537902,-0.462268,0.704961]],[[-0.0385007,0.892129,0.450136],[-0.83959,-0.273151,0.469549],[0.541854,-0.359852,0.75954]],[[-0.0385007,0.892129,0.450136],[-0.987272,0.0356017,-0.155002],[-0.154307,-0.450375,0.879404]],[[-0.0385007,0.892129,0.450136],[-0.759364,0.266688,-0.593501],[-0.649525,-0.364668,0.667184]]],"btipPosition":[23.4589,252.929,-41.4692],"carpPosition":[29.9144,211.903,40.393],"dipPosition":[8.55814,244.564,-26.1633],"direction":[0.154307,0.450375,-0.879404],"extended":false,"handId":466,"id":4660,"length":51.0864,"mcpPosition":[29.9144,211.903,40.393],"pipPosition":[3.40091,229.511,3.22794],"stabilizedTipPosition":[20.1775,250.538,-37.8708],"timeVisible":3.64242,"tipPosition":[20.3671,250.81,-38.0623],"tipVelocity":[-27.0206,71.9354,1.28217],"tool":false,"touchDistance":-0.0935442,"touchZone":"touching","type":0,"width":19.8498},{"bases":[[[0.88415,0.466418,0.0270684],[-0.396486,0.718417,0.571556],[0.247137,-0.516073,0.820117]],[[0.886141,0.462182,0.0337733],[-0.398036,0.721777,0.56622],[0.23732,-0.515194,0.823562]],[[0.886141,0.462182,0.0337733],[-0.45296,0.848455,0.273773],[0.097878,-0.2579,0.961201]],[[0.886141,0.462182,0.0337733],[-0.46291,0.886223,0.0179644],[-0.0216278,-0.031553,0.999268]]],"btipPosition":[-0.956734,299.623,-86.0636],"carpPosition":[28.8168,234.07,47.2717],"dipPosition":[-1.31896,299.094,-69.328],"direction":[-0.097878,0.2579,-0.961201],"extended":true,"handId":466,"id":4661,"length":57.6453,"mcpPosition":[10.9944,271.287,-11.8716],"pipPosition":[1.00004,292.984,-46.5545],"stabilizedTipPosition":[-0.623956,298.519,-82.2515],"timeVisible":3.64242,"tipPosition":[-1.08563,300.517,-81.7717],"tipVelocity":[-25.5176,60.0795,8.01863],"tool":false,"touchDistance":-0.0330422,"touchZone":"touching","type":1,"width":18.9605},{"bases":[[[0.963961,0.263054,0.0397847],[-0.23578,0.775423,0.58577],[0.123239,-0.57404,0.8095]],[[0.963132,0.266812,0.0344758],[-0.175745,0.721006,-0.670272],[-0.203694,0.639501,0.741315]],[[0.963132,0.266812,0.0344758],[0.153236,-0.438733,-0.885456],[-0.221125,0.858094,-0.463443]],[[0.963132,0.266812,0.0344758],[0.250152,-0.841006,-0.479721],[-0.099001,0.470658,-0.876744]]],"btipPosition":[47.7526,217.591,-13.2431],"carpPosition":[38.5694,241.136,48.075],"dipPosition":[45.929,226.26,-29.3933],"direction":[0.221125,-0.858094,0.463443],"extended":false,"handId":466,"id":4662,"length":65.6822,"mcpPosition":[30.1412,280.394,-7.28599],"pipPosition":[39.7653,250.179,-42.3115],"stabilizedTipPosition":[48.1811,216.921,-16.0932],"timeVisible":3.64242,"tipPosition":[47.418,219.367,-16.7952],"tipVelocity":[-21.595,78.5911,-30.8653],"tool":false,"touchDistance":0.333333,"touchZone":"none","type":2,"width":18.6218},{"bases":[[[0.986602,0.116504,0.114204],[-0.162258,0.773541,0.612623],[-0.0169686,-0.622945,0.782081]],[[0.986426,0.143036,0.080656],[-0.048719,0.723989,-0.688089],[-0.156815,0.674819,0.72113]],[[0.986426,0.143036,0.080656],[0.141847,-0.494771,-0.857369],[-0.0827281,0.857171,-0.508344]],[[0.986426,0.143036,0.080656],[0.164006,-0.882564,-0.440661],[0.00815397,0.447907,-0.894043]]],"btipPosition":[59.8205,222.65,-1.00863],"carpPosition":[49.8135,245.434,48.4178],"dipPosition":[59.9698,230.854,-17.3828],"direction":[0.0827281,-0.857171,0.508344],"extended":false,"handId":466,"id":4663,"length":63.1552,"mcpPosition":[50.8554,283.684,0.396403],"pipPosition":[57.7234,254.13,-31.1866],"stabilizedTipPosition":[60.8282,221.884,-4.39066],"timeVisible":3.64242,"tipPosition":[59.9335,224.279,-5.01198],"tipVelocity":[-21.42,70.7132,-19.2491],"tool":false,"touchDistance":0.333333,"touchZone":"none","type":3,"width":17.7198},{"bases":[[[0.991164,-0.085802,0.10115],[-0.00768766,0.72415,0.6896],[-0.132417,-0.684284,0.717092]],[[0.99973,-0.00957155,0.0211961],[0.0208213,0.774398,-0.632356],[-0.0103616,0.632626,0.774388]],[[0.99973,-0.00957155,0.0211961],[0.0142628,-0.467555,-0.883849],[0.0183701,0.883912,-0.467292]],[[0.99973,-0.00957155,0.0211961],[0.00181652,-0.876464,-0.481464],[0.023186,0.481372,-0.87621]]],"btipPosition":[70.6505,235.252,2.91206],"carpPosition":[63.5088,243.365,46.748],"dipPosition":[71.0422,243.386,-11.8925],"direction":[-0.0183701,-0.883912,0.467292],"extended":false,"handId":466,"id":4664,"length":49.5125,"mcpPosition":[71.0353,282.259,5.98904],"pipPosition":[71.3944,260.332,-20.8516],"stabilizedTipPosition":[72.1669,233.821,-1.26309],"timeVisible":3.64242,"tipPosition":[70.7407,236.907,-1.12604],"tipVelocity":[-24.589,68.4371,3.87457],"tool":false,"touchDistance":0.333333,"touchZone":"none","type":4,"width":15.7401}],"r":[[0.481012,0.655444,0.582255],[-0.739976,0.659692,-0.131307],[-0