{"sensorType":"Leap","data":[[0,{"currentFrameRate":54.4338,"devices":[],"gestures":[],"hands":[{"armBasis":[[0.917321,0.39318,-0.0626996],[-0.366761,0.895748,0.25124],[0.154946,-0.207472,0.965892]],"armWidth":62.4607,"confidence":0.806557,"direction":[-0.120433,0.729273,-0.67354],"elbow":[88.3885,179.154,308.495],"grabStrength":0,"id":466,"palmNormal":[0.357014,-0.601267,-0.714856],"palmPosition":[35.5955,267.681,12.7739],"palmVelocity":[-6.58497,21.8105,5.1764],"palmWidth":89.1918,"pinchStrength":0.5481,"r":[[0.484288,0.608927,0.62823],[-0.719148,0.686006,-0.110555],[-0.498289,-0.39825,0.770133]],"s":1.19326,"sphereCenter":[31.3235,250.517,-30.8881],"sphereRadius":46.4853,"stabilizedPalmPosition":[35.7171,267.337,12.6939],"t":[37.7696,27.4389,-89.3777],"timeVisible":10.521,"type":"right","wrist":[47.3799,234.065,52.8578]}],"id":1676093,"interactionBox":{"center":[0,200,0],"size":[235.247,235.247,147.751]},"pointables":[{"bases":[[[0.0299185,0.811499,0.583587],[-0.858144,-0.278525,0.431293],[0.512537,-0.513705,0.68805]],[[-0.066077,0.892986,0.445208],[-0.864454,-0.274074,0.42143],[0.498351,-0.357015,0.790055]],[[-0.066077,0.892986,0.445208],[-0.977695,0.0312054,-0.207699],[-0.199365,-0.449002,0.871006]],[[-0.066077,0.892986,0.445208],[-0.65567,0.297474,-0.693978],[-0.752151,-0.337766,0.565848]]],"btipPosition":[25.2117,256.352,-38.4529],"carpPosition":[25.6782,216.128,42.297],"dipPosition":[7.95652,248.603,-25.4718],"direction":[0.199365,0.449002,-0.871006],"extended":false,"handId":466,"id":4660,"length":51.0864,"mcpPosition":[25.6782,216.128,42.297],"pipPosition":[1.29339,233.597,3.6388],"stabilizedTipPosition":[21.3217,254.374,-35.516],"timeVisible":10.521,"tipPosition":[21.6152,254.148,-35.6105],"tipVelocity":[-7.92151,26.2889,6.22907],"tool":false,"touchDistance":-0.0530584,"touchZone":"touching","type":0,"width":19.8498},{"bases":[[[0.892932,0.444366,0.0721913],[-0.393747,0.693126,0.603771],[0.218258,-0.567552,0.793882]],[[0.858627,0.511855,-0.027657],[-0.451196,0.780276,0.433118],[0.243274,-0.359408,0.900913]],[[0.858627,0.511855,-0.027657],[-0.496736,0.84416,0.201611],[0.126542,-0.15937,0.979075]],[[0.858627,0.511855,-0.027657],[-0.511485,0.859068,0.0196288],[0.0338063,-0.00270765,0.999425]]],"btipPosition":[-4.65371,297.77,-84.7072],"carpPosition":[24.8955,237.883,50.4198],"dipPosition":[-4.08753,297.725,-67.9689],"direction":[-0.126542,0.15937,-0.979075],"extended":true,"handId":466,"id":4661,"length":57.6453,"mcpPosition":[9.15567,278.813,-6.83153],"pipPosition":[-1.08939,293.949,-44.772],"stabilizedTipPosition":[-4.4715,297.618,-80.8899],"timeVisible":10.521,"tipPosition":[-4.6437,297.954,-80.7914],"tipVelocity":[-6.16219,24.063,5.63594],"tool":false,"touchDistance":-0.0447134,"touchZone":"touching","type":1,"width":18.9605},{"bases":[[[0.968163,0.238887,0.0747908],[-0.23223,0.745644,0.624567],[0.0934335,-0.622051,0.777382]],[[0.969309,0.230679,0.085016],[-0.127893,0.768474,-0.62697],[-0.209961,0.596854,0.774391]],[[0.969309,0.230679,0.085016],[0.179544,-0.427996,-0.885767],[-0.167941,0.873846,-0.456278]],[[0.969309,0.230679,0.085016],[0.243388,-0.85163,-0.464207],[-0.0346805,0.470652,-0.881637]]],"btipPosition":[43.6246,225.987,-8.96319],"carpPosition":[34.7741,244.673,51.8308],"dipPosition":[42.9857,234.657,-25.2035],"direction":[0.167941,-0.873846,0.456278],"extended":false,"handId":466,"id":4662,"length":65.6822,"mcpPosition":[28.3843,287.215,-1.33369],"pipPosition":[38.3045,259.015,-37.922],"stabilizedTipPosition":[43.5366,225.83,-12.8904],"timeVisible":10.521,"tipPosition":[43.5777,227.641,-12.9323],"tipVelocity":[-5.1492,27.0321,3.73039],"tool":false,"touchDistance":0.333333,"touchZone":"none","type":2,"width":18.6218},{"bases":[[[0.986093,0.0878489,0.141077],[-0.159369,0.740597,0.652777],[-0.0471353,-0.666183,0.744298]],[[0.987215,0.117675,0.107512],[-0.0229963,0.7726,-0.634477],[-0.157726,0.623893,0.765428]],[[0.987215,0.117675,0.107512],[0.150426,-0.464783,-0.872553],[-0.0527085,0.87757,-0.476542]],[[0.987215,0.117675,0.107512],[0.153993,-0.878232,-0.452764],[0.041141,0.463532,-0.885125]]],"btipPosition":[56.5756,229.956,2.57966],"carpPosition":[46.0957,248.694,52.6531],"dipPosition":[57.329,238.445,-13.6312],"direction":[0.0527085,-0.87757,0.476542],"extended":false,"handId":466,"id":4663,"length":63.1552,"mcpPosition":[48.9899,289.599,6.95171],"pipPosition":[55.8978,262.275,-26.5714],"stabilizedTipPosition":[56.8389,229.935,-1.23875],"timeVisible":10.521,"tipPosition":[56.8145,231.481,-1.2463],"tipVelocity":[-5.26997,28.9038,-0.997528],"tool":false,"touchDistance":0.333333,"touchZone":"none","type":3,"width":17.7198},{"bases":[[[0.986697,-0.113429,0.116463],[-0.0075892,0.68346,0.729949],[-0.162395,-0.721122,0.673507]],[[0.998662,-0.0321659,0.0405003],[0.0496508,0.815514,-0.576604],[-0.0144816,0.577843,0.816019]],[[0.998662,-0.0321659,0.0405003],[0.0225001,-0.434887,-0.900204],[0.0465689,0.89991,-0.433581]],[[0.998662,-0.0321659,0.0405003],[-0.00771826,-0.866993,-0.49826],[0.0511405,0.497281,-0.866081]]],"btipPosition":[67.7533,241.725,7.53065],"carpPosition":[59.7778,246.421,51.1497],"dipPosition":[68.6173,250.127,-7.10278],"direction":[-0.0465689,-0.89991,0.433581],"extended":false,"handId":466,"id":4664,"length":49.5125,"mcpPosition":[69.0082,287.409,12.868],"pipPosition":[69.5102,267.38,-15.4155],"stabilizedTipPosition":[67.9465,241.448,3.68506],"timeVisible":10.521,"tipPosition":[67.9435,243.401,3.78199],"tipVelocity":[-5.02225,25.8441,4.14525],"tool":false,"touchDistance":0.333333,"touchZone":"none","type":4,"width":15.7401}],"r":[[0.484288,0.608927,0.62823],[-0.719148,0.686006,-0.110555],[-0.498289,-0.39825,0.770133]],"s":1.19326,"t":[37.7696,27.4389,-89.3777],"timestamp":93336787609},false],[1,{"currentFrameRate":54.5249,"devices":[],"gestures":[],"hands":[{"armBasis":[[0.916628,0.394999,-0.0613971],[-0.368059,0.893889,0.255918],[0.15597,-0.211984,0.964747]],"armWidth":62.4607,"confidence":0.811816,"direction":[-0.120249,0.730471,-0.672274],"elbow":[88.3797,178.507,308.2],"grabStrength":0,"id":466,"palmNormal":[0.358295,-0.599611,-0.715606],"palmPosition":[35.3344,268.296,12.8338],"palmVelocity":[-10.3309,27.6345,4.29849],"palmWidth":89.1918,"pinchStrength":0.548456,"r":[[0.483736,0.608415,0.629151],[-0.719491,0.685744,-0.109948],[-0.49833,-0.399482,0.769468]],"s":1.19302,"sphereCenter":[31.0493,251.22,-30.862],"sphereRadius":46.5039,"stabilizedPalmPosition":[35.5354,267.792,12.7603],"t":[37.5771,27.9422,-89.3014],"timeVisible":10.539,"type":"right","wrist":[47.1002,234.612,52.8663]}],"id":1676094,"interactionBox":{"center":[0,200,0],"size":[235.247,235.247,147.751]},"pointables":[{"bases":[[[0.028619,0.8104,0.585178],[-0.85841,-0.280028,0.429787],[0.512166,-0.514623,0.687641]],[[-0.0668026,0.89174,0.44759],[-0.864309,-0.275845,0.420571],[0.498505,-0.358761,0.789166]],[[-0.0668026,0.89174,0.44759],[-0.977405,0.0316767,-0.208987],[-0.20054,-0.451438,0.869475]],[[-0.0668026,0.89174,0.44759],[-0.656843,0.298371,-0.692482],[-0.751062,-0.340256,0.565801]]],"btipPosition":[24.9648,257.126,-38.4076],"carpPosition":[25.4246,216.678,42.2467],"dipPosition":[7.73459,249.32,-25.4275],"direction":[0.20054,0.451438,-0.869475],"extended":false,"handId":466,"id":4660,"length":51.0864,"mcpPosition":[25.4246,216.678,42.2467],"pipPosition":[1.03218,234.232,3.63192],"stabilizedTipPosition":[21.1188,254.981,-35.4565],"timeVisible":10.539,"tipPosition":[21.3761,254.903,-35.5689],"tipVelocity":[-10.5105,33.8425,4.46219],"tool":false,"touchDistance":-0.0523067,"touchZone":"touching","type":0,"width":19.8498},{"bases":[[[0.892499,0.444929,0.074054],[-0.394975,0.691655,0.604656],[0.217809,-0.568904,0.793037]],[[0.858331,0.512462,-0.0255143],[-0.451924,0.778609,0.435353],[0.242968,-0.362147,0.899898]],[[0.858331,0.512462,-0.0255143],[-0.497391,0.843237,0.203849],[0.125979,-0.162279,0.97867]],[[0.858331,0.512462,-0.0255143],[-0.512033,0.858692,0.0216718],[0.0330149,-0.00553736,0.99944]]],"btipPosition":[-4.8619,298.633,-84.6037],"carpPosition":[24.6155,238.417,50.4103],"dipPosition":[-4.30897,298.54,-67.8651],"direction":[-0.125979,0.162279,-0.97867],"extended":true,"handId":466,"id":4661,"length":57.6453,"mcpPosition":[8.908,279.444,-6.78008],"pipPosition":[-1.32418,294.695,-44.6778],"stabilizedTipPosition":[-4.65259,298.301,-80.7963],"timeVisible":10.539,"tipPosition":[-4.83706,298.763,-80.7021],"tipVelocity":[-8.79844,35.0702,5.68963],"tool":false,"touchDistance":-0.0429866,"touchZone":"touching","type":1,"width":18.9605},{"bases":[[[0.967889,0.239505,0.0763439],[-0.233523,0.74426,0.625735],[0.0930468,-0.62347,0.776291]],[[0.96902,0.231355,0.0864597],[-0.128209,0.770396,-0.624542],[-0.211099,0.594109,0.776191]],[[0.96902,0.231355,0.0864597],[0.180815,-0.426065,-0.886439],[-0.168244,0.874611,-0.454698]],[[0.96902,0.231355,0.0864597],[0.24464,-0.851004,-0.464698],[-0.0339325,0.471453,-0.881238]]],"btipPosition":[43.4125,226.717,-9.0103],"carpPosition":[34.4872,245.212,51.8455],"dipPosition":[42.7874,235.401,-25.2432],"direction":[0.168244,-0.874611,0.454698],"extended":false,"handId":466,"id":4662,"length":65.6822,"mcpPosition":[28.1238,287.851,-1.24437],"pipPosition":[38.0977,259.78,-37.9177],"stabilizedTipPosition":[43.4904,226.328,-12.8651],"timeVisible":10.539,"tipPosition":[43.3684,228.363,-12.9541],"tipVelocity":[-8.20463,33.4962,0.766474],"tool":false,"touchDistance":0.333333,"touchZone":"none","type":2,"width":18.6218},{"bases":[[[0.985864,0.088354,0.14236],[-0.16069,0.739215,0.654018],[-0.0474497,-0.667648,0.742963]],[[0.986999,0.117983,0.109151],[-0.0222474,0.772843,-0.634207],[-0.159182,0.623533,0.76542]],[[0.986999,0.117983,0.109151],[0.152134,-0.466664,-0.871252],[-0.0518561,0.87653,-0.478546]],[[0.986999,0.117983,0.109151],[0.154901,-0.879447,-0.450087],[0.0428897,0.461143,-0.886289]]],"btipPosition":[56.3124,230.679,2.77292],"carpPosition":[45.8046,249.24,52.6883],"dipPosition":[57.0979,239.125,-13.4592],"direction":[0.0518561,-0.87653,0.478546],"extended":false,"handId":466,"id":4663,"length":63.1552,"mcpPosition":[48.7181,290.235,7.06888],"pipPosition":[55.6898,262.927,-26.4539],"stabilizedTipPosition":[56.7795,230.397,-1.19093],"timeVisible":10.539,"tipPosition":[56.5697,232.201,-1.1202],"tipVelocity":[-9.50225,33.9791,4.43162],"tool":false,"touchDistance":0.333333,"touchZone":"none","type":3,"width":17.7198},{"bases":[[[0.986654,-0.112875,0.11736],[-0.00895282,0.68205,0.731251],[-0.162586,-0.722542,0.671937]],[[0.998649,-0.03133,0.0414486],[0.049451,0.817909,-0.573218],[-0.0159423,0.574494,0.818354]],[[0.998649,-0.03133,0.0414486],[0.0238175,-0.432948,-0.901104],[0.0461766,0.900874,-0.431617]],[[0.998649,-0.03133,0.0414486],[-0.00649406,-0.866755,-0.498692],[0.0515498,0.49775,-0.865787]]],"btipPosition":[67.5277,242.455,7.5427],"carpPosition":[59.4902,246.98,51.196],"dipPosition":[68.3987,250.865,-7.08577],"direction":[-0.0461766,-0.900874,0.431617],"extended":false,"handId":466,"id":4664,"length":49.5125,"mcpPosition":[68.7315,288.049,13.0036],"pipPosition":[69.2841,268.137,-15.3608],"stabilizedTipPosition":[67.913,241.898,3.76061],"timeVisible":10.539,"tipPosition":[67.7172,244.115,3.82559],"tipVelocity":[-8.53262,32.8492,2.52667],"tool":false,"touchDistance":0.333333,"touchZone":"none","type":4,"width":15.7401}],"r":[[0.483736,0.608415,0.629151],[-0.719491,0.685744,-0.109948],[-0.49833,-0.399482,0.769468]],"s":1.19302,"t":[37.5771,27.9422,-89.3014],"timestamp":93336805630},false],[2,{"currentFrameRate":54.6557,"devices":[],"gestures":[],"hands":[{"armBasis":[[0.916331,0.395774,-0.0608356],[-0.368606,0.89308,0.257949],[0.156421,-0.213942,0.964241]],"armWidth":62.4607,"confidence":0.817089,"direction":[-0.120466,0.731256,-0.671381],"elbow":[88.2272,178.455,308.027],"grabStrength":0,"id":466,"palmNormal":[0.3587,-0.59855,-0.716291],"palmPosition":[35.0541,268.806,12.8343],"palmVelocity":[-12.8644,28.1057,2.28853],"palmWidth":89.1918,"pinchStrength":0.54938,"r":[[0.483215,0.607892,0.630056],[-0.719825,0.685494,-0.109318],[-0.498353,-0.400706,0.768817]],"s":1.19279,"sphereCenter":[30.7425,251.794,-30.8849],"sphereRadius":46.5091,"stabilizedPalmPosition":[35.3175,268.251,12.7938],"t":[37.3407,28.4493,-89.263],"timeVisible":10.5569,"type":"right","wrist":[46.8283,235.078,52.8268]}],"id":1676095,"interactionBox":{"center":[0,200,0],"size":[235.247,235.247,147.751]},"pointables":[{"bases":[[[0.0281401,0.80968,0.586196],[-0.858357,-0.280962,0.429283],[0.512281,-0.515246,0.687088]],[[-0.0669873,0.890933,0.449167],[-0.86414,-0.276848,0.420259],[0.498774,-0.359991,0.788436]],[[-0.0669873,0.890933,0.449167],[-0.977281,0.0321382,-0.209495],[-0.201082,-0.452996,0.868539]],[[-0.0669873,0.890933,0.449167],[-0.657872,0.29902,-0.691225],[-0.750145,-0.341798,0.566089]]],"btipPosition":[24.687,257.743,-38.413],"carpPosition":[25.1629,217.147,42.1808],"dipPosition":[7.47788,249.902,-25.4263],"direction":[0.201082,0.452996,-0.868539],"extended":false,"handId":466,"id":4660,"length":51.0864,"mcpPosition":[25.1629,217.147,42.1808],"pipPosition":[0.757381,234.762,3.60178],"stabilizedTipPosition":[20.883,255.561,-35.4381],"timeVisible":10.5569,"tipPosition":[21.0942,255.509,-35.5738],"tipVelocity":[-12.7646,33.982,2.25747],"tool":false,"touchDistance":-0.0523725,"touchZone":"touching","type":0,"width":19.8498},{"bases":[[[0.89228,0.445249,0.0747701],[-0.395402,0.690715,0.60545],[0.217931,-0.569795,0.792363]],[[0.858173,0.512774,-0.0245395],[-0.452064,0.777492,0.4372],[0.243264,-0.3641,0.899029]],[[0.858173,0.512774,-0.0245395],[-0.497586,0.84261,0.205954],[0.126285,-0.164534,0.978254]],[[0.858173,0.512774,-0.0245395],[-0.512281,0.858487,0.0238263],[0.0332843,-0.00787596,0.999415]]],"btipPosition":[-5.16811,299.331,-84.5471],"carpPosition":[24.3423,238.876,50.3715],"dipPosition":[-4.61067,299.199,-67.8089],"direction":[-0.126285,0.164534,-0.978254],"extended":true,"handId":466,"id":4661,"length":57.6453,"mcpPosition":[8.62605,279.967,-6.77033],"pipPosition":[-1.61863,295.301,-44.6314],"stabilizedTipPosition":[-4.90816,298.961,-80.731],"timeVisible":10.5569,"tipPosition":[-5.12706,299.414,-80.657],"tipVelocity":[-12.7095,36.742,4.50234],"tool":false,"touchDistance":-0.0420449,"touchZone":"touching","type":1,"width":18.9605},{"bases":[[[0.967765,0.239856,0.0768165],[-0.233979,0.743368,0.626624],[0.0931967,-0.624398,0.775527]],[[0.968897,0.231701,0.0869141],[-0.128725,0.771848,-0.62264],[-0.211351,0.592086,0.777666]],[[0.968897,0.231701,0.0869141],[0.181256,-0.425342,-0.886697],[-0.16848,0.874871,-0.454109]],[[0.968897,0.231701,0.0869141],[0.245178,-0.851144,-0.464156],[-0.0335689,0.471029,-0.881479]]],"btipPosition":[43.1374,227.338,-9.06831],"carpPosition":[34.2106,245.674,51.817],"dipPosition":[42.5191,236.015,-25.3057],"direction":[0.16848,-0.874871,0.454109],"extended":false,"handId":466,"id":4662,"length":65.6822,"mcpPosition":[27.8369,288.376,-1.22068],"pipPosition":[37.8228,260.401,-37.9637],"stabilizedTipPosition":[43.4101,226.815,-12.855],"timeVisible":10.5569,"tipPosition":[43.0972,228.969,-13.0007],"tipVelocity":[-11.5602,34.0738,-1.15207],"tool":false,"touchDistance":0.333333,"touchZone":"none","type":2,"width":18.6218},{"bases":[[[0.985797,0.0886314,0.142647],[-0.161149,0.738322,0.654913],[-0.0472734,-0.668599,0.742119]],[[0.986924,0.118169,0.109624],[-0.0225589,0.77467,-0.631963],[-0.159601,0.621226,0.767206]],[[0.986924,0.118169,0.109624],[0.152579,-0.465606,-0.87174],[-0.0519711,0.877067,-0.477548]],[[0.986924,0.118169,0.109624],[0.155275,-0.879504,-0.449847],[0.0432568,0.460986,-0.886352]]],"btipPosition":[56.0377,231.293,2.69912],"carpPosition":[45.526,249.706,52.6668],"dipPosition":[56.83,239.736,-13.5342],"direction":[0.0519711,-0.877067,0.477548],"extended":false,"handId":466,"id":4663,"length":63.1552,"mcpPosition":[48.4287,290.76,7.09923],"pipPosition":[55.4187,263.552,-26.5018],"stabilizedTipPosition":[56.6899,230.851,-1.1659],"timeVisible":10.5569,"tipPosition":[56.2983,232.803,-1.17494],"tipVelocity":[-12.2358,34.1561,0.390791],"tool":false,"touchDistance":0.333333,"touchZone":"none","type":3,"width":17.7198},{"bases":[[[0.986685,-0.112566,0.117396],[-0.00939849,0.68113,0.732102],[-0.162372,-0.723457,0.671003]],[[0.998657,-0.0309137,0.0415818],[0.0491512,0.819168,-0.571444],[-0.016397,0.57272,0.819587]],[[0.998657,-0.0309137,0.0415818],[0.0241293,-0.432718,-0.901206],[0.0458528,0.900999,-0.431391]],[[0.998657,-0.0309137,0.0415818],[-0.00611321,-0.867211,-0.497903],[0.0514522,0.49698,-0.866235]]],"btipPosition":[67.2619,243.053,7.53439],"carpPosition":[59.2129,247.455,51.1741],"dipPosition":[68.1312,251.45,-7.10166],"direction":[-0.0458528,-0.900999,0.431391],"extended":false,"handId":466,"id":4664,"length":49.5125,"mcpPosition":[68.442,288.575,13.0348],"pipPosition":[69.0103,268.725,-15.3724],"stabilizedTipPosition":[67.8477,242.345,3.8196],"timeVisible":10.5569,"tipPosition":[67.4509,244.698,3.82231],"tipVelocity":[-11.5412,33.0903,1.072],"tool":false,"touchDistance":0.333333,"touchZone":"none","type":4,"width":15.7401}],"r":[[0.483215,0.607892,0.630056],[-0.719825,0.685494,-0.109318],[-0.498353,-0.400706,0.768817]],"s":1.19279,"t":[37.3407,28.4493,-89.263],"timestamp":93336823469},false],[3,{"currentFrameRate":54.6769,"devices":[],"gestures":[],"hands":[{"armBasis":[[0.916163,0.39598,-0.0620177],[-0.368536,0.893082,0.258042],[0.157566,-0.213552,0.964141]],"armWidth":62.4607,"confidence":0.79813,"direction":[-0.120977,0.731729,-0.670773],"elbow":[88.2655,178.897,307.956],"grabStrength":0,"id":466,"palmNormal":[0.358385,-0.597962,-0.716939],"palmPosition":[34.7604,269.173,12.822],"palmVelocity":[-14.4221,24.2862,0.870991],"palmWidth":89.1918,"pinchStrength":0.548991,"r":[[0.482852,0.607396,0.630813],[-0.720127,0.685286,-0.108629],[-0.498268,-0.401814,0.768293]],"s":1.19254,"sphereCenter":[30.4058,252.2,-30.9052],"sphereRadius":46.5049,"stabilizedPalmPosition":[35.0732,268.655,12.8062],"t":[37.0756,28.8861,-89.25],"timeVisible":10.5751,"type":"right","wrist":[46.5634,235.417,52.7828]}],"id":1676096,"interactionBox":{"center":[0,200,0],"size":[235.247,235.247,147.751]},"pointables":[{"bases":[[[0.028344,0.809253,0.586775],[-0.858061,-0.281422,0.429572],[0.512764,-0.515665,0.686413]],[[-0.0666337,0.890421,0.450234],[-0.863821,-0.277318,0.420604],[0.499372,-0.360895,0.787643]],[[-0.0666337,0.890421,0.450234],[-0.977269,0.0327766,-0.209456],[-0.201261,-0.453956,0.867996]],[[-0.0666337,0.890421,0.450234],[-0.659239,0.29943,-0.689744],[-0.748975,-0.342772,0.567048]]],"btipPosition":[24.3688,258.185,-38.4227],"carpPosition":[24.8948,217.49,42.1362],"dipPosition":[7.18647,250.321,-25.414],"direction":[0.201261,0.453956,-0.867996],"extended":false,"handId":466,"id":4660,"length":51.0864,"mcpPosition":[24.8948,217.49,42.1362],"pipPosition":[0.459981,235.149,3.59592],"stabilizedTipPosition":[20.6111,256.037,-35.4338],"timeVisible":10.5751,"tipPosition":[20.7686,255.943,-35.5779],"tipVelocity":[-14.8514,29.1989,1.05704],"tool":false,"touchDistance":-0.0524499,"touchZone":"touching","type":0,"width":19.8498},{"bases":[[[0.892248,0.445343,0.0745814],[-0.395167,0.690203,0.606187],[0.218485,-0.570341,0.791818]],[[0.858141,0.51283,-0.0244933],[-0.45177,0.776911,0.438535],[0.243923,-0.365259,0.89838]],[[0.858141,0.51283,-0.0244933],[-0.497459,0.842326,0.207415],[0.127,-0.165806,0.977946]],[[0.858141,0.51283,-0.0244933],[-0.512288,0.858441,0.0252914],[0.0339963,-0.00915593,0.99938]]],"btipPosition":[-5.53161,299.807,-84.5007],"carpPosition":[24.0753,239.213,50.3433],"dipPosition":[-4.96224,299.654,-67.7632],"direction":[-0.127,0.165807,-0.977946],"extended":true,"handId":466,"id":4661,"length":57.6453,"mcpPosition":[8.31913,280.343,-6.75918],"pipPosition":[-1.95327,295.726,-44.593],"stabilizedTipPosition":[-5.223,299.479,-80.6799],"timeVisible":10.5751,"tipPosition":[-5.48188,299.865,-80.6168],"tipVelocity":[-16.0999,31.5629,3.56337],"tool":false,"touchDistance":-0.0412746,"touchZone":"touching","type":1,"width":18.9605},{"bases":[[[0.967769,0.239962,0.0764331],[-0.233741,0.742868,0.627306],[0.0937497,-0.624952,0.775013]],[[0.968912,0.231769,0.0865608],[-0.129113,0.772137,-0.622201],[-0.211044,0.591682,0.778057]],[[0.968912,0.231769,0.0865608],[0.181183,-0.426472,-0.886168],[-0.168471,0.874302,-0.455207]],[[0.968912,0.231769,0.0865608],[0.245137,-0.852076,-0.462465],[-0.0334288,0.469307,-0.882402]]],"btipPosition":[42.815,227.78,-9.03295],"carpPosition":[33.9433,246.011,51.7881],"dipPosition":[42.1992,236.425,-25.2873],"direction":[0.168471,-0.874302,0.455207],"extended":false,"handId":466,"id":4662,"length":65.6822,"mcpPosition":[27.5318,288.751,-1.21445],"pipPosition":[37.5032,260.796,-37.9759],"stabilizedTipPosition":[43.2955,227.275,-12.842],"timeVisible":10.5751,"tipPosition":[42.7784,229.402,-12.9914],"tipVelocity":[-14.4794,29.1991,0.223299],"tool":false,"touchDistance":0.333333,"touchZone":"none","type":2,"width":18.6218},{"bases":[[[0.985865,0.0886915,0.142142],[-0.160893,0.737813,0.655549],[-0.0467324,-0.669153,0.741654]],[[0.986967,0.118126,0.109284],[-0.0233046,0.776859,-0.629243],[-0.159228,0.618495,0.769487]],[[0.986967,0.118126,0.109284],[0.152192,-0.464505,-0.872395],[-0.0522895,0.877657,-0.476428]],[[0.986967,0.118126,0.109284],[0.15505,-0.879843,-0.449262],[0.0430833,0.460351,-0.886691]]],"btipPosition":[55.7325,231.781,2.57109],"carpPosition":[45.2586,250.045,52.6344],"dipPosition":[56.5216,240.212,-13.6684],"direction":[0.0522895,-0.877657,0.476428],"extended":false,"handId":466,"id":4663,"length":63.1552,"mcpPosition":[48.128,291.132,7.09529],"pipPosition":[55.1017,264.044,-26.6056],"stabilizedTipPosition":[56.5721,231.286,-1.16561],"timeVisible":10.5751,"tipPosition":[55.9921,233.271,-1.26641],"tipVelocity":[-14.4147,30.5671,-3.19146],"tool":false,"touchDistance":0.333333,"touchZone":"none","type":3,"width":17.7198},{"bases":[[[0.986771,-0.112487,0.116742],[-0.00908865,0.68059,0.732608],[-0.161862,-0.723978,0.670565]],[[0.998689,-0.0307291,0.0409368],[0.0485986,0.82032,-0.569836],[-0.0160708,0.571078,0.820738]],[[0.998689,-0.0307291,0.0409368],[0.023638,-0.4325,-0.901324],[0.045402,0.90111,-0.431207]],[[0.998689,-0.0307291,0.0409368],[-0.00632474,-0.867704,-0.497041],[0.0507946,0.496131,-0.866761]]],"btipPosition":[66.9734,243.494,7.48271],"carpPosition":[58.945,247.797,51.1321],"dipPosition":[67.8317,251.877,-7.16221],"direction":[-0.045402,-0.90111,0.431207],"extended":false,"handId":466,"id":4664,"length":49.5125,"mcpPosition":[68.1451,288.947,13.0177],"pipPosition":[68.7021,269.153,-15.4294],"stabilizedTipPosition":[67.7533,242.774,3.86071],"timeVisible":10.5751,"tipPosition":[67.1586,245.124,3.78276],"tipVelocity":[-13.6604,28.7585,-0.849254],"tool":false,"touchDistance":0.333333,"touchZone":"none","type":4,"width":15.7401}],"r":[[0.482852,0.607396,0.630813],[-0.720127,0.685286,-0.108629],[-0.498268,-0.401814,0.768293]],"s":1.19254,"t":[37.0756,28.8861,-89.25],"timestamp":93336841684},false],[4,{"currentFrameRate":54.7711,"devices":[],"gestures":[],"hands":[{"armBasis":[[0.917256,0.393435,-0.0620573],[-0.366115,0.894198,0.257623],[0.15685,-0.213586,0.964251]],"armWidth":62.4607,"confidence":0.803719,"direction":[-0.120702,0.731619,-0.670944],"elbow":[87.9025,179.095,307.987],"grabStrength":0,"id":466,"palmNormal":[0.355776,-0.599104,-0.717286],"palmPosition":[34.5829,269.383,12.8275],"palmVelocity":[-12.2864,18.3504,0.603946],"palmWidth":89.1918,"pinchStrength":0.547433,"r":[[0.483054,0.606864,0.63117],[-0.720122,0.685409,-0.107883],[-0.49808,-0.402406,0.768105]],"s":1.19237,"sphereCenter":[30.0813,252.397,-30.8788],"sphereRadius":46.5075,"stabilizedPalmPosition":[34.8729,268.953,12.8149],"t":[36.8543,29.2095,-89.2407],"timeVisible":10.593,"type":"right","wrist":[46.3901,235.624,52.7844]}],"id":1676097,"interactionBox":{"center":[0,200,0],"size":[235.247,235.247,147.751]},"pointables":[{"bases":[[[0.031151,0.80951,0.586279],[-0.85784,-0.279383,0.431341],[0.512971,-0.51637,0.685727]],[[-0.0633199,0.890386,0.450781],[-0.863499,-0.27534,0.422561],[0.500361,-0.362493,0.786281]],[[-0.0633199,0.890386,0.450781],[-0.977495,0.0357455,-0.20791],[-0.201234,-0.453801,0.868084]],[[-0.0633199,0.890386,0.450781],[-0.662112,0.300485,-0.686525],[-0.746725,-0.341939,0.570509]]],"btipPosition":[24.037,258.486,-38.3862],"carpPosition":[24.6639,217.737,42.1884],"dipPosition":[6.9063,250.641,-25.2981],"direction":[0.201234,0.453801,-0.868084],"extended":false,"handId":466,"id":4660,"length":51.0864,"mcpPosition":[24.6639,217.737,42.1884],"pipPosition":[0.180711,235.475,3.71478],"stabilizedTipPosition":[20.3309,256.388,-35.4023],"timeVisible":10.593,"tipPosition":[20.4414,256.232,-35.5219],"tipVelocity":[-16.2653,23.4459,2.00182],"tool":false,"touchDistance":-0.0515365,"touchZone":"touching","type":0,"width":19.8498},{"bases":[[[0.893322,0.443506,0.0726579],[-0.392572,0.691362,0.606553],[0.218777,-0.57037,0.791716]],[[0.8592,0.510963,-0.0263163],[-0.449204,0.777974,0.439286],[0.244932,-0.365613,0.897962]],[[0.8592,0.510963,-0.0263163],[-0.495235,0.843469,0.208094],[0.128525,-0.165761,0.977755]],[[0.8592,0.510963,-0.0263163],[-0.510384,0.859558,0.0258524],[0.0358299,-0.00878092,0.999319]]],"btipPosition":[-5.8318,300.07,-84.4283],"carpPosition":[23.9055,239.466,50.3852],"dipPosition":[-5.23172,299.923,-67.6918],"direction":[-0.128525,0.165761,-0.977755],"extended":true,"handId":466,"id":4661,"length":57.6453,"mcpPosition":[8.12831,280.599,-6.70997],"pipPosition":[-2.18661,295.996,-44.5261],"stabilizedTipPosition":[-5.5048,299.813,-80.6195],"timeVisible":10.593,"tipPosition":[-5.7714,300.12,-80.5482],"tipVelocity":[-16.2177,23.6114,3.78143],"tool":false,"touchDistance":-0.0400719,"touchZone":"touching","type":1,"width":18.9605},{"bases":[[[0.968413,0.237967,0.0744795],[-0.230996,0.743698,0.627339],[0.0938956,-0.624728,0.775177]],[[0.969581,0.229602,0.0848255],[-0.128319,0.771909,-0.622648],[-0.208439,0.592823,0.777891]],[[0.969581,0.229602,0.0848255],[0.179178,-0.429679,-0.885026],[-0.166756,0.873304,-0.457748]],[[0.969581,0.229602,0.0848255],[0.242541,-0.854545,-0.459267],[-0.0329616,0.465871,-0.884239]]],"btipPosition":[42.4727,228.035,-8.91198],"carpPosition":[33.7905,246.244,51.8077],"dipPosition":[41.8656,236.617,-25.2002],"direction":[0.166756,-0.873304,0.457748],"extended":false,"handId":466,"id":4662,"length":65.6822,"mcpPosition":[27.369,288.969,-1.20603],"pipPosition":[37.2173,260.959,-37.9597],"stabilizedTipPosition":[43.1586,227.663,-12.8159],"timeVisible":10.593,"tipPosition":[42.4437,229.638,-12.9069],"tipVelocity":[-16.605,21.7383,3.10036],"tool":false,"touchDistance":0.333333,"touchZone":"none","type":2,"width":18.6218},{"bases":[[[0.986315,0.0866945,0.140237],[-0.158106,0.738505,0.655448],[-0.0467417,-0.668651,0.742106]],[[0.987417,0.116049,0.107427],[-0.0228792,0.777008,-0.629075],[-0.156476,0.618701,0.769886]],[[0.987417,0.116049,0.107427],[0.149663,-0.46634,-0.871853],[-0.0510803,0.87696,-0.47784]],[[0.987417,0.116049,0.107427],[0.152235,-0.881453,-0.447063],[0.042811,0.457791,-0.888028]]],"btipPosition":[55.4419,232.017,2.58479],"carpPosition":[45.1158,250.255,52.6304],"dipPosition":[56.226,240.401,-13.6792],"direction":[0.0510803,-0.87696,0.47784],"extended":false,"handId":466,"id":4663,"length":63.1552,"mcpPosition":[47.9858,291.311,7.06362],"pipPosition":[54.8389,264.214,-26.6547],"stabilizedTipPosition":[56.4405,231.655,-1.16427],"timeVisible":10.593,"tipPosition":[55.7014,233.488,-1.26349],"tipVelocity":[-15.2921,22.0514,-1.47133],"tool":false,"touchDistance":0.333333,"touchZone":"none","type":3,"width":17.7198},{"bases":[[[0.986751,-0.114499,0.114945],[-0.0062772,0.681005,0.732252],[-0.162121,-0.723272,0.671263]],[[0.998701,-0.0327616,0.0390301],[0.0491687,0.820706,-0.569231],[-0.0133833,0.57041,0.821251]],[[0.998701,-0.0327616,0.0390301],[0.0210049,-0.433166,-0.901069],[0.046427,0.900719,-0.431915]],[[0.998701,-0.0327616,0.0390301],[-0.00913332,-0.868614,-0.495406],[0.0501324,0.494406,-0.867784]]],"btipPosition":[66.7361,243.694,7.42762],"carpPosition":[58.7946,247.977,51.1036],"dipPosition":[67.5832,252.048,-7.23459],"direction":[-0.046427,-0.900719,0.431915],"extended":false,"handId":466,"id":4664,"length":49.5125,"mcpPosition":[68.0094,289.087,12.9495],"pipPosition":[68.4733,269.316,-15.5154],"stabilizedTipPosition":[67.6481,243.138,3.8856],"timeVisible":10.593,"tipPosition":[66.9163,245.305,3.74204],"tipVelocity":[-13.5281,20.26,-2.00445],"tool":false,"touchDistance":0.333333,"touchZone":"none","type":4,"width":15.7401}],"r":[[0.483054,0.606864,0.63117],[-0.720122,0.685409,-0.107883],[-0.49808,-0.402406,0.768105]],"s":1.19237,"t":[36.8543,29.2095,-89.2407],"timestamp":93336859613},false],[5,{"currentFrameRate":54.815,"devices":[],"gestures":[],"hands":[{"armBasis":[[0.917736,0.392265,-0.0623561],[-0.364845,0.894601,0.258024],[0.156998,-0.214048,0.964124]],"armWidth":62.4607,"confidence":0.809521,"direction":[-0.121012,0.731543,-0.67097],"elbow":[87.797,179.145,307.929],"grabStrength":0,"id":466,"palmNormal":[0.354081,-0.599662,-0.717657],"palmPosition":[34.41,269.555,12.8118],"palmVelocity":[-10.9892,14.1484,-0.0955871],"palmWidth":89.1918,"pinchStrength":0.545607,"r":[[0.48353,0.606379,0.631271],[-0.720015,0.685644,-0.107104],[-0.497773,-0.402737,0.768131]],"s":1.19225,"sphereCenter":[29.8163,252.547,-30.8963],"sphereRadius":46.5112,"stabilizedPalmPosition":[34.6949,269.184,12.8137],"t":[36.6572,29.4573,-89.2439],"timeVisible":10.6111,"type":"right","wrist":[46.2454,235.796,52.7603]}],"id":1676098,"interactionBox":{"center":[0,200,0],"size":[235.247,235.247,147.751]},"pointables":[{"bases":[[[0.0328512,0.809649,0.585994],[-0.857451,-0.278412,0.432741],[0.513516,-0.516678,0.685088]],[[-0.0606068,0.889773,0.452362],[-0.863048,-0.274396,0.424093],[0.501472,-0.364707,0.784547]],[[-0.0606068,0.889773,0.452362],[-0.977692,0.0383933,-0.206507],[-0.201112,-0.454786,0.867596]],[[-0.0606068,0.889773,0.452362],[-0.666767,0.301163,-0.681705],[-0.742798,-0.342936,0.575019]]],"btipPosition":[23.7097,258.84,-38.3739],"carpPosition":[24.4852,217.928,42.203],"dipPosition":[6.66917,250.973,-25.1824],"direction":[0.201112,0.454786,-0.867596],"extended":false,"handId":466,"id":4660,"length":51.0864,"mcpPosition":[24.4852,217.928,42.203],"pipPosition":[-0.0523549,235.773,3.81423],"stabilizedTipPosition":[20.0529,256.719,-35.3702],"timeVisible":10.6111,"tipPosition":[20.1303,256.541,-35.4848],"tipVelocity":[-16.5876,21.4798,1.99815],"tool":false,"touchDistance":-0.0509353,"touchZone":"touching","type":0,"width":19.8498},{"bases":[[[0.893869,0.442645,0.0711547],[-0.390957,0.691924,0.606954],[0.219432,-0.570356,0.791545]],[[0.859673,0.510091,-0.0277602],[-0.44772,0.778496,0.439875],[0.245988,-0.36572,0.89763]],[[0.859673,0.510091,-0.0277602],[-0.494071,0.844026,0.208601],[0.129836,-0.165613,0.977607]],[[0.859673,0.510091,-0.0277602],[-0.509484,0.860079,0.0262558],[0.0372688,-0.008428,0.99927]]],"btipPosition":[-6.12324,300.258,-84.3883],"carpPosition":[23.7609,239.659,50.3946],"dipPosition":[-5.49906,300.117,-67.6525],"direction":[-0.129836,0.165613,-0.977607],"extended":true,"handId":466,"id":4661,"length":57.6453,"mcpPosition":[7.93645,280.791,-6.68822],"pipPosition":[-2.4229,296.193,-44.4904],"stabilizedTipPosition":[-5.77289,300.046,-80.5741],"timeVisible":10.6111,"tipPosition":[-6.05651,300.306,-80.5095],"tipVelocity":[-16.021,17.3516,3.03175],"tool":false,"touchDistance":-0.0394072,"touchZone":"touching","type":1,"width":18.9605},{"bases":[[[0.968761,0.237033,0.0729207],[-0.229297,0.744108,0.627477],[0.0944717,-0.624595,0.775213]],[[0.969953,0.228543,0.0834237],[-0.12851,0.772435,-0.621956],[-0.206583,0.592547,0.778596]],[[0.969953,0.228543,0.0834237],[0.177645,-0.431003,-0.884692],[-0.166234,0.872929,-0.458652]],[[0.969953,0.228543,0.0834237],[0.241027,-0.855967,-0.457413],[-0.0331308,0.463777,-0.885332]]],"btipPosition":[42.1985,228.272,-8.91024],"carpPosition":[33.6547,246.429,51.7999],"dipPosition":[41.5882,236.815,-25.2186],"direction":[0.166234,-0.872929,0.458652],"extended":false,"handId":466,"id":4662,"length":65.6822,"mcpPosition":[27.1939,289.144,-1.21631],"pipPosition":[36.9545,261.148,-38.0033],"stabilizedTipPosition":[43.0124,228.005,-12.7953],"timeVisible":10.6111,"tipPosition":[42.1728,229.854,-12.9051],"tipVelocity":[-15.9376,17.4035,1.55005],"tool":false,"touchDistance":0.333333,"touchZone":"none","type":2,"width":18.6218},{"bases":[[[0.986615,0.0857619,0.138694],[-0.156369,0.738851,0.655475],[-0.0462595,-0.668389,0.742372]],[[0.987695,0.115064,0.105922],[-0.0232558,0.777803,-0.628078],[-0.154656,0.617886,0.770908]],[[0.987695,0.115064,0.105922],[0.14783,-0.465825,-0.872441],[-0.0510453,0.877364,-0.477102]],[[0.987695,0.115064,0.105922],[0.150673,-0.881608,-0.447286],[0.0419155,0.457742,-0.888097]]],"btipPosition":[55.2175,232.199,2.47856],"carpPosition":[44.9852,250.428,52.6041],"dipPosition":[55.9852,240.583,-13.7867],"direction":[0.0510453,-0.877364,0.477102],"extended":false,"handId":466,"id":4663,"length":63.1552,"mcpPosition":[47.8257,291.469,7.02094],"pipPosition":[54.5991,264.407,-26.7422],"stabilizedTipPosition":[56.3078,231.969,-1.17672],"timeVisible":10.6111,"tipPosition":[55.469,233.675,-1.33879],"tipVelocity":[-14.0189,16.3672,-3.57135],"tool":false,"touchDistance":0.333333,"touchZone":"none","type":3,"width":17.7198},{"bases":[[[0.986813,-0.11544,0.113461],[-0.00447918,0.681223,0.732062],[-0.161801,-0.722917,0.671723]],[[0.998728,-0.0337137,0.0374832],[0.0490636,0.820941,-0.568901],[-0.0115917,0.570017,0.821551]],[[0.998728,-0.0337137,0.0374832],[0.0191495,-0.434088,-0.900667],[0.0466358,0.900239,-0.432891]],[[0.998728,-0.0337137,0.0374832],[-0.0108241,-0.86956,-0.493708],[0.0492386,0.492675,-0.868819]]],"btipPosition":[66.5318,243.885,7.38056],"carpPosition":[58.6594,248.136,51.0569],"dipPosition":[67.3637,252.21,-7.29914],"direction":[-0.0466358,-0.900239,0.432891],"extended":false,"handId":466,"id":4664,"length":49.5125,"mcpPosition":[67.8561,289.226,12.8767],"pipPosition":[68.2578,269.469,-15.5986],"stabilizedTipPosition":[67.5384,243.453,3.89967],"timeVisible":10.6111,"tipPosition":[66.7074,245.482,3.69802],"tipVelocity":[-12.558,15.4758,-2.394],"tool":false,"touchDistance":0.333333,"touchZone":"none","type":4,"width":15.7401}],"r":[[0.48353,0.606379,0.631271],[-0.720015,0.685644,-0.107104],[-0.497773,-0.402737,0.768131]],"s":1.19225,"t":[36.6572,29.4573,-89.2439],"timestamp":93336877703},false],[6,{"currentFrameRate":54.8612,"devices":[],"gestures":[],"hands":[{"armBasis":[[0.917876,0.391769,-0.0634067],[-0.364086,0.894826,0.258316],[0.157938,-0.214017,0.963977]],"armWidth":62.4607,"confidence":0.800638,"direction":[-0.121421,0.731909,-0.670497],"elbow":[87.873,179.331,307.843],"grabStrength":0,"id":466,"palmNormal":[0.35299,-0.599499,-0.718331],"palmPosition":[34.2081,269.757,12.7933],"palmVelocity":[-11.0779,12.7321,-0.536481],"palmWidth":89.1918,"pinchStrength":0.548094,"r":[[0.484109,0.605888,0.631299],[-0.719888,0.685908,-0.106255],[-0.497392,-0.403026,0.768226]],"s":1.19207,"sphereCenter":[29.5555,252.774,-30.9168],"sphereRadius":46.5057,"stabilizedPalmPosition":[34.521,269.389,12.8064],"t":[36.4577,29.682,-89.2548],"timeVisible":10.6292,"type":"right","wrist":[46.0724,235.974,52.713]}],"id":1676099,"interactionBox":{"center":[0,200,0],"size":[235.247,235.247,147.751]},"pointables":[{"bases":[[[0.0338928,0.809363,0.58633],[-0.857095,-0.278206,0.433578],[0.514042,-0.517235,0.684272]],[[-0.0590476,0.889146,0.453798],[-0.863077,-0.273897,0.424356],[0.501608,-0.366606,0.783575]],[[-0.0590476,0.889146,0.453798],[-0.977761,0.0401277,-0.205849],[-0.20124,-0.455861,0.867003]],[[-0.0590476,0.889146,0.453798],[-0.669753,0.301805,-0.678487],[-0.740233,-0.343995,0.577687]]],"btipPosition":[23.4553,259.186,-38.3988],"carpPosition":[24.292,218.121,42.1719],"dipPosition":[6.47354,251.295,-25.1461],"direction":[0.20124,0.455861,-0.867003],"extended":false,"handId":466,"id":4660,"length":51.0864,"mcpPosition":[24.292,218.121,42.1719],"pipPosition":[-0.252239,236.059,3.8307],"stabilizedTipPosition":[19.8105,257.033,-35.3608],"timeVisible":10.6292,"tipPosition":[19.864,256.862,-35.4874],"tipVelocity":[-15.0428,20.2268,0.764383],"tool":false,"touchDistance":-0.0511157,"touchZone":"touching","type":0,"width":19.8498},{"bases":[[[0.894158,0.44219,0.0703525],[-0.389947,0.691829,0.607712],[0.220052,-0.570824,0.791035]],[[0.859891,0.509683,-0.0284703],[-0.446832,0.778477,0.440812],[0.246838,-0.366329,0.897148]],[[0.859891,0.509683,-0.0284703],[-0.493435,0.84418,0.20948],[0.130802,-0.166082,0.977398]],[[0.859891,0.509683,-0.0284703],[-0.509041,0.860318,0.0270398],[0.0382752,-0.00875872,0.999229]]],"btipPosition":[-6.41734,300.523,-84.3459],"carpPosition":[23.5871,239.849,50.3743],"dipPosition":[-5.77631,300.377,-67.6108],"direction":[-0.130802,0.166082,-0.977398],"extended":true,"handId":466,"id":4661,"length":57.6453,"mcpPosition":[7.71793,281.014,-6.67174],"pipPosition":[-2.67724,296.442,-44.4536],"stabilizedTipPosition":[-6.03505,300.28,-80.5333],"timeVisible":10.6292,"tipPosition":[-6.34699,300.57,-80.4678],"tipVelocity":[-16.0414,16.0566,2.70206],"tool":false,"touchDistance":-0.0387033,"touchZone":"touching","type":1,"width":18.9605},{"bases":[[[0.968954,0.236542,0.0719397],[-0.228239,0.743927,0.628077],[0.0950486,-0.624997,0.774819]],[[0.970172,0.22791,0.0826058],[-0.129331,0.774824,-0.618807],[-0.205037,0.589665,0.781188]],[[0.970172,0.22791,0.0826058],[0.176453,-0.430254,-0.885294],[-0.166226,0.873464,-0.457635]],[[0.970172,0.22791,0.0826058],[0.240134,-0.856837,-0.456252],[-0.0332049,0.462479,-0.886008]]],"btipPosition":[41.9181,228.629,-9.04996],"carpPosition":[33.4857,246.613,51.7716],"dipPosition":[41.3065,237.148,-25.3708],"direction":[0.166226,-0.873464,0.457635],"extended":false,"handId":466,"id":4662,"length":65.6822,"mcpPosition":[26.9854,289.356,-1.21766],"pipPosition":[36.673,261.495,-38.1271],"stabilizedTipPosition":[42.8614,228.321,-12.7964],"timeVisible":10.6292,"tipPosition":[41.8968,230.175,-12.9952],"tipVelocity":[-15.7458,18.3724,-2.935],"tool":false,"touchDistance":0.333333,"touchZone":"none","type":2,"width":18.6218},{"bases":[[[0.986811,0.0852324,0.137623],[-0.155282,0.738623,0.655991],[-0.0457401,-0.668709,0.742116]],[[0.987867,0.114444,0.104983],[-0.0231591,0.776989,-0.629088],[-0.153566,0.619024,0.770212]],[[0.987867,0.114444,0.104983],[0.146914,-0.469499,-0.870625],[-0.0503482,0.875485,-0.480616]],[[0.987867,0.114444,0.104983],[0.149502,-0.8838,-0.443336],[0.0420466,0.453653,-0.890186]]],"btipPosition":[54.9503,232.474,2.61918],"carpPosition":[44.819,250.606,52.5649],"dipPosition":[55.7204,240.782,-13.6844],"direction":[0.0503482,-0.875485,0.480616],"extended":false,"handId":466,"id":4663,"length":63.1552,"mcpPosition":[47.6276,291.667,6.99743],"pipPosition":[54.3532,264.555,-26.7352],"stabilizedTipPosition":[56.1701,232.25,-1.17134],"timeVisible":10.6292,"tipPosition":[55.2095,233.94,-1.27629],"tipVelocity":[-14.3697,15.3475,1.59112],"tool":false,"touchDistance":0.333333,"touchZone":"none","type":3,"width":17.7198},{"bases":[[[0.986886,-0.115958,0.112297],[-0.00333385,0.680888,0.73238],[-0.161387,-0.72315,0.671572]],[[0.998756,-0.0341758,0.0363194],[0.0487665,0.821682,-0.567857],[-0.010436,0.568921,0.822326]],[[0.998756,-0.0341758,0.0363194],[0.0179341,-0.43342,-0.901014],[0.0465344,0.900544,-0.432268]],[[0.998756,-0.0341758,0.0363194],[-0.0117933,-0.869469,-0.493847],[0.0484562,0.492804,-0.86879]]],"btipPosition":[66.3143,244.101,7.2942],"carpPosition":[58.4904,248.309,51.0012],"dipPosition":[67.133,252.428,-7.385],"direction":[-0.0465344,-0.900544,0.432268],"extended":false,"handId":466,"id":4664,"length":49.5125,"mcpPosition":[67.6635,289.412,12.8296],"pipPosition":[68.0252,269.693,-15.6726],"stabilizedTipPosition":[67.4272,243.729,3.90163],"timeVisible":10.6292,"tipPosition":[66.4858,245.696,3.62782],"tipVelocity":[-12.3903,13.814,-3.52435],"tool":false,"touchDistance":0.333333,"touchZone":"none","type":4,"width":15.7401}],"r":[[0.484109,0.605888,0.631299],[-0.719888,0.685908,-0.106255],[-0.497392,-0.403026,0.768226]],"s":1.19207,"t":[36.4577,29.6