{"sensorType":"Leap","data":[[0,{"currentFrameRate":55.2406,"devices":[],"gestures":[],"hands":[{"armBasis":[[0.901144,0.432306,-0.0324315],[-0.412576,0.878176,0.242051],[0.13312,-0.204742,0.969721]],"armWidth":62.4607,"confidence":0.827238,"direction":[-0.139453,0.714648,-0.685442],"elbow":[93.549,180.5,312.29],"grabStrength":0,"id":466,"palmNormal":[0.398025,-0.593372,-0.699633],"palmPosition":[45.8456,267.236,14.8879],"palmVelocity":[6.28218,49.1034,4.97723],"palmWidth":89.1918,"pinchStrength":0.516743,"r":[[0.448804,0.646868,0.616553],[-0.746021,0.651039,-0.140002],[-0.491963,-0.397128,0.774766]],"s":1.19338,"sphereCenter":[44.7199,249.453,-28.5047],"sphereRadius":46.191,"stabilizedPalmPosition":[45.8279,266.783,14.8519],"t":[47.7947,26.5002,-87.2562],"timeVisible":17.4627,"type":"right","wrist":[58.3169,234.688,55.6401]}],"id":1676475,"interactionBox":{"center":[0,200,0],"size":[235.247,235.247,147.751]},"pointables":[{"bases":[[[-0.0183568,0.819222,0.573182],[-0.853296,-0.311625,0.418062],[0.521104,-0.48142,0.704759]],[[-0.116275,0.895296,0.43003],[-0.879003,-0.294339,0.375123],[0.462421,-0.334381,0.821192]],[[-0.116275,0.895296,0.43003],[-0.960488,0.00887445,-0.278179],[-0.252869,-0.445384,0.858889]],[[-0.116275,0.895296,0.43003],[-0.694378,0.236298,-0.679708],[-0.710154,-0.377636,0.594198]]],"btipPosition":[39.7768,255.569,-37.6228],"carpPosition":[37.6605,215.658,44.8961],"dipPosition":[23.4851,246.906,-23.9913],"direction":[0.252869,0.445384,-0.858889],"extended":false,"handId":466,"id":4660,"length":51.0864,"mcpPosition":[37.6605,215.658,44.8961],"pipPosition":[15.0338,232.02,4.71433],"stabilizedTipPosition":[36.0307,253.52,-34.4882],"timeVisible":17.4627,"tipPosition":[36.2947,253.236,-34.4054],"tipVelocity":[6.32444,55.0858,2.55245],"tool":false,"touchDistance":-0.00972092,"touchZone":"touching","type":0,"width":19.8498},{"bases":[[[0.870427,0.485122,0.0837496],[-0.436597,0.682088,0.586634],[0.227464,-0.547187,0.80551]],[[0.840643,0.541575,-0.00405607],[-0.490657,0.764736,0.417654],[0.229293,-0.349107,0.908597]],[[0.840643,0.541575,-0.00405607],[-0.531609,0.826559,0.18491],[0.103495,-0.153287,0.982747]],[[0.840643,0.541575,-0.00405607],[-0.54157,0.840653,0.00239098],[0.00470464,0.000186682,0.999989]]],"btipPosition":[7.14649,295.247,-83.6747],"carpPosition":[35.7373,237.456,52.711],"dipPosition":[7.22528,295.25,-66.9269],"direction":[-0.103495,0.153287,-0.982747],"extended":true,"handId":466,"id":4661,"length":57.6453,"mcpPosition":[19.3336,276.917,-5.37892],"pipPosition":[9.67736,291.619,-43.643],"stabilizedTipPosition":[7.16572,295.186,-79.828],"timeVisible":17.4627,"tipPosition":[6.87394,295.507,-79.7032],"tipVelocity":[9.60739,57.1116,6.27578],"tool":false,"touchDistance":0.0600242,"touchZone":"hovering","type":1,"width":18.9605},{"bases":[[[0.954746,0.283299,0.090565],[-0.278056,0.742105,0.609889],[0.105573,-0.607471,0.787295]],[[0.956592,0.271615,0.105625],[-0.134957,0.734097,-0.665498],[-0.258298,0.622356,0.738888]],[[0.956592,0.271615,0.105625],[0.213661,-0.407159,-0.888015],[-0.198192,0.872036,-0.447518]],[[0.956592,0.271615,0.105625],[0.286884,-0.813887,-0.505257],[-0.0512687,0.513627,-0.85648]]],"btipPosition":[56.7233,223.073,-6.27735],"carpPosition":[45.2705,244.702,54.2247],"dipPosition":[55.7789,232.534,-22.0542],"direction":[0.198192,-0.872036,0.447518],"extended":false,"handId":466,"id":4662,"length":65.6822,"mcpPosition":[38.0504,286.247,0.382289],"pipPosition":[50.2544,256.842,-34.5286],"stabilizedTipPosition":[56.0488,222.868,-10.0635],"timeVisible":17.4627,"tipPosition":[56.4751,225.462,-10.2212],"tipVelocity":[5.97684,53.0785,-0.591945],"tool":false,"touchDistance":0.333333,"touchZone":"none","type":2,"width":18.6218},{"bases":[[[0.978102,0.134063,0.159199],[-0.205626,0.740706,0.639588],[-0.032175,-0.658317,0.752053]],[[0.978522,0.165339,0.123114],[-0.0431916,0.748421,-0.661816],[-0.201565,0.642285,0.739488]],[[0.978522,0.165339,0.123114],[0.184504,-0.436102,-0.88078],[-0.0919366,0.884578,-0.457241]],[[0.978522,0.165339,0.123114],[0.205054,-0.841943,-0.499084],[0.0211373,0.51361,-0.857764]]],"btipPosition":[69.2939,228.106,4.77641],"carpPosition":[56.3811,249.241,55.2151],"dipPosition":[69.681,237.512,-10.9333],"direction":[0.0919366,-0.884578,0.457241],"extended":false,"handId":466,"id":4663,"length":63.1552,"mcpPosition":[58.3567,289.663,9.03755],"pipPosition":[67.1845,261.533,-23.3495],"stabilizedTipPosition":[68.8215,227.611,0.980471],"timeVisible":17.4627,"tipPosition":[69.354,230.234,1.16005],"tipVelocity":[6.00584,53.6599,-1.10001],"tool":false,"touchDistance":0.333333,"touchZone":"none","type":3,"width":17.7198},{"bases":[[[0.988244,-0.0672727,0.13729],[-0.0530215,0.69145,0.720476],[-0.143397,-0.719285,0.679755]],[[0.998069,0.0133076,0.0606787],[0.025048,0.807652,-0.589127],[-0.0568471,0.589509,0.805759]],[[0.998069,0.0133076,0.0606787],[0.0610675,-0.389295,-0.919087],[0.0113911,0.921017,-0.389355]],[[0.998069,0.0133076,0.0606787],[0.0452129,-0.82546,-0.562647],[0.0426004,0.564304,-0.824467]]],"btipPosition":[79.3618,240.827,8.84117],"carpPosition":[70.1791,247.569,54.0107],"dipPosition":[80.0816,250.362,-5.08915],"direction":[-0.0113911,-0.921017,0.389355],"extended":false,"handId":466,"id":4664,"length":49.5125,"mcpPosition":[78.3297,288.453,15.3739],"pipPosition":[80.3,268.02,-12.554],"stabilizedTipPosition":[78.7085,239.92,4.98672],"timeVisible":17.4627,"tipPosition":[79.5378,243.163,5.4998],"tipVelocity":[6.2521,50.7305,3.91086],"tool":false,"touchDistance":0.333333,"touchZone":"none","type":4,"width":15.7401}],"r":[[0.448804,0.646868,0.616553],[-0.746021,0.651039,-0.140002],[-0.491963,-0.397128,0.774766]],"s":1.19338,"t":[47.7947,26.5002,-87.2562],"timestamp":93343729269},false],[1,{"currentFrameRate":55.3579,"devices":[],"gestures":[],"hands":[{"armBasis":[[0.898328,0.438068,-0.0332273],[-0.417407,0.874655,0.246475],[0.137035,-0.207546,0.968579]],"armWidth":62.4607,"confidence":0.812513,"direction":[-0.141057,0.715264,-0.684471],"elbow":[94.3014,180.833,312.024],"grabStrength":0,"id":466,"palmNormal":[0.402293,-0.590315,-0.699777],"palmPosition":[45.5111,268.329,14.9538],"palmVelocity":[-5.50735,55.0791,4.39419],"palmWidth":89.1918,"pinchStrength":0.517371,"r":[[0.44853,0.645363,0.618326],[-0.745857,0.651462,-0.138908],[-0.492462,-0.398878,0.773549]],"s":1.19297,"sphereCenter":[44.6109,250.624,-28.482],"sphereRadius":46.1738,"stabilizedPalmPosition":[45.6318,267.74,14.9149],"t":[47.678,27.4895,-87.1806],"timeVisible":17.4803,"type":"right","wrist":[58.0332,235.763,55.6759]}],"id":1676476,"interactionBox":{"center":[0,200,0],"size":[235.247,235.247,147.751]},"pointables":[{"bases":[[[-0.0233465,0.818088,0.574619],[-0.852861,-0.316191,0.415512],[0.521615,-0.480369,0.705098]],[[-0.121205,0.893942,0.431482],[-0.878649,-0.298863,0.372367],[0.461829,-0.333988,0.821685]],[[-0.121205,0.893942,0.431482],[-0.959786,0.00534518,-0.280682],[-0.25322,-0.44815,0.857345]],[[-0.121205,0.893942,0.431482],[-0.695173,0.23384,-0.679745],[-0.708551,-0.382343,0.593102]]],"btipPosition":[39.6073,256.753,-37.6168],"carpPosition":[37.4871,216.661,44.8496],"dipPosition":[23.3523,247.981,-24.0104],"direction":[0.25322,0.44815,-0.857346],"extended":false,"handId":466,"id":4660,"length":51.0864,"mcpPosition":[37.4871,216.661,44.8496],"pipPosition":[14.8893,233.003,4.64362],"stabilizedTipPosition":[35.8813,254.64,-34.4874],"timeVisible":17.4803,"tipPosition":[36.1293,254.395,-34.3995],"tipVelocity":[-0.894528,60.0078,1.366],"tool":false,"touchDistance":-0.0097169,"touchZone":"touching","type":0,"width":19.8498},{"bases":[[[0.868054,0.48885,0.086651],[-0.441,0.679064,0.586849],[0.22804,-0.54763,0.805046]],[[0.838314,0.545187,-0.000886913],[-0.495019,0.761852,0.417777],[0.228442,-0.349789,0.908549]],[[0.838314,0.545187,-0.000886913],[-0.535645,0.823941,0.184947],[0.101562,-0.154569,0.982748]],[[0.838314,0.545187,-0.000886913],[-0.545184,0.838313,0.00236378],[0.00203221,-0.00149806,0.999997]]],"btipPosition":[6.94235,296.346,-83.651],"carpPosition":[35.4484,238.435,52.6993],"dipPosition":[6.97638,296.321,-66.9031],"direction":[-0.101562,0.154569,-0.982748],"extended":true,"handId":466,"id":4661,"length":57.6453,"mcpPosition":[19.0031,277.928,-5.35712],"pipPosition":[9.38265,292.659,-43.6191],"stabilizedTipPosition":[6.96875,296.241,-79.8015],"timeVisible":17.4803,"tipPosition":[6.65471,296.592,-79.6811],"tipVelocity":[-0.55737,59.3232,3.97006],"tool":false,"touchDistance":0.0604192,"touchZone":"hovering","type":1,"width":18.9605},{"bases":[[[0.953258,0.287395,0.0932975],[-0.282783,0.739745,0.610582],[0.106462,-0.608425,0.786438]],[[0.955119,0.275709,0.108317],[-0.137001,0.735347,-0.663698],[-0.262638,0.619071,0.740116]],[[0.955119,0.275709,0.108317],[0.21746,-0.404309,-0.888395],[-0.201145,0.872077,-0.446119]],[[0.955119,0.275709,0.108317],[0.291712,-0.811866,-0.505745],[-0.0514999,0.514644,-0.855856]]],"btipPosition":[56.6292,224.293,-6.30373],"carpPosition":[44.9455,245.721,54.2483],"dipPosition":[55.6805,233.773,-22.0691],"direction":[0.201145,-0.872077,0.446119],"extended":false,"handId":466,"id":4662,"length":65.6822,"mcpPosition":[37.6646,287.331,0.464466],"pipPosition":[50.0737,258.081,-34.5044],"stabilizedTipPosition":[56.1526,223.901,-10.0252],"timeVisible":17.4803,"tipPosition":[56.3828,226.665,-10.2188],"tipVelocity":[0.665913,60.6627,-0.943259],"tool":false,"touchDistance":0.333333,"touchZone":"none","type":2,"width":18.6218},{"bases":[[[0.977121,0.138139,0.161716],[-0.210416,0.738616,0.640446],[-0.0309753,-0.659821,0.750784]],[[0.977486,0.169482,0.125689],[-0.0456983,0.751582,-0.658055],[-0.205994,0.637496,0.742405]],[[0.977486,0.169482,0.125689],[0.188186,-0.430824,-0.882597],[-0.0954344,0.886378,-0.453019]],[[0.977486,0.169482,0.125689],[0.210012,-0.839083,-0.501831],[0.0204121,0.516928,-0.855785]]],"btipPosition":[69.1747,229.365,4.63326],"carpPosition":[56.0333,250.307,55.2728],"dipPosition":[69.5486,238.833,-11.0402],"direction":[0.0954344,-0.886378,0.453018],"extended":false,"handId":466,"id":4663,"length":63.1552,"mcpPosition":[57.9353,290.822,9.1731],"pipPosition":[66.9571,262.902,-23.3417],"stabilizedTipPosition":[68.9408,228.679,0.993483],"timeVisible":17.4803,"tipPosition":[69.2275,231.492,1.09761],"tipVelocity":[-0.0352175,62.2774,-4.15363],"tool":false,"touchDistance":0.333333,"touchZone":"none","type":3,"width":17.7198},{"bases":[[[0.988214,-0.063109,0.139466],[-0.057781,0.689895,0.7216],[-0.141756,-0.721153,0.678117]],[[0.997858,0.0177084,0.0629717],[0.0226963,0.809134,-0.587186],[-0.0613506,0.587358,0.806999]],[[0.997858,0.0177084,0.0629717],[0.0649074,-0.387635,-0.919525],[0.00812672,0.921643,-0.387954]],[[0.997858,0.0177084,0.0629717],[0.0501854,-0.824709,-0.563327],[0.0419577,0.565281,-0.823831]]],"btipPosition":[79.1605,242.11,8.94035],"carpPosition":[69.8414,248.7,54.0974],"dipPosition":[79.8694,251.661,-4.97921],"direction":[-0.00812672,-0.921643,0.387954],"extended":false,"handId":466,"id":4664,"length":49.5125,"mcpPosition":[77.8988,289.689,15.5537],"pipPosition":[80.0252,269.331,-12.4172],"stabilizedTipPosition":[78.8606,241.005,5.17277],"timeVisible":17.4803,"tipPosition":[79.3328,244.437,5.60442],"tipVelocity":[-2.0652,61.0739,4.77343],"tool":false,"touchDistance":0.333333,"touchZone":"none","type":4,"width":15.7401}],"r":[[0.44853,0.645363,0.618326],[-0.745857,0.651462,-0.138908],[-0.492462,-0.398878,0.773549]],"s":1.19297,"t":[47.678,27.4895,-87.1806],"timestamp":93343746928},false],[2,{"currentFrameRate":55.3498,"devices":[],"gestures":[],"hands":[{"armBasis":[[0.898598,0.437395,-0.0347488],[-0.416353,0.874997,0.247043],[0.138461,-0.207525,0.968381]],"armWidth":62.4607,"confidence":0.776657,"direction":[-0.140995,0.716125,-0.683583],"elbow":[94.4933,181.28,312.018],"grabStrength":0,"id":466,"palmNormal":[0.401177,-0.58992,-0.70075],"palmPosition":[45.3204,268.826,15.0456],"palmVelocity":[-7.89831,41.9461,4.71827],"palmWidth":89.1918,"pinchStrength":0.518021,"r":[[0.44853,0.643944,0.619804],[-0.745632,0.651961,-0.137766],[-0.492802,-0.400354,0.772569]],"s":1.19243,"sphereCenter":[44.4148,251.175,-28.4177],"sphereRadius":46.1514,"stabilizedPalmPosition":[45.4447,268.392,14.9935],"t":[47.5243,28.2326,-87.097],"timeVisible":17.4984,"type":"right","wrist":[57.8478,236.205,55.7222]}],"id":1676477,"interactionBox":{"center":[0,200,0],"size":[235.247,235.247,147.751]},"pointables":[{"bases":[[[-0.0221331,0.81749,0.575517],[-0.852793,-0.315878,0.415891],[0.52178,-0.481592,0.704141]],[[-0.120143,0.893647,0.432389],[-0.878874,-0.29829,0.372294],[0.461677,-0.335287,0.821242]],[[-0.120143,0.893647,0.432389],[-0.959824,0.00669027,-0.280524],[-0.253582,-0.44872,0.85694]],[[-0.120143,0.893647,0.432389],[-0.697522,0.233935,-0.677302],[-0.70642,-0.382974,0.595233]]],"btipPosition":[39.3664,257.322,-37.5874],"carpPosition":[37.2755,217.133,44.8926],"dipPosition":[23.1604,248.536,-23.9321],"direction":[0.253582,0.44872,-0.85694],"extended":false,"handId":466,"id":4660,"length":51.0864,"mcpPosition":[37.2755,217.133,44.8926],"pipPosition":[14.6852,233.539,4.70838],"stabilizedTipPosition":[35.6625,255.237,-34.4506],"timeVisible":17.4984,"tipPosition":[35.8851,254.968,-34.344],"tipVelocity":[-6.50372,46.3383,1.78488],"tool":false,"touchDistance":-0.00903929,"touchZone":"touching","type":0,"width":19.8498},{"bases":[[[0.868562,0.487983,0.0864445],[-0.4399,0.678824,0.58795],[0.228229,-0.548698,0.804265]],[[0.838867,0.544336,-0.000835636],[-0.493954,0.761868,0.419007],[0.228717,-0.351078,0.907983]],[[0.838867,0.544336,-0.000835636],[-0.53469,0.824287,0.186168],[0.102027,-0.155723,0.982518]],[[0.838867,0.544336,-0.000835636],[-0.54433,0.838864,0.00352156],[0.0026179,-0.00249926,0.999993]]],"btipPosition":[6.71078,296.987,-83.4971],"carpPosition":[35.2629,238.9,52.7675],"dipPosition":[6.75462,296.945,-66.7493],"direction":[-0.102027,0.155723,-0.982518],"extended":true,"handId":466,"id":4661,"length":57.6453,"mcpPosition":[18.804,278.47,-5.23259],"pipPosition":[9.17191,293.255,-43.4708],"stabilizedTipPosition":[6.7482,296.896,-79.6623],"timeVisible":17.4984,"tipPosition":[6.42488,297.223,-79.5286],"tipVelocity":[-6.31875,47.8514,6.12658],"tool":false,"touchDistance":0.0629841,"touchZone":"hovering","type":1,"width":18.9605},{"bases":[[[0.953592,0.286445,0.0928026],[-0.281609,0.73934,0.611615],[0.106581,-0.609365,0.785694]],[[0.955452,0.274762,0.107782],[-0.137227,0.736862,-0.661969],[-0.261304,0.617689,0.741741]],[[0.955452,0.274762,0.107782],[0.216124,-0.402624,-0.889485],[-0.201001,0.873155,-0.444071]],[[0.955452,0.274762,0.107782],[0.290532,-0.811239,-0.507428],[-0.0519849,0.516137,-0.854927]]],"btipPosition":[56.3852,224.82,-6.3358],"carpPosition":[44.7678,246.177,54.3163],"dipPosition":[55.4276,234.327,-22.0841],"direction":[0.201001,-0.873155,0.444071],"extended":false,"handId":466,"id":4662,"length":65.6822,"mcpPosition":[37.4787,287.851,0.583363],"pipPosition":[49.8248,258.666,-34.4623],"stabilizedTipPosition":[56.156,224.764,-10.0065],"timeVisible":17.4984,"tipPosition":[56.1365,227.184,-10.2101],"tipVelocity":[-6.11706,45.8375,-1.23417],"tool":false,"touchDistance":0.333333,"touchZone":"none","type":2,"width":18.6218},{"bases":[[[0.97738,0.137095,0.16104],[-0.209218,0.738114,0.641417],[-0.0309314,-0.660601,0.7501]],[[0.977742,0.16847,0.125053],[-0.0465683,0.755417,-0.653587],[-0.204577,0.633216,0.746448]],[[0.977742,0.16847,0.125053],[0.186693,-0.426605,-0.88496],[-0.0957407,0.888609,-0.448562]],[[0.977742,0.16847,0.125053],[0.208875,-0.837808,-0.50443],[0.0197895,0.519323,-0.854349]]],"btipPosition":[68.957,229.94,4.41442],"carpPosition":[55.8606,250.752,55.3363],"dipPosition":[69.3194,239.451,-11.2328],"direction":[0.0957407,-0.888609,0.448562],"extended":false,"handId":466,"id":4663,"length":63.1552,"mcpPosition":[57.7598,291.314,9.27865],"pipPosition":[66.7196,263.581,-23.4133],"stabilizedTipPosition":[68.9668,229.579,0.947086],"timeVisible":17.4984,"tipPosition":[69.0035,232.048,0.973077],"tipVelocity":[-5.8105,48.0396,-7.77072],"tool":false,"touchDistance":0.333333,"touchZone":"none","type":3,"width":17.7198},{"bases":[[[0.988274,-0.0641392,0.138565],[-0.0565581,0.68917,0.722389],[-0.141828,-0.721756,0.677461]],[[0.997928,0.0167848,0.0621179],[0.022842,0.810095,-0.585853],[-0.0601549,0.586058,0.808033]],[[0.997928,0.0167848,0.0621179],[0.0637684,-0.387005,-0.91987],[0.00860007,0.921925,-0.387273]],[[0.997928,0.0167848,0.0621179],[0.048946,-0.824674,-0.563486],[0.041769,0.565359,-0.823787]]],"btipPosition":[78.942,242.616,8.97821],"carpPosition":[69.6663,249.133,54.1476],"dipPosition":[79.6478,252.168,-4.94062],"direction":[-0.00860007,-0.921925,0.387273],"extended":false,"handId":466,"id":4664,"length":49.5125,"mcpPosition":[77.7277,290.157,15.6412],"pipPosition":[79.8126,269.844,-12.3655],"stabilizedTipPosition":[78.9197,241.929,5.3193],"timeVisible":17.4984,"tipPosition":[79.1131,244.928,5.64571],"tipVelocity":[-6.84308,45.3293,3.50276],"tool":false,"touchDistance":0.333333,"touchZone":"none","type":4,"width":15.7401}],"r":[[0.44853,0.643944,0.619804],[-0.745632,0.651961,-0.137766],[-0.492802,-0.400354,0.772569]],"s":1.19243,"t":[47.5243,28.2326,-87.097],"timestamp":93343765023},false],[3,{"currentFrameRate":55.332,"devices":[],"gestures":[],"hands":[{"armBasis":[[0.897238,0.440186,-0.0346444],[-0.418957,0.873485,0.247992],[0.139424,-0.207993,0.968142]],"armWidth":62.4607,"confidence":0.790143,"direction":[-0.14308,0.716057,-0.683221],"elbow":[94.4643,181.767,312.083],"grabStrength":0,"id":466,"palmNormal":[0.402907,-0.58839,-0.701044],"palmPosition":[44.9417,269.421,15.1907],"palmVelocity":[-14.0852,37.5913,6.28121],"palmWidth":89.1918,"pinchStrength":0.518605,"r":[[0.448151,0.643005,0.621051],[-0.745834,0.651936,-0.136788],[-0.492841,-0.401899,0.771741]],"s":1.19175,"sphereCenter":[44.1545,251.772,-28.3303],"sphereRadius":46.1413,"stabilizedPalmPosition":[45.1593,268.976,15.1054],"t":[47.2581,28.9016,-86.9826],"timeVisible":17.5166,"type":"right","wrist":[57.5638,236.816,55.8508]}],"id":1676478,"interactionBox":{"center":[0,200,0],"size":[235.247,235.247,147.751]},"pointables":[{"bases":[[[-0.0245276,0.81713,0.575931],[-0.851871,-0.318579,0.41572],[0.523177,-0.480422,0.703903]],[[-0.122272,0.892769,0.433604],[-0.877114,-0.301647,0.373738],[0.464457,-0.334623,0.819943]],[[-0.122272,0.892769,0.433604],[-0.960277,0.00399758,-0.279019],[-0.250833,-0.450496,0.856817]],[[-0.122272,0.892769,0.433604],[-0.701335,0.231407,-0.674225],[-0.702267,-0.386541,0.597836]]],"btipPosition":[38.8151,257.987,-37.4607],"carpPosition":[37.0475,217.689,45.0114],"dipPosition":[22.7044,249.119,-23.7457],"direction":[0.250833,0.450496,-0.856817],"extended":false,"handId":466,"id":4660,"length":51.0864,"mcpPosition":[37.0475,217.689,45.0114],"pipPosition":[14.3211,234.063,4.89065],"stabilizedTipPosition":[35.1797,255.857,-34.3245],"timeVisible":17.5166,"tipPosition":[35.4132,255.616,-34.2089],"tipVelocity":[-17.3097,41.2437,4.6222],"tool":false,"touchDistance":-0.00669935,"touchZone":"touching","type":0,"width":19.8498},{"bases":[[[0.867132,0.490475,0.0867027],[-0.441887,0.677238,0.588289],[0.229823,-0.548437,0.803989]],[[0.837382,0.546618,-0.00027595],[-0.496149,0.760277,0.419303],[0.229408,-0.35098,0.907846]],[[0.837382,0.546618,-0.00027595],[-0.537015,0.822764,0.186212],[0.102014,-0.155782,0.98251]],[[0.837382,0.546618,-0.00027595],[-0.546615,0.837378,0.00336117],[0.00206835,-0.00266374,0.999994]]],"btipPosition":[6.28455,297.514,-83.3416],"carpPosition":[34.9711,239.447,52.8972],"dipPosition":[6.31919,297.47,-66.5937],"direction":[-0.102014,0.155782,-0.98251],"extended":true,"handId":466,"id":4661,"length":57.6453,"mcpPosition":[18.3973,278.998,-5.08296],"pipPosition":[8.73618,293.779,-43.3154],"stabilizedTipPosition":[6.36041,297.413,-79.5153],"timeVisible":17.5166,"tipPosition":[5.99098,297.744,-79.3744],"tipVelocity":[-14.5595,38.9014,7.29395],"tool":false,"touchDistance":0.0655765,"touchZone":"hovering","type":1,"width":18.9605},{"bases":[[[0.95275,0.289182,0.0929596],[-0.283774,0.738204,0.611987],[0.108353,-0.609449,0.785386]],[[0.95464,0.277528,0.107894],[-0.140304,0.738852,-0.6591],[-0.262636,0.614065,0.744276]],[[0.95464,0.277528,0.107894],[0.216707,-0.399054,-0.890951],[-0.204208,0.873919,-0.441096]],[[0.95464,0.277528,0.107894],[0.292832,-0.809359,-0.509104],[-0.0539659,0.517606,-0.853916]]],"btipPosition":[56.1398,225.522,-6.4025],"carpPosition":[44.4547,246.75,54.4499],"dipPosition":[55.1457,235.057,-22.1321],"direction":[0.204208,-0.873919,0.441096],"extended":false,"handId":466,"id":4662,"length":65.6822,"mcpPosition":[37.0446,288.43,0.737984],"pipPosition":[49.4536,259.417,-34.4274],"stabilizedTipPosition":[56.0918,225.538,-10.0101],"timeVisible":17.5166,"tipPosition":[55.8826,227.857,-10.1849],"tipVelocity":[-9.86801,42.6092,-2.28567],"tool":false,"touchDistance":0.333333,"touchZone":"none","type":2,"width":18.6218},{"bases":[[[0.976973,0.139868,0.161122],[-0.211381,0.737174,0.641789],[-0.0290095,-0.661068,0.749765]],[[0.977242,0.171332,0.12507],[-0.0503304,0.760047,-0.647916],[-0.206068,0.626876,0.751374]],[[0.977242,0.171332,0.12507],[0.18683,-0.415959,-0.889985],[-0.100458,0.893098,-0.438503]],[[0.977242,0.171332,0.12507],[0.211517,-0.831654,-0.513432],[0.0160481,0.528203,-0.848967]]],"btipPosition":[68.7744,230.567,3.98361],"carpPosition":[55.5341,251.357,55.4724],"dipPosition":[69.0683,240.241,-11.565],"direction":[0.100458,-0.893098,0.438503],"extended":false,"handId":466,"id":4663,"length":63.1552,"mcpPosition":[57.3153,291.948,9.43527],"pipPosition":[66.3404,264.493,-23.4723],"stabilizedTipPosition":[68.9377,230.327,0.821434],"timeVisible":17.5166,"tipPosition":[68.7811,232.731,0.742642],"tipVelocity":[-8.25197,42.6142,-14.7891],"tool":false,"touchDistance":0.333333,"touchZone":"none","type":3,"width":17.7198},{"bases":[[[0.988456,-0.0613219,0.138544],[-0.0585792,0.688635,0.722738],[-0.139726,-0.72251,0.677093]],[[0.997875,0.0197119,0.0620977],[0.0203664,0.810986,-0.584712],[-0.0618861,0.584734,0.808861]],[[0.997875,0.0197119,0.0620977],[0.0648848,-0.386796,-0.91988],[0.00588654,0.921955,-0.387253]],[[0.997875,0.0197119,0.0620977],[0.0513176,-0.825032,-0.562751],[0.0401397,0.564742,-0.824291]]],"btipPosition":[78.6403,243.361,9.11391],"carpPosition":[69.3445,249.779,54.283],"dipPosition":[79.3185,252.903,-4.81342],"direction":[-0.00588654,-0.921955,0.387253],"extended":false,"handId":466,"id":4664,"length":49.5125,"mcpPosition":[77.2864,290.846,15.7975],"pipPosition":[79.4314,270.579,-12.2379],"stabilizedTipPosition":[78.8913,242.765,5.45564],"timeVisible":17.5166,"tipPosition":[78.8042,245.65,5.78331],"tipVelocity":[-11.674,43.2407,5.34732],"tool":false,"touchDistance":0.333333,"touchZone":"none","type":4,"width":15.7401}],"r":[[0.448151,0.643005,0.621051],[-0.745834,0.651936,-0.136788],[-0.492841,-0.401899,0.771741]],"s":1.19175,"t":[47.2581,28.9016,-86.9826],"timestamp":93343783157},false],[4,{"currentFrameRate":55.3526,"devices":[],"gestures":[],"hands":[{"armBasis":[[0.892774,0.449405,-0.0314612],[-0.4282,0.868203,0.250735],[0.139996,-0.210378,0.967544]],"armWidth":62.4607,"confidence":0.80459,"direction":[-0.14841,0.716265,-0.681864],"elbow":[94.3621,181.905,311.995],"grabStrength":0,"id":466,"palmNormal":[0.410311,-0.582752,-0.701459],"palmPosition":[44.4686,270.162,15.3077],"palmVelocity":[-19.865,39.3048,6.38501],"palmWidth":89.1918,"pinchStrength":0.519039,"r":[[0.446294,0.642828,0.62257],[-0.747198,0.650525,-0.136058],[-0.492459,-0.404462,0.770646]],"s":1.19114,"sphereCenter":[44.0071,252.611,-28.2853],"sphereRadius":46.1323,"stabilizedPalmPosition":[44.7923,269.606,15.2129],"t":[46.8884,29.6068,-86.8669],"timeVisible":17.5346,"type":"right","wrist":[57.3102,237.584,55.9208]}],"id":1676479,"interactionBox":{"center":[0,200,0],"size":[235.247,235.247,147.751]},"pointables":[{"bases":[[[-0.0338809,0.815468,0.577809],[-0.849722,-0.327862,0.412891],[0.526141,-0.476988,0.70403]],[[-0.131871,0.890403,0.435651],[-0.874427,-0.311492,0.371954],[0.466891,-0.331895,0.81967]],[[-0.131871,0.890403,0.435651],[-0.960063,-0.00532085,-0.279734],[-0.246758,-0.455141,0.855545]],[[-0.131871,0.890403,0.435651],[-0.705422,0.224467,-0.672305],[-0.696412,-0.395975,0.59851]]],"btipPosition":[38.3856,258.821,-37.4455],"carpPosition":[37.0075,218.285,44.9861],"dipPosition":[22.4091,249.737,-23.715],"direction":[0.246758,0.455141,-0.855545],"extended":false,"handId":466,"id":4660,"length":51.0864,"mcpPosition":[37.0075,218.285,44.9861],"pipPosition":[14.162,234.525,4.8788],"stabilizedTipPosition":[34.7856,256.592,-34.2934],"timeVisible":17.5346,"tipPosition":[35.0646,256.416,-34.1788],"tipVelocity":[-19.6042,42.348,2.92715],"tool":false,"touchDistance":-0.00638634,"touchZone":"touching","type":0,"width":19.8498},{"bases":[[[0.862096,0.498693,0.0899746],[-0.449885,0.671487,0.58882],[0.233224,-0.548098,0.803241]],[[0.832071,0.55466,0.00320915],[-0.504509,0.754407,0.41993],[0.230498,-0.351031,0.907551]],[[0.832071,0.55466,0.00320915],[-0.545403,0.817104,0.186753],[0.100962,-0.157142,0.982402]],[[0.832071,0.55466,0.00320915],[-0.554669,0.832062,0.0038043],[-0.000560117,-0.00494546,0.999988]]],"btipPosition":[5.79133,298.118,-83.2511],"carpPosition":[34.7001,240.002,52.9186],"dipPosition":[5.78195,298.035,-66.5034],"direction":[-0.100962,0.157142,-0.982402],"extended":true,"handId":466,"id":4661,"length":57.6453,"mcpPosition":[17.881,279.529,-5.00763],"pipPosition":[8.17402,294.312,-43.2276],"stabilizedTipPosition":[5.89862,297.967,-79.4214],"timeVisible":17.5346,"tipPosition":[5.48492,298.33,-79.2862],"tipVelocity":[-20.9123,36.1313,6.21895],"tool":false,"touchDistance":0.0670834,"touchZone":"hovering","type":1,"width":18.9605},{"bases":[[[0.949658,0.29823,0.0959615],[-0.292431,0.733933,0.613046],[0.1124,-0.610247,0.784197]],[[0.951615,0.286626,0.110787],[-0.146881,0.740943,-0.655309],[-0.269916,0.60733,0.747192]],[[0.951615,0.286626,0.110787],[0.222084,-0.392315,-0.892619],[-0.212385,0.874033,-0.436988]],[[0.951615,0.286626,0.110787],[0.301856,-0.804405,-0.511679],[-0.0575433,0.520364,-0.852004]]],"btipPosition":[56.1544,226.484,-6.54699],"carpPosition":[44.1083,247.394,54.5116],"dipPosition":[55.0944,236.07,-22.2414],"direction":[0.212385,-0.874033,0.436988],"extended":false,"handId":466,"id":4662,"length":65.6822,"mcpPosition":[36.4213,289.128,0.880994],"pipPosition":[49.1743,260.433,-34.4222],"stabilizedTipPosition":[56.0474,226.311,-10.0461],"timeVisible":17.5346,"tipPosition":[55.8801,228.799,-10.241],"tipVelocity":[-5.21043,48.0695,-4.7932],"tool":false,"touchDistance":0.333333,"touchZone":"none","type":2,"width":18.6218},{"bases":[[[0.975172,0.148995,0.163828],[-0.220103,0.733538,0.643022],[-0.0243665,-0.663116,0.74812]],[[0.975221,0.180555,0.127843],[-0.0572072,0.764021,-0.64265],[-0.213708,0.619413,0.755418]],[[0.975221,0.180555,0.127843],[0.192518,-0.407901,-0.892498],[-0.108998,0.894995,-0.432554]],[[0.975221,0.180555,0.127843],[0.22089,-0.826797,-0.517314],[0.0122963,0.532735,-0.846193]]],"btipPosition":[68.7301,231.634,3.79471],"carpPosition":[55.1397,252.106,55.5719],"dipPosition":[68.9553,241.391,-11.7031],"direction":[0.108998,-0.894995,0.432554],"extended":false,"handId":466,"id":4663,"length":63.1552,"mcpPosition":[56.6359,292.823,9.63586],"pipPosition":[65.9956,265.695,-23.4489],"stabilizedTipPosition":[68.904,231.095,0.6936],"timeVisible":17.5346,"tipPosition":[68.7173,233.795,0.637872],"tipVelocity":[-5.9246,51.0216,-12.4486],"tool":false,"touchDistance":0.333333,"touchZone":"none","type":3,"width":17.7198},{"bases":[[[0.988671,-0.052018,0.1408],[-0.0670311,0.686296,0.724227],[-0.134304,-0.72546,0.675034]],[[0.997483,0.0292872,0.0645692],[0.0138158,0.812952,-0.582167],[-0.0695417,0.581594,0.810501]],[[0.997483,0.0292872,0.0645692],[0.0708682,-0.384218,-0.920518],[-0.00215075,0.922778,-0.385327]],[[0.997483,0.0292872,0.0645692],[0.0606791,-0.823695,-0.563777],[0.0366739,0.566276,-0.823399]]],"btipPosition":[78.4333,244.482,9.25154],"carpPosition":[68.9676,250.666,54.4124],"dipPosition":[79.0529,254.05,-4.66073],"direction":[0.00215075,-0.922778,0.385327],"extended":false,"handId":466,"id":4664,"length":49.5125,"mcpPosition":[76.6013,291.9,16.044],"pipPosition":[79.0117,271.742,-12.0483],"stabilizedTipPosition":[78.8221,243.624,5.58628],"timeVisible":17.5346,"tipPosition":[78.5831,246.763,5.92859],"tipVelocity":[-11.9493,52.4328,6.52837],"tool":false,"touchDistance":0.333333,"touchZone":"none","type":4,"width":15.7401}],"r":[[0.446294,0.642828,0.62257],[-0.747198,0.650525,-0.136058],[-0.492459,-0.404462,0.770646]],"s":1.19114,"t":[46.8884,29.6068,-86.8669],"timestamp":93343801152},false],[5,{"currentFrameRate":55.3433,"devices":[],"gestures":[],"hands":[{"armBasis":[[0.892518,0.45009,-0.0288322],[-0.429606,0.867878,0.24945],[0.137298,-0.210252,0.967958]],"armWidth":62.4607,"confidence":0.82531,"direction":[-0.151394,0.716346,-0.681123],"elbow":[93.4794,182.565,311.947],"grabStrength":0,"id":466,"palmNormal":[0.410427,-0.581304,-0.702592],"palmPosition":[44.1467,270.785,15.1946],"palmVelocity":[-18.8743,36.9651,0.377323],"palmWidth":89.1918,"pinchStrength":0.520635,"r":[[0.444727,0.642816,0.623704],[-0.748652,0.649048,-0.135117],[-0.491669,-0.406847,0.769894]],"s":1.19068,"sphereCenter":[43.683,253.265,-28.4221],"sphereRadius":46.1267,"stabilizedPalmPosition":[44.4666,270.201,15.2037],"t":[46.5427,30.2707,-86.8656],"timeVisible":17.5527,"type":"right","wrist":[57.1417,238.212,55.7628]}],"id":1676480,"interactionBox":{"center":[0,200,0],"size":[235.247,235.247,147.751]},"pointables":[{"bases":[[[-0.0347881,0.815009,0.578402],[-0.848166,-0.330183,0.414238],[0.528587,-0.476171,0.70275]],[[-0.133326,0.889865,0.436308],[-0.872737,-0.31403,0.373784],[0.469631,-0.330947,0.818487]],[[-0.133326,0.889865,0.436308],[-0.960777,-0.00803475,-0.277205],[-0.24317,-0.456154,0.856033]],[[-0.133326,0.889865,0.436308],[-0.710014,0.221384,-0.668483],[-0.691451,-0.398911,0.6023]]],"btipPosition":[37.8758,259.461,-37.6241],"carpPosition":[36.8656,218.87,44.8529],"dipPosition":[22.0132,250.309,-23.8067],"direction":[0.24317,0.456154,-0.856033],"extended":false,"handId":466,"id":4660,"length":51.0864,"mcpPosition":[36.8656,218.87,44.8529],"pipPosition":[13.886,235.064,4.80343],"stabilizedTipPosition":[34.3338,257.21,-34.417],"timeVisible":17.5527,"tipPosition":[34.6027,257.059,-34.3221],"tipVelocity":[-22.9862,38.6189,-2.63368],"tool":false,"touchDistance":-0.00903016,"touchZone":"touching","type":0,"width":19.8498},{"bases":[[[0.861053,0.500717,0.0887155],[-0.450422,0.670015,0.590084],[0.236024,-0.548053,0.802453]],[[0.830791,0.556581,0.00218475],[-0.505517,0.752915,0.421393],[0.232894,-0.351194,0.906876]],[[0.830791,0.556581,0.00218475],[-0.546971,0.815707,0.188269],[0.103005,-0.157607,0.982115]],[[0.830791,0.556581,0.00218475],[-0.556584,0.830775,0.0052946],[0.00113184,-0.0056147,0.999984]]],"btipPosition":[5.23191,298.718,-83.2738],"carpPosition":[34.5203,240.577,52.8037],"dipPosition":[5.25087,298.624,-66.5262],"direction":[-0.103005,0.157607,-0.982115],"extended":true,"handId":466,"id":4661,"length":57.6453,"mcpPosition":[17.4993,280.1,-5.06566],"pipPosition":[7.69134,294.89,-43.2572],"stabilizedTipPosition":[5.3869,298.531,-79.4218],"timeVisible":17.5527,"tipPosition":[4.9325,298.92,-79.3104],"tipVelocity":[-25.4944,34.6545,2.66302],"tool":false,"touchDistance":0.0667043,"touchZone":"hovering","type":1,"width":18.9605},{"bases":[[[0.94911,0.300462,0.0944106],[-0.293076,0.732827,0.614062],[0.115316,-0.610481,0.783591]],[[0.95111,0.28893,0.109129],[-0.150873,0.742955,-0.652115],[-0.269493,0.603769,0.750224]],[[0.95111,0.28893,0.109129],[0.2206,-0.388224,-0.894772],[-0.21616,0.875101,-0.432982]],[[0.95111,0.28893,0.109129],[0.302727,-0.802095,-0.514782],[-0.0612039,0.52265,-0.850347]]],"btipPosition":[55.9129,227.193,-6.91828],"carpPosition":[43.9135,247.99,54.3843],"dipPosition":[54.7854,236.821,-22.5822],"direction":[0.21616,-0.875101,0.432982],"extended":false,"handId":466,"id":4662,"length":65.6822,"mcpPosition":[36.0271,289.74,0.795147],"pipPosition":[48.7601,261.214,-34.6513],"stabilizedTipPosition":[55.9594,227.003,-10.1522],"timeVisible":17.5527,"tipPosition":[55.6198,229.492,-10.5221],"tipVelocity":[-9.48576,44.0807,-12.0854],"tool":false,"touchDistance":0.333333,"touchZone":"none","type":2,"width":18.6218},{"bases":[[[0.975109,0.151246,0.162132],[-0.220692,0.732586,0.643904],[-0.0213881,-0.663658,0.74773]],[[0.975016,0.182825,0.126172],[-0.0603127,0.764538,-0.641751],[-0.213791,0.618107,0.756463]],[[0.975016,0.182825,0.126172],[0.191898,-0.407135,-0.892982],[-0.111891,0.894883,-0.432047]],[[0.975016,0.182825,0.126172],[0.221927,-0.826324,-0.517625],[0.00962398,0.532694,-0.846253]]],"btipPosition":[68.4742,232.351,3.61568],"carpPosition":[54.9355,252.728,55.4274],"dipPosition":[68.6504,242.107,-11.8832],"direction":[0.111891,-0.894883,0.432047],"extended":false,"handId":466,"id":4663,"length":63.1552,"mcpPosition":[56.2488,293.478,9.51525],"pipPosition":[65.6121,266.407,-23.6153],"stabilizedTipPosition":[68.8252,231.803,0.563498],"timeVisible":17.5527,"tipPosition":[68.4546,234.503,0.44786],"tipVelocity":[-10.1286,45.5734,-11.2386],"tool":false,"touchDistance":0.333333,"touchZone":"none","type":3,"width":17.7198},{"bases":[[[0.989051,-0.0497192,0.138949],[-0.0673568,0.685662,0.724797],[-0.131308,-0.72622,0.674806]],[[0.997528,0.0316921,0.0627213],[0.0106386,0.814141,-0.58057],[-0.0694634,0.579802,0.811791]],[[0.997528,0.0316921,0.0627213],[0.0700814,-0.38271,-0.921207],[-0.00519087,0.923325,-0.383985]],[[0.997528,0.0316921,0.0627213],[0.0616453,-0.823126,-0.564503],[0.0337373,0.566974,-0.823045]]],"btipPosition":[78.1653,245.222,9.0172],"carpPosition":[68.7647,251.322,54.2415],"dipPosition":[78.7353,254.801,-4.88909],"direction":[0.00519087,-0.923325,0.383985],"extended":false,"handId":466,"id":4664,"length":49.5125,"mcpPosition":[76.2281,292.6,15.8861],"pipPosition":[78.6358,272.504,-12.2509],"stabilizedTipPosition":[78.7115,244.424,5.63522],"timeVisible":17.5527,"tipPosition":[78.3019,247.491,5.71626],"tipVelocity":[-13.6079,46.994,-2.69889],"tool":false,"touchDistance":0.333333,"touchZone":"none","type":4,"width":15.7401}],"r":[[0.444727,0.642816,0.623704],[-0.748652,0.649048,-0.135117],[-0.491669,-0.406847,0.769894]],"s":1.19068,"t":[46.5427,30.2707,-86.8656],"timestamp":93343819253},false],[6,{"currentFrameRate":55.3325,"devices":[],"gestures":[],"hands":[{"armBasis":[[0.8954,0.444143,-0.0315453],[-0.423612,0.871546,0.246901],[0.137152,-0.207712,0.968527]],"armWidth":62.4607,"confidence":0.833967,"direction":[-0.150161,0.716942,-0.680768],"elbow":[93.1358,183.67,311.679],"grabStrength":0,"id":466,"palmNormal":[0.404564,-0.583727,-0.703982],"palmPosition":[43.8606,271.274,14.8166],"palmVelocity":[-17.4107,32.2322,-9.73456],"palmWidth":89.1918,"pinchStrength":0.523577,"r":[[0.444649,0.642364,0.624224],[-0.749216,0.648664,-0.13383],[-0.490879,-0.408172,0.769697]],"s":1.19057,"sphereCenter":[43.1065,253.764,-28.7682],"sphereRadius":46.1332,"stabilizedPalmPosition":[44.1894,270.692,15.0266],"t":[46.2267,30.8473,-87.054],"timeVisible":17.5708,"type":"right","wrist":[56.8365,238.644,55.345]}],"id":1676481,"interactionBox":{"center":[0,200,0],"size":[235.247,235.247,147.751]},"pointables":[{"bases":[[[-0.0281524,0.815364,0.578264],[-0.848327,-0.325473,0.417623],[0.528724,-0.4788,0.700857]],[[-0.126845,0.890712,0.436511],[-0.872971,-0.309198,0.377252],[0.470991,-0.333209,0.816786]],[[-0.126845,0.890712,0.436511],[-0.961864,-0.0029385,-0.273511],[-0.242337,-0.454558,0.857117]],[[-0.126845,0.890712,0.436511],[-0.711406,0.224977,-0.665798],[-0.69124,-0.394989,0.605121]]],"btipPosition":[37.3253,259.967,-37.9748],"carpPosition":[36.4143,219.409,44.5199],"dipPosition":[21.4675,250.905,-24.0927],"direction":[0.242337,0.454558,-0.857117],"extended":false,"handId":466,"id":4660,"length":51.0864,"mcpPosition":[36.4143,219.409,44.5199],"pipPosition":[13.3682,235.713,4.55365],"stabilizedTipPosition":[33.8361,257.72,-34.694],"timeVisible":17.5708,"tipPosition":[34.0494,257.586,-34.6597],"tipVelocity":[-26.4845,34.0772,-10.205],"tool":false,"touchDistance":-0.0146278,"touchZone":"touching","type":0,"width":19.8498},{"bases":[[[0.864079,0.49609,0.0852203],[-0.444515,0.672618,0.591601],[0.236167,-0.549071,0.801714]],[[0.833848,0.551993,-0.00105255],[-0.499757,0.755747,0.423191],[0.234394,-0.352351,0.90604]],[[0.833848,0.551993,-0.00105255],[-0.541747,0.818733,0.190227],[0.105866,-0.15805,0.98174]],[[0.833848,0.551993,-0.00105255],[-0.551972,0.833831,0.00728849],[0.00490085,-0.00549651,0.999973]]],"btipPosition":[4.72422,299.402,-83.5075],"carpPosition":[34.2169,241.13,52.4726],"dipPosition":[4.8063,299.31,-66.76],"direction":[-0.105866,0.15805,-0.98174],"extended":true,"handId":466,"id":4661,"length":57.6453,"mcpPosition":[17.1856,280.727,-5.34355],"pipPosition":[7.31455,295.565,-43.4999],"stabilizedTipPosition":[4.91675,299.152,-79.5925],"timeVisible":17.5708,"tipPosition":[4.44361,299.596,-79.5459],"tipVelocity":[-26.3213,36.1478,-4.74371],"tool":false,"touchDistance":0.0628098,"touchZone":"hovering","type":1,"width":18.9605},{"bases":[[[0.951075,0.295365,0.0906408],[-0.28674,0.734587,0.614949],[0.115051,-0.610853,0.78334]],[[0.953071,0.283823,0.105359],[-0.150072,0.745151,-0.649791],[-0.262934,0.603486,0.752775]],[[0.953071,0.283823,0.105359],[0.214556,-0.387691,-0.896472],[-0.213593,0.877006,-0.430393]],[[0.953071,0.283823,0.105359],[0.296325,-0.803235,-0.516725],[-0.0620307,0.523696,-0.849644]]],"btipPosition":[55.3073,227.662,-7.4767],"carpPosition":[43.656,248.493,54.0144],"dipPosition":[54.1646,237.309,-23.1277],"direction":[0.213593,-0.877006,0.430393],"extended":false,"handId":466,"id":4662,"length":65.6822,"mcpPosition":[35.7878,290.269,0.442388],"pipPosition":[48.2108,261.755,-35.1246],"stabilizedTipPosition":[55.7887,227.54,-10.3246],"timeVisible":17.5708,"tipPosition":[55.0127,229.942,-11.0209],"tipVelocity":[-20.9758,35.5556,-20.9287],"tool":false,"touchDistance":0.333333,"touchZone":"none","type":2,"width":18.6218},{"bases":[[[0.976531,0.146031,0.158311],[-0.214243,0.733965,0.644511],[-0.0220756,-0.663302,0.748026]],[[0.976476,0.177415,0.122552],[-0.0570911,0.76079,-0.646482],[-0.207933,0.624277,0.753022]],[[0.976476,0.177415,0.122552],[0.18779,-0.420382,-0.887702],[-0.105973,0.889833,-0.443809]],[[0.976476,0.177415,0.122552],[0.215261,-0.835182,-0.506096],[0.0125643,0.520571,-0.853726]]],"btipPosition":[67.8171,232.862,3.7904],"carpPosition":[54.7074,253.172,55.0133],"dipPosition":[68.0472,242.396,-11.8454],"direction":[0.105973,-0.889833,0.443809],"extended":false,"handId":466,"id":4663,"length":63.1552,"mcpPosition":[56.0628,293.9,9.083],"pipPosition":[65.1696,266.559,-23.8968],"stabilizedTipPosition":[68.6399,232.434,0.491834],"timeVisible":17.5708,"tipPosition":[67.8539,234.945,0.322237],"tipVelocity":[-22.247,35.9692,-2.12735],"tool":false,"touchDistance":0.333333,"touchZone":"none","type":3,"width":17.7198},{"bases":[[[0.989298,-0.0550132,0.13514],[-0.0608518,0.686239,0.724826],[-0.132613,-0.725292,0.675548]],[[0.99792,0.0263477,0.058834],[0.0127174,0.814262,-0.580358],[-0.0631974,0.5799,0.812233]],[[0.99792,0.0263477,0.058834],[0.0644408,-0.383057,-0.921474],[-0.00174194,0.923349,-0.383958]],[[0.99792,0.0263477,0.058834],[0.0550242,-0.82363,-0.564453],[0.0335854,0.566516,-0.823366]]],"btipPosition":[77.7181,245.542,8.49753],"carpPosition":[68.5241,251.691,53.7744],"dipPosition":[78.2856,255.114,-5.41418],"direction":[0.00174194,-0.923349,0.383958],"extended":false,"handId":466,"id":4664,"length":49.5125,"mcpPosition":[76.0617,292.916,15.3768],"pipPosition":[78.2522,272.816,-12.7755],"stabilizedTipPosition":[78.5538,245.03,5.57359],"timeVisible":17.5708,"tipPosition":[77.8534,247.801,5.20504],"tipVelocity":[-18.8977,32.9925,-15.1015],"tool":false,"touchDistance":0.333333,"touchZone":"none","type":4,"width":15.7401}],"r":[[0.444649,0.642364,0.624224],[-0.749216,0.648664,-0.13383],[-0.490879,-0.408172,0.769697]],"s":1.19057,"t":[46.2267,30.8473,-87.054],"timestamp":93343837363},false