{"sensorType":"Leap","data":[[0,{"currentFrameRate":55.2941,"devices":[],"gestures":[],"hands":[{"armBasis":[[0.910061,0.411903,-0.0460897],[-0.395912,0.89682,0.197401],[0.122644,-0.161399,0.979239]],"armWidth":62.4607,"confidence":0.90925,"direction":[-0.133677,0.734606,-0.665195],"elbow":[89.3842,175.33,313.299],"grabStrength":0,"id":466,"palmNormal":[0.390909,-0.57771,-0.716548],"palmPosition":[44.6996,251.826,14.3158],"palmVelocity":[1.84445,11.4997,7.87203],"palmWidth":89.1918,"pinchStrength":0.536388,"r":[[0.467852,0.617334,0.632466],[-0.731427,0.67215,-0.115012],[-0.496114,-0.408794,0.766002]],"s":1.16822,"sphereCenter":[43.0165,233.733,-30.2821],"sphereRadius":46.2367,"stabilizedPalmPosition":[43.952,250.569,13.1703],"t":[46.721,11.7758,-87.8797],"timeVisible":23.0481,"type":"right","wrist":[56.9248,218.047,54.1295]}],"id":1676783,"interactionBox":{"center":[0,200,0],"size":[235.247,235.247,147.751]},"pointables":[{"bases":[[[-0.00927312,0.803245,0.595577],[-0.855553,-0.31469,0.411096],[0.517632,-0.505736,0.690136]],[[-0.0762747,0.862009,0.501121],[-0.880931,-0.293682,0.371096],[0.467058,-0.413147,0.781771]],[[-0.0762747,0.862009,0.501121],[-0.964288,0.064073,-0.256989],[-0.253635,-0.502826,0.826338]],[[-0.0762747,0.862009,0.501121],[-0.631703,0.347074,-0.693175],[-0.771449,-0.369431,0.518061]]],"btipPosition":[39.3843,245.02,-34.8471],"carpPosition":[36.0632,199.523,42.9083],"dipPosition":[21.6864,236.545,-22.9622],"direction":[0.253635,0.502826,-0.826338],"extended":false,"handId":466,"id":4660,"length":51.0864,"mcpPosition":[36.0632,199.523,42.9083],"pipPosition":[13.2095,219.739,4.65544],"stabilizedTipPosition":[35.6959,242.365,-32.4731],"timeVisible":23.0481,"tipPosition":[35.9469,242.191,-32.0996],"tipVelocity":[-17.3421,31.1734,15.815],"tool":false,"touchDistance":0.0589551,"touchZone":"hovering","type":0,"width":19.8498},{"bases":[[[0.875298,0.474107,0.09527],[-0.428814,0.669881,0.606117],[0.223545,-0.571386,0.789649]],[[0.831183,0.555401,-0.0257865],[-0.508693,0.778364,0.367941],[0.224426,-0.292709,0.929491]],[[0.831183,0.555401,-0.0257865],[-0.544722,0.822741,0.162406],[0.111416,-0.120942,0.986387]],[[0.831183,0.555401,-0.0257865],[-0.555415,0.831541,0.00726345],[0.0254767,0.00828497,0.999641]]],"btipPosition":[5.72939,277.374,-84.8773],"carpPosition":[34.3682,221.115,51.3249],"dipPosition":[6.15607,277.513,-68.1353],"direction":[-0.111416,0.120942,-0.986387],"extended":true,"handId":466,"id":4661,"length":57.6453,"mcpPosition":[18.2472,262.321,-5.62118],"pipPosition":[8.79582,274.647,-44.7652],"stabilizedTipPosition":[3.49768,274.583,-83.8847],"timeVisible":23.0481,"tipPosition":[5.93381,277.686,-80.9744],"tipVelocity":[0.967308,12.5811,8.52836],"tool":false,"touchDistance":0.40104,"touchZone":"hovering","type":1,"width":18.9605},{"bases":[[[0.957644,0.27136,0.0963451],[-0.269649,0.727683,0.630687],[0.101035,-0.629953,0.770033]],[[0.958203,0.267772,0.100725],[-0.150264,0.770658,-0.619279],[-0.24345,0.57826,0.778683]],[[0.958203,0.267772,0.100725],[0.194711,-0.352443,-0.915353],[-0.209606,0.896707,-0.38985]],[[0.958203,0.267772,0.100725],[0.277842,-0.78707,-0.550749],[-0.0681976,0.555715,-0.828571]]],"btipPosition":[55.6664,208.752,-10.3056],"carpPosition":[43.9748,228.223,53.0178],"dipPosition":[54.4102,218.989,-25.5684],"direction":[0.209606,-0.896707,0.38985],"extended":false,"handId":466,"id":4662,"length":65.6822,"mcpPosition":[37.0651,271.305,0.355888],"pipPosition":[48.5676,243.984,-36.4352],"stabilizedTipPosition":[52.4093,207.221,-17.6117],"timeVisible":23.0481,"tipPosition":[55.3787,211.059,-13.8829],"tipVelocity":[3.11156,15.7239,5.4192],"tool":false,"touchDistance":0.333333,"touchZone":"none","type":2,"width":18.6218},{"bases":[[[0.979658,0.120067,0.160792],[-0.197183,0.724759,0.660184],[-0.0372691,-0.67846,0.733691]],[[0.980339,0.150857,0.127193],[-0.0369469,0.773531,-0.63268],[-0.193832,0.615541,0.763897]],[[0.980339,0.150857,0.127193],[0.178874,-0.407274,-0.895618],[-0.0833082,0.900761,-0.426251]],[[0.980339,0.150857,0.127193],[0.195548,-0.829003,-0.523942],[0.026403,0.538512,-0.842204]]],"btipPosition":[67.6874,213.002,2.60293],"carpPosition":[55.1312,232.624,54.1097],"dipPosition":[68.1709,222.864,-12.8218],"direction":[0.0833082,-0.900761,0.426251],"extended":false,"handId":466,"id":4663,"length":63.1552,"mcpPosition":[57.4196,274.283,9.0596],"pipPosition":[65.9087,247.324,-24.3965],"stabilizedTipPosition":[65.3058,211.779,-3.75406],"timeVisible":23.0481,"tipPosition":[67.7715,215.022,-0.797318],"tipVelocity":[2.8521,17.0895,9.91985],"tool":false,"touchDistance":0.333333,"touchZone":"none","type":3,"width":17.7198},{"bases":[[[0.987784,-0.0806773,0.133321],[-0.0449226,0.671804,0.739366],[-0.149216,-0.736322,0.659973]],[[0.998237,0.00145162,0.0593323],[0.0326647,0.821231,-0.56966],[-0.0495524,0.570594,0.819736]],[[0.998237,0.00145162,0.0593323],[0.0555949,-0.372822,-0.926236],[0.0207758,0.927902,-0.372245]],[[0.998237,0.00145162,0.0593323],[0.0354871,-0.815908,-0.577091],[0.047572,0.578179,-0.814522]]],"btipPosition":[77.9066,225.367,7.80526],"carpPosition":[68.9099,230.851,52.8309],"dipPosition":[78.7104,235.136,-5.95702],"direction":[-0.0207758,-0.927902,0.372245],"extended":false,"handId":466,"id":4664,"length":49.5125,"mcpPosition":[77.3912,272.703,15.3186],"pipPosition":[79.1087,252.926,-13.0938],"stabilizedTipPosition":[74.2061,223.141,-0.712894],"timeVisible":23.0481,"tipPosition":[78.0874,227.548,4.51953],"tipVelocity":[2.94903,15.5507,8.88625],"tool":false,"touchDistance":0.333333,"touchZone":"none","type":4,"width":15.7401}],"r":[[0.467852,0.617334,0.632466],[-0.731427,0.67215,-0.115012],[-0.496114,-0.408794,0.766002]],"s":1.16822,"t":[46.721,11.7758,-87.8797],"timestamp":93349314710},false],[1,{"currentFrameRate":55.2817,"devices":[],"gestures":[],"hands":[{"armBasis":[[0.910068,0.411829,-0.0466188],[-0.395721,0.896848,0.197656],[0.123211,-0.161433,0.979162]],"armWidth":62.4607,"confidence":0.911178,"direction":[-0.13397,0.734339,-0.665431],"elbow":[89.5128,175.416,313.347],"grabStrength":0,"id":466,"palmNormal":[0.390404,-0.578071,-0.716532],"palmPosition":[44.6593,251.906,14.3771],"palmVelocity":[-0.0933924,8.11278,5.73297],"palmWidth":89.1918,"pinchStrength":0.527016,"r":[[0.46769,0.617015,0.632897],[-0.731524,0.672104,-0.114667],[-0.496124,-0.409351,0.765697]],"s":1.16991,"sphereCenter":[42.8731,233.76,-30.2533],"sphereRadius":46.2938,"stabilizedPalmPosition":[44.056,250.765,13.3476],"t":[46.7152,11.9159,-87.7808],"timeVisible":23.0663,"type":"right","wrist":[56.9034,218.142,54.198]}],"id":1676784,"interactionBox":{"center":[0,200,0],"size":[235.247,235.247,147.751]},"pointables":[{"bases":[[[-0.00880904,0.803501,0.595238],[-0.855352,-0.314395,0.411738],[0.517972,-0.505511,0.690046]],[[-0.0731097,0.860093,0.504871],[-0.878871,-0.294849,0.375034],[0.471424,-0.416298,0.777467]],[[-0.0731097,0.860093,0.504871],[-0.965638,0.0655434,-0.251492],[-0.249397,-0.505909,0.825747]],[[-0.0731097,0.860093,0.504871],[-0.641187,0.347205,-0.684345],[-0.763894,-0.373749,0.526096]]],"btipPosition":[38.8252,245.469,-34.7122],"carpPosition":[36.0326,199.616,42.9972],"dipPosition":[21.3006,236.895,-22.643],"direction":[0.249397,0.505909,-0.825747],"extended":false,"handId":466,"id":4660,"length":51.0864,"mcpPosition":[36.0326,199.616,42.9972],"pipPosition":[12.9653,219.986,4.95489],"stabilizedTipPosition":[35.3366,242.816,-32.2591],"timeVisible":23.0663,"tipPosition":[35.5162,242.595,-31.9505],"tipVelocity":[-22.7219,27.5288,12.9397],"tool":false,"touchDistance":0.0619099,"touchZone":"hovering","type":0,"width":19.8498},{"bases":[[[0.875419,0.474027,0.0945469],[-0.428362,0.6702,0.606084],[0.223935,-0.571078,0.789762]],[[0.831214,0.555316,-0.0265847],[-0.508307,0.778478,0.368234],[0.225182,-0.292568,0.929353]],[[0.831214,0.555316,-0.0265847],[-0.54452,0.822837,0.162595],[0.112167,-0.120675,0.986335]],[[0.831214,0.555316,-0.0265847],[-0.555335,0.831594,0.00734519],[0.0261866,0.00865799,0.99962]]],"btipPosition":[5.61718,277.43,-84.7974],"carpPosition":[34.3456,221.212,51.4055],"dipPosition":[6.05575,277.575,-68.0558],"direction":[-0.112167,0.120675,-0.986335],"extended":true,"handId":466,"id":4661,"length":57.6453,"mcpPosition":[18.1964,262.395,-5.54869],"pipPosition":[8.71328,274.716,-44.6868],"stabilizedTipPosition":[3.66009,274.794,-83.6698],"timeVisible":23.0663,"tipPosition":[5.82848,277.732,-80.8983],"tipVelocity":[-2.36883,8.1017,6.56371],"tool":false,"touchDistance":0.395467,"touchZone":"hovering","type":1,"width":18.9605},{"bases":[[[0.957738,0.27127,0.0956603],[-0.269175,0.727991,0.630535],[0.101405,-0.629636,0.770244]],[[0.958295,0.267714,0.100003],[-0.150891,0.771158,-0.618504],[-0.2427,0.57762,0.779392]],[[0.958295,0.267714,0.100003],[0.194272,-0.353615,-0.914994],[-0.209595,0.896262,-0.390877]],[[0.958295,0.267714,0.100003],[0.277565,-0.788589,-0.548712],[-0.0680369,0.553585,-0.830009]]],"btipPosition":[55.5818,208.908,-10.2265],"carpPosition":[43.9541,228.32,53.0897],"dipPosition":[54.3285,219.106,-25.5157],"direction":[0.209595,-0.896262,0.390877],"extended":false,"handId":466,"id":4662,"length":65.6822,"mcpPosition":[37.0191,271.38,0.413353],"pipPosition":[48.4862,244.089,-36.4112],"stabilizedTipPosition":[52.6826,207.603,-17.2451],"timeVisible":23.0663,"tipPosition":[55.3027,211.177,-13.8073],"tipVelocity":[-0.575239,12.109,4.75624],"tool":false,"touchDistance":0.333333,"touchZone":"none","type":2,"width":18.6218},{"bases":[[[0.97977,0.120001,0.160159],[-0.196691,0.725069,0.65999],[-0.0369271,-0.67814,0.734004]],[[0.980433,0.150918,0.126391],[-0.0375973,0.7738,-0.632314],[-0.193229,0.615189,0.764333]],[[0.980433,0.150918,0.126391],[0.178406,-0.409851,-0.894536],[-0.0832001,0.899581,-0.428756]],[[0.980433,0.150918,0.126391],[0.195049,-0.831474,-0.520198],[0.0265834,0.534672,-0.844641]]],"btipPosition":[67.6143,213.195,2.74058],"carpPosition":[55.1118,232.719,54.1731],"dipPosition":[68.1012,222.987,-12.7288],"direction":[0.0832001,-0.899581,0.428756],"extended":false,"handId":466,"id":4663,"length":63.1552,"mcpPosition":[57.3792,274.358,9.10371],"pipPosition":[65.8419,247.415,-24.3715],"stabilizedTipPosition":[65.4868,212.054,-3.53447],"timeVisible":23.0663,"tipPosition":[67.7074,215.172,-0.702962],"tipVelocity":[-0.404651,13.6037,8.54153],"tool":false,"touchDistance":0.333333,"touchZone":"none","type":3,"width":17.7198},{"bases":[[[0.987852,-0.0807563,0.13277],[-0.0443913,0.672127,0.739104],[-0.148925,-0.736018,0.660377]],[[0.998279,0.00146599,0.0586245],[0.0322531,0.821183,-0.569752],[-0.0489767,0.570663,0.819723]],[[0.998279,0.00146599,0.0586245],[0.0548992,-0.374822,-0.92547],[0.020617,0.927096,-0.374257]],[[0.998279,0.00146599,0.0586245],[0.0349408,-0.817734,-0.574535],[0.047097,0.575595,-0.816378]]],"btipPosition":[77.8608,225.5,7.90856],"carpPosition":[68.8895,230.944,52.8868],"dipPosition":[78.6566,235.225,-5.88508],"direction":[-0.020617,-0.927096,0.374257],"extended":false,"handId":466,"id":4664,"length":49.5125,"mcpPosition":[77.3543,272.779,15.3515],"pipPosition":[79.0519,253,-13.0604],"stabilizedTipPosition":[74.4119,223.387,-0.420785],"timeVisible":23.0663,"tipPosition":[78.0392,227.653,4.60254],"tipVelocity":[0.294327,11.3541,7.17799],"tool":false,"touchDistance":0.333333,"touchZone":"none","type":4,"width":15.7401}],"r":[[0.46769,0.617015,0.632897],[-0.731524,0.672104,-0.114667],[-0.496124,-0.409351,0.765697]],"s":1.16991,"t":[46.7152,11.9159,-87.7808],"timestamp":93349332842},false],[2,{"currentFrameRate":55.2997,"devices":[],"gestures":[],"hands":[{"armBasis":[[0.909593,0.412878,-0.04662],[-0.396717,0.896342,0.197955],[0.123519,-0.161563,0.979102]],"armWidth":62.4607,"confidence":0.914133,"direction":[-0.134561,0.734128,-0.665545],"elbow":[89.5059,175.546,313.416],"grabStrength":0,"id":466,"palmNormal":[0.391133,-0.577765,-0.716382],"palmPosition":[44.5457,252.054,14.4556],"palmVelocity":[-3.03833,8.15644,5.07931],"palmWidth":89.1918,"pinchStrength":0.526998,"r":[[0.46741,0.616868,0.633248],[-0.73173,0.671919,-0.114437],[-0.496084,-0.409877,0.765442]],"s":1.17117,"sphereCenter":[42.7053,233.886,-30.1924],"sphereRadius":46.3226,"stabilizedPalmPosition":[44.1249,250.947,13.5037],"t":[46.6555,12.0598,-87.6921],"timeVisible":23.0843,"type":"right","wrist":[56.815,218.306,54.283]}],"id":1676785,"interactionBox":{"center":[0,200,0],"size":[235.247,235.247,147.751]},"pointables":[{"bases":[[[-0.0097372,0.803561,0.595143],[-0.855126,-0.315201,0.411593],[0.518329,-0.504914,0.690215]],[[-0.0728192,0.859094,0.506611],[-0.878006,-0.296164,0.376022],[0.473078,-0.417426,0.775856]],[[-0.0728192,0.859094,0.506611],[-0.965842,0.0659165,-0.250607],[-0.248689,-0.507555,0.824949]],[[-0.0728192,0.859094,0.506611],[-0.64285,0.347932,-0.682413],[-0.762523,-0.375368,0.526933]]],"btipPosition":[38.6215,245.759,-34.5432],"carpPosition":[35.965,199.759,43.0799],"dipPosition":[21.1285,237.148,-22.4548],"direction":[0.248689,0.507555,-0.824949],"extended":false,"handId":466,"id":4660,"length":51.0864,"mcpPosition":[35.965,199.759,43.0799],"pipPosition":[12.8168,220.184,5.11642],"stabilizedTipPosition":[35.0667,243.168,-32.0777],"timeVisible":23.0843,"tipPosition":[35.3066,242.888,-31.8097],"tipVelocity":[-17.1153,21.8804,11.3663],"tool":false,"touchDistance":0.0647997,"touchZone":"hovering","type":0,"width":19.8498},{"bases":[[[0.874926,0.474911,0.0946785],[-0.42916,0.669843,0.605915],[0.224336,-0.570763,0.789875]],[[0.830626,0.556197,-0.0265614],[-0.508993,0.777744,0.368837],[0.225804,-0.292846,0.929114]],[[0.830626,0.556197,-0.0265614],[-0.545318,0.822175,0.163266],[0.112646,-0.121129,0.986224]],[[0.830626,0.556197,-0.0265614],[-0.556199,0.83101,0.00800057],[0.0265227,0.00812794,0.999615]]],"btipPosition":[5.45415,277.581,-84.713],"carpPosition":[34.2548,221.353,51.4853],"dipPosition":[5.89835,277.717,-67.9715],"direction":[-0.112646,0.121129,-0.986224],"extended":true,"handId":466,"id":4661,"length":57.6453,"mcpPosition":[18.0766,262.514,-5.47707],"pipPosition":[8.56725,274.847,-44.6052],"stabilizedTipPosition":[3.78993,274.987,-83.4776],"timeVisible":23.0843,"tipPosition":[5.67908,277.851,-80.8221],"tipVelocity":[-5.50097,8.16641,5.67072],"tool":false,"touchDistance":0.390519,"touchZone":"hovering","type":1,"width":18.9605},{"bases":[[[0.957446,0.272236,0.0958329],[-0.270035,0.727795,0.630393],[0.101869,-0.629446,0.770338]],[[0.957994,0.26876,0.10008],[-0.152202,0.772224,-0.61685],[-0.243069,0.575706,0.780692]],[[0.957994,0.26876,0.10008],[0.194946,-0.354318,-0.914579],[-0.210342,0.895671,-0.391828]],[[0.957994,0.26876,0.10008],[0.27869,-0.790071,-0.546003],[-0.0676736,0.550958,-0.831784]]],"btipPosition":[55.4833,209.202,-10.1541],"carpPosition":[43.8558,228.471,53.1707],"dipPosition":[54.2367,219.351,-25.4761],"direction":[0.210342,-0.895671,0.391828],"extended":false,"handId":466,"id":4662,"length":65.6822,"mcpPosition":[36.8891,271.518,0.487942],"pipPosition":[48.3736,244.318,-36.398],"stabilizedTipPosition":[52.9091,207.958,-16.9238],"timeVisible":23.0843,"tipPosition":[55.2165,211.416,-13.7309],"tipVelocity":[-2.85341,13.807,4.20753],"tool":false,"touchDistance":0.333333,"touchZone":"none","type":2,"width":18.6218},{"bases":[[[0.979616,0.120996,0.160354],[-0.197555,0.724949,0.659864],[-0.0364072,-0.678092,0.734075]],[[0.980254,0.152018,0.126463],[-0.0384923,0.773988,-0.632029],[-0.193961,0.614681,0.764556]],[[0.980254,0.152018,0.126463],[0.179024,-0.410645,-0.894048],[-0.0839805,0.899034,-0.429751]],[[0.980254,0.152018,0.126463],[0.19597,-0.832285,-0.518554],[0.0264234,0.533097,-0.845641]]],"btipPosition":[67.5356,213.421,2.85472],"carpPosition":[55.0088,232.882,54.256],"dipPosition":[68.0196,223.184,-12.633],"direction":[0.0839805,-0.899034,0.429751],"extended":false,"handId":466,"id":4663,"length":63.1552,"mcpPosition":[57.2443,274.518,9.18229],"pipPosition":[65.7391,247.597,-24.3027],"stabilizedTipPosition":[65.6286,212.291,-3.34895],"timeVisible":23.0843,"tipPosition":[67.631,215.382,-0.605921],"tipVelocity":[-2.30109,12.9225,7.38367],"tool":false,"touchDistance":0.333333,"touchZone":"none","type":3,"width":17.7198},{"bases":[[[0.987903,-0.0797557,0.132989],[-0.0452191,0.672168,0.739016],[-0.148332,-0.73609,0.660431]],[[0.998271,0.00259147,0.0587254],[0.0313588,0.821518,-0.56932],[-0.0497193,0.570177,0.820016]],[[0.998271,0.00259147,0.0587254],[0.055394,-0.375764,-0.925058],[0.0196696,0.926712,-0.375258]],[[0.998271,0.00259147,0.0587254],[0.0358277,-0.818843,-0.572899],[0.0466022,0.574012,-0.817519]]],"btipPosition":[77.7785,225.731,8.01989],"carpPosition":[68.7886,231.121,52.9729],"dipPosition":[78.5658,235.43,-5.79303],"direction":[-0.0196696,-0.926712,0.375258],"extended":false,"handId":466,"id":4664,"length":49.5125,"mcpPosition":[77.2197,272.96,15.4345],"pipPosition":[78.943,253.197,-12.9876],"stabilizedTipPosition":[74.5904,223.618,-0.155831],"timeVisible":23.0843,"tipPosition":[77.9539,227.864,4.70636],"tipVelocity":[-2.06357,11.9,6.58721],"tool":false,"touchDistance":0.333333,"touchZone":"none","type":4,"width":15.7401}],"r":[[0.46741,0.616868,0.633248],[-0.73173,0.671919,-0.114437],[-0.496084,-0.409877,0.765442]],"s":1.17117,"t":[46.6555,12.0598,-87.6921],"timestamp":93349350863},false],[3,{"currentFrameRate":55.2324,"devices":[],"gestures":[],"hands":[{"armBasis":[[0.909559,0.412975,-0.0464093],[-0.397193,0.896736,0.195201],[0.12223,-0.159113,0.979665]],"armWidth":62.4607,"confidence":0.922003,"direction":[-0.135694,0.734518,-0.664884],"elbow":[89.1183,176.487,313.501],"grabStrength":0,"id":466,"palmNormal":[0.391461,-0.576736,-0.717031],"palmPosition":[44.4428,252.365,14.4245],"palmVelocity":[-4.2724,12.3875,1.82826],"palmWidth":89.1918,"pinchStrength":0.52519,"r":[[0.467104,0.616752,0.633586],[-0.732058,0.671623,-0.114077],[-0.495889,-0.410536,0.765216]],"s":1.17244,"sphereCenter":[42.4998,234.231,-30.2487],"sphereRadius":46.3657,"stabilizedPalmPosition":[44.1774,251.181,13.6556],"t":[46.5743,12.2874,-87.6632],"timeVisible":23.1026,"type":"right","wrist":[56.7684,218.599,54.2188]}],"id":1676786,"interactionBox":{"center":[0,200,0],"size":[235.247,235.247,147.751]},"pointables":[{"bases":[[[-0.0103755,0.803063,0.595804],[-0.854581,-0.316504,0.411723],[0.519214,-0.504891,0.689567]],[[-0.0721031,0.857451,0.50949],[-0.876508,-0.298236,0.377875],[0.475957,-0.419326,0.773066]],[[-0.0721031,0.857451,0.50949],[-0.966568,0.0659529,-0.247785],[-0.246066,-0.510322,0.824028]],[[-0.0721031,0.857451,0.50949],[-0.648001,0.348052,-0.677462],[-0.758219,-0.378997,0.530533]]],"btipPosition":[38.2636,246.306,-34.5284],"carpPosition":[35.9344,200.037,43.01],"dipPosition":[20.8693,237.611,-22.3574],"direction":[0.246066,0.510322,-0.824028],"extended":false,"handId":466,"id":4660,"length":51.0864,"mcpPosition":[35.9344,200.037,43.01],"pipPosition":[12.6453,220.555,5.18305],"stabilizedTipPosition":[34.7755,243.58,-31.9515],"timeVisible":23.1026,"tipPosition":[34.9976,243.42,-31.7935],"tipVelocity":[-17.6743,25.1909,6.79486],"tool":false,"touchDistance":0.0653633,"touchZone":"hovering","type":0,"width":19.8498},{"bases":[[[0.874431,0.475823,0.0946692],[-0.429641,0.668862,0.606657],[0.225341,-0.571153,0.789307]],[[0.83002,0.557109,-0.0264038],[-0.509349,0.77645,0.371065],[0.227225,-0.294543,0.928231]],[[0.83002,0.557109,-0.0264038],[-0.545958,0.821261,0.165712],[0.114004,-0.123129,0.985821]],[[0.83002,0.557109,-0.0264038],[-0.557043,0.830418,0.0104581],[0.0277525,0.00602761,0.999597]]],"btipPosition":[5.21781,278.032,-84.6764],"carpPosition":[34.2035,221.623,51.4338],"dipPosition":[5.68261,278.133,-67.9352],"direction":[-0.114004,0.123129,-0.985821],"extended":true,"handId":466,"id":4661,"length":57.6453,"mcpPosition":[17.9529,262.812,-5.48753],"pipPosition":[8.38368,275.216,-44.5784],"stabilizedTipPosition":[3.90846,275.224,-83.2728],"timeVisible":23.1026,"tipPosition":[5.46308,278.245,-80.798],"tipVelocity":[-8.92331,15.8547,3.90482],"tool":false,"touchDistance":0.385348,"touchZone":"hovering","type":1,"width":18.9605},{"bases":[[[0.957181,0.273241,0.0956204],[-0.270571,0.726974,0.63111],[0.102931,-0.629959,0.769777]],[[0.957716,0.269883,0.0997171],[-0.154236,0.774157,-0.613916],[-0.242882,0.572577,0.783048]],[[0.957716,0.269883,0.0997171],[0.195079,-0.354357,-0.914535],[-0.211482,0.895318,-0.392022]],[[0.957716,0.269883,0.0997171],[0.27962,-0.791442,-0.543536],[-0.0677709,0.548436,-0.833442]]],"btipPosition":[55.3768,209.72,-10.2411],"carpPosition":[43.7972,228.75,53.1207],"dipPosition":[54.1285,219.823,-25.5936],"direction":[0.211482,-0.895318,0.392022],"extended":false,"handId":466,"id":4662,"length":65.6822,"mcpPosition":[36.7579,271.832,0.476292],"pipPosition":[48.2335,244.779,-36.521],"stabilizedTipPosition":[53.11,208.334,-16.6333],"timeVisible":23.1026,"tipPosition":[55.1222,211.87,-13.812],"tipVelocity":[-4.28185,20.4616,-0.274303],"tool":false,"touchDistance":0.333333,"touchZone":"none","type":2,"width":18.6218},{"bases":[[[0.979551,0.121974,0.160008],[-0.198075,0.724186,0.660546],[-0.0353059,-0.678732,0.733537]],[[0.980136,0.153201,0.125948],[-0.0396352,0.773553,-0.63249],[-0.194325,0.614935,0.76426]],[[0.980136,0.153201,0.125948],[0.179504,-0.415233,-0.891829],[-0.084331,0.896722,-0.434485]],[[0.980136,0.153201,0.125948],[0.196522,-0.835699,-0.512822],[0.0266898,0.527387,-0.849206]]],"btipPosition":[67.4256,213.907,3.04309],"carpPosition":[54.9458,233.173,54.2045],"dipPosition":[67.9144,223.566,-12.5099],"direction":[0.084331,-0.896722,0.434485],"extended":false,"handId":466,"id":4663,"length":63.1552,"mcpPosition":[57.1136,274.848,9.16384],"pipPosition":[65.6244,247.916,-24.3081],"stabilizedTipPosition":[65.7495,212.534,-3.17065],"timeVisible":23.1026,"tipPosition":[67.5387,215.826,-0.534985],"tipVelocity":[-4.04877,18.8142,8.37746],"tool":false,"touchDistance":0.333333,"touchZone":"none","type":3,"width":17.7198},{"bases":[[[0.988053,-0.0787462,0.132476],[-0.0456432,0.671513,0.739586],[-0.147199,-0.736797,0.659896]],[[0.9983,0.00379066,0.0581679],[0.0299993,0.822178,-0.568439],[-0.0499791,0.569217,0.820667]],[[0.9983,0.00379066,0.0581679],[0.0553177,-0.376255,-0.924863],[0.0183801,0.926509,-0.375825]],[[0.9983,0.00379066,0.0581679],[0.0364266,-0.819616,-0.571754],[0.045508,0.572901,-0.81836]]],"btipPosition":[77.7046,226.135,7.99361],"carpPosition":[68.7269,231.428,52.9137],"dipPosition":[78.4735,235.814,-5.83352],"direction":[-0.0183801,-0.926509,0.375825],"extended":false,"handId":466,"id":4664,"length":49.5125,"mcpPosition":[77.0936,273.307,15.4057],"pipPosition":[78.8259,253.578,-13.0389],"stabilizedTipPosition":[74.7773,223.887,0.126312],"timeVisible":23.1026,"tipPosition":[77.8753,228.25,4.6669],"tipVelocity":[-3.11812,16.6318,2.65126],"tool":false,"touchDistance":0.333333,"touchZone":"none","type":4,"width":15.7401}],"r":[[0.467104,0.616752,0.633586],[-0.732058,0.671623,-0.114077],[-0.495889,-0.410536,0.765216]],"s":1.17244,"t":[46.5743,12.2874,-87.6632],"timestamp":93349369201},false],[4,{"currentFrameRate":55.3229,"devices":[],"gestures":[],"hands":[{"armBasis":[[0.909246,0.413561,-0.0473108],[-0.397741,0.89669,0.194291],[0.122774,-0.157841,0.979802]],"armWidth":62.4607,"confidence":0.923482,"direction":[-0.136102,0.734698,-0.664601],"elbow":[89.0752,177.117,313.54],"grabStrength":0,"id":466,"palmNormal":[0.392026,-0.576146,-0.717197],"palmPosition":[44.2387,252.666,14.4387],"palmVelocity":[-7.6607,14.5245,1.3451],"palmWidth":89.1918,"pinchStrength":0.524181,"r":[[0.466744,0.616674,0.633927],[-0.732414,0.671289,-0.113762],[-0.495702,-0.411199,0.76498]],"s":1.17357,"sphereCenter":[42.1694,234.523,-30.2778],"sphereRadius":46.4286,"stabilizedPalmPosition":[44.1881,251.44,13.7923],"t":[46.4316,12.5516,-87.6417],"timeVisible":23.1204,"type":"right","wrist":[56.5812,218.892,54.2212]}],"id":1676787,"interactionBox":{"center":[0,200,0],"size":[235.247,235.247,147.751]},"pointables":[{"bases":[[[-0.0110832,0.802804,0.59614],[-0.85443,-0.317305,0.411421],[0.519449,-0.5048,0.689457]],[[-0.0706231,0.855432,0.513077],[-0.874857,-0.30022,0.380124],[0.479206,-0.422024,0.769583]],[[-0.0706231,0.855432,0.513077],[-0.967394,0.0666847,-0.244339],[-0.243229,-0.513604,0.822831]],[[-0.0706231,0.855432,0.513077],[-0.646869,0.352269,-0.676363],[-0.759324,-0.379661,0.528474]]],"btipPosition":[37.8639,246.845,-34.2803],"carpPosition":[35.7631,200.32,43.0005],"dipPosition":[20.4442,238.135,-22.1565],"direction":[0.243229,0.513604,-0.822831],"extended":false,"handId":466,"id":4660,"length":51.0864,"mcpPosition":[35.7631,200.32,43.0005],"pipPosition":[12.315,220.97,5.34394],"stabilizedTipPosition":[34.4685,244.002,-31.7978],"timeVisible":23.1204,"tipPosition":[34.607,243.959,-31.6284],"tipVelocity":[-20.0956,27.532,9.87531],"tool":false,"touchDistance":0.0693181,"touchZone":"hovering","type":0,"width":19.8498},{"bases":[[[0.874063,0.476426,0.0950426],[-0.430252,0.66829,0.606854],[0.225605,-0.57132,0.789111]],[[0.82962,0.557723,-0.0259944],[-0.509599,0.775414,0.372883],[0.228122,-0.296105,0.927514]],[[0.82962,0.557723,-0.0259944],[-0.546388,0.820574,0.167685],[0.114852,-0.124912,0.985498]],[[0.82962,0.557723,-0.0259944],[-0.557601,0.830016,0.0123935],[0.0284879,0.00421259,0.999585]]],"btipPosition":[4.93976,278.461,-84.625],"carpPosition":[34.0146,221.901,51.433],"dipPosition":[5.41687,278.531,-67.884],"direction":[-0.114852,0.124912,-0.985498],"extended":true,"handId":466,"id":4661,"length":57.6453,"mcpPosition":[17.745,263.102,-5.47418],"pipPosition":[8.13803,275.572,-44.5349],"stabilizedTipPosition":[4.00038,275.486,-83.0715],"timeVisible":23.1204,"tipPosition":[5.20779,278.614,-80.7603],"tipVelocity":[-12.007,19.5441,3.42891],"tool":false,"touchDistance":0.380917,"touchZone":"hovering","type":1,"width":18.9605},{"bases":[[[0.956961,0.273904,0.0959249],[-0.27123,0.726509,0.631363],[0.103242,-0.630207,0.769532]],[[0.957477,0.270677,0.0998585],[-0.15554,0.775796,-0.611512],[-0.242992,0.569977,0.784908]],[[0.957477,0.270677,0.0998585],[0.195592,-0.35455,-0.914351],[-0.21209,0.895002,-0.392415]],[[0.957477,0.270677,0.0998585],[0.280554,-0.792802,-0.541068],[-0.0672869,0.546076,-0.835029]]],"btipPosition":[55.1744,210.197,-10.2679],"carpPosition":[43.6028,229.034,53.1248],"dipPosition":[53.9349,220.256,-25.6497],"direction":[0.21209,-0.895002,0.392415],"extended":false,"handId":466,"id":4662,"length":65.6822,"mcpPosition":[36.5422,272.134,0.497162],"pipPosition":[48.023,245.203,-36.588],"stabilizedTipPosition":[53.2675,208.704,-16.3831],"timeVisible":23.1204,"tipPosition":[54.9316,212.292,-13.8304],"tipVelocity":[-7.56736,23.1786,-1.03222],"tool":false,"touchDistance":0.333333,"touchZone":"none","type":2,"width":18.6218},{"bases":[[[0.979429,0.122626,0.160253],[-0.198737,0.723762,0.660812],[-0.0349521,-0.679067,0.733244]],[[0.979997,0.153965,0.126099],[-0.0402425,0.773841,-0.6321],[-0.194902,0.614382,0.764558]],[[0.979997,0.153965,0.126099],[0.180074,-0.416246,-0.891242],[-0.0847322,0.896122,-0.435645]],[[0.979997,0.153965,0.126099],[0.197197,-0.836655,-0.511001],[0.0268247,0.525646,-0.85028]]],"btipPosition":[67.2396,214.292,3.10739],"carpPosition":[54.7479,233.464,54.2127],"dipPosition":[67.7309,223.919,-12.4653],"direction":[0.0847322,-0.896122,0.435645],"extended":false,"handId":466,"id":4663,"length":63.1552,"mcpPosition":[56.894,275.161,9.19001],"pipPosition":[65.43,248.253,-24.295],"stabilizedTipPosition":[65.8486,212.779,-3.004],"timeVisible":23.1204,"tipPosition":[67.3577,216.196,-0.497482],"tipVelocity":[-7.04636,19.9591,6.02507],"tool":false,"touchDistance":0.333333,"touchZone":"none","type":3,"width":17.7198},{"bases":[[[0.988085,-0.0780761,0.132638],[-0.0462827,0.671167,0.73986],[-0.146788,-0.737183,0.659557]],[[0.998289,0.00458099,0.0582933],[0.0293991,0.822435,-0.568099],[-0.0505449,0.568841,0.820893]],[[0.998289,0.00458099,0.0582933],[0.0557104,-0.377324,-0.924404],[0.0177608,0.92607,-0.376934]],[[0.998289,0.00458099,0.0582933],[0.0370621,-0.820665,-0.570207],[0.0452271,0.571392,-0.81943]]],"btipPosition":[77.5211,226.506,8.05459],"carpPosition":[68.5306,231.73,52.9239],"dipPosition":[78.2852,236.16,-5.79062],"direction":[-0.0177608,-0.92607,0.376934],"extended":false,"handId":466,"id":4664,"length":49.5125,"mcpPosition":[76.8739,273.631,15.4352],"pipPosition":[78.6258,253.915,-13.0173],"stabilizedTipPosition":[74.9477,224.169,0.40323],"timeVisible":23.1204,"tipPosition":[77.691,228.606,4.71042],"tipVelocity":[-6.53167,18.4849,2.90834],"tool":false,"touchDistance":0.333333,"touchZone":"none","type":4,"width":15.7401}],"r":[[0.466744,0.616674,0.633927],[-0.732414,0.671289,-0.113762],[-0.495702,-0.411199,0.76498]],"s":1.17357,"t":[46.4316,12.5516,-87.6417],"timestamp":93349386964},false],[5,{"currentFrameRate":55.3233,"devices":[],"gestures":[],"hands":[{"armBasis":[[0.908288,0.415534,-0.0484285],[-0.399424,0.895796,0.19496],[0.124395,-0.157736,0.979615]],"armWidth":62.4607,"confidence":0.892096,"direction":[-0.137543,0.734655,-0.664352],"elbow":[89.362,177.45,313.497],"grabStrength":0,"id":466,"palmNormal":[0.393012,-0.57519,-0.717424],"palmPosition":[44.0294,252.961,14.4578],"palmVelocity":[-9.52197,15.3691,1.20721],"palmWidth":89.1918,"pinchStrength":0.522314,"r":[[0.466241,0.616744,0.634228],[-0.73295,0.670756,-0.11345],[-0.495382,-0.411963,0.764777]],"s":1.17469,"sphereCenter":[41.8361,234.82,-30.2774],"sphereRadius":46.4867,"stabilizedPalmPosition":[44.1587,251.721,13.9154],"t":[46.2556,12.8311,-87.6214],"timeVisible":23.1385,"type":"right","wrist":[56.4393,219.197,54.2281]}],"id":1676788,"interactionBox":{"center":[0,200,0],"size":[235.247,235.247,147.751]},"pointables":[{"bases":[[[-0.0125048,0.802593,0.596395],[-0.853791,-0.319022,0.411419],[0.520465,-0.504053,0.689237]],[[-0.070343,0.853698,0.515995],[-0.872856,-0.303081,0.382446],[0.482882,-0.423487,0.766475]],[[-0.070343,0.853698,0.515995],[-0.968167,0.0661386,-0.24141],[-0.240218,-0.516551,0.82187]],[[-0.070343,0.853698,0.515995],[-0.646823,0.354754,-0.675107],[-0.759389,-0.381247,0.527237]]],"btipPosition":[37.4761,247.322,-34.0643],"carpPosition":[35.6543,200.59,43.0039],"dipPosition":[20.0549,238.576,-21.9689],"direction":[0.240218,0.516551,-0.82187],"extended":false,"handId":466,"id":4660,"length":51.0864,"mcpPosition":[35.6543,200.59,43.0039],"pipPosition":[12.0264,221.311,5.49946],"stabilizedTipPosition":[34.1529,244.415,-31.635],"timeVisible":23.1385,"tipPosition":[34.2263,244.442,-31.4737],"tipVelocity":[-20.7498,26.7548,10.69],"tool":false,"touchDistance":0.0728094,"touchZone":"hovering","type":0,"width":19.8498},{"bases":[[[0.873187,0.478018,0.0950929],[-0.431422,0.667298,0.607115],[0.226757,-0.57115,0.788903]],[[0.828658,0.559163,-0.0257384],[-0.51053,0.773842,0.374872],[0.229532,-0.2975,0.926719]],[[0.828658,0.559163,-0.0257384],[-0.547572,0.819307,0.170001],[0.116146,-0.126779,0.985108]],[[0.828658,0.559163,-0.0257384],[-0.558971,0.829055,0.0147917],[0.0296095,0.00212974,0.999559]]],"btipPosition":[4.60006,278.85,-84.5564],"carpPosition":[33.8668,222.165,51.4435],"dipPosition":[5.09596,278.886,-67.8159],"direction":[-0.116146,0.126779,-0.985108],"extended":true,"handId":466,"id":4661,"length":57.6453,"mcpPosition":[17.5141,263.353,-5.44875],"pipPosition":[7.84777,275.882,-44.476],"stabilizedTipPosition":[4.06122,275.773,-82.8699],"timeVisible":23.1385,"tipPosition":[4.88917,278.939,-80.7058],"tipVelocity":[-15.1186,20.29,3.59983],"tool":false,"touchDistance":0.377186,"touchZone":"hovering","type":1,"width":18.9605},{"bases":[[[0.956462,0.27565,0.0959014],[-0.272506,0.725804,0.631624],[0.104501,-0.630258,0.76932]],[[0.956963,0.272558,0.0996695],[-0.157481,0.776179,-0.610529],[-0.243766,0.568557,0.785698]],[[0.956963,0.272558,0.0996695],[0.196664,-0.356496,-0.913364],[-0.213413,0.893657,-0.394756]],[[0.956963,0.272558,0.0996695],[0.28232,-0.79478,-0.537234],[-0.0672125,0.542252,-0.837523]]],"btipPosition":[54.9994,210.656,-10.1679],"carpPosition":[43.4419,229.315,53.1365],"dipPosition":[53.7613,220.645,-25.5956],"direction":[0.213413,-0.893657,0.394756],"extended":false,"handId":466,"id":4662,"length":65.6822,"mcpPosition":[36.2952,272.418,0.523289],"pipPosition":[47.8126,245.555,-36.5992],"stabilizedTipPosition":[53.3944,209.076,-16.1492],"timeVisible":23.1385,"tipPosition":[54.7687,212.703,-13.7729],"tipVelocity":[-8.56213,23.8254,1.81009],"tool":false,"touchDistance":0.333333,"touchZone":"none","type":2,"width":18.6218},{"bases":[[[0.979219,0.124394,0.160179],[-0.200004,0.723182,0.661064],[-0.0336062,-0.679363,0.733033]],[[0.979721,0.155883,0.125882],[-0.0417366,0.773257,-0.632717],[-0.195969,0.614633,0.764083]],[[0.979721,0.155883,0.125882],[0.181126,-0.420407,-0.889073],[-0.08567,0.893844,-0.440117]],[[0.979721,0.155883,0.125882],[0.198551,-0.839654,-0.505527],[0.0268941,0.52027,-0.853578]]],"btipPosition":[67.0589,214.761,3.33475],"carpPosition":[54.5789,233.766,54.2244],"dipPosition":[67.5515,224.29,-12.2983],"direction":[0.08567,-0.893844,0.440117],"extended":false,"handId":466,"id":4663,"length":63.1552,"mcpPosition":[56.6423,275.48,9.21475],"pipPosition":[65.2251,248.561,-24.2495],"stabilizedTipPosition":[65.9284,213.031,-2.83856],"timeVisible":23.1385,"tipPosition":[67.1912,216.627,-0.363486],"tipVelocity":[-8.44119,22.2116,8.77407],"tool":false,"touchDistance":0.333333,"touchZone":"none","type":3,"width":17.7198},{"bases":[[[0.988243,-0.0762832,0.132499],[-0.0474432,0.670846,0.740078],[-0.145342,-0.737663,0.65934]],[[0.99829,0.00651512,0.0580904],[0.0276481,0.822955,-0.567434],[-0.0515027,0.568069,0.821368]],[[0.99829,0.00651512,0.0580904],[0.0562447,-0.377723,-0.924209],[0.0159208,0.925896,-0.377444]],[[0.99829,0.00651512,0.0580904],[0.0384785,-0.821339,-0.569141],[0.0440039,0.570403,-0.820185]]],"btipPosition":[77.3621,226.908,8.08263],"carpPosition":[68.3646,232.058,52.9335],"dipPosition":[78.1056,236.545,-5.77534],"direction":[-0.0159208,-0.925896,0.377444],"extended":false,"handId":466,"id":4664,"length":49.5125,"mcpPosition":[76.6257,273.986,15.4571],"pipPosition":[78.4108,254.297,-13.0118],"stabilizedTipPosition":[75.107,224.475,0.680019],"timeVisible":23.1385,"tipPosition":[77.5268,228.993,4.73327],"tipVelocity":[-7.73278,20.1608,2.18631],"tool":false,"touchDistance":0.333333,"touchZone":"none","type":4,"width":15.7401}],"r":[[0.466241,0.616744,0.634228],[-0.73295,0.670756,-0.11345],[-0.495382,-0.411963,0.764777]],"s":1.17469,"t":[46.2556,12.8311,-87.6214],"timestamp":93349405038},false],[6,{"currentFrameRate":55.2326,"devices":[],"gestures":[],"hands":[{"armBasis":[[0.907693,0.416753,-0.0490947],[-0.400439,0.895202,0.195605],[0.125469,-0.15789,0.979453]],"armWidth":62.4607,"confidence":0.895719,"direction":[-0.138584,0.734655,-0.664135],"elbow":[89.4121,177.681,313.474],"grabStrength":0,"id":466,"palmNormal":[0.393466,-0.574564,-0.717677],"palmPosition":[43.7447,253.227,14.489],"palmVelocity":[-12.3818,14.9309,1.44182],"palmWidth":89.1918,"pinchStrength":0.52149,"r":[[0.465734,0.616877,0.634472],[-0.73354,0.670165,-0.113126],[-0.494986,-0.412724,0.764623]],"s":1.1758,"sphereCenter":[41.428,235.106,-30.2454],"sphereRadius":46.5304,"stabilizedPalmPosition":[44.08,252.007,14.0244],"t":[46.0252,13.104,-87.5957],"timeVisible":23.1569,"type":"right","wrist":[56.205,219.468,54.2476]}],"id":1676789,"interactionBox":{"center":[0,200,0],"size":[235.247,235.247,147.751]},"pointables":[{"bases":[[[-0.0132568,0.802435,0.596592],[-0.853303,-0.320105,0.411591],[0.521247,-0.503617,0.688964]],[[-0.0702382,0.852744,0.517586],[-0.871792,-0.304652,0.383622],[0.484815,-0.424282,0.764813]],[[-0.0702382,0.852744,0.517586],[-0.968577,0.0658017,-0.23985],[-0.238589,-0.518168,0.821326]],[[-0.0702382,0.852744,0.517586],[-0.648252,0.355348,-0.673421],[-0.758179,-0.382826,0.527834]]],"btipPosition":[37.0833,247.701,-33.9574],"carpPosition":[35.4383,200.84,43.025],"dipPosition":[19.6899,238.918,-21.8484],"direction":[0.238589,0.518168,-0.821326],"extended":false,"handId":466,"id":4660,"length":51.0864,"mcpPosition":[35.4383,200.84,43.025],"pipPosition":[11.7158,221.6,5.60181],"stabilizedTipPosition":[33.8302,244.797,-31.4955],"timeVisible":23.1569,"tipPosition":[33.8306,244.829,-31.3799],"tipVelocity":[-20.8602,23.5626,8.41734],"tool":false,"touchDistance":0.0746423,"touchZone":"hovering","type":0,"width":19.8498},{"bases":[[[0.872663,0.479002,0.0949535],[-0.432015,0.666654,0.607401],[0.227645,-0.571078,0.7887]],[[0.828126,0.559958,-0.025576],[-0.510695,0.772509,0.377387],[0.231078,-0.299463,0.925702]],[[0.828126,0.559958,-0.025576],[-0.548025,0.818381,0.172978],[0.117791,-0.129231,0.984594]],[[0.828126,0.559958,-0.025576],[-0.559672,0.828521,0.0179041],[0.0312158,-0.000512664,0.999513]]],"btipPosition":[4.16649,279.276,-84.4592],"carpPosition":[33.6284,222.41,51.4703],"dipPosition":[4.68929,279.267,-67.7194],"direction":[-0.117791,0.129231,-0.984594],"extended":true,"handId":466,"id":4661,"length":57.6453,"mcpPosition":[17.2116,263.594,-5.40731],"pipPosition":[7.48008,276.205,-44.3917],"stabilizedTipPosition":[4.08108,276.081,-82.6708],"timeVisible":23.1569,"tipPosition":[4.4831,279.284,-80.6258],"tipVelocity":[-19.0121,21.3778,4.40363],"tool":false,"touchDistance":0.374256,"touchZone":"hovering","type":1,"width":18.9605},{"bases":[[[0.956172,0.27673,0.0956891],[-0.273159,0.725338,0.631878],[0.105453,-0.630322,0.769138]],[[0.956659,0.273748,0.0993225],[-0.158917,0.776563,-0.609668],[-0.244026,0.567461,0.786409]],[[0.956659,0.273748,0.0993225],[0.197234,-0.358156,-0.912591],[-0.214247,0.892629,-0.396626]],[[0.956659,0.273748,0.0993225],[0.283373,-0.796501,-0.534122],[-0.0671046,0.539118,-0.839553]]],"btipPosition":[54.7217,211.055,-10.0739],"carpPosition":[43.1957,229.572,53.1622],"dipPosition":[53.4856,220.986,-25.539],"direction":[0.214247,-0.892629,0.396626],"extended":false,"handId":466,"id":4662,"length":65.6822,"mcpPosition":[35.9839,272.679,0.561431],"pipPosition":[47.5136,245.868,-36.5947],"stabilizedTipPosition":[53.4837,209.441,-15.9337],"timeVisible":23.1569,"tipPosition":[54.5004,213.064,-13.7111],"tipVelocity":[-11.6884,22.4341,3.17145],"tool":false,"touchDistance":0.333333,"touchZone":"none","type":2,"width":18.6218},{"bases":[[[0.979121,0.125485,0.159923],[-0.200646,0.722792,0.661296],[-0.0326087,-0.679577,0.732879]],[[0.979576,0.157048,0.125563],[-0.0426658,0.772592,-0.633468],[-0.196494,0.615173,0.763513]],[[0.979576,0.157048,0.125563],[0.181806,-0.42505,-0.886724],[-0.0858883,0.891442,-0.444921]],[[0.979576,0.157048,0.125563],[0.1992,-0.842996,-0.499676],[0.0273756,0.514483,-0.857064]]],"btipPosition":[66.7667,215.191,3.58694],"carpPosition":[54.3278,234.035,54.248],"dipPosition":[67.2681,224.613,-12.11],"direction":[0.0858883,-0.891442,0.444921],"extended":false,"handId":466,"id":4663,"length":63.1552,"mcpPosition":[56.3301,275.762,9.2477],"pipPosition":[64.9358,248.82,-24.1916],"stabilizedTipPosition":[65.983,213.278,-2.67754],"timeVisible":23.1569,"tipPosition":[66.9159,217.018,-0.204224],"tipVelocity":[-11.963,22.1119,10.7587],"tool":false,"touchDistance":0.333333,"touchZone":"none","type":3,"width":17.7198},{"bases":[[[0.988369,-0.0751749,0.132193],[-0.0480012,0.670613,0.740253],[-0.144299,-0.737988,0.659205]],[[0.998303,0.00773721,0.057725],[0.0264164,0.823169,-0.567182],[-0.0519058,0.567744,0.821567]],[[0.998303,0.00773721,0.057725],[0.0563435,-0.379249,-0.923578],[0.0147462,0.925262,-0.379041]],[[0.998303,0.00773721,0.057725],[0.0391628,-0.822784,-0.567004],[0.0431082,0.568302,-0.82169]]],"btipPosition":[77.105,227.27,8.15851],"carpPosition":[68.1151,232.343,52.9526],"dipPosition":[77.8333,236.872,-5.72488],"direction":[-0.0147462,-0.925262,0.379041],"extended":false,"handId":466,"id":4664,"length":49.5125,"mcpPosition":[76.317,274.29,15.4839],"pipPosition":[78.1161,254.612,-12.992],"stabilizedTipPosition":[75.244,224.791,0.951093],"timeVisible":23.1569,"tipPosition":[77.2667,229.335,4.78792],"tipVelocity":[-10.8226,19.7189,2.9646],"tool":false,"touchDistance":0.333333,"touchZone":"none","type":4,"width":15.7401}],"r":[[0.465734,0.616877,0.634472],[-0.73354,0.670165,-0.113126],[-0.494986,-0.412724,0.764623]],"s":1.1758,"t":[46.0252,13.104,-87.5957],"timestamp":93349423457},false],[7,{"currentF