{"sensorType":"Leap","data":[[0,{"currentFrameRate":52.9505,"devices":[],"gestures":[],"hands":[{"armBasis":[[0.899608,0.435451,-0.0329977],[-0.418504,0.881244,0.219688],[0.124742,-0.183823,0.975012]],"armWidth":62.4607,"confidence":0.857629,"direction":[-0.158703,0.751316,-0.640576],"elbow":[91.8908,170.447,314.421],"grabStrength":0,"id":466,"palmNormal":[0.401995,-0.543415,-0.736953],"palmPosition":[45.4395,253.768,17.7298],"palmVelocity":[42.3079,41.7478,37.3582],"palmWidth":89.1918,"pinchStrength":0.491186,"r":[[0.464951,0.619587,0.632402],[-0.74761,0.657393,-0.0944179],[-0.474237,-0.42889,0.768865]],"s":1.18793,"sphereCenter":[43.4584,237.216,-27.3455],"sphereRadius":46.6812,"stabilizedPalmPosition":[44.052,252.267,16.2997],"t":[46.7276,13.1751,-84.9878],"timeVisible":28.3446,"type":"right","wrist":[58.876,219.098,56.3704]}],"id":1677074,"interactionBox":{"center":[0,200,0],"size":[235.247,235.247,147.751]},"pointables":[{"bases":[[[-0.0276476,0.783335,0.620984],[-0.843591,-0.351556,0.405909],[0.536274,-0.512635,0.670534]],[[-0.0846555,0.833517,0.545969],[-0.861057,-0.336927,0.380867],[0.501411,-0.437868,0.746229]],[[-0.0846555,0.833517,0.545969],[-0.971421,0.052905,-0.231393],[-0.221755,-0.549954,0.805217]],[[-0.0846555,0.833517,0.545969],[-0.636381,0.376396,-0.673309],[-0.766716,-0.404443,0.49857]]],"btipPosition":[38.9302,249.445,-30.176],"carpPosition":[38.4641,200.361,44.6873],"dipPosition":[21.3409,240.167,-18.7383],"direction":[0.221755,0.549954,-0.805218],"extended":false,"handId":466,"id":4660,"length":51.0864,"mcpPosition":[38.4641,200.361,44.6873],"pipPosition":[13.9295,221.786,8.17351],"stabilizedTipPosition":[34.1887,246.562,-28.001],"timeVisible":28.3446,"tipPosition":[35.4538,246.556,-27.5205],"tipVelocity":[49.3825,54.8058,34.3236],"tool":false,"touchDistance":0.109652,"touchZone":"hovering","type":0,"width":19.8498},{"bases":[[[0.862335,0.495296,0.105166],[-0.443215,0.637945,0.629751],[0.244823,-0.589668,0.769645]],[[0.821086,0.570805,-0.000355851],[-0.519254,0.74719,0.414827],[0.237051,-0.340424,0.9099]],[[0.821086,0.570805,-0.000355851],[-0.557414,0.801958,0.21483],[0.122911,-0.176196,0.976651]],[[0.821086,0.570805,-0.000355851],[-0.569715,0.819557,0.0612468],[0.0352516,-0.0500862,0.998123]]],"btipPosition":[5.08279,283.491,-79.879],"carpPosition":[36.2239,221.617,53.7994],"dipPosition":[5.67319,282.653,-63.1625],"direction":[-0.122911,0.176196,-0.976651],"extended":true,"handId":466,"id":4661,"length":57.6453,"mcpPosition":[18.5683,264.142,-1.70405],"pipPosition":[8.58529,278.478,-40.023],"stabilizedTipPosition":[2.61199,280.65,-77.9638],"timeVisible":28.3446,"tipPosition":[5.2308,283.344,-75.9799],"tipVelocity":[65.2978,55.034,33.0689],"tool":false,"touchDistance":0.494288,"touchZone":"hovering","type":1,"width":18.9605},{"bases":[[[0.950321,0.295017,0.0992725],[-0.285564,0.699396,0.655209],[0.123867,-0.651008,0.748897]],[[0.950362,0.294802,0.0995189],[-0.17443,0.769648,-0.61418],[-0.257656,0.566334,0.782866]],[[0.950362,0.294802,0.0995189],[0.203629,-0.347452,-0.915321],[-0.235261,0.890151,-0.390235]],[[0.950362,0.294802,0.0995189],[0.298909,-0.776204,-0.555123],[-0.0864046,0.557315,-0.825793]]],"btipPosition":[57.4912,211.622,-6.45443],"carpPosition":[45.6393,228.936,55.6615],"dipPosition":[55.8996,221.888,-21.666],"direction":[0.235261,-0.890151,0.390235],"extended":false,"handId":466,"id":4662,"length":65.6822,"mcpPosition":[37.1682,273.458,4.44509],"pipPosition":[49.3419,246.7,-32.5436],"stabilizedTipPosition":[53.9545,209.651,-13.6559],"timeVisible":28.3446,"tipPosition":[57.1103,214.102,-10.4331],"tipVelocity":[50.1841,51.3248,36.9678],"tool":false,"touchDistance":0.333333,"touchZone":"none","type":2,"width":18.6218},{"bases":[[[0.976996,0.142431,0.15872],[-0.212844,0.697577,0.684167],[-0.0132726,-0.702211,0.711845]],[[0.976605,0.173845,0.126569],[-0.0545581,0.769637,-0.636146],[-0.208003,0.614358,0.761117]],[[0.976605,0.173845,0.126569],[0.187978,-0.404329,-0.895088],[-0.104432,0.89794,-0.427549]],[[0.976605,0.173845,0.126569],[0.214783,-0.817296,-0.534692],[0.0104904,0.549368,-0.835515]]],"btipPosition":[69.244,215.378,6.69616],"carpPosition":[56.6756,233.612,56.8271],"dipPosition":[69.4361,225.44,-8.60608],"direction":[0.104432,-0.89794,0.427549],"extended":false,"handId":466,"id":4663,"length":63.1552,"mcpPosition":[57.4905,276.729,13.1184],"pipPosition":[66.6004,249.823,-20.216],"stabilizedTipPosition":[65.6135,212.424,-1.97461],"timeVisible":28.3446,"tipPosition":[69.3346,217.67,2.67138],"tipVelocity":[47.0328,51.1547,43.7309],"tool":false,"touchDistance":0.333333,"touchZone":"none","type":3,"width":17.7198},{"bases":[[[0.990541,-0.0570301,0.124801],[-0.0586252,0.646441,0.760709],[-0.12406,-0.76083,0.636983]],[[0.998174,0.0268328,0.0541236],[0.00736512,0.8352,-0.549898],[-0.0599593,0.549292,0.833477]],[[0.998174,0.0268328,0.0541236],[0.0600369,-0.341211,-0.938067],[-0.00670341,0.939604,-0.342199]],[[0.998174,0.0268328,0.0541236],[0.054271,-0.791827,-0.608329],[0.0265333,0.610155,-0.791837]]],"btipPosition":[79.2993,228.153,10.2559],"carpPosition":[70.4894,232.27,55.4104],"dipPosition":[79.7476,238.462,-3.12308],"direction":[0.00670341,-0.939604,0.342199],"extended":false,"handId":466,"id":4664,"length":49.5125,"mcpPosition":[77.5408,275.515,19.2048],"pipPosition":[79.6191,256.476,-9.68381],"stabilizedTipPosition":[75.6152,225.247,1.84462],"timeVisible":28.3446,"tipPosition":[79.4124,230.57,6.97832],"tipVelocity":[45.7264,49.8275,47.0926],"tool":false,"touchDistance":0.333333,"touchZone":"none","type":4,"width":15.7401}],"r":[[0.464951,0.619587,0.632402],[-0.74761,0.657393,-0.0944179],[-0.474237,-0.42889,0.768865]],"s":1.18793,"t":[46.7276,13.1751,-84.9878],"timestamp":93354611226},false],[1,{"currentFrameRate":53.157,"devices":[],"gestures":[],"hands":[{"armBasis":[[0.898611,0.437595,-0.031764],[-0.420601,0.87979,0.221504],[0.124875,-0.185686,0.974642]],"armWidth":62.4607,"confidence":0.860348,"direction":[-0.159177,0.75278,-0.638737],"elbow":[92.683,170.512,314.732],"grabStrength":0,"id":466,"palmNormal":[0.404237,-0.540567,-0.737821],"palmPosition":[46.1892,254.407,18.2144],"palmVelocity":[41.9176,38.7166,32.3499],"palmWidth":89.1918,"pinchStrength":0.490541,"r":[[0.463415,0.617014,0.636035],[-0.747723,0.657464,-0.0930111],[-0.475559,-0.432475,0.766035]],"s":1.1885,"sphereCenter":[44.3991,237.99,-26.8937],"sphereRadius":46.6599,"stabilizedPalmPosition":[44.8478,253.064,17.0127],"t":[47.4834,13.8662,-84.4162],"timeVisible":28.3627,"type":"right","wrist":[59.6331,219.656,56.7798]}],"id":1677075,"interactionBox":{"center":[0,200,0],"size":[235.247,235.247,147.751]},"pointables":[{"bases":[[[-0.0301832,0.781548,0.623114],[-0.843535,-0.354351,0.403589],[0.536226,-0.513437,0.669959]],[[-0.0870483,0.831727,0.548318],[-0.861006,-0.339667,0.378542],[0.50109,-0.439154,0.74569]],[[-0.0870483,0.831727,0.548318],[-0.971183,0.0517324,-0.232652],[-0.221868,-0.552769,0.803256]],[[-0.0870483,0.831727,0.548318],[-0.637443,0.376474,-0.67226],[-0.765564,-0.408041,0.497407]]],"btipPosition":[39.7361,250.235,-29.7325],"carpPosition":[39.2769,200.911,45.0122],"dipPosition":[22.1733,240.874,-18.3214],"direction":[0.221868,0.552769,-0.803256],"extended":false,"handId":466,"id":4660,"length":51.0864,"mcpPosition":[39.2769,200.911,45.0122],"pipPosition":[14.758,222.4,8.52484],"stabilizedTipPosition":[35.1466,247.528,-27.4337],"timeVisible":28.3627,"tipPosition":[36.2599,247.338,-27.0798],"tipVelocity":[47.271,49.0433,29.5175],"tool":false,"touchDistance":0.116942,"touchZone":"hovering","type":0,"width":19.8498},{"bases":[[[0.861184,0.496706,0.107912],[-0.445475,0.635313,0.630816],[0.244772,-0.591321,0.768392]],[[0.82002,0.572329,0.00267969],[-0.521773,0.745644,0.41445],[0.235204,-0.341255,0.910068]],[[0.82002,0.572329,0.00267969],[-0.559528,0.800675,0.214121],[0.120402,-0.177083,0.976804]],[[0.82002,0.572329,0.00267969],[-0.571419,0.818433,0.0603956],[0.032373,-0.0510568,0.998171]]],"btipPosition":[6.02824,284.204,-79.4197],"carpPosition":[36.9802,222.138,54.1798],"dipPosition":[6.57042,283.349,-62.7024],"direction":[-0.120402,0.177083,-0.976804],"extended":true,"handId":466,"id":4661,"length":57.6453,"mcpPosition":[19.3283,264.782,-1.23326],"pipPosition":[9.42307,279.153,-39.5593],"stabilizedTipPosition":[3.69419,281.676,-77.2337],"timeVisible":28.3627,"tipPosition":[6.12822,284.092,-75.5058],"tipVelocity":[58.8413,47.5157,29.4388],"tool":false,"touchDistance":0.485084,"touchZone":"hovering","type":1,"width":18.9605},{"bases":[[[0.949576,0.296617,0.101602],[-0.287987,0.697004,0.656695],[0.12397,-0.652842,0.74728]],[[0.949605,0.296468,0.101773],[-0.175048,0.770919,-0.612407],[-0.260018,0.563729,0.783964]],[[0.949605,0.296468,0.101773],[0.206103,-0.345937,-0.915341],[-0.236162,0.890188,-0.389606]],[[0.949605,0.296468,0.101773],[0.301528,-0.775301,-0.554968],[-0.0856252,0.557687,-0.825623]]],"btipPosition":[58.3453,212.396,-6.00078],"carpPosition":[46.3781,229.47,56.0772],"dipPosition":[56.768,222.669,-21.2093],"direction":[0.236162,-0.890188,0.389606],"extended":false,"handId":466,"id":4662,"length":65.6822,"mcpPosition":[37.8999,274.118,4.9713],"pipPosition":[50.1852,247.483,-32.0693],"stabilizedTipPosition":[54.6951,210.59,-12.8916],"timeVisible":28.3627,"tipPosition":[57.9744,214.861,-9.98325],"tipVelocity":[48.8839,47.3519,31.3511],"tool":false,"touchDistance":0.333333,"touchZone":"none","type":2,"width":18.6218},{"bases":[[[0.976459,0.143921,0.160668],[-0.215309,0.695249,0.685763],[-0.0130085,-0.704213,0.709869]],[[0.976045,0.175696,0.128322],[-0.0555297,0.771441,-0.633873],[-0.210362,0.611563,0.762718]],[[0.976045,0.175696,0.128322],[0.190335,-0.403829,-0.894815],[-0.105396,0.897805,-0.427597]],[[0.976045,0.175696,0.128322],[0.217279,-0.817554,-0.533287],[0.0112137,0.548394,-0.836145]]],"btipPosition":[70.0717,216.198,7.20643],"carpPosition":[57.4032,234.165,57.2733],"dipPosition":[70.2771,226.241,-8.10735],"direction":[0.105396,-0.897804,0.427597],"extended":false,"handId":466,"id":4663,"length":63.1552,"mcpPosition":[58.202,277.405,13.6859],"pipPosition":[67.4151,250.621,-19.7185],"stabilizedTipPosition":[66.2196,213.242,-1.2133],"timeVisible":28.3627,"tipPosition":[70.1687,218.455,3.17201],"tipVelocity":[46.5293,48.2909,36.301],"tool":false,"touchDistance":0.333333,"touchZone":"none","type":3,"width":17.7198},{"bases":[[[0.990454,-0.0554186,0.126216],[-0.0611107,0.644205,0.762408],[-0.123561,-0.762843,0.634668]],[[0.998028,0.0284687,0.0559418],[0.0068898,0.836162,-0.548439],[-0.0623898,0.547743,0.834317]],[[0.998028,0.0284687,0.0559418],[0.0623262,-0.34378,-0.93698],[-0.007443,0.938619,-0.344876]],[[0.998028,0.0284687,0.0559418],[0.0565577,-0.794411,-0.604741],[0.0272246,0.606712,-0.794455]]],"btipPosition":[80.0901,228.982,10.9183],"carpPosition":[71.2219,232.854,55.8749],"dipPosition":[80.5501,239.233,-2.50488],"direction":[0.007443,-0.938619,0.344876],"extended":false,"handId":466,"id":4664,"length":49.5125,"mcpPosition":[78.245,276.213,19.8008],"pipPosition":[80.4074,257.228,-9.11693],"stabilizedTipPosition":[76.1671,225.981,2.56591],"timeVisible":28.3627,"tipPosition":[80.2126,231.356,7.57405],"tipVelocity":[44.8661,47.6003,41.8684],"tool":false,"touchDistance":0.333333,"touchZone":"none","type":4,"width":15.7401}],"r":[[0.463415,0.617014,0.636035],[-0.747723,0.657464,-0.0930111],[-0.475559,-0.432475,0.766035]],"s":1.1885,"t":[47.4834,13.8662,-84.4162],"timestamp":93354629296},false],[2,{"currentFrameRate":53.3487,"devices":[],"gestures":[],"hands":[{"armBasis":[[0.897942,0.439138,-0.0293087],[-0.422482,0.878715,0.222191],[0.123326,-0.187132,0.974563]],"armWidth":62.4607,"confidence":0.873117,"direction":[-0.158983,0.753711,-0.637687],"elbow":[92.7749,170.577,315.039],"grabStrength":0,"id":466,"palmNormal":[0.406708,-0.538552,-0.737937],"palmPosition":[46.7197,254.905,18.577],"palmVelocity":[35.9652,33.4193,26.522],"palmWidth":89.1918,"pinchStrength":0.489571,"r":[[0.461707,0.614854,0.63936],[-0.747985,0.657313,-0.0919686],[-0.476807,-0.435769,0.763387]],"s":1.18894,"sphereCenter":[45.121,238.589,-26.5378],"sphereRadius":46.6388,"stabilizedPalmPosition":[45.5583,253.763,17.6064],"t":[48.1267,14.4606,-83.9491],"timeVisible":28.3808,"type":"right","wrist":[60.1349,220.104,57.1071]}],"id":1677076,"interactionBox":{"center":[0,200,0],"size":[235.247,235.247,147.751]},"pointables":[{"bases":[[[-0.0327891,0.780341,0.624495],[-0.843847,-0.356442,0.401087],[0.53558,-0.513827,0.670176]],[[-0.0897224,0.83069,0.549458],[-0.861579,-0.34149,0.375588],[0.499632,-0.439702,0.746344]],[[-0.0897224,0.83069,0.549458],[-0.970656,0.0506523,-0.235079],[-0.223109,-0.554426,0.801769]],[[-0.0897224,0.83069,0.549458],[-0.637683,0.375864,-0.672374],[-0.765056,-0.410707,0.495994]]],"btipPosition":[40.3947,250.816,-29.4342],"carpPosition":[39.8343,201.348,45.2604],"dipPosition":[22.8435,241.393,-18.0556],"direction":[0.223109,0.554426,-0.801769],"extended":false,"handId":466,"id":4660,"length":51.0864,"mcpPosition":[39.8343,201.348,45.2604],"pipPosition":[15.3868,222.864,8.74095],"stabilizedTipPosition":[35.92,248.243,-27.04],"timeVisible":28.3808,"tipPosition":[36.8973,247.927,-26.775],"tipVelocity":[42.2126,40.6485,23.1474],"tool":false,"touchDistance":0.121789,"touchZone":"hovering","type":0,"width":19.8498},{"bases":[[[0.860154,0.497874,0.110715],[-0.447863,0.633431,0.631018],[0.244037,-0.592358,0.767827]],[[0.819147,0.573556,0.00563838],[-0.524156,0.74453,0.413442],[0.232934,-0.341626,0.910513]],[[0.819147,0.573556,0.00563838],[-0.561386,0.799672,0.213001],[0.117659,-0.177644,0.977036]],[[0.819147,0.573556,0.00563838],[-0.57283,0.817527,0.0592999],[0.0294023,-0.0518052,0.998224]]],"btipPosition":[6.79512,284.736,-79.1217],"carpPosition":[37.4838,222.554,54.4622],"dipPosition":[7.28755,283.869,-62.4035],"direction":[-0.117659,0.177644,-0.977036],"extended":true,"handId":466,"id":4661,"length":57.6453,"mcpPosition":[19.8849,265.273,-0.910095],"pipPosition":[10.0752,279.66,-39.2548],"stabilizedTipPosition":[4.6935,282.565,-76.6252],"timeVisible":28.3808,"tipPosition":[6.85876,284.647,-75.198],"tipVelocity":[50.7652,38.8798,23.3026],"tool":false,"touchDistance":0.474383,"touchZone":"hovering","type":1,"width":18.9605},{"bases":[[[0.948878,0.297938,0.104227],[-0.29053,0.695324,0.657356],[0.12338,-0.654031,0.746338]],[[0.94889,0.297878,0.104296],[-0.174699,0.770947,-0.612471],[-0.262848,0.562947,0.783582]],[[0.94889,0.297878,0.104296],[0.209408,-0.346982,-0.914195],[-0.236129,0.88931,-0.391626]],[[0.94889,0.297878,0.104296],[0.304315,-0.775927,-0.552566],[-0.083671,0.556062,-0.826918]]],"btipPosition":[58.9702,212.997,-5.52154],"carpPosition":[46.8658,229.898,56.3938],"dipPosition":[57.4289,223.24,-20.7539],"direction":[0.236129,-0.88931,0.391626],"extended":false,"handId":466,"id":4662,"length":65.6822,"mcpPosition":[38.428,274.627,5.35233],"pipPosition":[50.847,248.029,-31.6702],"stabilizedTipPosition":[55.4128,211.462,-12.1837],"timeVisible":28.3808,"tipPosition":[58.6167,215.441,-9.54285],"tipVelocity":[42.321,40.4736,28.9215],"tool":false,"touchDistance":0.333333,"touchZone":"none","type":2,"width":18.6218},{"bases":[[[0.975876,0.145175,0.163068],[-0.217913,0.69363,0.686579],[-0.0134346,-0.70555,0.708532]],[[0.975473,0.17721,0.130575],[-0.0557244,0.772679,-0.632346],[-0.212951,0.60956,0.763602]],[[0.975473,0.17721,0.130575],[0.193097,-0.404121,-0.894092],[-0.105674,0.897376,-0.428427]],[[0.975473,0.17721,0.130575],[0.219753,-0.818294,-0.531135],[0.0127267,0.546802,-0.837165]]],"btipPosition":[70.6687,216.851,7.64039],"carpPosition":[57.8808,234.608,57.6227],"dipPosition":[70.9018,226.866,-7.69208],"direction":[0.105674,-0.897376,0.428427],"extended":false,"handId":466,"id":4663,"length":63.1552,"mcpPosition":[58.7057,277.93,14.1174],"pipPosition":[68.0322,251.234,-19.3258],"stabilizedTipPosition":[66.8499,214.07,-0.467532],"timeVisible":28.3808,"tipPosition":[70.7768,219.074,3.59536],"tipVelocity":[40.3001,42.3729,30.3616],"tool":false,"touchDistance":0.333333,"touchZone":"none","type":3,"width":17.7198},{"bases":[[[0.990263,-0.0540775,0.128277],[-0.0638015,0.642689,0.763466],[-0.123729,-0.764216,0.632981]],[[0.997853,0.029723,0.0583678],[0.00710085,0.83677,-0.547509],[-0.065114,0.546748,0.834762]],[[0.997853,0.029723,0.0583678],[0.065067,-0.347525,-0.93541],[-0.00751893,0.9372,-0.348713]],[[0.997853,0.029723,0.0583678],[0.058855,-0.797958,-0.599832],[0.0287463,0.601979,-0.797994]]],"btipPosition":[80.6525,229.669,11.5093],"carpPosition":[71.7046,233.322,56.252],"dipPosition":[81.1382,239.84,-1.97372],"direction":[0.00751893,-0.9372,0.348713],"extended":false,"handId":466,"id":4664,"length":49.5125,"mcpPosition":[78.7372,276.759,20.2738],"pipPosition":[80.9941,257.809,-8.65933],"stabilizedTipPosition":[76.7127,226.696,3.25933],"timeVisible":28.3808,"tipPosition":[80.7885,231.99,8.0969],"tipVelocity":[38.5057,42.5883,37.1653],"tool":false,"touchDistance":0.333333,"touchZone":"none","type":4,"width":15.7401}],"r":[[0.461707,0.614854,0.63936],[-0.747985,0.657313,-0.0919686],[-0.476807,-0.435769,0.763387]],"s":1.18894,"t":[48.1267,14.4606,-83.9491],"timestamp":93354647354},false],[3,{"currentFrameRate":53.5054,"devices":[],"gestures":[],"hands":[{"armBasis":[[0.899179,0.436745,-0.0270151],[-0.4208,0.879982,0.220363],[0.120015,-0.186778,0.975044]],"armWidth":62.4607,"confidence":0.877614,"direction":[-0.157042,0.753183,-0.63879],"elbow":[92.1637,171.087,315.55],"grabStrength":0,"id":466,"palmNormal":[0.406094,-0.540355,-0.736956],"palmPosition":[47.0804,255.297,18.9057],"palmVelocity":[28.3102,27.8075,22.5264],"palmWidth":89.1918,"pinchStrength":0.491169,"r":[[0.460503,0.613099,0.641909],[-0.747917,0.657469,-0.0914076],[-0.478077,-0.438001,0.761313]],"s":1.18906,"sphereCenter":[45.5821,238.952,-26.1604],"sphereRadius":46.5979,"stabilizedPalmPosition":[46.1255,254.334,18.0906],"t":[48.6286,14.9539,-83.5512],"timeVisible":28.3989,"type":"right","wrist":[60.4,220.52,57.4907]}],"id":1677077,"interactionBox":{"center":[0,200,0],"size":[235.247,235.247,147.751]},"pointables":[{"bases":[[[-0.0316131,0.781235,0.623436],[-0.844828,-0.354199,0.401011],[0.534104,-0.514019,0.671206]],[[-0.0891108,0.832179,0.5473],[-0.863491,-0.338417,0.373976],[0.496431,-0.439263,0.748735]],[[-0.0891108,0.832179,0.5473],[-0.96999,0.0522988,-0.237454],[-0.226227,-0.552035,0.802545]],[[-0.0891108,0.832179,0.5473],[-0.637062,0.374771,-0.673571],[-0.765644,-0.408687,0.496754]]],"btipPosition":[40.9039,251.11,-29.1992],"carpPosition":[40.0691,201.79,45.6557],"dipPosition":[23.3392,241.734,-17.8032],"direction":[0.226227,0.552035,-0.802545],"extended":false,"handId":466,"id":4660,"length":51.0864,"mcpPosition":[40.0691,201.79,45.6557],"pipPosition":[15.7783,223.284,9.0193],"stabilizedTipPosition":[36.514,248.69,-26.7494],"timeVisible":28.3989,"tipPosition":[37.3222,248.291,-26.5003],"tipVelocity":[35.4031,29.296,18.4023],"tool":false,"touchDistance":0.125772,"touchZone":"hovering","type":0,"width":19.8498},{"bases":[[[0.861089,0.496277,0.110613],[-0.446988,0.635175,0.629885],[0.242339,-0.591829,0.768772]],[[0.8204,0.571762,0.00562072],[-0.523118,0.746561,0.411089],[0.230849,-0.340198,0.911578]],[[0.8204,0.571762,0.00562072],[-0.559964,0.801405,0.210214],[0.115688,-0.175607,0.977639]],[[0.8204,0.571762,0.00562072],[-0.571123,0.81893,0.0563218],[0.0275997,-0.0494165,0.998397]]],"btipPosition":[7.35414,285.008,-78.8862],"carpPosition":[37.7556,223.013,54.8279],"dipPosition":[7.81638,284.181,-62.1651],"direction":[-0.115688,0.175607,-0.977639],"extended":true,"handId":466,"id":4661,"length":57.6453,"mcpPosition":[20.2792,265.693,-0.612587],"pipPosition":[10.5573,280.02,-39.0022],"stabilizedTipPosition":[5.54474,283.258,-76.1376],"timeVisible":28.3989,"tipPosition":[7.3861,284.949,-74.9546],"tipVelocity":[41.0916,27.7579,18.4081],"tool":false,"touchDistance":0.46382,"touchZone":"hovering","type":1,"width":18.9605},{"bases":[[[0.949412,0.296154,0.104449],[-0.289547,0.696784,0.656242],[0.121571,-0.653287,0.747286]],[[0.949412,0.296152,0.104451],[-0.172748,0.770298,-0.61384],[-0.262249,0.564743,0.78249]],[[0.949412,0.296152,0.104451],[0.209593,-0.349892,-0.913043],[-0.233853,0.888746,-0.394263]],[[0.949412,0.296152,0.104451],[0.303261,-0.778282,-0.549828],[-0.0815399,0.553689,-0.828722]]],"btipPosition":[59.2483,213.363,-5.06606],"carpPosition":[47.1513,230.34,56.7557],"dipPosition":[57.7463,223.562,-20.3316],"direction":[0.233853,-0.888746,0.394263],"extended":false,"handId":466,"id":4662,"length":65.6822,"mcpPosition":[38.8371,275.018,5.64948],"pipPosition":[51.2278,248.335,-31.3215],"stabilizedTipPosition":[55.9922,212.167,-11.585],"timeVisible":28.3989,"tipPosition":[58.9086,215.784,-9.09831],"tipVelocity":[29.7098,30.5486,26.9122],"tool":false,"touchDistance":0.333333,"touchZone":"none","type":2,"width":18.6218},{"bases":[[[0.976062,0.143415,0.16351],[-0.216953,0.694982,0.685515],[-0.0153234,-0.704579,0.70946]],[[0.975738,0.175562,0.130817],[-0.0541506,0.772451,-0.632762],[-0.212138,0.610326,0.763216]],[[0.975738,0.175562,0.130817],[0.192901,-0.406742,-0.892945],[-0.103558,0.896515,-0.43074]],[[0.975738,0.175562,0.130817],[0.218448,-0.820696,-0.527956],[0.014672,0.543724,-0.839136]]],"btipPosition":[70.9501,217.259,8.06214],"carpPosition":[58.1749,235.03,57.9856],"dipPosition":[71.2188,227.218,-7.30642],"direction":[0.103558,-0.896515,0.43074],"extended":false,"handId":466,"id":4663,"length":63.1552,"mcpPosition":[59.1158,278.292,14.4233],"pipPosition":[68.4068,251.562,-19.003],"stabilizedTipPosition":[67.4056,214.801,0.199382],"timeVisible":28.3989,"tipPosition":[71.0674,219.445,4.02121],"tipVelocity":[28.7171,32.5747,26.7629],"tool":false,"touchDistance":0.333333,"touchZone":"none","type":3,"width":17.7198},{"bases":[[[0.990068,-0.0559122,0.128994],[-0.0629943,0.643831,0.76257],[-0.125687,-0.763122,0.633915]],[[0.997869,0.0276268,0.0591068],[0.00933434,0.836157,-0.548411],[-0.0645734,0.547794,0.834117]],[[0.997869,0.0276268,0.0591068],[0.0650562,-0.35252,-0.93354],[-0.00495443,0.935396,-0.353566]],[[0.997869,0.0276268,0.0591068],[0.0574069,-0.80228,-0.594181],[0.0310048,0.596309,-0.802156]]],"btipPosition":[80.9502,230.093,12.0156],"carpPosition":[71.997,233.713,56.6256],"dipPosition":[81.4741,240.168,-1.53778],"direction":[0.00495443,-0.935396,0.353566],"extended":false,"handId":466,"id":4664,"length":49.5125,"mcpPosition":[79.1409,277.089,20.5944],"pipPosition":[81.3791,258.102,-8.31645],"stabilizedTipPosition":[77.1845,227.315,3.86979],"timeVisible":28.3989,"tipPosition":[81.0992,232.359,8.56165],"tipVelocity":[28.2177,32.858,32.3396],"tool":false,"touchDistance":0.333333,"touchZone":"none","type":4,"width":15.7401}],"r":[[0.460503,0.613099,0.641909],[-0.747917,0.657469,-0.0914076],[-0.478077,-0.438001,0.761313]],"s":1.18906,"t":[48.6286,14.9539,-83.5512],"timestamp":93354665484},false],[4,{"currentFrameRate":53.6811,"devices":[],"gestures":[],"hands":[{"armBasis":[[0.899724,0.435701,-0.0257108],[-0.41999,0.880301,0.220633],[0.118763,-0.18771,0.975018]],"armWidth":62.4607,"confidence":0.867444,"direction":[-0.156187,0.752275,-0.640069],"elbow":[92.1011,171.352,315.96],"grabStrength":0,"id":466,"palmNormal":[0.405458,-0.542076,-0.736042],"palmPosition":[47.3885,255.759,19.2635],"palmVelocity":[23.0065,26.7819,21.2693],"palmWidth":89.1918,"pinchStrength":0.492309,"r":[[0.459679,0.611802,0.643734],[-0.747712,0.657734,-0.0911798],[-0.47919,-0.439414,0.759798]],"s":1.18898,"sphereCenter":[45.9498,239.362,-25.7542],"sphereRadius":46.5644,"stabilizedPalmPosition":[46.5683,254.834,18.5018],"t":[49.0336,15.4314,-83.1733],"timeVisible":28.4169,"type":"right","wrist":[60.6688,221.032,57.9074]}],"id":1677078,"interactionBox":{"center":[0,200,0],"size":[235.247,235.247,147.751]},"pointables":[{"bases":[[[-0.0307022,0.782331,0.622106],[-0.845227,-0.352543,0.401627],[0.533524,-0.513491,0.672071]],[[-0.0887047,0.833665,0.5451],[-0.864534,-0.336231,0.373538],[0.494684,-0.438123,0.750557]],[[-0.0887047,0.833665,0.5451],[-0.969721,0.0527329,-0.238452],[-0.227534,-0.549747,0.803745]],[[-0.0887047,0.833665,0.5451],[-0.637959,0.372727,-0.673856],[-0.764944,-0.407526,0.498782]]],"btipPosition":[41.264,251.466,-28.9261],"carpPosition":[40.3162,202.306,46.1046],"dipPosition":[23.7153,242.117,-17.4835],"direction":[0.227534,0.549747,-0.803745],"extended":false,"handId":466,"id":4660,"length":51.0864,"mcpPosition":[40.3162,202.306,46.1046],"pipPosition":[16.1108,223.743,9.37909],"stabilizedTipPosition":[36.9388,249.062,-26.4785],"timeVisible":28.4169,"tipPosition":[37.6383,248.699,-26.1854],"tipVelocity":[28.2033,24.9578,17.1534],"tool":false,"touchDistance":0.130503,"touchZone":"hovering","type":0,"width":19.8498},{"bases":[[[0.861661,0.495473,0.109754],[-0.446245,0.63676,0.62881],[0.241672,-0.590799,0.769774]],[[0.821109,0.570752,0.00474544],[-0.522413,0.748166,0.409063],[0.229923,-0.338364,0.912494]],[[0.821109,0.570752,0.00474544],[-0.559097,0.802612,0.207905],[0.114854,-0.173366,0.978137]],[[0.821109,0.570752,0.00474544],[-0.570138,0.819778,0.0539055],[0.0268765,-0.0469678,0.998535]]],"btipPosition":[7.7448,285.296,-78.5983],"carpPosition":[38.0272,223.547,55.2407],"dipPosition":[8.19492,284.51,-61.8749],"direction":[-0.114854,0.173366,-0.978137],"extended":true,"handId":466,"id":4661,"length":57.6453,"mcpPosition":[20.5989,266.153,-0.272029],"pipPosition":[10.9161,280.402,-38.7002],"stabilizedTipPosition":[6.20587,283.791,-75.7399],"timeVisible":28.4169,"tipPosition":[7.75864,285.261,-74.6618],"tipVelocity":[31.8298,22.4319,17.2763],"tool":false,"touchDistance":0.455097,"touchZone":"hovering","type":1,"width":18.9605},{"bases":[[[0.949754,0.295239,0.103929],[-0.288733,0.698233,0.65506],[0.120833,-0.652154,0.748395]],[[0.949741,0.29531,0.103846],[-0.172014,0.769494,-0.615054],[-0.261541,0.566278,0.781617]],[[0.949741,0.29531,0.103846],[0.20953,-0.35324,-0.911767],[-0.232572,0.887701,-0.397363]],[[0.949741,0.29531,0.103846],[0.302579,-0.780996,-0.546343],[-0.0802373,0.550306,-0.831099]]],"btipPosition":[59.4858,213.83,-4.57023],"carpPosition":[47.4314,230.866,57.1559],"dipPosition":[58.0078,223.967,-19.8796],"direction":[0.232572,-0.887701,0.397363],"extended":false,"handId":466,"id":4662,"length":65.6822,"mcpPosition":[39.1677,275.467,5.97386],"pipPosition":[51.525,248.711,-30.9558],"stabilizedTipPosition":[56.4326,212.725,-11.0971],"timeVisible":28.4169,"tipPosition":[59.1587,216.213,-8.61519],"tipVelocity":[22.0278,27.9997,26.9453],"tool":false,"touchDistance":0.333333,"touchZone":"none","type":2,"width":18.6218},{"bases":[[[0.976229,0.142569,0.16325],[-0.21614,0.696397,0.684335],[-0.0161214,-0.703353,0.710658]],[[0.975934,0.174849,0.130308],[-0.0538742,0.77237,-0.632884],[-0.211305,0.610633,0.763202]],[[0.975934,0.174849,0.130308],[0.192364,-0.408852,-0.892097],[-0.102705,0.895694,-0.432647]],[[0.975934,0.174849,0.130308],[0.217519,-0.822812,-0.525039],[0.015417,0.540748,-0.841044]]],"btipPosition":[71.2113,217.763,8.46795],"carpPosition":[58.4605,235.545,58.3776],"dipPosition":[71.4937,227.667,-6.93555],"direction":[0.102705,-0.895694,0.432647],"extended":false,"handId":466,"id":4663,"length":63.1552,"mcpPosition":[59.4504,278.732,14.7418],"pipPosition":[68.7048,251.989,-18.6839],"stabilizedTipPosition":[67.8773,215.44,0.77527],"timeVisible":28.4169,"tipPosition":[71.33,219.908,4.4484],"tipVelocity":[22.0679,30.061,24.5511],"tool":false,"touchDistance":0.333333,"touchZone":"none","type":3,"width":17.7198},{"bases":[[[0.990005,-0.0568323,0.129072],[-0.062239,0.6452,0.761474],[-0.126554,-0.761897,0.635215]],[[0.997899,0.0264557,0.0591471],[0.0104184,0.835454,-0.549461],[-0.0639511,0.548923,0.833423]],[[0.997899,0.0264557,0.0591471],[0.064698,-0.357129,-0.931812],[-0.00352864,0.93368,-0.35809]],[[0.997899,0.0264557,0.0591471],[0.0562809,-0.806223,-0.588929],[0.0321052,0.59102,-0.806018]]],"btipPosition":[81.2159,230.604,12.5118],"carpPosition":[72.281,234.211,57.0197],"dipPosition":[81.7584,240.59,-1.10682],"direction":[0.00352864,-0.93368,0.35809],"extended":false,"handId":466,"id":4664,"length":49.5125,"mcpPosition":[79.4742,277.516,20.9145],"pipPosition":[81.6907,258.49,-7.97222],"stabilizedTipPosition":[77.5793,227.846,4.39316],"timeVisible":28.4169,"tipPosition":[81.3722,232.819,9.0264],"tipVelocity":[21.9543,30.1894,29.6811],"tool":false,"touchDistance":0.333333,"touchZone":"none","type":4,"width":15.7401}],"r":[[0.459679,0.611802,0.643734],[-0.747712,0.657734,-0.0911798],[-0.47919,-0.439414,0.759798]],"s":1.18898,"t":[49.0336,15.4314,-83.1733],"timestamp":93354683487},false],[5,{"currentFrameRate":53.8265,"devices":[],"gestures":[],"hands":[{"armBasis":[[0.900705,0.433719,-0.0248872],[-0.418253,0.881225,0.220243],[0.117455,-0.187965,0.975127]],"armWidth":62.4607,"confidence":0.880351,"direction":[-0.155046,0.752252,-0.640373],"elbow":[91.911,171.874,316.233],"grabStrength":0,"id":466,"palmNormal":[0.404159,-0.543185,-0.735939],"palmPosition":[47.5936,256.353,19.496],"palmVelocity":[17.4731,29.6915,17.2815],"palmWidth":89.1918,"pinchStrength":0.494559,"r":[[0.459297,0.610655,0.645095],[-0.74731,0.658214,-0.0910017],[-0.480181,-0.440289,0.758664]],"s":1.18871,"sphereCenter":[46.1732,239.959,-25.4984],"sphereRadius":46.533,"stabilizedPalmPosition":[46.9237,255.361,18.8464],"t":[49.3387,15.9673,-82.8681],"timeVisible":28.435,"type":"right","wrist":[60.8249,221.621,58.1516]}],"id":1677079,"interactionBox":{"center":[0,200,0],"size":[235.247,235.247,147.751]},"pointables":[{"bases":[[[-0.0290029,0.782689,0.621737],[-0.84572,-0.350778,0.402135],[0.532839,-0.514152,0.672109]],[[-0.0874221,0.834482,0.544056],[-0.865543,-0.333995,0.373206],[0.493146,-0.438277,0.751479]],[[-0.0874221,0.834482,0.544056],[-0.96949,0.0542828,-0.239043],[-0.22901,-0.548354,0.804277]],[[-0.0874221,0.834482,0.544056],[-0.638552,0.372244,-0.673562],[-0.764597,-0.406292,0.500318]]],"btipPosition":[41.4973,252.019,-28.7628],"carpPosition":[40.4329,202.926,46.366],"dipPosition":[23.9566,242.699,-17.285],"direction":[0.22901,0.548354,-0.804277],"extended":false,"handId":466,"id":4660,"length":51.0864,"mcpPosition":[40.4329,202.926,46.366],"pipPosition":[16.3027,224.372,9.59536],"stabilizedTipPosition":[37.2407,249.531,-26.2738],"timeVisible":28.435,"tipPosition":[37.8307,249.299,-25.9915],"tipVelocity":[20.9922,27.8257,13.5123],"tool":false,"touchDistance":0.133359,"touchZone":"hovering","type":0,"width":19.8498},{"bases":[[[0.862623,0.493927,0.10917],[-0.444812,0.637893,0.628677],[0.240882,-0.590871,0.769966]],[[0.822224,0.569147,0.00426388],[-0.520991,0.749597,0.408255],[0.229161,-0.337899,0.912858]],[[0.822224,0.569147,0.00426388],[-0.557538,0.803901,0.207109],[0.114448,-0.172668,0.978309]],[[0.822224,0.569147,0.00426388],[-0.568534,0.820939,0.0531835],[0.0267688,-0.0461529,0.998576]]],"btipPosition":[8.00494,285.881,-78.3803],"carpPosition":[38.187,224.176,55.4926],"dipPosition":[8.45327,285.108,-61.6562],"direction":[-0.114448,0.172668,-0.978309],"extended":true,"handId":466,"id":4661,"length":57.6453,"mcpPosition":[20.8156,266.787,-0.0339337],"pipPosition":[11.1648,281.017,-38.4774],"stabilizedTipPosition":[6.72308,284.311,-75.4119],"timeVisible":28.435,"tipPosition":[8.00703,285.857,-74.4403],"tipVelocity":[23.5423,27.2368,14.8083],"tool":false,"touchDistance":0.446194,"touchZone":"hovering","type":1,"width":18.9605},{"bases":[[[0.950342,0.293527,0.103407],[-0.287176,0.699086,0.654835],[0.119921,-0.652013,0.748665]],[[0.950311,0.293691,0.103219],[-0.171248,0.770091,-0.614519],[-0.259966,0.566308,0.78212]],[[0.950311,0.293691,0.103219],[0.20873,-0.355152,-0.911207],[-0.230955,0.887476,-0.398807]],[[0.950311,0.293691,0.103219],[0.301136,-0.783238,-0.543926],[-0.0789012,0.547982,-0.832761]]],"btipPosition":[59.5781,214.481,-4.29699],"carpPosition":[47.6054,231.479,57.4006],"dipPosition":[58.1247,224.575,-19.6369],"direction":[0.230955,-0.887476,0.398807],"extended":false,"handId":466,"id":4662,"length":65.6822,"mcpPosition":[39.4041,276.07,6.20002],"pipPosition":[51.687,249.313,-30.7535],"stabilizedTipPosition":[56.7973,213.254,-10.6727],"timeVisible":28.435,"tipPosition":[59.2646,216.821,-8.33421],"tipVelocity":[14.1421,31.5557,21.1477],"tool":false,"touchDistance":0.333333,"touchZone":"none","type":2,"width":18.6218},{"bases":[[[0.976557,0.140837,0.162792],[-0.214575,0.69713,0.684081],[-0.0171427,-0.702975,0.711008]],[[0.976302,0.17326,0.129671],[-0.0533877,0.773496,-0.631549],[-0.209722,0.60966,0.764416]],[[0.976302,0.17326,0.129671],[0.191161,-0.409566,-0.892028],[-0.101444,0.895677,-0.43298]],[[0.976302,0.17326,0.129671],[0.215802,-0.824326,-0.52337],[0.0162118,0.538951,-0.842181]]],"btipPosition":[71.3391,218.409,8.66116],"carpPosition":[58.6437,236.138,58.6156],"dipPosition":[71.636,228.279,-6.76317],"direction":[0.101444,-0.895677,0.43298],"extended":false,"handId":466,"id":4663,"length":63.1552,"mcpPosition":[59.6963,279.302,14.9583],"pipPosition":[68.8814,252.601,-18.5205],"stabilizedTipPosition":[68.3093,216.081,1.30618],"timeVisible":28.435,"tipPosition":[71.4585,220.516,4.68012],"tipVelocity":[15.0348,32.5656,17.8455],"tool":false,"touchDistance":0.333333,"touchZone":"none","type":3,"width":17.7198},{"bases":[[[0.98995,-0.058606,0.128706],[-0.0607384,0.645686,0.761184],[-0.127714,-0.761351,0.635636]],[[0.997967,0.0245284,0.0588259],[0.0118738,0.835268,-0.549714],[-0.062619,0.549295,0.833279]],[[0.997967,0.0245284,0.0588259],[0.0637145,-0.360662,-0.930518],[-0.00160783,0.932374,-0.361491]],[[0.997967,0.0245284,0.0588259],[0.0543638,-0.809357,-0.584795],[0.0332671,0.586804,-0.809045]]],"btipPosition":[81.3594,231.223,12.8423],"carpPosition":[72.4611,234.777,57.2528],"dipPosition":[81.9215,241.137,-0.827493],"direction":[0.00160783,-0.932374,0.361491],"extended":false,"handId":466,"id":4664,"length":49.5125,"mcpPosition":[79.7202,278.052,21.1237],"pipPosition":[81.8906,259.013,-7.7581],"stabilizedTipPosition":[77.9328,228.357,4.87284],"timeVisible":28.435,"tipPosition":[81.5224,233.398,9.32774],"tipVelocity":[15.4179,31.6973,23.965],"tool":false,"touchDistance":0.333333,"touchZone":"none","type":4,"width":15.7401}],"r":[[0.459297,0.610655,0.645095],[-0.74731,0.658214,-0.0910017],[-0.480181,-0.440289,0.758664]],"s":1.18871,"t":[49.3387,15.9673,-82.8681],"timestamp":93354701549},false],[6,{"currentFrameRate":53.9408,"devices":[],"gestures":[],"hands":[{"armBasis":[[0.899926,0.435123,-0.0283036],[-0.41834,0.879877,0.225407],[0.122983,-0.191009,0.973854]],"armWidth":62.4607,"confidence":0.883056,"direction":[-0.153228,0.753158,-0.639746],"elbow":[93.234,171.844,316.03],"grabStrength":0,"id":466,"palmNormal":[0.404877,-0.54271,-0.735894],"palmPosition":[47.5528,257.188,19.649],"palmVelocity":[8.0782,37.4691,13.0704],"palmWidth":89.1918,"pinchStrength":0.496429,"r":[[0.458889,0.609494,0.646482],[-0.74683,0.658765,-0.090956],[-0.481317,-0.441073,0.757488]],"s":1.18829,"sphereCenter":[46.2504,240.858,-25.3723],"sphereRadius":46.5104,"stabilizedPalmPosition":[47.1515,256.022,19.137],"t":[49.4708,16.6526,-82.639],"timeVisible":28.4531,"type":"right","wrist":[60.6847,222.397,58.2859]}],"id":1677080,"interactionBox":{"center":[0,200,0],"size":[235.247,235.247,147.751]},"pointables":[{"bases":[[[-0.0292954,0.781983,0.622611],[-0.846741,-0.350428,0.400287],[0.531198,-0.515464,0.672403]],[[-0.0873586,0.833783,0.545137],[-0.86646,-0.333616,0.371413],[0.491545,-0.439893,0.751584]],[[-0.0873586,0.833783,0.545137],[-0.969092,0.0556077,-0.240349],[-0.230713,-0.549284,0.803155]],[[-0.0873586,0.833783,0.545137],[-0.639418,0.372689,-0.672493],[-0.76388,-0.407318,0.500579]]],"btipPosition":[41.4777,252.963,-28.6587],"carpPosition":[40.2945,203.736,46.4437],"dipPosition":[23.9535,243.619,-17.1749],"direction":[0.230713,0.549284,-0.803155],"extended":false,"handId":466,"id":4660,"length":51.0864,"mcpPosition":[40.2945,203.736,46.4437],"pipPosition":[16.2427,225.261,9.66794],"stabilizedTipPosition":[37.3597,250.271,-26.126],"timeVisible":28.4531,"tipPosition":[37.8184,250.241,-25.8812],"tipVelocity":[10.5792,39.2131,9.84678],"tool":false,"touchDistance":0.135116,"touchZone":"hovering","type":0,"width":19.8498},{"bases":[[[0.862916,0.492957,0.111215],[-0.445257,0.637584,0.628676],[0.239001,-0.592014,0.769674]],[[0.82283,0.568251,0.00646216],[-0.521119,0.749948,0.407446],[0.226686,-0.338627,0.913206]],[[0.82283,0.568251,0.00646216],[-0.557126,0.804372,0.206389],[0.112083,-0.173423,0.978449]],[[0.82283,0.568251,0.00646216],[-0.567756,0.821514,0.0526034],[0.0245832,-0.0469526,0.998595]]],"btipPosition":[8.2043,286.827,-78.2785],"carpPosition":[38.0538,224.977,55.5916],"dipPosition":[8.61602,286.04,-61.5541],"direction":[-0.112083,0.173423,-0.978449],"extended":true,"handId":466,"id":4661,"length":57.6453,"mcpPosition":[20.8181,267.671,0.086113],"pipPosition":[11.2716,281.932,-38.372],"stabilizedTipPosition":[7.15282,284.948,-75.1447],"timeVisible":28.4531,"tipPosition":[8.18463,286.81,-74.3342],"tipVelocity":[17.3445,39.0205,10.4295],"tool":false,"touchDistance":0.436435,"touchZone":"hovering","type":1,"width":18.9605},{"bases":[[[0.95045,0.292478,0.105364],[-0.287605,0.698593,0.655173],[0.118017,-0.653012,0.748096]],[[0.950399,0.292759,0.105042],[-0.170353,0.772514,-0.611721],[-0.260233,0.563485,0.784069]],[[0.950399,0.292759,0.105042],[0.209869,-0.35435,-0.911258],[-0.229557,0.888104,-0.398215]],[[0.950399,0.292759,0.105042],[0.301496,-0.78414,-0.542425],[-0.0764319,0.547189,-0.833512]]],"btipPosition":[59.5071,215.47,-4.2292],"carpPosition":[47.4761,232.269,57.5242],"dipPosition":[58.0992,225.549,-19.583],"direction":[0.229557,-0.888104,0.398215],"extended":false,"handId":466,"id":4662,"length":65.6822,"mcpPosition":[39.405,276.928,6.36252],"pipPosition":[51.7005,250.305,-30.683],"stabilizedTipPosition":[57.134,213.894,-10.2618],"timeVisible":28.4531,"tipPosition":[59.2139,217.757,-8.21731],"tipVelocity":[5.81775,42.4062,12.7724],"tool":false,"touchDistance":0.333333,"touchZone":"none","type":2,"width":18.6218},{"bases":[[[0.976416,0.139693,0.164612],[-0.215056,0.696531,0.68454],[-0.0190323,-0.703797,0.710146]],[[0.976244,0.172283,0.131397],[-0.0524536,0.776315,-0.628159],[-0.210227,0.606345,0.76691]],[[0.976244,0.172283,0.131397],[0.192113,-0.40782,-0.892623],[-0.100198,0.896661,-0.43123]],[[0.976244,0.172283,0.131397],[0.215902,-0.824563,-0.522956],[0.0182489,0.538901,-0.842171]]],"btipPosition":[71.2792,219.356,8.7049],"carpPosition":[58.5168,236.916,58.7634],"dipPosition":[71.6135,229.226,-6.71925],"direction":[0.100198,-0.896661,0.43123],"extended":false,"handId":466,"id":4663,"length":63.1552,"mcpPosition":[59.6854,280.13,15.159],"pipPosition":[68.8926,253.574,-18.4291],"stabilizedTipPosition":[68.7225,216.833,1.82842],"timeVisible":28.4531,"tipPosition":[71.4043,221.429,4.791],"tipVelocity":[6.52657,41.9337,10.496],"tool":false,"touchDistance":0.333333,"touchZone":"none","type":3,"width":17.7198},{"bases":[[[0.989672,-0.0597231,0.130314],[-0.0614007,0.644846,0.761843],[-0.129532,-0.761976,0.634519]],[[0.997886,0.023363,0.0606494],[0.0137596,0.836066,-0.548456],[-0.0635205,0.54813,0.833977]],[[0.997886,0.023363,0.0606494],[0.0649932,-0.362413,-0.929749],[0.00025839,0.931725,-0.363165]],[[0.997886,0.023363,0.0606494],[0.0543702,-0.811349,-0.582028],[0.0356099,0.584095,-0.810904]]],"btipPosition":[81.2927,232.122,13.1147],"carpPosition":[72.3352,235.543,57.4224],"dipPosition":[81.8944,241.991,-0.586484],"direction":[-0.00025839,-0.931725,0.363165],"extended":false,"handId":466,"id":4664,"length":49.5125,"mcpPosition":[79.6977,278.853,21.3568],"pipPosition":[81.8993,259.855,-7.54918],"stabilizedTipPosition":[78.2696,228.938,5.36295],"timeVisible":28.4531,"tipPosition":[81.468,234.265,9.57863],"tipVelocity":[6.5627,39.9585,19.516],"tool":false,"touchDistance":0.333333,"touchZone":"none","type":4,"width":15.7401}],"r":[[0.458889,0.609494,0.646482],[-0.74683,0.658765,-0.090956],[-0.481317,-0.441073,0.757488]],"s":1.18829,"t":[49.4708,16.6526,-82.639],"timestamp":93354719683},false],[7,{"currentFrameRate":54.0617,"devices":[],"gestures":[],"hands":[{"armBasis":[[0.899923,0.435091,-0.028902],[-0.418036,0.879704,0.226643],[0