{"sensorType":"Leap","data":[[0,{"currentFrameRate":54.7563,"devices":[],"gestures":[],"hands":[{"armBasis":[[0.906758,0.420176,-0.0352396],[-0.402747,0.887818,0.222652],[0.124839,-0.187698,0.974261]],"armWidth":62.4607,"confidence":0.796226,"direction":[-0.137672,0.746451,-0.651043],"elbow":[91.8545,170.859,311.29],"grabStrength":0,"id":466,"palmNormal":[0.395201,-0.561316,-0.727146],"palmPosition":[46.4139,255,14.2703],"palmVelocity":[16.1059,44.3956,25.2803],"palmWidth":89.1918,"pinchStrength":0.531856,"r":[[0.471456,0.611492,0.635459],[-0.730158,0.674754,-0.107591],[-0.494569,-0.413261,0.764602]],"s":1.1768,"sphereCenter":[44.2387,237.901,-30.395],"sphereRadius":46.4614,"stabilizedPalmPosition":[46.1662,254.268,13.8451],"t":[48.1807,14.3492,-88.2465],"timeVisible":30.1342,"type":"right","wrist":[58.814,220.536,53.4378]}],"id":1677171,"interactionBox":{"center":[0,200,0],"size":[235.247,235.247,147.751]},"pointables":[{"bases":[[[-0.0148774,0.79153,0.610949],[-0.85394,-0.327919,0.404048],[0.520158,-0.515703,0.680798]],[[-0.0771977,0.847702,0.524826],[-0.878677,-0.306591,0.365962],[0.471133,-0.432901,0.768524]],[[-0.0771977,0.847702,0.524826],[-0.964912,0.0689823,-0.253351],[-0.25097,-0.525969,0.812632]],[[-0.0771977,0.847702,0.524826],[-0.591849,0.384652,-0.708348],[-0.802344,-0.365301,0.472017]]],"btipPosition":[41.8212,249.244,-33.7534],"carpPosition":[38.0798,202.102,41.8395],"dipPosition":[23.4146,240.864,-22.9248],"direction":[0.25097,0.525969,-0.812632],"extended":false,"handId":466,"id":4660,"length":51.0864,"mcpPosition":[38.0798,202.102,41.8395],"pipPosition":[15.0267,223.285,4.23478],"stabilizedTipPosition":[37.5289,246.798,-31.5145],"timeVisible":30.1342,"tipPosition":[38.4535,246.662,-31.4361],"tipVelocity":[7.80061,57.0948,28.0334],"tool":false,"touchDistance":0.0617072,"touchZone":"hovering","type":0,"width":19.8498},{"bases":[[[0.872211,0.477657,0.105318],[-0.433582,0.655361,0.618473],[0.226396,-0.585103,0.778716]],[[0.82806,0.560479,-0.0133956],[-0.512266,0.766106,0.388156],[0.227816,-0.314555,0.921496]],[[0.82806,0.560479,-0.0133956],[-0.548581,0.814947,0.186868],[0.115652,-0.147389,0.982294]],[[0.82806,0.560479,-0.0133956],[-0.55983,0.827912,0.033944],[0.0301153,-0.0206084,0.999334]]],"btipPosition":[7.07599,282.795,-84.3057],"carpPosition":[36.2413,223.516,50.6691],"dipPosition":[7.58036,282.45,-67.569],"direction":[-0.115652,0.147389,-0.982294],"extended":true,"handId":466,"id":4661,"length":57.6453,"mcpPosition":[19.9146,265.711,-5.48847],"pipPosition":[10.3205,278.958,-44.2957],"stabilizedTipPosition":[6.25923,280.241,-81.7113],"timeVisible":30.1342,"tipPosition":[7.30679,282.733,-80.4139],"tipVelocity":[21.3214,53.0457,25.6025],"tool":false,"touchDistance":0.437032,"touchZone":"hovering","type":1,"width":18.9605},{"bases":[[[0.955829,0.275447,0.10257],[-0.274806,0.713675,0.644321],[0.104275,-0.644047,0.757846]],[[0.955291,0.278689,0.0987499],[-0.159098,0.766037,-0.622797],[-0.249213,0.579241,0.776127]],[[0.955291,0.278689,0.0987499],[0.204564,-0.381839,-0.901306],[-0.213477,0.88121,-0.421777]],[[0.955291,0.278689,0.0987499],[0.288596,-0.806296,-0.516332],[-0.0642745,0.521747,-0.850676]]],"btipPosition":[57.5793,213.155,-8.56296],"carpPosition":[45.8014,230.651,52.509],"dipPosition":[56.3954,222.766,-24.2329],"direction":[0.213477,-0.88121,0.421777],"extended":false,"handId":466,"id":4662,"length":65.6822,"mcpPosition":[38.6701,274.697,0.68059],"pipPosition":[50.4448,247.329,-35.9897],"stabilizedTipPosition":[56.0334,211.376,-14.5962],"timeVisible":30.1342,"tipPosition":[57.3794,215.325,-12.8824],"tipVelocity":[21.987,53.5529,30.999],"tool":false,"touchDistance":0.333333,"touchZone":"none","type":2,"width":18.6218},{"bases":[[[0.978734,0.123079,0.164109],[-0.20235,0.710636,0.673833],[-0.0336871,-0.69271,0.720429]],[[0.979247,0.154806,0.130804],[-0.0344924,0.763292,-0.645132],[-0.199712,0.627232,0.752792]],[[0.979247,0.154806,0.130804],[0.186952,-0.440776,-0.877933],[-0.0782542,0.884167,-0.46057]],[[0.979247,0.154806,0.130804],[0.199726,-0.846717,-0.493133],[0.0344138,0.509024,-0.860064]]],"btipPosition":[69.2387,216.831,4.75024],"carpPosition":[56.9288,235.099,53.6973],"dipPosition":[69.869,226.153,-11.0016],"direction":[0.0782542,-0.884167,0.46057],"extended":false,"handId":466,"id":4663,"length":63.1552,"mcpPosition":[58.9973,277.633,9.46155],"pipPosition":[67.744,250.163,-23.5082],"stabilizedTipPosition":[67.9986,214.762,-1.42355],"timeVisible":30.1342,"tipPosition":[69.4342,218.746,0.532794],"tipVelocity":[21.1513,54.6002,27.1972],"tool":false,"touchDistance":0.333333,"touchZone":"none","type":3,"width":17.7198},{"bases":[[[0.988147,-0.0770424,0.13278],[-0.0498339,0.657119,0.752138],[-0.145199,-0.74984,0.64549]],[[0.998105,0.00554292,0.0612881],[0.0298144,0.827687,-0.560398],[-0.0538336,0.561163,0.825953]],[[0.998105,0.00554292,0.0612881],[0.0587908,-0.380147,-0.923056],[0.0181821,0.924909,-0.379753]],[[0.998105,0.00554292,0.0612881],[0.0393302,-0.823441,-0.566038],[0.0473296,0.567375,-0.822098]]],"btipPosition":[79.6902,229.29,8.25305],"carpPosition":[70.7196,233.438,52.3991],"dipPosition":[80.4899,238.876,-5.63724],"direction":[-0.0181821,-0.924909,0.379753],"extended":false,"handId":466,"id":4664,"length":49.5125,"mcpPosition":[78.9726,276.059,15.7099],"pipPosition":[80.8385,256.609,-12.918],"stabilizedTipPosition":[78.369,227.135,2.24992],"timeVisible":30.1342,"tipPosition":[79.8947,231.397,4.68487],"tipVelocity":[19.6517,54.5194,31.6302],"tool":false,"touchDistance":0.333333,"touchZone":"none","type":4,"width":15.7401}],"r":[[0.471456,0.611492,0.635459],[-0.730158,0.674754,-0.107591],[-0.494569,-0.413261,0.764602]],"s":1.1768,"t":[48.1807,14.3492,-88.2465],"timestamp":93356400784},false],[1,{"currentFrameRate":54.7994,"devices":[],"gestures":[],"hands":[{"armBasis":[[0.904137,0.425981,-0.0328092],[-0.408408,0.884276,0.226404],[0.125456,-0.191301,0.973481]],"armWidth":62.4607,"confidence":0.809883,"direction":[-0.138559,0.747707,-0.649411],"elbow":[92.0857,170.565,311.462],"grabStrength":0,"id":466,"palmNormal":[0.401065,-0.557195,-0.727104],"palmPosition":[46.48,255.716,14.6992],"palmVelocity":[10.1822,42.0802,24.5283],"palmWidth":89.1918,"pinchStrength":0.532347,"r":[[0.470012,0.610424,0.637551],[-0.730787,0.674203,-0.10677],[-0.495014,-0.415731,0.762974]],"s":1.1776,"sphereCenter":[44.5703,238.756,-30.0139],"sphereRadius":46.4558,"stabilizedPalmPosition":[46.3172,254.965,14.2561],"t":[48.3554,15.1075,-87.8031],"timeVisible":30.1523,"type":"right","wrist":[58.882,221.196,53.8172]}],"id":1677172,"interactionBox":{"center":[0,200,0],"size":[235.247,235.247,147.751]},"pointables":[{"bases":[[[-0.0213861,0.789619,0.613224],[-0.854036,-0.333312,0.399406],[0.519774,-0.515174,0.681492]],[[-0.0837248,0.845832,0.526838],[-0.878768,-0.311953,0.361182],[0.469848,-0.432729,0.769408]],[[-0.0837248,0.845832,0.526838],[-0.964085,0.0649716,-0.257523],[-0.252051,-0.529478,0.810014]],[[-0.0837248,0.845832,0.526838],[-0.591375,0.383352,-0.709448],[-0.802038,-0.370957,0.468108]]],"btipPosition":[42.1219,250.076,-33.3836],"carpPosition":[38.2885,202.695,42.0754],"dipPosition":[23.7223,241.565,-22.6447],"direction":[0.252051,0.529478,-0.810014],"extended":false,"handId":466,"id":4660,"length":51.0864,"mcpPosition":[38.2885,202.695,42.0754],"pipPosition":[15.2983,223.869,4.42744],"stabilizedTipPosition":[37.7666,247.667,-31.119],"timeVisible":30.1523,"tipPosition":[38.7416,247.484,-31.0739],"tipVelocity":[12.0356,51.0099,23.8775],"tool":false,"touchDistance":0.0675273,"touchZone":"hovering","type":0,"width":19.8498},{"bases":[[[0.869391,0.481617,0.110477],[-0.439443,0.651374,0.618547],[0.225941,-0.586308,0.777942]],[[0.825364,0.564542,-0.00812819],[-0.517591,0.762316,0.388554],[0.225551,-0.316492,0.92139]],[[0.825364,0.564542,-0.00812819],[-0.553315,0.811647,0.187273],[0.112321,-0.150071,0.982274]],[[0.825364,0.564542,-0.00812819],[-0.563998,0.825063,0.0343252],[0.0260843,-0.0237465,0.999378]]],"btipPosition":[7.41622,283.637,-83.9543],"carpPosition":[36.3069,224.073,50.9605],"dipPosition":[7.85308,283.239,-67.2168],"direction":[-0.112321,0.150071,-0.982274],"extended":true,"handId":466,"id":4661,"length":57.6453,"mcpPosition":[20.013,266.355,-5.14125],"pipPosition":[10.5143,279.684,-43.9441],"stabilizedTipPosition":[6.58622,281.1,-81.2935],"timeVisible":30.1523,"tipPosition":[7.63282,283.553,-80.0657],"tipVelocity":[19.7138,49.6204,22.6653],"tool":false,"touchDistance":0.431936,"touchZone":"hovering","type":1,"width":18.9605},{"bases":[[[0.954014,0.279829,0.107487],[-0.281069,0.71039,0.645249],[0.104202,-0.645788,0.756373]],[[0.953458,0.283187,0.103548],[-0.160353,0.767045,-0.621232],[-0.255351,0.575715,0.776755]],[[0.953458,0.283187,0.103548],[0.210768,-0.380364,-0.9005],[-0.215624,0.880414,-0.422348]],[[0.953458,0.283187,0.103548],[0.295019,-0.805197,-0.514414],[-0.062299,0.521021,-0.851267]]],"btipPosition":[57.9202,214.075,-8.11156],"carpPosition":[45.8238,231.249,52.8626],"dipPosition":[56.7726,223.672,-23.7924],"direction":[0.215624,-0.880414,0.422348],"extended":false,"handId":466,"id":4662,"length":65.6822,"mcpPosition":[38.6975,275.414,1.13486],"pipPosition":[50.7622,248.213,-35.5651],"stabilizedTipPosition":[56.3127,212.22,-14.1009],"timeVisible":30.1523,"tipPosition":[57.7373,216.221,-12.4314],"tipVelocity":[20.7077,52.1741,28.0523],"tool":false,"touchDistance":0.333333,"touchZone":"none","type":2,"width":18.6218},{"bases":[[[0.977405,0.127392,0.168672],[-0.208726,0.707619,0.675063],[-0.0333578,-0.695016,0.71822]],[[0.977903,0.159362,0.135315],[-0.0361538,0.76641,-0.641334],[-0.205911,0.62227,0.755236]],[[0.977903,0.159362,0.135315],[0.192788,-0.43705,-0.878533],[-0.0808656,0.885207,-0.458116]],[[0.977903,0.159362,0.135315],[0.205992,-0.844985,-0.493526],[0.0356893,0.510494,-0.85914]]],"btipPosition":[69.5327,217.784,5.10973],"carpPosition":[56.924,235.749,54.1118],"dipPosition":[70.1863,227.134,-10.6252],"direction":[0.0808656,-0.885207,0.458116],"extended":false,"handId":466,"id":4663,"length":63.1552,"mcpPosition":[58.9723,278.424,10.0116],"pipPosition":[67.9904,251.171,-23.0651],"stabilizedTipPosition":[68.2701,215.596,-0.953858],"timeVisible":30.1523,"tipPosition":[69.7343,219.684,0.946752],"tipVelocity":[18.9587,53.8473,23.8116],"tool":false,"touchDistance":0.333333,"touchZone":"none","type":3,"width":17.7198},{"bases":[[[0.987937,-0.0725864,0.136791],[-0.0562841,0.654617,0.753863],[-0.144266,-0.752468,0.642635]],[[0.997789,0.0101547,0.0656779],[0.0282667,0.829565,-0.557694],[-0.0601474,0.558318,0.827444]],[[0.997789,0.0101547,0.0656779],[0.0645886,-0.380939,-0.922341],[0.0156531,0.924544,-0.380753]],[[0.997789,0.0101547,0.0656779],[0.0454783,-0.824957,-0.563362],[0.0484607,0.565104,-0.823595]]],"btipPosition":[79.894,230.304,8.8769],"carpPosition":[70.7282,234.16,52.8678],"dipPosition":[80.7128,239.852,-5.03869],"direction":[-0.0156531,-0.924544,0.380753],"extended":false,"handId":466,"id":4664,"length":49.5125,"mcpPosition":[78.9282,276.929,16.341],"pipPosition":[81.0129,257.578,-12.3386],"stabilizedTipPosition":[78.6233,227.931,2.75844],"timeVisible":30.1523,"tipPosition":[80.1084,232.374,5.2785],"tipVelocity":[15.776,55.0195,32.8281],"tool":false,"touchDistance":0.333333,"touchZone":"none","type":4,"width":15.7401}],"r":[[0.470012,0.610424,0.637551],[-0.730787,0.674203,-0.10677],[-0.495014,-0.415731,0.762974]],"s":1.1776,"t":[48.3554,15.1075,-87.8031],"timestamp":93356418882},false],[2,{"currentFrameRate":54.8409,"devices":[],"gestures":[],"hands":[{"armBasis":[[0.904067,0.426164,-0.0323411],[-0.408723,0.884221,0.226049],[0.124931,-0.191145,0.973579]],"armWidth":62.4607,"confidence":0.827066,"direction":[-0.137703,0.749618,-0.647388],"elbow":[91.9401,171.239,311.62],"grabStrength":0,"id":466,"palmNormal":[0.402396,-0.554903,-0.728121],"palmPosition":[46.5278,256.462,14.9145],"palmVelocity":[6.59792,41.6804,18.5263],"palmWidth":89.1918,"pinchStrength":0.533603,"r":[[0.468616,0.609207,0.639739],[-0.731292,0.673785,-0.105948],[-0.495591,-0.418188,0.761255]],"s":1.17808,"sphereCenter":[44.6831,239.648,-29.8502],"sphereRadius":46.4514,"stabilizedPalmPosition":[46.416,255.667,14.565],"t":[48.4667,15.8596,-87.4738],"timeVisible":30.1704,"type":"right","wrist":[58.8755,221.828,53.9488]}],"id":1677173,"interactionBox":{"center":[0,200,0],"size":[235.247,235.247,147.751]},"pointables":[{"bases":[[[-0.0225944,0.787768,0.615557],[-0.854595,-0.334735,0.397014],[0.518803,-0.517082,0.680786]],[[-0.0849023,0.844301,0.5291],[-0.879316,-0.313231,0.358733],[0.46861,-0.434789,0.769002]],[[-0.0849023,0.844301,0.5291],[-0.963654,0.0654175,-0.259022],[-0.253305,-0.531861,0.80806]],[[-0.0849023,0.844301,0.5291],[-0.59133,0.384695,-0.708758],[-0.801948,-0.373048,0.466599]]],"btipPosition":[42.2399,250.966,-33.2211],"carpPosition":[38.306,203.357,42.1181],"dipPosition":[23.8424,242.408,-22.5168],"direction":[0.253305,0.531861,-0.80806],"extended":false,"handId":466,"id":4660,"length":51.0864,"mcpPosition":[38.306,203.357,42.1181],"pipPosition":[15.3765,224.632,4.49001],"stabilizedTipPosition":[37.9256,248.542,-30.8823],"timeVisible":30.1704,"tipPosition":[38.8433,248.378,-30.9066],"tipVelocity":[9.42674,49.8668,16.5866],"tool":false,"touchDistance":0.070103,"touchZone":"hovering","type":0,"width":19.8498},{"bases":[[[0.869081,0.481512,0.113336],[-0.440623,0.649398,0.619785],[0.224834,-0.588582,0.776545]],[[0.825249,0.564747,-0.00503837],[-0.518289,0.760845,0.3905],[0.224367,-0.319649,0.920589]],[[0.825249,0.564747,-0.00503837],[-0.553725,0.810833,0.189576],[0.111148,-0.153657,0.981853]],[[0.825249,0.564747,-0.00503837],[-0.564218,0.824805,0.0368096],[0.0249438,-0.0275343,0.99931]]],"btipPosition":[7.59024,284.717,-83.7051],"carpPosition":[36.3043,224.708,51.0641],"dipPosition":[8.008,284.256,-66.9687],"direction":[-0.111148,0.153657,-0.981853],"extended":true,"handId":466,"id":4661,"length":57.6453,"mcpPosition":[20.0902,267.154,-4.93688],"pipPosition":[10.6414,280.615,-43.7059],"stabilizedTipPosition":[6.87178,282.012,-80.9203],"timeVisible":30.1704,"tipPosition":[7.80833,284.6,-79.8226],"tipVelocity":[14.7991,54.0285,18.4324],"tool":false,"touchDistance":0.42581,"touchZone":"hovering","type":1,"width":18.9605},{"bases":[[[0.953763,0.279756,0.109878],[-0.282308,0.708375,0.646922],[0.103146,-0.648029,0.754599]],[[0.953207,0.283163,0.105905],[-0.159872,0.769451,-0.618374],[-0.256589,0.572507,0.778716]],[[0.953207,0.283163,0.105905],[0.212548,-0.378577,-0.900834],[-0.21499,0.881191,-0.421048]],[[0.953207,0.283163,0.105905],[0.296226,-0.804835,-0.514287],[-0.0603909,0.521593,-0.851054]]],"btipPosition":[57.9905,214.979,-7.98243],"carpPosition":[45.8161,231.881,53.0032],"dipPosition":[56.878,224.587,-23.6594],"direction":[0.21499,-0.881191,0.421048],"extended":false,"handId":466,"id":4662,"length":65.6822,"mcpPosition":[38.7621,276.199,1.39678],"pipPosition":[50.8853,249.149,-35.3958],"stabilizedTipPosition":[56.5637,213.097,-13.6573],"timeVisible":30.1704,"tipPosition":[57.8221,217.102,-12.2773],"tipVelocity":[12.9214,51.1903,18.1323],"tool":false,"touchDistance":0.333333,"touchZone":"none","type":2,"width":18.6218},{"bases":[[[0.977096,0.127142,0.170643],[-0.210012,0.705533,0.676844],[-0.0343389,-0.697178,0.716075]],[[0.977636,0.159412,0.137174],[-0.0362213,0.770142,-0.636843],[-0.207163,0.617632,0.758692]],[[0.977636,0.159412,0.137174],[0.194117,-0.433046,-0.880222],[-0.0809149,0.887164,-0.454305]],[[0.977636,0.159412,0.137174],[0.207076,-0.84354,-0.49554],[0.0367168,0.512863,-0.857685]]],"btipPosition":[69.6194,218.654,5.1321],"carpPosition":[56.9131,236.379,54.284],"dipPosition":[70.2919,228.047,-10.5762],"direction":[0.0809149,-0.887164,0.454305],"extended":false,"handId":466,"id":4663,"length":63.1552,"mcpPosition":[59.0216,279.188,10.3155],"pipPosition":[68.0947,252.137,-22.9126],"stabilizedTipPosition":[68.5287,216.493,-0.528604],"timeVisible":30.1704,"tipPosition":[69.8182,220.546,1.05043],"tipVelocity":[12.338,51.3702,13.2393],"tool":false,"touchDistance":0.333333,"touchZone":"none","type":3,"width":17.7198},{"bases":[[[0.987733,-0.0727369,0.138179],[-0.0576848,0.652335,0.755732],[-0.145108,-0.754432,0.640137]],[[0.997672,0.0100791,0.0674518],[0.0291356,0.831239,-0.555151],[-0.061664,0.555824,0.82901]],[[0.997672,0.0100791,0.0674518],[0.0661911,-0.381417,-0.92203],[0.016434,0.924348,-0.381196]],[[0.997672,0.0100791,0.0674518],[0.0463172,-0.82609,-0.561632],[0.0500605,0.563449,-0.824633]]],"btipPosition":[79.944,231.172,9.18046],"carpPosition":[70.7198,234.797,53.0577],"dipPosition":[80.7898,240.692,-4.75266],"direction":[-0.016434,-0.924348,0.381196],"extended":false,"handId":466,"id":4664,"length":49.5125,"mcpPosition":[78.9676,277.679,16.6728],"pipPosition":[81.1049,258.414,-12.0611],"stabilizedTipPosition":[78.8442,228.723,3.22756],"timeVisible":30.1704,"tipPosition":[80.1687,233.214,5.55938],"tipVelocity":[9.7525,51.4971,25.0922],"tool":false,"touchDistance":0.333333,"touchZone":"none","type":4,"width":15.7401}],"r":[[0.468616,0.609207,0.639739],[-0.731292,0.673785,-0.105948],[-0.495591,-0.418188,0.761255]],"s":1.17808,"t":[48.4667,15.8596,-87.4738],"timestamp":93356436972},false],[3,{"currentFrameRate":54.8258,"devices":[],"gestures":[],"hands":[{"armBasis":[[0.904161,0.42597,-0.0322816],[-0.408347,0.884,0.227588],[0.125483,-0.192594,0.973222]],"armWidth":62.4607,"confidence":0.855119,"direction":[-0.136389,0.749982,-0.647244],"elbow":[92.0449,171.339,311.681],"grabStrength":0,"id":466,"palmNormal":[0.402609,-0.554997,-0.727932],"palmPosition":[46.5562,256.971,15.0711],"palmVelocity":[4.18056,35.0527,13.7496],"palmWidth":89.1918,"pinchStrength":0.533064,"r":[[0.467482,0.608095,0.641624],[-0.731554,0.673589,-0.105385],[-0.496275,-0.420117,0.759745]],"s":1.17834,"sphereCenter":[44.7502,240.181,-29.7093],"sphereRadius":46.4425,"stabilizedPalmPosition":[46.481,256.271,14.7994],"t":[48.5365,16.4904,-87.2308],"timeVisible":30.1887,"type":"right","wrist":[58.8342,222.312,54.1046]}],"id":1677174,"interactionBox":{"center":[0,200,0],"size":[235.247,235.247,147.751]},"pointables":[{"bases":[[[-0.0224872,0.78756,0.615828],[-0.855287,-0.334109,0.396049],[0.517666,-0.517803,0.681103]],[[-0.0844756,0.844031,0.5296],[-0.879836,-0.312663,0.357954],[0.46771,-0.435722,0.769021]],[[-0.0844756,0.844031,0.5296],[-0.963422,0.0664734,-0.259614],[-0.254326,-0.532159,0.807543]],[[-0.0844756,0.844031,0.5296],[-0.59411,0.384026,-0.706794],[-0.799936,-0.374347,0.469006]]],"btipPosition":[42.2255,251.558,-33.1312],"carpPosition":[38.2597,203.864,42.2468],"dipPosition":[23.8742,242.97,-22.3717],"direction":[0.254326,0.532159,-0.807543],"extended":false,"handId":466,"id":4660,"length":51.0864,"mcpPosition":[38.2597,203.864,42.2468],"pipPosition":[15.3741,225.184,4.61776],"stabilizedTipPosition":[37.9777,249.228,-30.7336],"timeVisible":30.1887,"tipPosition":[38.8281,248.97,-30.7795],"tipVelocity":[4.81153,41.306,11.3239],"tool":false,"touchDistance":0.0718118,"touchZone":"hovering","type":0,"width":19.8498},{"bases":[[[0.869404,0.480683,0.114369],[-0.440644,0.649567,0.619593],[0.223538,-0.589073,0.776546]],[[0.825765,0.564,-0.00401413],[-0.517958,0.761131,0.390383],[0.223232,-0.320286,0.920644]],[[0.825765,0.564,-0.00401413],[-0.553164,0.811247,0.18944],[0.110101,-0.154213,0.981884]],[[0.825765,0.564,-0.00401413],[-0.563504,0.825299,0.0366576],[0.0239878,-0.0280086,0.99932]]],"btipPosition":[7.73651,285.306,-83.5737],"carpPosition":[36.2684,225.213,51.1988],"dipPosition":[8.13825,284.837,-66.8372],"direction":[-0.110101,0.154213,-0.981884],"extended":true,"handId":466,"id":4661,"length":57.6453,"mcpPosition":[20.1479,267.695,-4.80231],"pipPosition":[10.7468,281.183,-43.5737],"stabilizedTipPosition":[7.11971,282.837,-80.6105],"timeVisible":30.1887,"tipPosition":[7.95092,285.184,-79.6925],"tipVelocity":[11.4425,43.5109,13.0417],"tool":false,"touchDistance":0.418534,"touchZone":"hovering","type":1,"width":18.9605},{"bases":[[[0.953907,0.278852,0.110919],[-0.282303,0.70839,0.646907],[0.101818,-0.648402,0.754459]],[[0.953356,0.282275,0.106931],[-0.158919,0.770556,-0.617242],[-0.256628,0.571458,0.779473]],[[0.953356,0.282275,0.106931],[0.213196,-0.378905,-0.900543],[-0.213684,0.881335,-0.421411]],[[0.953356,0.282275,0.106931],[0.296112,-0.805845,-0.512769],[-0.0585719,0.520514,-0.851842]]],"btipPosition":[57.982,215.565,-7.83729],"carpPosition":[45.7849,232.377,53.1499],"dipPosition":[56.9031,225.154,-23.5287],"direction":[0.213684,-0.881335,0.421411],"extended":false,"handId":466,"id":4662,"length":65.6822,"mcpPosition":[38.8216,276.72,1.55306],"pipPosition":[50.9467,249.72,-35.2753],"stabilizedTipPosition":[56.7739,213.937,-13.2602],"timeVisible":30.1887,"tipPosition":[57.8259,217.66,-12.1032],"tipVelocity":[6.70891,41.9142,13.1581],"tool":false,"touchDistance":0.333333,"touchZone":"none","type":2,"width":18.6218},{"bases":[[[0.977042,0.126195,0.171651],[-0.21004,0.705472,0.6769],[-0.0356732,-0.697413,0.715781]],[[0.977641,0.158674,0.137987],[-0.0360254,0.772887,-0.63352],[-0.207171,0.614384,0.761323]],[[0.977641,0.158674,0.137987],[0.194329,-0.431051,-0.881153],[-0.0803371,0.888267,-0.452248]],[[0.977641,0.158674,0.137987],[0.206856,-0.843638,-0.495465],[0.0377933,0.51293,-0.857598]]],"btipPosition":[69.6378,219.265,5.13675],"carpPosition":[56.8847,236.865,54.4432],"dipPosition":[70.33,228.659,-10.5699],"direction":[0.080337,-0.888267,0.452248],"extended":false,"handId":466,"id":4663,"length":63.1552,"mcpPosition":[59.0751,279.688,10.4928],"pipPosition":[68.1485,252.78,-22.8505],"stabilizedTipPosition":[68.7598,217.392,-0.154469],"timeVisible":30.1887,"tipPosition":[69.8326,221.132,1.1484],"tipVelocity":[7.02659,42.7645,7.02606],"tool":false,"touchDistance":0.333333,"touchZone":"none","type":3,"width":17.7198},{"bases":[[[0.98753,-0.0736816,0.139122],[-0.0578378,0.652107,0.755918],[-0.14642,-0.754538,0.639713]],[[0.997608,0.00903376,0.0685372],[0.0305647,0.831619,-0.554505],[-0.0620061,0.555273,0.829353]],[[0.997608,0.00903376,0.0685372],[0.066764,-0.383062,-0.921307],[0.0179311,0.923679,-0.382748]],[[0.997608,0.00903376,0.0685372],[0.0459143,-0.827753,-0.559211],[0.0516801,0.56102,-0.826187]]],"btipPosition":[79.9456,231.724,9.42091],"carpPosition":[70.6911,235.271,53.2299],"dipPosition":[80.8188,241.203,-4.53848],"direction":[-0.0179311,-0.923679,0.382748],"extended":false,"handId":466,"id":4664,"length":49.5125,"mcpPosition":[79.0135,278.158,16.8691],"pipPosition":[81.1626,258.912,-11.8766],"stabilizedTipPosition":[79.0299,229.462,3.65295],"timeVisible":30.1887,"tipPosition":[80.1789,233.74,5.79012],"tipVelocity":[5.28663,41.0428,19.2086],"tool":false,"touchDistance":0.333333,"touchZone":"none","type":4,"width":15.7401}],"r":[[0.467482,0.608095,0.641624],[-0.731554,0.673589,-0.105385],[-0.496275,-0.420117,0.759745]],"s":1.17834,"t":[48.5365,16.4904,-87.2308],"timestamp":93356455264},false],[4,{"currentFrameRate":54.9283,"devices":[],"gestures":[],"hands":[{"armBasis":[[0.905689,0.422681,-0.0326944],[-0.405057,0.885525,0.227541],[0.125129,-0.192838,0.973219]],"armWidth":62.4607,"confidence":0.872783,"direction":[-0.135284,0.750354,-0.647044],"elbow":[92.0098,171.534,311.709],"grabStrength":0,"id":466,"palmNormal":[0.399484,-0.556307,-0.728653],"palmPosition":[46.6484,257.266,15.12],"palmVelocity":[4.64294,26.3236,8.56682],"palmWidth":89.1918,"pinchStrength":0.527672,"r":[[0.467199,0.606921,0.64294],[-0.731384,0.673886,-0.104667],[-0.496793,-0.421336,0.758731]],"s":1.17874,"sphereCenter":[44.7142,240.466,-29.687],"sphereRadius":46.4521,"stabilizedPalmPosition":[46.5562,256.718,14.9436],"t":[48.6175,16.9532,-87.0848],"timeVisible":30.2065,"type":"right","wrist":[58.8926,222.571,54.1329]}],"id":1677175,"interactionBox":{"center":[0,200,0],"size":[235.247,235.247,147.751]},"pointables":[{"bases":[[[-0.0188524,0.787674,0.615804],[-0.855567,-0.331408,0.39771],[0.517348,-0.519364,0.680156]],[[-0.0797778,0.843464,0.531229],[-0.879251,-0.310623,0.361152],[0.469631,-0.438271,0.766397]],[[-0.0797778,0.843464,0.531229],[-0.96443,0.069422,-0.25506],[-0.252013,-0.532681,0.807924]],[[-0.0797778,0.843464,0.531229],[-0.603355,0.383355,-0.699286],[-0.793472,-0.376307,0.478325]]],"btipPosition":[41.8843,252.068,-33.1602],"carpPosition":[38.2381,204.187,42.316],"dipPosition":[23.6812,243.435,-22.1869],"direction":[0.252013,0.532681,-0.807924],"extended":false,"handId":466,"id":4660,"length":51.0864,"mcpPosition":[38.2381,204.187,42.316],"pipPosition":[15.2585,225.632,4.81532],"stabilizedTipPosition":[37.7961,249.782,-30.6705],"timeVisible":30.2065,"tipPosition":[38.5548,249.452,-30.7277],"tipVelocity":[-5.55717,35.0416,6.52417],"tool":false,"touchDistance":0.0721484,"touchZone":"hovering","type":0,"width":19.8498},{"bases":[[[0.871117,0.477976,0.112668],[-0.43743,0.650986,0.62038],[0.223181,-0.589708,0.776167]],[[0.827513,0.561419,-0.00563672],[-0.514821,0.762759,0.391354],[0.224013,-0.320949,0.920223]],[[0.827513,0.561419,-0.00563672],[-0.550262,0.81298,0.190463],[0.111512,-0.154509,0.981678]],[[0.827513,0.561419,-0.00563672],[-0.560853,0.827057,0.0376851],[0.025819,-0.0280235,0.999274]]],"btipPosition":[7.72732,285.717,-83.4518],"carpPosition":[36.3306,225.543,51.27],"dipPosition":[8.15974,285.247,-66.716],"direction":[-0.111512,0.154509,-0.981678],"extended":true,"handId":466,"id":4661,"length":57.6453,"mcpPosition":[20.2357,268.07,-4.70374],"pipPosition":[10.8018,281.587,-43.4574],"stabilizedTipPosition":[7.29301,283.516,-80.3635],"timeVisible":30.2065,"tipPosition":[7.94844,285.594,-79.5716],"tipVelocity":[5.9977,33.8581,10.1126],"tool":false,"touchDistance":0.41184,"touchZone":"hovering","type":1,"width":18.9605},{"bases":[[[0.954983,0.275882,0.109074],[-0.278854,0.709317,0.647387],[0.101235,-0.648659,0.754317]],[[0.954429,0.279337,0.10505],[-0.158136,0.77189,-0.615774],[-0.253096,0.571101,0.780888]],[[0.954429,0.279337,0.10505],[0.210237,-0.379498,-0.900989],[-0.211813,0.882016,-0.420931]],[[0.954429,0.279337,0.10505],[0.292683,-0.807332,-0.512398],[-0.058321,0.519794,-0.852298]]],"btipPosition":[57.8863,215.894,-7.847],"carpPosition":[45.873,232.677,53.2023],"dipPosition":[56.812,225.469,-23.5469],"direction":[0.211813,-0.882016,0.420931],"extended":false,"handId":466,"id":4662,"length":65.6822,"mcpPosition":[38.9496,277.038,1.6152],"pipPosition":[50.9078,250.055,-35.2801],"stabilizedTipPosition":[56.9272,214.674,-12.9408],"timeVisible":30.2065,"tipPosition":[57.7311,217.964,-12.0712],"tipVelocity":[1.05325,30.7745,6.65422],"tool":false,"touchDistance":0.333333,"touchZone":"none","type":2,"width":18.6218},{"bases":[[[0.977757,0.123158,0.169773],[-0.206543,0.706176,0.677241],[-0.0364821,-0.697243,0.715906]],[[0.978391,0.155813,0.135917],[-0.0359659,0.775584,-0.630219],[-0.203611,0.611713,0.764428]],[[0.978391,0.155813,0.135917],[0.190956,-0.428848,-0.882964],[-0.0792897,0.889838,-0.449334]],[[0.978391,0.155813,0.135917],[0.20338,-0.843669,-0.496849],[0.0372532,0.513755,-0.857128]]],"btipPosition":[69.6176,219.579,4.93619],"carpPosition":[56.9892,237.131,54.4741],"dipPosition":[70.2998,228.989,-10.7619],"direction":[0.0792897,-0.889838,0.449334],"extended":false,"handId":466,"id":4663,"length":63.1552,"mcpPosition":[59.2293,279.943,10.516],"pipPosition":[68.1468,253.152,-22.9633],"stabilizedTipPosition":[68.9451,218.187,0.115711],"timeVisible":30.2065,"tipPosition":[69.7969,221.435,1.05504],"tipVelocity":[3.12289,31.0149,-1.52201],"tool":false,"touchDistance":0.333333,"touchZone":"none","type":3,"width":17.7198},{"bases":[[[0.98756,-0.0767529,0.137241],[-0.0543579,0.652342,0.755973],[-0.147551,-0.754028,0.640054]],[[0.99776,0.00592335,0.0666321],[0.0320794,0.8317,-0.554298],[-0.0587012,0.555194,0.829647]],[[0.99776,0.00592335,0.0666321],[0.0638022,-0.383624,-0.921283],[0.0201046,0.92347,-0.383143]],[[0.99776,0.00592335,0.0666321],[0.0422222,-0.828359,-0.558604],[0.0518865,0.560166,-0.826754]]],"btipPosition":[79.9474,231.939,9.41309],"carpPosition":[70.7882,235.493,53.2345],"dipPosition":[80.8241,241.404,-4.55587],"direction":[-0.0201046,-0.92347,0.383143],"extended":false,"handId":466,"id":4664,"length":49.5125,"mcpPosition":[79.175,278.352,16.8543],"pipPosition":[81.2096,259.109,-11.9016],"stabilizedTipPosition":[79.185,230.107,4.00582],"timeVisible":30.2065,"tipPosition":[80.1797,233.947,5.78805],"tipVelocity":[2.86516,27.2918,9.89832],"tool":false,"touchDistance":0.333333,"touchZone":"none","type":4,"width":15.7401}],"r":[[0.467199,0.606921,0.64294],[-0.731384,0.673886,-0.104667],[-0.496793,-0.421336,0.758731]],"s":1.17874,"t":[48.6175,16.9532,-87.0848],"timestamp":93356473113},false],[5,{"currentFrameRate":54.9654,"devices":[],"gestures":[],"hands":[{"armBasis":[[0.906582,0.420726,-0.0331562],[-0.403281,0.886785,0.225782],[0.124395,-0.191319,0.973613]],"armWidth":62.4607,"confidence":0.88062,"direction":[-0.134727,0.7506,-0.646875],"elbow":[91.7919,172.234,311.842],"grabStrength":0,"id":466,"palmNormal":[0.398035,-0.556845,-0.729035],"palmPosition":[46.6427,257.585,15.1612],"palmVelocity":[2.28983,22.2071,5.58025],"palmWidth":89.1918,"pinchStrength":0.518438,"r":[[0.467261,0.605833,0.643921],[-0.731065,0.674341,-0.103957],[-0.497203,-0.422173,0.757997]],"s":1.17972,"sphereCenter":[44.5754,240.758,-29.6951],"sphereRadius":46.5055,"stabilizedPalmPosition":[46.5951,257.108,15.0413],"t":[48.6552,17.344,-86.9913],"timeVisible":30.2246,"type":"right","wrist":[58.8691,222.869,54.1611]}],"id":1677176,"interactionBox":{"center":[0,200,0],"size":[235.247,235.247,147.751]},"pointables":[{"bases":[[[-0.0171583,0.787657,0.615875],[-0.855716,-0.330169,0.39842],[0.517161,-0.520178,0.679676]],[[-0.0755985,0.841484,0.534966],[-0.877228,-0.311202,0.365546],[0.474084,-0.441652,0.7617]],[[-0.0755985,0.841484,0.534966],[-0.965449,0.0724095,-0.25033],[-0.249385,-0.535407,0.806936]],[[-0.0755985,0.841484,0.534966],[-0.618732,0.381138,-0.686953],[-0.781956,-0.382933,0.49184]]],"btipPosition":[41.2535,252.806,-33.1628],"carpPosition":[38.1772,204.517,42.3606],"dipPosition":[23.3146,244.021,-21.8795],"direction":[0.249385,0.535407,-0.806936],"extended":false,"handId":466,"id":4660,"length":51.0864,"mcpPosition":[38.1772,204.517,42.3606],"pipPosition":[14.9797,226.127,5.08979],"stabilizedTipPosition":[37.364,250.431,-30.604],"timeVisible":30.2246,"tipPosition":[38.064,250.101,-30.6411],"tipVelocity":[-17.9063,36.8852,5.23255],"tool":false,"touchDistance":0.073294,"touchZone":"hovering","type":0,"width":19.8498},{"bases":[[[0.87192,0.476678,0.111955],[-0.435934,0.651589,0.620801],[0.222973,-0.590094,0.775933]],[[0.828343,0.560186,-0.0062953],[-0.513329,0.76346,0.391946],[0.224369,-0.321434,0.919967]],[[0.828343,0.560186,-0.0062953],[-0.548883,0.813776,0.19104],[0.112141,-0.154791,0.981562]],[[0.828343,0.560186,-0.0062953],[-0.559588,0.827889,0.0382257],[0.0266253,-0.0281412,0.999249]]],"btipPosition":[7.67736,286.105,-83.3733],"carpPosition":[36.309,225.875,51.3178],"dipPosition":[8.12328,285.634,-66.6379],"direction":[-0.112141,0.154791,-0.981562],"extended":true,"handId":466,"id":4661,"length":57.6453,"mcpPosition":[20.2291,268.43,-4.63916],"pipPosition":[10.7802,281.966,-43.382],"stabilizedTipPosition":[7.4089,284.107,-80.1637],"timeVisible":30.2246,"tipPosition":[7.90111,285.98,-79.4944],"tipVelocity":[1.91688,27.9817,7.37155],"tool":false,"touchDistance":0.405166,"touchZone":"hovering","type":1,"width":18.9605},{"bases":[[[0.955483,0.27446,0.108274],[-0.277248,0.709683,0.647675],[0.100921,-0.648862,0.754184]],[[0.954934,0.277901,0.104269],[-0.158285,0.773955,-0.613139],[-0.251091,0.569003,0.783064]],[[0.954934,0.277901,0.104269],[0.208602,-0.378443,-0.901813],[-0.211155,0.882922,-0.419359]],[[0.954934,0.277901,0.104269],[0.291065,-0.807918,-0.512396],[-0.0581547,0.519653,-0.852396]]],"btipPosition":[57.7823,216.302,-7.94265],"carpPosition":[45.8636,232.994,53.2424],"dipPosition":[56.7111,225.874,-23.6443],"direction":[0.211155,-0.882922,0.419359],"extended":false,"handId":466,"id":4662,"length":65.6822,"mcpPosition":[38.9617,277.37,1.66436],"pipPosition":[50.8252,250.485,-35.3337],"stabilizedTipPosition":[57.0377,215.369,-12.689],"timeVisible":30.2246,"tipPosition":[57.6279,218.341,-12.0831],"tipVelocity":[-2.1634,26.864,0.967787],"tool":false,"touchDistance":0.333333,"touchZone":"none","type":2,"width":18.6218},{"bases":[[[0.978084,0.121698,0.168944],[-0.204917,0.706432,0.677468],[-0.0369009,-0.69724,0.715888]],[[0.978738,0.154283,0.135164],[-0.0353329,0.775927,-0.629833],[-0.20205,0.611665,0.76488]],[[0.978738,0.154283,0.135164],[0.189802,-0.431379,-0.881979],[-0.0777675,0.888881,-0.45149]],[[0.978738,0.154283,0.135164],[0.20153,-0.84599,-0.493647],[0.038186,0.51039,-0.859095]]],"btipPosition":[69.5147,219.97,5.04296],"carpPosition":[56.9875,237.431,54.505],"dipPosition":[70.2141,229.317,-10.6911],"direction":[0.0777675,-0.888881,0.45149],"extended":false,"handId":466,"id":4663,"length":63.1552,"mcpPosition":[59.2533,280.243,10.548],"pipPosition":[68.1024,253.455,-22.9512],"stabilizedTipPosition":[69.079,218.908,0.355613],"timeVisible":30.2246,"tipPosition":[69.7073,221.793,1.13509],"tipVelocity":[-0.960368,26.1741,1.79038],"tool":false,"touchDistance":0.333333,"touchZone":"none","type":3,"width":17.7198},{"bases":[[[0.987562,-0.0782249,0.13639],[-0.052744,0.652368,0.756065],[-0.148119,-0.753855,0.640128]],[[0.997826,0.0044727,0.0657503],[0.0327525,0.832101,-0.553656],[-0.0571873,0.554605,0.830146]],[[0.997826,0.0044727,0.0657503],[0.0624351,-0.383503,-0.921427],[0.0210942,0.923529,-0.382949]],[[0.997826,0.0044727,0.0657503],[0.0405094,-0.828578,-0.558406],[0.0519817,0.559856,-0.826958]]],"btipPosition":[79.9014,232.234,9.41029],"carpPosition":[70.783,235.774,53.2534],"dipPosition":[80.7797,241.693,-4.56211],"direction":[-0.0210942,-0.923529,0.382949],"extended":false,"handId":466,"id":4664,"length":49.5125,"mcpPosition":[79.202,278.622,16.8691],"pipPosition":[81.1841,259.4,-11.9041],"stabilizedTipPosition":[79.3159,230.72,4.31816],"timeVisible":30.2246,"tipPosition":[80.1319,234.235,5.80006],"tipVelocity":[0.304063,22.0581,5.1025],"tool":false,"touchDistance":0.333333,"touchZone":"none","type":4,"width":15.7401}],"r":[[0.467261,0.605833,0.643921],[-0.731065,0.674341,-0.103957],[-0.497203,-0.422173,0.757997]],"s":1.17972,"t":[48.6552,17.344,-86.9913],"timestamp":93356491177},false],[6,{"currentFrameRate":54.9955,"devices":[],"gestures":[],"hands":[{"armBasis":[[0.908652,0.416148,-0.0342256],[-0.399059,0.889609,0.222145],[0.122893,-0.188195,0.974413]],"armWidth":62.4607,"confidence":0.88828,"direction":[-0.133917,0.752118,-0.645279],"elbow":[91.4095,173.307,311.906],"grabStrength":0,"id":466,"palmNormal":[0.394379,-0.556913,-0.730967],"palmPosition":[46.6725,257.935,15.1031],"palmVelocity":[1.98403,20.8693,1.4015],"palmWidth":89.1918,"pinchStrength":0.507755,"r":[[0.468029,0.604442,0.644669],[-0.730424,0.675214,-0.102794],[-0.497422,-0.422771,0.757519]],"s":1.18134,"sphereCenter":[44.3174,241.154,-29.8211],"sphereRadius":46.5839,"stabilizedPalmPosition":[46.63,257.482,15.0693],"t":[48.6889,17.7148,-86.9735],"timeVisible":30.2427,"type":"right","wrist":[58.8842,223.115,54.014]}],"id":1677177,"interactionBox":{"center":[0,200,0],"size":[235.247,235.247,147.751]},"pointables":[{"bases":[[[-0.0130404,0.786675,0.61723],[-0.855777,-0.328054,0.400032],[0.51718,-0.522995,0.677496]],[[-0.068497,0.838283,0.540916],[-0.874614,-0.311297,0.371677],[0.479956,-0.447634,0.754497]],[[-0.068497,0.838283,0.540916],[-0.967043,0.0774837,-0.242538],[-0.245228,-0.539702,0.805348]],[[-0.068497,0.838283,0.540916],[-0.632545,0.382786,-0.673321],[-0.771488,-0.388274,0.504032]]],"btipPosition":[40.5129,253.698,-33.1623],"carpPosition":[38.103,204.849,42.2353],"dipPosition":[22.8142,244.79,-21.5992],"direction":[0.245228,0.539702,-0.805348],"extended":false,"handId":466,"id":4660,"length":51.0864,"mcpPosition":[38.103,204.849,42.2353],"pipPosition":[14.6182,226.753,5.31692],"stabilizedTipPosition":[36.7788,251.204,-30.5397],"timeVisible":30.2427,"tipPosition":[37.4607,250.913,-30.5924],"tipVelocity":[-27.4125,42.0525,4.45036],"tool":false,"touchDistance":0.0743747,"touchZone":"hovering","type":0,"width":19.8498},{"bases":[[[0.873746,0.473653,0.110544],[-0.432243,0.651961,0.622988],[0.22301,-0.592115,0.774381]],[[0.83016,0.557476,-0.00741888],[-0.509768,0.764369,0.394813],[0.225769,-0.323976,0.918732]],[[0.83016,0.557476,-0.00741888],[-0.545705,0.815212,0.193999],[0.114198,-0.157002,0.980974]],[[0.83016,0.557476,-0.00741888],[-0.556766,0.82965,0.041146],[0.029093,-0.0300272,0.999126]]],"btipPosition":[7.5436,286.766,-83.2783],"carpPosition":[36.3269,226.199,51.2328],"dipPosition":[8.03085,286.263,-66.545],"direction":[-0.114198,0.157002,-0.980974],"extended":true,"handId":466,"id":4661,"length":57.6453,"mcpPosition":[20.2444,268.899,-4.61224],"pipPosition":[10.7365,282.543,-43.3031],"stabilizedTipPosition":[7.46586,284.694,-79.9943],"timeVisible":30.2427,"tipPosition":[7.77751,286.626,-79.4033],"tipVelocity":[-2.26035,31.8566,6.35174],"tool":false,"touchDistance":0.3994,"touchZone":"hovering","type":1,"width":18.9605},{"bases":[[[0.956642,0.271172,0.106315],[-0.273302,0.709493,0.649558],[0.100712,-0.65045,0.752843]],[[0.956098,0.274592,0.102349],[-0.157849,0.77683,-0.609606],[-0.246901,0.566687,0.78607]],[[0.956098,0.274592,0.102349],[0.204914,-0.376778,-0.903354],[-0.209491,0.884668,-0.416505]],[[0.956098,0.274592,0.102349],[0.287164,-0.80827,-0.514039],[-0.0584252,0.520863,-0.851639]]],"btipPosition":[57.6031,216.739,-8.18375],"carpPosition":[45.9095,233.284,53.1451],"dipPosition":[56.5268,226.333,-23.8715],"direction":[0.209491,-0.884668,0.416505],"extended":false,"handId":466,"id":4662,"length":65.6822,"mcpPosition":[39.0219,277.768,1.65879],"pipPosition":[50.6874,250.993,-35.4813],"stabilizedTipPosition":[57.0933,215.994,-12.5323],"timeVisible":30.2427,"tipPosition":[57.4468,218.761,-12.2602],"tipVelocity":[-5.87686,25.7064,-5.74575],"tool":false,"touchDistance":0.333333,"touchZone":"none","type":2,"width":18.6218},{"bases":[[[0.978898,0.118236,0.166672],[-0.200906,0.705958,0.679162],[-0.0373623,-0.698315,0.714815]],[[0.979575,0.150701,0.133126],[-0.0337186,0.775786,-0.630094],[-0.198233,0.612735,0.765022]],[[0.979575,0.150701,0.133126],[0.186767,-0.436582,-0.880065],[-0.0745062,0.886953,-0.455811]],[[0.979575,0.150701,0.133126],[0.197162,-0.849899,-0.488671],[0.0395004,0.504937,-0.862252]]],"btipPosition":[69.3267,220.392,5.15969],"carpPosition":[57.0509,237.683,54.3869],"dipPosition":[70.0501,229.64,-10.6322],"direction":[0.0745062,-0.886953,0.455811],"extended":false,"handId":466,"id":4663,"length":63.1552,"mcpPosition":[59.345,280.561,10.4958],"pipPosition":[68.027,253.725,-23.0095],"stabilizedTipPosition":[69.1523,219.547,0.56295],"timeVisible":30.2427,"tipPosition":[69.5436,222.184,1.15331],"tipVelocity":[-5.30171,24.2386,3.6586],"tool":false,"touchDistance":0.333333,"touchZone":"none","type":3,"width":17.7198},{"bases":[[[0.987643,-0.0816624,0.13376],[-0.0487122,0.651267,0.757283],[-0.148955,-0.754442,0.639242]],[[0.998001,0.00117376,0.0631869],[0.0339763,0.833077,-0.552112],[-0.0532876,0.553155,0.831372]],[[0.998001,0.00117376,0.0631869],[0.058823,-0.382776,-0.921967],[0.0231043,0.92384,-0.38208]],[[0.998001,0.00117376,0.0631869],[0.036361,-0.828429,-0.558913],[0.0516898,0.560093,-0.826815]]],"btipPosition":[79.8349,232.516,9.24336],"carpPosition":[70.8378,235.982,53.0977],"dipPosition":[80.7083,241.98,-4.72663],"direction":[-0.0231043,-0.92384,0.38208],"extended":false,"handId":466,"id":4664,"length":49.5125,"mcpPosition":[79.3043,278.864,16.7637],"pipPosition":[81.1512,259.692,-12.052],"stabilizedTipPosition":[79.4207,231.298,4.56731],"timeVisible":30.2427,"tipPosition":[80.0617,234.513,5.63713],"tipVelocity":[-1.61871,19.0139,-1.69596],"tool":false,"touchDistance":0.333333,"touchZone":"none","type":4,"width":15.7401}],"r":[[0.468029,0.604442,0.644669],[-0.730424,0.675214,-0.102794],[-0.497422,-0.422771,0.757519]],"s":1.18134,"t":[48.6889,17.7148,-86.9735],"timestamp":93356509256},false],[7,{"currentFrameRate":55.0139,"devices":[],"gestures":[],"hands":[{"armBasis":[[0.910437,0.