{"sensorType":"Leap","data":[[0,{"currentFrameRate":55.3918,"devices":[],"gestures":[],"hands":[{"armBasis":[[0.895486,0.444008,-0.0310034],[-0.428182,0.878395,0.212327],[0.121508,-0.176861,0.976707]],"armWidth":62.4607,"confidence":0.88277,"direction":[-0.162659,0.733649,-0.659774],"elbow":[92.3841,175.785,311.15],"grabStrength":0,"id":466,"palmNormal":[0.408882,-0.558442,-0.721775],"palmPosition":[46.637,256.17,13.1083],"palmVelocity":[0.288085,20.9187,7.11487],"palmWidth":89.1918,"pinchStrength":0.50073,"r":[[0.443477,0.632866,0.634673],[-0.757261,0.643368,-0.112401],[-0.479463,-0.430766,0.764563]],"s":1.18234,"sphereCenter":[45.6744,238.516,-31.5708],"sphereRadius":46.4332,"stabilizedPalmPosition":[46.5073,255.079,12.4486],"t":[48.6857,15.9429,-89.0672],"timeVisible":26.6996,"type":"right","wrist":[60.2253,222.593,52.6512]}],"id":1676984,"interactionBox":{"center":[0,200,0],"size":[235.247,235.247,147.751]},"pointables":[{"bases":[[[-0.0361126,0.798441,0.600989],[-0.842062,-0.348169,0.41196],[0.538171,-0.491193,0.68491]],[[-0.0934324,0.846372,0.524333],[-0.859065,-0.334736,0.387247],[0.503268,-0.414255,0.758363]],[[-0.0934324,0.846372,0.524333],[-0.971111,0.0386753,-0.235474],[-0.219577,-0.531187,0.818307]],[[-0.0934324,0.846372,0.524333],[-0.651372,0.346328,-0.675108],[-0.752984,-0.404613,0.518945]]],"btipPosition":[39.9935,250.706,-34.9831],"carpPosition":[40.006,203.401,41.3788],"dipPosition":[22.7192,241.424,-23.078],"direction":[0.219577,0.531187,-0.818307],"extended":false,"handId":466,"id":4660,"length":51.0864,"mcpPosition":[40.006,203.401,41.3788],"pipPosition":[15.3806,223.671,4.2713],"stabilizedTipPosition":[36.1632,247.937,-32.4654],"timeVisible":26.6996,"tipPosition":[36.8883,247.726,-32.4313],"tipVelocity":[-6.01876,25.8146,8.03469],"tool":false,"touchDistance":-0.0121425,"touchZone":"touching","type":0,"width":19.8498},{"bases":[[[0.857916,0.504857,0.0953935],[-0.45051,0.649905,0.612098],[0.247026,-0.568105,0.785007]],[[0.817388,0.576001,-0.00997354],[-0.529765,0.758351,0.379806],[0.226332,-0.305165,0.925012]],[[0.817388,0.576001,-0.00997354],[-0.565263,0.80525,0.179026],[0.11115,-0.140696,0.983794]],[[0.817388,0.576001,-0.00997354],[-0.575604,0.817288,0.0268283],[0.0236044,-0.0161883,0.99959]]],"btipPosition":[7.18739,282.286,-85.6703],"carpPosition":[37.5622,224.861,49.9461],"dipPosition":[7.58271,282.015,-68.9293],"direction":[-0.11115,0.140696,-0.983794],"extended":true,"handId":466,"id":4661,"length":57.6453,"mcpPosition":[19.7478,265.83,-6.66516],"pipPosition":[10.2162,278.682,-45.6205],"stabilizedTipPosition":[6.85143,279.216,-83.6846],"timeVisible":26.6996,"tipPosition":[7.35674,281.861,-81.8637],"tipVelocity":[-1.3149,34.9406,11.8694],"tool":false,"touchDistance":0.409321,"touchZone":"hovering","type":1,"width":18.9605},{"bases":[[[0.947549,0.305223,0.0948188],[-0.293451,0.71327,0.6365],[0.126643,-0.630939,0.765426]],[[0.948858,0.298405,0.103063],[-0.172075,0.762546,-0.62363],[-0.264685,0.574002,0.774896]],[[0.948858,0.298405,0.103063],[0.213574,-0.366325,-0.905645],[-0.232495,0.88134,-0.411322]],[[0.948858,0.298405,0.103063],[0.306433,-0.792016,-0.528024],[-0.0759378,0.532602,-0.842952]]],"btipPosition":[58.6356,213.953,-10.3127],"carpPosition":[46.9114,232.301,51.6532],"dipPosition":[57.2368,223.764,-25.8404],"direction":[0.232495,-0.88134,0.411322],"extended":false,"handId":466,"id":4662,"length":65.6822,"mcpPosition":[38.2504,275.451,-0.693664],"pipPosition":[50.7562,248.331,-37.3058],"stabilizedTipPosition":[57.6904,212.617,-16.6361],"timeVisible":26.6996,"tipPosition":[58.3715,216.224,-14.4768],"tipVelocity":[-10.3216,21.3454,6.2946],"tool":false,"touchDistance":0.333333,"touchZone":"none","type":2,"width":18.6218},{"bases":[[[0.975265,0.154405,0.15817],[-0.220816,0.712778,0.665724],[-0.00994948,-0.684183,0.729242]],[[0.974657,0.186352,0.123764],[-0.0644649,0.76374,-0.642297],[-0.214216,0.61804,0.756398]],[[0.974657,0.186352,0.123764],[0.19305,-0.421114,-0.886225],[-0.113031,0.887657,-0.446417]],[[0.974657,0.186352,0.123764],[0.223545,-0.83234,-0.507186],[0.00849884,0.521999,-0.852904]]],"btipPosition":[70.8118,218.374,2.574],"carpPosition":[57.9052,237.096,52.7356],"dipPosition":[70.9674,227.934,-13.0467],"direction":[0.113031,-0.887657,0.446417],"extended":false,"handId":466,"id":4663,"length":63.1552,"mcpPosition":[58.5162,279.106,7.95867],"pipPosition":[67.8981,252.038,-25.169],"stabilizedTipPosition":[69.8955,216.983,-3.82989],"timeVisible":26.6996,"tipPosition":[70.91,220.473,-1.55149],"tipVelocity":[-7.89984,18.1559,5.51865],"tool":false,"touchDistance":0.333333,"touchZone":"none","type":3,"width":17.7198},{"bases":[[[0.990548,-0.045728,0.129324],[-0.0664444,0.664851,0.744015],[-0.120003,-0.745575,0.655529]],[[0.997736,0.0365313,0.0564587],[0.00193872,0.823601,-0.567167],[-0.0672187,0.565992,0.821665]],[[0.997736,0.0365313,0.0564587],[0.0659935,-0.370584,-0.926452],[-0.0129218,0.92808,-0.372156]],[[0.997736,0.0365313,0.0564587],[0.0624778,-0.814109,-0.577341],[0.0248725,0.579562,-0.814549]]],"btipPosition":[80.7124,231.007,6.55559],"carpPosition":[71.7342,235.832,51.3968],"dipPosition":[81.1327,240.799,-7.20714],"direction":[0.0129218,-0.92808,0.372156],"extended":false,"handId":466,"id":4664,"length":49.5125,"mcpPosition":[78.5551,278.21,14.137],"pipPosition":[80.8849,258.592,-14.3422],"stabilizedTipPosition":[79.7113,229.907,0.564497],"timeVisible":26.6996,"tipPosition":[80.8147,233.271,3.17948],"tipVelocity":[-5.04049,16.3701,6.86575],"tool":false,"touchDistance":0.333333,"touchZone":"none","type":4,"width":15.7401}],"r":[[0.443477,0.632866,0.634673],[-0.757261,0.643368,-0.112401],[-0.479463,-0.430766,0.764563]],"s":1.18234,"t":[48.6857,15.9429,-89.0672],"timestamp":93352966175},false],[1,{"currentFrameRate":55.3436,"devices":[],"gestures":[],"hands":[{"armBasis":[[0.897559,0.439797,-0.031101],[-0.424005,0.880362,0.21256],[0.120864,-0.177599,0.976653]],"armWidth":62.4607,"confidence":0.863015,"direction":[-0.160891,0.734788,-0.658939],"elbow":[92.0901,175.836,311.072],"grabStrength":0,"id":466,"palmNormal":[0.405177,-0.55961,-0.722958],"palmPosition":[46.5766,256.501,13.0947],"palmVelocity":[-1.43387,19.5988,3.35493],"palmWidth":89.1918,"pinchStrength":0.501329,"r":[[0.445605,0.631275,0.634766],[-0.755968,0.645144,-0.110908],[-0.479529,-0.430442,0.764704]],"s":1.1828,"sphereCenter":[45.4525,238.911,-31.582],"sphereRadius":46.4403,"stabilizedPalmPosition":[46.5268,255.479,12.6304],"t":[48.6562,16.2968,-89.0157],"timeVisible":26.7178,"type":"right","wrist":[60.1019,222.84,52.5874]}],"id":1676985,"interactionBox":{"center":[0,200,0],"size":[235.247,235.247,147.751]},"pointables":[{"bases":[[[-0.0316509,0.798152,0.601624],[-0.842701,-0.344977,0.413335],[0.537451,-0.493906,0.683523]],[[-0.0885144,0.846065,0.52568],[-0.859495,-0.331604,0.388983],[0.503422,-0.417389,0.75654]],[[-0.0885144,0.846065,0.52568],[-0.971278,0.0437112,-0.233896],[-0.22087,-0.531285,0.817896]],[[-0.0885144,0.846065,0.52568],[-0.650085,0.350789,-0.674045],[-0.754688,-0.4014,0.518965]]],"btipPosition":[39.8439,251.128,-34.919],"carpPosition":[39.7817,203.74,41.3405],"dipPosition":[22.5305,241.92,-23.0134],"direction":[0.22087,0.531285,-0.817896],"extended":false,"handId":466,"id":4660,"length":51.0864,"mcpPosition":[39.7817,203.74,41.3405],"pipPosition":[15.1487,224.163,4.32214],"stabilizedTipPosition":[36.0294,248.413,-32.339],"timeVisible":26.7178,"tipPosition":[36.6847,248.182,-32.386],"tipVelocity":[-7.29906,24.9719,5.87741],"tool":false,"touchDistance":-0.0110718,"touchZone":"touching","type":0,"width":19.8498},{"bases":[[[0.86018,0.501235,0.0940977],[-0.446637,0.651324,0.613427],[0.246183,-0.569685,0.784126]],[[0.820258,0.571906,-0.0100067],[-0.525245,0.760031,0.382715],[0.226483,-0.308669,0.923812]],[[0.820258,0.571906,-0.0100067],[-0.560893,0.807645,0.181956],[0.112144,-0.143638,0.983256]],[[0.820258,0.571906,-0.0100067],[-0.571442,0.820109,0.0295947],[0.025132,-0.0185571,0.999512]]],"btipPosition":[7.07372,283,-85.5606],"carpPosition":[37.4432,225.203,49.9277],"dipPosition":[7.49463,282.689,-68.8209],"direction":[-0.112144,0.143638,-0.983256],"extended":true,"handId":466,"id":4661,"length":57.6453,"mcpPosition":[19.6896,266.287,-6.62007],"pipPosition":[10.1516,279.286,-45.5249],"stabilizedTipPosition":[6.89637,279.739,-83.4066],"timeVisible":26.7178,"tipPosition":[7.23358,282.531,-81.7623],"tipVelocity":[-3.51237,36.7012,9.06223],"tool":false,"touchDistance":0.403363,"touchZone":"hovering","type":1,"width":18.9605},{"bases":[[[0.948984,0.301232,0.0932085],[-0.28927,0.714021,0.63757],[0.125504,-0.632007,0.764733]],[[0.950281,0.294408,0.101439],[-0.170072,0.763581,-0.622912],[-0.260847,0.57469,0.775687]],[[0.950281,0.294408,0.101439],[0.210741,-0.368217,-0.905541],[-0.229247,0.881896,-0.411953]],[[0.950281,0.294408,0.101439],[0.302328,-0.79426,-0.527019],[-0.0745894,0.531484,-0.843778]]],"btipPosition":[58.3319,214.301,-10.3011],"carpPosition":[46.8264,232.604,51.622],"dipPosition":[56.9579,224.091,-25.844],"direction":[0.229247,-0.881896,0.411953],"extended":false,"handId":466,"id":4662,"length":65.6822,"mcpPosition":[38.2433,275.826,-0.677436],"pipPosition":[50.5678,248.674,-37.3269],"stabilizedTipPosition":[57.7233,213.015,-16.357],"timeVisible":26.7178,"tipPosition":[58.0777,216.552,-14.4727],"tipVelocity":[-13.2018,20.1439,3.49832],"tool":false,"touchDistance":0.333333,"touchZone":"none","type":2,"width":18.6218},{"bases":[[[0.976198,0.150255,0.1564],[-0.216582,0.713208,0.666654],[-0.0113773,-0.684659,0.728774]],[[0.97565,0.18235,0.121885],[-0.0625564,0.763968,-0.642214],[-0.210224,0.618952,0.756773]],[[0.97565,0.18235,0.121885],[0.189846,-0.423782,-0.885645],[-0.109845,0.887219,-0.448081]],[[0.97565,0.18235,0.121885],[0.219124,-0.834676,-0.505272],[0.00959835,0.519677,-0.854309]]],"btipPosition":[70.5547,218.674,2.60823],"carpPosition":[57.842,237.352,52.6866],"dipPosition":[70.7305,228.192,-13.0382],"direction":[0.109845,-0.887219,0.448081],"extended":false,"handId":466,"id":4663,"length":63.1552,"mcpPosition":[58.5406,279.392,7.93841],"pipPosition":[67.7477,252.284,-25.2056],"stabilizedTipPosition":[69.9603,217.342,-3.56691],"timeVisible":26.7178,"tipPosition":[70.6597,220.75,-1.54108],"tipVelocity":[-10.7407,17.084,3.62221],"tool":false,"touchDistance":0.333333,"touchZone":"none","type":3,"width":17.7198},{"bases":[[[0.990597,-0.0499186,0.127381],[-0.06226,0.664587,0.744613],[-0.121826,-0.745542,0.65523]],[[0.997986,0.0323967,0.0545307],[0.0042227,0.82388,-0.566748],[-0.0632875,0.565837,0.822084]],[[0.997986,0.0323967,0.0545307],[0.0626691,-0.371019,-0.926508],[-0.00978387,0.92806,-0.372302]],[[0.997986,0.0323967,0.0545307],[0.0579779,-0.814596,-0.577124],[0.0257235,0.579124,-0.814834]]],"btipPosition":[80.5341,231.218,6.48915],"carpPosition":[71.6631,236.032,51.3202],"dipPosition":[80.9687,241.003,-7.2784],"direction":[0.00978387,-0.92806,0.372302],"extended":false,"handId":466,"id":4664,"length":49.5125,"mcpPosition":[78.5876,278.408,14.0775],"pipPosition":[80.7811,258.796,-14.4163],"stabilizedTipPosition":[79.7846,230.19,0.78383],"timeVisible":26.7178,"tipPosition":[80.6394,233.475,3.10622],"tipVelocity":[-7.22027,14.0385,1.81149],"tool":false,"touchDistance":0.333333,"touchZone":"none","type":4,"width":15.7401}],"r":[[0.445605,0.631275,0.634766],[-0.755968,0.645144,-0.110908],[-0.479529,-0.430442,0.764704]],"s":1.1828,"t":[48.6562,16.2968,-89.0157],"timestamp":93352984410},false],[2,{"currentFrameRate":55.3775,"devices":[],"gestures":[],"hands":[{"armBasis":[[0.898608,0.437647,-0.0311338],[-0.421703,0.8811,0.21408],[0.121124,-0.179245,0.97632]],"armWidth":62.4607,"confidence":0.878216,"direction":[-0.160042,0.735626,-0.658211],"elbow":[92.0208,175.649,310.963],"grabStrength":0,"id":466,"palmNormal":[0.402915,-0.560046,-0.723883],"palmPosition":[46.4651,256.809,13.1153],"palmVelocity":[-3.6937,18.4424,2.31194],"palmWidth":89.1918,"pinchStrength":0.503488,"r":[[0.447766,0.629702,0.634808],[-0.754657,0.646931,-0.109424],[-0.479581,-0.430066,0.764882]],"s":1.1831,"sphereCenter":[45.2597,239.299,-31.5386],"sphereRadius":46.4299,"stabilizedPalmPosition":[46.5077,255.891,12.7808],"t":[48.5857,16.6277,-88.9797],"timeVisible":26.7358,"type":"right","wrist":[59.9637,223.089,52.5666]}],"id":1676986,"interactionBox":{"center":[0,200,0],"size":[235.247,235.247,147.751]},"pointables":[{"bases":[[[-0.0289932,0.797801,0.602224],[-0.842959,-0.343299,0.414205],[0.537195,-0.495641,0.682467]],[[-0.0862077,0.846178,0.525881],[-0.860387,-0.329359,0.388917],[0.502296,-0.418934,0.756434]],[[-0.0862077,0.846178,0.525881],[-0.971064,0.0466331,-0.234222],[-0.222717,-0.530856,0.817673]],[[-0.0862077,0.846178,0.525881],[-0.648818,0.352883,-0.674172],[-0.756044,-0.39932,0.518595]]],"btipPosition":[39.7943,251.446,-34.9053],"carpPosition":[39.5841,204.044,41.333],"dipPosition":[22.4498,242.285,-23.0082],"direction":[0.222717,0.530856,-0.817673],"extended":false,"handId":466,"id":4660,"length":51.0864,"mcpPosition":[39.5841,204.044,41.333],"pipPosition":[15.0062,224.543,4.31989],"stabilizedTipPosition":[35.9259,248.84,-32.2606],"timeVisible":26.7358,"tipPosition":[36.5324,248.566,-32.3573],"tipVelocity":[-5.34466,21.8213,3.40825],"tool":false,"touchDistance":-0.0108764,"touchZone":"touching","type":0,"width":19.8498},{"bases":[[[0.861472,0.499158,0.093314],[-0.444306,0.651933,0.614472],[0.245884,-0.57081,0.783401]],[[0.822034,0.569356,-0.00967916],[-0.522285,0.760628,0.385568],[0.226888,-0.311895,0.922629]],[[0.822034,0.569356,-0.00967916],[-0.558146,0.808985,0.184436],[0.11284,-0.14621,0.982797]],[[0.822034,0.569356,-0.00967916],[-0.568847,0.821836,0.0316018],[0.0259474,-0.0204718,0.999454]]],"btipPosition":[6.912,283.613,-85.436],"carpPosition":[37.3071,225.507,49.9383],"dipPosition":[7.34656,283.27,-68.6972],"direction":[-0.11284,0.14621,-0.982797],"extended":true,"handId":466,"id":4661,"length":57.6453,"mcpPosition":[19.575,266.671,-6.55712],"pipPosition":[10.0201,279.806,-45.4121],"stabilizedTipPosition":[6.91349,280.301,-83.137],"timeVisible":26.7358,"tipPosition":[7.06535,283.106,-81.6473],"tipVelocity":[-6.03009,35.3152,8.05661],"tool":false,"touchDistance":0.398226,"touchZone":"hovering","type":1,"width":18.9605},{"bases":[[[0.949808,0.298949,0.0921676],[-0.286761,0.714246,0.638452],[0.125034,-0.632836,0.764123]],[[0.951097,0.292125,0.100381],[-0.168999,0.764136,-0.622524],[-0.25856,0.575117,0.776136]],[[0.951097,0.292125,0.100381],[0.209186,-0.370032,-0.905162],[-0.227277,0.881895,-0.413045]],[[0.951097,0.292125,0.100381],[0.299988,-0.796094,-0.525587],[-0.0736249,0.529997,-0.844797]]],"btipPosition":[58.0666,214.645,-10.228],"carpPosition":[46.7098,232.884,51.6255],"dipPosition":[56.7104,224.408,-25.7896],"direction":[0.227277,-0.881895,0.413045],"extended":false,"handId":466,"id":4662,"length":65.6822,"mcpPosition":[38.1588,276.163,-0.632284],"pipPosition":[50.3752,248.99,-37.303],"stabilizedTipPosition":[57.7267,213.433,-16.0817],"timeVisible":26.7358,"tipPosition":[57.8208,216.876,-14.4124],"tipVelocity":[-13.842,19.5208,3.65784],"tool":false,"touchDistance":0.333333,"touchZone":"none","type":2,"width":18.6218},{"bases":[[[0.976752,0.147864,0.155217],[-0.214037,0.713242,0.667438],[-0.0120168,-0.685144,0.728309]],[[0.976223,0.180175,0.120519],[-0.0616956,0.763936,-0.642336],[-0.207802,0.619628,0.756888]],[[0.976223,0.180175,0.120519],[0.188055,-0.427426,-0.884275],[-0.107812,0.885914,-0.451146]],[[0.976223,0.180175,0.120519],[0.216509,-0.837615,-0.501523],[0.0105866,0.515692,-0.856709]]],"btipPosition":[70.3105,219.036,2.75122],"carpPosition":[57.7379,237.606,52.6789],"dipPosition":[70.5044,228.481,-12.9392],"direction":[0.107812,-0.885914,0.451146],"extended":false,"handId":466,"id":4663,"length":63.1552,"mcpPosition":[58.4758,279.675,7.95928],"pipPosition":[67.5768,252.537,-25.1898],"stabilizedTipPosition":[69.9985,217.716,-3.30503],"timeVisible":26.7358,"tipPosition":[70.4247,221.073,-1.43954],"tipVelocity":[-11.989,18.1078,5.41088],"tool":false,"touchDistance":0.333333,"touchZone":"none","type":3,"width":17.7198},{"bases":[[[0.990644,-0.0523217,0.126039],[-0.0597259,0.664206,0.74516],[-0.122704,-0.745716,0.654867]],[[0.998131,0.0300543,0.0532127],[0.00538974,0.824037,-0.56651],[-0.0608753,0.565738,0.822335]],[[0.998131,0.0300543,0.0532127],[0.0605836,-0.372196,-0.926175],[-0.00802996,0.927667,-0.373322]],[[0.998131,0.0300543,0.0532127],[0.055263,-0.815635,-0.575922],[0.0260932,0.577786,-0.815771]]],"btipPosition":[80.3515,231.484,6.50958],"carpPosition":[71.554,236.254,51.2934],"dipPosition":[80.7923,241.246,-7.27382],"direction":[0.00802996,-0.927667,0.373322],"extended":false,"handId":466,"id":4664,"length":49.5125,"mcpPosition":[78.5284,278.64,14.0712],"pipPosition":[80.6384,259.032,-14.4312],"stabilizedTipPosition":[79.8439,230.504,1.01055],"timeVisible":26.7358,"tipPosition":[80.4589,233.726,3.10806],"tipVelocity":[-8.58072,14.2684,1.39735],"tool":false,"touchDistance":0.333333,"touchZone":"none","type":4,"width":15.7401}],"r":[[0.447766,0.629702,0.634808],[-0.754657,0.646931,-0.109424],[-0.479581,-0.430066,0.764882]],"s":1.1831,"t":[48.5857,16.6277,-88.9797],"timestamp":93353002351},false],[3,{"currentFrameRate":55.3703,"devices":[],"gestures":[],"hands":[{"armBasis":[[0.899816,0.435037,-0.0327778],[-0.418744,0.882308,0.214908],[0.122413,-0.179652,0.976084]],"armWidth":62.4607,"confidence":0.886187,"direction":[-0.158007,0.737613,-0.656475],"elbow":[91.8921,176.183,310.893],"grabStrength":0,"id":466,"palmNormal":[0.400903,-0.559646,-0.725309],"palmPosition":[46.0848,257.582,13.1889],"palmVelocity":[-11.9328,29.9953,3.14905],"palmWidth":89.1918,"pinchStrength":0.507158,"r":[[0.449931,0.627871,0.63509],[-0.753209,0.648873,-0.107885],[-0.479831,-0.429815,0.764867]],"s":1.18314,"sphereCenter":[44.8616,240.222,-31.4772],"sphereRadius":46.4061,"stabilizedPalmPosition":[46.3651,256.461,12.9185],"t":[48.3604,17.1796,-88.9248],"timeVisible":26.7538,"type":"right","wrist":[59.4937,223.73,52.5583]}],"id":1676987,"interactionBox":{"center":[0,200,0],"size":[235.247,235.247,147.751]},"pointables":[{"bases":[[[-0.0262908,0.796515,0.604047],[-0.843864,-0.341624,0.413747],[0.535913,-0.498856,0.681132]],[[-0.0842077,0.845881,0.526682],[-0.862149,-0.326863,0.387117],[0.499608,-0.42148,0.7568]],[[-0.0842077,0.845881,0.526682],[-0.970534,0.0501334,-0.235689],[-0.22577,-0.53101,0.816735]],[[-0.0842077,0.845881,0.526682],[-0.646489,0.355837,-0.674857],[-0.758262,-0.397322,0.516889]]],"btipPosition":[39.5455,252.26,-34.8964],"carpPosition":[39.0509,204.774,41.2893],"dipPosition":[22.1501,243.145,-23.0385],"direction":[0.22577,0.53101,-0.816735],"extended":false,"handId":466,"id":4660,"length":51.0864,"mcpPosition":[39.0509,204.774,41.2893],"pipPosition":[14.6045,225.398,4.25828],"stabilizedTipPosition":[35.7421,249.478,-32.2165],"timeVisible":26.7538,"tipPosition":[36.1629,249.471,-32.322],"tipVelocity":[-9.65146,33.1352,1.78471],"tool":false,"touchDistance":-0.0108786,"touchZone":"touching","type":0,"width":19.8498},{"bases":[[[0.863051,0.496271,0.0941172],[-0.442049,0.651909,0.616123],[0.244408,-0.57335,0.782007]],[[0.82421,0.566231,-0.00777442],[-0.519182,0.761064,0.388884],[0.226115,-0.316486,0.921254]],[[0.82421,0.566231,-0.00777442],[-0.555031,0.810477,0.187263],[0.112335,-0.150029,0.982279]],[[0.82421,0.566231,-0.00777442],[-0.565706,0.823911,0.0338642],[0.0255804,-0.0235132,0.999396]]],"btipPosition":[6.60569,284.849,-85.2584],"carpPosition":[36.8437,226.225,49.9443],"dipPosition":[7.0341,284.455,-68.5206],"direction":[-0.112335,0.150029,-0.982279],"extended":true,"handId":466,"id":4661,"length":57.6453,"mcpPosition":[19.2181,267.572,-6.45066],"pipPosition":[9.69563,280.9,-45.2477],"stabilizedTipPosition":[6.8803,281.008,-82.8629],"timeVisible":26.7538,"tipPosition":[6.74467,284.308,-81.4777],"tipVelocity":[-11.2522,50.7047,8.88906],"tool":false,"touchDistance":0.394398,"touchZone":"hovering","type":1,"width":18.9605},{"bases":[[[0.950765,0.295792,0.0924817],[-0.284303,0.713678,0.640183],[0.123359,-0.634957,0.762635]],[[0.952035,0.288956,0.100666],[-0.166952,0.766231,-0.620497],[-0.25643,0.573929,0.777721]],[[0.952035,0.288956,0.100666],[0.208013,-0.369899,-0.905486],[-0.22441,0.882994,-0.412264]],[[0.952035,0.288956,0.100666],[0.297488,-0.797054,-0.525553],[-0.0716259,0.530291,-0.844784]]],"btipPosition":[57.5239,215.495,-10.204],"carpPosition":[46.2699,233.569,51.6446],"dipPosition":[56.2045,225.263,-25.7654],"direction":[0.22441,-0.882994,0.412264],"extended":false,"handId":466,"id":4662,"length":65.6822,"mcpPosition":[37.8335,276.993,-0.511406],"pipPosition":[49.9492,249.876,-37.257],"stabilizedTipPosition":[57.6677,213.935,-15.8139],"timeVisible":26.7538,"tipPosition":[57.2914,217.709,-14.3826],"tipVelocity":[-21.3049,32.6169,2.55127],"tool":false,"touchDistance":0.333333,"touchZone":"none","type":2,"width":18.6218},{"bases":[[[0.977264,0.144481,0.155177],[-0.211571,0.712383,0.66914],[-0.0138675,-0.686757,0.726754]],[[0.97682,0.176925,0.120497],[-0.0596858,0.765699,-0.640424],[-0.205571,0.618387,0.758511]],[[0.97682,0.176925,0.120497],[0.186393,-0.426211,-0.885213],[-0.105259,0.887154,-0.449309]],[[0.97682,0.176925,0.120497],[0.213729,-0.837397,-0.503076],[0.0118969,0.517169,-0.855801]]],"btipPosition":[69.8081,219.777,2.73466],"carpPosition":[57.313,238.254,52.7045],"dipPosition":[70.026,229.249,-12.9391],"direction":[0.105259,-0.887154,0.449309],"extended":false,"handId":466,"id":4663,"length":63.1552,"mcpPosition":[58.1645,280.422,8.0803],"pipPosition":[67.1678,253.339,-25.1399],"stabilizedTipPosition":[69.9837,218.161,-3.04931],"timeVisible":26.7538,"tipPosition":[69.9261,221.818,-1.44204],"tipVelocity":[-19.3489,29.1403,2.50414],"tool":false,"touchDistance":0.333333,"touchZone":"none","type":3,"width":17.7198},{"bases":[[[0.990525,-0.0556804,0.125539],[-0.0573838,0.662692,0.74669],[-0.12477,-0.746819,0.653218]],[[0.99824,0.0268799,0.0528595],[0.00769314,0.825138,-0.564879],[-0.0588003,0.564291,0.823479]],[[0.99824,0.0268799,0.0528595],[0.0590697,-0.371981,-0.926359],[-0.00523772,0.927851,-0.372914]],[[0.99824,0.0268799,0.0528595],[0.0524619,-0.815873,-0.575846],[0.027648,0.577606,-0.815847]]],"btipPosition":[79.8874,232.205,6.57434],"carpPosition":[71.1243,236.863,51.3106],"dipPosition":[80.3546,241.964,-7.21033],"direction":[0.00523772,-0.927851,0.372914],"extended":false,"handId":466,"id":4664,"length":49.5125,"mcpPosition":[78.2161,279.312,14.1822],"pipPosition":[80.2542,259.753,-14.3599],"stabilizedTipPosition":[79.8586,230.888,1.24312],"timeVisible":26.7538,"tipPosition":[80.0015,234.436,3.15872],"tipVelocity":[-16.5403,26.4168,2.42774],"tool":false,"touchDistance":0.333333,"touchZone":"none","type":4,"width":15.7401}],"r":[[0.449931,0.627871,0.63509],[-0.753209,0.648873,-0.107885],[-0.479831,-0.429815,0.764867]],"s":1.18314,"t":[48.3604,17.1796,-88.9248],"timestamp":93353020436},false],[4,{"currentFrameRate":55.3733,"devices":[],"gestures":[],"hands":[{"armBasis":[[0.902249,0.429938,-0.0331511],[-0.413074,0.883799,0.219704],[0.123758,-0.184534,0.975003]],"armWidth":62.4607,"confidence":0.888361,"direction":[-0.154295,0.740421,-0.654194],"elbow":[91.687,175.499,310.614],"grabStrength":0,"id":466,"palmNormal":[0.396354,-0.560125,-0.727436],"palmPosition":[45.6814,258.383,13.3104],"palmVelocity":[-16.8798,36.8236,4.84789],"palmWidth":89.1918,"pinchStrength":0.513316,"r":[[0.452627,0.625481,0.635533],[-0.751259,0.651427,-0.106076],[-0.480352,-0.429437,0.764752]],"s":1.18278,"sphereCenter":[44.3226,241.232,-31.3439],"sphereRadius":46.3605,"stabilizedPalmPosition":[46.1232,257.141,13.0571],"t":[48.046,17.8561,-88.8367],"timeVisible":26.7719,"type":"right","wrist":[58.9328,224.338,52.5662]}],"id":1676988,"interactionBox":{"center":[0,200,0],"size":[235.247,235.247,147.751]},"pointables":[{"bases":[[[-0.0204326,0.794975,0.606298],[-0.84541,-0.337471,0.414],[0.533727,-0.504111,0.678975]],[[-0.0805497,0.846798,0.52578],[-0.865054,-0.321441,0.385172],[0.49517,-0.423802,0.758418]],[[-0.0805497,0.846798,0.52578],[-0.969402,0.0561624,-0.238966],[-0.231885,-0.528941,0.816365]],[[-0.0805497,0.846798,0.52578],[-0.642348,0.359249,-0.677],[-0.762169,-0.392266,0.515002]]],"btipPosition":[39.3611,252.957,-34.9356],"carpPosition":[38.3553,205.542,41.2737],"dipPosition":[21.8761,243.958,-23.1209],"direction":[0.231885,0.528941,-0.816365],"extended":false,"handId":466,"id":4660,"length":51.0864,"mcpPosition":[38.3553,205.542,41.2737],"pipPosition":[14.1261,226.279,4.16348],"stabilizedTipPosition":[35.5448,250.168,-32.2173],"timeVisible":26.7719,"tipPosition":[35.7815,250.362,-32.2903],"tipVelocity":[-10.4619,36.4239,-0.35335],"tool":false,"touchDistance":-0.0116966,"touchZone":"touching","type":0,"width":19.8498},{"bases":[[[0.866285,0.490576,0.0942652],[-0.437074,0.65295,0.618565],[0.241903,-0.577055,0.780058]],[[0.828169,0.560441,-0.00641603],[-0.513059,0.76266,0.393853],[0.225625,-0.322885,0.919151]],[[0.828169,0.560441,-0.00641603],[-0.548972,0.813423,0.192284],[0.112983,-0.155721,0.981318]],[[0.828169,0.560441,-0.00641603],[-0.559829,0.827707,0.0386349],[0.0269632,-0.0284043,0.999233]]],"btipPosition":[6.22001,286.359,-84.9567],"carpPosition":[36.2952,226.982,49.9915],"dipPosition":[6.67159,285.884,-68.2216],"direction":[-0.112983,0.155721,-0.981318],"extended":true,"handId":466,"id":4661,"length":57.6453,"mcpPosition":[18.8503,268.596,-6.26296],"pipPosition":[9.34845,282.194,-44.9715],"stabilizedTipPosition":[6.78743,281.883,-82.57],"timeVisible":26.7719,"tipPosition":[6.36583,285.76,-81.1903],"tipVelocity":[-15.9141,65.8692,12.589],"tool":false,"touchDistance":0.392808,"touchZone":"hovering","type":1,"width":18.9605},{"bases":[[[0.952735,0.289555,0.0919466],[-0.278909,0.71366,0.642573],[0.120442,-0.637846,0.760688]],[[0.953966,0.28273,0.100061],[-0.162579,0.767858,-0.619647],[-0.252026,0.574854,0.778477]],[[0.953966,0.28273,0.100061],[0.205599,-0.3736,-0.904517],[-0.218352,0.883451,-0.414531]],[[0.953966,0.28273,0.100061],[0.292185,-0.800875,-0.522712],[-0.0676504,0.527886,-0.846617]]],"btipPosition":[56.7731,216.374,-9.9554],"carpPosition":[45.7698,234.262,51.6987],"dipPosition":[55.5269,226.098,-25.5506],"direction":[0.218352,-0.883451,0.414531],"extended":false,"handId":466,"id":4662,"length":65.6822,"mcpPosition":[37.5328,277.884,-0.324098],"pipPosition":[49.4405,250.723,-37.1054],"stabilizedTipPosition":[57.5244,214.502,-15.5383],"timeVisible":26.7719,"tipPosition":[56.5665,218.561,-14.1936],"tipVelocity":[-30.4954,39.97,7.67313],"tool":false,"touchDistance":0.333333,"touchZone":"none","type":2,"width":18.6218},{"bases":[[[0.978371,0.137907,0.154183],[-0.206146,0.711827,0.671421],[-0.0171577,-0.688683,0.724859]],[[0.978077,0.170562,0.119472],[-0.0564257,0.769321,-0.636366],[-0.200452,0.615674,0.762079]],[[0.978077,0.170562,0.119472],[0.182203,-0.423126,-0.887562],[-0.100832,0.889873,-0.444926]],[[0.978077,0.170562,0.119472],[0.207799,-0.836807,-0.50653],[0.0135806,0.520252,-0.853905]]],"btipPosition":[69.1655,220.504,2.59241],"carpPosition":[56.8435,238.875,52.7559],"dipPosition":[69.4143,230.033,-13.0466],"direction":[0.100832,-0.889873,0.444926],"extended":false,"handId":466,"id":4663,"length":63.1552,"mcpPosition":[57.8971,281.161,8.24808],"pipPosition":[66.6762,254.197,-25.1284],"stabilizedTipPosition":[69.8994,218.664,-2.82265],"timeVisible":26.7719,"tipPosition":[69.2805,222.549,-1.49999],"tipVelocity":[-26.8782,34.7804,-2.21575],"tool":false,"touchDistance":0.333333,"touchZone":"none","type":3,"width":17.7198},{"bases":[[[0.990332,-0.0622504,0.123969],[-0.0521647,0.660952,0.748613],[-0.128539,-0.747842,0.651314]],[[0.998464,0.0205054,0.0514705],[0.0120467,0.826417,-0.562929],[-0.0540792,0.562685,0.824901]],[[0.998464,0.0205054,0.0514705],[0.0554045,-0.372119,-0.92653],[0.00015427,0.927958,-0.372684]],[[0.998464,0.0205054,0.0514705],[0.0464347,-0.816487,-0.575493],[0.0302243,0.576999,-0.816185]]],"btipPosition":[79.3107,232.865,6.66238],"carpPosition":[70.6439,237.401,51.3384],"dipPosition":[79.8214,242.614,-7.12801],"direction":[-0.00015427,-0.927958,0.372684],"extended":false,"handId":466,"id":4664,"length":49.5125,"mcpPosition":[77.9499,279.908,14.3182],"pipPosition":[79.8243,260.405,-14.2732],"stabilizedTipPosition":[79.8145,231.32,1.47331],"timeVisible":26.7719,"tipPosition":[79.4354,235.079,3.22506],"tipVelocity":[-23.5933,31.1683,3.55617],"tool":false,"touchDistance":0.333333,"touchZone":"none","type":4,"width":15.7401}],"r":[[0.452627,0.625481,0.635533],[-0.751259,0.651427,-0.106076],[-0.480352,-0.429437,0.764752]],"s":1.18278,"t":[48.046,17.8561,-88.8367],"timestamp":93353038485},false],[5,{"currentFrameRate":55.3535,"devices":[],"gestures":[],"hands":[{"armBasis":[[0.903722,0.426955,-0.0315526],[-0.410266,0.884742,0.221164],[0.122343,-0.186926,0.974726]],"armWidth":62.4607,"confidence":0.848894,"direction":[-0.152055,0.742558,-0.652294],"elbow":[90.8512,175.537,310.598],"grabStrength":0,"id":466,"palmNormal":[0.394603,-0.559479,-0.728884],"palmPosition":[45.3227,259.194,13.4546],"palmVelocity":[-18.2609,40.6087,6.3262],"palmWidth":89.1918,"pinchStrength":0.514339,"r":[[0.455167,0.622959,0.636196],[-0.749292,0.653977,-0.104287],[-0.481024,-0.429229,0.764447]],"s":1.18267,"sphereCenter":[43.8801,242.2,-31.226],"sphereRadius":46.3695,"stabilizedPalmPosition":[45.8307,257.891,13.2023],"t":[47.7094,18.6003,-88.7205],"timeVisible":26.79,"type":"right","wrist":[58.4715,225.009,52.6226]}],"id":1676989,"interactionBox":{"center":[0,200,0],"size":[235.247,235.247,147.751]},"pointables":[{"bases":[[[-0.0179688,0.793484,0.608326],[-0.846421,-0.335935,0.413182],[0.532211,-0.507475,0.677658]],[[-0.078253,0.84595,0.527489],[-0.865938,-0.319857,0.384503],[0.493992,-0.426684,0.75757]],[[-0.078253,0.84595,0.527489],[-0.969236,0.0592974,-0.238883],[-0.233362,-0.529954,0.815285]],[[-0.078253,0.84595,0.527489],[-0.641321,0.362382,-0.676303],[-0.763272,-0.391213,0.514169]]],"btipPosition":[38.9741,253.871,-34.8292],"carpPosition":[37.836,206.306,41.2834],"dipPosition":[21.4639,244.896,-23.0337],"direction":[0.233362,0.529954,-0.815285],"extended":false,"handId":466,"id":4660,"length":51.0864,"mcpPosition":[37.836,206.306,41.2834],"pipPosition":[13.6645,227.184,4.21462],"stabilizedTipPosition":[35.2482,250.981,-32.1672],"timeVisible":26.79,"tipPosition":[35.3747,251.315,-32.1777],"tipVelocity":[-15.795,43.2306,2.4919],"tool":false,"touchDistance":-0.00999789,"touchZone":"touching","type":0,"width":19.8498},{"bases":[[[0.867788,0.487677,0.0954705],[-0.435043,0.652705,0.620253],[0.240169,-0.579782,0.77857]],[[0.830281,0.557329,-0.00413317],[-0.509932,0.762623,0.397963],[0.224949,-0.328314,0.917392]],[[0.830281,0.557329,-0.00413317],[-0.545772,0.814523,0.196682],[0.112983,-0.161046,0.980459]],[[0.830281,0.557329,-0.00413317],[-0.556671,0.82962,0.0429881],[0.0273875,-0.0333914,0.999067]]],"btipPosition":[5.9132,287.742,-84.6877],"carpPosition":[35.842,227.729,50.0559],"dipPosition":[6.37189,287.182,-67.9554],"direction":[-0.112983,0.161046,-0.980458],"extended":true,"handId":466,"id":4661,"length":57.6453,"mcpPosition":[18.5221,269.54,-6.0912],"pipPosition":[9.04877,283.367,-44.7256],"stabilizedTipPosition":[6.65321,282.883,-82.2678],"timeVisible":26.79,"tipPosition":[6.06805,287.083,-80.9357],"tipVelocity":[-16.3497,70.2971,13.6411],"tool":false,"touchDistance":0.390886,"touchZone":"hovering","type":1,"width":18.9605},{"bases":[[[0.953622,0.286399,0.0926343],[-0.276692,0.712869,0.644407],[0.118521,-0.640151,0.759051]],[[0.954814,0.279663,0.100598],[-0.160477,0.77002,-0.617509],[-0.250157,0.573462,0.780104]],[[0.954814,0.279663,0.100598],[0.204665,-0.373266,-0.904867],[-0.215508,0.884568,-0.413637]],[[0.954814,0.279663,0.100598],[0.289886,-0.801668,-0.522776],[-0.0655548,0.528316,-0.846513]]],"btipPosition":[56.2674,217.272,-9.86471],"carpPosition":[45.3389,234.976,51.7812],"dipPosition":[55.0598,227.004,-25.458],"direction":[0.215508,-0.884568,0.413637],"extended":false,"handId":466,"id":4662,"length":65.6822,"mcpPosition":[37.2333,278.755,-0.129657],"pipPosition":[49.0527,251.66,-36.9879],"stabilizedTipPosition":[57.3308,215.134,-15.275],"timeVisible":26.79,"tipPosition":[56.0719,219.444,-14.0946],"tipVelocity":[-29.0197,44.5718,6.41185],"tool":false,"touchDistance":0.333333,"touchZone":"none","type":2,"width":18.6218},{"bases":[[[0.978796,0.134514,0.154482],[-0.203933,0.710739,0.673247],[-0.0192349,-0.690475,0.7231]],[[0.978606,0.167134,0.119988],[-0.0537989,0.770766,-0.634843],[-0.198587,0.614806,0.763268]],[[0.978606,0.167134,0.119988],[0.181107,-0.423038,-0.887828],[-0.0976271,0.890565,-0.444256]],[[0.978606,0.167134,0.119988],[0.205141,-0.837267,-0.506855],[0.0157491,0.520625,-0.85364]]],"btipPosition":[68.6679,221.304,2.71902],"carpPosition":[56.4268,239.552,52.8496],"dipPosition":[68.9563,230.839,-12.9152],"direction":[0.0976271,-0.890565,0.444256],"extended":false,"handId":466,"id":4663,"length":63.1552,"mcpPosition":[57.6079,281.948,8.44976],"pipPosition":[66.3053,255.022,-24.9788],"stabilizedTipPosition":[69.7646,219.223,-2.59757],"timeVisible":26.79,"tipPosition":[68.7969,223.348,-1.38323],"tipVelocity":[-26.9071,39.2568,2.19418],"tool":false,"touchDistance":0.333333,"touchZone":"none","type":3,"width":17.7198},{"bases":[[[0.990142,-0.0656008,0.123757],[-0.050105,0.659196,0.7503],[-0.1308,-0.749104,0.649411]],[[0.998525,0.0173302,0.0514556],[0.0145237,0.827906,-0.560678],[-0.052317,0.560599,0.826433]],[[0.998525,0.0173302,0.0514556],[0.0542119,-0.370824,-0.927119],[0.00301382,0.928541,-0.371217]],[[0.998525,0.0173302,0.0514556],[0.0438625,-0.816033,-0.576338],[0.0320014,0.577745,-0.81559]]],"btipPosition":[78.8719,233.623,6.76846],"carpPosition":[70.2225,238.039,51.4276],"dipPosition":[79.4126,243.385,-7.01186],"direction":[-0.00301382,-0.928541,0.371217],"extended":false,"handId":466,"id":4664,"length":49.5125,"mcpPosition":[77.6571,280.618,14.5156],"pipPosition":[79.4704,261.187,-14.1289],"stabilizedTipPosition":[79.7275,231.804,1.69946],"timeVisible":26.79,"tipPosition":[79.0037,235.832,3.33094],"tipVelocity":[-23.6987,36.3287,4.70946],"tool":false,"touchDistance":0.333333,"touchZone":"none","type":4,"width":15.7401}],"r":[[0.455167,0.622959,0.636196],[-0.749292,0.653977,-0.104287],[-0.481024,-0.429229,0.764447]],"s":1.18267,"t":[47.7094,18.6003,-88.7205],"timestamp":93353056619},false],[6,{"currentFrameRate":55.372,"devices":[],"gestures":[],"hands":[{"armBasis":[[0.90415,0.425938,-0.0330041],[-0.408731,0.884925,0.223262],[0.124302,-0.188372,0.9742]],"armWidth":62.4607,"confidence":0.852154,"direction":[-0.150829,0.743489,-0.651517],"elbow":[90.9575,175.66,310.516],"grabStrength":0,"id":466,"palmNormal":[0.39344,-0.559464,-0.729524],"palmPosition":[44.9652,259.763,13.5498],"palmVelocity":[-19.0203,36.3428,5.83541],"palmWidth":89.1918,"pinchStrength":0.515393,"r":[[0.457445,0.620639,0.636828],[-0.747476,0.656303,-0.102693],[-0.481687,-0.429038,0.764136]],"s":1.18278,"sphereCenter":[43.4612,242.841,-31.1385],"sphereRadius":46.3833,"stabilizedPalmPosition":[45.5144,258.576,13.3293],"t":[47.3624,19.2568,-88.6148],"timeVisible":26.808,"type":"right","wrist":[58.0594,225.515,52.6809]}],"id":1676990,"interactionBox":{"center":[0,200,0],"size":[235.247,235.247,147.751]},"pointables":[{"bases":[[[-0.0164036,0.792903,0.609127],[-0.846951,-0.334807,0.413012],[0.531418,-0.509125,0.677042]],[[-0.0765816,0.84554,0.528391],[-0.866073,-0.318985,0.384922],[0.494016,-0.428148,0.756728]],[[-0.0765816,0.84554,0.528391],[-0.969317,0.0610131,-0.238121],[-0.233579,-0.530414,0.814924]],[[-0.0765816,0.84554,0.528391],[-0.641192,0.364069,-0.67552],[-0.76355,-0.390533,0.514272]]],"btipPosition":[38.5382,254.497,-34.7348],"carpPosition":[37.3876,206.86,41.3269],"dipPosition":[21.0215,245.537,-22.9369],"direction":[0.233579,0.530414,-0.814924],"extended":false,"handId":466,"id":4660,"length":51.0864,"mcpPosition":[37.3876,206.86,41.3269],"pipPosition":[13.2149,227.81,4.29935],"stabilizedTipPosition":[34.8871,251.692,-32.0959],"timeVisible":26.808,"tipPosition":[34.9444,251.962,-32.0831],"tipVelocity":[-19.8264,39.3219,3.8114],"tool":false,"touchDistance":-0.00841501,"touchZone":"touching","type":0,"width":19.8498},{"bases":[[[0.868694,0.485999,0.0957889],[-0.433731,0.652873,0.620995],[0.239265,-0.581001,0.77794]],[[0.831614,0.555346,-0.00301725],[-0.507923,0.762773,0.40024],[0.224574,-0.331313,0.916405]],[[0.831614,0.555346,-0.00301725],[-0.543736,0.815309,0.199054],[0.113004,-0.163895,0.979984]],[[0.831614,0.555346,-0.00301725],[-0.554666,0.830841,0.0452747],[0.02765,-0.0359775,0.99897]]],"btipPosition":[5.58171,288.616,-84.5223],"carpPosition":[35.4344,228.278,50.1213],"dipPosition":[6.04479,288.013,-67.7916],"direction":[-0.113004,0.163895,-0.979984],"extended":true,"handId":466,"id":4661,"length":57.6453,"mcpPosition":[18.1797,270.178,-5.98029],"pipPosition":[8.72216,284.13,-44.5732],"stabilizedTipPosition":[6.48426,283.863,-81.9888],"timeVisible":26.808,"tipPosition":[5.73702,287.927,-80.7781],"tipVelocity":[-17.3039,59.7492,11.5217],"tool":false,"touchDistance":0.387605,"touchZone":"hovering","type":1,"width":18.9605},{"bases":[[[0.95416,0.284568,0.0927334],[-0.275266,0.712724,0.645177],[0.117503,-0.641129,0.758384]],[[0.955326,0.277915,0.10058],[-0.159677,0.771687,-0.615631],[-0.248709,0.572068,0.781589]],[[0.955326,0.277915,0.10058],[0.203698,-0.372542,-0.905383],[-0.214149,0.885424,-0.41251]],[[0.955326,0.277915,0.10058],[0.288393,-0.802071,-0.522984],[-0.0646729,0.528627,-0.846387]]],"btipPosition":[55.8204,217.905,-9.85213],"carpPosition":[44.9448,235.506,51.8521],"dipPosition":[54.6291,227.643,-25.4431],"direction":[0.214149,-0.885424,0.41251],"extended":false,"handId":466,"id":4662,"length":65.6822,"mcpPosition":[36.9089,279.352,-0.013189],"pipPosition":[48.6598,252.323,-36.9416],"stabilizedTipPosition":[57.1041,215.771,-15.0417],"timeVisible":26.808,"tipPosition":[55.6283,220.06,-14.0414],"tipVelocity":[-26.94,40.1647,3.72002],"tool":false,"touchDistance":0.333333,"touchZone":"none","type":2,"width":18.6218},{"bases":[[[0.97907,0.132575,0.154423],[-0.202506,0.710432,0.674001],[-0.0203513,-0.691165,0.72241]],[[0.978934,0.165174,0.120022],[-0.0520578,0.770327,-0.63552],[-0.197428,0.615884,0.762699]],[[0.978934,0.165174,0.120022],[0.180536,-0.425682,-0.88668],[-0.0953647,0.88967,-0.446535]],[[0.978934,0.165174,0.120022],[0.203437,-0.839027,-0.504625],[0.0173512,0.518412,-0.854955]]],"btipPosition":[68.2093,221.873,2.94553],"carpPosition":[56.0413,240.061,52.9228],"dipPosition":[68.5271,231.368,-12.7128],"direction":[0.0953647,-0.88967,0.446535],"extended":false,"handId":466,"id":4663,"length":63.1552,"mcpPosition":[57.2909,282.5,8.5654],"pipPosition":[65.9375,255.526,-24.8382],"stabilizedTipPosition":[69.5947,219.777,-2.37498],"timeVisible":26.808,"tipPosition":[68.3509,223.911,-1.19665],"tipVelocity":[-26.0536,35.3912,6.97134],"tool":false,"touchDistance":0.333333,"touchZone":"none","type":3,"width":17.7198},{"bases":[[[0.990045,-0.0675291,0.123495],[-0.0487566,0.658532,0.750972],[-0.132038,-0.749517,0.648683]],[[0.998565,0.0154721,0.051264],[0.0159086,0.828405,-0.559904],[-0.0511302,0.559916,0.82697]],[[0.998565,0.0154721,0.051264],[0.0533441,-0.370876,-0.927149],[0.00466764,0.928554,-0.371169]],[[0.998565,0.0154721,0.051264],[0.0422234,-0.816287,-0.576101],[0.0329326,0.577439,-0.815769]]],"btipPosition":[78.4651,234.161,6.86231],"carpPosition":[69.8339,238.525,51.4966],"dipPosition":[79.0215,243.917,-6.92105],"direction":[-0.00466764,-0.928554,0.371169],"extended":false,"handId":466,"id":4664,"length":49.5125,"mcpPosition":[77.3388,281.126,14.6259],"pipPosition":[79.111,261.72,-14.0372],"stabilizedTipPosition":[79.6067,232.293,1.9115],"timeVisible":26.808,"tipPosition":[78.6007,236.362,3.41998],"tipVelocity":[-23.087,33.2315,4.93055],"tool":false,"touchDistance":0.333333,"touchZone":"none","type":4,"width":15.7401}],"r":[[0.457445,0.620639,0.636828],[-0.747476,0.656303,-0.102693],[-0.481687,-0.429038,0.764136]],"s":1.18278,"t":[47.3624,19.2568,-88.6148],"timestamp":93353074615},false],[7,{"currentFrameRate":55.3653,"devi