{"sensorType":"Leap","data":[[0,{"currentFrameRate":55.36,"devices":[],"gestures":[],"hands":[{"armBasis":[[0.907197,0.41762,-0.050865],[-0.391661,0.882512,0.260334],[0.15361,-0.216252,0.964178]],"armWidth":62.4607,"confidence":0.842624,"direction":[-0.138293,0.718995,-0.681118],"elbow":[89.3486,171.942,309.28],"grabStrength":0,"id":466,"palmNormal":[0.373465,-0.599097,-0.708241],"palmPosition":[36.1009,262.065,13.6569],"palmVelocity":[13.6289,-0.689844,7.49381],"palmWidth":89.1918,"pinchStrength":0.522738,"r":[[0.467593,0.631506,0.618512],[-0.737445,0.66449,-0.120943],[-0.487371,-0.399566,0.776412]],"s":1.19407,"sphereCenter":[33.9045,244.293,-29.7327],"sphereRadius":46.1477,"stabilizedPalmPosition":[35.6731,262.044,13.4191],"t":[37.917,22.2325,-88.5323],"timeVisible":12.2381,"type":"right","wrist":[48.6937,229.176,54.0968]}],"id":1676188,"interactionBox":{"center":[0,200,0],"size":[235.247,235.247,147.751]},"pointables":[{"bases":[[[0.00808708,0.81792,0.575275],[-0.851268,-0.296218,0.433127],[0.52467,-0.493215,0.693874]],[[-0.0992377,0.901411,0.421438],[-0.868153,-0.285405,0.406023],[0.486274,-0.32558,0.810886]],[[-0.0992377,0.901411,0.421438],[-0.971906,0.00303536,-0.235351],[-0.213427,-0.432954,0.875785]],[[-0.0992377,0.901411,0.421438],[-0.691518,0.242068,-0.680592],[-0.71551,-0.358973,0.59932]]],"btipPosition":[27.232,249.213,-39.0016],"carpPosition":[27.4782,210.576,43.6953],"dipPosition":[10.8174,240.977,-25.2525],"direction":[0.213427,0.432954,-0.875785],"extended":false,"handId":466,"id":4660,"length":51.0864,"mcpPosition":[27.4782,210.576,43.6953],"pipPosition":[3.68434,226.507,4.01776],"stabilizedTipPosition":[23.3573,247.344,-35.9215],"timeVisible":12.2381,"tipPosition":[23.864,247.281,-35.6483],"tipVelocity":[11.7683,0.609393,7.74805],"tool":false,"touchDistance":-0.0408927,"touchZone":"touching","type":0,"width":19.8498},{"bases":[[[0.881036,0.468038,0.0686717],[-0.412403,0.688836,0.596178],[0.231731,-0.553575,0.79991]],[[0.845998,0.532348,-0.0298709],[-0.477616,0.781539,0.401349],[0.237002,-0.325273,0.915438]],[[0.845998,0.532348,-0.0298709],[-0.520258,0.836451,0.172281],[0.116699,-0.130209,0.984595]],[[0.845998,0.532348,-0.0298709],[-0.532702,0.846289,-0.00482577],[0.0227104,0.0199949,0.999542]]],"btipPosition":[-3.71617,288.756,-84.7124],"carpPosition":[26.1215,232.386,51.5937],"dipPosition":[-3.33581,289.091,-67.9722],"direction":[-0.116699,0.130209,-0.984595],"extended":true,"handId":466,"id":4661,"length":57.6453,"mcpPosition":[9.41006,272.308,-6.09229],"pipPosition":[-0.5709,286.006,-44.6444],"stabilizedTipPosition":[-3.66816,288.844,-80.8798],"timeVisible":12.2381,"tipPosition":[-3.97813,289.201,-80.7024],"tipVelocity":[20.2668,-2.17687,5.75258],"tool":false,"touchDistance":-0.0137043,"touchZone":"touching","type":1,"width":18.9605},{"bases":[[[0.961553,0.264611,0.0734643],[-0.252329,0.745726,0.616622],[0.108381,-0.611452,0.783824]],[[0.963138,0.254962,0.085783],[-0.137762,0.741386,-0.656787],[-0.231054,0.620759,0.749181]],[[0.963138,0.254962,0.085783],[0.190012,-0.419065,-0.887851],[-0.19042,0.871424,-0.452063]],[[0.963138,0.254962,0.085783],[0.263338,-0.828504,-0.4942],[-0.0549306,0.498573,-0.865106]]],"btipPosition":[45.6435,218.456,-7.51889],"carpPosition":[35.8192,239.444,52.9466],"dipPosition":[44.6317,227.64,-23.4547],"direction":[0.19042,-0.871424,0.452063],"extended":false,"handId":466,"id":4662,"length":65.6822,"mcpPosition":[28.4071,281.26,-0.658489],"pipPosition":[39.3238,251.931,-36.0557],"stabilizedTipPosition":[44.0918,219.587,-11.992],"timeVisible":12.2381,"tipPosition":[45.4327,220.661,-11.4054],"tipVelocity":[11.1562,-0.0713057,2.61814],"tool":false,"touchDistance":0.333333,"touchZone":"none","type":2,"width":18.6218},{"bases":[[[0.983289,0.114773,0.141316],[-0.179402,0.742854,0.644968],[-0.0309519,-0.659542,0.75103]],[[0.983659,0.14555,0.105971],[-0.0389687,0.746763,-0.663948],[-0.175773,0.648969,0.740232]],[[0.983659,0.14555,0.105971],[0.162258,-0.461614,-0.872115],[-0.0780184,0.875059,-0.477687]],[[0.983659,0.14555,0.105971],[0.178669,-0.861667,-0.47498],[0.0221786,0.486153,-0.873592]]],"btipPosition":[58.3429,223.173,4.17733],"carpPosition":[47.0318,243.764,53.7408],"dipPosition":[58.7491,232.077,-11.8223],"direction":[0.0780184,-0.875059,0.477687],"extended":false,"handId":466,"id":4663,"length":63.1552,"mcpPosition":[48.9323,284.262,7.62599],"pipPosition":[56.6305,255.839,-24.7937],"stabilizedTipPosition":[56.8275,223.891,-0.997873],"timeVisible":12.2381,"tipPosition":[58.4035,225.115,0.263057],"tipVelocity":[10.7443,0.874461,15.2372],"tool":false,"touchDistance":0.333333,"touchZone":"none","type":3,"width":17.7198},{"bases":[[[0.989133,-0.0866623,0.118767],[-0.0263054,0.690455,0.722897],[-0.144651,-0.718165,0.680672]],[[0.999066,-0.00664162,0.0426984],[0.0305219,0.807931,-0.588485],[-0.0305889,0.589239,0.80738]],[[0.999066,-0.00664162,0.0426984],[0.0360627,-0.416226,-0.908546],[0.0238064,0.909237,-0.415598]],[[0.999066,-0.00664162,0.0426984],[0.0169789,-0.84831,-0.529228],[0.0397364,0.529459,-0.847405]]],"btipPosition":[68.9245,235.849,7.88946],"carpPosition":[60.7703,241.83,52.2766],"dipPosition":[69.5959,244.795,-6.42841],"direction":[-0.0238064,-0.909237,0.415598],"extended":false,"handId":466,"id":4664,"length":49.5125,"mcpPosition":[68.9921,282.65,13.5877],"pipPosition":[70.0523,262.227,-14.3964],"stabilizedTipPosition":[66.9614,236.019,2.49165],"timeVisible":12.2381,"tipPosition":[69.0881,237.987,4.38506],"tipVelocity":[12.4276,-1.50338,8.7404],"tool":false,"touchDistance":0.333333,"touchZone":"none","type":4,"width":15.7401}],"r":[[0.467593,0.631506,0.618512],[-0.737445,0.66449,-0.120943],[-0.487371,-0.399566,0.776412]],"s":1.19407,"t":[37.917,22.2325,-88.5323],"timestamp":93338504680},false],[1,{"currentFrameRate":55.3673,"devices":[],"gestures":[],"hands":[{"armBasis":[[0.907683,0.416531,-0.0511248],[-0.390603,0.883091,0.259959],[0.153429,-0.215991,0.964265]],"armWidth":62.4607,"confidence":0.84973,"direction":[-0.137703,0.718711,-0.681537],"elbow":[89.3231,172.06,309.443],"grabStrength":0,"id":466,"palmNormal":[0.37258,-0.599968,-0.707971],"palmPosition":[36.1475,262.102,13.7795],"palmVelocity":[8.38832,0.623563,7.16193],"palmWidth":89.1918,"pinchStrength":0.521796,"r":[[0.468039,0.630394,0.619308],[-0.736871,0.665249,-0.120272],[-0.487813,-0.400058,0.775881]],"s":1.19394,"sphereCenter":[33.95,244.303,-29.6028],"sphereRadius":46.1446,"stabilizedPalmPosition":[35.8153,262.062,13.5271],"t":[38.0573,22.2424,-88.4059],"timeVisible":12.2561,"type":"right","wrist":[48.7161,229.225,54.2367]}],"id":1676189,"interactionBox":{"center":[0,200,0],"size":[235.247,235.247,147.751]},"pointables":[{"bases":[[[0.00917458,0.81828,0.574746],[-0.851463,-0.294991,0.433578],[0.524334,-0.493353,0.694029]],[[-0.0976549,0.901516,0.421584],[-0.868213,-0.284241,0.40671],[0.486487,-0.326308,0.810465]],[[-0.0976549,0.901516,0.421584],[-0.972141,0.00428911,-0.234357],[-0.213084,-0.432725,0.875982]],[[-0.0976549,0.901516,0.421584],[-0.691863,0.243007,-0.679907],[-0.715395,-0.358075,0.599994]]],"btipPosition":[27.206,249.286,-38.8448],"carpPosition":[27.4768,210.643,43.8535],"dipPosition":[10.7941,241.072,-25.0802],"direction":[0.213084,0.432725,-0.875982],"extended":false,"handId":466,"id":4660,"length":51.0864,"mcpPosition":[27.4768,210.643,43.8535],"pipPosition":[3.67245,226.609,4.1966],"stabilizedTipPosition":[23.384,247.363,-35.834],"timeVisible":12.2561,"tipPosition":[23.8386,247.339,-35.5044],"tipVelocity":[5.51749,2.38643,8.29082],"tool":false,"touchDistance":-0.0382198,"touchZone":"touching","type":0,"width":19.8498},{"bases":[[[0.881578,0.467101,0.0681003],[-0.411453,0.689678,0.595862],[0.23136,-0.553319,0.800194]],[[0.846647,0.531291,-0.030316],[-0.47664,0.782426,0.400779],[0.23665,-0.324869,0.915673]],[[0.846647,0.531291,-0.030316],[-0.519273,0.837269,0.171276],[0.11638,-0.129268,0.984757]],[[0.846647,0.531291,-0.030316],[-0.531682,0.846922,-0.00612739],[0.0224198,0.0213062,0.999522]]],"btipPosition":[-3.63698,288.749,-84.6017],"carpPosition":[26.1467,232.459,51.7384],"dipPosition":[-3.26149,289.106,-67.8617],"direction":[-0.11638,0.129268,-0.984757],"extended":true,"handId":466,"id":4661,"length":57.6453,"mcpPosition":[9.46199,272.362,-5.96813],"pipPosition":[-0.504135,286.043,-44.5302],"stabilizedTipPosition":[-3.5792,288.835,-80.7827],"timeVisible":12.2561,"tipPosition":[-3.90159,289.198,-80.5936],"tipVelocity":[12.705,-1.18962,5.93541],"tool":false,"touchDistance":-0.0118593,"touchZone":"touching","type":1,"width":18.9605},{"bases":[[[0.961869,0.263588,0.072999],[-0.251309,0.746402,0.61622],[0.107942,-0.611069,0.784183]],[[0.96345,0.253932,0.0853398],[-0.137145,0.741192,-0.657134],[-0.23012,0.621412,0.748927]],[[0.96345,0.253932,0.0853398],[0.189288,-0.419876,-0.887623],[-0.189563,0.871334,-0.452596]],[[0.96345,0.253932,0.0853398],[0.262268,-0.829186,-0.493625],[-0.0545844,0.497965,-0.865478]]],"btipPosition":[45.6327,218.476,-7.3726],"carpPosition":[35.8527,239.507,53.0837],"dipPosition":[44.6273,227.649,-23.3152],"direction":[0.189563,-0.871334,0.452596],"extended":false,"handId":466,"id":4662,"length":65.6822,"mcpPosition":[28.4706,281.297,-0.545921],"pipPosition":[39.3433,251.937,-35.9311],"stabilizedTipPosition":[44.2521,219.709,-11.8753],"timeVisible":12.2561,"tipPosition":[45.424,220.674,-11.2572],"tipVelocity":[5.61779,0.41208,5.18271],"tool":false,"touchDistance":0.333333,"touchZone":"none","type":2,"width":18.6218},{"bases":[[[0.983459,0.113769,0.14094],[-0.178376,0.743467,0.644545],[-0.0314549,-0.659024,0.751464]],[[0.983852,0.144579,0.10551],[-0.0385865,0.746963,-0.663745],[-0.174776,0.648955,0.74048]],[[0.983852,0.144579,0.10551],[0.16143,-0.462183,-0.871968],[-0.0773032,0.874919,-0.478059]],[[0.983852,0.144579,0.10551],[0.177572,-0.862375,-0.474107],[0.0224433,0.485187,-0.874122]]],"btipPosition":[58.3444,223.215,4.29061],"carpPosition":[47.0703,243.816,53.8717],"dipPosition":[58.7554,232.101,-11.7187],"direction":[0.0773032,-0.874919,0.478059],"extended":false,"handId":466,"id":4663,"length":63.1552,"mcpPosition":[49.0017,284.281,7.73032],"pipPosition":[56.6563,255.859,-24.7002],"stabilizedTipPosition":[56.9171,223.967,-0.908592],"timeVisible":12.2561,"tipPosition":[58.4063,225.142,0.391971],"tipVelocity":[5.71552,1.4408,10.9291],"tool":false,"touchDistance":0.333333,"touchZone":"none","type":3,"width":17.7198},{"bases":[[[0.989072,-0.0876872,0.118519],[-0.0253143,0.690948,0.722461],[-0.145241,-0.717566,0.681178]],[[0.999075,-0.00763671,0.0423102],[0.0311192,0.807478,-0.589076],[-0.029666,0.589848,0.806969]],[[0.999075,-0.00763671,0.0423102],[0.0352513,-0.417883,-0.907817],[0.0246135,0.908469,-0.417227]],[[0.999075,-0.00763671,0.0423102],[0.01584,-0.849495,-0.527359],[0.0399696,0.527542,-0.848588]]],"btipPosition":[68.9426,235.876,8.05413],"carpPosition":[60.8062,241.865,52.4046],"dipPosition":[69.6179,244.789,-6.28374],"direction":[-0.0246135,-0.908469,0.417227],"extended":false,"handId":466,"id":4664,"length":49.5125,"mcpPosition":[69.0616,282.651,13.6869],"pipPosition":[70.0898,262.207,-14.2829],"stabilizedTipPosition":[67.1047,236.147,2.64354],"timeVisible":12.2561,"tipPosition":[69.106,237.994,4.53835],"tipVelocity":[7.03033,-0.281265,8.80426],"tool":false,"touchDistance":0.333333,"touchZone":"none","type":4,"width":15.7401}],"r":[[0.468039,0.630394,0.619308],[-0.736871,0.665249,-0.120272],[-0.487813,-0.400058,0.775881]],"s":1.19394,"t":[38.0573,22.2424,-88.4059],"timestamp":93338522716},false],[2,{"currentFrameRate":55.2753,"devices":[],"gestures":[],"hands":[{"armBasis":[[0.907813,0.416153,-0.0518879],[-0.390141,0.883428,0.25951],[0.153835,-0.215343,0.964346]],"armWidth":62.4607,"confidence":0.859033,"direction":[-0.13716,0.718396,-0.681978],"elbow":[89.4149,172.316,309.652],"grabStrength":0,"id":466,"palmNormal":[0.372354,-0.600597,-0.707557],"palmPosition":[36.1583,262.17,13.9463],"palmVelocity":[4.63234,2.10416,8.07615],"palmWidth":89.1918,"pinchStrength":0.520326,"r":[[0.468446,0.629521,0.619888],[-0.736328,0.665928,-0.119837],[-0.488241,-0.400304,0.775485]],"s":1.19382,"sphereCenter":[33.9785,244.351,-29.4238],"sphereRadius":46.1371,"stabilizedPalmPosition":[35.8802,262.082,13.6064],"t":[38.1329,22.2815,-88.2593],"timeVisible":12.2745,"type":"right","wrist":[48.7004,229.31,54.4247]}],"id":1676190,"interactionBox":{"center":[0,200,0],"size":[235.247,235.247,147.751]},"pointables":[{"bases":[[[0.00955297,0.818608,0.574273],[-0.851713,-0.29424,0.433598],[0.523921,-0.493258,0.694408]],[[-0.0969653,0.901672,0.421408],[-0.868528,-0.283432,0.406603],[0.486063,-0.326578,0.81061]],[[-0.0969653,0.901672,0.421408],[-0.972131,0.00499956,-0.234383],[-0.213444,-0.432391,0.876059]],[[-0.0969653,0.901672,0.421408],[-0.692057,0.243213,-0.679636],[-0.715301,-0.357539,0.600425]]],"btipPosition":[27.2119,249.367,-38.6693],"carpPosition":[27.452,210.733,44.0486],"dipPosition":[10.8021,241.165,-24.8949],"direction":[0.213444,0.432391,-0.876059],"extended":false,"handId":466,"id":4660,"length":51.0864,"mcpPosition":[27.452,210.733,44.0486],"pipPosition":[3.66842,226.713,4.38459],"stabilizedTipPosition":[23.3955,247.389,-35.7623],"timeVisible":12.2745,"tipPosition":[23.8352,247.409,-35.3333],"tipVelocity":[3.02675,3.4145,8.94848],"tool":false,"touchDistance":-0.0352569,"touchZone":"touching","type":0,"width":19.8498},{"bases":[[[0.88184,0.466623,0.0679862],[-0.411153,0.690264,0.595389],[0.230894,-0.55299,0.800556]],[[0.847004,0.530718,-0.0303783],[-0.476237,0.782963,0.400208],[0.236183,-0.324511,0.915921]],[[0.847004,0.530718,-0.0303783],[-0.518804,0.837744,0.170375],[0.11587,-0.128548,0.984911]],[[0.847004,0.530718,-0.0303783],[-0.531136,0.847256,-0.00725851],[0.0218859,0.022283,0.999512]]],"btipPosition":[-3.57596,288.773,-84.4595],"carpPosition":[26.1334,232.555,51.9206],"dipPosition":[-3.20941,289.146,-67.7197],"direction":[-0.11587,0.128548,-0.984911],"extended":true,"handId":466,"id":4661,"length":57.6453,"mcpPosition":[9.48231,272.434,-5.81201],"pipPosition":[-0.464128,286.101,-44.3845],"stabilizedTipPosition":[-3.52553,288.85,-80.6764],"timeVisible":12.2745,"tipPosition":[-3.8417,289.223,-80.4539],"tipVelocity":[8.13086,0.104343,6.7956],"tool":false,"touchDistance":-0.00948994,"touchZone":"touching","type":1,"width":18.9605},{"bases":[[[0.962011,0.263066,0.073017],[-0.25098,0.746907,0.615743],[0.107444,-0.610677,0.784557]],[[0.963589,0.253383,0.0854054],[-0.136339,0.740353,-0.658247],[-0.230019,0.622635,0.747942]],[[0.963589,0.253383,0.0854054],[0.189497,-0.421773,-0.886678],[-0.188647,0.870577,-0.454431]],[[0.963589,0.253383,0.0854054],[0.261938,-0.830331,-0.491873],[-0.0537174,0.496334,-0.866468]]],"btipPosition":[45.611,218.534,-7.10234],"carpPosition":[35.8432,239.598,53.2636],"dipPosition":[44.6215,227.677,-23.0632],"direction":[0.188647,-0.870577,0.454431],"extended":false,"handId":466,"id":4662,"length":65.6822,"mcpPosition":[28.4952,281.362,-0.391603],"pipPosition":[39.3631,251.943,-35.7302],"stabilizedTipPosition":[44.3216,219.766,-11.8077],"timeVisible":12.2745,"tipPosition":[45.4085,220.721,-11.0115],"tipVelocity":[2.44182,1.54055,9.64515],"tool":false,"touchDistance":0.333333,"touchZone":"none","type":2,"width":18.6218},{"bases":[[[0.983501,0.113274,0.141049],[-0.178054,0.743945,0.644082],[-0.031975,-0.65857,0.75184]],[[0.983915,0.144174,0.105472],[-0.0385716,0.747972,-0.662609],[-0.174421,0.647883,0.741502]],[[0.983915,0.144174,0.105472],[0.161191,-0.46208,-0.872066],[-0.0769926,0.875041,-0.477887]],[[0.983915,0.144174,0.105472],[0.177172,-0.863,-0.473119],[0.022811,0.484195,-0.874662]]],"btipPosition":[58.3386,223.334,4.40732],"carpPosition":[47.0633,243.9,54.0511],"dipPosition":[58.7563,232.202,-11.6119],"direction":[0.0769926,-0.875041,0.477887],"extended":false,"handId":466,"id":4663,"length":63.1552,"mcpPosition":[49.0266,284.338,7.88656],"pipPosition":[56.6656,255.963,-24.5887],"stabilizedTipPosition":[56.9679,224.014,-0.853924],"timeVisible":12.2745,"tipPosition":[58.4016,225.237,0.546898],"tipVelocity":[2.85223,3.74601,8.66045],"tool":false,"touchDistance":0.333333,"touchZone":"none","type":3,"width":17.7198},{"bases":[[[0.989,-0.0881989,0.118745],[-0.0250369,0.691382,0.722056],[-0.145783,-0.717086,0.681568]],[[0.999064,-0.0081737,0.0424684],[0.0316613,0.807166,-0.589475],[-0.0294609,0.590268,0.806669]],[[0.999064,-0.0081737,0.0424684],[0.0351236,-0.41959,-0.907034],[0.0252331,0.907677,-0.41891]],[[0.999064,-0.0081737,0.0424684],[0.0153672,-0.850802,-0.525261],[0.0404256,0.525423,-0.849881]]],"btipPosition":[68.9387,235.961,8.27937],"carpPosition":[60.7983,241.941,52.5875],"dipPosition":[69.6218,244.839,-6.08034],"direction":[-0.0252331,-0.907677,0.41891],"extended":false,"handId":466,"id":4664,"length":49.5125,"mcpPosition":[69.0844,282.7,13.8477],"pipPosition":[70.1056,262.241,-14.1118],"stabilizedTipPosition":[67.176,236.213,2.72715],"timeVisible":12.2745,"tipPosition":[69.1039,238.056,4.752],"tipVelocity":[3.59203,1.86542,10.3245],"tool":false,"touchDistance":0.333333,"touchZone":"none","type":4,"width":15.7401}],"r":[[0.468446,0.629521,0.619888],[-0.736328,0.665928,-0.119837],[-0.488241,-0.400304,0.775485]],"s":1.19382,"t":[38.1329,22.2815,-88.2593],"timestamp":93338541125},false],[3,{"currentFrameRate":55.2875,"devices":[],"gestures":[],"hands":[{"armBasis":[[0.907736,0.416302,-0.0520458],[-0.390523,0.883756,0.257813],[0.153324,-0.213701,0.964792]],"armWidth":62.4607,"confidence":0.84836,"direction":[-0.136845,0.718084,-0.682369],"elbow":[89.2305,172.884,309.997],"grabStrength":0,"id":466,"palmNormal":[0.373078,-0.600767,-0.70703],"palmPosition":[36.1307,262.284,14.1503],"palmVelocity":[1.70895,4.08929,9.61081],"palmWidth":89.1918,"pinchStrength":0.51869,"r":[[0.468639,0.628899,0.620374],[-0.735914,0.666418,-0.119656],[-0.488679,-0.400467,0.775125]],"s":1.19368,"sphereCenter":[34.0218,244.444,-29.2247],"sphereRadius":46.1291,"stabilizedPalmPosition":[35.9067,262.104,13.6639],"t":[38.1569,22.3577,-88.0839],"timeVisible":12.2926,"type":"right","wrist":[48.6513,229.443,54.6516]}],"id":1676191,"interactionBox":{"center":[0,200,0],"size":[235.247,235.247,147.751]},"pointables":[{"bases":[[[0.00886674,0.818839,0.573955],[-0.851961,-0.29432,0.433057],[0.52353,-0.492827,0.695009]],[[-0.0972195,0.901603,0.421499],[-0.868807,-0.283476,0.405974],[0.485512,-0.326733,0.810878]],[[-0.0972195,0.901603,0.421499],[-0.972052,0.00491299,-0.234715],[-0.21369,-0.432538,0.875927]],[[-0.0972195,0.901603,0.421499],[-0.693687,0.242304,-0.678297],[-0.713685,-0.358332,0.601873]]],"btipPosition":[27.1744,249.52,-38.4934],"carpPosition":[27.4164,210.856,44.2664],"dipPosition":[10.8017,241.3,-24.6858],"direction":[0.21369,0.432538,-0.875927],"extended":false,"handId":466,"id":4660,"length":51.0864,"mcpPosition":[27.4164,210.856,44.2664],"pipPosition":[3.65981,226.844,4.58926],"stabilizedTipPosition":[23.3973,247.421,-35.7018],"timeVisible":12.2926,"tipPosition":[23.8073,247.538,-35.1489],"tipVelocity":[0.829657,5.7205,9.5283],"tool":false,"touchDistance":-0.0321982,"touchZone":"touching","type":0,"width":19.8498},{"bases":[[[0.881649,0.466911,0.0684821],[-0.411818,0.690379,0.594797],[0.230439,-0.552604,0.800954]],[[0.8469,0.530914,-0.0298643],[-0.476752,0.782978,0.399566],[0.235518,-0.324154,0.916218]],[[0.8469,0.530914,-0.0298643],[-0.519163,0.837693,0.16953],[0.115023,-0.128071,0.985072]],[[0.8469,0.530914,-0.0298643],[-0.531341,0.847118,-0.00823387],[0.0209271,0.0228414,0.99952]]],"btipPosition":[-3.52715,288.835,-84.2965],"carpPosition":[26.0852,232.681,52.1287],"dipPosition":[-3.17666,289.218,-67.5566],"direction":[-0.115023,0.128071,-0.985072],"extended":true,"handId":466,"id":4661,"length":57.6453,"mcpPosition":[9.46699,272.532,-5.63262],"pipPosition":[-0.451452,286.183,-44.2176],"stabilizedTipPosition":[-3.49318,288.88,-80.5822],"timeVisible":12.2926,"tipPosition":[-3.79542,289.282,-80.2933],"tipVelocity":[5.45846,1.74219,7.85601],"tool":false,"touchDistance":-0.00677421,"touchZone":"touching","type":1,"width":18.9605},{"bases":[[[0.961876,0.26338,0.0736558],[-0.251677,0.747077,0.615252],[0.107018,-0.610334,0.784882]],[[0.963448,0.253699,0.0860542],[-0.136062,0.740101,-0.658587],[-0.230771,0.622806,0.747568]],[[0.963448,0.253699,0.0860542],[0.19031,-0.422071,-0.886362],[-0.188548,0.870341,-0.454925]],[[0.963448,0.253699,0.0860542],[0.262566,-0.830482,-0.491283],[-0.0531715,0.495921,-0.866738]]],"btipPosition":[45.6116,218.645,-6.8754],"carpPosition":[35.792,239.727,53.4764],"dipPosition":[44.6322,227.781,-22.8413],"direction":[0.188548,-0.870341,0.454925],"extended":false,"handId":466,"id":4662,"length":65.6822,"mcpPosition":[28.4731,281.467,-0.201063],"pipPosition":[39.3765,252.041,-35.522],"stabilizedTipPosition":[44.355,219.797,-11.7681],"timeVisible":12.2926,"tipPosition":[45.4117,220.829,-10.7828],"tipVelocity":[1.35898,3.69889,11.0063],"tool":false,"touchDistance":0.333333,"touchZone":"none","type":2,"width":18.6218},{"bases":[[[0.983358,0.113621,0.141764],[-0.178772,0.744148,0.643649],[-0.032361,-0.658281,0.752077]],[[0.983789,0.144598,0.10607],[-0.0390073,0.749859,-0.660446],[-0.175037,0.645602,0.743344]],[[0.983789,0.144598,0.10607],[0.161717,-0.459707,-0.873222],[-0.0775054,0.87622,-0.475638]],[[0.983789,0.144598,0.10607],[0.177862,-0.862286,-0.474161],[0.0228995,0.48534,-0.874026]]],"btipPosition":[58.3484,223.495,4.45914],"carpPosition":[47.0101,244.033,54.2708],"dipPosition":[58.7678,232.384,-11.5484],"direction":[0.0775054,-0.87622,0.475638],"extended":false,"handId":466,"id":4663,"length":63.1552,"mcpPosition":[48.9972,284.453,8.09178],"pipPosition":[56.6632,256.178,-24.4641],"stabilizedTipPosition":[57.0119,224.06,-0.805301],"timeVisible":12.2926,"tipPosition":[58.4073,225.393,0.681974],"tipVelocity":[1.76657,6.34967,5.98358],"tool":false,"touchDistance":0.333333,"touchZone":"none","type":3,"width":17.7198},{"bases":[[[0.988934,-0.0878585,0.119544],[-0.0257996,0.691661,0.721761],[-0.146097,-0.716858,0.68174]],[[0.999035,-0.00783398,0.0432181],[0.0318281,0.807197,-0.589424],[-0.030268,0.590231,0.806667]],[[0.999035,-0.00783398,0.0432181],[0.0359111,-0.420864,-0.906413],[0.0252898,0.90709,-0.420176]],[[0.999035,-0.00783398,0.0432181],[0.0159609,-0.851948,-0.523384],[0.0409198,0.523569,-0.851]]],"btipPosition":[68.9237,236.128,8.54401],"carpPosition":[60.7468,242.077,52.8186],"dipPosition":[69.6151,244.974,-5.83462],"direction":[-0.0252898,-0.90709,0.420176],"extended":false,"handId":466,"id":4664,"length":49.5125,"mcpPosition":[69.0508,282.823,14.069],"pipPosition":[70.1,262.365,-13.8903],"stabilizedTipPosition":[67.2139,236.252,2.77695],"timeVisible":12.2926,"tipPosition":[69.0905,238.199,5.01068],"tipVelocity":[1.54233,5.18431,12.2704],"tool":false,"touchDistance":0.333333,"touchZone":"none","type":4,"width":15.7401}],"r":[[0.468639,0.628899,0.620374],[-0.735914,0.666418,-0.119656],[-0.488679,-0.400467,0.775125]],"s":1.19368,"t":[38.1569,22.3577,-88.0839],"timestamp":93338559170},false],[4,{"currentFrameRate":55.3797,"devices":[],"gestures":[],"hands":[{"armBasis":[[0.906976,0.417783,-0.0533999],[-0.391627,0.883183,0.258102],[0.154992,-0.213179,0.964641]],"armWidth":62.4607,"confidence":0.852888,"direction":[-0.136913,0.717746,-0.682712],"elbow":[89.6,173.188,310.17],"grabStrength":0,"id":466,"palmNormal":[0.374241,-0.600645,-0.706519],"palmPosition":[36.0635,262.426,14.3416],"palmVelocity":[-0.869417,5.91957,10.1607],"palmWidth":89.1918,"pinchStrength":0.516509,"r":[[0.46857,0.628526,0.620804],[-0.735685,0.666667,-0.119679],[-0.489091,-0.400639,0.774777]],"s":1.19348,"sphereCenter":[34.0505,244.566,-29.0457],"sphereRadius":46.1178,"stabilizedPalmPosition":[35.9173,262.125,13.7097],"t":[38.1353,22.4667,-87.9006],"timeVisible":12.3103,"type":"right","wrist":[48.5791,229.609,54.8639]}],"id":1676192,"interactionBox":{"center":[0,200,0],"size":[235.247,235.247,147.751]},"pointables":[{"bases":[[[0.00761856,0.819025,0.573707],[-0.852065,-0.294967,0.432411],[0.52338,-0.49213,0.695616]],[[-0.0980863,0.901444,0.421637],[-0.868915,-0.284117,0.405294],[0.485144,-0.326613,0.811147]],[[-0.0980863,0.901444,0.421637],[-0.971935,0.00425928,-0.235209],[-0.213824,-0.432875,0.875727]],[[-0.0980863,0.901444,0.421637],[-0.696393,0.240492,-0.676166],[-0.710926,-0.359948,0.604171]]],"btipPosition":[27.0874,249.706,-38.3527],"carpPosition":[27.3703,210.999,44.4662],"dipPosition":[10.778,241.448,-24.4924],"direction":[0.213824,0.432875,-0.875727],"extended":false,"handId":466,"id":4660,"length":51.0864,"mcpPosition":[27.3703,210.999,44.4662],"pipPosition":[3.63166,226.981,4.77593],"stabilizedTipPosition":[23.3907,247.463,-35.644],"timeVisible":12.3103,"tipPosition":[23.7401,247.695,-34.9898],"tipVelocity":[-1.47342,7.7211,9.09837],"tool":false,"touchDistance":-0.0296522,"touchZone":"touching","type":0,"width":19.8498},{"bases":[[[0.88116,0.467741,0.0690996],[-0.412966,0.690186,0.594224],[0.230252,-0.552143,0.801325]],[[0.846459,0.531651,-0.0292469],[-0.477797,0.782663,0.398935],[0.234984,-0.323708,0.916513]],[[0.846459,0.531651,-0.0292469],[-0.520062,0.837292,0.168752],[0.114205,-0.127631,0.985225]],[[0.846459,0.531651,-0.0292469],[-0.532082,0.846644,-0.00910207],[0.0199226,0.0232662,0.999531]]],"btipPosition":[-3.52795,288.91,-84.1477],"carpPosition":[26.0123,232.825,52.3205],"dipPosition":[-3.19429,289.3,-67.4077],"direction":[-0.114205,0.127631,-0.985225],"extended":true,"handId":466,"id":4661,"length":57.6453,"mcpPosition":[9.4075,272.643,-5.4676],"pipPosition":[-0.488461,286.276,-44.065],"stabilizedTipPosition":[-3.48308,288.909,-80.5137],"timeVisible":12.3103,"tipPosition":[-3.79902,289.354,-80.1464],"tipVelocity":[2.77572,2.94615,8.10705],"tool":false,"touchDistance":-0.00429327,"touchZone":"touching","type":1,"width":18.9605},{"bases":[[[0.96157,0.264285,0.0744062],[-0.252895,0.747037,0.614801],[0.106898,-0.609991,0.785165]],[[0.96314,0.254609,0.086809],[-0.136175,0.739784,-0.65892],[-0.231987,0.622811,0.747187]],[[0.96314,0.254609,0.086809],[0.191517,-0.422411,-0.88594],[-0.1889,0.86991,-0.455603]],[[0.96314,0.254609,0.086809],[0.263775,-0.830597,-0.49044],[-0.0527673,0.49526,-0.867141]]],"btipPosition":[45.599,218.8,-6.65242],"carpPosition":[35.7113,239.881,53.6744],"dipPosition":[44.627,227.923,-22.6257],"direction":[0.1889,-0.86991,0.455603],"extended":false,"handId":466,"id":4662,"length":65.6822,"mcpPosition":[28.4007,281.597,-0.0223822],"pipPosition":[39.3615,252.171,-35.3253],"stabilizedTipPosition":[44.3742,219.818,-11.741],"timeVisible":12.3103,"tipPosition":[45.4017,220.975,-10.5614],"tipVelocity":[0.433951,5.96645,11.6946],"tool":false,"touchDistance":0.333333,"touchZone":"none","type":2,"width":18.6218},{"bases":[[[0.98313,0.114568,0.142579],[-0.180012,0.744184,0.643262],[-0.0324084,-0.658076,0.752254]],[[0.983558,0.145773,0.106598],[-0.0403124,0.752605,-0.657238],[-0.176033,0.642134,0.746107]],[[0.983558,0.145773,0.106598],[0.162363,-0.455375,-0.875369],[-0.0790634,0.878284,-0.471556]],[[0.983558,0.145773,0.106598],[0.179219,-0.8605,-0.476887],[0.0222099,0.48815,-0.872477]]],"btipPosition":[58.3646,223.692,4.39442],"carpPosition":[46.9249,244.197,54.4772],"dipPosition":[58.7714,232.632,-11.5848],"direction":[0.0790634,-0.878284,0.471556],"extended":false,"handId":466,"id":4663,"length":63.1552,"mcpPosition":[48.9148,284.605,8.28729],"pipPosition":[56.6245,256.481,-24.3897],"stabilizedTipPosition":[57.071,224.129,-0.743019],"timeVisible":12.3103,"tipPosition":[58.4096,225.597,0.7369],"tipVelocity":[1.29131,8.86712,1.64013],"tool":false,"touchDistance":0.333333,"touchZone":"none","type":3,"width":17.7198},{"bases":[[[0.98891,-0.0869138,0.120428],[-0.0270591,0.691862,0.721523],[-0.14603,-0.71678,0.681837]],[[0.999006,-0.00687075,0.0440538],[0.0315321,0.807427,-0.589124],[-0.0315225,0.589927,0.806841]],[[0.999006,-0.00687075,0.0440538],[0.0370638,-0.421239,-0.906192],[0.0247834,0.906924,-0.420565]],[[0.999006,-0.00687075,0.0440538],[0.0171779,-0.852468,-0.522496],[0.0411444,0.522734,-0.851503]]],"btipPosition":[68.8871,236.328,8.7673],"carpPosition":[60.6646,242.254,53.0375],"dipPosition":[69.5822,245.16,-5.61981],"direction":[-0.0247834,-0.906924,0.420565],"extended":false,"handId":466,"id":4664,"length":49.5125,"mcpPosition":[68.9648,282.995,14.2824],"pipPosition":[70.0574,262.548,-13.683],"stabilizedTipPosition":[67.2391,236.281,2.81391],"timeVisible":12.3103,"tipPosition":[69.054,238.384,5.23987],"tipVelocity":[-0.126139,7.94818,12.3675],"tool":false,"touchDistance":0.333333,"touchZone":"none","type":4,"width":15.7401}],"r":[[0.46857,0.628526,0.620804],[-0.735685,0.666667,-0.119679],[-0.489091,-0.400639,0.774777]],"s":1.19348,"t":[38.1353,22.4667,-87.9006],"timestamp":93338576909},false],[5,{"currentFrameRate":55.3779,"devices":[],"gestures":[],"hands":[{"armBasis":[[0.906546,0.418573,-0.05451],[-0.392135,0.882916,0.258245],[0.156222,-0.212735,0.96454]],"armWidth":62.4607,"confidence":0.790047,"direction":[-0.136893,0.71739,-0.68309],"elbow":[89.8825,173.415,310.288],"grabStrength":0,"id":466,"palmNormal":[0.374781,-0.600814,-0.706089],"palmPosition":[36.0255,262.512,14.467],"palmVelocity":[-1.455,5.38176,8.63119],"palmWidth":89.1918,"pinchStrength":0.517346,"r":[[0.468412,0.628318,0.621133],[-0.735543,0.666798,-0.119821],[-0.489456,-0.400745,0.774491]],"s":1.19333,"sphereCenter":[34.0798,244.642,-28.9151],"sphereRadius":46.105,"stabilizedPalmPosition":[35.9225,262.144,13.7464],"t":[38.1055,22.5644,-87.7463],"timeVisible":12.3284,"type":"right","wrist":[48.5361,229.718,55.0093]}],"id":1676193,"interactionBox":{"center":[0,200,0],"size":[235.247,235.247,147.751]},"pointables":[{"bases":[[[0.00705274,0.819283,0.573346],[-0.85214,-0.295104,0.432171],[0.523267,-0.491619,0.696062]],[[-0.0990634,0.901867,0.420502],[-0.869369,-0.284037,0.404376],[0.484131,-0.325513,0.812193]],[[-0.0990634,0.901867,0.420502],[-0.9717,0.00339377,-0.236195],[-0.214444,-0.432,0.876008]],[[-0.0990634,0.901867,0.420502],[-0.699641,0.237367,-0.673914],[-0.707594,-0.360961,0.607469]]],"btipPosition":[27.05,249.743,-38.3446],"carpPosition":[27.339,211.096,44.6106],"dipPosition":[10.8171,241.462,-24.4086],"direction":[0.214444,0.432,-0.876008],"extended":false,"handId":466,"id":4660,"length":51.0864,"mcpPosition":[27.339,211.096,44.6106],"pipPosition":[3.64997,227.024,4.86914],"stabilizedTipPosition":[23.3838,247.498,-35.5969],"timeVisible":12.3284,"tipPosition":[23.7043,247.742,-34.9317],"tipVelocity":[-1.29499,4.87738,5.44927],"tool":false,"touchDistance":-0.0292261,"touchZone":"touching","type":0,"width":19.8498},{"bases":[[[0.88095,0.468112,0.0692754],[-0.413491,0.69029,0.593738],[0.230116,-0.551698,0.801671]],[[0.846296,0.53192,-0.0290421],[-0.478228,0.782628,0.398485],[0.234691,-0.323348,0.916715]],[[0.846296,0.53192,-0.0290421],[-0.520422,0.837185,0.168174],[0.113769,-0.127211,0.985329]],[[0.846296,0.53192,-0.0290421],[-0.532359,0.846462,-0.00976567],[0.0193885,0.0237255,0.99953]]],"btipPosition":[-3.52963,288.945,-84.0495],"carpPosition":[25.9692,232.925,52.4546],"dipPosition":[-3.20491,289.342,-67.3094],"direction":[-0.113769,0.127211,-0.985329],"extended":true,"handId":466,"id":4661,"length":57.6453,"mcpPosition":[9.37422,272.711,-5.35836],"pipPosition":[-0.509419,286.328,-43.9643],"stabilizedTipPosition":[-3.47923,288.926,-80.4707],"timeVisible":12.3284,"tipPosition":[-3.79977,289.383,-80.0512],"tipVelocity":[1.35921,2.50322,6.83982],"tool":false,"touchDistance":-0.00265577,"touchZone":"touching","type":1,"width":18.9605},{"bases":[[[0.961436,0.264689,0.0747074],[-0.25345,0.747212,0.614359],[0.106792,-0.609601,0.785482]],[[0.963009,0.25498,0.0871652],[-0.13653,0.74057,-0.657963],[-0.23232,0.621724,0.747989]],[[0.963009,0.25498,0.0871652],[0.191712,-0.420979,-0.886579],[-0.189366,0.870495,-0.45429]],[[0.963009,0.25498,0.0871652],[0.264222,-0.829983,-0.491238],[-0.0529104,0.496098,-0.866653]]],"btipPosition":[45.5912,218.896,-6.62235],"carpPosition":[35.6649,239.984,53.8096],"dipPosition":[44.6166,228.035,-22.5866],"direction":[0.189366,-0.870495,0.45429],"extended":false,"handId":466,"id":4662,"length":65.6822,"mcpPosition":[28.3615,281.674,0.0911403],"pipPosition":[39.3381,252.299,-35.2497],"stabilizedTipPosition":[44.3899,219.836,-11.7181],"timeVisible":12.3284,"tipPosition":[45.3909,221.064,-10.4732],"tipVelocity":[0.00716049,5.77065,6.98496],"tool":false,"touchDistance":0.333333,"touchZone":"none","type":2,"width":18.6218},{"bases":[[[0.983024,0.11501,0.142956],[-0.180579,0.7444,0.642852],[-0.0324821,-0.657754,0.752532]],[[0.983454,0.146293,0.106852],[-0.0405359,0.752567,-0.657266],[-0.176567,0.64206,0.746045]],[[0.983454,0.146293,0.106852],[0.162839,-0.455384,-0.875277],[-0.0793884,0.878194,-0.471671]],[[0.983454,0.146293,0.106852],[0.179791,-0.860552,-0.476577],[0.0222318,0.487903,-0.872615]]],"btipPosition":[58.3525,223.791,4.52389],"carpPosition":[46.8764,244.306,54.6154],"dipPosition":[58.7597,232.726,-11.4578],"direction":[0.0793884,-0.878194,0.471671],"extended":false,"handId":466,"id":4663,"length":63.1552,"mcpPosition":[48.8709,284.693,8.4084],"pipPosition":[56.604,256.573,-24.2658],"stabilizedTipPosition":[57.1286,224.2,-0.676451],"timeVisible":12.3284,"tipPosition":[58.3966,225.695,0.874183],"tipVelocity":[0.362476,7.23153,4.24992],"tool":false,"touchDistance":0.333333,"touchZone":"none","type":3,"width":17.7198},{"bases":[[[0.988891,-0.0864786,0.120897],[-0.0276402,0.692171,0.721204],[-0.14605,-0.716533,0.682092]],[[0.998992,-0.00640545,0.0444341],[0.0313641,0.807739,-0.588705],[-0.0321202,0.589505,0.807126]],[[0.998992,-0.00640545,0.0444341],[0.0376039,-0.421263,-0.906159],[0.0245228,0.906916,-0.420597]],[[0.998992,-0.00640545,0.0444341],[0.0177482,-0.852786,-0.521959],[0.0412362,0.522221,-0.851813]]],"btipPosition":[68.8653,236.451,8.89385],"carpPosition":[60.6176,242.367,53.1826],"dipPosition":[69.5621,245.274,-5.49851],"direction":[-0.0245228,-0.906916,0.420597],"extended":false,"handId":466,"id":4664,"length":49.5125,"mcpPosition":[68.9189,283.094,14.413],"pipPosition":[70.0322,262.662,-13.5623],"stabilizedTipPosition":[67.2593,236.306,2.84516],"timeVisible":12.3284,"tipPosition":[69.0312,238.494,5.38111],"tipVelocity":[-0.62815,7.34368,9.78901],"tool":false,"touchDistance":0.333333,"touchZone":"none","type":4,"width":15.7401}],"r":[[0.468412,0.628318,0.621133],[-0.735543,0.666798,-0.119821],[-0.489456,-0.400745,0.774491]],"s":1.19333,"t":[38.1055,22.5644,-87.7463],"timestamp":93338594973},false],[6,{"currentFrameRate":55.3585,"devices":[],"gestures":[],"hands":[{"armBasis":[[0.906372,0.419013,-0.0540122],[-0.392379,0.88228,0.260039],[0.156614,-0.214499,0.964086]],"armWidth":62.4607,"confidence":0.799821,"direction":[-0.136348,0.717015,-0.683592],"elbow":[89.8799,173.075,310.276],"grabStrength":0,"id":466,"palmNormal":[0.375157,-0.601273,-0.705499],"palmPosition":[35.9504,262.618,14.548],"palmVelocity":[-2.73605,5.59314,6.64688],"palmWidth":89.1918,"pinchStrength":0.519555,"r":[[0.468221,0.628211,0.621385],[-0.735395,0.66691,-0.120107],[-0.489861,-0.400727,0.774244]],"s":1.19302,"sphereCenter":[34.0839,244.732,-28.8387],"sphereRadius":46.0849,"stabilizedPalmPosition":[35.9238,262.165,13.7824],"t":[38.053,22.6661,-87.6286],"timeVisible":12.3465,"type":"right","wrist":[48.43,229.845,55.1173]}],"id":1676194,"interactionBox":{"center":[0,200,0],"size":[235.247,235.247,147.751]},"pointables":[{"bases":[[[0.0067929,0.819612,0.572879],[-0.852462,-0.294737,0.431785],[0.522745,-0.491291,0.696686]],[[-0.0996622,0.902399,0.419218],[-0.870006,-0.283485,0.403394],[0.482864,-0.324519,0.813345]],[[-0.0996622,0.902399,0.419218],[-0.97141,0.00299831,-0.237391],[-0.215478,-0.430891,0.8763]],[[-0.0996622,0.902399,0.419218],[-0.702516,0.234553,-0.671905],[-0.704655,-0.361471,0.610574]]],"btipPosition":[26.9772,249.793,-38.377],"carpPosition":[27.2371,211.22,44.7155],"dipPosition":[10.8117,241.5,-24.3698],"direction":[0.215478,0.430891,-0.8763],"extended":false,"handId":466,"id":4660,"length":51.0864,"mcpPosition":[27.2371,211.22,44.7155],"pipPosition":[3.61002,227.099,4.91768],"stabilizedTipPosition":[23.3696,247.542,-35.5466],"timeVisible":12.3465,"tipPosition":[23.6327,247.806,-34.9184],"tipVelocity":[-2.18305,3.8023,2.43193],"tool":false,"touchDistance":-0.029494,"touchZone":"touching","type":0,"width":19.8498},{"bases":[[[0.880969,0.46803,0.0695802],[-0.413782,0.690689,0.593071],[0.229516,-0.551268,0.802138]],[[0.846445,0.531705,-0.0286634],[-0.478281,0.782852,0.397982],[0.234048,-0.323161,0.916945]],[[0.846445,0.531705,-0.0286634],[-0.520325,0.837364,0.167582],[0.113106,-0.126935,0.985441]],[[0.846445,0.531705,-0.0286634],[-0.532147,0.846588,-0.0104212],[0.0187251,0.0240741,0.999535]]],"btipPosition":[-3.53653,289.022,-84.0042],"carpPosition":[25.8651,233.054,52.5461],"dipPosition":[-3.22292,289.425,-67.2641],"direction":[-0.113106,0.126935,-0.985441],"extended":true,"handId":466,"id":4661,"length":57.6453,"mcpPosition":[9.31341,272.809,-5.30066],"pipPosition":[-0.543134,286.418,-43.9163],"stabilizedTipPosition":[-3.47775,288.945,-80.439],"timeVisible":12.3465,"tipPosition":[-3.8019,289.446,-80.0115],"tipVelocity":[0.463485,3.38553,4.7721],"tool":false,"touchDistance":-0.00190095,"touchZone":"touching","type":1,"width":18.9605},{"bases":[[[0.961423,0.264599,0.0751819],[-0.253747,0.747601,0.613763],[0.106195,-0.609163,0.785903]],[[0.962995,0.254847,0.0877098],[-0.136613,0.742079,-0.656244],[-0.23233,0.619977,0.749434]],[[0.962995,0.254847,0.0877098],[0.191684,-0.418838,-0.887599],[-0.189466,0.871566,-0.452189]],[[0.962995,0.254847,0.0877098],[0.264306,-0.829271,-0.492394],[-0.05275,0.497355,-0.865942]]],"btipPosition":[45.5284,219.024,-6.69736],"carpPosition":[35.561,240.113,53.9033],"dipPosition":[44.5567,228.186,-22.6485],"direction":[0.189466,-0.871566,0.452189],"extended":false,"handId":466,"id":4662,"length":65.6822,"mcpPosition":[28.2984,281.773,0.156057],"pipPosition":[39.2755,252.48,-35.253],"stabilizedTipPosition":[44.4131,219.869,-11.6838],"timeVisible":12.3465,"tipPosition":[45.326,221.178,-10.464],"tipVelocity":[-1.62779,6.52163,1.76728],"tool":false,"touchDistance":0.333333,"touchZone":"none","type":2,"width":18.6218},{"bases":[[[0.982947,0.114956,0.143531],[-0.180895,0.744796,0.642306],[-0.0330642,-0.657316,0.752889]],[[0.983401,0.146371,0.107231],[-0.0409078,0.754613,-0.654894],[-0.176776,0.639636,0.748075]],[[0.983401,0.146371,0.107231],[0.162982,-0.452826,-0.876576],[-0.0797486,0.879502,-0.469166]],[[0.983401,0.146371,0.107231],[0.180075,-0.85984,-0.477754],[0.022272,0.489133,-0.871925]]],"btipPosition":[58.3026,223.939,4.43088],"carpPosition":[46.7726,244.433,54.7139],"dipPosition":[58.7105,232.897,-11.5382],"direction":[0.0797486,-0.879502,0.469166],"extended":false,"handId":466,"id":4663,"length":63.1552,"mcpPosition":[48.8028,284.794,8.48495],"pipPosition":[56.545,256.78,-24.2782],"stabilizedTipPosition":[57.1939,224.293,-0.602537],"timeVisible":12.3465,"tipPosition":[58.3413,225.839,0.861574],"tipVelocity":[-1.11771,7.82211,-0.140501],"tool":false,"touchDistance":0.333333,"touchZone":"none","type":3,"width":17.7198},{"bases":[[[0.9888,-0.0865462,0.121591],[-0.0280141,0.692591,0.720787],[-0.146594,-0.71612,0.682409]],[[0.998963,-0.00650185,0.0450732],[0.0318308,0.807517,-0.588985],[-0.0325679,0.589809,0.806886]],[[0.998963,-0.00650185,0.0450732],[0.0381283,-0.4218,-0.905887],[0.0249018,0.906666,-0.421114]],[[0.998963,-0.00650185,0.0450732],[0.0179683,-0.853182,-0.521304],[0.0418451,0.521573,-0.85218]]],"btipPosition":[68.791,236.557,9.0088],"carpPosition":[60.5144,242.491,53.2911],"dipPosition":[69.4981,245.369,-5.38975],"direction":[-0.0249018,-0.906666,0.421114],"extended":false,"handId":466,"id":4664,"length":49.5125,"mcpPosition":[68.8467,283.195,14.5035],"pipPosition":[69.9755,262.752,-13.4635],"stabilizedTipPosition":[67.2765,236.329,2.87412],"timeVisible":12.3465,"tipPosition":[68.959,238.594,5.49847],"tipVelocity":[-2.21844,6.57129,8.10914],"tool":false,"touchDistance":0.333333,"touchZone":"none","type":4,"width":15.7401}],"r":[[0.468221,0.628211,0.621385],[-0.735395,0.66691,-0.120107],[-0.489861,-0.400727,0.774244]],"s":1.19302,"t":[38.053