{"sensorType":"Leap","data":[[0,{"currentFrameRate":55.4975,"devices":[],"gestures":[],"hands":[{"armBasis":[[0.918556,0.391437,-0.0550565],[-0.36386,0.891705,0.269198],[0.154468,-0.227241,0.96151]],"armWidth":62.4607,"confidence":0.760578,"direction":[-0.125739,0.733628,-0.667817],"elbow":[90.392,173.822,302.842],"grabStrength":0,"id":466,"palmNormal":[0.349451,-0.597262,-0.721916],"palmPosition":[37.3962,267.846,8.60406],"palmVelocity":[-12.8967,16.0716,8.32598],"palmWidth":89.1918,"pinchStrength":0.512722,"r":[[0.478137,0.60617,0.635565],[-0.728274,0.678116,-0.0988701],[-0.490919,-0.415592,0.76569]],"s":1.20659,"sphereCenter":[32.4348,251.269,-34.8409],"sphereRadius":46.7413,"stabilizedPalmPosition":[37.6432,267.578,8.43105],"t":[39.6833,27.716,-93.6125],"timeVisible":6.98683,"type":"right","wrist":[49.5098,233.964,48.365]}],"id":1675898,"interactionBox":{"center":[0,200,0],"size":[235.247,235.247,147.751]},"pointables":[{"bases":[[[0.0365234,0.807796,0.58833],[-0.854443,-0.280073,0.437592],[0.518261,-0.518677,0.679986]],[[-0.052357,0.884389,0.463805],[-0.861765,-0.274691,0.426504],[0.504599,-0.37736,0.776518]],[[-0.052357,0.884389,0.463805],[-0.978539,0.0472545,-0.200569],[-0.199298,-0.464352,0.862935]],[[-0.052357,0.884389,0.463805],[-0.66289,0.316582,-0.678493],[-0.746884,-0.342975,0.569677]]],"btipPosition":[26.7897,257.975,-42.0087],"carpPosition":[27.685,216.122,37.897],"dipPosition":[9.65534,250.106,-28.9397],"direction":[0.199298,0.464352,-0.862935],"extended":false,"handId":466,"id":4660,"length":51.0864,"mcpPosition":[27.685,216.122,37.897],"pipPosition":[2.99446,234.587,-0.0988747],"stabilizedTipPosition":[23.0104,256.077,-39.1122],"timeVisible":6.98683,"tipPosition":[22.8974,256.043,-38.9203],"tipVelocity":[-15.1375,12.8248,7.87495],"tool":false,"touchDistance":-0.0687122,"touchZone":"touching","type":0,"width":19.8498},{"bases":[[[0.894187,0.442718,0.0665672],[-0.387098,0.689862,0.611756],[0.224913,-0.572792,0.788241]],[[0.864151,0.502826,-0.0202201],[-0.436388,0.768772,0.467498],[0.250615,-0.395165,0.883763]],[[0.864151,0.502826,-0.0202201],[-0.486143,0.844514,0.224635],[0.130028,-0.184289,0.974233]],[[0.864151,0.502826,-0.0202201],[-0.502175,0.864242,0.0300913],[0.0326058,-0.0158494,0.999343]]],"btipPosition":[-3.39204,300.408,-87.7196],"carpPosition":[27.0088,237.828,46.1622],"dipPosition":[-2.84596,300.143,-70.9827],"direction":[-0.130028,0.184289,-0.974233],"extended":true,"handId":466,"id":4661,"length":57.6453,"mcpPosition":[10.789,279.135,-10.6822],"pipPosition":[0.234766,295.777,-47.9004],"stabilizedTipPosition":[-3.14305,300.339,-83.9501],"timeVisible":6.98683,"tipPosition":[-3.71705,300.908,-83.6076],"tipVelocity":[-13.8484,6.17686,7.12848],"tool":false,"touchDistance":-0.061699,"touchZone":"touching","type":1,"width":18.9605},{"bases":[[[0.969153,0.237126,0.067178],[-0.22532,0.742035,0.63136],[0.0998638,-0.627021,0.772575]],[[0.970957,0.224535,0.0826205],[-0.120304,0.756688,-0.642612],[-0.206807,0.614009,0.761724]],[[0.970957,0.224535,0.0826205],[0.177221,-0.442975,-0.878844],[-0.160732,0.867962,-0.469902]],[[0.970957,0.224535,0.0826205],[0.23696,-0.854787,-0.461723],[-0.0330501,0.467891,-0.883168]]],"btipPosition":[44.9403,225.654,-11.9361],"carpPosition":[36.9096,244.596,47.5227],"dipPosition":[44.3315,234.273,-28.2046],"direction":[0.160732,-0.867962,0.469902],"extended":false,"handId":466,"id":4662,"length":65.6822,"mcpPosition":[30.08,287.477,-5.31304],"pipPosition":[39.8512,258.466,-41.3028],"stabilizedTipPosition":[46.2083,224.897,-17.2801],"timeVisible":6.98683,"tipPosition":[44.9625,227.258,-16.4215],"tipVelocity":[-21.183,19.7089,33.5292],"tool":false,"touchDistance":0.333333,"touchZone":"none","type":2,"width":18.6218},{"bases":[[[0.987495,0.0856536,0.132349],[-0.152204,0.736714,0.658853],[-0.0410706,-0.670758,0.740538]],[[0.988332,0.117312,0.0971434],[-0.0230516,0.745653,-0.665936],[-0.150557,0.655926,0.739657]],[[0.988332,0.117312,0.0971434],[0.14311,-0.496914,-0.855918],[-0.0521374,0.859834,-0.507905]],[[0.988332,0.117312,0.0971434],[0.148328,-0.886223,-0.43887],[0.0346061,0.448158,-0.893284]]],"btipPosition":[58.1417,229.499,0.550791],"carpPosition":[48.244,248.596,48.2636],"dipPosition":[58.7755,237.706,-15.8095],"direction":[0.0521374,-0.859834,0.507905],"extended":false,"handId":466,"id":4663,"length":63.1552,"mcpPosition":[50.7658,289.782,2.79307],"pipPosition":[57.3597,261.055,-29.6014],"stabilizedTipPosition":[59.4364,228.781,-4.4136],"timeVisible":6.98683,"tipPosition":[58.4059,230.973,-4.02414],"tipVelocity":[-17.5984,16.6964,17.8359],"tool":false,"touchDistance":0.333333,"touchZone":"none","type":3,"width":17.7198},{"bases":[[[0.987588,-0.115467,0.106476],[0.000213654,0.678894,0.734236],[-0.157066,-0.7251,0.670492]],[[0.998958,-0.033653,0.0308258],[0.0453109,0.811996,-0.581901],[-0.0054477,0.582691,0.812675]],[[0.998958,-0.033653,0.0308258],[0.0135532,-0.426216,-0.90452],[0.0435783,0.903995,-0.425316]],[[0.998958,-0.033653,0.0308258],[-0.0129306,-0.856487,-0.516006],[0.0437671,0.51507,-0.85603]]],"btipPosition":[69.4496,241.297,2.95747],"carpPosition":[61.9083,246.314,46.6175],"dipPosition":[70.1891,250,-11.5061],"direction":[-0.0435783,-0.903995,0.425316],"extended":false,"handId":466,"id":4664,"length":49.5125,"mcpPosition":[70.8358,287.528,8.50725],"pipPosition":[71.0246,267.332,-19.6604],"stabilizedTipPosition":[70.4278,240.462,-1.23259],"timeVisible":6.98683,"tipPosition":[69.613,243.012,-0.929941],"tipVelocity":[-15.3286,17.7475,12.7168],"tool":false,"touchDistance":0.333333,"touchZone":"none","type":4,"width":15.7401}],"r":[[0.478137,0.60617,0.635565],[-0.728274,0.678116,-0.0988701],[-0.490919,-0.415592,0.76569]],"s":1.20659,"t":[39.6833,27.716,-93.6125],"timestamp":93333253422},false],[1,{"currentFrameRate":55.4735,"devices":[],"gestures":[],"hands":[{"armBasis":[[0.917307,0.39454,-0.0537171],[-0.366719,0.889664,0.272057],[0.155128,-0.229861,0.960781]],"armWidth":62.4607,"confidence":0.76255,"direction":[-0.128459,0.733052,-0.667932],"elbow":[90.3491,173.416,302.91],"grabStrength":0,"id":466,"palmNormal":[0.350885,-0.59635,-0.721974],"palmPosition":[37.0477,268.085,8.86327],"palmVelocity":[-15.916,14.7137,11.1752],"palmWidth":89.1918,"pinchStrength":0.510001,"r":[[0.479481,0.605678,0.635022],[-0.727919,0.678669,-0.097684],[-0.490134,-0.415407,0.766293]],"s":1.20644,"sphereCenter":[32.1537,251.486,-34.5808],"sphereRadius":46.7257,"stabilizedPalmPosition":[37.4135,267.774,8.59776],"t":[39.3906,27.9756,-93.4041],"timeVisible":7.00494,"type":"right","wrist":[49.2924,234.252,48.6256]}],"id":1675899,"interactionBox":{"center":[0,200,0],"size":[235.247,235.247,147.751]},"pointables":[{"bases":[[[0.0343421,0.808063,0.588095],[-0.853287,-0.282645,0.438193],[0.52031,-0.516862,0.679803]],[[-0.0547331,0.884255,0.463786],[-0.860331,-0.277511,0.427573],[0.506789,-0.375607,0.775941]],[[-0.0547331,0.884255,0.463786],[-0.97898,0.0438742,-0.199184],[-0.196477,-0.464939,0.863266]],[[-0.0547331,0.884255,0.463786],[-0.667122,0.313214,-0.675903],[-0.742935,-0.346396,0.572763]]],"btipPosition":[26.3301,258.204,-41.7835],"carpPosition":[27.5175,216.339,38.1758],"dipPosition":[9.28636,250.257,-28.6437],"direction":[0.196477,0.464939,-0.863266],"extended":false,"handId":466,"id":4660,"length":51.0864,"mcpPosition":[27.5175,216.339,38.1758],"pipPosition":[2.71974,234.718,0.208164],"stabilizedTipPosition":[22.6763,256.243,-38.917],"timeVisible":7.00494,"tipPosition":[22.4939,256.248,-38.6704],"tipVelocity":[-19.4627,12.2681,10.4727],"tool":false,"touchDistance":-0.0646876,"touchZone":"touching","type":0,"width":19.8498},{"bases":[[[0.892829,0.445549,0.0658994],[-0.388891,0.688802,0.611813],[0.227201,-0.571872,0.788253]],[[0.86261,0.505444,-0.0207407],[-0.438589,0.767686,0.467223],[0.252077,-0.393935,0.883896]],[[0.86261,0.505444,-0.0207407],[-0.488677,0.843191,0.224106],[0.130761,-0.183181,0.974344]],[[0.86261,0.505444,-0.0207407],[-0.504807,0.862731,0.0294019],[0.0327546,-0.0148923,0.999352]]],"btipPosition":[-3.86922,300.465,-87.4554],"carpPosition":[26.778,238.044,46.4357],"dipPosition":[-3.32064,300.215,-70.7183],"direction":[-0.130761,0.183181,-0.974344],"extended":true,"handId":466,"id":4661,"length":57.6453,"mcpPosition":[10.3933,279.285,-10.4096],"pipPosition":[-0.222549,295.875,-47.6334],"stabilizedTipPosition":[-3.49036,300.379,-83.7508],"timeVisible":7.00494,"tipPosition":[-4.19358,300.96,-83.3466],"tipVelocity":[-19.7818,4.81411,10.6802],"tool":false,"touchDistance":-0.0572946,"touchZone":"touching","type":1,"width":18.9605},{"bases":[[[0.968443,0.240194,0.0665181],[-0.227266,0.741489,0.631303],[0.102313,-0.626499,0.772678]],[[0.970306,0.22754,0.0820516],[-0.122769,0.755565,-0.643467],[-0.20841,0.614286,0.761064]],[[0.970306,0.22754,0.0820516],[0.178689,-0.445677,-0.877179],[-0.163025,0.865793,-0.473102]],[[0.970306,0.22754,0.0820516],[0.23949,-0.856155,-0.457868],[-0.0339345,0.463923,-0.885225]]],"btipPosition":[44.6774,225.987,-11.5193],"carpPosition":[36.6583,244.844,47.7883],"dipPosition":[44.0523,234.532,-27.8257],"direction":[0.163025,-0.865793,0.473102],"extended":false,"handId":466,"id":4662,"length":65.6822,"mcpPosition":[29.6612,287.69,-5.05448],"pipPosition":[39.5081,258.666,-41.0131],"stabilizedTipPosition":[46.0919,225.109,-17.1404],"timeVisible":7.00494,"tipPosition":[44.6976,227.576,-16.0224],"tipVelocity":[-18.1094,18.6388,28.2997],"tool":false,"touchDistance":0.333333,"touchZone":"none","type":2,"width":18.6218},{"bases":[[[0.987302,0.0887973,0.131718],[-0.154117,0.736406,0.658752],[-0.0385026,-0.670687,0.74074]],[[0.988017,0.120538,0.096403],[-0.0266417,0.748396,-0.662717],[-0.15203,0.652207,0.742639]],[[0.988017,0.120538,0.096403],[0.143847,-0.49268,-0.858239],[-0.0559547,0.861822,-0.504115]],[[0.988017,0.120538,0.096403],[0.150981,-0.884499,-0.441437],[0.0320583,0.450702,-0.892098]]],"btipPosition":[57.9353,229.841,0.540755],"carpPosition":[47.9805,248.88,48.5212],"dipPosition":[58.5225,238.095,-15.7978],"direction":[0.0559547,-0.861822,0.504115],"extended":false,"handId":466,"id":4663,"length":63.1552,"mcpPosition":[50.3447,290.062,3.03827],"pipPosition":[57.0031,261.498,-29.4868],"stabilizedTipPosition":[59.288,229.102,-4.28361],"timeVisible":7.00494,"tipPosition":[58.1715,231.339,-3.87245],"tipVelocity":[-14.9287,18.0233,9.21691],"tool":false,"touchDistance":0.333333,"touchZone":"none","type":3,"width":17.7198},{"bases":[[[0.988012,-0.112329,0.105898],[-0.00147182,0.679086,0.734057],[-0.154369,-0.725413,0.67078]],[[0.999077,-0.0305212,0.0302387],[0.042426,0.811892,-0.582264],[-0.00677922,0.583009,0.812437]],[[0.999077,-0.0305212,0.0302387],[0.0142843,-0.427811,-0.903755],[0.0405201,0.903353,-0.42698]],[[0.999077,-0.0305212,0.0302387],[-0.0106466,-0.857734,-0.513984],[0.0416242,0.513188,-0.857266]]],"btipPosition":[69.1799,241.675,3.25194],"carpPosition":[61.6509,246.641,46.8673],"dipPosition":[69.8832,250.346,-11.2326],"direction":[-0.0405201,-0.903353,0.42698],"extended":false,"handId":466,"id":4664,"length":49.5125,"mcpPosition":[70.4251,287.872,8.74067],"pipPosition":[70.6601,267.665,-19.4187],"stabilizedTipPosition":[70.3108,240.808,-1.10837],"timeVisible":7.00494,"tipPosition":[69.3363,243.38,-0.638396],"tipVelocity":[-15.3395,19.033,14.2768],"tool":false,"touchDistance":0.333333,"touchZone":"none","type":4,"width":15.7401}],"r":[[0.479481,0.605678,0.635022],[-0.727919,0.678669,-0.097684],[-0.490134,-0.415407,0.766293]],"s":1.20644,"t":[39.3906,27.9756,-93.4041],"timestamp":93333271531},false],[2,{"currentFrameRate":55.5,"devices":[],"gestures":[],"hands":[{"armBasis":[[0.915742,0.398076,-0.0543245],[-0.36992,0.888172,0.272597],[0.156764,-0.229533,0.960593]],"armWidth":62.4607,"confidence":0.764339,"direction":[-0.130677,0.73249,-0.668118],"elbow":[90.483,173.804,303.047],"grabStrength":0,"id":466,"palmNormal":[0.35321,-0.595282,-0.721721],"palmPosition":[36.65,268.337,9.03901],"palmVelocity":[-18.8797,14.401,10.527],"palmWidth":89.1918,"pinchStrength":0.505839,"r":[[0.48009,0.605634,0.634603],[-0.728088,0.678612,-0.0968199],[-0.489286,-0.415564,0.76675]],"s":1.20622,"sphereCenter":[31.8888,251.71,-34.4275],"sphereRadius":46.7074,"stabilizedPalmPosition":[37.1546,267.965,8.7474],"t":[39.0454,28.2314,-93.212],"timeVisible":7.02287,"type":"right","wrist":[48.9933,234.553,48.8125]}],"id":1675900,"interactionBox":{"center":[0,200,0],"size":[235.247,235.247,147.751]},"pointables":[{"bases":[[[0.0313495,0.80828,0.587963],[-0.852501,-0.285469,0.437892],[0.521785,-0.514967,0.68011]],[[-0.0576278,0.883929,0.464056],[-0.858797,-0.280914,0.428433],[0.509065,-0.37384,0.775304]],[[-0.0576278,0.883929,0.464056],[-0.979374,0.0401151,-0.198032],[-0.193662,-0.465897,0.863386]],[[-0.0576278,0.883929,0.464056],[-0.671946,0.309437,-0.672857],[-0.738354,-0.350596,0.576121]]],"btipPosition":[25.7858,258.471,-41.6522],"carpPosition":[27.2837,216.564,38.3569],"dipPosition":[8.84719,250.428,-28.4354],"direction":[0.193662,0.465897,-0.863386],"extended":false,"handId":466,"id":4660,"length":51.0864,"mcpPosition":[27.2837,216.564,38.3569],"pipPosition":[2.37466,234.857,0.420466],"stabilizedTipPosition":[22.2787,256.434,-38.7629],"timeVisible":7.02287,"tipPosition":[22.0371,256.482,-38.5167],"tipVelocity":[-23.9735,12.9237,9.45154],"tool":false,"touchDistance":-0.0622044,"touchZone":"touching","type":0,"width":19.8498},{"bases":[[[0.89128,0.448596,0.0661868],[-0.391485,0.687585,0.611528],[0.22882,-0.570954,0.788449]],[[0.860973,0.508247,-0.0202848],[-0.441492,0.766507,0.466425],[0.252607,-0.392623,0.884328]],[[0.860973,0.508247,-0.0202848],[-0.491656,0.841766,0.222948],[0.130387,-0.181979,0.974619]],[[0.860973,0.508247,-0.0202848],[-0.507661,0.8611,0.0280333],[0.031715,-0.0138381,0.999401]]],"btipPosition":[-4.29306,300.521,-87.3182],"carpPosition":[26.467,238.268,46.6127],"dipPosition":[-3.7619,300.289,-70.5802],"direction":[-0.130387,0.181979,-0.974619],"extended":true,"handId":466,"id":4661,"length":57.6453,"mcpPosition":[9.96546,279.443,-10.2469],"pipPosition":[-0.672671,295.978,-47.4889],"stabilizedTipPosition":[-3.84346,300.425,-83.6043],"timeVisible":7.02287,"tipPosition":[-4.62413,301.014,-83.212],"tipVelocity":[-21.7113,4.13127,9.25537],"tool":false,"touchDistance":-0.0550047,"touchZone":"touching","type":1,"width":18.9605},{"bases":[[[0.967593,0.2435,0.0668738],[-0.230049,0.740824,0.631076],[0.104125,-0.626009,0.772833]],[[0.969501,0.23079,0.0824894],[-0.124774,0.754461,-0.644376],[-0.210951,0.61443,0.760247]],[[0.969501,0.23079,0.0824894],[0.181065,-0.447623,-0.875699],[-0.165179,0.863927,-0.475758]],[[0.969501,0.23079,0.0824894],[0.242682,-0.856919,-0.454746],[-0.0342643,0.460896,-0.886793]]],"btipPosition":[44.4049,226.312,-11.2086],"carpPosition":[36.3236,245.102,47.9681],"dipPosition":[43.7737,234.802,-27.5438],"direction":[0.165179,-0.863927,0.475758],"extended":false,"handId":466,"id":4662,"length":65.6822,"mcpPosition":[29.2025,287.914,-4.88532],"pipPosition":[39.1695,258.883,-40.8053],"stabilizedTipPosition":[45.9926,225.28,-17.0225],"timeVisible":7.02287,"tipPosition":[44.4251,227.895,-15.7248],"tipVelocity":[-16.7728,18.0633,22.9429],"tool":false,"touchDistance":0.333333,"touchZone":"none","type":2,"width":18.6218},{"bases":[[[0.98694,0.09218,0.132109],[-0.156894,0.735995,0.658556],[-0.0365258,-0.670682,0.740845]],[[0.987558,0.124089,0.0965955],[-0.0303336,0.75305,-0.657264],[-0.1543,0.646156,0.747445]],[[0.987558,0.124089,0.0965955],[0.145366,-0.486083,-0.861738],[-0.0599784,0.865058,-0.498074]],[[0.987558,0.124089,0.0965955],[0.154373,-0.882044,-0.44516],[0.0299622,0.454533,-0.890226]]],"btipPosition":[57.7122,230.244,0.309198],"carpPosition":[47.6317,249.177,48.7049],"dipPosition":[58.2609,238.568,-15.9951],"direction":[0.0599784,-0.865058,0.498074],"extended":false,"handId":466,"id":4663,"length":63.1552,"mcpPosition":[49.8744,290.358,3.21552],"pipPosition":[56.6322,262.059,-29.52],"stabilizedTipPosition":[59.13,229.435,-4.19176],"timeVisible":7.02287,"tipPosition":[57.9165,231.765,-3.87875],"tipVelocity":[-13.9902,20.5524,-1.03107],"tool":false,"touchDistance":0.333333,"touchZone":"none","type":3,"width":17.7198},{"bases":[[[0.988345,-0.108947,0.106325],[-0.0040855,0.679209,0.733934],[-0.152177,-0.725814,0.670847]],[[0.999164,-0.0270909,0.0306328],[0.0398677,0.812052,-0.582222],[-0.00910254,0.582956,0.812453]],[[0.999164,-0.0270909,0.0306328],[0.0161032,-0.42791,-0.903678],[0.0375896,0.903415,-0.427116]],[[0.999164,-0.0270909,0.0306328],[-0.00751224,-0.857934,-0.513706],[0.0401977,0.513046,-0.85742]]],"btipPosition":[68.8755,242.043,3.44251],"carpPosition":[61.3102,246.983,47.057],"dipPosition":[69.5546,250.712,-11.0446],"direction":[-0.0375896,-0.903415,0.427116],"extended":false,"handId":466,"id":4664,"length":49.5125,"mcpPosition":[69.9598,288.238,8.92659],"pipPosition":[70.2753,268.032,-19.2333],"stabilizedTipPosition":[70.1914,241.109,-0.994567],"timeVisible":7.02287,"tipPosition":[69.027,243.749,-0.439651],"tipVelocity":[-16.262,19.7348,12.5386],"tool":false,"touchDistance":0.333333,"touchZone":"none","type":4,"width":15.7401}],"r":[[0.48009,0.605634,0.634603],[-0.728088,0.678612,-0.0968199],[-0.489286,-0.415564,0.76675]],"s":1.20622,"t":[39.0454,28.2314,-93.212],"timestamp":93333289458},false],[3,{"currentFrameRate":55.4713,"devices":[],"gestures":[],"hands":[{"armBasis":[[0.914161,0.401755,-0.0538801],[-0.373341,0.886269,0.274122],[0.157882,-0.230476,0.960184]],"armWidth":62.4607,"confidence":0.776422,"direction":[-0.132704,0.731977,-0.668281],"elbow":[90.5105,173.773,303.129],"grabStrength":0,"id":466,"palmNormal":[0.35582,-0.594116,-0.7214],"palmPosition":[36.2948,268.51,9.21694],"palmVelocity":[-19.2188,12.0718,10.1887],"palmWidth":89.1918,"pinchStrength":0.504197,"r":[[0.480062,0.605942,0.63433],[-0.728677,0.67806,-0.0962512],[-0.488436,-0.416015,0.767047]],"s":1.20602,"sphereCenter":[31.6529,251.858,-34.2688],"sphereRadius":46.6998,"stabilizedPalmPosition":[36.8933,268.13,8.89008],"t":[38.6952,28.4455,-93.027],"timeVisible":7.041,"type":"right","wrist":[48.7248,234.772,49.0028]}],"id":1675901,"interactionBox":{"center":[0,200,0],"size":[235.247,235.247,147.751]},"pointables":[{"bases":[[[0.0281021,0.808433,0.587916],[-0.851841,-0.288383,0.437268],[0.523047,-0.513099,0.680552]],[[-0.06094,0.883691,0.464087],[-0.857673,-0.284193,0.428523],[0.510572,-0.37192,0.775236]],[[-0.06094,0.883691,0.464087],[-0.979547,0.03638,-0.197899],[-0.191765,-0.466655,0.8634]],[[-0.06094,0.883691,0.464087],[-0.67547,0.305801,-0.670989],[-0.734865,-0.354367,0.578271]]],"btipPosition":[25.3705,258.631,-41.5234],"carpPosition":[27.0856,216.707,38.5322],"dipPosition":[8.51191,250.502,-28.2573],"direction":[0.191765,0.466655,-0.8634],"extended":false,"handId":466,"id":4660,"length":51.0864,"mcpPosition":[27.0856,216.707,38.5322],"pipPosition":[2.10278,234.905,0.599072],"stabilizedTipPosition":[21.9124,256.587,-38.6274],"timeVisible":7.041,"tipPosition":[21.6777,256.621,-38.3701],"tipVelocity":[-22.9852,10.466,8.63278],"tool":false,"touchDistance":-0.0598686,"touchZone":"touching","type":0,"width":19.8498},{"bases":[[[0.889671,0.451686,0.0668267],[-0.39433,0.686276,0.61117],[0.230195,-0.570092,0.788673]],[[0.859253,0.511175,-0.0195991],[-0.444529,0.765087,0.465871],[0.253137,-0.391589,0.884635]],[[0.859253,0.511175,-0.0195991],[-0.49474,0.840147,0.222226],[0.130063,-0.181252,0.974798]],[[0.859253,0.511175,-0.0195991],[-0.510625,0.859372,0.0272169],[0.0307555,-0.0133784,0.999437]]],"btipPosition":[-4.67032,300.531,-87.1793],"carpPosition":[26.1874,238.409,46.7854],"dipPosition":[-4.15523,300.307,-70.4408],"direction":[-0.130063,0.181252,-0.974798],"extended":true,"handId":466,"id":4661,"length":57.6453,"mcpPosition":[9.58674,279.521,-10.0902],"pipPosition":[-1.0737,296.012,-47.3452],"stabilizedTipPosition":[-4.18048,300.451,-83.4735],"timeVisible":7.041,"tipPosition":[-5.00358,301.017,-83.0766],"tipVelocity":[-21.3808,2.4674,8.50004],"tool":false,"touchDistance":-0.0526879,"touchZone":"touching","type":1,"width":18.9605},{"bases":[[[0.966692,0.246856,0.0675896],[-0.233094,0.740076,0.630836],[0.105704,-0.625579,0.772967]],[[0.968635,0.234134,0.0832325],[-0.126982,0.754315,-0.644115],[-0.213593,0.613344,0.760387]],[[0.968635,0.234134,0.0832325],[0.183278,-0.446983,-0.875566],[-0.167796,0.863358,-0.475875]],[[0.968635,0.234134,0.0832325],[0.245999,-0.856254,-0.454218],[-0.0350795,0.460447,-0.886994]]],"btipPosition":[44.2054,226.533,-11.0377],"carpPosition":[36.0193,245.276,48.1478],"dipPosition":[43.5592,235.014,-27.3766],"direction":[0.167796,-0.863358,0.475875],"extended":false,"handId":466,"id":4662,"length":65.6822,"mcpPosition":[28.7902,288.059,-4.71476],"pipPosition":[38.882,259.08,-40.6414],"stabilizedTipPosition":[45.9009,225.432,-16.9171],"timeVisible":7.041,"tipPosition":[44.222,228.114,-15.5301],"tipVelocity":[-14.1178,15.211,16.4863],"tool":false,"touchDistance":0.333333,"touchZone":"none","type":2,"width":18.6218},{"bases":[[[0.986514,0.0956086,0.132853],[-0.159944,0.735503,0.658372],[-0.0347674,-0.670742,0.740875]],[[0.987046,0.127638,0.0972005],[-0.0331316,0.754964,-0.654929],[-0.156977,0.643225,0.749413]],[[0.987046,0.127638,0.0972005],[0.147452,-0.48297,-0.863133],[-0.0632235,0.866285,-0.495534]],[[0.987046,0.127638,0.0972005],[0.157866,-0.880684,-0.446625],[0.0285968,0.456184,-0.889426]]],"btipPosition":[57.5155,230.526,0.325467],"carpPosition":[47.3126,249.391,48.8929],"dipPosition":[58.0392,238.881,-15.9641],"direction":[0.0632235,-0.866285,0.495534],"extended":false,"handId":466,"id":4663,"length":63.1552,"mcpPosition":[49.4474,290.575,3.40161],"pipPosition":[56.3224,262.404,-29.4201],"stabilizedTipPosition":[58.9672,229.763,-4.1078],"timeVisible":7.041,"tipPosition":[57.7031,232.066,-3.76181],"tipVelocity":[-12.6468,18.3664,-0.024284],"tool":false,"touchDistance":0.333333,"touchZone":"none","type":3,"width":17.7198},{"bases":[[[0.988635,-0.105514,0.107087],[-0.00699694,0.679252,0.733872],[-0.150173,-0.72628,0.670794]],[[0.999234,-0.023505,0.0312826],[0.0373178,0.812878,-0.581237],[-0.011767,0.581959,0.813133]],[[0.999234,-0.023505,0.0312826],[0.0182646,-0.426852,-0.904137],[0.0346047,0.904016,-0.426096]],[[0.999234,-0.023505,0.0312826],[-0.00407552,-0.857642,-0.51423],[0.0389162,0.513709,-0.857081]]],"btipPosition":[68.6225,242.343,3.59525],"carpPosition":[60.9999,247.244,47.2556],"dipPosition":[69.2801,251.023,-10.8861],"direction":[-0.0346047,-0.904016,0.426096],"extended":false,"handId":466,"id":4664,"length":49.5125,"mcpPosition":[69.5357,288.525,9.12816],"pipPosition":[69.9435,268.355,-19.0553],"stabilizedTipPosition":[70.0711,241.383,-0.88778],"timeVisible":7.041,"tipPosition":[68.7681,244.054,-0.247566],"tipVelocity":[-15.2942,18.2713,10.6153],"tool":false,"touchDistance":0.333333,"touchZone":"none","type":4,"width":15.7401}],"r":[[0.480062,0.605942,0.63433],[-0.728677,0.67806,-0.0962512],[-0.488436,-0.416015,0.767047]],"s":1.20602,"t":[38.6952,28.4455,-93.027],"timestamp":93333307584},false],[4,{"currentFrameRate":55.4719,"devices":[],"gestures":[],"hands":[{"armBasis":[[0.912824,0.404836,-0.0534754],[-0.376242,0.884704,0.27521],[0.158725,-0.231099,0.959896]],"armWidth":62.4607,"confidence":0.787596,"direction":[-0.134129,0.731611,-0.668397],"elbow":[90.519,173.752,303.219],"grabStrength":0,"id":466,"palmNormal":[0.358225,-0.593083,-0.72106],"palmPosition":[36.0235,268.619,9.37191],"palmVelocity":[-17.243,9.22684,9.434],"palmWidth":89.1918,"pinchStrength":0.504449,"r":[[0.479567,0.60646,0.634209],[-0.729515,0.677203,-0.0959374],[-0.48767,-0.416657,0.767186]],"s":1.20579,"sphereCenter":[31.5018,251.949,-34.1414],"sphereRadius":46.6921,"stabilizedPalmPosition":[36.6621,268.26,9.01815],"t":[38.3844,28.6072,-92.857],"timeVisible":7.05902,"type":"right","wrist":[48.5102,234.916,49.1693]}],"id":1675902,"interactionBox":{"center":[0,200,0],"size":[235.247,235.247,147.751]},"pointables":[{"bases":[[[0.0252165,0.808497,0.58796],[-0.851447,-0.290819,0.436419],[0.523834,-0.511622,0.681059]],[[-0.0639102,0.883498,0.464054],[-0.856879,-0.286938,0.428281],[0.511541,-0.370267,0.775389]],[[-0.0639102,0.883498,0.464054],[-0.979632,0.0331584,-0.198046],[-0.19036,-0.46726,0.863384]],[[-0.0639102,0.883498,0.464054],[-0.678909,0.302326,-0.66909],[-0.731435,-0.357813,0.580494]]],"btipPosition":[25.0449,258.732,-41.4366],"carpPosition":[26.933,216.79,38.677],"dipPosition":[8.26495,250.524,-28.1194],"direction":[0.19036,0.46726,-0.863384],"extended":false,"handId":466,"id":4660,"length":51.0864,"mcpPosition":[26.933,216.79,38.677],"pipPosition":[1.90278,234.907,0.736396],"stabilizedTipPosition":[21.603,256.696,-38.5194],"timeVisible":7.05902,"tipPosition":[21.405,256.706,-38.2599],"tipVelocity":[-20.1761,7.6846,7.13309],"tool":false,"touchDistance":-0.0582252,"touchZone":"touching","type":0,"width":19.8498},{"bases":[[[0.888313,0.454218,0.0677153],[-0.396888,0.685136,0.610794],[0.231039,-0.569452,0.788889]],[[0.857817,0.513613,-0.0187254],[-0.447201,0.763862,0.465324],[0.2533,-0.390789,0.884942]],[[0.857817,0.513613,-0.0187254],[-0.497376,0.838774,0.221531],[0.129487,-0.180719,0.974974]],[[0.857817,0.513613,-0.0187254],[-0.513099,0.857922,0.0264406],[0.0296452,-0.0130732,0.999475]]],"btipPosition":[-4.92849,300.513,-87.0682],"carpPosition":[25.9648,238.489,46.9298],"dipPosition":[-4.43199,300.294,-70.3291],"direction":[-0.129487,0.180719,-0.974974],"extended":true,"handId":466,"id":4661,"length":57.6453,"mcpPosition":[9.30324,279.555,-9.96142],"pipPosition":[-1.36408,296.012,-47.2293],"stabilizedTipPosition":[-4.45228,300.456,-83.364],"timeVisible":7.05902,"tipPosition":[-5.26318,300.995,-82.9686],"tipVelocity":[-18.146,0.86316,7.39541],"tool":false,"touchDistance":-0.0508341,"touchZone":"touching","type":1,"width":18.9605},{"bases":[[[0.965917,0.249608,0.0685503],[-0.235826,0.739395,0.63062],[0.106722,-0.625293,0.773058]],[[0.967883,0.236878,0.0842117],[-0.128985,0.755418,-0.642423],[-0.215791,0.610928,0.761709]],[[0.967883,0.236878,0.0842117],[0.185152,-0.445052,-0.876155],[-0.170063,0.863607,-0.474617]],[[0.967883,0.236878,0.0842117],[0.248868,-0.855344,-0.454369],[-0.0355999,0.460733,-0.886824]]],"btipPosition":[44.0688,226.723,-10.9904],"carpPosition":[35.7757,245.384,48.302],"dipPosition":[43.4131,235.21,-27.3263],"direction":[0.170063,-0.863607,0.474617],"extended":false,"handId":466,"id":4662,"length":65.6822,"mcpPosition":[28.477,288.147,-4.56681],"pipPosition":[38.6727,259.282,-40.5559],"stabilizedTipPosition":[45.809,225.582,-16.8165],"timeVisible":7.05902,"tipPosition":[44.0783,228.303,-15.4005],"tipVelocity":[-11.0743,13.0338,9.92986],"tool":false,"touchDistance":0.333333,"touchZone":"none","type":2,"width":18.6218},{"bases":[[[0.986105,0.0984169,0.13383],[-0.16269,0.735029,0.658228],[-0.033588,-0.670855,0.740827]],[[0.98658,0.130525,0.0980925],[-0.0351158,0.756342,-0.653233],[-0.159455,0.641022,0.750776]],[[0.98658,0.130525,0.0980925],[0.149444,-0.479882,-0.864511],[-0.0657678,0.867569,-0.492948]],[[0.98658,0.130525,0.0980925],[0.160917,-0.879045,-0.448761],[0.0276531,0.458524,-0.888252]]],"btipPosition":[57.3819,230.692,0.34247],"carpPosition":[47.0565,249.531,49.0583],"dipPosition":[57.8883,239.089,-15.9256],"direction":[0.0657678,-0.867569,0.492948],"extended":false,"handId":466,"id":4663,"length":63.1552,"mcpPosition":[49.1189,290.722,3.57003],"pipPosition":[56.1024,262.648,-29.3114],"stabilizedTipPosition":[58.8131,230.063,-4.03344],"timeVisible":7.05902,"tipPosition":[57.5557,232.263,-3.66157],"tipVelocity":[-10.2689,14.2762,0.564685],"tool":false,"touchDistance":0.333333,"touchZone":"none","type":3,"width":17.7198},{"bases":[[[0.988825,-0.102699,0.108063],[-0.00965845,0.679213,0.733878],[-0.148766,-0.726721,0.670631]],[[0.999273,-0.0205145,0.0321377],[0.0353628,0.813789,-0.580084],[-0.0142532,0.580798,0.813923]],[[0.999273,-0.0205145,0.0321377],[0.0203711,-0.425239,-0.904852],[0.0322288,0.904849,-0.424512]],[[0.999273,-0.0205145,0.0321377],[-0.00101639,-0.856943,-0.515411],[0.0381136,0.515003,-0.85634]]],"btipPosition":[68.4394,242.549,3.71321],"carpPosition":[60.7515,247.423,47.4345],"dipPosition":[69.0834,251.251,-10.7556],"direction":[-0.0322288,-0.904849,0.424512],"extended":false,"handId":466,"id":4664,"length":49.5125,"mcpPosition":[69.2072,288.73,9.31639],"pipPosition":[69.7012,268.599,-18.8945],"stabilizedTipPosition":[69.9582,241.624,-0.790872],"timeVisible":7.05902,"tipPosition":[68.5803,244.273,-0.0821098],"tipVelocity":[-12.9418,15.1721,8.76046],"tool":false,"touchDistance":0.333333,"touchZone":"none","type":4,"width":15.7401}],"r":[[0.479567,0.60646,0.634209],[-0.729515,0.677203,-0.0959374],[-0.48767,-0.416657,0.767186]],"s":1.20579,"t":[38.3844,28.6072,-92.857],"timestamp":93333325609},false],[5,{"currentFrameRate":55.4685,"devices":[],"gestures":[],"hands":[{"armBasis":[[0.910772,0.409614,-0.0520592],[-0.381201,0.882574,0.275225],[0.158682,-0.230822,0.959969]],"armWidth":62.4607,"confidence":0.789906,"direction":[-0.136409,0.732116,-0.667382],"elbow":[90.1315,174.064,303.365],"grabStrength":0,"id":466,"palmNormal":[0.362704,-0.589993,-0.721355],"palmPosition":[35.5612,268.865,9.53218],"palmVelocity":[-21.2216,11.3112,9.1732],"palmWidth":89.1918,"pinchStrength":0.510966,"r":[[0.478296,0.60713,0.634528],[-0.730824,0.675816,-0.0957524],[-0.486959,-0.417931,0.766945]],"s":1.20517,"sphereCenter":[31.2789,252.219,-34.095],"sphereRadius":46.6797,"stabilizedPalmPosition":[36.3903,268.41,9.14508],"t":[37.9979,28.8109,-92.6919],"timeVisible":7.07706,"type":"right","wrist":[48.1341,235.154,49.296]}],"id":1675903,"interactionBox":{"center":[0,200,0],"size":[235.247,235.247,147.751]},"pointables":[{"bases":[[[0.0199263,0.807566,0.58944],[-0.850883,-0.295867,0.43412],[0.524977,-0.510195,0.681249]],[[-0.0688438,0.882006,0.466182],[-0.855139,-0.29284,0.427763],[0.513807,-0.369202,0.774398]],[[-0.0688438,0.882006,0.466182],[-0.979807,0.0281506,-0.197954],[-0.18772,-0.470396,0.862258]],[[-0.0688438,0.882006,0.466182],[-0.683367,0.298753,-0.666151],[-0.726822,-0.364434,0.582166]]],"btipPosition":[24.4771,259.086,-41.3393],"carpPosition":[26.6702,216.938,38.7265],"dipPosition":[7.803,250.725,-27.9838],"direction":[0.18772,0.470396,-0.862258],"extended":false,"handId":466,"id":4660,"length":51.0864,"mcpPosition":[26.6702,216.938,38.7265],"pipPosition":[1.52907,235.004,0.834377],"stabilizedTipPosition":[21.2154,256.885,-38.4178],"timeVisible":7.07706,"tipPosition":[20.936,257.012,-38.1584],"tipVelocity":[-24.8967,12.4119,6.53828],"tool":false,"touchDistance":-0.0564574,"touchZone":"touching","type":0,"width":19.8498},{"bases":[[[0.885876,0.458552,0.0703792],[-0.4016,0.682047,0.611171],[0.232252,-0.569686,0.788363]],[[0.855288,0.517907,-0.0159587],[-0.452102,0.760953,0.465354],[0.253154,-0.390796,0.884981]],[[0.855288,0.517907,-0.0159587],[-0.502117,0.836028,0.221215],[0.127911,-0.181189,0.975094]],[[0.855288,0.517907,-0.0159587],[-0.517447,0.855324,0.0258773],[0.0270519,-0.0138748,0.999538]]],"btipPosition":[-5.31808,300.684,-86.9501],"carpPosition":[25.5757,238.617,47.0156],"dipPosition":[-4.86502,300.451,-70.2099],"direction":[-0.127911,0.181189,-0.975094],"extended":true,"handId":466,"id":4661,"length":57.6453,"mcpPosition":[8.82669,279.701,-9.83772],"pipPosition":[-1.83446,296.158,-47.1072],"stabilizedTipPosition":[-4.75591,300.525,-83.2587],"timeVisible":7.07706,"tipPosition":[-5.66307,301.157,-82.8528],"tipVelocity":[-20.046,4.8598,7.00045],"tool":false,"touchDistance":-0.0488608,"touchZone":"touching","type":1,"width":18.9605},{"bases":[[[0.964506,0.254334,0.071015],[-0.240854,0.737078,0.631431],[0.10825,-0.626123,0.772174]],[[0.966507,0.241554,0.0866959],[-0.133638,0.76209,-0.633529],[-0.219102,0.600725,0.768846]],[[0.966507,0.241554,0.0866959],[0.187653,-0.43471,-0.880803],[-0.175074,0.867571,-0.465478]],[[0.966507,0.241554,0.0866959],[0.253921,-0.850999,-0.4597],[-0.0372642,0.466317,-0.883832]]],"btipPosition":[43.8643,227.224,-11.4584],"carpPosition":[35.3489,245.56,48.4205],"dipPosition":[43.1779,235.814,-27.7391],"direction":[0.175074,-0.867571,0.465478],"extended":false,"handId":466,"id":4662,"length":65.6822,"mcpPosition":[27.9457,288.38,-4.38777],"pipPosition":[38.2978,259.997,-40.7141],"stabilizedTipPosition":[45.6986,225.772,-16.7318],"timeVisible":7.07706,"tipPosition":[43.85,228.806,-15.5758],"tipVelocity":[-11.3837,20.6513,-6.75862],"tool":false,"touchDistance":0.333333,"touchZone":"none","type":2,"width":18.6218},{"bases":[[[0.985317,0.10313,0.136069],[-0.167755,0.733031,0.659184],[-0.0317615,-0.672332,0.739568]],[[0.985703,0.135384,0.1003],[-0.0385136,0.760568,-0.648116],[-0.164029,0.634987,0.754908]],[[0.985703,0.135384,0.1003],[0.153143,-0.47166,-0.86838],[-0.0702576,0.871326,-0.48565]],[[0.985703,0.135384,0.1003],[0.166451,-0.874772,-0.455047],[0.0261334,0.465236,-0.884801]]],"btipPosition":[57.1705,231.053,0.126923],"carpPosition":[46.6071,249.761,49.2078],"dipPosition":[57.6491,239.573,-16.078],"direction":[0.0702576,-0.871326,0.48565],"extended":false,"handId":466,"id":4663,"length":63.1552,"mcpPosition":[48.5574,291.044,3.79683],"pipPosition":[55.7413,263.234,-29.2656],"stabilizedTipPosition":[58.6637,230.351,-3.99121],"timeVisible":7.07706,"tipPosition":[57.3206,232.683,-3.71323],"tipVelocity":[-11.1251,17.7376,-4.99058],"tool":false,"touchDistance":0.333333,"touchZone":"none","type":3,"width":17.7198},{"bases":[[[0.989101,-0.0979236,0.109952],[-0.0146028,0.67785,0.735056],[-0.14651,-0.72865,0.669032]],[[0.999298,-0.0154622,0.0341113],[0.0323369,0.8157,-0.57757],[-0.018894,0.578268,0.815628]],[[0.999298,-0.0154622,0.0341113],[0.0244061,-0.421995,-0.90627],[0.0284077,0.906467,-0.421321]],[[0.999298,-0.0154622,0.0341113],[0.00445337,-0.855278,-0.51815],[0.0371864,0.517939,-0.854609]]],"btipPosition":[68.1254,242.969,3.82903],"carpPosition":[60.3159,247.726,47.609],"dipPosition":[68.7537,251.72,-10.6106],"direction":[-0.0284077,-0.906466,0.421321],"extended":false,"handId":466,"id":4664,"length":49.5125,"mcpPosition":[68.6435,289.142,9.58175],"pipPosition":[69.2983,269.099,-18.6882],"stabilizedTipPosition":[69.8351,241.869,-0.696195],"timeVisible":7.07706,"tipPosition":[68.2631,244.713,0.081732],"tipVelocity":[-15.1544,19.3007,7.82677],"tool":false,"touchDistance":0.333333,"touchZone":"none","type":4,"width":15.7401}],"r":[[0.478296,0.60713,0.634528],[-0.730824,0.675816,-0.0957524],[-0.486959,-0.417931,0.766945]],"s":1.20517,"t":[37.9979,28.8109,-92.6919],"timestamp":93333343649},false],[6,{"currentFrameRate":55.4474,"devices":[],"gestures":[],"hands":[{"armBasis":[[0.908558,0.414379,-0.0530398],[-0.385291,0.880237,0.277007],[0.161473,-0.231241,0.959403]],"armWidth":62.4607,"confidence":0.769852,"direction":[-0.137701,0.73411,-0.664922],"elbow":[90.3854,174.116,303.305],"grabStrength":0,"id":466,"palmNormal":[0.366756,-0.585808,-0.722717],"palmPosition":[35.0386,269.129,9.72027],"palmVelocity":[-24.8556,12.8862,9.75066],"palmWidth":89.1918,"pinchStrength":0.50677,"r":[[0.476495,0.607556,0.635475],[-0.732355,0.674201,-0.0954433],[-0.486425,-0.419915,0.7662]],"s":1.20493,"sphereCenter":[30.8945,252.594,-34.0406],"sphereRadius":46.7139,"stabilizedPalmPosition":[36.0733,268.578,9.27995],"t":[37.5433,29.0452,-92.5153],"timeVisible":7.09517,"type":"right","wrist":[47.6493,235.317,49.3859]}],"id":1675904,"interactionBox":{"center":[0,200,0],"size":[235.247,235.247,147.751]},"pointables":[{"bases":[[[0.0153268,0.805387,0.592551],[-0.850745,-0.300869,0.430942],[0.525355,-0.510715,0.680568]],[[-0.0720337,0.878948,0.471445],[-0.852454,-0.299649,0.428406],[0.517815,-0.371026,0.770848]],[[-0.0720337,0.878948,0.471445],[-0.980239,0.0249234,-0.19624],[-0.184235,-0.476265,0.859784]],[[-0.0720337,0.878948,0.471445],[-0.689203,0.297811,-0.660536],[-0.720978,-0.372503,0.584322]]],"btipPosition":[23.6431,259.675,-41.1633],"carpPosition":[26.2828,217.058,38.6956],"dipPosition":[7.10305,251.13,-27.7584],"direction":[0.184235,0.476265,-0.859784],"extended":false,"handId":466,"id":4660,"length":51.0864,"mcpPosition":[26.2828,217.058,38.6956],"pipPosition":[0.945584,235.212,0.97714],"stabilizedTipPosition":[20.6766,257.208,-38.2857],"timeVisible":7.09517,"tipPosition":[20.2656,257.52,-38.0038],"tipVelocity":[-34.1547,20.8855,8.35029],"tool":false,"touchDistance":-0.0533348,"touchZone":"touching","type":0,"width":19.8498},{"bases":[[[0.883888,0.461767,0.0742545],[-0.405751,0.678126,0.612789],[0.232612,-0.571766,0.78675]],[[0.853288,0.521304,-0.0118912],[-0.456258,0.757471,0.466976],[0.252444,-0.39304,0.88419]],[[0.853288,0.521304,-0.0118912],[-0.505959,0.833256,0.222912],[0.126113,-0.184192,0.974766]],[[0.853288,0.521304,-0.0118912],[-0.520863,0.853195,0.0275559],[0.0245106,-0.0173194,0.99955]]],"btipPosition":[-5.72175,301.14,-86.7441],"carpPosition":[25.0829,238.701,47.0643],"dipPosition":[-5.31125,300.85,-70.0037],"direction":[-0.126113,0.184192,-0.974766],"extended":true,"handId":466,"id":4661,"length":57.6453,"mcpPosition":[8.30796,279.934,-9.67265],"pipPosition":[-2.32329,296.486,-46.9088],"stabilizedTipPosition":[-5.07866,300.728,-83.1235],"timeVisible":7.09517,"tipPosition":[-6.0749,301.592,-82.6487],"tipVelocity":[-21.372,14.1907,9.08288],"tool":false,"touchDistance":-0.0454271,"touchZone":"touching","type":1,"width":18.9605},{"bases":[[[0.963321,0.257859,0.0743036],[-0.245273,0.733713,0.633645],[0.108873,-0.628629,0.770047]],[[0.965339,0.245003,0.0899703],[-0.135803,0.765871,-0.628489],[-0.222887,0.594487,0.772597]],[[0.965339,0.245003,0.0899703],[0.190937,-0.427899,-0.883428],[-0.177944,0.869986,-0.459847]],[[0.965339,0.245003,0.0899703],[0.258298,-0.84732,-0.464038],[-0.0374571,0.471193,-0.881235]]],"btipPosition":[43.5605,227.649,-11.5964],"carpPosition":[34.8253,245.676,48.5191],"dipPosition":[42.8705,236.329,-27.8293],"direction":[0.177944,-0.869986,0.459847],"extended":false,"handId":466,"id":4662,"length":65.6822,"mcpPosition":[27.3795,288.667,-4.14373],"pipPosition":[37.9104,260.579,-40.6473],"stabilizedTipPosition":[45.5665,225.995,-16.6511],"timeVisible":7.09517,"tipPosition":[43.5362,229.263,-15.6072],"tipVelocity":[-13.9717,22.5377,-6.87989],"tool":false,"touchDistance":0.333333,"touchZone":"none","type":2,"width":18.6218},{"bases":[[[0.984574,0.106491,0.138833],[-0.172225,0.729848,0.661559],[-0.0308766,-0.675264,0.736929]],[[0.984918,0.138898,0.103171],[-0.0405525,0.76499,-0.642764],[-0.168203,0.628886,0.759085]],[[0.984918,0.138898,0.103171],[0.156767,-0.464047,-0.871828],[-0.0732189,0.874853,-0.478823]],[[0.984918,0.138898,0.103171],[0.171086,-0.870771,-0.460964],[0.0258112,0.471663,-0.881401]]],"btipPosition":[56.843,231.444,0.0000604117],"carpPosition":[46.0649,249.919,49.3495],"dipPosition":[57.3157,240.082,-16.1426],"direction":[0.0732189,-0.874853,0.478823],"extended":false,"handId":466,"id":4663,"length":63.1552,"mcpPosition":[47.9608,291.381,4.10056],"pipPosition":[55.3275,263.838,-29.1448],"stabilizedTipPosition":[58.507,230.633,-3.96571],"timeVisible":7.09517,"tipPosition":[56.9822,233.121,-3.73691],"tipVelocity":[-14.4717,20.2875,-5.57314],"tool":false,"touchDistance":0.333333,"touchZone":"none","type":3,"width":17.7198},{"bases":[[[0.989214,-0.0944447,0.111961],[-0.0190383,0.674982,0.737589],[-0.145233,-0.731765,0.665903]],[[0.99927,-0.0115943,0.0364028],[0.0303893,0.818678,-0.573448],[-0.0231535,0.574136,0.818433]],[[0.99927,-0.0115943,0.0364028],[0.0282569,-0.416989,-0.908472],[0.0257127,0.908838,-0.416357]],[[0.99927,-0.0115943,0.0364028],[0.00914425,-0.852558,-0.522553],[0.0370942,0.522504,-0.85183]]],"btipPosition":[67.7231,243.384,3.9345],"carpPosition":[59.7854,247.943,47.776],"dipPosition":[68.3499,252.212,-10.4581],"direction":[-0.0257127,-0.908838,0.416357],"extended":false,"handId":466,"id":4664,"length":49.5125,"mcpPosition":[68.0403,289.536,9.92656],"pipPosition":[68.8428,269.637,-18.4406],"stabilizedTipPosition":[69.6942,242.123,-0.601618],"timeVisible":7.09517,"tipPosition":[67.861,245.155,0.23549],"tipVelocity":[-18.5228,21.4936,7.15805],"tool":false,"touchDistance":0.333333,"touchZone":"none","type":4,"width":15.7401}],"r":[[0.476495,0.607556,0.635475],[-0.732355,0.674201,-0.0954433],[-0.486425,-0