{"sensorType":"Leap","data":[[0,{"currentFrameRate":55.3038,"devices":[],"gestures":[],"hands":[{"armBasis":[[0.924361,0.378319,-0.0492992],[-0.359322,0.906716,0.220802],[0.128234,-0.186387,0.974072]],"armWidth":62.4607,"confidence":0.666144,"direction":[-0.1465,0.71711,-0.681389],"elbow":[92.4597,181.046,312.653],"grabStrength":0,"id":466,"palmNormal":[0.333976,-0.612519,-0.716436],"palmPosition":[45.2229,263.256,14.6302],"palmVelocity":[35.7099,32.9898,19.4519],"palmWidth":89.1918,"pinchStrength":0.4696,"r":[[0.500529,0.632602,0.591004],[-0.728195,0.676844,-0.107766],[-0.46819,-0.376426,0.799438]],"s":1.21208,"sphereCenter":[39.2138,245.257,-28.2377],"sphereRadius":46.6571,"stabilizedPalmPosition":[44.448,262.524,14.1909],"t":[46.6246,22.8081,-87.7769],"timeVisible":19.1437,"type":"right","wrist":[58.5207,230.376,54.8509]}],"id":1676568,"interactionBox":{"center":[0,200,0],"size":[235.247,235.247,147.751]},"pointables":[{"bases":[[[0.047379,0.821592,0.568103],[-0.841551,-0.27355,0.465793],[0.538096,-0.500156,0.678451]],[[-0.044773,0.894651,0.444517],[-0.877299,-0.248052,0.410874],[0.477852,-0.371578,0.795982]],[[-0.044773,0.894651,0.444517],[-0.970062,0.0673817,-0.233322],[-0.238694,-0.441656,0.86485]],[[-0.044773,0.894651,0.444517],[-0.758637,0.259055,-0.597796],[-0.649973,-0.363992,0.667116]]],"btipPosition":[36.0346,253.487,-37.7906],"carpPosition":[36.5278,212.194,45.3668],"dipPosition":[21.1235,245.137,-22.4863],"direction":[0.238694,0.441656,-0.86485],"extended":false,"handId":466,"id":4660,"length":51.0864,"mcpPosition":[36.5278,212.194,45.3668],"pipPosition":[13.146,230.376,6.41855],"stabilizedTipPosition":[32.4267,251.434,-34.3387],"timeVisible":19.1437,"tipPosition":[32.929,250.91,-34.2563],"tipVelocity":[43.0935,33.1654,18.1398],"tool":false,"touchDistance":0.054686,"touchZone":"hovering","type":0,"width":19.8498},{"bases":[[[0.893311,0.448209,0.0332314],[-0.374896,0.702327,0.605137],[0.247888,-0.553034,0.795428]],[[0.856975,0.511522,-0.0627621],[-0.434613,0.782773,0.445396],[0.276959,-0.354416,0.893131]],[[0.856975,0.511522,-0.0627621],[-0.48567,0.842333,0.233665],[0.172392,-0.169764,0.970289]],[[0.856975,0.511522,-0.0627621],[-0.507843,0.858914,0.0660427],[0.0876895,-0.0247236,0.995841]]],"btipPosition":[0.857988,293.329,-81.507],"carpPosition":[35.9513,234.085,53.1356],"dipPosition":[2.32661,292.915,-64.8287],"direction":[-0.172392,0.169764,-0.970289],"extended":true,"handId":466,"id":4661,"length":57.6453,"mcpPosition":[18.0747,273.967,-4.22716],"pipPosition":[6.41103,288.893,-41.8399],"stabilizedTipPosition":[0.9489,293.118,-77.7152],"timeVisible":19.1437,"tipPosition":[1.19087,293.108,-77.6827],"tipVelocity":[51.1875,28.0597,12.6299],"tool":false,"touchDistance":0.104989,"touchZone":"hovering","type":1,"width":18.9605},{"bases":[[[0.969323,0.24303,0.0367399],[-0.21294,0.755678,0.61936],[0.12276,-0.608183,0.784247]],[[0.97211,0.227615,0.056506],[-0.130948,0.726677,-0.674383],[-0.194562,0.648175,0.736216]],[[0.97211,0.227615,0.056506],[0.150497,-0.420648,-0.894654],[-0.179868,0.878206,-0.443172]],[[0.97211,0.227615,0.056506],[0.222937,-0.82206,-0.523943],[-0.0728062,0.521928,-0.849877]]],"btipPosition":[53.0008,217.802,-6.32737],"carpPosition":[45.8488,240.928,54.0828],"dipPosition":[51.6597,227.417,-21.9826],"direction":[0.179868,-0.878206,0.443172],"extended":false,"handId":466,"id":4662,"length":65.6822,"mcpPosition":[37.4534,282.521,0.44883],"pipPosition":[46.646,251.896,-34.3358],"stabilizedTipPosition":[50.7465,215.724,-13.3004],"timeVisible":19.1437,"tipPosition":[52.7387,220.102,-10.6203],"tipVelocity":[29.7212,39.5892,38.6442],"tool":false,"touchDistance":0.333333,"touchZone":"none","type":2,"width":18.6218},{"bases":[[[0.990098,0.0932199,0.104953],[-0.139121,0.751338,0.645086],[-0.0187201,-0.6533,0.756868]],[[0.989927,0.12279,0.0704756],[-0.0420373,0.730266,-0.681869],[-0.135192,0.672038,0.728072]],[[0.989927,0.12279,0.0704756],[0.124158,-0.513707,-0.848935],[-0.0680365,0.849134,-0.523778]],[[0.989927,0.12279,0.0704756],[0.141163,-0.894095,-0.425049],[0.0108204,0.430716,-0.902423]]],"btipPosition":[65.8975,224.731,6.82936],"carpPosition":[57.1777,244.996,54.4391],"dipPosition":[66.0957,232.619,-9.69828],"direction":[0.0680365,-0.849134,0.523778],"extended":false,"handId":466,"id":4663,"length":63.1552,"mcpPosition":[58.3272,285.11,7.96584],"pipPosition":[64.2482,255.677,-23.9212],"stabilizedTipPosition":[63.5276,220.699,-1.64083],"timeVisible":19.1437,"tipPosition":[66.0671,226.023,2.06863],"tipVelocity":[29.5717,45.3294,37.0389],"tool":false,"touchDistance":0.333333,"touchZone":"none","type":3,"width":17.7198},{"bases":[[[0.990563,-0.108452,0.0838071],[0.0154657,0.696002,0.717873],[-0.136185,-0.709803,0.691111]],[[0.99952,-0.0300276,0.00757925],[0.0285504,0.798608,-0.601173],[0.0119989,0.601101,0.799083]],[[0.99952,-0.0300276,0.00757925],[-0.00692147,-0.455137,-0.890395],[0.030186,0.889915,-0.455126]],[[0.99952,-0.0300276,0.00757925],[-0.0226102,-0.874783,-0.483988],[0.0211632,0.483584,-0.875042]]],"btipPosition":[77.1955,237.015,9.02915],"carpPosition":[70.8071,242.737,52.4972],"dipPosition":[77.5531,245.186,-5.75569],"direction":[-0.030186,-0.889915,0.455126],"extended":false,"handId":466,"id":4664,"length":49.5125,"mcpPosition":[78.5477,283.082,13.215],"pipPosition":[78.1318,262.248,-14.4815],"stabilizedTipPosition":[74.2536,233.749,1.42477],"timeVisible":19.1437,"tipPosition":[77.2789,238.515,4.94977],"tipVelocity":[33.7819,42.1189,37.0146],"tool":false,"touchDistance":0.333333,"touchZone":"none","type":4,"width":15.7401}],"r":[[0.500529,0.632602,0.591004],[-0.728195,0.676844,-0.107766],[-0.46819,-0.376426,0.799438]],"s":1.21208,"t":[46.6246,22.8081,-87.7769],"timestamp":93345410317},false],[1,{"currentFrameRate":55.3805,"devices":[],"gestures":[],"hands":[{"armBasis":[[0.928648,0.367386,-0.0513911],[-0.348446,0.911399,0.218945],[0.127275,-0.185416,0.974383]],"armWidth":62.4607,"confidence":0.637914,"direction":[-0.142228,0.712886,-0.686706],"elbow":[92.6969,181.669,312.96],"grabStrength":0,"id":466,"palmNormal":[0.323463,-0.622196,-0.712912],"palmPosition":[45.8628,263.424,14.6463],"palmVelocity":[35.8309,21.9225,10.7382],"palmWidth":89.1918,"pinchStrength":0.472445,"r":[[0.505125,0.630104,0.589761],[-0.724933,0.680578,-0.106234],[-0.468317,-0.373876,0.80056]],"s":1.21214,"sphereCenter":[39.5001,245.185,-27.9916],"sphereRadius":46.6198,"stabilizedPalmPosition":[45.1147,262.948,14.4055],"t":[47.2688,23.1912,-87.5948],"timeVisible":19.1615,"type":"right","wrist":[59.0117,230.741,55.0763]}],"id":1676569,"interactionBox":{"center":[0,200,0],"size":[235.247,235.247,147.751]},"pointables":[{"bases":[[[0.0593714,0.8258,0.560829],[-0.842028,-0.260326,0.472461],[0.536157,-0.500284,0.679891]],[[-0.0319984,0.898408,0.437995],[-0.878587,-0.234206,0.416213],[0.47651,-0.371498,0.796823]],[[-0.0319984,0.898408,0.437995],[-0.970354,0.0771107,-0.229059],[-0.239562,-0.43234,0.869306]],[[-0.0319984,0.898408,0.437995],[-0.755699,0.265056,-0.598886],[-0.654137,-0.350156,0.670445]]],"btipPosition":[36.4683,253.383,-37.5623],"carpPosition":[36.7712,212.723,45.8615],"dipPosition":[21.4616,245.35,-22.1816],"direction":[0.239562,0.43234,-0.869306],"extended":false,"handId":466,"id":4660,"length":51.0864,"mcpPosition":[36.7712,212.723,45.8615],"pipPosition":[13.4551,230.9,6.87212],"stabilizedTipPosition":[32.8875,251.513,-34.0935],"timeVisible":19.1615,"tipPosition":[33.2545,250.884,-34.031],"tipVelocity":[33.7168,16.7602,16.1092],"tool":false,"touchDistance":0.0587834,"touchZone":"hovering","type":0,"width":19.8498},{"bases":[[[0.89833,0.438622,0.0247819],[-0.363983,0.711503,0.601065],[0.246008,-0.548975,0.798816]],[[0.86256,0.500989,-0.0707048],[-0.423455,0.791312,0.441034],[0.276903,-0.350478,0.894701]],[[0.86256,0.500989,-0.0707048],[-0.475049,0.850019,0.227587],[0.174119,-0.16272,0.971187]],[[0.86256,0.500989,-0.0707048],[-0.497772,0.865315,0.0587639],[0.090622,-0.0154925,0.995765]]],"btipPosition":[1.43008,293.148,-81.5266],"carpPosition":[36.4755,234.683,53.4464],"dipPosition":[2.94781,292.888,-64.8496],"direction":[-0.174119,0.16272,-0.971187],"extended":true,"handId":466,"id":4661,"length":57.6453,"mcpPosition":[18.7345,274.273,-4.16069],"pipPosition":[7.07317,289.033,-41.8395],"stabilizedTipPosition":[1.62946,293.093,-77.6953],"timeVisible":19.1615,"tipPosition":[1.73502,292.973,-77.6952],"tipVelocity":[42.5431,11.0209,6.16919],"tool":false,"touchDistance":0.104657,"touchZone":"hovering","type":1,"width":18.9605},{"bases":[[[0.972107,0.232657,0.0296445],[-0.20138,0.763189,0.613993],[0.120226,-0.602837,0.788754]],[[0.974818,0.217457,0.049427],[-0.126793,0.722796,-0.67933],[-0.183451,0.655956,0.732166]],[[0.974818,0.217457,0.049427],[0.142165,-0.435223,-0.889028],[-0.171814,0.873666,-0.455178]],[[0.974818,0.217457,0.049427],[0.211831,-0.833668,-0.510025],[-0.0697031,0.507651,-0.858738]]],"btipPosition":[52.9709,217.956,-5.74519],"carpPosition":[46.4522,241.425,54.284],"dipPosition":[51.687,227.307,-21.5637],"direction":[0.171814,-0.873666,0.455178],"extended":false,"handId":466,"id":4662,"length":65.6822,"mcpPosition":[38.2301,282.652,0.341773],"pipPosition":[46.8978,251.66,-34.2515],"stabilizedTipPosition":[50.8899,216.049,-13.0093],"timeVisible":19.1615,"tipPosition":[52.7347,220.106,-10.0937],"tipVelocity":[15.3144,23.4408,34.8701],"tool":false,"touchDistance":0.333333,"touchZone":"none","type":2,"width":18.6218},{"bases":[[[0.9916,0.0832102,0.0990228],[-0.127478,0.758255,0.639373],[-0.0218821,-0.646626,0.762494]],[[0.99157,0.112499,0.0642823],[-0.037728,0.725311,-0.687387],[-0.123955,0.679167,0.723441]],[[0.99157,0.112499,0.0642823],[0.114524,-0.528915,-0.840912],[-0.060602,0.841186,-0.53734]],[[0.99157,0.112499,0.0642823],[0.128986,-0.904092,-0.407407],[0.0122843,0.412264,-0.910982]]],"btipPosition":[66.0198,224.938,7.31952],"carpPosition":[57.8268,245.371,54.5468],"dipPosition":[66.2448,232.488,-9.36487],"direction":[0.060602,-0.841186,0.53734],"extended":false,"handId":466,"id":4663,"length":63.1552,"mcpPosition":[59.1704,285.075,7.72819],"pipPosition":[64.5992,255.33,-23.9561],"stabilizedTipPosition":[63.7054,221.117,-1.28281],"timeVisible":19.1615,"tipPosition":[66.1921,226.088,2.51838],"tipVelocity":[19.0708,27.4391,31.6282],"tool":false,"touchDistance":0.333333,"touchZone":"none","type":3,"width":17.7198},{"bases":[[[0.989744,-0.118626,0.0795943],[0.0268749,0.70184,0.711827],[-0.140304,-0.702387,0.69783]],[[0.999154,-0.0410228,0.00272441],[0.0342391,0.793584,-0.607497],[0.0227592,0.607076,0.794318]],[[0.999154,-0.0410228,0.00272441],[-0.016893,-0.470054,-0.882476],[0.0374823,0.881684,-0.470349]],[[0.999154,-0.0410228,0.00272441],[-0.0350476,-0.884515,-0.465193],[0.0214933,0.464705,-0.885205]]],"btipPosition":[77.5242,237.072,9.33247],"carpPosition":[71.4201,242.946,52.5537],"dipPosition":[77.8874,244.924,-5.62408],"direction":[-0.0374823,-0.881684,0.470349],"extended":false,"handId":466,"id":4664,"length":49.5125,"mcpPosition":[79.3949,282.87,12.8896],"pipPosition":[78.606,261.828,-14.6417],"stabilizedTipPosition":[74.5447,234.194,1.8125],"timeVisible":19.1615,"tipPosition":[77.5994,238.439,5.19049],"tipVelocity":[26.6248,21.9023,26.5905],"tool":false,"touchDistance":0.333333,"touchZone":"none","type":4,"width":15.7401}],"r":[[0.505125,0.630104,0.589761],[-0.724933,0.680578,-0.106234],[-0.468317,-0.373876,0.80056]],"s":1.21214,"t":[47.2688,23.1912,-87.5948],"timestamp":93345428109},false],[2,{"currentFrameRate":55.3633,"devices":[],"gestures":[],"hands":[{"armBasis":[[0.927095,0.371385,-0.0506731],[-0.352382,0.90966,0.219875],[0.127754,-0.185989,0.974211]],"armWidth":62.4607,"confidence":0.679775,"direction":[-0.142889,0.712584,-0.686882],"elbow":[93.3008,182.094,313.117],"grabStrength":0,"id":466,"palmNormal":[0.327619,-0.620826,-0.712208],"palmPosition":[46.3344,263.967,14.8225],"palmVelocity":[31.1614,25.7471,10.2541],"palmWidth":89.1918,"pinchStrength":0.477144,"r":[[0.508021,0.628417,0.589073],[-0.722736,0.683044,-0.105371],[-0.46858,-0.372213,0.80118]],"s":1.21187,"sphereCenter":[40.2634,245.78,-27.8051],"sphereRadius":46.5683,"stabilizedPalmPosition":[45.698,263.436,14.6049],"t":[47.8267,23.6542,-87.4156],"timeVisible":19.1796,"type":"right","wrist":[59.4891,231.319,55.2786]}],"id":1676570,"interactionBox":{"center":[0,200,0],"size":[235.247,235.247,147.751]},"pointables":[{"bases":[[[0.0549028,0.825836,0.561231],[-0.842383,-0.263462,0.470084],[0.536076,-0.49858,0.681205]],[[-0.0367616,0.898399,0.437639],[-0.879791,-0.23679,0.412188],[0.473937,-0.369878,0.799108]],[[-0.0367616,0.898399,0.437639],[-0.969937,0.0733453,-0.23204],[-0.240564,-0.433012,0.868694]],[[-0.0367616,0.898399,0.437639],[-0.752863,0.263085,-0.603311],[-0.65715,-0.351661,0.6667]]],"btipPosition":[37.2635,253.862,-37.4314],"carpPosition":[37.338,213.224,45.9979],"dipPosition":[22.1878,245.795,-22.1366],"direction":[0.240564,0.433012,-0.868694],"extended":false,"handId":466,"id":4660,"length":51.0864,"mcpPosition":[37.338,213.224,45.9979],"pipPosition":[14.1477,231.323,6.89668],"stabilizedTipPosition":[33.587,251.893,-33.955],"timeVisible":19.1796,"tipPosition":[33.9722,251.408,-33.9073],"tipVelocity":[38.1396,21.1584,11.3601],"tool":false,"touchDistance":0.0606359,"touchZone":"hovering","type":0,"width":19.8498},{"bases":[[[0.896693,0.441807,0.027363],[-0.368151,0.710022,0.600278],[0.245778,-0.548338,0.799323]],[[0.861404,0.503456,-0.0672001],[-0.427182,0.789679,0.440368],[0.274772,-0.350628,0.895299]],[[0.861404,0.503456,-0.0672001],[-0.47845,0.8487,0.225374],[0.170499,-0.161986,0.971952]],[[0.861404,0.503456,-0.0672001],[-0.500602,0.863907,0.0553361],[0.0859139,-0.0140262,0.996204]]],"btipPosition":[2.16902,293.564,-81.4719],"carpPosition":[36.9435,235.181,53.5884],"dipPosition":[3.6079,293.329,-64.7875],"direction":[-0.170499,0.161986,-0.971952],"extended":true,"handId":466,"id":4661,"length":57.6453,"mcpPosition":[19.219,274.725,-4.05533],"pipPosition":[7.64748,289.491,-41.7594],"stabilizedTipPosition":[2.34494,293.436,-77.6453],"timeVisible":19.1796,"tipPosition":[2.41895,293.396,-77.6347],"tipVelocity":[41.2255,16.861,4.71377],"tool":false,"touchDistance":0.105597,"touchZone":"hovering","type":1,"width":18.9605},{"bases":[[[0.971189,0.236104,0.0323666],[-0.205769,0.762282,0.613665],[0.120216,-0.602645,0.788903]],[[0.973902,0.220888,0.0521776],[-0.127869,0.723917,-0.677934],[-0.18752,0.653569,0.733269]],[[0.973902,0.220888,0.0521776],[0.146671,-0.437058,-0.887394],[-0.17321,0.871888,-0.458049]],[[0.973902,0.220888,0.0521776],[0.216588,-0.835752,-0.504586],[-0.0678495,0.502719,-0.861783]]],"btipPosition":[53.6102,218.729,-5.50013],"carpPosition":[46.8939,241.958,54.4552],"dipPosition":[52.3604,227.989,-21.3747],"direction":[0.17321,-0.871888,0.458049],"extended":false,"handId":466,"id":4662,"length":65.6822,"mcpPosition":[38.6724,283.172,0.502801],"pipPosition":[47.5323,252.293,-34.1426],"stabilizedTipPosition":[51.0795,216.424,-12.7085],"timeVisible":19.1796,"tipPosition":[53.3962,220.793,-9.83457],"tipVelocity":[25.0243,32.0422,24.3687],"tool":false,"touchDistance":0.333333,"touchZone":"none","type":2,"width":18.6218},{"bases":[[[0.991024,0.0867061,0.101754],[-0.131919,0.757603,0.639245],[-0.0216627,-0.646931,0.762241]],[[0.990984,0.116026,0.0669976],[-0.0387679,0.726986,-0.685557],[-0.128249,0.676779,0.724929]],[[0.990984,0.116026,0.0669976],[0.118957,-0.531881,-0.838422],[-0.0616438,0.838833,-0.540887]],[[0.990984,0.116026,0.0669976],[0.13321,-0.906788,-0.399987],[0.0143438,0.405306,-0.914069]]],"btipPosition":[66.6117,225.826,7.6261],"carpPosition":[58.2535,245.945,54.7502],"dipPosition":[66.8744,233.249,-9.11483],"direction":[0.0616438,-0.838833,0.540887],"extended":false,"handId":466,"id":4663,"length":63.1552,"mcpPosition":[59.5837,285.667,7.94707],"pipPosition":[65.2005,256.027,-23.8024],"stabilizedTipPosition":[63.9346,221.613,-0.891971],"timeVisible":19.1796,"tipPosition":[66.7997,226.904,2.85649],"tipVelocity":[25.7694,36.9357,24.2836],"tool":false,"touchDistance":0.333333,"touchZone":"none","type":3,"width":17.7198},{"bases":[[[0.989939,-0.11513,0.0822613],[0.0224355,0.701716,0.712104],[-0.139708,-0.703093,0.697238]],[[0.99928,-0.0375387,0.00550789],[0.0331782,0.794173,-0.606785],[0.0184037,0.606531,0.794847]],[[0.99928,-0.0375387,0.00550789],[-0.013044,-0.476234,-0.879222],[0.0356279,0.878517,-0.476381]],[[0.99928,-0.0375387,0.00550789],[-0.0308985,-0.889429,-0.456028],[0.0220176,0.45553,-0.889948]]],"btipPosition":[78.1088,237.97,9.78335],"carpPosition":[71.8608,243.569,52.7935],"dipPosition":[78.4808,245.666,-5.25335],"direction":[-0.0356279,-0.878517,0.476381],"extended":false,"handId":466,"id":4664,"length":49.5125,"mcpPosition":[79.8017,283.532,13.163],"pipPosition":[79.1638,262.509,-14.3867],"stabilizedTipPosition":[74.8692,234.687,2.21369],"timeVisible":19.1796,"tipPosition":[78.1884,239.262,5.60723],"tipVelocity":[29.3584,34.107,25.292],"tool":false,"touchDistance":0.333333,"touchZone":"none","type":4,"width":15.7401}],"r":[[0.508021,0.628417,0.589073],[-0.722736,0.683044,-0.105371],[-0.46858,-0.372213,0.80118]],"s":1.21187,"t":[47.8267,23.6542,-87.4156],"timestamp":93345446231},false],[3,{"currentFrameRate":55.2748,"devices":[],"gestures":[],"hands":[{"armBasis":[[0.924187,0.379359,-0.0443292],[-0.360658,0.904994,0.225634],[0.125714,-0.192541,0.973203]],"armWidth":62.4607,"confidence":0.714075,"direction":[-0.143162,0.71304,-0.686352],"elbow":[93.0133,181.222,313.168],"grabStrength":0,"id":466,"palmNormal":[0.336835,-0.616991,-0.711241],"palmPosition":[46.636,264.822,15.1196],"palmVelocity":[24.0564,35.7277,13.0921],"palmWidth":89.1918,"pinchStrength":0.483356,"r":[[0.508647,0.627527,0.589482],[-0.721783,0.684048,-0.10539],[-0.469369,-0.371872,0.800877]],"s":1.21115,"sphereCenter":[41.0697,246.788,-27.5232],"sphereRadius":46.4925,"stabilizedPalmPosition":[46.1369,264.085,14.8458],"t":[48.2564,24.3134,-87.1774],"timeVisible":19.198,"type":"right","wrist":[59.7413,232.18,55.5966]}],"id":1676571,"interactionBox":{"center":[0,200,0],"size":[235.247,235.247,147.751]},"pointables":[{"bases":[[[0.0452673,0.824993,0.563326],[-0.843721,-0.270352,0.46373],[0.534871,-0.496282,0.683826]],[[-0.0471043,0.897864,0.437746],[-0.882114,-0.243007,0.403512],[0.468674,-0.367135,0.803465]],[[-0.0471043,0.897864,0.437746],[-0.968823,0.0656457,-0.238898],[-0.243234,-0.435352,0.866779]],[[-0.0471043,0.897864,0.437746],[-0.748856,0.258277,-0.610334],[-0.661057,-0.356558,0.660205]]],"btipPosition":[38.1436,254.645,-37.3035],"carpPosition":[37.7817,213.951,46.126],"dipPosition":[22.9782,246.465,-22.1577],"direction":[0.243234,0.435352,-0.866779],"extended":false,"handId":466,"id":4660,"length":51.0864,"mcpPosition":[37.7817,213.951,46.126],"pipPosition":[14.8489,231.915,6.81155],"stabilizedTipPosition":[34.4036,252.558,-33.8518],"timeVisible":19.198,"tipPosition":[34.7716,252.252,-33.7754],"tipVelocity":[42.2668,30.7865,8.34267],"tool":false,"touchDistance":0.0621963,"touchZone":"hovering","type":0,"width":19.8498},{"bases":[[[0.893368,0.448004,0.0344516],[-0.377222,0.706142,0.599222],[0.244126,-0.548321,0.799842]],[[0.858707,0.509027,-0.0592803],[-0.435417,0.785703,0.439412],[0.270249,-0.351514,0.896328]],[[0.858707,0.509027,-0.0592803],[-0.485631,0.845219,0.223086],[0.163662,-0.162777,0.972995]],[[0.858707,0.509027,-0.0592803],[-0.506574,0.860626,0.0520104],[0.0774928,-0.0146318,0.996886]]],"btipPosition":[3.01956,294.336,-81.4175],"carpPosition":[37.1814,235.889,53.7596],"dipPosition":[4.3174,294.091,-64.7217],"direction":[-0.163662,0.162777,-0.972995],"extended":true,"handId":466,"id":4661,"length":57.6453,"mcpPosition":[19.5761,275.431,-3.92147],"pipPosition":[8.19499,290.234,-41.6688],"stabilizedTipPosition":[3.13797,294.124,-77.59],"timeVisible":19.198,"tipPosition":[3.20782,294.161,-77.5766],"tipVelocity":[42.7862,28.8836,3.93798],"tool":false,"touchDistance":0.106548,"touchZone":"hovering","type":1,"width":18.9605},{"bases":[[[0.969266,0.242816,0.0395355],[-0.215306,0.759507,0.613834],[0.119021,-0.603481,0.788444]],[[0.971963,0.227497,0.0594369],[-0.128529,0.725714,-0.675884],[-0.196896,0.649295,0.734607]],[[0.971963,0.227497,0.0594369],[0.15841,-0.446747,-0.880524],[-0.173763,0.865253,-0.47026]],[[0.971963,0.227497,0.0594369],[0.22728,-0.84421,-0.485441],[-0.0602589,0.48534,-0.872247]]],"btipPosition":[54.1945,220.268,-4.7451],"carpPosition":[47.0779,242.733,54.709],"dipPosition":[53.0845,229.208,-20.8124],"direction":[0.173763,-0.865253,0.47026],"extended":false,"handId":466,"id":4662,"length":65.6822,"mcpPosition":[38.9381,284.004,0.787956],"pipPosition":[48.241,253.326,-33.9206],"stabilizedTipPosition":[51.3271,216.935,-12.339],"timeVisible":19.198,"tipPosition":[54.0612,222.095,-9.21937],"tipVelocity":[29.1054,54.9503,31.2315],"tool":false,"touchDistance":0.333333,"touchZone":"none","type":2,"width":18.6218},{"bases":[[[0.989671,0.0934121,0.108744],[-0.141602,0.755289,0.639911],[-0.0223577,-0.6487,0.760715]],[[0.989663,0.122852,0.0739945],[-0.0396308,0.730126,-0.682162],[-0.13783,0.672178,0.727448]],[[0.989663,0.122852,0.0739945],[0.128602,-0.531847,-0.837019],[-0.0634755,0.837882,-0.542148]],[[0.989663,0.122852,0.0739945],[0.142195,-0.907699,-0.394795],[0.0186634,0.401236,-0.915785]]],"btipPosition":[67.1982,227.09,8.01538],"carpPosition":[58.407,246.798,55.0905],"dipPosition":[67.54,234.438,-8.75699],"direction":[0.0634755,-0.837882,0.542148],"extended":false,"handId":466,"id":4663,"length":63.1552,"mcpPosition":[59.7798,286.629,8.38098],"pipPosition":[65.8163,257.19,-23.4788],"stabilizedTipPosition":[64.2401,222.268,-0.430458],"timeVisible":19.198,"tipPosition":[67.4152,228.116,3.29466],"tipVelocity":[29.1834,51.7724,22.5914],"tool":false,"touchDistance":0.333333,"touchZone":"none","type":3,"width":17.7198},{"bases":[[[0.990133,-0.108384,0.0888209],[0.0126363,0.700326,0.713712],[-0.139559,-0.705547,0.694785]],[[0.999458,-0.0305452,0.0122769],[0.0317563,0.796292,-0.604079],[0.00867571,0.604141,0.79683]],[[0.999458,-0.0305452,0.0122769],[-0.00382456,-0.478143,-0.878274],[0.0326972,0.877751,-0.478]],[[0.999458,-0.0305452,0.0122769],[-0.021701,-0.891747,-0.452014],[0.0247547,0.451502,-0.891926]]],"btipPosition":[78.6302,239.227,10.3473],"carpPosition":[72.0437,244.522,53.2223],"dipPosition":[79.0485,246.856,-4.72281],"direction":[-0.0326972,-0.877751,0.478],"extended":false,"handId":466,"id":4664,"length":49.5125,"mcpPosition":[79.9761,284.624,13.7313],"pipPosition":[79.6754,263.685,-13.8872],"stabilizedTipPosition":[75.2366,235.286,2.65831],"timeVisible":19.198,"tipPosition":[78.7272,240.482,6.17116],"tipVelocity":[29.1495,50.1836,27.6714],"tool":false,"touchDistance":0.333333,"touchZone":"none","type":4,"width":15.7401}],"r":[[0.508647,0.627527,0.589482],[-0.721783,0.684048,-0.10539],[-0.469369,-0.371872,0.800877]],"s":1.21115,"t":[48.2564,24.3134,-87.1774],"timestamp":93345464628},false],[4,{"currentFrameRate":55.3614,"devices":[],"gestures":[],"hands":[{"armBasis":[[0.922315,0.384134,-0.0421379],[-0.365692,0.902844,0.226147],[0.124915,-0.193169,0.973181]],"armWidth":62.4607,"confidence":0.745727,"direction":[-0.142442,0.713657,-0.68586],"elbow":[92.9346,181.757,313.467],"grabStrength":0,"id":466,"palmNormal":[0.343219,-0.614321,-0.7105],"palmPosition":[46.8507,265.541,15.4111],"palmVelocity":[18.439,37.9389,14.6476],"palmWidth":89.1918,"pinchStrength":0.487952,"r":[[0.50799,0.62703,0.590576],[-0.721476,0.684287,-0.105941],[-0.470552,-0.372269,0.799998]],"s":1.21009,"sphereCenter":[41.6573,247.632,-27.2523],"sphereRadius":46.4291,"stabilizedPalmPosition":[46.4446,264.712,15.0894],"t":[48.5787,25.0021,-86.9126],"timeVisible":19.2158,"type":"right","wrist":[59.8742,232.882,55.9006]}],"id":1676572,"interactionBox":{"center":[0,200,0],"size":[235.247,235.247,147.751]},"pointables":[{"bases":[[[0.0388031,0.824172,0.565008],[-0.845066,-0.27468,0.458709],[0.533252,-0.495269,0.685822]],[[-0.0538602,0.897314,0.438095],[-0.884197,-0.246725,0.39664],[0.464,-0.365999,0.80669]],[[-0.0538602,0.897314,0.438095],[-0.967697,0.0613102,-0.244547],[-0.246295,-0.437115,0.865026]],[[-0.0538602,0.897314,0.438095],[-0.745271,0.255874,-0.615711],[-0.664583,-0.359662,0.65496]]],"btipPosition":[38.8158,255.347,-37.1284],"carpPosition":[38.0419,214.578,46.28],"dipPosition":[23.5696,247.096,-22.1029],"direction":[0.246295,0.437115,-0.865026],"extended":false,"handId":466,"id":4660,"length":51.0864,"mcpPosition":[38.0419,214.578,46.28],"pipPosition":[15.3379,232.487,6.80781],"stabilizedTipPosition":[35.0677,253.212,-33.7203],"timeVisible":19.2158,"tipPosition":[35.3726,252.996,-33.6062],"tipVelocity":[39.6981,34.4392,8.32422],"tool":false,"touchDistance":0.0646546,"touchZone":"hovering","type":0,"width":19.8498},{"bases":[[[0.891296,0.451651,0.0400432],[-0.383375,0.703502,0.598422],[0.242107,-0.548722,0.80018]],[[0.857203,0.512241,-0.053028],[-0.440808,0.783081,0.438716],[0.266254,-0.352694,0.89706]],[[0.857203,0.512241,-0.053028],[-0.490133,0.843107,0.221224],[0.158028,-0.163643,0.97378]],[[0.857203,0.512241,-0.053028],[-0.510095,0.858708,0.0492355],[0.070756,-0.0151555,0.997379]]],"btipPosition":[3.70757,295.055,-81.3104],"carpPosition":[37.3092,236.499,53.9488],"dipPosition":[4.89258,294.801,-64.6064],"direction":[-0.158028,0.163643,-0.97378],"extended":true,"handId":466,"id":4661,"length":57.6453,"mcpPosition":[19.8495,276.071,-3.75669],"pipPosition":[8.6367,290.924,-41.5349],"stabilizedTipPosition":[3.7977,294.807,-77.4948],"timeVisible":19.2158,"tipPosition":[3.84718,294.877,-77.467],"tipVelocity":[40.1971,34.2591,4.96891],"tool":false,"touchDistance":0.108364,"touchZone":"hovering","type":1,"width":18.9605},{"bases":[[[0.96802,0.246772,0.0451753],[-0.221763,0.757514,0.613999],[0.117297,-0.604381,0.788013]],[[0.970685,0.231352,0.0651626],[-0.128043,0.727181,-0.674398],[-0.203408,0.646285,0.735487]],[[0.970685,0.231352,0.0651626],[0.167172,-0.455058,-0.874629],[-0.172694,0.859883,-0.480393]],[[0.970685,0.231352,0.0651626],[0.234404,-0.851254,-0.46949],[-0.0531474,0.471001,-0.88053]]],"btipPosition":[54.5534,221.535,-4.06768],"carpPosition":[47.1719,243.383,54.9634],"dipPosition":[53.5744,230.212,-20.2876],"direction":[0.172694,-0.859883,0.480393],"extended":false,"handId":466,"id":4662,"length":65.6822,"mcpPosition":[39.1501,284.716,1.07187],"pipPosition":[48.7607,254.18,-33.6783],"stabilizedTipPosition":[51.5942,217.522,-11.9349],"timeVisible":19.2158,"tipPosition":[54.4861,223.188,-8.63553],"tipVelocity":[25.7241,61.0468,33.5439],"tool":false,"touchDistance":0.333333,"touchZone":"none","type":2,"width":18.6218},{"bases":[[[0.988675,0.0973313,0.11423],[-0.148183,0.753556,0.640465],[-0.0237417,-0.650138,0.759445]],[[0.988731,0.126818,0.0795504],[-0.039563,0.733849,-0.678159],[-0.144381,0.66737,0.730597]],[[0.988731,0.126818,0.0795504],[0.135264,-0.529106,-0.837706],[-0.0641453,0.839026,-0.540297]],[[0.988731,0.126818,0.0795504],[0.148044,-0.907186,-0.393823],[0.0222233,0.401162,-0.915738]]],"btipPosition":[67.5978,228.055,8.22686],"carpPosition":[58.4818,247.494,55.413],"dipPosition":[68.0048,235.402,-8.54464],"direction":[0.0641453,-0.839026,0.540297],"extended":false,"handId":466,"id":4663,"length":63.1552,"mcpPosition":[59.9396,287.414,8.7815],"pipPosition":[66.263,258.186,-23.2161],"stabilizedTipPosition":[64.5891,223.024,0.0549276],"timeVisible":19.2158,"tipPosition":[67.831,229.073,3.61038],"tipVelocity":[26.4418,52.9772,17.5815],"tool":false,"touchDistance":0.333333,"touchZone":"none","type":3,"width":17.7198},{"bases":[[[0.990085,-0.104426,0.093956],[0.00588424,0.699103,0.714997],[-0.140349,-0.707355,0.692785]],[[0.999499,-0.0263459,0.0175346],[0.0315934,0.798243,-0.601506],[0.00185033,0.601759,0.798676]],[[0.999499,-0.0263459,0.0175346],[0.00278921,-0.47857,-0.878045],[0.0315244,0.877654,-0.478257]],[[0.999499,-0.0263459,0.0175346],[-0.0156434,-0.892926,-0.449931],[0.027511,0.449431,-0.892891]]],"btipPosition":[78.9816,240.206,10.8101],"carpPosition":[72.1377,245.278,53.6142],"dipPosition":[79.4465,247.8,-4.27629],"direction":[-0.0315244,-0.877654,0.478257],"extended":false,"handId":466,"id":4664,"length":49.5125,"mcpPosition":[80.115,285.484,14.2369],"pipPosition":[80.0509,264.626,-13.4456],"stabilizedTipPosition":[75.6049,235.924,3.10595],"timeVisible":19.2158,"tipPosition":[79.0931,241.439,6.64943],"tipVelocity":[25.036,52.2738,26.8133],"tool":false,"touchDistance":0.333333,"touchZone":"none","type":4,"width":15.7401}],"r":[[0.50799,0.62703,0.590576],[-0.721476,0.684287,-0.105941],[-0.470552,-0.372269,0.799998]],"s":1.21009,"t":[48.5787,25.0021,-86.9126],"timestamp":93345482392},false],[5,{"currentFrameRate":55.3694,"devices":[],"gestures":[],"hands":[{"armBasis":[[0.921748,0.385526,-0.0418374],[-0.367216,0.902426,0.225342],[0.124631,-0.192346,0.973381]],"armWidth":62.4607,"confidence":0.775148,"direction":[-0.142227,0.714831,-0.684681],"elbow":[93.0572,182.549,313.657],"grabStrength":0,"id":466,"palmNormal":[0.345335,-0.612416,-0.711119],"palmPosition":[47.0744,266.178,15.5913],"palmVelocity":[15.5759,36.7045,12.4404],"palmWidth":89.1918,"pinchStrength":0.492374,"r":[[0.507078,0.626538,0.59188],[-0.721383,0.68432,-0.106363],[-0.471676,-0.373038,0.798977]],"s":1.20872,"sphereCenter":[42.0725,248.413,-27.0803],"sphereRadius":46.3579,"stabilizedPalmPosition":[46.705,265.318,15.2969],"t":[48.8516,25.6651,-86.6901],"timeVisible":19.2338,"type":"right","wrist":[60.072,233.456,56.0384]}],"id":1676573,"interactionBox":{"center":[0,200,0],"size":[235.247,235.247,147.751]},"pointables":[{"bases":[[[0.0366498,0.823091,0.566725],[-0.845491,-0.276778,0.45666],[0.53273,-0.495898,0.685773]],[[-0.0562508,0.896592,0.439271],[-0.885719,-0.247871,0.392508],[0.460802,-0.366991,0.808071]],[[-0.0562508,0.896592,0.439271],[-0.96702,0.0605416,-0.247402],[-0.248413,-0.4387,0.863616]],[[-0.0562508,0.896592,0.439271],[-0.744259,0.255615,-0.61704],[-0.665518,-0.36164,0.652918]]],"btipPosition":[39.3049,256.057,-37.0395],"carpPosition":[38.2824,215.141,46.3425],"dipPosition":[24.0372,247.76,-22.0609],"direction":[0.248413,0.4387,-0.863616],"extended":false,"handId":466,"id":4660,"length":51.0864,"mcpPosition":[38.2824,215.141,46.3425],"pipPosition":[15.7348,233.098,6.80273],"stabilizedTipPosition":[35.5869,253.882,-33.6302],"timeVisible":19.2338,"tipPosition":[35.7941,253.731,-33.5093],"tipVelocity":[33.6034,36.5082,6.42948],"tool":false,"touchDistance":0.065956,"touchZone":"hovering","type":0,"width":19.8498},{"bases":[[[0.89059,0.452814,0.0425265],[-0.385417,0.701765,0.599149],[0.241459,-0.549986,0.799508]],[[0.856931,0.513034,-0.0496598],[-0.442509,0.781675,0.439511],[0.264302,-0.354655,0.896864]],[[0.856931,0.513034,-0.0496598],[-0.491563,0.842425,0.220647],[0.155034,-0.164668,0.974089]],[[0.856931,0.513034,-0.0496598],[-0.511058,0.858231,0.0475329],[0.0670056,-0.0153533,0.997634]]],"btipPosition":[4.16644,295.803,-81.1602],"carpPosition":[37.5054,237.046,54.0539],"dipPosition":[5.28864,295.546,-64.4519],"direction":[-0.155034,0.164668,-0.974089],"extended":true,"handId":466,"id":4661,"length":57.6453,"mcpPosition":[20.0924,276.709,-3.60314],"pipPosition":[8.96182,291.644,-41.3731],"stabilizedTipPosition":[4.27322,295.518,-77.3601],"timeVisible":19.2338,"tipPosition":[4.26013,295.635,-77.3108],"tipVelocity":[32.8194,37.668,6.58922],"tool":false,"touchDistance":0.110884,"touchZone":"hovering","type":1,"width":18.9605},{"bases":[[[0.967592,0.248032,0.0473844],[-0.223909,0.755971,0.61512],[0.116748,-0.605795,0.787008]],[[0.970254,0.232506,0.0674347],[-0.128047,0.72928,-0.672127],[-0.205452,0.643499,0.737359]],[[0.970254,0.232506,0.0674347],[0.171713,-0.464605,-0.86871],[-0.17065,0.854449,-0.49071]],[[0.970254,0.232506,0.0674347],[0.237422,-0.859468,-0.452708],[-0.0472995,0.455252,-0.889105]]],"btipPosition":[54.7075,222.764,-3.5056],"carpPosition":[47.3566,243.941,55.0997],"dipPosition":[53.8362,231.15,-19.8835],"direction":[0.17065,-0.854449,0.49071],"extended":false,"handId":466,"id":4662,"length":65.6822,"mcpPosition":[39.3723,285.371,1.2769],"pipPosition":[49.0795,254.967,-33.5617],"stabilizedTipPosition":[51.8709,218.203,-11.4921],"timeVisible":19.2338,"tipPosition":[54.6983,224.233,-8.17003],"tipVelocity":[18.2265,62.6466,31.4617],"tool":false,"touchDistance":0.333333,"touchZone":"none","type":2,"width":18.6218},{"bases":[[[0.988334,0.0984824,0.116177],[-0.150371,0.752063,0.641708],[-0.0241751,-0.651692,0.758099]],[[0.988411,0.128008,0.0815916],[-0.0398848,0.737607,-0.674052],[-0.146467,0.662986,0.734164]],[[0.988411,0.128008,0.0815916],[0.137383,-0.52571,-0.839497],[-0.0645688,0.840977,-0.537204]],[[0.988411,0.128008,0.0815916],[0.149989,-0.906322,-0.395074],[0.0233757,0.402733,-0.915019]]],"btipPosition":[67.8843,228.834,8.22069],"carpPosition":[58.66,248.068,55.5775],"dipPosition":[68.3124,236.21,-8.53765],"direction":[0.0645688,-0.840977,0.537204],"extended":false,"handId":466,"id":4663,"length":63.1552,"mcpPosition":[60.1444,288.083,9.02874],"pipPosition":[66.5591,259.046,-23.1252],"stabilizedTipPosition":[64.9821,223.893,0.554215],"timeVisible":19.2338,"tipPosition":[68.1163,229.866,3.71112],"tipVelocity":[21.5628,48.5116,9.15821],"tool":false,"touchDistance":0.333333,"touchZone":"none","type":3,"width":17.7198},{"bases":[[[0.990062,-0.103231,0.0955009],[0.00364074,0.697676,0.716404],[-0.140584,-0.708937,0.691118]],[[0.999506,-0.0249061,0.0191755],[0.0314297,0.800209,-0.598897],[-0.000428232,0.599204,0.800596]],[[0.999506,-0.0249061,0.0191755],[0.00495736,-0.477511,-0.878612],[0.0310393,0.878273,-0.477151]],[[0.999506,-0.0249061,0.0191755],[-0.0136212,-0.892992,-0.449867],[0.028328,0.449384,-0.89289]]],"btipPosition":[79.2539,240.97,11.0014],"carpPosition":[72.3221,245.874,53.7986],"dipPosition":[79.7325,248.562,-4.08495],"direction":[-0.0310393,-0.878273,0.477151],"extended":false,"handId":466,"id":4664,"length":49.5125,"mcpPosition":[80.3127,286.169,14.516],"pipPosition":[80.3276,265.401,-13.233],"stabilizedTipPosition":[75.9894,236.619,3.55866],"timeVisible":19.2338,"tipPosition":[79.3684,242.198,6.8654],"tipVelocity":[20.404,47.5548,19.1264],"tool":false,"touchDistance":0.333333,"touchZone":"none","type":4,"width":15.7401}],"r":[[0.507078,0.626538,0.59188],[-0.721383,0.68432,-0.106363],[-0.471676,-0.373038,0.798977]],"s":1.20872,"t":[48.8516,25.6651,-86.6901],"timestamp":93345500425},false],[6,{"currentFrameRate":55.3634,"devices":[],"gestures":[],"hands":[{"armBasis":[[0.921119,0.386985,-0.0422063],[-0.36842,0.901636,0.226538],[0.125721,-0.193119,0.973088]],"armWidth":62.4607,"confidence":0.795968,"direction":[-0.141692,0.716062,-0.683504],"elbow":[93.4484,182.876,313.774],"grabStrength":0,"id":466,"palmNormal":[0.347111,-0.610691,-0.711738],"palmPosition":[47.2171,266.779,15.8281],"palmVelocity":[11.9218,35.0467,12.7517],"palmWidth":89.1918,"pinchStrength":0.499737,"r":[[0.50603,0.625998,0.593346],[-0.721395,0.684258,-0.106678],[-0.472782,-0.374055,0.797847]],"s":1.20701,"sphereCenter":[42.4088,249.116,-26.8998],"sphereRadius":46.3084,"stabilizedPalmPosition":[46.9024,265.881,15.5017],"t":[49.0594,26.2969,-86.4605],"timeVisible":19.2519,"type":"right","wrist":[60.1744,233.988,56.2325]}],"id":1676574,"interactionBox":{"center":[0,200,0],"size":[235.247,235.247,147.751]},"pointables":[{"bases":[[[0.034932,0.821996,0.568421],[-0.846026,-0.278444,0.454652],[0.531996,-0.496781,0.685704]],[[-0.0571693,0.895243,0.441896],[-0.886136,-0.249389,0.390599],[0.459885,-0.36925,0.807565]],[[-0.0571693,0.895243,0.441896],[-0.966465,0.0613676,-0.24936],[-0.250356,-0.441332,0.861712]],[[-0.0571693,0.895243,0.441896],[-0.741903,0.258088,-0.618847],[-0.668066,-0.363223,0.649428]]],"btipPosition":[39.6089,256.823,-36.7508],"carpPosition":[38.4181,215.673,46.4627],"dipPosition":[24.2828,248.491,-21.8523],"direction":[0.250356,0.441332,-0.861712],"extended":false,"handId":466,"id":4660,"length":51.0864,"mcpPosition":[38.4181,215.673,46.4627],"pipPosition":[15.9154,233.741,6.94769],"stabilizedTipPosition":[35.9236,254.576,-33.4229],"timeVisible":19.2519,"tipPosition":[36.0646,254.482,-33.2729],"tipVelocity":[25.2678,39.0841,10.4771],"tool":false,"touchDistance":0.0704602,"touchZone":"hovering","type":0,"width":19.8498},{"bases":[[[0.890107,0.453528,0.0449607],[-0.387081,0.700227,0.599876],[0.240578,-0.551357,0.798829]],[[0.856929,0.513352,-0.0462803],[-0.443834,0.780565,0.440148],[0.262076,-0.356635,0.896732]],[[0.856929,0.513352,-0.0462803],[-0.492567,0.842051,0.219837],[0.151824,-0.165589,0.974438]],[[0.856929,0.513352,-0.0462803],[-0.511557,0.85804,0.0455606],[0.063099,-0.0153672,0.997889]]],"btipPosition":[4.56792,296.523,-80.9559],"carpPosition":[37.6081,237.562,54.2162],"dipPosition":[5.6247,296.265,-64.2433],"direction":[-0.151824,0.165589,-0.974438],"extended":true,"handId":466,"id":4661,"length":57.6453,"mcpPosition":[20.2587,277.323,-3.39187],"pipPosition":[9.22182,292.342,-41.1562],"stabilizedTipPosition":[4.66041,296.199,-77.1815],"timeVisible":19.2519,"tipPosition":[4.61216,296.37,-77.0989],"tipVelocity":[27.3772,38.6865,8.85249],"tool":false,"touchDistance":0.114305,"touchZone":"hovering","type":1,"width":18.9605},{"bases":[[[0.967285,0.248807,0.0495447],[-0.225649,0.754546,0.616233],[0.115939,-0.607253,0.786004]],[[0.969936,0.233183,0.0696458],[-0.128535,0.733869,-0.667019],[-0.206648,0.638014,0.741778]],[[0.969936,0.233183,0.0696458],[0.174198,-0.465401,-0.867788],[-0.16994,0.853831,-0.492029]],[[0.969936,0.233183,0.0696458],[0.239349,-0.862298,-0.446267],[-0.0440064,0.44952,-0.892185]]],"btipPosition":[54.8336,223.768,-3.35918],"carpPosition":[47.4513,244.464,55.2927],"dipPosition":[54.0229,232.048,-19.7938],"direction":[0.16994,-0.853831,0.492029],"extended":false,"handId":466,"id":4662,"length":65.6822,"mcpPosition":[39.5223,285.993,1.53859],"pipPosition":[49.286,255.848,-33.5088],"stabilizedTipPosition":[52.1612,218.984,-11.0369],"timeVisible":19.2519,"tipPosition":[54.8519,225.137,-7.94442],"tipVelocity":[13.2432,58.6242,20.013],"tool":false,"touchDistance":0.333333,"touchZone":"none","type":2,"width":18.6218},{"bases":[[[0.988043,0.0991388,0.118075],[-0.152153,0.750651,0.64294],[-0.0248931,-0.653219,0.75676]],[[0.988154,0.128715,0.0835702],[-0.0400079,0.741787,-0.669441],[-0.148159,0.658167,0.73815]],[[0.988154,0.128715,0.0835702],[0.139171,-0.522096,-0.841455],[-0.0646764,0.843118,-0.533825]],[[0.988154,0.128715,0.0835702],[0.151469,-0.905551,-0.396276],[0.0246704,0.40424,-0.91432]]],"btipPosition":[68.0718,229.585,8.24446],"carpPosition":[58.75,248.599,55.7982],"dipPosition":[68.5236,236.988,-8.50108],"direction":[0.0646764,-0.843118,0.533825],"extended":false,"handId":466,"id":4663,"length":63.1552,"mcpPosition":[60.2785,288.708,9.33159],"pipPosition":[66.7674,259.883,-22.9968],"stabilizedTipPosition":[65.3848,224.826,1.03828],"timeVisible":19.2519,"tipPosition":[68.302,230.627,3.8486],"tipVelocity":[16.3853,45.3525,5.50741],"tool":false,"touchDistance":0.333333,"touchZone":"none","type":3,"width":17.7198},{"bases":[[[0.989989,-0.102532,0.0970022],[0.00177827,0.696253,0.717794],[-0.141135,-0.710435,0.689465]],[[0.999497,-0.0239674,0.020772],[0.0316275,0.8021,-0.596352],[-0.00236822,0.596709,0.802455]],[[0.999497,-0.0239674,0.020772],[0.00683915,-0.476655,-0.879064],[0.0309699,0.878764,-0.476251]],[[0.999497,-0.0239674,0.020772],[-0.0120748,-0.89317,-0.449558],[0.0293276,0.449081,-0.89301]]],"btipPosition":[79.432,241.684,11.2556],"carpPosition":[72.4172,246.421,54.0385],"dipPosition":[79.9275,249.272,-3.83281],"direction":[-0.0309699,-0.878764,0.476251],"extended":false,"handId":466,"id":4664,"length":49.5125,"mcpPosition":[80.4392,286.802,14.8498],"pipPosition":[80.5212,266.12,-12.9636],"stabilizedTipPosition":[76.3633,237.335,4.00301],"timeVisible":19.2519,"tipPosition":[79.55,242.907,7.14025],"tipVelocity":[15.489,43.7088,16.7038],"tool":false,"touchDistance":0.333333,"touchZone":"none","type":4,"width":15.7401}],"r":[[0.50603,0.625998,0.593346],[-0.721395,0.684258,-0.106678],[-0.472782,-0.374055,0.797847]],"s":1.20701,"t":[49.0594,26.2969,-86.4605],"timestamp":93345518508},false],[7,{"currentFrameRate":55.371,"devices":[],"g