{"sensorType":"Leap","data":[[0,{"currentFrameRate":55.3075,"devices":[],"gestures":[],"hands":[{"armBasis":[[0.885861,0.461802,-0.0446007],[-0.445441,0.873463,0.196581],[0.129738,-0.154277,0.979473]],"armWidth":62.4607,"confidence":0.890384,"direction":[-0.179229,0.725533,-0.664438],"elbow":[91.3011,176.711,313.793],"grabStrength":0,"id":466,"palmNormal":[0.419638,-0.554474,-0.718653],"palmPosition":[42.6051,250.553,14.8157],"palmVelocity":[18.0133,26.0632,17.9922],"palmWidth":89.1918,"pinchStrength":0.562076,"r":[[0.439048,0.643488,0.627025],[-0.769112,0.629934,-0.107936],[-0.46444,-0.434863,0.771485]],"s":1.16908,"sphereCenter":[43.3259,233.107,-29.3949],"sphereRadius":45.8659,"stabilizedPalmPosition":[41.1301,249.207,13.5644],"t":[44.3435,10.2312,-87.5628],"timeVisible":21.096,"type":"right","wrist":[56.964,217.542,54.5619]}],"id":1676676,"interactionBox":{"center":[0,200,0],"size":[235.247,235.247,147.751]},"pointables":[{"bases":[[[-0.0522475,0.80154,0.595655],[-0.833843,-0.363237,0.415649],[0.549523,-0.474966,0.687337]],[[-0.127616,0.859439,0.495054],[-0.86607,-0.339812,0.366674],[0.483359,-0.381958,0.787701]],[[-0.127616,0.859439,0.495054],[-0.963684,0.0106061,-0.266834],[-0.234578,-0.511128,0.826874]],[[-0.127616,0.859439,0.495054],[-0.626258,0.317225,-0.712158],[-0.7691,-0.400914,0.497747]]],"btipPosition":[38.9747,242.817,-34.1459],"carpPosition":[37.142,197.848,43.4516],"dipPosition":[21.3308,233.62,-22.7271],"direction":[0.234578,0.511128,-0.826874],"extended":false,"handId":466,"id":4660,"length":51.0864,"mcpPosition":[37.142,197.848,43.4516],"pipPosition":[13.4907,216.537,4.90852],"stabilizedTipPosition":[34.5212,240.114,-31.9366],"timeVisible":21.096,"tipPosition":[35.2381,240.213,-31.2057],"tipVelocity":[17.2509,26.0755,18.084],"tool":false,"touchDistance":0.0621016,"touchZone":"hovering","type":0,"width":19.8498},{"bases":[[[0.847096,0.523659,0.0906116],[-0.463367,0.644285,0.608431],[0.26023,-0.557385,0.788417]],[[0.808749,0.588114,-0.00684544],[-0.543984,0.752387,0.371477],[0.223621,-0.296708,0.928417]],[[0.808749,0.588114,-0.00684544],[-0.578932,0.798068,0.167106],[0.103741,-0.131184,0.985915]],[[0.808749,0.588114,-0.00684544],[-0.58801,0.808754,0.0126643],[0.0129843,-0.00621703,0.999896]]],"btipPosition":[3.39433,275.212,-84.1831],"carpPosition":[34.2538,219.308,51.878],"dipPosition":[3.61179,275.108,-67.4369],"direction":[-0.103741,0.131184,-0.985915],"extended":true,"handId":466,"id":4661,"length":57.6453,"mcpPosition":[15.4871,259.504,-4.9792],"pipPosition":[6.06969,272,-44.0779],"stabilizedTipPosition":[3.22261,274.858,-80.5103],"timeVisible":21.096,"tipPosition":[3.26474,275.617,-80.1516],"tipVelocity":[25.0982,28.9338,16.2036],"tool":false,"touchDistance":0.0523852,"touchZone":"hovering","type":1,"width":18.9605},{"bases":[[[0.940964,0.325981,0.0912374],[-0.307659,0.711147,0.632152],[0.141186,-0.622902,0.769454]],[[0.943102,0.315971,0.103539],[-0.185319,0.758045,-0.62532],[-0.27607,0.570553,0.773469]],[[0.943102,0.315971,0.103539],[0.222841,-0.369524,-0.902105],[-0.246779,0.87385,-0.418911]],[[0.943102,0.315971,0.103539],[0.322375,-0.792647,-0.517479],[-0.0814385,0.521414,-0.849409]]],"btipPosition":[55.2118,208.637,-8.32362],"carpPosition":[43.4448,226.957,53.5199],"dipPosition":[53.7117,218.242,-23.9702],"direction":[0.246779,-0.87385,0.418911],"extended":false,"handId":466,"id":4662,"length":65.6822,"mcpPosition":[33.7891,269.557,0.897608],"pipPosition":[46.8328,242.6,-35.6471],"stabilizedTipPosition":[49.1265,206.78,-16.5315],"timeVisible":21.096,"tipPosition":[54.8856,210.79,-12.0267],"tipVelocity":[20.7284,33.7025,10.7436],"tool":false,"touchDistance":0.333333,"touchZone":"none","type":2,"width":18.6218},{"bases":[[[0.971982,0.176219,0.155559],[-0.234988,0.7124,0.661262],[0.00570703,-0.679289,0.733849]],[[0.970488,0.20987,0.118775],[-0.0854244,0.75979,-0.644532],[-0.225512,0.615364,0.755295]],[[0.970488,0.20987,0.118775],[0.19946,-0.421778,-0.884488],[-0.135531,0.882076,-0.451191]],[[0.970488,0.20987,0.118775],[0.241065,-0.831273,-0.500872],[-0.00638405,0.514723,-0.857333]]],"btipPosition":[67.6589,213.372,4.36689],"carpPosition":[54.3354,231.992,54.5524],"dipPosition":[67.542,222.799,-11.3349],"direction":[0.135531,-0.882076,0.451191],"extended":false,"handId":466,"id":4663,"length":63.1552,"mcpPosition":[53.985,273.702,9.49254],"pipPosition":[63.8617,246.751,-23.5868],"stabilizedTipPosition":[61.64,211.286,-4.22609],"timeVisible":21.096,"tipPosition":[67.6194,215.394,0.737271],"tipVelocity":[20.4284,31.4025,14.8504],"tool":false,"touchDistance":0.333333,"touchZone":"none","type":3,"width":17.7198},{"bases":[[[0.991486,-0.023733,0.128036],[-0.0795149,0.668305,0.739625],[-0.103121,-0.743509,0.660728]],[[0.996815,0.0578966,0.0548508],[-0.0159826,0.818818,-0.57383],[-0.0781357,0.571126,0.817135]],[[0.996815,0.0578966,0.0548508],[0.072843,-0.380896,-0.921744],[-0.0324733,0.922803,-0.3839]],[[0.996815,0.0578966,0.0548508],[0.078805,-0.820781,-0.565782],[0.0122637,0.568302,-0.822729]]],"btipPosition":[77.1711,226.185,8.58352],"carpPosition":[68.1862,231.014,53.1998],"dipPosition":[77.3783,235.787,-5.31742],"direction":[0.0324733,-0.922803,0.3839],"extended":false,"handId":466,"id":4664,"length":49.5125,"mcpPosition":[74.0475,273.275,15.6446],"pipPosition":[76.7558,253.479,-12.6777],"stabilizedTipPosition":[70.2592,223.909,-1.0799],"timeVisible":21.096,"tipPosition":[77.2079,228.547,5.37634],"tipVelocity":[19.7417,29.1689,19.2531],"tool":false,"touchDistance":0.333333,"touchZone":"none","type":4,"width":15.7401}],"r":[[0.439048,0.643488,0.627025],[-0.769112,0.629934,-0.107936],[-0.46444,-0.434863,0.771485]],"s":1.16908,"t":[44.3435,10.2312,-87.5628],"timestamp":93347362582},false],[1,{"currentFrameRate":55.3188,"devices":[],"gestures":[],"hands":[{"armBasis":[[0.886252,0.461168,-0.0433798],[-0.444912,0.873572,0.197297],[0.128882,-0.155554,0.979384]],"armWidth":62.4607,"confidence":0.89447,"direction":[-0.178753,0.725589,-0.664506],"elbow":[91.1685,176.87,314.045],"grabStrength":0,"id":466,"palmNormal":[0.419228,-0.554837,-0.718613],"palmPosition":[42.7204,251.057,15.0882],"palmVelocity":[12.4991,26.9437,16.6233],"palmWidth":89.1918,"pinchStrength":0.562923,"r":[[0.437585,0.643071,0.628473],[-0.769378,0.62952,-0.10845],[-0.465378,-0.436077,0.770234]],"s":1.16855,"sphereCenter":[43.4298,233.611,-29.1229],"sphereRadius":45.8607,"stabilizedPalmPosition":[41.4911,249.627,13.9103],"t":[44.557,10.7189,-87.2668],"timeVisible":21.114,"type":"right","wrist":[57.0581,218.04,54.8372]}],"id":1676677,"interactionBox":{"center":[0,200,0],"size":[235.247,235.247,147.751]},"pointables":[{"bases":[[[-0.0516717,0.801636,0.595575],[-0.834078,-0.362619,0.415717],[0.549221,-0.475275,0.687365]],[[-0.127154,0.859678,0.494758],[-0.865984,-0.339433,0.36723],[0.483636,-0.381758,0.787627]],[[-0.127154,0.859678,0.494758],[-0.963864,0.0106275,-0.266182],[-0.234088,-0.510726,0.827262]],[[-0.127154,0.859678,0.494758],[-0.62528,0.317737,-0.712789],[-0.769972,-0.399996,0.497138]]],"btipPosition":[39.0448,243.283,-33.8632],"carpPosition":[37.222,198.358,43.7296],"dipPosition":[21.3808,234.107,-22.4584],"direction":[0.234088,0.510726,-0.827262],"extended":false,"handId":466,"id":4660,"length":51.0864,"mcpPosition":[37.222,198.358,43.7296],"pipPosition":[13.5572,217.038,5.19019],"stabilizedTipPosition":[34.688,240.497,-31.6846],"timeVisible":21.114,"tipPosition":[35.3084,240.712,-30.939],"tipVelocity":[10.7875,26.0886,16.8553],"tool":false,"touchDistance":0.0667597,"touchZone":"hovering","type":0,"width":19.8498},{"bases":[[[0.84746,0.523083,0.0905261],[-0.462899,0.644667,0.608382],[0.259875,-0.557484,0.788464]],[[0.809159,0.587548,-0.00692581],[-0.543455,0.752812,0.37139],[0.223423,-0.29675,0.928451]],[[0.809159,0.587548,-0.00692581],[-0.578378,0.798498,0.166974],[0.103636,-0.131103,0.985937]],[[0.809159,0.587548,-0.00692581],[-0.587446,0.809166,0.0125026],[0.01295,-0.00604802,0.999898]]],"btipPosition":[3.52646,275.729,-83.9125],"carpPosition":[34.3489,219.821,52.154],"dipPosition":[3.74334,275.628,-67.1663],"direction":[-0.103636,0.131103,-0.985937],"extended":true,"handId":466,"id":4661,"length":57.6453,"mcpPosition":[15.6079,260.024,-4.70658],"pipPosition":[6.19875,272.522,-43.8068],"stabilizedTipPosition":[3.41483,275.318,-80.2661],"timeVisible":21.114,"tipPosition":[3.39748,276.132,-79.8824],"tipVelocity":[16.6616,28.83,15.6342],"tool":false,"touchDistance":0.0568958,"touchZone":"hovering","type":1,"width":18.9605},{"bases":[[[0.941192,0.32534,0.0911686],[-0.307144,0.711423,0.632091],[0.140785,-0.622921,0.769512]],[[0.943317,0.315367,0.103427],[-0.185014,0.758383,-0.625001],[-0.275541,0.570438,0.773742]],[[0.943317,0.315367,0.103427],[0.22259,-0.369996,-0.901974],[-0.246185,0.873869,-0.419221]],[[0.943317,0.315367,0.103427],[0.321878,-0.793317,-0.516762],[-0.0809192,0.520761,-0.849859]]],"btipPosition":[55.2886,209.162,-8.04867],"carpPosition":[43.5452,227.464,53.7948],"dipPosition":[53.798,218.755,-23.7036],"direction":[0.246185,-0.873869,0.419221],"extended":false,"handId":466,"id":4662,"length":65.6822,"mcpPosition":[33.917,270.065,1.1685],"pipPosition":[46.9358,243.114,-35.3891],"stabilizedTipPosition":[49.8846,207.378,-15.8954],"timeVisible":21.114,"tipPosition":[54.9671,211.303,-11.7498],"tipVelocity":[12.9709,31.4533,12.8281],"tool":false,"touchDistance":0.333333,"touchZone":"none","type":2,"width":18.6218},{"bases":[[[0.972109,0.175564,0.155504],[-0.234471,0.71263,0.661198],[0.00526586,-0.679217,0.733918]],[[0.970634,0.209253,0.118671],[-0.0853659,0.760817,-0.643327],[-0.224906,0.614305,0.756338]],[[0.970634,0.209253,0.118671],[0.19908,-0.421788,-0.884569],[-0.135045,0.882217,-0.45106]],[[0.970634,0.209253,0.118671],[0.24049,-0.831984,-0.499967],[-0.00588712,0.513824,-0.857875]]],"btipPosition":[67.7411,213.926,4.5973],"carpPosition":[54.4394,232.492,54.8263],"dipPosition":[67.6333,223.337,-11.1145],"direction":[0.135045,-0.882217,0.45106],"extended":false,"handId":466,"id":4663,"length":63.1552,"mcpPosition":[54.1161,274.197,9.76225],"pipPosition":[63.9662,247.293,-23.3628],"stabilizedTipPosition":[62.3209,211.825,-3.64229],"timeVisible":21.114,"tipPosition":[67.7064,215.925,0.984711],"tipVelocity":[12.9528,30.9817,13.8049],"tool":false,"touchDistance":0.333333,"touchZone":"none","type":3,"width":17.7198},{"bases":[[[0.991474,-0.0244043,0.128001],[-0.0790256,0.668435,0.73956],[-0.103609,-0.74337,0.660807]],[[0.996856,0.0572842,0.0547438],[-0.0155844,0.819145,-0.573375],[-0.0776884,0.570719,0.817462]],[[0.996856,0.0572842,0.0547438],[0.0725036,-0.380755,-0.921829],[-0.0319623,0.9229,-0.383711]],[[0.996856,0.0572842,0.0547438],[0.0782377,-0.820933,-0.56564],[0.0125387,0.568145,-0.822833]]],"btipPosition":[77.2722,226.682,8.83935],"carpPosition":[68.2895,231.504,53.4734],"dipPosition":[77.484,236.281,-5.06336],"direction":[0.0319623,-0.9229,0.383711],"extended":false,"handId":466,"id":4664,"length":49.5125,"mcpPosition":[74.1785,273.757,15.9136],"pipPosition":[76.8713,253.976,-12.42],"stabilizedTipPosition":[70.8152,224.301,-0.550695],"timeVisible":21.114,"tipPosition":[77.3093,229.033,5.63915],"tipVelocity":[13.061,28.3826,16.8366],"tool":false,"touchDistance":0.333333,"touchZone":"none","type":4,"width":15.7401}],"r":[[0.437585,0.643071,0.628473],[-0.769378,0.62952,-0.10845],[-0.465378,-0.436077,0.770234]],"s":1.16855,"t":[44.557,10.7189,-87.2668],"timestamp":93347380620},false],[2,{"currentFrameRate":55.3643,"devices":[],"gestures":[],"hands":[{"armBasis":[[0.886278,0.461279,-0.0416226],[-0.444783,0.87274,0.201229],[0.129148,-0.159832,0.97866]],"armWidth":62.4607,"confidence":0.908594,"direction":[-0.178972,0.725588,-0.664448],"elbow":[91.3481,176.319,314.12],"grabStrength":0,"id":466,"palmNormal":[0.418452,-0.555085,-0.718873],"palmPosition":[42.8123,251.638,15.362],"palmVelocity":[9.02154,29.5596,15.9964],"palmWidth":89.1918,"pinchStrength":0.563987,"r":[[0.436562,0.642715,0.629548],[-0.769557,0.629249,-0.108758],[-0.466043,-0.436993,0.769312]],"s":1.16812,"sphereCenter":[43.4877,234.193,-28.8491],"sphereRadius":45.8571,"stabilizedPalmPosition":[41.7758,250.06,14.2231],"t":[44.7097,11.2536,-86.9818],"timeVisible":21.1319,"type":"right","wrist":[57.1672,218.62,55.1037]}],"id":1676678,"interactionBox":{"center":[0,200,0],"size":[235.247,235.247,147.751]},"pointables":[{"bases":[[[-0.0508911,0.801723,0.595526],[-0.833904,-0.362238,0.416398],[0.549558,-0.475421,0.686995]],[[-0.126511,0.85984,0.494642],[-0.865609,-0.339231,0.368297],[0.484474,-0.381573,0.787202]],[[-0.126511,0.85984,0.494642],[-0.964248,0.0104571,-0.264797],[-0.232855,-0.510457,0.827775]],[[-0.126511,0.85984,0.494642],[-0.625742,0.317745,-0.71238],[-0.769702,-0.399642,0.49784]]],"btipPosition":[39.0491,243.844,-33.5918],"carpPosition":[37.3147,198.945,44.0135],"dipPosition":[21.3913,234.676,-22.1708],"direction":[0.232855,0.510457,-0.827775],"extended":false,"handId":466,"id":4660,"length":51.0864,"mcpPosition":[37.3147,198.945,44.0135],"pipPosition":[13.6088,217.616,5.49491],"stabilizedTipPosition":[34.7861,240.902,-31.4491],"timeVisible":21.1319,"tipPosition":[35.3218,241.296,-30.6714],"tipVelocity":[5.84627,28.61,16.1532],"tool":false,"touchDistance":0.0713457,"touchZone":"hovering","type":0,"width":19.8498},{"bases":[[[0.84774,0.522752,0.0898169],[-0.462172,0.64492,0.608667],[0.260257,-0.557502,0.788326]],[[0.80941,0.587195,-0.0075695],[-0.542865,0.753095,0.371678],[0.223948,-0.296731,0.928331]],[[0.80941,0.587195,-0.0075695],[-0.577918,0.798777,0.167231],[0.104243,-0.130983,0.985889]],[[0.80941,0.587195,-0.0075695],[-0.587087,0.809424,0.0127266],[0.0135999,-0.00585709,0.99989]]],"btipPosition":[3.55935,276.313,-83.6124],"carpPosition":[34.4567,220.41,52.4377],"dipPosition":[3.78712,276.215,-66.8663],"direction":[-0.104243,0.130983,-0.985889],"extended":true,"handId":466,"id":4661,"length":57.6453,"mcpPosition":[15.6881,260.615,-4.41286],"pipPosition":[6.25693,273.111,-43.508],"stabilizedTipPosition":[3.51109,275.793,-80.0191],"timeVisible":21.1319,"tipPosition":[3.43268,276.712,-79.5839],"tipVelocity":[9.7307,30.6251,16.1639],"tool":false,"touchDistance":0.0618962,"touchZone":"hovering","type":1,"width":18.9605},{"bases":[[[0.941392,0.324971,0.0904091],[-0.306372,0.711616,0.632249],[0.141126,-0.622893,0.769472]],[[0.943519,0.315017,0.102644],[-0.18552,0.759009,-0.624089],[-0.274506,0.569798,0.774582]],[[0.943519,0.315017,0.102644],[0.221763,-0.370287,-0.902058],[-0.246156,0.873872,-0.419232]],[[0.943519,0.315017,0.102644],[0.321249,-0.794042,-0.51604],[-0.0810577,0.519868,-0.850392]]],"btipPosition":[55.3303,209.793,-7.79966],"carpPosition":[43.6574,228.05,54.0706],"dipPosition":[53.8371,219.369,-23.4644],"direction":[0.246156,-0.873872,0.419232],"extended":false,"handId":466,"id":4662,"length":65.6822,"mcpPosition":[34.0059,270.649,1.44704],"pipPosition":[46.9757,243.727,-35.1502],"stabilizedTipPosition":[50.5069,207.941,-15.3474],"timeVisible":21.1319,"tipPosition":[55.0128,211.911,-11.4908],"tipVelocity":[7.93163,33.1232,13.2779],"tool":false,"touchDistance":0.333333,"touchZone":"none","type":2,"width":18.6218},{"bases":[[[0.972299,0.17519,0.154737],[-0.233676,0.712797,0.661299],[0.00555676,-0.679139,0.733989]],[[0.970808,0.208894,0.117882],[-0.0856783,0.761044,-0.643017],[-0.224036,0.614146,0.756725]],[[0.970808,0.208894,0.117882],[0.198298,-0.422475,-0.884417],[-0.134947,0.881974,-0.451565]],[[0.970808,0.208894,0.117882],[0.239783,-0.832731,-0.499063],[-0.00608709,0.51276,-0.85851]]],"btipPosition":[67.8011,214.536,4.86824],"carpPosition":[54.5544,233.073,55.0932],"dipPosition":[67.6896,223.927,-10.8552],"direction":[0.134947,-0.881974,0.451565],"extended":false,"handId":466,"id":4663,"length":63.1552,"mcpPosition":[54.2132,274.774,10.0248],"pipPosition":[64.0252,247.876,-23.1172],"stabilizedTipPosition":[62.8943,212.337,-3.12779],"timeVisible":21.1319,"tipPosition":[67.7688,216.521,1.24906],"tipVelocity":[8.39844,32.3086,14.3606],"tool":false,"touchDistance":0.333333,"touchZone":"none","type":3,"width":17.7198},{"bases":[[[0.991562,-0.0247894,0.127241],[-0.0781879,0.668548,0.739547],[-0.1034,-0.743255,0.660969]],[[0.99692,0.05698,0.0538887],[-0.0158741,0.819506,-0.572851],[-0.0768031,0.570231,0.817886]],[[0.99692,0.05698,0.0538887],[0.071593,-0.380671,-0.921935],[-0.0320179,0.922953,-0.383578]],[[0.99692,0.05698,0.0538887],[0.0774976,-0.821164,-0.565406],[0.0120346,0.567841,-0.82305]]],"btipPosition":[77.3527,227.272,9.07293],"carpPosition":[68.403,232.08,53.7297],"dipPosition":[77.5561,236.866,-4.83345],"direction":[0.0320179,-0.922953,0.383578],"extended":false,"handId":466,"id":4664,"length":49.5125,"mcpPosition":[74.2802,274.326,16.1607],"pipPosition":[76.9422,254.562,-12.1875],"stabilizedTipPosition":[71.3242,224.701,-0.0539166],"timeVisible":21.1319,"tipPosition":[77.3871,229.61,5.87871],"tipVelocity":[8.96761,30.5112,15.0252],"tool":false,"touchDistance":0.333333,"touchZone":"none","type":4,"width":15.7401}],"r":[[0.436562,0.642715,0.629548],[-0.769557,0.629249,-0.108758],[-0.466043,-0.436993,0.769312]],"s":1.16812,"t":[44.7097,11.2536,-86.9818],"timestamp":93347398525},false],[3,{"currentFrameRate":55.3197,"devices":[],"gestures":[],"hands":[{"armBasis":[[0.88747,0.459023,-0.0411769],[-0.44268,0.873891,0.20087],[0.128188,-0.160038,0.978752]],"armWidth":62.4607,"confidence":0.917408,"direction":[-0.177681,0.725692,-0.664681],"elbow":[91.0172,176.819,314.409],"grabStrength":0,"id":466,"palmNormal":[0.416815,-0.556354,-0.718843],"palmPosition":[42.7894,252.208,15.62],"palmVelocity":[4.10703,30.3575,15.1127],"palmWidth":89.1918,"pinchStrength":0.558745,"r":[[0.4361,0.642288,0.630303],[-0.769425,0.629371,-0.108981],[-0.466692,-0.437445,0.768662]],"s":1.16816,"sphereCenter":[43.3894,234.727,-28.614],"sphereRadius":45.8835,"stabilizedPalmPosition":[41.9879,250.509,14.5154],"t":[44.7746,11.8056,-86.7104],"timeVisible":21.1502,"type":"right","wrist":[57.0905,219.175,55.3689]}],"id":1676679,"interactionBox":{"center":[0,200,0],"size":[235.247,235.247,147.751]},"pointables":[{"bases":[[[-0.0487617,0.802104,0.59519],[-0.834502,-0.360162,0.417002],[0.548843,-0.476354,0.686919]],[[-0.123,0.859468,0.496171],[-0.864623,-0.338221,0.371529],[0.487132,-0.383303,0.784717]],[[-0.123,0.859468,0.496171],[-0.965671,0.0116149,-0.259507],[-0.228801,-0.511057,0.828535]],[[-0.123,0.859468,0.496171],[-0.629886,0.318741,-0.708271],[-0.766886,-0.399648,0.502162]]],"btipPosition":[38.5919,244.544,-33.3101],"carpPosition":[37.1877,199.54,44.2982],"dipPosition":[20.9987,235.376,-21.79],"direction":[0.228801,0.511057,-0.828535],"extended":false,"handId":466,"id":4660,"length":51.0864,"mcpPosition":[37.1877,199.54,44.2982],"pipPosition":[13.3518,218.295,5.90111],"stabilizedTipPosition":[34.7109,241.382,-31.2025],"timeVisible":21.1502,"tipPosition":[34.9865,241.988,-30.4013],"tipVelocity":[-8.54821,33.2789,16.4143],"tool":false,"touchDistance":0.0764198,"touchZone":"hovering","type":0,"width":19.8498},{"bases":[[[0.848968,0.520872,0.0891335],[-0.460389,0.646238,0.608619],[0.259411,-0.557735,0.78844]],[[0.810752,0.585332,-0.00821939],[-0.540948,0.754493,0.371639],[0.223734,-0.296861,0.928341]],[[0.810752,0.585332,-0.00821939],[-0.575996,0.800169,0.167208],[0.104449,-0.13083,0.985887]],[[0.810752,0.585332,-0.00821939],[-0.58522,0.810775,0.0127177],[0.0141081,-0.00550073,0.999885]]],"btipPosition":[3.54199,276.93,-83.3446],"carpPosition":[34.3827,221.015,52.7142],"dipPosition":[3.77827,276.838,-66.5985],"direction":[-0.104449,0.13083,-0.985887],"extended":true,"handId":466,"id":4661,"length":57.6453,"mcpPosition":[15.6751,261.237,-4.14467],"pipPosition":[6.25296,273.738,-43.2402],"stabilizedTipPosition":[3.54965,276.298,-79.7811],"timeVisible":21.1502,"tipPosition":[3.41924,277.326,-79.318],"tipVelocity":[4.67468,32.2173,15.4607],"tool":false,"touchDistance":0.0663606,"touchZone":"hovering","type":1,"width":18.9605},{"bases":[[[0.942173,0.32288,0.0897656],[-0.304426,0.712593,0.632089],[0.140123,-0.622864,0.769679]],[[0.944279,0.31295,0.101976],[-0.184432,0.759692,-0.623581],[-0.272619,0.570027,0.775079]],[[0.944279,0.31295,0.101976],[0.220512,-0.371483,-0.901873],[-0.244359,0.874107,-0.419793]],[[0.944279,0.31295,0.101976],[0.319283,-0.795643,-0.514792],[-0.079968,0.518667,-0.851228]]],"btipPosition":[55.1837,210.38,-7.53814],"carpPosition":[43.6015,228.635,54.3387],"dipPosition":[53.7106,219.934,-23.2183],"direction":[0.244359,-0.874107,0.419793],"extended":false,"handId":466,"id":4662,"length":65.6822,"mcpPosition":[34.0186,271.232,1.70103],"pipPosition":[46.8993,244.3,-34.9198],"stabilizedTipPosition":[51.0045,208.473,-14.8653],"timeVisible":21.1502,"tipPosition":[54.8755,212.476,-11.2252],"tipVelocity":[0.417301,32.5654,13.6951],"tool":false,"touchDistance":0.333333,"touchZone":"none","type":2,"width":18.6218},{"bases":[[[0.972774,0.173058,0.154145],[-0.231712,0.713621,0.6611],[0.00440772,-0.678819,0.734292]],[[0.97134,0.206745,0.11728],[-0.0847467,0.762209,-0.641759],[-0.222072,0.613428,0.757885]],[[0.97134,0.206745,0.11728],[0.196782,-0.422702,-0.884647],[-0.133322,0.882371,-0.451272]],[[0.97134,0.206745,0.11728],[0.237636,-0.833803,-0.498299],[-0.00523289,0.511888,-0.859036]]],"btipPosition":[67.6819,215.113,5.06056],"carpPosition":[54.5104,233.634,55.3533],"dipPosition":[67.5861,224.488,-10.6725],"direction":[0.133322,-0.882371,0.451272],"extended":false,"handId":466,"id":4663,"length":63.1552,"mcpPosition":[54.2397,275.315,10.2663],"pipPosition":[63.9658,248.449,-22.9265],"stabilizedTipPosition":[63.381,212.84,-2.66112],"timeVisible":21.1502,"tipPosition":[67.6553,217.078,1.46708],"tipVelocity":[1.35225,31.9151,12.4804],"tool":false,"touchDistance":0.333333,"touchZone":"none","type":3,"width":17.7198},{"bases":[[[0.99157,-0.0269764,0.126729],[-0.0762837,0.669057,0.739286],[-0.104732,-0.742722,0.661359]],[[0.997074,0.0547857,0.0533025],[-0.0143974,0.819464,-0.57295],[-0.0750689,0.570506,0.817856]],[[0.997074,0.0547857,0.0533025],[0.0702291,-0.381322,-0.921771],[-0.0301744,0.922818,-0.384054]],[[0.997074,0.0547857,0.0533025],[0.0753471,-0.821798,-0.564774],[0.0128624,0.567138,-0.823522]]],"btipPosition":[77.272,227.775,9.32216],"carpPosition":[68.356,232.609,53.983],"dipPosition":[77.4893,237.358,-4.59219],"direction":[0.0301744,-0.922818,0.384054],"extended":false,"handId":466,"id":4664,"length":49.5125,"mcpPosition":[74.3089,274.824,16.3918],"pipPosition":[76.9108,255.05,-11.9554],"stabilizedTipPosition":[71.7782,225.101,0.413559],"timeVisible":21.1502,"tipPosition":[77.3098,230.103,6.1269],"tipVelocity":[2.6487,29.0522,14.3295],"tool":false,"touchDistance":0.333333,"touchZone":"none","type":4,"width":15.7401}],"r":[[0.4361,0.642288,0.630303],[-0.769425,0.629371,-0.108981],[-0.466692,-0.437445,0.768662]],"s":1.16816,"t":[44.7746,11.8056,-86.7104],"timestamp":93347416756},false],[4,{"currentFrameRate":55.3678,"devices":[],"gestures":[],"hands":[{"armBasis":[[0.888068,0.457841,-0.0414453],[-0.441437,0.874458,0.201139],[0.128332,-0.160329,0.978686]],"armWidth":62.4607,"confidence":0.814351,"direction":[-0.177141,0.725776,-0.664733],"elbow":[91.0194,177.07,314.548],"grabStrength":0,"id":466,"palmNormal":[0.41565,-0.557056,-0.718974],"palmPosition":[42.7722,252.546,15.7772],"palmVelocity":[1.71661,24.945,12.1288],"palmWidth":89.1918,"pinchStrength":0.549021,"r":[[0.435975,0.641861,0.630825],[-0.76917,0.629664,-0.109093],[-0.46723,-0.43765,0.768218]],"s":1.16872,"sphereCenter":[43.3288,235.038,-28.496],"sphereRadius":45.9118,"stabilizedPalmPosition":[42.141,250.907,14.7617],"t":[44.7985,12.2506,-86.4961],"timeVisible":21.1681,"type":"right","wrist":[57.0546,219.503,55.5248]}],"id":1676680,"interactionBox":{"center":[0,200,0],"size":[235.247,235.247,147.751]},"pointables":[{"bases":[[[-0.0473524,0.802298,0.595042],[-0.834715,-0.358982,0.417592],[0.548642,-0.476917,0.686689]],[[-0.119846,0.858563,0.498505],[-0.863293,-0.338085,0.374732],[0.490268,-0.385445,0.781709]],[[-0.119846,0.858563,0.498505],[-0.967191,0.0123266,-0.253752],[-0.224007,-0.51256,0.828917]],[[-0.119846,0.858563,0.498505],[-0.640345,0.316868,-0.699681],[-0.75868,-0.403068,0.511801]]],"btipPosition":[38.0217,245.129,-33.2245],"carpPosition":[37.1194,199.891,44.4705],"dipPosition":[20.6168,235.882,-21.4832],"direction":[0.224007,0.51256,-0.828917],"extended":false,"handId":466,"id":4660,"length":51.0864,"mcpPosition":[37.1194,199.891,44.4705],"pipPosition":[13.1301,218.752,6.22067],"stabilizedTipPosition":[34.4985,241.879,-30.9944],"timeVisible":21.1681,"tipPosition":[34.5799,242.522,-30.2733],"tipVelocity":[-18.4064,32.5295,12.27],"tool":false,"touchDistance":0.0786955,"touchZone":"hovering","type":0,"width":19.8498},{"bases":[[[0.849701,0.519785,0.088499],[-0.459175,0.646973,0.608757],[0.259166,-0.557898,0.788405]],[[0.811581,0.584176,-0.00868765],[-0.539622,0.755217,0.372095],[0.22393,-0.297297,0.928154]],[[0.811581,0.584176,-0.00868765],[-0.574721,0.800942,0.16789],[0.105036,-0.131264,0.985767]],[[0.811581,0.584176,-0.00868765],[-0.584049,0.811605,0.0135364],[0.0149586,-0.00591183,0.999871]]],"btipPosition":[3.48811,277.335,-83.1618],"carpPosition":[34.3476,221.372,52.8835],"dipPosition":[3.73863,277.236,-66.416],"direction":[-0.105036,0.131264,-0.985767],"extended":true,"handId":466,"id":4661,"length":57.6453,"mcpPosition":[15.6577,261.606,-3.97283],"pipPosition":[6.22722,274.126,-43.0605],"stabilizedTipPosition":[3.54805,276.712,-79.5889],"timeVisible":21.1681,"tipPosition":[3.37703,277.705,-79.1425],"tipVelocity":[1.13493,27.6388,12.9845],"tool":false,"touchDistance":0.0694064,"touchZone":"hovering","type":1,"width":18.9605},{"bases":[[[0.942648,0.321672,0.0891181],[-0.303111,0.713129,0.632117],[0.139782,-0.622876,0.769732]],[[0.944749,0.311738,0.101333],[-0.183959,0.76009,-0.623236],[-0.271308,0.57016,0.775441]],[[0.944749,0.311738,0.101333],[0.219355,-0.371527,-0.902137],[-0.243583,0.874521,-0.419381]],[[0.944749,0.311738,0.101333],[0.317904,-0.796004,-0.515087],[-0.0799109,0.518842,-0.851127]]],"btipPosition":[55.0982,210.705,-7.41018],"carpPosition":[43.5773,228.98,54.5007],"dipPosition":[53.6262,220.263,-23.0885],"direction":[0.243583,-0.874521,0.419381],"extended":false,"handId":466,"id":4662,"length":65.6822,"mcpPosition":[34.0177,271.578,1.85944],"pipPosition":[46.8365,244.64,-34.7785],"stabilizedTipPosition":[51.3954,208.934,-14.4646],"timeVisible":21.1681,"tipPosition":[54.7893,212.801,-11.0828],"tipVelocity":[-2.02761,25.795,10.6187],"tool":false,"touchDistance":0.333333,"touchZone":"none","type":2,"width":18.6218},{"bases":[[[0.973093,0.171825,0.153512],[-0.230378,0.714069,0.661084],[0.00397215,-0.678662,0.73444]],[[0.971684,0.205458,0.116692],[-0.085221,0.765363,-0.637932],[-0.22038,0.609924,0.7612]],[[0.971684,0.205458,0.116692],[0.195263,-0.420136,-0.886205],[-0.133051,0.883897,-0.448357]],[[0.971684,0.205458,0.116692],[0.236226,-0.833798,-0.498977],[-0.00522076,0.512414,-0.858723]]],"btipPosition":[67.6098,215.537,4.97565],"carpPosition":[54.4933,233.965,55.5075],"dipPosition":[67.5142,224.922,-10.7516],"direction":[0.133051,-0.883897,0.448357],"extended":false,"handId":466,"id":4663,"length":63.1552,"mcpPosition":[54.2494,275.637,10.4114],"pipPosition":[63.9013,248.924,-22.9266],"stabilizedTipPosition":[63.8116,213.337,-2.24969],"timeVisible":21.1681,"tipPosition":[67.583,217.474,1.47146],"tipVelocity":[-1.18387,28.1013,4.38831],"tool":false,"touchDistance":0.333333,"touchZone":"none","type":3,"width":17.7198},{"bases":[[[0.991612,-0.0282406,0.126129],[-0.0749597,0.669319,0.739184],[-0.105296,-0.742438,0.661588]],[[0.997177,0.0535284,0.0526533],[-0.0137569,0.819635,-0.572721],[-0.0738133,0.57038,0.818058]],[[0.997177,0.0535284,0.0526533],[0.0691712,-0.382138,-0.921513],[-0.0292062,0.922554,-0.384762]],[[0.997177,0.0535284,0.0526533],[0.0739246,-0.822694,-0.563658],[0.0131459,0.565959,-0.824329]]],"btipPosition":[77.2179,228.102,9.47534],"carpPosition":[68.3367,232.922,54.1289],"dipPosition":[77.44,237.664,-4.45263],"direction":[0.0292062,-0.922554,0.384762],"extended":false,"handId":466,"id":4664,"length":49.5125,"mcpPosition":[74.3217,275.121,16.5248],"pipPosition":[76.8801,255.352,-11.8294],"stabilizedTipPosition":[72.1671,225.469,0.828408],"timeVisible":21.1681,"tipPosition":[77.2576,230.409,6.27322],"tipVelocity":[0.000919169,23.8295,11.5249],"tool":false,"touchDistance":0.333333,"touchZone":"none","type":4,"width":15.7401}],"r":[[0.435975,0.641861,0.630825],[-0.76917,0.629664,-0.109093],[-0.46723,-0.43765,0.768218]],"s":1.16872,"t":[44.7985,12.2506,-86.4961],"timestamp":93347434651},false],[5,{"currentFrameRate":55.3728,"devices":[],"gestures":[],"hands":[{"armBasis":[[0.887757,0.458466,-0.04118],[-0.44218,0.874229,0.200501],[0.127924,-0.159787,0.978828]],"armWidth":62.4607,"confidence":0.836206,"direction":[-0.177728,0.726694,-0.663573],"elbow":[90.8639,177.562,314.632],"grabStrength":0,"id":466,"palmNormal":[0.416389,-0.555439,-0.719797],"palmPosition":[42.7003,252.945,15.8758],"palmVelocity":[-0.989726,23.6216,8.9658],"palmWidth":89.1918,"pinchStrength":0.538691,"r":[[0.435713,0.641399,0.631475],[-0.769089,0.629777,-0.10901],[-0.467608,-0.438164,0.767695]],"s":1.16987,"sphereCenter":[43.1989,235.458,-28.4848],"sphereRadius":45.9853,"stabilizedPalmPosition":[42.2493,251.302,14.9774],"t":[44.7745,12.6729,-86.3396],"timeVisible":21.1861,"type":"right","wrist":[57.0071,219.852,55.572]}],"id":1676681,"interactionBox":{"center":[0,200,0],"size":[235.247,235.247,147.751]},"pointables":[{"bases":[[[-0.0483139,0.801263,0.596359],[-0.834446,-0.360527,0.416798],[0.548968,-0.477492,0.686029]],[[-0.117525,0.855336,0.504568],[-0.860472,-0.341356,0.378238],[0.495758,-0.389714,0.77611]],[[-0.117525,0.855336,0.504568],[-0.968829,0.0128227,-0.247399],[-0.218079,-0.517915,0.827167]],[[-0.117525,0.855336,0.504568],[-0.647385,0.319296,-0.692057],[-0.753047,-0.407984,0.516207]]],"btipPosition":[37.401,245.976,-32.9831],"carpPosition":[37.0946,200.238,44.4805],"dipPosition":[20.1252,236.617,-21.1408],"direction":[0.218079,0.517915,-0.827167],"extended":false,"handId":466,"id":4660,"length":51.0864,"mcpPosition":[37.0946,200.238,44.4805],"pipPosition":[12.8367,219.307,6.50462],"stabilizedTipPosition":[34.1696,242.476,-30.7687],"timeVisible":21.1861,"tipPosition":[34.1149,243.285,-30.0918],"tipVelocity":[-25.2176,38.6927,13.4071],"tool":false,"touchDistance":0.0831056,"touchZone":"hovering","type":0,"width":19.8498},{"bases":[[[0.849147,0.520507,0.0895613],[-0.45998,0.645493,0.609719],[0.259552,-0.558937,0.787542]],[[0.811055,0.584924,-0.00737296],[-0.540335,0.753937,0.373653],[0.224117,-0.299069,0.927539]],[[0.811055,0.584924,-0.00737296],[-0.575426,0.800025,0.169837],[0.10524,-0.133504,0.985445]],[[0.811055,0.584924,-0.00737296],[-0.584774,0.811044,0.0157],[0.0151631,-0.00842206,0.99985]]],"btipPosition":[3.39543,277.909,-83.0207],"carpPosition":[34.2989,221.702,52.9284],"dipPosition":[3.64938,277.768,-66.2753],"direction":[-0.10524,0.133504,-0.985445],"extended":true,"handId":466,"id":4661,"length":57.6453,"mcpPosition":[15.5811,262.01,-3.86567],"pipPosition":[6.14281,274.605,-42.9274],"stabilizedTipPosition":[3.51116,277.168,-79.4246],"timeVisible":21.1861,"tipPosition":[3.29697,278.238,-79.0104],"tipVelocity":[-1.82052,29.3779,10.5306],"tool":false,"touchDistance":0.071756,"touchZone":"hovering","type":1,"width":18.9605},{"bases":[[[0.942297,0.322488,0.0898744],[-0.303989,0.71177,0.633225],[0.140238,-0.624007,0.768732]],[[0.944404,0.312543,0.102065],[-0.184785,0.761315,-0.621493],[-0.271947,0.56808,0.776743]],[[0.944404,0.312543,0.102065],[0.219813,-0.369343,-0.902922],[-0.244505,0.875158,-0.41751]],[[0.944404,0.312543,0.102065],[0.318823,-0.794702,-0.516527],[-0.0803261,0.520351,-0.850166]]],"btipPosition":[55.0736,211.172,-7.41349],"carpPosition":[43.5204,229.317,54.5604],"dipPosition":[53.594,220.757,-23.0741],"direction":[0.244505,-0.875158,0.41751],"extended":false,"handId":466,"id":4662,"length":65.6822,"mcpPosition":[33.9296,271.992,1.98747],"pipPosition":[46.7785,245.152,-34.7119],"stabilizedTipPosition":[51.7417,209.395,-14.1068],"timeVisible":21.1861,"tipPosition":[54.7627,213.271,-11.0665],"tipVelocity":[-1.75819,25.9921,5.59966],"tool":false,"touchDistance":0.333333,"touchZone":"none","type":2,"width":18.6218},{"bases":[[[0.972881,0.172566,0.154028],[-0.231264,0.712737,0.66221],[0.00449368,-0.679873,0.733316]],[[0.971448,0.206231,0.117293],[-0.0858566,0.766454,-0.636535],[-0.221173,0.60829,0.762276]],[[0.971448,0.206231,0.117293],[0.19592,-0.418493,-0.886837],[-0.133807,0.884496,-0.446949]],[[0.971448,0.206231,0.117293],[0.23719,-0.832828,-0.500138],[-0.00545886,0.513679,-0.857965]]],"btipPosition":[67.5752,215.99,5.01593],"carpPosition":[54.431,234.311,55.5781],"dipPosition":[67.4752,225.398,-10.6975],"direction":[0.133807,-0.884496,0.446949],"extended":false,"handId":466,"id":4663,"length":63.1552,"mcpPosition":[54.1551,276.057,10.5509],"pipPosition":[63.8417,249.416,-22.8342],"stabilizedTipPosition":[64.1979,213.835,-1.87256],"timeVisible":21.1861,"tipPosition":[67.5488,217.932,1.51384],"tipVelocity":[-1.56045,26.8056,3.44931],"tool":false,"touchDistance":0.333333,"touchZone":"none","type":3,"width":17.7198},{"bases":[[[0.99161,-0.0274348,0.126318],[-0.075819,0.668017,0.740274],[-0.104692,-0.74364,0.660332]],[[0.997109,0.0545211,0.0529248],[-0.0145939,0.820972,-0.570783],[-0.0745694,0.56836,0.819394]],[[0.997109,0.0545211,0.0529248],[0.0697601,-0.380768,-0.922035],[-0.0301183,0.923062,-0.383471]],[[0.997109,0.0545211,0.0529248],[0.0749065,-0.822198,-0.564251],[0.0127511,0.566584,-0.823905]]],"btipPosition":[77.173,228.582,9.54056],"carpPosition":[68.2758,233.284,54.201],"dipPosition":[77.3885,238.155,-4.38026],"direction":[0.0301183,-0.923062,0.383471],"extended":false,"handId":466,"id":4664,"length":49.5125,"mcpPosition":[74.2264,275.552,16.6683],"pipPosition":[76.811,255.853,-11.7323],"stabilizedTipPosition":[72.5363,225.857,1.23091],"timeVisible":21.1861,"tipPosition":[77.2112,230.877,6.34146],"tipVelocity":[-1.2198,25.2222,7.81438],"tool":false,"touchDistance":0.333333,"touchZone":"none","type":4,"width":15.7401}],"r":[[0.435713,0.641399,0.631475],[-0.769089,0.629777,-0.10901],[-0.467608,-0.438164,0.767695]],"s":1.16987,"t":[44.7745,12.6729,-86.3396],"timestamp":93347452693},false],[6,{"currentFrameRate":55.3647,"devices":[],"gestures":[],"hands":[{"armBasis":[[0.887014,0.45984,-0.0418625],[-0.443109,0.873209,0.202881],[0.129847,-0.161409,0.978308]],"armWidth":62.4607,"confidence":0.85093,"direction":[-0.177734,0.727348,-0.662854],"elbow":[91.2273,177.453,314.575],"grabStrength":0,"id":466,"palmNormal":[0.417315,-0.554306,-0.720134],"palmPosition":[42.5614,253.302,15.9836],"palmVelocity":[-4.17018,21.7642,7.53587],"palmWidth":89.1918,"pinchStrength":0.537066,"r":[[0.435319,0.640942,0.632211],[-0.769095,0.629787,-0.108912],[-0.467964,-0.438819,0.767103]],"s":1.17079,"sphereCenter":[43.0639,235.848,-28.422],"sphereRadius":46.01,"stabilizedPalmPosition":[42.3088,251.683,15.1692],"t":[44.693,13.0624,-86.2075],"timeVisible":21.2042,"type":"right","wrist":[56.8613,220.172,55.6517]}],"id":1676682,"interactionBox":{"center":[0,200,0],"size":[235.247,235.247,147.751]},"pointables":[{"bases":[[[-0.0493183,0.80053,0.59726],[-0.834508,-0.361593,0.415748],[0.548784,-0.477915,0.685882]],[[-0.11718,0.853748,0.50733],[-0.859693,-0.342954,0.378563],[0.497188,-0.391788,0.774149]],[[-0.11718,0.853748,0.50733],[-0.969166,0.0131924,-0.246054],[-0.216761,-0.52052,0.825878]],[[-0.11718,0.853748,0.50733],[-0.648103,0.321332,-0.690441],[-0.752483,-0.409708,0.515663]]],"btipPosition":[37.1502,246.524,-32.7897],"carpPosition":[36.9708,200.557,44.5223],"dipPosition":[19.8874,237.125,-20.9599],"direction":[0.216761,0.52052,-0.825878],"extended":false,"handId":466,"id":4660,"length":51.0864,"mcpPosition":[36.9708,200.557,44.5223],"pipPosition":[12.6429,219.728,6.64241],"stabilizedTipPosition":[33.8741,243.039,-30.5598],"timeVisible":21.2042,"tipPosition":[33.8704,243.817,-29.9495],"tipVelocity":[-19.7406,34.444,12.0392],"tool":false,"touchDistance":0.0862805,"touchZone":"hovering","type":0,"width":19.8498},{"bases":[[[0.848718,0.52099,0.0908097],[-0.460886,0.644459,0.610128],[0.259348,-0.55968,0.787081]],[[0.810728,0.585394,-0.00591512],[-0.540991,0.753018,0.374556],[0.223717,-0.300463,0.927186]],[[0.810728,0.585394,-0.00591512],[-0.57596,0.799391,0.17101],[0.104837,-0.135236,0.985251]],[[0.810728,0.585394,-0.00591512],[-0.585237,0.810683,0.017024],[0.014761,-0.01034,0.999838]]],"btipPosition":[3.29824,278.402,-82.903],"carpPosition":[34.1538,222.01,52.9932],"dipPosition":[3.54546,278.229,-66.1578],"direction":[-0.104837,0.135236,-0.985251],"extended":true,"handId":466,"id":4661,"length":57.6453,"mcpPosition":[15.4508,262.371,-3.76764],"pipPosition":[6.02933,275.025,-42.8145],"stabilizedTipPosition":[3.45227,277.619,-79.2838],"timeVisible":21.2042,"tipPosition":[3.20837,278.694,-78.9012],"tipVelocity":[-3.55011,28.1677,8.61588],"tool":false,"touchDistance":0.0737168,"touchZone":"hovering","type":1,"width":18.9605},{"bases":[[[0.942005,0.323036,0.0909609],[-0.304959,0.710817,0.633829],[0.140093,-0.62481,0.768106]],[[0.944103,0.313116,0.103095],[-0.185294,0.762711,-0.619627],[-0.272647,0.565889,0.778096]],[[0.944103,0.313116,0.103095],[0.220514,-0.367392,-0.903547],[-0.245038,0.875775,-0.415903]],[[0.944103,0.313116,0.103095],[0.319763,-0.793821,-0.517301],[-0.0801359,0.521351,-0.849571]]],"btipPosition":[54.9764,211.607,-7.40968],"carpPosition":[43.3688,229.629,54.6411],"dipPosition":[53.5002,221.21,-23.0593],"direction":[0.245038,-0.875775,0.415903],"extended":false,"handId":466,"id":4662,"length":65.6822,"mcpPosition":[33.7879,272.359,2.11099],"pipPosition":[46.6699,245.622,-34.6523],"stabilizedTipPosition":[52.0405,209.851,-13.7871],"timeVisible":21.2042,"tipPosition":[54.667,213.698,-11.0331],"tipVelocity":[-3.45723,25.1725,3.10362],"tool":false,"touchDistance":0.333333,"touchZone":"none","type":2,"width":18.6218},{"bases":[[[0.972644,0.17306,0.154961],[-0.232257,0.7118,0.662871],[0.00441486,-0.680728,0.732523]],[[0.971223,0.206677,0.118365],[-0.0859942,0.767748,-0.634955],[-0.222105,0.606505,0.763427]],[[0.971223,0.206677,0.118365],[0.196927,-0.417322,-0.887165],[-0.133961,0.884945,-0.446013]],[[0.971223,0.206677,0.118365],[0.238122,-0.832477,-0.50028],[-0.00486041,0.514068,-0.857736]]],"btipPosition":[67.4582,216.42,5.07938],"carpPosition":[54.2752,234.63,55.6728],"dipPosition":[67.3692,225.835,-10.6298],"direction":[0.133961,-0.884945,0.446013],"extended":false,"handId":466,"id":4663,"length":63.1552,"mcpPosition":[54.0041,276.428,10.6944],"pipPosition":[63.7316,249.865,-22.7411],"stabilizedTipPosition":[64.5269,214.317,-1.53347],"timeVisible":21.2042,"tipPosition":[67.4386,218.354,1.58302],"tipVelocity":[-3.82601,25.3972,3.50247],"tool":false,"touchDistance":0.333333,"touchZone":"none","type":3,"width":17.7198},{"bases":[[[0.991534,-0.0268951,0.127031],[-0.076839,0.667096,0.740998],[-0.104671,-0.744486,0.659382]],[[0.997031,0.0551848,0.0537077],[-0.0148049,0.821808,-0.569572],[-0.0755691,0.567085,0.820185]],[[0.997031,0.0551848,0.0537077],[0.070708,-0.379828,-0.922351],[-0.0305,0.92341,-0.382602]],[[0.997031,0.0551848,0.0537077],[0.0759051,-0.821789,-0.564713],[0.0129728,0.567113,-0.823538]]],"btipPosition":[77.056,228.988,9.64826],"carpPosition":[68.1218,233.614,54.305],"dipPosition":[77.2752,238.57,-4.26635],"direction":[0.0305,-0.92341,0.382602],"extended":false,"handId":466,"id":4664,"length":49.5125,"mcpPosition":[74.0712,275.93,16.8262],"pipPosition":[76.6905,256.274,-11.6017],"stabilizedTipPosition":[72.8731,226.251,1.61539],"timeVisible":21.2042,"tipPosition":[77.0951,231.277,6.45011],"tipVelocity":[-3.69232,23.9585,6.96718],"tool":false,"touchDistance":0.333333,"touchZone":"none","type":4,"width":15.7401}],"r":[[0.435319,0.640942,0.632211],[-0.769095,0.629787,-0.108912],[-0.467964,-0.438819,0.767103]],"s":1.17079,"t":[44.693,13.0624,-86.2075],"timestamp":93347470783},false],[7,{"currentFrameRate":55.3515,"devices":[],"gestures":[],"hands":[{"armBasis":[[0.886274,0.461259,-0.0419292],[-0.4