{"sensorType":"Leap","data":[[0,{"currentFrameRate":54.3514,"devices":[],"gestures":[],"hands":[{"armBasis":[[0.886502,0.461555,-0.032871],[-0.439988,0.862808,0.248945],[0.143263,-0.206228,0.96796]],"armWidth":62.4607,"confidence":0.866949,"direction":[-0.155769,0.696422,-0.700523],"elbow":[91.7615,177.843,309.715],"grabStrength":0,"id":466,"palmNormal":[0.41764,-0.596242,-0.685618],"palmPosition":[40.6794,263.778,12.0677],"palmVelocity":[10.3687,83.6129,30.7834],"palmWidth":89.1918,"pinchStrength":0.51409,"r":[[0.431354,0.671249,0.602792],[-0.763356,0.627671,-0.152702],[-0.480856,-0.394276,0.78315]],"s":1.19916,"sphereCenter":[39.6381,244.961,-30.9844],"sphereRadius":46.394,"stabilizedPalmPosition":[40.5071,262.405,11.5527],"t":[42.5542,22.4026,-90.5518],"timeVisible":15.6908,"type":"right","wrist":[53.8448,232.424,53.531]}],"id":1676377,"interactionBox":{"center":[0,200,0],"size":[235.247,235.247,147.751]},"pointables":[{"bases":[[[-0.0437334,0.829893,0.556206],[-0.846403,-0.326547,0.420676],[0.530744,-0.452377,0.716705]],[[-0.139484,0.8983,0.416656],[-0.867756,-0.31358,0.385573],[0.477015,-0.307774,0.823244]],[[-0.139484,0.8983,0.416656],[-0.961265,-0.0218185,-0.274762],[-0.237728,-0.438841,0.866547]],[[-0.139484,0.8983,0.416656],[-0.693291,0.211842,-0.688818],[-0.70703,-0.384943,0.593235]]],"btipPosition":[34.5982,251.173,-39.7632],"carpPosition":[33.7737,212.615,43.09],"dipPosition":[18.3782,242.342,-26.1537],"direction":[0.237728,0.438841,-0.866547],"extended":false,"handId":466,"id":4660,"length":51.0864,"mcpPosition":[33.7737,212.615,43.09],"pipPosition":[10.4329,227.675,2.80781],"stabilizedTipPosition":[30.7741,248.701,-36.7619],"timeVisible":15.6908,"tipPosition":[31.5319,248.758,-36.6433],"tipVelocity":[21.3034,89.8351,24.2107],"tool":false,"touchDistance":-0.0328145,"touchZone":"touching","type":0,"width":19.8498},{"bases":[[[0.856299,0.510625,0.0775476],[-0.458093,0.68154,0.570661],[0.238542,-0.524181,0.817516]],[[0.823616,0.566924,-0.0159255],[-0.51705,0.762107,0.389682],[0.233057,-0.312714,0.920812]],[[0.823616,0.566924,-0.0159255],[-0.55507,0.811524,0.182555],[0.116419,-0.141516,0.983067]],[[0.823616,0.566924,-0.0159255],[-0.566578,0.823723,0.0216957],[0.025418,-0.00884586,0.999638]]],"btipPosition":[1.01071,288.978,-87.3189],"carpPosition":[31.2121,234.506,50.4486],"dipPosition":[1.43641,288.83,-70.577],"direction":[-0.116419,0.141516,-0.983067],"extended":true,"handId":466,"id":4661,"length":57.6453,"mcpPosition":[14.0095,272.307,-8.50705],"pipPosition":[4.19469,285.477,-47.2855],"stabilizedTipPosition":[0.988362,288.618,-83.5551],"timeVisible":15.6908,"tipPosition":[1.24069,288.749,-83.472],"tipVelocity":[35.1222,94.0196,23.8507],"tool":false,"touchDistance":-0.0435637,"touchZone":"touching","type":1,"width":18.9605},{"bases":[[[0.946117,0.311394,0.0888564],[-0.301383,0.746382,0.593366],[0.11845,-0.588173,0.800014]],[[0.948269,0.299735,0.104615],[-0.151945,0.717841,-0.679424],[-0.278744,0.628382,0.726249]],[[0.948269,0.299735,0.104615],[0.230934,-0.425149,-0.875167],[-0.217842,0.854053,-0.472375]],[[0.948269,0.299735,0.104615],[0.312312,-0.82162,-0.476867],[-0.0569804,0.48487,-0.872728]]],"btipPosition":[52.7255,219.84,-7.92787],"carpPosition":[40.5343,242.043,51.8547],"dipPosition":[51.6759,228.771,-24.0041],"direction":[0.217842,-0.854053,0.472375],"extended":false,"handId":466,"id":4662,"length":65.6822,"mcpPosition":[32.4336,282.267,-2.85753],"pipPosition":[45.6036,252.578,-37.1712],"stabilizedTipPosition":[51.1688,216.08,-13.953],"timeVisible":15.6908,"tipPosition":[52.5888,221.788,-12.1572],"tipVelocity":[16.0165,98.055,32.8379],"tool":false,"touchDistance":0.333333,"touchZone":"none","type":2,"width":18.6218},{"bases":[[[0.973246,0.164288,0.160632],[-0.229087,0.747592,0.623398],[-0.0176699,-0.643518,0.765227]],[[0.972971,0.195003,0.123697],[-0.0603985,0.731901,-0.678729],[-0.222888,0.652912,0.723897]],[[0.972971,0.195003,0.123697],[0.203021,-0.46707,-0.860597],[-0.110044,0.862449,-0.494036]],[[0.972971,0.195003,0.123697],[0.230264,-0.859791,-0.455783],[0.0174746,0.471947,-0.881454]]],"btipPosition":[65.0254,225.761,3.66804],"carpPosition":[51.5105,246.906,52.7998],"dipPosition":[65.3454,234.404,-12.4756],"direction":[0.110044,-0.862449,0.494036],"extended":false,"handId":466,"id":4663,"length":63.1552,"mcpPosition":[52.5955,286.419,5.81334],"pipPosition":[62.3573,257.824,-25.8909],"stabilizedTipPosition":[63.4273,221.319,-2.75541],"timeVisible":15.6908,"tipPosition":[65.1819,227.424,-0.398153],"tipVelocity":[15.6284,96.1712,25.7733],"tool":false,"touchDistance":0.333333,"touchZone":"none","type":3,"width":17.7198},{"bases":[[[0.989043,-0.0370936,0.142892],[-0.0755781,0.704234,0.705934],[-0.126815,-0.708998,0.693714]],[[0.996996,0.0413319,0.0655071],[0.00713648,0.793114,-0.609032],[-0.077127,0.607669,0.790436]],[[0.996996,0.0413319,0.0655071],[0.0770016,-0.437362,-0.895983],[-0.00838231,0.898335,-0.439231]],[[0.996996,0.0413319,0.0655071],[0.0689212,-0.859326,-0.506763],[0.0353465,0.509755,-0.859593]]],"btipPosition":[74.7999,238.993,7.80716],"carpPosition":[65.3551,245.592,51.6893],"dipPosition":[75.3972,247.606,-6.71665],"direction":[0.00838231,-0.898335,0.439231],"extended":false,"handId":466,"id":4664,"length":49.5125,"mcpPosition":[72.5632,285.891,12.2591],"pipPosition":[75.2365,264.829,-15.1377],"stabilizedTipPosition":[73.0574,234.413,0.907944],"timeVisible":15.6908,"tipPosition":[74.9791,240.795,4.03883],"tipVelocity":[13.5704,95.768,44.0363],"tool":false,"touchDistance":0.333333,"touchZone":"none","type":4,"width":15.7401}],"r":[[0.431354,0.671249,0.602792],[-0.763356,0.627671,-0.152702],[-0.480856,-0.394276,0.78315]],"s":1.19916,"t":[42.5542,22.4026,-90.5518],"timestamp":93341957387},false],[1,{"currentFrameRate":54.3944,"devices":[],"gestures":[],"hands":[{"armBasis":[[0.887134,0.460627,-0.0285615],[-0.43937,0.861893,0.25317],[0.141234,-0.212047,0.967]],"armWidth":62.4607,"confidence":0.868217,"direction":[-0.155104,0.695777,-0.701311],"elbow":[91.3445,177.163,309.768],"grabStrength":0,"id":466,"palmNormal":[0.416866,-0.597507,-0.684988],"palmPosition":[40.8279,264.605,12.3406],"palmVelocity":[9.30619,65.3136,23.2207],"palmWidth":89.1918,"pinchStrength":0.517884,"r":[[0.430973,0.669601,0.604894],[-0.762696,0.628549,-0.152384],[-0.482242,-0.395677,0.781589]],"s":1.19873,"sphereCenter":[39.8141,245.776,-30.6824],"sphereRadius":46.3571,"stabilizedPalmPosition":[40.6872,263.64,11.995],"t":[42.7161,23.5789,-90.1351],"timeVisible":15.709,"type":"right","wrist":[53.965,233.284,53.8383]}],"id":1676378,"interactionBox":{"center":[0,200,0],"size":[235.247,235.247,147.751]},"pointables":[{"bases":[[[-0.0427205,0.830589,0.555244],[-0.8467,-0.325112,0.42119],[0.530353,-0.452132,0.717149]],[[-0.138867,0.899197,0.414923],[-0.868266,-0.312051,0.385666],[0.476267,-0.306707,0.824076]],[[-0.138867,0.899197,0.414923],[-0.961275,-0.0216798,-0.274738],[-0.238048,-0.437007,0.867386]],[[-0.138867,0.899197,0.414923],[-0.694699,0.210146,-0.687919],[-0.705769,-0.383775,0.595488]]],"btipPosition":[34.713,251.903,-39.5499],"carpPosition":[33.8702,213.486,43.4237],"dipPosition":[18.5219,243.099,-25.8888],"direction":[0.238048,0.437007,-0.867386],"extended":false,"handId":466,"id":4660,"length":51.0864,"mcpPosition":[33.8702,213.486,43.4237],"pipPosition":[10.5659,228.494,3.10076],"stabilizedTipPosition":[30.9448,249.636,-36.4807],"timeVisible":15.709,"tipPosition":[31.6269,249.526,-36.3912],"tipVelocity":[14.303,66.1951,18.5378],"tool":false,"touchDistance":-0.0290627,"touchZone":"touching","type":0,"width":19.8498},{"bases":[[[0.85688,0.509761,0.0768172],[-0.457243,0.682715,0.569937],[0.238088,-0.523492,0.81809]],[[0.82442,0.565744,-0.0162858],[-0.515958,0.763075,0.389235],[0.232635,-0.31249,0.920994]],[[0.82442,0.565744,-0.0162858],[-0.554046,0.812581,0.180956],[0.115609,-0.140161,0.983356]],[[0.82442,0.565744,-0.0162858],[-0.565457,0.824554,0.0191957],[0.0242884,-0.00661636,0.999683]]],"btipPosition":[1.2214,289.731,-87.0671],"carpPosition":[31.3341,235.388,50.7571],"dipPosition":[1.62818,289.621,-70.3244],"direction":[-0.115609,0.140161,-0.983356],"extended":true,"handId":466,"id":4661,"length":57.6453,"mcpPosition":[14.1643,273.14,-8.23992],"pipPosition":[4.36726,286.3,-47.0261],"stabilizedTipPosition":[1.27653,289.578,-83.2561],"timeVisible":15.709,"tipPosition":[1.42528,289.516,-83.2201],"tipVelocity":[23.7404,69.0513,19.0549],"tool":false,"touchDistance":-0.039364,"touchZone":"touching","type":1,"width":18.9605},{"bases":[[[0.946478,0.310443,0.0883443],[-0.300457,0.747409,0.592542],[0.117921,-0.587371,0.800681]],[[0.948622,0.298782,0.10414],[-0.15213,0.719274,-0.677866],[-0.277439,0.627195,0.727773]],[[0.948622,0.298782,0.10414],[0.230642,-0.427639,-0.87403],[-0.216611,0.853144,-0.47458]],[[0.948622,0.298782,0.10414],[0.311575,-0.824752,-0.471917],[-0.055111,0.480118,-0.875471]]],"btipPosition":[52.7618,220.827,-7.63526],"carpPosition":[40.6649,242.916,52.153],"dipPosition":[51.7467,229.671,-23.762],"direction":[0.216611,-0.853144,0.47458],"extended":false,"handId":466,"id":4662,"length":65.6822,"mcpPosition":[32.6004,283.086,-2.60492],"pipPosition":[45.7088,253.452,-36.9906],"stabilizedTipPosition":[51.4573,217.519,-13.3994],"timeVisible":15.709,"tipPosition":[52.6461,222.694,-11.8266],"tipVelocity":[9.52004,76.5362,24.5058],"tool":false,"touchDistance":0.333333,"touchZone":"none","type":2,"width":18.6218},{"bases":[[[0.973453,0.163391,0.160287],[-0.228155,0.748574,0.622561],[-0.0182657,-0.642605,0.76598]],[[0.973209,0.194029,0.123357],[-0.0604361,0.733529,-0.676966],[-0.221837,0.651374,0.725603]],[[0.973209,0.194029,0.123357],[0.202404,-0.46847,-0.859982],[-0.109072,0.86191,-0.495191]],[[0.973209,0.194029,0.123357],[0.229167,-0.862034,-0.452084],[0.0186209,0.468242,-0.883404]]],"btipPosition":[65.1048,226.717,3.905],"carpPosition":[51.6467,247.768,53.0907],"dipPosition":[65.4458,235.292,-12.2743],"direction":[0.109072,-0.86191,0.495191],"extended":false,"handId":466,"id":4663,"length":63.1552,"mcpPosition":[52.7683,287.225,6.05793],"pipPosition":[62.484,258.697,-25.721],"stabilizedTipPosition":[63.7758,222.782,-2.17209],"timeVisible":15.709,"tipPosition":[65.2686,228.326,-0.114519],"tipVelocity":[10.3639,74.8481,19.4488],"tool":false,"touchDistance":0.333333,"touchZone":"none","type":3,"width":17.7198},{"bases":[[[0.989024,-0.0380291,0.14278],[-0.0746814,0.705141,0.705123],[-0.127495,-0.708047,0.694561]],[[0.997053,0.0403368,0.0652626],[0.00774781,0.793352,-0.608714],[-0.0763298,0.607425,0.790701]],[[0.997053,0.0403368,0.0652626],[0.076358,-0.438962,-0.895255],[-0.00746388,0.8976,-0.440748]],[[0.997053,0.0403368,0.0652626],[0.0678261,-0.861003,-0.504057],[0.0358592,0.506998,-0.861201]]],"btipPosition":[74.9192,239.854,8.09629],"carpPosition":[65.4897,246.438,51.9795],"dipPosition":[75.5251,248.42,-6.45469],"direction":[0.00746388,-0.8976,0.440748],"extended":false,"handId":466,"id":4664,"length":49.5125,"mcpPosition":[72.7364,286.683,12.5012],"pipPosition":[75.382,265.629,-14.9048],"stabilizedTipPosition":[73.3821,235.615,1.53117],"timeVisible":15.709,"tipPosition":[75.0986,241.624,4.34344],"tipVelocity":[10.2622,72.2629,30.3994],"tool":false,"touchDistance":0.333333,"touchZone":"none","type":4,"width":15.7401}],"r":[[0.430973,0.669601,0.604894],[-0.762696,0.628549,-0.152384],[-0.482242,-0.395677,0.781589]],"s":1.19873,"t":[42.7161,23.5789,-90.1351],"timestamp":93341975620},false],[2,{"currentFrameRate":54.5079,"devices":[],"gestures":[],"hands":[{"armBasis":[[0.888399,0.458107,-0.0297465],[-0.436578,0.863128,0.253792],[0.141939,-0.212482,0.966801]],"armWidth":62.4607,"confidence":0.85751,"direction":[-0.153427,0.695005,-0.702444],"elbow":[91.5472,177.643,309.981],"grabStrength":0,"id":466,"palmNormal":[0.414452,-0.600055,-0.684225],"palmPosition":[40.912,265.168,12.5592],"palmVelocity":[7.12205,49.2503,18.0025],"palmWidth":89.1918,"pinchStrength":0.522449,"r":[[0.43118,0.668223,0.606268],[-0.761791,0.629681,-0.152239],[-0.483485,-0.396207,0.780552]],"s":1.19786,"sphereCenter":[39.869,246.291,-30.4403],"sphereRadius":46.3142,"stabilizedPalmPosition":[40.8096,264.472,12.3022],"t":[42.8392,24.4482,-89.8174],"timeVisible":15.727,"type":"right","wrist":[53.9811,233.88,54.1034]}],"id":1676379,"interactionBox":{"center":[0,200,0],"size":[235.247,235.247,147.751]},"pointables":[{"bases":[[[-0.0396667,0.831717,0.553782],[-0.847408,-0.321668,0.422409],[0.529459,-0.452523,0.717563]],[[-0.136223,0.900674,0.412588],[-0.869272,-0.308437,0.386307],[0.475194,-0.306027,0.824947]],[[-0.136223,0.900674,0.412588],[-0.961476,-0.0198244,-0.274172],[-0.23876,-0.434043,0.868677]],[[-0.136223,0.900674,0.412588],[-0.695602,0.209581,-0.687178],[-0.705394,-0.380607,0.597961]]],"btipPosition":[34.7263,252.339,-39.3767],"carpPosition":[33.8158,214.127,43.7394],"dipPosition":[18.5438,243.608,-25.6588],"direction":[0.23876,0.434043,-0.868677],"extended":false,"handId":466,"id":4660,"length":51.0864,"mcpPosition":[33.8158,214.127,43.7394],"pipPosition":[10.564,229.101,3.37388],"stabilizedTipPosition":[30.9903,250.167,-36.2828],"timeVisible":15.727,"tipPosition":[31.6085,250.013,-36.1791],"tipVelocity":[7.94284,46.8158,14.6804],"tool":false,"touchDistance":-0.025958,"touchZone":"touching","type":0,"width":19.8498},{"bases":[[[0.85855,0.507177,0.0752572],[-0.454645,0.685185,0.569052],[0.237045,-0.522775,0.818851]],[[0.826335,0.562905,-0.0175817],[-0.513043,0.765281,0.388758],[0.232288,-0.312224,0.921172]],[[0.826335,0.562905,-0.0175817],[-0.551222,0.814795,0.179617],[0.115433,-0.138732,0.983579]],[[0.826335,0.562905,-0.0175817],[-0.562659,0.826511,0.0171726],[0.024198,-0.00429775,0.999698]]],"btipPosition":[1.33742,290.257,-86.8567],"carpPosition":[31.3547,236.05,51.0354],"dipPosition":[1.74269,290.185,-70.1139],"direction":[-0.115433,0.138732,-0.983579],"extended":true,"handId":466,"id":4661,"length":57.6453,"mcpPosition":[14.26,273.75,-8.01655],"pipPosition":[4.47761,286.899,-46.8102],"stabilizedTipPosition":[1.40943,290.15,-83.0403],"timeVisible":15.727,"tipPosition":[1.52824,290.048,-83.0119],"tipVelocity":[15.5632,50.4986,15.5884],"tool":false,"touchDistance":-0.0358573,"touchZone":"touching","type":1,"width":18.9605},{"bases":[[[0.947524,0.307597,0.0870754],[-0.297637,0.749421,0.591422],[0.116664,-0.586304,0.801647]],[[0.949652,0.295907,0.10296],[-0.151349,0.721004,-0.6762],[-0.274327,0.626572,0.729488]],[[0.949652,0.295907,0.10296],[0.228282,-0.428426,-0.874265],[-0.21459,0.853751,-0.474405]],[[0.949652,0.295907,0.10296],[0.308617,-0.826836,-0.47021],[-0.0540074,0.478311,-0.876528]]],"btipPosition":[52.6696,221.435,-7.51003],"carpPosition":[40.7104,243.55,52.4107],"dipPosition":[51.6747,230.245,-23.6562],"direction":[0.21459,-0.853751,0.474405],"extended":false,"handId":466,"id":4662,"length":65.6822,"mcpPosition":[32.7318,283.647,-2.41328],"pipPosition":[45.6932,254.043,-36.88],"stabilizedTipPosition":[51.6596,218.742,-12.9518],"timeVisible":15.727,"tipPosition":[52.5576,223.261,-11.6106],"tipVelocity":[2.71192,56.1497,16.1004],"tool":false,"touchDistance":0.333333,"touchZone":"none","type":2,"width":18.6218},{"bases":[[[0.974088,0.16059,0.159262],[-0.225309,0.75041,0.621385],[-0.0197239,-0.641167,0.767148]],[[0.973916,0.191079,0.122379],[-0.0602225,0.737654,-0.672488],[-0.218772,0.647577,0.72992]],[[0.973916,0.191079,0.122379],[0.199914,-0.467424,-0.861132],[-0.107341,0.863136,-0.493431]],[[0.973916,0.191079,0.122379],[0.226048,-0.863964,-0.449965],[0.0197524,0.465891,-0.884622]]],"btipPosition":[65.0538,227.406,3.85949],"carpPosition":[51.7082,248.369,53.3314],"dipPosition":[65.4156,235.939,-12.3421],"direction":[0.107341,-0.863136,0.493431],"extended":false,"handId":466,"id":4663,"length":63.1552,"mcpPosition":[52.9193,287.738,6.22698],"pipPosition":[62.5008,259.377,-25.741],"stabilizedTipPosition":[64.0485,224.101,-1.71028],"timeVisible":15.727,"tipPosition":[65.2152,228.961,-0.0173425],"tipVelocity":[4.24743,57.3555,8.91948],"tool":false,"touchDistance":0.333333,"touchZone":"none","type":3,"width":17.7198},{"bases":[[[0.989006,-0.0409098,0.142106],[-0.0719119,0.706639,0.70391],[-0.129214,-0.70639,0.695929]],[[0.997227,0.0373908,0.0643416],[0.00952831,0.793336,-0.608709],[-0.0738046,0.607635,0.79078]],[[0.997227,0.0373908,0.0643416],[0.0742435,-0.440853,-0.894503],[-0.00508098,0.8968,-0.442407]],[[0.997227,0.0373908,0.0643416],[0.0646946,-0.862878,-0.501255],[0.0367766,0.504028,-0.862904]]],"btipPosition":[74.9246,240.373,8.30915],"carpPosition":[65.546,246.993,52.2122],"dipPosition":[75.546,248.89,-6.2706],"direction":[0.00508098,-0.8968,0.442407],"extended":false,"handId":466,"id":4664,"length":49.5125,"mcpPosition":[72.8904,287.144,12.6562],"pipPosition":[75.4485,266.083,-14.7525],"stabilizedTipPosition":[73.6441,236.659,2.06347],"timeVisible":15.727,"tipPosition":[75.1038,242.114,4.57694],"tipVelocity":[5.64545,51.4819,21.4599],"tool":false,"touchDistance":0.333333,"touchZone":"none","type":4,"width":15.7401}],"r":[[0.43118,0.668223,0.606268],[-0.761791,0.629681,-0.152239],[-0.483485,-0.396207,0.780552]],"s":1.19786,"t":[42.8392,24.4482,-89.8174],"timestamp":93341993568},false],[3,{"currentFrameRate":54.6093,"devices":[],"gestures":[],"hands":[{"armBasis":[[0.885726,0.463376,-0.0277783],[-0.441065,0.85872,0.260886],[0.144742,-0.218821,0.96497]],"armWidth":62.4607,"confidence":0.866063,"direction":[-0.153085,0.694576,-0.702943],"elbow":[92.2537,177.134,310.047],"grabStrength":0,"id":466,"palmNormal":[0.419061,-0.598575,-0.682713],"palmPosition":[40.9298,266.297,13.0645],"palmVelocity":[4.22278,55.703,22.7963],"palmWidth":89.1918,"pinchStrength":0.527244,"r":[[0.430435,0.667395,0.607709],[-0.761373,0.630078,-0.152687],[-0.484806,-0.396971,0.779344]],"s":1.19656,"sphereCenter":[40.1888,247.441,-29.9713],"sphereRadius":46.268,"stabilizedPalmPosition":[40.8727,265.43,12.7025],"t":[42.9096,25.4476,-89.4059],"timeVisible":15.7449,"type":"right","wrist":[53.9457,235.048,54.6545]}],"id":1676380,"interactionBox":{"center":[0,200,0],"size":[235.247,235.247,147.751]},"pointables":[{"bases":[[[-0.0445616,0.831508,0.553722],[-0.847924,-0.324562,0.419147],[0.528241,-0.450837,0.719519]],[[-0.141332,0.900455,0.411346],[-0.869908,-0.311299,0.382561],[0.472531,-0.303765,0.82731]],[[-0.141332,0.900455,0.411346],[-0.960376,-0.0238853,-0.277684],[-0.240217,-0.434293,0.868151]],[[-0.141332,0.900455,0.411346],[-0.696082,0.205063,-0.688054],[-0.703914,-0.383575,0.597809]]],"btipPosition":[34.9419,253.407,-38.999],"carpPosition":[33.8863,215.229,44.2116],"dipPosition":[18.7933,244.607,-25.2847],"direction":[0.240217,0.434293,-0.868151],"extended":false,"handId":466,"id":4660,"length":51.0864,"mcpPosition":[33.8863,215.229,44.2116],"pipPosition":[10.7649,230.092,3.73048],"stabilizedTipPosition":[31.1646,251.06,-35.9611],"timeVisible":15.7449,"tipPosition":[31.8153,251.101,-35.7669],"tipVelocity":[10.0698,52.3819,17.6636],"tool":false,"touchDistance":-0.0196767,"touchZone":"touching","type":0,"width":19.8498},{"bases":[[[0.856551,0.510044,0.0785797],[-0.459101,0.683583,0.567397],[0.235682,-0.522081,0.819686]],[[0.824623,0.565508,-0.0140762],[-0.516864,0.763336,0.387517],[0.229889,-0.31228,0.921755]],[[0.824623,0.565508,-0.0140762],[-0.554529,0.813029,0.17743],[0.111783,-0.138507,0.984033]],[[0.824623,0.565508,-0.0140762],[-0.565341,0.824734,0.0142573],[0.0196718,-0.00379901,0.999799]]],"btipPosition":[1.66837,291.289,-86.4886],"carpPosition":[31.324,237.142,51.5007],"dipPosition":[1.99784,291.225,-69.7441],"direction":[-0.111783,0.138507,-0.984033],"extended":true,"handId":466,"id":4661,"length":57.6453,"mcpPosition":[14.3277,274.792,-7.61149],"pipPosition":[4.64627,287.943,-46.4297],"stabilizedTipPosition":[1.6895,291.09,-82.7032],"timeVisible":15.7449,"tipPosition":[1.83385,291.077,-82.6465],"tipVelocity":[16.46,53.8268,17.9207],"tool":false,"touchDistance":-0.0297161,"touchZone":"touching","type":1,"width":18.9605},{"bases":[[[0.946149,0.310762,0.0907133],[-0.302396,0.748343,0.590372],[0.115581,-0.586011,0.802017]],[[0.948261,0.299043,0.10665],[-0.152536,0.723717,-0.673028],[-0.278449,0.621938,0.731888]],[[0.948261,0.299043,0.10665],[0.23241,-0.424958,-0.874869],[-0.216301,0.854391,-0.472472]],[[0.948261,0.299043,0.10665],[0.313145,-0.825536,-0.469501],[-0.0523571,0.478606,-0.876467]]],"btipPosition":[52.8945,222.734,-7.20203],"carpPosition":[40.6492,244.674,52.9124],"dipPosition":[51.9301,231.55,-23.3471],"direction":[0.216301,-0.854391,0.472472],"extended":false,"handId":466,"id":4662,"length":65.6822,"mcpPosition":[32.7447,284.751,-1.93688],"pipPosition":[45.9008,255.366,-36.517],"stabilizedTipPosition":[51.8667,219.972,-12.5356],"timeVisible":15.7449,"tipPosition":[52.7879,224.53,-11.1821],"tipVelocity":[7.53766,63.8503,16.6045],"tool":false,"touchDistance":0.333333,"touchZone":"none","type":2,"width":18.6218},{"bases":[[[0.972931,0.163835,0.162983],[-0.230186,0.749571,0.62061],[-0.02049,-0.641327,0.766994]],[[0.97281,0.194009,0.126495],[-0.0622046,0.744968,-0.664193],[-0.223094,0.638265,0.736781]],[[0.97281,0.194009,0.126495],[0.20392,-0.458552,-0.864955],[-0.109804,0.867232,-0.485646]],[[0.97281,0.194009,0.126495],[0.230648,-0.861107,-0.453097],[0.021021,0.469953,-0.882441]]],"btipPosition":[65.2528,228.798,3.86124],"carpPosition":[51.6272,249.53,53.8755],"dipPosition":[65.6378,237.406,-12.3004],"direction":[0.109804,-0.867232,0.485646],"extended":false,"handId":466,"id":4663,"length":63.1552,"mcpPosition":[52.8853,288.909,6.78055],"pipPosition":[62.6561,260.955,-25.4879],"stabilizedTipPosition":[64.316,225.483,-1.32658],"timeVisible":15.7449,"tipPosition":[65.4038,230.354,0.227072],"tipVelocity":[7.62002,67.3562,4.98899],"tool":false,"touchDistance":0.333333,"touchZone":"none","type":3,"width":17.7198},{"bases":[[[0.98859,-0.0376108,0.145861],[-0.0769577,0.706304,0.703713],[-0.129489,-0.706908,0.695351]],[[0.996846,0.0407936,0.0680708],[0.0089413,0.794568,-0.60711],[-0.0788531,0.605803,0.791697]],[[0.996846,0.0407936,0.0680708],[0.0790991,-0.441469,-0.893783],[-0.00640958,0.896349,-0.443303]],[[0.996846,0.0407936,0.0680708],[0.0694014,-0.864118,-0.498481],[0.0384863,0.501633,-0.864224]]],"btipPosition":[75.0395,241.723,8.94626],"carpPosition":[65.4737,248.2,52.8088],"dipPosition":[75.6897,250.198,-5.6558],"direction":[0.00640958,-0.896349,0.443303],"extended":false,"handId":466,"id":4664,"length":49.5125,"mcpPosition":[72.8338,288.381,13.2856],"pipPosition":[75.5668,267.383,-14.1549],"stabilizedTipPosition":[73.8762,237.713,2.59299],"timeVisible":15.7449,"tipPosition":[75.2262,243.427,5.22608],"tipVelocity":[6.17627,62.4204,27.9555],"tool":false,"touchDistance":0.333333,"touchZone":"none","type":4,"width":15.7401}],"r":[[0.430435,0.667395,0.607709],[-0.761373,0.630078,-0.152687],[-0.484806,-0.396971,0.779344]],"s":1.19656,"t":[42.9096,25.4476,-89.4059],"timestamp":93342011525},false],[4,{"currentFrameRate":54.6536,"devices":[],"gestures":[],"hands":[{"armBasis":[[0.88474,0.465548,-0.0223619],[-0.443932,0.856334,0.26385],[0.141984,-0.223511,0.964304]],"armWidth":62.4607,"confidence":0.880823,"direction":[-0.153725,0.694303,-0.703073],"elbow":[91.6454,176.739,310.244],"grabStrength":0,"id":466,"palmNormal":[0.421693,-0.597384,-0.682134],"palmPosition":[41.0388,267.117,13.422],"palmVelocity":[5.07269,50.7134,21.3234],"palmWidth":89.1918,"pinchStrength":0.528857,"r":[[0.429299,0.66693,0.609021],[-0.761311,0.630011,-0.153269],[-0.485909,-0.397856,0.778205]],"s":1.1954,"sphereCenter":[40.452,248.279,-29.6334],"sphereRadius":46.2494,"stabilizedPalmPosition":[40.9545,266.261,13.0567],"t":[42.9993,26.3575,-89.0214],"timeVisible":15.7631,"type":"right","wrist":[54.0673,235.895,55.0277]}],"id":1676381,"interactionBox":{"center":[0,200,0],"size":[235.247,235.247,147.751]},"pointables":[{"bases":[[[-0.0475833,0.831296,0.553789],[-0.847768,-0.326801,0.417721],[0.528229,-0.449608,0.720297]],[[-0.144335,0.90004,0.411211],[-0.869673,-0.313625,0.381193],[0.472055,-0.3026,0.828008]],[[-0.144335,0.90004,0.411211],[-0.960067,-0.026725,-0.27849],[-0.239662,-0.434986,0.867957]],[[-0.144335,0.90004,0.411211],[-0.698187,0.201853,-0.68687],[-0.701215,-0.386242,0.599262]]],"btipPosition":[35.074,254.231,-38.7226],"carpPosition":[34.0756,216.026,44.5491],"dipPosition":[18.9874,245.371,-24.9748],"direction":[0.239662,0.434986,-0.867957],"extended":false,"handId":466,"id":4660,"length":51.0864,"mcpPosition":[34.0756,216.026,44.5491],"pipPosition":[10.9774,230.833,4.0338],"stabilizedTipPosition":[31.3121,251.858,-35.679],"timeVisible":15.7631,"tipPosition":[31.9658,251.922,-35.4634],"tipVelocity":[9.11539,48.7136,16.7098],"tool":false,"touchDistance":-0.0149412,"touchZone":"touching","type":0,"width":19.8498},{"bases":[[[0.855116,0.512219,0.0800504],[-0.461765,0.68231,0.566769],[0.235691,-0.521617,0.819979]],[[0.82332,0.567444,-0.0123371],[-0.519206,0.761755,0.387498],[0.229281,-0.312629,0.921788]],[[0.82332,0.567444,-0.0123371],[-0.556776,0.811681,0.176562],[0.110203,-0.138498,0.984212]],[[0.82332,0.567444,-0.0123371],[-0.567312,0.823405,0.0126868],[0.0173575,-0.00344629,0.999843]]],"btipPosition":[1.89096,292.053,-86.1791],"carpPosition":[31.4454,237.932,51.8377],"dipPosition":[2.18166,291.996,-69.4338],"direction":[-0.110203,0.138498,-0.984212],"extended":true,"handId":466,"id":4661,"length":57.6453,"mcpPosition":[14.4484,275.548,-7.29557],"pipPosition":[4.79266,288.714,-46.1151],"stabilizedTipPosition":[1.90508,291.853,-82.4015],"timeVisible":15.7631,"tipPosition":[2.04044,291.837,-82.3406],"tipVelocity":[14.2292,48.2983,17.516],"tool":false,"touchDistance":-0.0245543,"touchZone":"touching","type":1,"width":18.9605},{"bases":[[[0.945203,0.313165,0.0922955],[-0.305263,0.747466,0.590008],[0.115782,-0.585852,0.802105]],[[0.94733,0.301383,0.108322],[-0.154038,0.725332,-0.670944],[-0.280781,0.61892,0.733553]],[[0.94733,0.301383,0.108322],[0.234758,-0.423424,-0.874986],[-0.21784,0.85433,-0.471875]],[[0.94733,0.301383,0.108322],[0.316054,-0.825161,-0.468208],[-0.051727,0.477783,-0.876953]]],"btipPosition":[53.122,223.696,-6.94106],"carpPosition":[40.749,245.487,53.2658],"dipPosition":[52.1692,232.497,-23.0951],"direction":[0.21784,-0.85433,0.471875],"extended":false,"handId":466,"id":4662,"length":65.6822,"mcpPosition":[32.8308,285.553,-1.58952],"pipPosition":[46.097,256.311,-36.2483],"stabilizedTipPosition":[52.0756,221.131,-12.1567],"timeVisible":15.7631,"tipPosition":[53.021,225.464,-10.8642],"tipVelocity":[9.99162,58.5919,15.4931],"tool":false,"touchDistance":0.333333,"touchZone":"none","type":2,"width":18.6218},{"bases":[[[0.972244,0.166295,0.164584],[-0.233106,0.748874,0.620363],[-0.0200897,-0.641509,0.766852]],[[0.972113,0.19627,0.12835],[-0.0637782,0.747945,-0.660689],[-0.225672,0.634079,0.739605]],[[0.972113,0.19627,0.12835],[0.206196,-0.454643,-0.866477],[-0.11171,0.868779,-0.482435]],[[0.972113,0.19627,0.12835],[0.233555,-0.859667,-0.454341],[0.0211649,0.471648,-0.881533]]],"btipPosition":[65.4761,229.761,4.01432],"carpPosition":[51.713,250.371,54.2474],"dipPosition":[65.8637,238.399,-12.1307],"direction":[0.11171,-0.868779,0.482435],"extended":false,"handId":466,"id":4663,"length":63.1552,"mcpPosition":[52.9466,289.761,7.16117],"pipPosition":[62.8303,261.99,-25.231],"stabilizedTipPosition":[64.5777,226.795,-0.985629],"timeVisible":15.7631,"tipPosition":[65.6221,231.328,0.466174],"tipVelocity":[9.86908,60.728,6.73259],"tool":false,"touchDistance":0.333333,"touchZone":"none","type":3,"width":17.7198},{"bases":[[[0.988446,-0.0351076,0.147453],[-0.0799015,0.705984,0.703706],[-0.128805,-0.707357,0.695022]],[[0.996629,0.0433913,0.0696294],[0.00763052,0.795991,-0.60526],[-0.0816874,0.603751,0.792977]],[[0.996629,0.0433913,0.0696294],[0.0816495,-0.441552,-0.893513],[-0.00802564,0.896186,-0.443607]],[[0.996629,0.0433913,0.0696294],[0.0723459,-0.865057,-0.49643],[0.0386926,0.499794,-0.86528]]],"btipPosition":[75.2172,242.73,9.33835],"carpPosition":[65.5646,249.077,53.2029],"dipPosition":[75.8709,251.174,-5.28154],"direction":[0.00802564,-0.896186,0.443607],"extended":false,"handId":466,"id":4664,"length":49.5125,"mcpPosition":[72.8858,289.283,13.6984],"pipPosition":[75.7171,268.356,-13.7865],"stabilizedTipPosition":[74.096,238.739,3.09151],"timeVisible":15.7631,"tipPosition":[75.4041,244.404,5.63863],"tipVelocity":[7.92205,58.949,24.8256],"tool":false,"touchDistance":0.333333,"touchZone":"none","type":4,"width":15.7401}],"r":[[0.429299,0.66693,0.609021],[-0.761311,0.630011,-0.153269],[-0.485909,-0.397856,0.778205]],"s":1.1954,"t":[42.9993,26.3575,-89.0214],"timestamp":93342029667},false],[5,{"currentFrameRate":54.7135,"devices":[],"gestures":[],"hands":[{"armBasis":[[0.883259,0.468437,-0.0204948],[-0.447037,0.854486,0.264598],[0.14146,-0.224547,0.964141]],"armWidth":62.4607,"confidence":0.898477,"direction":[-0.15401,0.694117,-0.703194],"elbow":[91.4814,177.104,310.44],"grabStrength":0,"id":466,"palmNormal":[0.42495,-0.595971,-0.681349],"palmPosition":[41.0242,267.735,13.6414],"palmVelocity":[2.27786,42.8542,16.9612],"palmWidth":89.1918,"pinchStrength":0.532796,"r":[[0.427732,0.666754,0.610315],[-0.761539,0.629546,-0.154048],[-0.486933,-0.398888,0.777036]],"s":1.1943,"sphereCenter":[40.6262,248.919,-29.4502],"sphereRadius":46.2358,"stabilizedPalmPosition":[40.9864,266.936,13.3246],"t":[43.0368,27.1212,-88.7195],"timeVisible":15.7811,"type":"right","wrist":[54.0421,236.534,55.2668]}],"id":1676382,"interactionBox":{"center":[0,200,0],"size":[235.247,235.247,147.751]},"pointables":[{"bases":[[[-0.051193,0.830968,0.55396],[-0.847831,-0.329304,0.415623],[0.52779,-0.448387,0.721378]],[[-0.14756,0.899355,0.411565],[-0.869382,-0.316354,0.379598],[0.471594,-0.301794,0.828565]],[[-0.14756,0.899355,0.411565],[-0.959648,-0.0294749,-0.279656],[-0.239379,-0.436224,0.867414]],[[-0.14756,0.899355,0.411565],[-0.700421,0.198776,-0.685491],[-0.698309,-0.38942,0.600596]]],"btipPosition":[35.0752,254.894,-38.5767],"carpPosition":[34.1303,216.613,44.7346],"dipPosition":[19.0552,245.96,-24.7984],"direction":[0.239379,0.436224,-0.867414],"extended":false,"handId":466,"id":4660,"length":51.0864,"mcpPosition":[34.1303,216.613,44.7346],"pipPosition":[11.0547,231.381,4.19208],"stabilizedTipPosition":[31.3649,252.518,-35.4966],"timeVisible":15.7811,"tipPosition":[31.9983,252.569,-35.2984],"tipVelocity":[5.21964,42.5427,12.791],"tool":false,"touchDistance":-0.0123934,"touchZone":"touching","type":0,"width":19.8498},{"bases":[[[0.853497,0.514569,0.0822276],[-0.464987,0.680825,0.565919],[0.235222,-0.521245,0.82035]],[[0.821938,0.569493,-0.00977907],[-0.521896,0.759897,0.387533],[0.228128,-0.313425,0.921804]],[[0.821938,0.569493,-0.00977907],[-0.559234,0.810151,0.175818],[0.10805,-0.139043,0.984374]],[[0.821938,0.569493,-0.00977907],[-0.569393,0.821988,0.0112685],[0.0144556,-0.00369388,0.999889]]],"btipPosition":[2.04967,292.654,-86.0244],"carpPosition":[31.4222,238.509,52.0245],"dipPosition":[2.29177,292.593,-69.2783],"direction":[-0.10805,0.139043,-0.984374],"extended":true,"handId":466,"id":4661,"length":57.6453,"mcpPosition":[14.459,276.099,-7.13555],"pipPosition":[4.85177,289.298,-45.9558],"stabilizedTipPosition":[2.05894,292.458,-82.2258],"timeVisible":15.7811,"tipPosition":[2.18314,292.422,-82.1919],"tipVelocity":[11.3487,41.134,13.2686],"tool":false,"touchDistance":-0.0219721,"touchZone":"touching","type":1,"width":18.9605},{"bases":[[[0.944109,0.315762,0.0946157],[-0.308722,0.746408,0.589546],[0.115534,-0.585806,0.802174]],[[0.946234,0.303964,0.110665],[-0.156114,0.728729,-0.66677],[-0.283319,0.613645,0.737001]],[[0.946234,0.303964,0.110665],[0.23738,-0.42007,-0.875895],[-0.219754,0.855071,-0.469639]],[[0.946234,0.303964,0.110665],[0.319469,-0.824386,-0.467254],[-0.0507983,0.477486,-0.87717]]],"btipPosition":[53.2474,224.529,-6.95582],"carpPosition":[40.7013,246.09,53.477],"dipPosition":[52.3117,233.325,-23.1138],"direction":[0.219754,-0.855071,0.469639],"extended":false,"handId":466,"id":4662,"length":65.6822,"mcpPosition":[32.8,286.153,-1.38305],"pipPosition":[46.1862,257.16,-36.2047],"stabilizedTipPosition":[52.2662,222.211,-11.861],"timeVisible":15.7811,"tipPosition":[53.1513,226.255,-10.7676],"tipVelocity":[8.64609,52.6458,7.72086],"tool":false,"touchDistance":0.333333,"touchZone":"none","type":2,"width":18.6218},{"bases":[[[0.971389,0.168942,0.166917],[-0.236641,0.748006,0.620071],[-0.0200993,-0.64183,0.766584]],[[0.971266,0.19879,0.130864],[-0.0651053,0.750806,-0.657306],[-0.228919,0.629899,0.742175]],[[0.971266,0.19879,0.130864],[0.209096,-0.45012,-0.868142],[-0.113673,0.87056,-0.478752]],[[0.971266,0.19879,0.130864],[0.237022,-0.857655,-0.456343],[0.0215203,0.474248,-0.880128]]],"btipPosition":[65.602,230.501,4.03106],"carpPosition":[51.6494,251.004,54.486],"dipPosition":[65.9961,239.186,-12.0883],"direction":[0.113673,-0.87056,0.478752],"extended":false,"handId":466,"id":4663,"length":63.1552,"mcpPosition":[52.8835,290.413,7.41617],"pipPosition":[62.9094,262.826,-25.0886],"stabilizedTipPosition":[64.8066,227.966,-0.716829],"timeVisible":15.7811,"tipPosition":[65.7408,232.09,0.568616],"tipVelocity":[8.53059,51.6153,4.13004],"tool":false,"touchDistance":0.333333,"touchZone":"none","type":3,"width":17.7198},{"bases":[[[0.988192,-0.0324085,0.149756],[-0.0835132,0.705514,0.703758],[-0.128463,-0.707954,0.694477]],[[0.99634,0.0461922,0.0719258],[0.00659765,0.797357,-0.603472],[-0.0852262,0.601737,0.794134]],[[0.99634,0.0461922,0.0719258],[0.0849502,-0.441415,-0.893273],[-0.00951309,0.896113,-0.443724]],[[0.99634,0.0461922,0.0719258],[0.0758501,-0.865747,-0.494701],[0.0394182,0.498346,-0.866082]]],"btipPosition":[75.2789,243.531,9.61554],"carpPosition":[65.5069,249.749,53.4734],"dipPosition":[75.9449,251.951,-5.0179],"direction":[0.00951309,-0.896113,0.443724],"extended":false,"handId":466,"id":4664,"length":49.5125,"mcpPosition":[72.8086,289.988,13.9999],"pipPosition":[75.7625,269.132,-13.5251],"stabilizedTipPosition":[74.2863,239.697,3.54135],"timeVisible":15.7811,"tipPosition":[75.4687,245.181,5.93401],"tipVelocity":[5.85566,51.8691,20.2384],"tool":false,"touchDistance":0.333333,"touchZone":"none","type":4,"width":15.7401}],"r":[[0.427732,0.666754,0.610315],[-0.761539,0.629546,-0.154048],[-0.486933,-0.398888,0.777036]],"s":1.1943,"t":[43.0368,27.1212,-88.7195],"timestamp":93342047735},false],[6,{"currentFrameRate":54.7729,"devices":[],"gestures":[],"hands":[{"armBasis":[[0.882837,0.469236,-0.0203996],[-0.447788,0.854,0.264896],[0.14172,-0.224725,0.964061]],"armWidth":62.4607,"confidence":0.908408,"direction":[-0.154159,0.694623,-0.702662],"elbow":[91.571,177.457,310.473],"grabStrength":0,"id":466,"palmNormal":[0.425742,-0.595056,-0.681654],"palmPosition":[41.0433,268.161,13.7159],"palmVelocity":[1.70057,33.723,10.8696],"palmWidth":89.1918,"pinchStrength":0.533876,"r":[[0.426315,0.666567,0.61151],[-0.761797,0.629088,-0.154639],[-0.487771,-0.399921,0.775978]],"s":1.19354,"sphereCenter":[40.7023,249.409,-29.3937],"sphereRadius":46.2284,"stabilizedPalmPosition":[41.0112,267.47,13.4951],"t":[43.0651,27.7162,-88.5313],"timeVisible":15.7992,"type":"right","wrist":[54.0628,236.933,55.3206]}],"id":1676383,"interactionBox":{"center":[0,200,0],"size":[235.247,235.247,147.751]},"pointables":[{"bases":[[[-0.0520928,0.830441,0.554665],[-0.847802,-0.330296,0.414893],[0.527748,-0.448633,0.721256]],[[-0.148492,0.898915,0.412192],[-0.869397,-0.317301,0.378773],[0.471274,-0.302114,0.828631]],[[-0.148492,0.898915,0.412192],[-0.959622,-0.0302849,-0.279659],[-0.238906,-0.437076,0.867115]],[[-0.148492,0.898915,0.412192],[-0.704216,0.196511,-0.682248],[-0.694283,-0.391581,0.60385]]],"btipPosition":[35.0235,255.381,-38.6187],"carpPosition":[34.1711,217.007,44.7605],"dipPosition":[19.0959,246.398,-24.7658],"direction":[0.238906,0.437076,-0.867115],"extended":false,"handId":466,"id":4660,"length":51.0864,"mcpPosition":[34.1711,217.007,44.7605],"pipPosition":[11.1112,231.79,4.21475],"stabilizedTipPosition":[31.3618,253.039,-35.4548],"timeVisible":15.7992,"tipPosition":[31.9689,253.053,-35.2962],"tipVelocity":[1.94096,34.8689,6.06587],"tool":false,"touchDistance":-0.0128074,"touchZone":"touching","type":0,"width":19.8498},{"bases":[[[0.853075,0.515126,0.0831229],[-0.465782,0.679983,0.566278],[0.235182,-0.521794,0.820012]],[[0.821728,0.569819,-0.00833598],[-0.522241,0.75881,0.389195],[0.228096,-0.315459,0.921118]],[[0.821728,0.569819,-0.00833598],[-0.559649,0.809649,0.17681],[0.107499,-0.140624,0.98421]],[[0.821728,0.569819,-0.00833598],[-0.569721,0.821756,0.0115983],[0.0134591,-0.00478147,0.999898]]],"btipPosition":[2.10453,293.221,-85.9236],"carpPosition":[31.4431,238.894,52.0683],"dipPosition":[2.32994,293.141,-69.1773],"direction":[-0.107499,0.140624,-0.98421],"extended":true,"handId":466,"id":4661,"length":57.6453,"mcpPosition":[14.4828,276.524,-7.06739],"pipPosition":[4.87688,289.809,-45.8587],"stabilizedTipPosition":[2.13089,293.008,-82.1122],"timeVisible":15.7992,"tipPosition":[2.23121,292.962,-82.0994],"tipVelocity":[7.30322,36.3928,9.62157],"tool":false,"touchDistance":-0.0202917,"touchZone":"touching","type":1,"width":18.9605},{"bases":[[[0.943827,0.316375,0.0953827],[-0.309578,0.74566,0.590044],[0.115552,-0.586428,0.801717]],[[0.94595,0.304579,0.111403],[-0.157196,0.731062,-0.663956],[-0.28367,0.610557,0.739426]],[[0.94595,0.304579,0.111403],[0.237976,-0.418516,-0.876477],[-0.220333,0.855615,-0.468377]],[[0.94595,0.304579,0.111403],[0.320392,-0.824398,-0.4666],[-0.0502764,0.477073,-0.877424]]],"btipPosition":[53.2839,225.101,-7.01438],"carpPosition":[40.7158,246.481,53.5322],"dipPosition":[52.3577,233.889,-23.1771],"direction":[0.220333,-0.855615,0.468377],"extended":false,"handId":466,"id":4662,"length":65.6822,"mcpPosition":[32.8133,286.586,-1.29654],"pipPosition":[46.2161,257.739,-36.2328],"stabilizedTipPosition":[52.423,223.168,-11.6409],"timeVisible":15.7992,"tipPosition":[53.1916,226.8,-10.7811],"tipVelocity":[5.55783,42.6467,2.48724],"tool":false,"touchDistance":0.333333,"touchZone":"none","type":2,"width":18.6218},{"bases":[[[0.971178,0.169511,0.167569],[-0.237513,0.747284,0.620607],[-0.0200218,-0.64252,0.766007]],[[0.971056,0.199254,0.131709],[-0.0652612,0.751786,-0.65617],[-0.229761,0.628583,0.74303]],[[0.971056,0.199254,0.131709],[0.210021,-0.44967,-0.868152],[-0.113757,0.870686,-0.478502]],[[0.971056,0.199254,0.131709],[0.237822,-0.857706,-0.45583],[0.0221421,0.47396,-0.880268]]],"btipPosition":[65.6354,231.001,4.09003],"carpPosition":[51.6597,251.402,54.5512],"dipPosition":[66.0409,239.681,-12.0319],"direction":[0.113757,-0.870686,0.478502],"extended":false,"handId":466,"id":4663,"length":63.1552,"mcpPosition":[52.8891,290.854,7.51682],"pipPosition":[62.9519,263.324,-25.0254],"stabilizedTipPosition":[64.9882,228.957,-0.500416],"timeVisible":15.7992,"tipPosition":[65.7817,232.585,0.618098],"tipVelocity":[5.4285,40.2314,3.70481],"tool":false,"touchDistance":0.333333,"touchZone":"none","type":3,"width":17.7198},{"bases":[[[0.988138,-0.0318115,0.150239],[-0.0843979,0.704832,0.704336],[-0.128299,-0.708661,0.693786]],[[0.996269,0.0469024,0.0724436],[0.00615652,0.798663,-0.601748],[-0.0860814,0.599949,0.795394]],[[0.996269,0.0469024,0.0724436],[0.0857211,-0.44063,-0.893586],[-0.00999052,0.896462,-0.443007]],[[0.996269,0.0469024,0.0724436],[0.076715,-0.865812,-0.494454],[0.0395314,0.498167,-0.86618]]],"btipPosition":[75.3183,244.039,9.67037],"carpPosition":[65.5187,250.158,53.5448],"dipPosition":[75.9863,252.456,-4.96473],"direction":[0.00999052,-0.896462,0.443007],"extended":false,"handId":466,"id":4664,"length":49.5125,"mcpPosition":[72.8111,290.438,14.1105],"pipPosition":[75.7947,269.643,-13.4582],"stabilizedTipPosition":[74.4524,240.577,3.92849],"timeVisible":15.7992,"tipPosition":[75.5074,245.679,6.00612],"tipVelocity":[4.12429,40.5823,12.0631],"tool":false,"touchDistance":0.333333,"touchZone":"none","type":4,"width":15.7401}],"r":[[0.426315,0.666567,0.61151],[-0.761797,0.629088,-0.154639],[-0.487771,-0.399921,0.775978]],"s":1.19354,"t":[43.0651,27.7162,-88.5313],"timestamp":93342065785},false],[7,{"currentFrameRate":54.8224,"devices":[],"gestures":[],"hands":[{"armBasis":[[0.882791,0.469243,-0.022