{"sensorType":"Leap","data":[[0,{"currentFrameRate":109.15,"devices":[],"gestures":[],"hands":[{"armBasis":[[0.906654,0.421135,-0.0249913],[-0.394489,0.867303,0.303583],[0.149525,-0.265386,0.952477]],"armWidth":62.4607,"confidence":0.649401,"direction":[-0.12885,0.737515,-0.662924],"elbow":[93.4207,164.033,300.454],"grabStrength":0,"id":466,"palmNormal":[0.380037,-0.580734,-0.719944],"palmPosition":[41.7917,268.275,8.69366],"palmVelocity":[-7.74511,50.7504,-19.3462],"palmWidth":89.1918,"pinchStrength":0.450352,"r":[[0.447368,0.611603,0.652536],[-0.7428,0.660453,-0.109772],[-0.498107,-0.435595,0.749764]],"s":1.21655,"sphereCenter":[36.4236,251.527,-35.8039],"sphereRadius":47.4198,"stabilizedPalmPosition":[41.882,267.761,8.96878],"t":[43.931,27.9098,-93.0923],"timeVisible":5.26032,"type":"right","wrist":[53.8469,234.271,48.368]}],"id":1675765,"interactionBox":{"center":[0,200,0],"size":[235.247,235.247,147.751]},"pointables":[{"bases":[[[0.00351818,0.802044,0.597254],[-0.856825,-0.305527,0.415335],[0.515595,-0.513204,0.686137]],[[-0.0672341,0.864855,0.497499],[-0.850452,-0.310419,0.424701],[0.521738,-0.394545,0.756389]],[[-0.0672341,0.864855,0.497499],[-0.980815,0.0341533,-0.191924],[-0.182978,-0.500858,0.845967]],[[-0.0672341,0.864855,0.497499],[-0.737388,0.292823,-0.608699],[-0.672115,-0.407775,0.618046]]],"btipPosition":[28.7117,261.416,-42.2347],"carpPosition":[32.7064,216.017,37.2285],"dipPosition":[13.2927,252.062,-28.0561],"direction":[0.182978,0.500858,-0.845967],"extended":false,"handId":466,"id":4660,"length":51.0864,"mcpPosition":[32.7064,216.017,37.2285],"pipPosition":[7.17723,235.322,0.217614],"stabilizedTipPosition":[25.1829,259.123,-38.9128],"timeVisible":5.26032,"tipPosition":[25.6608,258.933,-39.1449],"tipVelocity":[-17.4672,63.5607,-14.4309],"tool":false,"touchDistance":-0.133347,"touchZone":"touching","type":0,"width":19.8498},{"bases":[[[0.881315,0.463638,0.0912326],[-0.417489,0.673574,0.609919],[0.22133,-0.57562,0.787195]],[[0.848621,0.528991,-0.00332027],[-0.455746,0.734277,0.503122],[0.268585,-0.425447,0.864209]],[[0.848621,0.528991,-0.00332027],[-0.51193,0.8228,0.246837],[0.133307,-0.207772,0.969051]],[[0.848621,0.528991,-0.00332027],[-0.528544,0.848131,0.0362776],[0.0220066,-0.0290311,0.999336]]],"btipPosition":[0.512946,302.446,-87.1615],"carpPosition":[31.3123,237.609,45.6985],"dipPosition":[0.88151,301.959,-70.4247],"direction":[-0.133307,0.207772,-0.969051],"extended":true,"handId":466,"id":4661,"length":57.6453,"mcpPosition":[15.3509,279.12,-11.0705],"pipPosition":[4.03991,297.037,-47.4652],"stabilizedTipPosition":[0.665942,302.047,-83.2757],"timeVisible":5.26032,"tipPosition":[0.460776,302.841,-83.1411],"tipVelocity":[-15.9707,76.8687,-5.65336],"tool":false,"touchDistance":-0.0878065,"touchZone":"touching","type":1,"width":18.9605},{"bases":[[[0.961287,0.25994,0.0914247],[-0.257521,0.729459,0.633697],[0.0980328,-0.632709,0.76816]],[[0.961815,0.256432,0.0956775],[-0.146843,0.778469,-0.610264],[-0.230973,0.572912,0.786399]],[[0.961815,0.256432,0.0956775],[0.185146,-0.352125,-0.917458],[-0.201575,0.900139,-0.386157]],[[0.961815,0.256432,0.0956775],[0.265861,-0.792259,-0.549221],[-0.0650367,0.553686,-0.830182]]],"btipPosition":[52.0362,225.512,-16.282],"carpPosition":[41.0108,244.601,47.3511],"dipPosition":[50.8382,235.711,-31.5745],"direction":[0.201575,-0.900139,0.386157],"extended":false,"handId":466,"id":4662,"length":65.6822,"mcpPosition":[34.3064,287.871,-5.18275],"pipPosition":[45.2194,260.802,-42.3384],"stabilizedTipPosition":[52.5887,225.103,-18.0602],"timeVisible":5.26032,"tipPosition":[51.8506,227.412,-19.5293],"tipVelocity":[-21.7452,67.8399,-49.2242],"tool":false,"touchDistance":0.333333,"touchZone":"none","type":2,"width":18.6218},{"bases":[[[0.981895,0.108264,0.155437],[-0.184927,0.725626,0.662774],[-0.0410339,-0.679519,0.732509]],[[0.982752,0.137272,0.123917],[-0.033502,0.791142,-0.610714],[-0.18187,0.596029,0.782095]],[[0.982752,0.137272,0.123917],[0.169171,-0.396661,-0.902242],[-0.0746999,0.907643,-0.413042]],[[0.982752,0.137272,0.123917],[0.182294,-0.831831,-0.524239],[0.0311144,0.537786,-0.842507]]],"btipPosition":[64.1674,229.992,-4.19628],"carpPosition":[52.224,248.868,48.3882],"dipPosition":[64.7373,239.841,-19.6266],"direction":[0.0746999,-0.907643,0.413042],"extended":false,"handId":466,"id":4663,"length":63.1552,"mcpPosition":[54.7435,290.592,3.41058],"pipPosition":[62.7088,264.488,-30.8425],"stabilizedTipPosition":[65.0477,229.716,-6.83546],"timeVisible":5.26032,"tipPosition":[64.3499,231.893,-7.67935],"tipVelocity":[-19.5486,56.6894,-25.142],"tool":false,"touchDistance":0.333333,"touchZone":"none","type":3,"width":17.7198},{"bases":[[[0.987514,-0.0925027,0.127511],[-0.0328489,0.670728,0.740976],[-0.154068,-0.735913,0.659314]],[[0.998349,-0.0129303,0.0559632],[0.0420282,0.828562,-0.558318],[-0.0391498,0.559748,0.827737]],[[0.998349,-0.0129303,0.0559632],[0.0468342,-0.380791,-0.923474],[0.0332511,0.924571,-0.379557]],[[0.998349,-0.0129303,0.0559632],[0.0206479,-0.828405,-0.559749],[0.053598,0.559981,-0.82677]]],"btipPosition":[74.5445,242.178,2.10859],"carpPosition":[65.9735,246.938,47.027],"dipPosition":[75.4501,251.639,-11.8606],"direction":[-0.0332511,-0.924571,0.379557],"extended":false,"handId":466,"id":4664,"length":49.5125,"mcpPosition":[74.7306,288.766,9.5521],"pipPosition":[76.0876,269.365,-19.1376],"stabilizedTipPosition":[75.3482,241.693,-0.255949],"timeVisible":5.26032,"tipPosition":[74.7745,243.961,-1.39117],"tipVelocity":[-13.3792,50.225,-32.5995],"tool":false,"touchDistance":0.333333,"touchZone":"none","type":4,"width":15.7401}],"r":[[0.447368,0.611603,0.652536],[-0.7428,0.660453,-0.109772],[-0.498107,-0.435595,0.749764]],"s":1.21655,"t":[43.931,27.9098,-93.0923],"timestamp":93331526908},false],[1,{"currentFrameRate":109.223,"devices":[],"gestures":[],"hands":[{"armBasis":[[0.907826,0.418667,-0.0238773],[-0.391651,0.866841,0.308539],[0.149873,-0.270748,0.950912]],"armWidth":62.4607,"confidence":0.655451,"direction":[-0.128248,0.73715,-0.663447],"elbow":[93.4014,162.893,299.998],"grabStrength":0,"id":466,"palmNormal":[0.37668,-0.582634,-0.720173],"palmPosition":[41.687,268.544,8.64134],"palmVelocity":[-8.80913,45.0026,-15.6171],"palmWidth":89.1918,"pinchStrength":0.457091,"r":[[0.449373,0.610092,0.652574],[-0.741835,0.661842,-0.107917],[-0.49774,-0.435607,0.750001]],"s":1.21538,"sphereCenter":[36.2299,251.775,-35.8142],"sphereRadius":47.3773,"stabilizedPalmPosition":[41.79,268.131,8.81437],"t":[43.834,28.3022,-93.2549],"timeVisible":5.26934,"type":"right","wrist":[53.7354,234.55,48.3256]}],"id":1675766,"interactionBox":{"center":[0,200,0],"size":[235.247,235.247,147.751]},"pointables":[{"bases":[[[0.00723024,0.802693,0.596349],[-0.856742,-0.302577,0.41766],[0.515694,-0.513937,0.685514]],[[-0.0642094,0.866096,0.495737],[-0.85134,-0.306725,0.425606],[0.52067,-0.394713,0.757036]],[[-0.0642094,0.866096,0.495737],[-0.980709,0.0371411,-0.191913],[-0.184627,-0.498497,0.847003]],[[-0.0642094,0.866096,0.495737],[-0.734622,0.2952,-0.610891],[-0.675432,-0.403404,0.617298]]],"btipPosition":[28.705,261.573,-42.2569],"carpPosition":[32.5163,216.344,37.2555],"dipPosition":[13.2099,252.319,-28.0954],"direction":[0.184627,0.498497,-0.847003],"extended":false,"handId":466,"id":4660,"length":51.0864,"mcpPosition":[32.5163,216.344,37.2555],"pipPosition":[7.03934,235.658,0.212898],"stabilizedTipPosition":[25.1472,259.398,-38.9872],"timeVisible":5.26934,"tipPosition":[25.5198,259.167,-39.1489],"tipVelocity":[-13.3966,51.5553,-11.2558],"tool":false,"touchDistance":-0.133783,"touchZone":"touching","type":0,"width":19.8498},{"bases":[[[0.882866,0.461178,0.0886733],[-0.414117,0.67546,0.610132],[0.221484,-0.575386,0.787322]],[[0.850176,0.526467,-0.00579422],[-0.452658,0.736516,0.502637],[0.26889,-0.424707,0.864478]],[[0.850176,0.526467,-0.00579422],[-0.509107,0.824846,0.245843],[0.134208,-0.20606,0.969292]],[[0.850176,0.526467,-0.00579422],[-0.525982,0.849777,0.0349535],[0.0233257,-0.026669,0.999372]]],"btipPosition":[0.3377,302.659,-87.1822],"carpPosition":[31.2044,237.95,45.7046],"dipPosition":[0.728357,302.212,-70.4448],"direction":[-0.134208,0.20606,-0.969292],"extended":true,"handId":466,"id":4661,"length":57.6453,"mcpPosition":[15.2319,279.444,-11.0736],"pipPosition":[3.9081,297.33,-47.4797],"stabilizedTipPosition":[0.473671,302.457,-83.3216],"timeVisible":5.26934,"tipPosition":[0.279414,303.067,-83.1587],"tipVelocity":[-16.7645,62.4876,-4.72652],"tool":false,"touchDistance":-0.0881503,"touchZone":"touching","type":1,"width":18.9605},{"bases":[[[0.962246,0.257249,0.0889076],[-0.253933,0.730907,0.633477],[0.0979784,-0.632138,0.768637]],[[0.962781,0.253702,0.093215],[-0.146367,0.779319,-0.609294],[-0.227223,0.572973,0.787447]],[[0.962781,0.253702,0.093215],[0.18214,-0.354186,-0.917266],[-0.199696,0.900104,-0.387213]],[[0.962781,0.253702,0.093215],[0.262431,-0.794927,-0.547011],[-0.0646784,0.551114,-0.831919]]],"btipPosition":[51.72,225.833,-16.3269],"carpPosition":[40.927,244.916,47.3268],"dipPosition":[50.5286,235.985,-31.6514],"direction":[0.199696,-0.900104,0.387213],"extended":false,"handId":466,"id":4662,"length":65.6822,"mcpPosition":[34.2263,288.147,-5.23957],"pipPosition":[44.9621,261.075,-42.4447],"stabilizedTipPosition":[52.4498,225.476,-18.278],"timeVisible":5.26934,"tipPosition":[51.5409,227.705,-19.5854],"tipVelocity":[-25.3583,58.6334,-37.2688],"tool":false,"touchDistance":0.333333,"touchZone":"none","type":2,"width":18.6218},{"bases":[[[0.982563,0.105585,0.153041],[-0.181283,0.726895,0.66239],[-0.0413059,-0.678584,0.733361]],[[0.983431,0.134385,0.121674],[-0.032585,0.791286,-0.610578],[-0.178332,0.596496,0.782554]],[[0.983431,0.134385,0.121674],[0.166019,-0.39805,-0.902216],[-0.0728116,0.907467,-0.413765]],[[0.983431,0.134385,0.121674],[0.178596,-0.833362,-0.523078],[0.0311052,0.536141,-0.843555]]],"btipPosition":[63.909,230.232,-4.28475],"carpPosition":[52.1549,249.152,48.3332],"dipPosition":[64.4786,240.052,-19.7342],"direction":[0.0728116,-0.907467,0.413765],"extended":false,"handId":466,"id":4663,"length":63.1552,"mcpPosition":[54.6912,290.818,3.30336],"pipPosition":[62.5015,264.694,-30.9698],"stabilizedTipPosition":[64.9072,230.103,-6.9753],"timeVisible":5.26934,"tipPosition":[64.0931,232.121,-7.76293],"tipVelocity":[-22.0517,48.2068,-21.0546],"tool":false,"touchDistance":0.333333,"touchZone":"none","type":3,"width":17.7198},{"bases":[[[0.987535,-0.0952281,0.125327],[-0.0291842,0.671642,0.740301],[-0.154672,-0.73473,0.660491]],[[0.998439,-0.0156969,0.0536017],[0.0430354,0.827939,-0.559165],[-0.0356018,0.560598,0.827322]],[[0.998439,-0.0156969,0.0536017],[0.0435513,-0.382054,-0.923113],[0.0349687,0.924006,-0.380774]],[[0.998439,-0.0156969,0.0536017],[0.0169512,-0.829267,-0.558595],[0.0532183,0.558632,-0.827707]]],"btipPosition":[74.3514,242.356,2.01066],"carpPosition":[65.8956,247.179,46.9424],"dipPosition":[75.2506,251.795,-11.9744],"direction":[-0.0349687,-0.924006,0.380774],"extended":false,"handId":466,"id":4664,"length":49.5125,"mcpPosition":[74.687,288.941,9.4006],"pipPosition":[75.921,269.51,-19.2747],"stabilizedTipPosition":[75.2555,242.026,-0.367424],"timeVisible":5.26934,"tipPosition":[74.5768,244.136,-1.4882],"tipVelocity":[-15.6298,41.6974,-26.7248],"tool":false,"touchDistance":0.333333,"touchZone":"none","type":4,"width":15.7401}],"r":[[0.449373,0.610092,0.652574],[-0.741835,0.661842,-0.107917],[-0.49774,-0.435607,0.750001]],"s":1.21538,"t":[43.834,28.3022,-93.2549],"timestamp":93331535933},false],[2,{"currentFrameRate":109.28,"devices":[],"gestures":[],"hands":[{"armBasis":[[0.908763,0.416663,-0.0232557],[-0.389475,0.866838,0.311289],[0.149862,-0.273831,0.950031]],"armWidth":62.4607,"confidence":0.659743,"direction":[-0.127633,0.736841,-0.663909],"elbow":[93.2137,162.306,299.768],"grabStrength":0,"id":466,"palmNormal":[0.374285,-0.584108,-0.720228],"palmPosition":[41.5167,268.765,8.6334],"palmVelocity":[-11.5697,39.3208,-11.5516],"palmWidth":89.1918,"pinchStrength":0.464641,"r":[[0.451444,0.608797,0.652354],[-0.740799,0.663259,-0.106324],[-0.497409,-0.435264,0.75042]],"s":1.21382,"sphereCenter":[36.0288,251.974,-35.792],"sphereRadius":47.3276,"stabilizedPalmPosition":[41.6648,268.421,8.73149],"t":[43.7004,28.6088,-93.3402],"timeVisible":5.27839,"type":"right","wrist":[53.5507,234.779,48.3295]}],"id":1675767,"interactionBox":{"center":[0,200,0],"size":[235.247,235.247,147.751]},"pointables":[{"bases":[[[0.00992163,0.803206,0.595619],[-0.856769,-0.300306,0.419242],[0.515606,-0.514467,0.685182]],[[-0.0619895,0.867033,0.49438],[-0.852295,-0.303744,0.425832],[0.519376,-0.39496,0.757796]],[[-0.0619895,0.867033,0.49438],[-0.980206,0.0404271,-0.193807],[-0.188023,-0.496608,0.847365]],[[-0.0619895,0.867033,0.49438],[-0.730399,0.298167,-0.614503],[-0.680202,-0.399187,0.614796]]],"btipPosition":[28.7494,261.692,-42.1961],"carpPosition":[32.2744,216.611,37.3082],"dipPosition":[13.1448,252.535,-28.092],"direction":[0.188023,0.496608,-0.847365],"extended":false,"handId":466,"id":4660,"length":51.0864,"mcpPosition":[32.2744,216.611,37.3082],"pipPosition":[6.86078,235.937,0.228445],"stabilizedTipPosition":[25.1581,259.554,-38.9581],"timeVisible":5.27839,"tipPosition":[25.4035,259.356,-39.095],"tipVelocity":[-9.11633,41.6406,-6.69916],"tool":false,"touchDistance":-0.132989,"touchZone":"touching","type":0,"width":19.8498},{"bases":[[[0.884019,0.4593,0.0869087],[-0.411685,0.676919,0.610161],[0.221417,-0.575174,0.787496]],[[0.851422,0.52443,-0.0073406],[-0.45054,0.738482,0.501656],[0.268504,-0.423814,0.865036]],[[0.851422,0.52443,-0.0073406],[-0.507055,0.826631,0.244081],[0.134071,-0.204094,0.969727]],[[0.851422,0.52443,-0.0073406],[-0.523959,0.851115,0.0327039],[0.0233986,-0.0239987,0.999438]]],"btipPosition":[0.179667,302.791,-87.1943],"carpPosition":[31.0233,238.227,45.74],"dipPosition":[0.571545,302.39,-70.4558],"direction":[-0.134071,0.204094,-0.969727],"extended":true,"handId":466,"id":4661,"length":57.6453,"mcpPosition":[15.0557,279.706,-11.0507],"pipPosition":[3.74806,297.554,-47.4803],"stabilizedTipPosition":[0.305099,302.657,-83.3405],"timeVisible":5.27839,"tipPosition":[0.100843,303.218,-83.1649],"tipVelocity":[-16.9495,49.6162,-3.78232],"tool":false,"touchDistance":-0.0883468,"touchZone":"touching","type":1,"width":18.9605},{"bases":[[[0.962949,0.255196,0.0872036],[-0.251343,0.732031,0.633212],[0.0977575,-0.631668,0.769051]],[[0.963492,0.251583,0.0915965],[-0.145809,0.77998,-0.608581],[-0.224552,0.573007,0.788187]],[[0.963492,0.251583,0.0915965],[0.180168,-0.35617,-0.916887],[-0.198049,0.899916,-0.388494]],[[0.963492,0.251583,0.0915965],[0.259977,-0.797335,-0.544674],[-0.0639975,0.548602,-0.833631]]],"btipPosition":[51.3872,226.108,-16.3087],"carpPosition":[40.7638,245.173,47.3411],"dipPosition":[50.2083,236.214,-31.6647],"direction":[0.198049,-0.899916,0.388494],"extended":false,"handId":466,"id":4662,"length":65.6822,"mcpPosition":[34.0782,288.372,-5.25359],"pipPosition":[44.6878,261.298,-42.4937],"stabilizedTipPosition":[52.2931,225.823,-18.4616],"timeVisible":5.27839,"tipPosition":[51.2162,227.956,-19.5852],"tipVelocity":[-28.4206,50.5134,-26.6544],"tool":false,"touchDistance":0.333333,"touchZone":"none","type":2,"width":18.6218},{"bases":[[[0.983028,0.103545,0.151441],[-0.178658,0.727884,0.662017],[-0.0416832,-0.677837,0.73403]],[[0.983911,0.132193,0.120181],[-0.0320567,0.792402,-0.609157],[-0.175758,0.595503,0.783891]],[[0.983911,0.132193,0.120181],[0.163734,-0.398056,-0.902631],[-0.0714828,0.907787,-0.413296]],[[0.983911,0.132193,0.120181],[0.175909,-0.834359,-0.5224],[0.0312166,0.535136,-0.844189]]],"btipPosition":[63.6289,230.473,-4.39219],"carpPosition":[52.0025,249.385,48.3265],"dipPosition":[64.2007,240.274,-19.8533],"direction":[0.0714828,-0.907787,0.413296],"extended":false,"handId":466,"id":4663,"length":63.1552,"mcpPosition":[54.562,291.005,3.2556],"pipPosition":[62.2596,264.924,-31.0762],"stabilizedTipPosition":[64.7537,230.454,-7.10554],"timeVisible":5.27839,"tipPosition":[63.8117,232.346,-7.83792],"tipVelocity":[-24.4913,42.1094,-18.6041],"tool":false,"touchDistance":0.333333,"touchZone":"none","type":3,"width":17.7198},{"bases":[[[0.987513,-0.0973036,0.123899],[-0.026562,0.672364,0.739744],[-0.155285,-0.733797,0.661383]],[[0.99849,-0.0177519,0.0519878],[0.0438534,0.827546,-0.559682],[-0.0330869,0.561117,0.827075]],[[0.99849,-0.0177519,0.0519878],[0.0412387,-0.383009,-0.922824],[0.0362936,0.923574,-0.381698]],[[0.99849,-0.0177519,0.0519878],[0.0142759,-0.82999,-0.557596],[0.0530477,0.557496,-0.828483]]],"btipPosition":[74.1176,242.514,1.97332],"carpPosition":[65.7367,247.381,46.9164],"dipPosition":[75.0139,251.934,-12.0248],"direction":[-0.0362936,-0.923574,0.381698],"extended":false,"handId":466,"id":4664,"length":49.5125,"mcpPosition":[74.563,289.089,9.32388],"pipPosition":[75.7098,269.641,-19.3429],"stabilizedTipPosition":[75.153,242.318,-0.464069],"timeVisible":5.27839,"tipPosition":[74.3391,244.29,-1.52186],"tipVelocity":[-18.4648,34.8731,-20.5835],"tool":false,"touchDistance":0.333333,"touchZone":"none","type":4,"width":15.7401}],"r":[[0.451444,0.608797,0.652354],[-0.740799,0.663259,-0.106324],[-0.497409,-0.435264,0.75042]],"s":1.21382,"t":[43.7004,28.6088,-93.3402],"timestamp":93331544981},false],[3,{"currentFrameRate":109.318,"devices":[],"gestures":[],"hands":[{"armBasis":[[0.909815,0.414274,-0.0247747],[-0.386757,0.868008,0.311417],[0.150517,-0.27375,0.94995]],"armWidth":62.4607,"confidence":0.665138,"direction":[-0.127177,0.73679,-0.664053],"elbow":[93.2938,162.371,299.73],"grabStrength":0,"id":466,"palmNormal":[0.371449,-0.585393,-0.720653],"palmPosition":[41.4265,268.817,8.62176],"palmVelocity":[-11.1179,30.0041,-8.71014],"palmWidth":89.1918,"pinchStrength":0.469676,"r":[[0.45365,0.60761,0.651929],[-0.739688,0.664735,-0.104827],[-0.497054,-0.434669,0.750999]],"s":1.21225,"sphereCenter":[35.8662,252.025,-35.7648],"sphereRadius":47.2888,"stabilizedPalmPosition":[41.5591,268.597,8.68282],"t":[43.5885,28.7877,-93.3887],"timeVisible":5.28747,"type":"right","wrist":[53.4575,234.823,48.3123]}],"id":1675768,"interactionBox":{"center":[0,200,0],"size":[235.247,235.247,147.751]},"pointables":[{"bases":[[[0.0130356,0.803499,0.595163],[-0.856655,-0.298018,0.421103],[0.515725,-0.515339,0.684437]],[[-0.0594167,0.867828,0.493299],[-0.853496,-0.300451,0.425763],[0.517701,-0.395731,0.75854]],[[-0.0594167,0.867828,0.493299],[-0.979713,0.0440539,-0.195505],[-0.191397,-0.494907,0.847605]],[[-0.0594167,0.867828,0.493299],[-0.727584,0.300685,-0.616612],[-0.683441,-0.395553,0.613552]]],"btipPosition":[28.8597,261.679,-42.1771],"carpPosition":[32.1157,216.7,37.3431],"dipPosition":[13.1808,252.605,-28.1015],"direction":[0.191397,0.494907,-0.847605],"extended":false,"handId":466,"id":4660,"length":51.0864,"mcpPosition":[32.1157,216.7,37.3431],"pipPosition":[6.78399,236.064,0.226935],"stabilizedTipPosition":[25.2345,259.584,-38.9434],"timeVisible":5.28747,"tipPosition":[25.3659,259.402,-39.0636],"tipVelocity":[-3.75536,30.2942,-4.46655],"tool":false,"touchDistance":-0.132781,"touchZone":"touching","type":0,"width":19.8498},{"bases":[[[0.885292,0.457218,0.0849067],[-0.408843,0.678235,0.61061],[0.221595,-0.575282,0.787367]],[[0.852761,0.522223,-0.00908007],[-0.447868,0.740066,0.501713],[0.268726,-0.423774,0.864986]],[[0.852761,0.522223,-0.00908007],[-0.504602,0.828225,0.243762],[0.134819,-0.203289,0.969792]],[[0.852761,0.522223,-0.00908007],[-0.521727,0.852508,0.0321091],[0.0245089,-0.0226441,0.999443]]],"btipPosition":[0.0311675,302.852,-87.1589],"carpPosition":[30.9333,238.323,45.7657],"dipPosition":[0.441642,302.473,-70.4203],"direction":[-0.134819,0.203289,-0.969792],"extended":true,"handId":466,"id":4661,"length":57.6453,"mcpPosition":[14.9528,279.81,-11.0158],"pipPosition":[3.63586,297.657,-47.4432],"stabilizedTipPosition":[0.158524,302.745,-83.3148],"timeVisible":5.28747,"tipPosition":[-0.0536651,303.279,-83.1293],"tipVelocity":[-16.6541,37.9048,-1.65628],"tool":false,"touchDistance":-0.0877563,"touchZone":"touching","type":1,"width":18.9605},{"bases":[[[0.963731,0.252925,0.0851556],[-0.248324,0.732974,0.633312],[0.0977636,-0.631489,0.769197]],[[0.964282,0.249256,0.0896179],[-0.144994,0.779864,-0.608925],[-0.221668,0.574181,0.788149]],[[0.964282,0.249256,0.0896179],[0.177674,-0.357742,-0.916762],[-0.196448,0.89994,-0.389251]],[[0.964282,0.249256,0.0896179],[0.257021,-0.798711,-0.544059],[-0.0640314,0.54766,-0.834247]]],"btipPosition":[51.1363,226.131,-16.2819],"carpPosition":[40.6936,245.247,47.3437],"dipPosition":[49.9568,236.219,-31.6493],"direction":[0.196448,-0.89994,0.389251],"extended":false,"handId":466,"id":4662,"length":65.6822,"mcpPosition":[34.0076,288.434,-5.26106],"pipPosition":[44.481,261.305,-42.4994],"stabilizedTipPosition":[52.1292,226.125,-18.6171],"timeVisible":5.28747,"tipPosition":[50.9647,227.986,-19.5807],"tipVelocity":[-28.2047,37.1134,-18.5445],"tool":false,"touchDistance":0.333333,"touchZone":"none","type":2,"width":18.6218},{"bases":[[[0.983573,0.10126,0.149436],[-0.175592,0.728667,0.661975],[-0.0418569,-0.677341,0.734478]],[[0.984463,0.129818,0.118236],[-0.0313649,0.792536,-0.609018],[-0.172768,0.595847,0.784294]],[[0.984463,0.129818,0.118236],[0.161061,-0.399378,-0.902528],[-0.0699437,0.907549,-0.414081]],[[0.984463,0.129818,0.118236],[0.172809,-0.835708,-0.521276],[0.0311399,0.533609,-0.845158]]],"btipPosition":[63.4101,230.509,-4.42033],"carpPosition":[51.9444,249.432,48.3045],"dipPosition":[63.9804,240.282,-19.8992],"direction":[0.0699437,-0.907549,0.414081],"extended":false,"handId":466,"id":4663,"length":63.1552,"mcpPosition":[54.5145,291.022,3.20605],"pipPosition":[62.0812,264.926,-31.1434],"stabilizedTipPosition":[64.5977,230.75,-7.21811],"timeVisible":5.28747,"tipPosition":[63.5939,232.372,-7.87495],"tipVelocity":[-24.3914,31.3688,-14.4385],"tool":false,"touchDistance":0.333333,"touchZone":"none","type":3,"width":17.7198},{"bases":[[[0.98752,-0.0996133,0.121994],[-0.0234766,0.672823,0.739431],[-0.155737,-0.733066,0.662087]],[[0.998559,-0.019924,0.0498331],[0.0444364,0.827622,-0.559523],[-0.030095,0.560931,0.827315]],[[0.998559,-0.019924,0.0498331],[0.0383971,-0.383513,-0.922737],[0.0374962,0.923321,-0.382195]],[[0.998559,-0.019924,0.0498331],[0.0112102,-0.830621,-0.556726],[0.0524846,0.556482,-0.8292]]],"btipPosition":[73.9603,242.515,1.89847],"carpPosition":[65.6709,247.394,46.8682],"dipPosition":[74.8471,251.917,-12.1118],"direction":[-0.0374962,-0.923321,0.382195],"extended":false,"handId":466,"id":4664,"length":49.5125,"mcpPosition":[74.5228,289.061,9.2357],"pipPosition":[75.5659,269.619,-19.4394],"stabilizedTipPosition":[75.052,242.559,-0.551935],"timeVisible":5.28747,"tipPosition":[74.1744,244.286,-1.58657],"tipVelocity":[-18.2176,25.1193,-17.2541],"tool":false,"touchDistance":0.333333,"touchZone":"none","type":4,"width":15.7401}],"r":[[0.45365,0.60761,0.651929],[-0.739688,0.664735,-0.104827],[-0.497054,-0.434669,0.750999]],"s":1.21225,"t":[43.5885,28.7877,-93.3887],"timestamp":93331554062},false],[4,{"currentFrameRate":109.391,"devices":[],"gestures":[],"hands":[{"armBasis":[[0.910447,0.412829,-0.0256637],[-0.385146,0.868749,0.311347],[0.150829,-0.273581,0.94995]],"armWidth":62.4607,"confidence":0.674744,"direction":[-0.127255,0.736678,-0.664163],"elbow":[93.3191,162.474,299.739],"grabStrength":0,"id":466,"palmNormal":[0.369592,-0.586166,-0.72098],"palmPosition":[41.3517,268.873,8.6352],"palmVelocity":[-10.3414,23.4926,-5.90651],"palmWidth":89.1918,"pinchStrength":0.470139,"r":[[0.455768,0.606596,0.651396],[-0.738658,0.666094,-0.103459],[-0.496649,-0.434005,0.751651]],"s":1.21099,"sphereCenter":[35.728,252.06,-35.7458],"sphereRadius":47.284,"stabilizedPalmPosition":[41.4705,268.715,8.66246],"t":[43.4952,28.9056,-93.4062],"timeVisible":5.29648,"type":"right","wrist":[53.4002,234.881,48.3213]}],"id":1675769,"interactionBox":{"center":[0,200,0],"size":[235.247,235.247,147.751]},"pointables":[{"bases":[[[0.014978,0.803728,0.594809],[-0.856387,-0.296748,0.422542],[0.516117,-0.515715,0.683858]],[[-0.0568834,0.867591,0.494014],[-0.853003,-0.299359,0.427516],[0.518797,-0.397077,0.757086]],[[-0.0568834,0.867591,0.494014],[-0.979938,0.0461499,-0.193884],[-0.191011,-0.495132,0.847561]],[[-0.0568834,0.867591,0.494014],[-0.726833,0.303241,-0.616245],[-0.684454,-0.39412,0.613345]]],"btipPosition":[28.7192,261.8,-42.0504],"carpPosition":[32.0184,216.781,37.3924],"dipPosition":[13.0171,252.759,-27.9796],"direction":[0.191011,0.495132,-0.847561],"extended":false,"handId":466,"id":4660,"length":51.0864,"mcpPosition":[32.0184,216.781,37.3924],"pipPosition":[6.63313,236.21,0.347387],"stabilizedTipPosition":[25.1366,259.69,-38.8436],"timeVisible":5.29648,"tipPosition":[25.2092,259.512,-38.9633],"tipVelocity":[-7.17236,25.8965,0.592572],"tool":false,"touchDistance":-0.130688,"touchZone":"touching","type":0,"width":19.8498},{"bases":[[[0.886006,0.45612,0.0833569],[-0.407037,0.67901,0.610956],[0.222069,-0.57524,0.787264]],[[0.853533,0.520937,-0.0103153],[-0.446235,0.741071,0.501686],[0.268991,-0.423602,0.864988]],[[0.853533,0.520937,-0.0103153],[-0.503176,0.829248,0.24323],[0.135261,-0.202414,0.969914]],[[0.853533,0.520937,-0.0103153],[-0.520436,0.85333,0.0312022],[0.0250567,-0.0212636,0.99946]]],"btipPosition":[-0.0904301,302.884,-87.1126],"carpPosition":[30.8767,238.409,45.8078],"dipPosition":[0.329219,302.528,-70.3737],"direction":[-0.135261,0.202414,-0.969914],"extended":true,"handId":466,"id":4661,"length":57.6453,"mcpPosition":[14.862,279.893,-10.9662],"pipPosition":[3.53393,297.732,-47.3938],"stabilizedTipPosition":[0.0377649,302.79,-83.2735],"timeVisible":5.29648,"tipPosition":[-0.186087,303.31,-83.0828],"tipVelocity":[-15.7217,28.6108,0.213808],"tool":false,"touchDistance":-0.0869832,"touchZone":"touching","type":1,"width":18.9605},{"bases":[[[0.964183,0.251727,0.0835702],[-0.246413,0.733553,0.633389],[0.0981376,-0.631296,0.769308]],[[0.964745,0.248001,0.0881033],[-0.144941,0.780068,-0.608676],[-0.219679,0.574447,0.788512]],[[0.964745,0.248001,0.0881033],[0.175919,-0.358664,-0.91674],[-0.195753,0.89992,-0.389648]],[[0.964745,0.248001,0.0881033],[0.255209,-0.79974,-0.5434],[-0.0643039,0.546727,-0.834838]]],"btipPosition":[50.957,226.197,-16.2604],"carpPosition":[40.6482,245.32,47.368],"dipPosition":[49.7725,236.268,-31.6386],"direction":[0.195753,-0.89992,0.389648],"extended":false,"handId":466,"id":4662,"length":65.6822,"mcpPosition":[33.9367,288.494,-5.24436],"pipPosition":[44.316,261.353,-42.4998],"stabilizedTipPosition":[51.9673,226.392,-18.7494],"timeVisible":5.29648,"tipPosition":[50.7855,228.048,-19.5688],"tipVelocity":[-25.9571,28.7994,-12.8681],"tool":false,"touchDistance":0.333333,"touchZone":"none","type":2,"width":18.6218},{"bases":[[[0.98393,0.100063,0.147882],[-0.173643,0.729165,0.661942],[-0.0415947,-0.676983,0.734822]],[[0.984809,0.128542,0.116742],[-0.0312847,0.792657,-0.608865],[-0.170801,0.595964,0.784637]],[[0.984809,0.128542,0.116742],[0.159181,-0.399692,-0.902722],[-0.0693768,0.907592,-0.414082]],[[0.984809,0.128542,0.116742],[0.170921,-0.836154,-0.521184],[0.0306204,0.53322,-0.845422]]],"btipPosition":[63.2634,230.548,-4.44635],"carpPosition":[51.9058,249.492,48.3098],"dipPosition":[63.8242,240.314,-19.93],"direction":[0.0693768,-0.907592,0.414082],"extended":false,"handId":466,"id":4663,"length":63.1552,"mcpPosition":[54.4598,291.06,3.19017],"pipPosition":[61.9403,264.959,-31.1742],"stabilizedTipPosition":[64.4501,231.001,-7.31482],"timeVisible":5.29648,"tipPosition":[63.4445,232.412,-7.89597],"tipVelocity":[-22.2294,23.8786,-11.2978],"tool":false,"touchDistance":0.333333,"touchZone":"none","type":3,"width":17.7198},{"bases":[[[0.987578,-0.100827,0.120518],[-0.0214797,0.673158,0.739187],[-0.155657,-0.732593,0.66263]],[[0.998621,-0.0209788,0.0481233],[0.0443354,0.827917,-0.559095],[-0.0281129,0.560458,0.827706]],[[0.998621,-0.0209788,0.0481233],[0.0363949,-0.383969,-0.922628],[0.0378335,0.923108,-0.382676]],[[0.998621,-0.0209788,0.0481233],[0.00931365,-0.831341,-0.555684],[0.0516645,0.555366,-0.829999]]],"btipPosition":[73.851,242.569,1.86185],"carpPosition":[65.6275,247.436,46.8533],"dipPosition":[74.7239,251.952,-12.1619],"direction":[-0.0378335,-0.923108,0.382676],"extended":false,"handId":466,"id":4664,"length":49.5125,"mcpPosition":[74.4749,289.076,9.18989],"pipPosition":[75.4493,269.65,-19.4987],"stabilizedTipPosition":[74.9572,242.764,-0.628805],"timeVisible":5.29648,"tipPosition":[74.0574,244.332,-1.61333],"tipVelocity":[-16.6405,19.7332,-13.7238],"tool":false,"touchDistance":0.333333,"touchZone":"none","type":4,"width":15.7401}],"r":[[0.455768,0.606596,0.651396],[-0.738658,0.666094,-0.103459],[-0.496649,-0.434005,0.751651]],"s":1.21099,"t":[43.4952,28.9056,-93.4062],"timestamp":93331563072},false],[5,{"currentFrameRate":109.439,"devices":[],"gestures":[],"hands":[{"armBasis":[[0.910711,0.412208,-0.0262815],[-0.384346,0.86902,0.311579],[0.151275,-0.273657,0.949857]],"armWidth":62.4607,"confidence":0.678934,"direction":[-0.128071,0.736762,-0.663912],"elbow":[93.3669,162.546,299.712],"grabStrength":0,"id":466,"palmNormal":[0.368265,-0.586236,-0.721601],"palmPosition":[41.2296,268.973,8.65396],"palmVelocity":[-11.2119,20.0323,-3.70463],"palmWidth":89.1918,"pinchStrength":0.470138,"r":[[0.457706,0.605744,0.650831],[-0.73782,0.667228,-0.102123],[-0.496113,-0.433453,0.752323]],"s":1.20995,"sphereCenter":[35.5505,252.15,-35.7342],"sphereRadius":47.283,"stabilizedPalmPosition":[41.3697,268.823,8.65891],"t":[43.3875,29.0141,-93.4056],"timeVisible":5.30554,"type":"right","wrist":[53.33,234.974,48.3188]}],"id":1675770,"interactionBox":{"center":[0,200,0],"size":[235.247,235.247,147.751]},"pointables":[{"bases":[[[0.0161741,0.803684,0.594837],[-0.855812,-0.296504,0.423876],[0.517034,-0.515925,0.683007]],[[-0.0548641,0.866828,0.495579],[-0.851847,-0.299566,0.429671],[0.52091,-0.398584,0.75484]],[[-0.0548641,0.866828,0.495579],[-0.980277,0.0476147,-0.191807],[-0.189861,-0.496328,0.847119]],[[-0.0548641,0.866828,0.495579],[-0.726459,0.305852,-0.615396],[-0.685016,-0.393781,0.612935]]],"btipPosition":[28.497,262.006,-41.8862],"carpPosition":[31.9252,216.881,37.4225],"dipPosition":[12.782,252.973,-27.8248],"direction":[0.189861,0.496328,-0.847119],"extended":false,"handId":466,"id":4660,"length":51.0864,"mcpPosition":[31.9252,216.881,37.4225],"pipPosition":[6.43651,236.384,0.487375],"stabilizedTipPosition":[24.9488,259.866,-38.702],"timeVisible":5.30554,"tipPosition":[24.9877,259.695,-38.8357],"tipVelocity":[-12.0555,25.0896,5.36657],"tool":false,"touchDistance":-0.127988,"touchZone":"touching","type":0,"width":19.8498},{"bases":[[[0.886282,0.455832,0.0819855],[-0.405854,0.679099,0.611643],[0.223131,-0.575362,0.786874]],[[0.853845,0.520406,-0.0112334],[-0.44533,0.741498,0.501859],[0.2695,-0.423507,0.864876]],[[0.853845,0.520406,-0.0112334],[-0.502482,0.829685,0.243176],[0.13587,-0.20199,0.969917]],[[0.853845,0.520406,-0.0112334],[-0.519892,0.85367,0.0309971],[0.0257207,-0.0206266,0.999456]]],"btipPosition":[-0.287054,302.968,-87.0465],"carpPosition":[30.8036,238.509,45.8411],"dipPosition":[0.143715,302.623,-70.3076],"direction":[-0.13587,0.20199,-0.969917],"extended":true,"handId":466,"id":4661,"length":57.6453,"mcpPosition":[14.7124,280.002,-10.9048],"pipPosition":[3.36285,297.837,-47.3276],"stabilizedTipPosition":[-0.135762,302.866,-83.2143],"timeVisible":5.30554,"tipPosition":[-0.396332,303.389,-83.0153],"tipVelocity":[-17.2993,23.3554,2.16941],"tool":false,"touchDistance":-0.0858817,"touchZone":"touching","type":1,"width":18.9605},{"bases":[[[0.964394,0.251415,0.0820617],[-0.245178,0.733589,0.633826],[0.0991534,-0.631377,0.769111]],[[0.964983,0.247546,0.086767],[-0.145542,0.780467,-0.608021],[-0.218232,0.574102,0.789165]],[[0.964983,0.247546,0.086767],[0.174694,-0.359731,-0.916557],[-0.195677,0.899619,-0.390379]],[[0.964983,0.247546,0.086767],[0.254209,-0.80095,-0.542086],[-0.0646952,0.545161,-0.835832]]],"btipPosition":[50.7559,226.353,-16.2208],"carpPosition":[40.5798,245.417,47.3863],"dipPosition":[49.5642,236.395,-31.6173],"direction":[0.195677,-0.899619,0.390379],"extended":false,"handId":466,"id":4662,"length":65.6822,"mcpPosition":[33.7988,288.597,-5.21256],"pipPosition":[44.1098,261.471,-42.4989],"stabilizedTipPosition":[51.8005,226.647,-18.8631],"timeVisible":5.30554,"tipPosition":[50.588,228.195,-19.5553],"tipVelocity":[-24.9767,25.4046,-8.23797],"tool":false,"touchDistance":0.333333,"touchZone":"none","type":2,"width":18.6218},{"bases":[[[0.984194,0.0997407,0.146333],[-0.172364,0.729176,0.662263],[-0.0406478,-0.677018,0.734843]],[[0.985033,0.128133,0.11529],[-0.0320537,0.793373,-0.607891],[-0.169359,0.595097,0.785606]],[[0.985033,0.128133,0.11529],[0.157646,-0.399266,-0.90318],[-0.0696963,0.907837,-0.413489]],[[0.985033,0.128133,0.11529],[0.169802,-0.83629,-0.521331],[0.0296158,0.533104,-0.845531]]],"btipPosition":[63.1036,230.677,-4.50339],"carpPosition":[51.8402,249.585,48.3105],"dipPosition":[63.646,240.44,-19.9891],"direction":[0.0696963,-0.907837,0.413489],"extended":false,"handId":466,"id":4663,"length":63.1552,"mcpPosition":[54.3361,291.155,3.18967],"pipPosition":[61.7534,265.092,-31.2172],"stabilizedTipPosition":[64.3057,231.228,-7.40348],"timeVisible":5.30554,"tipPosition":[63.2804,232.539,-7.94191],"tipVelocity":[-21.0968,21.1985,-9.93324],"tool":false,"touchDistance":0.333333,"touchZone":"none","type":3,"width":17.7198},{"bases":[[[0.987735,-0.101148,0.118949],[-0.0200966,0.673116,0.739264],[-0.154842,-0.732587,0.662827]],[[0.998701,-0.0211184,0.0463781],[0.0434467,0.828485,-0.558324],[-0.0266326,0.559614,0.828326]],[[0.998701,-0.0211184,0.0463781],[0.0347383,-0.383741,-0.922787],[0.037285,0.923199,-0.382509]],[[0.998701,-0.0211184,0.0463781],[0.00820503,-0.831578,-0.555347],[0.050295,0.555006,-0.830324]]],"btipPosition":[73.7184,242.691,1.81035],"carpPosition":[65.5589,247.525,46.8322],"dipPosition":[74.5682,252.068,-12.2189],"direction":[-0.037285,-0.923199,0.382509],"extended":false,"handId":466,"id":4664,"length":49.5125,"mcpPosition":[74.36,289.165,9.1576],"pipPosition":[75.2831,269.768,-19.5525],"stabilizedTipPosition":[74.8632,242.952,-0.69983],"timeVisible":5.30554,"tipPosition":[73.9157,244.452,-1.65194],"tipVelocity":[-16.252,17.9697,-11.5454],"tool":false,"touchDistance":0.333333,"touchZone":"none","type":4,"width":15.7401}],"r":[[0.457706,0.605744,0.650831],[-0.73782,0.667228,-0.102123],[-0.496113,-0.433453,0.752323]],"s":1.20995,"t":[43.3875,29.0141,-93.4056],"timestamp":93331572124},false],[6,{"currentFrameRate":109.493,"devices":[],"gestures":[],"hands":[{"armBasis":[[0.910627,0.412375,-0.0265702],[-0.384368,0.86888,0.311944],[0.151724,-0.273851,0.949729]],"armWidth":62.4607,"confidence":0.686324,"direction":[-0.128858,0.73679,-0.663729],"elbow":[93.3562,162.595,299.672],"grabStrength":0,"id":466,"palmNormal":[0.367859,-0.586041,-0.721966],"palmPosition":[41.0561,269.073,8.66133],"palmVelocity":[-13.4111,17.577,-2.45945],"palmWidth":89.1918,"pinchStrength":0.474557,"r":[[0.459322,0.605076,0.650313],[-0.737207,0.668088,-0.100919],[-0.49553,-0.43306,0.752933]],"s":1.20878,"sphereCenter":[35.4096,252.262,-35.7156],"sphereRadius":47.2484,"stabilizedPalmPosition":[41.2419,268.925,8.65989],"t":[43.2469,29.1186,-93.4016],"timeVisible":5.31457,"type":"right","wrist":[53.2003,235.074,48.3126]}],"id":1675771,"interactionBox":{"center":[0,200,0],"size":[235.247,235.247,147.751]},"pointables":[{"bases":[[[0.0164039,0.803627,0.594908],[-0.855366,-0.296826,0.424551],[0.517764,-0.515828,0.682526]],[[-0.054981,0.866948,0.495356],[-0.852361,-0.299146,0.428944],[0.520056,-0.398638,0.7554]],[[-0.054981,0.866948,0.495356],[-0.979998,0.0481762,-0.193089],[-0.191262,-0.496064,0.846959]],[[-0.054981,0.866948,0.495356],[-0.72376,0.307165,-0.617917],[-0.687858,-0.392492,0.610574]]],"btipPosition":[28.518,262.065,-41.8445],"carpPosition":[31.7924,216.976,37.4321],"dipPosition":[12.7378,253.061,-27.8373],"direction":[0.191262,0.496064,-0.846959],"extended":false,"handId":466,"id":4660,"length":51.0864,"mcpPosition":[31.7924,216.976,37.4321],"pipPosition":[6.34548,236.481,0.469548],"stabilizedTipPosition":[24.9065,259.956,-38.6464],"timeVisible":5.31457,"tipPosition":[24.9058,259.788,-38.7965],"tipVelocity":[-8.55082,20.1737,4.77935],"tool":false,"touchDistance":-0.127501,"touchZone":"touching","type":0,"width":19.8498},{"bases":[[[0.886201,0.456112,0.0813021],[-0.40557,0.678903,0.612049],[0.223966,-0.575372,0.78663]],[[0.853806,0.520463,-0.0115451],[-0.445237,0.741532,0.50189],[0.269777,-0.423377,0.864854]],[[0.853806,0.520463,-0.0115451],[-0.502503,0.829732,0.24297],[0.136036,-0.201648,0.969965]],[[0.853806,0.520463,-0.0115451],[-0.519952,0.853646,0.0306322],[0.0257984,-0.0201511,0.999464]]],"btipPosition":[-0.497072,303.04,-87.0164],"carpPosition":[30.6707,238.602,45.8539],"dipPosition":[-0.0650027,302.703,-70.2774],"direction":[-0.136036,0.201648,-0.969965],"extended":true,"handId":466,"id":4661,"length":57.6453,"mcpPosition":[14.5193,280.096,-10.8744],"pipPosition":[3.15807,297.925,-47.2963],"stabilizedTipPosition":[-0.329974,302.938,-83.1788],"timeVisible":5.31457,"tipPosition":[-0.618346,303.454,-82.9853],"tipVelocity":[-18.9275,19.1828,2.48964],"tool":false,"touchDistance":-0.08538,"touchZone":"touching","type":1,"width":18.9605},{"bases":[[[0.96438,0.251719,0.0812925],[-0.244893,0.733443,0.634105],[0.0999928,-0.631426,0.768962]],[[0.964988,0.247753,0.0861151],[-0.146238,0.780748,-0.607492],[-0.217742,0.573629,0.789644]],[[0.964988,0.247753,0.0861151],[0.174243,-0.360113,-0.916492],[-0.196052,0.899409,-0.390674]],[[0.964988,0.247753,0.0861151],[0.254083,-0.80147,-0.541375],[-0.0651085,0.544301,-0.836359]]],"btipPosition":[50.5596,226.496,-16.2099],"carpPosition":[40.446,245.513,47.3917],"dipPosition":[49.3602,236.523,-31.6162],"direction":[0.196052,-0.899409,0.390674],"extended":false,"handId":466,"id":4662,"length":65.6822,"mcpPosition":[33.6076,288.696,-5.19701],"pipPosition":[43.8954,261.593,-42.506],"stabilizedTipPosition":[51.6304,226.889,-18.9629],"timeVisible":5.31457,"tipPosition":[50.3927,228.335,-19.5579],"tipVelocity":[-24.1344,22.6703,-5.70428],"tool":false,"touchDistance":0.333333,"touchZone":"none","type":2,"width":18.6218},{"bases":[[[0.984282,0.100045,0.145531],[-0.172054,0.729051,0.662482],[-0.0398217,-0.677108,0.734805]],[[0.985086,0.128374,0.114565],[-0.0329661,0.79432,-0.606605],[-0.168873,0.593781,0.786706]],[[0.985086,0.128374,0.114565],[0.15703,-0.398596,-0.903583],[-0.0703315,0.908098,-0.41281]],[[0.985086,0.128374,0.114565],[0.169616,-0.836371,-0.521262],[0.0289021,0.53292,-0.845672]]],"btipPosition":[62.9275,230.836,-4.56855],"carpPosition":[51.7058,249.685,48.3071],"dipPosition":[63.4568,240.596,-20.0568],"direction":[0.0703315,-0.908098,0.41281],"extended":false,"handId":466,"id":4663,"length":63.1552,"mcpPosition":[54.1509,291.261,3.18855],"pipPosition":[61.547,265.255,-31.2665],"stabilizedTipPosition":[64.1631,231.438,-7.48603],"timeVisible":5.31457,"tipPosition":[63.1008,232.694,-7.99246],"tipVelocity":[-20.7457,20.1903,-9.2013],"tool":false,"touchDistance":0.333333,"touchZone":"none","type":3,"width":17.7198},{"bases":[[[0.987865,-0.10084,0.118124],[-0.0197053,0.673032,0.739351],[-0.154057,-0.732707,0.662878]],[[0.998753,-0.0206812,0.045445],[0.0425436,0.828907,-0.557767],[-0.0261344,0.559004,0.828753]],[[0.998753,-0.0206812,0.045445],[0.0340542,-0.383471,-0.922925],[0.0365141,0.923321,-0.382289]],[[0.998753,-0.0206812,0.045445],[0.00804346,-0.83165,-0.555242],[0.0492775,0.554915,-0.830447]]],"btipPosition":[73.5536,242.823,1.77553],"carpPosition":[65.4239,247.629,46.8172],"dipPosition":[74.3862,252.198,-12.2558],"direction":[-0.0365141,-0.923321,0.382289],"extended":false,"handId":466,"id":4664,"length":49.5125,"mcpPosition":[74.1804,289.276,9.13975],"pipPosition":[75.0862,269.901,-19.5851],"stabilizedTipPosition":[74.7657,243.129,-0.765335],"timeVisible":5.31457,"tipPosition":[73.7448,244.584,-1.67681],"tipVelocity":[-16.9225,17.018,-9.44047],"tool":false,"touchDistance":0.333333,"touchZone":"none","type":4,"width":15.7401}],"r":[[0.459322,0.605076,0