{"sensorType":"Leap","data":[[0,{"currentFrameRate":55.3919,"devices":[],"gestures":[],"hands":[{"armBasis":[[0.909661,0.414304,-0.0294954],[-0.39743,0.888847,0.228038],[0.120694,-0.195715,0.973205]],"armWidth":62.4607,"confidence":0.89734,"direction":[-0.151796,0.749633,-0.644211],"elbow":[91.1736,173.009,311.649],"grabStrength":0,"id":466,"palmNormal":[0.379757,-0.557506,-0.738222],"palmPosition":[45.9847,259.462,15.3559],"palmVelocity":[-11.8964,33.4772,5.04801],"palmWidth":89.1918,"pinchStrength":0.505941,"r":[[0.474045,0.609395,0.635546],[-0.739143,0.66766,-0.088872],[-0.478487,-0.42763,0.766931]],"s":1.18311,"sphereCenter":[43.3458,242.558,-29.6159],"sphereRadius":46.5266,"stabilizedPalmPosition":[46.1735,259.072,15.3109],"t":[48.2648,19.017,-86.7874],"timeVisible":24.9461,"type":"right","wrist":[59.2303,224.808,54.0767]}],"id":1676888,"interactionBox":{"center":[0,200,0],"size":[235.247,235.247,147.751]},"pointables":[{"bases":[[[-0.00207869,0.788462,0.61508],[-0.845004,-0.330303,0.420556],[0.534755,-0.518871,0.666941]],[[-0.0596727,0.839769,0.539655],[-0.861258,-0.316624,0.397472],[0.504652,-0.441064,0.742152]],[[-0.0596727,0.839769,0.539655],[-0.97506,0.0667381,-0.211671],[-0.21377,-0.538826,0.814843]],[[-0.0596727,0.839769,0.539655],[-0.628747,0.388279,-0.673734],[-0.775317,-0.37951,0.504833]]],"btipPosition":[38.4969,254.72,-32.2972],"carpPosition":[38.2589,206.424,42.832],"dipPosition":[20.7103,246.014,-20.7158],"direction":[0.21377,0.538826,-0.814843],"extended":false,"handId":466,"id":4660,"length":51.0864,"mcpPosition":[38.2589,206.424,42.832],"pipPosition":[13.5657,228.005,6.5177],"stabilizedTipPosition":[34.5673,252.491,-29.6717],"timeVisible":24.9461,"tipPosition":[34.8511,252.129,-29.7385],"tipVelocity":[-16.9074,39.283,7.41387],"tool":false,"touchDistance":0.0651525,"touchZone":"hovering","type":0,"width":19.8498},{"bases":[[[0.874106,0.477504,0.0890471],[-0.420482,0.652076,0.630866],[0.243176,-0.588886,0.770765]],[[0.832282,0.554061,-0.0179598],[-0.499776,0.763967,0.408141],[0.239856,-0.330712,0.912742]],[[0.832282,0.554061,-0.0179598],[-0.540026,0.817666,0.199486],[0.125213,-0.15633,0.979736]],[[0.832282,0.554061,-0.0179598],[-0.553111,0.832149,0.0399468],[0.0370782,-0.0233132,0.99904]]],"btipPosition":[5.37702,288.282,-82.1614],"carpPosition":[36.6025,227.792,51.8059],"dipPosition":[5.99801,287.891,-65.4295],"direction":[-0.125213,0.15633,-0.979736],"extended":true,"handId":466,"id":4661,"length":57.6453,"mcpPosition":[19.0657,270.26,-3.7783],"pipPosition":[8.96463,284.188,-42.2169],"stabilizedTipPosition":[5.82982,286.613,-78.7745],"timeVisible":24.9461,"tipPosition":[5.43543,288.158,-78.2834],"tipVelocity":[-17.2632,41.3296,11.2455],"tool":false,"touchDistance":0.415028,"touchZone":"hovering","type":1,"width":18.9605},{"bases":[[[0.957712,0.275347,0.0835007],[-0.26121,0.710329,0.653607],[0.120656,-0.647779,0.752213]],[[0.958972,0.268258,0.0917087],[-0.159047,0.776852,-0.609266],[-0.234684,0.569683,0.787645]],[[0.958972,0.268258,0.0917087],[0.187099,-0.35582,-0.915634],[-0.212994,0.895226,-0.391413]],[[0.958972,0.268258,0.0917087],[0.27343,-0.789726,-0.549152],[-0.0748895,0.551698,-0.830675]]],"btipPosition":[56.3507,217.19,-8.96905],"carpPosition":[46.1974,234.922,53.4767],"dipPosition":[54.9712,227.353,-24.2706],"direction":[0.212994,-0.895226,0.391413],"extended":false,"handId":466,"id":4662,"length":65.6822,"mcpPosition":[37.9458,279.223,2.0335],"pipPosition":[49.0342,252.307,-35.181],"stabilizedTipPosition":[56.0841,217.117,-13.187],"timeVisible":24.9461,"tipPosition":[56.1027,219.497,-12.956],"tipVelocity":[-20.2694,38.0516,7.48259],"tool":false,"touchDistance":0.333333,"touchZone":"none","type":2,"width":18.6218},{"bases":[[[0.981976,0.122683,0.143774],[-0.188139,0.707174,0.681549],[-0.0180586,-0.696314,0.71751]],[[0.981683,0.156616,0.108485],[-0.0539229,0.774537,-0.630226],[-0.182729,0.612832,0.768796]],[[0.981683,0.156616,0.108485],[0.16404,-0.405239,-0.899373],[-0.0968941,0.900696,-0.423508]],[[0.981683,0.156616,0.108485],[0.190437,-0.823327,-0.534664],[0.00558143,0.54553,-0.838072]]],"btipPosition":[68.9869,220.835,3.57133],"carpPosition":[57.3463,239.369,54.4493],"dipPosition":[69.0891,230.826,-11.7778],"direction":[0.0968941,-0.900696,0.423508],"extended":false,"handId":466,"id":4663,"length":63.1552,"mcpPosition":[58.4551,282.124,10.3927],"pipPosition":[66.458,255.284,-23.2779],"stabilizedTipPosition":[68.829,220.523,-0.766173],"timeVisible":24.9461,"tipPosition":[69.0285,223.015,-0.336341],"tipVelocity":[-17.1586,34.5768,2.05227],"tool":false,"touchDistance":0.333333,"touchZone":"none","type":3,"width":17.7198},{"bases":[[[0.990783,-0.0772754,0.111251],[-0.0339663,0.653332,0.756309],[-0.131128,-0.753117,0.644686]],[[0.999192,0.00594727,0.0397369],[0.0170569,0.832661,-0.553521],[-0.0363793,0.553752,0.831887]],[[0.999192,0.00594727,0.0397369],[0.0392768,-0.353034,-0.934786],[0.00846906,0.935592,-0.352983]],[[0.999192,0.00594727,0.0397369],[0.0284868,-0.802309,-0.596228],[0.0283354,0.596879,-0.801831]]],"btipPosition":[79.1797,233.312,7.68671],"carpPosition":[71.1067,237.721,52.8484],"dipPosition":[79.6584,243.397,-5.86115],"direction":[-0.00846906,-0.935592,0.352983],"extended":false,"handId":466,"id":4664,"length":49.5125,"mcpPosition":[78.5599,280.527,16.2049],"pipPosition":[79.8208,261.334,-12.6286],"stabilizedTipPosition":[78.9865,233.031,3.72051],"timeVisible":24.9461,"tipPosition":[79.2984,235.65,4.38909],"tipVelocity":[-15.3542,33.3481,2.78767],"tool":false,"touchDistance":0.333333,"touchZone":"none","type":4,"width":15.7401}],"r":[[0.474045,0.609395,0.635546],[-0.739143,0.66766,-0.088872],[-0.478487,-0.42763,0.766931]],"s":1.18311,"t":[48.2648,19.017,-86.7874],"timestamp":93351212714},false],[1,{"currentFrameRate":55.3758,"devices":[],"gestures":[],"hands":[{"armBasis":[[0.910215,0.413101,-0.0292806],[-0.396104,0.889039,0.229591],[0.120876,-0.197379,0.972847]],"armWidth":62.4607,"confidence":0.903579,"direction":[-0.153485,0.750214,-0.643134],"elbow":[91.0632,172.832,311.491],"grabStrength":0,"id":466,"palmNormal":[0.376981,-0.557166,-0.739899],"palmPosition":[45.7187,259.763,15.3633],"palmVelocity":[-13.2246,25.443,2.84083],"palmWidth":89.1918,"pinchStrength":0.505318,"r":[[0.475248,0.608033,0.635952],[-0.738732,0.668365,-0.0869671],[-0.477927,-0.428467,0.766813]],"s":1.18299,"sphereCenter":[42.9582,242.905,-29.5975],"sphereRadius":46.5141,"stabilizedPalmPosition":[45.9101,259.472,15.3413],"t":[48.0168,19.4649,-86.7415],"timeVisible":24.9642,"type":"right","wrist":[59.0718,225.071,54.0137]}],"id":1676889,"interactionBox":{"center":[0,200,0],"size":[235.247,235.247,147.751]},"pointables":[{"bases":[[[0.000423685,0.787994,0.615682],[-0.843803,-0.330127,0.4231],[0.536654,-0.519694,0.664772]],[[-0.057157,0.839204,0.540804],[-0.860041,-0.316482,0.400211],[0.507013,-0.442239,0.739839]],[[-0.057157,0.839204,0.540804],[-0.97563,0.0679912,-0.20862],[-0.211845,-0.539549,0.814867]],[[-0.057157,0.839204,0.540804],[-0.63087,0.389475,-0.671053],[-0.77378,-0.379533,0.507168]]],"btipPosition":[38.0754,255.087,-32.2459],"carpPosition":[38.0525,206.708,42.8245],"dipPosition":[20.3241,246.38,-20.6109],"direction":[0.211845,0.539549,-0.814867],"extended":false,"handId":466,"id":4660,"length":51.0864,"mcpPosition":[38.0525,206.708,42.8245],"pipPosition":[13.2438,228.347,6.62337],"stabilizedTipPosition":[34.158,252.913,-29.5992],"timeVisible":24.9642,"tipPosition":[34.4229,252.502,-29.6827],"tipVelocity":[-19.722,30.2122,5.55639],"tool":false,"touchDistance":0.0662125,"touchZone":"hovering","type":0,"width":19.8498},{"bases":[[[0.874678,0.476921,0.0865153],[-0.418005,0.651842,0.632751],[0.245378,-0.589617,0.769507]],[[0.832684,0.553388,-0.02],[-0.497959,0.764102,0.410103],[0.242228,-0.331527,0.91182]],[[0.832684,0.553388,-0.02],[-0.538992,0.818247,0.199899],[0.126986,-0.155673,0.979612]],[[0.832684,0.553388,-0.02],[-0.552423,0.832645,0.0391254],[0.0383045,-0.0215307,0.999034]]],"btipPosition":[4.89169,288.602,-82.0146],"carpPosition":[36.4385,228.071,51.8201],"dipPosition":[5.53321,288.241,-65.2829],"direction":[-0.126986,0.155673,-0.979612],"extended":true,"handId":466,"id":4661,"length":57.6453,"mcpPosition":[18.7429,270.591,-3.67342],"pipPosition":[8.54187,284.553,-42.0732],"stabilizedTipPosition":[5.59771,287.173,-78.596],"timeVisible":24.9642,"tipPosition":[4.92865,288.513,-78.1304],"tipVelocity":[-21.6744,30.2458,9.749],"tool":false,"touchDistance":0.40906,"touchZone":"hovering","type":1,"width":18.9605},{"bases":[[[0.958146,0.274719,0.0805385],[-0.258624,0.709984,0.655009],[0.122763,-0.648423,0.751317]],[[0.959438,0.267569,0.0887997],[-0.160263,0.776787,-0.60903],[-0.231936,0.570096,0.78816]],[[0.959438,0.267569,0.0887997],[0.18462,-0.358278,-0.915179],[-0.213058,0.894452,-0.393144]],[[0.959438,0.267569,0.0887997],[0.271443,-0.791691,-0.547306],[-0.0761402,0.549211,-0.832208]]],"btipPosition":[55.9473,217.553,-8.86776],"carpPosition":[46.043,235.193,53.4646],"dipPosition":[54.5447,227.67,-24.1975],"direction":[0.213058,-0.894452,0.393144],"extended":false,"handId":466,"id":4662,"length":65.6822,"mcpPosition":[37.6474,279.538,2.08265],"pipPosition":[48.6059,252.603,-35.1562],"stabilizedTipPosition":[55.9805,217.741,-13.0081],"timeVisible":24.9642,"tipPosition":[55.6983,219.84,-12.8921],"tipVelocity":[-21.3622,29.2132,6.41201],"tool":false,"touchDistance":0.333333,"touchZone":"none","type":2,"width":18.6218},{"bases":[[[0.982519,0.121996,0.140615],[-0.185463,0.706765,0.682705],[-0.0160947,-0.69685,0.717036]],[[0.982127,0.156021,0.105284],[-0.0555899,0.774851,-0.629695],[-0.179825,0.612588,0.769675]],[[0.982127,0.156021,0.105284],[0.160938,-0.406039,-0.899573],[-0.097603,0.900439,-0.423892]],[[0.982127,0.156021,0.105284],[0.188191,-0.824096,-0.534275],[0.00340595,0.544539,-0.838729]]],"btipPosition":[68.6497,221.168,3.53867],"carpPosition":[57.1977,239.633,54.4036],"dipPosition":[68.712,231.141,-11.8224],"direction":[0.097603,-0.900439,0.423892],"extended":false,"handId":466,"id":4663,"length":63.1552,"mcpPosition":[58.1859,282.421,10.3761],"pipPosition":[66.0617,255.592,-23.333],"stabilizedTipPosition":[68.7948,221.132,-0.606215],"timeVisible":24.9642,"tipPosition":[68.6833,223.337,-0.381973],"tipVelocity":[-18.0935,26.7576,0.145045],"tool":false,"touchDistance":0.333333,"touchZone":"none","type":3,"width":17.7198},{"bases":[[[0.9911,-0.0779433,0.107911],[-0.0310761,0.652776,0.756914],[-0.129438,-0.753531,0.644544]],[[0.999322,0.00531385,0.0364457],[0.0157444,0.832934,-0.553148],[-0.0332962,0.553346,0.832286]],[[0.999322,0.00531385,0.0364457],[0.0359661,-0.353983,-0.93456],[0.00793505,0.935237,-0.353934]],[[0.999322,0.00531385,0.0364457],[0.0259742,-0.803244,-0.595084],[0.0261126,0.595626,-0.802837]]],"btipPosition":[78.8697,233.634,7.62371],"carpPosition":[70.9518,237.978,52.7559],"dipPosition":[79.3109,243.698,-5.94115],"direction":[-0.00793505,-0.935237,0.353934],"extended":false,"handId":466,"id":4664,"length":49.5125,"mcpPosition":[78.3089,280.808,16.1205],"pipPosition":[79.463,261.629,-12.7269],"stabilizedTipPosition":[78.9834,233.618,3.87822],"timeVisible":24.9642,"tipPosition":[78.9799,235.956,4.30728],"tipVelocity":[-16.4194,25.8303,-0.296923],"tool":false,"touchDistance":0.333333,"touchZone":"none","type":4,"width":15.7401}],"r":[[0.475248,0.608033,0.635952],[-0.738732,0.668365,-0.0869671],[-0.477927,-0.428467,0.766813]],"s":1.18299,"t":[48.0168,19.4649,-86.7415],"timestamp":93351230828},false],[2,{"currentFrameRate":55.3622,"devices":[],"gestures":[],"hands":[{"armBasis":[[0.909763,0.41408,-0.0294933],[-0.396846,0.88835,0.230969],[0.12184,-0.198423,0.972514]],"armWidth":62.4607,"confidence":0.88477,"direction":[-0.156123,0.750674,-0.641961],"elbow":[91.0105,172.948,311.419],"grabStrength":0,"id":466,"palmNormal":[0.376073,-0.555803,-0.741385],"palmPosition":[45.2677,260.176,15.4486],"palmVelocity":[-18.7806,24.1998,3.72989],"palmWidth":89.1918,"pinchStrength":0.505071,"r":[[0.476327,0.606948,0.636181],[-0.738643,0.668723,-0.0849507],[-0.476989,-0.429447,0.766849]],"s":1.18289,"sphereCenter":[42.4619,243.373,-29.5133],"sphereRadius":46.5042,"stabilizedPalmPosition":[45.5528,259.864,15.401],"t":[47.6674,19.8956,-86.6759],"timeVisible":24.9823,"type":"right","wrist":[58.7638,225.463,54.0299]}],"id":1676890,"interactionBox":{"center":[0,200,0],"size":[235.247,235.247,147.751]},"pointables":[{"bases":[[[0.000691592,0.787331,0.61653],[-0.842308,-0.331849,0.424727],[0.538996,-0.519602,0.662946]],[[-0.056878,0.838322,0.5422],[-0.858532,-0.318269,0.40203],[0.509596,-0.44263,0.737829]],[[-0.056878,0.838322,0.5422],[-0.976179,0.0671961,-0.206298],[-0.209378,-0.541019,0.81453]],[[-0.056878,0.838322,0.5422],[-0.633982,0.389204,-0.668272],[-0.771254,-0.381755,0.509344]]],"btipPosition":[37.5019,255.578,-32.1402],"carpPosition":[37.7458,207.08,42.8704],"dipPosition":[19.8085,246.82,-20.4554],"direction":[0.209378,0.541019,-0.81453],"extended":false,"handId":466,"id":4660,"length":51.0864,"mcpPosition":[37.7458,207.08,42.8704],"pipPosition":[12.8107,228.739,6.76768],"stabilizedTipPosition":[33.663,253.357,-29.4993],"timeVisible":24.9823,"tipPosition":[33.8562,252.985,-29.568],"tipVelocity":[-25.0562,28.4466,5.9901],"tool":false,"touchDistance":0.0681647,"touchZone":"hovering","type":0,"width":19.8498},{"bases":[[[0.874163,0.478141,0.0849725],[-0.417492,0.650532,0.634436],[0.248073,-0.590076,0.768291]],[[0.831924,0.554488,-0.0211074],[-0.498115,0.763024,0.411916],[0.244508,-0.332169,0.910977]],[[0.831924,0.554488,-0.0211074],[-0.539855,0.817592,0.200249],[0.128293,-0.155197,0.979518]],[[0.831924,0.554488,-0.0211074],[-0.553532,0.831947,0.0383008],[0.0387976,-0.0201798,0.999043]]],"btipPosition":[4.24453,288.988,-81.8165],"carpPosition":[36.1209,228.431,51.8929],"dipPosition":[4.89431,288.65,-65.0846],"direction":[-0.128293,0.155197,-0.979518],"extended":true,"handId":466,"id":4661,"length":57.6453,"mcpPosition":[18.231,270.985,-3.51291],"pipPosition":[7.93392,284.973,-41.8772],"stabilizedTipPosition":[5.26788,287.649,-78.4239],"timeVisible":24.9823,"tipPosition":[4.26179,288.928,-77.9273],"tipVelocity":[-28.3149,26.148,10.3159],"tool":false,"touchDistance":0.404459,"touchZone":"hovering","type":1,"width":18.9605},{"bases":[[[0.957919,0.276071,0.0785809],[-0.258146,0.708889,0.656382],[0.125503,-0.649046,0.750325]],[[0.959257,0.268829,0.086929],[-0.162762,0.777294,-0.60772],[-0.230942,0.568811,0.78938]],[[0.959257,0.268829,0.086929],[0.183323,-0.358108,-0.915506],[-0.214984,0.894142,-0.3928]],[[0.959257,0.268829,0.086929],[0.27147,-0.791725,-0.547244],[-0.078291,0.548546,-0.832447]]],"btipPosition":[55.4818,218.051,-8.80488],"carpPosition":[45.7186,235.566,53.5224],"dipPosition":[54.0396,228.155,-24.1391],"direction":[0.214984,-0.894142,0.3928],"extended":false,"handId":466,"id":4662,"length":65.6822,"mcpPosition":[37.1356,279.954,2.20833],"pipPosition":[48.0471,253.079,-35.0881],"stabilizedTipPosition":[55.8016,218.308,-12.8624],"timeVisible":24.9823,"tipPosition":[55.2269,220.322,-12.8292],"tipVelocity":[-23.6678,28.3019,4.98675],"tool":false,"touchDistance":0.333333,"touchZone":"none","type":2,"width":18.6218},{"bases":[[[0.982664,0.12332,0.138435],[-0.184915,0.70575,0.683903],[-0.0133618,-0.697645,0.716319]],[[0.982136,0.157396,0.103128],[-0.0582748,0.775517,-0.628632],[-0.178921,0.611392,0.770835]],[[0.982136,0.157396,0.103128],[0.159653,-0.406916,-0.899405],[-0.0995983,0.899803,-0.424776]],[[0.982136,0.157396,0.103128],[0.188168,-0.825088,-0.532751],[0.00123671,0.542639,-0.839965]]],"btipPosition":[68.2073,221.71,3.61494],"carpPosition":[56.8688,240.022,54.44],"dipPosition":[68.2299,231.648,-11.7688],"direction":[0.0995983,-0.899803,0.424776],"extended":false,"handId":466,"id":4663,"length":63.1552,"mcpPosition":[57.6892,282.859,10.4566],"pipPosition":[65.5254,256.082,-23.3034],"stabilizedTipPosition":[68.6779,221.707,-0.469101],"timeVisible":24.9823,"tipPosition":[68.2374,223.852,-0.324025],"tipVelocity":[-21.3479,28.0543,1.94316],"tool":false,"touchDistance":0.333333,"touchZone":"none","type":3,"width":17.7198},{"bases":[[[0.991468,-0.0765708,0.105494],[-0.0302728,0.651913,0.757689],[-0.12679,-0.754418,0.644032]],[[0.999396,0.00679678,0.0340821],[0.013193,0.833079,-0.552996],[-0.0321517,0.553112,0.832486]],[[0.999396,0.00679678,0.0340821],[0.0342699,-0.355715,-0.933966],[0.00577556,0.93457,-0.355733]],[[0.999396,0.00679678,0.0340821],[0.0257,-0.804696,-0.593131],[0.0233943,0.593648,-0.804385]]],"btipPosition":[78.4365,234.15,7.70873],"carpPosition":[70.6214,238.389,52.7581],"dipPosition":[78.8317,244.181,-5.88227],"direction":[-0.00577556,-0.93457,0.355733],"extended":false,"handId":466,"id":4664,"length":49.5125,"mcpPosition":[77.8281,281.27,16.1518],"pipPosition":[78.9425,262.099,-12.7025],"stabilizedTipPosition":[78.8946,234.171,4.01543],"timeVisible":24.9823,"tipPosition":[78.5364,236.453,4.357],"tipVelocity":[-20.2662,26.8922,1.92035],"tool":false,"touchDistance":0.333333,"touchZone":"none","type":4,"width":15.7401}],"r":[[0.476327,0.606948,0.636181],[-0.738643,0.668723,-0.0849507],[-0.476989,-0.429447,0.766849]],"s":1.18289,"t":[47.6674,19.8956,-86.6759],"timestamp":93351248938},false],[3,{"currentFrameRate":55.351,"devices":[],"gestures":[],"hands":[{"armBasis":[[0.908776,0.416117,-0.0311895],[-0.398424,0.88749,0.231559],[0.124036,-0.198008,0.972321]],"armWidth":62.4607,"confidence":0.8605,"direction":[-0.15724,0.750414,-0.641993],"elbow":[91.1666,173.461,311.643],"grabStrength":0,"id":466,"palmNormal":[0.377136,-0.555181,-0.741311],"palmPosition":[44.7927,260.557,15.7206],"palmVelocity":[-22.3271,22.7031,9.10164],"palmWidth":89.1918,"pinchStrength":0.502629,"r":[[0.476965,0.606238,0.636381],[-0.738788,0.668762,-0.0833663],[-0.476127,-0.430387,0.766857]],"s":1.18294,"sphereCenter":[42.0265,243.749,-29.244],"sphereRadius":46.509,"stabilizedPalmPosition":[45.1635,260.219,15.5647],"t":[47.2551,20.3015,-86.5071],"timeVisible":25.0005,"type":"right","wrist":[58.3388,225.867,54.3046]}],"id":1676891,"interactionBox":{"center":[0,200,0],"size":[235.247,235.247,147.751]},"pointables":[{"bases":[[[-0.000730814,0.787332,0.616529],[-0.841841,-0.333241,0.424564],[0.539726,-0.518709,0.663052]],[[-0.0577134,0.837699,0.543075],[-0.857585,-0.32009,0.402605],[0.511094,-0.442497,0.736871]],[[-0.0577134,0.837699,0.543075],[-0.97642,0.0659861,-0.20555],[-0.208024,-0.542132,0.814137]],[[-0.0577134,0.837699,0.543075],[-0.637292,0.387811,-0.665929],[-0.768458,-0.38453,0.511477]]],"btipPosition":[36.9267,256.042,-31.8586],"carpPosition":[37.3533,207.449,43.141],"dipPosition":[19.2975,247.22,-20.1248],"direction":[0.208024,0.542132,-0.814137],"extended":false,"handId":466,"id":4660,"length":51.0864,"mcpPosition":[37.3533,207.449,43.141],"pipPosition":[12.3449,229.101,7.08514],"stabilizedTipPosition":[33.162,253.772,-29.2843],"timeVisible":25.0005,"tipPosition":[33.3141,253.432,-29.2762],"tipVelocity":[-27.8621,26.7011,10.8373],"tool":false,"touchDistance":0.0730467,"touchZone":"hovering","type":0,"width":19.8498},{"bases":[[[0.873354,0.479587,0.0851413],[-0.418691,0.649841,0.634353],[0.248899,-0.589663,0.76834]],[[0.831088,0.555752,-0.0207807],[-0.499408,0.762228,0.411824],[0.244712,-0.331884,0.911026]],[[0.831088,0.555752,-0.0207807],[-0.541292,0.81691,0.199154],[0.127656,-0.154266,0.979748]],[[0.831088,0.555752,-0.0207807],[-0.554874,0.831136,0.0364338],[0.0375197,-0.018749,0.99912]]],"btipPosition":[3.7833,289.267,-81.5587],"carpPosition":[35.6914,228.797,52.1631],"dipPosition":[4.41168,288.953,-64.8255],"direction":[-0.127656,0.154266,-0.979748],"extended":true,"handId":466,"id":4661,"length":57.6453,"mcpPosition":[17.7418,271.321,-3.24623],"pipPosition":[7.4362,285.298,-41.6126],"stabilizedTipPosition":[4.93653,288.031,-78.2474],"timeVisible":25.0005,"tipPosition":[3.78501,289.223,-77.6679],"tipVelocity":[-27.0935,21.168,12.192],"tool":false,"touchDistance":0.401219,"touchZone":"hovering","type":1,"width":18.9605},{"bases":[[[0.957446,0.277656,0.0787664],[-0.259446,0.708462,0.65633],[0.126431,-0.648836,0.750351]],[[0.958805,0.270354,0.0871852],[-0.163821,0.776997,-0.607815],[-0.232068,0.568493,0.789278]],[[0.958805,0.270354,0.0871852],[0.184444,-0.359086,-0.914897],[-0.216039,0.893289,-0.394159]],[[0.958805,0.270354,0.0871852],[0.273032,-0.792383,-0.545511],[-0.0783973,0.546843,-0.833556]]],"btipPosition":[55.0612,218.488,-8.47143],"carpPosition":[45.2769,235.948,53.7946],"dipPosition":[53.6171,228.562,-23.826],"direction":[0.216039,-0.893289,0.394159],"extended":false,"handId":466,"id":4662,"length":65.6822,"mcpPosition":[36.6304,280.322,2.47866],"pipPosition":[47.5951,253.462,-34.813],"stabilizedTipPosition":[55.5928,218.794,-12.6951],"timeVisible":25.0005,"tipPosition":[54.8098,220.743,-12.5035],"tipVelocity":[-23.4706,26.1523,11.2527],"tool":false,"touchDistance":0.333333,"touchZone":"none","type":2,"width":18.6218},{"bases":[[[0.982431,0.124946,0.138626],[-0.186215,0.705445,0.683865],[-0.0123467,-0.697665,0.716318]],[[0.981853,0.159036,0.103303],[-0.0595138,0.775609,-0.628401],[-0.180061,0.61085,0.771]],[[0.981853,0.159036,0.103303],[0.160609,-0.40769,-0.898885],[-0.100839,0.899164,-0.425834]],[[0.981853,0.159036,0.103303],[0.189639,-0.8258,-0.531123],[0.00083991,0.541076,-0.840974]]],"btipPosition":[67.7866,222.181,3.92928],"carpPosition":[56.4195,240.423,54.7143],"dipPosition":[67.8019,232.091,-11.4729],"direction":[0.100839,-0.899164,0.425834],"extended":false,"handId":466,"id":4663,"length":63.1552,"mcpPosition":[57.1777,283.261,10.7309],"pipPosition":[65.0637,256.507,-23.0363],"stabilizedTipPosition":[68.5134,222.218,-0.310477],"timeVisible":25.0005,"tipPosition":[67.8184,224.304,-0.0130207],"tipVelocity":[-22.2904,26.9215,9.1668],"tool":false,"touchDistance":0.333333,"touchZone":"none","type":3,"width":17.7198},{"bases":[[[0.991572,-0.0749301,0.105687],[-0.0314986,0.651863,0.757682],[-0.125667,-0.754626,0.644009]],[[0.999378,0.00850005,0.0342335],[0.0118537,0.833154,-0.552913],[-0.0332216,0.552975,0.832535]],[[0.999378,0.00850005,0.0342335],[0.0350138,-0.356494,-0.933641],[0.00426806,0.934259,-0.35657]],[[0.999378,0.00850005,0.0342335],[0.0271308,-0.805455,-0.592036],[0.0225412,0.592596,-0.805184]]],"btipPosition":[78.0068,234.614,8.01484],"carpPosition":[70.1752,238.812,53.0351],"dipPosition":[78.3876,244.626,-5.58967],"direction":[-0.00426806,-0.934259,0.35657],"extended":false,"handId":466,"id":4664,"length":49.5125,"mcpPosition":[77.318,281.705,16.4301],"pipPosition":[78.4695,262.538,-12.4259],"stabilizedTipPosition":[78.7508,234.665,4.17179],"timeVisible":25.0005,"tipPosition":[78.1029,236.903,4.65645],"tipVelocity":[-22.0022,26.1701,8.96846],"tool":false,"touchDistance":0.333333,"touchZone":"none","type":4,"width":15.7401}],"r":[[0.476965,0.606238,0.636381],[-0.738788,0.668762,-0.0833663],[-0.476127,-0.430387,0.766857]],"s":1.18294,"t":[47.2551,20.3015,-86.5071],"timestamp":93351267043},false],[4,{"currentFrameRate":55.3607,"devices":[],"gestures":[],"hands":[{"armBasis":[[0.908576,0.416745,-0.0285165],[-0.399005,0.886051,0.236027],[0.12363,-0.20307,0.971328]],"armWidth":62.4607,"confidence":0.868731,"direction":[-0.158191,0.752211,-0.639652],"elbow":[90.7559,172.526,311.282],"grabStrength":0,"id":466,"palmNormal":[0.376993,-0.552723,-0.743218],"palmPosition":[44.4393,261.067,15.7353],"palmVelocity":[-21.0345,25.3414,5.17161],"palmWidth":89.1918,"pinchStrength":0.499036,"r":[[0.477483,0.605355,0.636832],[-0.739003,0.668742,-0.0815988],[-0.475273,-0.431659,0.766672]],"s":1.18333,"sphereCenter":[41.6045,244.383,-29.2844],"sphereRadius":46.5407,"stabilizedPalmPosition":[44.8136,260.629,15.6471],"t":[46.8723,20.7593,-86.4154],"timeVisible":25.0185,"type":"right","wrist":[58.0355,226.271,54.2067]}],"id":1676892,"interactionBox":{"center":[0,200,0],"size":[235.247,235.247,147.751]},"pointables":[{"bases":[[[-0.000830677,0.785497,0.618865],[-0.841321,-0.335068,0.424156],[0.540535,-0.520312,0.661133]],[[-0.0566349,0.83502,0.547298],[-0.855779,-0.322945,0.404165],[0.514232,-0.445476,0.732882]],[[-0.0566349,0.83502,0.547298],[-0.977188,0.066024,-0.201854],[-0.204687,-0.546245,0.812232]],[[-0.0566349,0.83502,0.547298],[-0.64025,0.390245,-0.661656],[-0.766076,-0.38788,0.51252]]],"btipPosition":[36.3083,256.825,-31.7616],"carpPosition":[37.0547,207.873,43.003],"dipPosition":[18.7337,247.927,-20.0039],"direction":[0.204687,0.546245,-0.812232],"extended":false,"handId":466,"id":4660,"length":51.0864,"mcpPosition":[37.0547,207.873,43.003],"pipPosition":[11.8927,229.67,7.14233],"stabilizedTipPosition":[32.6262,254.374,-29.1486],"timeVisible":25.0185,"tipPosition":[32.7599,254.197,-29.1997],"tipVelocity":[-30.5845,34.1831,8.39199],"tool":false,"touchDistance":0.0747541,"touchZone":"hovering","type":0,"width":19.8498},{"bases":[[[0.873091,0.47992,0.0859596],[-0.418685,0.647672,0.636571],[0.24983,-0.591775,0.766412]],[[0.83076,0.556286,-0.0195803],[-0.499582,0.760667,0.414491],[0.24547,-0.33456,0.909843]],[[0.83076,0.556286,-0.0195803],[-0.541678,0.816041,0.20165],[0.128154,-0.156917,0.979262]],[[0.83076,0.556286,-0.0195803],[-0.555346,0.830718,0.0386983],[0.0377931,-0.0212752,0.999059]]],"btipPosition":[3.36119,290.032,-81.4307],"carpPosition":[35.3846,229.192,52.0896],"dipPosition":[3.99414,289.676,-64.6986],"direction":[-0.128154,0.156917,-0.979262],"extended":true,"handId":466,"id":4661,"length":57.6453,"mcpPosition":[17.368,271.869,-3.18068],"pipPosition":[7.03045,285.958,-41.4972],"stabilizedTipPosition":[4.60473,288.477,-78.0931],"timeVisible":25.0185,"tipPosition":[3.36015,289.979,-77.5404],"tipVelocity":[-25.3194,31.0099,9.76807],"tool":false,"touchDistance":0.396346,"touchZone":"hovering","type":1,"width":18.9605},{"bases":[[[0.957314,0.278066,0.0789266],[-0.259465,0.706335,0.658611],[0.127389,-0.650977,0.748333]],[[0.958703,0.270633,0.087445],[-0.164685,0.778911,-0.605125],[-0.231879,0.565734,0.791314]],[[0.958703,0.270633,0.087445],[0.184397,-0.357382,-0.915574],[-0.216533,0.893888,-0.392527]],[[0.958703,0.270633,0.087445],[0.27333,-0.791745,-0.546288],[-0.0786096,0.54763,-0.83302]]],"btipPosition":[54.6941,219.131,-8.54381],"carpPosition":[44.9665,236.345,53.7357],"dipPosition":[53.246,229.219,-23.8886],"direction":[0.216533,-0.893888,0.392527],"extended":false,"handId":466,"id":4662,"length":65.6822,"mcpPosition":[36.2545,280.865,2.55781],"pipPosition":[47.2103,254.135,-34.83],"stabilizedTipPosition":[55.3639,219.288,-12.5795],"timeVisible":25.0185,"tipPosition":[54.4469,221.374,-12.5712],"tipVelocity":[-22.021,30.7389,4.07066],"tool":false,"touchDistance":0.333333,"touchZone":"none","type":2,"width":18.6218},{"bases":[[[0.982443,0.125195,0.138315],[-0.186213,0.703285,0.686087],[-0.0113798,-0.699798,0.714251]],[[0.98181,0.159549,0.102928],[-0.0604902,0.776698,-0.626962],[-0.179975,0.609331,0.77222]],[[0.98181,0.159549,0.102928],[0.160582,-0.408526,-0.89851],[-0.101308,0.898694,-0.426716]],[[0.98181,0.159549,0.102928],[0.189868,-0.826694,-0.529648],[0.000584665,0.539556,-0.841949]]],"btipPosition":[67.4281,222.821,3.99121],"carpPosition":[56.1068,240.824,54.6609],"dipPosition":[67.4388,232.703,-11.4289],"direction":[0.101308,-0.898694,0.426716],"extended":false,"handId":466,"id":4663,"length":63.1552,"mcpPosition":[56.8055,283.793,10.8045],"pipPosition":[64.6878,257.107,-23.0161],"stabilizedTipPosition":[68.3238,222.721,-0.178332],"timeVisible":25.0185,"tipPosition":[67.4644,224.926,0.00370511],"tipVelocity":[-21.1773,30.8155,6.33968],"tool":false,"touchDistance":0.333333,"touchZone":"none","type":3,"width":17.7198},{"bases":[[[0.991696,-0.0745756,0.104776],[-0.0314092,0.649589,0.759637],[-0.124712,-0.756619,0.641852]],[[0.999397,0.00913293,0.0335129],[0.01084,0.834624,-0.550713],[-0.0330003,0.550744,0.834022]],[[0.999397,0.00913293,0.0335129],[0.0345705,-0.35533,-0.934101],[0.00337706,0.934696,-0.355431]],[[0.999397,0.00913293,0.0335129],[0.0272297,-0.805005,-0.592643],[0.0215655,0.593198,-0.804768]]],"btipPosition":[77.6655,235.202,7.98941],"carpPosition":[69.8623,239.228,52.9674],"dipPosition":[78.0299,245.225,-5.60806],"direction":[-0.00337706,-0.934696,0.355431],"extended":false,"handId":466,"id":4664,"length":49.5125,"mcpPosition":[76.9509,282.234,16.485],"pipPosition":[78.0947,263.145,-12.4225],"stabilizedTipPosition":[78.5796,235.151,4.28981],"timeVisible":25.0185,"tipPosition":[77.7574,237.485,4.61899],"tipVelocity":[-20.6432,29.2903,4.08805],"tool":false,"touchDistance":0.333333,"touchZone":"none","type":4,"width":15.7401}],"r":[[0.477483,0.605355,0.636832],[-0.739003,0.668742,-0.0815988],[-0.475273,-0.431659,0.766672]],"s":1.18333,"t":[46.8723,20.7593,-86.4154],"timestamp":93351285073},false],[5,{"currentFrameRate":55.3647,"devices":[],"gestures":[],"hands":[{"armBasis":[[0.908392,0.417268,-0.0266491],[-0.399788,0.885467,0.236892],[0.122444,-0.204537,0.97117]],"armWidth":62.4607,"confidence":0.872833,"direction":[-0.158937,0.753205,-0.638295],"elbow":[90.1947,172.455,311.213],"grabStrength":0,"id":466,"palmNormal":[0.377509,-0.551021,-0.74422],"palmPosition":[44.1572,261.44,15.7706],"palmVelocity":[-18.4691,23.1105,3.64618],"palmWidth":89.1918,"pinchStrength":0.499641,"r":[[0.477784,0.604512,0.637407],[-0.739305,0.668609,-0.0799405],[-0.474501,-0.433044,0.766369]],"s":1.18365,"sphereCenter":[41.3418,244.849,-29.2624],"sphereRadius":46.5381,"stabilizedPalmPosition":[44.5144,260.998,15.7034],"t":[46.5398,21.1745,-86.3518],"timeVisible":25.0365,"type":"right","wrist":[57.7881,226.588,54.1791]}],"id":1676893,"interactionBox":{"center":[0,200,0],"size":[235.247,235.247,147.751]},"pointables":[{"bases":[[[-0.00157501,0.784383,0.620275],[-0.840984,-0.336644,0.423575],[0.541057,-0.520975,0.660184]],[[-0.057397,0.833954,0.548841],[-0.85546,-0.324494,0.403599],[0.514679,-0.446346,0.732039]],[[-0.057397,0.833954,0.548841],[-0.977272,0.0654407,-0.201637],[-0.204073,-0.547941,0.811243]],[[-0.057397,0.833954,0.548841],[-0.640605,0.390884,-0.660934],[-0.765722,-0.389526,0.5118]]],"btipPosition":[36.028,257.279,-31.7309],"carpPosition":[36.8249,208.189,42.943],"dipPosition":[18.4615,248.342,-19.9897],"direction":[0.204073,0.547941,-0.811243],"extended":false,"handId":466,"id":4660,"length":51.0864,"mcpPosition":[36.8249,208.189,42.943],"pipPosition":[11.6411,230.029,7.12352],"stabilizedTipPosition":[32.2647,254.855,-29.0817],"timeVisible":25.0365,"tipPosition":[32.4753,254.649,-29.1727],"tipVelocity":[-23.3896,29.6571,5.11734],"tool":false,"touchDistance":0.0752033,"touchZone":"hovering","type":0,"width":19.8498},{"bases":[[[0.872628,0.480611,0.0867994],[-0.419296,0.646122,0.637744],[0.250424,-0.592908,0.765342]],[[0.830299,0.557013,-0.0184357],[-0.500251,0.759454,0.415907],[0.245667,-0.336105,0.90922]],[[0.830299,0.557013,-0.0184357],[-0.542413,0.815251,0.202862],[0.128027,-0.158437,0.979034]],[[0.830299,0.557013,-0.0184357],[-0.55606,0.830193,0.0396975],[0.0374173,-0.0227095,0.999042]]],"btipPosition":[3.06913,290.538,-81.3434],"carpPosition":[35.1344,229.491,52.0679],"dipPosition":[3.69579,290.157,-64.6115],"direction":[-0.128027,0.158437,-0.979034],"extended":true,"handId":466,"id":4661,"length":57.6453,"mcpPosition":[17.0749,272.249,-3.12523],"pipPosition":[6.72909,286.403,-41.4155],"stabilizedTipPosition":[4.29947,288.909,-77.9619],"timeVisible":25.0365,"tipPosition":[3.062,290.478,-77.4534],"tipVelocity":[-21.0203,29.4359,7.42789],"tool":false,"touchDistance":0.391354,"touchZone":"hovering","type":1,"width":18.9605},{"bases":[[[0.957046,0.278851,0.0794016],[-0.260131,0.704899,0.659886],[0.12804,-0.652196,0.747159]],[[0.95846,0.271306,0.0880188],[-0.165372,0.780017,-0.603511],[-0.232392,0.563885,0.792482]],[[0.95846,0.271306,0.0880188],[0.185034,-0.356588,-0.915755],[-0.217063,0.894001,-0.391976]],[[0.95846,0.271306,0.0880188],[0.274211,-0.791537,-0.546148],[-0.0785029,0.547597,-0.833052]]],"btipPosition":[54.4295,219.604,-8.54265],"carpPosition":[44.7094,236.65,53.7265],"dipPosition":[52.9834,229.691,-23.888],"direction":[0.217063,-0.894001,0.391976],"extended":false,"handId":466,"id":4662,"length":65.6822,"mcpPosition":[35.9529,281.253,2.62894],"pipPosition":[46.9329,254.611,-34.8141],"stabilizedTipPosition":[55.1392,219.755,-12.4895],"timeVisible":25.0365,"tipPosition":[54.1874,221.835,-12.5675],"tipVelocity":[-18.5143,28.5854,2.16557],"tool":false,"touchDistance":0.333333,"touchZone":"none","type":2,"width":18.6218},{"bases":[[[0.982325,0.125899,0.138514],[-0.186876,0.70187,0.687354],[-0.0106822,-0.70109,0.712993]],[[0.981649,0.160471,0.103028],[-0.0612745,0.777045,-0.626456],[-0.180585,0.608647,0.772618]],[[0.981649,0.160471,0.103028],[0.16134,-0.410859,-0.89731],[-0.101662,0.897466,-0.429209]],[[0.981649,0.160471,0.103028],[0.190696,-0.828574,-0.526403],[0.000894462,0.53639,-0.84397]]],"btipPosition":[67.1545,223.336,4.15438],"carpPosition":[55.8453,241.138,54.6595],"dipPosition":[67.1709,233.16,-11.3027],"direction":[0.101662,-0.897466,0.429209],"extended":false,"handId":466,"id":4663,"length":63.1552,"mcpPosition":[56.5013,284.187,10.8803],"pipPosition":[64.4103,257.53,-22.9577],"stabilizedTipPosition":[68.1335,223.19,-0.0513602],"timeVisible":25.0365,"tipPosition":[67.1993,225.411,0.115574],"tipVelocity":[-18.286,29.373,7.39816],"tool":false,"touchDistance":0.333333,"touchZone":"none","type":3,"width":17.7198},{"bases":[[[0.99177,-0.0738027,0.104617],[-0.032018,0.648192,0.760803],[-0.123961,-0.757892,0.640495]],[[0.99939,0.0101437,0.0334166],[0.00988962,0.835509,-0.549388],[-0.0334927,0.549384,0.834899]],[[0.99939,0.0101437,0.0334166],[0.0348407,-0.354965,-0.93423],[0.00238521,0.934825,-0.355101]],[[0.99939,0.0101437,0.0334166],[0.0279846,-0.805035,-0.592567],[0.0208908,0.593141,-0.804828]]],"btipPosition":[77.4104,235.65,8.02624],"carpPosition":[69.6024,239.559,52.9628],"dipPosition":[77.7634,245.672,-5.57225],"direction":[-0.00238521,-0.934825,0.355101],"extended":false,"handId":466,"id":4664,"length":49.5125,"mcpPosition":[76.6483,282.637,16.5576],"pipPosition":[77.8091,263.595,-12.3803],"stabilizedTipPosition":[78.403,235.606,4.38863],"timeVisible":25.0365,"tipPosition":[77.4987,237.926,4.64587],"tipVelocity":[-17.623,27.1718,3.1101],"tool":false,"touchDistance":0.333333,"touchZone":"none","type":4,"width":15.7401}],"r":[[0.477784,0.604512,0.637407],[-0.739305,0.668609,-0.0799405],[-0.474501,-0.433044,0.766369]],"s":1.18365,"t":[46.5398,21.1745,-86.3518],"timestamp":93351303121},false],[6,{"currentFrameRate":55.3674,"devices":[],"gestures":[],"hands":[{"armBasis":[[0.908292,0.417516,-0.0262051],[-0.400214,0.885474,0.236145],[0.121798,-0.204001,0.971364]],"armWidth":62.4607,"confidence":0.880972,"direction":[-0.159643,0.753661,-0.637581],"elbow":[89.7845,172.884,311.287],"grabStrength":0,"id":466,"palmNormal":[0.377718,-0.550081,-0.744808],"palmPosition":[43.8831,261.752,15.8282],"palmVelocity":[-16.9103,20.3585,3.4282],"palmWidth":89.1918,"pinchStrength":0.496437,"r":[[0.47797,0.603792,0.63795],[-0.739645,0.668408,-0.0784569],[-0.473783,-0.434357,0.766071]],"s":1.18411,"sphereCenter":[41.062,245.2,-29.2211],"sphereRadius":46.5494,"stabilizedPalmPosition":[44.2452,261.32,15.7566],"t":[46.2366,21.5383,-86.2913],"timeVisible":25.0546,"type":"right","wrist":[57.5489,226.876,54.202]}],"id":1676894,"interactionBox":{"center":[0,200,0],"size":[235.247,235.247,147.751]},"pointables":[{"bases":[[[-0.0019849,0.783826,0.620978],[-0.840634,-0.337631,0.423486],[0.5416,-0.521174,0.65958]],[[-0.0571911,0.832876,0.550497],[-0.854588,-0.32591,0.404303],[0.516147,-0.447326,0.730405]],[[-0.0571911,0.832876,0.550497],[-0.977617,0.0651053,-0.200066],[-0.20247,-0.549618,0.81051]],[[-0.0571911,0.832876,0.550497],[-0.644905,0.390102,-0.657204],[-0.76212,-0.392605,0.514815]]],"btipPosition":[35.5912,257.736,-31.6839],"carpPosition":[36.5961,208.472,42.9546],"dipPosition":[18.1074,248.729,-19.8735],"direction":[0.20247,0.549618,-0.81051],"extended":false,"handId":466,"id":4660,"length":51.0864,"mcpPosition":[36.5961,208.472,42.9546],"pipPosition":[11.3405,230.36,7.21514],"stabilizedTipPosition":[31.8942,255.287,-29.0208],"timeVisible":25.0546,"tipPosition":[32.081,255.088,-29.103],"tipVelocity":[-23.2736,27.1842,4.341],"tool":false,"touchDistance":0.0762509,"touchZone":"hovering","type":0,"width":19.8498},{"bases":[[[0.872302,0.481164,0.0870095],[-0.419601,0.645247,0.638428],[0.251046,-0.593412,0.764747]],[[0.82996,0.557533,-0.0180042],[-0.500653,0.758743,0.41672],[0.245995,-0.336847,0.908857]],[[0.82996,0.557533,-0.0180042],[-0.542919,0.814774,0.203426],[0.128086,-0.159061,0.978925]],[[0.82996,0.557533,-0.0180042],[-0.556577,0.829831,0.0400376],[0.0372627,-0.0232089,0.999036]]],"btipPosition":[2.76976,290.902,-81.2513],"carpPosition":[34.8926,229.765,52.0991],"dipPosition":[3.39383,290.513,-64.5195],"direction":[-0.128086,0.159061,-0.978925],"extended":true,"handId":466,"id":4661,"length":57.6453,"mcpPosition":[16.7882,272.559,-3.05117],"pipPosition":[6.42854,286.745,-41.3262],"stabilizedTipPosition":[4.01445,289.301,-77.847],"timeVisible":25.0546,"tipPosition":[2.75765,290.842,-77.3613],"tipVelocity":[-18.9298,24.9907,6.32141],"tool":false,"touchDistance":0.386932,"touchZone":"hovering","type":1,"width":18.9605},{"bases":[[[0.956865,0.279471,0.0794098],[-0.260474,0.70412,0.660582],[0.1287,-0.652772,0.746542]],[[0.95831,0.271788,0.088169],[-0.165837,0.780337,-0.602969],[-0.232682,0.563209,0.792877]],[[0.95831,0.271788,0.088169],[0.18561,-0.357533,-0.91527],[-0.217236,0.893477,-0.393074]],[[0.95831,0.271788,0.088169],[0.274844,-0.792437,-0.544523],[-0.0781266,0.546054,-0.834099]]],"btipPosition":[54.1493,219.997,-8.43411],"carpPosition":[44.4628,236.929,53.7617],"dipPosition":[52.7102,230.056,-23.7987],"direction":[0.217237,-0.893477,0.393074],"extended":false,"handId":466,"id":4662,"length":65.6822,"mcpPosition":[35.6611,281.572,2.70629],"pipPosition":[46.6548,254.961,-34.7554],"stabilizedTipPosition":[54.9198,220.18,-12.4029],"timeVisible":25.0546,"tipPosition":[53.9146,222.211,-12.4745],"tipVelocity":[-17.0518,25.1874,3.87522],"tool":false,"touchDistance":0.333333,"touchZone":"none","type":2,"width":18.6218},{"bases":[[[0.982269,0.126485,0.138379],[-0.187209,0.701119,0.688029],[-0.00999525,-0.701736,0.712367]],[[0.981555,0.161147,0.102863],[-0.0621148,0.777674,-0.625591],[-0.180806,0.607663,0.77334]],[[0.981555,0.161147,0.102863],[0.161418,-0.410277,-0.897562],[-0.102437,0.897611,-0.428721]],[[0.981555,0.161147,0.102863],[0.191178,-0.828334,-0.526606],[0.000344571,0.536558,-0.843863]]],"btipPosition":[66.9034,223.698,4.18233],"carpPosition":[55.5957,241.424,54.6959],"dipPosition":[66.9098,233.525,-11.2728],"direction":[0.102437,-0.897611,0.428721],"extended":false,"handId":466,"id":4663,"length":63.1552,"mcpPosition":[56.2094,284.512,10.9551],"pipPosition":[64.1281,257.899,-22.9145],"stabilizedTipPosition":[67.9453,223.614,0.0526675],"timeVisible":25.0546,"tipPosition":[66.9455,225.771,0.151728],"tipVelocity":[-16.2674,24.9644,4.63276],"tool":false,"touchDistance":0.333333,"touchZone":"none","type":3,"width":17.7198},{"bases":[[[0.99185,-0.0731794,0.104301],[-0.032294,0.647488,0.761391],[-0.123252,-0.758554,0.639847]],[[0.999392,0.0108915,0.0331264],[0.00907525,0.835998,-0.548657],[-0.0336694,0.548624,0.835391]],[[0.999392,0.0108915,0.0331264],[0.0348331,-0.35605,-0.933818],[0.00162394,0.934404,-0.356213]],[[0.999392,0.0108915,0.0331264],[0.0283733,-0.806234,-0.590916],[0.0202716,0.591497,-0.806052]]],"btipPosition":[77.1523,236.048,8.11948],"carpPosition":[69.3535,239.856,52.9943],"dipPosition":[77.4949,246.042,-5.4997],"direction":[-0.00162394,-0.934404,0.356213],"extended":false,"handId":466,"id":4664,"length":49.5125,"mcpPosition":[76.359,282.972,16.6259],"pipPosition":[77.526,263.956,-12.3291],"stabilizedTipPosition":[78.2249,236.022,4.47955],"timeVisible":25.0546,"tipPosition":[77.2382,238.301,4.72031],"tipVelocity":[-16.107,24.5578,3.96057],"tool":false,"touchDistance":0.333333,"touchZone":"none","type":4,"width":15.7401}],"r":[[0.47797,0.603792,0.63795],[-0.739645,0.668408,-0.0784569],[-0.473783,-0.434357,0.766071]],"s":1.18411,"t":[46.2366,21.5383,-86.2913],"timestamp":93351321173},false],[7,{"cu