{"sensorType":"Leap","data":[[0,{"currentFrameRate":55.3629,"devices":[],"gestures":[],"hands":[{"armBasis":[[0.985076,0.0592016,-0.161621],[-0.0118616,0.960105,0.279389],[0.171713,-0.273302,0.946478]],"armWidth":62.4607,"confidence":0.443277,"direction":[-0.0663751,0.887789,-0.45544],"elbow":[56.5094,156.176,268.988],"grabStrength":0,"id":464,"palmNormal":[-0.0528083,-0.458932,-0.886901],"palmPosition":[-0.119136,273.299,-8.79625],"palmVelocity":[35.3453,-43.715,20.5199],"palmWidth":89.1918,"pinchStrength":0.410622,"r":[[0.935162,-0.0184495,0.353741],[-0.040796,0.986388,0.159295],[-0.351864,-0.163398,0.921679]],"s":0.989592,"sphereCenter":[-12.9426,267.569,-54.9831],"sphereRadius":45.4258,"stabilizedPalmPosition":[-2.24637,278.776,-15.9229],"t":[99.8318,25.1695,-114.116],"timeVisible":6.93227,"type":"right","wrist":[11.0631,228.51,18.4892]}],"id":1671203,"interactionBox":{"center":[0,200,0],"size":[235.247,235.247,147.751]},"pointables":[{"bases":[[[0.435228,0.597728,0.673274],[-0.752373,-0.169252,0.636622],[0.49448,-0.783629,0.376051]],[[0.349513,0.716612,0.603579],[-0.767565,-0.150427,0.623069],[0.537294,-0.681057,0.49747]],[[0.349513,0.716612,0.603579],[-0.933173,0.323896,0.155818],[-0.0838359,-0.617704,0.781929]],[[0.349513,0.716612,0.603579],[-0.936868,0.274828,0.216213],[-0.0109399,-0.641043,0.767427]]],"btipPosition":[-40.3547,288.376,-55.2917],"carpPosition":[-17.1173,219.7,12.789],"dipPosition":[-40.6057,273.67,-37.6861],"direction":[0.0838359,0.617705,-0.781929],"extended":false,"handId":464,"id":4640,"length":51.0864,"mcpPosition":[-17.1173,219.7,12.789],"pipPosition":[-43.4077,253.025,-11.5527],"stabilizedTipPosition":[-40.9992,285.952,-51.7902],"timeVisible":6.93227,"tipPosition":[-39.8124,284.566,-51.665],"tipVelocity":[33.6284,-39.1114,15.7675],"tool":false,"touchDistance":0.0521629,"touchZone":"hovering","type":0,"width":19.8498},{"bases":[[[0.971107,0.183384,-0.152715],[0.0177008,0.582813,0.812414],[0.237988,-0.791643,0.562727]],[[0.941762,0.263186,-0.209325],[-0.0918848,0.80018,0.59268],[0.323482,-0.53893,0.777762]],[[0.941762,0.263186,-0.209325],[-0.160773,0.899108,0.407133],[0.295357,-0.349769,0.889059]],[[0.941762,0.263186,-0.209325],[-0.205375,0.943044,0.261705],[0.266279,-0.203474,0.942175]]],"btipPosition":[-51.1669,329.565,-85.7797],"carpPosition":[-8.92387,238.084,24.3996],"dipPosition":[-46.7073,326.157,-70.0002],"direction":[-0.295357,0.349769,-0.889059],"extended":true,"handId":464,"id":4641,"length":57.6453,"mcpPosition":[-26.0866,295.174,-16.1818],"pipPosition":[-39.7095,317.87,-48.936],"stabilizedTipPosition":[-50.3317,328.902,-82.176],"timeVisible":6.93227,"tipPosition":[-50.1451,329.814,-81.5531],"tipVelocity":[46.6112,-46.8795,15.5475],"tool":false,"touchDistance":-0.0195253,"touchZone":"touching","type":1,"width":18.9605},{"bases":[[[0.97699,-0.027316,-0.211529],[0.186844,0.587904,0.787057],[0.102859,-0.808469,0.57948]],[[0.977162,-0.0286756,-0.210554],[-0.0294152,0.963061,-0.267673],[0.210452,0.267754,0.940222]],[[0.977162,-0.0286756,-0.210554],[-0.212189,-0.185087,-0.959541],[-0.0114554,0.982304,-0.186945]],[[0.977162,-0.0286756,-0.210554],[-0.151979,-0.786835,-0.598158],[-0.148519,0.616497,-0.773223]]],"btipPosition":[-11.3594,245.605,-40.9925],"carpPosition":[2.56336,241.703,23.6069],"dipPosition":[-14.0952,256.962,-55.2358],"direction":[0.0114554,-0.982304,0.186945],"extended":false,"handId":464,"id":4642,"length":65.6822,"mcpPosition":[-4.47112,296.994,-16.0233],"pipPosition":[-14.4145,284.343,-60.4467],"stabilizedTipPosition":[-14.9665,253.383,-49.7229],"timeVisible":6.93227,"tipPosition":[-12.0639,248.225,-44.6068],"tipVelocity":[35.0423,-42.029,20.3737],"tool":false,"touchDistance":0.333333,"touchZone":"none","type":2,"width":18.6218},{"bases":[[[0.964594,-0.190232,-0.182674],[0.259352,0.558378,0.788004],[-0.0479022,-0.807481,0.587945]],[[0.965656,-0.163136,-0.202224],[0.0852258,0.934132,-0.346604],[0.245447,0.317466,0.915954]],[[0.965656,-0.163136,-0.202224],[-0.236538,-0.229936,-0.944023],[0.107506,0.959435,-0.260627]],[[0.965656,-0.163136,-0.202224],[-0.251251,-0.784579,-0.566842],[-0.0661881,0.598183,-0.798621]]],"btipPosition":[4.83751,241.213,-33.2123],"carpPosition":[14.353,242.545,21.3007],"dipPosition":[3.62529,252.169,-47.8388],"direction":[-0.107506,-0.959435,0.260627],"extended":false,"handId":464,"id":4643,"length":63.1552,"mcpPosition":[17.2943,292.126,-14.8004],"pipPosition":[6.54455,278.222,-54.916],"stabilizedTipPosition":[1.31744,249.103,-43.0697],"timeVisible":6.93227,"tipPosition":[4.45324,243.886,-37.1161],"tipVelocity":[36.466,-49.4094,36.3477],"tool":false,"touchDistance":0.333333,"touchZone":"none","type":3,"width":17.7198},{"bases":[[[0.896366,-0.372038,-0.241071],[0.400966,0.448445,0.798826],[-0.189086,-0.812702,0.551146]],[[0.909131,-0.30209,-0.286745],[0.206746,0.924946,-0.318953],[0.361577,0.230686,0.903353]],[[0.909131,-0.30209,-0.286745],[-0.342775,-0.151551,-0.927112],[0.236615,0.941155,-0.241329]],[[0.909131,-0.30209,-0.286745],[-0.415417,-0.70751,-0.571714],[-0.0301659,0.638882,-0.768713]]],"btipPosition":[19.9135,246.911,-30.0759],"carpPosition":[25.7251,237.552,14.9463],"dipPosition":[19.4038,257.706,-43.0642],"direction":[-0.236615,-0.941155,0.241329],"extended":false,"handId":464,"id":4644,"length":49.5125,"mcpPosition":[36.4726,283.745,-16.3804],"pipPosition":[23.9402,275.75,-47.691],"stabilizedTipPosition":[16.6115,254.473,-39.8244],"timeVisible":6.93227,"tipPosition":[19.6191,249.44,-33.1177],"tipVelocity":[34.9156,-45.7378,22.3227],"tool":false,"touchDistance":0.333333,"touchZone":"none","type":4,"width":15.7401}],"r":[[0.935162,-0.0184495,0.353741],[-0.040796,0.986388,0.159295],[-0.351864,-0.163398,0.921679]],"s":0.989592,"t":[99.8318,25.1695,-114.116],"timestamp":93257375268},false],[1,{"currentFrameRate":55.3456,"devices":[],"gestures":[],"hands":[{"armBasis":[[0.985453,0.0628877,-0.157885],[-0.0161992,0.959545,0.28109],[0.169175,-0.274443,0.946605]],"armWidth":62.4607,"confidence":0.454411,"direction":[-0.067105,0.887433,-0.456026],"elbow":[56.4034,155.616,269.258],"grabStrength":0,"id":464,"palmNormal":[-0.0470215,-0.459361,-0.887004],"palmPosition":[0.430633,272.996,-8.62711],"palmVelocity":[32.9558,-30.862,15.1918],"palmWidth":89.1918,"pinchStrength":0.408521,"r":[[0.93468,-0.0176537,0.355052],[-0.0423663,0.986116,0.160561],[-0.352957,-0.165115,0.920955]],"s":0.989975,"sphereCenter":[-11.9234,267.186,-54.8868],"sphereRadius":45.4122,"stabilizedPalmPosition":[-1.91739,278.066,-15.0263],"t":[100.427,24.6333,-113.854],"timeVisible":6.9504,"type":"right","wrist":[11.6288,228.252,18.7256]}],"id":1671204,"interactionBox":{"center":[0,200,0],"size":[235.247,235.247,147.751]},"pointables":[{"bases":[[[0.430007,0.599355,0.675179],[-0.75487,-0.171547,0.633042],[0.495242,-0.781886,0.378669]],[[0.343329,0.719032,0.604251],[-0.770502,-0.152268,0.618983],[0.537077,-0.678092,0.501738]],[[0.343329,0.719032,0.604251],[-0.935497,0.318994,0.15195],[-0.0834957,-0.617443,0.782171]],[[0.343329,0.719032,0.604251],[-0.939183,0.268138,0.214562],[-0.00774611,-0.641167,0.767362]]],"btipPosition":[-39.8061,287.872,-55.4037],"carpPosition":[-16.4946,219.348,12.8925],"dipPosition":[-39.9838,273.163,-37.7996],"direction":[0.0834957,0.617443,-0.782171],"extended":false,"handId":464,"id":4640,"length":51.0864,"mcpPosition":[-16.4946,219.348,12.8925],"pipPosition":[-42.7743,252.527,-11.6581],"stabilizedTipPosition":[-40.2491,285,-51.5068],"timeVisible":6.9504,"tipPosition":[-39.223,284.11,-51.7146],"tipVelocity":[32.4704,-33.7333,5.30841],"tool":false,"touchDistance":0.0502904,"touchZone":"hovering","type":0,"width":19.8498},{"bases":[[[0.971222,0.18654,-0.148092],[0.0118653,0.583104,0.812311],[0.237882,-0.790691,0.56411]],[[0.942133,0.265667,-0.204466],[-0.0981851,0.801835,0.589424],[0.320538,-0.535241,0.781519]],[[0.942133,0.265667,-0.204466],[-0.166585,0.900283,0.40217],[0.29092,-0.344837,0.892442]],[[0.942133,0.265667,-0.204466],[-0.21057,0.943544,0.255706],[0.260855,-0.197854,0.944885]]],"btipPosition":[-50.3333,328.807,-86.0261],"carpPosition":[-8.41786,237.761,24.5367],"dipPosition":[-45.9645,325.494,-70.2012],"direction":[-0.29092,0.344837,-0.892442],"extended":true,"handId":464,"id":4641,"length":57.6453,"mcpPosition":[-25.5728,294.783,-16.1444],"pipPosition":[-39.0718,317.323,-49.0568],"stabilizedTipPosition":[-49.4348,328.136,-82.364],"timeVisible":6.9504,"tipPosition":[-49.372,329.088,-81.7785],"tipVelocity":[45.7652,-43.882,1.9475],"tool":false,"touchDistance":-0.0234572,"touchZone":"touching","type":1,"width":18.9605},{"bases":[[[0.978083,-0.0241564,-0.206812],[0.181111,0.588745,0.787768],[0.10273,-0.807957,0.580217]],[[0.97825,-0.0254852,-0.205857],[-0.0314529,0.962723,-0.268653],[0.20503,0.269285,0.940983]],[[0.97825,-0.0254852,-0.205857],[-0.206961,-0.18652,-0.960405],[-0.0139203,0.982121,-0.187737]],[[0.97825,-0.0254852,-0.205857],[-0.146465,-0.787617,-0.598505],[-0.146883,0.615638,-0.774219]]],"btipPosition":[-10.5581,245.234,-40.847],"carpPosition":[3.06107,241.418,23.7982],"dipPosition":[-13.2637,256.575,-55.1086],"direction":[0.0139203,-0.982121,0.187737],"extended":false,"handId":464,"id":4642,"length":65.6822,"mcpPosition":[-3.96453,296.674,-15.8823],"pipPosition":[-13.6517,283.951,-60.3417],"stabilizedTipPosition":[-14.3908,252.541,-48.8721],"timeVisible":6.9504,"tipPosition":[-11.2539,247.858,-44.4652],"tipVelocity":[39.5873,-31.8602,14.3837],"tool":false,"touchDistance":0.333333,"touchZone":"none","type":2,"width":18.6218},{"bases":[[[0.966085,-0.187104,-0.177967],[0.25371,0.559459,0.789073],[-0.0480734,-0.807464,0.587955]],[[0.967154,-0.159928,-0.197578],[0.0814041,0.931208,-0.355282],[0.240806,0.327528,0.91364]],[[0.967154,-0.159928,-0.197578],[-0.232508,-0.242444,-0.941892],[0.102733,0.956893,-0.271665]],[[0.967154,-0.159928,-0.197578],[-0.24529,-0.791089,-0.560366],[-0.0666836,0.590424,-0.804334]]],"btipPosition":[5.69581,240.736,-32.4592],"carpPosition":[14.8588,242.298,21.5486],"dipPosition":[4.47452,251.55,-47.1904],"direction":[-0.102733,-0.956893,0.271665],"extended":false,"handId":464,"id":4643,"length":63.1552,"mcpPosition":[17.8107,291.878,-14.553],"pipPosition":[7.26419,277.534,-54.5673],"stabilizedTipPosition":[1.7516,248.48,-42.3045],"timeVisible":6.9504,"tipPosition":[5.29828,243.443,-36.5139],"tipVelocity":[41.5923,-39.274,38.1878],"tool":false,"touchDistance":0.333333,"touchZone":"none","type":3,"width":17.7198},{"bases":[[[0.898739,-0.369151,-0.236636],[0.395632,0.449997,0.800611],[-0.189061,-0.813161,0.550478]],[[0.911511,-0.299034,-0.282358],[0.205055,0.92556,-0.318262],[0.356511,0.2322,0.904977]],[[0.911511,-0.299034,-0.282358],[-0.337875,-0.153025,-0.928668],[0.234495,0.941893,-0.24052]],[[0.911511,-0.299034,-0.282358],[-0.41027,-0.709109,-0.573449],[-0.0287417,0.638548,-0.769045]]],"btipPosition":[20.6569,246.665,-29.7998],"carpPosition":[26.2778,237.341,15.2506],"dipPosition":[20.1713,257.454,-42.7937],"direction":[-0.234495,-0.941893,0.24052],"extended":false,"handId":464,"id":4644,"length":49.5125,"mcpPosition":[37.0239,283.561,-16.0381],"pipPosition":[24.6671,275.512,-47.405],"stabilizedTipPosition":[17.1132,253.794,-38.9269],"timeVisible":6.9504,"tipPosition":[20.3685,249.193,-32.844],"tipVelocity":[37.963,-30.4476,18.9124],"tool":false,"touchDistance":0.333333,"touchZone":"none","type":4,"width":15.7401}],"r":[[0.93468,-0.0176537,0.355052],[-0.0423663,0.986116,0.160561],[-0.352957,-0.165115,0.920955]],"s":0.989975,"t":[100.427,24.6333,-113.854],"timestamp":93257393396},false],[2,{"currentFrameRate":55.3449,"devices":[],"gestures":[],"hands":[{"armBasis":[[0.985759,0.0641763,-0.155437],[-0.017988,0.959253,0.281976],[0.1672,-0.275164,0.946746]],"armWidth":62.4607,"confidence":0.467472,"direction":[-0.0666909,0.887512,-0.455934],"elbow":[56.3203,155.197,269.442],"grabStrength":0,"id":464,"palmNormal":[-0.043918,-0.459119,-0.887288],"palmPosition":[0.904201,272.765,-8.49929],"palmVelocity":[29.7489,-22.2747,11.3346],"palmWidth":89.1918,"pinchStrength":0.406319,"r":[[0.934085,-0.016846,0.356653],[-0.0439261,0.985877,0.16161],[-0.354338,-0.166624,0.920153]],"s":0.99042,"sphereCenter":[-11.0636,266.923,-54.8294],"sphereRadius":45.3969,"stabilizedPalmPosition":[-1.53724,277.352,-14.147],"t":[100.962,24.2496,-113.66],"timeVisible":6.96847,"type":"right","wrist":[12.0686,228.023,18.8718]}],"id":1671205,"interactionBox":{"center":[0,200,0],"size":[235.247,235.247,147.751]},"pointables":[{"bases":[[[0.42738,0.599585,0.676642],[-0.756556,-0.172548,0.630754],[0.494943,-0.781489,0.379876]],[[0.339889,0.720273,0.604716],[-0.772553,-0.152847,0.616279],[0.536318,-0.676642,0.504498]],[[0.339889,0.720273,0.604716],[-0.936753,0.316359,0.149703],[-0.0834808,-0.617352,0.782245]],[[0.339889,0.720273,0.604716],[-0.940457,0.263067,0.21526],[-0.00403534,-0.641874,0.766799]]],"btipPosition":[-39.3881,287.559,-55.4681],"carpPosition":[-16.0281,219.092,12.9527],"dipPosition":[-39.4807,272.834,-37.8769],"direction":[0.0834808,0.617352,-0.782245],"extended":false,"handId":464,"id":4640,"length":51.0864,"mcpPosition":[-16.0281,219.092,12.9527],"pipPosition":[-42.2707,252.201,-11.7329],"stabilizedTipPosition":[-39.666,284.425,-51.448],"timeVisible":6.96847,"tipPosition":[-38.7652,283.838,-51.7259],"tipVelocity":[28.5478,-26.0509,1.01606],"tool":false,"touchDistance":0.0491681,"touchZone":"hovering","type":0,"width":19.8498},{"bases":[[[0.971458,0.18761,-0.145161],[0.00885248,0.582849,0.812532],[0.237046,-0.790626,0.564553]],[[0.942717,0.266118,-0.201164],[-0.101651,0.803496,0.586567],[0.31773,-0.532518,0.78452]],[[0.942717,0.266118,-0.201164],[-0.169677,0.901696,0.397687],[0.28722,-0.340773,0.895197]],[[0.942717,0.266118,-0.201164],[-0.213195,0.944415,0.250257],[0.25658,-0.193034,0.947051]]],"btipPosition":[-49.5827,328.26,-86.1959],"carpPosition":[-8.00515,237.51,24.6268],"dipPosition":[-45.2855,325.027,-70.3347],"direction":[-0.28722,0.340773,-0.895197],"extended":true,"handId":464,"id":4641,"length":57.6453,"mcpPosition":[-25.0999,294.527,-16.0863],"pipPosition":[-38.4805,316.953,-49.1251],"stabilizedTipPosition":[-48.6533,327.559,-82.5349],"timeVisible":6.96847,"tipPosition":[-48.6742,328.569,-81.9288],"tipVelocity":[43.3218,-36.9422,-3.22269],"tool":false,"touchDistance":-0.0261482,"touchZone":"touching","type":1,"width":18.9605},{"bases":[[[0.978714,-0.0230607,-0.203929],[0.178164,0.588677,0.788491],[0.101865,-0.80804,0.580255]],[[0.978876,-0.0243559,-0.202999],[-0.0318625,0.962575,-0.269134],[0.201956,0.269917,0.941466]],[[0.978876,-0.0243559,-0.202999],[-0.203933,-0.187145,-0.960931],[-0.0145858,0.98203,-0.188159]],[[0.978876,-0.0243559,-0.202999],[-0.143792,-0.787844,-0.598853],[-0.145346,0.615392,-0.774704]]],"btipPosition":[-9.95249,244.978,-40.7266],"carpPosition":[3.47205,241.179,23.9234],"dipPosition":[-12.6298,256.314,-54.9971],"direction":[0.0145858,-0.98203,0.188159],"extended":false,"handId":464,"id":4642,"length":65.6822,"mcpPosition":[-3.49441,296.441,-15.7597],"pipPosition":[-13.0364,283.688,-60.2419],"stabilizedTipPosition":[-13.7501,251.71,-48.0569],"timeVisible":6.96847,"tipPosition":[-10.6414,247.611,-44.3498],"tipVelocity":[36.8714,-23.486,10.6621],"tool":false,"touchDistance":0.333333,"touchZone":"none","type":2,"width":18.6218},{"bases":[[[0.966803,-0.18603,-0.175173],[0.25079,0.559466,0.790001],[-0.0489608,-0.807707,0.587548]],[[0.967902,-0.158791,-0.194812],[0.0798463,0.92925,-0.360721],[0.238308,0.333588,0.912101]],[[0.967902,-0.158791,-0.194812],[-0.23032,-0.250163,-0.94041],[0.100594,0.955094,-0.278706]],[[0.967902,-0.158791,-0.194812],[-0.242364,-0.794886,-0.556252],[-0.0665257,0.585613,-0.807857]]],"btipPosition":[6.33154,240.397,-31.9508],"carpPosition":[15.2755,242.072,21.7089],"dipPosition":[5.11314,251.122,-46.7465],"direction":[-0.100594,-0.955094,0.278706],"extended":false,"handId":464,"id":4643,"length":63.1552,"mcpPosition":[18.2818,291.667,-14.3677],"pipPosition":[7.84471,277.057,-54.3146],"stabilizedTipPosition":[2.19072,247.906,-41.5946],"timeVisible":6.96847,"tipPosition":[5.92969,243.12,-36.0884],"tipVelocity":[38.5629,-30.0676,33.0217],"tool":false,"touchDistance":0.333333,"touchZone":"none","type":3,"width":17.7198},{"bases":[[[0.899821,-0.368129,-0.2341],[0.392792,0.450149,0.801923],[-0.189831,-0.81354,0.549652]],[[0.912671,-0.297864,-0.279836],[0.204891,0.925917,-0.317328],[0.353626,0.23228,0.906088]],[[0.912671,-0.297864,-0.279836],[-0.335013,-0.153069,-0.929697],[0.234089,0.942256,-0.23949]],[[0.912671,-0.297864,-0.279836],[-0.407784,-0.709365,-0.574902],[-0.0272632,0.638809,-0.768882]]],"btipPosition":[21.2239,246.461,-29.6214],"carpPosition":[26.7182,237.129,15.4431],"dipPosition":[20.7632,257.254,-42.6125],"direction":[-0.234089,-0.942256,0.23949],"extended":false,"handId":464,"id":4644,"length":49.5125,"mcpPosition":[37.508,283.37,-15.7987],"pipPosition":[25.2512,275.319,-47.2041],"stabilizedTipPosition":[17.6667,253.123,-38.0538],"timeVisible":6.96847,"tipPosition":[20.9417,248.99,-32.6649],"tipVelocity":[34.9838,-21.328,14.6334],"tool":false,"touchDistance":0.333333,"touchZone":"none","type":4,"width":15.7401}],"r":[[0.934085,-0.016846,0.356653],[-0.0439261,0.985877,0.16161],[-0.354338,-0.166624,0.920153]],"s":0.99042,"t":[100.962,24.2496,-113.66],"timestamp":93257411467},false],[3,{"currentFrameRate":55.3495,"devices":[],"gestures":[],"hands":[{"armBasis":[[0.986152,0.0653607,-0.152423],[-0.0196564,0.958651,0.283906],[0.164677,-0.276978,0.94666]],"armWidth":62.4607,"confidence":0.477259,"direction":[-0.0672223,0.887435,-0.456004],"elbow":[56.0831,154.508,269.555],"grabStrength":0,"id":464,"palmNormal":[-0.0418338,-0.459143,-0.887377],"palmPosition":[1.315,272.541,-8.37933],"palmVelocity":[26.4301,-17.5924,9.10857],"palmWidth":89.1918,"pinchStrength":0.405387,"r":[[0.933496,-0.0159385,0.358234],[-0.0455085,0.985668,0.162441],[-0.355689,-0.167941,0.919392]],"s":0.990543,"sphereCenter":[-10.2187,266.614,-54.8007],"sphereRadius":45.3651,"stabilizedPalmPosition":[-1.13244,276.669,-13.3284],"t":[101.435,23.9458,-113.503],"timeVisible":6.98652,"type":"right","wrist":[12.4991,227.814,19.0079]}],"id":1671206,"interactionBox":{"center":[0,200,0],"size":[235.247,235.247,147.751]},"pointables":[{"bases":[[[0.425434,0.600165,0.677354],[-0.757324,-0.173654,0.629527],[0.495445,-0.780799,0.380641]],[[0.336658,0.722204,0.60422],[-0.773969,-0.153241,0.614402],[0.536315,-0.674491,0.507374]],[[0.336658,0.722204,0.60422],[-0.938012,0.313389,0.148056],[-0.0824289,-0.61661,0.782941]],[[0.336658,0.722204,0.60422],[-0.941627,0.258696,0.215443],[-0.000715969,-0.64148,0.767139]]],"btipPosition":[-39.0464,287.171,-55.5494],"carpPosition":[-15.5753,218.843,13.0432],"dipPosition":[-39.0628,272.454,-37.9504],"direction":[0.0824289,0.61661,-0.782941],"extended":false,"handId":464,"id":4640,"length":51.0864,"mcpPosition":[-15.5753,218.843,13.0432],"pipPosition":[-41.8177,251.846,-11.7832],"stabilizedTipPosition":[-39.2263,283.969,-51.4863],"timeVisible":6.98652,"tipPosition":[-38.4061,283.515,-51.7315],"tipVelocity":[24.4425,-23.8371,-1.5579],"tool":false,"touchDistance":0.0478426,"touchZone":"hovering","type":0,"width":19.8498},{"bases":[[[0.971422,0.189001,-0.143588],[0.0067123,0.582826,0.812569],[0.237263,-0.790311,0.564902]],[[0.942868,0.266988,-0.19929],[-0.105416,0.806511,0.581745],[0.316048,-0.527501,0.788579]],[[0.942868,0.266988,-0.19929],[-0.173479,0.904115,0.390488],[0.284436,-0.333606,0.898779]],[[0.942868,0.266988,-0.19929],[-0.216736,0.945832,0.241718],[0.25303,-0.184715,0.949661]]],"btipPosition":[-48.9945,327.478,-86.4164],"carpPosition":[-7.5974,237.272,24.7309],"dipPosition":[-44.7567,324.385,-70.5115],"direction":[-0.284436,0.333606,-0.898778],"extended":true,"handId":464,"id":4641,"length":57.6453,"mcpPosition":[-24.7078,294.266,-16.0073],"pipPosition":[-38.0177,316.481,-49.217],"stabilizedTipPosition":[-48.0606,326.818,-82.7439],"timeVisible":6.98652,"tipPosition":[-48.1371,327.872,-82.1077],"tipVelocity":[37.8667,-39.1082,-7.22744],"tool":false,"touchDistance":-0.0296557,"touchZone":"touching","type":1,"width":18.9605},{"bases":[[[0.979073,-0.021656,-0.202353],[0.176054,0.588896,0.788801],[0.102083,-0.807919,0.580385]],[[0.97923,-0.0229056,-0.201455],[-0.0330303,0.962303,-0.269968],[0.200045,0.271015,0.941559]],[[0.97923,-0.0229056,-0.201455],[-0.202127,-0.188325,-0.961082],[-0.0159249,0.98184,-0.189044]],[[0.97923,-0.0229056,-0.201455],[-0.141596,-0.788418,-0.598622],[-0.145119,0.614714,-0.775286]]],"btipPosition":[-9.44026,244.714,-40.5818],"carpPosition":[3.87567,240.958,24.0462],"dipPosition":[-12.1134,256.037,-54.863],"direction":[0.0159249,-0.98184,0.189044],"extended":false,"handId":464,"id":4642,"length":65.6822,"mcpPosition":[-3.10567,296.211,-15.6459],"pipPosition":[-12.5573,283.406,-60.1325],"stabilizedTipPosition":[-13.0993,250.937,-47.3189],"timeVisible":6.98652,"tipPosition":[-10.1289,247.354,-44.2127],"tipVelocity":[32.8639,-19.3564,9.34465],"tool":false,"touchDistance":0.333333,"touchZone":"none","type":2,"width":18.6218},{"bases":[[[0.967348,-0.184643,-0.173623],[0.248718,0.559789,0.790427],[-0.048755,-0.807801,0.587435]],[[0.968441,-0.157362,-0.193287],[0.077956,0.927823,-0.364784],[0.23674,0.338204,0.910809]],[[0.968441,-0.157362,-0.193287],[-0.229034,-0.255954,-0.939165],[0.0983161,0.953795,-0.283918]],[[0.968441,-0.157362,-0.193287],[-0.24002,-0.797824,-0.553053],[-0.0671798,0.581992,-0.810415]]],"btipPosition":[6.86731,240.097,-31.5571],"carpPosition":[15.6814,241.868,21.8508],"dipPosition":[5.63693,250.756,-46.3996],"direction":[-0.0983161,-0.953795,0.283918],"extended":false,"handId":464,"id":4643,"length":63.1552,"mcpPosition":[18.675,291.468,-14.219],"pipPosition":[8.30665,276.656,-54.1093],"stabilizedTipPosition":[2.62276,247.38,-40.9433],"timeVisible":6.98652,"tipPosition":[6.46023,242.825,-35.7421],"tipVelocity":[34.274,-24.0747,27.4164],"tool":false,"touchDistance":0.333333,"touchZone":"none","type":3,"width":17.7198},{"bases":[[[0.900721,-0.366835,-0.232665],[0.390858,0.450674,0.802573],[-0.189555,-0.813833,0.549312]],[[0.91357,-0.296357,-0.278499],[0.203894,0.926299,-0.316856],[0.351875,0.232686,0.906665]],[[0.91357,-0.296357,-0.278499],[-0.333365,-0.15349,-0.93022],[0.23293,0.942663,-0.239019]],[[0.91357,-0.296357,-0.278499],[-0.405773,-0.709976,-0.575571],[-0.0271529,0.638832,-0.768867]]],"btipPosition":[21.7122,246.267,-29.4713],"carpPosition":[27.1412,236.941,15.6031],"dipPosition":[21.2535,257.061,-42.4622],"direction":[-0.23293,-0.942663,0.239019],"extended":false,"handId":464,"id":4644,"length":49.5125,"mcpPosition":[37.9154,283.199,-15.6194],"pipPosition":[25.7193,275.134,-47.0447],"stabilizedTipPosition":[18.2384,252.489,-37.2421],"timeVisible":6.98652,"tipPosition":[21.4303,248.795,-32.5138],"tipVelocity":[31.2311,-16.2968,11.6354],"tool":false,"touchDistance":0.333333,"touchZone":"none","type":4,"width":15.7401}],"r":[[0.933496,-0.0159385,0.358234],[-0.0455085,0.985668,0.162441],[-0.355689,-0.167941,0.919392]],"s":0.990543,"t":[101.435,23.9458,-113.503],"timestamp":93257429518},false],[4,{"currentFrameRate":55.3585,"devices":[],"gestures":[],"hands":[{"armBasis":[[0.986457,0.0640133,-0.151015],[-0.0188205,0.958793,0.28348],[0.162939,-0.276799,0.947013]],"armWidth":62.4607,"confidence":0.486246,"direction":[-0.0661729,0.888495,-0.45409],"elbow":[55.93,154.191,269.758],"grabStrength":0,"id":464,"palmNormal":[-0.0422344,-0.457173,-0.888374],"palmPosition":[1.67527,272.248,-8.17391],"palmVelocity":[23.3693,-16.9561,10.1915],"palmWidth":89.1918,"pinchStrength":0.404048,"r":[[0.933009,-0.0155779,0.359515],[-0.0465594,0.985439,0.16353],[-0.356828,-0.169314,0.918698]],"s":0.990425,"sphereCenter":[-9.50559,266.363,-54.6886],"sphereRadius":45.3395,"stabilizedPalmPosition":[-0.737497,276.047,-12.6033],"t":[101.851,23.6474,-113.321],"timeVisible":7.00455,"type":"right","wrist":[12.8059,227.449,19.1178]}],"id":1671207,"interactionBox":{"center":[0,200,0],"size":[235.247,235.247,147.751]},"pointables":[{"bases":[[[0.426019,0.598221,0.678705],[-0.757598,-0.17417,0.629055],[0.494524,-0.782174,0.379011]],[[0.336358,0.721753,0.604926],[-0.774811,-0.153022,0.613394],[0.535287,-0.675023,0.507752]],[[0.336358,0.721753,0.604926],[-0.938197,0.31244,0.148887],[-0.0815433,-0.617619,0.782239]],[[0.336358,0.721753,0.604926],[-0.941733,0.256753,0.217294],[0.00151594,-0.642767,0.76606]]],"btipPosition":[-38.7793,286.94,-55.4327],"carpPosition":[-15.2777,218.522,13.1302],"dipPosition":[-38.7445,272.194,-37.8585],"direction":[0.0815433,0.617619,-0.782239],"extended":false,"handId":464,"id":4640,"length":51.0864,"mcpPosition":[-15.2777,218.522,13.1302],"pipPosition":[-41.4698,251.552,-11.7147],"stabilizedTipPosition":[-38.901,283.668,-51.4179],"timeVisible":7.00455,"tipPosition":[-38.128,283.325,-51.5619],"tipVelocity":[20.1827,-18.788,2.10233],"tool":false,"touchDistance":0.0496933,"touchZone":"hovering","type":0,"width":19.8498},{"bases":[[[0.971651,0.188226,-0.143058],[0.00726056,0.581058,0.81383],[0.236309,-0.791797,0.563218]],[[0.943434,0.265802,-0.198194],[-0.106134,0.808413,0.578968],[0.314114,-0.525183,0.790895]],[[0.943434,0.265802,-0.198194],[-0.174224,0.906009,0.385738],[0.282096,-0.329388,0.901069]],[[0.943434,0.265802,-0.198194],[-0.217312,0.947181,0.235846],[0.250414,-0.179435,0.951365]]],"btipPosition":[-48.4282,326.945,-86.3475],"carpPosition":[-7.28073,236.917,24.8588],"dipPosition":[-44.2343,323.94,-70.4141],"direction":[-0.282096,0.329388,-0.901069],"extended":true,"handId":464,"id":4641,"length":57.6453,"mcpPosition":[-24.3223,294.018,-15.7581],"pipPosition":[-37.5507,316.136,-49.0653],"stabilizedTipPosition":[-47.5094,326.297,-82.6875],"timeVisible":7.00455,"tipPosition":[-47.6124,327.396,-82.0073],"tipVelocity":[34.5345,-34.055,-1.81395],"tool":false,"touchDistance":-0.0283982,"touchZone":"touching","type":1,"width":18.9605},{"bases":[[[0.979074,-0.0223119,-0.202278],[0.176612,0.586989,0.790096],[0.101106,-0.809287,0.578647]],[[0.979226,-0.0235377,-0.201401],[-0.0321531,0.962649,-0.268835],[0.200206,0.269726,0.941894]],[[0.979226,-0.0235377,-0.201401],[-0.202212,-0.187086,-0.961306],[-0.0150524,0.982062,-0.187959]],[[0.979226,-0.0235377,-0.201401],[-0.142286,-0.787414,-0.599778],[-0.144469,0.615975,-0.774406]]],"btipPosition":[-9.09658,244.473,-40.3879],"carpPosition":[4.19654,240.592,24.1834],"dipPosition":[-11.7578,255.82,-54.6529],"direction":[0.0150524,-0.982062,0.187959],"extended":false,"handId":464,"id":4642,"length":65.6822,"mcpPosition":[-2.71804,295.938,-15.3897],"pipPosition":[-12.1774,283.194,-59.8922],"stabilizedTipPosition":[-12.511,250.268,-46.6855],"timeVisible":7.00455,"tipPosition":[-9.78359,247.131,-44.0215],"tipVelocity":[26.3873,-16.373,10.1091],"tool":false,"touchDistance":0.333333,"touchZone":"none","type":2,"width":18.6218},{"bases":[[[0.967163,-0.185348,-0.173902],[0.249244,0.557798,0.791669],[-0.0497319,-0.809016,0.585678]],[[0.968289,-0.157995,-0.193529],[0.0781769,0.92735,-0.365937],[0.237285,0.339203,0.910295]],[[0.968289,-0.157995,-0.193529],[-0.229641,-0.25779,-0.938514],[0.0983911,0.953195,-0.285898]],[[0.968289,-0.157995,-0.193529],[-0.240605,-0.798315,-0.552089],[-0.0672694,0.581146,-0.811015]]],"btipPosition":[7.22516,239.785,-31.2213],"carpPosition":[16.0035,241.493,21.9915],"dipPosition":[5.99314,250.429,-46.0748],"direction":[-0.0983911,-0.953195,0.285898],"extended":false,"handId":464,"id":4643,"length":63.1552,"mcpPosition":[19.0572,291.168,-13.9704],"pipPosition":[8.6649,276.312,-53.8382],"stabilizedTipPosition":[3.02154,246.904,-40.3611],"timeVisible":7.00455,"tipPosition":[6.81665,242.522,-35.4278],"tipVelocity":[27.4188,-20.9513,23.1784],"tool":false,"touchDistance":0.333333,"touchZone":"none","type":3,"width":17.7198},{"bases":[[[0.900341,-0.367336,-0.233347],[0.391259,0.448498,0.803595],[-0.190534,-0.814809,0.547525]],[[0.913324,-0.296399,-0.27926],[0.204668,0.926943,-0.314463],[0.352065,0.230052,0.907263]],[[0.913324,-0.296399,-0.27926],[-0.333508,-0.15089,-0.930594],[0.23369,0.943069,-0.236663]],[[0.913324,-0.296399,-0.27926],[-0.406356,-0.708294,-0.577229],[-0.0267078,0.640676,-0.767346]]],"btipPosition":[22.0567,246.001,-29.3299],"carpPosition":[27.4587,236.567,15.7346],"dipPosition":[21.6054,256.826,-42.2951],"direction":[-0.23369,-0.943069,0.236663],"extended":false,"handId":464,"id":4644,"length":49.5125,"mcpPosition":[38.2885,282.881,-15.3863],"pipPosition":[26.0858,274.907,-46.8324],"stabilizedTipPosition":[18.783,251.903,-36.5192],"timeVisible":7.00455,"tipPosition":[21.7757,248.534,-32.3619],"tipVelocity":[25.5213,-15.3737,9.99219],"tool":false,"touchDistance":0.333333,"touchZone":"none","type":4,"width":15.7401}],"r":[[0.933009,-0.0155779,0.359515],[-0.0465594,0.985439,0.16353],[-0.356828,-0.169314,0.918698]],"s":0.990425,"t":[101.851,23.6474,-113.321],"timestamp":93257447551},false],[5,{"currentFrameRate":55.3387,"devices":[],"gestures":[],"hands":[{"armBasis":[[0.986671,0.0609678,-0.150878],[-0.0162287,0.959408,0.281556],[0.161919,-0.275354,0.947609]],"armWidth":62.4607,"confidence":0.495935,"direction":[-0.0649628,0.889449,-0.452393],"elbow":[55.9959,153.97,270.102],"grabStrength":0,"id":464,"palmNormal":[-0.0451506,-0.455506,-0.889087],"palmPosition":[2.0631,271.719,-7.88607],"palmVelocity":[22.4222,-22.7612,12.8959],"palmWidth":89.1918,"pinchStrength":0.403285,"r":[[0.932759,-0.0158652,0.360152],[-0.0468603,0.985219,0.164764],[-0.357443,-0.170562,0.918228]],"s":0.990163,"sphereCenter":[-8.93113,265.886,-54.4525],"sphereRadius":45.3198,"stabilizedPalmPosition":[-0.35879,275.462,-11.9655],"t":[102.253,23.2338,-113.087],"timeVisible":7.02269,"type":"right","wrist":[13.1416,226.846,19.3041]}],"id":1671208,"interactionBox":{"center":[0,200,0],"size":[235.247,235.247,147.751]},"pointables":[{"bases":[[[0.428844,0.596,0.678879],[-0.756727,-0.173456,0.6303],[0.493414,-0.784026,0.376624]],[[0.338373,0.721027,0.604669],[-0.774399,-0.151697,0.614243],[0.534612,-0.676098,0.507032]],[[0.338373,0.721027,0.604669],[-0.937601,0.312993,0.151459],[-0.0800507,-0.618188,0.781944]],[[0.338373,0.721027,0.604669],[-0.941007,0.257139,0.219967],[0.00311841,-0.643428,0.7655]]],"btipPosition":[-38.5308,286.501,-55.1465],"carpPosition":[-14.9755,217.997,13.3584],"dipPosition":[-38.4592,271.74,-37.5852],"direction":[0.0800507,0.618188,-0.781944],"extended":false,"handId":464,"id":4640,"length":51.0864,"mcpPosition":[-14.9755,217.997,13.3584],"pipPosition":[-41.1347,251.079,-11.4512],"stabilizedTipPosition":[-38.6385,283.287,-51.2071],"timeVisible":7.02269,"tipPosition":[-37.8814,282.928,-51.2282],"tipVelocity":[17.3173,-21.442,8.53834],"tool":false,"touchDistance":0.0544133,"touchZone":"hovering","type":0,"width":19.8498},{"bases":[[[0.971807,0.186142,-0.144718],[0.0103227,0.579605,0.814832],[0.235554,-0.793353,0.561343]],[[0.94392,0.263286,-0.199238],[-0.104162,0.810074,0.577001],[0.313314,-0.52389,0.792069]],[[0.94392,0.263286,-0.199238],[-0.172453,0.90772,0.382499],[0.281559,-0.326689,0.902219]],[[0.94392,0.263286,-0.199238],[-0.215621,0.948536,0.231921],[0.250046,-0.175955,0.952112]]],"btipPosition":[-47.9508,326.315,-86.0573],"carpPosition":[-6.91034,236.352,25.1028],"dipPosition":[-43.7631,323.368,-70.1114],"direction":[-0.281559,0.326689,-0.902219],"extended":true,"handId":464,"id":4641,"length":57.6453,"mcpPosition":[-23.8974,293.565,-15.3787],"pipPosition":[-37.0922,315.628,-48.7354],"stabilizedTipPosition":[-47.0392,325.703,-82.4192],"timeVisible":7.02269,"tipPosition":[-47.1587,326.791,-81.7038],"tipVelocity":[30.5832,-34.0152,6.7456],"tool":false,"touchDistance":-0.0235145,"touchZone":"touching","type":1,"width":18.9605},{"bases":[[[0.978602,-0.0243084,-0.204322],[0.179639,0.585172,0.790761],[0.100341,-0.810545,0.577017]],[[0.978748,-0.0254958,-0.203477],[-0.0306237,0.962943,-0.267961],[0.202768,0.268498,0.941697]],[[0.978748,-0.0254958,-0.203477],[-0.204636,-0.185787,-0.961045],[-0.0133007,0.982259,-0.187056]],[[0.978748,-0.0254958,-0.203477],[-0.145319,-0.786328,-0.600476],[-0.14469,0.617283,-0.773322]]],"btipPosition":[-8.83226,243.996,-40.0853],"carpPosition":[4.57433,240,24.4104],"dipPosition":[-11.4975,255.367,-54.3304],"direction":[0.0133007,-0.982259,0.187056],"extended":false,"handId":464,"id":4642,"length":65.6822,"mcpPosition":[-2.28793,295.433,-15.0513],"pipPosition":[-11.8683,282.747,-59.5444],"stabilizedTipPosition":[-12.0195,249.682,-46.1527],"timeVisible":7.02269,"tipPosition":[-9.52159,246.671,-43.7178],"tipVelocity":[20.7342,-20.9558,13.3615],"tool":false,"touchDistance":0.333333,"touchZone":"none","type":2,"width":18.6218},{"bases":[[[0.966357,-0.187365,-0.176208],[0.252203,0.555803,0.792134],[-0.0504812,-0.809924,0.584358]],[[0.967509,-0.159957,-0.195806],[0.0789731,0.926877,-0.366964],[0.240186,0.339577,0.909394]],[[0.967509,-0.159957,-0.195806],[-0.232528,-0.258834,-0.937516],[0.0992814,0.952585,-0.287618]],[[0.967509,-0.159957,-0.195806],[-0.243464,-0.798304,-0.550851],[-0.0681997,0.580625,-0.81131]]],"btipPosition":[7.51239,239.235,-30.8442],"carpPosition":[16.379,240.877,22.1959],"dipPosition":[6.26333,249.869,-45.7032],"direction":[-0.0992814,-0.952585,0.287618],"extended":false,"handId":464,"id":4643,"length":63.1552,"mcpPosition":[19.4786,290.608,-13.6849],"pipPosition":[8.95927,275.736,-53.5133],"stabilizedTipPosition":[3.38934,246.447,-39.8274],"timeVisible":7.02269,"tipPosition":[7.09862,241.977,-35.061],"tipVelocity":[21.7978,-25.4868,22.0061],"tool":false,"touchDistance":0.333333,"touchZone":"none","type":3,"width":17.7198},{"bases":[[[0.898975,-0.369088,-0.235836],[0.393979,0.446142,0.803578],[-0.191374,-0.815311,0.546483]],[[0.912093,-0.297678,-0.281913],[0.205898,0.927201,-0.312897],[0.354532,0.227345,0.906984]],[[0.912093,-0.297678,-0.281913],[-0.335811,-0.147962,-0.930236],[0.235199,0.94313,-0.234918]],[[0.912093,-0.297678,-0.281913],[-0.409096,-0.706047,-0.578046],[-0.0269718,0.642561,-0.765759]]],"btipPosition":[22.3452,245.458,-29.1489],"carpPosition":[27.8094,235.935,15.9069],"dipPosition":[21.8894,256.315,-42.0873],"direction":[-0.235199,-0.94313,0.234918],"extended":false,"handId":464,"id":4644,"length":49.5125,"mcpPosition":[38.687,282.277,-15.1548],"pipPosition":[26.3987,274.397,-46.5912],"stabilizedTipPosition":[19.2875,251.327,-35.8779],"timeVisible":7.02269,"tipPosition":[22.0641,247.998,-32.1665],"tipVelocity":[20.9134,-22.1225,10.1457],"tool":false,"touchDistance":0.333333,"touchZone":"none","type":4,"width":15.7401}],"r":[[0.932759,-0.0158652,0.360152],[-0.0468603,0.985219,0.164764],[-0.357443,-0.170562,0.918228]],"s":0.990163,"t":[102.253,23.2338,-113.087],"timestamp":93257465690},false],[6,{"currentFrameRate":55.3518,"devices":[],"gestures":[],"hands":[{"armBasis":[[0.986863,0.0588961,-0.150443],[-0.0145343,0.959774,0.280397],[0.160905,-0.274527,0.948021]],"armWidth":62.4607,"confidence":0.501497,"direction":[-0.0642572,0.889949,-0.451511],"elbow":[55.9475,153.778,270.336],"grabStrength":0,"id":464,"palmNormal":[-0.0471136,-0.454647,-0.889425],"palmPosition":[2.31254,271.35,-7.7059],"palmVelocity":[18.3536,-21.6904,11.5216],"palmWidth":89.1918,"pinchStrength":0.406985,"r":[[0.932656,-0.0164429,0.360392],[-0.046755,0.985027,0.165939],[-0.357724,-0.171614,0.917923]],"s":0.989661,"sphereCenter":[-8.45333,265.539,-54.3051],"sphereRadius":45.2824,"stabilizedPalmPosition":[-0.0195571,274.94,-11.4245],"t":[102.579,22.8423,-112.879],"timeVisible":7.04071,"type":"right","wrist":[13.3617,226.436,19.4286]}],"id":1671209,"interactionBox":{"center":[0,200,0],"size":[235.247,235.247,147.751]},"pointables":[{"bases":[[[0.430719,0.594744,0.678793],[-0.756088,-0.172867,0.631227],[0.49276,-0.785109,0.375222]],[[0.337695,0.723133,0.602529],[-0.775489,-0.149049,0.613515],[0.533459,-0.674435,0.510449]],[[0.337695,0.723133,0.602529],[-0.937928,0.312304,0.150857],[-0.079083,-0.616072,0.78371]],[[0.337695,0.723133,0.602529],[-0.941246,0.256552,0.219628],[0.0042401,-0.641295,0.767283]]],"btipPosition":[-38.3342,285.938,-55.2568],"carpPosition":[-14.7773,217.635,13.5153],"dipPosition":[-38.237,271.226,-37.6545],"direction":[0.079083,0.616072,-0.78371],"extended":false,"handId":464,"id":4640,"length":51.0864,"mcpPosition":[-14.7773,217.635,13.5153],"pipPosition":[-40.8801,250.636,-11.4616],"stabilizedTipPosition":[-38.4218,282.8,-51.2079],"timeVisible":7.04071,"tipPosition":[-37.7329,282.5,-51.1822],"tipVelocity":[14.4328,-25.8035,1.83557],"tool":false,"touchDistance":0.0527321,"touchZone":"hovering","type":0,"width":19.8498},{"bases":[[[0.971881,0.184794,-0.145943],[0.0123682,0.578864,0.81533],[0.235149,-0.794208,0.560301]],[[0.944268,0.261479,-0.199968],[-0.102855,0.811427,0.575333],[0.312697,-0.5227,0.793098]],[[0.944268,0.261479,-0.199968],[-0.171165,0.908911,0.380241],[0.281178,-0.324822,0.903011]],[[0.944268,0.261479,-0.199968],[-0.214323,0.949435,0.229432],[0.249848,-0.173787,0.952562]]],"btipPosition":[-47.6405,325.861,-85.8903],"carpPosition":[-6.6675,235.967,25.2644],"dipPosition":[-43.456,322.951,-69.9369],"direction":[-0.281178,0.324822,-0.903011],"extended":true,"handId":464,"id":4641,"length":57.6453,"mcpPosition":[-23.6254,293.242,-15.1421],"pipPosition":[-36.7941,315.255,-48.5421],"stabilizedTipPosition":[-46.7272,325.261,-82.248],"timeVisible":7.04071,"tipPosition":[-46.8649,326.335,-81.5373],"tipVelocity":[24.2276,-29.6133,7.98763],"tool":false,"touchDistance":-0.0207017,"touchZone":"touching","type":1,"width":18.9605},{"bases":[[[0.978271,-0.0256131,-0.205743],[0.181658,0.584195,0.791022],[0.0999337,-0.811209,0.576154]],[[0.978414,-0.0267877,-0.204909],[-0.0296065,0.963163,-0.267282],[0.20452,0.267579,0.94158]],[[0.978414,-0.0267877,-0.204909],[-0.206296,-0.184822,-0.960876],[-0.012132,0.982407,-0.186359]],[[0.978414,-0.0267877,-0.204909],[-0.147353,-0.785633,-0.600889],[-0.144887,0.618112,-0.772622]]],"btipPosition":[-8.66874,243.664,-39.9046],"carpPosition":[4.82171,239.598,24.5588],"dipPosition":[-11.3376,255.05,-54.1368],"direction":[0.012132,-0.982407,0.186359],"extended":false,"handId":464,"id":4642,"length":65.6822,"mcpPosition":[-2.01267,295.076,-14.8439],"pipPosition":[-11.6758,282.434,-59.3315],"stabilizedTipPosition":[-11.6244,249.191,-45.7232],"timeVisible":7.04071,"tipPosition":[-9.35885,246.345,-43.5316],"tipVelocity":[15.1832,-19.6761,11.8573],"tool":false,"touchDistance":0.333333,"touchZone":"none","type":2,"width":18.6218},{"bases":[[[0.965818,-0.188676,-0.177756],[0.25418,0.554715,0.792265],[-0.0508771,-0.810366,0.583711]],[[0.966984,-0.161233,-0.197345],[0.0792996,0.926334,-0.368262],[0.242183,0.340454,0.908536]],[[0.966984,-0.161233,-0.197345],[-0.234543,-0.260261,-0.936618],[0.0996531,0.951981,-0.289484]],[[0.966984,-0.161233,-0.197345],[-0.24531,-0.798682,-0.549481],[-0.0690209,0.57975,-0.811866]]],"btipPosition":[7.69971,238.838,-30.5738],"carpPosition":[16.6245,240.459,22.3282],"dipPosition":[6.43561,249.456,-45.4429],"direction":[-0.0996531,-0.951981,0.289484],"extended":false,"handId":464,"id":4643,"length":63.1552,"mcpPosition":[19.7484,290.217,-13.5129],"pipPosition":[9.14164,275.307,-53.3037],"stabilizedTipPosition":[3.71824,246.024,-39.3501],"timeVisible":7.04071,"tipPosition":[7.28201,241.581,-34.7962],"tipVelocity":[16.2995,-23.9394,18.6256],"tool":false,"touchDistance":0.333333,"touchZone":"none","type":3,"width":17.7198},{"bases":[[[0.898075,-0.370243,-0.237449],[0.395805,0.444829,0.803409],[-0.191832,-0.815505,0.546033]],[[0.911299,-0.29834,-0.283774],[0.206444,0.927378,-0.312011],[0.356251,0.225752,0.906709]],[[0.911299,-0.29834,-0.283774],[-0.337378,-0.145964,-0.929984],[0.23603,0.943233,-0.23367]],[[0.911299,-0.29834,-0.283774],[-0.410842,-0.704488,-0.57871],[-0.0272639,0.643964,-0.76457]]],"btipPosition":[22.5296,245.069,-29.0463],"carpPosition":[28.0384,235.505,16.0185],"dipPosition":[22.0689,255.949,-41.9645],"direction":[-0.23603,-0.943233,0.23367],"extended":false,"handId":464,"id":4644,"length":49.5125,"mcpPosition":[38.942,281.858,-15.0176],"pipPosition":[26.5942,274.033,-46.4445],"stabilizedTipPosition":[19.7339,250.792,-35.3284],"timeVisible":7.04071,"tipPosition":[22.2495,247.616,-32.049],"tipVelocity":[15.82,-21.7272,8