{"sensorType":"Leap","data":[[0,{"currentFrameRate":55.3643,"devices":[],"gestures":[],"hands":[{"armBasis":[[0.976284,-0.0857144,-0.198801],[0.134962,0.958972,0.249314],[0.169275,-0.270232,0.947798]],"armWidth":62.4607,"confidence":0.372271,"direction":[-0.0290141,0.889022,-0.456944],"elbow":[52.0506,155.359,262.964],"grabStrength":0,"id":464,"palmNormal":[-0.230371,-0.450778,-0.862397],"palmPosition":[-2.52964,272.629,-14.0953],"palmVelocity":[-0.920307,-52.6921,31.8171],"palmWidth":89.1918,"pinchStrength":0.654102,"r":[[0.967923,-0.132673,0.213361],[0.107016,0.986028,0.127655],[-0.227317,-0.100727,0.968597]],"s":0.897278,"sphereCenter":[-15.3879,265.955,-61.4182],"sphereRadius":44.8106,"stabilizedPalmPosition":[-1.06209,277.028,-18.5491],"t":[98.0657,24.6757,-119.619],"timeVisible":10.8098,"type":"right","wrist":[7.24957,226.879,12.1159]}],"id":1671413,"interactionBox":{"center":[0,200,0],"size":[235.247,235.247,147.751]},"pointables":[{"bases":[[[0.591788,0.544375,0.594511],[-0.668451,-0.0807792,0.739356],[0.450511,-0.834944,0.316084]],[[0.481915,0.710138,0.513285],[-0.723478,-0.00797926,0.690301],[0.494305,-0.704017,0.509925]],[[0.481915,0.710138,0.513285],[-0.870978,0.452205,0.192114],[-0.0956829,-0.539643,0.836439]],[[0.481915,0.710138,0.513285],[-0.869241,0.46124,0.177982],[-0.110356,-0.53194,0.83956]]],"btipPosition":[-40.7302,286.055,-61.5593],"carpPosition":[-22.2729,221.368,10.6075],"dipPosition":[-43.2618,273.852,-42.2989],"direction":[0.0956829,0.539643,-0.836439],"extended":false,"handId":464,"id":4640,"length":51.0864,"mcpPosition":[-22.2729,221.368,10.6075],"pipPosition":[-46.4597,255.816,-14.3436],"stabilizedTipPosition":[-41.0281,285.057,-58.4456],"timeVisible":10.8098,"tipPosition":[-40.9357,282.574,-57.7748],"tipVelocity":[1.92496,-54.3126,26.8308],"tool":false,"touchDistance":-0.0607356,"touchZone":"touching","type":0,"width":19.8498},{"bases":[[[0.953991,0.0701629,-0.291512],[0.199353,0.577795,0.791462],[0.223965,-0.813161,0.537224]],[[0.94423,0.102753,-0.312845],[0.0836603,0.844035,0.529723],[0.318483,-0.526353,0.788366]],[[0.94423,0.102753,-0.312845],[0.0201221,0.930287,0.366281],[0.328672,-0.352148,0.876337]],[[0.94423,0.102753,-0.312845],[-0.0248434,0.969589,0.243475],[0.328349,-0.222124,0.918068]]],"btipPosition":[-53.3219,331.57,-87.4599],"carpPosition":[-10.4718,238.698,20.6216],"dipPosition":[-47.8227,327.85,-72.0842],"direction":[-0.328672,0.352148,-0.876337],"extended":true,"handId":464,"id":4641,"length":57.6453,"mcpPosition":[-26.6232,297.34,-18.1207],"pipPosition":[-40.0356,319.506,-51.3214],"stabilizedTipPosition":[-52.0883,331.47,-83.9784],"timeVisible":10.8098,"tipPosition":[-52.0963,331.972,-83.1793],"tipVelocity":[1.58267,-99.4915,5.00068],"tool":false,"touchDistance":-0.0971465,"touchZone":"touching","type":1,"width":18.9605},{"bases":[[[0.927422,-0.139878,-0.346876],[0.362635,0.563346,0.742386],[0.0915676,-0.814295,0.573184]],[[0.930062,-0.168344,-0.326565],[0.0955175,0.969077,-0.227524],[0.354769,0.180419,0.917381]],[[0.930062,-0.168344,-0.326565],[-0.346739,-0.1083,-0.931688],[0.121477,0.979761,-0.159097]],[[0.930062,-0.168344,-0.326565],[-0.33636,-0.747729,-0.572505],[-0.147804,0.642309,-0.752059]]],"btipPosition":[-22.5655,248.992,-46.1043],"carpPosition":[1.12224,240.97,18.1513],"dipPosition":[-25.2881,260.824,-59.9577],"direction":[-0.121477,-0.979761,0.159097],"extended":false,"handId":464,"id":4642,"length":65.6822,"mcpPosition":[-5.13999,296.659,-21.0482],"pipPosition":[-21.902,288.134,-64.3925],"stabilizedTipPosition":[-23.4392,258.147,-57.4525],"timeVisible":10.8098,"tipPosition":[-23.4848,252.299,-50.4687],"tipVelocity":[16.1237,-70.6965,61.6126],"tool":false,"touchDistance":0.333333,"touchZone":"none","type":2,"width":18.6218},{"bases":[[[0.900795,-0.30025,-0.313717],[0.430703,0.525667,0.7336],[-0.0553527,-0.795942,0.602837]],[[0.902251,-0.269642,-0.336505],[0.183114,0.9461,-0.267139],[0.390399,0.179407,0.902996]],[[0.902251,-0.269642,-0.336505],[-0.368653,-0.0775212,-0.926329],[0.223691,0.959835,-0.169348]],[[0.902251,-0.269642,-0.336505],[-0.424534,-0.692247,-0.58358],[-0.0755866,0.669393,-0.739053]]],"btipPosition":[-5.90715,243.137,-44.2405],"carpPosition":[12.4821,240.445,14.1889],"dipPosition":[-7.2915,255.397,-57.7761],"direction":[-0.223691,-0.959835,0.169348],"extended":false,"handId":464,"id":4643,"length":63.1552,"mcpPosition":[15.8809,289.318,-22.8265],"pipPosition":[-1.21726,281.46,-62.3747],"stabilizedTipPosition":[-5.76027,251.055,-53.5001],"timeVisible":10.8098,"tipPosition":[-6.38812,246.388,-48.1059],"tipVelocity":[12.2751,-58.4386,46.8616],"tool":false,"touchDistance":0.333333,"touchZone":"none","type":3,"width":17.7198},{"bases":[[[0.804704,-0.473054,-0.358708],[0.558972,0.40017,0.726233],[-0.200004,-0.78491,0.586442]],[[0.821382,-0.387104,-0.418905],[0.292755,0.916436,-0.272836],[0.489516,0.101467,0.866071]],[[0.821382,-0.387104,-0.418905],[-0.464672,-0.0282308,-0.885033],[0.330774,0.921604,-0.203065]],[[0.821382,-0.387104,-0.418905],[-0.567721,-0.625661,-0.535014],[-0.0549866,0.677273,-0.733674]]],"btipPosition":[11.1799,246.154,-40.6815],"carpPosition":[22.1912,234.169,6.38035],"dipPosition":[10.2508,257.597,-53.0777],"direction":[-0.330774,-0.921604,0.203065],"extended":false,"handId":464,"id":4644,"length":49.5125,"mcpPosition":[33.5593,278.783,-26.9526],"pipPosition":[16.5925,275.266,-56.9709],"stabilizedTipPosition":[11.5486,253.201,-48.5339],"timeVisible":10.8098,"tipPosition":[10.8919,249.029,-43.7883],"tipVelocity":[8.83035,-53.9751,39.4248],"tool":false,"touchDistance":0.333333,"touchZone":"none","type":4,"width":15.7401}],"r":[[0.967923,-0.132673,0.213361],[0.107016,0.986028,0.127655],[-0.227317,-0.100727,0.968597]],"s":0.897278,"t":[98.0657,24.6757,-119.619],"timestamp":93261252749},false],[1,{"currentFrameRate":55.3516,"devices":[],"gestures":[],"hands":[{"armBasis":[[0.976842,-0.0866819,-0.195619],[0.133666,0.96113,0.241582],[0.167075,-0.262135,0.950458]],"armWidth":62.4607,"confidence":0.383429,"direction":[-0.0304339,0.888195,-0.458457],"elbow":[52.0714,155.694,264.461],"grabStrength":0.0018803,"id":464,"palmNormal":[-0.231724,-0.452443,-0.861162],"palmPosition":[-2.00464,270.768,-13.364],"palmVelocity":[13.3118,-76.5029,35.8923],"palmWidth":89.1918,"pinchStrength":0.643926,"r":[[0.968112,-0.13064,0.213756],[0.104441,0.986048,0.129617],[-0.227707,-0.103159,0.96825]],"s":0.897624,"sphereCenter":[-14.5855,263.879,-60.7357],"sphereRadius":44.7945,"stabilizedPalmPosition":[-1.17139,276.302,-17.9478],"t":[98.3267,23.2724,-118.974],"timeVisible":10.8279,"type":"right","wrist":[7.85274,225.071,12.9094]}],"id":1671414,"interactionBox":{"center":[0,200,0],"size":[235.247,235.247,147.751]},"pointables":[{"bases":[[[0.592575,0.54579,0.592426],[-0.666998,-0.0798871,0.740764],[0.451629,-0.834105,0.316702]],[[0.482361,0.711445,0.511052],[-0.722576,-0.00664418,0.691259],[0.495188,-0.702711,0.510868]],[[0.482361,0.711445,0.511052],[-0.870952,0.451888,0.192974],[-0.0936478,-0.538185,0.837608]],[[0.482361,0.711445,0.511052],[-0.869579,0.459261,0.181415],[-0.105639,-0.531908,0.840187]]],"btipPosition":[-40.3458,284.113,-60.7998],"carpPosition":[-21.6691,219.539,11.4667],"dipPosition":[-42.7693,271.91,-41.525],"direction":[0.0936478,0.538185,-0.837608],"extended":false,"handId":464,"id":4640,"length":51.0864,"mcpPosition":[-21.6691,219.539,11.4667],"pipPosition":[-45.8992,253.923,-13.5306],"stabilizedTipPosition":[-40.9657,283.183,-57.4072],"timeVisible":10.8279,"tipPosition":[-40.5271,280.642,-56.9827],"tipVelocity":[11.7612,-79.4988,34.1077],"tool":false,"touchDistance":-0.0480212,"touchZone":"touching","type":0,"width":19.8498},{"bases":[[[0.953392,0.0702389,-0.293444],[0.200493,0.579315,0.790061],[0.22549,-0.812072,0.538233]],[[0.943991,0.101491,-0.313974],[0.0822493,0.849116,0.521763],[0.319555,-0.518364,0.793211]],[[0.943991,0.101491,-0.313974],[0.0180018,0.934266,0.356121],[0.329479,-0.341828,0.880112]],[[0.943991,0.101491,-0.313974],[-0.0272993,0.972283,0.232208],[0.328839,-0.210632,0.920597]]],"btipPosition":[-52.8923,328.914,-87.0624],"carpPosition":[-9.85987,236.894,21.4277],"dipPosition":[-47.385,325.386,-71.6443],"direction":[-0.329479,0.341828,-0.880112],"extended":true,"handId":464,"id":4641,"length":57.6453,"mcpPosition":[-26.1212,295.457,-17.3873],"pipPosition":[-39.5787,317.287,-50.792],"stabilizedTipPosition":[-51.7027,328.663,-83.5932],"timeVisible":10.8279,"tipPosition":[-51.6859,329.412,-82.7484],"tipVelocity":[12.1657,-120.773,13.3227],"tool":false,"touchDistance":-0.0943432,"touchZone":"touching","type":1,"width":18.9605},{"bases":[[[0.92685,-0.139916,-0.348387],[0.363691,0.564881,0.740702],[0.093161,-0.813224,0.574445]],[[0.929552,-0.168423,-0.327974],[0.09148,0.967105,-0.237359],[0.357162,0.190634,0.914382]],[[0.929552,-0.168423,-0.327974],[-0.349468,-0.119006,-0.92936],[0.117495,0.978505,-0.16948]],[[0.929552,-0.168423,-0.327974],[-0.336113,-0.752713,-0.566084],[-0.151528,0.636441,-0.756295]]],"btipPosition":[-22.0021,246.778,-44.9013],"carpPosition":[1.72808,239.168,18.9315],"dipPosition":[-24.7933,258.502,-58.8327],"direction":[-0.117495,-0.978505,0.16948],"extended":false,"handId":464,"id":4642,"length":65.6822,"mcpPosition":[-4.64313,294.784,-20.3544],"pipPosition":[-21.5182,285.777,-63.5569],"stabilizedTipPosition":[-23.376,257.458,-56.7097],"timeVisible":10.8279,"tipPosition":[-22.9334,250.111,-49.2898],"tipVelocity":[22.8403,-95.8813,63.4327],"tool":false,"touchDistance":0.333333,"touchZone":"none","type":2,"width":18.6218},{"bases":[[[0.900385,-0.300246,-0.314895],[0.431765,0.527229,0.731853],[-0.0537142,-0.79491,0.604345]],[[0.901775,-0.269862,-0.337603],[0.181007,0.945123,-0.271991],[0.392477,0.184167,0.901135]],[[0.901775,-0.269862,-0.337603],[-0.371298,-0.0838958,-0.924716],[0.221222,0.959237,-0.175854]],[[0.901775,-0.269862,-0.337603],[-0.424918,-0.696391,-0.578345],[-0.0790306,0.664991,-0.742658]]],"btipPosition":[-5.36998,241.161,-43.2494],"carpPosition":[13.0808,238.644,14.9485],"dipPosition":[-6.8174,253.34,-56.851],"direction":[-0.221222,-0.959237,0.175854],"extended":false,"handId":464,"id":4643,"length":63.1552,"mcpPosition":[16.3789,287.453,-22.1596],"pipPosition":[-0.810223,279.388,-61.6262],"stabilizedTipPosition":[-5.75526,250.437,-52.8791],"timeVisible":10.8279,"tipPosition":[-5.87172,244.391,-47.149],"tipVelocity":[20.1668,-83.0403,50.2063],"tool":false,"touchDistance":0.333333,"touchZone":"none","type":3,"width":17.7198},{"bases":[[[0.804317,-0.473189,-0.359397],[0.560099,0.401798,0.724464],[-0.198403,-0.783997,0.588205]],[[0.820829,-0.387326,-0.419784],[0.290736,0.915942,-0.276626],[0.491642,0.105016,0.864442]],[[0.820829,-0.387326,-0.419784],[-0.467208,-0.0325255,-0.883549],[0.328567,0.921369,-0.207659]],[[0.820829,-0.387326,-0.419784],[-0.56821,-0.628511,-0.531142],[-0.0581139,0.674502,-0.735982]]],"btipPosition":[11.698,244.221,-39.8459],"carpPosition":[22.779,232.36,7.1326],"dipPosition":[10.7161,255.618,-52.2811],"direction":[-0.328567,-0.921369,0.207659],"extended":false,"handId":464,"id":4644,"length":49.5125,"mcpPosition":[34.056,276.922,-26.3005],"pipPosition":[17.0155,273.282,-56.2624],"stabilizedTipPosition":[11.5412,252.591,-47.9747],"timeVisible":10.8279,"tipPosition":[11.3925,247.09,-42.9809],"tipVelocity":[17.9238,-79.3522,42.3846],"tool":false,"touchDistance":0.333333,"touchZone":"none","type":4,"width":15.7401}],"r":[[0.968112,-0.13064,0.213756],[0.104441,0.986048,0.129617],[-0.227707,-0.103159,0.96825]],"s":0.897624,"t":[98.3267,23.2724,-118.974],"timestamp":93261270859},false],[2,{"currentFrameRate":55.3636,"devices":[],"gestures":[],"hands":[{"armBasis":[[0.977232,-0.0862919,-0.193832],[0.132061,0.962406,0.237349],[0.166064,-0.257543,0.95189]],"armWidth":62.4607,"confidence":0.392359,"direction":[-0.0335857,0.88749,-0.459601],"elbow":[52.517,155.911,265.312],"grabStrength":0.0167202,"id":464,"palmNormal":[-0.233553,-0.454098,-0.859795],"palmPosition":[-1.46208,269.714,-12.9254],"palmVelocity":[21.2756,-67.9672,30.4125],"palmWidth":89.1918,"pinchStrength":0.639472,"r":[[0.968444,-0.128581,0.213503],[0.102084,0.986133,0.130843],[-0.227367,-0.104919,0.968141]],"s":0.89737,"sphereCenter":[-13.7031,262.567,-60.3941],"sphereRadius":44.7804,"stabilizedPalmPosition":[-1.2092,275.445,-17.2947],"t":[98.7285,22.0437,-118.433],"timeVisible":10.8459,"type":"right","wrist":[8.56583,224.073,13.3807]}],"id":1671415,"interactionBox":{"center":[0,200,0],"size":[235.247,235.247,147.751]},"pointables":[{"bases":[[[0.593378,0.547761,0.589797],[-0.664514,-0.0801292,0.742967],[0.454229,-0.832789,0.316448]],[[0.481985,0.713827,0.508076],[-0.721887,-0.0051082,0.691992],[0.496558,-0.700304,0.51284]],[[0.481985,0.713827,0.508076],[-0.871475,0.450577,0.193679],[-0.0906742,-0.536126,0.839254]],[[0.481985,0.713827,0.508076],[-0.870785,0.454504,0.187508],[-0.0970745,-0.532802,0.840654]]],"btipPosition":[-39.9893,282.89,-60.3901],"carpPosition":[-20.9496,218.482,12.0386],"dipPosition":[-42.2163,270.667,-41.1046],"direction":[0.0906742,0.536126,-0.839254],"extended":false,"handId":464,"id":4640,"length":51.0864,"mcpPosition":[-20.9496,218.482,12.0386],"pipPosition":[-45.2468,252.748,-13.0553],"stabilizedTipPosition":[-40.6936,281.363,-56.5555],"timeVisible":10.8459,"tipPosition":[-40.1485,279.464,-56.4834],"tipVelocity":[16.7547,-74.1102,28.7789],"tool":false,"touchDistance":-0.0411524,"touchZone":"touching","type":0,"width":19.8498},{"bases":[[[0.952329,0.0716605,-0.296536],[0.201855,0.58081,0.788616],[0.228744,-0.810879,0.538657]],[[0.943295,0.101364,-0.316101],[0.0800685,0.854647,0.512998],[0.322154,-0.509218,0.798069]],[[0.943295,0.101364,-0.316101],[0.0143843,0.938863,0.343991],[0.331644,-0.329032,0.884167]],[[0.943295,0.101364,-0.316101],[-0.0316961,0.975391,0.218193],[0.330439,-0.195802,0.923294]]],"btipPosition":[-52.5974,326.871,-86.9284],"carpPosition":[-9.14271,235.874,21.9381],"dipPosition":[-47.0632,323.591,-71.4651],"direction":[-0.331644,0.329032,-0.884166],"extended":true,"handId":464,"id":4641,"length":57.6453,"mcpPosition":[-25.6387,294.351,-16.9075],"pipPosition":[-39.2057,315.796,-50.5168],"stabilizedTipPosition":[-51.3676,326.406,-83.397],"timeVisible":10.8459,"tipPosition":[-51.4077,327.507,-82.5677],"tipVelocity":[14.3192,-115.76,10.805],"tool":false,"touchDistance":-0.0950258,"touchZone":"touching","type":1,"width":18.9605},{"bases":[[[0.926019,-0.138622,-0.351101],[0.364924,0.56662,0.738764],[0.0965319,-0.812235,0.575287]],[[0.928843,-0.167128,-0.330633],[0.0873465,0.966096,-0.242959],[0.360028,0.196792,0.91195]],[[0.928843,-0.167128,-0.330633],[-0.352602,-0.124972,-0.927391],[0.113673,0.977983,-0.175009]],[[0.928843,-0.167128,-0.330633],[-0.33609,-0.755607,-0.56223],[-0.155864,0.633346,-0.75801]]],"btipPosition":[-21.4768,245.49,-44.1874],"carpPosition":[2.43294,238.167,19.4023],"dipPosition":[-24.3479,257.156,-58.1505],"direction":[-0.113673,-0.977983,0.175009],"extended":false,"handId":464,"id":4642,"length":65.6822,"mcpPosition":[-4.1688,293.715,-19.9411],"pipPosition":[-21.1793,284.417,-63.0287],"stabilizedTipPosition":[-23.2575,256.57,-55.8193],"timeVisible":10.8459,"tipPosition":[-22.4203,248.82,-48.5566],"tipVelocity":[25.3479,-84.6678,51.9472],"tool":false,"touchDistance":0.333333,"touchZone":"none","type":2,"width":18.6218},{"bases":[[[0.89997,-0.298955,-0.317302],[0.433043,0.529087,0.729754],[-0.0502838,-0.794162,0.605622]],[[0.901226,-0.268792,-0.339916],[0.177448,0.944515,-0.276414],[0.395353,0.188794,0.898918]],[[0.901226,-0.268792,-0.339916],[-0.374804,-0.0897578,-0.922749],[0.217518,0.959007,-0.181636]],[[0.901226,-0.268792,-0.339916],[-0.42514,-0.700366,-0.573361],[-0.0839506,0.66124,-0.745463]]],"btipPosition":[-4.82261,240.002,-42.5864],"carpPosition":[13.774,237.659,15.3844],"dipPosition":[-6.36015,252.112,-56.2393],"direction":[-0.217518,-0.959007,0.181636],"extended":false,"handId":464,"id":4643,"length":63.1552,"mcpPosition":[16.8616,286.422,-21.8021],"pipPosition":[-0.453555,278.154,-61.1716],"stabilizedTipPosition":[-5.69657,249.661,-52.154],"timeVisible":10.8459,"tipPosition":[-5.35083,243.216,-46.5113],"tipVelocity":[24.4613,-74.5759,43.5341],"tool":false,"touchDistance":0.333333,"touchZone":"none","type":3,"width":17.7198},{"bases":[[[0.804096,-0.472145,-0.36126],[0.561594,0.403892,0.722138],[-0.195043,-0.78355,0.589922]],[[0.820241,-0.386419,-0.421763],[0.287066,0.91583,-0.2808],[0.49477,0.10925,0.862129]],[[0.820241,-0.386419,-0.421763],[-0.470762,-0.0371708,-0.881477],[0.324942,0.921574,-0.2124]],[[0.820241,-0.386419,-0.421763],[-0.568559,-0.631714,-0.526953],[-0.0628091,0.672026,-0.73786]]],"btipPosition":[12.2283,243.109,-39.3264],"carpPosition":[23.4598,231.383,7.5469],"dipPosition":[11.1671,254.464,-51.7934],"direction":[-0.324942,-0.921574,0.2124],"extended":false,"handId":464,"id":4644,"length":49.5125,"mcpPosition":[34.5459,275.919,-25.9838],"pipPosition":[17.397,272.132,-55.8656],"stabilizedTipPosition":[11.5911,251.817,-47.3236],"timeVisible":10.8459,"tipPosition":[11.9013,245.978,-42.4877],"tipVelocity":[22.8973,-71.2355,35.7635],"tool":false,"touchDistance":0.333333,"touchZone":"none","type":4,"width":15.7401}],"r":[[0.968444,-0.128581,0.213503],[0.102084,0.986133,0.130843],[-0.227367,-0.104919,0.968141]],"s":0.89737,"t":[98.7285,22.0437,-118.433],"timestamp":93261288880},false],[3,{"currentFrameRate":55.3518,"devices":[],"gestures":[],"hands":[{"armBasis":[[0.976494,-0.0889191,-0.196348],[0.1348,0.962747,0.234406],[0.168191,-0.255364,0.952104]],"armWidth":62.4607,"confidence":0.353219,"direction":[-0.0278692,0.88887,-0.457311],"elbow":[52.8849,156.099,265.334],"grabStrength":0.0234293,"id":464,"palmNormal":[-0.233121,-0.450654,-0.861723],"palmPosition":[-1.35467,269.444,-12.8676],"palmVelocity":[13.9753,-42.733,17.4632],"palmWidth":89.1918,"pinchStrength":0.638016,"r":[[0.968451,-0.12799,0.213824],[0.101077,0.986027,0.132418],[-0.227785,-0.106628,0.967856]],"s":0.897032,"sphereCenter":[-13.1536,262.394,-60.4654],"sphereRadius":44.7626,"stabilizedPalmPosition":[-1.22956,274.605,-16.675],"t":[98.9831,21.2941,-118.133],"timeVisible":10.864,"type":"right","wrist":[8.37094,223.684,13.3461]}],"id":1671416,"interactionBox":{"center":[0,200,0],"size":[235.247,235.247,147.751]},"pointables":[{"bases":[[[0.594221,0.543289,0.593076],[-0.667167,-0.0788853,0.740719],[0.449209,-0.835832,0.315589]],[[0.482571,0.711734,0.510451],[-0.726835,0.000232904,0.686812],[0.488708,-0.702449,0.517426]],[[0.482571,0.711734,0.510451],[-0.870478,0.454229,0.18959],[-0.0969241,-0.535827,0.838746]],[[0.482571,0.711734,0.510451],[-0.870738,0.452771,0.19187],[-0.0945574,-0.53706,0.838228]]],"btipPosition":[-39.6715,282.841,-60.6815],"carpPosition":[-21.1671,218.24,11.8989],"dipPosition":[-41.8407,270.52,-41.4517],"direction":[0.0969241,0.535827,-0.838746],"extended":false,"handId":464,"id":4640,"length":51.0864,"mcpPosition":[-21.1671,218.24,11.8989],"pipPosition":[-45.0801,252.612,-13.4193],"stabilizedTipPosition":[-40.3361,280.436,-56.3527],"timeVisible":10.864,"tipPosition":[-39.8545,279.481,-56.6364],"tipVelocity":[17.4827,-40.7263,7.09243],"tool":false,"touchDistance":-0.0462232,"touchZone":"touching","type":0,"width":19.8498},{"bases":[[[0.95357,0.0678223,-0.293437],[0.202256,0.577708,0.790788],[0.223154,-0.813421,0.537168]],[[0.945028,0.0967137,-0.312359],[0.0817933,0.854973,0.512182],[0.316593,-0.509576,0.800063]],[[0.945028,0.0967137,-0.312359],[0.0169034,0.939533,0.342042],[0.326551,-0.328519,0.88625]],[[0.945028,0.0967137,-0.312359],[-0.0286212,0.976058,0.215618],[0.325734,-0.194825,0.925171]]],"btipPosition":[-51.9242,326.715,-87.0427],"carpPosition":[-9.30624,235.548,21.8812],"dipPosition":[-46.4688,323.452,-71.548],"direction":[-0.326551,0.328519,-0.88625],"extended":true,"handId":464,"id":4641,"length":57.6453,"mcpPosition":[-25.3991,294.208,-16.857],"pipPosition":[-38.7319,315.668,-50.5503],"stabilizedTipPosition":[-50.7208,325.997,-83.4729],"timeVisible":10.864,"tipPosition":[-50.762,327.332,-82.686],"tipVelocity":[24.7199,-64.6827,2.85001],"tool":false,"touchDistance":-0.0968109,"touchZone":"touching","type":1,"width":18.9605},{"bases":[[[0.926406,-0.142183,-0.348647],[0.365406,0.562859,0.741396],[0.0908254,-0.814232,0.573391]],[[0.929031,-0.170778,-0.328232],[0.0919382,0.965836,-0.242299],[0.358397,0.194927,0.912992]],[[0.929031,-0.170778,-0.328232],[-0.350611,-0.122918,-0.92842],[0.118208,0.977612,-0.174071]],[[0.929031,-0.170778,-0.328232],[-0.33786,-0.753197,-0.564397],[-0.150836,0.635239,-0.757443]]],"btipPosition":[-21.3733,245.314,-44.159],"carpPosition":[2.28812,237.792,19.3869],"dipPosition":[-24.1518,257.016,-58.1116],"direction":[-0.118208,-0.977612,0.174071],"extended":false,"handId":464,"id":4642,"length":65.6822,"mcpPosition":[-3.92336,293.476,-19.8268],"pipPosition":[-20.8568,284.266,-62.9637],"stabilizedTipPosition":[-23.1225,255.641,-54.903],"timeVisible":10.864,"tipPosition":[-22.2795,248.656,-48.4967],"tipVelocity":[16.5665,-48.7773,28.0424],"tool":false,"touchDistance":0.333333,"touchZone":"none","type":2,"width":18.6218},{"bases":[[[0.899475,-0.302478,-0.315359],[0.433369,0.525019,0.732493],[-0.055993,-0.795526,0.603327]],[[0.90094,-0.272511,-0.337704],[0.182039,0.94378,-0.275936],[0.393914,0.187126,0.899897]],[[0.90094,-0.272511,-0.337704],[-0.37314,-0.0892266,-0.923475],[0.221525,0.958006,-0.182073]],[[0.90094,-0.272511,-0.337704],[-0.426576,-0.698965,-0.574004],[-0.079621,0.6612,-0.745973]]],"btipPosition":[-4.73231,239.767,-42.4493],"carpPosition":[13.6389,237.239,15.4022],"dipPosition":[-6.19055,251.876,-56.1116],"direction":[-0.221525,-0.958006,0.182073],"extended":false,"handId":464,"id":4643,"length":63.1552,"mcpPosition":[17.077,286.086,-21.6433],"pipPosition":[-0.175142,277.891,-61.0557],"stabilizedTipPosition":[-5.62746,248.88,-51.4329],"timeVisible":10.864,"tipPosition":[-5.2388,242.985,-46.3878],"tipVelocity":[15.6753,-45.274,26.3665],"tool":false,"touchDistance":0.333333,"touchZone":"none","type":3,"width":17.7198},{"bases":[[[0.802897,-0.475081,-0.360076],[0.561334,0.399222,0.724931],[-0.200651,-0.784168,0.587213]],[[0.819634,-0.389346,-0.42025],[0.291466,0.914932,-0.279191],[0.493202,0.106346,0.86339]],[[0.819634,-0.389346,-0.42025],[-0.468984,-0.0347093,-0.882524],[0.329021,0.920437,-0.211046]],[[0.819634,-0.389346,-0.42025],[-0.56992,-0.628724,-0.529053],[-0.0582365,0.673139,-0.73722]]],"btipPosition":[12.3041,242.802,-39.2224],"carpPosition":[23.318,230.937,7.57742],"dipPosition":[11.3201,254.176,-51.6786],"direction":[-0.329021,-0.920437,0.211046],"extended":false,"handId":464,"id":4644,"length":49.5125,"mcpPosition":[34.7228,275.509,-25.7993],"pipPosition":[17.6282,271.823,-55.7248],"stabilizedTipPosition":[11.6517,251.02,-46.6716],"timeVisible":10.864,"tipPosition":[11.9957,245.683,-42.3957],"tipVelocity":[14.4621,-45.2942,21.5465],"tool":false,"touchDistance":0.333333,"touchZone":"none","type":4,"width":15.7401}],"r":[[0.968451,-0.12799,0.213824],[0.101077,0.986027,0.132418],[-0.227785,-0.106628,0.967856]],"s":0.897032,"t":[98.9831,21.2941,-118.133],"timestamp":93261306987},false],[4,{"currentFrameRate":55.359,"devices":[],"gestures":[],"hands":[{"armBasis":[[0.976049,-0.0914709,-0.197388],[0.137371,0.962686,0.233161],[0.168695,-0.254692,0.952194]],"armWidth":62.4607,"confidence":0.368481,"direction":[-0.0237542,0.889352,-0.456605],"elbow":[52.9319,155.965,265.334],"grabStrength":0.0293788,"id":464,"palmNormal":[-0.233079,-0.449074,-0.862558],"palmPosition":[-1.22417,269.189,-12.871],"palmVelocity":[10.7768,-29.1561,9.08748],"palmWidth":89.1918,"pinchStrength":0.633981,"r":[[0.96828,-0.128258,0.214436],[0.100934,0.985843,0.133885],[-0.228572,-0.107994,0.967519]],"s":0.896831,"sphereCenter":[-12.7006,262.151,-60.5552],"sphereRadius":44.7559,"stabilizedPalmPosition":[-1.22876,273.8,-16.1097],"t":[99.1756,20.792,-117.985],"timeVisible":10.882,"type":"right","wrist":[8.28434,223.372,13.3224]}],"id":1671417,"interactionBox":{"center":[0,200,0],"size":[235.247,235.247,147.751]},"pointables":[{"bases":[[[0.595034,0.540625,0.594692],[-0.668888,-0.0770901,0.739355],[0.445559,-0.837724,0.315747]],[[0.483167,0.710772,0.511227],[-0.730092,0.00481016,0.683332],[0.483234,-0.703406,0.521253]],[[0.483167,0.710772,0.511227],[-0.869736,0.456706,0.187027],[-0.100547,-0.534997,0.838849]],[[0.483167,0.710772,0.511227],[-0.870831,0.450542,0.196633],[-0.0905677,-0.540199,0.83665]]],"btipPosition":[-39.4773,282.728,-60.9217],"carpPosition":[-21.2704,218.037,11.8132],"dipPosition":[-41.5551,270.336,-41.7281],"direction":[0.100547,0.534997,-0.838849],"extended":false,"handId":464,"id":4640,"length":51.0864,"mcpPosition":[-21.2704,218.037,11.8132],"pipPosition":[-44.9155,252.455,-13.6923],"stabilizedTipPosition":[-40.0609,280.033,-56.4643],"timeVisible":10.882,"tipPosition":[-39.6423,279.405,-56.7859],"tipVelocity":[14.8472,-24.792,-2.81022],"tool":false,"touchDistance":-0.0503653,"touchZone":"touching","type":0,"width":19.8498},{"bases":[[[0.954378,0.0646084,-0.291527],[0.202813,0.5763,0.791672],[0.219156,-0.81468,0.536905]],[[0.94614,0.0930284,-0.310105],[0.0830258,0.856081,0.51013],[0.312932,-0.508401,0.802248]],[[0.94614,0.0930284,-0.310105],[0.0187549,0.940472,0.339354],[0.323215,-0.326892,0.888073]],[[0.94614,0.0930284,-0.310105],[-0.0263281,0.976765,0.212692],[0.322686,-0.193072,0.926605]]],"btipPosition":[-51.4115,326.433,-87.2308],"carpPosition":[-9.36623,235.293,21.8333],"dipPosition":[-46.0072,323.2,-71.7121],"direction":[-0.323215,0.326892,-0.888073],"extended":true,"handId":464,"id":4641,"length":57.6453,"mcpPosition":[-25.1708,294.044,-16.8859],"pipPosition":[-38.3494,315.455,-50.6713],"stabilizedTipPosition":[-50.1955,325.704,-83.6523],"timeVisible":10.882,"tipPosition":[-50.2607,327.042,-82.8804],"tipVelocity":[26.1661,-41.2201,-3.30576],"tool":false,"touchDistance":-0.0998544,"touchZone":"touching","type":1,"width":18.9605},{"bases":[[[0.926561,-0.14525,-0.34697],[0.366004,0.5609,0.742584],[0.0867551,-0.815042,0.57287]],[[0.929043,-0.173898,-0.326555],[0.0947631,0.965055,-0.244314],[0.357629,0.196032,0.913057]],[[0.929043,-0.173898,-0.326555],[-0.349645,-0.124157,-0.928619],[0.120941,0.976906,-0.17615]],[[0.929043,-0.173898,-0.326555],[-0.339184,-0.752855,-0.564061],[-0.14776,0.634799,-0.758418]]],"btipPosition":[-21.2386,245.05,-44.074],"carpPosition":[2.24102,237.496,19.3635],"dipPosition":[-23.9604,256.744,-58.0445],"direction":[-0.120941,-0.976906,0.17615],"extended":false,"handId":464,"id":4642,"length":65.6822,"mcpPosition":[-3.69209,293.236,-19.8147],"pipPosition":[-20.5893,283.974,-62.9546],"stabilizedTipPosition":[-22.973,254.702,-53.998],"timeVisible":10.882,"tipPosition":[-22.1208,248.397,-48.3985],"tipVelocity":[12.5927,-32.6284,16.8635],"tool":false,"touchDistance":0.333333,"touchZone":"none","type":2,"width":18.6218},{"bases":[[[0.898983,-0.305474,-0.313871],[0.433847,0.522822,0.733781],[-0.0600524,-0.795828,0.602537]],[[0.900594,-0.27567,-0.336059],[0.185648,0.943039,-0.276066],[0.39302,0.186235,0.900473]],[[0.900594,-0.27567,-0.336059],[-0.372036,-0.0890844,-0.923933],[0.224763,0.957115,-0.182788]],[[0.900594,-0.27567,-0.336059],[-0.427895,-0.69816,-0.574002],[-0.0763874,0.660741,-0.746717]]],"btipPosition":[-4.63248,239.524,-42.3949],"carpPosition":[13.5974,236.906,15.4003],"dipPosition":[-6.03149,251.625,-56.0708],"direction":[-0.224763,-0.957115,0.182788],"extended":false,"handId":464,"id":4643,"length":63.1552,"mcpPosition":[17.2848,285.772,-21.5967],"pipPosition":[0.0718484,277.615,-61.0343],"stabilizedTipPosition":[-5.54824,248.106,-50.7395],"timeVisible":10.882,"tipPosition":[-5.121,242.735,-46.3328],"tipVelocity":[11.2216,-30.2258,15.2055],"tool":false,"touchDistance":0.333333,"touchZone":"none","type":3,"width":17.7198},{"bases":[[[0.801866,-0.477687,-0.358923],[0.561369,0.396568,0.72636],[-0.204636,-0.783932,0.586153]],[[0.819016,-0.392066,-0.418923],[0.29486,0.913938,-0.278881],[0.49221,0.104884,0.864135]],[[0.819016,-0.392066,-0.418923],[-0.468095,-0.0343398,-0.883011],[0.331813,0.919296,-0.211649]],[[0.819016,-0.392066,-0.418923],[-0.571071,-0.627752,-0.528966],[-0.0555901,0.672466,-0.738037]]],"btipPosition":[12.4176,242.511,-39.151],"carpPosition":[23.2688,230.576,7.58897],"dipPosition":[11.4784,253.873,-51.621],"direction":[-0.331813,-0.919296,0.211649],"extended":false,"handId":464,"id":4644,"length":49.5125,"mcpPosition":[34.9002,275.134,-25.7275],"pipPosition":[17.84,271.498,-55.6788],"stabilizedTipPosition":[11.7251,250.234,-46.051],"timeVisible":10.882,"tipPosition":[12.1151,245.387,-42.3412],"tipVelocity":[10.8562,-31.522,13.1171],"tool":false,"touchDistance":0.333333,"touchZone":"none","type":4,"width":15.7401}],"r":[[0.96828,-0.128258,0.214436],[0.100934,0.985843,0.133885],[-0.228572,-0.107994,0.967519]],"s":0.896831,"t":[99.1756,20.792,-117.985],"timestamp":93261325026},false],[5,{"currentFrameRate":55.3317,"devices":[],"gestures":[{"center":[-46.5783,330.283,-90.5948],"duration":0,"handIds":[464],"id":7,"normal":[0.817636,0.0855045,0.569351],"pointableIds":[4641],"progress":0.815796,"radius":10.0827,"state":"start","type":"circle"}],"hands":[{"armBasis":[[0.976905,-0.0901733,-0.193712],[0.135107,0.963031,0.23306],[0.165535,-0.253849,0.952974]],"armWidth":62.4607,"confidence":0.377481,"direction":[-0.0267554,0.887499,-0.460033],"elbow":[52.7509,156.032,265.916],"grabStrength":0.0317644,"id":464,"palmNormal":[-0.231932,-0.453151,-0.860733],"palmPosition":[-0.724357,268.9,-12.6689],"palmVelocity":[18.7578,-22.8231,10.0593],"palmWidth":89.1918,"pinchStrength":0.630245,"r":[[0.968241,-0.127687,0.214957],[0.100198,0.985864,0.134288],[-0.229065,-0.108485,0.967347]],"s":0.89693,"sphereCenter":[-12.0144,261.603,-60.3608],"sphereRadius":44.7622,"stabilizedPalmPosition":[-1.15279,273.062,-15.5914],"t":[99.5218,20.3967,-117.81],"timeVisible":10.9002,"type":"right","wrist":[8.93963,223.216,13.6982]}],"id":1671418,"interactionBox":{"center":[0,200,0],"size":[235.247,235.247,147.751]},"pointables":[{"bases":[[[0.593502,0.544823,0.592388],[-0.668388,-0.0763689,0.739882],[0.448345,-0.835066,0.318828]],[[0.480093,0.715473,0.507551],[-0.731491,0.00716849,0.681813],[0.484181,-0.698603,0.526804]],[[0.480093,0.715473,0.507551],[-0.871746,0.45365,0.185095],[-0.0978207,-0.531319,0.841505]],[[0.480093,0.715473,0.507551],[-0.873471,0.443315,0.201296],[-0.0809835,-0.539972,0.837778]]],"btipPosition":[-39.1627,282.109,-60.9012],"carpPosition":[-20.5984,217.78,12.22],"dipPosition":[-41.0205,269.721,-41.6816],"direction":[0.0978207,0.531319,-0.841505],"extended":false,"handId":464,"id":4640,"length":51.0864,"mcpPosition":[-20.5984,217.78,12.22],"pipPosition":[-44.2898,251.964,-13.557],"stabilizedTipPosition":[-39.7085,279.454,-56.4766],"timeVisible":10.9002,"tipPosition":[-39.2588,278.829,-56.6786],"tipVelocity":[17.355,-29.2009,-0.773992],"tool":false,"touchDistance":-0.0499234,"touchZone":"touching","type":0,"width":19.8498},{"bases":[[[0.954068,0.0665333,-0.29211],[0.201235,0.580004,0.789366],[0.221944,-0.811892,0.539975]],[[0.945844,0.0944999,-0.310563],[0.0801761,0.859047,0.505579],[0.314565,-0.503099,0.804948]],[[0.945844,0.0944999,-0.310563],[0.0157678,0.942187,0.334717],[0.324239,-0.321487,0.889672]],[[0.945844,0.0944999,-0.310563],[-0.0293153,0.977646,0.208202],[0.323295,-0.187823,0.927471]]],"btipPosition":[-51.0958,325.613,-87.2825],"carpPosition":[-8.74612,235.113,22.1691],"dipPosition":[-45.6812,322.467,-71.7492],"direction":[-0.324239,0.321487,-0.889672],"extended":true,"handId":464,"id":4641,"length":57.6453,"mcpPosition":[-24.7518,293.663,-16.7715],"pipPosition":[-37.9991,314.85,-50.6705],"stabilizedTipPosition":[-49.8627,324.918,-83.7078],"timeVisible":10.9002,"tipPosition":[-49.9509,326.209,-82.9522],"tipVelocity":[22.0381,-42.5618,-2.99712],"tool":false,"touchDistance":-0.100659,"touchZone":"touching","type":1,"width":18.9605},{"bases":[[[0.926903,-0.143626,-0.346731],[0.364459,0.564937,0.740281],[0.0895575,-0.812538,0.575988]],[[0.929487,-0.172222,-0.32618],[0.0907822,0.963916,-0.250249],[0.357509,0.202992,0.911582]],[[0.929487,-0.172222,-0.32618],[-0.349724,-0.130381,-0.927736],[0.117249,0.976391,-0.181418]],[[0.929487,-0.172222,-0.32618],[-0.336938,-0.756263,-0.560838],[-0.15009,0.631194,-0.760965]]],"btipPosition":[-20.6666,244.479,-43.7005],"carpPosition":[2.85318,237.344,19.6867],"dipPosition":[-23.4313,256.106,-57.718],"direction":[-0.117249,-0.976391,0.181418],"extended":false,"handId":464,"id":4642,"length":65.6822,"mcpPosition":[-3.27159,292.913,-19.7046],"pipPosition":[-20.1631,283.322,-62.7749],"stabilizedTipPosition":[-22.7615,253.746,-53.1021],"timeVisible":10.9002,"tipPosition":[-21.5494,247.809,-48.0064],"tipVelocity":[21.344,-32.4734,18.3421],"tool":false,"touchDistance":0.333333,"touchZone":"none","type":2,"width":18.6218},{"bases":[[[0.89985,-0.303808,-0.313003],[0.43242,0.527042,0.731601],[-0.0573007,-0.79368,0.605631]],[[0.901355,-0.274202,-0.335221],[0.182413,0.942398,-0.280378],[0.392791,0.191571,0.899453]],[[0.901355,-0.274202,-0.335221],[-0.372253,-0.0949511,-0.923262],[0.22133,0.956973,-0.187657]],[[0.901355,-0.274202,-0.335221],[-0.425792,-0.702491,-0.570269],[-0.0791209,0.656749,-0.749947]]],"btipPosition":[-4.0355,239.104,-42.0273],"carpPosition":[14.2101,236.775,15.7219],"dipPosition":[-5.48458,251.132,-55.7624],"direction":[-0.22133,-0.956973,0.187657],"extended":false,"handId":464,"id":4643,"length":63.1552,"mcpPosition":[17.7285,285.509,-21.4651],"pipPosition":[0.525536,277.118,-60.8581],"stabilizedTipPosition":[-5.40585,247.354,-50.0691],"timeVisible":10.9002,"tipPosition":[-4.53582,242.285,-45.9726],"tipVelocity":[21.2388,-27.2757,17.2466],"tool":false,"touchDistance":0.333333,"touchZone":"none","type":3,"width":17.7198},{"bases":[[[0.803269,-0.476504,-0.357354],[0.560342,0.401169,0.724624],[-0.201927,-0.782309,0.589252]],[[0.820112,-0.391152,-0.417631],[0.291427,0.91364,-0.283431],[0.492429,0.110736,0.863279]],[[0.820112,-0.391152,-0.417631],[-0.468895,-0.0410885,-0.882298],[0.327953,0.919408,-0.217107]],[[0.820112,-0.391152,-0.417631],[-0.569145,-0.632975,-0.524801],[-0.0590732,0.668088,-0.741733]]],"btipPosition":[13.0191,242.158,-38.7877],"carpPosition":[23.899,230.445,7.93167],"dipPosition":[12.021,253.446,-51.3201],"direction":[-0.327953,-0.919408,0.217107],"extended":false,"handId":464,"id":4644,"length":49.5125,"mcpPosition":[35.3764,274.911,-25.561],"pipPosition":[18.3086,271.073,-55.4826],"stabilizedTipPosition":[11.8669,249.504,-45.4671],"timeVisible":10.9002,"tipPosition":[12.6973,245.01,-42.0042],"tipVelocity":[21.1132,-26.2201,16.0208],"tool":false,"touchDistance":0.333333,"touchZone":"none","type":4,"width":15.7401}],"r":[[0.968241,-0.127687,0.214957],[0.100198,0.985864,0.134288],[-0.229065,-0.108485,0.967347]],"s":0.89693,"t":[99.5218,20.3967,-117.81],"timestamp":93261343193},false],[6,{"currentFrameRate":55.3304,"devices":[],"gestures":[{"center":[-47.3571,331.854,-89.8139],"duration":18078,"handIds":[464],"id":7,"normal":[0.828886,0.0712579,0.554861],"pointableIds":[4641],"progress":0.829375,"radius":9.1466,"state":"update","type":"circle"}],"hands":[{"armBasis":[[0.977345,-0.0906859,-0.191242],[0.135378,0.962402,0.235487],[0.162697,-0.256042,0.952876]],"armWidth":62.4607,"confidence":0.382559,"direction":[-0.0277664,0.885271,-0.464247],"elbow":[52.6383,155.254,266.277],"grabStrength":0.0320957,"id":464,"palmNormal":[-0.231363,-0.457506,-0.85858],"palmPosition":[-0.137535,268.566,-12.4995],"palmVelocity":[25.2698,-20.7712,9.73121],"palmWidth":89.1918,"pinchStrength":0.625667,"r":[[0.968236,-0.126801,0.215502],[0.0993787,0.98603,0.133674],[-0.229442,-0.108012,0.967311]],"s":0.897421,"sphereCenter":[-11.2872,261.012,-60.1792],"sphereRadius":44.7748,"stabilizedPalmPosition":[-1.00003,272.386,-15.1262],"t":[99.9883,20.0318,-117.638],"timeVisible":10.9183,"type":"right","wrist":[9.57836,223.019,14.0848]}],"id":1671419,"interactionBox":{"center":[0,200,0],"size":[235.247,235.247,147.751]},"pointables":[{"bases":[[[0.592839,0.548323,0.589817],[-0.668334,-0.0736299,0.740209],[0.449301,-0.833019,0.322812]],[[0.478417,0.71943,0.503526],[-0.73288,0.0112467,0.680265],[0.48374,-0.694474,0.532636]],[[0.478417,0.71943,0.503526],[-0.872865,0.452314,0.183081],[-0.0960379,-0.527099,0.84436]],[[0.478417,0.71943,0.503526],[-0.875132,0.437973,0.205725],[-0.0725264,-0.539074,0.83913]]],"btipPosition":[-38.7496,281.506,-60.9017],"carpPosition":[-19.9532,217.541,12.6312],"dipPosition":[-40.4134,269.139,-41.6512],"direction":[0.0960379,0.527099,-0.84436],"extended":false,"handId":464,"id":4640,"length":51.0864,"mcpPosition":[-19.9532,217.541,12.6312],"pipPosition":[-43.6231,251.523,-13.4312],"stabilizedTipPosition":[-39.2738,278.857,-56.4747],"timeVisible":10.9183,"tipPosition":[-38.7724,278.259,-56.6103],"tipVelocity":[21.1401,-31.0368,-0.233896],"tool":false,"touchDistance":-0.0498141,"touchZone":"touching","type":0,"width":19.8498},{"bases":[[[0.954004,0.0662551,-0.292382],[0.200522,0.583983,0.786609],[0.222863,-0.809057,0.543837]],[[0.945791,0.0939877,-0.310878],[0.0791542,0.861638,0.501312],[0.314981,-0.498744,0.807491]],[[0.945791,0.0939877,-0.310878],[0.0148169,0.943727,0.330395],[0.324437,-0.317091,0.891176]],[[0.945791,0.0939877,-0.310878],[-0.0301901,0.978509,0.203984],[0.323368,-0.183541,0.928302]]],"btipPosition":[-50.561,324.871,-87.3884],"carpPosition":[-8.12164,234.935,22.4983],"dipPosition":[-45.1453,321.797,-71.8413],"direction":[-0.324437,0.317091,-0.891176],"extended":true,"handId":464,"id":4641,"length":57.6453,"mcpPosition":[-24.1936,293.281,-16.7208],"pipPosition":[-37.4585,314.285,-50.7269],"stabilizedTipPosition":[-49.3435,324.203,-83.8072],"timeVisible":10.9183,"tipPosition":[-49.4197,325.465,-83.0711],"tipVelocity":[25.6301,-41.3953,-4.27379],"tool":false,"touchDistance":-0.102372,"touchZone":"touching","type":1,"width":18.9605},{"bases":[[[0.927086,-0.144193,-0.346005],[0.363765,0.568873,0.737603],[0.0904756,-0.809686,0.579847]],[[0.929703,-0.172691,-0.325316],[0.0888109,0.962315,-0.257028],[0.357443,0.210068,0.910003]],[[0.929703,-0.172691,-0.325316],[-0.349669,-0.136401,-0.926891],[0.115692,0.975486,-0.187197]],[[0.929703,-0.172691,-0.325316],[-0.336072,-0.759142,-0.557458],[-0.150693,0.6276,-0.763813]]],"btipPosition":[-20.0498,243.865,-43.3572],"carpPosition":[3.47518,237.168,20.0058],"dipPosition":[-22.8256,255.425,-57.4271],"direction":[-0.115692,-0.975486,0.187197],"extended":false,"handId":464,"id":4642,"length":65.6822,"mcpPosition":[-2.71238,292.542,-19.6494],"pipPosition":[-19.6008,282.617,-62.6451],"stabilizedTipPosition":[-22.4864,252.788,-52.2386],"timeVisible":10.9183,"tipPosition":[-20.9229,247.183,-47.6444],"tipVelocity":[27.3482,-33.5845,18.3344],"tool":false,"touchDistance":0.333333,"touchZone":"none","type":2,"width":18.6218},{"bases":[[[0.900218,-0.304244,-0.311517],[0.431771,0.531016,0.729106],[-0.0564058,-0.790858,0.609394]],[[0.901688,-0.274781,-0.333846],[0.181345,0.941242,-0.284918],[0.39252,0.196366,0.898537]],[[0.901688,-0.274781,-0.333846],[-0.372089,-0.0998271,-0.922813],[0.220245,0.956311,-0.192256]],[[0.901688,-0.274781,-0.333846],[-0.424956,-0.705702,-0.56692],[-0.0798167,0.653055,-0.753093]]],"btipPosition":[-3.4135,238.625,-41.7133],"carpPosition":[14.8329,236.593,16.0442],"dipPosition":[-4.87532,250.585,-55.506],"direction":[-0.220245,-0.956311,0.192256],"extended":false,"handId":464,"id":4643,"length":63.1552,"mcpPosition":[18.2964,285.154,-21.3738],"pipPosition":[1.10532,276.553,-60.7267],"stabilizedTipPosition":[-5.201,246.614,-49.4279],"timeVisible":10.9183,"tipPosition":[-3.9154,241.783,-45.6679],"tipVelocity":[27.4194,-27.3242,16.9547],"tool":false,"touchDistance":0.333333,"touchZone":"none","type":3,"width":17.7198},{"bases":[[[0.803841,-0.477262,-0.355051],[0.55984,0.40526,0.722733],[-0.201045,-0.779734,0.592955]],[[0.820563,-0.392353,-0.415615],[0.289459,0.912286,-0.289737],[0.492839,0.117444,0.862158]],[[0.820563,-0.392353,-0.415615],[-0.469806,-0.0488726,-0.881416],[0.325514,0.918515,-0.224433]],[[0.820563,-0.392353,-0.415615],[-0.568258,-0.63805,-0.519591],[-0.0613199,0.662534,-0.746518]]],"bt