{"sensorType":"Leap","data":[[0,{"currentFrameRate":54.6437,"devices":[],"gestures":[{"center":[-26.4831,301.34,-93.4619],"duration":144756,"handIds":[464],"id":12,"normal":[-0.10478,0.104169,-0.989025],"pointableIds":[4641],"progress":0.930174,"radius":31.2962,"state":"update","type":"circle"}],"hands":[{"armBasis":[[0.985079,-0.0375574,-0.167953],[0.086158,0.95242,0.292356],[0.148981,-0.302464,0.941446]],"armWidth":62.4607,"confidence":0.26952,"direction":[-0.0612343,0.812959,-0.579093],"elbow":[45.9585,141.419,278.076],"grabStrength":0,"id":464,"palmNormal":[-0.153557,-0.580948,-0.799325],"palmPosition":[-4.73229,262.342,-3.92975],"palmVelocity":[27.9019,-7.23229,33.8283],"palmWidth":89.1918,"pinchStrength":0.414194,"r":[[0.95704,-0.0424674,0.286828],[0.0392063,0.999085,0.0171062],[-0.287292,-0.00512589,0.957829]],"s":0.994564,"sphereCenter":[-35.8021,254.174,-45.999],"sphereRadius":50.2585,"stabilizedPalmPosition":[-6.97729,262.12,-7.32204],"t":[95.3479,13.5852,-109.508],"timeVisible":22.3973,"type":"right","wrist":[6.52855,221.471,28.9095]}],"id":1672228,"interactionBox":{"center":[0,200,0],"size":[235.247,235.247,147.751]},"pointables":[{"bases":[[[0.522258,0.662163,0.53739],[-0.70115,-0.0252872,0.712565],[0.485423,-0.748933,0.451069]],[[0.501644,0.6927,0.51819],[-0.65116,-0.0919949,0.753344],[0.569512,-0.715335,0.40491]],[[0.501644,0.6927,0.51819],[-0.86497,0.392355,0.312864],[0.0134063,-0.605165,0.795987]],[[0.501644,0.6927,0.51819],[-0.848637,0.510269,0.139429],[-0.167834,-0.509699,0.843824]]],"btipPosition":[-46.9165,280.632,-38.9017],"carpPosition":[-22.4518,213.711,26.8725],"dipPosition":[-50.7668,268.939,-19.5435],"direction":[-0.0134063,0.605165,-0.795987],"extended":false,"handId":464,"id":4640,"length":51.0864,"mcpPosition":[-22.4518,213.711,26.8725],"pipPosition":[-50.3187,248.713,7.0598],"stabilizedTipPosition":[-50.5731,278.081,-39.3072],"timeVisible":22.3973,"tipPosition":[-48.529,276.494,-35.5568],"tipVelocity":[52.2965,-18.517,58.5807],"tool":false,"touchDistance":0.2108,"touchZone":"hovering","type":0,"width":19.8498},{"bases":[[[0.961958,0.097087,-0.255363],[0.11834,0.694398,0.709793],[0.246235,-0.713011,0.656493]],[[0.923516,0.185676,-0.335622],[0.0831794,0.757245,0.647812],[0.374431,-0.626182,0.683884]],[[0.923516,0.185676,-0.335622],[0.0262771,0.842336,0.538312],[0.382658,-0.505959,0.773032]],[[0.923516,0.185676,-0.335622],[-0.0183982,0.895457,0.444768],[0.383118,-0.404576,0.830385]]],"btipPosition":[-61.3624,329.61,-73.5157],"carpPosition":[-12.3537,233.057,34.8508],"dipPosition":[-54.9459,322.834,-59.6085],"direction":[-0.382658,0.505959,-0.773032],"extended":true,"handId":464,"id":4641,"length":57.6453,"mcpPosition":[-30.1112,284.476,-12.4927],"pipPosition":[-45.8797,310.847,-41.2933],"stabilizedTipPosition":[-59.3837,329.704,-70.8076],"timeVisible":22.3973,"tipPosition":[-59.4152,326.894,-71.2546],"tipVelocity":[-6.76604,-67.9591,-0.51069],"tool":false,"touchDistance":0.162786,"touchZone":"hovering","type":1,"width":18.9605},{"bases":[[[0.952018,-0.119946,-0.281557],[0.284644,0.684993,0.670643],[0.112423,-0.718608,0.686268]],[[0.954155,-0.134902,-0.267188],[0.0705633,0.968895,-0.237201],[0.290876,0.207473,0.933995]],[[0.954155,-0.134902,-0.267188],[-0.283324,-0.119225,-0.951584],[0.096515,0.98366,-0.15198]],[[0.954155,-0.134902,-0.267188],[-0.267661,-0.784094,-0.559959],[-0.133961,0.605803,-0.784255]]],"btipPosition":[-22.467,236.551,-39.7727],"carpPosition":[-0.812582,235.787,32.607],"dipPosition":[-24.9346,247.71,-54.2191],"direction":[-0.096515,-0.98366,0.15198],"extended":false,"handId":464,"id":4642,"length":65.6822,"mcpPosition":[-8.50111,284.932,-14.3263],"pipPosition":[-22.2443,275.129,-58.4555],"stabilizedTipPosition":[-23.4085,243.62,-51.4325],"timeVisible":22.3973,"tipPosition":[-23.2121,240.167,-44.2551],"tipVelocity":[19.1173,-64.0048,70.6091],"tool":false,"touchDistance":0.333333,"touchZone":"none","type":2,"width":18.6218},{"bases":[[[0.934001,-0.275682,-0.227247],[0.355373,0.651416,0.670349],[-0.0367705,-0.706864,0.706393]],[[0.934715,-0.244432,-0.257993],[0.194631,0.959456,-0.20387],[0.297366,0.140347,0.944392]],[[0.934715,-0.244432,-0.257993],[-0.282749,-0.071657,-0.956514],[0.215315,0.967015,-0.136092]],[[0.934715,-0.244432,-0.257993],[-0.350462,-0.754501,-0.554892],[-0.0590231,0.609082,-0.790908]]],"btipPosition":[-4.77516,235.374,-37.2813],"carpPosition":[10.7564,235.532,29.2731],"dipPosition":[-5.85615,246.529,-51.7666],"direction":[-0.215315,-0.967015,0.136092],"extended":false,"handId":464,"id":4643,"length":63.1552,"mcpPosition":[13.0142,278.935,-14.1009],"pipPosition":[-0.00936606,272.788,-55.4621],"stabilizedTipPosition":[-5.6879,240.349,-44.8273],"timeVisible":22.3973,"tipPosition":[-5.20379,238.302,-41.5981],"tipVelocity":[20.3884,-41.2236,56.9877],"tool":false,"touchDistance":0.333333,"touchZone":"none","type":3,"width":17.7198},{"bases":[[[0.851825,-0.459459,-0.251579],[0.491664,0.535581,0.6866],[-0.180723,-0.708555,0.682121]],[[0.863181,-0.403733,-0.303179],[0.341397,0.909117,-0.23865],[0.371977,0.102494,0.922566]],[[0.863181,-0.403733,-0.303179],[-0.342992,-0.0282491,-0.938913],[0.370506,0.91444,-0.162861]],[[0.863181,-0.403733,-0.303179],[-0.50445,-0.664425,-0.551426],[0.0211893,0.628919,-0.777182]]],"btipPosition":[11.1782,237.508,-31.6177],"carpPosition":[21.2603,228.945,22.8762],"dipPosition":[11.5362,248.135,-44.7491],"direction":[-0.370506,-0.91444,0.162861],"extended":false,"handId":464,"id":4644,"length":49.5125,"mcpPosition":[31.5325,269.219,-15.895],"pipPosition":[18.6396,265.667,-47.8715],"stabilizedTipPosition":[10.3653,241.69,-37.8847],"timeVisible":22.3973,"tipPosition":[11.3306,240.271,-34.9409],"tipVelocity":[21.7285,-31.0404,47.2584],"tool":false,"touchDistance":0.333333,"touchZone":"none","type":4,"width":15.7401}],"r":[[0.95704,-0.0424674,0.286828],[0.0392063,0.999085,0.0171062],[-0.287292,-0.00512589,0.957829]],"s":0.994564,"t":[95.3479,13.5852,-109.508],"timestamp":93272840309},false],[1,{"currentFrameRate":54.7628,"devices":[],"gestures":[{"center":[-26.4831,301.34,-93.4619],"duration":144756,"handIds":[464],"id":12,"normal":[-0.10478,0.104169,-0.989025],"pointableIds":[4641],"progress":0.930174,"radius":31.2962,"state":"update","type":"circle"}],"hands":[{"armBasis":[[0.9845,-0.0367,-0.171502],[0.0870387,0.951184,0.296096],[0.152263,-0.306434,0.939635]],"armWidth":62.4607,"confidence":0.274359,"direction":[-0.0543826,0.807936,-0.586755],"elbow":[47.805,139.44,279.229],"grabStrength":0,"id":464,"palmNormal":[-0.147546,-0.587676,-0.79553],"palmPosition":[-3.37608,261.143,-2.75602],"palmVelocity":[50.5486,-35.4499,48.8699],"palmWidth":89.1918,"pinchStrength":0.409651,"r":[[0.958914,-0.0394962,0.280934],[0.0385756,0.999217,0.00880816],[-0.281062,0.00239095,0.959687]],"s":0.996206,"sphereCenter":[-34.169,252.82,-44.8802],"sphereRadius":50.2635,"stabilizedPalmPosition":[-6.78919,262.069,-7.08355],"t":[96.2821,12.9147,-108.615],"timeVisible":22.4152,"type":"right","wrist":[7.50648,220.542,30.5418]}],"id":1672229,"interactionBox":{"center":[0,200,0],"size":[235.247,235.247,147.751]},"pointables":[{"bases":[[[0.518748,0.66586,0.536219],[-0.707573,-0.0176364,0.70642],[0.479834,-0.745868,0.461996]],[[0.499716,0.694333,0.517867],[-0.659489,-0.0826291,0.747159],[0.561568,-0.714895,0.416614]],[[0.499716,0.694333,0.517867],[-0.866186,0.398818,0.301108],[0.00253461,-0.599037,0.800717]],[[0.499716,0.694333,0.517867],[-0.847114,0.516527,0.124887],[-0.180779,-0.5011,0.846296]]],"btipPosition":[-44.8857,279.318,-38.2493],"carpPosition":[-21.4701,212.821,28.3123],"dipPosition":[-49.0329,267.822,-18.8344],"direction":[-0.00253461,0.599037,-0.800717],"extended":false,"handId":464,"id":4640,"length":51.0864,"mcpPosition":[-21.4701,212.821,28.3123],"pipPosition":[-48.9482,247.801,7.927],"stabilizedTipPosition":[-49.599,277.791,-38.1706],"timeVisible":22.4152,"tipPosition":[-46.6079,275.299,-34.793],"tipVelocity":[79.454,-43.2697,48.5562],"tool":false,"touchDistance":0.221891,"touchZone":"hovering","type":0,"width":19.8498},{"bases":[[[0.964408,0.0929588,-0.247538],[0.113364,0.700401,0.704689],[0.238883,-0.70767,0.664934]],[[0.927752,0.179202,-0.327359],[0.0817867,0.75822,0.646849],[0.364126,-0.626889,0.688783]],[[0.927752,0.179202,-0.327359],[0.026212,0.843716,0.53615],[0.372277,-0.505995,0.778061]],[[0.927752,0.179202,-0.327359],[-0.0175367,0.897136,0.441407],[0.372786,-0.403775,0.835462]]],"btipPosition":[-59.0304,328.402,-73.1752],"carpPosition":[-11.4049,232.217,36.2106],"dipPosition":[-52.787,321.639,-59.1829],"direction":[-0.372277,0.505995,-0.778061],"extended":true,"handId":464,"id":4641,"length":57.6453,"mcpPosition":[-28.6321,283.251,-11.7416],"pipPosition":[-43.9667,309.651,-40.7485],"stabilizedTipPosition":[-58.2744,327.933,-70.2802],"timeVisible":22.4152,"tipPosition":[-57.2398,325.633,-70.8667],"tipVelocity":[56.901,-67.762,9.23254],"tool":false,"touchDistance":0.168788,"touchZone":"hovering","type":1,"width":18.9605},{"bases":[[[0.954265,-0.124277,-0.271908],[0.279994,0.690327,0.667123],[0.104797,-0.712744,0.693551]],[[0.956196,-0.138723,-0.257771],[0.0715043,0.964593,-0.253864],[0.283861,0.224312,0.932259]],[[0.956196,-0.138723,-0.257771],[-0.276292,-0.136777,-0.951291],[0.0967085,0.980841,-0.169113]],[[0.956196,-0.138723,-0.257771],[-0.263307,-0.792349,-0.55032],[-0.127903,0.594087,-0.794167]]],"btipPosition":[-20.757,234.766,-38.0887],"carpPosition":[0.161421,234.904,34.0469],"dipPosition":[-23.1131,245.709,-52.7178],"direction":[-0.0967085,-0.980841,0.169113],"extended":false,"handId":464,"id":4642,"length":65.6822,"mcpPosition":[-7.00559,283.648,-13.3845],"pipPosition":[-20.4174,273.05,-57.4317],"stabilizedTipPosition":[-23.3023,243.301,-50.93],"timeVisible":22.4152,"tipPosition":[-21.4705,238.34,-42.6523],"tipVelocity":[55.9117,-82.2758,80.6865],"tool":false,"touchDistance":0.333333,"touchZone":"none","type":2,"width":18.6218},{"bases":[[[0.935445,-0.279493,-0.216395],[0.350654,0.656611,0.66776],[-0.044547,-0.700533,0.712229]],[[0.936499,-0.248506,-0.247417],[0.198313,0.957205,-0.210785],[0.28921,0.148334,0.945703]],[[0.936499,-0.248506,-0.247417],[-0.274444,-0.0801948,-0.958253],[0.21829,0.965305,-0.143303]],[[0.936499,-0.248506,-0.247417],[-0.346946,-0.759175,-0.55071],[-0.0509779,0.601579,-0.797185]]],"btipPosition":[-3.16566,233.884,-35.8397],"carpPosition":[11.7594,234.597,30.8196],"dipPosition":[-4.09931,244.902,-50.4399],"direction":[-0.21829,-0.965305,0.143303],"extended":false,"handId":464,"id":4643,"length":63.1552,"mcpPosition":[14.4947,277.611,-12.9127],"pipPosition":[1.82826,271.115,-54.3313],"stabilizedTipPosition":[-5.56851,240.145,-44.536],"timeVisible":22.4152,"tipPosition":[-3.54951,236.765,-40.1747],"tipVelocity":[54.1503,-61.9451,67.4948],"tool":false,"touchDistance":0.333333,"touchZone":"none","type":3,"width":17.7198},{"bases":[[[0.853119,-0.463317,-0.239846],[0.486559,0.540659,0.686257],[-0.188279,-0.702158,0.686677]],[[0.86503,-0.408197,-0.291716],[0.345638,0.906293,-0.243245],[0.363672,0.109585,0.925059]],[[0.86503,-0.408197,-0.291716],[-0.334372,-0.0355505,-0.941771],[0.374057,0.912201,-0.167242]],[[0.86503,-0.408197,-0.291716],[-0.50084,-0.668122,-0.550247],[0.0297069,0.622083,-0.782387]]],"btipPosition":[12.7301,236.046,-30.0916],"carpPosition":[22.3069,227.934,24.5758],"dipPosition":[13.232,246.557,-43.3109],"direction":[-0.374057,-0.912201,0.167242],"extended":false,"handId":464,"id":4644,"length":49.5125,"mcpPosition":[33.0086,267.844,-14.4544],"pipPosition":[20.4036,264.046,-46.5173],"stabilizedTipPosition":[10.4878,241.531,-37.6499],"timeVisible":22.4152,"tipPosition":[12.9181,238.769,-33.4272],"tipVelocity":[53.3197,-55.7084,64.7411],"tool":false,"touchDistance":0.333333,"touchZone":"none","type":4,"width":15.7401}],"r":[[0.958914,-0.0394962,0.280934],[0.0385756,0.999217,0.00880816],[-0.281062,0.00239095,0.959687]],"s":0.996206,"t":[96.2821,12.9147,-108.615],"timestamp":93272858154},false],[2,{"currentFrameRate":54.7367,"devices":[],"gestures":[{"center":[-26.4831,301.34,-93.4619],"duration":144756,"handIds":[464],"id":12,"normal":[-0.10478,0.104169,-0.989025],"pointableIds":[4641],"progress":0.930174,"radius":31.2962,"state":"update","type":"circle"}],"hands":[{"armBasis":[[0.984737,-0.0294256,-0.171544],[0.081228,0.949384,0.303432],[0.153933,-0.312735,0.937284]],"armWidth":62.4607,"confidence":0.282355,"direction":[-0.0564919,0.805752,-0.589552],"elbow":[49.7668,136.524,280.475],"grabStrength":0,"id":464,"palmNormal":[-0.140221,-0.591046,-0.794357],"palmPosition":[-1.94392,259.724,-1.06723],"palmVelocity":[63.7407,-55.563,69.5845],"palmWidth":89.1918,"pinchStrength":0.405715,"r":[[0.960167,-0.0358146,0.277122],[0.0368196,0.999321,0.00157796],[-0.27699,0.00868842,0.960833]],"s":0.997897,"sphereCenter":[-32.4635,251.235,-43.1831],"sphereRadius":50.23,"stabilizedPalmPosition":[-6.50485,261.931,-6.73049],"t":[97.4652,11.8698,-107.324],"timeVisible":22.4335,"type":"right","wrist":[9.02636,219.294,32.4095]}],"id":1672230,"interactionBox":{"center":[0,200,0],"size":[235.247,235.247,147.751]},"pointables":[{"bases":[[[0.512167,0.670668,0.536553],[-0.710789,-0.0197171,0.703129],[0.482145,-0.741496,0.466605]],[[0.493457,0.698387,0.518417],[-0.663934,-0.0825816,0.743218],[0.561865,-0.71094,0.422932]],[[0.493457,0.698387,0.518417],[-0.869769,0.39536,0.295283],[0.00126061,-0.596612,0.802529]],[[0.493457,0.698387,0.518417],[-0.850115,0.513268,0.117734],[-0.183862,-0.498811,0.846984]]],"btipPosition":[-43.2089,277.56,-36.8793],"carpPosition":[-19.8921,211.39,30.0679],"dipPosition":[-47.4269,266.117,-17.4485],"direction":[-0.00126061,0.596612,-0.802529],"extended":false,"handId":464,"id":4640,"length":51.0864,"mcpPosition":[-19.8921,211.39,30.0679],"pipPosition":[-47.3848,246.177,9.37338],"stabilizedTipPosition":[-47.997,276.945,-36.4679],"timeVisible":22.4335,"tipPosition":[-44.9525,273.622,-33.3288],"tipVelocity":[84.7333,-68.1676,61.1753],"tool":false,"touchDistance":0.244786,"touchZone":"hovering","type":0,"width":19.8498},{"bases":[[[0.964989,0.0980308,-0.243282],[0.105789,0.703277,0.703001],[0.24001,-0.704125,0.668284]],[[0.929291,0.18167,-0.321582],[0.0769205,0.756389,0.649584],[0.361251,-0.628389,0.688931]],[[0.929291,0.18167,-0.321582],[0.0218881,0.842054,0.538949],[0.3687,-0.507879,0.778536]],[[0.929291,0.18167,-0.321582],[-0.0214608,0.895759,0.444021],[0.368725,-0.405723,0.836319]]],"btipPosition":[-57.4148,326.941,-71.7069],"carpPosition":[-9.98195,230.871,37.9522],"dipPosition":[-51.2394,320.146,-57.7003],"direction":[-0.3687,0.507879,-0.778536],"extended":true,"handId":464,"id":4641,"length":57.6453,"mcpPosition":[-27.2904,281.649,-10.2415],"pipPosition":[-42.5039,308.113,-39.2546],"stabilizedTipPosition":[-56.7129,326.183,-69.0509],"timeVisible":22.4335,"tipPosition":[-55.7554,324.126,-69.368],"tipVelocity":[71.4304,-73.6282,43.3077],"tool":false,"touchDistance":0.193314,"touchZone":"hovering","type":1,"width":18.9605},{"bases":[[[0.956275,-0.119338,-0.267014],[0.272652,0.694096,0.666252],[0.105824,-0.709922,0.696284]],[[0.958181,-0.133352,-0.253194],[0.063971,0.96221,-0.264687],[0.278922,0.237421,0.930502]],[[0.958181,-0.133352,-0.253194],[-0.272025,-0.149775,-0.950563],[0.0888375,0.979686,-0.179787]],[[0.958181,-0.133352,-0.253194],[-0.255175,-0.798619,-0.545063],[-0.12952,0.586877,-0.799249]]],"btipPosition":[-18.9281,232.836,-36.0137],"carpPosition":[1.57805,233.622,35.8346],"dipPosition":[-21.3139,243.647,-50.7364],"direction":[-0.0888375,-0.979686,0.179787],"extended":false,"handId":464,"id":4642,"length":65.6822,"mcpPosition":[-5.65916,282.173,-11.7837],"pipPosition":[-18.8376,270.955,-55.7479],"stabilizedTipPosition":[-23.0543,242.784,-50.1826],"timeVisible":22.4335,"tipPosition":[-19.6508,236.381,-40.6069],"tipVelocity":[76.7316,-94.0406,95.6568],"tool":false,"touchDistance":0.333333,"touchZone":"none","type":2,"width":18.6218},{"bases":[[[0.938132,-0.27449,-0.2111],[0.343511,0.660811,0.667329],[-0.0436782,-0.698558,0.714219]],[[0.939145,-0.243586,-0.242224],[0.193435,0.957692,-0.213092],[0.283882,0.15327,0.94653]],[[0.939145,-0.243586,-0.242224],[-0.269561,-0.0854722,-0.959183],[0.21294,0.966106,-0.145932]],[[0.939145,-0.243586,-0.242224],[-0.339696,-0.763446,-0.549324],[-0.0511176,0.598177,-0.799732]]],"btipPosition":[-1.40439,232.366,-34.0367],"carpPosition":[13.1928,233.375,32.663],"dipPosition":[-2.3406,243.321,-48.6836],"direction":[-0.21294,-0.966106,0.145932],"extended":false,"handId":464,"id":4643,"length":63.1552,"mcpPosition":[15.8747,276.268,-11.1915],"pipPosition":[3.44168,269.555,-52.6463],"stabilizedTipPosition":[-5.31902,239.813,-44.0855],"timeVisible":22.4335,"tipPosition":[-1.78496,235.22,-38.3714],"tipVelocity":[74.2092,-72.3046,81.9687],"tool":false,"touchDistance":0.333333,"touchZone":"none","type":3,"width":17.7198},{"bases":[[[0.857031,-0.458882,-0.234359],[0.480026,0.545744,0.686832],[-0.187275,-0.701135,0.687995]],[[0.868849,-0.403889,-0.286314],[0.341339,0.907592,-0.244467],[0.358594,0.114675,0.926423]],[[0.868849,-0.403889,-0.286314],[-0.329656,-0.0405063,-0.943232],[0.369363,0.913911,-0.168338]],[[0.868849,-0.403889,-0.286314],[-0.494186,-0.672844,-0.55051],[0.0297002,0.619803,-0.784196]]],"btipPosition":[14.4421,234.64,-28.248],"carpPosition":[23.8099,226.757,26.49],"dipPosition":[14.9439,245.112,-41.4978],"direction":[-0.369363,-0.913911,0.168338],"extended":false,"handId":464,"id":4644,"length":49.5125,"mcpPosition":[34.4545,266.609,-12.6151],"pipPosition":[22.0255,262.634,-44.7253],"stabilizedTipPosition":[10.7217,241.273,-37.2849],"timeVisible":22.4335,"tipPosition":[14.6296,237.352,-31.5894],"tipVelocity":[72.5035,-65.9725,81.6973],"tool":false,"touchDistance":0.333333,"touchZone":"none","type":4,"width":15.7401}],"r":[[0.960167,-0.0358146,0.277122],[0.0368196,0.999321,0.00157796],[-0.27699,0.00868842,0.960833]],"s":0.997897,"t":[97.4652,11.8698,-107.324],"timestamp":93272876514},false],[3,{"currentFrameRate":54.8536,"devices":[],"gestures":[{"center":[-26.4831,301.34,-93.4619],"duration":144756,"handIds":[464],"id":12,"normal":[-0.10478,0.104169,-0.989025],"pointableIds":[4641],"progress":0.930174,"radius":31.2962,"state":"update","type":"circle"}],"hands":[{"armBasis":[[0.986502,-0.0322785,-0.160533],[0.0823851,0.945096,0.316238],[0.141512,-0.325195,0.934999]],"armWidth":62.4607,"confidence":0.295251,"direction":[-0.068221,0.797593,-0.599325],"elbow":[48.2564,132.495,280.471],"grabStrength":0,"id":464,"palmNormal":[-0.145282,-0.602263,-0.784966],"palmPosition":[-0.798206,258.481,-0.864321],"palmVelocity":[63.9958,-62.2157,42.2052],"palmWidth":89.1918,"pinchStrength":0.405583,"r":[[0.961805,-0.0309624,0.271977],[0.0341199,0.999394,-0.00688661],[-0.271599,0.0159034,0.962279]],"s":0.999348,"sphereCenter":[-31.6743,249.39,-42.4237],"sphereRadius":50.1888,"stabilizedPalmPosition":[-6.06392,261.664,-6.27724],"t":[98.6297,10.7261,-106.577],"timeVisible":22.4513,"type":"right","wrist":[10.8034,218.563,33.0108]}],"id":1672231,"interactionBox":{"center":[0,200,0],"size":[235.247,235.247,147.751]},"pointables":[{"bases":[[[0.513812,0.680829,0.521986],[-0.702764,-0.0149553,0.711266],[0.492057,-0.73229,0.470778]],[[0.495035,0.707761,0.503999],[-0.656643,-0.0751184,0.750451],[0.569,-0.702447,0.42756]],[[0.495035,0.707761,0.503999],[-0.868786,0.394963,0.298689],[0.0123396,-0.585729,0.810413]],[[0.495035,0.707761,0.503999],[-0.851134,0.511622,0.11753],[-0.174674,-0.487152,0.85567]]],"btipPosition":[-42.3352,275.571,-36.5391],"carpPosition":[-18.0882,210.448,31.0973],"dipPosition":[-46.3424,264.395,-16.9091],"direction":[-0.0123396,0.585729,-0.810413],"extended":false,"handId":464,"id":4640,"length":51.0864,"mcpPosition":[-18.0882,210.448,31.0973],"pipPosition":[-45.93,244.819,10.1764],"stabilizedTipPosition":[-46.0964,275.364,-34.6862],"timeVisible":22.4513,"tipPosition":[-44.0619,271.771,-32.8177],"tipVelocity":[69.2128,-86.9656,42.5855],"tool":false,"touchDistance":0.251439,"touchZone":"hovering","type":0,"width":19.8498},{"bases":[[[0.961569,0.100874,-0.255362],[0.109114,0.713071,0.692549],[0.251951,-0.693797,0.67466]],[[0.925669,0.181014,-0.332221],[0.0820185,0.76122,0.643286],[0.369337,-0.622719,0.689791]],[[0.925669,0.181014,-0.332221],[0.0257434,0.845944,0.53265],[0.377457,-0.50161,0.778405]],[[0.925669,0.181014,-0.332221],[-0.0187258,0.89896,0.437631],[0.377871,-0.39888,0.835529]]],"btipPosition":[-57.2109,324.916,-71.5234],"carpPosition":[-8.21572,230.092,38.6155],"dipPosition":[-50.8823,318.235,-57.53],"direction":[-0.377457,0.50161,-0.778405],"extended":true,"handId":464,"id":4641,"length":57.6453,"mcpPosition":[-26.3853,280.126,-10.0381],"pipPosition":[-41.9394,306.351,-39.0875],"stabilizedTipPosition":[-55.9973,324.088,-68.4934],"timeVisible":22.4513,"tipPosition":[-55.635,322.087,-69.149],"tipVelocity":[44.1395,-91.754,27.6979],"tool":false,"touchDistance":0.196322,"touchZone":"hovering","type":1,"width":18.9605},{"bases":[[[0.953983,-0.116838,-0.276162],[0.275613,0.704454,0.654051],[0.118125,-0.700067,0.704239]],[[0.956097,-0.130406,-0.262438],[0.0529365,0.957656,-0.283007],[0.288231,0.256689,0.922515]],[[0.956097,-0.130406,-0.262438],[-0.282326,-0.169813,-0.944169],[0.0785599,0.97681,-0.199175]],[[0.956097,-0.130406,-0.262438],[-0.255469,-0.809656,-0.528387],[-0.14358,0.572233,-0.807424]]],"btipPosition":[-17.9397,230.867,-34.9915],"carpPosition":[3.3021,232.887,36.3325],"dipPosition":[-20.5845,241.408,-49.8648],"direction":[-0.0785599,-0.97681,0.199175],"extended":false,"handId":464,"id":4642,"length":65.6822,"mcpPosition":[-4.7764,280.764,-11.8298],"pipPosition":[-18.3947,268.636,-55.4167],"stabilizedTipPosition":[-22.6803,241.996,-49.2057],"timeVisible":22.4513,"tipPosition":[-18.7437,234.313,-39.622],"tipVelocity":[65.151,-103.403,76.7236],"tool":false,"touchDistance":0.333333,"touchZone":"none","type":2,"width":18.6218},{"bases":[[[0.937459,-0.271355,-0.218031],[0.346692,0.67163,0.654765],[-0.0312373,-0.689405,0.723702]],[[0.937927,-0.240846,-0.249573],[0.184838,0.955978,-0.227908],[0.293477,0.16763,0.941154]],[[0.937927,-0.240846,-0.249573],[-0.279811,-0.100266,-0.954805],[0.204938,0.96537,-0.161433]],[[0.937927,-0.240846,-0.249573],[-0.340857,-0.773093,-0.534924],[-0.0641088,0.586788,-0.807199]]],"btipPosition":[-0.443989,230.7,-33.4548],"carpPosition":[14.8821,232.672,33.0341],"dipPosition":[-1.61812,241.447,-48.2384],"direction":[-0.204938,-0.96537,0.161433],"extended":false,"handId":464,"id":4643,"length":63.1552,"mcpPosition":[16.8001,275.003,-11.4027],"pipPosition":[3.94686,267.661,-52.6221],"stabilizedTipPosition":[-4.94149,239.269,-43.4928],"timeVisible":22.4513,"tipPosition":[-0.890693,233.486,-37.8112],"tipVelocity":[63.2038,-83.5173,57.9366],"tool":false,"touchDistance":0.333333,"touchZone":"none","type":3,"width":17.7198},{"bases":[[[0.857286,-0.45654,-0.237974],[0.484149,0.557685,0.67423],[-0.175098,-0.693223,0.699129]],[[0.868165,-0.402196,-0.290736],[0.332822,0.906417,-0.260073],[0.368128,0.129023,0.920779]],[[0.868165,-0.402196,-0.290736],[-0.33984,-0.0548775,-0.938881],[0.36166,0.913907,-0.184325]],[[0.868165,-0.402196,-0.290736],[-0.495982,-0.683034,-0.536159],[0.0170587,0.609674,-0.792469]]],"btipPosition":[15.4428,233.147,-27.9],"carpPosition":[25.4719,226.04,26.829],"dipPosition":[15.731,243.449,-41.2896],"direction":[-0.36166,-0.913907,0.184325],"extended":false,"handId":464,"id":4644,"length":49.5125,"mcpPosition":[35.4243,265.442,-12.909],"pipPosition":[22.6649,260.97,-44.8236],"stabilizedTipPosition":[11.0838,240.838,-36.8079],"timeVisible":22.4513,"tipPosition":[15.5759,235.814,-31.2759],"tipVelocity":[63.5119,-75.3734,51.6007],"tool":false,"touchDistance":0.333333,"touchZone":"none","type":4,"width":15.7401}],"r":[[0.961805,-0.0309624,0.271977],[0.0341199,0.999394,-0.00688661],[-0.271599,0.0159034,0.962279]],"s":0.999348,"t":[98.6297,10.7261,-106.577],"timestamp":93272894337},false],[4,{"currentFrameRate":54.9069,"devices":[],"gestures":[{"center":[-26.4831,301.34,-93.4619],"duration":144756,"handIds":[464],"id":12,"normal":[-0.10478,0.104169,-0.989025],"pointableIds":[4641],"progress":0.930174,"radius":31.2962,"state":"update","type":"circle"}],"hands":[{"armBasis":[[0.987201,-0.0348778,-0.155621],[0.0837671,0.94375,0.319873],[0.135711,-0.328815,0.934593]],"armWidth":62.4607,"confidence":0.305018,"direction":[-0.0720754,0.79389,-0.603775],"elbow":[47.603,131.143,280.682],"grabStrength":0,"id":464,"palmNormal":[-0.147779,-0.607168,-0.780711],"palmPosition":[-0.126135,257.866,-0.732332],"palmVelocity":[51.3258,-48.8963,25.6608],"palmWidth":89.1918,"pinchStrength":0.403051,"r":[[0.963328,-0.0264932,0.267015],[0.0316066,0.99939,-0.0148701],[-0.266458,0.0227642,0.963578]],"s":1.00076,"sphereCenter":[-31.08,248.6,-42.0381],"sphereRadius":50.1537,"stabilizedPalmPosition":[-5.46814,261.283,-5.72087],"t":[99.5479,9.84665,-106.138],"timeVisible":22.4694,"type":"right","wrist":[11.6852,218.168,33.3295]}],"id":1672232,"interactionBox":{"center":[0,200,0],"size":[235.247,235.247,147.751]},"pointables":[{"bases":[[[0.515034,0.68472,0.515654],[-0.699624,-0.0117713,0.714414],[0.495243,-0.728711,0.472984]],[[0.4967,0.710744,0.498128],[-0.654098,-0.0706988,0.753098],[0.570478,-0.699889,0.429781]],[[0.4967,0.710744,0.498128],[-0.867772,0.395995,0.300267],[0.0161571,-0.581404,0.813455]],[[0.4967,0.710744,0.498128],[-0.850836,0.512062,0.11777],[-0.171368,-0.482322,0.859068]]],"btipPosition":[-41.7246,274.741,-36.3335],"carpPosition":[-17.2018,209.998,31.5911],"dipPosition":[-45.6559,263.676,-16.6256],"direction":[-0.0161571,0.581404,-0.813455],"extended":false,"handId":464,"id":4640,"length":51.0864,"mcpPosition":[-17.2018,209.998,31.5911],"pipPosition":[-45.1159,244.245,10.5615],"stabilizedTipPosition":[-44.3,273.723,-33.1913],"timeVisible":22.4694,"tipPosition":[-43.4371,271,-32.5393],"tipVelocity":[52.9111,-66.8883,28.2676],"tool":false,"touchDistance":0.255163,"touchZone":"hovering","type":0,"width":19.8498},{"bases":[[[0.960286,0.100808,-0.26017],[0.111036,0.717365,0.687792],[0.255972,-0.689366,0.677682]],[[0.925267,0.177957,-0.334982],[0.086129,0.761486,0.642434],[0.36941,-0.623274,0.68925]],[[0.925267,0.177957,-0.334982],[0.0297867,0.846303,0.531868],[0.378146,-0.502097,0.777755]],[[0.925267,0.177957,-0.334982],[-0.0148875,0.899475,0.436719],[0.379025,-0.399094,0.834903]]],"btipPosition":[-56.6509,324.245,-71.3597],"carpPosition":[-7.32702,229.702,38.9485],"dipPosition":[-50.303,317.561,-57.3768],"direction":[-0.378146,0.502097,-0.777755],"extended":true,"handId":464,"id":4641,"length":57.6453,"mcpPosition":[-25.7866,279.416,-9.92303],"pipPosition":[-41.3437,305.665,-38.9496],"stabilizedTipPosition":[-55.3431,322.968,-68.2096],"timeVisible":22.4694,"tipPosition":[-55.1853,321.396,-68.9468],"tipVelocity":[38.0551,-65.9121,18.8043],"tool":false,"touchDistance":0.19901,"touchZone":"hovering","type":1,"width":18.9605},{"bases":[[[0.952947,-0.117034,-0.279635],[0.277378,0.708771,0.648617],[0.122287,-0.695662,0.707884]],[[0.955105,-0.130277,-0.266087],[0.0486898,0.954942,-0.292772],[0.292239,0.266672,0.918413]],[[0.955105,-0.130277,-0.266087],[-0.286714,-0.180203,-0.940915],[0.0746297,0.974964,-0.209465]],[[0.955105,-0.130277,-0.266087],[-0.256032,-0.814856,-0.520056],[-0.149072,0.564835,-0.811628]]],"btipPosition":[-17.3287,229.896,-34.4169],"carpPosition":[4.17636,232.501,36.5984],"dipPosition":[-20.0747,240.301,-49.3675],"direction":[-0.0746297,-0.974964,0.209465],"extended":false,"handId":464,"id":4642,"length":65.6822,"mcpPosition":[-4.18673,280.077,-11.8132],"pipPosition":[-17.9944,267.477,-55.2062],"stabilizedTipPosition":[-22.1981,241.004,-48.0462],"timeVisible":22.4694,"tipPosition":[-18.162,233.28,-39.0526],"tipVelocity":[49.7142,-80.7401,54.986],"tool":false,"touchDistance":0.333333,"touchZone":"none","type":2,"width":18.6218},{"bases":[[[0.936916,-0.271226,-0.220511],[0.34851,0.676061,0.649216],[-0.0270057,-0.685111,0.727938]],[[0.937198,-0.240898,-0.252244],[0.182289,0.954845,-0.234611],[0.297371,0.173895,0.938792]],[[0.937198,-0.240898,-0.252244],[-0.283944,-0.106925,-0.95286],[0.202571,0.964642,-0.168612]],[[0.937198,-0.240898,-0.252244],[-0.341948,-0.777179,-0.528266],[-0.0687806,0.581344,-0.810745]]],"btipPosition":[0.135495,229.893,-33.135],"carpPosition":[15.7422,232.284,33.2506],"dipPosition":[-1.1242,240.541,-47.9836],"direction":[-0.202571,-0.964642,0.168612],"extended":false,"handId":464,"id":4643,"length":63.1552,"mcpPosition":[17.4004,274.351,-11.4462],"pipPosition":[4.37652,266.735,-52.5621],"stabilizedTipPosition":[-4.44402,238.549,-42.7713],"timeVisible":22.4694,"tipPosition":[-0.333984,232.643,-37.4953],"tipVelocity":[47.9558,-65.7361,38.48],"tool":false,"touchDistance":0.333333,"touchZone":"none","type":3,"width":17.7198},{"bases":[[[0.856944,-0.456649,-0.238996],[0.486228,0.562444,0.66876],[-0.170967,-0.689296,0.704018]],[[0.867503,-0.402639,-0.292096],[0.330306,0.905332,-0.266969],[0.371936,0.135115,0.918372]],[[0.867503,-0.402639,-0.292096],[-0.343825,-0.0609984,-0.937051],[0.359476,0.913324,-0.191354]],[[0.867503,-0.402639,-0.292096],[-0.497269,-0.686947,-0.529931],[0.0127165,0.604967,-0.796149]]],"btipPosition":[16.0343,232.395,-27.6875],"carpPosition":[26.315,225.631,27.0389],"dipPosition":[16.2492,242.616,-41.1394],"direction":[-0.359476,-0.913324,0.191354],"extended":false,"handId":464,"id":4644,"length":49.5125,"mcpPosition":[36.0326,264.81,-12.9769],"pipPosition":[23.1411,260.127,-44.8081],"stabilizedTipPosition":[11.5746,240.24,-36.2164],"timeVisible":22.4694,"tipPosition":[16.1489,235.04,-31.078],"tipVelocity":[48.5076,-59.911,32.3404],"tool":false,"touchDistance":0.333333,"touchZone":"none","type":4,"width":15.7401}],"r":[[0.963328,-0.0264932,0.267015],[0.0316066,0.99939,-0.0148701],[-0.266458,0.0227642,0.963578]],"s":1.00076,"t":[99.5479,9.84665,-106.138],"timestamp":93272912364},false],[5,{"currentFrameRate":54.9184,"devices":[],"gestures":[{"center":[-26.4831,301.34,-93.4619],"duration":144756,"handIds":[464],"id":12,"normal":[-0.10478,0.104169,-0.989025],"pointableIds":[4641],"progress":0.930174,"radius":31.2962,"state":"stop","type":"circle"}],"hands":[{"armBasis":[[0.987849,-0.0318028,-0.15213],[0.0800624,0.9431,0.322727],[0.13321,-0.330985,0.934186]],"armWidth":62.4607,"confidence":0.31286,"direction":[-0.0757125,0.788879,-0.609866],"elbow":[47.6971,130.412,280.856],"grabStrength":0,"id":464,"palmNormal":[-0.143922,-0.613863,-0.776182],"palmPosition":[0.451492,257.387,-0.762546],"palmVelocity":[42.0094,-38.1599,12.6292],"palmWidth":89.1918,"pinchStrength":0.400698,"r":[[0.964499,-0.0215276,0.263209],[0.0285173,0.999334,-0.0227638],[-0.262544,0.0294616,0.96447]],"s":1.00195,"sphereCenter":[-30.3164,247.7,-42.0038],"sphereRadius":50.1198,"stabilizedPalmPosition":[-4.72982,260.797,-5.10245],"t":[100.296,9.16722,-105.933],"timeVisible":22.4875,"type":"right","wrist":[12.4413,218.012,33.6106]}],"id":1672233,"interactionBox":{"center":[0,200,0],"size":[235.247,235.247,147.751]},"pointables":[{"bases":[[[0.510994,0.69132,0.510844],[-0.700169,-0.00999932,0.713907],[0.498646,-0.72248,0.478931]],[[0.493072,0.716394,0.493618],[-0.655101,-0.0676169,0.75251],[0.572471,-0.694411,0.435971]],[[0.493072,0.716394,0.493618],[-0.869796,0.393994,0.297025],[0.0183048,-0.575802,0.817384]],[[0.493072,0.716394,0.493618],[-0.853101,0.50939,0.112874],[-0.170582,-0.476761,0.862323]]],"btipPosition":[-41.1111,273.838,-36.5228],"carpPosition":[-16.4011,209.678,31.9107],"dipPosition":[-45.0245,262.9,-16.7402],"direction":[-0.0183048,0.575802,-0.817384],"extended":false,"handId":464,"id":4640,"length":51.0864,"mcpPosition":[-16.4011,209.678,31.9107],"pipPosition":[-44.4127,243.656,10.5782],"stabilizedTipPosition":[-42.8149,272.165,-32.4007],"timeVisible":22.4875,"tipPosition":[-42.8088,270.146,-32.6693],"tipVelocity":[43.887,-57.9343,10.2676],"tool":false,"touchDistance":0.252294,"touchZone":"hovering","type":0,"width":19.8498},{"bases":[[[0.959969,0.10386,-0.26014],[0.106683,0.723156,0.682396],[0.258995,-0.682832,0.683127]],[[0.925531,0.178567,-0.333925],[0.0830632,0.764621,0.639105],[0.369449,-0.619249,0.692848]],[[0.925531,0.178567,-0.333925],[0.026254,0.849452,0.527012],[0.37776,-0.496533,0.781506]],[[0.925531,0.178567,-0.333925],[-0.018791,0.902405,0.430479],[0.378205,-0.392147,0.838559]]],"btipPosition":[-56.1567,323.142,-71.8766],"carpPosition":[-6.63599,229.489,39.1258],"dipPosition":[-49.8225,316.574,-57.8325],"direction":[-0.37776,0.496533,-0.781506],"extended":true,"handId":464,"id":4641,"length":57.6453,"mcpPosition":[-25.3136,278.732,-10.1383],"pipPosition":[-40.8723,304.81,-39.3165],"stabilizedTipPosition":[-54.7796,321.797,-68.5923],"timeVisible":22.4875,"tipPosition":[-54.758,320.347,-69.3955],"tipVelocity":[32.796,-62.7183,-3.36383],"tool":false,"touchDistance":0.190629,"touchZone":"hovering","type":1,"width":18.9605},{"bases":[[[0.953788,-0.11416,-0.27795],[0.273101,0.715136,0.643425],[0.125319,-0.689599,0.713266]],[[0.955975,-0.127105,-0.264492],[0.0427714,0.952053,-0.302928],[0.290314,0.278279,0.915576]],[[0.955975,-0.127105,-0.264492],[-0.285337,-0.192177,-0.938963],[0.0685171,0.973094,-0.219984]],[[0.955975,-0.127105,-0.264492],[-0.250925,-0.821385,-0.512215],[-0.152145,0.556032,-0.817117]]],"btipPosition":[-16.5398,228.976,-34.091],"carpPosition":[4.8546,232.33,36.7639],"dipPosition":[-19.3424,239.218,-49.1428],"direction":[-0.0685171,-0.973094,0.219984],"extended":false,"handId":464,"id":4642,"length":65.6822,"mcpPosition":[-3.71585,279.491,-12.0157],"pipPosition":[-17.4325,266.343,-55.2747],"stabilizedTipPosition":[-21.5665,239.786,-46.7243],"timeVisible":22.4875,"tipPosition":[-17.3885,232.29,-38.7367],"tipVelocity":[46.3693,-67.3652,36.7054],"tool":false,"touchDistance":0.333333,"touchZone":"none","type":2,"width":18.6218},{"bases":[[[0.938514,-0.267979,-0.217666],[0.344403,0.682805,0.644332],[-0.0240443,-0.679679,0.733115]],[[0.938665,-0.237886,-0.249637],[0.177422,0.953941,-0.241906],[0.295685,0.182778,0.937637]],[[0.938665,-0.237886,-0.249637],[-0.282663,-0.116156,-0.95216],[0.197509,0.964323,-0.176273]],[[0.938665,-0.237886,-0.249637],[-0.33737,-0.783314,-0.522111],[-0.0713415,0.574308,-0.815525]]],"btipPosition":[0.893989,229.172,-32.9299],"carpPosition":[16.4243,232.147,33.4274],"dipPosition":[-0.412612,239.69,-47.866],"direction":[-0.197509,-0.964323,0.176273],"extended":false,"handId":464,"id":4643,"length":63.1552,"mcpPosition":[17.9006,273.881,-11.5873],"pipPosition":[4.95064,265.876,-52.6526],"stabilizedTipPosition":[-3.79718,237.655,-41.9487],"timeVisible":22.4875,"tipPosition":[0.414539,231.878,-37.3011],"tipVelocity":[44.7113,-54.0945,24.9823],"tool":false,"touchDistance":0.333333,"touchZone":"none","type":3,"width":17.7198},{"bases":[[[0.859531,-0.453955,-0.234803],[0.482697,0.570064,0.664854],[-0.167961,-0.684801,0.70911]],[[0.86984,-0.400382,-0.288222],[0.325839,0.904935,-0.273719],[0.370415,0.144178,0.917609]],[[0.86984,-0.400382,-0.288222],[-0.342609,-0.0699022,-0.936874],[0.35496,0.913678,-0.197979]],[[0.86984,-0.400382,-0.288222],[-0.493223,-0.693433,-0.525245],[0.0104359,0.599037,-0.800654]]],"btipPosition":[16.7635,231.791,-27.511],"carpPosition":[27.0371,225.503,27.2753],"dipPosition":[16.9398,241.912,-41.0389],"direction":[-0.35496,-0.913678,0.197979],"extended":false,"handId":464,"id":4644,"length":49.5125,"mcpPosition":[36.5839,264.427,-13.0299],"pipPosition":[23.7452,259.429,-44.8346],"stabilizedTipPosition":[12.2082,239.498,-35.5386],"timeVisible":22.4875,"tipPosition":[16.8688,234.41,-30.9172],"tipVelocity":[44.2802,-47.7967,21.0918],"tool":false,"touchDistance":0.333333,"touchZone":"none","type":4,"width":15.7401}],"r":[[0.964499,-0.0215276,0.263209],[0.0285173,0.999334,-0.0227638],[-0.262544,0.0294616,0.96447]],"s":1.00195,"t":[100.296,9.16722,-105.933],"timestamp":93272930533},false],[6,{"currentFrameRate":54.9588,"devices":[],"gestures":[],"hands":[{"armBasis":[[0.988253,-0.0292527,-0.150003],[0.0770529,0.943003,0.323742],[0.131983,-0.331497,0.934179]],"armWidth":62.4607,"confidence":0.315952,"direction":[-0.0778287,0.787005,-0.612017],"elbow":[47.7904,130.229,281.04],"grabStrength":0,"id":464,"palmNormal":[-0.141086,-0.616396,-0.774694],"palmPosition":[0.767623,257.208,-0.691508],"palmVelocity":[30.3768,-24.7514,8.501],"palmWidth":89.1918,"pinchStrength":0.400091,"r":[[0.965376,-0.0167777,0.260323],[0.0253455,0.999241,-0.02959],[-0.259629,0.0351635,0.965068]],"s":1.00274,"sphereCenter":[-29.8139,247.307,-41.9641],"sphereRadius":50.0914,"stabilizedPalmPosition":[-3.96209,260.296,-4.48645],"t":[100.828,8.73795,-105.795],"timeVisible":22.5056,"type":"right","wrist":[12.8592,217.965,33.7967]}],"id":1672234,"interactionBox":{"center":[0,200,0],"size":[235.247,235.247,147.751]},"pointables":[{"bases":[[[0.508143,0.694407,0.509499],[-0.700809,-0.0105121,0.713272],[0.500657,-0.719505,0.481305]],[[0.491065,0.71815,0.493068],[-0.656368,-0.0671123,0.75145],[0.572744,-0.692645,0.438414]],[[0.491065,0.71815,0.493068],[-0.870921,0.392553,0.295632],[0.0187524,-0.574598,0.818221]],[[0.491065,0.71815,0.493068],[-0.853905,0.508808,0.109361],[-0.17234,-0.474737,0.86309]]],"btipPosition":[-40.6509,273.514,-36.507],"carpPosition":[-15.9528,209.527,32.0917],"dipPosition":[-44.6046,262.623,-16.7068],"direction":[-0.0187524,0.574598,-0.818221],"extended":false,"handId":464,"id":4640,"length":51.0864,"mcpPosition":[-15.9528,209.527,32.0917],"pipPosition":[-43.9778,243.419,10.6396],"stabilizedTipPosition":[-41.9336,271.353,-32.0862],"timeVisible":22.5056,"tipPosition":[-42.3643,269.862,-32.6156],"tipVelocity":[34.9084,-38.6473,5.9154],"tool":false,"touchDistance":0.252626,"touchZone":"hovering","type":0,"width":19.8498},{"bases":[[[0.959855,0.106456,-0.25951],[0.103562,0.725312,0.680586],[0.260678,-0.680139,0.68517]],[[0.925992,0.179464,-0.332163],[0.0805866,0.76557,0.638286],[0.368843,-0.617815,0.694449]],[[0.925992,0.179464,-0.332163],[0.02328,0.850983,0.524676],[0.376826,-0.493579,0.783826]],[[0.925992,0.179464,-0.332163],[-0.0221414,0.904099,0.42675],[0.376894,-0.387812,0.841161]]],"btipPosition":[-55.8348,322.647,-72.0521],"carpPosition":[-6.26237,229.391,39.2636],"dipPosition":[-49.5226,316.152,-57.9643],"direction":[-0.376826,0.493579,-0.783826],"extended":true,"handId":464,"id":4641,"length":57.6453,"mcpPosition":[-25.0614,278.439,-10.1478],"pipPosition":[-40.5946,304.458,-39.3934],"stabilizedTipPosition":[-54.4336,321.235,-68.7839],"timeVisible":22.5056,"tipPosition":[-54.4909,319.919,-69.5047],"tipVelocity":[25.5565,-45.5198,-6.1167],"tool":false,"touchDistance":0.187872,"touchZone":"hovering","type":1,"width":18.9605},{"bases":[[[0.954436,-0.11163,-0.276751],[0.270044,0.71776,0.641792],[0.126997,-0.687284,0.715201]],[[0.956643,-0.124458,-0.263333],[0.0395299,0.951221,-0.305967],[0.288568,0.282292,0.914899]],[[0.956643,-0.124458,-0.263333],[-0.283871,-0.196007,-0.938615],[0.0652034,0.972672,-0.222838]],[[0.956643,-0.124458,-0.263333],[-0.24761,-0.823598,-0.51027],[-0.153373,0.55335,-0.818707]]],"btipPosition":[-16.091,228.624,-33.9413],"carpPosition":[5.22068,232.265,36.9051],"dipPosition":[-18.9162,238.817,-49.0224],"direction":[-0.0652034,-0.972672,0.222838],"extended":false,"handId":464,"id":4642,"length":65.6822,"mcpPosition":[-3.46454,279.268,-12.0069],"pipPosition":[-17.0987,265.93,-55.2339],"stabilizedTipPosition":[-20.874,238.52,-45.3877],"timeVisible":22.5056,"tipPosition":[-16.9424,231.906,-38.5699],"tipVelocity":[36.0187,-44.9273,23.036],"tool":false,"touchDistance":0.333333,"touchZone":"none","type":2,"width":18.6218},{"bases":[[[0.939631,-0.265341,-0.216075],[0.341455,0.685675,0.642851],[-0.0224178,-0.677823,0.734884]],[[0.939709,-0.235324,-0.248132],[0.174331,0.95387,-0.244419],[0.294204,0.186425,0.937385]],[[0.939709,-0.235324,-0.248132],[-0.281457,-0.120083,-0.95203],[0.19424,0.96447,-0.179077]],[[0.939709,-0.235324,-0.248132],[-0.334153,-0.786161,-0.519897],[-0.0727272,0.571466,-0.817396]]],"btipPosition":[1.34295,228.912,-32.7645],"carpPosition":[16.7941,232.113,33.58],"dipPosition":[0.010974,239.379,-47.7349],"direction":[-0.19424,-0.96447,0.179077],"extended":false