{"sensorType":"Leap","data":[[0,{"currentFrameRate":49.232,"devices":[],"gestures":[{"center":[-23.3551,307.45,-96.7839],"duration":135963,"handIds":[464],"id":4,"normal":[-0.018113,0.0220215,-0.999593],"pointableIds":[4641],"progress":0.864545,"radius":27.8011,"state":"update","type":"circle"}],"hands":[{"armBasis":[[0.978592,-0.0815844,-0.188949],[0.131289,0.954477,0.267837],[0.158496,-0.28691,0.944755]],"armWidth":62.4607,"confidence":0.42698,"direction":[-0.0349116,0.872479,-0.487402],"elbow":[55.6616,149.855,265.439],"grabStrength":0,"id":464,"palmNormal":[-0.217242,-0.482663,-0.848435],"palmPosition":[3.6564,270.498,-12.4533],"palmVelocity":[42.0172,-35.9327,32.4375],"palmWidth":89.1918,"pinchStrength":0.574656,"r":[[0.965027,-0.0999609,0.242345],[0.0739927,0.990721,0.114004],[-0.251492,-0.0920855,0.963469]],"s":0.942344,"sphereCenter":[-13.2495,263.585,-57.4793],"sphereRadius":44.8038,"stabilizedPalmPosition":[1.96594,272.998,-20.7407],"t":[103.47,22.2637,-118.007],"timeVisible":8.86676,"type":"right","wrist":[13.7133,225.789,15.3969]}],"id":1671307,"interactionBox":{"center":[0,200,0],"size":[235.247,235.247,147.751]},"pointables":[{"bases":[[[0.580031,0.571267,0.580705],[-0.674292,-0.0632675,0.735749],[0.457049,-0.818322,0.348504]],[[0.480553,0.718911,0.502232],[-0.721914,-0.000859701,0.691982],[0.497905,-0.695102,0.518578]],[[0.480553,0.718911,0.502232],[-0.872433,0.450061,0.190541],[-0.0890529,-0.529729,0.843479]],[[0.480553,0.718911,0.502232],[-0.872267,0.451035,0.188989],[-0.0906577,-0.5289,0.843828]]],"btipPosition":[-35.0362,283.734,-59.1062],"carpPosition":[-15.7293,219.884,13.8173],"dipPosition":[-37.116,271.601,-39.7479],"direction":[0.0890529,0.529729,-0.843479],"extended":false,"handId":464,"id":4640,"length":51.0864,"mcpPosition":[-15.7293,219.884,13.8173],"pipPosition":[-40.0923,253.896,-11.5573],"stabilizedTipPosition":[-37.0905,283.356,-57.1425],"timeVisible":8.86676,"tipPosition":[-36.1246,281.131,-54.3346],"tipVelocity":[39.1813,-46.8488,27.5202],"tool":false,"touchDistance":-0.0486026,"touchZone":"touching","type":0,"width":19.8498},{"bases":[[[0.955783,0.0713096,-0.285296],[0.185437,0.606809,0.772914],[0.228236,-0.791643,0.566754]],[[0.934547,0.134189,-0.329567],[0.0668074,0.843534,0.532904],[0.349511,-0.520042,0.779358]],[[0.934547,0.134189,-0.329567],[0.00904765,0.916909,0.398993],[0.355724,-0.375859,0.855681]],[[0.934547,0.134189,-0.329567],[-0.0320442,0.954143,0.29763],[0.354393,-0.267588,0.895992]]],"btipPosition":[-49.7613,330.061,-85.6375],"carpPosition":[-4.2194,237.684,23.3351],"dipPosition":[-43.826,325.579,-70.6315],"direction":[-0.355724,0.375859,-0.855681],"extended":true,"handId":464,"id":4641,"length":57.6453,"mcpPosition":[-20.6788,294.774,-17.5368],"pipPosition":[-35.3979,316.674,-50.3581],"stabilizedTipPosition":[-49.1452,330.225,-82.7927],"timeVisible":8.86676,"tipPosition":[-48.7214,329.275,-81.8671],"tipVelocity":[38.1796,-55.1663,24.3085],"tool":false,"touchDistance":-0.0352937,"touchZone":"touching","type":1,"width":18.9605},{"bases":[[[0.932121,-0.140798,-0.333657],[0.34932,0.592601,0.72581],[0.0955331,-0.793095,0.601559]],[[0.931828,-0.138406,-0.335469],[0.0436575,0.960455,-0.274993],[0.360263,0.241601,0.901021]],[[0.931828,-0.138406,-0.335469],[-0.35252,-0.125722,-0.927321],[0.0861714,0.982363,-0.165942]],[[0.931828,-0.138406,-0.335469],[-0.322266,-0.740629,-0.589588],[-0.166855,0.657505,-0.734742]]],"btipPosition":[-15.5131,243.335,-44.6604],"carpPosition":[7.37038,240.005,20.8911],"dipPosition":[-18.5867,255.446,-58.1948],"direction":[-0.0861714,-0.982363,0.165942],"extended":false,"handId":464,"id":4642,"length":65.6822,"mcpPosition":[0.836951,294.244,-20.2491],"pipPosition":[-16.1847,282.829,-62.8204],"stabilizedTipPosition":[-18.6389,250.474,-57.1085],"timeVisible":8.86676,"tipPosition":[-16.2948,246.249,-48.0529],"tipVelocity":[37.8832,-44.6926,49.6444],"tool":false,"touchDistance":0.333333,"touchZone":"none","type":2,"width":18.6218},{"bases":[[[0.907016,-0.300243,-0.295255],[0.417891,0.555443,0.718923],[-0.0518544,-0.775459,0.629265]],[[0.908102,-0.278724,-0.312512],[0.158785,0.919763,-0.358921],[0.387477,0.276315,0.879495]],[[0.908102,-0.278724,-0.312512],[-0.363257,-0.153084,-0.919026],[0.208314,0.948092,-0.240264]],[[0.908102,-0.278724,-0.312512],[-0.413114,-0.71833,-0.559767],[-0.0684665,0.637428,-0.767462]]],"btipPosition":[0.582732,237.572,-39.5273],"carpPosition":[18.7716,239.479,17.0496],"dipPosition":[-0.671215,249.247,-53.5832],"direction":[-0.208314,-0.948092,0.240264],"extended":false,"handId":464,"id":4643,"length":63.1552,"mcpPosition":[21.9556,287.093,-21.5885],"pipPosition":[4.98545,274.992,-60.1074],"stabilizedTipPosition":[-2.09162,244.168,-53.1914],"timeVisible":8.86676,"tipPosition":[0.213028,240.46,-43.2127],"tipVelocity":[39.1979,-47.1875,54.4001],"tool":false,"touchDistance":0.333333,"touchZone":"none","type":3,"width":17.7198},{"bases":[[[0.813319,-0.475597,-0.335141],[0.547644,0.431276,0.716999],[-0.196464,-0.766687,0.611223]],[[0.826896,-0.409839,-0.385064],[0.270601,0.890233,-0.366415],[0.492968,0.198788,0.847033]],[[0.826896,-0.409839,-0.385064],[-0.463754,-0.10967,-0.87915],[0.31808,0.905541,-0.28075]],[[0.826896,-0.409839,-0.385064],[-0.560586,-0.655002,-0.506671],[-0.0445647,0.634826,-0.771369]]],"btipPosition":[17.3584,241.654,-36.1371],"carpPosition":[28.6233,233.053,9.54707],"dipPosition":[16.6054,252.38,-49.1702],"direction":[-0.31808,-0.905541,0.28075],"extended":false,"handId":464,"id":4644,"length":49.5125,"mcpPosition":[39.7902,276.631,-25.1943],"pipPosition":[22.7037,269.741,-54.5529],"stabilizedTipPosition":[15.1914,246.864,-48.5193],"timeVisible":8.86676,"tipPosition":[17.1604,244.165,-39.3814],"tipVelocity":[36.8859,-41.9463,37.5323],"tool":false,"touchDistance":0.333333,"touchZone":"none","type":4,"width":15.7401}],"r":[[0.965027,-0.0999609,0.242345],[0.0739927,0.990721,0.114004],[-0.251492,-0.0920855,0.963469]],"s":0.942344,"t":[103.47,22.2637,-118.007],"timestamp":93259309760},false],[1,{"currentFrameRate":49.7659,"devices":[],"gestures":[{"center":[-23.3551,307.45,-96.7839],"duration":135963,"handIds":[464],"id":4,"normal":[-0.018113,0.0220215,-0.999593],"pointableIds":[4641],"progress":0.864545,"radius":27.8011,"state":"update","type":"circle"}],"hands":[{"armBasis":[[0.979116,-0.0835008,-0.185363],[0.131713,0.955072,0.265497],[0.154866,-0.284367,0.946125]],"armWidth":62.4607,"confidence":0.43204,"direction":[-0.0393924,0.870775,-0.490101],"elbow":[55.6448,150.156,266.093],"grabStrength":0,"id":464,"palmNormal":[-0.221739,-0.48587,-0.845436],"palmPosition":[4.35304,270.016,-12.2487],"palmVelocity":[40.3992,-31.5652,22.4241],"palmWidth":89.1918,"pinchStrength":0.57899,"r":[[0.965874,-0.099689,0.239062],[0.0745029,0.99089,0.11219],[-0.248068,-0.0905509,0.964501]],"s":0.94185,"sphereCenter":[-12.3852,262.814,-57.2367],"sphereRadius":44.7335,"stabilizedPalmPosition":[2.04051,272.905,-20.4754],"t":[104.208,21.6903,-117.611],"timeVisible":8.88481,"type":"right","wrist":[14.6573,225.418,15.688]}],"id":1671308,"interactionBox":{"center":[0,200,0],"size":[235.247,235.247,147.751]},"pointables":[{"bases":[[[0.582703,0.574163,0.575147],[-0.66958,-0.0618867,0.740157],[0.460565,-0.816399,0.348387]],[[0.480567,0.723724,0.495256],[-0.7207,0.00416738,0.693235],[0.499647,-0.690077,0.523591]],[[0.480567,0.723724,0.495256],[-0.87273,0.450073,0.189148],[-0.0860101,-0.523123,0.847906]],[[0.480567,0.723724,0.495256],[-0.872987,0.448485,0.191718],[-0.0833638,-0.524485,0.847329]]],"btipPosition":[-34.446,282.741,-59.0847],"carpPosition":[-14.7848,219.459,14.3123],"dipPosition":[-36.3584,270.709,-39.6461],"direction":[0.0860101,0.523123,-0.847906],"extended":false,"handId":464,"id":4640,"length":51.0864,"mcpPosition":[-14.7848,219.459,14.3123],"pipPosition":[-39.233,253.225,-11.3076],"stabilizedTipPosition":[-36.331,282.191,-56.2713],"timeVisible":8.88481,"tipPosition":[-35.5014,280.25,-54.1779],"tipVelocity":[37.1237,-50.1196,15.5103],"tool":false,"touchDistance":-0.0479366,"touchZone":"touching","type":0,"width":19.8498},{"bases":[[[0.953864,0.0719039,-0.291501],[0.189259,0.609709,0.769698],[0.233075,-0.789357,0.567972]],[[0.933097,0.132442,-0.334349],[0.0679339,0.848063,0.525523],[0.35315,-0.513077,0.782328]],[[0.933097,0.132442,-0.334349],[0.00904033,0.920783,0.38997],[0.359511,-0.366902,0.857983]],[[0.933097,0.132442,-0.334349],[-0.032786,0.957173,0.287656],[0.358127,-0.257449,0.897477]]],"btipPosition":[-49.4414,328.846,-85.5667],"carpPosition":[-3.24505,237.309,23.6982],"dipPosition":[-43.4436,324.535,-70.5358],"direction":[-0.359511,0.366902,-0.857983],"extended":true,"handId":464,"id":4641,"length":57.6453,"mcpPosition":[-20.0534,294.234,-17.2615],"pipPosition":[-34.9257,315.842,-50.2079],"stabilizedTipPosition":[-48.5224,328.862,-82.3999],"timeVisible":8.88481,"tipPosition":[-48.4163,328.21,-81.7211],"tipVelocity":[28.8511,-59.9028,14.7849],"tool":false,"touchDistance":-0.0340181,"touchZone":"touching","type":1,"width":18.9605},{"bases":[[[0.93025,-0.140403,-0.339001],[0.352867,0.59561,0.721619],[0.100595,-0.790908,0.60361]],[[0.929939,-0.137992,-0.340839],[0.0394438,0.959001,-0.280644],[0.365592,0.247537,0.897256]],[[0.929939,-0.137992,-0.340839],[-0.35841,-0.132972,-0.924046],[0.0821891,0.981467,-0.173113]],[[0.929939,-0.137992,-0.340839],[-0.324141,-0.745295,-0.582639],[-0.173626,0.652299,-0.737808]]],"btipPosition":[-14.9202,242.662,-44.0834],"carpPosition":[8.32541,239.641,21.174],"dipPosition":[-18.1185,254.677,-57.6743],"direction":[-0.0821891,-0.981467,0.173113],"extended":false,"handId":464,"id":4642,"length":65.6822,"mcpPosition":[1.44583,293.731,-20.1064],"pipPosition":[-15.8276,282.035,-62.4997],"stabilizedTipPosition":[-18.5406,250.308,-56.7824],"timeVisible":8.88481,"tipPosition":[-15.7457,245.57,-47.5301],"tipVelocity":[34.743,-41.7614,40.9172],"tool":false,"touchDistance":0.333333,"touchZone":"none","type":2,"width":18.6218},{"bases":[[[0.905649,-0.299759,-0.299907],[0.421455,0.558541,0.714429],[-0.0466461,-0.773419,0.632177]],[[0.906596,-0.278124,-0.31738],[0.152365,0.917087,-0.368424],[0.393533,0.285655,0.873804]],[[0.906596,-0.278124,-0.31738],[-0.370226,-0.163258,-0.914483],[0.202525,0.946569,-0.250978]],[[0.906596,-0.278124,-0.31738],[-0.415006,-0.723954,-0.551055],[-0.0765071,0.631299,-0.771757]]],"btipPosition":[1.2338,236.834,-38.8737],"carpPosition":[19.7033,239.12,17.2631],"dipPosition":[-0.167413,248.396,-53.0082],"direction":[-0.202525,-0.946569,0.250978],"extended":false,"handId":464,"id":4643,"length":63.1552,"mcpPosition":[22.5675,286.61,-21.5538],"pipPosition":[5.33206,274.099,-59.8234],"stabilizedTipPosition":[-2.02006,244.056,-52.9277],"timeVisible":8.88481,"tipPosition":[0.814416,239.744,-42.6491],"tipVelocity":[36.8283,-44.9056,45.2977],"tool":false,"touchDistance":0.333333,"touchZone":"none","type":3,"width":17.7198},{"bases":[[[0.811994,-0.475398,-0.338618],[0.551398,0.434579,0.712111],[-0.19138,-0.764943,0.615009]],[[0.825106,-0.410074,-0.388636],[0.266101,0.888874,-0.372952],[0.498387,0.204309,0.842537]],[[0.825106,-0.410074,-0.388636],[-0.469715,-0.115654,-0.87521],[0.313954,0.904689,-0.288045]],[[0.825106,-0.410074,-0.388636],[-0.562654,-0.658743,-0.499479],[-0.0511878,0.630791,-0.774263]]],"btipPosition":[17.9678,241.08,-35.834],"carpPosition":[29.5186,232.686,9.72081],"dipPosition":[17.103,251.738,-48.916],"direction":[-0.313954,-0.904689,0.288045],"extended":false,"handId":464,"id":4644,"length":49.5125,"mcpPosition":[40.3964,276.165,-25.2358],"pipPosition":[23.1222,269.083,-54.4385],"stabilizedTipPosition":[15.27,246.763,-48.2245],"timeVisible":8.88481,"tipPosition":[17.7399,243.589,-39.1102],"tipVelocity":[34.7321,-37.5302,27.3969],"tool":false,"touchDistance":0.333333,"touchZone":"none","type":4,"width":15.7401}],"r":[[0.965874,-0.099689,0.239062],[0.0745029,0.99089,0.11219],[-0.248068,-0.0905509,0.964501]],"s":0.94185,"t":[104.208,21.6903,-117.611],"timestamp":93259327804},false],[2,{"currentFrameRate":50.3092,"devices":[],"gestures":[{"center":[-23.3551,307.45,-96.7839],"duration":135963,"handIds":[464],"id":4,"normal":[-0.018113,0.0220215,-0.999593],"pointableIds":[4641],"progress":0.864545,"radius":27.8011,"state":"stop","type":"circle"}],"hands":[{"armBasis":[[0.979057,-0.0890797,-0.183066],[0.135566,0.956104,0.259783],[0.151888,-0.27916,0.948156]],"armWidth":62.4607,"confidence":0.333947,"direction":[-0.0363017,0.875871,-0.481178],"elbow":[55.4025,150.688,266.262],"grabStrength":0,"id":464,"palmNormal":[-0.228168,-0.476042,-0.849308],"palmPosition":[5.04545,269.508,-12.1253],"palmVelocity":[39.6816,-30.123,15.139],"palmWidth":89.1918,"pinchStrength":0.580533,"r":[[0.966625,-0.101091,0.235407],[0.076173,0.99071,0.11266],[-0.244609,-0.0909679,0.965345]],"s":0.941669,"sphereCenter":[-11.4218,262.723,-57.201],"sphereRadius":44.6844,"stabilizedPalmPosition":[2.18206,272.745,-20.0821],"t":[104.923,21.1497,-117.351],"timeVisible":8.90262,"type":"right","wrist":[15.2031,224.572,15.3189]}],"id":1671309,"interactionBox":{"center":[0,200,0],"size":[235.247,235.247,147.751]},"pointables":[{"bases":[[[0.588507,0.564923,0.578379],[-0.666813,-0.0653835,0.742351],[0.457188,-0.822549,0.338219]],[[0.485646,0.717446,0.499418],[-0.719471,0.00356097,0.694514],[0.496498,-0.696605,0.517911]],[[0.485646,0.717446,0.499418],[-0.8698,0.453563,0.19424],[-0.0871608,-0.528726,0.844306]],[[0.485646,0.717446,0.499418],[-0.870378,0.449918,0.20004],[-0.0811792,-0.531831,0.84295]]],"btipPosition":[-33.798,282.758,-58.889],"carpPosition":[-14.2792,218.801,14.0093],"dipPosition":[-35.6603,270.557,-39.5508],"direction":[0.0871608,0.528726,-0.844306],"extended":false,"handId":464,"id":4640,"length":51.0864,"mcpPosition":[-14.2792,218.801,14.0093],"pipPosition":[-38.5734,252.886,-11.3327],"stabilizedTipPosition":[-35.4806,281.286,-55.5319],"timeVisible":8.90262,"tipPosition":[-34.8161,280.27,-53.95],"tipVelocity":[37.0773,-27.1357,12.7736],"tool":false,"touchDistance":-0.0450598,"touchZone":"touching","type":0,"width":19.8498},{"bases":[[[0.953037,0.069223,-0.294835],[0.196102,0.600824,0.774954],[0.230789,-0.796378,0.559033]],[[0.933403,0.127817,-0.335295],[0.0734656,0.846545,0.527224],[0.35123,-0.516745,0.780777]],[[0.933403,0.127817,-0.335295],[0.0141823,0.920538,0.390396],[0.35855,-0.369152,0.85742]],[[0.933403,0.127817,-0.335295],[-0.0278958,0.957428,0.287321],[0.357745,-0.258833,0.897231]]],"btipPosition":[-48.5161,328.762,-85.0133],"carpPosition":[-2.59465,236.488,23.5242],"dipPosition":[-42.5246,324.427,-69.9865],"direction":[-0.35855,0.369152,-0.85742],"extended":true,"handId":464,"id":4641,"length":57.6453,"mcpPosition":[-19.2381,293.919,-16.7908],"pipPosition":[-34.0296,315.681,-49.672],"stabilizedTipPosition":[-47.7288,328.233,-81.9168],"timeVisible":8.90262,"tipPosition":[-47.5116,328.281,-81.0676],"tipVelocity":[39.6741,-34.1078,22.417],"tool":false,"touchDistance":-0.0248106,"touchZone":"touching","type":1,"width":18.9605},{"bases":[[[0.927967,-0.142454,-0.344359],[0.359421,0.586248,0.726037],[0.0984527,-0.797509,0.59522]],[[0.927665,-0.14004,-0.346159],[0.0432135,0.961046,-0.272989],[0.370904,0.238284,0.897581]],[[0.927665,-0.14004,-0.346159],[-0.363307,-0.124282,-0.923343],[0.0862842,0.982315,-0.166169]],[[0.927665,-0.14004,-0.346159],[-0.330589,-0.739052,-0.586953],[-0.173632,0.658932,-0.731888]]],"btipPosition":[-14.4855,242.54,-44.0274],"carpPosition":[8.97867,238.777,20.9742],"dipPosition":[-17.6839,254.678,-57.5093],"direction":[-0.0862842,-0.982315,0.166169],"extended":false,"handId":464,"id":4642,"length":65.6822,"mcpPosition":[2.24557,293.318,-19.7324],"pipPosition":[-15.2788,282.059,-62.1411],"stabilizedTipPosition":[-18.4019,250.1,-56.3789],"timeVisible":8.90262,"tipPosition":[-15.3196,245.495,-47.4744],"tipVelocity":[29.8816,-24.5985,23.8176],"tool":false,"touchDistance":0.333333,"touchZone":"none","type":2,"width":18.6218},{"bases":[[[0.902588,-0.302047,-0.30676],[0.427757,0.54885,0.718184],[-0.0485602,-0.779443,0.624589]],[[0.903595,-0.280078,-0.324149],[0.147852,0.914071,-0.377644],[0.402064,0.293311,0.86736]],[[0.903595,-0.280078,-0.324149],[-0.379536,-0.172488,-0.908956],[0.198667,0.944354,-0.262159]],[[0.903595,-0.280078,-0.324149],[-0.420385,-0.725304,-0.545171],[-0.0824159,0.628881,-0.773121]]],"btipPosition":[1.8241,236.08,-38.0503],"carpPosition":[20.3367,238.228,17.0097],"dipPosition":[0.314675,247.598,-52.2099],"direction":[-0.198667,-0.944354,0.262159],"extended":false,"handId":464,"id":4643,"length":63.1552,"mcpPosition":[23.3184,286.088,-21.3413],"pipPosition":[5.70937,273.242,-59.3287],"stabilizedTipPosition":[-1.92154,243.906,-52.6004],"timeVisible":8.90262,"tipPosition":[1.34176,239.171,-42.0834],"tipVelocity":[34.4373,-43.9418,45.5821],"tool":false,"touchDistance":0.333333,"touchZone":"none","type":3,"width":17.7198},{"bases":[[[0.807734,-0.476735,-0.346828],[0.556953,0.424157,0.714069],[-0.193312,-0.769945,0.608125]],[[0.820973,-0.411305,-0.39602],[0.269298,0.890536,-0.366638],[0.50347,0.194352,0.84187]],[[0.820973,-0.411305,-0.39602],[-0.474571,-0.105902,-0.873823],[0.317469,0.905325,-0.282136]],[[0.820973,-0.411305,-0.39602],[-0.568662,-0.651283,-0.502449],[-0.0512612,0.637698,-0.768579]]],"btipPosition":[18.3987,240.707,-35.9882],"carpPosition":[30.0819,231.812,9.36148],"dipPosition":[17.5325,251.482,-48.9742],"direction":[-0.317469,-0.905325,0.282136],"extended":false,"handId":464,"id":4644,"length":49.5125,"mcpPosition":[41.0696,275.575,-25.2039],"pipPosition":[23.6191,268.839,-54.3834],"stabilizedTipPosition":[15.4086,246.593,-47.7868],"timeVisible":8.90262,"tipPosition":[18.1682,243.255,-39.2564],"tipVelocity":[29.7663,-29.0241,11.0254],"tool":false,"touchDistance":0.333333,"touchZone":"none","type":4,"width":15.7401}],"r":[[0.966625,-0.101091,0.235407],[0.076173,0.99071,0.11266],[-0.244609,-0.0909679,0.965345]],"s":0.941669,"t":[104.923,21.1497,-117.351],"timestamp":93259345616},false],[3,{"currentFrameRate":50.6983,"devices":[],"gestures":[],"hands":[{"armBasis":[[0.979326,-0.0881158,-0.182089],[0.133809,0.957255,0.256432],[0.15171,-0.275496,0.949256]],"armWidth":62.4607,"confidence":0.344128,"direction":[-0.0335742,0.879393,-0.474912],"elbow":[55.6185,151.074,266.574],"grabStrength":0,"id":464,"palmNormal":[-0.225932,-0.469557,-0.853505],"palmPosition":[5.45794,269.136,-11.8102],"palmVelocity":[31.502,-25.4639,16.1532],"palmWidth":89.1918,"pinchStrength":0.584201,"r":[[0.967033,-0.102804,0.232979],[0.077695,0.990378,0.114522],[-0.242511,-0.0926456,0.965715]],"s":0.940754,"sphereCenter":[-10.146,262.48,-57.2271],"sphereRadius":44.6382,"stabilizedPalmPosition":[2.37824,272.529,-19.5867],"t":[105.487,20.6933,-117.064],"timeVisible":8.92088,"type":"right","wrist":[15.4664,223.988,15.3401]}],"id":1671310,"interactionBox":{"center":[0,200,0],"size":[235.247,235.247,147.751]},"pointables":[{"bases":[[[0.587288,0.559937,0.584434],[-0.669376,-0.0699129,0.739627],[0.455004,-0.82558,0.333749]],[[0.483236,0.715204,0.504942],[-0.723957,0.00211461,0.689842],[0.49231,-0.698912,0.518799]],[[0.483236,0.715204,0.504942],[-0.870607,0.453393,0.190992],[-0.092339,-0.5319,0.841758]],[[0.483236,0.715204,0.504942],[-0.871546,0.44767,0.199996],[-0.083009,-0.536725,0.839664]]],"btipPosition":[-33.1175,282.553,-58.8911],"carpPosition":[-14.0187,218.265,13.8901],"dipPosition":[-35.0218,270.24,-39.6283],"direction":[0.092339,0.5319,-0.841758],"extended":false,"handId":464,"id":4640,"length":51.0864,"mcpPosition":[-14.0187,218.265,13.8901],"pipPosition":[-38.108,252.463,-11.4953],"stabilizedTipPosition":[-34.5717,280.547,-55.0261],"timeVisible":8.92088,"tipPosition":[-34.1269,280.093,-53.9025],"tipVelocity":[36.9153,-20.1866,6.15161],"tool":false,"touchDistance":-0.0453831,"touchZone":"touching","type":0,"width":19.8498},{"bases":[[[0.954106,0.0701262,-0.291142],[0.194274,0.594918,0.779955],[0.227901,-0.800721,0.553991]],[[0.935865,0.125864,-0.329113],[0.0706971,0.847961,0.525323],[0.345194,-0.514899,0.784678]],[[0.935865,0.125864,-0.329113],[0.0114762,0.922643,0.385484],[0.352173,-0.364538,0.862025]],[[0.935865,0.125864,-0.329113],[-0.030365,0.95936,0.280546],[0.351049,-0.25256,0.901653]]],"btipPosition":[-47.5393,328.162,-84.949],"carpPosition":[-2.34351,235.867,23.5724],"dipPosition":[-41.66,323.932,-69.8481],"direction":[-0.352173,0.364538,-0.862025],"extended":true,"handId":464,"id":4641,"length":57.6453,"mcpPosition":[-18.7787,293.612,-16.379],"pipPosition":[-33.316,315.296,-49.4244],"stabilizedTipPosition":[-46.7824,327.592,-81.6461],"timeVisible":8.92088,"tipPosition":[-46.5903,327.895,-80.8711],"tipVelocity":[45.614,-32.8663,13.8218],"tool":false,"touchDistance":-0.0234539,"touchZone":"touching","type":1,"width":18.9605},{"bases":[[[0.928932,-0.141152,-0.342288],[0.357737,0.580485,0.731479],[0.0954432,-0.801943,0.589727]],[[0.92864,-0.138729,-0.344068],[0.0450436,0.962751,-0.26661],[0.368239,0.232087,0.900298]],[[0.92864,-0.138729,-0.344068],[-0.360466,-0.118153,-0.925259],[0.0877072,0.983257,-0.159729]],[[0.92864,-0.138729,-0.344068],[-0.329417,-0.734915,-0.592776],[-0.170626,0.663818,-0.728171]]],"btipPosition":[-13.9863,242.402,-43.9246],"carpPosition":[9.24119,238.159,21.0777],"dipPosition":[-17.1293,254.63,-57.3379],"direction":[-0.0877072,-0.983257,0.159729],"extended":false,"handId":464,"id":4642,"length":65.6822,"mcpPosition":[2.71391,293.004,-19.2532],"pipPosition":[-14.6846,282.038,-61.7903],"stabilizedTipPosition":[-18.1972,249.829,-55.8596],"timeVisible":8.92088,"tipPosition":[-14.8079,245.385,-47.3605],"tipVelocity":[28.9993,-15.8845,15.5275],"tool":false,"touchDistance":0.333333,"touchZone":"none","type":2,"width":18.6218},{"bases":[[[0.903224,-0.300982,-0.305936],[0.426051,0.543057,0.723581],[-0.051644,-0.7839,0.618736]],[[0.904317,-0.278894,-0.323156],[0.148728,0.915473,-0.373884],[0.400114,0.290047,0.869357]],[[0.904317,-0.278894,-0.323156],[-0.377666,-0.169911,-0.910219],[0.198947,0.945171,-0.258982]],[[0.904317,-0.278894,-0.323156],[-0.419185,-0.723155,-0.548936],[-0.0805965,0.631874,-0.770869]]],"btipPosition":[2.33292,235.817,-37.7683],"carpPosition":[20.6117,237.625,17.1474],"dipPosition":[0.856811,247.389,-51.8866],"direction":[-0.198947,-0.945171,0.258982],"extended":false,"handId":464,"id":4643,"length":63.1552,"mcpPosition":[23.7828,285.758,-20.8443],"pipPosition":[6.25913,273.055,-58.9191],"stabilizedTipPosition":[-1.78732,243.72,-52.2032],"timeVisible":8.92088,"tipPosition":[1.85686,238.924,-41.7986],"tipVelocity":[31.4933,-29.4876,31.4075],"tool":false,"touchDistance":0.333333,"touchZone":"none","type":3,"width":17.7198},{"bases":[[[0.808281,-0.47525,-0.34759],[0.555101,0.418229,0.718991],[-0.196328,-0.774094,0.601858]],[[0.821609,-0.410481,-0.395556],[0.268132,0.89062,-0.36729],[0.503055,0.195707,0.841804]],[[0.821609,-0.410481,-0.395556],[-0.474374,-0.107535,-0.873731],[0.316114,0.905506,-0.283073]],[[0.821609,-0.410481,-0.395556],[-0.567825,-0.650581,-0.5043],[-0.0503355,0.638944,-0.767605]]],"btipPosition":[18.8871,240.312,-35.5045],"carpPosition":[30.3742,231.252,9.48519],"dipPosition":[18.0367,251.107,-48.4741],"direction":[-0.316114,-0.905506,0.283073],"extended":false,"handId":464,"id":4644,"length":49.5125,"mcpPosition":[41.5334,275.251,-24.724],"pipPosition":[24.0973,268.468,-53.9012],"stabilizedTipPosition":[15.5964,246.376,-47.2548],"timeVisible":8.92088,"tipPosition":[18.658,242.939,-38.8596],"tipVelocity":[28.4182,-25.3768,18.5257],"tool":false,"touchDistance":0.333333,"touchZone":"none","type":4,"width":15.7401}],"r":[[0.967033,-0.102804,0.232979],[0.077695,0.990378,0.114522],[-0.242511,-0.0926456,0.965715]],"s":0.940754,"t":[105.487,20.6933,-117.064],"timestamp":93259363875},false],[4,{"currentFrameRate":51.1444,"devices":[],"gestures":[],"hands":[{"armBasis":[[0.979077,-0.0890417,-0.182972],[0.134487,0.957953,0.253456],[0.152711,-0.272761,0.949885]],"armWidth":62.4607,"confidence":0.360078,"direction":[-0.0305023,0.881356,-0.471466],"elbow":[55.9007,151.344,266.76],"grabStrength":0,"id":464,"palmNormal":[-0.225706,-0.465576,-0.855743],"palmPosition":[5.63764,268.815,-11.6274],"palmVelocity":[21.3838,-21.9125,13.3551],"palmWidth":89.1918,"pinchStrength":0.581999,"r":[[0.967221,-0.104857,0.231275],[0.0793901,0.989975,0.116823],[-0.241206,-0.0946327,0.965849]],"s":0.939676,"sphereCenter":[-9.44005,262.242,-57.2265],"sphereRadius":44.5928,"stabilizedPalmPosition":[2.5904,272.287,-19.0686],"t":[105.858,20.3048,-116.828],"timeVisible":8.93876,"type":"right","wrist":[15.4837,223.534,15.3599]}],"id":1671311,"interactionBox":{"center":[0,200,0],"size":[235.247,235.247,147.751]},"pointables":[{"bases":[[[0.587747,0.556088,0.587639],[-0.670799,-0.0711167,0.738221],[0.452307,-0.828075,0.331225]],[[0.482942,0.713538,0.507574],[-0.72737,0.00415328,0.686233],[0.487545,-0.700604,0.521012]],[[0.482942,0.713538,0.507574],[-0.870213,0.455594,0.187517],[-0.0974469,-0.532257,0.840956]],[[0.482942,0.713538,0.507574],[-0.871807,0.44607,0.202422],[-0.0819775,-0.540264,0.837493]]],"btipPosition":[-32.7323,282.358,-58.9751],"carpPosition":[-14.0136,217.893,13.8378],"dipPosition":[-34.6129,269.963,-39.7621],"direction":[0.0974469,0.532257,-0.840956],"extended":false,"handId":464,"id":4640,"length":51.0864,"mcpPosition":[-14.0136,217.893,13.8378],"pipPosition":[-37.8698,252.174,-11.6559],"stabilizedTipPosition":[-33.8585,280.02,-54.7878],"timeVisible":8.93876,"tipPosition":[-33.7251,279.91,-53.9429],"tipVelocity":[29.8085,-16.3241,0.733126],"tool":false,"touchDistance":-0.0469742,"touchZone":"touching","type":0,"width":19.8498},{"bases":[[[0.954773,0.068811,-0.289263],[0.194496,0.59131,0.782639],[0.224898,-0.803503,0.551184]],[[0.937481,0.122709,-0.325687],[0.0707188,0.8491,0.523477],[0.340776,-0.513782,0.787337]],[[0.937481,0.122709,-0.325687],[0.011827,0.924011,0.382183],[0.347836,-0.362141,0.864791]],[[0.937481,0.122709,-0.325687],[-0.0296976,0.960575,0.276432],[0.346768,-0.249477,0.904165]]],"btipPosition":[-46.9281,327.767,-84.929],"carpPosition":[-2.30933,235.426,23.6095],"dipPosition":[-41.1204,323.589,-69.7861],"direction":[-0.347836,0.362141,-0.864791],"extended":true,"handId":464,"id":4641,"length":57.6453,"mcpPosition":[-18.528,293.371,-16.1394],"pipPosition":[-32.8792,315.008,-49.2968],"stabilizedTipPosition":[-46.0339,327.098,-81.5203],"timeVisible":8.93876,"tipPosition":[-46.0008,327.594,-80.7983],"tipVelocity":[39.785,-27.4838,8.08565],"tool":false,"touchDistance":-0.0229595,"touchZone":"touching","type":1,"width":18.9605},{"bases":[[[0.92914,-0.142197,-0.341291],[0.358002,0.576646,0.73438],[0.0923776,-0.804524,0.586692]],[[0.928868,-0.139859,-0.342993],[0.0461225,0.962442,-0.267541],[0.367529,0.232691,0.900432]],[[0.928868,-0.139859,-0.342993],[-0.359638,-0.118809,-0.925497],[0.0886887,0.983018,-0.160657]],[[0.928868,-0.139859,-0.342993],[-0.329774,-0.733929,-0.593799],[-0.168685,0.664671,-0.727845]]],"btipPosition":[-13.762,242.08,-43.6379],"carpPosition":[9.28544,237.699,21.1434],"dipPosition":[-16.8693,254.324,-57.0452],"direction":[-0.0886887,-0.983018,0.160657],"extended":false,"handId":464,"id":4642,"length":65.6822,"mcpPosition":[2.96781,292.719,-18.98],"pipPosition":[-14.3971,281.725,-61.5234],"stabilizedTipPosition":[-17.9775,249.538,-55.3201],"timeVisible":8.93876,"tipPosition":[-14.5864,245.129,-47.1303],"tipVelocity":[21.4544,-16.7866,15.8011],"tool":false,"touchDistance":0.333333,"touchZone":"none","type":2,"width":18.6218},{"bases":[[[0.902958,-0.302102,-0.305617],[0.426233,0.539073,0.726447],[-0.0547112,-0.786215,0.615526]],[[0.904136,-0.279956,-0.322743],[0.151737,0.916566,-0.369976],[0.399392,0.285537,0.87118]],[[0.904136,-0.279956,-0.322743],[-0.376577,-0.165362,-0.911507],[0.201812,0.945664,-0.254934]],[[0.904136,-0.279956,-0.322743],[-0.420121,-0.719938,-0.552438],[-0.0776969,0.63507,-0.768537]]],"btipPosition":[2.47142,235.61,-37.7211],"carpPosition":[20.6612,237.15,17.2299],"dipPosition":[1.04842,247.241,-51.7967],"direction":[-0.201812,-0.945664,0.254934],"extended":false,"handId":464,"id":4643,"length":63.1552,"mcpPosition":[24.0205,285.426,-20.5646],"pipPosition":[6.52853,272.92,-58.7193],"stabilizedTipPosition":[-1.63103,243.504,-51.7562],"timeVisible":8.93876,"tipPosition":[2.01107,238.728,-41.7324],"tipVelocity":[20.6152,-20.6814,18.0988],"tool":false,"touchDistance":0.333333,"touchZone":"none","type":3,"width":17.7198},{"bases":[[[0.807635,-0.475957,-0.348124],[0.554967,0.41393,0.721577],[-0.199341,-0.775968,0.598446]],[[0.821147,-0.411426,-0.395534],[0.268976,0.890238,-0.367599],[0.503359,0.195463,0.841679]],[[0.821147,-0.411426,-0.395534],[-0.474593,-0.107326,-0.873638],[0.316986,0.905102,-0.28339]],[[0.821147,-0.411426,-0.395534],[-0.568633,-0.648978,-0.505455],[-0.048736,0.639966,-0.766856]]],"btipPosition":[19.0499,239.947,-35.2391],"carpPosition":[30.4201,230.783,9.55884],"dipPosition":[18.2265,250.76,-48.1961],"direction":[-0.316986,-0.905102,0.28339],"extended":false,"handId":464,"id":4644,"length":49.5125,"mcpPosition":[41.7505,274.888,-24.4563],"pipPosition":[24.3038,268.113,-53.6293],"stabilizedTipPosition":[15.7883,246.144,-46.7236],"timeVisible":8.93876,"tipPosition":[18.8266,242.614,-38.6274],"tipVelocity":[19.4731,-22.9028,16.8634],"tool":false,"touchDistance":0.333333,"touchZone":"none","type":4,"width":15.7401}],"r":[[0.967221,-0.104857,0.231275],[0.0793901,0.989975,0.116823],[-0.241206,-0.0946327,0.965849]],"s":0.939676,"t":[105.858,20.3048,-116.828],"timestamp":93259381760},false],[5,{"currentFrameRate":51.4953,"devices":[],"gestures":[],"hands":[{"armBasis":[[0.978528,-0.0927141,-0.184085],[0.137468,0.959031,0.247715],[0.153577,-0.267702,0.951184]],"armWidth":62.4607,"confidence":0.376069,"direction":[-0.0283331,0.882048,-0.470307],"elbow":[56.2834,152.371,267.158],"grabStrength":0,"id":464,"palmNormal":[-0.229617,-0.463657,-0.855744],"palmPosition":[5.89574,268.574,-11.4929],"palmVelocity":[17.9866,-17.8319,10.5312],"palmWidth":89.1918,"pinchStrength":0.580927,"r":[[0.967402,-0.107288,0.229396],[0.0815595,0.989555,0.118864],[-0.239753,-0.0962794,0.966048]],"s":0.938635,"sphereCenter":[-8.92351,261.991,-57.1524],"sphereRadius":44.5454,"stabilizedPalmPosition":[2.82249,272.026,-18.5367],"t":[106.173,19.9897,-116.644],"timeVisible":8.95688,"type":"right","wrist":[15.6372,223.222,15.414]}],"id":1671312,"interactionBox":{"center":[0,200,0],"size":[235.247,235.247,147.751]},"pointables":[{"bases":[[[0.591327,0.553125,0.586843],[-0.669213,-0.069481,0.739815],[0.449985,-0.830196,0.329073]],[[0.485557,0.712766,0.506161],[-0.727806,0.00884398,0.685726],[0.484286,-0.701346,0.52305]],[[0.485557,0.712766,0.506161],[-0.868488,0.459409,0.186204],[-0.099815,-0.530007,0.842098]],[[0.485557,0.712766,0.506161],[-0.870713,0.446004,0.207216],[-0.0780526,-0.541336,0.837175]]],"btipPosition":[-32.4551,282.145,-58.9845],"carpPosition":[-13.8851,217.695,13.959],"dipPosition":[-34.2457,269.726,-39.7788],"direction":[0.099815,0.530007,-0.842098],"extended":false,"handId":464,"id":4640,"length":51.0864,"mcpPosition":[-13.8851,217.695,13.959],"pipPosition":[-37.5817,252.013,-11.6344],"stabilizedTipPosition":[-33.3298,279.63,-54.6702],"timeVisible":8.95688,"tipPosition":[-33.4119,279.728,-53.9023],"tipVelocity":[23.4453,-14.2838,0.0934456],"tool":false,"touchDistance":-0.0471586,"touchZone":"touching","type":0,"width":19.8498},{"bases":[[[0.9543,0.0655418,-0.291574],[0.198703,0.589599,0.782873],[0.223223,-0.805032,0.549631]],[[0.937711,0.117903,-0.326798],[0.0737531,0.851654,0.518889],[0.339497,-0.51067,0.78991]],[[0.937711,0.117903,-0.326798],[0.0147278,0.926316,0.376459],[0.347104,-0.357822,0.866881]],[[0.937711,0.117903,-0.326798],[-0.0268401,0.962427,0.270212],[0.346378,-0.24461,0.905643]]],"btipPosition":[-46.5099,327.307,-84.8863],"carpPosition":[-2.08978,235.171,23.7229],"dipPosition":[-40.7088,323.211,-69.7187],"direction":[-0.347104,0.357822,-0.866881],"extended":true,"handId":464,"id":4641,"length":57.6453,"mcpPosition":[-18.1876,293.227,-15.9142],"pipPosition":[-32.485,314.733,-49.1799],"stabilizedTipPosition":[-45.4822,326.627,-81.4415],"timeVisible":8.95688,"tipPosition":[-45.5748,327.235,-80.7122],"tipVelocity":[31.7946,-25.9785,5.5073],"tool":false,"touchDistance":-0.0221537,"touchZone":"touching","type":1,"width":18.9605},{"bases":[[[0.927735,-0.145303,-0.343796],[0.36203,0.574374,0.734185],[0.0907885,-0.805594,0.585471]],[[0.92748,-0.143073,-0.345415],[0.0475998,0.961551,-0.270468],[0.370831,0.234412,0.89863]],[[0.92748,-0.143073,-0.345415],[-0.362724,-0.120404,-0.924086],[0.0906221,0.982361,-0.163568]],[[0.92748,-0.143073,-0.345415],[-0.333669,-0.733534,-0.592108],[-0.168659,0.664423,-0.728077]]],"btipPosition":[-13.6418,241.799,-43.2968],"carpPosition":[9.50733,237.403,21.2304],"dipPosition":[-16.7486,254.038,-56.7084],"direction":[-0.0906221,-0.982361,0.163568],"extended":false,"handId":464,"id":4642,"length":65.6822,"mcpPosition":[3.29838,292.497,-18.8095],"pipPosition":[-14.2226,281.421,-61.2678],"stabilizedTipPosition":[-17.7804,249.27,-54.8335],"timeVisible":8.95688,"tipPosition":[-14.4727,244.892,-46.8268],"tipVelocity":[14.4042,-16.2091,17.2151],"tool":false,"touchDistance":0.333333,"touchZone":"none","type":2,"width":18.6218},{"bases":[[[0.901034,-0.305151,-0.308253],[0.430097,0.536552,0.726036],[-0.0561569,-0.786762,0.614697]],[[0.902259,-0.282868,-0.325446],[0.151653,0.914704,-0.374591],[0.403647,0.288623,0.868197]],[[0.902259,-0.282868,-0.325446],[-0.380865,-0.168935,-0.909067],[0.202166,0.944165,-0.260158]],[[0.902259,-0.282868,-0.325446],[-0.423864,-0.720412,-0.54895],[-0.0791754,0.63324,-0.769895]]],"btipPosition":[2.60121,235.248,-37.315],"carpPosition":[20.8711,236.816,17.2878],"dipPosition":[1.15113,246.846,-51.4155],"direction":[-0.202166,-0.944165,0.260158],"extended":false,"handId":464,"id":4643,"length":63.1552,"mcpPosition":[24.3192,285.125,-20.4559],"pipPosition":[6.64085,272.484,-58.4799],"stabilizedTipPosition":[-1.47787,243.285,-51.3163],"timeVisible":8.95688,"tipPosition":[2.12687,238.393,-41.3754],"tipVelocity":[14.0492,-20.5377,20.0028],"tool":false,"touchDistance":0.333333,"touchZone":"none","type":3,"width":17.7198},{"bases":[[[0.804945,-0.478591,-0.350733],[0.558343,0.410928,0.720688],[-0.200789,-0.775944,0.597992]],[[0.818558,-0.414206,-0.397991],[0.271173,0.88943,-0.367939],[0.506388,0.193255,0.840371]],[[0.818558,-0.414206,-0.397991],[-0.477333,-0.105041,-0.872422],[0.319557,0.904102,-0.283696]],[[0.818558,-0.414206,-0.397991],[-0.572397,-0.646319,-0.504613],[-0.0482156,0.640863,-0.766139]]],"btipPosition":[19.1356,239.665,-35.1487],"carpPosition":[30.5864,230.421,9.58437],"dipPosition":[18.3209,250.493,-48.0935],"direction":[-0.319557,-0.904102,0.283696],"extended":false,"handId":464,"id":4644,"length":49.5125,"mcpPosition":[41.9991,274.525,-24.405],"pipPosition":[24.4475,267.827,-53.5326],"stabilizedTipPosition":[15.9863,245.894,-46.1849],"timeVisible":8.95688,"tipPosition":[18.9163,242.339,-38.5316],"tipVelocity":[12.5069,-19.3308,11.2853],"tool":false,"touchDistance":0.333333,"touchZone":"none","type":4,"width":15.7401}],"r":[[0.967402,-0.107288,0.229396],[0.0815595,0.989555,0.118864],[-0.239753,-0.0962794,0.966048]],"s":0.938635,"t":[106.173,19.9897,-116.644],"timestamp":93259399877},false],[6,{"currentFrameRate":51.8184,"devices":[],"gestures":[],"hands":[{"armBasis":[[0.978179,-0.0930597,-0.185757],[0.138353,0.958769,0.248235],[0.154997,-0.268519,0.950723]],"armWidth":62.4607,"confidence":0.396869,"direction":[-0.0242609,0.882483,-0.469719],"elbow":[56.5737,151.846,267.599],"grabStrength":0.00158513,"id":464,"palmNormal":[-0.22685,-0.46246,-0.857129],"palmPosition":[6.03175,268.308,-10.9366],"palmVelocity":[13.0028,-16.3223,20.1383],"palmWidth":89.1918,"pinchStrength":0.578727,"r":[[0.967289,-0.109702,0.228732],[0.0836345,0.989157,0.120724],[-0.239495,-0.0976452,0.965975]],"s":0.937625,"sphereCenter":[-8.24987,261.671,-56.7992],"sphereRadius":44.541,"stabilizedPalmPosition":[2.99546,271.826,-18.127],"t":[106.399,19.6994,-116.273],"timeVisible":8.97499,"type":"right","wrist":[15.5516,222.913,15.9769]}],"id":1671313,"interactionBox":{"center":[0,200,0],"size":[235.247,235.247,147.751]},"pointables":[{"bases":[[[0.589952,0.551328,0.589911],[-0.672651,-0.0685633,0.736777],[0.446652,-0.831466,0.330402]],[[0.484444,0.711841,0.508523],[-0.731367,0.0105974,0.681902],[0.480017,-0.70226,0.525751]],[[0.484444,0.711841,0.508523],[-0.868529,0.460954,0.18215],[-0.104743,-0.529909,0.841561]],[[0.484444,0.711841,0.508523],[-0.871272,0.444905,0.207229],[-0.0787301,-0.543453,0.835739]]],"btipPosition":[-32.1571,281.994,-58.6386],"carpPosition":[-13.9763,217.454,14.3862],"dipPosition":[-33.9633,269.527,-39.4658],"direction":[0.104743,0.529909,-0.841561],"extended":false,"handId":464,"id":4640,"length":51.0864,"mcpPosition":[-13.9763,217.454,14.3862],"pipPosition":[-37.464,251.816,-11.3394],"stabilizedTipPosition":[-32.9511,279.378,-54.4495],"timeVisible":8.97499,"tipPosition":[-33.0734,279.554,-53.571],"tipVelocity":[20.027,-11.7488,8.93909],"tool":false,"touchDistance":-0.0415196,"touchZone":"touching","type":0,"width":19.8498},{"bases":[[[0.955732,0.0636272,-0.287276],[0.196542,0.588529,0.784222],[0.218968,-0.805968,0.549971]],[[0.939874,0.11475,-0.321667],[0.0719454,0.854202,0.51494],[0.333858,-0.507121,0.794586]],[[0.939874,0.11475,-0.321667],[0.0137202,0.928417,0.371287],[0.341246,-0.353376,0.87102]],[[0.939874,0.11475,-0.321667],[-0.0271831,0.964011,0.26447],[0.340439,-0.239825,0.909168]]],"btipPosition":[-45.8229,326.765,-84.7712],"carpPosition":[-2.18527,234.896,24.2165],"dipPosition":[-40.1212,322.748,-69.5445],"direction":[-0.341246,0.353376,-0.87102],"extended":true,"handId":464,"id":4641,"length":57.6453,"mcpPosition":[-17.9763,293.019,-15.445],"pipPosition":[-32.0362,314.376,-48.9077],"stabilizedTipPosition":[-44.8599,326.123,-81.331],"timeVisible":8.97499,"tipPosition":[-44.9007,326.772,-80.5628],"tipVelocity":[34.1187,-27.3964,6.26763],"tool":false,"touchDistance":-0.0200094,"touchZone":"touching","type":1,"width":18.9605},{"bases":[[[0.928926,-0.147115,-0.339785],[0.36005,0.572976,0.736249],[0.086375,-0.80626,0.585221]],[[0.928693,-0.144972,-0.341339],[0.050502,0.961289,-0.270873],[0.367395,0.234319,0.900064]],[[0.928693,-0.144972,-0.341339],[-0.358944,-0.120038,-0.925608],[0.0932138,0.982127,-0.163515]],[[0.928693,-0.144972,-0.341339],[-0.332622,-0.732629,-0.593816],[-0.163988,0.665009,-0.728609]]],"btipPosition":[-13.4154,241.546,-42.7921],"carpPosition":[9.42778,237.103,21.7774],"dipPosition":[-16.4362,253.796,-56.2136],"direction":[-0.0932138,-0.982127,0.163515],"extended":false,"handId":464,"id":4642,"length":65.6822,"mcpPosition":[3.52067,292.243,-18.2454],"pipPosition":[-13.8379,281.172,-60.7715],"stabilizedTipPosition":[-17.6247,249.062,-54.4536],"timeVisible":8.97499,"tipPosition":[-14.2221,244.652,-46.3259],"tipVelocity":[14.0185,-15.0995,22.2251],"tool":false,"touchDistance":0.333333,"touchZone":"none","type":2,"width":18.6218},{"bases":[[[0.901709,-0.306932,-0.30449],[0.428068,0.535007,0.728372],[-0.0606563,-0.787122,0.613808]],[[0.903063,-0.284568,-0.321712],[0.154773,0.914306,-0.374286],[0.400653,0.288211,0.869719]],[[0.903063,-0.284568,-0.321712],[-0.377518,-0.168676,-0.91051],[0.204837,0.9437,-0.259755]],[[0.903063,-0.284568,-0.321712],[-0.422942,-0.719647,-0.550661],[-0.0748183,0.633347,-0.770242]]],"btipPosition":[2.79278,234.977,-36.7347],"carpPosition":[20.8076,236.494,17.8848],"dipPosition":[1.4225,246.577,-50.8415],"direction":[-0.204837,-0.9437,0.259755],"extended":false,"handId":464,"id":4643,"length":63.1552,"mcpPosition":[24.532,284.825,-19.8043],"pipPosition":[6.98476,272.203,-57.895],"stabilizedTipPosition":[-1.3564,243.111,-50.9681],"timeVisible":8.97499,"tipPosition":[2.34254,238.117,-40.7848],"tipVelocity":[12.8809,-17.8778,25.697],"tool":false,"touchDistance":0.333333,"touchZone":"none","type":3,"width":17.7198},{"bases":[[[0.805421,-0.480121,-0.347536],[0.556054,0.409099,0.723493],[-0.205188,-0.775965,0.596469]],[[0.819356,-0.415915,-0.394551],[0.274222,0.888727,-0.367379],[0.503447,0.192819,0.842236]],[[0.819356,-0.415915,-0.394551],[-