{"sensorType":"Leap","data":[[0,{"currentFrameRate":106.878,"devices":[],"gestures":[],"hands":[{"armBasis":[[0.986472,0.105107,-0.1258],[-0.067048,0.95897,0.275466],[0.149592,-0.263305,0.953044]],"armWidth":62.4607,"confidence":0.344365,"direction":[-0.0963114,0.859919,-0.501262],"elbow":[50.9943,156.432,266.06],"grabStrength":0,"id":464,"palmNormal":[0.000420262,-0.503568,-0.863955],"palmPosition":[-1.13091,268.881,-16.0088],"palmVelocity":[51.9491,-26.3134,38.1392],"palmWidth":89.1918,"pinchStrength":0.366848,"r":[[0.92373,0.057242,0.378744],[-0.105935,0.988382,0.108988],[-0.368105,-0.140798,0.919062]],"s":1.04695,"sphereCenter":[-15.2475,262.485,-59.5775],"sphereRadius":46.0905,"stabilizedPalmPosition":[-4.21788,270.126,-18.8217],"t":[98.9233,20.2854,-121.316],"timeVisible":12.762,"type":"right","wrist":[11.4027,226.119,13.8232]}],"id":1671592,"interactionBox":{"center":[0,200,0],"size":[235.247,235.247,147.751]},"pointables":[{"bases":[[[0.381357,0.651771,0.655562],[-0.763654,-0.177528,0.620739],[0.52096,-0.737345,0.430025]],[[0.297864,0.756138,0.582694],[-0.766841,-0.174008,0.617799],[0.568535,-0.630854,0.528007]],[[0.297864,0.756138,0.582694],[-0.951547,0.284024,0.11785],[-0.0763883,-0.589564,0.804101]],[[0.297864,0.756138,0.582694],[-0.9448,0.32079,0.0666911],[-0.136495,-0.570394,0.80995]]],"btipPosition":[-38.2192,279.23,-63.5881],"carpPosition":[-16.0845,215.572,7.70349],"dipPosition":[-41.3505,266.145,-45.0069],"direction":[0.0763883,0.589564,-0.804101],"extended":false,"handId":464,"id":4640,"length":51.0864,"mcpPosition":[-16.0845,215.572,7.70349],"pipPosition":[-43.9035,246.441,-18.1325],"stabilizedTipPosition":[-39.2704,276.538,-59.3432],"timeVisible":12.762,"tipPosition":[-39.102,276.144,-58.6866],"tipVelocity":[60.5345,-47.729,8.17411],"tool":false,"touchDistance":-0.175476,"touchZone":"touching","type":0,"width":19.8498},{"bases":[[[0.96505,0.226617,-0.131618],[-0.0392905,0.621669,0.782294],[0.259104,-0.749781,0.608846]],[[0.945286,0.276877,-0.17255],[-0.108966,0.766481,0.632956],[0.307508,-0.579522,0.754714]],[[0.945286,0.276877,-0.17255],[-0.167838,0.866264,0.47055],[0.279759,-0.415844,0.865337]],[[0.945286,0.276877,-0.17255],[-0.207403,0.91828,0.337263],[0.25183,-0.283023,0.925462]]],"btipPosition":[-51.7151,327.972,-93.068],"carpPosition":[-9.2336,234.903,18.6245],"dipPosition":[-47.4974,323.232,-77.5685],"direction":[-0.279759,0.415844,-0.865337],"extended":true,"handId":464,"id":4641,"length":57.6453,"mcpPosition":[-27.919,288.974,-25.2828],"pipPosition":[-40.8692,313.38,-57.0663],"stabilizedTipPosition":[-51.7912,327.885,-89.4911],"timeVisible":12.762,"tipPosition":[-50.8318,327.863,-88.8282],"tipVelocity":[67.0873,-63.1665,2.45315],"tool":false,"touchDistance":-0.146642,"touchZone":"touching","type":1,"width":18.9605},{"bases":[[[0.983647,0.0139134,-0.179571],[0.130126,0.634419,0.761957],[0.124525,-0.772864,0.622234]],[[0.986801,-0.00815558,-0.161734],[-0.0586259,0.912995,-0.403737],[0.150955,0.407889,0.900466]],[[0.986801,-0.00815558,-0.161734],[-0.155177,-0.333226,-0.92999],[-0.0463095,0.942812,-0.330093]],[[0.986801,-0.00815558,-0.161734],[-0.0905862,-0.855658,-0.509552],[-0.134234,0.517477,-0.845103]]],"btipPosition":[-9.81092,236.85,-42.3238],"carpPosition":[2.07402,239.079,18.0068],"dipPosition":[-12.2836,246.383,-57.8912],"direction":[0.0463095,-0.942812,0.330093],"extended":false,"handId":464,"id":4642,"length":65.6822,"mcpPosition":[-6.44212,291.935,-24.5473],"pipPosition":[-13.5744,272.663,-67.0923],"stabilizedTipPosition":[-13.0253,240.997,-49.8157],"timeVisible":12.762,"tipPosition":[-10.5469,239.625,-46.8204],"tipVelocity":[47.9097,-40.4762,56.9367],"tool":false,"touchDistance":0.333333,"touchZone":"none","type":2,"width":18.6218},{"bases":[[[0.978623,-0.147837,-0.142972],[0.203974,0.608832,0.766628],[-0.0262898,-0.779402,0.625972]],[[0.978873,-0.115452,-0.168757],[0.0193892,0.874029,-0.485487],[0.203549,0.471958,0.857802]],[[0.978873,-0.115452,-0.168757],[-0.202129,-0.421852,-0.883846],[0.0308516,0.899284,-0.436276]],[[0.978873,-0.115452,-0.168757],[-0.178815,-0.88363,-0.432693],[-0.0991632,0.453728,-0.885606]]],"btipPosition":[7.55383,234.885,-31.9112],"carpPosition":[13.876,240.428,16.0271],"dipPosition":[5.73768,243.195,-48.1308],"direction":[-0.0308516,-0.899284,0.436276],"extended":false,"handId":464,"id":4643,"length":63.1552,"mcpPosition":[15.4902,288.284,-22.4089],"pipPosition":[6.57545,267.614,-59.9777],"stabilizedTipPosition":[4.57981,238.613,-39.1319],"timeVisible":12.762,"tipPosition":[7.03488,237.161,-36.5259],"tipVelocity":[46.8205,-36.91,57.0177],"tool":false,"touchDistance":0.333333,"touchZone":"none","type":3,"width":17.7198},{"bases":[[[0.921758,-0.335601,-0.194252],[0.350573,0.50716,0.787329],[-0.165712,-0.793827,0.585132]],[[0.933347,-0.258505,-0.249074],[0.133972,0.894558,-0.4264],[0.333038,0.36461,0.869566]],[[0.933347,-0.258505,-0.249074],[-0.324479,-0.310752,-0.893391],[0.153545,0.914663,-0.373919]],[[0.933347,-0.258505,-0.249074],[-0.350717,-0.804626,-0.479139],[-0.0765519,0.534558,-0.841658]]],"btipPosition":[21.9198,241.653,-31.7222],"carpPosition":[25.6945,235.738,10.2861],"dipPosition":[20.6264,250.685,-45.943],"direction":[-0.153545,-0.914663,0.373919],"extended":false,"handId":464,"id":4644,"length":49.5125,"mcpPosition":[35.1134,280.858,-22.9724],"pipPosition":[23.5702,268.221,-53.1119],"stabilizedTipPosition":[19.0751,245.84,-38.142],"timeVisible":12.762,"tipPosition":[21.5985,244.23,-35.8025],"tipVelocity":[47.2388,-40.435,51.2823],"tool":false,"touchDistance":0.333333,"touchZone":"none","type":4,"width":15.7401}],"r":[[0.92373,0.057242,0.378744],[-0.105935,0.988382,0.108988],[-0.368105,-0.140798,0.919062]],"s":1.04695,"t":[98.9233,20.2854,-121.316],"timestamp":93263205043},true],[1,{"currentFrameRate":106.954,"devices":[],"gestures":[],"hands":[{"armBasis":[[0.987106,0.0977971,-0.126718],[-0.0599592,0.959924,0.27377],[0.148414,-0.262643,0.953411]],"armWidth":62.4607,"confidence":0.347501,"direction":[-0.092686,0.858083,-0.505076],"elbow":[51.1248,156.388,266.349],"grabStrength":0,"id":464,"palmNormal":[-0.00565058,-0.507705,-0.861512],"palmPosition":[-0.524893,268.596,-15.9802],"palmVelocity":[55.8272,-27.6133,28.3299],"palmWidth":89.1918,"pinchStrength":0.367631,"r":[[0.924292,0.0561607,0.377532],[-0.103392,0.988975,0.106011],[-0.367416,-0.137019,0.919908]],"s":1.04672,"sphereCenter":[-14.7418,262.084,-59.4592],"sphereRadius":46.0544,"stabilizedPalmPosition":[-4.00061,270.036,-18.6545],"t":[99.4954,19.9912,-121.131],"timeVisible":12.7713,"type":"right","wrist":[11.845,225.9,14.0152]}],"id":1671593,"interactionBox":{"center":[0,200,0],"size":[235.247,235.247,147.751]},"pointables":[{"bases":[[[0.387627,0.652528,0.651116],[-0.762618,-0.169793,0.624167],[0.517842,-0.738497,0.431813]],[[0.302789,0.758985,0.57642],[-0.767747,-0.164111,0.61938],[0.564697,-0.630087,0.533018]],[[0.302789,0.758985,0.57642],[-0.949715,0.290892,0.115854],[-0.0797448,-0.582515,0.808899]],[[0.302789,0.758985,0.57642],[-0.944388,0.320332,0.0742914],[-0.12826,-0.566859,0.813769]]],"btipPosition":[-37.7515,278.799,-63.7453],"carpPosition":[-15.7279,215.496,8.03943],"dipPosition":[-40.6939,265.795,-45.0765],"direction":[0.0797448,0.582515,-0.808899],"extended":false,"handId":464,"id":4640,"length":51.0864,"mcpPosition":[-15.7279,215.496,8.03943],"pipPosition":[-43.3591,246.326,-18.0417],"stabilizedTipPosition":[-38.67,276.018,-59.4204],"timeVisible":12.7713,"tipPosition":[-38.5758,275.799,-58.7694],"tipVelocity":[59.1257,-46.8956,1.71878],"tool":false,"touchDistance":-0.177761,"touchZone":"touching","type":0,"width":19.8498},{"bases":[[[0.965982,0.219977,-0.135972],[-0.0327649,0.625652,0.779414],[0.256524,-0.748445,0.611576]],[[0.946404,0.270131,-0.177055],[-0.102129,0.770343,0.629398],[0.306413,-0.577582,0.756644]],[[0.946404,0.270131,-0.177055],[-0.160902,0.869637,0.466736],[0.280054,-0.413232,0.866492]],[[0.946404,0.270131,-0.177055],[-0.200571,0.921211,0.33338],[0.253162,-0.28,0.926018]]],"btipPosition":[-50.9986,327.614,-93.1636],"carpPosition":[-8.71995,234.836,18.8439],"dipPosition":[-46.7587,322.925,-77.6547],"direction":[-0.280054,0.413232,-0.866492],"extended":true,"handId":464,"id":4641,"length":57.6453,"mcpPosition":[-27.2194,288.811,-25.2603],"pipPosition":[-40.1235,313.134,-57.1251],"stabilizedTipPosition":[-50.8918,327.198,-89.5448],"timeVisible":12.7713,"tipPosition":[-50.1023,327.505,-88.9356],"tipVelocity":[70.2401,-56.0071,-1.0729],"tool":false,"touchDistance":-0.148199,"touchZone":"touching","type":1,"width":18.9605},{"bases":[[[0.983096,0.00693371,-0.182961],[0.136658,0.637251,0.758443],[0.121851,-0.770626,0.625531]],[[0.986165,-0.0149956,-0.165089],[-0.0544955,0.91122,-0.408299],[0.156555,0.411647,0.897796]],[[0.986165,-0.0149956,-0.165089],[-0.160426,-0.337142,-0.927685],[-0.0417473,0.941334,-0.334883]],[[0.986165,-0.0149956,-0.165089],[-0.0975578,-0.857671,-0.504859],[-0.134022,0.51398,-0.847268]]],"btipPosition":[-9.48658,236.485,-42.0888],"carpPosition":[2.61117,238.939,18.1678],"dipPosition":[-11.9553,245.953,-57.696],"direction":[0.0417473,-0.941334,0.334883],"extended":false,"handId":464,"id":4642,"length":65.6822,"mcpPosition":[-5.72212,291.641,-24.6118],"pipPosition":[-13.119,272.192,-67.0306],"stabilizedTipPosition":[-12.9243,240.918,-49.6751],"timeVisible":12.7713,"tipPosition":[-10.2197,239.232,-46.5842],"tipVelocity":[44.3829,-40.7126,47.8617],"tool":false,"touchDistance":0.333333,"touchZone":"none","type":2,"width":18.6218},{"bases":[[[0.977194,-0.154604,-0.145566],[0.210361,0.611227,0.762988],[-0.0289874,-0.776208,0.62981]],[[0.977557,-0.122359,-0.171498],[0.0230656,0.871315,-0.490182],[0.209407,0.475225,0.854582]],[[0.977557,-0.122359,-0.171498],[-0.207778,-0.425484,-0.88079],[0.0348029,0.896656,-0.441358]],[[0.977557,-0.122359,-0.171498],[-0.18571,-0.884856,-0.427248],[-0.0994733,0.449508,-0.88772]]],"btipPosition":[7.89978,234.471,-31.7145],"carpPosition":[14.4144,240.204,16.1416],"dipPosition":[6.07795,242.703,-47.9729],"direction":[-0.0348029,-0.896656,0.441358],"extended":false,"handId":464,"id":4643,"length":63.1552,"mcpPosition":[16.1943,287.865,-22.53],"pipPosition":[7.02301,267.051,-59.9578],"stabilizedTipPosition":[4.69112,238.527,-38.9907],"timeVisible":12.7713,"tipPosition":[7.37956,236.717,-36.329],"tipVelocity":[44.1885,-39.7097,46.7598],"tool":false,"touchDistance":0.333333,"touchZone":"none","type":3,"width":17.7198},{"bases":[[[0.918991,-0.342256,-0.195747],[0.356396,0.508746,0.783683],[-0.168635,-0.789961,0.589511]],[[0.930869,-0.265521,-0.250963],[0.138044,0.891594,-0.431281],[0.338271,0.366822,0.866611]],[[0.930869,-0.265521,-0.250963],[-0.329438,-0.313003,-0.890786],[0.15797,0.911881,-0.378837]],[[0.930869,-0.265521,-0.250963],[-0.357355,-0.80465,-0.474169],[-0.0760356,0.531072,-0.843908]]],"btipPosition":[22.3005,241.144,-31.6391],"carpPosition":[26.184,235.413,10.3834],"dipPosition":[21.0158,250.117,-45.8979],"direction":[-0.15797,-0.911881,0.378837],"extended":false,"handId":464,"id":4644,"length":49.5125,"mcpPosition":[35.7691,280.314,-23.124],"pipPosition":[24.0444,267.6,-53.1611],"stabilizedTipPosition":[19.2146,245.714,-37.9885],"timeVisible":12.7713,"tipPosition":[21.9825,243.701,-35.722],"tipVelocity":[45.6467,-44.9915,39.1849],"tool":false,"touchDistance":0.333333,"touchZone":"none","type":4,"width":15.7401}],"r":[[0.924292,0.0561607,0.377532],[-0.103392,0.988975,0.106011],[-0.367416,-0.137019,0.919908]],"s":1.04672,"t":[99.4954,19.9912,-121.131],"timestamp":93263214253},true],[2,{"currentFrameRate":107.203,"devices":[],"gestures":[],"hands":[{"armBasis":[[0.987343,0.0947141,-0.12721],[-0.056892,0.960226,0.273366],[0.148042,-0.262669,0.953461]],"armWidth":62.4607,"confidence":0.349605,"direction":[-0.0902822,0.857246,-0.50693],"elbow":[51.2231,156.203,266.539],"grabStrength":0,"id":464,"palmNormal":[-0.00742515,-0.509574,-0.860395],"palmPosition":[-0.210064,268.389,-15.8932],"palmVelocity":[50.3045,-26.461,23.3046],"palmWidth":89.1918,"pinchStrength":0.369097,"r":[[0.924794,0.0549061,0.376485],[-0.100763,0.989544,0.103198],[-0.366882,-0.133373,0.920657]],"s":1.04647,"sphereCenter":[-14.3564,261.819,-59.3509],"sphereRadius":46.0124,"stabilizedPalmPosition":[-3.76619,269.935,-18.4838],"t":[99.9388,19.7404,-120.995],"timeVisible":12.7801,"type":"right","wrist":[12.0416,225.722,14.1922]}],"id":1671594,"interactionBox":{"center":[0,200,0],"size":[235.247,235.247,147.751]},"pointables":[{"bases":[[[0.389767,0.652796,0.649568],[-0.76293,-0.16615,0.624765],[0.51577,-0.739088,0.433278]],[[0.303555,0.76118,0.573113],[-0.770191,-0.158093,0.61791],[0.560946,-0.628976,0.538265]],[[0.303555,0.76118,0.573113],[-0.949085,0.294716,0.111265],[-0.0842127,-0.577708,0.811887]],[[0.303555,0.76118,0.573113],[-0.945072,0.317053,0.0794723],[-0.121214,-0.565758,0.815613]]],"btipPosition":[-37.4162,278.45,-63.9362],"carpPosition":[-15.5639,215.387,8.24745],"dipPosition":[-40.197,265.471,-45.2251],"direction":[0.0842127,0.577708,-0.811887],"extended":false,"handId":464,"id":4640,"length":51.0864,"mcpPosition":[-15.5639,215.387,8.24745],"pipPosition":[-43.0116,246.163,-18.0904],"stabilizedTipPosition":[-38.2225,275.615,-59.575],"timeVisible":12.7801,"tipPosition":[-38.2062,275.515,-58.9001],"tipVelocity":[54.4676,-44.6719,-4.28672],"tool":false,"touchDistance":-0.18078,"touchZone":"touching","type":0,"width":19.8498},{"bases":[[[0.966592,0.216798,-0.136742],[-0.0306636,0.627454,0.778049],[0.254479,-0.747863,0.61314]],[[0.947153,0.266915,-0.177925],[-0.0999113,0.772534,0.627064],[0.304826,-0.576149,0.758376]],[[0.947153,0.266915,-0.177925],[-0.158393,0.871471,0.464166],[0.278949,-0.411454,0.867694]],[[0.947153,0.266915,-0.177925],[-0.197903,0.922736,0.330746],[0.252459,-0.278056,0.926795]]],"btipPosition":[-50.5215,327.331,-93.2273],"carpPosition":[-8.4951,234.73,19.0073],"dipPosition":[-46.2933,322.674,-77.7054],"direction":[-0.278949,0.411454,-0.867694],"extended":true,"handId":464,"id":4641,"length":57.6453,"mcpPosition":[-26.847,288.662,-25.2097],"pipPosition":[-39.6842,312.926,-57.1474],"stabilizedTipPosition":[-50.1661,326.691,-89.6056],"timeVisible":12.7801,"tipPosition":[-49.6254,327.217,-89.0083],"tipVelocity":[65.6873,-49.2448,-2.63996],"tool":false,"touchDistance":-0.149212,"touchZone":"touching","type":1,"width":18.9605},{"bases":[[[0.983056,0.0036025,-0.183269],[0.138786,0.638502,0.757003],[0.119744,-0.769612,0.627184]],[[0.986058,-0.018238,-0.165397],[-0.0520167,0.910378,-0.410496],[0.158061,0.413376,0.896737]],[[0.986058,-0.018238,-0.165397],[-0.161727,-0.338932,-0.926806],[-0.0391553,0.940634,-0.337156]],[[0.986058,-0.018238,-0.165397],[-0.100221,-0.858561,-0.502821],[-0.132833,0.512387,-0.848419]]],"btipPosition":[-9.27094,236.241,-41.9161],"carpPosition":[2.848,238.797,18.3189],"dipPosition":[-11.7178,245.679,-57.5445],"direction":[0.0391553,-0.940634,0.337156],"extended":false,"handId":464,"id":4642,"length":65.6822,"mcpPosition":[-5.34122,291.43,-24.5737],"pipPosition":[-12.8092,271.899,-66.9425],"stabilizedTipPosition":[-12.818,240.832,-49.5318],"timeVisible":12.7801,"tipPosition":[-9.99633,238.973,-46.4068],"tipVelocity":[39.0866,-37.3263,40.005],"tool":false,"touchDistance":0.333333,"touchZone":"none","type":2,"width":18.6218},{"bases":[[[0.976685,-0.157835,-0.145517],[0.212413,0.612269,0.761582],[-0.0311087,-0.774735,0.63152]],[[0.977136,-0.125658,-0.171511],[0.0254342,0.869956,-0.492473],[0.21109,0.476851,0.853261]],[[0.977136,-0.125658,-0.171511],[-0.209334,-0.427375,-0.879505],[0.0372177,0.895299,-0.443908]],[[0.977136,-0.125658,-0.171511],[-0.188425,-0.885488,-0.424743],[-0.0984983,0.447349,-0.888919]]],"btipPosition":[8.11279,234.204,-31.5256],"carpPosition":[14.6543,240.023,16.2865],"dipPosition":[6.30882,242.397,-47.806],"direction":[-0.0372177,-0.895299,0.443908],"extended":false,"handId":464,"id":4643,"length":63.1552,"mcpPosition":[16.5645,287.593,-22.4902],"pipPosition":[7.31945,266.708,-59.8601],"stabilizedTipPosition":[4.80556,238.434,-38.8491],"timeVisible":12.7801,"tipPosition":[7.59823,236.432,-36.1358],"tipVelocity":[38.8365,-37.3616,39.6927],"tool":false,"touchDistance":0.333333,"touchZone":"none","type":3,"width":17.7198},{"bases":[[[0.917907,-0.345422,-0.195269],[0.358149,0.509399,0.782459],[-0.170808,-0.78816,0.591293]],[[0.929994,-0.268874,-0.250636],[0.14056,0.890174,-0.433396],[0.339638,0.367827,0.86565]],[[0.929994,-0.268874,-0.250636],[-0.330635,-0.313994,-0.889993],[0.160597,0.910557,-0.380912]],[[0.929994,-0.268874,-0.250636],[-0.359914,-0.804576,-0.472355],[-0.0746518,0.529495,-0.845022]]],"btipPosition":[22.5268,240.83,-31.4966],"carpPosition":[26.4078,235.184,10.5352],"dipPosition":[21.2654,249.776,-45.7743],"direction":[-0.160597,-0.910557,0.380912],"extended":false,"handId":464,"id":4644,"length":49.5125,"mcpPosition":[36.1165,279.983,-23.0734],"pipPosition":[24.3445,267.234,-53.0772],"stabilizedTipPosition":[19.3626,245.576,-37.8314],"timeVisible":12.7801,"tipPosition":[22.2163,243.376,-35.5776],"tipVelocity":[40.3432,-42.5733,32.7764],"tool":false,"touchDistance":0.333333,"touchZone":"none","type":4,"width":15.7401}],"r":[[0.924794,0.0549061,0.376485],[-0.100763,0.989544,0.103198],[-0.366882,-0.133373,0.920657]],"s":1.04647,"t":[99.9388,19.7404,-120.995],"timestamp":93263223128},true],[3,{"currentFrameRate":107.351,"devices":[],"gestures":[],"hands":[{"armBasis":[[0.98758,0.0920755,-0.12731],[-0.0544657,0.960673,0.272289],[0.147375,-0.261973,0.953756]],"armWidth":62.4607,"confidence":0.355036,"direction":[-0.087867,0.857905,-0.50624],"elbow":[51.1592,156.236,266.725],"grabStrength":0,"id":464,"palmNormal":[-0.00866119,-0.508844,-0.860815],"palmPosition":[0.0238358,268.295,-15.7519],"palmVelocity":[43.5639,-22.0094,21.1869],"palmWidth":89.1918,"pinchStrength":0.371332,"r":[[0.925209,0.0533348,0.37569],[-0.0981255,0.990025,0.101104],[-0.36655,-0.130407,0.921214]],"s":1.0462,"sphereCenter":[-14.0655,261.808,-59.1967],"sphereRadius":45.9703,"stabilizedPalmPosition":[-3.51295,269.825,-18.3012],"t":[100.277,19.5683,-120.856],"timeVisible":12.7892,"type":"right","wrist":[12.1545,225.571,14.3005]}],"id":1671595,"interactionBox":{"center":[0,200,0],"size":[235.247,235.247,147.751]},"pointables":[{"bases":[[[0.391427,0.651201,0.650171],[-0.763486,-0.164591,0.624499],[0.513687,-0.740842,0.432758]],[[0.303615,0.761984,0.572013],[-0.772969,-0.154029,0.615463],[0.557079,-0.629012,0.542224]],[[0.303615,0.761984,0.572013],[-0.948594,0.298056,0.106455],[-0.0893747,-0.574929,0.813307]],[[0.303615,0.761984,0.572013],[-0.945851,0.313392,0.084569],[-0.114824,-0.566715,0.815873]]],"btipPosition":[-37.1152,278.31,-64.0882],"carpPosition":[-15.478,215.315,8.34257],"dipPosition":[-39.7494,265.309,-45.3712],"direction":[0.0893747,0.574929,-0.813307],"extended":false,"handId":464,"id":4640,"length":51.0864,"mcpPosition":[-15.478,215.315,8.34257],"pipPosition":[-42.7365,246.094,-18.189],"stabilizedTipPosition":[-37.8418,275.391,-59.7331],"timeVisible":12.7892,"tipPosition":[-37.8815,275.436,-58.9995],"tipVelocity":[49.6529,-36.7886,-7.69731],"tool":false,"touchDistance":-0.183291,"touchZone":"touching","type":0,"width":19.8498},{"bases":[[[0.967201,0.214285,-0.1364],[-0.0290932,0.626895,0.77856],[0.252342,-0.749055,0.612568]],[[0.947899,0.264503,-0.177557],[-0.0979994,0.772428,0.627496],[0.303124,-0.577402,0.758104]],[[0.947899,0.264503,-0.177557],[-0.156131,0.87154,0.464802],[0.277689,-0.412863,0.867429]],[[0.947899,0.264503,-0.177557],[-0.195442,0.922971,0.331552],[0.251576,-0.279576,0.926578]]],"btipPosition":[-50.1145,327.429,-93.0525],"carpPosition":[-8.35856,234.63,19.1196],"dipPosition":[-45.9012,322.747,-77.5342],"direction":[-0.277689,0.412863,-0.867429],"extended":true,"handId":464,"id":4641,"length":57.6453,"mcpPosition":[-26.5564,288.649,-25.0562],"pipPosition":[-39.3219,312.965,-56.9825],"stabilizedTipPosition":[-49.5643,326.491,-89.5335],"timeVisible":12.7892,"tipPosition":[-49.2181,327.297,-88.8412],"tipVelocity":[59.8759,-32.8492,3.39346],"tool":false,"touchDistance":-0.146311,"touchZone":"touching","type":1,"width":18.9605},{"bases":[[[0.983094,0.00108351,-0.183099],[0.14039,0.6375,0.757551],[0.117546,-0.770449,0.626571]],[[0.986026,-0.0207169,-0.165297],[-0.0495992,0.910731,-0.410012],[0.159035,0.412481,0.896977]],[[0.986026,-0.0207169,-0.165297],[-0.162504,-0.338013,-0.927006],[-0.0366677,0.940913,-0.336656]],[[0.986026,-0.0207169,-0.165297],[-0.102414,-0.857969,-0.503389],[-0.131391,0.513284,-0.848101]]],"btipPosition":[-9.11491,236.187,-41.7878],"carpPosition":[2.99566,238.667,18.4364],"dipPosition":[-11.5352,245.642,-57.4104],"direction":[0.0366677,-0.940913,0.336656],"extended":false,"handId":464,"id":4642,"length":65.6822,"mcpPosition":[-5.04325,291.358,-24.4143],"pipPosition":[-12.5573,271.869,-66.7945],"stabilizedTipPosition":[-12.7045,240.743,-49.3821],"timeVisible":12.7892,"tipPosition":[-9.83123,238.916,-46.2656],"tipVelocity":[33.2517,-28.5747,32.9259],"tool":false,"touchDistance":0.333333,"touchZone":"none","type":2,"width":18.6218},{"bases":[[[0.976277,-0.160367,-0.145481],[0.213944,0.611064,0.762122],[-0.0333208,-0.775167,0.630877]],[[0.97682,-0.128181,-0.17144],[0.0278062,0.87009,-0.492107],[0.212247,0.475933,0.853486]],[[0.97682,-0.128181,-0.17144],[-0.210365,-0.426633,-0.87962],[0.0396082,0.895296,-0.443708]],[[0.97682,-0.128181,-0.17144],[-0.190709,-0.884865,-0.425023],[-0.0972217,0.447866,-0.888799]]],"btipPosition":[8.26095,234.101,-31.3832],"carpPosition":[14.8056,239.863,16.407],"dipPosition":[6.48036,242.304,-47.6613],"direction":[-0.0396082,-0.895296,0.443708],"extended":false,"handId":464,"id":4643,"length":63.1552,"mcpPosition":[16.8516,287.459,-22.3302],"pipPosition":[7.5559,266.615,-59.71],"stabilizedTipPosition":[4.92533,238.338,-38.7028],"timeVisible":12.7892,"tipPosition":[7.75362,236.325,-35.9824],"tipVelocity":[32.808,-30.1247,33.1067],"tool":false,"touchDistance":0.333333,"touchZone":"none","type":3,"width":17.7198},{"bases":[[[0.916999,-0.347752,-0.195398],[0.359396,0.507781,0.782939],[-0.17305,-0.788179,0.590616]],[[0.929301,-0.271211,-0.250686],[0.143013,0.890075,-0.432797],[0.340509,0.366347,0.865935]],[[0.929301,-0.271211,-0.250686],[-0.331329,-0.312363,-0.890309],[0.163157,0.910425,-0.38014]],[[0.929301,-0.271211,-0.250686],[-0.362037,-0.803127,-0.473197],[-0.0729964,0.530501,-0.844536]]],"btipPosition":[22.6861,240.681,-31.3725],"carpPosition":[26.5469,234.997,10.6537],"dipPosition":[21.4527,249.644,-45.6419],"direction":[-0.163157,-0.910425,0.38014],"extended":false,"handId":464,"id":4644,"length":49.5125,"mcpPosition":[36.3829,279.797,-22.9164],"pipPosition":[24.5808,267.099,-52.9301],"stabilizedTipPosition":[19.5213,245.428,-37.6655],"timeVisible":12.7892,"tipPosition":[22.3845,243.228,-35.4422],"tipVelocity":[34.2708,-35.2658,27.5796],"tool":false,"touchDistance":0.333333,"touchZone":"none","type":4,"width":15.7401}],"r":[[0.925209,0.0533348,0.37569],[-0.0981255,0.990025,0.101104],[-0.36655,-0.130407,0.921214]],"s":1.0462,"t":[100.277,19.5683,-120.856],"timestamp":93263232173},true],[4,{"currentFrameRate":107.507,"devices":[],"gestures":[],"hands":[{"armBasis":[[0.988342,0.0812031,-0.12879],[-0.0445758,0.963162,0.265203],[0.145581,-0.25637,0.955553]],"armWidth":62.4607,"confidence":0.294229,"direction":[-0.0824476,0.865348,-0.494343],"elbow":[51.0365,156.244,266.332],"grabStrength":0,"id":464,"palmNormal":[-0.0192552,-0.497322,-0.867352],"palmPosition":[0.615427,267.332,-15.9769],"palmVelocity":[49.6252,-45.3382,8.49708],"palmWidth":89.1918,"pinchStrength":0.371844,"r":[[0.926122,0.0492393,0.373996],[-0.0939063,0.990326,0.102155],[-0.365348,-0.129729,0.921787]],"s":1.04582,"sphereCenter":[-13.6683,261.52,-59.4412],"sphereRadius":45.9283,"stabilizedPalmPosition":[-3.20245,269.637,-18.1264],"t":[100.743,19.0006,-120.9],"timeVisible":12.7982,"type":"right","wrist":[12.5064,224.096,13.4321]}],"id":1671596,"interactionBox":{"center":[0,200,0],"size":[235.247,235.247,147.751]},"pointables":[{"bases":[[[0.402087,0.638621,0.656117],[-0.761117,-0.165197,0.627225],[0.508948,-0.75158,0.419642]],[[0.313923,0.752394,0.579098],[-0.772211,-0.152532,0.616785],[0.552397,-0.640809,0.533124]],[[0.313923,0.752394,0.579098],[-0.944937,0.306973,0.113406],[-0.0924414,-0.582813,0.807331]],[[0.313923,0.752394,0.579098],[-0.943167,0.317168,0.0992006],[-0.109033,-0.577328,0.8092]]],"btipPosition":[-36.7037,278.274,-64.1132],"carpPosition":[-15.2652,214.196,7.51946],"dipPosition":[-39.205,265.03,-45.5493],"direction":[0.0924414,0.582813,-0.807331],"extended":false,"handId":464,"id":4640,"length":51.0864,"mcpPosition":[-15.2652,214.196,7.51946],"pipPosition":[-42.2946,245.551,-18.5669],"stabilizedTipPosition":[-37.4031,275.264,-59.8192],"timeVisible":12.7982,"tipPosition":[-37.4423,275.36,-59.0399],"tipVelocity":[49.4807,-29.457,-7.41711],"tool":false,"touchDistance":-0.184295,"touchZone":"touching","type":0,"width":19.8498},{"bases":[[[0.968421,0.206406,-0.139848],[-0.0178318,0.61682,0.786903],[0.248682,-0.759559,0.601022]],[[0.949341,0.257408,-0.180258],[-0.0870998,0.766679,0.636096],[0.301936,-0.588171,0.75026]],[[0.949341,0.257408,-0.180258],[-0.14524,0.868082,0.474699],[0.27867,-0.424471,0.861492]],[[0.949341,0.257408,-0.180258],[-0.184799,0.921246,0.34228],[0.254168,-0.291629,0.922145]]],"btipPosition":[-49.392,327.782,-92.2912],"carpPosition":[-7.88336,233.295,18.5029],"dipPosition":[-45.1352,322.897,-76.8472],"direction":[-0.27867,0.424471,-0.861492],"extended":true,"handId":464,"id":4641,"length":57.6453,"mcpPosition":[-25.8172,288.071,-24.8402],"pipPosition":[-38.5328,312.841,-56.4361],"stabilizedTipPosition":[-48.873,326.592,-89.0565],"timeVisible":12.7982,"tipPosition":[-48.4757,327.602,-88.0811],"tipVelocity":[65.7489,-14.4847,25.1579],"tool":false,"touchDistance":-0.133908,"touchZone":"touching","type":1,"width":18.9605},{"bases":[[[0.981871,-0.00630808,-0.189447],[0.151612,0.626009,0.764935],[0.11377,-0.77979,0.615617]],[[0.984685,-0.028267,-0.172034],[-0.0432749,0.916257,-0.398247],[0.168885,0.399593,0.901001]],[[0.984685,-0.028267,-0.172034],[-0.171812,-0.324804,-0.930045],[-0.0295877,0.945359,-0.324686]],[[0.984685,-0.028267,-0.172034],[-0.114129,-0.850461,-0.513508],[-0.131793,0.525278,-0.840663]]],"btipPosition":[-9.0013,235.649,-42.3368],"carpPosition":[3.50633,237.227,17.7991],"dipPosition":[-11.429,245.325,-57.8223],"direction":[0.0295877,-0.945359,0.324686],"extended":false,"handId":464,"id":4642,"length":65.6822,"mcpPosition":[-4.27432,290.556,-24.3024],"pipPosition":[-12.2537,271.676,-66.8728],"stabilizedTipPosition":[-12.5649,240.615,-49.2275],"timeVisible":12.7982,"tipPosition":[-9.7184,238.432,-46.7634],"tipVelocity":[27.5191,-35.5589,8.0872],"tool":false,"touchDistance":0.333333,"touchZone":"none","type":2,"width":18.6218},{"bases":[[[0.973669,-0.168165,-0.15391],[0.224924,0.598782,0.76868],[-0.0371064,-0.783059,0.62084]],[[0.974371,-0.135655,-0.17944],[0.0333576,0.876015,-0.481128],[0.22246,0.462812,0.858089]],[[0.974371,-0.135655,-0.17944],[-0.22026,-0.413368,-0.883523],[0.0456801,0.900403,-0.432653]],[[0.974371,-0.135655,-0.17944],[-0.202259,-0.877455,-0.43493],[-0.0984496,0.460077,-0.882404]]],"btipPosition":[8.41269,233.267,-32.0838],"carpPosition":[15.3146,238.331,15.7089],"dipPosition":[6.60961,241.693,-48.2448],"direction":[-0.0456801,-0.900403,0.432653],"extended":false,"handId":464,"id":4643,"length":63.1552,"mcpPosition":[17.593,286.412,-22.4119],"pipPosition":[7.85003,266.143,-59.9933],"stabilizedTipPosition":[5.07335,238.187,-38.563],"timeVisible":12.7982,"tipPosition":[7.89892,235.547,-36.6413],"tipVelocity":[28.2545,-45.7269,3.45285],"tool":false,"touchDistance":0.333333,"touchZone":"none","type":3,"width":17.7198},{"bases":[[[0.912193,-0.354274,-0.205899],[0.36946,0.493787,0.787194],[-0.177212,-0.794144,0.581319]],[[0.924913,-0.277132,-0.260258],[0.149171,0.894212,-0.422058],[0.349692,0.351544,0.868408]],[[0.924913,-0.277132,-0.260258],[-0.34012,-0.297303,-0.892149],[0.169867,0.913679,-0.369238]],[[0.924913,-0.277132,-0.260258],[-0.3731,-0.793156,-0.481352],[-0.0730279,0.542311,-0.836998]]],"btipPosition":[22.8988,239.699,-32.1037],"carpPosition":[26.9695,233.425,9.81619],"dipPosition":[21.6649,248.862,-46.2458],"direction":[-0.169867,-0.913679,0.369238],"extended":false,"handId":464,"id":4644,"length":49.5125,"mcpPosition":[37.0421,278.564,-23.2255],"pipPosition":[24.9217,266.379,-53.3249],"stabilizedTipPosition":[19.7105,245.206,-37.5243],"timeVisible":12.7982,"tipPosition":[22.5972,242.299,-36.132],"tipVelocity":[31.3304,-54.116,-1.4148],"tool":false,"touchDistance":0.333333,"touchZone":"none","type":4,"width":15.7401}],"r":[[0.926122,0.0492393,0.373996],[-0.0939063,0.990326,0.102155],[-0.365348,-0.129729,0.921787]],"s":1.04582,"t":[100.743,19.0006,-120.9],"timestamp":93263241191},false],[5,{"currentFrameRate":107.624,"devices":[],"gestures":[],"hands":[{"armBasis":[[0.988782,0.073296,-0.130142],[-0.037435,0.965116,0.259133],[0.144595,-0.251354,0.957034]],"armWidth":62.4607,"confidence":0.295246,"direction":[-0.0781738,0.870975,-0.485069],"elbow":[50.9851,156.41,266.109],"grabStrength":0,"id":464,"palmNormal":[-0.0268299,-0.48822,-0.872308],"palmPosition":[1.01779,266.558,-16.0937],"palmVelocity":[48.1556,-56.3832,2.58746],"palmWidth":89.1918,"pinchStrength":0.371991,"r":[[0.927239,0.0438158,0.371898],[-0.0889596,0.990474,0.105105],[-0.36375,-0.130541,0.922304]],"s":1.04517,"sphereCenter":[-13.2265,261.209,-59.6324],"sphereRadius":45.8668,"stabilizedPalmPosition":[-2.84592,269.377,-17.9547],"t":[101.176,18.3297,-120.98],"timeVisible":12.8073,"type":"right","wrist":[12.7159,222.934,12.8165]}],"id":1671597,"interactionBox":{"center":[0,200,0],"size":[235.247,235.247,147.751]},"pointables":[{"bases":[[[0.409764,0.628836,0.660802],[-0.759533,-0.165978,0.628936],[0.505176,-0.759616,0.40961]],[[0.321224,0.745061,0.58455],[-0.772743,-0.1506,0.616594],[0.547433,-0.649772,0.527364]],[[0.321224,0.745061,0.58455],[-0.94217,0.313719,0.117882],[-0.0955552,-0.588612,0.802748]],[[0.321224,0.745061,0.58455],[-0.94137,0.318449,0.111414],[-0.103139,-0.586067,0.803672]]],"btipPosition":[-36.3817,278.214,-64.1425],"carpPosition":[-15.155,213.302,6.92839],"dipPosition":[-38.7478,264.769,-45.7054],"direction":[0.0955552,0.588612,-0.802748],"extended":false,"handId":464,"id":4640,"length":51.0864,"mcpPosition":[-15.155,213.302,6.92839],"pipPosition":[-41.9415,245.096,-18.8761],"stabilizedTipPosition":[-37.0211,275.15,-59.8854],"timeVisible":12.8073,"tipPosition":[-37.1033,275.261,-59.0729],"tipVelocity":[46.5486,-24.5611,-7.1452],"tool":false,"touchDistance":-0.185269,"touchZone":"touching","type":0,"width":19.8498},{"bases":[[[0.969305,0.200632,-0.142105],[-0.00972009,0.608811,0.793256],[0.245668,-0.767526,0.592074]],[[0.950379,0.252305,-0.181994],[-0.0802528,0.76405,0.640146],[0.300564,-0.593776,0.746386]],[[0.950379,0.252305,-0.181994],[-0.138388,0.86682,0.479032],[0.278618,-0.430077,0.858724]],[[0.950379,0.252305,-0.181994],[-0.178028,0.920842,0.346924],[0.255118,-0.297309,0.920066]]],"btipPosition":[-48.8299,327.757,-91.8118],"carpPosition":[-7.58179,232.232,18.0735],"dipPosition":[-44.5572,322.778,-76.4026],"direction":[-0.278618,0.430077,-0.858724],"extended":true,"handId":464,"id":4641,"length":57.6453,"mcpPosition":[-25.2983,287.582,-24.6243],"pipPosition":[-37.956,312.588,-56.0571],"stabilizedTipPosition":[-48.2606,326.604,-88.5855],"timeVisible":12.8073,"tipPosition":[-47.9082,327.593,-87.5721],"tipVelocity":[64.7957,-11.886,32.5615],"tool":false,"touchDistance":-0.126051,"touchZone":"touching","type":1,"width":18.9605},{"bases":[[[0.980944,-0.0116546,-0.193942],[0.159688,0.616967,0.770618],[0.110674,-0.786903,0.607071]],[[0.983656,-0.0336628,-0.176884],[-0.0385341,0.920252,-0.389423],[0.175887,0.389875,0.903915]],[[0.983656,-0.0336628,-0.176884],[-0.178407,-0.314948,-0.93219],[-0.024329,0.948512,-0.315806]],[[0.983656,-0.0336628,-0.176884],[-0.1226,-0.844688,-0.521029],[-0.131872,0.534199,-0.83501]]],"btipPosition":[-8.93811,235.202,-42.6822],"carpPosition":[3.83374,236.086,17.3585],"dipPosition":[-11.3673,245.042,-58.0636],"direction":[0.024329,-0.948512,0.315806],"extended":false,"handId":464,"id":4642,"length":65.6822,"mcpPosition":[-3.73517,289.902,-24.1585],"pipPosition":[-12.0454,271.481,-66.8665],"stabilizedTipPosition":[-12.401,240.447,-49.0668],"timeVisible":12.8073,"tipPosition":[-9.65492,238.022,-47.0684],"tipVelocity":[21.821,-38.1937,-3.94464],"tool":false,"touchDistance":0.333333,"touchZone":"none","type":2,"width":18.6218},{"bases":[[[0.971691,-0.173803,-0.160029],[0.232811,0.589158,0.773752],[-0.040198,-0.789104,0.612943]],[[0.972522,-0.141048,-0.18522],[0.0376957,0.880484,-0.472575],[0.229739,0.452607,0.861607]],[[0.972522,-0.141048,-0.18522],[-0.227295,-0.403086,-0.886487],[0.0503772,0.904227,-0.42407]],[[0.972522,-0.141048,-0.18522],[-0.210705,-0.871624,-0.442578],[-0.0990177,0.469444,-0.877393]]],"btipPosition":[8.49248,232.602,-32.5604],"carpPosition":[15.6405,237.124,15.2264],"dipPosition":[6.679,241.2,-48.6296],"direction":[-0.0503772,-0.904227,0.42407],"extended":false,"handId":464,"id":4643,"length":63.1552,"mcpPosition":[18.1087,285.577,-22.4095],"pipPosition":[8.04697,265.754,-60.145],"stabilizedTipPosition":[5.24226,237.984,-38.4332],"timeVisible":12.8073,"tipPosition":[7.97591,234.925,-37.0834],"tipVelocity":[22.7962,-52.1105,-11.3789],"tool":false,"touchDistance":0.333333,"touchZone":"none","type":3,"width":17.7198},{"bases":[[[0.908594,-0.358906,-0.213644],[0.376638,0.482908,0.790534],[-0.180557,-0.798741,0.573945]],[[0.921649,-0.281298,-0.267272],[0.153907,0.897318,-0.413681],[0.356196,0.340134,0.870306]],[[0.921649,-0.281298,-0.267272],[-0.346331,-0.285743,-0.893536],[0.174978,0.916091,-0.360777]],[[0.921649,-0.281298,-0.267272],[-0.381144,-0.78544,-0.487662],[-0.0727477,0.551322,-0.831115]]],"btipPosition":[23.0234,238.924,-32.5972],"carpPosition":[27.2321,232.193,9.231],"dipPosition":[21.7942,248.24,-46.6398],"direction":[-0.174978,-0.916091,0.360777],"extended":false,"handId":464,"id":4644,"length":49.5125,"mcpPosition":[37.4948,277.592,-23.3916],"pipPosition":[25.149,265.803,-53.5567],"stabilizedTipPosition":[19.9188,244.922,-37.4077],"timeVisible":12.8073,"tipPosition":[22.7229,241.563,-36.5908],"tipVelocity":[26.4912,-61.6675,-15.3612],"tool":false,"touchDistance":0.333333,"touchZone":"none","type":4,"width":15.7401}],"r":[[0.927239,0.0438158,0.371898],[-0.0889596,0.990474,0.105105],[-0.36375,-0.130541,0.922304]],"s":1.04517,"t":[101.176,18.3297,-120.98],"timestamp":93263250271},false],[6,{"currentFrameRate":107.782,"devices":[],"gestures":[],"hands":[{"armBasis":[[0.989257,0.0633957,-0.131723],[-0.0281624,0.966842,0.253818],[0.143446,-0.247382,0.958241]],"armWidth":62.4607,"confidence":0.281009,"direction":[-0.0729672,0.875046,-0.478508],"elbow":[50.7767,156.548,265.927],"grabStrength":0,"id":464,"palmNormal":[-0.0361819,-0.481793,-0.875538],"palmPosition":[1.34873,265.952,-16.2221],"palmVelocity":[45.0422,-59.408,-2.04009],"palmWidth":89.1918,"pinchStrength":0.370845,"r":[[0.928599,0.0372722,0.369209],[-0.083075,0.990571,0.108943],[-0.361667,-0.131836,0.922939]],"s":1.04426,"sphereCenter":[-12.8652,260.905,-59.8468],"sphereRadius":45.8142,"stabilizedPalmPosition":[-2.46204,269.064,-17.7961],"t":[101.559,17.6911,-121.084],"timeVisible":12.8163,"type":"right","wrist":[12.8116,222.021,12.315]}],"id":1671598,"interactionBox":{"center":[0,200,0],"size":[235.247,235.247,147.751]},"pointables":[{"bases":[[[0.419184,0.62042,0.662845],[-0.757463,-0.163516,0.63207],[0.500535,-0.767035,0.401401]],[[0.331207,0.738062,0.587849],[-0.771481,-0.14687,0.619069],[0.543249,-0.658554,0.520756]],[[0.331207,0.738062,0.587849],[-0.938516,0.322011,0.124486],[-0.0974148,-0.592936,0.799335]],[[0.331207,0.738062,0.587849],[-0.93824,0.323667,0.122252],[-0.100038,-0.592034,0.79968]]],"btipPosition":[-36.2095,278.307,-64.0236],"carpPosition":[-15.1785,212.684,6.51831],"dipPosition":[-38.5045,264.725,-45.678],"direction":[0.0974148,0.592936,-0.799335],"extended":false,"handId":464,"id":4640,"length":51.0864,"mcpPosition":[-15.1785,212.684,6.51831],"pipPosition":[-41.7603,244.908,-18.9628],"stabilizedTipPosition":[-36.7889,275.177,-59.8189],"timeVisible":12.8163,"tipPosition":[-36.9117,275.305,-58.9821],"tipVelocity":[39.5311,-15.9498,-2.1994],"tool":false,"touchDistance":-0.183638,"touchZone":"touching","type":0,"width":19.8498},{"bases":[[[0.970277,0.192833,-0.14621],[0.000287341,0.603265,0.797541],[0.241995,-0.773878,0.585279]],[[0.951511,0.24517,-0.185791],[-0.0722172,0.76513,0.639813],[0.299017,-0.595372,0.745735]],[[0.951511,0.24517,-0.185791],[-0.130374,0.868456,0.478316],[0.27862,-0.4309,0.85831]],[[0.951511,0.24517,-0.185791],[-0.17011,0.922591,0.34625],[0.256299,-0.297856,0.919561]]],"btipPosition":[-48.3087,327.544,-91.5973],"carpPosition":[-7.37071,231.465,17.7524],"dipPosition":[-44.0162,322.556,-76.1965],"direction":[-0.27862,0.4309,-0.85831],"extended":true,"handId":464,"id":4641,"length":57.6453,"mcpPosition":[-24.8224,287.274,-24.4554],"pipPosition":[-37.415,312.347,-55.8608],"stabilizedTipPosition":[-47.7042,326.481,-88.2713],"timeVisible":12.8163,"tipPosition":[-47.3789,327.449,-87.303],"tipVelocity":[63.0625,-15.1837,30.1143],"tool":false,"touchDistance":-0.122508,"touchZone":"touching","type":1,"width":18.9605},{"bases":[[[0.97969,-0.0191799,-0.199597],[0.169633,0.610044,0.773997],[0.106918,-0.792135,0.600908]],[[0.982288,-0.041235,-0.182783],[-0.0326123,0.922973,-0.38348],[0.184517,0.382648,0.905281]],[[0.982288,-0.041235,-0.182783],[-0.186532,-0.30771,-0.933017],[-0.0177712,0.950586,-0.309952]],[[0.982288,-0.041235,-0.182783],[-0.133071,-0.840277,-0.525572],[-0.131916,0.540587,-0.830881]]],"btipPosition":[-9.02943,234.86,-42.9236],"carpPosition":[4.07525,235.221,16.9994],"dipPosition":[-11.4594,244.818,-58.229],"direction":[0.0177712,-0.950586,0.309952],"extended":false,"handId":464,"id":4642,"length":65.6822,"mcpPosition":[-3.23676,289.394,-24.0962],"pipPosition":[-11.9548,271.315,-66.8687],"stabilizedTipPosition":[-12.2341,240.251,-48.9112],"timeVisible":12.8163,"tipPosition":[-9.74526,237.704,-47.278],"tipVelocity":[13.0423,-37.317,-9.69518],"tool":false,"touchDistance":0.333333,"touchZone":"none","type":2,"width":18.6218},{"bases":[[[0.969152,-0.181473,-0.166768],[0.242516,0.581553,0.77652],[-0.0439328,-0.79301,0.607623]],[[0.97014,-0.148558,-0.191727],[0.0429851,0.883271,-0.466888],[0.238707,0.444705,0.863282]],[[0.97014,-0.148558,-0.191727],[-0.235965,-0.395186,-0.887777],[0.0561183,0.906509,-0.41844]],[[0.97014,-0.148558,-0.191727],[-0.221082,-0.866736,-0.447091],[-0.0997581,0.476129,-0.873699]]],"btipPosition":[8.42498,232.046,-32.9465],"carpPosition":[15.8788,236.167,14.8075],"dipPosition":[6.59794,240.767,-48.9481],"direction":[-0.0561183,-0.906509,0.41844],"extended":false,"handId":464,"id":4643,"length":63.1552,"mcpPosition":[18.5764,284.859,-22.5018],"pipPosition":[8.1218,265.382,-60.3106],"stabilizedTipPosition":[5.40964,237.746,-38.3237],"timeVisible":12.8163,"tipPosition":[7.90455,234.397,-37.4419],"tipVelocity":[14.3873,-53.9222,-19.5646],"tool":false,"touchDistance":0.333333,"touchZone":"none","type":3,"width":17.7198},{"bases":[[[0.904072,-0.365613,-0.221317],[0.385462,0.473887,0.791739],[-0.184591,-0.801098,0.569358]],[[0.917534,-0.287727,-0.27449],[0.159668,0.898745,-0.408366],[0.364194,0.330863,0.87057]],[[0.917534,-0.287727,-0.27449],[-0.353984,-0.276473,-0.893453],[0.181181,0.916939,-0.355524]],[[0.917534,-0.287727,-0.27449],[-0.390993,-0.778603,-0.490817],[-0.0724977,0.557665,-0.826894]]],"btipPosition":[23.0113,238.236,-33.0368],"carpPosition":[27.3911,231.173,8.71187],"dipPosition":[21.7863,247.659,-47.0081],"direction":[-0.181181,-0.916938,0.355524],"extended":false,"handId":464,"id":4644,"length":49.5125,"mcpPosition":[37.8831,276.706,-23.65],"pipPosition":[25.26,265.238,-53.8243],"stabilizedTipPosition":[20.1221,244.595,-37.3239],"timeVisible":12.8163,"tipPosition":[22.7112,240.9,-37.0039],"tipVelocity":[18.8834,-64.9937,-24.0592],"tool":false,"touchDistance":0.333333,"touchZone