{"sensorType":"Leap","data":[[0,{"currentFrameRate":54.5722,"devices":[],"gestures":[],"hands":[{"armBasis":[[0.915463,-0.157823,-0.370161],[0.294568,0.889525,0.349249],[0.274148,-0.428762,0.860817]],"armWidth":62.4607,"confidence":0.373307,"direction":[-0.0245045,0.79898,-0.600857],"elbow":[28.4279,165.527,265.267],"grabStrength":0,"id":464,"palmNormal":[-0.352625,-0.569314,-0.742655],"palmPosition":[-53.9093,320.334,4.69943],"palmVelocity":[-25.2176,41.4826,-138.982],"palmWidth":89.1918,"pinchStrength":0.386254,"r":[[0.974153,-0.158523,0.160922],[0.162272,0.986692,-0.0103446],[-0.157141,0.0361903,0.986913]],"s":1.01246,"sphereCenter":[-64.2048,307.935,-42.4299],"sphereRadius":48.3888,"stabilizedPalmPosition":[-58.0342,322.214,40.5247],"t":[47.1606,70.6244,-97.682],"timeVisible":0.524116,"type":"right","wrist":[-44.1292,279.005,37.4399]}],"id":1670851,"interactionBox":{"center":[0,200,0],"size":[235.247,235.247,147.751]},"pointables":[{"bases":[[[0.687035,0.587181,0.428019],[-0.585578,0.098663,0.804589],[0.43021,-0.80342,0.411625]],[[0.551871,0.775543,0.306549],[-0.699179,0.22995,0.676957],[0.454519,-0.587926,0.669146]],[[0.551871,0.775543,0.306549],[-0.776745,0.34426,0.527402],[0.30349,-0.529168,0.792386]],[[0.551871,0.775543,0.306549],[-0.830588,0.478302,0.28522],[0.0745773,-0.41202,0.908118]]],"btipPosition":[-108.015,331.616,-40.2019],"carpPosition":[-73.9208,275.711,39.8562],"dipPosition":[-106.304,322.164,-19.3687],"direction":[-0.30349,0.529168,-0.792386],"extended":false,"handId":464,"id":4640,"length":51.0864,"mcpPosition":[-73.9208,275.711,39.8562],"pipPosition":[-96.1609,304.478,7.11418],"stabilizedTipPosition":[-114.096,336.221,0.871328],"timeVisible":0.524116,"tipPosition":[-108.284,329.784,-35.1093],"tipVelocity":[-21.1809,38.5718,-123.207],"tool":false,"touchDistance":-0.250553,"touchZone":"touching","type":0,"width":19.8498},{"bases":[[[0.91805,-0.0567789,-0.392378],[0.321841,0.684678,0.653938],[0.231523,-0.726631,0.646842]],[[0.93215,-0.108136,-0.345546],[0.303003,0.755412,0.580984],[0.198204,-0.646266,0.736923]],[[0.93215,-0.108136,-0.345546],[0.266078,0.851833,0.451201],[0.245556,-0.51253,0.822809]],[[0.93215,-0.108136,-0.345546],[0.232373,0.910552,0.341903],[0.277666,-0.399,0.8739]]],"btipPosition":[-95.5352,391.915,-66.3618],"carpPosition":[-60.0235,293.472,45.4505],"dipPosition":[-90.8849,385.233,-51.7258],"direction":[-0.245556,0.51253,-0.822809],"extended":true,"handId":464,"id":4641,"length":57.6453,"mcpPosition":[-76.7199,345.873,-1.19692],"pipPosition":[-85.067,373.09,-32.2312],"stabilizedTipPosition":[-95.5794,392.374,-29.865],"timeVisible":0.524116,"tipPosition":[-94.1481,389.109,-63.9058],"tipVelocity":[-36.0637,70.7495,-114.886],"tool":false,"touchDistance":0.330472,"touchZone":"hovering","type":1,"width":18.9605},{"bases":[[[0.872481,-0.270311,-0.407073],[0.47742,0.649103,0.59223],[0.104146,-0.711054,0.695382]],[[0.867801,-0.242607,-0.433663],[0.0433543,0.906353,-0.420291],[0.495018,0.345928,0.797052]],[[0.867801,-0.242607,-0.433663],[-0.468678,-0.109624,-0.876541],[0.165115,0.963911,-0.208837]],[[0.867801,-0.242607,-0.433663],[-0.474097,-0.665639,-0.57633],[-0.148842,0.705738,-0.692662]]],"btipPosition":[-81.0303,286.771,-25.1519],"carpPosition":[-48.6586,294.356,41.4832],"dipPosition":[-83.772,299.772,-37.9112],"direction":[-0.165115,-0.963911,0.208837],"extended":false,"handId":464,"id":4642,"length":65.6822,"mcpPosition":[-55.781,342.984,-6.07342],"pipPosition":[-79.1695,326.64,-43.7324],"stabilizedTipPosition":[-83.6177,293.57,-9.76358],"timeVisible":0.524116,"tipPosition":[-81.9243,290.243,-28.9435],"tipVelocity":[-48.1261,31.0411,-98.6348],"tool":false,"touchDistance":0.333333,"touchZone":"none","type":2,"width":18.6218},{"bases":[[[0.839809,-0.42016,-0.343783],[0.541611,0.605134,0.583498],[-0.0371274,-0.676224,0.73576]],[[0.840627,-0.388451,-0.377428],[0.21963,0.881475,-0.418048],[0.495085,0.268528,0.826307]],[[0.840627,-0.388451,-0.377428],[-0.413632,-0.0105717,-0.910383],[0.349649,0.921409,-0.169563]],[[0.840627,-0.388451,-0.377428],[-0.540728,-0.562073,-0.625849],[0.0309693,0.730192,-0.68254]]],"btipPosition":[-67.3309,283.629,-27.6931],"carpPosition":[-37.8658,292.261,36.5686],"dipPosition":[-66.7637,297.002,-40.1936],"direction":[-0.349649,-0.921409,0.169563],"extended":false,"handId":464,"id":4643,"length":63.1552,"mcpPosition":[-35.5862,333.783,-8.60857],"pipPosition":[-57.2692,322.022,-44.798],"stabilizedTipPosition":[-69.3822,290.91,-5.39214],"timeVisible":0.524116,"tipPosition":[-67.1835,286.881,-30.7222],"tipVelocity":[-55.4281,34.9422,-122.357],"tool":false,"touchDistance":0.333333,"touchZone":"none","type":3,"width":17.7198},{"bases":[[[0.728756,-0.589773,-0.34797],[0.660217,0.470281,0.585619],[-0.181738,-0.656509,0.732098]],[[0.732887,-0.573929,-0.365351],[0.371098,0.787311,-0.492369],[0.57023,0.22527,0.789995]],[[0.732887,-0.573929,-0.365351],[-0.445343,0.00127905,-0.895359],[0.51434,0.818904,-0.254658]],[[0.732887,-0.573929,-0.365351],[-0.660879,-0.473003,-0.582672],[0.161601,0.668486,-0.725956]]],"btipPosition":[-51.5224,286.514,-22.7842],"carpPosition":[-29.4964,284.002,29.061],"dipPosition":[-48.792,297.809,-35.05],"direction":[-0.51434,-0.818904,0.254658],"extended":false,"handId":464,"id":4644,"length":49.5125,"mcpPosition":[-19.1665,321.317,-12.5509],"pipPosition":[-38.9309,313.509,-39.9324],"stabilizedTipPosition":[-53.3305,293.112,1.16938],"timeVisible":0.524116,"tipPosition":[-50.7536,288.855,-25.1726],"tipVelocity":[-52.1256,31.0751,-131.045],"tool":false,"touchDistance":0.333333,"touchZone":"none","type":4,"width":15.7401}],"r":[[0.974153,-0.158523,0.160922],[0.162272,0.986692,-0.0103446],[-0.157141,0.0361903,0.986913]],"s":1.01246,"t":[47.1606,70.6244,-97.682],"timestamp":93250967114},false],[1,{"currentFrameRate":54.6077,"devices":[],"gestures":[],"hands":[{"armBasis":[[0.915282,-0.163541,-0.368121],[0.296191,0.892607,0.339889],[0.273001,-0.420128,0.865426]],"armWidth":62.4607,"confidence":0.38344,"direction":[-0.0274678,0.798465,-0.601414],"elbow":[27.7526,168.082,264.214],"grabStrength":0,"id":464,"palmNormal":[-0.357915,-0.56961,-0.739893],"palmPosition":[-54.4446,320.584,2.45106],"palmVelocity":[-27.2281,28.2534,-131.649],"palmWidth":89.1918,"pinchStrength":0.398068,"r":[[0.974556,-0.160215,0.156754],[0.16459,0.986244,-0.0152568],[-0.152153,0.0406686,0.98752]],"s":1.01366,"sphereCenter":[-65.8102,308.7,-43.9994],"sphereRadius":48.0296,"stabilizedPalmPosition":[-58.0303,322.213,40.4837],"t":[46.6542,71.1549,-100.098],"timeVisible":0.542304,"type":"right","wrist":[-44.5009,279.275,35.1665]}],"id":1670852,"interactionBox":{"center":[0,200,0],"size":[235.247,235.247,147.751]},"pointables":[{"bases":[[[0.690346,0.586841,0.423131],[-0.58037,0.100005,0.808189],[0.431963,-0.803503,0.409623]],[[0.554306,0.775557,0.302087],[-0.693674,0.229898,0.682615],[0.459957,-0.587928,0.665418]],[[0.554306,0.775557,0.302087],[-0.777185,0.352403,0.52134],[0.297873,-0.52376,0.79809]],[[0.554306,0.775557,0.302087],[-0.829713,0.486227,0.274153],[0.0657382,-0.40261,0.913008]]],"btipPosition":[-108.25,331.523,-42.4044],"carpPosition":[-74.28,276.014,37.7742],"dipPosition":[-106.742,322.287,-21.459],"direction":[-0.297873,0.52376,-0.79809],"extended":false,"handId":464,"id":4640,"length":51.0864,"mcpPosition":[-74.28,276.014,37.7742],"pipPosition":[-96.7862,304.782,5.2146],"stabilizedTipPosition":[-114.049,336.169,0.57805],"timeVisible":0.542304,"tipPosition":[-108.661,329.808,-37.2103],"tipVelocity":[-18.4569,19.0148,-121.521],"tool":false,"touchDistance":-0.28648,"touchZone":"touching","type":0,"width":19.8498},{"bases":[[[0.915488,-0.0581006,-0.398128],[0.326692,0.684926,0.651267],[0.234849,-0.726293,0.646023]],[[0.929246,-0.106967,-0.353638],[0.309216,0.749026,0.585957],[0.202206,-0.653849,0.729105]],[[0.929246,-0.106967,-0.353638],[0.271476,0.846929,0.457177],[0.250603,-0.520835,0.816045]],[[0.929246,-0.106967,-0.353638],[0.236907,0.907002,0.34817],[0.283507,-0.407315,0.86817]]],"btipPosition":[-96.4664,392.84,-67.9034],"carpPosition":[-60.329,293.765,43.2644],"dipPosition":[-91.7183,386.018,-53.3633],"direction":[-0.250603,0.520835,-0.816045],"extended":true,"handId":464,"id":4641,"length":57.6453,"mcpPosition":[-77.2653,346.142,-3.32398],"pipPosition":[-85.7808,373.678,-34.029],"stabilizedTipPosition":[-95.5743,392.346,-30.7364],"timeVisible":0.542304,"tipPosition":[-95.1025,389.941,-65.5058],"tipVelocity":[-42.6981,60.4006,-101.086],"tool":false,"touchDistance":0.331887,"touchZone":"hovering","type":1,"width":18.9605},{"bases":[[[0.869604,-0.271597,-0.41234],[0.481839,0.649131,0.588608],[0.107798,-0.710538,0.695353]],[[0.864804,-0.244014,-0.43883],[0.0415504,0.905752,-0.421766],[0.500388,0.346511,0.793437]],[[0.864804,-0.244014,-0.43883],[-0.474187,-0.10951,-0.873587],[0.165112,0.963569,-0.210413]],[[0.864804,-0.244014,-0.43883],[-0.478588,-0.664953,-0.573403],[-0.151883,0.705899,-0.691836]]],"btipPosition":[-81.8075,286.993,-27.2092],"carpPosition":[-48.9884,294.634,39.2244],"dipPosition":[-84.6053,299.996,-39.9533],"direction":[-0.165112,-0.963569,0.210413],"extended":false,"handId":464,"id":4642,"length":65.6822,"mcpPosition":[-56.3607,343.227,-8.33025],"pipPosition":[-80.0029,326.855,-45.8184],"stabilizedTipPosition":[-83.5651,293.409,-10.6822],"timeVisible":0.542304,"tipPosition":[-82.706,290.463,-30.9694],"tipVelocity":[-45.8909,22.0594,-105.453],"tool":false,"touchDistance":0.333333,"touchZone":"none","type":2,"width":18.6218},{"bases":[[[0.837175,-0.421355,-0.34871],[0.545928,0.605087,0.579511],[-0.0331802,-0.675522,0.736593]],[[0.837815,-0.389886,-0.382171],[0.213086,0.878009,-0.428596],[0.502653,0.277649,0.818689]],[[0.837815,-0.389886,-0.382171],[-0.423244,-0.0216659,-0.905756],[0.344862,0.920608,-0.183169]],[[0.837815,-0.389886,-0.382171],[-0.545477,-0.56855,-0.615796],[0.0228073,0.724389,-0.689014]]],"btipPosition":[-67.9887,283.576,-29.2476],"carpPosition":[-38.2292,292.524,34.2435],"dipPosition":[-67.5709,296.843,-41.8667],"direction":[-0.344862,-0.920608,0.183169],"extended":false,"handId":464,"id":4643,"length":63.1552,"mcpPosition":[-36.1919,334.002,-10.9848],"pipPosition":[-58.2064,321.842,-46.8406],"stabilizedTipPosition":[-69.3666,290.865,-5.67319],"timeVisible":0.542304,"tipPosition":[-67.9105,286.906,-32.4847],"tipVelocity":[-47.1358,16.2475,-105.466],"tool":false,"touchDistance":0.333333,"touchZone":"none","type":3,"width":17.7198},{"bases":[[[0.72592,-0.590854,-0.35204],[0.664403,0.470111,0.581003],[-0.177791,-0.655658,0.733828]],[[0.729905,-0.57525,-0.369223],[0.369052,0.786307,-0.495501],[0.57536,0.225406,0.786227]],[[0.729905,-0.57525,-0.369223],[-0.45097,0.000662697,-0.892539],[0.513678,0.817977,-0.258937]],[[0.729905,-0.57525,-0.369223],[-0.665104,-0.473056,-0.577801],[0.157717,0.667312,-0.727887]]],"btipPosition":[-52.266,286.745,-25.0077],"carpPosition":[-29.9162,284.249,26.6906],"dipPosition":[-49.6012,298.02,-37.3061],"direction":[-0.513678,-0.817977,0.258937],"extended":false,"handId":464,"id":4644,"length":49.5125,"mcpPosition":[-19.8107,321.516,-15.0196],"pipPosition":[-39.7529,313.703,-42.2705],"stabilizedTipPosition":[-53.3211,293.091,1.00649],"timeVisible":0.542304,"tipPosition":[-51.5123,289.083,-27.4134],"tipVelocity":[-47.1568,22.1865,-127.044],"tool":false,"touchDistance":0.333333,"touchZone":"none","type":4,"width":15.7401}],"r":[[0.974556,-0.160215,0.156754],[0.16459,0.986244,-0.0152568],[-0.152153,0.0406686,0.98752]],"s":1.01366,"t":[46.6542,71.1549,-100.098],"timestamp":93250985302},false],[2,{"currentFrameRate":54.7152,"devices":[],"gestures":[],"hands":[{"armBasis":[[0.914927,-0.166289,-0.367773],[0.298036,0.892802,0.337757],[0.272184,-0.418632,0.866408]],"armWidth":62.4607,"confidence":0.408395,"direction":[-0.0298834,0.793851,-0.607377],"elbow":[27.4435,168.577,263.786],"grabStrength":0,"id":464,"palmNormal":[-0.359949,-0.575428,-0.734383],"palmPosition":[-54.6674,320.428,1.48288],"palmVelocity":[-20.2546,10.7914,-95.046],"palmWidth":89.1918,"pinchStrength":0.411793,"r":[[0.974979,-0.161231,0.153038],[0.166294,0.985857,-0.0208001],[-0.14752,0.045729,0.988001]],"s":1.01427,"sphereCenter":[-66.534,308.403,-44.5754],"sphereRadius":47.8665,"stabilizedPalmPosition":[-58.028,322.211,40.4566],"t":[46.2895,71.3418,-101.791],"timeVisible":0.560205,"type":"right","wrist":[-44.5937,279.374,34.4793]}],"id":1670853,"interactionBox":{"center":[0,200,0],"size":[235.247,235.247,147.751]},"pointables":[{"bases":[[[0.69135,0.590442,0.41643],[-0.577828,0.105814,0.80927],[0.433763,-0.800114,0.414328]],[[0.554983,0.777971,0.294543],[-0.690703,0.233627,0.68436],[0.463599,-0.58325,0.667005]],[[0.554983,0.777971,0.294543],[-0.778814,0.361512,0.5126],[0.292307,-0.513878,0.806527]],[[0.554983,0.777971,0.294543],[-0.829831,0.493034,0.261339],[0.0580945,-0.38946,0.91921]]],"btipPosition":[-108.149,330.764,-43.4728],"carpPosition":[-74.3623,276.116,37.2076],"dipPosition":[-106.816,321.829,-22.3852],"direction":[-0.292307,0.513878,-0.806527],"extended":false,"handId":464,"id":4640,"length":51.0864,"mcpPosition":[-74.3623,276.116,37.2076],"pipPosition":[-97.0467,304.655,4.57036],"stabilizedTipPosition":[-114.026,336.141,0.435466],"timeVisible":0.560205,"tipPosition":[-108.668,329.144,-38.2141],"tipVelocity":[-8.15085,-8.13692,-91.479],"tool":false,"touchDistance":-0.301702,"touchZone":"touching","type":0,"width":19.8498},{"bases":[[[0.914238,-0.0605978,-0.400621],[0.328372,0.690049,0.644984],[0.237363,-0.721221,0.650767]],[[0.927853,-0.107833,-0.357017],[0.311322,0.751041,0.582251],[0.205348,-0.65139,0.730427]],[[0.927853,-0.107833,-0.357017],[0.272723,0.849141,0.452306],[0.254384,-0.51704,0.817287]],[[0.927853,-0.107833,-0.357017],[0.237333,0.909158,0.342204],[0.287684,-0.402247,0.869158]]],"btipPosition":[-97.015,392.347,-69.0939],"carpPosition":[-60.4044,293.917,42.5177],"dipPosition":[-92.1969,385.61,-54.5373],"direction":[-0.254384,0.51704,-0.817287],"extended":true,"handId":464,"id":4641,"length":57.6453,"mcpPosition":[-77.522,345.928,-4.41282],"pipPosition":[-86.1699,373.36,-35.1735],"stabilizedTipPosition":[-95.5804,392.318,-31.3772],"timeVisible":0.560205,"tipPosition":[-95.6426,389.496,-66.6668],"tipVelocity":[-36.5866,19.4203,-84.6656],"tool":false,"touchDistance":0.332272,"touchZone":"hovering","type":1,"width":18.9605},{"bases":[[[0.868436,-0.274223,-0.413061],[0.483338,0.653868,0.5821],[0.110463,-0.705165,0.700386]],[[0.863647,-0.247404,-0.43921],[0.0421703,0.903684,-0.426118],[0.50233,0.349494,0.790897]],[[0.863647,-0.247404,-0.43921],[-0.475151,-0.108532,-0.873185],[0.168361,0.962815,-0.211288]],[[0.863647,-0.247404,-0.43921],[-0.481448,-0.663054,-0.573208],[-0.149406,0.706506,-0.691757]]],"btipPosition":[-82.3067,286.622,-28.2001],"carpPosition":[-49.0774,294.761,38.4347],"dipPosition":[-85.0588,299.636,-40.9427],"direction":[-0.168361,-0.962815,0.211288],"extended":false,"handId":464,"id":4642,"length":65.6822,"mcpPosition":[-56.6319,342.987,-9.46408],"pipPosition":[-80.3659,326.474,-46.8322],"stabilizedTipPosition":[-83.5475,293.302,-11.2561],"timeVisible":0.560205,"tipPosition":[-83.1064,290.033,-31.7626],"tipVelocity":[-37.1174,1.92421,-81.8027],"tool":false,"touchDistance":0.333333,"touchZone":"none","type":2,"width":18.6218},{"bases":[[[0.836303,-0.423511,-0.34819],[0.547424,0.609793,0.573131],[-0.0304036,-0.669919,0.741812]],[[0.836819,-0.392467,-0.381712],[0.207198,0.872386,-0.442732],[0.506758,0.291396,0.811347]],[[0.836819,-0.392467,-0.381712],[-0.429243,-0.0375524,-0.902408],[0.339831,0.918999,-0.199888]],[[0.836819,-0.392467,-0.381712],[-0.547235,-0.578768,-0.604616],[0.0163691,0.71484,-0.699096]]],"btipPosition":[-68.1882,282.944,-29.4159],"carpPosition":[-38.333,292.619,33.4354],"dipPosition":[-67.8884,296.036,-42.2197],"direction":[-0.339831,-0.918999,0.199888],"extended":false,"handId":464,"id":4643,"length":63.1552,"mcpPosition":[-36.4662,333.753,-12.1133],"pipPosition":[-58.6605,320.991,-47.6476],"stabilizedTipPosition":[-69.3557,290.822,-5.90644],"timeVisible":0.560205,"tipPosition":[-68.1648,286.296,-32.8241],"tipVelocity":[-30.8679,-9.14524,-61.2543],"tool":false,"touchDistance":0.333333,"touchZone":"none","type":3,"width":17.7198},{"bases":[[[0.72514,-0.593095,-0.349872],[0.665985,0.474901,0.575269],[-0.175034,-0.65016,0.739361]],[[0.729012,-0.577825,-0.366961],[0.367218,0.782569,-0.502729],[0.577661,0.23174,0.78269]],[[0.729012,-0.577825,-0.366961],[-0.453811,-0.0066531,-0.891073],[0.512443,0.816134,-0.267073]],[[0.729012,-0.577825,-0.366961],[-0.666725,-0.478034,-0.571805],[0.154983,0.661514,-0.733743]]],"btipPosition":[-52.5558,286.39,-25.7163],"carpPosition":[-30.0393,284.292,25.9189],"dipPosition":[-49.9371,297.567,-38.1138],"direction":[-0.512443,-0.816134,0.267073],"extended":false,"handId":464,"id":4644,"length":49.5125,"mcpPosition":[-20.0905,321.246,-16.1058],"pipPosition":[-40.1125,313.214,-43.2342],"stabilizedTipPosition":[-53.3157,293.074,0.889257],"timeVisible":0.560205,"tipPosition":[-51.8136,288.709,-28.1521],"tipVelocity":[-32.8209,1.74468,-86.3735],"tool":false,"touchDistance":0.333333,"touchZone":"none","type":4,"width":15.7401}],"r":[[0.974979,-0.161231,0.153038],[0.166294,0.985857,-0.0208001],[-0.14752,0.045729,0.988001]],"s":1.01427,"t":[46.2895,71.3418,-101.791],"timestamp":93251003203},false],[3,{"currentFrameRate":54.7566,"devices":[],"gestures":[],"hands":[{"armBasis":[[0.914917,-0.167065,-0.367444],[0.297695,0.894046,0.334752],[0.272587,-0.415657,0.867713]],"armWidth":62.4607,"confidence":0.431204,"direction":[-0.031329,0.79148,-0.610391],"elbow":[27.4652,169.336,264.03],"grabStrength":0,"id":464,"palmNormal":[-0.360181,-0.578601,-0.731772],"palmPosition":[-54.8289,320.262,1.23463],"palmVelocity":[-14.8558,1.29441,-56.3279],"palmWidth":89.1918,"pinchStrength":0.424916,"r":[[0.975369,-0.161749,0.149979],[0.167438,0.985539,-0.0260336],[-0.143599,0.0505046,0.988346]],"s":1.01424,"sphereCenter":[-67.0023,308.218,-44.5668],"sphereRadius":47.7367,"stabilizedPalmPosition":[-58.0263,322.21,40.4368],"t":[46.0265,71.3523,-102.761],"timeVisible":0.578323,"type":"right","wrist":[-44.6787,279.345,34.3775]}],"id":1670854,"interactionBox":{"center":[0,200,0],"size":[235.247,235.247,147.751]},"pointables":[{"bases":[[[0.69122,0.592718,0.413402],[-0.57705,0.108356,0.809489],[0.435004,-0.798088,0.416926]],[[0.554807,0.779363,0.291175],[-0.689315,0.234629,0.685415],[0.465869,-0.580985,0.6674]],[[0.554807,0.779363,0.291175],[-0.781495,0.368125,0.503736],[0.285404,-0.507028,0.813306]],[[0.554807,0.779363,0.291175],[-0.830582,0.498577,0.248099],[0.048186,-0.379492,0.923939]]],"btipPosition":[-107.881,330.148,-43.8839],"carpPosition":[-74.4411,276.068,37.151],"dipPosition":[-106.775,321.442,-22.6878],"direction":[-0.285404,0.507028,-0.813306],"extended":false,"handId":464,"id":4640,"length":51.0864,"mcpPosition":[-74.4411,276.068,37.151],"pipPosition":[-97.2365,304.496,4.49434],"stabilizedTipPosition":[-114.01,336.121,0.332824],"timeVisible":0.578323,"tipPosition":[-108.52,328.6,-38.5747],"tipVelocity":[1.40087,-19.0675,-58.0814],"tool":false,"touchDistance":-0.305657,"touchZone":"touching","type":0,"width":19.8498},{"bases":[[[0.91386,-0.0612386,-0.401384],[0.328392,0.692846,0.641968],[0.238784,-0.71848,0.653275]],[[0.927413,-0.107669,-0.358208],[0.311753,0.751672,0.581205],[0.206677,-0.650689,0.730677]],[[0.927413,-0.107669,-0.358208],[0.272795,0.849912,0.450813],[0.255907,-0.515806,0.817591]],[[0.927413,-0.107669,-0.358208],[0.237052,0.909976,0.340221],[0.289329,-0.400439,0.869446]]],"btipPosition":[-97.3277,392.047,-69.4377],"carpPosition":[-60.495,293.903,42.3773],"dipPosition":[-92.482,385.34,-54.8762],"direction":[-0.255907,0.515806,-0.817591],"extended":true,"handId":464,"id":4641,"length":57.6453,"mcpPosition":[-77.715,345.717,-4.73405],"pipPosition":[-86.4189,373.119,-35.5053],"stabilizedTipPosition":[-95.5896,392.292,-31.8821],"timeVisible":0.578323,"tipPosition":[-95.9665,389.225,-66.9886],"tipVelocity":[-27.2195,2.46887,-53.3692],"tool":false,"touchDistance":0.332995,"touchZone":"hovering","type":1,"width":18.9605},{"bases":[[[0.868256,-0.274955,-0.412954],[0.483326,0.656576,0.579054],[0.111922,-0.702358,0.70297]],[[0.86351,-0.248725,-0.438733],[0.0430043,0.903073,-0.427328],[0.502495,0.350134,0.790509]],[[0.86351,-0.248725,-0.438733],[-0.474426,-0.105501,-0.87395],[0.171087,0.962811,-0.209103]],[[0.86351,-0.248725,-0.438733],[-0.482618,-0.660044,-0.575693],[-0.146394,0.708856,-0.689994]]],"btipPosition":[-82.6416,286.338,-28.6079],"carpPosition":[-49.1733,294.743,38.2787],"dipPosition":[-85.3383,299.396,-41.318],"direction":[-0.171087,-0.962811,0.209103],"extended":false,"handId":464,"id":4642,"length":65.6822,"mcpPosition":[-56.8275,342.776,-9.7968],"pipPosition":[-80.5693,326.233,-47.1466],"stabilizedTipPosition":[-83.5417,293.221,-11.6707],"timeVisible":0.578323,"tipPosition":[-83.3556,289.707,-31.9974],"tipVelocity":[-27.9138,-6.18177,-53.3822],"tool":false,"touchDistance":0.333333,"touchZone":"none","type":2,"width":18.6218},{"bases":[[[0.836341,-0.424024,-0.347474],[0.547446,0.61253,0.570184],[-0.0289339,-0.667091,0.744414]],[[0.83679,-0.393164,-0.381056],[0.204854,0.870232,-0.44803],[0.507757,0.296846,0.808743]],[[0.83679,-0.393164,-0.381056],[-0.430751,-0.0431074,-0.901441],[0.337988,0.918457,-0.205428]],[[0.83679,-0.393164,-0.381056],[-0.547333,-0.582298,-0.601128],[0.0144537,0.711583,-0.702453]]],"btipPosition":[-68.3363,282.579,-29.4092],"carpPosition":[-38.4322,292.592,33.2759],"dipPosition":[-68.0716,295.612,-42.2745],"direction":[-0.337988,-0.918457,0.205428],"extended":false,"handId":464,"id":4643,"length":63.1552,"mcpPosition":[-36.6556,333.553,-12.4326],"pipPosition":[-58.8937,320.552,-47.8528],"stabilizedTipPosition":[-69.3436,290.764,-6.20209],"timeVisible":0.578323,"tipPosition":[-68.3219,285.923,-32.8415],"tipVelocity":[-20.2775,-14.7356,-32.2936],"tool":false,"touchDistance":0.333333,"touchZone":"none","type":3,"width":17.7198},{"bases":[[[0.725343,-0.593722,-0.348383],[0.666142,0.477763,0.572711],[-0.173587,-0.647484,0.742046]],[[0.728172,-0.5827,-0.360869],[0.367607,0.77641,-0.511911],[0.578472,0.240101,0.779565]],[[0.728172,-0.5827,-0.360869],[-0.45575,-0.0183988,-0.889918],[0.511915,0.812479,-0.278963]],[[0.728172,-0.5827,-0.360869],[-0.667936,-0.48522,-0.564291],[0.153711,0.651938,-0.742529]]],"btipPosition":[-52.7337,286.132,-25.5207],"carpPosition":[-30.1385,284.244,25.7824],"dipPosition":[-50.1366,297.147,-38.0666],"direction":[-0.511915,-0.812479,0.278963],"extended":false,"handId":464,"id":4644,"length":49.5125,"mcpPosition":[-20.272,321.046,-16.3949],"pipPosition":[-40.322,312.724,-43.4149],"stabilizedTipPosition":[-53.3106,293.055,0.762859],"timeVisible":0.578323,"tipPosition":[-51.9997,288.448,-28.131],"tipVelocity":[-22.0042,-6.82935,-41.0181],"tool":false,"touchDistance":0.333333,"touchZone":"none","type":4,"width":15.7401}],"r":[[0.975369,-0.161749,0.149979],[0.167438,0.985539,-0.0260336],[-0.143599,0.0505046,0.988346]],"s":1.01424,"t":[46.0265,71.3523,-102.761],"timestamp":93251021321},false],[4,{"currentFrameRate":54.6836,"devices":[],"gestures":[],"hands":[{"armBasis":[[0.916053,-0.165253,-0.365428],[0.294634,0.895476,0.333636],[0.272098,-0.413296,0.868993]],"armWidth":62.4607,"confidence":0.452768,"direction":[-0.0344411,0.790136,-0.611963],"elbow":[27.3951,169.939,264.215],"grabStrength":0,"id":464,"palmNormal":[-0.358226,-0.5814,-0.730513],"palmPosition":[-54.9308,320.136,1.00216],"palmVelocity":[-10.3268,-2.60747,-35.1402],"palmWidth":89.1918,"pinchStrength":0.439219,"r":[[0.9758,-0.161389,0.147542],[0.167604,0.985379,-0.0306263],[-0.140442,0.0546137,0.988582]],"s":1.01354,"sphereCenter":[-67.2722,308.082,-44.6107],"sphereRadius":47.6205,"stabilizedPalmPosition":[-58.025,322.209,40.4197],"t":[45.844,71.2948,-103.362],"timeVisible":0.596865,"type":"right","wrist":[-44.6193,279.324,34.2239]}],"id":1670855,"interactionBox":{"center":[0,200,0],"size":[235.247,235.247,147.751]},"pointables":[{"bases":[[[0.689123,0.596111,0.412021],[-0.577227,0.107827,0.809433],[0.438084,-0.795629,0.418398]],[[0.552064,0.781919,0.289529],[-0.689186,0.232477,0.686277],[0.469305,-0.578409,0.66723]],[[0.552064,0.781919,0.289529],[-0.786128,0.372381,0.49329],[0.277898,-0.499935,0.820267]],[[0.552064,0.781919,0.289529],[-0.832999,0.501985,0.232644],[0.0365694,-0.369612,0.928466]]],"btipPosition":[-107.459,329.432,-44.3508],"carpPosition":[-74.3685,275.942,37.0123],"dipPosition":[-106.62,320.953,-23.0508],"direction":[-0.277898,0.499935,-0.820267],"extended":false,"handId":464,"id":4640,"length":51.0864,"mcpPosition":[-74.3685,275.942,37.0123],"pipPosition":[-97.3321,304.244,4.36399],"stabilizedTipPosition":[-113.977,336.079,0.139685],"timeVisible":0.596865,"tipPosition":[-108.237,327.971,-38.9807],"tipVelocity":[10.1294,-27.1661,-41.5378],"tool":false,"touchDistance":-0.310069,"touchZone":"touching","type":0,"width":19.8498},{"bases":[[[0.913972,-0.0586412,-0.401519],[0.325988,0.695346,0.640489],[0.241635,-0.716279,0.654643]],[[0.927605,-0.104528,-0.35864],[0.309542,0.752522,0.581287],[0.209124,-0.650219,0.730399]],[[0.927605,-0.104528,-0.35864],[0.269944,0.851195,0.450108],[0.258224,-0.514335,0.81779]],[[0.927605,-0.104528,-0.35864],[0.233663,0.911411,0.338719],[0.291463,-0.397999,0.869854]]],"btipPosition":[-97.7194,391.728,-69.7144],"carpPosition":[-60.4875,293.839,42.199],"dipPosition":[-92.838,385.063,-55.1461],"direction":[-0.258224,0.514335,-0.81779],"extended":true,"handId":464,"id":4641,"length":57.6453,"mcpPosition":[-77.9131,345.494,-5.01094],"pipPosition":[-86.72,372.877,-35.7705],"stabilizedTipPosition":[-95.6061,392.257,-32.4495],"timeVisible":0.596865,"tipPosition":[-96.3588,388.946,-67.2434],"tipVelocity":[-24.0573,-6.78823,-34.7274],"tool":false,"touchDistance":0.333087,"touchZone":"hovering","type":1,"width":18.9605},{"bases":[[[0.86916,-0.272548,-0.412648],[0.481039,0.659527,0.577604],[0.114727,-0.70053,0.704341]],[[0.864407,-0.246865,-0.438016],[0.0412399,0.903042,-0.427568],[0.501098,0.35153,0.790777]],[[0.864407,-0.246865,-0.438016],[-0.47286,-0.103051,-0.875091],[0.170892,0.963555,-0.205811]],[[0.864407,-0.246865,-0.438016],[-0.48141,-0.657719,-0.579354],[-0.145069,0.711663,-0.68738]]],"btipPosition":[-82.7832,286.044,-29.0373],"carpPosition":[-49.1701,294.712,38.0956],"dipPosition":[-85.4555,299.154,-41.6993],"direction":[-0.170892,-0.963555,0.205811],"extended":false,"handId":464,"id":4642,"length":65.6822,"mcpPosition":[-57.0162,342.621,-10.0737],"pipPosition":[-80.692,326.012,-47.4362],"stabilizedTipPosition":[-83.5395,293.156,-11.986],"timeVisible":0.596865,"tipPosition":[-83.4318,289.392,-32.2839],"tipVelocity":[-17.957,-10.5411,-38.4711],"tool":false,"touchDistance":0.333333,"touchZone":"none","type":2,"width":18.6218},{"bases":[[[0.837817,-0.421604,-0.346861],[0.545319,0.615702,0.568804],[-0.0262474,-0.665704,0.745754]],[[0.838143,-0.390847,-0.380466],[0.200831,0.869655,-0.450963],[0.507132,0.301562,0.80739]],[[0.838143,-0.390847,-0.380466],[-0.431202,-0.0476131,-0.900998],[0.334037,0.919224,-0.20844]],[[0.838143,-0.390847,-0.380466],[-0.545333,-0.585975,-0.599371],[0.0113184,0.70984,-0.704272]]],"btipPosition":[-68.2994,282.299,-29.499],"carpPosition":[-38.4225,292.592,33.0941],"dipPosition":[-68.0921,295.299,-42.3975],"direction":[-0.334037,-0.919224,0.20844],"extended":false,"handId":464,"id":4643,"length":63.1552,"mcpPosition":[-36.8109,333.467,-12.6967],"pipPosition":[-59.0215,320.26,-48.0576],"stabilizedTipPosition":[-69.3262,290.676,-6.62155],"timeVisible":0.596865,"tipPosition":[-68.2997,285.637,-32.9438],"tipVelocity":[-9.84871,-15.1243,-19.2103],"tool":false,"touchDistance":0.333333,"touchZone":"none","type":3,"width":17.7198},{"bases":[[[0.727452,-0.591716,-0.3474],[0.664517,0.481383,0.571566],[-0.170973,-0.64664,0.743388]],[[0.729344,-0.584345,-0.355807],[0.366069,0.772684,-0.518608],[0.577972,0.247994,0.777462]],[[0.729344,-0.584345,-0.355807],[-0.4568,-0.0287765,-0.889104],[0.509305,0.810995,-0.287917]],[[0.729344,-0.584345,-0.355807],[-0.667225,-0.492584,-0.558723],[0.151222,0.644904,-0.749153]]],"btipPosition":[-52.7342,285.974,-25.408],"carpPosition":[-30.0998,284.26,25.615],"dipPosition":[-50.1791,296.87,-38.0658],"direction":[-0.509305,-0.810995,0.287917],"extended":false,"handId":464,"id":4644,"length":49.5125,"mcpPosition":[-20.3819,321.014,-16.6386],"pipPosition":[-40.4146,312.419,-43.5858],"stabilizedTipPosition":[-53.303,293.025,0.573881],"timeVisible":0.596865,"tipPosition":[-52.0133,288.289,-28.1613],"tipVelocity":[-11.6214,-8.37384,-18.9022],"tool":false,"touchDistance":0.333333,"touchZone":"none","type":4,"width":15.7401}],"r":[[0.9758,-0.161389,0.147542],[0.167604,0.985379,-0.0306263],[-0.140442,0.0546137,0.988582]],"s":1.01354,"t":[45.844,71.2948,-103.362],"timestamp":93251039863},false],[5,{"currentFrameRate":54.7448,"devices":[],"gestures":[],"hands":[{"armBasis":[[0.915977,-0.165691,-0.365421],[0.293575,0.897572,0.328905],[0.273495,-0.408548,0.870798]],"armWidth":62.4607,"confidence":0.472533,"direction":[-0.0335275,0.785627,-0.617791],"elbow":[27.7464,171,264.513],"grabStrength":0,"id":464,"palmNormal":[-0.356192,-0.586942,-0.727067],"palmPosition":[-54.8984,319.691,0.501797],"palmVelocity":[-4.5716,-13.09,-31.6156],"palmWidth":89.1918,"pinchStrength":0.445889,"r":[[0.976093,-0.160769,0.146272],[0.167614,0.985207,-0.035662],[-0.138374,0.0593266,0.988601]],"s":1.01305,"sphereCenter":[-67.3812,307.465,-44.8836],"sphereRadius":47.5341,"stabilizedPalmPosition":[-58.0232,322.208,40.3964],"t":[45.769,71.0432,-103.913],"timeVisible":0.614918,"type":"right","wrist":[-44.6378,279.128,34.0441]}],"id":1670856,"interactionBox":{"center":[0,200,0],"size":[235.247,235.247,147.751]},"pointables":[{"bases":[[[0.687808,0.599539,0.409234],[-0.579147,0.113365,0.807302],[0.437617,-0.792276,0.425194]],[[0.551138,0.784136,0.285267],[-0.689898,0.235925,0.684383],[0.469348,-0.573995,0.671001]],[[0.551138,0.784136,0.285267],[-0.788712,0.377971,0.484841],[0.272359,-0.492208,0.826772]],[[0.551138,0.784136,0.285267],[-0.833884,0.505419,0.221785],[0.0297296,-0.360114,0.932435]]],"btipPosition":[-107.142,328.546,-45.067],"carpPosition":[-74.3913,275.748,36.789],"dipPosition":[-106.46,320.284,-23.676],"direction":[-0.272359,0.492208,-0.826772],"extended":false,"handId":464,"id":4640,"length":51.0864,"mcpPosition":[-74.3913,275.748,36.789],"pipPosition":[-97.3569,303.834,3.95618],"stabilizedTipPosition":[-113.905,335.982,-0.271962],"timeVisible":0.614918,"tipPosition":[-107.95,327.127,-39.7011],"tipVelocity":[12.7141,-36.2548,-40.1026],"tool":false,"touchDistance":-0.317825,"touchZone":"touching","type":0,"width":19.8498},{"bases":[[[0.914925,-0.0609891,-0.398989],[0.32409,0.700208,0.63614],[0.240578,-0.711329,0.660404]],[[0.928374,-0.106107,-0.356179],[0.308479,0.754507,0.579275],[0.207274,-0.647657,0.733197]],[[0.928374,-0.106107,-0.356179],[0.268972,0.85319,0.446902],[0.256469,-0.510694,0.820619]],[[0.928374,-0.106107,-0.356179],[0.232676,0.913256,0.334404],[0.2898,-0.393326,0.872531]]],"btipPosition":[-97.5416,390.951,-70.6819],"carpPosition":[-60.5332,293.691,41.8767],"dipPosition":[-92.688,384.364,-56.0688],"direction":[-0.256469,0.510694,-0.820619],"extended":true,"handId":464,"id":4641,"length":57.6453,"mcpPosition":[-77.8826,344.989,-5.74876],"pipPosition":[-86.6116,372.264,-36.6261],"stabilizedTipPosition":[-95.6173,392.219,-32.9252],"timeVisible":0.614918,"tipPosition":[-96.2126,388.192,-68.1819],"tipVelocity":[-8.12637,-23.5317,-43.4123],"tool":false,"touchDistance":0.332523,"touchZone":"hovering","type":1,"width":18.9605},{"bases":[[[0.870272,-0.275,-0.408659],[0.479306,0.664029,0.573873],[0.113546,-0.695298,0.709695]],[[0.865673,-0.25005,-0.433688],[0.0435049,0.900619,-0.432427],[0.498716,0.355473,0.79052]],[[0.865673,-0.25005,-0.433688],[-0.469142,-0.102911,-0.877106],[0.174689,0.962748,-0.206396]],[[0.865673,-0.25005,-0.433688],[-0.480902,-0.656059,-0.581653],[-0.139083,0.712083,-0.688182]]],"btipPosition":[-82.8429,285.344,-29.663],"carpPosition":[-49.207,294.542,37.7929],"dipPosition":[-85.4049,298.461,-42.3398],"direction":[-0.174689,-0.962748,0.206396],"extended":false,"handId":464,"id":4642,"length":65.6822,"mcpPosition":[-56.9723,342.093,-10.7426],"pipPosition":[-80.5356,325.297,-48.0929],"stabilizedTipPosition":[-83.5379,293.086,-12.2868],"timeVisible":0.614918,"tipPosition":[-83.4013,288.666,-32.7801],"tipVelocity":[-10.3343,-23.8988,-36.7503],"tool":false,"touchDistance":0.333333,"touchZone":"none","type":2,"width":18.6218},{"bases":[[[0.83887,-0.423591,-0.341858],[0.543634,0.620182,0.565541],[-0.0275443,-0.660261,0.750531]],[[0.839255,-0.39311,-0.375653],[0.20078,0.866098,-0.457779],[0.50531,0.308769,0.805806]],[[0.839255,-0.39311,-0.375653],[-0.429411,-0.0553729,-0.90141],[0.333553,0.917822,-0.215278]],[[0.839255,-0.39311,-0.375653],[-0.5436,-0.591044,-0.595958],[0.0122493,0.704366,-0.709732]]],"btipPosition":[-68.168,281.587,-29.6998],"carpPosition":[-38.4466,292.392,32.8316],"dipPosition":[-67.9437,294.487,-42.6983],"direction":[-0.333553,-0.917822,0.215278],"extended":false,"handId":464,"id":4643,"length":63.1552,"mcpPosition":[-36.7554,332.933,-13.2526],"pipPosition":[-58.8862,319.41,-48.5441],"stabilizedTipPosition":[-69.2899,290.493,-7.40273],"timeVisible":0.614918,"tipPosition":[-68.1634,284.901,-33.1725],"tipVelocity":[-1.61463,-27.2707,-15.9756],"tool":false,"touchDistance":0.333333,"touchZone":"none","type":3,"width":17.7198},{"bases":[[[0.728612,-0.593773,-0.341407],[0.662907,0.485963,0.569556],[-0.172276,-0.641306,0.747695]],[[0.729822,-0.589184,-0.346731],[0.36791,0.765975,-0.527186],[0.576197,0.257186,0.775792]],[[0.729822,-0.589184,-0.346731],[-0.455438,-0.0407852,-0.889333],[0.509839,0.806969,-0.298103]],[[0.729822,-0.589184,-0.346731],[-0.66638,-0.499872,-0.553232],[0.152635,0.634815,-0.757438]]],"btipPosition":[-52.6346,285.35,-25.442],"carpPosition":[-30.1017,284.01,25.4325],"dipPosition":[-50.0556,296.076,-38.2398],"direction":[-0.509839,-0.806969,0.298103],"extended":false,"handId":464,"id":4644,"length":49.5125,"mcpPosition":[-20.3097,320.462,-17.0659],"pipPosition":[-40.2809,311.548,-43.9551],"stabilizedTipPosition":[-53.2795,292.928,0.0342465],"timeVisible":0.614918,"tipPosition":[-51.9122,287.646,-28.3107],"tipVelocity":[-3.34007,-21.825,-11.6708],"tool":false,"touchDistance":0.333333,"touchZone":"none","type":4,"width":15.7401}],"r":[[0.976093,-0.160769,0.146272],[0.167614,0.985207,-0.035662],[-0.138374,0.0593266,0.988601]],"s":1.01305,"t":[45.769,71.0432,-103.913],"timestamp":93251057916},false],[6,{"currentFrameRate":54.8617,"devices":[],"gestures":[],"hands":[{"armBasis":[[0.91664,-0.166462,-0.363404],[0.293962,0.896787,0.330695],[0.270847,-0.409955,0.870964]],"armWidth":62.4607,"confidence":0.492764,"direction":[-0.0346397,0.782161,-0.622113],"elbow":[27.0587,170.456,264.374],"grabStrength":0,"id":464,"palmNormal":[-0.355492,-0.591418,-0.723775],"palmPosition":[-54.943,319.319,0.0967943],"palmVelocity":[-3.59792,-16.7395,-27.4348],"palmWidth":89.1918,"pinchStrength":0.452789,"r":[[0.976372,-0.159857,0.145407],[0.167352,0.985053,-0.040781],[-0.136714,0.0641514,0.988531]],"s":1.01281,"sphereCenter":[-67.6733,307,-45.0504],"sphereRadius":47.4504,"stabilizedPalmPosition":[-58.0194,322.204,40.3465],"t":[45.7091,70.7316,-104.391],"timeVisible":0.632738,"type":"right","wrist":[-44.6248,278.956,33.8612]}],"id":1670857,"interactionBox":{"center":[0,200,0],"size":[235.247,235.247,147.751]},"pointables":[{"bases":[[[0.687056,0.602701,0.405839],[-0.579208,0.117048,0.806733],[0.438716,-0.789336,0.429508]],[[0.550289,0.786267,0.281011],[-0.689393,0.237962,0.684186],[0.471083,-0.570227,0.672995]],[[0.550289,0.786267,0.281011],[-0.790207,0.381686,0.479467],[0.269731,-0.485902,0.831351]],[[0.550289,0.786267,0.281011],[-0.834543,0.507101,0.215377],[0.026843,-0.353035,0.935225]]],"btipPosition":[-107.055,327.792,-45.5424],"carpPosition":[-74.3734,275.551,36.6282],"dipPosition":[-106.439,319.693,-24.0874],"direction":[-0.269731,0.485902,-0.831351],"extended":false,"handId":464,"id":4640,"length":51.0864,"mcpPosition":[-74.3734,275.551,36.6282],"pipPosition":[-97.424,303.453,3.69785],"stabilizedTipPosition":[-113.77,335.787,-1.05586],"timeVisible":0.632738,"tipPosition":[-107.873,326.403,-40.1771],"tipVelocity":[8.62704,-38.1184,-33.3989],"tool":false,"touchDistance":-0.321286,"touchZone":"touching","type":0,"width":19.8498},{"bases":[[[0.914961,-0.0619746,-0.398754],[0.323229,0.704138,0.632229],[0.241596,-0.707354,0.664291]],[[0.92835,-0.106358,-0.356167],[0.308309,0.755568,0.577981],[0.207635,-0.646378,0.734223]],[[0.92835,-0.106358,-0.356167],[0.268582,0.854339,0.444938],[0.256965,-0.508718,0.821691]],[[0.92835,-0.106358,-0.356167],[0.232031,0.914393,0.331735],[0.290394,-0.390608,0.873554]]],"btipPosition":[-97.6573,390.368,-71.3094],"carpPosition":[-60.5386,293.541,41.6152],"dipPosition":[-92.7938,383.826,-56.6792],"direction":[-0.256965,0.508718,-0.821691],"extended":true,"handId":464,"id":4641,"length":57.6453,"mcpPosition":[-77.9614,344.552,-6.29056],"pipPosition":[-86.7057,371.773,-37.2111],"stabilizedTipPosition":[-95.6306,392.17,-33.4286],"timeVisible":0.632738,"tipPosition":[-96.3529,387.625,-68.7902],"tipVelocity":[-7.29925,-27.5801,-39.4526],"tool":false,"touchDistance":0.332773,"touchZone":"hovering","type":1,"width":18.9605},{"bases":[[[0.870591,-0.276095,-0.407238],[0.478487,0.667822,0.570144],[0.114549,-0.69122,0.713508]],[[0.866083,-0.251901,-0.431794],[0.044546,0.899214,-0.435236],[0.497911,0.357716,0.790015]],[[0.866083,-0.251901,-0.431794],[-0.467209,-0.100652,-0.878399],[0.177808,0.962505,-0.204863]],[[0.866083,-0.251901,-0.431794],[-0.481392,-0.653121,-0.584547],[-0.134766,0.714128,-0.68692]]],"btipPosition":[-83.047,284.771,-30.2334],"carpPosition":[-49.214,294.384,37.5254],"dipPosition":[-85.5294,297.926,-42.8869],"direction":[-0.177808,-0.962505,0.204863],"extended":false,"handId":464,"id":4642,"length":65.6822,"mcpPosition":[-57.0479,341.656,-11.2708],"pipPosition":[-80.5731,324.755,-48.5973],"stabilizedTipPosition":[-83.5392,293,-12.6255],"timeVisible":0.632738,"tipPosition":[-83.5222,288.067,-33.2053],"tipVelocity":[-10.376,-27.5676,-34.3777],"tool":false,"touchDistance":0.333333,"touchZone":"none","type":2,"width":18.6218},{"bases":[[[0.839395,-0.424357,-0.339614],[0.542872,0.624015,0.562046],[-0.026584,-0.656145,0.754166]],[[0.839736,-0.394116,-0.373519],[0.198162,0.862874,-0.464951],[0.505544,0.316419,0.802685]],[[0.839736,-0.394116,-0.373519],[-0.430238,-0.0632652,-0.900496],[0.331269,0.916881,-0.222689]],[[0.839736,-0.394116,-0.373519],[-0.542892,-0.596006,-0.591646],[0.0105575,0.699607,-0.71445]]],"btipPosition":[-68.149,280.941,-29.7555],"carpPosition":[-38.4514,292.221,32.5748],"dipPosition":[-67.9556,293.754,-42.8404],"direction":[-0.331269,-0.916881,0.222689],"extended":false,"handId":464,"id":4643,"length":63.1552,"mcpPosition":[-36.8191,332.509,-13.7326],"pipPosition":[-58.9602,318.651,-48.8874],"stabilizedTipPosition":[-69.2272,290.143,-8.74451],"timeVisible":0.632738,"tipPosition":[-68.1537,284.25,-33.2722],"tipVelocity":[-0.540888,-32.0202,-10.4551],"tool":false,"touchDistance":0.333333,"touchZone":"none","type":3,"width":17.7198},{"bases":[[[0.729362,-0.594679,-0.338211],[0.662324,0.489979,0.566788],[-0.171341,-0.637399,0.751242]],[[0.730281,-0.591212,-0.342283],[0.367588,0.762391,-0.532577],[0.575819,0.263112,0.774083]],[[0.730281,-0.591212,-0.342283],[-0.455729,-0.0483545,-0.888804],[0.508921,0.805065,-0.304745]],[[0.730281,-0.591212,-0.342283],[-0.666127,-0.505118,-0.548753],[0.151536,0.628748,-0.762701]]],"btipPosition":[-52.6329,284.861,-25.5796],"carpPosition":[-30.0961,283.81,25.2211],"dipPosition":[-50.0725,295.485,-38.4663],"direction":[-0.508921,-0.805065,0.304745],"extended":false,"handId":464,"id":4644,"length":49.5125,"mcpPosition":[-20.3572,320.039,-17.4789],"pipPosition":[-40.3154,310.92,-44.309],"stabilizedTipPosition":[-53.2346,292.724,-1.00493],"timeVisible":0.632738,"tipPosition":[-51.921,287.136,-28.4986],"tipVelocity":[-1.8377,-25.0871,-10.3524