{"sensorType":"Leap","data":[[0,{"currentFrameRate":55.3426,"devices":[],"gestures":[],"hands":[{"armBasis":[[0.972274,0.126814,-0.196475],[-0.0574804,0.944013,0.324861],[0.226671,-0.304561,0.925129]],"armWidth":62.4607,"confidence":0.406122,"direction":[-0.100147,0.693512,-0.713451],"elbow":[63.5566,140.42,283.753],"grabStrength":0,"id":464,"palmNormal":[0.0161056,-0.715832,-0.698087],"palmPosition":[-9.10153,254.097,-1.36456],"palmVelocity":[1.26238,-49.4578,47.2297],"palmWidth":89.1918,"pinchStrength":0.0926816,"r":[[0.911482,0.131313,0.389817],[-0.0885986,0.988106,-0.125688],[-0.401685,0.0800255,0.912275]],"s":1.13207,"sphereCenter":[-40.851,242.04,-36.2319],"sphereRadius":51.3827,"stabilizedPalmPosition":[-5.6786,262.298,-17.1865],"t":[91.4558,6.07551,-107.134],"timeVisible":4.8082,"type":"right","wrist":[3.56486,221.027,38.9043]}],"id":1671086,"interactionBox":{"center":[0,200,0],"size":[235.247,235.247,147.751]},"pointables":[{"bases":[[[0.366375,0.808342,0.460818],[-0.768762,-0.0160344,0.639334],[0.524189,-0.588495,0.615548]],[[0.334296,0.842163,0.423093],[-0.733361,-0.0495291,0.678033],[0.59197,-0.536943,0.601052]],[[0.334296,0.842163,0.423093],[-0.942457,0.296481,0.154514],[0.00468707,-0.4504,0.892815]],[[0.334296,0.842163,0.423093],[-0.940764,0.325159,0.0960936],[-0.056646,-0.430154,0.900976]]],"btipPosition":[-51.5521,260.042,-44.3206],"carpPosition":[-23.7292,208.847,35.5983],"dipPosition":[-52.8516,250.174,-23.6512],"direction":[-0.00468707,0.4504,-0.892815],"extended":false,"handId":464,"id":4640,"length":51.0864,"mcpPosition":[-23.7292,208.847,35.5983],"pipPosition":[-52.695,235.121,6.18821],"stabilizedTipPosition":[-48.9411,267.122,-50.2983],"timeVisible":4.8082,"tipPosition":[-51.8284,258.106,-39.3137],"tipVelocity":[-11.8659,-83.5762,59.3703],"tool":false,"touchDistance":0.198445,"touchZone":"hovering","type":0,"width":19.8498},{"bases":[[[0.963904,0.196688,-0.179449],[-0.0553505,0.8073,0.587539],[0.260431,-0.556399,0.789047]],[[0.916135,0.275051,-0.291623],[-0.0119745,0.745927,0.66592],[0.400691,-0.606581,0.686664]],[[0.916135,0.275051,-0.291623],[-0.145938,0.906395,0.396421],[0.373361,-0.320617,0.870521]],[[0.916135,0.275051,-0.291623],[-0.244646,0.959913,0.136807],[0.317561,-0.0539894,0.9467]]],"btipPosition":[-67.0432,304.656,-81.2839],"carpPosition":[-17.2232,230.486,41.0167],"dipPosition":[-61.7247,303.752,-65.4287],"direction":[-0.373361,0.320617,-0.870521],"extended":true,"handId":464,"id":4641,"length":57.6453,"mcpPosition":[-36.0044,270.611,-15.886],"pipPosition":[-52.8788,296.156,-44.8037],"stabilizedTipPosition":[-65.0298,309.554,-78.3448],"timeVisible":4.8082,"tipPosition":[-65.9331,306.152,-76.5402],"tipVelocity":[-15.9393,-189.637,-16.1996],"tool":false,"touchDistance":0.180336,"touchZone":"hovering","type":1,"width":18.9605},{"bases":[[[0.985446,-0.0208183,-0.168711],[0.114137,0.816519,0.565924],[0.125974,-0.576943,0.807011]],[[0.984828,-0.0180431,-0.17259],[-0.110334,0.702549,-0.70303],[0.133938,0.711407,0.689899]],[[0.984828,-0.0180431,-0.17259],[-0.144081,-0.639331,-0.755312],[-0.096714,0.76872,-0.632231]],[[0.984828,-0.0180431,-0.17259],[-0.0578878,-0.971768,-0.228726],[-0.163591,0.235247,-0.958069]]],"btipPosition":[-15.1911,214.586,-13.117],"carpPosition":[-5.95682,234.502,39.3988],"dipPosition":[-18.2045,218.919,-30.7652],"direction":[0.096714,-0.76872,0.632231],"extended":false,"handId":464,"id":4642,"length":65.6822,"mcpPosition":[-14.5721,273.959,-15.792],"pipPosition":[-20.9003,240.347,-48.3883],"stabilizedTipPosition":[-11.8818,225.611,-41.9969],"timeVisible":4.8082,"tipPosition":[-15.9873,215.395,-17.7863],"tipVelocity":[6.62948,-59.264,72.7431],"tool":false,"touchDistance":0.333333,"touchZone":"none","type":2,"width":18.6218},{"bases":[[[0.981816,-0.166986,-0.0902918],[0.188209,0.794137,0.577861],[-0.0247908,-0.584347,0.811125]],[[0.982128,-0.151401,-0.111812],[0.0197645,0.673751,-0.738694],[0.187172,0.723283,0.664702]],[[0.982128,-0.151401,-0.111812],[-0.184816,-0.663411,-0.725072],[0.035599,0.732778,-0.679536]],[[0.982128,-0.151401,-0.111812],[-0.1707,-0.966769,-0.190316],[-0.0792826,0.206001,-0.975335]]],"btipPosition":[-0.338551,215.969,-5.37336],"carpPosition":[5.85139,235.437,37.2276],"dipPosition":[-1.79059,219.742,-23.2364],"direction":[-0.035599,-0.732778,0.679536],"extended":false,"handId":464,"id":4643,"length":63.1552,"mcpPosition":[7.3736,271.318,-12.5772],"pipPosition":[-0.823917,239.64,-41.6888],"stabilizedTipPosition":[3.14445,225.13,-32.005],"timeVisible":4.8082,"tipPosition":[-0.719814,216.57,-9.67466],"tipVelocity":[8.66653,-50.922,62.9009],"tool":false,"touchDistance":0.333333,"touchZone":"none","type":3,"width":17.7198},{"bases":[[[0.927664,-0.3624,-0.090036],[0.335691,0.703731,0.626159],[-0.163558,-0.611089,0.77448]],[[0.923021,-0.378412,-0.0695505],[0.224031,0.675561,-0.702444],[0.312799,0.632789,0.708333]],[[0.923021,-0.378412,-0.0695505],[-0.291593,-0.570077,-0.768105],[0.251011,0.729258,-0.636535]],[[0.923021,-0.378412,-0.0695505],[-0.383267,-0.888458,-0.252484],[0.0337501,0.259704,-0.965098]]],"btipPosition":[10.8598,223.982,-7.01749],"carpPosition":[17.7877,229.551,33.0442],"dipPosition":[11.4301,228.37,-23.3239],"direction":[-0.251011,-0.729258,0.636535],"extended":false,"handId":464,"id":4644,"length":49.5125,"mcpPosition":[27.0843,264.285,-10.9767],"pipPosition":[16.2425,242.352,-35.5277],"stabilizedTipPosition":[15.1345,232.605,-32.1555],"timeVisible":4.8082,"tipPosition":[10.7866,224.805,-11.0796],"tipVelocity":[6.89635,-48.5342,55.7658],"tool":false,"touchDistance":0.333333,"touchZone":"none","type":4,"width":15.7401}],"r":[[0.911482,0.131313,0.389817],[-0.0885986,0.988106,-0.125688],[-0.401685,0.0800255,0.912275]],"s":1.13207,"t":[91.4558,6.07551,-107.134],"timestamp":93255251201},false],[1,{"currentFrameRate":55.3342,"devices":[],"gestures":[],"hands":[{"armBasis":[[0.971968,0.13474,-0.192673],[-0.0652132,0.941841,0.32967],[0.225887,-0.307864,0.924227]],"armWidth":62.4607,"confidence":0.413236,"direction":[-0.108955,0.679839,-0.725222],"elbow":[64.1105,139.389,284.651],"grabStrength":0,"id":464,"palmNormal":[0.0227035,-0.727673,-0.685548],"palmPosition":[-8.77038,253.092,-0.772097],"palmVelocity":[9.36391,-52.3269,40.3331],"palmWidth":89.1918,"pinchStrength":0.0911122,"r":[[0.912238,0.140567,0.38479],[-0.0957722,0.986437,-0.133302],[-0.398309,0.0847513,0.913328]],"s":1.12818,"sphereCenter":[-38.912,239.393,-35.9656],"sphereRadius":50.783,"stabilizedPalmPosition":[-5.81564,261.89,-16.4589],"t":[91.6388,5.13436,-106.436],"timeVisible":4.8263,"type":"right","wrist":[4.32642,220.869,40.0419]}],"id":1671087,"interactionBox":{"center":[0,200,0],"size":[235.247,235.247,147.751]},"pointables":[{"bases":[[[0.35833,0.820192,0.445966],[-0.767426,-0.0132554,0.641],[0.531654,-0.571935,0.624687]],[[0.3271,0.851784,0.40923],[-0.730536,-0.046769,0.68127],[0.599435,-0.521801,0.606961]],[[0.3271,0.851784,0.40923],[-0.944914,0.289334,0.153048],[0.0119603,-0.436749,0.899504]],[[0.3271,0.851784,0.40923],[-0.943281,0.320331,0.0872245],[-0.0567924,-0.41455,0.908253]]],"btipPosition":[-51.2666,257.977,-43.5974],"carpPosition":[-22.8388,208.338,37.0012],"dipPosition":[-52.5695,248.467,-22.7611],"direction":[-0.0119603,0.436749,-0.899504],"extended":false,"handId":464,"id":4640,"length":51.0864,"mcpPosition":[-22.8388,208.338,37.0012],"pipPosition":[-52.1698,233.87,7.30191],"stabilizedTipPosition":[-49.313,265.517,-48.6702],"timeVisible":4.8263,"tipPosition":[-51.5685,256.048,-38.6255],"tipVelocity":[1.25925,-95.9227,51.1432],"tool":false,"touchDistance":0.211139,"touchZone":"hovering","type":0,"width":19.8498},{"bases":[[[0.961386,0.204011,-0.184708],[-0.0631371,0.816768,0.573501],[0.267864,-0.539694,0.79811]],[[0.914486,0.27747,-0.294491],[-0.0313275,0.774197,0.632169],[0.403403,-0.568884,0.716685]],[[0.914486,0.27747,-0.294491],[-0.168889,0.923154,0.345346],[0.367684,-0.266077,0.891073]],[[0.914486,0.27747,-0.294491],[-0.266866,0.960695,0.0764698],[0.304135,0.00865905,0.95259]]],"btipPosition":[-66.6708,299.173,-82.7747],"carpPosition":[-16.56,230.136,42.0294],"dipPosition":[-61.5772,299.318,-66.8208],"direction":[-0.367684,0.266077,-0.891073],"extended":true,"handId":464,"id":4641,"length":57.6453,"mcpPosition":[-35.8772,269.057,-15.5268],"pipPosition":[-52.8658,293.014,-45.7088],"stabilizedTipPosition":[-65.2986,303.629,-78.7803],"timeVisible":4.8263,"tipPosition":[-65.7884,301.188,-77.849],"tipVelocity":[0.0691459,-237.171,-47.072],"tool":false,"touchDistance":0.179374,"touchZone":"hovering","type":1,"width":18.9605},{"bases":[[[0.985319,-0.0130277,-0.170226],[0.106202,0.827453,0.5514],[0.133671,-0.561384,0.816689]],[[0.98465,-0.0102686,-0.174238],[-0.119522,0.687818,-0.715976],[0.127196,0.725811,0.676033]],[[0.98465,-0.0102686,-0.174238],[-0.138239,-0.655317,-0.742596],[-0.106555,0.755284,-0.646677]],[[0.98465,-0.0102686,-0.174238],[-0.0474069,-0.976474,-0.210358],[-0.167979,0.215389,-0.961972]]],"btipPosition":[-14.4278,213.326,-11.7278],"carpPosition":[-5.34094,234.247,40.3201],"dipPosition":[-17.5221,217.293,-29.4479],"direction":[0.106555,-0.755284,0.646677],"extended":false,"handId":464,"id":4642,"length":65.6822,"mcpPosition":[-14.4826,272.639,-15.5326],"pipPosition":[-20.4923,238.346,-47.4737],"stabilizedTipPosition":[-11.9159,225.492,-41.7222],"timeVisible":4.8263,"tipPosition":[-15.2448,214.048,-16.4192],"tipVelocity":[23.0432,-66.393,74.2126],"tool":false,"touchDistance":0.333333,"touchZone":"none","type":2,"width":18.6218},{"bases":[[[0.983422,-0.157838,-0.0892675],[0.180534,0.806091,0.563583],[-0.0169968,-0.570355,0.821222]],[[0.983527,-0.142641,-0.111037],[0.0112262,0.661277,-0.750058],[0.180415,0.736456,0.651984]],[[0.983527,-0.142641,-0.111037],[-0.178813,-0.677711,-0.713256],[0.026489,0.721361,-0.692052]],[[0.983527,-0.142641,-0.111037],[-0.160481,-0.971729,-0.173172],[-0.083196,0.188139,-0.978612]]],"btipPosition":[0.399062,215.005,-4.15393],"carpPosition":[6.45256,235.272,38.1101],"dipPosition":[-1.12465,218.451,-22.077],"direction":[-0.026489,-0.721361,0.692052],"extended":false,"handId":464,"id":4643,"length":63.1552,"mcpPosition":[7.4962,270.293,-12.3146],"pipPosition":[-0.405357,238.039,-40.8693],"stabilizedTipPosition":[3.11904,225.054,-31.8102],"timeVisible":4.8263,"tipPosition":[0.00570716,215.53,-8.45219],"tipVelocity":[23.4941,-54.0076,64.6629],"tool":false,"touchDistance":0.333333,"touchZone":"none","type":3,"width":17.7198},{"bases":[[[0.931407,-0.353794,-0.0855049],[0.329079,0.71815,0.613162],[-0.155528,-0.599241,0.785316]],[[0.927065,-0.369201,-0.0651303],[0.214882,0.665642,-0.714665],[0.307208,0.648545,0.696428]],[[0.927065,-0.369201,-0.0651303],[-0.286892,-0.586812,-0.757196],[0.241338,0.720655,-0.649933]],[[0.927065,-0.369201,-0.0651303],[-0.373806,-0.897031,-0.235807],[0.0286362,0.242954,-0.969615]]],"btipPosition":[11.5264,223.104,-5.92504],"carpPosition":[18.4451,229.444,34.0068],"dipPosition":[12.0103,227.209,-22.3078],"direction":[-0.241338,-0.720655,0.649933],"extended":false,"handId":464,"id":4644,"length":49.5125,"mcpPosition":[27.2852,263.504,-10.63],"pipPosition":[16.6373,241.026,-34.7685],"stabilizedTipPosition":[15.1039,232.531,-31.9588],"timeVisible":4.8263,"tipPosition":[11.4329,223.857,-9.99993],"tipVelocity":[20.6108,-50.2417,57.4867],"tool":false,"touchDistance":0.333333,"touchZone":"none","type":4,"width":15.7401}],"r":[[0.912238,0.140567,0.38479],[-0.0957722,0.986437,-0.133302],[-0.398309,0.0847513,0.913328]],"s":1.12818,"t":[91.6388,5.13436,-106.436],"timestamp":93255269302},false],[2,{"currentFrameRate":55.1918,"devices":[],"gestures":[],"hands":[{"armBasis":[[0.971409,0.142807,-0.189659],[-0.0728147,0.939571,0.334521],[0.22597,-0.311146,0.923106]],"armWidth":62.4607,"confidence":0.421337,"direction":[-0.116291,0.669894,-0.733293],"elbow":[64.7233,138.337,285.202],"grabStrength":0,"id":464,"palmNormal":[0.0295322,-0.735643,-0.676725],"palmPosition":[-8.53158,252.28,-0.300528],"palmVelocity":[11.046,-48.1033,33.0589],"palmWidth":89.1918,"pinchStrength":0.0902672,"r":[[0.91254,0.1507,0.380211],[-0.103531,0.984477,-0.141724],[-0.395666,0.089965,0.913977]],"s":1.12357,"sphereCenter":[-36.8365,237.139,-35.9433],"sphereRadius":50.1698,"stabilizedPalmPosition":[-5.97353,261.331,-15.5196],"t":[91.8498,4.25788,-105.851],"timeVisible":4.84491,"type":"right","wrist":[4.91708,220.686,40.889]}],"id":1671088,"interactionBox":{"center":[0,200,0],"size":[235.247,235.247,147.751]},"pointables":[{"bases":[[[0.350384,0.829079,0.435728],[-0.766803,-0.0132094,0.641746],[0.537814,-0.558975,0.631112]],[[0.321014,0.857884,0.401228],[-0.727775,-0.0476497,0.684159],[0.606048,-0.511628,0.60905]],[[0.321014,0.857884,0.401228],[-0.946913,0.282923,0.152675],[0.0174608,-0.428939,0.903165]],[[0.321014,0.857884,0.401228],[-0.945069,0.31772,0.0767983],[-0.0615942,-0.403842,0.912753]]],"btipPosition":[-50.9481,256.482,-42.9041],"carpPosition":[-22.123,207.847,38.0223],"dipPosition":[-52.3611,247.217,-21.9646],"direction":[-0.0174608,0.428939,-0.903165],"extended":false,"handId":464,"id":4640,"length":51.0864,"mcpPosition":[-22.123,207.847,38.0223],"pipPosition":[-51.7776,232.881,8.22078],"stabilizedTipPosition":[-49.6441,263.63,-46.8823],"timeVisible":4.84491,"tipPosition":[-51.3134,254.491,-38.0099],"tipVelocity":[8.29133,-86.8932,45.0233],"tool":false,"touchDistance":0.223089,"touchZone":"hovering","type":0,"width":19.8498},{"bases":[[[0.959157,0.211405,-0.187953],[-0.070938,0.822967,0.563643],[0.273836,-0.527289,0.804351]],[[0.914128,0.279764,-0.293431],[-0.051816,0.798445,0.599834],[0.402101,-0.533121,0.744377]],[[0.914128,0.279764,-0.293431],[-0.191238,0.935728,0.296381],[0.357488,-0.214816,0.908876]],[[0.914128,0.279764,-0.293431],[-0.286853,0.957776,0.0195318],[0.286505,0.0663169,0.955781]]],"btipPosition":[-66.0098,294.223,-84.114],"carpPosition":[-16.06,229.767,42.7816],"dipPosition":[-61.2115,295.333,-68.1066],"direction":[-0.357488,0.214816,-0.908876],"extended":true,"handId":464,"id":4641,"length":57.6453,"mcpPosition":[-35.8078,267.792,-15.2247],"pipPosition":[-52.7416,290.244,-46.5729],"stabilizedTipPosition":[-65.0394,297.584,-79.8716],"timeVisible":4.84491,"tipPosition":[-65.3848,296.671,-79.0713],"tipVelocity":[15.4956,-245.368,-58.8267],"tool":false,"touchDistance":0.181682,"touchZone":"hovering","type":1,"width":18.9605},{"bases":[[[0.98528,-0.00519174,-0.170869],[0.0982694,0.835083,0.541276],[0.13988,-0.550099,0.823301]],[[0.984571,-0.00245035,-0.17497],[-0.127047,0.677578,-0.724394],[0.120331,0.735447,0.666812]],[[0.984571,-0.00245035,-0.17497],[-0.13213,-0.665974,-0.73418],[-0.114726,0.745971,-0.656022]],[[0.984571,-0.00245035,-0.17497],[-0.0376497,-0.97945,-0.198141],[-0.170889,0.201672,-0.96443]]],"btipPosition":[-13.7898,212.333,-10.7452],"carpPosition":[-4.88402,233.969,41.0135],"dipPosition":[-16.9377,216.048,-28.5106],"direction":[0.114726,-0.745971,0.656022],"extended":false,"handId":464,"id":4642,"length":65.6822,"mcpPosition":[-14.4503,271.589,-15.2914],"pipPosition":[-20.1356,236.841,-46.7968],"stabilizedTipPosition":[-11.9521,225.321,-41.3482],"timeVisible":4.84491,"tipPosition":[-14.6177,212.993,-15.4394],"tipVelocity":[28.1735,-61.5842,63.5525],"tool":false,"touchDistance":0.333333,"touchZone":"none","type":2,"width":18.6218},{"bases":[[[0.984895,-0.149024,-0.0881655],[0.172821,0.814617,0.553654],[-0.0106867,-0.560528,0.828066]],[[0.984832,-0.134093,-0.110115],[0.00407289,0.652316,-0.757936],[0.173463,0.745991,0.642968]],[[0.984832,-0.134093,-0.110115],[-0.172492,-0.687955,-0.704957],[0.0187759,0.713258,-0.70065]],[[0.984832,-0.134093,-0.110115],[-0.150839,-0.975297,-0.161382],[-0.0857541,0.175544,-0.98073]]],"btipPosition":[1.01682,214.248,-3.23561],"carpPosition":[6.89702,235.086,38.7815],"dipPosition":[-0.55375,217.463,-21.1974],"direction":[-0.0187759,-0.713258,0.70065],"extended":false,"handId":464,"id":4643,"length":63.1552,"mcpPosition":[7.55321,269.503,-12.0634],"pipPosition":[-0.0438982,236.831,-40.2232],"stabilizedTipPosition":[3.0936,224.95,-31.5578],"timeVisible":4.84491,"tipPosition":[0.616062,214.72,-7.53515],"tipVelocity":[27.9183,-48.9253,56.9987],"tool":false,"touchDistance":0.333333,"touchZone":"none","type":3,"width":17.7198},{"bases":[[[0.934854,-0.345433,-0.0819928],[0.322277,0.728778,0.604169],[-0.148946,-0.591235,0.792626]],[[0.93073,-0.360474,-0.0616506],[0.207441,0.659218,-0.722773],[0.301182,0.659917,0.688331]],[[0.93073,-0.360474,-0.0616506],[-0.281565,-0.598753,-0.749811],[0.233373,0.71523,-0.658774]],[[0.93073,-0.360474,-0.0616506],[-0.364834,-0.903576,-0.224603],[0.0252575,0.231537,-0.972498]]],"btipPosition":[12.0705,222.436,-5.10941],"carpPosition":[18.9447,229.329,34.739],"dipPosition":[12.4973,226.348,-21.5409],"direction":[-0.233373,-0.71523,0.658774],"extended":false,"handId":464,"id":4644,"length":49.5125,"mcpPosition":[27.4106,262.934,-10.3133],"pipPosition":[16.9716,240.061,-34.1711],"stabilizedTipPosition":[15.0724,232.432,-31.7118],"timeVisible":4.84491,"tipPosition":[11.9652,223.143,-9.1884],"tipVelocity":[24.4519,-44.4253,50.5672],"tool":false,"touchDistance":0.333333,"touchZone":"none","type":4,"width":15.7401}],"r":[[0.91254,0.1507,0.380211],[-0.103531,0.984477,-0.141724],[-0.395666,0.089965,0.913977]],"s":1.12357,"t":[91.8498,4.25788,-105.851],"timestamp":93255287913},false],[3,{"currentFrameRate":55.3288,"devices":[],"gestures":[],"hands":[{"armBasis":[[0.971292,0.149677,-0.184899],[-0.0793848,0.936633,0.341198],[0.224252,-0.316724,0.921627]],"armWidth":62.4607,"confidence":0.430231,"direction":[-0.122707,0.660671,-0.740579],"elbow":[64.9744,136.628,285.536],"grabStrength":0,"id":464,"palmNormal":[0.0358957,-0.742776,-0.668578],"palmPosition":[-8.13108,251.467,0.085783],"palmVelocity":[16.5051,-47.2176,27.8796],"palmWidth":89.1918,"pinchStrength":0.107937,"r":[[0.912464,0.161269,0.376035],[-0.111551,0.982283,-0.150585],[-0.393657,0.0954561,0.914288]],"s":1.11864,"sphereCenter":[-34.7364,235.104,-35.9141],"sphereRadius":49.6578,"stabilizedPalmPosition":[-6.12217,260.651,-14.4445],"t":[92.1555,3.41305,-105.366],"timeVisible":4.86251,"type":"right","wrist":[5.62292,220.453,41.614]}],"id":1671089,"interactionBox":{"center":[0,200,0],"size":[235.247,235.247,147.751]},"pointables":[{"bases":[[[0.343045,0.836986,0.42635],[-0.766354,-0.0130757,0.642285],[0.543159,-0.547068,0.636943]],[[0.316094,0.862719,0.394716],[-0.725095,-0.048619,0.68693],[0.611818,-0.503341,0.610185]],[[0.316094,0.862719,0.394716],[-0.948482,0.277882,0.152198],[0.0216202,-0.42249,0.90611]],[[0.316094,0.862719,0.394716],[-0.946264,0.316655,0.0656764],[-0.0683286,-0.394266,0.916453]]],"btipPosition":[-50.3928,255.132,-42.2607],"carpPosition":[-21.3008,207.338,38.9045],"dipPosition":[-51.9603,246.087,-21.2363],"direction":[-0.0216202,0.42249,-0.90611],"extended":false,"handId":464,"id":4640,"length":51.0864,"mcpPosition":[-21.3008,207.338,38.9045],"pipPosition":[-51.2377,231.967,9.04751],"stabilizedTipPosition":[-49.84,261.762,-45.2119],"timeVisible":4.86251,"tipPosition":[-50.8434,253.062,-37.4486],"tipVelocity":[18.1939,-80.7879,41.5937],"tool":false,"touchDistance":0.234138,"touchZone":"hovering","type":0,"width":19.8498},{"bases":[[[0.957111,0.218009,-0.190816],[-0.0781449,0.828465,0.554562],[0.278984,-0.515866,0.809969]],[[0.914611,0.280929,-0.290802],[-0.0693199,0.817507,0.571731],[0.398348,-0.502754,0.767175]],[[0.914611,0.280929,-0.290802],[-0.209719,0.944505,0.252842],[0.345694,-0.170265,0.922771]],[[0.914611,0.280929,-0.290802],[-0.302639,0.952581,-0.0316016],[0.268134,0.116911,0.956261]]],"btipPosition":[-65.0108,289.814,-85.18],"carpPosition":[-15.4348,229.363,43.4181],"dipPosition":[-60.5201,291.772,-69.1646],"direction":[-0.345694,0.170265,-0.922771],"extended":true,"handId":464,"id":4641,"length":57.6453,"mcpPosition":[-35.5539,266.565,-14.9934],"pipPosition":[-52.3297,287.738,-47.3017],"stabilizedTipPosition":[-64.2962,292.459,-81.0093],"timeVisible":4.86251,"tipPosition":[-64.6247,292.55,-80.1257],"tipVelocity":[32.8606,-242.599,-59.5904],"tool":false,"touchDistance":0.187228,"touchZone":"hovering","type":1,"width":18.9605},{"bases":[[[0.985207,0.00186007,-0.171356],[0.0909351,0.841868,0.531967],[0.145249,-0.53968,0.829246]],[[0.984471,0.00455197,-0.175491],[-0.133533,0.668351,-0.731762],[0.113958,0.743832,0.658579]],[[0.984471,0.00455197,-0.175491],[-0.12642,-0.675215,-0.726707],[-0.121802,0.737607,-0.664154]],[[0.984471,0.00455197,-0.175491],[-0.0288473,-0.98188,-0.187297],[-0.173163,0.18945,-0.9665]]],"btipPosition":[-13.0311,211.36,-9.91407],"carpPosition":[-4.2983,233.647,41.5974],"dipPosition":[-16.2209,214.85,-27.7176],"direction":[0.121802,-0.737607,0.664154],"extended":false,"handId":464,"id":4642,"length":65.6822,"mcpPosition":[-14.2318,270.555,-15.114],"pipPosition":[-19.616,235.41,-46.2305],"stabilizedTipPosition":[-11.9837,225.091,-40.8713],"timeVisible":4.86251,"tipPosition":[-13.867,211.962,-14.6133],"tipVelocity":[34.8813,-60.0021,55.7071],"tool":false,"touchDistance":0.333333,"touchZone":"none","type":2,"width":18.6218},{"bases":[[[0.986167,-0.141047,-0.0870695],[0.165675,0.822217,0.544528],[-0.00521427,-0.55142,0.834211]],[[0.985957,-0.12636,-0.109184],[-0.00219681,0.643937,-0.765075],[0.166982,0.754572,0.634617]],[[0.985957,-0.12636,-0.109184],[-0.166566,-0.697199,-0.697259],[0.0119828,0.705654,-0.708455]],[[0.985957,-0.12636,-0.109184],[-0.142057,-0.97834,-0.150569],[-0.0877928,0.163965,-0.982552]]],"btipPosition":[1.76051,213.492,-2.43676],"carpPosition":[7.47108,234.846,39.3466],"dipPosition":[0.152606,216.495,-20.4319],"direction":[-0.0119828,-0.705654,0.708455],"extended":false,"handId":464,"id":4643,"length":63.1552,"mcpPosition":[7.79124,268.704,-11.8757],"pipPosition":[0.477993,235.657,-39.6697],"stabilizedTipPosition":[3.0724,224.816,-31.2468],"timeVisible":4.86251,"tipPosition":[1.35389,213.915,-6.73899],"tipVelocity":[34.3748,-47.4384,51.3829],"tool":false,"touchDistance":0.333333,"touchZone":"none","type":3,"width":17.7198},{"bases":[[[0.937914,-0.337823,-0.0787003],[0.315927,0.738301,0.595904],[-0.143205,-0.58377,0.79919]],[[0.933972,-0.352548,-0.0583663],[0.200915,0.653136,-0.7301],[0.295516,0.670166,0.680843]],[[0.933972,-0.352548,-0.0583663],[-0.276519,-0.609555,-0.742954],[0.226349,0.710037,-0.666793]],[[0.933972,-0.352548,-0.0583663],[-0.356639,-0.909327,-0.214318],[0.0224834,0.220983,-0.975018]]],"btipPosition":[12.7461,221.76,-4.40452],"carpPosition":[19.5686,229.154,35.3611],"dipPosition":[13.1259,225.494,-20.8786],"direction":[-0.226349,-0.710037,0.666793],"extended":false,"handId":464,"id":4644,"length":49.5125,"mcpPosition":[27.7083,262.335,-10.0642],"pipPosition":[17.4656,239.107,-33.6625],"stabilizedTipPosition":[15.0442,232.309,-31.4157],"timeVisible":4.86251,"tipPosition":[12.6313,222.423,-8.48784],"tipVelocity":[30.6615,-42.7111,45.4048],"tool":false,"touchDistance":0.333333,"touchZone":"none","type":4,"width":15.7401}],"r":[[0.912464,0.161269,0.376035],[-0.111551,0.982283,-0.150585],[-0.393657,0.0954561,0.914288]],"s":1.11864,"t":[92.1555,3.41305,-105.366],"timestamp":93255305513},false],[4,{"currentFrameRate":55.3573,"devices":[],"gestures":[],"hands":[{"armBasis":[[0.971512,0.155436,-0.178897],[-0.0858079,0.934362,0.345839],[0.22091,-0.320636,0.921081]],"armWidth":62.4607,"confidence":0.441809,"direction":[-0.12726,0.654433,-0.745334],"elbow":[65.0055,135.032,286.258],"grabStrength":0,"id":464,"palmNormal":[0.0423184,-0.747177,-0.663277],"palmPosition":[-7.42316,250.503,0.723629],"palmVelocity":[27.3389,-50.2577,31.4865],"palmWidth":89.1918,"pinchStrength":0.122147,"r":[[0.912004,0.171658,0.372534],[-0.119492,0.980013,-0.159045],[-0.392389,0.100535,0.914288]],"s":1.11383,"sphereCenter":[-32.4249,233.181,-35.6611],"sphereRadius":49.2361,"stabilizedPalmPosition":[-6.22904,259.818,-13.1985],"t":[92.6623,2.50875,-104.804],"timeVisible":4.88048,"type":"right","wrist":[6.53847,219.893,42.4814]}],"id":1671090,"interactionBox":{"center":[0,200,0],"size":[235.247,235.247,147.751]},"pointables":[{"bases":[[[0.336079,0.842654,0.420696],[-0.766784,-0.0145699,0.64174],[0.546894,-0.538258,0.641237]],[[0.311496,0.865695,0.391846],[-0.723384,-0.0513659,0.688532],[0.616186,-0.49793,0.61023]],[[0.311496,0.865695,0.391846],[-0.949911,0.272701,0.152656],[0.0252966,-0.41977,0.907278]],[[0.311496,0.865695,0.391846],[-0.947404,0.314805,0.0576455],[-0.0734515,-0.389193,0.918223]]],"btipPosition":[-49.5899,253.87,-41.4041],"carpPosition":[-20.2789,206.547,39.8429],"dipPosition":[-51.275,244.941,-20.3391],"direction":[-0.0252966,0.41977,-0.907278],"extended":false,"handId":464,"id":4640,"length":51.0864,"mcpPosition":[-20.2789,206.547,39.8429],"pipPosition":[-50.4295,230.912,9.98373],"stabilizedTipPosition":[-49.8655,259.917,-43.6069],"timeVisible":4.88048,"tipPosition":[-50.0717,251.705,-36.6745],"tipVelocity":[30.0174,-75.111,44.718],"tool":false,"touchDistance":0.24857,"touchZone":"hovering","type":0,"width":19.8498},{"bases":[[[0.955531,0.224184,-0.191578],[-0.0851417,0.831723,0.548623],[0.282332,-0.507915,0.813825]],[[0.915707,0.282349,-0.285937],[-0.0857653,0.832481,0.547375],[0.392588,-0.476711,0.786525]],[[0.915707,0.282349,-0.285937],[-0.22497,0.949799,0.217419],[0.332971,-0.134765,0.933257]],[[0.915707,0.282349,-0.285937],[-0.314099,0.946728,-0.0710442],[0.250645,0.154868,0.955611]]],"btipPosition":[-63.5708,285.953,-85.7233],"carpPosition":[-14.5903,228.65,44.2053],"dipPosition":[-59.373,288.547,-69.7188],"direction":[-0.332971,0.134765,-0.933257],"extended":true,"handId":464,"id":4641,"length":57.6453,"mcpPosition":[-34.9509,265.278,-14.4842],"pipPosition":[-51.484,285.354,-47.6074],"stabilizedTipPosition":[-63.0162,287.986,-81.7913],"timeVisible":4.88048,"tipPosition":[-63.369,288.858,-80.6986],"tipVelocity":[53.4604,-225.637,-45.769],"tool":false,"touchDistance":0.197892,"touchZone":"hovering","type":1,"width":18.9605},{"bases":[[[0.98531,0.00840682,-0.170567],[0.0838471,0.846297,0.526071],[0.148773,-0.532644,0.833161]],[[0.984555,0.0110667,-0.174725],[-0.138162,0.662076,-0.736591],[0.10753,0.749355,0.653379]],[[0.984555,0.0110667,-0.174725],[-0.120475,-0.68131,-0.722013],[-0.127032,0.731912,-0.669454]],[[0.984555,0.0110667,-0.174725],[-0.0209583,-0.983373,-0.180382],[-0.173816,0.181258,-0.967953]]],"btipPosition":[-11.9985,210.289,-8.99563],"carpPosition":[-3.48624,233.008,42.3634],"dipPosition":[-15.2003,213.628,-26.8259],"direction":[0.127032,-0.731912,0.669454],"extended":false,"handId":464,"id":4642,"length":65.6822,"mcpPosition":[-13.6607,269.435,-14.6158],"pipPosition":[-18.7412,234.029,-45.4865],"stabilizedTipPosition":[-12.0017,224.754,-40.2042],"timeVisible":4.88048,"tipPosition":[-12.8347,210.852,-13.6971],"tipVelocity":[45.4995,-60.7469,53.3753],"tool":false,"touchDistance":0.333333,"touchZone":"none","type":2,"width":18.6218},{"bases":[[[0.987321,-0.133889,-0.08527],[0.158729,0.827325,0.538831],[-0.00159787,-0.545534,0.838087]],[[0.987014,-0.11933,-0.107534],[-0.00656286,0.638922,-0.769244],[0.1605,0.75996,0.629842]],[[0.987014,-0.11933,-0.107534],[-0.160476,-0.70285,-0.693001],[0.00711522,0.701258,-0.712872]],[[0.987014,-0.11933,-0.107534],[-0.134258,-0.98037,-0.144396],[-0.0881926,0.156958,-0.98366]]],"btipPosition":[2.76606,212.58,-1.55829],"carpPosition":[8.27528,234.284,40.1137],"dipPosition":[1.15084,215.454,-19.5738],"direction":[-0.00711522,-0.701258,0.712872],"extended":false,"handId":464,"id":4643,"length":63.1552,"mcpPosition":[8.37339,267.78,-11.3465],"pipPosition":[1.34405,234.497,-38.9315],"stabilizedTipPosition":[3.0608,224.618,-30.8095],"timeVisible":4.88048,"tipPosition":[2.36207,212.983,-5.84501],"tipVelocity":[44.5478,-49.7933,50.0835],"tool":false,"touchDistance":0.333333,"touchZone":"none","type":3,"width":17.7198},{"bases":[[[0.940611,-0.330974,-0.075548],[0.309592,0.74496,0.590921],[-0.1393,-0.579216,0.803184]],[[0.93681,-0.345436,-0.0553256],[0.196136,0.649563,-0.734574],[0.289685,0.677305,0.67627]],[[0.93681,-0.345436,-0.0553256],[-0.271144,-0.617011,-0.738768],[0.22106,0.707086,-0.671685]],[[0.93681,-0.345436,-0.0553256],[-0.349188,-0.913659,-0.208074],[0.0213274,0.214245,-0.976547]]],"btipPosition":[13.6992,220.929,-3.53612],"carpPosition":[20.4207,228.659,36.1784],"dipPosition":[14.0595,224.549,-20.036],"direction":[-0.22106,-0.707086,0.671685],"extended":false,"handId":464,"id":4644,"length":49.5125,"mcpPosition":[28.3384,261.581,-9.47395],"pipPosition":[18.2978,238.106,-32.9137],"stabilizedTipPosition":[15.0233,232.134,-31.0163],"timeVisible":4.88048,"tipPosition":[13.5815,221.565,-7.62173],"tipVelocity":[41.1363,-45.0736,46.635],"tool":false,"touchDistance":0.333333,"touchZone":"none","type":4,"width":15.7401}],"r":[[0.912004,0.171658,0.372534],[-0.119492,0.980013,-0.159045],[-0.392389,0.100535,0.914288]],"s":1.11383,"t":[92.6623,2.50875,-104.804],"timestamp":93255323479},false],[5,{"currentFrameRate":55.3371,"devices":[],"gestures":[],"hands":[{"armBasis":[[0.972237,0.160411,-0.170364],[-0.0927595,0.932609,0.348765],[0.214828,-0.323279,0.921596]],"armWidth":62.4607,"confidence":0.453331,"direction":[-0.129706,0.650572,-0.748287],"elbow":[64.1616,133.781,287.116],"grabStrength":0,"id":464,"palmNormal":[0.0496385,-0.749455,-0.660192],"palmPosition":[-6.75101,249.687,1.28329],"palmVelocity":[31.9662,-47.7667,31.1836],"palmWidth":89.1918,"pinchStrength":0.136285,"r":[[0.911096,0.181539,0.370065],[-0.127147,0.977788,-0.166628],[-0.392094,0.104761,0.91394]],"s":1.10907,"sphereCenter":[-30.0769,231.584,-35.5482],"sphereRadius":48.8365,"stabilizedPalmPosition":[-6.27706,258.886,-11.8661],"t":[93.2518,1.64817,-104.243],"timeVisible":4.89862,"type":"right","wrist":[7.3042,219.341,43.2028]}],"id":1671091,"interactionBox":{"center":[0,200,0],"size":[235.247,235.247,147.751]},"pointables":[{"bases":[[[0.32879,0.846685,0.418356],[-0.768574,-0.0175367,0.63952],[0.548809,-0.531806,0.644974]],[[0.306154,0.867652,0.391727],[-0.72378,-0.0551501,0.687823],[0.618395,-0.494104,0.611105]],[[0.306154,0.867652,0.391727],[-0.951605,0.267347,0.151569],[0.0267825,-0.419173,0.907511]],[[0.306154,0.867652,0.391727],[-0.94875,0.311963,0.0505152],[-0.0783749,-0.387117,0.918694]]],"btipPosition":[-48.7649,252.861,-40.7708],"carpPosition":[-19.4091,205.794,40.5377],"dipPosition":[-50.5629,243.98,-19.6949],"direction":[-0.0267825,0.419173,-0.907511],"extended":false,"handId":464,"id":4640,"length":51.0864,"mcpPosition":[-19.4091,205.794,40.5377],"pipPosition":[-49.6678,229.971,10.6357],"stabilizedTipPosition":[-49.7349,258.188,-42.1464],"timeVisible":4.89862,"tipPosition":[-49.2693,250.618,-36.1009],"tipVelocity":[36.7005,-65.5248,40.1122],"tool":false,"touchDistance":0.259167,"touchZone":"hovering","type":0,"width":19.8498},{"bases":[[[0.954473,0.230264,-0.189633],[-0.0927221,0.833242,0.545079],[0.283522,-0.50268,0.816657]],[[0.917521,0.284127,-0.278257],[-0.102291,0.844756,0.525285],[0.384306,-0.453497,0.804145]],[[0.917521,0.284127,-0.278257],[-0.239574,0.953376,0.18352],[0.317426,-0.10172,0.942812]],[[0.917521,0.284127,-0.278257],[-0.324188,0.939631,-0.109521],[0.230341,0.190696,0.954242]]],"btipPosition":[-61.9009,282.519,-86.2487],"carpPosition":[-13.8916,227.953,44.8295],"dipPosition":[-58.0431,285.712,-70.2672],"direction":[-0.317426,0.10172,-0.942812],"extended":true,"handId":464,"id":4641,"length":57.6453,"mcpPosition":[-34.338,264.204,-14.0642],"pipPosition":[-50.5224,283.302,-47.9294],"stabilizedTipPosition":[-61.4248,284.225,-82.4125],"timeVisible":4.89862,"tipPosition":[-61.9171,285.592,-81.2511],"tipVelocity":[69.7926,-204.718,-37.9023],"tool":false,"touchDistance":0.205343,"touchZone":"hovering","type":1,"width":18.9605},{"bases":[[[0.98573,0.0147894,-0.167682],[0.0762249,0.848936,0.522969],[0.150085,-0.528288,0.835695]],[[0.98496,0.0174563,-0.171899],[-0.140768,0.657973,-0.739768],[0.100191,0.75284,0.650534]],[[0.98496,0.0174563,-0.171899],[-0.113434,-0.685123,-0.719541],[-0.130332,0.728218,-0.672839]],[[0.98496,0.0174563,-0.171899],[-0.0133613,-0.984209,-0.176505],[-0.172265,0.176147,-0.969173]]],"btipPosition":[-11.0054,209.399,-8.27775],"carpPosition":[-2.81358,232.383,43.0033],"dipPosition":[-14.1787,212.644,-26.1305],"direction":[0.130332,-0.728218,0.672839],"extended":false,"handId":464,"id":4642,"length":65.6822,"mcpPosition":[-13.0778,268.512,-14.1492],"pipPosition":[-17.8116,232.942,-44.8855],"stabilizedTipPosition":[-11.9932,224.287,-39.3147],"timeVisible":4.89862,"tipPosition":[-11.8318,209.942,-12.9789],"tipVelocity":[50.0744,-55.7465,46.6636],"tool":false,"touchDistance":0.333333,"touchZone":"none","type":2,"width":18.6218},{"bases":[[[0.988503,-0.127153,-0.081818],[0.151202,0.83055,0.536027],[-0.000203207,-0.542235,0.840227]],[[0.988158,-0.112676,-0.104151],[-0.00881127,0.635991,-0.771646],[0.153185,0.763426,0.627467]],[[0.988158,-0.112676,-0.104151],[-0.153379,-0.70642,-0.690975],[0.00428187,0.698767,-0.715337]],[[0.988158,-0.112676,-0.104151],[-0.126846,-0.981805,-0.141311],[-0.0863339,0.152849,-0.984471]]],"btipPosition":[3.71358,211.819,-0.834165],"carpPosition":[8.94519,233.734,40.7834],"dipPosition":[2.1324,214.618,-18.8645],"direction":[-0.00428187,-0.698767,0.715337],"extended":false,"handId":464,"id":4643,"length":63.1552,"mcpPosition":[8.95767,267.029,-10.8082],"pipPosition":[2.24867,233.593,-38.2891],"stabilizedTipPosition":[3.06739,224.34,-30.2204],"timeVisible":4.89862,"tipPosition":[3.32105,212.212,-5.11467],"tipVelocity":[48.4135,-46.5029,45.15],"tool":false,"touchDistance":0.333333,"touchZone":"none","type":3,"width":17.7198},{"bases":[[[0.943173,-0.324527,-0.0714558],[0.302493,0.749473,0.588888],[-0.137556,-0.577038,0.80505]],[[0.939469,-0.338747,-0.0514554],[0.193359,0.648137,-0.736567],[0.28286,0.682032,0.674405]],[[0.939469,-0.338747,-0.0514554],[-0.264585,-0.621825,-0.737108],[0.217697,0.706105,-0.673813]],[[0.939469,-0.338747,-0.0514554],[-0.341898,-0.916989,-0.205515],[0.0224336,0.210668,-0.9773]]],"btipPosition":[14.6039,220.243,-2.79611],"carpPosition":[21.1422,228.182,36.9063],"dipPosition":[14.983,223.803,-19.3087],"direction":[-0.217697,-0.706105,0.673813],"extended":false,"handId":464,"id":4644,"length":49.5125,"mcpPosition":[28.9608,260.98,-8.85209],"pipPosition":[19.1567,237.341,-32.2272],"stabilizedTipPosition":[15.0163,231.9,-30.5015],"timeVisible":4.89862,"tipPosition":[14.4924,220.867,-6.88093],"tipVelocity":[45.4114,-41.9788,43.7747],"tool":false,"touchDistance":0.333333,"touchZone":"none","type":4,"width":15.7401}],"r":[[0.911096,0.181539,0.370065],[-0.127147,0.977788,-0.166628],[-0.392094,0.104761,0.91394]],"s":1.10907,"t":[93.2518,1.64817,-104.243],"timestamp":93255341620},false],[6,{"currentFrameRate":55.3453,"devices":[],"gestures":[],"hands":[{"armBasis":[[0.972521,0.163025,-0.166207],[-0.0969023,0.932577,0.34772],[0.211688,-0.32206,0.922749]],"armWidth":62.4607,"confidence":0.462505,"direction":[-0.129569,0.654514,-0.744865],"elbow":[63.9202,133.415,287.856],"grabStrength":0,"id":464,"palmNormal":[0.05341,-0.7455,-0.664363],"palmPosition":[-6.13673,249.2,1.85742],"palmVelocity":[32.9554,-37.8998,31.488],"palmWidth":89.1918,"pinchStrength":0.14678,"r":[[0.910022,0.189496,0.368715],[-0.133711,0.976048,-0.171615],[-0.392404,0.106872,0.913563]],"s":1.10463,"sphereCenter":[-28.1429,230.892,-35.483],"sphereRadius":48.5362,"stabilizedPalmPosition":[-6.26416,257.995,-10.6048],"t":[93.8537,0.974583,-103.676],"timeVisible":4.91666,"type":"right","wrist":[7.89392,218.652,43.638]}],"id":1671092,"interactionBox":{"center":[0,200,0],"size":[235.247,235.247,147.751]},"pointables":[{"bases":[[[0.325371,0.845159,0.424074],[-0.770171,-0.0233305,0.637411],[0.548608,-0.534005,0.643326]],[[0.304466,0.864683,0.39953],[-0.724481,-0.0620962,0.686492],[0.618407,-0.498465,0.60754]],[[0.304466,0.864683,0.39953],[-0.952147,0.26449,0.153172],[0.0267735,-0.427046,0.903833]],[[0.304466,0.864683,0.39953],[-0.948837,0.312185,0.0474258],[-0.0837187,-0.393528,0.915493]]],"btipPosition":[-48.0084,252.738,-40.1121],"carpPosition":[-18.7749,205.047,40.8256],"dipPosition":[-49.929,243.71,-19.1097],"direction":[-0.0267735,0.427046,-0.903833],"extended":false,"handId":464,"id":4640,"length":51.0864,"mcpPosition":[-18.7749,205.047,40.8256],"pipPosition":[-49.0342,229.438,11.098],"stabilizedTipPosition":[-49.5161,256.906,-40.9771],"timeVisible":4.91666,"tipPosition":[-48.5384,250.392,-35.5067],"tipVelocity":[38.442,-38.5579,37.9585],"tool":false,"touchDistance":0.269863,"touchZone":"hovering","type":0,"width":19.8498},{"bases":[[[0.95432,0.233972,-0.185826],[-0.0964275,0.829829,0.549622],[0.2828,-0.506597,0.814484]],[[0.919951,0.285115,-0.269073],[-0.112955,0.850015,0.514505],[0.375409,-0.442926,0.814177]],[[0.919951,0.285115,-0.269073],[-0.247731,0.954732,0.164669],[0.303842,-0.08483,0.948938]],[[0.919951,0.285115,-0.269073],[-0.328362,0.935347,-0.131546],[0.214171,0.209369,0.954094]]],"btipPosition":[-60.3195,280.886,-86.2276],"carpPosition":[-13.3297,227.196,45.2592],"dipPosition":[-56.7326,284.393,-70.2485],"direction":[-0.303842,0.08483,-0.948938],"extended":true,"handId":464,"id":4641,"length":57.6453,"mcpPosition":[-33.724,263.73,-13.4778],"pipPosition":[-49.5337,282.383,-47.7656],"stabilizedTipPosition":[-59.8738,282.19,-82.5249],"timeVisible":4.91666,"tipPosition":[-60.4743,283.991,-81.2688],"tipVelocity":[76.632,-148.619,-19.3751],"tool":false,"touchDistance":0.214122,"touchZone":"hovering","type":1,"width":18.9605},{"bases":[[[0.986115,0.0184605,-0.165034],[0.0725321,0.846115,0.528042],[0.149385,-0.532681,0.833028]],[[0.985337,0.0211895,-0.169299],[-0.140791,0.661483,-0.736626],[0.09638,0.74966,0.654767]],[[0.985337,0.0211895,-0.169299],[-0.109644,-0.681619,-0.723446],[-0.130727,0.731401,-0.669301]],[[0.985337,0.0211895,-0.169299],[-0.0101128,-0.983261,-0.181922],[-0.17032,0.180967,-0.968629]]],"btipPosition":[-10.248,208.956,-7.92008],"carpPosition":[-2.25926,231.667,43.4872],"dipPosition":[-13.3854,212.29,-25.7628],"direction":[0.130727,-0.731401,0.669301],"extended":false,"handId":464,"id":4642,"length":65.6822,"mcpPosition":[-12.4756,268.097,-13.4829],"pipPosition":[-17.0293,232.677,-44.4192],"stabilizedTipPosition":[-11.9528,223.712,-38.2369],"timeVisible":4.91666,"tipPosition":[-11.0645,209.528,-12.6166],"tipVelocity":[46.4534,-40.4015,33.9895],"tool":false,"touchDistance":0.333333,"touchZone":"none","type":2,"width":18.6218},{"bases":[[[0.989058,-0.123966,-0.0799812],[0.147525,0.82786,0.541188],[-0.000875489,-0.547066,0.837089]],[[0.988731,-0.109374,-0.102213],[-0.00855001,0.640409,-0.767987],[0.149456,0.760206,0.632257]],[[0.988731,-0.109374,-0.102213],[-0.14964,-0.702708,-0.695564],[0.00425118,0.703021,-0.711156]],[[0.988731,-0.109374,-0.102213],[-0.123803,-0.981276,-0.147548],[-0.0841609,0.158539,-0.983759]]],"btipPosition":[4.43548,211.366,-0.455578],"carpPosition":[9.50143,233.064,41.3057],"dipPosition":[2.89409,214.27,-18.4729],"direction":[-0.00425118,-0.703021,0.711156],"extended":false,"handId":464,"id":4643,"length":63.1552,"mcpPosition":[9.55519,266.654,-10.0933],"pipPosition":[3.00953,233.36,-37.784],"stabilizedTipPosition":[3.09641,223.988,-29.4869],"timeVisible":4.91666,"tipPosition":[4.05432,211.79,-4.73097],"tipVelocity":[44.6697,-35.7186,33.7626],"tool":false,"touchDistance":0.333333,"touchZone":"none","type":3,"width":17.7198},{"bases":[[[0.944247,-0.32152,-0.0708728],[0.298903,0.746894,0.593974],[-0.13804,-0.582042,0.801356]],[[0.940611,-0.335578,-0.051366],[0.193112,0.653333,-0.732027],[0.279212,0.678633,0.679336]],[[0.940611,-0.335578,-0.051366],[-0.260958,-0.617928,-0.741664],[0.217146,0.711022,-0.668802]],[[0.940611,-0.335578,-0.051366],[-0.338633,-0.91672,-0.21202],[0.024061,0.216822,-0.975915]]],"btipPosition":[15.3225,219.833,-2.35446],"carpPosition":[21.7237,227.567,37.4284],"dipPosition":[15.729,223.496,-18.8437],"direction":[-0.217146,-0.711022,0.668802],"extended":false,"handId":464,"id":4644,"length":49.5125,"mcpPosition":[29.5698,260.65,-8.12004],"pipPosition":[19.8922,237.128,-31.6661],"stabilizedTipPosition":[15.0264,231.616,-29.8852],"timeVisible":4.91666,"tipPosition":[15.2182,220.487,-6.42236],"tipVelocity":[42.9298,-32.2372,34.7614],"tool":false