{"sensorType":"Leap","data":[[0,{"currentFrameRate":55.3692,"devices":[],"gestures":[{"center":[-60.0205,319.328,-87.0265],"duration":0,"handIds":[464],"id":9,"normal":[0.624134,-0.0828051,0.776917],"pointableIds":[4641],"progress":0.79694,"radius":11.1329,"state":"start","type":"circle"}],"hands":[{"armBasis":[[0.973551,-0.108536,-0.201045],[0.156713,0.957555,0.241927],[0.166254,-0.267035,0.949238]],"armWidth":62.4607,"confidence":0.478668,"direction":[-0.0617595,0.833292,-0.549372],"elbow":[45.7082,142.466,272.136],"grabStrength":0,"id":464,"palmNormal":[-0.261057,-0.544748,-0.796931],"palmPosition":[-9.86588,255.646,-9.67062],"palmVelocity":[49.3075,-52.1038,9.80221],"palmWidth":89.1918,"pinchStrength":0.99024,"r":[[0.980653,-0.0955342,0.170857],[0.0906499,0.995225,0.0361815],[-0.173498,-0.0199933,0.984631]],"s":0.81616,"sphereCenter":[-27.0535,244.077,-56.0916],"sphereRadius":45.349,"stabilizedPalmPosition":[-11.8506,259.079,-10.8696],"t":[89.835,7.66156,-114.796],"timeVisible":16.748,"type":"right","wrist":[1.70691,213.141,20.907]}],"id":1671921,"interactionBox":{"center":[0,200,0],"size":[235.247,235.247,147.751]},"pointables":[{"bases":[[[0.609093,0.611934,0.504522],[-0.634444,-0.00577453,0.772947],[0.475906,-0.790888,0.38472]],[[0.471589,0.78941,0.392983],[-0.686153,0.0485706,0.725834],[0.553893,-0.611942,0.564562]],[[0.471589,0.78941,0.392983],[-0.880708,0.443993,0.164994],[-0.0442337,-0.423913,0.904622]],[[0.471589,0.78941,0.392983],[-0.818156,0.557948,-0.138979],[-0.328976,-0.25598,0.908983]]],"btipPosition":[-45.8471,257.194,-57.3795],"carpPosition":[-27.77,207.211,21.3322],"dipPosition":[-53.3942,251.322,-36.5265],"direction":[0.0442337,0.423913,-0.904622],"extended":false,"handId":464,"id":4640,"length":51.0864,"mcpPosition":[-27.77,207.211,21.3322],"pipPosition":[-54.8726,237.154,-6.29242],"stabilizedTipPosition":[-47.5957,255.853,-52.6068],"timeVisible":16.748,"tipPosition":[-47.8564,255.845,-52.7112],"tipVelocity":[27.9472,-28.6363,17.2158],"tool":false,"touchDistance":-0.0999784,"touchZone":"touching","type":0,"width":19.8498},{"bases":[[[0.9393,0.0470492,-0.339855],[0.225144,0.662923,0.714033],[0.258893,-0.747208,0.612091]],[[0.931216,0.0691696,-0.357843],[0.109675,0.883137,0.456114],[0.347574,-0.463987,0.814806]],[[0.931216,0.0691696,-0.357843],[0.0612512,0.938161,0.340737],[0.359283,-0.339218,0.869394]],[[0.931216,0.0691696,-0.357843],[0.0262466,0.96655,0.255132],[0.363521,-0.246975,0.898252]]],"btipPosition":[-63.7063,311.246,-85.239],"carpPosition":[-15.798,225.648,28.8587],"dipPosition":[-57.6181,307.11,-70.1951],"direction":[-0.359283,0.339218,-0.869394],"extended":true,"handId":464,"id":4641,"length":57.6453,"mcpPosition":[-34.4682,279.533,-15.2826],"pipPosition":[-49.1057,299.073,-49.5968],"stabilizedTipPosition":[-62.3142,310.303,-81.7808],"timeVisible":16.748,"tipPosition":[-62.4361,310.685,-81.4038],"tipVelocity":[59.2425,-42.8431,8.29388],"tool":false,"touchDistance":-0.127838,"touchZone":"touching","type":1,"width":18.9605},{"bases":[[[0.913405,-0.16804,-0.370747],[0.386332,0.644768,0.659562],[0.128213,-0.745679,0.653854]],[[0.917433,-0.194805,-0.346941],[0.142126,0.974869,-0.171552],[0.371642,0.108078,0.922064]],[[0.917433,-0.194805,-0.346941],[-0.356967,-0.0178053,-0.933947],[0.17576,0.98068,-0.0858742]],[[0.917433,-0.194805,-0.346941],[-0.37312,-0.72406,-0.580102],[-0.138199,0.661656,-0.736962]]],"btipPosition":[-33.0376,234.113,-46.6742],"carpPosition":[-4.35643,227.747,25.6388],"dipPosition":[-35.5833,246.301,-60.2495],"direction":[-0.17576,-0.98068,0.0858742],"extended":false,"handId":464,"id":4642,"length":65.6822,"mcpPosition":[-13.1248,278.743,-19.0777],"pipPosition":[-30.6841,273.637,-62.6432],"stabilizedTipPosition":[-35.0873,239.22,-50.54],"timeVisible":16.748,"tipPosition":[-33.7149,237.625,-50.4368],"tipVelocity":[50.858,-63.2496,16.4432],"tool":false,"touchDistance":0.333333,"touchZone":"none","type":2,"width":18.6218},{"bases":[[[0.890578,-0.324065,-0.319145],[0.454494,0.607016,0.651895],[-0.0175309,-0.725613,0.68788]],[[0.890612,-0.296795,-0.344562],[0.215922,0.942798,-0.253988],[0.400235,0.151806,0.903752]],[[0.890612,-0.296795,-0.344562],[-0.382374,-0.0785796,-0.92066],[0.246172,0.951703,-0.18347]],[[0.890612,-0.296795,-0.344562],[-0.443981,-0.731479,-0.517513],[-0.0984447,0.613883,-0.783235]]],"btipPosition":[-14.5072,227.721,-41.2393],"carpPosition":[6.82694,226.902,21.2524],"dipPosition":[-16.3102,238.965,-55.584],"direction":[-0.246172,-0.951703,0.18347],"extended":false,"handId":464,"id":4643,"length":63.1552,"mcpPosition":[7.90337,271.456,-20.9848],"pipPosition":[-9.62554,264.808,-60.5661],"stabilizedTipPosition":[-16.9808,233.773,-46.1647],"timeVisible":16.748,"tipPosition":[-15.0888,230.921,-45.4947],"tipVelocity":[51.6922,-57.358,19.0518],"tool":false,"touchDistance":0.333333,"touchZone":"none","type":3,"width":17.7198},{"bases":[[[0.795143,-0.501681,-0.340681],[0.584132,0.482715,0.652515],[-0.162903,-0.717846,0.676875]],[[0.807582,-0.426128,-0.407708],[0.347841,0.902433,-0.254205],[0.476254,0.0634737,0.877014]],[[0.807582,-0.426128,-0.407708],[-0.458896,-0.0198101,-0.888269],[0.370439,0.904446,-0.211547]],[[0.807582,-0.426128,-0.407708],[-0.586058,-0.65715,-0.474015],[-0.0659342,0.621747,-0.780438]]],"btipPosition":[3.04171,230.659,-37.8809],"carpPosition":[16.2777,219.903,13.7476],"dipPosition":[1.92768,241.164,-51.0673],"direction":[-0.370439,-0.904446,0.211547],"extended":false,"handId":464,"id":4644,"length":49.5125,"mcpPosition":[25.537,260.704,-24.7255],"pipPosition":[9.02984,258.504,-55.1232],"stabilizedTipPosition":[0.751789,236.403,-42.3571],"timeVisible":16.748,"tipPosition":[2.68384,233.08,-41.153],"tipVelocity":[50.1511,-59.796,19.9764],"tool":false,"touchDistance":0.333333,"touchZone":"none","type":4,"width":15.7401}],"r":[[0.980653,-0.0955342,0.170857],[0.0906499,0.995225,0.0361815],[-0.173498,-0.0199933,0.984631]],"s":0.81616,"t":[89.835,7.66156,-114.796],"timestamp":93267191006},false],[1,{"currentFrameRate":55.3408,"devices":[],"gestures":[{"center":[-60.0205,319.328,-87.0265],"duration":0,"handIds":[464],"id":9,"normal":[0.624134,-0.0828051,0.776917],"pointableIds":[4641],"progress":0.79694,"radius":11.1329,"state":"start","type":"circle"}],"hands":[{"armBasis":[[0.974893,-0.106337,-0.195645],[0.15255,0.958979,0.238929],[0.162212,-0.262776,0.951124]],"armWidth":62.4607,"confidence":0.493339,"direction":[-0.0637358,0.834508,-0.547297],"elbow":[45.4541,142.912,272.517],"grabStrength":0,"id":464,"palmNormal":[-0.258968,-0.543456,-0.798493],"palmPosition":[-9.14944,255.01,-9.68827],"palmVelocity":[44.5989,-43.9516,4.6642],"palmWidth":89.1918,"pinchStrength":0.965934,"r":[[0.980643,-0.0936237,0.171968],[0.0891193,0.995449,0.0337466],[-0.174345,-0.0177677,0.984524]],"s":0.820363,"sphereCenter":[-25.992,243.406,-56.2781],"sphereRadius":45.4176,"stabilizedPalmPosition":[-11.1326,257.997,-10.5556],"t":[90.6389,6.88633,-114.725],"timeVisible":16.7662,"type":"right","wrist":[2.52237,212.46,20.7894]}],"id":1671922,"interactionBox":{"center":[0,200,0],"size":[235.247,235.247,147.751]},"pointables":[{"bases":[[[0.607014,0.612367,0.506498],[-0.634957,-0.00953082,0.772489],[0.477874,-0.790516,0.383042]],[[0.470648,0.788172,0.396579],[-0.684494,0.0425472,0.727776],[0.55674,-0.613982,0.559524]],[[0.470648,0.788172,0.396579],[-0.881544,0.438917,0.173874],[-0.0370228,-0.431435,0.901384]],[[0.470648,0.788172,0.396579],[-0.82502,0.552461,-0.118868],[-0.312783,-0.271241,0.910272]]],"btipPosition":[-45.7669,257.13,-57.2076],"carpPosition":[-26.9379,206.446,21.179],"dipPosition":[-52.9424,250.908,-36.325],"direction":[0.0370228,0.431435,-0.901384],"extended":false,"handId":464,"id":4640,"length":51.0864,"mcpPosition":[-26.9379,206.446,21.179],"pipPosition":[-54.1798,236.489,-6.19912],"stabilizedTipPosition":[-47.4368,255.716,-52.4267],"timeVisible":16.7662,"tipPosition":[-47.4448,255.527,-52.58],"tipVelocity":[18.9691,-18.7653,13.6977],"tool":false,"touchDistance":-0.0969991,"touchZone":"touching","type":0,"width":19.8498},{"bases":[[[0.939397,0.0505654,-0.339081],[0.222778,0.66174,0.715871],[0.260582,-0.748027,0.610371]],[[0.931695,0.0715874,-0.356117],[0.10629,0.883746,0.455736],[0.347342,-0.462459,0.815773]],[[0.931695,0.0715874,-0.356117],[0.0584247,0.938089,0.341431],[0.358511,-0.338916,0.869831]],[[0.931695,0.0715874,-0.356117],[0.0238969,0.966184,0.256745],[0.362454,-0.247718,0.898478]]],"btipPosition":[-63.0074,310.496,-85.2679],"carpPosition":[-15.0232,224.897,28.7606],"dipPosition":[-56.9371,306.347,-70.2203],"direction":[-0.358511,0.338916,-0.869831],"extended":true,"handId":464,"id":4641,"length":57.6453,"mcpPosition":[-33.8153,278.841,-15.2567],"pipPosition":[-48.443,298.317,-49.6116],"stabilizedTipPosition":[-61.616,309.547,-81.8068],"timeVisible":16.7662,"tipPosition":[-61.7664,309.962,-81.4106],"tipVelocity":[49.2262,-42.1869,3.60159],"tool":false,"touchDistance":-0.128306,"touchZone":"touching","type":1,"width":18.9605},{"bases":[[[0.914131,-0.164517,-0.370537],[0.384054,0.644178,0.661466],[0.12987,-0.746973,0.652047]],[[0.918162,-0.190906,-0.347178],[0.136542,0.975045,-0.175054],[0.371933,0.113324,0.921316]],[[0.918162,-0.190906,-0.347178],[-0.357533,-0.0216359,-0.93365],[0.170728,0.98137,-0.0881205]],[[0.918162,-0.190906,-0.347178],[-0.370337,-0.724948,-0.580776],[-0.140812,0.661819,-0.73632]]],"btipPosition":[-32.2053,233.221,-46.5493],"carpPosition":[-3.58548,227.037,25.5541],"dipPosition":[-34.7991,245.412,-60.1128],"direction":[-0.170728,-0.98137,0.0881205],"extended":false,"handId":464,"id":4642,"length":65.6822,"mcpPosition":[-12.4672,278.122,-19.0389],"pipPosition":[-30.0402,272.768,-62.5691],"stabilizedTipPosition":[-34.1983,237.978,-50.2012],"timeVisible":16.7662,"tipPosition":[-32.8933,236.781,-50.3246],"tipVelocity":[48.1606,-56.4716,11.951],"tool":false,"touchDistance":0.333333,"touchZone":"none","type":2,"width":18.6218},{"bases":[[[0.891709,-0.320737,-0.319347],[0.452327,0.606638,0.653751],[-0.0159539,-0.727405,0.686023]],[[0.891682,-0.293289,-0.344798],[0.211925,0.943556,-0.25454],[0.39999,0.153898,0.903506]],[[0.891682,-0.293289,-0.344798],[-0.382186,-0.079615,-0.920649],[0.242565,0.952703,-0.183082]],[[0.891682,-0.293289,-0.344798],[-0.441476,-0.731756,-0.519261],[-0.100015,0.615235,-0.781974]]],"btipPosition":[-13.6903,227.021,-41.2273],"carpPosition":[7.60325,226.235,21.1733],"dipPosition":[-15.5221,238.289,-55.5489],"direction":[-0.242565,-0.952703,0.183082],"extended":false,"handId":464,"id":4643,"length":63.1552,"mcpPosition":[8.58285,270.899,-20.9499],"pipPosition":[-8.93534,264.159,-60.5204],"stabilizedTipPosition":[-16.0716,232.455,-45.6439],"timeVisible":16.7662,"tipPosition":[-14.2681,230.243,-45.4573],"tipVelocity":[48.3096,-48.2491,10.4205],"tool":false,"touchDistance":0.333333,"touchZone":"none","type":3,"width":17.7198},{"bases":[[[0.796792,-0.498566,-0.341401],[0.582316,0.482703,0.654145],[-0.16134,-0.720021,0.674937]],[[0.809032,-0.423114,-0.407973],[0.344708,0.903767,-0.253734],[0.476072,0.0646477,0.877027]],[[0.809032,-0.423114,-0.407973],[-0.458637,-0.0203545,-0.888391],[0.367586,0.905848,-0.210523]],[[0.809032,-0.423114,-0.407973],[-0.583926,-0.657794,-0.475749],[-0.0670663,0.623123,-0.779243]]],"btipPosition":[3.83422,230.07,-37.9013],"carpPosition":[17.0789,219.281,13.6573],"dipPosition":[2.70106,240.599,-51.0675],"direction":[-0.367586,-0.905848,0.210523],"extended":false,"handId":464,"id":4644,"length":49.5125,"mcpPosition":[26.2493,260.207,-24.7056],"pipPosition":[9.74851,257.966,-55.1037],"stabilizedTipPosition":[1.60826,235.216,-41.9238],"timeVisible":16.7662,"tipPosition":[3.48203,232.521,-41.177],"tipVelocity":[46.9213,-46.5906,10.0362],"tool":false,"touchDistance":0.333333,"touchZone":"none","type":4,"width":15.7401}],"r":[[0.980643,-0.0936237,0.171968],[0.0891193,0.995449,0.0337466],[-0.174345,-0.0177677,0.984524]],"s":0.820363,"t":[90.6389,6.88633,-114.725],"timestamp":93267209174},false],[2,{"currentFrameRate":55.3471,"devices":[],"gestures":[{"center":[-59.7857,319.797,-86.0074],"duration":54072,"handIds":[464],"id":9,"normal":[0.591906,0.0557191,0.804078],"pointableIds":[4641],"progress":0.817594,"radius":10.8209,"state":"update","type":"circle"}],"hands":[{"armBasis":[[0.976563,-0.101327,-0.189888],[0.146408,0.95942,0.240993],[0.157763,-0.263146,0.951769]],"armWidth":62.4607,"confidence":0.500422,"direction":[-0.062155,0.837822,-0.542395],"elbow":[45.1068,141.732,273.007],"grabStrength":0,"id":464,"palmNormal":[-0.251001,-0.539101,-0.803971],"palmPosition":[-8.21838,254.087,-9.18529],"palmVelocity":[47.9188,-47.3728,15.6793],"palmWidth":89.1918,"pinchStrength":0.944343,"r":[[0.980421,-0.0916952,0.174263],[0.087214,0.995636,0.0332177],[-0.176548,-0.0173691,0.984139]],"s":0.824578,"sphereCenter":[-24.3287,242.616,-56.1238],"sphereRadius":45.483,"stabilizedPalmPosition":[-10.3794,256.987,-10.2014],"t":[91.5064,6.03709,-114.438],"timeVisible":16.7842,"type":"right","wrist":[3.35252,211.378,21.108]}],"id":1671923,"interactionBox":{"center":[0,200,0],"size":[235.247,235.247,147.751]},"pointables":[{"bases":[[[0.601085,0.610997,0.515149],[-0.640914,-0.0165289,0.767435],[0.477416,-0.79146,0.381662]],[[0.466222,0.785856,0.406285],[-0.68801,0.033385,0.724933],[0.556129,-0.617508,0.556241]],[[0.466222,0.785856,0.406285],[-0.883916,0.432728,0.177312],[-0.0364698,-0.441789,0.896378]],[[0.466222,0.785856,0.406285],[-0.830919,0.546624,-0.103806],[-0.303662,-0.289193,0.907831]]],"btipPosition":[-45.1172,256.883,-56.7736],"carpPosition":[-26.0905,205.268,21.229],"dipPosition":[-52.0836,250.249,-35.947],"direction":[0.0364698,0.441789,-0.896378],"extended":false,"handId":464,"id":4640,"length":51.0864,"mcpPosition":[-26.0905,205.268,21.229],"pipPosition":[-53.3025,235.483,-5.98846],"stabilizedTipPosition":[-46.8182,255.407,-52.0444],"timeVisible":16.7842,"tipPosition":[-46.5387,255.056,-52.1999],"tipVelocity":[28.3177,-18.8528,18.2718],"tool":false,"touchDistance":-0.0899808,"touchZone":"touching","type":0,"width":19.8498},{"bases":[[[0.94184,0.0557242,-0.33141],[0.215076,0.657801,0.721831],[0.258225,-0.751128,0.607558]],[[0.93474,0.0754143,-0.347238],[0.0991389,0.883064,0.458661],[0.341223,-0.463154,0.817958]],[[0.93474,0.0754143,-0.347238],[0.0523985,0.937281,0.344614],[0.351448,-0.34032,0.872162]],[[0.93474,0.0754143,-0.347238],[0.0187889,0.965362,0.260239],[0.354836,-0.249779,0.900945]]],"btipPosition":[-61.5561,309.627,-84.9922],"carpPosition":[-14.2944,223.708,29.022],"dipPosition":[-55.6133,305.444,-69.9033],"direction":[-0.351448,0.34032,-0.872162],"extended":true,"handId":464,"id":4641,"length":57.6453,"mcpPosition":[-32.9165,277.876,-14.7925],"pipPosition":[-47.2866,297.381,-49.2394],"stabilizedTipPosition":[-60.1969,308.67,-81.5233],"timeVisible":16.7842,"tipPosition":[-60.3753,309.141,-81.0925],"tipVelocity":[63.2618,-45.2231,9.39237],"tool":false,"touchDistance":-0.123553,"touchZone":"touching","type":1,"width":18.9605},{"bases":[[[0.91751,-0.159229,-0.364446],[0.376826,0.641101,0.668574],[0.12719,-0.750756,0.648219]],[[0.921421,-0.185574,-0.341388],[0.132623,0.976023,-0.1726],[0.365232,0.113762,0.923939]],[[0.921421,-0.185574,-0.341388],[-0.351443,-0.0232551,-0.93592],[0.165744,0.982355,-0.0866466]],[[0.921421,-0.185574,-0.341388],[-0.362719,-0.725871,-0.584419],[-0.13935,0.662324,-0.736144]]],"btipPosition":[-30.847,232.29,-46.0912],"carpPosition":[-2.83899,225.904,25.9186],"dipPosition":[-33.4139,244.49,-59.6514],"direction":[-0.165744,-0.982355,0.0866466],"extended":false,"handId":464,"id":4642,"length":65.6822,"mcpPosition":[-11.5374,277.248,-18.4126],"pipPosition":[-28.7939,271.873,-62.0667],"stabilizedTipPosition":[-33.1468,236.88,-49.8237],"timeVisible":16.7842,"tipPosition":[-31.5396,235.865,-49.9016],"tipVelocity":[61.1901,-54.1078,18.3464],"tool":false,"touchDistance":0.333333,"touchZone":"none","type":2,"width":18.6218},{"bases":[[[0.895192,-0.315847,-0.314439],[0.445277,0.603828,0.661151],[-0.0189551,-0.73187,0.681181]],[[0.895273,-0.288186,-0.339756],[0.209903,0.945512,-0.248893],[0.392971,0.151512,0.906983]],[[0.895273,-0.288186,-0.339756],[-0.375146,-0.0762848,-0.923822],[0.240314,0.954531,-0.176408]],[[0.895273,-0.288186,-0.339756],[-0.435045,-0.72988,-0.527268],[-0.0960298,0.619858,-0.778816]]],"btipPosition":[-12.4278,226.196,-40.8745],"carpPosition":[8.386,225.166,21.6201],"dipPosition":[-14.1865,237.549,-55.1383],"direction":[-0.240314,-0.954531,0.176408],"extended":false,"handId":464,"id":4643,"length":63.1552,"mcpPosition":[9.54988,270.104,-20.2058],"pipPosition":[-7.66091,263.468,-59.9285],"stabilizedTipPosition":[-15.0339,231.286,-45.167],"timeVisible":16.7842,"tipPosition":[-12.9739,229.448,-45.0656],"tipVelocity":[59.0285,-46.5253,15.104],"tool":false,"touchDistance":0.333333,"touchZone":"none","type":3,"width":17.7198},{"bases":[[[0.801021,-0.493829,-0.338376],[0.575656,0.480304,0.661761],[-0.164273,-0.724873,0.669009]],[[0.813499,-0.418252,-0.404085],[0.342002,0.906032,-0.249281],[0.470376,0.0645923,0.880099]],[[0.813499,-0.418252,-0.404085],[-0.453088,-0.0202084,-0.891236],[0.364595,0.908106,-0.205945]],[[0.813499,-0.418252,-0.404085],[-0.578009,-0.658207,-0.482358],[-0.0642246,0.625962,-0.777204]]],"btipPosition":[5.07092,229.267,-37.3167],"carpPosition":[17.9421,218.291,14.1337],"dipPosition":[3.98577,239.843,-50.4485],"direction":[-0.364595,-0.908106,0.205945],"extended":false,"handId":464,"id":4644,"length":49.5125,"mcpPosition":[27.2793,259.492,-23.8923],"pipPosition":[10.9759,257.253,-54.3969],"stabilizedTipPosition":[2.56072,234.173,-41.4534],"timeVisible":16.7842,"tipPosition":[4.73728,231.772,-40.6197],"tipVelocity":[57.4682,-45.328,20.8574],"tool":false,"touchDistance":0.333333,"touchZone":"none","type":4,"width":15.7401}],"r":[[0.980421,-0.0916952,0.174263],[0.087214,0.995636,0.0332177],[-0.176548,-0.0173691,0.984139]],"s":0.824578,"t":[91.5064,6.03709,-114.438],"timestamp":93267227220},false],[3,{"currentFrameRate":55.3614,"devices":[],"gestures":[{"center":[-59.7857,319.797,-86.0074],"duration":54072,"handIds":[464],"id":9,"normal":[0.591906,0.0557191,0.804078],"pointableIds":[4641],"progress":0.817594,"radius":10.8209,"state":"update","type":"circle"}],"hands":[{"armBasis":[[0.977212,-0.100463,-0.186988],[0.144545,0.960052,0.239595],[0.155448,-0.261164,0.952696]],"armWidth":62.4607,"confidence":0.508748,"direction":[-0.0586935,0.839857,-0.539625],"elbow":[44.9734,141.385,273.465],"grabStrength":0,"id":464,"palmNormal":[-0.247126,-0.535956,-0.807267],"palmPosition":[-7.54833,253.335,-8.87566],"palmVelocity":[42.8359,-44.7128,16.3946],"palmWidth":89.1918,"pinchStrength":0.922214,"r":[[0.980037,-0.0904223,0.177066],[0.0857981,0.995745,0.0336167],[-0.179352,-0.0177537,0.983625]],"s":0.828587,"sphereCenter":[-22.9907,241.888,-56.126],"sphereRadius":45.5514,"stabilizedPalmPosition":[-9.6796,256.084,-9.87371],"t":[92.2752,5.23633,-114.14],"timeVisible":16.8022,"type":"right","wrist":[3.83201,210.506,21.3208]}],"id":1671924,"interactionBox":{"center":[0,200,0],"size":[235.247,235.247,147.751]},"pointables":[{"bases":[[[0.598784,0.608661,0.520567],[-0.644976,-0.0188878,0.76397],[0.474831,-0.793205,0.381262]],[[0.465596,0.783019,0.412434],[-0.68999,0.0293404,0.723224],[0.554197,-0.621305,0.553936]],[[0.465596,0.783019,0.412434],[-0.88428,0.430377,0.181177],[-0.0356369,-0.449063,0.892789]],[[0.465596,0.783019,0.412434],[-0.835009,0.543085,-0.0884253],[-0.293226,-0.303216,0.906686]]],"btipPosition":[-44.815,256.783,-56.4799],"carpPosition":[-25.6155,204.417,21.2637],"dipPosition":[-51.5419,249.827,-35.6796],"direction":[0.0356369,0.449063,-0.892789],"extended":false,"handId":464,"id":4640,"length":51.0864,"mcpPosition":[-25.6155,204.417,21.2637],"pipPosition":[-52.733,234.818,-5.841],"stabilizedTipPosition":[-46.4425,255.222,-51.7572],"timeVisible":16.8022,"tipPosition":[-46.0092,254.778,-51.9366],"tipVelocity":[24.2961,-14.5024,17.1789],"tool":false,"touchDistance":-0.0851872,"touchZone":"touching","type":0,"width":19.8498},{"bases":[[[0.943619,0.0562599,-0.326219],[0.211719,0.654984,0.725376],[0.254478,-0.753546,0.606144]],[[0.937292,0.0741867,-0.340559],[0.0962655,0.88398,0.457507],[0.334988,-0.461602,0.821405]],[[0.937292,0.0741867,-0.340559],[0.0504228,0.937947,0.343094],[0.34488,-0.338752,0.875389]],[[0.937292,0.0741867,-0.340559],[0.0175329,0.965813,0.258645],[0.348105,-0.248397,0.903948]]],"btipPosition":[-60.3083,308.787,-84.9974],"carpPosition":[-13.8478,222.819,29.1868],"dipPosition":[-54.4783,304.627,-69.8581],"direction":[-0.34488,0.338752,-0.875389],"extended":true,"handId":464,"id":4641,"length":57.6453,"mcpPosition":[-32.1997,277.162,-14.5256],"pipPosition":[-46.3071,296.601,-49.1177],"stabilizedTipPosition":[-58.9718,307.834,-81.5154],"timeVisible":16.8022,"tipPosition":[-59.1857,308.397,-81.0383],"tipVelocity":[65.4264,-45.7386,5.11009],"tool":false,"touchDistance":-0.123445,"touchZone":"touching","type":1,"width":18.9605},{"bases":[[[0.919312,-0.158553,-0.360175],[0.373737,0.638363,0.672914],[0.12323,-0.753229,0.646112]],[[0.923065,-0.184841,-0.33732],[0.131575,0.975799,-0.174657],[0.36144,0.116837,0.925046]],[[0.923065,-0.184841,-0.33732],[-0.347872,-0.026984,-0.937154],[0.164123,0.982398,-0.0892091]],[[0.923065,-0.184841,-0.33732],[-0.359396,-0.726952,-0.585128],[-0.13706,0.661342,-0.737456]]],"btipPosition":[-29.9295,231.445,-45.6703],"carpPosition":[-2.3746,225.019,26.1521],"dipPosition":[-32.4543,243.628,-59.2547],"direction":[-0.164123,-0.982398,0.0892091],"extended":false,"handId":464,"id":4642,"length":65.6822,"mcpPosition":[-10.8022,276.532,-18.035],"pipPosition":[-27.8794,271.012,-61.7414],"stabilizedTipPosition":[-32.1832,235.918,-49.4477],"timeVisible":16.8022,"tipPosition":[-30.6187,235.048,-49.527],"tipVelocity":[56.5813,-50.791,20.5788],"tool":false,"touchDistance":0.333333,"touchZone":"none","type":2,"width":18.6218},{"bases":[[[0.896619,-0.315337,-0.310864],[0.4422,0.601067,0.665715],[-0.0230747,-0.734357,0.678371]],[[0.896854,-0.287549,-0.336108],[0.211437,0.946123,-0.245247],[0.38852,0.148885,0.909332]],[[0.896854,-0.287549,-0.336108],[-0.370445,-0.0730543,-0.925977],[0.24171,0.954976,-0.17204]],[[0.896854,-0.287549,-0.336108],[-0.43278,-0.727469,-0.532439],[-0.0914059,0.62298,-0.776879]]],"btipPosition":[-11.616,225.517,-40.6686],"carpPosition":[8.87245,224.288,21.9104],"dipPosition":[-13.2901,236.927,-54.897],"direction":[-0.24171,-0.954976,0.17204],"extended":false,"handId":464,"id":4643,"length":63.1552,"mcpPosition":[10.2893,269.379,-19.743],"pipPosition":[-6.72658,262.859,-59.5686],"stabilizedTipPosition":[-14.0696,230.286,-44.7772],"timeVisible":16.8022,"tipPosition":[-12.1303,228.781,-44.8276],"tipVelocity":[52.9206,-41.991,13.575],"tool":false,"touchDistance":0.333333,"touchZone":"none","type":3,"width":17.7198},{"bases":[[[0.802451,-0.493161,-0.335954],[0.572487,0.477448,0.66656],[-0.168321,-0.727211,0.665456]],[[0.815322,-0.417417,-0.401263],[0.342568,0.906469,-0.246903],[0.466794,0.0638454,0.882058]],[[0.815322,-0.417417,-0.401263],[-0.449661,-0.0198829,-0.892978],[0.364766,0.908497,-0.203907]],[[0.815322,-0.417417,-0.401263],[-0.575773,-0.657642,-0.48579],[-0.0611105,0.627112,-0.776528]]],"btipPosition":[5.89031,228.542,-36.9176],"carpPosition":[18.4632,217.434,14.4493],"dipPosition":[4.85778,239.137,-50.0379],"direction":[-0.364766,-0.908497,0.203907],"extended":false,"handId":464,"id":4644,"length":49.5125,"mcpPosition":[28.0304,258.768,-23.3748],"pipPosition":[11.8512,256.555,-53.9473],"stabilizedTipPosition":[3.43845,233.266,-41.0225],"timeVisible":16.8022,"tipPosition":[5.57057,231.078,-40.2427],"tipVelocity":[52.1069,-42.8018,21.5422],"tool":false,"touchDistance":0.333333,"touchZone":"none","type":4,"width":15.7401}],"r":[[0.980037,-0.0904223,0.177066],[0.0857981,0.995745,0.0336167],[-0.179352,-0.0177537,0.983625]],"s":0.828587,"t":[92.2752,5.23633,-114.14],"timestamp":93267245234},false],[4,{"currentFrameRate":55.3535,"devices":[],"gestures":[{"center":[-59.7857,319.797,-86.0074],"duration":54072,"handIds":[464],"id":9,"normal":[0.591906,0.0557191,0.804078],"pointableIds":[4641],"progress":0.817594,"radius":10.8209,"state":"update","type":"circle"}],"hands":[{"armBasis":[[0.976932,-0.103858,-0.186596],[0.147467,0.96008,0.237698],[0.15446,-0.259732,0.953248]],"armWidth":62.4607,"confidence":0.508244,"direction":[-0.0538142,0.842999,-0.535217],"elbow":[45.1314,140.947,273.704],"grabStrength":0,"id":464,"palmNormal":[-0.248793,-0.53041,-0.810412],"palmPosition":[-6.87655,252.734,-8.56826],"palmVelocity":[40.1224,-39.2296,16.6777],"palmWidth":89.1918,"pinchStrength":0.898549,"r":[[0.979588,-0.0905749,0.179451],[0.0856512,0.99571,0.0350142],[-0.181852,-0.0189293,0.983144]],"s":0.832538,"sphereCenter":[-22.0344,241.54,-55.953],"sphereRadius":45.5573,"stabilizedPalmPosition":[-9.0256,255.302,-9.56913],"t":[92.9955,4.53578,-113.837],"timeVisible":16.8203,"type":"right","wrist":[4.2515,209.689,21.4136]}],"id":1671925,"interactionBox":{"center":[0,200,0],"size":[235.247,235.247,147.751]},"pointables":[{"bases":[[[0.601169,0.602876,0.524534],[-0.646019,-0.0197192,0.763067],[0.470378,-0.797591,0.377614]],[[0.469399,0.778046,0.417503],[-0.6898,0.027947,0.723461],[0.551218,-0.627585,0.549814]],[[0.469399,0.778046,0.417503],[-0.88227,0.432316,0.186286],[-0.035554,-0.455793,0.889375]],[[0.469399,0.778046,0.417503],[-0.835764,0.544049,-0.0742234],[-0.284892,-0.314094,0.905639]]],"btipPosition":[-44.4737,256.896,-56.1158],"carpPosition":[-25.226,203.748,21.288],"dipPosition":[-51.0094,249.69,-35.3395],"direction":[0.035554,0.455793,-0.889375],"extended":false,"handId":464,"id":4640,"length":51.0864,"mcpPosition":[-25.226,203.748,21.288],"pipPosition":[-52.1977,234.457,-5.61501],"stabilizedTipPosition":[-46.1144,255.234,-51.4613],"timeVisible":16.8203,"tipPosition":[-45.5339,254.788,-51.5811],"tipVelocity":[22.869,-6.14601,18.4344],"tool":false,"touchDistance":-0.0792107,"touchZone":"touching","type":0,"width":19.8498},{"bases":[[[0.944296,0.0532656,-0.324757],[0.214085,0.650047,0.729113],[0.249944,-0.758025,0.602434]],[[0.93854,0.0700105,-0.337996],[0.0995334,0.882726,0.459224],[0.330509,-0.464642,0.821506]],[[0.93854,0.0700105,-0.337996],[0.054244,0.937131,0.344735],[0.340882,-0.341882,0.875738]],[[0.93854,0.0700105,-0.337996],[0.0217496,0.965273,0.260335],[0.344485,-0.251686,0.904425]]],"btipPosition":[-59.1659,308.597,-84.6137],"carpPosition":[-13.3764,222.049,29.3234],"dipPosition":[-53.3965,304.382,-69.4664],"direction":[-0.340882,0.341882,-0.875738],"extended":true,"handId":464,"id":4641,"length":57.6453,"mcpPosition":[-31.4012,276.714,-14.1215],"pipPosition":[-45.3201,296.282,-48.7178],"stabilizedTipPosition":[-57.8434,307.629,-81.1313],"timeVisible":16.8203,"tipPosition":[-58.072,308.236,-80.632],"tipVelocity":[63.9732,-29.3192,12.8118],"tool":false,"touchDistance":-0.11702,"touchZone":"touching","type":1,"width":18.9605},{"bases":[[[0.918958,-0.161239,-0.359886],[0.376083,0.632894,0.676762],[0.11865,-0.757263,0.642242]],[[0.922523,-0.187434,-0.337371],[0.131344,0.974446,-0.182221],[0.362904,0.123791,0.923567]],[[0.922523,-0.187434,-0.337371],[-0.350391,-0.0403031,-0.935736],[0.161791,0.98145,-0.102856]],[[0.922523,-0.187434,-0.337371],[-0.359745,-0.734179,-0.575817],[-0.139763,0.652572,-0.744725]]],"btipPosition":[-29.0845,230.769,-44.6591],"carpPosition":[-1.88845,224.207,26.3145],"dipPosition":[-31.6591,242.79,-58.3774],"direction":[-0.161791,-0.98145,0.102856],"extended":false,"handId":464,"id":4642,"length":65.6822,"mcpPosition":[-10.0028,275.996,-17.6079],"pipPosition":[-27.1492,270.147,-61.2444],"stabilizedTipPosition":[-31.3861,235.16,-48.9282],"timeVisible":16.8203,"tipPosition":[-29.8334,234.401,-48.7219],"tipVelocity":[51.5831,-45.3968,36.5612],"tool":false,"touchDistance":0.333333,"touchZone":"none","type":2,"width":18.6218},{"bases":[[[0.895419,-0.318167,-0.311439],[0.444368,0.595295,0.669449],[-0.0275988,-0.737831,0.674422]],[[0.895824,-0.290281,-0.336506],[0.216249,0.946236,-0.240569],[0.388246,0.142739,0.910434]],[[0.895824,-0.290281,-0.336506],[-0.369641,-0.0663458,-0.926803],[0.246707,0.954639,-0.166734]],[[0.895824,-0.290281,-0.336506],[-0.435798,-0.722132,-0.53722],[-0.0870572,0.627903,-0.773407]]],"btipPosition":[-11.0539,225.073,-40.5097],"carpPosition":[9.3601,223.443,22.0828],"dipPosition":[-12.6484,236.573,-54.6744],"direction":[-0.246707,-0.954639,0.166734],"extended":false,"handId":464,"id":4643,"length":63.1552,"mcpPosition":[11.0547,268.747,-19.3281],"pipPosition":[-5.94914,262.496,-59.202],"stabilizedTipPosition":[-13.2509,229.492,-44.4652],"timeVisible":16.8203,"tipPosition":[-11.5386,228.359,-44.6289],"tipVelocity":[43.0104,-33.1528,11.6815],"tool":false,"touchDistance":0.333333,"touchZone":"none","type":3,"width":17.7198},{"bases":[[[0.800393,-0.495382,-0.337591],[0.574033,0.471021,0.669795],[-0.172792,-0.729888,0.661368]],[[0.813748,-0.419169,-0.402632],[0.34618,0.906001,-0.243559],[0.466877,0.0588124,0.882364]],[[0.813748,-0.419169,-0.402632],[-0.449767,-0.0153656,-0.893014],[0.368137,0.907778,-0.201032]],[[0.813748,-0.419169,-0.402632],[-0.578272,-0.653555,-0.488331],[-0.0584488,0.630209,-0.774222]]],"btipPosition":[6.4945,227.976,-36.6421],"carpPosition":[18.9258,216.58,14.597],"dipPosition":[5.50694,238.624,-49.7235],"direction":[-0.368137,-0.907778,0.201032],"extended":false,"handId":464,"id":4644,"length":49.5125,"mcpPosition":[28.7471,258.067,-22.9946],"pipPosition":[12.565,256.028,-53.5777],"stabilizedTipPosition":[4.19905,232.502,-40.6537],"timeVisible":16.8203,"tipPosition":[6.18418,230.543,-39.9741],"tipVelocity":[43.4804,-37.0013,18.7742],"tool":false,"touchDistance":0.333333,"touchZone":"none","type":4,"width":15.7401}],"r":[[0.979588,-0.0905749,0.179451],[0.0856512,0.99571,0.0350142],[-0.181852,-0.0189293,0.983144]],"s":0.832538,"t":[92.9955,4.53578,-113.837],"timestamp":93267263327},false],[5,{"currentFrameRate":46.6044,"devices":[],"gestures":[{"center":[-59.7857,319.797,-86.0074],"duration":54072,"handIds":[464],"id":9,"normal":[0.591906,0.0557191,0.804078],"pointableIds":[4641],"progress":0.817594,"radius":10.8209,"state":"update","type":"circle"}],"hands":[{"armBasis":[[0.977624,-0.100427,-0.184838],[0.142513,0.962505,0.23081],[0.154728,-0.251987,0.955281]],"armWidth":62.4607,"confidence":0.509466,"direction":[-0.0555972,0.846703,-0.529153],"elbow":[45.5267,141.99,274.206],"grabStrength":0,"id":464,"palmNormal":[-0.247848,-0.525088,-0.814158],"palmPosition":[-6.64372,251.919,-8.29321],"palmVelocity":[9.47988,-18.5456,6.75383],"palmWidth":89.1918,"pinchStrength":0.856437,"r":[[0.979268,-0.090561,0.181201],[0.0851277,0.995662,0.0375569],[-0.183816,-0.0213531,0.982729]],"s":0.837458,"sphereCenter":[-21.4974,241.004,-55.7127],"sphereRadius":45.5173,"stabilizedPalmPosition":[-7.99033,253.832,-9.01456],"t":[93.472,3.77776,-113.548],"timeVisible":16.8745,"type":"right","wrist":[4.57577,208.682,21.3778]}],"id":1671926,"interactionBox":{"center":[0,200,0],"size":[235.247,235.247,147.751]},"pointables":[{"bases":[[[0.600033,0.600312,0.528759],[-0.64586,-0.0264923,0.762996],[0.472044,-0.799327,0.371821]],[[0.468677,0.775159,0.423639],[-0.688656,0.020255,0.724805],[0.553259,-0.631441,0.543311]],[[0.468677,0.775159,0.423639],[-0.882836,0.42769,0.19412],[-0.0307124,-0.464983,0.884787]],[[0.468677,0.775159,0.423639],[-0.841165,0.538079,-0.0539667],[-0.269784,-0.331058,0.904222]]],"btipPosition":[-44.7457,256.716,-55.6861],"carpPosition":[-24.8897,202.683,21.2137],"dipPosition":[-50.9348,249.121,-34.9422],"direction":[0.0307124,0.464983,-0.884787],"extended":false,"handId":464,"id":4640,"length":51.0864,"mcpPosition":[-24.8897,202.683,21.2137],"pipPosition":[-51.9613,233.58,-5.3711],"stabilizedTipPosition":[-46.1386,255.117,-51.2199],"timeVisible":16.8745,"tipPosition":[-45.6344,254.464,-51.1661],"tipVelocity":[0.274698,-5.14566,9.33163],"tool":false,"touchDistance":-0.0721725,"touchZone":"touching","type":0,"width":19.8498},{"bases":[[[0.944137,0.0574979,-0.324499],[0.212886,0.645235,0.733724],[0.251566,-0.761817,0.59695]],[[0.938862,0.0728755,-0.336492],[0.0975471,0.88099,0.46297],[0.330185,-0.467489,0.820019]],[[0.938862,0.0728755,-0.336492],[0.0521812,0.935932,0.348292],[0.340316,-0.344557,0.874909]],[[0.938862,0.0728755,-0.336492],[0.0196929,0.964375,0.263805],[0.343729,-0.254303,0.90398]]],"btipPosition":[-58.9426,307.999,-84.0735],"carpPosition":[-13.0758,220.95,29.3784],"dipPosition":[-53.1858,303.74,-68.9337],"direction":[-0.340316,0.344557,-0.874909],"extended":true,"handId":464,"id":4641,"length":57.6453,"mcpPosition":[-31.2176,275.888,-13.671],"pipPosition":[-45.1228,295.576,-48.2047],"stabilizedTipPosition":[-57.621,307.026,-80.5973],"timeVisible":16.8745,"tipPosition":[-57.8718,307.642,-80.0838],"tipVelocity":[12.7354,-13.85,10.3518],"tool":false,"touchDistance":-0.108045,"touchZone":"touching","type":1,"width":18.9605},{"bases":[[[0.919226,-0.1568,-0.361162],[0.37491,0.628784,0.681229],[0.120276,-0.761606,0.636781]],[[0.922848,-0.183155,-0.338829],[0.118534,0.97206,-0.202605],[0.36647,0.146811,0.918774]],[[0.922848,-0.183155,-0.338829],[-0.35672,-0.0746507,-0.931224],[0.145264,0.980246,-0.134226]],[[0.922848,-0.183155,-0.338829],[-0.353093,-0.753733,-0.554267],[-0.15387,0.631143,-0.760252]]],"btipPosition":[-28.348,229.352,-42.8297],"carpPosition":[-1.59271,223.153,26.3835],"dipPosition":[-31.1824,240.978,-56.834],"direction":[-0.145264,-0.980246,0.134226],"extended":false,"handId":464,"id":4642,"length":65.6822,"mcpPosition":[-9.81829,275.238,-17.1654],"pipPosition":[-27.1332,268.302,-60.5755],"stabilizedTipPosition":[-30.5643,234.08,-47.9372],"timeVisible":16.8745,"tipPosition":[-29.2455,233.024,-47.2572],"tipVelocity":[18.1441,-30.3627,33.1218],"tool":false,"touchDistance":0.333333,"touchZone":"none","type":2,"width":18.6218},{"bases":[[[0.896011,-0.314119,-0.313837],[0.44327,0.591376,0.673637],[-0.0260063,-0.7427,0.669119]],[[0.896356,-0.286074,-0.338685],[0.214262,0.948342,-0.233965],[0.38812,0.137149,0.911347]],[[0.896356,-0.286074,-0.338685],[-0.36951,-0.0599633,-0.92729],[0.244965,0.95633,-0.159456]],[[0.896356,-0.286074,-0.338685],[-0.434509,-0.718557,-0.543026],[-0.0880188,0.633906,-0.768385]]],"btipPosition":[-10.7846,224.459,-40.4517],"carpPosition":[9.65671,222.441,22.1448],"dipPosition":[-12.3967,236.069,-54.5244],"direction":[-0.244965,-0.95633,0.159456],"extended":false,"handId":464,"id":4643,"length":63.1552,"mcpPosition":[11.2536,268.044,-18.9405],"pipPosition":[-5.74478,262.038,-58.8544],"stabilizedTipPosition":[-12.0105,228.094,-44.0054],"timeVisible":16.8745,"tipPosition":[-11.2663,227.764,-44.513],"tipVelocity":[10.4093,-14.0822,2.93979],"tool":false,"touchDistance":0.333333,"touchZone":"none","type":3,"width":17.7198},{"bases":[[[0.801339,-0.491333,-0.341246],[0.573185,0.467365,0.673074],[-0.171217,-0.734957,0.656143]],[[0.814492,-0.414954,-0.405482],[0.342321,0.907994,-0.241585],[0.468422,0.0579644,0.881601]],[[0.814492,-0.414954,-0.405482],[-0.450992,-0.0131679,-0.892431],[0.364979,0.909747,-0.197866]],[[0.814492,-0.414954,-0.405482],[-0.577061,-0.651726,-0.492193],[-0.0600256,0.634875,-0.770279]]],"btipPosition":[6.74792,227.248,-36.4343],"carpPosition":[19.235,215.652,14.6087],"dipPosition":[5.73371,237.975,-49.4491],"direction":[-0.364979,-0.909747,0.197866],"extended":false,"handId":464,"id":4644,"length":49.5125,"mcpPosition":[28.9669,257.426,-22.6859],"pipPosition":[12.7312,255.417,-53.2426],"stabilizedTipPosition":[5.36547,231.099,-40.0361],"timeVisible":16.8745,"tipPosition":[6.4481,229.882,-39.7657],"tipVelocity":[10.1939,-16.5487,6.23765],"tool":false,"touchDistance":0.333333,"touchZone":"none","type":4,"width":15.7401}],"r":[[0.979268,-0.090561,0.181201],[0.0851277,0.995662,0.0375569],[-0.183816,-0.0213531,0.982729]],"s":0.837458,"t":[93.472,3.77776,-113.548],"timestamp":93267317525},false],[6,{"currentFrameRate":47.3588,"devices":[],"gestures":[{"center":[-59.7857,319.797,-86.0074],"duration":54072,"handIds":[464],"id":9,"normal":[0.591906,0.0557191,0.804078],"pointableIds":[4641],"progress":0.817594,"radius":10.8209,"state":"update","type":"circle"}],"hands":[{"armBasis":[[0.977867,-0.0994897,-0.184057],[0.141352,0.962729,0.23059],[0.154256,-0.251504,0.955485]],"armWidth":62.4607,"confidence":0.451868,"direction":[-0.0565244,0.847225,-0.528218],"elbow":[45.4965,141.92,274.214],"grabStrength":0,"id":464,"palmNormal":[-0.247507,-0.52444,-0.81468],"palmPosition":[-6.59683,251.742,-8.29015],"palmVelocity":[6.20854,-14.3865,3.62546],"palmWidth":89.1918,"pinchStrength":0.848496,"r":[[0.979033,-0.0904034,0.18254],[0.0845142,0.995627,0.0398038],[-0.18534,-0.023542,0.982392]],"s":0.841153,"sphereCenter":[-21.3377,240.832,-55.7359],"sphereRadius":45.5102,"stabilizedPalmPosition":[-7.76575,253.495,-8.89781],"t":[93.7338,3.31027,-113.402],"timeVisible":16.8926,"type":"right","wrist":[4.67054,208.484,21.3314]}],"id":1671927,"interactionBox":{"center":[0,200,0],"size":[235.247,235.247,147.751]},"pointables":[{"bases":[[[0.59956,0.600316,0.529291],[-0.645678,-0.0279487,0.763098],[0.472893,-0.799274,0.370854]],[[0.46826,0.774892,0.424588],[-0.688382,0.0186735,0.725108],[0.553952,-0.631818,0.542166]],[[0.46826,0.774892,0.424588],[-0.883091,0.426578,0.195399],[-0.0297068,-0.466447,0.88405]],[[0.46826,0.774892,0.424588],[-0.842553,0.536325,-0.0496014],[-0.266153,-0.334511,0.904027]]],"btipPosition":[-44.7959,256.635,-55.6479],"carpPosition":[-24.7892,202.456,21.1668],"dipPosition":[-50.9018,248.961,-34.9085],"direction":[0.0297068,0.466447,-0.88405],"extended":false,"handId":464,"id":4640,"length":51.0864,"mcpPosition":[-24.7892,202.456,21.1668],"pipPosition":[-51.8946,233.372,-5.36199],"stabilizedTipPosition":[-46.1478,255.08,-51.169],"timeVisible":16.8926,"tipPosition":[-45.6586,254.357,-51.1279],"tipVelocity":[-0.673345,-5.28639,5.87529],"tool":false,"touchDistance":-0.0715529,"touchZone":"touching","type":0,"width":19.8498},{"bases":[[[0.944014,0.0587649,-0.324629],[0.212412,0.644641,0.734384],[0.252425,-0.762224,0.596068]],[[0.938911,0.0736211,-0.336193],[0.0964651,0.881399,0.462418],[0.330364,-0.4666,0.820454]],[[0.938911,0.0736211,-0.336193],[0.0508371,0.936468,0.347048],[0.340384,-0.342939,0.875518]],[[0.938911,0.0736211,-0.336193],[0.0181919,0.96487,0.262097],[0.343679,-0.252202,0.904588]]],"btipPosition":[-58.9282,307.693,-84.0822],"carpPosition":[-12.9912,220.725,29.349],"dipPosition":[-53.1723,303.469,-68.9322],"direction":[-0.340384,0.342939,-0.875518],"extended":true,"handId":464,"id":4641,"length":57.6453,"mcpPosition":[-31.195,275.694,-13.6368],"pipPosition":[-45.1077,295.344,-48.1888],"stabilizedTipPosition":[-57.6087,306.801,-80.5976],"timeVisible":16.8926,"tipPosition":[-57.8609,307.374,-80.0791],"tipVelocity":[7.05565,-15.0987,5.26612],"tool":false,"touchDistance":-0.108151,"touchZone":"touching","type":1,"width":18.9605},{"bases":[[[0.919303,-0.155517,-0.361519],[0.374441,0.628404,0.681837],[0.121143,-0.762183,0.635926]],[[0.922955,-0.181889,-0.33922],[0.115532,0.971577,-0.206615],[0.367159,0.151506,0.917736]],[[0.922955,-0.181889,-0.33922],[-0.357958,-0.0816413,-0.930162],[0.141491,0.979924,-0.14046]],[[0.922955,-0.181889,-0.33922],[-0.351399,-0.757819,-0.549753],[-0.157073,0.626599,-0.763349]]],"btipPosition":[-28.1938,229.052,-42.5207],"carpPosition":[-1.5109,222.943,26.3541],"dipPosition":[-31.0872,240.595,-56.5821],"direction":[-0.141491,-0.979924,0.14046],"extended":false,"handId":464,"id":4642,"length":65.6822,"mcpPosition":[-9.79576,275.068,-17.1363],"pipPosition":[-27.1432,267.91,-60.4973],"stabilizedTipPosition":[-30.3871,233.834,-47.7103],"timeVisible":16.8926,"tipPosition":[-29.1169,232.697,-46.984],"tipVelocity":[13.2194,-24.318,25.1627],"tool":false,"touchDistance":0.333333,"touchZone":"none","type":2,"width":18.6218},{"bases":[[[0.89625,-0.31291,-0.314361],[0.442835,0.59107,0.674191],[-0.0251511,-0.743454,0.668314]],[[0.896563,-0.284844,-0.339173],[0.213276,0.948791,-0.233043],[0.388185,0.1366,0.911402]],[[0.896563,-0.284844,-0.339173],[-0.369623,-0.0592564,-0.92729],[0.244035,0.956741,-0.158412]],[[0.896563,-0.284844,