{"sensorType":"Leap","data":[[0,{"currentFrameRate":51.4363,"devices":[],"gestures":[],"hands":[{"armBasis":[[0.979248,-0.127257,-0.157731],[0.160419,0.962326,0.219532],[0.123851,-0.240279,0.96277]],"armWidth":62.4607,"confidence":0.48847,"direction":[0.00425421,0.848069,-0.529869],"elbow":[45.7529,141.492,278.122],"grabStrength":0,"id":464,"palmNormal":[-0.220603,-0.516024,-0.82768],"palmPosition":[4.97703,248.69,-6.85954],"palmVelocity":[60.3977,-86.5202,35.497],"palmWidth":89.1918,"pinchStrength":0.834582,"r":[[0.964298,-0.146794,0.220409],[0.13878,0.988983,0.0515027],[-0.225541,-0.0190755,0.974047]],"s":0.851367,"sphereCenter":[-8.98307,238.709,-54.6247],"sphereRadius":45.4721,"stabilizedPalmPosition":[1.8998,252.987,-9.09337],"t":[104.498,1.31556,-112.444],"timeVisible":18.6551,"type":"right","wrist":[12.974,205.085,23.3113]}],"id":1672022,"interactionBox":{"center":[0,200,0],"size":[235.247,235.247,147.751]},"pointables":[{"bases":[[[0.590624,0.578578,0.562505],[-0.687963,-0.00329142,0.725739],[0.421748,-0.815621,0.396096]],[[0.471788,0.757835,0.450668],[-0.728729,0.0474087,0.683159],[0.496356,-0.650721,0.574623]],[[0.471788,0.757835,0.450668],[-0.875994,0.46099,0.141854],[-0.100251,-0.461708,0.881349]],[[0.471788,0.757835,0.450668],[-0.831452,0.552493,-0.0586449],[-0.293434,-0.347041,0.890763]]],"btipPosition":[-30.8367,255.375,-56.5151],"carpPosition":[-16.6317,200.142,21.4931],"dipPosition":[-37.5684,247.414,-36.0801],"direction":[0.100251,0.461708,-0.881349],"extended":false,"handId":464,"id":4640,"length":51.0864,"mcpPosition":[-16.6317,200.142,21.4931],"pipPosition":[-40.9189,231.983,-6.62383],"stabilizedTipPosition":[-32.6565,253.925,-51.9285],"timeVisible":18.6551,"tipPosition":[-32.048,253.009,-52.1026],"tipVelocity":[59.4624,-89.6027,29.9357],"tool":false,"touchDistance":-0.077353,"touchZone":"touching","type":0,"width":19.8498},{"bases":[[[0.962222,0.0236898,-0.271233],[0.194492,0.637331,0.745642],[0.190529,-0.770226,0.608646]],[[0.954294,0.0529193,-0.294148],[0.0995998,0.871629,0.47994],[0.281786,-0.487301,0.82652]],[[0.954294,0.0529193,-0.294148],[0.0631703,0.926249,0.37158],[0.292118,-0.373178,0.880571]],[[0.954294,0.0529193,-0.294148],[0.0368357,0.95587,0.291472],[0.296592,-0.288985,0.910231]]],"btipPosition":[-42.1431,307.725,-84.4704],"carpPosition":[-4.64768,217.976,30.3376],"dipPosition":[-37.1758,302.885,-69.2259],"direction":[-0.292118,0.373177,-0.880571],"extended":true,"handId":464,"id":4641,"length":57.6453,"mcpPosition":[-18.3878,273.522,-13.5553],"pipPosition":[-30.2548,294.043,-48.3628],"stabilizedTipPosition":[-41.0788,306.71,-80.9635],"timeVisible":18.6551,"tipPosition":[-41.0623,306.187,-81.0251],"tipVelocity":[72.8682,-115.18,9.98329],"tool":false,"touchDistance":-0.121266,"touchZone":"touching","type":1,"width":18.9605},{"bases":[[[0.931768,-0.189587,-0.309622],[0.358503,0.615095,0.702235],[0.0573123,-0.76532,0.641094]],[[0.933271,-0.218481,-0.285081],[0.164344,0.965512,-0.201936],[0.319368,0.141609,0.93699]],[[0.933271,-0.218481,-0.285081],[-0.306202,-0.0691037,-0.949455],[0.187737,0.973391,-0.131392]],[[0.933271,-0.218481,-0.285081],[-0.348515,-0.742771,-0.57169],[-0.0868468,0.632897,-0.76935]]],"btipPosition":[-15.5864,226.625,-42.2884],"carpPosition":[7.05587,219.767,27.9919],"dipPosition":[-17.1862,238.283,-56.4603],"direction":[-0.187737,-0.973391,0.131392],"extended":false,"handId":464,"id":4642,"length":65.6822,"mcpPosition":[3.13632,272.107,-15.852],"pipPosition":[-11.9531,265.416,-60.1227],"stabilizedTipPosition":[-17.8264,231.935,-46.8658],"timeVisible":18.6551,"tipPosition":[-16.0968,230.128,-46.6472],"tipVelocity":[74.7933,-105.548,50.9863],"tool":false,"touchDistance":0.333333,"touchZone":"none","type":2,"width":18.6218},{"bases":[[[0.900351,-0.345969,-0.263955],[0.425802,0.575268,0.698398],[-0.089779,-0.741196,0.665258]],[[0.903294,-0.315029,-0.291234],[0.256213,0.940598,-0.222778],[0.344116,0.126616,0.930351]],[[0.903294,-0.315029,-0.291234],[-0.319903,-0.0422508,-0.946508],[0.285873,0.948141,-0.138943]],[[0.903294,-0.315029,-0.291234],[-0.428485,-0.696434,-0.575656],[-0.0214773,0.644776,-0.76407]]],"btipPosition":[1.56385,221.064,-39.4419],"carpPosition":[18.4917,218.654,24.3858],"dipPosition":[1.1705,232.873,-53.4356],"direction":[-0.285873,-0.948141,0.138943],"extended":false,"handId":464,"id":4643,"length":63.1552,"mcpPosition":[24.0043,264.165,-16.4624],"pipPosition":[8.93323,258.619,-57.2086],"stabilizedTipPosition":[-0.700394,226.601,-44.0241],"timeVisible":18.6551,"tipPosition":[1.40817,224.442,-43.5766],"tipVelocity":[72.0195,-96.7242,43.7206],"tool":false,"touchDistance":0.333333,"touchZone":"none","type":3,"width":17.7198},{"bases":[[[0.801095,-0.519693,-0.296928],[0.55104,0.446696,0.704853],[-0.23367,-0.728273,0.644218]],[[0.81963,-0.448358,-0.356626],[0.403789,0.893706,-0.195561],[0.4064,0.0162854,0.91355]],[[0.81963,-0.448358,-0.356626],[-0.383037,0.0340247,-0.923106],[0.426016,0.893206,-0.14385]],[[0.81963,-0.448358,-0.356626],[-0.572273,-0.611792,-0.54609],[0.0266626,0.651679,-0.758026]]],"btipPosition":[18.8049,224.22,-35.332],"carpPosition":[28.2274,211.526,17.3832],"dipPosition":[19.2554,235.231,-48.1398],"direction":[-0.426016,-0.893206,0.14385],"extended":false,"handId":464,"id":4644,"length":49.5125,"mcpPosition":[41.509,252.92,-19.2337],"pipPosition":[27.423,252.356,-50.8977],"stabilizedTipPosition":[16.1264,230.451,-40.4345],"timeVisible":18.6551,"tipPosition":[18.8661,226.901,-38.6012],"tipVelocity":[69.5747,-99.2112,53.172],"tool":false,"touchDistance":0.333333,"touchZone":"none","type":4,"width":15.7401}],"r":[[0.964298,-0.146794,0.220409],[0.13878,0.988983,0.0515027],[-0.225541,-0.0190755,0.974047]],"s":0.851367,"t":[104.498,1.31556,-112.444],"timestamp":93269098141},false],[1,{"currentFrameRate":51.7563,"devices":[],"gestures":[{"center":[-53.0787,307.875,-92.2442],"duration":0,"handIds":[464],"id":10,"normal":[0.699203,0.225421,-0.678454],"pointableIds":[4641],"progress":0.750024,"radius":16.5361,"state":"start","type":"circle"}],"hands":[{"armBasis":[[0.97929,-0.126517,-0.158062],[0.158964,0.963969,0.213293],[0.125382,-0.234002,0.964117]],"armWidth":62.4607,"confidence":0.500024,"direction":[0.00597004,0.84655,-0.532276],"elbow":[46.94,141.747,279.09],"grabStrength":0,"id":464,"palmNormal":[-0.217754,-0.518411,-0.826942],"palmPosition":[5.85709,247.196,-6.39955],"palmVelocity":[54.737,-84.5312,30.6667],"palmWidth":89.1918,"pinchStrength":0.827837,"r":[[0.963819,-0.143612,0.224561],[0.135643,0.989465,0.0506005],[-0.229462,-0.0183095,0.973145]],"s":0.853829,"sphereCenter":[-7.77099,237.064,-54.1791],"sphereRadius":45.4604,"stabilizedPalmPosition":[3.25205,251.008,-8.17286],"t":[105.474,-0.193469,-111.905],"timeVisible":18.6733,"type":"right","wrist":[13.7558,203.679,23.9228]}],"id":1672023,"interactionBox":{"center":[0,200,0],"size":[235.247,235.247,147.751]},"pointables":[{"bases":[[[0.588664,0.580244,0.562842],[-0.690414,-0.00128455,0.723413],[0.420479,-0.814442,0.399852]],[[0.470279,0.759065,0.450175],[-0.730899,0.04912,0.680716],[0.494595,-0.649159,0.5779]],[[0.470279,0.759065,0.450175],[-0.876549,0.460986,0.1384],[-0.10247,-0.459687,0.88215]],[[0.470279,0.759065,0.450175],[-0.833192,0.550034,-0.0570425],[-0.290911,-0.348256,0.891117]]],"btipPosition":[-29.9456,253.845,-56.1848],"carpPosition":[-15.843,198.728,22.0186],"dipPosition":[-36.6194,245.855,-35.7417],"direction":[0.10247,0.459687,-0.88215],"extended":false,"handId":464,"id":4640,"length":51.0864,"mcpPosition":[-15.843,198.728,22.0186],"pipPosition":[-40.0441,230.492,-6.25867],"stabilizedTipPosition":[-31.6586,252.297,-51.5504],"timeVisible":18.6733,"tipPosition":[-31.1142,251.467,-51.7535],"tipVelocity":[54.8863,-87.2849,24.3977],"tool":false,"touchDistance":-0.071855,"touchZone":"touching","type":0,"width":19.8498},{"bases":[[[0.963132,0.0230106,-0.268042],[0.19191,0.63948,0.74447],[0.188538,-0.768463,0.611488]],[[0.955561,0.0512093,-0.290312],[0.0980675,0.873488,0.476866],[0.278004,-0.484145,0.829649]],[[0.955561,0.0512093,-0.290312],[0.0619657,0.927903,0.367636],[0.288208,-0.369288,0.883495]],[[0.955561,0.0512093,-0.290312],[0.0358772,0.957274,0.286947],[0.292603,-0.284611,0.912897]]],"btipPosition":[-40.9238,305.911,-84.4061],"carpPosition":[-3.89064,216.588,30.8526],"dipPosition":[-36.0233,301.145,-69.117],"direction":[-0.288208,0.369288,-0.883494],"extended":true,"handId":464,"id":4641,"length":57.6453,"mcpPosition":[-17.4872,272.006,-13.2453],"pipPosition":[-29.1949,292.395,-48.1846],"stabilizedTipPosition":[-39.8453,304.887,-80.8924],"timeVisible":18.6733,"tipPosition":[-39.8849,304.446,-80.9206],"tipVelocity":[69.7726,-107.497,7.18475],"tool":false,"touchDistance":-0.124589,"touchZone":"touching","type":1,"width":18.9605},{"bases":[[[0.932827,-0.190378,-0.305924],[0.356069,0.617138,0.701681],[0.0552123,-0.763477,0.643471]],[[0.934252,-0.21925,-0.281254],[0.163973,0.964465,-0.20717],[0.316681,0.147431,0.937004]],[[0.934252,-0.21925,-0.281254],[-0.30366,-0.0755592,-0.94978],[0.186988,0.972739,-0.137169]],[[0.934252,-0.21925,-0.281254],[-0.346278,-0.746248,-0.568512],[-0.0852387,0.628525,-0.773105]]],"btipPosition":[-14.5598,224.929,-41.672],"carpPosition":[7.82062,218.374,28.5413],"dipPosition":[-16.13,236.507,-55.9131],"direction":[-0.186988,-0.972739,0.137169],"extended":false,"handId":464,"id":4642,"length":65.6822,"mcpPosition":[4.0447,270.587,-15.4652],"pipPosition":[-10.9178,263.621,-59.7366],"stabilizedTipPosition":[-16.4842,229.929,-45.9796],"timeVisible":18.6733,"tipPosition":[-15.0582,228.401,-46.0382],"tipVelocity":[66.3019,-100.294,42.4665],"tool":false,"touchDistance":0.333333,"touchZone":"none","type":2,"width":18.6218},{"bases":[[[0.901271,-0.346632,-0.259917],[0.423384,0.577307,0.698186],[-0.0919622,-0.739299,0.667068]],[[0.9043,-0.315806,-0.287243],[0.256413,0.939778,-0.225987],[0.341312,0.130707,0.930818]],[[0.9043,-0.315806,-0.287243],[-0.317119,-0.0464888,-0.947246],[0.285792,0.947684,-0.142188]],[[0.9043,-0.315806,-0.287243],[-0.426459,-0.698799,-0.574294],[-0.0193593,0.641831,-0.766602]]],"btipPosition":[2.56108,219.432,-38.8477],"carpPosition":[19.2687,217.251,24.9771],"dipPosition":[2.20651,231.187,-52.8878],"direction":[-0.285792,-0.947684,0.142188],"extended":false,"handId":464,"id":4643,"length":63.1552,"mcpPosition":[24.9154,262.645,-15.9822],"pipPosition":[9.96707,256.921,-56.7488],"stabilizedTipPosition":[0.663604,224.685,-43.1889],"timeVisible":18.6733,"tipPosition":[2.41916,222.786,-42.9805],"tipVelocity":[64.1335,-93.8364,38.2176],"tool":false,"touchDistance":0.333333,"touchZone":"none","type":3,"width":17.7198},{"bases":[[[0.802142,-0.520459,-0.292728],[0.548611,0.448766,0.705432],[-0.235783,-0.726451,0.645504]],[[0.820822,-0.449543,-0.352368],[0.400177,0.892796,-0.206817],[0.407566,0.0287503,0.912723]],[[0.820822,-0.449543,-0.352368],[-0.385176,0.019896,-0.922628],[0.421771,0.893037,-0.156822]],[[0.820822,-0.449543,-0.352368],[-0.570677,-0.619438,-0.539096],[0.024076,0.64359,-0.764992]]],"btipPosition":[19.8109,222.402,-34.3653],"carpPosition":[29.0287,210.104,18.0279],"dipPosition":[20.2176,233.277,-47.2908],"direction":[-0.421771,-0.893037,0.156822],"extended":false,"handId":464,"id":4644,"length":49.5125,"mcpPosition":[42.4304,251.395,-18.6621],"pipPosition":[28.304,250.398,-50.2974],"stabilizedTipPosition":[17.5057,228.426,-39.3041],"timeVisible":18.6733,"tipPosition":[19.869,225.141,-37.7621],"tipVelocity":[62.5852,-100.507,52.5174],"tool":false,"touchDistance":0.333333,"touchZone":"none","type":4,"width":15.7401}],"r":[[0.963819,-0.143612,0.224561],[0.135643,0.989465,0.0506005],[-0.229462,-0.0183095,0.973145]],"s":0.853829,"t":[105.474,-0.193469,-111.905],"timestamp":93269116281},false],[2,{"currentFrameRate":52.0687,"devices":[],"gestures":[{"center":[-52.8711,307.786,-92.0875],"duration":18059,"handIds":[464],"id":10,"normal":[0.691751,0.229207,-0.684796],"pointableIds":[4641],"progress":0.759245,"radius":16.59,"state":"update","type":"circle"}],"hands":[{"armBasis":[[0.979445,-0.128578,-0.155419],[0.159971,0.964476,0.210225],[0.122868,-0.230766,0.96522]],"armWidth":62.4607,"confidence":0.491436,"direction":[0.00625912,0.846373,-0.532553],"elbow":[46.9439,141.593,279.666],"grabStrength":0,"id":464,"palmNormal":[-0.219447,-0.518419,-0.82649],"palmPosition":[6.53741,246.186,-6.11875],"palmVelocity":[46.6333,-70.9481,23.4877],"palmWidth":89.1918,"pinchStrength":0.820748,"r":[[0.963444,-0.141272,0.227634],[0.13338,0.989815,0.0497693],[-0.232346,-0.0175882,0.972474]],"s":0.855933,"sphereCenter":[-6.96206,236.024,-53.8776],"sphereRadius":45.4359,"stabilizedPalmPosition":[4.38838,249.34,-7.46239],"t":[106.302,-1.45298,-111.495],"timeVisible":18.6913,"type":"right","wrist":[14.4252,202.669,24.2071]}],"id":1672024,"interactionBox":{"center":[0,200,0],"size":[235.247,235.247,147.751]},"pointables":[{"bases":[[[0.590081,0.579734,0.561883],[-0.689463,-0.000248167,0.724321],[0.420053,-0.814806,0.399559]],[[0.471666,0.758766,0.449227],[-0.729985,0.0502244,0.681616],[0.494625,-0.649424,0.577577]],[[0.471666,0.758766,0.449227],[-0.875909,0.461842,0.139587],[-0.101558,-0.459321,0.882446]],[[0.471666,0.758766,0.449227],[-0.833585,0.549802,-0.0534202],[-0.28752,-0.349273,0.891819]]],"btipPosition":[-29.3942,252.893,-55.8703],"carpPosition":[-15.1819,197.752,22.3433],"dipPosition":[-35.9902,244.88,-35.411],"direction":[0.101558,0.459321,-0.882446],"extended":false,"handId":464,"id":4640,"length":51.0864,"mcpPosition":[-15.1819,197.752,22.3433],"pipPosition":[-39.3844,229.529,-5.91811],"stabilizedTipPosition":[-31,251.198,-51.2104],"timeVisible":18.6913,"tipPosition":[-30.5376,250.521,-51.4207],"tipVelocity":[43.7921,-70.9976,21.1808],"tool":false,"touchDistance":-0.0665506,"touchZone":"touching","type":0,"width":19.8498},{"bases":[[[0.962805,0.0217999,-0.269315],[0.193636,0.639492,0.744013],[0.188444,-0.768489,0.611485]],[[0.955608,0.0487234,-0.290584],[0.0997796,0.874444,0.474755],[0.277231,-0.482674,0.830764]],[[0.955608,0.0487234,-0.290584],[0.0634534,0.929058,0.364451],[0.287726,-0.366711,0.884724]],[[0.955608,0.0487234,-0.290584],[0.0371964,0.958392,0.283021],[0.292283,-0.281266,0.914035]]],"btipPosition":[-40.1741,304.747,-84.1977],"carpPosition":[-3.19707,215.601,31.1559],"dipPosition":[-35.279,300.037,-68.8895],"direction":[-0.287726,0.366711,-0.884724],"extended":true,"handId":464,"id":4641,"length":57.6453,"mcpPosition":[-16.7869,271.021,-12.9417],"pipPosition":[-28.462,291.348,-47.9279],"stabilizedTipPosition":[-39.0687,303.695,-80.6823],"timeVisible":18.6913,"tipPosition":[-39.1689,303.384,-80.6621],"tipVelocity":[56.3206,-86.7166,9.36915],"tool":false,"touchDistance":-0.121525,"touchZone":"touching","type":1,"width":18.9605},{"bases":[[[0.932201,-0.191565,-0.307089],[0.357712,0.616944,0.701015],[0.0551664,-0.763337,0.643641]],[[0.933626,-0.220521,-0.282334],[0.163185,0.963366,-0.212828],[0.318924,0.15263,0.93541]],[[0.933626,-0.220521,-0.282334],[-0.306723,-0.0848428,-0.94801],[0.185102,0.971685,-0.14685]],[[0.933626,-0.220521,-0.282334],[-0.347076,-0.752056,-0.560313],[-0.0887697,0.621114,-0.778676]]],"btipPosition":[-13.8524,223.839,-40.9484],"carpPosition":[8.51321,217.372,28.8287],"dipPosition":[-15.4876,235.28,-55.2921],"direction":[-0.185102,-0.971685,0.14685],"extended":false,"handId":464,"id":4642,"length":65.6822,"mcpPosition":[4.74043,269.576,-15.1894],"pipPosition":[-10.328,262.365,-59.3855],"stabilizedTipPosition":[-15.4824,228.393,-45.2103],"timeVisible":18.6913,"tipPosition":[-14.384,227.257,-45.381],"tipVelocity":[53.0246,-82.1691,40.7063],"tool":false,"touchDistance":0.333333,"touchZone":"none","type":2,"width":18.6218},{"bases":[[[0.900523,-0.347768,-0.260991],[0.424976,0.577033,0.697445],[-0.0919486,-0.738979,0.667424]],[[0.903549,-0.316989,-0.2883],[0.256904,0.93926,-0.227577],[0.342928,0.131562,0.930103]],[[0.903549,-0.316989,-0.2883],[-0.318678,-0.0473627,-0.946679],[0.286432,0.947246,-0.143812]],[[0.903549,-0.316989,-0.2883],[-0.428025,-0.698858,-0.573054],[-0.0198287,0.641182,-0.767132]]],"btipPosition":[3.16728,218.383,-38.5117],"carpPosition":[19.9553,216.235,25.2498],"dipPosition":[2.80412,230.126,-52.5616],"direction":[-0.286432,-0.947246,0.143812],"extended":false,"handId":464,"id":4643,"length":63.1552,"mcpPosition":[25.6011,261.61,-15.7314],"pipPosition":[10.5821,255.848,-56.4667],"stabilizedTipPosition":[1.68699,223.163,-42.5776],"timeVisible":18.6913,"tipPosition":[3.02506,221.726,-42.6321],"tipVelocity":[49.5666,-76.9307,28.8439],"tool":false,"touchDistance":0.333333,"touchZone":"none","type":3,"width":17.7198},{"bases":[[[0.801148,-0.521489,-0.293616],[0.550062,0.448348,0.704568],[-0.235782,-0.72597,0.646045]],[[0.819792,-0.450807,-0.353149],[0.397694,0.891892,-0.215334],[0.412045,0.0360836,0.910449]],[[0.819792,-0.450807,-0.353149],[-0.390372,0.0112725,-0.920588],[0.418989,0.89255,-0.166741]],[[0.819792,-0.450807,-0.353149],[-0.572316,-0.623526,-0.532606],[0.0199051,0.638739,-0.769166]]],"btipPosition":[20.4485,221.183,-33.7944],"carpPosition":[29.6977,209.074,18.29],"dipPosition":[20.7848,231.975,-46.7904],"direction":[-0.418989,-0.89255,0.166741],"extended":false,"handId":464,"id":4644,"length":49.5125,"mcpPosition":[43.0994,250.338,-18.4307],"pipPosition":[28.8178,249.087,-49.9872],"stabilizedTipPosition":[18.5866,226.722,-38.402],"timeVisible":18.6913,"tipPosition":[20.4934,223.961,-37.2727],"tipVelocity":[49.2058,-85.3425,42.1643],"tool":false,"touchDistance":0.333333,"touchZone":"none","type":4,"width":15.7401}],"r":[[0.963444,-0.141272,0.227634],[0.13338,0.989815,0.0497693],[-0.232346,-0.0175882,0.972474]],"s":0.855933,"t":[106.302,-1.45298,-111.495],"timestamp":93269134340},false],[3,{"currentFrameRate":52.3396,"devices":[],"gestures":[{"center":[-52.6353,307.679,-91.9074],"duration":36176,"handIds":[464],"id":10,"normal":[0.686084,0.23209,-0.68951],"pointableIds":[4641],"progress":0.763612,"radius":16.646,"state":"update","type":"circle"}],"hands":[{"armBasis":[[0.979172,-0.132167,-0.15412],[0.163125,0.964079,0.209625],[0.120878,-0.2304,0.965559]],"armWidth":62.4607,"confidence":0.485791,"direction":[0.00714372,0.847389,-0.530925],"elbow":[46.8521,141.082,279.852],"grabStrength":0,"id":464,"palmNormal":[-0.223462,-0.516159,-0.826828],"palmPosition":[7.00884,245.66,-5.91416],"palmVelocity":[36.8229,-51.0053,17.6833],"palmWidth":89.1918,"pinchStrength":0.817009,"r":[[0.963191,-0.140052,0.229452],[0.13218,0.989994,0.0494025],[-0.234075,-0.017255,0.972065]],"s":0.857199,"sphereCenter":[-6.31972,235.518,-53.734],"sphereRadius":45.4239,"stabilizedPalmPosition":[5.28121,248.086,-6.93489],"t":[106.951,-2.34587,-111.187],"timeVisible":18.7095,"type":"right","wrist":[14.8599,202.061,24.3031]}],"id":1672025,"interactionBox":{"center":[0,200,0],"size":[235.247,235.247,147.751]},"pointables":[{"bases":[[[0.593475,0.576902,0.561223],[-0.687275,0.000363273,0.726398],[0.418856,-0.816813,0.396706]],[[0.475062,0.756721,0.449098],[-0.728001,0.0512987,0.683654],[0.494297,-0.651722,0.575264]],[[0.475062,0.756721,0.449098],[-0.874217,0.464046,0.142851],[-0.100303,-0.460472,0.881989]],[[0.475062,0.756721,0.449098],[-0.833017,0.551198,-0.04758],[-0.283546,-0.351502,0.892215]]],"btipPosition":[-29.0963,252.577,-55.575],"carpPosition":[-14.767,197.234,22.5193],"dipPosition":[-35.6012,244.514,-35.1066],"direction":[0.100303,0.460472,-0.881989],"extended":false,"handId":464,"id":4640,"length":51.0864,"mcpPosition":[-14.767,197.234,22.5193],"pipPosition":[-38.9535,229.124,-5.629],"stabilizedTipPosition":[-30.6355,250.773,-50.9035],"timeVisible":18.7095,"tipPosition":[-30.22,250.208,-51.1052],"tipVelocity":[31.3247,-45.8075,18.9117],"tool":false,"touchDistance":-0.0615946,"touchZone":"touching","type":0,"width":19.8498},{"bases":[[[0.962049,0.0194983,-0.272179],[0.197758,0.637468,0.744665],[0.188025,-0.77023,0.60942]],[[0.955464,0.0444005,-0.291748],[0.103622,0.87519,0.472551],[0.276316,-0.481737,0.831612]],[[0.955464,0.0444005,-0.291748],[0.0666593,0.930594,0.359932],[0.28748,-0.36335,0.88619]],[[0.955464,0.0444005,-0.291748],[0.0399384,0.960066,0.276907],[0.292392,-0.276227,0.915536]]],"btipPosition":[-39.6075,304.099,-83.97],"carpPosition":[-2.70318,215.031,31.3303],"dipPosition":[-34.7105,299.473,-68.6366],"direction":[-0.28748,0.36335,-0.88619],"extended":true,"handId":464,"id":4641,"length":57.6453,"mcpPosition":[-16.2627,270.577,-12.6184],"pipPosition":[-27.8993,290.864,-47.6404],"stabilizedTipPosition":[-38.4921,303.047,-80.4477],"timeVisible":18.7095,"tipPosition":[-38.6478,302.922,-80.3436],"tipVelocity":[44.412,-61.9604,11.0439],"tool":false,"touchDistance":-0.117634,"touchZone":"touching","type":1,"width":18.9605},{"bases":[[[0.930704,-0.193702,-0.310274],[0.361637,0.614522,0.701129],[0.0548604,-0.764749,0.641988]],[[0.93212,-0.222777,-0.285521],[0.164529,0.962848,-0.214135],[0.322618,0.152623,0.934143]],[[0.93212,-0.222777,-0.285521],[-0.31099,-0.0883955,-0.946294],[0.185574,0.970854,-0.151677]],[[0.93212,-0.222777,-0.285521],[-0.35033,-0.754461,-0.555029],[-0.0917668,0.617381,-0.781294]]],"btipPosition":[-13.472,223.427,-40.4503],"carpPosition":[9.0052,216.772,28.9711],"dipPosition":[-15.1624,234.8,-54.8423],"direction":[-0.185574,-0.970854,0.151677],"extended":false,"handId":464,"id":4642,"length":65.6822,"mcpPosition":[5.25335,269.073,-14.9339],"pipPosition":[-9.98966,261.862,-59.0701],"stabilizedTipPosition":[-14.8286,227.445,-44.6258],"timeVisible":18.7095,"tipPosition":[-14.0304,226.787,-44.9001],"tipVelocity":[37.4475,-54.2781,34.1258],"tool":false,"touchDistance":0.333333,"touchZone":"none","type":2,"width":18.6218},{"bases":[[[0.898705,-0.349901,-0.264384],[0.428772,0.574421,0.697277],[-0.0921099,-0.740007,0.666263]],[[0.901735,-0.31914,-0.291588],[0.25856,0.93874,-0.227847],[0.34644,0.130065,0.929011]],[[0.901735,-0.31914,-0.291588],[-0.322021,-0.045893,-0.94562],[0.288403,0.946596,-0.144153]],[[0.901735,-0.31914,-0.291588],[-0.431801,-0.697005,-0.572479],[-0.020537,0.642132,-0.766319]]],"btipPosition":[3.46056,217.885,-38.2925],"carpPosition":[20.4331,215.609,25.3555],"dipPosition":[3.08443,229.646,-52.3275],"direction":[-0.288403,-0.946596,0.144153],"extended":false,"handId":464,"id":4643,"length":63.1552,"mcpPosition":[26.0888,261.046,-15.5543],"pipPosition":[10.9159,255.35,-56.2419],"stabilizedTipPosition":[2.37138,222.119,-42.1488],"timeVisible":18.7095,"tipPosition":[3.31702,221.228,-42.3948],"tipVelocity":[33.6014,-53.2866,20.9642],"tool":false,"touchDistance":0.333333,"touchZone":"none","type":3,"width":17.7198},{"bases":[[[0.798722,-0.523266,-0.297046],[0.5535,0.445356,0.703772],[-0.235968,-0.726533,0.645343]],[[0.817309,-0.45293,-0.356174],[0.397748,0.89073,-0.219992],[0.416896,0.038134,0.908154]],[[0.817309,-0.45293,-0.356174],[-0.395028,0.00955528,-0.918619],[0.419474,0.891495,-0.171111]],[[0.817309,-0.45293,-0.356174],[-0.575908,-0.622468,-0.529966],[0.0183307,0.63827,-0.769595]]],"btipPosition":[20.7439,220.53,-33.5216],"carpPosition":[30.1334,208.433,18.3525],"dipPosition":[21.0536,231.315,-46.5248],"direction":[-0.419474,-0.891495,0.171111],"extended":false,"handId":464,"id":4644,"length":49.5125,"mcpPosition":[43.5456,249.728,-18.3284],"pipPosition":[29.0958,248.407,-49.8053],"stabilizedTipPosition":[19.3563,225.44,-37.7493],"timeVisible":18.7095,"tipPosition":[20.7944,223.344,-37.0219],"tipVelocity":[33.3853,-61.9134,29.2205],"tool":false,"touchDistance":0.333333,"touchZone":"none","type":4,"width":15.7401}],"r":[[0.963191,-0.140052,0.229452],[0.13218,0.989994,0.0494025],[-0.234075,-0.017255,0.972065]],"s":0.857199,"t":[106.951,-2.34587,-111.187],"timestamp":93269152457},false],[4,{"currentFrameRate":52.6159,"devices":[],"gestures":[{"center":[-52.3308,307.533,-91.6709],"duration":54178,"handIds":[464],"id":10,"normal":[0.681868,0.234221,-0.692962],"pointableIds":[4641],"progress":0.767435,"radius":16.7091,"state":"update","type":"circle"}],"hands":[{"armBasis":[[0.977559,-0.142506,-0.155145],[0.172853,0.963578,0.204058],[0.120415,-0.226296,0.966587]],"armWidth":62.4607,"confidence":0.3538,"direction":[0.0135871,0.853477,-0.520954],"elbow":[46.8664,140.63,279.644],"grabStrength":0,"id":464,"palmNormal":[-0.234464,-0.503757,-0.831418],"palmPosition":[7.46026,244.563,-5.8291],"palmVelocity":[31.2571,-55.7259,11.5435],"palmWidth":89.1918,"pinchStrength":0.812384,"r":[[0.962955,-0.14181,0.229362],[0.133539,0.989717,0.0512699],[-0.234274,-0.0187419,0.97199]],"s":0.857051,"sphereCenter":[-5.65387,234.852,-53.8928],"sphereRadius":45.4146,"stabilizedPalmPosition":[6.01854,246.894,-6.56072],"t":[107.502,-3.34109,-110.991],"timeVisible":18.7275,"type":"right","wrist":[14.997,200.522,23.8231]}],"id":1672026,"interactionBox":{"center":[0,200,0],"size":[235.247,235.247,147.751]},"pointables":[{"bases":[[[0.603505,0.563418,0.564218],[-0.682731,-0.000401379,0.73067],[0.411899,-0.826172,0.384421]],[[0.486178,0.746249,0.45469],[-0.723597,0.0520656,0.688256],[0.489937,-0.663628,0.565297]],[[0.486178,0.746249,0.45469],[-0.868064,0.472252,0.153107],[-0.100472,-0.469138,0.877391]],[[0.486178,0.746249,0.45469],[-0.827964,0.559784,-0.0334293],[-0.279475,-0.360214,0.890022]]],"btipPosition":[-28.8975,252.47,-55.2332],"carpPosition":[-14.6938,196.055,22.1694],"dipPosition":[-35.3089,244.206,-34.8151],"direction":[0.100472,0.469138,-0.877391],"extended":false,"handId":464,"id":4640,"length":51.0864,"mcpPosition":[-14.6938,196.055,22.1694],"pipPosition":[-38.6669,228.527,-5.49113],"stabilizedTipPosition":[-30.4065,250.596,-50.5849],"timeVisible":18.7275,"tipPosition":[-30.0136,250.077,-50.7521],"tipVelocity":[22.2815,-28.1377,18.6441],"tool":false,"touchDistance":-0.0560899,"touchZone":"touching","type":0,"width":19.8498},{"bases":[[[0.960512,0.011753,-0.277991],[0.209647,0.626315,0.750851],[0.182935,-0.779481,0.599119]],[[0.95487,0.0341039,-0.295059],[0.114912,0.873616,0.472854],[0.273895,-0.48542,0.830271]],[[0.95487,0.0341039,-0.295059],[0.0764114,0.931747,0.354977],[0.287027,-0.361503,0.887092]],[[0.95487,0.0341039,-0.295059],[0.0485511,0.962104,0.268324],[0.293029,-0.27054,0.917029]]],"btipPosition":[-38.8076,303.359,-83.4343],"carpPosition":[-2.37247,213.608,31.1129],"dipPosition":[-33.9,298.828,-68.076],"direction":[-0.287027,0.361503,-0.887092],"extended":true,"handId":464,"id":4641,"length":57.6453,"mcpPosition":[-15.5649,269.82,-12.0929],"pipPosition":[-27.0995,290.263,-47.0584],"stabilizedTipPosition":[-37.6971,302.333,-79.9142],"timeVisible":18.7275,"tipPosition":[-37.8736,302.569,-79.6199],"tipVelocity":[44.4864,-51.5103,20.0596],"tool":false,"touchDistance":-0.108611,"touchZone":"touching","type":1,"width":18.9605},{"bases":[[[0.926489,-0.200611,-0.318393],[0.37298,0.60202,0.706015],[0.0500448,-0.77287,0.632588]],[[0.927723,-0.229907,-0.294064],[0.172807,0.962832,-0.207589],[0.330861,0.141768,0.93297]],[[0.927723,-0.229907,-0.294064],[-0.319381,-0.0811507,-0.944145],[0.193202,0.969823,-0.148713]],[[0.927723,-0.229907,-0.294064],[-0.361618,-0.748879,-0.55535],[-0.09254,0.621549,-0.77789]]],"btipPosition":[-13.3954,222.918,-40.1679],"carpPosition":[9.34033,215.243,28.7006],"dipPosition":[-15.1,234.367,-54.4971],"direction":[-0.193202,-0.969823,0.148713],"extended":false,"handId":464,"id":4642,"length":65.6822,"mcpPosition":[5.91781,268.099,-14.5616],"pipPosition":[-9.71463,261.401,-58.6424],"stabilizedTipPosition":[-14.4574,226.77,-44.2114],"timeVisible":18.7275,"tipPosition":[-13.9698,226.283,-44.6141],"tipVelocity":[21.636,-41.4968,25.771],"tool":false,"touchDistance":0.333333,"touchZone":"none","type":2,"width":18.6218},{"bases":[[[0.892984,-0.356966,-0.274143],[0.439626,0.561205,0.701269],[-0.0964794,-0.746742,0.658079]],[[0.896194,-0.32599,-0.300944],[0.267495,0.938183,-0.21968],[0.353954,0.116375,0.927994]],[[0.896194,-0.32599,-0.300944],[-0.328741,-0.0324099,-0.943864],[0.297937,0.944817,-0.136212]],[[0.896194,-0.32599,-0.300944],[-0.443287,-0.685855,-0.577147],[-0.0182595,0.650641,-0.759166]]],"btipPosition":[3.3977,217.174,-38.448],"carpPosition":[20.7316,213.992,24.9996],"dipPosition":[3.06328,229.091,-52.3519],"direction":[-0.297937,-0.944817,0.136212],"extended":false,"handId":464,"id":4643,"length":63.1552,"mcpPosition":[26.6556,259.844,-15.4077],"pipPosition":[11.1536,254.747,-56.0507],"stabilizedTipPosition":[2.75021,221.24,-41.9481],"timeVisible":18.7275,"tipPosition":[3.26711,220.555,-42.5007],"tipVelocity":[16.2789,-45.8076,7.73245],"tool":false,"touchDistance":0.333333,"touchZone":"none","type":3,"width":17.7198},{"bases":[[[0.79082,-0.528782,-0.308211],[0.562903,0.430659,0.705459],[-0.2403,-0.731384,0.638227]],[[0.809838,-0.45801,-0.36659],[0.405157,0.888576,-0.215131],[0.424275,0.0256947,0.905169]],[[0.809838,-0.45801,-0.36659],[-0.401952,0.0219646,-0.915397],[0.427313,0.888676,-0.16631]],[[0.809838,-0.45801,-0.36659],[-0.586318,-0.61078,-0.532146],[0.019822,0.645891,-0.763173]]],"btipPosition":[20.731,219.519,-33.715],"carpPosition":[30.3055,206.79,17.8516],"dipPosition":[21.0659,230.432,-46.6096],"direction":[-0.427313,-0.888676,0.16631],"extended":false,"handId":464,"id":4644,"length":49.5125,"mcpPosition":[43.964,248.361,-18.4247],"pipPosition":[29.2585,247.47,-49.7982],"stabilizedTipPosition":[19.8681,224.238,-37.3726],"timeVisible":18.7275,"tipPosition":[20.7932,222.386,-37.1948],"tipVelocity":[17.3804,-58.4116,10.9423],"tool":false,"touchDistance":0.333333,"touchZone":"none","type":4,"width":15.7401}],"r":[[0.962955,-0.14181,0.229362],[0.133539,0.989717,0.0512699],[-0.234274,-0.0187419,0.97199]],"s":0.857051,"t":[107.502,-3.34109,-110.991],"timestamp":93269170459},false],[5,{"currentFrameRate":52.8548,"devices":[],"gestures":[{"center":[-52.0375,307.386,-91.4454],"duration":72234,"handIds":[464],"id":10,"normal":[0.678818,0.235775,-0.695425],"pointableIds":[4641],"progress":0.7709,"radius":16.7768,"state":"update","type":"circle"}],"hands":[{"armBasis":[[0.977758,-0.140822,-0.155428],[0.171564,0.963288,0.206499],[0.120643,-0.228572,0.966023]],"armWidth":62.4607,"confidence":0.38808,"direction":[0.0137601,0.855888,-0.516977],"elbow":[47.1773,139.641,279.743],"grabStrength":0,"id":464,"palmNormal":[-0.232967,-0.500053,-0.83407],"palmPosition":[7.72368,244.309,-5.38703],"palmVelocity":[23.3429,-35.9399,17.6876],"palmWidth":89.1918,"pinchStrength":0.811591,"r":[[0.962719,-0.143303,0.229426],[0.134482,0.989459,0.0537176],[-0.234706,-0.0208613,0.971843]],"s":0.856252,"sphereCenter":[-4.83066,234.611,-53.6727],"sphereRadius":45.4176,"stabilizedPalmPosition":[6.5415,246.101,-6.20076],"t":[107.909,-3.96559,-110.672],"timeVisible":18.7455,"type":"right","wrist":[15.2476,200.136,24.0715]}],"id":1672027,"interactionBox":{"center":[0,200,0],"size":[235.247,235.247,147.751]},"pointables":[{"bases":[[[0.602343,0.56119,0.567669],[-0.683755,-0.00422717,0.729699],[0.4119,-0.827676,0.381171]],[[0.484585,0.745021,0.45839],[-0.725214,0.0491541,0.686767],[0.489124,-0.665228,0.564119]],[[0.484585,0.745021,0.45839],[-0.868807,0.470869,0.153153],[-0.10174,-0.472468,0.875456]],[[0.484585,0.745021,0.45839],[-0.829627,0.557556,-0.0291582],[-0.277302,-0.366163,0.888273]]],"btipPosition":[-28.6093,252.399,-54.8847],"carpPosition":[-14.4379,195.658,22.3554],"dipPosition":[-34.9709,243.999,-34.5068],"direction":[0.10174,0.472468,-0.875456],"extended":false,"handId":464,"id":4640,"length":51.0864,"mcpPosition":[-14.4379,195.658,22.3554],"pipPosition":[-38.3712,228.208,-5.24751],"stabilizedTipPosition":[-30.1369,250.492,-50.2724],"timeVisible":18.7455,"tipPosition":[-29.719,250.008,-50.3738],"tipVelocity":[19.5819,-17.474,18.712],"tool":false,"touchDistance":-0.0504362,"touchZone":"touching","type":0,"width":19.8498},{"bases":[[[0.960893,0.0136623,-0.276582],[0.208183,0.622967,0.754037],[0.182603,-0.782129,0.59576]],[[0.955961,0.0334647,-0.29158],[0.112933,0.875043,0.470686],[0.270897,-0.482887,0.832728]],[[0.955961,0.0334647,-0.29158],[0.0738465,0.934091,0.349315],[0.284052,-0.355464,0.890483]],[[0.955961,0.0334647,-0.29158],[0.0456392,0.964443,0.26032],[0.289924,-0.262163,0.920443]]],"btipPosition":[-38.3031,302.729,-83.1487],"carpPosition":[-2.14065,213.177,31.3974],"dipPosition":[-33.4475,298.338,-67.7331],"direction":[-0.284052,0.355464,-0.890483],"extended":true,"handId":464,"id":4641,"length":57.6453,"mcpPosition":[-15.3092,269.58,-11.5662],"pipPosition":[-26.7175,289.916,-46.6352],"stabilizedTipPosition":[-37.2006,301.736,-79.6118],"timeVisible":18.7455,"tipPosition":[-37.4143,302.165,-79.2264],"tipVelocity":[36.3145,-42.7711,18.3938],"tool":false,"touchDistance":-0.10363,"touchZone":"touching","type":1,"width":18.9605},{"bases":[[[0.927066,-0.198534,-0.318015],[0.371595,0.598985,0.709319],[0.0496623,-0.775758,0.629073]],[[0.928284,-0.227904,-0.293851],[0.172241,0.963825,-0.203405],[0.329578,0.138205,0.933958]],[[0.928284,-0.227904,-0.293851],[-0.31836,-0.0786598,-0.944701],[0.192187,0.970501,-0.145574]],[[0.928284,-0.227904,-0.293851],[-0.360141,-0.74787,-0.557664],[-0.0926684,0.623499,-0.776313]]],"btipPosition":[-13.0438,222.817,-39.7821],"carpPosition":[9.57446,214.831,29.0092],"dipPosition":[-14.7509,234.302,-54.0823],"direction":[-0.192187,-0.970501,0.145574],"extended":false,"handId":464,"id":4642,"length":65.6822,"mcpPosition":[6.1781,267.884,-14.0126],"pipPosition":[-9.39375,261.355,-58.1401],"stabilizedTipPosition":[-14.1612,226.39,-43.8806],"timeVisible":18.7455,"tipPosition":[-13.6184,226.164,-44.1956],"tipVelocity":[20.5925,-24.2324,23.8543],"tool":false,"touchDistance":0.333333,"touchZone":"none","type":2,"width":18.6218},{"bases":[[[0.893601,-0.355115,-0.274536],[0.438274,0.558236,0.704478],[-0.0969147,-0.749844,0.654478]],[[0.896825,-0.324056,-0.301153],[0.266135,0.938993,-0.217861],[0.35338,0.115236,0.928355]],[[0.896825,-0.324056,-0.301153],[-0.328539,-0.0319993,-0.943948],[0.296255,0.945497,-0.135163]],[[0.896825,-0.324056,-0.301153],[-0.441978,-0.68555,-0.578512],[-0.0189851,0.651927,-0.758044]]],"btipPosition":[3.74867,216.985,-37.9729],"carpPosition":[20.9717,213.604,25.3185],"dipPosition":[3.40096,228.925,-51.8563],"direction":[-0.296255,-0.945497,0.135163],"extended":false,"handId":464,"id":4643,"length":63.1552,"mcpPosition":[26.9224,259.646,-14.8678],"pipPosition":[11.4456,254.599,-55.5266],"stabilizedTipPosition":[3.07061,220.713,-41.6753],"timeVisible":18.7455,"tipPosition":[3.61288,220.373,-42.025],"tipVelocity":[17.6984,-28.8927,16.6787],"tool":false,"touchDistance":0.333333,"touchZone":"none","type":3,"width":17.7198},{"bases":[[[0.791597,-0.526837,-0.309543],[0.561631,0.427752,0.708237],[-0.240718,-0.734487,0.634495]],[[0.810646,-0.455809,-0.367547],[0.404111,0.889769,-0.212147],[0.42373,0.0234464,0.905485]],[[0.810646,-0.455809,-0.367547],[-0.401254,0.0247114,-0.915634],[0.426437,0.889734,-0.162863]],[[0.810646,-0.455809,-0.367547],[-0.585186,-0.60894,-0.53549],[0.020267,0.649176,-0.760368]]],"btipPosition":[21.0377,219.35,-33.3282],"carpPosition":[30.5604,206.441,18.1507],"dipPosition":[21.3802,230.318,-46.1755],"direction":[-0.426437,-0.889734,0.162863],"extended":false,"handId":464,"id":4644,"length":49.5125,"mcpPosition":[44.2426,248.189,-17.9135],"pipPosition":[29.5559,247.376,-49.298],"stabilizedTipPosition":[20.2741,223.468,-37.0183],"timeVisible":18.7455,"tipPosition":[21.1081,222.239,-36.7907],"tipVelocity":[17.24,-34.8044,16.203],"tool":false,"touchDistance":0.333333,"touchZone":"none","type":4,"width":15.7401}],"r":[[0.962719,-0.143303,0.229426],[0.134482,0.989459,0.0537176],[-0.234706,-0.0208613,0.971843]],"s":0.856252,"t":[107.909,-3.96559,-110.672],"timestamp":93269188515},false],[6,{"currentFrameRate":53.067,"devices":[],"gestures":[{"center":[-51.7754,307.249,-91.2477],"duration":90314,"handIds":[464],"id":10,"normal":[0.6765,0.236996,-0.697267],"pointableIds":[4641],"progress":0.77532,"radius":16.847,"state":"update","type":"circle"}],"hands":[{"armBasis":[[0.977833,-0.139202,-0.156417],[0.170339,0.963265,0.207617],[0.12177,-0.229659,0.965624]],"armWidth":62.4607,"confidence":0.411579,"direction":[0.0136669,0.857285,-0.514661],"elbow":[47.6371,139.115,279.86],"grabStrength":0.0018407,"id":464,"palmNormal":[-0.23169,-0.497986,-0.835661],"palmPosition":[7.88321,244.143,-5.05378],"palmVelocity":[16.4424,-23.221,18.0415],"palmWidth":89.1918,"pinchStrength":0.811074,"r":[[0.962501,-0.144475,0.229605],[0.135073,0.989238,0.0562361],[-0.235259,-0.0231138,0.971658]],"s":0.855085,"sphereCenter":[-4.12718,234.369,-53.5302],"sphereRadius":45.4229,"stabilizedPalmPosition":[6.87936,245.608,-5.91193],"t":[108.192,-4.36082,-110.346],"timeVisible":18.7636,"type":"right","wrist":[15.409,199.897,24.2941]}],"id":1672028,"interactionBox":{"center":[0,200,0],"size":[235.247,235.247,147.751]},"pointables":[{"bases":[[[0.601306,0.560118,0.569824],[-0.684537,-0.00670511,0.728947],[0.412117,-0.828386,0.37939]],[[0.483012,0.744781,0.460436],[-0.726808,0.0477685,0.685177],[0.488313,-0.665598,0.564385]],[[0.483012,0.744781,0.460436],[-0.869584,0.469616,0.152593],[-0.10258,-0.474092,0.874479]],[[0.483012,0.744781,0.460436],[-0.831771,0.554578,-0.0245062],[-0.273599,-0.37114,0.887355]]],"btipPosition":[-28.4599,252.328,-54.6655],"carpPosition":[-14.2713,195.401,22.534],"dipPosition":[-34.7365,243.814,-34.3087],"direction":[0.10258,0.474092,-0.874479],"extended":false,"handId":464,"id":4640,"length":51.0864,"mcpPosition":[-14.2713,195.401,22.534],"pipPosition":[-38.1649,227.969,-5.08202],"stabilizedTipPosition":[-29.9759,250.408,-50.0731],"timeVisible":18.7636,"tipPosition":[-29.552,249.942,-50.1131],"tipVelocity":[14.7171,-11.7141,15.4527],"tool":false,"touchDistance":-0.0468642,"touchZone":"touching","type":0,"width":19.8498},{"bases":[[[0.96118,0.015132,-0.275508],[0.206899,0.621095,0.755932],[0.182555,-0.783589,0.593854]],[[0.956882,0.032555,-0.288647],[0.110873,0.877533,0.466522],[0.268485,-0.47841,0.836086]],[[0.956882,0.032555,-0.288647],[0.0712991,0.936977,0.342038],[0.28159,-0.34787,0.894256]],[[0.956882,0.032555,-0.288647],[0.0428266,0.967029,0.251039],[0.287302,-0.252577,0.923939]]],"btipPosition":[-37.9523,302.033,-83.0617],"carpPosition":[-1.99707,212.905,31.6362],"dipPosition":[-33.1406,297.803,-67.5876],"direction":[-0.28159,0.34787,-0.894256],"extended":true,"handId":464,"id":4641,"length":57.6453,"mcpPosition":[-15.1622,269.414,-11.1899],"pipPosition":[-26.4689,289.561,-46.4003],"stabilizedTipPosition":[-36.855,301.078,-79.5055],"timeVisible":18.7636,"tipPosition":[-37.0977,301.678,-79.0442],"tipVelocity":[28.0125,-39.7645,12.2918],"tool":false,"touchDistance":-0.101956,"touchZone":"touching","type":1,"width":18.9605},{"bases":[[[0.927558,-0.196978,-0.317547],[0.370377,0.597358,0.711326],[0.0495739,-0.777408,0.62704]],[[0.928773,-0.226422,-0.293453],[0.17176,0.964504,-0.200574],[0.328451,0.135884,0.934695]],[[0.928773,-0.226422,-0.293453],[-0.317363,-0.0768027,-0.945189],[0.191473,0.970997,-0.14319]],[[0.928773,-0.226422,-0.293453],[-0.358905,-0.747114,-0.559471],[-0.0925661,0.624943,-0.775163]]],"btipPosition":[-12.8217,222.742,-39.5096],"carpPosition":[9.71934,214.574,29.2651],"dipPosition":[-14.5268,234.254,-53.7886],"direction":[-0.191473,-0.970997,0.14319],"extended":false,"handId":464,"id":4642,"length":65.6822,"mcpPosition":[6.32902,267.74,-13.6176],"pipPosition":[-9.18957,261.32,-57.7799],"stabilizedTipPosition":[-13.9495,226.166,-43.6378],"timeVisible":18.7636,"tipPosition":[-13.3943,226.078,-43.8984],"tipVelocity":[16.6577,-14.5214,19.808],"tool":false,"touchDistance":0.333333,"touchZone":"none","type":2,"width":18.6218},{"bases":[[[0.894166,-0.3537,-0.274525],[0.437091,0.556672,0.706447],[-0.0970499,-0.751673,0.652356]],[[0.897392,-0.322599,-0.301028],[0.264106,0.939248,-0.219228],[0.353463,0.11723,0.928074]],[[0.897392,-0.322599,-0.301028],[-0.329205,-0.0352631,-0.9436],[0.293789,0.945879,-0.137846]],[[0.897392,-0.322599,-0.301028],[-0.440746,-0.687489,-0.57715],[-0.0207656,0.650607,-0.759131]]],"btipPosition":[4.00266,216.785,-37.4726],"carpPosition":[21.1215,213.366,25.5834],"dipPosition":[3.62234,228.701,-51.3759],"direction":[-0.293789,-0.945879,0.137846],"extended":false,"handId":464,"id":4643,"length":63.1552,"mcpPosition":[27.0805,259.52,-