{"sensorType":"Leap","data":[[0,{"currentFrameRate":110.558,"devices":[],"gestures":[],"hands":[{"armBasis":[[0.979571,-0.0893804,-0.180142],[0.131306,0.962762,0.23632],[0.152311,-0.255146,0.954831]],"armWidth":62.4607,"confidence":0.417283,"direction":[-0.0783476,0.854621,-0.513307],"elbow":[46.4495,144.676,269.026],"grabStrength":0,"id":464,"palmNormal":[-0.256636,-0.514827,-0.81798],"palmPosition":[-6.29383,255.767,-12.3775],"palmVelocity":[9.37939,-3.31591,2.86457],"palmWidth":89.1918,"pinchStrength":0.631538,"r":[[0.98268,-0.0774892,0.16833],[0.0666818,0.99539,0.0689426],[-0.172896,-0.056524,0.983317]],"s":0.927296,"sphereCenter":[-17.078,245.913,-58.3248],"sphereRadius":45.0093,"stabilizedPalmPosition":[-7.86339,258.072,-14.0586],"t":[94.2631,6.86874,-117.342],"timeVisible":14.805,"type":"right","wrist":[6.13816,212.204,16.3169]}],"id":1671816,"interactionBox":{"center":[0,200,0],"size":[235.247,235.247,147.751]},"pointables":[{"bases":[[[0.601894,0.600019,0.526974],[-0.629933,-0.0488497,0.775112],[0.490824,-0.798493,0.348569]],[[0.464769,0.775879,0.426616],[-0.70012,0.0270648,0.713512],[0.542053,-0.6303,0.555788]],[[0.464769,0.775879,0.426616],[-0.884511,0.428812,0.183742],[-0.0403761,-0.462744,0.885572]],[[0.464769,0.775879,0.426616],[-0.876679,0.470817,0.0988154],[-0.124189,-0.419931,0.899019]]],"btipPosition":[-45.5605,261.718,-60.7819],"carpPosition":[-23.2358,205.778,16.6353],"dipPosition":[-48.4096,252.085,-40.1574],"direction":[0.0403761,0.462744,-0.885572],"extended":false,"handId":464,"id":4640,"length":51.0864,"mcpPosition":[-23.2358,205.778,16.6353],"pipPosition":[-49.759,236.619,-10.56],"stabilizedTipPosition":[-46.3818,259.679,-55.8518],"timeVisible":14.805,"tipPosition":[-46.4765,259.662,-55.7989],"tipVelocity":[20.5921,-22.0712,-13.5103],"tool":false,"touchDistance":-0.100288,"touchZone":"touching","type":0,"width":19.8498},{"bases":[[[0.936497,0.0768069,-0.342161],[0.218346,0.635791,0.740335],[0.274405,-0.768031,0.578646]],[[0.94432,0.0536946,-0.324619],[0.10935,0.8793,0.463545],[0.310327,-0.473232,0.824469]],[[0.94432,0.0536946,-0.324619],[0.0597154,0.942242,0.329567],[0.323566,-0.330601,0.886571]],[[0.94432,0.0536946,-0.324619],[0.0239968,0.972728,0.230704],[0.328154,-0.225648,0.917278]]],"btipPosition":[-57.5425,311.003,-87.9418],"carpPosition":[-11.5226,224.075,24.8765],"dipPosition":[-52.0466,307.224,-72.5793],"direction":[-0.323566,0.330601,-0.886571],"extended":true,"handId":464,"id":4641,"length":57.6453,"mcpPosition":[-31.3116,279.462,-16.8529],"pipPosition":[-44.3805,299.391,-51.5741],"stabilizedTipPosition":[-56.3841,310.301,-84.2935],"timeVisible":14.805,"tipPosition":[-56.5008,311.02,-83.8473],"tipVelocity":[19.2471,-30.9434,-15.7065],"tool":false,"touchDistance":-0.107927,"touchZone":"touching","type":1,"width":18.9605},{"bases":[[[0.913924,-0.137183,-0.382],[0.3795,0.622606,0.684354],[0.143954,-0.770417,0.621076]],[[0.919135,-0.169209,-0.355752],[0.0315061,0.931736,-0.361768],[0.392682,0.321305,0.861722]],[[0.919135,-0.169209,-0.355752],[-0.388293,-0.236728,-0.890611],[0.066483,0.956728,-0.283288]],[[0.919135,-0.169209,-0.355752],[-0.336716,-0.80619,-0.486497],[-0.204484,0.566944,-0.797973]]],"btipPosition":[-26.6196,226.892,-38.9014],"carpPosition":[-0.134879,226.496,21.6923],"dipPosition":[-30.3863,237.335,-53.6006],"direction":[-0.066483,-0.956728,0.283288],"extended":false,"handId":464,"id":4642,"length":65.6822,"mcpPosition":[-9.97976,279.184,-20.7826],"pipPosition":[-28.5331,264.003,-61.4971],"stabilizedTipPosition":[-30.8629,236.674,-51.4365],"timeVisible":14.805,"tipPosition":[-27.9161,230.574,-43.9944],"tipVelocity":[35.7416,-63.8549,101.641],"tool":false,"touchDistance":0.333333,"touchZone":"none","type":2,"width":18.6218},{"bases":[[[0.893921,-0.295602,-0.336935],[0.448221,0.586338,0.674763],[-0.00190394,-0.754206,0.656635]],[[0.893259,-0.264696,-0.363351],[0.0780894,0.887346,-0.454445],[0.442708,0.377563,0.813299]],[[0.893259,-0.264696,-0.363351],[-0.434186,-0.298541,-0.849915],[0.116494,0.916956,-0.381602]],[[0.893259,-0.264696,-0.363351],[-0.411281,-0.807502,-0.422834],[-0.181484,0.52714,-0.830173]]],"btipPosition":[-8.07569,221.241,-33.1526],"carpPosition":[11.036,226.021,17.2192],"dipPosition":[-11.3995,230.896,-48.357],"direction":[-0.116494,-0.916956,0.381602],"extended":false,"handId":464,"id":4643,"length":63.1552,"mcpPosition":[11.1529,272.331,-23.0995],"pipPosition":[-8.23619,255.795,-58.7192],"stabilizedTipPosition":[-12.6557,233.219,-48.5999],"timeVisible":14.805,"tipPosition":[-9.16109,224.615,-38.2801],"tipVelocity":[23.834,-45.2044,72.2675],"tool":false,"touchDistance":0.333333,"touchZone":"none","type":3,"width":17.7198},{"bases":[[[0.801263,-0.473696,-0.3655],[0.579861,0.464272,0.669487],[-0.147442,-0.748374,0.646682]],[[0.810561,-0.411636,-0.416591],[0.222839,0.874594,-0.430613],[0.541603,0.256205,0.80064]],[[0.810561,-0.411636,-0.416591],[-0.528683,-0.208261,-0.822874],[0.251965,0.887234,-0.386432]],[[0.810561,-0.411636,-0.416591],[-0.567807,-0.72662,-0.386805],[-0.143481,0.550072,-0.8227]]],"btipPosition":[7.75885,226.854,-33.8195],"carpPosition":[20.557,219.501,9.37866],"dipPosition":[5.33458,236.148,-47.7199],"direction":[-0.251965,-0.887234,0.386432],"extended":false,"handId":464,"id":4644,"length":49.5125,"mcpPosition":[28.9375,262.038,-27.3782],"pipPosition":[10.1653,253.158,-55.1287],"stabilizedTipPosition":[4.50803,236.502,-44.8699],"timeVisible":14.805,"tipPosition":[7.05647,230.102,-38.3054],"tipVelocity":[20.0837,-48.0365,62.043],"tool":false,"touchDistance":0.333333,"touchZone":"none","type":4,"width":15.7401}],"r":[[0.98268,-0.0774892,0.16833],[0.0666818,0.99539,0.0689426],[-0.172896,-0.056524,0.983317]],"s":0.927296,"t":[94.2631,6.86874,-117.342],"timestamp":93265247951},false],[1,{"currentFrameRate":110.682,"devices":[],"gestures":[],"hands":[{"armBasis":[[0.979476,-0.0896205,-0.180539],[0.131591,0.962807,0.235978],[0.152675,-0.254892,0.95484]],"armWidth":62.4607,"confidence":0.417833,"direction":[-0.0784174,0.854611,-0.513314],"elbow":[46.6187,144.83,269.015],"grabStrength":0,"id":464,"palmNormal":[-0.257174,-0.514814,-0.817819],"palmPosition":[-6.22581,255.855,-12.3875],"palmVelocity":[8.93057,0.278508,1.78611],"palmWidth":89.1918,"pinchStrength":0.618168,"r":[[0.982696,-0.0774983,0.168237],[0.0668458,0.995437,0.0680926],[-0.172746,-0.0556684,0.983392]],"s":0.931365,"sphereCenter":[-16.7694,245.972,-58.2971],"sphereRadius":44.982,"stabilizedPalmPosition":[-7.76375,257.937,-13.9569],"t":[94.3148,6.91251,-117.348],"timeVisible":14.8138,"type":"right","wrist":[6.21104,212.291,16.3029]}],"id":1671817,"interactionBox":{"center":[0,200,0],"size":[235.247,235.247,147.751]},"pointables":[{"bases":[[[0.602302,0.599911,0.52663],[-0.629545,-0.0486631,0.775439],[0.490822,-0.798586,0.348361]],[[0.463756,0.777219,0.425278],[-0.701711,0.0291847,0.711864],[0.540862,-0.628553,0.558918]],[[0.463756,0.777219,0.425278],[-0.884971,0.429084,0.180866],[-0.0419073,-0.460237,0.886807]],[[0.463756,0.777219,0.425278],[-0.876863,0.471278,0.0949134],[-0.126656,-0.416927,0.900072]]],"btipPosition":[-45.3229,261.574,-60.9989],"carpPosition":[-23.1642,205.871,16.6368],"dipPosition":[-48.2285,252.009,-40.3503],"direction":[0.0419073,0.460237,-0.886807],"extended":false,"handId":464,"id":4640,"length":51.0864,"mcpPosition":[-23.1642,205.871,16.6368],"pipPosition":[-49.6292,236.627,-10.7117],"stabilizedTipPosition":[-46.219,259.552,-56.0177],"timeVisible":14.8138,"tipPosition":[-46.2901,259.604,-55.9457],"tipVelocity":[21.91,-20.0534,-16.3372],"tool":false,"touchDistance":-0.103813,"touchZone":"touching","type":0,"width":19.8498},{"bases":[[[0.936338,0.0765746,-0.342647],[0.218872,0.635782,0.740187],[0.274528,-0.768061,0.578547]],[[0.9446,0.0520946,-0.324063],[0.109287,0.881067,0.460192],[0.309495,-0.470113,0.826563]],[[0.9446,0.0520946,-0.324063],[0.0594131,0.943876,0.324913],[0.322801,-0.326167,0.88849]],[[0.9446,0.0520946,-0.324063],[0.0235702,0.974009,0.22528],[0.327376,-0.220438,0.918821]]],"btipPosition":[-57.4052,310.773,-88.0998],"carpPosition":[-11.4426,224.166,24.8709],"dipPosition":[-51.9223,307.081,-72.7114],"direction":[-0.322801,0.326167,-0.88849],"extended":true,"handId":464,"id":4641,"length":57.6453,"mcpPosition":[-31.2404,279.555,-16.8514],"pipPosition":[-44.2743,299.353,-51.6607],"stabilizedTipPosition":[-56.2708,310.123,-84.4196],"timeVisible":14.8138,"tipPosition":[-56.3809,310.843,-83.9839],"tipVelocity":[18.1646,-29.0191,-16.1204],"tool":false,"touchDistance":-0.110461,"touchZone":"touching","type":1,"width":18.9605},{"bases":[[[0.913696,-0.137412,-0.382463],[0.379994,0.622558,0.684124],[0.144098,-0.770415,0.621045]],[[0.918842,-0.168926,-0.356643],[0.0249874,0.926839,-0.374626],[0.393835,0.33531,0.855839]],[[0.918842,-0.168926,-0.356643],[-0.390033,-0.251247,-0.885861],[0.0600393,0.953068,-0.296743]],[[0.918842,-0.168926,-0.356643],[-0.335002,-0.811562,-0.478686],[-0.208575,0.559313,-0.802288]]],"btipPosition":[-26.35,226.561,-38.1784],"carpPosition":[-0.055972,226.585,21.6807],"dipPosition":[-30.1921,236.864,-52.957],"direction":[-0.0600393,-0.953068,0.296743],"extended":false,"handId":464,"id":4642,"length":65.6822,"mcpPosition":[-9.91074,279.273,-20.792],"pipPosition":[-28.5186,263.43,-61.2285],"stabilizedTipPosition":[-30.7353,236.402,-51.0899],"timeVisible":14.8138,"tipPosition":[-27.668,230.201,-43.2831],"tipVelocity":[33.8163,-57.7321,95.7874],"tool":false,"touchDistance":0.333333,"touchZone":"none","type":2,"width":18.6218},{"bases":[[[0.89368,-0.295825,-0.337379],[0.448702,0.586273,0.6745],[-0.00173743,-0.754169,0.656678]],[[0.893014,-0.26497,-0.363755],[0.0770664,0.886391,-0.456477],[0.443382,0.379607,0.81198]],[[0.893014,-0.26497,-0.363755],[-0.434888,-0.300195,-0.848973],[0.115755,0.916337,-0.38331]],[[0.893014,-0.26497,-0.363755],[-0.411571,-0.807803,-0.421975],[-0.182032,0.52654,-0.830433]]],"btipPosition":[-8.00882,221.263,-33.0636],"carpPosition":[11.1125,226.107,17.202],"dipPosition":[-11.3427,230.906,-48.2728],"direction":[-0.115755,-0.916337,0.38331],"extended":false,"handId":464,"id":4643,"length":63.1552,"mcpPosition":[11.2192,272.415,-23.1194],"pipPosition":[-8.19942,255.789,-58.6814],"stabilizedTipPosition":[-12.5798,233.029,-48.3642],"timeVisible":14.8138,"tipPosition":[-9.08637,224.601,-38.1434],"tipVelocity":[19.3793,-32.4141,55.4607],"tool":false,"touchDistance":0.333333,"touchZone":"none","type":3,"width":17.7198},{"bases":[[[0.800966,-0.473899,-0.365886],[0.580312,0.464177,0.669162],[-0.147279,-0.748304,0.646799]],[[0.810316,-0.411233,-0.417464],[0.217204,0.872435,-0.437811],[0.544253,0.264091,0.79627]],[[0.810316,-0.411233,-0.417464],[-0.531548,-0.215942,-0.819039],[0.246668,0.885583,-0.393572]],[[0.810316,-0.411233,-0.417464],[-0.567194,-0.729415,-0.382421],[-0.14724,0.546664,-0.824305]]],"btipPosition":[7.89383,226.749,-33.5325],"carpPosition":[20.628,219.585,9.35687],"dipPosition":[5.40603,235.986,-47.4601],"direction":[-0.246668,-0.885583,0.393572],"extended":false,"handId":464,"id":4644,"length":49.5125,"mcpPosition":[28.9992,262.118,-27.4067],"pipPosition":[10.1352,252.964,-55.0057],"stabilizedTipPosition":[4.58025,236.306,-44.6611],"timeVisible":14.8138,"tipPosition":[7.16757,229.961,-38.0119],"tipVelocity":[18.3488,-38.6865,53.8961],"tool":false,"touchDistance":0.333333,"touchZone":"none","type":4,"width":15.7401}],"r":[[0.982696,-0.0774983,0.168237],[0.0668458,0.995437,0.0680926],[-0.172746,-0.0556684,0.983392]],"s":0.931365,"t":[94.3148,6.91251,-117.348],"timestamp":93265256767},false],[2,{"currentFrameRate":110.634,"devices":[],"gestures":[],"hands":[{"armBasis":[[0.979369,-0.0899309,-0.180967],[0.131958,0.962834,0.235664],[0.153047,-0.254682,0.954837]],"armWidth":62.4607,"confidence":0.419224,"direction":[-0.0785016,0.854502,-0.513482],"elbow":[46.7824,144.962,269.01],"grabStrength":0,"id":464,"palmNormal":[-0.257763,-0.514955,-0.817545],"palmPosition":[-6.16627,255.928,-12.3948],"palmVelocity":[8.26246,2.40248,1.06852],"palmWidth":89.1918,"pinchStrength":0.608034,"r":[[0.982723,-0.0775449,0.168054],[0.0670327,0.995475,0.0673555],[-0.172517,-0.0549266,0.983474]],"s":0.934525,"sphereCenter":[-16.5051,245.998,-58.2955],"sphereRadius":44.9711,"stabilizedPalmPosition":[-7.66192,257.809,-13.8574],"t":[94.3704,6.97055,-117.354],"timeVisible":14.8229,"type":"right","wrist":[6.2763,212.368,16.2994]}],"id":1671818,"interactionBox":{"center":[0,200,0],"size":[235.247,235.247,147.751]},"pointables":[{"bases":[[[0.602746,0.599896,0.526139],[-0.629116,-0.0483178,0.775808],[0.490826,-0.798618,0.348281]],[[0.463073,0.778329,0.423989],[-0.702771,0.0309469,0.710743],[0.540071,-0.627093,0.561318]],[[0.463073,0.778329,0.423989],[-0.885289,0.42925,0.178909],[-0.0427474,-0.458201,0.88782]],[[0.463073,0.778329,0.423989],[-0.877025,0.471487,0.092348],[-0.128028,-0.414613,0.900947]]],"btipPosition":[-45.1608,261.465,-61.1555],"carpPosition":[-23.1003,205.955,16.6515],"dipPosition":[-48.0979,251.953,-40.4869],"direction":[0.0427474,0.458201,-0.88782],"extended":false,"handId":464,"id":4640,"length":51.0864,"mcpPosition":[-23.1003,205.955,16.6515],"pipPosition":[-49.5265,236.639,-10.8143],"stabilizedTipPosition":[-46.0713,259.446,-56.1659],"timeVisible":14.8229,"tipPosition":[-46.1532,259.553,-56.0572],"tipVelocity":[20.5406,-17.429,-16.427],"tool":false,"touchDistance":-0.106346,"touchZone":"touching","type":0,"width":19.8498},{"bases":[[[0.936162,0.0762625,-0.343197],[0.219446,0.635913,0.739904],[0.274671,-0.767983,0.578582]],[[0.944796,0.0506253,-0.323724],[0.109284,0.882731,0.456993],[0.308897,-0.467143,0.828469]],[[0.944796,0.0506253,-0.323724],[0.0592451,0.945313,0.32074],[0.322258,-0.322213,0.890128]],[[0.944796,0.0506253,-0.323724],[0.0233254,0.975093,0.220565],[0.326827,-0.21594,0.920084]]],"btipPosition":[-57.2952,310.556,-88.239],"carpPosition":[-11.3696,224.249,24.8745],"dipPosition":[-51.8215,306.94,-72.8295],"direction":[-0.322258,0.322213,-0.890128],"extended":true,"handId":464,"id":4641,"length":57.6453,"mcpPosition":[-31.1777,279.632,-16.8503],"pipPosition":[-44.1864,299.305,-51.7399],"stabilizedTipPosition":[-56.1661,309.945,-84.5424],"timeVisible":14.8229,"tipPosition":[-56.2812,310.663,-84.1121],"tipVelocity":[16.4037,-27.0322,-15.7321],"tool":false,"touchDistance":-0.112699,"touchZone":"touching","type":1,"width":18.9605},{"bases":[[[0.913445,-0.137729,-0.382947],[0.380533,0.622636,0.683754],[0.144264,-0.770295,0.621154]],[[0.918509,-0.168604,-0.35765],[0.0198928,0.923088,-0.384074],[0.394898,0.345661,0.851219]],[[0.918509,-0.168604,-0.35765],[-0.391516,-0.26136,-0.882273],[0.0552791,0.950402,-0.306072]],[[0.918509,-0.168604,-0.35765],[-0.333984,-0.815004,-0.473522],[-0.211649,0.554384,-0.8049]]],"btipPosition":[-26.1506,226.308,-37.6629],"carpPosition":[0.0158033,226.664,21.6772],"dipPosition":[-30.0493,236.52,-52.4896],"direction":[-0.0552791,-0.950402,0.306072],"extended":false,"handId":464,"id":4642,"length":65.6822,"mcpPosition":[-9.8503,279.344,-20.803],"pipPosition":[-28.5084,263.012,-61.0212],"stabilizedTipPosition":[-30.6217,236.163,-50.7814],"timeVisible":14.8229,"tipPosition":[-27.4765,229.898,-42.7369],"tipVelocity":[30.0995,-50.0286,84.5361],"tool":false,"touchDistance":0.333333,"touchZone":"none","type":2,"width":18.6218},{"bases":[[[0.893416,-0.296125,-0.337812],[0.449227,0.586332,0.674099],[-0.00154754,-0.754006,0.656866]],[[0.892744,-0.265308,-0.364169],[0.0765977,0.885854,-0.457597],[0.444005,0.380623,0.811163]],[[0.892744,-0.265308,-0.364169],[-0.435467,-0.300596,-0.848535],[0.115656,0.916108,-0.383888]],[[0.892744,-0.265308,-0.364169],[-0.412093,-0.807591,-0.421873],[-0.182173,0.526696,-0.830304]]],"btipPosition":[-7.97338,221.287,-33.0358],"carpPosition":[11.1816,226.183,17.1922],"dipPosition":[-11.3098,230.934,-48.2426],"direction":[-0.115656,-0.916108,0.383888],"extended":false,"handId":464,"id":4643,"length":63.1552,"mcpPosition":[11.2766,272.48,-23.1407],"pipPosition":[-8.16925,255.81,-58.6669],"stabilizedTipPosition":[-12.5132,232.863,-48.159],"timeVisible":14.8229,"tipPosition":[-9.04046,224.605,-38.0722],"tipVelocity":[15.057,-22.6505,40.9174],"tool":false,"touchDistance":0.333333,"touchZone":"none","type":3,"width":17.7198},{"bases":[[[0.800644,-0.474184,-0.366223],[0.580804,0.464203,0.668717],[-0.147094,-0.748108,0.647069]],[[0.810026,-0.41108,-0.418176],[0.212887,0.870632,-0.443485],[0.546385,0.27021,0.792748]],[[0.810026,-0.41108,-0.418176],[-0.533849,-0.221916,-0.81594],[0.242617,0.884176,-0.399212]],[[0.810026,-0.41108,-0.418176],[-0.566832,-0.731568,-0.378826],[-0.150197,0.543895,-0.825602]]],"btipPosition":[8.00006,226.671,-33.3092],"carpPosition":[20.6911,219.656,9.34338],"dipPosition":[5.46231,235.861,-47.2587],"direction":[-0.242617,-0.884176,0.399212],"extended":false,"handId":464,"id":4644,"length":49.5125,"mcpPosition":[29.0517,262.178,-27.4355],"pipPosition":[10.1138,252.812,-54.9125],"stabilizedTipPosition":[4.64531,236.133,-44.4743],"timeVisible":14.8229,"tipPosition":[7.25624,229.843,-37.7729],"tipVelocity":[16.1362,-30.6515,45.5699],"tool":false,"touchDistance":0.333333,"touchZone":"none","type":4,"width":15.7401}],"r":[[0.982723,-0.0775449,0.168054],[0.0670327,0.995475,0.0673555],[-0.172517,-0.0549266,0.983474]],"s":0.934525,"t":[94.3704,6.97055,-117.354],"timestamp":93265265891},false],[3,{"currentFrameRate":110.657,"devices":[],"gestures":[],"hands":[{"armBasis":[[0.979281,-0.0901828,-0.181314],[0.132256,0.962856,0.235409],[0.153349,-0.254512,0.954834]],"armWidth":62.4607,"confidence":0.419559,"direction":[-0.0785702,0.854414,-0.513618],"elbow":[46.9154,145.07,269.007],"grabStrength":0,"id":464,"palmNormal":[-0.25824,-0.515069,-0.817322],"palmPosition":[-6.11793,255.986,-12.4007],"palmVelocity":[7.46954,3.53427,0.595056],"palmWidth":89.1918,"pinchStrength":0.600955,"r":[[0.982757,-0.0776142,0.167821],[0.0672275,0.995504,0.0667193],[-0.172245,-0.0542867,0.983557]],"s":0.936981,"sphereCenter":[-16.3267,246.026,-58.2938],"sphereRadius":44.9681,"stabilizedPalmPosition":[-7.564,257.693,-13.765],"t":[94.4224,7.02892,-117.36],"timeVisible":14.8319,"type":"right","wrist":[6.3293,212.43,16.2966]}],"id":1671819,"interactionBox":{"center":[0,200,0],"size":[235.247,235.247,147.751]},"pointables":[{"bases":[[[0.603106,0.599883,0.52574],[-0.628768,-0.0480375,0.776107],[0.490829,-0.798644,0.348216]],[[0.462865,0.778881,0.423202],[-0.703165,0.0319248,0.71031],[0.539736,-0.626358,0.562459]],[[0.462865,0.778881,0.423202],[-0.885369,0.429563,0.177757],[-0.0433408,-0.456967,0.888427]],[[0.462865,0.778881,0.423202],[-0.876898,0.472157,0.0901001],[-0.129641,-0.412809,0.901544]]],"btipPosition":[-45.0356,261.414,-61.2334],"carpPosition":[-23.0484,206.023,16.6635],"dipPosition":[-48.0097,251.944,-40.551],"direction":[0.0433408,0.456967,-0.888427],"extended":false,"handId":464,"id":4640,"length":51.0864,"mcpPosition":[-23.0484,206.023,16.6635],"pipPosition":[-49.4583,236.671,-10.8582],"stabilizedTipPosition":[-45.9498,259.373,-56.2733],"timeVisible":14.8319,"tipPosition":[-46.0497,259.534,-56.1186],"tipVelocity":[18.4601,-13.9001,-14.1969],"tool":false,"touchDistance":-0.107591,"touchZone":"touching","type":0,"width":19.8498},{"bases":[[[0.936019,0.0760092,-0.343644],[0.219911,0.636019,0.739675],[0.274786,-0.767921,0.578611]],[[0.944964,0.0494013,-0.323424],[0.109516,0.883749,0.454965],[0.308302,-0.465346,0.829701]],[[0.944964,0.0494013,-0.323424],[0.0593764,0.946225,0.318014],[0.321742,-0.319715,0.891215]],[[0.944964,0.0494013,-0.323424],[0.0234039,0.975796,0.217428],[0.326337,-0.213031,0.920935]]],"btipPosition":[-57.1988,310.435,-88.33],"carpPosition":[-11.3104,224.316,24.8774],"dipPosition":[-51.7333,306.867,-72.9063],"direction":[-0.321742,0.319715,-0.891215],"extended":true,"handId":464,"id":4641,"length":57.6453,"mcpPosition":[-31.1267,279.695,-16.8495],"pipPosition":[-44.1103,299.292,-51.791],"stabilizedTipPosition":[-56.0748,309.811,-84.6401],"timeVisible":14.8319,"tipPosition":[-56.1959,310.55,-84.2027],"tipVelocity":[14.7861,-22.9582,-14.0924],"tool":false,"touchDistance":-0.114162,"touchZone":"touching","type":1,"width":18.9605},{"bases":[[[0.913242,-0.137985,-0.38334],[0.38097,0.622699,0.683453],[0.144399,-0.770198,0.621243]],[[0.918244,-0.168377,-0.358438],[0.0163066,0.920419,-0.390593],[0.39568,0.352815,0.847914]],[[0.918244,-0.168377,-0.358438],[-0.392572,-0.267908,-0.879837],[0.0521155,0.948617,-0.312105]],[[0.918244,-0.168377,-0.358438],[-0.333454,-0.816996,-0.470454],[-0.213629,0.551514,-0.806347]]],"btipPosition":[-26.0138,226.131,-37.3209],"carpPosition":[0.0740871,226.728,21.6744],"dipPosition":[-29.9489,236.29,-52.1743],"direction":[-0.0521155,-0.948617,0.312105],"extended":false,"handId":464,"id":4642,"length":65.6822,"mcpPosition":[-9.80122,279.402,-20.8119],"pipPosition":[-28.4962,262.732,-60.874],"stabilizedTipPosition":[-30.5258,235.964,-50.5211],"timeVisible":14.8319,"tipPosition":[-27.3385,229.677,-42.3502],"tipVelocity":[25.7561,-42.0879,71.5802],"tool":false,"touchDistance":0.333333,"touchZone":"none","type":2,"width":18.6218},{"bases":[[[0.893202,-0.296369,-0.338164],[0.449653,0.58638,0.673774],[-0.00139316,-0.753873,0.657019]],[[0.892525,-0.265574,-0.364512],[0.0762879,0.885491,-0.458351],[0.444499,0.381282,0.810583]],[[0.892525,-0.265574,-0.364512],[-0.435894,-0.300554,-0.84833],[0.115739,0.916045,-0.384014]],[[0.892525,-0.265574,-0.364512],[-0.41259,-0.807194,-0.422146],[-0.182121,0.52717,-0.830014]]],"btipPosition":[-7.95158,221.305,-33.0295],"carpPosition":[11.2377,226.244,17.1843],"dipPosition":[-11.2871,230.96,-48.231],"direction":[-0.115739,-0.916045,0.384014],"extended":false,"handId":464,"id":4643,"length":63.1552,"mcpPosition":[11.3233,272.533,-23.158],"pipPosition":[-8.14423,255.834,-58.6587],"stabilizedTipPosition":[-12.4574,232.726,-47.9879],"timeVisible":14.8319,"tipPosition":[-9.0072,224.607,-38.0246],"tipVelocity":[11.5961,-15.8461,29.9147],"tool":false,"touchDistance":0.333333,"touchZone":"none","type":3,"width":17.7198},{"bases":[[[0.800382,-0.474415,-0.366496],[0.581203,0.464223,0.668356],[-0.146943,-0.747948,0.647288]],[[0.809786,-0.410991,-0.418727],[0.209653,0.869242,-0.447731],[0.547989,0.27478,0.790066]],[[0.809786,-0.410991,-0.418727],[-0.535581,-0.226379,-0.813576],[0.239582,0.883085,-0.403438]],[[0.809786,-0.410991,-0.418727],[-0.566581,-0.733166,-0.376103],[-0.152421,0.541806,-0.826568]]],"btipPosition":[8.08289,226.617,-33.1423],"carpPosition":[20.7423,219.714,9.33243],"dipPosition":[5.50756,235.772,-47.1081],"direction":[-0.239582,-0.883085,0.403438],"extended":false,"handId":464,"id":4644,"length":49.5125,"mcpPosition":[29.0944,262.227,-27.4589],"pipPosition":[10.1009,252.703,-54.8429],"stabilizedTipPosition":[4.70073,235.989,-44.3161],"timeVisible":14.8319,"tipPosition":[7.32683,229.754,-37.5866],"tipVelocity":[13.9708,-24.1161,38.0397],"tool":false,"touchDistance":0.333333,"touchZone":"none","type":4,"width":15.7401}],"r":[[0.982757,-0.0776142,0.167821],[0.0672275,0.995504,0.0667193],[-0.172245,-0.0542867,0.983557]],"s":0.936981,"t":[94.4224,7.02892,-117.36],"timestamp":93265274887},false],[4,{"currentFrameRate":110.673,"devices":[],"gestures":[],"hands":[{"armBasis":[[0.979169,-0.090696,-0.181666],[0.132783,0.962888,0.234977],[0.153612,-0.254205,0.954873]],"armWidth":62.4607,"confidence":0.421063,"direction":[-0.0785815,0.854321,-0.513771],"elbow":[47.0326,145.19,269.007],"grabStrength":0,"id":464,"palmNormal":[-0.259018,-0.515162,-0.817017],"palmPosition":[-6.07263,256.023,-12.4131],"palmVelocity":[6.79871,3.6924,0.0518653],"palmWidth":89.1918,"pinchStrength":0.597384,"r":[[0.982802,-0.0777412,0.167502],[0.0674731,0.995526,0.0661527],[-0.171895,-0.0537131,0.98365]],"s":0.938853,"sphereCenter":[-16.2264,246.05,-58.2812],"sphereRadius":44.9591,"stabilizedPalmPosition":[-7.46902,257.587,-13.6789],"t":[94.4711,7.07662,-117.37],"timeVisible":14.8409,"type":"right","wrist":[6.37692,212.469,16.286]}],"id":1671820,"interactionBox":{"center":[0,200,0],"size":[235.247,235.247,147.751]},"pointables":[{"bases":[[[0.603715,0.599766,0.525175],[-0.628247,-0.0475946,0.776557],[0.490748,-0.798759,0.348068]],[[0.462879,0.779392,0.422245],[-0.703295,0.0329612,0.710134],[0.539555,-0.625668,0.5634]],[[0.462879,0.779392,0.422245],[-0.885334,0.430079,0.17668],[-0.0438959,-0.455609,0.889097]],[[0.462879,0.779392,0.422245],[-0.876422,0.473747,0.0863062],[-0.132771,-0.410014,0.902364]]],"btipPosition":[-44.8911,261.322,-61.3092],"carpPosition":[-23.0031,206.074,16.675],"dipPosition":[-47.937,251.916,-40.608],"direction":[0.0438959,0.455609,-0.889097],"extended":false,"handId":464,"id":4640,"length":51.0864,"mcpPosition":[-23.0031,206.074,16.675],"pipPosition":[-49.4041,236.688,-10.8928],"stabilizedTipPosition":[-45.8363,259.305,-56.3603],"timeVisible":14.8409,"tipPosition":[-45.9419,259.483,-56.1784],"tipVelocity":[17.2922,-12.4473,-12.4756],"tool":false,"touchDistance":-0.108782,"touchZone":"touching","type":0,"width":19.8498},{"bases":[[[0.93581,0.0755464,-0.344314],[0.220684,0.636109,0.739367],[0.274878,-0.767892,0.578606]],[[0.944978,0.048241,-0.323558],[0.110164,0.884372,0.453598],[0.308028,-0.464284,0.830397]],[[0.944978,0.048241,-0.323558],[0.0600007,0.94673,0.31639],[0.321585,-0.318395,0.891744]],[[0.944978,0.048241,-0.323558],[0.0240158,0.976168,0.215682],[0.326252,-0.211585,0.921299]]],"btipPosition":[-57.1303,310.381,-88.3788],"carpPosition":[-11.2519,224.364,24.8762],"dipPosition":[-51.6662,306.837,-72.9489],"direction":[-0.321585,0.318395,-0.891744],"extended":true,"handId":464,"id":4641,"length":57.6453,"mcpPosition":[-31.0749,279.741,-16.8503],"pipPosition":[-44.047,299.294,-51.8211],"stabilizedTipPosition":[-55.9994,309.719,-84.7112],"timeVisible":14.8409,"tipPosition":[-56.1339,310.487,-84.2576],"tipVelocity":[12.8028,-18.1302,-11.6637],"tool":false,"touchDistance":-0.114951,"touchZone":"touching","type":1,"width":18.9605},{"bases":[[[0.912919,-0.138449,-0.383942],[0.381698,0.62271,0.683036],[0.144519,-0.770106,0.621329]],[[0.917852,-0.168321,-0.359465],[0.013722,0.918546,-0.395075],[0.396685,0.357688,0.8454]],[[0.917852,-0.168321,-0.359465],[-0.393753,-0.271917,-0.878077],[0.050054,0.947486,-0.315856]],[[0.917852,-0.168321,-0.359465],[-0.333568,-0.817944,-0.468722],[-0.215127,0.550123,-0.806898]]],"btipPosition":[-25.9272,225.994,-37.1029],"carpPosition":[0.131248,226.771,21.6647],"dipPosition":[-29.89,236.128,-51.9665],"direction":[-0.050054,-0.947486,0.315856],"extended":false,"handId":464,"id":4642,"length":65.6822,"mcpPosition":[-9.7523,279.438,-20.8275],"pipPosition":[-28.4948,262.538,-60.7708],"stabilizedTipPosition":[-30.4434,235.793,-50.2978],"timeVisible":14.8409,"tipPosition":[-27.2472,229.505,-42.0784],"tipVelocity":[21.1241,-34.8698,58.4894],"tool":false,"touchDistance":0.333333,"touchZone":"none","type":2,"width":18.6218},{"bases":[[[0.892847,-0.296813,-0.338714],[0.450359,0.586361,0.673318],[-0.00124122,-0.753713,0.657203]],[[0.892164,-0.266031,-0.365064],[0.0758127,0.884899,-0.459571],[0.445305,0.382336,0.809644]],[[0.892164,-0.266031,-0.365064],[-0.436631,-0.300801,-0.847863],[0.115746,0.915831,-0.384521]],[[0.892164,-0.266031,-0.365064],[-0.413329,-0.806794,-0.422188],[-0.182217,0.527552,-0.82975]]],"btipPosition":[-7.94081,221.285,-33.008],"carpPosition":[11.2916,226.281,17.167],"dipPosition":[-11.2781,230.947,-48.2047],"direction":[-0.115746,-0.915831,0.384521],"extended":false,"handId":464,"id":4643,"length":63.1552,"mcpPosition":[11.3678,272.56,-23.1866],"pipPosition":[-8.13504,255.815,-58.6462],"stabilizedTipPosition":[-12.4094,232.608,-47.8408],"timeVisible":14.8409,"tipPosition":[-8.98555,224.571,-37.9606],"tipVelocity":[8.72565,-12.0533,22.3834],"tool":false,"touchDistance":0.333333,"touchZone":"none","type":3,"width":17.7198},{"bases":[[[0.799934,-0.474829,-0.366938],[0.581856,0.46415,0.667839],[-0.146795,-0.747732,0.647571]],[[0.809355,-0.41116,-0.419395],[0.20714,0.868028,-0.451243],[0.54958,0.278343,0.78771]],[[0.809355,-0.41116,-0.419395],[-0.53727,-0.229864,-0.811482],[0.237246,0.882105,-0.406946]],[[0.809355,-0.41116,-0.419395],[-0.566682,-0.734324,-0.373685],[-0.154327,0.540107,-0.827325]]],"btipPosition":[8.14206,226.561,-33.019],"carpPosition":[20.788,219.745,9.31007],"dipPosition":[5.53453,235.686,-46.9976],"direction":[-0.237246,-0.882105,0.406946],"extended":false,"handId":464,"id":4644,"length":49.5125,"mcpPosition":[29.1317,262.246,-27.4974],"pipPosition":[10.0831,252.598,-54.7997],"stabilizedTipPosition":[4.74861,235.866,-44.18],"timeVisible":14.8409,"tipPosition":[7.37637,229.663,-37.442],"tipVelocity":[11.7107,-19.4269,31.2566],"tool":false,"touchDistance":0.333333,"touchZone":"none","type":4,"width":15.7401}],"r":[[0.982802,-0.0777412,0.167502],[0.0674731,0.995526,0.0661527],[-0.171895,-0.0537131,0.98365]],"s":0.938853,"t":[94.4711,7.07662,-117.37],"timestamp":93265283895},false],[5,{"currentFrameRate":110.64,"devices":[],"gestures":[],"hands":[{"armBasis":[[0.97905,-0.0911147,-0.182099],[0.133255,0.962904,0.234647],[0.153964,-0.253997,0.954872]],"armWidth":62.4607,"confidence":0.420098,"direction":[-0.0784749,0.854299,-0.513824],"elbow":[47.1707,145.274,269.015],"grabStrength":0,"id":464,"palmNormal":[-0.259626,-0.515142,-0.816837],"palmPosition":[-6.0233,256.054,-12.4028],"palmVelocity":[6.4179,3.61558,0.352206],"palmWidth":89.1918,"pinchStrength":0.596423,"r":[[0.982847,-0.0779211,0.167153],[0.0677585,0.995538,0.0656715],[-0.171524,-0.053219,0.983741]],"s":0.940151,"sphereCenter":[-16.115,246.061,-58.2825],"sphereRadius":44.9644,"stabilizedPalmPosition":[-7.37651,257.489,-13.5972],"t":[94.52,7.116,-117.369],"timeVisible":14.85,"type":"right","wrist":[6.42203,212.498,16.295]}],"id":1671821,"interactionBox":{"center":[0,200,0],"size":[235.247,235.247,147.751]},"pointables":[{"bases":[[[0.604217,0.599572,0.524819],[-0.627892,-0.047251,0.776865],[0.490584,-0.798925,0.347916]],[[0.463177,0.779474,0.421767],[-0.703096,0.03345,0.710308],[0.539558,-0.625541,0.563539]],[[0.463177,0.779474,0.421767],[-0.885171,0.430515,0.176437],[-0.0440485,-0.455057,0.889372]],[[0.463177,0.779474,0.421767],[-0.875932,0.475078,0.0839322],[-0.134949,-0.408314,0.902811]]],"btipPosition":[-44.7936,261.299,-61.3116],"carpPosition":[-22.9605,206.115,16.6988],"dipPosition":[-47.8894,251.932,-40.6001],"direction":[0.0440485,0.455057,-0.889372],"extended":false,"handId":464,"id":4640,"length":51.0864,"mcpPosition":[-22.9605,206.115,16.6988],"pipPosition":[-49.3616,236.723,-10.8757],"stabilizedTipPosition":[-45.7374,259.257,-56.4164],"timeVisible":14.85,"tipPosition":[-45.8617,259.477,-56.1827],"tipVelocity":[15.1234,-9.41079,-9.02078],"tool":false,"touchDistance":-0.108783,"touchZone":"touching","type":0,"width":19.8498},{"bases":[[[0.935675,0.0751212,-0.344774],[0.221305,0.636096,0.739192],[0.274838,-0.767944,0.578555]],[[0.945063,0.0471052,-0.323476],[0.110722,0.88494,0.452352],[0.307565,-0.463317,0.831109]],[[0.945063,0.0471052,-0.323476],[0.060608,0.947155,0.314999],[0.32122,-0.317299,0.892266]],[[0.945063,0.0471052,-0.323476],[0.0246645,0.976466,0.214255],[0.325956,-0.210462,0.921661]]],"btipPosition":[-57.0401,310.337,-88.4073],"carpPosition":[-11.1977,224.401,24.8924],"dipPosition":[-51.581,306.812,-72.9714],"direction":[-0.32122,0.317299,-0.892266],"extended":true,"handId":464,"id":4641,"length":57.6453,"mcpPosition":[-31.0179,279.782,-16.8304],"pipPosition":[-43.9705,299.294,-51.8312],"stabilizedTipPosition":[-55.9242,309.651,-84.7623],"timeVisible":14.85,"tipPosition":[-56.0516,310.434,-84.291],"tipVelocity":[11.9674,-14.3329,-9.25919],"tool":false,"touchDistance":-0.115404,"touchZone":"touching","type":1,"width":18.9605},{"bases":[[[0.912676,-0.138868,-0.384368],[0.382286,0.622625,0.682785],[0.144499,-0.7701,0.621342]],[[0.917558,-0.168384,-0.360186],[0.0127176,0.917862,-0.396695],[0.397399,0.35941,0.844333]],[[0.917558,-0.168384,-0.360186],[-0.394524,-0.273077,-0.877371],[0.0493765,0.947141,-0.316996]],[[0.917558,-0.168384,-0.360186],[-0.333951,-0.818027,-0.468304],[-0.215787,0.54998,-0.806819]]],"btipPosition":[-25.8749,225.956,-37.0126],"carpPosition":[0.184889,226.803,21.6752],"dipPosition":[-29.8499,236.087,-51.8747],"direction":[-0.0493765,-0.947141,0.316996],"extended":false,"handId":464,"id":4642,"length":65.6822,"mcpPosition":[-9.69731,279.47,-20.8179],"pipPosition":[-28.4735,262.488,-60.7108],"stabilizedTipPosition":[-30.3723,235.647,-50.1058],"timeVisible":14.85,"tipPosition":[-27.1865,229.437,-41.9351],"tipVelocity":[16.7802,-26.3681,45.0466],"tool":false,"touchDistance":0.333333,"touchZone":"none","type":2,"width":18.6218},{"bases":[[[0.89256,-0.29722,-0.339113],[0.450928,0.586246,0.673038],[-0.00123678,-0.753642,0.657284]],[[0.891878,-0.266472,-0.365439],[0.0760298,0.884838,-0.459653],[0.445839,0.38217,0.809428]],[[0.891878,-0.266472,-0.365439],[-0.437022,-0.29968,-0.848059],[0.116469,0.91607,-0.383732]],[[0.891878,-0.266472,-0.365439],[-0.414167,-0.805831,-0.423204],[-0.18171,0.5288,-0.829067]]],"btipPosition":[-7.94212,221.285,-33.0324],"carpPosition":[11.3428,226.308,17.1721],"dipPosition":[-11.2701,230.97,-48.2165],"direction":[-0.116469,-0.91607,0.383732],"extended":false,"handId":464,"id":4643,"length":63.1552,"mcpPosition":[11.4188,272.583,-23.1864],"pipPosition":[-8.10745,255.845,-58.6366],"stabilizedTipPosition":[-12.3671,232.504,-47.7115],"timeVisible":14.85,"tipPosition":[-8.96721,224.553,-37.9222],"tipVelocity":[6.33333,-8.53554,15.5289],"tool":false,"touchDistance":0.333333,"touchZone":"none","type":3,"width":17.7198},{"bases":[[[0.79956,-0.4752,-0.367273],[0.582371,0.463979,0.667508],[-0.146793,-0.747602,0.647722]],[[0.809003,-0.411331,-0.419907],[0.20519,0.867046,-0.454013],[0.550828,0.281137,0.785844]],[[0.809003,-0.411331,-0.419907],[-0.538594,-0.232594,-0.809825],[0.235438,0.88131,-0.409709]],[[0.809003,-0.411331,-0.419907],[-0.56679,-0.735186,-0.371821],[-0.155768,0.538803,-0.827906]]],"btipPosition":[8.20243,226.516,-32.8989],"carpPosition":[20.8328,219.767,9.31131],"dipPosition":[5.57055,235.619,-46.8873],"direction":[-0.235438,-0.88131,0.409709],"extended":false,"handId":464,"id":4644,"length":49.5125,"mcpPosition":[29.1763,262.26,-27.5047],"pipPosition":[10.0844,252.516,-54.7424],"stabilizedTipPosition":[4.79039,235.759,-44.0617],"timeVisible":14.85,"tipPosition":[7.43018,229.587,-37.2998],"tipVelocity":[10.1349,-15.5619,26.1884],"tool":false,"touchDistance":0.333333,"touchZone":"none","type":4,"width":15.7401}],"r":[[0.982847,-0.0779211,0.167153],[0.0677585,0.995538,0.0656715],[-0.171524,-0.053219,0.983741]],"s":0.940151,"t":[94.52,7.116,-117.369],"timestamp":93265292990},false],[6,{"currentFrameRate":101.329,"devices":[],"gestures":[],"hands":[{"armBasis":[[0.979497,-0.0877336,-0.18135],[0.129947,0.963034,0.235963],[0.153945,-0.254691,0.95469]],"armWidth":62.4607,"confidence":0.42689,"direction":[-0.0801638,0.854497,-0.513234],"elbow":[47.3101,145.129,269.063],"grabStrength":0,"id":464,"palmNormal":[-0.256575,-0.51523,-0.817745],"palmPosition":[-5.96038,256.079,-12.2919],"palmVelocity":[3.88655,1.94977,2.67141],"palmWidth":89.1918,"pinchStrength":0.5985,"r":[[0.98287,-0.0774921,0.167215],[0.0673537,0.995578,0.0654814],[-0.17155,-0.0530971,0.983743]],"s":0.940411,"sphereCenter":[-15.8171,246.042,-58.2748],"sphereRadius":44.9673,"stabilizedPalmPosition":[-7.18885,257.302,-13.4242],"t":[94.576,7.14817,-117.314],"timeVisible":14.877,"type":"right","wrist":[6.56649,212.536,16.391]}],"id":1671822,"interactionBox":{"center":[0,200,0],"size":[235.247,235.247,147.751]},"pointables":[{"bases":[[[0.601432,0.600965,0.526422],[-0.629144,-0.0498413,0.775689],[0.4924,-0.797719,0.348118]],[[0.459331,0.781215,0.42275],[-0.705042,0.0311539,0.708481],[0.540306,-0.623484,0.5651]],[[0.459331,0.781215,0.42275],[-0.887129,0.427523,0.173859],[-0.044914,-0.454892,0.889413]],[[0.459331,0.781215,0.42275],[-0.877292,0.47356,0.0780962],[-0.139187,-0.406747,0.902875]]],"btipPosition":[-44.5405,261.105,-61.3533],"carpPosition":[-22.797,206.063,16.7363],"dipPosition":[-47.7336,251.774,-40.6404],"direction":[0.044914,0.454892,-0.889413],"extended":false,"handId":464,"id":4640,"length":51.0864,"mcpPosition":[-22.797,206.063,16.7363],"pipPosition":[-49.2347,236.571,-10.9146],"stabilizedTipPosition":[-45.4518,259.073,-56.5232],"timeVisible":14.877,"tipPosition":[-45.6422,259.314,-56.2184],"tipVelocity":[11.0443,-7.83362,-4.38666],"tool":false,"touchDistance":-0.109473,"touchZone":"touching","type":0,"width":19.8498},{"bases":[[[0.936061,0.0782811,-0.343019],[0.218024,0.636134,0.740135],[0.276145,-0.767597,0.578393]],[[0.945773,0.0493913,-0.32105],[0.107186,0.885558,0.451994],[0.306633,-0.461896,0.832243]],[[0.945773,0.0493913,-0.32105],[0.0572446,0.947559,0.314411],[0.319743,-0.31574,0.893349]],[[0.945773,0.0493913,-0.32105],[0.0214906,0.976692,0.213566],[0.324116,-0.208884,0.922668]]],"btipPosition":[-56.9367,310.165,-88.4116],"carpPosition":[-11.1051,224.379,24.9668],"dipPosition":[-51.5084,306.667,-72.9588],"direction":[-0.319743,0.31574,-0.893349],"extended":true,"handId":464,"id":4641,"length":57.6453,"mcpPosition":[-31.0195,279.734,-16.7444],"pipPosition":[-43.9328,299.186,-51.7929],"stabilizedTipPosition":[-55.7645,309.455,-84.8266],"timeVisible":14.877,"tipPosition":[-55.9668,310.245,-84.3022],"tipVelocity":[6.76717,-9.23912,-3.53813],"tool":false,"touchDistance":-0.11541,"touchZone":"touching","type":1,"width":18.9605},{"bases":[[[0.913788,-0.135744,-0.382838],[0.379147,0.623203,0.684007],[0.145736,-0.770189,0.620943]],[[0.918688,-0.165065,-0.358839],[0.0101716,0.918077,-0.396272],[0.394853,0.360401,0.845105]],[[0.918688,-0.165065,-0.358839],[-0.392198,-0.273501,-0.878281],[0.046831,0.947603,-0.316]],[[0.918688,-0.165065,-0.358839],[-0.330637,-0.818383,-0.47003],[-0.216082,0.550457,-0.806415]]],"btipPosition":[-25.6718,225.909,-36.96],"carpPosition":[0.275897,226.818,21.7721],"dipPosition":[-29.6522,236.049,-51.8146],"direction":[-0.046831,-0.947603,0.316],"extended":false,"handId":464,"id":4642,"length":65.6822,"mcpPosition":[-9.69088,279.491,-20.6936],"pipPosition":[-28.3468,262.462,-60.623],"stabilizedTipPosition":[-30.1974,235.305,-49.6564],"timeVisible":14.877,"tipPosition":[-26.9736,229.366,-41.8327],"tipVelocity":[11.0161,-11.0949,18.4155],"tool":false,"touchDistance":0.333333,"touchZone":"none","type":2,"width":18.6218},{"bases":[[[0.894075,-0.294195,-0.337755],[0.447916,0.587043,0.674353],[-0.000114266,-0.754208,0.656635]],[[0.893357,-0.263632,-0.363884],[0.0781561,0.888625,-0.451926],[0.442499,0.375291,0.814464]],[[0.893357,-0.263632,-0.363884],[-0.432849,-0.287462,-0.854405],[0.120645,0.920795,-0.370919]],[[0.893357,-0.263632,-0.363884],[-0.413384,-0.799628,-0.435556],[-0.176145,0.539531,-0.823334]]],"btipPosition":[-7.9795,221.349,-33.5493],"carpPosition":[11.4434,226.361,17.2888],"dipPosition":[-11.2056,231.23,-48.6285],"direction":[-0.120645,-0.920795,0.370919],"extended":false,"handId":464,"id":4643,"length":63.1552,"mcpPosition":[11.4504,272.671,-23.0299],"pipPosition":[-7.92949,256.234,-58.7006],"stabilizedTipPosition":[-12.3096,232.364,-47.5431],"timeVisible":14.877,"tipPosition":[-8.86499,224.506,-38.0218],"tipVelocity":[2.0954,-0.755337,-5.35857],"tool":false,"touchDistance":0.333333,"touchZone":"none","type":3,"width":17.7198},{"bases":[[[0.801672,-0.472434,-0.366235],[0.579744,0.465184,0.668955],[-0.14567,-0.748605,0.646816]],[[0.81104,-0.408233,-0.418999],[0.200766,0.866988,-0.456097],[0.549461,0.285792,0.785121]],[[0.81104,-0.408233,-0.418999],[-0.537437,-0.237103,-0.809286],[0.231031,0.881549,-0.4117]],[[0.81104,-0.408233,-0.418999],[-0.563394,-0.737906,-0.371595],[-0.157485,0.53744,-0.828467]]],"btipPosition":[8.43423,226.519,-32.6465],"carpPosition":[20.9675,219.856,9.43956],"dipPosition":[5.77334,235.599,-46.6443],"direction":[-0.231031,-0.881549,0.4117],"extended":false,"handId":464,"id":4644,"length":49.5125,"mcpPosition":[29.2473,262.406,-27.3249],"pipPosition":[10.2027,252.501,-54.5376],"stabilizedTipPosition":[4.87592,235.557,-43.8305],"timeVisible":14.877,"tipPosition":[7.65425,229.548,-37.0135],"tipVelocity":[9.01544,-5.98984,15.7103],"tool":false,"touchDist