{"sensorType":"Leap","data":[[0,{"currentFrameRate":107.481,"devices":[],"gestures":[],"hands":[{"armBasis":[[0.862154,-0.316951,-0.395264],[0.475025,0.776989,0.413086],[0.176188,-0.543904,0.820443]],"armWidth":63.72,"confidence":0.677558,"direction":[0.0178897,0.172513,-0.984845],"elbow":[52.0419,132.626,282.353],"grabStrength":0,"id":506,"palmNormal":[-0.49744,-0.852907,-0.158438],"palmPosition":[-3.32308,288.867,7.50523],"palmVelocity":[-2.60926,-54.2698,172.664],"palmWidth":90.99,"pinchStrength":0.767767,"r":[[0.55147,0.219397,0.804826],[0.533366,-0.834558,-0.137963],[0.641406,0.50535,-0.577253]],"s":1.3794,"sphereCenter":[-46.7631,296.425,-17.7494],"sphereRadius":60.4837,"stabilizedPalmPosition":[-4.52655,291.976,-8.0718],"t":[11.1263,27.8539,-0.198902],"timeVisible":244.526,"type":"right","wrist":[4.47114,279.48,60.8335]}],"id":1824397,"interactionBox":{"center":[0,200,0],"size":[235.247,235.247,147.751]},"pointables":[{"bases":[[[0.79742,0.598251,-0.0788561],[-0.482528,0.710657,0.511989],[0.362337,-0.37022,0.855365]],[[0.755973,0.633121,-0.16632],[-0.653636,0.743892,-0.13923],[0.0355743,0.213967,0.976193]],[[0.755973,0.633121,-0.16632],[-0.613547,0.596741,-0.517165],[-0.228178,0.493008,0.83957]],[[0.755973,0.633121,-0.16632],[-0.411474,0.261994,-0.872954],[-0.509111,0.728366,0.458573]]],"btipPosition":[-7.76876,239.189,-23.5832],"carpPosition":[-25.6879,283.725,64.5039],"dipPosition":[-19.6838,256.235,-12.851],"direction":[0.228178,-0.493008,-0.83957],"extended":false,"handId":506,"id":5060,"length":52.1164,"mcpPosition":[-25.6879,283.725,64.5039],"pipPosition":[-27.4637,273.045,15.7747],"stabilizedTipPosition":[-12.4755,246.344,-40.7647],"timeVisible":244.526,"tipPosition":[-10.9657,243.31,-21.4819],"tipVelocity":[14.2665,-68.3759,197.598],"tool":false,"touchDistance":0.200369,"touchZone":"hovering","type":0,"width":20.25},{"bases":[[[0.858005,-0.456776,-0.234912],[0.472951,0.880971,0.0144236],[0.200362,-0.123477,0.97191]],[[0.869994,-0.464343,-0.165822],[0.479496,0.718425,0.503934],[-0.114867,-0.51793,0.847676]],[[0.869994,-0.464343,-0.165822],[0.489311,0.771675,0.406315],[-0.0607091,-0.43463,0.898561]],[[0.869994,-0.464343,-0.165822],[0.492975,0.812813,0.310339],[-0.00932136,-0.351739,0.936052]]],"btipPosition":[-16.9536,346.125,-89.1383],"carpPosition":[-8.77464,298.274,56.4945],"dipPosition":[-17.1129,340.115,-73.1452],"direction":[0.0607091,0.43463,-0.898561],"extended":true,"handId":506,"id":5061,"length":58.8075,"mcpPosition":[-23.5152,307.359,-15.0085],"pipPosition":[-18.5802,329.61,-51.4267],"stabilizedTipPosition":[-17.1693,347.036,-101.53],"timeVisible":244.526,"tipPosition":[-17.0174,344.751,-85.4341],"tipVelocity":[-10.4028,-68.4725,164.773],"tool":false,"touchDistance":0.160499,"touchZone":"hovering","type":1,"width":19.3428},{"bases":[[[0.783904,-0.612705,-0.100438],[0.615482,0.78814,-0.0041642],[0.0817104,-0.0585533,0.994935]],[[0.784146,-0.612878,-0.0974465],[0.0881318,0.265414,-0.960098],[0.614287,0.744269,0.262137]],[[0.784146,-0.612878,-0.0974465],[-0.605441,-0.721061,-0.336915],[0.136223,0.323189,-0.936479]],[[0.784146,-0.612878,-0.0974465],[-0.553861,-0.761991,0.33557],[-0.279917,-0.209164,-0.936962]]],"btipPosition":[-31.5595,257.234,15.2728],"carpPosition":[2.36364,294.283,53.0851],"dipPosition":[-36.8197,253.304,-2.33454],"direction":[-0.136223,-0.323189,0.936479],"extended":false,"handId":506,"id":5062,"length":67.0064,"mcpPosition":[-3.33713,298.368,-16.3295],"pipPosition":[-32.946,262.494,-28.9646],"stabilizedTipPosition":[-35.1298,256.654,-14.7227],"timeVisible":244.526,"tipPosition":[-33.0588,256.1,10.2805],"tipVelocity":[-0.399766,-44.1187,196.342],"tool":false,"touchDistance":0.333333,"touchZone":"none","type":2,"width":18.9972},{"bases":[[[0.738741,-0.672302,0.0476714],[0.672207,0.740083,0.0203891],[-0.0489884,0.0169828,0.998655]],[[0.736827,-0.671431,0.0791583],[0.275027,0.190718,-0.942331],[0.617613,0.716106,0.325188]],[[0.736827,-0.671431,0.0791583],[-0.593046,-0.698105,-0.401181],[0.324626,0.248657,-0.912572]],[[0.736827,-0.671431,0.0791583],[-0.66221,-0.693151,0.284639],[-0.136247,-0.262149,-0.955361]]],"btipPosition":[-18.5394,252.501,17.0823],"carpPosition":[12.4338,287.55,51.0373],"dipPosition":[-21.085,247.603,-0.767659],"direction":[-0.324626,-0.248657,0.912572],"extended":false,"handId":506,"id":5063,"length":64.4285,"mcpPosition":[15.5025,286.487,-11.5185],"pipPosition":[-12.0922,254.491,-26.0477],"stabilizedTipPosition":[-20.8585,252.503,-10.941],"timeVisible":244.526,"tipPosition":[-19.2488,251.137,12.2502],"tipVelocity":[-5.78198,-46.7681,188.004],"tool":false,"touchDistance":0.333333,"touchZone":"none","type":3,"width":18.077},{"bases":[[[0.606815,-0.778797,0.158906],[0.771938,0.625079,0.115704],[-0.189438,0.0524548,0.98049]],[[0.619382,-0.780535,0.0844474],[0.362096,0.188571,-0.912868],[0.6966,0.595992,0.399426]],[[0.619382,-0.780535,0.0844474],[-0.663952,-0.578176,-0.474216],[0.418967,0.237652,-0.876349]],[[0.619382,-0.780535,0.0844474],[-0.778058,-0.595909,0.198793],[-0.104842,-0.188834,-0.976396]]],"btipPosition":[-1.05317,249.408,14.3116],"carpPosition":[18.9808,274.916,51.3186],"dipPosition":[-2.8603,246.153,-2.51834],"direction":[-0.418967,-0.237652,0.876349],"extended":false,"handId":506,"id":5064,"length":50.5107,"mcpPosition":[29.9654,271.875,-5.53529],"pipPosition":[5.3342,250.801,-19.6587],"stabilizedTipPosition":[-3.04669,250.94,-12.1961],"timeVisible":244.526,"tipPosition":[-1.57883,248.581,9.95446],"tipVelocity":[-7.16381,-53.2127,179.418],"tool":false,"touchDistance":0.333333,"touchZone":"none","type":4,"width":16.0574}],"r":[[0.55147,0.219397,0.804826],[0.533366,-0.834558,-0.137963],[0.641406,0.50535,-0.577253]],"s":1.3794,"t":[11.1263,27.8539,-0.198902],"timestamp":98058999352},false],[1,{"currentFrameRate":107.633,"devices":[],"gestures":[],"hands":[{"armBasis":[[0.863368,-0.318178,-0.39161],[0.473914,0.777769,0.412893],[0.173208,-0.542068,0.82229]],"armWidth":63.72,"confidence":0.684421,"direction":[0.0137177,0.171642,-0.985064],"elbow":[51.1686,131.847,285.298],"grabStrength":0,"id":506,"palmNormal":[-0.495525,-0.854508,-0.155794],"palmPosition":[-3.61782,287.52,9.97252],"palmVelocity":[-10.8815,-80.4309,200.437],"palmWidth":90.99,"pinchStrength":0.774432,"r":[[0.552922,0.219181,0.803889],[0.532699,-0.83485,-0.138772],[0.64071,0.504961,-0.578364]],"s":1.37958,"sphereCenter":[-46.9357,294.616,-15.1286],"sphereRadius":60.2561,"stabilizedPalmPosition":[-4.52024,291.945,-7.94644],"t":[10.9117,26.8795,1.7717],"timeVisible":244.535,"type":"right","wrist":[4.40234,278.206,63.28]}],"id":1824398,"interactionBox":{"center":[0,200,0],"size":[235.247,235.247,147.751]},"pointables":[{"bases":[[[0.795364,0.600508,-0.0823797],[-0.4827,0.709721,0.513125],[0.366603,-0.368357,0.854351]],[[0.754061,0.634785,-0.168643],[-0.655742,0.742202,-0.138341],[0.0373502,0.214904,0.975921]],[[0.754061,0.634785,-0.168643],[-0.615108,0.592487,-0.520193],[-0.230292,0.495991,0.837233]],[[0.754061,0.634785,-0.168643],[-0.40917,0.253158,-0.876636],[-0.513782,0.73004,0.450632]]],"btipPosition":[-7.74326,237.642,-20.7492],"carpPosition":[-25.7551,282.366,67.0588],"dipPosition":[-19.7676,254.728,-10.2028],"direction":[0.230292,-0.495991,-0.837233],"extended":false,"handId":506,"id":5060,"length":52.1164,"mcpPosition":[-25.7551,282.366,67.0588],"pipPosition":[-27.6195,271.639,18.3432],"stabilizedTipPosition":[-12.4654,246.319,-40.6495],"timeVisible":244.535,"tipPosition":[-11.0256,241.807,-18.7441],"tipVelocity":[10.3541,-96.4757,228.397],"tool":false,"touchDistance":0.246891,"touchZone":"hovering","type":0,"width":20.25},{"bases":[[[0.858459,-0.454482,-0.237684],[0.470417,0.882365,0.0118465],[0.20434,-0.121981,0.97127]],[[0.870685,-0.461923,-0.168924],[0.479595,0.721194,0.499868],[-0.109073,-0.516242,0.849469]],[[0.870685,-0.461923,-0.168924],[0.48894,0.775649,0.399131],[-0.0533418,-0.430111,0.901199]],[[0.870685,-0.461923,-0.168924],[0.491841,0.817329,0.300109],[-0.000560386,-0.344384,0.938829]]],"btipPosition":[-17.9628,344.39,-86.8009],"carpPosition":[-8.91452,296.957,58.973],"dipPosition":[-17.9724,338.506,-70.7605],"direction":[0.0533418,0.430111,-0.901199],"extended":true,"handId":506,"id":5061,"length":58.8075,"mcpPosition":[-23.9477,305.931,-12.4829],"pipPosition":[-19.2617,328.11,-48.9781],"stabilizedTipPosition":[-17.1776,346.994,-101.337],"timeVisible":244.535,"tipPosition":[-17.9278,343.128,-83.0409],"tipVelocity":[-37.2742,-101.67,191.085],"tool":false,"touchDistance":0.199637,"touchZone":"hovering","type":1,"width":19.3428},{"bases":[[[0.785317,-0.610501,-0.102791],[0.61315,0.789934,-0.00718621],[0.0855849,-0.0573825,0.994677]],[[0.785561,-0.610664,-0.0999174],[0.0825647,0.263472,-0.961127],[0.613252,0.746774,0.257393]],[[0.785561,-0.610664,-0.0999174],[-0.604861,-0.723746,-0.332168],[0.130528,0.321374,-0.937913]],[[0.785561,-0.610664,-0.0999174],[-0.54998,-0.763049,0.339526],[-0.283578,-0.211766,-0.935275]]],"btipPosition":[-31.6902,255.845,17.9693],"carpPosition":[2.22265,292.995,55.5259],"dipPosition":[-37.0192,251.865,0.393668],"direction":[-0.130528,-0.321374,0.937913],"extended":false,"handId":506,"id":5062,"length":67.0064,"mcpPosition":[-3.74844,296.999,-13.8708],"pipPosition":[-33.3074,261.004,-26.2772],"stabilizedTipPosition":[-35.1281,256.652,-14.7002],"timeVisible":244.535,"tipPosition":[-33.2083,254.698,12.9939],"tipVelocity":[-4.7584,-74.7158,224.817],"tool":false,"touchDistance":0.333333,"touchZone":"none","type":2,"width":18.9972},{"bases":[[[0.74088,-0.670091,0.0455409],[0.670106,0.742066,0.0172],[-0.04532,0.0177741,0.998814]],[[0.739072,-0.669191,0.0771763],[0.269867,0.189163,-0.944134],[0.617207,0.71861,0.320397]],[[0.739072,-0.669191,0.0771763],[-0.593092,-0.70075,-0.396474],[0.319398,0.24725,-0.914796]],[[0.739072,-0.669191,0.0771763],[-0.658961,-0.694444,0.288994],[-0.139798,-0.264443,-0.954215]]],"btipPosition":[-18.6689,251.161,19.736],"carpPosition":[12.3048,286.29,53.4468],"dipPosition":[-21.2809,246.22,1.90749],"direction":[-0.319398,-0.24725,0.914796],"extended":false,"handId":506,"id":5063,"length":64.4285,"mcpPosition":[15.1437,285.177,-9.11897],"pipPosition":[-12.4329,253.07,-23.4342],"stabilizedTipPosition":[-20.8572,252.501,-10.9206],"timeVisible":244.535,"tipPosition":[-19.3965,249.784,14.907],"tipVelocity":[-8.60716,-75.0721,217.395],"tool":false,"touchDistance":0.333333,"touchZone":"none","type":3,"width":18.077},{"bases":[[[0.609682,-0.776868,0.157365],[0.770528,0.627444,0.112249],[-0.18594,0.0528178,0.98114]],[[0.62199,-0.778638,0.0827694],[0.357842,0.188636,-0.91453],[0.696475,0.598447,0.395959]],[[0.62199,-0.778638,0.0827694],[-0.664213,-0.580635,-0.470834],[0.414668,0.237877,-0.878331]],[[0.62199,-0.778638,0.0827694],[-0.775509,-0.597958,0.202562],[-0.10823,-0.19018,-0.975765]]],"btipPosition":[-1.20008,248.078,16.8212],"carpPosition":[18.8898,273.676,53.7154],"dipPosition":[-3.06562,244.8,0.00208825],"direction":[-0.414668,-0.237877,0.878331],"extended":false,"handId":506,"id":5064,"length":50.5107,"mcpPosition":[29.6716,270.613,-3.1762],"pipPosition":[5.04478,249.453,-17.177],"stabilizedTipPosition":[-3.04557,250.937,-12.1763],"timeVisible":244.535,"tipPosition":[-1.74091,247.245,12.4701],"tipVelocity":[-10.0845,-79.2993,206.699],"tool":false,"touchDistance":0.333333,"touchZone":"none","type":4,"width":16.0574}],"r":[[0.552922,0.219181,0.803889],[0.532699,-0.83485,-0.138772],[0.64071,0.504961,-0.578364]],"s":1.37958,"t":[10.9117,26.8795,1.7717],"timestamp":98059008368},false],[2,{"currentFrameRate":107.784,"devices":[],"gestures":[],"hands":[{"armBasis":[[0.860648,-0.302273,-0.409777],[0.469824,0.781694,0.410145],[0.196344,-0.545514,0.814778]],"armWidth":63.72,"confidence":0.69033,"direction":[0.0121595,0.18034,-0.983529],"elbow":[57.2583,128.88,286.304],"grabStrength":0,"id":506,"palmNormal":[-0.489344,-0.856697,-0.163134],"palmPosition":[-3.85914,285.89,13.092],"palmVelocity":[-15.2546,-108.061,240.547],"palmWidth":90.99,"pinchStrength":0.77498,"r":[[0.553805,0.218409,0.803491],[0.53337,-0.834064,-0.140905],[0.639388,0.506591,-0.578401]],"s":1.37966,"sphereCenter":[-47.1713,292.779,-11.9296],"sphereRadius":60.1779,"stabilizedPalmPosition":[-4.51608,291.907,-7.81416],"t":[10.6838,25.5773,4.31676],"timeVisible":244.544,"type":"right","wrist":[4.2453,276.169,66.3141]}],"id":1824399,"interactionBox":{"center":[0,200,0],"size":[235.247,235.247,147.751]},"pointables":[{"bases":[[[0.790948,0.606978,-0.0773259],[-0.48769,0.701677,0.519431],[0.369541,-0.373132,0.851007]],[[0.749179,0.641838,-0.163633],[-0.661352,0.738523,-0.131141],[0.0366753,0.206467,0.977766]],[[0.749179,0.641838,-0.163633],[-0.619576,0.591702,-0.515766],[-0.234216,0.487784,0.840957]],[[0.749179,0.641838,-0.163633],[-0.410611,0.256185,-0.875082],[-0.51974,0.722782,0.455474]]],"btipPosition":[-7.62165,236.223,-18.0038],"carpPosition":[-25.9404,280.077,70.1366],"dipPosition":[-19.7854,253.139,-7.34404],"direction":[0.234216,-0.487784,-0.840957],"extended":false,"handId":506,"id":5060,"length":52.1164,"mcpPosition":[-25.9404,280.077,70.1366],"pipPosition":[-27.7712,269.77,21.3289],"stabilizedTipPosition":[-12.4554,246.289,-40.5268],"timeVisible":244.544,"tipPosition":[-10.9193,240.351,-15.9729],"tipVelocity":[10.2413,-114.449,250.209],"tool":false,"touchDistance":0.293082,"touchZone":"hovering","type":0,"width":20.25},{"bases":[[[0.861669,-0.446127,-0.241863],[0.463989,0.885628,0.019442],[0.205527,-0.128974,0.970116]],[[0.87393,-0.454053,-0.173442],[0.474728,0.720801,0.505053],[-0.104304,-0.523719,0.845482]],[[0.87393,-0.454053,-0.173442],[0.483668,0.777097,0.402723],[-0.0480766,-0.43584,0.898739]],[[0.87393,-0.454053,-0.173442],[0.486025,0.820104,0.302009],[0.0051123,-0.348231,0.937395]]],"btipPosition":[-18.7737,343.333,-83.2593],"carpPosition":[-9.20899,294.86,62.1745],"dipPosition":[-18.6864,337.383,-67.2433],"direction":[0.0480766,0.43584,-0.898739],"extended":true,"handId":506,"id":5061,"length":58.8075,"mcpPosition":[-24.3295,304.349,-9.19652],"pipPosition":[-19.8484,326.849,-45.5205],"stabilizedTipPosition":[-17.1935,346.944,-101.118],"timeVisible":244.544,"tipPosition":[-18.6771,342.103,-79.479],"tipVelocity":[-51.0923,-106.462,246.47],"tool":false,"touchDistance":0.25857,"touchZone":"hovering","type":1,"width":19.3428},{"bases":[[[0.789705,-0.603848,-0.10832],[0.607384,0.794408,-0.000433769],[0.0863122,-0.0654493,0.994116]],[[0.789943,-0.604028,-0.105548],[0.0793212,0.271348,-0.959207],[0.608028,0.749347,0.262262]],[[0.789943,-0.604028,-0.105548],[-0.59992,-0.72572,-0.336788],[0.126831,0.329364,-0.935646]],[[0.789943,-0.604028,-0.105548],[-0.543974,-0.769767,0.333991],[-0.282988,-0.206419,-0.936648]]],"btipPosition":[-31.6621,253.97,20.8993],"carpPosition":[1.95563,291.009,58.69],"dipPosition":[-36.98,250.091,3.29784],"direction":[-0.126831,-0.329364,0.935646],"extended":false,"handId":506,"id":5062,"length":67.0064,"mcpPosition":[-4.0662,295.576,-10.6675],"pipPosition":[-33.3734,259.457,-23.3086],"stabilizedTipPosition":[-35.1263,256.65,-14.6751],"timeVisible":244.544,"tipPosition":[-33.1756,252.854,15.9257],"tipVelocity":[-2.51775,-110.68,252.267],"tool":false,"touchDistance":0.333333,"touchZone":"none","type":2,"width":18.9972},{"bases":[[[0.74575,-0.665054,0.039496],[0.664695,0.746745,0.0235188],[-0.0451347,0.00871361,0.998943]],[[0.743944,-0.664443,0.07116],[0.267811,0.198892,-0.942719],[0.61223,0.720387,0.32591]],[[0.743944,-0.664443,0.07116],[-0.58831,-0.701735,-0.40182],[0.316922,0.257068,-0.912949]],[[0.743944,-0.664443,0.07116],[-0.653744,-0.701602,0.283501],[-0.138444,-0.257429,-0.956328]]],"btipPosition":[-18.634,249.352,22.5731],"carpPosition":[12.0857,284.396,56.5499],"dipPosition":[-21.2207,244.543,4.7051],"direction":[-0.316922,-0.257068,0.912949],"extended":false,"handId":506,"id":5063,"length":64.4285,"mcpPosition":[14.9129,283.851,-6.0239],"pipPosition":[-12.4413,251.664,-20.5854],"stabilizedTipPosition":[-20.856,252.498,-10.8976],"timeVisible":244.544,"tipPosition":[-19.3534,248.013,17.7409],"tipVelocity":[-4.99952,-108.711,243.954],"tool":false,"touchDistance":0.333333,"touchZone":"none","type":3,"width":18.077},{"bases":[[[0.615367,-0.773756,0.150415],[0.765978,0.63203,0.117537],[-0.186012,0.0428861,0.981611]],[[0.627687,-0.774782,0.0756482],[0.355728,0.199034,-0.91315],[0.692436,0.600082,0.400542]],[[0.627687,-0.774782,0.0756482],[-0.660393,-0.581415,-0.475225],[0.412179,0.248335,-0.876606]],[[0.627687,-0.774782,0.0756482],[-0.770999,-0.605297,0.197928],[-0.107562,-0.182562,-0.977293]]],"btipPosition":[-1.14342,246.413,19.6156],"carpPosition":[18.7623,271.828,56.7066],"dipPosition":[-2.99744,243.266,2.7702],"direction":[-0.412179,-0.248335,0.876606],"extended":false,"handId":506,"id":5064,"length":50.5107,"mcpPosition":[29.5482,269.342,-0.212303],"pipPosition":[5.06428,248.123,-14.3752],"stabilizedTipPosition":[-3.04437,250.933,-12.1536],"timeVisible":244.544,"tipPosition":[-1.68156,245.614,15.2599],"tipVelocity":[-5.50509,-107.398,234.987],"tool":false,"touchDistance":0.333333,"touchZone":"none","type":4,"width":16.0574}],"r":[[0.553805,0.218409,0.803491],[0.53337,-0.834064,-0.140905],[0.639388,0.506591,-0.578401]],"s":1.37966,"t":[10.6838,25.5773,4.31676],"timestamp":98059017372},false],[3,{"currentFrameRate":107.927,"devices":[],"gestures":[],"hands":[{"armBasis":[[0.861664,-0.295202,-0.412784],[0.466187,0.781833,0.414013],[0.20051,-0.549175,0.811297]],"armWidth":63.72,"confidence":0.696465,"direction":[0.0107675,0.175314,-0.984454],"elbow":[58.2975,127.063,287.046],"grabStrength":0,"id":506,"palmNormal":[-0.486505,-0.859211,-0.158332],"palmPosition":[-4.01986,284.759,14.7311],"palmVelocity":[-15.967,-112.876,224.47],"palmWidth":90.99,"pinchStrength":0.774165,"r":[[0.554487,0.219002,0.802859],[0.534458,-0.833209,-0.141837],[0.637886,0.507741,-0.579051]],"s":1.37964,"sphereCenter":[-47.3779,291.306,-10.2885],"sphereRadius":60.1504,"stabilizedPalmPosition":[-4.51307,291.863,-7.67744],"t":[10.4895,24.3608,6.40884],"timeVisible":244.553,"type":"right","wrist":[4.15971,275.34,67.996]}],"id":1824400,"interactionBox":{"center":[0,200,0],"size":[235.247,235.247,147.751]},"pointables":[{"bases":[[[0.788783,0.6093,-0.0810808],[-0.489707,0.702654,0.516202],[0.371494,-0.367465,0.85262]],[[0.746752,0.643621,-0.167672],[-0.664075,0.735528,-0.134179],[0.0369671,0.211545,0.976669]],[[0.746752,0.643621,-0.167672],[-0.622006,0.586536,-0.518733],[-0.235522,0.491658,0.838333]],[[0.746752,0.643621,-0.167672],[-0.412097,0.249865,-0.87621],[-0.522052,0.723409,0.451821]]],"btipPosition":[-7.63352,234.91,-16.0881],"carpPosition":[-26.0364,279.163,71.8225],"dipPosition":[-19.8514,251.84,-5.51389],"direction":[0.235522,-0.491658,-0.838333],"extended":false,"handId":506,"id":5060,"length":52.1164,"mcpPosition":[-26.0364,279.163,71.8225],"pipPosition":[-27.8817,268.603,23.0696],"stabilizedTipPosition":[-12.4454,246.251,-40.3928],"timeVisible":244.553,"tipPosition":[-10.9347,239.036,-14.0753],"tipVelocity":[6.68621,-122.978,239.313],"tool":false,"touchDistance":0.324682,"touchZone":"hovering","type":0,"width":20.25},{"bases":[[[0.863017,-0.444388,-0.240252],[0.460939,0.887313,0.0145127],[0.206729,-0.123266,0.970602]],[[0.875294,-0.451878,-0.17224],[0.472925,0.725462,0.500047],[-0.101006,-0.519145,0.848697]],[[0.875294,-0.451878,-0.17224],[0.481595,0.78219,0.395278],[-0.0438925,-0.428935,0.902268]],[[0.875294,-0.451878,-0.17224],[0.483486,0.825138,0.292213],[0.0100777,-0.339048,0.940715]]],"btipPosition":[-19.3432,341.496,-81.9787],"carpPosition":[-9.36236,293.963,63.771],"dipPosition":[-19.171,335.703,-65.906],"direction":[0.0438925,0.428935,-0.902268],"extended":true,"handId":506,"id":5061,"length":58.8075,"mcpPosition":[-24.5714,303.032,-7.63576],"pipPosition":[-20.2319,325.335,-44.0978],"stabilizedTipPosition":[-17.2178,346.865,-100.855],"timeVisible":244.553,"tipPosition":[-19.1868,340.346,-78.1645],"tipVelocity":[-53.8342,-132.158,218.226],"tool":false,"touchDistance":0.280131,"touchZone":"hovering","type":1,"width":19.3428},{"bases":[[[0.791704,-0.601666,-0.105841],[0.604633,0.796489,-0.0050078],[0.0873144,-0.0600304,0.99437]],[[0.791943,-0.60183,-0.103084],[0.0775911,0.266648,-0.960666],[0.605645,0.752794,0.257866]],[[0.791943,-0.60183,-0.103084],[-0.597676,-0.729517,-0.332548],[0.124936,0.324969,-0.937436]],[[0.791943,-0.60183,-0.103084],[-0.541047,-0.769917,0.338373],[-0.283009,-0.212199,-0.935349]]],"btipPosition":[-31.7057,252.783,22.7274],"carpPosition":[1.81278,290.133,60.2975],"dipPosition":[-37.024,248.795,5.15033],"direction":[-0.124936,-0.324969,0.937436],"extended":false,"handId":506,"id":5062,"length":67.0064,"mcpPosition":[-4.27897,294.321,-9.07771],"pipPosition":[-33.4713,258.036,-21.507],"stabilizedTipPosition":[-35.1244,256.645,-14.6458],"timeVisible":244.553,"tipPosition":[-33.2169,251.638,17.7679],"tipVelocity":[-3.15921,-117.242,238.906],"tool":false,"touchDistance":0.333333,"touchZone":"none","type":2,"width":18.9972},{"bases":[[[0.748076,-0.662262,0.0423228],[0.662127,0.749147,0.019144],[-0.0443843,0.0137019,0.998921]],[[0.746293,-0.661494,0.0739701],[0.266342,0.194929,-0.943962],[0.610007,0.724174,0.321658]],[[0.746293,-0.661494,0.0739701],[-0.586217,-0.705835,-0.397677],[0.315272,0.253421,-0.914539]],[[0.746293,-0.661494,0.0739701],[-0.651083,-0.702378,0.287674],[-0.13834,-0.26285,-0.954868]]],"btipPosition":[-18.6596,248.221,24.4147],"carpPosition":[11.964,283.544,58.1834],"dipPosition":[-21.2443,243.31,6.57397],"direction":[-0.315272,-0.253421,0.914539],"extended":false,"handId":506,"id":5063,"length":64.4285,"mcpPosition":[14.7442,282.686,-4.38903],"pipPosition":[-12.5107,250.33,-18.7606],"stabilizedTipPosition":[-20.8546,252.493,-10.871],"timeVisible":244.553,"tipPosition":[-19.3776,246.856,19.5951],"tipVelocity":[-4.39397,-114.072,233.309],"tool":false,"touchDistance":0.333333,"touchZone":"none","type":3,"width":18.077},{"bases":[[[0.618157,-0.770841,0.153904],[0.763879,0.635269,0.11367],[-0.185392,0.0472978,0.981526]],[[0.630449,-0.772207,0.0789317],[0.353459,0.195057,-0.914888],[0.691086,0.604689,0.395917]],[[0.630449,-0.772207,0.0789317],[-0.659282,-0.586364,-0.470663],[0.409732,0.244691,-0.878775]],[[0.630449,-0.772207,0.0789317],[-0.768618,-0.606824,0.202464],[-0.108446,-0.188312,-0.976104]]],"btipPosition":[-1.14671,245.337,21.4989],"carpPosition":[18.6842,271,58.3994],"dipPosition":[-3.01598,242.091,4.67396],"direction":[-0.409732,-0.244691,0.878775],"extended":false,"handId":506,"id":5064,"length":50.5107,"mcpPosition":[29.4342,268.258,1.48547],"pipPosition":[4.99789,246.877,-12.5138],"stabilizedTipPosition":[-3.0431,250.927,-12.1277],"timeVisible":244.553,"tipPosition":[-1.68976,244.511,17.1461],"tipVelocity":[-4.19998,-111.423,228.029],"tool":false,"touchDistance":0.333333,"touchZone":"none","type":4,"width":16.0574}],"r":[[0.554487,0.219002,0.802859],[0.534458,-0.833209,-0.141837],[0.637886,0.507741,-0.579051]],"s":1.37964,"t":[10.4895,24.3608,6.40884],"timestamp":98059026377},false],[4,{"currentFrameRate":108.061,"devices":[],"gestures":[],"hands":[{"armBasis":[[0.864038,-0.292145,-0.409988],[0.462766,0.781553,0.418356],[0.198207,-0.551204,0.810486]],"armWidth":63.72,"confidence":0.70455,"direction":[0.0106096,0.174509,-0.984598],"elbow":[57.4882,125.785,287.932],"grabStrength":0,"id":506,"palmNormal":[-0.483685,-0.8609,-0.157797],"palmPosition":[-4.2155,283.957,15.8247],"palmVelocity":[-17.5456,-106.318,196.121],"palmWidth":90.99,"pinchStrength":0.772786,"r":[[0.554825,0.219971,0.80236],[0.535872,-0.832204,-0.142398],[0.636404,0.508969,-0.579604]],"s":1.3796,"sphereCenter":[-47.6034,290.326,-9.2159],"sphereRadius":60.1513,"stabilizedPalmPosition":[-4.51126,291.815,-7.53417],"t":[10.2945,23.3514,8.00166],"timeVisible":244.562,"type":"right","wrist":[3.97236,274.61,69.1009]}],"id":1824401,"interactionBox":{"center":[0,200,0],"size":[235.247,235.247,147.751]},"pointables":[{"bases":[[[0.78686,0.611755,-0.0812791],[-0.492168,0.70152,0.515403],[0.372319,-0.365547,0.853085]],[[0.744753,0.645868,-0.16792],[-0.666372,0.733292,-0.135019],[0.0359296,0.212453,0.97651]],[[0.744753,0.645868,-0.16792],[-0.623681,0.584115,-0.519453],[-0.237414,0.491593,0.837837]],[[0.744753,0.645868,-0.16792],[-0.412994,0.248421,-0.876198],[-0.524194,0.721901,0.451752]]],"btipPosition":[-7.6681,234.078,-14.9724],"carpPosition":[-26.2374,278.339,72.9119],"dipPosition":[-19.9361,250.973,-4.39976],"direction":[0.237414,-0.491593,-0.837837],"extended":false,"handId":506,"id":5060,"length":52.1164,"mcpPosition":[-26.2374,278.339,72.9119],"pipPosition":[-28.0309,267.734,24.1668],"stabilizedTipPosition":[-12.4351,246.208,-40.2461],"timeVisible":244.562,"tipPosition":[-10.9684,238.187,-12.9465],"tipVelocity":[3.44182,-114.796,207.55],"tool":false,"touchDistance":0.342278,"touchZone":"hovering","type":0,"width":20.25},{"bases":[[[0.864535,-0.441824,-0.239521],[0.458087,0.888798,0.0139436],[0.206725,-0.121776,0.970791]],[[0.87678,-0.4492,-0.171686],[0.470519,0.727583,0.499234],[-0.09934,-0.5185,0.849287]],[[0.87678,-0.4492,-0.171686],[0.479067,0.784823,0.393125],[-0.0418484,-0.426934,0.903314]],[[0.87678,-0.4492,-0.171686],[0.48073,0.827971,0.288726],[0.0124554,-0.335684,0.941892]]],"btipPosition":[-19.7497,340.475,-80.9798],"carpPosition":[-9.60758,293.186,64.8546],"dipPosition":[-19.5369,334.74,-64.887],"direction":[0.0418484,0.426933,-0.903314],"extended":true,"handId":506,"id":5061,"length":58.8075,"mcpPosition":[-24.8163,302.145,-6.56616],"pipPosition":[-20.5484,324.421,-43.0536],"stabilizedTipPosition":[-17.2519,346.76,-100.531],"timeVisible":244.562,"tipPosition":[-19.5667,339.359,-77.1521],"tipVelocity":[-51.1506,-126.562,188.846],"tool":false,"touchDistance":0.296855,"touchZone":"hovering","type":1,"width":19.3428},{"bases":[[[0.793671,-0.599216,-0.105005],[0.60208,0.798418,-0.00544084],[0.0870984,-0.0589034,0.994457]],[[0.793909,-0.599377,-0.102258],[0.0771019,0.266057,-0.960869],[0.603129,0.754958,0.257438]],[[0.793909,-0.599377,-0.102258],[-0.595204,-0.731714,-0.332154],[0.124262,0.324564,-0.937666]],[[0.793909,-0.599377,-0.102258],[-0.538716,-0.771362,0.338802],[-0.281947,-0.21389,-0.935284]]],"btipPosition":[-31.8017,251.899,23.8387],"carpPosition":[1.58119,289.388,61.3889],"dipPosition":[-37.1001,247.879,6.26283],"direction":[-0.124262,-0.324564,0.937666],"extended":false,"handId":506,"id":5062,"length":67.0064,"mcpPosition":[-4.49549,293.498,-7.99241],"pipPosition":[-33.5665,257.109,-20.401],"stabilizedTipPosition":[-35.1222,256.64,-14.611],"timeVisible":244.562,"tipPosition":[-33.3056,250.747,18.8844],"tipVelocity":[-5.07965,-112.212,207.139],"tool":false,"touchDistance":0.333333,"touchZone":"none","type":2,"width":18.9972},{"bases":[[[0.750177,-0.659825,0.0431925],[0.659715,0.751281,0.0187748],[-0.0448378,0.0144103,0.99889]],[[0.748378,-0.659036,0.0748404],[0.266079,0.194945,-0.944033],[0.607562,0.726407,0.321248]],[[0.748378,-0.659036,0.0748404],[-0.583807,-0.708064,-0.39726],[0.3148,0.253608,-0.914649]],[[0.748378,-0.659036,0.0748404],[-0.64894,-0.704202,0.288055],[-0.137136,-0.264141,-0.954685]]],"btipPosition":[-18.7411,247.382,25.5356],"carpPosition":[11.7543,282.83,59.2844],"dipPosition":[-21.3033,242.447,7.69832],"direction":[-0.3148,-0.253608,0.914649],"extended":false,"handId":506,"id":5063,"length":64.4285,"mcpPosition":[14.5629,281.928,-3.28605],"pipPosition":[-12.5827,249.472,-17.6393],"stabilizedTipPosition":[-20.8531,252.487,-10.8398],"timeVisible":244.562,"tipPosition":[-19.4523,246.011,20.7214],"tipVelocity":[-5.51335,-108.482,203.39],"tool":false,"touchDistance":0.333333,"touchZone":"none","type":3,"width":18.077},{"bases":[[[0.62056,-0.768725,0.154813],[0.761793,0.637811,0.11344],[-0.185945,0.0475394,0.981409]],[[0.632926,-0.770112,0.0795748],[0.352386,0.195035,-0.915306],[0.689369,0.607362,0.394819]],[[0.632926,-0.770112,0.0795748],[-0.657696,-0.589051,-0.469527],[0.408462,0.24484,-0.879325]],[[0.632926,-0.770112,0.0795748],[-0.766621,-0.609043,0.203369],[-0.108153,-0.189722,-0.975863]]],"btipPosition":[-1.2037,244.557,22.6655],"carpPosition":[18.5146,270.308,59.514],"dipPosition":[-3.06791,241.287,5.84479],"direction":[-0.408462,-0.24484,0.879325],"extended":false,"handId":506,"id":5064,"length":50.5107,"mcpPosition":[29.2966,267.552,2.60674],"pipPosition":[4.92112,246.076,-11.3537],"stabilizedTipPosition":[-3.04174,250.921,-12.098],"timeVisible":244.562,"tipPosition":[-1.74638,243.725,18.3128],"tipVelocity":[-4.7485,-104.736,200.962],"tool":false,"touchDistance":0.333333,"touchZone":"none","type":4,"width":16.0574}],"r":[[0.554825,0.219971,0.80236],[0.535872,-0.832204,-0.142398],[0.636404,0.508969,-0.579604]],"s":1.3796,"t":[10.2945,23.3514,8.00166],"timestamp":98059035389},false],[5,{"currentFrameRate":108.186,"devices":[],"gestures":[],"hands":[{"armBasis":[[0.865722,-0.286919,-0.410126],[0.458462,0.783352,0.419729],[0.200845,-0.551396,0.809706]],"armWidth":63.72,"confidence":0.709249,"direction":[0.0106402,0.170884,-0.985234],"elbow":[58.0045,124.968,288.869],"grabStrength":0,"id":506,"palmNormal":[-0.479858,-0.863553,-0.154961],"palmPosition":[-4.40935,282.958,16.9319],"palmVelocity":[-18.6319,-107.544,175.947],"palmWidth":90.99,"pinchStrength":0.77117,"r":[[0.554778,0.221821,0.801883],[0.537739,-0.831043,-0.142144],[0.634869,0.510062,-0.580326]],"s":1.37951,"sphereCenter":[-47.8292,289.008,-8.16479],"sphereRadius":60.1458,"stabilizedPalmPosition":[-4.51059,291.757,-7.37404],"t":[10.1001,22.3472,9.35165],"timeVisible":244.571,"type":"right","wrist":[3.77637,273.845,70.2489]}],"id":1824402,"interactionBox":{"center":[0,200,0],"size":[235.247,235.247,147.751]},"pointables":[{"bases":[[[0.78429,0.614824,-0.0829487],[-0.495584,0.701314,0.512401],[0.37321,-0.360763,0.854731]],[[0.742173,0.648388,-0.169623],[-0.669342,0.729946,-0.138418],[0.0340666,0.216266,0.97574]],[[0.742173,0.648388,-0.169623],[-0.625696,0.579625,-0.522053],[-0.240175,0.493586,0.835876]],[[0.742173,0.648388,-0.169623],[-0.414215,0.244793,-0.876643],[-0.526883,0.720881,0.450251]]],"btipPosition":[-7.63277,232.963,-13.7213],"carpPosition":[-26.4521,277.458,74.0225],"dipPosition":[-19.9637,249.834,-3.18383],"direction":[0.240175,-0.493586,-0.835876],"extended":false,"handId":506,"id":5060,"length":52.1164,"mcpPosition":[-26.4521,277.458,74.0225],"pipPosition":[-28.1526,266.663,25.3159],"stabilizedTipPosition":[-12.4234,246.152,-40.0743],"timeVisible":244.571,"tipPosition":[-10.9339,237.054,-11.6819],"tipVelocity":[3.13143,-117.405,188.375],"tool":false,"touchDistance":0.360028,"touchZone":"hovering","type":0,"width":20.25},{"bases":[[[0.866614,-0.438995,-0.237201],[0.454255,0.890804,0.0109851],[0.206477,-0.11727,0.971399]],[[0.878831,-0.446061,-0.169366],[0.467105,0.731943,0.496057],[-0.0973059,-0.515062,0.851612]],[[0.878831,-0.446061,-0.169366],[0.475515,0.789609,0.387819],[-0.0392583,-0.421363,0.906042]],[[0.878831,-0.446061,-0.169366],[0.476879,0.832723,0.281351],[0.0155348,-0.328027,0.944541]]],"btipPosition":[-20.2063,338.891,-80.1674],"carpPosition":[-9.87984,292.346,65.9228],"dipPosition":[-19.9409,333.286,-64.0293],"direction":[0.0392583,0.421363,-0.906042],"extended":true,"handId":506,"id":5061,"length":58.8075,"mcpPosition":[-25.0703,300.973,-5.54264],"pipPosition":[-20.8898,323.102,-42.1299],"stabilizedTipPosition":[-17.3052,346.591,-100.088],"timeVisible":244.571,"tipPosition":[-19.9875,337.845,-76.3109],"tipVelocity":[-50.6392,-139.158,162.002],"tool":false,"touchDistance":0.31057,"touchZone":"hovering","type":1,"width":19.3428},{"bases":[[[0.79632,-0.596187,-0.102154],[0.59865,0.800971,-0.00795041],[0.0865627,-0.0548236,0.994737]],[[0.796555,-0.596336,-0.0994157],[0.0766922,0.262784,-0.961802],[0.599682,0.758504,0.255057]],[[0.796555,-0.596336,-0.0994157],[-0.591798,-0.7355,-0.329872],[0.123594,0.321595,-0.938776]],[[0.796555,-0.596336,-0.0994157],[-0.535666,-0.772406,0.34125],[-0.280289,-0.218571,-0.934701]]],"btipPosition":[-31.8637,250.811,25.0456],"carpPosition":[1.32788,288.584,62.4799],"dipPosition":[-37.1309,246.704,7.48073],"direction":[-0.123594,-0.321595,0.938776],"extended":false,"handId":506,"id":5062,"length":67.0064,"mcpPosition":[-4.71143,292.409,-6.92086],"pipPosition":[-33.6163,255.849,-19.2147],"stabilizedTipPosition":[-35.1197,256.631,-14.5664],"timeVisible":244.571,"tipPosition":[-33.3571,249.636,20.0993],"tipVelocity":[-5.35392,-115.136,187.054],"tool":false,"touchDistance":0.333333,"touchZone":"none","type":2,"width":18.9972},{"bases":[[[0.752969,-0.65643,0.0462347],[0.656468,0.754174,0.0164855],[-0.0456906,0.0179385,0.998795]],[[0.751142,-0.655531,0.0778787],[0.265865,0.192419,-0.944611],[0.604237,0.730242,0.318817]],[[0.751142,-0.655531,0.0778787],[-0.580515,-0.712096,-0.394868],[0.314305,0.251392,-0.915431]],[[0.751142,-0.655531,0.0778787],[-0.646118,-0.705866,0.290318],[-0.135341,-0.268389,-0.953756]]],"btipPosition":[-18.7825,246.362,26.778],"carpPosition":[11.5307,282.062,60.4079],"dipPosition":[-21.3112,241.347,8.95807],"direction":[-0.314305,-0.251392,0.915431],"extended":false,"handId":506,"id":5063,"length":64.4285,"mcpPosition":[14.3928,280.938,-2.15661],"pipPosition":[-12.6043,248.311,-16.4012],"stabilizedTipPosition":[-20.8514,252.479,-10.8008],"timeVisible":244.571,"tipPosition":[-19.4836,244.972,21.9752],"tipVelocity":[-5.02463,-110.312,185.462],"tool":false,"touchDistance":0.333333,"touchZone":"none","type":3,"width":18.077},{"bases":[[[0.623733,-0.765469,0.15816],[0.758957,0.641496,0.111652],[-0.186925,0.0503956,0.981081]],[[0.636198,-0.767082,0.0826906],[0.351528,0.192792,-0.916111],[0.68679,0.611896,0.392304]],[[0.636198,-0.767082,0.0826906],[-0.655229,-0.593775,-0.467019],[0.407341,0.242935,-0.880373]],[[0.636198,-0.767082,0.0826906],[-0.764041,-0.611504,0.205678],[-0.107206,-0.194031,-0.97512]]],"btipPosition":[-1.22014,243.604,23.9566],"carpPosition":[18.3445,269.57,60.6893],"dipPosition":[-3.06804,240.26,7.14865],"direction":[-0.407341,-0.242935,0.880373],"extended":false,"handId":506,"id":5064,"length":50.5107,"mcpPosition":[29.1834,266.648,3.80118],"pipPosition":[4.89906,245.012,-10.0704],"stabilizedTipPosition":[-3.0402,250.912,-12.0624],"timeVisible":244.571,"tipPosition":[-1.75931,242.753,19.6068],"tipVelocity":[-3.82941,-105.508,185.154],"tool":false,"touchDistance":0.333333,"touchZone":"none","type":4,"width":16.0574}],"r":[[0.554778,0.221821,0.801883],[0.537739,-0.831043,-0.142144],[0.634869,0.510062,-0.580326]],"s":1.37951,"t":[10.1001,22.3472,9.35165],"timestamp":98059044407},false],[6,{"currentFrameRate":108.245,"devices":[],"gestures":[],"hands":[{"armBasis":[[0.866336,-0.286424,-0.409173],[0.457852,0.782783,0.421451],[0.19958,-0.55246,0.809294]],"armWidth":63.72,"confidence":0.718648,"direction":[0.008498,0.168716,-0.985628],"elbow":[57.4775,123.36,290.616],"grabStrength":0,"id":506,"palmNormal":[-0.479321,-0.864361,-0.152091],"palmPosition":[-4.71061,281.512,18.7861],"palmVelocity":[-22.6233,-121.662,183.481],"palmWidth":90.99,"pinchStrength":0.767,"r":[[0.555015,0.223763,0.80118],[0.539336,-0.830068,-0.141791],[0.633306,0.510801,-0.581383]],"s":1.37939,"sphereCenter":[-48.2982,287.503,-6.23248],"sphereRadius":60.2086,"stabilizedPalmPosition":[-4.51208,291.681,-7.18],"t":[9.85225,21.1222,10.9538],"timeVisible":244.58,"type":"right","wrist":[3.59087,272.525,72.1066]}],"id":1824403,"interactionBox":{"center":[0,200,0],"size":[235.247,235.247,147.751]},"pointables":[{"bases":[[[0.783519,0.615404,-0.0858797],[-0.495243,0.701961,0.511844],[0.375275,-0.358509,0.854775]],[[0.741188,0.64874,-0.172556],[-0.670335,0.729016,-0.138519],[0.0359336,0.218339,0.975211]],[[0.741188,0.64874,-0.172556],[-0.627712,0.578664,-0.520698],[-0.237946,0.494251,0.836121]],[[0.741188,0.64874,-0.172556],[-0.419897,0.24748,-0.873178],[-0.523762,0.719645,0.455833]]],"btipPosition":[-8.05642,231.524,-11.9236],"carpPosition":[-26.6335,276.117,75.9328],"dipPosition":[-20.3143,248.366,-1.25542],"direction":[0.237946,-0.494251,-0.836121],"extended":false,"handId":506,"id":5060,"length":52.1164,"mcpPosition":[-26.6335,276.117,75.9328],"pipPosition":[-28.4272,265.218,27.2526],"stabilizedTipPosition":[-12.4126,246.077,-39.8602],"timeVisible":244.58,"tipPosition":[-11.2796,235.571,-9.77631],"tipVelocity":[-10.1242,-128.757,191.649],"tool":false,"touchDistance":0.384776,"touchZone":"hovering","type":0,"width":20.25},{"bases":[[[0.866567,-0.438672,-0.237969],[0.453403,0.891269,0.00810648],[0.208538,-0.114921,0.971239]],[[0.878939,-0.445583,-0.170066],[0.467431,0.733969,0.492745],[-0.0947357,-0.512586,0.853393]],[[0.878939,-0.445583,-0.170066],[0.475586,0.792036,0.38275],[-0.0358488,-0.417295,0.908064]],[[0.878939,-0.445583,-0.170066],[0.476528,0.83518,0.27458],[0.0196872,-0.322381,0.946405]]],"btipPosition":[-20.834,337.074,-78.4686],"carpPosition":[-10.0921,291.003,67.767],"dipPosition":[-20.4976,331.566,-62.2987],"direction":[0.0358488,0.417295,-0.908064],"extended":true,"handId":506,"id":5061,"length":58.8075,"mcpPosition":[-25.4342,299.458,-3.68663],"pipPosition":[-21.3641,321.479,-40.3505],"stabilizedTipPosition":[-17.3902,346.325,-99.4633],"timeVisible":244.58,"tipPosition":[-20.5819,336.084,-74.5905],"tipVelocity":[-55.1732,-155.107,168.902],"tool":false,"touchDistance":0.338437,"touchZone":"hovering","type":1,"width":19.3428},{"bases":[[[0.796698,-0.595634,-0.102435],[0.597847,0.801536,-0.0109203],[0.0886099,-0.0525403,0.99468]],[[0.796938,-0.595776,-0.0997063],[0.0744793,0.260713,-0.962539],[0.599452,0.759658,0.252145]],[[0.796938,-0.595776,-0.0997063],[-0.591741,-0.736807,-0.327045],[0.121381,0.319635,-0.939734]],[[0.796938,-0.595776,-0.0997063],[-0.534223,-0.772175,0.344022],[-0.281951,-0.220899,-0.933653]]],"btipPosition":[-32.1168,249.356,27.0276],"carpPosition":[1.11237,287.244,64.31],"dipPosition":[-37.4152,245.205,9.48238],"direction":[-0.121381,-0.319635,0.939734],"extended":false,"handId":506,"id":5062,"length":67.0064,"mcpPosition":[-5.06976,290.91,-5.08678],"pipPosition":[-33.9636,254.294,-17.2403],"stabilizedTipPosition":[-35.1168,256.618,-14.5059],"timeVisible":244.58,"tipPosition":[-33.6174,248.17,22.0915],"tipVelocity":[-11.7896,-127.73,195.526],"tool":false,"touchDistance":0.333333,"touchZone":"none","type":2,"width":18.9972},{"bases":[[[0.753703,-0.655591,0.0461734],[0.65576,0.754849,0.0135029],[-0.0437063,0.0201015,0.998842]],[[0.751937,-0.654623,0.0778382],[0.263761,0.190536,-0.945582],[0.604169,0.73155,0.315935]],[[0.751937,-0.654623,0.0778382],[-0.580624,-0.713556,-0.392063],[0.312196,0.249612,-0.916639]],[[0.751937,-0.654623,0.0778382],[-0.64484,-0.705834,0.293224],[-0.13701,-0.270679,-0.95287]]],"btipPosition":[-19.0274,244.926,28.7448],"carpPosition":[11.3174,280.728,62.2319],"dipPosition":[-21.5873,239.868,10.9413],"direction":[-0.312196,-0.249612,0.916639],"extended":false,"handId":506,"id":5063,"length":64.4285,"mcpPosition":[14.0552,279.469,-0.335544],"pipPosition":[-12.9389,246.783,-14.4514],"stabilizedTipPosition":[-20.8496,252.466,-10.7488],"timeVisible":244.58,"tipPosition":[-19.7361,243.525,23.9514],"tipVelocity":[-11.3023,-123.661,193.891],"tool":false,"touchDistance":0.333333,"touchZone":"none","type":3,"width":18.077},{"bases":[[[0.624799,-0.764509,0.158598],[0.75855,0.642482,0.108712],[-0.185008,0.0523815,0.98134]],[[0.637164,-0.766273,0.0827499],[0.348893,0.191028,-0.917487],[0.687238,0.61346,0.389063]],[[0.637164,-0.766273,0.0827499],[-0.655925,-0.595498,-0.463837],[0.404703,0.241262,-0.882048]],[[0.637164,-0.766273,0.0827499],[-0.762905,-0.611791,0.209017],[-0.109538,-0.196308,-0.974405]]],"btipPosition":[-1.45589,242.179,25.9145],"carpPosition":[18.144,268.243,62.5273],"dipPosition":[-3.34397,238.795,9.11893],"direction":[-0.404703,-0.241262,0.882048],"extended":false,"handId":506,"id":5064,"length":50.5107,"mcpPosition":[28.8717,265.206,5.6241],"pipPosition":[4.57153,243.514,-8.13286],"stabilizedTipPosition":[-3.03863,250.899,-12.0159],"timeVisible":244.58,"tipPosition":[-2.00653,241.318,21.57],"tipVelocity":[-10.2226,-119.844,193.372],"tool":false,"touchDistance":0.333333,"touchZone":"none","type":4,"width":16.0574}],"r":[[0.555015,0.223763,0.80118],[0.539336,-0.830068,-0