{"sensorType":"Leap","data":[[0,{"currentFrameRate":110.534,"devices":[],"gestures":[],"hands":[{"armBasis":[[0.651778,-0.519631,-0.552421],[0.706548,0.680761,0.193273],[0.275636,-0.516283,0.810849]],"armWidth":63.72,"confidence":0.520693,"direction":[0.342412,0.615482,-0.709885],"elbow":[62.7484,119.996,276.659],"grabStrength":0.641401,"id":506,"palmNormal":[-0.618882,-0.420734,-0.663301],"palmPosition":[-1.24543,295.891,18.3361],"palmVelocity":[-29.7654,61.7983,-145.335],"palmWidth":90.99,"pinchStrength":0.861071,"r":[[0.331652,-0.462397,0.822311],[0.336555,-0.756301,-0.561017],[0.881327,0.462816,-0.0952067]],"s":0.802895,"sphereCenter":[-16.5611,271.389,-29.0358],"sphereRadius":46.4558,"stabilizedPalmPosition":[-13.5593,264.124,222.649],"t":[13.4343,33.6443,13.3274],"timeVisible":226.982,"type":"right","wrist":[-11.6734,259.393,57.7299]}],"id":1822489,"interactionBox":{"center":[0,200,0],"size":[235.247,235.247,147.751]},"pointables":[{"bases":[[[0.904824,0.228236,0.359446],[-0.425785,0.484318,0.764293],[0.000352909,-0.844597,0.535402]],[[0.849072,0.505783,0.15251],[-0.513828,0.723628,0.460808],[0.122708,-0.469623,0.874298]],[[0.849072,0.505783,0.15251],[-0.51955,0.851748,0.0677721],[-0.0956223,-0.13678,0.985975]],[[0.849072,0.505783,0.15251],[-0.509125,0.860478,-0.0192217],[-0.140954,-0.0613261,0.988115]]],"btipPosition":[-39.2482,301.283,-40.6382],"carpPosition":[-39.682,271.742,59.7475],"dipPosition":[-42.547,299.848,-17.5128],"direction":[0.0956223,0.13678,-0.985975],"extended":false,"handId":506,"id":5060,"length":52.1164,"mcpPosition":[-39.682,271.742,59.7475],"pipPosition":[-45.8073,295.185,16.1046],"stabilizedTipPosition":[-72.0936,290.043,190.128],"timeVisible":226.982,"tipPosition":[-41.3072,301.48,-35.0958],"tipVelocity":[16.8813,27.4798,-155.12],"tool":false,"touchDistance":-0.580227,"touchZone":"hovering","type":0,"width":20.25},{"bases":[[[0.754378,-0.553655,-0.352675],[0.644501,0.522683,0.558051],[-0.124631,-0.648281,0.751132]],[[0.733942,-0.627527,-0.259883],[0.607473,0.777623,-0.162111],[0.30382,-0.038892,0.951935]],[[0.733942,-0.627527,-0.259883],[0.578133,0.778008,-0.2459],[0.3565,0.0302297,0.933806]],[[0.733942,-0.627527,-0.259883],[0.558395,0.775306,-0.295118],[0.386684,0.0714823,0.919438]]],"btipPosition":[-37.3225,328.592,-71.2266],"carpPosition":[-18.2153,281.18,63.2109],"dipPosition":[-30.7158,329.814,-55.5175],"direction":[-0.3565,-0.0302297,-0.933806],"extended":true,"handId":506,"id":5061,"length":58.8075,"mcpPosition":[-9.04626,328.873,7.95042],"pipPosition":[-22.0991,330.544,-32.947],"stabilizedTipPosition":[-77.6319,302.489,167.967],"timeVisible":226.982,"tipPosition":[-36.8605,327.502,-67.0668],"tipVelocity":[16.2676,65.7175,-179.582],"tool":false,"touchDistance":-0.627862,"touchZone":"hovering","type":1,"width":19.3428},{"bases":[[[0.609605,-0.717088,-0.337884],[0.759866,0.407197,0.506749],[-0.225798,-0.565664,0.79312]],[[0.613286,-0.707556,-0.351062],[0.348724,0.641349,-0.68342],[0.708711,0.296708,0.640073]],[[0.613286,-0.707556,-0.351062],[0.17555,0.555446,-0.812811],[0.770106,0.436857,0.464859]],[[0.613286,-0.707556,-0.351062],[0.0961319,0.50802,-0.855964],[0.783989,0.491202,0.37958]]],"btipPosition":[-62.8942,279.218,-47.1157],"carpPosition":[-7.85579,275.707,59.4225],"dipPosition":[-48.1615,288.448,-39.9826],"direction":[-0.770106,-0.436857,-0.464859],"extended":false,"handId":506,"id":5062,"length":67.0064,"mcpPosition":[7.89772,315.172,4.08808],"pipPosition":[-26.2625,300.871,-26.7637],"stabilizedTipPosition":[-79.5034,297.669,156.843],"timeVisible":226.982,"tipPosition":[-59.4171,281.507,-45.5014],"tipVelocity":[-22.1441,28.7881,-146.475],"tool":false,"touchDistance":-0.571099,"touchZone":"hovering","type":2,"width":18.9972},{"bases":[[[0.510705,-0.821157,-0.25472],[0.793893,0.336684,0.506339],[-0.330023,-0.46081,0.823856]],[[0.503966,-0.830256,-0.238104],[0.493794,0.503133,-0.709242],[0.70865,0.23986,0.663538]],[[0.503966,-0.830256,-0.238104],[0.310895,0.431566,-0.846815],[0.80583,0.352741,0.475617]],[[0.503966,-0.830256,-0.238104],[0.223174,0.391483,-0.892712],[0.834393,0.396758,0.382585]]],"btipPosition":[-48.4366,268.735,-46.4792],"carpPosition":[0.465902,267.772,55.0975],"dipPosition":[-32.8468,276.148,-39.331],"direction":[-0.80583,-0.352741,-0.475617],"extended":false,"handId":506,"id":5063,"length":64.4285,"mcpPosition":[21.1385,296.637,3.49117],"pipPosition":[-10.5237,285.92,-26.1554],"stabilizedTipPosition":[-71.2464,253.733,171.151],"timeVisible":226.982,"tipPosition":[-45.2988,269.839,-43.7305],"tipVelocity":[-11.937,41.7094,-159.217],"tool":false,"touchDistance":-0.59447,"touchZone":"hovering","type":3,"width":18.077},{"bases":[[[0.330834,-0.913238,-0.237793],[0.831365,0.162822,0.531339],[-0.446521,-0.373478,0.813101]],[[0.307789,-0.930985,-0.196296],[0.557521,0.343655,-0.755693],[0.770997,0.123155,0.624817]],[[0.307789,-0.930985,-0.196296],[0.354596,0.30369,-0.884327],[0.882908,0.20258,0.423596]],[[0.307789,-0.930985,-0.196296],[0.261841,0.281227,-0.923229],[0.914716,0.232761,0.330329]]],"btipPosition":[-30.9657,264.594,-34.2337],"carpPosition":[3.43995,255.267,48.986],"dipPosition":[-15.1989,268.607,-28.5398],"direction":[-0.882908,-0.20258,-0.423596],"extended":false,"handId":506,"id":5064,"length":50.5107,"mcpPosition":[29.3316,276.923,1.83822],"pipPosition":[2.06973,272.569,-20.2548],"stabilizedTipPosition":[-50.4287,252.836,171.529],"timeVisible":226.982,"tipPosition":[-27.5273,265.364,-32.5162],"tipVelocity":[-16.2514,40.4233,-146.85],"tool":false,"touchDistance":-0.562612,"touchZone":"hovering","type":4,"width":16.0574}],"r":[[0.331652,-0.462397,0.822311],[0.336555,-0.756301,-0.561017],[0.881327,0.462816,-0.0952067]],"s":0.802895,"t":[13.4343,33.6443,13.3274],"timestamp":98041455880},false],[1,{"currentFrameRate":110.663,"devices":[],"gestures":[],"hands":[{"armBasis":[[0.64723,-0.519916,-0.557477],[0.706975,0.682912,0.183896],[0.285098,-0.513145,0.809569]],"armWidth":63.72,"confidence":0.52443,"direction":[0.343971,0.612936,-0.711332],"elbow":[64.9118,121.515,275.505],"grabStrength":0.630949,"id":506,"palmNormal":[-0.618765,-0.421847,-0.662703],"palmPosition":[-1.54692,296.433,17.432],"palmVelocity":[-30.9669,61.7138,-133.817],"palmWidth":90.99,"pinchStrength":0.856551,"r":[[0.331252,-0.458837,0.824464],[0.337112,-0.758569,-0.557609],[0.881265,0.462646,-0.0965982]],"s":0.806461,"sphereCenter":[-16.876,271.804,-29.9135],"sphereRadius":46.5042,"stabilizedPalmPosition":[-13.5583,264.127,222.632],"t":[13.1012,34.2311,12.2646],"timeVisible":226.991,"type":"right","wrist":[-12.0646,260.064,56.9219]}],"id":1822490,"interactionBox":{"center":[0,200,0],"size":[235.247,235.247,147.751]},"pointables":[{"bases":[[[0.90476,0.228074,0.35971],[-0.425919,0.48713,0.762429],[-0.00133535,-0.843023,0.537877]],[[0.850372,0.503301,0.153479],[-0.512649,0.726743,0.457204],[0.118571,-0.467475,0.876018]],[[0.850372,0.503301,0.153479],[-0.516968,0.853497,0.0654776],[-0.0980392,-0.135024,0.98598]],[[0.850372,0.503301,0.153479],[-0.506787,0.861875,-0.0184052],[-0.141543,-0.0621301,0.98798]]],"btipPosition":[-39.3221,301.85,-41.5943],"carpPosition":[-40.0586,272.457,58.8743],"dipPosition":[-42.6347,300.396,-18.472],"direction":[0.0980392,0.135024,-0.98598],"extended":false,"handId":506,"id":5060,"length":52.1164,"mcpPosition":[-40.0586,272.457,58.8743],"pipPosition":[-45.9774,295.792,15.1456],"stabilizedTipPosition":[-72.0935,290.043,190.127],"timeVisible":226.991,"tipPosition":[-41.3556,301.962,-36.0691],"tipVelocity":[9.97053,37.2808,-142.577],"tool":false,"touchDistance":-0.564889,"touchZone":"hovering","type":0,"width":20.25},{"bases":[[[0.753995,-0.5557,-0.35027],[0.644629,0.523452,0.557182],[-0.126277,-0.645906,0.7529]],[[0.733319,-0.629389,-0.257122],[0.610678,0.775993,-0.157823],[0.298857,-0.0412836,0.953405]],[[0.733319,-0.629389,-0.257122],[0.581443,0.77657,-0.242616],[0.352373,0.0284133,0.935428]],[[0.733319,-0.629389,-0.257122],[0.561653,0.773919,-0.292567],[0.38313,0.0701316,0.921028]]],"btipPosition":[-37.1952,329.284,-72.3649],"carpPosition":[-18.5828,281.876,62.3322],"dipPosition":[-30.6492,330.482,-56.6286],"direction":[-0.352373,-0.0284133,-0.935428],"extended":true,"handId":506,"id":5061,"length":58.8075,"mcpPosition":[-9.29264,329.395,6.94161],"pipPosition":[-22.1322,331.169,-34.0189],"stabilizedTipPosition":[-77.6279,302.492,167.945],"timeVisible":226.991,"tipPosition":[-36.7397,328.206,-68.2139],"tipVelocity":[15.3498,68.9916,-165.807],"tool":false,"touchDistance":-0.61039,"touchZone":"hovering","type":1,"width":19.3428},{"bases":[[[0.608987,-0.718895,-0.33515],[0.759891,0.407661,0.506338],[-0.227376,-0.56303,0.794542]],[[0.612651,-0.70952,-0.348196],[0.350595,0.638812,-0.684837],[0.708338,0.297491,0.640123]],[[0.612651,-0.70952,-0.348196],[0.177418,0.552776,-0.814225],[0.770183,0.437059,0.46454]],[[0.612651,-0.70952,-0.348196],[0.097949,0.505322,-0.857354],[0.784261,0.491153,0.379083]]],"btipPosition":[-63.1444,279.663,-48.0508],"carpPosition":[-8.22674,276.378,58.5706],"dipPosition":[-48.4065,288.892,-40.927],"direction":[-0.770183,-0.437059,-0.46454],"extended":false,"handId":506,"id":5062,"length":67.0064,"mcpPosition":[7.63684,315.66,3.13698],"pipPosition":[-26.5053,301.321,-27.7172],"stabilizedTipPosition":[-79.5033,297.669,156.843],"timeVisible":226.991,"tipPosition":[-59.6701,281.943,-46.4322],"tipVelocity":[-23.7938,34.6364,-135.665],"tool":false,"touchDistance":-0.556382,"touchZone":"hovering","type":2,"width":18.9972},{"bases":[[[0.509861,-0.822586,-0.251783],[0.793823,0.337101,0.506169],[-0.331491,-0.457947,0.824862]],[[0.503151,-0.831551,-0.23529],[0.495271,0.500579,-0.71002],[0.708199,0.240715,0.66371]],[[0.503151,-0.831551,-0.23529],[0.312439,0.428883,-0.847609],[0.805742,0.352962,0.475602]],[[0.503151,-0.831551,-0.23529],[0.224709,0.388786,-0.893505],[0.834473,0.396697,0.382475]]],"btipPosition":[-48.7007,269.16,-47.3675],"carpPosition":[0.0887073,268.419,54.2775],"dipPosition":[-33.1094,276.572,-40.2213],"direction":[-0.805742,-0.352962,-0.475602],"extended":false,"handId":506,"id":5063,"length":64.4285,"mcpPosition":[20.8533,297.105,2.60811],"pipPosition":[-10.7887,286.35,-27.0462],"stabilizedTipPosition":[-71.2462,253.733,171.15],"timeVisible":226.991,"tipPosition":[-45.5584,270.275,-44.6339],"tipVelocity":[-16.7912,43.4573,-143.486],"tool":false,"touchDistance":-0.576688,"touchZone":"hovering","type":3,"width":18.077},{"bases":[[[0.329849,-0.914375,-0.234772],[0.831036,0.163264,0.531719],[-0.447861,-0.370491,0.813731]],[[0.306819,-0.931913,-0.193392],[0.559967,0.341052,-0.755063],[0.76961,0.123375,0.626481]],[[0.306819,-0.931913,-0.193392],[0.357557,0.301168,-0.883997],[0.882052,0.202078,0.425616]],[[0.306819,-0.931913,-0.193392],[0.264889,0.278774,-0.923103],[0.914164,0.231998,0.332387]]],"btipPosition":[-31.2004,265.062,-35.1843],"carpPosition":[3.05221,255.893,48.2058],"dipPosition":[-15.4432,269.061,-29.455],"direction":[-0.882052,-0.202078,-0.425616],"extended":false,"handId":506,"id":5064,"length":50.5107,"mcpPosition":[29.0215,277.376,1.02144],"pipPosition":[1.8087,273.013,-21.1304],"stabilizedTipPosition":[-50.4287,252.836,171.528],"timeVisible":226.991,"tipPosition":[-27.7748,265.823,-33.4402],"tipVelocity":[-19.1218,43.7396,-136.098],"tool":false,"touchDistance":-0.548821,"touchZone":"hovering","type":4,"width":16.0574}],"r":[[0.331252,-0.458837,0.824464],[0.337112,-0.758569,-0.557609],[0.881265,0.462646,-0.0965982]],"s":0.806461,"t":[13.1012,34.2311,12.2646],"timestamp":98041464690},false],[2,{"currentFrameRate":110.684,"devices":[],"gestures":[],"hands":[{"armBasis":[[0.646283,-0.520111,-0.558393],[0.706887,0.683687,0.181335],[0.287451,-0.511915,0.809515]],"armWidth":63.72,"confidence":0.531518,"direction":[0.344427,0.611686,-0.712187],"elbow":[65.3574,122.234,275.036],"grabStrength":0.620675,"id":506,"palmNormal":[-0.618458,-0.4229,-0.662319],"palmPosition":[-1.71128,296.751,16.921],"palmVelocity":[-27.4822,54.4746,-112.68],"palmWidth":90.99,"pinchStrength":0.852273,"r":[[0.33083,-0.45571,0.826366],[0.337598,-0.76057,-0.554581],[0.881237,0.462452,-0.0977731]],"s":0.810126,"sphereCenter":[-17.0671,272.062,-30.407],"sphereRadius":46.5321,"stabilizedPalmPosition":[-13.5569,264.131,222.607],"t":[12.8525,34.6835,11.4777],"timeVisible":227,"type":"right","wrist":[-12.2545,260.451,56.4669]}],"id":1822491,"interactionBox":{"center":[0,200,0],"size":[235.247,235.247,147.751]},"pointables":[{"bases":[[[0.904593,0.228578,0.35981],[-0.426272,0.488475,0.76137],[-0.00172527,-0.842107,0.539308]],[[0.851111,0.501693,0.154643],[-0.512151,0.728727,0.454597],[0.115376,-0.466113,0.87717]],[[0.851111,0.501693,0.154643],[-0.515378,0.85456,0.0641283],[-0.0999788,-0.13428,0.985887]],[[0.851111,0.501693,0.154643],[-0.505442,0.862694,-0.0169504],[-0.141913,-0.0637362,0.987825]]],"btipPosition":[-39.2773,302.187,-42.1361],"carpPosition":[-40.2482,272.85,58.3832],"dipPosition":[-42.5986,300.696,-19.0174],"direction":[0.0999788,0.13428,-0.985887],"extended":false,"handId":506,"id":5060,"length":52.1164,"mcpPosition":[-40.2482,272.85,58.3832],"pipPosition":[-46.0075,296.117,14.597],"stabilizedTipPosition":[-72.0934,290.043,190.127],"timeVisible":227,"tipPosition":[-41.2927,302.225,-36.6243],"tipVelocity":[8.53845,37.0715,-119.999],"tool":false,"touchDistance":-0.544873,"touchZone":"hovering","type":0,"width":20.25},{"bases":[[[0.754117,-0.556384,-0.348919],[0.64439,0.524322,0.556639],[-0.126759,-0.644611,0.753929]],[[0.733343,-0.630017,-0.255511],[0.612776,0.775311,-0.152964],[0.29447,-0.044396,0.954629]],[[0.733343,-0.630017,-0.255511],[0.583688,0.776153,-0.238526],[0.348591,0.0257828,0.93692]],[[0.733343,-0.630017,-0.255511],[0.563889,0.773606,-0.289073],[0.379785,0.0679097,0.922579]]],"btipPosition":[-37.013,329.82,-73.0513],"carpPosition":[-18.773,282.272,61.8366],"dipPosition":[-30.5242,330.98,-57.2885],"direction":[-0.348591,-0.0257828,-0.93692],"extended":true,"handId":506,"id":5061,"length":58.8075,"mcpPosition":[-9.44744,329.696,6.37038],"pipPosition":[-22.0986,331.603,-34.6428],"stabilizedTipPosition":[-77.622,302.496,167.912],"timeVisible":227,"tipPosition":[-36.564,328.746,-68.9085],"tipVelocity":[16.2951,66.1488,-141.053],"tool":false,"touchDistance":-0.587889,"touchZone":"hovering","type":1,"width":19.3428},{"bases":[[[0.609082,-0.719535,-0.333599],[0.759667,0.408431,0.506054],[-0.227871,-0.561652,0.795375]],[[0.612713,-0.710291,-0.34651],[0.351331,0.637549,-0.685637],[0.707919,0.298359,0.640181]],[[0.612713,-0.710291,-0.34651],[0.178194,0.551325,-0.815038],[0.769954,0.437639,0.464374]],[[0.612713,-0.710291,-0.34651],[0.098713,0.5038,-0.858162],[0.784116,0.491602,0.3788]]],"btipPosition":[-63.2694,279.888,-48.5823],"carpPosition":[-8.41566,276.767,58.0899],"dipPosition":[-48.5343,289.127,-41.4639],"direction":[-0.769954,-0.437639,-0.464374],"extended":false,"handId":506,"id":5062,"length":67.0064,"mcpPosition":[7.48246,315.952,2.59823],"pipPosition":[-26.6395,301.571,-28.2588],"stabilizedTipPosition":[-79.5032,297.669,156.841],"timeVisible":227,"tipPosition":[-59.7997,282.163,-46.9588],"tipVelocity":[-21.0956,32.0758,-114.683],"tool":false,"touchDistance":-0.537068,"touchZone":"hovering","type":2,"width":18.9972},{"bases":[[[0.509899,-0.823072,-0.25011],[0.79359,0.337868,0.506023],[-0.33199,-0.456506,0.825461]],[[0.503235,-0.831937,-0.233741],[0.495779,0.499496,-0.710428],[0.707784,0.241629,0.663821]],[[0.503235,-0.831937,-0.233741],[0.313034,0.427615,-0.84803],[0.805459,0.35359,0.475616]],[[0.503235,-0.831937,-0.233741],[0.225321,0.387454,-0.89393],[0.834257,0.39719,0.382433]]],"btipPosition":[-48.8266,269.383,-47.8721],"carpPosition":[-0.0988397,268.799,53.8149],"dipPosition":[-33.2393,276.804,-40.7267],"direction":[-0.805459,-0.35359,-0.475616],"extended":false,"handId":506,"id":5063,"length":64.4285,"mcpPosition":[20.697,297.395,2.10802],"pipPosition":[-10.9265,286.599,-27.5512],"stabilizedTipPosition":[-71.246,253.733,171.147],"timeVisible":227,"tipPosition":[-45.6799,270.51,-45.1534],"tipVelocity":[-16.0511,38.3874,-119.505],"tool":false,"touchDistance":-0.554925,"touchZone":"hovering","type":3,"width":18.077},{"bases":[[[0.329867,-0.914812,-0.233039],[0.830768,0.164069,0.531888],[-0.448343,-0.369054,0.814118]],[[0.306906,-0.932211,-0.191809],[0.562317,0.340207,-0.753696],[0.767859,0.123457,0.62861]],[[0.306906,-0.932211,-0.191809],[0.36055,0.300394,-0.883044],[0.880802,0.201855,0.428302]],[[0.306906,-0.932211,-0.191809],[0.267974,0.278022,-0.922439],[0.913235,0.231703,0.335135]]],"btipPosition":[-31.2559,265.355,-35.8216],"carpPosition":[2.86645,256.262,47.7661],"dipPosition":[-15.5146,269.349,-30.0449],"direction":[-0.880802,-0.201855,-0.428302],"extended":false,"handId":506,"id":5064,"length":50.5107,"mcpPosition":[28.8637,277.662,0.559285],"pipPosition":[1.71283,273.297,-21.6679],"stabilizedTipPosition":[-50.4285,252.836,171.527],"timeVisible":227,"tipPosition":[-27.8511,266.104,-34.0348],"tipVelocity":[-15.6764,40.6385,-117.855],"tool":false,"touchDistance":-0.531669,"touchZone":"hovering","type":4,"width":16.0574}],"r":[[0.33083,-0.45571,0.826366],[0.337598,-0.76057,-0.554581],[0.881237,0.462452,-0.0977731]],"s":0.810126,"t":[12.8525,34.6835,11.4777],"timestamp":98041473686},false],[3,{"currentFrameRate":110.671,"devices":[],"gestures":[],"hands":[{"armBasis":[[0.649911,-0.521669,-0.552699],[0.706712,0.682348,0.186974],[0.279594,-0.512116,0.812136]],"armWidth":63.72,"confidence":0.507114,"direction":[0.342796,0.610694,-0.713823],"elbow":[63.1654,122.535,275.309],"grabStrength":0.60994,"id":506,"palmNormal":[-0.618919,-0.424814,-0.66066],"palmPosition":[-1.87476,297.043,16.4033],"palmVelocity":[-24.8759,48.3201,-97.3432],"palmWidth":90.99,"pinchStrength":0.846386,"r":[[0.330816,-0.452818,0.827959],[0.337995,-0.762301,-0.551957],[0.88109,0.462443,-0.0991313]],"s":0.814127,"sphereCenter":[-17.2917,272.223,-30.8963],"sphereRadius":46.5952,"stabilizedPalmPosition":[-13.5549,264.136,222.572],"t":[12.6464,35.0555,10.8254],"timeVisible":227.009,"type":"right","wrist":[-12.325,260.806,56.0327]}],"id":1822492,"interactionBox":{"center":[0,200,0],"size":[235.247,235.247,147.751]},"pointables":[{"bases":[[[0.904844,0.230221,0.358127],[-0.425742,0.489471,0.761027],[-0.0000885604,-0.841081,0.54091]],[[0.851735,0.50069,0.154458],[-0.511387,0.730116,0.453226],[0.114154,-0.465016,0.877912]],[[0.851735,0.50069,0.154458],[-0.514359,0.855164,0.0642598],[-0.0999123,-0.134179,0.985907]],[[0.851735,0.50069,0.154458],[-0.504993,0.863027,-0.0128738],[-0.139747,-0.067035,0.987916]]],"btipPosition":[-39.3503,302.536,-42.5952],"carpPosition":[-40.3291,273.18,57.964],"dipPosition":[-42.6208,300.967,-19.4744],"direction":[0.0999123,0.134179,-0.985907],"extended":false,"handId":506,"id":5060,"length":52.1164,"mcpPosition":[-40.3291,273.18,57.964],"pipPosition":[-46.0274,296.392,14.1407],"stabilizedTipPosition":[-72.0931,290.044,190.125],"timeVisible":227.009,"tipPosition":[-41.3265,302.459,-37.0998],"tipVelocity":[4.31398,36.9227,-100.84],"tool":false,"touchDistance":-0.525598,"touchZone":"hovering","type":0,"width":20.25},{"bases":[[[0.754227,-0.556247,-0.3489],[0.644599,0.526063,0.554752],[-0.125036,-0.643309,0.755327]],[[0.733601,-0.62988,-0.255108],[0.613772,0.77526,-0.149181],[0.291741,-0.0471393,0.955335]],[[0.733601,-0.62988,-0.255108],[0.58469,0.776334,-0.235464],[0.346363,0.0235776,0.937804]],[[0.733601,-0.62988,-0.255108],[0.564797,0.77387,-0.286582],[0.377933,0.0661525,0.923467]]],"btipPosition":[-37.0233,330.284,-73.6878],"carpPosition":[-18.8593,282.631,61.3699],"dipPosition":[-30.5661,331.414,-57.9098],"direction":[-0.346363,-0.0235776,-0.937804],"extended":true,"handId":506,"id":5061,"length":58.8075,"mcpPosition":[-9.66041,329.959,5.80075],"pipPosition":[-22.1943,331.984,-35.2427],"stabilizedTipPosition":[-77.6137,302.501,167.864],"timeVisible":227.009,"tipPosition":[-36.5771,329.211,-69.5516],"tipVelocity":[11.2614,61.8277,-121.397],"tool":false,"touchDistance":-0.566928,"touchZone":"hovering","type":1,"width":19.3428},{"bases":[[[0.609386,-0.719523,-0.33307],[0.759929,0.410198,0.504228],[-0.226179,-0.560379,0.796755]],[[0.612951,-0.7104,-0.345864],[0.34998,0.636561,-0.687244],[0.708382,0.300201,0.638807]],[[0.612951,-0.7104,-0.345864],[0.17674,0.549919,-0.816304],[0.7701,0.439226,0.46263]],[[0.612951,-0.7104,-0.345864],[0.0972213,0.502221,-0.859257],[0.784117,0.493057,0.376903]]],"btipPosition":[-63.4994,280.001,-48.9976],"carpPosition":[-8.50123,277.13,57.6194],"dipPosition":[-48.7643,289.267,-41.9149],"direction":[-0.7701,-0.439226,-0.46263],"extended":false,"handId":506,"id":5062,"length":67.0064,"mcpPosition":[7.27886,316.227,2.0314],"pipPosition":[-26.8654,301.757,-28.7593],"stabilizedTipPosition":[-79.503,297.669,156.839],"timeVisible":227.009,"tipPosition":[-60.0336,282.275,-47.3769],"tipVelocity":[-22.2818,26.847,-95.9241],"tool":false,"touchDistance":-0.518048,"touchZone":"hovering","type":2,"width":18.9972},{"bases":[[[0.510428,-0.823006,-0.249247],[0.793927,0.33967,0.504285],[-0.330368,-0.455285,0.826784]],[[0.503848,-0.83178,-0.232979],[0.494331,0.498839,-0.711896],[0.70836,0.243519,0.662514]],[[0.503848,-0.83178,-0.232979],[0.311493,0.426528,-0.849144],[0.805673,0.355268,0.473999]],[[0.503848,-0.83178,-0.232979],[0.223757,0.38619,-0.894869],[0.834308,0.398747,0.380697]]],"btipPosition":[-49.0438,269.51,-48.2863],"carpPosition":[-0.181844,269.163,53.348],"dipPosition":[-33.4556,276.96,-41.1733],"direction":[-0.805673,-0.355268,-0.473999],"extended":false,"handId":506,"id":5063,"length":64.4285,"mcpPosition":[20.5124,297.682,1.55826],"pipPosition":[-11.1368,286.802,-28.0426],"stabilizedTipPosition":[-71.2456,253.733,171.144],"timeVisible":227.009,"tipPosition":[-45.8892,270.653,-45.5882],"tipVelocity":[-18.2328,31.8655,-99.3565],"tool":false,"touchDistance":-0.53409,"touchZone":"hovering","type":3,"width":18.077},{"bases":[[[0.330517,-0.914903,-0.231754],[0.831325,0.165961,0.53043],[-0.44683,-0.367979,0.815435]],[[0.307587,-0.93228,-0.19038],[0.562135,0.339472,-0.754164],[0.767721,0.124952,0.628484]],[[0.307587,-0.93228,-0.19038],[0.360494,0.299341,-0.883425],[0.880587,0.203099,0.428155]],[[0.307587,-0.93228,-0.19038],[0.267889,0.276833,-0.922821],[0.913031,0.232847,0.334898]]],"btipPosition":[-31.409,265.551,-36.3337],"carpPosition":[2.78842,256.618,47.319],"dipPosition":[-15.6713,269.564,-30.5611],"direction":[-0.880587,-0.203099,-0.428155],"extended":false,"handId":506,"id":5064,"length":50.5107,"mcpPosition":[28.6979,277.955,0.0357878],"pipPosition":[1.55194,273.537,-22.1869],"stabilizedTipPosition":[-50.4283,252.836,171.525],"timeVisible":227.009,"tipPosition":[-28.0114,266.301,-34.5355],"tipVelocity":[-16.0405,35.5275,-100.947],"tool":false,"touchDistance":-0.51453,"touchZone":"hovering","type":4,"width":16.0574}],"r":[[0.330816,-0.452818,0.827959],[0.337995,-0.762301,-0.551957],[0.88109,0.462443,-0.0991313]],"s":0.814127,"t":[12.6464,35.0555,10.8254],"timestamp":98041482746},false],[4,{"currentFrameRate":110.567,"devices":[],"gestures":[],"hands":[{"armBasis":[[0.654863,-0.521462,-0.547021],[0.704992,0.682289,0.193567],[0.272289,-0.512405,0.814432]],"armWidth":63.72,"confidence":0.503776,"direction":[0.33902,0.609867,-0.716329],"elbow":[61.2332,122.869,275.596],"grabStrength":0.598928,"id":506,"palmNormal":[-0.618819,-0.428955,-0.658074],"palmPosition":[-2.05251,297.377,15.9431],"palmVelocity":[-23.3014,44.9385,-84.0286],"palmWidth":90.99,"pinchStrength":0.84051,"r":[[0.331493,-0.449783,0.829341],[0.338624,-0.763751,-0.549561],[0.880594,0.463011,-0.100871]],"s":0.818217,"sphereCenter":[-17.5833,272.448,-31.2367],"sphereRadius":46.5737,"stabilizedPalmPosition":[-13.552,264.145,222.521],"t":[12.4544,35.4088,10.2691],"timeVisible":227.019,"type":"right","wrist":[-12.2847,261.218,55.6995]}],"id":1822493,"interactionBox":{"center":[0,200,0],"size":[235.247,235.247,147.751]},"pointables":[{"bases":[[[0.904785,0.234525,0.355475],[-0.425848,0.490122,0.760548],[0.00414134,-0.839511,0.543328]],[[0.851379,0.501602,0.153458],[-0.512058,0.731274,0.450593],[0.113798,-0.462205,0.879441]],[[0.851379,0.501602,0.153458],[-0.514876,0.855043,0.0616692],[-0.10028,-0.131516,0.986229]],[[0.851379,0.501602,0.153458],[-0.506072,0.862417,-0.0112773],[-0.138002,-0.0680596,0.988091]]],"btipPosition":[-39.3609,302.645,-42.9939],"carpPosition":[-40.3292,273.495,57.6566],"dipPosition":[-42.5907,301.052,-19.869],"direction":[0.10028,0.131516,-0.986229],"extended":false,"handId":506,"id":5060,"length":52.1164,"mcpPosition":[-40.3292,273.495,57.6566],"pipPosition":[-46.0098,296.568,13.7571],"stabilizedTipPosition":[-72.0928,290.044,190.123],"timeVisible":227.019,"tipPosition":[-41.3396,302.511,-37.5053],"tipVelocity":[3.06549,29.7008,-84.6476],"tool":false,"touchDistance":-0.507338,"touchZone":"hovering","type":0,"width":20.25},{"bases":[[[0.755473,-0.55452,-0.348953],[0.6439,0.52999,0.551818],[-0.121053,-0.641574,0.757449]],[[0.73521,-0.62825,-0.254495],[0.612822,0.776515,-0.146538],[0.289682,-0.0482244,0.955907]],[[0.73521,-0.62825,-0.254495],[0.583773,0.777672,-0.233313],[0.344493,0.0229663,0.938508]],[[0.73521,-0.62825,-0.254495],[0.563825,0.775211,-0.284866],[0.376255,0.0659455,0.924166]]],"btipPosition":[-37.181,330.625,-74.2791],"carpPosition":[-18.8864,283.034,60.9882],"dipPosition":[-30.7525,331.751,-58.4892],"direction":[-0.344493,-0.0229663,-0.938508],"extended":true,"handId":506,"id":5061,"length":58.8075,"mcpPosition":[-9.98054,330.235,5.26299],"pipPosition":[-22.426,332.306,-35.8051],"stabilizedTipPosition":[-77.6025,302.509,167.801],"timeVisible":227.019,"tipPosition":[-36.7386,329.556,-70.146],"tipVelocity":[3.10823,54.8098,-105.238],"tool":false,"touchDistance":-0.547398,"touchZone":"hovering","type":1,"width":19.3428},{"bases":[[[0.61126,-0.718272,-0.332335],[0.759538,0.414398,0.501375],[-0.222405,-0.558891,0.798859]],[[0.614729,-0.709269,-0.345032],[0.346423,0.635788,-0.689757],[0.70859,0.304486,0.636544]],[[0.614729,-0.709269,-0.345032],[0.1732,0.548158,-0.818245],[0.769487,0.443239,0.459814]],[[0.614729,-0.709269,-0.345032],[0.0937345,0.500041,-0.860914],[0.783149,0.496887,0.373873]]],"btipPosition":[-63.7526,279.935,-49.287],"carpPosition":[-8.51667,277.56,57.2308],"dipPosition":[-49.0357,289.272,-42.2611],"direction":[-0.769487,-0.443239,-0.459814],"extended":false,"handId":506,"id":5062,"length":67.0064,"mcpPosition":[7.0001,316.553,1.49598],"pipPosition":[-27.1542,301.876,-29.1857],"stabilizedTipPosition":[-79.5026,297.669,156.835],"timeVisible":227.019,"tipPosition":[-60.295,282.219,-47.6744],"tipVelocity":[-23.8546,17.7979,-78.2126],"tool":false,"touchDistance":-0.499113,"touchZone":"hovering","type":2,"width":18.9972},{"bases":[[[0.51286,-0.821871,-0.247998],[0.793792,0.343994,0.501561],[-0.326908,-0.454089,0.828815]],[[0.506397,-0.830558,-0.23181],[0.491021,0.49873,-0.71426],[0.708845,0.247875,0.660377]],[[0.506397,-0.830558,-0.23181],[0.308165,0.425386,-0.850929],[0.805355,0.359472,0.471363]],[[0.506397,-0.830558,-0.23181],[0.220473,0.384601,-0.896367],[0.833639,0.402809,0.377877]]],"btipPosition":[-49.2568,269.496,-48.5761],"carpPosition":[-0.177834,269.611,52.9641],"dipPosition":[-33.6811,277.022,-41.5159],"direction":[-0.805355,-0.359472,-0.471363],"extended":false,"handId":506,"id":5063,"length":64.4285,"mcpPosition":[20.2997,298.055,1.04716],"pipPosition":[-11.3712,286.98,-28.4582],"stabilizedTipPosition":[-71.2451,253.734,171.14],"timeVisible":227.019,"tipPosition":[-46.0953,270.665,-45.9019],"tipVelocity":[-19.6818,23.0262,-80.6693],"tool":false,"touchDistance":-0.513544,"touchZone":"hovering","type":3,"width":18.077},{"bases":[[[0.333323,-0.914367,-0.229845],[0.831876,0.170497,0.528122],[-0.44371,-0.367238,0.81747]],[[0.310609,-0.931663,-0.188484],[0.560044,0.339592,-0.755664],[0.768031,0.129157,0.627253]],[[0.310609,-0.931663,-0.188484],[0.358418,0.29845,-0.88457],[0.880374,0.2072,0.426626]],[[0.310609,-0.931663,-0.188484],[0.265794,0.275511,-0.923822],[0.91262,0.23685,0.333206]]],"btipPosition":[-31.5534,265.651,-36.7034],"carpPosition":[2.82468,257.059,46.9647],"dipPosition":[-15.8227,269.734,-30.96],"direction":[-0.880374,-0.2072,-0.426626],"extended":false,"handId":506,"id":5064,"length":50.5107,"mcpPosition":[28.5533,278.353,-0.436497],"pipPosition":[1.39632,273.786,-22.6157],"stabilizedTipPosition":[-50.4279,252.837,171.521],"timeVisible":227.019,"tipPosition":[-28.1593,266.416,-34.906],"tipVelocity":[-15.9791,29.0947,-84.0756],"tool":false,"touchDistance":-0.497057,"touchZone":"hovering","type":4,"width":16.0574}],"r":[[0.331493,-0.449783,0.829341],[0.338624,-0.763751,-0.549561],[0.880594,0.463011,-0.100871]],"s":0.818217,"t":[12.4544,35.4088,10.2691],"timestamp":98041491974},false],[5,{"currentFrameRate":110.606,"devices":[],"gestures":[],"hands":[{"armBasis":[[0.660113,-0.51936,-0.542694],[0.701634,0.684316,0.19855],[0.268255,-0.511837,0.816126]],"armWidth":63.72,"confidence":0.508108,"direction":[0.333671,0.607702,-0.720668],"elbow":[60.1186,123.61,275.822],"grabStrength":0.588827,"id":506,"palmNormal":[-0.617741,-0.436513,-0.654104],"palmPosition":[-2.3887,297.793,15.4777],"palmVelocity":[-27.1827,45.3355,-75.2242],"palmWidth":90.99,"pinchStrength":0.833687,"r":[[0.332961,-0.445982,0.830805],[0.339794,-0.765134,-0.546909],[0.879589,0.464402,-0.103218]],"s":0.822306,"sphereCenter":[-17.972,272.562,-31.5107],"sphereRadius":46.5596,"stabilizedPalmPosition":[-13.5481,264.156,222.448],"t":[12.1904,35.7935,9.7583],"timeVisible":227.028,"type":"right","wrist":[-12.3103,261.806,55.4682]}],"id":1822494,"interactionBox":{"center":[0,200,0],"size":[235.247,235.247,147.751]},"pointables":[{"bases":[[[0.904174,0.242044,0.351972],[-0.427036,0.491984,0.758677],[0.010469,-0.836281,0.548201]],[[0.849947,0.504737,0.151099],[-0.514299,0.732552,0.445942],[0.114395,-0.456737,0.882216]],[[0.849947,0.504737,0.151099],[-0.517255,0.853922,0.0571386],[-0.100187,-0.126722,0.986866]],[[0.849947,0.504737,0.151099],[-0.509054,0.860658,-0.0114916],[-0.135845,-0.0671505,0.988452]]],"btipPosition":[-39.5389,302.617,-43.3995],"carpPosition":[-40.4237,273.926,57.4197],"dipPosition":[-42.7181,301.046,-20.2662],"direction":[0.100187,0.126722,-0.986866],"extended":false,"handId":506,"id":5060,"length":52.1164,"mcpPosition":[-40.4237,273.926,57.4197],"pipPosition":[-46.1341,296.725,13.3816],"stabilizedTipPosition":[-72.0925,290.044,190.12],"timeVisible":227.028,"tipPosition":[-41.5165,302.424,-37.9191],"tipVelocity":[-2.85179,20.8778,-73.7899],"tool":false,"touchDistance":-0.490992,"touchZone":"hovering","type":0,"width":20.25},{"bases":[[[0.757996,-0.551989,-0.34749],[0.641965,0.537075,0.547203],[-0.115422,-0.637855,0.761459]],[[0.738304,-0.625543,-0.252196],[0.609769,0.778867,-0.146788],[0.28825,-0.0454069,0.956478]],[[0.738304,-0.625543,-0.252196],[0.580675,0.779743,-0.234132],[0.343108,0.0264171,0.938924]],[[0.738304,-0.625543,-0.252196],[0.560629,0.777054,-0.286151],[0.37497,0.069878,0.9244]]],"btipPosition":[-37.6232,330.658,-74.9558],"carpPosition":[-19.0312,283.613,60.6451],"dipPosition":[-31.2166,331.852,-59.1618],"direction":[-0.343108,-0.0264171,-0.938924],"extended":true,"handId":506,"id":5061,"length":58.8075,"mcpPosition":[-10.5397,330.539,4.62493],"pipPosition":[-22.9236,332.49,-36.4677],"stabilizedTipPosition":[-77.5909,302.517,167.734],"timeVisible":227.028,"tipPosition":[-37.1754,329.613,-70.8246],"tipVelocity":[-11.3947,41.2857,-97.0462],"tool":false,"touchDistance":-0.531127,"touchZone":"hovering","type":1,"width":19.3428},{"bases":[[[0.614813,-0.716507,-0.329579],[0.758182,0.421888,0.497163],[-0.217175,-0.555543,0.802625]],[[0.618167,-0.707643,-0.342215],[0.341214,0.633778,-0.694189],[0.708126,0.312356,0.633238]],[[0.618167,-0.707643,-0.342215],[0.16821,0.544366,-0.821809],[0.767838,0.450452,0.455542]],[[0.618167,-0.707643,-0.342215],[0.0889131,0.495517,-0.864036],[0.781002,0.503691,0.369231]]],"btipPosition":[-64.1286,279.608,-49.5171],"carpPosition":[-8.6374,278.179,56.8953],"dipPosition":[-49.452,289.073,-42.5785],"direction":[-0.767838,-0.450452,-0.455542],"extended":false,"handId":506,"id":5062,"length":67.0064,"mcpPosition":[6.51447,316.938,0.897809],"pipPosition":[-27.6175,301.882,-29.6245],"stabilizedTipPosition":[-79.502,297.668,156.828],"timeVisible":227.028,"tipPosition":[-60.6842,281.916,-47.9206],"tipVelocity":[-29.0841,3.8493,-64.432],"tool":false,"touchDistance":-0.481287,"touchZone":"hovering","type":2,"width":18.9972},{"bases":[[[0.517237,-0.820201,-0.244408],[0.79286,0.351695,0.497678],[-0.322239,-0.451199,0.832215]],[[0.511011,-0.82864,-0.228525],[0.486868,0.498124,-0.717518],[0.708398,0.255398,0.657985]],[[0.511011,-0.82864,-0.228525],[0.304178,0.42298,-0.85356],[0.803955,0.366666,0.468201]],[[0.511011,-0.82864,-0.228525],[0.216575,0.3814,-0.898682],[0.831843,0.409743,0.374363]]],"btipPosition":[-49.5398,269.295,-48.8376],"carpPosition":[-0.260628,270.255,52.6555],"dipPosition":[-33.9977,276.95,-41.8431],"direction":[-0.803955,-0.366666,-0.468201],"extended":false,"handId":506,"id":5063,"length":64.4285,"mcpPosition":[19.9244,298.519,0.52554],"pipPosition":[-11.7265,287.108,-28.873],"stabilizedTipPosition":[-71.2444,253.734,171.134],"timeVisible":227.028,"tipPosition":[-46.3754,270.504,-46.1914],"tipVelocity":[-23.1663,11.4887,-67.0223],"tool":false,"touchDistance":-0.494672,"touchZone":"hovering","type":3,"width":18.077},{"bases":[[[0.338304,-0.91367,-0.225294],[0.832053,0.178589,0.525161],[-0.439589,-0.365121,0.820639]],[[0.315976,-0.930731,-0.184117],[0.556653,0.339011,-0.758425],[0.768307,0.137155,0.625214]],[[0.315976,-0.930731,-0.184117],[0.355132,0.295976,-0.886724],[0.879796,0.214798,0.424054]],[[0.315976,-0.930731,-0.184117],[0.262575,0.272265,-0.925703],[0.911709,0.244156,0.330416]]],"btipPosition":[-31.7961,265.599,-36.959],"carpPosition":[2.80371,257.687,46.7223],"dipPosition":[-16.0811,269.808,-31.2637],"direction":[-0.879796,-0.214798,-0.424054],"extended":false,"handId":506,"id":5064,"length":50.5107,"mcpPosition":[28.2934,278.859,-0.862648],"pipPosition":[1.12663,274.009,-22.9697],"stabilizedTipPosition":[-50.4274,252.837,171.517],"timeVisible":227.028,"tipPosition":[-28.4048,266.394,-35.1701],"tipVelocity":[-19.121,20.4282,-69.1937],"tool":false,"touchDistance":-0.479685,"touchZone":"hovering","type":4,"width":16.0574}],"r":[[0.332961,-0.445982,0.830805],[0.339794,-0.765134,-0.546909],[0.879589,0.464402,-0.103218]],"s":0.822306,"t":[12.1904,35.7935,9.7583],"timestamp":98041500945},false],[6,{"currentFrameRate":110.615,"devices":[],"gestures":[],"hands":[{"armBasis":[[0.661677,-0.521899,-0.538336],[0.701719,0.683982,0.199395],[0.264148,-0.509696,0.818801]],"armWidth":63.72,"confidence":0.509031,"direction":[0.333137,0.603006,-0.724848],"elbow":[58.5342,125.536,275.747],"grabStrength":0.577808,"id":506,"palmNormal":[-0.617987,-0.440973,-0.650872],"palmPosition":[-2.8943,298.878,14.4377],"palmVelocity":[-35.1201,65.9383,-86.2374],"palmWidth":90.99,"pinchStrength":0.826061,"r":[[0.334241,-0.441819,0.832514],[0.340713,-0.766935,-0.543807],[0.878748,0.46541,-0.105807]],"s":0.826659,"sphereCenter":[-18.5611,273.36,-32.39],"sphereRadius":46.5823,"stabilizedPalmPosition":[-13.5418,264.177,222.325],"t":[11.8056,36.5283,8.98288],"timeVisible":227.037,"type":"right","wrist":[-12.7857,263.153,54.6704]}],"id":1822495,"interactionBox":{"center":[0,200,0],"size":[235.247,235.247,147.751]},"pointables":[{"bases":[[[0.904304,0.24458,0.349877],[-0.426748,0.496885,0.75564],[0.0109659,-0.832638,0.553709]],[[0.851201,0.502951,0.149991],[-0.513007,0.736967,0.440118],[0.11082,-0.451575,0.885324]],[[0.851201,0.502951,0.149991],[-0.514745,0.855793,0.0515311],[-0.102443,-0.12107,0.987344]],[[0.851201,0.502951,0.149991],[-0.50726,0.861725,-0.0108399],[-0.134703,-0.0668572,0.988628]]],"btipPosition":[-39.7875,303.513,-44.4378],"carpPosition":[-40.901,275.279,56.557],"dipPosition":[-42.94,301.948,-21.3004],"direction":[0.102443,0.12107,-0.987344],"extended":false,"handId":506,"id":5060,"length":52.1164,"mcpPosition":[-40.901,275.279,56.557],"pipPosition":[-46.4329,297.821,12.3637],"stabilizedTipPosition":[-72.0918,290.044,190.115],"timeVisible":227.037,"tipPosition":[-41.7546,303.242,-38.971],"tipVelocity":[-9.46093,42.5073,-85.1168],"tool":false,"touchDistance":-0.485787,"touchZone":"hovering","type":0,"width":20.25},{"bases":[[[0.757943,-0.554093,-0.344244],[0.642129,0.540832,0.543296],[-0.114858,-0.632837,0.765719]],[[0.738177,-0.627407,-0.2479],[0.611745,0.777456,-0.146049],[0.284364,-0.0438416,0.957713]],[[0.738177,-0.627407,-0.2479],[0.582855,0.778182,-0.233909],[0.339667,0.0281759,0.940123]],[[0.738177,-0.627407,-0.2479],[0.562843,0.775368,-0.286379],[0.37189,0.0718697,0.92549]]],"btipPosition":[-37.8399,331.524,-76.3082],"carpPosition":[-19.5091,284.992,59.7068],"dipPosition":[-31.4859,332.752,-60.4957],"direction":[-0.339667,-0.0281759,-0.940123],"extended":true,"handId":506,"id":5061,"length":58.8075,"mcpPosition":[-11.059,331.55,3.37314],"pipPosition":[-23.276,333.433,-37.7725],"stabilizedTipPosition":[-77.5767,302.527,167.651],"timeVisible":227.037,"tipPosition":[-37.4105,330.497,-72.1736],"tipVelocity":[-15.2346,56.5886,-111.451],"tool":false,"touchDistance":-0.52657,"touchZone":"hovering","type":1,"width":19.3428},{"bases":[[[0.61481,-0.718523,-0.325169],[0.758347,0.425345,0.493955],[-0.216609,-0.550279,0.806395]],[[0.618124,-0.709823,-0.337748],[0.340912,0.629218,-0.698473],[0.708309,0.316601,0.630922]],[[0.618124,-0.709823,-0.337748],[0.167846,0.538932,-0.825458],[0.767952,0.453546,0.452268]],[[0.618124,-0.709823,-0.337748],[0.0885152,0.489778,-0.867342],[0.781081,0.506229,0.365574]]],"btipPosition":[-64.6603,280.258,-50.4146],"carpPosition":[-9.11599,279.536,55.9874],"dipPosition":[-49.9822,289.771,-43.5447],"direction":[-0.767952,-0.453546,-0.452268],"extended":false,"handId":506,"id":5062,"length":67.0064,"mcpPosition":[5.9964,317.928,-0.273208],"pipPosition":[-28.1444,302.668,-30.6839],"stabilizedTipPosition":[-79.5008,297.667,156.814],"timeVisible":227.037,"tipPosition":[-61.2185,282.571,-48.8302],"tipVelocity":[-37.2812,22.9422,-74.5519],"tool":false,"touchDistance":-0.475192,"touchZone":"hovering","type":2,"width":18.9972},{"bases":[[[0.517304,-0.821675,-0.239262],[0.793043,0.355164,0.494916],[-0.321683,-0.445767,0.835352]],[[0.511226,-0.829831,-0.22367],[0.486852,0.494082,-0.720318],[0.708254,0.259352,0.656592]],[[0.511226,-0.829831,-0.22367],[0.30414,0.418087,-0.85598],[0.803832,0.369573,0.466122]],[[0.511226,-0.829831,-0.22367],[0.216474,0.376187,-0.900901],[0.831737,0.412146,0.371953]]],"btipPosition":[-50.0418,269.984,-49.7294],"carpPosition":[-0.739587,271.587,51.7954],"dipPosition":[-34.5016,277.684,-42.7798],"direction":[-0.803832,-0.369573,-0.466122],"extended":false,"handId":506,"id":5063,"length":64.4285,"mcpPosition":[19.4106,299.51,-0.530983],"pipPosition":[-12.2339,287.922,-29.8673],"stabilizedTipPosition":[-71.2432,253.735,171.123],"timeVisible":227.037,"tipPosition":[-46.8718,271.218,-47.108],"tipVelocity":[-32.1124,29.6589,-76.0853],"tool":false,"touchDistance":-0.487069,"touchZone":"hovering","type":3,"width":18.077},{"bases":[[[0.338404,-0.915058,-0.219434],[0.832292,0.182253,0.523521],[-0.43906,-0.359795,0.823271]],[[0.316165,-0.931809,-0.178248],[0.556158,0.334259,-0.760894],[0.768588,0.141434,0.623914]],[[0.316165,-0.931809,-0.178248],[0.354592,0.290335,-0.888803],[0.879946,0.217803,0.422206]],[[0.316165,-0.931809,-0.178248],[0.262023,0.266344,-0.92758],[0.911802,0.246563,0.328364]]],"btipPosition":[-32.3203,266.332,-37.7726],"carpPosition":[2.3246,258.98,45.9438],"dipPosition":[-16.6038,270.582,-32.1127],"direction":[-0.879946,-0.217803,-0.422206],"extended":false,"handId":506,"id":5064,"length":50.5107,"mcpPosition":[27.7836,279.843,-1.79374],"pipPosition":[0.606889,274.842,-23.8548],"stabilizedTipPosition":[-50.4264,252.838,171.507],"timeVisible":227.037,"tipPosition":[-28.9269,267.141,-35.9939],"tipVelocity":[-29.8357,37.4477,-75.2099],"tool":false,"touchDistance":-0.472376,"touchZone":"hovering","type":4,"width":16.0574}],"r":[[0.334241,-0.441819,0.832514],[0.340713,-0.766935,