{"sensorType":"Leap","data":[[0,{"currentFrameRate":110.545,"devices":[],"gestures":[],"hands":[{"armBasis":[[0.862132,-0.297181,-0.410379],[0.466013,0.783008,0.411983],[0.198896,-0.546426,0.813547]],"armWidth":63.72,"confidence":0.683552,"direction":[0.00253991,0.222126,-0.975015],"elbow":[54.9984,107.654,293.928],"grabStrength":0,"id":506,"palmNormal":[-0.479047,-0.855589,-0.196167],"palmPosition":[-7.32712,267.052,21.5669],"palmVelocity":[24.4985,-141.268,161.52],"palmWidth":90.99,"pinchStrength":0.739274,"r":[[0.56949,0.177279,0.802654],[0.534156,-0.822008,-0.197434],[0.624787,0.541179,-0.56282]],"s":1.38339,"sphereCenter":[-49.2587,273.18,-3.24397],"sphereRadius":59.0347,"stabilizedPalmPosition":[-11.4913,284.716,-9.66086],"t":[6.70122,6.78951,13.7574],"timeVisible":241.815,"type":"right","wrist":[1.29635,255.189,74.2705]}],"id":1824103,"interactionBox":{"center":[0,200,0],"size":[235.247,235.247,147.751]},"pointables":[{"bases":[[[0.782187,0.620454,-0.0567443],[-0.493191,0.672246,0.552131],[0.380718,-0.403883,0.831824]],[[0.737593,0.659647,-0.144297],[-0.673744,0.733194,-0.0921664],[0.0450004,0.165201,0.985233]],[[0.737593,0.659647,-0.144297],[-0.6008,0.543573,-0.586147],[-0.308215,0.519032,0.797251]],[[0.737593,0.659647,-0.144297],[-0.535415,0.441131,-0.720232],[-0.411446,0.608497,0.67856]]],"btipPosition":[-11.0183,218.334,-13.784],"carpPosition":[-28.91,258.518,78.46],"dipPosition":[-20.6476,232.575,2.09674],"direction":[0.308215,-0.519032,-0.797251],"extended":false,"handId":506,"id":5060,"length":52.1164,"mcpPosition":[-28.91,258.518,78.46],"pipPosition":[-31.1563,250.271,29.2795],"stabilizedTipPosition":[-17.2927,239.547,-43.7941],"timeVisible":241.815,"tipPosition":[-13.2714,221.498,-9.97908],"tipVelocity":[54.8022,-144.15,159.549],"tool":false,"touchDistance":0.41585,"touchZone":"hovering","type":0,"width":20.25},{"bases":[[[0.865751,-0.423643,-0.266463],[0.452256,0.890251,0.0540118],[0.214337,-0.16727,0.962331]],[[0.87913,-0.434762,-0.195222],[0.466928,0.703717,0.5355],[-0.0954343,-0.561929,0.821662]],[[0.87913,-0.434762,-0.195222],[0.474889,0.764656,0.435638],[-0.0401214,-0.475692,0.878697]],[[0.87913,-0.434762,-0.195222],[0.476426,0.812195,0.336687],[0.0121793,-0.389001,0.921157]]],"btipPosition":[-23.3432,328.445,-72.0539],"carpPosition":[-12.4362,273.853,71.0219],"dipPosition":[-23.1351,321.799,-56.3154],"direction":[0.0401214,0.475692,-0.878697],"extended":true,"handId":506,"id":5061,"length":58.8075,"mcpPosition":[-28.2049,286.159,0.223593],"pipPosition":[-24.1048,310.301,-35.077],"stabilizedTipPosition":[-24.8696,343.003,-93.2982],"timeVisible":241.815,"tipPosition":[-23.7122,327.4,-68.1643],"tipVelocity":[13.0866,-156.104,154.501],"tool":false,"touchDistance":0.406498,"touchZone":"hovering","type":1,"width":19.3428},{"bases":[[[0.79688,-0.587864,-0.139276],[0.596706,0.801925,0.0293002],[0.0944643,-0.106456,0.98982]],[[0.796111,-0.587008,-0.147067],[0.0716036,0.332693,-0.940313],[0.600899,0.738063,0.306893]],[[0.796111,-0.587008,-0.147067],[-0.593626,-0.710336,-0.378195],[0.117536,0.388388,-0.913969]],[[0.796111,-0.587008,-0.147067],[-0.5309,-0.794129,0.295811],[-0.290433,-0.157421,-0.943858]]],"btipPosition":[-34.6857,234.073,27.178],"carpPosition":[-1.24705,270.307,67.3012],"dipPosition":[-40.1435,231.115,9.44107],"direction":[-0.117536,-0.388388,0.913969],"extended":false,"handId":506,"id":5062,"length":67.0064,"mcpPosition":[-7.83764,277.734,-1.75657],"pipPosition":[-36.8012,242.159,-16.5489],"stabilizedTipPosition":[-41.7876,252.133,-17.7914],"timeVisible":241.815,"tipPosition":[-36.1052,233.339,22.4878],"tipVelocity":[42.9696,-155.262,161.984],"tool":false,"touchDistance":0.333333,"touchZone":"none","type":2,"width":18.9972},{"bases":[[[0.754831,-0.655891,0.00609242],[0.654822,0.754073,0.050813],[-0.0379219,-0.0343658,0.99869]],[[0.752987,-0.656701,0.0418815],[0.259598,0.237971,-0.935937],[0.604665,0.715621,0.349667]],[[0.752987,-0.656701,0.0418815],[-0.582751,-0.695049,-0.42108],[0.305634,0.292661,-0.906056]],[[0.752987,-0.656701,0.0418815],[-0.642059,-0.719275,0.265338],[-0.144124,-0.226687,-0.963245]]],"btipPosition":[-21.4602,230.237,29.7288],"carpPosition":[8.9544,263.93,64.8129],"dipPosition":[-24.153,226.001,11.7316],"direction":[-0.305634,-0.292661,0.906056],"extended":false,"handId":506,"id":5063,"length":64.4285,"mcpPosition":[11.3298,266.082,2.25499],"pipPosition":[-15.6864,234.109,-13.368],"stabilizedTipPosition":[-27.9629,248.091,-13.9928],"timeVisible":241.815,"tipPosition":[-22.1296,229.123,25.0403],"tipVelocity":[42.8293,-148.42,160.885],"tool":false,"touchDistance":0.333333,"touchZone":"none","type":3,"width":18.077},{"bases":[[[0.626727,-0.770979,0.113159],[0.758314,0.63686,0.139173],[-0.179366,-0.00141355,0.983781]],[[0.637293,-0.769168,0.0473037],[0.347966,0.232451,-0.908233],[0.687588,0.595271,0.415784]],[[0.637293,-0.769168,0.0473037],[-0.657979,-0.575067,-0.48617],[0.401149,0.278708,-0.872583]],[[0.637293,-0.769168,0.0473037],[-0.762086,-0.619935,0.186832],[-0.11438,-0.155116,-0.981252]]],"btipPosition":[-3.98725,227.715,26.6228],"carpPosition":[15.7992,251.459,64.389],"dipPosition":[-5.95879,225.041,9.70918],"direction":[-0.401149,-0.278708,0.872583],"extended":false,"handId":506,"id":5064,"length":50.5107,"mcpPosition":[26.1998,251.541,7.34428],"pipPosition":[1.8872,230.492,-7.35749],"stabilizedTipPosition":[-10.1187,246.231,-14.8703],"timeVisible":241.815,"tipPosition":[-4.46858,227.03,22.3281],"tipVelocity":[44.7962,-139.994,163.332],"tool":false,"touchDistance":0.333333,"touchZone":"none","type":4,"width":16.0574}],"r":[[0.56949,0.177279,0.802654],[0.534156,-0.822008,-0.197434],[0.624787,0.541179,-0.56282]],"s":1.38339,"t":[6.70122,6.78951,13.7574],"timestamp":98056287928},false],[1,{"currentFrameRate":110.626,"devices":[],"gestures":[],"hands":[{"armBasis":[[0.862993,-0.293133,-0.411481],[0.462802,0.78534,0.411163],[0.202627,-0.545265,0.813406]],"armWidth":63.72,"confidence":0.685943,"direction":[0.00422483,0.222092,-0.975017],"elbow":[56.1347,107.197,294.807],"grabStrength":0,"id":506,"palmNormal":[-0.4759,-0.857085,-0.197292],"palmPosition":[-7.10654,266.253,22.4624],"palmVelocity":[24.5792,-127.278,144.975],"palmWidth":90.99,"pinchStrength":0.738103,"r":[[0.567609,0.179586,0.803473],[0.537459,-0.820105,-0.196381],[0.623665,0.543301,-0.562019]],"s":1.38348,"sphereCenter":[-49.0057,272.259,-2.43777],"sphereRadius":59.048,"stabilizedPalmPosition":[-11.4086,284.368,-9.05542],"t":[6.95485,5.71347,14.9948],"timeVisible":241.823,"type":"right","wrist":[1.42534,254.419,75.1875]}],"id":1824104,"interactionBox":{"center":[0,200,0],"size":[235.247,235.247,147.751]},"pointables":[{"bases":[[[0.780387,0.622885,-0.0548682],[-0.496627,0.670729,0.550893],[0.379945,-0.402661,0.83277]],[[0.73596,0.661881,-0.142397],[-0.675724,0.731148,-0.0939133],[0.0419538,0.165338,0.985344]],[[0.73596,0.661881,-0.142397],[-0.600952,0.541785,-0.587644],[-0.311802,0.518056,0.796491]],[[0.73596,0.661881,-0.142397],[-0.536143,0.441343,-0.71956],[-0.413417,0.605912,0.679674]]],"btipPosition":[-10.5891,217.557,-12.9465],"carpPosition":[-28.8014,257.654,79.3032],"dipPosition":[-20.2645,231.737,2.96031],"direction":[0.311802,-0.518056,-0.796491],"extended":false,"handId":506,"id":5060,"length":52.1164,"mcpPosition":[-28.8014,257.654,79.3032],"pipPosition":[-30.8956,249.401,30.1171],"stabilizedTipPosition":[-17.1906,239.12,-43.0071],"timeVisible":241.823,"tipPosition":[-12.8439,220.7,-9.12465],"tipVelocity":[52.6945,-129.125,141.949],"tool":false,"touchDistance":0.420251,"touchZone":"hovering","type":0,"width":20.25},{"bases":[[[0.867713,-0.420955,-0.264331],[0.449348,0.891658,0.05507],[0.212511,-0.166561,0.962859]],[[0.880973,-0.432048,-0.192929],[0.463373,0.705234,0.536591],[-0.0957727,-0.562121,0.821491]],[[0.880973,-0.432048,-0.192929],[0.471409,0.766318,0.436497],[-0.0407422,-0.475491,0.878777]],[[0.880973,-0.432048,-0.192929],[0.473032,0.813926,0.337291],[0.0113044,-0.388406,0.921419]]],"btipPosition":[-23.0854,327.573,-71.2093],"carpPosition":[-12.3573,273.04,71.9045],"dipPosition":[-22.8923,320.937,-55.4663],"direction":[0.0407422,0.475491,-0.878777],"extended":true,"handId":506,"id":5061,"length":58.8075,"mcpPosition":[-27.9917,285.294,1.06737],"pipPosition":[-23.877,309.444,-34.2259],"stabilizedTipPosition":[-24.762,342.005,-91.7858],"timeVisible":241.823,"tipPosition":[-23.4522,326.526,-67.3216],"tipVelocity":[17.3011,-140.233,138.342],"tool":false,"touchDistance":0.411868,"touchZone":"hovering","type":1,"width":19.3428},{"bases":[[[0.799044,-0.585385,-0.137304],[0.594133,0.80378,0.0307149],[0.0923823,-0.106119,0.990053]],[[0.798276,-0.584514,-0.145254],[0.0706336,0.330359,-0.941209],[0.598135,0.741085,0.305004]],[[0.798276,-0.584514,-0.145254],[-0.590914,-0.713425,-0.376625],[0.116515,0.386483,-0.914907]],[[0.798276,-0.584514,-0.145254],[-0.528594,-0.795517,0.296211],[-0.288691,-0.159678,-0.944013]]],"btipPosition":[-34.312,233.222,28.1925],"carpPosition":[-1.14814,269.529,68.2113],"dipPosition":[-39.7371,230.222,10.4526],"direction":[-0.116515,-0.386483,0.914907],"extended":false,"handId":506,"id":5062,"length":67.0064,"mcpPosition":[-7.59347,276.933,-0.862725],"pipPosition":[-36.4238,241.212,-15.564],"stabilizedTipPosition":[-41.7208,251.923,-17.342],"timeVisible":241.823,"tipPosition":[-35.7327,232.473,23.4712],"tipVelocity":[42.9382,-139.344,148.927],"tool":false,"touchDistance":0.333333,"touchZone":"none","type":2,"width":18.9972},{"bases":[[[0.756853,-0.653537,0.00796478],[0.652345,0.756111,0.0523717],[-0.0402491,-0.0344419,0.998596]],[[0.754921,-0.654352,0.0437992],[0.260887,0.238367,-0.935478],[0.601691,0.717639,0.35066]],[[0.754921,-0.654352,0.0437992],[-0.579658,-0.697002,-0.422119],[0.306742,0.293278,-0.905482]],[[0.754921,-0.654352,0.0437992],[-0.64045,-0.721215,0.263954],[-0.14113,-0.227316,-0.96354]]],"btipPosition":[-21.1435,229.4,30.6152],"carpPosition":[9.07915,263.183,65.7482],"dipPosition":[-23.7804,225.153,12.6125],"direction":[-0.306742,-0.293278,0.905482],"extended":false,"handId":506,"id":5063,"length":64.4285,"mcpPosition":[11.6004,265.341,3.19613],"pipPosition":[-15.283,233.277,-12.4712],"stabilizedTipPosition":[-27.9065,247.912,-13.6254],"timeVisible":241.823,"tipPosition":[-21.7975,228.285,25.9282],"tipVelocity":[41.2581,-133.734,144.195],"tool":false,"touchDistance":0.333333,"touchZone":"none","type":3,"width":18.077},{"bases":[[[0.628848,-0.769018,0.114724],[0.755986,0.639224,0.14099],[-0.181758,-0.00193102,0.983341]],[[0.639581,-0.767173,0.0488074],[0.349253,0.233433,-0.907486],[0.684805,0.597457,0.417237]],[[0.639581,-0.767173,0.0488074],[-0.655107,-0.577171,-0.487554],[0.402208,0.279856,-0.871728]],[[0.639581,-0.767173,0.0488074],[-0.76057,-0.622298,0.185143],[-0.111664,-0.155536,-0.981499]]],"btipPosition":[-3.6531,226.927,27.5371],"carpPosition":[15.9638,250.734,65.3416],"dipPosition":[-5.57783,224.246,10.6192],"direction":[-0.402208,-0.279856,0.871728],"extended":false,"handId":506,"id":5064,"length":50.5107,"mcpPosition":[26.5031,250.846,8.32237],"pipPosition":[2.28888,229.72,-6.43079],"stabilizedTipPosition":[-10.0686,246.065,-14.5496],"timeVisible":241.823,"tipPosition":[-4.12317,226.242,23.2434],"tipVelocity":[43.1584,-126.053,146.836],"tool":false,"touchDistance":0.333333,"touchZone":"none","type":4,"width":16.0574}],"r":[[0.567609,0.179586,0.803473],[0.537459,-0.820105,-0.196381],[0.623665,0.543301,-0.562019]],"s":1.38348,"t":[6.95485,5.71347,14.9948],"timestamp":98056296824},false],[2,{"currentFrameRate":110.646,"devices":[],"gestures":[],"hands":[{"armBasis":[[0.863495,-0.290502,-0.412293],[0.460779,0.786785,0.410672],[0.205084,-0.544589,0.813242]],"armWidth":63.72,"confidence":0.693227,"direction":[0.00562816,0.22063,-0.975341],"elbow":[56.8356,106.889,295.364],"grabStrength":0,"id":506,"palmNormal":[-0.47413,-0.858165,-0.196859],"palmPosition":[-6.99288,265.668,23.03],"palmVelocity":[21.2965,-110.162,122.474],"palmWidth":90.99,"pinchStrength":0.737015,"r":[[0.565746,0.181855,0.804276],[0.540435,-0.818455,-0.195093],[0.622785,0.545032,-0.561319]],"s":1.38368,"sphereCenter":[-48.8722,271.595,-1.93727],"sphereRadius":59.0719,"stabilizedPalmPosition":[-11.3182,283.985,-8.3981],"t":[7.1385,4.88309,15.8973],"timeVisible":241.832,"type":"right","wrist":[1.46279,253.928,75.7882]}],"id":1824105,"interactionBox":{"center":[0,200,0],"size":[235.247,235.247,147.751]},"pointables":[{"bases":[[[0.779458,0.624088,-0.0543944],[-0.49873,0.670739,0.54898],[0.379096,-0.400778,0.834064]],[[0.735195,0.662829,-0.141939],[-0.676688,0.729944,-0.0963042],[0.0397743,0.166851,0.98518]],[[0.735195,0.662829,-0.141939],[-0.600677,0.54001,-0.589556],[-0.314126,0.518698,0.795159]],[[0.735195,0.662829,-0.141939],[-0.536589,0.441128,-0.71936],[-0.414199,0.605032,0.679982]]],"btipPosition":[-10.358,216.945,-12.359],"carpPosition":[-28.7766,257.119,79.8442],"dipPosition":[-20.0517,231.105,3.55499],"direction":[0.314126,-0.518698,-0.795159],"extended":false,"handId":506,"id":5060,"length":52.1164,"mcpPosition":[-28.7766,257.119,79.8442],"pipPosition":[-30.7621,248.791,30.6664],"stabilizedTipPosition":[-17.0725,238.634,-42.1269],"timeVisible":241.832,"tipPosition":[-12.6089,220.078,-8.52591],"tipVelocity":[45.1452,-112.469,120.938],"tool":false,"touchDistance":0.420396,"touchZone":"hovering","type":0,"width":20.25},{"bases":[[[0.868883,-0.419921,-0.262122],[0.447778,0.89248,0.054538],[0.211037,-0.16476,0.963492]],[[0.882037,-0.430889,-0.190642],[0.461215,0.706784,0.536411],[-0.0963906,-0.561062,0.822143]],[[0.882037,-0.430889,-0.190642],[0.469342,0.76777,0.436174],[-0.0415729,-0.474198,0.879436]],[[0.882037,-0.430889,-0.190642],[0.471067,0.815256,0.336829],[0.0102862,-0.386902,0.922064]]],"btipPosition":[-22.9002,326.819,-70.7632],"carpPosition":[-12.3446,272.521,72.4521],"dipPosition":[-22.7245,320.209,-55.0092],"direction":[0.0415729,0.474198,-0.879436],"extended":true,"handId":506,"id":5061,"length":58.8075,"mcpPosition":[-27.8705,284.643,1.56837],"pipPosition":[-23.7293,308.747,-33.7529],"stabilizedTipPosition":[-24.6423,340.953,-90.2341],"timeVisible":241.832,"tipPosition":[-23.2701,325.775,-66.8764],"tipVelocity":[18.0778,-124.54,114.034],"tool":false,"touchDistance":0.410743,"touchZone":"hovering","type":1,"width":19.3428},{"bases":[[[0.800255,-0.584272,-0.134972],[0.592751,0.804805,0.030578],[0.0907604,-0.104475,0.990377]],[[0.799482,-0.583394,-0.143104],[0.0696226,0.326623,-0.942587],[0.596641,0.743618,0.301747]],[[0.799482,-0.583394,-0.143104],[-0.589509,-0.716262,-0.373427],[0.115355,0.38291,-0.916555]],[[0.799482,-0.583394,-0.143104],[-0.527147,-0.795622,0.298501],[-0.288001,-0.163209,-0.94362]]],"btipPosition":[-34.0816,232.648,28.9396],"carpPosition":[-1.1229,269.023,68.7845],"dipPosition":[-39.4937,229.581,11.2071],"direction":[-0.115355,-0.38291,0.916555],"extended":false,"handId":506,"id":5062,"length":67.0064,"mcpPosition":[-7.45507,276.312,-0.31214],"pipPosition":[-36.2134,240.469,-14.8565],"stabilizedTipPosition":[-41.6426,251.679,-16.8257],"timeVisible":241.832,"tipPosition":[-35.5107,231.873,24.1933],"tipVelocity":[38.2661,-119.079,130.869],"tool":false,"touchDistance":0.333333,"touchZone":"none","type":2,"width":18.9972},{"bases":[[[0.757912,-0.652275,0.0103227],[0.651003,0.757264,0.0524122],[-0.0420041,-0.0330037,0.998572]],[[0.755917,-0.653039,0.0461537],[0.260941,0.23589,-0.936091],[0.600416,0.71965,0.348718]],[[0.755917,-0.653039,0.0461537],[-0.578341,-0.69916,-0.420353],[0.306776,0.291059,-0.906186]],[[0.755917,-0.653039,0.0461537],[-0.63959,-0.721626,0.264915],[-0.139694,-0.229773,-0.963166]]],"btipPosition":[-20.9642,228.834,31.3174],"carpPosition":[9.11928,262.69,66.3495],"dipPosition":[-23.5742,224.541,13.3216],"direction":[-0.306776,-0.291059,0.906186],"extended":false,"handId":506,"id":5063,"length":64.4285,"mcpPosition":[11.7504,264.758,3.79898],"pipPosition":[-15.0759,232.604,-11.7816],"stabilizedTipPosition":[-27.8401,247.702,-13.198],"timeVisible":241.832,"tipPosition":[-21.6145,227.705,26.6174],"tipVelocity":[35.5848,-114.578,126.064],"tool":false,"touchDistance":0.333333,"touchZone":"none","type":3,"width":18.077},{"bases":[[[0.629904,-0.767806,0.117024],[0.754675,0.640682,0.141394],[-0.183538,-0.000749322,0.983012]],[[0.640766,-0.766038,0.0510385],[0.350318,0.23258,-0.907295],[0.683152,0.599243,0.417386]],[[0.640766,-0.766038,0.0510385],[-0.653376,-0.579021,-0.487682],[0.403136,0.279143,-0.871528]],[[0.640766,-0.766038,0.0510385],[-0.759846,-0.623272,0.18484],[-0.109784,-0.157221,-0.981442]]],"btipPosition":[-3.48058,226.357,28.1786],"carpPosition":[16.0251,250.252,65.9743],"dipPosition":[-5.3729,223.647,11.2617],"direction":[-0.403136,-0.279143,0.871528],"extended":false,"handId":506,"id":5064,"length":50.5107,"mcpPosition":[26.6676,250.295,8.97409],"pipPosition":[2.51195,229.106,-5.78435],"stabilizedTipPosition":[-10.0104,245.873,-14.1823],"timeVisible":241.832,"tipPosition":[-3.94303,225.665,23.8873],"tipVelocity":[36.7963,-109.05,126.089],"tool":false,"touchDistance":0.333333,"touchZone":"none","type":4,"width":16.0574}],"r":[[0.565746,0.181855,0.804276],[0.540435,-0.818455,-0.195093],[0.622785,0.545032,-0.561319]],"s":1.38368,"t":[7.1385,4.88309,15.8973],"timestamp":98056305826},false],[3,{"currentFrameRate":107.18,"devices":[],"gestures":[],"hands":[{"armBasis":[[0.892363,-0.227549,-0.389756],[0.393337,0.815574,0.42441],[0.221301,-0.532034,0.817292]],"armWidth":63.72,"confidence":0.664605,"direction":[0.0455389,0.200039,-0.978729],"elbow":[58.5564,113.068,298.034],"grabStrength":0,"id":506,"palmNormal":[-0.415578,-0.887148,-0.200657],"palmPosition":[-7.45562,266.857,23.9725],"palmVelocity":[0.284872,148.621,-153.154],"palmWidth":90.99,"pinchStrength":0.691774,"r":[[0.514823,0.232436,0.825185],[0.595626,-0.789268,-0.149286],[0.616593,0.568358,-0.544778]],"s":1.38287,"sphereCenter":[-50.6239,271.368,-3.20602],"sphereRadius":60.7059,"stabilizedPalmPosition":[-8.55492,267.121,17.4779],"t":[6.8589,3.72106,19.288],"timeVisible":242.212,"type":"right","wrist":[-1.19479,256.717,77.365]}],"id":1824145,"interactionBox":{"center":[0,200,0],"size":[235.247,235.247,147.751]},"pointables":[{"bases":[[[0.746135,0.665175,-0.028704],[-0.563008,0.653372,0.50609],[0.355393,-0.361451,0.862003]],[[0.700683,0.702092,-0.126928],[-0.713355,0.686155,-0.142532],[-0.0129778,0.190414,0.981618]],[[0.700683,0.702092,-0.126928],[-0.618503,0.509042,-0.598607],[-0.355665,0.497939,0.790923]],[[0.700683,0.702092,-0.126928],[-0.55813,0.428558,-0.710513],[-0.444449,0.568687,0.692142]]],"btipPosition":[-8.55992,218.516,-12.4003],"carpPosition":[-31.7361,258.308,79.7653],"dipPosition":[-18.9616,231.825,3.79826],"direction":[0.355665,-0.497939,-0.790923],"extended":false,"handId":506,"id":5060,"length":52.1164,"mcpPosition":[-31.7361,258.308,79.7653],"pipPosition":[-31.0883,248.802,30.7653],"stabilizedTipPosition":[-13.7367,217.369,-8.20193],"timeVisible":242.212,"tipPosition":[-10.6713,221.419,-8.38349],"tipVelocity":[19.1221,142.809,-148.288],"tool":false,"touchDistance":0.0874544,"touchZone":"hovering","type":0,"width":20.25},{"bases":[[[0.903167,-0.376386,-0.206456],[0.395014,0.916943,0.0563773],[0.168089,-0.132471,0.97683]],[[0.912678,-0.384695,-0.137945],[0.394961,0.743555,0.539567],[-0.104999,-0.546933,0.830566]],[[0.912678,-0.384695,-0.137945],[0.404996,0.80615,0.431394],[-0.054751,-0.449591,0.891555]],[[0.912678,-0.384695,-0.137945],[0.408621,0.853248,0.324033],[-0.00695272,-0.352105,0.935935]]],"btipPosition":[-22.2092,324.567,-72.2171],"carpPosition":[-15.7961,274.441,72.8713],"dipPosition":[-22.328,318.551,-56.2261],"direction":[0.054751,0.449591,-0.891555],"extended":true,"handId":506,"id":5061,"length":58.8075,"mcpPosition":[-28.1624,284.186,1.00626],"pipPosition":[-23.6514,307.684,-34.6768],"stabilizedTipPosition":[-23.0273,314.27,-60.0415],"timeVisible":242.212,"tipPosition":[-22.2999,323.425,-68.406],"tipVelocity":[15.4536,133.034,-165.409],"tool":false,"touchDistance":0.125919,"touchZone":"hovering","type":1,"width":19.3428},{"bases":[[[0.83691,-0.541587,-0.0791501],[0.545613,0.836979,0.0420943],[0.0434493,-0.0784145,0.995974]],[[0.836399,-0.540719,-0.0897765],[0.0950701,0.304419,-0.947782],[0.539814,0.784189,0.306022]],[[0.836399,-0.540719,-0.0897765],[-0.529839,-0.755632,-0.385086],[0.140385,0.369652,-0.918504]],[[0.836399,-0.540719,-0.0897765],[-0.498844,-0.818798,0.284122],[-0.227139,-0.192855,-0.954576]]],"btipPosition":[-32.9957,232.28,29.6969],"carpPosition":[-4.22141,271.495,69.877],"dipPosition":[-37.2641,228.656,11.7585],"direction":[-0.140385,-0.369652,0.918504],"extended":false,"handId":506,"id":5062,"length":67.0064,"mcpPosition":[-7.25278,276.966,0.389929],"pipPosition":[-33.272,239.167,-14.3604],"stabilizedTipPosition":[-38.6275,239.552,5.43011],"timeVisible":242.212,"tipPosition":[-33.9229,231.551,25.5862],"tipVelocity":[3.00786,139.77,-165.893],"tool":false,"touchDistance":0.333333,"touchZone":"none","type":2,"width":18.9972},{"bases":[[[0.790654,-0.608767,0.0653318],[0.605119,0.79322,0.0680598],[-0.0932551,-0.0142783,0.99554]],[[0.787201,-0.60891,0.097693],[0.302248,0.242859,-0.921773],[0.537551,0.755148,0.37522]],[[0.787201,-0.60891,0.097693],[-0.510806,-0.732559,-0.449927],[0.345531,0.304281,-0.887706]],[[0.787201,-0.60891,0.097693],[-0.61289,-0.754889,0.233472],[-0.0684158,-0.243664,-0.967444]]],"btipPosition":[-20.0044,228.97,31.6719],"carpPosition":[6.46524,265.692,68.1302],"dipPosition":[-21.2827,224.417,13.5961],"direction":[-0.345531,-0.304281,0.887706],"extended":false,"handId":506,"id":5063,"length":64.4285,"mcpPosition":[12.3067,266.586,5.76961],"pipPosition":[-11.7108,232.847,-10.9951],"stabilizedTipPosition":[-24.7066,234.378,10.466],"timeVisible":242.212,"tipPosition":[-20.2526,228.038,27.6764],"tipVelocity":[6.00182,143.29,-158.955],"tool":false,"touchDistance":0.333333,"touchZone":"none","type":3,"width":18.077},{"bases":[[[0.663622,-0.728967,0.167966],[0.710096,0.68448,0.165077],[-0.235305,0.00972315,0.971873]],[[0.677862,-0.727988,0.102652],[0.386289,0.233879,-0.892234],[0.625527,0.644465,0.439751]],[[0.677862,-0.727988,0.102652],[-0.592697,-0.62374,-0.509567],[0.434987,0.284574,-0.854286]],[[0.677862,-0.727988,0.102652],[-0.733704,-0.660995,0.157365],[-0.0467068,-0.181988,-0.982191]]],"btipPosition":[-2.12882,227.87,30.1475],"carpPosition":[14.0478,253.651,68.4124],"dipPosition":[-2.93389,224.734,13.2177],"direction":[-0.434987,-0.284574,0.854286],"extended":false,"handId":506,"id":5064,"length":50.5107,"mcpPosition":[27.6921,253.087,12.0581],"pipPosition":[5.57393,230.299,-3.49111],"stabilizedTipPosition":[-7.34598,235.04,4.61465],"timeVisible":242.212,"tipPosition":[-2.29867,227.119,26.0618],"tipVelocity":[6.41052,149.074,-149.511],"tool":false,"touchDistance":0.333333,"touchZone":"none","type":4,"width":16.0574}],"r":[[0.514823,0.232436,0.825185],[0.595626,-0.789268,-0.149286],[0.616593,0.568358,-0.544778]],"s":1.38287,"t":[6.8589,3.72106,19.288],"timestamp":98056685516},false],[4,{"currentFrameRate":107.384,"devices":[],"gestures":[],"hands":[{"armBasis":[[0.892216,-0.230096,-0.388595],[0.395074,0.814541,0.424783],[0.218786,-0.532522,0.817651]],"armWidth":63.72,"confidence":0.669322,"direction":[0.0464007,0.197137,-0.979277],"elbow":[57.8783,114.16,297.022],"grabStrength":0,"id":506,"palmNormal":[-0.41799,-0.88655,-0.198275],"palmPosition":[-7.40975,267.947,22.8328],"palmVelocity":[1.60805,141.33,-146.144],"palmWidth":90.99,"pinchStrength":0.692545,"r":[[0.51254,0.233827,0.826213],[0.597038,-0.788594,-0.147192],[0.617129,0.568722,-0.543789]],"s":1.38234,"sphereCenter":[-50.6589,272.526,-4.41285],"sphereRadius":60.7558,"stabilizedPalmPosition":[-8.52659,267.141,17.6104],"t":[6.88209,5.02647,17.9453],"timeVisible":242.221,"type":"right","wrist":[-1.19381,257.941,76.2558]}],"id":1824146,"interactionBox":{"center":[0,200,0],"size":[235.247,235.247,147.751]},"pointables":[{"bases":[[[0.747997,0.663008,-0.0303508],[-0.56134,0.656371,0.504058],[0.354116,-0.359997,0.863136]],[[0.702792,0.699699,-0.128472],[-0.711275,0.687794,-0.145006],[-0.0130982,0.193288,0.981055]],[[0.702792,0.699699,-0.128472],[-0.61685,0.509411,-0.599997],[-0.354373,0.500921,0.789619]],[[0.702792,0.699699,-0.128472],[-0.556835,0.428664,-0.711465],[-0.44274,0.571549,0.690878]]],"btipPosition":[-8.63319,219.519,-13.4216],"carpPosition":[-31.7313,259.623,78.6419],"dipPosition":[-18.9949,232.896,2.74744],"direction":[0.354373,-0.500921,-0.789619],"extended":false,"handId":506,"id":5060,"length":52.1164,"mcpPosition":[-31.7313,259.623,78.6419],"pipPosition":[-31.0774,249.975,29.67],"stabilizedTipPosition":[-13.6526,217.531,-8.24832],"timeVisible":242.221,"tipPosition":[-10.744,222.437,-9.41065],"tipVelocity":[11.9446,134.943,-139.198],"tool":false,"touchDistance":0.0703202,"touchZone":"hovering","type":0,"width":20.25},{"bases":[[[0.902177,-0.379487,-0.205101],[0.397554,0.915994,0.0539052],[0.167415,-0.130171,0.977255]],[[0.911643,-0.387629,-0.136565],[0.396883,0.744056,0.537461],[-0.106724,-0.544174,0.832157]],[[0.911643,-0.387629,-0.136565],[0.407129,0.806384,0.428943],[-0.0561468,-0.446642,0.892949]],[[0.911643,-0.387629,-0.136565],[0.410904,0.853193,0.321278],[-0.00802024,-0.349006,0.937086]]],"btipPosition":[-21.9817,325.406,-73.5341],"carpPosition":[-15.7443,275.692,71.7073],"dipPosition":[-22.1187,319.443,-57.5234],"direction":[0.0561468,0.446642,-0.892949],"extended":true,"handId":506,"id":5061,"length":58.8075,"mcpPosition":[-28.0609,285.269,-0.188995],"pipPosition":[-23.4758,308.648,-35.9405],"stabilizedTipPosition":[-22.9672,314.849,-60.6235],"timeVisible":242.221,"tipPosition":[-22.0714,324.279,-69.7183],"tipVelocity":[18.0539,122.727,-160.331],"tool":false,"touchDistance":0.104045,"touchZone":"hovering","type":1,"width":19.3428},{"bases":[[[0.83542,-0.544142,-0.0773491],[0.547933,0.83557,0.0398967],[0.0429212,-0.0757126,0.996205]],[[0.834912,-0.543298,-0.0880295],[0.102239,0.310254,-0.94514],[0.540805,0.780108,0.314581]],[[0.834912,-0.543298,-0.0880295],[-0.530104,-0.75078,-0.394106],[0.148026,0.375709,-0.914839]],[[0.834912,-0.543298,-0.0880295],[-0.50301,-0.818142,0.278612],[-0.22339,-0.188337,-0.956361]]],"btipPosition":[-33.2498,233.242,28.0455],"carpPosition":[-4.17686,272.706,68.7251],"dipPosition":[-37.4477,229.703,10.0736],"direction":[-0.148026,-0.375708,0.91484],"extended":false,"handId":506,"id":5062,"length":67.0064,"mcpPosition":[-7.17138,277.988,-0.778208],"pipPosition":[-33.2384,240.387,-15.9412],"stabilizedTipPosition":[-38.5866,239.486,5.60178],"timeVisible":242.221,"tipPosition":[-34.0966,232.595,24.1358],"tipVelocity":[-5.07843,131.584,-171.268],"tool":false,"touchDistance":0.333333,"touchZone":"none","type":2,"width":18.9972},{"bases":[[[0.788932,-0.610783,0.0673078],[0.607309,0.791719,0.066005],[-0.0936036,-0.0111968,0.995547]],[[0.785492,-0.610825,0.0994684],[0.303697,0.240409,-0.921939],[0.539231,0.754384,0.374345]],[[0.785492,-0.610825,0.0994684],[-0.512294,-0.731941,-0.44924],[0.347212,0.301917,-0.887857]],[[0.785492,-0.610825,0.0994684],[-0.615088,-0.752796,0.234445],[-0.0683254,-0.245336,-0.967027]]],"btipPosition":[-20.0771,230.084,30.5748],"carpPosition":[6.4941,266.868,66.9981],"dipPosition":[-21.3536,225.5,12.5069],"direction":[-0.347212,-0.301917,0.887857],"extended":false,"handId":506,"id":5063,"length":64.4285,"mcpPosition":[12.3574,267.57,4.63708],"pipPosition":[-11.7352,233.864,-12.0885],"stabilizedTipPosition":[-24.6526,234.312,10.6647],"timeVisible":242.221,"tipPosition":[-20.323,229.152,26.5983],"tipVelocity":[2.15702,137.971,-149.005],"tool":false,"touchDistance":0.333333,"touchZone":"none","type":3,"width":18.077},{"bases":[[[0.661534,-0.730336,0.170242],[0.711952,0.682962,0.163363],[-0.235579,0.0131336,0.971766]],[[0.675689,-0.729602,0.105478],[0.388172,0.23049,-0.892298],[0.626711,0.64386,0.438951]],[[0.675689,-0.729602,0.105478],[-0.59365,-0.623358,-0.508925],[0.437063,0.281258,-0.854324]],[[0.675689,-0.729602,0.105478],[-0.735754,-0.658522,0.15816],[-0.045934,-0.184473,-0.981764]]],"btipPosition":[-2.21359,228.958,29.0798],"carpPosition":[14.043,254.807,67.3168],"dipPosition":[-3.00535,225.778,12.1573],"direction":[-0.437063,-0.281258,0.854324],"extended":false,"handId":506,"id":5064,"length":50.5107,"mcpPosition":[27.7031,254.045,10.9687],"pipPosition":[5.54309,231.279,-4.55223],"stabilizedTipPosition":[-7.26108,234.923,4.96748],"timeVisible":242.221,"tipPosition":[-2.37437,228.199,25.0172],"tipVelocity":[2.16486,141.278,-141.247],"tool":false,"touchDistance":0.333333,"touchZone":"none","type":4,"width":16.0574}],"r":[[0.51254,0.233827,0.826213],[0.597038,-0.788594,-0.147192],[0.617129,0.568722,-0.543789]],"s":1.38234,"t":[6.88209,5.02647,17.9453],"timestamp":98056694456},false],[5,{"currentFrameRate":107.481,"devices":[],"gestures":[],"hands":[{"armBasis":[[0.892469,-0.232074,-0.386833],[0.395971,0.813829,0.42531],[0.216113,-0.532751,0.818212]],"armWidth":63.72,"confidence":0.672357,"direction":[0.046738,0.195721,-0.979545],"elbow":[57.161,114.724,296.587],"grabStrength":0,"id":506,"palmNormal":[-0.419265,-0.886215,-0.197078],"palmPosition":[-7.38813,268.508,22.2328],"palmVelocity":[1.81932,119.139,-123.8],"palmWidth":90.99,"pinchStrength":0.693351,"r":[[0.510769,0.235017,0.826972],[0.597936,-0.788266,-0.14529],[0.617728,0.568686,-0.543147]],"s":1.38167,"sphereCenter":[-50.7316,273.139,-5.05642],"sphereRadius":60.8071,"stabilizedPalmPosition":[-8.49783,267.176,17.7271],"t":[6.90449,5.95974,16.9739],"timeVisible":242.23,"type":"right","wrist":[-1.18952,258.567,75.6698]}],"id":1824147,"interactionBox":{"center":[0,200,0],"size":[235.247,235.247,147.751]},"pointables":[{"bases":[[[0.74896,0.661879,-0.0312225],[-0.560413,0.657878,0.503124],[0.353548,-0.359322,0.86365]],[[0.703947,0.698415,-0.129134],[-0.71013,0.688716,-0.14624],[-0.0131993,0.194647,0.980784]],[[0.703947,0.698415,-0.129134],[-0.616223,0.510166,-0.6],[-0.353169,0.501944,0.789509]],[[0.703947,0.698415,-0.129134],[-0.556293,0.429125,-0.711611],[-0.441585,0.572773,0.690604]]],"btipPosition":[-8.68958,220.061,-13.9879],"carpPosition":[-31.7246,260.297,78.0519],"dipPosition":[-19.0243,233.466,2.17472],"direction":[0.353169,-0.501944,-0.789509],"extended":false,"handId":506,"id":5060,"length":52.1164,"mcpPosition":[-31.7246,260.297,78.0519],"pipPosition":[-31.0658,250.58,29.0935],"stabilizedTipPosition":[-13.5726,217.705,-8.31089],"timeVisible":242.23,"tipPosition":[-10.7992,222.98,-9.97481],"tipVelocity":[7.09787,114.141,-117.802],"tool":false,"touchDistance":0.060857,"touchZone":"hovering","type":0,"width":20.25},{"bases":[[[0.901636,-0.381077,-0.20453],[0.39888,0.91549,0.0526662],[0.167175,-0.129068,0.977443]],[[0.911096,-0.389147,-0.135898],[0.397917,0.744342,0.536299],[-0.107545,-0.542696,0.833016]],[[0.911096,-0.389147,-0.135898],[0.408269,0.806572,0.427502],[-0.0567501,-0.444978,0.893741]],[[0.911096,-0.389147,-0.135898],[0.412108,0.853249,0.319584],[-0.00841074,-0.347176,0.937762]]],"btipPosition":[-21.8772,325.831,-74.2267],"carpPosition":[-15.714,276.333,71.0961],"dipPosition":[-22.0209,319.899,-58.2044],"direction":[0.0567501,0.444978,-0.893741],"extended":true,"handId":506,"id":5061,"length":58.8075,"mcpPosition":[-28.013,285.828,-0.813982],"pipPosition":[-23.3926,309.144,-36.6023],"stabilizedTipPosition":[-22.9121,315.35,-61.1399],"timeVisible":242.23,"tipPosition":[-21.9648,324.715,-70.4069],"tipVelocity":[16.1725,101.763,-136.78],"tool":false,"touchDistance":0.0925459,"touchZone":"hovering","type":1,"width":19.3428},{"bases":[[[0.834634,-0.545459,-0.0765547],[0.549143,0.834828,0.0387765],[0.042759,-0.0744037,0.996311]],[[0.834125,-0.544626,-0.0872765],[0.107459,0.315658,-0.942769],[0.541006,0.777009,0.321823]],[[0.834125,-0.544626,-0.0872765],[-0.529766,-0.746997,-0.401676],[0.153568,0.381284,-0.911613]],[[0.834125,-0.544626,-0.0872765],[-0.505597,-0.818208,0.273692],[-0.220471,-0.184167,-0.957849]]],"btipPosition":[-33.4345,233.683,27.0189],"carpPosition":[-4.15075,273.325,68.1186],"dipPosition":[-37.5776,230.222,9.01898],"direction":[-0.153568,-0.381285,0.911613],"extended":false,"handId":506,"id":5062,"length":67.0064,"mcpPosition":[-7.13396,278.516,-1.39204],"pipPosition":[-33.2107,241.064,-16.904],"stabilizedTipPosition":[-38.548,239.425,5.76054],"timeVisible":242.23,"tipPosition":[-34.2278,233.092,23.2453],"tipVelocity":[-8.90767,108.986,-155.125],"tool":false,"touchDistance":0.333333,"touchZone":"none","type":2,"width":18.9972},{"bases":[[[0.788042,-0.611833,0.0681913],[0.608454,0.790927,0.0649484],[-0.093672,-0.00969084,0.995556]],[[0.784631,-0.611829,0.100096],[0.305013,0.2404,-0.921507],[0.539742,0.753573,0.375241]],[[0.784631,-0.611829,0.100096],[-0.512579,-0.731034,-0.450391],[0.348736,0.302084,-0.887203]],[[0.784631,-0.611829,0.100096],[-0.616251,-0.752058,0.233759],[-0.0677428,-0.245099,-0.967128]]],"btipPosition":[-20.131,230.619,29.9202],"carpPosition":[6.51182,267.47,66.4003],"dipPosition":[-21.3967,226.039,11.8503],"direction":[-0.348736,-0.302084,0.887203],"extended":false,"handId":506,"id":5063,"length":64.4285,"mcpPosition":[12.3794,268.077,4.03865],"pipPosition":[-11.736,234.408,-12.727],"stabilizedTipPosition":[-24.5964,234.249,10.8653],"timeVisible":242.23,"tipPosition":[-20.37,229.702,25.9746],"tipVelocity":[-0.00856616,115.938,-127.542],"tool":false,"touchDistance":0.333333,"touchZone":"none","type":3,"width":18.077},{"bases":[[[0.660464,-0.73106,0.171283],[0.712934,0.682152,0.162462],[-0.235611,0.0148127,0.971735]],[[0.674503,-0.730456,0.107143],[0.389778,0.229088,-0.89196],[0.626993,0.643391,0.439236]],[[0.674503,-0.730456,0.107143],[-0.593685,-0.622928,-0.509411],[0.438845,0.279989,-0.853827]],[[0.674503,-0.730456,0.107143],[-0.736908,-0.657308,0.157838],[-0.0448678,-0.185417,-0.981635]]],"btipPosition":[-2.27474,229.509,28.4788],"carpPosition":[14.0432,255.398,66.736],"dipPosition":[-3.04812,226.313,11.5585],"direction":[-0.438845,-0.279989,0.853827],"extended":false,"handId":506,"id":5064,"length":50.5107,"mcpPosition":[27.7051,254.539,10.3897],"pipPosition":[5.53515,231.79,-5.14129],"stabilizedTipPosition":[-7.17304,234.81,5.32672],"timeVisible":242.23,"tipPosition":[-2.42365,228.751,24.4439],"tipVelocity":[-0.169831,118.697,-120.277],"tool":false,"touchDistance":0.333333,"touchZone":"none","type":4,"width":16.0574}],"r":[[0.510769,0.235017,0.826972],[0.597936,-0.788266,-0.14529],[0.617728,0.568686,-0.543147]],"s":1.38167,"t":[6.90449,5.95974,16.9739],"timestamp":98056703584},false],[6,{"currentFrameRate":107.605,"devices":[],"gestures":[],"hands":[{"armBasis":[[0.890747,-0.243204,-0.383956],[0.4021,0.81548,0.416302],[0.211862,-0.525209,0.824179]],"armWidth":63.72,"confidence":0.659218,"direction":[0.0516927,0.208638,-0.976626],"elbow":[55.8316,117.36,296.078],"grabStrength":0,"id":506,"palmNormal":[-0.423205,-0.881205,-0.210654],"palmPosition":[-7.30325,269.859,20.2278],"palmVelocity":[3.90328,127.388,-150.685],"palmWidth":90.99,"pinchStrength":0.694055,"r":[[0.508953,0.233189,0.828607],[0.597919,-0.788254,-0.145426],[0.619241,0.569455,-0.540613]],"s":1.38098,"sphereCenter":[-50.5884,275.123,-7.18884],"sphereRadius":60.8511,"stabilizedPalmPosition":[-8.46878,267.241,17.7879],"t":[6.95813,7.10197,15.4858],"timeVisible":242.239,"type":"right","wrist":[-1.37119,259.166,73.5498]}],"id":1824148,"interactionBox":{"center":[0,200,0],"size":[235.247,235.247,147.751]},"pointables":[{"bases":[[[0.752605,0.658188,-0.0193575],[-0.558894,0.654058,0.50975],[0.348173,-0.372822,0.860105]],[[0.708301,0.696197,-0.116702],[-0.705721,0.69453,-0.139948],[-0.0163783,0.181485,0.983257]],[[0.708301,0.696197,-0.116702],[-0.61122,0.522142,-0.594792],[-0.353158,0.492623,0.795363]],[[0.708301,0.696197,-0.116702],[-0.551254,0.442243,-0.707489],[-0.440941,0.565447,0.697023]]],"btipPosition":[-8.72759,221.939,-16.6778],"carpPosition":[-31.9059,261.028,75.8353],"dipPosition":[-19.0472,235.173,-0.364942],"direction":[0.353158,-0.492623,-0.795363],"extended":false,"handId":506,"id":5060,"length":52.1164,"mcpPosition":[-31.9059,261.028,75.8353],"pipPosition":[-31.0883,251.969,26.7534],"stabilizedTipPosition":[-13.4996,217.92,-8.44724],"timeVisible":242.239,"tipPosition":[-10.8405,224.809,-12.6288],"tipVelocity":[4.08347,138.626,-166.163],"tool":false,"touchDistance":0.0166017,"touchZone":"hovering","type":0,"width":20.25},{"bases":[[[0.900396,-0.383149,-0.206115],[0.403552,0.912532,0.0665712],[0.16258,-0.143119,0.976261]],[[0.909544,-0.392199,-0.137514],[0.399715,0.734866,0.547904],[-0.113833,-0.55331,0.825161]],[[0.909544,-0.392199,-0.137514],[0.410835,0.798449,0.440106],[-0.0628109,-0.456792,0.887353]],[[0.909544,-0.392199,-0.137514],[0.415367,0.84653,0.332952],[-0.0141732,-0.359953,0.932863]]],"btipPosition":[-21.0922,328.562,-75.501],"carpPosition":[-15.7821,277.07,69.1592],"dipPosition":[-21.3344,322.412,-59.5625],"direction":[0.0628109,0.456792,-0.887353],"extended":true,"handId":506,"id":5061,"length":58.8075,"mcpPosition":[-27.7431,287.599,-2.66393],"pipPosition":[-22.8525,311.371,-38.1148],"stabilizedTipPosition":[-22.8181,315.979,-61.7102],"timeVisible":242.239,"tipPosition":[-21.2039,327.387,-71.7012],"tipVelocity":[34.9336,155.327,-138.401],"tool":false,"touchDistance":0.0709852,"touchZone":"hovering","type":1,"width":19.3428},{"bases":[[[0.832006,-0.548875,-0.0806325],[0.553437,0.831255,0.052184],[0.0383836,-0.0880424,0.995377]],[[0.831541,-0.547887,-0.0914302],[0.115419,0.331436,-0.936391],[0.54334,0.768095,0.338839]],[[0.831541,-0.547887,-0.0914302],[-0.531362,-0.73665,-0.418331],[0.161846,0.396442,-0.903681]],[[0.831541,-0.547887,-0.0914302],[-0.511748,-0.819654,0.257449],[-0.215994,-0.16729,-0.961956]]],"btipPosition":[-33.6339,235.031,24.1836],"carpPosition":[-4.22335,274.041,66.1867],"dipPosition":[-37.6928,231.887,6.10653],"direction":[-0.161846,-0.396442,0.903681],"extended":false,"handId":506,"id":5062,"length":67.0064,"mcpPosition":[-6.9013,280.183,-3.25871],"pipPosition":[-33.0905,243.161,-19.5909],"stabilizedTipPosition":[-38.5137,239.381,5.88337],"timeVisible":242.239,"tipPosition":[-34.3933,234.519,20.4603],"tipVelocity":[-11.9311,122.178,-199.196],"tool":false,"touchDistance":0.333333,"touchZone":"none","type":2,"width":18.9972},{"bases":[[[0.784483,-0.61694,0.0630214],[0.612407,0.786686,0.0779936],[-0.0976955,-0.0225899,0.99496]],[[0.780973,-0.617347,0.0946779],[0.31119,0.253191,-0.915999],[0.541518,0.744834,0.389848]],[[0.780973,-0.617347,0.0946779],[-0.513702,-0.721144,-0.464825],[0.355235,0.31438,-0.880326]],[[0.780973,-0.617347,0.0946779],[-0.621273,-0.752338,0.219105],[-0.0640342,-0.229936,-0.971097]]],"btipPosition":[-20.3049,231.875,27.2197],"carpPosition":[6.41455,268.151,64.4314],"dipPosition":[-21.5013,227.579,9.07568],"direction":[-0.355235,-0.31438,0.880326],"extended":false,"handId":506,"id":5063,"length":64.4285,"mcpPosition":[12.5342,269.566,2.10712],"pipPosition":[-11.6606,236.288,-15.3111],"stabilizedTipPosition":[-24.5454,234.206,11.02],"timeVisible":242.239,"tipPosition":[-20.5224,231.035,23.2979],"tipVelocity":[-4.81919,124.16,-175.108],"tool":false,"touchDistance":0.333333,"touchZone":"none","type":3,"width":18.077},{"bases":[[[0.65586,-0.736854,0.163995],[0.715914,0.676045,0.17444],[-0.239405,0.00299788,0.970915]],[[0.670045,-0.735488,0.100484],[0.395649,0.239305,-0.886677],[0.628094,0.633869,0.45134]],[[0.670045,-0.735488,0.100484],[-0.594205,-0.612548,-0.521255],[0.444928,0.289556,-0.847465]],[[0.670045,-0.735488,0.100484],[-0.741199,-0.655437,0.145005],[-0.0407884,-0.171638,-0.984315]]],"btipPosition":[-2.44624,230.744,25.9179],"carpPosition":[13.8799,256.036,64.6338],"dipPosition":[-3.14931,227.786,8.95145],"direction":[-0.444928,-0.289556,0.847465],"extended":false,"handId":506,"id":5064,"length":50.5107,"mcpPosition":[27.7618,255.862,8.33507],"pipPosition":[5.55295,233.449,-7.62395],"stabilizedTipPosition":[-7.09345,234.728,5.61769],"timeVisible":242.239,"tipPosition":[-2.57206,230.046,21.896],"tipVelocity":[-4.85624,125.186,-165.401],"tool":false,"touchDistance":0.333333,"touchZone":"none","type":4,"width":16.0574}],"r":[[0.508953,0.233189,0.828607],[0.597919,-0.788254,-0.14542