{"sensorType":"Leap","data":[[0,{"currentFrameRate":110.625,"devices":[],"gestures":[],"hands":[{"armBasis":[[0.859433,-0.331841,-0.388918],[0.48654,0.764516,0.42284],[0.157018,-0.552627,0.818504]],"armWidth":63.72,"confidence":0.607782,"direction":[0.00675897,0.351848,-0.936033],"elbow":[46.9199,108.111,278.958],"grabStrength":0,"id":506,"palmNormal":[-0.491135,-0.814207,-0.309601],"palmPosition":[-3.87162,276.322,7.35429],"palmVelocity":[72.8558,6.35709,127.614],"palmWidth":90.99,"pinchStrength":0.810419,"r":[[0.561051,0.0634555,0.825346],[0.543651,-0.78013,-0.309582],[0.624232,0.622392,-0.47219]],"s":1.36475,"sphereCenter":[-34.5362,278.78,-18.3204],"sphereRadius":51.3912,"stabilizedPalmPosition":[-12.2949,276.304,-8.46696],"t":[9.85218,14.6759,0.0526034],"timeVisible":237.358,"type":"right","wrist":[4.52495,257.32,57.9622]}],"id":1823619,"interactionBox":{"center":[0,200,0],"size":[235.247,235.247,147.751]},"pointables":[{"bases":[[[0.791114,0.611074,0.0269436],[-0.484017,0.598474,0.638402],[0.373986,-0.51809,0.769232]],[[0.744357,0.665152,-0.059202],[-0.665814,0.746042,0.0106034],[0.05122,0.0315249,0.99819]],[[0.744357,0.665152,-0.059202],[-0.607799,0.638106,-0.472654],[-0.27661,0.387806,0.879257]],[[0.744357,0.665152,-0.059202],[-0.426699,0.405561,-0.808362],[-0.513674,0.626971,0.585702]]],"btipPosition":[-6.7384,231.018,-30.9225],"carpPosition":[-25.6346,260.488,62.5911],"dipPosition":[-18.7602,245.691,-17.215],"direction":[0.27661,-0.387806,-0.879257],"extended":false,"handId":506,"id":5060,"length":52.1164,"mcpPosition":[-25.6346,260.488,62.5911],"pipPosition":[-28.1914,258.914,12.7638],"stabilizedTipPosition":[-17.6151,234.395,-45.3886],"timeVisible":237.358,"tipPosition":[-10.0788,235.011,-28.3216],"tipVelocity":[65.1075,6.40256,127.774],"tool":false,"touchDistance":0.218353,"touchZone":"hovering","type":0,"width":20.25},{"bases":[[[0.859826,-0.396179,-0.322088],[0.464995,0.868154,0.173462],[0.2109,-0.298917,0.930682]],[[0.883971,-0.444506,-0.144945],[0.42721,0.641962,0.636692],[-0.189964,-0.624739,0.757373]],[[0.883971,-0.444506,-0.144945],[0.445315,0.706021,0.550662],[-0.142438,-0.551315,0.822048]],[[0.883971,-0.444506,-0.144945],[0.457497,0.758452,0.464163],[-0.0963895,-0.476619,0.87381]]],"btipPosition":[-11.1984,346.749,-78.5278],"carpPosition":[-8.93356,276.448,57.2795],"dipPosition":[-12.8453,338.605,-63.5983],"direction":[0.142438,0.551315,-0.822048],"extended":true,"handId":506,"id":5061,"length":58.8075,"mcpPosition":[-24.4494,298.44,-11.1905],"pipPosition":[-16.2881,325.28,-43.729],"stabilizedTipPosition":[-20.3691,340.806,-90.3177],"timeVisible":237.358,"tipPosition":[-11.8505,344.977,-75.0629],"tipVelocity":[94.0641,24.9515,140.77],"tool":false,"touchDistance":0.316057,"touchZone":"hovering","type":1,"width":19.3428},{"bases":[[[0.788462,-0.575077,-0.218209],[0.608182,0.781903,0.136903],[0.0918883,-0.240653,0.966252]],[[0.787202,-0.571904,-0.230734],[0.0934705,0.480471,-0.872015],[0.60957,0.664886,0.431684]],[[0.787202,-0.571904,-0.230734],[-0.599107,-0.62049,-0.506026],[0.14623,0.536579,-0.831083]],[[0.787202,-0.571904,-0.230734],[-0.55138,-0.820286,0.152024],[-0.276211,0.00754809,-0.961067]]],"btipPosition":[-32.5529,242.618,6.5758],"carpPosition":[2.20716,273.277,53.1032],"dipPosition":[-37.7435,242.76,-11.4846],"direction":[-0.14623,-0.536579,0.831083],"extended":false,"handId":506,"id":5062,"length":67.0064,"mcpPosition":[-4.20371,290.066,-14.3102],"pipPosition":[-33.5852,258.019,-35.1176],"stabilizedTipPosition":[-42.9211,243.348,-19.2052],"timeVisible":237.358,"tipPosition":[-33.64,242.687,2.75266],"tipVelocity":[61.1884,16.7632,121.429],"tool":false,"touchDistance":0.333333,"touchZone":"none","type":2,"width":18.9972},{"bases":[[[0.745284,-0.661519,-0.0833338],[0.665579,0.730749,0.151696],[-0.0394534,-0.168522,0.984908]],[[0.744441,-0.664482,-0.0653579],[0.268005,0.387033,-0.882258],[0.61154,0.639272,0.466208]],[[0.744441,-0.664482,-0.0653579],[-0.585515,-0.60264,-0.542215],[0.320905,0.441915,-0.837694]],[[0.744441,-0.664482,-0.0653579],[-0.653336,-0.745127,0.133931],[-0.137695,-0.0570032,-0.988833]]],"btipPosition":[-18.8509,237.965,8.92274],"carpPosition":[12.3181,267.148,49.7662],"dipPosition":[-21.4236,236.9,-9.55261],"direction":[-0.320905,-0.441915,0.837694],"extended":false,"handId":506,"id":5063,"length":64.4285,"mcpPosition":[14.7895,277.704,-11.9284],"pipPosition":[-12.5339,249.141,-32.7584],"stabilizedTipPosition":[-28.4564,239.241,-16.2513],"timeVisible":237.358,"tipPosition":[-19.3271,237.766,5.07254],"tipVelocity":[59.9112,11.7965,120.945],"tool":false,"touchDistance":0.333333,"touchZone":"none","type":3,"width":18.077},{"bases":[[[0.615422,-0.788164,0.00730739],[0.767277,0.601184,0.223302],[-0.180391,-0.131818,0.974722]],[[0.628468,-0.7742,-0.075112],[0.345612,0.364449,-0.864713],[0.696836,0.517485,0.496618]],[[0.628468,-0.7742,-0.075112],[-0.66311,-0.482793,-0.57201],[0.406587,0.409298,-0.8168]],[[0.628468,-0.7742,-0.075112],[-0.76981,-0.632913,0.0825482],[-0.111448,0.005943,-0.993752]]],"btipPosition":[-1.22809,235.989,6.67914],"carpPosition":[18.9828,254.751,47.6539],"dipPosition":[-3.1491,236.091,-10.45],"direction":[-0.406587,-0.409298,0.8168],"extended":false,"handId":506,"id":5064,"length":50.5107,"mcpPosition":[29.4428,262.395,-8.86559],"pipPosition":[4.80325,244.097,-26.4256],"stabilizedTipPosition":[-10.4236,237.997,-17.6005],"timeVisible":237.358,"tipPosition":[-1.58912,236.05,3.02626],"tipVelocity":[58.9805,7.31069,121.844],"tool":false,"touchDistance":0.333333,"touchZone":"none","type":4,"width":16.0574}],"r":[[0.561051,0.0634555,0.825346],[0.543651,-0.78013,-0.309582],[0.624232,0.622392,-0.47219]],"s":1.36475,"t":[9.85218,14.6759,0.0526034],"timestamp":98051831898},false],[1,{"currentFrameRate":110.72,"devices":[],"gestures":[],"hands":[{"armBasis":[[0.857502,-0.334053,-0.391279],[0.489712,0.763108,0.42172],[0.157712,-0.55324,0.817956]],"armWidth":63.72,"confidence":0.612469,"direction":[0.00595675,0.349856,-0.936785],"elbow":[47.4923,107.986,279.555],"grabStrength":0,"id":506,"palmNormal":[-0.494345,-0.813294,-0.30688],"palmPosition":[-3.52984,276.283,8.07609],"palmVelocity":[63.5592,3.44206,115.096],"palmWidth":90.99,"pinchStrength":0.810562,"r":[[0.561928,0.060385,0.824979],[0.540968,-0.781315,-0.311288],[0.625771,0.621209,-0.471709]],"s":1.36479,"sphereCenter":[-34.1942,278.744,-17.5515],"sphereRadius":51.3638,"stabilizedPalmPosition":[-12.145,276.303,-8.18409],"t":[10.3187,14.6721,0.949232],"timeVisible":237.367,"type":"right","wrist":[4.9101,257.361,58.7067]}],"id":1823620,"interactionBox":{"center":[0,200,0],"size":[235.247,235.247,147.751]},"pointables":[{"bases":[[[0.7931,0.608617,0.0240398],[-0.48081,0.601347,0.638125],[0.373917,-0.517655,0.769558]],[[0.746293,0.662705,-0.0621994],[-0.663462,0.748135,0.0105477],[0.0535235,0.0333953,0.998008]],[[0.746293,0.662705,-0.0621994],[-0.606441,0.63845,-0.473932],[-0.274366,0.391412,0.878362]],[[0.746293,0.662705,-0.0621994],[-0.427239,0.40527,-0.808222],[-0.510405,0.629744,0.585584]]],"btipPosition":[-6.60149,230.883,-30.0808],"carpPosition":[-25.2297,260.634,63.3904],"dipPosition":[-18.5468,245.621,-16.376],"direction":[0.274366,-0.391412,-0.878362],"extended":false,"handId":506,"id":5060,"length":52.1164,"mcpPosition":[-25.2297,260.634,63.3904],"pipPosition":[-27.9015,258.967,13.5723],"stabilizedTipPosition":[-17.5081,234.393,-45.1497],"timeVisible":237.367,"tipPosition":[-9.91508,234.885,-27.4731],"tipVelocity":[52.1844,0.998607,118.86],"tool":false,"touchDistance":0.232371,"touchZone":"hovering","type":0,"width":20.25},{"bases":[[[0.857905,-0.399581,-0.323007],[0.468097,0.867037,0.170682],[0.211857,-0.297627,0.930878]],[[0.882267,-0.447642,-0.145678],[0.430496,0.642009,0.634427],[-0.190469,-0.622447,0.759132]],[[0.882267,-0.447642,-0.145678],[0.448662,0.705917,0.548072],[-0.142504,-0.548906,0.823647]],[[0.882267,-0.447642,-0.145678],[0.460849,0.758181,0.46128],[-0.096038,-0.474108,0.875213]]],"btipPosition":[-10.8071,346.536,-77.9488],"carpPosition":[-8.4891,276.53,58.0111],"dipPosition":[-12.448,338.436,-62.9952],"direction":[0.142504,0.548906,-0.823647],"extended":true,"handId":506,"id":5061,"length":58.8075,"mcpPosition":[-24.0754,298.427,-10.4732],"pipPosition":[-15.8923,325.169,-43.0873],"stabilizedTipPosition":[-19.9655,340.976,-89.6231],"timeVisible":237.367,"tipPosition":[-11.4534,344.779,-74.475],"tipVelocity":[80.5753,11.9937,120.49],"tool":false,"touchDistance":0.3258,"touchZone":"hovering","type":1,"width":19.3428},{"bases":[[[0.786187,-0.578033,-0.218604],[0.610935,0.780256,0.134012],[0.093104,-0.238912,0.966568]],[[0.784911,-0.574881,-0.23114],[0.0932728,0.478419,-0.873164],[0.612547,0.663797,0.429138]],[[0.784911,-0.574881,-0.23114],[-0.602089,-0.619583,-0.503593],[0.146295,0.534443,-0.832447]],[[0.784911,-0.574881,-0.23114],[-0.553684,-0.818211,0.154803],[-0.278115,0.00647165,-0.960526]]],"btipPosition":[-32.3215,242.668,7.42074],"carpPosition":[2.63293,273.314,53.8188],"dipPosition":[-37.5479,242.79,-10.6295],"direction":[-0.146295,-0.534443,0.832447],"extended":false,"handId":506,"id":5062,"length":67.0064,"mcpPosition":[-3.86275,289.983,-13.6167],"pipPosition":[-33.3878,257.988,-34.3013],"stabilizedTipPosition":[-42.8815,243.346,-19.1107],"timeVisible":237.367,"tipPosition":[-33.4165,242.732,3.59835],"tipVelocity":[51.4273,13.602,114.425],"tool":false,"touchDistance":0.333333,"touchZone":"none","type":2,"width":18.9972},{"bases":[[[0.743012,-0.664054,-0.0834596],[0.6682,0.728951,0.148795],[-0.03797,-0.166324,0.98534]],[[0.742188,-0.667,-0.0653267],[0.2674,0.384096,-0.883723],[0.614535,0.638421,0.463428]],[[0.742188,-0.667,-0.0653267],[-0.588553,-0.602053,-0.539571],[0.320564,0.438912,-0.839402]],[[0.742188,-0.667,-0.0653267],[-0.655431,-0.742731,0.136973],[-0.139881,-0.0588426,-0.988418]]],"btipPosition":[-18.6279,237.981,9.76738],"carpPosition":[12.7176,267.147,50.4741],"dipPosition":[-21.2414,236.882,-8.70023],"direction":[-0.320564,-0.438912,0.839402],"extended":false,"handId":506,"id":5063,"length":64.4285,"mcpPosition":[15.096,277.565,-11.2476],"pipPosition":[-12.3612,249.041,-31.9533],"stabilizedTipPosition":[-28.4206,239.236,-16.1668],"timeVisible":237.367,"tipPosition":[-19.1141,237.773,5.90801],"tipVelocity":[50.2046,8.87318,114.045],"tool":false,"touchDistance":0.333333,"touchZone":"none","type":3,"width":18.077},{"bases":[[[0.612936,-0.790095,0.00771338],[0.769634,0.599215,0.220467],[-0.178812,-0.129195,0.975364]],[[0.625774,-0.776475,-0.0741237],[0.345134,0.360858,-0.866409],[0.699492,0.516593,0.493804]],[[0.625774,-0.776475,-0.0741237],[-0.665829,-0.482257,-0.569298],[0.406299,0.405606,-0.818783]],[[0.625774,-0.776475,-0.0741237],[-0.771728,-0.630139,0.0857975],[-0.113328,0.00351352,-0.993551]]],"btipPosition":[-1.0198,235.956,7.4972],"carpPosition":[19.3386,254.724,48.3743],"dipPosition":[-2.97321,236.016,-9.62844],"direction":[-0.406299,-0.405606,0.818783],"extended":false,"handId":506,"id":5064,"length":50.5107,"mcpPosition":[29.707,262.216,-8.18236],"pipPosition":[4.97351,243.95,-25.6429],"stabilizedTipPosition":[-10.3916,237.99,-17.5248],"timeVisible":237.367,"tipPosition":[-1.3878,236.002,3.8324],"tipVelocity":[49.135,4.02385,113.858],"tool":false,"touchDistance":0.333333,"touchZone":"none","type":4,"width":16.0574}],"r":[[0.561928,0.060385,0.824979],[0.540968,-0.781315,-0.311288],[0.625771,0.621209,-0.471709]],"s":1.36479,"t":[10.3187,14.6721,0.949232],"timestamp":98051840762},false],[2,{"currentFrameRate":110.675,"devices":[],"gestures":[],"hands":[{"armBasis":[[0.854935,-0.33216,-0.398443],[0.492143,0.762149,0.420624],[0.163958,-0.555697,0.815058]],"armWidth":63.72,"confidence":0.613874,"direction":[0.00537166,0.350368,-0.936597],"elbow":[49.5567,107.135,279.947],"grabStrength":0,"id":506,"palmNormal":[-0.496661,-0.811987,-0.306602],"palmPosition":[-3.18356,276.144,9.27386],"palmVelocity":[56.4645,-1.76566,119.627],"palmWidth":90.99,"pinchStrength":0.810627,"r":[[0.562894,0.0575768,0.824521],[0.538367,-0.782467,-0.312899],[0.627145,0.620024,-0.471444]],"s":1.36482,"sphereCenter":[-33.8317,278.648,-16.318],"sphereRadius":51.3348,"stabilizedPalmPosition":[-12.0133,276.301,-7.92744],"t":[10.7251,14.6003,1.99643],"timeVisible":237.376,"type":"right","wrist":[5.28794,257.173,59.8814]}],"id":1823621,"interactionBox":{"center":[0,200,0],"size":[235.247,235.247,147.751]},"pointables":[{"bases":[[[0.794527,0.606785,0.023205],[-0.478486,0.602088,0.639172],[0.373869,-0.518943,0.768713]],[[0.747646,0.661098,-0.0630519],[-0.661787,0.749592,0.0122322],[0.0553498,0.0325816,0.997935]],[[0.747646,0.661098,-0.0630519],[-0.605357,0.639396,-0.474041],[-0.273072,0.392584,0.878242]],[[0.747646,0.661098,-0.0630519],[-0.427749,0.406761,-0.807203],[-0.507993,0.630472,0.586897]]],"btipPosition":[-6.40082,230.746,-28.8827],"carpPosition":[-24.8373,260.513,64.6115],"dipPosition":[-18.2897,245.501,-15.1472],"direction":[0.273072,-0.392584,-0.878242],"extended":false,"handId":506,"id":5060,"length":52.1164,"mcpPosition":[-24.8373,260.513,64.6115],"pipPosition":[-27.6003,258.887,14.797],"stabilizedTipPosition":[-17.4203,234.39,-44.946],"timeVisible":237.376,"tipPosition":[-9.69087,234.747,-26.2595],"tipVelocity":[44.2076,-3.34223,122.571],"tool":false,"touchDistance":0.252457,"touchZone":"hovering","type":0,"width":20.25},{"bases":[[[0.856509,-0.401363,-0.3245],[0.470334,0.865867,0.170472],[0.212553,-0.298635,0.930397]],[[0.881026,-0.449595,-0.147163],[0.43288,0.640708,0.63412],[-0.190809,-0.62238,0.759102]],[[0.881026,-0.449595,-0.147163],[0.451078,0.704652,0.547717],[-0.142552,-0.548935,0.82362]],[[0.881026,-0.449595,-0.147163],[0.463263,0.756954,0.460877],[-0.0958127,-0.47422,0.875177]]],"btipPosition":[-10.4256,346.454,-76.7056],"carpPosition":[-8.06833,276.374,59.2163],"dipPosition":[-12.0626,338.351,-61.7527],"direction":[0.142552,0.548935,-0.82362],"extended":true,"handId":506,"id":5061,"length":58.8075,"mcpPosition":[-23.7057,298.344,-9.23263],"pipPosition":[-15.5081,325.083,-41.8455],"stabilizedTipPosition":[-19.6111,341.116,-88.9905],"timeVisible":237.376,"tipPosition":[-11.0677,344.698,-73.2303],"tipVelocity":[69.8591,6.13883,124.902],"tool":false,"touchDistance":0.345199,"touchZone":"hovering","type":1,"width":19.3428},{"bases":[[[0.784536,-0.579709,-0.220092],[0.612918,0.778779,0.133543],[0.0939869,-0.239668,0.966295]],[[0.783249,-0.576545,-0.232631],[0.0931424,0.478776,-0.872982],[0.614692,0.662094,0.428702]],[[0.783249,-0.576545,-0.232631],[-0.604236,-0.617853,-0.503146],[0.146355,0.534653,-0.832302]],[[0.783249,-0.576545,-0.232631],[-0.555347,-0.817029,0.155091],[-0.279483,0.00771597,-0.96012]]],"btipPosition":[-32.0553,242.594,8.63594],"carpPosition":[3.0401,273.135,55.0057],"dipPosition":[-37.3074,242.739,-9.40663],"direction":[-0.146355,-0.534653,0.832302],"extended":false,"handId":506,"id":5062,"length":67.0064,"mcpPosition":[-3.51718,289.856,-12.4107],"pipPosition":[-33.1456,257.943,-33.0743],"stabilizedTipPosition":[-42.8483,243.343,-19.0291],"timeVisible":237.376,"tipPosition":[-33.1561,242.663,4.81384],"tipVelocity":[45.0812,7.73738,119.726],"tool":false,"touchDistance":0.333333,"touchZone":"none","type":2,"width":18.9972},{"bases":[[[0.741365,-0.665706,-0.0849312],[0.670088,0.727335,0.148212],[-0.0368925,-0.166791,0.985302]],[[0.740558,-0.66867,-0.0667429],[0.267007,0.38394,-0.88391],[0.616669,0.636766,0.46287]],[[0.740558,-0.66867,-0.0667429],[-0.59071,-0.600412,-0.539043],[0.320368,0.438618,-0.83963]],[[0.740558,-0.66867,-0.0667429],[-0.656941,-0.741295,0.137514],[-0.141428,-0.0579912,-0.988249]]],"btipPosition":[-18.3684,237.876,10.9664],"carpPosition":[13.1056,266.946,51.6427],"dipPosition":[-21.0108,236.793,-7.49804],"direction":[-0.320368,-0.438618,0.83963],"extended":false,"handId":506,"id":5063,"length":64.4285,"mcpPosition":[15.4166,277.394,-10.0766],"pipPosition":[-12.136,248.943,-30.7575],"stabilizedTipPosition":[-28.3906,239.23,-16.0942],"timeVisible":237.376,"tipPosition":[-18.8606,237.671,7.10535],"tipVelocity":[43.9718,3.31636,118.927],"tool":false,"touchDistance":0.333333,"touchZone":"none","type":3,"width":18.077},{"bases":[[[0.611135,-0.791501,0.00636392],[0.77133,0.597327,0.219661],[-0.177663,-0.129334,0.975555]],[[0.623784,-0.778017,-0.0747196],[0.3448,0.359714,-0.867017],[0.701432,0.515068,0.492644]],[[0.623784,-0.778017,-0.0747196],[-0.667822,-0.480871,-0.568135],[0.406088,0.404293,-0.819536]],[[0.623784,-0.778017,-0.0747196],[-0.773143,-0.628234,0.0870198],[-0.114644,0.0034874,-0.9934]]],"btipPosition":[-0.771702,235.829,8.69105],"carpPosition":[19.695,254.51,49.5261],"dipPosition":[-2.7478,235.889,-8.432],"direction":[-0.406088,-0.404293,0.819536],"extended":false,"handId":506,"id":5064,"length":50.5107,"mcpPosition":[29.9969,262.009,-7.04166],"pipPosition":[5.1948,243.797,-24.4611],"stabilizedTipPosition":[-10.365,237.984,-17.4602],"timeVisible":237.376,"tipPosition":[-1.14469,235.869,5.01145],"tipVelocity":[42.8946,-0.949102,118.631],"tool":false,"touchDistance":0.333333,"touchZone":"none","type":4,"width":16.0574}],"r":[[0.562894,0.0575768,0.824521],[0.538367,-0.782467,-0.312899],[0.627145,0.620024,-0.471444]],"s":1.36482,"t":[10.7251,14.6003,1.99643],"timestamp":98051849876},false],[3,{"currentFrameRate":110.639,"devices":[],"gestures":[],"hands":[{"armBasis":[[0.850957,-0.337583,-0.402379],[0.499105,0.758353,0.41928],[0.163604,-0.557619,0.813815]],"armWidth":63.72,"confidence":0.621883,"direction":[0.0029816,0.351184,-0.936302],"elbow":[49.7634,106.228,280.559],"grabStrength":0,"id":506,"palmNormal":[-0.50341,-0.808484,-0.304846],"palmPosition":[-3.0097,275.856,10.2814],"palmVelocity":[46.1051,-10.0328,117.145],"palmWidth":90.99,"pinchStrength":0.81022,"r":[[0.564551,0.0544526,0.8236],[0.534959,-0.784016,-0.314861],[0.628571,0.618347,-0.471747]],"s":1.36485,"sphereCenter":[-33.7543,278.575,-15.1587],"sphereRadius":51.3277,"stabilizedPalmPosition":[-11.9074,276.296,-7.71335],"t":[11.0152,14.4207,3.02378],"timeVisible":237.386,"type":"right","wrist":[5.5904,256.785,60.8293]}],"id":1823622,"interactionBox":{"center":[0,200,0],"size":[235.247,235.247,147.751]},"pointables":[{"bases":[[[0.798534,0.601625,0.0197901],[-0.471408,0.604577,0.642076],[0.374324,-0.522049,0.766385]],[[0.751537,0.656356,-0.0662501],[-0.656895,0.753804,0.0163558],[0.0606748,0.0312274,0.997669]],[[0.751537,0.656356,-0.0662501],[-0.60348,0.643459,-0.470928],[-0.266467,0.3939,0.879681]],[[0.751537,0.656356,-0.0662501],[-0.429379,0.410444,-0.804469],[-0.500826,0.633034,0.590289]]],"btipPosition":[-6.71106,230.51,-27.8972],"carpPosition":[-24.4888,260.315,65.7122],"dipPosition":[-18.4322,245.326,-14.0823],"direction":[0.266467,-0.3939,-0.879681],"extended":false,"handId":506,"id":5060,"length":52.1164,"mcpPosition":[-24.4888,260.315,65.7122],"pipPosition":[-27.5176,258.756,15.9109],"stabilizedTipPosition":[-17.3603,234.387,-44.7945],"timeVisible":237.386,"tipPosition":[-9.95441,234.524,-25.2472],"tipVelocity":[23.6777,-9.16563,119.16],"tool":false,"touchDistance":0.269187,"touchZone":"hovering","type":0,"width":20.25},{"bases":[[[0.852277,-0.406584,-0.32911],[0.476756,0.862657,0.168897],[0.215239,-0.300852,0.929064]],[[0.877365,-0.455142,-0.151911],[0.44012,0.637265,0.632603],[-0.191117,-0.621883,0.759431]],[[0.877365,-0.455142,-0.151911],[0.458309,0.701174,0.546176],[-0.142072,-0.548817,0.823781]],[[0.877365,-0.455142,-0.151911],[0.470407,0.753483,0.459326],[-0.0945965,-0.474456,0.875181]]],"btipPosition":[-10.2188,346.295,-75.5943],"carpPosition":[-7.64475,276.072,60.2477],"dipPosition":[-11.835,338.189,-60.6413],"direction":[0.142072,0.548817,-0.823781],"extended":true,"handId":506,"id":5061,"length":58.8075,"mcpPosition":[-23.4798,298.206,-8.10322],"pipPosition":[-15.2689,324.923,-40.7302],"stabilizedTipPosition":[-19.3299,341.219,-88.4656],"timeVisible":237.386,"tipPosition":[-10.8541,344.537,-72.1197],"tipVelocity":[56.9349,-0.426846,124.119],"tool":false,"touchDistance":0.360682,"touchZone":"hovering","type":1,"width":19.3428},{"bases":[[[0.779674,-0.584557,-0.224503],[0.61859,0.774686,0.131182],[0.097236,-0.241154,0.965603]],[[0.778344,-0.581372,-0.237039],[0.0919581,0.479041,-0.872962],[0.621067,0.657667,0.426321]],[[0.778344,-0.581372,-0.237039],[-0.61069,-0.613417,-0.500776],[0.145733,0.534533,-0.832488]],[[0.778344,-0.581372,-0.237039],[-0.559853,-0.813571,0.157057],[-0.284157,0.0104628,-0.958721]]],"btipPosition":[-32.1024,242.494,9.75124],"carpPosition":[3.42147,272.765,55.979],"dipPosition":[-37.4423,242.69,-8.26504],"direction":[-0.145733,-0.534533,0.832488],"extended":false,"handId":506,"id":5062,"length":67.0064,"mcpPosition":[-3.36249,289.59,-11.3892],"pipPosition":[-33.2982,257.891,-31.938],"stabilizedTipPosition":[-42.8241,243.341,-18.9665],"timeVisible":237.386,"tipPosition":[-33.222,242.573,5.93336],"tipVelocity":[30.533,2.8894,120.685],"tool":false,"touchDistance":0.333333,"touchZone":"none","type":2,"width":18.9972},{"bases":[[[0.73662,-0.670398,-0.0892056],[0.675498,0.72286,0.145521],[-0.0330742,-0.167452,0.985325]],[[0.73588,-0.673386,-0.0709311],[0.265175,0.382993,-0.884872],[0.623027,0.632351,0.460402]],[[0.73588,-0.673386,-0.0709311],[-0.597203,-0.596097,-0.536672],[0.319106,0.437287,-0.840804]],[[0.73588,-0.673386,-0.0709311],[-0.661046,-0.737152,0.140094],[-0.146624,-0.0562035,-0.987594]]],"btipPosition":[-18.4352,237.687,12.0133],"carpPosition":[13.43,266.515,52.5605],"dipPosition":[-21.1747,236.637,-6.43892],"direction":[-0.319106,-0.437287,0.840804],"extended":false,"handId":506,"id":5063,"length":64.4285,"mcpPosition":[15.5018,277.004,-9.1603],"pipPosition":[-12.3348,248.751,-29.7309],"stabilizedTipPosition":[-28.369,239.226,-16.039],"timeVisible":237.386,"tipPosition":[-18.9477,237.487,8.1523],"tipVelocity":[29.0664,-3.12819,117.926],"tool":false,"touchDistance":0.333333,"touchZone":"none","type":3,"width":18.077},{"bases":[[[0.606036,-0.795433,0.00262479],[0.776252,0.592136,0.216351],[-0.173647,-0.129079,0.976312]],[[0.61828,-0.782098,-0.0778043],[0.34291,0.357502,-0.86868],[0.707208,0.510407,0.489226]],[[0.61828,-0.782098,-0.0778043],[-0.673772,-0.476454,-0.564821],[0.404675,0.40164,-0.821537]],[[0.61828,-0.782098,-0.0778043],[-0.776832,-0.623141,0.0907056],[-0.119424,0.00435945,-0.992834]]],"btipPosition":[-0.865461,235.545,9.67148],"carpPosition":[19.9284,254.038,50.4002],"dipPosition":[-2.92394,235.62,-7.4418],"direction":[-0.404675,-0.40164,0.821537],"extended":false,"handId":506,"id":5064,"length":50.5107,"mcpPosition":[29.9973,261.523,-6.21146],"pipPosition":[4.99102,243.475,-23.5101],"stabilizedTipPosition":[-10.3458,237.979,-17.4109],"timeVisible":237.386,"tipPosition":[-1.25635,235.581,5.97977],"tipVelocity":[27.5698,-9.25118,115.67],"tool":false,"touchDistance":0.333333,"touchZone":"none","type":4,"width":16.0574}],"r":[[0.564551,0.0544526,0.8236],[0.534959,-0.784016,-0.314861],[0.628571,0.618347,-0.471747]],"s":1.36485,"t":[11.0152,14.4207,3.02378],"timestamp":98051858979},false],[4,{"currentFrameRate":110.686,"devices":[],"gestures":[],"hands":[{"armBasis":[[0.85027,-0.338137,-0.403366],[0.500127,0.75788,0.418916],[0.164052,-0.557926,0.813514]],"armWidth":63.72,"confidence":0.622959,"direction":[0.00249312,0.351726,-0.9361],"elbow":[50.0555,105.764,281.385],"grabStrength":0,"id":506,"palmNormal":[-0.504351,-0.80788,-0.304893],"palmPosition":[-2.86491,275.511,11.2064],"palmVelocity":[37.9251,-17.8196,113.374],"palmWidth":90.99,"pinchStrength":0.810377,"r":[[0.566014,0.0517582,0.82277],[0.532039,-0.785298,-0.316608],[0.629732,0.61695,-0.472027]],"s":1.36488,"sphereCenter":[-33.5862,278.236,-14.2164],"sphereRadius":51.3043,"stabilizedPalmPosition":[-11.8247,276.288,-7.54025],"t":[11.2327,14.1585,3.99999],"timeVisible":237.395,"type":"right","wrist":[5.76146,256.404,61.7361]}],"id":1823623,"interactionBox":{"center":[0,200,0],"size":[235.247,235.247,147.751]},"pointables":[{"bases":[[[0.79906,0.600936,0.0194688],[-0.470356,0.604602,0.642823],[0.374525,-0.522811,0.765767]],[[0.752066,0.655729,-0.0664518],[-0.6562,0.754383,0.0175426],[0.0616334,0.0304124,0.997635]],[[0.752066,0.655729,-0.0664518],[-0.602776,0.643527,-0.471734],[-0.266567,0.394831,0.879233]],[[0.752066,0.655729,-0.0664518],[-0.43006,0.411826,-0.803397],[-0.499445,0.632786,0.591723]]],"btipPosition":[-6.60968,230.166,-26.9798],"carpPosition":[-24.3106,259.956,66.6462],"dipPosition":[-18.2985,244.976,-13.1313],"direction":[0.266567,-0.394831,-0.879233],"extended":false,"handId":506,"id":5060,"length":52.1164,"mcpPosition":[-24.3106,259.956,66.6462],"pipPosition":[-27.3872,258.438,16.8467],"stabilizedTipPosition":[-17.3168,234.382,-44.6811],"timeVisible":237.395,"tipPosition":[-9.841,234.172,-24.3125],"tipVelocity":[20.5289,-17.2087,114.84],"tool":false,"touchDistance":0.284606,"touchZone":"hovering","type":0,"width":20.25},{"bases":[[[0.851655,-0.407114,-0.330063],[0.477629,0.862155,0.168998],[0.215764,-0.301575,0.928708]],[[0.876852,-0.455802,-0.152889],[0.441165,0.636479,0.632668],[-0.19106,-0.622205,0.759181]],[[0.876852,-0.455802,-0.152889],[0.459341,0.700424,0.546271],[-0.141904,-0.549227,0.823537]],[[0.876852,-0.455802,-0.152889],[0.471416,0.752778,0.459448],[-0.0943255,-0.474942,0.874947]]],"btipPosition":[-10.0816,346.01,-74.6184],"carpPosition":[-7.45782,275.702,61.1767],"dipPosition":[-11.6932,337.896,-59.6694],"direction":[0.141904,0.549227,-0.823537],"extended":true,"handId":506,"id":5061,"length":58.8075,"mcpPosition":[-23.3315,297.889,-7.14796],"pipPosition":[-15.1231,324.621,-39.7642],"stabilizedTipPosition":[-19.1175,341.289,-88.0521],"timeVisible":237.395,"tipPosition":[-10.7144,344.248,-71.1463],"tipVelocity":[45.5954,-9.06281,119.966],"tool":false,"touchDistance":0.372572,"touchZone":"hovering","type":1,"width":19.3428},{"bases":[[[0.77899,-0.585086,-0.225498],[0.619356,0.774085,0.131112],[0.0978423,-0.241798,0.965381]],[[0.777651,-0.581891,-0.238037],[0.0916919,0.479544,-0.872714],[0.621974,0.656841,0.426272]],[[0.777651,-0.581891,-0.238037],[-0.611616,-0.612548,-0.500709],[0.145549,0.534964,-0.832243]],[[0.777651,-0.581891,-0.238037],[-0.560429,-0.813188,0.156987],[-0.284918,0.011322,-0.958485]]],"btipPosition":[-31.9884,242.173,10.6755],"carpPosition":[3.60201,272.389,56.8969],"dipPosition":[-37.3426,242.386,-7.33631],"direction":[-0.145549,-0.534964,0.832243],"extended":false,"handId":506,"id":5062,"length":67.0064,"mcpPosition":[-3.22425,289.258,-10.4558],"pipPosition":[-33.2037,257.598,-31.0023],"stabilizedTipPosition":[-42.8066,243.339,-18.92],"timeVisible":237.395,"tipPosition":[-33.1114,242.256,6.85729],"tipVelocity":[25.5701,-7.57316,115.954],"tool":false,"touchDistance":0.333333,"touchZone":"none","type":2,"width":18.9972},{"bases":[[[0.735976,-0.67097,-0.0902139],[0.676232,0.722203,0.145374],[-0.0323888,-0.167997,0.985255]],[[0.735245,-0.673985,-0.071834],[0.264797,0.383179,-0.884904],[0.623937,0.6316,0.4602]],[[0.735245,-0.673985,-0.071834],[-0.59815,-0.595342,-0.536456],[0.318797,0.437394,-0.840866]],[[0.735245,-0.673985,-0.071834],[-0.661565,-0.736648,0.140288],[-0.147468,-0.0556229,-0.987502]]],"btipPosition":[-18.3221,237.358,12.9325],"carpPosition":[13.6024,266.131,53.4663],"dipPosition":[-21.0774,236.318,-5.518],"direction":[-0.318797,-0.437394,0.840866],"extended":false,"handId":506,"id":5063,"length":64.4285,"mcpPosition":[15.6312,276.655,-8.25011],"pipPosition":[-12.2461,248.435,-28.8117],"stabilizedTipPosition":[-28.3532,239.223,-15.9975],"timeVisible":237.395,"tipPosition":[-18.8387,237.159,9.0669],"tipVelocity":[24.4638,-12.256,113.774],"tool":false,"touchDistance":0.333333,"touchZone":"none","type":3,"width":18.077},{"bases":[[[0.605363,-0.795948,0.00165348],[0.776935,0.591352,0.216043],[-0.172936,-0.1295,0.976383]],[[0.617469,-0.782705,-0.0781309],[0.34258,0.357005,-0.869014],[0.708075,0.509824,0.488579]],[[0.617469,-0.782705,-0.0781309],[-0.674691,-0.475943,-0.564154],[0.40438,0.401062,-0.821965]],[[0.617469,-0.782705,-0.0781309],[-0.777367,-0.622378,0.0913618],[-0.120136,0.00432325,-0.992748]]],"btipPosition":[-0.759305,235.214,10.5902],"carpPosition":[20.0883,253.651,51.2933],"dipPosition":[-2.83007,235.288,-6.52156],"direction":[-0.40438,-0.401062,0.821965],"extended":false,"handId":506,"id":5064,"length":50.5107,"mcpPosition":[30.1161,261.16,-5.32245],"pipPosition":[5.07912,243.133,-22.5982],"stabilizedTipPosition":[-10.3317,237.975,-17.3735],"timeVisible":237.395,"tipPosition":[-1.15323,235.245,6.88606],"tipVelocity":[23.1897,-16.8224,112.12],"tool":false,"touchDistance":0.333333,"touchZone":"none","type":4,"width":16.0574}],"r":[[0.566014,0.0517582,0.82277],[0.532039,-0.785298,-0.316608],[0.629732,0.61695,-0.472027]],"s":1.36488,"t":[11.2327,14.1585,3.99999],"timestamp":98051867930},false],[5,{"currentFrameRate":101.359,"devices":[],"gestures":[],"hands":[{"armBasis":[[0.851669,-0.330069,-0.407079],[0.495218,0.761057,0.418987],[0.171516,-0.558432,0.811625]],"armWidth":63.72,"confidence":0.656574,"direction":[0.00125372,0.333654,-0.942695],"elbow":[51.9801,104.563,283.979],"grabStrength":0,"id":506,"palmNormal":[-0.500352,-0.815997,-0.289476],"palmPosition":[-3.02306,273.43,13.9486],"palmVelocity":[10.8289,-54.4111,105.925],"palmWidth":90.99,"pinchStrength":0.811304,"r":[[0.567072,0.0533093,0.821941],[0.530475,-0.787026,-0.31494],[0.630099,0.614613,-0.47458]],"s":1.36496,"sphereCenter":[-33.6605,275.435,-11.5558],"sphereRadius":51.2573,"stabilizedPalmPosition":[-11.6416,276.229,-7.09311],"t":[11.2623,12.9866,5.85917],"timeVisible":237.422,"type":"right","wrist":[5.6707,255.339,64.8399]}],"id":1823624,"interactionBox":{"center":[0,200,0],"size":[235.247,235.247,147.751]},"pointables":[{"bases":[[[0.796177,0.605008,0.00819856],[-0.473532,0.614609,0.630891],[0.376655,-0.506183,0.775828]],[[0.749196,0.657693,-0.0783897],[-0.659567,0.751641,0.0026004],[0.0606312,0.0497551,0.996919]],[[0.749196,0.657693,-0.0783897],[-0.604058,0.629914,-0.488182],[-0.271695,0.413097,0.869214]],[[0.749196,0.657693,-0.0783897],[-0.432209,0.395764,-0.810288],[-0.501897,0.640946,0.580765]]],"btipPosition":[-6.43704,227.273,-23.3227],"carpPosition":[-24.4203,258.842,69.6695],"dipPosition":[-18.1832,242.273,-9.7307],"direction":[0.271695,-0.413097,-0.869214],"extended":false,"handId":506,"id":5060,"length":52.1164,"mcpPosition":[-24.4203,258.842,69.6695],"pipPosition":[-27.4468,256.358,19.9057],"stabilizedTipPosition":[-17.1764,234.32,-44.261],"timeVisible":237.422,"tipPosition":[-9.68912,231.301,-20.7079],"tipVelocity":[11.4678,-71.7428,126.065],"tool":false,"touchDistance":0.34345,"touchZone":"hovering","type":0,"width":20.25},{"bases":[[[0.85374,-0.40932,-0.321846],[0.473435,0.867518,0.152551],[0.216765,-0.282613,0.934421]],[[0.879091,-0.454487,-0.14367],[0.437803,0.650695,0.620422],[-0.188489,-0.608307,0.770996]],[[0.879091,-0.454487,-0.14367],[0.455734,0.7131,0.532724],[-0.139665,-0.533788,0.834005]],[[0.879091,-0.454487,-0.14367],[0.467609,0.763857,0.444819],[-0.0924213,-0.458218,0.884022]]],"btipPosition":[-10.5347,342.217,-73.2269],"carpPosition":[-7.64015,274.56,63.9042],"dipPosition":[-12.1138,334.388,-58.1228],"direction":[0.139665,0.533788,-0.834005],"extended":true,"handId":506,"id":5061,"length":58.8075,"mcpPosition":[-23.5875,295.352,-4.84076],"pipPosition":[-15.4895,321.486,-37.9646],"stabilizedTipPosition":[-18.134,341.184,-85.8624],"timeVisible":237.422,"tipPosition":[-11.1559,340.522,-69.7193],"tipVelocity":[7.17343,-88.7252,78.3514],"tool":false,"touchDistance":0.390056,"touchZone":"hovering","type":1,"width":19.3428},{"bases":[[[0.781874,-0.585592,-0.213902],[0.615599,0.779413,0.116421],[0.0985429,-0.222705,0.969893]],[[0.780525,-0.582643,-0.22651],[0.089901,0.4632,-0.881682],[0.618626,0.667812,0.413919]],[[0.780525,-0.582643,-0.22651],[-0.608436,-0.624899,-0.48919],[0.143477,0.519642,-0.842251]],[[0.780525,-0.582643,-0.22651],[-0.556648,-0.812685,0.1723],[-0.284471,-0.00839774,-0.958648]]],"btipPosition":[-31.99,239.948,14.0401],"carpPosition":[3.43734,271.218,59.6931],"dipPosition":[-37.3358,239.79,-3.97485],"direction":[-0.143477,-0.519642,0.842251],"extended":false,"handId":506,"id":5062,"length":67.0064,"mcpPosition":[-3.4378,286.756,-7.97435],"pipPosition":[-33.2558,254.567,-27.9254],"stabilizedTipPosition":[-42.7655,243.324,-18.7966],"timeVisible":237.422,"tipPosition":[-33.1121,239.951,10.2185],"tipVelocity":[9.74741,-55.7484,121.13],"tool":false,"touchDistance":0.333333,"touchZone":"none","type":2,"width":18.9972},{"bases":[[[0.739208,-0.66906,-0.0770069],[0.672715,0.728087,0.1317],[-0.0320476,-0.149157,0.988294]],[[0.738472,-0.671754,-0.0583578],[0.263379,0.367041,-0.892139],[0.620718,0.64345,0.447976]],[[0.738472,-0.671754,-0.0583578],[-0.595081,-0.608585,-0.524883],[0.317077,0.422339,-0.849171]],[[0.738472,-0.671754,-0.0583578],[-0.658127,-0.736905,0.154403],[-0.146725,-0.0756158,-0.986283]]],"btipPosition":[-18.2992,235.251,16.4167],"carpPosition":[13.469,264.944,56.3873],"dipPosition":[-21.0406,233.838,-2.01102],"direction":[-0.317077,-0.422339,0.849171],"extended":false,"handId":506,"id":5063,"length":64.4285,"mcpPosition":[15.4765,274.287,-5.5194],"pipPosition":[-12.2569,245.538,-25.5348],"stabilizedTipPosition":[-28.3175,239.206,-15.8907],"timeVisible":237.422,"tipPosition":[-18.8155,234.97,12.5419],"tipVelocity":[9.91604,-54.8343,123.173],"tool":false,"touchDistance":0.333333,"touchZone":"none","type":3,"width":18.077},{"bases":[[[0.609149,-0.792869,0.0171999],[0.774007,0.599103,0.204912],[-0.172773,-0.111509,0.978629]],[[0.621114,-0.781271,-0.0619051],[0.341421,0.340837,-0.875935],[0.705442,0.52292,0.478441]],[[0.621114,-0.781271,-0.0619051],[-0.672209,-0.490465,-0.554598],[0.402929,0.386082,-0.829812]],[[0.621114,-0.781271,-0.0619051],[-0.774552,-0.623977,0.103543],[-0.119523,-0.0163635,-0.992697]]],"btipPosition":[-0.730819,233.161,14.1351],"carpPosition":[20.0154,252.454,54.4574],"dipPosition":[-2.79101,232.879,-2.97577],"direction":[-0.402929,-0.386082,0.829812],"extended":false,"handId":506,"id":5064,"length":50.5107,"mcpPosition":[30.0337,258.92,-2.28861],"pipPosition":[5.08981,240.43,-19.2059],"stabilizedTipPosition":[-10.2995,237.957,-17.2762],"timeVisible":237.422,"tipPosition":[-1.12314,233.107,10.4132],"tipVelocity":[9.54116,-55.2515,123.817],"tool":false,"touchDistance":0.333333,"touchZone":"none","type":4,"width":16.0574}],"r":[[0.567072,0.0533093,0.821941],[0.530475,-0.787026,-0.31494],[0.630099,0.614613,-0.47458]],"s":1.36496,"t":[11.2623,12.9866,5.85917],"timestamp":98051894989},false],[6,{"currentFrameRate":101.726,"devices":[],"gestures":[],"hands":[{"armBasis":[[0.852014,-0.325912,-0.4097],[0.49407,0.759353,0.423413],[0.173112,-0.563174,0.808002]],"armWidth":63.72,"confidence":0.664562,"direction":[0.000245963,0.324534,-0.945874],"elbow":[52.4212,102.79,284.501],"grabStrength":0,"id":506,"palmNormal":[-0.500068,-0.819074,-0.281159],"palmPosition":[-3.06723,272.44,15.2842],"palmVelocity":[6.4753,-69.4366,117.158],"palmWidth":90.99,"pinchStrength":0.811507,"r":[[0.568054,0.0562068,0.82107],[0.529271,-0.788938,-0.312167],[0.630227,0.611897,-0.477908]],"s":1.365,"sphereCenter":[-33.7102,274.158,-10.2174],"sphereRadius":51.2454,"stabilizedPalmPosition":[-11.5821,276.203,-6.93788],"t":[11.2551,11.9056,7.4566],"timeVisible":237.431,"type":"right","wrist":[5.68097,254.847,66.3405]}],"id":1823625,"interactionBox":{"center":[0,200,0],"size":[235.247,235.247,147.751]},"pointables":[{"bases":[[[0.795793,0.605566,0.00168141],[-0.473399,0.620371,0.625326],[0.377634,-0.498426,0.780361]],[[0.74877,0.657323,-0.0852638],[-0.659984,0.751269,-0.00410295],[0.061359,0.0593449,0.99635]],[[0.74877,0.657323,-0.0852638],[-0.604566,0.62454,-0.494418],[-0.271742,0.421753,0.865032]],[[0.74877,0.657323,-0.0852638],[-0.433262,0.38802,-0.813465],[-0.501625,0.646039,0.575331]]],"btipPosition":[-6.46605,225.915,-21.5325],"carpPosition":[-24.4082,258.377,71.1615],"dipPosition":[-18.2059,241.035,-8.06766],"direction":[0.271742,-0.421753,-0.865032],"extended":false,"handId":506,"id":5060,"length":52.1164,"mcpPosition":[-24.4082,258.377,71.1615],"pipPosition":[-27.4711,255.415,21.4261],"stabilizedTipPosition":[-17.1264,234.289,-44.0997],"timeVisible":237.431,"tipPosition":[-9.71602,229.96,-18.9461],"tipVelocity":[7.44304,-92.3183,144.651],"tool":false,"touchDistance":0.368853,"touchZone":"hovering","type":0,"width":20.25},{"bases":[[[0.853733,-0.411865,-0.318601],[0.473003,0.869252,0.143766],[0.217733,-0.273437,0.936923]],[[0.879266,-0.455304,-0.13996],[0.437893,0.656999,0.613679],[-0.187457,-0.600875,0.777052]],[[0.879266,-0.455304,-0.13996],[0.455727,0.718617,0.525264],[-0.138577,-0.525631,0.83935]],[[0.879266,-0.455304,-0.13996],[0.4675,0.76856,0.43676],[-0.0912906,-0.449459,0.888624]]],"btipPosition":[-10.6988,340.365,-72.5526],"carpPosition":[-7.64308,274.05,65.2305],"dipPosition":[-12.2585,332.686,-57.37],"direction":[0.138577,0.525631,-0.83935],"extended":true,"handId":506,"id":5061,"length":58.8075,"mcpPosition":[-23.6616,294.166,-3.69852],"pipPosition":[-15.608,319.981,-37.0825],"stabilizedTipPosition":[-17.7579,341.047,-84.9695],"timeVisible":237.431,"tipPosition":[-11.3119,338.708,-69.0253],"tipVelocity":[0.320633,-119.403,77.6605],"tool":false,"touchDistance":0.394769,"touchZone":"hovering","type":1,"width":19.3428},{"bases":[[[0.782073,-0.587132,-0.208899],[0.615193,0.780893,0.108368],[0.0995018,-0.213264,0.971914]],[[0.780711,-0.584305,-0.221537],[0.0888893,0.454755,-0.886169],[0.618538,0.67215,0.406971]],[[0.780711,-0.584305,-0.221537],[-0.608437,-0.629955,-0.48266],[0.142463,0.511609,-0.847326]],[[0.780711,-0.584305,-0.221537],[-0.555986,-0.811339,0.180579],[-0.285254,-0.0178086,-0.958286]]],"btipPosition":[-32.0134,238.941,15.7208],"carpPosition":[3.43303,270.674,61.0425],"dipPosition":[-37.3739,238.607,-2.28727],"direction":[-0.142463,-0.511609,0.847326],"extended":false,"handId":506,"id":5062,"length":67.0064,"mcpPosition":[-3.50901,285.553,-6.766],"pipPosition":[-33.3228,253.155,-26.3822],"stabilizedTipPosition":[-42.7519,243.318,-18.753],"timeVisible":237.431,"tipPosition":[-33.1389,238.907,11.8996],"tipVelocity":[6.22337,-72.1405,138.693],"tool":false,"touchDistance":0.333333,"touchZone":"none","type":2,"width":18.9972},{"bases":[[[0.739575,-0.669301,-0.0711678],[0.672354,0.729754,0.124093],[-0.0311207,-0.139626,0.989715]],[[0.738854,-0.671822,-0.0524423],[0.262421,0.358536,-0.895872],[0.620669,0.648157,0.441206]],[[0.738854,-0.671822,-0.0524423],[-0.595121,-0.61403,-0.518458],[0.31611,0.414275,-0.853493]],[[0.738854,-0.671822,-0.0524423],[-0.657527,-0.735787,0.162096],[-0.147486,-0.085283,-0.98538]]],"btipPosition":[-18.3171,234.278,18.1347],"carpPosition":[13.466,264.374,57.789],"dipPosition":[-21.0727,232.685,-0.276197],"direction":[-0.31611,-0.414275,0.853493],"extended":false,"handId":506,"id":5063,"length":64.4285,"mcpPosition":[15.4154,273.12,-4.20676],"pipPosition":[-12.3159,244.161,-23.9197],"stabilizedTipPosition":[-28.3058,239.2,-15.8535],"timeVisible":237.431,"tipPosition":[-18.8367,233.959,14.2614],"tipVelocity":[6.5157,-70.476,141.372],"tool":false,"touchDistance":0.333333,"touchZone":"none","type":3,"width":18.077},{"bases":[[[0.609675,-0.792277,0.0243404],[0.773792,0.601547,0.198462],[-0.171878,-0.102163,0.979806]],[[0.621538,-0.781476,-0.0546506],[0.340586,0.332387,-0.8795],[0.705473,0.528029,0.472751]],[[0.621538,-0.781476,-0.0546506],[-0.672321,-0.496314,-0.549233],[0.402088,0.378112,-0.833881]],[[0.621538,-0.781476,-0.0546506],[-0.774102,-0.623384,0.110268],[-0.12024,-0.0262303,-0.992398]]],"btipPosition":[-0.751559,232.181,15.8593],"carpPosition":[20.0188,251.871,55.9742],"dipPosition":[-2.82411,231.729,-1.24644],"direction":[-0.402088,-0.378112,0.833881],"extended":false,"handId":506,"id":5064,"length":50.5107,"mcpPosition":[29.9852,257.795,-0.840054],"pipPosition":[5.04025,239.125,-17.5561],"stabilizedTipPosition":[-10.2889,237.951,-17.2421],"timeVisible":237.431,"tipPosition":[-1.14623,232.088,12.1362],"tipVelocity":[6.17233,-70.9221,141.944],"tool":false,"touchDistance":0.333333,"touchZone":"none","type":4,"width":16.0574}],"r":[[0.568054,0.0562068,0.82107],[0.529271,-0.788938,-0.312