{"sensorType":"Leap","data":[[0,{"currentFrameRate":110.214,"devices":[],"gestures":[],"hands":[{"armBasis":[[0.516935,-0.69047,-0.505992],[0.828174,0.552945,0.0915437],[0.216578,-0.466372,0.857666]],"armWidth":63.72,"confidence":0.257814,"direction":[-0.179622,0.273983,-0.944812],"elbow":[45.0673,123.275,287.595],"grabStrength":0,"id":506,"palmNormal":[-0.815997,-0.577922,-0.0124568],"palmPosition":[-30.8216,267.354,7.4473],"palmVelocity":[-170.268,-235.11,74.7581],"palmWidth":90.99,"pinchStrength":0.934232,"r":[[0.696817,0.0309678,0.71658],[0.325542,-0.903889,-0.277501],[0.639115,0.426644,-0.639927]],"s":1.35048,"sphereCenter":[-65.4515,278.127,-9.32489],"sphereRadius":50.5424,"stabilizedPalmPosition":[-23.1693,276.767,1.68575],"t":[-15.0134,8.17629,0.501968],"timeVisible":240.341,"type":"right","wrist":[-13.4087,249.195,56.0254]}],"id":1823942,"interactionBox":{"center":[0,200,0],"size":[235.247,235.247,147.751]},"pointables":[{"bases":[[[0.915893,0.261039,-0.304957],[-0.007161,0.770195,0.637768],[0.401359,-0.581944,0.707286]],[[0.853313,0.337223,-0.397664],[-0.331772,0.939539,0.0848171],[0.402223,0.0595584,0.913603]],[[0.853313,0.337223,-0.397664],[-0.509413,0.701798,-0.497974],[0.111151,0.627503,0.77064]],[[0.853313,0.337223,-0.397664],[-0.521309,0.565943,-0.638706],[0.00966833,0.752322,0.658724]]],"btipPosition":[-61.3643,221.956,-18.8399],"carpPosition":[-37.2703,263.931,68.4569],"dipPosition":[-61.138,239.563,-3.42337],"direction":[-0.111151,-0.627503,-0.77064],"extended":false,"handId":506,"id":5060,"length":52.1164,"mcpPosition":[-37.2703,263.931,68.4569],"pipPosition":[-57.3483,260.958,22.8521],"stabilizedTipPosition":[-41.6698,234.046,-28.0934],"timeVisible":240.341,"tipPosition":[-61.9482,227.35,-16.0166],"tipVelocity":[-545.022,-134.629,219.349],"tool":false,"touchDistance":0.392617,"touchZone":"hovering","type":0,"width":20.25},{"bases":[[[0.511482,-0.711811,-0.481365],[0.767017,0.63074,-0.117691],[0.38739,-0.309018,0.868583]],[[0.566939,-0.752125,-0.335989],[0.815194,0.453589,0.360162],[-0.118486,-0.478086,0.870285]],[[0.566939,-0.752125,-0.335989],[0.823713,0.513256,0.240969],[-0.00879039,-0.413373,0.910519]],[[0.566939,-0.752125,-0.335989],[0.818386,0.560772,0.125614],[0.0939353,-0.346184,0.933452]]],"btipPosition":[-43.6076,331.143,-83.2969],"carpPosition":[-18.8054,271.963,55.9501],"dipPosition":[-42.0026,325.229,-67.3483],"direction":[0.00879039,0.413373,-0.910519],"extended":true,"handId":506,"id":5061,"length":58.8075,"mcpPosition":[-47.3055,294.698,-7.95118],"pipPosition":[-42.2151,315.237,-45.3407],"stabilizedTipPosition":[-36.3546,334.524,-84.5887],"timeVisible":240.341,"tipPosition":[-42.8013,329.963,-79.5261],"tipVelocity":[-194.092,-157.571,129.995],"tool":false,"touchDistance":0.280496,"touchZone":"hovering","type":1,"width":19.3428},{"bases":[[[0.420815,-0.844042,-0.332427],[0.850766,0.494382,-0.178279],[0.314821,-0.207795,0.926126]],[[0.419355,-0.843073,-0.336704],[0.0367765,0.386364,-0.921613],[0.907077,0.3741,0.193029]],[[0.419355,-0.843073,-0.336704],[-0.901431,-0.342769,-0.264446],[0.107536,0.414412,-0.903714]],[[0.419355,-0.843073,-0.336704],[-0.738963,-0.532447,0.412836],[-0.527328,0.0756868,-0.846284]]],"btipPosition":[-70.3319,247.807,17.0584],"carpPosition":[-11.4977,264.548,49.3747],"dipPosition":[-80.2415,249.23,1.15506],"direction":[-0.107536,-0.414412,0.903714],"extended":false,"handId":506,"id":5062,"length":67.0064,"mcpPosition":[-33.4621,279.046,-15.2392],"pipPosition":[-77.1836,261.014,-24.5433],"stabilizedTipPosition":[-52.1067,252.509,-13.3541],"timeVisible":240.341,"tipPosition":[-72.7534,248.121,13.2105],"tipVelocity":[-323.111,17.8501,259.168],"tool":false,"touchDistance":0.333333,"touchZone":"none","type":2,"width":18.9972},{"bases":[[[0.397217,-0.900272,-0.178125],[0.888259,0.42594,-0.17196],[0.230682,-0.0899154,0.968866]],[[0.402272,-0.902057,-0.156432],[0.131437,0.226,-0.965219],[0.906036,0.367719,0.209478]],[[0.402272,-0.902057,-0.156432],[-0.893255,-0.349262,-0.283041],[0.200683,0.253593,-0.946265]],[[0.402272,-0.902057,-0.156432],[-0.796775,-0.429104,0.425464],[-0.450919,-0.0465112,-0.891352]]],"btipPosition":[-57.9111,237.893,17.2089],"carpPosition":[-5.84557,254.846,44.3906],"dipPosition":[-66.3361,237.024,0.554849],"direction":[-0.200683,-0.253593,0.946265],"extended":false,"handId":506,"id":5063,"length":64.4285,"mcpPosition":[-20.2955,260.478,-16.2992],"pipPosition":[-60.7768,244.049,-25.6586],"stabilizedTipPosition":[-40.1038,245.677,-6.27046],"timeVisible":240.341,"tipPosition":[-60.0127,237.671,13.0178],"tipVelocity":[-372.992,-73.2734,194.281],"tool":false,"touchDistance":0.333333,"touchZone":"none","type":3,"width":18.077},{"bases":[[[0.268983,-0.962548,-0.033914],[0.956095,0.271101,-0.111295],[0.116321,-0.00248864,0.993209]],[[0.25858,-0.959126,-0.11495],[0.235364,0.177966,-0.955475],[0.936878,0.220011,0.271762]],[[0.25858,-0.959126,-0.11495],[-0.915577,-0.205404,-0.345727],[0.307984,0.194643,-0.931268]],[[0.25858,-0.959126,-0.11495],[-0.885526,-0.282904,0.368523],[-0.38598,0.0064983,-0.922484]]],"btipPosition":[-44.2378,229.196,9.53186],"carpPosition":[-4.99496,240.75,42.6174],"dipPosition":[-50.8909,229.308,-6.36881],"direction":[-0.307984,-0.194643,0.931268],"extended":false,"handId":506,"id":5064,"length":50.5107,"mcpPosition":[-11.7398,240.894,-14.974],"pipPosition":[-44.8671,233.115,-24.5833],"stabilizedTipPosition":[-32.1212,236.79,-1.95978],"timeVisible":240.341,"tipPosition":[-45.6387,229.278,6.28429],"tipVelocity":[-441.844,-177.607,113.651],"tool":false,"touchDistance":0.333333,"touchZone":"none","type":4,"width":16.0574}],"r":[[0.696817,0.0309678,0.71658],[0.325542,-0.903889,-0.277501],[0.639115,0.426644,-0.639927]],"s":1.35048,"t":[-15.0134,8.17629,0.501968],"timestamp":98054814543},false],[1,{"currentFrameRate":110.272,"devices":[],"gestures":[],"hands":[{"armBasis":[[0.491245,-0.709655,-0.505043],[0.842583,0.534123,0.0690474],[0.220755,-0.45946,0.860328]],"armWidth":63.72,"confidence":0.251191,"direction":[-0.188031,0.2822,-0.940748],"elbow":[45.827,122.926,289.102],"grabStrength":0,"id":506,"palmNormal":[-0.831117,-0.556097,-0.000695883],"palmPosition":[-31.5104,265.776,8.59482],"palmVelocity":[-144.695,-218.934,89.3291],"palmWidth":90.99,"pinchStrength":0.93533,"r":[[0.720291,-0.0025496,0.693667],[0.274413,-0.917372,-0.288317],[0.637086,0.398023,-0.660075]],"s":1.35079,"sphereCenter":[-66.1091,277.479,-7.55779],"sphereRadius":50.5233,"stabilizedPalmPosition":[-25.2917,273.97,3.44377],"t":[-16.1044,6.16844,1.43328],"timeVisible":240.35,"type":"right","wrist":[-13.7769,246.98,56.8133]}],"id":1823943,"interactionBox":{"center":[0,200,0],"size":[235.247,235.247,147.751]},"pointables":[{"bases":[[[0.917275,0.237884,-0.319403],[0.0238855,0.767702,0.640362],[0.397538,-0.595017,0.698512]],[[0.85447,0.316828,-0.411704],[-0.305501,0.947436,0.0950518],[0.420178,0.0445568,0.906347]],[[0.85447,0.316828,-0.411704],[-0.500323,0.715219,-0.487995],[0.139848,0.622962,0.76965]],[[0.85447,0.316828,-0.411704],[-0.517959,0.580572,-0.628216],[0.0399868,0.750038,0.660185]]],"btipPosition":[-63.7074,221.277,-17.2428],"carpPosition":[-37.0291,262.295,69.6922],"dipPosition":[-62.7715,238.83,-1.79212],"direction":[-0.139848,-0.622962,-0.76965],"extended":false,"handId":506,"id":5060,"length":52.1164,"mcpPosition":[-37.0291,262.295,69.6922],"pipPosition":[-58.0033,260.07,24.4496],"stabilizedTipPosition":[-47.2828,231.8,-24.3884],"timeVisible":240.35,"tipPosition":[-64.0637,226.627,-14.396],"tipVelocity":[-462.407,-118.9,208.313],"tool":false,"touchDistance":0.410762,"touchZone":"hovering","type":0,"width":20.25},{"bases":[[[0.484343,-0.723261,-0.492245],[0.781391,0.610682,-0.128436],[0.393498,-0.322428,0.860929]],[[0.540791,-0.765355,-0.348967],[0.833083,0.429991,0.347965],[-0.116264,-0.478895,0.870139]],[[0.540791,-0.765355,-0.348967],[0.841154,0.490896,0.226894],[-0.00234794,-0.416237,0.909253]],[[0.540791,-0.765355,-0.348967],[0.834674,0.539673,0.109874],[0.104235,-0.350692,0.930672]]],"btipPosition":[-44.2477,330.231,-81.6952],"carpPosition":[-18.569,269.883,56.9044],"dipPosition":[-42.4668,324.239,-65.7941],"direction":[0.00234794,0.416237,-0.909253],"extended":true,"handId":506,"id":5061,"length":58.8075,"mcpPosition":[-47.5185,293.604,-6.43383],"pipPosition":[-42.5235,314.178,-43.8171],"stabilizedTipPosition":[-38.1723,333.146,-82.9976],"timeVisible":240.35,"tipPosition":[-43.3717,329.007,-77.9509],"tipVelocity":[-159.279,-142.851,142.981],"tool":false,"touchDistance":0.308566,"touchZone":"hovering","type":1,"width":19.3428},{"bases":[[[0.392701,-0.853611,-0.342248],[0.860475,0.472388,-0.190874],[0.324606,-0.21954,0.920018]],[[0.391205,-0.852593,-0.346473],[0.030411,0.388247,-0.921053],[0.919801,0.349784,0.177813]],[[0.391205,-0.852593,-0.346473],[-0.914604,-0.318344,-0.249312],[0.102264,0.414418,-0.904323]],[[0.391205,-0.852593,-0.346473],[-0.745458,-0.514337,0.423969],[-0.539677,0.0924223,-0.836783]]],"btipPosition":[-71.3193,247.238,18.8647],"carpPosition":[-11.571,262.302,50.1827],"dipPosition":[-81.4609,248.975,3.1399],"direction":[-0.102264,-0.414418,0.904323],"extended":false,"handId":506,"id":5062,"length":67.0064,"mcpPosition":[-34.2181,277.619,-14.0052],"pipPosition":[-78.5529,260.76,-22.5758],"stabilizedTipPosition":[-54.1717,252.042,-10.6127],"timeVisible":240.35,"tipPosition":[-73.8058,247.633,15.043],"tipVelocity":[-266.453,-2.20337,244.635],"tool":false,"touchDistance":0.333333,"touchZone":"none","type":2,"width":18.9972},{"bases":[[[0.370198,-0.90978,-0.187761],[0.896242,0.402955,-0.185413],[0.244344,-0.0996396,0.964556]],[[0.375564,-0.911779,-0.166168],[0.120497,0.225809,-0.966691],[0.91893,0.343031,0.194672]],[[0.375564,-0.911779,-0.166168],[-0.906933,-0.324638,-0.268481],[0.190851,0.251535,-0.948845]],[[0.375564,-0.911779,-0.166168],[-0.800485,-0.409484,0.437661],[-0.467093,-0.0313543,-0.883652]]],"btipPosition":[-59.1848,237.005,18.7495],"carpPosition":[-6.26186,252.473,45.0721],"dipPosition":[-67.9119,236.42,2.23934],"direction":[-0.190851,-0.251535,0.948845],"extended":false,"handId":506,"id":5063,"length":64.4285,"mcpPosition":[-21.5676,258.714,-15.3477],"pipPosition":[-62.625,243.388,-24.0456],"stabilizedTipPosition":[-43.8791,244.101,-2.47104],"timeVisible":240.35,"tipPosition":[-61.3642,236.855,14.5897],"tipVelocity":[-311.915,-78.3149,189.152],"tool":false,"touchDistance":0.333333,"touchZone":"none","type":3,"width":18.077},{"bases":[[[0.242782,-0.969187,-0.041628],[0.960953,0.246149,-0.12641],[0.132761,-0.00931261,0.991104]],[[0.231106,-0.965176,-0.122574],[0.224055,0.175395,-0.958664],[0.946778,0.19409,0.256787]],[[0.231106,-0.965176,-0.122574],[-0.926328,-0.179761,-0.331063],[0.2975,0.190054,-0.935614]],[[0.231106,-0.965176,-0.122574],[-0.886457,-0.260811,0.382323],[-0.400978,0.0202992,-0.915863]]],"btipPosition":[-45.8974,227.976,10.7748],"carpPosition":[-5.81472,238.366,43.238],"dipPosition":[-52.809,228.326,-5.0117],"direction":[-0.2975,-0.190054,0.935614],"extended":false,"handId":506,"id":5064,"length":50.5107,"mcpPosition":[-13.5129,238.906,-14.2314],"pipPosition":[-46.9902,232.043,-23.3112],"stabilizedTipPosition":[-38.4947,233.167,1.81626],"timeVisible":240.35,"tipPosition":[-47.3501,228.109,7.54914],"tipVelocity":[-373.4,-164.568,121.293],"tool":false,"touchDistance":0.333333,"touchZone":"none","type":4,"width":16.0574}],"r":[[0.720291,-0.0025496,0.693667],[0.274413,-0.917372,-0.288317],[0.637086,0.398023,-0.660075]],"s":1.35079,"t":[-16.1044,6.16844,1.43328],"timestamp":98054823508},false],[2,{"currentFrameRate":110.255,"devices":[],"gestures":[],"hands":[{"armBasis":[[0.478877,-0.718508,-0.504403],[0.849111,0.524985,0.0583138],[0.222905,-0.45622,0.861497]],"armWidth":63.72,"confidence":0.239755,"direction":[-0.191855,0.286292,-0.938738],"elbow":[46.2165,122.731,289.794],"grabStrength":0,"id":506,"palmNormal":[-0.838093,-0.545505,0.00492034],"palmPosition":[-31.8414,265.017,9.14636],"palmVelocity":[-114.669,-181.346,81.3662],"palmWidth":90.99,"pinchStrength":0.936285,"r":[[0.738387,-0.0321599,0.67361],[0.230037,-0.926943,-0.296413],[0.63393,0.373822,-0.677045]],"s":1.35096,"sphereCenter":[-66.5014,277.227,-6.66683],"sphereRadius":50.5578,"stabilizedPalmPosition":[-27.1297,271.458,5.04405],"t":[-16.8154,4.78532,2.17471],"timeVisible":240.359,"type":"right","wrist":[-13.9679,245.91,57.1902]}],"id":1823944,"interactionBox":{"center":[0,200,0],"size":[235.247,235.247,147.751]},"pointables":[{"bases":[[[0.917671,0.226814,-0.326244],[0.0386907,0.766159,0.641485],[0.395452,-0.601295,0.694306]],[[0.854526,0.307397,-0.41868],[-0.29284,0.950871,0.100448],[0.428988,0.036771,0.902561]],[[0.854526,0.307397,-0.41868],[-0.496302,0.720979,-0.483605],[0.153201,0.621044,0.768657]],[[0.854526,0.307397,-0.41868],[-0.516573,0.587092,-0.623278],[0.0542101,0.748886,0.660478]]],"btipPosition":[-64.8275,220.957,-16.4397],"carpPosition":[-36.9212,261.494,70.2794],"dipPosition":[-63.5588,238.484,-0.982085],"direction":[-0.153201,-0.621044,-0.768657],"extended":false,"handId":506,"id":5060,"length":52.1164,"mcpPosition":[-36.9212,261.494,70.2794],"pipPosition":[-58.3353,259.659,25.2257],"stabilizedTipPosition":[-52.2606,229.835,-21.0693],"timeVisible":240.359,"tipPosition":[-65.062,226.264,-13.5827],"tipVelocity":[-366.015,-95.8581,175.081],"tool":false,"touchDistance":0.415091,"touchZone":"hovering","type":0,"width":20.25},{"bases":[[[0.471215,-0.728442,-0.497321],[0.788045,0.600955,-0.133559],[0.396157,-0.328976,0.857225]],[[0.527483,-0.771001,-0.356818],[0.841946,0.418286,0.340827],[-0.113526,-0.480202,0.86978]],[[0.527483,-0.771001,-0.356818],[0.849556,0.480741,0.217126],[0.00413241,-0.417667,0.908591]],[[0.527483,-0.771001,-0.356818],[0.841873,0.530761,0.0976857],[0.114069,-0.351923,0.929052]]],"btipPosition":[-44.7845,329.812,-80.9089],"carpPosition":[-18.4678,268.871,57.359],"dipPosition":[-42.8355,323.8,-65.0355],"direction":[-0.00413241,0.417667,-0.908591],"extended":true,"handId":506,"id":5061,"length":58.8075,"mcpPosition":[-47.613,293.074,-5.70667],"pipPosition":[-42.7356,313.704,-43.0745],"stabilizedTipPosition":[-39.6719,331.999,-81.6012],"timeVisible":240.359,"tipPosition":[-43.7981,328.557,-77.1842],"tipVelocity":[-130.299,-116.139,127.101],"tool":false,"touchDistance":0.321796,"touchZone":"hovering","type":1,"width":19.3428},{"bases":[[[0.379112,-0.857894,-0.34683],[0.864871,0.461783,-0.196862],[0.329047,-0.225331,0.917036]],[[0.377604,-0.856855,-0.35102],[0.0269795,0.389104,-0.920799],[0.925574,0.338227,0.170045]],[[0.377604,-0.856855,-0.35102],[-0.92062,-0.306723,-0.241618],[0.0993663,0.414392,-0.904658]],[[0.377604,-0.856855,-0.35102],[-0.74823,-0.505672,0.429473],[-0.545497,0.100473,-0.832069]]],"btipPosition":[-71.7646,246.961,19.7544],"carpPosition":[-11.6199,261.215,50.5689],"dipPosition":[-82.0155,248.849,4.11814],"direction":[-0.0993663,-0.414392,0.904658],"extended":false,"handId":506,"id":5062,"length":67.0064,"mcpPosition":[-34.5769,276.936,-13.4109],"pipPosition":[-79.1899,260.633,-21.6071],"stabilizedTipPosition":[-56.0973,251.594,-8.02879],"timeVisible":240.359,"tipPosition":[-74.2848,247.396,15.9401],"tipVelocity":[-206.923,-8.96841,204.541],"tool":false,"touchDistance":0.333333,"touchZone":"none","type":2,"width":18.9972},{"bases":[[[0.357118,-0.914057,-0.192267],[0.899796,0.391892,-0.191805],[0.250668,-0.104504,0.962416]],[[0.362627,-0.916163,-0.170727],[0.11501,0.22579,-0.967363],[0.92481,0.331157,0.187245]],[[0.362627,-0.916163,-0.170727],[-0.913203,-0.312779,-0.261209],[0.18591,0.25063,-0.950064]],[[0.362627,-0.916163,-0.170727],[-0.801979,-0.400092,0.443572],[-0.474691,-0.023932,-0.879827]]],"btipPosition":[-59.7796,236.582,19.505],"carpPosition":[-6.47663,251.328,45.3994],"dipPosition":[-68.6487,236.135,3.0663],"direction":[-0.18591,-0.25063,0.950064],"extended":false,"handId":506,"id":5063,"length":64.4285,"mcpPosition":[-22.1785,257.874,-14.8864],"pipPosition":[-63.4986,243.078,-23.2524],"stabilizedTipPosition":[-47.389,242.61,1.08868],"timeVisible":240.359,"tipPosition":[-61.9962,236.467,15.3595],"tipVelocity":[-244.566,-68.5194,160.231],"tool":false,"touchDistance":0.333333,"touchZone":"none","type":3,"width":18.077},{"bases":[[[0.230116,-0.972111,-0.0452332],[0.962974,0.234169,-0.133588],[0.140455,-0.0128175,0.990004]],[[0.217836,-0.967794,-0.126183],[0.218713,0.174406,-0.960077],[0.951164,0.181542,0.249661]],[[0.217836,-0.967794,-0.126183],[-0.931113,-0.167325,-0.324084],[0.292533,0.188088,-0.937575]],[[0.217836,-0.967794,-0.126183],[-0.886668,-0.250272,0.388823],[-0.407881,0.0271829,-0.91263]]],"btipPosition":[-46.6909,227.397,11.3725],"carpPosition":[-6.22319,237.22,43.5373],"dipPosition":[-53.7215,227.866,-4.35828],"direction":[-0.292533,-0.188088,0.937575],"extended":false,"handId":506,"id":5064,"length":50.5107,"mcpPosition":[-14.3675,237.964,-13.8683],"pipPosition":[-47.9999,231.544,-22.6961],"stabilizedTipPosition":[-42.998,230.569,4.54133],"timeVisible":240.359,"tipPosition":[-48.1678,227.555,8.15631],"tipVelocity":[-294.898,-135.757,106.267],"tool":false,"touchDistance":0.333333,"touchZone":"none","type":4,"width":16.0574}],"r":[[0.738387,-0.0321599,0.67361],[0.230037,-0.926943,-0.296413],[0.63393,0.373822,-0.677045]],"s":1.35096,"t":[-16.8154,4.78532,2.17471],"timestamp":98054832609},false],[3,{"currentFrameRate":110.301,"devices":[],"gestures":[],"hands":[{"armBasis":[[0.472954,-0.722664,-0.504055],[0.852147,0.520593,0.0531935],[0.223966,-0.454686,0.862032]],"armWidth":63.72,"confidence":0.240333,"direction":[-0.193635,0.288281,-0.937763],"elbow":[46.4082,122.631,290.119],"grabStrength":0,"id":506,"palmNormal":[-0.841366,-0.540413,0.0076001],"palmPosition":[-31.9999,264.654,9.41049],"palmVelocity":[-88.0716,-142.715,67.1209],"palmWidth":90.99,"pinchStrength":0.936861,"r":[[0.75204,-0.0573071,0.656622],[0.192775,-0.933528,-0.302263],[0.630297,0.353894,-0.691003]],"s":1.351,"sphereCenter":[-66.8451,277.226,-6.16233],"sphereRadius":50.655,"stabilizedPalmPosition":[-28.5456,269.48,6.31348],"t":[-17.2501,3.91216,2.67749],"timeVisible":240.368,"type":"right","wrist":[-14.0626,245.396,57.3703]}],"id":1823945,"interactionBox":{"center":[0,200,0],"size":[235.247,235.247,147.751]},"pointables":[{"bases":[[[0.917801,0.221528,-0.329495],[0.0457498,0.765343,0.641995],[0.394397,-0.604298,0.692297]],[[0.854428,0.302983,-0.422084],[-0.286692,0.952434,0.10333],[0.433314,0.0327195,0.900649]],[[0.854428,0.302983,-0.422084],[-0.494506,0.723489,-0.481693],[0.159428,0.620295,0.767996]],[[0.854428,0.302983,-0.422084],[-0.515972,0.590241,-0.620797],[0.0610402,0.748209,0.660649]]],"btipPosition":[-65.3659,220.815,-16.0459],"carpPosition":[-36.8716,261.108,70.5592],"dipPosition":[-63.9374,238.325,-0.584334],"direction":[-0.159428,-0.620295,-0.767996],"extended":false,"handId":506,"id":5060,"length":52.1164,"mcpPosition":[-36.8716,261.108,70.5592],"pipPosition":[-58.5016,259.475,25.6009],"stabilizedTipPosition":[-56.2189,228.288,-18.4113],"timeVisible":240.368,"tipPosition":[-65.5345,226.082,-13.1794],"tipVelocity":[-280.986,-74.046,139.128],"tool":false,"touchDistance":0.412835,"touchZone":"hovering","type":0,"width":20.25},{"bases":[[[0.464913,-0.730849,-0.499716],[0.791173,0.596278,-0.136002],[0.397367,-0.332133,0.855446]],[[0.520203,-0.773037,-0.363046],[0.847037,0.412665,0.335015],[-0.109163,-0.481789,0.869461]],[[0.520203,-0.773037,-0.363046],[0.853953,0.476962,0.208017],[0.0123543,-0.418235,0.908255]],[[0.520203,-0.773037,-0.363046],[0.84475,0.528276,0.0855658],[0.125643,-0.351194,0.927834]]],"btipPosition":[-45.4119,329.627,-80.5186],"carpPosition":[-18.4224,268.384,57.5758],"dipPosition":[-43.2652,323.627,-64.666],"direction":[-0.0123543,0.418235,-0.908255],"extended":true,"handId":506,"id":5061,"length":58.8075,"mcpPosition":[-47.6565,292.819,-5.35899],"pipPosition":[-42.9666,313.518,-42.7131],"stabilizedTipPosition":[-40.9088,331.114,-80.4863],"timeVisible":240.368,"tipPosition":[-44.2599,328.348,-76.8082],"tipVelocity":[-112.338,-89.871,104.023],"tool":false,"touchDistance":0.328221,"touchZone":"hovering","type":1,"width":19.3428},{"bases":[[[0.372591,-0.859872,-0.348992],[0.866915,0.456699,-0.199713],[0.331112,-0.228135,0.915598]],[[0.37108,-0.858825,-0.353156],[0.0249379,0.389389,-0.920736],[0.928266,0.33286,0.165912]],[[0.37108,-0.858825,-0.353156],[-0.923457,-0.301322,-0.237555],[0.0976044,0.414276,-0.904903]],[[0.37108,-0.858825,-0.353156],[-0.749383,-0.501552,0.432286],[-0.548384,0.104236,-0.829705]]],"btipPosition":[-71.9607,246.826,20.201],"carpPosition":[-11.6466,260.692,50.7534],"dipPosition":[-82.2659,248.784,4.60915],"direction":[-0.0976044,-0.414276,0.904903],"extended":false,"handId":506,"id":5062,"length":67.0064,"mcpPosition":[-34.7476,276.609,-13.126],"pipPosition":[-79.4904,260.565,-21.123],"stabilizedTipPosition":[-57.756,251.201,-5.78706],"timeVisible":240.368,"tipPosition":[-74.4997,247.281,16.3861],"tipVelocity":[-156.563,-10.1515,162.408],"tool":false,"touchDistance":0.333333,"touchZone":"none","type":2,"width":18.9972},{"bases":[[[0.350837,-0.916037,-0.194395],[0.901433,0.386593,-0.194847],[0.253639,-0.106874,0.961377]],[[0.356412,-0.918195,-0.172883],[0.112111,0.225725,-0.967719],[0.927578,0.325525,0.183391]],[[0.356412,-0.918195,-0.172883],[-0.916171,-0.30715,-0.257466],[0.183304,0.250154,-0.950696]],[[0.356412,-0.918195,-0.172883],[-0.802578,-0.395604,0.446505],[-0.478371,-0.0203879,-0.877921]]],"btipPosition":[-60.0546,236.381,19.8809],"carpPosition":[-6.58288,250.779,45.5561],"dipPosition":[-68.9925,236,3.47785],"direction":[-0.183304,-0.250154,0.950696],"extended":false,"handId":506,"id":5063,"length":64.4285,"mcpPosition":[-22.4708,257.474,-14.6645],"pipPosition":[-63.9147,242.929,-22.8583],"stabilizedTipPosition":[-50.3118,241.356,4.07069],"timeVisible":240.368,"tipPosition":[-62.2895,236.282,15.7416],"tipVelocity":[-186.396,-55.4311,128.028],"tool":false,"touchDistance":0.333333,"touchZone":"none","type":3,"width":18.077},{"bases":[[[0.224037,-0.97345,-0.0469351],[0.96387,0.228438,-0.137005],[0.144089,-0.0145452,0.989458]],[[0.211463,-0.968976,-0.127937],[0.216189,0.174026,-0.960717],[0.953177,0.175498,0.246282]],[[0.211463,-0.968976,-0.127937],[-0.933313,-0.161327,-0.320781],[0.290189,0.187239,-0.938473]],[[0.211463,-0.968976,-0.127937],[-0.886722,-0.245255,0.391885],[-0.411104,0.0305754,-0.911075]]],"btipPosition":[-47.0703,227.121,11.6581],"carpPosition":[-6.42211,236.672,43.6809],"dipPosition":[-54.1565,227.648,-4.04592],"direction":[-0.290189,-0.187239,0.938473],"extended":false,"handId":506,"id":5064,"length":50.5107,"mcpPosition":[-14.7771,237.515,-13.693],"pipPosition":[-48.4807,231.31,-22.4013],"stabilizedTipPosition":[-45.7431,228.967,6.22858],"timeVisible":240.368,"tipPosition":[-48.5588,227.291,8.44528],"tipVelocity":[-226.023,-106.569,86.037],"tool":false,"touchDistance":0.333333,"touchZone":"none","type":4,"width":16.0574}],"r":[[0.75204,-0.0573071,0.656622],[0.192775,-0.933528,-0.302263],[0.630297,0.353894,-0.691003]],"s":1.351,"t":[-17.2501,3.91216,2.67749],"timestamp":98054841592},false],[4,{"currentFrameRate":110.316,"devices":[],"gestures":[],"hands":[{"armBasis":[[0.463354,-0.729078,-0.503734],[0.857273,0.512767,0.0463993],[0.22447,-0.453337,0.862612]],"armWidth":63.72,"confidence":0.212206,"direction":[-0.19515,0.288585,-0.937355],"elbow":[46.1556,122.49,290.355],"grabStrength":0,"id":506,"palmNormal":[-0.846687,-0.531944,0.0125026],"palmPosition":[-32.4204,264.245,9.54078],"palmVelocity":[-76.6186,-115.859,52.5956],"palmWidth":90.99,"pinchStrength":0.936989,"r":[[0.762539,-0.0789911,0.642101],[0.160571,-0.938352,-0.306125],[0.626698,0.336536,-0.702847]],"s":1.35084,"sphereCenter":[-67.4978,277.344,-5.74802],"sphereRadius":50.7953,"stabilizedPalmPosition":[-29.7164,267.898,7.28867],"t":[-17.6778,3.271,2.99402],"timeVisible":240.377,"type":"right","wrist":[-14.4512,244.891,57.4501]}],"id":1823946,"interactionBox":{"center":[0,200,0],"size":[235.247,235.247,147.751]},"pointables":[{"bases":[[[0.918412,0.211755,-0.334186],[0.0564269,0.765954,0.640414],[0.391582,-0.607021,0.691512]],[[0.855081,0.294058,-0.427043],[-0.276608,0.955341,0.103979],[0.438548,0.029213,0.898233]],[[0.855081,0.294058,-0.427043],[-0.490165,0.72697,-0.480888],[0.169038,0.62052,0.765755]],[[0.855081,0.294058,-0.427043],[-0.513501,0.594303,-0.618967],[0.0717805,0.748555,0.659176]]],"btipPosition":[-66.3742,220.719,-15.6558],"carpPosition":[-37.0395,260.853,70.7178],"dipPosition":[-64.6943,238.238,-0.228708],"direction":[-0.169038,-0.62052,-0.765755],"extended":false,"handId":506,"id":5060,"length":52.1164,"mcpPosition":[-37.0395,260.853,70.7178],"pipPosition":[-58.9308,259.395,25.8802],"stabilizedTipPosition":[-59.4955,227.101,-16.297],"timeVisible":240.377,"tipPosition":[-66.4485,225.947,-12.786],"tipVelocity":[-232.526,-56.4873,112.438],"tool":false,"touchDistance":0.410618,"touchZone":"hovering","type":0,"width":20.25},{"bases":[[[0.45522,-0.736331,-0.500592],[0.796453,0.588088,-0.140767],[0.398043,-0.334618,0.854162]],[[0.509081,-0.777721,-0.368763],[0.854345,0.404543,0.32625],[-0.104551,-0.481138,0.870388]],[[0.509081,-0.777721,-0.368763],[0.860417,0.471165,0.194128],[0.0227705,-0.416117,0.909026]],[[0.509081,-0.777721,-0.368763],[0.849067,0.524021,0.0669851],[0.141144,-0.347205,0.927107]]],"btipPosition":[-46.3337,329.2,-80.4108],"carpPosition":[-18.5797,267.922,57.6353],"dipPosition":[-43.9222,323.268,-64.5706],"direction":[-0.0227705,0.416117,-0.909026],"extended":true,"handId":506,"id":5061,"length":58.8075,"mcpPosition":[-47.8636,292.54,-5.20511],"pipPosition":[-43.3718,313.211,-42.5991],"stabilizedTipPosition":[-42.0842,330.323,-79.5888],"timeVisible":240.377,"tipPosition":[-44.964,327.91,-76.7124],"tipVelocity":[-107.628,-77.6324,78.5569],"tool":false,"touchDistance":0.329995,"touchZone":"hovering","type":1,"width":19.3428},{"bases":[[[0.362321,-0.864163,-0.349208],[0.870493,0.447647,-0.204584],[0.333116,-0.229857,0.914439]],[[0.360807,-0.863112,-0.35335],[0.0236467,0.387214,-0.921686],[0.932341,0.324195,0.160119]],[[0.360807,-0.863112,-0.35335],[-0.927615,-0.292829,-0.23191],[0.0966929,0.411447,-0.90629]],[[0.360807,-0.863112,-0.35335],[-0.752063,-0.49332,0.437077],[-0.551561,0.108041,-0.827108]]],"btipPosition":[-72.4781,246.831,20.5931],"carpPosition":[-11.9134,260.151,50.7948],"dipPosition":[-82.8431,248.861,5.05004],"direction":[-0.0966929,-0.411447,0.90629],"extended":false,"handId":506,"id":5062,"length":67.0064,"mcpPosition":[-35.1543,276.188,-13.0038],"pipPosition":[-80.0935,260.561,-20.7216],"stabilizedTipPosition":[-59.2523,250.86,-3.79216],"timeVisible":240.377,"tipPosition":[-75.0364,247.306,16.7807],"tipVelocity":[-129.61,-6.68844,129.947],"tool":false,"touchDistance":0.333333,"touchZone":"none","type":2,"width":18.9972},{"bases":[[[0.340733,-0.91984,-0.194411],[0.90433,0.377207,-0.199756],[0.257077,-0.107748,0.960365]],[[0.346387,-0.922016,-0.172926],[0.109221,0.222723,-0.968744],[0.931712,0.316673,0.177852]],[[0.346387,-0.922016,-0.172926],[-0.920503,-0.298538,-0.252091],[0.180806,0.2465,-0.952128]],[[0.346387,-0.922016,-0.172926],[-0.804252,-0.38677,0.451207],[-0.482903,-0.017216,-0.875505]]],"btipPosition":[-60.6916,236.272,20.2216],"carpPosition":[-6.97368,250.178,45.5914],"dipPosition":[-69.7142,235.95,3.86366],"direction":[-0.180806,-0.2465,0.952128],"extended":false,"handId":506,"id":5063,"length":64.4285,"mcpPosition":[-23.077,256.928,-14.5658],"pipPosition":[-64.7055,242.779,-22.5122],"stabilizedTipPosition":[-52.8319,240.312,6.57734],"timeVisible":240.377,"tipPosition":[-62.9486,236.189,16.0916],"tipVelocity":[-155.042,-43.0429,103.448],"tool":false,"touchDistance":0.333333,"touchZone":"none","type":3,"width":18.077},{"bases":[[[0.21406,-0.975725,-0.0462571],[0.965453,0.218535,-0.141926],[0.14859,-0.0142782,0.988796]],[[0.201134,-0.971256,-0.127308],[0.213424,0.170292,-0.962004],[0.956031,0.166321,0.241541]],[[0.201134,-0.971256,-0.127308],[-0.936371,-0.152468,-0.316169],[0.287671,0.1828,-0.940122]],[[0.201134,-0.971256,-0.127308],[-0.887295,-0.235708,0.39642],[-0.415033,0.0332259,-0.9092]]],"btipPosition":[-47.8561,226.866,11.9237],"carpPosition":[-6.96292,236.067,43.7405],"dipPosition":[-55.0099,227.439,-3.748],"direction":[-0.287671,-0.1828,0.940122],"extended":false,"handId":506,"id":5064,"length":50.5107,"mcpPosition":[-15.5789,236.895,-13.595],"pipPosition":[-49.3834,231.014,-22.1357],"stabilizedTipPosition":[-47.6549,227.965,7.29205],"timeVisible":240.377,"tipPosition":[-49.3585,227.046,8.71531],"tipVelocity":[-188.165,-84.6408,70.6505],"tool":false,"touchDistance":0.333333,"touchZone":"none","type":4,"width":16.0574}],"r":[[0.762539,-0.0789911,0.642101],[0.160571,-0.938352,-0.306125],[0.626698,0.336536,-0.702847]],"s":1.35084,"t":[-17.6778,3.271,2.99402],"timestamp":98054850631},false],[5,{"currentFrameRate":110.273,"devices":[],"gestures":[],"hands":[{"armBasis":[[0.448715,-0.740029,-0.501011],[0.864693,0.501134,0.0342242],[0.225747,-0.448578,0.864764]],"armWidth":63.72,"confidence":0.21176,"direction":[-0.19517,0.292172,-0.936239],"elbow":[45.6975,122.712,290.436],"grabStrength":0,"id":506,"palmNormal":[-0.855344,-0.51779,0.0167195],"palmPosition":[-33.1465,263.498,9.14017],"palmVelocity":[-77.3965,-106.358,25.7657],"palmWidth":90.99,"pinchStrength":0.936569,"r":[[0.770622,-0.0991308,0.629535],[0.131215,-0.941982,-0.308953],[0.623637,0.320691,-0.712905]],"s":1.35049,"sphereCenter":[-68.3898,277.414,-5.8025],"sphereRadius":50.944,"stabilizedPalmPosition":[-30.8288,266.471,7.88909],"t":[-18.2546,2.5768,2.95198],"timeVisible":240.386,"type":"right","wrist":[-15.2542,243.828,56.9495]}],"id":1823947,"interactionBox":{"center":[0,200,0],"size":[235.247,235.247,147.751]},"pointables":[{"bases":[[[0.920066,0.196583,-0.338872],[0.0724765,0.764649,0.640358],[0.385002,-0.613732,0.68928]],[[0.856914,0.280785,-0.43227],[-0.260044,0.959561,0.10779],[0.445056,0.0200427,0.895278]],[[0.856914,0.280785,-0.43227],[-0.481774,0.734464,-0.477971],[0.18328,0.617837,0.764647]],[[0.856914,0.280785,-0.43227],[-0.507846,0.603485,-0.614734],[0.088261,0.746301,0.659731]]],"btipPosition":[-68.0356,220.626,-15.8621],"carpPosition":[-37.5048,260.159,70.3392],"dipPosition":[-65.97,238.093,-0.422038],"direction":[-0.18328,-0.617837,-0.764647],"extended":false,"handId":506,"id":5060,"length":52.1164,"mcpPosition":[-37.5048,260.159,70.3392],"pipPosition":[-59.7209,259.158,25.6491],"stabilizedTipPosition":[-62.5145,226.181,-14.8048],"timeVisible":240.386,"tipPosition":[-67.9508,225.766,-12.9673],"tipVelocity":[-215.68,-43.9608,74.9585],"tool":false,"touchDistance":0.399839,"touchZone":"hovering","type":0,"width":20.25},{"bases":[[[0.440309,-0.743599,-0.503179],[0.805388,0.574814,-0.144704],[0.396836,-0.34154,0.851981]],[[0.49226,-0.784606,-0.376927],[0.864465,0.389979,0.3172],[-0.101883,-0.481985,0.870236]],[[0.49226,-0.784606,-0.376927],[0.869854,0.459415,0.179701],[0.0321713,-0.416331,0.908644]],[[0.49226,-0.784606,-0.376927],[0.856275,0.514313,0.0476915],[0.15644,-0.34623,0.925014]]],"btipPosition":[-47.2663,328.737,-80.6706],"carpPosition":[-18.9979,266.924,57.1635],"dipPosition":[-44.5934,322.822,-64.8661],"direction":[-0.0321713,0.416331,-0.908644],"extended":true,"handId":506,"id":5061,"length":58.8075,"mcpPosition":[-48.1929,292.051,-5.51645],"pipPosition":[-43.8158,312.759,-42.9039],"stabilizedTipPosition":[-43.2822,329.55,-78.9191],"timeVisible":240.386,"tipPosition":[-45.6786,327.414,-76.9937],"tipVelocity":[-104.228,-70.0134,48.537],"tool":false,"touchDistance":0.325651,"touchZone":"hovering","type":1,"width":19.3428},{"bases":[[[0.346081,-0.869929,-0.351357],[0.876749,0.433187,-0.208949],[0.333974,-0.235739,0.912628]],[[0.344569,-0.868855,-0.355475],[0.0245419,0.386872,-0.921807],[0.93844,0.308902,0.154627]],[[0.344569,-0.868855,-0.355475],[-0.93362,-0.277587,-0.226494],[0.0981148,0.409921,-0.906828]],[[0.344569,-0.868855,-0.355475],[-0.75766,-0.480964,0.441163],[-0.554278,0.117318,-0.824022]]],"btipPosition":[-73.4052,246.743,20.4328],"carpPosition":[-12.4973,259.047,50.2861],"dipPosition":[-83.8212,248.948,4.94774],"direction":[-0.0981148,-0.409921,0.906828],"extended":false,"handId":506,"id":5062,"length":67.0064,"mcpPosition":[-35.798,275.493,-13.3861],"pipPosition":[-81.0312,260.604,-20.8392],"stabilizedTipPosition":[-60.7883,250.525,-1.87426],"timeVisible":240.386,"tipPosition":[-75.98,247.263,16.6268],"tipVelocity":[-122.114,-6.28747,89.3104],"tool":false,"touchDistance":0.333333,"touchZone":"none","type":2,"width":18.9972},{"bases":[[[0.324371,-0.925302,-0.196468],[0.909434,0.362192,-0.204319],[0.260216,-0.1124,0.958986]],[[0.330098,-0.92758,-0.175018],[0.107351,0.221098,-0.969325],[0.937823,0.301184,0.17256]],[[0.330098,-0.92758,-0.175018],[-0.926728,-0.283205,-0.246922],[0.179474,0.243702,-0.953099]],[[0.330098,-0.92758,-0.175018],[-0.808104,-0.373519,0.455469],[-0.487856,-0.00891677,-0.872878]]],"btipPosition":[-61.8093,235.995,19.9848],"carpPosition":[-7.75115,248.995,45.054],"dipPosition":[-70.9244,235.828,3.67595],"direction":[-0.179474,-0.243702,0.953099],"extended":false,"handId":506,"id":5063,"length":64.4285,"mcpPosition":[-24.0511,256.036,-15.0169],"pipPosition":[-65.9526,242.579,-22.7268],"stabilizedTipPosition":[-55.2554,239.359,8.69065],"timeVisible":240.386,"tipPosition":[-64.0901,235.951,15.8657],"tipVelocity":[-146.558,-38.4215,67.7954],"tool":false,"touchDistance":0.333333,"touchZone":"none","type":3,"width":18.077},{"bases":[[[0.197555,-0.979132,-0.0476776],[0.968208,0.202502,-0.146857],[0.153447,-0.0171496,0.988008]],[[0.184268,-0.974406,-0.128757],[0.211273,0.167206,-0.963019],[0.9599,0.150251,0.236677]],[[0.184268,-0.974406,-0.128757],[-0.940392,-0.136686,-0.311414],[0.285845,0.178466,-0.941511]],[[0.184268,-0.974406,-0.128757],[-0.889047,-0.221099,0.400887],[-0.419094,0.0406004,-0.907034]]],"btipPosition":[-49.1907,226.378,11.5892],"carpPosition":[-7.98477,234.886,43.1986],"dipPosition":[-56.4145,227.077,-4.04516],"direction":[-0.285845,-0.178466,0.941511],"extended":false,"handId":506,"id":5064,"length":50.5107,"mcpPosition":[-16.8824,235.881,-14.0913],"pipPosition":[-50.8237,230.568,-22.46],"stabilizedTipPosition":[-49.3743,227.198,7.66916],"timeVisible":240.386,"tipPosition":[-50.707,226.585,8.38647],"tipVelocity":[-176.907,-75.0589,41.0697],"tool":false,"touchDistance":0.333333,"touchZone":"none","type":4,"width":16.0574}],"r":[[0.770622,-0.0991308,0.629535],[0.131215,-0.941982,-0.308953],[0.623637,0.320691,-0.712905]],"s":1.35049,"t":[-18.2546,2.5768,2.95198],"timestamp":98054859775},false],[6,{"currentFrameRate":110.244,"devices":[],"gestures":[],"hands":[{"armBasis":[[0.435717,-0.748443,-0.499985],[0.870952,0.490765,0.0243585],[0.227144,-0.446076,0.865692]],"armWidth":63.72,"confidence":0.206567,"direction":[-0.192077,0.289094,-0.937833],"elbow":[45.5225,122.683,290.61],"grabStrength":0,"id":506,"palmNormal":[-0.862688,-0.505304,0.0209225],"palmPosition":[-33.4715,262.75,8.96145],"palmVelocity":[-65.7964,-99.5956,13.1683],"palmWidth":90.99,"pinchStrength":0.936283,"r":[[0.776388,-0.116812,0.619336],[0.104854,-0.94504,-0.309686],[0.621472,0.305377,-0.721469]],"s":1.34991,"sphereCenter":[-68.9823,277.429,-5.79624],"sphereRadius":51.174,"stabilizedPalmPosition":[-31.7326,265.198,8.25582],"t":[-18.7056,1.85566,2.8416],"timeVisible":240.395,"type":"right","wrist":[-15.8063,243.124,56.8731]}],"id":1823948,"interactionBox":{"center":[0,200,0],"size":[235.247,235.247,147.751]},"pointables":[{"bases":[[[0.922389,0.18119,-0.341128],[0.0842499,0.767514,0.635471],[0.376961,-0.614892,0.692682]],[[0.859835,0.266297,-0.435626],[-0.245977,0.963722,0.103614],[0.447415,0.0180627,0.894144]],[[0.859835,0.266297,-0.435626],[-0.472757,0.737489,-0.482298],[0.192835,0.620642,0.760012]],[[0.859835,0.266297,-0.435626],[-0.500561,0.6078,-0.616456],[0.100613,0.748107,0.655906]]],"btipPosition":[-69.0668,220.285,-15.7121],"carpPosition":[-37.8034,259.856,70.1851],"dipPosition":[-66.7121,237.794,-0.361532],"direction":[-0.192835,-0.620642,-0.760012],"extended":false,"handId":506,"id":5060,"length":52.1164,"mcpPosition":[-37.8034,259.856,70.1851],"pipPosition":[-60.1372,258.955,25.5515],"stabilizedTipPosition":[-64.9824,225.414,-13.7277],"timeVisible":240.395,"tipPosition":[-68.8614,225.37,-12.8262],"tipVelocity":[-185.15,-41.8491,58.0809],"tool":false,"touchDistance":0.39513,"touchZone":"hovering","type":0,"width":20.25},{"bases":[[[0.428951,-0.752994,-0.499001],[0.813403,0.56224,-0.149206],[0.392909,-0.341887,0.85366]],[[0.477822,-0.79208,-0.379861],[0.872804,0.37909,0.307417],[-0.0994972,-0.478435,0.872468]],[[0.477822,-0.79208,-0.379861],[0.877351,0.451987,0.161132],[0.0440633,-0.410264,0.910902]],[[0.477822,-0.79208,-0.379861],[0.860519,0.508981,0.0211161],[0.176617,-0.336967,0.924802]]],"btipPosition":[-47.9311,327.653,-81.158],"carpPosition":[-19.2169,266.272,56.9464],"dipPosition":[-44.9135,321.896,-65.3572],"direction":[-0.0440633,0.410264,-0.910902],"extended":true,"handId":506,"id":5061,"length":58.8075,"mcpPosition":[-48.1231,291.425,-5.85701],"pipPosition":[-43.8485,311.98,-43.3403],"stabilizedTipPosition":[-44.4333,328.613,-78.513],"timeVisible":240.395,"tipPosition":[-46.0489,326.328,-77.4934],"tipVelocity":[-93.1088,-82.4636,20.1909],"tool":false,"touchDistance":0.317872,"touchZone":"hovering","type":1,"width":19.3428},{"bases":[[[0.333098,-0.877002,-0.346284],[0.882641,0.419201,-0.212641],[0.33165,-0.234814,0.913713]],[[0.331601,-0.875936,-0.350394],[0.0282975,0.380476,-0.924358],[0.942995,0.296603,0.150953]],[[0.331601,-0.875936,-0.350394],[-0.937861,-0.265809,-0.223076],[0.102262,0.402593,-0.909649]],[[0.331601,-0.875936,-0.350394],[-0.76376,-0.467278,0.445332],[-0.553814,0.119944,-0.823956]]],"btipPosition":[-73.9307,246.643,20.4383],"carpPosition":[-12.8388,258.259,50.1113],"dipPosition":[-84.338,248.897,4.95455],"direction":[-0.102262,-0.402593,0.909649],"extended":false,"handId":506,"id":5062,"length":67.0064,"mcpPosition":[-35.9773,274.641,-13.6366],"pipPosition":[-81.43,260.345,-20.9126],"stabilizedTipPosition":[-62.3364,250.189,-0.0058125],"timeVisible":240.395,"tipPosition":[-76.5065,247.177,16.6262],"tipVelocity":[-104.138,-7.25097,64.6841],"tool":false,"touchDistance":0.333333,"touchZone":"none","type":2,"width":18.9972},{"bases":[[[0.310781,-0.931087,-0.191028],[0.914306,0.347773,-0.207603],[0.259731,-0.110139,0.95938]],[[0.316499,-0.933313,-0.169574],[0.108849,0.213315,-0.970901],[0.942327,0.288831,0.169105]],[[0.316499,-0.933313,-0.169574],[-0.931092,-0.271476,-0.243655],[0.181371,0.235005,-0.954922]],[[0.316499,-0.933313,-0.169574],[-0.81273,-0.358987,0.458911],[-0.489182,-0.00742733,-0.87215]]],"btipPosition":[-62.5009,235.731,20.0345],"carpPosition":[-8.24412,248.108,44.937],"dipPosition":[-71.6408,235.592,3.73922],"direction":[-0.181371,-0.235005,0.954922],"extended":false,"handId":506,"id":5063,"length":64.4285,"mcpPosition":[-24.5136,255.007,-15.1585],"pipPosition":[-66.6164,242.102,-22.714],"stabilizedTipPosition":[-57.4388,238.504,10.4648],"timeVisible":240.395,"tipPosition":[-64.7882,235.694,15.9179],"tipVelocity":[-127.085,-35.5982,50.5738],"tool":false,"touchDistance":0.333333,"touchZone":"none","type":3,"width":18.077},{"bases":[[[0.183383,-0.982154,-0.0417605],[0.970844,0.187615,-0.149207],[0.15438,-0.0131808,0.987924]],[[0.170051,-0.977735,-0.122948],[0.212521,0.158216,-0.964263],[0.962246,0.137845,0.234694]],[[0.170051,-0.977735,-0.122948],[-0.942629,-0.12502,-0.309549],[0.287286,0.168534,-0.942901]],[[0.170051,-0.977735,-0.122948],[-0.891669,-0.205785,0.403212],[-0.419535,0.0410624,-0.90681]]],"btipPosition":[-50.0465,225.878,11.6593],"carpPosition":[-8.68303,233.992,43.1703],"dipPosition":[-57.278,226.586,-3.97122],"direction":[-0.287286,-0.168534,0.942901],"extended":false,"handId":506,"id":5064,"length":50.5107,"mcpPosition":[-17.6348,234.757,-14.1146],"pipPosition":[-51.659,229.883,-22.4132],"stabilizedTipPosition":[-50.673,226.555,7.88887],"timeVisible":240.395,"tipPosition":[-51.5641,226.088,8.4548],"tipVelocity":[-153.886,-69.3547,31.8238],"tool":false,"touchDistance":0.333333,"touchZone":"none","ty