{"sensorType":"Leap","data":[[0,{"currentFrameRate":110.311,"devices":[],"gestures":[],"hands":[{"armBasis":[[0.877696,-0.238833,-0.415462],[0.417013,0.807805,0.416596],[0.236115,-0.538897,0.808603]],"armWidth":63.72,"confidence":0.69339,"direction":[0.00347024,0.200031,-0.979783],"elbow":[57.2778,105.075,295.505],"grabStrength":0,"id":506,"palmNormal":[-0.431015,-0.883808,-0.181963],"palmPosition":[-15.0261,260.785,24.121],"palmVelocity":[-5.11604,171.833,-216.484],"palmWidth":90.99,"pinchStrength":0.713901,"r":[[0.530545,0.209492,0.821362],[0.606766,-0.770485,-0.195415],[0.591909,0.602051,-0.53589]],"s":1.36206,"sphereCenter":[-50.6778,260.425,-1.51189],"sphereRadius":54.3285,"stabilizedPalmPosition":[-13.996,266.714,12.2806],"t":[-0.637359,-2.59864,19.9172],"timeVisible":239.248,"type":"right","wrist":[-6.4732,250.577,77.1816]}],"id":1823823,"interactionBox":{"center":[0,200,0],"size":[235.247,235.247,147.751]},"pointables":[{"bases":[[[0.749287,0.659347,-0.0618938],[-0.534795,0.65756,0.530669],[0.390594,-0.364523,0.845316]],[[0.698601,0.697372,-0.160091],[-0.714663,0.690978,-0.10866],[0.0348424,0.190321,0.981103]],[[0.698601,0.697372,-0.160091],[-0.673811,0.565941,-0.475067],[-0.240697,0.439754,0.865264]],[[0.698601,0.697372,-0.160091],[-0.490703,0.304124,-0.816529],[-0.520737,0.648985,0.554664]]],"btipPosition":[-18.2094,212.722,-10.5175],"carpPosition":[-36.864,252.405,80.9396],"dipPosition":[-30.3965,227.911,2.46359],"direction":[0.240697,-0.439754,-0.865264],"extended":false,"handId":506,"id":5060,"length":52.1164,"mcpPosition":[-36.864,252.405,80.9396],"pipPosition":[-38.6032,242.904,31.9653],"stabilizedTipPosition":[-18.5517,221.432,-19.565],"timeVisible":239.248,"tipPosition":[-20.4406,215.821,-6.90536],"tipVelocity":[-68.6833,163.541,-196.472],"tool":false,"touchDistance":0.0390157,"touchZone":"hovering","type":0,"width":20.25},{"bases":[[[0.890111,-0.383343,-0.246476],[0.404279,0.913815,0.0387428],[0.210382,-0.134131,0.968374]],[[0.912761,-0.400378,-0.081029],[0.380831,0.762284,0.523346],[-0.147769,-0.508548,0.848259]],[[0.912761,-0.400378,-0.081029],[0.39792,0.826624,0.397936],[-0.0923442,-0.395464,0.913828]],[[0.912761,-0.400378,-0.081029],[0.406642,0.871693,0.273485],[-0.0388648,-0.282576,0.958457]]],"btipPosition":[-27.3546,314.518,-72.8067],"carpPosition":[-21.1214,268.416,73.3428],"dipPosition":[-28.0186,309.69,-56.4309],"direction":[0.0923442,0.395464,-0.913828],"extended":true,"handId":506,"id":5061,"length":58.8075,"mcpPosition":[-36.5991,278.283,2.09994],"pipPosition":[-30.2506,300.132,-34.3433],"stabilizedTipPosition":[-27.5046,305.343,-51.8439],"timeVisible":239.248,"tipPosition":[-27.1518,313.467,-68.9747],"tipVelocity":[11.3561,106.235,-257.487],"tool":false,"touchDistance":0.00706969,"touchZone":"hovering","type":1,"width":19.3428},{"bases":[[[0.828302,-0.548069,-0.116348],[0.553464,0.832684,0.0177663],[0.0871443,-0.0791105,0.99305]],[[0.827156,-0.547044,-0.128667],[0.0673339,0.323782,-0.943733],[0.557924,0.771951,0.304653]],[[0.827156,-0.547044,-0.128667],[-0.550536,-0.742844,-0.380911],[0.112796,0.385909,-0.915615]],[[0.827156,-0.547044,-0.128667],[-0.494557,-0.817325,0.295625],[-0.266883,-0.180895,-0.946599]]],"btipPosition":[-40.8791,226.117,29.6939],"carpPosition":[-9.71481,265.381,69.8361],"dipPosition":[-45.8943,222.718,11.9054],"direction":[-0.112796,-0.385909,0.915615],"extended":false,"handId":506,"id":5062,"length":67.0064,"mcpPosition":[-15.7947,270.9,0.552976],"pipPosition":[-42.6868,233.692,-14.1314],"stabilizedTipPosition":[-43.2491,239.609,-8.06436],"timeVisible":239.248,"tipPosition":[-42.0167,225.386,25.6214],"tipVelocity":[-35.8903,192.17,-184.122],"tool":false,"touchDistance":0.333333,"touchZone":"none","type":2,"width":18.9972},{"bases":[[[0.788003,-0.614938,0.0300491],[0.613724,0.788453,0.0410556],[-0.0489389,-0.0139101,0.998705]],[[0.78736,-0.615061,0.0420021],[0.247767,0.253317,-0.935116],[0.564513,0.74668,0.351843]],[[0.78736,-0.615061,0.0420021],[-0.542564,-0.723682,-0.426508],[0.292724,0.313026,-0.903508]],[[0.78736,-0.615061,0.0420021],[-0.602688,-0.753604,0.26239],[-0.129733,-0.231909,-0.964047]]],"btipPosition":[-27.004,222.667,32.3772],"carpPosition":[0.837832,259.495,67.615],"dipPosition":[-29.4279,218.334,14.3649],"direction":[-0.292724,-0.313026,0.903508],"extended":false,"handId":506,"id":5063,"length":64.4285,"mcpPosition":[3.90336,260.367,5.05615],"pipPosition":[-21.3189,227.005,-10.6641],"stabilizedTipPosition":[-29.0512,235.078,-4.41614],"timeVisible":239.248,"tipPosition":[-27.6012,221.78,28.3505],"tipVelocity":[-36.3254,183.393,-182.135],"tool":false,"touchDistance":0.333333,"touchZone":"none","type":3,"width":18.077},{"bases":[[[0.664733,-0.73418,0.138237],[0.722065,0.678862,0.1333],[-0.19171,0.0112069,0.981388]],[[0.676815,-0.733081,0.0671911],[0.348554,0.238726,-0.906377],[0.648408,0.636869,0.417092]],[[0.676815,-0.733081,0.0671911],[-0.618003,-0.61541,-0.489228],[0.399994,0.289592,-0.869564]],[[0.676815,-0.733081,0.0671911],[-0.730499,-0.657522,0.184489],[-0.0910659,-0.173948,-0.980535]]],"btipPosition":[-9.73327,221.561,29.814],"carpPosition":[8.33125,247.396,67.5591],"dipPosition":[-11.303,218.562,12.9127],"direction":[-0.399994,-0.289592,0.869564],"extended":false,"handId":506,"id":5064,"length":50.5107,"mcpPosition":[19.4476,246.746,10.6531],"pipPosition":[-3.47956,224.227,-4.09491],"stabilizedTipPosition":[-11.4448,234.563,-7.14299],"timeVisible":239.248,"tipPosition":[-10.1123,220.966,26.1429],"tipVelocity":[-37.3021,168.24,-185.275],"tool":false,"touchDistance":0.333333,"touchZone":"none","type":4,"width":16.0574}],"r":[[0.530545,0.209492,0.821362],[0.606766,-0.770485,-0.195415],[0.591909,0.602051,-0.53589]],"s":1.36206,"t":[-0.637359,-2.59864,19.9172],"timestamp":98053720912},false],[1,{"currentFrameRate":110.247,"devices":[],"gestures":[],"hands":[{"armBasis":[[0.878687,-0.244102,-0.410271],[0.41871,0.80688,0.416686],[0.229326,-0.537922,0.811203]],"armWidth":63.72,"confidence":0.694949,"direction":[0.00486709,0.19428,-0.980934],"elbow":[55.2726,107.182,295.1],"grabStrength":0,"id":506,"palmNormal":[-0.433692,-0.88348,-0.177131],"palmPosition":[-15.1244,262.344,22.949],"palmVelocity":[-6.67839,171.263,-191.663],"palmWidth":90.99,"pinchStrength":0.709778,"r":[[0.532436,0.211656,0.819581],[0.602863,-0.774488,-0.191636],[0.594195,0.596129,-0.539965]],"s":1.362,"sphereCenter":[-50.9613,262.098,-2.70156],"sphereRadius":54.4604,"stabilizedPalmPosition":[-14.0057,266.677,12.3717],"t":[-0.723388,-0.934748,18.318],"timeVisible":239.257,"type":"right","wrist":[-6.64525,252.42,76.0751]}],"id":1823824,"interactionBox":{"center":[0,200,0],"size":[235.247,235.247,147.751]},"pointables":[{"bases":[[[0.751435,0.656583,-0.0651563],[-0.533105,0.662355,0.526389],[0.388774,-0.360812,0.847744]],[[0.700922,0.694208,-0.163657],[-0.712397,0.692558,-0.11338],[0.0346329,0.19606,0.97998]],[[0.700922,0.694208,-0.163657],[-0.672496,0.566809,-0.475896],[-0.237609,0.443625,0.864141]],[[0.700922,0.694208,-0.163657],[-0.492466,0.305068,-0.815114],[-0.515932,0.651927,0.555702]]],"btipPosition":[-18.5856,214.197,-11.5888],"carpPosition":[-37.0329,254.367,79.7983],"dipPosition":[-30.6603,229.454,1.41661],"direction":[0.237609,-0.443625,-0.864141],"extended":false,"handId":506,"id":5060,"length":52.1164,"mcpPosition":[-37.0329,254.367,79.7983],"pipPosition":[-38.7617,244.58,30.88],"stabilizedTipPosition":[-18.5849,221.388,-19.4354],"timeVisible":239.257,"tipPosition":[-20.7857,217.308,-7.95658],"tipVelocity":[-60.1552,163.185,-174.005],"tool":false,"touchDistance":0.0212541,"touchZone":"hovering","type":0,"width":20.25},{"bases":[[[0.889074,-0.387613,-0.243523],[0.407163,0.912733,0.0337162],[0.209203,-0.12913,0.969309]],[[0.911528,-0.403737,-0.0781894],[0.382949,0.764039,0.519224],[-0.14989,-0.50323,0.851054]],[[0.911528,-0.403737,-0.0781894],[0.400316,0.827601,0.393475],[-0.094151,-0.389964,0.916004]],[[0.911528,-0.403737,-0.0781894],[0.409255,0.871931,0.268789],[-0.0403442,-0.277008,0.96002]]],"btipPosition":[-27.2198,315.561,-74.2973],"carpPosition":[-21.2334,270.282,72.1204],"dipPosition":[-27.9091,310.828,-57.8947],"direction":[0.094151,0.389964,-0.916004],"extended":true,"handId":506,"id":5061,"length":58.8075,"mcpPosition":[-36.6244,279.782,0.808761],"pipPosition":[-30.1848,301.402,-35.7546],"stabilizedTipPosition":[-27.5046,305.343,-51.8439],"timeVisible":239.257,"tipPosition":[-27.0245,314.525,-70.4618],"tipVelocity":[12.1054,108.927,-230.712],"tool":false,"touchDistance":-0.0676706,"touchZone":"hovering","type":1,"width":19.3428},{"bases":[[[0.826638,-0.551377,-0.112483],[0.556104,0.831006,0.013333],[0.0861226,-0.0735739,0.993564]],[[0.825498,-0.550414,-0.12489],[0.069322,0.318479,-0.945392],[0.560132,0.771761,0.301059]],[[0.825498,-0.550414,-0.12489],[-0.552556,-0.743028,-0.377613],[0.115047,0.380727,-0.917503]],[[0.825498,-0.550414,-0.12489],[-0.497517,-0.814117,0.299484],[-0.266515,-0.185088,-0.945892]]],"btipPosition":[-41.1043,227.776,28.676],"carpPosition":[-9.83392,267.191,68.6405],"dipPosition":[-46.1126,224.298,10.9008],"direction":[-0.115047,-0.380727,0.917503],"extended":false,"handId":506,"id":5062,"length":67.0064,"mcpPosition":[-15.8425,272.324,-0.678485],"pipPosition":[-42.8411,235.124,-15.1897],"stabilizedTipPosition":[-43.2425,239.524,-7.84592],"timeVisible":239.257,"tipPosition":[-42.2363,227.031,24.6169],"tipVelocity":[-32.666,188.396,-163.557],"tool":false,"touchDistance":0.333333,"touchZone":"none","type":2,"width":18.9972},{"bases":[[[0.786013,-0.61726,0.0342712],[0.616205,0.78672,0.0369284],[-0.0497562,-0.00790816,0.99873]],[[0.785367,-0.61731,0.0461272],[0.249257,0.247147,-0.93637],[0.56663,0.746892,0.34797]],[[0.785367,-0.61731,0.0461272],[-0.54455,-0.724388,-0.422762],[0.294389,0.306904,-0.905066]],[[0.785367,-0.61731,0.0461272],[-0.605277,-0.750162,0.266264],[-0.129765,-0.237035,-0.962796]]],"btipPosition":[-27.2291,224.31,31.4157],"carpPosition":[0.701604,261.259,66.4623],"dipPosition":[-29.6537,219.881,13.4269],"direction":[-0.294389,-0.306904,0.905066],"extended":false,"handId":506,"id":5063,"length":64.4285,"mcpPosition":[3.81833,261.754,3.90186],"pipPosition":[-21.4985,228.383,-11.6453],"stabilizedTipPosition":[-29.0414,234.987,-4.17124],"timeVisible":239.257,"tipPosition":[-27.8263,223.402,27.3938],"tipVelocity":[-33.0308,181.48,-160.338],"tool":false,"touchDistance":0.333333,"touchZone":"none","type":3,"width":18.077},{"bases":[[[0.662279,-0.735473,0.143057],[0.724124,0.677326,0.129899],[-0.192433,0.0175618,0.981153]],[[0.674418,-0.734828,0.0720243],[0.350033,0.232311,-0.907474],[0.650105,0.637228,0.413889]],[[0.674418,-0.734828,0.0720243],[-0.619575,-0.616287,-0.486125],[0.401606,0.283227,-0.870916]],[[0.674418,-0.734828,0.0720243],[-0.732739,-0.654099,0.187742],[-0.0908473,-0.179392,-0.979574]]],"btipPosition":[-9.96152,223.137,28.8747],"carpPosition":[8.15641,249.135,66.4831],"dipPosition":[-11.5274,220.045,11.99],"direction":[-0.401606,-0.283227,0.870916],"extended":false,"handId":506,"id":5064,"length":50.5107,"mcpPosition":[19.3147,248.117,9.59074],"pipPosition":[-3.6725,225.585,-5.04405],"stabilizedTipPosition":[-11.4373,234.482,-6.92766],"timeVisible":239.257,"tipPosition":[-10.3394,222.522,25.2063],"tipVelocity":[-33.7982,168.543,-161.974],"tool":false,"touchDistance":0.333333,"touchZone":"none","type":4,"width":16.0574}],"r":[[0.532436,0.211656,0.819581],[0.602863,-0.774488,-0.191636],[0.594195,0.596129,-0.539965]],"s":1.362,"t":[-0.723388,-0.934748,18.318],"timestamp":98053730096},false],[2,{"currentFrameRate":110.43,"devices":[],"gestures":[],"hands":[{"armBasis":[[0.883876,-0.230861,-0.406776],[0.405998,0.810506,0.422192],[0.232227,-0.538316,0.810116]],"armWidth":63.72,"confidence":0.695354,"direction":[0.0128794,0.199858,-0.97974],"elbow":[55.718,108.655,293.507],"grabStrength":0,"id":506,"palmNormal":[-0.422192,-0.887112,-0.186513],"palmPosition":[-15.0209,264.132,21.6197],"palmVelocity":[-1.71841,180.215,-181.115],"palmWidth":90.99,"pinchStrength":0.704056,"r":[[0.531788,0.213627,0.819491],[0.601805,-0.776152,-0.188197],[0.595846,0.593255,-0.54131]],"s":1.36194,"sphereCenter":[-50.8082,263.811,-4.39396],"sphereRadius":54.5998,"stabilizedPalmPosition":[-14.016,266.651,12.4657],"t":[-0.714638,0.790894,16.8537],"timeVisible":239.265,"type":"right","wrist":[-6.98316,254,74.7753]}],"id":1823825,"interactionBox":{"center":[0,200,0],"size":[235.247,235.247,147.751]},"pointables":[{"bases":[[[0.744872,0.665042,-0.0537133],[-0.545694,0.653558,0.524481],[0.383907,-0.36136,0.849726]],[[0.694559,0.702921,-0.153263],[-0.719058,0.685161,-0.116233],[0.0233066,0.190936,0.981326]],[[0.694559,0.702921,-0.153263],[-0.675356,0.563614,-0.47564],[-0.247957,0.433867,0.866185]],[[0.694559,0.702921,-0.153263],[-0.492451,0.309206,-0.813562],[-0.52448,0.640541,0.560917]]],"btipPosition":[-17.8615,216.281,-13.4526],"carpPosition":[-37.427,255.596,78.1934],"dipPosition":[-30.1362,231.272,-0.325173],"direction":[0.247957,-0.433867,-0.866185],"extended":false,"handId":506,"id":5060,"length":52.1164,"mcpPosition":[-37.427,255.596,78.1934],"pipPosition":[-38.5905,246.065,29.2079],"stabilizedTipPosition":[-18.5849,221.388,-19.4354],"timeVisible":239.265,"tipPosition":[-20.0729,219.324,-9.76674],"tipVelocity":[-23.275,181.528,-183.705],"tool":false,"touchDistance":-0.0593417,"touchZone":"hovering","type":0,"width":20.25},{"bases":[[[0.89571,-0.376578,-0.236418],[0.396828,0.916885,0.0429942],[0.200577,-0.132327,0.9707]],[[0.916619,-0.393375,-0.0711745],[0.369318,0.765133,0.527423],[-0.153017,-0.509732,0.846616]],[[0.916619,-0.393375,-0.0711745],[0.387251,0.829549,0.402349],[-0.0992316,-0.396363,0.912715]],[[0.916619,-0.393375,-0.0711745],[0.396971,0.874672,0.278143],[-0.0471604,-0.283206,0.957899]]],"btipPosition":[-26.7016,317.779,-75.4454],"carpPosition":[-21.7234,271.725,70.7682],"dipPosition":[-27.5073,312.94,-59.0791],"direction":[0.0992316,0.396363,-0.912715],"extended":true,"handId":506,"id":5061,"length":58.8075,"mcpPosition":[-36.4798,281.46,-0.64576],"pipPosition":[-29.9058,303.36,-37.0184],"stabilizedTipPosition":[-27.4977,305.468,-52.0637],"timeVisible":239.265,"tipPosition":[-26.5369,316.715,-71.6176],"tipVelocity":[23.9284,147.014,-204.42],"tool":false,"touchDistance":-0.0869451,"touchZone":"hovering","type":1,"width":19.3428},{"bases":[[[0.833712,-0.541745,-0.106941],[0.546853,0.836893,0.0237071],[0.076655,-0.0782459,0.993983]],[[0.832683,-0.540719,-0.119426],[0.0758015,0.324939,-0.942692],[0.548538,0.775911,0.311559]],[[0.832683,-0.540719,-0.119426],[-0.540452,-0.746578,-0.387986],[0.12063,0.387613,-0.913895]],[[0.832683,-0.540719,-0.119426],[-0.491793,-0.821239,0.289319],[-0.254518,-0.182178,-0.949753]]],"btipPosition":[-40.6908,229.238,26.8601],"carpPosition":[-10.2556,268.777,67.3899],"dipPosition":[-45.4737,225.814,9.0123],"direction":[-0.12063,-0.387613,0.913895],"extended":false,"handId":506,"id":5062,"length":67.0064,"mcpPosition":[-15.6036,274.236,-1.95833],"pipPosition":[-42.0434,236.837,-16.9756],"stabilizedTipPosition":[-43.2302,239.431,-7.58698],"timeVisible":239.265,"tipPosition":[-41.7686,228.509,22.794],"tipVelocity":[-9.66261,183.17,-175.958],"tool":false,"touchDistance":0.333333,"touchZone":"none","type":2,"width":18.9972},{"bases":[[[0.792293,-0.608892,0.0390165],[0.607186,0.793128,0.04768],[-0.059977,-0.0140863,0.9981]],[[0.791544,-0.609014,0.050588],[0.256396,0.255815,-0.932105],[0.554724,0.750773,0.358638]],[[0.791544,-0.609014,0.050588],[-0.532072,-0.72752,-0.433145],[0.300595,0.315937,-0.899904]],[[0.791544,-0.609014,0.050588],[-0.599792,-0.758356,0.255236],[-0.117079,-0.232373,-0.965554]]],"btipPosition":[-26.8016,225.9,29.7132],"carpPosition":[0.365869,262.972,65.2884],"dipPosition":[-28.9891,221.558,11.6727],"direction":[-0.300595,-0.315937,0.899904],"extended":false,"handId":506,"id":5063,"length":64.4285,"mcpPosition":[4.12283,263.854,2.7674],"pipPosition":[-20.662,230.31,-13.2564],"stabilizedTipPosition":[-29.0246,234.889,-3.8838],"timeVisible":239.265,"tipPosition":[-27.344,225.015,25.6906],"tipVelocity":[-9.4186,182.246,-169.977],"tool":false,"touchDistance":0.333333,"touchZone":"none","type":3,"width":18.077},{"bases":[[[0.668738,-0.729051,0.145855],[0.715324,0.684387,0.141159],[-0.202734,0.0099354,0.979183]],[[0.6816,-0.727874,0.0749702],[0.356941,0.2413,-0.902423],[0.63876,0.641851,0.424279]],[[0.6816,-0.727874,0.0749702],[-0.607689,-0.620154,-0.496109],[0.407598,0.292589,-0.865018]],[[0.6816,-0.727874,0.0749702],[-0.727487,-0.663074,0.176342],[-0.0786438,-0.174734,-0.98147]]],"btipPosition":[-9.49538,224.948,27.3753],"carpPosition":[7.95166,250.93,65.3195],"dipPosition":[-10.8509,221.936,10.4579],"direction":[-0.407598,-0.292589,0.865018],"extended":false,"handId":506,"id":5064,"length":50.5107,"mcpPosition":[19.7072,250.354,8.54136],"pipPosition":[-2.87882,227.658,-6.46079],"stabilizedTipPosition":[-11.4233,234.394,-6.66654],"timeVisible":239.265,"tipPosition":[-9.82705,224.349,23.6997],"tipVelocity":[-8.98512,179.485,-164.817],"tool":false,"touchDistance":0.333333,"touchZone":"none","type":4,"width":16.0574}],"r":[[0.531788,0.213627,0.819491],[0.601805,-0.776152,-0.188197],[0.595846,0.593255,-0.54131]],"s":1.36194,"t":[-0.714638,0.790894,16.8537],"timestamp":98053738827},false],[3,{"currentFrameRate":110.369,"devices":[],"gestures":[],"hands":[{"armBasis":[[0.888658,-0.227536,-0.398139],[0.398732,0.812226,0.425795],[0.226495,-0.537137,0.812517]],"armWidth":63.72,"confidence":0.695195,"direction":[0.0172256,0.206688,-0.978255],"elbow":[54.012,109.863,293.253],"grabStrength":0,"id":506,"palmNormal":[-0.415217,-0.888567,-0.195049],"palmPosition":[-14.9387,265.334,20.7427],"palmVelocity":[1.2622,166.524,-157.282],"palmWidth":90.99,"pinchStrength":0.702829,"r":[[0.53003,0.21478,0.820328],[0.602196,-0.776425,-0.185805],[0.597016,0.592481,-0.540868]],"s":1.36193,"sphereCenter":[-50.6991,265.067,-5.47795],"sphereRadius":54.6906,"stabilizedPalmPosition":[-14.016,266.651,12.4657],"t":[-0.669154,2.25481,15.6831],"timeVisible":239.275,"type":"right","wrist":[-7.1418,254.89,73.8736]}],"id":1823826,"interactionBox":{"center":[0,200,0],"size":[235.247,235.247,147.751]},"pointables":[{"bases":[[[0.740747,0.670288,-0.0448067],[-0.553039,0.646318,0.525756],[0.381368,-0.364673,0.849454]],[[0.690565,0.70864,-0.144738],[-0.72308,0.68101,-0.115675],[0.0165963,0.184539,0.982685]],[[0.690565,0.70864,-0.144738],[-0.677015,0.56291,-0.474113],[-0.2545,0.425396,0.868486]],[[0.690565,0.70864,-0.144738],[-0.491615,0.313109,-0.812575],[-0.530504,0.632291,0.5646]]],"btipPosition":[-17.3503,217.747,-14.7537],"carpPosition":[-37.6149,256.261,77.1248],"dipPosition":[-29.766,232.545,-1.54004],"direction":[0.2545,-0.425396,-0.868486],"extended":false,"handId":506,"id":5060,"length":52.1164,"mcpPosition":[-37.6149,256.261,77.1248],"pipPosition":[-38.4433,247.049,28.0715],"stabilizedTipPosition":[-18.5975,221.386,-19.3753],"timeVisible":239.275,"tipPosition":[-19.5968,220.754,-11.0564],"tipVelocity":[-2.21655,174.153,-171.446],"tool":false,"touchDistance":-0.0806957,"touchZone":"hovering","type":0,"width":20.25},{"bases":[[[0.899539,-0.369031,-0.233764],[0.390488,0.919161,0.0515928],[0.195827,-0.137692,0.970924]],[[0.919587,-0.386803,-0.0688708],[0.361285,0.763646,0.535087],[-0.154381,-0.516941,0.841985]],[[0.919587,-0.386803,-0.0688708],[0.379391,0.828699,0.411485],[-0.102091,-0.404526,0.908811]],[[0.919587,-0.386803,-0.0688708],[0.389512,0.874645,0.288577],[-0.0513851,-0.292198,0.954976]]],"btipPosition":[-26.4046,319.653,-75.9847],"carpPosition":[-21.9757,272.544,69.9022],"dipPosition":[-27.2826,314.661,-59.6683],"direction":[0.102091,0.404526,-0.90881],"extended":true,"handId":506,"id":5061,"length":58.8075,"mcpPosition":[-36.3827,282.674,-1.52831],"pipPosition":[-29.7501,304.883,-37.702],"stabilizedTipPosition":[-27.4854,305.648,-52.342],"timeVisible":239.275,"tipPosition":[-26.2736,318.525,-72.1803],"tipVelocity":[25.7838,161.953,-164.159],"tool":false,"touchDistance":-0.0961241,"touchZone":"hovering","type":1,"width":19.3428},{"bases":[[[0.837889,-0.535492,-0.105787],[0.541149,0.840293,0.0326334],[0.0714169,-0.0845895,0.993853]],[[0.836919,-0.53438,-0.118341],[0.0792862,0.332304,-0.939834],[0.541554,0.777182,0.32048]],[[0.836919,-0.53438,-0.118341],[-0.533187,-0.747185,-0.396769],[0.123603,0.395161,-0.910258]],[[0.836919,-0.53438,-0.118341],[-0.488106,-0.826532,0.280353],[-0.247627,-0.17687,-0.952574]]],"btipPosition":[-40.4164,230.223,25.5694],"carpPosition":[-10.4692,269.695,66.5706],"dipPosition":[-45.0698,226.899,7.66862],"direction":[-0.123603,-0.395161,0.910258],"extended":false,"handId":506,"id":5062,"length":67.0064,"mcpPosition":[-15.4519,275.596,-2.76856],"pipPosition":[-41.555,238.136,-18.2159],"stabilizedTipPosition":[-43.2114,239.323,-7.27338],"timeVisible":239.275,"tipPosition":[-41.462,229.52,21.5004],"tipVelocity":[2.28639,162.738,-166.517],"tool":false,"touchDistance":0.333333,"touchZone":"none","type":2,"width":18.9972},{"bases":[[[0.796072,-0.603915,0.039463],[0.60163,0.796763,0.0566573],[-0.0656588,-0.0213611,0.997613]],[[0.795269,-0.604119,0.0508596],[0.26017,0.264306,-0.928684],[0.547593,0.751786,0.367368]],[[0.795269,-0.604119,0.0508596],[-0.524637,-0.727818,-0.441631],[0.303814,0.324533,-0.895754]],[[0.795269,-0.604119,0.0508596],[-0.596217,-0.76414,0.246201],[-0.109871,-0.22612,-0.967883]]],"btipPosition":[-26.5144,226.958,28.4851],"carpPosition":[0.202405,263.974,64.4914],"dipPosition":[-28.5672,222.733,10.4012],"direction":[-0.303814,-0.324533,0.895754],"extended":false,"handId":506,"id":5063,"length":64.4285,"mcpPosition":[4.31527,265.313,2.00089],"pipPosition":[-20.151,231.723,-14.413],"stabilizedTipPosition":[-28.9994,234.779,-3.53464],"timeVisible":239.275,"tipPosition":[-27.0258,226.1,24.4582],"tipVelocity":[2.88787,164.42,-160.232],"tool":false,"touchDistance":0.333333,"touchZone":"none","type":3,"width":18.077},{"bases":[[[0.672699,-0.725619,0.144753],[0.709944,0.688094,0.150018],[-0.20846,0.00184956,0.978029]],[[0.685958,-0.72387,0.0739833],[0.361088,0.250366,-0.898294],[0.631726,0.642907,0.433121]],[[0.685958,-0.72387,0.0739833],[-0.600304,-0.620443,-0.504664],[0.411213,0.301766,-0.86014]],[[0.685958,-0.72387,0.0739833],[-0.724137,-0.669151,0.166923],[-0.0713247,-0.168076,-0.98319]]],"btipPosition":[-9.19563,226.138,26.2285],"carpPosition":[7.86752,251.983,64.4842],"dipPosition":[-10.425,223.241,9.28149],"direction":[-0.411213,-0.301766,0.86014],"extended":false,"handId":506,"id":5064,"length":50.5107,"mcpPosition":[19.9551,251.875,7.77299],"pipPosition":[-2.3822,229.143,-7.54182],"stabilizedTipPosition":[-11.401,234.292,-6.33399],"timeVisible":239.275,"tipPosition":[-9.49683,225.565,22.5538],"tipVelocity":[3.52282,166.434,-153.942],"tool":false,"touchDistance":0.333333,"touchZone":"none","type":4,"width":16.0574}],"r":[[0.53003,0.21478,0.820328],[0.602196,-0.776425,-0.185805],[0.597016,0.592481,-0.540868]],"s":1.36193,"t":[-0.669154,2.25481,15.6831],"timestamp":98053747995},false],[4,{"currentFrameRate":110.395,"devices":[],"gestures":[],"hands":[{"armBasis":[[0.890936,-0.23182,-0.390503],[0.398542,0.811363,0.427615],[0.21771,-0.536609,0.815263]],"armWidth":63.72,"confidence":0.700809,"direction":[0.0177852,0.189156,-0.981786],"elbow":[51.9763,112.579,292.151],"grabStrength":0,"id":506,"palmNormal":[-0.417426,-0.890866,-0.179201],"palmPosition":[-14.5738,266.978,18.7206],"palmVelocity":[12.0445,170.877,-175.721],"palmWidth":90.99,"pinchStrength":0.700686,"r":[[0.528718,0.218366,0.820228],[0.602116,-0.777597,-0.181107],[0.598259,0.589627,-0.542611]],"s":1.36188,"sphereCenter":[-50.4347,266.409,-7.49349],"sphereRadius":54.7526,"stabilizedPalmPosition":[-14.0215,266.654,12.527],"t":[-0.463979,3.80857,14.0867],"timeVisible":239.284,"type":"right","wrist":[-6.8054,257.463,72.0301]}],"id":1823827,"interactionBox":{"center":[0,200,0],"size":[235.247,235.247,147.751]},"pointables":[{"bases":[[[0.742421,0.667531,-0.0566933],[-0.551447,0.656975,0.514092],[0.380418,-0.350409,0.85586]],[[0.692012,0.704407,-0.15789],[-0.721668,0.680423,-0.127358],[0.0177195,0.202078,0.979209]],[[0.692012,0.704407,-0.15789],[-0.676594,0.556639,-0.482052],[-0.251673,0.440413,0.861799]],[[0.692012,0.704407,-0.15789],[-0.49307,0.301472,-0.816086],[-0.527258,0.642592,0.555945]]],"btipPosition":[-17.2389,218.826,-16.0208],"carpPosition":[-37.2751,258.969,75.2536],"dipPosition":[-29.5787,233.865,-3.00973],"direction":[0.251673,-0.440413,-0.861799],"extended":false,"handId":506,"id":5060,"length":52.1164,"mcpPosition":[-37.2751,258.969,75.2536],"pipPosition":[-38.1596,248.882,26.3738],"stabilizedTipPosition":[-18.6246,221.403,-19.2589],"timeVisible":239.284,"tipPosition":[-19.457,221.903,-12.3686],"tipVelocity":[2.32169,160.881,-164.384],"tool":false,"touchDistance":-0.102591,"touchZone":"hovering","type":0,"width":20.25},{"bases":[[[0.898625,-0.375387,-0.227062],[0.39278,0.918958,0.0352191],[0.19544,-0.120834,0.973243]],[[0.918615,-0.390256,-0.0620278],[0.363235,0.772138,0.521404],[-0.155587,-0.5015,0.851052]],[[0.918615,-0.390256,-0.0620278],[0.381464,0.834834,0.396909],[-0.103113,-0.388268,0.91576]],[[0.918615,-0.390256,-0.0620278],[0.391689,0.878523,0.273453],[-0.0522238,-0.275493,0.959883]]],"btipPosition":[-25.9045,319.608,-78.9559],"carpPosition":[-21.595,275.081,67.743],"dipPosition":[-26.7968,314.901,-62.5557],"direction":[0.103113,0.388268,-0.91576],"extended":true,"handId":506,"id":5061,"length":58.8075,"mcpPosition":[-35.9735,283.971,-3.85816],"pipPosition":[-29.2891,305.517,-40.4214],"stabilizedTipPosition":[-27.4686,305.806,-52.6214],"timeVisible":239.284,"tipPosition":[-25.7813,318.54,-75.1355],"tipVelocity":[33.8493,118.064,-209.07],"tool":false,"touchDistance":-0.145323,"touchZone":"hovering","type":1,"width":19.3428},{"bases":[[[0.836553,-0.539384,-0.0961407],[0.543244,0.839388,0.0176833],[0.0711613,-0.067021,0.995211]],[[0.835581,-0.538488,-0.108791],[0.0803794,0.315733,-0.945437],[0.543456,0.781245,0.307104]],[[0.835581,-0.538488,-0.108791],[-0.534974,-0.752541,-0.384038],[0.12493,0.379095,-0.916886]],[[0.835581,-0.538488,-0.108791],[-0.490295,-0.820295,0.294494],[-0.247822,-0.192734,-0.949441]]],"btipPosition":[-40.1506,232.006,24.1422],"carpPosition":[-10.0955,272.144,64.4638],"dipPosition":[-44.8077,228.384,6.30034],"direction":[-0.12493,-0.379095,0.916886],"extended":false,"handId":506,"id":5062,"length":67.0064,"mcpPosition":[-15.0603,276.82,-4.97007],"pipPosition":[-41.2551,239.164,-19.7726],"stabilizedTipPosition":[-43.1855,239.217,-6.91788],"timeVisible":239.284,"tipPosition":[-41.1935,231.239,20.0957],"tipVelocity":[9.73893,170.289,-163.857],"tool":false,"touchDistance":0.333333,"touchZone":"none","type":2,"width":18.9972},{"bases":[[[0.794559,-0.605099,0.050303],[0.603616,0.796143,0.0424855],[-0.0657563,-0.00339357,0.99783]],[[0.793772,-0.605099,0.0614935],[0.261173,0.247797,-0.932944],[0.549286,0.756605,0.35473]],[[0.793772,-0.605099,0.0614935],[-0.52618,-0.733899,-0.429566],[0.30506,0.30862,-0.900939]],[[0.793772,-0.605099,0.0614935],[-0.598175,-0.758371,0.258961],[-0.110062,-0.24234,-0.963928]]],"btipPosition":[-26.2554,228.747,27.1025],"carpPosition":[0.561885,266.361,62.4879],"dipPosition":[-28.3118,224.219,9.09249],"direction":[-0.30506,-0.30862,0.900939],"extended":false,"handId":506,"id":5063,"length":64.4285,"mcpPosition":[4.68086,266.574,-0.0161232],"pipPosition":[-19.861,232.769,-15.8653],"stabilizedTipPosition":[-28.9655,234.673,-3.13938],"timeVisible":239.284,"tipPosition":[-26.7628,227.829,23.1032],"tipVelocity":[9.96955,171.682,-157.836],"tool":false,"touchDistance":0.333333,"touchZone":"none","type":3,"width":18.077},{"bases":[[[0.670878,-0.724598,0.157737],[0.711654,0.688887,0.13778],[-0.208498,0.0198204,0.977822]],[[0.684132,-0.724148,0.0870307],[0.362144,0.233684,-0.902354],[0.6331,0.648847,0.422116]],[[0.684132,-0.724148,0.0870307],[-0.601553,-0.627694,-0.494098],[0.412429,0.285675,-0.865039]],[[0.684132,-0.724148,0.0870307],[-0.725863,-0.664321,0.178327],[-0.0713187,-0.185171,-0.980115]]],"btipPosition":[-8.93638,227.864,24.8837],"carpPosition":[8.19703,254.352,62.6954],"dipPosition":[-10.1657,224.673,7.98964],"direction":[-0.412429,-0.285675,0.865039],"extended":false,"handId":506,"id":5064,"length":50.5107,"mcpPosition":[20.2868,253.203,5.9962],"pipPosition":[-2.09908,230.26,-8.92949],"stabilizedTipPosition":[-11.3701,234.19,-5.94728],"timeVisible":239.284,"tipPosition":[-9.23452,227.228,21.2231],"tipVelocity":[10.4628,171.277,-152.27],"tool":false,"touchDistance":0.333333,"touchZone":"none","type":4,"width":16.0574}],"r":[[0.528718,0.218366,0.820228],[0.602116,-0.777597,-0.181107],[0.598259,0.589627,-0.542611]],"s":1.36188,"t":[-0.463979,3.80857,14.0867],"timestamp":98053757008},false],[5,{"currentFrameRate":110.37,"devices":[],"gestures":[],"hands":[{"armBasis":[[0.890289,-0.227699,-0.394385],[0.396824,0.812771,0.426538],[0.223422,-0.536243,0.813957]],"armWidth":63.72,"confidence":0.70401,"direction":[0.0200119,0.197333,-0.980132],"elbow":[53.6654,114.152,289.997],"grabStrength":0,"id":506,"palmNormal":[-0.41497,-0.890261,-0.187712],"palmPosition":[-14.3042,268.877,16.9786],"palmVelocity":[16.917,181.344,-180.051],"palmWidth":90.99,"pinchStrength":0.701633,"r":[[0.527127,0.220107,0.820787],[0.602485,-0.777957,-0.178308],[0.59929,0.588503,-0.542693]],"s":1.36178,"sphereCenter":[-50.1277,268.464,-9.34247],"sphereRadius":54.7733,"stabilizedPalmPosition":[-14.0265,266.694,12.6065],"t":[-0.226572,5.53512,12.4176],"timeVisible":239.293,"type":"right","wrist":[-6.6584,258.938,70.2283]}],"id":1823828,"interactionBox":{"center":[0,200,0],"size":[235.247,235.247,147.751]},"pointables":[{"bases":[[[0.741092,0.669603,-0.0491431],[-0.554282,0.651478,0.518023],[0.378885,-0.356663,0.853954]],[[0.690967,0.707153,-0.150001],[-0.722745,0.679907,-0.123963],[0.0143262,0.194067,0.980884]],[[0.690967,0.707153,-0.150001],[-0.676452,0.559339,-0.479116],[-0.254907,0.432522,0.864839]],[[0.690967,0.707153,-0.150001],[-0.491327,0.307203,-0.814999],[-0.530248,0.636837,0.55971]]],"btipPosition":[-16.7541,221.011,-18.1683],"carpPosition":[-37.1399,260.35,73.3815],"dipPosition":[-29.1638,235.915,-5.06906],"direction":[0.254907,-0.432522,-0.864839],"extended":false,"handId":506,"id":5060,"length":52.1164,"mcpPosition":[-37.1399,260.35,73.3815],"pipPosition":[-37.855,250.662,24.4182],"stabilizedTipPosition":[-18.6454,221.467,-19.1724],"timeVisible":239.293,"tipPosition":[-19.0046,224.058,-14.5071],"tipVelocity":[15.9528,181.862,-183.59],"tool":false,"touchDistance":-0.138044,"touchZone":"hovering","type":0,"width":20.25},{"bases":[[[0.900062,-0.371522,-0.227728],[0.39065,0.919492,0.0439018],[0.193084,-0.128476,0.972735]],[[0.919633,-0.387706,-0.0629161],[0.360187,0.768552,0.528766],[-0.156652,-0.508933,0.846432]],[[0.919633,-0.387706,-0.0629161],[0.37855,0.832152,0.405244],[-0.10476,-0.396492,0.912041]],[[0.919633,-0.387706,-0.0629161],[0.388993,0.876828,0.282591],[-0.0543958,-0.284354,0.957175]]],"btipPosition":[-25.4889,322.317,-80.2795],"carpPosition":[-21.4754,276.558,66.0473],"dipPosition":[-26.4182,317.458,-63.9256],"direction":[0.10476,0.396492,-0.912041],"extended":true,"handId":506,"id":5061,"length":58.8075,"mcpPosition":[-35.6805,286.01,-5.51641],"pipPosition":[-28.9503,307.875,-41.8812],"stabilizedTipPosition":[-27.444,306.02,-52.9548],"timeVisible":239.293,"tipPosition":[-25.381,321.204,-76.4729],"tipVelocity":[36.8627,166.763,-191.737],"tool":false,"touchDistance":-0.167561,"touchZone":"hovering","type":1,"width":19.3428},{"bases":[[[0.838001,-0.536735,-0.0983396],[0.541336,0.8404,0.0261152],[0.0686277,-0.0751193,0.99481]],[[0.837054,-0.53573,-0.111058],[0.0824343,0.324162,-0.942403],[0.540874,0.779688,0.315503]],[[0.837054,-0.53573,-0.111058],[-0.532214,-0.750239,-0.392288],[0.126841,0.387473,-0.913113]],[[0.837054,-0.53573,-0.111058],[-0.489376,-0.823889,0.285865],[-0.244646,-0.184936,-0.951813]]],"btipPosition":[-39.8285,233.79,22.0139],"carpPosition":[-9.96061,273.674,62.7751],"dipPosition":[-44.4259,230.315,4.12744],"direction":[-0.126841,-0.387473,0.913113],"extended":false,"handId":506,"id":5062,"length":67.0064,"mcpPosition":[-14.7486,278.915,-6.63084],"pipPosition":[-40.819,241.333,-21.8382],"stabilizedTipPosition":[-43.1499,239.12,-6.53387],"timeVisible":239.293,"tipPosition":[-40.8549,233.061,17.9668],"tipVelocity":[17.2666,178.455,-183.557],"tool":false,"touchDistance":0.333333,"touchZone":"none","type":2,"width":18.9972},{"bases":[[[0.795757,-0.603755,0.0474398],[0.601736,0.797083,0.0507216],[-0.0684369,-0.0118158,0.997585]],[[0.794964,-0.603848,0.0583118],[0.263967,0.257758,-0.929453],[0.546217,0.754274,0.364305]],[[0.794964,-0.603848,0.0583118],[-0.522767,-0.730633,-0.439192],[0.30781,0.318659,-0.896499]],[[0.794964,-0.603848,0.0583118],[-0.597308,-0.762281,0.2493],[-0.106089,-0.233015,-0.966669]]],"btipPosition":[-25.9478,230.496,24.9106],"carpPosition":[0.71487,267.93,60.7803],"dipPosition":[-27.93,226.142,6.84935],"direction":[-0.30781,-0.318659,0.896499],"extended":false,"handId":506,"id":5063,"length":64.4285,"mcpPosition":[5.00176,268.671,-1.70847],"pipPosition":[-19.403,234.97,-17.9855],"stabilizedTipPosition":[-28.9206,234.583,-2.72101],"timeVisible":239.293,"tipPosition":[-26.429,229.63,20.932],"tipVelocity":[17.0938,178.562,-181.189],"tool":false,"touchDistance":0.333333,"touchZone":"none","type":3,"width":18.077},{"bases":[[[0.672052,-0.72441,0.153543],[0.709754,0.689277,0.145417],[-0.211175,0.0112507,0.977383]],[[0.685494,-0.723345,0.0828825],[0.364564,0.242471,-0.899056],[0.630231,0.646514,0.429918]],[[0.685494,-0.723345,0.0828825],[-0.598431,-0.624608,-0.501743],[0.414702,0.294342,-0.861037]],[[0.685494,-0.723345,0.0828825],[-0.72492,-0.667493,0.170132],[-0.0677404,-0.176708,-0.98193]]],"btipPosition":[-8.60688,229.713,22.7997],"carpPosition":[8.37598,255.937,60.9089],"dipPosition":[-9.77451,226.667,5.87439],"direction":[-0.414702,-0.294342,0.861037],"extended":false,"handId":506,"id":5064,"length":50.5107,"mcpPosition":[20.621,255.284,4.2351],"pipPosition":[-1.66343,232.424,-10.9665],"stabilizedTipPosition":[-11.3273,234.102,-5.52077],"timeVisible":239.293,"tipPosition":[-8.88799,229.11,19.1394],"tipVelocity":[18.0291,181.117,-173.738],"tool":false,"touchDistance":0.333333,"touchZone":"none","type":4,"width":16.0574}],"r":[[0.527127,0.220107,0.820787],[0.602485,-0.777957,-0.178308],[0.59929,0.588503,-0.542693]],"s":1.36178,"t":[-0.226572,5.53512,12.4176],"timestamp":98053766112},false],[6,{"currentFrameRate":110.37,"devices":[],"gestures":[],"hands":[{"armBasis":[[0.892668,-0.226965,-0.389399],[0.393049,0.81483,0.426104],[0.220583,-0.533422,0.816581]],"armWidth":63.72,"confidence":0.708823,"direction":[0.0242493,0.207162,-0.978006],"elbow":[52.9344,115.731,289.411],"grabStrength":0,"id":506,"palmNormal":[-0.410671,-0.889875,-0.198677],"palmPosition":[-14.0355,270.196,15.7477],"palmVelocity":[20.4335,171.47,-167.844],"palmWidth":90.99,"pinchStrength":0.703524,"r":[[0.524849,0.220256,0.822205],[0.603536,-0.777442,-0.176998],[0.600231,0.589128,-0.540972]],"s":1.36162,"sphereCenter":[-49.7737,269.948,-10.7684],"sphereRadius":54.8074,"stabilizedPalmPosition":[-14.0267,266.765,12.6705],"t":[0.0264643,7.05799,10.9675],"timeVisible":239.302,"type":"right","wrist":[-6.62305,259.755,68.9343]}],"id":1823829,"interactionBox":{"center":[0,200,0],"size":[235.247,235.247,147.751]},"pointables":[{"bases":[[[0.738816,0.672795,-0.0386898],[-0.559344,0.64423,0.521634],[0.375878,-0.363751,0.852292]],[[0.68917,0.711098,-0.139231],[-0.724553,0.678473,-0.121233],[0.00825577,0.18443,0.982811]],[[0.68917,0.711098,-0.139231],[-0.676022,0.561816,-0.47682],[-0.260844,0.422733,0.867904]],[[0.68917,0.711098,-0.139231],[-0.488085,0.313552,-0.814529],[-0.535554,0.629305,0.563167]]],"btipPosition":[-16.1098,222.675,-19.8859],"carpPosition":[-37.1253,261.023,71.9455],"dipPosition":[-28.6437,237.403,-6.70581],"direction":[0.260844,-0.422733,-0.867904],"extended":false,"handId":506,"id":5060,"length":52.1164,"mcpPosition":[-37.1253,261.023,71.9455],"pipPosition":[-37.5374,251.817,22.8859],"stabilizedTipPosition":[-18.6536,221.575,-19.1178],"timeVisible":239.302,"tipPosition":[-18.4087,225.684,-16.2185],"tipVelocity":[30.3129,181.128,-184.673],"tool":false,"touchDistance":-0.166361,"touchZone":"hovering","type":0,"width":20.25},{"bases":[[[0.902593,-0.365903,-0.226804],[0.386972,0.920447,0.0550419],[0.188621,-0.137447,0.972384]],[[0.92138,-0.383639,-0.0622948],[0.354696,0.764454,0.538332],[-0.158904,-0.518104,0.840427]],[[0.92138,-0.383639,-0.0622948],[0.373289,0.828857,0.416714],[-0.108234,-0.407206,0.906901]],[[0.92138,-0.383639,-0.0622948],[0.384162,0.87461,0.295766],[-0.0589837,-0.296444,0.953227]]],"btipPosition":[-24.9106,324.64,-80.9982],"carpPosition":[-21.4846,277.362,64.853],"dipPosition":[-25.9184,319.575,-64.7118],"direction":[0.108234,0.407206,-0.906901],"extended":true,"handId":506,"id":5061,"length":58.8075,"mcpPosition":[-35.3614,287.473,-6.68487],"pipPosition":[-28.5345,309.732,-42.7916],"stabilizedTipPosition":[-27.4024,306.336,-53.3935],"timeVisible":239.302,"tipPosition":[-24.8385,323.453,-77.2177],"tipVelocity":[43.7562,190.057,-161.166],"tool":false,"touchDistance":-0.180816,"touchZone":"hovering","type":1,"width":19.3428},{"bases":[[[0.840496,-0.532625,-0.0993845],[0.538042,0.842095,0.0372406],[0.0638558,-0.0847736,0.994352]],[[0.839605,-0.531491,-0.112163],[0.0861894,0.334221,-0.938546],[0.536316,0.77834,0.326422]],[[0.839605,-0.531491,-0.112163],[-0.527344,-0.748013,-0.402969],[0.130275,0.397483,-0.908315]],[[0.839605,-0.531491,-0.112163],[-0.487823,-0.828593,0.274705],[-0.238941,-0.175927,-0.954964]]],"btipPosition":[-39.4627,234.954,20.2785],"carpPosition":[-9.94259,274.552,61.6112],"dipPosition":[-43.9529,231.648,2.3328],"direction":[-0.130275,-0.397483,0.908315],"extended":false,"handId":506,"id":5062,"length":67.0064,"mcpPosition":[-14.3977,280.467,-7.76271],"pipPosition":[-40.2483,242.951,-23.4964],"stabilizedTipPosition":[-43.105,239.037,-6.14977],"timeVisible":239.302,"tipPosition":[-40.4625,234.265,16.2268],"tipVelocity":[24.3983,165.812,-186.173],"tool":false,"touchDistance":0.333333,"touchZone":"none","type":2,"width":18.9972},{"bases":[[[0.797764,-0.60125,0.0455032],[0.598478,0.798758,0.0617237],[-0.0734574,-0.0220082,0.997055]],[[0.796945,-0.601449,0.0560175],[0.26925,0.270685,-0.924248],[0.540725,0.751657,0.377662]],[[0.796945,-0.601449,0.0560175],[-0.516685,-0.726781,-0.452576],[0.312914,0.331735,-0.889964]],[[0.796945,-0.601449,0.0560175],[-0.595907,-0.767632,0.235873],[-0.0988645,-0.221359,-0.970168]]],"btipPosition":[-25.6148,231.61,23.0651],"carpPosition":[0.764341,268.869,59.6141],"dipPosition":[-27.462,227.474,4.93853],"direction":[-0.312914,-0.331735,0.889964],"extended":false,"handId":506,"id":5063,"length":64.4285,"mcpPosition":[5.36571,270.247,-2.8415],"pipPosition":[-18.7936,236.664,-19.7153],"stabilizedTipPosition":[-28.8667,234.509,-2.31622],"timeVisible":239.302,"tipPosition":[-26.0514,230.813,19.1264],"tipVelocity":[23.4677,164.72,-187.855],"tool":false,"touchDistance":0.333333,"touchZone":"none","type":3,"width":18.077},{"bases":[[[0.673975,-0.723414,0.149767],[0.706418,0.690414,0.155893],[-0.216177,0.000730352,0.976354]],[[0.687784,-0.721591,0.0791182],[0.369233,0.253915,-0.893977],[0.624996,0.644076,0.441074]],[[0.687784,-0.721591,0.0791182],[-0.592727,-0.621168,-0.512665],[0.41908,0.305707,-0.854936]],[[0.687784,-0.721591,0.0791182],[-0.723339,-0.672085,0.158377],[-0.0611092,-0.166158,-0.984204]]],"btipPosition":[-8.23808,230.971,21.1385],"carpPosition":[8.46961,256.903,59.6626],"dipPosition":[-9.29141,228.107,4.17397],"direction":[-0.41908,-0.305707,0.854936],"extended":false,"handId":506,"id":5064,"length":50.5107,"mcpPosition":[21.0047,256.861,3.04848],"pipPosition":[-1.0947,234.087,-12.5475],"stabilizedTipPosition":[-11.2725,234.029,-5.08281],"timeVisible":239.302,"tipPosition":[-8.48847,230.413,17.4878],"tipVelocity":[25.0916,170.721,-176.664],"tool":false,"touchDistance":0.333333,"touchZone":"none","type":4,"width":16.0574}],"r":[[0.524849,0.2